kod_nadzsj_d,Obyvatelstvo - pracovní síla - celkem,Obyvatelstvo - pracovní síla - muži,Obyvatelstvo - pracovní síla - ženy,Obyvatelstvo - ekon. aktivita: zaměstnaní - celkem,Obyvatelstvo - ekon. aktivita: zaměstnaní - muži,Obyvatelstvo - ekon. aktivita: zaměstnaní - ženy,Obyvatelstvo - ekon. aktivita: pracující žáci a studenti - celkem,Obyvatelstvo - ekon. aktivita: pracující žáci a studenti - muži,Obyvatelstvo - ekon. aktivita: pracující žáci a studenti - ženy,Obyvatelstvo - ekon. aktivita: pracující důchodci - celkem,Obyvatelstvo - ekon. aktivita: pracující důchodci - muži,Obyvatelstvo - ekon. aktivita: pracující důchodci - ženy,Obyvatelstvo - ekon. aktivita: osoby na mateřské dovolené - celkem,Obyvatelstvo - ekon. aktivita: osoby na mateřské dovolené - muži,Obyvatelstvo - ekon. aktivita: osoby na mateřské dovolené - ženy,Obyvatelstvo - ekon. aktivita: nezaměstnaní - celkem,Obyvatelstvo - ekon. aktivita: nezaměstnaní - muži,Obyvatelstvo - ekon. aktivita: nezaměstnaní - ženy,Obyvatelstvo - mimo pracovní sílu - celkem,Obyvatelstvo - mimo pracovní sílu - muži,Obyvatelstvo - mimo pracovní sílu - ženy,Obyvatelstvo - ekon. aktivita: nepracující důchodci - celkem,Obyvatelstvo - ekon. aktivita: nepracující důchodci - muži,Obyvatelstvo - ekon. aktivita: nepracující důchodci - ženy,Obyvatelstvo - ekon. aktivita: ostatní s vlastním zdrojem obživy - celkem,Obyvatelstvo - ekon. aktivita: ostatní s vlastním zdrojem obživy - muži,Obyvatelstvo - ekon. aktivita: ostatní s vlastním zdrojem obživy - ženy,Obyvatelstvo - ekon. aktivita: osoby na rodičovské dovolené - celkem,Obyvatelstvo - ekon. aktivita: osoby na rodičovské dovolené - muži,Obyvatelstvo - ekon. aktivita: osoby na rodičovské dovolené - ženy,"Obyvatelstvo - ekon. aktivita: osoby v domácnosti, děti předškolního věku, ostatní závislé osoby - celkem","Obyvatelstvo - ekon. aktivita: osoby v domácnosti, děti předškolního věku, ostatní závislé osoby - muži","Obyvatelstvo - ekon. aktivita: osoby v domácnosti, děti předškolního věku, ostatní závislé osoby - ženy","Obyvatelstvo - ekon. aktivita: žáci, studenti - celkem","Obyvatelstvo - ekon. aktivita: žáci, studenti - muži","Obyvatelstvo - ekon. aktivita: žáci, studenti - ženy",Obyvatelstvo - ekon. aktivita: nezjištěno - celkem,Obyvatelstvo - ekon. aktivita: nezjištěno - muži,Obyvatelstvo - ekon. aktivita: nezjištěno - ženy
1270600,0,0,0,0,0,0,0,0,0,0,0,0,0,0,0,0,0,0,0,0,0,0,0,0,0,0,0,0,0,0,0,0,0,0,0,0,0,0,0
1271590,0,0,0,0,0,0,0,0,0,0,0,0,0,0,0,0,0,0,0,0,0,0,0,0,0,0,0,0,0,0,0,0,0,0,0,0,0,0,0
3182130,0,0,0,0,0,0,0,0,0,0,0,0,0,0,0,0,0,0,0,0,0,0,0,0,0,0,0,0,0,0,0,0,0,0,0,0,0,0,0
3182640,0,0,0,0,0,0,0,0,0,0,0,0,0,0,0,0,0,0,0,0,0,0,0,0,0,0,0,0,0,0,0,0,0,0,0,0,0,0,0
50005401,550,310,240,528,303,225,46,23,23,64,38,26,2,0,2,22,7,15,394,170,224,162,49,113,8,6,2,16,0,16,76,45,31,132,70,62,33,20,13
50005402,1133,633,500,1093,609,484,70,38,32,130,67,63,7,0,7,40,24,16,676,287,389,278,111,167,21,10,11,15,1,14,136,64,72,226,101,125,86,53,33
50005403,1047,594,453,993,562,431,71,36,35,114,62,52,2,0,2,54,32,22,572,248,324,272,98,174,13,11,2,17,0,17,98,53,45,172,86,86,72,43,29
50005404,1760,973,787,1684,930,754,127,54,73,194,100,94,9,0,9,76,43,33,829,369,460,317,120,197,13,11,2,23,1,22,168,85,83,308,152,156,97,66,31
50005405,1489,771,718,1438,752,686,146,65,81,132,62,70,7,0,7,51,19,32,787,346,441,276,103,173,19,10,9,28,0,28,166,79,87,298,154,144,67,29,38
50005407,1979,1058,921,1892,1015,877,156,65,91,207,102,105,12,1,11,87,43,44,1108,487,621,409,162,247,17,11,6,38,1,37,216,107,109,428,206,222,91,53,38
50005408,2748,1602,1146,2587,1501,1086,247,126,121,237,121,116,11,1,10,161,101,60,1398,637,761,526,222,304,31,14,17,41,1,40,282,138,144,518,262,256,219,138,81
50005409,1053,585,468,991,547,444,98,50,48,108,47,61,4,0,4,62,38,24,547,247,300,184,80,104,12,9,3,10,0,10,116,52,64,225,106,119,55,28,27
50005411,859,419,440,827,407,420,69,33,36,104,52,52,3,0,3,32,12,20,472,198,274,197,70,127,9,4,5,16,0,16,102,48,54,148,76,72,46,21,25
50005412,1292,708,584,1240,684,556,108,53,55,179,93,86,6,0,6,52,24,28,764,322,442,307,119,188,16,11,5,27,0,27,148,60,88,266,132,134,45,28,17
50005413,19,12,7,19,12,7,1,1,0,5,3,2,0,0,0,0,0,0,9,4,5,3,0,3,1,1,0,1,0,1,1,0,1,3,3,0,0,0,0
50005414,60,43,17,59,42,17,5,2,3,12,9,3,0,0,0,1,1,0,29,8,21,13,4,9,1,0,1,0,0,0,5,2,3,10,2,8,1,0,1
50005416,363,206,157,353,203,150,32,18,14,61,31,30,3,0,3,10,3,7,216,107,109,87,43,44,4,1,3,5,0,5,35,16,19,85,47,38,2,1,1
1318060,0,0,0,0,0,0,0,0,0,0,0,0,0,0,0,0,0,0,0,0,0,0,0,0,0,0,0,0,0,0,0,0,0,0,0,0,0,0,0
1318570,0,0,0,0,0,0,0,0,0,0,0,0,0,0,0,0,0,0,0,0,0,0,0,0,0,0,0,0,0,0,0,0,0,0,0,0,0,0,0
1324620,0,0,0,0,0,0,0,0,0,0,0,0,0,0,0,0,0,0,0,0,0,0,0,0,0,0,0,0,0,0,0,0,0,0,0,0,0,0,0
1324710,0,0,0,0,0,0,0,0,0,0,0,0,0,0,0,0,0,0,0,0,0,0,0,0,0,0,0,0,0,0,0,0,0,0,0,0,0,0,0
3174620,0,0,0,0,0,0,0,0,0,0,0,0,0,0,0,0,0,0,0,0,0,0,0,0,0,0,0,0,0,0,0,0,0,0,0,0,0,0,0
3183960,0,0,0,0,0,0,0,0,0,0,0,0,0,0,0,0,0,0,0,0,0,0,0,0,0,0,0,0,0,0,0,0,0,0,0,0,0,0,0
50022401,0,0,0,0,0,0,0,0,0,0,0,0,0,0,0,0,0,0,42,6,36,41,6,35,0,0,0,0,0,0,1,0,1,0,0,0,0,0,0
50022402,1328,702,626,1281,675,606,98,44,54,88,46,42,9,1,8,47,27,20,688,284,404,209,70,139,17,9,8,34,2,32,187,82,105,241,121,120,42,22,20
50022404,590,312,278,566,303,263,40,18,22,104,49,55,1,0,1,24,9,15,491,220,271,186,80,106,9,3,6,22,0,22,114,55,59,160,82,78,13,6,7
50022405,354,174,180,337,166,171,39,18,21,11,2,9,2,0,2,17,8,9,173,84,89,46,20,26,2,1,1,10,0,10,53,30,23,62,33,29,14,7,7
50022406,532,279,253,518,274,244,51,27,24,59,24,35,3,0,3,14,5,9,378,145,233,202,64,138,2,2,0,18,1,17,67,33,34,89,45,44,8,3,5
50022407,197,114,83,192,112,80,19,13,6,3,0,3,2,0,2,5,2,3,125,59,66,11,5,6,0,0,0,6,0,6,47,19,28,61,35,26,11,4,7
50022408,3726,1967,1759,3545,1880,1665,287,123,164,262,126,136,15,0,15,181,87,94,1895,753,1142,842,305,537,12,5,7,94,1,93,409,187,222,538,255,283,113,56,57
50022409,65,40,25,63,38,25,7,5,2,8,4,4,0,0,0,2,2,0,32,16,16,12,5,7,0,0,0,1,0,1,5,2,3,14,9,5,0,0,0
50022410,196,103,93,189,101,88,11,3,8,28,14,14,0,0,0,7,2,5,119,48,71,57,21,36,1,1,0,3,0,3,17,8,9,41,18,23,1,1,0
50022411,2756,1385,1371,2644,1341,1303,202,96,106,284,127,157,15,0,15,112,44,68,1603,622,981,667,226,441,7,3,4,79,1,78,349,141,208,501,251,250,70,33,37
50022413,3132,1563,1569,3000,1494,1506,268,116,152,353,148,205,28,0,28,132,69,63,2151,923,1228,998,375,623,10,6,4,96,0,96,455,225,230,592,317,275,45,20,25
50022414,1676,1016,660,1487,891,596,69,25,44,159,72,87,7,0,7,189,125,64,1043,468,575,514,208,306,5,5,0,49,1,48,245,134,111,230,120,110,367,281,86
50022415,2412,1228,1184,2319,1181,1138,234,93,141,197,93,104,18,1,17,93,47,46,1344,544,800,644,220,424,12,7,5,65,0,65,279,148,131,344,169,175,72,36,36
50022416,3127,1644,1483,2954,1562,1392,225,105,120,289,135,154,20,0,20,173,82,91,1620,630,990,692,235,457,14,5,9,86,1,85,342,173,169,486,216,270,82,43,39
50022417,1322,667,655,1269,642,627,85,43,42,154,69,85,6,0,6,53,25,28,920,369,551,446,161,285,8,4,4,47,0,47,170,86,84,249,118,131,23,14,9
50022418,1985,1033,952,1889,994,895,175,66,109,85,34,51,15,0,15,96,39,57,776,350,426,208,71,137,13,9,4,36,1,35,210,104,106,309,165,144,67,40,27
50022419,2464,1252,1212,2374,1210,1164,231,108,123,172,85,87,22,0,22,90,42,48,1197,471,726,419,131,288,17,9,8,64,0,64,277,134,143,420,197,223,75,42,33
50022421,26,22,4,26,22,4,0,0,0,6,5,1,0,0,0,0,0,0,1,0,1,1,0,1,0,0,0,0,0,0,0,0,0,0,0,0,0,0,0
50022422,1429,745,684,1383,724,659,70,38,32,183,79,104,13,0,13,46,21,25,1352,560,792,740,268,472,9,7,2,50,0,50,188,108,80,365,177,188,17,9,8
50022424,89,52,37,51,28,23,2,1,1,9,6,3,0,0,0,38,24,14,65,33,32,34,18,16,0,0,0,3,0,3,12,5,7,16,10,6,2,2,0
50022425,133,70,63,124,65,59,7,4,3,17,8,9,0,0,0,9,5,4,115,54,61,60,27,33,0,0,0,4,0,4,21,12,9,30,15,15,2,1,1
50022426,781,412,369,749,398,351,51,23,28,57,29,28,6,0,6,32,14,18,409,168,241,122,44,78,2,1,1,28,0,28,128,60,68,129,63,66,29,13,16
50022427,2708,1415,1293,2604,1365,1239,199,86,113,309,160,149,17,1,16,104,50,54,1746,733,1013,771,263,508,8,3,5,96,1,95,358,204,154,513,262,251,43,22,21
50022428,1686,895,791,1615,857,758,128,57,71,174,87,87,15,0,15,71,38,33,1224,490,734,563,196,367,4,1,3,55,0,55,240,117,123,362,176,186,35,22,13
50022429,801,392,409,770,384,386,46,18,28,93,38,55,7,0,7,31,8,23,628,249,379,341,125,216,1,0,1,33,0,33,105,50,55,148,74,74,7,2,5
50022430,2035,1060,975,1957,1018,939,104,47,57,267,120,147,18,0,18,78,42,36,1848,772,1076,859,307,552,10,7,3,65,0,65,315,154,161,599,304,295,25,12,13
50022431,587,285,302,566,276,290,35,12,23,83,35,48,5,0,5,21,9,12,479,195,284,244,90,154,2,1,1,23,0,23,83,48,35,127,56,71,11,3,8
50022432,2555,1296,1259,2451,1247,1204,198,100,98,229,89,140,10,0,10,104,49,55,1452,600,852,648,232,416,12,7,5,74,0,74,293,137,156,425,224,201,65,31,34
50022433,1359,694,665,1285,664,621,109,55,54,132,57,75,11,0,11,74,30,44,912,393,519,445,165,280,5,4,1,36,1,35,166,84,82,260,139,121,32,20,12
50022434,2865,1466,1399,2757,1416,1341,173,80,93,313,147,166,25,0,25,108,50,58,1661,688,973,740,253,487,8,4,4,74,0,74,352,168,184,487,263,224,68,38,30
50022436,646,339,307,617,331,286,37,19,18,64,31,33,5,0,5,29,8,21,543,231,312,251,95,156,2,0,2,24,0,24,105,50,55,161,86,75,5,3,2
50022437,2153,1137,1016,2056,1090,966,133,69,64,262,119,143,14,0,14,97,47,50,1838,730,1108,1013,370,643,6,4,2,77,0,77,285,122,163,457,234,223,30,15,15
50022438,1119,610,509,1068,588,480,76,40,36,147,81,66,8,0,8,51,22,29,987,385,602,443,141,302,4,4,0,53,1,52,208,101,107,279,138,141,12,6,6
50022439,118,98,20,102,86,16,0,0,0,13,8,5,0,0,0,16,12,4,45,28,17,29,18,11,1,1,0,0,0,0,9,6,3,6,3,3,2,2,0
50022440,4303,2212,2091,4117,2119,1998,269,125,144,469,198,271,36,0,36,186,93,93,3160,1161,1999,1654,506,1148,22,11,11,164,1,163,599,285,314,721,358,363,56,26,30
50022441,343,154,189,324,150,174,22,7,15,29,14,15,2,0,2,19,4,15,233,107,126,85,30,55,1,0,1,9,0,9,39,23,16,99,54,45,4,2,2
50022442,1392,730,662,1336,703,633,67,34,33,134,56,78,11,0,11,56,27,29,1432,528,904,718,215,503,11,7,4,64,0,64,266,120,146,373,186,187,25,10,15
50022443,69,53,16,57,46,11,0,0,0,14,12,2,0,0,0,12,7,5,46,22,24,29,14,15,2,2,0,1,0,1,6,2,4,8,4,4,2,2,0
50022444,1347,711,636,1294,693,601,67,25,42,73,27,46,12,1,11,53,18,35,649,256,393,131,42,89,7,3,4,47,0,47,175,79,96,289,132,157,45,26,19
50022445,2490,1316,1174,2362,1246,1116,150,77,73,262,116,146,21,0,21,128,70,58,1872,725,1147,1027,353,674,0,0,0,74,0,74,319,149,170,452,223,229,62,30,32
50022446,44,25,19,43,24,19,3,1,2,1,0,1,1,0,1,1,1,0,29,17,12,11,8,3,0,0,0,2,0,2,3,1,2,13,8,5,1,1,0
50022447,2524,1338,1186,2426,1282,1144,131,59,72,341,167,174,18,0,18,98,56,42,1931,805,1126,991,366,625,15,10,5,80,0,80,312,150,162,533,279,254,37,15,22
50022448,3309,1763,1546,3177,1702,1475,200,88,112,323,157,166,29,0,29,132,61,71,2095,910,1185,863,346,517,13,9,4,102,1,101,451,202,249,666,352,314,83,44,39
50022449,62,31,31,57,29,28,5,3,2,8,5,3,0,0,0,5,2,3,59,20,39,29,10,19,0,0,0,3,0,3,9,1,8,18,9,9,0,0,0
50022450,1334,652,682,1289,635,654,70,28,42,199,71,128,10,0,10,45,17,28,1048,419,629,538,186,352,5,5,0,51,1,50,205,101,104,249,126,123,16,9,7
50022451,1843,969,874,1760,933,827,111,53,58,210,103,107,13,0,13,83,36,47,1401,563,838,731,254,477,3,1,2,68,0,68,248,122,126,351,186,165,30,16,14
50022452,392,200,192,371,194,177,20,9,11,24,14,10,11,0,11,21,6,15,174,79,95,43,18,25,1,1,0,13,0,13,48,25,23,69,35,34,49,31,18
50022453,1127,568,559,1079,556,523,67,30,37,131,63,68,15,0,15,48,12,36,744,314,430,325,121,204,7,3,4,23,0,23,170,89,81,219,101,118,17,7,10
50022454,33,21,12,25,15,10,0,0,0,3,3,0,0,0,0,8,6,2,20,7,13,7,3,4,0,0,0,1,0,1,6,2,4,6,2,4,1,0,1
50022455,124,70,54,104,56,48,9,5,4,13,5,8,2,0,2,20,14,6,78,34,44,50,24,26,0,0,0,4,0,4,11,2,9,13,8,5,0,0,0
1282440,0,0,0,0,0,0,0,0,0,0,0,0,0,0,0,0,0,0,0,0,0,0,0,0,0,0,0,0,0,0,0,0,0,0,0,0,0,0,0
3157700,0,0,0,0,0,0,0,0,0,0,0,0,0,0,0,0,0,0,0,0,0,0,0,0,0,0,0,0,0,0,0,0,0,0,0,0,0,0,0
54703402,1757,921,836,1700,894,806,89,42,47,144,69,75,10,0,10,57,27,30,1014,452,562,229,93,136,1,0,1,60,0,60,266,128,138,458,231,227,28,13,15
54703403,567,286,281,531,269,262,26,12,14,62,24,38,5,0,5,36,17,19,444,163,281,247,80,167,4,3,1,19,0,19,68,33,35,106,47,59,12,8,4
54703404,2841,1455,1386,2733,1393,1340,138,62,76,420,185,235,18,0,18,108,62,46,2379,1006,1373,1206,445,761,5,4,1,99,0,99,433,222,211,636,335,301,47,23,24
54703405,1012,552,460,974,534,440,53,28,25,136,78,58,10,0,10,38,18,20,855,380,475,410,166,244,5,1,4,28,0,28,135,75,60,277,138,139,6,2,4
54703407,4021,2045,1976,3829,1942,1887,211,93,118,574,263,311,29,1,28,192,103,89,3587,1446,2141,1886,672,1214,12,7,5,135,1,134,598,296,302,956,470,486,66,36,30
54703408,2583,1366,1217,2491,1321,1170,135,65,70,423,192,231,21,0,21,92,45,47,2273,918,1355,1274,457,817,3,2,1,88,2,86,341,163,178,567,294,273,37,16,21
54703409,3082,1629,1453,2958,1572,1386,139,69,70,553,255,298,29,0,29,124,57,67,2514,1085,1429,1285,512,773,16,7,9,110,1,109,478,234,244,625,331,294,55,25,30
54703410,3199,1648,1551,3078,1591,1487,154,68,86,493,230,263,30,0,30,121,57,64,2280,989,1291,1102,444,658,10,5,5,112,0,112,470,224,246,586,316,270,50,23,27
54703411,74,37,37,72,36,36,10,6,4,5,3,2,1,0,1,2,1,1,34,14,20,15,4,11,1,1,0,1,0,1,5,3,2,12,6,6,0,0,0
54703412,79,57,22,77,56,21,0,0,0,2,1,1,0,0,0,2,1,1,29,12,17,8,3,5,0,0,0,1,0,1,12,8,4,8,1,7,215,152,63
54703413,3423,1761,1662,3278,1690,1588,142,63,79,527,239,288,24,0,24,145,71,74,2494,1050,1444,1292,479,813,13,6,7,84,0,84,416,215,201,689,350,339,67,38,29
54703414,1800,964,836,1740,934,806,95,56,39,232,115,117,17,0,17,60,30,30,1118,451,667,440,160,280,11,4,7,51,1,50,235,101,134,381,185,196,61,38,23
54703415,2207,1120,1087,2115,1075,1040,96,45,51,365,167,198,6,0,6,92,45,47,1865,767,1098,1044,401,643,9,6,3,70,0,70,256,114,142,486,246,240,51,22,29
54703417,846,446,400,811,430,381,35,16,19,103,57,46,4,0,4,35,16,19,966,372,594,508,153,355,5,5,0,28,0,28,152,63,89,273,151,122,5,1,4
54703418,2856,1583,1273,2646,1447,1199,102,44,58,416,186,230,24,0,24,210,136,74,2248,972,1276,1229,490,739,12,9,3,82,0,82,394,228,166,531,245,286,232,165,67
54703419,1202,628,574,1159,619,540,50,23,27,43,23,20,23,0,23,43,9,34,820,368,452,81,29,52,5,3,2,67,2,65,302,149,153,365,185,180,20,11,9
54703420,2660,1396,1264,2549,1340,1209,114,54,60,442,210,232,15,0,15,111,56,55,2199,899,1300,1213,439,774,3,2,1,82,0,82,324,163,161,577,295,282,40,19,21
54703421,3368,1745,1623,3219,1670,1549,154,84,70,511,248,263,23,0,23,149,75,74,2837,1267,1570,1485,606,879,8,6,2,100,0,100,440,219,221,804,436,368,57,28,29
54703422,1681,870,811,1616,838,778,75,40,35,290,135,155,10,0,10,65,32,33,1808,692,1116,1104,373,731,7,4,3,56,0,56,243,115,128,398,200,198,31,14,17
1284490,0,0,0,0,0,0,0,0,0,0,0,0,0,0,0,0,0,0,0,0,0,0,0,0,0,0,0,0,0,0,0,0,0,0,0,0,0,0,0
1284570,0,0,0,0,0,0,0,0,0,0,0,0,0,0,0,0,0,0,0,0,0,0,0,0,0,0,0,0,0,0,0,0,0,0,0,0,0,0,0
1284730,0,0,0,0,0,0,0,0,0,0,0,0,0,0,0,0,0,0,0,0,0,0,0,0,0,0,0,0,0,0,0,0,0,0,0,0,0,0,0
1285380,0,0,0,0,0,0,0,0,0,0,0,0,0,0,0,0,0,0,0,0,0,0,0,0,0,0,0,0,0,0,0,0,0,0,0,0,0,0,0
1285540,0,0,0,0,0,0,0,0,0,0,0,0,0,0,0,0,0,0,0,0,0,0,0,0,0,0,0,0,0,0,0,0,0,0,0,0,0,0,0
1285970,0,0,0,0,0,0,0,0,0,0,0,0,0,0,0,0,0,0,0,0,0,0,0,0,0,0,0,0,0,0,0,0,0,0,0,0,0,0,0
3158000,0,0,0,0,0,0,0,0,0,0,0,0,0,0,0,0,0,0,0,0,0,0,0,0,0,0,0,0,0,0,0,0,0,0,0,0,0,0,0
3158420,0,0,0,0,0,0,0,0,0,0,0,0,0,0,0,0,0,0,0,0,0,0,0,0,0,0,0,0,0,0,0,0,0,0,0,0,0,0,0
3161720,0,0,0,0,0,0,0,0,0,0,0,0,0,0,0,0,0,0,0,0,0,0,0,0,0,0,0,0,0,0,0,0,0,0,0,0,0,0,0
3162700,0,0,0,0,0,0,0,0,0,0,0,0,0,0,0,0,0,0,0,0,0,0,0,0,0,0,0,0,0,0,0,0,0,0,0,0,0,0,0
3162880,0,0,0,0,0,0,0,0,0,0,0,0,0,0,0,0,0,0,0,0,0,0,0,0,0,0,0,0,0,0,0,0,0,0,0,0,0,0,0
3163180,0,0,0,0,0,0,0,0,0,0,0,0,0,0,0,0,0,0,0,0,0,0,0,0,0,0,0,0,0,0,0,0,0,0,0,0,0,0,0
3298270,0,0,0,0,0,0,0,0,0,0,0,0,0,0,0,0,0,0,0,0,0,0,0,0,0,0,0,0,0,0,0,0,0,0,0,0,0,0,0
54710701,34,20,14,34,20,14,1,1,0,5,4,1,0,0,0,0,0,0,39,15,24,10,4,6,0,0,0,3,0,3,7,4,3,19,7,12,0,0,0
54710702,9,7,2,7,6,1,0,0,0,2,1,1,0,0,0,2,1,1,13,6,7,8,3,5,0,0,0,1,0,1,2,2,0,2,1,1,0,0,0
54710703,572,310,262,547,298,249,26,15,11,40,24,16,5,0,5,25,12,13,462,218,244,97,42,55,2,1,1,25,1,24,140,72,68,198,102,96,4,3,1
54710707,464,239,225,447,230,217,24,8,16,67,33,34,2,0,2,17,9,8,400,173,227,162,61,101,3,3,0,16,0,16,90,47,43,129,62,67,6,4,2
54710708,2576,1320,1256,2460,1256,1204,120,60,60,384,165,219,18,0,18,116,64,52,1986,813,1173,1132,414,718,3,2,1,80,1,79,286,152,134,485,244,241,33,20,13
54710710,1650,854,796,1594,828,766,63,31,32,253,107,146,6,0,6,56,26,30,1553,623,930,843,313,530,10,5,5,66,1,65,227,112,115,407,192,215,31,15,16
54710711,2764,1426,1338,2644,1368,1276,144,76,68,332,151,181,18,1,17,120,58,62,2198,929,1269,989,375,614,8,4,4,118,1,117,444,216,228,639,333,306,59,15,44
54710712,556,281,275,534,272,262,19,9,10,83,35,48,3,0,3,22,9,13,407,176,231,201,86,115,6,3,3,13,0,13,63,24,39,124,63,61,11,6,5
54710713,2811,1448,1363,2691,1388,1303,129,52,77,446,221,225,21,0,21,120,60,60,2452,1005,1447,1275,494,781,9,6,3,106,0,106,419,194,225,643,311,332,42,24,18
54710714,15,8,7,14,7,7,0,0,0,4,3,1,0,0,0,1,1,0,11,5,6,6,3,3,0,0,0,0,0,0,1,0,1,4,2,2,0,0,0
54710715,771,418,353,749,412,337,35,17,18,10,6,4,19,1,18,22,6,16,516,207,309,18,4,14,4,1,3,61,2,59,303,138,165,130,62,68,17,8,9
54710716,273,148,125,263,143,120,10,8,2,37,19,18,3,0,3,10,5,5,237,90,147,89,35,54,4,3,1,10,0,10,49,18,31,85,34,51,3,1,2
54710717,1058,562,496,1022,539,483,51,21,30,133,70,63,4,0,4,36,23,13,958,385,573,491,171,320,5,2,3,39,1,38,131,64,67,292,147,145,12,6,6
54710718,2539,1347,1192,2427,1292,1135,109,53,56,321,153,168,17,0,17,112,55,57,1833,781,1052,761,296,465,7,2,5,89,1,88,391,197,194,585,285,300,55,33,22
54710719,190,98,92,184,95,89,7,4,3,23,13,10,1,0,1,6,3,3,144,66,78,55,22,33,2,1,1,3,0,3,28,15,13,56,28,28,1,1,0
54710720,99,54,45,97,54,43,2,0,2,5,2,3,1,0,1,2,0,2,73,34,39,3,0,3,0,0,0,9,0,9,31,17,14,30,17,13,1,1,0
54710721,252,137,115,239,131,108,7,4,3,43,22,21,0,0,0,13,6,7,254,113,141,119,49,70,2,0,2,8,0,8,42,21,21,83,43,40,0,0,0
54710722,79,42,37,75,41,34,1,0,1,6,4,2,0,0,0,4,1,3,66,33,33,27,13,14,0,0,0,2,0,2,14,6,8,23,14,9,1,0,1
54710723,2874,1456,1418,2719,1370,1349,115,48,67,341,167,174,23,0,23,155,86,69,1878,796,1082,768,296,472,5,3,2,102,0,102,396,202,194,607,295,312,50,32,18
54710724,1456,858,598,1353,798,555,59,28,31,155,79,76,10,0,10,103,60,43,991,466,525,401,189,212,9,6,3,45,0,45,219,109,110,317,162,155,192,151,41
54710725,3141,1623,1518,2997,1557,1440,148,68,80,510,243,267,18,0,18,144,66,78,2383,1015,1368,1151,446,705,12,5,7,100,0,100,419,203,216,701,361,340,74,44,30
54710726,2822,1544,1278,2693,1482,1211,125,57,68,389,173,216,16,1,15,129,62,67,1969,832,1137,984,375,609,4,1,3,76,0,76,336,159,177,569,297,272,73,46,27
54710728,493,266,227,475,257,218,28,15,13,17,7,10,8,0,8,18,9,9,166,67,99,26,13,13,2,0,2,17,0,17,75,35,40,46,19,27,18,12,6
54710729,1730,876,854,1671,854,817,123,51,72,117,51,66,16,1,15,59,22,37,1070,449,621,307,116,191,4,2,2,69,0,69,292,145,147,398,186,212,31,17,14
54710730,427,247,180,421,247,174,19,8,11,13,4,9,5,0,5,6,0,6,292,126,166,18,9,9,2,1,1,48,0,48,157,80,77,67,36,31,12,6,6
54710731,1114,583,531,1078,566,512,54,29,25,146,84,62,9,0,9,36,17,19,849,377,472,391,163,228,2,2,0,22,1,21,149,67,82,285,144,141,11,5,6
54710734,986,526,460,948,505,443,39,16,23,111,61,50,6,0,6,38,21,17,851,360,491,398,150,248,0,0,0,37,0,37,160,71,89,256,139,117,17,10,7
54710735,20,13,7,19,13,6,0,0,0,0,0,0,0,0,0,1,0,1,10,4,6,0,0,0,0,0,0,2,0,2,6,3,3,2,1,1,1,1,0
3163690,0,0,0,0,0,0,0,0,0,0,0,0,0,0,0,0,0,0,0,0,0,0,0,0,0,0,0,0,0,0,0,0,0,0,0,0,0,0,0
3168650,0,0,0,0,0,0,0,0,0,0,0,0,0,0,0,0,0,0,0,0,0,0,0,0,0,0,0,0,0,0,0,0,0,0,0,0,0,0,0
3168730,0,0,0,0,0,0,0,0,0,0,0,0,0,0,0,0,0,0,0,0,0,0,0,0,0,0,0,0,0,0,0,0,0,0,0,0,0,0,0
3168810,0,0,0,0,0,0,0,0,0,0,0,0,0,0,0,0,0,0,0,0,0,0,0,0,0,0,0,0,0,0,0,0,0,0,0,0,0,0,0
3168900,0,0,0,0,0,0,0,0,0,0,0,0,0,0,0,0,0,0,0,0,0,0,0,0,0,0,0,0,0,0,0,0,0,0,0,0,0,0,0
3169030,0,0,0,0,0,0,0,0,0,0,0,0,0,0,0,0,0,0,0,0,0,0,0,0,0,0,0,0,0,0,0,0,0,0,0,0,0,0,0
3182210,0,0,0,0,0,0,0,0,0,0,0,0,0,0,0,0,0,0,0,0,0,0,0,0,0,0,0,0,0,0,0,0,0,0,0,0,0,0,0
3183700,0,0,0,0,0,0,0,0,0,0,0,0,0,0,0,0,0,0,0,0,0,0,0,0,0,0,0,0,0,0,0,0,0,0,0,0,0,0,0
3205520,0,0,0,0,0,0,0,0,0,0,0,0,0,0,0,0,0,0,0,0,0,0,0,0,0,0,0,0,0,0,0,0,0,0,0,0,0,0,0
53969401,21,12,9,19,11,8,2,2,0,0,0,0,0,0,0,2,1,1,17,7,10,1,1,0,0,0,0,3,0,3,10,3,7,3,3,0,0,0,0
53969402,3105,1546,1559,2968,1495,1473,165,84,81,330,152,178,17,0,17,137,51,86,1804,770,1034,749,295,454,14,10,4,90,0,90,384,199,185,567,266,301,41,17,24
53969403,65,32,33,64,32,32,2,2,0,16,7,9,0,0,0,1,0,1,32,14,18,11,3,8,0,0,0,1,0,1,6,5,1,14,6,8,0,0,0
53969404,3144,1660,1484,2936,1546,1390,192,88,104,236,106,130,15,0,15,208,114,94,1822,831,991,548,219,329,24,12,12,85,2,83,435,205,230,730,393,337,309,198,111
53969405,3595,1863,1732,3457,1800,1657,173,85,88,497,243,254,20,1,19,138,63,75,2365,980,1385,1106,445,661,12,7,5,136,1,135,511,237,274,600,290,310,51,28,23
53969406,1789,929,860,1736,911,825,105,50,55,83,41,42,29,3,26,53,18,35,969,444,525,179,57,122,6,3,3,60,1,59,275,130,145,449,253,196,47,19,28
53969407,1271,643,628,1230,630,600,99,48,51,43,16,27,16,0,16,41,13,28,592,248,344,74,33,41,6,2,4,47,0,47,226,102,124,239,111,128,38,15,23
53969408,2494,1240,1254,2392,1191,1201,115,52,63,413,171,242,7,0,7,102,49,53,1932,820,1112,966,392,574,8,4,4,92,1,91,329,157,172,537,266,271,26,8,18
53969410,217,123,94,212,120,92,9,7,2,20,9,11,0,0,0,5,3,2,116,50,66,34,13,21,1,1,0,5,0,5,23,14,9,53,22,31,2,0,2
53969411,324,277,47,313,269,44,1,1,0,5,3,2,0,0,0,11,8,3,20,8,12,5,3,2,0,0,0,0,0,0,8,2,6,7,3,4,47,36,11
53969412,2842,1447,1395,2726,1393,1333,154,56,98,298,152,146,27,1,26,116,54,62,1613,703,910,591,212,379,13,4,9,90,0,90,368,213,155,551,274,277,68,34,34
53969413,6326,3193,3133,6010,3041,2969,361,169,192,484,220,264,47,0,47,316,152,164,3802,1639,2163,1080,414,666,28,15,13,234,0,234,966,472,494,1494,738,756,127,62,65
53969414,394,201,193,389,200,189,23,12,11,8,1,7,6,0,6,5,1,4,293,127,166,69,24,45,4,2,2,25,1,24,105,62,43,90,38,52,2,0,2
53969415,92,46,46,92,46,46,6,3,3,1,1,0,1,0,1,0,0,0,79,40,39,10,5,5,1,0,1,3,0,3,25,13,12,40,22,18,0,0,0
53969416,1268,664,604,1221,645,576,67,31,36,147,74,73,11,0,11,47,19,28,1018,481,537,409,178,231,11,6,5,36,1,35,169,79,90,393,217,176,8,4,4
53969417,609,328,281,593,321,272,42,18,24,69,35,34,5,0,5,16,7,9,479,225,254,179,76,103,6,2,4,14,1,13,88,48,40,192,98,94,10,4,6
53969419,3497,1778,1719,3355,1707,1648,163,75,88,517,245,272,20,0,20,142,71,71,2425,1053,1372,1217,506,711,10,5,5,104,2,102,456,227,229,638,313,325,47,23,24
53969420,3031,1603,1428,2890,1534,1356,202,91,111,192,107,85,13,0,13,141,69,72,1675,731,944,433,148,285,23,12,11,79,1,78,402,183,219,738,387,351,96,52,44
53969421,1892,985,907,1806,948,858,122,63,59,98,46,52,14,0,14,86,37,49,969,428,541,201,79,122,8,5,3,62,0,62,285,146,139,413,198,215,53,31,22
53969422,293,156,137,284,150,134,19,11,8,42,25,17,2,0,2,9,6,3,270,116,154,131,52,79,3,2,1,9,0,9,31,13,18,96,49,47,2,0,2
53969423,78,42,36,75,41,34,5,3,2,5,3,2,0,0,0,3,1,2,67,32,35,20,9,11,1,1,0,4,0,4,13,9,4,29,13,16,0,0,0
53969424,242,133,109,238,130,108,12,5,7,30,16,14,4,0,4,4,3,1,197,95,102,93,37,56,2,1,1,8,0,8,38,24,14,56,33,23,2,1,1
53969425,17,9,8,17,9,8,0,0,0,0,0,0,0,0,0,0,0,0,13,6,7,4,1,3,0,0,0,1,0,1,3,2,1,5,3,2,0,0,0
53969426,36,30,6,35,30,5,0,0,0,0,0,0,0,0,0,1,0,1,2,0,2,0,0,0,0,0,0,0,0,0,2,0,2,0,0,0,0,0,0
1316610,0,0,0,0,0,0,0,0,0,0,0,0,0,0,0,0,0,0,0,0,0,0,0,0,0,0,0,0,0,0,0,0,0,0,0,0,0,0,0
1316950,0,0,0,0,0,0,0,0,0,0,0,0,0,0,0,0,0,0,0,0,0,0,0,0,0,0,0,0,0,0,0,0,0,0,0,0,0,0,0
3065250,0,0,0,0,0,0,0,0,0,0,0,0,0,0,0,0,0,0,0,0,0,0,0,0,0,0,0,0,0,0,0,0,0,0,0,0,0,0,0
3170120,0,0,0,0,0,0,0,0,0,0,0,0,0,0,0,0,0,0,0,0,0,0,0,0,0,0,0,0,0,0,0,0,0,0,0,0,0,0,0
3170550,0,0,0,0,0,0,0,0,0,0,0,0,0,0,0,0,0,0,0,0,0,0,0,0,0,0,0,0,0,0,0,0,0,0,0,0,0,0,0
3172090,0,0,0,0,0,0,0,0,0,0,0,0,0,0,0,0,0,0,0,0,0,0,0,0,0,0,0,0,0,0,0,0,0,0,0,0,0,0,0
54736101,131,70,61,130,70,60,8,4,4,5,4,1,1,0,1,1,0,1,119,55,64,24,12,12,1,1,0,5,0,5,31,9,22,58,33,25,1,1,0
54736102,172,93,79,164,91,73,13,9,4,17,9,8,1,0,1,8,2,6,93,35,58,30,10,20,3,2,1,2,0,2,24,7,17,34,16,18,1,1,0
54736103,135,73,62,132,72,60,12,6,6,0,0,0,3,0,3,3,1,2,37,18,19,3,2,1,0,0,0,2,0,2,17,7,10,15,9,6,1,0,1
54736104,2288,1191,1097,2180,1147,1033,110,51,59,244,102,142,13,0,13,108,44,64,1586,685,901,711,268,443,7,5,2,82,1,81,331,168,163,455,243,212,39,21,18
54736105,2273,1254,1019,2169,1201,968,121,59,62,200,97,103,24,1,23,104,53,51,1317,540,777,621,214,407,10,5,5,64,0,64,236,124,112,386,197,189,80,47,33
54736106,1329,723,606,1278,702,576,95,45,50,111,47,64,8,0,8,51,21,30,896,394,502,427,169,258,1,0,1,39,1,38,150,72,78,279,152,127,30,15,15
54736109,107,56,51,105,55,50,10,4,6,2,1,1,1,0,1,2,1,1,31,14,17,8,3,5,0,0,0,3,0,3,12,7,5,8,4,4,0,0,0
54736110,35,23,12,34,22,12,1,0,1,4,4,0,0,0,0,1,1,0,16,6,10,2,0,2,0,0,0,2,0,2,7,4,3,5,2,3,0,0,0
54736111,3761,1923,1838,3581,1841,1740,191,85,106,365,169,196,19,0,19,180,82,98,2120,1006,1114,674,297,377,11,7,4,119,0,119,498,257,241,818,445,373,79,39,40
54736112,2244,1069,1175,2119,1009,1110,136,63,73,207,75,132,9,1,8,125,60,65,1300,591,709,400,161,239,4,3,1,49,3,46,239,110,129,608,314,294,26,15,11
54736113,488,274,214,446,254,192,16,7,9,31,16,15,0,0,0,42,20,22,213,78,135,55,17,38,2,1,1,17,1,16,56,19,37,83,40,43,17,8,9
54736114,4398,2235,2163,4141,2123,2018,228,107,121,388,173,215,24,0,24,257,112,145,2279,966,1313,671,270,401,13,11,2,116,2,114,501,225,276,978,458,520,101,51,50
54736115,665,364,301,647,358,289,33,14,19,15,10,5,7,0,7,18,6,12,375,150,225,35,11,24,7,4,3,44,0,44,144,63,81,145,72,73,10,4,6
54736116,2400,1359,1041,2205,1245,960,73,34,39,336,166,170,10,0,10,195,114,81,1715,769,946,936,387,549,6,5,1,56,0,56,305,162,143,412,215,197,275,196,79
54736117,33,20,13,33,20,13,1,1,0,3,1,2,0,0,0,0,0,0,7,2,5,3,1,2,0,0,0,2,0,2,2,1,1,0,0,0,3,2,1
54736118,1810,983,827,1738,949,789,102,49,53,130,71,59,12,0,12,72,34,38,1154,510,644,397,159,238,6,2,4,70,0,70,255,129,126,426,220,206,51,28,23
54736119,157,82,75,144,78,66,9,3,6,14,8,6,3,0,3,13,4,9,126,57,69,44,21,23,0,0,0,5,0,5,28,13,15,49,23,26,0,0,0
54736120,193,167,26,191,166,25,2,1,1,2,2,0,0,0,0,2,1,1,2,1,1,1,1,0,0,0,0,0,0,0,0,0,0,1,0,1,13,11,2
54736121,861,452,409,825,432,393,42,13,29,75,39,36,7,0,7,36,20,16,517,249,268,174,81,93,6,2,4,31,0,31,111,66,45,195,100,95,16,9,7
54736122,1097,593,504,1061,576,485,59,27,32,43,15,28,10,0,10,36,17,19,472,205,267,47,15,32,4,4,0,59,1,58,212,106,106,150,79,71,36,22,14
54736123,1297,685,612,1238,655,583,60,26,34,172,79,93,11,1,10,59,30,29,930,434,496,399,180,219,5,3,2,50,1,49,205,91,114,271,159,112,20,12,8
54736124,43,39,4,41,38,3,0,0,0,1,0,1,0,0,0,2,1,1,1,1,0,1,1,0,0,0,0,0,0,0,0,0,0,0,0,0,5,4,1
54736125,668,352,316,649,342,307,27,13,14,68,41,27,2,0,2,19,10,9,508,214,294,224,93,131,4,2,2,18,0,18,89,46,43,173,73,100,11,9,2
54736126,1428,766,662,1378,748,630,55,35,20,83,41,42,25,0,25,50,18,32,1038,466,572,206,73,133,3,2,1,106,0,106,379,210,169,344,181,163,12,7,5
54736127,729,379,350,713,370,343,34,17,17,55,26,29,2,0,2,16,9,7,589,261,328,140,52,88,3,1,2,25,0,25,121,58,63,300,150,150,4,2,2
1318650,0,0,0,0,0,0,0,0,0,0,0,0,0,0,0,0,0,0,0,0,0,0,0,0,0,0,0,0,0,0,0,0,0,0,0,0,0,0,0
3060450,0,0,0,0,0,0,0,0,0,0,0,0,0,0,0,0,0,0,0,0,0,0,0,0,0,0,0,0,0,0,0,0,0,0,0,0,0,0,0
3174200,0,0,0,0,0,0,0,0,0,0,0,0,0,0,0,0,0,0,0,0,0,0,0,0,0,0,0,0,0,0,0,0,0,0,0,0,0,0,0
3183880,0,0,0,0,0,0,0,0,0,0,0,0,0,0,0,0,0,0,0,0,0,0,0,0,0,0,0,0,0,0,0,0,0,0,0,0,0,0,0
54738701,37,21,16,36,20,16,1,1,0,4,3,1,0,0,0,1,1,0,21,11,10,5,2,3,0,0,0,1,0,1,6,3,3,9,6,3,0,0,0
54738702,1069,573,496,1024,551,473,61,25,36,121,65,56,8,0,8,45,22,23,838,354,484,389,162,227,6,6,0,35,1,34,143,64,79,265,121,144,8,1,7
54738703,84,44,40,79,42,37,3,3,0,7,2,5,1,0,1,5,2,3,46,23,23,20,8,12,0,0,0,2,0,2,7,4,3,17,11,6,8,7,1
54738704,43,30,13,40,29,11,4,4,0,5,4,1,0,0,0,3,1,2,24,12,12,14,7,7,0,0,0,1,0,1,2,0,2,7,5,2,1,1,0
54738705,122,82,40,117,80,37,5,4,1,13,10,3,0,0,0,5,2,3,51,22,29,16,5,11,0,0,0,3,0,3,16,10,6,16,7,9,11,8,3
54738707,2330,1190,1140,2264,1166,1098,157,73,84,241,108,133,18,0,18,66,24,42,1526,634,892,603,221,382,10,5,5,94,0,94,352,181,171,467,227,240,43,27,16
54738708,2539,1364,1175,2454,1324,1130,158,78,80,342,164,178,15,0,15,85,40,45,2348,969,1379,1264,468,796,7,6,1,95,0,95,331,164,167,651,331,320,62,33,29
54738709,275,151,124,269,149,120,17,8,9,26,14,12,0,0,0,6,2,4,233,106,127,106,42,64,3,3,0,8,0,8,40,18,22,76,43,33,1,0,1
54738710,897,455,442,866,441,425,41,16,25,110,62,48,10,1,9,31,14,17,639,282,357,215,85,130,5,2,3,35,0,35,145,75,70,239,120,119,15,9,6
54738711,1948,1010,938,1890,983,907,78,30,48,321,151,170,17,0,17,58,27,31,1514,641,873,736,288,448,2,0,2,70,2,68,298,153,145,408,198,210,26,11,15
54738713,1462,788,674,1423,778,645,66,33,33,63,26,37,18,0,18,39,10,29,906,380,526,109,35,74,7,4,3,83,1,82,325,150,175,382,190,192,34,18,16
54738714,3156,1597,1559,3035,1544,1491,157,72,85,290,118,172,30,0,30,121,53,68,1939,834,1105,551,217,334,10,5,5,126,1,125,503,246,257,749,365,384,45,24,21
54738715,1221,642,579,1182,630,552,56,23,33,36,16,20,18,0,18,39,12,27,562,224,338,63,16,47,3,2,1,77,0,77,255,128,127,164,78,86,22,16,6
54738716,1946,1065,881,1829,998,831,99,49,50,234,111,123,11,0,11,117,67,50,1389,621,768,606,240,366,13,8,5,52,2,50,240,114,126,478,257,221,123,88,35
54738717,87,48,39,87,48,39,2,1,1,1,0,1,1,0,1,0,0,0,70,35,35,0,0,0,2,0,2,5,0,5,32,18,14,31,17,14,4,3,1
54738719,3097,1521,1576,2965,1454,1511,129,54,75,382,150,232,23,0,23,132,67,65,2320,980,1340,934,360,574,5,1,4,148,0,148,521,249,272,712,370,342,25,14,11
3061850,0,0,0,0,0,0,0,0,0,0,0,0,0,0,0,0,0,0,0,0,0,0,0,0,0,0,0,0,0,0,0,0,0,0,0,0,0,0,0
53960102,35,23,12,34,22,12,0,0,0,3,1,2,0,0,0,1,1,0,3,1,2,3,1,2,0,0,0,0,0,0,0,0,0,0,0,0,2,2,0
53960103,3164,1714,1450,3040,1646,1394,134,63,71,357,192,165,27,0,27,124,68,56,2359,1034,1325,935,355,580,16,9,7,105,2,103,488,244,244,815,424,391,62,36,26
53960104,11,6,5,11,6,5,1,0,1,2,1,1,0,0,0,0,0,0,10,5,5,4,2,2,1,1,0,1,0,1,1,1,0,3,1,2,0,0,0
53960106,15,5,10,11,4,7,0,0,0,1,0,1,0,0,0,4,1,3,12,7,5,4,2,2,0,0,0,0,0,0,3,2,1,5,3,2,0,0,0
53960107,108,59,49,104,57,47,5,2,3,11,5,6,1,0,1,4,2,2,73,39,34,35,19,16,1,1,0,0,0,0,13,7,6,24,12,12,3,2,1
53960108,1157,611,546,1111,578,533,51,17,34,131,65,66,10,0,10,46,33,13,922,402,520,392,160,232,5,2,3,43,0,43,184,97,87,298,143,155,16,6,10
53960110,271,157,114,250,148,102,19,10,9,34,17,17,2,0,2,21,9,12,190,98,92,92,41,51,3,3,0,5,0,5,28,16,12,62,38,24,49,40,9
54717401,3588,1786,1802,3429,1716,1713,185,92,93,457,212,245,22,0,22,159,70,89,2396,1039,1357,1078,428,650,10,3,7,110,1,109,453,242,211,745,365,380,61,25,36
54717402,36,26,10,31,25,6,0,0,0,6,5,1,0,0,0,5,1,4,8,4,4,4,1,3,0,0,0,0,0,0,2,1,1,2,2,0,1,0,1
54717403,1115,593,522,1076,577,499,75,37,38,150,81,69,13,0,13,39,16,23,880,362,518,409,158,251,4,0,4,24,0,24,179,80,99,264,124,140,12,4,8
54717404,456,215,241,444,209,235,22,9,13,59,29,30,2,0,2,12,6,6,335,146,189,140,59,81,6,3,3,14,0,14,64,29,35,111,55,56,7,2,5
54717405,4371,2241,2130,4119,2118,2001,207,98,109,436,199,237,30,1,29,252,123,129,2666,1176,1490,992,364,628,12,8,4,128,0,128,549,288,261,985,516,469,166,107,59
54717406,334,189,145,324,183,141,17,11,6,35,18,17,4,0,4,10,6,4,249,104,145,29,12,17,0,0,0,13,0,13,78,25,53,129,67,62,12,4,8
54717407,3471,1795,1676,3317,1718,1599,188,90,98,445,198,247,30,0,30,154,77,77,2237,960,1277,995,377,618,5,2,3,109,1,108,437,218,219,691,362,329,60,37,23
1311720,0,0,0,0,0,0,0,0,0,0,0,0,0,0,0,0,0,0,0,0,0,0,0,0,0,0,0,0,0,0,0,0,0,0,0,0,0,0,0
1314400,0,0,0,0,0,0,0,0,0,0,0,0,0,0,0,0,0,0,0,0,0,0,0,0,0,0,0,0,0,0,0,0,0,0,0,0,0,0,0
54741701,25,17,8,23,16,7,0,0,0,7,6,1,0,0,0,2,1,1,29,9,20,16,4,12,0,0,0,1,0,1,7,4,3,5,1,4,0,0,0
54741702,194,106,88,192,106,86,10,4,6,4,4,0,2,0,2,2,0,2,178,99,79,6,3,3,0,0,0,11,0,11,65,34,31,96,62,34,5,2,3
54741703,188,97,91,182,95,87,8,2,6,11,6,5,3,0,3,6,2,4,123,44,79,22,5,17,2,0,2,9,0,9,41,18,23,49,21,28,14,9,5
54741704,6312,3328,2984,5991,3192,2799,258,113,145,557,256,301,52,1,51,321,136,185,4494,1921,2573,1799,717,1082,17,12,5,250,1,249,945,455,490,1483,736,747,139,70,69
54741705,2215,1186,1029,2103,1129,974,103,56,47,215,107,108,16,0,16,112,57,55,1510,673,837,586,235,351,11,6,5,84,0,84,341,192,149,488,240,248,97,62,35
54741706,2880,1547,1333,2768,1498,1270,170,77,93,67,31,36,32,0,32,112,49,63,1422,586,836,152,50,102,12,6,6,171,2,169,633,321,312,454,207,247,56,25,31
54741707,15,10,5,15,10,5,1,1,0,1,1,0,0,0,0,0,0,0,10,7,3,3,1,2,0,0,0,0,0,0,0,0,0,7,6,1,4,4,0
54741708,1068,537,531,1023,518,505,48,26,22,41,15,26,6,0,6,45,19,26,565,252,313,89,27,62,3,2,1,44,1,43,154,77,77,275,145,130,35,19,16
54741709,72,36,36,69,36,33,5,2,3,12,5,7,0,0,0,3,0,3,51,25,26,26,14,12,0,0,0,0,0,0,2,0,2,23,11,12,1,1,0
1311990,0,0,0,0,0,0,0,0,0,0,0,0,0,0,0,0,0,0,0,0,0,0,0,0,0,0,0,0,0,0,0,0,0,0,0,0,0,0,0
3170390,0,0,0,0,0,0,0,0,0,0,0,0,0,0,0,0,0,0,0,0,0,0,0,0,0,0,0,0,0,0,0,0,0,0,0,0,0,0,0
54734401,142,72,70,139,71,68,10,5,5,12,4,8,1,0,1,3,1,2,87,38,49,35,12,23,1,0,1,4,0,4,21,11,10,26,15,11,1,0,1
54734402,475,265,210,437,249,188,18,11,7,55,30,25,3,0,3,38,16,22,364,161,203,147,66,81,1,1,0,22,0,22,82,40,42,112,54,58,21,14,7
54734404,145,81,64,139,78,61,7,2,5,2,1,1,4,0,4,6,3,3,59,25,34,5,1,4,0,0,0,8,0,8,32,16,16,14,8,6,1,0,1
54734405,10,4,6,10,4,6,0,0,0,1,1,0,0,0,0,0,0,0,11,6,5,7,4,3,1,0,1,0,0,0,2,1,1,1,1,0,0,0,0
54734406,1384,731,653,1342,709,633,55,24,31,130,66,64,14,0,14,42,22,20,1137,510,627,396,159,237,10,7,3,58,0,58,269,137,132,404,207,197,14,6,8
54734407,1920,1004,916,1868,984,884,91,42,49,120,63,57,14,0,14,52,20,32,1413,610,803,461,170,291,4,2,2,79,1,78,304,158,146,565,279,286,32,18,14
1272300,0,0,0,0,0,0,0,0,0,0,0,0,0,0,0,0,0,0,0,0,0,0,0,0,0,0,0,0,0,0,0,0,0,0,0,0,0,0,0
3057910,0,0,0,0,0,0,0,0,0,0,0,0,0,0,0,0,0,0,0,0,0,0,0,0,0,0,0,0,0,0,0,0,0,0,0,0,0,0,0
3058040,0,0,0,0,0,0,0,0,0,0,0,0,0,0,0,0,0,0,0,0,0,0,0,0,0,0,0,0,0,0,0,0,0,0,0,0,0,0,0
3182050,0,0,0,0,0,0,0,0,0,0,0,0,0,0,0,0,0,0,0,0,0,0,0,0,0,0,0,0,0,0,0,0,0,0,0,0,0,0,0
50008901,1069,578,491,1020,552,468,80,40,40,78,44,34,9,0,9,49,26,23,538,226,312,176,65,111,6,3,3,20,0,20,133,62,71,203,96,107,44,17,27
50008902,466,267,199,441,256,185,40,20,20,39,20,19,2,0,2,25,11,14,193,74,119,65,24,41,2,1,1,5,0,5,41,19,22,80,30,50,26,14,12
50008903,1675,884,791,1582,847,735,146,65,81,206,111,95,9,0,9,93,37,56,919,365,554,418,143,275,10,3,7,28,1,27,144,65,79,319,153,166,68,37,31
50008904,946,518,428,898,493,405,118,53,65,66,32,34,2,0,2,48,25,23,507,236,271,155,59,96,9,7,2,21,0,21,105,65,40,217,105,112,44,25,19
50008905,1653,873,780,1584,834,750,160,76,84,164,78,86,9,0,9,69,39,30,906,397,509,378,138,240,8,3,5,29,1,28,187,106,81,304,149,155,47,24,23
50008906,1824,990,834,1746,952,794,192,101,91,195,100,95,11,0,11,78,38,40,1060,457,603,408,155,253,11,8,3,32,0,32,198,99,99,411,195,216,66,32,34
50008907,1269,639,630,1206,609,597,113,51,62,112,56,56,10,0,10,63,30,33,646,289,357,238,92,146,6,6,0,38,0,38,155,70,85,209,121,88,29,14,15
50008908,2725,1508,1217,2591,1446,1145,257,105,152,218,104,114,9,0,9,134,62,72,1511,641,870,544,186,358,37,17,20,58,0,58,344,162,182,528,276,252,117,66,51
50008909,3865,2137,1728,3638,2007,1631,318,168,150,351,152,199,16,0,16,227,130,97,2162,937,1225,830,317,513,26,18,8,82,2,80,447,221,226,777,379,398,276,178,98
50008910,1841,952,889,1768,922,846,181,87,94,209,96,113,10,0,10,73,30,43,1035,431,604,395,145,250,10,3,7,34,1,33,203,97,106,393,185,208,62,37,25
50008912,2655,1417,1238,2559,1374,1185,201,96,105,259,113,146,19,1,18,96,43,53,1451,640,811,467,183,284,22,13,9,73,1,72,366,180,186,523,263,260,97,48,49
50008913,3038,1583,1455,2931,1531,1400,242,118,124,247,117,130,25,0,25,107,52,55,1722,714,1008,605,218,387,25,13,12,76,1,75,403,187,216,613,295,318,98,50,48
50008914,41,36,5,20,17,3,0,0,0,0,0,0,1,0,1,21,19,2,14,13,1,3,3,0,0,0,0,0,0,0,9,8,1,2,2,0,1,1,0
50008916,1613,875,738,1567,850,717,119,61,58,125,57,68,6,0,6,46,25,21,868,360,508,270,100,170,13,7,6,28,0,28,223,95,128,334,158,176,66,27,39
50008917,1217,663,554,1164,633,531,117,51,66,119,54,65,10,0,10,53,30,23,709,301,408,275,107,168,13,7,6,26,0,26,154,66,88,241,121,120,77,42,35
50008918,2706,1454,1252,2575,1399,1176,255,118,137,214,99,115,15,0,15,131,55,76,1344,582,762,558,223,335,16,5,11,60,1,59,273,128,145,437,225,212,99,53,46
3065170,0,0,0,0,0,0,0,0,0,0,0,0,0,0,0,0,0,0,0,0,0,0,0,0,0,0,0,0,0,0,0,0,0,0,0,0,0,0,0
3170710,0,0,0,0,0,0,0,0,0,0,0,0,0,0,0,0,0,0,0,0,0,0,0,0,0,0,0,0,0,0,0,0,0,0,0,0,0,0,0
3170980,0,0,0,0,0,0,0,0,0,0,0,0,0,0,0,0,0,0,0,0,0,0,0,0,0,0,0,0,0,0,0,0,0,0,0,0,0,0,0
3172330,0,0,0,0,0,0,0,0,0,0,0,0,0,0,0,0,0,0,0,0,0,0,0,0,0,0,0,0,0,0,0,0,0,0,0,0,0,0,0
3172680,0,0,0,0,0,0,0,0,0,0,0,0,0,0,0,0,0,0,0,0,0,0,0,0,0,0,0,0,0,0,0,0,0,0,0,0,0,0,0
3249060,0,0,0,0,0,0,0,0,0,0,0,0,0,0,0,0,0,0,0,0,0,0,0,0,0,0,0,0,0,0,0,0,0,0,0,0,0,0,0
53821301,1986,1040,946,1899,996,903,79,38,41,165,71,94,14,0,14,87,44,43,1262,541,721,425,157,268,13,6,7,75,0,75,276,149,127,473,229,244,32,14,18
53821302,35,26,9,35,26,9,0,0,0,1,1,0,0,0,0,0,0,0,2,1,1,1,0,1,0,0,0,0,0,0,1,1,0,0,0,0,1,1,0
53821304,25,16,9,24,16,8,1,1,0,3,1,2,0,0,0,1,0,1,11,6,5,6,3,3,0,0,0,0,0,0,2,1,1,3,2,1,1,0,1
53821307,23,14,9,23,14,9,0,0,0,5,3,2,0,0,0,0,0,0,12,9,3,10,8,2,0,0,0,0,0,0,2,1,1,0,0,0,1,1,0
53821308,4053,2142,1911,3899,2054,1845,190,91,99,443,218,225,22,0,22,154,88,66,3100,1356,1744,1346,538,808,13,5,8,125,2,123,525,267,258,1091,544,547,120,82,38
53821309,297,183,114,294,181,113,2,2,0,3,3,0,0,0,0,3,2,1,18,8,10,8,5,3,0,0,0,1,0,1,4,0,4,5,3,2,16,10,6
53821310,181,95,86,180,95,85,14,7,7,17,7,10,3,0,3,1,0,1,146,71,75,39,18,21,2,1,1,6,0,6,25,15,10,74,37,37,2,1,1
53821311,2224,1187,1037,2116,1133,983,101,49,52,206,100,106,12,0,12,108,54,54,1634,695,939,669,249,420,7,4,3,79,2,77,338,151,187,541,289,252,32,15,17
53821312,47,26,21,47,26,21,2,0,2,7,3,4,1,0,1,0,0,0,42,18,24,17,6,11,0,0,0,2,0,2,10,4,6,13,8,5,0,0,0
3173220,0,0,0,0,0,0,0,0,0,0,0,0,0,0,0,0,0,0,0,0,0,0,0,0,0,0,0,0,0,0,0,0,0,0,0,0,0,0,0
53894901,20,13,7,18,11,7,3,2,1,1,1,0,0,0,0,2,2,0,15,6,9,6,2,4,0,0,0,0,0,0,1,1,0,8,3,5,1,0,1
53894902,3908,2128,1780,3777,2067,1710,196,99,97,413,224,189,28,0,28,131,61,70,3192,1422,1770,1208,503,705,12,8,4,126,0,126,577,287,290,1269,624,645,83,48,35
53894903,1223,637,586,1182,611,571,48,19,29,169,92,77,9,0,9,41,26,15,1016,451,565,439,183,256,2,1,1,47,0,47,204,110,94,324,157,167,22,13,9
53894904,530,272,258,516,265,251,30,14,16,36,20,16,4,0,4,14,7,7,410,182,228,77,23,54,2,0,2,17,0,17,90,42,48,224,117,107,9,3,6
3175010,0,0,0,0,0,0,0,0,0,0,0,0,0,0,0,0,0,0,0,0,0,0,0,0,0,0,0,0,0,0,0,0,0,0,0,0,0,0,0
3175510,0,0,0,0,0,0,0,0,0,0,0,0,0,0,0,0,0,0,0,0,0,0,0,0,0,0,0,0,0,0,0,0,0,0,0,0,0,0,0
3176410,0,0,0,0,0,0,0,0,0,0,0,0,0,0,0,0,0,0,0,0,0,0,0,0,0,0,0,0,0,0,0,0,0,0,0,0,0,0,0
3297540,0,0,0,0,0,0,0,0,0,0,0,0,0,0,0,0,0,0,0,0,0,0,0,0,0,0,0,0,0,0,0,0,0,0,0,0,0,0,0
53893101,383,195,188,369,189,180,19,10,9,36,17,19,1,0,1,14,6,8,319,162,157,85,39,46,2,1,1,10,0,10,66,35,31,156,87,69,1,0,1
53893103,43,23,20,41,22,19,1,0,1,7,6,1,0,0,0,2,1,1,33,15,18,10,3,7,0,0,0,2,0,2,6,4,2,15,8,7,1,1,0
53893104,1591,835,756,1546,813,733,92,43,49,67,31,36,20,0,20,45,22,23,874,357,517,136,42,94,4,1,3,103,2,101,346,180,166,285,132,153,30,11,19
53893106,58,38,20,57,37,20,2,1,1,4,3,1,0,0,0,1,1,0,23,8,15,4,1,3,0,0,0,1,0,1,3,0,3,15,7,8,0,0,0
53893107,3376,1824,1552,3228,1746,1482,160,65,95,321,170,151,33,1,32,148,78,70,2479,1102,1377,897,357,540,16,9,7,119,0,119,527,255,272,920,481,439,102,68,34
53893109,1359,688,671,1322,675,647,50,24,26,49,14,35,17,1,16,37,13,24,993,434,559,132,41,91,3,2,1,102,0,102,355,173,182,401,218,183,30,15,15
53893110,423,217,206,409,213,196,29,12,17,20,11,9,5,0,5,14,4,10,419,167,252,108,33,75,10,6,4,22,0,22,107,50,57,172,78,94,19,8,11
53893111,830,431,399,804,418,386,44,22,22,24,9,15,9,0,9,26,13,13,496,213,283,56,21,35,4,2,2,43,0,43,175,84,91,218,106,112,21,12,9
1274000,0,0,0,0,0,0,0,0,0,0,0,0,0,0,0,0,0,0,0,0,0,0,0,0,0,0,0,0,0,0,0,0,0,0,0,0,0,0,0
50009701,22,14,8,19,13,6,1,0,1,1,1,0,0,0,0,3,1,2,10,5,5,2,2,0,0,0,0,1,0,1,5,1,4,2,2,0,0,0,0
50009702,838,450,388,815,437,378,87,42,45,92,52,40,6,0,6,23,13,10,619,257,362,243,88,155,3,3,0,22,0,22,100,51,49,251,115,136,19,14,5
50009703,81,47,34,74,44,30,5,4,1,4,3,1,0,0,0,7,3,4,47,23,24,9,4,5,1,0,1,2,0,2,13,5,8,22,14,8,0,0,0
50009704,3706,1894,1812,3540,1818,1722,294,143,151,409,190,219,17,0,17,166,76,90,1957,813,1144,919,333,586,25,12,13,82,0,82,366,184,182,565,284,281,120,66,54
50009705,2224,1285,939,2034,1155,879,163,69,94,134,68,66,11,0,11,190,130,60,984,468,516,306,142,164,12,8,4,49,0,49,276,143,133,341,175,166,320,221,99
50009706,42,24,18,41,23,18,12,7,5,5,5,0,0,0,0,1,1,0,9,5,4,6,3,3,0,0,0,0,0,0,0,0,0,3,2,1,0,0,0
50009707,41,29,12,33,26,7,1,1,0,4,3,1,0,0,0,8,3,5,10,9,1,6,5,1,0,0,0,0,0,0,1,1,0,3,3,0,0,0,0
50009708,1694,895,799,1619,859,760,104,53,51,169,83,86,10,0,10,75,36,39,1263,523,740,628,213,415,4,2,2,58,0,58,228,123,105,345,185,160,55,29,26
50009709,3366,1723,1643,3175,1621,1554,203,87,116,302,139,163,25,0,25,191,102,89,1905,807,1098,887,323,564,18,11,7,98,2,96,409,209,200,493,262,231,131,67,64
50009710,1819,932,887,1754,902,852,138,58,80,206,92,114,19,0,19,65,30,35,1455,544,911,784,244,540,8,3,5,62,0,62,257,125,132,344,172,172,55,28,27
50009711,2261,1157,1104,2178,1120,1058,184,75,109,235,100,135,9,0,9,83,37,46,1329,580,749,577,231,346,12,6,6,59,3,56,249,130,119,432,210,222,68,38,30
50009712,662,350,312,645,342,303,57,24,33,5,2,3,10,0,10,17,8,9,424,183,241,23,7,16,6,5,1,40,0,40,196,93,103,159,78,81,22,9,13
50009713,3581,1940,1641,3410,1850,1560,311,142,169,235,111,124,29,2,27,171,90,81,1640,685,955,510,196,314,13,9,4,67,1,66,400,188,212,650,291,359,151,75,76
50009714,1455,740,715,1406,715,691,88,37,51,184,92,92,10,0,10,49,25,24,1016,441,575,436,173,263,3,2,1,42,0,42,222,118,104,313,148,165,23,9,14
50009715,1384,706,678,1328,675,653,168,81,87,138,65,73,7,0,7,56,31,25,870,342,528,331,120,211,4,2,2,42,0,42,157,80,77,336,140,196,43,21,22
50009716,2993,1650,1343,2807,1546,1261,319,142,177,137,64,73,15,0,15,186,104,82,1167,515,652,362,149,213,28,14,14,57,1,56,271,129,142,449,222,227,113,62,51
50009717,4671,2467,2204,4428,2360,2068,364,165,199,322,151,171,44,1,43,243,107,136,2272,953,1319,835,320,515,25,19,6,100,4,96,558,256,302,754,354,400,159,81,78
50009718,2617,1397,1220,2465,1318,1147,170,81,89,265,126,139,15,0,15,152,79,73,1529,625,904,670,245,425,9,5,4,63,0,63,289,134,155,498,241,257,93,54,39
50009719,1270,697,573,1223,682,541,92,42,50,68,40,28,13,0,13,47,15,32,655,282,373,86,32,54,11,9,2,43,0,43,238,122,116,277,119,158,40,12,28
50009720,1747,878,869,1656,834,822,127,53,74,198,97,101,13,0,13,91,44,47,1180,497,683,543,190,353,11,6,5,38,0,38,200,96,104,388,205,183,30,16,14
50009721,1902,939,963,1829,908,921,143,68,75,200,79,121,7,0,7,73,31,42,967,388,579,486,182,304,10,7,3,34,0,34,160,84,76,277,115,162,47,30,17
50009722,2543,1314,1229,2445,1260,1185,221,94,127,215,95,120,15,0,15,98,54,44,1324,567,757,492,179,313,17,12,5,76,1,75,319,171,148,420,204,216,87,53,34
50009723,2332,1240,1092,2236,1189,1047,179,78,101,238,119,119,16,0,16,96,51,45,1313,549,764,595,230,365,14,9,5,56,0,56,261,122,139,387,188,199,81,46,35
50009724,2741,1414,1327,2640,1367,1273,215,97,118,303,151,152,18,1,17,101,47,54,1557,605,952,736,245,491,18,8,10,62,0,62,278,131,147,463,221,242,79,42,37
50009725,706,383,323,686,375,311,55,23,32,12,5,7,12,0,12,20,8,12,354,145,209,15,2,13,4,3,1,51,0,51,180,92,88,104,48,56,17,8,9
1276710,0,0,0,0,0,0,0,0,0,0,0,0,0,0,0,0,0,0,0,0,0,0,0,0,0,0,0,0,0,0,0,0,0,0,0,0,0,0,0
1279140,0,0,0,0,0,0,0,0,0,0,0,0,0,0,0,0,0,0,0,0,0,0,0,0,0,0,0,0,0,0,0,0,0,0,0,0,0,0,0
1281040,0,0,0,0,0,0,0,0,0,0,0,0,0,0,0,0,0,0,0,0,0,0,0,0,0,0,0,0,0,0,0,0,0,0,0,0,0,0,0
3058120,0,0,0,0,0,0,0,0,0,0,0,0,0,0,0,0,0,0,0,0,0,0,0,0,0,0,0,0,0,0,0,0,0,0,0,0,0,0,0
3058470,0,0,0,0,0,0,0,0,0,0,0,0,0,0,0,0,0,0,0,0,0,0,0,0,0,0,0,0,0,0,0,0,0,0,0,0,0,0,0
3069160,0,0,0,0,0,0,0,0,0,0,0,0,0,0,0,0,0,0,0,0,0,0,0,0,0,0,0,0,0,0,0,0,0,0,0,0,0,0,0
3157960,0,0,0,0,0,0,0,0,0,0,0,0,0,0,0,0,0,0,0,0,0,0,0,0,0,0,0,0,0,0,0,0,0,0,0,0,0,0,0
3158180,0,0,0,0,0,0,0,0,0,0,0,0,0,0,0,0,0,0,0,0,0,0,0,0,0,0,0,0,0,0,0,0,0,0,0,0,0,0,0
3159150,0,0,0,0,0,0,0,0,0,0,0,0,0,0,0,0,0,0,0,0,0,0,0,0,0,0,0,0,0,0,0,0,0,0,0,0,0,0,0
3159230,0,0,0,0,0,0,0,0,0,0,0,0,0,0,0,0,0,0,0,0,0,0,0,0,0,0,0,0,0,0,0,0,0,0,0,0,0,0,0
3159310,0,0,0,0,0,0,0,0,0,0,0,0,0,0,0,0,0,0,0,0,0,0,0,0,0,0,0,0,0,0,0,0,0,0,0,0,0,0,0
3160410,0,0,0,0,0,0,0,0,0,0,0,0,0,0,0,0,0,0,0,0,0,0,0,0,0,0,0,0,0,0,0,0,0,0,0,0,0,0,0
3205100,0,0,0,0,0,0,0,0,0,0,0,0,0,0,0,0,0,0,0,0,0,0,0,0,0,0,0,0,0,0,0,0,0,0,0,0,0,0,0
3207810,0,0,0,0,0,0,0,0,0,0,0,0,0,0,0,0,0,0,0,0,0,0,0,0,0,0,0,0,0,0,0,0,0,0,0,0,0,0,0
50011901,202,105,97,193,99,94,17,8,9,8,4,4,1,0,1,9,6,3,67,36,31,5,3,2,0,0,0,9,0,9,28,16,12,25,17,8,5,2,3
50011902,1677,865,812,1626,842,784,110,46,64,172,89,83,11,1,10,51,23,28,1090,496,594,390,158,232,8,5,3,52,0,52,211,99,112,429,234,195,30,18,12
50011903,437,222,215,419,213,206,32,14,18,64,33,31,1,0,1,18,9,9,440,166,274,178,60,118,6,1,5,19,0,19,74,33,41,163,72,91,8,3,5
50011905,42,38,4,17,14,3,2,0,2,1,1,0,0,0,0,25,24,1,22,18,4,20,17,3,0,0,0,0,0,0,0,0,0,2,1,1,0,0,0
50011906,43,34,9,43,34,9,0,0,0,10,8,2,0,0,0,0,0,0,12,7,5,11,7,4,0,0,0,0,0,0,0,0,0,1,0,1,0,0,0
50011907,4613,2412,2201,4414,2307,2107,252,112,140,533,247,286,38,0,38,199,105,94,3670,1488,2182,2029,734,1295,15,8,7,161,1,160,613,303,310,852,442,410,106,62,44
50011908,803,423,380,770,402,368,39,19,20,85,39,46,6,0,6,33,21,12,590,220,370,286,91,195,2,2,0,36,0,36,119,62,57,147,65,82,18,11,7
50011909,1558,815,743,1521,798,723,93,53,40,273,134,139,8,0,8,37,17,20,1433,627,806,633,245,388,9,6,3,57,1,56,238,111,127,496,264,232,7,0,7
50011911,1402,719,683,1347,695,652,88,37,51,185,91,94,7,0,7,55,24,31,1264,562,702,672,280,392,10,2,8,38,1,37,186,96,90,358,183,175,21,7,14
50011912,67,32,35,66,31,35,52,22,30,0,0,0,0,0,0,1,1,0,138,70,68,0,0,0,0,0,0,0,0,0,1,1,0,137,69,68,4,2,2
50011913,200,101,99,190,99,91,10,4,6,24,16,8,0,0,0,10,2,8,150,67,83,69,29,40,0,0,0,4,0,4,21,10,11,56,28,28,4,3,1
50011914,994,556,438,942,522,420,43,21,22,129,60,69,7,0,7,52,34,18,689,280,409,379,138,241,6,3,3,21,0,21,116,48,68,167,91,76,23,16,7
50011915,439,238,201,415,223,192,12,7,5,40,13,27,1,0,1,24,15,9,288,124,164,86,37,49,1,0,1,17,0,17,82,39,43,102,48,54,9,2,7
50011916,402,222,180,389,215,174,33,18,15,68,37,31,1,0,1,13,7,6,289,130,159,136,57,79,5,2,3,8,0,8,42,25,17,98,46,52,8,6,2
50011917,286,152,134,278,147,131,17,8,9,44,19,25,0,0,0,8,5,3,195,90,105,78,30,48,0,0,0,8,0,8,31,18,13,78,42,36,2,2,0
50011918,2209,1150,1059,2113,1104,1009,148,68,80,200,84,116,12,0,12,96,46,50,1549,602,947,768,272,496,11,6,5,78,2,76,278,135,143,414,187,227,38,21,17
50011919,48,20,28,48,20,28,24,12,12,1,1,0,1,0,1,0,0,0,3,2,1,1,1,0,0,0,0,0,0,0,1,0,1,1,1,0,0,0,0
50011920,3934,1990,1944,3751,1904,1847,227,106,121,444,194,250,31,0,31,183,86,97,3240,1247,1993,1854,632,1222,14,10,4,131,0,131,539,227,312,702,378,324,96,52,44
50011921,59,9,50,59,9,50,2,0,2,1,0,1,0,0,0,0,0,0,0,0,0,0,0,0,0,0,0,0,0,0,0,0,0,0,0,0,0,0,0
50011922,2060,1062,998,1969,1014,955,148,74,74,235,101,134,18,0,18,91,48,43,1277,516,761,664,245,419,14,8,6,47,1,46,215,95,120,337,167,170,51,29,22
50011923,1507,783,724,1438,753,685,73,31,42,232,113,119,5,0,5,69,30,39,1139,486,653,508,199,309,9,8,1,44,1,43,181,81,100,397,197,200,22,13,9
50011924,1096,598,498,1055,579,476,58,32,26,156,81,75,9,0,9,41,19,22,848,324,524,484,161,323,6,4,2,37,0,37,143,71,72,178,88,90,21,12,9
50011926,737,543,194,591,435,156,11,4,7,37,25,12,1,0,1,146,108,38,366,190,176,161,85,76,2,1,1,6,0,6,110,66,44,87,38,49,391,291,100
50011927,679,338,341,648,323,325,30,13,17,31,14,17,5,0,5,31,15,16,465,176,289,259,81,178,2,1,1,24,1,23,92,47,45,88,46,42,32,17,15
50011928,1165,597,568,1114,572,542,74,35,39,89,44,45,8,0,8,51,25,26,554,256,298,167,77,90,8,6,2,31,0,31,135,75,60,213,98,115,18,12,6
50011930,1355,740,615,1305,719,586,78,38,40,156,78,78,15,2,13,50,21,29,1040,431,609,500,194,306,13,5,8,32,0,32,186,85,101,309,147,162,23,15,8
50011931,81,44,37,80,44,36,2,2,0,6,3,3,0,0,0,1,0,1,54,31,23,3,2,1,2,1,1,3,0,3,21,12,9,25,16,9,5,1,4
50011932,156,74,82,150,71,79,8,2,6,16,6,10,2,0,2,6,3,3,109,46,63,62,20,42,0,0,0,1,0,1,19,10,9,27,16,11,5,2,3
50011933,268,142,126,261,140,121,17,5,12,11,4,7,7,0,7,7,2,5,124,54,70,15,4,11,0,0,0,14,1,13,59,30,29,36,19,17,2,0,2
50011934,3040,1592,1448,2907,1532,1375,201,89,112,312,138,174,26,0,26,133,60,73,2107,812,1295,1083,372,711,13,6,7,103,1,102,438,201,237,470,232,238,79,38,41
50011936,2829,1465,1364,2707,1417,1290,173,87,86,213,87,126,21,0,21,122,48,74,1604,655,949,580,191,389,6,4,2,79,0,79,399,189,210,540,271,269,81,46,35
50011937,138,68,70,129,64,65,4,3,1,3,1,2,3,0,3,9,4,5,92,37,55,17,6,11,5,4,1,3,0,3,24,12,12,43,15,28,8,2,6
50011938,2690,1401,1289,2588,1360,1228,146,76,70,282,139,143,24,0,24,102,41,61,1845,774,1071,921,364,557,7,4,3,77,0,77,347,169,178,493,237,256,50,21,29
50011941,2039,1075,964,1942,1030,912,118,53,65,236,104,132,13,0,13,97,45,52,1342,551,791,691,262,429,10,4,6,52,0,52,238,114,124,351,171,180,35,15,20
50011943,3410,1742,1668,3271,1667,1604,247,109,138,343,159,184,19,0,19,139,75,64,1844,779,1065,880,340,540,10,7,3,87,2,85,361,167,194,506,263,243,76,46,30
50011944,2243,1136,1107,2153,1095,1058,153,58,95,225,116,109,14,0,14,90,41,49,1605,641,964,879,308,571,11,7,4,58,0,58,291,144,147,366,182,184,52,28,24
50011945,1595,834,761,1519,804,715,148,71,77,133,62,71,8,0,8,76,30,46,758,307,451,345,125,220,8,5,3,34,0,34,157,76,81,214,101,113,45,21,24
50011947,66,36,30,65,36,29,1,1,0,2,1,1,2,0,2,1,0,1,32,11,21,5,3,2,2,2,0,2,0,2,11,3,8,12,3,9,11,6,5
50011948,3568,1832,1736,3435,1775,1660,265,111,154,291,114,177,23,0,23,133,57,76,1789,696,1093,829,285,544,15,8,7,79,1,78,360,168,192,506,234,272,92,54,38
50011949,525,406,119,504,390,114,18,9,9,35,18,17,4,0,4,21,16,5,763,649,114,128,83,45,0,0,0,6,1,5,581,540,41,48,25,23,13,10,3
50011950,2757,1420,1337,2632,1363,1269,226,93,133,217,97,120,14,0,14,125,57,68,1537,627,910,587,218,369,7,3,4,82,1,81,352,172,180,509,233,276,72,33,39
50011951,3935,2036,1899,3733,1935,1798,313,126,187,279,117,162,19,1,18,202,101,101,1838,793,1045,708,279,429,14,11,3,103,1,102,444,218,226,569,284,285,144,82,62
50011952,1464,756,708,1393,724,669,122,58,64,111,58,53,11,0,11,71,32,39,744,313,431,283,108,175,4,1,3,35,0,35,166,77,89,256,127,129,39,25,14
50011953,2867,1475,1392,2760,1423,1337,206,97,109,281,118,163,21,0,21,107,52,55,1718,759,959,736,291,445,10,5,5,64,0,64,356,161,195,552,302,250,62,35,27
50011954,11,8,3,11,8,3,1,0,1,1,1,0,0,0,0,0,0,0,14,7,7,5,2,3,0,0,0,1,0,1,1,0,1,7,5,2,0,0,0
50011955,1630,836,794,1565,803,762,100,45,55,160,68,92,13,0,13,65,33,32,1117,452,665,462,151,311,12,4,8,56,1,55,250,129,121,337,167,170,17,5,12
50011956,1366,744,622,1334,727,607,186,102,84,156,91,65,10,0,10,32,17,15,1033,465,568,418,165,253,5,3,2,43,0,43,203,97,106,364,200,164,28,15,13
50011957,1245,622,623,1206,604,602,85,29,56,157,86,71,12,0,12,39,18,21,881,366,515,388,128,260,5,2,3,36,0,36,175,91,84,277,145,132,28,13,15
50011958,846,436,410,823,425,398,45,23,22,111,49,62,5,0,5,23,11,12,679,271,408,342,112,230,4,2,2,20,0,20,100,51,49,213,106,107,23,15,8
50011959,25,15,10,23,13,10,2,1,1,3,1,2,1,0,1,2,2,0,20,10,10,7,3,4,0,0,0,0,0,0,9,5,4,4,2,2,1,0,1
50011960,1535,797,738,1455,761,694,86,50,36,166,83,83,7,0,7,80,36,44,1270,480,790,668,214,454,4,2,2,58,1,57,212,100,112,328,163,165,32,19,13
50011961,21,14,7,20,13,7,1,1,0,0,0,0,0,0,0,1,1,0,3,1,2,1,1,0,0,0,0,0,0,0,0,0,0,2,0,2,0,0,0
50011962,1412,742,670,1337,711,626,76,35,41,167,72,95,16,0,16,75,31,44,1128,463,665,615,222,393,7,4,3,41,0,41,189,94,95,276,143,133,41,21,20
50011963,397,213,184,380,207,173,24,10,14,43,22,21,2,0,2,17,6,11,358,156,202,195,77,118,3,2,1,15,1,14,52,26,26,93,50,43,7,4,3
50011965,83,41,42,81,40,41,7,4,3,1,0,1,0,0,0,2,1,1,22,9,13,6,2,4,0,0,0,0,0,0,7,3,4,9,4,5,4,1,3
50011966,1261,662,599,1218,645,573,82,34,48,169,85,84,4,0,4,43,17,26,1127,468,659,569,208,361,6,2,4,51,0,51,183,88,95,318,170,148,10,4,6
50011967,1518,798,720,1474,775,699,90,43,47,196,101,95,13,0,13,44,23,21,1276,529,747,569,215,354,7,2,5,50,0,50,241,114,127,409,198,211,16,9,7
50011969,2251,1142,1109,2150,1098,1052,143,59,84,217,105,112,17,0,17,101,44,57,1450,580,870,724,249,475,8,3,5,62,1,61,275,128,147,381,199,182,52,28,24
50011970,1375,743,632,1324,715,609,94,51,43,177,95,82,15,0,15,51,28,23,1115,458,657,489,179,310,7,5,2,40,0,40,217,99,118,362,175,187,13,5,8
1287240,0,0,0,0,0,0,0,0,0,0,0,0,0,0,0,0,0,0,0,0,0,0,0,0,0,0,0,0,0,0,0,0,0,0,0,0,0,0,0
3058710,0,0,0,0,0,0,0,0,0,0,0,0,0,0,0,0,0,0,0,0,0,0,0,0,0,0,0,0,0,0,0,0,0,0,0,0,0,0,0
3058800,0,0,0,0,0,0,0,0,0,0,0,0,0,0,0,0,0,0,0,0,0,0,0,0,0,0,0,0,0,0,0,0,0,0,0,0,0,0,0
3058980,0,0,0,0,0,0,0,0,0,0,0,0,0,0,0,0,0,0,0,0,0,0,0,0,0,0,0,0,0,0,0,0,0,0,0,0,0,0,0
3059010,0,0,0,0,0,0,0,0,0,0,0,0,0,0,0,0,0,0,0,0,0,0,0,0,0,0,0,0,0,0,0,0,0,0,0,0,0,0,0
3163420,0,0,0,0,0,0,0,0,0,0,0,0,0,0,0,0,0,0,0,0,0,0,0,0,0,0,0,0,0,0,0,0,0,0,0,0,0,0,0
3207730,0,0,0,0,0,0,0,0,0,0,0,0,0,0,0,0,0,0,0,0,0,0,0,0,0,0,0,0,0,0,0,0,0,0,0,0,0,0,0
50014301,658,339,319,633,326,307,53,21,32,66,31,35,5,0,5,25,13,12,388,170,218,128,53,75,8,6,2,15,1,14,81,32,49,156,78,78,32,15,17
50014302,154,80,74,143,73,70,13,7,6,16,4,12,0,0,0,11,7,4,76,34,42,25,8,17,1,1,0,7,0,7,15,7,8,28,18,10,9,3,6
50014303,231,127,104,218,119,99,16,8,8,27,14,13,0,0,0,13,8,5,191,77,114,83,36,47,2,0,2,11,0,11,36,16,20,59,25,34,2,1,1
50014304,2095,1076,1019,2013,1040,973,100,49,51,270,128,142,16,0,16,82,36,46,1423,639,784,559,236,323,5,4,1,79,0,79,312,160,152,468,239,229,37,18,19
50014305,507,262,245,494,259,235,38,20,18,53,24,29,4,0,4,13,3,10,365,157,208,147,51,96,4,3,1,14,0,14,74,35,39,126,68,58,5,3,2
50014306,2438,1226,1212,2326,1170,1156,179,72,107,205,89,116,25,0,25,112,56,56,1317,559,758,406,148,258,8,3,5,81,1,80,320,153,167,502,254,248,46,23,23
50014307,1077,552,525,1040,539,501,77,31,46,66,30,36,23,1,22,37,13,24,586,252,334,144,48,96,2,1,1,42,1,41,208,108,100,190,94,96,31,11,20
50014309,1428,723,705,1363,699,664,88,30,58,68,33,35,17,2,15,65,24,41,821,345,476,127,37,90,10,3,7,69,0,69,249,125,124,366,180,186,31,15,16
50014310,43,24,19,41,24,17,3,1,2,7,6,1,0,0,0,2,0,2,34,15,19,20,7,13,0,0,0,0,0,0,3,2,1,11,6,5,0,0,0
50014311,32,15,17,32,15,17,4,2,2,3,1,2,0,0,0,0,0,0,32,13,19,15,7,8,0,0,0,2,0,2,8,4,4,7,2,5,1,0,1
50014312,373,186,187,356,179,177,17,9,8,32,10,22,2,0,2,17,7,10,270,119,151,98,34,64,4,2,2,15,0,15,56,32,24,97,51,46,7,4,3
50014313,2104,1069,1035,2033,1038,995,145,66,79,214,102,112,26,1,25,71,31,40,1376,575,801,512,181,331,7,6,1,71,0,71,310,145,165,476,243,233,39,20,19
50014314,14,7,7,14,7,7,3,2,1,1,0,1,0,0,0,0,0,0,9,5,4,3,2,1,0,0,0,0,0,0,1,1,0,5,2,3,2,0,2
50014315,1024,538,486,986,524,462,61,16,45,115,65,50,11,0,11,38,14,24,815,343,472,272,99,173,5,1,4,42,1,41,205,97,108,291,145,146,24,12,12
50014317,312,165,147,305,164,141,21,13,8,13,3,10,3,0,3,7,1,6,132,50,82,20,9,11,0,0,0,19,0,19,58,26,32,35,15,20,4,0,4
50014318,1913,983,930,1824,949,875,90,43,47,264,127,137,16,0,16,89,34,55,1321,550,771,587,228,359,6,4,2,69,0,69,295,132,163,364,186,178,30,10,20
50014319,388,211,177,379,207,172,22,9,13,46,22,24,7,0,7,9,4,5,286,111,175,123,45,78,2,1,1,13,0,13,66,26,40,82,39,43,6,3,3
50014321,365,192,173,357,188,169,21,13,8,39,22,17,7,0,7,8,4,4,234,102,132,90,35,55,0,0,0,17,0,17,69,38,31,58,29,29,5,2,3
50014322,751,400,351,723,389,334,50,29,21,61,28,33,5,0,5,28,11,17,582,254,328,256,92,164,12,10,2,22,0,22,112,55,57,180,97,83,15,8,7
50014323,1301,685,616,1268,669,599,98,52,46,143,70,73,10,0,10,33,16,17,1041,415,626,435,152,283,13,4,9,37,0,37,229,105,124,327,154,173,44,22,22
50014324,2381,1253,1128,2287,1208,1079,164,73,91,345,178,167,20,1,19,94,45,49,1848,803,1045,855,321,534,10,5,5,64,0,64,339,177,162,580,300,280,50,21,29
50014325,2371,1333,1038,2220,1260,960,191,93,98,137,60,77,14,0,14,151,73,78,952,410,542,320,128,192,11,6,5,47,1,46,222,105,117,352,170,182,106,56,50
50014326,357,185,172,347,180,167,21,10,11,14,7,7,4,0,4,10,5,5,226,104,122,37,15,22,3,2,1,13,0,13,58,28,30,115,59,56,12,6,6
50014327,182,96,86,175,94,81,13,5,8,14,8,6,0,0,0,7,2,5,119,60,59,23,10,13,1,0,1,5,0,5,23,14,9,67,36,31,4,4,0
50014328,197,116,81,182,110,72,9,3,6,5,2,3,1,0,1,15,6,9,72,33,39,11,5,6,4,3,1,5,1,4,22,9,13,30,15,15,15,7,8
50014329,65,43,22,62,42,20,11,6,5,2,2,0,0,0,0,3,1,2,54,24,30,0,0,0,0,0,0,0,0,0,2,0,2,52,24,28,6,2,4
50014330,1904,979,925,1814,931,883,174,68,106,120,47,73,12,0,12,90,48,42,816,352,464,272,106,166,17,11,6,29,2,27,171,69,102,327,164,163,97,44,53
50014331,24,12,12,24,12,12,0,0,0,0,0,0,0,0,0,0,0,0,8,2,6,0,0,0,1,0,1,0,0,0,1,0,1,6,2,4,0,0,0
50014332,21,15,6,21,15,6,1,1,0,0,0,0,0,0,0,0,0,0,8,4,4,3,1,2,0,0,0,0,0,0,1,1,0,4,2,2,0,0,0
50014333,1610,823,787,1516,779,737,136,65,71,123,57,66,15,0,15,94,44,50,788,339,449,336,129,207,3,1,2,33,2,31,174,90,84,242,117,125,43,26,17
50014334,843,451,392,801,434,367,74,37,37,51,20,31,4,0,4,42,17,25,386,164,222,142,53,89,4,4,0,18,0,18,100,46,54,122,61,61,26,16,10
50014335,1185,620,565,1149,599,550,81,40,41,128,61,67,15,0,15,36,21,15,796,316,480,329,120,209,5,3,2,40,2,38,174,73,101,248,118,130,34,17,17
50014336,2801,1456,1345,2659,1395,1264,192,75,117,202,87,115,23,0,23,142,61,81,1474,598,876,509,176,333,16,7,9,61,1,60,358,165,193,530,249,281,114,61,53
50014338,2925,1634,1291,2702,1494,1208,214,88,126,244,116,128,12,0,12,223,140,83,1411,613,798,519,210,309,31,19,12,49,2,47,323,146,177,489,236,253,402,278,124
50014339,794,415,379,756,402,354,71,28,43,62,29,33,8,0,8,38,13,25,457,190,267,168,57,111,1,0,1,16,0,16,94,46,48,178,87,91,34,20,14
50014340,969,522,447,934,498,436,51,27,24,134,66,68,10,0,10,35,24,11,697,307,390,280,107,173,1,1,0,29,0,29,140,71,69,247,128,119,29,19,10
50014341,94,69,25,93,69,24,0,0,0,1,1,0,0,0,0,1,0,1,6,4,2,5,4,1,0,0,0,0,0,0,0,0,0,1,0,1,8,6,2
50014342,1438,760,678,1405,743,662,92,42,50,160,81,79,8,0,8,33,17,16,1011,428,583,471,180,291,5,2,3,42,1,41,197,99,98,296,146,150,35,19,16
50014343,190,117,73,176,109,67,13,4,9,12,8,4,0,0,0,14,8,6,99,56,43,31,17,14,0,0,0,5,0,5,32,25,7,31,14,17,7,6,1
50014344,1808,895,913,1689,848,841,142,54,88,151,80,71,14,0,14,119,47,72,1009,410,599,403,144,259,7,4,3,51,0,51,219,97,122,329,165,164,74,36,38
50014345,433,230,203,420,221,199,31,13,18,17,6,11,8,1,7,13,9,4,233,114,119,32,13,19,2,2,0,22,0,22,99,54,45,78,45,33,8,2,6
50014346,2190,1130,1060,2077,1075,1002,178,86,92,137,64,73,5,0,5,113,55,58,980,395,585,417,140,277,3,3,0,43,1,42,214,96,118,303,155,148,69,40,29
50014348,2685,1390,1295,2584,1339,1245,180,84,96,311,152,159,19,0,19,101,51,50,1936,831,1105,769,293,476,11,7,4,88,1,87,406,181,225,662,349,313,44,29,15
50014349,479,253,226,457,243,214,29,15,14,64,27,37,5,0,5,22,10,12,331,133,198,147,57,90,2,1,1,20,0,20,80,38,42,82,37,45,11,5,6
50014350,2137,1110,1027,2078,1078,1000,120,58,62,236,108,128,20,0,20,59,32,27,1673,723,950,660,263,397,16,7,9,80,0,80,358,172,186,559,281,278,45,16,29
50014352,47,20,27,46,19,27,0,0,0,7,2,5,1,0,1,1,1,0,3,1,2,2,1,1,0,0,0,0,0,0,1,0,1,0,0,0,3,2,1
50014353,2098,1141,957,2002,1091,911,134,66,68,189,97,92,12,0,12,96,50,46,1432,635,797,579,238,341,14,10,4,63,0,63,281,128,153,495,259,236,58,34,24
50014355,823,438,385,800,427,373,68,27,41,16,8,8,11,0,11,23,11,12,378,150,228,19,8,11,6,3,3,40,1,39,165,76,89,148,62,86,20,9,11
50014357,18,10,8,17,9,8,1,1,0,1,0,1,0,0,0,1,1,0,7,3,4,1,1,0,0,0,0,0,0,0,1,0,1,5,2,3,0,0,0
50014358,37,24,13,36,24,12,4,3,1,5,4,1,0,0,0,1,0,1,15,7,8,4,2,2,0,0,0,0,0,0,5,2,3,6,3,3,0,0,0
50014360,1503,792,711,1460,774,686,100,47,53,61,27,34,21,0,21,43,18,25,916,406,510,115,48,67,9,8,1,58,0,58,314,135,179,420,215,205,53,26,27
50014361,20,9,11,19,8,11,1,0,1,3,2,1,0,0,0,1,1,0,8,4,4,2,1,1,0,0,0,0,0,0,1,1,0,5,2,3,0,0,0
50014362,150,81,69,148,80,68,12,5,7,4,3,1,5,0,5,2,1,1,94,40,54,9,4,5,2,1,1,9,0,9,38,19,19,36,16,20,1,0,1
50014363,490,261,229,472,253,219,48,22,26,44,26,18,3,0,3,18,8,10,217,94,123,73,27,46,1,0,1,12,0,12,55,29,26,76,38,38,10,3,7
50014364,17,11,6,17,11,6,1,0,1,1,0,1,0,0,0,0,0,0,5,2,3,1,0,1,0,0,0,0,0,0,1,0,1,3,2,1,2,0,2
50014365,1666,837,829,1617,811,806,113,55,58,216,99,117,11,0,11,49,26,23,1276,504,772,573,203,370,7,1,6,57,1,56,259,112,147,380,187,193,17,12,5
1294370,0,0,0,0,0,0,0,0,0,0,0,0,0,0,0,0,0,0,0,0,0,0,0,0,0,0,0,0,0,0,0,0,0,0,0,0,0,0,0
1296400,0,0,0,0,0,0,0,0,0,0,0,0,0,0,0,0,0,0,0,0,0,0,0,0,0,0,0,0,0,0,0,0,0,0,0,0,0,0,0
1297390,0,0,0,0,0,0,0,0,0,0,0,0,0,0,0,0,0,0,0,0,0,0,0,0,0,0,0,0,0,0,0,0,0,0,0,0,0,0,0
1297470,0,0,0,0,0,0,0,0,0,0,0,0,0,0,0,0,0,0,0,0,0,0,0,0,0,0,0,0,0,0,0,0,0,0,0,0,0,0,0
1298520,0,0,0,0,0,0,0,0,0,0,0,0,0,0,0,0,0,0,0,0,0,0,0,0,0,0,0,0,0,0,0,0,0,0,0,0,0,0,0
3059360,0,0,0,0,0,0,0,0,0,0,0,0,0,0,0,0,0,0,0,0,0,0,0,0,0,0,0,0,0,0,0,0,0,0,0,0,0,0,0
3248920,0,0,0,0,0,0,0,0,0,0,0,0,0,0,0,0,0,0,0,0,0,0,0,0,0,0,0,0,0,0,0,0,0,0,0,0,0,0,0
3327980,0,0,0,0,0,0,0,0,0,0,0,0,0,0,0,0,0,0,0,0,0,0,0,0,0,0,0,0,0,0,0,0,0,0,0,0,0,0,0
50017801,136,68,68,133,65,68,10,5,5,14,9,5,2,0,2,3,3,0,116,54,62,33,15,18,5,2,3,4,0,4,27,8,19,47,29,18,8,4,4
50017802,493,264,229,474,255,219,39,18,21,53,25,28,3,0,3,19,9,10,331,140,191,124,45,79,6,4,2,19,0,19,79,40,39,103,51,52,19,9,10
50017804,420,219,201,391,204,187,29,14,15,39,17,22,2,0,2,29,15,14,322,140,182,112,49,63,4,3,1,19,0,19,71,29,42,116,59,57,3,0,3
50017805,178,100,78,175,100,75,11,6,5,24,13,11,3,0,3,3,0,3,173,77,96,73,33,40,1,1,0,7,0,7,39,20,19,53,23,30,1,0,1
50017806,16,8,8,16,8,8,1,1,0,1,1,0,0,0,0,0,0,0,4,1,3,3,1,2,0,0,0,0,0,0,0,0,0,1,0,1,0,0,0
50017807,132,91,41,127,86,41,4,2,2,16,10,6,0,0,0,5,5,0,57,28,29,33,17,16,1,1,0,0,0,0,3,0,3,20,10,10,1,1,0
50017808,2056,1036,1020,1983,997,986,125,55,70,310,139,171,15,0,15,73,39,34,1624,680,944,897,334,563,2,0,2,51,0,51,281,143,138,393,203,190,40,26,14
50017809,135,73,62,135,73,62,15,6,9,9,4,5,0,0,0,0,0,0,5,2,3,1,0,1,0,0,0,0,0,0,2,0,2,2,2,0,1,1,0
50017810,1716,1032,684,1527,878,649,107,63,44,164,81,83,11,0,11,189,154,35,1278,640,638,400,157,243,5,3,2,31,0,31,413,278,135,429,202,227,26,15,11
50017811,15,7,8,15,7,8,1,0,1,2,0,2,0,0,0,0,0,0,4,1,3,0,0,0,0,0,0,0,0,0,2,1,1,2,0,2,1,1,0
50017812,1091,583,508,1061,570,491,59,29,30,159,81,78,9,2,7,30,13,17,911,399,512,388,141,247,15,10,5,35,0,35,175,82,93,298,166,132,22,14,8
50017813,1215,652,563,1171,632,539,79,40,39,139,71,68,8,0,8,44,20,24,885,356,529,354,126,228,9,6,3,45,0,45,198,85,113,279,139,140,18,9,9
50017814,436,225,211,419,217,202,17,7,10,65,40,25,4,0,4,17,8,9,317,136,181,105,43,62,3,2,1,13,1,12,59,19,40,137,71,66,8,5,3
50017815,26,13,13,25,13,12,0,0,0,3,1,2,0,0,0,1,0,1,31,11,20,12,5,7,0,0,0,1,0,1,7,3,4,11,3,8,0,0,0
50017816,1566,805,761,1513,781,732,120,59,61,171,83,88,17,0,17,53,24,29,1202,469,733,623,213,410,9,5,4,52,0,52,217,99,118,301,152,149,24,14,10
50017817,309,159,150,301,156,145,39,22,17,46,20,26,1,0,1,8,3,5,294,130,164,113,44,69,1,1,0,10,0,10,50,29,21,120,56,64,8,3,5
50017818,139,78,61,134,74,60,4,4,0,5,4,1,2,0,2,5,4,1,112,60,52,7,2,5,4,2,2,6,0,6,37,18,19,58,38,20,12,4,8
50017819,303,157,146,292,148,144,15,5,10,41,16,25,4,0,4,11,9,2,321,141,180,153,68,85,5,2,3,10,0,10,63,29,34,90,42,48,6,2,4
50017820,852,462,390,827,449,378,52,22,30,107,55,52,7,1,6,25,13,12,738,319,419,336,127,209,5,3,2,31,0,31,127,66,61,239,123,116,8,3,5
50017821,26,18,8,24,17,7,0,0,0,1,0,1,1,0,1,2,1,1,12,5,7,6,3,3,0,0,0,0,0,0,2,1,1,4,1,3,0,0,0
50017822,346,171,175,340,167,173,99,47,52,19,6,13,2,0,2,6,4,2,388,125,263,204,48,156,1,0,1,8,0,8,49,19,30,126,58,68,11,7,4
50017823,3891,2037,1854,3747,1966,1781,313,141,172,345,186,159,34,0,34,144,71,73,2513,1052,1461,873,323,550,30,16,14,110,3,107,571,254,317,929,456,473,106,54,52
50017824,1019,523,496,987,504,483,74,33,41,168,82,86,4,0,4,32,19,13,866,359,507,443,166,277,10,7,3,38,1,37,159,74,85,216,111,105,18,7,11
50017825,551,401,150,539,391,148,385,278,107,8,6,2,2,0,2,12,10,2,537,373,164,11,5,6,1,1,0,1,1,0,6,4,2,518,362,156,22,15,7
50017826,837,422,415,813,411,402,54,24,30,135,68,67,9,0,9,24,11,13,672,287,385,329,127,202,9,6,3,18,0,18,133,58,75,183,96,87,19,12,7
50017827,32,13,19,31,13,18,3,2,1,4,1,3,0,0,0,1,0,1,60,19,41,44,13,31,0,0,0,3,0,3,6,2,4,7,4,3,0,0,0
50017828,3100,1537,1563,2995,1489,1506,276,132,144,309,147,162,27,1,26,105,48,57,2034,815,1219,1043,363,680,14,8,6,90,1,89,375,181,194,512,262,250,89,47,42
50017829,1472,782,690,1425,756,669,326,177,149,157,75,82,12,1,11,47,26,21,1202,506,696,497,168,329,3,2,1,43,0,43,177,93,84,482,243,239,39,18,21
50017830,1223,640,583,1185,620,565,88,46,42,170,94,76,10,0,10,38,20,18,1169,476,693,507,167,340,20,12,8,36,0,36,222,103,119,384,194,190,28,12,16
50017831,2502,1284,1218,2429,1249,1180,226,113,113,259,120,139,20,1,19,73,35,38,1601,670,931,623,235,388,26,14,12,68,0,68,320,152,168,564,269,295,69,27,42
50017832,2445,1262,1183,2362,1213,1149,183,85,98,250,117,133,23,1,22,83,49,34,1861,745,1116,816,269,547,13,7,6,85,2,83,415,188,227,532,279,253,83,36,47
50017833,647,326,321,626,316,310,61,27,34,48,22,26,1,0,1,21,10,11,422,177,245,176,66,110,1,1,0,21,0,21,90,44,46,134,66,68,13,6,7
50017834,663,358,305,642,345,297,42,23,19,60,32,28,6,0,6,21,13,8,460,209,251,131,51,80,1,1,0,25,0,25,119,56,63,184,101,83,20,7,13
50017835,1744,900,844,1669,870,799,124,53,71,202,87,115,10,1,9,75,30,45,1240,494,746,602,195,407,12,7,5,39,0,39,235,110,125,352,182,170,57,22,35
50017836,18,11,7,18,11,7,0,0,0,0,0,0,0,0,0,0,0,0,17,8,9,1,0,1,0,0,0,0,0,0,4,1,3,12,7,5,0,0,0
50017837,63,31,32,59,29,30,4,1,3,5,2,3,0,0,0,4,2,2,49,24,25,30,16,14,0,0,0,0,0,0,4,2,2,15,6,9,1,1,0
50017838,2899,1488,1411,2802,1440,1362,259,127,132,308,143,165,24,0,24,97,48,49,2102,843,1259,1062,369,693,11,4,7,99,0,99,391,198,193,539,272,267,62,32,30
50017839,1579,841,738,1530,822,708,151,74,77,158,70,88,5,0,5,49,19,30,1209,523,686,517,196,321,10,4,6,42,0,42,241,102,139,399,221,178,43,17,26
50017840,1142,561,581,1103,544,559,114,58,56,126,56,70,9,0,9,39,17,22,784,351,433,308,111,197,3,2,1,39,0,39,163,92,71,271,146,125,22,13,9
50017842,42,23,19,40,22,18,0,0,0,9,5,4,0,0,0,2,1,1,30,14,16,11,5,6,2,2,0,1,0,1,4,0,4,12,7,5,1,1,0
50017843,103,63,40,100,60,40,59,35,24,5,3,2,1,0,1,3,3,0,169,88,81,4,1,3,2,1,1,0,0,0,5,2,3,158,84,74,6,5,1
50017844,2436,1284,1152,2379,1252,1127,212,101,111,212,106,106,17,1,16,57,32,25,1378,585,793,492,185,307,17,8,9,62,2,60,320,144,176,487,246,241,72,39,33
50017845,2369,1221,1148,2296,1189,1107,221,97,124,288,148,140,16,0,16,73,32,41,1636,684,952,673,237,436,15,10,5,53,0,53,302,142,160,593,295,298,41,22,19
50017847,93,60,33,91,59,32,10,6,4,1,0,1,1,0,1,2,1,1,53,22,31,18,7,11,1,0,1,2,1,1,17,7,10,15,7,8,2,1,1
50017848,191,108,83,183,104,79,11,8,3,16,11,5,0,0,0,8,4,4,174,76,98,53,26,27,3,2,1,6,0,6,34,14,20,78,34,44,12,6,6
50017849,876,457,419,850,446,404,65,30,35,39,19,20,6,0,6,26,11,15,568,239,329,98,32,66,12,5,7,32,0,32,180,80,100,246,122,124,38,12,26
50017850,200,102,98,194,101,93,13,7,6,15,9,6,3,0,3,6,1,5,198,82,116,48,19,29,9,3,6,5,0,5,49,18,31,87,42,45,3,0,3
50017852,1333,704,629,1297,686,611,171,100,71,199,87,112,17,2,15,36,18,18,1038,423,615,521,168,353,7,3,4,30,2,28,171,81,90,309,169,140,28,20,8
50017853,698,358,340,685,354,331,48,24,24,152,76,76,8,0,8,13,4,9,659,285,374,296,112,184,7,5,2,18,0,18,119,54,65,219,114,105,14,8,6
50017854,3770,1958,1812,3666,1910,1756,294,144,150,492,264,228,31,0,31,104,48,56,3134,1339,1795,1181,440,741,33,16,17,115,1,114,630,302,328,1175,580,595,88,32,56
50017855,5468,2889,2579,5225,2748,2477,534,237,297,543,260,283,44,1,43,243,141,102,3387,1515,1872,1275,488,787,40,21,19,131,1,130,746,382,364,1195,623,572,364,255,109
50017856,3139,1607,1532,3033,1549,1484,265,119,146,361,160,201,25,0,25,106,58,48,2032,872,1160,766,274,492,17,10,7,89,0,89,439,218,221,721,370,351,58,29,29
50017857,329,181,148,322,181,141,26,14,12,28,18,10,3,0,3,7,0,7,211,92,119,42,11,31,3,1,2,5,0,5,60,22,38,101,58,43,26,17,9
50017858,135,74,61,132,73,59,9,6,3,15,7,8,1,0,1,3,1,2,60,28,32,26,9,17,2,2,0,2,0,2,15,7,8,15,10,5,2,1,1
50017859,190,102,88,182,97,85,16,8,8,19,10,9,3,0,3,8,5,3,107,46,61,39,15,24,1,1,0,2,0,2,25,10,15,40,20,20,4,2,2
50017860,19,12,7,19,12,7,5,3,2,1,1,0,0,0,0,0,0,0,6,4,2,2,2,0,0,0,0,0,0,0,0,0,0,4,2,2,0,0,0
1302220,0,0,0,0,0,0,0,0,0,0,0,0,0,0,0,0,0,0,0,0,0,0,0,0,0,0,0,0,0,0,0,0,0,0,0,0,0,0,0
1303200,0,0,0,0,0,0,0,0,0,0,0,0,0,0,0,0,0,0,0,0,0,0,0,0,0,0,0,0,0,0,0,0,0,0,0,0,0,0,0
3059440,0,0,0,0,0,0,0,0,0,0,0,0,0,0,0,0,0,0,0,0,0,0,0,0,0,0,0,0,0,0,0,0,0,0,0,0,0,0,0
3327630,0,0,0,0,0,0,0,0,0,0,0,0,0,0,0,0,0,0,0,0,0,0,0,0,0,0,0,0,0,0,0,0,0,0,0,0,0,0,0
50018601,3347,1738,1609,3233,1687,1546,255,124,131,313,161,152,23,0,23,114,51,63,1969,859,1110,692,258,434,19,12,7,91,1,90,467,224,243,700,364,336,113,65,48
50018602,3571,1885,1686,3386,1795,1591,260,113,147,289,133,156,28,0,28,185,90,95,1870,775,1095,738,262,476,21,13,8,99,3,96,450,214,236,562,283,279,234,147,87
50018604,3131,1655,1476,3004,1596,1408,226,102,124,238,126,112,26,0,26,127,59,68,1524,604,920,605,216,389,11,7,4,80,2,78,398,188,210,430,191,239,97,55,42
50018605,2915,1511,1404,2804,1454,1350,262,122,140,187,91,96,25,0,25,111,57,54,1673,726,947,571,216,355,15,8,7,75,0,75,410,211,199,602,291,311,102,55,47
50018606,483,283,200,377,209,168,24,8,16,9,4,5,12,0,12,106,74,32,203,95,108,35,24,11,2,2,0,18,0,18,90,42,48,58,27,31,14,10,4
50018607,3534,1875,1659,3370,1806,1564,256,119,137,291,135,156,23,0,23,164,69,95,1900,778,1122,765,265,500,21,13,8,103,1,102,453,240,213,558,259,299,122,67,55
50018608,356,219,137,341,211,130,39,14,25,18,6,12,2,0,2,15,8,7,193,86,107,49,25,24,2,2,0,11,0,11,35,21,14,96,38,58,23,22,1
50018610,11,4,7,10,4,6,0,0,0,0,0,0,0,0,0,1,0,1,9,5,4,0,0,0,0,0,0,0,0,0,3,1,2,6,4,2,2,1,1
50018611,1248,704,544,1197,683,514,58,18,40,35,21,14,15,1,14,51,21,30,520,230,290,42,19,23,11,5,6,38,0,38,229,106,123,200,100,100,38,14,24
50018612,5256,2768,2488,5050,2658,2392,460,200,260,533,256,277,31,0,31,206,110,96,3075,1266,1809,1225,430,795,23,10,13,130,4,126,648,313,335,1049,509,540,131,86,45
50018616,45,26,19,40,25,15,6,6,0,4,3,1,0,0,0,5,1,4,19,12,7,1,1,0,0,0,0,0,0,0,8,5,3,10,6,4,0,0,0
50018617,4137,2136,2001,3998,2052,1946,314,139,175,325,161,164,35,0,35,139,84,55,2456,1067,1389,724,277,447,25,16,9,148,2,146,652,316,336,907,456,451,121,72,49
1303380,0,0,0,0,0,0,0,0,0,0,0,0,0,0,0,0,0,0,0,0,0,0,0,0,0,0,0,0,0,0,0,0,0,0,0,0,0,0,0
1303620,0,0,0,0,0,0,0,0,0,0,0,0,0,0,0,0,0,0,0,0,0,0,0,0,0,0,0,0,0,0,0,0,0,0,0,0,0,0,0
1305670,0,0,0,0,0,0,0,0,0,0,0,0,0,0,0,0,0,0,0,0,0,0,0,0,0,0,0,0,0,0,0,0,0,0,0,0,0,0,0
1305750,0,0,0,0,0,0,0,0,0,0,0,0,0,0,0,0,0,0,0,0,0,0,0,0,0,0,0,0,0,0,0,0,0,0,0,0,0,0,0
1305830,0,0,0,0,0,0,0,0,0,0,0,0,0,0,0,0,0,0,0,0,0,0,0,0,0,0,0,0,0,0,0,0,0,0,0,0,0,0,0
1307960,0,0,0,0,0,0,0,0,0,0,0,0,0,0,0,0,0,0,0,0,0,0,0,0,0,0,0,0,0,0,0,0,0,0,0,0,0,0,0
1309230,0,0,0,0,0,0,0,0,0,0,0,0,0,0,0,0,0,0,0,0,0,0,0,0,0,0,0,0,0,0,0,0,0,0,0,0,0,0,0
1309310,0,0,0,0,0,0,0,0,0,0,0,0,0,0,0,0,0,0,0,0,0,0,0,0,0,0,0,0,0,0,0,0,0,0,0,0,0,0,0
1309740,0,0,0,0,0,0,0,0,0,0,0,0,0,0,0,0,0,0,0,0,0,0,0,0,0,0,0,0,0,0,0,0,0,0,0,0,0,0,0
3059870,0,0,0,0,0,0,0,0,0,0,0,0,0,0,0,0,0,0,0,0,0,0,0,0,0,0,0,0,0,0,0,0,0,0,0,0,0,0,0
3169890,0,0,0,0,0,0,0,0,0,0,0,0,0,0,0,0,0,0,0,0,0,0,0,0,0,0,0,0,0,0,0,0,0,0,0,0,0,0,0
50020801,985,502,483,959,487,472,64,29,35,127,62,65,12,1,11,26,15,11,884,361,523,442,164,278,4,2,2,27,0,27,161,79,82,250,116,134,17,13,4
50020802,735,361,374,710,352,358,46,17,29,71,37,34,7,0,7,25,9,16,483,210,273,122,45,77,13,8,5,24,0,24,107,46,61,217,111,106,18,7,11
50020803,2063,1057,1006,1958,998,960,105,39,66,300,138,162,15,0,15,105,59,46,1729,720,1009,965,359,606,6,5,1,59,1,58,251,133,118,448,222,226,32,16,16
50020804,264,141,123,256,141,115,17,8,9,40,21,19,1,0,1,8,0,8,209,102,107,85,37,48,2,1,1,10,0,10,40,21,19,72,43,29,2,2,0
50020805,3119,1615,1504,3010,1562,1448,160,77,83,329,161,168,16,0,16,109,53,56,2228,940,1288,1023,386,637,11,6,5,85,1,84,350,163,187,759,384,375,68,35,33
50020806,908,467,441,861,439,422,22,8,14,151,78,73,1,0,1,47,28,19,881,277,604,653,176,477,2,2,0,15,0,15,69,31,38,142,68,74,18,14,4
50020807,3521,1812,1709,3367,1733,1634,183,97,86,461,225,236,24,0,24,154,79,75,3051,1298,1753,1558,593,965,10,3,7,127,3,124,506,236,270,850,463,387,41,16,25
50020808,3437,1721,1716,3294,1648,1646,164,77,87,454,191,263,31,0,31,143,73,70,2851,1178,1673,1476,546,930,9,5,4,111,0,111,467,239,228,788,388,400,51,30,21
50020809,209,118,91,186,96,90,7,3,4,38,22,16,0,0,0,23,22,1,287,166,121,203,120,83,0,0,0,5,0,5,55,36,19,24,10,14,2,2,0
50020810,584,304,280,560,291,269,30,17,13,77,40,37,2,0,2,24,13,11,539,238,301,235,91,144,2,2,0,27,1,26,79,36,43,196,108,88,4,1,3
50020812,35,19,16,32,18,14,2,1,1,2,1,1,0,0,0,3,1,2,25,10,15,3,0,3,1,1,0,1,0,1,10,2,8,10,7,3,0,0,0
50020816,3303,1676,1627,3184,1615,1569,201,89,112,479,226,253,18,0,18,119,61,58,2867,1214,1653,1459,547,912,12,8,4,104,0,104,440,216,224,852,443,409,49,21,28
50020817,189,94,95,184,92,92,9,3,6,8,2,6,2,0,2,5,2,3,166,76,90,14,5,9,0,0,0,15,0,15,67,36,31,70,35,35,2,0,2
50020818,1234,655,579,1179,636,543,68,34,34,175,94,81,5,0,5,55,19,36,1007,392,615,606,216,390,4,1,3,31,0,31,130,56,74,236,119,117,21,16,5
50020819,442,239,203,419,228,191,41,21,20,33,13,20,4,0,4,23,11,12,291,130,161,99,43,56,1,0,1,10,0,10,77,37,40,104,50,54,7,6,1
50020821,1538,799,739,1473,766,707,101,43,58,160,86,74,11,0,11,65,33,32,1053,410,643,418,147,271,8,1,7,62,1,61,230,102,128,335,159,176,31,15,16
50020822,1337,722,615,1280,692,588,100,53,47,146,72,74,3,0,3,57,30,27,1001,428,573,405,155,250,15,6,9,51,2,49,199,101,98,331,164,167,15,5,10
50020823,2668,1377,1291,2570,1336,1234,172,78,94,300,140,160,24,0,24,98,41,57,2102,843,1259,1039,385,654,6,4,2,81,2,79,362,165,197,614,287,327,55,27,28
50020824,1053,544,509,1012,523,489,58,29,29,122,56,66,8,0,8,41,21,20,845,308,537,485,160,325,7,4,3,26,0,26,114,59,55,213,85,128,15,10,5
50020826,1434,739,695,1389,714,675,81,42,39,208,107,101,9,0,9,45,25,20,1374,519,855,829,273,556,3,2,1,41,0,41,182,78,104,319,166,153,21,10,11
50020827,329,176,153,311,171,140,28,11,17,37,19,18,2,0,2,18,5,13,308,133,175,153,61,92,4,2,2,9,0,9,39,16,23,103,54,49,3,2,1
50020828,1221,633,588,1178,611,567,54,20,34,140,65,75,14,0,14,43,22,21,1191,472,719,690,234,456,1,0,1,35,1,34,178,97,81,287,140,147,20,9,11
50020829,2148,1087,1061,2036,1038,998,138,59,79,285,133,152,15,0,15,112,49,63,1828,736,1092,1030,377,653,2,1,1,66,3,63,282,131,151,448,224,224,56,32,24
50020830,208,104,104,204,103,101,14,8,6,36,15,21,1,1,0,4,1,3,200,82,118,76,26,50,2,0,2,5,0,5,26,10,16,91,46,45,2,0,2
50020831,2495,1281,1214,2398,1232,1166,156,75,81,357,162,195,18,0,18,97,49,48,2432,906,1526,1592,527,1065,10,7,3,60,0,60,271,123,148,499,249,250,57,29,28
50020832,659,494,165,538,405,133,8,3,5,41,23,18,1,0,1,121,89,32,305,180,125,113,75,38,1,1,0,6,0,6,114,67,47,71,37,34,368,264,104
50020833,2444,1305,1139,2306,1248,1058,149,69,80,169,86,83,18,0,18,138,57,81,1122,470,652,428,170,258,7,4,3,68,1,67,277,141,136,342,154,188,94,52,42
50020834,2825,1533,1292,2670,1456,1214,192,83,109,183,86,97,23,0,23,155,77,78,1265,530,735,414,165,249,12,7,5,71,1,70,350,158,192,418,199,219,115,55,60
50020835,1232,650,582,1194,628,566,81,41,40,123,58,65,7,0,7,38,22,16,775,338,437,250,96,154,4,3,1,29,0,29,188,79,109,304,160,144,35,19,16
50020836,278,171,107,260,160,100,14,5,9,16,9,7,1,0,1,18,11,7,135,47,88,86,24,62,3,3,0,3,0,3,12,3,9,31,17,14,16,15,1
50020837,3033,1609,1424,2886,1537,1349,235,109,126,229,103,126,19,0,19,147,72,75,1424,626,798,513,191,322,13,7,6,74,0,74,358,180,178,466,248,218,87,44,43
50020838,1774,931,843,1697,895,802,114,47,67,211,103,108,19,0,19,77,36,41,1168,490,678,479,191,288,10,4,6,54,0,54,258,116,142,367,179,188,47,27,20
50020839,521,278,243,504,273,231,127,76,51,47,27,20,3,0,3,17,5,12,356,157,199,101,41,60,1,0,1,15,0,15,61,28,33,178,88,90,16,8,8
50020840,47,33,14,46,32,14,5,3,2,7,6,1,0,0,0,1,1,0,14,7,7,10,5,5,0,0,0,0,0,0,2,1,1,2,1,1,2,0,2
50020841,1562,831,731,1511,808,703,109,46,63,162,89,73,12,0,12,51,23,28,1009,431,578,413,160,253,5,2,3,40,0,40,202,83,119,349,186,163,54,26,28
50020842,92,54,38,87,53,34,6,2,4,9,5,4,0,0,0,5,1,4,35,18,17,12,7,5,0,0,0,2,0,2,8,5,3,13,6,7,1,1,0
50020843,344,204,140,331,202,129,14,5,9,6,3,3,3,0,3,13,2,11,160,66,94,15,9,6,3,1,2,11,0,11,78,33,45,53,23,30,21,6,15
50020844,2261,1142,1119,2153,1090,1063,151,70,81,154,71,83,14,0,14,108,52,56,1017,433,584,336,123,213,7,5,2,49,0,49,269,133,136,356,172,184,49,30,19
50020845,660,376,284,641,369,272,44,21,23,8,3,5,11,0,11,19,7,12,266,110,156,20,7,13,11,5,6,20,1,19,129,60,69,86,37,49,56,31,25
50020846,2883,1485,1398,2716,1405,1311,240,108,132,183,77,106,23,0,23,167,80,87,1212,530,682,367,142,225,11,7,4,67,0,67,304,148,156,463,233,230,79,48,31
50020847,3088,1674,1414,2962,1606,1356,219,92,127,194,87,107,23,0,23,126,68,58,1446,612,834,462,167,295,14,8,6,68,0,68,394,193,201,508,244,264,99,52,47
50020849,1479,791,688,1409,764,645,94,53,41,117,44,73,14,0,14,70,27,43,938,386,552,397,132,265,10,5,5,49,1,48,216,102,114,266,146,120,55,32,23
1311640,0,0,0,0,0,0,0,0,0,0,0,0,0,0,0,0,0,0,0,0,0,0,0,0,0,0,0,0,0,0,0,0,0,0,0,0,0,0,0
50021601,18,13,5,17,12,5,1,1,0,5,4,1,0,0,0,1,1,0,13,5,8,9,2,7,0,0,0,0,0,0,1,1,0,3,2,1,6,2,4
50021602,1918,995,923,1850,971,879,148,74,74,54,21,33,23,0,23,68,24,44,901,372,529,100,36,64,11,5,6,82,0,82,330,160,170,378,171,207,51,19,32
50021603,2525,1298,1227,2409,1236,1173,112,45,67,326,146,180,13,0,13,116,62,54,2123,809,1314,1188,396,792,5,4,1,83,0,83,290,132,158,557,277,280,62,28,34
50021604,1901,944,957,1820,907,913,98,42,56,197,88,109,15,0,15,81,37,44,1454,581,873,731,256,475,6,6,0,67,1,66,256,127,129,394,191,203,38,20,18
50021605,862,446,416,823,423,400,50,22,28,105,49,56,3,0,3,39,23,16,824,333,491,490,179,311,4,4,0,24,0,24,98,43,55,208,107,101,7,3,4
50021606,2386,1193,1193,2287,1147,1140,130,58,72,176,79,97,22,0,22,99,46,53,1286,532,754,469,170,299,4,1,3,66,1,65,307,150,157,440,210,230,53,35,18
50021607,479,253,226,457,243,214,26,13,13,29,13,16,5,0,5,22,10,12,307,126,181,37,10,27,0,0,0,21,1,20,86,33,53,163,82,81,9,3,6
50021608,205,101,104,186,89,97,20,8,12,3,2,1,2,0,2,19,12,7,25,12,13,8,5,3,0,0,0,2,0,2,10,5,5,5,2,3,3,1,2
50021609,170,100,70,162,98,64,9,3,6,4,2,2,3,0,3,8,2,6,50,27,23,10,6,4,0,0,0,0,0,0,18,10,8,22,11,11,8,2,6
50021610,2835,1531,1304,2691,1456,1235,182,84,98,182,83,99,15,0,15,144,75,69,1341,526,815,544,195,349,13,5,8,76,2,74,323,145,178,385,179,206,90,48,42
50021611,86,48,38,85,48,37,5,2,3,11,5,6,0,0,0,1,0,1,56,24,32,21,6,15,0,0,0,3,1,2,7,5,2,25,12,13,0,0,0
50021612,380,199,181,371,197,174,25,8,17,4,1,3,14,0,14,9,2,7,188,73,115,5,3,2,1,1,0,27,0,27,93,42,51,62,27,35,2,2,0
50021613,177,96,81,171,92,79,9,3,6,14,7,7,1,0,1,6,4,2,129,53,76,59,22,37,2,1,1,4,0,4,31,14,17,33,16,17,7,3,4
50021614,855,463,392,809,435,374,59,28,31,39,21,18,6,0,6,46,28,18,350,151,199,66,23,43,5,1,4,31,0,31,111,50,61,137,77,60,16,9,7
50021616,4178,2248,1930,3891,2085,1806,252,125,127,317,161,156,34,0,34,287,163,124,2189,915,1274,868,312,556,10,5,5,106,1,105,463,233,230,742,364,378,260,182,78
50021617,74,41,33,71,38,33,6,1,5,2,2,0,1,0,1,3,3,0,31,21,10,2,0,2,1,1,0,1,0,1,11,6,5,16,14,2,3,0,3
50021618,590,316,274,567,306,261,38,15,23,67,39,28,2,0,2,23,10,13,362,153,209,147,51,96,2,1,1,18,0,18,72,39,33,123,62,61,3,0,3
50021619,521,288,233,498,278,220,40,17,23,5,4,1,9,0,9,23,10,13,166,77,89,11,4,7,4,3,1,19,0,19,81,40,41,51,30,21,10,6,4
50021620,14,9,5,14,9,5,1,1,0,0,0,0,0,0,0,0,0,0,12,3,9,2,2,0,0,0,0,1,0,1,5,0,5,4,1,3,1,1,0
50021622,206,155,51,200,153,47,6,1,5,10,6,4,1,0,1,6,2,4,24,12,12,9,6,3,1,1,0,1,0,1,3,3,0,10,2,8,19,17,2
50021623,2911,1536,1375,2787,1480,1307,160,66,94,79,37,42,46,0,46,124,56,68,1331,553,778,151,39,112,18,10,8,145,3,142,568,292,276,449,209,240,87,39,48
50021624,1180,648,532,1098,600,498,54,21,33,108,62,46,7,0,7,82,48,34,681,265,416,363,119,244,3,2,1,30,0,30,132,70,62,153,74,79,31,16,15
50021625,51,24,27,36,19,17,0,0,0,3,1,2,0,0,0,15,5,10,50,20,30,6,2,4,0,0,0,3,0,3,27,13,14,14,5,9,8,3,5
50021626,213,111,102,208,110,98,12,4,8,7,3,4,1,0,1,5,1,4,118,56,62,15,8,7,1,0,1,6,0,6,36,18,18,60,30,30,5,1,4
50021628,91,49,42,84,48,36,3,1,2,4,0,4,1,0,1,7,1,6,87,29,58,44,13,31,0,0,0,7,0,7,14,9,5,22,7,15,1,0,1
50021629,3247,1629,1618,3104,1568,1536,158,72,86,330,134,196,22,0,22,143,61,82,2437,959,1478,1221,429,792,12,6,6,95,0,95,435,201,234,674,323,351,69,34,35
50021630,4131,2156,1975,3946,2080,1866,208,94,114,432,193,239,25,0,25,185,76,109,3490,1429,2061,1715,636,1079,21,14,7,143,0,143,590,267,323,1021,512,509,64,37,27
50021631,834,436,398,806,426,380,54,30,24,55,27,28,3,0,3,28,10,18,457,205,252,112,46,66,2,1,1,16,1,15,102,40,62,225,117,108,25,14,11
50021632,1067,571,496,1011,542,469,58,29,29,106,56,50,11,0,11,56,29,27,830,355,475,381,143,238,5,3,2,38,0,38,138,71,67,268,138,130,20,10,10
50021635,1086,600,486,1057,586,471,52,31,21,26,13,13,19,0,19,29,14,15,771,352,419,50,22,28,8,4,4,63,0,63,347,164,183,303,162,141,29,13,16
50021636,635,324,311,610,315,295,40,18,22,50,22,28,5,0,5,25,9,16,390,169,221,96,38,58,3,1,2,25,0,25,98,48,50,168,82,86,8,4,4
50021637,394,241,153,367,222,145,18,8,10,17,10,7,6,0,6,27,19,8,166,80,86,33,24,9,2,1,1,18,0,18,85,41,44,28,14,14,18,9,9
50021638,868,459,409,839,453,386,48,26,22,13,7,6,26,0,26,29,6,23,429,195,234,26,11,15,1,1,0,60,0,60,222,131,91,120,52,68,19,3,16
50021639,601,313,288,583,307,276,27,10,17,19,9,10,6,0,6,18,6,12,356,154,202,30,8,22,5,1,4,39,1,38,162,85,77,120,59,61,10,4,6
50021640,249,138,111,240,132,108,10,3,7,25,14,11,4,0,4,9,6,3,215,92,123,79,30,49,0,0,0,11,0,11,45,21,24,80,41,39,7,5,2
50021641,15,7,8,14,6,8,0,0,0,5,3,2,0,0,0,1,1,0,9,7,2,2,1,1,0,0,0,0,0,0,0,0,0,7,6,1,1,1,0
3173900,0,0,0,0,0,0,0,0,0,0,0,0,0,0,0,0,0,0,0,0,0,0,0,0,0,0,0,0,0,0,0,0,0,0,0,0,0,0,0
53806001,368,222,146,364,219,145,13,8,5,35,21,14,2,0,2,4,3,1,286,138,148,122,48,74,1,1,0,12,0,12,52,26,26,99,63,36,8,4,4
53806002,113,93,20,107,91,16,0,0,0,7,6,1,0,0,0,6,2,4,27,19,8,14,8,6,0,0,0,0,0,0,8,6,2,5,5,0,5,4,1
53806003,847,454,393,818,442,376,41,18,23,67,37,30,8,0,8,29,12,17,704,314,390,271,109,162,0,0,0,40,0,40,163,88,75,230,117,113,12,6,6
53806005,26,13,13,25,12,13,0,0,0,3,1,2,0,0,0,1,1,0,17,10,7,6,2,4,0,0,0,0,0,0,2,1,1,9,7,2,1,0,1
3176590,0,0,0,0,0,0,0,0,0,0,0,0,0,0,0,0,0,0,0,0,0,0,0,0,0,0,0,0,0,0,0,0,0,0,0,0,0,0,0
53807802,392,205,187,381,199,182,18,6,12,48,24,24,3,0,3,11,6,5,324,145,179,109,45,64,5,2,3,14,0,14,73,44,29,123,54,69,13,6,7
53812403,996,530,466,965,517,448,40,23,17,75,45,30,11,0,11,31,13,18,809,374,435,189,78,111,8,5,3,43,0,43,216,110,106,353,181,172,16,6,10
1314820,0,0,0,0,0,0,0,0,0,0,0,0,0,0,0,0,0,0,0,0,0,0,0,0,0,0,0,0,0,0,0,0,0,0,0,0,0,0,0
1314910,0,0,0,0,0,0,0,0,0,0,0,0,0,0,0,0,0,0,0,0,0,0,0,0,0,0,0,0,0,0,0,0,0,0,0,0,0,0,0
1315040,0,0,0,0,0,0,0,0,0,0,0,0,0,0,0,0,0,0,0,0,0,0,0,0,0,0,0,0,0,0,0,0,0,0,0,0,0,0,0
1315800,0,0,0,0,0,0,0,0,0,0,0,0,0,0,0,0,0,0,0,0,0,0,0,0,0,0,0,0,0,0,0,0,0,0,0,0,0,0,0
3170470,0,0,0,0,0,0,0,0,0,0,0,0,0,0,0,0,0,0,0,0,0,0,0,0,0,0,0,0,0,0,0,0,0,0,0,0,0,0,0
54731002,97,45,52,97,45,52,7,1,6,2,1,1,2,0,2,0,0,0,70,29,41,9,2,7,0,0,0,5,0,5,25,11,14,31,16,15,0,0,0
54731003,946,490,456,910,469,441,43,18,25,91,42,49,10,0,10,36,21,15,665,276,389,182,65,117,5,2,3,32,0,32,114,50,64,332,159,173,8,3,5
54731004,151,111,40,116,88,28,2,1,1,9,6,3,0,0,0,35,23,12,39,17,22,28,15,13,0,0,0,2,0,2,5,2,3,4,0,4,9,8,1
54731005,2083,1106,977,2017,1087,930,77,32,45,66,27,39,41,1,40,66,19,47,1454,644,810,140,47,93,7,4,3,135,0,135,545,267,278,627,326,301,40,19,21
54731006,77,42,35,76,42,34,3,2,1,8,4,4,0,0,0,1,0,1,60,25,35,17,9,8,0,0,0,3,0,3,13,6,7,27,10,17,1,0,1
54731007,1740,904,836,1660,865,795,78,39,39,151,62,89,14,0,14,80,39,41,1249,524,725,480,185,295,2,1,1,77,0,77,255,126,129,435,212,223,60,41,19
54731008,955,520,435,918,503,415,38,16,22,132,71,61,6,0,6,37,17,20,880,367,513,452,166,286,3,1,2,29,0,29,123,61,62,273,139,134,9,4,5
54731009,8,5,3,8,5,3,1,1,0,2,2,0,0,0,0,0,0,0,16,8,8,2,1,1,0,0,0,1,0,1,2,0,2,11,7,4,0,0,0
54731010,724,380,344,691,366,325,31,14,17,47,18,29,7,0,7,33,14,19,637,284,353,186,66,120,3,1,2,28,0,28,136,72,64,284,145,139,6,4,2
1304270,0,0,0,0,0,0,0,0,0,0,0,0,0,0,0,0,0,0,0,0,0,0,0,0,0,0,0,0,0,0,0,0,0,0,0,0,0,0,0
1304350,0,0,0,0,0,0,0,0,0,0,0,0,0,0,0,0,0,0,0,0,0,0,0,0,0,0,0,0,0,0,0,0,0,0,0,0,0,0,0
3327800,0,0,0,0,0,0,0,0,0,0,0,0,0,0,0,0,0,0,0,0,0,0,0,0,0,0,0,0,0,0,0,0,0,0,0,0,0,0,0
54729801,16,9,7,15,9,6,0,0,0,1,1,0,0,0,0,1,0,1,6,3,3,1,0,1,0,0,0,1,0,1,1,1,0,3,2,1,0,0,0
54729802,1763,931,832,1695,899,796,93,28,65,161,88,73,8,0,8,68,32,36,1285,586,699,510,204,306,3,2,1,30,0,30,190,99,91,552,281,271,36,24,12
54729804,156,84,72,153,82,71,18,10,8,10,5,5,2,0,2,3,2,1,108,46,62,37,12,25,1,0,1,2,0,2,10,4,6,58,30,28,1,1,0
54729807,110,60,50,107,59,48,0,0,0,5,1,4,3,0,3,3,1,2,62,30,32,14,4,10,0,0,0,2,0,2,16,10,6,30,16,14,15,8,7
54729808,110,54,56,110,54,56,2,1,1,16,7,9,0,0,0,0,0,0,82,32,50,12,7,5,0,0,0,9,1,8,24,9,15,37,15,22,0,0,0
1303460,0,0,0,0,0,0,0,0,0,0,0,0,0,0,0,0,0,0,0,0,0,0,0,0,0,0,0,0,0,0,0,0,0,0,0,0,0,0,0
3311120,0,0,0,0,0,0,0,0,0,0,0,0,0,0,0,0,0,0,0,0,0,0,0,0,0,0,0,0,0,0,0,0,0,0,0,0,0,0,0
54730101,937,515,422,918,507,411,56,32,24,110,59,51,10,0,10,19,8,11,761,326,435,298,108,190,5,3,2,31,0,31,145,71,74,282,144,138,11,5,6
54730102,14,6,8,12,6,6,1,0,1,1,1,0,0,0,0,2,0,2,14,5,9,9,4,5,0,0,0,0,0,0,1,0,1,4,1,3,0,0,0
54730104,525,271,254,512,263,249,32,11,21,18,7,11,15,0,15,13,8,5,375,177,198,20,11,9,3,1,2,44,1,43,197,106,91,111,58,53,9,3,6
54730105,1371,722,649,1338,706,632,102,43,59,133,74,59,7,0,7,33,16,17,999,469,530,307,129,178,13,6,7,39,0,39,190,100,90,450,234,216,19,10,9
1325270,0,0,0,0,0,0,0,0,0,0,0,0,0,0,0,0,0,0,0,0,0,0,0,0,0,0,0,0,0,0,0,0,0,0,0,0,0,0,0
54737901,25,17,8,21,15,6,0,0,0,5,2,3,0,0,0,4,2,2,10,6,4,6,5,1,0,0,0,0,0,0,1,0,1,3,1,2,0,0,0
54737902,26,19,7,25,19,6,0,0,0,1,0,1,0,0,0,1,0,1,11,3,8,6,3,3,0,0,0,0,0,0,4,0,4,1,0,1,0,0,0
54737903,1228,669,559,1189,650,539,62,38,24,119,56,63,12,0,12,39,19,20,964,429,535,283,116,167,10,3,7,48,0,48,238,128,110,385,182,203,23,8,15
54737905,1144,607,537,1110,593,517,81,40,41,38,14,24,22,0,22,34,14,20,587,226,361,115,24,91,8,6,2,70,0,70,242,121,121,152,75,77,38,15,23
54737907,39,18,21,38,18,20,0,0,0,3,2,1,1,0,1,1,0,1,37,15,22,8,4,4,0,0,0,0,0,0,4,0,4,25,11,14,0,0,0
3173730,0,0,0,0,0,0,0,0,0,0,0,0,0,0,0,0,0,0,0,0,0,0,0,0,0,0,0,0,0,0,0,0,0,0,0,0,0,0,0
3173810,0,0,0,0,0,0,0,0,0,0,0,0,0,0,0,0,0,0,0,0,0,0,0,0,0,0,0,0,0,0,0,0,0,0,0,0,0,0,0
3174030,0,0,0,0,0,0,0,0,0,0,0,0,0,0,0,0,0,0,0,0,0,0,0,0,0,0,0,0,0,0,0,0,0,0,0,0,0,0,0
53817502,768,398,370,745,389,356,46,20,26,73,35,38,9,0,9,23,9,14,675,319,356,243,109,134,6,2,4,42,0,42,187,101,86,197,107,90,10,6,4
53817503,242,133,109,233,130,103,10,7,3,34,22,12,0,0,0,9,3,6,214,99,115,95,37,58,2,1,1,11,0,11,38,22,16,68,39,29,1,0,1
53817504,487,276,211,463,269,194,18,8,10,55,31,24,9,0,9,24,7,17,398,184,214,106,43,63,2,2,0,12,0,12,101,53,48,177,86,91,7,4,3
53820502,25,10,15,22,7,15,1,0,1,2,1,1,0,0,0,3,3,0,13,8,5,8,5,3,0,0,0,0,0,0,2,1,1,3,2,1,2,1,1
53820503,2221,1195,1026,2144,1155,989,100,48,52,210,104,106,21,0,21,77,40,37,1869,836,1033,629,244,385,6,3,3,98,2,96,389,180,209,747,407,340,45,27,18
53830201,1890,1021,869,1826,983,843,114,57,57,223,119,104,18,0,18,64,38,26,1576,689,887,587,230,357,17,6,11,51,0,51,261,125,136,660,328,332,45,30,15
3173490,0,0,0,0,0,0,0,0,0,0,0,0,0,0,0,0,0,0,0,0,0,0,0,0,0,0,0,0,0,0,0,0,0,0,0,0,0,0,0
53835301,860,472,388,830,455,375,43,22,21,94,49,45,2,0,2,30,17,13,694,311,383,237,97,140,2,0,2,30,1,29,130,60,70,295,153,142,19,12,7
53835302,26,18,8,26,18,8,2,2,0,4,2,2,0,0,0,0,0,0,26,8,18,9,3,6,0,0,0,2,0,2,4,2,2,11,3,8,1,0,1
3176240,0,0,0,0,0,0,0,0,0,0,0,0,0,0,0,0,0,0,0,0,0,0,0,0,0,0,0,0,0,0,0,0,0,0,0,0,0,0,0
53836101,22,11,11,19,10,9,0,0,0,2,1,1,0,0,0,3,1,2,12,5,7,1,0,1,0,0,0,0,0,0,1,1,0,10,4,6,0,0,0
53836103,1927,1009,918,1881,989,892,97,44,53,205,100,105,22,0,22,46,20,26,1665,732,933,461,188,273,9,5,4,84,1,83,361,166,195,750,372,378,17,8,9
53836104,152,77,75,150,75,75,8,4,4,14,8,6,2,0,2,2,2,0,146,62,84,34,16,18,0,0,0,8,0,8,28,12,16,76,34,42,3,1,2
3175780,0,0,0,0,0,0,0,0,0,0,0,0,0,0,0,0,0,0,0,0,0,0,0,0,0,0,0,0,0,0,0,0,0,0,0,0,0,0,0
53838802,226,128,98,221,125,96,8,1,7,30,16,14,1,0,1,5,3,2,204,99,105,69,35,34,0,0,0,9,1,8,46,22,24,80,41,39,8,4,4
53840001,26,13,13,23,11,12,4,0,4,1,0,1,0,0,0,3,2,1,16,8,8,4,3,1,0,0,0,2,0,2,5,3,2,5,2,3,0,0,0
53840003,652,353,299,637,345,292,32,19,13,81,49,32,5,0,5,15,8,7,467,204,263,132,48,84,7,3,4,23,0,23,77,34,43,228,119,109,12,7,5
3159910,0,0,0,0,0,0,0,0,0,0,0,0,0,0,0,0,0,0,0,0,0,0,0,0,0,0,0,0,0,0,0,0,0,0,0,0,0,0,0
3161480,0,0,0,0,0,0,0,0,0,0,0,0,0,0,0,0,0,0,0,0,0,0,0,0,0,0,0,0,0,0,0,0,0,0,0,0,0,0,0
54704201,69,37,32,69,37,32,4,2,2,5,3,2,1,0,1,0,0,0,58,23,35,7,2,5,0,0,0,3,0,3,15,6,9,33,15,18,0,0,0
54704202,89,45,44,84,42,42,6,3,3,14,7,7,0,0,0,5,3,2,88,42,46,38,18,20,1,1,0,1,0,1,12,4,8,36,19,17,3,3,0
54704203,50,26,24,49,25,24,1,1,0,8,4,4,0,0,0,1,1,0,47,18,29,16,8,8,1,1,0,2,0,2,12,4,8,16,5,11,0,0,0
54704204,932,495,437,894,474,420,52,22,30,128,61,67,10,0,10,38,21,17,876,389,487,426,169,257,4,2,2,26,0,26,127,69,58,293,149,144,35,24,11
54704206,112,60,52,109,58,51,5,2,3,13,8,5,1,0,1,3,2,1,68,28,40,28,11,17,0,0,0,0,0,0,12,5,7,28,12,16,1,1,0
54704207,132,78,54,122,71,51,4,2,2,8,5,3,0,0,0,10,7,3,85,35,50,23,9,14,2,1,1,4,0,4,18,8,10,38,17,21,2,2,0
54704208,10,5,5,10,5,5,0,0,0,2,1,1,0,0,0,0,0,0,13,5,8,3,1,2,0,0,0,0,0,0,3,0,3,7,4,3,0,0,0
54704209,1234,631,603,1203,622,581,70,35,35,90,52,38,11,0,11,31,9,22,837,375,462,165,61,104,12,5,7,41,0,41,230,104,126,389,205,184,44,22,22
54704211,1294,659,635,1257,643,614,94,46,48,152,74,78,10,0,10,37,16,21,1067,443,624,451,147,304,4,2,2,34,2,32,181,79,102,397,213,184,35,18,17
54704212,901,490,411,881,477,404,54,28,26,129,70,59,7,0,7,20,13,7,812,374,438,343,140,203,6,3,3,28,0,28,115,58,57,320,173,147,9,3,6
54704213,17,13,4,17,13,4,0,0,0,0,0,0,0,0,0,0,0,0,4,2,2,2,1,1,1,1,0,0,0,0,0,0,0,1,0,1,0,0,0
54704214,522,273,249,513,270,243,440,228,212,4,3,1,0,0,0,9,3,6,632,267,365,0,0,0,0,0,0,0,0,0,0,0,0,632,267,365,13,5,8
3061420,0,0,0,0,0,0,0,0,0,0,0,0,0,0,0,0,0,0,0,0,0,0,0,0,0,0,0,0,0,0,0,0,0,0,0,0,0,0,0
3158340,0,0,0,0,0,0,0,0,0,0,0,0,0,0,0,0,0,0,0,0,0,0,0,0,0,0,0,0,0,0,0,0,0,0,0,0,0,0,0
3161560,0,0,0,0,0,0,0,0,0,0,0,0,0,0,0,0,0,0,0,0,0,0,0,0,0,0,0,0,0,0,0,0,0,0,0,0,0,0,0
3161990,0,0,0,0,0,0,0,0,0,0,0,0,0,0,0,0,0,0,0,0,0,0,0,0,0,0,0,0,0,0,0,0,0,0,0,0,0,0,0
3162530,0,0,0,0,0,0,0,0,0,0,0,0,0,0,0,0,0,0,0,0,0,0,0,0,0,0,0,0,0,0,0,0,0,0,0,0,0,0,0
54705101,1172,609,563,1119,587,532,60,31,29,105,50,55,8,0,8,53,22,31,967,407,560,265,98,167,18,7,11,47,0,47,274,128,146,363,174,189,30,10,20
54705103,1435,738,697,1369,705,664,65,28,37,147,69,78,13,0,13,66,33,33,848,361,487,273,117,156,8,5,3,46,0,46,214,100,114,307,139,168,45,28,17
54705105,33,17,16,33,17,16,22,9,13,0,0,0,0,0,0,0,0,0,5,3,2,0,0,0,0,0,0,0,0,0,5,3,2,0,0,0,1,0,1
54705107,651,346,305,625,329,296,34,16,18,42,21,21,7,0,7,26,17,9,394,174,220,91,33,58,2,2,0,24,0,24,107,47,60,170,92,78,23,10,13
54705108,757,419,338,723,394,329,33,20,13,57,23,34,4,0,4,34,25,9,500,233,267,135,60,75,5,3,2,18,0,18,140,66,74,202,104,98,39,26,13
54705109,5,1,4,3,1,2,0,0,0,3,1,2,0,0,0,2,0,2,40,9,31,40,9,31,0,0,0,0,0,0,0,0,0,0,0,0,0,0,0
54705110,295,165,130,278,157,121,21,9,12,30,19,11,0,0,0,17,8,9,267,118,149,114,46,68,2,1,1,6,0,6,45,19,26,100,52,48,3,0,3
54705111,1403,743,660,1344,714,630,71,32,39,178,97,81,11,0,11,59,29,30,1077,454,623,412,157,255,22,10,12,45,0,45,238,108,130,360,179,181,47,21,26
53944901,354,188,166,329,178,151,9,5,4,25,11,14,5,0,5,25,10,15,256,125,131,73,35,38,1,1,0,17,0,17,80,45,35,85,44,41,6,3,3
53944902,13,5,8,12,4,8,2,0,2,0,0,0,0,0,0,1,1,0,10,6,4,3,2,1,0,0,0,1,0,1,4,2,2,2,2,0,0,0,0
53944903,720,381,339,695,369,326,46,25,21,60,29,31,6,0,6,25,12,13,587,269,318,168,69,99,6,3,3,24,0,24,107,56,51,282,141,141,5,1,4
53944904,470,264,206,453,254,199,23,9,14,47,22,25,3,0,3,17,10,7,388,183,205,165,74,91,2,1,1,27,0,27,82,40,42,112,68,44,11,5,6
53944905,82,48,34,80,46,34,5,1,4,13,6,7,0,0,0,2,2,0,61,29,32,24,12,12,1,1,0,2,0,2,11,3,8,23,13,10,7,4,3
3164150,0,0,0,0,0,0,0,0,0,0,0,0,0,0,0,0,0,0,0,0,0,0,0,0,0,0,0,0,0,0,0,0,0,0,0,0,0,0,0
3166610,0,0,0,0,0,0,0,0,0,0,0,0,0,0,0,0,0,0,0,0,0,0,0,0,0,0,0,0,0,0,0,0,0,0,0,0,0,0,0
3166950,0,0,0,0,0,0,0,0,0,0,0,0,0,0,0,0,0,0,0,0,0,0,0,0,0,0,0,0,0,0,0,0,0,0,0,0,0,0,0
53946501,481,258,223,470,252,218,21,12,9,47,26,21,8,0,8,11,6,5,382,162,220,129,50,79,2,1,1,19,0,19,94,46,48,138,65,73,11,8,3
54714002,107,59,48,107,59,48,18,13,5,7,6,1,4,0,4,0,0,0,52,15,37,12,0,12,0,0,0,6,0,6,22,9,13,12,6,6,7,2,5
54714003,742,394,348,712,379,333,62,31,31,90,39,51,3,0,3,30,15,15,553,264,289,190,76,114,4,1,3,18,0,18,105,52,53,236,135,101,23,12,11
54715801,202,109,93,191,104,87,8,2,6,13,7,6,0,0,0,11,5,6,244,104,140,34,15,19,9,4,5,5,0,5,58,15,43,138,70,68,19,8,11
54715802,30,15,15,29,14,15,0,0,0,5,3,2,1,0,1,1,1,0,22,10,12,9,3,6,0,0,0,1,0,1,2,0,2,10,7,3,1,0,1
54715804,1112,602,510,1075,591,484,62,30,32,104,62,42,12,0,12,37,11,26,1046,486,560,412,167,245,10,4,6,21,0,21,189,92,97,414,223,191,58,28,30
3176080,0,0,0,0,0,0,0,0,0,0,0,0,0,0,0,0,0,0,0,0,0,0,0,0,0,0,0,0,0,0,0,0,0,0,0,0,0,0,0
53853101,196,108,88,187,103,84,6,2,4,23,14,9,1,0,1,9,5,4,165,72,93,62,27,35,1,0,1,5,0,5,34,12,22,63,33,30,5,4,1
3174970,0,0,0,0,0,0,0,0,0,0,0,0,0,0,0,0,0,0,0,0,0,0,0,0,0,0,0,0,0,0,0,0,0,0,0,0,0,0,0
54739501,725,404,321,687,376,311,35,15,20,88,47,41,3,0,3,38,28,10,620,257,363,276,110,166,2,2,0,27,0,27,113,51,62,202,94,108,28,19,9
54739502,2555,1308,1247,2456,1265,1191,107,52,55,252,116,136,24,0,24,99,43,56,1647,717,930,587,227,360,11,5,6,99,2,97,377,193,184,573,290,283,36,25,11
54739503,68,35,33,67,35,32,1,0,1,12,9,3,0,0,0,1,0,1,73,29,44,27,8,19,4,2,2,5,0,5,12,5,7,25,14,11,1,1,0
3169540,0,0,0,0,0,0,0,0,0,0,0,0,0,0,0,0,0,0,0,0,0,0,0,0,0,0,0,0,0,0,0,0,0,0,0,0,0,0,0
53958901,372,199,173,360,194,166,24,8,16,44,26,18,3,0,3,12,5,7,243,106,137,85,35,50,2,1,1,16,0,16,60,25,35,80,45,35,13,7,6
3166440,0,0,0,0,0,0,0,0,0,0,0,0,0,0,0,0,0,0,0,0,0,0,0,0,0,0,0,0,0,0,0,0,0,0,0,0,0,0,0
3166870,0,0,0,0,0,0,0,0,0,0,0,0,0,0,0,0,0,0,0,0,0,0,0,0,0,0,0,0,0,0,0,0,0,0,0,0,0,0,0
3167410,0,0,0,0,0,0,0,0,0,0,0,0,0,0,0,0,0,0,0,0,0,0,0,0,0,0,0,0,0,0,0,0,0,0,0,0,0,0,0
3167500,0,0,0,0,0,0,0,0,0,0,0,0,0,0,0,0,0,0,0,0,0,0,0,0,0,0,0,0,0,0,0,0,0,0,0,0,0,0,0
3183610,0,0,0,0,0,0,0,0,0,0,0,0,0,0,0,0,0,0,0,0,0,0,0,0,0,0,0,0,0,0,0,0,0,0,0,0,0,0,0
53963502,72,41,31,71,41,30,7,4,3,7,4,3,1,0,1,1,0,1,50,24,26,22,7,15,1,0,1,0,0,0,11,8,3,16,9,7,1,0,1
53963503,15,12,3,15,12,3,0,0,0,0,0,0,0,0,0,0,0,0,7,2,5,3,1,2,0,0,0,1,0,1,3,1,2,0,0,0,0,0,0
53963504,146,96,50,134,87,47,5,3,2,11,6,5,1,0,1,12,9,3,34,21,13,17,12,5,2,1,1,1,0,1,3,1,2,11,7,4,4,3,1
53963505,1942,1081,861,1864,1032,832,124,55,69,165,88,77,19,0,19,78,49,29,1488,644,844,546,214,332,13,5,8,68,1,67,280,137,143,581,287,294,30,17,13
53963506,695,375,320,666,364,302,35,19,16,30,13,17,11,0,11,29,11,18,354,151,203,41,13,28,0,0,0,35,1,34,139,63,76,139,74,65,14,7,7
53963507,773,415,358,750,406,344,52,27,25,32,15,17,10,0,10,23,9,14,430,186,244,57,21,36,6,3,3,37,0,37,165,82,83,165,80,85,20,13,7
3064280,0,0,0,0,0,0,0,0,0,0,0,0,0,0,0,0,0,0,0,0,0,0,0,0,0,0,0,0,0,0,0,0,0,0,0,0,0,0,0
3064440,0,0,0,0,0,0,0,0,0,0,0,0,0,0,0,0,0,0,0,0,0,0,0,0,0,0,0,0,0,0,0,0,0,0,0,0,0,0,0
53873601,1311,735,576,1271,711,560,95,48,47,139,76,63,1,0,1,40,24,16,950,416,534,316,127,189,3,1,2,42,0,42,165,76,89,424,212,212,40,18,22
53873602,65,46,19,62,43,19,1,0,1,4,3,1,2,0,2,3,3,0,20,10,10,7,3,4,0,0,0,0,0,0,5,3,2,8,4,4,2,1,1
3062150,0,0,0,0,0,0,0,0,0,0,0,0,0,0,0,0,0,0,0,0,0,0,0,0,0,0,0,0,0,0,0,0,0,0,0,0,0,0,0
3167330,0,0,0,0,0,0,0,0,0,0,0,0,0,0,0,0,0,0,0,0,0,0,0,0,0,0,0,0,0,0,0,0,0,0,0,0,0,0,0
3167680,0,0,0,0,0,0,0,0,0,0,0,0,0,0,0,0,0,0,0,0,0,0,0,0,0,0,0,0,0,0,0,0,0,0,0,0,0,0,0
53967801,229,121,108,221,118,103,10,5,5,25,17,8,2,0,2,8,3,5,183,84,99,76,34,42,0,0,0,5,0,5,28,8,20,74,42,32,2,0,2
53967802,27,13,14,26,12,14,1,0,1,2,0,2,1,0,1,1,1,0,22,10,12,5,2,3,0,0,0,1,0,1,5,3,2,11,5,6,0,0,0
53967804,1672,883,789,1613,847,766,90,39,51,177,91,86,11,0,11,59,36,23,1441,639,802,494,192,302,7,3,4,60,0,60,314,149,165,566,295,271,33,20,13
53967805,33,19,14,31,17,14,2,0,2,1,0,1,0,0,0,2,2,0,32,14,18,10,6,4,0,0,0,1,0,1,6,2,4,15,6,9,1,0,1
53967806,187,106,81,178,102,76,11,4,7,16,12,4,1,0,1,9,4,5,134,67,67,43,19,24,1,1,0,7,0,7,20,12,8,63,35,28,3,1,2
54727102,767,386,381,751,382,369,51,29,22,125,60,65,7,0,7,16,4,12,653,284,369,292,115,177,6,2,4,21,0,21,96,44,52,238,123,115,11,4,7
54727103,398,205,193,378,196,182,39,21,18,24,15,9,3,1,2,20,9,11,187,79,108,39,14,25,3,2,1,7,0,7,41,16,25,97,47,50,10,6,4
54727105,1050,560,490,1013,537,476,63,38,25,113,49,64,9,1,8,37,23,14,801,355,446,245,94,151,4,1,3,46,1,45,176,88,88,330,171,159,33,19,14
54727106,22,15,7,19,12,7,1,1,0,0,0,0,0,0,0,3,3,0,19,13,6,14,11,3,0,0,0,0,0,0,2,0,2,3,2,1,0,0,0
54727107,984,486,498,948,469,479,72,35,37,138,58,80,7,0,7,36,17,19,777,358,419,329,142,187,1,0,1,27,0,27,148,69,79,272,147,125,7,4,3
54727108,327,201,126,313,190,123,185,116,69,21,11,10,0,0,0,14,11,3,216,122,94,35,14,21,0,0,0,3,0,3,7,3,4,171,105,66,8,5,3
54727109,315,158,157,305,157,148,18,8,10,26,15,11,3,0,3,10,1,9,242,109,133,107,35,72,1,1,0,1,0,1,35,20,15,98,53,45,12,6,6
3161300,0,0,0,0,0,0,0,0,0,0,0,0,0,0,0,0,0,0,0,0,0,0,0,0,0,0,0,0,0,0,0,0,0,0,0,0,0,0,0
3307100,0,0,0,0,0,0,0,0,0,0,0,0,0,0,0,0,0,0,0,0,0,0,0,0,0,0,0,0,0,0,0,0,0,0,0,0,0,0,0
3307280,0,0,0,0,0,0,0,0,0,0,0,0,0,0,0,0,0,0,0,0,0,0,0,0,0,0,0,0,0,0,0,0,0,0,0,0,0,0,0
53972402,866,451,415,843,439,404,43,9,34,114,57,57,5,0,5,23,12,11,672,301,371,256,106,150,7,4,3,34,0,34,132,67,65,243,124,119,15,3,12
53972404,925,505,420,900,490,410,63,28,35,114,65,49,5,0,5,25,15,10,669,287,382,252,99,153,6,3,3,28,0,28,161,78,83,222,107,115,32,14,18
3060370,0,0,0,0,0,0,0,0,0,0,0,0,0,0,0,0,0,0,0,0,0,0,0,0,0,0,0,0,0,0,0,0,0,0,0,0,0,0,0
3183450,0,0,0,0,0,0,0,0,0,0,0,0,0,0,0,0,0,0,0,0,0,0,0,0,0,0,0,0,0,0,0,0,0,0,0,0,0,0,0
54740901,66,36,30,64,36,28,1,0,1,8,4,4,1,0,1,2,0,2,60,28,32,17,7,10,1,0,1,3,0,3,18,10,8,21,11,10,0,0,0
54740903,19,14,5,17,13,4,1,1,0,0,0,0,0,0,0,2,1,1,13,4,9,7,2,5,0,0,0,0,0,0,3,1,2,3,1,2,0,0,0
54740904,1379,753,626,1343,740,603,69,37,32,105,56,49,17,0,17,36,13,23,893,395,498,245,91,154,5,3,2,43,0,43,233,120,113,367,181,186,34,18,16
54732801,57,32,25,54,29,25,1,0,1,4,2,2,0,0,0,3,3,0,35,18,17,12,6,6,0,0,0,0,0,0,7,5,2,16,7,9,1,1,0
54732802,237,125,112,234,124,110,23,11,12,33,16,17,0,0,0,3,1,2,192,84,108,56,21,35,3,1,2,6,0,6,38,16,22,89,46,43,3,1,2
54732803,533,286,247,517,281,236,32,17,15,61,32,29,6,1,5,16,5,11,395,173,222,121,44,77,4,2,2,17,0,17,93,38,55,160,89,71,15,4,11
53979101,1583,816,767,1534,792,742,91,37,54,139,76,63,20,0,20,49,24,25,1067,464,603,276,113,163,17,7,10,46,2,44,243,115,128,485,227,258,33,16,17
53979102,478,252,226,462,245,217,20,9,11,51,24,27,5,0,5,16,7,9,393,175,218,108,48,60,4,2,2,25,0,25,107,47,60,149,78,71,2,0,2
53979103,169,86,83,166,86,80,9,3,6,2,2,0,4,0,4,3,0,3,98,36,62,8,3,5,0,0,0,9,0,9,40,13,27,41,20,21,6,2,4
1291940,0,0,0,0,0,0,0,0,0,0,0,0,0,0,0,0,0,0,0,0,0,0,0,0,0,0,0,0,0,0,0,0,0,0,0,0,0,0,0
3163930,0,0,0,0,0,0,0,0,0,0,0,0,0,0,0,0,0,0,0,0,0,0,0,0,0,0,0,0,0,0,0,0,0,0,0,0,0,0,0
3165630,0,0,0,0,0,0,0,0,0,0,0,0,0,0,0,0,0,0,0,0,0,0,0,0,0,0,0,0,0,0,0,0,0,0,0,0,0,0,0
3167250,0,0,0,0,0,0,0,0,0,0,0,0,0,0,0,0,0,0,0,0,0,0,0,0,0,0,0,0,0,0,0,0,0,0,0,0,0,0,0
54711501,223,155,68,215,153,62,5,4,1,12,5,7,0,0,0,8,2,6,59,23,36,21,10,11,1,0,1,1,0,1,8,3,5,28,10,18,7,6,1
54711503,137,74,63,132,69,63,5,4,1,23,11,12,1,0,1,5,5,0,90,43,47,34,17,17,1,0,1,7,0,7,21,11,10,27,15,12,2,1,1
54711504,23,14,9,22,14,8,1,0,1,5,3,2,0,0,0,1,0,1,14,5,9,10,4,6,0,0,0,0,0,0,1,1,0,3,0,3,0,0,0
54711506,76,47,29,68,41,27,3,2,1,9,5,4,1,0,1,8,6,2,37,20,17,14,10,4,1,1,0,4,0,4,8,4,4,10,5,5,1,1,0
54711507,1172,616,556,1132,597,535,52,32,20,106,57,49,6,0,6,40,19,21,957,440,517,301,118,183,12,7,5,47,2,45,191,98,93,406,215,191,29,17,12
3064100,0,0,0,0,0,0,0,0,0,0,0,0,0,0,0,0,0,0,0,0,0,0,0,0,0,0,0,0,0,0,0,0,0,0,0,0,0,0,0
53900701,2580,1374,1206,2472,1327,1145,107,43,64,218,109,109,26,0,26,108,47,61,1886,824,1062,538,206,332,12,3,9,92,1,91,440,198,242,804,416,388,33,17,16
53900702,17,8,9,17,8,9,0,0,0,2,0,2,0,0,0,0,0,0,12,7,5,3,2,1,0,0,0,0,0,0,2,0,2,7,5,2,0,0,0
3165980,0,0,0,0,0,0,0,0,0,0,0,0,0,0,0,0,0,0,0,0,0,0,0,0,0,0,0,0,0,0,0,0,0,0,0,0,0,0,0
3166100,0,0,0,0,0,0,0,0,0,0,0,0,0,0,0,0,0,0,0,0,0,0,0,0,0,0,0,0,0,0,0,0,0,0,0,0,0,0,0
53986401,77,54,23,76,54,22,3,2,1,7,4,3,1,0,1,1,0,1,51,23,28,20,8,12,1,1,0,4,0,4,15,10,5,11,4,7,0,0,0
53986403,142,73,69,135,71,64,6,1,5,14,6,8,1,0,1,7,2,5,109,50,59,49,19,30,0,0,0,5,0,5,25,15,10,30,16,14,2,1,1
53986404,78,41,37,78,41,37,7,4,3,16,8,8,0,0,0,0,0,0,60,22,38,24,11,13,0,0,0,3,0,3,10,3,7,23,8,15,2,2,0
53986405,41,23,18,40,22,18,4,2,2,4,1,3,1,0,1,1,1,0,24,8,16,7,3,4,0,0,0,3,0,3,7,5,2,7,0,7,0,0,0
53986406,903,449,454,876,440,436,43,19,24,52,24,28,14,0,14,27,9,18,616,276,340,131,50,81,3,2,1,33,0,33,167,91,76,282,133,149,20,14,6
53986407,2356,1231,1125,2258,1181,1077,139,63,76,263,124,139,18,0,18,98,50,48,1857,769,1088,825,304,521,9,5,4,70,1,69,294,141,153,659,318,341,41,24,17
53986408,1742,918,824,1682,884,798,109,46,63,209,106,103,7,0,7,60,34,26,1282,553,729,529,208,321,11,6,5,61,1,60,238,114,124,443,224,219,44,33,11
53986409,63,34,29,59,31,28,4,2,2,5,3,2,1,0,1,4,3,1,51,22,29,29,11,18,0,0,0,1,0,1,8,6,2,13,5,8,4,0,4
53986410,319,163,156,315,161,154,20,12,8,43,23,20,2,0,2,4,2,2,253,112,141,97,33,64,1,1,0,8,0,8,42,21,21,105,57,48,3,1,2
3169200,0,0,0,0,0,0,0,0,0,0,0,0,0,0,0,0,0,0,0,0,0,0,0,0,0,0,0,0,0,0,0,0,0,0,0,0,0,0,0
3205440,0,0,0,0,0,0,0,0,0,0,0,0,0,0,0,0,0,0,0,0,0,0,0,0,0,0,0,0,0,0,0,0,0,0,0,0,0,0,0
3206090,0,0,0,0,0,0,0,0,0,0,0,0,0,0,0,0,0,0,0,0,0,0,0,0,0,0,0,0,0,0,0,0,0,0,0,0,0,0,0
53989901,399,215,184,391,209,182,19,10,9,42,24,18,6,0,6,8,6,2,274,130,144,91,38,53,2,1,1,13,0,13,64,34,30,104,57,47,4,1,3
53989905,377,200,177,363,198,165,15,4,11,22,7,15,2,0,2,14,2,12,213,91,122,36,15,21,1,1,0,28,0,28,88,43,45,60,32,28,3,0,3
53989906,2722,1423,1299,2631,1380,1251,154,77,77,81,37,44,24,0,24,91,43,48,1389,573,816,201,70,131,11,5,6,125,4,121,496,234,262,556,260,296,76,34,42
53989907,1611,864,747,1559,843,716,81,39,42,210,97,113,9,0,9,52,21,31,1150,518,632,524,218,306,3,1,2,60,0,60,233,116,117,330,183,147,38,18,20
53989908,72,39,33,70,39,31,9,5,4,1,0,1,4,0,4,2,0,2,28,12,16,4,0,4,0,0,0,1,0,1,14,7,7,9,5,4,0,0,0
53989909,23,16,7,23,16,7,1,1,0,3,1,2,1,0,1,0,0,0,19,8,11,8,4,4,0,0,0,1,0,1,7,3,4,3,1,2,0,0,0
51348201,37,22,15,35,21,14,3,1,2,6,4,2,0,0,0,2,1,1,33,13,20,18,7,11,0,0,0,0,0,0,2,1,1,13,5,8,0,0,0
51348202,60,35,25,59,34,25,0,0,0,9,5,4,0,0,0,1,1,0,54,20,34,31,13,18,0,0,0,2,0,2,7,2,5,14,5,9,1,1,0
52930301,110,60,50,106,60,46,4,1,3,7,4,3,3,0,3,4,0,4,92,34,58,5,1,4,0,0,0,9,0,9,28,11,17,50,22,28,1,0,1
52930304,33,18,15,31,17,14,1,1,0,4,1,3,1,0,1,2,1,1,30,18,12,18,11,7,0,0,0,1,0,1,6,4,2,5,3,2,0,0,0
52930305,34,23,11,32,22,10,2,2,0,4,2,2,0,0,0,2,1,1,31,16,15,11,5,6,0,0,0,3,0,3,6,4,2,11,7,4,1,1,0
52930307,78,44,34,73,44,29,6,2,4,7,7,0,2,0,2,5,0,5,49,20,29,18,6,12,0,0,0,2,0,2,17,8,9,12,6,6,0,0,0
52930308,62,38,24,61,38,23,0,0,0,4,1,3,0,0,0,1,0,1,51,22,29,17,7,10,0,0,0,3,1,2,10,3,7,21,11,10,1,0,1
52930309,41,24,17,40,24,16,3,1,2,4,2,2,0,0,0,1,0,1,39,17,22,13,6,7,0,0,0,4,0,4,10,6,4,12,5,7,0,0,0
52930310,66,31,35,65,31,34,3,0,3,8,4,4,0,0,0,1,0,1,61,24,37,26,12,14,0,0,0,4,0,4,13,6,7,18,6,12,0,0,0
52930311,150,83,67,146,81,65,6,5,1,25,11,14,1,0,1,4,2,2,96,51,45,33,16,17,0,0,0,7,0,7,22,10,12,34,25,9,0,0,0
52930312,26,15,11,25,15,10,4,3,1,2,1,1,0,0,0,1,0,1,22,9,13,8,3,5,0,0,0,1,0,1,3,3,0,10,3,7,0,0,0
52930313,35,18,17,31,16,15,0,0,0,2,0,2,0,0,0,4,2,2,27,14,13,9,5,4,0,0,0,2,0,2,5,3,2,11,6,5,0,0,0
52930316,56,33,23,53,31,22,2,0,2,8,5,3,2,0,2,3,2,1,61,33,28,21,10,11,1,0,1,5,0,5,11,8,3,23,15,8,0,0,0
52930317,1080,547,533,1050,532,518,46,19,27,174,84,90,0,0,0,30,15,15,1043,385,658,620,198,422,1,1,0,39,0,39,110,54,56,273,132,141,13,10,3
52930318,1732,885,847,1678,860,818,74,22,52,225,106,119,7,0,7,54,25,29,1346,543,803,685,263,422,3,2,1,62,0,62,219,103,116,377,175,202,13,4,9
52930319,639,341,298,614,324,290,34,12,22,42,23,19,6,0,6,25,17,8,448,210,238,117,54,63,2,1,1,32,0,32,108,58,50,189,97,92,5,3,2
52930320,382,208,174,372,203,169,15,5,10,55,24,31,3,0,3,10,5,5,319,123,196,163,59,104,0,0,0,18,0,18,55,23,32,83,41,42,5,3,2
52930321,384,209,175,381,207,174,30,16,14,67,32,35,2,0,2,3,2,1,287,117,170,136,48,88,0,0,0,10,0,10,32,12,20,109,57,52,4,3,1
52930322,1853,1002,851,1776,952,824,71,39,32,212,93,119,12,0,12,77,50,27,1457,556,901,703,231,472,5,2,3,69,0,69,255,118,137,425,205,220,90,53,37
52930323,152,84,68,150,84,66,2,0,2,17,11,6,1,0,1,2,0,2,77,40,37,31,14,17,0,0,0,3,0,3,16,11,5,27,15,12,3,2,1
52930325,715,367,348,691,358,333,40,17,23,95,43,52,2,0,2,24,9,15,668,308,360,313,136,177,1,1,0,23,0,23,102,54,48,229,117,112,4,2,2
52930326,1308,712,596,1267,689,578,54,21,33,175,79,96,8,0,8,41,23,18,1071,470,601,528,223,305,2,0,2,62,0,62,188,94,94,291,153,138,18,8,10
52945101,1232,668,564,1186,641,545,41,18,23,134,69,65,12,0,12,46,27,19,966,411,555,411,156,255,3,2,1,51,2,49,168,88,80,333,163,170,25,16,9
52945103,74,40,34,73,40,33,1,0,1,9,6,3,0,0,0,1,0,1,78,35,43,32,13,19,0,0,0,1,0,1,8,3,5,37,19,18,0,0,0
52945104,32,23,9,32,23,9,0,0,0,4,3,1,0,0,0,0,0,0,28,12,16,19,8,11,0,0,0,1,0,1,2,0,2,6,4,2,1,1,0
52945105,9,4,5,8,4,4,0,0,0,0,0,0,1,0,1,1,0,1,12,5,7,4,2,2,0,0,0,0,0,0,2,0,2,6,3,3,0,0,0
52945106,82,47,35,79,47,32,3,2,1,7,2,5,2,0,2,3,0,3,72,33,39,22,8,14,1,0,1,4,0,4,22,12,10,23,13,10,0,0,0
52945107,207,114,93,198,109,89,7,2,5,22,10,12,3,0,3,9,5,4,182,84,98,73,32,41,0,0,0,11,0,11,34,22,12,64,30,34,1,1,0
52945110,109,59,50,104,58,46,5,2,3,8,5,3,0,0,0,5,1,4,112,51,61,46,19,27,1,0,1,4,0,4,20,12,8,41,20,21,3,2,1
52945111,175,104,71,172,102,70,4,1,3,18,13,5,3,0,3,3,2,1,175,79,96,73,31,42,2,1,1,13,1,12,29,18,11,58,28,30,2,1,1
52945112,39,22,17,38,22,16,3,1,2,6,6,0,0,0,0,1,0,1,29,13,16,15,4,11,0,0,0,2,1,1,4,3,1,8,5,3,0,0,0
52945113,39,24,15,37,23,14,0,0,0,1,1,0,0,0,0,2,1,1,31,16,15,13,7,6,0,0,0,2,0,2,5,3,2,11,6,5,0,0,0
52945114,35,20,15,34,20,14,1,1,0,4,3,1,0,0,0,1,0,1,34,13,21,24,8,16,0,0,0,0,0,0,6,3,3,4,2,2,0,0,0
52945115,45,26,19,45,26,19,0,0,0,7,5,2,0,0,0,0,0,0,37,16,21,11,5,6,0,0,0,2,0,2,5,1,4,19,10,9,0,0,0
52945116,123,69,54,121,68,53,8,4,4,11,5,6,1,0,1,2,1,1,117,47,70,59,21,38,0,0,0,4,0,4,19,6,13,35,20,15,0,0,0
52945117,44,21,23,44,21,23,6,1,5,4,2,2,0,0,0,0,0,0,34,13,21,15,5,10,0,0,0,1,0,1,6,3,3,12,5,7,0,0,0
52945118,35,21,14,32,19,13,1,1,0,1,1,0,0,0,0,3,2,1,42,15,27,16,7,9,0,0,0,2,0,2,7,3,4,17,5,12,0,0,0
52945119,4,3,1,3,2,1,0,0,0,0,0,0,0,0,0,1,1,0,20,9,11,13,6,7,0,0,0,1,0,1,2,1,1,4,2,2,0,0,0
52945121,23,14,9,23,14,9,0,0,0,4,3,1,0,0,0,0,0,0,15,8,7,7,3,4,0,0,0,0,0,0,2,0,2,6,5,1,0,0,0
52945122,17,10,7,17,10,7,0,0,0,3,1,2,0,0,0,0,0,0,17,6,11,7,2,5,1,0,1,1,0,1,3,2,1,5,2,3,0,0,0
52945123,57,32,25,54,29,25,0,0,0,5,4,1,1,0,1,3,3,0,52,22,30,28,13,15,0,0,0,2,0,2,11,3,8,11,6,5,1,1,0
52945124,17,12,5,17,12,5,2,2,0,6,3,3,0,0,0,0,0,0,4,2,2,3,1,2,0,0,0,0,0,0,1,1,0,0,0,0,0,0,0
52945128,21,12,9,21,12,9,1,0,1,3,2,1,0,0,0,0,0,0,19,9,10,10,5,5,0,0,0,1,0,1,3,1,2,5,3,2,0,0,0
52947801,35,21,14,34,21,13,0,0,0,5,1,4,0,0,0,1,0,1,35,14,21,15,6,9,0,0,0,2,0,2,7,2,5,11,6,5,0,0,0
52947802,19,11,8,19,11,8,0,0,0,3,1,2,0,0,0,0,0,0,12,4,8,4,1,3,0,0,0,1,0,1,2,1,1,5,2,3,0,0,0
52947803,14,7,7,14,7,7,2,1,1,0,0,0,0,0,0,0,0,0,14,8,6,4,2,2,0,0,0,1,0,1,2,2,0,7,4,3,0,0,0
52948601,489,271,218,473,264,209,17,8,9,62,32,30,5,0,5,16,7,9,453,187,266,210,74,136,1,1,0,22,0,22,82,44,38,138,68,70,7,5,2
52948602,13,8,5,13,8,5,1,0,1,4,3,1,1,0,1,0,0,0,13,4,9,10,3,7,0,0,0,0,0,0,1,0,1,2,1,1,0,0,0
52948604,23,17,6,23,17,6,0,0,0,1,0,1,1,0,1,0,0,0,23,7,16,12,4,8,0,0,0,1,0,1,7,2,5,3,1,2,0,0,0
52948605,21,14,7,20,13,7,1,0,1,2,1,1,0,0,0,1,1,0,25,14,11,19,10,9,0,0,0,0,0,0,1,1,0,5,3,2,0,0,0
52948607,62,35,27,60,35,25,2,0,2,3,1,2,0,0,0,2,0,2,51,20,31,16,7,9,0,0,0,5,0,5,11,4,7,19,9,10,0,0,0
52948608,13,10,3,13,10,3,0,0,0,1,1,0,0,0,0,0,0,0,11,4,7,7,3,4,0,0,0,1,0,1,1,0,1,2,1,1,0,0,0
52948609,24,13,11,23,12,11,3,1,2,1,1,0,1,0,1,1,1,0,25,11,14,14,5,9,1,0,1,0,0,0,5,2,3,5,4,1,1,0,1
52948612,53,29,24,50,28,22,2,0,2,4,1,3,0,0,0,3,1,2,50,21,29,29,10,19,0,0,0,2,0,2,5,4,1,14,7,7,0,0,0
52948613,11,7,4,11,7,4,0,0,0,3,2,1,1,0,1,0,0,0,16,9,7,10,5,5,0,0,0,0,0,0,3,2,1,3,2,1,0,0,0
52951601,137,79,58,134,78,56,4,3,1,19,9,10,3,0,3,3,1,2,109,51,58,36,17,19,0,0,0,5,0,5,22,14,8,46,20,26,1,0,1
52951602,1195,653,542,1159,631,528,56,24,32,132,60,72,11,0,11,36,22,14,1017,441,576,471,191,280,4,1,3,42,1,41,178,77,101,322,171,151,27,16,11
52951603,247,140,107,242,139,103,10,2,8,24,15,9,0,0,0,5,1,4,257,116,141,90,38,52,0,0,0,14,0,14,55,26,29,98,52,46,4,1,3
52953201,102,62,40,99,61,38,3,2,1,12,9,3,0,0,0,3,1,2,117,52,65,45,19,26,0,0,0,8,0,8,21,11,10,43,22,21,2,2,0
52953202,33,19,14,31,19,12,1,1,0,2,2,0,0,0,0,2,0,2,37,13,24,21,7,14,0,0,0,1,0,1,5,2,3,10,4,6,0,0,0
52953203,22,14,8,20,12,8,0,0,0,4,2,2,1,0,1,2,2,0,36,14,22,23,11,12,0,0,0,1,0,1,3,0,3,9,3,6,1,0,1
52954101,25,15,10,24,14,10,0,0,0,4,1,3,0,0,0,1,1,0,18,5,13,8,1,7,0,0,0,1,0,1,1,1,0,8,3,5,0,0,0
52954102,7,5,2,7,5,2,0,0,0,2,2,0,0,0,0,0,0,0,16,8,8,14,6,8,0,0,0,0,0,0,1,1,0,1,1,0,0,0,0
52954104,50,27,23,47,25,22,1,0,1,5,3,2,1,0,1,3,2,1,51,22,29,25,15,10,0,0,0,2,0,2,9,3,6,15,4,11,2,1,1
52956701,311,162,149,301,157,144,13,3,10,32,17,15,3,0,3,10,5,5,269,124,145,99,41,58,3,2,1,11,1,10,45,20,25,111,60,51,6,3,3
52956702,129,67,62,127,67,60,7,3,4,15,8,7,0,0,0,2,0,2,129,52,77,65,25,40,1,1,0,6,0,6,17,9,8,40,17,23,1,0,1
52962101,41,19,22,40,19,21,1,1,0,4,1,3,2,0,2,1,0,1,46,20,26,13,6,7,0,0,0,2,0,2,13,6,7,18,8,10,0,0,0
52962102,668,357,311,639,340,299,33,21,12,56,28,28,5,0,5,29,17,12,629,289,340,279,117,162,1,0,1,21,0,21,108,54,54,220,118,102,15,8,7
52962103,17,10,7,17,10,7,0,0,0,1,0,1,0,0,0,0,0,0,10,3,7,5,2,3,0,0,0,0,0,0,0,0,0,5,1,4,0,0,0
52962104,44,24,20,41,23,18,2,1,1,5,2,3,0,0,0,3,1,2,32,16,16,17,8,9,1,0,1,0,0,0,3,1,2,11,7,4,0,0,0
52962105,31,18,13,31,18,13,2,0,2,4,3,1,0,0,0,0,0,0,30,11,19,14,6,8,0,0,0,3,0,3,7,2,5,6,3,3,0,0,0
52962106,38,25,13,38,25,13,0,0,0,4,3,1,0,0,0,0,0,0,30,12,18,13,4,9,0,0,0,3,0,3,8,5,3,6,3,3,2,2,0
52962107,23,14,9,21,13,8,0,0,0,3,3,0,0,0,0,2,1,1,27,12,15,17,8,9,0,0,0,0,0,0,0,0,0,10,4,6,0,0,0
52962108,20,12,8,19,12,7,0,0,0,2,2,0,1,0,1,1,0,1,22,12,10,12,6,6,0,0,0,0,0,0,4,1,3,6,5,1,0,0,0
0293430,0,0,0,0,0,0,0,0,0,0,0,0,0,0,0,0,0,0,0,0,0,0,0,0,0,0,0,0,0,0,0,0,0,0,0,0,0,0,0
52964801,308,173,135,297,168,129,7,2,5,32,15,17,3,0,3,11,5,6,288,121,167,155,57,98,0,0,0,10,0,10,48,21,27,75,43,32,7,3,4
52964802,53,33,20,51,31,20,5,1,4,7,4,3,0,0,0,2,2,0,38,14,24,23,9,14,0,0,0,1,0,1,4,2,2,10,3,7,0,0,0
52964803,48,26,22,47,26,21,1,1,0,5,1,4,0,0,0,1,0,1,33,20,13,16,8,8,0,0,0,0,0,0,4,3,1,13,9,4,0,0,0
52964804,8,5,3,7,4,3,1,1,0,0,0,0,0,0,0,1,1,0,15,7,8,8,3,5,0,0,0,0,0,0,2,0,2,5,4,1,0,0,0
52964805,24,15,9,24,15,9,0,0,0,0,0,0,0,0,0,0,0,0,34,12,22,20,7,13,0,0,0,2,0,2,6,4,2,6,1,5,1,0,1
52970201,47,26,21,46,25,21,1,0,1,1,0,1,1,0,1,1,1,0,57,26,31,34,18,16,0,0,0,1,0,1,6,3,3,16,5,11,0,0,0
52970202,16,8,8,16,8,8,1,0,1,2,1,1,0,0,0,0,0,0,17,7,10,6,3,3,0,0,0,1,0,1,2,0,2,8,4,4,0,0,0
52970203,167,91,76,160,89,71,3,1,2,25,13,12,1,0,1,7,2,5,149,62,87,79,31,48,0,0,0,4,0,4,23,6,17,43,25,18,3,3,0
52970206,42,25,17,42,25,17,2,2,0,4,2,2,0,0,0,0,0,0,46,24,22,22,11,11,0,0,0,2,0,2,9,6,3,13,7,6,0,0,0
52970208,14,12,2,12,10,2,0,0,0,3,3,0,0,0,0,2,2,0,12,6,6,6,3,3,1,0,1,1,0,1,2,2,0,2,1,1,0,0,0
52970209,24,15,9,23,14,9,0,0,0,1,0,1,0,0,0,1,1,0,19,10,9,13,6,7,0,0,0,0,0,0,0,0,0,6,4,2,0,0,0
52970210,42,23,19,42,23,19,2,2,0,1,0,1,0,0,0,0,0,0,51,23,28,24,12,12,0,0,0,2,0,2,7,4,3,18,7,11,0,0,0
52970213,12,8,4,12,8,4,0,0,0,0,0,0,0,0,0,0,0,0,11,2,9,2,1,1,0,0,0,1,0,1,4,0,4,4,1,3,0,0,0
52973701,125,70,55,120,66,54,5,1,4,26,14,12,1,0,1,5,4,1,122,51,71,63,26,37,1,0,1,6,0,6,20,8,12,32,17,15,2,2,0
52973702,11,6,5,11,6,5,0,0,0,5,3,2,0,0,0,0,0,0,13,7,6,8,4,4,0,0,0,0,0,0,0,0,0,5,3,2,0,0,0
52974501,202,116,86,195,114,81,9,4,5,25,18,7,2,0,2,7,2,5,158,69,89,65,26,39,1,1,0,15,1,14,45,29,16,32,12,20,1,0,1
52977001,63,40,23,62,40,22,1,1,0,6,2,4,0,0,0,1,0,1,55,22,33,34,16,18,0,0,0,3,0,3,4,1,3,14,5,9,0,0,0
52978801,80,44,36,79,44,35,5,2,3,9,4,5,0,0,0,1,0,1,72,38,34,27,13,14,0,0,0,3,0,3,11,6,5,31,19,12,0,0,0
52979601,404,216,188,385,211,174,15,7,8,47,20,27,1,0,1,19,5,14,367,175,192,147,64,83,2,2,0,9,0,9,59,33,26,150,76,74,9,5,4
52979602,48,31,17,46,29,17,3,3,0,5,2,3,0,0,0,2,2,0,35,14,21,16,7,9,0,0,0,1,0,1,6,3,3,12,4,8,0,0,0
52979603,55,33,22,52,31,21,1,1,0,5,2,3,2,0,2,3,2,1,36,15,21,14,6,8,0,0,0,0,0,0,10,5,5,12,4,8,3,2,1
52979604,25,16,9,25,16,9,1,0,1,3,3,0,0,0,0,0,0,0,22,7,15,11,4,7,0,0,0,2,0,2,5,2,3,4,1,3,0,0,0
52979605,53,27,26,51,26,25,4,0,4,8,4,4,0,0,0,2,1,1,40,18,22,21,8,13,0,0,0,1,0,1,6,4,2,12,6,6,0,0,0
52979606,36,20,16,31,20,11,0,0,0,2,1,1,0,0,0,5,0,5,36,14,22,16,7,9,0,0,0,1,0,1,5,0,5,14,7,7,0,0,0
52979607,61,40,21,60,40,20,0,0,0,11,6,5,0,0,0,1,0,1,57,22,35,23,12,11,0,0,0,4,0,4,14,3,11,16,7,9,1,1,0
52979608,29,17,12,29,17,12,0,0,0,3,1,2,0,0,0,0,0,0,21,11,10,8,5,3,0,0,0,2,0,2,9,5,4,2,1,1,0,0,0
52981801,245,131,114,236,129,107,6,2,4,14,6,8,2,0,2,9,2,7,208,90,118,72,26,46,1,0,1,10,0,10,46,23,23,79,41,38,6,6,0
52981802,30,14,16,29,14,15,1,1,0,2,1,1,0,0,0,1,0,1,17,5,12,6,2,4,0,0,0,0,0,0,3,0,3,8,3,5,0,0,0
52981803,50,28,22,49,27,22,0,0,0,8,6,2,0,0,0,1,1,0,42,24,18,19,11,8,2,1,1,0,0,0,6,3,3,15,9,6,0,0,0
52981804,15,8,7,14,8,6,0,0,0,1,0,1,0,0,0,1,0,1,12,3,9,5,2,3,0,0,0,1,0,1,2,1,1,4,0,4,0,0,0
52984201,27,16,11,25,15,10,0,0,0,4,3,1,0,0,0,2,1,1,29,13,16,11,6,5,0,0,0,3,0,3,8,5,3,7,2,5,0,0,0
52984203,225,116,109,221,114,107,8,1,7,18,10,8,0,0,0,4,2,2,247,81,166,140,40,100,0,0,0,11,0,11,32,18,14,64,23,41,6,4,2
52984204,21,9,12,20,9,11,2,0,2,6,2,4,1,0,1,1,0,1,31,15,16,19,9,10,0,0,0,1,0,1,8,5,3,3,1,2,0,0,0
52984205,14,9,5,13,8,5,1,1,0,1,0,1,0,0,0,1,1,0,16,9,7,8,3,5,0,0,0,1,0,1,3,3,0,4,3,1,0,0,0
52984206,34,19,15,32,18,14,0,0,0,3,3,0,0,0,0,2,1,1,40,18,22,17,8,9,0,0,0,2,0,2,5,3,2,16,7,9,0,0,0
52984207,17,8,9,14,8,6,0,0,0,2,2,0,0,0,0,3,0,3,8,6,2,7,5,2,0,0,0,0,0,0,0,0,0,1,1,0,0,0,0
52984208,16,11,5,16,11,5,0,0,0,4,3,1,0,0,0,0,0,0,23,12,11,10,6,4,1,0,1,2,0,2,4,2,2,6,4,2,0,0,0
52984209,58,34,24,57,34,23,0,0,0,17,11,6,0,0,0,1,0,1,121,53,68,94,36,58,0,0,0,1,0,1,4,3,1,22,14,8,0,0,0
52985101,56,34,22,56,34,22,3,2,1,11,5,6,0,0,0,0,0,0,54,24,30,32,15,17,0,0,0,6,0,6,9,6,3,7,3,4,0,0,0
52990701,87,56,31,84,54,30,0,0,0,12,6,6,1,0,1,3,2,1,77,30,47,41,15,26,0,0,0,5,0,5,15,8,7,16,7,9,1,1,0
52990702,15,10,5,14,10,4,1,0,1,0,0,0,0,0,0,1,0,1,7,3,4,4,1,3,0,0,0,0,0,0,2,1,1,1,1,0,0,0,0
52993101,47,28,19,45,27,18,2,1,1,2,2,0,0,0,0,2,1,1,42,10,32,15,3,12,0,0,0,3,0,3,8,1,7,16,6,10,0,0,0
52993102,212,120,92,208,119,89,8,3,5,26,14,12,1,0,1,4,1,3,190,84,106,70,31,39,0,0,0,9,0,9,42,22,20,69,31,38,5,2,3
52993103,20,9,11,20,9,11,0,0,0,1,1,0,0,0,0,0,0,0,8,3,5,1,0,1,1,1,0,1,0,1,2,1,1,3,1,2,0,0,0
52994001,34,20,14,32,19,13,0,0,0,2,2,0,0,0,0,2,1,1,25,7,18,5,1,4,0,0,0,3,0,3,7,2,5,10,4,6,0,0,0
52994002,165,91,74,160,90,70,5,2,3,11,7,4,3,0,3,5,1,4,142,64,78,50,19,31,0,0,0,12,0,12,42,25,17,38,20,18,2,2,0
52994003,15,9,6,15,9,6,0,0,0,2,2,0,0,0,0,0,0,0,10,3,7,4,2,2,0,0,0,1,0,1,1,1,0,4,0,4,0,0,0
52995801,448,248,200,436,244,192,17,7,10,46,22,24,1,0,1,12,4,8,375,167,208,126,55,71,0,0,0,25,0,25,88,37,51,136,75,61,5,3,2
52995802,73,41,32,68,37,31,5,0,5,9,4,5,0,0,0,5,4,1,70,29,41,44,17,27,0,0,0,2,0,2,11,6,5,13,6,7,0,0,0
52995803,34,21,13,33,20,13,0,0,0,4,1,3,1,0,1,1,1,0,25,15,10,18,10,8,0,0,0,0,0,0,0,0,0,7,5,2,1,0,1
52997401,117,72,45,110,67,43,2,1,1,13,7,6,2,0,2,7,5,2,88,45,43,47,20,27,0,0,0,1,0,1,22,11,11,18,14,4,4,2,2
52997402,53,32,21,48,29,19,0,0,0,8,6,2,0,0,0,5,3,2,40,14,26,16,7,9,1,1,0,2,0,2,6,1,5,15,5,10,1,1,0
52997403,64,34,30,59,32,27,2,1,1,8,4,4,0,0,0,5,2,3,72,33,39,19,10,9,0,0,0,8,0,8,20,9,11,25,14,11,2,0,2
52997404,53,30,23,53,30,23,1,1,0,7,1,6,1,0,1,0,0,0,35,10,25,16,7,9,0,0,0,1,0,1,10,0,10,8,3,5,0,0,0
52999101,49,29,20,47,27,20,1,0,1,6,2,4,1,0,1,2,2,0,55,23,32,21,9,12,0,0,0,4,0,4,10,4,6,20,10,10,0,0,0
52999102,22,10,12,22,10,12,0,0,0,7,1,6,0,0,0,0,0,0,21,10,11,7,3,4,0,0,0,1,0,1,4,2,2,9,5,4,0,0,0
52999103,39,20,19,38,20,18,2,1,1,4,2,2,1,0,1,1,0,1,34,15,19,15,8,7,0,0,0,2,0,2,9,5,4,8,2,6,0,0,0
52999104,135,73,62,132,71,61,5,3,2,11,7,4,1,0,1,3,2,1,96,43,53,44,20,24,0,0,0,2,0,2,16,6,10,34,17,17,3,1,2
52999105,39,21,18,37,20,17,1,0,1,4,2,2,0,0,0,2,1,1,33,14,19,12,6,6,0,0,0,1,0,1,5,2,3,15,6,9,1,0,1
52999106,18,11,7,16,9,7,0,0,0,1,1,0,0,0,0,2,2,0,15,3,12,7,0,7,0,0,0,0,0,0,4,1,3,4,2,2,0,0,0
52999108,53,31,22,48,30,18,1,0,1,8,5,3,0,0,0,5,1,4,52,23,29,28,11,17,0,0,0,1,0,1,8,4,4,15,8,7,0,0,0
52999109,17,3,14,17,3,14,0,0,0,1,1,0,0,0,0,0,0,0,16,3,13,2,1,1,0,0,0,0,0,0,14,2,12,0,0,0,0,0,0
52999110,16,12,4,16,12,4,0,0,0,3,2,1,0,0,0,0,0,0,15,6,9,9,4,5,0,0,0,0,0,0,0,0,0,6,2,4,0,0,0
52999112,47,22,25,46,22,24,2,1,1,9,3,6,0,0,0,1,0,1,51,25,26,19,8,11,0,0,0,3,0,3,9,6,3,20,11,9,0,0,0
52999114,19,8,11,19,8,11,0,0,0,3,0,3,1,0,1,0,0,0,16,9,7,7,4,3,0,0,0,1,0,1,3,3,0,5,2,3,0,0,0
0764141,0,0,0,0,0,0,0,0,0,0,0,0,0,0,0,0,0,0,0,0,0,0,0,0,0,0,0,0,0,0,0,0,0,0,0,0,0,0,0
53000001,191,111,80,189,110,79,7,2,5,11,4,7,2,0,2,2,1,1,203,93,110,111,49,62,0,0,0,8,0,8,26,14,12,58,30,28,2,2,0
53000002,17,10,7,16,9,7,1,0,1,0,0,0,1,0,1,1,1,0,21,6,15,6,3,3,0,0,0,4,0,4,6,2,4,5,1,4,0,0,0
53002601,41,27,14,40,26,14,1,0,1,6,5,1,0,0,0,1,1,0,49,22,27,20,7,13,2,1,1,0,0,0,3,2,1,24,12,12,0,0,0
53005101,200,115,85,194,113,81,7,4,3,20,12,8,2,0,2,6,2,4,207,90,117,65,24,41,2,1,1,16,0,16,51,26,25,73,39,34,4,1,3
53005102,16,9,7,15,9,6,1,0,1,1,1,0,0,0,0,1,0,1,9,6,3,4,3,1,0,0,0,0,0,0,1,0,1,4,3,1,0,0,0
53005103,15,9,6,13,8,5,1,0,1,0,0,0,0,0,0,2,1,1,13,6,7,7,3,4,0,0,0,0,0,0,1,0,1,5,3,2,0,0,0
53005104,223,135,88,212,129,83,7,2,5,28,18,10,3,0,3,11,6,5,150,56,94,77,31,46,0,0,0,8,0,8,30,10,20,35,15,20,5,3,2
53005105,17,11,6,17,11,6,0,0,0,2,1,1,1,0,1,0,0,0,11,5,6,7,3,4,0,0,0,0,0,0,1,0,1,3,2,1,0,0,0
53006901,115,68,47,111,66,45,2,1,1,14,8,6,2,0,2,4,2,2,113,47,66,45,19,26,1,0,1,8,0,8,25,13,12,34,15,19,1,1,0
53009301,52,31,21,50,31,19,2,0,2,6,4,2,1,0,1,2,0,2,65,34,31,28,14,14,0,0,0,3,0,3,10,5,5,24,15,9,0,0,0
53009302,83,53,30,81,51,30,5,2,3,4,2,2,0,0,0,2,2,0,80,27,53,29,8,21,1,0,1,5,0,5,16,7,9,29,12,17,1,1,0
53009303,37,21,16,37,21,16,3,1,2,4,4,0,1,0,1,0,0,0,38,13,25,16,5,11,0,0,0,2,0,2,8,2,6,12,6,6,0,0,0
53009304,10,6,4,10,6,4,1,1,0,0,0,0,0,0,0,0,0,0,13,5,8,3,1,2,0,0,0,1,0,1,4,1,3,5,3,2,0,0,0
53009305,31,19,12,31,19,12,0,0,0,5,3,2,0,0,0,0,0,0,29,10,19,20,8,12,0,0,0,3,0,3,5,2,3,1,0,1,1,0,1
53009306,17,13,4,17,13,4,0,0,0,1,0,1,0,0,0,0,0,0,16,5,11,9,3,6,0,0,0,1,0,1,3,0,3,3,2,1,2,0,2
53009307,48,24,24,46,22,24,2,0,2,5,1,4,0,0,0,2,2,0,49,22,27,28,10,18,0,0,0,0,0,0,7,2,5,14,10,4,1,1,0
53009308,12,10,2,11,9,2,0,0,0,1,1,0,0,0,0,1,1,0,10,3,7,9,3,6,0,0,0,0,0,0,0,0,0,1,0,1,0,0,0
53010701,20,11,9,18,9,9,0,0,0,4,3,1,0,0,0,2,2,0,23,10,13,17,8,9,0,0,0,1,0,1,3,1,2,2,1,1,0,0,0
53010702,278,152,126,268,150,118,7,1,6,37,17,20,1,0,1,10,2,8,301,132,169,149,66,83,0,0,0,23,0,23,59,33,26,70,33,37,6,4,2
53010704,9,5,4,8,5,3,0,0,0,1,0,1,1,0,1,1,0,1,17,6,11,6,3,3,0,0,0,2,0,2,5,1,4,4,2,2,0,0,0
1901282,0,0,0,0,0,0,0,0,0,0,0,0,0,0,0,0,0,0,0,0,0,0,0,0,0,0,0,0,0,0,0,0,0,0,0,0,0,0,0
53011501,145,77,68,140,74,66,5,1,4,15,6,9,4,0,4,5,3,2,141,61,80,74,31,43,1,0,1,3,0,3,15,6,9,48,24,24,3,1,2
53011502,24,14,10,24,14,10,1,0,1,5,3,2,0,0,0,0,0,0,25,8,17,12,5,7,0,0,0,2,0,2,4,1,3,7,2,5,0,0,0
53011504,19,10,9,18,10,8,1,0,1,1,0,1,0,0,0,1,0,1,27,15,12,8,5,3,0,0,0,0,0,0,3,2,1,16,8,8,0,0,0
53011505,16,9,7,16,9,7,0,0,0,4,2,2,0,0,0,0,0,0,21,12,9,13,9,4,1,0,1,0,0,0,2,0,2,5,3,2,0,0,0
53011506,15,7,8,15,7,8,0,0,0,2,0,2,0,0,0,0,0,0,15,5,10,8,4,4,0,0,0,1,0,1,2,0,2,4,1,3,0,0,0
53011507,21,10,11,21,10,11,1,0,1,3,2,1,0,0,0,0,0,0,17,9,8,7,3,4,0,0,0,0,0,0,3,2,1,7,4,3,0,0,0
53011508,16,11,5,16,11,5,1,0,1,3,1,2,1,0,1,0,0,0,23,11,12,16,7,9,0,0,0,1,0,1,3,1,2,3,3,0,0,0,0
53011509,12,8,4,12,8,4,0,0,0,1,1,0,0,0,0,0,0,0,13,4,9,8,3,5,0,0,0,0,0,0,0,0,0,5,1,4,0,0,0
53011510,25,12,13,25,12,13,2,1,1,2,2,0,0,0,0,0,0,0,33,18,15,16,6,10,0,0,0,2,0,2,6,5,1,9,7,2,0,0,0
53011512,52,33,19,51,33,18,3,1,2,4,3,1,1,0,1,1,0,1,34,16,18,12,6,6,0,0,0,1,0,1,6,1,5,15,9,6,0,0,0
53011517,10,4,6,10,4,6,0,0,0,1,0,1,0,0,0,0,0,0,11,4,7,6,2,4,0,0,0,0,0,0,4,1,3,1,1,0,0,0,0
53015801,24,12,12,24,12,12,0,0,0,3,2,1,0,0,0,0,0,0,11,3,8,4,0,4,0,0,0,0,0,0,3,1,2,4,2,2,0,0,0
53015802,105,60,45,100,58,42,3,0,3,20,12,8,2,0,2,5,2,3,105,53,52,48,22,26,0,0,0,3,0,3,15,11,4,39,20,19,1,1,0
53015803,48,27,21,47,27,20,2,0,2,8,7,1,0,0,0,1,0,1,51,23,28,21,9,12,0,0,0,4,0,4,9,4,5,17,10,7,0,0,0
53015804,13,7,6,13,7,6,1,0,1,2,2,0,0,0,0,0,0,0,11,7,4,6,2,4,0,0,0,0,0,0,1,1,0,4,4,0,0,0,0
53016601,11,8,3,10,7,3,0,0,0,0,0,0,0,0,0,1,1,0,20,8,12,12,6,6,0,0,0,2,0,2,5,2,3,1,0,1,0,0,0
53016602,316,180,136,301,171,130,11,3,8,30,17,13,2,0,2,15,9,6,300,126,174,172,69,103,1,1,0,12,0,12,42,22,20,73,34,39,5,4,1
53016604,26,16,10,26,16,10,2,2,0,4,3,1,1,0,1,0,0,0,41,13,28,22,6,16,0,0,0,2,0,2,9,4,5,8,3,5,0,0,0
53016606,9,7,2,9,7,2,1,1,0,3,2,1,0,0,0,0,0,0,18,7,11,10,5,5,1,0,1,1,0,1,1,0,1,5,2,3,0,0,0
53016607,15,9,6,14,9,5,0,0,0,1,1,0,0,0,0,1,0,1,26,12,14,14,6,8,0,0,0,1,0,1,3,2,1,8,4,4,0,0,0
53016610,34,22,12,32,21,11,0,0,0,6,4,2,0,0,0,2,1,1,34,13,21,20,7,13,0,0,0,1,0,1,5,3,2,8,3,5,1,1,0
53017401,108,67,41,103,66,37,5,2,3,8,6,2,0,0,0,5,1,4,92,39,53,34,13,21,0,0,0,5,0,5,29,13,16,24,13,11,2,2,0
53019101,106,68,38,103,66,37,3,1,2,15,11,4,0,0,0,3,2,1,105,44,61,62,21,41,0,0,0,6,0,6,15,10,5,22,13,9,0,0,0
53020401,33,20,13,33,20,13,0,0,0,0,0,0,0,0,0,0,0,0,37,17,20,12,7,5,0,0,0,1,0,1,5,4,1,19,6,13,0,0,0
53020402,352,200,152,344,196,148,14,7,7,33,18,15,3,0,3,8,4,4,343,146,197,147,51,96,1,1,0,15,0,15,64,33,31,116,61,55,10,4,6
53020404,74,39,35,71,38,33,4,2,2,7,5,2,1,0,1,3,1,2,58,27,31,31,15,16,0,0,0,3,0,3,11,5,6,13,7,6,0,0,0
1499690,0,0,0,0,0,0,0,0,0,0,0,0,0,0,0,0,0,0,0,0,0,0,0,0,0,0,0,0,0,0,0,0,0,0,0,0,0,0,0
53021201,38,25,13,36,23,13,0,0,0,5,4,1,0,0,0,2,2,0,38,12,26,22,8,14,1,0,1,1,0,1,3,1,2,11,3,8,0,0,0
53021202,24,17,7,24,17,7,0,0,0,3,2,1,0,0,0,0,0,0,28,8,20,14,6,8,0,0,0,4,0,4,8,2,6,2,0,2,0,0,0
53021203,38,23,15,37,23,14,1,1,0,3,3,0,0,0,0,1,0,1,36,18,18,23,11,12,1,1,0,1,0,1,5,3,2,6,3,3,0,0,0
53021204,354,213,141,338,206,132,15,9,6,38,24,14,4,0,4,16,7,9,322,133,189,149,64,85,0,0,0,18,0,18,70,28,42,85,41,44,10,4,6
53021205,19,12,7,17,11,6,0,0,0,4,3,1,0,0,0,2,1,1,17,9,8,11,6,5,0,0,0,1,0,1,2,1,1,3,2,1,0,0,0
53021206,15,9,6,14,8,6,0,0,0,3,1,2,0,0,0,1,1,0,7,4,3,4,2,2,0,0,0,0,0,0,2,1,1,1,1,0,0,0,0
53021207,16,9,7,16,9,7,1,0,1,1,0,1,0,0,0,0,0,0,21,12,9,11,6,5,0,0,0,2,0,2,5,4,1,3,2,1,0,0,0
53021208,20,13,7,19,12,7,0,0,0,2,1,1,0,0,0,1,1,0,15,4,11,7,1,6,0,0,0,1,0,1,3,0,3,4,3,1,0,0,0
53021209,14,11,3,10,9,1,0,0,0,1,1,0,0,0,0,4,2,2,19,6,13,11,3,8,0,0,0,1,0,1,3,2,1,4,1,3,0,0,0
53026301,124,73,51,120,72,48,3,2,1,18,7,11,1,0,1,4,1,3,121,49,72,51,23,28,0,0,0,7,0,7,24,10,14,39,16,23,3,0,3
53026302,285,151,134,275,142,133,14,3,11,37,17,20,1,0,1,10,9,1,257,113,144,109,49,60,5,2,3,16,0,16,53,27,26,74,35,39,1,1,0
53026303,11,5,6,11,5,6,1,0,1,2,1,1,0,0,0,0,0,0,11,5,6,5,3,2,0,0,0,1,0,1,1,0,1,4,2,2,0,0,0
53029801,31,17,14,29,15,14,2,1,1,4,2,2,0,0,0,2,2,0,30,14,16,8,5,3,1,0,1,4,0,4,10,5,5,7,4,3,0,0,0
53029802,17,8,9,15,7,8,1,1,0,1,0,1,0,0,0,2,1,1,12,8,4,4,3,1,0,0,0,0,0,0,0,0,0,8,5,3,0,0,0
53029803,521,284,237,494,270,224,21,10,11,59,35,24,3,0,3,27,14,13,464,201,263,206,83,123,0,0,0,19,0,19,79,38,41,160,80,80,12,5,7
53029804,12,5,7,12,5,7,0,0,0,0,0,0,0,0,0,0,0,0,12,4,8,6,3,3,0,0,0,1,0,1,2,0,2,3,1,2,0,0,0
53029805,16,10,6,15,10,5,0,0,0,2,2,0,0,0,0,1,0,1,19,11,8,12,7,5,0,0,0,1,0,1,2,1,1,4,3,1,0,0,0
53029806,13,7,6,11,7,4,0,0,0,2,1,1,0,0,0,2,0,2,13,7,6,8,5,3,0,0,0,0,0,0,1,1,0,4,1,3,0,0,0
53030101,16,10,6,16,10,6,0,0,0,0,0,0,0,0,0,0,0,0,21,9,12,9,4,5,0,0,0,3,0,3,5,2,3,4,3,1,0,0,0
53030102,13,8,5,12,7,5,0,0,0,0,0,0,0,0,0,1,1,0,17,5,12,5,3,2,0,0,0,2,0,2,2,1,1,8,1,7,0,0,0
53030103,12,8,4,12,8,4,0,0,0,2,2,0,0,0,0,0,0,0,21,12,9,6,4,2,0,0,0,0,0,0,3,0,3,12,8,4,0,0,0
53030104,11,5,6,11,5,6,0,0,0,4,2,2,0,0,0,0,0,0,14,7,7,5,1,4,0,0,0,0,0,0,1,0,1,8,6,2,0,0,0
53030105,18,12,6,18,12,6,0,0,0,5,3,2,0,0,0,0,0,0,9,5,4,5,2,3,0,0,0,0,0,0,1,1,0,3,2,1,0,0,0
53030106,36,20,16,34,19,15,1,1,0,8,4,4,0,0,0,2,1,1,43,20,23,24,12,12,0,0,0,4,0,4,3,1,2,12,7,5,2,2,0
53030107,19,11,8,18,10,8,0,0,0,2,1,1,1,0,1,1,1,0,23,10,13,10,4,6,0,0,0,0,0,0,2,1,1,11,5,6,0,0,0
53030108,97,62,35,92,59,33,1,0,1,15,13,2,2,0,2,5,3,2,84,34,50,40,18,22,0,0,0,3,0,3,18,7,11,23,9,14,11,9,2
53030109,23,12,11,22,11,11,4,3,1,2,1,1,0,0,0,1,1,0,23,8,15,10,4,6,0,0,0,0,0,0,4,1,3,9,3,6,0,0,0
53030116,12,7,5,12,7,5,0,0,0,0,0,0,0,0,0,0,0,0,8,4,4,0,0,0,0,0,0,1,0,1,2,2,0,5,2,3,0,0,0
1358101,0,0,0,0,0,0,0,0,0,0,0,0,0,0,0,0,0,0,0,0,0,0,0,0,0,0,0,0,0,0,0,0,0,0,0,0,0,0,0
53031001,16,10,6,16,10,6,0,0,0,3,2,1,0,0,0,0,0,0,9,3,6,4,1,3,0,0,0,0,0,0,0,0,0,5,2,3,0,0,0
53031002,43,19,24,42,19,23,1,0,1,10,1,9,0,0,0,1,0,1,47,22,25,19,12,7,0,0,0,2,0,2,6,4,2,20,6,14,1,1,0
53031003,24,17,7,23,17,6,0,0,0,2,1,1,0,0,0,1,0,1,26,13,13,13,6,7,0,0,0,2,0,2,5,3,2,6,4,2,0,0,0
53031004,37,19,18,36,19,17,3,2,1,3,0,3,0,0,0,1,0,1,31,15,16,9,3,6,0,0,0,2,0,2,10,6,4,10,6,4,0,0,0
53031005,86,54,32,85,53,32,2,1,1,13,8,5,1,0,1,1,1,0,65,31,34,28,13,15,0,0,0,2,0,2,12,6,6,23,12,11,1,0,1
53031006,37,20,17,35,19,16,1,1,0,4,0,4,0,0,0,2,1,1,38,16,22,13,2,11,0,0,0,1,0,1,10,6,4,14,8,6,2,1,1
53031007,32,16,16,32,16,16,3,1,2,4,3,1,0,0,0,0,0,0,19,12,7,10,7,3,0,0,0,0,0,0,3,1,2,6,4,2,1,0,1
53031008,12,7,5,12,7,5,0,0,0,3,1,2,0,0,0,0,0,0,12,4,8,7,3,4,0,0,0,0,0,0,0,0,0,5,1,4,0,0,0
53031009,60,33,27,58,31,27,1,1,0,12,7,5,0,0,0,2,2,0,52,26,26,17,8,9,0,0,0,1,0,1,10,8,2,24,10,14,0,0,0
53031010,24,13,11,24,13,11,2,0,2,1,1,0,0,0,0,0,0,0,21,6,15,13,3,10,0,0,0,0,0,0,1,1,0,7,2,5,0,0,0
53031011,11,6,5,9,5,4,0,0,0,1,0,1,0,0,0,2,1,1,17,6,11,7,4,3,0,0,0,1,0,1,2,0,2,7,2,5,0,0,0
53031012,22,13,9,21,13,8,1,1,0,4,3,1,0,0,0,1,0,1,17,5,12,7,3,4,1,0,1,1,0,1,2,1,1,6,1,5,0,0,0
53031013,26,15,11,25,15,10,1,1,0,4,3,1,0,0,0,1,0,1,28,8,20,12,3,9,0,0,0,3,0,3,7,3,4,6,2,4,0,0,0
53031015,787,414,373,758,399,359,27,12,15,118,66,52,8,0,8,29,15,14,614,271,343,265,111,154,0,0,0,27,0,27,115,58,57,207,102,105,12,7,5
53031016,49,29,20,48,28,20,0,0,0,19,15,4,0,0,0,1,1,0,184,126,58,163,115,48,0,0,0,3,0,3,7,3,4,11,8,3,0,0,0
53031018,28,14,14,27,14,13,2,1,1,2,1,1,1,0,1,1,0,1,33,14,19,18,9,9,0,0,0,2,0,2,7,2,5,6,3,3,0,0,0
53031019,23,13,10,21,12,9,0,0,0,3,1,2,0,0,0,2,1,1,14,5,9,7,3,4,0,0,0,0,0,0,3,0,3,4,2,2,0,0,0
53031020,15,9,6,15,9,6,0,0,0,1,0,1,0,0,0,0,0,0,13,2,11,6,2,4,0,0,0,1,0,1,3,0,3,3,0,3,0,0,0
53031021,49,28,21,46,26,20,0,0,0,3,0,3,0,0,0,3,2,1,65,36,29,35,18,17,0,0,0,3,0,3,9,7,2,18,11,7,0,0,0
1098861,0,0,0,0,0,0,0,0,0,0,0,0,0,0,0,0,0,0,0,0,0,0,0,0,0,0,0,0,0,0,0,0,0,0,0,0,0,0,0
53034402,52,29,23,49,26,23,0,0,0,6,4,2,0,0,0,3,3,0,66,30,36,33,14,19,1,0,1,3,0,3,9,5,4,20,11,9,0,0,0
53034403,32,16,16,31,15,16,3,1,2,3,0,3,2,0,2,1,1,0,28,12,16,10,4,6,0,0,0,2,0,2,9,6,3,7,2,5,0,0,0
53034404,384,215,169,371,205,166,15,4,11,28,16,12,4,0,4,13,10,3,365,165,200,163,75,88,0,0,0,13,0,13,52,24,28,137,66,71,7,3,4
53034406,32,15,17,32,15,17,2,0,2,2,2,0,1,0,1,0,0,0,23,12,11,16,8,8,1,0,1,0,0,0,2,2,0,4,2,2,0,0,0
53034407,30,17,13,30,17,13,3,2,1,5,3,2,1,0,1,0,0,0,16,8,8,7,4,3,0,0,0,1,0,1,3,2,1,5,2,3,0,0,0
53034408,74,47,27,72,46,26,2,1,1,3,3,0,2,0,2,2,1,1,46,18,28,15,3,12,0,0,0,6,0,6,15,9,6,10,6,4,0,0,0
53034409,26,15,11,25,14,11,1,0,1,2,1,1,0,0,0,1,1,0,23,13,10,10,4,6,0,0,0,0,0,0,2,2,0,11,7,4,0,0,0
53034410,88,48,40,87,48,39,3,1,2,10,5,5,1,0,1,1,0,1,74,37,37,27,12,15,1,1,0,4,0,4,13,9,4,29,15,14,0,0,0
53035202,23,14,9,22,13,9,1,0,1,2,2,0,0,0,0,1,1,0,22,10,12,6,1,5,0,0,0,1,0,1,4,3,1,11,6,5,0,0,0
53035203,172,94,78,171,93,78,4,3,1,27,11,16,2,0,2,1,1,0,175,64,111,88,26,62,0,0,0,4,0,4,26,15,11,57,23,34,1,0,1
53035204,41,20,21,38,19,19,1,0,1,6,5,1,0,0,0,3,1,2,32,16,16,16,6,10,0,0,0,1,0,1,6,4,2,9,6,3,0,0,0
53040901,129,72,57,125,69,56,5,2,3,15,8,7,0,0,0,4,3,1,101,42,59,55,24,31,0,0,0,2,0,2,13,8,5,31,10,21,0,0,0
53040902,14,8,6,14,8,6,0,0,0,1,0,1,0,0,0,0,0,0,6,5,1,3,2,1,0,0,0,0,0,0,3,3,0,0,0,0,0,0,0
53040903,23,10,13,23,10,13,0,0,0,3,1,2,1,0,1,0,0,0,19,9,10,7,4,3,0,0,0,0,0,0,6,3,3,6,2,4,0,0,0
53044101,59,29,30,59,29,30,2,2,0,9,3,6,0,0,0,0,0,0,51,24,27,22,9,13,0,0,0,2,0,2,10,4,6,17,11,6,0,0,0
53044102,37,19,18,37,19,18,0,0,0,9,4,5,0,0,0,0,0,0,20,10,10,8,3,5,0,0,0,0,0,0,4,2,2,8,5,3,1,1,0
53044103,700,384,316,678,373,305,25,12,13,71,40,31,5,0,5,22,11,11,616,287,329,239,95,144,0,0,0,23,0,23,130,71,59,224,121,103,10,7,3
53045001,29,14,15,29,14,15,2,1,1,5,0,5,0,0,0,0,0,0,23,12,11,8,2,6,0,0,0,2,0,2,6,3,3,7,7,0,0,0,0
53045002,29,16,13,29,16,13,0,0,0,4,2,2,0,0,0,0,0,0,19,10,9,10,6,4,0,0,0,0,0,0,0,0,0,9,4,5,0,0,0
53045003,49,29,20,49,29,20,1,1,0,5,4,1,0,0,0,0,0,0,52,21,31,19,7,12,0,0,0,2,0,2,6,3,3,25,11,14,0,0,0
53045005,29,16,13,29,16,13,1,0,1,2,2,0,0,0,0,0,0,0,20,5,15,15,4,11,0,0,0,1,0,1,3,1,2,1,0,1,0,0,0
53045006,68,41,27,65,39,26,1,0,1,9,8,1,0,0,0,3,2,1,58,24,34,20,6,14,0,0,0,3,0,3,13,6,7,22,12,10,0,0,0
53045007,10,6,4,9,5,4,0,0,0,1,0,1,0,0,0,1,1,0,15,8,7,6,4,2,0,0,0,1,0,1,4,2,2,4,2,2,0,0,0
53045008,54,31,23,53,31,22,4,2,2,4,4,0,1,0,1,1,0,1,32,17,15,14,8,6,0,0,0,1,0,1,8,7,1,9,2,7,0,0,0
53045009,43,23,20,41,23,18,2,2,0,4,1,3,0,0,0,2,0,2,38,11,27,13,5,8,0,0,0,5,0,5,11,4,7,9,2,7,1,1,0
53045011,66,40,26,65,40,25,2,1,1,12,6,6,1,0,1,1,0,1,53,21,32,18,7,11,0,0,0,3,0,3,14,5,9,18,9,9,1,1,0
53045012,36,22,14,36,22,14,2,2,0,1,1,0,0,0,0,0,0,0,39,19,20,7,3,4,0,0,0,6,0,6,14,9,5,12,7,5,1,1,0
53045013,304,180,124,297,176,121,4,3,1,43,20,23,3,0,3,7,4,3,333,147,186,168,72,96,2,0,2,17,0,17,54,24,30,92,51,41,11,6,5
53045014,14,8,6,14,8,6,3,1,2,3,2,1,0,0,0,0,0,0,7,2,5,6,2,4,0,0,0,0,0,0,0,0,0,1,0,1,0,0,0
53045016,14,8,6,14,8,6,0,0,0,0,0,0,0,0,0,0,0,0,13,7,6,1,1,0,0,0,0,1,0,1,3,2,1,8,4,4,0,0,0
53047601,21,14,7,19,12,7,0,0,0,3,3,0,0,0,0,2,2,0,21,9,12,16,6,10,0,0,0,0,0,0,2,1,1,3,2,1,0,0,0
53047602,53,29,24,53,29,24,4,2,2,3,1,2,1,0,1,0,0,0,44,16,28,19,6,13,0,0,0,2,0,2,7,3,4,16,7,9,1,0,1
53047604,20,12,8,18,10,8,0,0,0,3,1,2,2,0,2,2,2,0,22,10,12,11,5,6,0,0,0,1,0,1,5,1,4,5,4,1,0,0,0
53047605,183,103,80,178,100,78,8,5,3,20,7,13,2,0,2,5,3,2,159,76,83,81,39,42,1,0,1,5,0,5,18,12,6,54,25,29,4,4,0
53047606,16,9,7,15,9,6,0,0,0,4,3,1,0,0,0,1,0,1,24,13,11,6,2,4,0,0,0,3,0,3,7,6,1,8,5,3,0,0,0
3323300,0,0,0,0,0,0,0,0,0,0,0,0,0,0,0,0,0,0,0,0,0,0,0,0,0,0,0,0,0,0,0,0,0,0,0,0,0,0,0
53049201,20,9,11,20,9,11,0,0,0,2,1,1,1,0,1,0,0,0,11,6,5,3,2,1,0,0,0,1,0,1,4,1,3,3,3,0,0,0,0
53049202,19,10,9,19,10,9,0,0,0,3,2,1,0,0,0,0,0,0,17,8,9,6,3,3,0,0,0,2,0,2,5,3,2,4,2,2,0,0,0
53049203,171,94,77,166,92,74,6,1,5,18,6,12,1,0,1,5,2,3,120,50,70,48,20,28,0,0,0,8,0,8,28,14,14,36,16,20,4,3,1
53049205,29,16,13,29,16,13,1,1,0,5,4,1,2,0,2,0,0,0,37,14,23,19,7,12,0,0,0,0,0,0,4,1,3,14,6,8,1,1,0
53051401,73,43,30,71,43,28,3,1,2,10,8,2,0,0,0,2,0,2,56,27,29,31,12,19,0,0,0,2,0,2,7,4,3,16,11,5,0,0,0
53052201,38,25,13,37,24,13,2,2,0,10,6,4,0,0,0,1,1,0,25,8,17,19,7,12,0,0,0,2,0,2,3,1,2,1,0,1,1,1,0
53052202,27,13,14,24,12,12,0,0,0,4,1,3,0,0,0,3,1,2,19,9,10,12,7,5,0,0,0,0,0,0,2,0,2,5,2,3,0,0,0
53052203,37,22,15,35,21,14,0,0,0,10,5,5,0,0,0,2,1,1,25,9,16,16,6,10,0,0,0,1,0,1,3,2,1,5,1,4,0,0,0
53052204,32,14,18,31,13,18,1,0,1,4,1,3,0,0,0,1,1,0,18,7,11,5,1,4,0,0,0,1,0,1,6,3,3,6,3,3,0,0,0
53052205,18,9,9,17,8,9,0,0,0,0,0,0,1,0,1,1,1,0,21,8,13,12,6,6,0,0,0,1,0,1,7,2,5,1,0,1,1,1,0
53052206,30,14,16,29,13,16,0,0,0,1,1,0,0,0,0,1,1,0,28,16,12,12,8,4,0,0,0,1,0,1,3,3,0,12,5,7,0,0,0
53053102,17,12,5,17,12,5,0,0,0,2,2,0,1,0,1,0,0,0,21,9,12,11,7,4,0,0,0,3,0,3,5,2,3,2,0,2,0,0,0
53053103,193,110,83,187,108,79,3,0,3,22,12,10,1,0,1,6,2,4,173,71,102,62,26,36,0,0,0,17,0,17,36,20,16,58,25,33,0,0,0
53054901,87,53,34,85,51,34,4,0,4,13,7,6,0,0,0,2,2,0,74,26,48,40,14,26,0,0,0,4,0,4,13,2,11,17,10,7,0,0,0
53061101,29,17,12,29,17,12,1,1,0,0,0,0,0,0,0,0,0,0,16,5,11,6,1,5,0,0,0,1,0,1,4,1,3,5,3,2,0,0,0
53061102,12,7,5,12,7,5,0,0,0,3,1,2,0,0,0,0,0,0,16,6,10,9,4,5,0,0,0,1,0,1,2,0,2,4,2,2,0,0,0
53061103,13,6,7,12,6,6,0,0,0,2,1,1,0,0,0,1,0,1,23,11,12,18,8,10,0,0,0,1,0,1,2,2,0,2,1,1,0,0,0
53061104,80,46,34,75,43,32,2,1,1,10,5,5,1,0,1,5,3,2,73,37,36,41,21,20,1,1,0,3,0,3,10,5,5,18,10,8,0,0,0
53063801,38,22,16,35,21,14,5,3,2,3,1,2,0,0,0,3,1,2,51,22,29,21,10,11,1,1,0,4,0,4,14,8,6,11,3,8,0,0,0
53063802,10,6,4,10,6,4,0,0,0,1,1,0,0,0,0,0,0,0,12,7,5,3,2,1,0,0,0,1,0,1,4,4,0,4,1,3,0,0,0
53063803,162,92,70,159,90,69,9,3,6,10,4,6,1,0,1,3,2,1,143,63,80,40,16,24,0,0,0,14,0,14,39,19,20,50,28,22,4,3,1
53063804,30,15,15,29,15,14,0,0,0,4,1,3,0,0,0,1,0,1,29,9,20,10,2,8,0,0,0,1,0,1,6,2,4,12,5,7,0,0,0
53068901,48,25,23,46,24,22,3,1,2,4,2,2,0,0,0,2,1,1,55,28,27,21,10,11,0,0,0,4,0,4,10,3,7,20,15,5,0,0,0
53068902,19,10,9,17,10,7,1,1,0,1,1,0,0,0,0,2,0,2,9,3,6,5,1,4,0,0,0,0,0,0,0,0,0,4,2,2,0,0,0
53068903,27,14,13,26,14,12,0,0,0,2,0,2,0,0,0,1,0,1,27,14,13,9,4,5,0,0,0,2,0,2,8,5,3,8,5,3,0,0,0
53068905,15,7,8,13,7,6,1,0,1,1,1,0,0,0,0,2,0,2,20,10,10,13,5,8,0,0,0,0,0,0,0,0,0,7,5,2,0,0,0
53068906,46,26,20,46,26,20,1,0,1,8,5,3,1,0,1,0,0,0,23,9,14,9,3,6,0,0,0,0,0,0,3,2,1,11,4,7,1,1,0
53068907,47,25,22,44,24,20,3,2,1,6,3,3,0,0,0,3,1,2,43,19,24,12,6,6,0,0,0,3,0,3,13,5,8,15,8,7,0,0,0
53068908,41,22,19,40,21,19,1,0,1,2,1,1,0,0,0,1,1,0,53,27,26,18,10,8,0,0,0,5,0,5,8,4,4,22,13,9,1,0,1
53068909,42,23,19,41,23,18,1,1,0,1,1,0,2,0,2,1,0,1,42,20,22,19,8,11,0,0,0,2,0,2,7,3,4,14,9,5,0,0,0
53068910,229,128,101,220,123,97,9,4,5,30,16,14,1,0,1,9,5,4,162,81,81,64,31,33,0,0,0,7,0,7,36,21,15,55,29,26,3,3,0
53070101,18,11,7,18,11,7,0,0,0,1,1,0,0,0,0,0,0,0,15,5,10,14,5,9,0,0,0,0,0,0,1,0,1,0,0,0,0,0,0
53070103,74,43,31,72,43,29,2,1,1,13,10,3,0,0,0,2,0,2,58,25,33,38,14,24,0,0,0,1,0,1,5,3,2,14,8,6,0,0,0
53070104,65,41,24,63,39,24,0,0,0,3,1,2,0,0,0,2,2,0,86,45,41,36,20,16,0,0,0,3,0,3,20,12,8,27,13,14,3,1,2
53071901,54,30,24,47,27,20,2,1,1,5,2,3,0,0,0,7,3,4,49,20,29,23,9,14,0,0,0,3,0,3,8,4,4,15,7,8,0,0,0
53074301,90,53,37,88,51,37,4,1,3,7,2,5,0,0,0,2,2,0,97,45,52,49,26,23,0,0,0,10,0,10,22,9,13,16,10,6,1,0,1
53074302,19,12,7,18,12,6,1,0,1,4,4,0,0,0,0,1,0,1,24,10,14,16,6,10,0,0,0,0,0,0,2,0,2,6,4,2,0,0,0
53075101,33,17,16,30,16,14,0,0,0,5,3,2,0,0,0,3,1,2,27,11,16,14,7,7,0,0,0,3,0,3,4,1,3,6,3,3,0,0,0
53075102,157,87,70,154,86,68,7,3,4,13,8,5,3,0,3,3,1,2,118,47,71,44,14,30,1,0,1,8,0,8,25,13,12,40,20,20,6,4,2
53076001,50,26,24,46,24,22,2,1,1,4,1,3,0,0,0,4,2,2,69,37,32,28,12,16,1,1,0,5,0,5,12,9,3,23,15,8,0,0,0
53076002,21,12,9,20,12,8,0,0,0,1,1,0,0,0,0,1,0,1,16,5,11,5,2,3,0,0,0,1,0,1,4,1,3,6,2,4,0,0,0
53076003,24,13,11,24,13,11,2,1,1,2,1,1,1,0,1,0,0,0,10,5,5,1,0,1,0,0,0,1,0,1,4,3,1,4,2,2,0,0,0
53076004,168,89,79,163,86,77,10,3,7,11,5,6,5,0,5,5,3,2,145,76,69,43,20,23,0,0,0,5,0,5,39,23,16,58,33,25,1,1,0
53077802,35,21,14,34,20,14,1,0,1,1,1,0,0,0,0,1,1,0,32,18,14,19,8,11,0,0,0,1,0,1,6,6,0,6,4,2,0,0,0
53077804,53,30,23,49,29,20,0,0,0,5,3,2,0,0,0,4,1,3,53,25,28,25,13,12,0,0,0,1,0,1,12,5,7,15,7,8,1,1,0
53077805,19,14,5,18,14,4,0,0,0,1,0,1,0,0,0,1,0,1,9,5,4,7,3,4,0,0,0,0,0,0,0,0,0,2,2,0,0,0,0
53081601,40,26,14,39,25,14,1,1,0,8,4,4,0,0,0,1,1,0,48,17,31,26,10,16,2,1,1,3,0,3,7,3,4,10,3,7,1,0,1
53081602,53,31,22,52,30,22,3,1,2,7,4,3,2,0,2,1,1,0,44,23,21,19,8,11,0,0,0,4,0,4,8,7,1,13,8,5,0,0,0
53081603,47,29,18,46,29,17,1,0,1,10,7,3,0,0,0,1,0,1,37,12,25,23,5,18,0,0,0,3,0,3,6,5,1,5,2,3,0,0,0
53081604,57,33,24,56,33,23,1,0,1,11,7,4,1,0,1,1,0,1,51,19,32,24,9,15,0,0,0,3,0,3,11,4,7,13,6,7,0,0,0
53081606,526,295,231,509,285,224,16,6,10,58,35,23,4,0,4,17,10,7,427,184,243,187,66,121,4,2,2,24,0,24,74,42,32,138,74,64,13,8,5
53084101,112,64,48,107,63,44,7,4,3,11,7,4,0,0,0,5,1,4,87,35,52,34,11,23,0,0,0,3,0,3,14,4,10,36,20,16,1,0,1
53084102,26,15,11,26,15,11,1,0,1,5,3,2,0,0,0,0,0,0,30,15,15,16,8,8,0,0,0,2,0,2,4,2,2,8,5,3,0,0,0
53084103,222,117,105,216,111,105,9,5,4,26,11,15,3,0,3,6,6,0,226,101,125,112,47,65,0,0,0,9,1,8,34,21,13,71,32,39,2,1,1
53084104,115,63,52,113,63,50,5,3,2,10,7,3,0,0,0,2,0,2,101,54,47,42,14,28,0,0,0,5,0,5,20,17,3,34,23,11,1,0,1
53084105,146,83,63,141,80,61,2,0,2,10,7,3,0,0,0,5,3,2,120,57,63,50,20,30,0,0,0,2,0,2,18,13,5,50,24,26,3,1,2
53084106,196,103,93,189,100,89,13,6,7,15,6,9,0,0,0,7,3,4,137,69,68,49,21,28,0,0,0,8,0,8,26,13,13,54,35,19,2,2,0
53084107,275,155,120,270,155,115,18,7,11,34,24,10,5,0,5,5,0,5,264,112,152,133,56,77,1,1,0,10,0,10,44,16,28,76,39,37,2,0,2
53084108,251,137,114,241,130,111,4,1,3,19,13,6,1,0,1,10,7,3,187,81,106,66,19,47,0,0,0,11,0,11,53,27,26,57,35,22,6,3,3
53084109,1410,771,639,1359,746,613,46,19,27,205,98,107,7,0,7,51,25,26,1481,621,860,847,329,518,3,2,1,53,0,53,186,89,97,392,201,191,29,19,10
53084110,146,81,65,145,81,64,7,4,3,16,6,10,0,0,0,1,0,1,158,71,87,62,29,33,0,0,0,11,0,11,30,10,20,55,32,23,1,1,0
1781012,0,0,0,0,0,0,0,0,0,0,0,0,0,0,0,0,0,0,0,0,0,0,0,0,0,0,0,0,0,0,0,0,0,0,0,0,0,0,0
53086701,58,35,23,55,32,23,3,1,2,7,3,4,0,0,0,3,3,0,54,24,30,21,9,12,0,0,0,4,0,4,12,6,6,17,9,8,1,1,0
53086703,101,58,43,98,57,41,2,1,1,13,6,7,0,0,0,3,1,2,91,43,48,42,21,21,1,0,1,5,0,5,15,9,6,28,13,15,0,0,0
53086705,12,9,3,10,7,3,0,0,0,2,1,1,0,0,0,2,2,0,12,5,7,9,5,4,0,0,0,1,0,1,1,0,1,1,0,1,0,0,0
1834910,0,0,0,0,0,0,0,0,0,0,0,0,0,0,0,0,0,0,0,0,0,0,0,0,0,0,0,0,0,0,0,0,0,0,0,0,0,0,0
3070090,0,0,0,0,0,0,0,0,0,0,0,0,0,0,0,0,0,0,0,0,0,0,0,0,0,0,0,0,0,0,0,0,0,0,0,0,0,0,0
3340490,0,0,0,0,0,0,0,0,0,0,0,0,0,0,0,0,0,0,0,0,0,0,0,0,0,0,0,0,0,0,0,0,0,0,0,0,0,0,0
53088301,146,84,62,139,80,59,1,0,1,21,11,10,1,0,1,7,4,3,120,48,72,60,25,35,1,0,1,7,0,7,21,11,10,31,12,19,2,0,2
53088302,69,39,30,65,38,27,3,0,3,8,5,3,0,0,0,4,1,3,71,31,40,33,13,20,0,0,0,4,0,4,13,5,8,21,13,8,0,0,0
53088303,8,6,2,7,5,2,0,0,0,0,0,0,0,0,0,1,1,0,18,8,10,16,8,8,0,0,0,0,0,0,1,0,1,1,0,1,0,0,0
53088304,288,170,118,276,163,113,10,5,5,34,20,14,2,0,2,12,7,5,303,124,179,160,63,97,0,0,0,16,0,16,44,24,20,83,37,46,1,1,0
53088306,39,24,15,39,24,15,1,1,0,2,2,0,0,0,0,0,0,0,18,7,11,10,3,7,0,0,0,2,0,2,4,3,1,2,1,1,0,0,0
53088308,55,33,22,54,32,22,5,3,2,3,0,3,1,0,1,1,1,0,48,26,22,19,10,9,0,0,0,3,0,3,10,6,4,16,10,6,0,0,0
53088309,26,13,13,24,12,12,1,0,1,3,1,2,0,0,0,2,1,1,33,18,15,11,8,3,0,0,0,2,0,2,6,3,3,14,7,7,1,0,1
53088310,11,5,6,11,5,6,0,0,0,2,1,1,0,0,0,0,0,0,9,5,4,5,3,2,0,0,0,0,0,0,1,1,0,3,1,2,0,0,0
53088311,14,11,3,14,11,3,0,0,0,3,3,0,0,0,0,0,0,0,14,6,8,10,4,6,0,0,0,1,0,1,2,1,1,1,1,0,0,0,0
53088312,223,128,95,215,126,89,5,2,3,31,18,13,2,0,2,8,2,6,201,83,118,102,36,66,0,0,0,9,0,9,33,16,17,57,31,26,1,0,1
53088313,88,46,42,87,46,41,3,1,2,11,6,5,1,0,1,1,0,1,91,45,46,36,17,19,2,2,0,5,0,5,17,12,5,31,14,17,0,0,0
53088315,634,313,321,605,301,304,22,11,11,76,27,49,6,0,6,29,12,17,529,202,327,258,90,168,1,1,0,23,0,23,98,49,49,149,62,87,11,5,6
53088316,898,468,430,859,449,410,33,16,17,105,42,63,12,0,12,39,19,20,1000,386,614,614,222,392,2,2,0,43,1,42,139,64,75,202,97,105,13,10,3
53088317,1468,766,702,1408,735,673,60,26,34,191,89,102,14,1,13,60,31,29,1235,524,711,637,249,388,0,0,0,54,1,53,210,106,104,334,168,166,66,43,23
53088318,25,17,8,24,16,8,2,1,1,0,0,0,0,0,0,1,1,0,23,11,12,4,2,2,0,0,0,1,0,1,8,4,4,10,5,5,0,0,0
53088321,496,278,218,482,269,213,18,9,9,55,31,24,4,0,4,14,9,5,424,186,238,209,83,126,2,1,1,20,0,20,63,33,30,130,69,61,1,1,0
53088323,1309,741,568,1273,724,549,51,26,25,152,84,68,5,0,5,36,17,19,1243,509,734,618,231,387,2,1,1,54,0,54,178,95,83,391,182,209,11,6,5
53089101,32,18,14,30,16,14,2,1,1,6,4,2,1,0,1,2,2,0,28,15,13,13,4,9,0,0,0,0,0,0,6,5,1,9,6,3,0,0,0
53089103,25,15,10,25,15,10,4,2,2,1,1,0,0,0,0,0,0,0,27,8,19,13,5,8,0,0,0,2,0,2,4,1,3,8,2,6,1,1,0
53089104,14,7,7,13,7,6,0,0,0,2,0,2,0,0,0,1,0,1,19,10,9,12,7,5,0,0,0,0,0,0,0,0,0,7,3,4,0,0,0
53089105,26,14,12,25,14,11,0,0,0,3,1,2,0,0,0,1,0,1,14,9,5,6,4,2,0,0,0,0,0,0,1,1,0,7,4,3,0,0,0
53089106,131,72,59,127,69,58,1,1,0,19,11,8,0,0,0,4,3,1,202,74,128,158,56,102,1,0,1,4,0,4,13,3,10,26,15,11,1,1,0
53089107,17,8,9,17,8,9,1,0,1,4,2,2,0,0,0,0,0,0,15,5,10,5,0,5,0,0,0,0,0,0,1,0,1,9,5,4,0,0,0
0152702,0,0,0,0,0,0,0,0,0,0,0,0,0,0,0,0,0,0,0,0,0,0,0,0,0,0,0,0,0,0,0,0,0,0,0,0,0,0,0
53090501,43,22,21,43,22,21,1,1,0,2,1,1,0,0,0,0,0,0,57,22,35,25,11,14,0,0,0,1,0,1,3,3,0,28,8,20,1,1,0
53090503,18,10,8,17,9,8,0,0,0,2,1,1,0,0,0,1,1,0,24,12,12,11,7,4,0,0,0,3,0,3,6,3,3,4,2,2,1,0,1
53090504,19,10,9,19,10,9,0,0,0,0,0,0,1,1,0,0,0,0,14,4,10,4,1,3,0,0,0,0,0,0,5,2,3,5,1,4,1,1,0
53090505,19,12,7,19,12,7,0,0,0,1,1,0,0,0,0,0,0,0,17,7,10,7,3,4,0,0,0,1,1,0,4,1,3,5,2,3,0,0,0
53090506,32,17,15,31,17,14,0,0,0,1,0,1,0,0,0,1,0,1,28,15,13,8,4,4,0,0,0,1,0,1,6,3,3,13,8,5,0,0,0
53090508,43,25,18,41,25,16,1,0,1,4,2,2,0,0,0,2,0,2,34,15,19,18,9,9,0,0,0,0,0,0,2,0,2,14,6,8,1,0,1
53090509,18,11,7,18,11,7,1,0,1,1,1,0,0,0,0,0,0,0,22,8,14,8,4,4,0,0,0,2,0,2,8,2,6,4,2,2,1,0,1
53090510,10,6,4,10,6,4,1,0,1,0,0,0,0,0,0,0,0,0,12,4,8,10,4,6,0,0,0,0,0,0,0,0,0,2,0,2,2,1,1
53090511,34,19,15,34,19,15,0,0,0,2,1,1,2,0,2,0,0,0,28,13,15,14,7,7,0,0,0,1,0,1,6,4,2,7,2,5,0,0,0
53090512,22,10,12,21,10,11,0,0,0,5,2,3,0,0,0,1,0,1,27,13,14,9,5,4,0,0,0,1,0,1,4,1,3,13,7,6,0,0,0
53090514,19,12,7,19,12,7,1,1,0,0,0,0,0,0,0,0,0,0,21,9,12,7,4,3,0,0,0,2,0,2,4,3,1,8,2,6,0,0,0
53090515,13,6,7,13,6,7,0,0,0,0,0,0,0,0,0,0,0,0,11,6,5,8,4,4,0,0,0,0,0,0,1,1,0,2,1,1,0,0,0
53090516,44,22,22,43,22,21,4,2,2,2,1,1,0,0,0,1,0,1,38,20,18,20,9,11,0,0,0,2,0,2,6,4,2,10,7,3,0,0,0
53090518,13,8,5,13,8,5,1,0,1,1,1,0,0,0,0,0,0,0,16,5,11,4,0,4,0,0,0,1,0,1,5,1,4,6,4,2,0,0,0
53090521,32,18,14,32,18,14,2,0,2,3,2,1,0,0,0,0,0,0,24,12,12,15,6,9,0,0,0,0,0,0,2,2,0,7,4,3,1,0,1
53090523,148,86,62,143,85,58,8,4,4,18,13,5,0,0,0,5,1,4,159,63,96,101,32,69,0,0,0,5,0,5,18,10,8,35,21,14,0,0,0
53090524,1159,609,550,1129,594,535,27,14,13,143,68,75,8,0,8,30,15,15,1147,501,646,609,241,368,0,0,0,51,0,51,151,89,62,336,171,165,15,11,4
53090525,257,132,125,247,127,120,5,3,2,32,14,18,3,0,3,10,5,5,216,99,117,96,39,57,0,0,0,8,0,8,37,20,17,75,40,35,4,1,3
53090526,226,125,101,220,124,96,3,3,0,27,12,15,1,0,1,6,1,5,214,105,109,90,49,41,0,0,0,6,0,6,36,16,20,82,40,42,19,12,7
53090527,24,13,11,24,13,11,1,0,1,3,2,1,1,0,1,0,0,0,23,6,17,8,3,5,0,0,0,2,0,2,8,2,6,5,1,4,0,0,0
53091301,58,37,21,57,37,20,1,1,0,6,5,1,0,0,0,1,0,1,48,23,25,26,10,16,0,0,0,4,0,4,11,9,2,7,4,3,2,1,1
53091302,154,91,63,152,90,62,4,3,1,10,7,3,1,0,1,2,1,1,129,54,75,52,21,31,0,0,0,5,0,5,26,10,16,46,23,23,1,0,1
1853533,0,0,0,0,0,0,0,0,0,0,0,0,0,0,0,0,0,0,0,0,0,0,0,0,0,0,0,0,0,0,0,0,0,0,0,0,0,0,0
53092101,52,31,21,52,31,21,4,2,2,6,5,1,2,0,2,0,0,0,31,15,16,13,4,9,0,0,0,1,0,1,8,4,4,9,7,2,0,0,0
53092102,51,27,24,51,27,24,2,1,1,6,2,4,0,0,0,0,0,0,43,18,25,20,9,11,0,0,0,0,0,0,10,4,6,13,5,8,0,0,0
53092103,91,52,39,89,51,38,1,0,1,10,6,4,0,0,0,2,1,1,71,21,50,36,12,24,0,0,0,2,0,2,6,2,4,27,7,20,3,0,3
53092104,58,33,25,57,32,25,4,0,4,5,5,0,1,0,1,1,1,0,49,25,24,19,9,10,0,0,0,0,0,0,7,4,3,23,12,11,0,0,0
1864653,0,0,0,0,0,0,0,0,0,0,0,0,0,0,0,0,0,0,0,0,0,0,0,0,0,0,0,0,0,0,0,0,0,0,0,0,0,0,0
53094801,13,8,5,12,8,4,1,1,0,1,1,0,1,1,0,1,0,1,14,7,7,7,3,4,0,0,0,0,0,0,3,2,1,4,2,2,0,0,0
53094802,25,14,11,25,14,11,2,0,2,2,1,1,0,0,0,0,0,0,26,13,13,13,8,5,0,0,0,3,0,3,5,3,2,5,2,3,0,0,0
53094803,19,10,9,18,9,9,1,0,1,1,0,1,0,0,0,1,1,0,22,11,11,9,5,4,0,0,0,1,0,1,8,5,3,4,1,3,1,1,0
53094806,14,8,6,14,8,6,1,0,1,0,0,0,0,0,0,0,0,0,17,6,11,12,4,8,0,0,0,0,0,0,1,0,1,4,2,2,1,1,0
53094807,13,8,5,13,8,5,0,0,0,2,1,1,0,0,0,0,0,0,11,4,7,5,1,4,0,0,0,1,0,1,5,3,2,0,0,0,0,0,0
53094808,26,14,12,26,14,12,0,0,0,2,1,1,0,0,0,0,0,0,25,12,13,10,4,6,0,0,0,1,0,1,6,3,3,8,5,3,0,0,0
53094809,437,237,200,419,228,191,10,4,6,46,25,21,0,0,0,18,9,9,358,165,193,136,62,74,1,1,0,18,0,18,63,32,31,140,70,70,4,2,2
53102201,298,165,133,290,162,128,5,3,2,38,21,17,3,0,3,8,3,5,216,87,129,106,39,67,1,1,0,7,0,7,28,12,16,74,35,39,0,0,0
53103101,21,13,8,21,13,8,0,0,0,1,0,1,0,0,0,0,0,0,16,7,9,11,5,6,0,0,0,2,0,2,3,2,1,0,0,0,0,0,0
53103103,53,31,22,51,31,20,1,0,1,10,4,6,0,0,0,2,0,2,67,32,35,40,17,23,1,1,0,2,0,2,8,4,4,16,10,6,2,0,2
0834452,0,0,0,0,0,0,0,0,0,0,0,0,0,0,0,0,0,0,0,0,0,0,0,0,0,0,0,0,0,0,0,0,0,0,0,0,0,0,0
53104901,10,5,5,10,5,5,0,0,0,0,0,0,0,0,0,0,0,0,17,7,10,14,6,8,0,0,0,1,0,1,1,1,0,1,0,1,0,0,0
53104902,7,4,3,7,4,3,0,0,0,0,0,0,0,0,0,0,0,0,13,4,9,11,3,8,0,0,0,0,0,0,0,0,0,2,1,1,0,0,0
53104903,38,21,17,34,20,14,2,1,1,4,2,2,0,0,0,4,1,3,43,18,25,27,10,17,0,0,0,1,0,1,5,1,4,10,7,3,1,1,0
53104904,31,17,14,23,11,12,1,0,1,2,1,1,0,0,0,8,6,2,59,33,26,51,28,23,2,2,0,0,0,0,0,0,0,6,3,3,1,1,0
53104906,9,5,4,9,5,4,0,0,0,2,0,2,0,0,0,0,0,0,25,16,9,14,10,4,0,0,0,2,1,1,5,3,2,4,2,2,3,1,2
53104908,71,41,30,66,36,30,0,0,0,11,5,6,0,0,0,5,5,0,76,33,43,46,17,29,0,0,0,1,0,1,9,5,4,20,11,9,1,0,1
53203701,24,13,11,24,13,11,1,0,1,4,2,2,1,0,1,0,0,0,21,10,11,5,1,4,1,1,0,0,0,0,4,3,1,11,5,6,0,0,0
53203702,85,48,37,83,47,36,4,2,2,10,7,3,2,0,2,2,1,1,72,32,40,30,12,18,0,0,0,2,0,2,12,3,9,28,17,11,2,1,1
53203703,19,11,8,18,11,7,2,1,1,5,3,2,0,0,0,1,0,1,20,8,12,10,3,7,0,0,0,2,0,2,3,2,1,5,3,2,1,1,0
53204501,76,41,35,74,39,35,3,2,1,11,3,8,0,0,0,2,2,0,50,23,27,9,5,4,1,1,0,2,0,2,11,5,6,27,12,15,2,1,1
53204502,61,35,26,60,34,26,1,0,1,10,6,4,0,0,0,1,1,0,78,37,41,31,12,19,0,0,0,2,0,2,13,7,6,32,18,14,1,1,0
53204503,95,54,41,93,52,41,1,0,1,11,6,5,4,0,4,2,2,0,67,26,41,15,5,10,0,0,0,5,0,5,19,5,14,28,16,12,0,0,0
53206101,227,125,102,223,124,99,4,1,3,29,15,14,2,0,2,4,1,3,188,80,108,70,25,45,0,0,0,12,0,12,40,21,19,66,34,32,5,2,3
53206102,68,36,32,67,36,31,5,1,4,5,2,3,1,0,1,1,0,1,43,19,24,17,9,8,0,0,0,1,0,1,7,3,4,18,7,11,0,0,0
53206103,49,27,22,49,27,22,1,0,1,2,0,2,1,0,1,0,0,0,36,19,17,9,6,3,0,0,0,0,0,0,9,5,4,18,8,10,1,0,1
53209601,48,26,22,47,26,21,2,0,2,8,5,3,0,0,0,1,0,1,38,16,22,20,9,11,0,0,0,3,0,3,8,3,5,7,4,3,0,0,0
53213401,36,21,15,36,21,15,0,0,0,2,0,2,0,0,0,0,0,0,34,13,21,21,8,13,0,0,0,0,0,0,3,1,2,10,4,6,0,0,0
53213402,23,15,8,23,15,8,0,0,0,3,1,2,0,0,0,0,0,0,34,16,18,14,4,10,0,0,0,3,0,3,11,8,3,6,4,2,0,0,0
53215101,57,31,26,56,30,26,4,3,1,6,5,1,0,0,0,1,1,0,47,22,25,15,4,11,0,0,0,0,0,0,11,6,5,21,12,9,1,0,1
53219301,132,77,55,129,75,54,4,2,2,16,10,6,1,0,1,3,2,1,113,55,58,44,15,29,0,0,0,5,0,5,19,15,4,45,25,20,3,3,0
53219302,119,66,53,117,65,52,3,1,2,21,12,9,1,0,1,2,1,1,111,49,62,60,28,32,0,0,0,4,0,4,19,6,13,28,15,13,3,2,1
53223101,14,9,5,14,9,5,0,0,0,1,1,0,0,0,0,0,0,0,16,8,8,8,3,5,1,0,1,1,0,1,1,1,0,5,4,1,0,0,0
53225801,34,18,16,31,18,13,1,0,1,4,4,0,0,0,0,3,0,3,38,19,19,17,9,8,0,0,0,4,0,4,7,2,5,10,8,2,0,0,0
53226601,66,35,31,63,35,28,2,0,2,2,2,0,0,0,0,3,0,3,44,18,26,17,7,10,1,1,0,3,0,3,6,3,3,17,7,10,0,0,0
53230401,54,32,22,52,31,21,1,0,1,7,5,2,0,0,0,2,1,1,44,19,25,20,8,12,0,0,0,3,0,3,8,3,5,13,8,5,0,0,0
53238001,48,28,20,45,27,18,0,0,0,5,4,1,0,0,0,3,1,2,50,20,30,34,13,21,0,0,0,2,0,2,8,4,4,6,3,3,0,0,0
53243601,50,30,20,46,28,18,1,0,1,3,2,1,0,0,0,4,2,2,51,25,26,27,14,13,0,0,0,2,0,2,10,5,5,12,6,6,0,0,0
1624340,0,0,0,0,0,0,0,0,0,0,0,0,0,0,0,0,0,0,0,0,0,0,0,0,0,0,0,0,0,0,0,0,0,0,0,0,0,0,0
53250901,14,9,5,13,9,4,0,0,0,1,1,0,0,0,0,1,0,1,19,7,12,12,4,8,0,0,0,1,0,1,3,1,2,3,2,1,0,0,0
53250902,11,9,2,11,9,2,0,0,0,2,2,0,0,0,0,0,0,0,15,6,9,8,3,5,0,0,0,1,0,1,1,1,0,5,2,3,0,0,0
53254101,67,41,26,65,39,26,0,0,0,5,3,2,0,0,0,2,2,0,67,24,43,34,16,18,0,0,0,2,0,2,7,2,5,24,6,18,0,0,0
53255001,113,63,50,112,62,50,4,2,2,12,3,9,1,0,1,1,1,0,97,47,50,46,17,29,1,1,0,2,0,2,18,10,8,30,19,11,2,1,1
53255002,21,12,9,20,11,9,0,0,0,2,2,0,0,0,0,1,1,0,27,11,16,12,5,7,0,0,0,1,0,1,5,2,3,9,4,5,1,1,0
53256801,94,55,39,92,54,38,2,0,2,12,7,5,0,0,0,2,1,1,130,52,78,68,31,37,0,0,0,8,0,8,25,9,16,29,12,17,1,0,1
53259201,128,71,57,127,71,56,8,6,2,12,5,7,1,0,1,1,0,1,107,47,60,55,24,31,0,0,0,2,0,2,17,5,12,33,18,15,1,1,0
53260601,34,21,13,33,21,12,1,1,0,4,1,3,0,0,0,1,0,1,34,17,17,16,9,7,0,0,0,1,0,1,7,1,6,10,7,3,0,0,0
53261401,64,42,22,63,41,22,2,2,0,8,5,3,0,0,0,1,1,0,44,17,27,14,8,6,1,0,1,6,0,6,12,5,7,11,4,7,0,0,0
53264902,33,20,13,31,18,13,1,0,1,1,1,0,0,0,0,2,2,0,38,15,23,21,9,12,0,0,0,2,0,2,7,3,4,8,3,5,2,1,1
53264903,87,47,40,83,44,39,1,0,1,7,4,3,0,0,0,4,3,1,61,25,36,34,16,18,0,0,0,1,0,1,5,1,4,21,8,13,4,2,2
53264904,26,14,12,23,13,10,0,0,0,2,2,0,0,0,0,3,1,2,23,11,12,10,5,5,0,0,0,2,0,2,4,2,2,7,4,3,0,0,0
53269001,79,46,33,78,46,32,2,1,1,6,2,4,3,0,3,1,0,1,67,29,38,20,10,10,0,0,0,4,0,4,25,14,11,18,5,13,1,0,1
53269002,13,7,6,13,7,6,1,1,0,2,0,2,0,0,0,0,0,0,9,5,4,5,3,2,0,0,0,0,0,0,1,0,1,3,2,1,0,0,0
53274601,28,17,11,25,17,8,1,0,1,4,1,3,0,0,0,3,0,3,31,14,17,14,8,6,0,0,0,2,0,2,5,2,3,10,4,6,0,0,0
53284301,26,15,11,25,15,10,0,0,0,4,2,2,0,0,0,1,0,1,33,20,13,19,9,10,0,0,0,0,0,0,2,1,1,12,10,2,0,0,0
53287801,24,16,8,23,16,7,1,1,0,5,4,1,0,0,0,1,0,1,22,11,11,13,6,7,0,0,0,1,0,1,4,3,1,4,2,2,0,0,0
53288601,107,64,43,103,61,42,4,1,3,7,4,3,1,0,1,4,3,1,112,51,61,37,17,20,1,1,0,8,0,8,22,10,12,44,23,21,1,0,1
53292401,407,220,187,384,212,172,9,5,4,38,21,17,4,0,4,23,8,15,338,162,176,150,76,74,0,0,0,11,0,11,54,30,24,123,56,67,8,3,5
53293201,12,9,3,11,8,3,0,0,0,0,0,0,1,0,1,1,1,0,16,9,7,10,4,6,0,0,0,0,0,0,2,1,1,4,4,0,0,0,0
53294101,119,70,49,117,69,48,3,2,1,9,5,4,1,0,1,2,1,1,104,49,55,41,17,24,0,0,0,5,0,5,21,8,13,37,24,13,3,2,1
53307601,119,64,55,114,62,52,4,2,2,18,11,7,0,0,0,5,2,3,122,56,66,49,19,30,0,0,0,5,0,5,15,11,4,53,26,27,2,2,0
53308401,146,82,64,144,82,62,3,2,1,12,5,7,0,0,0,2,0,2,125,58,67,54,23,31,0,0,0,4,0,4,23,10,13,44,25,19,5,2,3
53438201,57,31,26,54,29,25,0,0,0,4,2,2,0,0,0,3,2,1,45,21,24,25,12,13,0,0,0,1,0,1,9,5,4,10,4,6,0,0,0
53438202,363,202,161,360,200,160,15,8,7,32,17,15,0,0,0,3,2,1,398,172,226,196,81,115,0,0,0,20,0,20,55,27,28,127,64,63,1,0,1
53438203,42,24,18,42,24,18,0,0,0,6,4,2,1,0,1,0,0,0,38,14,24,20,9,11,0,0,0,0,0,0,5,0,5,13,5,8,0,0,0
53438204,9,5,4,9,5,4,0,0,0,1,1,0,0,0,0,0,0,0,23,11,12,13,6,7,0,0,0,2,0,2,2,2,0,6,3,3,0,0,0
53438205,14,9,5,13,9,4,0,0,0,1,0,1,0,0,0,1,0,1,13,7,6,7,4,3,0,0,0,1,0,1,2,2,0,3,1,2,0,0,0
53438206,1408,765,643,1358,736,622,43,23,20,167,79,88,10,0,10,50,29,21,1264,570,694,713,300,413,1,0,1,40,0,40,160,90,70,350,180,170,44,25,19
53868001,52,25,27,50,25,25,1,0,1,4,2,2,1,0,1,2,0,2,54,26,28,18,7,11,0,0,0,4,0,4,11,7,4,21,12,9,0,0,0
53868002,33,19,14,33,19,14,1,1,0,8,3,5,0,0,0,0,0,0,23,11,12,9,5,4,0,0,0,1,0,1,4,3,1,9,3,6,0,0,0
53868003,52,29,23,51,29,22,4,3,1,4,2,2,0,0,0,1,0,1,50,21,29,14,8,6,0,0,0,4,0,4,13,3,10,19,10,9,0,0,0
53868004,604,329,275,584,317,267,15,7,8,56,27,29,6,0,6,20,12,8,628,266,362,241,90,151,7,6,1,32,0,32,136,63,73,212,107,105,11,8,3
53868005,196,109,87,191,105,86,7,3,4,17,11,6,0,0,0,5,4,1,181,84,97,55,19,36,0,0,0,6,0,6,29,16,13,91,49,42,3,2,1
53868006,225,124,101,218,121,97,7,4,3,20,11,9,1,0,1,7,3,4,184,76,108,43,14,29,1,1,0,9,0,9,39,14,25,92,47,45,0,0,0
53871001,33,21,12,33,21,12,1,1,0,3,3,0,0,0,0,0,0,0,26,7,19,13,5,8,0,0,0,1,0,1,5,1,4,7,1,6,1,1,0
53871002,101,53,48,93,47,46,1,1,0,12,6,6,2,0,2,8,6,2,83,40,43,40,18,22,0,0,0,1,0,1,17,9,8,25,13,12,0,0,0
53871003,46,27,19,45,27,18,3,1,2,4,3,1,0,0,0,1,0,1,42,17,25,18,8,10,0,0,0,2,0,2,14,5,9,8,4,4,0,0,0
53871004,17,6,11,15,5,10,0,0,0,3,1,2,0,0,0,2,1,1,24,12,12,9,6,3,0,0,0,0,0,0,7,3,4,8,3,5,3,1,2
53871005,24,12,12,21,9,12,2,2,0,4,0,4,0,0,0,3,3,0,12,4,8,5,3,2,0,0,0,1,0,1,2,0,2,4,1,3,0,0,0
53871006,48,30,18,46,29,17,0,0,0,4,2,2,1,0,1,2,1,1,39,14,25,21,8,13,0,0,0,3,0,3,8,4,4,7,2,5,2,2,0
53871007,21,12,9,21,12,9,0,0,0,4,2,2,0,0,0,0,0,0,14,5,9,6,2,4,0,0,0,1,0,1,2,0,2,5,3,2,1,0,1
57141501,37,20,17,36,20,16,3,1,2,3,2,1,0,0,0,1,0,1,17,10,7,7,4,3,0,0,0,0,0,0,1,1,0,9,5,4,0,0,0
59936101,62,36,26,59,34,25,0,0,0,10,7,3,0,0,0,3,2,1,68,29,39,44,20,24,0,0,0,3,0,3,5,2,3,16,7,9,0,0,0
59937901,55,34,21,52,32,20,4,3,1,6,4,2,0,0,0,3,2,1,38,19,19,15,6,9,0,0,0,2,0,2,9,5,4,12,8,4,2,2,0
59937902,13,8,5,13,8,5,0,0,0,0,0,0,1,0,1,0,0,0,9,1,8,1,0,1,0,0,0,1,0,1,4,1,3,3,0,3,0,0,0
59938701,11,7,4,11,7,4,0,0,0,1,1,0,0,0,0,0,0,0,12,5,7,7,2,5,1,1,0,0,0,0,2,1,1,2,1,1,2,1,1
59938702,14,8,6,14,8,6,0,0,0,0,0,0,0,0,0,0,0,0,18,8,10,11,5,6,0,0,0,1,0,1,3,2,1,3,1,2,0,0,0
59938703,93,52,41,88,48,40,1,0,1,9,3,6,0,0,0,5,4,1,91,41,50,52,24,28,0,0,0,5,0,5,12,8,4,22,9,13,1,0,1
59939501,28,16,12,27,15,12,0,0,0,5,2,3,0,0,0,1,1,0,24,11,13,12,5,7,0,0,0,1,0,1,6,3,3,5,3,2,4,3,1
3209190,0,0,0,0,0,0,0,0,0,0,0,0,0,0,0,0,0,0,0,0,0,0,0,0,0,0,0,0,0,0,0,0,0,0,0,0,0,0,0
53105701,540,322,218,488,291,197,19,4,15,36,13,23,3,0,3,52,31,21,312,149,163,77,38,39,2,1,1,17,0,17,114,58,56,102,52,50,69,49,20
53105702,132,71,61,129,70,59,3,1,2,16,6,10,1,0,1,3,1,2,106,45,61,46,23,23,0,0,0,6,0,6,16,5,11,38,17,21,0,0,0
53105703,173,90,83,162,88,74,9,5,4,11,6,5,0,0,0,11,2,9,149,64,85,48,23,25,2,2,0,8,0,8,30,10,20,61,29,32,2,1,1
53105704,59,33,26,58,33,25,2,1,1,2,0,2,0,0,0,1,0,1,62,28,34,26,13,13,0,0,0,3,0,3,11,8,3,22,7,15,1,0,1
53105705,632,329,303,618,321,297,34,16,18,88,45,43,2,0,2,14,8,6,598,233,365,314,108,206,2,2,0,13,0,13,75,35,40,194,88,106,6,1,5
53105706,50,27,23,42,22,20,3,1,2,6,3,3,1,0,1,8,5,3,25,10,15,14,5,9,0,0,0,0,0,0,4,3,1,7,2,5,2,1,1
53105707,539,264,275,523,260,263,45,22,23,25,11,14,4,0,4,16,4,12,416,186,230,58,18,40,3,3,0,27,1,26,94,43,51,234,121,113,2,1,1
53105708,22,11,11,19,10,9,0,0,0,3,1,2,0,0,0,3,1,2,12,5,7,7,3,4,0,0,0,0,0,0,3,1,2,2,1,1,0,0,0
53105709,244,128,116,223,122,101,8,4,4,17,9,8,2,0,2,21,6,15,245,98,147,46,12,34,2,0,2,29,0,29,101,49,52,67,37,30,4,2,2
53105710,201,116,85,188,109,79,10,3,7,18,10,8,2,0,2,13,7,6,122,53,69,57,23,34,0,0,0,7,0,7,29,17,12,29,13,16,6,5,1
53105711,42,24,18,39,22,17,3,2,1,1,0,1,2,0,2,3,2,1,28,12,16,10,4,6,1,0,1,2,0,2,6,3,3,9,5,4,0,0,0
53105712,123,68,55,120,66,54,8,4,4,10,4,6,0,0,0,3,2,1,82,35,47,31,13,18,0,0,0,4,0,4,12,7,5,35,15,20,1,0,1
53105713,384,204,180,370,195,175,18,10,8,24,13,11,5,0,5,14,9,5,320,146,174,59,24,35,0,0,0,31,1,30,119,63,56,111,58,53,6,1,5
53105714,2026,1032,994,1936,993,943,69,28,41,211,86,125,16,0,16,90,39,51,1353,562,791,604,222,382,6,2,4,65,1,64,278,135,143,400,202,198,45,22,23
53105715,1384,718,666,1307,680,627,52,18,34,117,53,64,17,0,17,77,38,39,1129,446,683,619,213,406,2,1,1,53,1,52,189,94,95,266,137,129,19,13,6
53105716,632,322,310,605,306,299,28,11,17,67,28,39,6,0,6,27,16,11,564,234,330,292,112,180,3,1,2,26,1,25,99,47,52,144,73,71,7,2,5
53105717,1019,547,472,965,513,452,39,18,21,88,41,47,10,0,10,54,34,20,932,382,550,484,172,312,2,1,1,46,0,46,151,75,76,249,134,115,16,8,8
53105718,1133,602,531,1097,586,511,49,27,22,112,53,59,11,0,11,36,16,20,1013,448,565,445,181,264,7,4,3,46,1,45,176,96,80,339,166,173,14,4,10
53105719,38,20,18,38,20,18,2,1,1,5,4,1,2,0,2,0,0,0,27,15,12,13,7,6,0,0,0,1,0,1,10,7,3,3,1,2,1,0,1
53105720,36,19,17,36,19,17,0,0,0,3,2,1,1,0,1,0,0,0,32,19,13,9,4,5,0,0,0,1,0,1,5,2,3,17,13,4,0,0,0
53105722,86,47,39,82,44,38,4,1,3,3,2,1,2,0,2,4,3,1,35,16,19,3,1,2,0,0,0,4,0,4,17,10,7,11,5,6,3,1,2
53105723,72,33,39,72,33,39,0,0,0,2,1,1,1,0,1,0,0,0,11,3,8,7,2,5,0,0,0,0,0,0,2,1,1,2,0,2,4,2,2
53105724,588,304,284,563,290,273,16,7,9,70,31,39,3,0,3,25,14,11,507,224,283,244,94,150,1,1,0,18,0,18,83,51,32,161,78,83,2,1,1
53105726,757,396,361,733,384,349,31,13,18,51,28,23,6,1,5,24,12,12,634,276,358,256,99,157,1,1,0,29,0,29,128,75,53,220,101,119,3,2,1
53105727,367,195,172,339,181,158,22,3,19,23,12,11,1,0,1,28,14,14,342,147,195,147,63,84,0,0,0,13,0,13,55,32,23,127,52,75,3,2,1
53107301,177,100,77,171,98,73,8,4,4,16,9,7,1,0,1,6,2,4,147,56,91,83,30,53,0,0,0,2,0,2,20,10,10,42,16,26,7,5,2
53108101,476,257,219,458,248,210,13,4,9,39,16,23,5,0,5,18,9,9,416,180,236,158,60,98,0,0,0,19,0,19,79,36,43,160,84,76,10,7,3
53108102,40,24,16,37,23,14,0,0,0,8,5,3,0,0,0,3,1,2,35,12,23,22,6,16,0,0,0,2,0,2,5,4,1,6,2,4,0,0,0
53109001,174,94,80,168,92,76,6,3,3,18,11,7,1,0,1,6,2,4,161,66,95,59,19,40,0,0,0,11,1,10,36,16,20,55,30,25,3,1,2
53110301,361,195,166,355,194,161,20,7,13,27,18,9,3,0,3,6,1,5,265,119,146,51,15,36,1,0,1,10,1,9,80,35,45,123,68,55,2,1,1
53112001,239,139,100,233,137,96,10,5,5,26,15,11,2,0,2,6,2,4,196,84,112,98,40,58,0,0,0,6,0,6,27,10,17,65,34,31,4,3,1
53113801,484,273,211,461,257,204,8,5,3,34,20,14,5,0,5,23,16,7,406,176,230,194,78,116,3,2,1,13,0,13,68,33,35,128,63,65,7,1,6
53113802,142,72,70,140,71,69,5,2,3,10,3,7,1,0,1,2,1,1,113,48,65,55,25,30,0,0,0,3,0,3,18,7,11,37,16,21,1,1,0
53115401,408,223,185,398,219,179,12,4,8,36,15,21,2,0,2,10,4,6,363,152,211,159,62,97,3,1,2,20,0,20,70,33,37,111,56,55,2,2,0
3303020,0,0,0,0,0,0,0,0,0,0,0,0,0,0,0,0,0,0,0,0,0,0,0,0,0,0,0,0,0,0,0,0,0,0,0,0,0,0,0
53116201,128,76,52,127,76,51,8,3,5,9,5,4,1,0,1,1,0,1,145,75,70,66,30,36,0,0,0,4,0,4,22,13,9,53,32,21,1,1,0
53117101,472,251,221,451,239,212,12,8,4,48,25,23,9,0,9,21,12,9,450,188,262,168,69,99,2,2,0,24,0,24,92,45,47,164,72,92,7,2,5
53117102,186,103,83,178,100,78,5,2,3,31,16,15,2,0,2,8,3,5,175,77,98,63,30,33,1,0,1,6,0,6,36,13,23,69,34,35,2,0,2
0454110,0,0,0,0,0,0,0,0,0,0,0,0,0,0,0,0,0,0,0,0,0,0,0,0,0,0,0,0,0,0,0,0,0,0,0,0,0,0,0
0454380,0,0,0,0,0,0,0,0,0,0,0,0,0,0,0,0,0,0,0,0,0,0,0,0,0,0,0,0,0,0,0,0,0,0,0,0,0,0,0
53118901,574,314,260,549,301,248,15,4,11,59,32,27,4,0,4,25,13,12,421,191,230,208,83,125,1,1,0,17,0,17,77,39,38,118,68,50,28,19,9
53118902,389,217,172,371,207,164,6,2,4,50,28,22,3,0,3,18,10,8,246,120,126,124,56,68,1,0,1,11,0,11,45,27,18,65,37,28,10,4,6
53118903,70,39,31,68,38,30,1,1,0,7,4,3,0,0,0,2,1,1,86,42,44,41,16,25,1,0,1,3,0,3,12,8,4,29,18,11,1,1,0
53118904,15,8,7,15,8,7,0,0,0,2,1,1,0,0,0,0,0,0,21,6,15,12,2,10,0,0,0,0,0,0,4,2,2,5,2,3,0,0,0
53118905,613,344,269,603,337,266,35,16,19,94,53,41,4,0,4,10,7,3,627,245,382,389,141,248,1,0,1,17,0,17,64,31,33,156,73,83,0,0,0
53118906,699,363,336,667,347,320,28,18,10,43,16,27,2,0,2,32,16,16,540,218,322,213,74,139,4,1,3,37,0,37,107,54,53,179,89,90,14,9,5
53118907,44,25,19,40,22,18,2,0,2,3,2,1,0,0,0,4,3,1,43,19,24,14,5,9,1,1,0,4,0,4,11,6,5,13,7,6,1,0,1
53118908,152,94,58,152,94,58,2,1,1,4,1,3,1,0,1,0,0,0,88,34,54,46,17,29,0,0,0,4,0,4,16,8,8,22,9,13,5,5,0
53118909,376,190,186,363,180,183,18,5,13,48,20,28,2,0,2,13,10,3,344,152,192,173,71,102,0,0,0,11,0,11,49,22,27,111,59,52,3,0,3
53118910,835,416,419,808,404,404,31,12,19,93,39,54,5,0,5,27,12,15,574,238,336,249,101,148,0,0,0,32,1,31,104,51,53,189,85,104,16,7,9
53120101,73,42,31,69,39,30,1,0,1,5,3,2,2,0,2,4,3,1,71,37,34,21,7,14,0,0,0,2,0,2,14,8,6,34,22,12,0,0,0
53120102,779,447,332,756,434,322,21,11,10,84,44,40,9,0,9,23,13,10,628,267,361,303,127,176,2,2,0,23,0,23,104,54,50,196,84,112,19,9,10
53120103,8,6,2,8,6,2,0,0,0,2,2,0,0,0,0,0,0,0,71,22,49,68,20,48,1,1,0,0,0,0,0,0,0,2,1,1,0,0,0
53120104,23,13,10,22,13,9,0,0,0,2,2,0,0,0,0,1,0,1,20,7,13,11,5,6,0,0,0,0,0,0,1,0,1,8,2,6,0,0,0
53120105,94,54,40,91,52,39,1,0,1,7,3,4,1,0,1,3,2,1,80,35,45,41,19,22,0,0,0,7,0,7,19,9,10,13,7,6,1,1,0
53121901,214,130,84,205,128,77,5,4,1,21,12,9,0,0,0,9,2,7,182,79,103,85,34,51,0,0,0,12,0,12,31,16,15,54,29,25,5,4,1
53122702,17,12,5,16,12,4,1,0,1,1,1,0,1,0,1,1,0,1,14,7,7,5,3,2,0,0,0,1,0,1,5,3,2,3,1,2,0,0,0
53122703,639,359,280,611,342,269,19,7,12,61,33,28,4,0,4,28,17,11,559,236,323,278,106,172,0,0,0,19,0,19,85,45,40,177,85,92,9,4,5
3303290,0,0,0,0,0,0,0,0,0,0,0,0,0,0,0,0,0,0,0,0,0,0,0,0,0,0,0,0,0,0,0,0,0,0,0,0,0,0,0
53123501,100,54,46,97,53,44,4,1,3,8,6,2,1,0,1,3,1,2,96,49,47,44,21,23,1,0,1,3,0,3,13,8,5,35,20,15,2,2,0
53123502,34,21,13,34,21,13,1,1,0,3,2,1,0,0,0,0,0,0,25,11,14,13,4,9,0,0,0,1,0,1,5,4,1,6,3,3,0,0,0
53124301,1188,652,536,1135,623,512,50,29,21,111,56,55,10,0,10,53,29,24,897,385,512,317,124,193,5,1,4,49,0,49,186,93,93,340,167,173,11,3,8
3303370,0,0,0,0,0,0,0,0,0,0,0,0,0,0,0,0,0,0,0,0,0,0,0,0,0,0,0,0,0,0,0,0,0,0,0,0,0,0,0
53125101,82,47,35,80,46,34,4,1,3,5,2,3,0,0,0,2,1,1,68,35,33,31,16,15,0,0,0,4,0,4,13,7,6,20,12,8,0,0,0
53125102,38,20,18,37,20,17,2,2,0,5,2,3,0,0,0,1,0,1,27,11,16,17,6,11,0,0,0,0,0,0,5,2,3,5,3,2,0,0,0
53125103,130,74,56,127,74,53,4,0,4,14,7,7,1,0,1,3,0,3,105,45,60,55,23,32,1,0,1,4,0,4,18,6,12,27,16,11,1,1,0
53125104,38,21,17,36,21,15,0,0,0,6,4,2,0,0,0,2,0,2,39,17,22,21,10,11,0,0,0,1,0,1,8,4,4,9,3,6,0,0,0
53129401,631,357,274,592,339,253,17,7,10,62,38,24,2,0,2,39,18,21,509,203,306,260,106,154,0,0,0,21,0,21,81,38,43,147,59,88,13,9,4
53129402,89,54,35,85,52,33,1,0,1,17,12,5,0,0,0,4,2,2,58,26,32,33,14,19,0,0,0,4,0,4,12,7,5,9,5,4,0,0,0
53129403,43,25,18,42,24,18,1,1,0,5,3,2,1,0,1,1,1,0,30,17,13,17,9,8,0,0,0,2,0,2,5,4,1,6,4,2,0,0,0
53129404,80,41,39,75,41,34,1,1,0,12,7,5,1,0,1,5,0,5,50,21,29,31,13,18,0,0,0,0,0,0,5,3,2,14,5,9,0,0,0
53129405,11,7,4,11,7,4,0,0,0,2,2,0,0,0,0,0,0,0,11,4,7,4,1,3,0,0,0,0,0,0,1,0,1,6,3,3,0,0,0
53129406,191,93,98,185,91,94,14,9,5,20,5,15,0,0,0,6,2,4,130,60,70,44,23,21,3,1,2,5,0,5,27,16,11,51,20,31,1,0,1
53129407,38,22,16,36,20,16,2,2,0,3,1,2,0,0,0,2,2,0,37,13,24,16,6,10,0,0,0,3,0,3,10,4,6,8,3,5,0,0,0
53130801,105,64,41,103,64,39,1,0,1,13,8,5,4,0,4,2,0,2,99,40,59,44,17,27,0,0,0,7,0,7,26,10,16,22,13,9,3,1,2
53131601,53,29,24,50,27,23,2,1,1,7,5,2,0,0,0,3,2,1,49,17,32,25,8,17,0,0,0,1,0,1,9,4,5,14,5,9,0,0,0
53131602,153,86,67,141,81,60,4,3,1,18,9,9,0,0,0,12,5,7,119,62,57,50,26,24,1,1,0,5,1,4,28,15,13,35,19,16,6,3,3
53131603,201,111,90,185,102,83,11,5,6,26,12,14,2,0,2,16,9,7,188,80,108,98,39,59,0,0,0,8,0,8,31,13,18,51,28,23,2,1,1
53131604,53,29,24,52,28,24,2,1,1,3,2,1,0,0,0,1,1,0,47,20,27,19,8,11,0,0,0,2,0,2,7,3,4,19,9,10,0,0,0
53132401,10,5,5,10,5,5,0,0,0,1,0,1,0,0,0,0,0,0,13,7,6,10,4,6,0,0,0,0,0,0,1,1,0,2,2,0,0,0,0
53132402,56,32,24,54,31,23,2,1,1,2,1,1,0,0,0,2,1,1,53,20,33,17,6,11,0,0,0,3,0,3,9,4,5,24,10,14,0,0,0
53132403,1197,654,543,1157,635,522,43,12,31,133,63,70,12,0,12,40,19,21,999,446,553,554,240,314,1,1,0,45,0,45,150,76,74,249,129,120,18,15,3
53133201,27,14,13,25,13,12,2,1,1,3,2,1,0,0,0,2,1,1,12,5,7,4,2,2,0,0,0,1,0,1,4,2,2,3,1,2,0,0,0
53133202,110,69,41,108,68,40,4,3,1,9,5,4,3,0,3,2,1,1,93,46,47,33,17,16,0,0,0,5,0,5,21,13,8,34,16,18,2,2,0
53137501,215,113,102,208,109,99,7,1,6,28,14,14,1,0,1,7,4,3,225,104,121,104,48,56,0,0,0,13,0,13,38,20,18,70,36,34,4,2,2
53137502,102,59,43,99,57,42,1,0,1,12,4,8,1,0,1,3,2,1,85,33,52,38,17,21,0,0,0,3,0,3,14,8,6,30,8,22,1,1,0
53144801,309,172,137,303,170,133,13,3,10,30,15,15,3,0,3,6,2,4,260,114,146,120,43,77,1,1,0,10,0,10,44,22,22,85,48,37,7,5,2
53144802,29,16,13,27,15,12,0,0,0,1,0,1,1,0,1,2,1,1,34,15,19,15,6,9,0,0,0,1,0,1,7,3,4,11,6,5,0,0,0
53145601,85,45,40,80,44,36,1,1,0,10,4,6,1,0,1,5,1,4,98,49,49,35,15,20,1,1,0,4,0,4,16,6,10,42,27,15,0,0,0
53145602,18,11,7,17,10,7,1,1,0,2,1,1,0,0,0,1,1,0,10,5,5,4,2,2,0,0,0,0,0,0,1,0,1,5,3,2,0,0,0
53145603,57,36,21,55,34,21,1,1,0,9,4,5,0,0,0,2,2,0,51,24,27,25,11,14,0,0,0,3,0,3,12,6,6,11,7,4,0,0,0
53145604,484,256,228,456,242,214,14,1,13,47,21,26,7,0,7,28,14,14,433,192,241,173,73,100,1,1,0,23,1,22,98,51,47,138,66,72,11,8,3
53146401,1003,547,456,973,530,443,39,19,20,90,39,51,3,0,3,30,17,13,653,296,357,234,88,146,2,1,1,32,1,31,131,63,68,254,143,111,20,8,12
53146402,175,97,78,165,88,77,6,3,3,19,8,11,3,0,3,10,9,1,129,47,82,66,24,42,0,0,0,5,0,5,20,10,10,38,13,25,4,0,4
53147202,571,311,260,544,297,247,18,7,11,43,19,24,3,0,3,27,14,13,525,269,256,216,103,113,0,0,0,26,0,26,119,70,49,164,96,68,13,7,6
53147203,54,32,22,52,31,21,2,0,2,1,1,0,1,0,1,2,1,1,56,28,28,29,14,15,0,0,0,4,1,3,12,6,6,11,7,4,0,0,0
53147204,79,42,37,74,40,34,2,0,2,9,5,4,0,0,0,5,2,3,77,33,44,27,12,15,1,1,0,5,0,5,18,8,10,26,12,14,5,1,4
53152901,141,74,67,132,69,63,7,3,4,16,10,6,1,0,1,9,5,4,103,51,52,38,15,23,1,1,0,5,0,5,12,10,2,47,25,22,2,1,1
53152902,30,19,11,30,19,11,0,0,0,0,0,0,0,0,0,0,0,0,31,9,22,15,4,11,0,0,0,2,0,2,3,0,3,11,5,6,0,0,0
53153701,319,174,145,315,172,143,12,6,6,35,21,14,0,0,0,4,2,2,254,98,156,111,44,67,0,0,0,14,0,14,50,20,30,79,34,45,3,2,1
53154501,411,238,173,390,231,159,19,7,12,45,24,21,4,0,4,21,7,14,325,146,179,120,47,73,1,0,1,19,0,19,68,46,22,117,53,64,6,4,2
53154502,57,31,26,55,30,25,4,2,2,9,5,4,0,0,0,2,1,1,44,15,29,21,7,14,1,1,0,1,0,1,3,0,3,18,7,11,1,1,0
53158801,301,166,135,292,161,131,17,6,11,27,13,14,1,0,1,9,5,4,279,120,159,116,44,72,0,0,0,12,0,12,43,25,18,108,51,57,1,1,0
53159601,541,305,236,507,283,224,16,7,9,50,29,21,2,0,2,34,22,12,439,194,245,203,76,127,0,0,0,17,0,17,75,36,39,144,82,62,15,11,4
53159602,197,105,92,186,101,85,4,1,3,19,13,6,1,0,1,11,4,7,175,87,88,88,42,46,2,2,0,8,0,8,23,12,11,54,31,23,1,1,0
53159603,231,124,107,218,119,99,14,5,9,14,8,6,0,0,0,13,5,8,194,91,103,72,30,42,1,0,1,11,0,11,38,23,15,72,38,34,2,2,0
53159604,164,95,69,158,91,67,5,3,2,14,7,7,4,0,4,6,4,2,129,63,66,61,29,32,1,1,0,5,0,5,25,11,14,37,22,15,2,1,1
53160001,369,187,182,347,176,171,16,8,8,34,16,18,0,0,0,22,11,11,311,141,170,135,53,82,1,0,1,13,0,13,52,26,26,110,62,48,4,3,1
53160002,13,8,5,12,8,4,0,0,0,2,2,0,0,0,0,1,0,1,17,8,9,13,5,8,0,0,0,0,0,0,3,2,1,1,1,0,0,0,0
53162601,238,133,105,228,125,103,13,3,10,24,11,13,2,0,2,10,8,2,210,103,107,103,47,56,2,1,1,11,0,11,34,19,15,60,36,24,5,2,3
53163401,90,48,42,90,48,42,3,1,2,10,5,5,0,0,0,0,0,0,87,39,48,45,18,27,0,0,0,3,0,3,10,5,5,29,16,13,0,0,0
53163402,350,200,150,341,194,147,13,7,6,38,23,15,4,0,4,9,6,3,288,123,165,137,60,77,0,0,0,16,0,16,55,25,30,80,38,42,3,2,1
53164201,122,74,48,116,71,45,4,1,3,12,6,6,0,0,0,6,3,3,92,45,47,50,24,26,0,0,0,5,0,5,15,10,5,22,11,11,1,1,0
53164202,49,26,23,47,26,21,0,0,0,5,3,2,0,0,0,2,0,2,40,20,20,24,10,14,0,0,0,0,0,0,4,2,2,12,8,4,0,0,0
53166901,71,43,28,68,42,26,2,0,2,7,4,3,0,0,0,3,1,2,66,29,37,30,14,16,0,0,0,3,0,3,15,6,9,18,9,9,0,0,0
53166902,135,72,63,133,70,63,5,2,3,14,5,9,1,0,1,2,2,0,104,52,52,44,15,29,0,0,0,7,0,7,22,17,5,31,20,11,1,1,0
53166903,65,32,33,61,29,32,3,3,0,8,5,3,1,0,1,4,3,1,50,19,31,22,10,12,0,0,0,1,0,1,9,3,6,18,6,12,0,0,0
3303110,0,0,0,0,0,0,0,0,0,0,0,0,0,0,0,0,0,0,0,0,0,0,0,0,0,0,0,0,0,0,0,0,0,0,0,0,0,0,0
53168501,331,181,150,323,175,148,14,6,8,28,15,13,1,0,1,8,6,2,315,149,166,163,67,96,0,0,0,12,0,12,48,28,20,92,54,38,2,2,0
53169301,436,248,188,419,243,176,7,5,2,47,24,23,4,0,4,17,5,12,447,203,244,201,83,118,1,0,1,24,0,24,75,43,32,146,77,69,9,4,5
53171501,281,154,127,274,149,125,9,0,9,27,13,14,2,0,2,7,5,2,199,91,108,96,40,56,2,1,1,4,0,4,29,15,14,68,35,33,2,1,1
53174001,75,50,25,74,50,24,1,1,0,7,4,3,0,0,0,1,0,1,63,26,37,26,8,18,0,0,0,4,0,4,13,5,8,20,13,7,2,0,2
53174002,170,95,75,160,91,69,6,2,4,23,16,7,0,0,0,10,4,6,138,58,80,52,21,31,0,0,0,9,1,8,25,9,16,52,27,25,2,2,0
53174003,26,11,15,26,11,15,1,0,1,2,1,1,0,0,0,0,0,0,39,18,21,11,5,6,0,0,0,1,0,1,10,5,5,17,8,9,0,0,0
53174004,12,6,6,11,5,6,0,0,0,2,1,1,0,0,0,1,1,0,8,4,4,2,1,1,0,0,0,0,0,0,1,1,0,5,2,3,0,0,0
53174006,43,27,16,43,27,16,1,0,1,5,2,3,0,0,0,0,0,0,28,13,15,7,2,5,0,0,0,1,0,1,6,3,3,14,8,6,0,0,0
53175801,52,28,24,48,26,22,1,1,0,8,3,5,0,0,0,4,2,2,42,14,28,22,8,14,0,0,0,0,0,0,8,2,6,12,4,8,0,0,0
53175802,238,130,108,227,123,104,10,3,7,31,15,16,0,0,0,11,7,4,213,96,117,83,35,48,1,1,0,10,0,10,52,29,23,67,31,36,6,3,3
53176601,237,140,97,227,137,90,5,1,4,16,10,6,3,0,3,10,3,7,216,95,121,99,45,54,0,0,0,11,0,11,37,21,16,69,29,40,2,1,1
53178202,241,140,101,229,137,92,3,1,2,21,10,11,1,0,1,12,3,9,259,128,131,143,71,72,0,0,0,14,0,14,45,21,24,57,36,21,6,4,2
53179101,281,153,128,272,149,123,9,4,5,33,17,16,2,0,2,9,4,5,246,116,130,108,47,61,3,2,1,11,0,11,47,24,23,77,43,34,3,1,2
1602532,0,0,0,0,0,0,0,0,0,0,0,0,0,0,0,0,0,0,0,0,0,0,0,0,0,0,0,0,0,0,0,0,0,0,0,0,0,0,0
53180401,22,11,11,22,11,11,0,0,0,4,2,2,0,0,0,0,0,0,32,17,15,11,6,5,0,0,0,3,0,3,8,4,4,10,7,3,0,0,0
53180402,42,24,18,42,24,18,5,3,2,3,0,3,0,0,0,0,0,0,30,16,14,13,8,5,1,1,0,1,0,1,1,0,1,14,7,7,1,1,0
53180403,37,20,17,36,19,17,3,0,3,3,1,2,0,0,0,1,1,0,27,12,15,6,3,3,0,0,0,1,0,1,11,4,7,9,5,4,0,0,0
53181201,201,114,87,197,111,86,4,2,2,16,11,5,1,0,1,4,3,1,198,79,119,45,16,29,2,1,1,12,0,12,59,22,37,80,40,40,0,0,0
53181202,69,40,29,65,39,26,3,2,1,5,3,2,0,0,0,4,1,3,60,26,34,20,9,11,0,0,0,2,0,2,19,6,13,19,11,8,0,0,0
53181203,238,126,112,231,125,106,9,3,6,15,9,6,2,0,2,7,1,6,202,89,113,69,31,38,2,1,1,15,0,15,42,19,23,74,38,36,1,1,0
53183903,461,256,205,452,251,201,17,8,9,50,27,23,2,0,2,9,5,4,355,153,202,165,68,97,1,1,0,14,0,14,57,27,30,118,57,61,7,3,4
53184701,590,350,240,583,347,236,20,9,11,35,15,20,6,0,6,7,3,4,443,183,260,204,86,118,0,0,0,28,0,28,83,33,50,128,64,64,10,5,5
53185501,74,45,29,73,44,29,0,0,0,8,6,2,0,0,0,1,1,0,69,29,40,27,10,17,1,1,0,3,0,3,10,2,8,28,16,12,0,0,0
53185502,575,325,250,547,315,232,16,10,6,52,30,22,8,0,8,28,10,18,485,211,274,193,68,125,0,0,0,20,0,20,102,53,49,170,90,80,7,4,3
53188001,110,60,50,107,59,48,3,1,2,14,9,5,1,0,1,3,1,2,85,32,53,34,11,23,0,0,0,4,0,4,24,9,15,23,12,11,0,0,0
53190101,361,206,155,352,203,149,18,9,9,33,16,17,2,0,2,9,3,6,314,132,182,140,58,82,0,0,0,15,0,15,57,28,29,102,46,56,5,3,2
53191001,117,65,52,114,63,51,3,0,3,13,8,5,1,0,1,3,2,1,86,37,49,40,18,22,0,0,0,5,0,5,15,7,8,26,12,14,5,1,4
53191002,15,10,5,15,10,5,1,1,0,2,0,2,0,0,0,0,0,0,14,5,9,6,1,5,0,0,0,0,0,0,3,1,2,5,3,2,1,0,1
53191003,100,58,42,94,55,39,7,3,4,7,3,4,2,0,2,6,3,3,88,40,48,46,20,26,0,0,0,5,0,5,21,13,8,16,7,9,3,2,1
53194401,106,60,46,98,54,44,3,1,2,11,7,4,0,0,0,8,6,2,86,37,49,32,16,16,0,0,0,4,0,4,23,10,13,27,11,16,0,0,0
53194402,420,219,201,404,212,192,14,11,3,46,21,25,2,0,2,16,7,9,315,135,180,144,54,90,1,1,0,15,0,15,46,21,25,109,59,50,4,4,0
53194403,155,76,79,149,74,75,7,3,4,14,6,8,0,0,0,6,2,4,149,68,81,79,40,39,0,0,0,4,0,4,22,10,12,44,18,26,0,0,0
53195201,240,145,95,233,141,92,3,1,2,25,13,12,2,0,2,7,4,3,202,82,120,74,29,45,0,0,0,19,0,19,42,21,21,67,32,35,7,1,6
53196101,139,70,69,137,69,68,4,1,3,13,3,10,0,0,0,2,1,1,107,48,59,33,12,21,0,0,0,4,0,4,21,9,12,49,27,22,3,2,1
53196102,99,53,46,95,52,43,3,1,2,11,4,7,0,0,0,4,1,3,90,36,54,30,14,16,0,0,0,8,0,8,20,9,11,32,13,19,1,1,0
53196103,673,393,280,654,386,268,30,14,16,38,20,18,19,0,19,19,7,12,565,240,325,85,34,51,1,1,0,75,2,73,238,113,125,166,90,76,15,5,10
53197901,516,284,232,502,278,224,24,16,8,56,33,23,1,0,1,14,6,8,468,211,257,199,78,121,2,0,2,17,1,16,88,46,42,162,86,76,6,5,1
53199501,83,46,37,81,45,36,1,1,0,7,3,4,1,0,1,2,1,1,76,39,37,46,22,24,0,0,0,2,0,2,10,7,3,18,10,8,0,0,0
53199502,61,37,24,60,36,24,0,0,0,5,2,3,0,0,0,1,1,0,65,26,39,33,14,19,0,0,0,4,0,4,9,5,4,19,7,12,0,0,0
53199503,85,49,36,82,46,36,4,3,1,9,6,3,1,0,1,3,3,0,79,35,44,30,12,18,0,0,0,7,0,7,16,11,5,26,12,14,2,1,1
53199505,116,62,54,113,60,53,2,1,1,12,6,6,2,0,2,3,2,1,94,37,57,47,17,30,0,0,0,8,0,8,16,8,8,23,12,11,1,1,0
53199506,417,244,173,402,235,167,15,9,6,35,21,14,4,0,4,15,9,6,360,158,202,175,71,104,4,4,0,20,1,19,63,34,29,98,48,50,6,5,1
53200201,279,166,113,270,161,109,12,5,7,22,11,11,2,0,2,9,5,4,211,88,123,112,46,66,0,0,0,9,0,9,31,12,19,59,30,29,4,3,1
53201101,123,63,60,120,62,58,5,1,4,11,7,4,0,0,0,3,1,2,81,39,42,34,13,21,0,0,0,4,0,4,12,6,6,31,20,11,0,0,0
53201102,96,51,45,95,50,45,5,2,3,10,6,4,1,0,1,1,1,0,95,41,54,44,18,26,0,0,0,4,0,4,14,4,10,33,19,14,1,0,1
53201103,138,79,59,123,72,51,2,2,0,5,3,2,2,0,2,15,7,8,116,56,60,50,21,29,0,0,0,4,0,4,25,14,11,37,21,16,5,0,5
53201104,1811,988,823,1737,953,784,60,24,36,180,93,87,13,0,13,74,35,39,1615,687,928,832,327,505,5,4,1,63,1,62,254,132,122,461,223,238,34,22,12
53202901,57,33,24,56,32,24,1,0,1,3,2,1,0,0,0,1,1,0,38,18,20,20,10,10,0,0,0,2,0,2,4,3,1,12,5,7,0,0,0
53202903,1156,613,543,1125,602,523,50,22,28,117,56,61,6,0,6,31,11,20,909,411,498,419,183,236,3,1,2,47,0,47,142,78,64,298,149,149,22,6,16
53310601,334,187,147,323,185,138,11,6,5,22,13,9,3,0,3,11,2,9,242,114,128,66,26,40,1,1,0,15,0,15,63,31,32,97,56,41,2,1,1
0730590,0,0,0,0,0,0,0,0,0,0,0,0,0,0,0,0,0,0,0,0,0,0,0,0,0,0,0,0,0,0,0,0,0,0,0,0,0,0,0
53320301,134,85,49,128,83,45,5,2,3,12,7,5,0,0,0,6,2,4,76,31,45,39,13,26,1,0,1,5,0,5,14,9,5,17,9,8,3,2,1
53320302,80,46,34,75,42,33,2,1,1,10,6,4,3,0,3,5,4,1,62,25,37,29,13,16,0,0,0,3,0,3,12,6,6,18,6,12,1,0,1
53320304,315,172,143,301,165,136,18,8,10,42,25,17,1,0,1,14,7,7,266,118,148,135,55,80,1,0,1,11,0,11,41,18,23,78,45,33,1,0,1
53320305,37,17,20,37,17,20,3,1,2,2,1,1,0,0,0,0,0,0,26,14,12,6,2,4,0,0,0,1,0,1,3,1,2,16,11,5,0,0,0
53320307,764,407,357,726,388,338,28,13,15,58,28,30,5,0,5,38,19,19,595,260,335,222,86,136,1,1,0,23,0,23,122,63,59,227,110,117,16,5,11
53320309,248,132,116,241,129,112,9,5,4,8,5,3,1,0,1,7,3,4,202,88,114,13,5,8,1,1,0,14,0,14,60,30,30,114,52,62,1,1,0
53320310,313,184,129,300,180,120,9,5,4,13,6,7,8,0,8,13,4,9,304,133,171,48,17,31,1,1,0,36,0,36,131,69,62,88,46,42,3,1,2
53320311,765,418,347,748,413,335,33,9,24,29,15,14,18,1,17,17,5,12,660,289,371,89,41,48,0,0,0,76,0,76,282,137,145,213,111,102,4,0,4
53320312,425,222,203,410,217,193,25,12,13,28,15,13,5,0,5,15,5,10,348,151,197,60,23,37,2,0,2,15,0,15,82,37,45,189,91,98,1,0,1
53320313,114,77,37,106,75,31,0,0,0,3,1,2,0,0,0,8,2,6,18,7,11,7,6,1,0,0,0,1,0,1,4,1,3,6,0,6,6,2,4
53320314,702,365,337,670,353,317,20,12,8,71,29,42,4,0,4,32,12,20,565,239,326,247,99,148,0,0,0,34,1,33,114,47,67,170,92,78,12,7,5
53320315,422,226,196,387,209,178,14,6,8,36,16,20,4,0,4,35,17,18,326,157,169,143,67,76,2,2,0,7,0,7,76,38,38,98,50,48,43,28,15
53320316,717,383,334,705,379,326,34,15,19,29,15,14,10,0,10,12,4,8,528,245,283,48,22,26,1,1,0,38,0,38,177,78,99,264,144,120,15,3,12
53320317,377,193,184,364,188,176,10,2,8,39,15,24,2,0,2,13,5,8,407,170,237,217,85,132,2,2,0,23,0,23,64,39,25,101,44,57,7,4,3
53320319,53,28,25,50,26,24,3,1,2,6,1,5,0,0,0,3,2,1,37,20,17,21,10,11,0,0,0,1,0,1,6,3,3,9,7,2,5,4,1
3303450,0,0,0,0,0,0,0,0,0,0,0,0,0,0,0,0,0,0,0,0,0,0,0,0,0,0,0,0,0,0,0,0,0,0,0,0,0,0,0
53331901,52,29,23,50,28,22,0,0,0,6,4,2,0,0,0,2,1,1,50,23,27,26,12,14,0,0,0,3,0,3,6,4,2,15,7,8,1,0,1
53333501,179,110,69,173,107,66,4,1,3,12,7,5,1,0,1,6,3,3,181,72,109,77,31,46,0,0,0,16,0,16,47,22,25,41,19,22,3,2,1
53360201,161,84,77,159,83,76,9,6,3,16,9,7,2,0,2,2,1,1,129,60,69,55,24,31,0,0,0,4,0,4,20,12,8,50,24,26,2,1,1
53367001,625,331,294,616,325,291,31,17,14,48,20,28,9,0,9,9,6,3,443,216,227,142,59,83,1,0,1,18,0,18,100,53,47,182,104,78,6,1,5
53379301,59,33,26,58,32,26,2,2,0,4,3,1,0,0,0,1,1,0,69,25,44,31,12,19,0,0,0,4,0,4,14,6,8,20,7,13,0,0,0
53391201,82,42,40,79,41,38,2,0,2,9,5,4,0,0,0,3,1,2,64,34,30,29,15,14,0,0,0,1,0,1,9,6,3,25,13,12,2,0,2
53391202,19,9,10,17,7,10,5,1,4,1,0,1,0,0,0,2,2,0,17,6,11,9,4,5,0,0,0,1,0,1,5,1,4,2,1,1,0,0,0
53393902,42,28,14,40,26,14,1,0,1,6,3,3,1,0,1,2,2,0,34,18,16,20,12,8,0,0,0,0,0,0,9,5,4,5,1,4,2,2,0
53393903,11,5,6,10,5,5,0,0,0,0,0,0,0,0,0,1,0,1,16,8,8,5,2,3,0,0,0,0,0,0,3,1,2,8,5,3,1,0,1
53396301,43,26,17,42,26,16,2,2,0,6,4,2,0,0,0,1,0,1,41,13,28,19,6,13,0,0,0,3,0,3,12,6,6,7,1,6,3,1,2
53396302,26,14,12,24,13,11,0,0,0,2,1,1,0,0,0,2,1,1,16,6,10,8,2,6,0,0,0,1,0,1,3,2,1,4,2,2,0,0,0
53404801,146,84,62,140,80,60,4,2,2,5,3,2,2,0,2,6,4,2,130,50,80,62,22,40,0,0,0,2,0,2,20,8,12,46,20,26,0,0,0
53407201,68,40,28,65,39,26,3,1,2,9,4,5,1,0,1,3,1,2,52,25,27,22,12,10,1,1,0,3,0,3,10,6,4,16,6,10,0,0,0
53407202,91,51,40,86,49,37,1,1,0,9,4,5,0,0,0,5,2,3,82,37,45,44,18,26,0,0,0,6,0,6,12,7,5,20,12,8,1,1,0
53411101,101,59,42,98,58,40,4,0,4,5,4,1,0,0,0,3,1,2,85,35,50,34,13,21,0,0,0,7,0,7,21,12,9,23,10,13,3,1,2
53414501,131,67,64,125,65,60,6,1,5,14,7,7,2,0,2,6,2,4,107,45,62,49,22,27,0,0,0,3,0,3,23,6,17,32,17,15,1,1,0
53421801,55,29,26,52,29,23,5,3,2,3,2,1,0,0,0,3,0,3,43,26,17,22,14,8,2,1,1,0,0,0,7,3,4,12,8,4,1,1,0
53423401,59,32,27,56,31,25,3,1,2,11,8,3,1,0,1,3,1,2,58,29,29,31,14,17,0,0,0,1,0,1,8,4,4,18,11,7,1,1,0
53426901,112,63,49,109,60,49,4,1,3,10,4,6,1,0,1,3,3,0,80,36,44,29,12,17,0,0,0,4,0,4,14,7,7,33,17,16,0,0,0
53428501,114,71,43,114,71,43,3,2,1,11,7,4,0,0,0,0,0,0,111,49,62,50,19,31,1,1,0,6,0,6,20,10,10,34,19,15,0,0,0
53440401,84,49,35,71,37,34,2,0,2,8,4,4,0,0,0,13,12,1,69,36,33,23,13,10,2,2,0,4,0,4,11,5,6,29,16,13,2,1,1
0012105,0,0,0,0,0,0,0,0,0,0,0,0,0,0,0,0,0,0,0,0,0,0,0,0,0,0,0,0,0,0,0,0,0,0,0,0,0,0,0
53442101,125,68,57,119,66,53,6,1,5,17,9,8,1,0,1,6,2,4,102,44,58,44,20,24,0,0,0,6,0,6,22,7,15,30,17,13,1,1,0
53442102,21,10,11,20,10,10,1,0,1,0,0,0,0,0,0,1,0,1,8,5,3,0,0,0,0,0,0,0,0,0,5,3,2,3,2,1,0,0,0
53442103,28,16,12,28,16,12,0,0,0,2,1,1,0,0,0,0,0,0,18,7,11,2,0,2,0,0,0,1,0,1,8,4,4,7,3,4,0,0,0
53442104,50,29,21,49,28,21,0,0,0,0,0,0,1,0,1,1,1,0,46,19,27,0,0,0,0,0,0,8,0,8,22,10,12,16,9,7,0,0,0
53444701,387,223,164,373,216,157,11,5,6,39,24,15,3,0,3,14,7,7,299,134,165,127,52,75,1,0,1,15,0,15,62,30,32,94,52,42,7,5,2
53445501,121,69,52,117,67,50,5,1,4,7,2,5,0,0,0,4,2,2,108,46,62,56,24,32,0,0,0,4,0,4,14,5,9,34,17,17,1,0,1
53446301,140,77,63,135,75,60,3,0,3,17,6,11,0,0,0,5,2,3,114,45,69,48,18,30,0,0,0,6,0,6,21,10,11,39,17,22,2,1,1
59941701,165,87,78,157,83,74,2,1,1,14,9,5,6,0,6,8,4,4,139,64,75,41,14,27,0,0,0,4,0,4,40,19,21,54,31,23,2,1,1
51299101,106,59,47,97,56,41,3,1,2,13,5,8,0,0,0,9,3,6,84,33,51,44,14,30,0,0,0,2,0,2,11,4,7,27,15,12,0,0,0
51303201,235,127,108,222,122,100,12,5,7,21,13,8,1,0,1,13,5,8,162,72,90,78,31,47,0,0,0,5,0,5,21,9,12,58,32,26,5,3,2
51304101,335,173,162,325,169,156,13,2,11,28,15,13,3,0,3,10,4,6,337,147,190,146,65,81,2,0,2,13,0,13,50,20,30,126,62,64,3,2,1
51307501,111,69,42,106,65,41,4,1,3,14,10,4,2,0,2,5,4,1,81,33,48,47,19,28,0,0,0,4,0,4,19,8,11,11,6,5,6,4,2
51307502,46,25,21,44,24,20,2,1,1,6,3,3,0,0,0,2,1,1,29,12,17,10,3,7,0,0,0,3,0,3,9,5,4,7,4,3,1,0,1
51307503,38,23,15,34,21,13,4,3,1,1,1,0,0,0,0,4,2,2,36,9,27,9,2,7,0,0,0,2,0,2,9,2,7,16,5,11,0,0,0
51311301,159,91,68,150,86,64,4,1,3,19,10,9,0,0,0,9,5,4,104,58,46,46,21,25,0,0,0,2,0,2,21,14,7,35,23,12,4,3,1
51313001,171,93,78,164,89,75,5,2,3,13,9,4,0,0,0,7,4,3,109,46,63,41,18,23,0,0,0,4,0,4,16,7,9,48,21,27,5,2,3
0649980,0,0,0,0,0,0,0,0,0,0,0,0,0,0,0,0,0,0,0,0,0,0,0,0,0,0,0,0,0,0,0,0,0,0,0,0,0,0,0
0651960,0,0,0,0,0,0,0,0,0,0,0,0,0,0,0,0,0,0,0,0,0,0,0,0,0,0,0,0,0,0,0,0,0,0,0,0,0,0,0
3071140,0,0,0,0,0,0,0,0,0,0,0,0,0,0,0,0,0,0,0,0,0,0,0,0,0,0,0,0,0,0,0,0,0,0,0,0,0,0,0
3071220,0,0,0,0,0,0,0,0,0,0,0,0,0,0,0,0,0,0,0,0,0,0,0,0,0,0,0,0,0,0,0,0,0,0,0,0,0,0,0
53205301,140,78,62,111,64,47,2,2,0,13,8,5,0,0,0,29,14,15,101,55,46,29,17,12,0,0,0,5,0,5,29,11,18,38,27,11,12,7,5
53205302,127,71,56,120,66,54,4,1,3,16,9,7,2,0,2,7,5,2,86,41,45,45,19,26,0,0,0,5,0,5,15,10,5,21,12,9,1,1,0
53205303,519,278,241,468,257,211,20,8,12,45,23,22,3,0,3,51,21,30,461,219,242,176,82,94,2,0,2,19,0,19,100,48,52,164,89,75,11,5,6
53205304,316,178,138,291,167,124,14,6,8,28,18,10,1,0,1,25,11,14,251,112,139,89,35,54,1,0,1,12,0,12,45,24,21,104,53,51,12,8,4
53205305,20,17,3,19,17,2,0,0,0,4,3,1,0,0,0,1,0,1,2,1,1,2,1,1,0,0,0,0,0,0,0,0,0,0,0,0,0,0,0
53205306,225,122,103,219,120,99,4,0,4,27,13,14,2,0,2,6,2,4,194,79,115,96,37,59,0,0,0,8,0,8,29,15,14,61,27,34,5,4,1
53205307,1619,821,798,1499,755,744,70,29,41,167,69,98,17,0,17,120,66,54,1257,525,732,652,238,414,0,0,0,54,0,54,224,121,103,327,166,161,37,17,20
53205308,285,151,134,274,145,129,20,7,13,38,18,20,1,0,1,11,6,5,222,98,124,84,35,49,1,1,0,18,0,18,50,21,29,69,41,28,7,3,4
53205309,2787,1422,1365,2590,1329,1261,118,52,66,270,126,144,23,0,23,197,93,104,2001,823,1178,891,357,534,5,1,4,110,0,110,421,187,234,574,278,296,69,32,37
53205310,36,18,18,36,18,18,0,0,0,11,4,7,1,0,1,0,0,0,19,10,9,8,3,5,0,0,0,1,0,1,8,6,2,2,1,1,1,0,1
53205311,17,8,9,16,7,9,2,1,1,2,1,1,0,0,0,1,1,0,96,20,76,91,17,74,0,0,0,0,0,0,0,0,0,5,3,2,0,0,0
53205312,116,68,48,83,48,35,3,3,0,7,6,1,1,0,1,33,20,13,89,36,53,27,10,17,0,0,0,7,0,7,29,15,14,26,11,15,0,0,0
53205313,3020,1735,1285,2642,1488,1154,103,42,61,205,99,106,18,0,18,378,247,131,1809,862,947,588,271,317,12,7,5,76,0,76,533,272,261,600,312,288,539,371,168
53205314,1031,531,500,986,512,474,27,11,16,135,63,72,3,0,3,45,19,26,770,314,456,437,161,276,1,1,0,34,0,34,109,54,55,189,98,91,15,11,4
53205315,726,384,342,703,371,332,30,19,11,84,48,36,3,0,3,23,13,10,707,315,392,352,145,207,3,3,0,25,0,25,96,47,49,231,120,111,10,5,5
53205316,229,113,116,222,112,110,14,8,6,46,21,25,2,0,2,7,1,6,214,93,121,112,49,63,0,0,0,10,0,10,37,20,17,55,24,31,3,1,2
53205317,963,501,462,933,482,451,47,23,24,122,56,66,6,0,6,30,19,11,698,309,389,334,148,186,3,1,2,31,0,31,123,56,67,207,104,103,8,6,2
53205318,779,393,386,735,373,362,34,16,18,54,22,32,3,0,3,44,20,24,487,226,261,115,50,65,6,3,3,30,1,29,126,68,58,210,104,106,9,6,3
53205320,1009,519,490,949,490,459,46,26,20,115,63,52,8,0,8,60,29,31,886,365,521,394,146,248,6,4,2,42,1,41,184,84,100,260,130,130,15,8,7
53205321,1907,967,940,1812,923,889,79,27,52,196,82,114,19,0,19,95,44,51,1614,665,949,866,312,554,4,1,3,55,1,54,248,125,123,441,226,215,57,30,27
53205322,2139,1088,1051,2010,1029,981,85,42,43,275,129,146,13,0,13,129,59,70,1829,823,1006,920,397,523,8,3,5,68,0,68,299,157,142,534,266,268,39,21,18
53205323,1969,1050,919,1841,986,855,68,31,37,189,81,108,10,0,10,128,64,64,1646,688,958,801,308,493,3,2,1,79,0,79,317,160,157,446,218,228,45,22,23
53205325,1732,869,863,1616,813,803,55,17,38,168,79,89,12,0,12,116,56,60,1395,570,825,697,246,451,2,0,2,55,0,55,278,139,139,363,185,178,52,28,24
53205327,2144,1063,1081,2023,1011,1012,77,29,48,237,110,127,11,0,11,121,52,69,1839,750,1089,989,346,643,5,3,2,74,0,74,297,157,140,474,244,230,48,30,18
53205328,18,6,12,18,6,12,2,0,2,1,0,1,0,0,0,0,0,0,10,4,6,4,0,4,0,0,0,1,0,1,1,1,0,4,3,1,0,0,0
53205329,519,269,250,495,260,235,10,6,4,53,24,29,2,0,2,24,9,15,391,168,223,192,80,112,1,0,1,18,0,18,69,35,34,111,53,58,7,3,4
53205331,990,508,482,936,478,458,54,25,29,127,62,65,8,0,8,54,30,24,860,378,482,444,184,260,3,1,2,22,0,22,108,56,52,283,137,146,9,2,7
53205332,1921,991,930,1821,945,876,74,37,37,192,91,101,19,0,19,100,46,54,1619,638,981,887,323,564,1,0,1,64,1,63,264,132,132,403,182,221,45,19,26
53205333,148,106,42,120,86,34,0,0,0,2,2,0,0,0,0,28,20,8,51,21,30,3,2,1,1,0,1,5,0,5,13,5,8,29,14,15,17,16,1
53205334,742,365,377,715,350,365,31,13,18,73,32,41,5,0,5,27,15,12,552,216,336,283,100,183,1,0,1,26,0,26,93,47,46,149,69,80,25,12,13
53205335,1508,778,730,1435,745,690,80,37,43,178,95,83,9,0,9,73,33,40,1309,590,719,689,266,423,5,3,2,34,0,34,181,105,76,400,216,184,18,9,9
53205336,78,47,31,64,40,24,6,5,1,5,4,1,0,0,0,14,7,7,23,12,11,13,7,6,1,1,0,1,0,1,2,1,1,6,3,3,2,2,0
53205337,546,294,252,523,282,241,30,18,12,28,12,16,7,0,7,23,12,11,311,129,182,53,21,32,1,0,1,33,0,33,117,58,59,107,50,57,23,9,14
53205338,1848,947,901,1733,893,840,67,31,36,160,70,90,13,0,13,115,54,61,1465,584,881,718,251,467,5,3,2,66,0,66,264,138,126,412,192,220,23,13,10
53205339,797,423,374,708,382,326,38,18,20,64,34,30,5,0,5,89,41,48,625,287,338,214,96,118,3,1,2,30,1,29,164,82,82,214,107,107,17,4,13
53205342,1402,737,665,1327,700,627,73,37,36,162,76,86,10,0,10,75,37,38,1267,558,709,596,244,352,6,2,4,51,1,50,193,97,96,421,214,207,9,4,5
53205343,1548,820,728,1457,783,674,55,22,33,127,64,63,13,0,13,91,37,54,1297,554,743,529,209,320,2,2,0,75,1,74,273,126,147,418,216,202,16,7,9
53205344,271,144,127,259,140,119,15,6,9,19,11,8,0,0,0,12,4,8,445,156,289,314,99,215,0,0,0,8,1,7,35,21,14,88,35,53,0,0,0
53205345,27,16,11,24,14,10,0,0,0,0,0,0,0,0,0,3,2,1,8,5,3,2,1,1,0,0,0,0,0,0,1,0,1,5,4,1,0,0,0
53205346,772,419,353,734,401,333,21,13,8,88,49,39,8,0,8,38,18,20,648,280,368,297,109,188,1,0,1,28,2,26,116,56,60,206,113,93,6,5,1
53207001,106,62,44,104,61,43,1,1,0,12,7,5,0,0,0,2,1,1,94,36,58,37,15,22,1,0,1,4,0,4,11,5,6,41,16,25,2,2,0
53208801,45,25,20,42,22,20,0,0,0,3,2,1,0,0,0,3,3,0,45,23,22,20,12,8,0,0,0,0,0,0,11,4,7,14,7,7,0,0,0
53208802,155,83,72,149,79,70,4,1,3,12,5,7,0,0,0,6,4,2,135,57,78,44,20,24,0,0,0,13,0,13,33,16,17,45,21,24,8,6,2
53210001,157,80,77,151,79,72,11,7,4,12,6,6,1,0,1,6,1,5,127,61,66,69,30,39,0,0,0,6,1,5,17,11,6,35,19,16,2,1,1
53211801,785,421,364,756,413,343,37,19,18,66,32,34,9,0,9,29,8,21,631,262,369,233,90,143,0,0,0,29,0,29,133,63,70,236,109,127,11,7,4
53211802,392,210,182,365,197,168,19,11,8,26,11,15,2,0,2,27,13,14,313,152,161,130,65,65,1,0,1,23,0,23,68,33,35,91,54,37,12,7,5
53212601,245,129,116,239,124,115,9,3,6,31,16,15,1,0,1,6,5,1,208,90,118,102,39,63,2,2,0,7,0,7,36,15,21,61,34,27,9,6,3
53212602,37,18,19,35,16,19,1,1,0,2,1,1,0,0,0,2,2,0,28,7,21,14,5,9,0,0,0,0,0,0,3,1,2,11,1,10,0,0,0
53212603,327,175,152,320,170,150,21,12,9,33,18,15,2,0,2,7,5,2,263,113,150,96,35,61,0,0,0,14,1,13,48,20,28,105,57,48,1,0,1
53214201,67,36,31,65,36,29,0,0,0,5,3,2,1,0,1,2,0,2,31,13,18,19,9,10,0,0,0,0,0,0,3,2,1,9,2,7,0,0,0
53214202,397,219,178,375,206,169,11,3,8,39,24,15,2,0,2,22,13,9,327,140,187,132,51,81,0,0,0,17,0,17,72,35,37,106,54,52,7,6,1
53214203,64,33,31,63,33,30,1,0,1,12,8,4,0,0,0,1,0,1,65,36,29,28,12,16,1,1,0,4,0,4,14,9,5,18,14,4,0,0,0
53216903,2095,1112,983,2010,1075,935,103,53,50,147,76,71,24,0,24,85,37,48,1736,759,977,540,215,325,7,2,5,100,0,100,393,190,203,696,352,344,28,18,10
53217701,34,19,15,30,18,12,2,0,2,3,2,1,0,0,0,4,1,3,29,16,13,12,5,7,0,0,0,1,0,1,7,4,3,9,7,2,1,0,1
53217703,318,168,150,305,162,143,7,5,2,31,15,16,3,0,3,13,6,7,238,104,134,102,46,56,2,1,1,13,0,13,44,21,23,77,36,41,3,3,0
53218501,350,188,162,335,180,155,7,2,5,23,9,14,0,0,0,15,8,7,328,150,178,125,52,73,1,0,1,14,0,14,56,31,25,132,67,65,8,7,1
53218502,28,13,15,25,13,12,1,0,1,2,1,1,0,0,0,3,0,3,28,13,15,7,3,4,0,0,0,2,0,2,12,6,6,7,4,3,1,1,0
53218503,29,16,13,27,16,11,0,0,0,3,3,0,0,0,0,2,0,2,12,4,8,6,2,4,0,0,0,0,0,0,0,0,0,6,2,4,0,0,0
53220701,62,35,27,60,35,25,0,0,0,9,5,4,0,0,0,2,0,2,60,25,35,22,9,13,0,0,0,4,0,4,14,8,6,20,8,12,4,3,1
53220702,36,22,14,35,22,13,0,0,0,2,2,0,0,0,0,1,0,1,35,15,20,18,10,8,0,0,0,2,0,2,5,1,4,10,4,6,1,1,0
53220703,288,160,128,275,152,123,7,1,6,25,14,11,5,0,5,13,8,5,240,94,146,115,40,75,0,0,0,11,0,11,43,20,23,71,34,37,14,9,5
53220704,102,52,50,93,48,45,2,0,2,8,4,4,1,0,1,9,4,5,85,43,42,33,12,21,0,0,0,1,0,1,9,5,4,42,26,16,1,0,1
53222301,923,489,434,883,470,413,43,22,21,81,50,31,6,0,6,40,19,21,774,333,441,295,113,182,2,1,1,39,0,39,142,71,71,296,148,148,15,10,5
53227401,40,24,16,37,21,16,1,1,0,4,3,1,0,0,0,3,3,0,31,16,15,13,7,6,0,0,0,1,0,1,6,4,2,11,5,6,1,0,1
53227402,509,274,235,484,259,225,22,10,12,48,29,19,3,0,3,25,15,10,458,216,242,216,102,114,1,1,0,20,0,20,68,34,34,153,79,74,5,3,2
53228201,235,128,107,223,124,99,8,3,5,13,9,4,2,0,2,12,4,8,217,95,122,79,33,46,0,0,0,13,0,13,46,24,22,79,38,41,6,4,2
53229101,31,16,15,27,14,13,2,2,0,0,0,0,0,0,0,4,2,2,11,3,8,5,1,4,0,0,0,0,0,0,1,0,1,5,2,3,0,0,0
53229102,140,86,54,131,82,49,6,2,4,14,7,7,0,0,0,9,4,5,146,63,83,60,25,35,0,0,0,11,0,11,24,11,13,51,27,24,6,3,3
53231201,437,221,216,427,220,207,23,6,17,46,24,22,1,0,1,10,1,9,339,149,190,132,59,73,1,0,1,11,0,11,53,27,26,142,63,79,2,1,1
53232101,145,85,60,141,83,58,3,2,1,18,9,9,1,0,1,4,2,2,100,42,58,37,15,22,0,0,0,10,0,10,23,13,10,30,14,16,4,1,3
53233901,294,176,118,278,170,108,12,9,3,25,13,12,2,0,2,16,6,10,220,84,136,90,30,60,0,0,0,17,0,17,42,20,22,71,34,37,8,5,3
53233902,20,10,10,19,10,9,0,0,0,1,0,1,0,0,0,1,0,1,3,2,1,0,0,0,0,0,0,0,0,0,2,2,0,1,0,1,0,0,0
53234701,912,514,398,876,504,372,34,18,16,61,33,28,13,0,13,36,10,26,638,276,362,197,82,115,2,1,1,49,1,48,170,85,85,220,107,113,12,7,5
53235501,91,48,43,90,48,42,5,2,3,1,1,0,2,0,2,1,0,1,61,22,39,27,11,16,0,0,0,3,0,3,9,3,6,22,8,14,1,1,0
53235502,50,23,27,45,20,25,2,1,1,5,1,4,1,0,1,5,3,2,51,25,26,26,12,14,0,0,0,3,1,2,11,7,4,11,5,6,2,0,2
53235503,140,79,61,134,75,59,7,1,6,11,7,4,3,0,3,6,4,2,105,45,60,39,16,23,1,1,0,6,0,6,26,13,13,33,15,18,1,0,1
53236301,285,149,136,276,148,128,6,3,3,30,16,14,4,0,4,9,1,8,228,115,113,100,50,50,0,0,0,8,0,8,45,27,18,75,38,37,3,2,1
53237101,1162,619,543,1108,591,517,62,24,38,111,49,62,5,0,5,54,28,26,877,405,472,294,126,168,3,2,1,42,0,42,170,79,91,368,198,170,22,8,14
53237102,23,16,7,23,16,7,1,1,0,3,2,1,0,0,0,0,0,0,18,6,12,8,2,6,0,0,0,0,0,0,1,0,1,9,4,5,0,0,0
53239801,65,37,28,64,37,27,1,1,0,2,1,1,2,0,2,1,0,1,42,17,25,7,3,4,0,0,0,3,0,3,16,10,6,16,4,12,1,0,1
53239802,24,14,10,23,14,9,1,1,0,1,1,0,1,0,1,1,0,1,24,10,14,3,2,1,0,0,0,4,0,4,11,4,7,6,4,2,0,0,0
53239803,92,53,39,89,51,38,5,1,4,8,6,2,0,0,0,3,2,1,62,38,24,24,13,11,0,0,0,3,0,3,15,9,6,20,16,4,5,2,3
53240101,13,7,6,10,6,4,0,0,0,1,1,0,0,0,0,3,1,2,9,5,4,6,2,4,0,0,0,0,0,0,1,1,0,2,2,0,0,0,0
53240102,148,82,66,144,80,64,7,2,5,20,9,11,1,0,1,4,2,2,130,56,74,59,25,34,0,0,0,3,0,3,12,5,7,56,26,30,0,0,0
53241001,238,139,99,228,132,96,7,5,2,20,10,10,3,1,2,10,7,3,197,89,108,68,33,35,1,0,1,16,0,16,50,23,27,62,33,29,6,3,3
53242801,162,86,76,157,83,74,10,5,5,9,5,4,1,0,1,5,3,2,118,60,58,44,21,23,0,0,0,5,0,5,21,12,9,48,27,21,1,1,0
53244401,659,352,307,633,341,292,21,7,14,72,44,28,4,0,4,26,11,15,526,232,294,252,105,147,1,1,0,20,0,20,84,43,41,169,83,86,10,6,4
53245201,13,8,5,13,8,5,2,1,1,4,2,2,1,0,1,0,0,0,16,9,7,7,4,3,0,0,0,1,0,1,4,3,1,4,2,2,0,0,0
53245202,687,370,317,666,360,306,27,12,15,79,44,35,2,0,2,21,10,11,582,253,329,306,129,177,0,0,0,21,2,19,83,42,41,172,80,92,10,4,6
53245203,173,92,81,168,90,78,9,4,5,21,13,8,2,0,2,5,2,3,159,69,90,84,33,51,0,0,0,5,1,4,19,13,6,51,22,29,4,2,2
53246101,281,159,122,252,142,110,8,5,3,24,13,11,4,0,4,29,17,12,276,115,161,135,55,80,1,0,1,11,0,11,48,21,27,81,39,42,17,12,5
53246102,66,37,29,58,34,24,2,0,2,3,1,2,2,0,2,8,3,5,55,22,33,18,7,11,0,0,0,4,0,4,19,9,10,14,6,8,4,1,3
53246103,49,31,18,45,28,17,2,0,2,6,3,3,0,0,0,4,3,1,56,20,36,25,10,15,0,0,0,2,0,2,9,1,8,20,9,11,2,1,1
53246104,37,22,15,37,22,15,2,2,0,3,3,0,0,0,0,0,0,0,33,17,16,14,8,6,0,0,0,2,0,2,8,4,4,9,5,4,0,0,0
53246105,68,37,31,63,34,29,4,1,3,5,2,3,1,0,1,5,3,2,71,31,40,33,14,19,0,0,0,3,0,3,14,7,7,21,10,11,1,1,0
53247901,140,78,62,129,74,55,4,2,2,12,7,5,1,0,1,11,4,7,130,49,81,55,21,34,0,0,0,6,0,6,26,10,16,43,18,25,10,6,4
53248701,317,181,136,300,170,130,13,7,6,34,19,15,5,0,5,17,11,6,247,111,136,112,45,67,2,2,0,11,0,11,50,27,23,72,37,35,6,5,1
53249501,293,156,137,270,141,129,6,2,4,23,12,11,3,0,3,23,15,8,215,104,111,90,44,46,0,0,0,12,1,11,54,24,30,59,35,24,6,4,2
53249502,19,10,9,19,10,9,1,0,1,3,1,2,1,0,1,0,0,0,19,12,7,9,5,4,0,0,0,0,0,0,4,2,2,6,5,1,0,0,0
53249503,12,7,5,12,7,5,0,0,0,1,0,1,0,0,0,0,0,0,20,9,11,13,7,6,0,0,0,0,0,0,1,0,1,6,2,4,0,0,0
53251701,42,24,18,36,20,16,0,0,0,3,2,1,0,0,0,6,4,2,44,19,25,24,9,15,0,0,0,0,0,0,8,4,4,12,6,6,2,0,2
53252501,352,186,166,329,178,151,17,8,9,40,19,21,0,0,0,23,8,15,263,123,140,115,45,70,1,1,0,14,0,14,37,23,14,96,54,42,7,6,1
53253301,265,144,121,252,136,116,3,0,3,46,24,22,1,0,1,13,8,5,312,162,150,166,102,64,0,0,0,11,1,10,45,25,20,90,34,56,8,4,4
53257601,1522,825,697,1395,765,630,52,15,37,152,78,74,6,0,6,127,60,67,1270,579,691,527,231,296,3,1,2,52,0,52,260,127,133,428,220,208,68,39,29
53257602,42,25,17,42,25,17,2,2,0,2,1,1,1,0,1,0,0,0,31,6,25,10,2,8,1,0,1,2,0,2,8,1,7,10,3,7,3,1,2
53257603,79,49,30,65,40,25,0,0,0,4,2,2,0,0,0,14,9,5,116,51,65,10,4,6,0,0,0,2,0,2,58,28,30,46,19,27,6,3,3
53258401,274,142,132,262,135,127,9,5,4,30,17,13,3,0,3,12,7,5,257,109,148,129,50,79,1,1,0,6,0,6,44,23,21,77,35,42,4,1,3
53262201,283,159,124,268,151,117,8,5,3,24,12,12,5,0,5,15,8,7,226,107,119,71,29,42,0,0,0,13,0,13,58,27,31,84,51,33,8,2,6
53263101,319,171,148,309,165,144,13,5,8,43,22,21,2,0,2,10,6,4,253,115,138,99,40,59,2,2,0,10,0,10,52,27,25,90,46,44,3,0,3
53265701,70,40,30,68,40,28,4,1,3,8,6,2,0,0,0,2,0,2,54,21,33,26,8,18,1,0,1,3,0,3,10,6,4,14,7,7,1,1,0
53265702,127,71,56,120,66,54,4,1,3,8,2,6,2,0,2,7,5,2,93,43,50,52,27,25,0,0,0,1,0,1,18,7,11,22,9,13,0,0,0
53265703,14,7,7,12,7,5,0,0,0,2,0,2,0,0,0,2,0,2,10,6,4,5,2,3,0,0,0,0,0,0,1,1,0,4,3,1,0,0,0
53266501,234,131,103,224,129,95,5,1,4,13,8,5,0,0,0,10,2,8,192,85,107,87,37,50,0,0,0,9,0,9,32,16,16,64,32,32,6,4,2
53268101,440,246,194,426,240,186,16,6,10,41,21,20,2,0,2,14,6,8,402,166,236,199,77,122,1,1,0,17,0,17,71,39,32,114,49,65,8,6,2
53271101,118,70,48,114,66,48,6,4,2,14,7,7,1,0,1,4,4,0,77,34,43,29,13,16,0,0,0,4,0,4,16,8,8,28,13,15,6,3,3
53272001,340,176,164,331,171,160,8,3,5,27,13,14,5,0,5,9,5,4,254,112,142,126,53,73,1,1,0,9,0,9,45,24,21,73,34,39,3,1,2
53272002,100,54,46,92,50,42,3,2,1,8,4,4,0,0,0,8,4,4,89,35,54,46,19,27,0,0,0,4,0,4,14,3,11,25,13,12,2,1,1
53272003,514,276,238,485,265,220,16,6,10,26,11,15,5,0,5,29,11,18,426,194,232,186,83,103,0,0,0,16,0,16,79,38,41,145,73,72,18,13,5
53272004,90,51,39,86,49,37,5,3,2,9,6,3,0,0,0,4,2,2,85,36,49,39,17,22,0,0,0,7,0,7,17,8,9,22,11,11,2,0,2
53273801,333,184,149,316,177,139,14,9,5,35,14,21,3,0,3,17,7,10,300,132,168,128,57,71,0,0,0,13,0,13,54,27,27,105,48,57,3,2,1
53275401,198,114,84,189,107,82,2,0,2,17,6,11,2,0,2,9,7,2,141,69,72,62,32,30,0,0,0,5,0,5,29,17,12,45,20,25,3,2,1
53276201,62,40,22,60,39,21,1,0,1,2,2,0,1,0,1,2,1,1,50,26,24,25,12,13,0,0,0,2,0,2,8,3,5,15,11,4,0,0,0
53276202,169,97,72,164,94,70,6,2,4,13,7,6,0,0,0,5,3,2,151,67,84,73,36,37,0,0,0,6,0,6,14,3,11,58,28,30,9,7,2
53277101,214,115,99,207,112,95,7,4,3,22,10,12,1,0,1,7,3,4,184,85,99,88,38,50,1,0,1,5,0,5,32,19,13,58,28,30,3,2,1
53279701,205,112,93,200,108,92,5,2,3,17,7,10,1,0,1,5,4,1,148,69,79,59,24,35,0,0,0,10,0,10,37,21,16,42,24,18,6,3,3
53280101,196,117,79,182,107,75,5,2,3,20,12,8,0,0,0,14,10,4,165,69,96,49,20,29,0,0,0,13,1,12,41,21,20,62,27,35,2,2,0
1494030,0,0,0,0,0,0,0,0,0,0,0,0,0,0,0,0,0,0,0,0,0,0,0,0,0,0,0,0,0,0,0,0,0,0,0,0,0,0,0
3071570,0,0,0,0,0,0,0,0,0,0,0,0,0,0,0,0,0,0,0,0,0,0,0,0,0,0,0,0,0,0,0,0,0,0,0,0,0,0,0
3347150,0,0,0,0,0,0,0,0,0,0,0,0,0,0,0,0,0,0,0,0,0,0,0,0,0,0,0,0,0,0,0,0,0,0,0,0,0,0,0
3347230,0,0,0,0,0,0,0,0,0,0,0,0,0,0,0,0,0,0,0,0,0,0,0,0,0,0,0,0,0,0,0,0,0,0,0,0,0,0,0
53281901,229,128,101,221,125,96,3,1,2,14,8,6,1,0,1,8,3,5,183,85,98,58,29,29,3,2,1,14,0,14,35,14,21,73,40,33,0,0,0
53281902,78,43,35,77,42,35,3,1,2,7,1,6,1,0,1,1,1,0,41,17,24,16,6,10,0,0,0,0,0,0,9,3,6,16,8,8,0,0,0
53281903,16,11,5,15,10,5,0,0,0,2,2,0,0,0,0,1,1,0,18,6,12,8,3,5,0,0,0,2,0,2,3,1,2,5,2,3,0,0,0
53281904,16,8,8,14,7,7,0,0,0,4,1,3,0,0,0,2,1,1,11,5,6,7,4,3,0,0,0,1,0,1,1,1,0,2,0,2,0,0,0
53281905,56,31,25,52,28,24,3,1,2,9,4,5,0,0,0,4,3,1,54,29,25,13,7,6,1,0,1,4,0,4,11,8,3,25,14,11,0,0,0
53281906,20,10,10,19,10,9,0,0,0,0,0,0,0,0,0,1,0,1,7,4,3,2,1,1,0,0,0,0,0,0,3,2,1,2,1,1,0,0,0
53281907,40,21,19,39,21,18,2,1,1,5,3,2,0,0,0,1,0,1,37,14,23,9,3,6,0,0,0,3,0,3,11,5,6,14,6,8,0,0,0
53281908,140,77,63,131,74,57,7,2,5,7,4,3,2,0,2,9,3,6,121,52,69,53,25,28,2,1,1,7,0,7,19,11,8,40,15,25,0,0,0
53281909,108,55,53,102,52,50,3,2,1,14,7,7,0,0,0,6,3,3,98,40,58,51,19,32,0,0,0,4,0,4,16,8,8,27,13,14,0,0,0
53281910,65,35,30,49,26,23,3,1,2,2,1,1,0,0,0,16,9,7,83,37,46,32,12,20,0,0,0,4,1,3,31,13,18,16,11,5,6,3,3
53281912,191,102,89,177,93,84,10,5,5,19,9,10,2,0,2,14,9,5,185,80,105,89,34,55,0,0,0,7,0,7,33,20,13,56,26,30,1,1,0
53281913,226,126,100,219,122,97,9,2,7,21,11,10,2,0,2,7,4,3,186,86,100,72,31,41,0,0,0,9,0,9,36,18,18,69,37,32,1,0,1
53281914,1443,749,694,1359,706,653,55,21,34,128,57,71,7,0,7,84,43,41,1012,444,568,466,182,284,1,1,0,40,0,40,173,86,87,332,175,157,21,13,8
53281915,416,214,202,404,209,195,11,1,10,59,37,22,1,0,1,12,5,7,351,157,194,167,64,103,0,0,0,13,0,13,60,35,25,111,58,53,3,0,3
53281916,754,387,367,708,368,340,25,11,14,86,36,50,5,0,5,46,19,27,755,309,446,411,153,258,1,0,1,32,0,32,109,49,60,202,107,95,14,10,4
53281917,26,16,10,21,13,8,1,0,1,2,1,1,0,0,0,5,3,2,11,6,5,8,5,3,0,0,0,0,0,0,1,1,0,2,0,2,0,0,0
53281918,25,14,11,22,12,10,0,0,0,2,0,2,0,0,0,3,2,1,20,8,12,5,3,2,0,0,0,2,0,2,4,3,1,9,2,7,0,0,0
53281920,848,417,431,802,394,408,35,14,21,66,28,38,8,0,8,46,23,23,659,280,379,305,117,188,2,1,1,31,0,31,121,70,51,200,92,108,15,10,5
53281921,129,72,57,119,65,54,7,4,3,14,8,6,0,0,0,10,7,3,77,41,36,35,18,17,0,0,0,6,0,6,16,11,5,20,12,8,3,0,3
53281922,830,461,369,777,428,349,17,8,9,100,47,53,7,0,7,53,33,20,653,284,369,289,110,179,2,1,1,31,0,31,131,71,60,200,102,98,23,9,14
53281927,32,19,13,29,16,13,1,1,0,0,0,0,1,0,1,3,3,0,35,12,23,22,8,14,0,0,0,1,0,1,7,2,5,5,2,3,0,0,0
53281928,389,205,184,373,196,177,16,6,10,10,5,5,6,0,6,16,9,7,271,109,162,35,10,25,0,0,0,21,0,21,75,38,37,140,61,79,2,1,1
53281929,399,197,202,374,191,183,18,5,13,47,24,23,4,0,4,25,6,19,491,205,286,252,87,165,2,1,1,23,0,23,70,34,36,144,83,61,8,4,4
53281930,1181,627,554,1113,596,517,41,17,24,104,55,49,10,0,10,68,31,37,958,409,549,463,166,297,0,0,0,42,0,42,195,95,100,258,148,110,21,12,9
53281932,278,149,129,270,144,126,14,4,10,42,19,23,2,0,2,8,5,3,293,132,161,168,75,93,0,0,0,10,0,10,39,16,23,76,41,35,1,0,1
53281933,171,124,47,147,109,38,3,1,2,7,4,3,3,0,3,24,15,9,63,28,35,15,7,8,1,1,0,6,0,6,26,14,12,15,6,9,3,1,2
53281934,576,339,237,515,300,215,20,9,11,49,22,27,2,0,2,61,39,22,393,177,216,138,67,71,2,2,0,21,0,21,100,47,53,132,61,71,75,51,24
53282701,372,196,176,360,191,169,7,2,5,27,14,13,6,0,6,12,5,7,292,138,154,96,39,57,1,1,0,16,0,16,75,44,31,104,54,50,3,1,2
53283501,965,504,461,907,481,426,35,16,19,117,56,61,6,0,6,58,23,35,953,416,537,501,191,310,2,1,1,24,0,24,141,73,68,285,151,134,18,10,8
53285101,637,331,306,610,322,288,26,8,18,32,14,18,7,0,7,27,9,18,492,225,267,129,51,78,3,1,2,29,0,29,138,69,69,193,104,89,11,4,7
53286001,196,105,91,183,101,82,5,2,3,6,2,4,0,0,0,13,4,9,166,75,91,74,35,39,1,0,1,9,0,9,21,10,11,61,30,31,3,1,2
53286002,256,137,119,246,132,114,14,7,7,19,11,8,3,0,3,10,5,5,235,93,142,67,26,41,1,1,0,15,0,15,46,19,27,106,47,59,0,0,0
53286004,2164,1163,1001,2008,1082,926,60,28,32,221,112,109,10,0,10,156,81,75,1883,775,1108,991,370,621,3,2,1,82,0,82,274,138,136,533,265,268,67,40,27
53286005,180,97,83,170,91,79,2,1,1,26,14,12,2,0,2,10,6,4,128,54,74,55,22,33,1,1,0,6,0,6,32,19,13,34,12,22,1,1,0
53290801,377,204,173,361,198,163,8,3,5,37,19,18,3,0,3,16,6,10,341,156,185,157,67,90,0,0,0,13,0,13,61,24,37,110,65,45,6,3,3
53291601,30,15,15,24,14,10,0,0,0,4,3,1,0,0,0,6,1,5,33,15,18,10,4,6,0,0,0,1,0,1,4,0,4,18,11,7,0,0,0
53291602,34,20,14,28,17,11,1,0,1,4,3,1,0,0,0,6,3,3,39,18,21,15,6,9,2,1,1,2,0,2,12,6,6,8,5,3,2,0,2
53291603,32,16,16,28,14,14,1,1,0,4,1,3,0,0,0,4,2,2,29,11,18,20,10,10,0,0,0,2,0,2,4,1,3,3,0,3,1,1,0
53295901,12,5,7,12,5,7,0,0,0,2,0,2,0,0,0,0,0,0,17,11,6,8,7,1,0,0,0,0,0,0,4,0,4,5,4,1,0,0,0
53295902,302,165,137,281,153,128,9,2,7,35,20,15,1,0,1,21,12,9,241,114,127,110,51,59,0,0,0,11,0,11,50,22,28,70,41,29,9,8,1
53296701,125,72,53,120,69,51,7,4,3,12,6,6,0,0,0,5,3,2,101,40,61,44,18,26,0,0,0,4,0,4,17,10,7,36,12,24,0,0,0
53297501,13,9,4,12,9,3,0,0,0,3,2,1,0,0,0,1,0,1,8,3,5,5,1,4,0,0,0,0,0,0,0,0,0,3,2,1,0,0,0
53297502,248,141,107,234,131,103,7,4,3,24,11,13,0,0,0,14,10,4,187,87,100,96,40,56,0,0,0,9,0,9,29,19,10,53,28,25,6,3,3
53298301,198,109,89,186,102,84,3,0,3,23,13,10,0,0,0,12,7,5,207,94,113,88,33,55,0,0,0,10,0,10,36,19,17,73,42,31,5,2,3
53298302,1166,624,542,1111,594,517,43,21,22,122,63,59,10,0,10,55,30,25,1079,481,598,499,202,297,1,1,0,51,2,49,193,97,96,335,179,156,16,9,7
53298303,46,23,23,45,22,23,5,3,2,5,2,3,0,0,0,1,1,0,29,14,15,17,7,10,1,1,0,0,0,0,1,1,0,10,5,5,0,0,0
53300901,214,113,101,207,110,97,4,0,4,15,10,5,2,0,2,7,3,4,160,75,85,61,26,35,0,0,0,7,0,7,34,11,23,58,38,20,6,4,2
53301702,26,16,10,23,14,9,0,0,0,3,2,1,0,0,0,3,2,1,31,14,17,13,6,7,0,0,0,2,0,2,7,4,3,9,4,5,0,0,0
53301703,12,6,6,12,6,6,0,0,0,0,0,0,0,0,0,0,0,0,16,9,7,7,4,3,0,0,0,1,0,1,3,2,1,5,3,2,0,0,0
53301705,45,26,19,45,26,19,5,4,1,4,3,1,1,0,1,0,0,0,43,24,19,12,7,5,0,0,0,2,1,1,8,4,4,21,12,9,1,0,1
53301706,2308,1208,1100,2213,1165,1048,110,61,49,247,114,133,16,0,16,95,43,52,2216,922,1294,953,336,617,3,2,1,102,0,102,420,209,211,738,375,363,32,16,16
53301708,236,125,111,228,122,106,4,1,3,34,14,20,1,0,1,8,3,5,192,99,93,83,36,47,2,0,2,8,0,8,43,25,18,56,38,18,3,1,2
53302501,1061,569,492,1020,548,472,45,25,20,98,57,41,3,0,3,41,21,20,778,351,427,293,123,170,8,4,4,39,0,39,128,67,61,310,157,153,14,6,8
53303301,545,293,252,526,280,246,19,8,11,39,16,23,1,0,1,19,13,6,447,192,255,189,85,104,1,0,1,19,0,19,80,30,50,158,77,81,5,3,2
53304101,94,49,45,92,47,45,3,0,3,11,6,5,0,0,0,2,2,0,72,26,46,36,12,24,0,0,0,3,0,3,10,6,4,23,8,15,0,0,0
53304103,136,79,57,127,77,50,1,0,1,11,7,4,0,0,0,9,2,7,120,54,66,53,20,33,0,0,0,6,0,6,21,9,12,40,25,15,0,0,0
53304104,16,8,8,16,8,8,2,0,2,2,2,0,0,0,0,0,0,0,5,2,3,4,1,3,0,0,0,0,0,0,0,0,0,1,1,0,0,0,0
53304105,45,23,22,43,22,21,2,1,1,5,3,2,0,0,0,2,1,1,47,22,25,19,10,9,0,0,0,4,0,4,10,6,4,14,6,8,0,0,0
53304106,1268,700,568,1212,678,534,42,17,25,132,73,59,9,0,9,56,22,34,1188,514,674,642,257,385,3,2,1,47,0,47,165,90,75,331,165,166,23,12,11
53305001,300,267,33,296,265,31,9,8,1,8,5,3,2,0,2,4,2,2,592,565,27,31,22,9,1,1,0,0,0,0,439,432,7,121,110,11,3,3,0
53305002,172,91,81,163,88,75,3,0,3,20,10,10,0,0,0,9,3,6,163,64,99,81,33,48,0,0,0,8,0,8,25,12,13,49,19,30,1,1,0
53305003,18,11,7,17,11,6,1,0,1,1,1,0,0,0,0,1,0,1,9,4,5,3,1,2,0,0,0,0,0,0,5,2,3,1,1,0,1,1,0
53305004,848,458,390,807,433,374,27,13,14,91,53,38,7,0,7,41,25,16,686,304,382,310,125,185,2,1,1,28,0,28,122,60,62,224,118,106,18,9,9
53306801,33,18,15,32,17,15,1,0,1,4,2,2,1,0,1,1,1,0,17,6,11,0,0,0,0,0,0,1,0,1,5,3,2,11,3,8,0,0,0
53306802,30,21,9,27,18,9,0,0,0,5,3,2,0,0,0,3,3,0,47,19,28,20,9,11,0,0,0,4,0,4,11,5,6,12,5,7,5,2,3
53306803,328,175,153,313,170,143,8,3,5,26,16,10,2,0,2,15,5,10,291,119,172,139,49,90,2,1,1,9,0,9,50,24,26,91,45,46,5,4,1
53309201,60,33,27,59,33,26,3,1,2,10,6,4,0,0,0,1,0,1,52,16,36,17,5,12,1,0,1,3,0,3,12,5,7,19,6,13,0,0,0
53309202,14,7,7,14,7,7,0,0,0,0,0,0,0,0,0,0,0,0,12,5,7,7,4,3,0,0,0,0,0,0,2,0,2,3,1,2,1,0,1
53309203,89,58,31,82,53,29,5,4,1,7,5,2,0,0,0,7,5,2,63,24,39,25,8,17,0,0,0,5,0,5,13,8,5,20,8,12,0,0,0
53309204,164,95,69,148,85,63,4,1,3,18,6,12,1,0,1,16,10,6,143,62,81,73,34,39,0,0,0,6,0,6,24,12,12,40,16,24,5,3,2
53311401,103,56,47,99,52,47,2,1,1,7,3,4,1,0,1,4,4,0,69,31,38,32,15,17,0,0,0,3,0,3,15,7,8,19,9,10,3,3,0
53311402,73,38,35,65,33,32,4,1,3,6,2,4,0,0,0,8,5,3,62,32,30,20,10,10,0,0,0,2,0,2,14,7,7,26,15,11,2,2,0
53311403,42,21,21,41,21,20,0,0,0,2,1,1,0,0,0,1,0,1,25,9,16,12,4,8,0,0,0,0,0,0,3,1,2,10,4,6,0,0,0
53311404,65,33,32,53,29,24,0,0,0,6,2,4,0,0,0,12,4,8,60,31,29,28,15,13,0,0,0,4,0,4,16,10,6,12,6,6,0,0,0
53311405,898,486,412,806,442,364,37,17,20,85,40,45,3,0,3,92,44,48,735,309,426,347,142,205,2,1,1,40,1,39,135,64,71,211,101,110,44,24,20
53312201,456,261,195,423,248,175,17,7,10,46,29,17,1,0,1,33,13,20,417,188,229,175,72,103,1,1,0,25,0,25,82,39,43,134,76,58,12,6,6
53314901,436,230,206,418,223,195,17,9,8,45,24,21,6,0,6,18,7,11,357,159,198,154,69,85,0,0,0,23,0,23,72,39,33,108,51,57,5,3,2
53315701,22,10,12,20,9,11,1,0,1,0,0,0,1,0,1,2,1,1,10,5,5,2,0,2,0,0,0,0,0,0,5,4,1,3,1,2,0,0,0
53315702,45,29,16,42,28,14,5,2,3,4,4,0,1,0,1,3,1,2,55,21,34,24,10,14,0,0,0,5,0,5,10,4,6,16,7,9,1,0,1
53315703,36,21,15,35,21,14,5,3,2,2,1,1,0,0,0,1,0,1,35,19,16,16,8,8,0,0,0,1,0,1,5,3,2,13,8,5,0,0,0
53315704,51,27,24,49,26,23,2,1,1,2,1,1,0,0,0,2,1,1,35,17,18,12,5,7,0,0,0,1,0,1,4,3,1,18,9,9,0,0,0
53315705,47,23,24,40,20,20,0,0,0,4,2,2,0,0,0,7,3,4,32,15,17,11,5,6,0,0,0,1,0,1,10,7,3,10,3,7,1,0,1
53315706,169,96,73,160,91,69,6,4,2,13,9,4,2,0,2,9,5,4,178,78,100,98,43,55,0,0,0,7,0,7,31,15,16,42,20,22,4,2,2
53501001,168,94,74,162,92,70,5,3,2,20,10,10,0,0,0,6,2,4,132,64,68,70,33,37,0,0,0,7,0,7,17,9,8,38,22,16,4,2,2
53509501,77,39,38,73,38,35,2,1,1,7,3,4,0,0,0,4,1,3,60,30,30,24,14,10,0,0,0,1,0,1,7,3,4,28,13,15,0,0,0
53510901,126,75,51,120,73,47,3,1,2,7,5,2,1,0,1,6,2,4,124,65,59,40,18,22,2,2,0,10,0,10,31,21,10,41,24,17,3,2,1
53512501,92,55,37,88,54,34,2,2,0,11,7,4,1,0,1,4,1,3,104,46,58,60,25,35,0,0,0,5,0,5,18,10,8,21,11,10,0,0,0
53515001,56,26,30,50,23,27,0,0,0,6,1,5,0,0,0,6,3,3,76,39,37,36,14,22,0,0,0,3,0,3,10,7,3,27,18,9,0,0,0
54199103,1120,593,527,1072,565,507,50,21,29,113,60,53,10,0,10,48,28,20,916,398,518,361,137,224,0,0,0,36,1,35,172,88,84,347,172,175,10,5,5
54199104,75,42,33,72,40,32,4,1,3,3,2,1,0,0,0,3,2,1,108,45,63,49,17,32,0,0,0,6,0,6,15,9,6,38,19,19,0,0,0
55145701,281,152,129,273,147,126,11,5,6,27,18,9,2,0,2,8,5,3,198,82,116,61,24,37,0,0,0,10,0,10,42,19,23,85,39,46,6,5,1
56408701,130,76,54,116,65,51,2,1,1,19,9,10,1,0,1,14,11,3,111,47,64,54,18,36,0,0,0,5,0,5,20,12,8,32,17,15,2,2,0
56412501,101,54,47,98,51,47,1,0,1,5,5,0,2,0,2,3,3,0,93,37,56,48,21,27,0,0,0,7,0,7,16,6,10,22,10,12,1,1,0
56415001,40,21,19,38,21,17,2,1,1,1,0,1,0,0,0,2,0,2,29,12,17,4,1,3,0,0,0,3,0,3,11,6,5,11,5,6,0,0,0
56419201,116,61,55,109,60,49,2,0,2,11,4,7,1,0,1,7,1,6,106,42,64,43,17,26,0,0,0,7,0,7,22,11,11,34,14,20,0,0,0
57142301,89,47,42,88,47,41,3,1,2,12,5,7,2,0,2,1,0,1,94,42,52,36,16,20,0,0,0,5,0,5,27,11,16,26,15,11,1,0,1
57142302,11,6,5,11,6,5,1,0,1,0,0,0,0,0,0,0,0,0,18,9,9,14,6,8,0,0,0,1,0,1,1,1,0,2,2,0,0,0,0
57143101,104,57,47,94,54,40,3,1,2,13,4,9,4,0,4,10,3,7,86,38,48,45,18,27,0,0,0,5,0,5,16,7,9,20,13,7,12,7,5
57151201,61,32,29,58,32,26,0,0,0,3,2,1,1,0,1,3,0,3,53,25,28,25,12,13,0,0,0,1,0,1,6,2,4,21,11,10,0,0,0
57152101,90,49,41,88,49,39,7,3,4,7,3,4,1,0,1,2,0,2,62,26,36,26,9,17,0,0,0,2,0,2,10,4,6,24,13,11,2,2,0
57155501,48,27,21,43,24,19,2,2,0,8,6,2,0,0,0,5,3,2,57,23,34,34,14,20,0,0,0,0,0,0,3,1,2,20,8,12,1,0,1
57159801,14,8,6,13,7,6,0,0,0,0,0,0,0,0,0,1,1,0,8,4,4,3,0,3,0,0,0,0,0,0,3,3,0,2,1,1,0,0,0
57159802,72,36,36,69,36,33,2,1,1,10,4,6,1,0,1,3,0,3,37,18,19,11,5,6,1,1,0,1,0,1,9,4,5,15,8,7,1,0,1
57160101,189,108,81,181,105,76,11,5,6,15,9,6,0,0,0,8,3,5,179,77,102,62,30,32,1,1,0,10,0,10,32,12,20,74,34,40,5,3,2
59942501,99,58,41,88,52,36,3,2,1,8,3,5,1,0,1,11,6,5,80,38,42,32,16,16,1,1,0,3,0,3,14,4,10,30,17,13,7,2,5
59943301,16,7,9,16,7,9,1,0,1,1,0,1,0,0,0,0,0,0,6,4,2,2,1,1,0,0,0,0,0,0,2,2,0,2,1,1,0,0,0
59943302,350,182,168,333,176,157,19,10,9,24,14,10,1,0,1,17,6,11,224,106,118,58,24,34,1,0,1,6,0,6,39,16,23,120,66,54,6,6,0
59944101,69,41,28,56,32,24,0,0,0,4,2,2,1,0,1,13,9,4,70,31,39,29,14,15,0,0,0,2,0,2,12,6,6,27,11,16,2,1,1
51314801,108,64,44,105,63,42,3,2,1,7,4,3,1,0,1,3,1,2,98,45,53,37,18,19,0,0,0,8,0,8,25,16,9,28,11,17,2,2,0
51316401,176,103,73,173,101,72,2,1,1,19,14,5,1,0,1,3,2,1,174,68,106,90,34,56,0,0,0,8,0,8,26,13,13,50,21,29,1,1,0
51318101,73,39,34,69,38,31,4,2,2,3,2,1,1,0,1,4,1,3,44,19,25,29,12,17,1,0,1,0,0,0,3,1,2,11,6,5,1,1,0
51320201,17,10,7,16,10,6,0,0,0,2,0,2,0,0,0,1,0,1,17,8,9,12,5,7,0,0,0,0,0,0,1,1,0,4,2,2,0,0,0
51320202,48,27,21,43,25,18,0,0,0,6,2,4,0,0,0,5,2,3,36,22,14,21,13,8,1,1,0,2,0,2,5,3,2,7,5,2,1,1,0
51323701,94,52,42,91,52,39,1,0,1,6,4,2,2,0,2,3,0,3,98,47,51,45,20,25,0,0,0,6,0,6,27,19,8,20,8,12,1,1,0
51326101,133,70,63,126,68,58,2,0,2,18,10,8,2,0,2,7,2,5,109,48,61,51,18,33,0,0,0,6,0,6,25,18,7,27,12,15,2,1,1
51327001,87,48,39,81,47,34,0,0,0,10,5,5,0,0,0,6,1,5,95,38,57,49,16,33,0,0,0,6,0,6,14,8,6,26,14,12,0,0,0
51328801,96,57,39,92,53,39,5,2,3,11,6,5,0,0,0,4,4,0,76,37,39,30,12,18,0,0,0,6,0,6,12,10,2,28,15,13,5,2,3
51336901,177,88,89,175,88,87,11,4,7,10,3,7,2,0,2,2,0,2,133,66,67,46,23,23,0,0,0,5,0,5,23,13,10,59,30,29,0,0,0
51339301,233,123,110,221,118,103,8,3,5,20,10,10,1,0,1,12,5,7,213,93,120,92,36,56,1,1,0,6,0,6,33,14,19,81,42,39,5,5,0
51341501,38,19,19,35,18,17,3,2,1,1,1,0,0,0,0,3,1,2,38,18,20,18,9,9,0,0,0,1,0,1,1,0,1,18,9,9,1,1,0
51341502,65,34,31,64,34,30,4,3,1,6,1,5,0,0,0,1,0,1,61,28,33,32,14,18,0,0,0,2,0,2,5,2,3,22,12,10,0,0,0
51342301,190,99,91,183,95,88,7,4,3,25,17,8,0,0,0,7,4,3,153,74,79,82,37,45,0,0,0,7,0,7,20,10,10,44,27,17,0,0,0
3072030,0,0,0,0,0,0,0,0,0,0,0,0,0,0,0,0,0,0,0,0,0,0,0,0,0,0,0,0,0,0,0,0,0,0,0,0,0,0,0
3072110,0,0,0,0,0,0,0,0,0,0,0,0,0,0,0,0,0,0,0,0,0,0,0,0,0,0,0,0,0,0,0,0,0,0,0,0,0,0,0
3210360,0,0,0,0,0,0,0,0,0,0,0,0,0,0,0,0,0,0,0,0,0,0,0,0,0,0,0,0,0,0,0,0,0,0,0,0,0,0,0
3210442,0,0,0,0,0,0,0,0,0,0,0,0,0,0,0,0,0,0,0,0,0,0,0,0,0,0,0,0,0,0,0,0,0,0,0,0,0,0,0
53316501,408,217,191,396,214,182,15,7,8,29,13,16,2,0,2,12,3,9,375,183,192,120,54,66,0,0,0,19,0,19,82,46,36,154,83,71,4,1,3
53316503,39,16,23,38,16,22,3,1,2,5,1,4,0,0,0,1,0,1,42,19,23,33,14,19,0,0,0,0,0,0,2,1,1,7,4,3,0,0,0
53316504,87,50,37,86,49,37,2,2,0,6,4,2,1,0,1,1,1,0,93,41,52,48,19,29,1,1,0,4,0,4,13,7,6,27,14,13,0,0,0
53316507,912,478,434,867,459,408,35,11,24,80,37,43,8,1,7,45,19,26,723,323,400,285,120,165,0,0,0,29,1,28,148,68,80,261,134,127,6,1,5
53316508,781,482,299,683,420,263,17,6,11,59,32,27,2,0,2,98,62,36,568,285,283,235,99,136,3,1,2,17,0,17,126,69,57,187,116,71,135,93,42
53316509,787,417,370,756,401,355,40,16,24,91,47,44,7,0,7,31,16,15,646,274,372,304,116,188,1,0,1,30,1,29,111,63,48,200,94,106,3,2,1
53316510,459,241,218,426,222,204,21,9,12,60,29,31,1,0,1,33,19,14,433,173,260,224,80,144,2,0,2,17,0,17,59,28,31,131,65,66,3,2,1
53316511,2377,1347,1030,2298,1314,984,69,29,40,201,81,120,24,0,24,79,33,46,1795,702,1093,849,313,536,2,0,2,112,0,112,356,153,203,476,236,240,31,18,13
53316512,17,9,8,16,8,8,1,1,0,1,0,1,0,0,0,1,1,0,11,4,7,2,1,1,0,0,0,0,0,0,1,0,1,8,3,5,0,0,0
53316513,2690,1399,1291,2566,1344,1222,90,39,51,308,133,175,20,0,20,124,55,69,2759,1057,1702,1657,575,1082,6,2,4,116,2,114,380,189,191,600,289,311,48,30,18
53316514,397,246,151,380,242,138,8,3,5,9,4,5,4,0,4,17,4,13,198,92,106,44,10,34,2,1,1,19,1,18,70,39,31,63,41,22,8,4,4
53316515,58,27,31,54,24,30,2,0,2,3,2,1,3,0,3,4,3,1,34,15,19,16,8,8,0,0,0,0,0,0,8,3,5,10,4,6,1,0,1
53316516,1098,583,515,1047,564,483,42,21,21,110,47,63,8,0,8,51,19,32,1065,447,618,587,236,351,2,1,1,50,0,50,189,92,97,237,118,119,16,5,11
53316518,136,66,70,135,65,70,3,0,3,25,11,14,0,0,0,1,1,0,107,42,65,62,21,41,0,0,0,7,1,6,14,6,8,24,14,10,1,1,0
53316519,42,27,15,37,24,13,0,0,0,2,2,0,0,0,0,5,3,2,28,9,19,4,1,3,0,0,0,3,0,3,9,3,6,12,5,7,0,0,0
53316520,273,149,124,264,144,120,14,10,4,16,8,8,4,0,4,9,5,4,171,69,102,35,12,23,0,0,0,15,0,15,54,26,28,67,31,36,7,1,6
53316521,210,113,97,202,108,94,7,3,4,33,13,20,2,0,2,8,5,3,165,78,87,65,26,39,1,0,1,12,0,12,31,17,14,56,35,21,0,0,0
53316522,132,73,59,128,71,57,5,0,5,10,6,4,1,0,1,4,2,2,101,49,52,32,15,17,0,0,0,5,0,5,18,11,7,46,23,23,0,0,0
53316523,34,22,12,21,14,7,0,0,0,4,3,1,0,0,0,13,8,5,47,19,28,11,3,8,0,0,0,3,0,3,14,10,4,19,6,13,3,3,0
53316525,410,222,188,384,206,178,18,4,14,34,19,15,8,0,8,26,16,10,366,160,206,204,74,130,1,0,1,13,0,13,55,31,24,93,55,38,8,3,5
53316526,1590,950,640,1522,917,605,60,32,28,131,65,66,7,0,7,68,33,35,1050,455,595,492,200,292,6,4,2,54,1,53,174,81,93,324,169,155,26,17,9
53316528,646,346,300,620,336,284,23,9,14,51,30,21,5,0,5,26,10,16,509,210,299,216,70,146,1,1,0,26,0,26,91,41,50,175,98,77,1,1,0
53316529,304,196,108,298,194,104,9,6,3,24,14,10,3,0,3,6,2,4,151,70,81,46,20,26,1,0,1,9,0,9,39,22,17,56,28,28,6,4,2
53316530,43,31,12,42,31,11,0,0,0,5,3,2,0,0,0,1,0,1,24,9,15,5,3,2,0,0,0,3,0,3,5,4,1,11,2,9,0,0,0
53316531,87,50,37,86,50,36,5,4,1,6,4,2,2,0,2,1,0,1,75,35,40,1,1,0,0,0,0,10,0,10,29,14,15,35,20,15,0,0,0
53316532,135,74,61,130,70,60,4,2,2,10,6,4,2,0,2,5,4,1,87,48,39,10,3,7,0,0,0,3,0,3,30,20,10,44,25,19,0,0,0
53316533,100,55,45,95,52,43,5,2,3,6,3,3,1,0,1,5,3,2,79,34,45,41,16,25,0,0,0,5,0,5,12,7,5,21,11,10,2,1,1
53316534,182,139,43,181,139,42,0,0,0,2,2,0,0,0,0,1,0,1,10,5,5,4,1,3,0,0,0,0,0,0,2,2,0,4,2,2,2,2,0
53316536,2180,1171,1009,2084,1134,950,85,43,42,222,110,112,21,0,21,96,37,59,1826,779,1047,808,330,478,6,2,4,87,0,87,377,165,212,548,282,266,37,18,19
53316537,252,153,99,224,138,86,8,4,4,26,15,11,1,0,1,28,15,13,178,79,99,72,27,45,3,2,1,10,0,10,41,25,16,52,25,27,14,11,3
53316538,315,160,155,300,153,147,10,5,5,36,15,21,2,0,2,15,7,8,281,128,153,139,57,82,2,2,0,9,0,9,40,19,21,91,50,41,4,1,3
53316539,222,113,109,205,104,101,15,7,8,24,6,18,3,0,3,17,9,8,183,85,98,83,36,47,0,0,0,11,0,11,39,20,19,50,29,21,1,0,1
53317301,58,38,20,56,36,20,2,1,1,5,5,0,0,0,0,2,2,0,63,24,39,39,15,24,0,0,0,3,0,3,8,4,4,13,5,8,4,2,2
53317302,29,15,14,28,14,14,2,1,1,5,4,1,0,0,0,1,1,0,21,12,9,14,8,6,0,0,0,0,0,0,3,2,1,4,2,2,1,0,1
53317303,43,20,23,42,20,22,1,0,1,2,0,2,0,0,0,1,0,1,34,17,17,11,5,6,1,0,1,3,0,3,8,6,2,11,6,5,0,0,0
0013250,0,0,0,0,0,0,0,0,0,0,0,0,0,0,0,0,0,0,0,0,0,0,0,0,0,0,0,0,0,0,0,0,0,0,0,0,0,0,0
53318101,273,150,123,259,144,115,8,3,5,28,18,10,4,0,4,14,6,8,236,97,139,120,40,80,0,0,0,14,0,14,44,28,16,58,29,29,4,2,2
53318102,116,61,55,109,58,51,1,1,0,12,5,7,3,0,3,7,3,4,184,71,113,113,32,81,0,0,0,8,0,8,26,12,14,37,27,10,0,0,0
53318103,60,35,25,57,34,23,1,0,1,5,3,2,1,0,1,3,1,2,72,35,37,27,11,16,0,0,0,8,0,8,18,10,8,19,14,5,0,0,0
53318104,26,17,9,26,17,9,1,1,0,5,3,2,0,0,0,0,0,0,23,7,16,12,3,9,0,0,0,1,0,1,4,2,2,6,2,4,0,0,0
53318105,23,14,9,22,13,9,2,1,1,2,1,1,0,0,0,1,1,0,27,10,17,7,2,5,1,0,1,3,0,3,7,3,4,9,5,4,0,0,0
53319001,148,84,64,144,82,62,1,0,1,12,7,5,0,0,0,4,2,2,158,80,78,65,28,37,0,0,0,9,0,9,35,21,14,49,31,18,3,2,1
53321101,86,55,31,83,54,29,2,1,1,8,4,4,0,0,0,3,1,2,107,51,56,57,25,32,0,0,0,5,0,5,15,9,6,30,17,13,5,3,2
53321102,57,33,24,53,31,22,0,0,0,3,0,3,1,0,1,4,2,2,42,22,20,14,5,9,0,0,0,2,0,2,14,9,5,12,8,4,0,0,0
53322001,530,304,226,504,291,213,22,9,13,33,18,15,7,0,7,26,13,13,392,165,227,111,48,63,2,1,1,42,0,42,121,57,64,116,59,57,10,5,5
53323801,339,186,153,326,177,149,4,2,2,25,12,13,5,0,5,13,9,4,301,147,154,108,44,64,0,0,0,15,0,15,67,41,26,111,62,49,5,3,2
53324601,767,419,348,726,399,327,28,8,20,52,25,27,8,0,8,41,20,21,772,340,432,331,142,189,3,2,1,51,0,51,146,67,79,241,129,112,14,6,8
53324603,125,71,54,122,69,53,3,1,2,10,5,5,2,0,2,3,2,1,111,49,62,47,17,30,0,0,0,9,0,9,32,19,13,23,13,10,2,2,0
53326201,80,41,39,76,38,38,4,0,4,5,2,3,2,0,2,4,3,1,73,36,37,39,20,19,0,0,0,2,0,2,9,6,3,23,10,13,0,0,0
53326202,50,27,23,49,27,22,1,0,1,3,2,1,0,0,0,1,0,1,30,14,16,16,7,9,0,0,0,0,0,0,3,2,1,11,5,6,0,0,0
53326203,49,28,21,47,27,20,4,3,1,3,3,0,0,0,0,2,1,1,44,19,25,20,8,12,0,0,0,1,0,1,4,3,1,19,8,11,0,0,0
53326204,49,30,19,47,28,19,0,0,0,4,3,1,1,0,1,2,2,0,44,24,20,26,11,15,0,0,0,0,0,0,9,6,3,9,7,2,0,0,0
53326205,721,397,324,686,380,306,32,14,18,77,42,35,8,1,7,35,17,18,619,270,349,272,116,156,1,1,0,29,0,29,110,46,64,207,107,100,13,10,3
53326206,34,16,18,33,16,17,0,0,0,4,3,1,0,0,0,1,0,1,25,12,13,5,2,3,0,0,0,0,0,0,7,4,3,13,6,7,1,0,1
53326207,34,21,13,34,21,13,1,1,0,2,2,0,0,0,0,0,0,0,26,7,19,8,3,5,0,0,0,4,0,4,6,2,4,8,2,6,1,1,0
53326208,15,7,8,14,7,7,1,0,1,2,1,1,0,0,0,1,0,1,15,10,5,5,3,2,0,0,0,0,0,0,0,0,0,10,7,3,1,1,0
0228020,0,0,0,0,0,0,0,0,0,0,0,0,0,0,0,0,0,0,0,0,0,0,0,0,0,0,0,0,0,0,0,0,0,0,0,0,0,0,0
53327101,173,94,79,164,88,76,10,7,3,16,7,9,1,0,1,9,6,3,106,52,54,35,17,18,1,0,1,4,0,4,21,11,10,45,24,21,1,1,0
53327102,409,227,182,396,218,178,12,8,4,37,19,18,2,0,2,13,9,4,363,165,198,123,55,68,1,0,1,20,0,20,72,34,38,147,76,71,2,0,2
53327103,74,40,34,70,37,33,4,1,3,6,3,3,0,0,0,4,3,1,48,22,26,18,7,11,2,1,1,2,0,2,11,5,6,15,9,6,3,0,3
53327104,81,47,34,70,39,31,2,1,1,7,1,6,0,0,0,11,8,3,54,27,27,23,12,11,0,0,0,2,0,2,13,7,6,16,8,8,1,0,1
53327105,677,352,325,653,344,309,29,10,19,72,34,38,8,0,8,24,8,16,690,299,391,308,132,176,1,1,0,39,0,39,135,62,73,207,104,103,5,1,4
53327106,1277,667,610,1219,637,582,46,19,27,146,65,81,7,0,7,58,30,28,1006,448,558,461,185,276,5,2,3,57,0,57,182,107,75,301,154,147,16,7,9
53327108,121,70,51,116,67,49,7,3,4,19,12,7,0,0,0,5,3,2,102,44,58,53,22,31,1,1,0,6,0,6,14,7,7,28,14,14,3,2,1
53327109,449,239,210,434,233,201,28,10,18,46,23,23,2,0,2,15,6,9,481,192,289,258,91,167,1,0,1,12,0,12,66,35,31,144,66,78,5,3,2
53327110,594,318,276,546,292,254,27,7,20,61,27,34,4,0,4,48,26,22,460,201,259,192,81,111,2,0,2,22,0,22,96,52,44,148,68,80,60,46,14
53328901,406,230,176,389,220,169,16,8,8,45,26,19,4,0,4,17,10,7,371,160,211,176,67,109,0,0,0,19,0,19,71,31,40,105,62,43,6,2,4
53329701,118,70,48,115,69,46,3,2,1,8,4,4,1,0,1,3,1,2,121,60,61,44,20,24,0,0,0,8,0,8,21,11,10,48,29,19,3,2,1
53329702,65,36,29,62,35,27,1,0,1,5,1,4,1,0,1,3,1,2,60,23,37,15,7,8,0,0,0,3,0,3,11,4,7,31,12,19,0,0,0
53329703,56,36,20,54,35,19,3,2,1,10,7,3,0,0,0,2,1,1,53,22,31,35,13,22,0,0,0,1,0,1,6,4,2,11,5,6,0,0,0
53330101,638,340,298,610,329,281,21,9,12,42,20,22,10,1,9,28,11,17,566,236,330,180,49,131,5,4,1,40,1,39,148,80,68,193,102,91,7,1,6
53332701,40,22,18,37,22,15,1,1,0,4,1,3,0,0,0,3,0,3,43,20,23,15,6,9,0,0,0,4,0,4,11,6,5,13,8,5,2,1,1
53332702,34,17,17,32,16,16,2,2,0,1,0,1,0,0,0,2,1,1,33,14,19,17,8,9,0,0,0,1,0,1,5,0,5,10,6,4,0,0,0
53332703,137,72,65,132,68,64,4,0,4,10,6,4,0,0,0,5,4,1,115,48,67,48,20,28,2,2,0,4,0,4,15,9,6,46,17,29,4,2,2
53332704,15,8,7,14,7,7,1,0,1,2,1,1,0,0,0,1,1,0,16,7,9,6,2,4,0,0,0,1,0,1,5,2,3,4,3,1,0,0,0
53332705,32,17,15,29,16,13,1,0,1,6,3,3,0,0,0,3,1,2,30,14,16,14,5,9,0,0,0,0,0,0,5,4,1,11,5,6,0,0,0
53334301,257,140,117,245,133,112,8,1,7,21,6,15,2,0,2,12,7,5,230,100,130,125,48,77,0,0,0,8,0,8,32,15,17,65,37,28,4,3,1
53335101,153,84,69,144,80,64,8,2,6,13,10,3,0,0,0,9,4,5,161,77,84,80,38,42,0,0,0,8,0,8,26,15,11,47,24,23,3,2,1
53335102,88,50,38,87,49,38,1,0,1,10,6,4,0,0,0,1,1,0,70,30,40,34,11,23,0,0,0,5,0,5,9,5,4,22,14,8,0,0,0
53335103,137,76,61,129,72,57,6,2,4,7,3,4,0,0,0,8,4,4,87,39,48,28,14,14,0,0,0,4,0,4,16,4,12,39,21,18,10,7,3
53336001,291,161,130,281,157,124,10,1,9,22,11,11,0,0,0,10,4,6,242,100,142,71,27,44,0,0,0,19,0,19,67,32,35,85,41,44,6,3,3
53338601,327,180,147,312,174,138,11,6,5,37,20,17,2,0,2,15,6,9,260,114,146,108,40,68,0,0,0,16,0,16,61,34,27,75,40,35,10,7,3
53338602,136,75,61,134,75,59,3,1,2,4,3,1,0,0,0,2,0,2,108,41,67,32,12,20,0,0,0,4,0,4,23,7,16,49,22,27,4,2,2
53338603,81,46,35,80,46,34,2,2,0,6,4,2,0,0,0,1,0,1,92,44,48,31,8,23,1,1,0,4,0,4,18,7,11,38,28,10,0,0,0
53338604,30,16,14,29,16,13,1,1,0,1,0,1,0,0,0,1,0,1,29,12,17,8,3,5,0,0,0,2,0,2,6,2,4,13,7,6,0,0,0
53339401,446,245,201,430,236,194,21,6,15,32,16,16,7,0,7,16,9,7,403,177,226,159,70,89,0,0,0,25,0,25,79,35,44,140,72,68,3,2,1
53339402,14,10,4,14,10,4,0,0,0,0,0,0,0,0,0,0,0,0,20,8,12,12,6,6,0,0,0,0,0,0,3,1,2,5,1,4,0,0,0
53339403,49,27,22,44,27,17,1,0,1,5,3,2,0,0,0,5,0,5,43,21,22,22,11,11,0,0,0,2,0,2,4,0,4,15,10,5,1,1,0
53340801,109,59,50,105,56,49,3,1,2,15,9,6,0,0,0,4,3,1,101,48,53,45,24,21,0,0,0,7,0,7,22,12,10,27,12,15,1,1,0
53340802,123,68,55,117,68,49,0,0,0,13,9,4,0,0,0,6,0,6,131,56,75,66,28,38,0,0,0,4,0,4,18,7,11,43,21,22,7,6,1
53340803,71,39,32,66,36,30,2,2,0,7,3,4,0,0,0,5,3,2,75,36,39,42,21,21,0,0,0,2,0,2,13,7,6,18,8,10,1,0,1
53342401,11,8,3,11,8,3,0,0,0,2,1,1,0,0,0,0,0,0,15,4,11,5,2,3,0,0,0,3,0,3,6,2,4,1,0,1,0,0,0
53342402,928,501,427,891,484,407,28,9,19,115,58,57,5,0,5,37,17,20,924,383,541,477,163,314,3,1,2,36,0,36,147,84,63,261,135,126,23,13,10
53342403,31,18,13,30,18,12,0,0,0,2,1,1,1,0,1,1,0,1,36,17,19,13,5,8,0,0,0,1,0,1,8,5,3,14,7,7,2,2,0
53344101,57,33,24,54,32,22,2,1,1,6,4,2,0,0,0,3,1,2,48,23,25,22,9,13,0,0,0,2,0,2,13,8,5,11,6,5,1,1,0
53344102,412,229,183,396,224,172,11,3,8,31,21,10,3,0,3,16,5,11,357,149,208,154,62,92,0,0,0,18,0,18,75,37,38,110,50,60,3,0,3
53345901,205,110,95,202,108,94,3,2,1,14,6,8,2,0,2,3,2,1,164,74,90,86,37,49,2,1,1,4,0,4,35,18,17,37,18,19,5,1,4
53345902,19,9,10,19,9,10,1,0,1,1,0,1,0,0,0,0,0,0,15,7,8,6,3,3,0,0,0,0,0,0,3,2,1,6,2,4,0,0,0
53346701,62,33,29,61,33,28,1,0,1,3,1,2,1,0,1,1,0,1,52,21,31,8,5,3,0,0,0,6,0,6,17,8,9,21,8,13,1,1,0
53346702,205,111,94,197,110,87,5,0,5,17,6,11,1,0,1,8,1,7,162,72,90,71,31,40,0,0,0,12,0,12,36,20,16,43,21,22,6,3,3
53346703,19,12,7,19,12,7,2,0,2,0,0,0,0,0,0,0,0,0,27,13,14,8,5,3,0,0,0,2,0,2,6,4,2,11,4,7,2,1,1
53347501,153,91,62,143,88,55,3,1,2,15,11,4,0,0,0,10,3,7,138,54,84,64,28,36,0,0,0,7,0,7,35,13,22,32,13,19,3,1,2
53348301,160,94,66,156,92,64,6,4,2,13,7,6,1,0,1,4,2,2,128,63,65,69,33,36,1,0,1,6,0,6,18,9,9,34,21,13,4,1,3
53350501,48,26,22,42,23,19,0,0,0,3,1,2,0,0,0,6,3,3,64,24,40,33,11,22,0,0,0,1,0,1,9,4,5,21,9,12,0,0,0
53350502,99,55,44,94,52,42,4,3,1,12,7,5,0,0,0,5,3,2,103,52,51,43,22,21,0,0,0,7,0,7,22,14,8,31,16,15,4,3,1
53351301,63,32,31,61,31,30,0,0,0,6,1,5,0,0,0,2,1,1,64,29,35,25,10,15,1,1,0,1,0,1,8,6,2,29,12,17,1,1,0
53351302,129,70,59,124,67,57,3,0,3,11,6,5,1,0,1,5,3,2,120,53,67,44,18,26,0,0,0,9,0,9,27,15,12,40,20,20,1,1,0
53352101,183,96,87,180,95,85,10,6,4,21,13,8,3,0,3,3,1,2,171,85,86,79,34,45,0,0,0,9,0,9,23,12,11,60,39,21,0,0,0
53352102,189,103,86,177,99,78,5,0,5,20,14,6,0,0,0,12,4,8,186,87,99,66,30,36,0,0,0,7,0,7,35,18,17,78,39,39,3,2,1
53353001,421,232,189,386,213,173,16,8,8,35,19,16,7,0,7,35,19,16,366,152,214,177,67,110,1,1,0,13,0,13,60,23,37,115,61,54,21,14,7
53353002,282,161,121,275,158,117,16,8,8,24,12,12,0,0,0,7,3,4,223,94,129,81,30,51,0,0,0,16,0,16,45,22,23,81,42,39,2,2,0
53355601,162,92,70,151,86,65,4,2,2,20,13,7,6,1,5,11,6,5,130,54,76,63,24,39,0,0,0,5,0,5,30,13,17,32,17,15,2,2,0
3309730,0,0,0,0,0,0,0,0,0,0,0,0,0,0,0,0,0,0,0,0,0,0,0,0,0,0,0,0,0,0,0,0,0,0,0,0,0,0,0
53357201,478,293,185,459,284,175,11,3,8,35,16,19,3,0,3,19,9,10,356,146,210,162,64,98,0,0,0,22,0,22,69,37,32,103,45,58,7,4,3
53358101,33,18,15,28,16,12,0,0,0,5,1,4,0,0,0,5,2,3,27,14,13,12,6,6,0,0,0,0,0,0,5,4,1,10,4,6,0,0,0
53358102,50,28,22,46,27,19,1,1,0,3,1,2,0,0,0,4,1,3,40,18,22,22,10,12,0,0,0,0,0,0,6,2,4,12,6,6,0,0,0
53358103,819,449,370,774,425,349,26,10,16,66,35,31,8,0,8,45,24,21,761,339,422,301,126,175,2,1,1,42,1,41,146,77,69,270,134,136,33,14,19
53358104,68,37,31,58,32,26,3,2,1,6,2,4,0,0,0,10,5,5,68,38,30,14,8,6,1,0,1,2,0,2,20,9,11,31,21,10,6,4,2
53359901,358,194,164,343,187,156,12,6,6,45,24,21,4,0,4,15,7,8,293,129,164,140,52,88,0,0,0,11,3,8,51,25,26,91,49,42,3,2,1
53361101,256,137,119,244,130,114,10,5,5,13,7,6,7,0,7,12,7,5,212,109,103,59,30,29,0,0,0,14,1,13,55,30,25,84,48,36,10,9,1
53361102,86,43,43,84,43,41,4,2,2,6,1,5,0,0,0,2,0,2,57,26,31,18,9,9,1,0,1,1,0,1,18,8,10,19,9,10,1,0,1
53361103,146,78,68,142,78,64,5,3,2,5,3,2,2,0,2,4,0,4,116,49,67,32,11,21,0,0,0,8,0,8,30,18,12,46,20,26,0,0,0
53362901,24,12,12,22,11,11,1,0,1,3,2,1,0,0,0,2,1,1,14,6,8,5,3,2,0,0,0,0,0,0,3,0,3,6,3,3,1,0,1
53362902,620,332,288,587,317,270,24,13,11,39,22,17,7,0,7,33,15,18,524,245,279,226,95,131,1,0,1,25,0,25,96,51,45,176,99,77,9,6,3
53363701,222,120,102,213,115,98,11,6,5,20,11,9,3,0,3,9,5,4,168,70,98,64,28,36,0,0,0,10,0,10,34,20,14,60,22,38,3,1,2
53364501,241,133,108,226,126,100,9,6,3,28,16,12,3,0,3,15,7,8,223,92,131,112,47,65,0,0,0,14,0,14,48,22,26,49,23,26,1,0,1
53364502,20,11,9,19,11,8,0,0,0,0,0,0,0,0,0,1,0,1,28,13,15,16,7,9,0,0,0,1,0,1,4,3,1,7,3,4,0,0,0
53365301,238,138,100,233,135,98,13,11,2,31,18,13,0,0,0,5,3,2,234,102,132,119,44,75,0,0,0,13,1,12,32,18,14,70,39,31,2,2,0
53365302,27,14,13,26,14,12,1,1,0,2,1,1,0,0,0,1,0,1,29,11,18,14,6,8,0,0,0,2,0,2,5,3,2,8,2,6,0,0,0
53365303,15,9,6,14,9,5,0,0,0,3,3,0,0,0,0,1,0,1,15,5,10,7,1,6,0,0,0,1,0,1,3,2,1,4,2,2,1,0,1
53366101,52,29,23,47,25,22,1,0,1,6,3,3,0,0,0,5,4,1,30,14,16,6,3,3,0,0,0,4,0,4,12,7,5,8,4,4,1,0,1
53366102,271,147,124,261,143,118,5,3,2,29,17,12,4,0,4,10,4,6,248,112,136,95,40,55,1,1,0,8,0,8,57,28,29,87,43,44,6,5,1
53369601,103,57,46,99,55,44,2,0,2,12,7,5,0,0,0,4,2,2,114,50,64,45,18,27,0,0,0,7,0,7,24,12,12,38,20,18,2,1,1
53370001,480,281,199,457,265,192,14,5,9,33,17,16,3,0,3,23,16,7,475,209,266,234,98,136,1,1,0,25,0,25,85,44,41,130,66,64,17,11,6
53370002,335,182,153,319,173,146,10,6,4,21,7,14,3,0,3,16,9,7,336,139,197,159,70,89,0,0,0,20,0,20,63,29,34,94,40,54,0,0,0
53372601,68,41,27,65,39,26,6,3,3,8,4,4,0,0,0,3,2,1,59,28,31,38,15,23,0,0,0,1,0,1,5,3,2,15,10,5,1,0,1
53372602,29,15,14,28,14,14,3,0,3,0,0,0,1,0,1,1,1,0,36,15,21,19,6,13,0,0,0,2,0,2,5,3,2,10,6,4,1,0,1
53372603,166,91,75,160,89,71,5,2,3,10,6,4,1,0,1,6,2,4,144,55,89,75,34,41,0,0,0,3,0,3,18,3,15,48,18,30,6,4,2
53373401,63,32,31,60,31,29,3,0,3,6,4,2,0,0,0,3,1,2,48,14,34,20,6,14,1,0,1,1,0,1,6,2,4,20,6,14,0,0,0
53373402,234,141,93,222,135,87,6,3,3,15,12,3,0,0,0,12,6,6,210,95,115,86,37,49,1,1,0,15,0,15,38,23,15,70,34,36,3,1,2
53374201,66,32,34,64,31,33,5,1,4,13,6,7,1,0,1,2,1,1,269,87,182,225,65,160,1,1,0,3,0,3,10,3,7,30,18,12,1,0,1
53374202,116,61,55,110,59,51,10,4,6,7,1,6,1,0,1,6,2,4,98,34,64,48,17,31,0,0,0,7,0,7,20,10,10,23,7,16,2,1,1
53375101,35,18,17,35,18,17,1,1,0,4,0,4,1,0,1,0,0,0,28,8,20,9,3,6,0,0,0,4,0,4,10,3,7,5,2,3,0,0,0
53375102,16,10,6,15,9,6,0,0,0,2,1,1,1,0,1,1,1,0,6,1,5,2,0,2,0,0,0,0,0,0,2,1,1,2,0,2,0,0,0
53375103,51,27,24,50,26,24,1,0,1,7,4,3,0,0,0,1,1,0,47,25,22,13,4,9,0,0,0,3,0,3,17,12,5,14,9,5,0,0,0
53375104,200,101,99,195,99,96,9,3,6,9,6,3,0,0,0,5,2,3,190,81,109,82,36,46,0,0,0,10,0,10,31,17,14,67,28,39,6,4,2
53376901,512,274,238,491,266,225,16,5,11,52,25,27,0,0,0,21,8,13,454,210,244,218,88,130,3,3,0,16,0,16,69,39,30,148,80,68,4,2,2
53377701,344,197,147,328,188,140,9,2,7,23,15,8,6,0,6,16,9,7,240,100,140,79,28,51,1,0,1,15,1,14,63,28,35,82,43,39,6,3,3
53378501,198,103,95,189,100,89,9,4,5,14,6,8,5,0,5,9,3,6,171,83,88,50,22,28,0,0,0,9,0,9,50,23,27,62,38,24,1,0,1
53378502,385,211,174,368,208,160,9,3,6,34,24,10,3,0,3,17,3,14,342,143,199,112,43,69,2,0,2,20,0,20,72,36,36,136,64,72,9,6,3
53380702,106,56,50,101,53,48,7,1,6,5,2,3,0,0,0,5,3,2,79,39,40,39,17,22,0,0,0,3,0,3,15,8,7,22,14,8,0,0,0
53380703,18,10,8,18,10,8,0,0,0,1,1,0,0,0,0,0,0,0,5,2,3,1,0,1,0,0,0,0,0,0,0,0,0,4,2,2,0,0,0
53380704,832,468,364,784,441,343,25,11,14,73,43,30,1,0,1,48,27,21,803,316,487,384,150,234,2,2,0,42,0,42,134,65,69,241,99,142,22,16,6
53380705,121,72,49,114,68,46,6,2,4,5,5,0,0,0,0,7,4,3,104,43,61,41,15,26,0,0,0,9,0,9,20,11,9,34,17,17,0,0,0
53381501,66,37,29,60,35,25,7,5,2,8,3,5,0,0,0,6,2,4,77,36,41,52,23,29,0,0,0,2,0,2,7,4,3,16,9,7,1,1,0
53381502,109,57,52,102,53,49,4,1,3,18,9,9,1,0,1,7,4,3,89,39,50,53,23,30,0,0,0,4,0,4,11,7,4,21,9,12,2,2,0
53382301,120,68,52,117,67,50,2,1,1,13,2,11,2,0,2,3,1,2,118,48,70,48,21,27,0,0,0,6,0,6,24,10,14,40,17,23,1,1,0
53383101,1081,638,443,1046,621,425,33,13,20,82,47,35,5,0,5,35,17,18,900,391,509,426,154,272,3,1,2,45,1,44,150,74,76,276,161,115,20,14,6
53383102,133,76,57,130,75,55,4,1,3,9,5,4,0,0,0,3,1,2,104,49,55,31,14,17,0,0,0,5,0,5,26,14,12,42,21,21,0,0,0
53384001,1266,675,591,1219,653,566,47,19,28,111,50,61,13,0,13,47,22,25,1133,522,611,509,217,292,3,3,0,50,0,50,211,113,98,360,189,171,20,11,9
53385802,234,139,95,224,133,91,7,3,4,25,14,11,2,0,2,10,6,4,234,99,135,104,39,65,0,0,0,13,0,13,50,24,26,67,36,31,0,0,0
53385803,505,280,225,482,268,214,19,12,7,29,11,18,7,0,7,23,12,11,435,167,268,207,77,130,1,1,0,20,0,20,74,33,41,133,56,77,10,6,4
53386601,49,29,20,46,28,18,1,0,1,6,3,3,0,0,0,3,1,2,56,21,35,29,13,16,0,0,0,0,0,0,9,2,7,18,6,12,2,1,1
53386602,193,107,86,187,104,83,5,1,4,30,14,16,2,0,2,6,3,3,170,69,101,88,35,53,0,0,0,9,0,9,25,7,18,48,27,21,5,2,3
53386604,88,49,39,85,48,37,1,0,1,5,2,3,1,0,1,3,1,2,101,54,47,41,22,19,0,0,0,7,0,7,18,9,9,35,23,12,7,5,2
53386605,81,42,39,80,41,39,2,1,1,6,1,5,2,0,2,1,1,0,84,38,46,29,13,16,1,1,0,3,0,3,18,7,11,33,17,16,0,0,0
53386606,18,11,7,18,11,7,0,0,0,0,0,0,0,0,0,0,0,0,13,5,8,5,2,3,0,0,0,0,0,0,1,0,1,7,3,4,0,0,0
53386607,123,70,53,115,66,49,4,2,2,8,5,3,1,0,1,8,4,4,111,44,67,57,22,35,0,0,0,5,0,5,24,10,14,25,12,13,7,4,3
53388201,272,146,126,257,138,119,11,1,10,28,18,10,1,0,1,15,8,7,236,110,126,110,56,54,1,1,0,9,0,9,33,15,18,83,38,45,2,1,1
53389101,214,119,95,199,110,89,5,2,3,12,3,9,2,0,2,15,9,6,189,82,107,70,29,41,0,0,0,10,0,10,44,19,25,65,34,31,10,8,2
53392101,92,51,41,90,51,39,0,0,0,12,5,7,0,0,0,2,0,2,82,42,40,46,25,21,0,0,0,4,0,4,15,8,7,17,9,8,1,1,0
53392102,12,7,5,12,7,5,0,0,0,0,0,0,0,0,0,0,0,0,57,45,12,54,43,11,0,0,0,0,0,0,1,1,0,2,1,1,0,0,0
53392103,58,28,30,55,27,28,1,0,1,5,2,3,0,0,0,3,1,2,51,23,28,26,15,11,0,0,0,1,0,1,5,1,4,19,7,12,0,0,0
53392104,75,39,36,75,39,36,3,0,3,8,3,5,1,0,1,0,0,0,72,31,41,20,9,11,0,0,0,9,0,9,19,10,9,24,12,12,0,0,0
53392105,12,8,4,12,8,4,0,0,0,0,0,0,0,0,0,0,0,0,9,4,5,7,3,4,0,0,0,0,0,0,1,0,1,1,1,0,0,0,0
53392106,805,432,373,764,416,348,18,7,11,72,39,33,6,0,6,41,16,25,681,310,371,290,124,166,3,2,1,33,0,33,128,58,70,227,126,101,16,11,5
53394701,72,43,29,69,42,27,2,2,0,6,2,4,0,0,0,3,1,2,78,35,43,35,13,22,3,3,0,2,0,2,11,4,7,27,15,12,2,0,2
53394702,270,196,74,269,196,73,3,2,1,9,5,4,0,0,0,1,0,1,123,50,73,59,25,34,0,0,0,7,0,7,20,10,10,37,15,22,22,20,2
53394703,14,8,6,14,8,6,1,0,1,0,0,0,0,0,0,0,0,0,22,11,11,14,6,8,0,0,0,1,0,1,2,2,0,5,3,2,0,0,0
53394704,69,35,34,67,33,34,2,0,2,2,0,2,1,0,1,2,2,0,82,36,46,43,19,24,0,0,0,5,0,5,18,10,8,16,7,9,0,0,0
53394706,465,276,189,434,259,175,10,5,5,36,22,14,3,0,3,31,17,14,390,174,216,199,83,116,1,1,0,16,0,16,71,34,37,103,56,47,9,5,4
53394707,43,22,21,43,22,21,0,0,0,0,0,0,0,0,0,0,0,0,35,16,19,1,1,0,0,0,0,3,0,3,19,9,10,12,6,6,0,0,0
53499401,95,53,42,91,50,41,3,1,2,8,5,3,1,0,1,4,3,1,123,57,66,57,22,35,2,1,1,9,0,9,24,13,11,31,21,10,1,1,0
53764101,2112,1134,978,1986,1071,915,65,20,45,203,101,102,16,0,16,126,63,63,2029,891,1138,993,396,597,4,0,4,80,0,80,320,171,149,632,324,308,54,32,22
53764102,285,161,124,268,153,115,8,3,5,16,12,4,7,0,7,17,8,9,250,111,139,96,35,61,0,0,0,14,1,13,68,40,28,72,35,37,4,3,1
53767501,49,29,20,49,29,20,0,0,0,2,1,1,0,0,0,0,0,0,53,20,33,34,13,21,0,0,0,3,0,3,8,5,3,8,2,6,0,0,0
53767502,152,79,73,142,74,68,5,0,5,12,7,5,5,0,5,10,5,5,127,47,80,49,18,31,0,0,0,10,0,10,36,14,22,32,15,17,1,0,1
53767503,106,64,42,100,62,38,1,1,0,11,6,5,0,0,0,6,2,4,141,52,89,79,28,51,0,0,0,6,0,6,19,6,13,37,18,19,2,1,1
53770501,842,454,388,823,444,379,36,13,23,71,31,40,4,0,4,19,10,9,713,305,408,309,130,179,3,0,3,23,0,23,113,63,50,265,112,153,4,2,2
53774801,328,177,151,308,168,140,8,4,4,24,14,10,2,0,2,20,9,11,298,147,151,103,54,49,1,1,0,23,0,23,69,32,37,102,60,42,12,8,4
53788801,338,175,163,325,170,155,8,0,8,30,16,14,3,0,3,13,5,8,302,127,175,134,52,82,1,1,0,14,0,14,65,28,37,88,46,42,6,1,5
53803501,186,106,80,180,105,75,5,2,3,24,12,12,0,0,0,6,1,5,180,68,112,92,36,56,0,0,0,14,0,14,36,15,21,38,17,21,4,3,1
53803502,46,22,24,45,21,24,3,1,2,5,3,2,0,0,0,1,1,0,31,16,15,17,8,9,1,1,0,1,0,1,2,1,1,10,6,4,0,0,0
56468101,124,70,54,119,68,51,1,0,1,12,3,9,1,0,1,5,2,3,97,39,58,45,17,28,1,0,1,7,0,7,20,10,10,24,12,12,0,0,0
56468102,13,6,7,12,5,7,2,0,2,3,1,2,0,0,0,1,1,0,14,4,10,7,3,4,0,0,0,0,0,0,0,0,0,7,1,6,0,0,0
56470201,69,41,28,66,41,25,3,2,1,2,2,0,1,0,1,3,0,3,42,22,20,18,8,10,0,0,0,2,0,2,9,5,4,13,9,4,1,1,0
56480001,321,175,146,308,169,139,14,2,12,15,12,3,2,0,2,13,6,7,268,125,143,61,28,33,0,0,0,16,0,16,63,31,32,128,66,62,8,6,2
56482601,141,73,68,132,66,66,7,2,5,16,8,8,2,0,2,9,7,2,105,49,56,60,32,28,0,0,0,3,0,3,19,6,13,23,11,12,2,0,2
57163601,188,109,79,174,103,71,5,3,2,13,10,3,0,0,0,14,6,8,180,78,102,80,32,48,1,1,0,9,0,9,39,21,18,51,24,27,3,1,2
57168701,72,44,28,70,43,27,2,0,2,9,8,1,0,0,0,2,1,1,50,15,35,26,7,19,1,1,0,0,0,0,7,3,4,16,4,12,1,0,1
57171701,135,68,67,130,67,63,6,2,4,13,6,7,0,0,0,5,1,4,103,44,59,43,19,24,0,0,0,6,0,6,20,11,9,34,14,20,8,8,0
59930101,80,43,37,65,35,30,2,2,0,9,2,7,0,0,0,15,8,7,85,37,48,32,15,17,1,0,1,6,0,6,15,6,9,31,16,15,1,1,0
59945001,46,25,21,43,23,20,0,0,0,4,1,3,0,0,0,3,2,1,50,24,26,25,12,13,0,0,0,1,0,1,9,4,5,15,8,7,0,0,0
59947601,81,53,28,80,53,27,1,0,1,7,4,3,1,0,1,1,0,1,79,33,46,47,19,28,1,1,0,5,0,5,12,8,4,14,5,9,1,0,1
59948401,61,32,29,59,31,28,4,1,3,10,8,2,0,0,0,2,1,1,43,21,22,25,12,13,0,0,0,0,0,0,5,2,3,13,7,6,0,0,0
52662201,177,99,78,172,98,74,6,3,3,33,17,16,1,0,1,5,1,4,159,75,84,72,29,43,0,0,0,14,2,12,35,23,12,38,21,17,0,0,0
52819601,13,8,5,13,8,5,0,0,0,3,3,0,0,0,0,0,0,0,11,5,6,4,2,2,0,0,0,0,0,0,2,0,2,5,3,2,0,0,0
52819602,78,47,31,73,43,30,0,0,0,17,11,6,0,0,0,5,4,1,69,28,41,37,15,22,0,0,0,5,0,5,12,6,6,15,7,8,0,0,0
52819603,11,6,5,9,5,4,0,0,0,2,1,1,0,0,0,2,1,1,12,6,6,7,4,3,0,0,0,0,0,0,1,0,1,4,2,2,0,0,0
52819604,9,7,2,9,7,2,0,0,0,1,1,0,0,0,0,0,0,0,12,6,6,4,2,2,0,0,0,1,0,1,5,3,2,2,1,1,0,0,0
52952401,21,14,7,20,13,7,0,0,0,3,2,1,0,0,0,1,1,0,12,6,6,12,6,6,0,0,0,0,0,0,0,0,0,0,0,0,0,0,0
52955902,61,32,29,58,31,27,2,1,1,9,4,5,0,0,0,3,1,2,56,29,27,30,16,14,1,1,0,1,0,1,8,4,4,16,8,8,1,1,0
53083201,28,18,10,27,17,10,0,0,0,4,2,2,1,0,1,1,1,0,37,14,23,21,9,12,0,0,0,4,0,4,4,2,2,8,3,5,0,0,0
53083202,30,19,11,30,19,11,0,0,0,2,2,0,0,0,0,0,0,0,30,11,19,20,9,11,0,0,0,1,0,1,3,0,3,6,2,4,0,0,0
53085901,129,79,50,125,75,50,3,1,2,14,9,5,0,0,0,4,4,0,144,56,88,68,28,40,1,0,1,9,0,9,24,11,13,42,17,25,3,2,1
53087501,78,47,31,75,46,29,5,3,2,11,7,4,0,0,0,3,1,2,61,33,28,39,18,21,1,1,0,2,0,2,8,6,2,11,8,3,1,1,0
53093001,65,35,30,61,33,28,0,0,0,9,4,5,2,0,2,4,2,2,68,26,42,35,13,22,0,0,0,1,0,1,12,5,7,20,8,12,0,0,0
53095601,69,42,27,67,41,26,1,0,1,12,6,6,0,0,0,2,1,1,71,33,38,35,16,19,0,0,0,7,0,7,15,6,9,14,11,3,0,0,0
53096401,8,5,3,8,5,3,0,0,0,2,1,1,0,0,0,0,0,0,11,7,4,10,6,4,0,0,0,0,0,0,1,1,0,0,0,0,0,0,0
53097201,19,11,8,18,10,8,1,0,1,4,4,0,0,0,0,1,1,0,15,7,8,8,3,5,0,0,0,0,0,0,2,1,1,5,3,2,0,0,0
53097203,35,22,13,35,22,13,1,0,1,4,3,1,0,0,0,0,0,0,51,23,28,35,15,20,0,0,0,3,0,3,7,4,3,6,4,2,1,1,0
53098101,124,68,56,115,67,48,3,2,1,13,4,9,0,0,0,9,1,8,152,67,85,64,30,34,0,0,0,8,0,8,34,16,18,46,21,25,6,2,4
53099901,201,110,91,189,103,86,5,3,2,30,21,9,0,0,0,12,7,5,186,83,103,83,33,50,0,0,0,10,0,10,43,26,17,50,24,26,3,1,2
53101401,30,17,13,28,16,12,0,0,0,7,3,4,0,0,0,2,1,1,51,23,28,32,16,16,0,0,0,4,0,4,10,4,6,5,3,2,0,0,0
53106501,77,37,40,75,35,40,2,0,2,14,7,7,2,0,2,2,2,0,64,26,38,33,11,22,1,1,0,1,0,1,14,7,7,15,7,8,0,0,0
53111101,88,47,41,84,44,40,4,2,2,11,6,5,0,0,0,4,3,1,81,39,42,52,25,27,0,0,0,1,0,1,10,6,4,18,8,10,0,0,0
53119701,319,176,143,306,170,136,14,6,8,16,11,5,2,0,2,13,6,7,252,113,139,95,35,60,1,1,0,14,0,14,43,24,19,99,53,46,4,2,2
53119702,33,20,13,33,20,13,2,0,2,4,3,1,1,0,1,0,0,0,19,7,12,5,0,5,0,0,0,2,0,2,3,1,2,9,6,3,0,0,0
53126001,43,27,16,40,27,13,0,0,0,6,4,2,0,0,0,3,0,3,55,22,33,32,13,19,0,0,0,4,0,4,9,3,6,10,6,4,1,1,0
53127801,90,54,36,88,53,35,2,1,1,5,2,3,2,0,2,2,1,1,118,46,72,57,23,34,0,0,0,10,0,10,31,13,18,20,10,10,2,1,1
53128601,190,110,80,185,110,75,7,2,5,18,9,9,0,0,0,5,0,5,192,67,125,104,34,70,0,0,0,14,0,14,34,16,18,40,17,23,1,1,0
53134101,201,111,90,194,108,86,5,3,2,37,22,15,1,0,1,7,3,4,178,73,105,100,39,61,1,1,0,8,0,8,27,14,13,42,19,23,4,2,2
53135901,188,110,78,183,108,75,3,0,3,24,10,14,2,0,2,5,2,3,186,76,110,82,29,53,0,0,0,8,0,8,39,21,18,57,26,31,6,1,5
53136701,66,35,31,59,31,28,5,2,3,10,5,5,0,0,0,7,4,3,65,33,32,43,22,21,0,0,0,1,0,1,6,4,2,15,7,8,0,0,0
53138301,43,24,19,40,23,17,2,0,2,5,2,3,1,0,1,3,1,2,41,18,23,22,11,11,0,0,0,1,0,1,7,3,4,11,4,7,1,0,1
53139101,39,18,21,38,18,20,7,4,3,3,0,3,0,0,0,1,0,1,34,14,20,20,10,10,0,0,0,0,0,0,1,1,0,13,3,10,0,0,0
53140501,119,62,57,110,61,49,6,3,3,19,11,8,1,0,1,9,1,8,85,33,52,34,13,21,0,0,0,2,0,2,13,3,10,36,17,19,6,3,3
53141301,48,31,17,46,30,16,0,0,0,10,4,6,0,0,0,2,1,1,54,22,32,36,12,24,0,0,0,3,0,3,5,5,0,10,5,5,1,1,0
53142101,50,25,25,45,22,23,1,0,1,5,1,4,1,0,1,5,3,2,44,17,27,20,10,10,0,0,0,3,0,3,8,2,6,13,5,8,0,0,0
53143001,13,8,5,13,8,5,1,1,0,5,3,2,0,0,0,0,0,0,24,11,13,14,6,8,0,0,0,2,0,2,3,3,0,5,2,3,0,0,0
53143002,67,39,28,65,38,27,2,1,1,8,3,5,0,0,0,2,1,1,64,27,37,34,13,21,0,0,0,4,0,4,11,6,5,15,8,7,0,0,0
53143003,104,61,43,102,60,42,2,2,0,18,10,8,0,0,0,2,1,1,109,48,61,69,29,40,0,0,0,2,0,2,9,4,5,29,15,14,1,0,1
53148101,90,52,38,87,50,37,2,0,2,15,8,7,0,0,0,3,2,1,85,32,53,58,24,34,0,0,0,4,0,4,9,4,5,14,4,10,4,4,0
0778101,0,0,0,0,0,0,0,0,0,0,0,0,0,0,0,0,0,0,0,0,0,0,0,0,0,0,0,0,0,0,0,0,0,0,0,0,0,0,0
0778610,0,0,0,0,0,0,0,0,0,0,0,0,0,0,0,0,0,0,0,0,0,0,0,0,0,0,0,0,0,0,0,0,0,0,0,0,0,0,0
0779330,0,0,0,0,0,0,0,0,0,0,0,0,0,0,0,0,0,0,0,0,0,0,0,0,0,0,0,0,0,0,0,0,0,0,0,0,0,0,0
0779500,0,0,0,0,0,0,0,0,0,0,0,0,0,0,0,0,0,0,0,0,0,0,0,0,0,0,0,0,0,0,0,0,0,0,0,0,0,0,0
0780002,0,0,0,0,0,0,0,0,0,0,0,0,0,0,0,0,0,0,0,0,0,0,0,0,0,0,0,0,0,0,0,0,0,0,0,0,0,0,0
3072460,0,0,0,0,0,0,0,0,0,0,0,0,0,0,0,0,0,0,0,0,0,0,0,0,0,0,0,0,0,0,0,0,0,0,0,0,0,0,0
3072540,0,0,0,0,0,0,0,0,0,0,0,0,0,0,0,0,0,0,0,0,0,0,0,0,0,0,0,0,0,0,0,0,0,0,0,0,0,0,0
3210950,0,0,0,0,0,0,0,0,0,0,0,0,0,0,0,0,0,0,0,0,0,0,0,0,0,0,0,0,0,0,0,0,0,0,0,0,0,0,0
3228062,0,0,0,0,0,0,0,0,0,0,0,0,0,0,0,0,0,0,0,0,0,0,0,0,0,0,0,0,0,0,0,0,0,0,0,0,0,0,0
3228063,0,0,0,0,0,0,0,0,0,0,0,0,0,0,0,0,0,0,0,0,0,0,0,0,0,0,0,0,0,0,0,0,0,0,0,0,0,0,0
53395501,62,36,26,55,33,22,0,0,0,7,3,4,0,0,0,7,3,4,48,26,22,22,9,13,0,0,0,4,0,4,7,4,3,15,13,2,3,1,2
53395502,645,354,291,607,336,271,20,10,10,69,29,40,5,0,5,38,18,20,571,229,342,289,101,188,2,1,1,26,0,26,99,45,54,155,82,73,20,15,5
53395503,619,345,274,601,336,265,31,15,16,65,41,24,5,0,5,18,9,9,501,201,300,196,78,118,0,0,0,38,0,38,121,51,70,146,72,74,10,6,4
53395504,1155,597,558,1108,577,531,43,16,27,135,51,84,4,0,4,47,20,27,1151,438,713,633,231,402,5,2,3,58,0,58,176,85,91,279,120,159,31,24,7
53395506,178,86,92,168,80,88,11,4,7,20,5,15,0,0,0,10,6,4,130,49,81,42,15,27,0,0,0,9,0,9,16,6,10,63,28,35,1,1,0
53395507,13,8,5,11,7,4,0,0,0,1,1,0,0,0,0,2,1,1,15,7,8,13,6,7,1,1,0,0,0,0,1,0,1,0,0,0,3,3,0
53395508,126,73,53,119,72,47,6,3,3,16,12,4,0,0,0,7,1,6,94,38,56,36,14,22,0,0,0,4,0,4,13,5,8,41,19,22,1,0,1
53395510,693,367,326,674,360,314,25,10,15,98,47,51,2,0,2,19,7,12,694,311,383,378,149,229,3,2,1,33,0,33,105,63,42,175,97,78,6,4,2
53395511,887,486,401,861,475,386,44,20,24,139,72,67,6,0,6,26,11,15,837,341,496,466,176,290,4,2,2,30,0,30,110,54,56,227,109,118,6,3,3
53395512,10,3,7,9,3,6,0,0,0,1,1,0,0,0,0,1,0,1,10,7,3,2,1,1,0,0,0,0,0,0,3,2,1,5,4,1,2,2,0
53395514,12,8,4,10,7,3,1,1,0,1,1,0,0,0,0,2,1,1,12,6,6,8,5,3,0,0,0,0,0,0,0,0,0,4,1,3,0,0,0
53395515,372,204,168,365,200,165,19,10,9,39,22,17,3,0,3,7,4,3,254,119,135,118,52,66,1,1,0,15,0,15,43,23,20,77,43,34,2,1,1
53395516,23,18,5,23,18,5,0,0,0,0,0,0,0,0,0,0,0,0,1,1,0,0,0,0,1,1,0,0,0,0,0,0,0,0,0,0,1,1,0
53395519,92,48,44,88,47,41,5,1,4,3,0,3,1,0,1,4,1,3,95,43,52,50,26,24,0,0,0,4,0,4,16,5,11,25,12,13,0,0,0
53395520,20,11,9,20,11,9,1,0,1,4,0,4,0,0,0,0,0,0,32,17,15,23,13,10,0,0,0,0,0,0,4,1,3,5,3,2,0,0,0
53395522,67,41,26,57,36,21,1,0,1,2,2,0,0,0,0,10,5,5,92,38,54,41,19,22,0,0,0,8,0,8,25,10,15,18,9,9,5,2,3
53395523,540,296,244,514,285,229,22,9,13,60,33,27,2,0,2,26,11,15,483,198,285,259,102,157,0,0,0,19,0,19,63,31,32,142,65,77,2,2,0
53395526,90,50,40,81,47,34,1,0,1,5,1,4,1,0,1,9,3,6,20,13,7,4,1,3,0,0,0,0,0,0,9,6,3,7,6,1,3,2,1
53395527,435,241,194,426,238,188,16,11,5,50,23,27,4,0,4,9,3,6,349,152,197,165,68,97,1,1,0,11,0,11,54,26,28,118,57,61,1,0,1
53395528,14,7,7,14,7,7,3,0,3,0,0,0,0,0,0,0,0,0,14,7,7,3,1,2,0,0,0,0,0,0,1,1,0,10,5,5,0,0,0
53395529,551,302,249,533,290,243,29,12,17,53,27,26,4,0,4,18,12,6,438,187,251,190,80,110,0,0,0,23,0,23,77,33,44,148,74,74,2,1,1
53395530,342,193,149,319,185,134,15,5,10,41,26,15,1,0,1,23,8,15,392,187,205,226,107,119,1,1,0,16,0,16,53,28,25,96,51,45,3,2,1
53395531,393,207,186,380,202,178,20,10,10,25,10,15,4,0,4,13,5,8,237,106,131,98,38,60,3,2,1,5,0,5,49,19,30,82,47,35,2,0,2
53395532,763,449,314,691,410,281,23,9,14,74,34,40,4,0,4,72,39,33,564,274,290,196,89,107,3,2,1,26,1,25,167,84,83,172,98,74,119,91,28
53395533,1582,848,734,1506,815,691,51,21,30,210,102,108,9,0,9,76,33,43,1368,589,779,809,325,484,3,2,1,47,1,46,203,101,102,306,160,146,29,19,10
53395534,745,396,349,716,384,332,37,20,17,76,35,41,2,0,2,29,12,17,550,223,327,277,100,177,1,0,1,21,0,21,77,33,44,174,90,84,11,7,4
53395535,79,41,38,74,38,36,2,0,2,9,3,6,0,0,0,5,3,2,73,25,48,53,19,34,0,0,0,3,0,3,8,2,6,9,4,5,2,1,1
53395536,31,16,15,29,15,14,0,0,0,7,5,2,0,0,0,2,1,1,31,14,17,8,2,6,1,1,0,1,0,1,5,3,2,16,8,8,0,0,0
53395537,95,59,36,92,58,34,4,2,2,11,8,3,2,0,2,3,1,2,78,28,50,37,13,24,0,0,0,8,0,8,18,9,9,15,6,9,1,1,0
53395538,83,42,41,82,42,40,2,0,2,14,5,9,1,0,1,1,0,1,44,19,25,15,5,10,0,0,0,2,0,2,11,4,7,16,10,6,1,0,1
53397101,162,91,71,155,88,67,4,1,3,23,9,14,1,0,1,7,3,4,158,67,91,92,38,54,0,0,0,6,0,6,16,8,8,44,21,23,3,3,0
53397102,73,41,32,69,40,29,2,1,1,5,4,1,0,0,0,4,1,3,51,23,28,26,11,15,0,0,0,2,0,2,12,7,5,11,5,6,0,0,0
53397103,61,36,25,60,36,24,1,0,1,5,2,3,1,0,1,1,0,1,61,27,34,41,15,26,1,1,0,2,0,2,7,4,3,10,7,3,0,0,0
53398001,125,71,54,121,70,51,3,0,3,16,9,7,0,0,0,4,1,3,130,49,81,63,25,38,1,0,1,8,0,8,20,10,10,38,14,24,2,2,0
53398002,19,10,9,18,10,8,0,0,0,3,1,2,0,0,0,1,0,1,22,12,10,15,6,9,0,0,0,0,0,0,2,1,1,5,5,0,0,0,0
53398005,33,22,11,32,21,11,2,1,1,6,4,2,0,0,0,1,1,0,40,19,21,24,11,13,0,0,0,2,0,2,3,2,1,11,6,5,0,0,0
53398006,12,3,9,12,3,9,0,0,0,4,2,2,0,0,0,0,0,0,19,8,11,13,7,6,0,0,0,0,0,0,0,0,0,6,1,5,1,0,1
53398007,11,6,5,10,6,4,0,0,0,1,0,1,0,0,0,1,0,1,14,5,9,6,3,3,0,0,0,1,0,1,2,0,2,5,2,3,0,0,0
53399801,348,200,148,334,191,143,10,7,3,33,17,16,3,0,3,14,9,5,273,114,159,111,45,66,0,0,0,25,0,25,73,29,44,64,40,24,9,5,4
53399802,338,174,164,330,170,160,9,5,4,28,13,15,2,0,2,8,4,4,286,129,157,136,59,77,0,0,0,10,0,10,44,28,16,96,42,54,4,2,2
0183680,0,0,0,0,0,0,0,0,0,0,0,0,0,0,0,0,0,0,0,0,0,0,0,0,0,0,0,0,0,0,0,0,0,0,0,0,0,0,0
0183760,0,0,0,0,0,0,0,0,0,0,0,0,0,0,0,0,0,0,0,0,0,0,0,0,0,0,0,0,0,0,0,0,0,0,0,0,0,0,0
0184060,0,0,0,0,0,0,0,0,0,0,0,0,0,0,0,0,0,0,0,0,0,0,0,0,0,0,0,0,0,0,0,0,0,0,0,0,0,0,0
0184650,0,0,0,0,0,0,0,0,0,0,0,0,0,0,0,0,0,0,0,0,0,0,0,0,0,0,0,0,0,0,0,0,0,0,0,0,0,0,0
0184810,0,0,0,0,0,0,0,0,0,0,0,0,0,0,0,0,0,0,0,0,0,0,0,0,0,0,0,0,0,0,0,0,0,0,0,0,0,0,0
53400501,39,23,16,31,18,13,2,1,1,6,3,3,1,0,1,8,5,3,139,25,114,109,14,95,1,0,1,2,0,2,16,7,9,11,4,7,4,2,2
53400502,19,12,7,18,11,7,2,1,1,1,0,1,0,0,0,1,1,0,9,5,4,1,1,0,0,0,0,0,0,0,2,0,2,6,4,2,1,0,1
53400504,120,60,60,112,57,55,4,3,1,10,6,4,1,0,1,8,3,5,100,55,45,18,9,9,0,0,0,4,0,4,23,13,10,55,33,22,1,0,1
53400505,1185,617,568,1145,595,550,41,20,21,170,74,96,12,0,12,40,22,18,1093,455,638,544,201,343,3,3,0,42,0,42,181,88,93,323,163,160,16,7,9
53400506,1351,713,638,1274,676,598,52,22,30,167,78,89,10,0,10,77,37,40,1197,489,708,556,219,337,3,1,2,52,1,51,228,94,134,358,174,184,34,20,14
53400507,74,41,33,68,37,31,3,1,2,8,4,4,0,0,0,6,4,2,54,23,31,29,10,19,1,1,0,1,0,1,6,1,5,17,11,6,2,1,1
53400508,35,19,16,33,18,15,1,0,1,5,3,2,0,0,0,2,1,1,35,17,18,15,7,8,0,0,0,1,0,1,3,1,2,16,9,7,1,1,0
53400509,884,483,401,864,475,389,39,18,21,113,67,46,10,0,10,20,8,12,889,389,500,394,161,233,0,0,0,33,0,33,162,82,80,300,146,154,4,2,2
53400510,81,47,34,79,45,34,2,2,0,12,7,5,2,0,2,2,2,0,99,46,53,54,23,31,0,0,0,2,0,2,18,11,7,25,12,13,2,1,1
53400511,818,427,391,775,409,366,36,16,20,95,38,57,7,0,7,43,18,25,708,302,406,337,115,222,6,5,1,25,0,25,109,55,54,231,127,104,6,5,1
53400512,88,47,41,83,44,39,2,1,1,10,6,4,0,0,0,5,3,2,172,55,117,141,38,103,0,0,0,1,0,1,7,3,4,23,14,9,0,0,0
53400513,477,262,215,449,246,203,15,3,12,72,34,38,2,0,2,28,16,12,378,174,204,148,67,81,2,1,1,17,0,17,69,36,33,142,70,72,39,31,8
0202732,0,0,0,0,0,0,0,0,0,0,0,0,0,0,0,0,0,0,0,0,0,0,0,0,0,0,0,0,0,0,0,0,0,0,0,0,0,0,0
53401301,55,31,24,53,31,22,5,4,1,7,6,1,0,0,0,2,0,2,41,19,22,20,8,12,0,0,0,2,0,2,4,3,1,15,8,7,0,0,0
53401302,25,12,13,22,9,13,2,1,1,3,2,1,0,0,0,3,3,0,25,11,14,19,10,9,0,0,0,0,0,0,4,1,3,2,0,2,1,0,1
53401303,38,26,12,38,26,12,2,2,0,4,2,2,0,0,0,0,0,0,52,21,31,27,12,15,0,0,0,5,0,5,12,4,8,8,5,3,1,1,0
53401304,29,19,10,29,19,10,1,1,0,4,3,1,0,0,0,0,0,0,32,16,16,14,6,8,0,0,0,3,0,3,6,4,2,9,6,3,0,0,0
53401305,10,7,3,10,7,3,1,0,1,1,1,0,0,0,0,0,0,0,12,6,6,10,5,5,0,0,0,0,0,0,0,0,0,2,1,1,0,0,0
53401306,21,13,8,21,13,8,0,0,0,2,1,1,0,0,0,0,0,0,26,13,13,15,8,7,0,0,0,2,0,2,5,3,2,4,2,2,0,0,0
53401308,12,7,5,12,7,5,1,1,0,0,0,0,0,0,0,0,0,0,15,6,9,9,4,5,0,0,0,0,0,0,2,1,1,4,1,3,0,0,0
53402101,251,141,110,245,138,107,8,3,5,40,23,17,1,0,1,6,3,3,249,109,140,143,63,80,0,0,0,8,0,8,28,12,16,70,34,36,6,5,1
53402104,17,10,7,17,10,7,1,0,1,1,1,0,0,0,0,0,0,0,14,6,8,3,1,2,0,0,0,3,0,3,5,3,2,3,2,1,1,0,1
53402105,19,9,10,16,8,8,2,0,2,0,0,0,0,0,0,3,1,2,24,12,12,13,6,7,0,0,0,1,0,1,2,0,2,8,6,2,0,0,0
53402106,24,15,9,24,15,9,1,0,1,3,3,0,0,0,0,0,0,0,36,15,21,22,9,13,0,0,0,2,0,2,3,1,2,9,5,4,0,0,0
53403001,29,18,11,29,18,11,1,1,0,2,2,0,0,0,0,0,0,0,21,5,16,12,3,9,0,0,0,1,0,1,3,2,1,5,0,5,0,0,0
53403002,75,45,30,71,41,30,1,0,1,11,7,4,0,0,0,4,4,0,69,26,43,41,13,28,0,0,0,3,0,3,12,7,5,13,6,7,0,0,0
53403003,26,17,9,26,17,9,1,0,1,5,4,1,0,0,0,0,0,0,26,9,17,10,4,6,0,0,0,3,0,3,6,2,4,7,3,4,1,1,0
53403004,13,8,5,13,8,5,0,0,0,1,1,0,0,0,0,0,0,0,15,10,5,7,4,3,0,0,0,1,0,1,2,2,0,5,4,1,0,0,0
53403005,21,13,8,21,13,8,0,0,0,3,2,1,0,0,0,0,0,0,23,10,13,16,7,9,0,0,0,0,0,0,1,0,1,6,3,3,1,0,1
53403006,37,22,15,37,22,15,2,1,1,1,1,0,2,0,2,0,0,0,41,14,27,15,4,11,0,0,0,5,0,5,13,5,8,8,5,3,0,0,0
53403007,15,11,4,12,10,2,0,0,0,0,0,0,0,0,0,3,1,2,12,8,4,6,4,2,0,0,0,1,0,1,2,2,0,3,2,1,0,0,0
0420480,0,0,0,0,0,0,0,0,0,0,0,0,0,0,0,0,0,0,0,0,0,0,0,0,0,0,0,0,0,0,0,0,0,0,0,0,0,0,0
53405601,23,14,9,22,13,9,0,0,0,3,2,1,1,0,1,1,1,0,18,9,9,13,6,7,0,0,0,0,0,0,1,0,1,4,3,1,0,0,0
53405602,15,10,5,15,10,5,0,0,0,1,1,0,0,0,0,0,0,0,23,11,12,15,6,9,0,0,0,1,0,1,1,0,1,6,5,1,0,0,0
53405603,14,6,8,14,6,8,0,0,0,4,3,1,0,0,0,0,0,0,9,2,7,6,1,5,0,0,0,0,0,0,0,0,0,3,1,2,0,0,0
53405604,111,64,47,107,61,46,2,1,1,12,8,4,1,0,1,4,3,1,94,36,58,53,21,32,0,0,0,6,0,6,17,8,9,18,7,11,1,1,0
53405605,45,22,23,44,21,23,1,0,1,5,3,2,2,0,2,1,1,0,30,14,16,14,7,7,0,0,0,1,0,1,10,6,4,5,1,4,0,0,0
53406401,128,69,59,120,66,54,7,2,5,23,11,12,0,0,0,8,3,5,113,62,51,61,33,28,0,0,0,3,0,3,15,8,7,34,21,13,4,3,1
53408102,46,27,19,45,27,18,3,0,3,6,2,4,0,0,0,1,0,1,49,17,32,32,10,22,0,0,0,1,0,1,5,3,2,11,4,7,1,1,0
53408103,74,45,29,70,42,28,2,1,1,7,3,4,0,0,0,4,3,1,69,30,39,41,19,22,1,0,1,3,0,3,12,6,6,12,5,7,1,0,1
0724271,0,0,0,0,0,0,0,0,0,0,0,0,0,0,0,0,0,0,0,0,0,0,0,0,0,0,0,0,0,0,0,0,0,0,0,0,0,0,0
53409901,178,101,77,170,96,74,6,1,5,24,12,12,1,0,1,8,5,3,149,66,83,61,26,35,0,0,0,8,0,8,25,15,10,55,25,30,2,2,0
53409902,16,8,8,16,8,8,1,0,1,1,1,0,0,0,0,0,0,0,20,9,11,13,4,9,0,0,0,0,0,0,2,1,1,5,4,1,0,0,0
53409903,34,24,10,34,24,10,0,0,0,4,4,0,0,0,0,0,0,0,23,7,16,17,7,10,0,0,0,0,0,0,3,0,3,3,0,3,1,0,1
53409904,46,25,21,45,24,21,1,0,1,3,2,1,0,0,0,1,1,0,35,15,20,21,11,10,0,0,0,0,0,0,4,0,4,10,4,6,0,0,0
53409905,26,17,9,23,15,8,0,0,0,3,3,0,1,0,1,3,2,1,23,11,12,14,5,9,0,0,0,0,0,0,3,2,1,6,4,2,0,0,0
53409906,14,8,6,14,8,6,0,0,0,0,0,0,0,0,0,0,0,0,22,8,14,18,6,12,0,0,0,0,0,0,0,0,0,4,2,2,0,0,0
53409907,12,8,4,12,8,4,0,0,0,2,1,1,0,0,0,0,0,0,12,6,6,10,5,5,0,0,0,0,0,0,0,0,0,2,1,1,0,0,0
53409908,16,10,6,15,9,6,1,0,1,0,0,0,0,0,0,1,1,0,9,4,5,4,2,2,0,0,0,0,0,0,0,0,0,5,2,3,0,0,0
53409909,43,25,18,40,22,18,0,0,0,7,5,2,0,0,0,3,3,0,48,19,29,26,12,14,0,0,0,3,0,3,7,2,5,12,5,7,1,0,1
53410201,377,215,162,362,209,153,18,11,7,56,27,29,2,0,2,15,6,9,376,183,193,173,81,92,0,0,0,20,0,20,73,39,34,110,63,47,8,4,4
53412903,288,154,134,277,149,128,4,2,2,34,20,14,3,0,3,11,5,6,284,134,150,156,71,85,1,1,0,12,0,12,50,23,27,65,39,26,5,2,3
53412904,22,15,7,19,12,7,0,0,0,1,0,1,0,0,0,3,3,0,37,16,21,11,3,8,0,0,0,5,0,5,13,9,4,8,4,4,0,0,0
53412906,30,18,12,27,17,10,2,1,1,1,1,0,0,0,0,3,1,2,38,18,20,17,8,9,0,0,0,1,0,1,5,3,2,15,7,8,0,0,0
53412907,26,17,9,25,16,9,1,1,0,1,1,0,2,0,2,1,1,0,23,10,13,6,1,5,0,0,0,2,0,2,10,6,4,5,3,2,0,0,0
53412908,20,9,11,20,9,11,0,0,0,1,0,1,1,0,1,0,0,0,23,10,13,13,5,8,1,0,1,0,0,0,1,1,0,8,4,4,0,0,0
53413701,186,110,76,180,107,73,5,3,2,23,12,11,1,0,1,6,3,3,184,87,97,75,36,39,0,0,0,12,0,12,47,24,23,50,27,23,5,3,2
53413702,33,21,12,32,21,11,1,1,0,4,3,1,0,0,0,1,0,1,40,21,19,29,15,14,0,0,0,0,0,0,5,3,2,6,3,3,0,0,0
53413703,35,20,15,34,19,15,0,0,0,4,3,1,1,0,1,1,1,0,46,16,30,18,6,12,0,0,0,5,0,5,11,7,4,12,3,9,0,0,0
53413704,15,8,7,13,7,6,0,0,0,6,3,3,0,0,0,2,1,1,14,5,9,8,3,5,0,0,0,0,0,0,0,0,0,6,2,4,0,0,0
53415302,29,16,13,27,15,12,0,0,0,4,2,2,0,0,0,2,1,1,30,12,18,17,5,12,1,1,0,1,0,1,3,0,3,8,6,2,0,0,0
53415303,172,91,81,167,88,79,10,4,6,34,19,15,1,0,1,5,3,2,187,73,114,91,39,52,1,0,1,11,0,11,34,15,19,50,19,31,2,2,0
53416101,10,5,5,10,5,5,1,0,1,2,1,1,0,0,0,0,0,0,10,4,6,8,2,6,0,0,0,0,0,0,1,1,0,1,1,0,0,0,0
53416102,39,19,20,38,19,19,2,0,2,3,3,0,0,0,0,1,0,1,44,19,25,22,9,13,0,0,0,1,0,1,9,6,3,12,4,8,1,0,1
53416103,26,16,10,23,14,9,0,0,0,2,1,1,0,0,0,3,2,1,21,11,10,12,5,7,0,0,0,0,0,0,1,1,0,8,5,3,0,0,0
53416104,19,12,7,18,11,7,0,0,0,0,0,0,0,0,0,1,1,0,17,7,10,6,3,3,0,0,0,1,0,1,3,1,2,7,3,4,0,0,0
53416105,270,147,123,257,143,114,8,2,6,27,15,12,1,0,1,13,4,9,232,109,123,97,45,52,0,0,0,12,0,12,51,24,27,72,40,32,4,3,1
53417001,123,70,53,121,70,51,6,2,4,15,11,4,1,0,1,2,0,2,94,47,47,45,18,27,1,1,0,5,0,5,20,13,7,23,15,8,2,2,0
53418801,463,255,208,451,249,202,14,8,6,51,30,21,6,0,6,12,6,6,394,169,225,187,81,106,3,3,0,15,0,15,61,29,32,128,56,72,8,3,5
53418802,19,11,8,18,10,8,1,0,1,6,2,4,0,0,0,1,1,0,26,11,15,16,7,9,0,0,0,0,0,0,3,1,2,7,3,4,0,0,0
53418804,30,16,14,29,15,14,1,0,1,4,1,3,0,0,0,1,1,0,27,14,13,13,5,8,0,0,0,0,0,0,4,3,1,10,6,4,0,0,0
53418805,20,12,8,18,11,7,0,0,0,2,1,1,0,0,0,2,1,1,25,9,16,13,3,10,0,0,0,2,1,1,5,3,2,5,2,3,1,0,1
53419601,133,70,63,130,69,61,7,2,5,9,3,6,0,0,0,3,1,2,164,73,91,79,34,45,2,2,0,12,1,11,20,11,9,51,25,26,1,1,0
53419602,228,121,107,220,116,104,4,1,3,23,8,15,3,0,3,8,5,3,212,98,114,96,45,51,0,0,0,8,0,8,40,22,18,68,31,37,3,0,3
53419603,17,8,9,15,6,9,0,0,0,0,0,0,0,0,0,2,2,0,18,7,11,10,5,5,1,0,1,1,0,1,3,1,2,3,1,2,1,0,1
53419604,52,29,23,49,28,21,4,1,3,7,6,1,0,0,0,3,1,2,52,23,29,26,13,13,0,0,0,1,0,1,6,2,4,19,8,11,0,0,0
53420001,32,18,14,32,18,14,2,1,1,1,0,1,0,0,0,0,0,0,29,13,16,10,3,7,0,0,0,2,0,2,5,1,4,12,9,3,3,2,1
53420002,86,49,37,85,48,37,4,0,4,11,8,3,1,0,1,1,1,0,72,32,40,20,9,11,0,0,0,3,0,3,16,8,8,33,15,18,0,0,0
53420003,41,24,17,40,24,16,0,0,0,4,4,0,0,0,0,1,0,1,42,19,23,9,5,4,0,0,0,3,0,3,12,6,6,18,8,10,0,0,0
53420004,28,15,13,28,15,13,0,0,0,2,1,1,1,0,1,0,0,0,21,8,13,9,3,6,0,0,0,1,0,1,6,0,6,5,5,0,0,0,0
53420005,210,112,98,201,107,94,9,0,9,22,11,11,1,0,1,9,5,4,183,75,108,95,39,56,0,0,0,6,0,6,26,12,14,56,24,32,10,7,3
53420006,207,116,91,205,115,90,10,5,5,30,17,13,3,0,3,2,1,1,179,79,100,52,18,34,1,0,1,7,0,7,36,20,16,83,41,42,0,0,0
53422602,25,12,13,24,12,12,0,0,0,2,1,1,0,0,0,1,0,1,19,7,12,12,5,7,0,0,0,1,0,1,3,1,2,3,1,2,0,0,0
53422603,87,53,34,85,52,33,2,1,1,16,9,7,1,0,1,2,1,1,70,26,44,28,8,20,0,0,0,3,0,3,10,7,3,29,11,18,1,1,0
53424201,452,265,187,437,258,179,18,5,13,53,27,26,5,0,5,15,7,8,366,161,205,172,65,107,0,0,0,10,0,10,54,27,27,130,69,61,12,7,5
53424202,7,5,2,7,5,2,0,0,0,0,0,0,1,0,1,0,0,0,10,5,5,5,2,3,0,0,0,0,0,0,4,2,2,1,1,0,4,2,2
53425101,84,48,36,80,45,35,0,0,0,4,1,3,0,0,0,4,3,1,106,49,57,53,23,30,0,0,0,5,0,5,16,9,7,32,17,15,2,0,2
1113251,0,0,0,0,0,0,0,0,0,0,0,0,0,0,0,0,0,0,0,0,0,0,0,0,0,0,0,0,0,0,0,0,0,0,0,0,0,0,0
53427701,27,14,13,27,14,13,1,0,1,2,1,1,0,0,0,0,0,0,28,16,12,13,7,6,0,0,0,0,0,0,2,2,0,13,7,6,1,1,0
53427702,23,13,10,23,13,10,1,0,1,1,1,0,1,0,1,0,0,0,33,14,19,19,9,10,0,0,0,1,0,1,9,4,5,4,1,3,0,0,0
53427703,90,48,42,90,48,42,3,0,3,12,6,6,0,0,0,0,0,0,82,44,38,26,13,13,0,0,0,6,0,6,19,11,8,31,20,11,2,2,0
53427704,10,5,5,10,5,5,0,0,0,3,1,2,0,0,0,0,0,0,14,5,9,9,4,5,0,0,0,1,0,1,2,0,2,2,1,1,0,0,0
53429301,33,19,14,32,18,14,0,0,0,6,3,3,0,0,0,1,1,0,32,11,21,20,8,12,1,1,0,2,0,2,6,1,5,3,1,2,1,1,0
53429302,49,35,14,48,34,14,6,3,3,3,3,0,2,0,2,1,1,0,65,26,39,42,18,24,0,0,0,3,0,3,13,5,8,7,3,4,0,0,0
53430702,17,11,6,16,11,5,0,0,0,3,2,1,0,0,0,1,0,1,21,11,10,11,6,5,0,0,0,1,0,1,2,0,2,7,5,2,0,0,0
53430703,10,8,2,9,7,2,0,0,0,1,1,0,0,0,0,1,1,0,11,5,6,6,2,4,4,2,2,0,0,0,1,1,0,0,0,0,0,0,0
53430705,43,31,12,42,31,11,2,0,2,11,8,3,0,0,0,1,0,1,48,20,28,35,14,21,0,0,0,1,0,1,5,1,4,7,5,2,0,0,0
53431503,107,63,44,104,63,41,4,3,1,16,7,9,3,0,3,3,0,3,102,45,57,64,27,37,0,0,0,3,0,3,17,10,7,18,8,10,0,0,0
53431504,20,11,9,15,9,6,0,0,0,0,0,0,0,0,0,5,2,3,15,4,11,9,2,7,1,1,0,0,0,0,1,0,1,4,1,3,0,0,0
53431505,23,14,9,22,13,9,1,0,1,2,2,0,0,0,0,1,1,0,26,7,19,11,2,9,1,1,0,3,0,3,7,3,4,4,1,3,0,0,0
53432301,12,9,3,11,8,3,0,0,0,0,0,0,0,0,0,1,1,0,13,7,6,4,3,1,0,0,0,1,0,1,7,3,4,1,1,0,0,0,0
53432302,10,5,5,9,5,4,0,0,0,4,3,1,0,0,0,1,0,1,14,6,8,8,5,3,0,0,0,0,0,0,2,1,1,4,0,4,0,0,0
53432303,6,5,1,6,5,1,0,0,0,0,0,0,0,0,0,0,0,0,13,3,10,7,2,5,0,0,0,0,0,0,4,1,3,2,0,2,1,0,1
53432304,15,8,7,13,7,6,0,0,0,1,0,1,1,0,1,2,1,1,18,7,11,8,4,4,0,0,0,1,0,1,5,2,3,4,1,3,1,0,1
53432305,11,6,5,11,6,5,0,0,0,3,1,2,0,0,0,0,0,0,11,4,7,5,0,5,0,0,0,0,0,0,2,2,0,4,2,2,1,0,1
53432306,18,9,9,18,9,9,1,0,1,2,2,0,1,0,1,0,0,0,21,10,11,9,3,6,0,0,0,1,0,1,3,2,1,8,5,3,0,0,0
53433101,306,163,143,294,158,136,8,2,6,45,26,19,2,0,2,12,5,7,306,121,185,141,57,84,0,0,0,15,0,15,44,18,26,106,46,60,8,6,2
53434001,93,53,40,91,52,39,4,0,4,7,4,3,0,0,0,2,1,1,97,40,57,49,20,29,0,0,0,5,0,5,10,3,7,33,17,16,1,1,0
53434002,29,17,12,29,17,12,2,1,1,4,1,3,0,0,0,0,0,0,10,4,6,9,3,6,0,0,0,0,0,0,1,1,0,0,0,0,0,0,0
53434003,51,28,23,50,28,22,2,1,1,3,2,1,0,0,0,1,0,1,37,16,21,22,8,14,0,0,0,0,0,0,5,2,3,10,6,4,2,1,1
53434004,38,22,16,35,22,13,0,0,0,3,2,1,0,0,0,3,0,3,42,14,28,14,5,9,1,0,1,2,0,2,12,5,7,13,4,9,0,0,0
53435801,22,14,8,22,14,8,0,0,0,4,3,1,0,0,0,0,0,0,22,12,10,15,7,8,0,0,0,1,0,1,4,3,1,2,2,0,0,0,0
53435802,15,9,6,15,9,6,1,0,1,0,0,0,0,0,0,0,0,0,14,5,9,13,5,8,0,0,0,0,0,0,0,0,0,1,0,1,0,0,0
53435803,29,16,13,28,16,12,0,0,0,3,2,1,0,0,0,1,0,1,26,12,14,8,3,5,0,0,0,2,0,2,5,4,1,11,5,6,0,0,0
53435804,200,113,87,195,110,85,6,4,2,41,25,16,2,0,2,5,3,2,221,113,108,137,75,62,1,1,0,5,1,4,31,14,17,47,22,25,7,5,2
53436601,51,31,20,49,29,20,2,0,2,4,4,0,0,0,0,2,2,0,39,18,21,27,9,18,0,0,0,0,0,0,5,3,2,7,6,1,1,0,1
53436602,18,10,8,17,10,7,0,0,0,4,2,2,0,0,0,1,0,1,11,6,5,7,4,3,1,0,1,0,0,0,0,0,0,3,2,1,0,0,0
53436603,8,4,4,8,4,4,0,0,0,1,0,1,0,0,0,0,0,0,31,14,17,17,11,6,1,0,1,2,0,2,5,2,3,6,1,5,0,0,0
53436604,27,15,12,25,13,12,1,0,1,3,1,2,0,0,0,2,2,0,29,12,17,17,8,9,1,1,0,0,0,0,2,1,1,9,2,7,0,0,0
53437402,28,17,11,28,17,11,1,0,1,5,3,2,0,0,0,0,0,0,17,6,11,13,5,8,0,0,0,0,0,0,2,0,2,2,1,1,0,0,0
53437403,18,10,8,18,10,8,0,0,0,4,2,2,0,0,0,0,0,0,72,21,51,71,20,51,0,0,0,0,0,0,1,1,0,0,0,0,1,1,0
53437404,39,21,18,38,21,17,1,1,0,2,0,2,0,0,0,1,0,1,38,16,22,20,8,12,0,0,0,1,0,1,3,2,1,14,6,8,0,0,0
53437405,21,14,7,21,14,7,0,0,0,3,2,1,0,0,0,0,0,0,28,13,15,21,10,11,0,0,0,1,0,1,3,2,1,3,1,2,1,1,0
53439101,57,35,22,54,34,20,1,1,0,5,3,2,1,0,1,3,1,2,34,15,19,19,8,11,0,0,0,1,0,1,5,3,2,9,4,5,0,0,0
53439102,44,27,17,42,26,16,1,0,1,6,3,3,0,0,0,2,1,1,20,8,12,12,3,9,0,0,0,0,0,0,2,1,1,6,4,2,0,0,0
53441201,20,11,9,18,11,7,0,0,0,1,1,0,0,0,0,2,0,2,21,10,11,8,3,5,0,0,0,1,0,1,5,3,2,7,4,3,0,0,0
53441202,26,15,11,26,15,11,0,0,0,4,2,2,0,0,0,0,0,0,25,10,15,16,5,11,0,0,0,1,0,1,3,1,2,5,4,1,0,0,0
53441203,21,15,6,19,14,5,0,0,0,4,2,2,1,0,1,2,1,1,26,9,17,15,4,11,0,0,0,2,0,2,5,3,2,4,2,2,0,0,0
53441204,52,29,23,52,29,23,2,1,1,5,2,3,1,0,1,0,0,0,42,20,22,18,8,10,0,0,0,1,0,1,7,4,3,16,8,8,0,0,0
53441205,14,7,7,13,6,7,0,0,0,4,2,2,0,0,0,1,1,0,12,4,8,5,3,2,0,0,0,1,0,1,3,1,2,3,0,3,0,0,0
53443901,114,68,46,102,61,41,4,0,4,5,2,3,1,0,1,12,7,5,85,38,47,44,20,24,1,1,0,6,0,6,17,7,10,17,10,7,0,0,0
53443902,30,13,17,29,12,17,3,0,3,3,0,3,0,0,0,1,1,0,21,14,7,10,6,4,0,0,0,1,0,1,2,2,0,8,6,2,0,0,0
53443903,48,25,23,46,25,21,2,0,2,8,6,2,0,0,0,2,0,2,30,15,15,15,7,8,0,0,0,2,0,2,3,3,0,10,5,5,0,0,0
53443904,389,221,168,375,212,163,17,6,11,46,25,21,1,0,1,14,9,5,281,126,155,147,59,88,2,1,1,9,0,9,41,23,18,82,43,39,2,1,1
53443905,34,20,14,32,18,14,0,0,0,5,4,1,0,0,0,2,2,0,37,17,20,13,5,8,0,0,0,2,1,1,10,3,7,12,8,4,1,0,1
53448001,339,191,148,323,189,134,8,2,6,47,29,18,4,0,4,16,2,14,299,138,161,137,52,85,0,0,0,17,0,17,56,34,22,89,52,37,2,1,1
53449802,15,8,7,14,7,7,1,0,1,2,1,1,0,0,0,1,1,0,7,4,3,4,3,1,0,0,0,0,0,0,0,0,0,3,1,2,0,0,0
53449803,29,18,11,28,17,11,0,0,0,3,1,2,0,0,0,1,1,0,40,22,18,14,6,8,0,0,0,4,0,4,8,5,3,14,11,3,0,0,0
53449804,11,5,6,8,4,4,0,0,0,2,1,1,0,0,0,3,1,2,21,9,12,11,5,6,0,0,0,1,0,1,5,2,3,4,2,2,0,0,0
53449806,20,13,7,20,13,7,1,1,0,0,0,0,1,0,1,0,0,0,15,6,9,5,2,3,0,0,0,1,0,1,5,1,4,4,3,1,0,0,0
53449807,35,23,12,34,22,12,1,1,0,4,4,0,0,0,0,1,1,0,48,22,26,16,6,10,0,0,0,4,0,4,11,6,5,17,10,7,0,0,0
53449808,1434,803,631,1394,782,612,51,25,26,175,94,81,11,0,11,40,21,19,1379,579,800,768,277,491,0,0,0,52,0,52,173,99,74,386,203,183,17,12,5
53450101,35,19,16,33,18,15,0,0,0,5,2,3,1,0,1,2,1,1,34,14,20,14,7,7,0,0,0,2,0,2,11,3,8,7,4,3,0,0,0
53450103,49,28,21,48,27,21,0,0,0,4,2,2,0,0,0,1,1,0,45,17,28,28,12,16,0,0,0,1,0,1,3,1,2,13,4,9,0,0,0
53450104,53,28,25,52,28,24,1,0,1,9,5,4,0,0,0,1,0,1,47,25,22,27,13,14,1,1,0,1,0,1,7,4,3,11,7,4,0,0,0
53450106,31,16,15,29,16,13,0,0,0,3,2,1,0,0,0,2,0,2,19,7,12,14,6,8,0,0,0,0,0,0,0,0,0,5,1,4,1,1,0
53450107,99,52,47,95,51,44,1,1,0,10,6,4,1,0,1,4,1,3,81,44,37,39,17,22,0,0,0,4,0,4,12,9,3,26,18,8,1,0,1
1758113,0,0,0,0,0,0,0,0,0,0,0,0,0,0,0,0,0,0,0,0,0,0,0,0,0,0,0,0,0,0,0,0,0,0,0,0,0,0,0
53451001,16,7,9,14,7,7,1,1,0,5,2,3,0,0,0,2,0,2,17,10,7,11,6,5,0,0,0,0,0,0,1,1,0,5,3,2,0,0,0
53451002,45,28,17,41,25,16,0,0,0,3,1,2,0,0,0,4,3,1,51,25,26,33,17,16,1,0,1,2,0,2,6,4,2,9,4,5,0,0,0
53451003,14,7,7,13,7,6,0,0,0,1,1,0,0,0,0,1,0,1,28,16,12,21,12,9,0,0,0,1,0,1,2,2,0,4,2,2,0,0,0
53451004,67,41,26,64,39,25,3,2,1,7,4,3,0,0,0,3,2,1,41,21,20,13,6,7,0,0,0,2,0,2,10,6,4,16,9,7,0,0,0
53451005,61,31,30,56,28,28,1,1,0,4,1,3,0,0,0,5,3,2,46,22,24,18,9,9,0,0,0,4,0,4,14,8,6,10,5,5,0,0,0
53451006,59,33,26,59,33,26,3,1,2,5,2,3,0,0,0,0,0,0,61,26,35,32,14,18,0,0,0,2,0,2,8,3,5,19,9,10,1,1,0
53451007,33,18,15,32,17,15,1,0,1,4,3,1,0,0,0,1,1,0,43,23,20,24,12,12,0,0,0,1,0,1,3,2,1,15,9,6,0,0,0
53451008,59,35,24,54,32,22,3,0,3,10,5,5,0,0,0,5,3,2,64,22,42,24,7,17,0,0,0,3,0,3,17,7,10,20,8,12,4,2,2
53452801,171,95,76,163,92,71,6,2,4,19,11,8,2,0,2,8,3,5,148,61,87,56,21,35,0,0,0,8,0,8,35,19,16,49,21,28,0,0,0
53452802,88,51,37,85,49,36,5,2,3,5,1,4,3,0,3,3,2,1,97,46,51,46,21,25,0,0,0,4,0,4,12,7,5,35,18,17,2,0,2
53452803,44,20,24,44,20,24,5,2,3,8,3,5,0,0,0,0,0,0,41,20,21,18,9,9,0,0,0,0,0,0,9,5,4,14,6,8,0,0,0
53453601,16,9,7,16,9,7,0,0,0,2,2,0,0,0,0,0,0,0,17,9,8,12,5,7,0,0,0,0,0,0,1,1,0,4,3,1,1,0,1
53453602,27,15,12,26,14,12,0,0,0,5,4,1,0,0,0,1,1,0,15,7,8,2,1,1,0,0,0,0,0,0,4,2,2,9,4,5,0,0,0
53453604,23,11,12,23,11,12,0,0,0,5,3,2,1,0,1,0,0,0,33,14,19,17,8,9,0,0,0,2,0,2,7,4,3,7,2,5,0,0,0
53453605,23,13,10,22,13,9,1,0,1,0,0,0,0,0,0,1,0,1,29,10,19,13,4,9,0,0,0,3,0,3,5,2,3,8,4,4,0,0,0
53453606,35,19,16,34,19,15,2,1,1,4,3,1,0,0,0,1,0,1,48,21,27,25,10,15,0,0,0,2,0,2,7,3,4,14,8,6,1,1,0
53454401,74,39,35,71,38,33,6,0,6,6,3,3,1,0,1,3,1,2,90,45,45,47,23,24,0,0,0,5,0,5,9,4,5,29,18,11,1,1,0
53454402,44,23,21,41,22,19,2,1,1,7,3,4,1,0,1,3,1,2,49,24,25,28,14,14,0,0,0,0,0,0,5,1,4,16,9,7,1,0,1
53455201,18,11,7,17,11,6,2,0,2,2,1,1,0,0,0,1,0,1,12,6,6,3,1,2,0,0,0,2,0,2,5,4,1,2,1,1,1,0,1
53455202,103,54,49,96,50,46,2,1,1,11,5,6,0,0,0,7,4,3,109,50,59,53,22,31,0,0,0,7,0,7,18,7,11,31,21,10,1,1,0
53456102,20,10,10,17,9,8,1,0,1,4,1,3,0,0,0,3,1,2,20,9,11,17,8,9,1,1,0,0,0,0,0,0,0,2,0,2,0,0,0
53456103,31,16,15,31,16,15,2,0,2,3,0,3,0,0,0,0,0,0,41,22,19,20,11,9,0,0,0,4,0,4,8,6,2,9,5,4,0,0,0
53456105,14,8,6,14,8,6,0,0,0,4,3,1,0,0,0,0,0,0,18,8,10,10,6,4,1,1,0,1,0,1,3,0,3,3,1,2,2,1,1
53456106,118,64,54,117,64,53,6,4,2,14,5,9,1,0,1,1,0,1,121,52,69,64,28,36,1,1,0,7,0,7,18,8,10,31,15,16,4,1,3
53456107,9,6,3,9,6,3,1,1,0,3,2,1,0,0,0,0,0,0,12,5,7,9,4,5,0,0,0,0,0,0,0,0,0,3,1,2,0,0,0
53456108,17,10,7,15,8,7,0,0,0,1,0,1,0,0,0,2,2,0,13,7,6,10,6,4,0,0,0,0,0,0,0,0,0,3,1,2,0,0,0
53456109,14,7,7,14,7,7,0,0,0,3,1,2,0,0,0,0,0,0,19,9,10,12,6,6,0,0,0,0,0,0,2,1,1,5,2,3,0,0,0
53457901,83,49,34,78,47,31,3,1,2,15,12,3,1,0,1,5,2,3,64,23,41,36,13,23,0,0,0,3,0,3,10,3,7,15,7,8,1,1,0
53457902,29,17,12,27,16,11,0,0,0,5,1,4,0,0,0,2,1,1,40,23,17,29,17,12,1,1,0,3,0,3,5,3,2,2,2,0,0,0,0
53457903,202,115,87,194,110,84,10,4,6,23,12,11,3,0,3,8,5,3,186,86,100,89,38,51,0,0,0,8,0,8,31,18,13,58,30,28,3,2,1
53458701,419,245,174,395,236,159,12,9,3,63,34,29,2,1,1,24,9,15,396,158,238,211,75,136,0,0,0,12,0,12,55,23,32,118,60,58,7,4,3
53458702,16,8,8,12,7,5,1,1,0,3,2,1,0,0,0,4,1,3,19,8,11,15,7,8,0,0,0,0,0,0,0,0,0,4,1,3,0,0,0
53458703,168,90,78,164,88,76,3,0,3,21,7,14,2,0,2,4,2,2,137,53,84,66,23,43,0,0,0,7,0,7,26,13,13,38,17,21,1,1,0
53458704,735,414,321,699,399,300,35,14,21,107,56,51,3,0,3,36,15,21,649,287,362,322,130,192,1,0,1,27,1,26,104,46,58,195,110,85,19,10,9
53458705,47,31,16,46,31,15,1,0,1,8,3,5,0,0,0,1,0,1,23,10,13,11,2,9,0,0,0,0,0,0,7,4,3,5,4,1,1,0,1
53458706,64,34,30,62,32,30,0,0,0,7,4,3,1,0,1,2,2,0,77,38,39,42,21,21,0,0,0,3,1,2,12,8,4,20,8,12,3,2,1
53458707,30,21,9,29,20,9,0,0,0,4,3,1,0,0,0,1,1,0,34,15,19,26,12,14,0,0,0,1,0,1,2,1,1,5,2,3,0,0,0
53459501,54,26,28,51,25,26,0,0,0,1,0,1,0,0,0,3,1,2,58,24,34,38,14,24,0,0,0,0,0,0,4,1,3,16,9,7,1,0,1
53459502,370,211,159,357,206,151,12,5,7,34,19,15,2,0,2,13,5,8,345,160,185,151,64,87,2,2,0,16,0,16,57,40,17,119,54,65,7,5,2
53460902,25,12,13,21,10,11,1,0,1,3,1,2,0,0,0,4,2,2,23,13,10,12,7,5,1,1,0,1,0,1,4,2,2,5,3,2,0,0,0
53460903,22,14,8,22,14,8,1,0,1,4,3,1,0,0,0,0,0,0,20,9,11,5,3,2,0,0,0,2,0,2,10,5,5,3,1,2,0,0,0
53460904,36,25,11,36,25,11,0,0,0,6,5,1,0,0,0,0,0,0,27,10,17,13,5,8,0,0,0,2,0,2,5,1,4,7,4,3,0,0,0
53460905,45,22,23,43,22,21,1,0,1,7,3,4,0,0,0,2,0,2,41,22,19,24,13,11,0,0,0,1,0,1,4,3,1,12,6,6,0,0,0
53460906,124,69,55,121,68,53,3,2,1,11,10,1,0,0,0,3,1,2,115,59,56,46,18,28,0,0,0,7,0,7,18,13,5,44,28,16,3,3,0
53461702,31,19,12,28,17,11,0,0,0,1,1,0,0,0,0,3,2,1,26,9,17,14,3,11,1,1,0,1,0,1,3,2,1,7,3,4,0,0,0
53461703,11,7,4,11,7,4,0,0,0,1,1,0,1,0,1,0,0,0,20,8,12,15,6,9,0,0,0,0,0,0,3,1,2,2,1,1,0,0,0
53461704,30,18,12,30,18,12,1,0,1,2,1,1,0,0,0,0,0,0,32,13,19,20,7,13,0,0,0,1,0,1,1,1,0,10,5,5,0,0,0
53461705,20,11,9,17,10,7,0,0,0,5,3,2,0,0,0,3,1,2,19,10,9,15,7,8,0,0,0,0,0,0,0,0,0,4,3,1,0,0,0
53461707,19,11,8,19,11,8,0,0,0,4,2,2,1,0,1,0,0,0,13,3,10,3,0,3,0,0,0,1,0,1,4,1,3,5,2,3,0,0,0
53461709,18,12,6,18,12,6,0,0,0,4,4,0,0,0,0,0,0,0,18,6,12,13,4,9,0,0,0,0,0,0,0,0,0,5,2,3,0,0,0
53461710,19,10,9,18,10,8,1,0,1,4,2,2,0,0,0,1,0,1,19,8,11,10,5,5,0,0,0,1,0,1,5,1,4,3,2,1,0,0,0
53461712,10,5,5,10,5,5,0,0,0,0,0,0,0,0,0,0,0,0,12,4,8,8,3,5,0,0,0,0,0,0,0,0,0,4,1,3,0,0,0
53461713,12,7,5,12,7,5,0,0,0,2,2,0,0,0,0,0,0,0,18,8,10,14,7,7,0,0,0,0,0,0,1,0,1,3,1,2,0,0,0
53461714,550,308,242,522,290,232,15,6,9,86,50,36,2,0,2,28,18,10,439,199,240,222,95,127,1,0,1,17,0,17,75,35,40,124,69,55,13,7,6
53461715,11,6,5,11,6,5,0,0,0,1,0,1,0,0,0,0,0,0,19,8,11,9,4,5,0,0,0,0,0,0,0,0,0,10,4,6,0,0,0
1920742,0,0,0,0,0,0,0,0,0,0,0,0,0,0,0,0,0,0,0,0,0,0,0,0,0,0,0,0,0,0,0,0,0,0,0,0,0,0,0
53462501,27,15,12,26,15,11,0,0,0,3,2,1,0,0,0,1,0,1,36,14,22,18,8,10,0,0,0,0,0,0,3,0,3,15,6,9,0,0,0
53462502,16,9,7,16,9,7,1,0,1,2,1,1,0,0,0,0,0,0,9,5,4,4,2,2,0,0,0,0,0,0,1,1,0,4,2,2,0,0,0
53462503,21,14,7,21,14,7,0,0,0,4,2,2,0,0,0,0,0,0,23,9,14,14,6,8,0,0,0,1,0,1,2,1,1,6,2,4,0,0,0
53462504,21,12,9,21,12,9,0,0,0,7,5,2,0,0,0,0,0,0,20,9,11,12,5,7,0,0,0,1,0,1,2,1,1,5,3,2,0,0,0
53462505,38,23,15,35,21,14,0,0,0,6,2,4,0,0,0,3,2,1,65,32,33,45,20,25,0,0,0,1,0,1,7,3,4,12,9,3,2,2,0
53462506,12,8,4,12,8,4,0,0,0,2,1,1,0,0,0,0,0,0,15,6,9,11,3,8,0,0,0,0,0,0,2,2,0,2,1,1,0,0,0
53462507,36,19,17,35,18,17,3,1,2,3,1,2,0,0,0,1,1,0,33,16,17,20,8,12,0,0,0,1,0,1,3,3,0,9,5,4,0,0,0
53462508,115,64,51,109,61,48,8,1,7,18,14,4,0,0,0,6,3,3,109,50,59,64,33,31,0,0,0,6,0,6,19,8,11,20,9,11,2,1,1
3072890,0,0,0,0,0,0,0,0,0,0,0,0,0,0,0,0,0,0,0,0,0,0,0,0,0,0,0,0,0,0,0,0,0,0,0,0,0,0,0
3072970,0,0,0,0,0,0,0,0,0,0,0,0,0,0,0,0,0,0,0,0,0,0,0,0,0,0,0,0,0,0,0,0,0,0,0,0,0,0,0
3073010,0,0,0,0,0,0,0,0,0,0,0,0,0,0,0,0,0,0,0,0,0,0,0,0,0,0,0,0,0,0,0,0,0,0,0,0,0,0,0
53463301,27,17,10,27,17,10,0,0,0,4,2,2,0,0,0,0,0,0,40,17,23,29,12,17,0,0,0,1,0,1,3,2,1,7,3,4,1,0,1
53463302,29,20,9,29,20,9,2,1,1,7,5,2,0,0,0,0,0,0,30,15,15,20,8,12,0,0,0,1,0,1,3,2,1,6,5,1,0,0,0
53463303,52,30,22,47,28,19,3,2,1,3,2,1,0,0,0,5,2,3,45,19,26,32,12,20,0,0,0,2,0,2,4,2,2,7,5,2,0,0,0
53463305,395,233,162,374,224,150,14,5,9,35,19,16,2,0,2,21,9,12,396,171,225,226,97,129,0,0,0,19,0,19,61,26,35,90,48,42,23,19,4
53463306,104,59,45,97,57,40,2,1,1,18,11,7,1,0,1,7,2,5,151,66,85,113,46,67,0,0,0,3,0,3,15,9,6,20,11,9,1,0,1
53463307,1630,883,747,1577,857,720,48,18,30,160,71,89,15,0,15,53,26,27,1664,676,988,943,347,596,3,1,2,65,2,63,231,124,107,422,202,220,28,12,16
53464101,136,73,63,125,66,59,2,0,2,13,7,6,5,0,5,11,7,4,133,55,78,66,29,37,3,2,1,5,0,5,28,13,15,31,11,20,4,2,2
53464102,56,34,22,50,32,18,1,0,1,6,5,1,1,0,1,6,2,4,40,16,24,16,5,11,0,0,0,1,1,0,7,3,4,16,7,9,0,0,0
53465001,40,23,17,38,22,16,2,1,1,3,1,2,0,0,0,2,1,1,43,18,25,27,12,15,0,0,0,2,0,2,6,3,3,8,3,5,0,0,0
53465002,411,217,194,400,214,186,16,8,8,46,27,19,6,0,6,11,3,8,340,161,179,128,57,71,1,0,1,21,0,21,82,41,41,108,63,45,4,3,1
53466801,30,16,14,25,14,11,0,0,0,2,2,0,0,0,0,5,2,3,38,14,24,26,13,13,0,0,0,1,0,1,3,0,3,8,1,7,0,0,0
53466802,26,12,14,25,11,14,0,0,0,5,1,4,0,0,0,1,1,0,25,14,11,7,4,3,0,0,0,0,0,0,5,1,4,13,9,4,0,0,0
53466803,23,13,10,23,13,10,0,0,0,3,3,0,0,0,0,0,0,0,46,21,25,28,11,17,0,0,0,1,0,1,9,5,4,8,5,3,0,0,0
53466804,545,312,233,521,301,220,16,8,8,77,50,27,5,0,5,24,11,13,591,268,323,301,130,171,4,3,1,34,0,34,121,52,69,131,83,48,17,11,6
55146501,28,17,11,27,16,11,0,0,0,2,2,0,0,0,0,1,1,0,33,11,22,12,4,8,1,0,1,1,0,1,3,1,2,16,6,10,0,0,0
57174101,79,45,34,78,45,33,3,1,2,6,3,3,0,0,0,1,0,1,60,30,30,33,16,17,0,0,0,4,0,4,11,6,5,12,8,4,0,0,0
52957503,21,13,8,18,12,6,0,0,0,2,2,0,0,0,0,3,1,2,22,9,13,8,2,6,0,0,0,2,0,2,7,5,2,5,2,3,0,0,0
52957504,27,18,9,25,16,9,2,1,1,6,4,2,0,0,0,2,2,0,18,6,12,10,3,7,0,0,0,1,0,1,1,1,0,6,2,4,0,0,0
52957505,42,27,15,37,25,12,1,1,0,4,2,2,1,0,1,5,2,3,34,15,19,11,6,5,0,0,0,1,0,1,8,3,5,14,6,8,1,1,0
52958301,72,47,25,67,42,25,2,0,2,5,4,1,0,0,0,5,5,0,63,29,34,35,14,21,0,0,0,1,0,1,10,7,3,17,8,9,1,1,0
53149901,159,90,69,154,86,68,5,2,3,12,6,6,2,0,2,5,4,1,140,66,74,63,24,39,1,0,1,6,0,6,19,8,11,51,34,17,3,3,0
53150201,248,135,113,232,130,102,9,2,7,25,12,13,3,0,3,16,5,11,213,84,129,97,32,65,0,0,0,12,0,12,40,19,21,64,33,31,9,8,1
53151101,24,12,12,24,12,12,0,0,0,3,1,2,0,0,0,0,0,0,18,10,8,11,5,6,0,0,0,0,0,0,2,1,1,5,4,1,3,1,2
53151102,121,65,56,119,65,54,9,3,6,6,4,2,0,0,0,2,0,2,92,41,51,10,2,8,1,0,1,4,0,4,26,11,15,51,28,23,2,1,1
53151103,222,126,96,212,120,92,8,2,6,17,12,5,2,0,2,10,6,4,165,66,99,35,6,29,0,0,0,9,0,9,34,21,13,87,39,48,4,4,0
53156101,111,65,46,110,65,45,2,1,1,9,6,3,1,0,1,1,0,1,86,39,47,29,12,17,1,1,0,10,0,10,22,12,10,24,14,10,0,0,0
53156102,61,31,30,56,27,29,4,0,4,5,1,4,0,0,0,5,4,1,48,20,28,21,12,9,0,0,0,4,0,4,12,4,8,11,4,7,0,0,0
53156103,285,166,119,270,161,109,6,3,3,13,6,7,1,0,1,15,5,10,210,90,120,70,27,43,0,0,0,10,0,10,41,17,24,89,46,43,6,4,2
0277232,0,0,0,0,0,0,0,0,0,0,0,0,0,0,0,0,0,0,0,0,0,0,0,0,0,0,0,0,0,0,0,0,0,0,0,0,0,0,0
53157001,17,9,8,16,9,7,1,0,1,0,0,0,0,0,0,1,0,1,22,11,11,15,6,9,0,0,0,0,0,0,0,0,0,7,5,2,0,0,0
53157002,48,28,20,46,27,19,3,2,1,6,3,3,0,0,0,2,1,1,41,20,21,20,8,12,0,0,0,1,0,1,8,4,4,12,8,4,3,1,2
53157003,25,15,10,25,15,10,0,0,0,3,1,2,0,0,0,0,0,0,24,13,11,18,9,9,1,1,0,0,0,0,0,0,0,5,3,2,1,1,0
53165101,40,25,15,34,21,13,1,0,1,4,4,0,1,0,1,6,4,2,46,24,22,28,13,15,0,0,0,1,0,1,8,3,5,9,8,1,0,0,0
53167701,88,55,33,84,53,31,6,4,2,10,6,4,1,0,1,4,2,2,70,25,45,23,6,17,0,0,0,6,0,6,15,9,6,26,10,16,4,3,1
1048171,0,0,0,0,0,0,0,0,0,0,0,0,0,0,0,0,0,0,0,0,0,0,0,0,0,0,0,0,0,0,0,0,0,0,0,0,0,0,0
53170701,34,15,19,32,15,17,0,0,0,5,3,2,0,0,0,2,0,2,28,14,14,17,8,9,0,0,0,0,0,0,2,2,0,9,4,5,0,0,0
53170702,64,42,22,58,39,19,0,0,0,7,6,1,0,0,0,6,3,3,70,25,45,41,14,27,0,0,0,3,0,3,10,4,6,16,7,9,1,0,1
53173101,10,7,3,9,7,2,0,0,0,1,1,0,0,0,0,1,0,1,12,6,6,6,3,3,0,0,0,0,0,0,3,1,2,3,2,1,0,0,0
53173102,81,52,29,72,49,23,3,2,1,8,5,3,0,0,0,9,3,6,98,44,54,45,17,28,0,0,0,8,0,8,25,12,13,20,15,5,5,4,1
53177401,67,36,31,60,33,27,1,0,1,4,1,3,1,0,1,7,3,4,56,23,33,21,7,14,1,0,1,2,0,2,12,6,6,20,10,10,2,1,1
53177402,9,5,4,8,5,3,0,0,0,0,0,0,0,0,0,1,0,1,11,6,5,9,4,5,0,0,0,0,0,0,0,0,0,2,2,0,0,0,0
53186301,174,97,77,168,94,74,5,4,1,17,9,8,1,0,1,6,3,3,133,54,79,51,17,34,0,0,0,9,0,9,34,15,19,39,22,17,1,1,0
53187101,161,89,72,156,86,70,3,1,2,18,9,9,0,0,0,5,3,2,108,55,53,42,18,24,0,0,0,5,0,5,20,12,8,41,25,16,0,0,0
53189801,24,13,11,23,13,10,0,0,0,1,1,0,0,0,0,1,0,1,20,11,9,4,3,1,0,0,0,2,0,2,4,2,2,10,6,4,0,0,0
53189802,98,50,48,97,50,47,2,0,2,12,4,8,2,0,2,1,0,1,94,42,52,43,17,26,0,0,0,5,0,5,17,12,5,29,13,16,1,1,0
53189803,13,8,5,13,8,5,0,0,0,2,1,1,0,0,0,0,0,0,9,3,6,6,2,4,0,0,0,1,0,1,1,1,0,1,0,1,0,0,0
53189804,34,18,16,33,17,16,4,3,1,4,1,3,0,0,0,1,1,0,30,12,18,19,10,9,0,0,0,1,0,1,1,1,0,9,1,8,0,0,0
53192801,159,93,66,153,89,64,1,1,0,12,8,4,0,0,0,6,4,2,139,60,79,73,28,45,0,0,0,10,1,9,26,16,10,30,15,15,7,4,3
53193601,68,39,29,65,36,29,2,1,1,5,4,1,0,0,0,3,3,0,95,43,52,78,36,42,0,0,0,2,0,2,5,3,2,10,4,6,1,1,0
53198701,56,32,24,54,31,23,1,0,1,8,3,5,0,0,0,2,1,1,40,17,23,16,6,10,0,0,0,2,0,2,12,6,6,10,5,5,0,0,0
53267301,313,177,136,291,170,121,7,2,5,22,12,10,3,0,3,22,7,15,239,106,133,102,41,61,0,0,0,15,0,15,52,26,26,70,39,31,10,4,6
0929750,0,0,0,0,0,0,0,0,0,0,0,0,0,0,0,0,0,0,0,0,0,0,0,0,0,0,0,0,0,0,0,0,0,0,0,0,0,0,0
3010270,0,0,0,0,0,0,0,0,0,0,0,0,0,0,0,0,0,0,0,0,0,0,0,0,0,0,0,0,0,0,0,0,0,0,0,0,0,0,0
53467601,1359,710,649,1298,683,615,60,26,34,182,79,103,9,0,9,61,27,34,1543,602,941,991,342,649,4,4,0,54,0,54,165,77,88,329,179,150,21,12,9
53467602,419,226,193,378,201,177,13,3,10,40,24,16,0,0,0,41,25,16,444,172,272,201,76,125,3,1,2,17,0,17,87,29,58,136,66,70,7,3,4
53467603,15,10,5,15,10,5,0,0,0,1,0,1,0,0,0,0,0,0,22,11,11,7,4,3,0,0,0,2,0,2,5,2,3,8,5,3,0,0,0
53467604,1044,560,484,1009,545,464,44,18,26,97,50,47,10,0,10,35,15,20,868,386,482,346,142,204,3,3,0,44,0,44,173,85,88,302,156,146,12,3,9
53467605,60,34,26,44,28,16,5,3,2,1,0,1,0,0,0,16,6,10,34,15,19,9,5,4,1,0,1,2,0,2,10,5,5,12,5,7,1,1,0
53467606,219,118,101,207,112,95,9,2,7,26,13,13,0,0,0,12,6,6,211,96,115,100,45,55,1,1,0,7,0,7,37,19,18,66,31,35,2,1,1
53467607,36,26,10,34,25,9,0,0,0,3,2,1,0,0,0,2,1,1,12,7,5,4,2,2,0,0,0,1,0,1,3,2,1,4,3,1,1,0,1
53467608,632,328,304,608,319,289,29,14,15,66,37,29,6,0,6,24,9,15,546,231,315,206,79,127,1,0,1,29,0,29,110,49,61,200,103,97,2,1,1
53467609,50,27,23,50,27,23,2,0,2,2,2,0,0,0,0,0,0,0,50,19,31,9,3,6,0,0,0,2,0,2,13,8,5,26,8,18,1,0,1
53467610,1150,605,545,1085,573,512,41,16,25,94,42,52,11,0,11,65,32,33,919,399,520,381,154,227,4,4,0,47,1,46,189,101,88,298,139,159,14,7,7
53467611,2283,1187,1096,2167,1138,1029,82,38,44,198,97,101,21,0,21,116,49,67,1824,763,1061,896,327,569,4,3,1,107,0,107,381,190,191,436,243,193,54,29,25
53467613,1415,743,672,1347,709,638,64,30,34,183,93,90,6,0,6,68,34,34,1256,524,732,691,270,421,4,2,2,51,0,51,197,96,101,313,156,157,33,22,11
53467614,524,316,208,466,276,190,16,4,12,46,25,21,5,0,5,58,40,18,344,177,167,119,54,65,3,2,1,14,0,14,101,60,41,107,61,46,85,65,20
53467615,102,58,44,99,56,43,5,4,1,10,4,6,1,0,1,3,2,1,157,58,99,97,29,68,0,0,0,6,0,6,26,13,13,28,16,12,1,1,0
53467616,107,55,52,106,55,51,9,5,4,12,9,3,2,0,2,1,0,1,85,39,46,20,6,14,1,1,0,3,0,3,22,11,11,39,21,18,0,0,0
53467617,223,121,102,219,118,101,9,3,6,15,7,8,3,0,3,4,3,1,184,86,98,78,38,40,1,0,1,7,0,7,33,12,21,65,36,29,4,3,1
53467618,421,241,180,402,232,170,17,7,10,35,20,15,3,0,3,19,9,10,408,178,230,161,65,96,0,0,0,32,1,31,81,37,44,134,75,59,4,2,2
53467619,225,138,87,204,123,81,10,7,3,11,4,7,2,0,2,21,15,6,155,74,81,57,25,32,1,1,0,6,0,6,33,17,16,58,31,27,0,0,0
53471401,223,124,99,215,119,96,5,3,2,9,4,5,7,0,7,8,5,3,150,79,71,52,23,29,1,1,0,8,0,8,39,27,12,50,28,22,6,5,1
53471402,56,35,21,55,34,21,3,2,1,3,1,2,1,0,1,1,1,0,59,27,32,14,6,8,0,0,0,6,0,6,15,8,7,24,13,11,1,1,0
53472201,743,404,339,704,383,321,21,6,15,55,32,23,3,0,3,39,21,18,591,268,323,235,97,138,0,0,0,29,0,29,107,53,54,220,118,102,20,11,9
53473101,45,30,15,45,30,15,1,1,0,3,2,1,0,0,0,0,0,0,28,14,14,14,6,8,0,0,0,2,0,2,4,3,1,8,5,3,0,0,0
53473102,614,337,277,578,320,258,25,12,13,49,27,22,6,0,6,36,17,19,521,249,272,204,90,114,0,0,0,25,0,25,104,52,52,188,107,81,13,7,6
53474901,361,195,166,350,191,159,8,2,6,30,17,13,4,0,4,11,4,7,298,144,154,125,51,74,0,0,0,16,0,16,70,45,25,87,48,39,10,6,4
53476501,611,339,272,584,325,259,25,9,16,42,22,20,5,0,5,27,14,13,470,220,250,191,82,109,0,0,0,21,0,21,96,53,43,162,85,77,18,8,10
53476502,33,19,14,33,19,14,1,0,1,6,4,2,0,0,0,0,0,0,22,10,12,14,5,9,0,0,0,0,0,0,1,1,0,7,4,3,0,0,0
53476503,176,96,80,161,90,71,8,4,4,12,5,7,1,0,1,15,6,9,170,76,94,62,33,29,0,0,0,8,0,8,49,21,28,51,22,29,5,1,4
53477301,250,140,110,241,137,104,6,1,5,13,6,7,1,0,1,9,3,6,211,101,110,79,34,45,1,1,0,12,0,12,45,27,18,74,39,35,4,1,3
3313330,0,0,0,0,0,0,0,0,0,0,0,0,0,0,0,0,0,0,0,0,0,0,0,0,0,0,0,0,0,0,0,0,0,0,0,0,0,0,0
53479001,532,284,248,517,280,237,20,7,13,38,21,17,3,0,3,15,4,11,513,243,270,260,119,141,3,2,1,19,0,19,74,36,38,157,86,71,13,9,4
53479003,68,38,30,65,37,28,3,2,1,5,3,2,0,0,0,3,1,2,51,22,29,17,6,11,0,0,0,3,0,3,9,6,3,22,10,12,2,1,1
53480301,163,85,78,154,80,74,7,3,4,6,1,5,3,0,3,9,5,4,145,61,84,76,35,41,0,0,0,5,0,5,29,11,18,35,15,20,3,1,2
53480302,257,145,112,249,141,108,8,3,5,17,9,8,6,0,6,8,4,4,169,78,91,57,24,33,0,0,0,5,0,5,45,21,24,62,33,29,5,2,3
53480303,23,13,10,23,13,10,2,0,2,1,1,0,0,0,0,0,0,0,22,11,11,7,2,5,0,0,0,2,0,2,4,3,1,9,6,3,0,0,0
53480304,42,25,17,36,22,14,3,2,1,3,2,1,0,0,0,6,3,3,39,12,27,20,8,12,0,0,0,3,0,3,10,3,7,6,1,5,0,0,0
53480305,14,8,6,12,7,5,1,0,1,0,0,0,0,0,0,2,1,1,7,1,6,2,1,1,0,0,0,1,0,1,2,0,2,2,0,2,0,0,0
53482001,258,149,109,249,146,103,5,3,2,24,14,10,2,0,2,9,3,6,198,83,115,87,31,56,0,0,0,10,0,10,38,20,18,63,32,31,6,5,1
53483802,136,80,56,130,76,54,0,0,0,13,6,7,1,0,1,6,4,2,130,52,78,51,18,33,0,0,0,14,0,14,32,16,16,33,18,15,5,5,0
53483803,135,78,57,127,75,52,0,0,0,8,6,2,0,0,0,8,3,5,110,47,63,48,20,28,0,0,0,7,0,7,21,9,12,34,18,16,1,0,1
53483804,19,9,10,19,9,10,2,0,2,2,1,1,0,0,0,0,0,0,17,9,8,9,4,5,0,0,0,1,0,1,3,1,2,4,4,0,0,0,0
53484601,305,172,133,287,163,124,12,7,5,28,16,12,2,0,2,18,9,9,234,106,128,98,35,63,3,3,0,13,0,13,32,14,18,88,54,34,0,0,0
0667533,0,0,0,0,0,0,0,0,0,0,0,0,0,0,0,0,0,0,0,0,0,0,0,0,0,0,0,0,0,0,0,0,0,0,0,0,0,0,0
53489701,67,35,32,64,34,30,4,0,4,1,1,0,0,0,0,3,1,2,42,15,27,11,5,6,0,0,0,4,0,4,12,5,7,15,5,10,0,0,0
53489702,168,95,73,164,93,71,5,2,3,8,4,4,2,0,2,4,2,2,123,59,64,28,9,19,0,0,0,6,0,6,29,14,15,60,36,24,1,0,1
53489704,125,75,50,118,71,47,5,4,1,7,5,2,2,0,2,7,4,3,77,35,42,31,13,18,0,0,0,4,0,4,19,10,9,23,12,11,6,4,2
53489705,106,60,46,102,60,42,2,1,1,13,7,6,1,0,1,4,0,4,94,50,44,42,25,17,0,0,0,7,0,7,21,11,10,24,14,10,0,0,0
53489706,82,41,41,74,37,37,2,1,1,4,1,3,0,0,0,8,4,4,71,24,47,16,4,12,0,0,0,3,0,3,15,8,7,37,12,25,4,2,2
53489707,101,52,49,98,50,48,4,2,2,2,0,2,1,0,1,3,2,1,76,33,43,26,9,17,1,1,0,4,0,4,12,9,3,33,14,19,1,1,0
53489708,132,68,64,124,64,60,3,1,2,8,2,6,0,0,0,8,4,4,88,38,50,24,11,13,1,0,1,6,0,6,25,10,15,32,17,15,0,0,0
53489709,139,75,64,136,75,61,12,7,5,9,6,3,3,0,3,3,0,3,124,55,69,34,14,20,0,0,0,10,1,9,30,17,13,50,23,27,2,2,0
53490101,34,17,17,33,16,17,0,0,0,4,3,1,2,0,2,1,1,0,24,8,16,13,3,10,0,0,0,0,0,0,7,4,3,4,1,3,1,0,1
53490102,14,7,7,14,7,7,0,0,0,1,1,0,0,0,0,0,0,0,22,12,10,14,6,8,0,0,0,1,0,1,3,2,1,4,4,0,0,0,0
53490104,24,15,9,24,15,9,1,0,1,4,2,2,0,0,0,0,0,0,31,13,18,20,8,12,0,0,0,2,0,2,3,1,2,6,4,2,0,0,0
53490106,104,52,52,97,47,50,2,0,2,14,5,9,1,0,1,7,5,2,81,39,42,30,15,15,0,0,0,5,0,5,20,12,8,26,12,14,2,2,0
53490107,20,11,9,18,11,7,0,0,0,2,1,1,0,0,0,2,0,2,23,12,11,12,8,4,0,0,0,1,0,1,4,2,2,6,2,4,0,0,0
53493501,298,164,134,283,160,123,11,4,7,30,18,12,2,0,2,15,4,11,237,108,129,92,41,51,0,0,0,12,0,12,43,21,22,90,46,44,3,1,2
53493503,52,30,22,48,29,19,0,0,0,3,2,1,2,0,2,4,1,3,28,17,11,15,9,6,1,1,0,0,0,0,4,4,0,8,3,5,1,1,0
53493504,2003,1073,930,1923,1040,883,78,41,37,142,70,72,17,0,17,80,33,47,1536,686,850,593,250,343,4,3,1,89,0,89,341,160,181,509,273,236,35,26,9
53493505,36,21,15,34,20,14,0,0,0,3,1,2,0,0,0,2,1,1,23,11,12,12,6,6,0,0,0,3,0,3,4,1,3,4,4,0,0,0,0
0728000,0,0,0,0,0,0,0,0,0,0,0,0,0,0,0,0,0,0,0,0,0,0,0,0,0,0,0,0,0,0,0,0,0,0,0,0,0,0,0
0728180,0,0,0,0,0,0,0,0,0,0,0,0,0,0,0,0,0,0,0,0,0,0,0,0,0,0,0,0,0,0,0,0,0,0,0,0,0,0,0
3073270,0,0,0,0,0,0,0,0,0,0,0,0,0,0,0,0,0,0,0,0,0,0,0,0,0,0,0,0,0,0,0,0,0,0,0,0,0,0,0
53495101,123,68,55,115,63,52,4,3,1,13,7,6,0,0,0,8,5,3,80,34,46,50,21,29,0,0,0,2,0,2,6,3,3,22,10,12,1,1,0
53495102,351,193,158,326,185,141,16,10,6,26,14,12,1,0,1,25,8,17,288,120,168,123,49,74,1,0,1,12,0,12,51,26,25,101,45,56,3,1,2
53495104,88,44,44,86,44,42,1,1,0,7,2,5,1,0,1,2,0,2,60,30,30,5,3,2,0,0,0,7,0,7,22,13,9,26,14,12,1,0,1
53495106,98,51,47,96,50,46,3,3,0,7,2,5,1,0,1,2,1,1,110,45,65,57,21,36,0,0,0,4,0,4,14,6,8,35,18,17,1,1,0
53495107,497,269,228,483,261,222,22,8,14,40,18,22,1,0,1,14,8,6,426,192,234,146,56,90,2,1,1,18,0,18,78,41,37,182,94,88,6,3,3
53495108,567,319,248,549,313,236,20,11,9,46,23,23,2,0,2,18,6,12,472,223,249,155,68,87,2,2,0,31,1,30,124,68,56,160,84,76,4,1,3
53495110,351,193,158,337,190,147,15,7,8,29,19,10,2,0,2,14,3,11,247,110,137,92,34,58,0,0,0,16,0,16,57,30,27,82,46,36,4,1,3
53495111,609,360,249,557,333,224,25,11,14,55,38,17,4,0,4,52,27,25,449,206,243,192,82,110,1,1,0,18,0,18,100,58,42,138,65,73,58,42,16
53495112,447,248,199,428,239,189,13,11,2,32,16,16,3,0,3,19,9,10,279,120,159,110,42,68,1,1,0,13,0,13,56,31,25,99,46,53,11,6,5
53495113,20,11,9,19,10,9,0,0,0,1,0,1,0,0,0,1,1,0,7,4,3,7,4,3,0,0,0,0,0,0,0,0,0,0,0,0,0,0,0
53495114,1323,711,612,1228,666,562,39,19,20,111,52,59,10,0,10,95,45,50,1031,430,601,460,167,293,5,3,2,43,3,40,188,91,97,335,166,169,31,13,18
53495115,97,50,47,93,49,44,6,2,4,10,6,4,1,0,1,4,1,3,84,28,56,38,12,26,0,0,0,6,0,6,16,6,10,24,10,14,2,1,1
53495116,55,31,24,55,31,24,3,1,2,1,1,0,0,0,0,0,0,0,54,21,33,1,0,1,0,0,0,3,0,3,14,5,9,36,16,20,0,0,0
53495117,1172,627,545,1105,592,513,45,22,23,144,77,67,8,0,8,67,35,32,993,406,587,535,196,339,0,0,0,41,0,41,165,87,78,252,123,129,27,14,13
53495118,10,6,4,9,6,3,0,0,0,2,2,0,0,0,0,1,0,1,9,3,6,5,2,3,0,0,0,1,0,1,2,0,2,1,1,0,1,0,1
53495119,821,461,360,787,446,341,34,20,14,82,35,47,8,0,8,34,15,19,639,245,394,379,137,242,2,0,2,27,0,27,98,45,53,133,63,70,14,5,9
53495120,141,91,50,125,80,45,2,1,1,2,2,0,1,0,1,16,11,5,32,17,15,12,7,5,0,0,0,2,0,2,8,3,5,10,7,3,11,10,1
53495121,219,134,85,205,128,77,5,1,4,5,4,1,0,0,0,14,6,8,110,54,56,33,20,13,0,0,0,6,0,6,22,8,14,49,26,23,1,1,0
53495122,67,36,31,65,35,30,1,0,1,8,4,4,0,0,0,2,1,1,58,30,28,25,11,14,0,0,0,2,0,2,6,4,2,25,15,10,0,0,0
53495125,957,524,433,890,488,402,31,16,15,86,38,48,2,0,2,67,36,31,697,296,401,349,141,208,1,1,0,32,1,31,103,44,59,212,109,103,20,14,6
53495126,1044,577,467,1001,559,442,37,21,16,110,52,58,6,1,5,43,18,25,932,395,537,510,191,319,2,2,0,44,1,43,149,84,65,227,117,110,20,8,12
53495128,1132,593,539,1074,566,508,43,16,27,91,49,42,11,0,11,58,27,31,895,368,527,468,176,292,1,1,0,47,1,46,168,87,81,211,103,108,18,8,10
53497801,351,201,150,341,195,146,9,5,4,28,17,11,3,0,3,10,6,4,317,144,173,147,67,80,0,0,0,14,0,14,63,28,35,93,49,44,7,2,5
53500101,80,46,34,76,43,33,2,1,1,6,3,3,1,0,1,4,3,1,64,31,33,22,9,13,0,0,0,3,0,3,13,9,4,26,13,13,0,0,0
53500102,498,276,222,467,259,208,28,11,17,48,17,31,1,0,1,31,17,14,401,177,224,176,70,106,1,1,0,13,0,13,65,34,31,146,72,74,7,4,3
53500103,28,15,13,25,12,13,0,0,0,4,3,1,0,0,0,3,3,0,17,7,10,7,2,5,0,0,0,2,0,2,5,2,3,3,3,0,0,0,0
53502801,43,25,18,42,24,18,1,0,1,2,0,2,1,0,1,1,1,0,32,14,18,7,4,3,0,0,0,5,0,5,9,5,4,11,5,6,1,1,0
53502802,727,401,326,681,378,303,16,5,11,66,39,27,6,0,6,46,23,23,605,253,352,305,112,193,1,1,0,30,0,30,101,52,49,168,88,80,15,10,5
0914212,0,0,0,0,0,0,0,0,0,0,0,0,0,0,0,0,0,0,0,0,0,0,0,0,0,0,0,0,0,0,0,0,0,0,0,0,0,0,0
53503601,171,91,80,167,89,78,6,2,4,17,10,7,2,0,2,4,2,2,119,46,73,23,9,14,0,0,0,9,0,9,38,14,24,49,23,26,1,0,1
53503602,166,92,74,162,89,73,4,0,4,10,3,7,1,0,1,4,3,1,174,81,93,64,30,34,2,1,1,12,1,11,39,18,21,57,31,26,11,6,5
53503603,256,141,115,242,130,112,14,7,7,25,16,9,1,0,1,14,11,3,191,67,124,80,32,48,0,0,0,13,0,13,38,15,23,60,20,40,2,2,0
53504401,301,172,129,283,162,121,4,1,3,21,15,6,2,0,2,18,10,8,283,129,154,116,51,65,5,5,0,12,0,12,66,27,39,84,46,38,9,6,3
53504402,70,42,28,67,40,27,2,1,1,1,0,1,0,0,0,3,2,1,64,28,36,25,10,15,0,0,0,6,0,6,12,7,5,21,11,10,0,0,0
53504403,132,70,62,120,64,56,6,1,5,14,9,5,1,1,0,12,6,6,141,64,77,79,35,44,0,0,0,6,0,6,26,13,13,30,16,14,1,0,1
53505201,608,324,284,584,318,266,14,8,6,52,26,26,3,0,3,24,6,18,598,243,355,335,122,213,4,3,1,23,0,23,101,54,47,135,64,71,15,9,6
53505202,21,12,9,21,12,9,2,1,1,1,0,1,0,0,0,0,0,0,33,13,20,13,7,6,0,0,0,0,0,0,7,1,6,13,5,8,0,0,0
53505206,72,37,35,69,35,34,3,1,2,9,7,2,2,0,2,3,2,1,63,27,36,33,12,21,0,0,0,0,0,0,11,8,3,19,7,12,2,1,1
53505207,22,13,9,21,12,9,1,0,1,0,0,0,0,0,0,1,1,0,17,6,11,8,3,5,0,0,0,1,0,1,4,2,2,4,1,3,0,0,0
53506101,222,119,103,209,113,96,5,2,3,16,7,9,1,0,1,13,6,7,182,81,101,100,42,58,1,1,0,6,0,6,25,13,12,50,25,25,3,2,1
53507901,104,57,47,100,56,44,4,2,2,11,4,7,0,0,0,4,1,3,99,34,65,49,18,31,1,1,0,6,0,6,19,7,12,24,8,16,1,0,1
53507902,31,20,11,30,20,10,0,0,0,3,3,0,0,0,0,1,0,1,13,7,6,4,2,2,0,0,0,1,0,1,2,1,1,6,4,2,0,0,0
53507903,184,98,86,177,94,83,8,4,4,6,3,3,3,0,3,7,4,3,161,69,92,13,7,6,0,0,0,15,0,15,64,27,37,69,35,34,4,2,2
53507904,267,146,121,258,143,115,11,5,6,14,7,7,5,1,4,9,3,6,227,98,129,47,21,26,1,1,0,20,0,20,77,35,42,82,41,41,2,0,2
53507905,18,9,9,18,9,9,0,0,0,2,1,1,0,0,0,0,0,0,19,9,10,8,4,4,0,0,0,2,0,2,2,1,1,7,4,3,0,0,0
53507906,534,289,245,510,280,230,18,12,6,45,20,25,2,1,1,24,9,15,438,195,243,167,72,95,2,1,1,18,0,18,76,36,40,175,86,89,9,6,3
53507907,35,23,12,32,23,9,1,1,0,2,2,0,0,0,0,3,0,3,15,9,6,10,5,5,0,0,0,0,0,0,2,1,1,3,3,0,0,0,0
3010510,0,0,0,0,0,0,0,0,0,0,0,0,0,0,0,0,0,0,0,0,0,0,0,0,0,0,0,0,0,0,0,0,0,0,0,0,0,0,0
53508701,193,113,80,189,110,79,2,1,1,9,4,5,1,0,1,4,3,1,104,43,61,31,13,18,0,0,0,8,0,8,34,17,17,31,13,18,1,0,1
53508702,230,117,113,216,110,106,7,3,4,17,8,9,3,0,3,14,7,7,149,67,82,61,27,34,0,0,0,6,0,6,30,12,18,52,28,24,3,1,2
53508703,432,233,199,417,224,193,17,6,11,40,19,21,1,0,1,15,9,6,380,169,211,142,63,79,0,0,0,18,0,18,70,37,33,150,69,81,1,1,0
53508705,342,186,156,331,182,149,8,1,7,25,15,10,5,0,5,11,4,7,276,131,145,122,51,71,4,3,1,8,0,8,45,17,28,97,60,37,2,1,1
53508706,579,288,291,511,255,256,17,6,11,41,15,26,6,0,6,68,33,35,486,191,295,231,71,160,0,0,0,29,0,29,91,44,47,135,76,59,12,9,3
53508707,755,390,365,723,369,354,27,12,15,66,22,44,7,0,7,32,21,11,684,298,386,326,129,197,1,1,0,29,0,29,122,55,67,206,113,93,16,10,6
53508708,1350,705,645,1294,684,610,70,28,42,173,87,86,5,0,5,56,21,35,1193,504,689,615,232,383,2,1,1,44,0,44,165,91,74,367,180,187,29,12,17
53508709,157,99,58,137,87,50,9,4,5,14,12,2,1,0,1,20,12,8,167,66,101,75,28,47,1,0,1,7,0,7,45,19,26,39,19,20,4,1,3
53508710,2489,1267,1222,2375,1212,1163,93,36,57,308,143,165,16,0,16,114,55,59,1909,825,1084,904,361,543,3,3,0,93,0,93,324,152,172,585,309,276,30,15,15
53508711,1424,771,653,1280,696,584,43,17,26,147,59,88,6,0,6,144,75,69,1074,455,619,519,193,326,1,0,1,39,0,39,211,109,102,304,153,151,119,74,45
53508713,664,351,313,643,345,298,40,17,23,98,54,44,0,0,0,21,6,15,570,251,319,272,118,154,1,1,0,17,0,17,83,40,43,197,92,105,4,1,3
53508714,26,13,13,25,13,12,1,0,1,1,0,1,0,0,0,1,0,1,12,6,6,1,0,1,0,0,0,0,0,0,6,3,3,5,3,2,0,0,0
53511701,209,118,91,198,115,83,3,1,2,14,5,9,0,0,0,11,3,8,197,79,118,98,44,54,0,0,0,9,0,9,46,14,32,44,21,23,10,7,3
53511702,45,26,19,43,24,19,2,0,2,5,3,2,0,0,0,2,2,0,33,20,13,14,8,6,0,0,0,1,0,1,5,2,3,13,10,3,0,0,0
53511703,82,49,33,78,45,33,3,1,2,11,7,4,0,0,0,4,4,0,65,27,38,38,17,21,0,0,0,4,0,4,12,4,8,11,6,5,2,1,1
53511704,149,79,70,140,75,65,3,3,0,8,4,4,0,0,0,9,4,5,115,58,57,35,16,19,1,1,0,7,0,7,18,9,9,54,32,22,0,0,0
53511705,96,56,40,95,56,39,3,2,1,9,4,5,0,0,0,1,0,1,59,27,32,27,10,17,1,1,0,2,0,2,12,8,4,17,8,9,2,1,1
1088390,0,0,0,0,0,0,0,0,0,0,0,0,0,0,0,0,0,0,0,0,0,0,0,0,0,0,0,0,0,0,0,0,0,0,0,0,0,0,0
53513301,24,13,11,23,13,10,1,0,1,3,2,1,1,0,1,1,0,1,14,7,7,8,4,4,0,0,0,1,0,1,3,3,0,2,0,2,1,1,0
53513302,573,320,253,549,308,241,13,7,6,29,9,20,7,0,7,24,12,12,459,191,268,158,65,93,1,0,1,37,1,36,117,52,65,146,73,73,10,6,4
53513303,220,116,104,213,115,98,9,4,5,16,6,10,1,0,1,7,1,6,186,85,101,46,23,23,0,0,0,9,0,9,41,13,28,90,49,41,2,2,0
53513304,48,28,20,47,28,19,3,2,1,2,1,1,0,0,0,1,0,1,29,12,17,14,5,9,0,0,0,3,0,3,6,4,2,6,3,3,1,0,1
53514101,294,172,122,275,160,115,8,3,5,27,17,10,1,0,1,19,12,7,198,85,113,86,33,53,0,0,0,12,0,12,33,14,19,67,38,29,4,2,2
53516801,268,153,115,257,148,109,7,5,2,21,8,13,1,0,1,11,5,6,280,129,151,117,53,64,1,0,1,14,0,14,46,26,20,102,50,52,2,2,0
53516803,68,38,30,66,37,29,3,1,2,6,3,3,2,0,2,2,1,1,65,26,39,30,10,20,1,1,0,3,0,3,13,7,6,18,8,10,0,0,0
53519201,265,148,117,240,133,107,7,2,5,14,8,6,2,0,2,25,15,10,247,114,133,82,37,45,0,0,0,8,0,8,69,30,39,88,47,41,6,3,3
53521401,75,48,27,70,44,26,1,0,1,10,6,4,1,0,1,5,4,1,69,33,36,27,10,17,0,0,0,5,0,5,20,10,10,17,13,4,0,0,0
53521402,178,102,76,164,94,70,7,4,3,14,9,5,1,0,1,14,8,6,138,51,87,62,28,34,0,0,0,11,0,11,30,14,16,35,9,26,4,2,2
1673472,0,0,0,0,0,0,0,0,0,0,0,0,0,0,0,0,0,0,0,0,0,0,0,0,0,0,0,0,0,0,0,0,0,0,0,0,0,0,0
53522201,627,345,282,600,333,267,19,10,9,37,17,20,5,0,5,27,12,15,534,236,298,192,76,116,1,0,1,32,0,32,133,71,62,176,89,87,7,5,2
53522202,359,191,168,347,187,160,14,7,7,30,18,12,3,0,3,12,4,8,337,163,174,137,61,76,0,0,0,18,0,18,72,45,27,110,57,53,6,1,5
53522203,352,202,150,332,190,142,13,4,9,30,13,17,1,0,1,20,12,8,306,123,183,105,43,62,1,1,0,27,0,27,68,33,35,105,46,59,2,0,2
1758710,0,0,0,0,0,0,0,0,0,0,0,0,0,0,0,0,0,0,0,0,0,0,0,0,0,0,0,0,0,0,0,0,0,0,0,0,0,0,0
3265510,0,0,0,0,0,0,0,0,0,0,0,0,0,0,0,0,0,0,0,0,0,0,0,0,0,0,0,0,0,0,0,0,0,0,0,0,0,0,0
53525701,33,18,15,31,17,14,1,0,1,2,0,2,0,0,0,2,1,1,40,16,24,10,4,6,0,0,0,3,0,3,7,4,3,20,8,12,2,1,1
53525702,50,29,21,46,28,18,1,0,1,6,3,3,2,0,2,4,1,3,42,15,27,17,7,10,0,0,0,2,0,2,6,2,4,17,6,11,1,0,1
53525703,433,255,178,415,245,170,11,3,8,20,8,12,6,0,6,18,10,8,319,130,189,126,49,77,1,1,0,21,0,21,79,36,43,92,44,48,13,10,3
53526501,94,51,43,86,46,40,7,2,5,5,3,2,0,0,0,8,5,3,87,33,54,38,16,22,0,0,0,3,0,3,16,7,9,30,10,20,0,0,0
53526502,110,60,50,106,59,47,3,1,2,3,2,1,0,0,0,4,1,3,88,39,49,36,15,21,2,1,1,3,0,3,10,7,3,37,16,21,4,3,1
53526503,382,217,165,362,209,153,9,4,5,25,13,12,2,0,2,20,8,12,347,159,188,140,60,80,1,0,1,20,0,20,64,35,29,122,64,58,7,5,2
3194060,0,0,0,0,0,0,0,0,0,0,0,0,0,0,0,0,0,0,0,0,0,0,0,0,0,0,0,0,0,0,0,0,0,0,0,0,0,0,0
53527301,1209,651,558,1164,628,536,60,34,26,91,50,41,16,0,16,45,23,22,974,429,545,363,154,209,6,3,3,48,0,48,194,93,101,363,179,184,10,9,1
53527302,13,8,5,13,8,5,0,0,0,0,0,0,0,0,0,0,0,0,9,3,6,2,1,1,1,0,1,1,0,1,1,1,0,4,1,3,0,0,0
53527303,36,19,17,35,19,16,0,0,0,1,0,1,2,1,1,1,0,1,29,16,13,1,0,1,0,0,0,3,0,3,19,14,5,6,2,4,0,0,0
53529001,57,29,28,55,28,27,1,0,1,5,2,3,1,0,1,2,1,1,53,23,30,28,12,16,0,0,0,3,0,3,11,6,5,11,5,6,0,0,0
53529002,40,20,20,34,18,16,0,0,0,4,1,3,1,0,1,6,2,4,32,18,14,9,5,4,0,0,0,1,0,1,6,4,2,16,9,7,0,0,0
53529003,19,10,9,18,9,9,0,0,0,3,1,2,0,0,0,1,1,0,29,14,15,16,8,8,0,0,0,1,0,1,2,1,1,10,5,5,1,1,0
53529004,355,200,155,341,196,145,12,4,8,16,6,10,5,0,5,14,4,10,272,119,153,100,42,58,0,0,0,21,0,21,62,34,28,89,43,46,13,7,6
53530301,130,77,53,125,74,51,0,0,0,11,7,4,1,0,1,5,3,2,121,56,65,54,25,29,0,0,0,6,0,6,27,14,13,34,17,17,1,0,1
53530302,301,174,127,274,161,113,11,6,5,25,14,11,3,0,3,27,13,14,258,111,147,97,41,56,0,0,0,22,0,22,62,30,32,77,40,37,20,13,7
53530303,43,22,21,42,22,20,1,0,1,6,1,5,0,0,0,1,0,1,48,22,26,22,13,9,0,0,0,3,0,3,6,4,2,17,5,12,0,0,0
53531101,11,7,4,11,7,4,0,0,0,0,0,0,1,0,1,0,0,0,17,11,6,10,6,4,0,0,0,0,0,0,1,1,0,6,4,2,1,1,0
53531102,192,113,79,182,109,73,4,2,2,16,8,8,2,0,2,10,4,6,201,74,127,106,38,68,1,1,0,11,0,11,40,18,22,43,17,26,5,1,4
53532001,385,221,164,358,214,144,11,5,6,30,17,13,3,0,3,27,7,20,386,164,222,167,66,101,3,2,1,15,0,15,70,36,34,131,60,71,4,1,3
53532002,805,430,375,757,401,356,34,13,21,69,39,30,8,0,8,48,29,19,744,338,406,312,132,180,2,0,2,43,0,43,145,80,65,242,126,116,18,12,6
1879330,0,0,0,0,0,0,0,0,0,0,0,0,0,0,0,0,0,0,0,0,0,0,0,0,0,0,0,0,0,0,0,0,0,0,0,0,0,0,0
53533801,76,39,37,75,38,37,1,1,0,13,7,6,0,0,0,1,1,0,63,29,34,32,14,18,0,0,0,1,0,1,4,2,2,26,13,13,2,2,0
53533802,26,13,13,26,13,13,1,0,1,2,0,2,0,0,0,0,0,0,37,16,21,18,8,10,0,0,0,3,0,3,7,4,3,9,4,5,1,1,0
53533803,71,41,30,64,36,28,3,0,3,6,3,3,1,0,1,7,5,2,65,30,35,38,21,17,0,0,0,4,0,4,14,6,8,9,3,6,0,0,0
53533804,145,79,66,127,73,54,6,2,4,12,6,6,0,0,0,18,6,12,138,58,80,38,16,22,0,0,0,12,0,12,34,17,17,54,25,29,3,1,2
53533805,144,84,60,134,74,60,10,7,3,14,8,6,0,0,0,10,10,0,121,55,66,40,19,21,0,0,0,8,0,8,25,13,12,48,23,25,4,3,1
53535401,49,31,18,41,27,14,3,3,0,2,1,1,0,0,0,8,4,4,40,15,25,20,8,12,0,0,0,1,0,1,3,2,1,16,5,11,0,0,0
53535402,178,102,76,169,99,70,3,2,1,13,9,4,1,0,1,9,3,6,124,73,51,55,29,26,0,0,0,4,0,4,27,20,7,38,24,14,2,1,1
53535403,28,15,13,25,15,10,0,0,0,3,1,2,0,0,0,3,0,3,14,9,5,10,6,4,0,0,0,0,0,0,3,2,1,1,1,0,0,0,0
53538901,277,147,130,266,139,127,10,6,4,23,12,11,1,0,1,11,8,3,302,110,192,184,51,133,1,0,1,9,0,9,36,21,15,72,38,34,4,3,1
53539701,34,21,13,28,18,10,0,0,0,5,3,2,1,0,1,6,3,3,34,13,21,15,6,9,0,0,0,4,0,4,9,5,4,6,2,4,1,1,0
53539702,199,105,94,187,98,89,5,2,3,15,7,8,3,0,3,12,7,5,141,65,76,64,23,41,0,0,0,3,0,3,35,19,16,39,23,16,7,4,3
53539703,37,24,13,33,21,12,1,0,1,2,2,0,0,0,0,4,3,1,37,14,23,14,6,8,0,0,0,2,0,2,8,1,7,13,7,6,1,0,1
53834501,405,226,179,381,218,163,10,4,6,37,15,22,3,0,3,24,8,16,400,173,227,153,61,92,0,0,0,27,0,27,89,41,48,131,71,60,6,3,3
53864702,1044,571,473,991,550,441,34,17,17,49,25,24,10,0,10,53,21,32,757,331,426,109,45,64,0,0,0,67,1,66,288,141,147,293,144,149,16,6,10
53920101,38,19,19,36,19,17,3,1,2,5,3,2,0,0,0,2,0,2,34,17,17,15,7,8,0,0,0,2,0,2,9,5,4,8,5,3,1,1,0
53920102,484,262,222,467,253,214,20,9,11,39,20,19,2,0,2,17,9,8,368,156,212,133,54,79,1,0,1,13,0,13,78,37,41,143,65,78,8,6,2
1036320,0,0,0,0,0,0,0,0,0,0,0,0,0,0,0,0,0,0,0,0,0,0,0,0,0,0,0,0,0,0,0,0,0,0,0,0,0,0,0
3193920,0,0,0,0,0,0,0,0,0,0,0,0,0,0,0,0,0,0,0,0,0,0,0,0,0,0,0,0,0,0,0,0,0,0,0,0,0,0,0
57178401,297,168,129,288,162,126,8,5,3,33,22,11,3,0,3,9,6,3,211,90,121,105,40,65,0,0,0,7,0,7,46,25,21,53,25,28,3,0,3
57178403,1046,586,460,999,564,435,42,13,29,70,35,35,11,0,11,47,22,25,840,371,469,367,160,207,2,0,2,39,0,39,168,78,90,264,133,131,24,18,6
57179202,275,154,121,269,151,118,6,5,1,16,10,6,8,0,8,6,3,3,193,89,104,64,25,39,1,0,1,8,0,8,44,23,21,76,41,35,4,4,0
59829101,449,236,213,430,232,198,17,10,7,34,16,18,0,0,0,19,4,15,323,158,165,76,33,43,5,2,3,13,0,13,89,48,41,140,75,65,7,5,2
59949201,74,39,35,72,37,35,0,0,0,12,7,5,1,0,1,2,2,0,53,21,32,22,7,15,0,0,0,1,0,1,8,3,5,22,11,11,2,2,0
52959101,140,78,62,137,77,60,4,3,1,11,6,5,1,0,1,3,1,2,96,41,55,31,10,21,0,0,0,6,0,6,18,9,9,41,22,19,2,2,0
52960501,96,54,42,93,52,41,2,0,2,5,2,3,2,0,2,3,2,1,95,42,53,37,17,20,0,0,0,7,0,7,24,12,12,27,13,14,2,1,1
52960502,72,42,30,68,39,29,3,2,1,6,1,5,1,0,1,4,3,1,70,33,37,17,11,6,0,0,0,8,0,8,19,10,9,26,12,14,1,0,1
52961301,222,121,101,213,115,98,10,7,3,20,11,9,1,0,1,9,6,3,153,73,80,65,29,36,0,0,0,5,0,5,33,17,16,50,27,23,13,8,5
0965390,0,0,0,0,0,0,0,0,0,0,0,0,0,0,0,0,0,0,0,0,0,0,0,0,0,0,0,0,0,0,0,0,0,0,0,0,0,0,0
3229112,0,0,0,0,0,0,0,0,0,0,0,0,0,0,0,0,0,0,0,0,0,0,0,0,0,0,0,0,0,0,0,0,0,0,0,0,0,0,0
3334170,0,0,0,0,0,0,0,0,0,0,0,0,0,0,0,0,0,0,0,0,0,0,0,0,0,0,0,0,0,0,0,0,0,0,0,0,0,0,0
53541901,66,38,28,64,37,27,2,0,2,5,2,3,0,0,0,2,1,1,57,30,27,27,16,11,0,0,0,4,0,4,12,7,5,14,7,7,1,1,0
53541902,97,56,41,97,56,41,7,5,2,7,4,3,0,0,0,0,0,0,90,44,46,35,15,20,0,0,0,4,0,4,14,7,7,37,22,15,0,0,0
53541903,219,128,91,215,125,90,10,6,4,16,8,8,2,0,2,4,3,1,136,47,89,43,14,29,0,0,0,7,0,7,26,7,19,60,26,34,1,0,1
53541905,149,77,72,149,77,72,5,2,3,7,4,3,4,0,4,0,0,0,109,53,56,24,9,15,0,0,0,10,0,10,33,15,18,42,29,13,2,1,1
53541907,216,136,80,206,135,71,2,1,1,19,10,9,0,0,0,10,1,9,136,64,72,52,31,21,0,0,0,10,0,10,36,18,18,38,15,23,9,7,2
53541911,103,54,49,100,54,46,5,3,2,12,3,9,0,0,0,3,0,3,65,33,32,24,12,12,0,0,0,2,0,2,10,4,6,29,17,12,0,0,0
53541912,273,147,126,264,145,119,6,1,5,33,15,18,1,0,1,9,2,7,290,135,155,160,68,92,1,1,0,8,1,7,31,13,18,90,52,38,2,0,2
53541913,606,327,279,598,324,274,24,10,14,57,30,27,6,0,6,8,3,5,535,245,290,205,85,120,0,0,0,26,0,26,89,48,41,215,112,103,4,3,1
53541914,710,451,259,669,423,246,18,5,13,37,19,18,3,0,3,41,28,13,389,200,189,121,59,62,1,1,0,18,0,18,109,65,44,140,75,65,138,101,37
53541915,407,238,169,393,231,162,12,6,6,30,12,18,2,0,2,14,7,7,339,148,191,164,73,91,1,1,0,15,0,15,48,27,21,111,47,64,6,5,1
53541916,97,55,42,93,53,40,1,0,1,9,5,4,1,0,1,4,2,2,63,24,39,27,13,14,0,0,0,3,0,3,16,8,8,17,3,14,0,0,0
53541917,81,44,37,80,43,37,8,4,4,0,0,0,3,0,3,1,1,0,37,12,25,2,1,1,0,0,0,9,0,9,22,9,13,4,2,2,1,0,1
53541918,237,122,115,233,121,112,10,5,5,11,3,8,4,0,4,4,1,3,157,74,83,10,7,3,2,0,2,10,1,9,57,31,26,78,35,43,1,0,1
53541919,206,102,104,201,100,101,7,2,5,14,7,7,4,0,4,5,2,3,177,85,92,82,37,45,2,1,1,3,0,3,33,16,17,57,31,26,1,0,1
53541920,659,359,300,640,350,290,27,15,12,52,20,32,4,0,4,19,9,10,541,222,319,335,125,210,1,1,0,20,0,20,76,38,38,109,58,51,14,6,8
53541921,2886,1573,1313,2799,1532,1267,104,47,57,224,106,118,23,1,22,87,41,46,2153,916,1237,1083,444,639,3,2,1,116,0,116,381,184,197,570,286,284,64,24,40
53541922,236,126,110,228,122,106,14,6,8,17,7,10,2,0,2,8,4,4,138,67,71,48,24,24,2,0,2,8,0,8,32,14,18,48,29,19,3,0,3
53541923,3692,2033,1659,3598,1994,1604,126,71,55,348,150,198,26,0,26,94,39,55,3397,1443,1954,1944,772,1172,3,2,1,140,1,139,500,249,251,810,419,391,88,37,51
53541924,1163,667,496,1136,654,482,40,22,18,96,44,52,4,0,4,27,13,14,770,337,433,388,152,236,2,0,2,29,0,29,119,67,52,232,118,114,22,13,9
53541925,2665,1441,1224,2599,1410,1189,111,58,53,121,45,76,26,1,25,66,31,35,1368,610,758,416,166,250,4,2,2,92,0,92,341,176,165,515,266,249,42,21,21
53541926,1994,1092,902,1929,1068,861,66,36,30,158,67,91,18,0,18,65,24,41,1610,683,927,943,369,574,3,3,0,58,0,58,227,116,111,379,195,184,49,25,24
53541927,274,253,21,274,253,21,12,11,1,3,3,0,1,0,1,0,0,0,2,2,0,1,1,0,0,0,0,0,0,0,1,1,0,0,0,0,4,4,0
53541928,645,345,300,626,338,288,30,19,11,70,35,35,5,0,5,19,7,12,511,210,301,275,97,178,0,0,0,19,0,19,79,39,40,138,74,64,20,13,7
53541930,561,313,248,549,307,242,23,10,13,50,26,24,3,0,3,12,6,6,475,182,293,277,97,180,4,2,2,14,0,14,52,26,26,128,57,71,11,8,3
53541932,288,162,126,283,160,123,12,7,5,14,4,10,2,0,2,5,2,3,164,73,91,58,23,35,0,0,0,13,0,13,33,24,9,60,26,34,7,2,5
53541933,334,200,134,324,194,130,11,2,9,21,11,10,2,0,2,10,6,4,210,92,118,90,41,49,1,1,0,11,0,11,32,15,17,76,35,41,8,2,6
53541934,215,129,86,212,127,85,7,4,3,13,8,5,1,0,1,3,2,1,140,58,82,73,28,45,1,0,1,9,0,9,29,21,8,28,9,19,5,3,2
53541935,34,18,16,34,18,16,0,0,0,1,0,1,2,0,2,0,0,0,37,14,23,7,5,2,0,0,0,2,0,2,14,5,9,14,4,10,0,0,0
53541938,26,16,10,25,15,10,2,2,0,3,1,2,0,0,0,1,1,0,13,4,9,6,1,5,0,0,0,0,0,0,4,3,1,3,0,3,2,1,1
53541939,552,319,233,531,308,223,24,9,15,51,28,23,3,0,3,21,11,10,447,188,259,189,79,110,1,0,1,28,0,28,87,42,45,142,67,75,9,5,4
53541941,415,240,175,406,234,172,18,9,9,26,13,13,5,0,5,9,6,3,244,94,150,93,33,60,0,0,0,19,2,17,46,21,25,86,38,48,33,24,9
53541942,46,28,18,43,25,18,2,1,1,3,2,1,0,0,0,3,3,0,22,11,11,0,0,0,0,0,0,2,0,2,9,5,4,11,6,5,0,0,0
53541943,312,180,132,307,180,127,12,6,6,20,9,11,2,0,2,5,0,5,137,57,80,39,17,22,1,1,0,11,0,11,35,15,20,51,24,27,6,5,1
53541944,1637,895,742,1595,876,719,70,27,43,116,48,68,7,0,7,42,19,23,1353,529,824,750,273,477,2,1,1,59,0,59,193,82,111,349,173,176,36,18,18
53541945,1477,804,673,1434,788,646,49,21,28,116,51,65,10,0,10,43,16,27,1158,448,710,582,214,368,6,4,2,61,0,61,201,85,116,308,145,163,42,18,24
53541946,76,41,35,75,41,34,4,3,1,15,9,6,0,0,0,1,0,1,57,25,32,23,6,17,0,0,0,1,0,1,11,8,3,22,11,11,1,0,1
53541947,17,10,7,17,10,7,0,0,0,0,0,0,0,0,0,0,0,0,6,0,6,0,0,0,0,0,0,0,0,0,3,0,3,3,0,3,1,0,1
53541948,192,107,85,185,103,82,8,2,6,11,6,5,0,0,0,7,4,3,90,35,55,32,17,15,2,0,2,6,0,6,20,6,14,30,12,18,5,3,2
53541949,261,160,101,250,154,96,8,4,4,13,7,6,2,0,2,11,6,5,146,56,90,46,16,30,0,0,0,7,0,7,29,11,18,64,29,35,5,2,3
3228570,0,0,0,0,0,0,0,0,0,0,0,0,0,0,0,0,0,0,0,0,0,0,0,0,0,0,0,0,0,0,0,0,0,0,0,0,0,0,0
53542701,190,101,89,187,99,88,11,4,7,15,7,8,2,0,2,3,2,1,144,65,79,38,16,22,0,0,0,6,0,6,36,21,15,64,28,36,1,0,1
53542702,321,180,141,312,177,135,12,4,8,34,17,17,3,0,3,9,3,6,304,127,177,141,51,90,1,0,1,12,0,12,49,23,26,101,53,48,8,3,5
53542703,89,48,41,87,46,41,3,0,3,3,2,1,2,0,2,2,2,0,72,31,41,32,13,19,0,0,0,4,0,4,15,8,7,21,10,11,1,1,0
53542704,44,26,18,44,26,18,2,2,0,2,0,2,1,0,1,0,0,0,39,16,23,16,7,9,0,0,0,2,0,2,8,2,6,13,7,6,0,0,0
53542705,37,22,15,36,21,15,0,0,0,4,4,0,0,0,0,1,1,0,39,16,23,17,5,12,0,0,0,0,0,0,4,2,2,18,9,9,0,0,0
53542706,44,25,19,44,25,19,0,0,0,2,1,1,0,0,0,0,0,0,44,21,23,15,7,8,0,0,0,3,0,3,13,5,8,13,9,4,3,1,2
53542708,13,9,4,13,9,4,1,1,0,0,0,0,1,0,1,0,0,0,8,4,4,3,2,1,0,0,0,1,0,1,1,1,0,3,1,2,0,0,0
53542709,343,187,156,335,183,152,13,6,7,35,20,15,3,0,3,8,4,4,338,157,181,182,77,105,2,1,1,7,0,7,46,27,19,101,52,49,3,2,1
53542710,438,254,184,429,249,180,16,9,7,36,20,16,3,0,3,9,5,4,377,162,215,195,78,117,0,0,0,13,0,13,60,26,34,109,58,51,11,9,2
53542711,518,271,247,503,263,240,28,9,19,44,19,25,3,0,3,15,8,7,419,184,235,198,80,118,0,0,0,21,0,21,63,36,27,137,68,69,4,3,1
53542713,403,217,186,398,214,184,19,6,13,31,15,16,2,0,2,5,3,2,359,143,216,163,52,111,0,0,0,22,0,22,68,35,33,106,56,50,5,1,4
53542715,193,112,81,184,107,77,8,5,3,18,11,7,0,0,0,9,5,4,140,55,85,76,34,42,0,0,0,10,0,10,25,9,16,29,12,17,3,1,2
53542718,8,5,3,8,5,3,1,1,0,0,0,0,0,0,0,0,0,0,13,7,6,3,2,1,0,0,0,2,0,2,3,2,1,5,3,2,0,0,0
53544301,46,25,21,44,24,20,6,2,4,7,4,3,0,0,0,2,1,1,32,17,15,16,8,8,0,0,0,3,0,3,7,4,3,6,5,1,0,0,0
53544302,80,41,39,75,39,36,0,0,0,10,6,4,0,0,0,5,2,3,54,24,30,25,10,15,0,0,0,2,0,2,8,5,3,19,9,10,0,0,0
53544304,352,199,153,338,193,145,22,13,9,26,15,11,3,0,3,14,6,8,218,92,126,98,37,61,1,0,1,9,0,9,40,19,21,70,36,34,9,3,6
53544305,98,51,47,96,50,46,5,2,3,7,4,3,0,0,0,2,1,1,97,42,55,48,20,28,0,0,0,6,0,6,16,9,7,27,13,14,0,0,0
53544306,438,235,203,430,231,199,18,9,9,45,21,24,3,0,3,8,4,4,437,206,231,258,116,142,0,0,0,15,0,15,56,36,20,108,54,54,7,6,1
53544307,511,291,220,476,275,201,16,7,9,50,24,26,1,0,1,35,16,19,453,204,249,201,84,117,0,0,0,23,1,22,74,34,40,155,85,70,24,15,9
53544308,39,22,17,33,19,14,0,0,0,3,2,1,0,0,0,6,3,3,30,15,15,18,9,9,0,0,0,1,0,1,4,2,2,7,4,3,0,0,0
53544309,49,26,23,46,24,22,2,2,0,8,6,2,0,0,0,3,2,1,40,19,21,26,12,14,0,0,0,1,0,1,5,3,2,8,4,4,3,1,2
53544310,199,105,94,195,104,91,5,4,1,15,7,8,3,0,3,4,1,3,178,85,93,90,39,51,0,0,0,4,0,4,29,15,14,55,31,24,2,1,1
53544311,240,133,107,235,129,106,16,8,8,15,9,6,0,0,0,5,4,1,198,93,105,65,29,36,0,0,0,12,1,11,38,15,23,83,48,35,1,0,1
53544313,347,190,157,342,190,152,12,7,5,38,21,17,1,0,1,5,0,5,365,159,206,216,87,129,0,0,0,17,1,16,41,23,18,91,48,43,4,4,0
53544315,28,17,11,26,16,10,0,0,0,4,2,2,0,0,0,2,1,1,24,9,15,15,6,9,0,0,0,1,0,1,2,1,1,6,2,4,0,0,0
53544316,56,36,20,54,34,20,0,0,0,4,2,2,0,0,0,2,2,0,66,33,33,39,21,18,0,0,0,3,1,2,10,4,6,14,7,7,0,0,0
3075130,0,0,0,0,0,0,0,0,0,0,0,0,0,0,0,0,0,0,0,0,0,0,0,0,0,0,0,0,0,0,0,0,0,0,0,0,0,0,0
3075640,0,0,0,0,0,0,0,0,0,0,0,0,0,0,0,0,0,0,0,0,0,0,0,0,0,0,0,0,0,0,0,0,0,0,0,0,0,0,0
53545101,20,13,7,20,13,7,1,1,0,1,0,1,0,0,0,0,0,0,12,5,7,6,2,4,0,0,0,0,0,0,2,2,0,4,1,3,0,0,0
53545102,273,170,103,268,168,100,10,5,5,16,10,6,2,0,2,5,2,3,188,75,113,79,32,47,0,0,0,10,0,10,27,11,16,72,32,40,4,3,1
53545103,294,163,131,285,160,125,10,3,7,22,8,14,4,0,4,9,3,6,249,107,142,104,37,67,1,0,1,7,0,7,40,20,20,97,50,47,2,0,2
53545105,653,345,308,632,336,296,27,13,14,60,32,28,2,0,2,21,9,12,529,233,296,206,77,129,3,1,2,15,0,15,81,35,46,224,120,104,6,3,3
53545106,471,272,199,424,248,176,10,5,5,40,24,16,3,0,3,47,24,23,405,182,223,167,64,103,1,1,0,16,0,16,88,44,44,133,73,60,44,30,14
53545107,62,34,28,61,33,28,3,1,2,6,3,3,0,0,0,1,1,0,67,33,34,35,16,19,0,0,0,2,0,2,6,4,2,24,13,11,1,0,1
53545108,39,21,18,35,20,15,0,0,0,0,0,0,0,0,0,4,1,3,23,14,9,6,4,2,0,0,0,0,0,0,3,0,3,14,10,4,4,2,2
53545109,208,117,91,203,114,89,11,5,6,21,5,16,1,0,1,5,3,2,184,89,95,86,34,52,0,0,0,5,0,5,31,16,15,62,39,23,2,0,2
53545111,965,515,450,922,501,421,31,11,20,101,43,58,12,0,12,43,14,29,857,347,510,436,168,268,2,1,1,39,0,39,137,61,76,243,117,126,19,9,10
53545112,784,419,365,749,404,345,42,18,24,83,37,46,8,0,8,35,15,20,776,326,450,405,143,262,1,1,0,32,1,31,122,66,56,216,115,101,14,9,5
53545114,157,92,65,153,91,62,7,4,3,19,9,10,3,0,3,4,1,3,132,65,67,52,26,26,1,1,0,6,0,6,30,15,15,43,23,20,1,0,1
53547801,477,274,203,447,262,185,9,4,5,35,21,14,4,0,4,30,12,18,456,204,252,195,88,107,1,0,1,21,0,21,95,47,48,144,69,75,15,10,5
53548601,161,95,66,158,94,64,6,3,3,12,4,8,0,0,0,3,1,2,139,70,69,57,28,29,1,0,1,11,0,11,32,20,12,38,22,16,5,3,2
53548602,27,14,13,24,12,12,1,0,1,3,2,1,0,0,0,3,2,1,31,14,17,21,9,12,0,0,0,0,0,0,4,3,1,6,2,4,0,0,0
53548603,35,22,13,35,22,13,2,2,0,1,1,0,0,0,0,0,0,0,33,14,19,6,1,5,0,0,0,3,0,3,7,5,2,17,8,9,0,0,0
53550801,63,37,26,61,35,26,2,1,1,3,0,3,1,0,1,2,2,0,63,30,33,34,19,15,0,0,0,2,0,2,13,4,9,14,7,7,4,2,2
53550802,54,34,20,46,28,18,2,1,1,4,2,2,0,0,0,8,6,2,70,27,43,24,10,14,0,0,0,3,0,3,21,7,14,22,10,12,10,4,6
53551601,202,104,98,196,102,94,6,2,4,10,5,5,1,0,1,6,2,4,178,82,96,64,21,43,0,0,0,6,0,6,39,19,20,69,42,27,2,0,2
53551602,31,20,11,31,20,11,0,0,0,3,2,1,0,0,0,0,0,0,19,7,12,11,4,7,0,0,0,1,0,1,1,0,1,6,3,3,1,0,1
53551603,55,34,21,53,32,21,1,1,0,3,1,2,0,0,0,2,2,0,34,17,17,15,6,9,0,0,0,1,0,1,8,5,3,10,6,4,3,1,2
53555901,591,329,262,576,324,252,16,7,9,47,23,24,5,0,5,15,5,10,465,189,276,207,87,120,2,1,1,26,0,26,90,34,56,140,67,73,9,4,5
53556701,214,121,93,210,120,90,6,5,1,15,9,6,3,0,3,4,1,3,179,81,98,73,31,42,0,0,0,11,0,11,45,24,21,50,26,24,3,2,1
53556702,20,9,11,20,9,11,0,0,0,1,0,1,0,0,0,0,0,0,15,8,7,5,2,3,0,0,0,0,0,0,0,0,0,10,6,4,0,0,0
53558301,79,41,38,78,40,38,2,0,2,8,5,3,1,0,1,1,1,0,62,28,34,26,11,15,0,0,0,2,0,2,11,4,7,23,13,10,1,1,0
53558302,430,240,190,426,238,188,16,10,6,31,16,15,2,0,2,4,2,2,389,179,210,113,49,64,1,1,0,27,0,27,77,41,36,171,88,83,3,1,2
53558303,21,12,9,21,12,9,1,1,0,0,0,0,1,0,1,0,0,0,23,12,11,9,4,5,0,0,0,0,0,0,2,1,1,12,7,5,0,0,0
53560501,303,166,137,290,160,130,6,0,6,28,14,14,5,0,5,13,6,7,254,112,142,94,36,58,0,0,0,11,0,11,49,27,22,100,49,51,5,2,3
53560502,105,57,48,102,56,46,2,1,1,12,6,6,2,0,2,3,1,2,103,44,59,41,18,23,1,0,1,4,0,4,15,7,8,42,19,23,1,1,0
53562101,300,157,143,290,151,139,9,2,7,23,11,12,2,0,2,10,6,4,249,112,137,115,46,69,1,0,1,7,0,7,34,19,15,92,47,45,3,1,2
53562102,172,103,69,165,99,66,7,4,3,16,7,9,1,0,1,7,4,3,157,68,89,76,37,39,0,0,0,10,0,10,31,15,16,40,16,24,0,0,0
53563001,443,232,211,432,228,204,13,5,8,24,14,10,2,0,2,11,4,7,411,188,223,169,80,89,2,2,0,16,0,16,85,32,53,139,74,65,4,3,1
53565601,245,145,100,238,139,99,11,6,5,19,9,10,3,0,3,7,6,1,202,96,106,80,35,45,0,0,0,10,0,10,38,21,17,74,40,34,3,0,3
53567201,136,77,59,135,77,58,1,1,0,19,11,8,3,0,3,1,0,1,110,52,58,49,19,30,0,0,0,5,0,5,24,13,11,32,20,12,1,0,1
53567203,1066,600,466,1037,583,454,34,13,21,100,48,52,8,0,8,29,17,12,879,383,496,411,170,241,0,0,0,49,0,49,144,77,67,275,136,139,17,10,7
53567204,90,53,37,88,53,35,2,0,2,6,3,3,2,0,2,2,0,2,78,35,43,37,18,19,0,0,0,7,0,7,16,10,6,18,7,11,0,0,0
53567205,69,32,37,69,32,37,5,4,1,5,2,3,0,0,0,0,0,0,60,34,26,20,10,10,0,0,0,2,0,2,5,2,3,33,22,11,0,0,0
53567206,101,63,38,97,62,35,5,2,3,9,8,1,0,0,0,4,1,3,91,41,50,34,14,20,0,0,0,8,0,8,18,11,7,31,16,15,1,0,1
53567207,147,78,69,144,75,69,4,2,2,11,7,4,2,0,2,3,3,0,120,53,67,49,20,29,0,0,0,5,0,5,23,10,13,43,23,20,0,0,0
53567208,95,56,39,94,55,39,1,1,0,9,5,4,0,0,0,1,1,0,86,41,45,49,20,29,0,0,0,0,0,0,8,3,5,29,18,11,0,0,0
53567209,198,116,82,193,113,80,7,3,4,20,11,9,0,0,0,5,3,2,147,69,78,69,29,40,1,1,0,6,0,6,22,11,11,49,28,21,2,2,0
53570201,55,31,24,54,31,23,2,2,0,9,4,5,0,0,0,1,0,1,66,34,32,38,17,21,0,0,0,3,0,3,6,4,2,19,13,6,0,0,0
53570202,36,18,18,36,18,18,2,1,1,3,1,2,2,0,2,0,0,0,36,19,17,21,9,12,1,0,1,1,0,1,7,6,1,6,4,2,0,0,0
53570203,990,555,435,962,541,421,30,15,15,84,44,40,10,0,10,28,14,14,854,375,479,338,143,195,0,0,0,47,0,47,166,68,98,303,164,139,14,8,6
53570204,121,66,55,113,63,50,3,1,2,9,2,7,0,0,0,8,3,5,129,52,77,63,26,37,0,0,0,6,0,6,17,9,8,43,17,26,0,0,0
53570205,66,33,33,62,32,30,2,1,1,8,2,6,0,0,0,4,1,3,62,26,36,35,14,21,0,0,0,1,0,1,13,6,7,13,6,7,0,0,0
53570206,93,60,33,90,59,31,4,3,1,5,3,2,1,0,1,3,1,2,75,33,42,24,10,14,0,0,0,5,0,5,17,8,9,29,15,14,5,0,5
53570208,25,16,9,25,16,9,1,0,1,2,2,0,0,0,0,0,0,0,28,12,16,16,6,10,0,0,0,1,0,1,5,2,3,6,4,2,0,0,0
53570209,73,35,38,70,35,35,4,1,3,8,3,5,0,0,0,3,0,3,128,45,83,89,28,61,0,0,0,6,0,6,15,9,6,18,8,10,1,0,1
53571101,118,68,50,110,63,47,7,3,4,6,2,4,1,0,1,8,5,3,112,48,64,50,21,29,0,0,0,5,0,5,20,9,11,37,18,19,1,0,1
53572901,177,101,76,173,97,76,6,1,5,19,7,12,1,0,1,4,4,0,131,51,80,55,23,32,0,0,0,12,0,12,29,14,15,35,14,21,1,1,0
53572902,28,15,13,28,15,13,3,1,2,4,1,3,0,0,0,0,0,0,25,11,14,12,6,6,1,0,1,1,0,1,6,3,3,5,2,3,0,0,0
53574501,130,76,54,123,74,49,0,0,0,10,6,4,1,0,1,7,2,5,102,46,56,47,19,28,0,0,0,6,0,6,18,12,6,31,15,16,2,1,1
53574502,21,13,8,21,13,8,3,1,2,3,1,2,0,0,0,0,0,0,33,15,18,24,11,13,0,0,0,1,0,1,3,1,2,5,3,2,0,0,0
53581801,301,166,135,291,162,129,6,2,4,27,14,13,1,0,1,10,4,6,259,112,147,101,38,63,1,1,0,17,0,17,61,31,30,79,42,37,10,5,5
53583401,52,28,24,50,26,24,1,1,0,2,1,1,0,0,0,2,2,0,53,23,30,22,9,13,0,0,0,2,0,2,11,5,6,18,9,9,0,0,0
53583402,75,41,34,75,41,34,3,1,2,10,7,3,1,0,1,0,0,0,57,24,33,36,15,21,0,0,0,1,0,1,7,1,6,13,8,5,1,1,0
53586901,29,16,13,28,16,12,0,0,0,1,1,0,0,0,0,1,0,1,31,10,21,11,4,7,0,0,0,2,0,2,7,1,6,11,5,6,2,2,0
53586902,380,212,168,370,209,161,17,9,8,32,17,15,5,0,5,10,3,7,307,140,167,116,52,64,1,1,0,16,0,16,61,29,32,113,58,55,4,3,1
1414291,0,0,0,0,0,0,0,0,0,0,0,0,0,0,0,0,0,0,0,0,0,0,0,0,0,0,0,0,0,0,0,0,0,0,0,0,0,0,0
53592302,59,35,24,56,34,22,2,1,1,3,1,2,1,0,1,3,1,2,53,27,26,19,12,7,1,0,1,3,0,3,14,6,8,16,9,7,1,0,1
53592303,71,42,29,68,41,27,5,2,3,15,9,6,0,0,0,3,1,2,48,29,19,16,8,8,0,0,0,4,0,4,13,11,2,15,10,5,3,2,1
53592304,24,13,11,24,13,11,0,0,0,2,1,1,1,0,1,0,0,0,20,9,11,14,5,9,0,0,0,0,0,0,3,2,1,3,2,1,0,0,0
53592305,21,15,6,20,14,6,0,0,0,2,2,0,0,0,0,1,1,0,8,3,5,4,1,3,0,0,0,1,0,1,2,1,1,1,1,0,0,0,0
53592306,51,29,22,47,27,20,0,0,0,9,3,6,0,0,0,4,2,2,31,14,17,10,3,7,0,0,0,1,0,1,6,2,4,14,9,5,0,0,0
53592307,23,13,10,23,13,10,1,1,0,4,2,2,0,0,0,0,0,0,23,10,13,9,3,6,0,0,0,1,0,1,4,1,3,9,6,3,0,0,0
53593101,130,71,59,124,69,55,2,1,1,7,3,4,1,0,1,6,2,4,109,50,59,24,7,17,0,0,0,12,0,12,45,24,21,28,19,9,3,1,2
53593102,620,347,273,603,339,264,27,9,18,40,20,20,8,0,8,17,8,9,469,220,249,135,57,78,3,2,1,42,0,42,136,76,60,153,85,68,16,9,7
53596601,267,152,115,263,149,114,6,4,2,26,11,15,0,0,0,4,3,1,198,87,111,86,37,49,1,1,0,14,0,14,50,19,31,47,30,17,3,1,2
53597401,260,145,115,253,142,111,10,5,5,17,6,11,1,0,1,7,3,4,217,96,121,81,40,41,3,1,2,15,0,15,46,18,28,72,37,35,3,3,0
53600802,15,7,8,15,7,8,0,0,0,0,0,0,0,0,0,0,0,0,9,5,4,0,0,0,0,0,0,0,0,0,0,0,0,9,5,4,0,0,0
53600803,319,178,141,307,171,136,11,4,7,34,14,20,8,0,8,12,7,5,285,129,156,122,59,63,0,0,0,22,0,22,69,35,34,72,35,37,11,6,5
53600804,41,27,14,41,27,14,1,1,0,3,3,0,0,0,0,0,0,0,36,16,20,8,5,3,0,0,0,6,0,6,13,9,4,9,2,7,0,0,0
53600805,23,15,8,23,15,8,2,1,1,3,2,1,0,0,0,0,0,0,26,12,14,16,8,8,1,0,1,0,0,0,2,1,1,7,3,4,1,1,0
53600806,39,22,17,39,22,17,2,0,2,5,3,2,0,0,0,0,0,0,21,12,9,11,5,6,1,1,0,1,0,1,1,1,0,7,5,2,2,2,0
53602401,52,30,22,52,30,22,1,1,0,7,3,4,0,0,0,0,0,0,56,27,29,15,7,8,1,1,0,7,0,7,13,6,7,20,13,7,0,0,0
53602402,475,276,199,456,266,190,21,11,10,37,28,9,4,0,4,19,10,9,400,164,236,134,52,82,0,0,0,22,0,22,89,36,53,155,76,79,15,10,5
3208712,0,0,0,0,0,0,0,0,0,0,0,0,0,0,0,0,0,0,0,0,0,0,0,0,0,0,0,0,0,0,0,0,0,0,0,0,0,0,0
53604101,19,11,8,16,11,5,0,0,0,2,1,1,0,0,0,3,0,3,22,9,13,12,7,5,0,0,0,1,0,1,2,1,1,7,1,6,0,0,0
53604102,24,16,8,23,15,8,0,0,0,5,4,1,1,0,1,1,1,0,20,6,14,8,2,6,1,0,1,1,0,1,6,3,3,4,1,3,0,0,0
53604103,689,382,307,671,377,294,29,16,13,49,22,27,5,0,5,18,5,13,580,254,326,196,79,117,2,0,2,34,0,34,115,62,53,233,113,120,9,7,2
53604104,43,25,18,42,24,18,0,0,0,6,3,3,1,0,1,1,1,0,49,22,27,24,10,14,0,0,0,1,0,1,8,3,5,16,9,7,0,0,0
53604105,55,31,24,54,30,24,1,1,0,5,2,3,0,0,0,1,1,0,45,17,28,16,6,10,0,0,0,1,0,1,8,3,5,20,8,12,1,0,1
53604106,44,28,16,44,28,16,0,0,0,4,3,1,0,0,0,0,0,0,32,9,23,15,4,11,0,0,0,2,0,2,6,1,5,9,4,5,1,1,0
53604107,21,9,12,21,9,12,1,0,1,2,0,2,0,0,0,0,0,0,29,15,14,18,8,10,0,0,0,0,0,0,1,1,0,10,6,4,0,0,0
53604108,33,19,14,33,19,14,2,0,2,1,0,1,0,0,0,0,0,0,27,13,14,9,3,6,0,0,0,2,0,2,3,1,2,13,9,4,0,0,0
53604110,61,33,28,60,32,28,3,2,1,9,3,6,5,0,5,1,1,0,50,20,30,30,12,18,0,0,0,0,0,0,11,4,7,9,4,5,0,0,0
53604111,20,12,8,20,12,8,0,0,0,0,0,0,0,0,0,0,0,0,23,11,12,8,2,6,0,0,0,2,0,2,8,5,3,5,4,1,0,0,0
53604112,24,15,9,24,15,9,1,0,1,2,0,2,0,0,0,0,0,0,26,12,14,10,4,6,0,0,0,2,0,2,10,5,5,4,3,1,1,0,1
53604113,56,36,20,55,36,19,2,1,1,0,0,0,0,0,0,1,0,1,58,26,32,23,11,12,0,0,0,5,0,5,14,5,9,16,10,6,1,0,1
53604114,40,26,14,38,25,13,1,1,0,2,1,1,0,0,0,2,1,1,33,13,20,10,4,6,0,0,0,3,0,3,7,2,5,13,7,6,0,0,0
53604115,30,18,12,30,18,12,1,1,0,3,2,1,0,0,0,0,0,0,30,13,17,16,6,10,0,0,0,0,0,0,3,0,3,11,7,4,1,0,1
53606701,247,146,101,240,144,96,9,5,4,34,21,13,4,0,4,7,2,5,221,97,124,93,38,55,0,0,0,14,0,14,43,21,22,71,38,33,6,3,3
53612101,268,145,123,260,140,120,11,4,7,20,8,12,5,0,5,8,5,3,225,104,121,86,40,46,1,1,0,15,1,14,49,22,27,74,40,34,4,3,1
53616401,93,56,37,91,55,36,2,0,2,7,2,5,0,0,0,2,1,1,95,42,53,42,17,25,1,0,1,5,0,5,20,13,7,27,12,15,4,1,3
53617201,53,29,24,50,27,23,2,2,0,3,2,1,1,0,1,3,2,1,33,17,16,11,6,5,0,0,0,1,0,1,7,5,2,14,6,8,0,0,0
53617202,56,31,25,53,29,24,3,1,2,8,6,2,0,0,0,3,2,1,54,26,28,23,11,12,0,0,0,3,0,3,12,6,6,16,9,7,1,1,0
53617203,59,31,28,57,31,26,5,2,3,7,6,1,0,0,0,2,0,2,89,47,42,28,8,20,0,0,0,3,0,3,17,13,4,41,26,15,1,0,1
53617204,124,68,56,121,67,54,7,4,3,16,8,8,0,0,0,3,1,2,99,52,47,43,23,20,2,2,0,2,0,2,11,6,5,41,21,20,0,0,0
53618101,37,19,18,37,19,18,0,0,0,5,3,2,0,0,0,0,0,0,37,14,23,11,3,8,0,0,0,3,0,3,8,5,3,15,6,9,1,1,0
53618102,161,96,65,151,92,59,3,1,2,10,5,5,1,0,1,10,4,6,151,74,77,62,28,34,0,0,0,7,0,7,31,19,12,51,27,24,2,1,1
53618103,53,31,22,50,30,20,2,1,1,2,1,1,0,0,0,3,1,2,47,15,32,27,9,18,0,0,0,4,1,3,7,4,3,9,1,8,1,1,0
53618104,117,71,46,111,67,44,2,2,0,7,5,2,2,0,2,6,4,2,122,44,78,64,19,45,0,0,0,5,0,5,21,7,14,32,18,14,1,0,1
53618105,115,65,50,110,61,49,1,1,0,9,4,5,1,0,1,5,4,1,93,41,52,49,19,30,0,0,0,3,0,3,16,8,8,25,14,11,5,4,1
53620201,198,122,76,196,121,75,3,2,1,22,13,9,1,0,1,2,1,1,186,75,111,100,42,58,0,0,0,10,0,10,29,13,16,47,20,27,2,2,0
53621101,69,34,35,67,33,34,3,1,2,6,1,5,1,0,1,2,1,1,65,29,36,25,15,10,0,0,0,5,0,5,11,3,8,24,11,13,1,1,0
53621102,15,6,9,14,6,8,0,0,0,3,1,2,0,0,0,1,0,1,16,12,4,7,4,3,0,0,0,0,0,0,1,1,0,8,7,1,0,0,0
53626101,18,12,6,18,12,6,1,1,0,5,3,2,0,0,0,0,0,0,22,7,15,11,4,7,0,0,0,2,0,2,4,1,3,5,2,3,1,1,0
53626102,19,9,10,18,8,10,0,0,0,1,0,1,1,0,1,1,1,0,19,8,11,11,6,5,0,0,0,1,0,1,3,1,2,4,1,3,0,0,0
53626103,136,73,63,128,69,59,4,1,3,8,3,5,2,0,2,8,4,4,144,68,76,62,28,34,0,0,0,10,0,10,29,15,14,43,25,18,2,2,0
53627001,499,283,216,489,278,211,16,7,9,41,24,17,1,0,1,10,5,5,493,190,303,274,94,180,2,1,1,24,0,24,75,37,38,118,58,60,9,6,3
53627002,58,33,25,52,32,20,2,1,1,1,0,1,2,0,2,6,1,5,53,22,31,23,8,15,0,0,0,2,0,2,10,4,6,18,10,8,0,0,0
53627003,686,353,333,676,348,328,30,13,17,32,15,17,4,0,4,10,5,5,465,203,262,109,42,67,2,2,0,29,0,29,106,51,55,219,108,111,10,3,7
3077420,0,0,0,0,0,0,0,0,0,0,0,0,0,0,0,0,0,0,0,0,0,0,0,0,0,0,0,0,0,0,0,0,0,0,0,0,0,0,0
53632601,33,19,14,32,18,14,3,2,1,3,1,2,1,0,1,1,1,0,23,10,13,6,3,3,0,0,0,2,0,2,5,1,4,10,6,4,0,0,0
53632602,78,46,32,78,46,32,3,0,3,5,4,1,0,0,0,0,0,0,71,34,37,22,11,11,0,0,0,5,0,5,21,13,8,23,10,13,0,0,0
53632603,60,29,31,57,27,30,5,1,4,4,0,4,0,0,0,3,2,1,43,19,24,23,10,13,0,0,0,2,0,2,6,1,5,12,8,4,0,0,0
53632604,12,9,3,12,9,3,0,0,0,12,9,3,0,0,0,0,0,0,79,42,37,79,42,37,0,0,0,0,0,0,0,0,0,0,0,0,0,0,0
53632605,139,71,68,138,70,68,2,1,1,17,8,9,1,0,1,1,1,0,124,64,60,44,22,22,0,0,0,5,0,5,27,13,14,48,29,19,1,1,0
53632606,66,43,23,64,41,23,0,0,0,4,3,1,1,0,1,2,2,0,46,19,27,22,9,13,1,1,0,2,0,2,9,4,5,12,5,7,0,0,0
53632607,323,181,142,319,181,138,8,2,6,11,6,5,11,0,11,4,0,4,271,121,150,19,9,10,0,0,0,22,0,22,95,45,50,135,67,68,3,1,2
53632608,7,5,2,7,5,2,1,1,0,1,1,0,0,0,0,0,0,0,15,4,11,5,2,3,0,0,0,2,0,2,3,1,2,5,1,4,0,0,0
53632609,16,9,7,16,9,7,0,0,0,0,0,0,0,0,0,0,0,0,18,7,11,6,3,3,0,0,0,2,0,2,7,3,4,3,1,2,0,0,0
53632610,44,24,20,42,24,18,3,1,2,5,4,1,1,0,1,2,0,2,38,18,20,18,8,10,0,0,0,2,0,2,8,4,4,10,6,4,0,0,0
53632612,364,212,152,356,207,149,14,11,3,33,17,16,6,0,6,8,5,3,301,127,174,149,59,90,0,0,0,14,0,14,53,33,20,85,35,50,2,1,1
53632613,56,31,25,54,30,24,1,1,0,3,0,3,0,0,0,2,1,1,25,12,13,18,7,11,0,0,0,0,0,0,1,1,0,6,4,2,0,0,0
53632615,1045,557,488,1010,544,466,31,10,21,134,60,74,7,0,7,35,13,22,890,384,506,492,201,291,2,1,1,45,0,45,135,65,70,216,117,99,17,8,9
53632616,370,202,168,360,195,165,8,4,4,38,17,21,2,0,2,10,7,3,308,129,179,169,66,103,1,0,1,15,0,15,39,21,18,84,42,42,39,26,13
53632617,407,221,186,390,213,177,11,8,3,46,21,25,1,0,1,17,8,9,413,174,239,231,84,147,3,2,1,15,0,15,66,35,31,98,53,45,3,0,3
53632618,416,224,192,406,219,187,12,8,4,43,18,25,5,0,5,10,5,5,301,129,172,121,46,75,0,0,0,13,0,13,66,29,37,101,54,47,5,5,0
53632620,39,22,17,39,22,17,1,1,0,0,0,0,1,0,1,0,0,0,41,13,28,2,1,1,0,0,0,3,0,3,16,6,10,20,6,14,0,0,0
53632622,50,32,18,49,31,18,0,0,0,6,1,5,0,0,0,1,1,0,16,8,8,11,4,7,0,0,0,0,0,0,3,3,0,2,1,1,2,1,1
53632624,507,277,230,497,274,223,18,8,10,55,23,32,3,0,3,10,3,7,532,195,337,345,113,232,1,1,0,14,0,14,56,28,28,116,53,63,6,1,5
53632625,496,261,235,482,255,227,7,3,4,55,32,23,4,0,4,14,6,8,371,154,217,206,76,130,2,2,0,12,0,12,49,24,25,102,52,50,6,3,3
53632626,67,41,26,65,40,25,2,1,1,5,4,1,1,0,1,2,1,1,57,23,34,23,9,14,0,0,0,4,0,4,12,5,7,18,9,9,1,1,0
53632627,12,7,5,12,7,5,0,0,0,0,0,0,0,0,0,0,0,0,15,6,9,6,2,4,0,0,0,1,0,1,1,0,1,7,4,3,0,0,0
53632628,21,11,10,21,11,10,0,0,0,2,1,1,0,0,0,0,0,0,26,9,17,10,4,6,0,0,0,3,0,3,5,1,4,8,4,4,0,0,0
53633401,111,59,52,108,58,50,4,2,2,13,6,7,0,0,0,3,1,2,85,42,43,32,13,19,1,1,0,2,0,2,9,7,2,41,21,20,3,1,2
3266230,0,0,0,0,0,0,0,0,0,0,0,0,0,0,0,0,0,0,0,0,0,0,0,0,0,0,0,0,0,0,0,0,0,0,0,0,0,0,0
53635101,241,125,116,235,123,112,13,6,7,22,13,9,1,0,1,6,2,4,208,87,121,86,40,46,1,1,0,6,0,6,30,10,20,85,36,49,0,0,0
53637701,137,74,63,136,73,63,7,1,6,7,3,4,3,0,3,1,1,0,124,65,59,47,24,23,0,0,0,7,0,7,20,10,10,50,31,19,1,1,0
53637702,20,10,10,20,10,10,1,0,1,0,0,0,0,0,0,0,0,0,10,4,6,5,2,3,0,0,0,0,0,0,0,0,0,5,2,3,0,0,0
53640701,139,83,56,136,82,54,2,0,2,11,7,4,0,0,0,3,1,2,109,49,60,57,23,34,0,0,0,4,0,4,13,8,5,35,18,17,0,0,0
53643101,22,15,7,21,14,7,0,0,0,4,3,1,0,0,0,1,1,0,19,9,10,5,2,3,0,0,0,2,0,2,5,3,2,7,4,3,0,0,0
53643102,166,91,75,163,89,74,9,4,5,12,3,9,5,0,5,3,2,1,135,55,80,48,21,27,0,0,0,9,0,9,23,6,17,55,28,27,1,0,1
53644001,482,271,211,473,267,206,22,11,11,24,14,10,7,0,7,9,4,5,381,148,233,106,39,67,0,0,0,33,1,32,100,42,58,142,66,76,9,7,2
53644002,85,49,36,81,48,33,4,2,2,10,6,4,1,0,1,4,1,3,71,43,28,27,14,13,0,0,0,5,0,5,14,10,4,25,19,6,2,1,1
53645802,194,113,81,193,113,80,10,1,9,12,6,6,3,0,3,1,0,1,140,62,78,57,25,32,0,0,0,10,0,10,26,13,13,47,24,23,7,5,2
53645803,67,36,31,65,35,30,5,2,3,3,1,2,1,0,1,2,1,1,69,31,38,22,13,9,0,0,0,4,0,4,10,5,5,33,13,20,3,1,2
53649101,25,13,12,24,13,11,2,0,2,5,2,3,0,0,0,1,0,1,15,5,10,4,1,3,0,0,0,2,0,2,8,4,4,1,0,1,0,0,0
53649102,592,313,279,579,307,272,21,8,13,41,22,19,5,0,5,13,6,7,298,136,162,133,50,83,1,0,1,17,0,17,57,36,21,90,50,40,6,3,3
3266660,0,0,0,0,0,0,0,0,0,0,0,0,0,0,0,0,0,0,0,0,0,0,0,0,0,0,0,0,0,0,0,0,0,0,0,0,0,0,0
53658001,445,251,194,441,248,193,17,7,10,43,26,17,2,0,2,4,3,1,317,130,187,134,48,86,0,0,0,15,0,15,38,20,18,130,62,68,6,4,2
53661001,383,207,176,374,203,171,17,10,7,40,14,26,3,0,3,9,4,5,343,161,182,136,51,85,0,0,0,17,0,17,60,29,31,130,81,49,3,0,3
53663601,214,118,96,209,117,92,5,2,3,25,10,15,4,0,4,5,1,4,167,74,93,75,33,42,1,1,0,8,0,8,31,19,12,52,21,31,1,0,1
53665201,47,25,22,46,25,21,1,0,1,6,1,5,2,0,2,1,0,1,44,21,23,11,6,5,0,0,0,3,0,3,11,5,6,19,10,9,0,0,0
53665202,119,68,51,118,67,51,3,2,1,11,8,3,0,0,0,1,1,0,119,49,70,64,29,35,0,0,0,4,0,4,15,8,7,36,12,24,0,0,0
53665203,98,59,39,96,57,39,1,0,1,6,5,1,1,0,1,2,2,0,97,50,47,56,26,30,0,0,0,4,0,4,14,10,4,23,14,9,4,2,2
53665204,51,26,25,49,26,23,2,0,2,6,4,2,0,0,0,2,0,2,57,22,35,31,13,18,0,0,0,2,0,2,8,2,6,16,7,9,1,1,0
53665205,46,27,19,46,27,19,3,0,3,3,1,2,1,0,1,0,0,0,29,15,14,14,5,9,0,0,0,1,0,1,7,6,1,7,4,3,0,0,0
53666101,16,7,9,15,7,8,0,0,0,3,0,3,0,0,0,1,0,1,13,6,7,7,3,4,0,0,0,0,0,0,2,0,2,4,3,1,0,0,0
53666103,300,167,133,293,164,129,12,5,7,38,21,17,0,0,0,7,3,4,242,103,139,99,44,55,1,1,0,16,0,16,49,28,21,77,30,47,1,0,1
53670901,177,95,82,171,92,79,7,3,4,13,5,8,3,0,3,6,3,3,125,55,70,47,18,29,0,0,0,10,0,10,33,19,14,35,18,17,1,1,0
53671701,119,69,50,117,68,49,5,1,4,14,11,3,0,0,0,2,1,1,77,31,46,31,12,19,2,2,0,3,0,3,10,3,7,31,14,17,4,3,1
53676801,42,26,16,42,26,16,1,0,1,3,2,1,2,0,2,0,0,0,27,11,16,9,2,7,0,0,0,3,0,3,9,6,3,6,3,3,0,0,0
53676802,182,103,79,180,102,78,6,4,2,13,8,5,2,0,2,2,1,1,125,50,75,65,25,40,1,1,0,3,0,3,20,8,12,36,16,20,4,4,0
53685701,48,27,21,46,26,20,0,0,0,1,0,1,1,0,1,2,1,1,26,12,14,9,1,8,0,0,0,1,0,1,7,3,4,9,8,1,0,0,0
53685704,106,57,49,102,54,48,2,0,2,17,9,8,1,0,1,4,3,1,98,43,55,49,23,26,0,0,0,8,0,8,20,9,11,21,11,10,2,1,1
53685705,50,29,21,50,29,21,0,0,0,3,2,1,0,0,0,0,0,0,36,14,22,15,3,12,0,0,0,2,0,2,8,5,3,11,6,5,2,1,1
53685706,15,6,9,15,6,9,0,0,0,1,0,1,0,0,0,0,0,0,7,5,2,4,4,0,0,0,0,0,0,0,0,0,0,3,1,2,0,0,0
53693801,169,93,76,162,89,73,3,1,2,15,9,6,2,0,2,7,4,3,173,84,89,83,42,41,0,0,0,7,0,7,29,13,16,54,29,25,5,3,2
53693802,200,107,93,195,106,89,6,2,4,19,6,13,1,0,1,5,1,4,125,55,70,61,27,34,0,0,0,10,0,10,23,13,10,31,15,16,2,1,1
53697101,16,9,7,15,9,6,0,0,0,1,1,0,0,0,0,1,0,1,16,7,9,5,3,2,0,0,0,1,0,1,5,2,3,5,2,3,3,3,0
53697102,31,15,16,30,15,15,0,0,0,3,1,2,0,0,0,1,0,1,27,9,18,12,4,8,0,0,0,1,0,1,7,3,4,7,2,5,1,1,0
53697103,402,214,188,396,211,185,14,8,6,36,14,22,2,0,2,6,3,3,377,176,201,180,80,100,1,1,0,15,0,15,60,34,26,121,61,60,4,3,1
53697104,15,9,6,15,9,6,0,0,0,1,0,1,0,0,0,0,0,0,14,6,8,11,5,6,0,0,0,0,0,0,1,0,1,2,1,1,0,0,0
53697105,40,23,17,38,23,15,2,0,2,4,3,1,0,0,0,2,0,2,45,23,22,12,6,6,1,0,1,4,0,4,12,10,2,16,7,9,2,0,2
53697106,150,82,68,147,80,67,1,0,1,14,5,9,3,0,3,3,2,1,127,55,72,61,29,32,0,0,0,8,0,8,18,8,10,40,18,22,1,0,1
53697107,95,52,43,91,50,41,2,1,1,9,5,4,1,0,1,4,2,2,94,52,42,35,17,18,0,0,0,6,0,6,21,13,8,32,22,10,0,0,0
53698901,206,119,87,201,116,85,9,4,5,25,14,11,1,0,1,5,3,2,170,85,85,81,36,45,0,0,0,7,0,7,29,17,12,53,32,21,5,2,3
53699701,201,111,90,199,109,90,11,6,5,17,6,11,1,0,1,2,2,0,181,89,92,63,29,34,0,0,0,15,0,15,48,30,18,55,30,25,2,0,2
55703001,87,46,41,85,45,40,8,3,5,6,2,4,1,0,1,2,1,1,71,35,36,25,11,14,0,0,0,5,0,5,18,8,10,23,16,7,0,0,0
55703002,27,14,13,27,14,13,0,0,0,6,3,3,0,0,0,0,0,0,31,15,16,16,6,10,0,0,0,0,0,0,6,2,4,9,7,2,0,0,0
55703003,82,46,36,80,45,35,6,5,1,9,3,6,0,0,0,2,1,1,75,38,37,25,12,13,1,0,1,3,0,3,13,7,6,33,19,14,0,0,0
55703004,205,105,100,199,103,96,8,2,6,25,16,9,0,0,0,6,2,4,144,67,77,59,27,32,0,0,0,5,0,5,29,14,15,51,26,25,5,2,3
56553901,193,114,79,190,112,78,4,1,3,19,7,12,2,0,2,3,2,1,136,60,76,54,22,32,0,0,0,9,0,9,26,10,16,47,28,19,3,1,2
56556301,181,95,86,179,94,85,13,9,4,19,8,11,4,0,4,2,1,1,164,87,77,66,36,30,0,0,0,4,0,4,24,14,10,70,37,33,1,1,0
56557102,238,135,103,228,131,97,7,5,2,26,14,12,0,0,0,10,4,6,188,75,113,97,44,53,1,1,0,9,0,9,28,10,18,53,20,33,3,1,2
56558001,144,76,68,139,74,65,4,2,2,9,3,6,1,0,1,5,2,3,112,57,55,43,20,23,0,0,0,2,0,2,19,10,9,48,27,21,1,0,1
56562801,154,82,72,150,81,69,10,3,7,13,5,8,2,0,2,4,1,3,155,67,88,66,29,37,0,0,0,10,0,10,30,15,15,49,23,26,0,0,0
56563601,141,77,64,136,75,61,4,3,1,16,7,9,0,0,0,5,2,3,118,63,55,36,19,17,1,1,0,4,0,4,14,7,7,63,36,27,0,0,0
56564401,284,166,118,276,162,114,5,5,0,36,18,18,3,0,3,8,4,4,249,106,143,107,50,57,1,0,1,10,0,10,47,21,26,84,35,49,7,4,3
56565201,27,18,9,26,17,9,0,0,0,4,2,2,0,0,0,1,1,0,27,15,12,19,10,9,0,0,0,1,0,1,1,1,0,6,4,2,1,0,1
56566101,42,22,20,41,22,19,2,0,2,4,3,1,0,0,0,1,0,1,37,17,20,19,8,11,0,0,0,0,0,0,2,1,1,16,8,8,0,0,0
56572501,65,36,29,62,34,28,0,0,0,11,7,4,0,0,0,3,2,1,63,29,34,34,15,19,0,0,0,2,0,2,11,6,5,16,8,8,2,1,1
56573301,126,61,65,123,59,64,3,2,1,4,2,2,0,0,0,3,2,1,98,49,49,40,14,26,0,0,0,3,0,3,20,14,6,35,21,14,3,2,1
56575001,63,32,31,61,32,29,1,0,1,6,5,1,0,0,0,2,0,2,55,23,32,23,11,12,1,1,0,2,0,2,6,2,4,23,9,14,2,0,2
56578401,114,61,53,112,59,53,7,5,2,7,3,4,1,0,1,2,2,0,113,56,57,40,20,20,0,0,0,9,1,8,36,20,16,28,15,13,2,0,2
56578402,62,33,29,62,33,29,4,2,2,3,2,1,1,0,1,0,0,0,58,29,29,29,14,15,0,0,0,2,0,2,8,5,3,19,10,9,0,0,0
56582201,43,24,19,42,24,18,1,1,0,3,1,2,0,0,0,1,0,1,52,23,29,26,10,16,0,0,0,3,0,3,8,2,6,15,11,4,0,0,0
56592001,50,29,21,48,29,19,3,2,1,8,2,6,0,0,0,2,0,2,49,22,27,25,11,14,0,0,0,2,0,2,9,7,2,13,4,9,0,0,0
56603901,17,11,6,17,11,6,0,0,0,5,3,2,0,0,0,0,0,0,11,4,7,2,0,2,0,0,0,1,0,1,2,0,2,6,4,2,0,0,0
56603902,19,9,10,19,9,10,0,0,0,1,0,1,0,0,0,0,0,0,17,6,11,9,3,6,0,0,0,0,0,0,3,1,2,5,2,3,0,0,0
56603903,156,81,75,152,80,72,4,1,3,16,8,8,1,0,1,4,1,3,132,58,74,62,26,36,0,0,0,5,0,5,24,11,13,41,21,20,2,1,1
56604701,80,48,32,73,45,28,2,1,1,8,5,3,1,0,1,7,3,4,84,30,54,27,12,15,0,0,0,6,0,6,19,5,14,32,13,19,0,0,0
56604702,22,12,10,22,12,10,0,0,0,0,0,0,0,0,0,0,0,0,11,5,6,6,2,4,0,0,0,0,0,0,0,0,0,5,3,2,0,0,0
56604703,19,12,7,18,11,7,2,0,2,4,2,2,0,0,0,1,1,0,11,5,6,5,2,3,0,0,0,1,0,1,4,2,2,1,1,0,1,0,1
57075301,45,25,20,43,25,18,1,1,0,3,2,1,1,0,1,2,0,2,48,25,23,25,12,13,0,0,0,1,0,1,5,4,1,17,9,8,1,1,0
57076101,62,37,25,59,35,24,1,1,0,3,1,2,1,0,1,3,2,1,56,21,35,29,12,17,0,0,0,5,0,5,12,4,8,10,5,5,0,0,0
57077001,35,20,15,34,19,15,0,0,0,6,3,3,2,0,2,1,1,0,46,21,25,24,11,13,0,0,0,3,0,3,12,6,6,7,4,3,0,0,0
57077003,72,40,32,71,40,31,0,0,0,11,7,4,0,0,0,1,0,1,57,26,31,32,14,18,0,0,0,2,0,2,9,5,4,14,7,7,0,0,0
57078801,821,447,374,803,442,361,52,27,25,61,31,30,2,0,2,18,5,13,542,260,282,126,55,71,4,3,1,23,1,22,95,41,54,294,160,134,9,4,5
3418510,0,0,0,0,0,0,0,0,0,0,0,0,0,0,0,0,0,0,0,0,0,0,0,0,0,0,0,0,0,0,0,0,0,0,0,0,0,0,0
57081801,151,86,65,149,85,64,5,1,4,22,11,11,2,0,2,2,1,1,100,53,47,35,17,18,0,0,0,1,0,1,17,7,10,47,29,18,1,1,0
0698920,0,0,0,0,0,0,0,0,0,0,0,0,0,0,0,0,0,0,0,0,0,0,0,0,0,0,0,0,0,0,0,0,0,0,0,0,0,0,0
0699140,0,0,0,0,0,0,0,0,0,0,0,0,0,0,0,0,0,0,0,0,0,0,0,0,0,0,0,0,0,0,0,0,0,0,0,0,0,0,0
0699310,0,0,0,0,0,0,0,0,0,0,0,0,0,0,0,0,0,0,0,0,0,0,0,0,0,0,0,0,0,0,0,0,0,0,0,0,0,0,0
3076290,0,0,0,0,0,0,0,0,0,0,0,0,0,0,0,0,0,0,0,0,0,0,0,0,0,0,0,0,0,0,0,0,0,0,0,0,0,0,0
57082601,211,114,97,209,113,96,6,2,4,11,4,7,0,0,0,2,1,1,189,89,100,67,36,31,0,0,0,16,1,15,44,26,18,62,26,36,1,0,1
57082602,10,6,4,10,6,4,0,0,0,2,1,1,1,0,1,0,0,0,10,3,7,7,2,5,0,0,0,0,0,0,1,0,1,2,1,1,0,0,0
57082603,984,574,410,963,561,402,49,27,22,65,36,29,9,0,9,21,13,8,802,361,441,393,171,222,3,2,1,35,0,35,122,48,74,249,140,109,8,1,7
57082604,941,526,415,910,509,401,52,30,22,103,53,50,4,0,4,31,17,14,832,366,466,388,156,232,0,0,0,35,0,35,131,59,72,278,151,127,18,15,3
57082605,206,126,80,185,112,73,3,2,1,9,6,3,0,0,0,21,14,7,242,110,132,186,77,109,0,0,0,2,0,2,31,22,9,23,11,12,17,10,7
57082606,321,277,44,320,277,43,2,1,1,9,7,2,0,0,0,1,0,1,40,18,22,13,4,9,1,0,1,3,0,3,5,3,2,18,11,7,11,11,0
57082607,179,101,78,178,101,77,9,5,4,9,5,4,0,0,0,1,0,1,119,44,75,27,10,17,0,0,0,8,0,8,30,9,21,54,25,29,2,1,1
57084201,133,73,60,127,70,57,4,2,2,7,3,4,1,0,1,6,3,3,126,56,70,72,34,38,0,0,0,4,0,4,14,7,7,36,15,21,7,7,0
57089301,41,22,19,41,22,19,1,0,1,5,3,2,0,0,0,0,0,0,28,13,15,16,8,8,0,0,0,0,0,0,6,1,5,6,4,2,1,0,1
57089302,87,49,38,83,47,36,6,4,2,9,6,3,1,0,1,4,2,2,86,35,51,38,16,22,0,0,0,3,0,3,10,5,5,35,14,21,1,1,0
57092301,63,32,31,59,31,28,2,1,1,11,5,6,0,0,0,4,1,3,48,24,24,28,14,14,0,0,0,1,0,1,5,1,4,14,9,5,0,0,0
57094001,174,97,77,173,96,77,9,5,4,15,8,7,1,0,1,1,1,0,174,81,93,43,17,26,0,0,0,11,0,11,36,17,19,84,47,37,2,2,0
57097401,257,139,118,254,137,117,19,12,7,19,9,10,1,0,1,3,2,1,189,99,90,46,20,26,0,0,0,8,0,8,44,24,20,91,55,36,0,0,0
57098201,44,24,20,43,23,20,1,0,1,9,5,4,0,0,0,1,1,0,32,14,18,12,4,8,0,0,0,2,0,2,7,5,2,11,5,6,0,0,0
57098202,200,116,84,193,113,80,2,1,1,9,6,3,2,0,2,7,3,4,171,66,105,55,20,35,0,0,0,19,1,18,54,28,26,43,17,26,5,4,1
57099101,86,46,40,82,45,37,3,2,1,10,4,6,0,0,0,4,1,3,59,25,34,21,10,11,0,0,0,3,0,3,10,4,6,25,11,14,2,1,1
57103201,97,56,41,96,55,41,2,1,1,7,4,3,1,0,1,1,1,0,104,49,55,43,19,24,0,0,0,7,0,7,22,14,8,32,16,16,1,1,0
57106701,86,52,34,86,52,34,1,0,1,8,4,4,0,0,0,0,0,0,66,28,38,26,10,16,0,0,0,2,0,2,10,3,7,28,15,13,2,2,0
57107501,34,20,14,33,19,14,0,0,0,3,2,1,0,0,0,1,1,0,33,13,20,18,8,10,1,0,1,2,0,2,8,4,4,4,1,3,0,0,0
57112101,92,55,37,88,54,34,3,2,1,9,3,6,0,0,0,4,1,3,75,27,48,28,13,15,0,0,0,7,0,7,19,6,13,21,8,13,0,0,0
57112102,21,15,6,21,15,6,0,0,0,6,4,2,0,0,0,0,0,0,16,5,11,8,3,5,0,0,0,1,0,1,7,2,5,0,0,0,0,0,0
57112103,56,32,24,54,32,22,1,0,1,9,4,5,0,0,0,2,0,2,72,25,47,61,20,41,0,0,0,1,0,1,4,1,3,6,4,2,1,1,0
57114802,83,52,31,78,48,30,0,0,0,13,6,7,0,0,0,5,4,1,69,27,42,29,10,19,0,0,0,6,0,6,13,6,7,21,11,10,1,0,1
57115601,74,49,25,71,48,23,1,1,0,10,4,6,0,0,0,3,1,2,69,29,40,34,14,20,0,0,0,6,0,6,15,8,7,14,7,7,2,0,2
57117201,83,48,35,81,48,33,0,0,0,3,1,2,1,0,1,2,0,2,71,30,41,19,9,10,1,0,1,6,0,6,14,6,8,31,15,16,0,0,0
57180601,167,98,69,165,98,67,6,1,5,14,7,7,1,0,1,2,0,2,124,52,72,57,24,33,0,0,0,7,0,7,25,12,13,35,16,19,0,0,0
57181401,336,190,146,328,185,143,12,4,8,34,16,18,2,0,2,8,5,3,270,128,142,91,41,50,1,0,1,20,0,20,61,32,29,97,55,42,5,4,1
57184901,92,50,42,85,45,40,2,1,1,4,2,2,2,0,2,7,5,2,125,54,71,53,23,30,1,1,0,8,0,8,28,12,16,35,18,17,1,1,0
57186501,31,14,17,31,14,17,2,0,2,5,2,3,0,0,0,0,0,0,41,23,18,23,12,11,0,0,0,2,0,2,5,4,1,11,7,4,0,0,0
57186502,47,22,25,42,20,22,1,0,1,4,2,2,0,0,0,5,2,3,48,20,28,30,11,19,0,0,0,1,0,1,8,6,2,9,3,6,1,1,0
57186503,23,14,9,23,14,9,0,0,0,2,1,1,0,0,0,0,0,0,9,4,5,6,3,3,0,0,0,1,0,1,1,1,0,1,0,1,0,0,0
57188101,29,16,13,27,15,12,0,0,0,4,3,1,0,0,0,2,1,1,33,12,21,9,3,6,0,0,0,3,0,3,4,2,2,17,7,10,0,0,0
57188102,35,18,17,35,18,17,1,1,0,6,4,2,1,0,1,0,0,0,37,18,19,16,8,8,0,0,0,3,1,2,9,6,3,9,3,6,0,0,0
57193801,24,14,10,24,14,10,0,0,0,0,0,0,0,0,0,0,0,0,26,10,16,10,4,6,0,0,0,2,0,2,3,1,2,11,5,6,1,1,0
57193802,12,7,5,12,7,5,1,1,0,4,1,3,0,0,0,0,0,0,8,2,6,3,1,2,0,0,0,1,0,1,3,1,2,1,0,1,0,0,0
57193803,56,27,29,56,27,29,1,1,0,2,0,2,0,0,0,0,0,0,39,17,22,4,2,2,0,0,0,3,0,3,11,4,7,21,11,10,1,0,1
57193804,28,17,11,28,17,11,0,0,0,5,3,2,0,0,0,0,0,0,24,7,17,12,4,8,0,0,0,3,0,3,4,2,2,5,1,4,0,0,0
57193805,12,6,6,12,6,6,0,0,0,3,3,0,0,0,0,0,0,0,10,4,6,6,3,3,0,0,0,0,0,0,0,0,0,4,1,3,0,0,0
57193806,29,20,9,28,19,9,0,0,0,6,4,2,0,0,0,1,1,0,15,6,9,7,3,4,0,0,0,0,0,0,0,0,0,8,3,5,0,0,0
57194601,57,32,25,56,32,24,3,1,2,4,2,2,2,0,2,1,0,1,53,24,29,26,11,15,0,0,0,4,0,4,10,6,4,13,7,6,1,0,1
57194602,82,46,36,79,44,35,7,5,2,3,2,1,0,0,0,3,2,1,62,24,38,36,14,22,2,1,1,4,0,4,9,3,6,11,6,5,0,0,0
57197101,62,36,26,61,36,25,0,0,0,10,7,3,0,0,0,1,0,1,60,26,34,29,10,19,0,0,0,2,0,2,10,3,7,19,13,6,1,1,0
57198901,47,27,20,46,27,19,2,2,0,3,1,2,1,0,1,1,0,1,36,15,21,17,7,10,0,0,0,0,0,0,7,3,4,12,5,7,1,0,1
57198902,12,5,7,12,5,7,0,0,0,0,0,0,0,0,0,0,0,0,10,5,5,4,2,2,0,0,0,0,0,0,2,0,2,4,3,1,1,0,1
57198903,92,52,40,88,51,37,0,0,0,8,5,3,1,0,1,4,1,3,86,41,45,35,18,17,0,0,0,6,0,6,19,8,11,26,15,11,0,0,0
57199701,34,20,14,32,20,12,1,0,1,4,3,1,0,0,0,2,0,2,34,14,20,21,7,14,0,0,0,2,0,2,5,3,2,6,4,2,2,2,0
57201201,64,40,24,63,40,23,3,1,2,5,3,2,1,0,1,1,0,1,58,25,33,25,12,13,0,0,0,4,0,4,14,7,7,15,6,9,0,0,0
57202101,75,45,30,71,41,30,2,0,2,10,4,6,0,0,0,4,4,0,70,33,37,32,17,15,0,0,0,3,0,3,23,10,13,12,6,6,6,4,2
59824101,18,10,8,17,10,7,0,0,0,2,1,1,0,0,0,1,0,1,16,7,9,7,3,4,0,0,0,1,0,1,3,1,2,5,3,2,0,0,0
59824102,29,17,12,28,16,12,0,0,0,2,0,2,1,0,1,1,1,0,23,10,13,3,2,1,0,0,0,3,0,3,11,5,6,6,3,3,1,0,1
59951401,155,91,64,151,88,63,2,2,0,15,8,7,1,0,1,4,3,1,105,45,60,46,18,28,0,0,0,4,0,4,17,8,9,38,19,19,5,2,3
59951402,27,18,9,27,18,9,3,2,1,3,2,1,0,0,0,0,0,0,25,11,14,11,5,6,0,0,0,2,0,2,2,1,1,10,5,5,1,0,1
59952201,82,41,41,80,39,41,2,1,1,8,3,5,0,0,0,2,2,0,73,29,44,34,16,18,0,0,0,0,0,0,6,2,4,33,11,22,1,1,0
59953101,177,102,75,168,96,72,4,2,2,15,8,7,1,0,1,9,6,3,148,56,92,51,20,31,0,0,0,10,0,10,40,17,23,47,19,28,4,2,2
59955701,44,24,20,43,24,19,1,0,1,3,1,2,0,0,0,1,0,1,33,16,17,20,11,9,0,0,0,1,0,1,2,0,2,10,5,5,0,0,0
59957301,59,35,24,54,34,20,0,0,0,10,8,2,1,0,1,5,1,4,49,25,24,26,12,14,0,0,0,2,0,2,9,8,1,12,5,7,0,0,0
50341001,26,16,10,25,15,10,0,0,0,4,2,2,0,0,0,1,1,0,20,9,11,11,3,8,0,0,0,0,0,0,4,2,2,5,4,1,0,0,0
50341002,64,34,30,62,33,29,1,1,0,5,2,3,2,0,2,2,1,1,64,29,35,34,16,18,0,0,0,1,0,1,9,3,6,20,10,10,5,3,2
52963001,116,70,46,111,68,43,1,0,1,20,13,7,0,0,0,5,2,3,110,48,62,48,20,28,0,0,0,10,0,10,22,10,12,30,18,12,1,1,0
52963002,57,30,27,55,30,25,3,0,3,3,0,3,0,0,0,2,0,2,46,19,27,26,12,14,0,0,0,1,0,1,9,2,7,10,5,5,0,0,0
53447102,196,112,84,184,106,78,4,1,3,23,13,10,2,0,2,12,6,6,198,103,95,94,42,52,0,0,0,8,0,8,28,21,7,68,40,28,3,1,2
53470601,89,52,37,84,49,35,4,3,1,12,5,7,0,0,0,5,3,2,85,32,53,49,22,27,0,0,0,5,0,5,7,2,5,24,8,16,2,1,1
53470602,9,6,3,9,6,3,0,0,0,1,1,0,0,0,0,0,0,0,15,4,11,15,4,11,0,0,0,0,0,0,0,0,0,0,0,0,0,0,0
53475701,110,65,45,106,62,44,3,2,1,10,6,4,2,0,2,4,3,1,113,49,64,75,31,44,0,0,0,1,0,1,12,5,7,25,13,12,0,0,0
53485401,76,43,33,75,43,32,3,3,0,10,4,6,1,0,1,1,0,1,87,34,53,30,12,18,0,0,0,6,0,6,18,10,8,33,12,21,1,0,1
53486201,180,91,89,170,86,84,10,2,8,18,11,7,1,0,1,10,5,5,127,58,69,57,24,33,0,0,0,3,0,3,19,10,9,48,24,24,5,2,3
53487101,178,95,83,169,90,79,4,1,3,17,10,7,3,0,3,9,5,4,156,70,86,61,25,36,0,0,0,10,0,10,32,16,16,53,29,24,2,0,2
53488901,114,63,51,107,62,45,1,1,0,12,7,5,0,0,0,7,1,6,82,37,45,36,18,18,0,0,0,4,0,4,8,2,6,34,17,17,0,0,0
53491901,141,79,62,131,75,56,6,0,6,12,8,4,1,0,1,10,4,6,118,51,67,52,19,33,0,0,0,7,0,7,29,18,11,30,14,16,1,1,0
53494301,180,103,77,173,99,74,11,6,5,18,10,8,1,0,1,7,4,3,154,68,86,65,30,35,0,0,0,7,0,7,31,13,18,51,25,26,2,1,1
53608301,107,66,41,101,65,36,1,0,1,13,7,6,0,0,0,6,1,5,89,39,50,51,18,33,0,0,0,2,0,2,13,5,8,23,16,7,2,2,0
1083750,0,0,0,0,0,0,0,0,0,0,0,0,0,0,0,0,0,0,0,0,0,0,0,0,0,0,0,0,0,0,0,0,0,0,0,0,0,0,0
3077690,0,0,0,0,0,0,0,0,0,0,0,0,0,0,0,0,0,0,0,0,0,0,0,0,0,0,0,0,0,0,0,0,0,0,0,0,0,0,0
3197830,0,0,0,0,0,0,0,0,0,0,0,0,0,0,0,0,0,0,0,0,0,0,0,0,0,0,0,0,0,0,0,0,0,0,0,0,0,0,0
3335810,0,0,0,0,0,0,0,0,0,0,0,0,0,0,0,0,0,0,0,0,0,0,0,0,0,0,0,0,0,0,0,0,0,0,0,0,0,0,0
53700401,315,163,152,304,155,149,13,4,9,29,15,14,5,0,5,11,8,3,273,127,146,126,58,68,3,2,1,9,0,9,43,21,22,92,46,46,2,1,1
53700402,131,74,57,128,73,55,3,1,2,3,2,1,3,0,3,3,1,2,132,63,69,5,2,3,0,0,0,12,0,12,48,31,17,67,30,37,0,0,0
53700406,767,406,361,711,375,336,33,10,23,69,35,34,10,0,10,56,31,25,693,290,403,301,113,188,2,2,0,31,0,31,137,65,72,222,110,112,5,2,3
53700407,77,41,36,76,41,35,3,2,1,1,1,0,1,0,1,1,0,1,89,42,47,16,6,10,0,0,0,4,0,4,29,9,20,40,27,13,0,0,0
53700408,802,398,404,773,386,387,20,4,16,105,42,63,7,0,7,29,12,17,587,249,338,270,109,161,1,1,0,33,0,33,111,55,56,172,84,88,6,4,2
53700409,954,506,448,916,484,432,42,19,23,108,58,50,4,1,3,38,22,16,838,346,492,382,149,233,2,1,1,35,0,35,128,53,75,291,143,148,6,2,4
53700410,594,318,276,575,308,267,32,13,19,87,44,43,5,0,5,19,10,9,490,210,280,194,73,121,2,1,1,33,1,32,104,55,49,157,80,77,5,2,3
53700411,746,425,321,671,385,286,22,6,16,75,39,36,7,0,7,75,40,35,583,229,354,243,85,158,6,6,0,24,0,24,119,54,65,191,84,107,51,35,16
53700412,36,16,20,32,14,18,2,0,2,5,0,5,0,0,0,4,2,2,18,10,8,9,6,3,0,0,0,0,0,0,1,0,1,8,4,4,0,0,0
53700413,514,283,231,500,277,223,27,15,12,72,47,25,8,0,8,14,6,8,586,250,336,320,134,186,2,2,0,21,0,21,82,37,45,161,77,84,6,3,3
53700414,466,251,215,448,237,211,19,12,7,40,20,20,0,0,0,18,14,4,348,139,209,113,40,73,0,0,0,15,0,15,62,25,37,158,74,84,3,0,3
53700415,720,368,352,671,338,333,16,6,10,95,41,54,4,0,4,49,30,19,658,293,365,314,123,191,0,0,0,18,1,17,105,54,51,221,115,106,15,6,9
53700418,17,9,8,16,8,8,1,1,0,2,1,1,0,0,0,1,1,0,18,11,7,8,6,2,0,0,0,1,0,1,3,2,1,6,3,3,0,0,0
53700419,42,35,7,40,34,6,1,1,0,2,1,1,0,0,0,2,1,1,17,9,8,12,8,4,0,0,0,0,0,0,3,0,3,2,1,1,1,1,0
53700420,133,73,60,125,69,56,5,1,4,17,7,10,0,0,0,8,4,4,110,48,62,62,29,33,0,0,0,6,0,6,14,7,7,28,12,16,0,0,0
53700421,1530,780,750,1455,742,713,41,15,26,184,79,105,10,0,10,75,38,37,1391,563,828,752,263,489,4,2,2,71,0,71,215,112,103,349,186,163,22,9,13
53702101,232,129,103,223,126,97,3,1,2,21,8,13,3,0,3,9,3,6,207,87,120,110,50,60,0,0,0,15,0,15,39,16,23,43,21,22,5,5,0
53702102,36,21,15,35,21,14,1,0,1,4,1,3,0,0,0,1,0,1,28,11,17,16,7,9,0,0,0,2,0,2,4,2,2,6,2,4,0,0,0
53702103,21,12,9,21,12,9,0,0,0,2,2,0,1,0,1,0,0,0,31,13,18,14,5,9,0,0,0,1,0,1,8,2,6,8,6,2,0,0,0
53702104,118,65,53,110,61,49,2,2,0,17,8,9,1,0,1,8,4,4,111,40,71,48,18,30,0,0,0,5,0,5,17,5,12,41,17,24,0,0,0
53702105,26,15,11,25,14,11,0,0,0,3,1,2,0,0,0,1,1,0,34,15,19,19,9,10,0,0,0,2,0,2,5,3,2,8,3,5,1,0,1
53703901,344,177,167,323,168,155,16,6,10,33,13,20,1,0,1,21,9,12,288,125,163,125,52,73,4,4,0,10,0,10,40,17,23,109,52,57,6,3,3
53703902,108,62,46,101,58,43,1,1,0,14,10,4,0,0,0,7,4,3,108,43,65,67,24,43,0,0,0,3,0,3,10,5,5,28,14,14,1,1,0
53704701,206,119,87,204,118,86,9,4,5,20,12,8,3,0,3,2,1,1,167,80,87,75,28,47,0,0,0,4,0,4,26,17,9,62,35,27,0,0,0
53705501,203,111,92,195,108,87,9,1,8,16,4,12,2,0,2,8,3,5,145,62,83,45,17,28,0,0,0,8,0,8,27,15,12,65,30,35,7,7,0
53705502,51,27,24,49,26,23,0,0,0,9,4,5,1,0,1,2,1,1,63,33,30,32,17,15,0,0,0,2,0,2,10,6,4,19,10,9,0,0,0
53705503,86,47,39,81,44,37,2,2,0,10,6,4,2,0,2,5,3,2,73,37,36,36,14,22,0,0,0,1,0,1,5,3,2,31,20,11,0,0,0
53708001,272,158,114,255,150,105,7,2,5,38,19,19,1,0,1,17,8,9,234,94,140,124,45,79,0,0,0,13,0,13,41,20,21,56,29,27,5,2,3
53709801,96,52,44,94,50,44,3,1,2,10,5,5,1,0,1,2,2,0,119,47,72,81,28,53,0,0,0,2,0,2,17,7,10,19,12,7,1,0,1
53710101,55,29,26,51,27,24,1,1,0,4,2,2,0,0,0,4,2,2,51,17,34,25,7,18,0,0,0,0,0,0,5,0,5,21,10,11,2,1,1
53710102,71,38,33,69,36,33,1,0,1,7,4,3,1,0,1,2,2,0,63,35,28,31,15,16,0,0,0,2,0,2,11,7,4,19,13,6,3,0,3
53711001,194,110,84,185,105,80,6,3,3,19,11,8,0,0,0,9,5,4,177,67,110,77,25,52,0,0,0,9,0,9,35,17,18,56,25,31,5,3,2
53711003,92,57,35,90,56,34,1,1,0,10,6,4,1,0,1,2,1,1,77,29,48,37,15,22,1,1,0,6,0,6,13,5,8,20,8,12,2,1,1
53712801,36,18,18,34,18,16,1,0,1,6,3,3,1,0,1,2,0,2,32,9,23,9,2,7,0,0,0,1,0,1,10,5,5,12,2,10,1,0,1
53712802,345,194,151,322,182,140,9,5,4,28,13,15,3,0,3,23,12,11,317,138,179,157,61,96,1,0,1,10,0,10,55,25,30,94,52,42,13,8,5
53712803,45,27,18,39,25,14,2,1,1,6,4,2,0,0,0,6,2,4,61,26,35,29,11,18,0,0,0,2,0,2,11,4,7,19,11,8,2,1,1
53715201,420,223,197,412,220,192,20,6,14,47,22,25,3,0,3,8,3,5,369,170,199,154,76,78,0,0,0,20,0,20,76,33,43,119,61,58,6,2,4
53716101,141,83,58,131,79,52,3,3,0,16,8,8,1,0,1,10,4,6,133,59,74,66,30,36,1,1,0,7,0,7,23,7,16,36,21,15,0,0,0
53717901,303,166,137,288,156,132,17,9,8,37,18,19,3,0,3,15,10,5,239,115,124,102,42,60,1,1,0,12,0,12,59,37,22,65,35,30,8,4,4
53717902,156,87,69,153,86,67,5,3,2,23,14,9,2,0,2,3,1,2,107,55,52,38,18,20,1,0,1,4,0,4,19,11,8,45,26,19,0,0,0
53721701,23,11,12,22,10,12,1,0,1,4,1,3,0,0,0,1,1,0,20,12,8,6,4,2,0,0,0,1,0,1,2,1,1,11,7,4,0,0,0
53721702,195,109,86,186,104,82,7,2,5,27,14,13,1,0,1,9,5,4,189,85,104,96,43,53,0,0,0,9,0,9,29,13,16,55,29,26,5,4,1
53722501,19,13,6,17,12,5,0,0,0,2,2,0,0,0,0,2,1,1,15,8,7,7,4,3,1,0,1,0,0,0,3,2,1,4,2,2,0,0,0
53722502,97,56,41,93,55,38,4,3,1,10,6,4,1,0,1,4,1,3,81,35,46,47,17,30,0,0,0,3,0,3,11,8,3,20,10,10,3,2,1
53722503,12,4,8,11,3,8,0,0,0,3,1,2,0,0,0,1,1,0,10,4,6,6,3,3,0,0,0,1,0,1,1,1,0,2,0,2,0,0,0
53722504,7,5,2,6,4,2,0,0,0,3,1,2,0,0,0,1,1,0,14,7,7,7,4,3,0,0,0,2,0,2,4,2,2,1,1,0,0,0,0
53722505,48,27,21,43,27,16,0,0,0,3,1,2,0,0,0,5,0,5,39,19,20,28,12,16,0,0,0,0,0,0,2,2,0,9,5,4,0,0,0
53723301,287,166,121,273,157,116,11,4,7,24,9,15,0,0,0,14,9,5,246,107,139,107,43,64,1,0,1,13,0,13,49,26,23,76,38,38,3,1,2
53725001,157,91,66,151,86,65,7,1,6,21,13,8,2,0,2,6,5,1,170,86,84,86,39,47,0,0,0,9,0,9,32,20,12,43,27,16,4,1,3
53726801,84,45,39,81,44,37,5,2,3,14,9,5,0,0,0,3,1,2,62,32,30,31,15,16,0,0,0,1,0,1,8,4,4,22,13,9,0,0,0
53726802,124,71,53,116,68,48,8,4,4,11,4,7,0,0,0,8,3,5,105,44,61,46,18,28,0,0,0,7,0,7,23,12,11,29,14,15,0,0,0
53727601,271,147,124,264,145,119,10,4,6,24,12,12,0,0,0,7,2,5,248,119,129,116,46,70,0,0,0,11,0,11,38,24,14,83,49,34,6,2,4
53729201,33,20,13,33,20,13,4,2,2,7,4,3,0,0,0,0,0,0,24,7,17,18,6,12,0,0,0,0,0,0,1,0,1,5,1,4,0,0,0
53729202,208,115,93,191,108,83,9,3,6,24,12,12,3,0,3,17,7,10,195,73,122,103,45,58,1,0,1,14,0,14,33,9,24,44,19,25,0,0,0
53729203,28,14,14,26,13,13,0,0,0,4,3,1,0,0,0,2,1,1,21,11,10,14,6,8,0,0,0,0,0,0,2,2,0,5,3,2,0,0,0
53730601,39,23,16,37,21,16,1,0,1,2,2,0,1,0,1,2,2,0,49,19,30,30,11,19,0,0,0,3,0,3,9,6,3,7,2,5,0,0,0
53731401,461,264,197,436,247,189,11,3,8,44,26,18,2,0,2,25,17,8,389,172,217,200,84,116,0,0,0,14,0,14,61,26,35,114,62,52,3,2,1
53733101,90,56,34,84,53,31,3,3,0,10,6,4,0,0,0,6,3,3,79,29,50,33,8,25,1,0,1,7,1,6,16,7,9,22,13,9,0,0,0
53733102,36,17,19,34,16,18,1,0,1,3,1,2,1,0,1,2,1,1,37,17,20,18,7,11,0,0,0,0,0,0,10,5,5,9,5,4,0,0,0
53733103,764,404,360,728,383,345,20,7,13,76,36,40,11,0,11,36,21,15,632,276,356,269,106,163,3,2,1,24,0,24,101,53,48,235,115,120,7,3,4
53733104,55,35,20,55,35,20,1,1,0,5,3,2,1,0,1,0,0,0,59,23,36,27,12,15,0,0,0,3,0,3,11,4,7,18,7,11,0,0,0
53733105,52,30,22,52,30,22,2,0,2,8,6,2,0,0,0,0,0,0,47,20,27,30,12,18,1,0,1,1,0,1,4,3,1,11,5,6,0,0,0
53734901,46,33,13,40,28,12,1,0,1,5,3,2,0,0,0,6,5,1,43,18,25,24,10,14,0,0,0,4,0,4,6,4,2,9,4,5,1,1,0
53734903,98,54,44,93,51,42,5,0,5,10,6,4,0,0,0,5,3,2,88,34,54,40,14,26,0,0,0,3,0,3,12,4,8,33,16,17,2,2,0
53734905,35,21,14,34,21,13,1,1,0,2,1,1,0,0,0,1,0,1,36,17,19,20,9,11,0,0,0,2,0,2,10,6,4,4,2,2,2,1,1
53735701,824,449,375,792,433,359,28,14,14,76,44,32,9,0,9,32,16,16,756,308,448,264,97,167,1,1,0,46,0,46,146,65,81,299,145,154,7,5,2
53737301,167,86,81,162,85,77,4,1,3,19,8,11,3,0,3,5,1,4,158,72,86,71,30,41,0,0,0,9,0,9,25,9,16,53,33,20,0,0,0
53737302,302,157,145,289,150,139,3,0,3,30,14,16,6,0,6,13,7,6,259,113,146,112,47,65,1,1,0,12,0,12,49,23,26,85,42,43,10,7,3
53739001,398,234,164,383,229,154,17,9,8,40,27,13,0,0,0,15,5,10,328,141,187,171,68,103,1,1,0,11,0,11,41,23,18,104,49,55,3,0,3
53740301,208,118,90,197,111,86,7,5,2,23,14,9,3,0,3,11,7,4,217,103,114,93,41,52,0,0,0,15,1,14,45,25,20,64,36,28,2,2,0
53741101,28,17,11,28,17,11,3,2,1,5,3,2,0,0,0,0,0,0,25,11,14,16,7,9,0,0,0,1,0,1,4,3,1,4,1,3,0,0,0
53741102,473,247,226,453,237,216,16,8,8,47,17,30,3,0,3,20,10,10,442,215,227,227,97,130,2,1,1,18,0,18,52,34,18,143,83,60,10,7,3
53741103,65,35,30,63,34,29,5,2,3,4,1,3,0,0,0,2,1,1,56,28,28,32,16,16,0,0,0,2,0,2,5,3,2,17,9,8,0,0,0
53741104,40,22,18,40,22,18,2,1,1,7,2,5,0,0,0,0,0,0,45,22,23,22,11,11,0,0,0,2,0,2,6,3,3,15,8,7,1,1,0
53741105,26,14,12,25,13,12,1,1,0,1,1,0,1,0,1,1,1,0,11,4,7,8,4,4,0,0,0,0,0,0,1,0,1,2,0,2,0,0,0
53741106,44,24,20,42,22,20,3,0,3,1,1,0,0,0,0,2,2,0,33,17,16,18,9,9,0,0,0,1,0,1,5,4,1,9,4,5,0,0,0
53743801,601,330,271,577,318,259,19,4,15,78,40,38,2,0,2,24,12,12,578,236,342,315,119,196,4,2,2,19,0,19,85,37,48,155,78,77,11,8,3
53744601,450,251,199,439,245,194,21,10,11,50,27,23,1,0,1,11,6,5,402,158,244,195,75,120,1,1,0,16,0,16,56,20,36,134,62,72,8,4,4
53744602,226,128,98,212,120,92,10,9,1,21,11,10,1,0,1,14,8,6,205,88,117,102,45,57,0,0,0,13,0,13,33,17,16,57,26,31,0,0,0
53744603,38,21,17,37,21,16,2,0,2,2,0,2,0,0,0,1,0,1,59,26,33,35,14,21,0,0,0,4,0,4,9,5,4,11,7,4,0,0,0
0895670,0,0,0,0,0,0,0,0,0,0,0,0,0,0,0,0,0,0,0,0,0,0,0,0,0,0,0,0,0,0,0,0,0,0,0,0,0,0,0
0896052,0,0,0,0,0,0,0,0,0,0,0,0,0,0,0,0,0,0,0,0,0,0,0,0,0,0,0,0,0,0,0,0,0,0,0,0,0,0,0
0896300,0,0,0,0,0,0,0,0,0,0,0,0,0,0,0,0,0,0,0,0,0,0,0,0,0,0,0,0,0,0,0,0,0,0,0,0,0,0,0
3252950,0,0,0,0,0,0,0,0,0,0,0,0,0,0,0,0,0,0,0,0,0,0,0,0,0,0,0,0,0,0,0,0,0,0,0,0,0,0,0
53745401,867,477,390,842,466,376,38,20,18,95,48,47,6,0,6,25,11,14,699,286,413,265,103,162,2,2,0,30,1,29,151,72,79,251,108,143,5,5,0
53745402,16,10,6,16,10,6,0,0,0,2,2,0,0,0,0,0,0,0,9,6,3,5,4,1,0,0,0,0,0,0,1,0,1,3,2,1,0,0,0
53745403,95,55,40,91,54,37,3,1,2,11,7,4,0,0,0,4,1,3,83,41,42,33,11,22,0,0,0,3,0,3,14,7,7,33,23,10,0,0,0
53745406,55,32,23,53,31,22,5,1,4,4,1,3,0,0,0,2,1,1,70,29,41,35,20,15,0,0,0,4,0,4,11,2,9,20,7,13,0,0,0
53745408,132,72,60,128,70,58,8,6,2,5,3,2,0,0,0,4,2,2,96,45,51,34,15,19,0,0,0,0,0,0,8,6,2,54,24,30,2,0,2
53745409,1025,517,508,970,492,478,43,20,23,101,48,53,7,0,7,55,25,30,980,448,532,459,196,263,2,2,0,35,0,35,162,85,77,322,165,157,8,3,5
53745410,639,331,308,611,315,296,20,10,10,60,22,38,8,0,8,28,16,12,592,229,363,276,92,184,1,0,1,42,1,41,113,55,58,160,81,79,13,6,7
53745411,603,326,277,587,319,268,33,13,20,33,14,19,6,0,6,16,7,9,465,218,247,100,39,61,2,2,0,40,0,40,145,91,54,178,86,92,6,3,3
53745412,772,414,358,747,397,350,43,21,22,104,52,52,10,0,10,25,17,8,695,295,400,280,105,175,0,0,0,40,0,40,141,68,73,234,122,112,4,1,3
53745413,26,15,11,25,15,10,1,1,0,2,1,1,0,0,0,1,0,1,14,6,8,6,2,4,0,0,0,0,0,0,1,1,0,7,3,4,0,0,0
53745414,577,320,257,534,288,246,26,13,13,64,33,31,5,0,5,43,32,11,528,231,297,248,102,146,2,2,0,18,0,18,94,39,55,166,88,78,39,31,8
53745415,356,195,161,341,189,152,22,11,11,29,17,12,4,0,4,15,6,9,381,137,244,149,44,105,1,1,0,27,1,26,98,46,52,106,45,61,7,1,6
53746201,194,111,83,185,107,78,1,1,0,25,14,11,1,0,1,9,4,5,204,93,111,106,52,54,0,0,0,13,0,13,33,17,16,52,24,28,4,3,1
53748901,1316,722,594,1265,698,567,55,22,33,135,76,59,10,0,10,51,24,27,1303,534,769,662,260,402,1,0,1,56,0,56,215,98,117,369,176,193,30,10,20
53748902,29,17,12,28,17,11,0,0,0,4,1,3,0,0,0,1,0,1,30,15,15,18,8,10,0,0,0,1,0,1,4,2,2,7,5,2,0,0,0
53748904,47,28,19,46,28,18,2,1,1,2,0,2,0,0,0,1,0,1,39,18,21,21,7,14,0,0,0,1,0,1,4,3,1,13,8,5,0,0,0
53749701,149,81,68,145,80,65,2,0,2,16,9,7,0,0,0,4,1,3,135,64,71,60,27,33,0,0,0,6,0,6,24,11,13,45,26,19,7,4,3
53750101,205,116,89,195,112,83,8,5,3,20,11,9,1,0,1,10,4,6,127,53,74,46,12,34,0,0,0,6,0,6,23,11,12,52,30,22,3,1,2
53750102,1686,865,821,1622,835,787,73,32,41,136,64,72,13,0,13,64,30,34,1298,580,718,375,131,244,1,0,1,65,1,64,237,121,116,620,327,293,20,11,9
53750103,182,101,81,175,98,77,1,0,1,9,2,7,0,0,0,7,3,4,110,52,58,28,10,18,1,1,0,8,1,7,33,16,17,40,24,16,0,0,0
53750104,3907,2053,1854,3675,1963,1712,144,57,87,185,86,99,38,0,38,232,90,142,2635,1166,1469,528,188,340,2,2,0,191,1,190,757,380,377,1157,595,562,78,38,40
53750105,1401,772,629,1316,727,589,46,18,28,62,32,30,10,0,10,85,45,40,977,435,542,207,90,117,1,0,1,53,0,53,249,124,125,467,221,246,84,60,24
53755101,184,108,76,173,103,70,2,0,2,24,10,14,0,0,0,11,5,6,153,76,77,79,37,42,0,0,0,6,0,6,25,18,7,43,21,22,4,2,2
53756001,79,48,31,73,43,30,3,1,2,9,5,4,1,0,1,6,5,1,71,31,40,37,15,22,0,0,0,4,0,4,16,7,9,14,9,5,2,1,1
53756002,22,13,9,20,13,7,0,0,0,3,2,1,0,0,0,2,0,2,17,9,8,11,6,5,0,0,0,1,0,1,3,2,1,2,1,1,0,0,0
53757801,220,123,97,206,115,91,6,4,2,29,17,12,3,0,3,14,8,6,216,99,117,111,50,61,1,1,0,7,0,7,40,20,20,57,28,29,1,0,1
53758601,108,57,51,102,55,47,4,0,4,12,8,4,0,0,0,6,2,4,107,49,58,53,27,26,1,1,0,4,0,4,17,10,7,32,11,21,0,0,0
53758602,97,55,42,94,53,41,3,1,2,16,10,6,0,0,0,3,2,1,68,26,42,43,17,26,0,0,0,0,0,0,5,2,3,20,7,13,2,1,1
53758603,225,121,104,207,113,94,6,1,5,19,12,7,2,0,2,18,8,10,209,90,119,99,42,57,0,0,0,7,0,7,32,12,20,71,36,35,5,4,1
53758604,41,23,18,38,21,17,1,1,0,5,4,1,0,0,0,3,2,1,41,18,23,20,8,12,0,0,0,0,0,0,7,4,3,14,6,8,1,1,0
53761601,275,156,119,266,153,113,14,9,5,32,17,15,3,0,3,9,3,6,253,112,141,133,56,77,1,1,0,9,0,9,35,18,17,75,37,38,5,1,4
53762401,277,149,128,272,146,126,9,3,6,20,10,10,2,0,2,5,3,2,233,108,125,89,40,49,0,0,0,10,0,10,42,23,19,92,45,47,5,4,1
53762402,9,6,3,9,6,3,0,0,0,1,0,1,0,0,0,0,0,0,18,9,9,18,9,9,0,0,0,0,0,0,0,0,0,0,0,0,0,0,0
53762403,39,22,17,37,22,15,1,1,0,3,1,2,0,0,0,2,0,2,38,13,25,17,6,11,0,0,0,2,0,2,9,3,6,10,4,6,0,0,0
53763201,394,221,173,379,209,170,18,5,13,32,15,17,3,0,3,15,12,3,357,170,187,147,59,88,1,0,1,15,0,15,65,38,27,129,73,56,4,2,2
53765901,275,150,125,263,140,123,13,4,9,26,13,13,2,0,2,12,10,2,244,95,149,106,39,67,3,3,0,14,0,14,52,25,27,69,28,41,9,6,3
53766701,214,116,98,197,106,91,3,2,1,28,16,12,1,0,1,17,10,7,207,103,104,103,47,56,3,1,2,10,0,10,35,23,12,56,32,24,8,4,4
1235950,0,0,0,0,0,0,0,0,0,0,0,0,0,0,0,0,0,0,0,0,0,0,0,0,0,0,0,0,0,0,0,0,0,0,0,0,0,0,0
1236090,0,0,0,0,0,0,0,0,0,0,0,0,0,0,0,0,0,0,0,0,0,0,0,0,0,0,0,0,0,0,0,0,0,0,0,0,0,0,0
1236170,0,0,0,0,0,0,0,0,0,0,0,0,0,0,0,0,0,0,0,0,0,0,0,0,0,0,0,0,0,0,0,0,0,0,0,0,0,0,0
53768301,358,194,164,347,189,158,13,6,7,33,19,14,2,0,2,11,5,6,277,134,143,107,49,58,2,1,1,11,1,10,50,21,29,107,62,45,4,2,2
53768302,229,119,110,223,118,105,9,1,8,47,26,21,0,0,0,6,1,5,212,94,118,121,52,69,0,0,0,10,0,10,21,11,10,60,31,29,1,0,1
53768303,457,250,207,442,244,198,11,4,7,52,26,26,4,0,4,15,6,9,390,178,212,164,73,91,1,0,1,12,0,12,63,29,34,150,76,74,3,1,2
53768304,160,90,70,153,85,68,9,5,4,14,6,8,0,0,0,7,5,2,187,79,108,84,38,46,2,1,1,7,0,7,25,9,16,69,31,38,0,0,0
53768306,1895,958,937,1800,918,882,75,37,38,245,110,135,10,0,10,95,40,55,1608,655,953,774,287,487,4,2,2,81,0,81,237,113,124,512,253,259,15,8,7
53768307,352,184,168,327,178,149,15,7,8,43,21,22,2,0,2,25,6,19,409,141,268,241,62,179,1,1,0,19,0,19,67,32,35,81,46,35,12,3,9
53768308,313,165,148,294,158,136,13,5,8,31,14,17,2,0,2,19,7,12,273,108,165,100,36,64,2,1,1,15,0,15,60,30,30,96,41,55,6,1,5
53768309,628,340,288,593,320,273,35,18,17,73,39,34,4,0,4,35,20,15,790,378,412,322,127,195,6,2,4,21,0,21,104,51,53,337,198,139,17,9,8
53768311,274,142,132,262,138,124,14,6,8,38,17,21,1,0,1,12,4,8,263,138,125,92,38,54,1,1,0,10,0,10,46,28,18,114,71,43,0,0,0
53768312,29,15,14,29,15,14,0,0,0,2,2,0,0,0,0,0,0,0,28,8,20,10,3,7,0,0,0,1,0,1,4,1,3,13,4,9,0,0,0
53768314,146,107,39,124,90,34,5,4,1,8,6,2,0,0,0,22,17,5,92,47,45,33,18,15,2,2,0,4,0,4,26,11,15,27,16,11,36,27,9
53768315,109,56,53,104,55,49,4,1,3,11,4,7,1,0,1,5,1,4,89,44,45,47,21,26,0,0,0,3,0,3,17,12,5,22,11,11,1,0,1
53768316,1316,669,647,1250,643,607,65,26,39,222,94,128,5,0,5,66,26,40,1132,455,677,542,194,348,4,3,1,51,0,51,183,92,91,352,166,186,11,7,4
53768317,801,425,376,761,407,354,44,21,23,111,59,52,6,0,6,40,18,22,779,318,461,391,148,243,5,4,1,36,0,36,137,66,71,210,100,110,16,8,8
53768318,22,13,9,21,12,9,0,0,0,4,2,2,0,0,0,1,1,0,28,11,17,16,4,12,1,1,0,1,0,1,3,2,1,7,4,3,0,0,0
53768319,447,244,203,432,237,195,27,15,12,27,13,14,8,0,8,15,7,8,309,126,183,89,33,56,3,1,2,27,0,27,96,42,54,94,50,44,12,6,6
53772101,661,356,305,649,350,299,17,8,9,61,27,34,2,0,2,12,6,6,563,252,311,220,93,127,1,1,0,32,0,32,99,43,56,211,115,96,15,5,10
53775601,11,6,5,11,6,5,0,0,0,2,0,2,0,0,0,0,0,0,14,6,8,8,4,4,0,0,0,1,0,1,1,1,0,4,1,3,0,0,0
53775602,15,3,12,14,3,11,1,1,0,1,0,1,1,0,1,1,0,1,15,8,7,11,5,6,0,0,0,0,0,0,1,1,0,3,2,1,1,1,0
53775603,31,18,13,29,18,11,0,0,0,1,1,0,0,0,0,2,0,2,37,16,21,19,8,11,0,0,0,4,0,4,7,3,4,7,5,2,0,0,0
53775604,27,13,14,25,13,12,1,0,1,1,0,1,0,0,0,2,0,2,19,10,9,9,4,5,0,0,0,1,0,1,4,3,1,5,3,2,0,0,0
53775605,583,315,268,552,297,255,10,4,6,58,28,30,3,0,3,31,18,13,696,297,399,443,167,276,3,3,0,14,0,14,74,44,30,162,83,79,14,6,8
53775606,75,45,30,71,44,27,0,0,0,6,3,3,3,0,3,4,1,3,72,32,40,26,12,14,0,0,0,6,0,6,25,14,11,15,6,9,0,0,0
53775608,37,26,11,36,26,10,0,0,0,2,2,0,1,0,1,1,0,1,48,19,29,26,10,16,1,1,0,2,0,2,10,4,6,9,4,5,3,0,3
53776401,45,27,18,42,25,17,1,0,1,4,4,0,0,0,0,3,2,1,40,17,23,23,11,12,0,0,0,1,0,1,8,5,3,8,1,7,1,0,1
53776402,1667,914,753,1573,858,715,75,32,43,194,107,87,11,0,11,94,56,38,1484,647,837,736,310,426,1,1,0,65,1,64,226,106,120,456,229,227,34,20,14
53777201,283,165,118,273,161,112,6,2,4,17,11,6,6,0,6,10,4,6,275,111,164,128,58,70,0,0,0,23,0,23,60,25,35,64,28,36,1,1,0
53778101,7,2,5,5,1,4,0,0,0,2,1,1,0,0,0,2,1,1,13,4,9,10,4,6,0,0,0,0,0,0,0,0,0,3,0,3,0,0,0
53778102,764,419,345,735,403,332,27,14,13,42,14,28,3,0,3,29,16,13,431,194,237,188,81,107,0,0,0,22,0,22,80,38,42,141,75,66,15,8,7
53779901,108,56,52,105,56,49,2,0,2,9,4,5,1,0,1,3,0,3,93,41,52,43,16,27,0,0,0,2,0,2,20,12,8,28,13,15,1,1,0
53780201,34,19,15,32,18,14,0,0,0,4,2,2,1,0,1,2,1,1,26,11,15,15,6,9,0,0,0,1,0,1,5,1,4,5,4,1,0,0,0
53780202,157,89,68,147,84,63,3,3,0,15,7,8,2,0,2,10,5,5,170,78,92,96,46,50,1,1,0,5,1,4,14,5,9,54,25,29,2,1,1
53780203,58,32,26,55,29,26,1,0,1,6,1,5,1,0,1,3,3,0,59,30,29,37,20,17,0,0,0,0,0,0,6,2,4,16,8,8,2,2,0
53781101,567,309,258,545,299,246,19,6,13,41,23,18,5,0,5,22,10,12,521,243,278,257,109,148,0,0,0,26,0,26,99,60,39,139,74,65,0,0,0
53783701,41,22,19,41,22,19,1,0,1,5,3,2,0,0,0,0,0,0,30,11,19,7,3,4,1,0,1,1,0,1,7,5,2,14,3,11,1,1,0
53783702,468,234,234,448,227,221,14,7,7,24,12,12,3,0,3,20,7,13,280,119,161,112,49,63,1,0,1,15,0,15,48,20,28,104,50,54,7,3,4
53785301,291,170,121,279,167,112,5,3,2,31,17,14,0,0,0,12,3,9,245,96,149,105,41,64,0,0,0,8,0,8,27,6,21,105,49,56,5,2,3
53786101,352,189,163,340,181,159,15,6,9,24,6,18,6,0,6,12,8,4,282,124,158,96,43,53,0,0,0,15,0,15,63,28,35,108,53,55,6,5,1
53789601,654,398,256,634,388,246,14,5,9,55,23,32,3,0,3,20,10,10,460,186,274,201,84,117,2,1,1,23,0,23,87,32,55,147,69,78,22,13,9
53790002,163,95,68,157,92,65,4,1,3,20,11,9,1,0,1,6,3,3,134,61,73,65,27,38,1,0,1,5,0,5,15,10,5,48,24,24,1,0,1
53794201,147,88,59,137,82,55,6,5,1,22,9,13,2,0,2,10,6,4,116,47,69,55,26,29,0,0,0,6,0,6,21,10,11,34,11,23,3,2,1
53794202,27,17,10,23,15,8,0,0,0,4,4,0,1,0,1,4,2,2,27,9,18,11,4,7,0,0,0,1,0,1,7,3,4,8,2,6,0,0,0
53795101,41,26,15,38,25,13,0,0,0,5,3,2,0,0,0,3,1,2,53,17,36,28,8,20,2,1,1,3,0,3,9,4,5,11,4,7,2,1,1
53797701,295,162,133,283,156,127,13,4,9,24,8,16,2,0,2,12,6,6,242,107,135,87,40,47,0,0,0,11,0,11,57,26,31,87,41,46,6,4,2
53798501,111,64,47,108,62,46,4,1,3,9,3,6,3,0,3,3,2,1,103,45,58,47,23,24,1,0,1,6,0,6,20,12,8,29,10,19,1,0,1
53798502,313,171,142,308,168,140,13,6,7,26,12,14,1,0,1,5,3,2,269,117,152,97,37,60,0,0,0,18,0,18,60,35,25,94,45,49,4,1,3
53799301,219,119,100,205,112,93,6,4,2,21,9,12,2,0,2,14,7,7,165,78,87,72,36,36,0,0,0,9,0,9,31,18,13,53,24,29,7,3,4
55148102,18,10,8,18,10,8,0,0,0,7,4,3,0,0,0,0,0,0,10,5,5,5,3,2,0,0,0,1,0,1,1,1,0,3,1,2,0,0,0
55148103,71,41,30,69,40,29,4,0,4,6,4,2,1,0,1,2,1,1,69,26,43,34,11,23,0,0,0,6,0,6,14,6,8,15,9,6,2,2,0
59958101,413,329,84,405,326,79,10,4,6,14,9,5,6,0,6,8,3,5,679,609,70,86,54,32,0,0,0,6,0,6,543,526,17,44,29,15,2,1,1
59959001,101,52,49,93,50,43,3,2,1,6,3,3,4,0,4,8,2,6,98,48,50,49,19,30,0,0,0,4,0,4,17,11,6,28,18,10,2,2,0
59961101,84,50,34,80,48,32,1,1,0,9,5,4,0,0,0,4,2,2,92,42,50,54,26,28,0,0,0,5,0,5,10,6,4,23,10,13,0,0,0
59962001,21,12,9,19,10,9,0,0,0,0,0,0,0,0,0,2,2,0,20,10,10,8,3,5,0,0,0,0,0,0,8,5,3,4,2,2,1,0,1
59962002,221,121,100,212,117,95,4,1,3,19,8,11,0,0,0,9,4,5,179,77,102,73,35,38,0,0,0,10,0,10,31,13,18,65,29,36,7,6,1
59963801,322,176,146,315,171,144,9,6,3,40,21,19,2,0,2,7,5,2,253,115,138,118,53,65,1,0,1,16,1,15,50,29,21,68,32,36,3,2,1
59965401,46,31,15,45,30,15,2,1,1,4,1,3,0,0,0,1,1,0,31,12,19,16,5,11,0,0,0,0,0,0,6,3,3,9,4,5,0,0,0
59966201,72,35,37,68,33,35,3,1,2,11,7,4,1,0,1,4,2,2,76,36,40,37,18,19,0,0,0,2,0,2,12,6,6,25,12,13,1,1,0
59966202,10,6,4,10,6,4,1,1,0,0,0,0,0,0,0,0,0,0,15,8,7,11,5,6,0,0,0,1,0,1,1,1,0,2,2,0,0,0,0
59967101,112,66,46,108,64,44,0,0,0,14,9,5,1,0,1,4,2,2,106,49,57,51,21,30,0,0,0,3,0,3,14,5,9,38,23,15,1,0,1
59969701,131,72,59,124,69,55,0,0,0,13,8,5,2,0,2,7,3,4,125,49,76,56,20,36,0,0,0,7,0,7,28,15,13,34,14,20,7,5,2
50578101,338,186,152,328,182,146,14,6,8,22,11,11,6,0,6,10,4,6,266,115,151,108,41,67,2,1,1,12,0,12,53,28,25,91,45,46,10,7,3
50578102,70,40,30,66,39,27,1,0,1,8,5,3,2,0,2,4,1,3,53,25,28,18,6,12,0,0,0,1,0,1,12,7,5,22,12,10,4,3,1
50578103,71,39,32,66,36,30,2,0,2,2,2,0,1,0,1,5,3,2,65,30,35,22,9,13,0,0,0,4,0,4,20,11,9,19,10,9,0,0,0
51362801,151,73,78,150,73,77,8,0,8,26,12,14,1,1,0,1,0,1,130,71,59,45,20,25,3,2,1,6,0,6,24,16,8,52,33,19,3,2,1
51364401,245,135,110,241,135,106,12,6,6,14,6,8,4,0,4,4,0,4,221,90,131,39,16,23,3,2,1,19,1,18,69,26,43,91,45,46,3,1,2
52965601,153,83,70,150,81,69,9,4,5,8,4,4,1,0,1,3,2,1,116,54,62,36,15,21,0,0,0,4,0,4,17,11,6,59,28,31,0,0,0
53155301,181,105,76,175,102,73,7,4,3,18,10,8,0,0,0,6,3,3,143,66,77,59,23,36,1,0,1,7,0,7,28,13,15,48,30,18,1,1,0
53325402,26,15,11,23,15,8,1,1,0,1,0,1,1,0,1,3,0,3,22,11,11,13,6,7,1,0,1,0,0,0,4,1,3,4,4,0,0,0,0
53325404,190,108,82,180,102,78,5,4,1,26,14,12,1,0,1,10,6,4,140,61,79,65,29,36,2,1,1,5,0,5,27,13,14,41,18,23,2,1,1
53337801,43,26,17,41,25,16,0,0,0,4,1,3,0,0,0,2,1,1,33,14,19,8,2,6,1,1,0,4,0,4,12,6,6,8,5,3,0,0,0
53337802,404,219,185,390,212,178,16,10,6,54,34,20,3,0,3,14,7,7,339,151,188,138,62,76,5,1,4,17,0,17,60,31,29,119,57,62,6,4,2
53341602,2007,1081,926,1936,1047,889,69,24,45,214,111,103,8,0,8,71,34,37,1571,690,881,724,300,424,7,6,1,62,0,62,260,125,135,518,259,259,36,23,13
53341603,117,67,50,111,65,46,6,1,5,9,2,7,0,0,0,6,2,4,100,48,52,47,24,23,0,0,0,2,0,2,9,3,6,42,21,21,3,0,3
53343201,444,243,201,427,235,192,14,4,10,42,24,18,3,0,3,17,8,9,405,190,215,148,59,89,1,0,1,22,0,22,93,50,43,141,81,60,8,5,3
53343202,37,17,20,36,16,20,0,0,0,0,0,0,1,0,1,1,1,0,19,9,10,2,2,0,0,0,0,1,0,1,4,2,2,12,5,7,0,0,0
53343203,25,15,10,25,15,10,0,0,0,2,1,1,0,0,0,0,0,0,18,9,9,6,4,2,0,0,0,1,0,1,2,0,2,9,5,4,0,0,0
53354801,197,108,89,188,101,87,8,3,5,21,11,10,0,0,0,9,7,2,160,68,92,79,32,47,0,0,0,11,0,11,28,17,11,42,19,23,3,2,1
53356401,86,48,38,83,46,37,0,0,0,9,3,6,1,0,1,3,2,1,79,35,44,37,14,23,0,0,0,3,0,3,14,8,6,25,13,12,1,0,1
53356402,73,37,36,69,36,33,0,0,0,4,1,3,0,0,0,4,1,3,62,27,35,25,10,15,0,0,0,5,0,5,13,8,5,19,9,10,0,0,0
53356403,30,18,12,28,18,10,0,0,0,3,2,1,0,0,0,2,0,2,28,14,14,12,6,6,0,0,0,3,0,3,7,4,3,6,4,2,0,0,0
53356404,90,49,41,85,48,37,3,0,3,7,5,2,1,0,1,5,1,4,87,45,42,35,16,19,0,0,0,6,0,6,18,13,5,28,16,12,1,0,1
53356405,202,116,86,197,113,84,5,1,4,13,7,6,0,0,0,5,3,2,222,91,131,106,44,62,0,0,0,16,0,16,36,17,19,64,30,34,11,8,3
53371801,45,29,16,43,28,15,0,0,0,9,5,4,0,0,0,2,1,1,31,12,19,15,6,9,0,0,0,1,0,1,3,2,1,12,4,8,0,0,0
53371802,86,44,42,82,42,40,7,3,4,10,6,4,0,0,0,4,2,2,80,36,44,38,16,22,0,0,0,4,0,4,18,6,12,20,14,6,2,0,2
53371803,25,15,10,23,13,10,0,0,0,3,1,2,1,0,1,2,2,0,22,10,12,14,5,9,0,0,0,0,0,0,6,4,2,2,1,1,0,0,0
53371804,123,65,58,121,65,56,6,3,3,10,7,3,0,0,0,2,0,2,112,51,61,47,22,25,3,1,2,4,0,4,16,7,9,42,21,21,3,2,1
53371805,16,9,7,14,8,6,0,0,0,5,3,2,0,0,0,2,1,1,13,5,8,8,4,4,0,0,0,0,0,0,2,1,1,3,0,3,0,0,0
53371807,466,262,204,451,253,198,19,8,11,46,28,18,1,0,1,15,9,6,367,164,203,167,65,102,2,2,0,17,0,17,62,35,27,119,62,57,11,8,3
53371808,41,22,19,39,22,17,2,2,0,4,2,2,0,0,0,2,0,2,45,22,23,19,11,8,0,0,0,3,0,3,13,6,7,10,5,5,1,0,1
53371809,18,9,9,17,9,8,0,0,0,4,3,1,0,0,0,1,0,1,18,9,9,13,6,7,0,0,0,1,0,1,1,1,0,3,2,1,0,0,0
53387401,41,24,17,39,24,15,0,0,0,3,2,1,0,0,0,2,0,2,36,21,15,20,11,9,0,0,0,1,0,1,8,5,3,7,5,2,1,0,1
53387403,67,37,30,66,36,30,3,1,2,10,4,6,0,0,0,1,1,0,53,25,28,22,12,10,0,0,0,4,0,4,12,5,7,15,8,7,0,0,0
53387404,24,17,7,23,16,7,0,0,0,4,3,1,0,0,0,1,1,0,11,6,5,6,4,2,0,0,0,0,0,0,3,2,1,2,0,2,1,1,0
53390401,48,27,21,46,27,19,1,0,1,5,4,1,0,0,0,2,0,2,54,21,33,18,6,12,1,1,0,2,0,2,12,6,6,21,8,13,0,0,0
53390402,391,211,180,369,202,167,8,3,5,57,29,28,6,0,6,22,9,13,296,120,176,133,50,83,2,1,1,11,0,11,61,32,29,89,37,52,8,4,4
53468401,198,109,89,192,108,84,8,3,5,14,7,7,2,0,2,6,1,5,144,58,86,59,24,35,0,0,0,5,0,5,32,11,21,48,23,25,3,2,1
53478101,140,77,63,134,73,61,7,4,3,13,8,5,0,0,0,6,4,2,95,46,49,30,11,19,0,0,0,5,0,5,23,11,12,37,24,13,0,0,0
53478102,446,256,190,434,251,183,12,5,7,37,17,20,4,0,4,12,5,7,349,161,188,149,66,83,1,1,0,18,0,18,80,38,42,101,56,45,8,6,2
53496001,172,97,75,168,96,72,6,3,3,14,6,8,1,0,1,4,1,3,129,52,77,56,25,31,1,0,1,7,0,7,34,15,19,31,12,19,5,2,3
53498601,260,145,115,249,141,108,7,1,6,36,19,17,0,0,0,11,4,7,232,105,127,104,45,59,4,3,1,14,0,14,39,20,19,71,37,34,2,1,1
53536201,162,89,73,156,87,69,8,3,5,14,8,6,2,0,2,6,2,4,115,48,67,34,16,18,2,1,1,6,0,6,32,17,15,41,14,27,2,0,2
53536202,446,238,208,432,230,202,27,8,19,39,21,18,3,0,3,14,8,6,358,165,193,132,60,72,0,0,0,13,0,13,73,36,37,140,69,71,4,1,3
53613001,275,155,120,267,151,116,11,6,5,20,14,6,4,0,4,8,4,4,223,85,138,94,37,57,0,0,0,12,0,12,53,20,33,64,28,36,3,2,1
53804301,778,406,372,762,399,363,28,11,17,64,37,27,6,0,6,16,7,9,626,274,352,140,63,77,4,1,3,37,0,37,166,66,100,279,144,135,11,6,5
53805101,1267,676,591,1213,649,564,60,34,26,84,38,46,13,0,13,54,27,27,970,445,525,171,76,95,4,2,2,59,1,58,270,117,153,466,249,217,22,10,12
53805102,399,223,176,391,217,174,15,5,10,21,11,10,7,0,7,8,6,2,325,162,163,59,29,30,1,1,0,32,0,32,125,74,51,108,58,50,6,3,3
53808601,311,162,149,301,158,143,15,7,8,28,14,14,5,0,5,10,4,6,234,104,130,63,24,39,0,0,0,17,0,17,59,25,34,95,55,40,8,2,6
53808602,99,46,53,96,45,51,5,2,3,8,5,3,0,0,0,3,1,2,86,39,47,16,5,11,3,0,3,3,0,3,18,10,8,46,24,22,0,0,0
53808603,177,91,86,171,88,83,9,5,4,16,9,7,0,0,0,6,3,3,194,68,126,109,29,80,0,0,0,7,0,7,22,11,11,56,28,28,5,3,2
53809401,72,39,33,67,35,32,1,1,0,5,2,3,0,0,0,5,4,1,66,41,25,20,12,8,0,0,0,3,0,3,13,12,1,30,17,13,0,0,0
53809402,53,31,22,53,31,22,2,1,1,1,0,1,0,0,0,0,0,0,48,29,19,7,3,4,1,1,0,2,0,2,9,5,4,29,20,9,0,0,0
53809403,972,508,464,948,499,449,45,16,29,114,57,57,8,0,8,24,9,15,826,351,475,355,128,227,2,1,1,34,0,34,146,72,74,289,150,139,7,2,5
53809404,347,188,159,334,181,153,19,10,9,50,28,22,3,0,3,13,7,6,299,135,164,142,54,88,1,1,0,11,1,10,48,26,22,97,53,44,3,1,2
53809405,617,339,278,589,323,266,25,10,15,61,33,28,5,0,5,28,16,12,401,178,223,162,68,94,2,1,1,15,0,15,76,29,47,146,80,66,14,7,7
53809406,1714,914,800,1660,892,768,73,38,35,125,69,56,20,0,20,54,22,32,1326,579,747,411,155,256,4,3,1,68,1,67,339,164,175,504,256,248,18,6,12
53809408,172,99,73,166,96,70,4,4,0,8,2,6,1,0,1,6,3,3,96,44,52,17,8,9,0,0,0,14,0,14,41,22,19,24,14,10,4,3,1
53809409,2031,1053,978,1970,1022,948,74,37,37,205,105,100,28,0,28,61,31,30,1465,593,872,670,243,427,6,6,0,75,1,74,323,166,157,391,177,214,31,11,20
53809410,226,103,123,219,100,119,9,4,5,19,9,10,1,0,1,7,3,4,143,72,71,23,9,14,1,0,1,5,1,4,32,14,18,82,48,34,3,1,2
53809411,633,336,297,620,329,291,30,16,14,62,31,31,8,0,8,13,7,6,435,198,237,168,74,94,2,1,1,18,1,17,89,42,47,158,80,78,7,5,2
53809413,617,355,262,579,329,250,25,11,14,55,27,28,2,1,1,38,26,12,351,174,177,119,57,62,4,3,1,16,0,16,82,40,42,130,74,56,94,71,23
53809414,17,11,6,15,9,6,0,0,0,1,0,1,0,0,0,2,2,0,22,7,15,0,0,0,0,0,0,5,0,5,7,3,4,10,4,6,0,0,0
53809415,165,87,78,160,85,75,8,4,4,9,5,4,1,0,1,5,2,3,137,62,75,27,11,16,0,0,0,4,0,4,36,17,19,70,34,36,0,0,0
53809416,355,183,172,343,180,163,13,5,8,50,23,27,1,0,1,12,3,9,255,107,148,121,41,80,1,0,1,8,0,8,44,20,24,81,46,35,9,5,4
53809418,964,501,463,933,488,445,30,14,16,92,38,54,11,0,11,31,13,18,803,344,459,282,106,176,3,1,2,43,1,42,196,100,96,279,136,143,8,4,4
53809419,444,235,209,435,234,201,22,11,11,56,33,23,3,0,3,9,1,8,423,186,237,184,68,116,2,2,0,24,0,24,76,36,40,137,80,57,3,2,1
53809420,19,16,3,19,16,3,1,1,0,0,0,0,0,0,0,0,0,0,11,7,4,8,5,3,0,0,0,0,0,0,2,2,0,1,0,1,0,0,0
53809421,98,60,38,95,58,37,5,2,3,8,3,5,1,0,1,3,2,1,55,19,36,16,6,10,0,0,0,6,0,6,20,7,13,13,6,7,6,3,3
53809422,341,190,151,330,185,145,9,4,5,42,22,20,3,0,3,11,5,6,270,114,156,126,44,82,1,1,0,10,0,10,42,27,15,91,42,49,4,2,2
53809423,547,285,262,526,273,253,29,9,20,47,20,27,5,0,5,21,12,9,454,187,267,212,77,135,2,1,1,15,1,14,80,32,48,145,76,69,7,2,5
53809424,272,149,123,263,144,119,11,4,7,33,22,11,1,0,1,9,5,4,246,102,144,111,40,71,0,0,0,5,0,5,32,16,16,98,46,52,3,3,0
53810801,54,31,23,52,30,22,3,1,2,7,5,2,0,0,0,2,1,1,48,18,30,28,9,19,0,0,0,3,0,3,7,4,3,10,5,5,0,0,0
53810802,229,130,99,223,126,97,11,6,5,29,14,15,1,0,1,6,4,2,168,74,94,63,27,36,2,1,1,10,0,10,30,17,13,63,29,34,0,0,0
53810803,145,78,67,138,74,64,8,5,3,12,5,7,2,0,2,7,4,3,97,42,55,34,10,24,0,0,0,8,0,8,22,17,5,33,15,18,0,0,0
0192670,0,0,0,0,0,0,0,0,0,0,0,0,0,0,0,0,0,0,0,0,0,0,0,0,0,0,0,0,0,0,0,0,0,0,0,0,0,0,0
0192750,0,0,0,0,0,0,0,0,0,0,0,0,0,0,0,0,0,0,0,0,0,0,0,0,0,0,0,0,0,0,0,0,0,0,0,0,0,0,0
53813201,379,203,176,371,200,171,20,9,11,21,12,9,2,0,2,8,3,5,338,153,185,103,45,58,2,0,2,20,0,20,72,35,37,141,73,68,1,0,1
53813203,106,53,53,102,50,52,8,6,2,11,6,5,0,0,0,4,3,1,73,42,31,21,11,10,0,0,0,2,1,1,8,5,3,42,25,17,1,1,0
53813204,62,38,24,62,38,24,3,1,2,9,4,5,0,0,0,0,0,0,36,14,22,16,7,9,0,0,0,1,0,1,3,2,1,16,5,11,0,0,0
53813206,192,94,98,184,89,95,7,3,4,15,5,10,2,0,2,8,5,3,173,78,95,69,27,42,1,1,0,8,0,8,32,19,13,63,31,32,2,2,0
53813207,1232,661,571,1209,651,558,52,31,21,141,60,81,4,0,4,23,10,13,1077,490,587,443,185,258,7,4,3,42,0,42,154,82,72,431,219,212,2,1,1
53813208,335,188,147,324,183,141,10,4,6,39,20,19,2,0,2,11,5,6,315,135,180,175,75,100,2,2,0,11,0,11,40,21,19,87,37,50,5,3,2
53813209,506,270,236,488,257,231,19,4,15,62,30,32,5,0,5,18,13,5,418,174,244,190,72,118,2,1,1,14,0,14,67,34,33,145,67,78,10,4,6
53813210,1353,719,634,1294,684,610,50,24,26,152,66,86,9,0,9,59,35,24,1091,466,625,450,178,272,2,0,2,66,0,66,232,120,112,341,168,173,58,46,12
53813211,30,14,16,30,14,16,1,0,1,6,2,4,0,0,0,0,0,0,22,8,14,7,3,4,0,0,0,0,0,0,3,3,0,12,2,10,0,0,0
53813212,431,229,202,416,220,196,18,10,8,45,24,21,6,0,6,15,9,6,368,165,203,177,67,110,2,1,1,9,0,9,47,23,24,133,74,59,2,1,1
53813213,1460,773,687,1425,759,666,65,29,36,88,36,52,13,0,13,35,14,21,1231,502,729,443,153,290,1,1,0,72,0,72,255,113,142,460,235,225,25,12,13
53813214,42,15,27,39,13,26,1,0,1,2,1,1,0,0,0,3,2,1,16,9,7,9,5,4,0,0,0,0,0,0,3,3,0,4,1,3,5,3,2
53813215,458,238,220,439,226,213,20,10,10,60,30,30,1,0,1,19,12,7,402,177,225,207,87,120,1,1,0,16,0,16,55,24,31,123,65,58,7,6,1
53814101,11,6,5,11,6,5,0,0,0,0,0,0,1,0,1,0,0,0,8,5,3,0,0,0,0,0,0,0,0,0,5,3,2,3,2,1,1,0,1
53814102,396,210,186,383,206,177,15,9,6,49,26,23,2,0,2,13,4,9,319,144,175,129,52,77,3,0,3,14,0,14,52,29,23,121,63,58,7,5,2
53816701,700,386,314,683,378,305,33,15,18,59,33,26,0,0,0,17,8,9,512,218,294,174,69,105,4,2,2,24,0,24,97,46,51,213,101,112,23,11,12
53819101,446,240,206,432,229,203,24,8,16,29,17,12,4,0,4,14,11,3,427,174,253,193,61,132,2,1,1,14,1,13,76,37,39,142,74,68,1,0,1
53822101,602,321,281,581,313,268,29,12,17,36,20,16,6,0,6,21,8,13,510,238,272,113,42,71,4,4,0,38,1,37,146,69,77,209,122,87,10,7,3
53822102,314,176,138,304,170,134,7,4,3,29,14,15,5,0,5,10,6,4,241,106,135,61,25,36,2,1,1,15,2,13,81,41,40,82,37,45,8,4,4
53823001,1500,774,726,1441,743,698,78,38,40,137,62,75,7,0,7,59,31,28,1168,579,589,379,166,213,5,4,1,40,0,40,233,121,112,511,288,223,19,9,10
53824801,343,180,163,336,176,160,9,5,4,40,22,18,4,0,4,7,4,3,281,132,149,105,42,63,2,1,1,8,0,8,44,18,26,122,71,51,8,5,3
53824802,50,27,23,49,27,22,3,1,2,3,2,1,0,0,0,1,0,1,44,15,29,19,8,11,0,0,0,3,0,3,15,5,10,7,2,5,3,1,2
53824803,98,53,45,95,51,44,5,3,2,9,4,5,1,0,1,3,2,1,84,40,44,16,7,9,0,0,0,5,0,5,23,14,9,40,19,21,2,1,1
53825601,118,70,48,116,69,47,6,2,4,18,13,5,1,0,1,2,1,1,107,48,59,27,13,14,0,0,0,9,0,9,30,13,17,41,22,19,1,1,0
53825602,737,404,333,726,397,329,29,16,13,79,44,35,3,0,3,11,7,4,633,282,351,194,77,117,3,2,1,30,0,30,136,69,67,270,134,136,5,3,2
53826401,73,42,31,70,40,30,3,1,2,8,2,6,1,0,1,3,2,1,55,27,28,11,4,7,0,0,0,5,0,5,12,4,8,27,19,8,1,0,1
53826402,238,127,111,229,122,107,11,4,7,21,8,13,1,0,1,9,5,4,305,107,198,169,53,116,0,0,0,17,1,16,49,21,28,70,32,38,9,5,4
53826403,455,254,201,443,249,194,21,12,9,10,5,5,7,0,7,12,5,7,415,160,255,31,9,22,4,1,3,38,0,38,130,55,75,212,95,117,10,4,6
53827201,851,437,414,833,429,404,33,14,19,68,22,46,7,0,7,18,8,10,665,300,365,182,71,111,3,0,3,29,0,29,132,69,63,319,160,159,16,12,4
53827202,56,38,18,56,38,18,1,1,0,2,0,2,1,0,1,0,0,0,14,8,6,4,3,1,0,0,0,0,0,0,7,3,4,3,2,1,2,1,1
53827203,217,119,98,210,116,94,8,4,4,24,16,8,0,0,0,7,3,4,186,89,97,43,15,28,1,1,0,7,0,7,30,12,18,105,61,44,4,2,2
53827204,658,345,313,637,338,299,29,15,14,59,25,34,4,0,4,21,7,14,520,253,267,188,84,104,0,0,0,26,0,26,125,59,66,181,110,71,8,6,2
53828101,61,42,19,59,40,19,3,2,1,5,3,2,0,0,0,2,2,0,47,22,25,19,9,10,0,0,0,3,0,3,7,4,3,18,9,9,2,0,2
53828103,57,30,27,53,29,24,1,0,1,8,4,4,1,0,1,4,1,3,49,20,29,16,5,11,0,0,0,3,0,3,14,7,7,16,8,8,1,1,0
53828104,12,7,5,10,6,4,0,0,0,2,0,2,0,0,0,2,1,1,9,6,3,3,3,0,0,0,0,2,1,1,1,1,0,3,1,2,0,0,0
53828105,71,44,27,65,39,26,3,2,1,7,5,2,0,0,0,6,5,1,56,30,26,23,11,12,0,0,0,4,0,4,13,7,6,16,12,4,0,0,0
53829901,53,24,29,52,24,28,5,2,3,9,5,4,0,0,0,1,0,1,45,20,25,25,13,12,0,0,0,1,0,1,8,0,8,11,7,4,0,0,0
53829902,75,35,40,71,33,38,2,1,1,13,7,6,1,0,1,4,2,2,53,21,32,19,9,10,1,0,1,0,0,0,9,3,6,24,9,15,0,0,0
53829903,581,312,269,568,308,260,31,19,12,55,29,26,5,0,5,13,4,9,471,202,269,193,79,114,1,0,1,23,1,22,78,34,44,176,88,88,1,1,0
53829904,25,12,13,25,12,13,2,1,1,2,1,1,0,0,0,0,0,0,20,6,14,10,3,7,1,0,1,0,0,0,0,0,0,9,3,6,0,0,0
53829905,332,180,152,321,178,143,11,7,4,34,17,17,3,0,3,11,2,9,245,124,121,79,31,48,3,1,2,14,0,14,65,42,23,84,50,34,4,4,0
53829906,148,77,71,146,77,69,8,6,2,15,8,7,0,0,0,2,0,2,100,51,49,28,14,14,2,2,0,6,0,6,26,12,14,38,23,15,3,1,2
53829907,357,193,164,346,185,161,18,7,11,35,17,18,2,0,2,11,8,3,306,134,172,92,40,52,3,0,3,16,0,16,56,32,24,139,62,77,5,3,2
53829908,11,5,6,11,5,6,0,0,0,1,0,1,0,0,0,0,0,0,20,8,12,12,5,7,1,1,0,0,0,0,1,0,1,6,2,4,0,0,0
53829909,386,216,170,372,209,163,9,7,2,33,17,16,5,0,5,14,7,7,287,107,180,115,41,74,2,1,1,12,0,12,59,24,35,99,41,58,22,16,6
53829911,90,46,44,86,45,41,3,0,3,8,4,4,1,0,1,4,1,3,53,24,29,10,6,4,1,0,1,2,0,2,16,5,11,24,13,11,1,0,1
53829912,200,105,95,195,103,92,13,5,8,12,10,2,2,0,2,5,2,3,164,80,84,54,20,34,0,0,0,7,0,7,25,14,11,78,46,32,4,2,2
53829913,45,23,22,43,22,21,0,0,0,6,4,2,0,0,0,2,1,1,42,17,25,19,7,12,0,0,0,1,0,1,4,2,2,18,8,10,2,2,0
53829914,357,189,168,348,183,165,20,9,11,37,17,20,5,0,5,9,6,3,302,128,174,120,48,72,2,2,0,18,0,18,52,25,27,110,53,57,6,3,3
53829915,108,59,49,103,58,45,5,3,2,10,3,7,1,0,1,5,1,4,74,33,41,22,9,13,0,0,0,5,0,5,21,12,9,26,12,14,0,0,0
53831101,34,15,19,34,15,19,0,0,0,2,1,1,0,0,0,0,0,0,26,10,16,12,5,7,0,0,0,1,0,1,7,1,6,6,4,2,3,3,0
53831102,117,62,55,113,59,54,6,3,3,12,6,6,0,0,0,4,3,1,93,45,48,37,18,19,0,0,0,5,0,5,14,9,5,37,18,19,1,1,0
53831103,2020,1090,930,1939,1041,898,92,43,49,160,90,70,18,0,18,81,49,32,1432,652,780,437,165,272,4,2,2,75,0,75,317,176,141,599,309,290,31,24,7
3246210,0,0,0,0,0,0,0,0,0,0,0,0,0,0,0,0,0,0,0,0,0,0,0,0,0,0,0,0,0,0,0,0,0,0,0,0,0,0,0
53832901,356,205,151,339,194,145,14,6,8,20,11,9,2,0,2,17,11,6,192,87,105,68,26,42,0,0,0,15,0,15,46,30,16,63,31,32,15,10,5
53837001,423,237,186,409,229,180,16,9,7,43,24,19,4,0,4,14,8,6,363,155,208,122,45,77,3,1,2,15,0,15,81,34,47,142,75,67,6,3,3
53841801,46,23,23,44,23,21,3,1,2,5,3,2,0,0,0,2,0,2,27,11,16,8,3,5,0,0,0,2,0,2,9,4,5,8,4,4,2,0,2
53841802,111,60,51,107,59,48,5,2,3,11,5,6,2,0,2,4,1,3,89,36,53,30,12,18,1,0,1,8,0,8,24,9,15,26,15,11,0,0,0
0772242,0,0,0,0,0,0,0,0,0,0,0,0,0,0,0,0,0,0,0,0,0,0,0,0,0,0,0,0,0,0,0,0,0,0,0,0,0,0,0
3247440,0,0,0,0,0,0,0,0,0,0,0,0,0,0,0,0,0,0,0,0,0,0,0,0,0,0,0,0,0,0,0,0,0,0,0,0,0,0,0
53842601,68,34,34,66,33,33,4,1,3,4,1,3,1,0,1,2,1,1,57,25,32,18,7,11,0,0,0,2,0,2,14,5,9,23,13,10,1,1,0
53842602,29,18,11,28,18,10,1,1,0,5,4,1,0,0,0,1,0,1,27,9,18,6,3,3,0,0,0,3,0,3,9,3,6,9,3,6,0,0,0
53842603,500,266,234,477,253,224,30,14,16,48,22,26,4,0,4,23,13,10,394,190,204,117,51,66,4,2,2,14,0,14,90,44,46,169,93,76,7,3,4
53842605,334,182,152,322,174,148,9,3,6,33,17,16,3,0,3,12,8,4,323,138,185,119,44,75,0,0,0,16,0,16,71,34,37,117,60,57,3,2,1
53842606,47,29,18,45,27,18,1,1,0,7,5,2,0,0,0,2,2,0,38,18,20,18,7,11,0,0,0,2,0,2,6,4,2,12,7,5,0,0,0
53844201,1710,878,832,1661,857,804,62,28,34,130,63,67,23,1,22,49,21,28,1474,693,781,341,141,200,10,7,3,67,1,66,386,198,188,670,346,324,30,13,17
53845101,272,140,132,264,138,126,9,6,3,30,16,14,4,0,4,8,2,6,221,114,107,80,40,40,0,0,0,6,0,6,39,21,18,96,53,43,2,1,1
53845102,370,187,183,358,178,180,14,4,10,58,34,24,2,0,2,12,9,3,373,173,200,137,65,72,2,1,1,22,0,22,74,40,34,138,67,71,4,2,2
53846901,221,106,115,214,99,115,4,1,3,25,11,14,1,0,1,7,7,0,164,82,82,72,32,40,0,0,0,5,0,5,29,17,12,58,33,25,3,3,0
53847701,715,373,342,700,367,333,45,21,24,41,22,19,4,0,4,15,6,9,519,222,297,101,41,60,1,0,1,32,0,32,130,58,72,255,123,132,8,3,5
53847702,466,260,206,446,246,200,13,5,8,69,26,43,1,0,1,20,14,6,431,189,242,210,85,125,0,0,0,15,0,15,64,30,34,142,74,68,8,4,4
53848501,59,30,29,57,30,27,5,1,4,6,2,4,1,0,1,2,0,2,54,24,30,14,5,9,0,0,0,2,0,2,10,6,4,28,13,15,0,0,0
53848502,771,431,340,756,422,334,25,17,8,75,42,33,5,0,5,15,9,6,569,245,324,207,86,121,1,0,1,28,0,28,124,59,65,209,100,109,12,8,4
0975432,0,0,0,0,0,0,0,0,0,0,0,0,0,0,0,0,0,0,0,0,0,0,0,0,0,0,0,0,0,0,0,0,0,0,0,0,0,0,0
53849301,362,183,179,351,178,173,11,7,4,47,25,22,3,0,3,11,5,6,306,139,167,93,42,51,1,1,0,10,0,10,69,34,35,133,62,71,5,0,5
53849302,1604,867,737,1565,846,719,76,32,44,161,90,71,18,0,18,39,21,18,1542,665,877,546,212,334,4,3,1,73,1,72,295,147,148,624,302,322,29,16,13
53849303,161,86,75,157,84,73,7,2,5,20,9,11,1,0,1,4,2,2,145,64,81,48,20,28,1,0,1,6,0,6,33,16,17,57,28,29,2,2,0
53850701,781,426,355,759,415,344,27,11,16,57,31,26,2,0,2,22,11,11,491,209,282,174,66,108,1,1,0,21,1,20,85,37,48,210,104,106,25,20,5
53851501,824,472,352,792,458,334,20,9,11,60,28,32,7,0,7,32,14,18,619,262,357,181,65,116,0,0,0,31,0,31,128,58,70,279,139,140,21,11,10
53852301,540,294,246,531,291,240,24,10,14,65,39,26,2,0,2,9,3,6,561,260,301,253,104,149,4,1,3,25,0,25,87,47,40,192,108,84,10,7,3
53852302,200,109,91,193,106,87,5,2,3,21,10,11,3,0,3,7,3,4,185,85,100,72,30,42,2,2,0,11,0,11,37,24,13,63,29,34,1,0,1
53852303,22,12,10,21,12,9,0,0,0,2,1,1,0,0,0,1,0,1,17,8,9,6,2,4,0,0,0,0,0,0,5,3,2,6,3,3,0,0,0
53852304,549,284,265,534,278,256,20,6,14,51,26,25,5,0,5,15,6,9,453,216,237,84,34,50,0,0,0,27,0,27,118,58,60,224,124,100,4,2,2
53852305,182,90,92,176,88,88,7,5,2,21,12,9,0,0,0,6,2,4,179,80,99,77,30,47,2,1,1,6,0,6,32,13,19,62,36,26,1,0,1
53854001,19,9,10,18,9,9,2,0,2,0,0,0,0,0,0,1,0,1,18,9,9,5,2,3,0,0,0,2,0,2,3,2,1,8,5,3,3,1,2
53854002,2200,1221,979,2145,1199,946,77,34,43,121,60,61,25,0,25,55,22,33,1630,709,921,257,110,147,1,1,0,136,1,135,533,267,266,703,330,373,47,20,27
53855801,876,458,418,837,441,396,34,19,15,41,14,27,8,0,8,39,17,22,630,267,363,101,37,64,4,3,1,51,1,50,212,111,101,262,115,147,11,7,4
53856601,304,170,134,295,166,129,20,11,9,32,18,14,1,0,1,9,4,5,238,91,147,100,36,64,1,1,0,13,0,13,51,20,31,73,34,39,4,1,3
53857402,523,277,246,508,270,238,36,21,15,37,17,20,3,0,3,15,7,8,431,185,246,132,60,72,2,1,1,20,0,20,69,27,42,208,97,111,2,0,2
53857403,50,27,23,50,27,23,2,2,0,6,3,3,0,0,0,0,0,0,39,18,21,10,5,5,0,0,0,1,0,1,3,2,1,25,11,14,0,0,0
53857404,2828,1514,1314,2728,1465,1263,109,46,63,262,130,132,23,0,23,100,49,51,2255,977,1278,819,310,509,2,2,0,146,1,145,536,280,256,752,384,368,51,28,23
53857405,50,32,18,46,31,15,0,0,0,2,1,1,0,0,0,4,1,3,16,5,11,5,2,3,0,0,0,0,0,0,7,3,4,4,0,4,4,4,0
53858202,628,338,290,600,323,277,24,12,12,85,42,43,3,0,3,28,15,13,562,261,301,205,92,113,0,0,0,28,0,28,135,66,69,194,103,91,11,7,4
53858203,23,13,10,22,13,9,0,0,0,1,0,1,0,0,0,1,0,1,14,5,9,6,2,4,1,1,0,0,0,0,1,1,0,6,1,5,0,0,0
53858204,118,69,49,113,67,46,1,0,1,12,9,3,1,0,1,5,2,3,111,45,66,26,8,18,2,1,1,12,1,11,27,12,15,44,23,21,0,0,0
53858205,196,107,89,191,105,86,10,4,6,18,11,7,1,0,1,5,2,3,162,73,89,42,20,22,1,0,1,14,0,14,47,21,26,58,32,26,2,1,1
53860401,382,213,169,368,205,163,16,8,8,37,25,12,5,0,5,14,8,6,288,135,153,100,40,60,0,0,0,17,0,17,79,45,34,92,50,42,3,2,1
53861201,271,146,125,260,141,119,12,3,9,31,15,16,1,0,1,11,5,6,243,112,131,85,41,44,1,0,1,7,0,7,45,22,23,105,49,56,4,2,2
53861202,42,23,19,41,22,19,0,0,0,2,1,1,0,0,0,1,1,0,35,12,23,8,3,5,2,1,1,2,0,2,7,4,3,16,4,12,0,0,0
53862101,63,38,25,60,37,23,2,1,1,4,4,0,4,0,4,3,1,2,57,21,36,8,4,4,0,0,0,7,0,7,27,10,17,15,7,8,0,0,0
53862102,278,147,131,260,138,122,11,6,5,22,14,8,2,0,2,18,9,9,229,98,131,108,42,66,3,2,1,10,1,9,37,16,21,71,37,34,4,2,2
53863901,279,155,124,266,148,118,12,6,6,11,3,8,4,0,4,13,7,6,188,85,103,27,11,16,0,0,0,26,0,26,74,38,36,61,36,25,5,5,0
53865501,728,380,348,701,369,332,28,11,17,33,13,20,4,0,4,27,11,16,554,242,312,110,45,65,2,0,2,41,0,41,167,89,78,234,108,126,10,5,5
53867101,1221,652,569,1182,638,544,61,28,33,90,49,41,14,0,14,39,14,25,1010,475,535,248,98,150,4,3,1,85,1,84,295,159,136,378,214,164,16,7,9
53869801,54,29,25,52,29,23,1,1,0,4,2,2,2,0,2,2,0,2,37,17,20,11,5,6,0,0,0,1,0,1,4,3,1,21,9,12,0,0,0
53869803,65,33,32,64,32,32,0,0,0,5,2,3,0,0,0,1,1,0,49,23,26,18,9,9,1,1,0,4,0,4,8,3,5,18,10,8,2,1,1
53869804,163,86,77,159,85,74,9,6,3,20,10,10,2,0,2,4,1,3,133,63,70,41,18,23,0,0,0,4,0,4,28,15,13,60,30,30,3,2,1
53869805,39,18,21,39,18,21,3,1,2,4,1,3,1,0,1,0,0,0,27,8,19,7,3,4,0,0,0,1,0,1,5,1,4,14,4,10,1,1,0
3247280,0,0,0,0,0,0,0,0,0,0,0,0,0,0,0,0,0,0,0,0,0,0,0,0,0,0,0,0,0,0,0,0,0,0,0,0,0,0,0
53870101,629,337,292,600,323,277,28,12,16,57,29,28,6,0,6,29,14,15,526,260,266,153,69,84,2,2,0,30,0,30,125,77,48,216,112,104,11,7,4
53872801,94,55,39,93,54,39,4,2,2,10,5,5,0,0,0,1,1,0,90,41,49,39,21,18,1,1,0,2,0,2,25,11,14,23,8,15,1,0,1
53872802,234,117,117,229,113,116,13,5,8,21,12,9,2,0,2,5,4,1,200,89,111,44,21,23,2,1,1,10,0,10,44,14,30,100,53,47,3,2,1
53872803,205,113,92,200,109,91,6,3,3,11,6,5,0,0,0,5,4,1,201,92,109,58,26,32,2,1,1,14,0,14,42,20,22,85,45,40,4,1,3
53872804,97,60,37,93,56,37,3,3,0,7,3,4,4,0,4,4,4,0,91,43,48,15,4,11,0,0,0,7,0,7,37,16,21,32,23,9,2,1,1
53872805,102,55,47,99,54,45,5,3,2,8,4,4,0,0,0,3,1,2,116,56,60,43,21,22,2,0,2,5,0,5,16,8,8,50,27,23,0,0,0
53872806,267,140,127,260,138,122,12,3,9,14,9,5,4,1,3,7,2,5,199,78,121,31,8,23,1,0,1,15,0,15,71,31,40,81,39,42,6,4,2
53872807,1116,606,510,1080,589,491,60,37,23,153,69,84,7,0,7,36,17,19,927,402,525,395,164,231,6,4,2,48,1,47,174,84,90,304,149,155,17,10,7
53872808,162,95,67,156,92,64,5,3,2,14,7,7,2,0,2,6,3,3,247,83,164,143,36,107,0,0,0,11,0,11,43,21,22,50,26,24,4,1,3
53872810,94,49,45,88,47,41,2,1,1,9,6,3,0,0,0,6,2,4,69,33,36,32,11,21,0,0,0,2,0,2,13,8,5,22,14,8,0,0,0
53872811,157,77,80,156,76,80,11,5,6,28,9,19,2,0,2,1,1,0,162,65,97,87,37,50,2,1,1,3,0,3,27,7,20,43,20,23,3,0,3
53872812,445,240,205,436,236,200,14,11,3,30,12,18,2,0,2,9,4,5,395,187,208,87,42,45,3,1,2,25,0,25,116,63,53,164,81,83,3,1,2
53872813,35,19,16,32,17,15,0,0,0,4,1,3,0,0,0,3,2,1,28,11,17,7,3,4,0,0,0,0,0,0,7,2,5,14,6,8,1,0,1
53872814,1688,932,756,1642,906,736,72,37,35,172,94,78,10,0,10,46,26,20,1365,595,770,464,178,286,4,1,3,57,1,56,300,148,152,540,267,273,69,40,29
53872815,235,122,113,228,120,108,17,10,7,15,8,7,1,0,1,7,2,5,189,75,114,44,19,25,0,0,0,7,0,7,36,12,24,102,44,58,1,0,1
53872816,459,238,221,447,236,211,16,9,7,51,26,25,3,0,3,12,2,10,435,158,277,253,74,179,3,2,1,9,0,9,67,31,36,103,51,52,9,4,5
53872818,110,54,56,107,52,55,6,2,4,12,6,6,0,0,0,3,2,1,85,49,36,20,11,9,1,0,1,1,0,1,12,7,5,51,31,20,2,1,1
53872819,11,4,7,11,4,7,1,0,1,2,0,2,0,0,0,0,0,0,8,4,4,4,1,3,0,0,0,0,0,0,0,0,0,4,3,1,1,1,0
53872820,1229,646,583,1194,627,567,78,41,37,150,73,77,10,0,10,35,19,16,963,424,539,366,140,226,2,1,1,33,0,33,188,97,91,374,186,188,18,8,10
53872821,13,5,8,12,5,7,0,0,0,1,1,0,0,0,0,1,0,1,12,8,4,3,1,2,0,0,0,0,0,0,3,3,0,6,4,2,0,0,0
53872822,890,455,435,870,445,425,53,19,34,131,69,62,9,0,9,20,10,10,739,318,421,316,118,198,0,0,0,27,0,27,138,60,78,258,140,118,15,5,10
53872823,1146,582,564,1108,567,541,73,29,44,109,58,51,8,0,8,38,15,23,957,402,555,346,133,213,4,3,1,41,1,40,169,82,87,397,183,214,18,9,9
53875201,689,368,321,669,358,311,21,8,13,85,46,39,10,0,10,20,10,10,606,281,325,249,109,140,3,2,1,18,0,18,102,56,46,234,114,120,14,6,8
53876101,322,178,144,305,169,136,20,10,10,27,15,12,3,0,3,17,9,8,245,106,139,100,42,58,4,1,3,9,0,9,42,19,23,90,44,46,10,8,2
53876102,149,89,60,145,88,57,7,3,4,5,1,4,3,0,3,4,1,3,123,62,61,9,3,6,2,1,1,13,0,13,56,32,24,43,26,17,1,1,0
53876103,114,61,53,107,58,49,4,3,1,6,5,1,1,0,1,7,3,4,114,45,69,22,8,14,3,2,1,4,0,4,17,10,7,68,25,43,2,2,0
53877901,401,226,175,384,220,164,12,5,7,38,24,14,3,0,3,17,6,11,320,129,191,146,51,95,0,0,0,18,0,18,69,32,37,87,46,41,3,2,1
53878701,104,56,48,102,55,47,2,0,2,6,2,4,6,0,6,2,1,1,76,35,41,4,1,3,0,0,0,13,2,11,39,21,18,20,11,9,0,0,0
53878702,36,21,15,34,21,13,2,0,2,4,3,1,0,0,0,2,0,2,27,12,15,9,3,6,0,0,0,1,0,1,10,6,4,7,3,4,0,0,0
53878703,286,158,128,280,152,128,7,1,6,22,12,10,4,0,4,6,6,0,269,111,158,125,47,78,1,1,0,6,0,6,54,27,27,83,36,47,6,1,5
53880901,54,28,26,54,28,26,2,1,1,4,2,2,1,0,1,0,0,0,28,13,15,8,3,5,0,0,0,1,0,1,9,5,4,10,5,5,1,1,0
53880902,66,30,36,64,29,35,8,5,3,4,1,3,1,0,1,2,1,1,48,22,26,6,1,5,0,0,0,4,0,4,16,12,4,22,9,13,0,0,0
53880903,14,8,6,13,7,6,1,0,1,5,3,2,0,0,0,1,1,0,9,0,9,2,0,2,0,0,0,0,0,0,1,0,1,6,0,6,2,1,1
53880904,54,33,21,52,32,20,4,4,0,6,4,2,1,0,1,2,1,1,42,17,25,10,4,6,0,0,0,2,0,2,10,5,5,20,8,12,0,0,0
53880905,70,36,34,69,35,34,4,1,3,9,3,6,1,0,1,1,1,0,65,30,35,23,12,11,1,1,0,3,0,3,11,5,6,27,12,15,3,3,0
53880907,121,71,50,119,71,48,3,0,3,11,5,6,2,0,2,2,0,2,85,40,45,21,7,14,2,2,0,4,0,4,23,13,10,35,18,17,3,0,3
53880908,1141,599,542,1109,583,526,54,24,30,111,57,54,5,0,5,32,16,16,890,399,491,269,112,157,1,1,0,42,0,42,203,94,109,375,192,183,22,11,11
53882501,586,330,256,567,320,247,32,15,17,53,28,25,3,0,3,19,10,9,413,176,237,122,53,69,1,1,0,28,0,28,107,58,49,155,64,91,4,0,4
53883301,185,91,94,178,89,89,10,4,6,21,10,11,3,0,3,7,2,5,123,55,68,30,12,18,3,3,0,7,0,7,35,15,20,48,25,23,5,3,2
53883302,168,86,82,160,82,78,8,1,7,11,6,5,5,0,5,8,4,4,131,51,80,38,17,21,0,0,0,6,0,6,33,12,21,54,22,32,6,2,4
53883303,551,291,260,533,281,252,29,18,11,44,21,23,5,0,5,18,10,8,401,182,219,98,44,54,4,2,2,17,0,17,109,56,53,173,80,93,7,2,5
53883304,314,167,147,305,162,143,21,9,12,30,17,13,1,0,1,9,5,4,245,118,127,72,36,36,1,1,0,16,0,16,59,24,35,97,57,40,5,2,3
53883305,211,107,104,204,102,102,11,3,8,41,19,22,1,0,1,7,5,2,119,63,56,28,14,14,0,0,0,7,0,7,23,14,9,61,35,26,1,1,0
53884101,725,377,348,703,367,336,32,13,19,76,37,39,7,0,7,22,10,12,610,276,334,203,79,124,4,3,1,29,0,29,138,59,79,236,135,101,8,5,3
53885001,723,386,337,699,376,323,27,15,12,61,30,31,6,0,6,24,10,14,571,255,316,169,61,108,5,4,1,32,0,32,137,72,65,228,118,110,6,3,3
53887601,2402,1274,1128,2326,1238,1088,100,53,47,179,94,85,24,0,24,76,36,40,1974,886,1088,508,195,313,7,5,2,93,0,93,405,193,212,961,493,468,25,9,16
53888401,888,469,419,867,461,406,45,20,25,57,22,35,10,0,10,21,8,13,952,408,544,336,126,210,1,1,0,62,2,60,208,103,105,345,176,169,18,8,10
53888402,173,90,83,164,88,76,6,4,2,19,9,10,2,0,2,9,2,7,132,60,72,39,14,25,0,0,0,8,0,8,35,19,16,50,27,23,4,1,3
53889201,38,14,24,38,14,24,2,0,2,6,2,4,1,0,1,0,0,0,38,20,18,15,9,6,0,0,0,1,0,1,7,3,4,15,8,7,1,1,0
53889202,18,9,9,16,8,8,0,0,0,1,1,0,0,0,0,2,1,1,18,7,11,10,5,5,0,0,0,0,0,0,2,2,0,6,0,6,0,0,0
53889203,448,247,201,430,239,191,26,10,16,31,20,11,2,0,2,18,8,10,391,176,215,82,40,42,1,1,0,27,0,27,98,45,53,183,90,93,7,1,6
53889204,82,43,39,82,43,39,4,0,4,5,2,3,0,0,0,0,0,0,78,29,49,4,1,3,1,1,0,7,0,7,25,7,18,41,20,21,1,0,1
53889205,23,11,12,22,11,11,3,1,2,4,2,2,0,0,0,1,0,1,19,7,12,9,3,6,0,0,0,1,0,1,2,1,1,7,3,4,0,0,0
53891401,814,452,362,783,436,347,28,18,10,95,48,47,3,0,3,31,16,15,632,286,346,232,95,137,2,1,1,29,1,28,135,57,78,234,132,102,14,7,7
3078820,0,0,0,0,0,0,0,0,0,0,0,0,0,0,0,0,0,0,0,0,0,0,0,0,0,0,0,0,0,0,0,0,0,0,0,0,0,0,0
3078910,0,0,0,0,0,0,0,0,0,0,0,0,0,0,0,0,0,0,0,0,0,0,0,0,0,0,0,0,0,0,0,0,0,0,0,0,0,0,0
53895701,180,91,89,172,85,87,10,5,5,12,6,6,3,0,3,8,6,2,160,81,79,31,14,17,0,0,0,7,0,7,47,28,19,75,39,36,1,0,1
53895702,846,459,387,820,446,374,31,12,19,64,30,34,11,0,11,26,13,13,680,293,387,140,46,94,0,0,0,55,0,55,190,96,94,295,151,144,8,3,5
53895703,772,426,346,745,417,328,28,13,15,88,41,47,8,0,8,27,9,18,761,327,434,333,123,210,1,1,0,42,0,42,165,92,73,220,111,109,5,3,2
53895704,11,7,4,10,6,4,0,0,0,2,2,0,1,0,1,1,1,0,11,6,5,8,4,4,0,0,0,0,0,0,1,1,0,2,1,1,0,0,0
53895705,892,486,406,864,467,397,59,30,29,89,44,45,4,0,4,28,19,9,733,333,400,244,106,138,7,4,3,29,0,29,137,64,73,316,159,157,27,17,10
53895706,238,140,98,232,137,95,8,4,4,19,11,8,4,0,4,6,3,3,248,113,135,55,18,37,0,0,0,24,0,24,83,45,38,86,50,36,3,1,2
53895707,886,449,437,844,435,409,40,22,18,119,59,60,5,0,5,42,14,28,694,310,384,325,131,194,3,3,0,25,0,25,126,69,57,215,107,108,10,5,5
53896501,306,166,140,290,160,130,12,6,6,24,12,12,4,0,4,16,6,10,244,104,140,43,20,23,1,0,1,19,0,19,86,32,54,95,52,43,5,2,3
53896502,709,392,317,681,374,307,28,16,12,46,25,21,8,0,8,28,18,10,589,262,327,137,58,79,1,0,1,47,0,47,180,86,94,224,118,106,19,8,11
53897301,231,133,98,222,128,94,7,6,1,23,10,13,1,0,1,9,5,4,156,57,99,37,15,22,4,1,3,17,0,17,50,24,26,48,17,31,3,1,2
1793022,0,0,0,0,0,0,0,0,0,0,0,0,0,0,0,0,0,0,0,0,0,0,0,0,0,0,0,0,0,0,0,0,0,0,0,0,0,0,0
53898101,311,172,139,307,169,138,16,9,7,31,16,15,1,0,1,4,3,1,259,109,150,84,33,51,8,2,6,9,0,9,53,27,26,105,47,58,4,3,1
53898102,44,29,15,44,29,15,5,4,1,7,5,2,0,0,0,0,0,0,28,11,17,9,4,5,0,0,0,2,0,2,5,2,3,12,5,7,1,1,0
53898103,7,5,2,7,5,2,1,1,0,0,0,0,0,0,0,0,0,0,12,6,6,2,1,1,0,0,0,0,0,0,5,2,3,5,3,2,1,1,0
53898104,103,56,47,101,56,45,2,0,2,13,8,5,1,0,1,2,0,2,96,41,55,28,11,17,1,1,0,3,0,3,16,6,10,48,23,25,3,0,3
53898105,17,9,8,17,9,8,1,0,1,4,3,1,0,0,0,0,0,0,18,7,11,3,1,2,0,0,0,1,0,1,3,1,2,11,5,6,0,0,0
53898106,76,45,31,75,44,31,2,0,2,6,3,3,1,0,1,1,1,0,80,41,39,19,8,11,0,0,0,7,0,7,21,14,7,33,19,14,1,1,0
53898107,1174,651,523,1147,638,509,49,31,18,110,55,55,8,0,8,27,13,14,887,414,473,321,135,186,4,2,2,35,1,34,150,89,61,377,187,190,25,15,10
53898108,19,8,11,18,7,11,1,1,0,0,0,0,0,0,0,1,1,0,9,5,4,3,1,2,0,0,0,0,0,0,1,1,0,5,3,2,0,0,0
53898109,11,6,5,11,6,5,0,0,0,2,2,0,0,0,0,0,0,0,10,3,7,3,1,2,0,0,0,0,0,0,5,2,3,2,0,2,0,0,0
53899001,362,184,178,351,181,170,14,4,10,27,10,17,7,0,7,11,3,8,276,120,156,77,31,46,2,2,0,15,0,15,65,30,35,117,57,60,7,4,3
53901501,246,126,120,236,123,113,9,4,5,15,6,9,5,0,5,10,3,7,155,62,93,35,13,22,0,0,0,13,0,13,56,25,31,51,24,27,6,2,4
53901502,206,121,85,199,116,83,5,4,1,18,11,7,2,0,2,7,5,2,169,73,96,69,26,43,0,0,0,8,0,8,40,19,21,52,28,24,7,5,2
53903101,40,19,21,40,19,21,3,1,2,4,2,2,0,0,0,0,0,0,24,10,14,6,2,4,0,0,0,1,0,1,4,2,2,13,6,7,0,0,0
53903102,115,60,55,110,58,52,3,1,2,9,4,5,0,0,0,5,2,3,112,57,55,49,25,24,0,0,0,1,0,1,17,7,10,45,25,20,0,0,0
53903104,394,220,174,380,214,166,16,8,8,32,21,11,3,0,3,14,6,8,327,130,197,88,35,53,1,0,1,18,0,18,88,41,47,132,54,78,0,0,0
53904001,54,29,25,52,28,24,0,0,0,6,2,4,1,0,1,2,1,1,44,19,25,15,8,7,0,0,0,3,0,3,12,3,9,14,8,6,0,0,0
53904002,26,10,16,25,10,15,1,1,0,4,1,3,0,0,0,1,0,1,25,12,13,9,3,6,0,0,0,1,0,1,4,0,4,11,9,2,0,0,0
53904003,292,170,122,288,169,119,13,7,6,15,8,7,2,0,2,4,1,3,211,87,124,97,42,55,1,0,1,9,0,9,38,18,20,66,27,39,4,2,2
53905801,168,90,78,164,87,77,9,4,5,9,6,3,2,0,2,4,3,1,133,61,72,27,11,16,0,0,0,2,0,2,23,10,13,81,40,41,0,0,0
53905802,397,214,183,381,208,173,19,13,6,32,16,16,3,0,3,16,6,10,303,145,158,81,42,39,3,2,1,19,1,18,88,35,53,112,65,47,4,2,2
53905803,71,37,34,67,35,32,3,2,1,2,1,1,0,0,0,4,2,2,50,25,25,2,1,1,0,0,0,3,0,3,8,2,6,37,22,15,0,0,0
53905804,609,317,292,597,313,284,38,16,22,46,24,22,5,0,5,12,4,8,513,235,278,87,40,47,4,4,0,20,0,20,103,50,53,299,141,158,10,4,6
53905805,334,180,154,330,179,151,22,9,13,22,11,11,3,0,3,4,1,3,256,112,144,27,7,20,1,1,0,12,0,12,72,33,39,144,71,73,4,1,3
53905806,155,83,72,154,82,72,8,3,5,13,6,7,3,0,3,1,1,0,114,55,59,26,13,13,1,1,0,4,0,4,31,13,18,52,28,24,2,1,1
53905807,392,219,173,374,211,163,15,6,9,33,18,15,2,0,2,18,8,10,302,145,157,92,40,52,2,1,1,11,0,11,46,22,24,151,82,69,13,8,5
53905808,334,199,135,327,195,132,21,10,11,45,19,26,0,0,0,7,4,3,208,91,117,91,35,56,1,0,1,6,0,6,28,11,17,82,45,37,10,7,3
53906601,27,17,10,24,15,9,2,1,1,3,2,1,0,0,0,3,2,1,12,2,10,3,1,2,0,0,0,1,0,1,1,0,1,7,1,6,0,0,0
53906602,1687,895,792,1641,873,768,88,44,44,109,54,55,9,0,9,46,22,24,1406,656,750,336,142,194,8,4,4,47,1,46,257,124,133,758,385,373,35,21,14
53908201,659,372,287,643,366,277,28,15,13,20,10,10,13,0,13,16,6,10,530,231,299,70,31,39,1,1,0,58,0,58,239,119,120,162,80,82,13,4,9
53909101,298,166,132,287,161,126,18,8,10,28,18,10,0,0,0,11,5,6,258,111,147,102,38,64,1,0,1,19,0,19,58,31,27,78,42,36,3,2,1
53909102,23,11,12,23,11,12,1,1,0,7,4,3,0,0,0,0,0,0,18,7,11,3,1,2,0,0,0,0,0,0,2,2,0,13,4,9,0,0,0
56476101,155,88,67,150,85,65,3,0,3,17,9,8,1,0,1,5,3,2,114,59,55,38,18,20,0,0,0,4,0,4,18,11,7,54,30,24,5,2,3
56478801,50,30,20,48,29,19,1,1,0,3,2,1,0,0,0,2,1,1,43,21,22,19,7,12,0,0,0,1,0,1,3,2,1,20,12,8,1,1,0
56479601,98,52,46,95,49,46,1,0,1,7,4,3,1,0,1,3,3,0,93,48,45,33,16,17,0,0,0,3,0,3,16,9,7,41,23,18,1,0,1
56486901,391,214,177,375,209,166,11,6,5,32,16,16,2,0,2,16,5,11,300,140,160,90,39,51,1,1,0,16,0,16,72,40,32,121,60,61,1,0,1
56488501,317,167,150,311,163,148,16,7,9,28,17,11,0,0,0,6,4,2,223,106,117,62,23,39,4,3,1,10,0,10,52,25,27,95,55,40,3,2,1
3246980,0,0,0,0,0,0,0,0,0,0,0,0,0,0,0,0,0,0,0,0,0,0,0,0,0,0,0,0,0,0,0,0,0,0,0,0,0,0,0
56490701,682,346,336,658,335,323,15,5,10,30,14,16,8,0,8,24,11,13,442,215,227,40,18,22,0,0,0,37,0,37,174,90,84,191,107,84,10,7,3
56490702,541,285,256,519,278,241,23,8,15,35,18,17,5,0,5,22,7,15,376,183,193,58,24,34,2,1,1,25,0,25,114,62,52,177,96,81,11,7,4
56491501,639,334,305,612,323,289,22,12,10,31,18,13,12,0,12,27,11,16,458,202,256,61,27,34,6,1,5,30,0,30,152,56,96,209,118,91,9,2,7
56497401,466,258,208,445,248,197,15,7,8,61,31,30,3,0,3,21,10,11,380,167,213,188,79,109,3,2,1,15,1,14,55,29,26,119,56,63,7,3,4
56498201,331,172,159,320,169,151,21,12,9,20,8,12,2,0,2,11,3,8,261,125,136,26,11,15,0,0,0,18,0,18,68,34,34,149,80,69,3,1,2
56498202,891,459,432,872,451,421,48,18,30,58,26,32,4,0,4,19,8,11,712,321,391,130,52,78,1,0,1,42,1,41,155,79,76,384,189,195,7,4,3
56499101,120,65,55,115,65,50,6,3,3,5,4,1,1,0,1,5,0,5,93,38,55,4,0,4,0,0,0,12,0,12,46,25,21,31,13,18,2,1,1
56499102,40,19,21,40,19,21,3,1,2,2,2,0,0,0,0,0,0,0,33,9,24,5,1,4,1,0,1,0,0,0,6,3,3,21,5,16,0,0,0
56499103,211,118,93,204,114,90,22,8,14,11,6,5,1,0,1,7,4,3,146,64,82,9,2,7,4,1,3,9,0,9,36,16,20,88,45,43,6,3,3
56499104,243,141,102,238,139,99,6,2,4,19,12,7,3,0,3,5,2,3,182,61,121,64,22,42,3,1,2,10,0,10,34,11,23,71,27,44,11,6,5
56500801,185,103,82,176,98,78,9,4,5,13,8,5,1,1,0,9,5,4,140,58,82,29,11,18,1,0,1,12,0,12,34,15,19,64,32,32,3,2,1
56598901,252,140,112,247,139,108,13,6,7,14,6,8,0,0,0,5,1,4,176,83,93,62,29,33,1,1,0,10,0,10,34,16,18,69,37,32,6,4,2
57164401,132,75,57,129,73,56,3,1,2,19,12,7,1,0,1,3,2,1,123,52,71,40,19,21,0,0,0,15,0,15,32,12,20,36,21,15,2,2,0
57167901,59,32,27,57,32,25,4,1,3,6,2,4,0,0,0,2,0,2,42,19,23,22,11,11,0,0,0,1,0,1,2,1,1,17,7,10,0,0,0
57195401,269,149,120,262,147,115,3,1,2,30,12,18,1,0,1,7,2,5,241,101,140,96,39,57,1,1,0,17,0,17,56,28,28,71,33,38,8,4,4
59826701,21,15,6,21,15,6,1,1,0,6,4,2,0,0,0,0,0,0,17,7,10,7,3,4,0,0,0,2,0,2,4,3,1,4,1,3,1,1,0
59826702,343,203,140,334,199,135,7,3,4,24,15,9,1,0,1,9,4,5,155,78,77,54,26,28,0,0,0,7,0,7,39,20,19,55,32,23,8,5,3
59828301,280,155,125,270,150,120,14,7,7,19,10,9,1,0,1,10,5,5,200,100,100,49,25,24,0,0,0,12,0,12,35,18,17,104,57,47,2,0,2
59830501,350,196,154,340,192,148,15,7,8,17,10,7,1,0,1,10,4,6,215,105,110,35,14,21,2,1,1,8,0,8,38,23,15,132,67,65,9,6,3
0277072,0,0,0,0,0,0,0,0,0,0,0,0,0,0,0,0,0,0,0,0,0,0,0,0,0,0,0,0,0,0,0,0,0,0,0,0,0,0,0
59922101,126,64,62,123,64,59,9,3,6,13,6,7,1,0,1,3,0,3,99,43,56,26,10,16,1,1,0,6,0,6,29,15,14,37,17,20,1,0,1
59922103,100,46,54,97,46,51,11,6,5,7,2,5,1,0,1,3,0,3,65,28,37,20,9,11,0,0,0,2,0,2,14,5,9,29,14,15,1,1,0
59922104,68,37,31,68,37,31,3,2,1,0,0,0,1,0,1,0,0,0,44,23,21,1,0,1,0,0,0,2,0,2,17,13,4,24,10,14,1,0,1
59971901,131,64,67,129,63,66,3,1,2,10,7,3,0,0,0,2,1,1,125,57,68,56,25,31,1,1,0,1,0,1,21,8,13,46,23,23,3,1,2
59971902,223,119,104,220,118,102,15,8,7,19,9,10,0,0,0,3,1,2,191,83,108,56,21,35,0,0,0,7,0,7,47,21,26,81,41,40,3,3,0
51343101,263,142,121,255,138,117,12,8,4,28,13,15,3,0,3,8,4,4,202,93,109,65,25,40,2,1,1,7,0,7,43,22,21,85,45,40,3,2,1
51345801,43,21,22,42,20,22,3,0,3,5,5,0,0,0,0,1,1,0,31,17,14,13,5,8,0,0,0,1,0,1,4,2,2,13,10,3,0,0,0
51345802,96,53,43,94,53,41,6,4,2,5,2,3,0,0,0,2,0,2,91,42,49,7,4,3,0,0,0,5,0,5,31,11,20,48,27,21,2,0,2
51345803,1520,809,711,1459,778,681,79,33,46,124,64,60,10,0,10,61,31,30,1047,457,590,238,89,149,12,8,4,62,0,62,248,122,126,487,238,249,30,15,15
53114601,793,439,354,773,435,338,42,21,21,54,27,27,10,0,10,20,4,16,640,286,354,118,45,73,1,1,0,48,0,48,234,118,116,239,122,117,21,13,8
53161801,278,152,126,270,150,120,11,7,4,21,11,10,0,0,0,8,2,6,232,109,123,74,35,39,0,0,0,13,0,13,48,21,27,97,53,44,4,3,1
53161803,739,388,351,718,378,340,27,10,17,55,23,32,8,0,8,21,10,11,542,242,300,135,65,70,1,0,1,29,1,28,109,48,61,268,128,140,12,9,3
53161804,48,26,22,44,24,20,1,0,1,4,2,2,0,0,0,4,2,2,24,8,16,7,3,4,1,1,0,3,0,3,7,1,6,6,3,3,2,1,1
53161805,309,161,148,306,159,147,18,9,9,17,8,9,2,0,2,3,2,1,242,119,123,41,16,25,1,1,0,9,0,9,53,24,29,138,78,60,1,0,1
53172301,38,18,20,35,16,19,4,2,2,4,1,3,0,0,0,3,2,1,25,15,10,5,4,1,1,1,0,0,0,0,6,1,5,13,9,4,1,0,1
53172302,1685,863,822,1625,838,787,89,45,44,168,80,88,12,0,12,60,25,35,1382,617,765,406,151,255,7,4,3,71,1,70,292,145,147,606,316,290,22,12,10
53172303,1078,575,503,1046,557,489,58,28,30,129,69,60,8,0,8,32,18,14,912,421,491,415,174,241,2,2,0,36,0,36,156,79,77,303,166,137,15,10,5
53182101,514,274,240,490,262,228,23,6,17,56,26,30,2,0,2,24,12,12,385,175,210,143,60,83,0,0,0,11,0,11,74,36,38,157,79,78,8,3,5
53221501,813,427,386,780,411,369,41,13,28,67,36,31,8,0,8,33,16,17,615,284,331,185,77,108,1,1,0,41,0,41,134,72,62,254,134,120,15,8,7
53221502,47,23,24,46,23,23,2,0,2,3,1,2,0,0,0,1,0,1,42,21,21,14,6,8,0,0,0,2,0,2,11,7,4,15,8,7,1,0,1
53278901,527,267,260,509,256,253,29,12,17,41,19,22,1,0,1,18,11,7,418,194,224,123,58,65,4,1,3,25,0,25,96,37,59,170,98,72,5,2,3
53278903,32,18,14,31,17,14,4,4,0,5,1,4,1,0,1,1,1,0,29,13,16,6,3,3,0,0,0,3,0,3,13,6,7,7,4,3,0,0,0
53299101,638,333,305,617,318,299,19,7,12,77,36,41,9,0,9,21,15,6,535,234,301,222,95,127,3,3,0,23,0,23,120,56,64,167,80,87,12,4,8
53910401,27,15,12,24,13,11,1,0,1,3,3,0,0,0,0,3,2,1,16,5,11,5,0,5,0,0,0,2,0,2,5,3,2,4,2,2,0,0,0
53910402,31,18,13,30,18,12,2,1,1,7,2,5,0,0,0,1,0,1,35,21,14,21,14,7,0,0,0,1,0,1,3,1,2,10,6,4,0,0,0
53910403,114,73,41,107,68,39,5,3,2,21,14,7,0,0,0,7,5,2,93,41,52,48,19,29,0,0,0,2,0,2,12,5,7,31,17,14,3,2,1
53910404,64,36,28,60,34,26,2,0,2,5,3,2,0,0,0,4,2,2,69,36,33,30,14,16,0,0,0,3,0,3,12,10,2,24,12,12,1,0,1
53910405,39,23,16,38,23,15,2,1,1,6,4,2,0,0,0,1,0,1,31,15,16,11,7,4,1,0,1,2,0,2,9,4,5,8,4,4,0,0,0
53912101,302,166,136,287,156,131,17,5,12,41,23,18,1,0,1,15,10,5,255,125,130,79,38,41,0,0,0,16,0,16,62,33,29,98,54,44,4,4,0
53913901,937,511,426,902,488,414,51,26,25,130,75,55,4,0,4,35,23,12,800,357,443,294,119,175,1,1,0,29,0,29,162,77,85,314,160,154,39,20,19
53913902,1057,564,493,1033,550,483,72,40,32,114,67,47,12,0,12,24,14,10,1037,413,624,354,125,229,9,7,2,42,0,42,199,82,117,433,199,234,10,6,4
53913903,2034,1075,959,1982,1053,929,140,72,68,248,123,125,10,1,9,52,22,30,1768,842,926,666,282,384,16,8,8,66,0,66,308,164,144,712,388,324,25,8,17
53914701,65,36,29,60,33,27,4,2,2,5,4,1,0,0,0,5,3,2,54,29,25,31,14,17,0,0,0,2,0,2,11,8,3,10,7,3,1,0,1
53914702,114,63,51,103,55,48,5,2,3,9,4,5,1,0,1,11,8,3,78,35,43,33,15,18,0,0,0,3,0,3,12,6,6,30,14,16,4,4,0
53915501,185,108,77,179,104,75,9,6,3,23,11,12,1,0,1,6,4,2,161,66,95,63,27,36,0,0,0,10,1,9,31,13,18,57,25,32,0,0,0
53915502,423,229,194,404,219,185,16,5,11,57,32,25,4,0,4,19,10,9,389,164,225,168,69,99,1,1,0,15,0,15,75,34,41,130,60,70,7,3,4
53916301,490,270,220,474,263,211,20,9,11,45,26,19,2,0,2,16,7,9,440,196,244,172,66,106,0,0,0,22,0,22,86,46,40,160,84,76,14,9,5
53916302,91,46,45,88,44,44,4,3,1,9,2,7,0,0,0,3,2,1,94,49,45,43,18,25,0,0,0,7,1,6,26,20,6,18,10,8,1,1,0
53916303,168,99,69,156,90,66,6,3,3,20,12,8,2,0,2,12,9,3,136,64,72,57,25,32,1,0,1,7,0,7,27,15,12,44,24,20,0,0,0
53916305,225,127,98,215,122,93,6,4,2,26,15,11,0,0,0,10,5,5,211,92,119,59,27,32,1,0,1,12,0,12,51,23,28,88,42,46,4,2,2
53917101,332,177,155,317,169,148,5,2,3,36,22,14,3,0,3,15,8,7,279,126,153,100,41,59,1,1,0,12,0,12,55,28,27,111,56,55,2,1,1
53918001,277,178,99,271,173,98,14,4,10,14,9,5,0,0,0,6,5,1,156,63,93,49,17,32,2,2,0,7,0,7,34,14,20,64,30,34,26,17,9
53919801,603,320,283,580,308,272,32,15,17,88,52,36,3,0,3,23,12,11,503,243,260,182,75,107,7,3,4,21,0,21,93,53,40,200,112,88,9,1,8
53919802,1355,711,644,1313,687,626,70,31,39,154,85,69,12,0,12,42,24,18,1166,521,645,419,151,268,8,5,3,55,0,55,257,131,126,427,234,193,33,26,7
53921001,1973,1044,929,1920,1016,904,120,62,58,176,94,82,10,0,10,53,28,25,1582,743,839,386,168,218,11,5,6,70,0,70,350,169,181,765,401,364,43,26,17
53921002,366,201,165,352,193,159,14,7,7,28,14,14,0,0,0,14,8,6,324,143,181,84,34,50,6,1,5,24,0,24,73,39,34,137,69,68,9,5,4
53921003,167,91,76,159,87,72,9,4,5,22,14,8,0,0,0,8,4,4,124,46,78,50,16,34,1,0,1,4,0,4,22,7,15,47,23,24,0,0,0
53921004,49,28,21,45,27,18,2,1,1,5,1,4,0,0,0,4,1,3,37,20,17,16,10,6,0,0,0,3,0,3,12,6,6,6,4,2,2,0,2
53922801,435,233,202,424,229,195,13,1,12,28,11,17,2,0,2,11,4,7,358,147,211,128,48,80,1,1,0,21,0,21,75,40,35,133,58,75,4,1,3
53922802,96,54,42,92,52,40,4,2,2,7,3,4,2,0,2,4,2,2,98,40,58,39,17,22,0,0,0,7,0,7,26,13,13,26,10,16,0,0,0
53922803,767,407,360,742,399,343,29,14,15,28,15,13,8,0,8,25,8,17,561,238,323,66,18,48,0,0,0,49,0,49,210,107,103,236,113,123,12,4,8
53923601,42,17,25,41,17,24,6,2,4,6,3,3,0,0,0,1,0,1,20,11,9,5,3,2,1,1,0,2,0,2,8,5,3,4,2,2,0,0,0
53923602,2832,1507,1325,2727,1451,1276,159,69,90,217,122,95,30,0,30,105,56,49,2194,957,1237,654,242,412,11,6,5,132,1,131,538,281,257,859,427,432,63,37,26
0458372,0,0,0,0,0,0,0,0,0,0,0,0,0,0,0,0,0,0,0,0,0,0,0,0,0,0,0,0,0,0,0,0,0,0,0,0,0,0,0
53924401,61,34,27,59,33,26,3,0,3,12,6,6,0,0,0,2,1,1,70,34,36,35,15,20,0,0,0,6,0,6,14,8,6,15,11,4,1,0,1
53924402,2858,1516,1342,2746,1468,1278,145,74,71,247,131,116,27,0,27,112,48,64,2182,934,1248,769,277,492,8,4,4,99,0,99,479,240,239,827,413,414,62,45,17
53924403,2716,1388,1328,2638,1356,1282,121,54,67,234,125,109,34,1,33,78,32,46,1765,758,1007,541,197,344,10,3,7,95,0,95,437,218,219,682,340,342,42,16,26
53924405,15,10,5,15,10,5,0,0,0,1,0,1,0,0,0,0,0,0,13,8,5,7,4,3,0,0,0,0,0,0,3,2,1,3,2,1,2,0,2
53925201,198,105,93,187,98,89,11,7,4,14,4,10,0,0,0,11,7,4,172,79,93,72,28,44,1,1,0,8,0,8,38,20,18,53,30,23,1,1,0
53925202,740,398,342,714,386,328,33,9,24,88,47,41,9,0,9,26,12,14,636,285,351,264,114,150,2,1,1,27,0,27,125,64,61,218,106,112,11,8,3
53925203,225,125,100,218,124,94,4,1,3,23,9,14,5,0,5,7,1,6,215,99,116,114,55,59,1,0,1,9,0,9,39,21,18,52,23,29,3,0,3
53925204,137,75,62,132,72,60,8,2,6,21,14,7,1,0,1,5,3,2,139,57,82,52,17,35,2,2,0,9,1,8,26,16,10,50,21,29,4,2,2
53926101,316,180,136,303,174,129,21,11,10,41,22,19,2,0,2,13,6,7,299,130,169,131,57,74,1,1,0,14,1,13,57,26,31,96,45,51,0,0,0
53928701,195,105,90,182,101,81,5,4,1,23,13,10,1,0,1,13,4,9,155,65,90,46,19,27,1,1,0,9,0,9,30,12,18,69,33,36,1,1,0
53928702,10,5,5,10,5,5,0,0,0,0,0,0,0,0,0,0,0,0,10,5,5,4,1,3,0,0,0,0,0,0,2,0,2,4,4,0,0,0,0
53929501,630,336,294,610,326,284,25,10,15,61,35,26,8,0,8,20,10,10,413,166,247,135,55,80,1,1,0,31,1,30,111,51,60,135,58,77,10,4,6
53930901,157,89,68,152,88,64,10,5,5,9,7,2,3,0,3,5,1,4,148,67,81,14,5,9,1,1,0,19,0,19,52,30,22,62,31,31,1,0,1
53930902,2487,1309,1178,2431,1284,1147,124,53,71,119,60,59,41,0,41,56,25,31,1847,823,1024,251,95,156,8,6,2,166,2,164,660,346,314,762,374,388,41,24,17
53931702,747,400,347,710,379,331,30,13,17,91,42,49,2,0,2,37,21,16,590,275,315,238,102,136,1,0,1,30,0,30,113,60,53,208,113,95,13,4,9
53932501,519,268,251,499,264,235,27,13,14,69,42,27,1,0,1,20,4,16,405,183,222,132,58,74,4,2,2,22,0,22,95,45,50,152,78,74,2,1,1
53932502,145,77,68,143,76,67,10,7,3,10,4,6,0,0,0,2,1,1,120,58,62,14,7,7,0,0,0,8,0,8,26,18,8,72,33,39,1,1,0
53932503,3375,1765,1610,3250,1706,1544,177,76,101,244,134,110,20,0,20,125,59,66,2369,1028,1341,499,178,321,19,9,10,146,1,145,595,300,295,1110,540,570,102,47,55
53932504,185,102,83,182,99,83,6,3,3,14,8,6,2,0,2,3,3,0,161,74,87,61,23,38,3,0,3,6,0,6,20,13,7,71,38,33,3,1,2
53932505,189,101,88,188,101,87,8,6,2,18,12,6,0,0,0,1,0,1,150,72,78,24,10,14,5,3,2,3,1,2,33,17,16,85,41,44,6,1,5
53932506,532,281,251,518,278,240,29,22,7,37,10,27,6,0,6,14,3,11,419,187,232,112,51,61,4,2,2,16,0,16,96,46,50,191,88,103,8,0,8
53932507,30,18,12,29,17,12,1,0,1,1,0,1,1,1,0,1,1,0,46,22,24,3,1,2,1,1,0,3,0,3,16,7,9,23,13,10,4,1,3
53932508,34,19,15,33,19,14,3,1,2,0,0,0,1,0,1,1,0,1,24,9,15,11,3,8,0,0,0,0,0,0,4,3,1,9,3,6,0,0,0
53932509,70,36,34,70,36,34,4,2,2,1,0,1,0,0,0,0,0,0,59,31,28,3,1,2,0,0,0,3,0,3,23,12,11,30,18,12,0,0,0
53932510,42,20,22,42,20,22,4,2,2,4,1,3,0,0,0,0,0,0,39,25,14,9,6,3,1,1,0,0,0,0,7,2,5,22,16,6,0,0,0
53932512,126,63,63,123,61,62,8,2,6,10,6,4,0,0,0,3,2,1,105,47,58,21,10,11,0,0,0,3,0,3,22,13,9,59,24,35,1,1,0
53932513,747,387,360,725,376,349,44,18,26,37,18,19,3,0,3,22,11,11,615,281,334,91,34,57,1,0,1,25,0,25,151,66,85,347,181,166,12,4,8
53933301,114,62,52,109,61,48,4,0,4,14,10,4,2,0,2,5,1,4,100,41,59,51,21,30,0,0,0,6,0,6,18,7,11,25,13,12,1,0,1
53933302,81,46,35,79,45,34,1,1,0,9,4,5,1,0,1,2,1,1,59,25,34,22,9,13,0,0,0,5,0,5,15,7,8,17,9,8,2,2,0
53933303,1653,870,783,1582,831,751,68,32,36,174,82,92,20,0,20,71,39,32,1381,616,765,511,211,300,4,2,2,66,1,65,301,138,163,499,264,235,45,26,19
53933304,138,79,59,132,76,56,6,4,2,16,9,7,1,0,1,6,3,3,131,55,76,42,18,24,0,0,0,12,0,12,39,19,20,38,18,20,5,1,4
53933305,427,224,203,421,222,199,22,9,13,32,13,19,3,0,3,6,2,4,336,157,179,107,44,63,0,0,0,20,0,20,89,49,40,120,64,56,3,0,3
53933307,162,92,70,156,89,67,3,2,1,23,12,11,1,0,1,6,3,3,139,53,86,71,28,43,1,1,0,7,0,7,24,11,13,36,13,23,3,2,1
53933308,22,12,10,22,12,10,1,0,1,3,2,1,0,0,0,0,0,0,21,9,12,13,7,6,0,0,0,2,0,2,5,2,3,1,0,1,0,0,0
53933309,119,71,48,111,69,42,5,3,2,11,7,4,0,0,0,8,2,6,80,39,41,35,16,19,0,0,0,2,0,2,11,7,4,32,16,16,3,1,2
53933310,16,9,7,16,9,7,1,0,1,0,0,0,1,0,1,0,0,0,8,5,3,4,2,2,0,0,0,0,0,0,2,1,1,2,2,0,0,0,0
53934101,441,246,195,429,241,188,19,8,11,61,30,31,2,0,2,12,5,7,285,126,159,126,52,74,4,3,1,14,0,14,50,28,22,91,43,48,16,9,7
53935001,1322,668,654,1286,651,635,54,13,41,90,40,50,19,0,19,36,17,19,906,394,512,215,83,132,1,1,0,72,1,71,266,120,146,352,189,163,17,5,12
53936801,65,36,29,64,35,29,2,1,1,11,5,6,1,0,1,1,1,0,39,20,19,19,11,8,0,0,0,3,0,3,6,3,3,11,6,5,0,0,0
53936802,123,63,60,116,61,55,1,1,0,11,5,6,0,0,0,7,2,5,102,51,51,39,17,22,1,1,0,5,0,5,16,7,9,41,26,15,1,1,0
53936803,428,242,186,411,232,179,14,8,6,49,32,17,3,0,3,17,10,7,398,181,217,188,79,109,2,0,2,14,0,14,72,40,32,122,62,60,9,4,5
53936804,215,124,91,202,116,86,9,4,5,28,17,11,0,0,0,13,8,5,178,83,95,81,28,53,1,1,0,9,0,9,30,18,12,57,36,21,0,0,0
53938401,377,206,171,359,198,161,25,11,14,38,23,15,4,0,4,18,8,10,264,115,149,121,52,69,0,0,0,16,1,15,55,22,33,72,40,32,10,4,6
53939201,493,267,226,477,257,220,28,9,19,46,25,21,1,0,1,16,10,6,413,171,242,176,72,104,1,0,1,17,0,17,64,33,31,155,66,89,7,6,1
53940601,791,419,372,766,406,360,35,18,17,87,42,45,9,1,8,25,13,12,727,315,412,234,95,139,2,0,2,31,0,31,154,64,90,306,156,150,9,3,6
53940602,52,29,23,50,29,21,3,2,1,2,2,0,0,0,0,2,0,2,50,19,31,20,9,11,0,0,0,1,0,1,8,2,6,21,8,13,1,1,0
53941401,654,354,300,633,343,290,28,14,14,70,30,40,2,0,2,21,11,10,534,238,296,231,96,135,1,1,0,28,0,28,113,57,56,161,84,77,5,0,5
53941402,513,260,253,491,247,244,21,10,11,50,24,26,2,0,2,22,13,9,399,178,221,158,60,98,1,0,1,13,0,13,73,32,41,154,86,68,8,3,5
53941403,759,424,335,719,404,315,32,15,17,92,46,46,2,0,2,40,20,20,629,290,339,221,100,121,1,1,0,33,0,33,150,76,74,224,113,111,25,18,7
53942201,403,218,185,390,212,178,13,8,5,44,25,19,2,0,2,13,6,7,278,131,147,97,40,57,2,2,0,17,0,17,48,27,21,114,62,52,2,0,2
53942202,87,51,36,83,50,33,3,2,1,12,6,6,1,0,1,4,1,3,54,26,28,17,6,11,1,1,0,2,0,2,11,7,4,23,12,11,1,1,0
53942203,24,11,13,24,11,13,0,0,0,5,3,2,0,0,0,0,0,0,11,7,4,1,1,0,0,0,0,0,0,0,2,2,0,8,4,4,0,0,0
53942204,414,214,200,409,212,197,21,8,13,43,27,16,3,0,3,5,2,3,312,149,163,102,43,59,0,0,0,16,0,16,61,23,38,133,83,50,7,5,2
53945701,259,144,115,250,139,111,4,3,1,17,8,9,2,0,2,9,5,4,228,95,133,76,32,44,0,0,0,11,0,11,65,27,38,76,36,40,2,1,1
53945702,117,62,55,107,59,48,6,1,5,10,7,3,0,0,0,10,3,7,84,39,45,25,14,11,2,1,1,8,0,8,23,13,10,26,11,15,0,0,0
53945703,91,50,41,86,47,39,3,1,2,12,6,6,0,0,0,5,3,2,72,37,35,30,16,14,1,1,0,2,0,2,10,5,5,29,15,14,0,0,0
53949001,452,241,211,433,228,205,17,8,9,57,27,30,1,0,1,19,13,6,427,182,245,194,81,113,4,3,1,23,0,23,84,35,49,122,63,59,9,5,4
53950301,470,265,205,456,258,198,13,10,3,60,39,21,3,0,3,14,7,7,393,177,216,142,59,83,4,2,2,26,0,26,85,44,41,136,72,64,4,2,2
53950302,382,209,173,368,204,164,16,9,7,39,23,16,1,0,1,14,5,9,321,159,162,106,50,56,1,1,0,15,0,15,58,35,23,141,73,68,2,0,2
53951101,315,188,127,301,180,121,9,7,2,32,17,15,1,0,1,14,8,6,237,99,138,89,35,54,0,0,0,13,0,13,54,20,34,81,44,37,9,5,4
53951102,59,37,22,57,37,20,2,2,0,12,8,4,1,0,1,2,0,2,43,21,22,18,9,9,0,0,0,3,0,3,14,8,6,8,4,4,0,0,0
53951103,87,51,36,86,50,36,3,3,0,15,8,7,0,0,0,1,1,0,81,38,43,49,22,27,0,0,0,3,0,3,8,3,5,21,13,8,0,0,0
53952001,560,291,269,539,283,256,27,17,10,68,35,33,4,0,4,21,8,13,445,217,228,192,81,111,1,1,0,14,0,14,68,32,36,170,103,67,12,7,5
53954601,44,24,20,42,24,18,0,0,0,1,1,0,0,0,0,2,0,2,35,19,16,11,5,6,1,1,0,2,0,2,7,3,4,14,10,4,0,0,0
53954602,109,60,49,102,55,47,1,1,0,16,8,8,0,0,0,7,5,2,89,50,39,23,11,12,3,3,0,2,0,2,21,13,8,40,23,17,1,0,1
53954603,21,13,8,20,12,8,2,1,1,4,3,1,0,0,0,1,1,0,15,7,8,13,5,8,1,1,0,0,0,0,0,0,0,1,1,0,1,1,0
53954604,234,140,94,220,133,87,6,1,5,34,24,10,0,0,0,14,7,7,214,98,116,106,48,58,1,0,1,9,0,9,32,17,15,66,33,33,9,6,3
53954605,53,32,21,53,32,21,1,0,1,11,7,4,1,0,1,0,0,0,49,21,28,19,7,12,0,0,0,3,0,3,9,7,2,18,7,11,2,1,1
53956201,104,60,44,100,59,41,8,4,4,22,13,9,0,0,0,4,1,3,72,28,44,26,12,14,0,0,0,5,1,4,14,8,6,27,7,20,6,4,2
53956202,72,37,35,71,37,34,4,1,3,6,4,2,0,0,0,1,0,1,56,26,30,18,8,10,1,1,0,2,0,2,8,2,6,27,15,12,2,1,1
53956203,55,32,23,54,32,22,1,1,0,4,2,2,1,0,1,1,0,1,54,25,29,28,15,13,0,0,0,1,0,1,6,2,4,19,8,11,2,1,1
53957101,36,21,15,36,21,15,1,1,0,5,3,2,0,0,0,0,0,0,30,12,18,13,4,9,0,0,0,0,0,0,4,2,2,13,6,7,0,0,0
53957103,305,155,150,294,149,145,19,6,13,36,22,14,2,0,2,11,6,5,259,119,140,98,41,57,6,4,2,11,0,11,49,22,27,95,52,43,9,4,5
53957104,92,53,39,89,51,38,6,4,2,13,10,3,2,0,2,3,2,1,93,42,51,39,16,23,3,1,2,1,1,0,17,6,11,33,18,15,2,2,0
53957105,1080,580,500,1043,564,479,59,31,28,130,76,54,2,0,2,37,16,21,980,423,557,401,132,269,12,7,5,33,0,33,164,77,87,370,207,163,37,16,21
53959701,156,86,70,149,80,69,9,3,6,21,12,9,3,0,3,7,6,1,119,55,64,37,18,19,0,0,0,7,0,7,31,14,17,44,23,21,1,0,1
53959702,1120,584,536,1079,568,511,59,20,39,113,62,51,10,0,10,41,16,25,882,384,498,232,101,131,8,5,3,46,0,46,184,90,94,412,188,224,14,5,9
53959703,285,144,141,274,139,135,8,4,4,36,15,21,4,0,4,11,5,6,206,93,113,70,27,43,1,0,1,15,0,15,44,20,24,76,46,30,13,11,2
53959704,732,383,349,712,372,340,48,23,25,112,54,58,3,0,3,20,11,9,623,299,324,296,148,148,10,2,8,25,2,23,94,49,45,198,98,100,13,5,8
53959706,71,37,34,66,37,29,7,3,4,4,1,3,1,0,1,5,0,5,54,32,22,25,14,11,0,0,0,2,0,2,10,6,4,17,12,5,0,0,0
3079550,0,0,0,0,0,0,0,0,0,0,0,0,0,0,0,0,0,0,0,0,0,0,0,0,0,0,0,0,0,0,0,0,0,0,0,0,0,0,0
53962702,363,190,173,353,187,166,19,11,8,45,16,29,5,0,5,10,3,7,372,142,230,152,41,111,6,3,3,7,1,6,71,33,38,136,64,72,6,2,4
53962703,1795,972,823,1737,940,797,108,59,49,187,95,92,13,0,13,58,32,26,1569,670,899,452,159,293,13,7,6,59,1,58,307,140,167,738,363,375,70,49,21
53962704,1584,850,734,1527,834,693,90,50,40,148,72,76,6,0,6,57,16,41,1271,553,718,314,125,189,1,1,0,59,1,58,310,146,164,587,280,307,18,7,11
53962706,1139,595,544,1103,583,520,77,40,37,157,81,76,10,0,10,36,12,24,974,439,535,409,164,245,5,2,3,32,0,32,199,97,102,329,176,153,18,5,13
53962707,13,8,5,13,8,5,0,0,0,3,2,1,0,0,0,0,0,0,24,13,11,19,11,8,0,0,0,0,0,0,2,1,1,3,1,2,0,0,0
53964301,1910,1007,903,1841,971,870,97,41,56,239,118,121,13,0,13,69,36,33,1796,784,1012,716,287,429,8,6,2,70,1,69,336,156,180,666,334,332,28,13,15
53965101,814,418,396,780,403,377,43,20,23,78,36,42,12,0,12,34,15,19,641,285,356,205,91,114,6,3,3,34,0,34,143,62,81,253,129,124,9,4,5
53966001,14,8,6,14,8,6,0,0,0,1,1,0,0,0,0,0,0,0,15,5,10,5,2,3,1,1,0,0,0,0,3,0,3,6,2,4,2,2,0
53966002,119,66,53,113,65,48,5,4,1,15,10,5,1,0,1,6,1,5,110,42,68,58,23,35,0,0,0,7,0,7,25,7,18,20,12,8,2,2,0
53966003,42,21,21,39,20,19,2,2,0,4,3,1,1,0,1,3,1,2,43,19,24,25,10,15,0,0,0,0,0,0,3,1,2,15,8,7,0,0,0
53966004,24,13,11,21,12,9,2,2,0,4,3,1,0,0,0,3,1,2,29,17,12,16,9,7,0,0,0,0,0,0,3,2,1,10,6,4,0,0,0
53966005,260,138,122,247,130,117,14,6,8,38,23,15,2,0,2,13,8,5,241,104,137,127,47,80,1,0,1,10,0,10,33,15,18,70,42,28,6,3,3
53968601,419,218,201,405,210,195,20,10,10,31,17,14,3,0,3,14,8,6,335,153,182,88,34,54,4,2,2,13,0,13,75,37,38,155,80,75,8,3,5
53968602,624,335,289,588,315,273,31,17,14,67,35,32,4,0,4,36,20,16,500,224,276,129,58,71,3,1,2,25,0,25,121,47,74,222,118,104,17,5,12
53970801,53,34,19,52,34,18,2,1,1,0,0,0,0,0,0,1,0,1,29,14,15,11,5,6,0,0,0,2,0,2,6,3,3,10,6,4,0,0,0
53970802,693,382,311,665,366,299,35,16,19,65,38,27,5,0,5,28,16,12,472,205,267,183,73,110,0,0,0,20,0,20,94,46,48,175,86,89,8,6,2
53970803,22,15,7,21,14,7,1,1,0,5,4,1,0,0,0,1,1,0,20,6,14,9,4,5,0,0,0,2,0,2,4,1,3,5,1,4,1,0,1
53973201,216,110,106,205,107,98,10,3,7,18,11,7,1,0,1,11,3,8,212,89,123,78,32,46,0,0,0,12,0,12,49,22,27,73,35,38,1,0,1
53973202,56,29,27,50,25,25,1,1,0,6,4,2,0,0,0,6,4,2,37,17,20,13,4,9,1,0,1,0,0,0,7,3,4,16,10,6,0,0,0
53973203,116,61,55,112,59,53,3,2,1,12,8,4,1,0,1,4,2,2,92,37,55,43,20,23,0,0,0,2,0,2,21,8,13,26,9,17,3,3,0
53973204,659,355,304,628,341,287,21,11,10,69,39,30,4,0,4,31,14,17,549,245,304,235,89,146,2,1,1,21,0,21,98,53,45,193,102,91,13,8,5
53973205,21,11,10,20,10,10,0,0,0,2,1,1,0,0,0,1,1,0,30,16,14,19,9,10,0,0,0,2,0,2,5,5,0,4,2,2,1,1,0
53973206,92,51,41,90,50,40,4,1,3,9,4,5,1,0,1,2,1,1,73,35,38,41,21,20,0,0,0,5,0,5,20,9,11,7,5,2,4,1,3
53975901,16,9,7,16,9,7,2,2,0,2,1,1,0,0,0,0,0,0,12,5,7,1,0,1,0,0,0,2,0,2,5,3,2,4,2,2,0,0,0
53975902,140,79,61,137,76,61,6,2,4,18,10,8,0,0,0,3,3,0,101,46,55,34,14,20,0,0,0,2,0,2,19,12,7,46,20,26,3,0,3
53975903,740,383,357,700,360,340,29,12,17,77,36,41,8,0,8,40,23,17,582,274,308,214,92,122,2,1,1,22,0,22,118,67,51,226,114,112,12,8,4
53976701,350,190,160,340,185,155,14,6,8,34,14,20,6,0,6,10,5,5,260,114,146,92,37,55,0,0,0,8,0,8,54,26,28,106,51,55,6,3,3
53976702,24,11,13,23,10,13,2,1,1,4,2,2,0,0,0,1,1,0,14,6,8,4,2,2,0,0,0,1,0,1,3,0,3,6,4,2,1,1,0
53976703,574,298,276,554,290,264,29,9,20,54,28,26,9,0,9,20,8,12,506,229,277,156,65,91,1,0,1,26,1,25,107,45,62,216,118,98,7,2,5
53977501,481,248,233,464,239,225,22,10,12,50,18,32,4,0,4,17,9,8,365,149,216,142,56,86,3,2,1,12,0,12,56,27,29,152,64,88,12,8,4
53980501,475,245,230,463,241,222,20,6,14,55,27,28,5,0,5,12,4,8,450,208,242,127,54,73,3,2,1,19,0,19,99,54,45,202,98,104,9,4,5
53981301,1179,571,608,1138,557,581,55,20,35,86,38,48,8,0,8,41,14,27,972,385,587,179,64,115,5,2,3,46,0,46,260,93,167,482,226,256,19,11,8
53981302,876,449,427,844,440,404,33,16,17,75,42,33,5,0,5,32,9,23,761,315,446,197,72,125,1,0,1,33,1,32,161,60,101,369,182,187,14,6,8
53983001,230,122,108,220,118,102,9,1,8,30,19,11,2,0,2,10,4,6,208,99,109,76,33,43,5,3,2,13,0,13,43,22,21,71,41,30,7,6,1
53983002,66,34,32,63,33,30,2,0,2,8,2,6,0,0,0,3,1,2,56,27,29,17,6,11,0,0,0,3,0,3,14,10,4,22,11,11,2,1,1
53984801,1323,715,608,1281,690,591,62,31,31,170,89,81,8,0,8,42,25,17,1037,453,584,379,154,225,2,2,0,36,1,35,183,96,87,437,200,237,25,11,14
53984802,98,59,39,96,57,39,5,3,2,13,10,3,1,0,1,2,2,0,60,24,36,20,7,13,1,1,0,3,0,3,13,5,8,23,11,12,1,1,0
53984803,105,54,51,102,53,49,4,3,1,14,6,8,2,0,2,3,1,2,105,52,53,55,27,28,1,1,0,3,0,3,14,7,7,32,17,15,0,0,0
53985601,554,287,267,528,270,258,25,7,18,75,34,41,4,0,4,26,17,9,504,233,271,243,108,135,3,1,2,14,0,14,78,34,44,166,90,76,10,4,6
53985602,368,202,166,357,198,159,14,8,6,55,30,25,2,0,2,11,4,7,303,135,168,129,57,72,2,0,2,13,1,12,64,29,35,95,48,47,5,3,2
53987201,874,459,415,857,452,405,58,31,27,80,40,40,14,0,14,17,7,10,672,290,382,178,79,99,6,3,3,46,0,46,196,98,98,246,110,136,13,5,8
53988102,237,115,122,228,110,118,10,2,8,26,15,11,1,0,1,9,5,4,168,72,96,66,28,38,1,1,0,8,0,8,22,11,11,71,32,39,1,1,0
53988103,595,326,269,581,321,260,22,10,12,63,33,30,3,0,3,14,5,9,418,182,236,141,55,86,3,0,3,20,0,20,86,36,50,168,91,77,17,9,8
53990201,110,56,54,109,55,54,3,1,2,12,4,8,0,0,0,1,1,0,86,43,43,37,14,23,2,2,0,3,0,3,19,9,10,25,18,7,0,0,0
53990202,252,133,119,242,127,115,14,5,9,35,20,15,2,0,2,10,6,4,185,89,96,47,20,27,0,0,0,8,0,8,44,18,26,86,51,35,5,2,3
53990203,749,416,333,723,401,322,32,14,18,88,58,30,3,1,2,26,15,11,593,260,333,205,85,120,1,1,0,28,0,28,109,51,58,250,123,127,10,8,2
54004801,10,5,5,10,5,5,1,0,1,3,2,1,0,0,0,0,0,0,11,3,8,2,1,1,0,0,0,1,0,1,1,1,0,7,1,6,0,0,0
54004802,179,100,79,159,90,69,7,6,1,23,13,10,0,0,0,20,10,10,143,74,69,63,34,29,0,0,0,7,0,7,25,12,13,48,28,20,4,3,1
54076502,2682,1407,1275,2569,1345,1224,120,51,69,292,133,159,30,0,30,113,62,51,2329,1005,1324,906,353,553,6,4,2,110,1,109,511,251,260,796,396,400,56,33,23
54076503,199,102,97,192,99,93,11,3,8,24,7,17,1,0,1,7,3,4,190,92,98,49,25,24,2,1,1,10,0,10,41,19,22,88,47,41,2,0,2
54076504,300,162,138,294,159,135,15,8,7,28,13,15,1,0,1,6,3,3,258,116,142,71,32,39,1,1,0,9,0,9,52,19,33,125,64,61,3,1,2
54076505,174,91,83,164,86,78,8,3,5,13,7,6,0,0,0,10,5,5,157,72,85,43,16,27,10,7,3,8,0,8,34,23,11,62,26,36,1,0,1
57119901,101,51,50,97,50,47,7,2,5,9,5,4,2,0,2,4,1,3,91,36,55,32,13,19,0,0,0,3,0,3,15,7,8,41,16,25,1,1,0
57119902,15,5,10,15,5,10,1,0,1,4,0,4,0,0,0,0,0,0,9,5,4,8,5,3,0,0,0,0,0,0,1,0,1,0,0,0,0,0,0
57121101,455,241,214,441,233,208,14,8,6,41,17,24,1,0,1,14,8,6,384,181,203,134,59,75,4,3,1,13,0,13,78,39,39,155,80,75,9,4,5
57126101,25,15,10,22,12,10,1,1,0,1,0,1,1,0,1,3,3,0,24,9,15,13,6,7,0,0,0,1,0,1,8,3,5,2,0,2,0,0,0
57126102,274,146,128,264,142,122,7,5,2,27,13,14,3,0,3,10,4,6,343,127,216,179,61,118,3,2,1,16,0,16,69,28,41,76,36,40,6,5,1
57128801,178,91,87,170,89,81,5,2,3,20,10,10,1,0,1,8,2,6,164,80,84,64,30,34,0,0,0,6,0,6,44,18,26,50,32,18,2,1,1
57131801,44,23,21,44,23,21,1,0,1,6,4,2,0,0,0,0,0,0,37,16,21,16,8,8,0,0,0,3,0,3,4,1,3,14,7,7,2,0,2
57131802,100,54,46,97,52,45,10,4,6,7,3,4,2,0,2,3,2,1,62,26,36,23,8,15,0,0,0,1,0,1,8,2,6,30,16,14,2,1,1
57132601,54,29,25,47,28,19,1,0,1,8,5,3,0,0,0,7,1,6,39,18,21,18,7,11,0,0,0,2,0,2,3,0,3,16,11,5,5,4,1
57132602,185,100,85,176,94,82,6,3,3,10,9,1,0,0,0,9,6,3,155,77,78,37,17,20,1,0,1,6,0,6,37,23,14,74,37,37,3,1,2
57133401,32,19,13,31,19,12,1,0,1,2,1,1,0,0,0,1,0,1,20,7,13,5,1,4,0,0,0,3,0,3,6,2,4,6,4,2,0,0,0
57133402,32,21,11,31,20,11,0,0,0,5,2,3,1,0,1,1,1,0,22,8,14,8,2,6,1,0,1,1,0,1,6,5,1,6,1,5,2,0,2
57134201,15,11,4,15,11,4,1,1,0,1,1,0,1,0,1,0,0,0,20,12,8,5,2,3,0,0,0,3,0,3,5,5,0,7,5,2,0,0,0
57134202,157,84,73,153,83,70,8,5,3,19,8,11,0,0,0,4,1,3,98,43,55,43,16,27,0,0,0,4,0,4,14,8,6,37,19,18,1,1,0
57135101,54,30,24,54,30,24,3,1,2,6,4,2,0,0,0,0,0,0,46,24,22,16,6,10,1,1,0,0,0,0,8,4,4,21,13,8,0,0,0
57135102,389,216,173,376,210,166,28,9,19,49,25,24,2,0,2,13,6,7,301,136,165,125,52,73,0,0,0,13,1,12,54,28,26,109,55,54,9,4,5
59831301,330,178,152,320,174,146,15,10,5,27,14,13,1,0,1,10,4,6,277,122,155,91,34,57,3,1,2,14,1,13,72,35,37,97,51,46,4,2,2
59972701,287,148,139,277,140,137,16,7,9,31,16,15,1,0,1,10,8,2,227,101,126,77,31,46,0,0,0,13,0,13,48,22,26,89,48,41,4,0,4
59973501,190,108,82,183,105,78,7,6,1,29,17,12,1,0,1,7,3,4,141,67,74,54,27,27,1,0,1,7,0,7,32,19,13,47,21,26,2,1,1
59973502,205,108,97,198,102,96,6,1,5,17,8,9,3,0,3,7,6,1,187,88,99,62,28,34,3,2,1,8,0,8,27,12,15,87,46,41,2,1,1
59973503,387,209,178,375,203,172,19,9,10,43,21,22,2,1,1,12,6,6,313,137,176,126,55,71,1,0,1,17,0,17,65,28,37,104,54,50,9,4,5
59973504,20,10,10,20,10,10,1,0,1,4,3,1,0,0,0,0,0,0,17,7,10,12,5,7,0,0,0,1,0,1,2,1,1,2,1,1,0,0,0
51350401,243,140,103,229,133,96,7,3,4,28,20,8,5,0,5,14,7,7,195,80,115,74,26,48,1,0,1,12,0,12,44,24,20,64,30,34,3,1,2
51351202,153,90,63,152,90,62,5,2,3,11,4,7,4,0,4,1,0,1,133,58,75,59,21,38,0,0,0,9,0,9,35,21,14,30,16,14,3,1,2
51351203,12,5,7,12,5,7,1,1,0,1,0,1,0,0,0,0,0,0,22,12,10,20,10,10,0,0,0,0,0,0,1,1,0,1,1,0,0,0,0
51352101,109,61,48,107,60,47,7,1,6,9,5,4,1,0,1,2,1,1,100,45,55,41,19,22,0,0,0,5,0,5,21,11,10,33,15,18,1,0,1
51353901,115,61,54,113,59,54,1,0,1,5,4,1,1,0,1,2,2,0,82,34,48,49,20,29,0,0,0,5,0,5,14,9,5,14,5,9,0,0,0
51354701,181,101,80,173,97,76,6,2,4,25,11,14,1,0,1,8,4,4,158,61,97,57,19,38,1,1,0,16,0,16,39,20,19,45,21,24,4,3,1
51355501,115,67,48,113,67,46,4,3,1,10,5,5,0,0,0,2,0,2,88,33,55,40,16,24,0,0,0,5,0,5,17,6,11,26,11,15,1,1,0
51357101,108,58,50,100,54,46,2,1,1,13,7,6,0,0,0,8,4,4,84,37,47,29,12,17,1,1,0,5,0,5,20,10,10,29,14,15,1,0,1
51358001,107,61,46,97,56,41,2,0,2,10,6,4,1,0,1,10,5,5,122,54,68,62,19,43,1,1,0,5,0,5,23,14,9,31,20,11,2,1,1
52966401,28,13,15,24,12,12,2,1,1,2,2,0,0,0,0,4,1,3,22,10,12,7,5,2,0,0,0,2,0,2,6,3,3,7,2,5,1,1,0
52967201,97,58,39,92,56,36,5,3,2,17,8,9,1,0,1,5,2,3,58,23,35,29,10,19,0,0,0,2,0,2,9,3,6,18,10,8,0,0,0
52968101,70,43,27,67,41,26,3,1,2,7,3,4,1,0,1,3,2,1,52,20,32,29,10,19,0,0,0,3,0,3,7,3,4,13,7,6,0,0,0
53057301,31,21,10,29,20,9,1,1,0,0,0,0,0,0,0,2,1,1,26,14,12,14,7,7,0,0,0,0,0,0,0,0,0,12,7,5,0,0,0
53057302,46,26,20,45,26,19,5,2,3,5,4,1,0,0,0,1,0,1,38,15,23,16,6,10,0,0,0,2,0,2,5,3,2,15,6,9,0,0,0
53057303,34,18,16,33,17,16,1,0,1,2,1,1,1,0,1,1,1,0,40,21,19,18,8,10,0,0,0,3,0,3,12,9,3,7,4,3,0,0,0
53057304,24,14,10,24,14,10,0,0,0,1,1,0,1,0,1,0,0,0,26,11,15,12,6,6,0,0,0,2,0,2,7,4,3,5,1,4,0,0,0
53057305,28,14,14,27,14,13,1,0,1,5,3,2,0,0,0,1,0,1,33,16,17,19,9,10,0,0,0,1,0,1,3,1,2,10,6,4,1,1,0
53057306,27,18,9,25,16,9,0,0,0,4,1,3,0,0,0,2,2,0,23,8,15,15,7,8,0,0,0,0,0,0,1,0,1,7,1,6,0,0,0
53057307,14,7,7,14,7,7,0,0,0,2,1,1,0,0,0,0,0,0,12,4,8,9,3,6,0,0,0,0,0,0,0,0,0,3,1,2,0,0,0
53057308,22,14,8,22,14,8,4,3,1,5,3,2,0,0,0,0,0,0,28,13,15,20,8,12,0,0,0,0,0,0,0,0,0,8,5,3,0,0,0
53057309,72,46,26,69,44,25,2,2,0,13,9,4,0,0,0,3,2,1,52,26,26,16,7,9,0,0,0,4,0,4,16,11,5,16,8,8,0,0,0
53057310,17,10,7,17,10,7,0,0,0,0,0,0,0,0,0,0,0,0,10,4,6,6,2,4,0,0,0,0,0,0,1,1,0,3,1,2,0,0,0
53057311,23,15,8,22,14,8,0,0,0,3,2,1,0,0,0,1,1,0,21,8,13,12,4,8,0,0,0,1,0,1,1,0,1,7,4,3,0,0,0
53057312,59,39,20,54,35,19,2,0,2,5,2,3,1,0,1,5,4,1,66,26,40,29,10,19,0,0,0,3,0,3,12,7,5,22,9,13,0,0,0
53057313,13,7,6,10,7,3,0,0,0,3,2,1,0,0,0,3,0,3,19,8,11,12,6,6,0,0,0,1,0,1,4,2,2,2,0,2,0,0,0
53057314,35,19,16,33,18,15,1,1,0,2,1,1,0,0,0,2,1,1,33,17,16,15,8,7,1,0,1,1,0,1,6,5,1,10,4,6,1,0,1
53057315,15,8,7,15,8,7,1,0,1,3,1,2,0,0,0,0,0,0,16,10,6,11,6,5,0,0,0,0,0,0,1,1,0,4,3,1,0,0,0
53057316,14,8,6,13,8,5,0,0,0,1,1,0,0,0,0,1,0,1,19,10,9,7,4,3,0,0,0,1,0,1,7,5,2,4,1,3,0,0,0
53057317,6,3,3,6,3,3,0,0,0,0,0,0,0,0,0,0,0,0,15,6,9,8,5,3,0,0,0,1,0,1,3,1,2,3,0,3,0,0,0
53057319,56,32,24,56,32,24,4,3,1,6,3,3,0,0,0,0,0,0,101,43,58,27,9,18,0,0,0,8,0,8,25,15,10,41,19,22,0,0,0
53057320,23,14,9,22,13,9,1,0,1,5,3,2,0,0,0,1,1,0,18,9,9,13,6,7,0,0,0,0,0,0,1,0,1,4,3,1,0,0,0
53057321,19,13,6,17,11,6,2,0,2,1,1,0,0,0,0,2,2,0,14,4,10,6,3,3,0,0,0,2,0,2,4,1,3,2,0,2,1,0,1
53057322,13,7,6,13,7,6,0,0,0,1,0,1,0,0,0,0,0,0,22,8,14,10,5,5,0,0,0,0,0,0,3,0,3,9,3,6,0,0,0
53057323,253,143,110,244,140,104,2,1,1,27,15,12,4,0,4,9,3,6,354,141,213,236,84,152,0,0,0,12,0,12,40,20,20,66,37,29,1,1,0
53057324,497,275,222,474,261,213,14,8,6,51,25,26,4,0,4,23,14,9,499,237,262,235,103,132,0,0,0,24,0,24,77,40,37,163,94,69,12,8,4
53057326,20,12,8,20,12,8,0,0,0,2,1,1,0,0,0,0,0,0,21,8,13,17,6,11,0,0,0,0,0,0,0,0,0,4,2,2,0,0,0
53057327,18,12,6,17,11,6,0,0,0,6,3,3,0,0,0,1,1,0,16,8,8,9,4,5,1,1,0,0,0,0,2,1,1,4,2,2,0,0,0
53057332,19,9,10,17,9,8,1,0,1,0,0,0,0,0,0,2,0,2,23,11,12,2,1,1,0,0,0,2,0,2,5,3,2,14,7,7,0,0,0
53057333,15,8,7,15,8,7,1,0,1,0,0,0,1,0,1,0,0,0,18,9,9,12,6,6,0,0,0,0,0,0,1,0,1,5,3,2,0,0,0
3080130,0,0,0,0,0,0,0,0,0,0,0,0,0,0,0,0,0,0,0,0,0,0,0,0,0,0,0,0,0,0,0,0,0,0,0,0,0,0,0
3211682,0,0,0,0,0,0,0,0,0,0,0,0,0,0,0,0,0,0,0,0,0,0,0,0,0,0,0,0,0,0,0,0,0,0,0,0,0,0,0
3342940,0,0,0,0,0,0,0,0,0,0,0,0,0,0,0,0,0,0,0,0,0,0,0,0,0,0,0,0,0,0,0,0,0,0,0,0,0,0,0
53991103,59,32,27,57,31,26,2,0,2,10,5,5,0,0,0,2,1,1,52,19,33,27,7,20,0,0,0,2,0,2,5,3,2,18,9,9,0,0,0
53991104,13,8,5,12,8,4,1,1,0,0,0,0,0,0,0,1,0,1,11,4,7,6,3,3,0,0,0,1,0,1,2,1,1,2,0,2,0,0,0
53991105,27,13,14,26,13,13,2,0,2,3,2,1,0,0,0,1,0,1,16,11,5,9,6,3,0,0,0,0,0,0,2,1,1,5,4,1,0,0,0
53991106,58,33,25,51,31,20,3,2,1,3,2,1,1,0,1,7,2,5,42,18,24,19,13,6,1,0,1,1,0,1,11,1,10,10,4,6,0,0,0
53991107,30,20,10,29,20,9,0,0,0,2,2,0,0,0,0,1,0,1,16,7,9,4,2,2,0,0,0,2,0,2,7,3,4,3,2,1,0,0,0
53991108,85,48,37,79,45,34,0,0,0,10,4,6,2,0,2,6,3,3,94,49,45,29,14,15,0,0,0,3,0,3,15,9,6,47,26,21,1,1,0
53991109,21,11,10,21,11,10,2,1,1,0,0,0,0,0,0,0,0,0,32,13,19,4,2,2,0,0,0,5,0,5,8,4,4,15,7,8,0,0,0
53991110,35,17,18,32,17,15,3,1,2,3,2,1,0,0,0,3,0,3,26,13,13,7,4,3,0,0,0,1,0,1,4,2,2,14,7,7,1,1,0
53991111,14,8,6,12,8,4,0,0,0,4,3,1,0,0,0,2,0,2,8,1,7,4,1,3,0,0,0,0,0,0,1,0,1,3,0,3,0,0,0
53991112,105,57,48,103,55,48,6,4,2,7,2,5,1,0,1,2,2,0,98,50,48,31,15,16,0,0,0,4,0,4,15,6,9,48,29,19,0,0,0
53991113,164,90,74,160,88,72,7,4,3,23,16,7,1,0,1,4,2,2,146,65,81,56,22,34,0,0,0,4,0,4,20,10,10,66,33,33,1,0,1
53991114,287,150,137,279,144,135,20,6,14,33,19,14,0,0,0,8,6,2,242,103,139,97,37,60,2,1,1,7,1,6,36,16,20,100,48,52,2,1,1
53991115,15,8,7,15,8,7,0,0,0,2,1,1,0,0,0,0,0,0,16,8,8,2,1,1,0,0,0,1,0,1,5,3,2,8,4,4,1,0,1
53991117,526,366,160,436,292,144,13,6,7,44,24,20,0,0,0,90,74,16,365,194,171,149,71,78,0,0,0,10,1,9,101,59,42,105,63,42,127,100,27
53991118,197,100,97,184,93,91,11,1,10,16,5,11,0,0,0,13,7,6,116,60,56,43,23,20,0,0,0,4,0,4,23,14,9,46,23,23,2,1,1
53991119,532,289,243,496,272,224,22,15,7,54,26,28,5,0,5,36,17,19,494,181,313,270,95,175,1,0,1,29,0,29,72,34,38,122,52,70,9,5,4
53991120,75,50,25,74,49,25,0,0,0,3,2,1,0,0,0,1,1,0,17,5,12,5,2,3,0,0,0,2,0,2,3,0,3,7,3,4,1,1,0
53991122,687,356,331,651,335,316,42,20,22,113,59,54,4,0,4,36,21,15,609,261,348,297,120,177,2,0,2,26,0,26,85,37,48,199,104,95,6,1,5
53991125,456,242,214,431,225,206,30,12,18,46,25,21,5,0,5,25,17,8,326,143,183,111,42,69,1,0,1,13,0,13,66,34,32,135,67,68,4,2,2
53991126,216,114,102,206,108,98,10,3,7,25,12,13,1,0,1,10,6,4,218,89,129,88,34,54,2,2,0,14,0,14,52,21,31,62,32,30,2,1,1
53991127,729,390,339,688,364,324,41,18,23,100,52,48,3,0,3,41,26,15,536,200,336,235,83,152,2,1,1,26,0,26,94,40,54,179,76,103,7,3,4
53991128,895,462,433,866,448,418,38,14,24,122,59,63,6,0,6,29,14,15,872,338,534,484,164,320,3,3,0,37,0,37,133,64,69,215,107,108,11,4,7
53991129,11,7,4,11,7,4,1,0,1,3,2,1,0,0,0,0,0,0,8,5,3,4,2,2,0,0,0,0,0,0,2,2,0,2,1,1,1,0,1
53991130,333,185,148,304,168,136,11,3,8,31,15,16,4,0,4,29,17,12,274,102,172,97,37,60,0,0,0,18,0,18,65,23,42,94,42,52,10,6,4
53991131,515,268,247,484,252,232,12,5,7,60,27,33,5,0,5,31,16,15,486,190,296,262,89,173,1,0,1,20,0,20,81,43,38,122,58,64,12,6,6
53991132,238,128,110,232,125,107,7,1,6,46,26,20,0,0,0,6,3,3,188,78,110,83,36,47,0,0,0,12,0,12,32,17,15,61,25,36,0,0,0
53991133,159,81,78,153,79,74,12,2,10,22,13,9,2,0,2,6,2,4,96,48,48,32,13,19,0,0,0,3,0,3,16,11,5,45,24,21,1,0,1
53991134,180,94,86,175,90,85,13,8,5,30,18,12,0,0,0,5,4,1,150,67,83,89,41,48,1,0,1,5,0,5,13,6,7,42,20,22,0,0,0
53991135,214,115,99,204,110,94,10,4,6,34,18,16,1,0,1,10,5,5,140,64,76,64,27,37,0,0,0,11,0,11,26,17,9,39,20,19,0,0,0
53991137,103,53,50,102,52,50,5,1,4,10,7,3,0,0,0,1,1,0,65,33,32,9,3,6,1,0,1,1,0,1,3,2,1,51,28,23,0,0,0
53991138,81,42,39,68,34,34,1,0,1,13,6,7,0,0,0,13,8,5,39,14,25,22,7,15,0,0,0,0,0,0,6,2,4,11,5,6,12,9,3
53991139,1258,646,612,1197,615,582,46,23,23,164,69,95,8,0,8,61,31,30,981,430,551,468,202,266,2,2,0,50,0,50,186,84,102,275,142,133,14,8,6
53991141,203,110,93,197,106,91,8,5,3,29,15,14,1,0,1,6,4,2,184,74,110,112,46,66,0,0,0,5,0,5,24,7,17,43,21,22,0,0,0
53991142,50,24,26,44,23,21,2,0,2,4,2,2,0,0,0,6,1,5,37,23,14,17,10,7,0,0,0,1,0,1,6,3,3,13,10,3,1,0,1
53991143,630,350,280,603,337,266,36,19,17,67,31,36,4,0,4,27,13,14,594,259,335,304,118,186,3,1,2,35,0,35,107,62,45,145,78,67,5,4,1
53991145,121,71,50,93,60,33,1,1,0,12,8,4,0,0,0,28,11,17,136,67,69,52,22,30,0,0,0,8,1,7,32,20,12,44,24,20,4,0,4
53991146,2063,1038,1025,1893,958,935,66,28,38,221,111,110,9,0,9,170,80,90,1792,759,1033,910,346,564,8,5,3,82,1,81,331,173,158,461,234,227,51,17,34
53991147,1840,928,912,1733,886,847,59,25,34,218,101,117,19,0,19,107,42,65,1537,630,907,764,284,480,1,1,0,76,0,76,287,157,130,409,188,221,36,19,17
53991148,438,241,197,416,230,186,19,8,11,70,36,34,7,0,7,22,11,11,493,194,299,313,110,203,1,1,0,16,0,16,63,32,31,100,51,49,12,9,3
53991149,875,455,420,833,430,403,37,20,17,90,43,47,7,0,7,42,25,17,724,292,432,331,111,220,0,0,0,37,1,36,143,79,64,213,101,112,13,8,5
53991150,875,466,409,829,446,383,36,21,15,118,54,64,5,0,5,46,20,26,817,341,476,481,187,294,4,4,0,29,0,29,118,60,58,185,90,95,17,13,4
53991152,871,440,431,821,419,402,42,17,25,106,47,59,6,0,6,50,21,29,914,362,552,595,218,377,2,2,0,32,0,32,98,48,50,187,94,93,7,2,5
53991153,343,172,171,331,165,166,10,8,2,46,24,22,0,0,0,12,7,5,360,153,207,215,81,134,2,1,1,15,0,15,34,17,17,94,54,40,5,2,3
53991154,188,97,91,175,93,82,8,5,3,27,14,13,1,0,1,13,4,9,153,70,83,83,40,43,0,0,0,4,1,3,19,4,15,47,25,22,0,0,0
53995301,284,145,139,273,137,136,9,2,7,28,13,15,4,0,4,11,8,3,273,135,138,118,57,61,0,0,0,12,0,12,57,30,27,86,48,38,1,1,0
53995302,73,43,30,70,42,28,2,1,1,5,4,1,1,0,1,3,1,2,64,29,35,26,10,16,0,0,0,3,0,3,14,7,7,21,12,9,2,0,2
53995303,132,70,62,123,67,56,10,5,5,17,8,9,0,0,0,9,3,6,93,41,52,58,25,33,0,0,0,3,0,3,8,6,2,24,10,14,11,8,3
53995304,340,185,155,321,174,147,14,7,7,36,19,17,3,0,3,19,11,8,308,142,166,138,65,73,2,2,0,14,0,14,60,26,34,94,49,45,6,1,5
53995306,86,46,40,83,44,39,4,1,3,10,4,6,0,0,0,3,2,1,68,28,40,38,16,22,1,1,0,1,0,1,8,4,4,20,7,13,1,0,1
53997001,74,38,36,71,38,33,4,0,4,14,8,6,1,0,1,3,0,3,68,29,39,34,14,20,0,0,0,2,0,2,10,4,6,22,11,11,2,2,0
53997002,33,19,14,31,17,14,0,0,0,4,2,2,0,0,0,2,2,0,38,17,21,18,8,10,0,0,0,0,0,0,6,2,4,14,7,7,0,0,0
53997003,66,40,26,58,38,20,2,1,1,6,5,1,1,0,1,8,2,6,43,16,27,21,8,13,0,0,0,3,0,3,6,3,3,13,5,8,2,2,0
53997004,40,21,19,38,20,18,3,1,2,7,2,5,1,0,1,2,1,1,43,19,24,23,10,13,1,1,0,3,1,2,6,4,2,10,3,7,0,0,0
53997005,13,9,4,13,9,4,0,0,0,1,1,0,0,0,0,0,0,0,12,6,6,4,2,2,0,0,0,1,0,1,1,1,0,6,3,3,0,0,0
3302640,0,0,0,0,0,0,0,0,0,0,0,0,0,0,0,0,0,0,0,0,0,0,0,0,0,0,0,0,0,0,0,0,0,0,0,0,0,0,0
53998801,55,30,25,53,29,24,1,0,1,3,1,2,0,0,0,2,1,1,37,16,21,18,7,11,0,0,0,0,0,0,3,1,2,16,8,8,1,1,0
53998803,110,59,51,105,55,50,6,2,4,8,3,5,1,0,1,5,4,1,109,52,57,50,26,24,0,0,0,6,0,6,16,7,9,37,19,18,0,0,0
0143200,0,0,0,0,0,0,0,0,0,0,0,0,0,0,0,0,0,0,0,0,0,0,0,0,0,0,0,0,0,0,0,0,0,0,0,0,0,0,0
0143540,0,0,0,0,0,0,0,0,0,0,0,0,0,0,0,0,0,0,0,0,0,0,0,0,0,0,0,0,0,0,0,0,0,0,0,0,0,0,0
0143620,0,0,0,0,0,0,0,0,0,0,0,0,0,0,0,0,0,0,0,0,0,0,0,0,0,0,0,0,0,0,0,0,0,0,0,0,0,0,0
54001301,36,21,15,35,20,15,2,1,1,4,1,3,1,0,1,1,1,0,31,12,19,12,3,9,0,0,0,2,0,2,6,3,3,11,6,5,0,0,0
54001302,20,12,8,18,12,6,0,0,0,1,1,0,0,0,0,2,0,2,25,9,16,8,3,5,0,0,0,3,0,3,6,4,2,8,2,6,0,0,0
54001303,28,18,10,28,18,10,0,0,0,3,2,1,0,0,0,0,0,0,21,8,13,7,2,5,0,0,0,3,0,3,7,3,4,4,3,1,0,0,0
54001304,34,18,16,32,18,14,0,0,0,2,2,0,0,0,0,2,0,2,16,8,8,5,1,4,0,0,0,0,0,0,2,1,1,9,6,3,1,0,1
54001305,17,9,8,17,9,8,0,0,0,3,1,2,0,0,0,0,0,0,7,5,2,5,3,2,0,0,0,0,0,0,0,0,0,2,2,0,0,0,0
54001306,183,95,88,175,90,85,5,2,3,23,12,11,0,0,0,8,5,3,229,86,143,131,39,92,0,0,0,7,0,7,29,13,16,62,34,28,2,1,1
54001307,344,171,173,332,166,166,14,3,11,37,12,25,2,0,2,12,5,7,408,173,235,273,109,164,0,0,0,10,0,10,47,27,20,78,37,41,1,1,0
54001309,12,8,4,10,7,3,0,0,0,2,2,0,0,0,0,2,1,1,13,8,5,6,4,2,0,0,0,1,0,1,2,1,1,4,3,1,0,0,0
54001310,57,31,26,54,30,24,2,0,2,8,5,3,0,0,0,3,1,2,66,22,44,41,12,29,0,0,0,2,0,2,8,5,3,15,5,10,0,0,0
54001311,349,191,158,338,186,152,18,12,6,30,16,14,3,0,3,11,5,6,273,114,159,123,45,78,1,1,0,13,0,13,44,22,22,92,46,46,5,3,2
54001312,105,54,51,101,54,47,3,1,2,12,6,6,0,0,0,4,0,4,74,33,41,29,14,15,0,0,0,4,0,4,16,8,8,25,11,14,1,1,0
54001313,145,76,69,134,70,64,4,1,3,20,11,9,0,0,0,11,6,5,133,54,79,72,28,44,0,0,0,6,0,6,17,10,7,38,16,22,1,0,1
54001314,389,220,169,348,197,151,10,6,4,34,18,16,2,0,2,41,23,18,379,161,218,153,63,90,3,1,2,21,0,21,83,38,45,119,59,60,28,18,10
54002101,17,9,8,17,9,8,0,0,0,2,1,1,1,0,1,0,0,0,9,5,4,3,1,2,0,0,0,0,0,0,0,0,0,6,4,2,0,0,0
54002102,7,5,2,7,5,2,0,0,0,0,0,0,1,0,1,0,0,0,14,7,7,4,3,1,0,0,0,2,0,2,5,2,3,3,2,1,0,0,0
54002103,209,108,101,204,105,99,15,5,10,15,8,7,1,0,1,5,3,2,211,101,110,74,36,38,1,0,1,10,0,10,44,22,22,82,43,39,1,1,0
54007201,210,112,98,197,102,95,7,3,4,22,6,16,1,0,1,13,10,3,177,73,104,108,43,65,0,0,0,9,0,9,25,14,11,35,16,19,7,4,3
54008101,37,20,17,35,19,16,1,1,0,5,3,2,0,0,0,2,1,1,30,14,16,15,8,7,0,0,0,2,0,2,4,2,2,9,4,5,0,0,0
54008102,190,104,86,179,101,78,8,6,2,21,12,9,0,0,0,11,3,8,127,56,71,49,20,29,1,0,1,8,0,8,25,11,14,44,25,19,3,0,3
54009901,140,73,67,137,72,65,7,2,5,13,7,6,3,0,3,3,1,2,128,54,74,65,24,41,0,0,0,7,0,7,23,13,10,33,17,16,2,1,1
54009902,87,47,40,83,46,37,3,0,3,14,7,7,0,0,0,4,1,3,71,29,42,41,18,23,0,0,0,4,0,4,6,2,4,20,9,11,0,0,0
54011101,204,104,100,197,102,95,15,6,9,13,4,9,0,0,0,7,2,5,164,73,91,39,21,18,3,1,2,8,0,8,37,15,22,77,36,41,1,0,1
54011102,42,20,22,40,19,21,3,0,3,4,2,2,0,0,0,2,1,1,21,8,13,5,2,3,0,0,0,1,0,1,3,1,2,12,5,7,0,0,0
54011103,50,29,21,40,20,20,2,2,0,10,4,6,0,0,0,10,9,1,99,35,64,83,29,54,0,0,0,2,0,2,6,1,5,8,5,3,0,0,0
54011104,22,14,8,21,14,7,2,2,0,2,0,2,0,0,0,1,0,1,24,6,18,9,4,5,0,0,0,1,0,1,4,1,3,10,1,9,0,0,0
54011105,347,179,168,334,174,160,15,6,9,57,30,27,1,0,1,13,5,8,255,112,143,129,56,73,2,1,1,14,0,14,37,21,16,73,34,39,3,1,2
54011107,35,20,15,34,19,15,2,0,2,1,1,0,0,0,0,1,1,0,32,13,19,5,1,4,0,0,0,3,0,3,8,4,4,16,8,8,0,0,0
54011108,799,421,378,767,407,360,42,20,22,68,34,34,8,0,8,32,14,18,661,295,366,236,95,141,2,2,0,30,0,30,144,77,67,249,121,128,8,3,5
54011109,35,23,12,35,23,12,0,0,0,6,4,2,0,0,0,0,0,0,35,17,18,20,9,11,0,0,0,2,0,2,3,2,1,10,6,4,0,0,0
54011110,633,335,298,612,324,288,32,19,13,63,32,31,4,0,4,21,11,10,526,236,290,228,92,136,0,0,0,16,0,16,77,31,46,205,113,92,1,0,1
54011111,1249,664,585,1201,640,561,50,22,28,142,68,74,7,0,7,48,24,24,1075,444,631,513,187,326,2,1,1,57,0,57,185,100,85,318,156,162,19,14,5
54011112,197,104,93,188,100,88,11,5,6,7,5,2,4,0,4,9,4,5,112,44,68,28,10,18,0,0,0,7,1,6,40,18,22,37,15,22,0,0,0
54011113,1067,593,474,999,554,445,50,26,24,100,47,53,4,0,4,68,39,29,1009,411,598,555,200,355,4,3,1,35,0,35,141,74,67,274,134,140,47,33,14
54012901,161,93,68,152,91,61,6,3,3,13,8,5,0,0,0,9,2,7,138,54,84,69,28,41,0,0,0,7,0,7,18,5,13,44,21,23,2,1,1
54012903,116,62,54,105,57,48,6,1,5,15,10,5,0,0,0,11,5,6,95,43,52,34,14,20,0,0,0,10,0,10,24,14,10,27,15,12,4,2,2
54012904,57,32,25,52,29,23,1,1,0,4,3,1,2,0,2,5,3,2,62,22,40,30,12,18,1,0,1,6,0,6,12,5,7,13,5,8,0,0,0
54012905,63,31,32,58,28,30,2,1,1,10,5,5,0,0,0,5,3,2,52,21,31,36,17,19,0,0,0,2,0,2,6,4,2,8,0,8,0,0,0
54012906,16,11,5,15,11,4,0,0,0,1,1,0,0,0,0,1,0,1,22,11,11,10,4,6,0,0,0,1,0,1,2,2,0,9,5,4,0,0,0
54012907,22,13,9,20,12,8,2,0,2,1,0,1,0,0,0,2,1,1,20,9,11,13,6,7,0,0,0,1,0,1,4,2,2,2,1,1,0,0,0
54012908,17,9,8,16,9,7,0,0,0,4,2,2,0,0,0,1,0,1,13,7,6,10,7,3,0,0,0,0,0,0,1,0,1,2,0,2,0,0,0
54012909,22,13,9,21,12,9,0,0,0,2,2,0,0,0,0,1,1,0,23,8,15,10,4,6,0,0,0,2,0,2,5,0,5,6,4,2,0,0,0
3302480,0,0,0,0,0,0,0,0,0,0,0,0,0,0,0,0,0,0,0,0,0,0,0,0,0,0,0,0,0,0,0,0,0,0,0,0,0,0,0
54014501,85,47,38,83,46,37,1,1,0,8,4,4,0,0,0,2,1,1,80,35,45,49,20,29,0,0,0,2,0,2,8,3,5,21,12,9,0,0,0
54014502,192,104,88,189,102,87,5,3,2,20,10,10,2,0,2,3,2,1,191,89,102,94,38,56,0,0,0,7,0,7,31,19,12,59,32,27,1,0,1
54015301,46,21,25,44,21,23,3,1,2,3,2,1,0,0,0,2,0,2,31,14,17,10,2,8,0,0,0,0,0,0,6,2,4,15,10,5,0,0,0
54015302,147,80,67,142,76,66,9,7,2,13,6,7,0,0,0,5,4,1,121,48,73,65,28,37,0,0,0,5,0,5,16,7,9,35,13,22,1,0,1
54015304,50,29,21,47,27,20,1,0,1,8,6,2,0,0,0,3,2,1,36,14,22,20,7,13,0,0,0,1,0,1,3,2,1,12,5,7,0,0,0
54017001,113,68,45,108,67,41,2,1,1,16,13,3,2,0,2,5,1,4,97,42,55,41,18,23,0,0,0,3,0,3,23,10,13,30,14,16,2,2,0
54017002,42,24,18,40,23,17,2,1,1,3,1,2,0,0,0,2,1,1,41,18,23,19,7,12,1,1,0,4,0,4,10,8,2,7,2,5,0,0,0
54017003,24,16,8,22,15,7,1,0,1,0,0,0,0,0,0,2,1,1,22,6,16,8,2,6,0,0,0,2,0,2,5,0,5,7,4,3,0,0,0
54017004,10,7,3,10,7,3,0,0,0,1,1,0,0,0,0,0,0,0,19,8,11,7,3,4,0,0,0,1,0,1,4,1,3,7,4,3,0,0,0
54018801,126,66,60,119,63,56,5,0,5,19,13,6,3,0,3,7,3,4,95,46,49,37,16,21,1,0,1,8,0,8,21,12,9,28,18,10,2,2,0
54018802,24,15,9,23,14,9,1,1,0,0,0,0,1,0,1,1,1,0,19,6,13,9,3,6,0,0,0,2,0,2,5,3,2,3,0,3,0,0,0
54021801,22,14,8,20,12,8,1,0,1,0,0,0,0,0,0,2,2,0,17,7,10,11,5,6,0,0,0,1,0,1,3,2,1,2,0,2,0,0,0
54021802,356,208,148,329,192,137,10,5,5,38,29,9,2,0,2,27,16,11,288,141,147,148,70,78,0,0,0,7,0,7,37,18,19,96,53,43,3,3,0
54021804,10,8,2,10,8,2,0,0,0,1,1,0,0,0,0,0,0,0,11,7,4,8,4,4,0,0,0,0,0,0,0,0,0,3,3,0,0,0,0
54021805,39,21,18,39,21,18,0,0,0,3,2,1,1,0,1,0,0,0,39,13,26,8,3,5,0,0,0,3,0,3,9,3,6,19,7,12,0,0,0
54021806,44,28,16,40,25,15,1,1,0,5,3,2,0,0,0,4,3,1,42,13,29,32,13,19,0,0,0,2,0,2,5,0,5,3,0,3,0,0,0
54021807,19,14,5,19,14,5,2,2,0,4,3,1,1,0,1,0,0,0,6,3,3,4,2,2,0,0,0,0,0,0,1,0,1,1,1,0,0,0,0
54021808,79,46,33,75,44,31,2,1,1,5,2,3,0,0,0,4,2,2,84,39,45,50,22,28,0,0,0,2,1,1,9,4,5,23,12,11,3,0,3
54024201,292,164,128,280,159,121,24,16,8,29,18,11,0,0,0,12,5,7,220,101,119,105,44,61,1,0,1,12,0,12,37,18,19,65,39,26,4,2,2
54024202,63,35,28,60,33,27,1,0,1,4,3,1,0,0,0,3,2,1,70,26,44,25,9,16,0,0,0,3,0,3,14,5,9,28,12,16,0,0,0
54028501,15,8,7,14,7,7,0,0,0,3,2,1,0,0,0,1,1,0,18,8,10,8,3,5,0,0,0,0,0,0,3,0,3,7,5,2,0,0,0
54028502,145,84,61,137,79,58,8,0,8,24,16,8,0,0,0,8,5,3,124,54,70,76,30,46,0,0,0,3,0,3,11,9,2,34,15,19,3,2,1
54028503,16,11,5,15,10,5,0,0,0,3,2,1,0,0,0,1,1,0,16,9,7,12,5,7,0,0,0,0,0,0,1,1,0,3,3,0,0,0,0
54028504,31,20,11,30,20,10,2,1,1,4,4,0,0,0,0,1,0,1,24,10,14,20,8,12,0,0,0,0,0,0,2,0,2,2,2,0,0,0,0
54031501,186,103,83,181,101,80,8,5,3,24,15,9,3,0,3,5,2,3,215,97,118,123,49,74,1,1,0,7,0,7,20,11,9,64,36,28,5,3,2
54031502,13,5,8,12,5,7,0,0,0,3,1,2,0,0,0,1,0,1,18,8,10,13,6,7,1,1,0,0,0,0,1,0,1,3,1,2,0,0,0
54031504,25,15,10,23,15,8,1,1,0,4,3,1,0,0,0,2,0,2,32,14,18,18,9,9,0,0,0,1,0,1,8,5,3,5,0,5,0,0,0
54031506,32,15,17,29,15,14,0,0,0,4,2,2,0,0,0,3,0,3,25,8,17,12,5,7,0,0,0,1,0,1,5,3,2,7,0,7,1,0,1
54031507,35,20,15,33,19,14,0,0,0,5,3,2,0,0,0,2,1,1,31,15,16,20,11,9,0,0,0,0,0,0,3,0,3,8,4,4,0,0,0
54031508,52,29,23,47,27,20,2,1,1,7,2,5,1,0,1,5,2,3,54,29,25,33,17,16,0,0,0,2,0,2,6,2,4,13,10,3,3,1,2
3224230,0,0,0,0,0,0,0,0,0,0,0,0,0,0,0,0,0,0,0,0,0,0,0,0,0,0,0,0,0,0,0,0,0,0,0,0,0,0,0
3224310,0,0,0,0,0,0,0,0,0,0,0,0,0,0,0,0,0,0,0,0,0,0,0,0,0,0,0,0,0,0,0,0,0,0,0,0,0,0,0
54032301,27,15,12,26,14,12,3,2,1,5,4,1,0,0,0,1,1,0,18,8,10,8,4,4,0,0,0,0,0,0,2,0,2,8,4,4,0,0,0
54032302,68,38,30,61,33,28,5,4,1,8,4,4,0,0,0,7,5,2,55,28,27,19,11,8,0,0,0,3,0,3,7,3,4,26,14,12,7,6,1
54032303,24,14,10,23,13,10,0,0,0,4,2,2,0,0,0,1,1,0,20,11,9,7,2,5,0,0,0,0,0,0,0,0,0,13,9,4,0,0,0
54032304,18,12,6,16,11,5,1,1,0,0,0,0,1,0,1,2,1,1,17,8,9,10,5,5,0,0,0,1,0,1,4,1,3,2,2,0,0,0,0
54032306,24,10,14,23,10,13,0,0,0,2,0,2,1,0,1,1,0,1,31,16,15,14,8,6,0,0,0,1,0,1,5,2,3,11,6,5,0,0,0
54032307,91,56,35,86,52,34,3,2,1,4,3,1,1,0,1,5,4,1,81,36,45,25,12,13,0,0,0,6,0,6,23,9,14,27,15,12,0,0,0
54032308,54,31,23,53,30,23,0,0,0,5,5,0,0,0,0,1,1,0,41,19,22,20,10,10,0,0,0,1,0,1,7,3,4,13,6,7,0,0,0
54032309,23,12,11,22,12,10,0,0,0,0,0,0,0,0,0,1,0,1,15,5,10,2,0,2,0,0,0,0,0,0,4,2,2,9,3,6,0,0,0
54035801,89,48,41,84,45,39,4,1,3,16,9,7,1,0,1,5,3,2,76,30,46,34,11,23,0,0,0,1,0,1,7,2,5,34,17,17,1,1,0
54035802,37,24,13,34,21,13,1,0,1,5,3,2,0,0,0,3,3,0,32,9,23,16,4,12,0,0,0,2,0,2,6,3,3,8,2,6,0,0,0
54037401,67,37,30,63,36,27,4,2,2,4,2,2,0,0,0,4,1,3,49,23,26,22,12,10,0,0,0,4,0,4,11,6,5,12,5,7,0,0,0
54037403,152,88,64,145,85,60,6,3,3,15,6,9,3,0,3,7,3,4,135,62,73,56,26,30,0,0,0,3,0,3,34,17,17,42,19,23,2,1,1
54039101,33,19,14,33,19,14,0,0,0,3,1,2,0,0,0,0,0,0,35,19,16,14,7,7,0,0,0,2,0,2,5,3,2,14,9,5,0,0,0
54039102,36,20,16,36,20,16,2,0,2,4,2,2,1,0,1,0,0,0,32,14,18,9,3,6,0,0,0,2,0,2,7,5,2,14,6,8,0,0,0
54039103,135,76,59,133,75,58,6,2,4,16,13,3,0,0,0,2,1,1,103,45,58,61,25,36,0,0,0,2,0,2,10,4,6,30,16,14,3,2,1
54039104,11,6,5,11,6,5,0,0,0,1,1,0,0,0,0,0,0,0,13,6,7,5,2,3,0,0,0,1,0,1,3,2,1,4,2,2,0,0,0
54039105,24,12,12,24,12,12,1,1,0,1,1,0,1,0,1,0,0,0,18,9,9,9,4,5,0,0,0,0,0,0,3,2,1,6,3,3,0,0,0
54039106,16,11,5,15,10,5,0,0,0,0,0,0,0,0,0,1,1,0,14,6,8,6,3,3,0,0,0,1,0,1,2,1,1,5,2,3,0,0,0
54039108,29,15,14,29,15,14,1,0,1,7,5,2,0,0,0,0,0,0,25,12,13,12,6,6,1,1,0,1,0,1,2,0,2,9,5,4,0,0,0
3302720,0,0,0,0,0,0,0,0,0,0,0,0,0,0,0,0,0,0,0,0,0,0,0,0,0,0,0,0,0,0,0,0,0,0,0,0,0,0,0
54040401,33,20,13,30,18,12,3,2,1,3,1,2,1,0,1,3,2,1,21,9,12,5,1,4,1,0,1,1,0,1,5,2,3,9,6,3,0,0,0
54040402,1180,675,505,1128,646,482,59,26,33,87,49,38,6,0,6,52,29,23,834,341,493,326,122,204,2,1,1,41,0,41,181,79,102,284,139,145,26,18,8
54040403,69,42,27,64,39,25,4,3,1,11,5,6,1,0,1,5,3,2,42,16,26,15,3,12,1,1,0,1,0,1,13,5,8,12,7,5,1,0,1
54043901,325,189,136,312,181,131,19,7,12,38,17,21,1,0,1,13,8,5,253,103,150,115,45,70,0,0,0,17,0,17,51,24,27,70,34,36,11,7,4
54043902,65,41,24,64,41,23,0,0,0,5,3,2,1,0,1,1,0,1,59,22,37,17,5,12,0,0,0,3,0,3,12,7,5,27,10,17,0,0,0
54043903,20,13,7,18,11,7,1,0,1,4,3,1,0,0,0,2,2,0,20,8,12,4,1,3,0,0,0,3,0,3,8,4,4,5,3,2,0,0,0
54043904,53,30,23,52,30,22,2,1,1,7,4,3,0,0,0,1,0,1,36,17,19,22,10,12,0,0,0,2,0,2,3,1,2,9,6,3,0,0,0
54043905,58,34,24,55,32,23,3,0,3,4,4,0,0,0,0,3,2,1,46,24,22,31,14,17,0,0,0,1,0,1,5,3,2,9,7,2,0,0,0
54044702,7,3,4,6,3,3,0,0,0,1,1,0,0,0,0,1,0,1,11,4,7,8,3,5,0,0,0,0,0,0,0,0,0,3,1,2,3,2,1
54044703,126,75,51,121,72,49,2,1,1,15,10,5,0,0,0,5,3,2,130,61,69,66,31,35,0,0,0,7,0,7,18,7,11,39,23,16,5,4,1
54044707,29,22,7,27,21,6,0,0,0,4,3,1,0,0,0,2,1,1,18,5,13,12,3,9,0,0,0,1,0,1,2,0,2,3,2,1,0,0,0
54044708,19,9,10,19,9,10,1,0,1,0,0,0,0,0,0,0,0,0,20,6,14,13,5,8,0,0,0,1,0,1,1,1,0,5,0,5,0,0,0
54044709,12,7,5,12,7,5,1,1,0,1,1,0,0,0,0,0,0,0,19,9,10,7,4,3,0,0,0,0,0,0,1,0,1,11,5,6,0,0,0
54044710,22,11,11,20,11,9,0,0,0,1,0,1,0,0,0,2,0,2,21,13,8,10,7,3,0,0,0,0,0,0,6,3,3,5,3,2,0,0,0
0700092,0,0,0,0,0,0,0,0,0,0,0,0,0,0,0,0,0,0,0,0,0,0,0,0,0,0,0,0,0,0,0,0,0,0,0,0,0,0,0
54049801,20,10,10,19,10,9,2,2,0,1,0,1,0,0,0,1,0,1,18,9,9,8,3,5,0,0,0,1,0,1,2,2,0,7,4,3,0,0,0
54049802,501,281,220,477,271,206,18,11,7,42,26,16,4,0,4,24,10,14,448,199,249,196,76,120,1,0,1,24,2,22,81,44,37,146,77,69,9,4,5
54049803,41,24,17,36,22,14,0,0,0,5,2,3,0,0,0,5,2,3,58,24,34,27,8,19,0,0,0,3,1,2,15,11,4,13,4,9,4,3,1
54049804,28,14,14,27,14,13,0,0,0,1,1,0,0,0,0,1,0,1,18,11,7,7,3,4,0,0,0,1,0,1,1,1,0,9,7,2,0,0,0
54049805,32,18,14,32,18,14,1,1,0,8,4,4,0,0,0,0,0,0,32,19,13,15,7,8,0,0,0,1,0,1,2,1,1,14,11,3,0,0,0
54049807,13,7,6,13,7,6,0,0,0,4,1,3,0,0,0,0,0,0,29,13,16,20,10,10,0,0,0,2,0,2,2,1,1,5,2,3,0,0,0
54049808,20,12,8,19,12,7,0,0,0,2,1,1,0,0,0,1,0,1,26,10,16,17,8,9,0,0,0,2,0,2,3,2,1,4,0,4,1,1,0
54053601,11,6,5,11,6,5,0,0,0,4,2,2,1,0,1,0,0,0,10,6,4,8,5,3,0,0,0,0,0,0,1,1,0,1,0,1,0,0,0
54053604,193,104,89,186,100,86,4,2,2,27,11,16,5,0,5,7,4,3,163,79,84,82,39,43,1,1,0,9,1,8,34,16,18,37,22,15,3,1,2
54055201,13,8,5,13,8,5,1,0,1,4,2,2,0,0,0,0,0,0,14,5,9,6,2,4,0,0,0,1,0,1,2,0,2,5,3,2,0,0,0
54055202,414,226,188,405,221,184,12,3,9,56,33,23,4,0,4,9,5,4,369,172,197,181,81,100,1,1,0,12,0,12,62,34,28,113,56,57,7,4,3
54055203,13,8,5,13,8,5,0,0,0,2,2,0,0,0,0,0,0,0,9,3,6,4,1,3,0,0,0,0,0,0,2,1,1,3,1,2,0,0,0
54055205,12,5,7,12,5,7,2,0,2,1,1,0,0,0,0,0,0,0,14,5,9,5,3,2,0,0,0,0,0,0,4,0,4,5,2,3,0,0,0
54055207,19,11,8,17,11,6,2,1,1,0,0,0,0,0,0,2,0,2,17,9,8,7,3,4,0,0,0,2,0,2,7,5,2,1,1,0,0,0,0
54055208,22,14,8,22,14,8,0,0,0,1,0,1,0,0,0,0,0,0,15,9,6,11,6,5,0,0,0,1,0,1,1,1,0,2,2,0,0,0,0
54055209,10,5,5,10,5,5,0,0,0,2,1,1,0,0,0,0,0,0,10,4,6,6,2,4,0,0,0,0,0,0,2,1,1,2,1,1,0,0,0
54055210,25,14,11,24,13,11,1,0,1,5,3,2,0,0,0,1,1,0,22,9,13,12,5,7,0,0,0,1,0,1,4,1,3,5,3,2,0,0,0
54055211,12,5,7,11,5,6,1,1,0,0,0,0,0,0,0,1,0,1,14,3,11,7,2,5,0,0,0,0,0,0,3,0,3,4,1,3,0,0,0
54055214,30,18,12,30,18,12,1,0,1,3,2,1,0,0,0,0,0,0,30,14,16,16,7,9,0,0,0,0,0,0,5,4,1,9,3,6,0,0,0
54057901,10,7,3,9,6,3,0,0,0,0,0,0,1,0,1,1,1,0,10,4,6,5,2,3,0,0,0,1,0,1,2,1,1,2,1,1,0,0,0
54057902,81,51,30,80,50,30,0,0,0,15,9,6,0,0,0,1,1,0,89,37,52,41,18,23,0,0,0,4,0,4,19,6,13,25,13,12,2,1,1
3302990,0,0,0,0,0,0,0,0,0,0,0,0,0,0,0,0,0,0,0,0,0,0,0,0,0,0,0,0,0,0,0,0,0,0,0,0,0,0,0
54058701,76,39,37,76,39,37,4,0,4,8,4,4,0,0,0,0,0,0,72,34,38,38,16,22,0,0,0,0,0,0,8,5,3,26,13,13,0,0,0
3302210,0,0,0,0,0,0,0,0,0,0,0,0,0,0,0,0,0,0,0,0,0,0,0,0,0,0,0,0,0,0,0,0,0,0,0,0,0,0,0
54062501,293,164,129,283,161,122,14,6,8,32,20,12,2,0,2,10,3,7,284,123,161,127,54,73,1,1,0,11,0,11,53,29,24,92,39,53,2,1,1
54071401,349,203,146,336,199,137,12,6,6,45,27,18,2,0,2,13,4,9,286,120,166,122,50,72,1,0,1,16,0,16,63,26,37,84,44,40,6,3,3
54071402,237,131,106,227,127,100,7,1,6,23,15,8,1,0,1,10,4,6,186,81,105,70,29,41,1,0,1,10,0,10,36,14,22,69,38,31,1,0,1
54071403,33,16,17,29,15,14,0,0,0,3,2,1,1,0,1,4,1,3,32,17,15,16,8,8,0,0,0,0,0,0,2,0,2,14,9,5,0,0,0
54074901,15,9,6,15,9,6,0,0,0,1,0,1,0,0,0,0,0,0,9,4,5,5,2,3,0,0,0,0,0,0,1,0,1,3,2,1,0,0,0
54074902,28,19,9,26,18,8,0,0,0,2,2,0,0,0,0,2,1,1,35,18,17,13,7,6,0,0,0,2,0,2,8,3,5,12,8,4,4,2,2
54074903,89,56,33,85,52,33,3,1,2,10,4,6,0,0,0,4,4,0,94,42,52,56,26,30,1,0,1,5,0,5,12,8,4,20,8,12,6,3,3
54074904,10,7,3,9,6,3,0,0,0,0,0,0,0,0,0,1,1,0,10,4,6,5,2,3,0,0,0,0,0,0,0,0,0,5,2,3,0,0,0
54074905,12,6,6,12,6,6,0,0,0,2,1,1,0,0,0,0,0,0,10,4,6,9,4,5,0,0,0,0,0,0,0,0,0,1,0,1,0,0,0
54075701,32,14,18,31,13,18,0,0,0,7,4,3,0,0,0,1,1,0,31,13,18,13,7,6,1,1,0,0,0,0,6,2,4,11,3,8,0,0,0
54075702,111,66,45,105,63,42,4,1,3,16,8,8,0,0,0,6,3,3,105,47,58,42,20,22,0,0,0,5,0,5,22,14,8,36,13,23,3,1,2
54075703,42,25,17,42,25,17,4,2,2,3,2,1,0,0,0,0,0,0,51,27,24,15,6,9,1,1,0,4,0,4,14,8,6,17,12,5,3,2,1
54075704,11,4,7,10,4,6,1,0,1,0,0,0,0,0,0,1,0,1,9,5,4,5,4,1,0,0,0,0,0,0,3,1,2,1,0,1,1,0,1
54075705,854,449,405,803,425,378,28,14,14,101,42,59,13,0,13,51,24,27,751,326,425,351,152,199,2,1,1,36,0,36,126,58,68,236,115,121,20,14,6
54075706,20,9,11,18,9,9,1,0,1,1,0,1,0,0,0,2,0,2,14,6,8,7,2,5,0,0,0,0,0,0,2,2,0,5,2,3,0,0,0
54075707,32,19,13,29,17,12,1,0,1,3,2,1,0,0,0,3,2,1,31,13,18,15,3,12,0,0,0,1,0,1,4,3,1,11,7,4,0,0,0
54078101,17,10,7,16,10,6,0,0,0,3,2,1,0,0,0,1,0,1,25,10,15,16,5,11,0,0,0,0,0,0,4,3,1,5,2,3,0,0,0
54078102,51,30,21,50,30,20,1,0,1,0,0,0,0,0,0,1,0,1,41,22,19,19,9,10,0,0,0,3,0,3,13,10,3,6,3,3,0,0,0
54078103,230,123,107,217,115,102,4,0,4,22,12,10,1,0,1,13,8,5,215,95,120,72,33,39,0,0,0,20,1,19,60,26,34,63,35,28,10,8,2
54078104,29,16,13,29,16,13,1,1,0,3,1,2,0,0,0,0,0,0,31,15,16,14,9,5,0,0,0,3,0,3,7,3,4,7,3,4,0,0,0
54078105,99,55,44,94,52,42,4,3,1,6,3,3,0,0,0,5,3,2,86,46,40,26,14,12,0,0,0,8,0,8,22,9,13,30,23,7,1,1,0
3212061,0,0,0,0,0,0,0,0,0,0,0,0,0,0,0,0,0,0,0,0,0,0,0,0,0,0,0,0,0,0,0,0,0,0,0,0,0,0,0
3212062,0,0,0,0,0,0,0,0,0,0,0,0,0,0,0,0,0,0,0,0,0,0,0,0,0,0,0,0,0,0,0,0,0,0,0,0,0,0,0
54079001,192,106,86,184,103,81,9,1,8,19,13,6,2,0,2,8,3,5,175,89,86,71,37,34,0,0,0,10,0,10,38,24,14,56,28,28,3,0,3
54079002,47,27,20,45,26,19,1,1,0,6,1,5,1,0,1,2,1,1,75,24,51,51,12,39,0,0,0,3,0,3,8,4,4,13,8,5,0,0,0
54079004,38,21,17,36,20,16,2,0,2,4,2,2,1,0,1,2,1,1,19,8,11,5,1,4,0,0,0,0,0,0,5,2,3,9,5,4,1,1,0
54079005,19,11,8,19,11,8,0,0,0,0,0,0,1,1,0,0,0,0,22,12,10,9,6,3,0,0,0,1,0,1,6,4,2,6,2,4,1,0,1
1019233,0,0,0,0,0,0,0,0,0,0,0,0,0,0,0,0,0,0,0,0,0,0,0,0,0,0,0,0,0,0,0,0,0,0,0,0,0,0,0
1019235,0,0,0,0,0,0,0,0,0,0,0,0,0,0,0,0,0,0,0,0,0,0,0,0,0,0,0,0,0,0,0,0,0,0,0,0,0,0,0
54081101,25,14,11,25,14,11,0,0,0,3,1,2,0,0,0,0,0,0,19,7,12,8,4,4,0,0,0,1,0,1,5,2,3,5,1,4,1,0,1
54081103,240,140,100,230,134,96,5,3,2,34,21,13,2,0,2,10,6,4,257,114,143,134,62,72,0,0,0,12,0,12,39,20,19,72,32,40,8,4,4
54081104,26,14,12,26,14,12,1,1,0,5,2,3,0,0,0,0,0,0,29,12,17,19,9,10,0,0,0,0,0,0,4,1,3,6,2,4,2,1,1
54081105,86,47,39,85,47,38,6,1,5,6,4,2,0,0,0,1,0,1,54,28,26,23,11,12,0,0,0,2,0,2,6,4,2,23,13,10,1,0,1
54082001,29,15,14,27,14,13,1,0,1,5,2,3,1,0,1,2,1,1,24,12,12,7,3,4,0,0,0,0,0,0,6,1,5,11,8,3,0,0,0
54082002,30,18,12,29,17,12,1,0,1,4,2,2,0,0,0,1,1,0,29,14,15,15,6,9,0,0,0,0,0,0,2,2,0,12,6,6,0,0,0
54082003,116,66,50,110,64,46,5,2,3,6,4,2,1,0,1,6,2,4,80,32,48,34,13,21,0,0,0,3,0,3,10,5,5,33,14,19,3,2,1
54082004,33,17,16,30,14,16,2,0,2,3,0,3,0,0,0,3,3,0,25,8,17,15,7,8,0,0,0,0,0,0,2,0,2,8,1,7,0,0,0
54082006,29,17,12,29,17,12,4,4,0,6,5,1,0,0,0,0,0,0,25,11,14,18,8,10,0,0,0,0,0,0,1,1,0,6,2,4,0,0,0
54082009,18,13,5,18,13,5,0,0,0,1,1,0,1,0,1,0,0,0,22,8,14,8,2,6,0,0,0,3,0,3,7,4,3,4,2,2,0,0,0
54084601,17,10,7,15,9,6,1,0,1,0,0,0,0,0,0,2,1,1,13,7,6,6,2,4,0,0,0,1,0,1,1,1,0,5,4,1,0,0,0
54084602,12,7,5,12,7,5,0,0,0,1,0,1,0,0,0,0,0,0,19,8,11,8,4,4,0,0,0,2,0,2,5,3,2,4,1,3,0,0,0
54084603,24,13,11,23,13,10,0,0,0,2,1,1,0,0,0,1,0,1,17,9,8,10,5,5,0,0,0,0,0,0,2,1,1,5,3,2,0,0,0
54084604,22,16,6,22,16,6,0,0,0,1,1,0,0,0,0,0,0,0,21,6,15,9,4,5,0,0,0,2,0,2,4,2,2,6,0,6,0,0,0
54084605,11,7,4,11,7,4,0,0,0,0,0,0,0,0,0,0,0,0,9,4,5,4,2,2,0,0,0,0,0,0,2,0,2,3,2,1,0,0,0
54084606,23,14,9,23,14,9,0,0,0,0,0,0,1,0,1,0,0,0,31,16,15,11,6,5,0,0,0,3,0,3,7,4,3,10,6,4,0,0,0
54084608,15,6,9,15,6,9,1,0,1,1,1,0,0,0,0,0,0,0,17,7,10,4,2,2,0,0,0,1,0,1,2,2,0,10,3,7,0,0,0
54084609,34,19,15,34,19,15,3,2,1,3,1,2,0,0,0,0,0,0,24,12,12,14,5,9,0,0,0,0,0,0,2,2,0,8,5,3,0,0,0
54084610,103,54,49,99,52,47,5,2,3,9,3,6,2,0,2,4,2,2,104,51,53,40,21,19,0,0,0,6,0,6,24,13,11,34,17,17,1,0,1
54084611,34,20,14,33,20,13,1,1,0,1,1,0,0,0,0,1,0,1,19,7,12,13,5,8,0,0,0,2,0,2,3,1,2,1,1,0,0,0,0
54084612,12,6,6,12,6,6,0,0,0,1,0,1,1,0,1,0,0,0,8,3,5,5,2,3,0,0,0,0,0,0,1,0,1,2,1,1,0,0,0
54084614,23,15,8,23,15,8,1,1,0,4,3,1,1,0,1,0,0,0,23,10,13,11,6,5,0,0,0,1,0,1,6,2,4,5,2,3,0,0,0
54088902,47,22,25,47,22,25,1,0,1,12,5,7,2,0,2,0,0,0,53,24,29,19,10,9,0,0,0,3,0,3,18,9,9,13,5,8,0,0,0
54088903,8,6,2,8,6,2,2,1,1,2,2,0,0,0,0,0,0,0,13,6,7,6,1,5,2,2,0,0,0,0,1,0,1,4,3,1,0,0,0
54088904,247,134,113,240,132,108,14,6,8,9,6,3,9,0,9,7,2,5,205,84,121,27,13,14,0,0,0,25,0,25,86,38,48,67,33,34,4,1,3
54088905,65,29,36,64,29,35,2,2,0,9,3,6,2,0,2,1,0,1,45,20,25,21,7,14,0,0,0,1,0,1,8,6,2,15,7,8,0,0,0
54088906,487,265,222,471,258,213,19,11,8,50,32,18,6,0,6,16,7,9,387,170,217,118,51,67,2,0,2,18,1,17,87,37,50,162,81,81,5,1,4
54089701,23,13,10,22,13,9,0,0,0,2,1,1,0,0,0,1,0,1,17,7,10,8,2,6,0,0,0,1,1,0,3,0,3,5,4,1,0,0,0
54089702,40,23,17,38,23,15,0,0,0,8,5,3,0,0,0,2,0,2,22,13,9,7,3,4,0,0,0,2,0,2,5,4,1,8,6,2,0,0,0
54089703,40,21,19,36,20,16,2,0,2,1,1,0,0,0,0,4,1,3,42,18,24,14,5,9,0,0,0,2,0,2,13,6,7,13,7,6,1,1,0
54089704,59,30,29,57,30,27,3,0,3,4,2,2,0,0,0,2,0,2,54,27,27,21,9,12,0,0,0,3,0,3,10,8,2,20,10,10,1,1,0
54090101,15,8,7,14,7,7,2,1,1,0,0,0,0,0,0,1,1,0,16,7,9,10,4,6,0,0,0,1,0,1,1,1,0,4,2,2,0,0,0
54090102,102,57,45,96,54,42,2,0,2,11,8,3,1,0,1,6,3,3,103,46,57,47,19,28,0,0,0,8,0,8,19,10,9,29,17,12,1,1,0
54090103,43,25,18,39,23,16,1,1,0,4,2,2,0,0,0,4,2,2,38,21,17,22,14,8,0,0,0,0,0,0,5,3,2,11,4,7,1,1,0
54090105,539,285,254,507,270,237,17,5,12,48,28,20,7,0,7,32,15,17,459,201,258,219,83,136,0,0,0,20,0,20,80,40,40,140,78,62,12,8,4
54090106,156,86,70,151,82,69,3,2,1,16,8,8,1,0,1,5,4,1,151,70,81,74,33,41,1,1,0,6,0,6,22,14,8,48,22,26,4,1,3
54090107,180,102,78,171,97,74,1,0,1,18,10,8,1,0,1,9,5,4,187,80,107,71,30,41,1,0,1,16,0,16,45,24,21,54,26,28,0,0,0
54093502,577,319,258,561,314,247,20,6,14,55,30,25,1,0,1,16,5,11,514,245,269,249,104,145,3,2,1,22,0,22,79,48,31,161,91,70,11,7,4
54093503,54,31,23,52,30,22,5,3,2,2,1,1,0,0,0,2,1,1,52,21,31,32,13,19,1,1,0,1,0,1,4,1,3,14,6,8,0,0,0
54094301,145,80,65,138,79,59,10,6,4,15,8,7,1,0,1,7,1,6,107,49,58,60,25,35,0,0,0,3,0,3,9,3,6,35,21,14,2,2,0
54095101,21,10,11,20,9,11,2,0,2,0,0,0,0,0,0,1,1,0,32,13,19,23,9,14,0,0,0,0,0,0,2,0,2,7,4,3,0,0,0
54095102,352,197,155,342,195,147,14,5,9,42,24,18,1,0,1,10,2,8,303,151,152,119,43,76,0,0,0,14,0,14,60,38,22,110,70,40,5,5,0
3302810,0,0,0,0,0,0,0,0,0,0,0,0,0,0,0,0,0,0,0,0,0,0,0,0,0,0,0,0,0,0,0,0,0,0,0,0,0,0,0
54096001,143,83,60,137,80,57,6,4,2,18,8,10,0,0,0,6,3,3,127,56,71,53,23,30,0,0,0,10,0,10,21,11,10,43,22,21,0,0,0
54096002,27,17,10,26,17,9,0,0,0,3,2,1,0,0,0,1,0,1,14,8,6,5,2,3,1,0,1,0,0,0,1,1,0,7,5,2,0,0,0
54101001,20,12,8,18,10,8,1,0,1,4,1,3,0,0,0,2,2,0,15,7,8,8,3,5,0,0,0,1,0,1,3,2,1,3,2,1,0,0,0
54101002,48,25,23,47,24,23,4,2,2,3,2,1,0,0,0,1,1,0,47,19,28,19,7,12,0,0,0,2,0,2,6,2,4,20,10,10,2,1,1
54101003,53,26,27,49,26,23,5,2,3,1,1,0,0,0,0,4,0,4,49,25,24,16,8,8,0,0,0,2,0,2,14,7,7,17,10,7,0,0,0
54102801,20,13,7,19,13,6,1,1,0,2,1,1,0,0,0,1,0,1,13,6,7,8,3,5,0,0,0,1,0,1,4,3,1,0,0,0,0,0,0
54102802,28,18,10,27,18,9,1,0,1,2,0,2,0,0,0,1,0,1,23,9,14,11,5,6,0,0,0,0,0,0,3,2,1,9,2,7,0,0,0
54102803,121,72,49,115,70,45,4,2,2,14,5,9,0,0,0,6,2,4,90,43,47,41,19,22,0,0,0,4,0,4,21,12,9,24,12,12,3,1,2
54102804,9,4,5,7,4,3,0,0,0,1,0,1,0,0,0,2,0,2,41,7,34,40,7,33,0,0,0,0,0,0,1,0,1,0,0,0,0,0,0
54102805,19,13,6,18,12,6,0,0,0,2,2,0,0,0,0,1,1,0,24,10,14,8,4,4,0,0,0,2,0,2,5,2,3,9,4,5,1,0,1
54104401,22,14,8,22,14,8,0,0,0,3,3,0,0,0,0,0,0,0,29,13,16,15,6,9,0,0,0,1,0,1,3,1,2,10,6,4,0,0,0
54104402,36,22,14,35,21,14,0,0,0,3,2,1,0,0,0,1,1,0,44,17,27,17,7,10,0,0,0,2,0,2,12,3,9,13,7,6,3,2,1
54104403,12,7,5,12,7,5,1,0,1,0,0,0,0,0,0,0,0,0,15,11,4,9,6,3,0,0,0,0,0,0,1,0,1,5,5,0,0,0,0
54104404,21,13,8,21,13,8,1,0,1,1,1,0,0,0,0,0,0,0,19,10,9,7,3,4,0,0,0,0,0,0,2,0,2,10,7,3,1,0,1
54104406,23,13,10,22,13,9,2,2,0,8,4,4,0,0,0,1,0,1,14,8,6,7,3,4,0,0,0,0,0,0,3,1,2,4,4,0,0,0,0
54104407,36,23,13,34,23,11,2,2,0,4,2,2,0,0,0,2,0,2,46,23,23,19,8,11,0,0,0,2,0,2,13,8,5,12,7,5,0,0,0
54104410,342,183,159,329,179,150,4,1,3,30,19,11,1,0,1,13,4,9,309,137,172,151,62,89,0,0,0,14,0,14,52,33,19,92,42,50,8,6,2
54104412,25,17,8,25,17,8,1,1,0,4,3,1,0,0,0,0,0,0,21,10,11,9,6,3,0,0,0,2,0,2,5,2,3,5,2,3,0,0,0
54104413,19,11,8,19,11,8,0,0,0,2,1,1,0,0,0,0,0,0,14,5,9,4,2,2,1,0,1,0,0,0,2,1,1,7,2,5,0,0,0
54104414,14,6,8,14,6,8,2,0,2,2,1,1,0,0,0,0,0,0,13,9,4,6,4,2,0,0,0,1,0,1,2,2,0,4,3,1,0,0,0
54104416,43,26,17,42,25,17,4,2,2,4,3,1,0,0,0,1,1,0,32,17,15,13,7,6,0,0,0,3,0,3,7,4,3,9,6,3,0,0,0
54104417,38,23,15,36,22,14,1,1,0,7,5,2,1,0,1,2,1,1,41,17,24,30,10,20,0,0,0,1,0,1,5,4,1,5,3,2,0,0,0
54104418,21,16,5,20,15,5,1,1,0,3,3,0,0,0,0,1,1,0,14,7,7,10,5,5,0,0,0,0,0,0,2,1,1,2,1,1,1,0,1
54104420,14,10,4,14,10,4,0,0,0,3,3,0,0,0,0,0,0,0,22,10,12,14,5,9,0,0,0,1,0,1,4,4,0,3,1,2,0,0,0
54105202,73,36,37,69,34,35,6,3,3,7,5,2,2,0,2,4,2,2,65,23,42,27,11,16,0,0,0,3,0,3,14,5,9,21,7,14,1,1,0
54105203,265,146,119,254,143,111,6,2,4,28,17,11,1,0,1,11,3,8,234,110,124,104,43,61,1,1,0,9,0,9,33,23,10,87,43,44,7,6,1
54108702,162,95,67,156,94,62,2,1,1,15,9,6,1,0,1,6,1,5,125,60,65,55,24,31,0,0,0,7,0,7,26,14,12,37,22,15,2,0,2
54108703,24,14,10,24,14,10,0,0,0,3,2,1,0,0,0,0,0,0,19,10,9,14,8,6,0,0,0,0,0,0,1,0,1,4,2,2,0,0,0
54108704,21,14,7,20,13,7,2,1,1,1,1,0,0,0,0,1,1,0,21,8,13,11,3,8,0,0,0,0,0,0,3,3,0,7,2,5,0,0,0
54108705,75,43,32,74,43,31,0,0,0,12,6,6,1,0,1,1,0,1,72,29,43,33,15,18,0,0,0,6,0,6,12,6,6,21,8,13,1,1,0
54113302,28,22,6,28,22,6,1,0,1,2,2,0,0,0,0,0,0,0,19,8,11,11,3,8,0,0,0,0,0,0,2,1,1,6,4,2,0,0,0
54113303,33,18,15,32,18,14,1,0,1,1,1,0,0,0,0,1,0,1,47,21,26,21,8,13,0,0,0,1,0,1,11,6,5,14,7,7,1,0,1
54113304,85,49,36,84,49,35,3,1,2,6,3,3,1,0,1,1,0,1,57,17,40,18,9,9,1,0,1,6,0,6,21,4,17,11,4,7,1,0,1
54113305,73,36,37,69,32,37,4,2,2,4,2,2,2,0,2,4,4,0,57,22,35,30,12,18,0,0,0,1,0,1,8,4,4,18,6,12,0,0,0
54113306,51,27,24,51,27,24,1,1,0,4,2,2,0,0,0,0,0,0,53,24,29,26,12,14,0,0,0,3,0,3,6,4,2,18,8,10,0,0,0
54120601,245,139,106,229,129,100,4,3,1,24,10,14,2,0,2,16,10,6,195,85,110,86,33,53,0,0,0,9,0,9,33,15,18,67,37,30,7,5,2
54120602,162,88,74,151,81,70,4,1,3,11,5,6,1,0,1,11,7,4,136,64,72,64,33,31,1,1,0,9,0,9,25,9,16,37,21,16,3,1,2
54120603,34,20,14,33,19,14,2,0,2,1,1,0,1,0,1,1,1,0,42,20,22,19,8,11,1,1,0,1,0,1,3,2,1,18,9,9,1,1,0
3344130,0,0,0,0,0,0,0,0,0,0,0,0,0,0,0,0,0,0,0,0,0,0,0,0,0,0,0,0,0,0,0,0,0,0,0,0,0,0,0
54123101,37,22,15,34,21,13,0,0,0,4,1,3,0,0,0,3,1,2,41,16,25,31,13,18,1,0,1,1,0,1,3,0,3,5,3,2,0,0,0
54123102,20,13,7,20,13,7,1,0,1,3,2,1,0,0,0,0,0,0,12,2,10,9,2,7,0,0,0,1,0,1,1,0,1,1,0,1,0,0,0
54123103,13,7,6,12,7,5,0,0,0,1,1,0,0,0,0,1,0,1,14,7,7,4,3,1,0,0,0,0,0,0,1,0,1,9,4,5,0,0,0
54123104,112,62,50,105,59,46,7,3,4,20,9,11,3,0,3,7,3,4,96,45,51,43,20,23,0,0,0,7,0,7,23,9,14,23,16,7,1,1,0
54123105,19,15,4,18,14,4,0,0,0,4,4,0,0,0,0,1,1,0,24,8,16,16,6,10,0,0,0,1,0,1,2,0,2,5,2,3,0,0,0
54123108,186,108,78,170,99,71,10,6,4,22,9,13,0,0,0,16,9,7,179,84,95,88,34,54,0,0,0,7,0,7,23,16,7,61,34,27,5,4,1
54123109,48,28,20,46,27,19,0,0,0,7,5,2,0,0,0,2,1,1,46,19,27,24,9,15,0,0,0,3,0,3,11,5,6,8,5,3,1,1,0
54123110,94,56,38,91,54,37,2,1,1,7,5,2,1,0,1,3,2,1,83,36,47,50,23,27,0,0,0,3,0,3,10,3,7,20,10,10,2,0,2
54123111,24,13,11,23,12,11,3,3,0,3,2,1,0,0,0,1,1,0,24,12,12,3,1,2,0,0,0,0,0,0,6,5,1,15,6,9,0,0,0
54123115,70,38,32,66,36,30,1,0,1,4,2,2,2,0,2,4,2,2,56,20,36,18,5,13,0,0,0,3,0,3,14,5,9,21,10,11,3,1,2
54123116,318,186,132,303,176,127,8,6,2,30,13,17,1,0,1,15,10,5,321,126,195,171,61,110,0,0,0,11,0,11,46,19,27,93,46,47,23,18,5
54123117,688,371,317,653,354,299,25,4,21,60,34,26,2,0,2,35,17,18,610,249,361,313,107,206,0,0,0,29,0,29,87,46,41,181,96,85,10,9,1
54123118,337,186,151,322,175,147,14,5,9,35,23,12,2,0,2,15,11,4,510,211,299,355,126,229,0,0,0,12,0,12,41,26,15,102,59,43,4,4,0
54123119,52,30,22,52,30,22,1,0,1,3,2,1,1,0,1,0,0,0,68,30,38,32,17,15,0,0,0,4,0,4,13,5,8,19,8,11,0,0,0
54123120,19,11,8,19,11,8,2,1,1,1,1,0,0,0,0,0,0,0,15,9,6,10,5,5,0,0,0,0,0,0,0,0,0,5,4,1,0,0,0
54125701,48,25,23,47,25,22,2,2,0,6,1,5,1,0,1,1,0,1,37,9,28,13,3,10,0,0,0,0,0,0,6,1,5,18,5,13,0,0,0
54125702,30,16,14,30,16,14,1,0,1,3,2,1,0,0,0,0,0,0,24,12,12,10,5,5,0,0,0,1,0,1,5,1,4,8,6,2,0,0,0
54125703,16,8,8,16,8,8,2,1,1,0,0,0,0,0,0,0,0,0,10,5,5,4,2,2,0,0,0,0,0,0,1,1,0,5,2,3,1,1,0
54125704,164,94,70,159,91,68,5,2,3,8,3,5,3,0,3,5,3,2,127,57,70,39,19,20,1,1,0,11,0,11,34,15,19,42,22,20,1,0,1
3302560,0,0,0,0,0,0,0,0,0,0,0,0,0,0,0,0,0,0,0,0,0,0,0,0,0,0,0,0,0,0,0,0,0,0,0,0,0,0,0
54127301,109,65,44,106,64,42,3,2,1,14,7,7,2,0,2,3,1,2,109,44,65,60,24,36,0,0,0,6,0,6,21,9,12,22,11,11,0,0,0
1465790,0,0,0,0,0,0,0,0,0,0,0,0,0,0,0,0,0,0,0,0,0,0,0,0,0,0,0,0,0,0,0,0,0,0,0,0,0,0,0
1466090,0,0,0,0,0,0,0,0,0,0,0,0,0,0,0,0,0,0,0,0,0,0,0,0,0,0,0,0,0,0,0,0,0,0,0,0,0,0,0
1466170,0,0,0,0,0,0,0,0,0,0,0,0,0,0,0,0,0,0,0,0,0,0,0,0,0,0,0,0,0,0,0,0,0,0,0,0,0,0,0
54128101,44,26,18,41,25,16,1,0,1,2,2,0,0,0,0,3,1,2,36,16,20,16,6,10,1,0,1,4,0,4,10,8,2,5,2,3,0,0,0
54128102,23,14,9,21,12,9,1,1,0,2,1,1,0,0,0,2,2,0,12,5,7,7,3,4,0,0,0,0,0,0,2,0,2,3,2,1,0,0,0
54128103,59,38,21,57,38,19,0,0,0,11,6,5,0,0,0,2,0,2,46,20,26,17,6,11,0,0,0,3,0,3,9,4,5,17,10,7,0,0,0
54128104,45,26,19,44,25,19,2,0,2,2,2,0,0,0,0,1,1,0,40,15,25,17,5,12,0,0,0,3,0,3,6,3,3,14,7,7,0,0,0
54128105,11,7,4,11,7,4,0,0,0,1,1,0,0,0,0,0,0,0,13,2,11,6,2,4,1,0,1,1,0,1,2,0,2,3,0,3,0,0,0
54128106,111,62,49,104,58,46,2,1,1,12,8,4,1,0,1,7,4,3,92,41,51,40,15,25,0,0,0,6,0,6,17,9,8,29,17,12,1,1,0
54128107,48,33,15,44,30,14,0,0,0,7,4,3,0,0,0,4,3,1,41,19,22,19,8,11,0,0,0,2,0,2,4,3,1,16,8,8,0,0,0
54128108,14,8,6,14,8,6,0,0,0,0,0,0,0,0,0,0,0,0,17,9,8,13,6,7,0,0,0,0,0,0,0,0,0,4,3,1,0,0,0
54128109,45,26,19,44,26,18,2,1,1,6,4,2,0,0,0,1,0,1,44,20,24,21,8,13,0,0,0,2,0,2,3,2,1,18,10,8,0,0,0
54128111,595,312,283,566,297,269,17,9,8,68,30,38,5,0,5,29,15,14,917,327,590,656,210,446,2,1,1,24,0,24,83,45,38,152,71,81,9,4,5
54128113,74,34,40,64,28,36,3,0,3,7,3,4,0,0,0,10,6,4,56,26,30,20,8,12,0,0,0,1,0,1,10,5,5,25,13,12,2,2,0
54128114,11,7,4,11,7,4,0,0,0,0,0,0,0,0,0,0,0,0,18,7,11,0,0,0,0,0,0,5,0,5,8,5,3,5,2,3,1,0,1
54128115,131,73,58,128,71,57,4,2,2,15,9,6,0,0,0,3,2,1,114,49,65,52,20,32,0,0,0,6,0,6,18,14,4,38,15,23,1,1,0
54128116,425,231,194,392,213,179,10,6,4,35,19,16,2,0,2,33,18,15,389,163,226,191,77,114,2,0,2,17,1,16,59,35,24,120,50,70,25,20,5
54128117,272,151,121,267,148,119,9,7,2,30,17,13,3,0,3,5,3,2,263,107,156,152,62,90,0,0,0,10,0,10,28,12,16,73,33,40,2,0,2
54128118,15,9,6,14,8,6,1,0,1,3,1,2,0,0,0,1,1,0,11,3,8,3,1,2,0,0,0,1,0,1,1,1,0,6,1,5,0,0,0
54128119,595,311,284,578,306,272,35,18,17,59,27,32,5,0,5,17,5,12,488,206,282,257,101,156,1,0,1,17,0,17,68,30,38,145,75,70,6,4,2
54128120,95,57,38,91,54,37,5,2,3,3,3,0,0,0,0,4,3,1,87,40,47,37,22,15,0,0,0,6,0,6,18,6,12,26,12,14,2,0,2
54128121,129,74,55,125,71,54,5,1,4,16,9,7,0,0,0,4,3,1,142,58,84,89,32,57,0,0,0,4,0,4,13,9,4,36,17,19,0,0,0
54128122,664,343,321,631,325,306,31,8,23,70,37,33,5,0,5,33,18,15,586,234,352,304,108,196,0,0,0,26,0,26,106,47,59,150,79,71,6,3,3
54131101,59,30,29,56,29,27,8,3,5,7,4,3,1,0,1,3,1,2,49,23,26,30,14,16,0,0,0,2,0,2,12,7,5,5,2,3,1,1,0
54131102,10,6,4,10,6,4,0,0,0,1,1,0,0,0,0,0,0,0,21,7,14,7,3,4,0,0,0,1,0,1,5,4,1,8,0,8,0,0,0
54131103,32,20,12,32,20,12,1,1,0,5,5,0,0,0,0,0,0,0,42,19,23,16,6,10,0,0,0,5,0,5,8,5,3,13,8,5,0,0,0
54131104,18,10,8,18,10,8,0,0,0,2,2,0,0,0,0,0,0,0,23,10,13,15,8,7,0,0,0,1,0,1,4,2,2,3,0,3,0,0,0
1523820,0,0,0,0,0,0,0,0,0,0,0,0,0,0,0,0,0,0,0,0,0,0,0,0,0,0,0,0,0,0,0,0,0,0,0,0,0,0,0
54132001,139,77,62,120,67,53,5,2,3,14,5,9,0,0,0,19,10,9,208,93,115,111,49,62,0,0,0,4,0,4,27,11,16,66,33,33,2,1,1
54132002,22,11,11,21,11,10,1,0,1,3,2,1,0,0,0,1,0,1,12,3,9,4,1,3,0,0,0,1,0,1,3,1,2,4,1,3,0,0,0
54133801,816,440,376,785,429,356,31,10,21,77,41,36,10,0,10,31,11,20,756,336,420,288,115,173,3,3,0,41,0,41,160,80,80,264,138,126,15,11,4
54137101,48,27,21,46,26,20,1,0,1,4,1,3,2,0,2,2,1,1,46,24,22,16,7,9,0,0,0,3,0,3,10,8,2,17,9,8,0,0,0
54137102,162,85,77,156,83,73,8,5,3,18,10,8,2,0,2,6,2,4,139,57,82,52,23,29,0,0,0,8,0,8,32,15,17,47,19,28,3,2,1
54138901,72,41,31,71,41,30,5,3,2,2,2,0,2,0,2,1,0,1,69,26,43,23,9,14,0,0,0,5,0,5,25,11,14,16,6,10,3,1,2
54138902,15,8,7,15,8,7,0,0,0,1,1,0,0,0,0,0,0,0,7,4,3,4,1,3,0,0,0,0,0,0,0,0,0,3,3,0,0,0,0
54138903,198,110,88,187,104,83,6,3,3,15,6,9,3,0,3,11,6,5,164,72,92,54,21,33,1,1,0,12,0,12,42,23,19,55,27,28,0,0,0
1601482,0,0,0,0,0,0,0,0,0,0,0,0,0,0,0,0,0,0,0,0,0,0,0,0,0,0,0,0,0,0,0,0,0,0,0,0,0,0,0
54139701,20,13,7,20,13,7,1,1,0,0,0,0,0,0,0,0,0,0,25,10,15,6,1,5,0,0,0,1,0,1,5,2,3,13,7,6,1,1,0
54139703,56,36,20,54,34,20,2,0,2,8,5,3,1,0,1,2,2,0,55,24,31,40,17,23,0,0,0,3,0,3,5,4,1,7,3,4,1,1,0
54139704,29,15,14,27,14,13,0,0,0,3,1,2,0,0,0,2,1,1,35,23,12,18,12,6,1,1,0,0,0,0,4,3,1,12,7,5,0,0,0
54139706,106,58,48,101,55,46,3,1,2,10,9,1,1,0,1,5,3,2,107,46,61,48,21,27,1,1,0,3,0,3,18,7,11,37,17,20,5,3,2
54139707,13,8,5,13,8,5,0,0,0,1,0,1,0,0,0,0,0,0,17,8,9,13,5,8,0,0,0,1,0,1,1,1,0,2,2,0,0,0,0
54139708,24,14,10,24,14,10,2,1,1,5,3,2,0,0,0,0,0,0,26,9,17,15,5,10,0,0,0,0,0,0,1,0,1,10,4,6,0,0,0
54139709,48,26,22,48,26,22,0,0,0,5,3,2,0,0,0,0,0,0,30,14,16,17,8,9,0,0,0,1,0,1,3,0,3,9,6,3,0,0,0
54139710,26,16,10,26,16,10,1,1,0,3,2,1,0,0,0,0,0,0,58,44,14,51,41,10,0,0,0,0,0,0,1,0,1,6,3,3,0,0,0
54141901,13,7,6,12,6,6,0,0,0,0,0,0,0,0,0,1,1,0,8,2,6,4,1,3,0,0,0,0,0,0,3,1,2,1,0,1,0,0,0
54141902,34,20,14,30,17,13,1,0,1,4,2,2,0,0,0,4,3,1,29,10,19,9,4,5,0,0,0,3,0,3,8,3,5,9,3,6,0,0,0
54141903,86,50,36,80,45,35,3,2,1,4,3,1,0,0,0,6,5,1,67,35,32,23,12,11,0,0,0,2,0,2,16,9,7,26,14,12,1,1,0
54141904,48,26,22,48,26,22,1,0,1,6,3,3,0,0,0,0,0,0,44,19,25,16,7,9,0,0,0,4,0,4,8,4,4,16,8,8,1,0,1
54141905,13,7,6,12,7,5,0,0,0,0,0,0,0,0,0,1,0,1,10,4,6,4,1,3,0,0,0,2,0,2,3,2,1,1,1,0,0,0,0
54142701,39,26,13,37,25,12,0,0,0,4,4,0,0,0,0,2,1,1,40,17,23,17,7,10,0,0,0,3,0,3,9,2,7,11,8,3,0,0,0
54142702,26,14,12,26,14,12,0,0,0,4,2,2,0,0,0,0,0,0,24,11,13,10,4,6,0,0,0,1,0,1,2,1,1,11,6,5,0,0,0
54142703,250,137,113,239,132,107,7,4,3,25,12,13,2,0,2,11,5,6,230,112,118,109,49,60,0,0,0,6,1,5,41,22,19,74,40,34,6,5,1
54145101,142,74,68,135,68,67,14,6,8,10,4,6,0,0,0,7,6,1,122,61,61,47,20,27,1,1,0,4,0,4,24,13,11,46,27,19,3,1,2
3301910,0,0,0,0,0,0,0,0,0,0,0,0,0,0,0,0,0,0,0,0,0,0,0,0,0,0,0,0,0,0,0,0,0,0,0,0,0,0,0
54150801,97,50,47,90,47,43,1,1,0,9,5,4,2,0,2,7,3,4,69,33,36,31,16,15,1,1,0,1,0,1,11,7,4,25,9,16,0,0,0
54150802,262,154,108,250,148,102,10,6,4,27,19,8,0,0,0,12,6,6,244,112,132,118,53,65,0,0,0,13,0,13,37,19,18,76,40,36,4,3,1
54151601,313,167,146,299,162,137,13,7,6,26,13,13,2,0,2,14,5,9,265,110,155,112,49,63,0,0,0,13,0,13,58,21,37,82,40,42,2,2,0
54151602,44,28,16,44,28,16,3,1,2,2,2,0,2,0,2,0,0,0,37,17,20,16,5,11,0,0,0,0,0,0,8,3,5,13,9,4,1,0,1
54152401,124,66,58,123,66,57,6,5,1,12,7,5,1,0,1,1,0,1,81,32,49,46,19,27,0,0,0,3,0,3,11,2,9,21,11,10,0,0,0
54152402,15,8,7,15,8,7,0,0,0,3,1,2,0,0,0,0,0,0,21,13,8,15,9,6,0,0,0,0,0,0,0,0,0,6,4,2,0,0,0
54152403,66,40,26,62,38,24,3,0,3,7,5,2,0,0,0,4,2,2,45,23,22,22,11,11,0,0,0,1,0,1,4,1,3,18,11,7,1,1,0
54154101,374,215,159,361,208,153,14,6,8,46,22,24,5,0,5,13,7,6,278,116,162,118,51,67,2,1,1,15,0,15,60,32,28,83,32,51,4,2,2
54154102,55,29,26,55,29,26,3,1,2,11,5,6,0,0,0,0,0,0,46,24,22,15,8,7,1,1,0,1,0,1,9,4,5,20,11,9,1,0,1
3302130,0,0,0,0,0,0,0,0,0,0,0,0,0,0,0,0,0,0,0,0,0,0,0,0,0,0,0,0,0,0,0,0,0,0,0,0,0,0,0
54156701,159,85,74,153,81,72,6,1,5,10,3,7,0,0,0,6,4,2,137,60,77,52,19,33,1,1,0,7,0,7,23,13,10,54,27,27,1,0,1
54158301,168,88,80,165,88,77,13,7,6,21,13,8,2,0,2,3,0,3,177,77,100,85,36,49,2,1,1,6,0,6,25,16,9,59,24,35,1,1,0
54159101,61,35,26,61,35,26,3,2,1,11,5,6,0,0,0,0,0,0,61,28,33,29,14,15,0,0,0,3,0,3,6,3,3,23,11,12,2,2,0
54159102,11,7,4,11,7,4,0,0,0,1,1,0,0,0,0,0,0,0,9,4,5,7,3,4,0,0,0,0,0,0,0,0,0,2,1,1,0,0,0
54159103,52,31,21,49,30,19,4,3,1,6,4,2,0,0,0,3,1,2,48,25,23,27,12,15,0,0,0,2,0,2,9,5,4,10,8,2,0,0,0
54159104,20,13,7,19,12,7,1,1,0,1,1,0,1,0,1,1,1,0,16,5,11,10,2,8,0,0,0,0,0,0,2,0,2,4,3,1,0,0,0
54159105,188,111,77,174,104,70,3,1,2,14,8,6,0,0,0,14,7,7,171,75,96,90,33,57,0,0,0,10,0,10,24,14,10,47,28,19,12,5,7
54159107,71,45,26,69,43,26,5,1,4,5,4,1,1,0,1,2,2,0,73,27,46,43,12,31,0,0,0,2,0,2,14,7,7,14,8,6,0,0,0
54161301,146,88,58,142,86,56,1,0,1,16,12,4,1,0,1,4,2,2,124,53,71,64,22,42,0,0,0,8,0,8,25,12,13,27,19,8,3,2,1
54161302,12,9,3,11,8,3,0,0,0,3,3,0,0,0,0,1,1,0,15,5,10,12,5,7,0,0,0,1,0,1,2,0,2,0,0,0,1,0,1
56421401,55,31,24,54,31,23,6,1,5,6,4,2,0,0,0,1,0,1,44,20,24,13,5,8,0,0,0,2,0,2,8,3,5,21,12,9,0,0,0
56422201,24,15,9,24,15,9,2,2,0,3,2,1,0,0,0,0,0,0,23,12,11,12,7,5,0,0,0,1,0,1,2,2,0,8,3,5,2,2,0
56424901,27,11,16,27,11,16,0,0,0,6,4,2,0,0,0,0,0,0,20,11,9,12,6,6,1,1,0,0,0,0,3,2,1,4,2,2,0,0,0
56424902,71,34,37,67,32,35,3,0,3,6,3,3,1,0,1,4,2,2,38,16,22,13,5,8,1,1,0,2,0,2,8,3,5,14,7,7,2,0,2
56424904,26,16,10,26,16,10,1,1,0,5,3,2,1,0,1,0,0,0,10,5,5,8,5,3,0,0,0,0,0,0,1,0,1,1,0,1,0,0,0
56425701,28,18,10,27,18,9,1,0,1,8,4,4,0,0,0,1,0,1,22,11,11,19,10,9,0,0,0,0,0,0,0,0,0,3,1,2,0,0,0
56425702,14,10,4,14,10,4,0,0,0,2,2,0,0,0,0,0,0,0,7,5,2,5,3,2,0,0,0,0,0,0,1,1,0,1,1,0,0,0,0
56427302,52,31,21,52,31,21,1,0,1,4,2,2,1,0,1,0,0,0,49,22,27,23,11,12,0,0,0,1,0,1,9,5,4,16,6,10,0,0,0
56432001,68,38,30,68,38,30,3,1,2,6,4,2,1,0,1,0,0,0,58,23,35,30,14,16,0,0,0,4,0,4,8,3,5,16,6,10,0,0,0
56433801,43,24,19,43,24,19,0,0,0,7,3,4,0,0,0,0,0,0,36,14,22,17,5,12,1,1,0,2,0,2,5,2,3,11,6,5,0,0,0
56434601,123,71,52,119,70,49,9,3,6,8,5,3,0,0,0,4,1,3,92,42,50,39,15,24,0,0,0,3,0,3,15,9,6,35,18,17,1,0,1
56436201,11,5,6,10,4,6,0,0,0,0,0,0,0,0,0,1,1,0,10,5,5,5,2,3,0,0,0,2,0,2,2,2,0,1,1,0,0,0,0
56436202,43,25,18,41,23,18,0,0,0,8,5,3,0,0,0,2,2,0,32,14,18,15,7,8,0,0,0,3,0,3,6,3,3,8,4,4,1,1,0
56436203,26,12,14,24,12,12,2,1,1,2,1,1,0,0,0,2,0,2,23,9,14,12,6,6,0,0,0,0,0,0,4,1,3,7,2,5,1,0,1
56438902,84,48,36,80,44,36,3,1,2,8,3,5,1,0,1,4,4,0,90,53,37,40,21,19,0,0,0,4,0,4,16,10,6,30,22,8,0,0,0
56441902,81,44,37,79,44,35,6,4,2,8,6,2,1,0,1,2,0,2,65,31,34,39,21,18,0,0,0,1,0,1,14,4,10,11,6,5,2,2,0
56447801,22,10,12,21,10,11,2,0,2,3,2,1,0,0,0,1,0,1,18,9,9,9,5,4,0,0,0,1,0,1,1,0,1,7,4,3,0,0,0
56447802,130,74,56,127,72,55,5,1,4,9,6,3,3,0,3,3,2,1,98,45,53,38,15,23,0,0,0,2,0,2,19,10,9,39,20,19,2,1,1
56448601,121,65,56,118,63,55,6,1,5,10,6,4,1,0,1,3,2,1,91,39,52,21,8,13,0,0,0,5,0,5,13,4,9,52,27,25,1,1,0
56448602,81,42,39,76,40,36,3,1,2,7,3,4,1,0,1,5,2,3,76,32,44,43,19,24,0,0,0,2,0,2,8,5,3,23,8,15,1,0,1
56448603,390,218,172,372,207,165,19,6,13,45,30,15,2,0,2,18,11,7,299,138,161,139,60,79,0,0,0,8,0,8,48,24,24,104,54,50,6,3,3
56450801,194,106,88,183,100,83,13,4,9,21,12,9,2,0,2,11,6,5,156,65,91,56,21,35,0,0,0,7,0,7,32,20,12,61,24,37,2,1,1
3302050,0,0,0,0,0,0,0,0,0,0,0,0,0,0,0,0,0,0,0,0,0,0,0,0,0,0,0,0,0,0,0,0,0,0,0,0,0,0,0
56452401,82,50,32,74,49,25,2,0,2,11,9,2,1,0,1,8,1,7,104,45,59,59,23,36,0,0,0,3,0,3,15,10,5,27,12,15,2,0,2
56452402,19,12,7,15,9,6,0,0,0,2,1,1,0,0,0,4,3,1,24,9,15,11,3,8,1,0,1,1,0,1,4,3,1,7,3,4,2,1,1
56455901,16,11,5,14,9,5,1,0,1,4,3,1,0,0,0,2,2,0,13,6,7,10,4,6,0,0,0,0,0,0,1,0,1,2,2,0,0,0,0
56455902,12,7,5,11,7,4,1,0,1,1,1,0,0,0,0,1,0,1,21,10,11,16,9,7,0,0,0,1,0,1,1,1,0,3,0,3,0,0,0
56455904,80,51,29,68,41,27,1,0,1,6,2,4,1,0,1,12,10,2,67,30,37,40,12,28,1,1,0,1,0,1,5,3,2,20,14,6,0,0,0
56458301,65,36,29,64,35,29,3,0,3,9,4,5,0,0,0,1,1,0,64,25,39,29,12,17,0,0,0,3,0,3,11,4,7,21,9,12,1,1,0
56460501,77,40,37,76,40,36,6,4,2,7,4,3,1,0,1,1,0,1,67,34,33,41,19,22,0,0,0,0,0,0,10,7,3,16,8,8,0,0,0
56463001,55,32,23,53,31,22,2,2,0,6,4,2,0,0,0,2,1,1,58,20,38,39,13,26,0,0,0,1,0,1,7,2,5,11,5,6,0,0,0
56463002,28,15,13,26,14,12,1,0,1,4,2,2,1,0,1,2,1,1,22,8,14,10,3,7,0,0,0,0,0,0,4,3,1,8,2,6,0,0,0
56463003,52,31,21,47,26,21,1,1,0,6,3,3,1,0,1,5,5,0,48,22,26,22,10,12,0,0,0,3,0,3,9,5,4,14,7,7,0,0,0
56466401,35,20,15,33,20,13,2,1,1,5,3,2,0,0,0,2,0,2,16,5,11,8,2,6,0,0,0,1,0,1,2,1,1,5,2,3,1,0,1
56466402,12,8,4,11,8,3,1,1,0,0,0,0,1,0,1,1,0,1,15,6,9,10,5,5,0,0,0,0,0,0,4,1,3,1,0,1,1,0,1
59833001,53,26,27,52,25,27,4,2,2,7,3,4,0,0,0,1,1,0,33,15,18,13,5,8,0,0,0,2,0,2,7,3,4,11,7,4,2,1,1
59833002,8,4,4,8,4,4,0,0,0,0,0,0,0,0,0,0,0,0,14,5,9,4,2,2,1,0,1,1,0,1,4,1,3,4,2,2,0,0,0
59837201,71,42,29,67,40,27,2,0,2,5,3,2,0,0,0,4,2,2,70,30,40,23,11,12,0,0,0,8,0,8,17,9,8,22,10,12,0,0,0
59838101,529,465,64,511,450,61,7,2,5,11,7,4,2,0,2,18,15,3,704,604,100,91,56,35,0,0,0,7,0,7,539,520,19,67,28,39,5,4,1
59840201,321,173,148,305,164,141,20,7,13,32,12,20,2,0,2,16,9,7,220,103,117,66,30,36,0,0,0,14,0,14,48,25,23,92,48,44,4,2,2
59841101,255,136,119,244,129,115,11,4,7,33,14,19,1,0,1,11,7,4,238,105,133,117,53,64,2,1,1,11,0,11,36,18,18,72,33,39,3,1,2
59842901,245,135,110,235,129,106,10,4,6,22,12,10,1,0,1,10,6,4,185,89,96,82,39,43,0,0,0,5,0,5,31,15,16,67,35,32,8,6,2
59843701,73,39,34,71,38,33,4,2,2,5,3,2,0,0,0,2,1,1,55,26,29,34,15,19,0,0,0,0,0,0,7,3,4,14,8,6,5,5,0
59846101,140,78,62,131,72,59,4,3,1,12,5,7,0,0,0,9,6,3,132,68,64,50,21,29,0,0,0,5,0,5,23,10,13,54,37,17,2,2,0
59846102,21,10,11,21,10,11,0,0,0,2,0,2,0,0,0,0,0,0,25,11,14,15,8,7,0,0,0,1,0,1,3,1,2,6,2,4,0,0,0
59847001,116,71,45,111,67,44,4,3,1,6,2,4,4,0,4,5,4,1,84,37,47,40,16,24,0,0,0,3,0,3,13,5,8,28,16,12,1,0,1
59847003,18,10,8,17,9,8,0,0,0,1,0,1,0,0,0,1,1,0,23,12,11,17,7,10,0,0,0,0,0,0,0,0,0,6,5,1,0,0,0
59848802,80,41,39,74,40,34,2,0,2,10,9,1,1,0,1,6,1,5,73,33,40,33,13,20,0,0,0,4,0,4,16,10,6,20,10,10,1,1,0
59848805,29,17,12,27,16,11,2,1,1,4,4,0,0,0,0,2,1,1,34,11,23,16,5,11,0,0,0,3,0,3,5,3,2,10,3,7,0,0,0
59920401,34,18,16,31,17,14,0,0,0,3,1,2,0,0,0,3,1,2,32,13,19,15,6,9,0,0,0,3,0,3,7,3,4,7,4,3,1,1,0
59920402,30,13,17,29,13,16,3,1,2,1,0,1,0,0,0,1,0,1,33,16,17,16,8,8,0,0,0,1,0,1,3,3,0,13,5,8,0,0,0
59929801,85,42,43,81,40,41,5,1,4,11,6,5,1,0,1,4,2,2,64,31,33,39,18,21,0,0,0,2,1,1,9,6,3,14,6,8,3,1,2
59975101,47,27,20,45,26,19,1,1,0,4,3,1,0,0,0,2,1,1,52,25,27,17,5,12,0,0,0,6,0,6,13,8,5,16,12,4,0,0,0
1783490,0,0,0,0,0,0,0,0,0,0,0,0,0,0,0,0,0,0,0,0,0,0,0,0,0,0,0,0,0,0,0,0,0,0,0,0,0,0,0
52969901,18,13,5,17,13,4,0,0,0,5,4,1,0,0,0,1,0,1,37,12,25,31,9,22,0,0,0,1,0,1,1,1,0,4,2,2,0,0,0
52971101,20,13,7,18,11,7,2,0,2,4,2,2,0,0,0,2,2,0,17,8,9,13,6,7,1,1,0,0,0,0,2,1,1,1,0,1,1,1,0
52971103,11,5,6,11,5,6,1,1,0,0,0,0,0,0,0,0,0,0,13,6,7,8,5,3,0,0,0,0,0,0,3,0,3,2,1,1,0,0,0
54165601,496,304,192,452,277,175,15,9,6,61,33,28,5,0,5,44,27,17,341,160,181,154,70,84,4,0,4,14,0,14,77,42,35,92,48,44,34,25,9
54165602,231,120,111,220,118,102,8,4,4,35,13,22,0,0,0,11,2,9,233,91,142,144,47,97,0,0,0,8,0,8,37,18,19,44,26,18,6,4,2
54165603,33,20,13,32,19,13,3,1,2,6,3,3,0,0,0,1,1,0,8,4,4,6,3,3,0,0,0,0,0,0,0,0,0,2,1,1,0,0,0
54165604,502,268,234,484,258,226,19,10,9,55,21,34,8,0,8,18,10,8,432,169,263,185,64,121,3,1,2,17,0,17,74,35,39,153,69,84,9,5,4
54165605,46,23,23,45,22,23,1,0,1,1,0,1,0,0,0,1,1,0,32,16,16,4,3,1,0,0,0,3,0,3,9,4,5,16,9,7,0,0,0
54165606,350,175,175,336,171,165,14,7,7,66,30,36,0,0,0,14,4,10,415,147,268,269,83,186,1,0,1,9,0,9,40,16,24,96,48,48,3,1,2
54165607,633,326,307,597,312,285,18,6,12,112,50,62,3,0,3,36,14,22,664,250,414,393,137,256,2,2,0,29,0,29,92,38,54,148,73,75,5,5,0
54165609,1714,881,833,1654,854,800,62,25,37,248,113,135,10,0,10,60,27,33,1423,608,815,691,263,428,4,3,1,54,0,54,221,112,109,453,230,223,23,10,13
54165610,790,406,384,755,384,371,33,9,24,112,54,58,13,0,13,35,22,13,599,227,372,307,114,193,0,0,0,25,0,25,104,41,63,163,72,91,8,2,6
54165611,17,13,4,16,12,4,0,0,0,2,1,1,0,0,0,1,1,0,19,6,13,4,1,3,0,0,0,4,0,4,8,3,5,3,2,1,0,0,0
54165612,919,497,422,885,486,399,37,16,21,152,73,79,7,0,7,34,11,23,875,377,498,493,194,299,2,1,1,26,0,26,121,66,55,233,116,117,13,6,7
54165614,1266,668,598,1228,649,579,64,27,37,221,111,110,7,0,7,38,19,19,1293,558,735,752,304,448,7,5,2,42,0,42,160,74,86,332,175,157,7,5,2
54165615,35,18,17,34,17,17,0,0,0,10,3,7,1,0,1,1,1,0,29,14,15,14,4,10,0,0,0,1,0,1,7,5,2,7,5,2,0,0,0
54165616,43,25,18,40,24,16,0,0,0,5,3,2,2,0,2,3,1,2,24,12,12,14,8,6,0,0,0,0,0,0,5,2,3,5,2,3,1,1,0
54165617,110,58,52,107,56,51,3,1,2,22,11,11,1,0,1,3,2,1,126,51,75,87,36,51,0,0,0,5,0,5,15,7,8,19,8,11,0,0,0
54165618,641,333,308,610,320,290,28,7,21,75,32,43,5,0,5,31,13,18,568,220,348,284,98,186,1,0,1,31,0,31,99,50,49,153,72,81,14,8,6
54165619,27,12,15,25,10,15,2,0,2,2,1,1,0,0,0,2,2,0,21,7,14,10,5,5,0,0,0,1,0,1,4,0,4,6,2,4,1,0,1
54165620,139,78,61,133,75,58,2,1,1,20,11,9,1,0,1,6,3,3,99,49,50,36,16,20,1,1,0,2,0,2,18,8,10,42,24,18,3,1,2
54165621,34,15,19,31,14,17,0,0,0,4,2,2,0,0,0,3,1,2,19,9,10,8,4,4,0,0,0,1,0,1,4,2,2,6,3,3,0,0,0
54167203,101,55,46,99,53,46,3,1,2,24,13,11,0,0,0,2,2,0,104,40,64,57,21,36,0,0,0,6,1,5,14,8,6,27,10,17,2,1,1
54169901,317,185,132,303,181,122,9,2,7,40,26,14,1,0,1,14,4,10,368,160,208,195,77,118,2,1,1,17,0,17,53,25,28,101,57,44,12,9,3
54169902,8,6,2,8,6,2,0,0,0,2,1,1,0,0,0,0,0,0,12,6,6,8,4,4,0,0,0,0,0,0,2,0,2,2,2,0,0,0,0
54169904,9,7,2,9,7,2,1,1,0,1,0,1,0,0,0,0,0,0,19,9,10,14,6,8,0,0,0,0,0,0,2,1,1,3,2,1,0,0,0
54169906,12,8,4,10,7,3,0,0,0,0,0,0,0,0,0,2,1,1,13,7,6,6,4,2,0,0,0,0,0,0,3,0,3,4,3,1,1,0,1
54169907,7,5,2,7,5,2,0,0,0,3,2,1,0,0,0,0,0,0,20,12,8,17,10,7,0,0,0,1,0,1,1,1,0,1,1,0,0,0,0
54169909,6,4,2,6,4,2,0,0,0,1,0,1,0,0,0,0,0,0,13,7,6,8,4,4,0,0,0,0,0,0,1,1,0,4,2,2,1,0,1
54169910,30,16,14,30,16,14,2,1,1,5,3,2,0,0,0,0,0,0,33,18,15,23,11,12,2,1,1,0,0,0,2,2,0,6,4,2,0,0,0
54172901,195,111,84,178,99,79,4,2,2,36,24,12,3,0,3,17,12,5,194,70,124,101,41,60,0,0,0,8,0,8,30,6,24,55,23,32,10,7,3
54173701,43,25,18,39,23,16,2,2,0,3,2,1,0,0,0,4,2,2,41,16,25,22,10,12,0,0,0,1,0,1,6,2,4,12,4,8,0,0,0
54173703,112,66,46,94,56,38,3,3,0,13,8,5,0,0,0,18,10,8,144,64,80,76,30,46,2,2,0,5,0,5,24,11,13,37,21,16,20,17,3
54173704,18,12,6,13,10,3,0,0,0,1,1,0,0,0,0,5,2,3,19,9,10,9,3,6,0,0,0,0,0,0,2,0,2,8,6,2,1,1,0
54173705,24,15,9,19,12,7,0,0,0,2,1,1,0,0,0,5,3,2,25,17,8,12,6,6,0,0,0,0,0,0,9,7,2,4,4,0,1,0,1
54176101,55,34,21,53,33,20,1,1,0,10,4,6,0,0,0,2,1,1,61,28,33,44,20,24,0,0,0,3,0,3,4,1,3,10,7,3,1,0,1
54176103,10,6,4,9,6,3,2,2,0,3,3,0,0,0,0,1,0,1,16,8,8,2,1,1,1,1,0,0,0,0,4,2,2,9,4,5,0,0,0
54176104,22,12,10,22,12,10,0,0,0,5,3,2,0,0,0,0,0,0,26,12,14,16,9,7,0,0,0,0,0,0,4,0,4,6,3,3,0,0,0
54176106,11,7,4,11,7,4,1,1,0,0,0,0,0,0,0,0,0,0,18,7,11,14,7,7,0,0,0,1,0,1,1,0,1,2,0,2,0,0,0
54176107,15,9,6,15,9,6,0,0,0,1,0,1,1,0,1,0,0,0,13,6,7,7,2,5,1,0,1,0,0,0,1,1,0,4,3,1,0,0,0
54177001,270,151,119,256,144,112,2,1,1,36,11,25,0,0,0,14,7,7,295,125,170,154,63,91,2,2,0,13,0,13,43,18,25,83,42,41,6,4,2
54181801,329,187,142,306,175,131,5,3,2,37,17,20,4,0,4,23,12,11,244,105,139,108,41,67,0,0,0,13,0,13,47,21,26,76,43,33,5,1,4
54181802,31,15,16,29,13,16,1,0,1,5,4,1,0,0,0,2,2,0,24,13,11,8,4,4,0,0,0,1,0,1,5,2,3,10,7,3,0,0,0
54183402,16,12,4,15,12,3,1,1,0,1,1,0,0,0,0,1,0,1,22,11,11,14,6,8,0,0,0,0,0,0,3,1,2,5,4,1,1,0,1
54183403,656,354,302,612,331,281,23,10,13,89,40,49,4,0,4,44,23,21,792,342,450,412,161,251,2,2,0,22,0,22,134,55,79,222,124,98,25,15,10
54183404,12,6,6,12,6,6,0,0,0,3,1,2,0,0,0,0,0,0,11,6,5,8,4,4,0,0,0,0,0,0,0,0,0,3,2,1,1,1,0
54183405,25,15,10,21,14,7,1,0,1,4,2,2,0,0,0,4,1,3,26,15,11,20,11,9,0,0,0,0,0,0,3,1,2,3,3,0,0,0,0
54183407,18,12,6,18,12,6,0,0,0,3,2,1,0,0,0,0,0,0,12,6,6,8,4,4,0,0,0,0,0,0,0,0,0,4,2,2,0,0,0
54187701,480,261,219,467,257,210,14,6,8,67,32,35,0,0,0,13,4,9,472,218,254,237,104,133,2,1,1,24,0,24,63,29,34,146,84,62,10,3,7
54189301,11,7,4,10,7,3,0,0,0,0,0,0,0,0,0,1,0,1,17,4,13,4,1,3,0,0,0,2,0,2,7,3,4,4,0,4,0,0,0
54189302,323,179,144,289,162,127,11,5,6,37,18,19,4,0,4,34,17,17,431,173,258,240,86,154,1,0,1,19,0,19,58,25,33,113,62,51,7,4,3
54189303,27,19,8,27,19,8,0,0,0,4,3,1,0,0,0,0,0,0,22,11,11,6,3,3,0,0,0,1,0,1,5,0,5,10,8,2,1,0,1
54190701,251,145,106,230,135,95,9,4,5,27,11,16,3,0,3,21,10,11,250,118,132,93,41,52,0,0,0,19,0,19,57,29,28,81,48,33,11,4,7
54194001,141,78,63,134,76,58,2,0,2,14,6,8,2,0,2,7,2,5,137,68,69,64,30,34,2,1,1,7,0,7,27,18,9,37,19,18,2,1,1
54196601,227,127,100,209,119,90,2,1,1,33,16,17,2,0,2,18,8,10,207,92,115,107,48,59,1,1,0,13,0,13,42,19,23,44,24,20,3,1,2
54197401,312,171,141,304,166,138,6,3,3,35,17,18,2,0,2,8,5,3,273,135,138,133,62,71,1,1,0,11,0,11,41,21,20,87,51,36,1,1,0
54198201,12,7,5,12,7,5,0,0,0,2,0,2,0,0,0,0,0,0,23,7,16,9,4,5,0,0,0,1,0,1,5,0,5,8,3,5,0,0,0
54198202,78,44,34,72,39,33,5,1,4,10,5,5,0,0,0,6,5,1,85,45,40,48,25,23,0,0,0,6,0,6,20,14,6,11,6,5,2,1,1
54198203,27,17,10,27,17,10,1,1,0,4,3,1,0,0,0,0,0,0,26,9,17,13,4,9,1,1,0,1,0,1,3,1,2,8,3,5,0,0,0
54198204,214,112,102,206,108,98,7,2,5,25,15,10,2,0,2,8,4,4,189,80,109,94,40,54,0,0,0,8,0,8,35,18,17,52,22,30,2,1,1
54198205,12,6,6,12,6,6,1,1,0,1,1,0,0,0,0,0,0,0,13,6,7,1,0,1,0,0,0,1,0,1,5,3,2,6,3,3,0,0,0
54200801,35,20,15,30,17,13,0,0,0,4,2,2,0,0,0,5,3,2,54,28,26,32,14,18,0,0,0,1,0,1,10,4,6,11,10,1,1,1,0
54200802,14,10,4,12,9,3,1,1,0,2,2,0,0,0,0,2,1,1,14,6,8,10,3,7,0,0,0,0,0,0,3,3,0,1,0,1,0,0,0
54201601,340,202,138,323,192,131,12,2,10,40,22,18,1,0,1,17,10,7,300,115,185,145,54,91,2,1,1,16,0,16,55,29,26,82,31,51,9,3,6
54203201,517,294,223,494,280,214,14,7,7,71,40,31,2,0,2,23,14,9,450,209,241,189,86,103,1,1,0,17,0,17,77,40,37,166,82,84,7,4,3
54203202,20,11,9,17,11,6,0,0,0,1,1,0,0,0,0,3,0,3,32,11,21,19,7,12,0,0,0,2,0,2,8,3,5,3,1,2,1,1,0
54204102,644,355,289,626,345,281,27,9,18,101,53,48,5,0,5,18,10,8,621,283,338,293,111,182,2,2,0,29,1,28,98,53,45,199,116,83,10,6,4
54204104,317,166,151,309,161,148,6,0,6,56,28,28,3,0,3,8,5,3,328,131,197,158,62,96,1,1,0,17,0,17,56,26,30,96,42,54,8,2,6
54206702,218,128,90,208,126,82,7,4,3,31,21,10,2,0,2,10,2,8,205,92,113,109,42,67,1,1,0,9,0,9,34,20,14,52,29,23,2,0,2
54207501,117,66,51,113,64,49,3,1,2,22,12,10,0,0,0,4,2,2,101,39,62,51,19,32,1,1,0,6,1,5,14,6,8,29,12,17,2,1,1
54207502,31,16,15,28,14,14,1,0,1,4,1,3,0,0,0,3,2,1,35,15,20,17,9,8,0,0,0,1,0,1,6,4,2,11,2,9,0,0,0
54210501,426,234,192,413,227,186,17,7,10,50,28,22,4,0,4,13,7,6,417,180,237,216,90,126,1,0,1,16,0,16,75,33,42,109,57,52,10,5,5
54210502,11,6,5,11,6,5,0,0,0,0,0,0,0,0,0,0,0,0,10,7,3,3,1,2,0,0,0,0,0,0,0,0,0,7,6,1,0,0,0
54211301,65,35,30,63,35,28,4,1,3,11,8,3,1,0,1,2,0,2,67,28,39,38,14,24,0,0,0,5,0,5,15,8,7,9,6,3,0,0,0
54211302,223,123,100,215,119,96,8,4,4,27,15,12,4,0,4,8,4,4,194,72,122,76,26,50,1,1,0,10,0,10,39,14,25,68,31,37,9,4,5
54211303,27,15,12,26,14,12,0,0,0,2,0,2,1,0,1,1,1,0,41,21,20,26,13,13,2,1,1,1,0,1,7,4,3,5,3,2,0,0,0
54212101,26,15,11,26,15,11,1,0,1,6,3,3,0,0,0,0,0,0,39,14,25,30,9,21,0,0,0,1,0,1,1,0,1,7,5,2,0,0,0
54212102,355,208,147,344,205,139,13,7,6,41,20,21,0,0,0,11,3,8,339,135,204,160,72,88,0,0,0,29,0,29,54,23,31,96,40,56,7,2,5
54213001,218,123,95,209,117,92,6,1,5,30,15,15,2,0,2,9,6,3,222,110,112,103,46,57,0,0,0,13,0,13,41,28,13,65,36,29,5,2,3
54216401,2714,1427,1287,2632,1383,1249,108,47,61,312,148,164,30,0,30,82,44,38,2485,1058,1427,1174,440,734,1,1,0,118,2,116,447,228,219,745,387,358,44,34,10
54216402,125,70,55,121,69,52,4,3,1,15,8,7,1,0,1,4,1,3,119,55,64,48,22,26,0,0,0,9,0,9,32,17,15,30,16,14,1,0,1
54216403,125,71,54,120,69,51,3,1,2,16,7,9,0,0,0,5,2,3,92,44,48,46,21,25,0,0,0,2,0,2,7,5,2,37,18,19,1,1,0
54218101,86,49,37,85,49,36,3,3,0,11,7,4,1,0,1,1,0,1,68,27,41,33,11,22,0,0,0,3,0,3,13,7,6,19,9,10,2,0,2
54219901,291,169,122,288,169,119,15,7,8,37,18,19,3,0,3,3,0,3,265,126,139,141,61,80,0,0,0,11,1,10,41,22,19,72,42,30,3,3,0
54220201,15,7,8,13,6,7,0,0,0,4,1,3,0,0,0,2,1,1,17,10,7,11,7,4,1,0,1,1,0,1,2,2,0,2,1,1,0,0,0
54220202,159,97,62,155,97,58,2,1,1,14,5,9,2,0,2,4,0,4,139,63,76,77,29,48,1,1,0,6,0,6,20,11,9,35,22,13,2,0,2
54220203,386,383,3,331,328,3,1,1,0,7,6,1,0,0,0,55,55,0,83,75,8,10,7,3,0,0,0,1,0,1,67,66,1,5,2,3,0,0,0
54221101,148,85,63,138,80,58,8,5,3,15,7,8,0,0,0,10,5,5,124,57,67,70,30,40,0,0,0,5,0,5,13,10,3,36,17,19,1,0,1
54222901,143,80,63,133,75,58,4,3,1,24,11,13,1,0,1,10,5,5,130,61,69,69,30,39,0,0,0,4,0,4,21,10,11,36,21,15,2,1,1
54223701,132,79,53,123,75,48,4,2,2,18,10,8,0,0,0,9,4,5,122,51,71,75,31,44,0,0,0,6,0,6,18,8,10,23,12,11,0,0,0
54225301,90,52,38,87,51,36,4,0,4,9,3,6,1,0,1,3,1,2,115,55,60,66,34,32,0,0,0,3,0,3,17,7,10,29,14,15,1,1,0
54227001,117,67,50,110,63,47,4,2,2,20,9,11,1,0,1,7,4,3,146,60,86,87,36,51,0,0,0,3,0,3,17,5,12,39,19,20,3,2,1
1369480,0,0,0,0,0,0,0,0,0,0,0,0,0,0,0,0,0,0,0,0,0,0,0,0,0,0,0,0,0,0,0,0,0,0,0,0,0,0,0
54228802,54,28,26,53,28,25,2,0,2,11,4,7,0,0,0,1,0,1,69,37,32,46,23,23,1,1,0,1,0,1,5,2,3,16,11,5,0,0,0
54232601,23,12,11,23,12,11,1,0,1,5,3,2,1,0,1,0,0,0,12,4,8,9,4,5,0,0,0,1,0,1,1,0,1,1,0,1,0,0,0
54232603,358,194,164,347,191,156,10,4,6,32,14,18,3,0,3,11,3,8,371,165,206,157,69,88,3,1,2,19,0,19,76,34,42,116,61,55,6,4,2
54233401,503,291,212,490,286,204,16,10,6,41,18,23,0,0,0,13,5,8,500,235,265,218,90,128,1,1,0,22,0,22,93,51,42,166,93,73,9,5,4
54235102,676,387,289,648,374,274,21,13,8,85,48,37,3,0,3,28,13,15,597,262,335,317,129,188,1,1,0,22,0,22,75,39,36,182,93,89,5,3,2
54235103,75,46,29,74,46,28,1,1,0,10,4,6,1,1,0,1,0,1,50,22,28,23,10,13,0,0,0,2,0,2,12,7,5,13,5,8,0,0,0
54236901,117,67,50,109,62,47,4,2,2,20,11,9,0,0,0,8,5,3,118,63,55,65,33,32,1,1,0,3,0,3,12,4,8,37,25,12,4,4,0
54237702,65,34,31,64,34,30,1,0,1,12,9,3,1,0,1,1,0,1,58,22,36,26,9,17,0,0,0,2,0,2,14,6,8,16,7,9,0,0,0
54237703,63,35,28,62,34,28,0,0,0,7,6,1,0,0,0,1,1,0,78,39,39,40,21,19,0,0,0,4,0,4,11,6,5,23,12,11,1,1,0
54237704,495,265,230,484,260,224,21,6,15,53,26,27,3,0,3,11,5,6,458,209,249,183,79,104,1,1,0,24,0,24,92,48,44,158,81,77,4,2,2
54238502,74,43,31,66,38,28,4,2,2,10,5,5,0,0,0,8,5,3,77,34,43,51,21,30,0,0,0,1,0,1,5,1,4,20,12,8,2,2,0
54241501,16,9,7,15,8,7,0,0,0,3,2,1,0,0,0,1,1,0,17,6,11,11,3,8,0,0,0,0,0,0,1,1,0,5,2,3,0,0,0
54241502,50,27,23,48,26,22,3,0,3,6,4,2,0,0,0,2,1,1,46,21,25,27,12,15,0,0,0,1,0,1,5,2,3,13,7,6,0,0,0
54241504,57,31,26,54,30,24,1,1,0,8,2,6,0,0,0,3,1,2,49,19,30,25,11,14,0,0,0,4,0,4,10,4,6,10,4,6,0,0,0
54241505,25,16,9,21,14,7,1,0,1,7,5,2,0,0,0,4,2,2,23,12,11,16,8,8,0,0,0,0,0,0,2,0,2,5,4,1,1,1,0
54241507,165,95,70,159,94,65,3,2,1,19,10,9,0,0,0,6,1,5,167,80,87,77,37,40,0,0,0,10,0,10,31,14,17,49,29,20,6,3,3
54241508,26,15,11,24,13,11,0,0,0,5,2,3,0,0,0,2,2,0,27,13,14,17,8,9,0,0,0,2,0,2,4,3,1,4,2,2,0,0,0
54243101,166,94,72,161,91,70,4,1,3,23,10,13,1,0,1,5,3,2,145,68,77,77,36,41,0,0,0,8,0,8,23,13,10,37,19,18,3,2,1
54245801,148,86,62,141,84,57,6,2,4,17,8,9,0,0,0,7,2,5,150,66,84,79,28,51,0,0,0,6,0,6,23,11,12,42,27,15,0,0,0
54245802,26,15,11,24,14,10,1,1,0,7,4,3,0,0,0,2,1,1,36,15,21,12,6,6,0,0,0,3,0,3,8,4,4,13,5,8,0,0,0
54246601,56,32,24,49,28,21,3,0,3,3,2,1,0,0,0,7,4,3,46,19,27,25,13,12,1,1,0,2,0,2,9,2,7,9,3,6,2,1,1
54246602,248,148,100,242,145,97,7,6,1,29,16,13,0,0,0,6,3,3,220,91,129,113,47,66,1,1,0,13,1,12,35,17,18,58,25,33,3,0,3
54247401,272,146,126,267,145,122,3,2,1,39,19,20,1,0,1,5,1,4,247,119,128,107,43,64,1,1,0,9,0,9,38,23,15,92,52,40,3,3,0
54250401,71,38,33,68,36,32,3,1,2,13,1,12,1,0,1,3,2,1,91,39,52,48,25,23,1,1,0,6,0,6,15,8,7,21,5,16,2,1,1
54251201,48,30,18,46,28,18,1,1,0,7,6,1,1,0,1,2,2,0,39,16,23,28,13,15,0,0,0,0,0,0,3,0,3,8,3,5,0,0,0
54251202,205,108,97,200,106,94,6,3,3,34,17,17,4,0,4,5,2,3,201,84,117,102,41,61,0,0,0,8,0,8,29,14,15,62,29,33,6,4,2
54256303,127,74,53,117,69,48,2,1,1,15,5,10,1,0,1,10,5,5,142,59,83,73,30,43,0,0,0,7,0,7,21,8,13,41,21,20,3,2,1
54256304,17,11,6,15,9,6,0,0,0,3,3,0,0,0,0,2,2,0,9,2,7,5,1,4,0,0,0,0,0,0,1,0,1,3,1,2,0,0,0
54259801,153,94,59,147,91,56,3,0,3,22,12,10,1,0,1,6,3,3,160,68,92,88,29,59,0,0,0,4,0,4,22,11,11,46,28,18,3,2,1
54260101,178,100,78,171,98,73,7,2,5,35,23,12,0,0,0,7,2,5,176,93,83,95,54,41,0,0,0,8,1,7,27,12,15,46,26,20,2,0,2
54261001,136,74,62,127,66,61,3,1,2,14,7,7,2,0,2,9,8,1,97,42,55,44,22,22,0,0,0,7,0,7,24,9,15,22,11,11,1,1,0
54261003,21,13,8,20,13,7,0,0,0,4,2,2,0,0,0,1,0,1,17,9,8,10,5,5,0,0,0,0,0,0,4,2,2,3,2,1,0,0,0
54261004,180,95,85,170,91,79,5,0,5,24,13,11,1,1,0,10,4,6,131,57,74,76,29,47,0,0,0,6,1,5,23,16,7,26,11,15,0,0,0
1183202,0,0,0,0,0,0,0,0,0,0,0,0,0,0,0,0,0,0,0,0,0,0,0,0,0,0,0,0,0,0,0,0,0,0,0,0,0,0,0
54424801,36,20,16,34,19,15,2,1,1,9,4,5,0,0,0,2,1,1,28,12,16,13,4,9,0,0,0,2,0,2,5,4,1,8,4,4,0,0,0
54424802,38,18,20,31,15,16,3,0,3,7,3,4,0,0,0,7,3,4,35,16,19,19,10,9,0,0,0,1,0,1,6,1,5,9,5,4,0,0,0
54424803,29,21,8,28,20,8,0,0,0,4,4,0,0,0,0,1,1,0,27,6,21,19,5,14,0,0,0,2,0,2,2,0,2,4,1,3,1,1,0
54424804,346,197,149,333,192,141,12,7,5,40,20,20,3,0,3,13,5,8,338,147,191,159,68,91,1,1,0,16,0,16,66,34,32,96,44,52,7,1,6
54424805,58,35,23,55,33,22,2,1,1,6,3,3,1,0,1,3,2,1,73,35,38,43,19,24,0,0,0,2,0,2,8,4,4,20,12,8,0,0,0
54424806,19,13,6,18,12,6,0,0,0,4,3,1,0,0,0,1,1,0,31,13,18,17,6,11,0,0,0,3,0,3,8,4,4,3,3,0,0,0,0
56504101,57,37,20,56,37,19,2,1,1,5,3,2,0,0,0,1,0,1,64,33,31,36,15,21,0,0,0,1,0,1,6,4,2,21,14,7,0,0,0
56513001,45,23,22,45,23,22,3,1,2,4,1,3,1,0,1,0,0,0,52,24,28,26,13,13,0,0,0,3,0,3,7,4,3,16,7,9,2,2,0
56518101,53,33,20,42,29,13,1,1,0,2,1,1,0,0,0,11,4,7,38,16,22,12,2,10,0,0,0,2,0,2,11,8,3,13,6,7,2,0,2
56518102,20,11,9,18,11,7,0,0,0,1,0,1,1,0,1,2,0,2,22,11,11,16,7,9,0,0,0,0,0,0,4,3,1,2,1,1,0,0,0
56518103,33,19,14,26,14,12,0,0,0,3,2,1,0,0,0,7,5,2,42,20,22,16,7,9,0,0,0,1,0,1,8,6,2,17,7,10,2,2,0
56519901,71,41,30,64,37,27,0,0,0,7,1,6,1,0,1,7,4,3,63,31,32,32,14,18,1,1,0,1,0,1,8,4,4,21,12,9,1,1,0
56520201,24,14,10,23,14,9,0,0,0,5,3,2,0,0,0,1,0,1,43,21,22,27,12,15,0,0,0,2,0,2,6,3,3,8,6,2,2,2,0
56526101,120,65,55,113,63,50,2,1,1,22,13,9,2,0,2,7,2,5,95,39,56,42,19,23,0,0,0,4,0,4,17,6,11,32,14,18,1,1,0
56527001,67,36,31,67,36,31,2,2,0,5,3,2,2,0,2,0,0,0,71,36,35,47,20,27,0,0,0,1,0,1,7,4,3,16,12,4,2,2,0
56528801,70,41,29,63,35,28,1,1,0,9,4,5,1,0,1,7,6,1,57,26,31,33,14,19,0,0,0,1,0,1,7,3,4,16,9,7,2,1,1
56532601,19,13,6,19,13,6,2,1,1,2,2,0,0,0,0,0,0,0,23,11,12,14,6,8,0,0,0,2,0,2,3,2,1,4,3,1,1,1,0
56533401,51,28,23,50,28,22,0,0,0,5,3,2,0,0,0,1,0,1,47,18,29,23,9,14,0,0,0,1,0,1,4,1,3,19,8,11,0,0,0
56533402,20,10,10,19,9,10,2,1,1,1,0,1,0,0,0,1,1,0,26,12,14,14,7,7,0,0,0,0,0,0,2,0,2,10,5,5,0,0,0
56535101,57,35,22,56,34,22,5,3,2,7,2,5,1,0,1,1,1,0,79,38,41,39,17,22,0,0,0,4,0,4,13,9,4,23,12,11,0,0,0
56536901,25,14,11,24,14,10,2,1,1,4,3,1,0,0,0,1,0,1,22,8,14,8,1,7,0,0,0,3,0,3,4,2,2,7,5,2,1,1,0
56536902,10,6,4,10,6,4,0,0,0,2,1,1,0,0,0,0,0,0,14,8,6,6,3,3,0,0,0,1,0,1,4,4,0,3,1,2,0,0,0
56537701,52,32,20,50,32,18,1,1,0,7,5,2,0,0,0,2,0,2,38,18,20,15,5,10,1,1,0,1,0,1,4,1,3,17,11,6,0,0,0
56538501,50,32,18,48,31,17,5,4,1,8,3,5,0,0,0,2,1,1,46,19,27,26,11,15,0,0,0,3,0,3,8,3,5,9,5,4,0,0,0
56540701,42,25,17,40,25,15,2,2,0,7,3,4,1,0,1,2,0,2,39,14,25,15,6,9,0,0,0,3,0,3,13,5,8,8,3,5,0,0,0
56542301,34,19,15,33,19,14,2,2,0,5,3,2,0,0,0,1,0,1,40,17,23,13,4,9,0,0,0,1,0,1,7,3,4,19,10,9,1,0,1
56544001,43,24,19,43,24,19,3,2,1,1,0,1,1,0,1,0,0,0,48,23,25,27,12,15,0,0,0,2,0,2,7,2,5,12,9,3,0,0,0
56544002,12,8,4,11,7,4,0,0,0,0,0,0,0,0,0,1,1,0,12,8,4,9,6,3,0,0,0,0,0,0,0,0,0,3,2,1,0,0,0
56546601,69,40,29,64,37,27,1,1,0,6,3,3,1,0,1,5,3,2,66,34,32,33,13,20,0,0,0,0,0,0,13,9,4,20,12,8,0,0,0
56546602,35,19,16,34,18,16,3,2,1,3,1,2,0,0,0,1,1,0,24,14,10,8,4,4,0,0,0,2,0,2,3,2,1,11,8,3,0,0,0
56550401,65,36,29,63,36,27,4,2,2,14,9,5,0,0,0,2,0,2,48,24,24,23,12,11,0,0,0,3,0,3,7,3,4,15,9,6,1,1,0
56551201,30,19,11,30,19,11,1,1,0,2,2,0,0,0,0,0,0,0,39,19,20,25,10,15,0,0,0,1,0,1,3,2,1,10,7,3,1,1,0
59849601,19,12,7,18,12,6,1,1,0,3,1,2,0,0,0,1,0,1,21,8,13,13,3,10,0,0,0,0,0,0,2,0,2,6,5,1,0,0,0
59849602,13,7,6,13,7,6,0,0,0,3,3,0,0,0,0,0,0,0,17,8,9,12,5,7,0,0,0,0,0,0,3,2,1,2,1,1,0,0,0
59849603,38,22,16,35,22,13,1,0,1,5,4,1,1,0,1,3,0,3,47,21,26,22,9,13,0,0,0,1,0,1,15,10,5,9,2,7,1,0,1
59850001,52,30,22,46,27,19,2,0,2,7,3,4,0,0,0,6,3,3,52,24,28,30,13,17,0,0,0,2,0,2,9,5,4,11,6,5,6,3,3
59851801,10,7,3,10,7,3,1,0,1,1,1,0,0,0,0,0,0,0,22,10,12,10,4,6,0,0,0,1,0,1,6,3,3,5,3,2,0,0,0
59851802,39,22,17,32,17,15,0,0,0,1,0,1,1,0,1,7,5,2,63,27,36,16,7,9,0,0,0,2,0,2,21,12,9,24,8,16,0,0,0
59852601,2,1,1,2,1,1,0,0,0,0,0,0,0,0,0,0,0,0,65,50,15,59,46,13,0,0,0,0,0,0,3,2,1,3,2,1,0,0,0
59852602,461,267,194,439,259,180,15,7,8,56,33,23,5,0,5,22,8,14,424,181,243,217,88,129,0,0,0,27,0,27,72,39,33,108,54,54,11,9,2
59852604,22,13,9,22,13,9,0,0,0,2,1,1,1,0,1,0,0,0,28,13,15,20,9,11,0,0,0,1,0,1,2,0,2,5,4,1,0,0,0
59857702,41,22,19,41,22,19,1,0,1,6,5,1,0,0,0,0,0,0,38,15,23,18,6,12,0,0,0,3,0,3,6,5,1,11,4,7,0,0,0
59858502,42,22,20,36,19,17,1,0,1,11,6,5,0,0,0,6,3,3,54,25,29,28,11,17,1,1,0,2,0,2,7,5,2,16,8,8,1,0,1
59976001,81,48,33,76,45,31,2,1,1,3,2,1,0,0,0,5,3,2,79,37,42,43,20,23,0,0,0,3,0,3,7,2,5,26,15,11,2,2,0
52972901,68,37,31,68,37,31,4,3,1,10,6,4,0,0,0,0,0,0,65,32,33,21,8,13,0,0,0,5,0,5,18,13,5,21,11,10,0,0,0
53517601,17,12,5,15,11,4,0,0,0,2,2,0,0,0,0,2,1,1,20,6,14,15,5,10,0,0,0,1,0,1,3,0,3,1,1,0,0,0,0
53517602,110,60,50,101,58,43,3,2,1,14,8,6,2,0,2,9,2,7,94,44,50,48,20,28,0,0,0,4,0,4,14,10,4,28,14,14,5,2,3
53520601,1272,696,576,1238,682,556,46,23,23,158,93,65,16,0,16,34,14,20,1514,638,876,831,308,523,5,3,2,61,1,60,208,116,92,409,210,199,14,11,3
53523101,93,49,44,91,48,43,3,1,2,10,4,6,2,0,2,2,1,1,82,48,34,41,21,20,0,0,0,2,0,2,13,9,4,26,18,8,0,0,0
53524901,180,102,78,175,98,77,10,3,7,20,14,6,3,0,3,5,4,1,156,74,82,63,27,36,0,0,0,7,0,7,29,13,16,57,34,23,2,1,1
53528101,125,72,53,124,72,52,3,1,2,23,17,6,0,0,0,1,0,1,87,29,58,31,10,21,1,1,0,6,0,6,21,11,10,28,7,21,1,1,0
53528102,49,26,23,47,24,23,1,0,1,6,2,4,0,0,0,2,2,0,34,14,20,15,7,8,0,0,0,1,0,1,6,2,4,12,5,7,2,1,1
53534601,55,33,22,52,32,20,2,2,0,7,6,1,0,0,0,3,1,2,55,29,26,30,14,16,0,0,0,4,0,4,6,3,3,15,12,3,1,0,1
53534602,21,12,9,20,12,8,1,1,0,4,3,1,2,0,2,1,0,1,18,11,7,4,2,2,2,1,1,0,0,0,3,2,1,9,6,3,0,0,0
53534603,168,96,72,163,94,69,9,5,4,26,13,13,1,0,1,5,2,3,122,56,66,49,21,28,0,0,0,9,0,9,25,13,12,39,22,17,0,0,0
53537101,103,61,42,101,59,42,3,0,3,9,7,2,1,0,1,2,2,0,104,42,62,40,15,25,0,0,0,6,0,6,19,9,10,39,18,21,2,1,1
53540101,113,64,49,111,62,49,5,2,3,10,6,4,1,0,1,2,2,0,100,36,64,50,19,31,0,0,0,5,0,5,17,7,10,28,10,18,0,0,0
53543501,185,102,83,175,96,79,7,2,5,21,12,9,2,0,2,10,6,4,164,75,89,79,35,44,0,0,0,9,0,9,32,17,15,44,23,21,2,1,1
53546001,53,29,24,52,29,23,2,1,1,6,4,2,1,0,1,1,0,1,48,18,30,17,6,11,0,0,0,1,0,1,9,5,4,21,7,14,2,0,2
53549401,263,140,123,256,137,119,11,4,7,34,20,14,3,0,3,7,3,4,244,120,124,89,41,48,0,0,0,14,0,14,55,37,18,86,42,44,1,1,0
53552402,90,50,40,88,50,38,5,1,4,8,4,4,0,0,0,2,0,2,72,31,41,35,15,20,0,0,0,2,0,2,10,6,4,25,10,15,1,0,1
53554101,111,58,53,107,58,49,8,3,5,9,4,5,1,0,1,4,0,4,86,34,52,30,11,19,0,0,0,6,0,6,16,6,10,34,17,17,0,0,0
53554102,39,19,20,37,17,20,2,1,1,6,3,3,0,0,0,2,2,0,26,8,18,9,3,6,0,0,0,2,0,2,5,1,4,10,4,6,1,0,1
53554103,18,12,6,17,12,5,1,1,0,3,2,1,0,0,0,1,0,1,11,6,5,7,3,4,0,0,0,0,0,0,1,1,0,3,2,1,0,0,0
53557501,59,39,20,57,38,19,2,2,0,8,5,3,0,0,0,2,1,1,51,24,27,25,12,13,0,0,0,4,0,4,9,6,3,13,6,7,0,0,0
53559101,124,70,54,121,69,52,5,2,3,10,7,3,0,0,0,3,1,2,107,50,57,43,19,24,0,0,0,4,0,4,16,9,7,44,22,22,3,0,3
53559102,20,12,8,19,12,7,1,0,1,4,2,2,0,0,0,1,0,1,4,1,3,4,1,3,0,0,0,0,0,0,0,0,0,0,0,0,0,0,0
53561301,73,39,34,70,38,32,5,2,3,1,0,1,1,0,1,3,1,2,62,26,36,19,7,12,0,0,0,4,0,4,11,6,5,28,13,15,1,1,0
53564801,177,105,72,174,104,70,6,6,0,18,11,7,1,0,1,3,1,2,153,70,83,67,30,37,2,2,0,7,0,7,26,12,14,51,26,25,2,1,1
53564802,27,18,9,27,18,9,2,0,2,1,1,0,0,0,0,0,0,0,30,12,18,12,5,7,0,0,0,1,0,1,3,0,3,14,7,7,1,1,0
53564803,160,82,78,158,82,76,7,4,3,25,14,11,2,0,2,2,0,2,137,63,74,55,24,31,2,2,0,6,0,6,22,13,9,52,24,28,1,1,0
53564804,42,20,22,41,20,21,1,1,0,3,0,3,1,0,1,1,0,1,33,12,21,16,5,11,0,0,0,1,0,1,6,2,4,10,5,5,0,0,0
53566401,180,90,90,179,89,90,12,7,5,18,7,11,4,0,4,1,1,0,145,64,81,53,24,29,0,0,0,8,0,8,31,15,16,53,25,28,0,0,0
53568101,9,6,3,6,4,2,1,0,1,0,0,0,0,0,0,3,2,1,12,7,5,9,5,4,0,0,0,0,0,0,1,1,0,2,1,1,0,0,0
53568102,47,27,20,45,26,19,2,1,1,8,6,2,0,0,0,2,1,1,40,16,24,19,8,11,1,0,1,1,0,1,8,4,4,11,4,7,0,0,0
53568103,25,15,10,25,15,10,0,0,0,7,4,3,1,0,1,0,0,0,16,7,9,3,1,2,0,0,0,2,0,2,9,5,4,2,1,1,1,0,1
53569901,106,63,43,103,61,42,4,2,2,17,10,7,1,0,1,3,2,1,90,45,45,49,23,26,0,0,0,3,0,3,17,9,8,21,13,8,4,2,2
53569902,37,24,13,36,24,12,0,0,0,1,0,1,0,0,0,1,0,1,41,15,26,23,13,10,0,0,0,2,0,2,10,1,9,6,1,5,0,0,0
53573701,347,189,158,335,186,149,24,13,11,32,13,19,3,0,3,12,3,9,250,117,133,77,36,41,1,1,0,9,0,9,54,28,26,109,52,57,4,1,3
53575301,332,184,148,322,178,144,18,11,7,33,18,15,3,1,2,10,6,4,270,126,144,97,45,52,1,0,1,14,0,14,54,28,26,104,53,51,8,5,3
53576101,33,19,14,31,18,13,3,1,2,2,1,1,0,0,0,2,1,1,25,12,13,8,4,4,0,0,0,2,0,2,8,4,4,7,4,3,0,0,0
53576102,202,121,81,194,118,76,10,5,5,20,11,9,0,0,0,8,3,5,162,66,96,46,19,27,1,1,0,17,0,17,50,22,28,48,24,24,4,3,1
53578801,112,65,47,106,63,43,5,2,3,21,13,8,1,0,1,6,2,4,81,41,40,48,22,26,0,0,0,1,0,1,10,5,5,22,14,8,0,0,0
53578802,70,39,31,70,39,31,5,1,4,11,8,3,2,0,2,0,0,0,49,19,30,18,9,9,1,1,0,4,0,4,10,4,6,16,5,11,1,0,1
53578803,57,34,23,55,33,22,1,1,0,4,3,1,0,0,0,2,1,1,54,20,34,16,7,9,0,0,0,4,0,4,14,7,7,20,6,14,0,0,0
53579601,267,147,120,259,141,118,11,5,6,29,13,16,3,0,3,8,6,2,178,81,97,69,36,33,1,1,0,8,0,8,42,25,17,58,19,39,3,1,2
53580001,52,27,25,52,27,25,0,0,0,6,2,4,0,0,0,0,0,0,36,12,24,8,3,5,0,0,0,3,0,3,9,4,5,16,5,11,2,1,1
53580002,49,27,22,49,27,22,0,0,0,5,3,2,1,0,1,0,0,0,150,83,67,114,62,52,0,0,0,0,0,0,10,8,2,26,13,13,2,0,2
53580003,185,96,89,182,95,87,7,3,4,20,8,12,1,0,1,3,1,2,146,72,74,49,21,28,1,1,0,6,0,6,31,19,12,59,31,28,0,0,0
53582601,333,177,156,325,174,151,14,7,7,48,27,21,3,0,3,8,3,5,273,124,149,120,50,70,0,0,0,7,0,7,44,25,19,102,49,53,4,2,2
53582602,202,113,89,197,112,85,7,4,3,8,3,5,4,0,4,5,1,4,184,75,109,13,4,9,0,0,0,23,0,23,81,34,47,67,37,30,1,0,1
53584202,58,29,29,58,29,29,0,0,0,10,6,4,0,0,0,0,0,0,59,27,32,29,13,16,0,0,0,1,0,1,12,7,5,17,7,10,0,0,0
53585101,82,44,38,81,44,37,3,1,2,8,5,3,0,0,0,1,0,1,69,29,40,33,12,21,0,0,0,3,0,3,8,5,3,25,12,13,0,0,0
53587702,99,48,51,98,48,50,2,1,1,12,4,8,0,0,0,1,0,1,97,44,53,37,19,18,0,0,0,5,0,5,20,11,9,35,14,21,0,0,0
53587703,48,27,21,44,25,19,3,1,2,3,2,1,0,0,0,4,2,2,28,11,17,13,4,9,0,0,0,0,0,0,5,1,4,10,6,4,0,0,0
53587705,24,15,9,23,14,9,0,0,0,0,0,0,1,0,1,1,1,0,28,15,13,13,8,5,0,0,0,1,0,1,6,4,2,8,3,5,0,0,0
53587706,24,15,9,21,12,9,1,0,1,1,1,0,0,0,0,3,3,0,7,3,4,3,1,2,0,0,0,1,0,1,1,0,1,2,2,0,0,0,0
53589301,43,24,19,43,24,19,2,0,2,3,1,2,0,0,0,0,0,0,34,12,22,13,5,8,0,0,0,2,0,2,7,3,4,12,4,8,0,0,0
53589302,205,115,90,198,112,86,7,3,4,28,13,15,5,1,4,7,3,4,171,87,84,60,30,30,2,0,2,6,0,6,32,22,10,71,35,36,3,3,0
53590701,31,19,12,28,18,10,3,3,0,4,3,1,0,0,0,3,1,2,26,10,16,9,1,8,0,0,0,1,0,1,4,2,2,12,7,5,4,3,1
53590702,110,58,52,107,56,51,4,2,2,3,2,1,3,0,3,3,2,1,101,57,44,39,17,22,1,1,0,2,0,2,21,17,4,38,22,16,4,1,3
53591501,20,14,6,19,13,6,1,1,0,5,3,2,0,0,0,1,1,0,22,10,12,12,6,6,0,0,0,1,0,1,4,1,3,5,3,2,1,1,0
53594001,113,66,47,110,64,46,7,2,5,15,10,5,3,0,3,3,2,1,98,50,48,45,23,22,0,0,0,7,0,7,21,14,7,25,13,12,2,2,0
53595801,165,89,76,155,84,71,6,3,3,12,10,2,1,0,1,10,5,5,141,59,82,55,21,34,0,0,0,8,0,8,28,10,18,50,28,22,3,1,2
53598201,115,67,48,108,64,44,2,1,1,15,9,6,0,0,0,7,3,4,100,42,58,43,16,27,1,1,0,6,0,6,18,9,9,32,16,16,7,3,4
53598202,9,6,3,7,5,2,0,0,0,0,0,0,0,0,0,2,1,1,11,4,7,3,2,1,0,0,0,2,0,2,5,2,3,1,0,1,0,0,0
53598203,31,19,12,29,18,11,1,1,0,3,1,2,0,0,0,2,1,1,39,15,24,21,10,11,0,0,0,4,0,4,6,2,4,8,3,5,0,0,0
53599101,116,66,50,111,63,48,2,0,2,9,6,3,0,0,0,5,3,2,98,40,58,39,17,22,0,0,0,5,0,5,13,4,9,41,19,22,1,1,0
53599102,54,29,25,51,27,24,0,0,0,5,3,2,1,0,1,3,2,1,35,16,19,9,3,6,0,0,0,2,0,2,11,7,4,13,6,7,0,0,0
53599103,168,93,75,163,90,73,9,5,4,15,6,9,1,0,1,5,3,2,123,59,64,63,29,34,0,0,0,3,0,3,16,9,7,41,21,20,1,0,1
53599104,11,8,3,10,7,3,0,0,0,0,0,0,0,0,0,1,1,0,19,6,13,5,2,3,0,0,0,3,0,3,4,2,2,7,2,5,0,0,0
53601601,238,131,107,232,127,105,7,4,3,21,12,9,0,0,0,6,4,2,228,109,119,113,50,63,1,1,0,9,0,9,30,16,14,75,42,33,2,2,0
53603201,31,18,13,30,17,13,1,1,0,5,3,2,1,0,1,1,1,0,22,11,11,11,5,6,0,0,0,0,0,0,5,1,4,6,5,1,2,1,1
53605901,27,15,12,25,14,11,2,1,1,0,0,0,0,0,0,2,1,1,19,8,11,10,5,5,0,0,0,2,0,2,5,2,3,2,1,1,0,0,0
53605902,64,34,30,60,31,29,2,0,2,4,2,2,0,0,0,4,3,1,60,27,33,23,11,12,0,0,0,2,1,1,15,5,10,20,10,10,2,2,0
53607501,86,51,35,83,50,33,6,2,4,3,1,2,1,0,1,3,1,2,88,36,52,31,13,18,0,0,0,4,0,4,16,9,7,37,14,23,4,3,1
53610501,15,11,4,14,10,4,0,0,0,5,4,1,0,0,0,1,1,0,17,4,13,8,3,5,0,0,0,2,0,2,3,1,2,4,0,4,0,0,0
53610502,17,9,8,17,9,8,0,0,0,3,2,1,0,0,0,0,0,0,15,3,12,10,2,8,0,0,0,1,0,1,1,1,0,3,0,3,0,0,0
53610503,23,13,10,22,12,10,2,0,2,1,1,0,0,0,0,1,1,0,22,6,16,11,4,7,0,0,0,4,0,4,7,2,5,0,0,0,0,0,0
53615601,51,34,17,49,33,16,1,1,0,7,5,2,1,0,1,2,1,1,60,23,37,24,8,16,2,1,1,8,0,8,14,8,6,12,6,6,0,0,0
53619901,58,29,29,56,27,29,2,0,2,5,3,2,1,0,1,2,2,0,55,27,28,24,11,13,0,0,0,2,0,2,11,6,5,18,10,8,1,1,0
0219890,0,0,0,0,0,0,0,0,0,0,0,0,0,0,0,0,0,0,0,0,0,0,0,0,0,0,0,0,0,0,0,0,0,0,0,0,0,0,0
0220120,0,0,0,0,0,0,0,0,0,0,0,0,0,0,0,0,0,0,0,0,0,0,0,0,0,0,0,0,0,0,0,0,0,0,0,0,0,0,0
0221010,0,0,0,0,0,0,0,0,0,0,0,0,0,0,0,0,0,0,0,0,0,0,0,0,0,0,0,0,0,0,0,0,0,0,0,0,0,0,0
0221360,0,0,0,0,0,0,0,0,0,0,0,0,0,0,0,0,0,0,0,0,0,0,0,0,0,0,0,0,0,0,0,0,0,0,0,0,0,0,0
0221610,0,0,0,0,0,0,0,0,0,0,0,0,0,0,0,0,0,0,0,0,0,0,0,0,0,0,0,0,0,0,0,0,0,0,0,0,0,0,0
0222332,0,0,0,0,0,0,0,0,0,0,0,0,0,0,0,0,0,0,0,0,0,0,0,0,0,0,0,0,0,0,0,0,0,0,0,0,0,0,0
0225270,0,0,0,0,0,0,0,0,0,0,0,0,0,0,0,0,0,0,0,0,0,0,0,0,0,0,0,0,0,0,0,0,0,0,0,0,0,0,0
3311800,0,0,0,0,0,0,0,0,0,0,0,0,0,0,0,0,0,0,0,0,0,0,0,0,0,0,0,0,0,0,0,0,0,0,0,0,0,0,0
54425601,1650,991,659,1490,880,610,76,39,37,158,89,69,11,0,11,160,111,49,912,426,486,331,156,175,6,4,2,28,0,28,237,106,131,310,160,150,462,318,144
54425603,116,61,55,111,59,52,8,5,3,6,2,4,0,0,0,5,2,3,73,34,39,27,11,16,0,0,0,6,0,6,16,11,5,24,12,12,1,0,1
54425604,615,323,292,587,309,278,42,18,24,56,36,20,12,0,12,28,14,14,424,183,241,143,50,93,2,2,0,35,0,35,118,67,51,126,64,62,22,11,11
54425605,527,255,272,517,254,263,33,13,20,21,9,12,5,0,5,10,1,9,329,151,178,58,22,36,4,2,2,26,0,26,116,66,50,125,61,64,14,3,11
54425606,320,171,149,317,168,149,17,10,7,53,35,18,4,0,4,3,3,0,240,108,132,109,44,65,0,0,0,10,0,10,50,24,26,71,40,31,2,0,2
54425607,154,80,74,149,79,70,13,7,6,20,15,5,3,0,3,5,1,4,105,54,51,34,16,18,0,0,0,3,0,3,24,13,11,44,25,19,0,0,0
54425608,4709,2416,2293,4565,2355,2210,196,92,104,728,342,386,40,0,40,144,61,83,4660,1876,2784,2737,993,1744,13,10,3,200,3,197,668,331,337,1042,539,503,59,40,19
54425609,8633,4346,4287,8194,4148,4046,435,187,248,1109,455,654,56,0,56,439,198,241,5957,2510,3447,2563,955,1608,15,12,3,316,2,314,1176,581,595,1887,960,927,194,110,84
54425610,337,185,152,327,180,147,63,37,26,13,7,6,8,1,7,10,5,5,195,72,123,30,8,22,0,0,0,15,1,14,56,26,30,94,37,57,4,2,2
54425611,2407,1285,1122,2319,1239,1080,152,64,88,327,153,174,20,0,20,88,46,42,2205,885,1320,1316,494,822,3,3,0,105,3,102,315,146,169,466,239,227,45,27,18
54425612,15,8,7,15,8,7,1,1,0,2,1,1,0,0,0,0,0,0,10,4,6,3,1,2,0,0,0,0,0,0,1,1,0,6,2,4,0,0,0
54425613,117,62,55,115,61,54,7,3,4,4,1,3,1,0,1,2,1,1,53,19,34,18,6,12,0,0,0,7,0,7,15,5,10,13,8,5,0,0,0
54425614,748,406,342,721,390,331,45,25,20,114,53,61,6,0,6,27,16,11,721,326,395,403,165,238,5,3,2,25,0,25,100,54,46,188,104,84,9,4,5
54425615,627,325,302,614,317,297,26,12,14,72,37,35,2,0,2,13,8,5,481,207,274,159,63,96,1,1,0,19,0,19,72,36,36,230,107,123,4,0,4
54425616,509,277,232,499,273,226,23,12,11,53,33,20,5,0,5,10,4,6,395,170,225,76,27,49,0,0,0,15,0,15,96,45,51,208,98,110,5,2,3
54425617,1954,1020,934,1868,983,885,124,57,67,150,66,84,11,0,11,86,37,49,1202,548,654,379,171,208,7,3,4,72,0,72,272,139,133,472,235,237,60,26,34
54425618,2407,1286,1121,2186,1150,1036,133,50,83,241,123,118,18,0,18,221,136,85,1573,663,910,570,249,321,7,3,4,99,0,99,380,165,215,517,246,271,64,35,29
54425619,2815,1453,1362,2731,1413,1318,149,71,78,261,118,143,18,0,18,84,40,44,2444,982,1462,1282,473,809,7,4,3,110,0,110,423,203,220,622,302,320,39,20,19
54425620,87,45,42,86,45,41,9,2,7,19,10,9,0,0,0,1,0,1,62,24,38,33,13,20,0,0,0,1,0,1,7,3,4,21,8,13,0,0,0
54425621,2338,1248,1090,2246,1201,1045,120,54,66,242,111,131,22,0,22,92,47,45,1816,733,1083,1008,387,621,9,7,2,102,0,102,321,154,167,376,185,191,36,22,14
54425623,1019,554,465,986,532,454,34,13,21,158,86,72,4,0,4,33,22,11,908,404,504,490,214,276,1,1,0,43,0,43,131,68,63,243,121,122,6,3,3
54425624,1741,852,889,1674,827,847,110,46,64,170,69,101,14,0,14,67,25,42,1643,637,1006,965,329,636,2,2,0,66,0,66,239,113,126,371,193,178,31,14,17
54425625,1160,598,562,1123,579,544,81,33,48,133,57,76,13,0,13,37,19,18,1027,398,629,592,214,378,1,0,1,49,0,49,147,68,79,238,116,122,25,10,15
54425627,321,170,151,310,166,144,17,5,12,32,13,19,2,0,2,11,4,7,220,102,118,108,50,58,0,0,0,11,0,11,40,18,22,61,34,27,2,0,2
54425628,322,193,129,309,186,123,19,11,8,38,24,14,4,0,4,13,7,6,243,113,130,100,52,48,0,0,0,8,0,8,37,20,17,98,41,57,3,2,1
54425629,339,190,149,315,176,139,13,4,9,37,21,16,1,0,1,24,14,10,185,71,114,82,34,48,1,0,1,9,0,9,38,19,19,55,18,37,4,1,3
54425630,74,43,31,50,34,16,1,1,0,6,2,4,0,0,0,24,9,15,64,29,35,19,10,9,1,1,0,1,0,1,15,5,10,28,13,15,0,0,0
54425631,84,79,5,84,79,5,0,0,0,3,3,0,1,0,1,0,0,0,4,1,3,2,0,2,0,0,0,0,0,0,2,1,1,0,0,0,4,2,2
54425632,182,101,81,177,97,80,7,3,4,28,14,14,0,0,0,5,4,1,159,70,89,82,34,48,2,2,0,6,0,6,16,8,8,53,26,27,0,0,0
54425633,34,19,15,33,18,15,3,3,0,0,0,0,2,0,2,1,1,0,12,4,8,1,0,1,0,0,0,2,0,2,9,4,5,0,0,0,0,0,0
54425634,459,237,222,441,230,211,21,6,15,54,31,23,1,0,1,18,7,11,339,151,188,135,52,83,0,0,0,10,0,10,51,27,24,143,72,71,6,2,4
54425635,31,16,15,29,14,15,2,0,2,5,2,3,0,0,0,2,2,0,19,13,6,11,8,3,0,0,0,1,0,1,1,1,0,6,4,2,0,0,0
54425636,246,134,112,244,134,110,8,4,4,29,12,17,1,0,1,2,0,2,222,92,130,103,40,63,0,0,0,12,0,12,39,19,20,68,33,35,7,3,4
54425637,70,39,31,66,37,29,4,4,0,7,3,4,0,0,0,4,2,2,75,37,38,35,15,20,1,1,0,2,0,2,11,6,5,26,15,11,1,1,0
54425639,1429,764,665,1382,743,639,80,45,35,158,77,81,8,0,8,47,21,26,1235,530,705,610,237,373,6,3,3,62,2,60,212,103,109,345,185,160,11,3,8
54425640,115,67,48,111,65,46,6,4,2,13,6,7,1,0,1,4,2,2,72,35,37,26,12,14,0,0,0,4,0,4,13,7,6,29,16,13,0,0,0
54425641,1668,890,778,1628,866,762,79,36,43,201,107,94,20,0,20,40,24,16,1611,696,915,876,358,518,6,3,3,61,2,59,240,124,116,428,209,219,16,8,8
54425642,329,167,162,323,165,158,14,8,6,33,18,15,1,0,1,6,2,4,231,112,119,63,28,35,2,1,1,11,0,11,38,16,22,117,67,50,2,1,1
54425643,55,31,24,55,31,24,4,1,3,8,4,4,0,0,0,0,0,0,49,21,28,18,6,12,1,1,0,2,0,2,6,4,2,22,10,12,0,0,0
54425644,158,84,74,157,84,73,10,8,2,8,4,4,0,0,0,1,0,1,138,79,59,40,17,23,0,0,0,3,0,3,17,15,2,78,47,31,2,1,1
54425645,214,117,97,206,114,92,10,6,4,21,11,10,2,0,2,8,3,5,214,87,127,126,54,72,0,0,0,10,0,10,26,14,12,52,19,33,1,1,0
54425646,260,150,110,244,143,101,8,3,5,23,13,10,1,0,1,16,7,9,87,38,49,29,12,17,0,0,0,4,0,4,18,12,6,36,14,22,8,5,3
54425647,41,21,20,41,21,20,5,2,3,2,1,1,0,0,0,0,0,0,26,13,13,11,4,7,0,0,0,0,0,0,3,2,1,12,7,5,0,0,0
54425649,1341,718,623,1299,697,602,78,35,43,176,83,93,15,0,15,42,21,21,1141,476,665,560,204,356,1,0,1,54,2,52,195,102,93,331,168,163,21,12,9
54425650,227,112,115,219,107,112,17,8,9,16,8,8,2,0,2,8,5,3,158,79,79,44,21,23,0,0,0,7,1,6,38,17,21,69,40,29,3,0,3
54425651,903,463,440,868,449,419,47,16,31,113,59,54,6,1,5,35,14,21,813,354,459,378,151,227,5,3,2,28,0,28,147,78,69,255,122,133,10,5,5
54425653,450,259,191,438,252,186,21,8,13,56,35,21,1,0,1,12,7,5,401,175,226,208,91,117,0,0,0,21,0,21,65,33,32,107,51,56,1,1,0
54425654,202,114,88,197,112,85,8,4,4,17,10,7,2,0,2,5,2,3,182,83,99,39,21,18,0,0,0,17,0,17,61,26,35,65,36,29,0,0,0
54425655,1562,833,729,1481,782,699,99,48,51,135,64,71,15,0,15,81,51,30,969,414,555,374,144,230,5,3,2,56,0,56,211,100,111,323,167,156,33,16,17
54425656,157,86,71,152,84,68,3,3,0,28,16,12,3,0,3,5,2,3,109,51,58,39,12,27,2,1,1,7,0,7,26,16,10,35,22,13,5,4,1
54425657,62,32,30,60,32,28,4,3,1,4,2,2,1,0,1,2,0,2,28,11,17,8,3,5,0,0,0,4,0,4,8,3,5,8,5,3,1,0,1
54425658,119,104,15,115,100,15,3,1,2,3,2,1,0,0,0,4,4,0,156,109,47,23,9,14,0,0,0,1,0,1,116,97,19,16,3,13,1,0,1
54425659,9,6,3,7,4,3,0,0,0,1,1,0,0,0,0,2,2,0,19,5,14,19,5,14,0,0,0,0,0,0,0,0,0,0,0,0,0,0,0
54425660,28,16,12,27,16,11,0,0,0,4,2,2,0,0,0,1,0,1,22,10,12,4,1,3,1,1,0,1,0,1,3,1,2,13,7,6,0,0,0
54425662,1432,760,672,1375,735,640,73,34,39,176,79,97,4,0,4,57,25,32,1428,567,861,863,320,543,7,5,2,59,0,59,209,101,108,290,141,149,17,12,5
54425663,606,320,286,587,312,275,33,16,17,65,33,32,9,0,9,19,8,11,482,200,282,194,72,122,2,2,0,23,0,23,92,38,54,171,88,83,2,1,1
54425664,211,121,90,205,119,86,11,7,4,23,14,9,0,0,0,6,2,4,151,60,91,56,21,35,0,0,0,8,0,8,31,13,18,56,26,30,2,0,2
54425665,1671,865,806,1639,849,790,94,40,54,201,101,100,18,0,18,32,16,16,1646,708,938,837,342,495,4,3,1,62,0,62,246,125,121,497,238,259,13,6,7
54425666,1945,1015,930,1894,987,907,95,42,53,234,108,126,22,0,22,51,28,23,1674,697,977,842,311,531,4,2,2,79,0,79,312,161,151,437,223,214,26,16,10
54427201,799,416,383,782,410,372,40,19,21,93,49,44,1,0,1,17,6,11,714,313,401,320,124,196,3,1,2,29,0,29,109,48,61,253,140,113,8,5,3
1684322,0,0,0,0,0,0,0,0,0,0,0,0,0,0,0,0,0,0,0,0,0,0,0,0,0,0,0,0,0,0,0,0,0,0,0,0,0,0,0
54428101,1454,753,701,1415,731,684,63,25,38,150,74,76,15,0,15,39,22,17,1355,601,754,628,257,371,3,2,1,65,2,63,244,131,113,415,209,206,19,12,7
54428102,222,128,94,218,126,92,14,6,8,16,5,11,2,0,2,4,2,2,196,83,113,83,31,52,0,0,0,12,0,12,39,22,17,62,30,32,0,0,0
54428103,20,12,8,20,12,8,0,0,0,5,4,1,0,0,0,0,0,0,21,12,9,12,5,7,0,0,0,1,0,1,3,3,0,5,4,1,0,0,0
54428104,65,35,30,61,34,27,0,0,0,3,0,3,0,0,0,4,1,3,77,37,40,37,18,19,0,0,0,5,0,5,14,8,6,21,11,10,1,0,1
54428105,125,70,55,122,67,55,6,2,4,19,10,9,1,0,1,3,3,0,124,56,68,60,27,33,1,0,1,3,0,3,20,10,10,40,19,21,1,0,1
54428106,46,28,18,44,28,16,0,0,0,4,3,1,0,0,0,2,0,2,48,20,28,27,11,16,0,0,0,2,0,2,10,4,6,9,5,4,0,0,0
54428107,54,27,27,54,27,27,1,0,1,5,2,3,0,0,0,0,0,0,48,18,30,15,6,9,0,0,0,3,0,3,7,1,6,23,11,12,0,0,0
54428108,89,48,41,86,48,38,4,3,1,11,5,6,1,0,1,3,0,3,75,35,40,33,18,15,0,0,0,3,0,3,12,5,7,27,12,15,0,0,0
54429901,540,292,248,525,283,242,31,13,18,49,26,23,5,0,5,15,9,6,413,162,251,119,44,75,2,1,1,16,0,16,74,35,39,202,82,120,6,4,2
54429902,170,80,90,169,80,89,13,7,6,8,4,4,1,0,1,1,0,1,115,54,61,24,13,11,0,0,0,4,0,4,20,10,10,67,31,36,1,0,1
54429903,19,8,11,18,7,11,2,1,1,1,1,0,0,0,0,1,1,0,17,9,8,5,3,2,0,0,0,2,0,2,3,2,1,7,4,3,1,0,1
54429904,294,151,143,283,146,137,15,8,7,28,9,19,2,0,2,11,5,6,282,130,152,96,45,51,1,1,0,14,0,14,62,31,31,109,53,56,4,2,2
54429905,17,7,10,15,7,8,0,0,0,3,1,2,0,0,0,2,0,2,13,9,4,8,5,3,0,0,0,0,0,0,2,1,1,3,3,0,0,0,0
54429906,12,8,4,12,8,4,0,0,0,0,0,0,0,0,0,0,0,0,11,6,5,6,3,3,0,0,0,1,0,1,2,1,1,2,2,0,0,0,0
54429907,63,33,30,60,33,27,1,0,1,9,6,3,0,0,0,3,0,3,64,32,32,13,5,8,0,0,0,5,0,5,19,11,8,27,16,11,0,0,0
54432901,213,115,98,208,113,95,14,9,5,21,14,7,4,0,4,5,2,3,173,85,88,57,27,30,0,0,0,7,0,7,40,20,20,69,38,31,3,1,2
54436101,32,18,14,31,18,13,1,0,1,3,3,0,0,0,0,1,0,1,38,16,22,21,7,14,0,0,0,1,0,1,3,2,1,13,7,6,1,0,1
54436102,93,51,42,93,51,42,3,1,2,7,2,5,1,0,1,0,0,0,65,30,35,41,18,23,0,0,0,1,0,1,8,5,3,15,7,8,2,2,0
54436103,38,22,16,36,21,15,1,1,0,5,1,4,0,0,0,2,1,1,25,9,16,12,4,8,0,0,0,2,0,2,6,3,3,5,2,3,1,0,1
54436104,40,20,20,38,20,18,0,0,0,6,1,5,2,0,2,2,0,2,47,26,21,24,11,13,0,0,0,3,0,3,7,6,1,13,9,4,0,0,0
54436105,35,24,11,34,24,10,2,1,1,6,6,0,1,0,1,1,0,1,25,13,12,9,4,5,0,0,0,1,0,1,5,3,2,10,6,4,0,0,0
54436106,63,29,34,60,28,32,0,0,0,5,2,3,0,0,0,3,1,2,46,22,24,24,10,14,0,0,0,1,0,1,7,3,4,14,9,5,0,0,0
54438801,676,374,302,657,363,294,21,10,11,59,32,27,10,0,10,19,11,8,546,232,314,205,74,131,1,0,1,38,0,38,109,60,49,193,98,95,11,7,4
54438802,19,12,7,19,12,7,0,0,0,1,0,1,0,0,0,0,0,0,17,8,9,9,4,5,0,0,0,1,0,1,3,2,1,4,2,2,1,0,1
54438803,23,13,10,22,12,10,0,0,0,3,1,2,0,0,0,1,1,0,26,15,11,19,10,9,0,0,0,0,0,0,0,0,0,7,5,2,0,0,0
54438804,22,14,8,22,14,8,0,0,0,1,1,0,1,0,1,0,0,0,20,13,7,9,4,5,0,0,0,0,0,0,2,2,0,9,7,2,0,0,0
54438806,22,14,8,22,14,8,1,1,0,3,1,2,1,0,1,0,0,0,25,8,17,12,3,9,0,0,0,3,0,3,6,1,5,4,4,0,0,0,0
54438807,51,28,23,51,28,23,4,2,2,7,5,2,1,0,1,0,0,0,45,19,26,25,7,18,0,0,0,1,0,1,5,3,2,14,9,5,0,0,0
54438808,53,31,22,51,30,21,4,3,1,8,5,3,1,0,1,2,1,1,43,22,21,23,11,12,0,0,0,2,0,2,7,4,3,11,7,4,1,0,1
54438809,37,17,20,37,17,20,4,0,4,5,1,4,0,0,0,0,0,0,25,8,17,9,3,6,1,0,1,1,0,1,3,0,3,11,5,6,0,0,0
54440001,24,13,11,24,13,11,3,2,1,2,1,1,0,0,0,0,0,0,19,9,10,12,5,7,0,0,0,0,0,0,2,1,1,5,3,2,0,0,0
54440002,26,13,13,25,13,12,0,0,0,3,2,1,1,0,1,1,0,1,15,3,12,4,0,4,0,0,0,0,0,0,5,0,5,6,3,3,1,1,0
54440003,53,34,19,51,33,18,1,1,0,6,4,2,0,0,0,2,1,1,48,17,31,27,9,18,0,0,0,1,0,1,10,5,5,10,3,7,0,0,0
54440004,165,94,71,161,92,69,8,3,5,13,9,4,2,0,2,4,2,2,129,58,71,53,21,32,0,0,0,8,0,8,30,17,13,38,20,18,2,2,0
54442601,87,50,37,84,49,35,1,0,1,8,7,1,1,0,1,3,1,2,83,36,47,32,12,20,0,0,0,4,0,4,15,8,7,32,16,16,0,0,0
54442602,366,207,159,350,197,153,12,8,4,24,12,12,3,0,3,16,10,6,332,147,185,94,38,56,1,1,0,27,0,27,78,44,34,132,64,68,8,2,6
54442604,89,47,42,84,44,40,4,0,4,15,9,6,0,0,0,5,3,2,74,30,44,31,11,20,0,0,0,2,0,2,16,5,11,25,14,11,0,0,0
54442605,72,42,30,71,41,30,2,1,1,8,4,4,0,0,0,1,1,0,82,32,50,39,15,24,0,0,0,5,0,5,14,8,6,24,9,15,2,1,1
54442606,59,39,20,57,38,19,2,1,1,4,2,2,0,0,0,2,1,1,69,36,33,34,18,16,0,0,0,5,0,5,16,10,6,14,8,6,2,0,2
54442608,36,19,17,34,18,16,2,2,0,2,0,2,0,0,0,2,1,1,30,14,16,17,7,10,0,0,0,4,0,4,4,4,0,5,3,2,1,1,0
54442609,37,23,14,35,21,14,1,1,0,2,1,1,1,0,1,2,2,0,31,14,17,13,5,8,0,0,0,2,0,2,7,2,5,9,7,2,1,0,1
54442610,51,31,20,46,29,17,1,1,0,7,4,3,0,0,0,5,2,3,53,20,33,27,12,15,1,0,1,3,0,3,11,6,5,11,2,9,0,0,0
54442611,37,19,18,35,17,18,2,1,1,2,1,1,0,0,0,2,2,0,31,9,22,17,6,11,0,0,0,1,0,1,4,3,1,9,0,9,0,0,0
54444201,398,227,171,387,220,167,12,8,4,40,25,15,3,0,3,11,7,4,330,137,193,110,48,62,0,0,0,21,0,21,66,28,38,133,61,72,6,3,3
54444202,80,41,39,79,41,38,0,0,0,8,4,4,1,0,1,1,0,1,71,31,40,15,6,9,1,0,1,2,0,2,9,7,2,44,18,26,0,0,0
54444203,182,104,78,180,102,78,9,7,2,16,9,7,0,0,0,2,2,0,174,82,92,71,30,41,0,0,0,12,0,12,39,23,16,52,29,23,0,0,0
54444204,60,37,23,55,34,21,5,3,2,6,4,2,0,0,0,5,3,2,45,20,25,26,11,15,0,0,0,3,0,3,8,5,3,8,4,4,0,0,0
54444205,185,106,79,182,106,76,13,7,6,15,7,8,2,0,2,3,0,3,150,71,79,46,18,28,0,0,0,8,0,8,35,18,17,61,35,26,0,0,0
54445101,156,83,73,151,82,69,6,2,4,14,5,9,0,0,0,5,1,4,108,54,54,42,19,23,1,0,1,7,0,7,21,13,8,37,22,15,2,2,0
54445102,34,17,17,32,16,16,2,0,2,4,1,3,1,0,1,2,1,1,11,5,6,6,2,4,0,0,0,0,0,0,3,2,1,2,1,1,0,0,0
54445104,17,10,7,17,10,7,0,0,0,2,1,1,0,0,0,0,0,0,13,7,6,9,3,6,0,0,0,0,0,0,1,1,0,3,3,0,1,1,0
54448501,143,73,70,142,72,70,5,2,3,21,8,13,0,0,0,1,1,0,112,47,65,56,23,33,0,0,0,2,0,2,15,9,6,39,15,24,0,0,0
54448502,19,12,7,18,11,7,0,0,0,4,3,1,0,0,0,1,1,0,7,2,5,2,1,1,0,0,0,0,0,0,1,1,0,4,0,4,0,0,0
54448503,835,439,396,814,429,385,31,18,13,108,50,58,8,0,8,21,10,11,762,334,428,289,122,167,6,3,3,42,0,42,135,64,71,290,145,145,9,4,5
54448504,9,5,4,8,5,3,0,0,0,0,0,0,1,0,1,1,0,1,15,7,8,4,2,2,0,0,0,1,0,1,5,2,3,5,3,2,0,0,0
54448505,25,15,10,22,13,9,2,0,2,6,4,2,0,0,0,3,2,1,19,9,10,9,5,4,0,0,0,2,0,2,4,2,2,4,2,2,0,0,0
54448506,64,36,28,62,34,28,2,0,2,8,4,4,1,0,1,2,2,0,44,22,22,27,13,14,0,0,0,1,0,1,6,2,4,10,7,3,1,1,0
54448507,1353,726,627,1314,709,605,66,35,31,132,70,62,8,1,7,39,17,22,1173,493,680,485,181,304,3,1,2,57,0,57,235,114,121,393,197,196,50,31,19
54448508,112,59,53,111,59,52,4,3,1,17,9,8,0,0,0,1,0,1,84,38,46,47,19,28,1,1,0,3,0,3,8,6,2,25,12,13,0,0,0
54448509,21,12,9,19,11,8,0,0,0,0,0,0,0,0,0,2,1,1,17,9,8,12,5,7,0,0,0,0,0,0,2,1,1,3,3,0,0,0,0
54448510,28,13,15,28,13,15,0,0,0,1,0,1,2,0,2,0,0,0,26,9,17,19,7,12,0,0,0,0,0,0,3,1,2,4,1,3,0,0,0
54448512,73,38,35,69,37,32,2,1,1,11,5,6,0,0,0,4,1,3,74,32,42,31,12,19,0,0,0,5,0,5,22,11,11,16,9,7,0,0,0
54448513,19,12,7,19,12,7,1,1,0,6,3,3,0,0,0,0,0,0,10,6,4,2,2,0,0,0,0,1,0,1,5,2,3,2,2,0,1,1,0
54448514,14,7,7,13,7,6,0,0,0,5,2,3,0,0,0,1,0,1,22,9,13,18,6,12,0,0,0,1,0,1,2,2,0,1,1,0,0,0,0
54448515,90,56,34,86,52,34,6,1,5,4,3,1,1,0,1,4,4,0,78,33,45,39,15,24,0,0,0,5,0,5,12,8,4,22,10,12,1,0,1
54449301,31,17,14,31,17,14,1,0,1,6,5,1,0,0,0,0,0,0,40,16,24,23,8,15,0,0,0,1,0,1,2,1,1,14,7,7,0,0,0
54449302,104,56,48,104,56,48,1,1,0,15,8,7,0,0,0,0,0,0,74,37,37,21,10,11,0,0,0,5,0,5,23,12,11,25,15,10,1,0,1
54449303,274,151,123,262,144,118,9,1,8,20,12,8,4,0,4,12,7,5,241,109,132,75,29,46,0,0,0,17,0,17,56,31,25,93,49,44,9,6,3
54449304,42,24,18,42,24,18,3,1,2,2,1,1,0,0,0,0,0,0,38,13,25,17,6,11,0,0,0,2,0,2,7,4,3,12,3,9,1,1,0
54449305,430,229,201,418,224,194,23,10,13,44,24,20,5,0,5,12,5,7,386,179,207,99,39,60,1,1,0,22,0,22,92,48,44,172,91,81,5,1,4
0442291,0,0,0,0,0,0,0,0,0,0,0,0,0,0,0,0,0,0,0,0,0,0,0,0,0,0,0,0,0,0,0,0,0,0,0,0,0,0,0
54451501,20,11,9,19,10,9,1,1,0,3,2,1,0,0,0,1,1,0,18,10,8,14,7,7,0,0,0,0,0,0,3,2,1,1,1,0,0,0,0
54451502,30,19,11,30,19,11,2,0,2,3,3,0,1,0,1,0,0,0,27,15,12,23,13,10,0,0,0,0,0,0,2,1,1,2,1,1,2,1,1
54451503,12,6,6,11,6,5,1,1,0,5,3,2,0,0,0,1,0,1,43,5,38,37,3,34,0,0,0,0,0,0,4,1,3,2,1,1,1,0,1
54451504,19,10,9,19,10,9,1,1,0,2,1,1,0,0,0,0,0,0,20,9,11,9,4,5,1,0,1,1,0,1,3,2,1,6,3,3,0,0,0
54451505,442,243,199,422,233,189,19,8,11,43,17,26,2,0,2,20,10,10,379,175,204,173,76,97,2,2,0,17,0,17,72,38,34,115,59,56,16,11,5
54451506,12,9,3,12,9,3,1,1,0,1,0,1,0,0,0,0,0,0,18,10,8,13,8,5,0,0,0,1,0,1,1,1,0,3,1,2,0,0,0
54451507,12,8,4,12,8,4,1,1,0,4,2,2,0,0,0,0,0,0,11,6,5,4,2,2,0,0,0,2,0,2,4,3,1,1,1,0,0,0,0
54451509,28,20,8,27,20,7,3,2,1,5,4,1,0,0,0,1,0,1,19,10,9,9,3,6,0,0,0,0,0,0,3,2,1,7,5,2,0,0,0
54451512,20,12,8,20,12,8,0,0,0,4,3,1,0,0,0,0,0,0,25,12,13,16,7,9,0,0,0,0,0,0,3,3,0,6,2,4,0,0,0
54451513,38,25,13,36,23,13,1,1,0,4,3,1,0,0,0,2,2,0,30,12,18,17,7,10,0,0,0,1,0,1,3,1,2,9,4,5,1,1,0
54451514,6,3,3,6,3,3,1,0,1,0,0,0,0,0,0,0,0,0,16,11,5,11,9,2,0,0,0,0,0,0,3,2,1,2,0,2,0,0,0
54451519,112,61,51,105,56,49,4,0,4,14,6,8,0,0,0,7,5,2,89,42,47,44,20,24,0,0,0,2,0,2,18,8,10,25,14,11,1,1,0
54452301,156,87,69,152,86,66,4,1,3,15,10,5,1,0,1,4,1,3,132,54,78,55,23,32,0,0,0,5,0,5,31,14,17,41,17,24,0,0,0
54452302,331,180,151,327,177,150,15,2,13,34,17,17,1,0,1,4,3,1,275,140,135,105,44,61,0,0,0,14,0,14,51,32,19,105,64,41,8,3,5
54454001,11,6,5,10,5,5,1,0,1,0,0,0,0,0,0,1,1,0,10,6,4,3,2,1,0,0,0,0,0,0,1,0,1,6,4,2,0,0,0
54454002,13,9,4,13,9,4,0,0,0,2,1,1,0,0,0,0,0,0,12,7,5,8,5,3,1,0,1,0,0,0,1,1,0,2,1,1,0,0,0
54454005,37,21,16,37,21,16,0,0,0,5,3,2,0,0,0,0,0,0,39,22,17,19,10,9,0,0,0,0,0,0,3,2,1,17,10,7,1,1,0
54454006,34,17,17,34,17,17,0,0,0,3,1,2,0,0,0,0,0,0,29,11,18,14,4,10,0,0,0,1,0,1,7,4,3,7,3,4,1,1,0
54455801,802,432,370,779,423,356,40,18,22,93,53,40,8,0,8,23,9,14,624,283,341,298,130,168,2,2,0,23,0,23,112,58,54,189,93,96,10,6,4
54455802,26,13,13,25,13,12,1,1,0,3,1,2,0,0,0,1,0,1,20,12,8,10,7,3,0,0,0,0,0,0,6,3,3,4,2,2,3,1,2
54459102,47,31,16,46,30,16,3,2,1,10,6,4,0,0,0,1,1,0,38,13,25,20,7,13,1,1,0,3,0,3,6,3,3,8,2,6,0,0,0
54459104,47,26,21,47,26,21,1,0,1,10,5,5,4,0,4,0,0,0,54,21,33,31,12,19,0,0,0,3,0,3,10,4,6,10,5,5,0,0,0
54459105,200,119,81,194,116,78,9,4,5,21,9,12,1,0,1,6,3,3,202,81,121,90,38,52,0,0,0,14,0,14,42,18,24,56,25,31,4,2,2
54459106,59,36,23,57,36,21,2,2,0,6,3,3,0,0,0,2,0,2,62,35,27,32,18,14,0,0,0,3,0,3,7,3,4,20,14,6,2,2,0
54461201,113,57,56,112,57,55,5,0,5,18,6,12,1,0,1,1,0,1,90,45,45,42,21,21,0,0,0,3,0,3,16,8,8,29,16,13,1,0,1
54461202,90,47,43,89,46,43,5,2,3,11,3,8,0,0,0,1,1,0,82,42,40,37,21,16,0,0,0,4,0,4,15,6,9,26,15,11,1,0,1
54463901,251,142,109,241,138,103,3,0,3,38,24,14,1,0,1,10,4,6,257,119,138,121,54,67,0,0,0,12,0,12,47,27,20,77,38,39,7,5,2
54463902,24,11,13,22,10,12,1,0,1,3,0,3,0,0,0,2,1,1,19,5,14,11,3,8,0,0,0,1,0,1,2,0,2,5,2,3,0,0,0
54463903,78,46,32,75,45,30,1,0,1,5,1,4,0,0,0,3,1,2,79,32,47,37,15,22,0,0,0,4,0,4,16,8,8,22,9,13,0,0,0
54463904,22,12,10,21,11,10,0,0,0,3,2,1,1,0,1,1,1,0,21,11,10,13,6,7,0,0,0,1,0,1,4,3,1,3,2,1,0,0,0
54463905,31,18,13,29,17,12,3,0,3,1,1,0,0,0,0,2,1,1,60,27,33,30,12,18,0,0,0,3,0,3,13,7,6,14,8,6,4,1,3
54463907,15,5,10,13,5,8,1,0,1,0,0,0,0,0,0,2,0,2,24,9,15,16,9,7,0,0,0,1,0,1,4,0,4,3,0,3,1,1,0
54463908,54,30,24,54,30,24,1,1,0,6,2,4,0,0,0,0,0,0,57,26,31,32,16,16,1,1,0,0,0,0,3,2,1,21,7,14,0,0,0
54463909,9,3,6,9,3,6,1,0,1,0,0,0,0,0,0,0,0,0,12,5,7,7,4,3,0,0,0,0,0,0,2,0,2,3,1,2,2,1,1
54466301,20,11,9,19,10,9,1,1,0,5,4,1,0,0,0,1,1,0,19,8,11,10,4,6,0,0,0,0,0,0,0,0,0,9,4,5,1,0,1
54466302,30,16,14,30,16,14,1,0,1,3,2,1,0,0,0,0,0,0,26,8,18,10,2,8,0,0,0,1,0,1,5,2,3,10,4,6,0,0,0
54466303,17,11,6,15,10,5,3,2,1,0,0,0,0,0,0,2,1,1,10,1,9,2,0,2,0,0,0,1,0,1,4,1,3,3,0,3,0,0,0
54466304,34,21,13,32,19,13,0,0,0,4,2,2,1,0,1,2,2,0,21,7,14,3,2,1,0,0,0,2,0,2,8,2,6,8,3,5,0,0,0
54466305,51,25,26,48,24,24,1,0,1,6,3,3,0,0,0,3,1,2,37,15,22,17,7,10,0,0,0,1,0,1,8,4,4,11,4,7,0,0,0
54466306,897,490,407,871,480,391,39,25,14,77,42,35,14,0,14,26,10,16,835,367,468,367,154,213,3,2,1,39,0,39,141,72,69,285,139,146,12,8,4
54466307,13,8,5,13,8,5,1,1,0,4,2,2,0,0,0,0,0,0,10,7,3,5,4,1,0,0,0,1,0,1,3,2,1,1,1,0,1,1,0
54466308,21,11,10,19,10,9,1,0,1,3,1,2,0,0,0,2,1,1,10,3,7,1,0,1,0,0,0,1,0,1,4,2,2,4,1,3,0,0,0
54466310,56,31,25,55,31,24,1,1,0,5,2,3,0,0,0,1,0,1,67,27,40,27,10,17,0,0,0,2,0,2,13,8,5,25,9,16,1,0,1
54466311,26,15,11,25,15,10,1,1,0,0,0,0,1,0,1,1,0,1,19,7,12,3,1,2,1,1,0,1,0,1,8,4,4,6,1,5,2,1,1
54466312,71,36,35,70,35,35,2,1,1,1,0,1,0,0,0,1,1,0,65,28,37,27,11,16,0,0,0,2,0,2,10,5,5,26,12,14,2,0,2
54466313,26,15,11,25,15,10,0,0,0,1,1,0,0,0,0,1,0,1,19,13,6,2,2,0,0,0,0,1,0,1,7,4,3,9,7,2,0,0,0
54466314,21,11,10,20,10,10,0,0,0,2,1,1,0,0,0,1,1,0,22,9,13,5,2,3,0,0,0,2,0,2,9,3,6,6,4,2,0,0,0
54473601,60,34,26,56,33,23,1,1,0,4,2,2,0,0,0,4,1,3,54,28,26,12,6,6,0,0,0,4,0,4,15,8,7,23,14,9,0,0,0
54473602,946,522,424,924,508,416,46,21,25,95,41,54,7,0,7,22,14,8,892,394,498,403,159,244,0,0,0,56,0,56,170,95,75,263,140,123,21,14,7
54473604,80,45,35,78,44,34,1,1,0,7,6,1,3,0,3,2,1,1,59,28,31,21,8,13,0,0,0,4,0,4,14,6,8,20,14,6,0,0,0
54473605,53,31,22,52,31,21,3,0,3,3,2,1,0,0,0,1,0,1,43,18,25,5,2,3,0,0,0,3,0,3,13,5,8,22,11,11,0,0,0
54473606,106,61,45,101,58,43,5,2,3,22,15,7,0,0,0,5,3,2,89,34,55,35,13,22,0,0,0,6,0,6,16,6,10,32,15,17,1,0,1
54474401,30,14,16,30,14,16,1,0,1,4,3,1,0,0,0,0,0,0,19,10,9,12,7,5,0,0,0,0,0,0,1,1,0,6,2,4,0,0,0
54474402,79,46,33,78,46,32,4,1,3,7,2,5,0,0,0,1,0,1,79,37,42,28,13,15,0,0,0,7,0,7,22,11,11,22,13,9,3,2,1
54474403,44,25,19,42,24,18,0,0,0,5,4,1,0,0,0,2,1,1,39,22,17,17,9,8,0,0,0,3,0,3,6,3,3,13,10,3,0,0,0
54474404,63,38,25,63,38,25,3,2,1,15,11,4,1,0,1,0,0,0,60,24,36,21,9,12,0,0,0,2,0,2,9,3,6,28,12,16,0,0,0
54476101,95,52,43,92,51,41,3,0,3,9,3,6,1,0,1,3,1,2,75,35,40,32,15,17,0,0,0,5,0,5,12,3,9,26,17,9,0,0,0
54476102,251,136,115,247,133,114,11,4,7,19,10,9,1,0,1,4,3,1,220,100,120,82,33,49,0,0,0,12,0,12,46,27,19,80,40,40,4,3,1
54477901,16,7,9,16,7,9,0,0,0,4,1,3,0,0,0,0,0,0,21,9,12,9,4,5,0,0,0,0,0,0,5,2,3,7,3,4,0,0,0
54477902,139,77,62,133,72,61,5,1,4,19,10,9,2,0,2,6,5,1,120,49,71,45,20,25,0,0,0,8,0,8,28,16,12,39,13,26,3,2,1
54477903,24,11,13,24,11,13,2,1,1,2,1,1,0,0,0,0,0,0,25,12,13,14,5,9,0,0,0,2,0,2,5,3,2,4,4,0,0,0,0
54477904,24,15,9,24,15,9,0,0,0,2,1,1,0,0,0,0,0,0,25,14,11,12,6,6,1,1,0,3,0,3,6,6,0,3,1,2,0,0,0
54477905,67,38,29,64,35,29,2,1,1,5,2,3,0,0,0,3,3,0,62,22,40,27,9,18,0,0,0,3,0,3,9,4,5,23,9,14,0,0,0
54477906,52,34,18,51,34,17,1,1,0,5,3,2,0,0,0,1,0,1,41,14,27,24,9,15,0,0,0,2,0,2,5,0,5,10,5,5,0,0,0
54477907,40,25,15,40,25,15,1,0,1,2,1,1,1,0,1,0,0,0,38,21,17,11,6,5,0,0,0,1,0,1,15,9,6,11,6,5,0,0,0
54477908,49,30,19,48,29,19,3,2,1,9,7,2,0,0,0,1,1,0,39,15,24,16,5,11,0,0,0,4,0,4,7,3,4,12,7,5,0,0,0
54477909,22,10,12,22,10,12,0,0,0,1,0,1,0,0,0,0,0,0,20,10,10,5,3,2,0,0,0,1,0,1,2,2,0,12,5,7,0,0,0
54477910,1735,954,781,1674,927,747,60,26,34,209,124,85,20,0,20,61,27,34,1558,685,873,702,278,424,2,2,0,71,1,70,294,158,136,489,246,243,27,10,17
54477912,56,35,21,56,35,21,2,1,1,7,5,2,2,1,1,0,0,0,49,19,30,23,9,14,0,0,0,4,0,4,10,3,7,12,7,5,0,0,0
54477913,27,14,13,26,14,12,2,0,2,3,1,2,0,0,0,1,0,1,18,11,7,4,3,1,0,0,0,0,0,0,5,3,2,9,5,4,0,0,0
54477915,45,23,22,44,22,22,0,0,0,5,1,4,1,0,1,1,1,0,34,15,19,9,4,5,0,0,0,0,0,0,6,2,4,19,9,10,1,1,0
54477916,69,36,33,67,36,31,2,2,0,5,3,2,2,0,2,2,0,2,66,36,30,22,10,12,0,0,0,5,0,5,16,9,7,23,17,6,1,1,0
54479501,59,28,31,58,28,30,3,0,3,12,7,5,0,0,0,1,0,1,47,20,27,24,10,14,0,0,0,2,0,2,6,2,4,15,8,7,0,0,0
54479502,676,355,321,666,352,314,44,23,21,64,41,23,6,0,6,10,3,7,420,188,232,139,54,85,4,2,2,12,0,12,73,33,40,192,99,93,5,1,4
54479503,358,194,164,352,193,159,13,5,8,33,19,14,1,0,1,6,1,5,256,105,151,79,30,49,1,1,0,7,0,7,33,13,20,136,61,75,0,0,0
54479504,313,177,136,307,173,134,18,6,12,34,21,13,2,0,2,6,4,2,287,146,141,103,47,56,2,1,1,16,0,16,52,31,21,114,67,47,6,2,4
54479505,124,70,54,122,69,53,11,5,6,8,7,1,0,0,0,2,1,1,99,38,61,22,6,16,0,0,0,4,0,4,30,15,15,43,17,26,0,0,0
54480901,280,160,120,267,154,113,7,3,4,30,16,14,3,0,3,13,6,7,275,145,130,126,62,64,0,0,0,14,0,14,42,27,15,93,56,37,10,6,4
54480902,90,49,41,85,46,39,5,4,1,7,2,5,0,0,0,5,3,2,73,35,38,43,20,23,0,0,0,1,0,1,4,2,2,25,13,12,0,0,0
54481701,129,73,56,127,72,55,3,2,1,12,6,6,0,0,0,2,1,1,102,54,48,37,20,17,2,2,0,5,0,5,21,15,6,37,17,20,2,1,1
54481702,28,17,11,28,17,11,1,0,1,6,4,2,0,0,0,0,0,0,38,16,22,10,5,5,0,0,0,4,0,4,11,5,6,13,6,7,0,0,0
54481703,50,29,21,49,29,20,2,0,2,2,1,1,1,0,1,1,0,1,46,19,27,19,12,7,0,0,0,4,0,4,12,2,10,11,5,6,0,0,0
54481704,17,9,8,17,9,8,0,0,0,1,1,0,0,0,0,0,0,0,14,8,6,10,5,5,0,0,0,0,0,0,2,1,1,2,2,0,0,0,0
54482501,25,13,12,24,13,11,1,1,0,6,2,4,1,0,1,1,0,1,17,7,10,7,2,5,0,0,0,1,0,1,3,2,1,6,3,3,0,0,0
54482502,172,94,78,167,92,75,7,2,5,21,14,7,1,0,1,5,2,3,149,70,79,58,24,34,0,0,0,9,0,9,25,13,12,57,33,24,1,1,0
54486801,79,44,35,75,42,33,4,2,2,3,0,3,1,0,1,4,2,2,70,31,39,30,14,16,0,0,0,6,0,6,17,8,9,17,9,8,2,1,1
54486802,41,27,14,39,26,13,0,0,0,7,6,1,0,0,0,2,1,1,45,12,33,26,6,20,1,0,1,2,0,2,5,3,2,11,3,8,1,1,0
54486803,17,10,7,16,9,7,1,0,1,1,0,1,0,0,0,1,1,0,19,7,12,5,1,4,0,0,0,3,0,3,7,2,5,4,4,0,0,0,0
54486805,971,534,437,930,510,420,28,13,15,100,48,52,10,0,10,41,24,17,889,401,488,454,189,265,1,0,1,31,1,30,133,67,66,270,144,126,29,18,11
54486806,33,19,14,31,18,13,0,0,0,3,2,1,2,0,2,2,1,1,39,16,23,14,4,10,0,0,0,2,0,2,6,4,2,17,8,9,0,0,0
54486809,80,49,31,73,46,27,2,1,1,8,7,1,0,0,0,7,3,4,81,37,44,41,19,22,0,0,0,5,0,5,10,3,7,25,15,10,1,1,0
54486812,18,11,7,18,11,7,1,1,0,1,1,0,0,0,0,0,0,0,27,13,14,13,6,7,0,0,0,2,0,2,6,4,2,6,3,3,0,0,0
54488401,306,171,135,293,164,129,10,5,5,30,17,13,4,1,3,13,7,6,336,144,192,143,60,83,1,1,0,21,0,21,77,36,41,94,47,47,2,0,2
54488402,23,13,10,23,13,10,2,1,1,0,0,0,0,0,0,0,0,0,20,7,13,6,2,4,0,0,0,2,0,2,5,2,3,7,3,4,0,0,0
54488403,73,40,33,73,40,33,0,0,0,6,3,3,1,0,1,0,0,0,76,35,41,37,19,18,0,0,0,4,0,4,17,6,11,18,10,8,2,1,1
54489201,75,40,35,72,39,33,1,0,1,7,2,5,0,0,0,3,1,2,61,33,28,29,17,12,0,0,0,4,0,4,14,8,6,14,8,6,1,0,1
54489202,25,13,12,24,13,11,1,0,1,0,0,0,0,0,0,1,0,1,15,6,9,5,3,2,0,0,0,1,0,1,4,2,2,5,1,4,0,0,0
54489203,319,177,142,306,168,138,6,1,5,39,22,17,4,0,4,13,9,4,270,115,155,125,47,78,0,0,0,12,0,12,51,27,24,82,41,41,6,4,2
54496501,61,34,27,59,33,26,4,1,3,4,2,2,0,0,0,2,1,1,62,28,34,31,15,16,0,0,0,3,0,3,9,5,4,19,8,11,2,1,1
54496502,29,17,12,28,16,12,1,1,0,2,2,0,1,0,1,1,1,0,20,10,10,6,1,5,0,0,0,2,0,2,7,5,2,5,4,1,0,0,0
54497301,185,98,87,180,96,84,6,2,4,16,5,11,0,0,0,5,2,3,182,84,98,47,25,22,0,0,0,13,0,13,43,23,20,79,36,43,3,1,2
54497302,572,312,260,553,303,250,25,15,10,45,20,25,1,0,1,19,9,10,439,202,237,107,41,66,0,0,0,31,0,31,104,61,43,197,100,97,8,4,4
54498101,1190,652,538,1149,629,520,55,23,32,162,86,76,10,0,10,41,23,18,1093,488,605,546,229,317,4,1,3,56,0,56,186,94,92,301,164,137,18,12,6
54498102,102,59,43,97,54,43,5,3,2,12,7,5,0,0,0,5,5,0,84,37,47,36,16,20,0,0,0,1,0,1,9,4,5,38,17,21,2,1,1
54500701,45,29,16,43,29,14,2,1,1,4,4,0,0,0,0,2,0,2,39,18,21,14,6,8,0,0,0,0,0,0,3,1,2,22,11,11,1,1,0
54500704,34,21,13,34,21,13,3,1,2,3,1,2,0,0,0,0,0,0,31,10,21,17,7,10,0,0,0,1,0,1,7,1,6,6,2,4,2,0,2
54500705,29,18,11,27,18,9,1,1,0,3,3,0,0,0,0,2,0,2,25,12,13,5,2,3,0,0,0,3,0,3,8,4,4,9,6,3,0,0,0
54500708,33,20,13,33,20,13,2,1,1,2,2,0,0,0,0,0,0,0,29,17,12,7,3,4,1,1,0,2,0,2,6,5,1,13,8,5,0,0,0
54500709,343,201,142,327,193,134,15,13,2,37,21,16,6,0,6,16,8,8,285,108,177,111,43,68,2,1,1,13,0,13,50,23,27,109,41,68,6,3,3
54500710,21,12,9,21,12,9,0,0,0,3,2,1,0,0,0,0,0,0,21,9,12,5,2,3,0,0,0,3,0,3,6,3,3,7,4,3,0,0,0
54501501,57,34,23,57,34,23,5,5,0,7,5,2,1,0,1,0,0,0,55,21,34,21,11,10,0,0,0,5,0,5,12,4,8,17,6,11,0,0,0
54501502,19,13,6,19,13,6,2,0,2,0,0,0,0,0,0,0,0,0,24,6,18,4,1,3,0,0,0,2,0,2,6,2,4,12,3,9,0,0,0
54501503,48,31,17,46,30,16,1,1,0,3,1,2,0,0,0,2,1,1,56,19,37,21,4,17,0,0,0,7,0,7,15,9,6,13,6,7,0,0,0
54501504,99,53,46,97,53,44,2,2,0,9,3,6,3,0,3,2,0,2,108,46,62,52,22,30,0,0,0,8,0,8,17,11,6,31,13,18,0,0,0
54501505,30,17,13,30,17,13,2,1,1,5,4,1,1,0,1,0,0,0,27,15,12,13,7,6,0,0,0,1,0,1,4,2,2,9,6,3,0,0,0
54502301,42,23,19,40,21,19,2,1,1,5,2,3,0,0,0,2,2,0,27,11,16,14,7,7,0,0,0,1,0,1,4,1,3,8,3,5,0,0,0
54502302,40,23,17,37,21,16,1,0,1,5,3,2,0,0,0,3,2,1,27,13,14,12,6,6,1,1,0,1,0,1,4,3,1,9,3,6,0,0,0
54502303,32,14,18,31,13,18,0,0,0,7,2,5,0,0,0,1,1,0,24,10,14,10,4,6,1,1,0,0,0,0,7,2,5,6,3,3,0,0,0
54502304,9,6,3,9,6,3,0,0,0,1,1,0,0,0,0,0,0,0,18,10,8,12,6,6,0,0,0,1,0,1,3,3,0,2,1,1,0,0,0
54502305,41,25,16,39,24,15,2,2,0,3,2,1,0,0,0,2,1,1,42,25,17,17,9,8,0,0,0,2,0,2,9,5,4,14,11,3,0,0,0
54502306,203,113,90,190,103,87,7,2,5,15,9,6,2,0,2,13,10,3,174,78,96,79,33,46,1,0,1,6,0,6,30,15,15,58,30,28,6,3,3
54506601,763,409,354,750,405,345,42,20,22,69,34,35,7,0,7,13,4,9,557,250,307,133,61,72,2,1,1,31,0,31,117,56,61,274,132,142,5,3,2
54506602,504,265,239,495,263,232,26,12,14,51,28,23,6,0,6,9,2,7,403,195,208,114,50,64,0,0,0,23,0,23,95,51,44,171,94,77,10,6,4
54506603,187,100,87,186,99,87,6,2,4,10,4,6,5,0,5,1,1,0,171,75,96,17,7,10,0,0,0,19,0,19,73,37,36,62,31,31,0,0,0
54506604,176,96,80,165,91,74,6,4,2,21,11,10,1,0,1,11,5,6,148,62,86,67,28,39,0,0,0,7,0,7,29,13,16,45,21,24,2,0,2
54507401,707,383,324,687,372,315,36,18,18,65,37,28,6,0,6,20,11,9,562,244,318,217,87,130,1,1,0,31,0,31,114,58,56,199,98,101,12,5,7
54508201,39,20,19,37,18,19,5,0,5,6,3,3,0,0,0,2,2,0,24,10,14,12,6,6,0,0,0,0,0,0,6,2,4,6,2,4,0,0,0
54508202,16,11,5,16,11,5,0,0,0,0,0,0,0,0,0,0,0,0,13,4,9,6,2,4,0,0,0,1,0,1,4,1,3,2,1,1,0,0,0
54508203,183,97,86,176,93,83,11,4,7,12,6,6,3,0,3,7,4,3,144,68,76,68,30,38,2,1,1,3,0,3,22,7,15,49,30,19,2,2,0
54508204,58,29,29,56,28,28,3,1,2,8,4,4,0,0,0,2,1,1,41,18,23,16,8,8,0,0,0,3,0,3,8,3,5,14,7,7,0,0,0
54509101,106,55,51,101,54,47,4,0,4,15,7,8,0,0,0,5,1,4,101,48,53,44,22,22,0,0,0,5,0,5,22,12,10,30,14,16,3,3,0
54510401,11,6,5,11,6,5,2,1,1,1,1,0,0,0,0,0,0,0,18,9,9,13,6,7,1,1,0,0,0,0,1,0,1,3,2,1,1,1,0
54510402,19,8,11,19,8,11,0,0,0,0,0,0,0,0,0,0,0,0,13,4,9,3,2,1,0,0,0,1,0,1,3,1,2,6,1,5,0,0,0
54510404,48,27,21,46,26,20,2,1,1,4,2,2,2,0,2,2,1,1,49,25,24,14,6,8,1,0,1,3,0,3,14,9,5,17,10,7,0,0,0
54510406,236,133,103,224,128,96,4,3,1,29,16,13,0,0,0,12,5,7,177,77,100,68,26,42,0,0,0,10,0,10,39,21,18,60,30,30,5,4,1
54512101,726,387,339,702,372,330,34,9,25,75,36,39,3,0,3,24,15,9,627,271,356,282,118,164,1,1,0,32,0,32,100,56,44,212,96,116,14,6,8
54513901,29,20,9,28,19,9,0,0,0,6,4,2,0,0,0,1,1,0,25,7,18,19,5,14,0,0,0,1,0,1,1,0,1,4,2,2,0,0,0
54513902,447,263,184,430,254,176,16,11,5,43,29,14,2,0,2,17,9,8,443,207,236,151,66,85,2,2,0,39,0,39,102,54,48,149,85,64,12,8,4
0139430,0,0,0,0,0,0,0,0,0,0,0,0,0,0,0,0,0,0,0,0,0,0,0,0,0,0,0,0,0,0,0,0,0,0,0,0,0,0,0
0139780,0,0,0,0,0,0,0,0,0,0,0,0,0,0,0,0,0,0,0,0,0,0,0,0,0,0,0,0,0,0,0,0,0,0,0,0,0,0,0
0139860,0,0,0,0,0,0,0,0,0,0,0,0,0,0,0,0,0,0,0,0,0,0,0,0,0,0,0,0,0,0,0,0,0,0,0,0,0,0,0
1658160,0,0,0,0,0,0,0,0,0,0,0,0,0,0,0,0,0,0,0,0,0,0,0,0,0,0,0,0,0,0,0,0,0,0,0,0,0,0,0
54515502,35,23,12,32,22,10,2,2,0,4,1,3,0,0,0,3,1,2,41,21,20,23,11,12,0,0,0,3,0,3,5,4,1,10,6,4,0,0,0
54515503,11,6,5,9,4,5,0,0,0,1,0,1,0,0,0,2,2,0,17,7,10,11,3,8,0,0,0,0,0,0,1,0,1,5,4,1,0,0,0
54515504,26,15,11,25,14,11,0,0,0,1,1,0,0,0,0,1,1,0,31,19,12,13,7,6,0,0,0,2,0,2,6,5,1,10,7,3,1,0,1
54515505,34,20,14,34,20,14,3,2,1,4,3,1,0,0,0,0,0,0,19,7,12,11,4,7,0,0,0,0,0,0,1,1,0,7,2,5,0,0,0
54515506,77,42,35,75,42,33,2,0,2,8,6,2,2,0,2,2,0,2,47,22,25,28,13,15,0,0,0,1,0,1,3,1,2,15,8,7,1,1,0
54515507,30,16,14,30,16,14,0,0,0,5,2,3,0,0,0,0,0,0,21,12,9,15,8,7,0,0,0,1,0,1,2,1,1,3,3,0,0,0,0
54515508,24,16,8,22,15,7,0,0,0,3,2,1,0,0,0,2,1,1,29,16,13,9,3,6,0,0,0,3,0,3,7,5,2,10,8,2,1,0,1
54515509,142,83,59,135,78,57,5,3,2,20,12,8,1,0,1,7,5,2,166,72,94,90,31,59,0,0,0,9,0,9,27,13,14,40,28,12,4,4,0
3353630,0,0,0,0,0,0,0,0,0,0,0,0,0,0,0,0,0,0,0,0,0,0,0,0,0,0,0,0,0,0,0,0,0,0,0,0,0,0,0
54517101,17,12,5,16,11,5,0,0,0,0,0,0,0,0,0,1,1,0,19,9,10,6,3,3,0,0,0,2,0,2,6,2,4,5,4,1,0,0,0
54517102,57,29,28,55,28,27,3,2,1,7,3,4,0,0,0,2,1,1,37,17,20,17,7,10,0,0,0,4,0,4,6,5,1,10,5,5,0,0,0
54517103,16,11,5,15,11,4,0,0,0,1,0,1,0,0,0,1,0,1,13,6,7,5,3,2,1,0,1,1,0,1,1,0,1,5,3,2,1,0,1
54517104,63,37,26,61,36,25,6,0,6,6,2,4,0,0,0,2,1,1,50,18,32,20,8,12,0,0,0,5,0,5,13,5,8,12,5,7,0,0,0
54517105,28,16,12,27,16,11,0,0,0,4,2,2,1,0,1,1,0,1,38,17,21,15,6,9,0,0,0,3,0,3,9,6,3,11,5,6,0,0,0
54517106,16,10,6,16,10,6,2,0,2,3,2,1,0,0,0,0,0,0,17,7,10,12,4,8,0,0,0,0,0,0,2,1,1,3,2,1,1,0,1
54517107,25,15,10,25,15,10,2,1,1,2,2,0,0,0,0,0,0,0,18,8,10,7,3,4,0,0,0,2,0,2,2,1,1,7,4,3,0,0,0
54517108,16,11,5,15,10,5,0,0,0,3,2,1,0,0,0,1,1,0,17,8,9,10,5,5,0,0,0,1,0,1,4,1,3,2,2,0,0,0,0
54517109,31,17,14,31,17,14,2,0,2,3,0,3,1,0,1,0,0,0,27,15,12,13,7,6,0,0,0,0,0,0,4,3,1,10,5,5,1,0,1
54517110,28,17,11,26,16,10,0,0,0,2,0,2,0,0,0,2,1,1,32,13,19,17,7,10,0,0,0,2,0,2,5,4,1,8,2,6,0,0,0
54517111,146,80,66,142,78,64,3,1,2,12,4,8,0,0,0,4,2,2,128,55,73,40,15,25,0,0,0,12,0,12,29,13,16,47,27,20,1,0,1
54517112,53,26,27,53,26,27,4,1,3,4,1,3,0,0,0,0,0,0,50,24,26,16,9,7,0,0,0,3,0,3,15,7,8,16,8,8,0,0,0
54517114,47,28,19,45,26,19,1,0,1,9,4,5,0,0,0,2,2,0,44,23,21,10,6,4,0,0,0,3,0,3,8,4,4,23,13,10,0,0,0
54517115,25,15,10,24,14,10,1,1,0,2,1,1,1,0,1,1,1,0,25,12,13,11,5,6,0,0,0,0,0,0,7,5,2,7,2,5,0,0,0
54517116,216,120,96,212,117,95,8,4,4,13,9,4,1,0,1,4,3,1,196,83,113,53,18,35,1,0,1,12,0,12,49,21,28,81,44,37,1,1,0
54517117,17,7,10,17,7,10,2,1,1,2,1,1,0,0,0,0,0,0,6,4,2,2,2,0,0,0,0,0,0,0,0,0,0,4,2,2,0,0,0
54517119,279,148,131,271,142,129,14,8,6,28,10,18,3,0,3,8,6,2,223,100,123,108,49,59,0,0,0,11,0,11,37,18,19,67,33,34,4,1,3
54517120,859,487,372,831,466,365,29,10,19,91,45,46,4,0,4,28,21,7,736,306,430,333,144,189,3,1,2,49,0,49,153,68,85,198,93,105,29,16,13
54517121,17,9,8,17,9,8,0,0,0,3,2,1,0,0,0,0,0,0,12,6,6,2,1,1,0,0,0,0,0,0,2,1,1,8,4,4,0,0,0
54517122,713,399,314,700,392,308,21,12,9,64,38,26,6,0,6,13,7,6,737,310,427,406,158,248,2,0,2,32,0,32,106,54,52,191,98,93,5,0,5
3354520,0,0,0,0,0,0,0,0,0,0,0,0,0,0,0,0,0,0,0,0,0,0,0,0,0,0,0,0,0,0,0,0,0,0,0,0,0,0,0
54520101,38,21,17,38,21,17,1,1,0,5,1,4,0,0,0,0,0,0,36,19,17,13,7,6,0,0,0,3,0,3,7,3,4,13,9,4,0,0,0
54520102,107,62,45,101,59,42,2,1,1,16,7,9,1,0,1,6,3,3,80,35,45,47,23,24,0,0,0,2,0,2,10,3,7,21,9,12,2,2,0
54520104,15,9,6,15,9,6,0,0,0,4,2,2,0,0,0,0,0,0,21,9,12,14,7,7,0,0,0,1,0,1,4,1,3,2,1,1,0,0,0
54520105,56,34,22,55,34,21,5,3,2,7,4,3,1,0,1,1,0,1,50,16,34,20,8,12,0,0,0,3,0,3,10,5,5,17,3,14,0,0,0
54520107,64,39,25,64,39,25,3,1,2,4,2,2,1,0,1,0,0,0,49,19,30,26,9,17,0,0,0,3,0,3,9,5,4,11,5,6,0,0,0
54520108,39,18,21,39,18,21,1,0,1,7,4,3,0,0,0,0,0,0,30,12,18,18,7,11,0,0,0,2,0,2,3,2,1,7,3,4,0,0,0
54520111,391,224,167,381,219,162,4,2,2,65,38,27,0,0,0,10,5,5,408,166,242,220,83,137,1,0,1,8,0,8,45,20,25,134,63,71,3,3,0
54520112,374,217,157,347,203,144,9,2,7,52,26,26,1,0,1,27,14,13,287,130,157,142,54,88,1,1,0,8,1,7,46,22,24,90,52,38,37,21,16
54520113,21,11,10,21,11,10,1,1,0,3,2,1,1,0,1,0,0,0,20,12,8,11,6,5,1,1,0,0,0,0,3,2,1,5,3,2,1,0,1
54520114,210,116,94,201,113,88,7,3,4,30,19,11,0,0,0,9,3,6,183,84,99,75,33,42,0,0,0,7,0,7,31,16,15,70,35,35,4,2,2
54520116,1413,757,656,1343,725,618,58,33,25,97,47,50,13,0,13,70,32,38,953,399,554,275,114,161,2,0,2,71,1,70,235,110,125,370,174,196,18,7,11
54520117,32,20,12,31,20,11,3,1,2,1,1,0,0,0,0,1,0,1,19,8,11,7,2,5,0,0,0,2,0,2,5,2,3,5,4,1,0,0,0
54520118,13,7,6,13,7,6,0,0,0,4,2,2,0,0,0,0,0,0,18,12,6,6,4,2,0,0,0,1,0,1,2,2,0,9,6,3,0,0,0
54520119,166,88,78,160,86,74,4,1,3,16,8,8,1,0,1,6,2,4,154,64,90,93,36,57,0,0,0,3,0,3,20,10,10,38,18,20,0,0,0
54520120,734,387,347,705,373,332,29,15,14,113,53,60,4,0,4,29,14,15,656,252,404,357,129,228,2,1,1,29,0,29,98,39,59,170,83,87,9,4,5
54520121,21,10,11,21,10,11,1,0,1,2,0,2,0,0,0,0,0,0,21,12,9,4,2,2,1,1,0,0,0,0,7,3,4,9,6,3,0,0,0
54520122,32,19,13,32,19,13,2,0,2,5,2,3,0,0,0,0,0,0,30,12,18,16,6,10,0,0,0,1,0,1,4,2,2,9,4,5,0,0,0
54520123,414,227,187,405,221,184,15,9,6,48,19,29,3,0,3,9,6,3,366,159,207,176,70,106,1,0,1,21,0,21,61,33,28,107,56,51,7,3,4
54522801,760,408,352,740,395,345,35,17,18,110,64,46,5,0,5,20,13,7,679,315,364,335,153,182,7,4,3,25,1,24,93,44,49,219,113,106,12,8,4
54522802,468,254,214,461,253,208,26,13,13,16,5,11,14,0,14,7,1,6,382,178,204,33,11,22,1,1,0,54,1,53,170,93,77,124,72,52,6,2,4
54526101,30,17,13,26,16,10,2,2,0,1,0,1,1,0,1,4,1,3,22,6,16,12,3,9,0,0,0,0,0,0,2,0,2,8,3,5,0,0,0
54526102,32,16,16,32,16,16,4,2,2,3,2,1,1,0,1,0,0,0,17,5,12,7,5,2,0,0,0,1,0,1,3,0,3,6,0,6,1,0,1
54526103,69,40,29,67,39,28,2,1,1,6,5,1,1,0,1,2,1,1,46,15,31,20,8,12,1,1,0,0,0,0,7,3,4,18,3,15,1,1,0
54526104,173,89,84,169,89,80,4,2,2,14,7,7,3,0,3,4,0,4,144,69,75,38,17,21,1,1,0,10,0,10,38,23,15,57,28,29,3,2,1
54526105,149,83,66,143,82,61,4,2,2,20,11,9,1,0,1,6,1,5,114,54,60,41,22,19,0,0,0,8,0,8,28,15,13,37,17,20,3,1,2
54526106,35,18,17,34,18,16,3,0,3,2,2,0,1,0,1,1,0,1,26,9,17,4,1,3,0,0,0,1,0,1,5,1,4,16,7,9,0,0,0
1872082,0,0,0,0,0,0,0,0,0,0,0,0,0,0,0,0,0,0,0,0,0,0,0,0,0,0,0,0,0,0,0,0,0,0,0,0,0,0,0
54528701,111,68,43,103,63,40,2,1,1,9,6,3,2,0,2,8,5,3,74,29,45,32,10,22,0,0,0,5,0,5,18,10,8,19,9,10,0,0,0
54528702,364,218,146,353,209,144,18,6,12,40,24,16,2,0,2,11,9,2,281,123,158,101,41,60,2,2,0,16,0,16,63,34,29,99,46,53,10,7,3
54528704,16,10,6,16,10,6,1,1,0,1,1,0,0,0,0,0,0,0,18,10,8,9,4,5,0,0,0,1,0,1,4,3,1,4,3,1,0,0,0
54528705,54,39,15,48,36,12,1,1,0,6,4,2,0,0,0,6,3,3,47,20,27,28,10,18,0,0,0,2,0,2,9,7,2,8,3,5,3,3,0
54528707,71,33,38,71,33,38,2,1,1,6,2,4,1,0,1,0,0,0,62,38,24,46,26,20,0,0,0,0,0,0,4,3,1,12,9,3,2,1,1
54531701,27,15,12,27,15,12,1,0,1,4,3,1,0,0,0,0,0,0,33,14,19,16,5,11,0,0,0,0,0,0,5,4,1,12,5,7,1,1,0
54531702,45,21,24,45,21,24,1,0,1,6,4,2,0,0,0,0,0,0,46,19,27,20,7,13,0,0,0,1,0,1,5,1,4,20,11,9,1,1,0
54531703,114,60,54,109,57,52,2,0,2,15,6,9,2,0,2,5,3,2,86,43,43,38,24,14,0,0,0,4,0,4,17,9,8,27,10,17,7,3,4
3081610,0,0,0,0,0,0,0,0,0,0,0,0,0,0,0,0,0,0,0,0,0,0,0,0,0,0,0,0,0,0,0,0,0,0,0,0,0,0,0
54534101,848,465,383,811,446,365,32,18,14,78,40,38,6,0,6,37,19,18,808,350,458,448,184,264,2,0,2,41,0,41,124,68,56,193,98,95,27,18,9
54534104,881,465,416,851,450,401,33,12,21,87,42,45,5,0,5,30,15,15,768,317,451,344,136,208,1,1,0,51,0,51,139,63,76,233,117,116,5,2,3
54534105,37,18,19,34,17,17,0,0,0,6,3,3,1,0,1,3,1,2,36,18,18,17,11,6,1,1,0,2,0,2,6,3,3,10,3,7,0,0,0
54536801,67,38,29,66,37,29,1,0,1,9,4,5,1,0,1,1,1,0,47,17,30,16,6,10,0,0,0,3,0,3,11,4,7,17,7,10,0,0,0
54536802,183,102,81,178,99,79,10,2,8,14,6,8,1,0,1,5,3,2,132,63,69,64,29,35,2,2,0,5,0,5,22,8,14,39,24,15,1,1,0
54537601,9,6,3,9,6,3,0,0,0,1,1,0,0,0,0,0,0,0,14,6,8,3,1,2,0,0,0,2,0,2,3,0,3,6,5,1,0,0,0
54537602,105,64,41,98,60,38,2,2,0,7,4,3,1,0,1,7,4,3,90,38,52,44,21,23,1,1,0,6,0,6,15,6,9,24,10,14,3,1,2
54537604,33,19,14,33,19,14,0,0,0,4,3,1,0,0,0,0,0,0,18,5,13,9,3,6,0,0,0,1,0,1,2,1,1,6,1,5,0,0,0
54537605,26,14,12,26,14,12,1,1,0,5,4,1,0,0,0,0,0,0,25,9,16,12,3,9,0,0,0,2,0,2,6,3,3,5,3,2,0,0,0
1970250,0,0,0,0,0,0,0,0,0,0,0,0,0,0,0,0,0,0,0,0,0,0,0,0,0,0,0,0,0,0,0,0,0,0,0,0,0,0,0
54538401,50,26,24,49,26,23,0,0,0,6,3,3,1,0,1,1,0,1,55,22,33,21,10,11,0,0,0,2,0,2,8,2,6,24,10,14,0,0,0
54538402,18,10,8,17,9,8,0,0,0,3,1,2,0,0,0,1,1,0,8,1,7,4,1,3,0,0,0,0,0,0,1,0,1,3,0,3,0,0,0
54538403,65,39,26,64,39,25,2,1,1,11,7,4,0,0,0,1,0,1,54,27,27,26,14,12,0,0,0,4,0,4,11,8,3,13,5,8,1,1,0
54538404,22,13,9,21,12,9,0,0,0,2,1,1,0,0,0,1,1,0,19,9,10,8,3,5,0,0,0,1,0,1,4,2,2,6,4,2,0,0,0
54538406,24,16,8,22,14,8,1,1,0,3,3,0,0,0,0,2,2,0,22,10,12,16,6,10,0,0,0,1,0,1,2,2,0,3,2,1,0,0,0
54538407,21,11,10,21,11,10,3,1,2,1,0,1,0,0,0,0,0,0,19,11,8,8,4,4,0,0,0,0,0,0,1,1,0,10,6,4,0,0,0
54538408,128,78,50,127,77,50,2,0,2,18,9,9,1,0,1,1,1,0,86,35,51,38,16,22,0,0,0,5,0,5,16,7,9,27,12,15,2,2,0
54937101,82,47,35,79,45,34,7,3,4,13,4,9,3,0,3,3,2,1,83,36,47,50,20,30,0,0,0,1,0,1,14,9,5,18,7,11,0,0,0
54937102,21,14,7,19,12,7,1,1,0,2,1,1,0,0,0,2,2,0,30,14,16,22,12,10,0,0,0,1,0,1,3,1,2,4,1,3,3,2,1
54937103,11,6,5,10,5,5,2,2,0,1,0,1,0,0,0,1,1,0,11,3,8,11,3,8,0,0,0,0,0,0,0,0,0,0,0,0,0,0,0
55149001,156,82,74,154,81,73,6,3,3,20,12,8,2,0,2,2,1,1,109,47,62,40,15,25,0,0,0,3,0,3,22,11,11,44,21,23,6,3,3
55150301,16,9,7,16,9,7,1,0,1,1,1,0,0,0,0,0,0,0,20,7,13,8,2,6,0,0,0,1,0,1,3,1,2,8,4,4,1,0,1
55150302,57,40,17,56,40,16,3,2,1,8,6,2,0,0,0,1,0,1,57,17,40,19,5,14,0,0,0,5,0,5,19,8,11,14,4,10,2,1,1
55150303,13,8,5,11,7,4,0,0,0,1,0,1,0,0,0,2,1,1,67,22,45,57,17,40,0,0,0,2,0,2,3,2,1,5,3,2,0,0,0
55150304,22,10,12,22,10,12,0,0,0,4,2,2,0,0,0,0,0,0,28,13,15,15,7,8,0,0,0,1,0,1,3,2,1,9,4,5,0,0,0
59859301,99,57,42,99,57,42,5,4,1,13,6,7,0,0,0,0,0,0,84,38,46,33,14,19,0,0,0,5,0,5,19,8,11,27,16,11,1,1,0
59859302,11,6,5,11,6,5,1,1,0,2,2,0,0,0,0,0,0,0,9,5,4,5,2,3,0,0,0,0,0,0,1,1,0,3,2,1,0,0,0
59860701,160,79,81,155,77,78,9,3,6,17,7,10,0,0,0,5,2,3,112,56,56,25,12,13,0,0,0,3,0,3,24,13,11,60,31,29,2,1,1
59860702,89,53,36,87,52,35,2,1,1,12,8,4,1,0,1,2,1,1,82,41,41,31,15,16,0,0,0,8,0,8,24,14,10,19,12,7,0,0,0
59861501,28,15,13,28,15,13,0,0,0,2,2,0,0,0,0,0,0,0,39,16,23,16,5,11,0,0,0,3,0,3,10,6,4,10,5,5,0,0,0
59861502,13,10,3,13,10,3,1,0,1,0,0,0,1,0,1,0,0,0,19,6,13,5,2,3,0,0,0,2,0,2,6,2,4,6,2,4,1,0,1
59897601,28,16,12,27,15,12,0,0,0,3,1,2,0,0,0,1,1,0,33,13,20,10,4,6,0,0,0,4,0,4,13,6,7,6,3,3,1,0,1
59977801,24,16,8,24,16,8,1,1,0,3,2,1,0,0,0,0,0,0,30,10,20,12,5,7,0,0,0,3,0,3,4,2,2,11,3,8,2,1,1
3307520,0,0,0,0,0,0,0,0,0,0,0,0,0,0,0,0,0,0,0,0,0,0,0,0,0,0,0,0,0,0,0,0,0,0,0,0,0,0,0
50019401,26,17,9,26,17,9,0,0,0,2,1,1,0,0,0,0,0,0,22,7,15,7,3,4,0,0,0,3,0,3,5,3,2,7,1,6,4,4,0
50019402,78,47,31,64,42,22,2,0,2,11,8,3,0,0,0,14,5,9,63,26,37,14,4,10,1,1,0,3,0,3,20,7,13,25,14,11,5,5,0
51366101,29,17,12,29,17,12,2,0,2,0,0,0,0,0,0,0,0,0,27,11,16,10,5,5,0,0,0,2,0,2,6,3,3,9,3,6,1,0,1
51366103,174,98,76,165,93,72,8,2,6,9,4,5,1,0,1,9,5,4,160,70,90,75,32,43,1,1,0,7,0,7,25,11,14,52,26,26,1,1,0
53622901,31,19,12,31,19,12,1,1,0,3,3,0,0,0,0,0,0,0,31,13,18,9,3,6,0,0,0,2,0,2,5,3,2,15,7,8,0,0,0
53622903,24,15,9,24,15,9,2,0,2,2,2,0,0,0,0,0,0,0,15,5,10,4,2,2,0,0,0,0,0,0,2,1,1,9,2,7,0,0,0
53623701,44,22,22,42,21,21,4,0,4,5,2,3,0,0,0,2,1,1,49,19,30,22,6,16,0,0,0,1,0,1,11,5,6,15,8,7,2,2,0
53624501,175,98,77,172,96,76,5,2,3,11,8,3,1,0,1,3,2,1,144,62,82,73,30,43,0,0,0,2,0,2,22,10,12,47,22,25,4,1,3
53625302,44,24,20,42,23,19,0,0,0,3,2,1,0,0,0,2,1,1,42,24,18,13,7,6,0,0,0,2,0,2,13,8,5,14,9,5,3,2,1
53625303,16,8,8,14,7,7,2,0,2,0,0,0,0,0,0,2,1,1,23,11,12,15,9,6,0,0,0,2,0,2,3,1,2,3,1,2,0,0,0
53625304,11,7,4,10,7,3,0,0,0,1,0,1,0,0,0,1,0,1,18,7,11,8,4,4,0,0,0,2,0,2,4,2,2,4,1,3,0,0,0
53625305,76,47,29,72,45,27,1,0,1,5,5,0,0,0,0,4,2,2,54,25,29,23,11,12,0,0,0,3,0,3,8,3,5,20,11,9,2,2,0
0871650,0,0,0,0,0,0,0,0,0,0,0,0,0,0,0,0,0,0,0,0,0,0,0,0,0,0,0,0,0,0,0,0,0,0,0,0,0,0,0
1157890,0,0,0,0,0,0,0,0,0,0,0,0,0,0,0,0,0,0,0,0,0,0,0,0,0,0,0,0,0,0,0,0,0,0,0,0,0,0,0
1157970,0,0,0,0,0,0,0,0,0,0,0,0,0,0,0,0,0,0,0,0,0,0,0,0,0,0,0,0,0,0,0,0,0,0,0,0,0,0,0
53629601,29,17,12,27,16,11,0,0,0,4,4,0,0,0,0,2,1,1,40,15,25,21,10,11,0,0,0,2,0,2,3,0,3,14,5,9,3,3,0
53629603,16,9,7,16,9,7,0,0,0,2,1,1,0,0,0,0,0,0,14,8,6,8,6,2,0,0,0,1,0,1,3,1,2,2,1,1,0,0,0
53629604,18,8,10,18,8,10,0,0,0,1,0,1,1,0,1,0,0,0,23,12,11,10,6,4,0,0,0,1,0,1,7,5,2,5,1,4,0,0,0
53630001,43,27,16,42,26,16,1,1,0,5,4,1,2,0,2,1,1,0,45,21,24,21,10,11,0,0,0,1,0,1,7,3,4,16,8,8,0,0,0
53630002,33,15,18,33,15,18,4,0,4,0,0,0,0,0,0,0,0,0,38,15,23,13,6,7,0,0,0,4,0,4,8,5,3,13,4,9,0,0,0
0230192,0,0,0,0,0,0,0,0,0,0,0,0,0,0,0,0,0,0,0,0,0,0,0,0,0,0,0,0,0,0,0,0,0,0,0,0,0,0,0
0230602,0,0,0,0,0,0,0,0,0,0,0,0,0,0,0,0,0,0,0,0,0,0,0,0,0,0,0,0,0,0,0,0,0,0,0,0,0,0,0
3081700,0,0,0,0,0,0,0,0,0,0,0,0,0,0,0,0,0,0,0,0,0,0,0,0,0,0,0,0,0,0,0,0,0,0,0,0,0,0,0
54539203,411,204,207,395,198,197,18,9,9,65,36,29,8,0,8,16,6,10,346,149,197,166,58,108,3,2,1,10,0,10,70,34,36,97,55,42,20,11,9
54539204,209,114,95,201,112,89,4,1,3,27,15,12,2,0,2,8,2,6,188,83,105,94,37,57,1,1,0,7,0,7,33,16,17,53,29,24,5,3,2
54539205,1024,550,474,956,517,439,29,17,12,115,50,65,4,0,4,68,33,35,1123,455,668,635,235,400,3,2,1,47,1,46,141,73,68,297,144,153,23,13,10
54539206,225,126,99,209,118,91,5,3,2,22,15,7,0,0,0,16,8,8,207,93,114,129,59,70,0,0,0,4,0,4,18,9,9,56,25,31,2,1,1
54539207,788,399,389,758,388,370,30,11,19,108,56,52,5,0,5,30,11,19,634,302,332,274,121,153,5,3,2,25,0,25,106,58,48,224,120,104,9,6,3
54539208,188,99,89,181,96,85,7,3,4,23,15,8,1,0,1,7,3,4,218,92,126,147,52,95,0,0,0,2,0,2,15,8,7,54,32,22,2,1,1
54539210,321,172,149,296,157,139,6,0,6,37,19,18,1,0,1,25,15,10,289,135,154,131,60,71,3,3,0,13,0,13,52,29,23,90,43,47,8,4,4
54539211,1014,520,494,940,488,452,32,13,19,133,55,78,5,0,5,74,32,42,1067,449,618,624,242,382,6,3,3,30,0,30,132,58,74,275,146,129,24,9,15
54539212,63,33,30,57,30,27,3,1,2,8,4,4,0,0,0,6,3,3,46,19,27,20,9,11,1,1,0,5,0,5,11,5,6,9,4,5,1,1,0
54539213,301,160,141,287,155,132,8,4,4,28,14,14,1,0,1,14,5,9,235,110,125,81,37,44,2,2,0,5,0,5,33,20,13,114,51,63,4,2,2
54539214,111,67,44,108,65,43,3,3,0,14,12,2,0,0,0,3,2,1,115,48,67,62,23,39,0,0,0,6,0,6,16,7,9,31,18,13,0,0,0
54539215,1079,548,531,1002,513,489,29,14,15,88,44,44,6,0,6,77,35,42,705,308,397,274,108,166,3,2,1,41,0,41,128,71,57,259,127,132,29,18,11
54539216,53,29,24,52,28,24,0,0,0,4,2,2,0,0,0,1,1,0,30,11,19,18,8,10,0,0,0,2,0,2,3,0,3,7,3,4,0,0,0
54539217,45,25,20,42,22,20,3,1,2,16,9,7,0,0,0,3,3,0,42,14,28,26,12,14,0,0,0,1,0,1,5,1,4,10,1,9,0,0,0
54539218,70,42,28,63,38,25,2,0,2,8,6,2,0,0,0,7,4,3,56,28,28,27,13,14,0,0,0,0,0,0,7,1,6,22,14,8,0,0,0
54539220,279,153,126,246,135,111,8,3,5,23,12,11,2,0,2,33,18,15,266,109,157,114,48,66,2,2,0,13,0,13,57,21,36,80,38,42,7,3,4
54539221,220,140,80,190,120,70,6,2,4,18,10,8,2,0,2,30,20,10,115,55,60,31,19,12,0,0,0,7,0,7,33,13,20,44,23,21,61,44,17
54540601,532,300,232,492,278,214,7,2,5,37,21,16,2,0,2,40,22,18,490,211,279,219,91,128,2,0,2,25,0,25,87,44,43,157,76,81,36,20,16
54540603,12,10,2,11,9,2,0,0,0,2,1,1,0,0,0,1,1,0,10,5,5,5,3,2,0,0,0,1,0,1,4,2,2,0,0,0,2,0,2
54540605,24,16,8,24,16,8,0,0,0,3,3,0,0,0,0,0,0,0,37,16,21,24,10,14,0,0,0,2,0,2,5,3,2,6,3,3,1,0,1
54540607,53,30,23,51,28,23,2,1,1,3,0,3,0,0,0,2,2,0,46,27,19,16,12,4,0,0,0,5,0,5,13,7,6,12,8,4,2,0,2
54540608,17,13,4,16,13,3,0,0,0,3,3,0,0,0,0,1,0,1,19,5,14,9,2,7,0,0,0,2,0,2,4,2,2,4,1,3,0,0,0
54540610,17,9,8,16,9,7,0,0,0,0,0,0,0,0,0,1,0,1,10,4,6,7,3,4,0,0,0,0,0,0,2,0,2,1,1,0,0,0,0
54540611,23,13,10,22,12,10,0,0,0,5,1,4,0,0,0,1,1,0,17,8,9,5,3,2,0,0,0,1,0,1,2,0,2,9,5,4,2,1,1
54540612,32,21,11,31,21,10,0,0,0,4,1,3,1,0,1,1,0,1,21,6,15,12,4,8,0,0,0,1,0,1,5,1,4,3,1,2,1,0,1
54540613,20,14,6,18,13,5,2,2,0,1,1,0,0,0,0,2,1,1,17,9,8,11,5,6,0,0,0,0,0,0,3,3,0,3,1,2,1,1,0
54541401,366,212,154,353,204,149,16,8,8,29,15,14,6,0,6,13,8,5,392,159,233,199,76,123,0,0,0,20,0,20,65,28,37,108,55,53,9,5,4
54541402,24,14,10,24,14,10,1,1,0,2,2,0,0,0,0,0,0,0,22,9,13,7,2,5,0,0,0,1,0,1,3,0,3,11,7,4,0,0,0
0071530,0,0,0,0,0,0,0,0,0,0,0,0,0,0,0,0,0,0,0,0,0,0,0,0,0,0,0,0,0,0,0,0,0,0,0,0,0,0,0
3916970,0,0,0,0,0,0,0,0,0,0,0,0,0,0,0,0,0,0,0,0,0,0,0,0,0,0,0,0,0,0,0,0,0,0,0,0,0,0,0
3917350,0,0,0,0,0,0,0,0,0,0,0,0,0,0,0,0,0,0,0,0,0,0,0,0,0,0,0,0,0,0,0,0,0,0,0,0,0,0,0
3917430,0,0,0,0,0,0,0,0,0,0,0,0,0,0,0,0,0,0,0,0,0,0,0,0,0,0,0,0,0,0,0,0,0,0,0,0,0,0,0
3917780,0,0,0,0,0,0,0,0,0,0,0,0,0,0,0,0,0,0,0,0,0,0,0,0,0,0,0,0,0,0,0,0,0,0,0,0,0,0,0
3918160,0,0,0,0,0,0,0,0,0,0,0,0,0,0,0,0,0,0,0,0,0,0,0,0,0,0,0,0,0,0,0,0,0,0,0,0,0,0,0
3918240,0,0,0,0,0,0,0,0,0,0,0,0,0,0,0,0,0,0,0,0,0,0,0,0,0,0,0,0,0,0,0,0,0,0,0,0,0,0,0
54543103,432,250,182,415,239,176,14,4,10,43,23,20,2,0,2,17,11,6,385,179,206,182,71,111,0,0,0,16,0,16,47,24,23,140,84,56,2,2,0
54543105,36,19,17,35,19,16,1,0,1,3,2,1,1,0,1,1,0,1,39,17,22,15,5,10,0,0,0,3,0,3,16,8,8,5,4,1,1,1,0
54543106,13,9,4,13,9,4,0,0,0,1,1,0,0,0,0,0,0,0,13,8,5,8,5,3,1,1,0,1,0,1,1,1,0,2,1,1,0,0,0
54543107,17,10,7,17,10,7,0,0,0,0,0,0,0,0,0,0,0,0,13,5,8,4,1,3,0,0,0,2,0,2,4,2,2,3,2,1,0,0,0
54543108,24,15,9,24,15,9,3,2,1,3,1,2,1,0,1,0,0,0,19,5,14,11,2,9,0,0,0,0,0,0,5,3,2,3,0,3,1,0,1
54543109,40,29,11,39,28,11,0,0,0,2,2,0,0,0,0,1,1,0,39,19,20,20,9,11,0,0,0,2,0,2,9,5,4,8,5,3,0,0,0
54544901,192,118,74,185,113,72,5,4,1,15,7,8,4,0,4,7,5,2,157,70,87,51,21,30,0,0,0,12,0,12,45,22,23,49,27,22,8,3,5
54544902,13,10,3,13,10,3,0,0,0,0,0,0,0,0,0,0,0,0,10,4,6,8,4,4,0,0,0,0,0,0,0,0,0,2,0,2,0,0,0
54544903,45,26,19,40,23,17,2,1,1,4,1,3,0,0,0,5,3,2,41,22,19,14,6,8,0,0,0,3,0,3,11,8,3,13,8,5,0,0,0
54544904,29,18,11,29,18,11,0,0,0,3,2,1,0,0,0,0,0,0,31,13,18,19,8,11,0,0,0,0,0,0,1,1,0,11,4,7,0,0,0
54544905,20,10,10,19,9,10,1,1,0,1,0,1,0,0,0,1,1,0,16,10,6,8,4,4,0,0,0,0,0,0,2,2,0,6,4,2,1,0,1
0199170,0,0,0,0,0,0,0,0,0,0,0,0,0,0,0,0,0,0,0,0,0,0,0,0,0,0,0,0,0,0,0,0,0,0,0,0,0,0,0
54545701,9,4,5,8,4,4,0,0,0,2,1,1,0,0,0,1,0,1,15,11,4,7,5,2,1,1,0,0,0,0,3,1,2,4,4,0,0,0,0
54545702,24,15,9,22,15,7,0,0,0,2,2,0,0,0,0,2,0,2,23,10,13,14,6,8,0,0,0,0,0,0,2,2,0,7,2,5,0,0,0
54545703,11,5,6,11,5,6,0,0,0,2,2,0,0,0,0,0,0,0,22,12,10,17,11,6,0,0,0,0,0,0,1,0,1,4,1,3,0,0,0
54545704,324,175,149,303,163,140,9,3,6,30,17,13,3,1,2,21,12,9,283,118,165,133,57,76,0,0,0,12,0,12,50,20,30,88,41,47,8,4,4
54545706,14,9,5,12,8,4,0,0,0,1,1,0,0,0,0,2,1,1,10,5,5,8,4,4,0,0,0,0,0,0,1,1,0,1,0,1,1,0,1
54545707,18,8,10,18,8,10,0,0,0,2,1,1,1,0,1,0,0,0,27,15,12,16,7,9,1,1,0,0,0,0,2,2,0,8,5,3,0,0,0
1442072,0,0,0,0,0,0,0,0,0,0,0,0,0,0,0,0,0,0,0,0,0,0,0,0,0,0,0,0,0,0,0,0,0,0,0,0,0,0,0
1442660,0,0,0,0,0,0,0,0,0,0,0,0,0,0,0,0,0,0,0,0,0,0,0,0,0,0,0,0,0,0,0,0,0,0,0,0,0,0,0
54546501,440,239,201,415,229,186,7,5,2,31,15,16,2,0,2,25,10,15,331,147,184,127,55,72,0,0,0,20,0,20,72,33,39,112,59,53,36,20,16
54546503,36,22,14,33,21,12,1,0,1,5,2,3,1,0,1,3,1,2,24,12,12,12,6,6,0,0,0,0,0,0,5,3,2,7,3,4,3,1,2
54546504,16,13,3,14,11,3,0,0,0,3,2,1,0,0,0,2,2,0,21,9,12,10,3,7,0,0,0,1,0,1,5,3,2,5,3,2,3,1,2
54546505,14,7,7,14,7,7,0,0,0,3,1,2,0,0,0,0,0,0,15,7,8,8,4,4,0,0,0,0,0,0,1,1,0,6,2,4,0,0,0
54546506,24,12,12,23,12,11,1,0,1,0,0,0,0,0,0,1,0,1,18,9,9,11,5,6,0,0,0,0,0,0,0,0,0,7,4,3,0,0,0
54546510,127,66,61,118,64,54,2,0,2,13,7,6,0,0,0,9,2,7,98,43,55,50,19,31,0,0,0,3,0,3,19,9,10,26,15,11,6,4,2
54546511,43,24,19,41,23,18,1,1,0,5,4,1,0,0,0,2,1,1,45,24,21,17,11,6,0,0,0,1,0,1,9,6,3,18,7,11,2,0,2
54547301,15,9,6,15,9,6,1,0,1,2,1,1,0,0,0,0,0,0,12,5,7,5,2,3,0,0,0,0,0,0,2,0,2,5,3,2,0,0,0
54547302,593,321,272,574,316,258,29,18,11,48,24,24,4,0,4,19,5,14,461,187,274,158,59,99,0,0,0,29,0,29,89,42,47,185,86,99,6,2,4
54547303,9,6,3,9,6,3,1,1,0,0,0,0,0,0,0,0,0,0,17,3,14,10,2,8,0,0,0,0,0,0,5,0,5,2,1,1,0,0,0
54547304,22,12,10,22,12,10,0,0,0,2,0,2,1,0,1,0,0,0,18,8,10,7,3,4,0,0,0,1,0,1,5,3,2,5,2,3,2,1,1
54547305,32,17,15,30,17,13,2,1,1,3,2,1,0,0,0,2,0,2,31,12,19,14,6,8,1,1,0,1,0,1,2,1,1,13,4,9,1,1,0
54547306,23,12,11,22,12,10,0,0,0,1,1,0,0,0,0,1,0,1,24,13,11,12,6,6,0,0,0,1,0,1,5,3,2,6,4,2,0,0,0
54547307,12,7,5,10,5,5,1,0,1,0,0,0,0,0,0,2,2,0,8,5,3,2,1,1,0,0,0,0,0,0,0,0,0,6,4,2,0,0,0
54547308,36,21,15,33,19,14,0,0,0,6,5,1,0,0,0,3,2,1,34,15,19,23,10,13,0,0,0,1,0,1,3,1,2,7,4,3,1,1,0
54548101,11,8,3,11,8,3,0,0,0,3,3,0,0,0,0,0,0,0,15,6,9,8,4,4,1,0,1,1,0,1,4,2,2,1,0,1,0,0,0
54548102,536,277,259,502,264,238,8,4,4,63,30,33,3,0,3,34,13,21,515,239,276,227,98,129,5,2,3,30,0,30,92,45,47,161,94,67,25,15,10
54548103,14,9,5,14,9,5,0,0,0,1,1,0,0,0,0,0,0,0,11,5,6,8,3,5,0,0,0,0,0,0,1,1,0,2,1,1,0,0,0
54548104,14,5,9,12,5,7,1,0,1,3,2,1,0,0,0,2,0,2,11,6,5,9,4,5,0,0,0,0,0,0,1,1,0,1,1,0,1,1,0
54548105,27,14,13,27,14,13,0,0,0,1,0,1,0,0,0,0,0,0,17,11,6,11,6,5,0,0,0,0,0,0,1,1,0,5,4,1,1,0,1
54548106,18,10,8,17,10,7,0,0,0,1,0,1,0,0,0,1,0,1,10,7,3,8,5,3,0,0,0,0,0,0,1,1,0,1,1,0,0,0,0
0414832,0,0,0,0,0,0,0,0,0,0,0,0,0,0,0,0,0,0,0,0,0,0,0,0,0,0,0,0,0,0,0,0,0,0,0,0,0,0,0
54549001,38,18,20,37,18,19,0,0,0,6,3,3,1,0,1,1,0,1,52,24,28,30,14,16,0,0,0,1,0,1,5,3,2,16,7,9,0,0,0
54549002,267,144,123,263,142,121,10,7,3,24,11,13,2,0,2,4,2,2,291,124,167,133,58,75,0,0,0,9,0,9,43,19,24,106,47,59,7,2,5
54549003,15,9,6,14,9,5,1,0,1,0,0,0,0,0,0,1,0,1,20,9,11,6,2,4,0,0,0,1,0,1,3,3,0,10,4,6,0,0,0
54549004,76,42,34,73,42,31,4,1,3,11,4,7,1,0,1,3,0,3,74,32,42,33,17,16,0,0,0,8,0,8,17,9,8,16,6,10,0,0,0
54549005,19,9,10,18,9,9,1,0,1,1,0,1,0,0,0,1,0,1,8,3,5,4,2,2,0,0,0,0,0,0,0,0,0,4,1,3,0,0,0
54549006,39,23,16,39,23,16,0,0,0,6,3,3,0,0,0,0,0,0,47,18,29,28,11,17,0,0,0,0,0,0,3,2,1,16,5,11,0,0,0
54549007,72,42,30,71,41,30,0,0,0,6,3,3,2,0,2,1,1,0,52,22,30,25,10,15,1,0,1,0,0,0,7,3,4,19,9,10,1,0,1
54550301,65,40,25,58,36,22,3,1,2,7,6,1,0,0,0,7,4,3,51,23,28,24,12,12,0,0,0,1,0,1,14,7,7,12,4,8,4,1,3
54550302,156,88,68,137,81,56,3,1,2,9,5,4,0,0,0,19,7,12,137,66,71,75,33,42,0,0,0,5,0,5,23,12,11,34,21,13,11,7,4
3304770,0,0,0,0,0,0,0,0,0,0,0,0,0,0,0,0,0,0,0,0,0,0,0,0,0,0,0,0,0,0,0,0,0,0,0,0,0,0,0
3917510,0,0,0,0,0,0,0,0,0,0,0,0,0,0,0,0,0,0,0,0,0,0,0,0,0,0,0,0,0,0,0,0,0,0,0,0,0,0,0
54551101,22,16,6,21,16,5,1,0,1,2,0,2,0,0,0,1,0,1,12,5,7,10,5,5,0,0,0,0,0,0,0,0,0,2,0,2,1,0,1
54551104,34,22,12,25,19,6,2,2,0,1,1,0,0,0,0,9,3,6,28,12,16,9,2,7,0,0,0,2,0,2,8,6,2,9,4,5,0,0,0
54551106,747,390,357,709,370,339,22,8,14,98,38,60,1,0,1,38,20,18,870,387,483,508,207,301,0,0,0,27,0,27,110,61,49,225,119,106,35,22,13
54551108,10,6,4,10,6,4,1,0,1,1,1,0,0,0,0,0,0,0,12,4,8,10,3,7,0,0,0,0,0,0,1,1,0,1,0,1,0,0,0
54551110,23,14,9,23,14,9,0,0,0,3,3,0,0,0,0,0,0,0,20,9,11,13,6,7,0,0,0,0,0,0,2,2,0,5,1,4,0,0,0
54551111,45,30,15,41,28,13,1,1,0,2,2,0,0,0,0,4,2,2,32,17,15,19,8,11,0,0,0,0,0,0,2,1,1,11,8,3,1,0,1
54551112,14,8,6,14,8,6,0,0,0,2,2,0,0,0,0,0,0,0,17,6,11,9,4,5,0,0,0,3,0,3,3,1,2,2,1,1,1,1,0
54551113,21,13,8,20,13,7,0,0,0,3,3,0,0,0,0,1,0,1,20,11,9,13,6,7,0,0,0,0,0,0,2,2,0,5,3,2,2,2,0
54551114,25,15,10,24,14,10,0,0,0,3,3,0,0,0,0,1,1,0,16,7,9,6,3,3,0,0,0,0,0,0,1,1,0,9,3,6,1,0,1
0452761,0,0,0,0,0,0,0,0,0,0,0,0,0,0,0,0,0,0,0,0,0,0,0,0,0,0,0,0,0,0,0,0,0,0,0,0,0,0,0
1502580,0,0,0,0,0,0,0,0,0,0,0,0,0,0,0,0,0,0,0,0,0,0,0,0,0,0,0,0,0,0,0,0,0,0,0,0,0,0,0
54552001,352,189,163,326,182,144,11,5,6,35,22,13,0,0,0,26,7,19,305,153,152,136,58,78,0,0,0,16,0,16,59,40,19,94,55,39,14,12,2
54552002,33,16,17,31,15,16,1,0,1,3,1,2,0,0,0,2,1,1,24,13,11,9,6,3,0,0,0,0,0,0,8,5,3,7,2,5,0,0,0
54552003,23,12,11,14,7,7,0,0,0,1,1,0,0,0,0,9,5,4,19,13,6,2,2,0,0,0,0,0,0,0,7,4,3,10,7,3,1,0,1
54552005,25,16,9,23,16,7,0,0,0,1,1,0,0,0,0,2,0,2,20,8,12,6,3,3,1,0,1,2,0,2,6,2,4,5,3,2,0,0,0
0553440,0,0,0,0,0,0,0,0,0,0,0,0,0,0,0,0,0,0,0,0,0,0,0,0,0,0,0,0,0,0,0,0,0,0,0,0,0,0,0
3304420,0,0,0,0,0,0,0,0,0,0,0,0,0,0,0,0,0,0,0,0,0,0,0,0,0,0,0,0,0,0,0,0,0,0,0,0,0,0,0
54554601,56,30,26,53,30,23,2,1,1,6,3,3,0,0,0,3,0,3,45,21,24,19,10,9,0,0,0,3,0,3,7,4,3,16,7,9,1,0,1
54554603,72,46,26,44,25,19,0,0,0,6,2,4,0,0,0,28,21,7,26,12,14,6,4,2,0,0,0,2,0,2,2,1,1,16,7,9,1,1,0
54554605,532,304,228,507,291,216,17,6,11,59,37,22,2,0,2,25,13,12,484,206,278,228,87,141,0,0,0,25,0,25,85,37,48,146,82,64,8,4,4
54555401,301,165,136,289,161,128,15,4,11,24,13,11,1,0,1,12,4,8,266,114,152,95,41,54,0,0,0,17,0,17,55,29,26,99,44,55,17,14,3
54555402,258,137,121,247,133,114,9,2,7,25,11,14,1,0,1,11,4,7,218,98,120,85,33,52,0,0,0,7,0,7,32,20,12,94,45,49,2,0,2
54555403,27,15,12,26,14,12,1,1,0,4,1,3,0,0,0,1,1,0,28,11,17,12,6,6,0,0,0,2,0,2,7,2,5,7,3,4,0,0,0
54555404,76,41,35,74,40,34,3,2,1,4,2,2,0,0,0,2,1,1,58,27,31,16,5,11,0,0,0,0,0,0,7,2,5,35,20,15,2,0,2
54555405,82,47,35,79,47,32,4,4,0,9,6,3,1,0,1,3,0,3,70,32,38,29,14,15,0,0,0,2,0,2,12,4,8,27,14,13,1,1,0
54555406,5,3,2,5,3,2,0,0,0,0,0,0,0,0,0,0,0,0,17,8,9,12,5,7,0,0,0,1,0,1,2,2,0,2,1,1,0,0,0
54555407,50,30,20,47,28,19,3,0,3,3,1,2,0,0,0,3,2,1,70,28,42,24,11,13,0,0,0,6,0,6,19,9,10,21,8,13,1,0,1
54555409,17,10,7,16,10,6,0,0,0,2,2,0,1,0,1,1,0,1,9,3,6,0,0,0,0,0,0,1,0,1,2,1,1,6,2,4,0,0,0
54555410,118,61,57,115,60,55,4,1,3,7,3,4,0,0,0,3,1,2,73,32,41,12,4,8,0,0,0,6,0,6,15,7,8,40,21,19,2,0,2
54555411,37,16,21,36,16,20,1,0,1,1,1,0,1,0,1,1,0,1,25,8,17,7,2,5,0,0,0,1,0,1,7,1,6,10,5,5,1,1,0
54555412,42,27,15,38,25,13,1,1,0,2,1,1,2,0,2,4,2,2,33,11,22,6,1,5,0,0,0,2,0,2,8,3,5,17,7,10,2,2,0
0631260,0,0,0,0,0,0,0,0,0,0,0,0,0,0,0,0,0,0,0,0,0,0,0,0,0,0,0,0,0,0,0,0,0,0,0,0,0,0,0
54556201,215,152,63,211,149,62,5,3,2,7,4,3,1,0,1,4,3,1,123,58,65,57,23,34,0,0,0,7,0,7,23,12,11,36,23,13,6,2,4
54556202,20,13,7,20,13,7,2,1,1,1,1,0,0,0,0,0,0,0,14,8,6,6,3,3,0,0,0,1,0,1,2,2,0,5,3,2,0,0,0
54556203,28,20,8,27,19,8,2,1,1,2,1,1,1,0,1,1,1,0,17,6,11,10,3,7,0,0,0,0,0,0,2,1,1,5,2,3,0,0,0
54556204,40,26,14,33,21,12,0,0,0,2,2,0,0,0,0,7,5,2,32,17,15,15,7,8,0,0,0,3,0,3,6,3,3,8,7,1,0,0,0
54556205,12,6,6,12,6,6,0,0,0,2,0,2,0,0,0,0,0,0,11,6,5,7,3,4,0,0,0,0,0,0,0,0,0,4,3,1,0,0,0
54556206,71,44,27,70,44,26,0,0,0,6,4,2,0,0,0,1,0,1,92,46,46,39,22,17,1,0,1,8,1,7,19,9,10,25,14,11,0,0,0
54556208,38,21,17,38,21,17,0,0,0,1,0,1,0,0,0,0,0,0,30,14,16,14,6,8,0,0,0,0,0,0,7,3,4,9,5,4,0,0,0
54556209,61,36,25,58,36,22,3,3,0,6,4,2,0,0,0,3,0,3,47,22,25,16,8,8,0,0,0,4,0,4,9,5,4,18,9,9,1,1,0
54556210,25,14,11,24,13,11,0,0,0,2,0,2,0,0,0,1,1,0,15,8,7,7,3,4,0,0,0,1,0,1,3,2,1,4,3,1,0,0,0
54556211,41,24,17,40,24,16,1,0,1,4,3,1,0,0,0,1,0,1,36,19,17,15,8,7,1,0,1,2,0,2,8,5,3,10,6,4,0,0,0
54556214,588,322,266,558,307,251,10,4,6,49,28,21,2,0,2,30,15,15,525,215,310,288,107,181,2,0,2,28,0,28,81,48,33,126,60,66,21,11,10
54556216,464,269,195,431,253,178,12,3,9,29,15,14,4,0,4,33,16,17,341,158,183,136,58,78,0,0,0,15,0,15,69,32,37,121,68,53,45,27,18
54556217,494,278,216,477,269,208,16,8,8,50,26,24,3,0,3,17,9,8,516,254,262,254,109,145,2,2,0,21,0,21,81,41,40,158,102,56,9,6,3
54556218,785,421,364,749,413,336,22,15,7,58,27,31,6,0,6,36,8,28,700,300,400,340,128,212,4,0,4,39,0,39,127,74,53,190,98,92,17,7,10
54556220,730,412,318,701,399,302,20,14,6,69,31,38,1,0,1,29,13,16,561,251,310,253,105,148,1,1,0,26,0,26,93,46,47,188,99,89,25,14,11
54556221,78,46,32,77,45,32,10,5,5,10,8,2,0,0,0,1,1,0,82,37,45,46,23,23,1,1,0,5,0,5,11,4,7,19,9,10,0,0,0
54556222,23,12,11,23,12,11,0,0,0,4,2,2,0,0,0,0,0,0,15,10,5,8,5,3,0,0,0,0,0,0,4,3,1,3,2,1,0,0,0
54557101,426,231,195,412,223,189,19,4,15,36,20,16,3,0,3,14,8,6,385,188,197,115,49,66,1,0,1,27,0,27,93,47,46,149,92,57,6,4,2
54557102,40,22,18,40,22,18,0,0,0,2,0,2,0,0,0,0,0,0,40,18,22,11,4,7,0,0,0,2,0,2,13,6,7,14,8,6,1,0,1
54557103,57,31,26,55,30,25,6,3,3,1,0,1,0,0,0,2,1,1,38,20,18,17,6,11,1,1,0,1,0,1,3,2,1,16,11,5,0,0,0
54557104,18,10,8,17,9,8,1,0,1,2,2,0,0,0,0,1,1,0,25,12,13,13,7,6,0,0,0,1,0,1,1,1,0,10,4,6,0,0,0
54557105,26,13,13,24,12,12,3,2,1,3,1,2,1,0,1,2,1,1,17,8,9,7,4,3,0,0,0,1,0,1,4,1,3,5,3,2,0,0,0
54557106,90,48,42,85,46,39,0,0,0,6,4,2,1,0,1,5,2,3,76,30,46,29,14,15,0,0,0,3,0,3,17,7,10,27,9,18,4,2,2
54557107,647,333,314,622,322,300,24,8,16,77,42,35,3,0,3,25,11,14,577,260,317,294,129,165,0,0,0,14,0,14,66,31,35,203,100,103,18,12,6
54557108,43,26,17,42,25,17,1,0,1,6,2,4,0,0,0,1,1,0,43,12,31,30,10,20,0,0,0,1,0,1,5,0,5,7,2,5,0,0,0
54557109,10,5,5,10,5,5,0,0,0,1,1,0,0,0,0,0,0,0,12,4,8,5,2,3,0,0,0,1,0,1,4,1,3,2,1,1,0,0,0
54557110,112,71,41,110,70,40,6,2,4,9,5,4,2,0,2,2,1,1,121,50,71,54,19,35,0,0,0,11,0,11,31,14,17,25,17,8,1,1,0
54557112,50,31,19,49,30,19,1,0,1,3,3,0,2,0,2,1,1,0,35,20,15,12,5,7,0,0,0,0,0,0,11,6,5,12,9,3,1,0,1
54557113,21,14,7,18,13,5,0,0,0,5,4,1,0,0,0,3,1,2,19,11,8,7,4,3,0,0,0,1,0,1,8,4,4,3,3,0,0,0,0
54559701,232,124,108,221,119,102,9,5,4,20,8,12,1,0,1,11,5,6,190,90,100,63,29,34,0,0,0,7,0,7,41,21,20,79,40,39,23,16,7
54559702,82,44,38,77,42,35,2,1,1,6,3,3,0,0,0,5,2,3,57,22,35,25,8,17,0,0,0,1,0,1,13,5,8,18,9,9,0,0,0
54559703,27,15,12,26,15,11,0,0,0,4,3,1,0,0,0,1,0,1,20,10,10,8,3,5,0,0,0,1,0,1,3,2,1,8,5,3,3,1,2
1989190,0,0,0,0,0,0,0,0,0,0,0,0,0,0,0,0,0,0,0,0,0,0,0,0,0,0,0,0,0,0,0,0,0,0,0,0,0,0,0
54560102,37,25,12,29,19,10,0,0,0,3,3,0,2,0,2,8,6,2,20,13,7,10,4,6,0,0,0,0,0,0,4,4,0,6,5,1,3,2,1
54560103,33,16,17,32,15,17,2,1,1,3,1,2,0,0,0,1,1,0,28,14,14,11,7,4,0,0,0,0,0,0,5,1,4,12,6,6,3,1,2
54560105,36,21,15,35,20,15,0,0,0,3,0,3,0,0,0,1,1,0,37,22,15,16,7,9,0,0,0,2,0,2,9,5,4,10,10,0,0,0,0
54560106,581,311,270,512,277,235,10,6,4,39,18,21,5,0,5,69,34,35,597,266,331,353,157,196,1,0,1,17,0,17,74,33,41,152,76,76,33,24,9
54560107,21,12,9,20,12,8,1,0,1,3,1,2,0,0,0,1,0,1,15,10,5,14,9,5,0,0,0,0,0,0,0,0,0,1,1,0,1,1,0
0911540,0,0,0,0,0,0,0,0,0,0,0,0,0,0,0,0,0,0,0,0,0,0,0,0,0,0,0,0,0,0,0,0,0,0,0,0,0,0,0
54561901,25,13,12,25,13,12,1,1,0,0,0,0,0,0,0,0,0,0,21,9,12,8,4,4,0,0,0,1,0,1,5,2,3,7,3,4,0,0,0
54561902,47,30,17,43,27,16,0,0,0,2,2,0,0,0,0,4,3,1,40,16,24,17,7,10,0,0,0,4,0,4,8,4,4,11,5,6,2,1,1
54561903,22,13,9,21,12,9,0,0,0,1,1,0,0,0,0,1,1,0,17,5,12,7,3,4,0,0,0,2,0,2,4,1,3,4,1,3,0,0,0
54561904,24,15,9,23,14,9,0,0,0,0,0,0,0,0,0,1,1,0,21,8,13,13,5,8,0,0,0,1,0,1,2,0,2,5,3,2,3,2,1
54561905,533,303,230,510,299,211,16,8,8,31,15,16,5,0,5,23,4,19,457,212,245,164,73,91,3,2,1,21,0,21,89,45,44,180,92,88,24,15,9
54561906,66,39,27,61,37,24,1,1,0,1,1,0,1,0,1,5,2,3,47,19,28,16,4,12,0,0,0,2,0,2,8,4,4,21,11,10,1,1,0
54562701,31,22,9,28,21,7,0,0,0,4,3,1,0,0,0,3,1,2,24,11,13,12,4,8,0,0,0,1,0,1,4,3,1,7,4,3,4,2,2
54562702,25,13,12,24,12,12,0,0,0,2,1,1,0,0,0,1,1,0,20,11,9,3,2,1,0,0,0,1,0,1,5,4,1,11,5,6,0,0,0
54562704,107,64,43,100,61,39,3,2,1,12,8,4,1,0,1,7,3,4,105,42,63,51,22,29,0,0,0,5,0,5,22,11,11,27,9,18,10,5,5
54562705,43,21,22,43,21,22,0,0,0,2,0,2,0,0,0,0,0,0,34,20,14,6,2,4,0,0,0,1,0,1,4,1,3,23,17,6,0,0,0
54562708,27,15,12,27,15,12,1,0,1,6,4,2,0,0,0,0,0,0,26,10,16,12,3,9,0,0,0,2,0,2,5,1,4,7,6,1,0,0,0
54564301,14,8,6,14,8,6,1,1,0,1,1,0,0,0,0,0,0,0,11,8,3,2,1,1,0,0,0,1,0,1,4,3,1,4,4,0,0,0,0
54564302,199,109,90,188,104,84,5,3,2,13,5,8,2,1,1,11,5,6,179,86,93,90,38,52,0,0,0,6,0,6,27,16,11,56,32,24,4,2,2
54564303,28,14,14,26,13,13,3,1,2,2,1,1,0,0,0,2,1,1,19,10,9,11,5,6,0,0,0,0,0,0,2,1,1,6,4,2,0,0,0
54566001,14,6,8,14,6,8,1,0,1,3,0,3,0,0,0,0,0,0,18,8,10,5,3,2,0,0,0,1,0,1,1,0,1,11,5,6,0,0,0
54566002,45,27,18,42,26,16,2,1,1,3,2,1,1,0,1,3,1,2,37,22,15,17,7,10,0,0,0,1,0,1,9,6,3,10,9,1,2,0,2
54566003,143,77,66,127,68,59,5,3,2,10,3,7,0,0,0,16,9,7,113,45,68,43,18,25,1,1,0,6,0,6,21,9,12,42,17,25,6,4,2
54566004,44,23,21,42,21,21,3,1,2,4,1,3,0,0,0,2,2,0,46,23,23,19,12,7,0,0,0,0,0,0,3,1,2,24,10,14,1,1,0
54566005,18,12,6,14,9,5,0,0,0,0,0,0,0,0,0,4,3,1,17,8,9,7,3,4,0,0,0,1,0,1,5,3,2,4,2,2,0,0,0
54566006,24,14,10,23,14,9,3,2,1,1,1,0,0,0,0,1,0,1,23,10,13,11,5,6,0,0,0,1,0,1,2,0,2,9,5,4,1,0,1
1248000,0,0,0,0,0,0,0,0,0,0,0,0,0,0,0,0,0,0,0,0,0,0,0,0,0,0,0,0,0,0,0,0,0,0,0,0,0,0,0
54569403,102,62,40,84,54,30,1,1,0,6,5,1,0,0,0,18,8,10,95,41,54,47,21,26,0,0,0,5,0,5,15,7,8,28,13,15,10,9,1
0353190,0,0,0,0,0,0,0,0,0,0,0,0,0,0,0,0,0,0,0,0,0,0,0,0,0,0,0,0,0,0,0,0,0,0,0,0,0,0,0
54571602,11,7,4,11,7,4,0,0,0,2,2,0,0,0,0,0,0,0,21,7,14,7,4,3,0,0,0,2,0,2,4,1,3,8,2,6,0,0,0
54571603,29,15,14,27,14,13,0,0,0,8,4,4,0,0,0,2,1,1,27,12,15,22,9,13,0,0,0,1,0,1,2,1,1,2,2,0,0,0,0
54571605,47,30,17,43,28,15,0,0,0,8,5,3,0,0,0,4,2,2,48,24,24,32,18,14,0,0,0,2,1,1,9,4,5,5,1,4,4,4,0
1359170,0,0,0,0,0,0,0,0,0,0,0,0,0,0,0,0,0,0,0,0,0,0,0,0,0,0,0,0,0,0,0,0,0,0,0,0,0,0,0
54572402,47,26,21,35,17,18,3,1,2,4,4,0,0,0,0,12,9,3,40,21,19,8,3,5,0,0,0,2,0,2,10,5,5,20,13,7,0,0,0
54572404,238,129,109,225,124,101,6,1,5,24,14,10,2,0,2,13,5,8,215,96,119,77,37,40,1,0,1,12,0,12,48,26,22,77,33,44,7,4,3
54572406,16,7,9,15,7,8,0,0,0,1,0,1,0,0,0,1,0,1,16,5,11,6,4,2,0,0,0,1,0,1,3,0,3,6,1,5,0,0,0
54572407,27,17,10,26,17,9,1,1,0,4,2,2,1,0,1,1,0,1,17,10,7,8,4,4,1,1,0,1,0,1,4,3,1,3,2,1,0,0,0
54572409,15,6,9,15,6,9,0,0,0,1,0,1,0,0,0,0,0,0,22,12,10,11,8,3,0,0,0,1,0,1,1,0,1,9,4,5,0,0,0
54573201,113,60,53,113,60,53,3,3,0,15,8,7,2,0,2,0,0,0,74,34,40,32,11,21,0,0,0,1,0,1,18,6,12,23,17,6,1,0,1
54576701,71,43,28,66,41,25,1,0,1,8,5,3,1,0,1,5,2,3,61,28,33,25,11,14,0,0,0,5,0,5,12,7,5,19,10,9,2,1,1
54576702,119,73,46,111,68,43,2,1,1,8,5,3,2,0,2,8,5,3,86,40,46,41,20,21,0,0,0,5,0,5,16,8,8,24,12,12,4,2,2
1428160,0,0,0,0,0,0,0,0,0,0,0,0,0,0,0,0,0,0,0,0,0,0,0,0,0,0,0,0,0,0,0,0,0,0,0,0,0,0,0
54577503,21,16,5,19,14,5,0,0,0,0,0,0,0,0,0,2,2,0,31,15,16,8,4,4,0,0,0,4,0,4,8,5,3,11,6,5,1,0,1
54577506,155,94,61,144,89,55,1,0,1,15,9,6,1,0,1,11,5,6,156,72,84,83,39,44,2,1,1,4,0,4,21,13,8,46,19,27,9,4,5
54577507,17,8,9,17,8,9,0,0,0,2,2,0,0,0,0,0,0,0,9,4,5,5,3,2,0,0,0,0,0,0,1,0,1,3,1,2,0,0,0
54580501,12,7,5,12,7,5,0,0,0,0,0,0,0,0,0,0,0,0,8,7,1,2,1,1,0,0,0,0,0,0,1,1,0,5,5,0,0,0,0
54580502,7,5,2,7,5,2,0,0,0,0,0,0,0,0,0,0,0,0,16,7,9,7,3,4,0,0,0,0,0,0,3,2,1,6,2,4,0,0,0
54580503,161,84,77,159,84,75,6,2,4,11,6,5,0,0,0,2,0,2,153,78,75,78,36,42,1,0,1,7,0,7,27,18,9,40,24,16,1,0,1
1606360,0,0,0,0,0,0,0,0,0,0,0,0,0,0,0,0,0,0,0,0,0,0,0,0,0,0,0,0,0,0,0,0,0,0,0,0,0,0,0
54581303,111,57,54,104,55,49,1,0,1,14,7,7,0,0,0,7,2,5,116,58,58,58,29,29,0,0,0,4,0,4,18,13,5,36,16,20,2,1,1
54582101,7,5,2,7,5,2,0,0,0,0,0,0,0,0,0,0,0,0,20,10,10,17,8,9,0,0,0,1,0,1,2,2,0,0,0,0,0,0,0
54582102,31,20,11,30,20,10,0,0,0,7,5,2,0,0,0,1,0,1,21,6,15,12,3,9,0,0,0,2,0,2,4,3,1,3,0,3,0,0,0
54582103,30,16,14,30,16,14,1,1,0,5,1,4,1,0,1,0,0,0,29,11,18,12,5,7,0,0,0,1,0,1,5,2,3,11,4,7,0,0,0
54582105,20,12,8,20,12,8,1,0,1,4,3,1,0,0,0,0,0,0,15,5,10,6,1,5,0,0,0,0,0,0,4,1,3,5,3,2,0,0,0
54582106,1826,976,850,1727,921,806,72,35,37,191,89,102,9,0,9,99,55,44,1562,684,878,764,330,434,1,1,0,78,1,77,263,124,139,456,228,228,57,33,24
54582107,79,47,32,74,45,29,4,2,2,6,3,3,2,0,2,5,2,3,81,35,46,41,18,23,0,0,0,5,0,5,16,8,8,19,9,10,0,0,0
54583001,10,9,1,10,9,1,0,0,0,2,1,1,0,0,0,0,0,0,19,8,11,12,6,6,0,0,0,2,0,2,2,1,1,3,1,2,3,1,2
54583002,24,11,13,24,11,13,0,0,0,3,1,2,1,0,1,0,0,0,21,10,11,12,7,5,0,0,0,0,0,0,2,0,2,7,3,4,0,0,0
54583004,20,12,8,19,11,8,0,0,0,2,1,1,0,0,0,1,1,0,16,8,8,5,2,3,0,0,0,0,0,0,2,1,1,9,5,4,0,0,0
54583005,16,9,7,14,8,6,0,0,0,3,2,1,0,0,0,2,1,1,6,4,2,5,3,2,0,0,0,0,0,0,0,0,0,1,1,0,0,0,0
54583006,32,20,12,17,13,4,0,0,0,2,2,0,0,0,0,15,7,8,44,20,24,10,7,3,0,0,0,3,0,3,21,9,12,10,4,6,12,7,5
54583007,1537,849,688,1387,770,617,32,14,18,145,71,74,7,0,7,150,79,71,1420,639,781,646,264,382,6,4,2,69,0,69,279,150,129,420,221,199,107,67,40
54583009,18,11,7,17,11,6,0,0,0,0,0,0,1,0,1,1,0,1,18,8,10,8,4,4,0,0,0,1,0,1,4,2,2,5,2,3,1,1,0
54583010,21,14,7,20,14,6,0,0,0,1,1,0,0,0,0,1,0,1,14,3,11,5,2,3,0,0,0,2,0,2,2,0,2,5,1,4,0,0,0
54583011,141,73,68,136,69,67,4,1,3,8,5,3,1,0,1,5,4,1,110,59,51,42,23,19,0,0,0,2,0,2,16,10,6,50,26,24,0,0,0
1889812,0,0,0,0,0,0,0,0,0,0,0,0,0,0,0,0,0,0,0,0,0,0,0,0,0,0,0,0,0,0,0,0,0,0,0,0,0,0,0
1890060,0,0,0,0,0,0,0,0,0,0,0,0,0,0,0,0,0,0,0,0,0,0,0,0,0,0,0,0,0,0,0,0,0,0,0,0,0,0,0
54584802,32,19,13,28,17,11,2,2,0,2,0,2,1,0,1,4,2,2,29,15,14,13,6,7,0,0,0,3,0,3,9,6,3,4,3,1,3,2,1
54584803,13,9,4,13,9,4,0,0,0,0,0,0,0,0,0,0,0,0,20,9,11,2,1,1,3,2,1,0,0,0,6,2,4,9,4,5,2,0,2
54584804,32,18,14,31,18,13,4,4,0,5,2,3,0,0,0,1,0,1,17,9,8,8,5,3,0,0,0,1,0,1,2,0,2,6,4,2,0,0,0
54584805,61,36,25,57,33,24,2,1,1,8,4,4,1,0,1,4,3,1,47,27,20,30,14,16,0,0,0,0,0,0,5,4,1,12,9,3,11,8,3
54584806,17,9,8,16,8,8,0,0,0,1,1,0,0,0,0,1,1,0,28,17,11,8,5,3,0,0,0,1,0,1,3,1,2,16,11,5,0,0,0
54584807,121,67,54,115,64,51,3,0,3,1,0,1,0,0,0,6,3,3,76,29,47,22,10,12,0,0,0,4,0,4,20,5,15,30,14,16,9,4,5
54584808,26,18,8,25,18,7,1,1,0,1,1,0,0,0,0,1,0,1,36,14,22,16,7,9,0,0,0,1,0,1,4,3,1,15,4,11,2,1,1
54584809,945,532,413,884,506,378,15,12,3,103,54,49,6,0,6,61,26,35,853,377,476,365,157,208,7,6,1,38,2,36,190,91,99,253,121,132,63,29,34
54586401,72,39,33,70,37,33,4,3,1,7,3,4,1,0,1,2,2,0,60,25,35,24,7,17,0,0,0,4,0,4,11,6,5,21,12,9,1,1,0
54586402,106,56,50,103,53,50,3,3,0,7,1,6,3,0,3,3,3,0,91,39,52,41,18,23,0,0,0,4,0,4,19,9,10,27,12,15,0,0,0
54586403,140,76,64,138,76,62,5,2,3,16,9,7,1,0,1,2,0,2,124,51,73,44,17,27,0,0,0,8,0,8,26,10,16,46,24,22,0,0,0
54586404,84,51,33,80,48,32,0,0,0,6,5,1,0,0,0,4,3,1,92,42,50,48,23,25,0,0,0,3,0,3,8,2,6,33,17,16,2,1,1
54587201,36,20,16,35,19,16,1,1,0,1,1,0,0,0,0,1,1,0,36,20,16,20,8,12,1,1,0,0,0,0,3,3,0,12,8,4,0,0,0
54587202,156,87,69,153,86,67,7,3,4,11,6,5,0,0,0,3,1,2,129,60,69,43,17,26,0,0,0,8,0,8,26,12,14,52,31,21,3,2,1
54587203,35,19,16,35,19,16,2,1,1,3,1,2,0,0,0,0,0,0,29,14,15,10,6,4,0,0,0,3,0,3,5,4,1,11,4,7,0,0,0
55153801,114,79,35,103,73,30,3,2,1,7,3,4,0,0,0,11,6,5,85,37,48,45,20,25,1,1,0,6,0,6,12,5,7,21,11,10,5,4,1
55153802,79,42,37,76,42,34,5,2,3,8,5,3,0,0,0,3,0,3,44,19,25,24,11,13,0,0,0,0,0,0,5,1,4,15,7,8,2,1,1
55153803,37,22,15,36,21,15,1,0,1,5,2,3,1,0,1,1,1,0,21,9,12,9,4,5,0,0,0,0,0,0,1,0,1,11,5,6,0,0,0
59862301,30,14,16,29,13,16,1,0,1,1,0,1,0,0,0,1,1,0,24,12,12,7,2,5,0,0,0,0,0,0,4,3,1,13,7,6,1,0,1
59862302,117,66,51,115,65,50,9,5,4,10,4,6,2,0,2,2,1,1,111,45,66,33,14,19,0,0,0,8,0,8,31,13,18,39,18,21,2,0,2
50761001,38,24,14,38,24,14,1,0,1,4,4,0,0,0,0,0,0,0,47,18,29,27,10,17,0,0,0,1,0,1,7,5,2,12,3,9,0,0,0
50762801,80,44,36,77,44,33,6,3,3,9,6,3,0,0,0,3,0,3,88,42,46,56,28,28,0,0,0,2,0,2,12,6,6,18,8,10,3,3,0
50764401,34,19,15,32,18,14,1,1,0,4,2,2,1,0,1,2,1,1,31,14,17,21,10,11,0,0,0,0,0,0,2,1,1,8,3,5,0,0,0
50765201,44,26,18,43,26,17,2,1,1,6,4,2,0,0,0,1,0,1,56,25,31,22,12,10,0,0,0,5,0,5,17,7,10,12,6,6,0,0,0
50769501,63,37,26,61,36,25,1,0,1,9,5,4,1,0,1,2,1,1,48,23,25,24,14,10,0,0,0,3,0,3,6,2,4,15,7,8,2,0,2
50771701,64,38,26,60,35,25,2,1,1,4,2,2,2,0,2,4,3,1,53,26,27,16,7,9,0,0,0,2,0,2,14,7,7,21,12,9,2,1,1
50771702,150,89,61,143,86,57,4,1,3,7,4,3,1,0,1,7,3,4,149,69,80,60,27,33,0,0,0,10,0,10,31,15,16,48,27,21,1,1,0
50771703,20,13,7,19,13,6,0,0,0,3,3,0,0,0,0,1,0,1,24,13,11,9,3,6,0,0,0,2,0,2,4,2,2,9,8,1,0,0,0
50773301,51,28,23,50,28,22,1,1,0,9,3,6,0,0,0,1,0,1,62,31,31,41,20,21,0,0,0,3,0,3,8,4,4,10,7,3,0,0,0
50778401,95,56,39,92,53,39,4,1,3,7,5,2,1,0,1,3,3,0,93,39,54,60,22,38,0,0,0,2,0,2,11,4,7,20,13,7,0,0,0
50800401,109,65,44,108,64,44,6,4,2,12,8,4,1,0,1,1,1,0,100,38,62,39,13,26,1,1,0,6,0,6,12,4,8,42,20,22,1,0,1
50815203,78,49,29,73,46,27,1,1,0,8,4,4,1,0,1,5,3,2,83,42,41,47,22,25,1,1,0,3,0,3,10,7,3,22,12,10,3,2,1
50815204,165,91,74,161,89,72,7,4,3,16,6,10,1,0,1,4,2,2,151,62,89,78,31,47,0,0,0,9,0,9,20,8,12,44,23,21,5,3,2
50815205,26,12,14,25,12,13,2,1,1,3,2,1,0,0,0,1,0,1,29,11,18,20,7,13,0,0,0,0,0,0,1,1,0,8,3,5,0,0,0
50835701,93,62,31,88,58,30,0,0,0,5,2,3,0,0,0,5,4,1,71,28,43,37,14,23,0,0,0,5,0,5,8,2,6,21,12,9,0,0,0
50850101,232,124,108,225,122,103,11,4,7,34,17,17,2,0,2,7,2,5,185,77,108,80,31,49,0,0,0,7,0,7,31,13,18,67,33,34,6,5,1
50868301,43,25,18,40,25,15,0,0,0,4,3,1,1,0,1,3,0,3,37,16,21,16,5,11,0,0,0,1,0,1,8,5,3,12,6,6,0,0,0
50907801,208,115,93,205,113,92,7,5,2,23,10,13,1,0,1,3,2,1,218,91,127,117,46,71,1,1,0,9,1,8,39,19,20,52,24,28,6,2,4
50910801,151,85,66,149,83,66,2,1,1,14,8,6,2,0,2,2,2,0,148,69,79,70,31,39,0,0,0,7,0,7,26,17,9,45,21,24,3,1,2
50911601,117,75,42,112,74,38,2,0,2,7,5,2,0,0,0,5,1,4,90,35,55,37,14,23,0,0,0,4,0,4,14,6,8,35,15,20,1,0,1
50914101,159,87,72,154,85,69,2,0,2,20,11,9,2,0,2,5,2,3,179,74,105,81,35,46,0,0,0,15,0,15,41,23,18,42,16,26,6,2,4
50919101,91,50,41,87,49,38,3,0,3,14,9,5,0,0,0,4,1,3,65,29,36,32,13,19,0,0,0,3,0,3,10,7,3,20,9,11,2,2,0
52975301,36,24,12,35,23,12,2,1,1,3,2,1,0,0,0,1,1,0,38,18,20,19,8,11,0,0,0,2,0,2,8,5,3,9,5,4,0,0,0
52976101,59,35,24,57,33,24,1,0,1,7,4,3,0,0,0,2,2,0,55,22,33,23,9,14,0,0,0,5,0,5,12,4,8,15,9,6,0,0,0
0606070,0,0,0,0,0,0,0,0,0,0,0,0,0,0,0,0,0,0,0,0,0,0,0,0,0,0,0,0,0,0,0,0,0,0,0,0,0,0,0
0606580,0,0,0,0,0,0,0,0,0,0,0,0,0,0,0,0,0,0,0,0,0,0,0,0,0,0,0,0,0,0,0,0,0,0,0,0,0,0,0
3082510,0,0,0,0,0,0,0,0,0,0,0,0,0,0,0,0,0,0,0,0,0,0,0,0,0,0,0,0,0,0,0,0,0,0,0,0,0,0,0
3378030,0,0,0,0,0,0,0,0,0,0,0,0,0,0,0,0,0,0,0,0,0,0,0,0,0,0,0,0,0,0,0,0,0,0,0,0,0,0,0
54588101,114,57,57,109,56,53,8,3,5,17,7,10,1,0,1,5,1,4,128,60,68,63,30,33,0,0,0,7,0,7,30,16,14,28,14,14,3,3,0
54588102,31,18,13,29,17,12,1,0,1,3,2,1,0,0,0,2,1,1,24,13,11,16,8,8,0,0,0,0,0,0,4,2,2,4,3,1,0,0,0
54588103,116,70,46,111,68,43,3,1,2,11,6,5,1,0,1,5,2,3,142,64,78,52,26,26,1,1,0,12,0,12,36,14,22,41,23,18,4,1,3
54588104,137,73,64,130,70,60,2,1,1,19,10,9,0,0,0,7,3,4,115,48,67,57,23,34,0,0,0,6,0,6,17,8,9,35,17,18,0,0,0
54588105,138,75,63,134,75,59,6,3,3,15,9,6,1,0,1,4,0,4,133,51,82,58,26,32,0,0,0,6,0,6,14,3,11,55,22,33,0,0,0
54588106,108,55,53,103,54,49,5,1,4,10,5,5,0,0,0,5,1,4,87,37,50,41,21,20,0,0,0,8,0,8,24,9,15,14,7,7,0,0,0
54588107,129,73,56,127,71,56,4,1,3,11,5,6,0,0,0,2,2,0,121,59,62,42,21,21,0,0,0,7,0,7,19,9,10,53,29,24,0,0,0
54588108,300,166,134,288,158,130,9,3,6,6,5,1,3,0,3,12,8,4,445,164,281,259,82,177,0,0,0,24,0,24,78,39,39,84,43,41,9,5,4
54588109,310,173,137,297,166,131,10,6,4,42,27,15,3,0,3,13,7,6,275,118,157,102,43,59,0,0,0,13,0,13,53,24,29,107,51,56,1,0,1
54588110,181,109,72,173,105,68,9,7,2,21,14,7,0,0,0,8,4,4,207,81,126,103,41,62,1,0,1,9,0,9,29,10,19,65,30,35,0,0,0
54588111,117,58,59,112,55,57,4,3,1,5,2,3,0,0,0,5,3,2,98,49,49,43,16,27,0,0,0,5,0,5,22,12,10,28,21,7,0,0,0
54588112,45,26,19,42,25,17,3,2,1,6,3,3,0,0,0,3,1,2,33,19,14,18,9,9,0,0,0,1,0,1,4,2,2,10,8,2,1,0,1
54588113,333,180,153,316,173,143,19,8,11,37,17,20,1,0,1,17,7,10,253,113,140,106,44,62,2,1,1,13,0,13,50,28,22,82,40,42,4,2,2
54588114,507,260,247,483,246,237,18,7,11,41,20,21,5,0,5,24,14,10,555,228,327,307,111,196,2,0,2,22,0,22,84,43,41,140,74,66,12,6,6
54588115,112,66,46,101,60,41,3,0,3,18,11,7,1,0,1,11,6,5,173,60,113,122,39,83,0,0,0,2,0,2,20,10,10,29,11,18,2,1,1
54588116,681,335,346,657,326,331,27,13,14,79,28,51,6,0,6,24,9,15,604,248,356,312,114,198,0,0,0,25,0,25,87,40,47,180,94,86,11,10,1
54588117,25,15,10,25,15,10,1,0,1,5,3,2,0,0,0,0,0,0,25,10,15,11,4,7,0,0,0,2,0,2,5,3,2,7,3,4,0,0,0
54588118,387,235,152,350,211,139,11,6,5,24,11,13,3,0,3,37,24,13,290,127,163,107,49,58,2,1,1,6,0,6,52,24,28,123,53,70,95,70,25
54588119,45,29,16,42,28,14,1,1,0,5,2,3,0,0,0,3,1,2,35,16,19,13,6,7,0,0,0,2,0,2,7,4,3,13,6,7,2,1,1
54588122,440,231,209,429,226,203,21,8,13,49,25,24,3,0,3,11,5,6,437,203,234,242,107,135,0,0,0,10,0,10,45,22,23,140,74,66,2,1,1
54588123,515,263,252,506,261,245,25,8,17,80,42,38,3,0,3,9,2,7,619,251,368,389,150,239,0,0,0,18,0,18,70,36,34,142,65,77,5,3,2
54588126,622,334,288,599,328,271,21,12,9,83,46,37,6,0,6,23,6,17,629,269,360,327,123,204,3,2,1,18,0,18,95,52,43,186,92,94,3,1,2
54588127,326,165,161,314,161,153,13,6,7,43,20,23,0,0,0,12,4,8,292,113,179,190,68,122,0,0,0,13,1,12,32,17,15,57,27,30,1,0,1
54588129,40,18,22,38,17,21,0,0,0,3,1,2,0,0,0,2,1,1,35,18,17,16,8,8,0,0,0,1,0,1,4,1,3,14,9,5,2,0,2
54588130,113,63,50,110,61,49,6,2,4,22,11,11,0,0,0,3,2,1,114,55,59,60,26,34,0,0,0,3,0,3,16,9,7,35,20,15,4,3,1
54588131,1442,751,691,1399,730,669,54,28,26,174,77,97,6,0,6,43,21,22,1595,657,938,918,359,559,1,0,1,65,0,65,203,115,88,408,183,225,23,14,9
54588132,778,408,370,756,395,361,29,15,14,77,31,46,2,0,2,22,13,9,829,346,483,522,207,315,0,0,0,34,1,33,121,68,53,152,70,82,19,9,10
54588133,43,22,21,43,22,21,1,0,1,4,2,2,0,0,0,0,0,0,33,15,18,9,5,4,0,0,0,3,0,3,8,3,5,13,7,6,0,0,0
54588134,17,10,7,14,9,5,0,0,0,2,2,0,1,0,1,3,1,2,10,5,5,4,1,3,0,0,0,1,0,1,2,1,1,3,3,0,0,0,0
54588135,15,7,8,14,7,7,0,0,0,4,2,2,0,0,0,1,0,1,18,7,11,9,5,4,0,0,0,0,0,0,3,1,2,6,1,5,0,0,0
54588136,578,289,289,550,275,275,19,10,9,74,38,36,7,0,7,28,14,14,596,268,328,282,123,159,2,0,2,24,0,24,101,53,48,187,92,95,12,7,5
54588137,79,44,35,79,44,35,5,3,2,14,9,5,0,0,0,0,0,0,77,37,40,38,16,22,0,0,0,1,0,1,8,5,3,30,16,14,3,2,1
54588138,1361,671,690,1325,658,667,52,20,32,131,54,77,8,0,8,36,13,23,993,405,588,415,147,268,4,3,1,55,0,55,182,100,82,337,155,182,14,7,7
54602001,15,10,5,11,8,3,0,0,0,3,0,3,0,0,0,4,2,2,8,5,3,4,3,1,0,0,0,1,0,1,2,1,1,1,1,0,0,0,0
54602002,95,48,47,91,47,44,2,1,1,10,6,4,1,0,1,4,1,3,89,48,41,38,19,19,0,0,0,3,0,3,16,9,7,32,20,12,1,0,1
54603801,216,120,96,211,118,93,8,1,7,13,8,5,4,0,4,5,2,3,189,82,107,81,38,43,1,1,0,11,0,11,31,9,22,65,34,31,3,2,1
54603802,78,47,31,74,46,28,3,2,1,6,2,4,1,0,1,4,1,3,70,30,40,36,15,21,0,0,0,4,0,4,15,7,8,15,8,7,2,0,2
54603803,19,12,7,19,12,7,0,0,0,1,0,1,0,0,0,0,0,0,17,6,11,9,1,8,0,0,0,0,0,0,0,0,0,8,5,3,0,0,0
54603804,48,27,21,44,26,18,2,1,1,3,1,2,0,0,0,4,1,3,38,21,17,15,7,8,0,0,0,1,0,1,5,2,3,17,12,5,0,0,0
54605401,147,88,59,143,85,58,4,2,2,13,6,7,1,0,1,4,3,1,146,69,77,69,31,38,0,0,0,10,0,10,24,15,9,43,23,20,4,4,0
54605402,42,21,21,39,18,21,3,2,1,4,2,2,0,0,0,3,3,0,44,17,27,26,10,16,0,0,0,1,0,1,7,1,6,10,6,4,0,0,0
54605403,21,12,9,20,12,8,2,0,2,2,2,0,0,0,0,1,0,1,22,10,12,20,8,12,0,0,0,0,0,0,0,0,0,2,2,0,0,0,0
54605404,33,18,15,32,18,14,2,0,2,2,1,1,0,0,0,1,0,1,32,12,20,22,10,12,0,0,0,0,0,0,0,0,0,10,2,8,0,0,0
54608901,1668,933,735,1557,887,670,40,18,22,117,70,47,13,0,13,111,46,65,1522,664,858,714,298,416,1,1,0,58,3,55,317,143,174,432,219,213,137,59,78
54609701,270,155,115,254,149,105,8,2,6,20,12,8,0,0,0,16,6,10,289,130,159,176,80,96,1,1,0,10,0,10,33,18,15,69,31,38,7,5,2
54609703,13,6,7,12,5,7,0,0,0,4,2,2,0,0,0,1,1,0,8,5,3,8,5,3,0,0,0,0,0,0,0,0,0,0,0,0,1,0,1
54609705,33,21,12,32,21,11,2,1,1,5,3,2,0,0,0,1,0,1,25,8,17,11,2,9,0,0,0,0,0,0,2,1,1,12,5,7,0,0,0
54609706,70,38,32,67,37,30,7,3,4,5,3,2,0,0,0,3,1,2,58,24,34,25,10,15,0,0,0,2,0,2,11,5,6,20,9,11,0,0,0
54609707,28,12,16,28,12,16,1,0,1,6,1,5,0,0,0,0,0,0,35,16,19,25,10,15,0,0,0,1,1,0,2,1,1,7,4,3,0,0,0
54609711,16,9,7,15,8,7,1,0,1,2,1,1,0,0,0,1,1,0,18,8,10,10,4,6,0,0,0,0,0,0,4,1,3,4,3,1,1,1,0
54610101,210,118,92,202,113,89,10,3,7,25,12,13,0,0,0,8,5,3,164,80,84,80,36,44,1,0,1,7,0,7,17,8,9,59,36,23,9,8,1
54610102,11,8,3,11,8,3,0,0,0,0,0,0,0,0,0,0,0,0,30,14,16,19,9,10,0,0,0,4,0,4,5,4,1,2,1,1,0,0,0
54610103,16,8,8,16,8,8,1,0,1,1,0,1,0,0,0,0,0,0,26,11,15,12,5,7,0,0,0,0,0,0,2,0,2,12,6,6,1,1,0
54610104,32,20,12,29,18,11,0,0,0,2,2,0,0,0,0,3,2,1,29,13,16,15,6,9,0,0,0,1,0,1,1,0,1,12,7,5,1,0,1
54610106,19,10,9,18,10,8,0,0,0,2,2,0,0,0,0,1,0,1,31,16,15,23,12,11,0,0,0,0,0,0,2,2,0,6,2,4,0,0,0
54610107,60,31,29,58,30,28,2,0,2,5,3,2,2,0,2,2,1,1,46,18,28,24,11,13,0,0,0,1,0,1,10,3,7,11,4,7,0,0,0
3082180,0,0,0,0,0,0,0,0,0,0,0,0,0,0,0,0,0,0,0,0,0,0,0,0,0,0,0,0,0,0,0,0,0,0,0,0,0,0,0
3082260,0,0,0,0,0,0,0,0,0,0,0,0,0,0,0,0,0,0,0,0,0,0,0,0,0,0,0,0,0,0,0,0,0,0,0,0,0,0,0
3082340,0,0,0,0,0,0,0,0,0,0,0,0,0,0,0,0,0,0,0,0,0,0,0,0,0,0,0,0,0,0,0,0,0,0,0,0,0,0,0
54612701,187,101,86,184,100,84,6,1,5,13,5,8,1,0,1,3,1,2,190,91,99,89,40,49,0,0,0,6,0,6,31,14,17,64,37,27,3,2,1
54612702,69,36,33,66,36,30,3,1,2,3,1,2,1,0,1,3,0,3,80,44,36,32,15,17,0,0,0,5,0,5,17,12,5,26,17,9,1,0,1
54612703,18,10,8,17,9,8,0,0,0,4,1,3,0,0,0,1,1,0,24,11,13,14,7,7,0,0,0,1,0,1,3,2,1,6,2,4,0,0,0
54612704,164,96,68,157,94,63,6,0,6,9,7,2,2,0,2,7,2,5,151,66,85,85,38,47,0,0,0,4,0,4,20,11,9,42,17,25,3,0,3
54612705,47,25,22,46,24,22,4,2,2,3,2,1,0,0,0,1,1,0,49,16,33,20,6,14,1,1,0,1,0,1,5,3,2,22,6,16,0,0,0
54612706,41,22,19,40,21,19,3,1,2,0,0,0,0,0,0,1,1,0,48,23,25,24,13,11,1,1,0,1,0,1,8,2,6,14,7,7,0,0,0
54612707,59,33,26,57,32,25,0,0,0,7,3,4,1,0,1,2,1,1,56,23,33,31,12,19,0,0,0,2,0,2,7,3,4,16,8,8,0,0,0
54612708,28,15,13,25,14,11,1,0,1,1,0,1,1,0,1,3,1,2,27,14,13,9,5,4,0,0,0,2,0,2,9,6,3,7,3,4,0,0,0
54612709,93,56,37,92,56,36,4,3,1,7,4,3,3,0,3,1,0,1,82,36,46,38,16,22,0,0,0,4,0,4,15,6,9,25,14,11,1,1,0
54612710,64,35,29,62,34,28,2,1,1,6,6,0,0,0,0,2,1,1,77,31,46,31,11,20,0,0,0,7,1,6,11,6,5,28,13,15,0,0,0
54612711,71,42,29,71,42,29,4,1,3,3,3,0,0,0,0,0,0,0,68,26,42,37,15,22,0,0,0,2,0,2,7,4,3,22,7,15,1,0,1
54612712,348,198,150,329,183,146,9,1,8,36,21,15,2,0,2,19,15,4,356,132,224,216,72,144,0,0,0,10,0,10,46,16,30,84,44,40,24,19,5
54612713,146,83,63,142,81,61,3,3,0,25,11,14,0,0,0,4,2,2,177,74,103,119,43,76,0,0,0,2,0,2,24,12,12,32,19,13,1,0,1
54612714,418,238,180,413,234,179,13,4,9,42,22,20,6,0,6,5,4,1,464,196,268,255,104,151,0,0,0,19,0,19,73,26,47,117,66,51,0,0,0
54612715,304,169,135,297,166,131,12,6,6,25,17,8,4,0,4,7,3,4,241,100,141,106,47,59,0,0,0,12,0,12,42,17,25,81,36,45,3,2,1
54612716,1403,764,639,1364,742,622,44,20,24,161,88,73,7,1,6,39,22,17,1424,566,858,818,307,511,2,2,0,61,0,61,181,74,107,362,183,179,11,5,6
54614301,20,14,6,16,12,4,0,0,0,3,2,1,0,0,0,4,2,2,25,12,13,15,7,8,2,1,1,1,0,1,4,2,2,3,2,1,2,1,1
54614302,137,78,59,128,76,52,1,1,0,6,3,3,2,0,2,9,2,7,122,54,68,59,25,34,2,1,1,5,1,4,23,12,11,33,15,18,10,8,2
54614303,16,11,5,14,9,5,0,0,0,3,1,2,0,0,0,2,2,0,13,5,8,7,2,5,0,0,0,0,0,0,3,2,1,3,1,2,0,0,0
54614304,10,6,4,7,5,2,0,0,0,0,0,0,0,0,0,3,1,2,17,8,9,12,6,6,0,0,0,0,0,0,0,0,0,5,2,3,1,1,0
54614305,9,5,4,9,5,4,0,0,0,1,0,1,0,0,0,0,0,0,30,11,19,17,7,10,0,0,0,2,0,2,4,2,2,7,2,5,3,3,0
54614306,21,11,10,18,10,8,0,0,0,2,2,0,1,0,1,3,1,2,29,15,14,14,7,7,0,0,0,1,0,1,6,3,3,8,5,3,0,0,0
54614307,55,30,25,47,27,20,2,0,2,2,1,1,0,0,0,8,3,5,56,21,35,35,12,23,0,0,0,1,0,1,8,4,4,12,5,7,0,0,0
54615101,341,187,154,330,180,150,8,6,2,35,16,19,5,0,5,11,7,4,319,140,179,154,66,88,1,0,1,17,1,16,55,23,32,92,50,42,7,4,3
54615102,12,6,6,10,6,4,0,0,0,1,0,1,0,0,0,2,0,2,16,10,6,10,5,5,0,0,0,0,0,0,3,3,0,3,2,1,1,0,1
54629102,65,37,28,64,37,27,1,1,0,8,2,6,1,0,1,1,0,1,70,28,42,37,15,22,1,1,0,5,0,5,18,9,9,9,3,6,1,1,0
54629103,11,7,4,11,7,4,0,0,0,2,1,1,0,0,0,0,0,0,20,7,13,7,1,6,0,0,0,2,0,2,4,2,2,7,4,3,0,0,0
54629104,39,24,15,37,22,15,1,1,0,2,2,0,2,0,2,2,2,0,32,11,21,18,5,13,0,0,0,0,0,0,7,2,5,7,4,3,0,0,0
54630501,48,28,20,48,28,20,1,0,1,2,2,0,0,0,0,0,0,0,38,12,26,19,7,12,0,0,0,1,0,1,8,2,6,10,3,7,0,0,0
54636401,25,12,13,25,12,13,1,0,1,5,3,2,0,0,0,0,0,0,22,9,13,16,6,10,1,1,0,0,0,0,1,0,1,4,2,2,0,0,0
54636402,207,110,97,202,109,93,9,5,4,27,16,11,1,0,1,5,1,4,188,90,98,93,45,48,2,2,0,8,0,8,26,13,13,59,30,29,4,2,2
54636403,54,31,23,49,28,21,1,0,1,11,6,5,0,0,0,5,3,2,45,20,25,19,5,14,0,0,0,3,0,3,5,5,0,18,10,8,0,0,0
0439232,0,0,0,0,0,0,0,0,0,0,0,0,0,0,0,0,0,0,0,0,0,0,0,0,0,0,0,0,0,0,0,0,0,0,0,0,0,0,0
54638102,100,52,48,94,49,45,5,3,2,7,4,3,0,0,0,6,3,3,84,38,46,53,26,27,0,0,0,1,0,1,7,2,5,23,10,13,0,0,0
54638104,29,16,13,28,16,12,1,0,1,2,0,2,0,0,0,1,0,1,38,17,21,21,9,12,0,0,0,1,0,1,3,1,2,13,7,6,1,1,0
54640201,205,110,95,198,106,92,5,0,5,10,4,6,0,0,0,7,4,3,179,72,107,77,30,47,1,1,0,10,0,10,26,10,16,65,31,34,2,1,1
54640202,15,11,4,15,11,4,1,0,1,4,4,0,0,0,0,0,0,0,16,8,8,8,4,4,0,0,0,0,0,0,4,2,2,4,2,2,0,0,0
54644501,14,9,5,13,8,5,2,1,1,1,1,0,0,0,0,1,1,0,26,9,17,15,5,10,0,0,0,2,0,2,5,2,3,4,2,2,0,0,0
54644502,147,81,66,145,80,65,4,2,2,15,8,7,0,0,0,2,1,1,143,63,80,49,17,32,1,0,1,9,0,9,32,17,15,52,29,23,0,0,0
54646101,431,241,190,412,236,176,12,6,6,45,27,18,5,0,5,19,5,14,461,198,263,280,120,160,1,1,0,17,0,17,66,33,33,97,44,53,15,12,3
54646102,109,58,51,104,55,49,2,1,1,13,2,11,1,0,1,5,3,2,101,43,58,63,28,35,0,0,0,3,0,3,14,5,9,21,10,11,3,1,2
54646103,13,10,3,13,10,3,0,0,0,0,0,0,0,0,0,0,0,0,14,7,7,10,6,4,0,0,0,0,0,0,1,0,1,3,1,2,0,0,0
54646104,13,8,5,12,8,4,0,0,0,2,1,1,0,0,0,1,0,1,13,6,7,5,3,2,0,0,0,1,0,1,3,1,2,4,2,2,0,0,0
54646105,15,8,7,13,8,5,0,0,0,3,2,1,0,0,0,2,0,2,18,8,10,10,5,5,0,0,0,0,0,0,3,0,3,5,3,2,1,1,0
54646106,25,15,10,25,15,10,1,0,1,0,0,0,0,0,0,0,0,0,16,9,7,11,7,4,0,0,0,0,0,0,2,1,1,3,1,2,0,0,0
54646107,94,47,47,92,45,47,2,1,1,14,7,7,1,0,1,2,2,0,142,57,85,94,34,60,1,1,0,2,0,2,10,4,6,35,18,17,0,0,0
54646108,36,18,18,35,18,17,0,0,0,6,2,4,0,0,0,1,0,1,50,25,25,38,20,18,0,0,0,1,0,1,3,1,2,8,4,4,1,1,0
54646109,32,16,16,30,14,16,1,0,1,7,4,3,0,0,0,2,2,0,52,25,27,34,16,18,0,0,0,2,1,1,6,3,3,10,5,5,0,0,0
54646110,93,54,39,89,52,37,4,2,2,10,3,7,0,0,0,4,2,2,85,36,49,58,26,32,0,0,0,3,0,3,7,3,4,17,7,10,0,0,0
54650001,23,10,13,21,9,12,0,0,0,4,1,3,0,0,0,2,1,1,33,13,20,17,7,10,0,0,0,0,0,0,2,2,0,14,4,10,1,1,0
54650002,21,10,11,20,10,10,0,0,0,1,1,0,1,0,1,1,0,1,23,12,11,11,6,5,0,0,0,0,0,0,4,1,3,8,5,3,0,0,0
54650004,351,194,157,340,184,156,8,3,5,35,21,14,2,0,2,11,10,1,315,140,175,165,70,95,0,0,0,10,0,10,45,25,20,95,45,50,5,3,2
54650005,12,7,5,9,4,5,0,0,0,1,0,1,0,0,0,3,3,0,12,7,5,6,5,1,0,0,0,1,0,1,3,1,2,2,1,1,1,0,1
54650006,44,24,20,43,23,20,5,0,5,2,0,2,1,0,1,1,1,0,44,17,27,19,8,11,0,0,0,3,0,3,9,2,7,13,7,6,0,0,0
54650007,78,40,38,75,37,38,2,0,2,8,3,5,1,0,1,3,3,0,74,35,39,39,16,23,0,0,0,4,0,4,10,7,3,21,12,9,2,2,0
54650008,9,5,4,9,5,4,0,0,0,1,1,0,0,0,0,0,0,0,20,9,11,5,2,3,0,0,0,1,0,1,4,2,2,10,5,5,1,1,0
54654201,972,545,427,923,523,400,41,15,26,83,50,33,5,0,5,49,22,27,889,381,508,440,182,258,2,0,2,34,1,33,122,62,60,291,136,155,21,12,9
54654202,25,15,10,25,15,10,0,0,0,5,3,2,0,0,0,0,0,0,24,10,14,8,3,5,0,0,0,3,0,3,6,3,3,7,4,3,0,0,0
54654203,9,6,3,9,6,3,0,0,0,0,0,0,0,0,0,0,0,0,17,8,9,8,4,4,0,0,0,1,0,1,3,2,1,5,2,3,0,0,0
54654204,40,24,16,40,24,16,0,0,0,3,1,2,1,0,1,0,0,0,46,23,23,24,10,14,0,0,0,2,0,2,8,5,3,12,8,4,0,0,0
54654205,49,29,20,47,29,18,0,0,0,4,1,3,0,0,0,2,0,2,54,25,29,29,16,13,1,0,1,3,0,3,11,4,7,10,5,5,1,1,0
0775692,0,0,0,0,0,0,0,0,0,0,0,0,0,0,0,0,0,0,0,0,0,0,0,0,0,0,0,0,0,0,0,0,0,0,0,0,0,0,0
0775772,0,0,0,0,0,0,0,0,0,0,0,0,0,0,0,0,0,0,0,0,0,0,0,0,0,0,0,0,0,0,0,0,0,0,0,0,0,0,0
54661503,564,325,239,536,317,219,14,9,5,48,28,20,6,0,6,28,8,20,540,230,310,276,112,164,1,0,1,25,0,25,77,32,45,161,86,75,7,7,0
54661504,25,15,10,23,15,8,1,0,1,2,2,0,0,0,0,2,0,2,32,15,17,18,9,9,0,0,0,1,0,1,6,2,4,7,4,3,1,1,0
54661505,44,26,18,44,26,18,4,3,1,1,0,1,0,0,0,0,0,0,53,22,31,23,8,15,0,0,0,2,0,2,11,3,8,17,11,6,0,0,0
54661508,9,5,4,9,5,4,0,0,0,0,0,0,0,0,0,0,0,0,14,5,9,7,3,4,0,0,0,0,0,0,2,1,1,5,1,4,0,0,0
54661509,49,31,18,46,28,18,2,0,2,2,1,1,0,0,0,3,3,0,44,16,28,26,10,16,0,0,0,1,0,1,5,1,4,12,5,7,0,0,0
54662302,286,169,117,276,163,113,7,4,3,25,11,14,2,0,2,10,6,4,252,112,140,114,51,63,0,0,0,12,1,11,37,18,19,89,42,47,2,1,1
54666601,231,134,97,223,129,94,6,3,3,18,12,6,4,0,4,8,5,3,186,78,108,105,41,64,1,1,0,3,0,3,21,8,13,56,28,28,2,0,2
54666602,8,3,5,8,3,5,0,0,0,1,1,0,0,0,0,0,0,0,14,6,8,12,5,7,0,0,0,0,0,0,0,0,0,2,1,1,0,0,0
54666603,92,58,34,87,55,32,0,0,0,8,3,5,1,0,1,5,3,2,109,49,60,41,17,24,0,0,0,11,1,10,30,15,15,27,16,11,1,0,1
54667401,852,464,388,818,442,376,22,11,11,96,53,43,10,0,10,34,22,12,834,356,478,428,166,262,0,0,0,37,0,37,118,55,63,251,135,116,15,9,6
54671201,60,37,23,59,36,23,3,1,2,4,3,1,0,0,0,1,1,0,60,24,36,20,7,13,0,0,0,4,0,4,14,5,9,22,12,10,2,1,1
54671202,18,11,7,16,10,6,1,0,1,3,3,0,0,0,0,2,1,1,22,7,15,14,4,10,0,0,0,1,0,1,5,2,3,2,1,1,0,0,0
54671203,153,89,64,150,89,61,1,0,1,14,7,7,0,0,0,3,0,3,163,65,98,84,32,52,0,0,0,6,0,6,23,12,11,50,21,29,4,0,4
1986250,0,0,0,0,0,0,0,0,0,0,0,0,0,0,0,0,0,0,0,0,0,0,0,0,0,0,0,0,0,0,0,0,0,0,0,0,0,0,0
54679801,60,38,22,58,38,20,1,0,1,10,7,3,0,0,0,2,0,2,75,32,43,47,21,26,0,0,0,2,0,2,6,2,4,20,9,11,1,0,1
54679802,19,12,7,19,12,7,0,0,0,1,0,1,0,0,0,0,0,0,14,6,8,9,4,5,0,0,0,0,0,0,2,0,2,3,2,1,0,0,0
54679803,69,34,35,59,29,30,1,0,1,5,1,4,1,0,1,10,5,5,71,33,38,34,14,20,0,0,0,0,0,0,10,5,5,27,14,13,3,3,0
54679804,18,12,6,17,11,6,0,0,0,2,1,1,0,0,0,1,1,0,27,14,13,10,6,4,0,0,0,2,0,2,7,3,4,8,5,3,1,0,1
54679806,23,14,9,22,14,8,0,0,0,5,4,1,1,0,1,1,0,1,25,9,16,19,6,13,0,0,0,1,0,1,3,2,1,2,1,1,1,1,0
54679808,1204,658,546,1147,630,517,30,14,16,96,47,49,5,0,5,57,28,29,1208,536,672,628,261,367,3,3,0,52,0,52,190,103,87,335,169,166,37,27,10
54679809,41,23,18,40,22,18,0,0,0,5,1,4,1,0,1,1,1,0,26,12,14,11,6,5,0,0,0,1,0,1,6,1,5,8,5,3,0,0,0
54679811,23,12,11,23,12,11,1,0,1,0,0,0,0,0,0,0,0,0,33,17,16,13,7,6,0,0,0,1,0,1,2,2,0,17,8,9,0,0,0
54679812,27,15,12,27,15,12,1,0,1,2,2,0,0,0,0,0,0,0,32,17,15,20,9,11,0,0,0,1,0,1,3,3,0,8,5,3,0,0,0
54679814,7,4,3,5,4,1,0,0,0,1,1,0,0,0,0,2,0,2,14,6,8,8,3,5,0,0,0,2,0,2,4,3,1,0,0,0,0,0,0
54679815,13,8,5,12,8,4,0,0,0,1,1,0,0,0,0,1,0,1,17,9,8,13,7,6,0,0,0,1,0,1,2,2,0,1,0,1,0,0,0
54680101,9,5,4,9,5,4,0,0,0,0,0,0,1,0,1,0,0,0,20,11,9,12,6,6,0,0,0,0,0,0,5,4,1,3,1,2,0,0,0
54680103,1057,595,462,1014,572,442,37,20,17,120,66,54,11,0,11,43,23,20,1063,448,615,598,239,359,2,2,0,52,0,52,168,84,84,243,123,120,19,12,7
54684401,63,33,30,61,33,28,0,0,0,8,6,2,0,0,0,2,0,2,66,31,35,39,17,22,0,0,0,3,0,3,9,6,3,15,8,7,3,3,0
54684402,16,12,4,16,12,4,0,0,0,3,2,1,0,0,0,0,0,0,5,1,4,2,0,2,0,0,0,1,0,1,2,1,1,0,0,0,0,0,0
54684403,55,35,20,54,35,19,1,1,0,4,4,0,0,0,0,1,0,1,43,23,20,24,14,10,0,0,0,2,0,2,10,6,4,7,3,4,2,1,1
54684404,40,22,18,40,22,18,0,0,0,9,4,5,0,0,0,0,0,0,33,17,16,23,12,11,0,0,0,2,0,2,3,2,1,5,3,2,0,0,0
54684405,188,110,78,182,104,78,6,2,4,26,15,11,3,0,3,6,6,0,164,77,87,79,34,45,0,0,0,7,0,7,26,19,7,52,24,28,9,5,4
54691701,14,7,7,11,5,6,0,0,0,0,0,0,1,0,1,3,2,1,28,12,16,19,8,11,1,1,0,1,0,1,5,3,2,2,0,2,1,0,1
54691703,17,10,7,16,9,7,0,0,0,2,1,1,0,0,0,1,1,0,21,11,10,14,8,6,0,0,0,1,0,1,3,2,1,3,1,2,0,0,0
54691705,7,2,5,6,2,4,0,0,0,0,0,0,0,0,0,1,0,1,17,9,8,13,6,7,0,0,0,0,0,0,2,1,1,2,2,0,0,0,0
54691706,140,83,57,131,79,52,4,2,2,7,5,2,1,0,1,9,4,5,136,58,78,62,21,41,0,0,0,3,0,3,21,11,10,50,26,24,12,9,3
54691707,25,13,12,25,13,12,1,1,0,1,0,1,0,0,0,0,0,0,31,13,18,16,8,8,0,0,0,2,0,2,5,3,2,8,2,6,0,0,0
54696801,10,5,5,10,5,5,0,0,0,1,0,1,0,0,0,0,0,0,17,7,10,10,3,7,0,0,0,1,0,1,1,1,0,5,3,2,0,0,0
54696802,55,31,24,53,30,23,3,2,1,4,4,0,0,0,0,2,1,1,45,17,28,23,8,15,0,0,0,2,0,2,8,4,4,12,5,7,0,0,0
54696803,51,30,21,51,30,21,2,1,1,7,6,1,0,0,0,0,0,0,39,20,19,20,7,13,0,0,0,0,0,0,4,2,2,15,11,4,2,1,1
54696804,13,7,6,13,7,6,0,0,0,1,0,1,0,0,0,0,0,0,17,10,7,10,5,5,0,0,0,1,0,1,2,1,1,4,4,0,0,0,0
54696805,27,17,10,27,17,10,2,1,1,2,1,1,1,0,1,0,0,0,27,13,14,15,7,8,0,0,0,1,0,1,4,2,2,7,4,3,0,0,0
54696806,107,62,45,105,62,43,5,3,2,11,5,6,1,0,1,2,0,2,80,37,43,44,19,25,0,0,0,4,0,4,13,7,6,19,11,8,3,2,1
54696807,20,13,7,18,13,5,0,0,0,2,1,1,0,0,0,2,0,2,24,9,15,12,5,7,1,1,0,1,0,1,5,0,5,5,3,2,0,0,0
54696808,27,16,11,26,16,10,1,1,0,3,1,2,1,0,1,1,0,1,28,14,14,17,7,10,0,0,0,0,0,0,4,1,3,7,6,1,0,0,0
54699201,39,24,15,38,23,15,1,1,0,7,3,4,0,0,0,1,1,0,41,17,24,20,10,10,0,0,0,3,0,3,5,1,4,13,6,7,0,0,0
54699203,183,101,82,175,99,76,3,2,1,22,13,9,1,0,1,8,2,6,202,101,101,106,46,60,0,0,0,9,1,8,27,16,11,60,38,22,3,3,0
1986170,0,0,0,0,0,0,0,0,0,0,0,0,0,0,0,0,0,0,0,0,0,0,0,0,0,0,0,0,0,0,0,0,0,0,0,0,0,0,0
54706901,34,18,16,34,18,16,2,0,2,4,1,3,0,0,0,0,0,0,24,10,14,17,9,8,0,0,0,0,0,0,2,0,2,5,1,4,3,2,1
54706903,283,164,119,263,155,108,6,1,5,40,21,19,3,0,3,20,9,11,254,117,137,105,50,55,0,0,0,12,0,12,51,23,28,86,44,42,16,9,7
54708501,145,85,60,141,83,58,5,1,4,12,6,6,2,0,2,4,2,2,106,53,53,37,17,20,0,0,0,9,0,9,21,11,10,39,25,14,4,2,2
54708502,194,106,88,192,104,88,7,3,4,28,17,11,0,0,0,2,2,0,166,80,86,75,35,40,0,0,0,6,0,6,26,14,12,59,31,28,4,3,1
1985280,0,0,0,0,0,0,0,0,0,0,0,0,0,0,0,0,0,0,0,0,0,0,0,0,0,0,0,0,0,0,0,0,0,0,0,0,0,0,0
54716603,29,19,10,29,19,10,0,0,0,3,2,1,0,0,0,0,0,0,26,14,12,15,8,7,0,0,0,0,0,0,2,1,1,9,5,4,0,0,0
54716604,1051,610,441,984,572,412,18,10,8,110,59,51,9,0,9,67,38,29,1029,430,599,556,232,324,2,1,1,45,0,45,161,73,88,265,124,141,25,21,4
54716606,24,12,12,23,11,12,1,0,1,3,2,1,0,0,0,1,1,0,20,9,11,13,6,7,0,0,0,0,0,0,1,0,1,6,3,3,0,0,0
54716607,15,8,7,15,8,7,1,0,1,4,1,3,0,0,0,0,0,0,21,11,10,14,7,7,0,0,0,1,0,1,1,1,0,5,3,2,1,0,1
54720401,16,10,6,14,8,6,0,0,0,1,0,1,0,0,0,2,2,0,20,7,13,14,5,9,0,0,0,0,0,0,0,0,0,6,2,4,0,0,0
54720403,196,114,82,187,108,79,4,3,1,13,7,6,1,0,1,9,6,3,201,82,119,108,47,61,0,0,0,7,1,6,31,13,18,55,21,34,4,4,0
54720404,24,12,12,23,12,11,0,0,0,0,0,0,0,0,0,1,0,1,45,19,26,18,8,10,0,0,0,3,0,3,6,3,3,18,8,10,1,1,0
1985360,0,0,0,0,0,0,0,0,0,0,0,0,0,0,0,0,0,0,0,0,0,0,0,0,0,0,0,0,0,0,0,0,0,0,0,0,0,0,0
1985440,0,0,0,0,0,0,0,0,0,0,0,0,0,0,0,0,0,0,0,0,0,0,0,0,0,0,0,0,0,0,0,0,0,0,0,0,0,0,0
1985520,0,0,0,0,0,0,0,0,0,0,0,0,0,0,0,0,0,0,0,0,0,0,0,0,0,0,0,0,0,0,0,0,0,0,0,0,0,0,0
1985610,0,0,0,0,0,0,0,0,0,0,0,0,0,0,0,0,0,0,0,0,0,0,0,0,0,0,0,0,0,0,0,0,0,0,0,0,0,0,0
1985790,0,0,0,0,0,0,0,0,0,0,0,0,0,0,0,0,0,0,0,0,0,0,0,0,0,0,0,0,0,0,0,0,0,0,0,0,0,0,0
1985870,0,0,0,0,0,0,0,0,0,0,0,0,0,0,0,0,0,0,0,0,0,0,0,0,0,0,0,0,0,0,0,0,0,0,0,0,0,0,0
1985950,0,0,0,0,0,0,0,0,0,0,0,0,0,0,0,0,0,0,0,0,0,0,0,0,0,0,0,0,0,0,0,0,0,0,0,0,0,0,0
1986090,0,0,0,0,0,0,0,0,0,0,0,0,0,0,0,0,0,0,0,0,0,0,0,0,0,0,0,0,0,0,0,0,0,0,0,0,0,0,0
54721204,186,114,72,173,105,68,1,0,1,13,9,4,0,0,0,13,9,4,207,88,119,112,45,67,0,0,0,10,0,10,26,15,11,59,28,31,7,6,1
54721207,15,12,3,14,12,2,0,0,0,3,3,0,0,0,0,1,0,1,21,9,12,16,6,10,0,0,0,0,0,0,1,0,1,4,3,1,0,0,0
54722101,36,21,15,35,21,14,2,1,1,6,4,2,0,0,0,1,0,1,60,19,41,35,12,23,0,0,0,4,0,4,9,3,6,12,4,8,0,0,0
54722102,11,5,6,11,5,6,1,1,0,3,1,2,0,0,0,0,0,0,13,7,6,5,2,3,0,0,0,0,0,0,1,1,0,7,4,3,0,0,0
54722103,8,4,4,8,4,4,0,0,0,0,0,0,0,0,0,0,0,0,14,5,9,4,2,2,0,0,0,1,0,1,4,1,3,5,2,3,0,0,0
54722105,368,201,167,354,190,164,17,10,7,43,27,16,5,0,5,14,11,3,327,130,197,163,63,100,0,0,0,14,0,14,51,24,27,99,43,56,7,4,3
54723901,108,59,49,105,58,47,4,2,2,15,3,12,0,0,0,3,1,2,109,53,56,56,27,29,0,0,0,6,0,6,17,12,5,30,14,16,1,1,0
54723902,30,19,11,29,19,10,0,0,0,4,3,1,0,0,0,1,0,1,36,13,23,13,5,8,0,0,0,2,0,2,5,2,3,16,6,10,1,0,1
54723903,34,18,16,32,16,16,3,2,1,2,1,1,0,0,0,2,2,0,36,17,19,15,6,9,1,1,0,2,0,2,7,5,2,11,5,6,0,0,0
54723905,483,268,215,467,259,208,11,7,4,47,25,22,1,0,1,16,9,7,520,233,287,282,123,159,0,0,0,22,0,22,83,41,42,133,69,64,12,6,6
54724701,31,18,13,31,18,13,2,1,1,3,1,2,0,0,0,0,0,0,41,17,24,32,13,19,0,0,0,0,0,0,4,2,2,5,2,3,0,0,0
54724702,65,35,30,63,34,29,2,0,2,9,6,3,1,0,1,2,1,1,69,33,36,37,18,19,1,0,1,2,0,2,13,7,6,16,8,8,0,0,0
54724703,118,64,54,109,61,48,5,0,5,9,6,3,0,0,0,9,3,6,123,55,68,79,34,45,1,1,0,3,0,3,12,5,7,28,15,13,5,5,0
54726301,28,15,13,28,15,13,0,0,0,3,2,1,0,0,0,0,0,0,31,8,23,17,4,13,0,0,0,3,0,3,5,1,4,6,3,3,0,0,0
54726302,16,9,7,15,9,6,0,0,0,2,2,0,0,0,0,1,0,1,28,13,15,13,4,9,0,0,0,0,0,0,4,2,2,11,7,4,2,0,2
54726303,54,33,21,50,32,18,2,0,2,1,1,0,0,0,0,4,1,3,67,31,36,34,14,20,0,0,0,5,0,5,9,7,2,19,10,9,0,0,0
54726304,51,30,21,48,29,19,1,1,0,8,3,5,2,0,2,3,1,2,30,12,18,10,3,7,0,0,0,1,0,1,9,3,6,10,6,4,0,0,0
54726305,50,26,24,47,26,21,2,1,1,4,0,4,1,0,1,3,0,3,45,20,25,21,8,13,0,0,0,2,0,2,8,3,5,14,9,5,0,0,0
54726307,16,8,8,16,8,8,0,0,0,0,0,0,1,0,1,0,0,0,24,10,14,9,3,6,0,0,0,2,0,2,6,2,4,7,5,2,0,0,0
54726308,751,422,329,726,410,316,18,5,13,68,34,34,1,0,1,25,12,13,815,362,453,465,195,270,2,0,2,27,0,27,103,48,55,218,119,99,13,6,7
54726309,31,21,10,29,20,9,1,1,0,1,1,0,0,0,0,2,1,1,54,25,29,32,15,17,0,0,0,3,0,3,10,7,3,9,3,6,0,0,0
54726310,17,10,7,17,10,7,2,0,2,2,2,0,0,0,0,0,0,0,13,4,9,7,2,5,0,0,0,0,0,0,3,2,1,3,0,3,0,0,0
54726311,11,10,1,11,10,1,0,0,0,3,3,0,0,0,0,0,0,0,10,3,7,4,2,2,0,0,0,2,0,2,4,1,3,0,0,0,0,0,0
54728001,25,15,10,21,15,6,0,0,0,4,3,1,0,0,0,4,0,4,27,13,14,21,9,12,0,0,0,1,0,1,3,2,1,2,2,0,0,0,0
54728002,71,41,30,68,40,28,1,0,1,6,4,2,0,0,0,3,1,2,62,29,33,26,13,13,0,0,0,5,0,5,14,5,9,17,11,6,0,0,0
54728003,42,23,19,42,23,19,3,1,2,4,1,3,0,0,0,0,0,0,47,16,31,27,12,15,0,0,0,3,0,3,7,1,6,10,3,7,0,0,0
54728004,107,61,46,102,59,43,7,1,6,11,6,5,2,0,2,5,2,3,118,59,59,56,25,31,0,0,0,2,0,2,24,13,11,36,21,15,1,0,1
54728006,1316,722,594,1274,703,571,28,20,8,129,64,65,13,0,13,42,19,23,1272,528,744,649,273,376,0,0,0,62,1,61,196,81,115,365,173,192,41,24,17
54728008,38,19,19,38,19,19,1,1,0,3,1,2,0,0,0,0,0,0,28,14,14,12,6,6,0,0,0,0,0,0,2,1,1,14,7,7,1,1,0
54728009,16,10,6,15,10,5,0,0,0,1,1,0,0,0,0,1,0,1,27,15,12,19,10,9,0,0,0,0,0,0,2,1,1,6,4,2,0,0,0
54728010,114,57,57,109,56,53,4,0,4,15,6,9,0,0,0,5,1,4,130,49,81,75,31,44,0,0,0,4,0,4,19,4,15,32,14,18,2,1,1
1703210,0,0,0,0,0,0,0,0,0,0,0,0,0,0,0,0,0,0,0,0,0,0,0,0,0,0,0,0,0,0,0,0,0,0,0,0,0,0,0
3082850,0,0,0,0,0,0,0,0,0,0,0,0,0,0,0,0,0,0,0,0,0,0,0,0,0,0,0,0,0,0,0,0,0,0,0,0,0,0,0
54733601,13,8,5,12,7,5,1,1,0,2,2,0,0,0,0,1,1,0,20,9,11,8,3,5,0,0,0,2,0,2,9,5,4,1,1,0,0,0,0
54733602,171,96,75,166,95,71,7,2,5,15,7,8,1,0,1,5,1,4,163,78,85,66,29,37,0,0,0,6,0,6,22,9,13,69,40,29,1,0,1
54733603,391,202,189,378,196,182,14,6,8,54,31,23,4,0,4,13,6,7,340,158,182,155,71,84,1,0,1,12,0,12,58,32,26,114,55,59,2,1,1
54733604,34,18,16,27,14,13,0,0,0,1,0,1,0,0,0,7,4,3,21,7,14,8,3,5,0,0,0,0,0,0,2,2,0,11,2,9,0,0,0
54733605,14,9,5,14,9,5,0,0,0,1,1,0,0,0,0,0,0,0,10,6,4,0,0,0,0,0,0,1,0,1,2,2,0,7,4,3,2,2,0
54733606,62,35,27,60,34,26,0,0,0,5,3,2,0,0,0,2,1,1,58,27,31,32,17,15,0,0,0,1,0,1,5,2,3,20,8,12,0,0,0
54733607,7,4,3,7,4,3,0,0,0,1,1,0,0,0,0,0,0,0,17,8,9,11,5,6,0,0,0,0,0,0,0,0,0,6,3,3,0,0,0
54733608,61,32,29,60,32,28,0,0,0,10,6,4,1,0,1,1,0,1,49,25,24,27,11,16,0,0,0,2,0,2,6,5,1,14,9,5,0,0,0
54733609,114,65,49,110,62,48,3,0,3,11,6,5,1,0,1,4,3,1,112,51,61,61,26,35,0,0,0,5,0,5,16,8,8,30,17,13,2,0,2
54733610,119,64,55,113,62,51,5,3,2,15,9,6,0,0,0,6,2,4,95,41,54,26,11,15,0,0,0,9,0,9,17,7,10,43,23,20,0,0,0
54733612,209,122,87,201,117,84,3,1,2,35,20,15,1,0,1,8,5,3,151,60,91,80,33,47,0,0,0,7,0,7,28,11,17,36,16,20,1,1,0
54733614,444,232,212,431,224,207,20,9,11,62,31,31,2,0,2,13,8,5,440,180,260,281,106,175,1,1,0,14,0,14,37,20,17,107,53,54,3,1,2
54733615,18,9,9,18,9,9,6,2,4,1,1,0,0,0,0,0,0,0,5,2,3,2,2,0,0,0,0,1,0,1,2,0,2,0,0,0,1,0,1
54733616,54,31,23,53,30,23,1,0,1,8,6,2,0,0,0,1,1,0,43,15,28,14,5,9,0,0,0,4,0,4,9,3,6,16,7,9,0,0,0
54733617,398,215,183,393,213,180,13,6,7,69,38,31,3,0,3,5,2,3,342,134,208,191,74,117,1,0,1,8,0,8,41,12,29,101,48,53,6,3,3
54733618,111,62,49,103,57,46,2,1,1,7,3,4,2,0,2,8,5,3,91,34,57,52,18,34,0,0,0,3,0,3,15,7,8,21,9,12,1,0,1
54733619,1087,565,522,1043,542,501,34,18,16,154,69,85,6,0,6,44,23,21,1207,487,720,728,262,466,5,4,1,38,0,38,130,65,65,306,156,150,30,25,5
54733620,100,57,43,97,55,42,5,3,2,19,7,12,1,0,1,3,2,1,66,24,42,33,9,24,1,0,1,3,0,3,7,4,3,22,11,11,1,1,0
54733622,674,372,302,655,360,295,31,21,10,86,49,37,2,0,2,19,12,7,530,219,311,239,92,147,3,0,3,31,0,31,86,42,44,171,85,86,6,5,1
54733623,29,11,18,29,11,18,1,0,1,8,0,8,0,0,0,0,0,0,25,7,18,19,6,13,0,0,0,0,0,0,4,1,3,2,0,2,0,0,0
54744101,44,27,17,43,26,17,0,0,0,5,5,0,0,0,0,1,1,0,37,16,21,19,9,10,0,0,0,1,0,1,4,1,3,13,6,7,0,0,0
54744102,19,12,7,19,12,7,0,0,0,0,0,0,0,0,0,0,0,0,22,12,10,14,6,8,0,0,0,1,0,1,3,2,1,4,4,0,0,0,0
54744104,60,32,28,60,32,28,1,1,0,4,3,1,0,0,0,0,0,0,39,19,20,18,6,12,1,0,1,1,0,1,3,3,0,16,10,6,0,0,0
54744105,19,11,8,19,11,8,0,0,0,1,1,0,0,0,0,0,0,0,20,10,10,8,3,5,0,0,0,0,0,0,0,0,0,12,7,5,0,0,0
54744107,78,44,34,76,43,33,0,0,0,8,3,5,0,0,0,2,1,1,67,33,34,41,16,25,0,0,0,2,0,2,6,4,2,18,13,5,0,0,0
54744108,14,7,7,14,7,7,1,0,1,2,1,1,0,0,0,0,0,0,5,2,3,3,1,2,0,0,0,0,0,0,0,0,0,2,1,1,2,2,0
54744109,141,81,60,138,80,58,2,1,1,8,4,4,2,0,2,3,1,2,127,65,62,40,19,21,0,0,0,9,0,9,26,16,10,52,30,22,2,1,1
54746801,11,7,4,10,7,3,1,0,1,0,0,0,0,0,0,1,0,1,16,9,7,4,3,1,0,0,0,2,0,2,5,4,1,5,2,3,0,0,0
54746802,103,63,40,98,62,36,3,2,1,14,11,3,0,0,0,5,1,4,121,49,72,63,30,33,1,1,0,7,0,7,15,5,10,35,13,22,2,0,2
56098702,24,14,10,23,13,10,1,0,1,1,1,0,0,0,0,1,1,0,27,10,17,14,6,8,0,0,0,3,0,3,5,3,2,5,1,4,0,0,0
56099501,26,13,13,26,13,13,1,0,1,6,3,3,0,0,0,0,0,0,34,14,20,23,10,13,0,0,0,2,0,2,4,2,2,5,2,3,1,1,0
56102901,67,39,28,64,39,25,1,0,1,4,2,2,1,0,1,3,0,3,65,25,40,38,17,21,0,0,0,0,0,0,8,2,6,19,6,13,1,0,1
56103701,31,20,11,28,19,9,0,0,0,4,1,3,1,0,1,3,1,2,24,8,16,12,5,7,0,0,0,2,0,2,7,2,5,3,1,2,0,0,0
56103702,9,7,2,9,7,2,0,0,0,0,0,0,0,0,0,0,0,0,15,7,8,4,1,3,0,0,0,3,0,3,6,4,2,2,2,0,0,0,0
56104502,62,33,29,59,32,27,3,1,2,7,5,2,1,0,1,3,1,2,50,20,30,25,8,17,0,0,0,3,0,3,9,6,3,13,6,7,1,0,1
56105301,69,42,27,67,41,26,3,3,0,10,5,5,0,0,0,2,1,1,113,51,62,60,28,32,1,1,0,6,0,6,17,7,10,29,15,14,0,0,0
56106101,127,69,58,125,68,57,7,3,4,10,6,4,1,0,1,2,1,1,80,29,51,21,8,13,0,0,0,4,0,4,17,8,9,38,13,25,1,1,0
56107001,51,29,22,51,29,22,1,0,1,6,3,3,1,0,1,0,0,0,51,24,27,26,13,13,1,1,0,1,0,1,10,4,6,13,6,7,1,0,1
56108802,146,86,60,145,85,60,3,0,3,11,6,5,0,0,0,1,1,0,128,55,73,66,25,41,1,1,0,4,0,4,15,8,7,42,21,21,1,1,0
56170301,125,69,56,120,66,54,3,2,1,8,5,3,1,0,1,5,3,2,113,49,64,61,22,39,1,0,1,5,0,5,15,7,8,31,20,11,4,4,0
56170303,41,23,18,39,21,18,2,1,1,6,3,3,0,0,0,2,2,0,34,16,18,14,6,8,1,1,0,2,0,2,6,3,3,11,6,5,0,0,0
56170304,80,51,29,79,50,29,3,0,3,6,4,2,0,0,0,1,1,0,75,29,46,34,15,19,0,0,0,7,0,7,17,7,10,17,7,10,0,0,0
56171101,147,77,70,144,75,69,7,4,3,12,3,9,0,0,0,3,2,1,125,57,68,54,29,25,0,0,0,3,0,3,15,6,9,53,22,31,7,7,0
56171103,12,6,6,12,6,6,0,0,0,3,1,2,0,0,0,0,0,0,15,5,10,10,4,6,0,0,0,1,0,1,1,0,1,3,1,2,0,0,0
56171104,37,21,16,36,21,15,2,2,0,2,2,0,0,0,0,1,0,1,14,5,9,3,1,2,0,0,0,0,0,0,2,0,2,9,4,5,1,0,1
56171105,23,13,10,22,12,10,2,2,0,1,1,0,0,0,0,1,1,0,17,7,10,6,2,4,0,0,0,1,0,1,4,1,3,6,4,2,2,1,1
56171106,38,24,14,37,24,13,1,1,0,4,2,2,0,0,0,1,0,1,28,16,12,16,8,8,0,0,0,1,0,1,3,3,0,8,5,3,2,1,1
56231901,73,41,32,72,40,32,4,2,2,8,3,5,2,0,2,1,1,0,60,32,28,36,18,18,0,0,0,2,0,2,4,3,1,18,11,7,1,0,1
56232701,149,90,59,149,90,59,3,2,1,15,6,9,1,0,1,0,0,0,169,64,105,59,23,36,0,0,0,11,0,11,36,20,16,63,21,42,1,1,0
56236001,113,63,50,106,59,47,3,1,2,14,8,6,2,0,2,7,4,3,94,43,51,34,17,17,0,0,0,4,0,4,20,7,13,36,19,17,4,1,3
56236002,8,7,1,8,7,1,0,0,0,1,1,0,0,0,0,0,0,0,12,4,8,10,4,6,0,0,0,0,0,0,0,0,0,2,0,2,0,0,0
56236003,32,19,13,32,19,13,1,0,1,0,0,0,0,0,0,0,0,0,31,11,20,14,5,9,0,0,0,2,0,2,9,3,6,6,3,3,1,1,0
56236005,22,14,8,22,14,8,0,0,0,5,2,3,0,0,0,0,0,0,12,6,6,12,6,6,0,0,0,0,0,0,0,0,0,0,0,0,1,1,0
56237801,59,40,19,56,38,18,4,2,2,13,8,5,0,0,0,3,2,1,63,30,33,42,18,24,1,1,0,2,0,2,6,3,3,12,8,4,1,0,1
56237802,36,17,19,36,17,19,1,0,1,8,3,5,1,0,1,0,0,0,34,14,20,19,9,10,0,0,0,0,0,0,4,1,3,11,4,7,0,0,0
56238601,44,28,16,42,28,14,0,0,0,8,5,3,0,0,0,2,0,2,46,22,24,27,14,13,0,0,0,1,0,1,6,3,3,12,5,7,3,2,1
56238602,128,67,61,127,66,61,3,2,1,11,6,5,0,0,0,1,1,0,122,55,67,57,23,34,0,0,0,8,0,8,24,12,12,33,20,13,4,2,2
56241601,26,18,8,26,18,8,0,0,0,3,3,0,1,1,0,0,0,0,19,8,11,10,4,6,0,0,0,1,0,1,4,3,1,4,1,3,0,0,0
56242401,24,11,13,17,8,9,0,0,0,1,0,1,0,0,0,7,3,4,33,17,16,12,4,8,0,0,0,0,0,0,3,1,2,18,12,6,2,1,1
56245901,64,35,29,60,34,26,4,2,2,2,2,0,0,0,0,4,1,3,50,16,34,20,7,13,0,0,0,2,0,2,7,2,5,21,7,14,0,0,0
56246701,223,122,101,219,121,98,6,3,3,22,10,12,3,0,3,4,1,3,179,76,103,41,19,22,2,0,2,10,0,10,41,17,24,85,40,45,4,3,1
56247501,102,60,42,99,59,40,2,0,2,11,5,6,1,0,1,3,1,2,112,47,65,57,21,36,1,1,0,8,0,8,17,9,8,29,16,13,0,0,0
56249101,58,30,28,55,28,27,0,0,0,5,2,3,0,0,0,3,2,1,48,28,20,21,11,10,0,0,0,1,0,1,10,5,5,16,12,4,2,2,0
56254801,55,31,24,52,29,23,0,0,0,4,1,3,0,0,0,3,2,1,59,26,33,22,7,15,0,0,0,2,0,2,7,4,3,28,15,13,2,0,2
56259901,113,57,56,109,55,54,0,0,0,7,3,4,1,0,1,4,2,2,95,49,46,50,24,26,0,0,0,2,0,2,12,8,4,31,17,14,6,5,1
56260201,39,20,19,38,19,19,3,1,2,5,2,3,0,0,0,1,1,0,43,24,19,19,10,9,0,0,0,3,0,3,5,4,1,16,10,6,0,0,0
56260202,38,23,15,35,22,13,0,0,0,1,0,1,0,0,0,3,1,2,30,14,16,12,7,5,0,0,0,1,0,1,4,2,2,13,5,8,0,0,0
56262901,62,34,28,61,34,27,3,2,1,8,7,1,0,0,0,1,0,1,59,23,36,36,16,20,0,0,0,2,0,2,10,4,6,11,3,8,0,0,0
56263701,72,41,31,70,41,29,1,0,1,14,7,7,2,0,2,2,0,2,75,27,48,37,14,23,0,0,0,6,0,6,11,4,7,21,9,12,1,0,1
56265301,46,30,16,44,30,14,1,0,1,8,6,2,0,0,0,2,0,2,37,11,26,21,8,13,0,0,0,2,0,2,7,1,6,7,2,5,0,0,0
56267001,50,33,17,42,29,13,1,0,1,9,7,2,0,0,0,8,4,4,58,22,36,44,18,26,1,1,0,2,0,2,3,1,2,8,2,6,1,1,0
56268801,83,51,32,81,50,31,1,1,0,7,4,3,1,0,1,2,1,1,77,30,47,47,21,26,1,1,0,3,0,3,11,6,5,15,2,13,4,1,3
56269601,19,10,9,18,10,8,2,0,2,1,0,1,0,0,0,1,0,1,29,12,17,16,6,10,0,0,0,1,0,1,4,3,1,8,3,5,0,0,0
56272601,48,30,18,47,29,18,1,1,0,7,5,2,0,0,0,1,1,0,60,31,29,27,14,13,0,0,0,6,0,6,10,5,5,17,12,5,0,0,0
56273401,54,33,21,54,33,21,0,0,0,1,0,1,0,0,0,0,0,0,64,26,38,31,13,18,0,0,0,3,0,3,14,5,9,16,8,8,2,2,0
56274201,43,23,20,40,22,18,2,1,1,3,1,2,1,0,1,3,1,2,54,25,29,21,10,11,0,0,0,3,0,3,10,3,7,20,12,8,0,0,0
56276901,55,32,23,55,32,23,1,1,0,3,3,0,0,0,0,0,0,0,68,28,40,35,15,20,0,0,0,2,0,2,18,7,11,13,6,7,0,0,0
56278501,31,19,12,31,19,12,1,0,1,5,2,3,0,0,0,0,0,0,41,19,22,24,9,15,0,0,0,1,0,1,4,4,0,12,6,6,2,2,0
56280701,83,51,32,80,48,32,2,1,1,9,7,2,1,0,1,3,3,0,82,32,50,55,18,37,0,0,0,1,0,1,7,3,4,19,11,8,2,2,0
56281501,106,58,48,104,58,46,4,0,4,13,6,7,1,0,1,2,0,2,110,53,57,44,22,22,1,0,1,6,0,6,22,10,12,37,21,16,2,1,1
56283101,36,18,18,36,18,18,1,0,1,5,2,3,0,0,0,0,0,0,38,19,19,23,14,9,0,0,0,1,0,1,6,2,4,8,3,5,1,1,0
56284001,44,24,20,44,24,20,3,1,2,5,5,0,0,0,0,0,0,0,38,16,22,13,2,11,0,0,0,1,0,1,5,2,3,19,12,7,0,0,0
56284002,192,101,91,187,97,90,10,3,7,15,7,8,2,0,2,5,4,1,140,50,90,46,16,30,1,0,1,9,0,9,34,14,20,50,20,30,2,1,1
59863101,35,19,16,35,19,16,1,0,1,8,5,3,0,0,0,0,0,0,41,18,23,24,10,14,0,0,0,2,0,2,7,4,3,8,4,4,0,0,0
59864001,25,19,6,25,19,6,3,2,1,2,1,1,0,0,0,0,0,0,15,6,9,8,3,5,0,0,0,1,0,1,2,1,1,4,2,2,1,1,0
59865801,34,19,15,33,19,14,0,0,0,3,2,1,0,0,0,1,0,1,55,23,32,32,13,19,0,0,0,1,0,1,10,5,5,12,5,7,1,1,0
50962101,33,22,11,31,21,10,0,0,0,4,2,2,1,0,1,2,1,1,43,19,24,19,7,12,0,0,0,1,0,1,7,5,2,16,7,9,1,0,1
50962102,48,21,27,45,21,24,4,0,4,3,1,2,0,0,0,3,0,3,42,20,22,15,9,6,0,0,0,0,0,0,3,2,1,24,9,15,0,0,0
50962103,50,27,23,49,26,23,1,1,0,3,1,2,0,0,0,1,1,0,43,20,23,24,9,15,0,0,0,0,0,0,2,2,0,17,9,8,1,0,1
50962104,30,17,13,29,16,13,2,1,1,1,1,0,0,0,0,1,1,0,19,8,11,9,5,4,0,0,0,0,0,0,1,0,1,9,3,6,1,1,0
50962106,25,15,10,24,15,9,3,2,1,3,1,2,0,0,0,1,0,1,34,13,21,26,11,15,0,0,0,0,0,0,3,1,2,5,1,4,1,1,0
50962107,43,22,21,42,21,21,3,2,1,1,1,0,0,0,0,1,1,0,41,22,19,17,10,7,0,0,0,3,0,3,6,3,3,15,9,6,0,0,0
50962108,14,7,7,14,7,7,0,0,0,0,0,0,0,0,0,0,0,0,8,3,5,4,1,3,0,0,0,0,0,0,0,0,0,4,2,2,0,0,0
50962109,55,27,28,53,27,26,3,1,2,3,2,1,1,0,1,2,0,2,55,27,28,24,12,12,0,0,0,1,0,1,7,1,6,23,14,9,2,1,1
50975201,49,31,18,49,31,18,0,0,0,5,2,3,0,0,0,0,0,0,45,19,26,21,12,9,0,0,0,3,0,3,10,3,7,11,4,7,1,1,0
52987701,37,19,18,37,19,18,2,1,1,4,2,2,0,0,0,0,0,0,25,14,11,17,7,10,0,0,0,0,0,0,0,0,0,8,7,1,0,0,0
52988501,34,23,11,33,22,11,1,1,0,4,4,0,0,0,0,1,1,0,49,21,28,28,11,17,0,0,0,1,0,1,4,2,2,16,8,8,1,0,1
3083070,0,0,0,0,0,0,0,0,0,0,0,0,0,0,0,0,0,0,0,0,0,0,0,0,0,0,0,0,0,0,0,0,0,0,0,0,0,0,0
3350110,0,0,0,0,0,0,0,0,0,0,0,0,0,0,0,0,0,0,0,0,0,0,0,0,0,0,0,0,0,0,0,0,0,0,0,0,0,0,0
54924001,37,26,11,35,24,11,1,0,1,3,2,1,0,0,0,2,2,0,8,3,5,3,1,2,0,0,0,1,0,1,2,1,1,2,1,1,2,2,0
54924003,53,28,25,53,28,25,1,1,0,12,7,5,0,0,0,0,0,0,41,18,23,15,6,9,0,0,0,2,0,2,9,5,4,15,7,8,0,0,0
54924004,1022,535,487,997,523,474,47,21,26,113,61,52,8,0,8,25,12,13,892,399,493,371,167,204,3,2,1,50,0,50,173,84,89,295,146,149,8,3,5
54924005,53,29,24,52,28,24,1,1,0,9,4,5,0,0,0,1,1,0,57,30,27,35,17,18,0,0,0,3,0,3,8,3,5,11,10,1,0,0,0
54924006,231,121,110,226,120,106,14,6,8,18,9,9,0,0,0,5,1,4,194,92,102,70,35,35,0,0,0,10,0,10,27,12,15,87,45,42,0,0,0
54924008,325,175,150,315,171,144,17,9,8,39,19,20,2,0,2,10,4,6,262,114,148,106,49,57,2,1,1,14,0,14,41,19,22,99,45,54,3,2,1
54924009,572,344,228,527,313,214,21,9,12,57,34,23,1,0,1,45,31,14,357,159,198,117,52,65,3,2,1,15,0,15,88,40,48,134,65,69,107,75,32
54924010,1304,671,633,1208,621,587,58,29,29,129,67,62,10,0,10,96,50,46,1061,455,606,414,166,248,1,0,1,55,0,55,221,104,117,370,185,185,32,20,12
54924011,9,7,2,9,7,2,0,0,0,7,5,2,0,0,0,0,0,0,87,30,57,84,27,57,0,0,0,0,0,0,3,3,0,0,0,0,0,0,0
54924012,94,54,40,92,53,39,5,3,2,10,4,6,0,0,0,2,1,1,83,36,47,32,10,22,0,0,0,4,0,4,17,6,11,30,20,10,2,0,2
54924013,51,29,22,51,29,22,1,1,0,5,3,2,1,0,1,0,0,0,52,22,30,12,6,6,0,0,0,4,0,4,17,9,8,19,7,12,0,0,0
54924014,130,94,36,123,90,33,1,0,1,10,5,5,0,0,0,7,4,3,48,24,24,17,11,6,0,0,0,4,0,4,7,3,4,20,10,10,1,0,1
54924015,1022,544,478,978,522,456,45,23,22,115,53,62,6,0,6,44,22,22,1036,442,594,507,198,309,5,4,1,57,0,57,169,87,82,298,153,145,15,7,8
54924016,48,36,12,48,36,12,3,1,2,0,0,0,0,0,0,0,0,0,10,5,5,5,2,3,0,0,0,0,0,0,1,1,0,4,2,2,5,4,1
54924017,856,463,393,835,451,384,37,16,21,142,82,60,5,0,5,21,12,9,912,404,508,479,208,271,3,3,0,38,0,38,138,67,71,254,126,128,5,1,4
54924018,1712,895,817,1650,863,787,63,31,32,237,119,118,15,1,14,62,32,30,1739,742,997,988,390,598,2,1,1,66,0,66,265,130,135,418,221,197,25,13,12
54924019,306,150,156,303,150,153,19,6,13,29,16,13,3,0,3,3,0,3,248,110,138,62,23,39,2,0,2,14,0,14,52,20,32,118,67,51,4,3,1
54924020,1526,782,744,1450,753,697,64,30,34,152,75,77,13,0,13,76,29,47,1624,658,966,940,341,599,3,3,0,58,1,57,232,120,112,391,193,198,35,17,18
54924021,1986,1059,927,1895,1017,878,93,48,45,214,116,98,15,0,15,91,42,49,2028,833,1195,1061,376,685,4,2,2,85,0,85,322,157,165,556,298,258,31,19,12
54924022,24,14,10,24,14,10,1,1,0,3,2,1,0,0,0,0,0,0,14,4,10,2,1,1,0,0,0,0,0,0,4,0,4,8,3,5,0,0,0
54924023,31,16,15,31,16,15,6,3,3,4,1,3,0,0,0,0,0,0,23,13,10,10,4,6,0,0,0,0,0,0,4,1,3,9,8,1,0,0,0
54924024,98,53,45,96,52,44,3,1,2,10,6,4,1,0,1,2,1,1,86,32,54,24,9,15,0,0,0,10,0,10,23,9,14,29,14,15,2,0,2
54924025,436,225,211,413,215,198,16,6,10,35,19,16,5,0,5,23,10,13,480,170,310,283,86,197,1,0,1,18,1,17,72,39,33,106,44,62,11,5,6
54924026,170,120,50,169,119,50,0,0,0,2,0,2,2,0,2,1,1,0,10,3,7,3,1,2,0,0,0,0,0,0,5,1,4,2,1,1,8,5,3
54924027,2396,1226,1170,2234,1139,1095,77,33,44,247,109,138,25,0,25,162,87,75,1834,751,1083,861,317,544,12,7,5,80,2,78,337,166,171,544,259,285,46,28,18
54924028,841,435,406,823,425,398,45,14,31,83,43,40,5,0,5,18,10,8,743,330,413,314,129,185,5,2,3,30,0,30,127,63,64,267,136,131,5,2,3
54925801,226,124,102,215,118,97,5,3,2,23,14,9,1,0,1,11,6,5,204,93,111,103,49,54,0,0,0,13,0,13,37,18,19,51,26,25,3,3,0
54925802,21,13,8,19,12,7,0,0,0,4,3,1,0,0,0,2,1,1,14,6,8,9,2,7,0,0,0,0,0,0,1,0,1,4,4,0,2,2,0
54925803,53,31,22,48,29,19,3,1,2,5,3,2,0,0,0,5,2,3,68,28,40,30,12,18,0,0,0,5,0,5,10,4,6,23,12,11,0,0,0
54925806,28,17,11,27,16,11,1,1,0,7,4,3,0,0,0,1,1,0,23,14,9,14,7,7,0,0,0,1,0,1,5,4,1,3,3,0,0,0,0
54925809,79,48,31,76,47,29,1,1,0,13,9,4,0,0,0,3,1,2,88,45,43,43,22,21,1,0,1,1,0,1,15,7,8,28,16,12,4,1,3
54925810,54,34,20,51,32,19,0,0,0,10,8,2,0,0,0,3,2,1,63,29,34,37,17,20,1,1,0,1,0,1,10,4,6,14,7,7,0,0,0
0026912,0,0,0,0,0,0,0,0,0,0,0,0,0,0,0,0,0,0,0,0,0,0,0,0,0,0,0,0,0,0,0,0,0,0,0,0,0,0,0
54926601,424,228,196,407,221,186,14,6,8,26,16,10,2,0,2,17,7,10,414,175,239,243,98,145,0,0,0,7,0,7,45,20,25,119,57,62,6,5,1
54926602,22,13,9,21,13,8,1,1,0,3,3,0,1,0,1,1,0,1,20,5,15,10,2,8,0,0,0,2,0,2,4,1,3,4,2,2,0,0,0
54926603,36,23,13,36,23,13,1,0,1,5,1,4,0,0,0,0,0,0,37,15,22,15,7,8,0,0,0,5,0,5,8,4,4,9,4,5,0,0,0
54926604,20,11,9,20,11,9,0,0,0,3,2,1,0,0,0,0,0,0,23,11,12,8,4,4,1,0,1,1,0,1,5,3,2,8,4,4,0,0,0
54926605,11,7,4,11,7,4,0,0,0,0,0,0,0,0,0,0,0,0,16,7,9,13,7,6,0,0,0,1,0,1,2,0,2,0,0,0,0,0,0
54926606,46,27,19,42,24,18,1,0,1,6,2,4,0,0,0,4,3,1,42,22,20,25,13,12,0,0,0,2,0,2,5,5,0,10,4,6,0,0,0
54926607,46,26,20,46,26,20,0,0,0,5,3,2,0,0,0,0,0,0,39,18,21,23,11,12,0,0,0,1,0,1,5,4,1,10,3,7,0,0,0
54926608,10,6,4,10,6,4,1,0,1,4,3,1,0,0,0,0,0,0,13,6,7,9,5,4,3,1,2,0,0,0,0,0,0,1,0,1,0,0,0
54926609,63,36,27,62,35,27,3,2,1,2,1,1,0,0,0,1,1,0,42,19,23,22,10,12,1,0,1,3,0,3,9,7,2,7,2,5,2,1,1
54929101,179,105,74,176,105,71,4,2,2,18,13,5,0,0,0,3,0,3,152,64,88,79,34,45,0,0,0,9,0,9,25,12,13,39,18,21,1,0,1
54930401,135,72,63,127,70,57,1,0,1,17,10,7,0,0,0,8,2,6,143,61,82,71,29,42,0,0,0,6,0,6,16,9,7,50,23,27,1,0,1
54932101,49,29,20,49,29,20,0,0,0,8,6,2,0,0,0,0,0,0,70,29,41,41,16,25,0,0,0,0,0,0,9,5,4,20,8,12,1,0,1
54932102,16,7,9,16,7,9,1,0,1,0,0,0,0,0,0,0,0,0,15,10,5,9,6,3,0,0,0,0,0,0,1,0,1,5,4,1,1,0,1
54933901,447,235,212,426,225,201,17,9,8,62,32,30,3,0,3,21,10,11,368,175,193,193,88,105,3,2,1,21,0,21,55,32,23,96,53,43,3,3,0
54933902,16,10,6,16,10,6,1,1,0,3,2,1,0,0,0,0,0,0,21,11,10,12,7,5,0,0,0,0,0,0,4,2,2,5,2,3,0,0,0
54933903,43,25,18,41,25,16,1,0,1,4,1,3,0,0,0,2,0,2,46,22,24,34,17,17,0,0,0,1,0,1,4,2,2,7,3,4,0,0,0
54934702,33,22,11,32,22,10,5,3,2,3,2,1,0,0,0,1,0,1,24,13,11,17,9,8,1,1,0,0,0,0,0,0,0,6,3,3,0,0,0
54934703,60,32,28,60,32,28,2,2,0,4,1,3,0,0,0,0,0,0,59,28,31,32,17,15,0,0,0,0,0,0,8,3,5,19,8,11,1,0,1
54934704,321,169,152,313,167,146,14,7,7,30,16,14,1,0,1,8,2,6,275,128,147,112,51,61,0,0,0,6,0,6,36,15,21,121,62,59,6,4,2
54934705,69,37,32,63,34,29,1,1,0,6,3,3,0,0,0,6,3,3,66,35,31,17,6,11,0,0,0,5,0,5,22,15,7,22,14,8,0,0,0
54934706,42,25,17,42,25,17,1,1,0,5,3,2,1,0,1,0,0,0,40,18,22,19,10,9,0,0,0,2,0,2,8,2,6,11,6,5,1,0,1
54934708,70,38,32,67,36,31,5,2,3,10,7,3,0,0,0,3,2,1,56,25,31,26,9,17,0,0,0,2,0,2,10,5,5,18,11,7,0,0,0
54934709,96,50,46,93,49,44,5,1,4,2,2,0,1,0,1,3,1,2,62,36,26,11,5,6,0,0,0,1,0,1,11,6,5,39,25,14,1,1,0
54934710,26,13,13,25,12,13,1,0,1,1,0,1,0,0,0,1,1,0,22,3,19,8,2,6,0,0,0,2,0,2,5,1,4,7,0,7,0,0,0
54936301,151,84,67,147,81,66,5,3,2,12,5,7,1,0,1,4,3,1,118,51,67,56,28,28,0,0,0,6,0,6,22,9,13,34,14,20,6,6,0
54936302,76,45,31,75,45,30,3,1,2,7,2,5,0,0,0,1,0,1,54,29,25,24,10,14,0,0,0,2,0,2,6,2,4,22,17,5,0,0,0
54936303,138,76,62,137,75,62,9,5,4,19,11,8,1,0,1,1,1,0,113,48,65,21,5,16,0,0,0,8,0,8,33,14,19,51,29,22,1,0,1
54936304,85,46,39,84,46,38,4,1,3,11,4,7,0,0,0,1,0,1,61,29,32,23,11,12,0,0,0,1,0,1,11,5,6,26,13,13,1,0,1
54936305,90,50,40,89,49,40,4,1,3,5,4,1,1,0,1,1,1,0,91,38,53,43,19,24,0,0,0,4,0,4,16,7,9,28,12,16,0,0,0
54938001,35,20,15,35,20,15,0,0,0,4,2,2,0,0,0,0,0,0,32,15,17,12,5,7,1,0,1,1,0,1,5,4,1,13,6,7,0,0,0
54938002,37,19,18,36,19,17,0,0,0,5,3,2,1,0,1,1,0,1,46,24,22,29,15,14,0,0,0,2,0,2,12,7,5,3,2,1,2,1,1
54938003,14,7,7,14,7,7,0,0,0,1,1,0,0,0,0,0,0,0,101,39,62,92,35,57,0,0,0,0,0,0,2,0,2,7,4,3,0,0,0
54938004,45,26,19,43,25,18,0,0,0,4,3,1,0,0,0,2,1,1,49,25,24,34,15,19,0,0,0,0,0,0,4,4,0,11,6,5,0,0,0
54938005,24,10,14,23,9,14,1,1,0,0,0,0,0,0,0,1,1,0,16,7,9,6,2,4,0,0,0,2,0,2,3,2,1,5,3,2,0,0,0
54938006,20,12,8,19,12,7,1,0,1,1,1,0,0,0,0,1,0,1,28,10,18,15,4,11,0,0,0,1,0,1,6,4,2,6,2,4,1,0,1
54938007,31,15,16,31,15,16,2,1,1,3,1,2,0,0,0,0,0,0,23,9,14,12,6,6,0,0,0,0,0,0,2,0,2,9,3,6,0,0,0
54938008,59,33,26,59,33,26,3,2,1,7,2,5,2,0,2,0,0,0,52,22,30,24,10,14,0,0,0,3,0,3,7,1,6,18,11,7,2,2,0
54939801,134,72,62,127,68,59,3,1,2,8,5,3,1,0,1,7,4,3,115,63,52,46,21,25,2,1,1,4,0,4,25,14,11,38,27,11,2,1,1
54939802,14,6,8,8,3,5,0,0,0,2,1,1,0,0,0,6,3,3,8,5,3,5,3,2,0,0,0,1,0,1,1,1,0,1,1,0,1,1,0
54941001,26,14,12,25,14,11,3,1,2,1,1,0,1,0,1,1,0,1,28,14,14,11,4,7,0,0,0,1,0,1,4,2,2,12,8,4,0,0,0
54941002,53,29,24,51,28,23,3,1,2,2,0,2,1,0,1,2,1,1,51,26,25,21,11,10,0,0,0,3,0,3,14,7,7,13,8,5,1,0,1
54941003,28,14,14,25,14,11,0,0,0,3,2,1,0,0,0,3,0,3,24,15,9,18,11,7,0,0,0,1,0,1,1,1,0,4,3,1,0,0,0
54941004,27,14,13,27,14,13,1,0,1,0,0,0,1,0,1,0,0,0,24,9,15,11,6,5,0,0,0,0,0,0,2,0,2,11,3,8,0,0,0
54942801,114,70,44,112,70,42,6,4,2,8,3,5,0,0,0,2,0,2,100,47,53,49,25,24,0,0,0,7,0,7,11,7,4,33,15,18,4,3,1
54942802,12,7,5,11,7,4,0,0,0,0,0,0,0,0,0,1,0,1,21,9,12,7,4,3,0,0,0,1,0,1,5,2,3,8,3,5,1,0,1
54942803,41,23,18,40,22,18,2,1,1,5,1,4,0,0,0,1,1,0,38,19,19,23,10,13,0,0,0,1,0,1,7,4,3,7,5,2,1,1,0
54942804,60,36,24,58,35,23,0,0,0,4,3,1,0,0,0,2,1,1,77,38,39,44,20,24,0,0,0,3,0,3,8,5,3,22,13,9,0,0,0
54945201,242,139,103,230,133,97,10,5,5,24,12,12,2,0,2,12,6,6,189,80,109,87,36,51,1,0,1,10,0,10,28,12,16,63,32,31,5,3,2
54945203,31,18,13,30,18,12,1,0,1,3,2,1,1,0,1,1,0,1,32,13,19,15,6,9,0,0,0,1,0,1,4,1,3,12,6,6,0,0,0
54945204,25,14,11,24,13,11,0,0,0,3,2,1,0,0,0,1,1,0,24,16,8,12,9,3,0,0,0,1,0,1,5,4,1,6,3,3,0,0,0
54945207,48,32,16,44,28,16,1,1,0,3,3,0,0,0,0,4,4,0,65,30,35,26,13,13,1,1,0,6,0,6,17,8,9,15,8,7,0,0,0
54945208,26,15,11,25,14,11,0,0,0,1,1,0,0,0,0,1,1,0,36,15,21,14,8,6,0,0,0,4,0,4,10,4,6,8,3,5,0,0,0
54945209,18,10,8,17,10,7,4,2,2,0,0,0,0,0,0,1,0,1,9,5,4,5,3,2,0,0,0,1,0,1,2,1,1,1,1,0,0,0,0
54945210,17,7,10,17,7,10,1,1,0,1,0,1,0,0,0,0,0,0,5,3,2,2,2,0,0,0,0,0,0,0,1,0,1,2,1,1,0,0,0
54945211,18,11,7,17,11,6,0,0,0,2,2,0,0,0,0,1,0,1,21,9,12,13,5,8,0,0,0,0,0,0,2,1,1,6,3,3,0,0,0
54945212,13,8,5,13,8,5,1,0,1,1,1,0,0,0,0,0,0,0,25,12,13,17,8,9,1,0,1,1,0,1,2,2,0,4,2,2,0,0,0
54945213,53,35,18,50,32,18,1,1,0,2,1,1,1,0,1,3,3,0,43,18,25,29,12,17,0,0,0,1,0,1,3,1,2,10,5,5,0,0,0
54945214,12,7,5,12,7,5,0,0,0,2,1,1,0,0,0,0,0,0,13,8,5,8,3,5,1,1,0,0,0,0,2,2,0,2,2,0,1,0,1
54945220,10,7,3,9,7,2,0,0,0,0,0,0,0,0,0,1,0,1,33,13,20,11,6,5,0,0,0,1,0,1,13,4,9,8,3,5,0,0,0
54947901,37,19,18,37,19,18,1,0,1,4,3,1,1,0,1,0,0,0,19,6,13,10,4,6,0,0,0,1,0,1,5,1,4,3,1,2,0,0,0
54947902,72,38,34,68,36,32,3,2,1,1,0,1,1,0,1,4,2,2,83,36,47,50,23,27,0,0,0,1,0,1,9,5,4,23,8,15,3,3,0
54947903,42,22,20,22,12,10,2,1,1,0,0,0,0,0,0,20,10,10,55,29,26,18,8,10,0,0,0,3,0,3,18,10,8,16,11,5,4,2,2
54948701,133,76,57,129,74,55,7,5,2,9,5,4,1,0,1,4,2,2,115,51,64,28,9,19,0,0,0,10,1,9,32,21,11,45,20,25,0,0,0
54948702,124,75,49,120,72,48,2,0,2,12,7,5,1,0,1,4,3,1,114,50,64,58,26,32,1,0,1,5,0,5,21,10,11,29,14,15,3,3,0
54948703,24,13,11,23,13,10,0,0,0,3,1,2,0,0,0,1,0,1,15,9,6,3,3,0,0,0,0,2,0,2,4,2,2,6,4,2,0,0,0
54948704,63,39,24,62,39,23,7,2,5,8,4,4,1,0,1,1,0,1,62,26,36,33,16,17,0,0,0,3,0,3,11,3,8,15,7,8,0,0,0
54948705,44,24,20,41,21,20,0,0,0,3,2,1,0,0,0,3,3,0,36,16,20,8,2,6,0,0,0,1,0,1,5,1,4,22,13,9,0,0,0
54949501,18,11,7,18,11,7,0,0,0,1,1,0,0,0,0,0,0,0,14,6,8,11,4,7,0,0,0,0,0,0,1,1,0,2,1,1,0,0,0
54949502,267,152,115,261,148,113,11,4,7,22,16,6,3,0,3,6,4,2,243,106,137,104,45,59,0,0,0,6,0,6,39,17,22,94,44,50,3,1,2
54949504,27,15,12,27,15,12,0,0,0,4,2,2,0,0,0,0,0,0,31,16,15,14,6,8,0,0,0,1,0,1,2,1,1,14,9,5,1,0,1
54950901,116,64,52,113,62,51,4,2,2,7,4,3,0,0,0,3,2,1,87,32,55,42,15,27,1,1,0,5,0,5,13,4,9,26,12,14,5,4,1
54950902,25,15,10,25,15,10,2,0,2,5,3,2,0,0,0,0,0,0,30,13,17,23,10,13,0,0,0,1,0,1,3,2,1,3,1,2,0,0,0
54950903,36,22,14,35,21,14,3,1,2,3,1,2,0,0,0,1,1,0,41,13,28,18,6,12,0,0,0,5,0,5,10,6,4,8,1,7,0,0,0
54950904,25,14,11,23,13,10,0,0,0,5,1,4,0,0,0,2,1,1,24,12,12,19,10,9,0,0,0,1,0,1,2,1,1,2,1,1,0,0,0
1898710,0,0,0,0,0,0,0,0,0,0,0,0,0,0,0,0,0,0,0,0,0,0,0,0,0,0,0,0,0,0,0,0,0,0,0,0,0,0,0
54951701,14,8,6,13,8,5,0,0,0,1,0,1,0,0,0,1,0,1,8,5,3,6,3,3,0,0,0,0,0,0,0,0,0,2,2,0,0,0,0
54951702,24,14,10,21,13,8,0,0,0,6,4,2,0,0,0,3,1,2,37,19,18,28,16,12,0,0,0,1,0,1,5,1,4,3,2,1,0,0,0
54951704,10,5,5,10,5,5,2,1,1,1,0,1,0,0,0,0,0,0,11,6,5,8,5,3,0,0,0,1,0,1,1,0,1,1,1,0,0,0,0
54951705,370,202,168,356,196,160,11,2,9,48,33,15,1,0,1,14,6,8,325,124,201,163,61,102,3,1,2,16,0,16,46,22,24,97,40,57,2,0,2
54951706,40,22,18,40,22,18,1,1,0,3,2,1,1,0,1,0,0,0,40,18,22,28,12,16,0,0,0,1,0,1,5,3,2,6,3,3,1,1,0
54951708,5,3,2,5,3,2,0,0,0,0,0,0,0,0,0,0,0,0,21,10,11,15,8,7,1,1,0,0,0,0,0,0,0,5,1,4,0,0,0
54951709,21,15,6,21,15,6,0,0,0,1,1,0,0,0,0,0,0,0,18,9,9,9,4,5,0,0,0,1,0,1,2,2,0,6,3,3,0,0,0
54951710,21,15,6,21,15,6,0,0,0,0,0,0,1,0,1,0,0,0,23,8,15,11,3,8,0,0,0,3,0,3,7,3,4,2,2,0,0,0,0
54951713,22,12,10,20,11,9,0,0,0,0,0,0,0,0,0,2,1,1,26,10,16,22,9,13,0,0,0,0,0,0,3,1,2,1,0,1,0,0,0
54951714,37,20,17,34,18,16,2,0,2,3,2,1,0,0,0,3,2,1,38,17,21,21,9,12,0,0,0,1,0,1,5,2,3,11,6,5,1,0,1
54951715,70,39,31,67,38,29,3,0,3,4,1,3,0,0,0,3,1,2,64,23,41,38,14,24,0,0,0,1,0,1,6,2,4,19,7,12,1,1,0
54951717,60,33,27,59,33,26,2,1,1,2,1,1,0,0,0,1,0,1,63,24,39,44,19,25,0,0,0,1,0,1,4,1,3,14,4,10,2,2,0
54951718,14,8,6,13,8,5,0,0,0,4,1,3,0,0,0,1,0,1,9,5,4,5,3,2,0,0,0,0,0,0,0,0,0,4,2,2,0,0,0
54951719,7,6,1,7,6,1,0,0,0,1,1,0,1,0,1,0,0,0,16,6,10,4,1,3,0,0,0,2,0,2,6,3,3,4,2,2,0,0,0
54951721,9,5,4,9,5,4,0,0,0,1,1,0,0,0,0,0,0,0,12,5,7,7,3,4,0,0,0,0,0,0,1,1,0,4,1,3,0,0,0
54952501,71,35,36,70,35,35,3,1,2,9,4,5,1,0,1,1,0,1,64,27,37,34,17,17,0,0,0,3,0,3,10,4,6,17,6,11,1,0,1
54952502,32,17,15,32,17,15,0,0,0,3,1,2,0,0,0,0,0,0,34,18,16,12,7,5,1,1,0,2,0,2,3,1,2,16,9,7,0,0,0
54954101,95,54,41,93,54,39,2,1,1,16,10,6,1,0,1,2,0,2,95,45,50,49,22,27,0,0,0,2,0,2,12,7,5,32,16,16,0,0,0
54956801,119,69,50,116,66,50,2,0,2,14,9,5,0,0,0,3,3,0,100,34,66,46,21,25,0,0,0,7,0,7,19,6,13,28,7,21,5,3,2
54956802,34,18,16,31,16,15,0,0,0,5,3,2,1,0,1,3,2,1,25,12,13,16,8,8,0,0,0,0,0,0,2,2,0,7,2,5,0,0,0
54957601,41,27,14,41,27,14,2,1,1,7,4,3,0,0,0,0,0,0,24,10,14,14,6,8,0,0,0,1,0,1,3,2,1,6,2,4,0,0,0
54957602,14,9,5,13,9,4,0,0,0,0,0,0,0,0,0,1,0,1,6,4,2,2,0,2,0,0,0,0,0,0,0,0,0,4,4,0,0,0,0
54957603,20,12,8,19,11,8,0,0,0,1,0,1,0,0,0,1,1,0,25,13,12,12,4,8,0,0,0,0,0,0,2,2,0,11,7,4,0,0,0
54957604,12,5,7,11,5,6,1,0,1,3,2,1,0,0,0,1,0,1,15,7,8,9,3,6,0,0,0,0,0,0,1,1,0,5,3,2,0,0,0
54957605,42,27,15,40,26,14,1,1,0,2,2,0,0,0,0,2,1,1,58,30,28,39,18,21,0,0,0,2,0,2,4,3,1,13,9,4,0,0,0
54957606,74,40,34,71,38,33,3,2,1,15,7,8,0,0,0,3,2,1,70,32,38,43,19,24,0,0,0,3,0,3,8,4,4,16,9,7,1,0,1
54957607,19,10,9,19,10,9,2,1,1,2,1,1,0,0,0,0,0,0,19,7,12,10,3,7,0,0,0,0,0,0,0,0,0,9,4,5,0,0,0
54957608,1218,655,563,1154,631,523,44,11,33,120,54,66,7,0,7,64,24,40,1406,590,816,912,353,559,3,1,2,48,0,48,154,90,64,289,146,143,24,16,8
54957609,747,402,345,721,392,329,23,9,14,114,65,49,8,0,8,26,10,16,818,348,470,520,215,305,1,1,0,18,0,18,85,40,45,194,92,102,4,2,2
54957610,76,42,34,74,41,33,4,1,3,14,7,7,1,1,0,2,1,1,187,79,108,157,63,94,1,1,0,3,0,3,12,7,5,14,8,6,0,0,0
54957611,21,11,10,21,11,10,2,0,2,3,2,1,1,0,1,0,0,0,13,7,6,6,3,3,0,0,0,1,0,1,3,2,1,3,2,1,0,0,0
54957613,222,123,99,217,122,95,8,5,3,21,14,7,1,0,1,5,1,4,179,85,94,39,14,25,0,0,0,6,0,6,31,18,13,103,53,50,3,1,2
54957614,771,414,357,722,391,331,22,15,7,61,30,31,4,0,4,49,23,26,636,271,365,296,112,184,1,1,0,25,0,25,97,44,53,217,114,103,43,37,6
54957615,399,217,182,384,212,172,8,3,5,38,22,16,2,0,2,15,5,10,317,134,183,186,77,109,0,0,0,14,1,13,39,18,21,78,38,40,1,1,0
54957616,188,107,81,185,104,81,6,3,3,28,18,10,1,0,1,3,3,0,175,77,98,95,35,60,0,0,0,4,0,4,17,9,8,59,33,26,1,1,0
54958402,34,21,13,34,21,13,1,1,0,5,3,2,0,0,0,0,0,0,33,14,19,21,8,13,0,0,0,2,0,2,4,2,2,6,4,2,1,1,0
54958403,20,12,8,20,12,8,1,0,1,2,1,1,0,0,0,0,0,0,27,13,14,20,8,12,0,0,0,0,0,0,1,1,0,6,4,2,0,0,0
54958404,484,281,203,466,271,195,16,6,10,44,26,18,2,0,2,18,10,8,477,219,258,209,88,121,1,1,0,20,0,20,86,45,41,161,85,76,4,2,2
54958405,19,10,9,18,9,9,1,1,0,1,0,1,0,0,0,1,1,0,21,13,8,7,5,2,1,1,0,0,0,0,4,3,1,9,4,5,1,1,0
54958408,36,24,12,35,23,12,1,0,1,2,1,1,1,0,1,1,1,0,46,22,24,24,11,13,1,0,1,3,0,3,7,5,2,11,6,5,0,0,0
54959201,30,20,10,30,20,10,3,1,2,2,1,1,0,0,0,0,0,0,16,7,9,6,1,5,0,0,0,1,0,1,5,3,2,4,3,1,1,0,1
54959203,24,10,14,23,10,13,0,0,0,1,1,0,0,0,0,1,0,1,8,5,3,3,1,2,0,0,0,0,0,0,3,3,0,2,1,1,0,0,0
54959204,648,369,279,613,354,259,17,9,8,56,31,25,3,0,3,35,15,20,637,259,378,335,132,203,2,2,0,39,0,39,110,55,55,151,70,81,21,17,4
54959205,12,6,6,10,5,5,0,0,0,0,0,0,1,0,1,2,1,1,18,8,10,7,3,4,0,0,0,1,0,1,3,1,2,7,4,3,0,0,0
54959206,48,28,20,46,27,19,2,1,1,5,4,1,0,0,0,2,1,1,24,9,15,11,4,7,1,1,0,0,0,0,5,3,2,7,1,6,2,0,2
54959207,20,12,8,19,11,8,2,1,1,1,0,1,0,0,0,1,1,0,21,11,10,14,5,9,0,0,0,0,0,0,2,2,0,5,4,1,1,0,1
54959209,20,12,8,20,12,8,1,1,0,4,1,3,0,0,0,0,0,0,18,10,8,11,6,5,0,0,0,0,0,0,1,1,0,6,3,3,1,1,0
54960601,18,10,8,18,10,8,0,0,0,2,0,2,0,0,0,0,0,0,17,9,8,9,6,3,0,0,0,2,0,2,3,2,1,3,1,2,0,0,0
54960602,34,15,19,32,14,18,2,0,2,4,1,3,2,0,2,2,1,1,24,10,14,13,5,8,0,0,0,0,0,0,3,2,1,8,3,5,1,1,0
54960603,17,10,7,17,10,7,0,0,0,2,1,1,0,0,0,0,0,0,21,8,13,12,5,7,0,0,0,0,0,0,3,1,2,6,2,4,1,0,1
54960606,48,27,21,44,26,18,1,0,1,3,1,2,0,0,0,4,1,3,52,31,21,21,11,10,0,0,0,5,0,5,15,13,2,11,7,4,4,3,1
54961401,37,21,16,36,21,15,1,0,1,6,4,2,2,0,2,1,0,1,50,22,28,27,15,12,0,0,0,3,0,3,6,2,4,14,5,9,1,1,0
54965701,41,24,17,38,24,14,1,1,0,8,5,3,0,0,0,3,0,3,52,30,22,34,17,17,0,0,0,1,0,1,3,2,1,14,11,3,3,2,1
54965702,20,9,11,17,6,11,0,0,0,4,1,3,0,0,0,3,3,0,20,11,9,14,8,6,1,1,0,0,0,0,3,0,3,2,2,0,0,0,0
54968101,11,5,6,11,5,6,1,0,1,1,0,1,0,0,0,0,0,0,16,7,9,11,6,5,0,0,0,0,0,0,3,0,3,2,1,1,0,0,0
54968103,39,27,12,38,26,12,0,0,0,4,2,2,0,0,0,1,1,0,44,21,23,35,17,18,0,0,0,1,0,1,5,3,2,3,1,2,0,0,0
54968104,84,39,45,81,37,44,2,0,2,8,3,5,1,0,1,3,2,1,68,29,39,37,15,22,2,1,1,3,0,3,10,5,5,16,8,8,4,3,1
54970301,127,69,58,126,68,58,6,2,4,14,7,7,0,0,0,1,1,0,122,54,68,50,20,30,1,1,0,4,0,4,13,9,4,54,24,30,1,1,0
54970302,39,26,13,39,26,13,2,1,1,5,4,1,0,0,0,0,0,0,36,16,20,25,9,16,0,0,0,0,0,0,5,4,1,6,3,3,0,0,0
54971102,111,72,39,100,69,31,3,1,2,12,9,3,1,0,1,11,3,8,109,42,67,63,26,37,0,0,0,5,0,5,16,4,12,25,12,13,5,2,3
54971103,64,38,26,64,38,26,2,1,1,13,10,3,0,0,0,0,0,0,54,23,31,30,12,18,0,0,0,2,0,2,6,4,2,16,7,9,0,0,0
54975401,115,73,42,110,70,40,4,2,2,11,7,4,0,0,0,5,3,2,125,56,69,66,27,39,0,0,0,2,0,2,19,9,10,38,20,18,5,2,3
54975402,43,24,19,41,22,19,1,0,1,6,3,3,0,0,0,2,2,0,14,7,7,7,5,2,0,0,0,0,0,0,0,0,0,7,2,5,0,0,0
54975404,24,17,7,23,16,7,0,0,0,1,1,0,0,0,0,1,1,0,24,12,12,17,8,9,0,0,0,0,0,0,1,0,1,6,4,2,0,0,0
54977101,50,29,21,48,28,20,0,0,0,4,4,0,0,0,0,2,1,1,41,18,23,16,8,8,0,0,0,4,0,4,6,2,4,15,8,7,2,2,0
54977102,114,75,39,110,71,39,5,4,1,13,8,5,0,0,0,4,4,0,79,36,43,44,17,27,0,0,0,5,0,5,12,7,5,18,12,6,2,2,0
54977103,50,28,22,50,28,22,2,0,2,3,2,1,0,0,0,0,0,0,41,14,27,13,3,10,0,0,0,3,0,3,10,5,5,15,6,9,2,2,0
54977104,68,43,25,66,42,24,0,0,0,11,6,5,0,0,0,2,1,1,66,21,45,38,14,24,0,0,0,7,0,7,13,4,9,8,3,5,1,0,1
54977105,20,13,7,20,13,7,1,1,0,3,2,1,1,0,1,0,0,0,28,9,19,13,6,7,0,0,0,3,1,2,7,2,5,5,0,5,2,1,1
54977106,131,72,59,129,71,58,4,2,2,10,5,5,1,0,1,2,1,1,117,50,67,55,27,28,0,0,0,5,0,5,18,7,11,39,16,23,2,1,1
54977107,49,25,24,47,24,23,2,0,2,8,2,6,1,0,1,2,1,1,37,19,18,20,10,10,0,0,0,0,0,0,3,0,3,14,9,5,1,1,0
54977108,81,45,36,74,42,32,4,1,3,7,7,0,1,0,1,7,3,4,83,46,37,45,26,19,0,0,0,3,0,3,16,9,7,19,11,8,5,2,3
54977109,1829,1019,810,1729,963,766,67,24,43,193,94,99,13,0,13,100,56,44,1721,751,970,950,381,569,1,0,1,60,0,60,242,126,116,468,244,224,41,31,10
54979701,25,15,10,24,15,9,1,1,0,3,1,2,0,0,0,1,0,1,25,11,14,17,6,11,0,0,0,1,0,1,4,4,0,3,1,2,2,2,0
54979703,89,49,40,86,49,37,0,0,0,5,2,3,0,0,0,3,0,3,69,29,40,25,9,16,0,0,0,3,0,3,9,6,3,32,14,18,1,0,1
54979704,25,14,11,25,14,11,1,0,1,3,2,1,0,0,0,0,0,0,28,11,17,20,9,11,0,0,0,0,0,0,2,0,2,6,2,4,0,0,0
54980101,207,115,92,203,112,91,8,2,6,29,15,14,2,0,2,4,3,1,190,91,99,86,40,46,0,0,0,5,0,5,29,12,17,70,39,31,3,3,0
54980102,71,38,33,66,35,31,1,0,1,9,4,5,0,0,0,5,3,2,82,35,47,33,14,19,1,1,0,5,0,5,14,6,8,29,14,15,1,0,1
54982701,128,68,60,122,65,57,2,1,1,20,9,11,2,0,2,6,3,3,115,53,62,66,31,35,1,0,1,2,0,2,13,8,5,33,14,19,3,1,2
54982702,45,26,19,44,25,19,0,0,0,9,4,5,0,0,0,1,1,0,52,19,33,33,11,22,0,0,0,1,0,1,10,3,7,8,5,3,0,0,0
54982703,27,14,13,24,13,11,0,0,0,3,3,0,0,0,0,3,1,2,24,6,18,1,1,0,0,0,0,0,0,0,6,0,6,17,5,12,1,1,0
54984301,93,53,40,90,53,37,6,2,4,11,7,4,1,0,1,3,0,3,96,39,57,49,18,31,0,0,0,2,0,2,11,3,8,34,18,16,0,0,0
54984302,577,322,255,557,315,242,23,10,13,68,40,28,2,0,2,20,7,13,547,235,312,284,116,168,0,0,0,30,0,30,92,49,43,141,70,71,5,4,1
54985101,135,78,57,131,76,55,5,3,2,14,8,6,1,0,1,4,2,2,142,67,75,75,36,39,0,0,0,8,0,8,25,17,8,34,14,20,3,2,1
54985102,16,6,10,16,6,10,0,0,0,0,0,0,0,0,0,0,0,0,23,10,13,8,3,5,0,0,0,0,0,0,6,2,4,9,5,4,0,0,0
54986001,34,19,15,34,19,15,0,0,0,8,4,4,0,0,0,0,0,0,32,20,12,16,11,5,0,0,0,2,0,2,6,4,2,8,5,3,0,0,0
54986002,40,22,18,40,22,18,1,0,1,9,6,3,0,0,0,0,0,0,48,28,20,30,16,14,0,0,0,1,0,1,4,4,0,13,8,5,0,0,0
54986003,12,7,5,12,7,5,1,1,0,1,1,0,0,0,0,0,0,0,18,9,9,10,4,6,0,0,0,0,0,0,4,2,2,4,3,1,0,0,0
54986004,84,51,33,81,50,31,2,1,1,8,6,2,1,0,1,3,1,2,61,28,33,26,8,18,0,0,0,1,0,1,9,5,4,25,15,10,0,0,0
54986005,21,13,8,18,12,6,0,0,0,0,0,0,0,0,0,3,1,2,22,13,9,8,5,3,0,0,0,0,0,0,2,1,1,12,7,5,1,0,1
54987801,110,62,48,104,58,46,4,1,3,19,12,7,0,0,0,6,4,2,131,61,70,73,27,46,0,0,0,4,0,4,17,10,7,37,24,13,2,2,0
54987803,18,7,11,17,7,10,1,1,0,2,1,1,0,0,0,1,0,1,15,5,10,10,4,6,0,0,0,1,0,1,2,1,1,2,0,2,0,0,0
54993201,18,11,7,15,10,5,1,1,0,3,3,0,0,0,0,3,1,2,11,3,8,6,1,5,0,0,0,0,0,0,3,1,2,2,1,1,0,0,0
54993202,66,39,27,65,38,27,2,0,2,8,3,5,0,0,0,1,1,0,67,34,33,32,15,17,0,0,0,3,0,3,10,4,6,22,15,7,0,0,0
54997501,42,27,15,40,27,13,2,0,2,4,4,0,0,0,0,2,0,2,26,12,14,19,9,10,0,0,0,2,0,2,5,3,2,0,0,0,1,1,0
54997502,60,34,26,54,29,25,2,1,1,6,2,4,0,0,0,6,5,1,69,30,39,28,12,16,0,0,0,6,0,6,12,5,7,23,13,10,3,3,0
1857361,0,0,0,0,0,0,0,0,0,0,0,0,0,0,0,0,0,0,0,0,0,0,0,0,0,0,0,0,0,0,0,0,0,0,0,0,0,0,0
54999101,39,23,16,38,23,15,3,3,0,5,2,3,1,0,1,1,0,1,31,17,14,18,8,10,0,0,0,1,0,1,4,3,1,8,6,2,1,1,0
54999102,123,72,51,119,71,48,1,0,1,14,8,6,1,0,1,4,1,3,95,43,52,55,24,31,0,0,0,3,0,3,15,8,7,22,11,11,5,1,4
55000101,64,35,29,60,35,25,4,2,2,5,5,0,0,0,0,4,0,4,57,22,35,27,11,16,0,0,0,3,0,3,6,3,3,21,8,13,1,0,1
55000102,18,9,9,18,9,9,1,0,1,1,1,0,0,0,0,0,0,0,5,3,2,3,2,1,0,0,0,0,0,0,0,0,0,2,1,1,0,0,0
55000103,15,9,6,15,9,6,0,0,0,1,1,0,0,0,0,0,0,0,17,7,10,5,1,4,0,0,0,1,0,1,3,2,1,8,4,4,0,0,0
55002701,51,28,23,49,27,22,0,0,0,4,1,3,1,0,1,2,1,1,53,28,25,29,16,13,1,1,0,3,0,3,8,5,3,12,6,6,0,0,0
55002702,36,23,13,35,22,13,1,1,0,5,3,2,1,0,1,1,1,0,25,10,15,15,5,10,0,0,0,1,0,1,3,2,1,6,3,3,0,0,0
55002703,53,30,23,51,28,23,1,0,1,6,2,4,0,0,0,2,2,0,48,21,27,21,11,10,0,0,0,3,0,3,10,2,8,14,8,6,0,0,0
55002704,187,110,77,179,105,74,7,2,5,20,13,7,1,0,1,8,5,3,202,87,115,123,51,72,1,0,1,8,0,8,25,12,13,45,24,21,8,4,4
55002705,30,16,14,28,16,12,1,0,1,2,2,0,0,0,0,2,0,2,22,9,13,11,5,6,0,0,0,1,0,1,2,0,2,8,4,4,1,1,0
55002706,30,14,16,29,13,16,0,0,0,1,0,1,0,0,0,1,1,0,28,17,11,10,6,4,0,0,0,0,0,0,2,0,2,16,11,5,0,0,0
55003501,160,87,73,155,86,69,7,2,5,18,13,5,0,0,0,5,1,4,159,75,84,95,44,51,0,0,0,5,1,4,22,12,10,37,18,19,2,1,1
55004303,56,34,22,51,30,21,1,0,1,19,10,9,1,0,1,5,4,1,109,57,52,80,45,35,1,0,1,2,0,2,12,5,7,14,7,7,1,0,1
55006001,47,30,17,46,30,16,4,1,3,4,3,1,1,0,1,1,0,1,33,17,16,13,6,7,0,0,0,3,0,3,10,5,5,7,6,1,0,0,0
55006003,31,21,10,29,20,9,0,0,0,5,4,1,0,0,0,2,1,1,19,6,13,10,1,9,0,0,0,1,0,1,2,0,2,6,5,1,0,0,0
55006004,64,39,25,64,39,25,2,1,1,8,6,2,1,0,1,0,0,0,58,26,32,30,13,17,0,0,0,4,0,4,15,9,6,9,4,5,1,0,1
55006005,25,15,10,25,15,10,0,0,0,2,2,0,0,0,0,0,0,0,30,12,18,20,9,11,0,0,0,1,0,1,6,2,4,3,1,2,0,0,0
56150901,32,18,14,31,17,14,2,0,2,9,5,4,0,0,0,1,1,0,34,14,20,25,12,13,0,0,0,0,0,0,1,0,1,8,2,6,0,0,0
56151701,68,47,21,67,46,21,3,1,2,6,5,1,0,0,0,1,1,0,66,28,38,36,15,21,0,0,0,4,0,4,13,7,6,13,6,7,0,0,0
56152501,74,41,33,72,40,32,2,2,0,9,6,3,3,0,3,2,1,1,71,37,34,33,15,18,1,1,0,3,0,3,15,8,7,19,13,6,0,0,0
56155001,26,15,11,24,15,9,0,0,0,6,4,2,0,0,0,2,0,2,21,6,15,11,3,8,0,0,0,1,0,1,2,1,1,7,2,5,0,0,0
56206801,98,51,47,94,49,45,4,2,2,8,4,4,0,0,0,4,2,2,171,52,119,112,30,82,0,0,0,3,0,3,21,7,14,35,15,20,4,2,2
56208401,63,40,23,57,37,20,2,0,2,3,3,0,0,0,0,6,3,3,43,18,25,20,7,13,0,0,0,4,0,4,7,4,3,12,7,5,1,0,1
56212201,102,58,44,97,56,41,3,1,2,11,7,4,1,0,1,5,2,3,109,52,57,52,20,32,1,1,0,6,0,6,24,15,9,26,16,10,4,3,1
56214901,13,8,5,13,8,5,0,0,0,3,0,3,0,0,0,0,0,0,12,6,6,11,5,6,0,0,0,0,0,0,1,1,0,0,0,0,0,0,0
56215701,40,22,18,38,22,16,2,1,1,8,5,3,0,0,0,2,0,2,34,16,18,24,11,13,0,0,0,1,0,1,6,3,3,3,2,1,3,3,0
56215702,14,9,5,12,8,4,1,0,1,1,0,1,0,0,0,2,1,1,11,5,6,9,4,5,0,0,0,0,0,0,1,0,1,1,1,0,0,0,0
56216501,93,50,43,88,46,42,0,0,0,14,5,9,0,0,0,5,4,1,104,59,45,42,19,23,0,0,0,2,0,2,18,10,8,42,30,12,2,0,2
56218101,93,53,40,87,50,37,4,3,1,13,8,5,0,0,0,6,3,3,76,33,43,40,17,23,0,0,0,4,0,4,12,5,7,20,11,9,0,0,0
56219001,71,37,34,67,34,33,1,1,0,8,3,5,1,0,1,4,3,1,76,41,35,42,25,17,0,0,0,3,0,3,11,5,6,20,11,9,4,2,2
1916042,0,0,0,0,0,0,0,0,0,0,0,0,0,0,0,0,0,0,0,0,0,0,0,0,0,0,0,0,0,0,0,0,0,0,0,0,0,0,0
56221101,34,18,16,34,18,16,1,1,0,6,4,2,1,0,1,0,0,0,31,11,20,23,8,15,0,0,0,1,0,1,3,0,3,4,3,1,2,2,0
56221103,38,22,16,35,21,14,1,1,0,7,4,3,0,0,0,3,1,2,39,18,21,25,13,12,0,0,0,1,0,1,5,2,3,8,3,5,0,0,0
56221105,7,2,5,7,2,5,0,0,0,1,0,1,0,0,0,0,0,0,13,8,5,9,7,2,0,0,0,1,0,1,2,0,2,1,1,0,0,0,0
56221106,12,8,4,12,8,4,0,0,0,4,3,1,0,0,0,0,0,0,16,8,8,16,8,8,0,0,0,0,0,0,0,0,0,0,0,0,0,0,0
56225401,8,7,1,7,7,0,0,0,0,2,2,0,0,0,0,1,0,1,13,3,10,3,0,3,0,0,0,2,0,2,3,2,1,5,1,4,0,0,0
56225402,81,43,38,77,40,37,1,0,1,10,5,5,0,0,0,4,3,1,66,33,33,33,19,14,1,1,0,2,0,2,11,3,8,19,10,9,2,1,1
56227101,61,30,31,60,30,30,2,1,1,8,5,3,0,0,0,1,0,1,53,22,31,28,11,17,0,0,0,0,0,0,2,0,2,23,11,12,0,0,0
56228902,10,5,5,10,5,5,1,0,1,2,2,0,0,0,0,0,0,0,14,7,7,10,5,5,0,0,0,0,0,0,3,1,2,1,1,0,0,0,0
56228903,18,10,8,17,10,7,0,0,0,3,2,1,1,0,1,1,0,1,20,8,12,14,6,8,0,0,0,0,0,0,4,2,2,2,0,2,0,0,0
56228904,11,9,2,11,9,2,0,0,0,3,3,0,0,0,0,0,0,0,10,3,7,9,3,6,0,0,0,0,0,0,1,0,1,0,0,0,0,0,0
56230101,58,30,28,56,28,28,0,0,0,8,4,4,2,0,2,2,2,0,51,31,20,21,12,9,0,0,0,1,0,1,14,9,5,15,10,5,1,1,0
56230102,14,6,8,14,6,8,0,0,0,0,0,0,0,0,0,0,0,0,12,4,8,2,1,1,0,0,0,3,1,2,3,1,2,4,1,3,0,0,0
56230103,59,36,23,57,35,22,1,0,1,4,2,2,1,0,1,2,1,1,55,25,30,17,10,7,0,0,0,3,0,3,14,9,5,21,6,15,1,0,1
59878001,112,66,46,108,64,44,3,2,1,10,6,4,1,0,1,4,2,2,93,32,61,51,19,32,0,0,0,3,0,3,18,5,13,21,8,13,0,0,0
59880102,31,19,12,31,19,12,1,1,0,5,2,3,1,0,1,0,0,0,51,24,27,24,12,12,0,0,0,3,0,3,11,5,6,13,7,6,1,0,1
59880103,12,6,6,11,6,5,0,0,0,1,0,1,0,0,0,1,0,1,9,3,6,4,2,2,0,0,0,2,0,2,3,1,2,0,0,0,0,0,0
59882801,76,46,30,72,44,28,4,3,1,8,4,4,0,0,0,4,2,2,55,32,23,23,9,14,0,0,0,2,1,1,9,7,2,21,15,6,0,0,0
59884401,30,19,11,30,19,11,0,0,0,3,2,1,0,0,0,0,0,0,26,10,16,15,4,11,0,0,0,1,0,1,5,3,2,5,3,2,2,0,2
59884404,83,44,39,82,43,39,3,2,1,7,2,5,0,0,0,1,1,0,82,31,51,32,11,21,0,0,0,5,0,5,14,6,8,31,14,17,1,1,0
59885201,16,8,8,16,8,8,0,0,0,1,0,1,0,0,0,0,0,0,19,7,12,10,4,6,0,0,0,0,0,0,5,1,4,4,2,2,1,0,1
59885202,19,11,8,18,11,7,0,0,0,3,1,2,0,0,0,1,0,1,23,11,12,12,6,6,0,0,0,2,0,2,4,3,1,5,2,3,0,0,0
59885203,21,13,8,21,13,8,1,1,0,1,1,0,0,0,0,0,0,0,42,19,23,28,11,17,0,0,0,2,0,2,6,3,3,6,5,1,0,0,0
59886101,12,7,5,11,7,4,1,1,0,2,1,1,0,0,0,1,0,1,14,5,9,11,4,7,0,0,0,0,0,0,2,0,2,1,1,0,0,0,0
59886102,76,45,31,75,44,31,2,1,1,5,3,2,1,0,1,1,1,0,78,33,45,42,17,25,1,0,1,1,0,1,13,8,5,21,8,13,1,0,1
59886104,31,19,12,30,19,11,1,0,1,1,0,1,0,0,0,1,0,1,37,20,17,19,9,10,0,0,0,1,0,1,6,4,2,11,7,4,0,0,0
1534350,0,0,0,0,0,0,0,0,0,0,0,0,0,0,0,0,0,0,0,0,0,0,0,0,0,0,0,0,0,0,0,0,0,0,0,0,0,0,0
52989301,42,26,16,39,24,15,2,0,2,7,5,2,1,0,1,3,2,1,41,21,20,15,4,11,0,0,0,2,0,2,10,6,4,14,11,3,1,1,0
52991501,36,19,17,33,18,15,1,0,1,5,3,2,0,0,0,3,1,2,27,14,13,15,7,8,0,0,0,0,0,0,3,1,2,9,6,3,1,1,0
52992301,62,33,29,61,33,28,3,1,2,8,4,4,0,0,0,1,0,1,53,21,32,25,11,14,0,0,0,2,0,2,9,3,6,17,7,10,0,0,0
53707101,31,18,13,30,17,13,1,0,1,2,0,2,0,0,0,1,1,0,48,19,29,32,15,17,0,0,0,2,0,2,3,0,3,11,4,7,1,0,1
53707102,57,33,24,54,32,22,1,0,1,5,4,1,0,0,0,3,1,2,62,27,35,28,13,15,0,0,0,6,0,6,11,4,7,17,10,7,2,2,0
53713602,20,13,7,20,13,7,0,0,0,5,3,2,0,0,0,0,0,0,17,5,12,14,4,10,0,0,0,0,0,0,2,0,2,1,1,0,0,0,0
53714401,53,26,27,47,25,22,2,0,2,6,2,4,0,0,0,6,1,5,49,16,33,21,9,12,0,0,0,2,0,2,11,3,8,15,4,11,1,1,0
53718701,32,20,12,31,20,11,1,1,0,9,7,2,0,0,0,1,0,1,21,10,11,11,5,6,0,0,0,1,0,1,4,2,2,5,3,2,0,0,0
53718702,22,14,8,21,14,7,0,0,0,4,2,2,0,0,0,1,0,1,22,10,12,13,5,8,0,0,0,1,0,1,2,1,1,6,4,2,0,0,0
53719501,24,13,11,24,13,11,1,1,0,2,0,2,0,0,0,0,0,0,35,18,17,22,11,11,0,0,0,2,0,2,3,1,2,8,6,2,0,0,0
53720901,144,79,65,142,77,65,6,3,3,19,13,6,3,0,3,2,2,0,112,51,61,53,22,31,0,0,0,2,0,2,19,8,11,38,21,17,3,2,1
53720902,19,10,9,19,10,9,2,1,1,1,0,1,0,0,0,0,0,0,17,7,10,4,2,2,0,0,0,0,0,0,1,1,0,12,4,8,0,0,0
53724101,57,33,24,57,33,24,0,0,0,6,2,4,3,0,3,0,0,0,46,16,30,14,6,8,0,0,0,4,0,4,14,6,8,14,4,10,0,0,0
53724102,19,9,10,18,9,9,2,1,1,1,0,1,0,0,0,1,0,1,11,4,7,1,0,1,0,0,0,1,0,1,3,1,2,6,3,3,1,0,1
53732201,22,13,9,21,13,8,1,1,0,1,0,1,0,0,0,1,0,1,12,5,7,8,4,4,0,0,0,0,0,0,0,0,0,4,1,3,1,0,1
53736502,28,20,8,27,19,8,0,0,0,4,3,1,0,0,0,1,1,0,26,12,14,12,7,5,0,0,0,2,0,2,4,1,3,8,4,4,1,1,0
53738101,81,47,34,78,46,32,1,1,0,8,6,2,3,0,3,3,1,2,81,37,44,35,15,20,0,0,0,4,0,4,17,10,7,25,12,13,2,2,0
53742001,88,46,42,81,42,39,2,1,1,11,7,4,1,0,1,7,4,3,70,29,41,50,23,27,0,0,0,0,0,0,7,2,5,13,4,9,1,1,0
53751901,107,65,42,106,64,42,2,0,2,13,7,6,1,0,1,1,1,0,121,54,67,42,14,28,0,0,0,5,0,5,27,15,12,47,25,22,3,1,2
53751902,20,11,9,20,11,9,0,0,0,2,1,1,0,0,0,0,0,0,22,10,12,16,7,9,0,0,0,0,0,0,0,0,0,6,3,3,0,0,0
53751904,14,8,6,14,8,6,1,0,1,1,0,1,0,0,0,0,0,0,9,4,5,2,1,1,0,0,0,1,0,1,4,1,3,2,2,0,0,0,0
53752701,20,12,8,19,11,8,2,1,1,5,3,2,1,0,1,1,1,0,24,8,16,15,6,9,0,0,0,0,0,0,4,0,4,5,2,3,1,1,0
53753501,36,22,14,36,22,14,0,0,0,5,4,1,0,0,0,0,0,0,40,22,18,22,12,10,0,0,0,2,0,2,4,1,3,12,9,3,1,0,1
53754301,81,42,39,80,42,38,1,0,1,7,2,5,1,0,1,1,0,1,65,29,36,16,9,7,0,0,0,3,0,3,12,5,7,34,15,19,0,0,0
1079210,0,0,0,0,0,0,0,0,0,0,0,0,0,0,0,0,0,0,0,0,0,0,0,0,0,0,0,0,0,0,0,0,0,0,0,0,0,0,0
1079480,0,0,0,0,0,0,0,0,0,0,0,0,0,0,0,0,0,0,0,0,0,0,0,0,0,0,0,0,0,0,0,0,0,0,0,0,0,0,0
1079560,0,0,0,0,0,0,0,0,0,0,0,0,0,0,0,0,0,0,0,0,0,0,0,0,0,0,0,0,0,0,0,0,0,0,0,0,0,0,0
1079640,0,0,0,0,0,0,0,0,0,0,0,0,0,0,0,0,0,0,0,0,0,0,0,0,0,0,0,0,0,0,0,0,0,0,0,0,0,0,0
54590201,116,67,49,112,66,46,1,1,0,12,6,6,3,0,3,4,1,3,108,42,66,51,20,31,1,1,0,5,0,5,18,10,8,33,11,22,4,3,1
54590202,12,8,4,12,8,4,0,0,0,1,1,0,0,0,0,0,0,0,20,13,7,9,4,5,0,0,0,1,0,1,3,3,0,7,6,1,0,0,0
1327210,0,0,0,0,0,0,0,0,0,0,0,0,0,0,0,0,0,0,0,0,0,0,0,0,0,0,0,0,0,0,0,0,0,0,0,0,0,0,0
3014930,0,0,0,0,0,0,0,0,0,0,0,0,0,0,0,0,0,0,0,0,0,0,0,0,0,0,0,0,0,0,0,0,0,0,0,0,0,0,0
3274170,0,0,0,0,0,0,0,0,0,0,0,0,0,0,0,0,0,0,0,0,0,0,0,0,0,0,0,0,0,0,0,0,0,0,0,0,0,0,0
55009401,50,26,24,49,26,23,1,1,0,13,7,6,0,0,0,1,0,1,53,20,33,27,12,15,0,0,0,2,0,2,7,2,5,17,6,11,2,1,1
55009402,14,8,6,13,7,6,0,0,0,2,0,2,0,0,0,1,1,0,29,15,14,10,6,4,0,0,0,4,0,4,8,4,4,7,5,2,0,0,0
55009403,27,15,12,26,15,11,0,0,0,2,2,0,0,0,0,1,0,1,17,7,10,6,2,4,0,0,0,0,0,0,1,0,1,10,5,5,0,0,0
55009404,42,20,22,42,20,22,1,0,1,6,4,2,1,0,1,0,0,0,44,21,23,22,8,14,0,0,0,2,0,2,10,6,4,10,7,3,1,1,0
55009408,56,29,27,54,29,25,5,3,2,7,3,4,0,0,0,2,0,2,52,27,25,26,13,13,0,0,0,2,0,2,7,3,4,17,11,6,1,0,1
55009409,411,234,177,383,215,168,9,5,4,49,21,28,5,0,5,28,19,9,303,135,168,139,65,74,2,0,2,14,0,14,58,29,29,90,41,49,53,44,9
55009411,66,36,30,65,36,29,2,2,0,8,2,6,1,0,1,1,0,1,46,23,23,22,10,12,0,0,0,1,0,1,7,4,3,16,9,7,2,1,1
55009412,539,289,250,521,279,242,19,10,9,82,42,40,6,0,6,18,10,8,554,239,315,310,121,189,1,1,0,18,0,18,75,44,31,150,73,77,5,3,2
55009413,298,156,142,296,154,142,16,10,6,45,23,22,2,0,2,2,2,0,225,99,126,113,46,67,0,0,0,4,0,4,27,19,8,81,34,47,0,0,0
55009414,51,28,23,50,28,22,3,2,1,2,1,1,0,0,0,1,0,1,26,12,14,13,6,7,0,0,0,2,0,2,3,2,1,8,4,4,0,0,0
55009415,678,373,305,647,360,287,15,9,6,97,44,53,5,0,5,31,13,18,691,268,423,405,145,260,1,1,0,32,0,32,120,57,63,133,65,68,17,9,8
55009416,236,120,116,228,117,111,9,4,5,23,12,11,3,0,3,8,3,5,154,64,90,38,8,30,0,0,0,10,0,10,30,13,17,76,43,33,5,2,3
55009417,60,34,26,60,34,26,4,0,4,6,5,1,0,0,0,0,0,0,29,8,21,11,2,9,0,0,0,1,0,1,4,3,1,13,3,10,1,1,0
55009418,73,41,32,72,41,31,2,0,2,4,2,2,1,0,1,1,0,1,54,20,34,16,8,8,0,0,0,3,0,3,15,3,12,20,9,11,3,3,0
55009419,52,26,26,48,24,24,2,0,2,3,1,2,0,0,0,4,2,2,38,19,19,22,11,11,0,0,0,1,0,1,9,5,4,6,3,3,1,1,0
55009420,226,121,105,223,119,104,8,5,3,27,15,12,0,0,0,3,2,1,128,64,64,32,14,18,0,0,0,3,0,3,18,12,6,75,38,37,0,0,0
55009421,521,281,240,514,277,237,17,10,7,76,44,32,8,0,8,7,4,3,545,239,306,272,114,158,1,0,1,23,0,23,73,38,35,176,87,89,4,1,3
55009422,335,181,154,329,179,150,19,6,13,40,22,18,1,0,1,6,2,4,404,166,238,240,85,155,0,0,0,13,0,13,52,30,22,99,51,48,1,0,1
55009423,1574,798,776,1515,772,743,52,18,34,200,83,117,9,0,9,59,26,33,1445,618,827,758,300,458,3,2,1,62,0,62,220,118,102,402,198,204,22,8,14
55009424,33,18,15,32,17,15,0,0,0,10,4,6,0,0,0,1,1,0,53,21,32,43,17,26,1,0,1,1,0,1,1,0,1,7,4,3,0,0,0
55009425,35,21,14,34,20,14,1,1,0,5,2,3,0,0,0,1,1,0,29,12,17,15,6,9,0,0,0,2,0,2,4,1,3,8,5,3,0,0,0
55009426,12,7,5,11,6,5,0,0,0,1,0,1,0,0,0,1,1,0,14,8,6,7,4,3,0,0,0,0,0,0,3,2,1,4,2,2,0,0,0
55011601,156,86,70,151,83,68,2,1,1,13,3,10,0,0,0,5,3,2,149,64,85,63,23,40,0,0,0,10,0,10,29,16,13,47,25,22,1,1,0
55012401,47,30,17,47,30,17,1,0,1,14,8,6,0,0,0,0,0,0,59,28,31,32,13,19,0,0,0,4,0,4,11,5,6,12,10,2,2,1,1
55012402,27,13,14,27,13,14,0,0,0,3,2,1,0,0,0,0,0,0,20,13,7,10,7,3,0,0,0,0,0,0,2,0,2,8,6,2,0,0,0
55012403,45,26,19,44,26,18,0,0,0,5,3,2,2,0,2,1,0,1,35,22,13,10,7,3,0,0,0,3,0,3,12,8,4,10,7,3,0,0,0
55012405,29,16,13,28,15,13,0,0,0,4,2,2,1,0,1,1,1,0,34,10,24,13,3,10,0,0,0,1,0,1,4,0,4,16,7,9,0,0,0
55012406,19,9,10,19,9,10,0,0,0,5,2,3,0,0,0,0,0,0,17,14,3,4,4,0,0,0,0,2,0,2,3,2,1,8,8,0,0,0,0
55015902,33,20,13,33,20,13,0,0,0,3,2,1,1,0,1,0,0,0,52,23,29,33,15,18,0,0,0,1,0,1,5,2,3,13,6,7,1,0,1
55015903,47,23,24,43,22,21,0,0,0,5,2,3,0,0,0,4,1,3,39,17,22,17,7,10,1,1,0,1,0,1,5,3,2,15,6,9,0,0,0
55015904,31,17,14,31,17,14,0,0,0,2,1,1,0,0,0,0,0,0,15,6,9,10,4,6,0,0,0,0,0,0,1,0,1,4,2,2,1,0,1
55015905,20,9,11,18,8,10,0,0,0,3,2,1,0,0,0,2,1,1,21,9,12,12,5,7,1,1,0,0,0,0,3,2,1,5,1,4,0,0,0
55016701,642,344,298,625,336,289,21,11,10,81,44,37,1,0,1,17,8,9,570,240,330,280,112,168,2,1,1,24,0,24,76,34,42,188,93,95,13,7,6
55016702,38,21,17,38,21,17,0,0,0,6,4,2,1,0,1,0,0,0,46,20,26,19,10,9,0,0,0,4,0,4,14,6,8,9,4,5,0,0,0
55016703,26,19,7,26,19,7,2,2,0,6,3,3,0,0,0,0,0,0,14,8,6,10,5,5,0,0,0,0,0,0,2,1,1,2,2,0,0,0,0
55016704,48,22,26,47,21,26,0,0,0,7,3,4,0,0,0,1,1,0,38,15,23,20,9,11,0,0,0,4,1,3,8,3,5,6,2,4,0,0,0
55016705,18,12,6,17,12,5,2,2,0,1,1,0,0,0,0,1,0,1,16,7,9,11,4,7,0,0,0,0,0,0,0,0,0,5,3,2,0,0,0
55016706,31,14,17,31,14,17,1,0,1,0,0,0,0,0,0,0,0,0,32,15,17,11,6,5,0,0,0,1,0,1,4,2,2,16,7,9,0,0,0
55016707,21,12,9,20,11,9,2,2,0,3,2,1,0,0,0,1,1,0,19,9,10,6,2,4,0,0,0,0,0,0,4,3,1,9,4,5,1,0,1
55018302,129,71,58,121,68,53,3,0,3,11,5,6,3,0,3,8,3,5,131,68,63,46,18,28,1,1,0,6,0,6,35,21,14,43,28,15,9,7,2
55018303,31,18,13,30,17,13,1,1,0,5,3,2,1,0,1,1,1,0,27,12,15,11,4,7,0,0,0,2,0,2,6,5,1,8,3,5,0,0,0
55018305,28,15,13,27,15,12,0,0,0,1,1,0,0,0,0,1,0,1,21,8,13,10,5,5,0,0,0,1,0,1,8,2,6,2,1,1,0,0,0
0446360,0,0,0,0,0,0,0,0,0,0,0,0,0,0,0,0,0,0,0,0,0,0,0,0,0,0,0,0,0,0,0,0,0,0,0,0,0,0,0
0446440,0,0,0,0,0,0,0,0,0,0,0,0,0,0,0,0,0,0,0,0,0,0,0,0,0,0,0,0,0,0,0,0,0,0,0,0,0,0,0
0446520,0,0,0,0,0,0,0,0,0,0,0,0,0,0,0,0,0,0,0,0,0,0,0,0,0,0,0,0,0,0,0,0,0,0,0,0,0,0,0
0446610,0,0,0,0,0,0,0,0,0,0,0,0,0,0,0,0,0,0,0,0,0,0,0,0,0,0,0,0,0,0,0,0,0,0,0,0,0,0,0
55020501,15,8,7,14,7,7,0,0,0,0,0,0,0,0,0,1,1,0,9,3,6,3,1,2,0,0,0,1,0,1,2,0,2,3,2,1,0,0,0
55020502,148,85,63,142,81,61,2,2,0,22,9,13,1,0,1,6,4,2,129,47,82,72,25,47,0,0,0,3,0,3,16,6,10,38,16,22,14,7,7
55020503,11,7,4,10,6,4,0,0,0,3,2,1,0,0,0,1,1,0,13,6,7,6,2,4,0,0,0,1,0,1,3,3,0,3,1,2,0,0,0
55022101,171,93,78,166,93,73,6,4,2,24,15,9,2,0,2,5,0,5,113,51,62,49,19,30,0,0,0,7,0,7,24,15,9,33,17,16,5,4,1
55022102,43,24,19,42,24,18,2,2,0,4,3,1,1,0,1,1,0,1,37,19,18,13,7,6,0,0,0,1,0,1,10,6,4,13,6,7,0,0,0
55022103,16,8,8,16,8,8,0,0,0,2,0,2,1,0,1,0,0,0,18,8,10,16,7,9,0,0,0,0,0,0,0,0,0,2,1,1,0,0,0
55022104,50,24,26,48,24,24,2,0,2,11,6,5,0,0,0,2,0,2,24,9,15,15,5,10,0,0,0,0,0,0,4,2,2,5,2,3,1,1,0
55023002,30,16,14,28,15,13,1,0,1,4,3,1,1,0,1,2,1,1,17,8,9,5,2,3,0,0,0,1,0,1,4,2,2,7,4,3,3,1,2
55023003,635,348,287,609,336,273,29,11,18,74,41,33,4,0,4,26,12,14,534,241,293,237,100,137,4,2,2,15,0,15,93,50,43,185,89,96,21,11,10
55023004,19,9,10,17,9,8,0,0,0,6,2,4,0,0,0,2,0,2,47,22,25,17,8,9,0,0,0,4,0,4,14,7,7,12,7,5,1,1,0
55023005,20,10,10,19,9,10,1,0,1,1,0,1,0,0,0,1,1,0,25,15,10,13,7,6,0,0,0,1,0,1,1,0,1,10,8,2,1,1,0
55024801,188,105,83,181,101,80,9,6,3,22,12,10,2,0,2,7,4,3,154,76,78,73,35,38,0,0,0,4,0,4,27,16,11,50,25,25,1,1,0
0542160,0,0,0,0,0,0,0,0,0,0,0,0,0,0,0,0,0,0,0,0,0,0,0,0,0,0,0,0,0,0,0,0,0,0,0,0,0,0,0
55026401,179,100,79,168,93,75,4,1,3,22,10,12,3,0,3,11,7,4,156,69,87,64,28,36,1,1,0,9,1,8,30,12,18,52,27,25,5,4,1
55026402,29,19,10,29,19,10,3,2,1,2,2,0,0,0,0,0,0,0,35,8,27,15,5,10,0,0,0,2,0,2,7,3,4,11,0,11,1,0,1
55026404,23,10,13,23,10,13,0,0,0,3,1,2,0,0,0,0,0,0,18,10,8,6,4,2,0,0,0,1,0,1,5,2,3,6,4,2,0,0,0
55026405,16,8,8,16,8,8,2,0,2,1,1,0,0,0,0,0,0,0,13,4,9,4,1,3,0,0,0,1,0,1,2,1,1,6,2,4,0,0,0
55026408,36,25,11,35,25,10,3,3,0,3,2,1,0,0,0,1,0,1,33,14,19,15,5,10,0,0,0,2,0,2,8,5,3,8,4,4,0,0,0
3304340,0,0,0,0,0,0,0,0,0,0,0,0,0,0,0,0,0,0,0,0,0,0,0,0,0,0,0,0,0,0,0,0,0,0,0,0,0,0,0
55032901,26,16,10,18,14,4,0,0,0,3,3,0,0,0,0,8,2,6,19,8,11,5,3,2,0,0,0,1,0,1,5,2,3,8,3,5,3,2,1
55032903,155,86,69,138,79,59,11,7,4,13,6,7,3,0,3,17,7,10,142,64,78,64,26,38,1,1,0,5,0,5,28,17,11,44,20,24,8,4,4
55032906,39,29,10,37,27,10,0,0,0,5,3,2,0,0,0,2,2,0,23,10,13,12,6,6,0,0,0,3,0,3,6,4,2,2,0,2,0,0,0
55032908,28,16,12,25,14,11,1,0,1,6,3,3,0,0,0,3,2,1,24,14,10,17,7,10,0,0,0,0,0,0,1,1,0,6,6,0,0,0,0
0783523,0,0,0,0,0,0,0,0,0,0,0,0,0,0,0,0,0,0,0,0,0,0,0,0,0,0,0,0,0,0,0,0,0,0,0,0,0,0,0
0783610,0,0,0,0,0,0,0,0,0,0,0,0,0,0,0,0,0,0,0,0,0,0,0,0,0,0,0,0,0,0,0,0,0,0,0,0,0,0,0
55033701,74,42,32,69,40,29,5,4,1,8,3,5,1,0,1,5,2,3,56,28,28,37,16,21,0,0,0,1,0,1,4,1,3,14,11,3,0,0,0
55034501,158,92,66,151,88,63,3,1,2,21,15,6,2,0,2,7,4,3,124,61,63,52,24,28,0,0,0,5,0,5,26,12,14,41,25,16,10,4,6
55035301,38,22,16,34,21,13,0,0,0,4,3,1,0,0,0,4,1,3,25,11,14,8,3,5,0,0,0,1,0,1,8,5,3,8,3,5,0,0,0
55035304,248,134,114,228,125,103,5,4,1,17,7,10,1,0,1,20,9,11,236,102,134,117,53,64,0,0,0,13,0,13,37,19,18,69,30,39,10,7,3
55035306,37,21,16,35,20,15,1,0,1,4,3,1,0,0,0,2,1,1,37,16,21,18,8,10,0,0,0,1,0,1,5,2,3,13,6,7,0,0,0
55036101,22,11,11,22,11,11,0,0,0,2,1,1,0,0,0,0,0,0,35,18,17,22,11,11,0,0,0,0,0,0,4,2,2,9,5,4,1,1,0
55036102,38,22,16,36,20,16,2,2,0,4,3,1,0,0,0,2,2,0,29,11,18,13,5,8,0,0,0,1,0,1,3,2,1,12,4,8,3,1,2
55036103,33,18,15,31,17,14,0,0,0,7,3,4,0,0,0,2,1,1,35,15,20,17,9,8,0,0,0,3,0,3,10,3,7,5,3,2,0,0,0
55036104,837,507,330,812,493,319,21,12,9,78,38,40,13,0,13,25,14,11,645,286,359,318,138,180,1,0,1,30,0,30,103,53,50,193,95,98,34,30,4
55036105,19,14,5,18,13,5,0,0,0,1,1,0,0,0,0,1,1,0,19,6,13,9,4,5,0,0,0,3,0,3,4,2,2,3,0,3,0,0,0
55036106,29,18,11,29,18,11,2,1,1,1,1,0,0,0,0,0,0,0,25,10,15,15,5,10,0,0,0,1,0,1,2,1,1,7,4,3,0,0,0
55036107,38,22,16,38,22,16,2,0,2,6,3,3,0,0,0,0,0,0,43,21,22,29,15,14,0,0,0,0,0,0,4,2,2,10,4,6,0,0,0
55036108,27,18,9,27,18,9,0,0,0,1,1,0,0,0,0,0,0,0,34,16,18,18,8,10,0,0,0,3,0,3,7,4,3,6,4,2,0,0,0
55036109,11,7,4,11,7,4,0,0,0,2,1,1,0,0,0,0,0,0,16,6,10,9,3,6,0,0,0,1,0,1,3,2,1,3,1,2,0,0,0
55036110,39,22,17,38,21,17,3,1,2,5,2,3,0,0,0,1,1,0,25,9,16,17,4,13,0,0,0,0,0,0,1,1,0,7,4,3,2,1,1
55039601,99,52,47,95,50,45,5,1,4,16,9,7,1,0,1,4,2,2,77,35,42,31,11,20,0,0,0,2,0,2,12,8,4,32,16,16,1,1,0
55039602,10,5,5,10,5,5,0,0,0,0,0,0,0,0,0,0,0,0,10,4,6,6,3,3,0,0,0,0,0,0,0,0,0,4,1,3,0,0,0
55041801,15,10,5,15,10,5,0,0,0,3,1,2,0,0,0,0,0,0,18,8,10,10,5,5,0,0,0,1,0,1,2,1,1,5,2,3,0,0,0
55041802,26,12,14,26,12,14,2,1,1,4,0,4,0,0,0,0,0,0,24,5,19,10,3,7,1,1,0,1,0,1,4,0,4,8,1,7,0,0,0
55041804,61,40,21,59,38,21,0,0,0,9,3,6,1,0,1,2,2,0,62,24,38,30,12,18,0,0,0,6,0,6,17,5,12,9,7,2,0,0,0
55041805,109,62,47,106,61,45,3,2,1,14,6,8,0,0,0,3,1,2,96,51,45,54,25,29,0,0,0,2,0,2,13,7,6,27,19,8,6,5,1
55041806,66,35,31,61,34,27,1,0,1,4,3,1,1,0,1,5,1,4,48,23,25,13,3,10,0,0,0,3,0,3,10,6,4,22,14,8,0,0,0
55041807,59,34,25,58,34,24,4,3,1,6,1,5,0,0,0,1,0,1,46,22,24,20,10,10,0,0,0,2,0,2,7,2,5,17,10,7,0,0,0
55042601,14,9,5,14,9,5,2,2,0,1,1,0,0,0,0,0,0,0,12,5,7,8,3,5,0,0,0,1,0,1,2,2,0,1,0,1,0,0,0
55042602,39,26,13,38,25,13,1,1,0,9,6,3,0,0,0,1,1,0,29,15,14,14,7,7,0,0,0,2,0,2,3,0,3,10,8,2,0,0,0
55042603,23,12,11,21,12,9,2,1,1,2,1,1,0,0,0,2,0,2,35,20,15,19,9,10,0,0,0,2,1,1,7,7,0,7,3,4,0,0,0
55042604,84,51,33,82,49,33,6,4,2,6,6,0,2,0,2,2,2,0,86,36,50,35,15,20,0,0,0,6,1,5,17,5,12,28,15,13,3,2,1
55042605,17,10,7,17,10,7,1,0,1,4,3,1,0,0,0,0,0,0,17,6,11,8,4,4,0,0,0,0,0,0,0,0,0,9,2,7,0,0,0
55043401,28,18,10,28,18,10,1,0,1,6,3,3,0,0,0,0,0,0,22,12,10,14,8,6,0,0,0,1,0,1,2,2,0,5,2,3,0,0,0
55043402,16,10,6,16,10,6,1,1,0,4,1,3,0,0,0,0,0,0,20,9,11,8,3,5,0,0,0,2,0,2,4,2,2,6,4,2,0,0,0
55043403,12,7,5,11,7,4,0,0,0,2,0,2,0,0,0,1,0,1,12,5,7,2,1,1,0,0,0,1,0,1,3,3,0,6,1,5,2,2,0
55043404,154,87,67,149,84,65,5,2,3,19,8,11,2,0,2,5,3,2,125,52,73,47,20,27,0,0,0,9,0,9,35,15,20,34,17,17,2,1,1
55043405,107,56,51,103,53,50,4,2,2,11,4,7,1,0,1,4,3,1,90,46,44,26,13,13,1,1,0,3,0,3,16,7,9,44,25,19,1,1,0
55044201,1141,630,511,1107,615,492,46,19,27,172,85,87,9,0,9,34,15,19,1088,463,625,546,210,336,1,0,1,56,0,56,156,84,72,329,169,160,25,16,9
55044202,17,7,10,17,7,10,0,0,0,1,0,1,0,0,0,0,0,0,19,9,10,8,5,3,0,0,0,1,0,1,1,0,1,9,4,5,0,0,0
55044203,24,18,6,24,18,6,1,1,0,4,2,2,0,0,0,0,0,0,32,14,18,14,6,8,0,0,0,3,0,3,5,2,3,10,6,4,1,1,0
55044204,78,41,37,75,40,35,4,2,2,18,6,12,0,0,0,3,1,2,96,51,45,39,20,19,1,1,0,9,0,9,22,14,8,25,16,9,0,0,0
55045102,20,12,8,19,12,7,0,0,0,5,3,2,0,0,0,1,0,1,19,6,13,12,4,8,0,0,0,0,0,0,0,0,0,7,2,5,0,0,0
55045103,17,11,6,17,11,6,0,0,0,4,3,1,0,0,0,0,0,0,5,2,3,2,1,1,0,0,0,0,0,0,2,1,1,1,0,1,0,0,0
55045105,99,60,39,92,56,36,2,1,1,15,10,5,1,0,1,7,4,3,126,51,75,73,27,46,0,0,0,5,0,5,16,9,7,32,15,17,8,8,0
55045106,18,13,5,16,12,4,0,0,0,4,2,2,0,0,0,2,1,1,20,6,14,12,3,9,0,0,0,2,0,2,4,3,1,2,0,2,2,1,1
55045107,35,21,14,34,20,14,1,1,0,5,2,3,0,0,0,1,1,0,37,16,21,15,7,8,0,0,0,2,0,2,9,2,7,11,7,4,1,0,1
55048501,16,8,8,16,8,8,0,0,0,2,1,1,0,0,0,0,0,0,12,4,8,8,2,6,0,0,0,0,0,0,1,1,0,3,1,2,1,1,0
55048502,15,9,6,15,9,6,1,1,0,1,0,1,0,0,0,0,0,0,14,9,5,9,6,3,0,0,0,1,0,1,3,2,1,1,1,0,0,0,0
55048503,13,8,5,13,8,5,0,0,0,2,1,1,0,0,0,0,0,0,9,6,3,3,1,2,0,0,0,0,0,0,1,1,0,5,4,1,1,0,1
55048504,32,17,15,30,17,13,1,1,0,7,5,2,0,0,0,2,0,2,39,16,23,19,8,11,0,0,0,3,0,3,7,3,4,10,5,5,1,1,0
55051502,8,5,3,8,5,3,0,0,0,2,2,0,0,0,0,0,0,0,17,6,11,7,2,5,0,0,0,1,0,1,2,1,1,7,3,4,0,0,0
55051504,12,8,4,12,8,4,0,0,0,4,4,0,0,0,0,0,0,0,8,4,4,6,3,3,0,0,0,1,0,1,1,1,0,0,0,0,1,0,1
55051506,26,15,11,24,14,10,1,0,1,4,2,2,0,0,0,2,1,1,121,52,69,114,48,66,0,0,0,0,0,0,1,0,1,6,4,2,0,0,0
55051507,270,168,102,257,161,96,7,3,4,36,20,16,0,0,0,13,7,6,277,115,162,149,64,85,1,0,1,15,0,15,46,21,25,66,30,36,3,1,2
55051508,19,10,9,18,10,8,0,0,0,1,0,1,0,0,0,1,0,1,11,6,5,1,0,1,0,0,0,1,0,1,3,3,0,6,3,3,0,0,0
55051510,13,7,6,13,7,6,0,0,0,4,2,2,0,0,0,0,0,0,14,5,9,11,5,6,0,0,0,0,0,0,0,0,0,3,0,3,0,0,0
55051511,64,34,30,62,34,28,1,0,1,4,4,0,0,0,0,2,0,2,70,33,37,25,11,14,0,0,0,4,0,4,10,7,3,31,15,16,0,0,0
55051512,21,11,10,20,11,9,0,0,0,2,1,1,0,0,0,1,0,1,18,10,8,13,5,8,0,0,0,0,0,0,1,1,0,4,4,0,0,0,0
55051514,65,40,25,65,40,25,0,0,0,6,6,0,0,0,0,0,0,0,61,31,30,28,13,15,0,0,0,2,0,2,10,6,4,21,12,9,1,1,0
55051515,42,20,22,40,18,22,1,1,0,11,4,7,1,0,1,2,2,0,29,13,16,12,4,8,0,0,0,1,0,1,4,3,1,12,6,6,0,0,0
1556830,0,0,0,0,0,0,0,0,0,0,0,0,0,0,0,0,0,0,0,0,0,0,0,0,0,0,0,0,0,0,0,0,0,0,0,0,0,0,0
1557050,0,0,0,0,0,0,0,0,0,0,0,0,0,0,0,0,0,0,0,0,0,0,0,0,0,0,0,0,0,0,0,0,0,0,0,0,0,0,0
55052301,43,22,21,42,21,21,1,0,1,3,2,1,0,0,0,1,1,0,35,16,19,14,8,6,0,0,0,2,0,2,7,4,3,12,4,8,1,1,0
55052305,62,40,22,60,38,22,1,1,0,6,5,1,1,0,1,2,2,0,47,23,24,23,11,12,2,1,1,0,0,0,5,5,0,17,6,11,6,5,1
1566980,0,0,0,0,0,0,0,0,0,0,0,0,0,0,0,0,0,0,0,0,0,0,0,0,0,0,0,0,0,0,0,0,0,0,0,0,0,0,0
1567100,0,0,0,0,0,0,0,0,0,0,0,0,0,0,0,0,0,0,0,0,0,0,0,0,0,0,0,0,0,0,0,0,0,0,0,0,0,0,0
1567280,0,0,0,0,0,0,0,0,0,0,0,0,0,0,0,0,0,0,0,0,0,0,0,0,0,0,0,0,0,0,0,0,0,0,0,0,0,0,0
1985010,0,0,0,0,0,0,0,0,0,0,0,0,0,0,0,0,0,0,0,0,0,0,0,0,0,0,0,0,0,0,0,0,0,0,0,0,0,0,0
55053101,18,9,9,18,9,9,1,0,1,2,2,0,0,0,0,0,0,0,8,4,4,4,1,3,0,0,0,0,0,0,0,0,0,4,3,1,0,0,0
55053102,15,8,7,11,5,6,0,0,0,1,0,1,0,0,0,4,3,1,15,9,6,3,2,1,0,0,0,0,0,0,3,1,2,9,6,3,2,1,1
55053103,177,104,73,168,99,69,2,1,1,16,8,8,1,0,1,9,5,4,139,62,77,43,16,27,1,1,0,11,0,11,34,17,17,50,28,22,11,6,5
1571472,0,0,0,0,0,0,0,0,0,0,0,0,0,0,0,0,0,0,0,0,0,0,0,0,0,0,0,0,0,0,0,0,0,0,0,0,0,0,0
55054002,36,19,17,36,19,17,3,1,2,4,1,3,1,0,1,0,0,0,33,22,11,15,9,6,0,0,0,2,0,2,9,6,3,7,7,0,0,0,0
55054003,448,248,200,428,239,189,11,5,6,69,36,33,4,0,4,20,9,11,412,169,243,184,63,121,1,1,0,18,0,18,58,26,32,151,79,72,12,9,3
55054004,42,28,14,41,28,13,2,2,0,4,3,1,0,0,0,1,0,1,39,17,22,20,8,12,0,0,0,2,0,2,6,2,4,11,7,4,0,0,0
55054005,28,16,12,28,16,12,2,1,1,5,2,3,0,0,0,0,0,0,34,10,24,21,9,12,0,0,0,0,0,0,2,0,2,11,1,10,0,0,0
55054006,6,5,1,6,5,1,0,0,0,2,1,1,0,0,0,0,0,0,37,16,21,3,2,1,0,0,0,2,0,2,8,5,3,24,9,15,0,0,0
55054007,9,6,3,9,6,3,0,0,0,1,1,0,1,0,1,0,0,0,15,6,9,10,3,7,0,0,0,0,0,0,2,1,1,3,2,1,0,0,0
55054008,44,27,17,42,25,17,4,4,0,4,0,4,0,0,0,2,2,0,50,21,29,33,16,17,0,0,0,3,0,3,5,2,3,9,3,6,1,1,0
55055801,170,95,75,164,91,73,5,3,2,19,11,8,0,0,0,6,4,2,151,67,84,68,27,41,1,1,0,8,0,8,22,10,12,52,29,23,3,1,2
55055802,39,21,18,39,21,18,0,0,0,6,1,5,0,0,0,0,0,0,33,18,15,16,7,9,0,0,0,0,0,0,4,3,1,13,8,5,0,0,0
55055803,18,11,7,18,11,7,2,2,0,3,1,2,0,0,0,0,0,0,25,12,13,10,5,5,0,0,0,2,0,2,5,3,2,8,4,4,1,1,0
55055805,21,13,8,19,12,7,1,1,0,1,1,0,0,0,0,2,1,1,15,9,6,10,6,4,0,0,0,0,0,0,0,0,0,5,3,2,0,0,0
55055806,61,33,28,61,33,28,2,1,1,8,7,1,0,0,0,0,0,0,55,29,26,28,13,15,0,0,0,0,0,0,8,5,3,19,11,8,1,1,0
55057401,22,10,12,21,10,11,0,0,0,2,1,1,1,0,1,1,0,1,39,18,21,19,8,11,0,0,0,1,0,1,12,6,6,7,4,3,0,0,0
55057403,176,95,81,174,93,81,4,0,4,19,8,11,0,0,0,2,2,0,144,75,69,66,27,39,0,0,0,3,0,3,20,13,7,55,35,20,2,2,0
55057404,17,10,7,17,10,7,0,0,0,0,0,0,0,0,0,0,0,0,16,10,6,8,5,3,0,0,0,0,0,0,2,1,1,6,4,2,3,2,1
55058201,63,39,24,59,36,23,1,0,1,13,6,7,1,0,1,4,3,1,53,25,28,26,12,14,0,0,0,6,0,6,13,8,5,8,5,3,0,0,0
55058202,16,8,8,15,8,7,1,0,1,1,0,1,1,0,1,1,0,1,25,14,11,11,6,5,0,0,0,0,0,0,3,1,2,11,7,4,2,2,0
55058203,69,44,25,68,44,24,0,0,0,8,5,3,0,0,0,1,0,1,61,25,36,40,19,21,0,0,0,2,0,2,8,1,7,11,5,6,0,0,0
55060401,67,37,30,64,37,27,0,0,0,8,6,2,0,0,0,3,0,3,60,28,32,27,12,15,1,1,0,3,0,3,9,5,4,20,10,10,2,2,0
1945730,0,0,0,0,0,0,0,0,0,0,0,0,0,0,0,0,0,0,0,0,0,0,0,0,0,0,0,0,0,0,0,0,0,0,0,0,0,0,0
55062101,51,32,19,51,32,19,0,0,0,7,5,2,0,0,0,0,0,0,70,32,38,33,14,19,1,1,0,1,0,1,9,2,7,26,15,11,1,1,0
55062103,16,11,5,13,8,5,0,0,0,3,2,1,0,0,0,3,3,0,28,12,16,15,6,9,0,0,0,2,0,2,7,3,4,4,3,1,1,1,0
55062105,78,51,27,74,49,25,1,0,1,45,31,14,0,0,0,4,2,2,78,44,34,60,34,26,0,0,0,2,0,2,4,3,1,12,7,5,0,0,0
55062106,19,13,6,19,13,6,0,0,0,5,3,2,0,0,0,0,0,0,28,10,18,24,7,17,0,0,0,1,0,1,1,1,0,2,2,0,0,0,0
55062109,16,9,7,15,9,6,0,0,0,0,0,0,0,0,0,1,0,1,11,7,4,6,4,2,0,0,0,1,0,1,3,2,1,1,1,0,0,0,0
55062110,46,28,18,46,28,18,0,0,0,11,7,4,1,0,1,0,0,0,48,19,29,25,7,18,0,0,0,1,0,1,10,4,6,12,8,4,0,0,0
55062111,39,18,21,38,17,21,3,0,3,2,0,2,0,0,0,1,1,0,39,13,26,22,6,16,0,0,0,1,0,1,6,2,4,10,5,5,0,0,0
55062112,39,20,19,37,19,18,2,1,1,4,3,1,0,0,0,2,1,1,56,24,32,36,13,23,0,0,0,2,0,2,6,3,3,12,8,4,0,0,0
55062114,59,35,24,59,35,24,3,2,1,3,1,2,0,0,0,0,0,0,61,31,30,23,12,11,0,0,0,4,0,4,12,8,4,22,11,11,5,4,1
55062115,16,9,7,16,9,7,0,0,0,5,3,2,0,0,0,0,0,0,21,8,13,15,6,9,0,0,0,0,0,0,2,0,2,4,2,2,0,0,0
55062116,223,136,87,218,132,86,7,4,3,31,21,10,0,0,0,5,4,1,238,106,132,116,49,67,1,1,0,17,0,17,33,20,13,71,36,35,2,2,0
55062117,18,10,8,17,9,8,2,1,1,2,2,0,0,0,0,1,1,0,16,6,10,11,5,6,0,0,0,0,0,0,1,0,1,4,1,3,0,0,0
55062118,22,14,8,21,13,8,1,1,0,5,2,3,0,0,0,1,1,0,21,10,11,8,4,4,1,0,1,1,0,1,5,3,2,6,3,3,1,0,1
55062119,44,28,16,44,28,16,5,2,3,8,7,1,0,0,0,0,0,0,52,25,27,20,5,15,0,0,0,4,0,4,9,8,1,19,12,7,0,0,0
0655950,0,0,0,0,0,0,0,0,0,0,0,0,0,0,0,0,0,0,0,0,0,0,0,0,0,0,0,0,0,0,0,0,0,0,0,0,0,0,0
1821331,0,0,0,0,0,0,0,0,0,0,0,0,0,0,0,0,0,0,0,0,0,0,0,0,0,0,0,0,0,0,0,0,0,0,0,0,0,0,0
55064701,31,18,13,31,18,13,1,0,1,4,3,1,0,0,0,0,0,0,39,19,20,19,9,10,0,0,0,1,0,1,7,3,4,12,7,5,2,0,2
55064702,58,34,24,55,33,22,1,1,0,11,7,4,0,0,0,3,1,2,43,18,25,19,7,12,1,0,1,0,0,0,4,3,1,19,8,11,0,0,0
55064703,26,13,13,26,13,13,0,0,0,2,1,1,0,0,0,0,0,0,67,17,50,51,11,40,0,0,0,0,0,0,4,2,2,12,4,8,0,0,0
55064705,9,6,3,9,6,3,0,0,0,1,1,0,0,0,0,0,0,0,11,7,4,7,6,1,0,0,0,0,0,0,1,0,1,3,1,2,1,1,0
55064708,75,42,33,74,42,32,6,3,3,10,5,5,0,0,0,1,0,1,49,18,31,21,10,11,0,0,0,4,0,4,11,2,9,13,6,7,0,0,0
55064710,20,11,9,20,11,9,2,0,2,1,0,1,0,0,0,0,0,0,17,8,9,5,2,3,0,0,0,1,0,1,3,2,1,8,4,4,0,0,0
55064712,17,11,6,15,10,5,1,0,1,2,2,0,0,0,0,2,1,1,15,5,10,9,3,6,0,0,0,0,0,0,4,2,2,2,0,2,0,0,0
55064713,17,9,8,13,7,6,0,0,0,2,1,1,0,0,0,4,2,2,18,6,12,6,2,4,1,0,1,0,0,0,2,1,1,9,3,6,0,0,0
55064715,52,32,20,51,32,19,4,2,2,9,5,4,0,0,0,1,0,1,43,18,25,15,5,10,1,1,0,2,0,2,11,2,9,14,10,4,0,0,0
55064717,13,8,5,13,8,5,1,0,1,0,0,0,0,0,0,0,0,0,9,3,6,1,1,0,0,0,0,1,0,1,3,1,2,4,1,3,1,0,1
55064719,12,8,4,12,8,4,1,1,0,1,1,0,0,0,0,0,0,0,8,3,5,5,1,4,0,0,0,0,0,0,0,0,0,3,2,1,0,0,0
55064720,28,17,11,28,17,11,1,1,0,6,4,2,0,0,0,0,0,0,32,17,15,19,11,8,0,0,0,3,0,3,4,3,1,6,3,3,0,0,0
55064722,23,13,10,23,13,10,0,0,0,3,2,1,0,0,0,0,0,0,26,15,11,12,6,6,1,0,1,1,0,1,5,4,1,7,5,2,0,0,0
55064723,49,26,23,45,25,20,1,1,0,10,5,5,0,0,0,4,1,3,33,16,17,3,2,1,0,0,0,3,0,3,10,5,5,17,9,8,2,2,0
55064725,7,5,2,7,5,2,0,0,0,0,0,0,0,0,0,0,0,0,13,5,8,2,2,0,0,0,0,1,0,1,3,1,2,7,2,5,0,0,0
55064726,41,26,15,36,23,13,0,0,0,11,6,5,0,0,0,5,3,2,71,35,36,34,14,20,0,0,0,3,0,3,14,10,4,20,11,9,9,4,5
55064727,1171,605,566,1105,578,527,32,16,16,147,68,79,7,0,7,66,27,39,890,396,494,355,142,213,0,0,0,48,1,47,174,78,96,313,175,138,25,16,9
55064728,278,161,117,263,157,106,8,4,4,41,19,22,2,0,2,15,4,11,280,110,170,154,60,94,0,0,0,15,0,15,41,20,21,70,30,40,3,1,2
55064729,474,259,215,451,248,203,21,11,10,67,34,33,4,0,4,23,11,12,492,201,291,287,115,172,0,0,0,23,0,23,76,37,39,106,49,57,11,4,7
55064730,57,29,28,55,28,27,4,2,2,7,3,4,0,0,0,2,1,1,42,19,23,10,5,5,0,0,0,1,0,1,9,5,4,22,9,13,0,0,0
55064731,50,30,20,48,28,20,1,0,1,5,4,1,0,0,0,2,2,0,52,16,36,18,7,11,0,0,0,5,0,5,13,4,9,16,5,11,0,0,0
55064732,400,216,184,387,212,175,7,1,6,58,26,32,3,0,3,13,4,9,406,145,261,263,91,172,0,0,0,15,0,15,55,19,36,73,35,38,10,6,4
55064733,22,12,10,22,12,10,0,0,0,5,3,2,0,0,0,0,0,0,18,9,9,10,4,6,0,0,0,0,0,0,3,2,1,5,3,2,0,0,0
55064735,23,16,7,20,14,6,1,1,0,3,3,0,0,0,0,3,2,1,73,31,42,68,29,39,0,0,0,1,0,1,1,1,0,3,1,2,0,0,0
55064736,292,154,138,277,148,129,9,3,6,39,17,22,3,0,3,15,6,9,244,107,137,85,35,50,1,0,1,10,0,10,50,22,28,98,50,48,6,3,3
55064737,133,73,60,128,71,57,7,5,2,23,11,12,1,0,1,5,2,3,142,66,76,97,42,55,1,1,0,4,0,4,15,11,4,25,12,13,0,0,0
55064738,40,22,18,39,21,18,1,1,0,2,1,1,0,0,0,1,1,0,21,10,11,1,1,0,0,0,0,0,0,0,8,4,4,12,5,7,0,0,0
55064740,26,15,11,25,14,11,1,1,0,8,5,3,0,0,0,1,1,0,12,5,7,4,3,1,0,0,0,0,0,0,2,0,2,6,2,4,1,1,0
55064741,263,155,108,245,145,100,8,5,3,40,22,18,2,0,2,18,10,8,188,86,102,73,26,47,0,0,0,5,0,5,47,20,27,63,40,23,53,34,19
55065501,19,11,8,18,11,7,2,1,1,2,2,0,0,0,0,1,0,1,19,10,9,12,7,5,0,0,0,0,0,0,3,1,2,4,2,2,1,1,0
55065502,11,6,5,11,6,5,0,0,0,2,1,1,0,0,0,0,0,0,16,6,10,6,3,3,0,0,0,0,0,0,2,2,0,8,1,7,0,0,0
55065503,231,128,103,222,123,99,3,0,3,27,12,15,2,0,2,9,5,4,224,99,125,95,35,60,0,0,0,7,0,7,37,21,16,85,43,42,7,5,2
55066301,10,7,3,9,6,3,0,0,0,1,1,0,0,0,0,1,1,0,13,4,9,3,0,3,0,0,0,3,0,3,6,3,3,1,1,0,0,0,0
55066302,19,9,10,17,9,8,1,1,0,1,1,0,0,0,0,2,0,2,15,8,7,8,4,4,0,0,0,0,0,0,1,1,0,6,3,3,0,0,0
55066303,20,12,8,20,12,8,0,0,0,4,2,2,0,0,0,0,0,0,19,10,9,10,5,5,0,0,0,0,0,0,3,1,2,6,4,2,0,0,0
55066305,12,7,5,12,7,5,2,1,1,0,0,0,0,0,0,0,0,0,10,5,5,5,2,3,0,0,0,0,0,0,0,0,0,5,3,2,0,0,0
55066307,22,12,10,21,11,10,0,0,0,6,4,2,0,0,0,1,1,0,15,7,8,5,2,3,0,0,0,0,0,0,2,1,1,8,4,4,0,0,0
55066308,800,440,360,769,423,346,34,16,18,94,46,48,8,0,8,31,17,14,733,313,420,311,130,181,1,0,1,39,0,39,125,57,68,257,126,131,20,10,10
1847052,0,0,0,0,0,0,0,0,0,0,0,0,0,0,0,0,0,0,0,0,0,0,0,0,0,0,0,0,0,0,0,0,0,0,0,0,0,0,0
1847561,0,0,0,0,0,0,0,0,0,0,0,0,0,0,0,0,0,0,0,0,0,0,0,0,0,0,0,0,0,0,0,0,0,0,0,0,0,0,0
55067101,12,9,3,12,9,3,0,0,0,2,2,0,0,0,0,0,0,0,8,4,4,6,4,2,0,0,0,0,0,0,2,0,2,0,0,0,0,0,0
55067102,9,6,3,9,6,3,0,0,0,0,0,0,0,0,0,0,0,0,17,8,9,14,7,7,0,0,0,0,0,0,2,1,1,1,0,1,0,0,0
55067104,14,7,7,14,7,7,2,1,1,3,2,1,0,0,0,0,0,0,14,7,7,3,0,3,0,0,0,1,1,0,3,2,1,7,4,3,0,0,0
55067106,52,24,28,48,24,24,2,0,2,7,4,3,1,0,1,4,0,4,38,20,18,18,8,10,0,0,0,0,0,0,7,4,3,13,8,5,2,0,2
55067107,15,10,5,14,10,4,0,0,0,3,2,1,0,0,0,1,0,1,17,7,10,5,1,4,0,0,0,1,0,1,3,1,2,8,5,3,0,0,0
55067108,761,412,349,719,391,328,17,10,7,94,40,54,3,0,3,42,21,21,766,320,446,393,156,237,2,2,0,30,0,30,115,47,68,226,115,111,43,21,22
55067109,16,9,7,15,9,6,2,1,1,1,0,1,0,0,0,1,0,1,13,6,7,2,2,0,0,0,0,1,0,1,3,2,1,7,2,5,1,0,1
55067111,815,452,363,748,417,331,18,7,11,87,42,45,4,0,4,67,35,32,775,346,429,328,141,187,2,1,1,34,0,34,164,80,84,247,124,123,53,27,26
55067112,11,5,6,11,5,6,0,0,0,0,0,0,0,0,0,0,0,0,13,7,6,6,2,4,1,1,0,0,0,0,1,1,0,5,3,2,0,0,0
55067113,59,34,25,56,32,24,2,1,1,6,2,4,0,0,0,3,2,1,37,19,18,18,8,10,0,0,0,3,0,3,3,1,2,13,10,3,1,1,0
55067114,30,23,7,30,23,7,0,0,0,4,4,0,0,0,0,0,0,0,22,12,10,10,5,5,0,0,0,1,0,1,4,3,1,7,4,3,0,0,0
55067116,19,10,9,19,10,9,0,0,0,1,0,1,1,0,1,0,0,0,19,8,11,7,2,5,0,0,0,1,0,1,5,3,2,6,3,3,0,0,0
1891970,0,0,0,0,0,0,0,0,0,0,0,0,0,0,0,0,0,0,0,0,0,0,0,0,0,0,0,0,0,0,0,0,0,0,0,0,0,0,0
55068002,20,14,6,19,13,6,1,1,0,2,2,0,0,0,0,1,1,0,28,11,17,22,9,13,0,0,0,0,0,0,1,0,1,5,2,3,1,0,1
55068003,19,13,6,19,13,6,1,1,0,6,4,2,0,0,0,0,0,0,25,10,15,16,6,10,0,0,0,2,0,2,2,2,0,5,2,3,0,0,0
55068005,23,15,8,20,13,7,0,0,0,0,0,0,0,0,0,3,2,1,15,7,8,3,2,1,1,1,0,1,0,1,4,2,2,6,2,4,1,0,1
55068008,96,57,39,85,50,35,3,0,3,15,8,7,0,0,0,11,7,4,88,38,50,45,21,24,0,0,0,5,0,5,16,9,7,22,8,14,4,3,1
55069801,14,8,6,13,7,6,1,0,1,3,2,1,0,0,0,1,1,0,9,3,6,3,0,3,0,0,0,0,0,0,1,0,1,5,3,2,1,0,1
55069802,22,11,11,21,10,11,0,0,0,2,2,0,0,0,0,1,1,0,23,11,12,20,9,11,0,0,0,0,0,0,0,0,0,3,2,1,0,0,0
55069803,34,21,13,33,20,13,1,0,1,3,2,1,1,0,1,1,1,0,28,11,17,8,3,5,0,0,0,1,0,1,9,6,3,10,2,8,2,1,1
55069804,86,53,33,82,52,30,5,4,1,13,9,4,0,0,0,4,1,3,94,42,52,57,26,31,0,0,0,5,0,5,15,7,8,17,9,8,0,0,0
55070102,44,26,18,42,26,16,1,1,0,6,5,1,0,0,0,2,0,2,30,13,17,18,8,10,0,0,0,0,0,0,2,1,1,10,4,6,0,0,0
55070103,14,8,6,13,7,6,1,0,1,2,1,1,0,0,0,1,1,0,25,15,10,8,5,3,0,0,0,1,0,1,6,3,3,10,7,3,2,1,1
55070104,10,6,4,10,6,4,0,0,0,4,2,2,0,0,0,0,0,0,9,6,3,4,3,1,0,0,0,0,0,0,2,1,1,3,2,1,1,0,1
55070106,119,75,44,117,73,44,4,1,3,18,8,10,1,0,1,2,2,0,99,39,60,40,17,23,0,0,0,8,0,8,20,9,11,31,13,18,1,1,0
55072801,56,31,25,54,29,25,2,1,1,9,4,5,0,0,0,2,2,0,50,20,30,32,12,20,0,0,0,0,0,0,5,3,2,13,5,8,1,1,0
55072802,39,18,21,36,17,19,0,0,0,3,1,2,1,0,1,3,1,2,40,17,23,25,11,14,0,0,0,0,0,0,4,3,1,11,3,8,0,0,0
55072803,22,12,10,21,12,9,2,1,1,1,0,1,0,0,0,1,0,1,29,16,13,22,13,9,0,0,0,0,0,0,2,1,1,5,2,3,1,0,1
55072804,23,15,8,23,15,8,0,0,0,3,0,3,0,0,0,0,0,0,34,17,17,19,10,9,1,0,1,4,0,4,5,3,2,5,4,1,0,0,0
55072805,69,38,31,68,38,30,2,2,0,8,5,3,0,0,0,1,0,1,65,24,41,28,10,18,0,0,0,1,0,1,4,2,2,32,12,20,1,1,0
55072806,462,240,222,449,233,216,11,5,6,53,23,30,1,0,1,13,7,6,473,204,269,237,91,146,1,1,0,17,0,17,73,40,33,145,72,73,19,13,6
55072808,8,5,3,7,5,2,0,0,0,2,2,0,0,0,0,1,0,1,14,4,10,3,1,2,0,0,0,2,0,2,2,0,2,7,3,4,0,0,0
55072809,28,18,10,28,18,10,0,0,0,5,2,3,0,0,0,0,0,0,33,20,13,16,11,5,0,0,0,0,0,0,5,3,2,12,6,6,0,0,0
55072810,17,9,8,17,9,8,0,0,0,3,1,2,0,0,0,0,0,0,22,11,11,13,6,7,0,0,0,1,0,1,3,1,2,5,4,1,0,0,0
55072811,60,36,24,58,34,24,1,0,1,10,6,4,0,0,0,2,2,0,66,24,42,41,14,27,0,0,0,2,0,2,6,4,2,17,6,11,2,2,0
3304850,0,0,0,0,0,0,0,0,0,0,0,0,0,0,0,0,0,0,0,0,0,0,0,0,0,0,0,0,0,0,0,0,0,0,0,0,0,0,0
55076101,11,6,5,11,6,5,0,0,0,4,2,2,1,0,1,0,0,0,12,5,7,1,1,0,0,0,0,1,0,1,6,2,4,4,2,2,0,0,0
55076102,56,35,21,47,31,16,0,0,0,7,3,4,0,0,0,9,4,5,45,23,22,15,7,8,1,1,0,4,0,4,8,6,2,17,9,8,1,0,1
56156801,56,29,27,53,27,26,0,0,0,10,2,8,0,0,0,3,2,1,34,15,19,17,7,10,0,0,0,2,0,2,5,1,4,10,7,3,1,1,0
56157601,38,19,19,36,19,17,0,0,0,7,0,7,0,0,0,2,0,2,53,25,28,30,14,16,0,0,0,2,0,2,8,5,3,13,6,7,2,2,0
56164901,56,25,31,53,24,29,2,0,2,12,4,8,0,0,0,3,1,2,49,22,27,27,13,14,0,0,0,1,0,1,5,3,2,16,6,10,0,0,0
56164902,13,9,4,13,9,4,0,0,0,2,1,1,0,0,0,0,0,0,14,8,6,6,4,2,0,0,0,1,0,1,4,4,0,3,0,3,1,1,0
56167301,18,10,8,18,10,8,2,1,1,5,2,3,0,0,0,0,0,0,9,4,5,4,2,2,0,0,0,1,0,1,1,0,1,3,2,1,5,4,1
56167302,26,14,12,24,12,12,0,0,0,3,3,0,0,0,0,2,2,0,18,12,6,9,6,3,0,0,0,0,0,0,4,3,1,5,3,2,5,3,2
56397801,43,25,18,43,25,18,3,1,2,5,1,4,0,0,0,0,0,0,34,15,19,18,9,9,0,0,0,1,0,1,2,1,1,13,5,8,1,1,0
51006801,93,49,44,88,47,41,0,0,0,10,3,7,1,0,1,5,2,3,83,40,43,47,21,26,1,1,0,1,0,1,12,6,6,22,12,10,2,1,1
52996601,86,46,40,82,45,37,2,2,0,9,3,6,0,0,0,4,1,3,79,35,44,39,18,21,0,0,0,2,0,2,15,7,8,23,10,13,1,1,0
52998201,109,65,44,106,63,43,5,3,2,11,6,5,0,0,0,3,2,1,87,43,44,33,12,21,0,0,0,5,0,5,14,7,7,35,24,11,1,0,1
53001801,30,21,9,29,20,9,0,0,0,6,4,2,0,0,0,1,1,0,29,10,19,22,7,15,0,0,0,0,0,0,2,1,1,5,2,3,0,0,0
53003401,27,18,9,26,18,8,1,0,1,6,5,1,0,0,0,1,0,1,28,8,20,8,3,5,0,0,0,2,0,2,3,1,2,15,4,11,0,0,0
53003402,20,9,11,20,9,11,1,0,1,2,0,2,0,0,0,0,0,0,26,12,14,12,6,6,0,0,0,1,1,0,4,1,3,9,4,5,0,0,0
53003403,155,92,63,149,90,59,5,1,4,14,8,6,2,0,2,6,2,4,125,52,73,33,11,22,0,0,0,13,0,13,40,23,17,39,18,21,2,1,1
53634201,47,27,20,45,27,18,1,0,1,4,4,0,0,0,0,2,0,2,48,24,24,28,13,15,0,0,0,0,0,0,2,1,1,18,10,8,0,0,0
53636901,33,21,12,32,21,11,0,0,0,5,4,1,0,0,0,1,0,1,30,14,16,12,5,7,0,0,0,0,0,0,4,2,2,14,7,7,0,0,0
53641501,26,16,10,24,16,8,1,1,0,1,1,0,0,0,0,2,0,2,19,11,8,3,1,2,0,0,0,1,0,1,2,1,1,13,9,4,1,1,0
53642301,19,12,7,19,12,7,1,0,1,3,0,3,0,0,0,0,0,0,18,7,11,5,2,3,0,0,0,4,0,4,5,2,3,4,3,1,0,0,0
53646601,113,60,53,108,56,52,3,1,2,21,8,13,0,0,0,5,4,1,206,61,145,142,29,113,0,0,0,4,0,4,10,6,4,50,26,24,1,1,0
53647401,49,31,18,46,28,18,2,1,1,6,3,3,0,0,0,3,3,0,56,29,27,36,18,18,0,0,0,2,0,2,8,6,2,10,5,5,0,0,0
53648201,24,17,7,23,17,6,0,0,0,3,3,0,0,0,0,1,0,1,19,6,13,14,4,10,0,0,0,0,0,0,0,0,0,5,2,3,0,0,0
53650401,18,13,5,18,13,5,0,0,0,2,1,1,0,0,0,0,0,0,24,10,14,18,8,10,0,0,0,2,0,2,3,1,2,1,1,0,0,0,0
53651202,95,49,46,94,49,45,6,2,4,9,3,6,0,0,0,1,0,1,105,33,72,45,16,29,0,0,0,5,0,5,18,5,13,37,12,25,0,0,0
53653901,32,18,14,32,18,14,1,1,0,6,5,1,0,0,0,0,0,0,32,12,20,16,6,10,0,0,0,2,0,2,4,1,3,10,5,5,0,0,0
53654701,68,40,28,63,38,25,4,2,2,11,7,4,0,0,0,5,2,3,61,24,37,25,9,16,1,0,1,5,0,5,17,9,8,13,6,7,4,2,2
53655501,34,24,10,31,21,10,0,0,0,5,3,2,1,0,1,3,3,0,36,13,23,15,6,9,0,0,0,3,0,3,8,4,4,10,3,7,1,1,0
53655502,34,21,13,32,20,12,1,0,1,5,3,2,0,0,0,2,1,1,28,14,14,14,8,6,0,0,0,2,0,2,3,2,1,9,4,5,0,0,0
53656301,119,66,53,118,66,52,6,1,5,16,11,5,1,0,1,1,0,1,126,48,78,63,22,41,0,0,0,5,0,5,13,7,6,45,19,26,2,2,0
53659801,122,71,51,119,68,51,3,3,0,15,9,6,0,0,0,3,3,0,118,48,70,65,23,42,0,0,0,3,0,3,15,9,6,35,16,19,2,1,1
53660101,68,36,32,68,36,32,3,1,2,12,6,6,0,0,0,0,0,0,72,31,41,47,23,24,0,0,0,4,0,4,15,5,10,6,3,3,0,0,0
53662801,48,31,17,48,31,17,1,0,1,7,5,2,0,0,0,0,0,0,36,14,22,22,9,13,0,0,0,0,0,0,2,1,1,12,4,8,0,0,0
53664401,59,36,23,56,35,21,2,1,1,4,4,0,0,0,0,3,1,2,61,21,40,25,11,14,0,0,0,5,0,5,15,6,9,16,4,12,0,0,0
53664402,28,17,11,25,16,9,1,1,0,1,1,0,0,0,0,3,1,2,18,5,13,11,3,8,0,0,0,1,0,1,4,0,4,2,2,0,0,0,0
53667901,35,19,16,34,18,16,1,0,1,6,2,4,0,0,0,1,1,0,31,18,13,20,11,9,0,0,0,0,0,0,6,3,3,5,4,1,0,0,0
53669501,13,10,3,13,10,3,1,1,0,0,0,0,1,0,1,0,0,0,21,6,15,11,4,7,0,0,0,1,0,1,5,2,3,4,0,4,0,0,0
53669503,27,13,14,26,12,14,0,0,0,5,1,4,1,0,1,1,1,0,35,16,19,20,10,10,0,0,0,1,0,1,4,1,3,10,5,5,2,1,1
53672501,56,31,25,55,30,25,1,0,1,4,1,3,0,0,0,1,1,0,57,22,35,21,8,13,0,0,0,4,0,4,8,4,4,24,10,14,0,0,0
53674101,63,33,30,60,32,28,1,0,1,6,2,4,1,0,1,3,1,2,90,42,48,49,25,24,0,0,0,4,0,4,13,7,6,24,10,14,4,3,1
53675001,52,28,24,49,28,21,1,0,1,6,2,4,0,0,0,3,0,3,53,27,26,24,12,12,0,0,0,1,0,1,6,5,1,22,10,12,2,1,1
53677601,76,48,28,74,47,27,3,2,1,11,6,5,0,0,0,2,1,1,63,26,37,25,7,18,0,0,0,4,0,4,9,5,4,25,14,11,0,0,0
53678401,74,41,33,71,41,30,3,3,0,12,6,6,1,0,1,3,0,3,63,27,36,31,14,17,0,0,0,4,0,4,13,4,9,15,9,6,1,0,1
53679201,41,22,19,39,22,17,1,0,1,6,4,2,0,0,0,2,0,2,53,27,26,22,12,10,0,0,0,2,0,2,6,3,3,23,12,11,0,0,0
53680601,56,30,26,55,30,25,3,2,1,5,3,2,0,0,0,1,0,1,53,24,29,32,12,20,0,0,0,1,0,1,4,4,0,16,8,8,0,0,0
53680602,16,10,6,15,10,5,1,1,0,3,2,1,0,0,0,1,0,1,16,7,9,11,6,5,0,0,0,0,0,0,2,1,1,3,0,3,0,0,0
53682202,22,13,9,22,13,9,2,1,1,1,0,1,0,0,0,0,0,0,29,13,16,19,8,11,0,0,0,1,0,1,3,1,2,6,4,2,2,2,0
53682203,13,6,7,13,6,7,0,0,0,2,1,1,0,0,0,0,0,0,20,8,12,13,5,8,0,0,0,1,0,1,5,3,2,1,0,1,0,0,0
53683101,49,31,18,48,30,18,1,0,1,5,3,2,0,0,0,1,1,0,36,10,26,14,4,10,0,0,0,2,0,2,10,2,8,10,4,6,0,0,0
53684901,240,132,108,231,129,102,12,4,8,25,14,11,1,0,1,9,3,6,215,105,110,82,40,42,1,1,0,5,0,5,31,18,13,96,46,50,6,6,0
53686501,122,68,54,116,65,51,6,1,5,15,8,7,0,0,0,6,3,3,102,42,60,52,22,30,1,0,1,7,0,7,18,10,8,24,10,14,3,1,2
53687301,31,17,14,27,16,11,0,0,0,6,4,2,0,0,0,4,1,3,27,8,19,15,4,11,0,0,0,0,0,0,5,1,4,7,3,4,2,2,0
53688101,76,42,34,71,40,31,4,0,4,13,6,7,0,0,0,5,2,3,71,32,39,39,14,25,0,0,0,3,0,3,7,5,2,22,13,9,1,1,0
53688102,64,39,25,61,38,23,2,2,0,12,8,4,0,0,0,3,1,2,65,32,33,35,13,22,0,0,0,0,0,0,3,1,2,27,18,9,0,0,0
53689001,11,5,6,11,5,6,0,0,0,2,1,1,0,0,0,0,0,0,14,7,7,10,6,4,0,0,0,0,0,0,3,1,2,1,0,1,0,0,0
53689002,37,20,17,37,20,17,1,1,0,4,2,2,1,0,1,0,0,0,47,22,25,32,14,18,0,0,0,2,0,2,6,4,2,7,4,3,3,3,0
53690301,21,14,7,21,14,7,1,0,1,3,3,0,0,0,0,0,0,0,22,9,13,16,6,10,0,0,0,1,0,1,2,1,1,3,2,1,0,0,0
53691101,14,10,4,13,9,4,0,0,0,3,2,1,0,0,0,1,1,0,25,11,14,7,3,4,1,1,0,5,0,5,9,5,4,3,2,1,0,0,0
53691102,23,15,8,22,15,7,0,0,0,2,1,1,0,0,0,1,0,1,21,7,14,10,3,7,0,0,0,2,0,2,3,2,1,6,2,4,1,1,0
53692001,92,54,38,89,53,36,4,2,2,10,6,4,0,0,0,3,1,2,98,37,61,60,25,35,0,0,0,3,0,3,11,4,7,24,8,16,0,0,0
53694601,35,20,15,33,19,14,0,0,0,8,3,5,1,0,1,2,1,1,42,15,27,28,10,18,0,0,0,1,0,1,5,1,4,8,4,4,0,0,0
53695401,35,21,14,34,20,14,0,0,0,3,2,1,0,0,0,1,1,0,40,18,22,18,8,10,0,0,0,1,0,1,6,2,4,15,8,7,0,0,0
53696201,111,67,44,108,66,42,3,1,2,12,8,4,2,0,2,3,1,2,124,55,69,49,23,26,0,0,0,9,0,9,23,12,11,43,20,23,2,2,0
53706301,40,24,16,40,24,16,1,0,1,2,1,1,0,0,0,0,0,0,23,8,15,8,2,6,0,0,0,2,0,2,9,6,3,4,0,4,0,0,0
1560010,0,0,0,0,0,0,0,0,0,0,0,0,0,0,0,0,0,0,0,0,0,0,0,0,0,0,0,0,0,0,0,0,0,0,0,0,0,0,0
3016550,0,0,0,0,0,0,0,0,0,0,0,0,0,0,0,0,0,0,0,0,0,0,0,0,0,0,0,0,0,0,0,0,0,0,0,0,0,0,0
3016800,0,0,0,0,0,0,0,0,0,0,0,0,0,0,0,0,0,0,0,0,0,0,0,0,0,0,0,0,0,0,0,0,0,0,0,0,0,0,0
55078701,30,17,13,29,16,13,1,0,1,0,0,0,0,0,0,1,1,0,33,16,17,14,7,7,1,1,0,1,0,1,8,2,6,9,6,3,0,0,0
55078702,91,46,45,89,45,44,3,1,2,6,2,4,1,0,1,2,1,1,95,33,62,35,15,20,0,0,0,4,0,4,11,3,8,45,15,30,2,1,1
55078703,1078,601,477,1039,583,456,33,13,20,164,90,74,6,0,6,39,18,21,937,413,524,488,196,292,4,3,1,37,0,37,146,82,64,262,132,130,11,5,6
55078704,85,46,39,84,46,38,9,2,7,9,5,4,0,0,0,1,0,1,78,32,46,37,16,21,0,0,0,7,0,7,12,3,9,22,13,9,1,0,1
55078705,293,154,139,289,152,137,11,6,5,47,21,26,0,0,0,4,2,2,247,115,132,135,61,74,0,0,0,7,0,7,34,15,19,71,39,32,2,1,1
55078706,85,41,44,84,40,44,2,1,1,15,6,9,1,0,1,1,1,0,75,39,36,16,10,6,0,0,0,5,0,5,16,11,5,38,18,20,2,0,2
55078707,191,103,88,186,101,85,14,7,7,39,24,15,0,0,0,5,2,3,149,71,78,76,33,43,0,0,0,2,0,2,14,7,7,57,31,26,2,1,1
55078708,178,96,82,171,92,79,8,4,4,21,15,6,1,0,1,7,4,3,160,80,80,67,32,35,2,1,1,6,0,6,29,17,12,56,30,26,0,0,0
55078709,25,14,11,25,14,11,1,1,0,5,3,2,0,0,0,0,0,0,18,8,10,13,6,7,0,0,0,0,0,0,0,0,0,5,2,3,0,0,0
55078710,25,13,12,25,13,12,0,0,0,2,1,1,2,0,2,0,0,0,17,11,6,0,0,0,0,0,0,1,0,1,6,3,3,10,8,2,0,0,0
55078711,35,20,15,34,19,15,0,0,0,2,1,1,0,0,0,1,1,0,42,21,21,20,9,11,0,0,0,1,0,1,3,3,0,18,9,9,0,0,0
55078713,762,391,371,735,374,361,21,6,15,83,36,47,5,0,5,27,17,10,745,303,442,374,139,235,4,0,4,29,0,29,123,57,66,215,107,108,11,5,6
55078714,29,18,11,29,18,11,1,0,1,5,3,2,0,0,0,0,0,0,31,10,21,17,7,10,0,0,0,2,0,2,6,1,5,6,2,4,0,0,0
55078715,1061,551,510,1002,527,475,40,19,21,120,55,65,12,0,12,59,24,35,1217,506,711,702,252,450,2,2,0,49,0,49,175,98,77,289,154,135,20,10,10
55078716,21,10,11,20,10,10,1,0,1,2,1,1,0,0,0,1,0,1,10,7,3,1,1,0,0,0,0,0,0,0,2,1,1,7,5,2,0,0,0
55078717,2052,1129,923,1914,1064,850,63,30,33,255,134,121,11,0,11,138,65,73,2114,883,1231,1145,435,710,4,3,1,95,2,93,327,170,157,543,273,270,88,61,27
55078718,265,150,115,248,142,106,12,8,4,41,25,16,1,0,1,17,8,9,330,140,190,175,70,105,0,0,0,14,0,14,47,27,20,94,43,51,1,1,0
55078719,91,48,43,91,48,43,6,6,0,2,1,1,1,0,1,0,0,0,91,47,44,3,0,3,2,1,1,5,0,5,29,22,7,52,24,28,0,0,0
55078720,683,349,334,659,341,318,22,11,11,72,33,39,7,0,7,24,8,16,795,315,480,388,119,269,0,0,0,31,0,31,127,68,59,249,128,121,12,4,8
55078721,93,57,36,92,57,35,1,1,0,8,5,3,0,0,0,1,0,1,54,26,28,35,17,18,0,0,0,1,0,1,7,3,4,11,6,5,4,0,4
55078722,133,67,66,129,64,65,6,4,2,26,15,11,1,0,1,4,3,1,136,59,77,102,44,58,0,0,0,2,0,2,7,3,4,25,12,13,0,0,0
55078723,412,222,190,399,219,180,15,7,8,88,41,47,3,0,3,13,3,10,497,192,305,314,124,190,0,0,0,24,0,24,68,29,39,91,39,52,6,4,2
55078724,925,461,464,886,446,440,25,9,16,115,50,65,5,0,5,39,15,24,603,280,323,239,93,146,1,0,1,37,1,36,128,72,56,198,114,84,11,6,5
55078725,58,33,25,55,32,23,1,1,0,9,5,4,1,0,1,3,1,2,33,13,20,15,7,8,0,0,0,2,0,2,4,2,2,12,4,8,1,1,0
55078726,58,34,24,57,33,24,3,2,1,4,2,2,1,0,1,1,1,0,37,16,21,8,4,4,0,0,0,3,0,3,7,4,3,19,8,11,1,1,0
55078728,1962,1000,962,1876,959,917,73,34,39,223,107,116,15,0,15,86,41,45,1786,736,1050,916,336,580,2,2,0,81,1,80,274,135,139,513,262,251,41,19,22
55078729,58,29,29,56,29,27,3,1,2,13,4,9,0,0,0,2,0,2,61,28,33,24,11,13,0,0,0,5,0,5,12,6,6,20,11,9,0,0,0
55078731,8,5,3,7,4,3,0,0,0,1,1,0,0,0,0,1,1,0,12,5,7,7,4,3,0,0,0,0,0,0,1,1,0,4,0,4,1,0,1
55078733,253,144,109,238,135,103,8,4,4,34,23,11,2,0,2,15,9,6,246,103,143,132,54,78,0,0,0,9,0,9,36,14,22,69,35,34,3,1,2
55080901,592,328,264,561,316,245,21,8,13,84,40,44,3,0,3,31,12,19,619,259,360,311,128,183,1,1,0,25,0,25,102,44,58,180,86,94,16,12,4
55080902,27,13,14,27,13,14,1,0,1,3,0,3,0,0,0,0,0,0,41,18,23,24,9,15,0,0,0,3,0,3,7,4,3,7,5,2,1,0,1
55080903,20,11,9,19,11,8,1,1,0,1,1,0,1,0,1,1,0,1,21,11,10,3,1,2,0,0,0,0,0,0,9,5,4,9,5,4,0,0,0
55080904,58,37,21,52,35,17,6,3,3,4,3,1,0,0,0,6,2,4,79,35,44,30,10,20,0,0,0,6,0,6,24,16,8,19,9,10,4,1,3
55080906,18,11,7,14,10,4,0,0,0,1,1,0,0,0,0,4,1,3,14,4,10,6,1,5,0,0,0,1,0,1,3,1,2,4,2,2,0,0,0
55080907,57,33,24,56,32,24,1,0,1,9,5,4,0,0,0,1,1,0,46,20,26,21,9,12,2,1,1,1,0,1,3,2,1,19,8,11,1,1,0
55081701,307,168,139,299,165,134,4,3,1,28,12,16,2,0,2,8,3,5,355,163,192,190,84,106,1,0,1,16,0,16,56,30,26,92,49,43,15,10,5
55081703,27,13,14,25,11,14,1,0,1,4,1,3,0,0,0,2,2,0,23,13,10,11,6,5,0,0,0,1,0,1,4,2,2,7,5,2,0,0,0
55081704,17,10,7,16,9,7,1,0,1,4,2,2,1,0,1,1,1,0,22,10,12,17,8,9,0,0,0,0,0,0,2,0,2,3,2,1,0,0,0
55081706,26,15,11,26,15,11,1,0,1,2,1,1,0,0,0,0,0,0,25,12,13,15,6,9,0,0,0,0,0,0,3,3,0,7,3,4,0,0,0
55081707,27,17,10,26,17,9,1,0,1,2,1,1,0,0,0,1,0,1,25,8,17,16,6,10,0,0,0,2,0,2,4,0,4,3,2,1,0,0,0
55081708,33,18,15,32,17,15,1,0,1,6,3,3,0,0,0,1,1,0,31,15,16,17,9,8,0,0,0,1,0,1,6,2,4,7,4,3,1,1,0
55081709,23,12,11,23,12,11,1,0,1,3,1,2,1,0,1,0,0,0,40,19,21,23,10,13,0,0,0,3,0,3,4,2,2,10,7,3,0,0,0
55083301,60,35,25,59,35,24,1,1,0,5,3,2,1,0,1,1,0,1,69,33,36,37,15,22,0,0,0,4,0,4,9,5,4,19,13,6,0,0,0
55083302,16,12,4,16,12,4,0,0,0,0,0,0,1,0,1,0,0,0,23,14,9,11,7,4,0,0,0,1,0,1,3,2,1,8,5,3,1,0,1
55083303,12,9,3,11,8,3,0,0,0,3,2,1,0,0,0,1,1,0,18,6,12,10,3,7,0,0,0,2,0,2,3,1,2,3,2,1,0,0,0
55085001,18,10,8,18,10,8,0,0,0,4,2,2,0,0,0,0,0,0,25,12,13,8,4,4,0,0,0,3,0,3,8,4,4,6,4,2,1,1,0
55085003,45,24,21,44,23,21,2,1,1,4,1,3,0,0,0,1,1,0,34,14,20,20,8,12,1,1,0,1,0,1,3,1,2,9,4,5,1,0,1
55085004,14,10,4,14,10,4,0,0,0,5,5,0,0,0,0,0,0,0,14,6,8,10,4,6,0,0,0,0,0,0,1,0,1,3,2,1,0,0,0
55085006,42,25,17,40,24,16,1,1,0,3,2,1,0,0,0,2,1,1,36,12,24,26,8,18,0,0,0,1,0,1,1,0,1,8,4,4,0,0,0
55085007,28,14,14,27,14,13,2,1,1,1,0,1,0,0,0,1,0,1,35,16,19,18,8,10,0,0,0,1,0,1,6,3,3,10,5,5,0,0,0
55085008,67,36,31,65,35,30,2,1,1,6,3,3,0,0,0,2,1,1,57,27,30,23,10,13,0,0,0,1,0,1,5,1,4,28,16,12,0,0,0
55085009,21,11,10,20,11,9,0,0,0,2,1,1,0,0,0,1,0,1,21,9,12,7,3,4,0,0,0,1,0,1,4,0,4,9,6,3,0,0,0
55085011,43,23,20,42,22,20,2,1,1,3,0,3,0,0,0,1,1,0,52,24,28,20,9,11,0,0,0,5,0,5,14,8,6,13,7,6,2,2,0
55085012,64,37,27,64,37,27,2,2,0,4,1,3,0,0,0,0,0,0,64,34,30,33,16,17,0,0,0,2,0,2,7,5,2,22,13,9,1,0,1
55085013,477,256,221,472,254,218,20,12,8,59,30,29,5,0,5,5,2,3,457,218,239,296,134,162,1,0,1,11,0,11,47,27,20,102,57,45,6,2,4
55085014,152,80,72,145,74,71,9,4,5,17,10,7,1,0,1,7,6,1,131,57,74,77,31,46,0,0,0,4,0,4,14,8,6,36,18,18,3,3,0
55085015,254,136,118,245,133,112,10,7,3,25,15,10,2,0,2,9,3,6,202,82,120,89,36,53,0,0,0,8,0,8,28,13,15,77,33,44,7,4,3
55085016,227,124,103,219,121,98,8,5,3,27,15,12,3,0,3,8,3,5,215,106,109,101,38,63,0,0,0,9,0,9,33,21,12,72,47,25,6,3,3
55085017,21,11,10,21,11,10,1,0,1,1,0,1,1,0,1,0,0,0,6,3,3,1,1,0,0,0,0,0,0,0,3,1,2,2,1,1,0,0,0
55085018,838,427,411,813,413,400,27,8,19,68,34,34,8,0,8,25,14,11,672,296,376,301,113,188,3,2,1,29,0,29,116,63,53,223,118,105,26,19,7
55085020,17,10,7,16,9,7,1,0,1,2,1,1,0,0,0,1,1,0,10,4,6,8,2,6,0,0,0,0,0,0,1,1,0,1,1,0,1,1,0
55085021,616,320,296,597,309,288,12,4,8,91,38,53,6,1,5,19,11,8,685,283,402,447,163,284,1,1,0,22,0,22,76,39,37,139,80,59,10,6,4
55085022,299,162,137,293,159,134,19,9,10,39,18,21,1,0,1,6,3,3,259,97,162,149,44,105,2,1,1,12,0,12,43,25,18,53,27,26,7,5,2
55090601,235,140,95,223,138,85,11,7,4,27,15,12,1,0,1,12,2,10,211,94,117,85,37,48,1,1,0,14,0,14,46,25,21,65,31,34,5,3,2
55090602,27,17,10,25,15,10,1,1,0,3,1,2,0,0,0,2,2,0,37,22,15,24,13,11,0,0,0,2,0,2,6,4,2,5,5,0,1,1,0
55092201,252,136,116,242,132,110,7,2,5,31,16,15,2,0,2,10,4,6,228,113,115,101,49,52,0,0,0,6,0,6,32,15,17,89,49,40,13,10,3
55092202,61,32,29,60,32,28,1,0,1,7,2,5,0,0,0,1,0,1,51,19,32,26,9,17,0,0,0,3,0,3,7,4,3,15,6,9,2,1,1
55092203,48,29,19,43,25,18,0,0,0,4,1,3,0,0,0,5,4,1,45,26,19,17,8,9,0,0,0,2,0,2,9,7,2,17,11,6,1,0,1
55092204,89,53,36,87,53,34,2,1,1,14,9,5,2,0,2,2,0,2,94,40,54,47,19,28,1,1,0,2,0,2,20,10,10,24,10,14,1,1,0
55092206,15,9,6,15,9,6,0,0,0,1,0,1,0,0,0,0,0,0,20,6,14,10,3,7,0,0,0,2,0,2,4,2,2,4,1,3,1,1,0
55094902,57,36,21,53,33,20,0,0,0,9,6,3,1,1,0,4,3,1,46,20,26,18,6,12,0,0,0,4,0,4,11,4,7,13,10,3,0,0,0
55094903,20,12,8,17,11,6,0,0,0,4,2,2,0,0,0,3,1,2,17,8,9,5,2,3,0,0,0,2,0,2,7,5,2,3,1,2,0,0,0
55094904,17,9,8,17,9,8,0,0,0,2,1,1,1,0,1,0,0,0,24,10,14,9,3,6,0,0,0,2,0,2,6,5,1,7,2,5,0,0,0
55095701,11,6,5,8,4,4,2,0,2,0,0,0,0,0,0,3,2,1,9,5,4,3,1,2,0,0,0,0,0,0,1,1,0,5,3,2,0,0,0
55095702,275,147,128,267,144,123,6,2,4,41,22,19,0,0,0,8,3,5,275,118,157,134,55,79,0,0,0,14,0,14,45,19,26,82,44,38,1,1,0
55095704,18,13,5,18,13,5,0,0,0,3,3,0,1,0,1,0,0,0,18,6,12,8,2,6,0,0,0,0,0,0,5,1,4,5,3,2,1,0,1
55095705,23,14,9,23,14,9,1,0,1,3,1,2,0,0,0,0,0,0,15,5,10,10,4,6,0,0,0,0,0,0,2,1,1,3,0,3,0,0,0
55095706,23,15,8,22,14,8,0,0,0,0,0,0,0,0,0,1,1,0,27,14,13,11,5,6,0,0,0,1,0,1,5,3,2,10,6,4,2,1,1
55095707,16,10,6,16,10,6,1,1,0,2,1,1,0,0,0,0,0,0,13,6,7,6,3,3,0,0,0,0,0,0,1,0,1,6,3,3,0,0,0
55095708,10,6,4,10,6,4,0,0,0,0,0,0,0,0,0,0,0,0,16,7,9,9,4,5,0,0,0,0,0,0,3,1,2,4,2,2,0,0,0
55095709,25,15,10,25,15,10,1,1,0,1,1,0,1,0,1,0,0,0,27,11,16,11,6,5,0,0,0,1,0,1,5,1,4,10,4,6,0,0,0
55095710,50,30,20,47,30,17,1,0,1,4,1,3,0,0,0,3,0,3,40,16,24,21,10,11,0,0,0,1,0,1,5,0,5,13,6,7,0,0,0
55096501,184,97,87,174,93,81,8,4,4,22,9,13,1,0,1,10,4,6,169,64,105,81,35,46,2,2,0,6,0,6,26,7,19,54,20,34,3,2,1
55096502,24,14,10,23,13,10,0,0,0,4,2,2,0,0,0,1,1,0,10,4,6,5,3,2,0,0,0,1,0,1,2,0,2,2,1,1,0,0,0
55096503,21,13,8,20,13,7,0,0,0,2,2,0,0,0,0,1,0,1,18,9,9,11,7,4,0,0,0,1,0,1,4,2,2,2,0,2,0,0,0
55098101,113,69,44,112,68,44,2,2,0,18,10,8,0,0,0,1,1,0,93,38,55,43,14,29,0,0,0,5,0,5,12,6,6,33,18,15,0,0,0
55098102,35,18,17,34,18,16,3,1,2,4,3,1,0,0,0,1,0,1,20,6,14,9,3,6,0,0,0,0,0,0,1,1,0,10,2,8,0,0,0
55101501,37,22,15,36,22,14,1,1,0,0,0,0,0,0,0,1,0,1,61,26,35,46,20,26,0,0,0,1,0,1,6,2,4,8,4,4,0,0,0
55101502,139,78,61,134,75,59,6,4,2,17,8,9,1,0,1,5,3,2,151,67,84,74,34,40,0,0,0,10,0,10,28,10,18,39,23,16,1,1,0
55102301,26,17,9,26,17,9,0,0,0,5,3,2,1,0,1,0,0,0,30,13,17,18,4,14,0,0,0,1,0,1,3,2,1,8,7,1,0,0,0
55102302,38,22,16,37,22,15,0,0,0,6,5,1,0,0,0,1,0,1,30,16,14,22,11,11,0,0,0,1,0,1,2,2,0,5,3,2,0,0,0
55102303,10,4,6,10,4,6,0,0,0,0,0,0,0,0,0,0,0,0,20,9,11,12,6,6,1,0,1,0,0,0,0,0,0,7,3,4,0,0,0
55102304,34,22,12,32,20,12,0,0,0,2,2,0,0,0,0,2,2,0,43,19,24,25,13,12,0,0,0,2,0,2,3,0,3,13,6,7,0,0,0
55104001,94,49,45,91,49,42,9,2,7,13,7,6,1,0,1,3,0,3,66,28,38,22,12,10,0,0,0,5,0,5,10,6,4,29,10,19,0,0,0
55104003,14,8,6,13,8,5,0,0,0,3,2,1,0,0,0,1,0,1,11,3,8,6,1,5,0,0,0,1,0,1,2,1,1,2,1,1,1,1,0
55104004,19,10,9,18,10,8,0,0,0,1,1,0,0,0,0,1,0,1,29,17,12,16,8,8,0,0,0,1,0,1,4,3,1,8,6,2,0,0,0
55104007,29,20,9,28,19,9,0,0,0,4,1,3,0,0,0,1,1,0,41,13,28,22,6,16,0,0,0,2,0,2,3,1,2,14,6,8,0,0,0
55110401,41,25,16,41,25,16,2,1,1,2,2,0,0,0,0,0,0,0,34,17,17,17,7,10,0,0,0,0,0,0,2,0,2,15,10,5,1,0,1
55110402,48,23,25,43,20,23,2,0,2,6,4,2,0,0,0,5,3,2,35,15,20,21,8,13,0,0,0,3,0,3,6,5,1,5,2,3,0,0,0
55112101,74,44,30,73,44,29,4,3,1,10,5,5,0,0,0,1,0,1,70,30,40,44,20,24,0,0,0,2,0,2,7,3,4,17,7,10,0,0,0
55113901,224,126,98,221,125,96,9,4,5,28,15,13,2,0,2,3,1,2,176,80,96,70,24,46,0,0,0,7,0,7,32,15,17,67,41,26,9,5,4
55115501,104,62,42,98,58,40,2,1,1,14,9,5,0,0,0,6,4,2,107,41,66,50,17,33,0,0,0,7,0,7,16,8,8,34,16,18,8,6,2
55115502,22,11,11,22,11,11,2,0,2,1,1,0,0,0,0,0,0,0,27,15,12,10,6,4,0,0,0,3,1,2,7,4,3,7,4,3,0,0,0
55116301,90,49,41,86,46,40,2,1,1,9,6,3,0,0,0,4,3,1,83,40,43,24,8,16,0,0,0,6,0,6,15,10,5,38,22,16,3,2,1
55116302,14,9,5,13,9,4,1,1,0,1,1,0,0,0,0,1,0,1,19,8,11,11,3,8,0,0,0,0,0,0,3,1,2,5,4,1,1,1,0
55118001,57,38,19,56,38,18,2,2,0,9,4,5,0,0,0,1,0,1,57,22,35,32,13,19,0,0,0,4,0,4,9,4,5,12,5,7,2,1,1
55118002,38,21,17,36,21,15,0,0,0,2,2,0,0,0,0,2,0,2,41,20,21,19,11,8,0,0,0,2,0,2,6,2,4,14,7,7,0,0,0
55118004,53,34,19,50,32,18,2,2,0,6,4,2,1,0,1,3,2,1,51,27,24,24,13,11,0,0,0,2,0,2,12,7,5,13,7,6,0,0,0
55118005,32,21,11,32,21,11,1,1,0,9,4,5,0,0,0,0,0,0,44,16,28,27,13,14,0,0,0,3,0,3,8,2,6,6,1,5,0,0,0
55120101,690,364,326,666,350,316,27,10,17,86,43,43,4,0,4,24,14,10,608,271,337,287,123,164,1,1,0,24,1,23,113,53,60,183,93,90,5,2,3
55126101,91,48,43,84,44,40,1,1,0,8,5,3,0,0,0,7,4,3,93,43,50,53,22,31,0,0,0,2,0,2,10,6,4,28,15,13,4,2,2
55126102,18,10,8,18,10,8,0,0,0,4,3,1,0,0,0,0,0,0,22,7,15,9,4,5,0,0,0,0,0,0,3,1,2,10,2,8,0,0,0
55133301,43,25,18,42,24,18,3,0,3,3,2,1,0,0,0,1,1,0,44,21,23,17,7,10,0,0,0,2,0,2,9,6,3,16,8,8,0,0,0
55133302,136,80,56,132,77,55,1,0,1,8,4,4,3,0,3,4,3,1,101,40,61,48,18,30,0,0,0,7,0,7,22,11,11,24,11,13,6,3,3
55133303,52,29,23,50,27,23,4,2,2,6,4,2,1,0,1,2,2,0,62,24,38,34,17,17,0,0,0,2,0,2,10,3,7,16,4,12,0,0,0
55134101,69,39,30,66,38,28,1,0,1,13,8,5,1,0,1,3,1,2,75,31,44,30,11,19,0,0,0,3,0,3,10,3,7,32,17,15,0,0,0
55134102,25,18,7,24,17,7,1,1,0,3,2,1,0,0,0,1,1,0,20,9,11,13,5,8,0,0,0,1,0,1,2,1,1,4,3,1,0,0,0
55134103,45,29,16,43,28,15,1,0,1,5,4,1,1,0,1,2,1,1,40,16,24,22,7,15,0,0,0,2,0,2,8,5,3,8,4,4,0,0,0
55135001,303,179,124,281,168,113,6,1,5,37,22,15,1,0,1,22,11,11,262,126,136,173,79,94,1,1,0,6,0,6,28,14,14,54,32,22,8,6,2
55135002,41,25,16,41,25,16,2,0,2,2,2,0,0,0,0,0,0,0,39,18,21,26,10,16,0,0,0,0,0,0,4,2,2,9,6,3,0,0,0
55138401,344,188,156,337,186,151,8,1,7,40,22,18,3,0,3,7,2,5,299,138,161,125,47,78,0,0,0,12,1,11,50,32,18,112,58,54,3,0,3
55138404,25,12,13,24,11,13,1,0,1,5,2,3,0,0,0,1,1,0,18,7,11,11,5,6,0,0,0,0,0,0,5,2,3,2,0,2,1,1,0
55139201,133,84,49,129,80,49,3,3,0,8,6,2,0,0,0,4,4,0,137,52,85,67,23,44,1,0,1,9,0,9,23,11,12,37,18,19,2,2,0
55141401,126,67,59,121,63,58,6,1,5,15,8,7,0,0,0,5,4,1,97,41,56,41,20,21,0,0,0,3,0,3,16,5,11,37,16,21,2,2,0
55141403,8,4,4,8,4,4,0,0,0,1,0,1,0,0,0,0,0,0,20,10,10,14,9,5,0,0,0,0,0,0,5,0,5,1,1,0,0,0,0
55147302,9,7,2,9,7,2,0,0,0,3,2,1,0,0,0,0,0,0,25,8,17,15,6,9,1,0,1,1,0,1,2,0,2,6,2,4,0,0,0
55147303,62,39,23,60,37,23,3,1,2,9,6,3,0,0,0,2,2,0,61,21,40,26,9,17,0,0,0,3,0,3,14,5,9,18,7,11,3,1,2
55147305,13,8,5,12,7,5,1,0,1,1,1,0,0,0,0,1,1,0,22,12,10,21,11,10,0,0,0,0,0,0,1,1,0,0,0,0,0,0,0
55147308,31,16,15,31,16,15,1,1,0,3,2,1,0,0,0,0,0,0,30,11,19,14,6,8,0,0,0,1,0,1,2,0,2,13,5,8,1,1,0
55147310,13,7,6,13,7,6,1,0,1,2,2,0,0,0,0,0,0,0,10,7,3,2,2,0,0,0,0,0,0,0,2,1,1,6,4,2,0,0,0
55152001,154,89,65,146,84,62,6,1,5,23,16,7,2,0,2,8,5,3,110,42,68,50,21,29,0,0,0,9,0,9,21,6,15,30,15,15,4,3,1
55152003,18,12,6,15,10,5,0,0,0,2,1,1,0,0,0,3,2,1,14,5,9,7,2,5,0,0,0,1,0,1,3,3,0,3,0,3,0,0,0
55155401,49,21,28,46,21,25,3,1,2,2,0,2,0,0,0,3,0,3,42,18,24,19,7,12,0,0,0,0,0,0,4,3,1,19,8,11,1,0,1
55155402,127,78,49,124,76,48,3,2,1,14,8,6,0,0,0,3,2,1,110,46,64,65,25,40,0,0,0,4,0,4,15,8,7,26,13,13,1,0,1
55156201,21,12,9,18,10,8,0,0,0,0,0,0,0,0,0,3,2,1,34,17,17,21,9,12,0,0,0,0,0,0,4,3,1,9,5,4,1,1,0
55156202,21,15,6,21,15,6,0,0,0,2,1,1,0,0,0,0,0,0,20,9,11,11,5,6,1,1,0,2,0,2,3,2,1,3,1,2,0,0,0
55156203,195,119,76,187,113,74,9,4,5,28,20,8,5,0,5,8,6,2,277,174,103,172,129,43,1,1,0,9,0,9,43,21,22,52,23,29,7,3,4
55156204,24,14,10,23,14,9,0,0,0,5,3,2,0,0,0,1,0,1,15,8,7,7,4,3,0,0,0,1,0,1,3,2,1,4,2,2,1,0,1
55156205,32,16,16,31,15,16,1,0,1,1,0,1,0,0,0,1,1,0,16,6,10,10,4,6,0,0,0,1,0,1,1,0,1,4,2,2,1,1,0
55157101,52,31,21,52,31,21,0,0,0,3,3,0,1,0,1,0,0,0,55,25,30,23,5,18,0,0,0,1,0,1,11,6,5,20,14,6,1,1,0
55159701,80,42,38,78,41,37,4,1,3,8,4,4,0,0,0,2,1,1,79,37,42,21,8,13,0,0,0,6,0,6,20,13,7,32,16,16,1,0,1
55161901,23,11,12,23,11,12,0,0,0,6,1,5,0,0,0,0,0,0,21,10,11,11,5,6,0,0,0,0,0,0,5,1,4,5,4,1,0,0,0
55161902,154,84,70,149,82,67,4,2,2,19,11,8,0,0,0,5,2,3,118,47,71,50,17,33,0,0,0,6,0,6,22,10,12,40,20,20,2,1,1
55162701,26,18,8,23,16,7,1,0,1,0,0,0,0,0,0,3,2,1,32,13,19,24,10,14,0,0,0,1,0,1,2,1,1,5,2,3,2,1,1
55162702,82,51,31,80,50,30,2,2,0,7,5,2,0,0,0,2,1,1,70,33,37,32,13,19,0,0,0,2,0,2,12,7,5,24,13,11,2,2,0
55162703,15,10,5,15,10,5,0,0,0,3,2,1,0,0,0,0,0,0,14,3,11,7,3,4,0,0,0,2,0,2,3,0,3,2,0,2,0,0,0
55162704,27,14,13,25,13,12,2,0,2,2,2,0,0,0,0,2,1,1,21,5,16,13,3,10,0,0,0,1,0,1,1,0,1,6,2,4,0,0,0
55163501,9,5,4,9,5,4,0,0,0,1,1,0,0,0,0,0,0,0,17,6,11,13,3,10,0,0,0,0,0,0,1,1,0,3,2,1,0,0,0
55163502,14,8,6,14,8,6,1,0,1,0,0,0,0,0,0,0,0,0,14,6,8,8,2,6,0,0,0,0,0,0,0,0,0,6,4,2,0,0,0
55163503,54,36,18,48,31,17,2,1,1,6,5,1,0,0,0,6,5,1,40,15,25,19,6,13,0,0,0,2,0,2,6,3,3,13,6,7,0,0,0
55163504,35,19,16,34,18,16,0,0,0,2,2,0,0,0,0,1,1,0,28,14,14,12,6,6,0,0,0,2,0,2,4,4,0,10,4,6,0,0,0
55163505,22,12,10,21,12,9,2,1,1,2,1,1,0,0,0,1,0,1,27,15,12,12,6,6,0,0,0,1,0,1,4,2,2,10,7,3,0,0,0
55164301,20,10,10,19,10,9,0,0,0,4,2,2,0,0,0,1,0,1,25,13,12,8,5,3,0,0,0,2,0,2,5,2,3,10,6,4,0,0,0
55164302,44,25,19,43,25,18,0,0,0,2,2,0,1,0,1,1,0,1,56,22,34,17,7,10,0,0,0,4,0,4,19,8,11,16,7,9,0,0,0
55164303,145,82,63,137,77,60,3,0,3,24,14,10,0,0,0,8,5,3,145,62,83,81,35,46,0,0,0,5,0,5,17,9,8,42,18,24,4,4,0
55164304,26,17,9,24,16,8,0,0,0,5,4,1,0,0,0,2,1,1,17,6,11,6,1,5,0,0,0,0,0,0,1,0,1,10,5,5,0,0,0
55166001,28,15,13,26,14,12,0,0,0,3,2,1,0,0,0,2,1,1,26,11,15,13,6,7,0,0,0,0,0,0,2,1,1,11,4,7,0,0,0
55166002,58,33,25,55,33,22,2,1,1,1,1,0,0,0,0,3,0,3,51,20,31,12,6,6,0,0,0,4,0,4,13,3,10,22,11,11,0,0,0
55166003,43,22,21,41,21,20,1,0,1,11,7,4,1,0,1,2,1,1,44,19,25,16,7,9,0,0,0,3,0,3,9,5,4,16,7,9,0,0,0
55166004,486,257,229,467,248,219,19,8,11,45,23,22,2,0,2,19,9,10,503,222,281,219,88,131,0,0,0,21,0,21,97,50,47,166,84,82,13,9,4
55166006,33,20,13,31,19,12,0,0,0,7,4,3,1,0,1,2,1,1,29,12,17,17,6,11,0,0,0,0,0,0,5,3,2,7,3,4,0,0,0
55166007,15,10,5,13,8,5,1,0,1,1,1,0,0,0,0,2,2,0,25,8,17,12,5,7,0,0,0,1,0,1,6,1,5,6,2,4,0,0,0
55167802,41,26,15,40,26,14,1,0,1,6,4,2,1,0,1,1,0,1,49,21,28,31,16,15,0,0,0,2,0,2,8,2,6,8,3,5,0,0,0
55167803,263,145,118,257,143,114,8,4,4,32,20,12,3,0,3,6,2,4,206,98,108,89,41,48,0,0,0,6,0,6,27,11,16,84,46,38,7,5,2
55167805,11,7,4,11,7,4,1,0,1,0,0,0,0,0,0,0,0,0,14,5,9,10,3,7,0,0,0,0,0,0,0,0,0,4,2,2,0,0,0
55167806,19,11,8,19,11,8,1,1,0,0,0,0,0,0,0,0,0,0,19,9,10,12,6,6,0,0,0,0,0,0,2,1,1,5,2,3,0,0,0
55171601,33,19,14,32,18,14,2,1,1,7,4,3,0,0,0,1,1,0,33,16,17,19,7,12,0,0,0,0,0,0,3,1,2,11,8,3,0,0,0
55171602,28,16,12,28,16,12,2,1,1,3,2,1,0,0,0,0,0,0,42,23,19,19,7,12,0,0,0,1,0,1,6,3,3,16,13,3,0,0,0
55171604,543,303,240,521,290,231,18,11,7,51,24,27,9,0,9,22,13,9,543,240,303,274,123,151,2,2,0,23,0,23,71,30,41,173,85,88,10,5,5
55174101,30,20,10,29,19,10,0,0,0,7,4,3,1,0,1,1,1,0,41,18,23,14,5,9,1,0,1,4,0,4,11,5,6,11,8,3,1,1,0
55174102,57,29,28,56,29,27,2,1,1,6,3,3,0,0,0,1,0,1,86,39,47,40,19,21,0,0,0,4,0,4,12,5,7,30,15,15,0,0,0
55175901,13,9,4,12,8,4,0,0,0,2,2,0,0,0,0,1,1,0,19,8,11,9,3,6,0,0,0,1,0,1,3,1,2,6,4,2,2,1,1
55175902,133,70,63,130,68,62,10,1,9,9,6,3,2,0,2,3,2,1,146,65,81,73,28,45,0,0,0,3,0,3,24,17,7,46,20,26,1,0,1
55177501,54,33,21,51,31,20,0,0,0,2,1,1,0,0,0,3,2,1,59,24,35,27,11,16,0,0,0,6,0,6,11,5,6,15,8,7,1,0,1
55177502,25,17,8,23,16,7,1,1,0,1,1,0,0,0,0,2,1,1,27,12,15,17,7,10,0,0,0,1,0,1,2,1,1,7,4,3,0,0,0
55179101,53,30,23,52,29,23,2,0,2,2,2,0,0,0,0,1,1,0,65,32,33,35,16,19,0,0,0,2,0,2,4,3,1,24,13,11,1,1,0
55179102,24,16,8,22,16,6,0,0,0,3,2,1,0,0,0,2,0,2,32,13,19,13,6,7,0,0,0,2,0,2,6,3,3,11,4,7,0,0,0
55179103,43,23,20,43,23,20,1,0,1,3,1,2,0,0,0,0,0,0,38,21,17,25,14,11,0,0,0,1,0,1,2,1,1,10,6,4,0,0,0
55179104,11,6,5,11,6,5,1,0,1,0,0,0,0,0,0,0,0,0,23,10,13,9,4,5,0,0,0,2,0,2,6,3,3,6,3,3,0,0,0
55179105,302,179,123,291,176,115,10,6,4,26,13,13,4,0,4,11,3,8,286,122,164,128,51,77,0,0,0,14,0,14,53,30,23,91,41,50,9,2,7
55183001,29,18,11,29,18,11,1,0,1,3,2,1,0,0,0,0,0,0,30,18,12,23,11,12,0,0,0,0,0,0,0,0,0,7,7,0,0,0,0
55183002,127,76,51,125,76,49,4,1,3,13,11,2,0,0,0,2,0,2,121,50,71,62,28,34,0,0,0,8,0,8,19,8,11,32,14,18,2,1,1
55185601,59,33,26,57,31,26,2,1,1,5,2,3,0,0,0,2,2,0,53,25,28,32,15,17,0,0,0,1,0,1,5,2,3,15,8,7,0,0,0
55185602,340,182,158,332,179,153,7,2,5,46,23,23,3,0,3,8,3,5,313,125,188,165,60,105,1,1,0,10,0,10,39,18,21,98,46,52,4,3,1
55185603,36,16,20,35,16,19,0,0,0,1,1,0,0,0,0,1,0,1,28,8,20,10,4,6,0,0,0,1,0,1,5,3,2,12,1,11,0,0,0
55189901,70,36,34,66,34,32,3,0,3,11,7,4,2,0,2,4,2,2,62,24,38,35,15,20,1,1,0,0,0,0,6,3,3,20,5,15,2,1,1
55189902,82,48,34,75,46,29,4,2,2,11,6,5,0,0,0,7,2,5,88,40,48,41,22,19,0,0,0,5,0,5,10,3,7,32,15,17,1,0,1
55193701,43,23,20,43,23,20,2,1,1,4,1,3,0,0,0,0,0,0,48,19,29,29,12,17,0,0,0,4,0,4,5,1,4,10,6,4,0,0,0
3017610,0,0,0,0,0,0,0,0,0,0,0,0,0,0,0,0,0,0,0,0,0,0,0,0,0,0,0,0,0,0,0,0,0,0,0,0,0,0,0
55195301,79,45,34,76,43,33,1,1,0,9,4,5,0,0,0,3,2,1,83,36,47,53,20,33,0,0,0,1,0,1,5,4,1,24,12,12,1,0,1
55195302,68,37,31,65,36,29,3,1,2,6,2,4,1,0,1,3,1,2,115,49,66,80,25,55,0,0,0,1,1,0,8,5,3,26,18,8,1,0,1
55195303,45,27,18,45,27,18,1,0,1,8,4,4,0,0,0,0,0,0,41,19,22,21,8,13,0,0,0,2,0,2,5,2,3,13,9,4,0,0,0
55195304,127,67,60,125,66,59,2,0,2,12,5,7,0,0,0,2,1,1,105,50,55,41,22,19,0,0,0,10,0,10,21,10,11,33,18,15,0,0,0
55195305,21,14,7,21,14,7,0,0,0,1,1,0,0,0,0,0,0,0,20,9,11,12,6,6,0,0,0,0,0,0,4,2,2,4,1,3,0,0,0
55195306,162,87,75,152,81,71,5,0,5,22,12,10,3,0,3,10,6,4,138,58,80,64,22,42,0,0,0,4,0,4,23,12,11,47,24,23,0,0,0
55195307,16,10,6,15,10,5,0,0,0,2,2,0,1,0,1,1,0,1,12,3,9,6,1,5,0,0,0,0,0,0,3,1,2,3,1,2,0,0,0
55195308,390,218,172,366,202,164,16,9,7,24,12,12,1,0,1,24,16,8,207,102,105,83,36,47,0,0,0,7,0,7,42,26,16,75,40,35,30,19,11
55195309,51,31,20,48,31,17,1,1,0,5,3,2,1,0,1,3,0,3,34,15,19,8,3,5,0,0,0,2,0,2,8,2,6,16,10,6,2,1,1
55195311,214,127,87,209,123,86,6,3,3,31,18,13,1,0,1,5,4,1,196,81,115,107,40,67,0,0,0,6,0,6,26,11,15,57,30,27,1,0,1
55195312,210,117,93,202,116,86,5,2,3,30,13,17,1,0,1,8,1,7,230,74,156,158,44,114,0,0,0,4,0,4,27,12,15,41,18,23,2,1,1
55195313,47,33,14,47,33,14,0,0,0,1,1,0,0,0,0,0,0,0,13,7,6,7,4,3,0,0,0,0,0,0,1,1,0,5,2,3,1,0,1
55195314,65,40,25,63,39,24,10,7,3,10,6,4,0,0,0,2,1,1,37,19,18,22,10,12,0,0,0,2,0,2,3,2,1,10,7,3,0,0,0
55195315,661,353,308,646,347,299,29,13,16,91,38,53,3,0,3,15,6,9,580,258,322,312,138,174,4,2,2,19,0,19,73,34,39,172,84,88,4,2,2
55195316,389,206,183,379,201,178,12,6,6,49,22,27,1,0,1,10,5,5,301,140,161,127,60,67,0,0,0,8,0,8,54,30,24,112,50,62,1,1,0
55195317,642,342,300,621,336,285,24,9,15,73,32,41,5,0,5,21,6,15,508,231,277,222,89,133,0,0,0,27,0,27,105,54,51,154,88,66,21,11,10
55195318,284,166,118,276,163,113,18,12,6,29,14,15,2,0,2,8,3,5,239,106,133,105,48,57,0,0,0,23,0,23,51,26,25,60,32,28,3,1,2
55195319,220,123,97,216,122,94,6,4,2,15,10,5,1,0,1,4,1,3,198,83,115,81,30,51,1,1,0,6,0,6,23,11,12,87,41,46,1,0,1
55196103,56,27,29,55,26,29,3,1,2,7,3,4,0,0,0,1,1,0,71,33,38,49,23,26,0,0,0,0,0,0,6,3,3,16,7,9,1,0,1
55196105,194,112,82,184,108,76,9,4,5,20,11,9,0,0,0,10,4,6,212,98,114,96,49,47,0,0,0,14,0,14,37,16,21,65,33,32,4,2,2
55197001,41,23,18,39,21,18,3,1,2,7,3,4,0,0,0,2,2,0,44,20,24,29,11,18,0,0,0,0,0,0,4,2,2,11,7,4,1,1,0
55197003,19,10,9,19,10,9,0,0,0,1,1,0,0,0,0,0,0,0,26,10,16,9,4,5,0,0,0,1,0,1,3,1,2,13,5,8,1,0,1
55197004,1315,709,606,1267,688,579,43,20,23,177,81,96,8,1,7,48,21,27,1446,617,829,740,291,449,2,2,0,59,0,59,218,106,112,427,218,209,28,21,7
55197005,43,24,19,40,21,19,3,0,3,2,1,1,0,0,0,3,3,0,41,20,21,21,10,11,0,0,0,3,0,3,9,6,3,8,4,4,1,0,1
55198801,159,87,72,153,83,70,5,3,2,12,5,7,0,0,0,6,4,2,162,67,95,66,22,44,2,1,1,13,0,13,26,15,11,55,29,26,1,1,0
56017101,26,16,10,25,16,9,0,0,0,3,2,1,0,0,0,1,0,1,23,14,9,7,5,2,1,1,0,0,0,0,5,3,2,10,5,5,0,0,0
56019701,31,17,14,29,15,14,0,0,0,6,4,2,0,0,0,2,2,0,20,8,12,11,5,6,0,0,0,1,0,1,2,0,2,6,3,3,0,0,0
56020101,26,15,11,26,15,11,1,0,1,3,1,2,1,0,1,0,0,0,31,18,13,18,9,9,0,0,0,1,0,1,10,8,2,2,1,1,3,0,3
56020103,14,9,5,12,7,5,0,0,0,3,3,0,0,0,0,2,2,0,22,10,12,16,7,9,0,0,0,1,0,1,3,1,2,2,2,0,1,0,1
56021901,99,54,45,94,51,43,4,1,3,8,2,6,0,0,0,5,3,2,84,42,42,37,15,22,1,1,0,1,0,1,15,8,7,30,18,12,1,0,1
56024301,11,6,5,11,6,5,1,0,1,1,1,0,0,0,0,0,0,0,11,4,7,7,3,4,0,0,0,0,0,0,3,1,2,1,0,1,0,0,0
56024302,64,35,29,62,35,27,1,1,0,7,4,3,1,0,1,2,0,2,48,22,26,22,8,14,0,0,0,1,0,1,8,3,5,17,11,6,2,2,0
56027801,134,78,56,128,73,55,7,2,5,17,10,7,2,0,2,6,5,1,117,54,63,54,21,33,0,0,0,6,0,6,20,13,7,37,20,17,3,3,0
56039101,26,16,10,25,16,9,0,0,0,5,3,2,1,0,1,1,0,1,18,12,6,5,3,2,1,1,0,2,0,2,7,6,1,3,2,1,0,0,0
56040501,63,38,25,58,36,22,2,1,1,6,5,1,0,0,0,5,2,3,73,32,41,39,17,22,0,0,0,1,0,1,5,2,3,28,13,15,2,1,1
56169001,21,13,8,21,13,8,1,0,1,4,2,2,0,0,0,0,0,0,24,11,13,4,1,3,0,0,0,1,0,1,9,5,4,10,5,5,0,0,0
56395101,40,24,16,39,24,15,5,2,3,4,3,1,0,0,0,1,0,1,23,10,13,14,5,9,0,0,0,1,1,0,0,0,0,8,4,4,1,1,0
59888702,50,32,18,47,31,16,0,0,0,5,3,2,0,0,0,3,1,2,32,13,19,16,6,10,0,0,0,2,0,2,9,3,6,5,4,1,0,0,0
59889501,155,92,63,153,91,62,5,4,1,12,6,6,1,0,1,2,1,1,128,61,67,63,27,36,0,0,0,6,0,6,19,12,7,40,22,18,0,0,0
59889502,25,16,9,24,15,9,0,0,0,2,2,0,1,0,1,1,1,0,25,14,11,7,2,5,0,0,0,1,0,1,9,6,3,8,6,2,1,1,0
59889503,10,7,3,10,7,3,0,0,0,1,1,0,0,0,0,0,0,0,9,4,5,2,1,1,0,0,0,2,0,2,3,3,0,2,0,2,1,0,1
59890901,37,22,15,35,22,13,1,1,0,2,1,1,0,0,0,2,0,2,33,15,18,19,7,12,1,1,0,0,0,0,4,1,3,9,6,3,0,0,0
59895001,59,30,29,57,28,29,2,1,1,6,4,2,1,0,1,2,2,0,45,17,28,19,6,13,0,0,0,2,0,2,8,5,3,16,6,10,0,0,0
53004201,24,14,10,24,14,10,0,0,0,4,2,2,0,0,0,0,0,0,48,18,30,29,11,18,0,0,0,2,0,2,7,3,4,10,4,6,0,0,0
1010522,0,0,0,0,0,0,0,0,0,0,0,0,0,0,0,0,0,0,0,0,0,0,0,0,0,0,0,0,0,0,0,0,0,0,0,0,0,0,0
3204800,0,0,0,0,0,0,0,0,0,0,0,0,0,0,0,0,0,0,0,0,0,0,0,0,0,0,0,0,0,0,0,0,0,0,0,0,0,0,0
54963101,17,13,4,16,12,4,0,0,0,2,0,2,0,0,0,1,1,0,19,5,14,8,1,7,0,0,0,2,0,2,4,2,2,5,2,3,0,0,0
54963105,21,13,8,21,13,8,1,1,0,1,0,1,0,0,0,0,0,0,23,11,12,8,3,5,0,0,0,1,0,1,5,1,4,9,7,2,1,1,0
54963106,214,123,91,206,120,86,4,1,3,22,13,9,1,0,1,8,3,5,178,74,104,82,30,52,0,0,0,8,0,8,27,12,15,61,32,29,4,3,1
54963107,29,17,12,29,17,12,3,2,1,5,3,2,0,0,0,0,0,0,22,7,15,16,5,11,0,0,0,0,0,0,2,1,1,4,1,3,1,1,0
54963108,14,9,5,13,8,5,0,0,0,4,3,1,1,0,1,1,1,0,13,4,9,6,2,4,0,0,0,2,0,2,4,2,2,1,0,1,0,0,0
54963109,16,8,8,16,8,8,0,0,0,1,0,1,0,0,0,0,0,0,16,6,10,11,5,6,0,0,0,0,0,0,0,0,0,5,1,4,0,0,0
54963110,11,7,4,11,7,4,2,1,1,1,1,0,0,0,0,0,0,0,16,9,7,9,4,5,0,0,0,1,0,1,3,2,1,3,3,0,0,0,0
54963111,12,7,5,12,7,5,0,0,0,1,1,0,0,0,0,0,0,0,16,8,8,4,2,2,1,1,0,0,0,0,3,0,3,8,5,3,0,0,0
54963114,12,5,7,12,5,7,1,1,0,1,0,1,0,0,0,0,0,0,23,10,13,13,6,7,1,1,0,0,0,0,3,1,2,6,2,4,1,0,1
55160101,138,77,61,131,75,56,5,2,3,15,9,6,2,0,2,7,2,5,126,52,74,54,19,35,0,0,0,8,0,8,29,15,14,35,18,17,1,0,1
3085950,0,0,0,0,0,0,0,0,0,0,0,0,0,0,0,0,0,0,0,0,0,0,0,0,0,0,0,0,0,0,0,0,0,0,0,0,0,0,0
3086332,0,0,0,0,0,0,0,0,0,0,0,0,0,0,0,0,0,0,0,0,0,0,0,0,0,0,0,0,0,0,0,0,0,0,0,0,0,0,0
3212650,0,0,0,0,0,0,0,0,0,0,0,0,0,0,0,0,0,0,0,0,0,0,0,0,0,0,0,0,0,0,0,0,0,0,0,0,0,0,0
55204602,739,403,336,719,392,327,28,13,15,76,39,37,6,0,6,20,11,9,608,257,351,254,98,156,1,1,0,34,0,34,114,55,59,205,103,102,8,3,5
55204603,94,53,41,93,53,40,5,3,2,9,6,3,1,0,1,1,0,1,86,35,51,38,14,24,0,0,0,4,0,4,11,7,4,33,14,19,0,0,0
55204604,324,180,144,315,177,138,13,9,4,27,17,10,1,0,1,9,3,6,323,157,166,125,55,70,1,0,1,12,0,12,54,30,24,131,72,59,4,1,3
55204605,15,9,6,15,9,6,2,0,2,1,1,0,1,0,1,0,0,0,14,4,10,4,3,1,0,0,0,0,0,0,4,0,4,6,1,5,0,0,0
55204606,120,71,49,116,67,49,5,2,3,11,8,3,0,0,0,4,4,0,88,41,47,37,14,23,0,0,0,4,0,4,14,6,8,33,21,12,0,0,0
55204607,208,116,92,202,115,87,16,11,5,21,15,6,2,0,2,6,1,5,185,97,88,77,36,41,0,0,0,8,0,8,34,23,11,66,38,28,0,0,0
55204608,22,12,10,21,11,10,1,1,0,1,0,1,0,0,0,1,1,0,9,6,3,1,0,1,0,0,0,0,0,0,1,0,1,7,6,1,1,1,0
55204609,447,241,206,431,232,199,16,11,5,84,39,45,2,0,2,16,9,7,462,214,248,248,113,135,4,1,3,19,0,19,62,32,30,129,68,61,3,2,1
55204610,84,50,34,82,49,33,1,1,0,8,6,2,3,0,3,2,1,1,64,27,37,32,13,19,0,0,0,1,0,1,11,5,6,20,9,11,0,0,0
55204612,22,11,11,21,11,10,0,0,0,3,1,2,0,0,0,1,0,1,15,8,7,5,2,3,0,0,0,0,0,0,2,2,0,8,4,4,0,0,0
55204613,26,15,11,26,15,11,0,0,0,2,1,1,0,0,0,0,0,0,23,5,18,9,2,7,0,0,0,2,0,2,8,1,7,4,2,2,0,0,0
55204614,16,8,8,15,8,7,0,0,0,3,2,1,1,0,1,1,0,1,12,4,8,2,0,2,0,0,0,1,0,1,1,1,0,8,3,5,0,0,0
55204615,924,490,434,899,483,416,33,17,16,98,49,49,4,0,4,25,7,18,797,364,433,345,142,203,1,0,1,35,0,35,138,75,63,278,147,131,10,6,4
55204617,27,15,12,27,15,12,2,0,2,1,1,0,0,0,0,0,0,0,31,12,19,13,6,7,0,0,0,1,0,1,5,2,3,12,4,8,0,0,0
55204618,104,54,50,103,54,49,1,0,1,6,2,4,1,0,1,1,0,1,85,40,45,34,12,22,0,0,0,6,0,6,20,11,9,25,17,8,0,0,0
55204620,182,95,87,175,92,83,9,1,8,26,16,10,0,0,0,7,3,4,158,70,88,71,25,46,0,0,0,7,0,7,31,17,14,49,28,21,0,0,0
55204621,179,103,76,173,99,74,8,6,2,16,10,6,0,0,0,6,4,2,168,77,91,86,36,50,0,0,0,9,0,9,24,16,8,49,25,24,1,1,0
55204622,2065,1076,989,1939,1012,927,101,42,59,178,82,96,19,1,18,126,64,62,1517,624,893,647,229,418,4,2,2,68,0,68,307,159,148,491,234,257,43,23,20
55204623,718,392,326,695,381,314,36,16,20,77,45,32,6,0,6,23,11,12,598,265,333,299,125,174,2,1,1,32,0,32,97,52,45,168,87,81,19,8,11
55204624,938,506,432,890,485,405,46,28,18,103,54,49,5,0,5,48,21,27,863,344,519,466,183,283,3,3,0,34,0,34,136,50,86,224,108,116,24,13,11
55204625,1046,542,504,998,521,477,41,22,19,96,42,54,13,0,13,48,21,27,1069,462,607,604,237,367,0,0,0,44,0,44,169,92,77,252,133,119,19,7,12
55204626,1677,852,825,1610,823,787,66,29,37,185,94,91,14,0,14,67,29,38,1693,703,990,1012,387,625,5,4,1,63,0,63,222,111,111,391,201,190,38,24,14
55204627,1116,659,457,1035,612,423,68,30,38,99,55,44,7,1,6,81,47,34,691,319,372,223,104,119,5,3,2,35,0,35,169,85,84,259,127,132,110,83,27
55204628,3804,1955,1849,3600,1849,1751,144,71,73,449,222,227,27,0,27,204,106,98,3251,1352,1899,1642,657,985,9,7,2,159,1,158,513,238,275,928,449,479,62,37,25
55204629,45,21,24,43,19,24,4,1,3,1,0,1,1,0,1,2,2,0,20,11,9,6,3,3,0,0,0,0,0,0,4,3,1,10,5,5,0,0,0
55204630,36,16,20,32,14,18,1,0,1,1,0,1,2,0,2,4,2,2,28,18,10,8,6,2,1,1,0,1,0,1,5,3,2,13,8,5,0,0,0
55204631,310,178,132,283,158,125,6,1,5,18,11,7,0,0,0,27,20,7,170,75,95,97,42,55,0,0,0,5,0,5,20,6,14,48,27,21,25,20,5
55204632,1003,537,466,967,518,449,38,17,21,100,45,55,11,0,11,36,19,17,911,403,508,516,207,309,1,1,0,30,0,30,122,70,52,242,125,117,11,8,3
55204633,25,14,11,23,12,11,0,0,0,1,1,0,0,0,0,2,2,0,141,28,113,133,24,109,0,0,0,0,0,0,0,0,0,8,4,4,0,0,0
55204634,227,130,97,218,127,91,12,6,6,29,19,10,1,0,1,9,3,6,177,73,104,89,37,52,0,0,0,6,0,6,25,10,15,57,26,31,4,2,2
55204635,532,275,257,501,259,242,20,7,13,56,33,23,9,0,9,31,16,15,591,229,362,354,120,234,0,0,0,17,0,17,75,33,42,145,76,69,8,3,5
55204636,327,172,155,317,167,150,12,5,7,37,22,15,6,0,6,10,5,5,289,118,171,126,47,79,0,0,0,12,0,12,51,18,33,100,53,47,0,0,0
55204637,243,130,113,236,128,108,8,6,2,12,7,5,0,0,0,7,2,5,187,83,104,57,24,33,0,0,0,8,1,7,29,11,18,93,47,46,1,0,1
3085610,0,0,0,0,0,0,0,0,0,0,0,0,0,0,0,0,0,0,0,0,0,0,0,0,0,0,0,0,0,0,0,0,0,0,0,0,0,0,0
55205401,45,24,21,42,23,19,0,0,0,3,2,1,0,0,0,3,1,2,32,12,20,13,4,9,0,0,0,1,0,1,7,3,4,11,5,6,0,0,0
55205402,62,34,28,59,32,27,1,0,1,8,5,3,1,0,1,3,2,1,61,28,33,40,16,24,0,0,0,1,0,1,6,4,2,14,8,6,0,0,0
55205403,31,20,11,27,19,8,0,0,0,2,1,1,0,0,0,4,1,3,29,10,19,7,2,5,0,0,0,3,0,3,10,3,7,9,5,4,0,0,0
55205404,274,161,113,257,146,111,9,4,5,42,26,16,1,0,1,17,15,2,193,86,107,83,33,50,0,0,0,11,0,11,39,18,21,60,35,25,30,24,6
55205405,51,32,19,50,31,19,2,1,1,5,1,4,0,0,0,1,1,0,39,20,19,24,12,12,0,0,0,0,0,0,4,3,1,11,5,6,0,0,0
55205406,1320,721,599,1268,697,571,51,25,26,163,84,79,5,0,5,52,24,28,1276,549,727,682,261,421,2,2,0,54,0,54,183,92,91,355,194,161,19,6,13
55205408,698,367,331,657,348,309,27,11,16,73,35,38,2,0,2,41,19,22,682,289,393,399,151,248,0,0,0,24,0,24,84,45,39,175,93,82,5,2,3
55205409,15,8,7,14,8,6,0,0,0,2,1,1,0,0,0,1,0,1,8,5,3,3,3,0,0,0,0,1,0,1,1,1,0,3,1,2,0,0,0
55209701,120,69,51,119,68,51,4,3,1,17,12,5,1,0,1,1,1,0,106,44,62,58,22,36,0,0,0,3,0,3,18,7,11,27,15,12,3,1,2
55210101,254,139,115,236,132,104,14,6,8,27,14,13,0,0,0,18,7,11,280,127,153,100,45,55,0,0,0,15,0,15,55,33,22,110,49,61,1,0,1
55210103,18,11,7,18,11,7,0,0,0,2,2,0,0,0,0,0,0,0,10,6,4,7,4,3,0,0,0,0,0,0,1,1,0,2,1,1,0,0,0
55210104,15,6,9,15,6,9,1,1,0,3,2,1,0,0,0,0,0,0,10,5,5,10,5,5,0,0,0,0,0,0,0,0,0,0,0,0,1,1,0
55210107,15,10,5,14,9,5,0,0,0,2,1,1,0,0,0,1,1,0,22,10,12,9,5,4,0,0,0,2,0,2,2,1,1,9,4,5,1,1,0
55210108,17,11,6,15,10,5,1,1,0,2,1,1,0,0,0,2,1,1,11,6,5,6,4,2,0,0,0,1,0,1,4,2,2,0,0,0,0,0,0
55210109,18,11,7,18,11,7,1,1,0,1,0,1,0,0,0,0,0,0,20,10,10,5,3,2,1,0,1,2,0,2,7,3,4,5,4,1,0,0,0
55212701,23,15,8,21,14,7,0,0,0,6,4,2,1,0,1,2,1,1,17,8,9,15,6,9,0,0,0,0,0,0,1,1,0,1,1,0,2,1,1
55213501,115,65,50,115,65,50,3,2,1,11,7,4,4,0,4,0,0,0,86,35,51,31,14,17,0,0,0,8,0,8,24,9,15,23,12,11,3,3,0
55213502,14,7,7,14,7,7,0,0,0,0,0,0,0,0,0,0,0,0,8,5,3,3,2,1,0,0,0,1,0,1,2,1,1,2,2,0,0,0,0
55214301,138,81,57,129,77,52,7,5,2,12,6,6,0,0,0,9,4,5,156,55,101,95,31,64,1,0,1,5,0,5,18,8,10,37,16,21,3,2,1
55214302,25,16,9,25,16,9,0,0,0,4,2,2,0,0,0,0,0,0,30,14,16,22,10,12,0,0,0,2,0,2,4,3,1,2,1,1,1,1,0
55214303,17,11,6,15,10,5,0,0,0,1,1,0,0,0,0,2,1,1,22,13,9,14,7,7,0,0,0,0,0,0,1,1,0,7,5,2,0,0,0
55220801,108,63,45,98,60,38,1,1,0,5,3,2,1,0,1,10,3,7,101,42,59,55,21,34,0,0,0,5,0,5,15,7,8,26,14,12,1,1,0
55220802,11,6,5,11,6,5,1,1,0,2,0,2,0,0,0,0,0,0,14,8,6,11,6,5,0,0,0,1,0,1,1,1,0,1,1,0,0,0,0
55220803,13,5,8,13,5,8,1,0,1,2,1,1,0,0,0,0,0,0,15,11,4,9,6,3,0,0,0,1,0,1,2,2,0,3,3,0,0,0,0
55220804,13,7,6,13,7,6,0,0,0,1,0,1,1,0,1,0,0,0,11,3,8,5,2,3,0,0,0,0,0,0,2,0,2,4,1,3,0,0,0
55220805,42,26,16,40,25,15,1,0,1,2,2,0,0,0,0,2,1,1,56,25,31,28,12,16,0,0,0,5,0,5,11,7,4,12,6,6,1,0,1
55222402,48,34,14,46,32,14,1,1,0,7,4,3,0,0,0,2,2,0,57,21,36,42,18,24,1,1,0,1,0,1,4,0,4,9,2,7,0,0,0
55224101,62,34,28,53,31,22,0,0,0,8,4,4,0,0,0,9,3,6,52,25,27,30,13,17,0,0,0,1,0,1,3,2,1,18,10,8,4,4,0
55224102,35,20,15,33,19,14,3,1,2,1,0,1,0,0,0,2,1,1,38,17,21,24,10,14,0,0,0,3,0,3,4,3,1,7,4,3,0,0,0
55224103,28,19,9,28,19,9,0,0,0,1,1,0,0,0,0,0,0,0,27,14,13,14,5,9,0,0,0,2,1,1,4,2,2,7,6,1,0,0,0
55224104,14,9,5,14,9,5,1,1,0,2,2,0,0,0,0,0,0,0,16,7,9,10,3,7,1,1,0,1,0,1,2,1,1,2,2,0,0,0,0
55224105,46,30,16,44,29,15,2,2,0,3,2,1,0,0,0,2,1,1,36,17,19,23,10,13,0,0,0,1,0,1,5,5,0,7,2,5,0,0,0
55224106,57,36,21,55,34,21,3,3,0,8,5,3,1,0,1,2,2,0,46,19,27,18,6,12,0,0,0,2,0,2,9,2,7,17,11,6,0,0,0
55224108,32,18,14,30,18,12,4,2,2,3,2,1,0,0,0,2,0,2,35,14,21,23,10,13,0,0,0,2,0,2,7,3,4,3,1,2,1,0,1
55224111,77,45,32,73,43,30,2,1,1,13,7,6,0,0,0,4,2,2,106,48,58,61,26,35,0,0,0,4,0,4,13,5,8,28,17,11,3,0,3
55224112,11,5,6,11,5,6,1,0,1,1,1,0,0,0,0,0,0,0,12,6,6,6,5,1,0,0,0,0,0,0,0,0,0,6,1,5,0,0,0
55224113,32,15,17,31,14,17,1,1,0,1,0,1,0,0,0,1,1,0,31,14,17,14,5,9,0,0,0,1,0,1,4,2,2,12,7,5,0,0,0
55227501,99,58,41,96,57,39,6,5,1,8,4,4,1,0,1,3,1,2,116,58,58,76,39,37,1,1,0,4,0,4,15,8,7,20,10,10,2,2,0
55228301,461,253,208,449,248,201,28,20,8,45,25,20,3,0,3,12,5,7,361,152,209,151,64,87,1,0,1,16,0,16,48,15,33,145,73,72,4,4,0
55229101,87,51,36,85,50,35,6,3,3,5,2,3,0,0,0,2,1,1,72,30,42,17,7,10,0,0,0,3,0,3,16,8,8,36,15,21,0,0,0
55232101,31,17,14,30,17,13,2,1,1,2,1,1,0,0,0,1,0,1,19,8,11,7,4,3,0,0,0,1,0,1,4,2,2,7,2,5,0,0,0
55232102,146,81,65,140,78,62,10,5,5,18,13,5,1,0,1,6,3,3,139,58,81,62,25,37,0,0,0,7,0,7,34,17,17,36,16,20,2,1,1
55232103,30,17,13,30,17,13,1,0,1,4,1,3,1,0,1,0,0,0,38,20,18,21,12,9,0,0,0,1,0,1,7,3,4,9,5,4,0,0,0
55245301,74,41,33,71,39,32,6,5,1,8,7,1,2,0,2,3,2,1,49,25,24,22,10,12,1,1,0,3,0,3,12,7,5,11,7,4,0,0,0
55246101,265,152,113,254,149,105,19,9,10,31,18,13,1,0,1,11,3,8,286,129,157,117,52,65,1,1,0,14,0,14,53,24,29,101,52,49,3,1,2
55246102,431,242,189,412,228,184,20,10,10,54,29,25,4,0,4,19,14,5,397,182,215,183,83,100,1,1,0,20,0,20,60,30,30,133,68,65,5,4,1
55246104,35,19,16,34,19,15,1,1,0,2,0,2,0,0,0,1,0,1,34,14,20,15,7,8,0,0,0,2,0,2,4,1,3,13,6,7,0,0,0
55246107,30,18,12,28,17,11,0,0,0,2,1,1,0,0,0,2,1,1,25,11,14,12,5,7,0,0,0,2,0,2,4,3,1,7,3,4,0,0,0
55246108,14,6,8,14,6,8,2,1,1,3,2,1,0,0,0,0,0,0,10,4,6,9,3,6,0,0,0,0,0,0,0,0,0,1,1,0,0,0,0
55246109,20,11,9,19,11,8,1,1,0,3,2,1,0,0,0,1,0,1,15,7,8,7,3,4,0,0,0,0,0,0,3,1,2,5,3,2,0,0,0
55246110,25,15,10,23,14,9,0,0,0,3,1,2,0,0,0,2,1,1,18,8,10,11,5,6,0,0,0,2,0,2,4,2,2,1,1,0,0,0,0
55246111,69,38,31,65,37,28,2,0,2,5,2,3,0,0,0,4,1,3,42,18,24,15,6,9,0,0,0,0,0,0,5,4,1,22,8,14,1,0,1
55246112,47,27,20,46,26,20,3,1,2,8,5,3,0,0,0,1,1,0,29,14,15,14,6,8,0,0,0,2,0,2,6,4,2,7,4,3,0,0,0
55247001,191,116,75,188,114,74,5,0,5,19,13,6,0,0,0,3,2,1,171,74,97,82,27,55,0,0,0,9,0,9,20,16,4,60,31,29,2,0,2
55247004,62,37,25,60,37,23,2,2,0,4,2,2,1,0,1,2,0,2,58,19,39,34,12,22,0,0,0,2,0,2,5,0,5,17,7,10,0,0,0
55249601,82,46,36,80,44,36,4,3,1,3,3,0,1,0,1,2,2,0,60,30,30,32,15,17,0,0,0,2,0,2,10,6,4,16,9,7,1,0,1
55249602,995,528,467,965,516,449,43,20,23,100,55,45,4,0,4,30,12,18,947,393,554,434,171,263,2,1,1,49,0,49,154,70,84,308,151,157,7,4,3
55249604,62,29,33,59,27,32,3,2,1,8,2,6,2,0,2,3,2,1,57,30,27,17,8,9,0,0,0,5,0,5,9,7,2,26,15,11,0,0,0
55249605,79,53,26,77,51,26,3,2,1,8,7,1,0,0,0,2,2,0,95,41,54,47,16,31,1,1,0,6,0,6,12,5,7,29,19,10,0,0,0
55249606,35,19,16,34,18,16,0,0,0,2,1,1,0,0,0,1,1,0,35,18,17,12,5,7,0,0,0,2,0,2,6,5,1,15,8,7,0,0,0
0611742,0,0,0,0,0,0,0,0,0,0,0,0,0,0,0,0,0,0,0,0,0,0,0,0,0,0,0,0,0,0,0,0,0,0,0,0,0,0,0
55253401,75,39,36,69,36,33,0,0,0,7,4,3,0,0,0,6,3,3,82,38,44,33,13,20,2,1,1,4,0,4,12,7,5,31,17,14,3,1,2
55253402,22,12,10,18,10,8,1,0,1,1,0,1,0,0,0,4,2,2,22,8,14,13,6,7,0,0,0,2,0,2,4,2,2,3,0,3,0,0,0
55253403,23,13,10,21,13,8,1,0,1,3,3,0,1,0,1,2,0,2,25,9,16,13,5,8,0,0,0,1,0,1,4,1,3,7,3,4,0,0,0
55253405,21,13,8,20,13,7,1,1,0,1,0,1,0,0,0,1,0,1,26,13,13,14,6,8,0,0,0,1,0,1,2,2,0,9,5,4,0,0,0
55253408,30,22,8,30,22,8,3,2,1,6,5,1,0,0,0,0,0,0,17,6,11,7,2,5,0,0,0,2,0,2,6,4,2,2,0,2,0,0,0
55253409,29,17,12,28,17,11,3,0,3,2,2,0,0,0,0,1,0,1,27,11,16,18,6,12,0,0,0,1,0,1,6,3,3,2,2,0,0,0,0
55253412,504,291,213,480,282,198,20,9,11,49,30,19,2,0,2,24,9,15,439,184,255,202,77,125,1,0,1,21,0,21,68,34,34,147,73,74,9,8,1
55253417,17,11,6,17,11,6,0,0,0,2,2,0,0,0,0,0,0,0,22,8,14,7,2,5,0,0,0,4,0,4,8,3,5,3,3,0,0,0,0
55253418,40,21,19,39,21,18,1,0,1,4,3,1,0,0,0,1,0,1,35,15,20,19,8,11,0,0,0,2,0,2,7,5,2,7,2,5,0,0,0
55253419,58,35,23,57,34,23,5,3,2,5,3,2,2,0,2,1,1,0,41,20,21,22,8,14,0,0,0,0,0,0,7,6,1,12,6,6,0,0,0
55253420,64,39,25,60,37,23,2,1,1,6,4,2,0,0,0,4,2,2,75,29,46,37,11,26,0,0,0,3,0,3,5,3,2,30,15,15,0,0,0
55253421,12,5,7,12,5,7,1,0,1,4,2,2,0,0,0,0,0,0,10,6,4,5,3,2,0,0,0,0,0,0,1,1,0,4,2,2,0,0,0
55253422,56,34,22,52,32,20,0,0,0,6,3,3,1,0,1,4,2,2,62,24,38,38,14,24,0,0,0,1,0,1,6,1,5,17,9,8,1,1,0
55253424,16,13,3,15,12,3,0,0,0,2,2,0,0,0,0,1,1,0,19,5,14,9,2,7,0,0,0,2,0,2,4,2,2,4,1,3,0,0,0
55253425,13,9,4,13,9,4,1,0,1,0,0,0,0,0,0,0,0,0,17,8,9,10,6,4,0,0,0,1,0,1,2,0,2,4,2,2,0,0,0
55253426,17,12,5,13,8,5,0,0,0,1,1,0,0,0,0,4,4,0,27,12,15,7,2,5,0,0,0,2,0,2,10,5,5,8,5,3,3,1,2
55253427,8,4,4,7,4,3,0,0,0,1,0,1,0,0,0,1,0,1,21,9,12,12,5,7,0,0,0,2,0,2,5,3,2,2,1,1,0,0,0
55253428,12,6,6,12,6,6,2,1,1,1,0,1,0,0,0,0,0,0,17,9,8,8,4,4,0,0,0,0,0,0,4,3,1,5,2,3,0,0,0
55253429,11,6,5,11,6,5,0,0,0,1,1,0,0,0,0,0,0,0,11,6,5,6,4,2,0,0,0,1,0,1,3,2,1,1,0,1,0,0,0
0708152,0,0,0,0,0,0,0,0,0,0,0,0,0,0,0,0,0,0,0,0,0,0,0,0,0,0,0,0,0,0,0,0,0,0,0,0,0,0,0
55258502,32,19,13,31,19,12,0,0,0,3,1,2,1,0,1,1,0,1,38,17,21,19,9,10,0,0,0,1,0,1,9,4,5,9,4,5,0,0,0
55258504,323,184,139,311,177,134,9,4,5,27,13,14,2,0,2,12,7,5,353,162,191,168,75,93,0,0,0,17,0,17,52,30,22,116,57,59,6,2,4
55266601,138,81,57,132,77,55,2,2,0,15,7,8,2,0,2,6,4,2,97,43,54,38,17,21,0,0,0,6,0,6,20,8,12,33,18,15,1,0,1
55266602,47,26,21,47,26,21,0,0,0,6,4,2,0,0,0,0,0,0,57,23,34,32,14,18,0,0,0,3,0,3,11,5,6,11,4,7,0,0,0
55266603,47,26,21,43,24,19,3,2,1,2,2,0,0,0,0,4,2,2,36,12,24,18,7,11,0,0,0,2,0,2,6,3,3,10,2,8,0,0,0
55266604,28,13,15,27,13,14,1,1,0,1,1,0,1,0,1,1,0,1,14,8,6,9,6,3,0,0,0,1,0,1,4,2,2,0,0,0,0,0,0
55266605,568,311,257,548,302,246,15,5,10,72,40,32,3,0,3,20,9,11,501,214,287,219,83,136,1,1,0,25,0,25,92,43,49,164,87,77,12,8,4
55266606,8,6,2,8,6,2,0,0,0,1,1,0,0,0,0,0,0,0,21,11,10,13,5,8,0,0,0,1,0,1,4,3,1,3,3,0,0,0,0
55266607,12,8,4,10,6,4,0,0,0,1,1,0,1,0,1,2,2,0,11,6,5,3,2,1,0,0,0,1,0,1,6,3,3,1,1,0,0,0,0
55266608,54,30,24,53,30,23,3,1,2,6,2,4,0,0,0,1,0,1,45,20,25,26,11,15,0,0,0,2,0,2,5,2,3,12,7,5,1,1,0
55266609,75,37,38,74,37,37,3,2,1,5,4,1,1,0,1,1,0,1,45,13,32,25,7,18,0,0,0,1,0,1,9,1,8,10,5,5,0,0,0
0049872,0,0,0,0,0,0,0,0,0,0,0,0,0,0,0,0,0,0,0,0,0,0,0,0,0,0,0,0,0,0,0,0,0,0,0,0,0,0,0
0049952,0,0,0,0,0,0,0,0,0,0,0,0,0,0,0,0,0,0,0,0,0,0,0,0,0,0,0,0,0,0,0,0,0,0,0,0,0,0,0
55270402,28,17,11,27,16,11,2,1,1,2,0,2,0,0,0,1,1,0,31,11,20,15,6,9,0,0,0,4,0,4,7,3,4,5,2,3,0,0,0
55270403,10,7,3,10,7,3,0,0,0,0,0,0,0,0,0,0,0,0,25,11,14,11,5,6,0,0,0,3,0,3,3,2,1,8,4,4,0,0,0
55270406,19,10,9,19,10,9,1,0,1,2,0,2,0,0,0,0,0,0,35,17,18,24,11,13,0,0,0,2,0,2,4,4,0,5,2,3,0,0,0
55270408,1038,568,470,1002,549,453,34,14,20,90,49,41,10,0,10,36,19,17,1043,451,592,523,209,314,3,3,0,44,0,44,167,87,80,306,152,154,22,15,7
55270409,39,21,18,38,20,18,2,1,1,5,4,1,0,0,0,1,1,0,54,22,32,14,4,10,0,0,0,5,0,5,12,7,5,23,11,12,0,0,0
55270411,16,9,7,14,7,7,0,0,0,3,1,2,0,0,0,2,2,0,12,7,5,4,3,1,0,0,0,0,0,0,1,0,1,7,4,3,0,0,0
55270412,57,32,25,56,32,24,2,0,2,8,6,2,1,0,1,1,0,1,53,23,30,33,15,18,0,0,0,3,0,3,9,5,4,8,3,5,1,0,1
55270413,14,8,6,14,8,6,0,0,0,1,0,1,1,0,1,0,0,0,12,6,6,5,2,3,0,0,0,0,0,0,2,1,1,5,3,2,0,0,0
55270414,15,10,5,14,9,5,0,0,0,4,2,2,0,0,0,1,1,0,27,9,18,23,8,15,0,0,0,1,0,1,3,1,2,0,0,0,0,0,0
55270415,38,18,20,37,17,20,1,0,1,0,0,0,1,0,1,1,1,0,42,18,24,19,10,9,0,0,0,3,0,3,6,3,3,14,5,9,0,0,0
55271201,58,35,23,56,35,21,1,1,0,7,6,1,0,0,0,2,0,2,61,23,38,33,13,20,0,0,0,5,0,5,10,3,7,13,7,6,1,1,0
55272101,207,113,94,195,108,87,4,1,3,17,9,8,4,0,4,12,5,7,194,78,116,96,46,50,0,0,0,12,0,12,40,18,22,46,14,32,7,4,3
55274701,27,13,14,26,13,13,1,0,1,5,3,2,1,0,1,1,0,1,24,13,11,17,8,9,0,0,0,0,0,0,1,0,1,6,5,1,1,1,0
55274702,38,21,17,37,21,16,4,0,4,2,1,1,0,0,0,1,0,1,40,21,19,11,7,4,0,0,0,3,0,3,9,4,5,17,10,7,0,0,0
55274704,58,31,27,49,27,22,3,2,1,7,5,2,1,0,1,9,4,5,49,26,23,24,10,14,0,0,0,2,0,2,8,6,2,15,10,5,1,1,0
55274705,24,15,9,23,15,8,0,0,0,0,0,0,0,0,0,1,0,1,18,5,13,6,1,5,0,0,0,0,0,0,1,1,0,11,3,8,2,2,0
55276301,155,91,64,154,90,64,7,3,4,8,8,0,2,0,2,1,1,0,165,73,92,68,29,39,0,0,0,9,0,9,39,22,17,49,22,27,2,1,1
55279801,15,9,6,15,9,6,0,0,0,1,0,1,0,0,0,0,0,0,13,5,8,5,1,4,0,0,0,0,0,0,2,1,1,6,3,3,2,1,1
55279802,96,56,40,94,54,40,2,1,1,12,8,4,0,0,0,2,2,0,104,48,56,48,20,28,1,1,0,6,0,6,15,9,6,34,18,16,1,1,0
55280101,466,268,198,455,261,194,27,9,18,53,29,24,1,0,1,11,7,4,380,165,215,186,76,110,1,1,0,18,0,18,55,23,32,120,65,55,5,4,1
55280103,59,34,25,57,33,24,1,1,0,4,1,3,2,0,2,2,1,1,52,19,33,24,9,15,0,0,0,2,0,2,12,5,7,14,5,9,0,0,0
55280104,34,20,14,33,20,13,2,1,1,5,1,4,0,0,0,1,0,1,38,15,23,21,9,12,0,0,0,0,0,0,4,2,2,13,4,9,0,0,0
55280105,14,9,5,14,9,5,1,1,0,0,0,0,0,0,0,0,0,0,6,2,4,4,1,3,0,0,0,0,0,0,0,0,0,2,1,1,0,0,0
55280106,27,16,11,26,16,10,1,1,0,3,1,2,0,0,0,1,0,1,35,14,21,19,7,12,0,0,0,1,0,1,4,1,3,11,6,5,0,0,0
55280107,40,25,15,37,24,13,3,2,1,1,0,1,0,0,0,3,1,2,41,21,20,31,15,16,0,0,0,1,0,1,3,2,1,6,4,2,0,0,0
55280108,60,33,27,57,32,25,1,0,1,4,4,0,1,0,1,3,1,2,59,26,33,31,13,18,0,0,0,3,0,3,6,2,4,19,11,8,0,0,0
55282801,50,25,25,47,23,24,3,0,3,3,0,3,0,0,0,3,2,1,61,30,31,24,11,13,1,1,0,2,0,2,10,4,6,24,14,10,2,2,0
55282802,36,21,15,34,19,15,1,1,0,1,1,0,1,0,1,2,2,0,20,9,11,14,7,7,0,0,0,1,0,1,3,2,1,2,0,2,0,0,0
55282804,1627,880,747,1574,855,719,73,32,41,133,74,59,13,0,13,53,25,28,1348,578,770,658,255,403,3,2,1,53,1,52,212,109,103,422,211,211,37,18,19
55282805,579,305,274,564,300,264,27,11,16,43,24,19,6,0,6,15,5,10,439,178,261,135,57,78,0,0,0,24,0,24,98,44,54,182,77,105,6,3,3
55282806,20,13,7,19,12,7,0,0,0,2,1,1,0,0,0,1,1,0,9,4,5,2,1,1,0,0,0,0,0,0,4,3,1,3,0,3,0,0,0
55285201,43,27,16,43,27,16,2,2,0,1,1,0,1,0,1,0,0,0,27,13,14,15,7,8,0,0,0,0,0,0,4,3,1,8,3,5,1,1,0
55286103,46,26,20,46,26,20,1,0,1,9,4,5,2,0,2,0,0,0,40,21,19,24,11,13,1,1,0,2,0,2,7,5,2,6,4,2,2,2,0
55289501,28,17,11,28,17,11,1,1,0,4,2,2,0,0,0,0,0,0,18,10,8,6,3,3,0,0,0,0,0,0,4,2,2,8,5,3,0,0,0
55289502,42,26,16,41,26,15,3,0,3,3,3,0,2,0,2,1,0,1,33,7,26,12,2,10,0,0,0,1,0,1,5,2,3,15,3,12,1,0,1
55289503,61,37,24,59,37,22,1,0,1,3,3,0,0,0,0,2,0,2,59,28,31,22,9,13,0,0,0,5,0,5,14,12,2,18,7,11,1,0,1
55289504,32,18,14,30,18,12,0,0,0,2,0,2,1,0,1,2,0,2,44,21,23,22,11,11,0,0,0,5,0,5,8,5,3,9,5,4,0,0,0
55291701,17,8,9,16,8,8,1,0,1,0,0,0,0,0,0,1,0,1,7,5,2,3,2,1,0,0,0,0,0,0,1,0,1,3,3,0,0,0,0
55291702,46,25,21,45,25,20,1,0,1,3,2,1,0,0,0,1,0,1,35,12,23,22,7,15,0,0,0,1,0,1,2,1,1,10,4,6,1,1,0
55291703,25,13,12,23,12,11,1,0,1,2,1,1,0,0,0,2,1,1,26,9,17,8,3,5,0,0,0,2,0,2,7,2,5,9,4,5,1,1,0
55291704,14,8,6,12,7,5,0,0,0,1,0,1,1,0,1,2,1,1,15,8,7,9,4,5,0,0,0,0,0,0,2,1,1,4,3,1,0,0,0
55291705,115,68,47,105,63,42,6,4,2,9,8,1,0,0,0,10,5,5,146,60,86,50,23,27,0,0,0,5,0,5,19,8,11,72,29,43,1,1,0
55291706,15,11,4,15,11,4,1,0,1,0,0,0,0,0,0,0,0,0,15,4,11,12,3,9,0,0,0,1,0,1,2,1,1,0,0,0,0,0,0
55291707,26,17,9,25,16,9,0,0,0,2,2,0,1,0,1,1,1,0,25,9,16,5,1,4,0,0,0,3,0,3,8,4,4,9,4,5,0,0,0
55292501,102,59,43,100,59,41,2,2,0,12,7,5,1,0,1,2,0,2,108,55,53,58,28,30,0,0,0,7,0,7,18,12,6,25,15,10,0,0,0
55293301,203,105,98,198,103,95,11,2,9,19,10,9,1,0,1,5,2,3,164,83,81,86,43,43,0,0,0,4,0,4,23,13,10,51,27,24,2,2,0
55294101,14,6,8,12,6,6,0,0,0,1,0,1,0,0,0,2,0,2,16,9,7,7,3,4,0,0,0,0,0,0,1,1,0,8,5,3,0,0,0
55294102,66,38,28,63,35,28,3,1,2,8,5,3,0,0,0,3,3,0,77,40,37,45,22,23,0,0,0,1,0,1,7,5,2,24,13,11,1,0,1
55297602,92,56,36,91,55,36,2,0,2,11,6,5,1,0,1,1,1,0,83,26,57,36,14,22,0,0,0,10,0,10,20,5,15,17,7,10,2,2,0
55299201,35,21,14,34,20,14,1,0,1,2,2,0,0,0,0,1,1,0,41,19,22,28,12,16,2,1,1,0,0,0,7,4,3,4,2,2,0,0,0
55299202,20,11,9,20,11,9,0,0,0,4,3,1,0,0,0,0,0,0,29,15,14,18,7,11,1,0,1,0,0,0,2,2,0,8,6,2,0,0,0
55299204,47,28,19,47,28,19,1,0,1,0,0,0,0,0,0,0,0,0,51,21,30,23,9,14,0,0,0,3,0,3,6,4,2,19,8,11,0,0,0
55299205,233,132,101,224,125,99,10,5,5,22,10,12,1,0,1,9,7,2,194,81,113,95,42,53,0,0,0,8,0,8,26,9,17,65,30,35,2,2,0
55299206,54,29,25,52,29,23,3,0,3,4,2,2,0,0,0,2,0,2,53,24,29,24,9,15,2,0,2,2,0,2,12,7,5,13,8,5,1,0,1
55301801,67,38,29,67,38,29,4,4,0,5,4,1,0,0,0,0,0,0,56,26,30,17,8,9,0,0,0,1,0,1,9,5,4,29,13,16,0,0,0
55301802,15,8,7,15,8,7,1,1,0,2,0,2,0,0,0,0,0,0,20,13,7,16,10,6,0,0,0,1,0,1,1,1,0,2,2,0,0,0,0
55301803,207,126,81,198,121,77,3,1,2,31,16,15,2,0,2,9,5,4,177,87,90,93,43,50,0,0,0,7,0,7,26,12,14,51,32,19,5,2,3
55303402,143,76,67,136,73,63,6,3,3,12,5,7,2,0,2,7,3,4,129,55,74,59,21,38,0,0,0,4,0,4,25,13,12,41,21,20,3,2,1
55306901,607,321,286,591,314,277,28,16,12,74,44,30,5,0,5,16,7,9,613,273,340,307,117,190,0,0,0,22,0,22,91,52,39,193,104,89,1,0,1
55306902,951,524,427,893,492,401,42,18,24,71,32,39,5,0,5,58,32,26,726,301,425,385,151,234,1,0,1,33,0,33,107,56,51,200,94,106,17,8,9
55306903,751,399,352,727,391,336,34,17,17,68,35,33,5,0,5,24,8,16,996,420,576,639,247,392,1,1,0,31,0,31,104,57,47,221,115,106,7,2,5
55306904,23,12,11,23,12,11,0,0,0,0,0,0,0,0,0,0,0,0,24,13,11,2,1,1,0,0,0,1,0,1,8,5,3,13,7,6,0,0,0
55306905,225,122,103,218,117,101,10,4,6,31,16,15,2,0,2,7,5,2,249,105,144,134,52,82,0,0,0,7,0,7,36,20,16,72,33,39,1,1,0
55306906,128,64,64,126,63,63,7,2,5,4,1,3,1,0,1,2,1,1,99,48,51,10,6,4,0,0,0,2,0,2,21,7,14,66,35,31,0,0,0
55306908,649,372,277,621,354,267,35,21,14,69,41,28,3,0,3,28,18,10,716,323,393,414,173,241,3,1,2,20,0,20,82,39,43,197,110,87,21,18,3
55306909,20,10,10,20,10,10,0,0,0,3,2,1,0,0,0,0,0,0,8,3,5,6,3,3,0,0,0,0,0,0,0,0,0,2,0,2,0,0,0
55306910,21,11,10,20,10,10,1,0,1,2,2,0,0,0,0,1,1,0,15,6,9,7,3,4,0,0,0,0,0,0,1,0,1,7,3,4,0,0,0
55307701,71,35,36,71,35,36,5,2,3,11,6,5,0,0,0,0,0,0,48,21,27,20,7,13,1,1,0,3,0,3,7,6,1,17,7,10,3,1,2
55307702,116,70,46,110,68,42,2,0,2,9,5,4,1,0,1,6,2,4,113,48,65,59,26,33,2,1,1,9,0,9,23,12,11,20,9,11,2,2,0
55307703,42,23,19,41,23,18,1,0,1,5,4,1,0,0,0,1,0,1,43,15,28,29,11,18,0,0,0,1,0,1,5,3,2,8,1,7,0,0,0
55307704,25,12,13,25,12,13,2,0,2,4,2,2,0,0,0,0,0,0,18,9,9,7,5,2,0,0,0,2,0,2,3,2,1,6,2,4,0,0,0
55308501,41,27,14,41,27,14,2,1,1,7,5,2,0,0,0,0,0,0,26,9,17,14,5,9,0,0,0,2,0,2,6,2,4,4,2,2,0,0,0
55308502,54,29,25,50,28,22,2,1,1,5,4,1,1,0,1,4,1,3,55,21,34,26,8,18,0,0,0,7,0,7,16,9,7,6,4,2,0,0,0
55312303,26,14,12,26,14,12,2,0,2,4,1,3,0,0,0,0,0,0,25,13,12,19,9,10,0,0,0,0,0,0,0,0,0,6,4,2,0,0,0
55312305,61,34,27,56,32,24,3,1,2,7,4,3,0,0,0,5,2,3,57,25,32,38,16,22,0,0,0,2,0,2,6,4,2,11,5,6,0,0,0
55312306,21,12,9,20,11,9,0,0,0,3,2,1,1,0,1,1,1,0,22,11,11,18,9,9,0,0,0,0,0,0,2,1,1,2,1,1,0,0,0
55312307,28,14,14,25,13,12,2,0,2,4,1,3,0,0,0,3,1,2,32,14,18,20,10,10,0,0,0,1,0,1,5,2,3,6,2,4,0,0,0
55312309,29,16,13,23,14,9,2,2,0,2,1,1,0,0,0,6,2,4,42,17,25,16,8,8,0,0,0,3,0,3,7,4,3,16,5,11,0,0,0
3018090,0,0,0,0,0,0,0,0,0,0,0,0,0,0,0,0,0,0,0,0,0,0,0,0,0,0,0,0,0,0,0,0,0,0,0,0,0,0,0
3085870,0,0,0,0,0,0,0,0,0,0,0,0,0,0,0,0,0,0,0,0,0,0,0,0,0,0,0,0,0,0,0,0,0,0,0,0,0,0,0
55313101,96,57,39,93,56,37,5,2,3,9,5,4,0,0,0,3,1,2,94,44,50,44,20,24,0,0,0,6,0,6,21,12,9,23,12,11,0,0,0
55313102,51,30,21,51,30,21,3,1,2,3,2,1,1,0,1,0,0,0,50,15,35,26,9,17,0,0,0,2,0,2,5,4,1,17,2,15,0,0,0
55313103,513,284,229,479,266,213,16,5,11,41,13,28,3,0,3,34,18,16,428,196,232,149,65,84,1,1,0,27,0,27,89,45,44,162,85,77,23,18,5
55313104,18,9,9,17,8,9,1,0,1,6,3,3,0,0,0,1,1,0,16,10,6,10,5,5,0,0,0,0,0,0,1,0,1,5,5,0,0,0,0
55313105,19,10,9,17,9,8,1,0,1,0,0,0,0,0,0,2,1,1,21,13,8,8,3,5,2,1,1,0,0,0,3,2,1,8,7,1,0,0,0
55313106,235,125,110,227,121,106,12,6,6,18,6,12,1,0,1,8,4,4,242,103,139,130,53,77,0,0,0,13,0,13,39,17,22,60,33,27,3,2,1
55313107,15,11,4,10,7,3,0,0,0,1,0,1,0,0,0,5,4,1,26,12,14,2,1,1,0,0,0,3,0,3,15,7,8,6,4,2,1,0,1
55313108,526,286,240,501,273,228,14,8,6,51,31,20,4,0,4,25,13,12,538,218,320,282,115,167,0,0,0,21,0,21,67,25,42,168,78,90,12,7,5
55313109,45,20,25,44,20,24,3,2,1,3,2,1,0,0,0,1,0,1,25,14,11,8,5,3,0,0,0,0,0,0,3,3,0,14,6,8,1,1,0
55313110,17,10,7,17,10,7,0,0,0,0,0,0,0,0,0,0,0,0,19,5,14,6,1,5,0,0,0,3,0,3,4,1,3,6,3,3,0,0,0
55313111,430,231,199,419,226,193,12,2,10,59,35,24,3,0,3,11,5,6,431,189,242,260,98,162,0,0,0,10,0,10,44,29,15,117,62,55,3,1,2
55313112,219,120,99,212,115,97,6,2,4,43,27,16,0,0,0,7,5,2,279,118,161,190,75,115,1,1,0,9,0,9,23,12,11,56,30,26,0,0,0
55313113,48,28,20,47,27,20,3,2,1,4,2,2,0,0,0,1,1,0,53,26,27,22,9,13,0,0,0,5,0,5,12,8,4,14,9,5,1,0,1
55313114,1124,578,546,1081,562,519,46,18,28,123,64,59,10,0,10,43,16,27,1175,478,697,704,261,443,2,1,1,40,0,40,138,62,76,291,154,137,4,3,1
55314001,13,6,7,11,5,6,0,0,0,1,0,1,0,0,0,2,1,1,10,3,7,4,1,3,0,0,0,0,0,0,1,0,1,5,2,3,0,0,0
55314002,36,21,15,36,21,15,4,2,2,1,1,0,0,0,0,0,0,0,37,16,21,17,8,9,0,0,0,2,0,2,5,3,2,13,5,8,0,0,0
55314003,23,17,6,23,17,6,2,1,1,2,2,0,0,0,0,0,0,0,32,13,19,17,6,11,0,0,0,1,0,1,2,1,1,12,6,6,0,0,0
55314004,165,90,75,161,86,75,3,0,3,20,7,13,0,0,0,4,4,0,159,72,87,88,39,49,0,0,0,6,0,6,26,14,12,39,19,20,1,1,0
55314005,50,32,18,47,30,17,2,0,2,7,5,2,0,0,0,3,2,1,40,19,21,19,10,9,0,0,0,3,0,3,9,4,5,9,5,4,0,0,0
55316601,60,34,26,59,33,26,2,0,2,6,4,2,0,0,0,1,1,0,84,40,44,50,26,24,0,0,0,4,0,4,8,3,5,22,11,11,1,0,1
55316602,49,26,23,47,26,21,4,0,4,3,3,0,0,0,0,2,0,2,43,19,24,12,7,5,1,1,0,4,0,4,10,4,6,16,7,9,0,0,0
55316603,42,29,13,42,29,13,1,1,0,8,6,2,0,0,0,0,0,0,20,9,11,11,4,7,1,1,0,1,0,1,2,2,0,5,2,3,0,0,0
55316604,233,136,97,225,130,95,6,5,1,16,12,4,0,0,0,8,6,2,233,111,122,87,41,46,1,1,0,17,1,16,44,24,20,84,44,40,1,1,0
55317401,155,85,70,148,80,68,7,3,4,14,9,5,1,0,1,7,5,2,147,66,81,75,31,44,1,0,1,4,0,4,16,12,4,51,23,28,3,1,2
55318201,17,8,9,17,8,9,0,0,0,2,1,1,1,0,1,0,0,0,15,7,8,7,4,3,0,0,0,0,0,0,5,3,2,3,0,3,0,0,0
55318202,161,91,70,156,89,67,7,2,5,19,11,8,1,0,1,5,2,3,133,64,69,54,24,30,0,0,0,6,0,6,22,12,10,51,28,23,2,2,0
55320402,14,10,4,14,10,4,0,0,0,1,0,1,1,0,1,0,0,0,17,9,8,13,6,7,0,0,0,0,0,0,2,1,1,2,2,0,2,2,0
55320404,23,16,7,22,16,6,1,0,1,0,0,0,0,0,0,1,0,1,19,8,11,16,7,9,0,0,0,0,0,0,2,1,1,1,0,1,0,0,0
55320407,80,48,32,79,47,32,1,0,1,11,6,5,0,0,0,1,1,0,59,29,30,40,19,21,0,0,0,3,0,3,7,4,3,9,6,3,0,0,0
55320408,16,12,4,14,11,3,1,1,0,0,0,0,0,0,0,2,1,1,19,6,13,12,4,8,0,0,0,1,0,1,5,2,3,1,0,1,0,0,0
55320410,12,7,5,10,5,5,1,0,1,2,2,0,0,0,0,2,2,0,17,8,9,8,3,5,2,0,2,0,0,0,1,1,0,6,4,2,0,0,0
55320411,26,14,12,24,13,11,1,1,0,2,2,0,1,0,1,2,1,1,23,12,11,15,9,6,0,0,0,1,0,1,4,2,2,3,1,2,0,0,0
55323901,34,19,15,34,19,15,1,0,1,3,0,3,0,0,0,0,0,0,32,10,22,14,6,8,0,0,0,3,0,3,6,1,5,9,3,6,0,0,0
55323902,67,35,32,65,34,31,3,0,3,8,2,6,2,0,2,2,1,1,79,27,52,35,14,21,0,0,0,6,0,6,16,6,10,22,7,15,0,0,0
55323903,296,171,125,280,161,119,4,3,1,32,16,16,4,0,4,16,10,6,271,128,143,128,59,69,3,3,0,13,0,13,52,30,22,75,36,39,3,2,1
55325501,36,21,15,33,19,14,2,1,1,2,1,1,0,0,0,3,2,1,40,17,23,19,8,11,1,1,0,1,0,1,6,2,4,13,6,7,2,1,1
55325502,81,44,37,79,43,36,2,0,2,14,8,6,0,0,0,2,1,1,85,38,47,50,20,30,0,0,0,3,0,3,6,3,3,26,15,11,3,2,1
55326301,24,16,8,23,15,8,0,0,0,0,0,0,0,0,0,1,1,0,26,11,15,8,5,3,0,0,0,2,0,2,11,3,8,5,3,2,0,0,0
55326302,25,13,12,24,13,11,0,0,0,1,0,1,1,0,1,1,0,1,13,7,6,6,3,3,0,0,0,0,0,0,3,2,1,4,2,2,1,1,0
55326303,106,63,43,104,61,43,6,4,2,12,9,3,1,0,1,2,2,0,71,34,37,26,11,15,0,0,0,3,0,3,15,6,9,27,17,10,0,0,0
3275730,0,0,0,0,0,0,0,0,0,0,0,0,0,0,0,0,0,0,0,0,0,0,0,0,0,0,0,0,0,0,0,0,0,0,0,0,0,0,0
55327101,95,51,44,89,48,41,4,1,3,19,10,9,1,0,1,6,3,3,92,42,50,52,22,30,0,0,0,4,0,4,11,7,4,25,13,12,0,0,0
55327102,1811,964,847,1712,930,782,61,28,33,158,76,82,11,0,11,99,34,65,1861,828,1033,965,416,549,3,2,1,93,0,93,290,149,141,510,261,249,56,43,13
55327104,883,497,386,833,469,364,36,15,21,101,56,45,4,0,4,50,28,22,801,336,465,452,190,262,2,1,1,24,1,23,103,48,55,220,96,124,13,8,5
55327105,14,10,4,14,10,4,0,0,0,4,2,2,0,0,0,0,0,0,6,2,4,2,0,2,0,0,0,1,0,1,1,1,0,2,1,1,0,0,0
55327106,40,27,13,38,26,12,1,0,1,4,3,1,1,0,1,2,1,1,25,13,12,13,6,7,0,0,0,1,0,1,5,5,0,6,2,4,2,1,1
55327107,225,128,97,220,125,95,11,8,3,27,16,11,1,0,1,5,3,2,285,130,155,148,62,86,1,1,0,11,0,11,42,23,19,83,44,39,2,1,1
55328002,16,10,6,16,10,6,0,0,0,1,1,0,0,0,0,0,0,0,20,9,11,13,5,8,0,0,0,0,0,0,1,0,1,6,4,2,0,0,0
55328003,57,33,24,55,32,23,1,1,0,4,2,2,0,0,0,2,1,1,39,17,22,29,11,18,0,0,0,2,0,2,3,3,0,5,3,2,2,1,1
55329801,34,16,18,32,16,16,2,0,2,5,2,3,0,0,0,2,0,2,26,12,14,18,7,11,0,0,0,1,0,1,3,2,1,4,3,1,0,0,0
55329802,102,63,39,98,60,38,1,1,0,10,7,3,0,0,0,4,3,1,112,47,65,61,23,38,0,0,0,5,0,5,18,10,8,28,14,14,3,0,3
55329803,13,9,4,13,9,4,1,1,0,3,2,1,0,0,0,0,0,0,19,8,11,11,6,5,0,0,0,0,0,0,1,0,1,7,2,5,0,0,0
55331001,86,50,36,82,47,35,2,2,0,12,6,6,0,0,0,4,3,1,90,47,43,45,22,23,2,1,1,4,0,4,14,8,6,25,16,9,0,0,0
55332801,14,10,4,13,9,4,0,0,0,1,0,1,0,0,0,1,1,0,29,12,17,11,5,6,1,0,1,2,0,2,6,3,3,9,4,5,1,1,0
55332802,18,12,6,16,11,5,0,0,0,3,1,2,0,0,0,2,1,1,15,9,6,14,8,6,0,0,0,0,0,0,0,0,0,1,1,0,0,0,0
55332805,19,15,4,18,14,4,0,0,0,5,4,1,0,0,0,1,1,0,15,5,10,13,4,9,0,0,0,1,0,1,1,1,0,0,0,0,0,0,0
55332806,25,15,10,23,14,9,0,0,0,4,3,1,1,0,1,2,1,1,29,12,17,21,7,14,0,0,0,1,0,1,2,1,1,5,4,1,0,0,0
55336101,16,9,7,16,9,7,0,0,0,0,0,0,0,0,0,0,0,0,21,9,12,14,6,8,0,0,0,0,0,0,2,1,1,5,2,3,0,0,0
55336102,85,51,34,83,51,32,4,1,3,13,9,4,0,0,0,2,0,2,83,28,55,38,13,25,0,0,0,3,0,3,20,7,13,22,8,14,2,1,1
55340901,160,87,73,158,87,71,9,4,5,18,12,6,0,0,0,2,0,2,151,64,87,72,28,44,0,0,0,5,0,5,22,10,12,52,26,26,1,1,0
55340902,46,24,22,44,23,21,0,0,0,5,1,4,1,0,1,2,1,1,48,23,25,19,9,10,0,0,0,1,0,1,12,6,6,16,8,8,1,0,1
55341701,53,31,22,52,30,22,1,0,1,6,3,3,0,0,0,1,1,0,52,27,25,21,10,11,0,0,0,1,0,1,3,1,2,27,16,11,0,0,0
55341702,455,254,201,442,249,193,23,8,15,50,26,24,6,0,6,13,5,8,389,173,216,143,61,82,1,0,1,22,0,22,82,42,40,141,70,71,5,1,4
55901601,52,30,22,51,30,21,4,3,1,5,3,2,1,0,1,1,0,1,50,27,23,19,10,9,2,2,0,2,0,2,10,7,3,17,8,9,1,0,1
56043001,85,45,40,83,45,38,2,1,1,5,2,3,0,0,0,2,0,2,76,29,47,42,18,24,0,0,0,5,0,5,5,2,3,24,9,15,1,1,0
56044801,49,31,18,49,31,18,1,0,1,5,4,1,0,0,0,0,0,0,66,26,40,30,11,19,0,0,0,5,0,5,12,6,6,19,9,10,1,0,1
56044802,43,25,18,40,23,17,1,0,1,2,2,0,0,0,0,3,2,1,33,15,18,18,7,11,1,1,0,0,0,0,4,4,0,10,3,7,2,2,0
56048103,74,39,35,74,39,35,0,0,0,10,6,4,1,0,1,0,0,0,65,27,38,41,18,23,0,0,0,1,0,1,9,5,4,14,4,10,1,0,1
56051102,50,29,21,49,28,21,1,0,1,5,2,3,1,0,1,1,1,0,48,25,23,21,11,10,1,0,1,4,0,4,11,6,5,11,8,3,1,1,0
56052901,32,19,13,32,19,13,5,2,3,6,5,1,1,0,1,0,0,0,21,11,10,14,7,7,0,0,0,0,0,0,1,1,0,6,3,3,1,0,1
56052902,13,9,4,13,9,4,1,0,1,1,1,0,0,0,0,0,0,0,15,5,10,4,2,2,0,0,0,4,0,4,6,3,3,1,0,1,0,0,0
56052903,20,12,8,20,12,8,1,1,0,1,1,0,0,0,0,0,0,0,25,15,10,15,7,8,0,0,0,0,0,0,1,1,0,9,7,2,0,0,0
56055301,26,15,11,26,15,11,1,1,0,2,0,2,0,0,0,0,0,0,26,10,16,11,4,7,0,0,0,2,0,2,5,4,1,8,2,6,1,0,1
56062603,48,29,19,44,26,18,1,0,1,6,3,3,0,0,0,4,3,1,45,18,27,26,12,14,0,0,0,3,0,3,10,5,5,6,1,5,0,0,0
56063401,61,37,24,59,36,23,5,2,3,4,3,1,1,0,1,2,1,1,44,15,29,25,11,14,0,0,0,3,0,3,4,1,3,12,3,9,4,3,1
56066901,22,13,9,22,13,9,1,1,0,5,3,2,0,0,0,0,0,0,22,9,13,11,4,7,0,0,0,1,0,1,2,2,0,8,3,5,0,0,0
56066902,46,31,15,41,30,11,4,2,2,3,2,1,0,0,0,5,1,4,45,21,24,21,10,11,0,0,0,4,0,4,9,5,4,11,6,5,1,1,0
56286601,67,38,29,67,38,29,2,1,1,7,2,5,2,0,2,0,0,0,59,24,35,33,12,21,0,0,0,3,0,3,11,6,5,12,6,6,0,0,0
56290401,63,34,29,62,34,28,2,0,2,4,1,3,2,0,2,1,0,1,56,30,26,32,17,15,0,0,0,2,0,2,11,6,5,11,7,4,1,1,0
56295501,47,26,21,46,26,20,1,0,1,3,1,2,1,0,1,1,0,1,42,16,26,20,8,12,0,0,0,0,0,0,7,3,4,15,5,10,1,0,1
56296301,32,20,12,31,20,11,0,0,0,6,5,1,0,0,0,1,0,1,46,19,27,24,7,17,0,0,0,3,0,3,6,5,1,13,7,6,1,0,1
56303001,85,50,35,81,48,33,7,3,4,4,4,0,3,0,3,4,2,2,75,28,47,32,13,19,1,1,0,4,0,4,13,6,7,25,8,17,0,0,0
56314501,78,41,37,78,41,37,4,1,3,4,4,0,2,0,2,0,0,0,79,35,44,36,20,16,0,0,0,3,0,3,14,7,7,26,8,18,1,1,0
56315301,27,18,9,26,18,8,1,0,1,3,2,1,0,0,0,1,0,1,34,12,22,23,8,15,0,0,0,1,0,1,2,1,1,8,3,5,0,0,0
56317002,28,15,13,27,14,13,1,0,1,4,2,2,0,0,0,1,1,0,24,14,10,10,3,7,1,1,0,0,0,0,4,3,1,9,7,2,0,0,0
56319601,37,22,15,36,21,15,3,2,1,5,2,3,0,0,0,1,1,0,25,11,14,16,6,10,0,0,0,1,0,1,2,1,1,6,4,2,0,0,0
56323401,76,43,33,74,42,32,4,1,3,7,5,2,1,0,1,2,1,1,94,42,52,39,17,22,1,1,0,1,0,1,22,9,13,31,15,16,1,1,0
56325101,34,20,14,34,20,14,3,3,0,1,0,1,0,0,0,0,0,0,28,15,13,5,3,2,0,0,0,3,0,3,7,4,3,13,8,5,0,0,0
56325102,44,22,22,43,21,22,3,1,2,3,2,1,1,1,0,1,1,0,37,17,20,15,7,8,0,0,0,1,0,1,7,2,5,14,8,6,0,0,0
56330701,125,69,56,123,67,56,8,5,3,16,8,8,2,0,2,2,2,0,92,46,46,44,19,25,0,0,0,5,0,5,14,10,4,29,17,12,2,2,0
56336601,32,23,9,30,21,9,1,0,1,3,3,0,0,0,0,2,2,0,39,21,18,22,11,11,1,1,0,1,0,1,6,4,2,9,5,4,1,1,0
56337401,33,19,14,31,18,13,0,0,0,0,0,0,0,0,0,2,1,1,43,16,27,29,12,17,0,0,0,1,0,1,5,1,4,8,3,5,2,1,1
56337402,16,10,6,16,10,6,0,0,0,3,3,0,0,0,0,0,0,0,17,9,8,7,4,3,1,0,1,2,0,2,6,4,2,1,1,0,1,1,0
56344702,51,32,19,44,28,16,0,0,0,7,3,4,1,0,1,7,4,3,57,28,29,30,16,14,1,0,1,3,0,3,11,7,4,12,5,7,1,1,0
56345501,47,30,17,38,23,15,2,1,1,4,3,1,0,0,0,9,7,2,38,17,21,24,12,12,0,0,0,0,0,0,3,1,2,11,4,7,0,0,0
56345503,40,22,18,39,22,17,2,0,2,3,1,2,2,0,2,1,0,1,23,10,13,11,5,6,0,0,0,1,0,1,6,2,4,5,3,2,0,0,0
56345504,23,13,10,22,12,10,0,0,0,6,3,3,0,0,0,1,1,0,26,15,11,12,6,6,0,0,0,0,0,0,4,3,1,10,6,4,2,1,1
56354401,63,38,25,61,36,25,4,3,1,5,4,1,1,0,1,2,2,0,54,17,37,24,10,14,0,0,0,3,0,3,9,3,6,18,4,14,1,0,1
56358701,91,51,40,88,49,39,4,2,2,4,2,2,0,0,0,3,2,1,78,31,47,33,13,20,0,0,0,3,0,3,15,6,9,27,12,15,0,0,0
56362501,38,24,14,34,21,13,0,0,0,6,4,2,0,0,0,4,3,1,27,11,16,11,3,8,0,0,0,1,0,1,7,5,2,8,3,5,0,0,0
56365001,85,51,34,82,51,31,0,0,0,9,7,2,2,0,2,3,0,3,68,26,42,33,13,20,1,0,1,6,0,6,11,5,6,17,8,9,1,1,0
56372201,16,8,8,15,7,8,0,0,0,2,1,1,0,0,0,1,1,0,28,11,17,18,9,9,0,0,0,1,0,1,3,2,1,6,0,6,0,0,0
56372202,17,11,6,16,10,6,0,0,0,3,3,0,0,0,0,1,1,0,25,12,13,19,7,12,0,0,0,0,0,0,0,0,0,6,5,1,0,0,0
56376501,72,43,29,71,43,28,1,1,0,9,8,1,0,0,0,1,0,1,72,30,42,46,17,29,0,0,0,2,0,2,6,3,3,18,10,8,1,0,1
56389701,123,71,52,117,68,49,2,0,2,9,3,6,0,0,0,6,3,3,107,47,60,51,22,29,0,0,0,4,0,4,16,5,11,36,20,16,3,1,2
56392701,12,8,4,11,8,3,0,0,0,4,3,1,0,0,0,1,0,1,22,8,14,17,7,10,0,0,0,1,0,1,1,0,1,3,1,2,0,0,0
56398601,23,13,10,22,13,9,0,0,0,3,2,1,1,0,1,1,0,1,25,10,15,16,7,9,0,0,0,2,0,2,4,2,2,3,1,2,0,0,0
56398602,324,184,140,319,181,138,11,0,11,36,23,13,1,0,1,5,3,2,288,132,156,105,41,64,1,0,1,20,0,20,46,29,17,116,62,54,2,1,1
59899202,17,8,9,17,8,9,0,0,0,1,0,1,0,0,0,0,0,0,21,11,10,8,5,3,0,0,0,2,1,1,6,2,4,5,3,2,0,0,0
59899203,23,12,11,22,12,10,1,0,1,5,1,4,0,0,0,1,0,1,33,15,18,21,8,13,0,0,0,2,0,2,5,3,2,5,4,1,1,0,1
59900001,32,18,14,31,18,13,3,3,0,1,0,1,0,0,0,1,0,1,21,7,14,14,6,8,0,0,0,2,0,2,4,1,3,1,0,1,0,0,0
59902603,20,11,9,19,11,8,1,1,0,1,0,1,0,0,0,1,0,1,17,7,10,9,4,5,0,0,0,3,0,3,4,3,1,1,0,1,1,1,0
59902604,15,6,9,12,5,7,0,0,0,2,1,1,0,0,0,3,1,2,25,11,14,10,5,5,0,0,0,1,0,1,4,2,2,10,4,6,0,0,0
59902605,14,7,7,14,7,7,0,0,0,2,2,0,0,0,0,0,0,0,16,7,9,9,4,5,0,0,0,0,0,0,4,1,3,3,2,1,1,0,1
59902606,19,10,9,17,9,8,1,1,0,3,0,3,0,0,0,2,1,1,21,11,10,9,4,5,0,0,0,3,0,3,7,6,1,2,1,1,1,1,0
59903402,54,32,22,52,32,20,2,1,1,5,4,1,1,0,1,2,0,2,49,21,28,18,8,10,1,1,0,3,0,3,8,4,4,19,8,11,0,0,0
59904202,245,134,111,239,134,105,10,5,5,19,12,7,2,0,2,6,0,6,247,111,136,99,40,59,0,0,0,10,0,10,51,28,23,87,43,44,4,4,0
59911501,28,18,10,28,18,10,2,1,1,3,2,1,1,0,1,0,0,0,27,6,21,12,4,8,0,0,0,2,0,2,6,0,6,7,2,5,0,0,0
59911502,164,100,64,152,95,57,5,2,3,8,4,4,1,0,1,12,5,7,129,55,74,47,18,29,0,0,0,11,0,11,31,17,14,40,20,20,2,1,1
59912301,202,116,86,196,114,82,11,5,6,13,6,7,0,0,0,6,2,4,181,87,94,61,27,34,1,1,0,11,0,11,30,16,14,78,43,35,3,1,2
59925501,54,27,27,47,24,23,3,0,3,6,4,2,0,0,0,7,3,4,49,19,30,25,9,16,0,0,0,2,0,2,12,6,6,10,4,6,2,2,0
59926301,89,55,34,87,54,33,0,0,0,5,4,1,2,0,2,2,1,1,79,33,46,23,8,15,0,0,0,7,0,7,22,11,11,27,14,13,4,2,2
59927101,128,66,62,122,66,56,3,0,3,12,3,9,0,0,0,6,0,6,130,56,74,63,28,35,0,0,0,7,0,7,24,9,15,36,19,17,2,1,1
59928001,58,35,23,56,35,21,1,1,0,7,3,4,0,0,0,2,0,2,68,31,37,37,18,19,0,0,0,4,0,4,16,7,9,11,6,5,1,1,0
3362030,0,0,0,0,0,0,0,0,0,0,0,0,0,0,0,0,0,0,0,0,0,0,0,0,0,0,0,0,0,0,0,0,0,0,0,0,0,0,0
55342501,243,131,112,239,130,109,1,0,1,37,17,20,1,0,1,4,1,3,229,104,125,115,53,62,1,0,1,9,0,9,34,15,19,70,36,34,0,0,0
55342503,21,11,10,19,10,9,0,0,0,1,1,0,0,0,0,2,1,1,30,9,21,23,7,16,0,0,0,0,0,0,0,0,0,7,2,5,0,0,0
55342504,29,15,14,27,14,13,1,1,0,5,2,3,0,0,0,2,1,1,25,14,11,9,4,5,0,0,0,2,0,2,5,5,0,9,5,4,0,0,0
55342505,1408,738,670,1351,712,639,50,20,30,151,78,73,4,0,4,57,26,31,1237,523,714,571,208,363,2,1,1,69,0,69,215,125,90,380,189,191,32,12,20
55342508,139,75,64,135,73,62,6,1,5,11,5,6,1,0,1,4,2,2,127,62,65,42,19,23,0,0,0,8,0,8,32,20,12,45,23,22,3,0,3
55342509,395,219,176,355,197,158,13,5,8,43,20,23,3,0,3,40,22,18,281,131,150,97,42,55,3,2,1,12,1,11,69,36,33,100,50,50,53,33,20
55342510,570,300,270,553,294,259,18,7,11,68,38,30,7,0,7,17,6,11,598,240,358,304,107,197,3,3,0,24,0,24,94,50,44,173,80,93,5,1,4
55342511,36,21,15,36,21,15,1,1,0,3,1,2,0,0,0,0,0,0,27,12,15,7,3,4,0,0,0,0,0,0,10,5,5,10,4,6,1,0,1
55342513,1230,627,603,1180,600,580,35,15,20,141,68,73,7,0,7,50,27,23,1421,564,857,865,318,547,4,2,2,47,0,47,185,80,105,320,164,156,37,19,18
55342514,231,126,105,220,122,98,9,4,5,43,25,18,3,0,3,11,4,7,230,100,130,117,48,69,1,0,1,9,0,9,28,12,16,75,40,35,1,1,0
55342515,376,205,171,360,199,161,15,5,10,36,21,15,0,0,0,16,6,10,317,126,191,139,55,84,1,0,1,10,0,10,62,30,32,105,41,64,10,3,7
55342516,17,8,9,15,7,8,0,0,0,4,2,2,0,0,0,2,1,1,14,6,8,5,3,2,0,0,0,0,0,0,6,1,5,3,2,1,1,1,0
55342517,567,299,268,538,285,253,22,4,18,65,35,30,4,0,4,29,14,15,523,204,319,273,102,171,1,1,0,23,0,23,79,33,46,147,68,79,17,11,6
55342518,18,9,9,18,9,9,1,0,1,3,1,2,0,0,0,0,0,0,9,6,3,2,1,1,0,0,0,0,0,0,2,2,0,5,3,2,0,0,0
55342519,174,91,83,162,85,77,3,0,3,17,7,10,0,0,0,12,6,6,139,59,80,59,26,33,0,0,0,6,0,6,30,13,17,44,20,24,11,5,6
55342521,19,12,7,19,12,7,0,0,0,1,1,0,0,0,0,0,0,0,21,12,9,7,3,4,0,0,0,2,0,2,6,5,1,6,4,2,0,0,0
55343301,166,92,74,156,87,69,5,2,3,18,8,10,0,0,0,10,5,5,148,62,86,67,31,36,1,1,0,7,0,7,32,13,19,41,17,24,3,1,2
0016352,0,0,0,0,0,0,0,0,0,0,0,0,0,0,0,0,0,0,0,0,0,0,0,0,0,0,0,0,0,0,0,0,0,0,0,0,0,0,0
55344101,713,393,320,676,370,306,15,9,6,56,29,27,5,0,5,37,23,14,614,263,351,326,137,189,2,1,1,18,0,18,88,37,51,180,88,92,34,22,12
55344105,15,9,6,12,9,3,1,1,0,0,0,0,0,0,0,3,0,3,19,8,11,13,5,8,0,0,0,0,0,0,1,0,1,5,3,2,0,0,0
55344106,75,46,29,66,41,25,1,0,1,9,6,3,1,0,1,9,5,4,85,38,47,49,26,23,0,0,0,2,0,2,13,6,7,21,6,15,1,1,0
55344109,48,27,21,46,26,20,1,0,1,3,2,1,0,0,0,2,1,1,55,25,30,31,16,15,0,0,0,4,0,4,7,3,4,13,6,7,0,0,0
55344110,39,17,22,36,17,19,0,0,0,2,1,1,0,0,0,3,0,3,21,10,11,11,6,5,0,0,0,1,0,1,1,0,1,8,4,4,0,0,0
55345001,555,309,246,536,301,235,18,10,8,56,23,33,6,0,6,19,8,11,449,200,249,147,56,91,1,0,1,21,0,21,98,47,51,182,97,85,24,14,10
55345003,42,26,16,38,25,13,1,0,1,1,0,1,1,0,1,4,1,3,63,29,34,31,13,18,0,0,0,2,0,2,12,5,7,18,11,7,2,1,1
55345004,70,49,21,63,44,19,4,2,2,8,4,4,0,0,0,7,5,2,55,24,31,30,10,20,0,0,0,2,0,2,12,7,5,11,7,4,3,1,2
55345005,65,38,27,63,38,25,2,2,0,4,2,2,0,0,0,2,0,2,58,23,35,35,12,23,1,1,0,2,0,2,4,2,2,16,8,8,1,1,0
55345006,32,19,13,28,16,12,0,0,0,3,2,1,0,0,0,4,3,1,24,12,12,18,10,8,1,0,1,0,0,0,3,1,2,2,1,1,0,0,0
55345007,43,21,22,41,21,20,0,0,0,3,1,2,1,0,1,2,0,2,39,19,20,20,9,11,0,0,0,1,0,1,6,4,2,12,6,6,1,1,0
55351401,120,62,58,115,62,53,5,0,5,15,7,8,0,0,0,5,0,5,118,54,64,61,26,35,0,0,0,7,0,7,18,12,6,32,16,16,1,1,0
0345502,0,0,0,0,0,0,0,0,0,0,0,0,0,0,0,0,0,0,0,0,0,0,0,0,0,0,0,0,0,0,0,0,0,0,0,0,0,0,0
55354901,232,130,102,221,124,97,9,6,3,27,12,15,1,0,1,11,6,5,175,79,96,72,30,42,1,1,0,10,0,10,41,21,20,51,27,24,25,11,14
55354903,12,8,4,10,6,4,0,0,0,2,2,0,1,0,1,2,2,0,13,7,6,5,2,3,0,0,0,1,0,1,7,5,2,0,0,0,2,1,1
55354904,62,35,27,60,34,26,1,0,1,3,1,2,0,0,0,2,1,1,40,13,27,15,5,10,0,0,0,3,0,3,13,5,8,9,3,6,6,2,4
55354905,106,59,47,102,59,43,3,2,1,0,0,0,0,0,0,4,0,4,86,37,49,13,5,8,1,0,1,8,0,8,31,19,12,33,13,20,10,3,7
55354906,34,19,15,30,16,14,3,2,1,3,1,2,0,0,0,4,3,1,19,7,12,9,5,4,0,0,0,1,0,1,2,1,1,7,1,6,1,1,0
55354907,21,12,9,19,11,8,0,0,0,3,2,1,0,0,0,2,1,1,32,15,17,15,6,9,2,2,0,0,0,0,4,2,2,11,5,6,5,1,4
55355701,177,97,80,175,96,79,0,0,0,30,20,10,2,0,2,2,1,1,186,80,106,97,43,54,0,0,0,8,0,8,34,16,18,47,21,26,4,2,2
55357301,70,39,31,62,36,26,2,1,1,7,2,5,0,0,0,8,3,5,101,43,58,48,19,29,0,0,0,4,0,4,22,10,12,27,14,13,13,9,4
55358101,193,96,97,183,91,92,6,3,3,16,6,10,2,0,2,10,5,5,207,105,102,101,49,52,0,0,0,5,0,5,39,22,17,62,34,28,7,4,3
55362001,147,87,60,140,81,59,5,2,3,7,5,2,0,0,0,7,6,1,122,49,73,63,29,34,1,0,1,4,0,4,18,7,11,36,13,23,4,1,3
3018500,0,0,0,0,0,0,0,0,0,0,0,0,0,0,0,0,0,0,0,0,0,0,0,0,0,0,0,0,0,0,0,0,0,0,0,0,0,0,0
3276110,0,0,0,0,0,0,0,0,0,0,0,0,0,0,0,0,0,0,0,0,0,0,0,0,0,0,0,0,0,0,0,0,0,0,0,0,0,0,0
55367101,279,155,124,271,150,121,5,2,3,41,23,18,1,0,1,8,5,3,245,106,139,122,58,64,0,0,0,10,0,10,33,14,19,80,34,46,4,1,3
55367102,567,316,251,542,300,242,11,3,8,64,35,29,0,0,0,25,16,9,454,185,269,234,93,141,0,0,0,12,0,12,61,26,35,147,66,81,9,3,6
55367103,893,473,420,865,463,402,18,8,10,89,39,50,6,0,6,28,10,18,835,356,479,422,175,247,2,2,0,42,0,42,143,74,69,226,105,121,21,12,9
55367104,89,48,41,86,46,40,3,2,1,12,6,6,2,0,2,3,2,1,95,40,55,61,22,39,0,0,0,4,0,4,15,9,6,15,9,6,3,1,2
55367105,20,12,8,19,11,8,0,0,0,2,2,0,1,0,1,1,1,0,20,10,10,9,4,5,0,0,0,1,0,1,4,2,2,6,4,2,1,0,1
55367106,22,11,11,19,8,11,0,0,0,2,1,1,0,0,0,3,3,0,19,9,10,14,6,8,0,0,0,0,0,0,1,0,1,4,3,1,0,0,0
55367107,39,24,15,38,24,14,1,0,1,1,1,0,0,0,0,1,0,1,44,22,22,19,11,8,0,0,0,2,0,2,9,4,5,14,7,7,4,2,2
55367108,15,9,6,15,9,6,0,0,0,3,2,1,0,0,0,0,0,0,16,6,10,6,1,5,0,0,0,2,0,2,6,4,2,2,1,1,0,0,0
55367109,26,13,13,26,13,13,0,0,0,3,1,2,0,0,0,0,0,0,23,8,15,11,4,7,0,0,0,1,0,1,3,1,2,8,3,5,2,2,0
55367110,93,50,43,89,48,41,2,1,1,4,3,1,0,0,0,4,2,2,76,35,41,30,13,17,0,0,0,2,0,2,12,6,6,32,16,16,0,0,0
55367111,84,49,35,80,47,33,2,0,2,11,9,2,1,0,1,4,2,2,83,35,48,36,16,20,1,1,0,5,0,5,16,7,9,25,11,14,0,0,0
55367112,24,13,11,24,13,11,0,0,0,4,2,2,1,0,1,0,0,0,20,14,6,14,9,5,0,0,0,0,0,0,2,1,1,4,4,0,0,0,0
55367114,18,11,7,16,10,6,0,0,0,1,1,0,0,0,0,2,1,1,9,4,5,2,1,1,0,0,0,0,0,0,0,0,0,7,3,4,0,0,0
55367116,41,22,19,40,21,19,3,2,1,5,4,1,1,0,1,1,1,0,33,16,17,20,11,9,0,0,0,0,0,0,5,2,3,8,3,5,0,0,0
55367117,25,18,7,25,18,7,0,0,0,1,1,0,0,0,0,0,0,0,22,10,12,12,5,7,0,0,0,1,0,1,4,4,0,5,1,4,1,0,1
55367118,38,16,22,37,16,21,1,0,1,3,1,2,0,0,0,1,0,1,50,29,21,16,9,7,0,0,0,1,0,1,7,4,3,26,16,10,0,0,0
55367119,10,7,3,10,7,3,0,0,0,3,3,0,0,0,0,0,0,0,13,5,8,8,3,5,0,0,0,1,0,1,2,1,1,2,1,1,0,0,0
55367120,201,107,94,183,97,86,8,3,5,30,12,18,1,0,1,18,10,8,171,77,94,100,45,55,0,0,0,6,0,6,27,15,12,38,17,21,24,15,9
55368901,20,8,12,17,7,10,0,0,0,3,1,2,0,0,0,3,1,2,17,11,6,15,10,5,0,0,0,0,0,0,1,0,1,1,1,0,0,0,0
55368902,35,19,16,30,17,13,0,0,0,3,2,1,0,0,0,5,2,3,45,23,22,16,7,9,0,0,0,1,0,1,14,9,5,14,7,7,3,0,3
55368903,22,12,10,22,12,10,1,0,1,2,2,0,0,0,0,0,0,0,25,14,11,19,10,9,0,0,0,1,0,1,2,2,0,3,2,1,1,1,0
55368904,15,6,9,15,6,9,0,0,0,3,0,3,0,0,0,0,0,0,9,2,7,6,1,5,0,0,0,0,0,0,2,1,1,1,0,1,1,1,0
55368908,443,257,186,418,239,179,8,4,4,60,36,24,6,0,6,25,18,7,448,202,246,182,66,116,0,0,0,11,0,11,79,30,49,176,106,70,27,13,14
55368911,24,12,12,23,11,12,0,0,0,1,0,1,0,0,0,1,1,0,16,9,7,9,6,3,0,0,0,0,0,0,3,2,1,4,1,3,0,0,0
55368912,30,20,10,29,20,9,1,0,1,2,2,0,0,0,0,1,0,1,27,14,13,17,9,8,0,0,0,0,0,0,3,1,2,7,4,3,1,0,1
55372701,54,32,22,52,31,21,5,2,3,5,3,2,0,0,0,2,1,1,58,27,31,29,11,18,0,0,0,3,0,3,12,7,5,14,9,5,1,0,1
55373501,375,202,173,366,199,167,12,5,7,34,17,17,1,0,1,9,3,6,379,177,202,195,94,101,2,1,1,20,0,20,56,23,33,106,59,47,6,4,2
55374301,171,93,78,164,90,74,8,4,4,17,10,7,0,0,0,7,3,4,149,66,83,78,34,44,0,0,0,5,0,5,18,8,10,48,24,24,4,3,1
55374303,39,21,18,33,18,15,0,0,0,6,2,4,0,0,0,6,3,3,33,9,24,15,6,9,0,0,0,2,0,2,7,1,6,9,2,7,3,2,1
55375101,204,109,95,198,107,91,6,3,3,24,9,15,2,0,2,6,2,4,173,91,82,74,37,37,0,0,0,2,0,2,21,12,9,76,42,34,5,2,3
55377801,14,10,4,13,9,4,0,0,0,3,3,0,0,0,0,1,1,0,14,6,8,10,3,7,0,0,0,0,0,0,0,0,0,4,3,1,0,0,0
55378601,38,21,17,38,21,17,1,0,1,2,2,0,0,0,0,0,0,0,40,22,18,16,9,7,0,0,0,2,0,2,11,7,4,11,6,5,0,0,0
55378603,31,18,13,29,17,12,2,1,1,4,4,0,0,0,0,2,1,1,48,21,27,22,9,13,1,0,1,1,0,1,10,2,8,14,10,4,1,1,0
55378604,182,100,82,180,99,81,2,0,2,23,12,11,0,0,0,2,1,1,143,67,76,88,36,52,0,0,0,3,0,3,13,9,4,39,22,17,2,0,2
55378605,10,7,3,10,7,3,0,0,0,0,0,0,0,0,0,0,0,0,13,5,8,5,2,3,1,0,1,0,0,0,3,2,1,4,1,3,0,0,0
55378606,1747,939,808,1680,906,774,30,7,23,179,92,87,13,0,13,67,33,34,1731,678,1053,945,352,593,3,1,2,55,1,54,239,111,128,489,213,276,87,50,37
55378607,152,79,73,135,70,65,3,2,1,9,3,6,1,0,1,17,9,8,149,58,91,43,21,22,0,0,0,6,0,6,33,11,22,67,26,41,9,4,5
55378609,214,120,94,207,114,93,8,1,7,12,7,5,0,0,0,7,6,1,198,83,115,102,39,63,0,0,0,6,0,6,19,6,13,71,38,33,5,0,5
55378612,42,25,17,39,23,16,0,0,0,3,2,1,0,0,0,3,2,1,41,18,23,22,9,13,1,0,1,0,0,0,4,1,3,14,8,6,0,0,0
55378613,61,32,29,57,29,28,1,0,1,10,5,5,0,0,0,4,3,1,54,24,30,28,14,14,0,0,0,1,0,1,6,2,4,19,8,11,1,0,1
55379401,21,13,8,18,12,6,1,0,1,3,2,1,1,0,1,3,1,2,22,8,14,13,5,8,0,0,0,0,0,0,4,2,2,5,1,4,1,0,1
55379403,18,9,9,15,8,7,0,0,0,3,0,3,0,0,0,3,1,2,23,11,12,8,5,3,0,0,0,1,0,1,5,0,5,9,6,3,0,0,0
55379404,600,331,269,575,317,258,17,11,6,73,30,43,2,0,2,25,14,11,569,246,323,265,104,161,0,0,0,30,0,30,91,45,46,183,97,86,13,6,7
55381601,475,265,210,456,254,202,13,5,8,49,22,27,7,0,7,19,11,8,477,217,260,246,106,140,1,0,1,21,1,20,76,42,34,133,68,65,5,3,2
55381602,24,15,9,23,15,8,0,0,0,1,1,0,0,0,0,1,0,1,13,3,10,9,3,6,0,0,0,1,0,1,1,0,1,2,0,2,1,0,1
55382401,532,294,238,513,282,231,17,6,11,63,31,32,2,0,2,19,12,7,464,184,280,251,93,158,0,0,0,15,0,15,62,32,30,136,59,77,12,3,9
55382402,20,12,8,20,12,8,0,0,0,4,3,1,0,0,0,0,0,0,20,9,11,7,2,5,0,0,0,2,0,2,6,3,3,5,4,1,1,1,0
55383201,75,41,34,72,40,32,3,1,2,7,4,3,0,0,0,3,1,2,61,32,29,33,16,17,0,0,0,1,0,1,8,4,4,19,12,7,1,0,1
55385901,59,30,29,57,29,28,3,1,2,7,3,4,1,0,1,2,1,1,57,25,32,23,9,14,0,0,0,1,0,1,7,3,4,26,13,13,2,2,0
55386701,56,36,20,53,35,18,2,0,2,10,5,5,0,0,0,3,1,2,62,26,36,34,16,18,0,0,0,2,0,2,8,3,5,18,7,11,5,3,2
55389101,82,51,31,81,50,31,2,1,1,11,9,2,1,0,1,1,1,0,83,37,46,28,11,17,0,0,0,10,0,10,22,15,7,23,11,12,1,1,0
55389102,118,64,54,112,59,53,3,1,2,10,5,5,1,0,1,6,5,1,101,52,49,48,22,26,0,0,0,4,0,4,10,6,4,39,24,15,5,4,1
55391301,28,17,11,23,16,7,0,0,0,2,0,2,1,0,1,5,1,4,27,11,16,15,6,9,0,0,0,2,0,2,5,4,1,5,1,4,1,1,0
55391302,37,18,19,35,18,17,0,0,0,2,2,0,0,0,0,2,0,2,33,20,13,13,6,7,0,0,0,1,0,1,9,7,2,10,7,3,1,0,1
55391303,16,10,6,15,9,6,0,0,0,0,0,0,0,0,0,1,1,0,9,2,7,0,0,0,0,0,0,1,0,1,1,0,1,7,2,5,0,0,0
55391304,309,172,137,301,169,132,7,3,4,35,14,21,3,0,3,8,3,5,336,154,182,130,60,70,0,0,0,17,0,17,74,37,37,115,57,58,13,9,4
55391305,29,13,16,28,12,16,1,0,1,4,2,2,0,0,0,1,1,0,24,10,14,11,4,7,0,0,0,0,0,0,1,1,0,12,5,7,1,1,0
55391308,19,10,9,19,10,9,1,0,1,4,2,2,0,0,0,0,0,0,10,7,3,3,3,0,0,0,0,1,0,1,2,1,1,4,3,1,0,0,0
55391309,25,13,12,25,13,12,0,0,0,2,2,0,0,0,0,0,0,0,20,11,9,9,4,5,0,0,0,0,0,0,2,2,0,9,5,4,2,1,1
55391310,139,75,64,129,70,59,5,2,3,11,5,6,0,0,0,10,5,5,113,56,57,48,20,28,0,0,0,5,0,5,18,9,9,42,27,15,3,2,1
55392101,59,35,24,55,34,21,0,0,0,9,3,6,2,0,2,4,1,3,64,30,34,27,13,14,0,0,0,6,0,6,20,11,9,11,6,5,1,1,0
55393001,15,9,6,15,9,6,0,0,0,2,1,1,0,0,0,0,0,0,10,7,3,7,4,3,0,0,0,0,0,0,1,1,0,2,2,0,0,0,0
55393002,43,26,17,40,24,16,2,0,2,7,3,4,1,0,1,3,2,1,49,22,27,24,11,13,0,0,0,4,0,4,11,6,5,10,5,5,0,0,0
55394801,12,8,4,12,8,4,1,1,0,1,0,1,0,0,0,0,0,0,11,3,8,9,3,6,0,0,0,0,0,0,0,0,0,2,0,2,0,0,0
55394802,219,116,103,211,109,102,14,4,10,18,11,7,3,0,3,8,7,1,192,88,104,87,36,51,0,0,0,7,0,7,28,16,12,70,36,34,7,5,2
55394803,70,41,29,67,39,28,2,1,1,2,2,0,0,0,0,3,2,1,70,35,35,40,20,20,0,0,0,3,0,3,12,8,4,15,7,8,4,1,3
55395601,116,63,53,108,58,50,2,0,2,11,6,5,0,0,0,8,5,3,100,50,50,44,22,22,0,0,0,8,0,8,23,14,9,25,14,11,6,4,2
55395602,31,17,14,22,14,8,1,1,0,3,2,1,0,0,0,9,3,6,48,22,26,17,6,11,0,0,0,2,0,2,17,10,7,12,6,6,6,1,5
55398101,15,10,5,15,10,5,0,0,0,1,1,0,0,0,0,0,0,0,14,5,9,11,5,6,0,0,0,0,0,0,0,0,0,3,0,3,0,0,0
55398102,16,9,7,16,9,7,1,1,0,1,0,1,0,0,0,0,0,0,13,5,8,9,2,7,0,0,0,0,0,0,1,1,0,3,2,1,0,0,0
55398103,30,19,11,30,19,11,2,0,2,3,2,1,1,0,1,0,0,0,41,14,27,19,7,12,0,0,0,1,0,1,5,3,2,16,4,12,0,0,0
55398104,257,143,114,250,137,113,6,3,3,31,19,12,2,0,2,7,6,1,176,80,96,84,35,49,0,0,0,5,0,5,26,11,15,61,34,27,10,6,4
55398105,221,129,92,217,126,91,6,5,1,32,19,13,0,0,0,4,3,1,223,100,123,109,46,63,0,0,0,9,0,9,27,10,17,78,44,34,3,2,1
55398106,12,5,7,11,5,6,1,0,1,0,0,0,1,0,1,1,0,1,15,4,11,9,3,6,0,0,0,1,0,1,1,0,1,4,1,3,3,2,1
55399902,111,68,43,100,64,36,1,0,1,9,3,6,1,0,1,11,4,7,98,39,59,59,24,35,1,1,0,4,0,4,16,6,10,18,8,10,6,3,3
55399905,25,11,14,25,11,14,0,0,0,5,1,4,0,0,0,0,0,0,16,7,9,4,3,1,0,0,0,0,0,0,2,0,2,10,4,6,0,0,0
1028810,0,0,0,0,0,0,0,0,0,0,0,0,0,0,0,0,0,0,0,0,0,0,0,0,0,0,0,0,0,0,0,0,0,0,0,0,0,0,0
1028900,0,0,0,0,0,0,0,0,0,0,0,0,0,0,0,0,0,0,0,0,0,0,0,0,0,0,0,0,0,0,0,0,0,0,0,0,0,0,0
1983820,0,0,0,0,0,0,0,0,0,0,0,0,0,0,0,0,0,0,0,0,0,0,0,0,0,0,0,0,0,0,0,0,0,0,0,0,0,0,0
55400601,15,9,6,15,9,6,0,0,0,1,0,1,0,0,0,0,0,0,14,7,7,4,2,2,0,0,0,0,0,0,4,1,3,6,4,2,1,1,0
55400602,67,37,30,53,29,24,0,0,0,6,3,3,0,0,0,14,8,6,67,30,37,31,13,18,1,1,0,0,0,0,20,7,13,15,9,6,17,9,8
55400603,14,9,5,14,9,5,0,0,0,1,0,1,1,0,1,0,0,0,14,4,10,8,2,6,0,0,0,0,0,0,2,1,1,4,1,3,0,0,0
55400604,12,7,5,12,7,5,0,0,0,2,1,1,0,0,0,0,0,0,13,8,5,6,4,2,0,0,0,1,0,1,1,1,0,5,3,2,1,0,1
55403101,106,58,48,104,57,47,8,3,5,13,8,5,2,0,2,2,1,1,67,35,32,24,10,14,0,0,0,5,0,5,13,11,2,25,14,11,3,1,2
55405702,89,56,33,74,45,29,0,0,0,8,3,5,0,0,0,15,11,4,118,46,72,50,23,27,1,1,0,9,0,9,23,7,16,35,15,20,8,5,3
55407302,18,10,8,17,10,7,0,0,0,3,1,2,0,0,0,1,0,1,18,9,9,14,7,7,0,0,0,0,0,0,0,0,0,4,2,2,0,0,0
55407303,310,182,128,297,176,121,11,4,7,24,12,12,2,0,2,13,6,7,281,122,159,133,50,83,0,0,0,15,0,15,46,27,19,87,45,42,9,7,2
55408101,49,28,21,48,28,20,1,1,0,7,3,4,0,0,0,1,0,1,46,22,24,23,10,13,0,0,0,3,0,3,14,8,6,6,4,2,0,0,0
55408102,52,31,21,51,31,20,2,1,1,4,2,2,0,0,0,1,0,1,67,27,40,40,14,26,0,0,0,1,0,1,7,2,5,19,11,8,3,2,1
55409001,123,70,53,116,67,49,3,1,2,12,5,7,0,0,0,7,3,4,89,46,43,51,24,27,0,0,0,5,0,5,13,9,4,20,13,7,5,2,3
55411103,22,11,11,20,11,9,0,0,0,1,1,0,0,0,0,2,0,2,21,10,11,4,2,2,0,0,0,0,0,0,9,4,5,8,4,4,5,2,3
55411104,38,23,15,37,22,15,1,0,1,4,2,2,0,0,0,1,1,0,45,21,24,21,9,12,0,0,0,2,0,2,9,5,4,13,7,6,0,0,0
55411105,605,328,277,582,318,264,12,3,9,74,37,37,0,0,0,23,10,13,629,262,367,341,144,197,2,2,0,31,0,31,96,49,47,159,67,92,19,10,9
55411106,31,16,15,30,15,15,1,0,1,2,0,2,1,0,1,1,1,0,29,13,16,8,4,4,0,0,0,2,0,2,4,2,2,15,7,8,0,0,0
55411107,29,19,10,29,19,10,2,0,2,3,2,1,0,0,0,0,0,0,24,9,15,16,7,9,0,0,0,1,0,1,3,1,2,4,1,3,1,1,0
55412002,12,6,6,12,6,6,0,0,0,3,1,2,0,0,0,0,0,0,12,3,9,9,3,6,0,0,0,0,0,0,3,0,3,0,0,0,0,0,0
55412003,274,154,120,266,151,115,5,1,4,42,19,23,3,0,3,8,3,5,251,120,131,128,63,65,1,1,0,9,0,9,39,23,16,74,33,41,13,6,7
55413801,72,43,29,71,43,28,3,2,1,6,3,3,1,0,1,1,0,1,77,36,41,35,17,18,0,0,0,5,0,5,16,8,8,21,11,10,0,0,0
55413802,468,273,195,455,267,188,12,6,6,70,39,31,2,0,2,13,6,7,443,187,256,260,108,152,1,0,1,10,0,10,59,23,36,113,56,57,3,1,2
55415401,26,15,11,20,12,8,0,0,0,3,2,1,0,0,0,6,3,3,21,12,9,9,4,5,0,0,0,1,0,1,5,4,1,6,4,2,0,0,0
55415402,27,15,12,27,15,12,0,0,0,2,1,1,0,0,0,0,0,0,33,11,22,11,5,6,0,0,0,3,0,3,7,2,5,12,4,8,0,0,0
55415403,114,66,48,107,63,44,0,0,0,8,5,3,1,0,1,7,3,4,134,57,77,60,25,35,0,0,0,6,0,6,18,4,14,50,28,22,5,3,2
1439360,0,0,0,0,0,0,0,0,0,0,0,0,0,0,0,0,0,0,0,0,0,0,0,0,0,0,0,0,0,0,0,0,0,0,0,0,0,0,0
1439440,0,0,0,0,0,0,0,0,0,0,0,0,0,0,0,0,0,0,0,0,0,0,0,0,0,0,0,0,0,0,0,0,0,0,0,0,0,0,0
1439520,0,0,0,0,0,0,0,0,0,0,0,0,0,0,0,0,0,0,0,0,0,0,0,0,0,0,0,0,0,0,0,0,0,0,0,0,0,0,0
1439610,0,0,0,0,0,0,0,0,0,0,0,0,0,0,0,0,0,0,0,0,0,0,0,0,0,0,0,0,0,0,0,0,0,0,0,0,0,0,0
1439790,0,0,0,0,0,0,0,0,0,0,0,0,0,0,0,0,0,0,0,0,0,0,0,0,0,0,0,0,0,0,0,0,0,0,0,0,0,0,0
55418901,74,44,30,63,38,25,0,0,0,4,2,2,1,0,1,11,6,5,87,40,47,43,22,21,0,0,0,5,0,5,16,8,8,23,10,13,5,0,5
55420101,20,13,7,15,10,5,1,0,1,1,1,0,0,0,0,5,3,2,16,8,8,6,3,3,0,0,0,0,0,0,6,4,2,4,1,3,3,3,0
55420102,7,4,3,6,4,2,0,0,0,1,1,0,0,0,0,1,0,1,16,6,10,9,4,5,0,0,0,0,0,0,1,0,1,6,2,4,3,2,1
55420103,61,37,24,46,30,16,2,1,1,4,2,2,0,0,0,15,7,8,78,35,43,18,6,12,0,0,0,3,0,3,24,14,10,33,15,18,12,6,6
55425101,106,60,46,103,59,44,6,2,4,8,4,4,1,0,1,3,1,2,102,49,53,41,18,23,0,0,0,7,0,7,15,9,6,39,22,17,3,2,1
55426001,92,48,44,91,47,44,3,1,2,16,4,12,2,0,2,1,1,0,85,35,50,51,21,30,0,0,0,3,0,3,15,9,6,16,5,11,1,0,1
55426002,41,24,17,40,23,17,4,2,2,6,3,3,0,0,0,1,1,0,49,24,25,28,16,12,0,0,0,2,0,2,7,2,5,12,6,6,1,0,1
55426004,59,33,26,55,33,22,1,1,0,10,5,5,0,0,0,4,0,4,62,36,26,41,23,18,0,0,0,1,0,1,7,5,2,13,8,5,0,0,0
55427801,11,6,5,11,6,5,0,0,0,1,1,0,0,0,0,0,0,0,14,7,7,10,5,5,0,0,0,0,0,0,1,0,1,3,2,1,0,0,0
55427802,58,34,24,57,33,24,4,2,2,13,9,4,0,0,0,1,1,0,52,27,25,27,13,14,1,0,1,2,0,2,3,2,1,19,12,7,1,0,1
55427804,150,84,66,149,83,66,3,0,3,10,4,6,4,0,4,1,1,0,144,72,72,70,35,35,0,0,0,6,0,6,26,15,11,42,22,20,6,2,4
55427805,14,7,7,13,7,6,0,0,0,3,1,2,0,0,0,1,0,1,20,7,13,9,4,5,0,0,0,1,0,1,5,3,2,5,0,5,0,0,0
55429401,66,40,26,65,39,26,4,2,2,8,3,5,2,0,2,1,1,0,81,38,43,36,14,22,0,0,0,5,0,5,17,8,9,23,16,7,0,0,0
55429402,143,79,64,141,77,64,7,3,4,15,11,4,0,0,0,2,2,0,140,65,75,83,36,47,1,0,1,8,0,8,18,14,4,30,15,15,2,0,2
55429403,48,26,22,48,26,22,0,0,0,7,3,4,0,0,0,0,0,0,45,21,24,20,10,10,0,0,0,1,0,1,8,4,4,16,7,9,0,0,0
55429404,747,423,324,715,406,309,24,10,14,84,45,39,3,0,3,32,17,15,737,323,414,407,171,236,2,0,2,27,0,27,86,37,49,215,115,100,20,11,9
55429405,667,366,301,649,359,290,27,7,20,85,45,40,4,0,4,18,7,11,626,291,335,273,122,151,1,0,1,31,0,31,88,42,46,233,127,106,9,4,5
55431601,115,64,51,114,63,51,4,1,3,6,2,4,1,0,1,1,1,0,89,40,49,45,21,24,0,0,0,3,0,3,13,6,7,28,13,15,1,0,1
55434101,31,20,11,31,20,11,1,1,0,3,2,1,0,0,0,0,0,0,18,7,11,9,4,5,0,0,0,1,0,1,3,2,1,5,1,4,0,0,0
55434102,193,107,86,186,104,82,4,2,2,17,14,3,1,0,1,7,3,4,176,68,108,87,36,51,0,0,0,5,0,5,23,8,15,61,24,37,8,5,3
55435901,228,128,100,215,122,93,2,2,0,18,8,10,0,0,0,13,6,7,203,89,114,116,52,64,0,0,0,5,0,5,12,9,3,70,28,42,3,2,1
55435902,31,14,17,31,14,17,0,0,0,4,3,1,1,0,1,0,0,0,15,5,10,5,2,3,0,0,0,1,0,1,1,1,0,8,2,6,0,0,0
55435903,28,12,16,27,12,15,2,1,1,2,1,1,0,0,0,1,0,1,27,12,15,18,8,10,0,0,0,1,0,1,5,3,2,3,1,2,2,0,2
55438301,37,25,12,35,23,12,2,2,0,6,4,2,0,0,0,2,2,0,38,10,28,16,5,11,1,0,1,2,0,2,5,1,4,14,4,10,0,0,0
55438302,149,80,69,146,79,67,8,4,4,23,16,7,1,0,1,3,1,2,153,60,93,71,29,42,0,0,0,3,0,3,15,3,12,64,28,36,3,2,1
55438303,24,15,9,24,15,9,0,0,0,2,2,0,0,0,0,0,0,0,15,10,5,4,2,2,0,0,0,1,0,1,2,2,0,8,6,2,0,0,0
55439101,45,28,17,45,28,17,3,2,1,3,2,1,0,0,0,0,0,0,51,25,26,28,11,17,0,0,0,1,0,1,7,4,3,15,10,5,2,1,1
55440501,78,43,35,76,42,34,2,1,1,9,4,5,0,0,0,2,1,1,48,21,27,26,11,15,0,0,0,4,0,4,8,5,3,10,5,5,0,0,0
55441301,35,22,13,35,22,13,1,1,0,8,5,3,2,0,2,0,0,0,28,11,17,16,6,10,0,0,0,0,0,0,6,4,2,6,1,5,1,1,0
55441302,27,15,12,26,15,11,1,0,1,1,0,1,0,0,0,1,0,1,27,15,12,14,9,5,1,1,0,3,0,3,6,3,3,3,2,1,1,0,1
55441303,61,40,21,52,35,17,0,0,0,6,5,1,1,0,1,9,5,4,59,19,40,27,8,19,0,0,0,3,0,3,9,3,6,20,8,12,3,2,1
55442102,29,20,9,27,18,9,2,2,0,0,0,0,0,0,0,2,2,0,23,9,14,11,5,6,0,0,0,0,0,0,4,2,2,8,2,6,0,0,0
55442103,58,32,26,54,29,25,0,0,0,1,1,0,1,0,1,4,3,1,59,22,37,32,10,22,1,1,0,1,0,1,10,3,7,15,8,7,2,2,0
55444801,22,12,10,22,12,10,0,0,0,6,5,1,0,0,0,0,0,0,23,9,14,19,6,13,0,0,0,0,0,0,0,0,0,4,3,1,0,0,0
0504660,0,0,0,0,0,0,0,0,0,0,0,0,0,0,0,0,0,0,0,0,0,0,0,0,0,0,0,0,0,0,0,0,0,0,0,0,0,0,0
55445601,39,20,19,37,18,19,2,1,1,3,1,2,2,0,2,2,2,0,33,17,16,15,5,10,1,1,0,1,0,1,6,3,3,10,8,2,2,2,0
55445602,41,27,14,39,25,14,1,1,0,2,1,1,1,0,1,2,2,0,43,19,24,18,7,11,0,0,0,3,0,3,10,3,7,12,9,3,4,1,3
55445603,50,29,21,48,29,19,1,0,1,5,3,2,0,0,0,2,0,2,39,14,25,21,9,12,0,0,0,2,0,2,6,1,5,10,4,6,5,2,3
55445605,17,11,6,16,10,6,0,0,0,1,1,0,0,0,0,1,1,0,15,7,8,12,7,5,0,0,0,1,0,1,2,0,2,0,0,0,1,1,0
55445607,21,14,7,18,13,5,0,0,0,2,1,1,0,0,0,3,1,2,19,12,7,8,5,3,1,0,1,0,0,0,3,3,0,7,4,3,2,1,1
55445609,213,121,92,208,119,89,5,3,2,17,9,8,2,0,2,5,2,3,183,80,103,85,32,53,2,2,0,8,0,8,39,19,20,49,27,22,17,5,12
55446401,103,54,49,100,54,46,4,0,4,17,6,11,0,0,0,3,0,3,77,43,34,30,17,13,0,0,0,4,0,4,10,4,6,33,22,11,0,0,0
55446402,38,22,16,38,22,16,1,0,1,3,2,1,0,0,0,0,0,0,38,15,23,16,6,10,0,0,0,3,0,3,12,7,5,7,2,5,0,0,0
55446403,73,40,33,69,38,31,3,1,2,5,3,2,0,0,0,4,2,2,75,37,38,31,13,18,0,0,0,3,0,3,12,8,4,29,16,13,3,1,2
55446404,34,21,13,32,19,13,0,0,0,9,7,2,0,0,0,2,2,0,30,14,16,13,6,7,0,0,0,2,0,2,6,4,2,9,4,5,1,0,1
55446405,61,33,28,57,30,27,2,0,2,9,5,4,1,0,1,4,3,1,70,29,41,43,19,24,1,0,1,2,0,2,8,4,4,16,6,10,0,0,0
55446406,231,128,103,229,126,103,3,2,1,29,14,15,3,0,3,2,2,0,181,87,94,72,33,39,0,0,0,6,0,6,40,21,19,63,33,30,9,3,6
55447201,74,40,34,73,40,33,5,2,3,7,3,4,0,0,0,1,0,1,74,35,39,34,16,18,0,0,0,3,0,3,10,3,7,27,16,11,1,0,1
56613601,192,108,84,185,107,78,11,6,5,18,8,10,1,0,1,7,1,6,202,106,96,106,47,59,1,0,1,6,0,6,25,16,9,64,43,21,14,9,5
56614401,85,49,36,83,49,34,2,2,0,7,3,4,1,0,1,2,0,2,109,47,62,45,16,29,0,0,0,6,0,6,25,12,13,33,19,14,0,0,0
56616102,67,39,28,63,36,27,3,1,2,14,7,7,0,0,0,4,3,1,62,29,33,23,11,12,0,0,0,5,0,5,13,7,6,21,11,10,3,1,2
56617901,87,50,37,87,50,37,3,2,1,7,6,1,1,0,1,0,0,0,92,42,50,31,13,18,0,0,0,8,0,8,24,11,13,29,18,11,2,2,0
56620901,56,34,22,50,29,21,2,1,1,6,5,1,0,0,0,6,5,1,47,18,29,27,11,16,0,0,0,2,0,2,7,3,4,11,4,7,5,4,1
56625001,57,31,26,54,31,23,1,1,0,4,3,1,0,0,0,3,0,3,62,28,34,24,9,15,0,0,0,2,0,2,16,10,6,20,9,11,2,1,1
56627601,24,11,13,22,11,11,0,0,0,1,0,1,0,0,0,2,0,2,32,13,19,21,9,12,0,0,0,1,0,1,2,1,1,8,3,5,1,1,0
0974970,0,0,0,0,0,0,0,0,0,0,0,0,0,0,0,0,0,0,0,0,0,0,0,0,0,0,0,0,0,0,0,0,0,0,0,0,0,0,0
56629201,56,30,26,51,28,23,1,0,1,2,2,0,0,0,0,5,2,3,80,40,40,40,21,19,1,0,1,1,0,1,7,4,3,31,15,16,7,4,3
56629202,23,15,8,20,14,6,0,0,0,0,0,0,0,0,0,3,1,2,22,11,11,10,3,7,0,0,0,0,0,0,4,3,1,8,5,3,2,1,1
56629203,13,7,6,12,7,5,0,0,0,3,1,2,1,0,1,1,0,1,12,4,8,10,4,6,0,0,0,0,0,0,1,0,1,1,0,1,0,0,0
56633101,14,7,7,14,7,7,0,0,0,2,0,2,2,0,2,0,0,0,17,8,9,7,3,4,0,0,0,2,0,2,7,4,3,1,1,0,0,0,0
56636501,117,69,48,110,65,45,1,0,1,17,9,8,1,0,1,7,4,3,111,51,60,66,30,36,0,0,0,2,0,2,12,6,6,31,15,16,3,2,1
56637301,47,24,23,47,24,23,3,2,1,4,3,1,1,0,1,0,0,0,32,16,16,14,6,8,0,0,0,2,0,2,8,5,3,8,5,3,0,0,0
56664101,87,55,32,84,52,32,0,0,0,9,5,4,0,0,0,3,3,0,70,26,44,50,17,33,0,0,0,2,0,2,3,2,1,15,7,8,2,1,1
59913101,66,38,28,63,37,26,1,0,1,13,9,4,1,0,1,3,1,2,70,31,39,36,19,17,0,0,0,4,0,4,17,7,10,13,5,8,3,1,2
59916602,64,37,27,63,37,26,5,3,2,10,7,3,0,0,0,1,0,1,63,26,37,37,15,22,1,0,1,3,0,3,8,4,4,14,7,7,3,3,0
59917401,29,18,11,29,18,11,0,0,0,4,1,3,0,0,0,0,0,0,27,12,15,17,7,10,1,1,0,0,0,0,1,0,1,8,4,4,0,0,0
59918201,67,36,31,65,35,30,3,0,3,9,3,6,1,0,1,2,1,1,68,34,34,18,11,7,0,0,0,6,0,6,22,12,10,22,11,11,1,0,1
59918202,44,30,14,43,29,14,1,1,0,5,2,3,0,0,0,1,1,0,27,13,14,8,5,3,0,0,0,2,0,2,10,6,4,7,2,5,4,1,3
53008501,26,17,9,21,14,7,0,0,0,2,2,0,0,0,0,5,3,2,30,12,18,18,8,10,1,1,0,1,0,1,2,0,2,8,3,5,1,1,0
53012301,42,20,22,42,20,22,0,0,0,4,1,3,0,0,0,0,0,0,37,20,17,15,10,5,0,0,0,1,0,1,2,0,2,19,10,9,1,0,1
53012302,22,13,9,22,13,9,1,1,0,5,3,2,0,0,0,0,0,0,8,4,4,3,1,2,0,0,0,0,0,0,0,0,0,5,3,2,0,0,0
54174501,56,32,24,54,31,23,2,1,1,8,3,5,0,0,0,2,1,1,66,24,42,36,14,22,1,1,0,1,0,1,9,2,7,19,7,12,0,0,0
54175301,13,9,4,13,9,4,0,0,0,3,2,1,0,0,0,0,0,0,12,4,8,7,2,5,0,0,0,0,0,0,1,0,1,4,2,2,0,0,0
54175302,64,34,30,59,32,27,2,0,2,10,6,4,0,0,0,5,2,3,71,30,41,34,14,20,0,0,0,3,0,3,16,7,9,18,9,9,7,2,5
54175303,35,20,15,31,18,13,0,0,0,0,0,0,1,0,1,4,2,2,28,14,14,8,3,5,0,0,0,0,0,0,10,5,5,10,6,4,0,0,0
54178801,19,11,8,19,11,8,0,0,0,2,0,2,0,0,0,0,0,0,16,8,8,9,5,4,0,0,0,0,0,0,1,0,1,6,3,3,1,0,1
54178802,14,6,8,13,5,8,1,0,1,1,0,1,0,0,0,1,1,0,22,9,13,11,5,6,0,0,0,2,0,2,4,1,3,5,3,2,2,1,1
54178803,66,43,23,61,41,20,0,0,0,11,7,4,0,0,0,5,2,3,63,31,32,35,17,18,1,1,0,1,0,1,8,4,4,18,9,9,5,3,2
54178804,14,8,6,11,7,4,0,0,0,0,0,0,1,0,1,3,1,2,12,8,4,4,2,2,0,0,0,1,0,1,3,3,0,4,3,1,0,0,0
54178805,23,13,10,23,13,10,0,0,0,2,0,2,0,0,0,0,0,0,35,22,13,19,11,8,0,0,0,1,0,1,1,1,0,14,10,4,1,1,0
54179601,69,44,25,65,42,23,2,1,1,8,4,4,0,0,0,4,2,2,82,39,43,48,21,27,0,0,0,7,0,7,14,9,5,13,9,4,0,0,0
54182601,51,30,21,47,28,19,2,1,1,5,3,2,0,0,0,4,2,2,57,23,34,34,15,19,0,0,0,3,0,3,9,5,4,11,3,8,0,0,0
54184201,58,31,27,57,31,26,2,0,2,6,3,3,2,0,2,1,0,1,56,30,26,24,13,11,0,0,0,3,0,3,13,6,7,16,11,5,2,0,2
54184202,19,12,7,19,12,7,0,0,0,2,1,1,0,0,0,0,0,0,27,14,13,14,9,5,0,0,0,1,0,1,2,1,1,10,4,6,4,2,2
54185101,54,34,20,53,33,20,2,2,0,3,3,0,1,0,1,1,1,0,48,24,24,20,9,11,0,0,0,4,0,4,9,7,2,15,8,7,3,1,2
54186901,31,18,13,30,18,12,1,1,0,3,1,2,1,0,1,1,0,1,30,13,17,17,7,10,0,0,0,1,0,1,5,1,4,7,5,2,1,1,0
54188501,21,11,10,20,10,10,1,1,0,2,1,1,0,0,0,1,1,0,17,10,7,7,6,1,0,0,0,0,0,0,2,1,1,8,3,5,1,0,1
54188502,131,77,54,121,70,51,2,1,1,20,14,6,1,0,1,10,7,3,124,54,70,58,25,33,2,2,0,7,0,7,21,12,9,36,15,21,3,1,2
54188503,18,11,7,17,10,7,0,0,0,0,0,0,0,0,0,1,1,0,14,8,6,3,1,2,0,0,0,1,0,1,6,5,1,4,2,2,0,0,0
54191501,104,51,53,104,51,53,2,1,1,12,5,7,1,0,1,0,0,0,114,57,57,50,22,28,1,1,0,4,0,4,16,8,8,43,26,17,2,1,1
54192301,96,52,44,94,51,43,4,1,3,11,6,5,0,0,0,2,1,1,93,44,49,55,25,30,1,0,1,3,1,2,8,2,6,26,16,10,1,0,1
54193101,57,32,25,56,31,25,2,1,1,3,2,1,0,0,0,1,1,0,71,31,40,46,19,27,0,0,0,3,0,3,8,5,3,14,7,7,1,0,1
54195801,56,29,27,56,29,27,2,2,0,3,1,2,0,0,0,0,0,0,39,16,23,25,12,13,0,0,0,1,0,1,4,2,2,9,2,7,0,0,0
54195802,45,28,17,43,28,15,4,3,1,3,2,1,1,0,1,2,0,2,44,20,24,29,14,15,0,0,0,1,0,1,4,2,2,10,4,6,0,0,0
54202401,112,62,50,110,60,50,3,0,3,16,10,6,0,0,0,2,2,0,95,39,56,50,21,29,0,0,0,6,0,6,11,4,7,28,14,14,0,0,0
54205901,26,17,9,24,15,9,1,1,0,4,2,2,0,0,0,2,2,0,30,15,15,19,10,9,0,0,0,2,0,2,7,4,3,2,1,1,0,0,0
54208301,33,22,11,32,21,11,1,0,1,2,2,0,1,0,1,1,1,0,50,25,25,36,18,18,0,0,0,1,0,1,4,2,2,9,5,4,2,1,1
54209101,33,17,16,31,16,15,3,1,2,2,1,1,0,0,0,2,1,1,25,10,15,10,3,7,1,1,0,0,0,0,2,0,2,12,6,6,0,0,0
0978880,0,0,0,0,0,0,0,0,0,0,0,0,0,0,0,0,0,0,0,0,0,0,0,0,0,0,0,0,0,0,0,0,0,0,0,0,0,0,0
0978960,0,0,0,0,0,0,0,0,0,0,0,0,0,0,0,0,0,0,0,0,0,0,0,0,0,0,0,0,0,0,0,0,0,0,0,0,0,0,0
54214801,23,13,10,23,13,10,0,0,0,6,3,3,1,0,1,0,0,0,9,6,3,2,1,1,0,0,0,0,0,0,4,3,1,3,2,1,1,1,0
54214802,31,21,10,30,20,10,1,1,0,2,2,0,1,0,1,1,1,0,22,10,12,5,2,3,0,0,0,2,0,2,9,4,5,6,4,2,3,1,2
54217201,114,67,47,107,65,42,3,0,3,15,10,5,1,0,1,7,2,5,113,50,63,60,22,38,1,0,1,4,0,4,19,6,13,29,22,7,6,2,4
55168601,63,36,27,60,34,26,2,1,1,18,12,6,0,0,0,3,2,1,63,24,39,34,12,22,0,0,0,2,0,2,5,3,2,22,9,13,0,0,0
55352201,47,30,17,46,29,17,3,2,1,3,3,0,1,0,1,1,1,0,46,19,27,29,11,18,0,0,0,1,0,1,9,3,6,7,5,2,0,0,0
55353101,78,47,31,77,47,30,1,1,0,8,5,3,1,0,1,1,0,1,63,23,40,35,14,21,0,0,0,1,0,1,15,6,9,12,3,9,4,3,1
55353102,21,12,9,21,12,9,0,0,0,1,1,0,0,0,0,0,0,0,19,9,10,14,5,9,0,0,0,0,0,0,1,1,0,4,3,1,1,0,1
55353104,47,25,22,46,24,22,2,0,2,6,3,3,0,0,0,1,1,0,62,31,31,33,16,17,0,0,0,5,0,5,9,7,2,15,8,7,0,0,0
55353105,25,14,11,25,14,11,1,0,1,3,1,2,0,0,0,0,0,0,18,8,10,10,5,5,0,0,0,1,0,1,4,1,3,3,2,1,0,0,0
1576012,0,0,0,0,0,0,0,0,0,0,0,0,0,0,0,0,0,0,0,0,0,0,0,0,0,0,0,0,0,0,0,0,0,0,0,0,0,0,0
3195540,0,0,0,0,0,0,0,0,0,0,0,0,0,0,0,0,0,0,0,0,0,0,0,0,0,0,0,0,0,0,0,0,0,0,0,0,0,0,0
3276620,0,0,0,0,0,0,0,0,0,0,0,0,0,0,0,0,0,0,0,0,0,0,0,0,0,0,0,0,0,0,0,0,0,0,0,0,0,0,0
3276710,0,0,0,0,0,0,0,0,0,0,0,0,0,0,0,0,0,0,0,0,0,0,0,0,0,0,0,0,0,0,0,0,0,0,0,0,0,0,0
3276890,0,0,0,0,0,0,0,0,0,0,0,0,0,0,0,0,0,0,0,0,0,0,0,0,0,0,0,0,0,0,0,0,0,0,0,0,0,0,0
3362970,0,0,0,0,0,0,0,0,0,0,0,0,0,0,0,0,0,0,0,0,0,0,0,0,0,0,0,0,0,0,0,0,0,0,0,0,0,0,0
55577101,149,86,63,144,86,58,3,3,0,15,9,6,0,0,0,5,0,5,145,55,90,46,21,25,0,0,0,12,0,12,35,13,22,52,21,31,3,1,2
55577102,20,11,9,20,11,9,0,0,0,2,1,1,0,0,0,0,0,0,23,12,11,8,5,3,0,0,0,0,0,0,3,1,2,12,6,6,2,1,1
55577103,515,282,233,506,276,230,18,7,11,81,41,40,1,0,1,9,6,3,412,159,253,210,77,133,1,1,0,19,0,19,56,27,29,126,54,72,5,4,1
55577104,40,23,17,40,23,17,1,0,1,6,4,2,0,0,0,0,0,0,45,19,26,14,5,9,0,0,0,3,0,3,8,4,4,20,10,10,0,0,0
55577106,25,15,10,25,15,10,1,0,1,1,0,1,0,0,0,0,0,0,27,13,14,10,5,5,0,0,0,1,0,1,5,2,3,11,6,5,2,1,1
55577107,48,27,21,47,26,21,4,1,3,8,5,3,0,0,0,1,1,0,55,22,33,32,15,17,0,0,0,2,0,2,6,3,3,15,4,11,1,0,1
55577108,48,30,18,47,30,17,2,2,0,9,8,1,0,0,0,1,0,1,59,30,29,30,15,15,0,0,0,3,0,3,6,2,4,20,13,7,1,0,1
55577109,17,10,7,17,10,7,0,0,0,4,4,0,0,0,0,0,0,0,17,7,10,12,3,9,0,0,0,1,0,1,2,2,0,2,2,0,0,0,0
55577110,37,22,15,35,20,15,0,0,0,6,3,3,0,0,0,2,2,0,37,13,24,20,9,11,0,0,0,4,0,4,5,2,3,8,2,6,0,0,0
55577111,27,12,15,27,12,15,1,0,1,3,1,2,0,0,0,0,0,0,25,13,12,12,7,5,0,0,0,2,0,2,7,3,4,4,3,1,1,0,1
55577112,68,34,34,64,34,30,1,1,0,9,4,5,0,0,0,4,0,4,50,28,22,22,12,10,0,0,0,3,0,3,7,4,3,18,12,6,1,1,0
55577113,189,111,78,186,111,75,5,1,4,16,9,7,2,0,2,3,0,3,141,53,88,61,21,40,0,0,0,5,0,5,23,10,13,52,22,30,0,0,0
55577114,133,72,61,129,69,60,3,1,2,16,7,9,0,0,0,4,3,1,131,56,75,64,33,31,1,1,0,9,0,9,24,12,12,33,10,23,1,1,0
55577115,53,29,24,53,29,24,6,1,5,6,3,3,1,0,1,0,0,0,55,25,30,30,12,18,0,0,0,2,0,2,8,5,3,15,8,7,0,0,0
55577116,56,34,22,53,33,20,3,3,0,3,3,0,1,0,1,3,1,2,53,18,35,21,8,13,0,0,0,3,0,3,11,7,4,18,3,15,0,0,0
55577117,152,86,66,149,85,64,6,2,4,23,14,9,2,0,2,3,1,2,153,61,92,70,25,45,0,0,0,7,0,7,29,13,16,47,23,24,1,0,1
55577118,91,51,40,89,50,39,3,3,0,16,7,9,1,0,1,2,1,1,84,42,42,33,16,17,0,0,0,5,0,5,19,10,9,27,16,11,1,0,1
55577119,16,9,7,16,9,7,0,0,0,2,1,1,0,0,0,0,0,0,18,7,11,11,5,6,0,0,0,0,0,0,2,2,0,5,0,5,1,0,1
55577120,80,44,36,77,41,36,1,1,0,16,9,7,0,0,0,3,3,0,65,31,34,26,13,13,0,0,0,4,0,4,9,5,4,26,13,13,4,3,1
55577121,31,16,15,31,16,15,4,0,4,0,0,0,0,0,0,0,0,0,29,15,14,10,6,4,0,0,0,3,0,3,6,2,4,10,7,3,0,0,0
55577122,393,225,168,363,204,159,6,1,5,30,16,14,3,0,3,30,21,9,295,137,158,116,49,67,1,1,0,12,0,12,62,37,25,104,50,54,88,65,23
55577123,182,103,79,172,96,76,6,2,4,19,9,10,1,0,1,10,7,3,135,58,77,80,27,53,1,1,0,2,0,2,14,6,8,38,24,14,4,0,4
55577125,25,17,8,25,17,8,0,0,0,2,2,0,0,0,0,0,0,0,18,5,13,10,3,7,0,0,0,1,0,1,2,1,1,5,1,4,0,0,0
55577128,474,247,227,457,238,219,18,9,9,63,34,29,6,0,6,17,9,8,499,219,280,296,126,170,3,0,3,10,1,9,50,24,26,140,68,72,4,1,3
55577129,22,14,8,22,14,8,1,0,1,3,2,1,0,0,0,0,0,0,12,8,4,2,1,1,0,0,0,1,0,1,4,3,1,5,4,1,0,0,0
55577130,16,9,7,16,9,7,0,0,0,2,1,1,1,0,1,0,0,0,12,7,5,1,1,0,0,0,0,0,0,0,11,6,5,0,0,0,6,2,4
55577131,529,280,249,510,272,238,19,10,9,76,39,37,6,0,6,19,8,11,460,198,262,247,97,150,0,0,0,19,0,19,83,50,33,111,51,60,12,5,7
55577132,305,164,141,298,160,138,15,8,7,45,21,24,2,0,2,7,4,3,257,101,156,146,54,92,1,0,1,14,1,13,40,24,16,56,22,34,7,2,5
55577133,469,241,228,454,231,223,18,7,11,62,30,32,1,0,1,15,10,5,291,128,163,135,51,84,0,0,0,18,0,18,56,30,26,82,47,35,5,3,2
55577134,169,79,90,165,76,89,3,0,3,20,8,12,3,0,3,4,3,1,174,70,104,110,42,68,0,0,0,3,0,3,21,8,13,40,20,20,4,2,2
55577135,508,264,244,459,244,215,13,6,7,71,29,42,4,0,4,49,20,29,412,158,254,212,66,146,0,0,0,15,0,15,55,31,24,130,61,69,11,5,6
55577136,48,24,24,41,20,21,3,2,1,5,2,3,1,0,1,7,4,3,22,11,11,2,0,2,0,0,0,1,0,1,7,5,2,12,6,6,3,2,1
55577138,260,144,116,248,134,114,10,7,3,34,15,19,1,0,1,12,10,2,263,98,165,162,54,108,0,0,0,10,0,10,37,20,17,54,24,30,5,3,2
55577139,350,185,165,333,178,155,10,2,8,42,24,18,3,0,3,17,7,10,360,142,218,193,78,115,0,0,0,11,1,10,39,14,25,117,49,68,13,7,6
55577140,37,22,15,36,22,14,0,0,0,3,2,1,0,0,0,1,0,1,41,16,25,21,9,12,0,0,0,2,0,2,9,3,6,9,4,5,0,0,0
55577141,845,440,405,822,432,390,27,12,15,103,49,54,6,0,6,23,8,15,702,306,396,318,122,196,0,0,0,35,1,34,112,59,53,237,124,113,11,4,7
55577142,1037,551,486,1018,543,475,32,16,16,138,63,75,3,0,3,19,8,11,1274,490,784,888,301,587,4,2,2,30,0,30,117,61,56,235,126,109,20,12,8
55577143,458,240,218,446,233,213,18,7,11,72,38,34,2,0,2,12,7,5,413,170,243,228,91,137,0,0,0,9,0,9,49,16,33,127,63,64,6,5,1
55577144,221,111,110,213,109,104,7,1,6,28,13,15,0,0,0,8,2,6,269,108,161,166,62,104,1,1,0,11,0,11,34,18,16,57,27,30,6,3,3
55577145,14,7,7,14,7,7,0,0,0,3,2,1,0,0,0,0,0,0,11,7,4,8,4,4,0,0,0,0,0,0,0,0,0,3,3,0,0,0,0
55577146,398,207,191,386,202,184,17,8,9,96,51,45,3,0,3,12,5,7,380,171,209,220,89,131,4,1,3,10,0,10,45,31,14,101,50,51,3,1,2
55577147,242,125,117,240,123,117,22,11,11,21,12,9,2,0,2,2,2,0,155,79,76,26,13,13,0,0,0,10,0,10,30,19,11,89,47,42,3,2,1
55577148,167,89,78,164,88,76,12,3,9,20,13,7,0,0,0,3,1,2,128,59,69,65,22,43,0,0,0,1,0,1,13,4,9,49,33,16,5,3,2
55577149,274,137,137,266,134,132,13,6,7,39,18,21,2,0,2,8,3,5,272,110,162,160,53,107,0,0,0,7,0,7,37,18,19,68,39,29,9,5,4
55577150,815,430,385,791,417,374,24,10,14,113,52,61,11,0,11,24,13,11,739,320,419,372,164,208,1,0,1,33,0,33,122,52,70,211,104,107,11,4,7
55577151,575,304,271,555,295,260,11,6,5,78,26,52,3,0,3,20,9,11,482,198,284,248,102,146,0,0,0,23,1,22,77,30,47,134,65,69,10,7,3
55577153,368,189,179,356,183,173,9,6,3,48,21,27,8,0,8,12,6,6,362,149,213,178,71,107,1,0,1,15,1,14,60,30,30,108,47,61,9,5,4
55577154,147,71,76,142,67,75,12,4,8,7,5,2,1,0,1,5,4,1,94,42,52,20,11,9,0,0,0,4,0,4,19,11,8,51,20,31,1,0,1
55579701,287,152,135,279,149,130,10,2,8,36,15,21,4,0,4,8,3,5,303,149,154,164,76,88,0,0,0,7,0,7,42,25,17,90,48,42,2,1,1
55579702,16,9,7,16,9,7,0,0,0,5,3,2,0,0,0,0,0,0,6,5,1,2,2,0,0,0,0,0,0,0,3,2,1,1,1,0,0,0,0
55579703,64,34,30,62,33,29,4,1,3,6,3,3,0,0,0,2,1,1,64,29,35,27,16,11,0,0,0,2,0,2,11,5,6,24,8,16,2,0,2
55579705,39,23,16,38,23,15,3,2,1,9,5,4,0,0,0,1,0,1,36,14,22,14,5,9,0,0,0,3,0,3,7,0,7,12,9,3,0,0,0
55580101,308,163,145,300,160,140,10,4,6,43,24,19,1,0,1,8,3,5,291,138,153,129,57,72,0,0,0,9,0,9,42,21,21,111,60,51,6,4,2
55580102,75,41,34,74,40,34,1,1,0,14,7,7,0,0,0,1,1,0,81,33,48,48,19,29,0,0,0,3,0,3,5,3,2,25,11,14,0,0,0
55580103,21,9,12,20,9,11,1,0,1,4,3,1,0,0,0,1,0,1,14,5,9,5,2,3,0,0,0,1,0,1,4,2,2,4,1,3,1,1,0
55580104,19,10,9,18,10,8,1,1,0,2,1,1,0,0,0,1,0,1,10,4,6,4,1,3,0,0,0,1,0,1,3,1,2,2,2,0,0,0,0
55580105,20,11,9,19,10,9,1,1,0,3,2,1,0,0,0,1,1,0,18,6,12,11,4,7,0,0,0,0,0,0,0,0,0,7,2,5,0,0,0
55580106,23,12,11,16,9,7,0,0,0,0,0,0,0,0,0,7,3,4,30,16,14,8,4,4,0,0,0,2,0,2,6,5,1,14,7,7,3,1,2
55583501,244,138,106,241,138,103,13,7,6,20,12,8,1,0,1,3,0,3,172,79,93,63,27,36,0,0,0,9,0,9,36,23,13,64,29,35,5,3,2
55583502,56,30,26,55,30,25,3,2,1,10,4,6,0,0,0,1,0,1,59,23,36,26,9,17,0,0,0,2,0,2,6,2,4,25,12,13,3,1,2
55583503,19,8,11,17,7,10,1,0,1,1,1,0,0,0,0,2,1,1,15,8,7,11,6,5,0,0,0,1,0,1,1,1,0,2,1,1,0,0,0
55583504,48,24,24,47,23,24,3,3,0,5,3,2,0,0,0,1,1,0,44,25,19,13,4,9,0,0,0,2,0,2,9,6,3,20,15,5,1,1,0
55583505,26,13,13,25,12,13,1,1,0,2,1,1,0,0,0,1,1,0,38,15,23,18,6,12,0,0,0,1,0,1,4,2,2,15,7,8,2,2,0
55583506,12,8,4,12,8,4,0,0,0,0,0,0,0,0,0,0,0,0,7,4,3,5,3,2,0,0,0,0,0,0,1,1,0,1,0,1,1,1,0
55589401,120,71,49,118,71,47,5,1,4,12,2,10,1,0,1,2,0,2,118,51,67,63,28,35,0,0,0,7,0,7,21,9,12,27,14,13,2,1,1
55589403,29,18,11,27,16,11,2,0,2,8,5,3,0,0,0,2,2,0,34,13,21,26,8,18,0,0,0,0,0,0,0,0,0,8,5,3,0,0,0
1989780,0,0,0,0,0,0,0,0,0,0,0,0,0,0,0,0,0,0,0,0,0,0,0,0,0,0,0,0,0,0,0,0,0,0,0,0,0,0,0
1991250,0,0,0,0,0,0,0,0,0,0,0,0,0,0,0,0,0,0,0,0,0,0,0,0,0,0,0,0,0,0,0,0,0,0,0,0,0,0,0
55594102,32,16,16,32,16,16,0,0,0,3,0,3,0,0,0,0,0,0,13,6,7,8,3,5,0,0,0,1,0,1,1,1,0,3,2,1,2,0,2
55594103,87,44,43,82,42,40,3,1,2,9,5,4,0,0,0,5,2,3,77,41,36,35,19,16,0,0,0,1,0,1,17,8,9,24,14,10,9,6,3
55594105,21,16,5,21,16,5,3,3,0,1,0,1,0,0,0,0,0,0,25,12,13,9,4,5,0,0,0,3,0,3,8,4,4,5,4,1,0,0,0
55594108,47,27,20,47,27,20,1,0,1,10,6,4,0,0,0,0,0,0,67,30,37,44,16,28,1,0,1,0,0,0,7,3,4,15,11,4,8,3,5
55594111,19,11,8,15,9,6,1,1,0,4,2,2,0,0,0,4,2,2,14,8,6,11,6,5,0,0,0,1,0,1,1,1,0,1,1,0,0,0,0
55594112,28,16,12,27,15,12,1,0,1,3,2,1,0,0,0,1,1,0,23,14,9,11,7,4,0,0,0,1,0,1,1,1,0,10,6,4,0,0,0
0256740,0,0,0,0,0,0,0,0,0,0,0,0,0,0,0,0,0,0,0,0,0,0,0,0,0,0,0,0,0,0,0,0,0,0,0,0,0,0,0
55604102,30,16,14,29,15,14,1,0,1,4,2,2,0,0,0,1,1,0,20,8,12,11,5,6,1,0,1,0,0,0,3,1,2,5,2,3,2,1,1
55604103,19,12,7,19,12,7,0,0,0,2,1,1,1,0,1,0,0,0,20,8,12,15,6,9,0,0,0,0,0,0,4,1,3,1,1,0,1,1,0
55604106,196,117,79,187,113,74,7,3,4,30,16,14,2,0,2,9,4,5,209,87,122,117,52,65,0,0,0,11,1,10,33,19,14,48,15,33,10,4,6
55604107,84,53,31,84,53,31,0,0,0,6,5,1,0,0,0,0,0,0,98,47,51,37,20,17,0,0,0,13,1,12,22,12,10,26,14,12,1,0,1
55606801,21,12,9,21,12,9,0,0,0,1,1,0,1,0,1,0,0,0,26,13,13,20,10,10,0,0,0,0,0,0,5,3,2,1,0,1,0,0,0
55606802,72,44,28,71,44,27,4,1,3,5,4,1,0,0,0,1,0,1,85,39,46,43,19,24,0,0,0,4,0,4,13,8,5,25,12,13,6,4,2
55606804,36,21,15,36,21,15,1,1,0,5,2,3,0,0,0,0,0,0,34,13,21,19,9,10,0,0,0,3,0,3,7,3,4,5,1,4,0,0,0
55606805,21,13,8,18,12,6,0,0,0,0,0,0,0,0,0,3,1,2,23,10,13,9,3,6,0,0,0,0,0,0,2,2,0,12,5,7,1,1,0
55606806,52,28,24,45,26,19,0,0,0,9,3,6,1,0,1,7,2,5,69,32,37,28,15,13,0,0,0,6,0,6,22,11,11,13,6,7,10,4,6
0265222,0,0,0,0,0,0,0,0,0,0,0,0,0,0,0,0,0,0,0,0,0,0,0,0,0,0,0,0,0,0,0,0,0,0,0,0,0,0,0
55607601,32,18,14,31,17,14,0,0,0,9,4,5,1,0,1,1,1,0,24,12,12,15,7,8,0,0,0,1,0,1,3,2,1,5,3,2,0,0,0
55607602,17,12,5,15,10,5,0,0,0,1,1,0,0,0,0,2,2,0,28,9,19,17,7,10,0,0,0,1,0,1,3,1,2,7,1,6,0,0,0
55607603,336,186,150,314,170,144,9,1,8,50,25,25,4,0,4,22,16,6,321,154,167,156,76,80,1,1,0,12,0,12,50,20,30,102,57,45,8,5,3
55607604,18,10,8,15,8,7,0,0,0,5,3,2,0,0,0,3,2,1,15,7,8,6,2,4,0,0,0,0,0,0,3,1,2,6,4,2,0,0,0
55607605,23,13,10,21,12,9,0,0,0,2,1,1,0,0,0,2,1,1,17,7,10,6,4,2,0,0,0,0,0,0,3,1,2,8,2,6,0,0,0
1989350,0,0,0,0,0,0,0,0,0,0,0,0,0,0,0,0,0,0,0,0,0,0,0,0,0,0,0,0,0,0,0,0,0,0,0,0,0,0,0
55608401,57,35,22,52,32,20,0,0,0,2,1,1,0,0,0,5,3,2,45,24,21,24,12,12,0,0,0,2,0,2,8,3,5,11,9,2,2,0,2
55608402,19,10,9,19,10,9,3,0,3,2,2,0,0,0,0,0,0,0,11,5,6,1,1,0,0,0,0,0,0,0,4,3,1,6,1,5,0,0,0
55610601,11,7,4,11,7,4,0,0,0,1,0,1,0,0,0,0,0,0,11,5,6,6,2,4,0,0,0,0,0,0,2,1,1,3,2,1,0,0,0
55610602,221,120,101,214,117,97,8,3,5,13,10,3,3,0,3,7,3,4,183,80,103,85,37,48,0,0,0,7,0,7,23,12,11,68,31,37,5,3,2
55610603,67,39,28,63,37,26,1,0,1,8,4,4,1,0,1,4,2,2,56,26,30,16,9,7,0,0,0,3,0,3,10,5,5,27,12,15,2,2,0
55610604,18,12,6,17,11,6,0,0,0,4,3,1,0,0,0,1,1,0,15,8,7,8,5,3,0,0,0,0,0,0,1,0,1,6,3,3,0,0,0
55610605,119,70,49,115,69,46,5,3,2,10,7,3,0,0,0,4,1,3,120,49,71,66,28,38,0,0,0,4,0,4,19,11,8,31,10,21,0,0,0
55610606,24,16,8,23,16,7,1,0,1,2,1,1,0,0,0,1,0,1,23,9,14,12,5,7,0,0,0,1,0,1,3,0,3,7,4,3,0,0,0
55610607,16,7,9,15,6,9,1,1,0,1,0,1,0,0,0,1,1,0,11,4,7,4,1,3,0,0,0,1,0,1,3,2,1,3,1,2,0,0,0
55610609,10,6,4,7,4,3,1,0,1,0,0,0,0,0,0,3,2,1,11,6,5,7,4,3,0,0,0,0,0,0,2,1,1,2,1,1,0,0,0
0373622,0,0,0,0,0,0,0,0,0,0,0,0,0,0,0,0,0,0,0,0,0,0,0,0,0,0,0,0,0,0,0,0,0,0,0,0,0,0,0
0373713,0,0,0,0,0,0,0,0,0,0,0,0,0,0,0,0,0,0,0,0,0,0,0,0,0,0,0,0,0,0,0,0,0,0,0,0,0,0,0
0374350,0,0,0,0,0,0,0,0,0,0,0,0,0,0,0,0,0,0,0,0,0,0,0,0,0,0,0,0,0,0,0,0,0,0,0,0,0,0,0
1989940,0,0,0,0,0,0,0,0,0,0,0,0,0,0,0,0,0,0,0,0,0,0,0,0,0,0,0,0,0,0,0,0,0,0,0,0,0,0,0
1990010,0,0,0,0,0,0,0,0,0,0,0,0,0,0,0,0,0,0,0,0,0,0,0,0,0,0,0,0,0,0,0,0,0,0,0,0,0,0,0
1990280,0,0,0,0,0,0,0,0,0,0,0,0,0,0,0,0,0,0,0,0,0,0,0,0,0,0,0,0,0,0,0,0,0,0,0,0,0,0,0
1990360,0,0,0,0,0,0,0,0,0,0,0,0,0,0,0,0,0,0,0,0,0,0,0,0,0,0,0,0,0,0,0,0,0,0,0,0,0,0,0
3208890,0,0,0,0,0,0,0,0,0,0,0,0,0,0,0,0,0,0,0,0,0,0,0,0,0,0,0,0,0,0,0,0,0,0,0,0,0,0,0
55618101,23,13,10,22,13,9,0,0,0,2,2,0,0,0,0,1,0,1,21,9,12,16,7,9,0,0,0,0,0,0,2,2,0,3,0,3,0,0,0
55618102,268,156,112,247,145,102,5,5,0,25,11,14,2,0,2,21,11,10,300,126,174,175,71,104,0,0,0,17,1,16,43,22,21,65,32,33,10,8,2
55618103,13,6,7,13,6,7,0,0,0,3,2,1,0,0,0,0,0,0,26,10,16,17,7,10,0,0,0,1,0,1,3,1,2,5,2,3,0,0,0
55618105,26,15,11,24,13,11,1,0,1,3,1,2,0,0,0,2,2,0,19,12,7,13,8,5,0,0,0,0,0,0,1,0,1,5,4,1,1,0,1
55618108,39,19,20,37,17,20,1,0,1,5,2,3,0,0,0,2,2,0,36,16,20,21,8,13,0,0,0,1,0,1,3,0,3,11,8,3,1,1,0
55618111,10,6,4,10,6,4,0,0,0,3,3,0,1,0,1,0,0,0,16,7,9,9,3,6,0,0,0,0,0,0,3,3,0,4,1,3,0,0,0
55618113,15,8,7,14,7,7,0,0,0,6,2,4,0,0,0,1,1,0,15,8,7,7,3,4,0,0,0,1,0,1,3,3,0,4,2,2,0,0,0
55618116,25,17,8,25,17,8,3,3,0,6,3,3,0,0,0,0,0,0,19,8,11,11,6,5,0,0,0,1,0,1,5,1,4,2,1,1,0,0,0
55618120,14,10,4,13,9,4,0,0,0,3,3,0,0,0,0,1,1,0,18,9,9,5,4,1,0,0,0,3,0,3,7,4,3,3,1,2,1,1,0
0391791,0,0,0,0,0,0,0,0,0,0,0,0,0,0,0,0,0,0,0,0,0,0,0,0,0,0,0,0,0,0,0,0,0,0,0,0,0,0,0
55620301,12,5,7,11,5,6,1,0,1,0,0,0,0,0,0,1,0,1,16,5,11,7,2,5,0,0,0,1,0,1,2,0,2,6,3,3,0,0,0
55620302,17,10,7,17,10,7,1,1,0,0,0,0,0,0,0,0,0,0,18,7,11,10,4,6,0,0,0,1,0,1,2,1,1,5,2,3,0,0,0
55620304,55,33,22,53,32,21,1,0,1,9,5,4,1,0,1,2,1,1,48,25,23,22,10,12,0,0,0,1,0,1,9,5,4,16,10,6,3,2,1
55620306,17,10,7,17,10,7,0,0,0,2,1,1,0,0,0,0,0,0,19,9,10,10,5,5,1,1,0,2,0,2,5,2,3,1,1,0,0,0,0
55620307,55,31,24,53,31,22,2,1,1,3,2,1,1,0,1,2,0,2,49,21,28,26,13,13,0,0,0,1,0,1,8,2,6,14,6,8,1,0,1
55620308,20,11,9,19,11,8,0,0,0,1,1,0,0,0,0,1,0,1,20,9,11,14,6,8,0,0,0,0,0,0,3,2,1,3,1,2,0,0,0
55620309,13,7,6,13,7,6,1,1,0,2,1,1,0,0,0,0,0,0,9,6,3,4,3,1,1,0,1,0,0,0,1,1,0,3,2,1,0,0,0
55620310,15,11,4,14,11,3,0,0,0,5,4,1,0,0,0,1,0,1,18,8,10,14,6,8,0,0,0,1,0,1,1,0,1,2,2,0,0,0,0
55620311,38,20,18,37,20,17,4,1,3,9,5,4,0,0,0,1,0,1,27,15,12,13,6,7,0,0,0,1,0,1,3,2,1,10,7,3,0,0,0
55620314,9,5,4,8,5,3,0,0,0,3,1,2,0,0,0,1,0,1,12,7,5,8,4,4,0,0,0,0,0,0,2,2,0,2,1,1,0,0,0
0419040,0,0,0,0,0,0,0,0,0,0,0,0,0,0,0,0,0,0,0,0,0,0,0,0,0,0,0,0,0,0,0,0,0,0,0,0,0,0,0
3021040,0,0,0,0,0,0,0,0,0,0,0,0,0,0,0,0,0,0,0,0,0,0,0,0,0,0,0,0,0,0,0,0,0,0,0,0,0,0,0
55625401,35,20,15,32,19,13,3,1,2,3,2,1,0,0,0,3,1,2,26,14,12,11,4,7,0,0,0,1,0,1,4,4,0,10,6,4,0,0,0
55625402,30,20,10,29,19,10,1,0,1,2,2,0,1,0,1,1,1,0,17,5,12,10,3,7,0,0,0,0,0,0,2,1,1,5,1,4,3,2,1
55625403,35,17,18,34,17,17,0,0,0,4,2,2,1,0,1,1,0,1,47,25,22,30,15,15,0,0,0,0,0,0,2,1,1,15,9,6,0,0,0
55625404,39,23,16,38,23,15,2,2,0,9,5,4,1,0,1,1,0,1,35,16,19,19,8,11,0,0,0,0,0,0,2,0,2,14,8,6,0,0,0
55625405,78,47,31,74,46,28,1,1,0,9,3,6,2,0,2,4,1,3,84,38,46,51,21,30,0,0,0,3,0,3,13,11,2,17,6,11,0,0,0
55625406,43,24,19,42,24,18,1,1,0,7,5,2,0,0,0,1,0,1,62,26,36,39,18,21,0,0,0,2,0,2,4,2,2,17,6,11,0,0,0
55625407,54,28,26,53,27,26,1,1,0,9,5,4,0,0,0,1,1,0,46,19,27,29,12,17,0,0,0,1,0,1,4,1,3,12,6,6,1,1,0
55625408,700,367,333,682,359,323,27,13,14,98,54,44,4,0,4,18,8,10,825,327,498,562,214,348,2,1,1,14,0,14,61,26,35,186,86,100,8,4,4
55625410,151,87,64,147,85,62,9,5,4,21,12,9,0,0,0,4,2,2,115,51,64,59,25,34,0,0,0,5,0,5,17,6,11,34,20,14,2,2,0
55625411,14,7,7,14,7,7,0,0,0,1,0,1,0,0,0,0,0,0,20,11,9,4,3,1,0,0,0,3,0,3,4,3,1,9,5,4,0,0,0
55625412,321,171,150,304,161,143,12,5,7,45,19,26,1,0,1,17,10,7,290,128,162,145,56,89,1,0,1,12,0,12,37,22,15,95,50,45,26,17,9
55625413,101,56,45,99,55,44,7,3,4,19,10,9,1,0,1,2,1,1,97,33,64,38,13,25,0,0,0,7,0,7,18,9,9,34,11,23,4,3,1
55625414,378,219,159,365,212,153,15,5,10,51,28,23,4,0,4,13,7,6,345,147,198,181,73,108,1,1,0,10,0,10,42,25,17,111,48,63,7,3,4
55625415,17,9,8,17,9,8,2,1,1,3,1,2,0,0,0,0,0,0,7,5,2,4,3,1,0,0,0,0,0,0,1,0,1,2,2,0,1,0,1
55625416,12,6,6,12,6,6,2,1,1,1,1,0,1,0,1,0,0,0,9,5,4,3,1,2,0,0,0,0,0,0,1,1,0,5,3,2,0,0,0
55625417,75,42,33,73,40,33,3,0,3,3,3,0,0,0,0,2,2,0,80,37,43,38,18,20,0,0,0,3,0,3,6,1,5,33,18,15,0,0,0
55625418,363,193,170,342,184,158,10,4,6,39,16,23,2,0,2,21,9,12,382,178,204,151,61,90,1,1,0,16,0,16,67,32,35,147,84,63,2,0,2
55630101,78,46,32,73,44,29,1,1,0,15,8,7,0,0,0,5,2,3,72,42,30,42,22,20,0,0,0,2,0,2,6,4,2,22,16,6,0,0,0
55630102,29,18,11,29,18,11,0,0,0,7,6,1,0,0,0,0,0,0,45,21,24,29,12,17,0,0,0,0,0,0,3,1,2,13,8,5,1,0,1
55630104,49,27,22,48,26,22,1,0,1,7,3,4,0,0,0,1,1,0,56,25,31,32,16,16,0,0,0,1,0,1,3,1,2,20,8,12,1,0,1
55630105,18,12,6,17,12,5,0,0,0,1,1,0,0,0,0,1,0,1,23,11,12,13,6,7,0,0,0,0,0,0,2,1,1,8,4,4,0,0,0
55630106,346,200,146,334,192,142,15,9,6,47,30,17,3,0,3,12,8,4,356,143,213,153,54,99,0,0,0,18,0,18,66,29,37,119,60,59,7,5,2
55630107,37,18,19,36,18,18,0,0,0,9,4,5,0,0,0,1,0,1,26,12,14,15,7,8,0,0,0,1,0,1,3,1,2,7,4,3,0,0,0
55630108,67,34,33,64,33,31,0,0,0,14,7,7,1,0,1,3,1,2,53,24,29,21,10,11,0,0,0,2,0,2,10,5,5,20,9,11,0,0,0
55630109,22,11,11,22,11,11,3,1,2,3,2,1,0,0,0,0,0,0,21,10,11,10,3,7,0,0,0,0,0,0,1,0,1,10,7,3,0,0,0
55631901,37,22,15,36,21,15,2,0,2,2,2,0,1,0,1,1,1,0,22,11,11,17,7,10,0,0,0,0,0,0,2,2,0,3,2,1,0,0,0
55631902,131,77,54,126,75,51,5,0,5,22,7,15,0,0,0,5,2,3,146,66,80,55,26,29,0,0,0,10,0,10,36,15,21,45,25,20,4,2,2
55631903,34,21,13,34,21,13,1,0,1,5,4,1,0,0,0,0,0,0,43,15,28,31,13,18,0,0,0,0,0,0,4,1,3,8,1,7,1,1,0
55633501,16,10,6,13,8,5,0,0,0,3,2,1,0,0,0,3,2,1,10,4,6,6,1,5,0,0,0,0,0,0,0,0,0,4,3,1,0,0,0
55633502,27,17,10,27,17,10,0,0,0,2,1,1,0,0,0,0,0,0,36,17,19,25,12,13,0,0,0,1,0,1,4,2,2,6,3,3,1,0,1
55633503,41,21,20,38,21,17,0,0,0,6,2,4,1,0,1,3,0,3,27,12,15,12,6,6,0,0,0,2,0,2,5,3,2,8,3,5,0,0,0
55633504,28,17,11,28,17,11,1,0,1,2,1,1,1,0,1,0,0,0,32,16,16,22,11,11,0,0,0,0,0,0,0,0,0,10,5,5,1,1,0
55633505,49,27,22,48,27,21,1,0,1,4,2,2,0,0,0,1,0,1,67,29,38,27,12,15,0,0,0,6,0,6,11,7,4,23,10,13,0,0,0
55633506,19,15,4,19,15,4,0,0,0,0,0,0,0,0,0,0,0,0,0,0,0,0,0,0,0,0,0,0,0,0,0,0,0,0,0,0,1,1,0
55633507,190,110,80,183,108,75,3,0,3,24,15,9,1,0,1,7,2,5,183,89,94,96,42,54,0,0,0,13,0,13,25,15,10,49,32,17,3,2,1
55634301,65,33,32,64,32,32,1,0,1,8,4,4,1,0,1,1,1,0,69,32,37,38,17,21,0,0,0,1,0,1,9,5,4,21,10,11,5,4,1
55637802,321,180,141,311,176,135,7,5,2,33,17,16,3,0,3,10,4,6,323,136,187,156,63,93,0,0,0,15,0,15,58,24,34,94,49,45,6,2,4
55637803,28,16,12,28,16,12,1,1,0,6,4,2,0,0,0,0,0,0,25,14,11,13,6,7,0,0,0,0,0,0,7,5,2,5,3,2,0,0,0
55637804,13,7,6,13,7,6,0,0,0,4,2,2,0,0,0,0,0,0,17,6,11,12,4,8,0,0,0,0,0,0,2,1,1,3,1,2,0,0,0
0547210,0,0,0,0,0,0,0,0,0,0,0,0,0,0,0,0,0,0,0,0,0,0,0,0,0,0,0,0,0,0,0,0,0,0,0,0,0,0,0
55638601,19,10,9,18,9,9,1,0,1,3,1,2,0,0,0,1,1,0,14,7,7,5,3,2,0,0,0,0,0,0,2,2,0,7,2,5,3,1,2
55638602,36,18,18,34,18,16,0,0,0,5,4,1,0,0,0,2,0,2,39,21,18,19,10,9,1,0,1,0,0,0,6,4,2,13,7,6,1,1,0
55638603,113,71,42,106,68,38,1,1,0,14,7,7,1,0,1,7,3,4,110,58,52,44,21,23,0,0,0,7,0,7,30,20,10,29,17,12,8,2,6
55638605,86,47,39,85,47,38,0,0,0,8,5,3,0,0,0,1,0,1,87,37,50,43,19,24,0,0,0,5,0,5,12,3,9,27,15,12,0,0,0
55638607,10,4,6,9,4,5,0,0,0,0,0,0,1,0,1,1,0,1,12,4,8,6,4,2,0,0,0,1,0,1,5,0,5,0,0,0,0,0,0
55638608,23,13,10,21,12,9,0,0,0,1,1,0,1,0,1,2,1,1,31,13,18,12,4,8,0,0,0,2,0,2,7,4,3,10,5,5,1,1,0
55639401,25,16,9,25,16,9,1,1,0,5,4,1,0,0,0,0,0,0,25,10,15,12,3,9,0,0,0,2,0,2,4,2,2,7,5,2,0,0,0
55639402,46,24,22,46,24,22,1,0,1,7,3,4,0,0,0,0,0,0,61,28,33,25,11,14,0,0,0,3,0,3,9,3,6,24,14,10,1,1,0
55639403,27,14,13,27,14,13,1,1,0,7,4,3,0,0,0,0,0,0,27,11,16,12,5,7,1,1,0,1,0,1,5,1,4,8,4,4,1,0,1
55639404,25,14,11,25,14,11,1,1,0,1,0,1,0,0,0,0,0,0,34,14,20,13,6,7,0,0,0,3,0,3,4,3,1,14,5,9,0,0,0
55639405,14,9,5,14,9,5,0,0,0,0,0,0,0,0,0,0,0,0,27,11,16,12,5,7,1,1,0,0,0,0,2,0,2,12,5,7,1,0,1
55639406,788,444,344,750,428,322,21,7,14,79,41,38,6,0,6,38,16,22,688,296,392,269,112,157,2,1,1,40,0,40,134,60,74,243,123,120,20,11,9
55639407,199,154,45,196,151,45,1,1,0,3,1,2,1,0,1,3,3,0,140,45,95,89,23,66,0,0,0,4,0,4,16,7,9,31,15,16,8,4,4
55639408,17,11,6,16,11,5,0,0,0,5,3,2,0,0,0,1,0,1,8,2,6,6,1,5,0,0,0,0,0,0,1,1,0,1,0,1,0,0,0
55639409,13,7,6,12,7,5,0,0,0,0,0,0,0,0,0,1,0,1,16,7,9,8,5,3,0,0,0,2,0,2,3,0,3,3,2,1,0,0,0
55639410,24,14,10,24,14,10,0,0,0,1,0,1,2,0,2,0,0,0,22,10,12,11,4,7,0,0,0,0,0,0,3,1,2,8,5,3,0,0,0
55639411,70,40,30,65,38,27,3,1,2,8,4,4,1,0,1,5,2,3,78,31,47,36,18,18,1,1,0,5,0,5,11,5,6,25,7,18,3,1,2
55639412,27,12,15,24,12,12,2,1,1,2,1,1,0,0,0,3,0,3,34,14,20,25,11,14,0,0,0,0,0,0,1,0,1,8,3,5,0,0,0
55643201,23,16,7,21,15,6,0,0,0,3,3,0,0,0,0,2,1,1,18,8,10,12,4,8,0,0,0,0,0,0,5,3,2,1,1,0,0,0,0
55643202,15,8,7,12,6,6,0,0,0,3,2,1,0,0,0,3,2,1,6,3,3,0,0,0,0,0,0,1,0,1,2,2,0,3,1,2,0,0,0
55643203,538,296,242,502,279,223,15,8,7,79,39,40,2,0,2,36,17,19,632,279,353,353,139,214,2,2,0,20,0,20,92,45,47,165,93,72,20,12,8
55643204,28,15,13,27,15,12,0,0,0,3,1,2,0,0,0,1,0,1,20,7,13,10,3,7,0,0,0,1,0,1,3,1,2,6,3,3,0,0,0
55643208,10,6,4,10,6,4,0,0,0,3,1,2,0,0,0,0,0,0,16,10,6,8,4,4,0,0,0,1,0,1,2,2,0,5,4,1,0,0,0
55643209,19,12,7,19,12,7,0,0,0,1,1,0,0,0,0,0,0,0,16,4,12,7,1,6,0,0,0,1,0,1,2,1,1,6,2,4,0,0,0
55646701,28,16,12,27,16,11,2,1,1,5,2,3,0,0,0,1,0,1,14,4,10,10,3,7,0,0,0,0,0,0,2,1,1,2,0,2,0,0,0
55646705,14,9,5,14,9,5,3,3,0,0,0,0,0,0,0,0,0,0,7,4,3,4,3,1,0,0,0,0,0,0,1,0,1,2,1,1,0,0,0
55646706,14,9,5,14,9,5,0,0,0,4,3,1,0,0,0,0,0,0,15,5,10,6,4,2,0,0,0,1,0,1,5,0,5,3,1,2,0,0,0
55646707,18,9,9,17,9,8,0,0,0,0,0,0,0,0,0,1,0,1,20,8,12,7,4,3,0,0,0,2,0,2,4,1,3,7,3,4,0,0,0
55646708,367,210,157,354,205,149,8,3,5,52,29,23,1,0,1,13,5,8,347,145,202,183,73,110,2,1,1,16,1,15,63,35,28,83,35,48,9,6,3
55646709,47,25,22,44,24,20,2,1,1,4,1,3,0,0,0,3,1,2,37,12,25,24,10,14,0,0,0,2,0,2,5,0,5,6,2,4,0,0,0
55646710,10,6,4,10,6,4,0,0,0,1,0,1,0,0,0,0,0,0,17,11,6,10,7,3,0,0,0,1,0,1,4,2,2,2,2,0,1,0,1
55646712,16,11,5,16,11,5,1,1,0,5,4,1,0,0,0,0,0,0,16,7,9,13,6,7,0,0,0,0,0,0,1,0,1,2,1,1,1,1,0
55646713,54,33,21,48,30,18,3,2,1,8,6,2,1,0,1,6,3,3,43,16,27,23,7,16,0,0,0,3,0,3,5,2,3,12,7,5,0,0,0
55646714,60,36,24,57,35,22,0,0,0,7,5,2,1,0,1,3,1,2,60,28,32,35,14,21,0,0,0,1,0,1,8,5,3,16,9,7,4,3,1
55646716,10,5,5,10,5,5,0,0,0,3,1,2,0,0,0,0,0,0,23,11,12,14,6,8,0,0,0,0,0,0,2,1,1,7,4,3,0,0,0
55646718,40,23,17,40,23,17,1,0,1,4,0,4,0,0,0,0,0,0,46,24,22,11,6,5,0,0,0,6,0,6,11,7,4,18,11,7,1,1,0
55646720,17,9,8,17,9,8,0,0,0,3,2,1,0,0,0,0,0,0,22,6,16,8,3,5,0,0,0,3,0,3,7,3,4,4,0,4,0,0,0
55646721,11,6,5,11,6,5,1,1,0,1,0,1,0,0,0,0,0,0,12,6,6,10,5,5,0,0,0,0,0,0,0,0,0,2,1,1,0,0,0
55650501,18,10,8,18,10,8,0,0,0,2,1,1,0,0,0,0,0,0,21,13,8,12,6,6,0,0,0,0,0,0,1,1,0,8,6,2,0,0,0
55650502,55,25,30,54,25,29,2,0,2,3,2,1,2,0,2,1,0,1,46,23,23,18,9,9,0,0,0,1,0,1,13,6,7,14,8,6,0,0,0
55650503,20,13,7,17,11,6,0,0,0,1,0,1,1,0,1,3,2,1,33,12,21,17,7,10,0,0,0,3,0,3,9,2,7,4,3,1,1,1,0
55662901,14,8,6,13,8,5,0,0,0,3,2,1,0,0,0,1,0,1,23,9,14,19,9,10,0,0,0,0,0,0,3,0,3,1,0,1,0,0,0
55662903,83,47,36,80,45,35,4,2,2,7,2,5,1,0,1,3,2,1,66,30,36,35,14,21,0,0,0,3,0,3,7,3,4,21,13,8,1,1,0
55662904,159,98,61,153,95,58,4,2,2,14,8,6,0,0,0,6,3,3,129,52,77,68,30,38,2,1,1,6,0,6,24,9,15,29,12,17,5,5,0
55663701,40,24,16,39,23,16,2,1,1,4,4,0,0,0,0,1,1,0,40,18,22,25,12,13,0,0,0,0,0,0,7,2,5,8,4,4,0,0,0
55663702,11,7,4,9,5,4,1,1,0,0,0,0,0,0,0,2,2,0,10,3,7,3,0,3,0,0,0,1,0,1,5,3,2,1,0,1,0,0,0
55663703,301,163,138,293,157,136,5,2,3,43,23,20,1,0,1,8,6,2,280,104,176,132,49,83,2,2,0,14,1,13,40,14,26,92,38,54,6,4,2
55663704,28,18,10,28,18,10,0,0,0,2,1,1,0,0,0,0,0,0,32,13,19,20,9,11,0,0,0,2,0,2,4,1,3,6,3,3,1,1,0
55663705,10,8,2,10,8,2,0,0,0,2,1,1,0,0,0,0,0,0,15,7,8,13,5,8,0,0,0,0,0,0,0,0,0,2,2,0,0,0,0
55663706,21,13,8,20,12,8,1,0,1,4,3,1,0,0,0,1,1,0,18,9,9,5,1,4,0,0,0,1,0,1,7,4,3,5,4,1,1,1,0
55663707,74,40,34,72,39,33,3,2,1,12,9,3,0,0,0,2,1,1,80,42,38,56,26,30,0,0,0,0,0,0,8,4,4,16,12,4,1,1,0
55663708,47,28,19,40,23,17,1,0,1,6,4,2,1,0,1,7,5,2,54,21,33,25,12,13,1,0,1,5,1,4,12,4,8,11,4,7,3,3,0
55663709,16,9,7,16,9,7,0,0,0,2,2,0,0,0,0,0,0,0,23,10,13,14,8,6,0,0,0,2,0,2,2,1,1,5,1,4,0,0,0
55671801,25,13,12,24,13,11,2,1,1,0,0,0,0,0,0,1,0,1,15,10,5,9,5,4,0,0,0,0,0,0,2,1,1,4,4,0,0,0,0
55671802,37,22,15,37,22,15,1,1,0,4,2,2,0,0,0,0,0,0,38,18,20,21,10,11,0,0,0,2,0,2,5,3,2,10,5,5,2,2,0
55671803,16,9,7,16,9,7,1,1,0,0,0,0,0,0,0,0,0,0,15,8,7,7,4,3,0,0,0,1,0,1,3,1,2,4,3,1,0,0,0
55671804,35,19,16,34,19,15,3,1,2,3,2,1,0,0,0,1,0,1,25,13,12,8,5,3,0,0,0,2,0,2,9,5,4,6,3,3,0,0,0
55671805,45,24,21,42,22,20,1,1,0,2,2,0,0,0,0,3,2,1,39,21,18,20,9,11,0,0,0,1,0,1,5,3,2,13,9,4,0,0,0
55671806,241,133,108,238,132,106,11,4,7,27,14,13,2,0,2,3,1,2,265,115,150,150,61,89,1,1,0,10,0,10,38,22,16,66,31,35,4,3,1
55671807,73,41,32,70,40,30,3,1,2,7,4,3,0,0,0,3,1,2,70,37,33,33,17,16,0,0,0,2,0,2,16,9,7,19,11,8,1,0,1
55671808,38,21,17,35,19,16,2,1,1,8,4,4,1,0,1,3,2,1,40,18,22,17,7,10,0,0,0,1,0,1,10,6,4,12,5,7,1,0,1
55671809,38,22,16,37,22,15,2,0,2,4,2,2,2,0,2,1,0,1,52,19,33,18,7,11,0,0,0,4,0,4,15,7,8,15,5,10,1,1,0
55671811,10,7,3,10,7,3,0,0,0,1,1,0,0,0,0,0,0,0,13,6,7,2,1,1,0,0,0,1,0,1,5,2,3,5,3,2,1,1,0
55672602,59,36,23,54,32,22,1,0,1,10,7,3,0,0,0,5,4,1,74,27,47,36,11,25,0,0,0,5,0,5,12,4,8,21,12,9,1,1,0
55673401,41,28,13,40,28,12,0,0,0,7,5,2,1,1,0,1,0,1,61,25,36,36,16,20,0,0,0,4,0,4,8,5,3,13,4,9,0,0,0
55673402,25,13,12,24,13,11,1,0,1,3,2,1,0,0,0,1,0,1,22,7,15,13,3,10,0,0,0,0,0,0,1,0,1,8,4,4,0,0,0
55673403,14,10,4,14,10,4,0,0,0,1,1,0,0,0,0,0,0,0,24,8,16,15,4,11,0,0,0,0,0,0,3,2,1,6,2,4,1,0,1
55673404,94,50,44,87,47,40,5,4,1,14,7,7,0,0,0,7,3,4,121,58,63,68,28,40,0,0,0,3,0,3,14,7,7,36,23,13,3,3,0
55675102,26,16,10,25,16,9,2,0,2,4,3,1,0,0,0,1,0,1,26,12,14,15,4,11,0,0,0,1,0,1,1,1,0,9,7,2,0,0,0
55675103,50,27,23,49,27,22,3,1,2,5,3,2,2,0,2,1,0,1,40,19,21,21,9,12,0,0,0,1,0,1,6,4,2,12,6,6,0,0,0
55675107,10,7,3,9,6,3,0,0,0,2,1,1,0,0,0,1,1,0,20,12,8,15,8,7,0,0,0,0,0,0,1,1,0,4,3,1,0,0,0
55675108,18,10,8,18,10,8,0,0,0,2,1,1,0,0,0,0,0,0,24,10,14,11,4,7,0,0,0,1,0,1,2,1,1,10,5,5,0,0,0
55675109,31,19,12,28,17,11,3,2,1,4,3,1,0,0,0,3,2,1,37,18,19,26,14,12,0,0,0,3,0,3,3,2,1,5,2,3,1,1,0
55675110,14,8,6,14,8,6,0,0,0,1,1,0,0,0,0,0,0,0,24,11,13,17,7,10,0,0,0,0,0,0,0,0,0,7,4,3,0,0,0
55675111,67,38,29,65,36,29,2,1,1,9,8,1,0,0,0,2,2,0,52,25,27,28,14,14,0,0,0,1,0,1,11,2,9,12,9,3,0,0,0
55675112,99,56,43,97,55,42,3,1,2,17,6,11,2,0,2,2,1,1,123,58,65,75,32,43,0,0,0,4,0,4,15,10,5,29,16,13,2,2,0
55675113,117,67,50,109,65,44,3,1,2,15,7,8,0,0,0,8,2,6,132,54,78,70,29,41,0,0,0,9,0,9,25,17,8,28,8,20,3,0,3
55675114,89,59,30,86,58,28,2,2,0,9,7,2,2,0,2,3,1,2,113,44,69,65,21,44,1,1,0,3,0,3,19,10,9,25,12,13,7,6,1
1044262,0,0,0,0,0,0,0,0,0,0,0,0,0,0,0,0,0,0,0,0,0,0,0,0,0,0,0,0,0,0,0,0,0,0,0,0,0,0,0
55681501,77,43,34,72,41,31,1,1,0,14,7,7,0,0,0,5,2,3,108,46,62,65,26,39,0,0,0,5,1,4,15,6,9,23,13,10,1,0,1
55681502,29,18,11,29,18,11,2,1,1,1,1,0,0,0,0,0,0,0,33,19,14,26,15,11,0,0,0,1,0,1,4,3,1,2,1,1,0,0,0
55681503,17,10,7,17,10,7,0,0,0,2,2,0,0,0,0,0,0,0,32,17,15,20,10,10,0,0,0,1,0,1,5,4,1,6,3,3,0,0,0
55681504,15,7,8,13,6,7,0,0,0,4,2,2,0,0,0,2,1,1,11,5,6,4,3,1,0,0,0,0,0,0,1,1,0,6,1,5,0,0,0
55683101,144,91,53,139,88,51,4,2,2,29,20,9,0,0,0,5,3,2,229,135,94,172,106,66,2,1,1,6,0,6,22,13,9,27,15,12,1,0,1
55683102,22,10,12,22,10,12,2,1,1,5,3,2,0,0,0,0,0,0,30,14,16,15,6,9,0,0,0,2,0,2,7,5,2,6,3,3,2,1,1
55683104,51,26,25,50,26,24,1,0,1,5,1,4,0,0,0,1,0,1,55,27,28,19,8,11,0,0,0,6,0,6,15,7,8,15,12,3,1,1,0
55683105,2008,1066,942,1921,1021,900,51,21,30,214,100,114,9,0,9,87,45,42,1901,804,1097,1022,407,615,3,2,1,60,0,60,264,119,145,552,276,276,76,37,39
55683106,26,15,11,25,14,11,2,1,1,2,0,2,0,0,0,1,1,0,22,9,13,14,5,9,0,0,0,0,0,0,2,0,2,6,4,2,1,0,1
55683107,77,34,43,68,32,36,2,1,1,4,3,1,0,0,0,9,2,7,79,36,43,43,21,22,0,0,0,1,0,1,12,5,7,23,10,13,3,3,0
55683108,11,4,7,11,4,7,0,0,0,1,0,1,0,0,0,0,0,0,14,8,6,11,6,5,0,0,0,0,0,0,0,0,0,3,2,1,0,0,0
55691201,172,99,73,166,97,69,1,1,0,20,7,13,2,0,2,6,2,4,173,90,83,101,46,55,2,1,1,4,0,4,17,9,8,49,34,15,2,1,1
55691202,74,42,32,67,38,29,2,0,2,5,5,0,0,0,0,7,4,3,81,34,47,47,19,28,0,0,0,1,0,1,4,2,2,29,13,16,0,0,0
55691203,29,16,13,27,14,13,1,1,0,3,0,3,0,0,0,2,2,0,39,20,19,25,13,12,2,1,1,1,0,1,4,2,2,7,4,3,0,0,0
55691204,8,5,3,8,5,3,0,0,0,1,0,1,1,0,1,0,0,0,20,9,11,9,4,5,0,0,0,1,0,1,4,4,0,6,1,5,0,0,0
55691205,34,22,12,32,21,11,2,1,1,2,2,0,0,0,0,2,1,1,37,14,23,22,9,13,0,0,0,0,0,0,6,1,5,9,4,5,0,0,0
1199620,0,0,0,0,0,0,0,0,0,0,0,0,0,0,0,0,0,0,0,0,0,0,0,0,0,0,0,0,0,0,0,0,0,0,0,0,0,0,0
55692101,14,9,5,13,9,4,2,0,2,0,0,0,0,0,0,1,0,1,16,7,9,8,4,4,0,0,0,0,0,0,1,1,0,7,2,5,0,0,0
55692102,25,15,10,25,15,10,1,1,0,1,1,0,0,0,0,0,0,0,19,5,14,7,3,4,0,0,0,1,0,1,3,1,2,8,1,7,0,0,0
55692104,15,9,6,15,9,6,0,0,0,2,2,0,0,0,0,0,0,0,21,7,14,14,6,8,0,0,0,0,0,0,2,0,2,5,1,4,0,0,0
55692107,125,77,48,123,75,48,5,1,4,18,11,7,2,0,2,2,2,0,119,53,66,48,19,29,1,0,1,4,0,4,27,11,16,39,23,16,0,0,0
55692108,8,7,1,8,7,1,0,0,0,1,1,0,0,0,0,0,0,0,19,9,10,9,5,4,0,0,0,2,0,2,4,2,2,4,2,2,0,0,0
55692110,11,8,3,11,8,3,0,0,0,3,2,1,0,0,0,0,0,0,16,9,7,15,8,7,0,0,0,0,0,0,0,0,0,1,1,0,0,0,0
55692111,27,15,12,26,15,11,0,0,0,3,2,1,0,0,0,1,0,1,33,13,20,11,3,8,1,0,1,3,0,3,10,6,4,8,4,4,0,0,0
55692113,17,9,8,15,8,7,0,0,0,5,3,2,0,0,0,2,1,1,20,10,10,8,4,4,1,0,1,1,0,1,3,2,1,7,4,3,0,0,0
55692114,24,14,10,23,13,10,1,1,0,1,1,0,0,0,0,1,1,0,32,17,15,16,8,8,0,0,0,2,0,2,6,3,3,8,6,2,0,0,0
55692117,29,15,14,29,15,14,1,1,0,5,2,3,0,0,0,0,0,0,17,6,11,6,2,4,0,0,0,1,0,1,1,1,0,9,3,6,0,0,0
0236040,0,0,0,0,0,0,0,0,0,0,0,0,0,0,0,0,0,0,0,0,0,0,0,0,0,0,0,0,0,0,0,0,0,0,0,0,0,0,0
55695501,31,18,13,30,17,13,3,1,2,1,1,0,0,0,0,1,1,0,21,8,13,6,1,5,0,0,0,0,0,0,0,0,0,15,7,8,0,0,0
55695502,37,20,17,37,20,17,3,2,1,2,2,0,0,0,0,0,0,0,26,12,14,14,5,9,1,1,0,1,0,1,4,2,2,6,4,2,0,0,0
55695503,52,33,19,49,32,17,3,2,1,9,6,3,0,0,0,3,1,2,49,24,25,25,10,15,0,0,0,3,0,3,8,4,4,13,10,3,1,0,1
55695504,60,39,21,59,39,20,0,0,0,5,2,3,0,0,0,1,0,1,54,23,31,30,13,17,0,0,0,0,0,0,4,2,2,20,8,12,0,0,0
55695505,16,10,6,16,10,6,1,1,0,3,1,2,0,0,0,0,0,0,28,11,17,16,7,9,0,0,0,1,0,1,3,2,1,8,2,6,0,0,0
55695506,23,11,12,22,11,11,0,0,0,3,1,2,0,0,0,1,0,1,21,13,8,12,6,6,0,0,0,0,0,0,2,2,0,7,5,2,0,0,0
55695507,41,24,17,37,22,15,1,0,1,4,1,3,0,0,0,4,2,2,64,27,37,32,15,17,0,0,0,2,0,2,12,2,10,18,10,8,0,0,0
55695508,28,16,12,27,15,12,1,0,1,2,2,0,0,0,0,1,1,0,31,13,18,19,7,12,0,0,0,2,0,2,5,4,1,5,2,3,0,0,0
55695509,453,253,200,431,247,184,12,7,5,43,22,21,0,0,0,22,6,16,388,167,221,212,94,118,0,0,0,14,0,14,48,21,27,114,52,62,9,6,3
55695510,16,8,8,16,8,8,2,1,1,3,1,2,0,0,0,0,0,0,12,5,7,9,4,5,0,0,0,0,0,0,0,0,0,3,1,2,0,0,0
55695511,20,13,7,20,13,7,2,1,1,1,0,1,0,0,0,0,0,0,24,10,14,14,8,6,0,0,0,2,0,2,4,0,4,4,2,2,0,0,0
55695512,8,4,4,8,4,4,1,1,0,0,0,0,0,0,0,0,0,0,16,10,6,7,4,3,0,0,0,0,0,0,2,0,2,7,6,1,0,0,0
55700501,53,32,21,51,30,21,1,0,1,7,3,4,1,0,1,2,2,0,65,34,31,27,14,13,0,0,0,4,0,4,11,8,3,23,12,11,0,0,0
55700502,19,10,9,19,10,9,1,1,0,2,2,0,0,0,0,0,0,0,13,10,3,4,3,1,0,0,0,0,0,0,1,1,0,8,6,2,0,0,0
55700503,50,31,19,48,31,17,0,0,0,10,7,3,0,0,0,2,0,2,61,23,38,38,15,23,0,0,0,4,0,4,6,3,3,13,5,8,1,1,0
55700504,60,37,23,59,36,23,0,0,0,6,3,3,0,0,0,1,1,0,94,42,52,40,15,25,0,0,0,2,0,2,7,3,4,45,24,21,1,0,1
55700505,35,19,16,35,19,16,1,0,1,5,3,2,0,0,0,0,0,0,38,20,18,21,9,12,0,0,0,1,0,1,6,5,1,10,6,4,0,0,0
55700506,154,86,68,149,84,65,1,0,1,18,11,7,2,0,2,5,2,3,156,65,91,62,28,34,0,0,0,10,0,10,36,19,17,48,18,30,6,4,2
55701301,36,22,14,35,22,13,0,0,0,4,3,1,0,0,0,1,0,1,48,17,31,22,7,15,0,0,0,1,0,1,8,4,4,17,6,11,0,0,0
55701302,39,21,18,39,21,18,0,0,0,8,5,3,0,0,0,0,0,0,47,22,25,24,10,14,0,0,0,1,0,1,7,5,2,15,7,8,0,0,0
55701303,176,99,77,167,95,72,3,2,1,34,19,15,2,0,2,9,4,5,159,75,84,88,35,53,0,0,0,5,0,5,21,10,11,45,30,15,1,1,0
1400742,0,0,0,0,0,0,0,0,0,0,0,0,0,0,0,0,0,0,0,0,0,0,0,0,0,0,0,0,0,0,0,0,0,0,0,0,0,0,0
1401210,0,0,0,0,0,0,0,0,0,0,0,0,0,0,0,0,0,0,0,0,0,0,0,0,0,0,0,0,0,0,0,0,0,0,0,0,0,0,0
1990440,0,0,0,0,0,0,0,0,0,0,0,0,0,0,0,0,0,0,0,0,0,0,0,0,0,0,0,0,0,0,0,0,0,0,0,0,0,0,0
1990520,0,0,0,0,0,0,0,0,0,0,0,0,0,0,0,0,0,0,0,0,0,0,0,0,0,0,0,0,0,0,0,0,0,0,0,0,0,0,0
55702101,18,11,7,17,10,7,1,1,0,0,0,0,0,0,0,1,1,0,15,7,8,6,2,4,0,0,0,0,0,0,0,0,0,9,5,4,0,0,0
55702102,5,4,1,5,4,1,0,0,0,0,0,0,0,0,0,0,0,0,17,9,8,9,5,4,0,0,0,1,0,1,2,2,0,5,2,3,0,0,0
55702104,69,42,27,65,40,25,0,0,0,9,5,4,0,0,0,4,2,2,78,31,47,44,21,23,0,0,0,4,0,4,14,5,9,16,5,11,4,3,1
55702105,20,13,7,18,13,5,0,0,0,1,0,1,0,0,0,2,0,2,18,8,10,10,4,6,0,0,0,2,0,2,3,1,2,3,3,0,1,1,0
55709901,24,12,12,22,10,12,1,0,1,8,2,6,2,0,2,2,2,0,29,14,15,21,11,10,0,0,0,0,0,0,4,3,1,4,0,4,0,0,0
55709903,15,9,6,13,8,5,1,0,1,4,2,2,0,0,0,2,1,1,16,7,9,14,6,8,0,0,0,1,0,1,1,1,0,0,0,0,0,0,0
55709904,138,79,59,133,78,55,1,1,0,28,14,14,0,0,0,5,1,4,146,62,84,74,28,46,1,0,1,6,0,6,24,12,12,41,22,19,0,0,0
55709905,12,8,4,12,8,4,1,0,1,1,1,0,0,0,0,0,0,0,13,9,4,5,3,2,0,0,0,1,0,1,3,2,1,4,4,0,0,0,0
1989860,0,0,0,0,0,0,0,0,0,0,0,0,0,0,0,0,0,0,0,0,0,0,0,0,0,0,0,0,0,0,0,0,0,0,0,0,0,0,0
55711101,24,15,9,21,13,8,0,0,0,6,5,1,1,0,1,3,2,1,17,7,10,3,0,3,0,0,0,0,0,0,5,1,4,9,6,3,1,1,0
55711102,81,41,40,72,37,35,1,0,1,12,6,6,0,0,0,9,4,5,63,32,31,41,22,19,0,0,0,2,0,2,7,4,3,13,6,7,8,4,4
55711105,17,10,7,17,10,7,0,0,0,3,3,0,0,0,0,0,0,0,10,3,7,4,1,3,1,0,1,1,0,1,1,0,1,3,2,1,0,0,0
55712903,33,19,14,31,17,14,0,0,0,6,4,2,0,0,0,2,2,0,41,19,22,31,15,16,0,0,0,1,0,1,3,2,1,6,2,4,1,1,0
55712904,85,45,40,78,43,35,1,0,1,13,7,6,1,0,1,7,2,5,101,45,56,48,24,24,1,1,0,5,0,5,20,16,4,27,4,23,3,1,2
55712906,17,11,6,15,10,5,0,0,0,1,0,1,0,0,0,2,1,1,25,12,13,15,8,7,0,0,0,2,0,2,4,3,1,4,1,3,0,0,0
55713702,9,6,3,9,6,3,0,0,0,0,0,0,0,0,0,0,0,0,17,8,9,10,5,5,0,0,0,1,0,1,2,0,2,4,3,1,0,0,0
55713703,18,12,6,18,12,6,0,0,0,1,0,1,0,0,0,0,0,0,21,8,13,16,8,8,0,0,0,1,0,1,2,0,2,2,0,2,1,0,1
55713704,25,16,9,24,15,9,0,0,0,2,1,1,0,0,0,1,1,0,27,8,19,15,3,12,0,0,0,0,0,0,3,0,3,9,5,4,0,0,0
55713705,50,28,22,48,27,21,0,0,0,7,3,4,0,0,0,2,1,1,38,20,18,14,7,7,0,0,0,2,0,2,3,0,3,19,13,6,0,0,0
55713708,475,265,210,460,259,201,20,8,12,58,34,24,5,0,5,15,6,9,405,184,221,201,83,118,0,0,0,15,0,15,59,32,27,130,69,61,12,7,5
55713709,26,17,9,26,17,9,2,1,1,0,0,0,1,0,1,0,0,0,33,13,20,13,7,6,0,0,0,2,0,2,9,1,8,9,5,4,1,0,1
55713710,10,4,6,10,4,6,0,0,0,1,0,1,0,0,0,0,0,0,14,8,6,6,3,3,0,0,0,0,0,0,1,0,1,7,5,2,0,0,0
55713711,27,15,12,27,15,12,1,1,0,2,2,0,0,0,0,0,0,0,24,12,12,8,6,2,1,1,0,2,0,2,5,4,1,8,1,7,0,0,0
55713712,15,8,7,14,8,6,1,0,1,1,0,1,0,0,0,1,0,1,23,14,9,15,10,5,0,0,0,0,0,0,4,3,1,4,1,3,0,0,0
55713714,30,16,14,28,16,12,0,0,0,2,2,0,0,0,0,2,0,2,42,15,27,29,13,16,0,0,0,1,0,1,4,1,3,8,1,7,0,0,0
1597012,0,0,0,0,0,0,0,0,0,0,0,0,0,0,0,0,0,0,0,0,0,0,0,0,0,0,0,0,0,0,0,0,0,0,0,0,0,0,0
1597190,0,0,0,0,0,0,0,0,0,0,0,0,0,0,0,0,0,0,0,0,0,0,0,0,0,0,0,0,0,0,0,0,0,0,0,0,0,0,0
3066140,0,0,0,0,0,0,0,0,0,0,0,0,0,0,0,0,0,0,0,0,0,0,0,0,0,0,0,0,0,0,0,0,0,0,0,0,0,0,0
3088460,0,0,0,0,0,0,0,0,0,0,0,0,0,0,0,0,0,0,0,0,0,0,0,0,0,0,0,0,0,0,0,0,0,0,0,0,0,0,0
55715301,23,13,10,19,11,8,2,1,1,1,0,1,1,0,1,4,2,2,18,5,13,13,5,8,0,0,0,0,0,0,1,0,1,4,0,4,0,0,0
55715302,13,9,4,13,9,4,1,0,1,5,3,2,0,0,0,0,0,0,8,1,7,3,0,3,0,0,0,1,0,1,2,0,2,2,1,1,0,0,0
55715303,31,17,14,29,16,13,2,1,1,4,1,3,0,0,0,2,1,1,50,29,21,20,9,11,0,0,0,3,0,3,8,6,2,19,14,5,0,0,0
55715305,22,12,10,21,11,10,0,0,0,3,1,2,1,0,1,1,1,0,27,14,13,13,7,6,3,2,1,2,0,2,5,4,1,4,1,3,0,0,0
55715307,100,54,46,97,51,46,1,0,1,16,6,10,0,0,0,3,3,0,100,41,59,57,21,36,0,0,0,5,0,5,13,6,7,25,14,11,2,1,1
55715308,57,30,27,56,29,27,1,1,0,6,5,1,1,0,1,1,1,0,63,30,33,33,16,17,0,0,0,1,0,1,7,2,5,22,12,10,3,2,1
55715309,19,13,6,18,12,6,0,0,0,3,3,0,0,0,0,1,1,0,17,6,11,4,1,3,1,0,1,1,0,1,3,2,1,8,3,5,0,0,0
55715310,37,21,16,36,21,15,4,0,4,4,2,2,0,0,0,1,0,1,27,12,15,11,6,5,0,0,0,2,0,2,6,1,5,8,5,3,1,0,1
55715314,293,179,114,254,153,101,5,1,4,34,16,18,3,0,3,39,26,13,258,112,146,110,46,64,1,1,0,18,1,17,57,29,28,72,35,37,46,37,9
55715315,20,12,8,19,11,8,2,1,1,3,2,1,0,0,0,1,1,0,12,3,9,7,2,5,0,0,0,0,0,0,4,1,3,1,0,1,0,0,0
55715316,70,39,31,65,39,26,3,1,2,9,7,2,0,0,0,5,0,5,49,15,34,27,8,19,0,0,0,0,0,0,2,1,1,20,6,14,0,0,0
55715317,986,534,452,935,506,429,24,14,10,135,58,77,3,0,3,51,28,23,1142,474,668,693,274,419,0,0,0,49,0,49,137,66,71,263,134,129,15,11,4
55715318,344,187,157,318,177,141,12,5,7,38,22,16,2,0,2,26,10,16,320,132,188,164,60,104,0,0,0,12,0,12,56,29,27,88,43,45,19,12,7
55715320,221,119,102,212,114,98,6,2,4,31,16,15,1,0,1,9,5,4,226,100,126,96,34,62,1,1,0,15,0,15,36,23,13,78,42,36,0,0,0
55715321,75,41,34,75,41,34,2,0,2,11,7,4,0,0,0,0,0,0,54,25,29,28,13,15,1,1,0,0,0,0,5,1,4,20,10,10,3,1,2
55715322,58,34,24,56,32,24,0,0,0,14,10,4,1,0,1,2,2,0,75,29,46,37,12,25,1,1,0,3,0,3,9,3,6,25,13,12,0,0,0
55715323,1468,762,706,1421,743,678,42,22,20,175,91,84,13,0,13,47,19,28,1378,592,786,673,270,403,6,3,3,57,0,57,194,97,97,448,222,226,21,10,11
55715324,734,389,345,699,376,323,19,9,10,116,58,58,3,0,3,35,13,22,743,323,420,437,168,269,1,1,0,20,0,20,78,40,38,207,114,93,11,7,4
55715325,11,7,4,10,7,3,0,0,0,2,2,0,0,0,0,1,0,1,10,4,6,6,1,5,0,0,0,0,0,0,1,1,0,3,2,1,0,0,0
55715326,30,17,13,29,17,12,6,2,4,6,4,2,0,0,0,1,0,1,36,19,17,15,7,8,0,0,0,2,0,2,7,4,3,12,8,4,0,0,0
55715327,295,159,136,278,151,127,11,5,6,37,19,18,2,0,2,17,8,9,287,126,161,145,66,79,0,0,0,13,0,13,45,21,24,84,39,45,3,2,1
55715328,268,139,129,263,136,127,11,8,3,42,24,18,3,0,3,5,3,2,346,123,223,223,65,158,0,0,0,10,0,10,37,18,19,76,40,36,4,2,2
55716101,136,73,63,131,72,59,8,3,5,15,7,8,0,0,0,5,1,4,149,60,89,92,38,54,0,0,0,5,0,5,19,10,9,33,12,21,1,1,0
55720001,13,8,5,13,8,5,1,0,1,1,1,0,1,0,1,0,0,0,14,7,7,9,5,4,0,0,0,0,0,0,3,0,3,2,2,0,0,0,0
55720002,12,6,6,12,6,6,0,0,0,3,2,1,0,0,0,0,0,0,27,10,17,14,6,8,0,0,0,2,0,2,7,1,6,4,3,1,0,0,0
55720004,41,24,17,40,23,17,1,0,1,2,2,0,2,0,2,1,1,0,41,15,26,18,7,11,0,0,0,3,1,2,6,0,6,14,7,7,0,0,0
55720005,22,12,10,22,12,10,0,0,0,3,2,1,0,0,0,0,0,0,30,12,18,16,7,9,0,0,0,1,0,1,4,1,3,9,4,5,1,1,0
55720006,12,6,6,11,6,5,0,0,0,1,0,1,0,0,0,1,0,1,17,7,10,7,2,5,0,0,0,0,0,0,1,1,0,9,4,5,0,0,0
55720007,18,10,8,17,9,8,0,0,0,1,1,0,0,0,0,1,1,0,19,9,10,5,3,2,0,0,0,1,0,1,3,1,2,10,5,5,0,0,0
55720008,38,24,14,37,24,13,1,0,1,6,5,1,0,0,0,1,0,1,36,16,20,27,11,16,0,0,0,1,0,1,4,3,1,4,2,2,0,0,0
55720009,77,42,35,76,41,35,2,2,0,9,6,3,2,0,2,1,1,0,94,36,58,48,20,28,0,0,0,4,0,4,21,7,14,21,9,12,1,1,0
55720010,71,40,31,70,40,30,3,1,2,11,7,4,0,0,0,1,0,1,70,33,37,35,19,16,0,0,0,5,0,5,8,4,4,22,10,12,0,0,0
55720011,531,281,250,519,276,243,26,5,21,70,27,43,6,0,6,12,5,7,476,215,261,247,106,141,0,0,0,17,0,17,65,29,36,147,80,67,4,2,2
0531471,0,0,0,0,0,0,0,0,0,0,0,0,0,0,0,0,0,0,0,0,0,0,0,0,0,0,0,0,0,0,0,0,0,0,0,0,0,0,0
55736601,14,8,6,14,8,6,2,1,1,1,0,1,0,0,0,0,0,0,10,3,7,6,3,3,0,0,0,0,0,0,1,0,1,3,0,3,0,0,0
55736602,48,29,19,47,28,19,1,0,1,6,3,3,1,0,1,1,1,0,47,21,26,40,17,23,0,0,0,0,0,0,4,3,1,3,1,2,1,1,0
55736603,57,33,24,56,33,23,2,1,1,7,4,3,2,0,2,1,0,1,57,21,36,18,7,11,1,0,1,5,0,5,16,8,8,17,6,11,1,1,0
55736605,18,11,7,17,10,7,0,0,0,0,0,0,0,0,0,1,1,0,18,10,8,13,7,6,0,0,0,1,0,1,3,2,1,1,1,0,0,0,0
55736606,82,48,34,80,48,32,4,3,1,9,5,4,2,0,2,2,0,2,67,30,37,38,16,22,0,0,0,6,0,6,14,9,5,9,5,4,0,0,0
55736608,193,108,85,185,105,80,3,1,2,23,14,9,2,0,2,8,3,5,204,91,113,109,47,62,0,0,0,5,0,5,30,13,17,60,31,29,7,6,1
55737401,120,69,51,115,66,49,4,2,2,20,9,11,0,0,0,5,3,2,121,52,69,69,29,40,0,0,0,5,0,5,18,8,10,29,15,14,3,1,2
55738201,34,20,14,34,20,14,0,0,0,2,1,1,0,0,0,0,0,0,49,21,28,27,12,15,0,0,0,1,0,1,6,0,6,15,9,6,1,1,0
55738202,56,34,22,56,34,22,2,1,1,9,4,5,0,0,0,0,0,0,54,28,26,24,13,11,0,0,0,2,0,2,14,7,7,14,8,6,0,0,0
55738203,183,100,83,174,96,78,5,0,5,29,16,13,1,0,1,9,4,5,152,70,82,68,28,40,0,0,0,5,0,5,28,16,12,51,26,25,5,3,2
55745501,142,79,63,139,76,63,4,2,2,18,6,12,1,0,1,3,3,0,120,42,78,46,19,27,0,0,0,10,0,10,16,3,13,48,20,28,4,3,1
55745502,88,49,39,85,48,37,2,0,2,7,5,2,0,0,0,3,1,2,83,31,52,38,16,22,0,0,0,5,0,5,10,3,7,30,12,18,0,0,0
55745503,66,37,29,65,36,29,1,0,1,10,6,4,0,0,0,1,1,0,83,43,40,43,18,25,0,0,0,3,0,3,12,9,3,25,16,9,0,0,0
55745504,171,95,76,169,94,75,8,2,6,26,13,13,1,0,1,2,1,1,127,56,71,58,25,33,0,0,0,5,0,5,16,9,7,48,22,26,3,2,1
55746302,12,7,5,12,7,5,1,0,1,2,1,1,0,0,0,0,0,0,16,8,8,10,4,6,0,0,0,1,0,1,1,0,1,4,4,0,0,0,0
55746304,19,12,7,17,11,6,1,1,0,5,3,2,0,0,0,2,1,1,32,11,21,25,9,16,1,0,1,1,0,1,2,0,2,3,2,1,1,0,1
55746305,23,13,10,23,13,10,0,0,0,5,4,1,0,0,0,0,0,0,19,6,13,11,4,7,0,0,0,1,0,1,2,0,2,5,2,3,2,2,0
55746307,144,89,55,139,88,51,3,2,1,13,9,4,0,0,0,5,1,4,121,52,69,60,22,38,0,0,0,2,0,2,10,4,6,49,26,23,3,2,1
55746308,17,11,6,16,10,6,0,0,0,4,1,3,0,0,0,1,1,0,15,7,8,11,7,4,0,0,0,0,0,0,0,0,0,4,0,4,0,0,0
55752801,18,10,8,17,9,8,0,0,0,1,1,0,1,0,1,1,1,0,17,10,7,7,5,2,0,0,0,1,0,1,8,4,4,1,1,0,2,1,1
55752802,49,32,17,47,31,16,2,2,0,12,9,3,0,0,0,2,1,1,51,24,27,18,6,12,0,0,0,4,0,4,10,6,4,19,12,7,0,0,0
55752803,134,73,61,133,72,61,2,1,1,17,6,11,3,0,3,1,1,0,91,43,48,31,14,17,0,0,0,5,0,5,22,12,10,33,17,16,2,0,2
55752804,20,10,10,18,8,10,1,0,1,3,2,1,0,0,0,2,2,0,18,8,10,7,3,4,0,0,0,1,0,1,4,2,2,6,3,3,4,3,1
55752805,634,350,284,598,328,270,19,9,10,83,50,33,2,0,2,36,22,14,459,202,257,216,86,130,4,3,1,13,0,13,74,32,42,152,81,71,40,22,18
55752806,45,26,19,45,26,19,1,1,0,1,1,0,0,0,0,0,0,0,46,22,24,8,5,3,0,0,0,4,0,4,15,6,9,19,11,8,2,2,0
55753601,43,27,16,42,26,16,2,1,1,8,5,3,0,0,0,1,1,0,41,17,24,26,12,14,0,0,0,0,0,0,4,1,3,11,4,7,0,0,0
55753602,26,15,11,25,15,10,3,0,3,9,8,1,0,0,0,1,0,1,27,9,18,18,8,10,0,0,0,1,0,1,2,0,2,6,1,5,0,0,0
55753603,23,13,10,23,13,10,2,2,0,3,2,1,1,0,1,0,0,0,20,9,11,9,3,6,0,0,0,2,0,2,3,1,2,6,5,1,0,0,0
55753604,35,19,16,32,17,15,0,0,0,6,3,3,0,0,0,3,2,1,47,24,23,23,9,14,0,0,0,1,0,1,11,6,5,12,9,3,2,1,1
55753605,14,8,6,14,8,6,0,0,0,3,1,2,0,0,0,0,0,0,21,8,13,9,6,3,0,0,0,2,0,2,5,2,3,5,0,5,0,0,0
55753606,131,73,58,126,72,54,7,5,2,21,12,9,0,0,0,5,1,4,136,53,83,80,30,50,1,1,0,3,0,3,11,6,5,41,16,25,0,0,0
55754401,289,161,128,271,153,118,6,2,4,42,23,19,0,0,0,18,8,10,316,121,195,185,69,116,0,0,0,16,0,16,48,19,29,67,33,34,7,4,3
56605501,157,91,66,152,88,64,6,4,2,14,7,7,1,0,1,5,3,2,146,68,78,65,24,41,0,0,0,9,0,9,31,18,13,41,26,15,3,1,2
56668301,11,8,3,11,8,3,0,0,0,2,2,0,0,0,0,0,0,0,9,5,4,8,4,4,0,0,0,0,0,0,1,1,0,0,0,0,0,0,0
56668302,62,33,29,57,32,25,2,1,1,9,4,5,0,0,0,5,1,4,61,27,34,29,13,16,0,0,0,4,0,4,10,6,4,18,8,10,0,0,0
57806101,32,13,19,31,13,18,0,0,0,5,3,2,0,0,0,1,0,1,37,18,19,15,7,8,0,0,0,0,0,0,6,2,4,16,9,7,1,1,0
57807001,47,27,20,45,27,18,1,0,1,5,3,2,1,0,1,2,0,2,40,16,24,14,5,9,1,0,1,2,0,2,4,3,1,19,8,11,1,0,1
57807002,28,15,13,28,15,13,2,0,2,2,1,1,0,0,0,0,0,0,18,8,10,9,5,4,1,0,1,0,0,0,4,0,4,4,3,1,0,0,0
57808801,61,34,27,60,34,26,2,2,0,6,4,2,0,0,0,1,0,1,73,32,41,34,16,18,1,0,1,3,0,3,11,4,7,24,12,12,0,0,0
57817701,34,20,14,30,19,11,0,0,0,5,4,1,0,0,0,4,1,3,40,14,26,25,10,15,0,0,0,1,0,1,7,1,6,7,3,4,2,1,1
57822301,38,20,18,34,19,15,0,0,0,6,3,3,0,0,0,4,1,3,27,8,19,11,2,9,0,0,0,0,0,0,6,2,4,10,4,6,0,0,0
1927590,0,0,0,0,0,0,0,0,0,0,0,0,0,0,0,0,0,0,0,0,0,0,0,0,0,0,0,0,0,0,0,0,0,0,0,0,0,0,0
57824001,51,30,21,50,29,21,2,1,1,15,7,8,0,0,0,1,1,0,44,24,20,28,17,11,0,0,0,0,0,0,5,2,3,11,5,6,5,3,2
57831201,58,38,20,53,36,17,2,1,1,6,5,1,0,0,0,5,2,3,43,16,27,30,10,20,0,0,0,1,0,1,5,1,4,7,5,2,2,1,1
57832101,61,39,22,60,38,22,4,2,2,8,4,4,0,0,0,1,1,0,60,26,34,26,10,16,0,0,0,4,0,4,11,8,3,19,8,11,1,1,0
57841001,20,12,8,19,11,8,1,0,1,7,5,2,0,0,0,1,1,0,19,8,11,13,5,8,0,0,0,0,0,0,2,1,1,4,2,2,0,0,0
57843601,57,33,24,56,33,23,1,1,0,9,4,5,0,0,0,1,0,1,39,14,25,29,11,18,0,0,0,1,0,1,2,0,2,7,3,4,0,0,0
57846101,35,22,13,34,22,12,1,0,1,7,6,1,0,0,0,1,0,1,25,9,16,15,7,8,0,0,0,0,0,0,0,0,0,10,2,8,1,1,0
57849501,65,40,25,60,37,23,1,1,0,8,3,5,0,0,0,5,3,2,86,37,49,49,24,25,0,0,0,4,0,4,9,3,6,24,10,14,1,0,1
57851701,23,16,7,23,16,7,1,1,0,2,1,1,0,0,0,0,0,0,33,17,16,26,13,13,0,0,0,0,0,0,1,0,1,6,4,2,0,0,0
57852502,42,25,17,40,25,15,2,1,1,3,0,3,0,0,0,2,0,2,61,20,41,28,12,16,0,0,0,3,0,3,6,3,3,24,5,19,1,1,0
57853301,97,56,41,87,50,37,4,2,2,11,5,6,0,0,0,10,6,4,111,48,63,74,35,39,0,0,0,4,0,4,12,6,6,21,7,14,0,0,0
53974101,162,89,73,156,85,71,6,2,4,20,11,9,0,0,0,6,4,2,147,67,80,61,26,35,0,0,0,7,0,7,27,18,9,52,23,29,0,0,0
53974102,52,26,26,52,26,26,1,0,1,3,0,3,0,0,0,0,0,0,41,25,16,12,7,5,0,0,0,2,0,2,10,6,4,17,12,5,0,0,0
53974103,117,65,52,113,65,48,4,0,4,12,9,3,0,0,0,4,0,4,118,42,76,43,19,24,0,0,0,9,0,9,29,11,18,37,12,25,1,1,0
54056101,460,260,200,453,256,197,21,14,7,44,26,18,5,0,5,7,4,3,369,151,218,109,36,73,0,0,0,25,0,25,83,38,45,152,77,75,6,2,4
54064101,165,87,78,163,86,77,5,1,4,7,5,2,0,0,0,2,1,1,149,57,92,42,20,22,0,0,0,14,0,14,34,17,17,59,20,39,3,2,1
55359001,132,79,53,125,77,48,2,2,0,10,5,5,3,0,3,7,2,5,110,40,70,50,16,34,1,0,1,6,0,6,25,12,13,28,12,16,1,0,1
3022360,0,0,0,0,0,0,0,0,0,0,0,0,0,0,0,0,0,0,0,0,0,0,0,0,0,0,0,0,0,0,0,0,0,0,0,0,0,0,0
54597001,2803,1513,1290,2694,1458,1236,117,53,64,382,175,207,9,0,9,109,55,54,2810,1156,1654,1629,631,998,8,6,2,115,1,114,381,173,208,677,345,332,48,25,23
54597002,4760,2502,2258,4599,2411,2188,176,78,98,676,322,354,33,1,32,161,91,70,4452,1792,2660,2428,935,1493,11,8,3,191,0,191,661,298,363,1161,551,610,71,35,36
54597003,5947,3020,2927,5704,2919,2785,209,97,112,719,336,383,45,0,45,243,101,142,4233,1877,2356,2100,914,1186,9,7,2,220,2,218,764,393,371,1140,561,579,76,39,37
54597004,750,400,350,733,392,341,41,18,23,126,65,61,7,0,7,17,8,9,637,293,344,314,130,184,1,0,1,23,0,23,102,54,48,197,109,88,4,1,3
54597005,134,69,65,130,69,61,6,2,4,16,8,8,0,0,0,4,0,4,114,56,58,51,21,30,0,0,0,4,0,4,21,12,9,38,23,15,4,3,1
54597007,1016,546,470,991,539,452,53,27,26,88,49,39,13,0,13,25,7,18,708,296,412,230,93,137,2,1,1,55,0,55,156,74,82,265,128,137,14,3,11
54597008,595,314,281,577,305,272,35,14,21,86,47,39,4,0,4,18,9,9,517,218,299,244,101,143,1,1,0,17,0,17,76,35,41,179,81,98,4,0,4
54597009,49,30,19,47,29,18,3,1,2,5,3,2,2,0,2,2,1,1,14,7,7,0,0,0,0,0,0,1,0,1,7,2,5,6,5,1,0,0,0
54597010,1191,620,571,1141,598,543,72,28,44,68,36,32,5,0,5,50,22,28,671,301,370,178,77,101,6,3,3,43,0,43,169,92,77,275,129,146,29,13,16
54597011,307,156,151,298,150,148,20,8,12,31,17,14,2,0,2,9,6,3,200,106,94,41,18,23,1,1,0,5,0,5,29,16,13,124,71,53,1,1,0
54597012,26,14,12,25,13,12,2,0,2,4,2,2,0,0,0,1,1,0,2,1,1,0,0,0,0,0,0,0,0,0,0,0,0,2,1,1,0,0,0
54597013,2030,1049,981,1940,1012,928,81,37,44,246,104,142,10,1,9,90,37,53,2056,820,1236,1234,451,783,4,0,4,83,0,83,286,136,150,449,233,216,35,16,19
54597014,594,317,277,574,308,266,73,42,31,46,23,23,7,0,7,20,9,11,524,240,284,194,78,116,3,1,2,22,1,21,96,52,44,209,108,101,15,6,9
54597015,186,97,89,185,97,88,15,6,9,14,5,9,1,0,1,1,0,1,148,69,79,71,30,41,0,0,0,4,0,4,21,10,11,52,29,23,2,1,1
54597016,112,59,53,108,58,50,5,3,2,18,8,10,0,0,0,4,1,3,121,62,59,62,28,34,0,0,0,3,0,3,17,11,6,39,23,16,1,1,0
54597017,13,7,6,13,7,6,0,0,0,1,1,0,0,0,0,0,0,0,30,16,14,18,8,10,0,0,0,2,0,2,4,3,1,6,5,1,0,0,0
54597018,195,109,86,189,107,82,8,2,6,22,11,11,1,0,1,6,2,4,129,55,74,26,11,15,0,0,0,14,0,14,34,12,22,55,32,23,2,0,2
54597019,695,447,248,616,385,231,21,7,14,96,48,48,3,0,3,79,62,17,523,266,257,271,138,133,2,2,0,14,0,14,104,55,49,132,71,61,247,192,55
54597020,278,147,131,271,145,126,16,6,10,31,17,14,1,0,1,7,2,5,196,89,107,59,23,36,0,0,0,12,0,12,43,20,23,82,46,36,1,1,0
54597021,4703,2480,2223,4540,2410,2130,248,99,149,343,164,179,31,1,30,163,70,93,2719,1194,1525,865,329,536,12,7,5,171,2,169,648,315,333,1023,541,482,74,38,36
54597022,264,129,135,247,120,127,9,4,5,21,12,9,2,0,2,17,9,8,489,188,301,331,107,224,1,1,0,12,0,12,47,28,19,98,52,46,3,3,0
55797801,968,525,443,942,513,429,61,30,31,69,35,34,11,0,11,26,12,14,718,325,393,183,86,97,1,1,0,52,0,52,200,99,101,282,139,143,6,4,2
1223193,0,0,0,0,0,0,0,0,0,0,0,0,0,0,0,0,0,0,0,0,0,0,0,0,0,0,0,0,0,0,0,0,0,0,0,0,0,0,0
54598801,588,307,281,565,296,269,22,11,11,71,35,36,4,0,4,23,11,12,484,201,283,241,89,152,3,3,0,24,0,24,96,53,43,120,56,64,9,4,5
54598803,165,88,77,160,84,76,10,4,6,26,14,12,4,0,4,5,4,1,160,65,95,83,29,54,0,0,0,7,0,7,33,17,16,37,19,18,0,0,0
54598804,325,178,147,313,171,142,14,7,7,24,10,14,2,0,2,12,7,5,353,156,197,158,70,88,2,2,0,21,0,21,62,27,35,110,57,53,3,0,3
54598805,115,64,51,113,63,50,3,2,1,14,9,5,1,0,1,2,1,1,121,56,65,67,31,36,2,1,1,4,0,4,12,9,3,36,15,21,2,1,1
54598806,546,297,249,533,289,244,29,13,16,85,41,44,6,0,6,13,8,5,502,216,286,288,116,172,2,1,1,13,0,13,53,27,26,146,72,74,9,5,4
54598807,642,341,301,622,334,288,32,11,21,57,30,27,5,0,5,20,7,13,507,245,262,196,87,109,3,1,2,18,0,18,83,50,33,207,107,100,6,5,1
54598808,28,21,7,26,20,6,0,0,0,0,0,0,0,0,0,2,1,1,14,5,9,0,0,0,0,0,0,3,0,3,6,2,4,5,3,2,0,0,0
54598809,341,193,148,331,187,144,15,10,5,57,32,25,6,0,6,10,6,4,288,113,175,158,48,110,1,0,1,8,0,8,44,24,20,77,41,36,0,0,0
54598810,12,7,5,12,7,5,0,0,0,4,2,2,0,0,0,0,0,0,10,4,6,2,0,2,0,0,0,1,0,1,1,1,0,6,3,3,0,0,0
54598811,130,72,58,128,72,56,7,4,3,17,11,6,1,0,1,2,0,2,123,46,77,42,15,27,0,0,0,8,0,8,19,7,12,54,24,30,2,1,1
54598812,543,295,248,525,287,238,29,13,16,51,23,28,2,0,2,18,8,10,413,166,247,217,75,142,2,1,1,23,0,23,76,42,34,95,48,47,14,7,7
54598813,89,48,41,85,46,39,4,3,1,20,11,9,0,0,0,4,2,2,85,35,50,50,16,34,0,0,0,3,0,3,7,6,1,25,13,12,0,0,0
54598814,190,111,79,185,108,77,20,10,10,14,6,8,0,0,0,5,3,2,172,78,94,81,36,45,1,0,1,15,1,14,29,17,12,46,24,22,1,1,0
54598815,117,58,59,113,55,58,9,1,8,14,6,8,3,0,3,4,3,1,102,48,54,57,21,36,0,0,0,4,0,4,14,8,6,27,19,8,0,0,0
54598816,1177,679,498,1093,622,471,39,16,23,95,46,49,10,0,10,84,57,27,748,304,444,360,129,231,3,2,1,30,0,30,144,67,77,211,106,105,193,137,56
54598817,102,56,46,94,53,41,4,1,3,7,6,1,0,0,0,8,3,5,75,37,38,31,12,19,0,0,0,3,0,3,14,9,5,27,16,11,6,3,3
54598818,321,176,145,305,167,138,14,7,7,29,15,14,3,0,3,16,9,7,253,99,154,129,46,83,2,0,2,10,1,9,40,18,22,72,34,38,7,5,2
54598819,1319,707,612,1270,678,592,53,34,19,130,58,72,18,0,18,49,29,20,1005,415,590,460,165,295,3,3,0,59,0,59,204,108,96,279,139,140,39,21,18
54598820,754,411,343,737,401,336,49,24,25,81,48,33,8,0,8,17,10,7,674,282,392,356,140,216,4,3,1,35,1,34,103,49,54,176,89,87,10,6,4
54598821,331,182,149,322,176,146,15,5,10,10,5,5,1,0,1,9,6,3,170,76,94,24,11,13,0,0,0,19,0,19,58,33,25,69,32,37,11,7,4
54598822,428,221,207,417,217,200,28,14,14,57,34,23,1,0,1,11,4,7,356,158,198,182,72,110,1,0,1,9,0,9,39,22,17,125,64,61,4,2,2
54598823,1313,720,593,1258,693,565,58,31,27,126,72,54,13,0,13,55,27,28,991,407,584,487,182,305,3,0,3,41,0,41,180,86,94,280,139,141,36,21,15
54598824,4646,2522,2124,4405,2420,1985,245,121,124,311,152,159,33,1,32,241,102,139,2546,1079,1467,1016,389,627,20,12,8,157,1,156,578,283,295,775,394,381,174,95,79
54598826,229,117,112,218,110,108,15,6,9,25,11,14,1,0,1,11,7,4,167,70,97,101,36,65,0,0,0,5,0,5,22,9,13,39,25,14,6,4,2
54598827,5,3,2,5,3,2,0,0,0,1,0,1,0,0,0,0,0,0,108,22,86,108,22,86,0,0,0,0,0,0,0,0,0,0,0,0,0,0,0
54598828,79,50,29,68,44,24,1,0,1,8,2,6,1,0,1,11,6,5,64,27,37,10,4,6,0,0,0,10,0,10,29,17,12,15,6,9,3,2,1
54598829,2609,1374,1235,2522,1338,1184,117,50,67,211,91,120,22,0,22,87,36,51,2015,783,1232,1063,372,691,2,1,1,99,1,98,363,180,183,488,229,259,80,49,31
54598830,1647,843,804,1571,813,758,72,33,39,167,72,95,8,0,8,76,30,46,1400,546,854,815,291,524,5,3,2,59,0,59,214,108,106,307,144,163,44,28,16
54598831,96,55,41,92,53,39,0,0,0,6,2,4,0,0,0,4,2,2,65,26,39,15,4,11,0,0,0,4,0,4,20,8,12,26,14,12,1,1,0
54598832,106,59,47,102,57,45,6,3,3,14,5,9,1,0,1,4,2,2,103,52,51,54,29,25,0,0,0,6,0,6,15,8,7,28,15,13,0,0,0
54598833,516,253,263,508,252,256,27,10,17,75,43,32,2,0,2,8,1,7,446,197,249,199,83,116,2,1,1,18,0,18,73,33,40,154,80,74,2,0,2
54598834,753,390,363,740,384,356,33,17,16,72,39,33,3,0,3,13,6,7,546,251,295,212,86,126,1,0,1,26,0,26,97,55,42,210,110,100,10,4,6
1225301,0,0,0,0,0,0,0,0,0,0,0,0,0,0,0,0,0,0,0,0,0,0,0,0,0,0,0,0,0,0,0,0,0,0,0,0,0,0,0
3293550,0,0,0,0,0,0,0,0,0,0,0,0,0,0,0,0,0,0,0,0,0,0,0,0,0,0,0,0,0,0,0,0,0,0,0,0,0,0,0
54600301,152,87,65,149,86,63,4,4,0,7,6,1,2,0,2,3,1,2,115,44,71,20,8,12,0,0,0,7,1,6,20,8,12,68,27,41,1,1,0
54600302,200,116,84,197,116,81,11,8,3,29,23,6,1,0,1,3,0,3,228,103,125,103,41,62,0,0,0,14,0,14,36,19,17,75,43,32,1,0,1
54600303,418,215,203,404,209,195,22,10,12,26,10,16,1,0,1,14,6,8,361,169,192,101,44,57,1,0,1,24,0,24,80,49,31,155,76,79,0,0,0
54600304,426,232,194,413,227,186,22,12,10,51,29,22,1,0,1,13,5,8,339,147,192,151,64,87,4,3,1,16,0,16,60,28,32,108,52,56,4,1,3
54600305,409,217,192,402,217,185,23,11,12,12,6,6,11,0,11,7,0,7,276,137,139,29,14,15,1,1,0,31,0,31,129,75,54,86,47,39,5,4,1
54600306,452,240,212,432,226,206,23,10,13,68,33,35,3,0,3,20,14,6,504,192,312,325,111,214,0,0,0,18,0,18,52,31,21,109,50,59,12,5,7
54600307,479,252,227,454,245,209,25,7,18,44,22,22,5,0,5,25,7,18,375,155,220,182,75,107,0,0,0,14,0,14,55,23,32,124,57,67,8,4,4
54600308,1327,714,613,1276,693,583,60,32,28,147,63,84,10,0,10,51,21,30,1349,534,815,899,323,576,1,0,1,45,0,45,159,88,71,245,123,122,26,14,12
54600309,112,57,55,109,57,52,9,2,7,15,10,5,1,0,1,3,0,3,84,37,47,24,11,13,0,0,0,6,0,6,21,10,11,33,16,17,0,0,0
54600310,52,34,18,50,32,18,3,3,0,1,1,0,0,0,0,2,2,0,15,7,8,1,1,0,0,0,0,5,0,5,6,4,2,3,2,1,1,1,0
54600311,1268,923,345,1159,837,322,52,25,27,61,24,37,7,0,7,109,86,23,1119,857,262,230,116,114,1,1,0,19,0,19,670,612,58,199,128,71,18,9,9
54600312,2456,1336,1120,2311,1269,1042,119,59,60,195,88,107,12,0,12,145,67,78,1450,651,799,450,188,262,11,6,5,67,0,67,354,173,181,568,284,284,138,58,80
54600313,844,483,361,812,470,342,46,13,33,43,18,25,5,0,5,32,13,19,411,166,245,164,57,107,0,0,0,21,0,21,95,48,47,131,61,70,34,21,13
54600314,1346,743,603,1301,722,579,111,61,50,115,56,59,19,0,19,45,21,24,1016,427,589,435,153,282,5,3,2,48,0,48,207,106,101,321,165,156,23,11,12
54600315,2385,1281,1104,2299,1259,1040,157,80,77,235,115,120,24,1,23,86,22,64,1854,770,1084,905,345,560,7,5,2,90,2,88,348,165,183,504,253,251,72,39,33
54600316,1142,596,546,1104,582,522,69,30,39,131,55,76,9,0,9,38,14,24,1053,429,624,657,249,408,4,3,1,32,0,32,118,63,55,242,114,128,36,24,12
54600317,1243,679,564,1169,644,525,78,29,49,90,44,46,6,0,6,74,35,39,621,268,353,173,76,97,1,0,1,33,1,32,149,64,85,265,127,138,43,26,17
54600318,181,97,84,178,95,83,24,7,17,3,2,1,2,0,2,3,2,1,57,20,37,16,8,8,0,0,0,6,0,6,19,5,14,16,7,9,0,0,0
54600319,1558,985,573,1400,885,515,53,30,23,70,34,36,7,0,7,158,100,58,826,396,430,217,116,101,3,1,2,45,0,45,257,125,132,304,154,150,316,215,101
54600320,115,66,49,114,65,49,1,0,1,1,0,1,0,0,0,1,1,0,4,2,2,0,0,0,0,0,0,0,0,0,2,2,0,2,0,2,11,4,7
54600321,1240,669,571,1153,634,519,56,21,35,78,38,40,9,0,9,87,35,52,742,314,428,244,91,153,6,5,1,60,0,60,206,86,120,226,132,94,48,32,16
54600322,615,411,204,596,405,191,78,42,36,16,9,7,2,0,2,19,6,13,254,109,145,40,23,17,1,0,1,12,1,11,62,32,30,139,53,86,25,11,14
54600323,1292,686,606,1216,650,566,57,27,30,96,43,53,7,0,7,76,36,40,791,331,460,329,126,203,4,3,1,34,1,33,170,78,92,254,123,131,33,17,16
54600324,2502,1349,1153,2399,1298,1101,145,75,70,170,68,102,17,1,16,103,51,52,1584,654,930,689,255,434,4,3,1,88,1,87,345,170,175,458,225,233,92,47,45
54600325,1501,773,728,1430,743,687,68,29,39,158,64,94,8,0,8,71,30,41,1267,499,768,795,284,511,1,1,0,54,0,54,153,75,78,264,139,125,28,16,12
54600326,280,155,125,276,152,124,20,7,13,32,18,14,0,0,0,4,3,1,222,99,123,110,43,67,0,0,0,8,0,8,27,15,12,77,41,36,1,1,0
54600327,107,51,56,105,51,54,5,1,4,9,2,7,1,0,1,2,0,2,54,23,31,24,8,16,0,0,0,4,0,4,11,8,3,15,7,8,1,0,1
54600328,54,40,14,53,40,13,1,1,0,12,8,4,0,0,0,1,0,1,9,4,5,0,0,0,0,0,0,3,0,3,4,3,1,2,1,1,0,0,0
54600329,41,21,20,41,21,20,3,1,2,2,1,1,0,0,0,0,0,0,32,11,21,7,4,3,0,0,0,2,0,2,10,2,8,13,5,8,1,0,1
54600330,65,45,20,65,45,20,0,0,0,0,0,0,0,0,0,0,0,0,12,8,4,0,0,0,0,0,0,0,0,0,4,3,1,8,5,3,3,2,1
54600331,145,96,49,138,94,44,0,0,0,1,1,0,1,0,1,7,2,5,22,9,13,0,0,0,0,0,0,1,0,1,18,8,10,3,1,2,17,9,8
54600332,4154,2165,1989,4005,2100,1905,175,70,105,522,244,278,30,0,30,149,65,84,4080,1715,2365,2441,945,1496,10,5,5,158,0,158,508,259,249,963,506,457,83,57,26
54600333,22,11,11,20,11,9,0,0,0,3,3,0,0,0,0,2,0,2,15,9,6,4,2,2,1,1,0,0,0,0,5,3,2,5,3,2,0,0,0
54600334,315,175,140,283,157,126,6,1,5,31,15,16,0,0,0,32,18,14,256,115,141,113,52,61,1,1,0,9,0,9,47,19,28,86,43,43,15,4,11
54600335,307,205,102,295,197,98,5,0,5,10,7,3,2,0,2,12,8,4,51,26,25,20,12,8,0,0,0,2,0,2,16,7,9,13,7,6,11,6,5
54600336,105,62,43,101,62,39,2,0,2,5,3,2,0,0,0,4,0,4,61,24,37,32,9,23,0,0,0,1,0,1,5,3,2,23,12,11,0,0,0
54600337,218,126,92,203,117,86,8,5,3,13,5,8,3,0,3,15,9,6,113,43,70,57,22,35,2,1,1,3,0,3,17,6,11,34,14,20,5,3,2
54600338,238,136,102,230,132,98,16,7,9,19,8,11,4,0,4,8,4,4,115,40,75,48,18,30,0,0,0,7,0,7,30,12,18,30,10,20,18,10,8
54600339,1086,577,509,1019,549,470,78,36,42,78,41,37,8,0,8,67,28,39,495,209,286,165,72,93,6,4,2,28,0,28,135,67,68,161,66,95,40,19,21
54600340,119,56,63,117,55,62,11,3,8,12,5,7,0,0,0,2,1,1,103,56,47,42,27,15,0,0,0,5,0,5,12,7,5,44,22,22,0,0,0
54600341,539,296,243,517,285,232,15,7,8,47,27,20,8,0,8,22,11,11,343,157,186,111,49,62,1,1,0,20,0,20,77,33,44,134,74,60,5,1,4
1226290,0,0,0,0,0,0,0,0,0,0,0,0,0,0,0,0,0,0,0,0,0,0,0,0,0,0,0,0,0,0,0,0,0,0,0,0,0,0,0
3318210,0,0,0,0,0,0,0,0,0,0,0,0,0,0,0,0,0,0,0,0,0,0,0,0,0,0,0,0,0,0,0,0,0,0,0,0,0,0,0
54620801,726,387,339,705,378,327,57,31,26,97,53,44,5,0,5,21,9,12,498,236,262,198,79,119,0,0,0,17,1,16,74,37,37,209,119,90,4,3,1
54620802,849,435,414,817,422,395,41,22,19,86,33,53,10,0,10,32,13,19,705,276,429,391,147,244,0,0,0,38,0,38,114,64,50,162,65,97,10,6,4
54620803,150,79,71,144,76,68,5,4,1,15,7,8,0,0,0,6,3,3,130,64,66,65,28,37,1,1,0,5,0,5,13,8,5,46,27,19,0,0,0
54620804,1612,856,756,1561,836,725,84,33,51,122,65,57,18,0,18,51,20,31,1443,541,902,814,271,543,6,4,2,68,0,68,202,91,111,353,175,178,24,9,15
54620805,20,6,14,19,6,13,1,0,1,3,1,2,0,0,0,1,0,1,6,3,3,2,0,2,0,0,0,0,0,0,3,2,1,1,1,0,0,0,0
54620807,42,23,19,41,22,19,2,0,2,6,3,3,0,0,0,1,1,0,27,15,12,12,6,6,0,0,0,0,0,0,1,1,0,14,8,6,0,0,0
54620808,634,332,302,609,320,289,22,11,11,75,33,42,11,0,11,25,12,13,622,279,343,380,168,212,1,1,0,15,0,15,83,41,42,143,69,74,10,7,3
54620809,95,48,47,93,47,46,7,3,4,10,6,4,1,0,1,2,1,1,51,20,31,6,3,3,0,0,0,3,0,3,24,10,14,18,7,11,3,1,2
54620810,103,52,51,101,52,49,14,5,9,6,4,2,1,0,1,2,0,2,34,7,27,7,3,4,0,0,0,5,0,5,12,4,8,10,0,10,0,0,0
54620811,706,356,350,680,343,337,29,10,19,80,28,52,6,0,6,26,13,13,796,330,466,467,183,284,3,1,2,37,0,37,113,62,51,176,84,92,14,8,6
54620812,1833,1023,810,1746,971,775,86,44,42,166,90,76,6,0,6,87,52,35,1590,670,920,855,347,508,8,4,4,60,0,60,229,119,110,438,200,238,96,69,27
54620813,23,14,9,21,12,9,0,0,0,1,1,0,0,0,0,2,2,0,11,5,6,5,3,2,1,0,1,0,0,0,3,1,2,2,1,1,1,0,1
54620814,275,149,126,265,147,118,9,2,7,24,13,11,1,0,1,10,2,8,256,114,142,122,52,70,0,0,0,11,0,11,41,18,23,82,44,38,1,1,0
54620815,599,317,282,574,304,270,29,9,20,66,29,37,6,0,6,25,13,12,573,201,372,377,114,263,0,0,0,21,0,21,66,31,35,109,56,53,7,2,5
54620816,33,17,16,32,17,15,1,0,1,3,1,2,1,0,1,1,0,1,21,10,11,9,5,4,0,0,0,1,0,1,5,2,3,6,3,3,0,0,0
54620817,1208,627,581,1159,605,554,48,16,32,142,69,73,16,0,16,49,22,27,1036,420,616,562,201,361,4,2,2,53,0,53,155,83,72,262,134,128,26,11,15
54620818,1143,615,528,1095,590,505,46,20,26,141,62,79,12,0,12,48,25,23,1154,445,709,700,254,446,2,1,1,36,0,36,158,69,89,258,121,137,26,16,10
54620820,999,540,459,946,512,434,39,12,27,77,36,41,8,1,7,53,28,25,798,312,486,410,139,271,1,1,0,35,0,35,128,56,72,224,116,108,20,9,11
54620821,680,356,324,660,341,319,38,25,13,85,44,41,4,0,4,20,15,5,577,267,310,265,116,149,3,0,3,17,0,17,80,37,43,212,114,98,4,2,2
54620822,152,80,72,151,79,72,16,5,11,5,3,2,1,0,1,1,1,0,111,52,59,13,4,9,0,0,0,5,0,5,30,18,12,63,30,33,0,0,0
54620823,575,309,266,559,305,254,24,9,15,62,34,28,5,0,5,16,4,12,498,235,263,183,74,109,5,1,4,18,0,18,92,47,45,200,113,87,3,0,3
54620824,31,18,13,31,18,13,4,3,1,3,1,2,0,0,0,0,0,0,39,22,17,13,6,7,0,0,0,4,0,4,11,8,3,11,8,3,0,0,0
54620825,47,25,22,33,19,14,1,0,1,2,1,1,0,0,0,14,6,8,47,21,26,17,7,10,0,0,0,3,0,3,19,10,9,8,4,4,12,6,6
55473101,1207,678,529,1163,654,509,33,10,23,93,48,45,13,0,13,44,24,20,1020,410,610,394,140,254,2,1,1,77,0,77,236,108,128,311,161,150,26,15,11
55473102,105,58,47,99,53,46,0,0,0,10,5,5,1,0,1,6,5,1,70,38,32,18,10,8,0,0,0,4,0,4,17,10,7,31,18,13,1,1,0
55475801,1050,572,478,1022,554,468,44,12,32,106,57,49,9,0,9,28,18,10,862,386,476,357,154,203,0,0,0,43,1,42,172,89,83,290,142,148,11,4,7
55475802,181,104,77,171,101,70,5,5,0,16,9,7,1,0,1,10,3,7,124,61,63,47,23,24,1,0,1,6,0,6,23,13,10,47,25,22,1,0,1
55476601,556,312,244,535,303,232,23,13,10,58,34,24,4,0,4,21,9,12,475,190,285,215,86,129,2,0,2,33,0,33,83,44,39,142,60,82,12,7,5
55476602,23,13,10,22,12,10,3,1,2,1,0,1,0,0,0,1,1,0,24,15,9,4,3,1,0,0,0,1,0,1,7,3,4,12,9,3,0,0,0
55477401,1055,568,487,1023,552,471,57,35,22,120,70,50,11,0,11,32,16,16,794,339,455,269,106,163,0,0,0,51,0,51,187,84,103,287,149,138,19,9,10
55919901,82,44,38,80,43,37,7,3,4,1,0,1,1,0,1,2,1,1,71,29,42,10,5,5,0,0,0,6,0,6,22,9,13,33,15,18,1,0,1
55919902,454,249,205,433,236,197,24,8,16,46,25,21,3,0,3,21,13,8,332,141,191,120,53,67,1,1,0,14,0,14,54,25,29,143,62,81,5,3,2
55784601,25,13,12,25,13,12,0,0,0,0,0,0,0,0,0,0,0,0,37,20,17,18,8,10,1,0,1,2,0,2,4,2,2,12,10,2,0,0,0
55784602,350,186,164,341,183,158,15,6,9,33,16,17,2,0,2,9,3,6,266,128,138,91,40,51,1,1,0,19,0,19,56,33,23,99,54,45,4,3,1
55784603,48,24,24,46,24,22,3,1,2,5,3,2,1,0,1,2,0,2,35,17,18,12,5,7,0,0,0,0,0,0,3,1,2,20,11,9,0,0,0
55800101,784,413,371,761,402,359,36,12,24,66,38,28,4,0,4,23,11,12,633,279,354,266,125,141,1,1,0,30,0,30,106,57,49,230,96,134,7,3,4
55814101,431,232,199,421,226,195,23,7,16,39,23,16,5,0,5,10,6,4,423,179,244,220,92,128,0,0,0,15,0,15,68,35,33,120,52,68,7,5,2
55814102,150,88,62,149,88,61,7,4,3,18,8,10,1,0,1,1,0,1,126,58,68,60,23,37,0,0,0,8,0,8,31,20,11,27,15,12,0,0,0
55814103,157,80,77,154,78,76,2,1,1,19,8,11,0,0,0,3,2,1,123,61,62,52,29,23,0,0,0,8,0,8,22,11,11,41,21,20,1,0,1
55837101,147,79,68,144,76,68,4,2,2,14,5,9,1,0,1,3,3,0,142,66,76,55,19,36,0,0,0,7,0,7,30,16,14,50,31,19,2,1,1
55837102,371,212,159,358,207,151,10,8,2,36,23,13,3,0,3,13,5,8,276,123,153,104,47,57,0,0,0,17,0,17,68,37,31,87,39,48,3,1,2
55837103,260,145,115,249,138,111,16,5,11,28,16,12,3,0,3,11,7,4,234,94,140,111,39,72,0,0,0,12,0,12,42,20,22,69,35,34,6,4,2
55837104,106,59,47,101,56,45,3,0,3,14,7,7,0,0,0,5,3,2,95,34,61,53,20,33,1,0,1,7,0,7,22,11,11,12,3,9,1,1,0
55837105,1877,1007,870,1812,968,844,92,41,51,197,103,94,11,0,11,65,39,26,1682,736,946,773,316,457,9,5,4,77,1,76,272,144,128,551,270,281,30,16,14
55842701,52,31,21,50,31,19,3,2,1,8,6,2,1,0,1,2,0,2,49,25,24,28,15,13,0,0,0,2,0,2,6,2,4,13,8,5,0,0,0
55842702,255,137,118,249,134,115,12,7,5,26,14,12,3,0,3,6,3,3,251,99,152,115,49,66,0,0,0,11,0,11,43,17,26,82,33,49,2,1,1
55842703,51,28,23,51,28,23,1,1,0,4,3,1,1,0,1,0,0,0,53,24,29,23,12,11,0,0,0,4,0,4,9,5,4,17,7,10,1,1,0
55842704,1137,627,510,1106,613,493,34,18,16,127,63,64,12,0,12,31,14,17,1061,492,569,483,198,285,3,0,3,57,0,57,211,122,89,307,172,135,11,7,4
55846001,582,320,262,558,308,250,19,11,8,47,22,25,2,0,2,24,12,12,497,253,244,195,98,97,0,0,0,31,0,31,97,55,42,174,100,74,5,3,2
55885101,780,423,357,753,408,345,29,9,20,57,28,29,5,0,5,27,15,12,633,274,359,259,100,159,1,1,0,21,0,21,92,53,39,260,120,140,14,7,7
55885103,207,119,88,203,117,86,8,4,4,29,18,11,0,0,0,4,2,2,187,87,100,96,40,56,0,0,0,10,0,10,31,16,15,50,31,19,0,0,0
55896601,979,537,442,950,523,427,36,13,23,104,52,52,4,0,4,29,14,15,891,401,490,430,182,248,1,1,0,37,0,37,130,68,62,293,150,143,16,6,10
3004110,0,0,0,0,0,0,0,0,0,0,0,0,0,0,0,0,0,0,0,0,0,0,0,0,0,0,0,0,0,0,0,0,0,0,0,0,0,0,0
55913001,575,309,266,560,302,258,25,11,14,58,30,28,4,0,4,15,7,8,472,211,261,175,74,101,0,0,0,24,0,24,98,51,47,175,86,89,12,6,6
57860601,105,54,51,105,54,51,4,2,2,17,7,10,1,0,1,0,0,0,101,44,57,43,20,23,0,0,0,7,0,7,20,11,9,31,13,18,0,0,0
53013101,13,8,5,12,7,5,0,0,0,0,0,0,0,0,0,1,1,0,10,5,5,7,3,4,0,0,0,0,0,0,1,0,1,2,2,0,0,0,0
53013102,100,53,47,96,50,46,1,0,1,13,8,5,0,0,0,4,3,1,107,45,62,59,23,36,1,1,0,4,1,3,20,11,9,23,9,14,1,0,1
53014002,100,55,45,94,54,40,0,0,0,21,11,10,0,0,0,6,1,5,92,46,46,52,21,31,1,1,0,1,0,1,8,6,2,30,18,12,0,0,0
53018202,236,139,97,230,135,95,4,2,2,32,18,14,4,0,4,6,4,2,227,96,131,81,32,49,0,0,0,15,0,15,48,18,30,83,46,37,12,4,8
53971601,122,65,57,118,63,55,3,1,2,16,9,7,1,0,1,4,2,2,95,46,49,48,20,28,0,0,0,5,0,5,18,11,7,24,15,9,2,0,2
53978301,171,98,73,163,96,67,12,3,9,12,6,6,1,0,1,8,2,6,144,64,80,73,30,43,0,0,0,11,0,11,25,13,12,35,21,14,2,2,0
53982101,261,151,110,257,150,107,11,3,8,21,11,10,3,0,3,4,1,3,196,89,107,106,48,58,3,3,0,7,0,7,20,8,12,60,30,30,4,3,1
53992901,26,15,11,26,15,11,0,0,0,7,3,4,0,0,0,0,0,0,17,8,9,9,5,4,0,0,0,3,0,3,3,1,2,2,2,0,0,0,0
53993701,100,62,38,99,61,38,2,1,1,10,9,1,0,0,0,1,1,0,104,40,64,59,28,31,0,0,0,5,0,5,11,3,8,29,9,20,2,2,0
53994501,165,94,71,158,91,67,8,5,3,19,12,7,1,0,1,7,3,4,120,51,69,59,26,33,0,0,0,8,1,7,24,13,11,29,11,18,2,2,0
54005601,78,45,33,74,41,33,2,2,0,3,3,0,1,0,1,4,4,0,67,25,42,27,12,15,0,0,0,4,0,4,18,5,13,18,8,10,2,1,1
54006401,57,34,23,55,34,21,1,0,1,3,1,2,0,0,0,2,0,2,73,37,36,35,17,18,0,0,0,7,0,7,12,9,3,19,11,8,0,0,0
54010201,49,31,18,47,30,17,4,1,3,8,6,2,0,0,0,2,1,1,46,18,28,36,15,21,0,0,0,1,0,1,2,1,1,7,2,5,1,1,0
54013701,13,8,5,11,7,4,0,0,0,3,1,2,0,0,0,2,1,1,16,8,8,11,5,6,0,0,0,1,0,1,3,2,1,1,1,0,0,0,0
54013702,10,8,2,9,7,2,1,1,0,0,0,0,0,0,0,1,1,0,14,6,8,10,4,6,0,0,0,1,0,1,3,2,1,0,0,0,0,0,0
54020001,50,31,19,44,29,15,1,0,1,4,3,1,0,0,0,6,2,4,45,21,24,24,11,13,0,0,0,3,0,3,4,2,2,14,8,6,1,1,0
54025101,21,16,5,21,16,5,1,0,1,5,3,2,0,0,0,0,0,0,18,7,11,8,3,5,0,0,0,3,0,3,7,4,3,0,0,0,0,0,0
54025102,67,39,28,64,37,27,0,0,0,6,4,2,0,0,0,3,2,1,41,19,22,15,3,12,0,0,0,2,0,2,12,8,4,12,8,4,4,2,2
54026901,165,89,76,161,86,75,4,1,3,14,5,9,0,0,0,4,3,1,125,55,70,59,24,35,0,0,0,4,0,4,19,11,8,43,20,23,1,0,1
54029301,76,42,34,71,40,31,3,2,1,7,3,4,0,0,0,5,2,3,71,31,40,42,19,23,0,0,0,4,1,3,13,5,8,12,6,6,5,3,2
54030701,42,22,20,41,22,19,1,0,1,8,4,4,0,0,0,1,0,1,45,20,25,25,11,14,0,0,0,3,0,3,7,4,3,10,5,5,1,0,1
54034001,168,90,78,162,88,74,5,4,1,20,10,10,2,0,2,6,2,4,162,75,87,70,34,36,1,1,0,9,0,9,37,18,19,45,22,23,4,3,1
54034002,14,10,4,14,10,4,0,0,0,3,1,2,0,0,0,0,0,0,15,6,9,10,3,7,0,0,0,1,0,1,1,1,0,3,2,1,0,0,0
54041201,39,20,19,39,20,19,2,0,2,4,2,2,0,0,0,0,0,0,38,20,18,21,12,9,0,0,0,1,0,1,5,3,2,11,5,6,0,0,0
54041202,102,60,42,98,57,41,3,0,3,9,4,5,2,0,2,4,3,1,78,21,57,36,10,26,0,0,0,6,0,6,13,4,9,23,7,16,0,0,0
54042101,50,27,23,45,24,21,1,0,1,7,3,4,0,0,0,5,3,2,40,22,18,22,8,14,1,1,0,2,0,2,5,5,0,10,8,2,1,1,0
54046301,24,15,9,24,15,9,0,0,0,0,0,0,0,0,0,0,0,0,38,15,23,24,11,13,0,0,0,2,0,2,3,0,3,9,4,5,0,0,0
54052801,86,50,36,80,47,33,5,1,4,11,5,6,1,0,1,6,3,3,63,26,37,29,11,18,0,0,0,4,1,3,12,5,7,18,9,9,0,0,0
54061701,76,39,37,72,38,34,1,0,1,6,4,2,0,0,0,4,1,3,78,36,42,47,24,23,0,0,0,4,0,4,11,3,8,16,9,7,0,0,0
54063301,78,42,36,70,37,33,2,1,1,6,4,2,1,0,1,8,5,3,95,42,53,38,16,22,1,0,1,3,0,3,27,12,15,26,14,12,7,3,4
54063302,19,12,7,18,11,7,0,0,0,0,0,0,0,0,0,1,1,0,27,13,14,15,6,9,0,0,0,3,0,3,4,2,2,5,5,0,0,0,0
54063303,30,19,11,30,19,11,0,0,0,5,4,1,1,0,1,0,0,0,35,13,22,19,8,11,0,0,0,2,0,2,9,3,6,5,2,3,0,0,0
54066801,116,65,51,114,64,50,5,1,4,11,8,3,2,0,2,2,1,1,92,43,49,50,22,28,0,0,0,2,0,2,17,8,9,23,13,10,2,1,1
54066802,27,16,11,27,16,11,1,1,0,7,3,4,0,0,0,0,0,0,18,7,11,8,3,5,0,0,0,2,0,2,5,4,1,3,0,3,0,0,0
54067601,69,43,26,65,40,25,3,2,1,8,6,2,0,0,0,4,3,1,64,28,36,40,18,22,0,0,0,3,0,3,7,4,3,14,6,8,0,0,0
54067602,14,7,7,12,5,7,0,0,0,3,1,2,0,0,0,2,2,0,7,4,3,5,3,2,0,0,0,0,0,0,0,0,0,2,1,1,1,1,0
54069201,52,36,16,50,35,15,2,0,2,6,4,2,0,0,0,2,1,1,63,21,42,42,19,23,0,0,0,5,0,5,10,1,9,6,1,5,0,0,0
54070601,40,24,16,38,23,15,0,0,0,5,1,4,0,0,0,2,1,1,29,12,17,12,5,7,0,0,0,3,0,3,7,3,4,7,4,3,0,0,0
54070602,16,11,5,15,11,4,1,1,0,1,1,0,0,0,0,1,0,1,5,3,2,3,1,2,0,0,0,0,0,0,1,1,0,1,1,0,0,0,0
54215601,128,67,61,126,67,59,4,2,2,14,10,4,0,0,0,2,0,2,94,41,53,48,24,24,0,0,0,0,0,0,11,4,7,35,13,22,3,1,2
54229601,110,62,48,107,60,47,3,1,2,18,12,6,0,0,0,3,2,1,90,40,50,44,19,25,0,0,0,4,0,4,19,10,9,23,11,12,2,1,1
54637201,136,74,62,133,71,62,5,3,2,17,7,10,1,0,1,3,3,0,118,54,64,51,26,25,0,0,0,6,0,6,19,8,11,42,20,22,1,0,1
3301830,0,0,0,0,0,0,0,0,0,0,0,0,0,0,0,0,0,0,0,0,0,0,0,0,0,0,0,0,0,0,0,0,0,0,0,0,0,0,0
54639901,53,30,23,52,30,22,0,0,0,6,3,3,0,0,0,1,0,1,53,26,27,30,15,15,0,0,0,3,0,3,9,4,5,11,7,4,1,1,0
55350601,55,28,27,53,26,27,1,0,1,9,4,5,0,0,0,2,2,0,64,29,35,25,13,12,0,0,0,4,0,4,10,6,4,25,10,15,1,1,0
55356501,14,10,4,14,10,4,0,0,0,5,4,1,0,0,0,0,0,0,23,10,13,17,8,9,0,0,0,0,0,0,0,0,0,6,2,4,0,0,0
55365401,46,32,14,38,25,13,0,0,0,1,0,1,1,0,1,8,7,1,16,6,10,6,2,4,0,0,0,1,0,1,4,2,2,5,2,3,11,10,1
55365402,2504,1368,1136,2409,1318,1091,91,31,60,213,115,98,16,0,16,95,50,45,2276,993,1283,1117,468,649,3,2,1,119,1,118,379,186,193,658,336,322,49,33,16
55365404,74,40,34,73,39,34,5,1,4,8,4,4,0,0,0,1,1,0,49,22,27,29,12,17,0,0,0,1,1,0,7,2,5,12,7,5,0,0,0
55366201,118,64,54,113,60,53,5,2,3,11,7,4,1,0,1,5,4,1,144,62,82,61,25,36,0,0,0,4,0,4,31,12,19,48,25,23,3,2,1
55384101,222,128,94,216,126,90,5,1,4,19,12,7,1,0,1,6,2,4,198,98,100,88,38,50,0,0,0,7,0,7,33,19,14,70,41,29,5,4,1
55402201,81,53,28,79,51,28,5,1,4,4,4,0,0,0,0,2,2,0,68,25,43,29,11,18,0,0,0,5,0,5,11,7,4,23,7,16,0,0,0
3023250,0,0,0,0,0,0,0,0,0,0,0,0,0,0,0,0,0,0,0,0,0,0,0,0,0,0,0,0,0,0,0,0,0,0,0,0,0,0,0
55758701,205,111,94,198,109,89,10,3,7,15,7,8,1,0,1,7,2,5,168,82,86,59,29,30,1,1,0,9,0,9,33,20,13,66,32,34,1,0,1
55758704,19,11,8,19,11,8,1,1,0,1,1,0,0,0,0,0,0,0,23,9,14,13,4,9,0,0,0,0,0,0,5,3,2,5,2,3,1,0,1
55758705,27,15,12,25,14,11,2,2,0,3,2,1,0,0,0,2,1,1,22,11,11,15,8,7,0,0,0,0,0,0,0,0,0,7,3,4,0,0,0
55758706,17,10,7,15,9,6,1,0,1,1,1,0,0,0,0,2,1,1,24,10,14,18,8,10,0,0,0,1,0,1,3,1,2,2,1,1,0,0,0
55758707,45,24,21,44,23,21,3,0,3,8,5,3,0,0,0,1,1,0,35,12,23,18,7,11,0,0,0,1,0,1,7,1,6,9,4,5,0,0,0
55758708,50,26,24,50,26,24,1,0,1,4,4,0,0,0,0,0,0,0,48,26,22,25,12,13,0,0,0,1,0,1,6,5,1,16,9,7,0,0,0
55758710,117,68,49,113,67,46,5,3,2,20,13,7,0,0,0,4,1,3,162,64,98,108,44,64,0,0,0,6,0,6,21,9,12,27,11,16,0,0,0
55758711,134,76,58,128,74,54,6,3,3,15,9,6,2,0,2,6,2,4,124,59,65,60,29,31,0,0,0,7,1,6,17,6,11,40,23,17,0,0,0
55758712,1147,598,549,1104,583,521,31,12,19,137,67,70,5,0,5,43,15,28,968,410,558,498,186,312,1,1,0,40,2,38,129,63,66,300,158,142,24,16,8
55758713,14,10,4,13,10,3,0,0,0,5,3,2,0,0,0,1,0,1,15,4,11,7,2,5,0,0,0,1,0,1,2,0,2,5,2,3,0,0,0
55758714,240,126,114,233,120,113,11,2,9,22,11,11,2,0,2,7,6,1,237,105,132,117,45,72,2,2,0,8,0,8,30,15,15,80,43,37,0,0,0
55758715,64,31,33,63,31,32,4,1,3,6,3,3,0,0,0,1,0,1,68,30,38,25,9,16,0,0,0,1,0,1,7,6,1,35,15,20,0,0,0
55764101,233,138,95,226,134,92,8,6,2,27,11,16,2,0,2,7,4,3,228,102,126,95,38,57,1,0,1,16,0,16,43,24,19,73,40,33,0,0,0
55764102,60,32,28,60,32,28,2,2,0,7,2,5,1,0,1,0,0,0,44,19,25,25,12,13,0,0,0,2,0,2,6,1,5,11,6,5,1,0,1
55765001,59,32,27,57,31,26,3,2,1,4,4,0,1,0,1,2,1,1,73,30,43,34,12,22,0,0,0,0,0,0,12,4,8,27,14,13,3,1,2
55765002,22,17,5,20,16,4,1,1,0,3,2,1,0,0,0,2,1,1,34,12,22,19,8,11,0,0,0,2,0,2,7,1,6,6,3,3,0,0,0
55765004,70,37,33,66,33,33,0,0,0,11,5,6,0,0,0,4,4,0,68,30,38,35,15,20,0,0,0,3,0,3,9,4,5,21,11,10,3,2,1
55765006,19,12,7,19,12,7,0,0,0,3,3,0,0,0,0,0,0,0,23,10,13,19,9,10,0,0,0,0,0,0,1,0,1,3,1,2,0,0,0
55765007,21,10,11,21,10,11,0,0,0,2,1,1,2,0,2,0,0,0,29,14,15,17,12,5,0,0,0,1,0,1,7,2,5,4,0,4,0,0,0
55765008,32,20,12,30,18,12,0,0,0,4,3,1,1,0,1,2,2,0,58,25,33,32,13,19,1,1,0,2,0,2,11,5,6,12,6,6,0,0,0
55765009,62,36,26,58,35,23,2,0,2,8,4,4,0,0,0,4,1,3,68,34,34,41,20,21,1,1,0,4,0,4,8,5,3,14,8,6,0,0,0
55766801,56,38,18,55,38,17,0,0,0,7,3,4,0,0,0,1,0,1,56,28,28,26,10,16,0,0,0,0,0,0,4,1,3,26,17,9,3,1,2
55766802,363,210,153,354,205,149,14,5,9,52,30,22,4,0,4,9,5,4,305,139,166,172,75,97,0,0,0,13,0,13,46,23,23,74,41,33,8,5,3
55767601,63,36,27,60,34,26,0,0,0,5,2,3,0,0,0,3,2,1,59,35,24,33,19,14,0,0,0,3,0,3,9,5,4,14,11,3,0,0,0
55767602,3160,1764,1396,2934,1605,1329,93,43,50,276,141,135,19,0,19,226,159,67,3095,1418,1677,1680,767,913,5,3,2,125,1,124,439,219,220,846,428,418,58,34,24
55767603,59,35,24,57,35,22,0,0,0,13,5,8,0,0,0,2,0,2,58,31,27,20,11,9,0,0,0,3,0,3,10,4,6,25,16,9,0,0,0
55767604,23,14,9,23,14,9,1,1,0,5,4,1,0,0,0,0,0,0,13,6,7,4,2,2,0,0,0,1,0,1,3,1,2,5,3,2,0,0,0
55767605,210,118,92,208,117,91,11,5,6,19,12,7,2,0,2,2,1,1,172,71,101,70,29,41,0,0,0,10,0,10,38,19,19,54,23,31,1,1,0
55768401,328,183,145,317,175,142,8,1,7,25,13,12,2,0,2,11,8,3,273,116,157,108,46,62,0,0,0,21,0,21,65,37,28,79,33,46,7,6,1
55768402,11,6,5,9,5,4,0,0,0,2,1,1,0,0,0,2,1,1,12,6,6,3,2,1,0,0,0,1,0,1,2,2,0,6,2,4,0,0,0
55768403,42,25,17,41,24,17,0,0,0,5,3,2,0,0,0,1,1,0,46,21,25,14,7,7,1,1,0,6,0,6,15,9,6,10,4,6,0,0,0
55768404,13,8,5,13,8,5,0,0,0,3,1,2,0,0,0,0,0,0,16,11,5,12,8,4,0,0,0,0,0,0,0,0,0,4,3,1,1,1,0
55768405,78,45,33,77,44,33,2,1,1,8,5,3,1,0,1,1,1,0,82,41,41,42,20,22,0,0,0,4,0,4,16,9,7,20,12,8,0,0,0
55768406,59,32,27,57,30,27,4,2,2,2,1,1,0,0,0,2,2,0,62,26,36,28,11,17,1,0,1,4,0,4,8,2,6,21,13,8,0,0,0
55772201,143,81,62,142,81,61,9,4,5,14,6,8,1,0,1,1,0,1,108,42,66,49,19,30,0,0,0,9,0,9,24,11,13,26,12,14,2,2,0
55772202,15,9,6,15,9,6,1,0,1,3,2,1,0,0,0,0,0,0,15,3,12,8,2,6,0,0,0,1,0,1,3,1,2,3,0,3,0,0,0
55772203,61,36,25,60,35,25,1,1,0,6,4,2,0,0,0,1,1,0,58,25,33,30,13,17,0,0,0,3,0,3,8,2,6,17,10,7,0,0,0
55773101,277,151,126,271,150,121,12,6,6,35,17,18,2,0,2,6,1,5,201,88,113,95,44,51,0,0,0,11,0,11,36,13,23,59,31,28,15,10,5
55773102,36,20,16,33,17,16,3,3,0,5,2,3,1,0,1,3,3,0,19,10,9,10,5,5,0,0,0,0,0,0,5,3,2,4,2,2,0,0,0
55774901,40,29,11,38,28,10,0,0,0,4,4,0,1,0,1,2,1,1,44,19,25,24,10,14,0,0,0,1,0,1,7,4,3,12,5,7,0,0,0
55774902,49,30,19,49,30,19,2,1,1,9,5,4,0,0,0,0,0,0,61,27,34,30,12,18,0,0,0,4,1,3,13,6,7,14,8,6,1,1,0
55774903,10,6,4,10,6,4,0,0,0,3,1,2,0,0,0,0,0,0,15,6,9,9,4,5,0,0,0,1,0,1,3,1,2,2,1,1,0,0,0
55777301,112,63,49,110,62,48,2,0,2,13,9,4,1,0,1,2,1,1,113,40,73,58,20,38,0,0,0,4,0,4,15,8,7,36,12,24,2,1,1
55778101,75,42,33,73,41,32,1,0,1,10,3,7,1,0,1,2,1,1,53,30,23,28,15,13,0,0,0,2,0,2,7,5,2,16,10,6,1,1,0
55778102,1056,585,471,1021,564,457,39,22,17,94,40,54,7,0,7,35,21,14,907,393,514,418,170,248,0,0,0,58,0,58,170,93,77,261,130,131,26,17,9
55778103,115,76,39,111,75,36,1,0,1,4,3,1,1,0,1,4,1,3,51,25,26,27,13,14,0,0,0,3,0,3,9,5,4,12,7,5,2,2,0
55780301,229,135,94,217,132,85,6,3,3,26,15,11,1,0,1,12,3,9,186,87,99,97,43,54,0,0,0,7,0,7,34,15,19,48,29,19,5,3,2
55780302,18,10,8,17,10,7,0,0,0,0,0,0,0,0,0,1,0,1,13,6,7,9,4,5,0,0,0,0,0,0,1,1,0,3,1,2,0,0,0
55780304,31,18,13,30,17,13,0,0,0,3,2,1,0,0,0,1,1,0,37,14,23,19,7,12,0,0,0,0,0,0,5,3,2,13,4,9,0,0,0
55780305,30,15,15,28,15,13,2,1,1,1,0,1,0,0,0,2,0,2,31,13,18,17,7,10,0,0,0,2,0,2,5,4,1,7,2,5,0,0,0
55783801,1162,642,520,1120,620,500,40,17,23,99,50,49,12,0,12,42,22,20,997,441,556,489,207,282,2,2,0,50,0,50,186,93,93,270,139,131,38,21,17
55783802,34,23,11,33,23,10,0,0,0,2,2,0,0,0,0,1,0,1,29,12,17,17,8,9,0,0,0,1,0,1,5,2,3,6,2,4,0,0,0
55783803,21,13,8,19,12,7,1,0,1,2,1,1,0,0,0,2,1,1,12,8,4,8,4,4,0,0,0,0,0,0,3,3,0,1,1,0,0,0,0
55783804,25,15,10,23,14,9,0,0,0,1,1,0,0,0,0,2,1,1,27,8,19,12,5,7,0,0,0,1,0,1,7,2,5,7,1,6,3,1,2
55783805,244,135,109,232,129,103,9,4,5,9,6,3,5,0,5,12,6,6,203,95,108,80,35,45,0,0,0,15,0,15,56,32,24,52,28,24,4,0,4
55783806,26,14,12,23,14,9,0,0,0,3,1,2,0,0,0,3,0,3,24,12,12,10,3,7,0,0,0,0,0,0,4,3,1,10,6,4,1,1,0
55783807,40,24,16,39,23,16,3,1,2,4,2,2,0,0,0,1,1,0,45,16,29,25,11,14,0,0,0,2,0,2,6,2,4,12,3,9,0,0,0
55786201,33,20,13,33,20,13,1,1,0,3,2,1,0,0,0,0,0,0,29,14,15,19,8,11,0,0,0,1,0,1,1,0,1,8,6,2,1,0,1
55786202,438,252,186,409,242,167,13,6,7,53,30,23,4,0,4,29,10,19,415,186,229,227,94,133,0,0,0,12,0,12,68,31,37,108,61,47,9,6,3
55786203,29,14,15,29,14,15,4,1,3,4,1,3,0,0,0,0,0,0,29,12,17,17,9,8,0,0,0,0,0,0,2,0,2,10,3,7,0,0,0
55786204,35,21,14,33,20,13,0,0,0,1,1,0,0,0,0,2,1,1,48,21,27,20,9,11,1,1,0,3,0,3,9,2,7,15,9,6,1,1,0
55786205,35,18,17,31,17,14,0,0,0,4,1,3,0,0,0,4,1,3,23,7,16,11,4,7,0,0,0,1,0,1,4,1,3,7,2,5,0,0,0
55786206,48,36,12,44,33,11,0,0,0,2,2,0,1,0,1,4,3,1,35,12,23,18,7,11,1,0,1,1,0,1,5,0,5,10,5,5,1,1,0
55786208,15,9,6,14,8,6,0,0,0,3,2,1,0,0,0,1,1,0,22,10,12,10,4,6,0,0,0,2,0,2,3,2,1,7,4,3,0,0,0
55787102,70,39,31,70,39,31,1,1,0,13,6,7,0,0,0,0,0,0,62,33,29,30,13,17,0,0,0,0,0,0,8,5,3,24,15,9,2,1,1
55787103,44,26,18,43,26,17,0,0,0,3,1,2,0,0,0,1,0,1,48,16,32,29,12,17,0,0,0,3,0,3,9,3,6,7,1,6,0,0,0
55787104,14,6,8,14,6,8,1,0,1,2,1,1,0,0,0,0,0,0,11,5,6,8,4,4,0,0,0,0,0,0,1,1,0,2,0,2,0,0,0
55787105,28,17,11,27,17,10,2,1,1,3,2,1,0,0,0,1,0,1,20,9,11,9,4,5,0,0,0,1,0,1,3,2,1,7,3,4,0,0,0
55789701,130,76,54,127,74,53,6,3,3,19,11,8,0,0,0,3,2,1,94,43,51,43,20,23,0,0,0,2,0,2,11,3,8,38,20,18,2,1,1
55794301,45,28,17,44,28,16,0,0,0,7,4,3,0,0,0,1,0,1,55,18,37,32,10,22,0,0,0,1,0,1,5,1,4,17,7,10,1,1,0
0805862,0,0,0,0,0,0,0,0,0,0,0,0,0,0,0,0,0,0,0,0,0,0,0,0,0,0,0,0,0,0,0,0,0,0,0,0,0,0,0
55795101,22,12,10,22,12,10,1,0,1,1,1,0,0,0,0,0,0,0,16,5,11,9,3,6,0,0,0,0,0,0,0,0,0,7,2,5,0,0,0
55795102,57,33,24,57,33,24,4,2,2,7,5,2,0,0,0,0,0,0,45,25,20,21,9,12,0,0,0,2,0,2,8,5,3,14,11,3,0,0,0
55795103,39,22,17,38,22,16,1,0,1,5,3,2,0,0,0,1,0,1,49,23,26,24,10,14,0,0,0,4,0,4,8,4,4,13,9,4,0,0,0
55795104,18,10,8,18,10,8,1,0,1,3,1,2,0,0,0,0,0,0,224,91,133,222,90,132,0,0,0,0,0,0,1,0,1,1,1,0,0,0,0
55795105,136,82,54,133,81,52,2,1,1,16,12,4,0,0,0,3,1,2,127,56,71,62,28,34,0,0,0,8,0,8,23,11,12,34,17,17,1,1,0
55795106,28,18,10,27,17,10,2,2,0,2,2,0,0,0,0,1,1,0,31,17,14,8,4,4,0,0,0,4,0,4,9,5,4,10,8,2,0,0,0
55801001,49,28,21,47,28,19,0,0,0,3,3,0,0,0,0,2,0,2,46,22,24,26,12,14,0,0,0,1,0,1,5,2,3,14,8,6,1,0,1
55802801,62,33,29,62,33,29,4,2,2,5,0,5,1,0,1,0,0,0,59,26,33,16,7,9,0,0,0,4,0,4,15,10,5,24,9,15,1,0,1
55802802,228,125,103,226,123,103,10,5,5,39,12,27,3,0,3,2,2,0,223,101,122,121,49,72,0,0,0,5,0,5,33,13,20,64,39,25,2,1,1
55802803,11,8,3,11,8,3,1,1,0,2,1,1,0,0,0,0,0,0,9,3,6,7,3,4,0,0,0,1,0,1,1,0,1,0,0,0,0,0,0
55802804,33,16,17,32,16,16,2,0,2,4,1,3,0,0,0,1,0,1,29,17,12,20,12,8,0,0,0,1,0,1,4,3,1,4,2,2,0,0,0
55804401,43,23,20,41,21,20,1,0,1,6,3,3,1,0,1,2,2,0,30,15,15,16,7,9,0,0,0,1,0,1,7,4,3,6,4,2,0,0,0
55804402,10,6,4,10,6,4,1,0,1,1,0,1,0,0,0,0,0,0,22,11,11,12,5,7,0,0,0,3,1,2,4,2,2,3,3,0,0,0,0
55804403,11,5,6,11,5,6,0,0,0,2,1,1,0,0,0,0,0,0,30,20,10,26,17,9,0,0,0,0,0,0,2,2,0,2,1,1,0,0,0
55804404,532,277,255,513,269,244,15,5,10,50,24,26,4,0,4,19,8,11,441,206,235,206,90,116,0,0,0,11,0,11,55,27,28,169,89,80,17,13,4
55805201,29,15,14,25,13,12,1,1,0,1,0,1,0,0,0,4,2,2,24,13,11,14,7,7,0,0,0,0,0,0,2,1,1,8,5,3,0,0,0
55805202,22,11,11,21,10,11,0,0,0,2,0,2,0,0,0,1,1,0,38,19,19,26,14,12,0,0,0,2,1,1,5,2,3,5,2,3,1,0,1
55805203,48,30,18,46,30,16,3,3,0,7,4,3,1,0,1,2,0,2,54,24,30,34,14,20,0,0,0,1,0,1,8,5,3,11,5,6,3,2,1
55805204,21,12,9,20,11,9,2,1,1,2,2,0,0,0,0,1,1,0,36,21,15,23,13,10,0,0,0,0,0,0,4,2,2,9,6,3,0,0,0
55805205,34,22,12,31,22,9,0,0,0,3,2,1,0,0,0,3,0,3,37,14,23,20,5,15,0,0,0,2,0,2,6,3,3,9,6,3,0,0,0
55806101,65,37,28,64,37,27,4,1,3,11,6,5,0,0,0,1,0,1,53,22,31,29,11,18,0,0,0,1,0,1,6,3,3,17,8,9,1,1,0
55806102,31,16,15,29,15,14,0,0,0,3,2,1,0,0,0,2,1,1,34,21,13,18,10,8,0,0,0,1,1,0,4,2,2,11,8,3,2,1,1
55806103,98,56,42,88,53,35,2,2,0,12,8,4,0,0,0,10,3,7,89,44,45,38,17,21,0,0,0,2,0,2,18,12,6,31,15,16,8,6,2
55806104,94,57,37,86,55,31,3,1,2,10,8,2,1,0,1,8,2,6,85,30,55,58,21,37,0,0,0,5,0,5,9,3,6,13,6,7,2,1,1
55806105,63,37,26,61,36,25,1,0,1,6,4,2,0,0,0,2,1,1,50,23,27,28,12,16,0,0,0,0,0,0,7,5,2,15,6,9,0,0,0
55807901,27,17,10,24,16,8,0,0,0,0,0,0,0,0,0,3,1,2,32,14,18,18,9,9,0,0,0,1,0,1,4,1,3,9,4,5,3,1,2
55809501,86,51,35,82,49,33,4,1,3,14,6,8,1,0,1,4,2,2,80,38,42,49,24,25,0,0,0,2,0,2,11,7,4,18,7,11,1,1,0
55810901,394,221,173,379,212,167,15,6,9,54,23,31,3,0,3,15,9,6,385,169,216,214,93,121,1,1,0,11,0,11,43,22,21,116,53,63,6,2,4
55810902,1444,795,649,1388,767,621,52,30,22,157,74,83,11,0,11,56,28,28,1306,540,766,595,237,358,1,1,0,59,0,59,198,89,109,453,213,240,29,18,11
55811701,101,56,45,97,54,43,4,2,2,7,4,3,0,0,0,4,2,2,100,46,54,39,17,22,0,0,0,7,0,7,18,10,8,36,19,17,1,1,0
55812501,46,28,18,46,28,18,1,1,0,4,2,2,0,0,0,0,0,0,46,19,27,29,13,16,0,0,0,2,0,2,6,3,3,9,3,6,0,0,0
55812502,116,66,50,108,64,44,6,3,3,17,8,9,1,0,1,8,2,6,117,55,62,69,31,38,0,0,0,2,0,2,10,7,3,36,17,19,5,4,1
55812503,37,18,19,36,18,18,0,0,0,5,2,3,1,0,1,1,0,1,35,16,19,19,7,12,1,1,0,1,0,1,4,2,2,10,6,4,0,0,0
55812504,28,17,11,26,16,10,0,0,0,1,1,0,0,0,0,2,1,1,34,12,22,18,8,10,0,0,0,0,0,0,2,0,2,14,4,10,0,0,0
55812505,38,20,18,36,19,17,1,0,1,4,3,1,0,0,0,2,1,1,37,11,26,17,7,10,0,0,0,1,0,1,7,0,7,12,4,8,1,1,0
55812506,54,29,25,53,28,25,4,2,2,9,4,5,0,0,0,1,1,0,45,20,25,27,13,14,0,0,0,1,0,1,3,2,1,14,5,9,1,1,0
55812507,30,20,10,30,20,10,0,0,0,3,1,2,2,0,2,0,0,0,45,15,30,30,13,17,0,0,0,2,0,2,9,2,7,4,0,4,0,0,0
55817601,20,12,8,20,12,8,0,0,0,2,1,1,0,0,0,0,0,0,19,9,10,13,6,7,0,0,0,0,0,0,3,2,1,3,1,2,0,0,0
55817602,13,9,4,13,9,4,0,0,0,3,2,1,0,0,0,0,0,0,13,4,9,7,2,5,0,0,0,1,0,1,3,1,2,2,1,1,1,0,1
55817603,39,23,16,37,23,14,1,1,0,5,5,0,0,0,0,2,0,2,42,21,21,19,9,10,0,0,0,1,0,1,10,5,5,12,7,5,0,0,0
55817604,109,66,43,101,63,38,3,3,0,11,7,4,0,0,0,8,3,5,104,52,52,52,23,29,1,1,0,6,0,6,16,11,5,29,17,12,5,4,1
55818401,58,36,22,55,34,21,2,1,1,2,1,1,0,0,0,3,2,1,68,31,37,47,21,26,0,0,0,2,0,2,7,4,3,12,6,6,1,0,1
55818404,100,57,43,92,49,43,2,1,1,8,5,3,3,0,3,8,8,0,113,46,67,64,26,38,0,0,0,4,0,4,19,8,11,26,12,14,5,2,3
55823101,20,14,6,18,13,5,1,1,0,4,3,1,0,0,0,2,1,1,20,7,13,14,6,8,0,0,0,1,0,1,1,0,1,4,1,3,0,0,0
55823102,93,49,44,91,49,42,3,2,1,18,8,10,1,0,1,2,0,2,82,41,41,39,18,21,0,0,0,3,0,3,21,13,8,19,10,9,1,0,1
3089010,0,0,0,0,0,0,0,0,0,0,0,0,0,0,0,0,0,0,0,0,0,0,0,0,0,0,0,0,0,0,0,0,0,0,0,0,0,0,0
3089270,0,0,0,0,0,0,0,0,0,0,0,0,0,0,0,0,0,0,0,0,0,0,0,0,0,0,0,0,0,0,0,0,0,0,0,0,0,0,0
55824901,210,123,87,207,123,84,9,5,4,24,12,12,1,0,1,3,0,3,198,97,101,103,49,54,1,1,0,9,0,9,26,13,13,59,34,25,0,0,0
55824902,142,80,62,138,77,61,3,2,1,24,15,9,0,0,0,4,3,1,91,35,56,47,16,31,0,0,0,5,0,5,18,8,10,21,11,10,0,0,0
55824903,69,37,32,65,35,30,2,1,1,5,3,2,1,0,1,4,2,2,63,32,31,31,13,18,0,0,0,3,0,3,11,8,3,18,11,7,0,0,0
55824905,403,213,190,391,209,182,17,11,6,25,9,16,5,0,5,12,4,8,212,86,126,45,17,28,1,1,0,17,0,17,51,22,29,98,46,52,3,3,0
55824906,331,183,148,320,177,143,10,3,7,37,16,21,1,0,1,11,6,5,310,138,172,161,58,103,0,0,0,12,0,12,48,36,12,89,44,45,6,2,4
55824907,443,248,195,426,238,188,15,8,7,58,33,25,3,0,3,17,10,7,332,142,190,168,67,101,1,0,1,12,0,12,51,26,25,100,49,51,29,21,8
55824908,23,15,8,21,13,8,1,1,0,2,1,1,0,0,0,2,2,0,12,4,8,8,3,5,0,0,0,0,0,0,1,1,0,3,0,3,3,2,1
55824909,917,482,435,894,468,426,37,11,26,111,51,60,5,0,5,23,14,9,810,341,469,414,171,243,1,1,0,33,0,33,109,56,53,253,113,140,7,2,5
55824910,28,11,17,27,11,16,1,0,1,5,2,3,0,0,0,1,0,1,30,11,19,20,8,12,1,1,0,1,0,1,2,1,1,6,1,5,0,0,0
55824911,679,339,340,654,328,326,24,10,14,88,41,47,6,0,6,25,11,14,628,245,383,373,131,242,1,0,1,24,0,24,81,41,40,149,73,76,8,2,6
55824912,45,24,21,44,23,21,0,0,0,7,4,3,0,0,0,1,1,0,35,14,21,12,3,9,0,0,0,2,0,2,5,2,3,16,9,7,4,4,0
55824913,296,160,136,289,155,134,13,4,9,30,9,21,1,0,1,7,5,2,222,93,129,96,43,53,1,1,0,14,1,13,41,17,24,70,31,39,2,0,2
55825701,71,43,28,68,41,27,4,3,1,11,7,4,0,0,0,3,2,1,50,24,26,22,9,13,0,0,0,0,0,0,3,1,2,25,14,11,1,0,1
55825702,514,282,232,502,278,224,22,8,14,51,29,22,4,0,4,12,4,8,437,203,234,177,76,101,1,1,0,28,0,28,88,45,43,143,81,62,7,4,3
55825703,45,28,17,45,28,17,3,2,1,3,2,1,0,0,0,0,0,0,32,12,20,22,9,13,0,0,0,1,0,1,2,0,2,7,3,4,0,0,0
55826501,73,39,34,72,38,34,0,0,0,11,4,7,1,0,1,1,1,0,77,33,44,39,18,21,0,0,0,7,0,7,13,7,6,18,8,10,1,0,1
55826502,20,12,8,19,11,8,2,0,2,1,0,1,0,0,0,1,1,0,24,10,14,11,5,6,0,0,0,2,0,2,5,3,2,6,2,4,1,1,0
55829001,133,82,51,130,80,50,5,1,4,13,10,3,1,0,1,3,2,1,136,55,81,75,30,45,0,0,0,8,0,8,17,7,10,36,18,18,2,1,1
55830301,92,47,45,91,46,45,3,1,2,11,5,6,3,0,3,1,1,0,70,33,37,38,21,17,0,0,0,0,0,0,10,2,8,22,10,12,1,1,0
55830302,10,7,3,9,6,3,0,0,0,2,2,0,0,0,0,1,1,0,18,9,9,11,4,7,0,0,0,1,0,1,1,1,0,5,4,1,0,0,0
55830303,141,75,66,137,73,64,2,1,1,20,9,11,3,0,3,4,2,2,146,75,71,79,39,40,0,0,0,5,0,5,21,15,6,41,21,20,5,5,0
55830304,54,29,25,52,28,24,2,0,2,7,5,2,0,0,0,2,1,1,42,20,22,14,6,8,0,0,0,3,0,3,10,5,5,15,9,6,1,0,1
55830305,12,6,6,12,6,6,0,0,0,2,1,1,0,0,0,0,0,0,8,3,5,5,3,2,0,0,0,1,0,1,2,0,2,0,0,0,0,0,0
55830306,60,37,23,59,36,23,1,1,0,5,3,2,0,0,0,1,1,0,50,20,30,20,9,11,0,0,0,5,0,5,11,4,7,14,7,7,1,1,0
55830307,103,58,45,99,57,42,4,1,3,12,10,2,0,0,0,4,1,3,63,27,36,25,8,17,0,0,0,2,0,2,8,6,2,28,13,15,0,0,0
55831101,164,84,80,163,84,79,5,1,4,21,12,9,0,0,0,1,0,1,122,56,66,53,21,32,0,0,0,5,0,5,27,16,11,37,19,18,3,1,2
55834601,114,61,53,110,61,49,5,2,3,11,7,4,0,0,0,4,0,4,107,40,67,54,20,34,0,0,0,6,0,6,16,5,11,31,15,16,0,0,0
55834602,203,110,93,200,109,91,2,0,2,23,8,15,2,0,2,3,1,2,174,76,98,92,37,55,0,0,0,6,0,6,24,9,15,52,30,22,3,2,1
3301670,0,0,0,0,0,0,0,0,0,0,0,0,0,0,0,0,0,0,0,0,0,0,0,0,0,0,0,0,0,0,0,0,0,0,0,0,0,0,0
55836201,106,58,48,101,58,43,1,0,1,10,5,5,1,0,1,5,0,5,102,50,52,52,24,28,0,0,0,5,0,5,19,12,7,26,14,12,0,0,0
55836203,111,64,47,106,62,44,2,1,1,8,6,2,0,0,0,5,2,3,81,40,41,42,19,23,0,0,0,3,0,3,12,6,6,24,15,9,2,1,1
55836204,75,41,34,72,39,33,1,1,0,7,4,3,1,0,1,3,2,1,76,33,43,39,16,23,0,0,0,5,0,5,14,9,5,18,8,10,0,0,0
55836206,829,477,352,797,464,333,27,13,14,83,35,48,4,0,4,32,13,19,830,352,478,381,159,222,1,1,0,54,0,54,160,76,84,234,116,118,26,10,16
55836207,17,6,11,17,6,11,0,0,0,4,1,3,0,0,0,0,0,0,19,7,12,16,5,11,0,0,0,0,0,0,2,1,1,1,1,0,0,0,0
55836208,34,19,15,33,18,15,2,2,0,3,2,1,1,0,1,1,1,0,38,18,20,14,5,9,0,0,0,2,0,2,7,4,3,15,9,6,2,0,2
55836209,97,49,48,95,48,47,3,0,3,13,6,7,0,0,0,2,1,1,96,33,63,51,19,32,0,0,0,4,0,4,17,4,13,24,10,14,3,2,1
55836210,65,41,24,63,41,22,3,0,3,8,6,2,0,0,0,2,0,2,52,25,27,32,16,16,0,0,0,2,0,2,6,3,3,12,6,6,1,1,0
55836211,49,30,19,46,29,17,2,1,1,6,4,2,0,0,0,3,1,2,63,30,33,35,18,17,0,0,0,3,0,3,6,3,3,19,9,10,1,0,1
55836212,7,4,3,7,4,3,0,0,0,1,1,0,0,0,0,0,0,0,13,4,9,9,3,6,0,0,0,1,0,1,3,1,2,0,0,0,0,0,0
55838901,56,32,24,53,30,23,2,2,0,7,5,2,0,0,0,3,2,1,41,20,21,22,8,14,0,0,0,3,0,3,6,5,1,10,7,3,0,0,0
55838902,1803,973,830,1756,948,808,39,13,26,197,102,95,15,0,15,47,25,22,1647,723,924,847,357,490,8,4,4,73,0,73,264,135,129,455,227,228,33,20,13
55840101,222,124,98,219,123,96,6,1,5,33,20,13,1,0,1,3,1,2,161,75,86,79,35,44,0,0,0,7,0,7,22,13,9,53,27,26,1,1,0
3357970,0,0,0,0,0,0,0,0,0,0,0,0,0,0,0,0,0,0,0,0,0,0,0,0,0,0,0,0,0,0,0,0,0,0,0,0,0,0,0
55843501,1161,619,542,1137,607,530,54,24,30,95,43,52,14,0,14,24,12,12,1050,486,564,384,163,221,4,2,2,55,0,55,232,122,110,375,199,176,14,8,6
55848601,119,68,51,118,67,51,3,0,3,13,11,2,0,0,0,1,1,0,75,34,41,29,13,16,0,0,0,5,0,5,13,7,6,28,14,14,0,0,0
55848602,287,157,130,274,149,125,11,1,10,22,11,11,1,0,1,13,8,5,231,110,121,108,54,54,1,1,0,7,0,7,32,18,14,83,37,46,4,1,3
55849401,23,12,11,23,12,11,0,0,0,0,0,0,0,0,0,0,0,0,18,7,11,12,5,7,0,0,0,2,0,2,3,2,1,1,0,1,0,0,0
55849402,153,90,63,144,85,59,2,1,1,12,6,6,2,0,2,9,5,4,133,53,80,62,23,39,0,0,0,4,0,4,24,10,14,43,20,23,2,1,1
55855901,166,101,65,156,94,62,7,4,3,13,6,7,0,0,0,10,7,3,174,76,98,90,37,53,0,0,0,10,0,10,23,13,10,51,26,25,2,1,1
55856701,328,182,146,321,176,145,12,5,7,41,15,26,0,0,0,7,6,1,246,129,117,110,58,52,0,0,0,14,0,14,43,27,16,79,44,35,5,5,0
55858301,334,177,157,321,170,151,14,7,7,27,11,16,1,0,1,13,7,6,300,137,163,136,65,71,0,0,0,15,0,15,60,33,27,89,39,50,4,2,2
55859101,51,31,20,50,30,20,0,0,0,6,4,2,1,0,1,1,1,0,62,27,35,29,11,18,0,0,0,3,0,3,12,4,8,18,12,6,1,0,1
55859102,20,15,5,19,15,4,1,1,0,2,2,0,1,0,1,1,0,1,19,7,12,8,3,5,1,0,1,1,0,1,6,3,3,3,1,2,0,0,0
55859103,87,54,33,83,51,32,1,0,1,9,6,3,1,0,1,4,3,1,73,28,45,45,18,27,0,0,0,4,0,4,9,4,5,15,6,9,0,0,0
55860502,74,40,34,73,39,34,3,0,3,7,2,5,1,0,1,1,1,0,70,34,36,41,17,24,1,1,0,2,0,2,9,5,4,17,11,6,1,0,1
55860503,42,25,17,41,25,16,1,1,0,5,3,2,0,0,0,1,0,1,50,20,30,23,11,12,1,1,0,3,0,3,14,5,9,9,3,6,0,0,0
55860504,30,21,9,30,21,9,1,1,0,3,3,0,0,0,0,0,0,0,34,13,21,26,10,16,0,0,0,1,0,1,1,0,1,6,3,3,0,0,0
55860505,72,40,32,67,37,30,3,2,1,6,4,2,0,0,0,5,3,2,76,31,45,39,15,24,1,1,0,3,0,3,6,4,2,27,11,16,2,1,1
55863001,49,28,21,47,28,19,2,2,0,7,2,5,0,0,0,2,0,2,58,29,29,34,16,18,0,0,0,2,0,2,3,1,2,19,12,7,0,0,0
55863002,20,11,9,18,11,7,1,1,0,3,3,0,0,0,0,2,0,2,20,10,10,8,3,5,0,0,0,1,0,1,4,3,1,7,4,3,0,0,0
55863003,13,8,5,10,6,4,0,0,0,0,0,0,0,0,0,3,2,1,29,16,13,24,13,11,0,0,0,0,0,0,0,0,0,5,3,2,0,0,0
55863004,42,23,19,41,23,18,0,0,0,4,3,1,2,0,2,1,0,1,49,20,29,30,11,19,0,0,0,1,0,1,6,2,4,12,7,5,0,0,0
55863005,222,123,99,209,117,92,3,0,3,31,15,16,2,0,2,13,6,7,354,135,219,251,83,168,2,2,0,10,0,10,35,20,15,56,30,26,5,4,1
56607101,48,25,23,48,25,23,2,0,2,5,3,2,0,0,0,0,0,0,55,30,25,25,10,15,0,0,0,2,0,2,8,5,3,20,15,5,1,1,0
56608001,46,28,18,37,23,14,1,1,0,7,3,4,0,0,0,9,5,4,42,22,20,12,7,5,0,0,0,1,0,1,13,5,8,16,10,6,7,5,2
56609801,41,26,15,38,25,13,1,1,0,4,4,0,0,0,0,3,1,2,117,42,75,100,35,65,0,0,0,1,0,1,4,2,2,12,5,7,0,0,0
56609802,10,5,5,9,5,4,0,0,0,2,1,1,0,0,0,1,0,1,10,7,3,4,2,2,0,0,0,0,0,0,2,2,0,4,3,1,0,0,0
56610101,49,28,21,47,27,20,0,0,0,9,4,5,0,0,0,2,1,1,43,19,24,19,8,11,0,0,0,2,0,2,7,4,3,15,7,8,0,0,0
56669101,34,18,16,34,18,16,0,0,0,2,0,2,0,0,0,0,0,0,39,16,23,24,10,14,0,0,0,1,0,1,7,2,5,7,4,3,0,0,0
3301750,0,0,0,0,0,0,0,0,0,0,0,0,0,0,0,0,0,0,0,0,0,0,0,0,0,0,0,0,0,0,0,0,0,0,0,0,0,0,0
56670501,38,24,14,35,22,13,1,1,0,5,2,3,0,0,0,3,2,1,51,19,32,35,14,21,0,0,0,2,0,2,6,2,4,8,3,5,1,1,0
57854101,89,46,43,85,44,41,4,0,4,12,7,5,0,0,0,4,2,2,91,48,43,62,35,27,0,0,0,3,0,3,11,5,6,15,8,7,2,2,0
57854102,10,6,4,10,6,4,0,0,0,1,0,1,0,0,0,0,0,0,15,4,11,8,4,4,0,0,0,2,0,2,3,0,3,2,0,2,0,0,0
57856801,40,24,16,40,24,16,1,1,0,8,4,4,0,0,0,0,0,0,24,12,12,15,7,8,0,0,0,0,0,0,2,1,1,7,4,3,0,0,0
57856802,25,19,6,25,19,6,0,0,0,3,3,0,0,0,0,0,0,0,29,15,14,16,8,8,0,0,0,1,0,1,4,2,2,8,5,3,0,0,0
57859201,82,57,25,79,55,24,1,0,1,3,1,2,0,0,0,3,2,1,46,22,24,17,7,10,0,0,0,1,0,1,10,5,5,18,10,8,2,2,0
57861401,46,27,19,44,25,19,1,1,0,1,1,0,0,0,0,2,2,0,47,18,29,25,10,15,0,0,0,3,0,3,6,5,1,13,3,10,0,0,0
53022101,52,31,21,51,30,21,2,2,0,4,3,1,0,0,0,1,1,0,51,25,26,26,13,13,0,0,0,1,0,1,7,1,6,17,11,6,3,1,2
53023901,41,24,17,36,22,14,2,0,2,0,0,0,0,0,0,5,2,3,33,15,18,20,9,11,0,0,0,1,0,1,3,2,1,9,4,5,1,0,1
53024701,78,42,36,74,38,36,1,0,1,16,10,6,1,0,1,4,4,0,54,19,35,22,10,12,0,0,0,4,0,4,10,4,6,18,5,13,1,1,0
53027101,39,20,19,29,15,14,0,0,0,4,3,1,0,0,0,10,5,5,45,20,25,12,6,6,0,0,0,1,0,1,21,9,12,11,5,6,3,3,0
53028001,101,62,39,93,56,37,3,3,0,13,8,5,0,0,0,8,6,2,79,26,53,41,10,31,0,0,0,3,0,3,8,5,3,27,11,16,1,1,0
53028002,14,6,8,14,6,8,0,0,0,0,0,0,0,0,0,0,0,0,10,4,6,6,3,3,0,0,0,1,0,1,1,0,1,2,1,1,0,0,0
53032801,32,19,13,31,18,13,3,1,2,5,2,3,0,0,0,1,1,0,21,11,10,17,9,8,0,0,0,0,0,0,2,1,1,2,1,1,2,0,2
53032802,63,35,28,57,34,23,0,0,0,6,4,2,0,0,0,6,1,5,75,26,49,33,13,20,0,0,0,5,0,5,15,5,10,22,8,14,3,1,2
53033602,18,12,6,17,11,6,0,0,0,2,1,1,0,0,0,1,1,0,24,10,14,18,7,11,0,0,0,1,0,1,1,1,0,4,2,2,0,0,0
53033604,64,38,26,62,37,25,0,0,0,6,4,2,2,0,2,2,1,1,59,25,34,31,14,17,0,0,0,3,0,3,11,3,8,14,8,6,2,1,1
53033605,37,22,15,36,21,15,2,0,2,1,1,0,0,0,0,1,1,0,43,21,22,27,11,16,0,0,0,2,0,2,5,3,2,9,7,2,0,0,0
53818301,69,35,34,66,33,33,2,0,2,7,5,2,0,0,0,3,2,1,37,17,20,18,6,12,0,0,0,0,0,0,5,4,1,14,7,7,0,0,0
3356900,0,0,0,0,0,0,0,0,0,0,0,0,0,0,0,0,0,0,0,0,0,0,0,0,0,0,0,0,0,0,0,0,0,0,0,0,0,0,0
54641101,234,133,101,222,124,98,6,2,4,26,13,13,1,0,1,12,9,3,178,82,96,60,23,37,1,0,1,8,0,8,31,18,13,78,41,37,9,4,5
55360301,17,10,7,16,9,7,0,0,0,0,0,0,1,0,1,1,1,0,17,7,10,15,6,9,0,0,0,0,0,0,2,1,1,0,0,0,0,0,0
55865601,205,115,90,196,111,85,5,2,3,19,9,10,2,0,2,9,4,5,176,79,97,86,35,51,0,0,0,8,0,8,33,17,16,49,27,22,9,6,3
55865602,12,10,2,11,9,2,0,0,0,2,2,0,0,0,0,1,1,0,15,10,5,14,9,5,0,0,0,0,0,0,1,1,0,0,0,0,0,0,0
55865604,33,21,12,30,19,11,1,1,0,6,2,4,0,0,0,3,2,1,26,9,17,11,3,8,0,0,0,0,0,0,4,1,3,11,5,6,0,0,0
55865605,34,18,16,31,16,15,2,1,1,2,2,0,0,0,0,3,2,1,39,17,22,14,6,8,0,0,0,2,0,2,10,5,5,13,6,7,2,1,1
55865606,10,7,3,9,7,2,0,0,0,1,1,0,0,0,0,1,0,1,23,10,13,16,7,9,0,0,0,2,0,2,5,3,2,0,0,0,0,0,0
55865607,8,7,1,7,7,0,1,1,0,2,2,0,0,0,0,1,0,1,14,7,7,9,5,4,0,0,0,0,0,0,3,1,2,2,1,1,0,0,0
55865609,10,6,4,9,6,3,0,0,0,1,1,0,0,0,0,1,0,1,13,4,9,10,4,6,0,0,0,0,0,0,1,0,1,2,0,2,0,0,0
55865610,13,6,7,9,5,4,0,0,0,1,1,0,0,0,0,4,1,3,22,13,9,11,6,5,0,0,0,1,0,1,5,4,1,5,3,2,0,0,0
55867201,467,264,203,449,255,194,6,0,6,39,20,19,3,0,3,18,9,9,447,194,253,182,83,99,0,0,0,24,1,23,82,41,41,159,69,90,11,6,5
55869901,82,48,34,79,45,34,2,1,1,9,6,3,2,0,2,3,3,0,79,36,43,37,12,25,0,0,0,5,0,5,15,12,3,22,12,10,1,0,1
55871101,12,6,6,11,6,5,1,0,1,1,0,1,0,0,0,1,0,1,10,5,5,7,3,4,0,0,0,0,0,0,0,0,0,3,2,1,0,0,0
55871102,164,96,68,152,87,65,4,2,2,13,7,6,1,0,1,12,9,3,132,60,72,52,22,30,1,1,0,11,0,11,23,13,10,45,24,21,4,2,2
55874501,15,7,8,15,7,8,1,0,1,3,1,2,0,0,0,0,0,0,8,2,6,4,1,3,0,0,0,0,0,0,3,1,2,1,0,1,0,0,0
55874502,296,158,138,289,154,135,13,5,8,29,15,14,1,0,1,7,4,3,267,122,145,109,49,60,0,0,0,16,0,16,46,22,24,96,51,45,7,2,5
55877001,42,24,18,42,24,18,0,0,0,4,2,2,0,0,0,0,0,0,38,18,20,18,10,8,0,0,0,3,0,3,7,4,3,10,4,6,0,0,0
55877002,173,94,79,168,89,79,11,1,10,10,4,6,0,0,0,5,5,0,164,79,85,78,38,40,0,0,0,7,0,7,30,18,12,49,23,26,5,3,2
55878801,126,70,56,125,69,56,6,2,4,18,9,9,2,0,2,1,1,0,117,57,60,63,26,37,0,0,0,5,0,5,17,8,9,32,23,9,1,0,1
55878802,20,10,10,20,10,10,1,0,1,2,1,1,0,0,0,0,0,0,19,12,7,4,2,2,0,0,0,1,0,1,5,4,1,9,6,3,0,0,0
55879601,247,140,107,237,137,100,12,4,8,34,16,18,0,0,0,10,3,7,207,88,119,100,41,59,0,0,0,13,0,13,40,20,20,54,27,27,3,2,1
55880001,11,8,3,10,7,3,0,0,0,1,0,1,0,0,0,1,1,0,10,7,3,10,7,3,0,0,0,0,0,0,0,0,0,0,0,0,0,0,0
55880002,17,9,8,17,9,8,0,0,0,4,3,1,1,0,1,0,0,0,28,11,17,14,6,8,0,0,0,1,0,1,8,2,6,5,3,2,0,0,0
55883401,409,221,188,396,216,180,15,6,9,34,17,17,1,0,1,13,5,8,365,147,218,154,58,96,0,0,0,12,0,12,59,25,34,140,64,76,7,3,4
55886901,62,37,25,59,35,24,1,0,1,10,7,3,0,0,0,3,2,1,42,18,24,14,7,7,1,1,0,3,0,3,9,4,5,15,6,9,1,0,1
55886902,71,34,37,67,33,34,4,2,2,7,2,5,0,0,0,4,1,3,85,38,47,41,18,23,0,0,0,3,0,3,15,7,8,26,13,13,0,0,0
55886903,50,27,23,45,27,18,3,2,1,1,0,1,1,0,1,5,0,5,38,22,16,14,8,6,0,0,0,1,0,1,11,6,5,12,8,4,2,1,1
55886904,41,25,16,37,24,13,1,1,0,4,2,2,0,0,0,4,1,3,38,16,22,14,6,8,0,0,0,2,0,2,9,4,5,13,6,7,8,7,1
55886905,156,88,68,156,88,68,5,2,3,7,5,2,1,0,1,0,0,0,134,58,76,52,21,31,0,0,0,7,0,7,27,14,13,48,23,25,4,4,0
55886906,518,297,221,494,280,214,19,9,10,44,23,21,4,0,4,24,17,7,465,190,275,260,97,163,1,0,1,21,0,21,72,41,31,111,52,59,10,2,8
55887701,15,9,6,15,9,6,0,0,0,3,3,0,0,0,0,0,0,0,16,8,8,11,6,5,0,0,0,1,0,1,4,2,2,0,0,0,0,0,0
55887702,145,85,60,142,84,58,2,0,2,12,9,3,1,0,1,3,1,2,121,58,63,51,18,33,1,1,0,6,0,6,27,19,8,36,20,16,1,1,0
55887703,45,27,18,44,26,18,2,2,0,7,5,2,0,0,0,1,1,0,35,19,16,18,9,9,0,0,0,1,0,1,9,6,3,7,4,3,0,0,0
55887704,45,28,17,44,28,16,0,0,0,1,1,0,1,0,1,1,0,1,32,11,21,11,4,7,0,0,0,4,0,4,10,4,6,7,3,4,0,0,0
55887705,64,35,29,62,34,28,1,1,0,7,4,3,1,0,1,2,1,1,49,26,23,25,12,13,1,1,0,3,0,3,9,5,4,11,8,3,0,0,0
55888501,1798,953,845,1733,924,809,73,31,42,174,75,99,6,0,6,65,29,36,1556,665,891,809,307,502,4,3,1,66,0,66,245,133,112,432,222,210,53,40,13
55888502,344,188,156,316,175,141,7,3,4,26,12,14,2,0,2,28,13,15,349,150,199,173,65,108,1,1,0,11,0,11,64,29,35,100,55,45,5,3,2
55891501,262,150,112,253,144,109,7,6,1,24,17,7,2,0,2,9,6,3,196,90,106,102,45,57,0,0,0,7,1,6,36,21,15,51,23,28,7,5,2
55891502,77,44,33,75,43,32,5,1,4,6,4,2,1,0,1,2,1,1,57,19,38,32,12,20,0,0,0,5,0,5,13,5,8,7,2,5,0,0,0
55891503,234,134,100,229,131,98,5,3,2,37,20,17,3,0,3,5,3,2,184,79,105,73,29,44,1,1,0,15,0,15,40,22,18,55,27,28,2,1,1
55891504,20,12,8,19,11,8,0,0,0,4,2,2,1,0,1,1,1,0,23,10,13,7,3,4,0,0,0,1,0,1,5,4,1,10,3,7,0,0,0
55891505,37,19,18,37,19,18,2,0,2,4,2,2,1,0,1,0,0,0,39,18,21,23,11,12,0,0,0,2,0,2,6,4,2,8,3,5,0,0,0
55891506,54,33,21,53,33,20,3,2,1,4,2,2,0,0,0,1,0,1,39,17,22,18,7,11,0,0,0,3,0,3,8,5,3,10,5,5,0,0,0
55893101,32,17,15,30,17,13,2,1,1,2,1,1,0,0,0,2,0,2,28,11,17,12,4,8,0,0,0,3,0,3,8,3,5,5,4,1,0,0,0
55893102,109,62,47,106,60,46,4,1,3,16,8,8,0,0,0,3,2,1,79,36,43,41,18,23,0,0,0,2,0,2,8,3,5,28,15,13,1,1,0
55894001,581,323,258,560,311,249,20,9,11,60,31,29,5,1,4,21,12,9,449,212,237,203,91,112,2,1,1,26,0,26,81,51,30,137,69,68,7,2,5
55894002,138,70,68,136,69,67,3,2,1,19,9,10,1,0,1,2,1,1,91,42,49,16,6,10,1,1,0,3,0,3,17,9,8,54,26,28,0,0,0
55897401,112,66,46,105,64,41,2,1,1,19,11,8,0,0,0,7,2,5,95,46,49,57,29,28,2,1,1,3,0,3,13,8,5,20,8,12,2,2,0
55898201,68,42,26,65,41,24,2,2,0,5,2,3,0,0,0,3,1,2,62,27,35,29,12,17,0,0,0,3,0,3,10,3,7,20,12,8,1,1,0
55899101,83,40,43,78,38,40,4,1,3,8,3,5,1,0,1,5,2,3,65,34,31,33,16,17,0,0,0,2,0,2,9,5,4,21,13,8,3,2,1
55900801,1541,824,717,1497,803,694,44,18,26,159,79,80,13,0,13,44,21,23,1358,593,765,675,273,402,2,1,1,53,1,52,204,96,108,424,222,202,35,22,13
55902401,63,39,24,56,33,23,1,0,1,12,8,4,0,0,0,7,6,1,75,36,39,35,14,21,3,2,1,3,0,3,10,5,5,24,15,9,2,2,0
55903201,15,10,5,15,10,5,0,0,0,0,0,0,0,0,0,0,0,0,16,9,7,8,5,3,0,0,0,1,0,1,3,2,1,4,2,2,0,0,0
55903202,42,24,18,41,24,17,0,0,0,4,2,2,1,0,1,1,0,1,32,16,16,17,7,10,0,0,0,1,0,1,5,4,1,9,5,4,2,1,1
55904101,26,16,10,25,15,10,2,1,1,4,1,3,0,0,0,1,1,0,33,18,15,26,14,12,0,0,0,0,0,0,2,2,0,5,2,3,0,0,0
55904103,24,11,13,24,11,13,2,0,2,2,1,1,0,0,0,0,0,0,18,7,11,10,4,6,0,0,0,1,0,1,2,0,2,5,3,2,1,1,0
55904104,240,135,105,233,134,99,15,7,8,26,14,12,0,0,0,7,1,6,159,71,88,80,34,46,0,0,0,7,0,7,24,14,10,48,23,25,3,3,0
55904105,43,27,16,41,26,15,0,0,0,6,4,2,0,0,0,2,1,1,37,15,22,20,8,12,0,0,0,4,0,4,7,4,3,6,3,3,0,0,0
55905901,550,307,243,520,290,230,16,6,10,46,27,19,4,0,4,30,17,13,479,202,277,239,95,144,1,0,1,19,0,19,81,43,38,139,64,75,14,8,6
55906701,29,20,9,27,18,9,0,0,0,4,4,0,0,0,0,2,2,0,28,14,14,14,4,10,0,0,0,0,0,0,0,0,0,14,10,4,0,0,0
55906702,70,39,31,67,37,30,6,2,4,3,1,2,0,0,0,3,2,1,57,26,31,25,9,16,0,0,0,4,0,4,10,7,3,18,10,8,1,1,0
55906703,21,13,8,20,12,8,0,0,0,7,4,3,0,0,0,1,1,0,17,7,10,14,7,7,0,0,0,0,0,0,1,0,1,2,0,2,0,0,0
55906704,49,25,24,47,25,22,1,0,1,9,4,5,1,0,1,2,0,2,39,16,23,20,9,11,0,0,0,1,0,1,3,0,3,15,7,8,1,1,0
55906706,589,331,258,565,314,251,12,8,4,56,26,30,8,0,8,24,17,7,548,235,313,270,104,166,2,2,0,25,1,24,94,51,43,157,77,80,12,10,2
3023680,0,0,0,0,0,0,0,0,0,0,0,0,0,0,0,0,0,0,0,0,0,0,0,0,0,0,0,0,0,0,0,0,0,0,0,0,0,0,0
3363010,0,0,0,0,0,0,0,0,0,0,0,0,0,0,0,0,0,0,0,0,0,0,0,0,0,0,0,0,0,0,0,0,0,0,0,0,0,0,0
3363190,0,0,0,0,0,0,0,0,0,0,0,0,0,0,0,0,0,0,0,0,0,0,0,0,0,0,0,0,0,0,0,0,0,0,0,0,0,0,0
55907501,32,16,16,31,16,15,1,1,0,3,1,2,1,0,1,1,0,1,33,15,18,13,7,6,0,0,0,1,0,1,8,2,6,11,6,5,0,0,0
55907502,64,36,28,60,35,25,1,1,0,13,9,4,1,0,1,4,1,3,73,33,40,39,15,24,0,0,0,5,0,5,13,8,5,16,10,6,0,0,0
55907503,7,5,2,7,5,2,0,0,0,3,2,1,0,0,0,0,0,0,15,6,9,14,6,8,1,0,1,0,0,0,0,0,0,0,0,0,0,0,0
55907504,24,17,7,22,15,7,0,0,0,3,3,0,0,0,0,2,2,0,21,11,10,12,7,5,0,0,0,2,0,2,4,1,3,3,3,0,0,0,0
55907505,25,17,8,23,16,7,0,0,0,3,1,2,1,0,1,2,1,1,20,7,13,8,4,4,0,0,0,3,0,3,7,2,5,2,1,1,0,0,0
55907506,784,422,362,757,406,351,19,7,12,84,39,45,6,0,6,27,16,11,653,284,369,309,117,192,2,0,2,21,0,21,113,62,51,208,105,103,16,8,8
55907507,728,402,326,677,368,309,22,11,11,77,41,36,6,0,6,51,34,17,687,284,403,364,143,221,1,0,1,25,0,25,96,43,53,201,98,103,17,12,5
55907509,79,43,36,76,40,36,2,2,0,5,2,3,1,0,1,3,3,0,51,31,20,20,10,10,0,0,0,0,0,0,10,7,3,21,14,7,0,0,0
55907510,28,19,9,27,19,8,0,0,0,5,3,2,0,0,0,1,0,1,23,11,12,12,8,4,0,0,0,3,0,3,4,2,2,4,1,3,0,0,0
55908301,101,61,40,98,58,40,2,0,2,9,4,5,0,0,0,3,3,0,102,38,64,56,27,29,0,0,0,9,0,9,22,7,15,15,4,11,1,1,0
55908302,71,39,32,71,39,32,3,1,2,11,7,4,1,0,1,0,0,0,85,38,47,54,22,32,0,0,0,1,0,1,6,3,3,24,13,11,0,0,0
55909102,67,40,27,63,37,26,1,0,1,6,3,3,0,0,0,4,3,1,75,37,38,39,19,20,0,0,0,2,0,2,16,12,4,18,6,12,4,2,2
55909103,32,22,10,29,20,9,2,1,1,2,2,0,0,0,0,3,2,1,29,10,19,16,7,9,0,0,0,2,0,2,4,1,3,7,2,5,0,0,0
55909104,16,8,8,16,8,8,0,0,0,4,3,1,1,0,1,0,0,0,15,7,8,8,3,5,0,0,0,0,0,0,3,2,1,4,2,2,0,0,0
55909105,16,9,7,16,9,7,0,0,0,3,3,0,0,0,0,0,0,0,13,5,8,5,3,2,0,0,0,0,0,0,2,1,1,6,1,5,0,0,0
55910501,95,60,35,91,59,32,2,1,1,9,7,2,3,0,3,4,1,3,66,23,43,28,9,19,0,0,0,4,0,4,22,10,12,12,4,8,2,2,0
55910503,12,7,5,11,6,5,0,0,0,1,0,1,0,0,0,1,1,0,14,7,7,6,2,4,0,0,0,1,0,1,1,1,0,6,4,2,0,0,0
55910504,17,11,6,15,9,6,0,0,0,0,0,0,0,0,0,2,2,0,16,4,12,11,3,8,0,0,0,1,0,1,3,1,2,1,0,1,1,1,0
55912101,103,57,46,93,52,41,2,1,1,6,2,4,0,0,0,10,5,5,74,36,38,29,16,13,0,0,0,3,0,3,15,7,8,27,13,14,3,2,1
55914801,461,251,210,451,244,207,20,10,10,50,24,26,2,0,2,10,7,3,385,178,207,172,76,96,1,1,0,26,0,26,72,38,34,114,63,51,5,4,1
55916401,271,150,121,253,144,109,10,5,5,31,17,14,3,0,3,18,6,12,256,102,154,132,57,75,1,0,1,15,0,15,39,20,19,69,25,44,2,1,1
55916402,1252,682,570,1213,662,551,52,17,35,121,63,58,13,0,13,39,20,19,966,412,554,363,139,224,2,2,0,56,0,56,222,109,113,323,162,161,39,21,18
55917201,42,21,21,38,19,19,6,2,4,5,1,4,0,0,0,4,2,2,32,16,16,19,10,9,0,0,0,0,0,0,3,2,1,10,4,6,0,0,0
55917202,36,24,12,32,22,10,0,0,0,5,4,1,0,0,0,4,2,2,33,16,17,12,7,5,1,1,0,4,0,4,8,4,4,8,4,4,0,0,0
55917203,14,6,8,14,6,8,0,0,0,0,0,0,0,0,0,0,0,0,11,5,6,4,2,2,0,0,0,0,0,0,1,1,0,6,2,4,0,0,0
55917204,18,11,7,17,10,7,0,0,0,5,3,2,0,0,0,1,1,0,9,4,5,6,3,3,0,0,0,0,0,0,0,0,0,3,1,2,0,0,0
55917205,34,21,13,32,21,11,0,0,0,5,5,0,0,0,0,2,0,2,23,9,14,15,5,10,0,0,0,1,0,1,3,1,2,4,3,1,2,1,1
55917207,182,95,87,177,94,83,5,1,4,17,10,7,2,0,2,5,1,4,158,69,89,59,26,33,0,0,0,9,0,9,26,10,16,64,33,31,6,2,4
55917209,42,23,19,36,20,16,0,0,0,5,3,2,0,0,0,6,3,3,42,18,24,19,9,10,0,0,0,1,0,1,5,1,4,17,8,9,3,2,1
55917210,18,9,9,15,9,6,0,0,0,3,1,2,0,0,0,3,0,3,16,6,10,9,4,5,0,0,0,0,0,0,1,1,0,6,1,5,0,0,0
55917211,20,11,9,19,10,9,2,1,1,3,2,1,0,0,0,1,1,0,17,5,12,2,1,1,0,0,0,3,0,3,7,1,6,5,3,2,0,0,0
0915020,0,0,0,0,0,0,0,0,0,0,0,0,0,0,0,0,0,0,0,0,0,0,0,0,0,0,0,0,0,0,0,0,0,0,0,0,0,0,0
55920201,13,8,5,13,8,5,0,0,0,1,1,0,0,0,0,0,0,0,15,9,6,12,8,4,0,0,0,0,0,0,0,0,0,3,1,2,0,0,0
55920203,11,8,3,11,8,3,0,0,0,2,2,0,0,0,0,0,0,0,26,13,13,17,7,10,0,0,0,1,0,1,3,3,0,5,3,2,0,0,0
55920205,360,202,158,349,197,152,11,3,8,40,20,20,3,0,3,11,5,6,354,147,207,190,79,111,0,0,0,15,0,15,57,29,28,92,39,53,5,5,0
55920206,37,22,15,36,21,15,1,1,0,3,0,3,0,0,0,1,1,0,26,13,13,13,6,7,0,0,0,1,0,1,2,2,0,10,5,5,0,0,0
55920209,21,15,6,21,15,6,0,0,0,2,2,0,0,0,0,0,0,0,28,13,15,19,8,11,0,0,0,0,0,0,1,0,1,8,5,3,0,0,0
55920210,28,19,9,28,19,9,0,0,0,6,4,2,1,0,1,0,0,0,23,8,15,12,3,9,0,0,0,1,0,1,3,1,2,7,4,3,0,0,0
55920212,12,6,6,12,6,6,0,0,0,3,2,1,0,0,0,0,0,0,13,4,9,6,3,3,0,0,0,0,0,0,3,0,3,4,1,3,0,0,0
55920213,52,31,21,50,30,20,3,2,1,5,2,3,0,0,0,2,1,1,42,15,27,25,13,12,0,0,0,2,0,2,5,0,5,10,2,8,1,1,0
55920214,17,8,9,17,8,9,2,0,2,0,0,0,0,0,0,0,0,0,22,9,13,18,8,10,0,0,0,0,0,0,1,0,1,3,1,2,0,0,0
55921101,27,17,10,27,17,10,0,0,0,3,2,1,0,0,0,0,0,0,25,14,11,12,6,6,0,0,0,1,0,1,3,2,1,9,6,3,1,0,1
55921102,1133,624,509,1084,603,481,50,22,28,100,54,46,9,0,9,49,21,28,934,408,526,421,170,251,6,3,3,35,0,35,146,73,73,326,162,164,18,7,11
55923701,8,7,1,7,7,0,0,0,0,2,2,0,0,0,0,1,0,1,16,8,8,7,3,4,1,0,1,1,0,1,2,2,0,5,3,2,0,0,0
55923702,46,28,18,44,26,18,0,0,0,1,1,0,1,0,1,2,2,0,41,19,22,21,8,13,0,0,0,3,0,3,6,3,3,11,8,3,0,0,0
55923703,208,118,90,202,115,87,4,1,3,22,15,7,1,0,1,6,3,3,182,76,106,81,31,50,0,0,0,5,0,5,26,14,12,70,31,39,4,3,1
55923704,10,6,4,10,6,4,0,0,0,2,1,1,0,0,0,0,0,0,17,9,8,13,6,7,0,0,0,0,0,0,1,1,0,3,2,1,0,0,0
55923706,13,7,6,12,7,5,0,0,0,3,1,2,0,0,0,1,0,1,14,6,8,6,3,3,0,0,0,2,0,2,4,2,2,2,1,1,0,0,0
55924501,184,93,91,180,90,90,6,3,3,11,6,5,4,0,4,4,3,1,150,67,83,73,31,42,0,0,0,7,0,7,25,14,11,45,22,23,2,0,2
55925301,74,38,36,68,35,33,4,1,3,11,5,6,0,0,0,6,3,3,61,27,34,25,10,15,0,0,0,3,0,3,8,5,3,25,12,13,0,0,0
1020410,0,0,0,0,0,0,0,0,0,0,0,0,0,0,0,0,0,0,0,0,0,0,0,0,0,0,0,0,0,0,0,0,0,0,0,0,0,0,0
55926101,45,26,19,44,25,19,1,0,1,7,4,3,0,0,0,1,1,0,42,15,27,30,13,17,0,0,0,1,0,1,4,0,4,7,2,5,1,0,1
55926102,12,8,4,12,8,4,1,1,0,1,1,0,0,0,0,0,0,0,13,6,7,6,2,4,0,0,0,0,0,0,0,0,0,7,4,3,0,0,0
55926104,36,22,14,31,19,12,1,0,1,4,2,2,0,0,0,5,3,2,59,26,33,38,15,23,0,0,0,3,0,3,5,3,2,13,8,5,0,0,0
55926107,17,12,5,17,12,5,0,0,0,4,2,2,0,0,0,0,0,0,22,10,12,9,5,4,1,0,1,3,0,3,6,4,2,3,1,2,0,0,0
55926108,153,89,64,139,81,58,5,1,4,13,9,4,0,0,0,14,8,6,156,69,87,88,39,49,0,0,0,5,0,5,20,13,7,43,17,26,5,4,1
55926111,22,11,11,20,10,10,1,0,1,4,1,3,0,0,0,2,1,1,17,5,12,13,5,8,0,0,0,0,0,0,0,0,0,4,0,4,1,0,1
55927001,26,18,8,26,18,8,0,0,0,2,2,0,0,0,0,0,0,0,32,14,18,24,11,13,0,0,0,1,0,1,2,1,1,5,2,3,3,1,2
55927002,254,143,111,244,139,105,10,6,4,21,12,9,2,0,2,10,4,6,210,85,125,82,34,48,2,1,1,15,0,15,48,24,24,63,26,37,3,0,3
55928801,175,99,76,166,92,74,10,5,5,15,8,7,0,0,0,9,7,2,119,60,59,50,23,27,0,0,0,4,0,4,19,10,9,46,27,19,2,1,1
3089860,0,0,0,0,0,0,0,0,0,0,0,0,0,0,0,0,0,0,0,0,0,0,0,0,0,0,0,0,0,0,0,0,0,0,0,0,0,0,0
3312360,0,0,0,0,0,0,0,0,0,0,0,0,0,0,0,0,0,0,0,0,0,0,0,0,0,0,0,0,0,0,0,0,0,0,0,0,0,0,0
55930001,147,80,67,136,75,61,5,1,4,11,6,5,3,0,3,11,5,6,114,63,51,66,32,34,0,0,0,1,0,1,13,8,5,34,23,11,2,1,1
55930002,260,146,114,256,145,111,13,7,6,14,6,8,1,0,1,4,1,3,226,105,121,111,49,62,0,0,0,14,1,13,41,23,18,60,32,28,4,1,3
55930003,50,27,23,50,27,23,2,2,0,4,3,1,0,0,0,0,0,0,41,16,25,8,5,3,0,0,0,4,1,3,6,3,3,23,7,16,0,0,0
55930004,552,297,255,536,289,247,18,4,14,36,25,11,1,0,1,16,8,8,327,129,198,123,46,77,0,0,0,19,0,19,65,32,33,120,51,69,9,4,5
55930005,1570,836,734,1501,807,694,56,19,37,142,69,73,13,0,13,69,29,40,1460,608,852,822,318,504,2,1,1,51,1,50,194,89,105,391,199,192,25,15,10
55930006,42,24,18,42,24,18,1,0,1,5,1,4,1,0,1,0,0,0,32,13,19,10,2,8,0,0,0,2,0,2,8,6,2,12,5,7,2,1,1
55930007,204,99,105,193,94,99,4,2,2,15,4,11,2,0,2,11,5,6,168,81,87,83,37,46,0,0,0,6,0,6,24,14,10,55,30,25,0,0,0
55930008,34,18,16,24,12,12,1,0,1,1,0,1,0,0,0,10,6,4,33,14,19,8,4,4,0,0,0,2,0,2,11,4,7,12,6,6,2,0,2
55930009,74,46,28,71,45,26,2,1,1,9,6,3,0,0,0,3,1,2,56,22,34,31,12,19,0,0,0,5,0,5,8,4,4,12,6,6,1,1,0
55930010,411,241,170,388,227,161,17,7,10,35,23,12,3,0,3,23,14,9,353,144,209,163,64,99,0,0,0,17,0,17,64,30,34,109,50,59,36,26,10
55930011,42,22,20,36,18,18,1,1,0,0,0,0,1,0,1,6,4,2,33,14,19,4,1,3,0,0,0,2,0,2,10,2,8,17,11,6,3,2,1
55930012,173,100,73,168,96,72,7,5,2,12,7,5,1,0,1,5,4,1,153,69,84,78,27,51,0,0,0,8,0,8,24,15,9,43,27,16,2,2,0
55931801,306,165,141,292,156,136,9,3,6,31,19,12,3,0,3,14,9,5,237,104,133,98,40,58,0,0,0,10,0,10,37,19,18,92,45,47,2,1,1
55932601,24,14,10,24,14,10,0,0,0,2,1,1,0,0,0,0,0,0,24,12,12,14,8,6,0,0,0,1,0,1,1,1,0,8,3,5,0,0,0
55932602,30,17,13,30,17,13,0,0,0,2,1,1,1,0,1,0,0,0,26,10,16,15,4,11,0,0,0,1,0,1,4,1,3,6,5,1,2,2,0
55932603,39,22,17,39,22,17,2,1,1,2,1,1,0,0,0,0,0,0,47,23,24,17,8,9,0,0,0,4,0,4,10,5,5,16,10,6,1,0,1
55933402,57,31,26,55,30,25,1,0,1,2,1,1,1,0,1,2,1,1,35,17,18,18,8,10,0,0,0,0,0,0,6,3,3,11,6,5,0,0,0
55933403,20,11,9,19,10,9,0,0,0,2,1,1,0,0,0,1,1,0,13,6,7,5,2,3,0,0,0,1,0,1,2,1,1,5,3,2,0,0,0
55933404,28,16,12,28,16,12,0,0,0,4,2,2,0,0,0,0,0,0,14,5,9,3,1,2,0,0,0,2,0,2,3,1,2,6,3,3,0,0,0
55933406,306,168,138,293,159,134,4,2,2,27,11,16,1,0,1,13,9,4,218,95,123,110,51,59,0,0,0,10,0,10,41,18,23,57,26,31,5,4,1
55935101,10,7,3,9,6,3,1,1,0,1,1,0,0,0,0,1,1,0,10,5,5,8,3,5,0,0,0,0,0,0,0,0,0,2,2,0,0,0,0
55935102,80,44,36,79,43,36,4,1,3,8,4,4,1,0,1,1,1,0,68,24,44,34,9,25,0,0,0,1,0,1,9,3,6,24,12,12,0,0,0
55935103,106,60,46,102,58,44,5,2,3,6,4,2,0,0,0,4,2,2,107,48,59,56,24,32,1,1,0,9,0,9,18,8,10,23,15,8,1,0,1
55935104,32,21,11,30,20,10,2,0,2,6,5,1,0,0,0,2,1,1,46,23,23,28,12,16,0,0,0,0,0,0,5,3,2,13,8,5,2,1,1
55935105,90,51,39,87,49,38,2,1,1,5,2,3,0,0,0,3,2,1,89,37,52,39,16,23,1,0,1,6,0,6,17,8,9,26,13,13,0,0,0
55935106,1020,570,450,974,537,437,38,20,18,108,61,47,6,0,6,46,33,13,847,355,492,424,166,258,1,0,1,37,2,35,144,66,78,241,121,120,24,10,14
55935107,83,48,35,77,46,31,5,4,1,8,6,2,0,0,0,6,2,4,75,33,42,40,17,23,0,0,0,3,0,3,5,3,2,27,13,14,0,0,0
55936901,135,77,58,129,72,57,5,3,2,7,5,2,0,0,0,6,5,1,100,43,57,42,18,24,0,0,0,1,0,1,17,8,9,40,17,23,4,3,1
55936902,29,13,16,29,13,16,1,0,1,6,2,4,0,0,0,0,0,0,6,1,5,5,1,4,0,0,0,0,0,0,0,0,0,1,0,1,0,0,0
55937701,19,13,6,18,13,5,0,0,0,4,3,1,0,0,0,1,0,1,17,8,9,11,4,7,1,1,0,1,0,1,1,0,1,3,3,0,0,0,0
55937702,150,88,62,144,85,59,2,1,1,17,7,10,1,0,1,6,3,3,157,67,90,92,40,52,1,1,0,8,0,8,24,10,14,32,16,16,0,0,0
55937703,41,28,13,40,27,13,0,0,0,1,1,0,0,0,0,1,1,0,27,13,14,15,7,8,0,0,0,1,0,1,5,3,2,6,3,3,2,0,2
55939301,31,18,13,30,18,12,1,0,1,5,3,2,2,0,2,1,0,1,25,7,18,9,1,8,2,1,1,0,0,0,7,2,5,7,3,4,0,0,0
55939302,225,127,98,217,125,92,1,1,0,20,8,12,3,0,3,8,2,6,166,77,89,90,38,52,0,0,0,5,0,5,23,8,15,48,31,17,10,5,5
55939303,28,14,14,27,14,13,0,0,0,5,3,2,0,0,0,1,0,1,23,11,12,14,6,8,0,0,0,1,0,1,2,2,0,6,3,3,2,2,0
55942301,149,82,67,143,80,63,6,2,4,15,7,8,1,0,1,6,2,4,132,52,80,49,21,28,0,0,0,11,0,11,33,16,17,39,15,24,6,2,4
55943101,314,173,141,300,166,134,12,4,8,30,16,14,3,0,3,14,7,7,274,116,158,116,52,64,0,0,0,11,0,11,46,22,24,101,42,59,3,2,1
55948202,11,6,5,7,4,3,0,0,0,1,0,1,0,0,0,4,2,2,8,2,6,6,2,4,0,0,0,1,0,1,1,0,1,0,0,0,2,2,0
55948203,38,20,18,35,20,15,0,0,0,1,1,0,0,0,0,3,0,3,48,25,23,25,14,11,0,0,0,3,0,3,11,6,5,9,5,4,3,2,1
55949101,1824,985,839,1768,959,809,84,36,48,162,82,80,5,0,5,56,26,30,1441,635,806,588,232,356,2,2,0,73,0,73,245,134,111,533,267,266,30,21,9
55950401,497,284,213,480,276,204,18,9,9,53,27,26,4,0,4,17,8,9,486,201,285,234,93,141,1,0,1,28,0,28,93,49,44,130,59,71,3,2,1
55950402,14,9,5,14,9,5,0,0,0,2,2,0,0,0,0,0,0,0,13,7,6,5,3,2,0,0,0,1,0,1,1,1,0,6,3,3,0,0,0
55952101,130,68,62,128,67,61,10,4,6,8,4,4,0,0,0,2,1,1,101,43,58,27,12,15,0,0,0,6,0,6,27,11,16,41,20,21,0,0,0
55952102,1954,1064,890,1876,1028,848,84,36,48,209,112,97,17,0,17,78,36,42,1724,762,962,854,354,500,7,3,4,85,0,85,294,150,144,484,255,229,43,29,14
55952103,169,98,71,164,95,69,3,2,1,28,14,14,2,0,2,5,3,2,145,69,76,69,32,37,1,0,1,7,0,7,28,13,15,40,24,16,2,1,1
55952104,376,193,183,367,189,178,16,7,9,37,18,19,2,0,2,9,4,5,295,148,147,105,55,50,1,1,0,10,0,10,37,18,19,142,74,68,1,1,0
55952105,89,44,45,87,44,43,2,2,0,2,1,1,1,0,1,2,0,2,67,36,31,8,2,6,0,0,0,2,0,2,11,3,8,46,31,15,2,1,1
1742032,0,0,0,0,0,0,0,0,0,0,0,0,0,0,0,0,0,0,0,0,0,0,0,0,0,0,0,0,0,0,0,0,0,0,0,0,0,0,0
55955501,45,23,22,45,23,22,1,0,1,4,2,2,1,0,1,0,0,0,46,24,22,22,12,10,0,0,0,3,0,3,14,8,6,7,4,3,0,0,0
55955502,23,15,8,23,15,8,0,0,0,1,0,1,0,0,0,0,0,0,22,11,11,9,4,5,0,0,0,2,0,2,4,2,2,7,5,2,0,0,0
55955503,10,6,4,10,6,4,1,0,1,3,2,1,0,0,0,0,0,0,12,3,9,11,2,9,0,0,0,0,0,0,1,1,0,0,0,0,0,0,0
55955505,41,24,17,40,23,17,1,1,0,4,2,2,0,0,0,1,1,0,28,12,16,9,4,5,0,0,0,2,0,2,8,4,4,9,4,5,0,0,0
55955506,137,78,59,127,72,55,6,2,4,15,7,8,1,0,1,10,6,4,112,50,62,65,31,34,0,0,0,5,0,5,17,9,8,25,10,15,4,3,1
55956301,11,6,5,11,6,5,1,1,0,1,0,1,0,0,0,0,0,0,10,5,5,7,3,4,0,0,0,0,0,0,0,0,0,3,2,1,0,0,0
55956302,58,36,22,57,36,21,2,2,0,6,4,2,0,0,0,1,0,1,59,20,39,27,8,19,0,0,0,4,0,4,11,5,6,17,7,10,2,0,2
55956304,19,8,11,13,7,6,0,0,0,3,3,0,0,0,0,6,1,5,17,7,10,14,6,8,0,0,0,0,0,0,1,0,1,2,1,1,1,0,1
55956305,23,11,12,23,11,12,1,0,1,1,0,1,0,0,0,0,0,0,13,7,6,8,3,5,0,0,0,1,1,0,1,1,0,3,2,1,2,1,1
55956306,30,19,11,28,18,10,3,3,0,3,2,1,1,0,1,2,1,1,19,10,9,10,5,5,0,0,0,1,0,1,3,3,0,5,2,3,0,0,0
55956308,12,6,6,12,6,6,0,0,0,1,0,1,0,0,0,0,0,0,12,7,5,11,6,5,0,0,0,0,0,0,1,1,0,0,0,0,0,0,0
55956310,22,12,10,21,11,10,0,0,0,3,0,3,0,0,0,1,1,0,17,9,8,12,5,7,1,0,1,0,0,0,0,0,0,4,4,0,0,0,0
55956311,161,97,64,155,94,61,6,3,3,19,8,11,1,0,1,6,3,3,111,50,61,55,24,31,0,0,0,9,0,9,23,12,11,24,14,10,6,3,3
55957101,44,22,22,41,21,20,0,0,0,4,2,2,0,0,0,3,1,2,41,20,21,19,7,12,0,0,0,0,0,0,7,3,4,15,10,5,2,1,1
55957102,140,78,62,129,73,56,2,0,2,14,6,8,2,0,2,11,5,6,172,70,102,96,43,53,0,0,0,8,0,8,23,11,12,45,16,29,4,3,1
55957103,17,10,7,15,9,6,1,1,0,4,1,3,0,0,0,2,1,1,11,6,5,9,5,4,0,0,0,0,0,0,2,1,1,0,0,0,0,0,0
55958001,2507,1328,1179,2427,1290,1137,119,58,61,178,76,102,25,0,25,80,38,42,1948,885,1063,677,276,401,5,3,2,89,1,88,369,190,179,808,415,393,24,9,15
55960101,822,455,367,805,452,353,29,9,20,53,25,28,15,0,15,17,3,14,665,272,393,159,67,92,0,0,0,79,1,78,229,108,121,198,96,102,12,5,7
55962801,59,29,30,49,26,23,3,1,2,3,3,0,0,0,0,10,3,7,63,31,32,30,16,14,0,0,0,1,0,1,13,7,6,19,8,11,6,4,2
55962803,44,21,23,43,20,23,3,2,1,4,2,2,0,0,0,1,1,0,29,15,14,12,5,7,0,0,0,1,0,1,7,3,4,9,7,2,0,0,0
55962804,13,8,5,13,8,5,0,0,0,4,3,1,0,0,0,0,0,0,11,5,6,7,3,4,0,0,0,0,0,0,0,0,0,4,2,2,0,0,0
55962805,29,16,13,28,15,13,1,0,1,7,6,1,0,0,0,1,1,0,20,7,13,9,3,6,0,0,0,1,0,1,4,2,2,6,2,4,1,0,1
55962806,677,371,306,658,362,296,27,10,17,50,22,28,7,0,7,19,9,10,604,260,344,196,92,104,1,1,0,48,0,48,148,72,76,211,95,116,5,2,3
55962807,31,19,12,26,17,9,1,0,1,2,2,0,0,0,0,5,2,3,23,12,11,6,2,4,0,0,0,0,0,0,7,2,5,10,8,2,0,0,0
55966101,54,30,24,51,28,23,3,2,1,6,3,3,0,0,0,3,2,1,49,21,28,23,10,13,0,0,0,3,0,3,12,6,6,11,5,6,1,1,0
55966102,87,49,38,84,47,37,3,1,2,11,6,5,0,0,0,3,2,1,60,30,30,28,13,15,1,0,1,1,0,1,10,4,6,20,13,7,1,1,0
55966103,1277,725,552,1223,701,522,36,14,22,108,60,48,8,0,8,54,24,30,1160,531,629,584,279,305,0,0,0,65,0,65,212,110,102,299,142,157,35,22,13
1936232,0,0,0,0,0,0,0,0,0,0,0,0,0,0,0,0,0,0,0,0,0,0,0,0,0,0,0,0,0,0,0,0,0,0,0,0,0,0,0
55967901,869,460,409,837,444,393,31,19,12,95,48,47,7,0,7,32,16,16,749,330,419,315,143,172,6,3,3,38,1,37,152,70,82,238,113,125,9,6,3
55967903,970,524,446,942,515,427,43,21,22,102,59,43,9,0,9,28,9,19,847,382,465,365,144,221,2,1,1,38,0,38,163,89,74,279,148,131,7,2,5
1968510,0,0,0,0,0,0,0,0,0,0,0,0,0,0,0,0,0,0,0,0,0,0,0,0,0,0,0,0,0,0,0,0,0,0,0,0,0,0,0
55969501,12,8,4,10,7,3,0,0,0,3,3,0,0,0,0,2,1,1,14,8,6,13,8,5,0,0,0,0,0,0,0,0,0,1,0,1,0,0,0
55969502,7,5,2,7,5,2,0,0,0,0,0,0,0,0,0,0,0,0,13,6,7,6,3,3,0,0,0,1,0,1,4,3,1,2,0,2,0,0,0
55969504,26,19,7,25,18,7,2,2,0,4,2,2,0,0,0,1,1,0,26,12,14,18,8,10,0,0,0,0,0,0,2,1,1,6,3,3,2,1,1
55969505,24,13,11,24,13,11,1,1,0,3,1,2,0,0,0,0,0,0,31,14,17,24,11,13,0,0,0,0,0,0,1,0,1,6,3,3,0,0,0
55969506,534,294,240,506,282,224,15,12,3,62,26,36,3,0,3,28,12,16,502,221,281,283,108,175,1,1,0,15,1,14,56,37,19,147,74,73,13,7,6
55970901,125,69,56,117,65,52,7,4,3,14,8,6,1,0,1,8,4,4,83,36,47,35,15,20,0,0,0,5,0,5,13,6,7,30,15,15,0,0,0
55970902,142,85,57,136,80,56,8,5,3,16,7,9,2,0,2,6,5,1,116,53,63,46,21,25,0,0,0,7,0,7,28,12,16,35,20,15,4,3,1
56639001,42,27,15,41,26,15,2,1,1,4,3,1,0,0,0,1,1,0,38,12,26,16,7,9,0,0,0,5,0,5,9,4,5,8,1,7,0,0,0
56642001,99,54,45,92,51,41,1,0,1,12,5,7,1,0,1,7,3,4,81,39,42,44,20,24,0,0,0,2,0,2,14,10,4,21,9,12,3,1,2
56642002,16,9,7,15,8,7,0,0,0,2,1,1,0,0,0,1,1,0,10,5,5,3,1,2,0,0,0,1,0,1,3,1,2,3,3,0,0,0,0
56644601,145,89,56,137,86,51,4,2,2,20,13,7,1,0,1,8,3,5,114,46,68,59,25,34,0,0,0,3,0,3,18,9,9,34,12,22,2,1,1
56646201,65,35,30,64,35,29,3,1,2,7,4,3,0,0,0,1,0,1,46,23,23,23,12,11,0,0,0,3,0,3,9,3,6,11,8,3,0,0,0
56647101,30,18,12,29,17,12,2,1,1,3,3,0,0,0,0,1,1,0,55,24,31,32,13,19,0,0,0,2,0,2,8,3,5,13,8,5,2,2,0
56647102,10,6,4,10,6,4,0,0,0,0,0,0,1,0,1,0,0,0,15,7,8,6,3,3,0,0,0,1,0,1,4,2,2,4,2,2,0,0,0
56648901,34,20,14,34,20,14,3,1,2,3,2,1,0,0,0,0,0,0,32,16,16,23,10,13,0,0,0,2,0,2,4,3,1,3,3,0,1,1,0
56649701,21,12,9,20,11,9,2,0,2,1,1,0,0,0,0,1,1,0,31,10,21,18,5,13,0,0,0,0,0,0,3,1,2,10,4,6,1,1,0
56654301,118,68,50,113,64,49,5,2,3,7,4,3,0,0,0,5,4,1,87,35,52,24,11,13,0,0,0,5,0,5,20,7,13,38,17,21,10,6,4
56659401,21,14,7,20,14,6,1,1,0,3,3,0,0,0,0,1,0,1,11,6,5,6,4,2,0,0,0,0,0,0,1,0,1,4,2,2,0,0,0
56659402,38,21,17,37,21,16,0,0,0,4,2,2,0,0,0,1,0,1,45,26,19,26,13,13,0,0,0,0,0,0,0,0,0,19,13,6,1,1,0
56663201,41,21,20,39,19,20,0,0,0,4,1,3,1,0,1,2,2,0,39,19,20,16,7,9,0,0,0,3,1,2,7,3,4,13,8,5,0,0,0
56673001,23,12,11,18,11,7,0,0,0,2,1,1,0,0,0,5,1,4,30,8,22,21,7,14,0,0,0,0,0,0,4,0,4,5,1,4,0,0,0
56674801,24,12,12,22,11,11,0,0,0,6,2,4,0,0,0,2,1,1,28,15,13,21,11,10,0,0,0,0,0,0,2,1,1,5,3,2,1,0,1
56675601,410,235,175,395,228,167,20,13,7,28,16,12,7,0,7,15,7,8,330,159,171,103,46,57,2,2,0,24,0,24,73,37,36,128,74,54,2,1,1
56675602,12,7,5,12,7,5,0,0,0,0,0,0,0,0,0,0,0,0,15,10,5,6,4,2,1,0,1,0,0,0,1,0,1,7,6,1,1,0,1
56676401,30,18,12,27,16,11,1,0,1,3,1,2,0,0,0,3,2,1,33,17,16,20,9,11,0,0,0,0,0,0,1,1,0,12,7,5,0,0,0
56678101,36,20,16,33,20,13,2,1,1,6,4,2,0,0,0,3,0,3,32,12,20,16,7,9,0,0,0,2,0,2,4,2,2,10,3,7,0,0,0
56696901,187,108,79,180,103,77,7,5,2,19,8,11,0,0,0,7,5,2,160,78,82,72,31,41,1,1,0,5,0,5,22,10,12,60,36,24,5,3,2
56696902,35,19,16,32,18,14,2,0,2,1,1,0,1,0,1,3,1,2,47,17,30,33,13,20,0,0,0,3,0,3,8,3,5,3,1,2,0,0,0
56708601,207,116,91,199,113,86,13,6,7,20,8,12,1,0,1,8,3,5,122,55,67,45,18,27,1,0,1,5,0,5,26,14,12,45,23,22,3,2,1
57866501,58,34,24,57,33,24,3,1,2,2,1,1,1,0,1,1,1,0,46,20,26,18,7,11,0,0,0,2,0,2,10,4,6,16,9,7,1,0,1
57866504,25,14,11,24,14,10,0,0,0,1,1,0,0,0,0,1,0,1,20,11,9,8,4,4,0,0,0,0,0,0,6,4,2,6,3,3,0,0,0
57877101,64,39,25,58,34,24,2,2,0,7,5,2,0,0,0,6,5,1,49,23,26,26,12,14,0,0,0,2,0,2,10,5,5,11,6,5,4,3,1
57879701,13,8,5,13,8,5,0,0,0,0,0,0,0,0,0,0,0,0,8,3,5,5,2,3,0,0,0,0,0,0,0,0,0,3,1,2,0,0,0
57879702,43,23,20,43,23,20,1,0,1,3,0,3,0,0,0,0,0,0,40,21,19,20,11,9,0,0,0,3,0,3,5,3,2,12,7,5,1,1,0
57882701,37,23,14,33,20,13,0,0,0,3,2,1,0,0,0,4,3,1,24,9,15,13,5,8,0,0,0,1,0,1,2,1,1,8,3,5,0,0,0
57882702,12,8,4,10,7,3,1,1,0,1,1,0,0,0,0,2,1,1,16,5,11,5,1,4,0,0,0,2,0,2,3,2,1,6,2,4,1,0,1
57882703,26,17,9,26,17,9,1,1,0,3,0,3,0,0,0,0,0,0,16,6,10,11,4,7,0,0,0,0,0,0,1,0,1,4,2,2,1,1,0
57892402,32,20,12,29,19,10,0,0,0,4,1,3,0,0,0,3,1,2,47,24,23,34,18,16,0,0,0,1,0,1,5,2,3,7,4,3,1,0,1
57898301,131,78,53,124,75,49,6,4,2,9,4,5,2,0,2,7,3,4,116,51,65,54,21,33,1,1,0,5,0,5,21,14,7,35,15,20,1,0,1
50666401,139,78,61,134,76,58,3,2,1,13,7,6,3,0,3,5,2,3,114,52,62,63,28,35,0,0,0,4,0,4,15,8,7,32,16,16,1,1,0
53036101,33,16,17,31,14,17,2,0,2,4,3,1,0,0,0,2,2,0,23,11,12,13,4,9,0,0,0,0,0,0,0,0,0,10,7,3,0,0,0
53037901,47,28,19,44,27,17,0,0,0,6,3,3,0,0,0,3,1,2,60,27,33,28,13,15,0,0,0,2,0,2,9,5,4,21,9,12,0,0,0
53037902,11,4,7,11,4,7,0,0,0,1,0,1,0,0,0,0,0,0,12,6,6,9,5,4,0,0,0,0,0,0,1,0,1,2,1,1,1,0,1
54072201,189,102,87,182,98,84,12,5,7,21,11,10,2,0,2,7,4,3,154,61,93,47,16,31,1,0,1,8,0,8,31,12,19,67,33,34,0,0,0
54080301,25,16,9,25,16,9,1,1,0,5,3,2,0,0,0,0,0,0,28,9,19,16,6,10,0,0,0,2,0,2,4,0,4,6,3,3,0,0,0
54092701,10,7,3,10,7,3,1,1,0,3,1,2,0,0,0,0,0,0,13,6,7,10,4,6,0,0,0,1,0,1,2,2,0,0,0,0,0,0,0
54100101,13,10,3,11,9,2,0,0,0,5,4,1,0,0,0,2,1,1,18,5,13,9,2,7,0,0,0,1,0,1,2,1,1,6,2,4,0,0,0
54106101,67,31,36,65,30,35,2,1,1,17,4,13,0,0,0,2,1,1,116,27,89,86,13,73,0,0,0,1,0,1,7,4,3,22,10,12,1,1,0
54106102,6,3,3,6,3,3,1,0,1,1,0,1,0,0,0,0,0,0,14,6,8,10,3,7,1,1,0,0,0,0,2,1,1,1,1,0,0,0,0
54109501,72,44,28,70,42,28,1,0,1,8,6,2,1,0,1,2,2,0,70,27,43,26,9,17,0,0,0,4,0,4,15,8,7,25,10,15,2,1,1
54114101,27,18,9,26,17,9,2,0,2,1,1,0,0,0,0,1,1,0,44,20,24,27,13,14,0,0,0,1,0,1,7,3,4,9,4,5,0,0,0
54115001,395,218,177,379,209,170,11,7,4,49,24,25,6,0,6,16,9,7,343,159,184,143,60,83,1,1,0,16,0,16,60,28,32,123,70,53,8,6,2
54115002,61,32,29,60,31,29,1,1,0,10,4,6,2,0,2,1,1,0,51,24,27,30,16,14,1,1,0,0,0,0,9,3,6,11,4,7,0,0,0
54117601,258,140,118,249,136,113,8,2,6,31,11,20,2,0,2,9,4,5,189,86,103,94,45,49,1,0,1,9,0,9,31,12,19,54,29,25,6,3,3
54119201,95,53,42,94,53,41,3,1,2,11,7,4,1,0,1,1,0,1,79,31,48,34,12,22,0,0,0,5,0,5,16,9,7,24,10,14,0,0,0
54648801,82,45,37,80,44,36,4,1,3,7,3,4,1,0,1,2,1,1,67,30,37,34,11,23,0,0,0,3,0,3,13,8,5,17,11,6,0,0,0
54652601,169,94,75,164,92,72,6,0,6,13,8,5,0,0,0,5,2,3,159,69,90,103,39,64,0,0,0,3,0,3,16,6,10,37,24,13,1,1,0
54653401,122,68,54,116,66,50,5,2,3,14,9,5,4,0,4,6,2,4,112,43,69,59,27,32,1,0,1,8,0,8,25,7,18,19,9,10,0,0,0
54655101,103,61,42,100,58,42,1,0,1,15,10,5,1,0,1,3,3,0,97,41,56,60,25,35,0,0,0,7,0,7,17,9,8,13,7,6,1,1,0
54655102,21,15,6,18,13,5,0,0,0,2,1,1,0,0,0,3,2,1,14,7,7,6,3,3,0,0,0,1,0,1,1,1,0,6,3,3,1,0,1
55361101,273,156,117,261,148,113,11,4,7,24,18,6,1,0,1,12,8,4,260,118,142,116,46,70,1,0,1,22,0,22,52,32,20,69,40,29,5,3,2
1407670,0,0,0,0,0,0,0,0,0,0,0,0,0,0,0,0,0,0,0,0,0,0,0,0,0,0,0,0,0,0,0,0,0,0,0,0,0,0,0
1407752,0,0,0,0,0,0,0,0,0,0,0,0,0,0,0,0,0,0,0,0,0,0,0,0,0,0,0,0,0,0,0,0,0,0,0,0,0,0,0
1408300,0,0,0,0,0,0,0,0,0,0,0,0,0,0,0,0,0,0,0,0,0,0,0,0,0,0,0,0,0,0,0,0,0,0,0,0,0,0,0
3358190,0,0,0,0,0,0,0,0,0,0,0,0,0,0,0,0,0,0,0,0,0,0,0,0,0,0,0,0,0,0,0,0,0,0,0,0,0,0,0
55971701,28,16,12,27,16,11,0,0,0,5,1,4,0,0,0,1,0,1,20,14,6,14,9,5,0,0,0,0,0,0,2,2,0,4,3,1,0,0,0
55971702,923,488,435,904,481,423,26,12,14,134,67,67,5,0,5,19,7,12,733,324,409,357,141,216,3,1,2,26,0,26,113,59,54,234,123,111,3,0,3
55971703,66,36,30,64,35,29,3,1,2,6,4,2,0,0,0,2,1,1,53,22,31,13,6,7,0,0,0,4,0,4,12,6,6,24,10,14,0,0,0
55971704,232,120,112,227,120,107,13,7,6,46,22,24,2,0,2,5,0,5,244,110,134,137,58,79,1,1,0,7,0,7,37,21,16,62,30,32,0,0,0
55971705,14,7,7,14,7,7,0,0,0,1,0,1,1,0,1,0,0,0,8,4,4,0,0,0,0,0,0,2,0,2,4,3,1,2,1,1,0,0,0
55971706,536,284,252,512,273,239,26,16,10,72,38,34,5,0,5,24,11,13,446,189,257,205,84,121,0,0,0,25,1,24,88,43,45,128,61,67,7,4,3
55971708,29,16,13,26,15,11,2,1,1,2,1,1,0,0,0,3,1,2,17,8,9,9,3,6,1,0,1,0,0,0,0,0,0,7,5,2,0,0,0
55971709,231,126,105,218,121,97,11,6,5,29,15,14,0,0,0,13,5,8,216,94,122,77,34,43,0,0,0,14,0,14,42,18,24,83,42,41,0,0,0
55971710,217,119,98,213,119,94,7,3,4,29,18,11,1,0,1,4,0,4,161,71,90,72,29,43,1,1,0,4,0,4,24,12,12,60,29,31,3,1,2
55971712,141,73,68,136,70,66,7,3,4,20,11,9,1,0,1,5,3,2,78,36,42,47,19,28,0,0,0,1,0,1,10,7,3,20,10,10,1,0,1
55971713,59,26,33,53,26,27,1,0,1,10,8,2,1,0,1,6,0,6,28,13,15,14,6,8,0,0,0,2,0,2,6,4,2,6,3,3,0,0,0
55971714,1259,655,604,1208,636,572,40,19,21,165,66,99,8,0,8,51,19,32,1085,478,607,595,234,361,5,2,3,41,0,41,159,79,80,285,163,122,30,12,18
55971715,63,34,29,63,34,29,0,0,0,11,8,3,0,0,0,0,0,0,52,30,22,27,12,15,0,0,0,2,0,2,7,6,1,16,12,4,2,1,1
55971716,220,130,90,206,122,84,7,3,4,24,11,13,0,0,0,14,8,6,203,83,120,94,38,56,0,0,0,13,0,13,49,22,27,47,23,24,4,0,4
55971717,243,131,112,236,129,107,6,2,4,40,21,19,2,0,2,7,2,5,235,91,144,81,36,45,2,2,0,20,0,20,65,27,38,67,26,41,2,0,2
55971718,600,317,283,578,308,270,34,14,20,72,32,40,4,0,4,22,9,13,458,187,271,246,87,159,2,1,1,22,0,22,63,31,32,125,68,57,12,5,7
55971720,100,57,43,86,50,36,3,1,2,7,1,6,0,0,0,14,7,7,55,25,30,22,10,12,1,0,1,2,0,2,13,5,8,17,10,7,0,0,0
55971721,206,109,97,204,108,96,6,3,3,38,24,14,3,0,3,2,1,1,242,96,146,159,59,100,0,0,0,7,0,7,23,9,14,53,28,25,1,0,1
55971724,630,344,286,611,333,278,22,5,17,66,30,36,4,0,4,19,11,8,522,225,297,244,96,148,2,1,1,30,1,29,96,52,44,150,75,75,9,5,4
55971725,549,287,262,527,275,252,20,5,15,95,46,49,1,0,1,22,12,10,487,206,281,282,116,166,3,1,2,22,0,22,70,32,38,110,57,53,5,3,2
55971726,253,152,101,232,140,92,4,2,2,26,14,12,0,0,0,21,12,9,157,74,83,38,16,22,1,1,0,5,0,5,31,15,16,82,42,40,15,10,5
55971727,853,499,354,786,459,327,22,8,14,78,40,38,5,0,5,67,40,27,621,249,372,298,110,188,3,3,0,24,0,24,129,57,72,167,79,88,91,53,38
55972501,318,184,134,312,181,131,6,2,4,36,21,15,6,0,6,6,3,3,241,108,133,132,55,77,0,0,0,7,0,7,35,21,14,67,32,35,12,9,3
55972502,268,147,121,255,143,112,7,1,6,31,15,16,3,0,3,13,4,9,287,109,178,175,64,111,0,0,0,6,1,5,33,13,20,73,31,42,3,1,2
55972503,16,8,8,15,8,7,1,0,1,2,2,0,0,0,0,1,0,1,11,7,4,10,6,4,0,0,0,0,0,0,0,0,0,1,1,0,0,0,0
55972504,118,69,49,113,66,47,1,0,1,13,9,4,2,0,2,5,3,2,119,50,69,63,24,39,0,0,0,5,0,5,21,9,12,30,17,13,2,1,1
55972505,12,6,6,12,6,6,0,0,0,2,2,0,1,0,1,0,0,0,13,5,8,8,2,6,0,0,0,0,0,0,3,2,1,2,1,1,0,0,0
55972506,220,122,98,212,120,92,9,0,9,32,17,15,2,0,2,8,2,6,202,88,114,92,38,54,1,1,0,9,0,9,34,11,23,66,38,28,3,3,0
55972507,149,83,66,144,82,62,4,3,1,15,8,7,1,0,1,5,1,4,125,58,67,48,21,27,0,0,0,5,0,5,16,6,10,56,31,25,0,0,0
55972508,95,53,42,92,52,40,6,2,4,7,4,3,1,0,1,3,1,2,71,35,36,39,17,22,0,0,0,3,0,3,10,6,4,19,12,7,0,0,0
55973301,193,111,82,188,108,80,8,2,6,18,14,4,3,0,3,5,3,2,176,75,101,81,30,51,0,0,0,14,0,14,40,22,18,41,23,18,3,2,1
55974101,33,18,15,33,18,15,1,0,1,1,0,1,1,0,1,0,0,0,39,20,19,21,6,15,0,0,0,4,0,4,10,10,0,4,4,0,0,0,0
55975001,197,119,78,191,118,73,9,8,1,16,9,7,1,0,1,6,1,5,155,64,91,70,33,37,0,0,0,7,0,7,29,11,18,49,20,29,1,1,0
55975002,95,51,44,95,51,44,1,1,0,9,4,5,2,0,2,0,0,0,98,44,54,37,15,22,0,0,0,8,1,7,18,7,11,35,21,14,1,1,0
55975003,50,28,22,48,28,20,1,0,1,10,6,4,1,0,1,2,0,2,46,22,24,21,10,11,1,1,0,2,0,2,9,5,4,13,6,7,0,0,0
55976801,82,43,39,81,42,39,3,2,1,10,4,6,2,0,2,1,1,0,66,36,30,31,15,16,0,0,0,4,0,4,19,12,7,12,9,3,3,2,1
3301160,0,0,0,0,0,0,0,0,0,0,0,0,0,0,0,0,0,0,0,0,0,0,0,0,0,0,0,0,0,0,0,0,0,0,0,0,0,0,0
55977602,549,321,228,524,311,213,17,9,8,66,33,33,2,0,2,25,10,15,497,227,270,236,101,135,1,0,1,27,0,27,81,42,39,152,84,68,7,2,5
55977603,120,59,61,116,57,59,8,2,6,14,6,8,2,0,2,4,2,2,123,58,65,67,34,33,1,0,1,6,0,6,21,10,11,28,14,14,1,0,1
3359080,0,0,0,0,0,0,0,0,0,0,0,0,0,0,0,0,0,0,0,0,0,0,0,0,0,0,0,0,0,0,0,0,0,0,0,0,0,0,0
55979201,396,224,172,386,219,167,13,4,9,43,18,25,3,0,3,10,5,5,347,163,184,128,50,78,0,0,0,18,0,18,78,43,35,123,70,53,5,2,3
55980601,74,39,35,71,39,32,3,1,2,6,3,3,1,0,1,3,0,3,65,25,40,43,18,25,0,0,0,3,0,3,9,3,6,10,4,6,1,1,0
55980602,31,21,10,30,20,10,1,1,0,3,3,0,0,0,0,1,1,0,35,12,23,21,6,15,0,0,0,3,0,3,7,3,4,4,3,1,0,0,0
55980603,23,13,10,21,13,8,0,0,0,1,1,0,0,0,0,2,0,2,21,9,12,12,5,7,0,0,0,2,0,2,5,2,3,2,2,0,0,0,0
55980604,18,10,8,18,10,8,0,0,0,1,0,1,1,0,1,0,0,0,28,12,16,17,8,9,0,0,0,0,0,0,5,1,4,6,3,3,0,0,0
55981401,818,468,350,783,451,332,24,10,14,88,48,40,8,0,8,35,17,18,625,259,366,346,137,209,3,0,3,24,1,23,85,44,41,167,77,90,13,7,6
3315890,0,0,0,0,0,0,0,0,0,0,0,0,0,0,0,0,0,0,0,0,0,0,0,0,0,0,0,0,0,0,0,0,0,0,0,0,0,0,0
3315970,0,0,0,0,0,0,0,0,0,0,0,0,0,0,0,0,0,0,0,0,0,0,0,0,0,0,0,0,0,0,0,0,0,0,0,0,0,0,0
55982201,412,209,203,399,203,196,27,13,14,44,15,29,0,0,0,13,6,7,353,157,196,167,69,98,1,0,1,10,1,9,43,23,20,132,64,68,2,1,1
55982202,947,535,412,893,510,383,25,16,9,101,52,49,7,0,7,54,25,29,982,433,549,524,226,298,2,2,0,63,0,63,175,89,86,218,116,102,26,18,8
55984901,13,8,5,12,8,4,1,0,1,3,2,1,0,0,0,1,0,1,14,6,8,9,4,5,0,0,0,0,0,0,3,1,2,2,1,1,0,0,0
55984902,88,48,40,87,48,39,2,1,1,16,9,7,0,0,0,1,0,1,99,45,54,59,28,31,0,0,0,3,0,3,9,5,4,28,12,16,3,3,0
55985701,401,227,174,392,221,171,15,6,9,42,20,22,2,0,2,9,6,3,311,135,176,149,58,91,2,2,0,13,0,13,48,25,23,99,50,49,1,1,0
55990301,29,19,10,25,17,8,1,1,0,4,0,4,0,0,0,4,2,2,38,16,22,9,4,5,0,0,0,2,0,2,11,4,7,16,8,8,2,0,2
55990302,276,159,117,263,152,111,11,1,10,31,18,13,1,0,1,13,7,6,264,119,145,122,56,66,2,1,1,22,0,22,53,29,24,65,33,32,3,2,1
55990303,26,15,11,23,13,10,1,1,0,3,0,3,0,0,0,3,2,1,21,10,11,9,2,7,1,0,1,0,0,0,2,2,0,9,6,3,0,0,0
55990304,27,16,11,25,16,9,2,0,2,4,4,0,0,0,0,2,0,2,21,8,13,11,3,8,0,0,0,2,0,2,4,2,2,4,3,1,1,1,0
55991101,241,131,110,232,127,105,6,1,5,28,12,16,2,0,2,9,4,5,230,101,129,125,59,66,0,0,0,10,0,10,40,19,21,55,23,32,2,1,1
55992002,59,33,26,57,32,25,1,0,1,8,6,2,0,0,0,2,1,1,51,28,23,35,20,15,1,1,0,2,0,2,6,5,1,7,2,5,3,2,1
55992003,14,9,5,13,9,4,0,0,0,1,1,0,0,0,0,1,0,1,17,10,7,15,8,7,0,0,0,0,0,0,1,1,0,1,1,0,3,3,0
55994602,32,21,11,31,21,10,2,1,1,3,1,2,0,0,0,1,0,1,28,12,16,14,5,9,0,0,0,2,0,2,7,4,3,5,3,2,0,0,0
55995401,82,45,37,80,43,37,1,0,1,20,9,11,1,0,1,2,2,0,173,78,95,138,65,73,0,0,0,4,0,4,16,5,11,15,8,7,1,1,0
55995402,17,9,8,16,9,7,1,1,0,2,1,1,0,0,0,1,0,1,14,7,7,9,5,4,0,0,0,0,0,0,2,1,1,3,1,2,0,0,0
55996201,89,47,42,85,45,40,4,1,3,10,5,5,1,0,1,4,2,2,73,36,37,25,12,13,1,0,1,1,0,1,15,9,6,31,15,16,1,0,1
55996202,14,7,7,14,7,7,0,0,0,3,0,3,0,0,0,0,0,0,15,7,8,9,4,5,0,0,0,0,0,0,1,1,0,5,2,3,0,0,0
3301240,0,0,0,0,0,0,0,0,0,0,0,0,0,0,0,0,0,0,0,0,0,0,0,0,0,0,0,0,0,0,0,0,0,0,0,0,0,0,0
55999701,776,442,334,751,433,318,29,12,17,86,48,38,7,0,7,25,9,16,1021,421,600,644,231,413,2,2,0,35,0,35,139,74,65,201,114,87,12,7,5
55999702,267,145,122,255,135,120,9,5,4,44,20,24,0,0,0,12,10,2,241,107,134,137,66,71,1,1,0,11,0,11,32,10,22,60,30,30,2,0,2
55999703,27,16,11,26,15,11,3,2,1,1,1,0,0,0,0,1,1,0,18,11,7,13,7,6,0,0,0,0,0,0,3,2,1,2,2,0,0,0,0
55999704,36,18,18,36,18,18,1,1,0,2,2,0,0,0,0,0,0,0,33,14,19,13,5,8,0,0,0,2,0,2,7,3,4,11,6,5,0,0,0
56000601,114,65,49,107,62,45,1,0,1,15,6,9,2,0,2,7,3,4,121,53,68,62,27,35,2,0,2,8,0,8,23,15,8,26,11,15,4,3,1
56000602,18,11,7,17,11,6,0,0,0,1,1,0,0,0,0,1,0,1,23,5,18,17,5,12,0,0,0,1,0,1,3,0,3,2,0,2,0,0,0
56000603,14,10,4,14,10,4,0,0,0,0,0,0,1,0,1,0,0,0,22,10,12,12,6,6,0,0,0,1,0,1,3,0,3,6,4,2,1,0,1
56001401,64,33,31,61,32,29,1,1,0,12,5,7,0,0,0,3,1,2,56,31,25,28,18,10,0,0,0,1,0,1,7,3,4,20,10,10,0,0,0
56001402,752,425,327,728,415,313,31,14,17,85,45,40,6,0,6,24,10,14,651,295,356,306,127,179,4,0,4,30,0,30,104,53,51,207,115,92,13,8,5
56005701,659,356,303,642,350,292,24,10,14,64,31,33,6,0,6,17,6,11,603,276,327,238,105,133,1,0,1,35,0,35,115,53,62,214,118,96,12,7,5
56005702,44,22,22,44,22,22,2,0,2,7,5,2,0,0,0,0,0,0,25,12,13,17,8,9,0,0,0,0,0,0,1,1,0,7,3,4,0,0,0
56005703,40,20,20,40,20,20,1,1,0,5,3,2,0,0,0,0,0,0,43,18,25,27,12,15,0,0,0,2,0,2,5,0,5,9,6,3,1,0,1
56008101,118,63,55,112,59,53,0,0,0,14,3,11,0,0,0,6,4,2,135,58,77,76,31,45,0,0,0,3,0,3,13,6,7,43,21,22,3,2,1
56011101,107,64,43,103,62,41,1,0,1,14,8,6,1,0,1,4,2,2,98,43,55,64,30,34,0,0,0,3,0,3,9,4,5,22,9,13,4,2,2
56012001,868,503,365,831,486,345,21,10,11,91,51,40,8,0,8,37,17,20,840,359,481,405,167,238,1,0,1,55,0,55,155,85,70,224,107,117,12,9,3
56012002,15,8,7,14,7,7,2,0,2,4,1,3,0,0,0,1,1,0,13,6,7,9,3,6,0,0,0,0,0,0,2,1,1,2,2,0,0,0,0
56014601,10,6,4,10,6,4,0,0,0,2,1,1,0,0,0,0,0,0,12,7,5,12,7,5,0,0,0,0,0,0,0,0,0,0,0,0,1,1,0
56014602,20,16,4,20,16,4,0,0,0,5,5,0,0,0,0,0,0,0,31,11,20,14,5,9,0,0,0,3,0,3,8,5,3,6,1,5,0,0,0
3301080,0,0,0,0,0,0,0,0,0,0,0,0,0,0,0,0,0,0,0,0,0,0,0,0,0,0,0,0,0,0,0,0,0,0,0,0,0,0,0
56016201,1299,700,599,1237,674,563,43,17,26,145,70,75,10,0,10,62,26,36,1113,487,626,530,218,312,2,1,1,65,2,63,210,119,91,306,147,159,28,15,13
3300940,0,0,0,0,0,0,0,0,0,0,0,0,0,0,0,0,0,0,0,0,0,0,0,0,0,0,0,0,0,0,0,0,0,0,0,0,0,0,0
56018901,19,10,9,18,10,8,0,0,0,3,1,2,0,0,0,1,0,1,15,7,8,6,3,3,0,0,0,2,0,2,4,3,1,3,1,2,0,0,0
56018902,126,68,58,125,67,58,7,1,6,13,6,7,1,0,1,1,1,0,133,54,79,86,32,54,0,0,0,4,0,4,16,10,6,27,12,15,2,2,0
56022701,35,19,16,33,18,15,1,0,1,3,2,1,0,0,0,2,1,1,37,15,22,21,7,14,0,0,0,1,0,1,5,1,4,10,7,3,1,1,0
56022702,85,49,36,80,46,34,2,0,2,9,3,6,1,0,1,5,3,2,84,33,51,38,16,22,0,0,0,4,0,4,9,6,3,33,11,22,0,0,0
56023501,153,88,65,148,87,61,5,3,2,18,11,7,1,0,1,5,1,4,133,70,63,53,25,28,2,1,1,4,0,4,23,13,10,51,31,20,2,2,0
56025101,685,392,293,672,385,287,18,6,12,86,50,36,6,0,6,13,7,6,560,242,318,243,94,149,1,1,0,24,0,24,120,60,60,172,87,85,8,4,4
56026002,17,11,6,17,11,6,0,0,0,2,2,0,0,0,0,0,0,0,15,7,8,8,3,5,0,0,0,1,0,1,4,4,0,2,0,2,0,0,0
56026003,16,9,7,14,8,6,0,0,0,1,0,1,1,0,1,2,1,1,13,6,7,11,5,6,0,0,0,0,0,0,1,1,0,1,0,1,0,0,0
56026004,17,11,6,17,11,6,0,0,0,3,2,1,0,0,0,0,0,0,26,11,15,21,8,13,0,0,0,0,0,0,1,0,1,4,3,1,0,0,0
56026005,1077,583,494,1038,564,474,33,17,16,146,69,77,6,0,6,39,19,20,887,398,489,441,183,258,3,2,1,36,1,35,140,71,69,267,141,126,15,7,8
56026006,96,46,50,93,46,47,6,2,4,20,12,8,2,0,2,3,0,3,63,31,32,28,12,16,0,0,0,2,0,2,9,5,4,24,14,10,0,0,0
56026007,87,50,37,83,48,35,2,0,2,8,7,1,1,0,1,4,2,2,60,22,38,30,12,18,0,0,0,2,0,2,15,6,9,13,4,9,2,0,2
56026008,11,7,4,11,7,4,0,0,0,2,1,1,0,0,0,0,0,0,18,9,9,8,3,5,0,0,0,1,0,1,5,3,2,4,3,1,0,0,0
56679901,138,74,64,133,71,62,4,2,2,20,12,8,1,0,1,5,3,2,141,68,73,72,35,37,1,0,1,4,1,3,19,8,11,45,24,21,4,2,2
56680201,17,13,4,13,11,2,0,0,0,1,1,0,0,0,0,4,2,2,18,5,13,10,4,6,0,0,0,3,0,3,3,1,2,2,0,2,0,0,0
56680202,82,41,41,78,40,38,2,1,1,10,5,5,0,0,0,4,1,3,79,36,43,28,11,17,0,0,0,1,0,1,14,5,9,36,20,16,3,2,1
56681101,34,23,11,33,23,10,0,0,0,4,3,1,0,0,0,1,0,1,32,13,19,15,6,9,0,0,0,0,0,0,4,0,4,13,7,6,0,0,0
56683701,70,38,32,70,38,32,3,1,2,10,7,3,1,0,1,0,0,0,50,17,33,21,8,13,0,0,0,2,0,2,6,2,4,21,7,14,0,0,0
56683702,25,13,12,23,12,11,1,0,1,3,2,1,0,0,0,2,1,1,25,17,8,16,10,6,1,1,0,0,0,0,2,1,1,6,5,1,1,0,1
56684501,95,58,37,91,56,35,1,0,1,12,7,5,1,0,1,4,2,2,103,50,53,56,26,30,0,0,0,4,0,4,16,8,8,27,16,11,2,1,1
56686101,61,37,24,59,36,23,1,0,1,10,5,5,0,0,0,2,1,1,59,25,34,31,14,17,0,0,0,3,0,3,8,3,5,17,8,9,0,0,0
56694201,131,74,57,126,72,54,5,2,3,12,7,5,0,0,0,5,2,3,111,48,63,43,20,23,1,1,0,4,0,4,18,10,8,45,17,28,1,1,0
56699301,25,13,12,24,13,11,1,0,1,4,2,2,0,0,0,1,0,1,22,8,14,13,6,7,0,0,0,0,0,0,1,0,1,8,2,6,0,0,0
56699302,14,9,5,14,9,5,0,0,0,5,4,1,1,0,1,0,0,0,16,5,11,9,2,7,0,0,0,0,0,0,3,2,1,4,1,3,0,0,0
56699303,16,10,6,16,10,6,1,0,1,1,1,0,0,0,0,0,0,0,16,5,11,8,3,5,0,0,0,0,0,0,4,1,3,4,1,3,1,0,1
56700101,172,94,78,168,92,76,4,2,2,13,7,6,3,0,3,4,2,2,145,66,79,67,28,39,1,1,0,3,0,3,27,13,14,47,24,23,3,1,2
57900901,138,77,61,132,73,59,3,1,2,12,5,7,1,0,1,6,4,2,123,56,67,72,28,44,0,0,0,3,0,3,7,5,2,41,23,18,0,0,0
57901701,33,17,16,32,17,15,2,0,2,4,2,2,0,0,0,1,0,1,37,19,18,18,9,9,0,0,0,0,0,0,2,2,0,17,8,9,0,0,0
57901702,12,7,5,12,7,5,0,0,0,5,4,1,0,0,0,0,0,0,9,2,7,7,2,5,0,0,0,0,0,0,1,0,1,1,0,1,0,0,0
57903301,128,68,60,127,68,59,5,1,4,5,4,1,1,0,1,1,0,1,108,49,59,34,15,19,0,0,0,8,1,7,25,15,10,41,18,23,3,2,1
57908401,36,21,15,36,21,15,2,0,2,7,5,2,0,0,0,0,0,0,36,14,22,19,7,12,0,0,0,3,0,3,4,1,3,10,6,4,0,0,0
57913101,203,118,85,198,115,83,10,4,6,18,10,8,1,0,1,5,3,2,198,88,110,94,38,56,1,1,0,7,0,7,32,16,16,64,33,31,6,1,5
3301590,0,0,0,0,0,0,0,0,0,0,0,0,0,0,0,0,0,0,0,0,0,0,0,0,0,0,0,0,0,0,0,0,0,0,0,0,0,0,0
57924601,49,30,19,48,30,18,1,0,1,4,3,1,0,0,0,1,0,1,51,16,35,25,7,18,0,0,0,5,0,5,16,7,9,5,2,3,0,0,0
57928901,39,19,20,38,19,19,1,0,1,4,0,4,1,0,1,1,0,1,26,9,17,9,3,6,0,0,0,2,0,2,6,2,4,9,4,5,1,0,1
3301320,0,0,0,0,0,0,0,0,0,0,0,0,0,0,0,0,0,0,0,0,0,0,0,0,0,0,0,0,0,0,0,0,0,0,0,0,0,0,0
57934301,25,17,8,25,17,8,0,0,0,5,3,2,0,0,0,0,0,0,19,8,11,12,7,5,0,0,0,0,0,0,2,0,2,5,1,4,0,0,0
50391601,181,101,80,172,97,75,5,2,3,22,11,11,0,0,0,9,4,5,148,67,81,39,16,23,0,0,0,12,0,12,44,27,17,53,24,29,8,6,2
50391603,50,29,21,48,28,20,3,0,3,2,0,2,0,0,0,2,1,1,49,22,27,23,11,12,0,0,0,3,0,3,9,6,3,14,5,9,2,0,2
50391605,80,47,33,78,46,32,3,1,2,8,4,4,3,0,3,2,1,1,58,21,37,16,7,9,0,0,0,6,0,6,21,9,12,15,5,10,1,0,1
50391607,14,9,5,13,8,5,0,0,0,1,1,0,0,0,0,1,1,0,11,7,4,0,0,0,0,0,0,2,0,2,7,5,2,2,2,0,3,1,2
54129001,45,29,16,43,28,15,0,0,0,3,2,1,0,0,0,2,1,1,30,12,18,20,9,11,0,0,0,1,0,1,4,1,3,5,2,3,1,0,1
54129002,14,8,6,14,8,6,0,0,0,2,2,0,0,0,0,0,0,0,13,6,7,5,1,4,0,0,0,0,0,0,0,0,0,8,5,3,0,0,0
54129004,49,29,20,48,29,19,0,0,0,5,4,1,0,0,0,1,0,1,42,19,23,20,9,11,0,0,0,0,0,0,9,3,6,13,7,6,1,0,1
54129005,23,14,9,20,12,8,0,0,0,1,1,0,0,0,0,3,2,1,27,11,16,19,8,11,0,0,0,1,0,1,2,1,1,5,2,3,1,1,0
54136201,28,17,11,27,16,11,0,0,0,2,2,0,0,0,0,1,1,0,18,10,8,8,3,5,0,0,0,0,0,0,1,1,0,9,6,3,2,1,1
54136202,93,51,42,90,50,40,1,0,1,11,6,5,0,0,0,3,1,2,76,33,43,41,18,23,0,0,0,2,0,2,14,5,9,19,10,9,4,2,2
54140101,78,41,37,76,41,35,4,2,2,9,3,6,0,0,0,2,0,2,71,35,36,19,12,7,1,1,0,3,0,3,17,7,10,31,15,16,0,0,0
54143501,71,41,30,70,40,30,1,0,1,4,3,1,1,0,1,1,1,0,65,27,38,21,9,12,0,0,0,4,0,4,10,3,7,30,15,15,2,2,0
0883580,0,0,0,0,0,0,0,0,0,0,0,0,0,0,0,0,0,0,0,0,0,0,0,0,0,0,0,0,0,0,0,0,0,0,0,0,0,0,0
54144301,81,45,36,76,42,34,2,1,1,10,7,3,1,0,1,5,3,2,76,36,40,33,16,17,1,0,1,2,0,2,17,9,8,23,11,12,1,0,1
54146001,71,42,29,65,38,27,1,0,1,5,2,3,1,0,1,6,4,2,63,25,38,27,13,14,0,0,0,3,0,3,23,7,16,10,5,5,7,3,4
54148601,63,38,25,60,35,25,0,0,0,11,6,5,1,0,1,3,3,0,40,20,20,19,11,8,1,0,1,5,1,4,8,4,4,7,4,3,2,1,1
54148602,34,20,14,32,18,14,0,0,0,4,2,2,1,0,1,2,2,0,13,6,7,5,3,2,0,0,0,1,0,1,5,3,2,2,0,2,2,2,0
0679462,0,0,0,0,0,0,0,0,0,0,0,0,0,0,0,0,0,0,0,0,0,0,0,0,0,0,0,0,0,0,0,0,0,0,0,0,0,0,0
54149402,94,54,40,87,53,34,1,1,0,7,3,4,2,0,2,7,1,6,116,55,61,50,19,31,0,0,0,6,0,6,20,9,11,40,27,13,3,2,1
54149403,17,9,8,17,9,8,0,0,0,3,1,2,0,0,0,0,0,0,19,9,10,7,3,4,0,0,0,2,0,2,7,4,3,3,2,1,0,0,0
0883150,0,0,0,0,0,0,0,0,0,0,0,0,0,0,0,0,0,0,0,0,0,0,0,0,0,0,0,0,0,0,0,0,0,0,0,0,0,0,0
54153201,93,54,39,87,51,36,4,1,3,10,5,5,0,0,0,6,3,3,108,65,43,69,41,28,0,0,0,5,0,5,15,11,4,19,13,6,5,1,4
54153202,28,12,16,26,12,14,2,1,1,6,3,3,0,0,0,2,0,2,16,8,8,6,1,5,0,0,0,1,0,1,4,2,2,5,5,0,0,0,0
54155901,20,11,9,19,10,9,0,0,0,3,1,2,0,0,0,1,1,0,18,7,11,1,0,1,0,0,0,3,0,3,7,4,3,7,3,4,0,0,0
54155902,98,55,43,94,52,42,3,1,2,9,5,4,1,0,1,4,3,1,86,39,47,31,15,16,0,0,0,9,0,9,18,6,12,28,18,10,1,0,1
54160501,114,68,46,106,62,44,2,1,1,12,10,2,1,0,1,8,6,2,108,48,60,54,22,32,1,1,0,5,0,5,19,10,9,29,15,14,3,1,2
54162101,26,12,14,25,12,13,0,0,0,5,1,4,0,0,0,1,0,1,18,10,8,13,8,5,0,0,0,0,0,0,0,0,0,5,2,3,0,0,0
54162102,29,15,14,29,15,14,1,0,1,3,2,1,0,0,0,0,0,0,33,17,16,6,3,3,0,0,0,4,0,4,11,8,3,12,6,6,0,0,0
54162103,127,68,59,122,64,58,3,1,2,7,3,4,2,0,2,5,4,1,99,47,52,44,19,25,0,0,0,5,0,5,14,9,5,36,19,17,16,10,6
54162104,38,24,14,38,24,14,1,0,1,5,2,3,0,0,0,0,0,0,33,12,21,18,8,10,0,0,0,1,0,1,2,0,2,12,4,8,0,0,0
54162105,14,7,7,14,7,7,0,0,0,2,0,2,0,0,0,0,0,0,8,6,2,0,0,0,0,0,0,1,0,1,4,3,1,3,3,0,0,0,0
54166401,204,114,90,193,107,86,4,1,3,16,7,9,2,0,2,11,7,4,187,79,108,72,32,40,2,1,1,8,0,8,37,13,24,68,33,35,7,5,2
1164081,0,0,0,0,0,0,0,0,0,0,0,0,0,0,0,0,0,0,0,0,0,0,0,0,0,0,0,0,0,0,0,0,0,0,0,0,0,0,0
54168103,61,36,25,48,31,17,0,0,0,4,3,1,1,0,1,13,5,8,79,35,44,29,13,16,0,0,0,4,0,4,24,14,10,22,8,14,5,5,0
54170201,248,140,108,240,137,103,8,2,6,18,9,9,2,0,2,8,3,5,224,89,135,77,32,45,2,1,1,19,0,19,46,23,23,80,33,47,5,3,2
55708101,144,90,54,138,84,54,2,0,2,12,6,6,0,0,0,6,6,0,107,33,74,60,21,39,0,0,0,6,0,6,26,7,19,15,5,10,3,1,2
56071501,37,19,18,34,16,18,0,0,0,6,3,3,0,0,0,3,3,0,36,20,16,16,7,9,0,0,0,1,0,1,7,5,2,12,8,4,0,0,0
56071502,24,13,11,21,11,10,3,1,2,5,4,1,0,0,0,3,2,1,24,12,12,15,8,7,0,0,0,0,0,0,2,1,1,7,3,4,0,0,0
56071504,100,56,44,96,55,41,5,3,2,8,5,3,0,0,0,4,1,3,59,29,30,20,10,10,0,0,0,4,0,4,11,5,6,24,14,10,2,1,1
56071506,46,31,15,43,30,13,0,0,0,3,1,2,0,0,0,3,1,2,28,12,16,14,7,7,0,0,0,1,0,1,5,2,3,8,3,5,2,1,1
56071507,97,56,41,94,56,38,2,1,1,16,9,7,2,0,2,3,0,3,73,34,39,32,16,16,0,0,0,4,0,4,11,4,7,26,14,12,1,1,0
56071509,34,18,16,34,18,16,0,0,0,4,2,2,1,0,1,0,0,0,23,8,15,7,2,5,3,2,1,1,0,1,6,2,4,6,2,4,1,1,0
56071510,19,10,9,18,10,8,0,0,0,5,3,2,0,0,0,1,0,1,16,12,4,8,5,3,0,0,0,0,0,0,2,2,0,6,5,1,0,0,0
56071511,1439,769,670,1386,739,647,44,22,22,141,59,82,11,0,11,53,30,23,1310,487,823,821,282,539,2,1,1,48,0,48,182,96,86,257,108,149,40,28,12
56071512,387,204,183,377,197,180,14,9,5,54,25,29,2,0,2,10,7,3,300,144,156,163,69,94,1,0,1,5,0,5,26,17,9,105,58,47,3,1,2
56071513,656,348,308,632,340,292,23,12,11,83,40,43,4,0,4,24,8,16,467,212,255,243,108,135,0,0,0,12,0,12,62,31,31,150,73,77,13,4,9
56071514,524,323,201,486,295,191,7,3,4,48,22,26,0,0,0,38,28,10,392,179,213,221,99,122,0,0,0,11,0,11,70,37,33,90,43,47,80,57,23
56071517,843,428,415,805,414,391,23,10,13,91,35,56,6,0,6,38,14,24,510,226,284,218,98,120,2,0,2,33,1,32,111,58,53,146,69,77,23,11,12
56071519,1486,765,721,1432,737,695,45,16,29,156,82,74,14,0,14,54,28,26,1141,467,674,595,219,376,0,0,0,48,0,48,190,94,96,308,154,154,37,18,19
56071520,498,272,226,474,256,218,16,9,7,59,30,29,4,0,4,24,16,8,377,175,202,140,62,78,0,0,0,21,0,21,73,37,36,143,76,67,7,3,4
56071521,165,85,80,158,84,74,7,4,3,14,5,9,0,0,0,7,1,6,92,33,59,38,11,27,0,0,0,5,0,5,16,8,8,33,14,19,7,4,3
56071522,242,128,114,237,125,112,13,6,7,50,28,22,2,0,2,5,3,2,205,94,111,123,55,68,1,0,1,9,0,9,28,21,7,44,18,26,2,0,2
56071523,236,139,97,227,135,92,6,5,1,18,12,6,3,0,3,9,4,5,134,55,79,34,11,23,1,0,1,5,0,5,33,15,18,61,29,32,10,6,4
56071524,173,85,88,168,83,85,9,1,8,7,4,3,7,0,7,5,2,3,84,36,48,7,3,4,0,0,0,7,0,7,30,10,20,40,23,17,5,2,3
56072301,76,40,36,71,37,34,0,0,0,6,4,2,2,0,2,5,3,2,61,24,37,25,11,14,0,0,0,4,0,4,15,5,10,17,8,9,5,3,2
56072302,34,21,13,34,21,13,2,2,0,8,5,3,0,0,0,0,0,0,26,11,15,20,9,11,0,0,0,1,0,1,2,0,2,3,2,1,0,0,0
0037270,0,0,0,0,0,0,0,0,0,0,0,0,0,0,0,0,0,0,0,0,0,0,0,0,0,0,0,0,0,0,0,0,0,0,0,0,0,0,0
56074001,374,215,159,351,197,154,10,3,7,25,14,11,1,0,1,23,18,5,386,158,228,187,77,110,1,0,1,23,0,23,74,34,40,101,47,54,10,4,6
56074003,24,14,10,22,13,9,1,0,1,1,0,1,0,0,0,2,1,1,26,14,12,18,9,9,0,0,0,0,0,0,4,2,2,4,3,1,1,0,1
56074006,22,14,8,20,13,7,0,0,0,2,1,1,0,0,0,2,1,1,27,13,14,19,9,10,0,0,0,0,0,0,6,3,3,2,1,1,0,0,0
1159672,0,0,0,0,0,0,0,0,0,0,0,0,0,0,0,0,0,0,0,0,0,0,0,0,0,0,0,0,0,0,0,0,0,0,0,0,0,0,0
56075801,23,11,12,23,11,12,1,0,1,5,1,4,0,0,0,0,0,0,25,14,11,14,5,9,0,0,0,0,0,0,3,2,1,8,7,1,2,1,1
56075802,1397,748,649,1353,724,629,40,13,27,154,73,81,12,0,12,44,24,20,1121,478,643,548,215,333,5,2,3,43,0,43,172,81,91,353,180,173,54,36,18
56075803,44,28,16,42,27,15,0,0,0,2,2,0,0,0,0,2,1,1,41,19,22,19,8,11,0,0,0,2,0,2,10,6,4,10,5,5,1,1,0
56075804,34,18,16,33,17,16,0,0,0,0,0,0,0,0,0,1,1,0,33,18,15,11,6,5,0,0,0,1,0,1,5,3,2,16,9,7,0,0,0
56075805,34,19,15,32,18,14,2,2,0,5,3,2,0,0,0,2,1,1,35,18,17,13,5,8,1,1,0,3,0,3,6,5,1,12,7,5,0,0,0
56075806,19,9,10,19,9,10,5,1,4,3,1,2,0,0,0,0,0,0,17,8,9,13,8,5,0,0,0,0,0,0,0,0,0,4,0,4,0,0,0
56075807,21,10,11,21,10,11,1,0,1,3,1,2,0,0,0,0,0,0,17,10,7,5,2,3,0,0,0,0,0,0,1,1,0,11,7,4,0,0,0
56075809,26,16,10,23,15,8,1,1,0,6,5,1,0,0,0,3,1,2,13,4,9,7,1,6,0,0,0,0,0,0,2,1,1,4,2,2,0,0,0
56075810,39,22,17,38,22,16,1,0,1,3,1,2,0,0,0,1,0,1,47,22,25,25,13,12,0,0,0,2,0,2,6,4,2,14,5,9,3,2,1
56075812,102,61,41,96,57,39,2,1,1,10,4,6,1,0,1,6,4,2,80,31,49,41,17,24,0,0,0,5,0,5,20,9,11,14,5,9,5,1,4
56075814,87,48,39,83,46,37,2,2,0,9,4,5,0,0,0,4,2,2,62,23,39,30,11,19,0,0,0,3,0,3,6,4,2,23,8,15,2,2,0
56075815,31,14,17,30,14,16,0,0,0,10,2,8,0,0,0,1,0,1,72,31,41,60,27,33,0,0,0,0,0,0,3,1,2,9,3,6,1,1,0
56075816,23,14,9,20,13,7,0,0,0,2,1,1,0,0,0,3,1,2,21,7,14,13,5,8,0,0,0,0,0,0,3,1,2,5,1,4,1,1,0
56075818,25,14,11,24,13,11,0,0,0,4,1,3,0,0,0,1,1,0,12,5,7,4,2,2,0,0,0,0,0,0,4,2,2,4,1,3,0,0,0
56075819,23,14,9,22,14,8,0,0,0,5,1,4,0,0,0,1,0,1,13,7,6,7,4,3,0,0,0,0,0,0,1,1,0,5,2,3,1,0,1
56075820,194,130,64,192,128,64,0,0,0,1,0,1,0,0,0,2,2,0,2,2,0,1,1,0,0,0,0,0,0,0,1,1,0,0,0,0,8,6,2
56075821,85,43,42,81,43,38,2,2,0,5,1,4,3,0,3,4,0,4,75,34,41,22,8,14,0,0,0,4,0,4,23,11,12,26,15,11,7,4,3
56075822,21,14,7,21,14,7,0,0,0,3,3,0,0,0,0,0,0,0,8,3,5,3,1,2,0,0,0,0,0,0,1,1,0,4,1,3,3,2,1
56075823,155,94,61,143,87,56,3,1,2,14,7,7,0,0,0,12,7,5,124,62,62,34,16,18,0,0,0,15,1,14,40,24,16,35,21,14,12,5,7
56078202,119,75,44,115,74,41,3,1,2,18,13,5,0,0,0,4,1,3,100,37,63,53,20,33,0,0,0,5,0,5,15,5,10,27,12,15,8,5,3
56080401,119,70,49,113,66,47,2,0,2,14,7,7,3,0,3,6,4,2,95,44,51,37,16,21,0,0,0,5,0,5,17,10,7,36,18,18,1,1,0
56080402,31,17,14,31,17,14,0,0,0,6,1,5,1,0,1,0,0,0,26,14,12,14,7,7,0,0,0,0,0,0,3,1,2,9,6,3,0,0,0
56080403,39,22,17,38,21,17,1,0,1,6,4,2,1,0,1,1,1,0,20,8,12,7,3,4,0,0,0,1,0,1,4,1,3,8,4,4,0,0,0
0204350,0,0,0,0,0,0,0,0,0,0,0,0,0,0,0,0,0,0,0,0,0,0,0,0,0,0,0,0,0,0,0,0,0,0,0,0,0,0,0
56081201,464,263,201,444,252,192,7,2,5,38,23,15,2,0,2,20,11,9,423,182,241,221,86,135,0,0,0,19,0,19,74,41,33,109,55,54,10,7,3
56081202,25,14,11,25,14,11,1,1,0,1,1,0,0,0,0,0,0,0,20,6,14,7,2,5,0,0,0,2,0,2,2,0,2,9,4,5,0,0,0
56081205,19,10,9,14,7,7,1,0,1,2,1,1,1,0,1,5,3,2,15,6,9,4,1,3,0,0,0,0,0,0,4,0,4,7,5,2,0,0,0
56081206,12,5,7,12,5,7,1,1,0,1,0,1,0,0,0,0,0,0,11,6,5,2,1,1,0,0,0,0,0,0,0,0,0,9,5,4,0,0,0
56081207,21,11,10,20,11,9,0,0,0,1,0,1,1,0,1,1,0,1,18,7,11,13,5,8,0,0,0,0,0,0,1,1,0,4,1,3,2,2,0
56081209,47,25,22,46,24,22,2,2,0,6,3,3,0,0,0,1,1,0,44,24,20,25,12,13,0,0,0,1,0,1,3,1,2,15,11,4,0,0,0
56083901,205,122,83,195,117,78,9,3,6,13,9,4,1,0,1,10,5,5,174,74,100,68,27,41,0,0,0,9,0,9,34,16,18,63,31,32,6,3,3
56085501,18,12,6,15,11,4,0,0,0,1,1,0,0,0,0,3,1,2,15,8,7,14,7,7,0,0,0,0,0,0,0,0,0,1,1,0,0,0,0
56085503,142,85,57,138,81,57,1,1,0,14,4,10,1,0,1,4,4,0,106,52,54,48,23,25,0,0,0,9,0,9,21,11,10,28,18,10,2,0,2
56085505,27,17,10,26,16,10,0,0,0,1,0,1,1,0,1,1,1,0,23,9,14,18,6,12,0,0,0,0,0,0,1,1,0,4,2,2,1,1,0
1983910,0,0,0,0,0,0,0,0,0,0,0,0,0,0,0,0,0,0,0,0,0,0,0,0,0,0,0,0,0,0,0,0,0,0,0,0,0,0,0
56086301,28,18,10,26,17,9,1,0,1,3,3,0,0,0,0,2,1,1,33,13,20,25,10,15,0,0,0,1,0,1,3,1,2,4,2,2,0,0,0
56086302,418,219,199,405,213,192,9,3,6,45,20,25,1,0,1,13,6,7,296,141,155,107,49,58,0,0,0,18,0,18,66,36,30,105,56,49,20,13,7
56086303,14,10,4,14,10,4,1,1,0,1,1,0,0,0,0,0,0,0,15,5,10,7,4,3,0,0,0,2,0,2,4,1,3,2,0,2,1,1,0
56086304,62,34,28,61,34,27,3,1,2,6,3,3,1,0,1,1,0,1,45,22,23,20,12,8,0,0,0,1,0,1,6,3,3,18,7,11,0,0,0
56089801,165,100,65,142,87,55,5,4,1,13,11,2,0,0,0,23,13,10,153,68,85,54,27,27,0,0,0,9,0,9,40,20,20,50,21,29,10,6,4
56089803,50,26,24,47,23,24,0,0,0,5,2,3,0,0,0,3,3,0,45,27,18,25,16,9,0,0,0,1,0,1,5,3,2,14,8,6,1,1,0
0940210,0,0,0,0,0,0,0,0,0,0,0,0,0,0,0,0,0,0,0,0,0,0,0,0,0,0,0,0,0,0,0,0,0,0,0,0,0,0,0
56090101,25,14,11,25,14,11,0,0,0,5,3,2,0,0,0,0,0,0,30,19,11,14,8,6,0,0,0,0,0,0,3,3,0,13,8,5,0,0,0
56090103,808,453,355,774,433,341,12,1,11,105,53,52,2,0,2,34,20,14,711,326,385,305,133,172,5,4,1,40,1,39,131,66,65,230,122,108,27,15,12
56090105,16,10,6,16,10,6,0,0,0,0,0,0,0,0,0,0,0,0,28,14,14,14,7,7,0,0,0,1,0,1,3,1,2,10,6,4,0,0,0
56090107,36,24,12,30,20,10,0,0,0,6,5,1,0,0,0,6,4,2,40,21,19,15,6,9,1,1,0,2,0,2,7,4,3,15,10,5,3,3,0
56090109,46,24,22,43,22,21,0,0,0,4,1,3,0,0,0,3,2,1,35,19,16,17,10,7,1,0,1,0,0,0,5,2,3,12,7,5,0,0,0
56091001,24,15,9,24,15,9,0,0,0,2,1,1,0,0,0,0,0,0,30,9,21,14,7,7,0,0,0,1,0,1,7,2,5,8,0,8,3,1,2
56091002,21,14,7,20,13,7,1,0,1,4,3,1,0,0,0,1,1,0,17,6,11,7,3,4,0,0,0,1,0,1,3,0,3,6,3,3,0,0,0
56091003,40,22,18,37,21,16,1,0,1,4,2,2,0,0,0,3,1,2,29,14,15,16,6,10,1,1,0,1,0,1,1,1,0,10,6,4,0,0,0
56091004,207,112,95,203,110,93,5,1,4,34,24,10,1,0,1,4,2,2,167,78,89,77,37,40,1,1,0,8,0,8,34,19,15,47,21,26,9,6,3
56091005,18,9,9,17,8,9,0,0,0,1,0,1,0,0,0,1,1,0,18,7,11,10,4,6,0,0,0,0,0,0,2,0,2,6,3,3,0,0,0
56091006,18,10,8,17,10,7,0,0,0,4,3,1,1,0,1,1,0,1,18,7,11,10,4,6,0,0,0,1,0,1,3,2,1,4,1,3,0,0,0
56091007,73,38,35,67,38,29,0,0,0,5,3,2,0,0,0,6,0,6,70,31,39,32,14,18,1,1,0,1,0,1,7,1,6,29,15,14,1,1,0
56092801,34,18,16,32,16,16,0,0,0,2,1,1,0,0,0,2,2,0,32,20,12,12,6,6,0,0,0,1,0,1,4,3,1,15,11,4,1,1,0
56092802,16,9,7,16,9,7,1,1,0,1,0,1,0,0,0,0,0,0,14,8,6,6,3,3,0,0,0,1,0,1,3,2,1,4,3,1,0,0,0
56092803,703,388,315,694,385,309,24,12,12,81,37,44,4,0,4,9,3,6,557,252,305,245,105,140,2,2,0,20,0,20,86,47,39,204,98,106,19,13,6
56092804,23,15,8,21,13,8,0,0,0,3,1,2,0,0,0,2,2,0,24,11,13,10,4,6,0,0,0,1,0,1,6,4,2,7,3,4,1,0,1
56092805,21,13,8,19,11,8,1,0,1,0,0,0,0,0,0,2,2,0,23,12,11,12,8,4,0,0,0,2,0,2,5,2,3,4,2,2,1,1,0
56092806,23,13,10,23,13,10,2,1,1,0,0,0,0,0,0,0,0,0,18,7,11,9,2,7,0,0,0,0,0,0,1,1,0,8,4,4,0,0,0
56092807,20,11,9,20,11,9,0,0,0,4,1,3,0,0,0,0,0,0,26,8,18,14,4,10,0,0,0,3,1,2,4,1,3,5,2,3,1,1,0
3199020,0,0,0,0,0,0,0,0,0,0,0,0,0,0,0,0,0,0,0,0,0,0,0,0,0,0,0,0,0,0,0,0,0,0,0,0,0,0,0
56095201,20,11,9,19,10,9,0,0,0,3,1,2,0,0,0,1,1,0,15,8,7,8,4,4,0,0,0,0,0,0,1,1,0,6,3,3,0,0,0
56095203,6,3,3,6,3,3,0,0,0,1,0,1,0,0,0,0,0,0,15,6,9,12,5,7,1,1,0,0,0,0,0,0,0,2,0,2,1,0,1
56095204,306,171,135,290,161,129,6,1,5,51,25,26,1,0,1,16,10,6,292,123,169,188,76,112,2,1,1,9,0,9,31,15,16,62,31,31,4,3,1
56095205,18,8,10,14,7,7,0,0,0,0,0,0,1,0,1,4,1,3,20,7,13,5,3,2,0,0,0,0,0,0,5,1,4,10,3,7,1,0,1
56095206,83,46,37,79,44,35,6,1,5,10,5,5,0,0,0,4,2,2,75,36,39,47,21,26,0,0,0,4,0,4,11,6,5,13,9,4,0,0,0
56095207,19,12,7,18,11,7,2,1,1,1,1,0,0,0,0,1,1,0,20,7,13,11,5,6,0,0,0,1,0,1,5,1,4,3,1,2,0,0,0
56097901,11,10,1,10,9,1,0,0,0,2,1,1,0,0,0,1,1,0,13,7,6,6,3,3,0,0,0,1,0,1,5,4,1,1,0,1,0,0,0
56097902,108,55,53,101,52,49,3,0,3,14,9,5,2,0,2,7,3,4,84,38,46,32,10,22,0,0,0,1,0,1,24,13,11,27,15,12,4,1,3
0800470,0,0,0,0,0,0,0,0,0,0,0,0,0,0,0,0,0,0,0,0,0,0,0,0,0,0,0,0,0,0,0,0,0,0,0,0,0,0,0
0800551,0,0,0,0,0,0,0,0,0,0,0,0,0,0,0,0,0,0,0,0,0,0,0,0,0,0,0,0,0,0,0,0,0,0,0,0,0,0,0
0800552,0,0,0,0,0,0,0,0,0,0,0,0,0,0,0,0,0,0,0,0,0,0,0,0,0,0,0,0,0,0,0,0,0,0,0,0,0,0,0
0801010,0,0,0,0,0,0,0,0,0,0,0,0,0,0,0,0,0,0,0,0,0,0,0,0,0,0,0,0,0,0,0,0,0,0,0,0,0,0,0
0801100,0,0,0,0,0,0,0,0,0,0,0,0,0,0,0,0,0,0,0,0,0,0,0,0,0,0,0,0,0,0,0,0,0,0,0,0,0,0,0
56100201,204,114,90,187,107,80,5,1,4,22,11,11,1,0,1,17,7,10,186,76,110,87,32,55,1,1,0,7,0,7,30,17,13,61,26,35,14,11,3
56100202,31,18,13,31,18,13,0,0,0,4,1,3,1,0,1,0,0,0,21,11,10,8,4,4,0,0,0,1,0,1,3,1,2,9,6,3,0,0,0
56101101,15,8,7,14,7,7,1,0,1,2,1,1,0,0,0,1,1,0,20,8,12,13,6,7,0,0,0,0,0,0,3,1,2,4,1,3,2,2,0
56101102,14,9,5,14,9,5,0,0,0,1,0,1,0,0,0,0,0,0,7,3,4,3,1,2,0,0,0,0,0,0,2,1,1,2,1,1,1,0,1
56101104,144,84,60,136,79,57,2,1,1,16,8,8,1,0,1,8,5,3,115,45,70,51,20,31,0,0,0,7,0,7,22,11,11,35,14,21,3,1,2
56101105,14,5,9,14,5,9,1,0,1,2,0,2,0,0,0,0,0,0,8,4,4,7,3,4,0,0,0,0,0,0,0,0,0,1,1,0,0,0,0
56101107,21,12,9,19,11,8,1,0,1,1,0,1,0,0,0,2,1,1,22,9,13,11,5,6,0,0,0,2,0,2,4,2,2,5,2,3,1,0,1
1185320,0,0,0,0,0,0,0,0,0,0,0,0,0,0,0,0,0,0,0,0,0,0,0,0,0,0,0,0,0,0,0,0,0,0,0,0,0,0,0
3361310,0,0,0,0,0,0,0,0,0,0,0,0,0,0,0,0,0,0,0,0,0,0,0,0,0,0,0,0,0,0,0,0,0,0,0,0,0,0,0
3361570,0,0,0,0,0,0,0,0,0,0,0,0,0,0,0,0,0,0,0,0,0,0,0,0,0,0,0,0,0,0,0,0,0,0,0,0,0,0,0
3361650,0,0,0,0,0,0,0,0,0,0,0,0,0,0,0,0,0,0,0,0,0,0,0,0,0,0,0,0,0,0,0,0,0,0,0,0,0,0,0
56113401,20,13,7,18,12,6,1,0,1,2,2,0,0,0,0,2,1,1,13,4,9,7,2,5,0,0,0,2,0,2,3,1,2,1,1,0,0,0,0
56113402,16,11,5,16,11,5,0,0,0,2,2,0,0,0,0,0,0,0,19,9,10,14,5,9,0,0,0,0,0,0,3,3,0,2,1,1,0,0,0
56113403,7,3,4,7,3,4,1,0,1,1,1,0,0,0,0,0,0,0,26,10,16,17,8,9,0,0,0,3,0,3,5,2,3,1,0,1,0,0,0
56113404,21,13,8,20,12,8,2,2,0,1,0,1,1,0,1,1,1,0,19,10,9,6,3,3,0,0,0,1,0,1,2,2,0,10,5,5,0,0,0
56113405,34,18,16,32,16,16,2,2,0,7,2,5,0,0,0,2,2,0,29,12,17,18,6,12,0,0,0,0,0,0,4,3,1,7,3,4,1,0,1
56113407,2556,1347,1209,2425,1277,1148,75,31,44,354,169,185,9,0,9,131,70,61,2148,945,1203,1030,430,600,7,3,4,101,0,101,388,190,198,622,322,300,81,45,36
56113408,46,26,20,45,25,20,1,0,1,1,0,1,0,0,0,1,1,0,36,15,21,15,6,9,0,0,0,3,0,3,9,3,6,9,6,3,2,1,1
56113409,23,14,9,21,12,9,0,0,0,1,0,1,0,0,0,2,2,0,25,13,12,14,9,5,0,0,0,1,0,1,2,1,1,8,3,5,1,1,0
56113410,12,5,7,12,5,7,0,0,0,0,0,0,0,0,0,0,0,0,12,6,6,1,0,1,0,0,0,0,0,0,4,2,2,7,4,3,0,0,0
56113411,17,9,8,17,9,8,1,0,1,3,1,2,0,0,0,0,0,0,9,3,6,3,1,2,0,0,0,0,0,0,0,0,0,6,2,4,0,0,0
56113412,34,18,16,30,15,15,0,0,0,3,1,2,1,0,1,4,3,1,36,17,19,18,10,8,0,0,0,2,0,2,6,2,4,10,5,5,0,0,0
56113414,10,5,5,9,5,4,0,0,0,0,0,0,0,0,0,1,0,1,12,7,5,6,5,1,0,0,0,1,0,1,3,1,2,2,1,1,0,0,0
56113415,12,6,6,12,6,6,2,1,1,2,0,2,0,0,0,0,0,0,15,9,6,6,4,2,0,0,0,1,0,1,2,0,2,6,5,1,0,0,0
56115102,435,245,190,411,235,176,7,4,3,41,21,20,3,0,3,24,10,14,353,151,202,102,38,64,0,0,0,18,0,18,94,47,47,139,66,73,28,20,8
56115103,20,15,5,17,13,4,0,0,0,4,3,1,0,0,0,3,2,1,14,5,9,6,2,4,0,0,0,1,0,1,5,2,3,2,1,1,2,1,1
56115104,46,27,19,38,24,14,1,0,1,6,4,2,0,0,0,8,3,5,51,28,23,21,11,10,0,0,0,1,0,1,13,4,9,16,13,3,5,3,2
56115105,14,5,9,14,5,9,1,0,1,0,0,0,0,0,0,0,0,0,18,10,8,11,6,5,0,0,0,1,0,1,1,0,1,5,4,1,0,0,0
56115106,59,32,27,57,31,26,2,1,1,4,2,2,2,0,2,2,1,1,54,32,22,23,15,8,0,0,0,2,0,2,9,6,3,20,11,9,2,1,1
56115107,23,14,9,22,13,9,0,0,0,2,0,2,0,0,0,1,1,0,29,14,15,12,4,8,0,0,0,2,0,2,6,4,2,9,6,3,1,0,1
56115108,14,9,5,13,9,4,1,1,0,1,1,0,0,0,0,1,0,1,18,6,12,11,4,7,0,0,0,2,0,2,5,2,3,0,0,0,0,0,0
56115109,104,61,43,84,50,34,0,0,0,5,2,3,0,0,0,20,11,9,111,47,64,40,20,20,0,0,0,4,0,4,32,14,18,35,13,22,3,3,0
1426540,0,0,0,0,0,0,0,0,0,0,0,0,0,0,0,0,0,0,0,0,0,0,0,0,0,0,0,0,0,0,0,0,0,0,0,0,0,0,0
56116902,24,12,12,23,11,12,0,0,0,4,1,3,0,0,0,1,1,0,28,10,18,9,2,7,0,0,0,2,0,2,5,1,4,12,7,5,1,0,1
56116903,31,16,15,28,14,14,3,2,1,2,0,2,0,0,0,3,2,1,20,8,12,15,6,9,1,1,0,0,0,0,4,1,3,0,0,0,1,0,1
56116907,371,190,181,349,179,170,6,1,5,31,16,15,0,0,0,22,11,11,235,100,135,88,38,50,2,2,0,19,0,19,54,22,32,72,38,34,19,11,8
0788410,0,0,0,0,0,0,0,0,0,0,0,0,0,0,0,0,0,0,0,0,0,0,0,0,0,0,0,0,0,0,0,0,0,0,0,0,0,0,0
56118501,46,28,18,46,28,18,1,1,0,3,2,1,0,0,0,0,0,0,50,30,20,22,12,10,0,0,0,3,0,3,13,11,2,12,7,5,2,1,1
56118502,24,15,9,19,12,7,0,0,0,3,2,1,0,0,0,5,3,2,18,9,9,5,3,2,0,0,0,3,0,3,4,3,1,6,3,3,0,0,0
56118503,71,41,30,67,39,28,0,0,0,8,4,4,1,0,1,4,2,2,56,25,31,22,11,11,1,1,0,3,0,3,13,5,8,17,8,9,2,0,2
56118504,381,211,170,337,189,148,7,5,2,35,16,19,1,0,1,44,22,22,332,152,180,98,46,52,0,0,0,13,0,13,85,38,47,136,68,68,32,14,18
56118505,98,55,43,93,52,41,2,2,0,24,12,12,1,0,1,5,3,2,74,34,40,33,15,18,0,0,0,4,0,4,16,9,7,21,10,11,4,4,0
56119301,35,24,11,31,21,10,2,2,0,5,2,3,0,0,0,4,3,1,26,11,15,16,9,7,1,0,1,1,0,1,3,1,2,5,1,4,1,0,1
56119302,37,19,18,36,18,18,2,0,2,8,5,3,0,0,0,1,1,0,24,7,17,14,3,11,0,0,0,0,0,0,1,0,1,9,4,5,1,0,1
56119303,77,46,31,76,46,30,1,0,1,3,1,2,0,0,0,1,0,1,47,19,28,31,14,17,0,0,0,2,0,2,6,2,4,8,3,5,2,1,1
3361810,0,0,0,0,0,0,0,0,0,0,0,0,0,0,0,0,0,0,0,0,0,0,0,0,0,0,0,0,0,0,0,0,0,0,0,0,0,0,0
56120701,49,32,17,49,32,17,2,1,1,4,1,3,0,0,0,0,0,0,41,16,25,16,6,10,0,0,0,5,0,5,10,7,3,10,3,7,0,0,0
56120702,21,11,10,21,11,10,0,0,0,5,2,3,0,0,0,0,0,0,20,12,8,10,7,3,0,0,0,3,0,3,3,3,0,4,2,2,1,1,0
56120704,17,10,7,16,9,7,0,0,0,3,2,1,0,0,0,1,1,0,20,11,9,13,6,7,0,0,0,0,0,0,4,2,2,3,3,0,0,0,0
56120705,38,19,19,36,18,18,0,0,0,4,3,1,0,0,0,2,1,1,19,11,8,8,6,2,0,0,0,0,0,0,1,1,0,10,4,6,0,0,0
56120706,22,12,10,21,12,9,1,1,0,2,0,2,0,0,0,1,0,1,19,8,11,5,2,3,0,0,0,0,0,0,3,1,2,11,5,6,0,0,0
56120707,7,3,4,6,3,3,0,0,0,1,1,0,0,0,0,1,0,1,22,11,11,14,7,7,0,0,0,0,0,0,3,1,2,5,3,2,0,0,0
56120708,21,14,7,19,12,7,0,0,0,4,2,2,0,0,0,2,2,0,21,6,15,8,2,6,0,0,0,3,0,3,8,3,5,2,1,1,0,0,0
56120709,18,8,10,14,8,6,0,0,0,1,1,0,0,0,0,4,0,4,30,13,17,16,8,8,0,0,0,1,0,1,1,1,0,12,4,8,1,1,0
56120710,399,223,176,376,209,167,12,6,6,27,14,13,6,0,6,23,14,9,372,170,202,143,68,75,1,0,1,28,0,28,95,45,50,105,57,48,20,9,11
56120711,17,10,7,16,10,6,0,0,0,1,1,0,0,0,0,1,0,1,8,4,4,2,1,1,0,0,0,1,0,1,3,2,1,2,1,1,0,0,0
3024810,0,0,0,0,0,0,0,0,0,0,0,0,0,0,0,0,0,0,0,0,0,0,0,0,0,0,0,0,0,0,0,0,0,0,0,0,0,0,0
56121501,45,27,18,44,27,17,2,1,1,4,2,2,0,0,0,1,0,1,35,14,21,13,5,8,0,0,0,1,0,1,7,3,4,14,6,8,0,0,0
56121502,48,31,17,48,31,17,0,0,0,5,4,1,0,0,0,0,0,0,40,16,24,14,4,10,0,0,0,3,0,3,12,6,6,11,6,5,1,0,1
56121503,13,7,6,12,7,5,0,0,0,2,0,2,0,0,0,1,0,1,17,10,7,7,3,4,0,0,0,1,0,1,3,3,0,6,4,2,0,0,0
56121504,21,12,9,19,10,9,0,0,0,1,0,1,0,0,0,2,2,0,16,10,6,9,8,1,0,0,0,0,0,0,2,1,1,5,1,4,0,0,0
56121505,78,42,36,78,42,36,3,1,2,10,5,5,0,0,0,0,0,0,57,30,27,38,18,20,0,0,0,0,0,0,5,3,2,14,9,5,1,0,1
56121508,705,362,343,685,350,335,22,11,11,67,34,33,6,0,6,20,12,8,619,245,374,358,128,230,0,0,0,23,0,23,85,38,47,153,79,74,7,5,2
56121510,427,233,194,411,225,186,5,2,3,44,23,21,2,0,2,16,8,8,302,134,168,121,48,73,0,0,0,16,0,16,51,28,23,114,58,56,6,1,5
56121511,766,424,342,743,409,334,27,10,17,90,43,47,5,0,5,23,15,8,600,272,328,282,115,167,2,2,0,34,0,34,98,54,44,184,101,83,15,7,8
56121512,646,376,270,602,352,250,7,4,3,50,26,24,4,0,4,44,24,20,428,191,237,183,79,104,4,3,1,18,0,18,98,47,51,125,62,63,46,26,20
56121514,391,212,179,376,204,172,21,14,7,37,16,21,1,0,1,15,8,7,246,111,135,91,38,53,0,0,0,10,0,10,40,19,21,105,54,51,4,1,3
56121515,552,294,258,538,285,253,19,8,11,80,36,44,3,0,3,14,9,5,443,191,252,245,105,140,1,0,1,14,0,14,56,28,28,127,58,69,11,5,6
56121518,528,272,256,508,261,247,7,3,4,57,24,33,3,0,3,20,11,9,394,162,232,217,71,146,1,1,0,23,0,23,66,34,32,87,56,31,11,4,7
56122301,286,160,126,278,155,123,11,4,7,29,18,11,2,0,2,8,5,3,215,101,114,80,32,48,0,0,0,10,0,10,37,22,15,88,47,41,3,2,1
56123101,111,62,49,105,59,46,2,0,2,13,6,7,0,0,0,6,3,3,100,44,56,49,25,24,0,0,0,3,0,3,12,6,6,36,13,23,3,3,0
56125803,26,19,7,22,17,5,0,0,0,4,4,0,0,0,0,4,2,2,28,10,18,16,6,10,0,0,0,1,0,1,7,4,3,4,0,4,2,0,2
56125804,175,97,78,168,94,74,4,1,3,22,11,11,1,0,1,7,3,4,192,82,110,84,36,48,2,1,1,11,0,11,43,22,21,52,23,29,15,5,10
56129101,16,7,9,14,5,9,0,0,0,2,1,1,0,0,0,2,2,0,22,10,12,14,5,9,0,0,0,0,0,0,1,1,0,7,4,3,0,0,0
56129102,102,62,40,96,58,38,2,1,1,11,3,8,1,0,1,6,4,2,88,36,52,38,17,21,0,0,0,8,0,8,20,7,13,22,12,10,4,4,0
56130401,26,17,9,25,16,9,1,1,0,4,2,2,0,0,0,1,1,0,16,10,6,9,5,4,0,0,0,1,0,1,2,2,0,4,3,1,0,0,0
56130402,42,27,15,39,25,14,0,0,0,4,1,3,0,0,0,3,2,1,37,18,19,19,9,10,0,0,0,2,0,2,8,3,5,8,6,2,1,1,0
56130403,15,8,7,14,7,7,0,0,0,2,0,2,0,0,0,1,1,0,13,5,8,11,4,7,0,0,0,0,0,0,0,0,0,2,1,1,0,0,0
56130404,21,10,11,21,10,11,1,0,1,7,3,4,1,0,1,0,0,0,17,10,7,11,6,5,0,0,0,0,0,0,2,0,2,4,4,0,0,0,0
56130405,83,47,36,80,44,36,1,0,1,3,2,1,0,0,0,3,3,0,78,35,43,46,18,28,0,0,0,3,0,3,13,9,4,16,8,8,6,3,3
56688801,16,9,7,16,9,7,1,1,0,7,4,3,0,0,0,0,0,0,10,6,4,5,2,3,0,0,0,0,0,0,0,0,0,5,4,1,1,1,0
56688802,18,10,8,18,10,8,0,0,0,0,0,0,1,0,1,0,0,0,27,11,16,15,7,8,1,1,0,2,0,2,7,3,4,2,0,2,3,3,0
57945902,144,85,59,142,85,57,5,3,2,28,14,14,1,0,1,2,0,2,149,59,90,88,33,55,0,0,0,0,0,0,12,4,8,49,22,27,1,1,0
57946702,37,19,18,34,18,16,1,1,0,1,1,0,0,0,0,3,1,2,21,10,11,13,4,9,0,0,0,0,0,0,6,4,2,2,2,0,3,1,2
57946703,28,17,11,27,16,11,3,0,3,0,0,0,0,0,0,1,1,0,28,9,19,13,4,9,1,0,1,2,0,2,2,0,2,10,5,5,0,0,0
57949101,32,18,14,31,18,13,0,0,0,3,2,1,2,0,2,1,0,1,36,18,18,13,7,6,0,0,0,2,0,2,12,6,6,9,5,4,1,0,1
57949102,67,35,32,64,35,29,3,0,3,4,3,1,1,0,1,3,0,3,52,26,26,33,17,16,0,0,0,0,0,0,8,4,4,11,5,6,3,1,2
0733770,0,0,0,0,0,0,0,0,0,0,0,0,0,0,0,0,0,0,0,0,0,0,0,0,0,0,0,0,0,0,0,0,0,0,0,0,0,0,0
53879501,18,10,8,18,10,8,0,0,0,2,2,0,0,0,0,0,0,0,29,14,15,14,7,7,0,0,0,1,0,1,5,1,4,9,6,3,1,0,1
53879502,264,146,118,256,143,113,11,1,10,17,9,8,1,0,1,8,3,5,236,108,128,110,51,59,2,0,2,10,0,10,39,19,20,75,38,37,18,10,8
53881701,107,53,54,99,50,49,1,0,1,5,0,5,3,0,3,8,3,5,83,45,38,39,23,16,2,1,1,3,0,3,17,9,8,22,12,10,5,2,3
53886801,72,41,31,71,40,31,2,2,0,6,3,3,1,0,1,1,1,0,47,22,25,6,4,2,0,0,0,3,0,3,11,4,7,27,14,13,0,0,0
53886803,42,24,18,41,23,18,1,1,0,4,1,3,0,0,0,1,1,0,44,20,24,14,8,6,1,0,1,4,0,4,7,4,3,18,8,10,0,0,0
53886804,64,35,29,63,35,28,4,1,3,1,0,1,2,0,2,1,0,1,36,21,15,9,4,5,0,0,0,1,0,1,9,6,3,17,11,6,0,0,0
53890601,37,23,14,34,22,12,2,0,2,1,1,0,0,0,0,3,1,2,37,18,19,13,7,6,0,0,0,3,0,3,7,5,2,14,6,8,0,0,0
53890602,72,36,36,69,35,34,1,0,1,8,3,5,0,0,0,3,1,2,80,42,38,37,19,18,0,0,0,2,0,2,14,7,7,27,16,11,3,1,2
53890603,23,13,10,20,11,9,1,0,1,6,3,3,0,0,0,3,2,1,17,7,10,5,3,2,0,0,0,2,0,2,4,2,2,6,2,4,2,1,1
53890606,12,7,5,12,7,5,0,0,0,3,2,1,0,0,0,0,0,0,14,4,10,9,4,5,0,0,0,0,0,0,3,0,3,2,0,2,1,0,1
53892201,37,21,16,35,21,14,1,1,0,1,1,0,0,0,0,2,0,2,24,11,13,9,3,6,0,0,0,1,0,1,4,3,1,10,5,5,1,1,0
53892202,101,52,49,95,49,46,7,3,4,8,4,4,1,0,1,6,3,3,86,41,45,39,18,21,0,0,0,4,0,4,15,6,9,28,17,11,2,1,1
53902301,18,12,6,16,12,4,0,0,0,2,2,0,1,0,1,2,0,2,13,6,7,5,1,4,0,0,0,0,0,0,3,1,2,5,4,1,2,0,2
53902302,15,8,7,14,8,6,0,0,0,0,0,0,0,0,0,1,0,1,13,4,9,10,4,6,0,0,0,0,0,0,0,0,0,3,0,3,0,0,0
53902303,28,13,15,27,13,14,2,2,0,2,0,2,0,0,0,1,0,1,35,17,18,11,8,3,1,1,0,3,0,3,8,2,6,12,6,6,0,0,0
53902305,16,10,6,13,7,6,0,0,0,2,1,1,0,0,0,3,3,0,19,10,9,9,5,4,0,0,0,1,0,1,5,2,3,4,3,1,2,1,1
53902306,28,16,12,25,15,10,0,0,0,7,4,3,0,0,0,3,1,2,16,10,6,10,5,5,1,1,0,0,0,0,3,2,1,2,2,0,1,1,0
53902308,115,58,57,112,56,56,3,0,3,6,3,3,0,0,0,3,2,1,86,36,50,36,14,22,1,1,0,2,0,2,9,5,4,38,16,22,2,2,0
53902310,26,15,11,23,14,9,2,2,0,4,3,1,0,0,0,3,1,2,13,5,8,9,4,5,0,0,0,0,0,0,1,0,1,3,1,2,1,1,0
53907401,11,6,5,10,6,4,0,0,0,2,0,2,0,0,0,1,0,1,17,6,11,8,4,4,1,1,0,1,0,1,3,0,3,4,1,3,1,1,0
53907402,28,11,17,26,10,16,1,0,1,3,2,1,0,0,0,2,1,1,20,7,13,9,3,6,0,0,0,1,0,1,3,1,2,7,3,4,2,2,0
53907403,36,23,13,34,21,13,0,0,0,1,0,1,0,0,0,2,2,0,26,12,14,11,8,3,0,0,0,1,0,1,7,3,4,7,1,6,8,7,1
53907404,45,28,17,43,26,17,2,1,1,4,2,2,0,0,0,2,2,0,26,13,13,15,7,8,0,0,0,0,0,0,1,1,0,10,5,5,1,1,0
1540320,0,0,0,0,0,0,0,0,0,0,0,0,0,0,0,0,0,0,0,0,0,0,0,0,0,0,0,0,0,0,0,0,0,0,0,0,0,0,0
1540410,0,0,0,0,0,0,0,0,0,0,0,0,0,0,0,0,0,0,0,0,0,0,0,0,0,0,0,0,0,0,0,0,0,0,0,0,0,0,0
53911201,58,31,27,55,29,26,1,0,1,12,7,5,0,0,0,3,2,1,57,27,30,29,12,17,0,0,0,2,0,2,10,5,5,16,10,6,0,0,0
53911202,38,19,19,37,18,19,0,0,0,2,0,2,0,0,0,1,1,0,39,20,19,19,11,8,0,0,0,2,0,2,7,5,2,11,4,7,0,0,0
53911203,14,9,5,14,9,5,0,0,0,1,1,0,0,0,0,0,0,0,6,1,5,3,1,2,0,0,0,1,0,1,0,0,0,2,0,2,0,0,0
53911204,123,77,46,119,76,43,3,2,1,10,6,4,0,0,0,4,1,3,101,40,61,49,20,29,0,0,0,5,0,5,15,6,9,32,14,18,2,1,1
53911206,13,8,5,12,8,4,0,0,0,1,1,0,0,0,0,1,0,1,12,4,8,2,1,1,0,0,0,0,0,0,2,0,2,8,3,5,0,0,0
53927901,341,189,152,323,178,145,6,4,2,32,17,15,0,0,0,18,11,7,256,108,148,116,46,70,1,0,1,11,0,11,32,11,21,96,51,45,4,2,2
53927903,10,7,3,10,7,3,0,0,0,2,1,1,0,0,0,0,0,0,10,4,6,6,2,4,1,1,0,1,0,1,1,0,1,1,1,0,0,0,0
53927904,847,450,397,803,431,372,16,9,7,90,49,41,5,1,4,44,19,25,748,345,403,349,149,200,2,2,0,29,0,29,126,68,58,242,126,116,37,20,17
53937601,13,8,5,13,8,5,0,0,0,1,1,0,0,0,0,0,0,0,8,4,4,3,1,2,0,0,0,1,0,1,3,2,1,1,1,0,0,0,0
53937602,54,31,23,52,30,22,1,0,1,4,2,2,0,0,0,2,1,1,50,20,30,24,7,17,0,0,0,2,0,2,8,6,2,16,7,9,0,0,0
53943101,23,12,11,22,12,10,1,0,1,5,3,2,0,0,0,1,0,1,23,11,12,12,6,6,0,0,0,1,0,1,4,0,4,6,5,1,0,0,0
53943102,108,58,50,103,56,47,1,0,1,7,4,3,2,0,2,5,2,3,85,44,41,34,18,16,0,0,0,5,0,5,16,9,7,30,17,13,3,3,0
53943103,44,21,23,43,20,23,1,0,1,9,4,5,0,0,0,1,1,0,45,25,20,27,15,12,0,0,0,0,0,0,3,1,2,15,9,6,0,0,0
1171450,0,0,0,0,0,0,0,0,0,0,0,0,0,0,0,0,0,0,0,0,0,0,0,0,0,0,0,0,0,0,0,0,0,0,0,0,0,0,0
53947301,69,40,29,66,38,28,1,1,0,7,3,4,0,0,0,3,2,1,57,27,30,29,13,16,0,0,0,1,0,1,6,1,5,21,13,8,2,2,0
53948101,234,125,109,229,123,106,5,3,2,27,16,11,3,0,3,5,2,3,231,107,124,107,41,66,0,0,0,9,0,9,33,20,13,82,46,36,3,2,1
53953801,51,29,22,46,25,21,4,2,2,9,5,4,0,0,0,5,4,1,39,20,19,23,13,10,0,0,0,3,0,3,8,2,6,5,5,0,2,2,0
53955401,11,7,4,11,7,4,0,0,0,0,0,0,0,0,0,0,0,0,10,6,4,6,4,2,0,0,0,0,0,0,1,0,1,3,2,1,1,1,0
53955403,17,10,7,17,10,7,3,1,2,1,0,1,0,0,0,0,0,0,24,8,16,6,3,3,0,0,0,3,0,3,10,4,6,5,1,4,0,0,0
53955404,22,12,10,21,11,10,2,2,0,0,0,0,0,0,0,1,1,0,16,9,7,9,5,4,0,0,0,1,0,1,2,1,1,4,3,1,0,0,0
53955405,45,23,22,39,20,19,2,0,2,4,2,2,0,0,0,6,3,3,26,12,14,13,6,7,0,0,0,0,0,0,4,1,3,9,5,4,2,0,2
53955406,21,13,8,20,12,8,0,0,0,1,1,0,0,0,0,1,1,0,28,12,16,13,6,7,0,0,0,3,0,3,5,1,4,7,5,2,0,0,0
1718082,0,0,0,0,0,0,0,0,0,0,0,0,0,0,0,0,0,0,0,0,0,0,0,0,0,0,0,0,0,0,0,0,0,0,0,0,0,0,0
53961901,19,11,8,19,11,8,1,0,1,6,3,3,0,0,0,0,0,0,15,6,9,9,4,5,0,0,0,1,0,1,1,0,1,4,2,2,1,1,0
53961902,29,15,14,28,14,14,0,0,0,3,1,2,0,0,0,1,1,0,15,9,6,7,5,2,0,0,0,0,0,0,4,1,3,4,3,1,0,0,0
53961903,22,12,10,21,11,10,0,0,0,1,1,0,0,0,0,1,1,0,27,12,15,15,6,9,0,0,0,0,0,0,1,0,1,11,6,5,1,1,0
0510802,0,0,0,0,0,0,0,0,0,0,0,0,0,0,0,0,0,0,0,0,0,0,0,0,0,0,0,0,0,0,0,0,0,0,0,0,0,0,0
0510980,0,0,0,0,0,0,0,0,0,0,0,0,0,0,0,0,0,0,0,0,0,0,0,0,0,0,0,0,0,0,0,0,0,0,0,0,0,0,0
3018680,0,0,0,0,0,0,0,0,0,0,0,0,0,0,0,0,0,0,0,0,0,0,0,0,0,0,0,0,0,0,0,0,0,0,0,0,0,0,0
3018840,0,0,0,0,0,0,0,0,0,0,0,0,0,0,0,0,0,0,0,0,0,0,0,0,0,0,0,0,0,0,0,0,0,0,0,0,0,0,0
3364410,0,0,0,0,0,0,0,0,0,0,0,0,0,0,0,0,0,0,0,0,0,0,0,0,0,0,0,0,0,0,0,0,0,0,0,0,0,0,0
55448101,16,7,9,15,7,8,0,0,0,1,1,0,1,0,1,1,0,1,9,6,3,3,2,1,0,0,0,0,0,0,2,2,0,4,2,2,0,0,0
55448102,31,19,12,31,19,12,0,0,0,3,2,1,0,0,0,0,0,0,36,16,20,14,6,8,1,1,0,0,0,0,10,5,5,11,4,7,3,2,1
55448103,29,15,14,28,15,13,1,0,1,0,0,0,0,0,0,1,0,1,22,16,6,7,5,2,0,0,0,1,0,1,4,3,1,10,8,2,1,0,1
55448104,57,33,24,52,29,23,1,1,0,1,0,1,0,0,0,5,4,1,46,20,26,0,0,0,5,1,4,0,0,0,19,7,12,22,12,10,8,4,4
55448105,470,259,211,459,255,204,18,10,8,56,36,20,1,0,1,11,4,7,441,195,246,190,88,102,4,3,1,17,0,17,57,23,34,173,81,92,8,3,5
55448106,31,13,18,30,12,18,3,1,2,3,0,3,0,0,0,1,1,0,16,10,6,6,4,2,0,0,0,1,0,1,4,3,1,5,3,2,0,0,0
55448107,51,26,25,48,25,23,1,1,0,6,3,3,0,0,0,3,1,2,52,26,26,22,12,10,0,0,0,4,0,4,14,8,6,12,6,6,1,1,0
55448108,74,42,32,68,38,30,3,2,1,10,6,4,0,0,0,6,4,2,67,32,35,36,18,18,0,0,0,3,0,3,11,4,7,17,10,7,1,1,0
55448109,23,15,8,22,15,7,0,0,0,0,0,0,0,0,0,1,0,1,17,10,7,10,6,4,0,0,0,1,0,1,2,1,1,4,3,1,1,1,0
55448110,89,42,47,87,40,47,3,1,2,6,3,3,0,0,0,2,2,0,55,31,24,17,10,7,0,0,0,3,0,3,14,10,4,21,11,10,0,0,0
55448111,48,29,19,46,27,19,1,0,1,5,3,2,0,0,0,2,2,0,33,14,19,17,7,10,0,0,0,3,0,3,7,4,3,6,3,3,3,0,3
55448112,89,42,47,80,38,42,4,0,4,4,3,1,0,0,0,9,4,5,76,33,43,39,16,23,0,0,0,3,0,3,9,4,5,25,13,12,7,3,4
55448113,25,17,8,22,15,7,0,0,0,3,3,0,0,0,0,3,2,1,23,10,13,15,6,9,0,0,0,1,0,1,0,0,0,7,4,3,1,1,0
55448114,24,15,9,23,15,8,0,0,0,3,2,1,0,0,0,1,0,1,32,11,21,12,3,9,0,0,0,4,0,4,7,5,2,9,3,6,1,0,1
55448115,16,10,6,15,9,6,0,0,0,3,1,2,0,0,0,1,1,0,8,5,3,4,4,0,0,0,0,1,0,1,2,0,2,1,1,0,0,0,0
55448116,12,7,5,11,7,4,1,0,1,2,2,0,0,0,0,1,0,1,14,9,5,10,6,4,0,0,0,0,0,0,1,1,0,3,2,1,0,0,0
55448117,281,158,123,272,154,118,4,2,2,30,16,14,2,0,2,9,4,5,269,128,141,138,61,77,0,0,0,9,2,7,35,23,12,87,42,45,3,1,2
55448118,59,34,25,56,33,23,1,0,1,4,1,3,0,0,0,3,1,2,50,29,21,16,10,6,0,0,0,2,0,2,11,5,6,21,14,7,3,1,2
55448119,17,8,9,16,7,9,0,0,0,3,2,1,0,0,0,1,1,0,11,4,7,2,2,0,0,0,0,1,0,1,2,1,1,6,1,5,0,0,0
55448120,12,8,4,11,7,4,0,0,0,3,2,1,0,0,0,1,1,0,11,3,8,5,1,4,0,0,0,2,0,2,1,0,1,3,2,1,0,0,0
55448121,115,62,53,113,62,51,4,4,0,18,8,10,0,0,0,2,0,2,92,46,46,47,22,25,0,0,0,4,0,4,12,6,6,29,18,11,2,2,0
55448123,41,25,16,41,25,16,1,1,0,2,1,1,0,0,0,0,0,0,45,19,26,16,7,9,0,0,0,4,0,4,10,5,5,15,7,8,0,0,0
55448124,52,26,26,51,26,25,2,1,1,3,1,2,0,0,0,1,0,1,48,26,22,25,12,13,0,0,0,1,0,1,8,6,2,14,8,6,9,6,3
55448125,126,75,51,121,74,47,4,0,4,10,6,4,1,1,0,5,1,4,76,25,51,26,7,19,0,0,0,6,0,6,17,7,10,27,11,16,4,2,2
55448126,218,138,80,197,125,72,6,1,5,11,7,4,0,0,0,21,13,8,107,47,60,38,16,22,2,1,1,6,0,6,22,9,13,39,21,18,41,21,20
55448127,38,20,18,35,19,16,0,0,0,7,4,3,0,0,0,3,1,2,34,19,15,19,9,10,0,0,0,2,0,2,6,6,0,7,4,3,0,0,0
55448128,57,30,27,52,29,23,3,2,1,4,1,3,0,0,0,5,1,4,53,26,27,26,12,14,0,0,0,3,0,3,6,3,3,18,11,7,4,2,2
55448129,1038,543,495,973,514,459,22,8,14,118,52,66,12,0,12,65,29,36,1102,446,656,590,215,375,5,2,3,50,0,50,192,90,102,265,139,126,46,24,22
55448130,928,478,450,798,423,375,24,11,13,58,22,36,1,0,1,130,55,75,889,382,507,296,112,184,4,3,1,37,1,36,234,108,126,318,158,160,89,37,52
55448131,953,511,442,872,470,402,30,8,22,91,42,49,6,0,6,81,41,40,804,348,456,289,115,174,5,3,2,38,0,38,170,73,97,302,157,145,67,37,30
55448132,1269,662,607,1181,613,568,39,14,25,144,62,82,6,0,6,88,49,39,1141,485,656,536,207,329,3,1,2,47,1,46,186,93,93,369,183,186,66,36,30
55448133,1173,692,481,1040,603,437,30,15,15,96,43,53,3,0,3,133,89,44,897,394,503,387,157,230,5,3,2,33,0,33,184,81,103,288,153,135,240,162,78
55448134,1031,539,492,947,492,455,35,14,21,106,50,56,6,0,6,84,47,37,784,345,439,302,120,182,7,3,4,43,0,43,173,81,92,259,141,118,51,29,22
55448136,1771,902,869,1664,836,828,42,18,24,243,98,145,8,0,8,107,66,41,1995,839,1156,1145,457,688,7,5,2,52,1,51,248,116,132,543,260,283,77,43,34
55448138,20,10,10,20,10,10,1,0,1,0,0,0,0,0,0,0,0,0,8,3,5,3,2,1,0,0,0,0,0,0,3,0,3,2,1,1,1,1,0
55448139,393,223,170,366,212,154,14,6,8,61,37,24,1,0,1,27,11,16,395,168,227,249,97,152,0,0,0,7,1,6,41,20,21,98,50,48,14,8,6
55448140,293,152,141,280,142,138,9,5,4,51,23,28,1,0,1,13,10,3,255,122,133,102,45,57,2,1,1,13,0,13,43,17,26,95,59,36,17,12,5
55448141,414,220,194,382,207,175,6,3,3,17,7,10,4,0,4,32,13,19,241,114,127,89,40,49,4,2,2,15,0,15,63,33,30,70,39,31,26,16,10
55448142,1488,751,737,1403,710,693,23,12,11,129,55,74,6,0,6,85,41,44,1049,463,586,462,183,279,4,2,2,41,0,41,200,98,102,342,180,162,64,36,28
55448143,1990,1035,955,1871,979,892,54,23,31,199,85,114,16,0,16,119,56,63,1979,848,1131,1034,398,636,8,4,4,62,1,61,300,144,156,575,301,274,93,46,47
55448144,463,239,224,448,233,215,14,7,7,60,29,31,4,0,4,15,6,9,370,173,197,132,61,71,1,1,0,15,0,15,60,23,37,162,88,74,7,6,1
55448145,109,61,48,103,57,46,3,2,1,10,6,4,3,0,3,6,4,2,112,55,57,61,31,30,1,0,1,4,0,4,20,10,10,26,14,12,4,2,2
0004850,0,0,0,0,0,0,0,0,0,0,0,0,0,0,0,0,0,0,0,0,0,0,0,0,0,0,0,0,0,0,0,0,0,0,0,0,0,0,0
55449901,48,30,18,45,28,17,2,1,1,7,4,3,0,0,0,3,2,1,34,12,22,13,4,9,0,0,0,3,0,3,9,4,5,9,4,5,1,1,0
55449902,43,23,20,40,21,19,2,0,2,5,3,2,0,0,0,3,2,1,79,41,38,34,17,17,0,0,0,5,0,5,14,5,9,26,19,7,1,0,1
55449903,274,159,115,260,152,108,9,5,4,17,10,7,0,0,0,14,7,7,242,119,123,113,50,63,1,0,1,7,0,7,30,18,12,91,51,40,11,6,5
55449904,15,9,6,15,9,6,0,0,0,3,2,1,0,0,0,0,0,0,12,7,5,8,3,5,0,0,0,0,0,0,2,2,0,2,2,0,0,0,0
55449905,17,7,10,15,6,9,0,0,0,0,0,0,0,0,0,2,1,1,15,7,8,6,3,3,0,0,0,0,0,0,1,0,1,8,4,4,0,0,0
55449906,31,15,16,30,15,15,1,1,0,1,0,1,0,0,0,1,0,1,26,12,14,16,7,9,0,0,0,1,0,1,5,3,2,4,2,2,1,0,1
55449907,42,25,17,34,22,12,1,1,0,7,5,2,0,0,0,8,3,5,28,10,18,6,2,4,0,0,0,3,0,3,8,3,5,11,5,6,1,0,1
55449908,73,46,27,68,41,27,0,0,0,4,3,1,0,0,0,5,5,0,78,35,43,45,19,26,0,0,0,2,0,2,10,6,4,21,10,11,4,2,2
55449909,1454,757,697,1370,718,652,41,21,20,147,62,85,9,0,9,84,39,45,1250,580,670,599,245,354,5,2,3,39,0,39,190,103,87,417,230,187,62,34,28
55449911,2111,1102,1009,1963,1016,947,44,18,26,172,71,101,15,0,15,148,86,62,1983,845,1138,1013,399,614,3,1,2,65,0,65,334,161,173,568,284,284,204,119,85
55449912,271,147,124,248,135,113,4,2,2,20,9,11,4,0,4,23,12,11,305,137,168,115,45,70,2,1,1,12,0,12,76,35,41,100,56,44,23,8,15
55449913,100,53,47,89,48,41,2,2,0,11,4,7,0,0,0,11,5,6,148,69,79,58,24,34,0,0,0,2,0,2,42,23,19,46,22,24,13,5,8
55449914,547,288,259,502,264,238,17,7,10,36,14,22,2,0,2,45,24,21,499,227,272,223,98,125,2,0,2,17,0,17,96,47,49,161,82,79,60,33,27
55449915,563,322,241,526,297,229,14,7,7,54,28,26,1,0,1,37,25,12,496,204,292,205,71,134,1,0,1,16,0,16,100,49,51,174,84,90,62,34,28
55449916,311,171,140,293,164,129,10,2,8,31,16,15,4,0,4,18,7,11,306,140,166,138,65,73,1,1,0,16,0,16,58,23,35,93,51,42,20,9,11
55449917,18,10,8,18,10,8,1,1,0,1,0,1,0,0,0,0,0,0,18,8,10,5,2,3,1,1,0,3,0,3,5,3,2,4,2,2,0,0,0
55449918,186,102,84,174,97,77,3,1,2,11,7,4,0,0,0,12,5,7,154,69,85,51,21,30,1,1,0,10,0,10,35,18,17,57,29,28,17,10,7
0304222,0,0,0,0,0,0,0,0,0,0,0,0,0,0,0,0,0,0,0,0,0,0,0,0,0,0,0,0,0,0,0,0,0,0,0,0,0,0,0
55450201,413,232,181,390,222,168,11,7,4,41,24,17,1,0,1,23,10,13,371,168,203,162,60,102,1,1,0,12,0,12,61,34,27,135,73,62,18,10,8
55450203,42,25,17,37,21,16,0,0,0,4,1,3,0,0,0,5,4,1,43,15,28,21,6,15,0,0,0,3,0,3,9,4,5,10,5,5,2,2,0
55450204,32,18,14,31,17,14,0,0,0,5,2,3,1,0,1,1,1,0,26,14,12,13,7,6,0,0,0,1,0,1,8,6,2,4,1,3,3,1,2
55450205,20,9,11,19,9,10,1,0,1,2,1,1,0,0,0,1,0,1,20,13,7,9,6,3,0,0,0,0,0,0,2,1,1,9,6,3,0,0,0
55450206,39,20,19,38,20,18,4,1,3,4,2,2,1,0,1,1,0,1,37,17,20,22,10,12,0,0,0,1,0,1,7,4,3,7,3,4,0,0,0
55450207,29,15,14,25,15,10,0,0,0,3,2,1,0,0,0,4,0,4,37,13,24,14,5,9,1,0,1,2,0,2,6,2,4,14,6,8,0,0,0
55451101,535,293,242,499,279,220,24,12,12,57,27,30,2,0,2,36,14,22,441,197,244,196,85,111,2,1,1,14,0,14,67,31,36,162,80,82,11,6,5
0346494,0,0,0,0,0,0,0,0,0,0,0,0,0,0,0,0,0,0,0,0,0,0,0,0,0,0,0,0,0,0,0,0,0,0,0,0,0,0,0
0346495,0,0,0,0,0,0,0,0,0,0,0,0,0,0,0,0,0,0,0,0,0,0,0,0,0,0,0,0,0,0,0,0,0,0,0,0,0,0,0
0346812,0,0,0,0,0,0,0,0,0,0,0,0,0,0,0,0,0,0,0,0,0,0,0,0,0,0,0,0,0,0,0,0,0,0,0,0,0,0,0
55452901,1514,783,731,1409,729,680,28,12,16,134,64,70,6,0,6,105,54,51,1370,568,802,734,287,447,6,2,4,48,1,47,196,83,113,386,195,191,102,62,40
55452902,458,240,218,442,230,212,16,7,9,62,35,27,1,0,1,16,10,6,418,184,234,198,78,120,0,0,0,18,0,18,66,30,36,136,76,60,14,7,7
55452904,23,10,13,23,10,13,1,0,1,1,1,0,0,0,0,0,0,0,24,10,14,18,8,10,0,0,0,0,0,0,3,0,3,3,2,1,0,0,0
55452905,236,124,112,224,122,102,8,4,4,33,18,15,2,0,2,12,2,10,174,83,91,66,26,40,3,1,2,6,0,6,25,12,13,74,44,30,6,4,2
55452906,22,11,11,22,11,11,2,1,1,1,1,0,0,0,0,0,0,0,25,10,15,10,5,5,0,0,0,1,0,1,5,2,3,9,3,6,0,0,0
55452907,154,81,73,148,78,70,6,0,6,13,10,3,1,0,1,6,3,3,148,71,77,69,30,39,1,0,1,4,0,4,21,14,7,53,27,26,6,2,4
55452908,18,6,12,18,6,12,0,0,0,2,0,2,0,0,0,0,0,0,22,11,11,7,5,2,0,0,0,1,0,1,4,3,1,10,3,7,4,3,1
55452910,26,13,13,24,12,12,1,1,0,2,2,0,0,0,0,2,1,1,33,12,21,20,6,14,1,0,1,1,0,1,2,1,1,9,5,4,0,0,0
55452911,124,65,59,109,56,53,2,1,1,14,6,8,1,0,1,15,9,6,107,48,59,61,23,38,0,0,0,3,0,3,14,7,7,29,18,11,4,3,1
55454501,76,47,29,70,44,26,1,1,0,6,4,2,0,0,0,6,3,3,78,33,45,39,17,22,0,0,0,4,0,4,11,4,7,24,12,12,1,0,1
55454502,567,315,252,539,297,242,12,5,7,35,19,16,0,0,0,28,18,10,516,238,278,266,115,151,1,1,0,18,0,18,60,32,28,171,90,81,35,23,12
55454504,11,7,4,11,7,4,0,0,0,2,2,0,0,0,0,0,0,0,13,5,8,9,4,5,0,0,0,0,0,0,2,1,1,2,0,2,0,0,0
55454505,18,11,7,16,9,7,1,0,1,2,1,1,0,0,0,2,2,0,15,4,11,10,2,8,0,0,0,0,0,0,2,0,2,3,2,1,1,1,0
55454506,15,9,6,14,8,6,0,0,0,0,0,0,0,0,0,1,1,0,9,5,4,7,3,4,0,0,0,0,0,0,1,1,0,1,1,0,0,0,0
55454507,12,6,6,12,6,6,0,0,0,1,1,0,0,0,0,0,0,0,12,5,7,9,3,6,0,0,0,0,0,0,0,0,0,3,2,1,1,0,1
55454508,16,9,7,14,8,6,0,0,0,1,0,1,0,0,0,2,1,1,18,10,8,9,6,3,0,0,0,0,0,0,4,1,3,5,3,2,0,0,0
55454509,34,19,15,31,18,13,2,2,0,2,0,2,0,0,0,3,1,2,42,15,27,24,11,13,0,0,0,1,0,1,7,1,6,10,3,7,2,1,1
55455301,43,23,20,41,23,18,1,1,0,2,1,1,2,0,2,2,0,2,28,14,14,8,3,5,0,0,0,1,0,1,10,6,4,9,5,4,2,2,0
55455302,29,16,13,29,16,13,1,0,1,1,1,0,2,0,2,0,0,0,66,25,41,53,17,36,0,0,0,0,0,0,4,3,1,9,5,4,2,1,1
55455303,753,404,349,719,387,332,11,4,7,51,22,29,5,0,5,34,17,17,642,278,364,338,144,194,1,1,0,21,0,21,107,44,63,175,89,86,78,44,34
55455305,8,6,2,8,6,2,0,0,0,1,1,0,0,0,0,0,0,0,16,8,8,6,2,4,1,1,0,0,0,0,4,1,3,5,4,1,0,0,0
55455307,37,23,14,35,23,12,0,0,0,5,4,1,0,0,0,2,0,2,36,17,19,20,11,9,0,0,0,1,0,1,4,2,2,11,4,7,0,0,0
55455308,102,48,54,98,46,52,1,0,1,8,2,6,1,0,1,4,2,2,92,49,43,48,25,23,0,0,0,1,0,1,19,12,7,24,12,12,7,4,3
55455309,33,15,18,31,14,17,0,0,0,4,2,2,1,0,1,2,1,1,24,16,8,16,9,7,1,1,0,0,0,0,2,2,0,5,4,1,0,0,0
0766600,0,0,0,0,0,0,0,0,0,0,0,0,0,0,0,0,0,0,0,0,0,0,0,0,0,0,0,0,0,0,0,0,0,0,0,0,0,0,0
55459601,111,59,52,108,58,50,2,0,2,4,3,1,0,0,0,3,1,2,109,48,61,60,25,35,0,0,0,2,0,2,14,4,10,33,19,14,4,4,0
55459602,19,8,11,18,7,11,0,0,0,2,0,2,0,0,0,1,1,0,19,11,8,12,7,5,0,0,0,0,0,0,2,1,1,5,3,2,0,0,0
55460002,17,9,8,14,7,7,0,0,0,1,1,0,0,0,0,3,2,1,29,10,19,6,2,4,0,0,0,3,0,3,11,6,5,9,2,7,1,1,0
55460003,649,345,304,617,328,289,17,6,11,75,47,28,4,0,4,32,17,15,666,283,383,371,135,236,0,0,0,22,0,22,87,50,37,186,98,88,31,20,11
0815910,0,0,0,0,0,0,0,0,0,0,0,0,0,0,0,0,0,0,0,0,0,0,0,0,0,0,0,0,0,0,0,0,0,0,0,0,0,0,0
0816210,0,0,0,0,0,0,0,0,0,0,0,0,0,0,0,0,0,0,0,0,0,0,0,0,0,0,0,0,0,0,0,0,0,0,0,0,0,0,0
0816470,0,0,0,0,0,0,0,0,0,0,0,0,0,0,0,0,0,0,0,0,0,0,0,0,0,0,0,0,0,0,0,0,0,0,0,0,0,0,0
0816550,0,0,0,0,0,0,0,0,0,0,0,0,0,0,0,0,0,0,0,0,0,0,0,0,0,0,0,0,0,0,0,0,0,0,0,0,0,0,0
55461801,26,15,11,26,15,11,0,0,0,2,2,0,0,0,0,0,0,0,16,9,7,8,3,5,0,0,0,0,0,0,2,2,0,6,4,2,1,0,1
55461802,38,24,14,36,23,13,0,0,0,1,0,1,0,0,0,2,1,1,19,10,9,11,6,5,0,0,0,2,0,2,2,1,1,4,3,1,3,1,2
55461803,379,203,176,364,198,166,10,5,5,39,19,20,3,0,3,15,5,10,279,128,151,117,51,66,0,0,0,12,0,12,55,30,25,95,47,48,18,9,9
0844680,0,0,0,0,0,0,0,0,0,0,0,0,0,0,0,0,0,0,0,0,0,0,0,0,0,0,0,0,0,0,0,0,0,0,0,0,0,0,0
0845060,0,0,0,0,0,0,0,0,0,0,0,0,0,0,0,0,0,0,0,0,0,0,0,0,0,0,0,0,0,0,0,0,0,0,0,0,0,0,0
55462601,17,10,7,14,9,5,1,1,0,0,0,0,0,0,0,3,1,2,10,3,7,4,2,2,0,0,0,1,0,1,4,1,3,1,0,1,1,0,1
55462602,23,13,10,22,12,10,1,0,1,3,1,2,0,0,0,1,1,0,10,4,6,7,3,4,0,0,0,0,0,0,1,0,1,2,1,1,0,0,0
55462604,26,18,8,25,17,8,2,1,1,2,1,1,0,0,0,1,1,0,18,9,9,9,5,4,0,0,0,1,0,1,4,3,1,4,1,3,0,0,0
55462605,18,10,8,17,10,7,1,1,0,1,0,1,1,0,1,1,0,1,14,8,6,2,1,1,0,0,0,2,0,2,5,5,0,5,2,3,3,2,1
55462606,159,86,73,150,83,67,2,1,1,10,5,5,1,0,1,9,3,6,149,68,81,65,30,35,0,0,0,5,0,5,20,10,10,59,28,31,13,9,4
55462607,25,15,10,23,14,9,0,0,0,3,3,0,0,0,0,2,1,1,21,9,12,15,7,8,1,1,0,0,0,0,1,1,0,4,0,4,0,0,0
55462608,12,8,4,11,8,3,1,1,0,5,4,1,0,0,0,1,0,1,16,9,7,11,4,7,1,1,0,0,0,0,1,1,0,3,3,0,0,0,0
55462610,49,30,19,44,28,16,0,0,0,5,3,2,0,0,0,5,2,3,42,20,22,19,9,10,0,0,0,3,0,3,8,6,2,12,5,7,1,1,0
55462612,30,17,13,26,15,11,0,0,0,6,3,3,0,0,0,4,2,2,27,9,18,13,4,9,0,0,0,1,0,1,2,0,2,11,5,6,0,0,0
0881700,0,0,0,0,0,0,0,0,0,0,0,0,0,0,0,0,0,0,0,0,0,0,0,0,0,0,0,0,0,0,0,0,0,0,0,0,0,0,0
55463401,9,5,4,9,5,4,1,0,1,1,1,0,0,0,0,0,0,0,12,4,8,5,2,3,0,0,0,1,0,1,4,1,3,2,1,1,0,0,0
55463402,19,11,8,18,11,7,0,0,0,4,3,1,0,0,0,1,0,1,30,11,19,18,6,12,0,0,0,2,0,2,2,1,1,8,4,4,1,0,1
55463403,902,491,411,817,450,367,13,5,8,77,35,42,3,0,3,85,41,44,927,419,508,529,237,292,1,1,0,37,0,37,132,73,59,228,108,120,55,33,22
55463407,21,12,9,19,11,8,0,0,0,2,0,2,0,0,0,2,1,1,34,16,18,15,11,4,0,0,0,2,0,2,9,3,6,8,2,6,2,2,0
0916340,0,0,0,0,0,0,0,0,0,0,0,0,0,0,0,0,0,0,0,0,0,0,0,0,0,0,0,0,0,0,0,0,0,0,0,0,0,0,0
0916690,0,0,0,0,0,0,0,0,0,0,0,0,0,0,0,0,0,0,0,0,0,0,0,0,0,0,0,0,0,0,0,0,0,0,0,0,0,0,0
55464201,15,10,5,13,8,5,0,0,0,2,2,0,0,0,0,2,2,0,17,9,8,13,7,6,0,0,0,0,0,0,0,0,0,4,2,2,0,0,0
55464202,67,39,28,60,34,26,4,1,3,10,6,4,0,0,0,7,5,2,41,21,20,25,12,13,0,0,0,2,0,2,7,4,3,7,5,2,1,1,0
55464204,463,229,234,430,215,215,12,7,5,65,31,34,6,0,6,33,14,19,412,178,234,245,101,144,1,1,0,17,0,17,49,24,25,100,52,48,13,9,4
55464205,312,169,143,283,155,128,8,4,4,50,23,27,3,0,3,29,14,15,352,137,215,244,91,153,0,0,0,13,1,12,27,10,17,68,35,33,8,4,4
55464206,74,38,36,69,36,33,1,1,0,8,3,5,1,0,1,5,2,3,58,27,31,26,12,14,0,0,0,2,0,2,13,7,6,17,8,9,0,0,0
55464207,1163,564,599,1086,526,560,33,20,13,162,70,92,4,0,4,77,38,39,1359,496,863,868,271,597,3,0,3,40,0,40,142,75,67,306,150,156,27,12,15
55464208,914,475,439,854,451,403,22,8,14,137,75,62,7,0,7,60,24,36,779,329,450,404,157,247,2,1,1,28,0,28,123,64,59,222,107,115,27,9,18
55464211,324,164,160,308,156,152,15,8,7,53,25,28,1,0,1,16,8,8,332,138,194,197,76,121,2,0,2,5,0,5,29,8,21,99,54,45,4,1,3
55464212,35,22,13,33,20,13,0,0,0,1,1,0,0,0,0,2,2,0,36,15,21,11,4,7,0,0,0,4,0,4,8,6,2,13,5,8,0,0,0
55464213,37,19,18,32,16,16,0,0,0,2,2,0,0,0,0,5,3,2,41,18,23,14,6,8,0,0,0,2,0,2,7,2,5,18,10,8,2,1,1
55464214,16,11,5,14,10,4,0,0,0,3,3,0,0,0,0,2,1,1,13,8,5,7,3,4,0,0,0,0,0,0,1,1,0,5,4,1,0,0,0
55464215,689,368,321,635,344,291,14,6,8,82,36,46,1,0,1,54,24,30,594,268,326,293,117,176,0,0,0,29,0,29,89,51,38,183,100,83,25,13,12
55464216,303,155,148,280,144,136,9,3,6,39,22,17,3,0,3,23,11,12,248,103,145,132,50,82,4,3,1,9,0,9,42,17,25,61,33,28,26,17,9
55464217,1133,574,559,1052,535,517,30,11,19,120,54,66,5,0,5,81,39,42,900,387,513,481,186,295,6,1,5,29,0,29,147,73,74,237,127,110,26,13,13
55464218,503,281,222,431,234,197,10,4,6,79,34,45,1,0,1,72,47,25,494,231,263,189,85,104,0,0,0,13,0,13,91,51,40,201,95,106,96,63,33
0948380,0,0,0,0,0,0,0,0,0,0,0,0,0,0,0,0,0,0,0,0,0,0,0,0,0,0,0,0,0,0,0,0,0,0,0,0,0,0,0
55465101,16,10,6,15,10,5,0,0,0,1,1,0,0,0,0,1,0,1,21,6,15,12,3,9,0,0,0,1,0,1,1,0,1,7,3,4,1,0,1
55465104,126,72,54,113,67,46,2,1,1,12,8,4,1,0,1,13,5,8,124,56,68,44,17,27,0,0,0,5,0,5,23,15,8,52,24,28,10,4,6
55465105,12,7,5,10,6,4,1,0,1,1,1,0,0,0,0,2,1,1,8,6,2,2,1,1,0,0,0,0,0,0,2,2,0,4,3,1,1,0,1
55467701,81,49,32,77,47,30,3,2,1,11,8,3,0,0,0,4,2,2,108,23,85,78,10,68,0,0,0,3,0,3,8,4,4,19,9,10,6,4,2
55467702,40,22,18,36,20,16,1,0,1,4,2,2,0,0,0,4,2,2,26,13,13,12,6,6,0,0,0,3,0,3,6,5,1,5,2,3,0,0,0
55467703,48,27,21,45,26,19,1,1,0,9,4,5,1,0,1,3,1,2,49,19,30,20,6,14,0,0,0,0,0,0,12,3,9,17,10,7,1,1,0
55469301,15,9,6,14,8,6,0,0,0,2,1,1,0,0,0,1,1,0,8,3,5,7,3,4,0,0,0,0,0,0,1,0,1,0,0,0,0,0,0
55469304,186,100,86,173,93,80,9,2,7,16,8,8,2,0,2,13,7,6,128,54,74,61,26,35,0,0,0,8,0,8,27,15,12,32,13,19,6,4,2
0692050,0,0,0,0,0,0,0,0,0,0,0,0,0,0,0,0,0,0,0,0,0,0,0,0,0,0,0,0,0,0,0,0,0,0,0,0,0,0,0
1077270,0,0,0,0,0,0,0,0,0,0,0,0,0,0,0,0,0,0,0,0,0,0,0,0,0,0,0,0,0,0,0,0,0,0,0,0,0,0,0
55470701,38,24,14,36,24,12,0,0,0,5,4,1,0,0,0,2,0,2,24,12,12,15,7,8,0,0,0,0,0,0,5,2,3,4,3,1,3,2,1
55470704,12,5,7,12,5,7,0,0,0,2,0,2,0,0,0,0,0,0,20,10,10,9,5,4,0,0,0,1,0,1,2,1,1,8,4,4,0,0,0
55470706,16,9,7,15,8,7,0,0,0,0,0,0,0,0,0,1,1,0,17,6,11,6,3,3,0,0,0,1,0,1,4,0,4,6,3,3,0,0,0
55470708,27,18,9,25,16,9,0,0,0,0,0,0,0,0,0,2,2,0,24,9,15,7,1,6,0,0,0,2,0,2,6,1,5,9,7,2,6,3,3
55470710,123,67,56,114,64,50,2,1,1,11,2,9,2,0,2,9,3,6,139,60,79,74,37,37,0,0,0,7,0,7,26,11,15,32,12,20,9,6,3
55470712,14,12,2,13,11,2,0,0,0,2,1,1,0,0,0,1,1,0,14,6,8,9,4,5,0,0,0,1,0,1,3,2,1,1,0,1,0,0,0
55474001,59,31,28,56,31,25,1,1,0,11,8,3,0,0,0,3,0,3,43,19,24,22,10,12,0,0,0,0,0,0,3,1,2,18,8,10,1,1,0
55474002,695,401,294,657,382,275,24,10,14,50,24,26,4,0,4,38,19,19,688,292,396,306,122,184,0,0,0,28,1,27,128,65,63,226,104,122,40,19,21
55474003,160,83,77,151,80,71,4,2,2,11,3,8,0,0,0,9,3,6,164,76,88,90,43,47,0,0,0,7,0,7,21,9,12,46,24,22,8,4,4
1481300,0,0,0,0,0,0,0,0,0,0,0,0,0,0,0,0,0,0,0,0,0,0,0,0,0,0,0,0,0,0,0,0,0,0,0,0,0,0,0
1481480,0,0,0,0,0,0,0,0,0,0,0,0,0,0,0,0,0,0,0,0,0,0,0,0,0,0,0,0,0,0,0,0,0,0,0,0,0,0,0
55481201,15,9,6,14,9,5,1,1,0,2,1,1,0,0,0,1,0,1,24,11,13,10,3,7,0,0,0,2,0,2,6,3,3,6,5,1,2,1,1
55481203,817,441,376,772,423,349,17,9,8,59,23,36,4,0,4,45,18,27,754,325,429,370,148,222,2,1,1,31,1,30,118,55,63,233,120,113,39,26,13
55481204,90,50,40,87,47,40,0,0,0,10,6,4,0,0,0,3,3,0,68,33,35,26,17,9,0,0,0,5,0,5,14,7,7,23,9,14,2,2,0
55481206,16,6,10,16,6,10,0,0,0,1,0,1,0,0,0,0,0,0,91,32,59,86,29,57,1,1,0,0,0,0,1,1,0,3,1,2,4,2,2
1688400,0,0,0,0,0,0,0,0,0,0,0,0,0,0,0,0,0,0,0,0,0,0,0,0,0,0,0,0,0,0,0,0,0,0,0,0,0,0,0
55485501,35,19,16,34,18,16,0,0,0,7,2,5,0,0,0,1,1,0,36,20,16,24,13,11,0,0,0,0,0,0,2,2,0,10,5,5,2,0,2
55485502,167,93,74,155,87,68,1,0,1,19,12,7,2,0,2,12,6,6,125,60,65,60,32,28,0,0,0,9,0,9,21,11,10,35,17,18,3,2,1
55488001,9,2,7,9,2,7,0,0,0,0,0,0,0,0,0,0,0,0,10,6,4,8,5,3,0,0,0,0,0,0,0,0,0,2,1,1,2,1,1
55488002,58,35,23,53,33,20,1,0,1,11,6,5,1,0,1,5,2,3,52,21,31,27,9,18,0,0,0,2,0,2,11,7,4,12,5,7,4,2,2
55488003,159,87,72,152,83,69,7,4,3,15,8,7,1,0,1,7,4,3,141,54,87,66,26,40,2,2,0,8,0,8,27,8,19,38,18,20,1,0,1
55488004,21,11,10,19,10,9,1,0,1,4,3,1,0,0,0,2,1,1,30,14,16,12,5,7,0,0,0,1,0,1,4,2,2,13,7,6,0,0,0
55488005,84,50,34,76,45,31,2,0,2,6,3,3,0,0,0,8,5,3,87,40,47,32,14,18,1,0,1,8,0,8,22,13,9,24,13,11,8,5,3
55488006,138,72,66,128,68,60,2,0,2,16,7,9,1,0,1,10,4,6,101,47,54,36,17,19,1,1,0,5,0,5,22,10,12,37,19,18,6,3,3
55563101,12,7,5,12,7,5,0,0,0,1,1,0,0,0,0,0,0,0,24,12,12,11,6,5,0,0,0,1,0,1,5,4,1,7,2,5,1,0,1
55563102,19,14,5,16,12,4,0,0,0,1,1,0,0,0,0,3,2,1,12,5,7,10,5,5,0,0,0,0,0,0,0,0,0,2,0,2,0,0,0
55563104,14,8,6,14,8,6,0,0,0,1,1,0,0,0,0,0,0,0,17,8,9,8,5,3,0,0,0,0,0,0,3,1,2,6,2,4,1,1,0
55563106,15,12,3,13,12,1,0,0,0,3,3,0,0,0,0,2,0,2,26,12,14,3,1,2,0,0,0,4,0,4,12,6,6,7,5,2,2,1,1
55563107,25,17,8,23,15,8,3,3,0,1,1,0,0,0,0,2,2,0,15,5,10,9,3,6,0,0,0,0,0,0,2,0,2,4,2,2,2,2,0
55563111,23,14,9,21,14,7,0,0,0,6,3,3,0,0,0,2,0,2,17,7,10,10,4,6,0,0,0,1,0,1,4,3,1,2,0,2,0,0,0
55563113,15,8,7,15,8,7,1,1,0,0,0,0,1,0,1,0,0,0,28,12,16,17,8,9,0,0,0,2,0,2,8,4,4,1,0,1,0,0,0
55563114,10,5,5,8,5,3,0,0,0,1,1,0,0,0,0,2,0,2,10,5,5,3,1,2,0,0,0,0,0,0,1,1,0,6,3,3,0,0,0
55563116,32,22,10,30,20,10,0,0,0,4,1,3,0,0,0,2,2,0,31,14,17,13,6,7,0,0,0,3,0,3,9,6,3,6,2,4,2,2,0
55563117,20,13,7,10,6,4,0,0,0,1,0,1,0,0,0,10,7,3,37,16,21,6,3,3,0,0,0,3,0,3,19,10,9,9,3,6,2,1,1
55563118,13,9,4,12,9,3,0,0,0,2,1,1,0,0,0,1,0,1,21,6,15,11,3,8,0,0,0,0,0,0,2,0,2,8,3,5,0,0,0
55563119,17,9,8,15,8,7,0,0,0,3,1,2,0,0,0,2,1,1,24,10,14,14,7,7,0,0,0,2,0,2,3,1,2,5,2,3,0,0,0
55563120,7,6,1,5,5,0,0,0,0,2,2,0,0,0,0,2,1,1,19,12,7,13,8,5,0,0,0,1,0,1,4,3,1,1,1,0,0,0,0
55563123,54,32,22,41,24,17,0,0,0,5,4,1,0,0,0,13,8,5,47,21,26,23,10,13,0,0,0,1,0,1,9,6,3,14,5,9,2,1,1
55563125,13,10,3,13,10,3,0,0,0,1,1,0,0,0,0,0,0,0,17,8,9,11,5,6,0,0,0,1,0,1,3,1,2,2,2,0,0,0,0
55563126,49,31,18,36,25,11,1,0,1,2,1,1,0,0,0,13,6,7,60,25,35,15,7,8,0,0,0,3,0,3,16,7,9,26,11,15,3,2,1
55563127,977,554,423,880,502,378,23,9,14,88,47,41,7,0,7,97,52,45,1025,432,593,489,192,297,1,0,1,68,1,67,184,93,91,283,146,137,45,27,18
55563128,31,20,11,30,19,11,1,0,1,4,3,1,0,0,0,1,1,0,22,9,13,15,6,9,0,0,0,0,0,0,4,2,2,3,1,2,1,1,0
57797901,46,25,21,44,24,20,1,0,1,10,6,4,0,0,0,2,1,1,30,14,16,8,4,4,0,0,0,2,0,2,3,2,1,17,8,9,4,2,2
57797902,42,23,19,39,22,17,3,0,3,6,3,3,0,0,0,3,1,2,36,19,17,13,7,6,0,0,0,3,0,3,9,4,5,11,8,3,1,0,1
57800201,82,47,35,77,46,31,2,1,1,8,6,2,0,0,0,5,1,4,74,37,37,30,16,14,0,0,0,5,0,5,17,9,8,22,12,10,6,5,1
3300430,0,0,0,0,0,0,0,0,0,0,0,0,0,0,0,0,0,0,0,0,0,0,0,0,0,0,0,0,0,0,0,0,0,0,0,0,0,0,0
3909250,0,0,0,0,0,0,0,0,0,0,0,0,0,0,0,0,0,0,0,0,0,0,0,0,0,0,0,0,0,0,0,0,0,0,0,0,0,0,0
50010101,121,77,44,109,71,38,3,2,1,17,12,5,1,0,1,12,6,6,86,35,51,30,10,20,0,0,0,5,0,5,22,10,12,29,15,14,5,3,2
3907980,0,0,0,0,0,0,0,0,0,0,0,0,0,0,0,0,0,0,0,0,0,0,0,0,0,0,0,0,0,0,0,0,0,0,0,0,0,0,0
50012701,28,19,9,25,18,7,0,0,0,3,3,0,0,0,0,3,1,2,31,14,17,15,7,8,0,0,0,4,0,4,8,5,3,4,2,2,1,1,0
50012702,40,24,16,39,24,15,1,1,0,1,1,0,1,0,1,1,0,1,25,14,11,11,5,6,0,0,0,1,0,1,7,5,2,6,4,2,2,2,0
50012703,10,8,2,10,8,2,0,0,0,1,1,0,0,0,0,0,0,0,9,3,6,1,0,1,0,0,0,1,0,1,2,0,2,5,3,2,1,1,0
50648601,125,63,62,119,61,58,3,1,2,18,8,10,0,0,0,6,2,4,76,39,37,27,12,15,1,1,0,5,0,5,15,11,4,28,15,13,0,0,0
50649402,165,97,68,160,92,68,3,1,2,17,13,4,0,0,0,5,5,0,146,67,79,93,45,48,1,1,0,4,0,4,14,3,11,34,18,16,3,1,2
50662101,54,34,20,49,32,17,0,0,0,6,5,1,1,0,1,5,2,3,59,21,38,22,6,16,0,0,0,6,0,6,16,5,11,15,10,5,4,3,1
50662104,31,19,12,29,17,12,1,0,1,2,1,1,0,0,0,2,2,0,16,6,10,10,5,5,0,0,0,1,0,1,3,1,2,2,0,2,0,0,0
53784501,67,36,31,62,32,30,6,2,4,7,3,4,0,0,0,5,4,1,44,19,25,18,9,9,0,0,0,1,0,1,6,1,5,19,9,10,2,2,0
53787001,279,149,130,256,140,116,8,4,4,45,29,16,1,0,1,23,9,14,244,106,138,123,51,72,3,1,2,10,1,9,47,26,21,61,27,34,9,6,3
53791801,25,14,11,25,14,11,0,0,0,2,1,1,0,0,0,0,0,0,16,9,7,6,2,4,0,0,0,0,0,0,6,4,2,4,3,1,0,0,0
53791802,636,348,288,586,322,264,16,7,9,75,35,40,9,0,9,50,26,24,480,211,269,221,93,128,0,0,0,21,0,21,77,38,39,161,80,81,26,21,5
53791803,99,52,47,93,52,41,2,1,1,11,6,5,0,0,0,6,0,6,87,45,42,34,18,16,1,1,0,4,0,4,18,10,8,30,16,14,3,2,1
53791804,75,36,39,68,35,33,5,1,4,6,3,3,0,0,0,7,1,6,56,24,32,22,11,11,0,0,0,0,0,0,7,2,5,27,11,16,1,0,1
53791805,50,25,25,46,23,23,1,1,0,4,0,4,0,0,0,4,2,2,42,17,25,19,9,10,0,0,0,4,0,4,10,5,5,9,3,6,0,0,0
53791806,156,91,65,144,85,59,3,2,1,15,11,4,0,0,0,12,6,6,134,62,72,69,28,41,0,0,0,7,0,7,19,14,5,39,20,19,2,1,1
53792601,427,230,197,406,223,183,6,3,3,46,27,19,3,0,3,21,7,14,327,142,185,113,48,65,0,0,0,12,0,12,46,21,25,156,73,83,4,1,3
53792603,160,77,83,148,71,77,3,0,3,13,7,6,1,0,1,12,6,6,145,61,84,29,13,16,2,1,1,8,0,8,31,14,17,75,33,42,8,3,5
53793401,141,73,68,135,71,64,1,1,0,13,6,7,0,0,0,6,2,4,107,54,53,40,18,22,0,0,0,3,0,3,16,10,6,48,26,22,5,5,0
53793402,33,17,16,32,17,15,0,0,0,3,1,2,0,0,0,1,0,1,35,15,20,17,8,9,0,0,0,1,0,1,6,2,4,11,5,6,0,0,0
53796901,133,69,64,126,68,58,4,3,1,13,9,4,0,0,0,7,1,6,90,31,59,49,14,35,0,0,0,4,0,4,13,7,6,24,10,14,1,1,0
53796902,404,220,184,391,216,175,24,13,11,46,25,21,2,0,2,13,4,9,353,148,205,121,54,67,0,0,0,18,0,18,60,20,40,154,74,80,4,3,1
53800101,204,109,95,191,103,88,9,5,4,19,12,7,0,0,0,13,6,7,177,76,101,85,39,46,1,1,0,7,0,7,30,8,22,54,28,26,9,5,4
53801901,50,31,19,48,31,17,1,0,1,3,3,0,0,0,0,2,0,2,58,33,25,31,20,11,0,0,0,3,0,3,14,10,4,10,3,7,4,3,1
53801902,107,69,38,103,66,37,2,1,1,9,5,4,0,0,0,4,3,1,78,31,47,36,17,19,1,0,1,4,0,4,16,7,9,21,7,14,0,0,0
53802701,121,70,51,115,67,48,5,3,2,4,1,3,1,0,1,6,3,3,104,51,53,34,15,19,2,1,1,7,0,7,24,12,12,37,23,14,5,2,3
53811601,183,106,77,170,102,68,4,1,3,16,10,6,0,0,0,13,4,9,120,59,61,65,31,34,0,0,0,3,0,3,16,7,9,36,21,15,6,5,1
53811602,51,31,20,48,29,19,3,1,2,9,8,1,0,0,0,3,2,1,52,25,27,32,17,15,0,0,0,2,0,2,6,2,4,12,6,6,0,0,0
53815901,304,161,143,289,151,138,11,5,6,29,11,18,1,0,1,15,10,5,263,126,137,86,41,45,2,0,2,10,0,10,40,21,19,125,64,61,5,5,0
53815902,30,15,15,30,15,15,2,0,2,2,0,2,0,0,0,0,0,0,26,14,12,13,8,5,0,0,0,1,0,1,4,3,1,8,3,5,0,0,0
53815903,13,7,6,11,7,4,0,0,0,3,1,2,0,0,0,2,0,2,10,7,3,5,4,1,0,0,0,0,0,0,0,0,0,5,3,2,0,0,0
55165101,200,109,91,188,105,83,8,4,4,12,4,8,5,0,5,12,4,8,161,70,91,60,27,33,0,0,0,10,0,10,34,14,20,57,29,28,3,2,1
0636060,0,0,0,0,0,0,0,0,0,0,0,0,0,0,0,0,0,0,0,0,0,0,0,0,0,0,0,0,0,0,0,0,0,0,0,0,0,0,0
0636650,0,0,0,0,0,0,0,0,0,0,0,0,0,0,0,0,0,0,0,0,0,0,0,0,0,0,0,0,0,0,0,0,0,0,0,0,0,0,0
0636730,0,0,0,0,0,0,0,0,0,0,0,0,0,0,0,0,0,0,0,0,0,0,0,0,0,0,0,0,0,0,0,0,0,0,0,0,0,0,0
3196010,0,0,0,0,0,0,0,0,0,0,0,0,0,0,0,0,0,0,0,0,0,0,0,0,0,0,0,0,0,0,0,0,0,0,0,0,0,0,0
55496102,1058,559,499,976,526,450,34,13,21,133,77,56,4,0,4,82,33,49,992,415,577,540,210,330,5,2,3,36,0,36,154,70,84,257,133,124,15,8,7
55496103,36,23,13,35,22,13,1,0,1,4,2,2,0,0,0,1,1,0,44,18,26,23,11,12,1,1,0,3,0,3,6,2,4,11,4,7,0,0,0
55496104,454,238,216,425,225,200,12,4,8,59,36,23,2,0,2,29,13,16,473,197,276,208,89,119,4,3,1,21,0,21,78,31,47,162,74,88,24,21,3
55496105,23,17,6,10,6,4,0,0,0,2,1,1,0,0,0,13,11,2,10,8,2,4,4,0,0,0,0,0,0,0,4,3,1,2,1,1,0,0,0
55496107,23,11,12,20,9,11,2,1,1,1,1,0,0,0,0,3,2,1,22,8,14,11,5,6,0,0,0,0,0,0,3,1,2,8,2,6,1,0,1
55496108,1013,532,481,888,470,418,34,15,19,90,44,46,5,0,5,125,62,63,755,329,426,386,154,232,3,2,1,29,0,29,121,62,59,216,111,105,37,24,13
55496109,874,426,448,785,390,395,26,8,18,126,48,78,3,0,3,89,36,53,970,398,572,639,246,393,4,3,1,24,0,24,112,58,54,191,91,100,19,7,12
55496110,293,145,148,276,136,140,12,5,7,35,14,21,1,0,1,17,9,8,245,105,140,132,56,76,1,1,0,12,0,12,39,18,21,61,30,31,4,2,2
55496111,1883,936,947,1713,858,855,40,19,21,248,113,135,15,0,15,170,78,92,1714,736,978,963,381,582,8,3,5,70,0,70,254,142,112,419,210,209,24,10,14
55496112,1791,937,854,1590,833,757,69,34,35,150,77,73,10,0,10,201,104,97,1350,550,800,617,229,388,10,3,7,59,2,57,261,130,131,403,186,217,37,22,15
55496113,688,372,316,634,346,288,14,8,6,95,44,51,4,0,4,54,26,28,639,286,353,396,171,225,0,0,0,26,0,26,80,40,40,137,75,62,12,4,8
55496114,426,239,187,374,218,156,12,7,5,32,17,15,2,0,2,52,21,31,219,99,120,88,33,55,2,1,1,11,0,11,40,23,17,78,42,36,11,9,2
55496115,141,77,64,131,72,59,5,2,3,18,11,7,2,0,2,10,5,5,177,66,111,123,39,84,0,0,0,6,0,6,20,10,10,28,17,11,4,1,3
55496116,192,102,90,181,96,85,6,0,6,17,6,11,1,0,1,11,6,5,181,82,99,82,35,47,1,1,0,8,0,8,24,12,12,66,34,32,2,1,1
55496118,55,31,24,45,26,19,2,0,2,9,2,7,0,0,0,10,5,5,55,27,28,41,21,20,0,0,0,0,0,0,2,0,2,12,6,6,0,0,0
55496119,305,155,150,276,143,133,14,6,8,31,16,15,0,0,0,29,12,17,262,127,135,113,53,60,3,3,0,9,0,9,38,24,14,99,47,52,3,2,1
55496120,185,94,91,174,87,87,6,0,6,15,6,9,1,0,1,11,7,4,139,75,64,67,28,39,0,0,0,6,0,6,16,14,2,50,33,17,1,0,1
55496121,99,55,44,89,50,39,3,2,1,3,2,1,0,0,0,10,5,5,84,36,48,40,13,27,0,0,0,2,0,2,7,5,2,35,18,17,2,0,2
55496122,336,181,155,305,168,137,11,5,6,33,18,15,0,0,0,31,13,18,287,126,161,158,70,88,1,1,0,16,0,16,39,21,18,73,34,39,6,4,2
55496123,619,345,274,569,318,251,17,9,8,79,46,33,5,0,5,50,27,23,537,241,296,221,95,126,3,3,0,29,0,29,107,51,56,177,92,85,18,9,9
55496124,127,75,52,106,60,46,1,0,1,2,1,1,2,0,2,21,15,6,161,64,97,83,29,54,0,0,0,8,0,8,28,14,14,42,21,21,4,1,3
55496125,752,354,398,696,331,365,24,5,19,78,30,48,1,0,1,56,23,33,601,241,360,332,120,212,4,1,3,14,0,14,65,26,39,186,94,92,16,10,6
55496126,1996,986,1010,1820,910,910,60,26,34,232,98,134,13,0,13,176,76,100,2119,844,1275,1258,471,787,2,1,1,81,1,80,277,138,139,501,233,268,35,16,19
55496127,173,93,80,168,90,78,7,4,3,20,11,9,1,0,1,5,3,2,129,53,76,56,24,32,1,1,0,6,0,6,22,9,13,44,19,25,2,1,1
55496129,479,231,248,447,219,228,23,8,15,41,19,22,3,0,3,32,12,20,341,147,194,153,56,97,1,1,0,16,0,16,56,30,26,115,60,55,15,9,6
55496131,816,408,408,763,382,381,36,14,22,123,59,64,3,0,3,53,26,27,849,344,505,519,191,328,0,0,0,24,0,24,92,35,57,214,118,96,20,12,8
55496132,1449,733,716,1301,658,643,53,25,28,151,61,90,11,1,10,148,75,73,1554,649,905,949,338,611,4,2,2,41,2,39,208,102,106,352,205,147,69,37,32
55496133,28,14,14,26,13,13,1,0,1,4,1,3,0,0,0,2,1,1,19,9,10,12,5,7,0,0,0,0,0,0,2,1,1,5,3,2,0,0,0
55496134,656,326,330,565,287,278,19,5,14,59,23,36,3,0,3,91,39,52,491,199,292,234,82,152,2,1,1,23,0,23,91,45,46,141,71,70,17,13,4
55496135,251,141,110,227,129,98,7,4,3,30,16,14,2,0,2,24,12,12,156,72,84,75,34,41,2,1,1,4,0,4,32,18,14,43,19,24,25,15,10
55496137,91,51,40,83,46,37,4,1,3,6,4,2,0,0,0,8,5,3,85,34,51,45,19,26,0,0,0,4,0,4,11,4,7,25,11,14,1,1,0
55496138,790,422,368,699,384,315,19,8,11,81,49,32,5,0,5,91,38,53,529,225,304,212,87,125,9,4,5,34,0,34,130,65,65,144,69,75,69,34,35
55496139,1198,587,611,1045,516,529,39,20,19,122,54,68,5,0,5,153,71,82,1368,530,838,722,250,472,4,2,2,49,1,48,207,96,111,386,181,205,53,30,23
55496140,5,2,3,5,2,3,0,0,0,0,0,0,1,0,1,0,0,0,10,8,2,0,0,0,3,2,1,0,0,0,5,4,1,2,2,0,7,4,3
55496141,229,122,107,216,112,104,5,4,1,27,12,15,0,0,0,13,10,3,214,89,125,126,46,80,0,0,0,12,0,12,33,20,13,43,23,20,4,0,4
55496142,1300,769,531,1092,641,451,39,17,22,88,46,42,3,0,3,208,128,80,799,368,431,364,161,203,7,3,4,31,0,31,166,81,85,231,123,108,317,241,76
55496143,905,464,441,803,426,377,38,20,18,82,36,46,3,0,3,102,38,64,671,256,415,341,113,228,7,5,2,26,0,26,121,52,69,176,86,90,46,26,20
55496144,428,231,197,398,216,182,14,6,8,45,23,22,1,0,1,30,15,15,280,125,155,130,61,69,3,2,1,11,0,11,42,16,26,94,46,48,18,10,8
55496146,556,287,269,489,262,227,21,13,8,54,31,23,3,0,3,67,25,42,530,204,326,330,109,221,4,2,2,15,0,15,69,35,34,112,58,54,119,75,44
55496148,16,11,5,16,11,5,1,1,0,3,3,0,0,0,0,0,0,0,9,5,4,7,3,4,0,0,0,0,0,0,1,1,0,1,1,0,0,0,0
55496149,240,125,115,221,115,106,6,4,2,45,22,23,1,0,1,19,10,9,195,84,111,114,53,61,0,0,0,7,0,7,29,13,16,45,18,27,22,13,9
55497901,405,228,177,379,211,168,8,4,4,40,22,18,4,0,4,26,17,9,333,154,179,159,69,90,3,2,1,11,0,11,58,29,29,102,54,48,21,18,3
55497902,28,13,15,27,13,14,0,0,0,1,1,0,0,0,0,1,0,1,24,12,12,18,9,9,0,0,0,0,0,0,2,1,1,4,2,2,2,1,1
55499501,365,211,154,331,192,139,11,3,8,35,18,17,0,0,0,34,19,15,372,177,195,203,86,117,1,1,0,12,1,11,43,23,20,113,66,47,17,11,6
55499502,38,17,21,33,16,17,1,0,1,7,3,4,0,0,0,5,1,4,46,18,28,26,14,12,0,0,0,0,0,0,6,0,6,14,4,10,0,0,0
55499503,40,19,21,39,19,20,3,0,3,4,2,2,0,0,0,1,0,1,31,13,18,8,5,3,0,0,0,3,0,3,6,4,2,14,4,10,0,0,0
0716410,0,0,0,0,0,0,0,0,0,0,0,0,0,0,0,0,0,0,0,0,0,0,0,0,0,0,0,0,0,0,0,0,0,0,0,0,0,0,0
0716500,0,0,0,0,0,0,0,0,0,0,0,0,0,0,0,0,0,0,0,0,0,0,0,0,0,0,0,0,0,0,0,0,0,0,0,0,0,0,0
1987220,0,0,0,0,0,0,0,0,0,0,0,0,0,0,0,0,0,0,0,0,0,0,0,0,0,0,0,0,0,0,0,0,0,0,0,0,0,0,0
55502901,601,335,266,535,307,228,14,6,8,39,23,16,2,0,2,66,28,38,554,244,310,266,111,155,2,1,1,24,0,24,102,53,49,160,79,81,22,12,10
55502903,16,8,8,13,7,6,0,0,0,1,0,1,0,0,0,3,1,2,12,4,8,8,2,6,0,0,0,0,0,0,0,0,0,4,2,2,0,0,0
55502904,19,12,7,11,8,3,0,0,0,0,0,0,0,0,0,8,4,4,19,8,11,13,6,7,0,0,0,0,0,0,1,0,1,5,2,3,0,0,0
55502905,26,16,10,26,16,10,1,1,0,3,1,2,0,0,0,0,0,0,20,8,12,11,6,5,0,0,0,1,0,1,4,1,3,4,1,3,0,0,0
55502907,63,35,28,61,34,27,5,1,4,6,3,3,0,0,0,2,1,1,28,11,17,11,5,6,0,0,0,2,0,2,2,1,1,13,5,8,1,1,0
55502909,40,24,16,37,21,16,0,0,0,2,2,0,0,0,0,3,3,0,31,16,15,13,6,7,0,0,0,0,0,0,3,1,2,15,9,6,0,0,0
55502910,12,6,6,8,4,4,0,0,0,0,0,0,0,0,0,4,2,2,10,3,7,4,1,3,0,0,0,0,0,0,1,0,1,5,2,3,0,0,0
55502911,15,6,9,15,6,9,0,0,0,2,0,2,0,0,0,0,0,0,13,6,7,8,4,4,0,0,0,0,0,0,3,1,2,2,1,1,0,0,0
55502912,42,22,20,38,19,19,2,1,1,2,0,2,1,0,1,4,3,1,35,16,19,20,10,10,0,0,0,2,0,2,6,5,1,7,1,6,2,2,0
55502913,49,28,21,43,25,18,0,0,0,11,7,4,0,0,0,6,3,3,34,10,24,6,1,5,2,0,2,1,0,1,11,5,6,14,4,10,1,0,1
55502914,12,7,5,11,7,4,0,0,0,2,1,1,0,0,0,1,0,1,16,8,8,7,3,4,0,0,0,1,0,1,3,2,1,5,3,2,0,0,0
55502915,18,12,6,18,12,6,0,0,0,3,3,0,0,0,0,0,0,0,7,2,5,4,1,3,0,0,0,0,0,0,0,0,0,3,1,2,1,0,1
55502917,50,29,21,46,26,20,1,0,1,4,2,2,0,0,0,4,3,1,45,23,22,19,9,10,0,0,0,1,0,1,8,5,3,17,9,8,4,1,3
55504501,342,197,145,317,184,133,10,4,6,27,18,9,1,0,1,25,13,12,256,108,148,115,43,72,0,0,0,13,1,12,38,22,16,90,42,48,6,6,0
55516901,194,105,89,177,94,83,2,0,2,23,10,13,0,0,0,17,11,6,136,62,74,65,29,36,1,1,0,7,0,7,21,12,9,42,20,22,19,17,2
3300860,0,0,0,0,0,0,0,0,0,0,0,0,0,0,0,0,0,0,0,0,0,0,0,0,0,0,0,0,0,0,0,0,0,0,0,0,0,0,0
3903210,0,0,0,0,0,0,0,0,0,0,0,0,0,0,0,0,0,0,0,0,0,0,0,0,0,0,0,0,0,0,0,0,0,0,0,0,0,0,0
3903810,0,0,0,0,0,0,0,0,0,0,0,0,0,0,0,0,0,0,0,0,0,0,0,0,0,0,0,0,0,0,0,0,0,0,0,0,0,0,0
3908360,0,0,0,0,0,0,0,0,0,0,0,0,0,0,0,0,0,0,0,0,0,0,0,0,0,0,0,0,0,0,0,0,0,0,0,0,0,0,0
3911070,0,0,0,0,0,0,0,0,0,0,0,0,0,0,0,0,0,0,0,0,0,0,0,0,0,0,0,0,0,0,0,0,0,0,0,0,0,0,0
3912470,0,0,0,0,0,0,0,0,0,0,0,0,0,0,0,0,0,0,0,0,0,0,0,0,0,0,0,0,0,0,0,0,0,0,0,0,0,0,0
3923160,0,0,0,0,0,0,0,0,0,0,0,0,0,0,0,0,0,0,0,0,0,0,0,0,0,0,0,0,0,0,0,0,0,0,0,0,0,0,0
55518501,40,22,18,38,21,17,1,0,1,3,1,2,0,0,0,2,1,1,46,20,26,18,7,11,0,0,0,3,0,3,11,6,5,14,7,7,1,0,1
55518502,53,27,26,50,26,24,2,1,1,6,4,2,0,0,0,3,1,2,40,21,19,13,7,6,0,0,0,2,0,2,4,2,2,21,12,9,2,2,0
55518503,746,399,347,694,375,319,20,7,13,64,35,29,5,0,5,52,24,28,674,315,359,308,125,183,4,3,1,30,1,29,104,47,57,228,139,89,19,14,5
55518504,28,16,12,28,16,12,2,2,0,5,3,2,0,0,0,0,0,0,15,6,9,4,2,2,0,0,0,1,0,1,3,1,2,7,3,4,0,0,0
55518505,192,103,89,181,98,83,4,2,2,23,16,7,2,0,2,11,5,6,156,67,89,74,32,42,0,0,0,11,0,11,31,15,16,40,20,20,3,1,2
0555141,0,0,0,0,0,0,0,0,0,0,0,0,0,0,0,0,0,0,0,0,0,0,0,0,0,0,0,0,0,0,0,0,0,0,0,0,0,0,0
0555220,0,0,0,0,0,0,0,0,0,0,0,0,0,0,0,0,0,0,0,0,0,0,0,0,0,0,0,0,0,0,0,0,0,0,0,0,0,0,0
55520702,223,129,94,213,126,87,9,2,7,20,12,8,2,0,2,10,3,7,236,113,123,119,50,69,0,0,0,9,0,9,32,15,17,76,48,28,2,2,0
55520705,17,10,7,16,9,7,0,0,0,5,2,3,0,0,0,1,1,0,14,7,7,7,3,4,0,0,0,0,0,0,0,0,0,7,4,3,0,0,0
55520707,22,13,9,18,9,9,0,0,0,3,1,2,0,0,0,4,4,0,18,10,8,15,8,7,0,0,0,0,0,0,2,1,1,1,1,0,0,0,0
55520708,11,7,4,10,6,4,0,0,0,1,1,0,0,0,0,1,1,0,9,3,6,2,0,2,0,0,0,1,0,1,3,1,2,3,2,1,0,0,0
0564720,0,0,0,0,0,0,0,0,0,0,0,0,0,0,0,0,0,0,0,0,0,0,0,0,0,0,0,0,0,0,0,0,0,0,0,0,0,0,0
55521501,58,28,30,54,26,28,6,3,3,17,8,9,0,0,0,4,2,2,170,35,135,154,27,127,0,0,0,0,0,0,3,3,0,13,5,8,2,2,0
55521502,35,20,15,34,20,14,0,0,0,7,5,2,0,0,0,1,0,1,18,7,11,13,3,10,0,0,0,0,0,0,1,1,0,4,3,1,2,2,0
55521503,36,21,15,33,19,14,1,0,1,1,1,0,1,0,1,3,2,1,31,13,18,13,5,8,1,1,0,1,0,1,7,1,6,9,6,3,2,1,1
55521505,65,35,30,58,31,27,2,1,1,8,4,4,0,0,0,7,4,3,59,20,39,37,11,26,2,1,1,1,0,1,8,3,5,11,5,6,4,1,3
55521506,290,156,134,263,141,122,10,5,5,23,9,14,1,0,1,27,15,12,236,106,130,105,47,58,0,0,0,9,0,9,34,17,17,88,42,46,10,6,4
55521508,291,151,140,266,138,128,11,5,6,34,13,21,0,0,0,25,13,12,223,95,128,92,35,57,1,0,1,8,0,8,32,13,19,90,47,43,9,6,3
55521510,347,197,150,317,176,141,8,6,2,43,23,20,1,0,1,30,21,9,287,119,168,166,62,104,2,1,1,7,0,7,31,14,17,81,42,39,32,24,8
55525801,95,50,45,91,49,42,5,3,2,9,2,7,0,0,0,4,1,3,87,44,43,28,14,14,1,0,1,4,0,4,20,11,9,34,19,15,0,0,0
55525802,322,177,145,297,166,131,10,6,4,38,23,15,2,0,2,25,11,14,295,132,163,112,50,62,1,0,1,14,0,14,55,23,32,113,59,54,20,12,8
55530401,184,109,75,178,108,70,5,1,4,15,10,5,0,0,0,6,1,5,136,51,85,72,24,48,0,0,0,10,0,10,24,11,13,30,16,14,4,2,2
55530402,24,12,12,23,11,12,0,0,0,3,1,2,0,0,0,1,1,0,31,12,19,12,7,5,0,0,0,2,0,2,5,1,4,12,4,8,0,0,0
55534701,16,10,6,14,9,5,3,1,2,0,0,0,0,0,0,2,1,1,12,5,7,3,1,2,0,0,0,1,0,1,3,1,2,5,3,2,0,0,0
55534702,22,11,11,22,11,11,1,1,0,1,1,0,0,0,0,0,0,0,28,14,14,20,10,10,2,1,1,0,0,0,1,1,0,5,2,3,0,0,0
55534703,341,194,147,322,188,134,18,5,13,38,23,15,1,0,1,19,6,13,366,180,186,203,111,92,1,1,0,13,0,13,45,19,26,104,49,55,8,7,1
55536301,15,9,6,14,8,6,2,1,1,2,2,0,0,0,0,1,1,0,19,7,12,10,3,7,0,0,0,1,0,1,1,0,1,7,4,3,0,0,0
55536302,406,220,186,367,197,170,15,6,9,43,24,19,4,0,4,39,23,16,327,140,187,162,70,92,1,0,1,13,0,13,49,21,28,102,49,53,13,8,5
55536303,24,14,10,23,13,10,1,1,0,3,2,1,0,0,0,1,1,0,12,6,6,1,1,0,0,0,0,1,0,1,2,1,1,8,4,4,0,0,0
55536304,49,31,18,49,31,18,2,1,1,6,4,2,1,0,1,0,0,0,25,10,15,12,4,8,0,0,0,0,0,0,7,3,4,6,3,3,0,0,0
3020400,0,0,0,0,0,0,0,0,0,0,0,0,0,0,0,0,0,0,0,0,0,0,0,0,0,0,0,0,0,0,0,0,0,0,0,0,0,0,0
55538001,51,26,25,48,25,23,2,0,2,5,2,3,0,0,0,3,1,2,39,22,17,13,7,6,0,0,0,3,0,3,7,5,2,16,10,6,1,0,1
55538002,20,13,7,19,12,7,1,1,0,2,1,1,0,0,0,1,1,0,23,9,14,11,5,6,0,0,0,1,0,1,2,1,1,9,3,6,0,0,0
55538003,17,12,5,17,12,5,0,0,0,1,1,0,0,0,0,0,0,0,17,8,9,10,5,5,1,1,0,1,0,1,2,0,2,3,2,1,0,0,0
55538004,163,93,70,155,91,64,5,3,2,6,4,2,1,0,1,8,2,6,147,64,83,62,26,36,0,0,0,5,0,5,29,10,19,51,28,23,2,0,2
55538006,153,85,68,148,81,67,5,3,2,9,6,3,2,0,2,5,4,1,117,60,57,43,19,24,0,0,0,6,0,6,16,10,6,52,31,21,0,0,0
55538007,31,19,12,30,19,11,0,0,0,2,1,1,1,0,1,1,0,1,22,9,13,9,5,4,0,0,0,2,0,2,7,3,4,4,1,3,2,1,1
55538009,83,47,36,79,46,33,4,3,1,13,7,6,1,0,1,4,1,3,62,30,32,26,13,13,0,0,0,3,0,3,10,5,5,23,12,11,1,1,0
55538010,74,41,33,72,41,31,1,0,1,12,7,5,0,0,0,2,0,2,66,27,39,28,15,13,0,0,0,4,0,4,9,3,6,25,9,16,2,2,0
55538011,84,43,41,82,42,40,5,2,3,10,4,6,0,0,0,2,1,1,70,31,39,35,17,18,0,0,0,1,0,1,4,1,3,30,13,17,2,1,1
55538012,513,282,231,485,274,211,16,7,9,45,29,16,4,0,4,28,8,20,520,216,304,277,105,172,1,0,1,21,1,20,73,34,39,148,76,72,1,0,1
55538013,1139,615,524,1064,568,496,28,13,15,72,38,34,11,0,11,75,47,28,1069,415,654,583,215,368,0,0,0,48,1,47,165,79,86,273,120,153,30,12,18
55538014,209,113,96,194,102,92,4,3,1,19,9,10,0,0,0,15,11,4,154,74,80,84,41,43,0,0,0,5,0,5,17,6,11,48,27,21,1,0,1
55538015,438,230,208,407,213,194,9,1,8,31,14,17,2,0,2,31,17,14,412,187,225,204,84,120,1,1,0,22,0,22,63,36,27,122,66,56,5,2,3
55538016,934,530,404,861,484,377,10,3,7,72,33,39,10,0,10,73,46,27,636,273,363,310,115,195,3,3,0,24,1,23,130,69,61,169,85,84,79,45,34
55538017,102,54,48,100,53,47,3,2,1,11,4,7,0,0,0,2,1,1,109,51,58,46,24,22,0,0,0,5,1,4,22,7,15,36,19,17,1,0,1
55539801,67,39,28,64,38,26,2,1,1,6,5,1,0,0,0,3,1,2,70,36,34,23,11,12,0,0,0,5,0,5,14,7,7,28,18,10,0,0,0
55539802,338,180,158,318,172,146,9,5,4,26,13,13,0,0,0,20,8,12,317,149,168,85,39,46,2,1,1,14,0,14,64,32,32,152,77,75,7,6,1
55539803,1681,912,769,1558,829,729,40,18,22,161,79,82,11,0,11,123,83,40,1506,615,891,807,310,497,1,0,1,56,0,56,212,100,112,430,205,225,60,35,25
0782800,0,0,0,0,0,0,0,0,0,0,0,0,0,0,0,0,0,0,0,0,0,0,0,0,0,0,0,0,0,0,0,0,0,0,0,0,0,0,0
3365050,0,0,0,0,0,0,0,0,0,0,0,0,0,0,0,0,0,0,0,0,0,0,0,0,0,0,0,0,0,0,0,0,0,0,0,0,0,0,0
3365130,0,0,0,0,0,0,0,0,0,0,0,0,0,0,0,0,0,0,0,0,0,0,0,0,0,0,0,0,0,0,0,0,0,0,0,0,0,0,0
3365480,0,0,0,0,0,0,0,0,0,0,0,0,0,0,0,0,0,0,0,0,0,0,0,0,0,0,0,0,0,0,0,0,0,0,0,0,0,0,0
55542801,64,36,28,60,34,26,4,1,3,8,7,1,0,0,0,4,2,2,36,15,21,17,7,10,0,0,0,1,0,1,5,2,3,13,6,7,2,1,1
55542803,140,78,62,136,77,59,7,3,4,9,4,5,0,0,0,4,1,3,92,46,46,33,14,19,0,0,0,4,0,4,18,9,9,37,23,14,2,0,2
55542804,79,52,27,75,51,24,2,2,0,5,4,1,0,0,0,4,1,3,85,35,50,32,11,21,1,1,0,4,1,3,19,11,8,29,11,18,2,1,1
55542805,11,5,6,11,5,6,2,0,2,0,0,0,0,0,0,0,0,0,9,5,4,6,3,3,0,0,0,1,0,1,1,1,0,1,1,0,0,0,0
55542807,135,73,62,132,72,60,5,1,4,15,7,8,1,0,1,3,1,2,97,47,50,46,24,22,0,0,0,1,0,1,11,5,6,39,18,21,4,3,1
55542808,389,366,23,329,312,17,1,0,1,13,12,1,1,0,1,60,54,6,809,784,25,75,66,9,0,0,0,1,0,1,710,705,5,23,13,10,5,3,2
55542809,115,61,54,113,60,53,6,3,3,13,5,8,0,0,0,2,1,1,90,43,47,38,15,23,0,0,0,4,0,4,13,8,5,35,20,15,1,1,0
55542810,15,6,9,13,5,8,1,0,1,2,2,0,0,0,0,2,1,1,11,7,4,4,3,1,0,0,0,0,0,0,1,1,0,6,3,3,0,0,0
55542811,33,18,15,33,18,15,3,2,1,4,0,4,0,0,0,0,0,0,33,19,14,11,7,4,0,0,0,3,0,3,9,4,5,10,8,2,2,1,1
55542813,1460,762,698,1344,695,649,35,14,21,161,76,85,11,0,11,116,67,49,1259,540,719,649,264,385,8,5,3,50,0,50,183,93,90,369,178,191,50,30,20
55542814,92,46,46,85,43,42,9,4,5,8,3,5,1,0,1,7,3,4,57,23,34,21,7,14,0,0,0,1,0,1,9,6,3,26,10,16,1,0,1
55542815,34,21,13,27,17,10,1,1,0,3,2,1,0,0,0,7,4,3,23,13,10,19,11,8,0,0,0,0,0,0,2,1,1,2,1,1,1,0,1
55542816,731,430,301,655,381,274,26,11,15,54,31,23,5,0,5,76,49,27,484,234,250,192,93,99,2,2,0,20,0,20,97,58,39,173,81,92,108,81,27
55542817,2090,1082,1008,1954,1005,949,72,34,38,218,95,123,15,0,15,136,77,59,2013,823,1190,1134,417,717,1,1,0,82,0,82,277,138,139,519,267,252,60,36,24
55542818,2535,1274,1261,2365,1183,1182,75,32,43,231,98,133,23,0,23,170,91,79,2351,1026,1325,1207,491,716,7,5,2,97,1,96,369,194,175,671,335,336,68,35,33
55542819,75,42,33,73,41,32,3,1,2,19,11,8,0,0,0,2,1,1,79,31,48,45,17,28,0,0,0,4,0,4,8,5,3,22,9,13,0,0,0
55542820,21,12,9,20,12,8,0,0,0,1,1,0,0,0,0,1,0,1,21,9,12,7,2,5,0,0,0,1,0,1,4,2,2,9,5,4,1,1,0
55542821,382,215,167,350,198,152,15,6,9,46,24,22,3,0,3,32,17,15,404,183,221,211,93,118,1,1,0,15,1,14,54,30,24,123,58,65,10,4,6
55544401,38,22,16,37,22,15,0,0,0,2,1,1,0,0,0,1,0,1,42,17,25,23,10,13,0,0,0,1,0,1,5,1,4,13,6,7,0,0,0
55544402,22,10,12,20,10,10,1,0,1,1,0,1,0,0,0,2,0,2,23,12,11,16,7,9,0,0,0,0,0,0,5,5,0,2,0,2,0,0,0
55544403,110,65,45,99,62,37,3,0,3,10,5,5,1,0,1,11,3,8,103,46,57,55,25,30,0,0,0,4,0,4,15,9,6,29,12,17,2,2,0
55544404,14,8,6,14,8,6,0,0,0,1,0,1,0,0,0,0,0,0,16,6,10,13,5,8,0,0,0,0,0,0,1,0,1,2,1,1,0,0,0
55544405,11,6,5,10,5,5,0,0,0,0,0,0,0,0,0,1,1,0,9,3,6,3,1,2,0,0,0,0,0,0,2,0,2,4,2,2,0,0,0
1193181,0,0,0,0,0,0,0,0,0,0,0,0,0,0,0,0,0,0,0,0,0,0,0,0,0,0,0,0,0,0,0,0,0,0,0,0,0,0,0
55545201,283,164,119,271,157,114,10,3,7,26,13,13,4,0,4,12,7,5,298,123,175,182,66,116,1,1,0,7,0,7,42,23,19,66,33,33,16,13,3
55547901,193,108,85,173,96,77,2,1,1,7,1,6,0,0,0,20,12,8,150,74,76,54,25,29,2,1,1,5,0,5,32,15,17,57,33,24,8,3,5
55547902,24,13,11,23,13,10,0,0,0,2,0,2,0,0,0,1,0,1,19,9,10,7,4,3,0,0,0,1,0,1,1,0,1,10,5,5,0,0,0
55552501,19,12,7,19,12,7,0,0,0,5,3,2,0,0,0,0,0,0,24,10,14,18,7,11,1,0,1,0,0,0,1,0,1,4,3,1,0,0,0
55552502,35,20,15,35,20,15,1,0,1,5,2,3,0,0,0,0,0,0,39,14,25,17,7,10,1,0,1,2,0,2,7,2,5,12,5,7,0,0,0
55552503,98,59,39,78,50,28,0,0,0,9,8,1,0,0,0,20,9,11,120,53,67,43,19,24,0,0,0,5,0,5,35,14,21,37,20,17,7,6,1
55552504,10,7,3,8,5,3,0,0,0,0,0,0,0,0,0,2,2,0,13,5,8,9,3,6,0,0,0,1,0,1,3,2,1,0,0,0,0,0,0
55552505,16,9,7,15,9,6,0,0,0,3,3,0,0,0,0,1,0,1,18,8,10,11,4,7,0,0,0,1,0,1,2,1,1,4,3,1,0,0,0
55552507,64,38,26,62,38,24,0,0,0,10,4,6,0,0,0,2,0,2,53,29,24,34,16,18,0,0,0,0,0,0,11,7,4,8,6,2,5,2,3
55552508,17,8,9,16,8,8,0,0,0,3,1,2,0,0,0,1,0,1,10,3,7,4,2,2,0,0,0,1,0,1,3,1,2,2,0,2,0,0,0
55553301,192,103,89,183,100,83,6,5,1,15,9,6,1,0,1,9,3,6,118,45,73,39,16,23,1,0,1,6,0,6,18,10,8,54,19,35,3,2,1
55553302,22,12,10,18,12,6,0,0,0,2,0,2,0,0,0,4,0,4,23,9,14,9,4,5,0,0,0,1,0,1,1,0,1,12,5,7,0,0,0
55553303,72,37,35,63,33,30,2,1,1,5,1,4,0,0,0,9,4,5,74,34,40,41,18,23,0,0,0,3,0,3,12,8,4,18,8,10,3,1,2
55553304,168,94,74,160,89,71,5,4,1,11,6,5,1,0,1,8,5,3,144,70,74,58,23,35,1,1,0,11,0,11,28,25,3,46,21,25,0,0,0
55553305,16,9,7,16,9,7,0,0,0,1,1,0,0,0,0,0,0,0,20,13,7,6,3,3,0,0,0,1,0,1,3,3,0,10,7,3,1,0,1
55553306,53,32,21,51,32,19,2,1,1,2,1,1,1,0,1,2,0,2,45,21,24,25,9,16,0,0,0,3,0,3,8,6,2,9,6,3,0,0,0
55553307,41,22,19,41,22,19,1,0,1,4,2,2,1,0,1,0,0,0,38,23,15,12,5,7,0,0,0,1,0,1,10,8,2,15,10,5,0,0,0
55553308,32,17,15,32,17,15,2,1,1,4,2,2,0,0,0,0,0,0,22,8,14,8,3,5,0,0,0,1,0,1,1,1,0,12,4,8,1,0,1
55553309,119,68,51,110,59,51,4,1,3,3,1,2,1,0,1,9,9,0,92,45,47,46,21,25,0,0,0,1,0,1,12,8,4,33,16,17,8,6,2
55555001,59,38,21,49,34,15,2,2,0,2,0,2,0,0,0,10,4,6,46,20,26,18,8,10,0,0,0,3,0,3,9,3,6,16,9,7,3,0,3
55555002,10,9,1,10,9,1,0,0,0,2,1,1,0,0,0,0,0,0,25,9,16,9,5,4,0,0,0,4,0,4,8,3,5,4,1,3,0,0,0
55555003,162,87,75,149,83,66,5,2,3,11,7,4,2,0,2,13,4,9,137,64,73,57,30,27,0,0,0,4,0,4,24,8,16,52,26,26,7,6,1
55555005,61,32,29,55,31,24,1,0,1,5,3,2,2,0,2,6,1,5,60,30,30,28,12,16,0,0,0,3,0,3,9,6,3,20,12,8,1,1,0
55558401,35,20,15,31,19,12,0,0,0,5,3,2,1,0,1,4,1,3,23,9,14,11,5,6,0,0,0,1,0,1,4,2,2,7,2,5,0,0,0
55558402,15,9,6,14,9,5,2,1,1,0,0,0,0,0,0,1,0,1,12,4,8,4,2,2,0,0,0,1,0,1,3,2,1,4,0,4,0,0,0
55558405,29,18,11,27,17,10,1,1,0,3,2,1,0,0,0,2,1,1,23,10,13,7,2,5,1,1,0,3,0,3,4,3,1,8,4,4,2,1,1
55558406,19,13,6,19,13,6,1,0,1,0,0,0,0,0,0,0,0,0,16,5,11,9,3,6,0,0,0,0,0,0,2,0,2,5,2,3,0,0,0
55558407,13,9,4,13,9,4,0,0,0,2,2,0,0,0,0,0,0,0,20,6,14,14,4,10,0,0,0,1,0,1,4,2,2,1,0,1,1,0,1
55558408,146,90,56,138,83,55,2,0,2,9,6,3,0,0,0,8,7,1,157,66,91,91,39,52,0,0,0,8,0,8,23,13,10,35,14,21,7,6,1
55558409,15,8,7,15,8,7,0,0,0,0,0,0,1,0,1,0,0,0,20,9,11,14,5,9,0,0,0,0,0,0,2,1,1,4,3,1,0,0,0
55559201,34,20,14,34,20,14,1,0,1,0,0,0,0,0,0,0,0,0,47,20,27,20,8,12,0,0,0,1,0,1,9,4,5,17,8,9,0,0,0
55559202,21,10,11,19,9,10,1,0,1,1,1,0,0,0,0,2,1,1,12,5,7,5,2,3,0,0,0,0,0,0,0,0,0,7,3,4,0,0,0
55559203,150,88,62,137,80,57,5,3,2,12,6,6,1,0,1,13,8,5,128,53,75,47,23,24,0,0,0,15,0,15,31,15,16,35,15,20,6,6,0
55559204,78,41,37,66,36,30,1,0,1,3,0,3,0,0,0,12,5,7,60,25,35,23,6,17,1,1,0,3,0,3,19,14,5,14,4,10,3,2,1
55561401,112,64,48,103,58,45,4,0,4,16,9,7,0,0,0,9,6,3,74,38,36,28,12,16,0,0,0,6,1,5,14,6,8,26,19,7,9,7,2
55561402,36,22,14,33,22,11,1,1,0,6,5,1,0,0,0,3,0,3,24,9,15,10,3,7,0,0,0,2,0,2,5,1,4,7,5,2,0,0,0
55561403,126,71,55,123,70,53,4,1,3,21,12,9,1,0,1,3,1,2,79,37,42,35,12,23,0,0,0,1,0,1,10,5,5,33,20,13,2,1,1
55561404,49,26,23,48,26,22,2,2,0,6,1,5,0,0,0,1,0,1,38,11,27,10,3,7,1,0,1,3,0,3,8,1,7,16,7,9,0,0,0
55561405,44,24,20,41,22,19,1,0,1,4,1,3,0,0,0,3,2,1,54,29,25,28,14,14,0,0,0,2,0,2,13,6,7,11,9,2,1,0,1
55562201,21,12,9,19,11,8,0,0,0,7,3,4,0,0,0,2,1,1,22,10,12,18,9,9,0,0,0,0,0,0,1,0,1,3,1,2,0,0,0
55562202,24,15,9,24,15,9,0,0,0,1,1,0,0,0,0,0,0,0,25,12,13,15,7,8,1,0,1,0,0,0,2,2,0,7,3,4,0,0,0
55562203,39,19,20,37,19,18,1,1,0,5,5,0,0,0,0,2,0,2,40,21,19,13,9,4,0,0,0,1,0,1,9,3,6,17,9,8,4,1,3
55562206,106,75,31,98,70,28,0,0,0,15,11,4,1,0,1,8,5,3,124,51,73,71,26,45,0,0,0,7,0,7,22,9,13,24,16,8,4,3,1
55562208,39,21,18,36,20,16,1,0,1,1,0,1,0,0,0,3,1,2,39,14,25,15,7,8,0,0,0,1,0,1,5,0,5,18,7,11,1,1,0
0270490,0,0,0,0,0,0,0,0,0,0,0,0,0,0,0,0,0,0,0,0,0,0,0,0,0,0,0,0,0,0,0,0,0,0,0,0,0,0,0
1679320,0,0,0,0,0,0,0,0,0,0,0,0,0,0,0,0,0,0,0,0,0,0,0,0,0,0,0,0,0,0,0,0,0,0,0,0,0,0,0
3020740,0,0,0,0,0,0,0,0,0,0,0,0,0,0,0,0,0,0,0,0,0,0,0,0,0,0,0,0,0,0,0,0,0,0,0,0,0,0,0
55565702,62,45,17,44,36,8,0,0,0,4,3,1,1,0,1,18,9,9,48,24,24,10,4,6,0,0,0,3,0,3,17,9,8,18,11,7,0,0,0
55565703,43,28,15,41,26,15,0,0,0,4,1,3,0,0,0,2,2,0,28,11,17,10,5,5,0,0,0,2,0,2,12,5,7,4,1,3,3,3,0
55565705,76,41,35,67,36,31,0,0,0,4,2,2,1,0,1,9,5,4,90,32,58,40,16,24,0,0,0,5,0,5,16,5,11,29,11,18,0,0,0
55565706,20,12,8,15,10,5,1,0,1,1,0,1,0,0,0,5,2,3,25,13,12,10,6,4,0,0,0,1,0,1,2,1,1,12,6,6,0,0,0
55565707,23,16,7,20,14,6,0,0,0,3,2,1,0,0,0,3,2,1,32,13,19,19,6,13,0,0,0,2,0,2,5,2,3,6,5,1,0,0,0
55565708,23,11,12,22,11,11,0,0,0,2,1,1,1,0,1,1,0,1,45,24,21,29,17,12,0,0,0,0,0,0,4,1,3,12,6,6,1,0,1
55565709,26,16,10,25,16,9,3,2,1,2,1,1,0,0,0,1,0,1,31,9,22,15,4,11,0,0,0,0,0,0,3,0,3,13,5,8,0,0,0
55565711,23,10,13,22,10,12,1,0,1,2,2,0,0,0,0,1,0,1,20,10,10,11,4,7,0,0,0,0,0,0,4,2,2,5,4,1,0,0,0
55565712,22,10,12,19,9,10,0,0,0,5,3,2,0,0,0,3,1,2,25,13,12,16,10,6,0,0,0,0,0,0,2,1,1,7,2,5,0,0,0
55565713,50,31,19,47,29,18,0,0,0,4,2,2,1,0,1,3,2,1,42,19,23,23,10,13,0,0,0,2,0,2,6,1,5,11,8,3,0,0,0
55565714,91,53,38,89,52,37,2,1,1,9,6,3,0,0,0,2,1,1,84,30,54,50,14,36,0,0,0,5,0,5,13,8,5,16,8,8,2,1,1
55565716,756,413,343,711,386,325,16,8,8,61,37,24,4,0,4,45,27,18,703,297,406,377,147,230,6,3,3,25,0,25,111,59,52,184,88,96,33,20,13
55565717,250,142,108,234,130,104,5,4,1,17,10,7,5,0,5,16,12,4,228,105,123,116,49,67,1,1,0,8,0,8,45,27,18,58,28,30,4,1,3
55565718,59,34,25,56,32,24,0,0,0,4,2,2,0,0,0,3,2,1,50,16,34,27,11,16,0,0,0,2,0,2,5,0,5,16,5,11,0,0,0
55565719,222,129,93,206,123,83,4,2,2,22,11,11,0,0,0,16,6,10,210,75,135,109,44,65,0,0,0,11,0,11,31,7,24,59,24,35,7,1,6
55568102,32,15,17,30,14,16,2,2,0,2,1,1,0,0,0,2,1,1,36,15,21,18,7,11,0,0,0,1,0,1,4,2,2,13,6,7,0,0,0
55568103,34,19,15,30,18,12,1,0,1,4,3,1,0,0,0,4,1,3,29,11,18,9,4,5,0,0,0,3,0,3,6,2,4,11,5,6,1,1,0
55568104,25,14,11,25,14,11,0,0,0,5,3,2,0,0,0,0,0,0,16,5,11,8,2,6,0,0,0,1,0,1,6,3,3,1,0,1,2,1,1
55568106,219,119,100,212,116,96,10,3,7,15,8,7,3,0,3,7,3,4,203,92,111,80,33,47,0,0,0,10,0,10,39,21,18,74,38,36,10,8,2
3923910,0,0,0,0,0,0,0,0,0,0,0,0,0,0,0,0,0,0,0,0,0,0,0,0,0,0,0,0,0,0,0,0,0,0,0,0,0,0,0
55569001,21,11,10,19,11,8,0,0,0,2,1,1,0,0,0,2,0,2,24,10,14,15,7,8,1,1,0,1,0,1,3,1,2,4,1,3,1,1,0
55569002,4,2,2,3,2,1,0,0,0,2,1,1,0,0,0,1,0,1,15,8,7,12,6,6,0,0,0,1,0,1,2,2,0,0,0,0,2,1,1
55569003,12,6,6,9,5,4,0,0,0,2,1,1,0,0,0,3,1,2,23,11,12,10,5,5,0,0,0,1,0,1,4,3,1,8,3,5,0,0,0
55569005,126,80,46,110,71,39,0,0,0,14,11,3,2,0,2,16,9,7,132,61,71,73,34,39,2,1,1,6,0,6,23,13,10,28,13,15,3,1,2
55570301,210,115,95,196,111,85,6,0,6,17,7,10,1,0,1,14,4,10,179,83,96,84,39,45,0,0,0,7,0,7,32,15,17,56,29,27,9,6,3
55570302,36,21,15,36,21,15,0,0,0,2,1,1,1,0,1,0,0,0,43,19,24,25,12,13,0,0,0,2,0,2,7,5,2,9,2,7,0,0,0
55571101,30,18,12,25,15,10,0,0,0,4,1,3,0,0,0,5,3,2,28,12,16,12,5,7,0,0,0,0,0,0,7,3,4,9,4,5,1,0,1
55571102,17,11,6,15,11,4,0,0,0,2,2,0,0,0,0,2,0,2,12,5,7,5,3,2,0,0,0,2,0,2,5,2,3,0,0,0,1,0,1
55571104,31,17,14,29,17,12,1,0,1,4,3,1,0,0,0,2,0,2,21,5,16,6,3,3,0,0,0,3,0,3,6,1,5,6,1,5,0,0,0
55571105,14,9,5,14,9,5,0,0,0,2,2,0,0,0,0,0,0,0,14,8,6,6,3,3,0,0,0,2,0,2,2,2,0,4,3,1,0,0,0
55571106,88,53,35,81,47,34,1,0,1,6,3,3,1,0,1,7,6,1,87,36,51,35,12,23,0,0,0,5,0,5,19,10,9,28,14,14,6,4,2
55571108,47,24,23,42,20,22,0,0,0,6,3,3,0,0,0,5,4,1,46,24,22,24,11,13,0,0,0,1,0,1,1,0,1,20,13,7,5,4,1
55573801,124,69,55,117,67,50,3,0,3,10,6,4,0,0,0,7,2,5,95,45,50,40,20,20,0,0,0,6,0,6,18,12,6,31,13,18,1,0,1
55573802,173,104,69,157,96,61,5,3,2,16,7,9,1,0,1,16,8,8,149,66,83,67,32,35,0,0,0,8,0,8,36,14,22,38,20,18,7,6,1
55573803,19,15,4,19,15,4,0,0,0,3,2,1,1,0,1,0,0,0,13,7,6,6,3,3,0,0,0,2,0,2,4,3,1,1,1,0,1,0,1
1977340,0,0,0,0,0,0,0,0,0,0,0,0,0,0,0,0,0,0,0,0,0,0,0,0,0,0,0,0,0,0,0,0,0,0,0,0,0,0,0
1977420,0,0,0,0,0,0,0,0,0,0,0,0,0,0,0,0,0,0,0,0,0,0,0,0,0,0,0,0,0,0,0,0,0,0,0,0,0,0,0
1977770,0,0,0,0,0,0,0,0,0,0,0,0,0,0,0,0,0,0,0,0,0,0,0,0,0,0,0,0,0,0,0,0,0,0,0,0,0,0,0
55576203,33,18,15,30,16,14,1,0,1,3,0,3,0,0,0,3,2,1,35,15,20,23,11,12,0,0,0,1,0,1,5,2,3,6,2,4,1,1,0
55576205,13,6,7,12,6,6,0,0,0,4,1,3,0,0,0,1,0,1,19,10,9,6,4,2,0,0,0,2,0,2,7,4,3,4,2,2,0,0,0
55576206,21,14,7,18,13,5,2,2,0,1,1,0,0,0,0,3,1,2,29,14,15,15,5,10,0,0,0,2,0,2,7,5,2,5,4,1,2,0,2
55576207,19,12,7,17,12,5,2,1,1,2,2,0,0,0,0,2,0,2,13,3,10,7,2,5,0,0,0,1,0,1,3,0,3,2,1,1,0,0,0
55576208,1047,572,475,958,538,420,18,9,9,105,54,51,8,0,8,89,34,55,897,385,512,447,173,274,2,1,1,42,0,42,131,67,64,275,144,131,29,24,5
55694701,281,162,119,269,156,113,5,2,3,26,14,12,0,0,0,12,6,6,267,108,159,116,37,79,1,0,1,18,0,18,51,31,20,81,40,41,1,1,0
56667501,30,17,13,26,17,9,1,1,0,0,0,0,1,0,1,4,0,4,19,5,14,6,3,3,0,0,0,1,0,1,4,1,3,8,1,7,0,0,0
56667503,66,35,31,53,32,21,0,0,0,5,2,3,0,0,0,13,3,10,60,21,39,22,8,14,0,0,0,4,0,4,11,4,7,23,9,14,4,4,0
57801101,48,32,16,44,30,14,1,1,0,7,6,1,0,0,0,4,2,2,50,24,26,17,8,9,0,0,0,5,0,5,15,8,7,13,8,5,6,5,1
57802901,84,42,42,81,42,39,1,0,1,11,5,6,1,0,1,3,0,3,137,47,90,98,28,70,0,0,0,1,0,1,6,3,3,32,16,16,0,0,0
57802902,72,34,38,67,32,35,6,1,5,8,4,4,0,0,0,5,2,3,54,23,31,25,10,15,0,0,0,1,0,1,5,1,4,23,12,11,0,0,0
0739460,0,0,0,0,0,0,0,0,0,0,0,0,0,0,0,0,0,0,0,0,0,0,0,0,0,0,0,0,0,0,0,0,0,0,0,0,0,0,0
0739540,0,0,0,0,0,0,0,0,0,0,0,0,0,0,0,0,0,0,0,0,0,0,0,0,0,0,0,0,0,0,0,0,0,0,0,0,0,0,0
57804501,19,12,7,19,12,7,0,0,0,0,0,0,0,0,0,0,0,0,12,4,8,7,3,4,0,0,0,0,0,0,0,0,0,5,1,4,1,0,1
57804502,18,8,10,16,7,9,1,0,1,2,0,2,0,0,0,2,1,1,11,7,4,3,1,2,1,1,0,0,0,0,1,0,1,6,5,1,2,1,1
57804503,125,64,61,122,62,60,3,0,3,8,3,5,1,0,1,3,2,1,106,42,64,32,17,15,1,0,1,7,0,7,20,5,15,46,20,26,4,2,2
57804505,10,7,3,10,7,3,1,1,0,1,1,0,0,0,0,0,0,0,10,5,5,3,1,2,0,0,0,0,0,0,5,2,3,2,2,0,0,0,0
51158701,44,25,19,42,25,17,1,0,1,7,4,3,0,0,0,2,0,2,13,6,7,7,2,5,0,0,0,0,0,0,2,2,0,4,2,2,0,0,0
51158702,25,13,12,25,13,12,1,0,1,1,1,0,0,0,0,0,0,0,30,13,17,5,2,3,0,0,0,3,0,3,9,6,3,13,5,8,1,1,0
51158703,13,6,7,13,6,7,1,1,0,1,0,1,0,0,0,0,0,0,13,4,9,7,1,6,0,0,0,0,0,0,0,0,0,6,3,3,0,0,0
51158704,58,32,26,54,29,25,5,3,2,10,5,5,0,0,0,4,3,1,45,16,29,22,7,15,0,0,0,3,0,3,6,1,5,14,8,6,0,0,0
51158705,68,32,36,66,32,34,0,0,0,8,0,8,0,0,0,2,0,2,67,33,34,30,13,17,0,0,0,1,0,1,14,6,8,22,14,8,4,2,2
0738220,0,0,0,0,0,0,0,0,0,0,0,0,0,0,0,0,0,0,0,0,0,0,0,0,0,0,0,0,0,0,0,0,0,0,0,0,0,0,0
53833701,16,11,5,15,10,5,1,1,0,0,0,0,0,0,0,1,1,0,13,6,7,4,2,2,0,0,0,0,0,0,2,1,1,7,3,4,2,0,2
53833702,29,17,12,29,17,12,1,1,0,1,0,1,1,0,1,0,0,0,18,7,11,3,1,2,0,0,0,0,0,0,4,2,2,11,4,7,0,0,0
53833703,310,173,137,299,168,131,11,6,5,36,19,17,2,0,2,11,5,6,269,126,143,120,52,68,1,1,0,10,0,10,38,15,23,100,58,42,10,4,6
53839601,195,102,93,186,99,87,8,3,5,19,8,11,3,0,3,9,3,6,132,56,76,63,29,34,0,0,0,6,0,6,24,7,17,39,20,19,4,2,2
53843401,686,376,310,643,346,297,16,5,11,63,26,37,2,0,2,43,30,13,617,264,353,287,118,169,4,2,2,30,0,30,98,48,50,198,96,102,35,21,14
53843402,20,11,9,17,10,7,0,0,0,2,1,1,0,0,0,3,1,2,14,7,7,10,6,4,0,0,0,0,0,0,1,0,1,3,1,2,0,0,0
53843403,147,76,71,141,74,67,9,4,5,13,6,7,0,0,0,6,2,4,125,56,69,67,30,37,1,0,1,5,0,5,10,4,6,42,22,20,2,1,1
53859101,636,338,298,576,303,273,22,6,16,62,36,26,3,0,3,60,35,25,626,285,341,272,109,163,0,0,0,21,0,21,119,51,68,214,125,89,32,20,12
53866301,83,42,41,79,41,38,3,1,2,9,6,3,1,0,1,4,1,3,77,43,34,35,19,16,0,0,0,2,0,2,13,10,3,27,14,13,0,0,0
3024570,0,0,0,0,0,0,0,0,0,0,0,0,0,0,0,0,0,0,0,0,0,0,0,0,0,0,0,0,0,0,0,0,0,0,0,0,0,0,0
56028601,47,27,20,46,26,20,0,0,0,5,1,4,1,0,1,1,1,0,43,21,22,24,11,13,0,0,0,1,0,1,11,8,3,7,2,5,0,0,0
56028603,108,62,46,99,56,43,5,5,0,16,8,8,0,0,0,9,6,3,91,40,51,36,16,20,1,0,1,5,0,5,17,7,10,32,17,15,1,1,0
56028605,798,419,379,688,367,321,20,13,7,75,39,36,3,0,3,110,52,58,740,339,401,335,140,195,0,0,0,34,1,33,164,87,77,207,111,96,70,38,32
56028606,488,322,166,406,265,141,1,0,1,33,15,18,0,0,0,82,57,25,357,155,202,177,75,102,1,0,1,18,0,18,68,29,39,93,51,42,124,101,23
56028607,893,462,431,837,433,404,31,16,15,101,44,57,8,0,8,56,29,27,847,363,484,452,185,267,0,0,0,36,0,36,125,59,66,234,119,115,31,19,12
56028608,2869,1475,1394,2608,1342,1266,82,39,43,324,143,181,12,0,12,261,133,128,2895,1255,1640,1527,639,888,2,1,1,123,0,123,471,212,259,772,403,369,111,57,54
56028609,1331,694,637,1157,611,546,48,8,40,131,51,80,6,0,6,174,83,91,1250,522,728,605,233,372,3,2,1,58,0,58,225,92,133,359,195,164,68,38,30
56028610,1813,925,888,1686,851,835,50,19,31,163,66,97,12,0,12,127,74,53,1400,595,805,663,270,393,4,3,1,64,0,64,227,102,125,442,220,222,36,24,12
56028611,296,156,140,271,140,131,14,5,9,31,16,15,0,0,0,25,16,9,264,121,143,118,56,62,0,0,0,12,0,12,42,19,23,92,46,46,6,4,2
56028612,12,8,4,7,6,1,0,0,0,3,3,0,0,0,0,5,2,3,10,9,1,6,5,1,0,0,0,0,0,0,2,2,0,2,2,0,0,0,0
56028613,493,261,232,457,236,221,15,5,10,63,28,35,0,0,0,36,25,11,492,202,290,309,122,187,3,2,1,9,0,9,58,23,35,113,55,58,13,9,4
56028615,880,440,440,820,412,408,37,15,22,89,38,51,4,1,3,60,28,32,766,315,451,431,164,267,2,2,0,28,0,28,109,50,59,196,99,97,33,18,15
56028616,529,276,253,504,263,241,21,9,12,56,28,28,0,0,0,25,13,12,463,204,259,234,89,145,0,0,0,16,0,16,77,47,30,136,68,68,18,13,5
56028617,75,36,39,69,33,36,4,1,3,5,1,4,1,0,1,6,3,3,54,25,29,23,9,14,0,0,0,4,0,4,10,7,3,17,9,8,0,0,0
56028618,272,151,121,177,106,71,5,2,3,18,12,6,0,0,0,95,45,50,359,179,180,68,35,33,1,0,1,18,0,18,139,73,66,133,71,62,38,19,19
0146640,0,0,0,0,0,0,0,0,0,0,0,0,0,0,0,0,0,0,0,0,0,0,0,0,0,0,0,0,0,0,0,0,0,0,0,0,0,0,0
0704590,0,0,0,0,0,0,0,0,0,0,0,0,0,0,0,0,0,0,0,0,0,0,0,0,0,0,0,0,0,0,0,0,0,0,0,0,0,0,0
0704670,0,0,0,0,0,0,0,0,0,0,0,0,0,0,0,0,0,0,0,0,0,0,0,0,0,0,0,0,0,0,0,0,0,0,0,0,0,0,0
0704750,0,0,0,0,0,0,0,0,0,0,0,0,0,0,0,0,0,0,0,0,0,0,0,0,0,0,0,0,0,0,0,0,0,0,0,0,0,0,0
0704830,0,0,0,0,0,0,0,0,0,0,0,0,0,0,0,0,0,0,0,0,0,0,0,0,0,0,0,0,0,0,0,0,0,0,0,0,0,0,0
0705050,0,0,0,0,0,0,0,0,0,0,0,0,0,0,0,0,0,0,0,0,0,0,0,0,0,0,0,0,0,0,0,0,0,0,0,0,0,0,0
56029401,1130,596,534,1067,563,504,50,23,27,103,54,49,10,0,10,63,33,30,1067,456,611,525,200,325,7,3,4,42,1,41,182,94,88,311,158,153,43,24,19
56029402,50,29,21,47,28,19,0,0,0,10,5,5,0,0,0,3,1,2,31,15,16,14,5,9,0,0,0,1,0,1,3,2,1,13,8,5,0,0,0
56029403,20,13,7,18,11,7,0,0,0,1,1,0,1,0,1,2,2,0,16,6,10,7,1,6,0,0,0,0,0,0,3,1,2,6,4,2,0,0,0
56029407,23,11,12,23,11,12,0,0,0,4,2,2,0,0,0,0,0,0,10,4,6,8,4,4,0,0,0,0,0,0,1,0,1,1,0,1,0,0,0
56029409,26,13,13,26,13,13,0,0,0,4,2,2,0,0,0,0,0,0,25,11,14,10,4,6,0,0,0,1,0,1,6,4,2,8,3,5,1,1,0
56029410,84,48,36,81,47,34,2,2,0,14,9,5,0,0,0,3,1,2,51,22,29,21,8,13,0,0,0,2,0,2,6,2,4,22,12,10,0,0,0
56030801,177,95,82,166,86,80,7,3,4,18,9,9,0,0,0,11,9,2,173,92,81,95,53,42,0,0,0,5,0,5,22,12,10,51,27,24,12,8,4
56031601,680,384,296,570,327,243,7,3,4,68,35,33,7,0,7,110,57,53,689,298,391,320,130,190,0,0,0,27,0,27,147,68,79,195,100,95,69,43,26
56032401,349,185,164,316,164,152,7,1,6,26,12,14,4,0,4,33,21,12,314,139,175,152,64,88,0,0,0,11,0,11,40,18,22,111,57,54,14,9,5
56032402,83,44,39,78,41,37,3,1,2,10,5,5,0,0,0,5,3,2,74,38,36,25,13,12,0,0,0,4,0,4,17,12,5,28,13,15,1,1,0
56033201,133,77,56,121,71,50,4,0,4,13,6,7,0,0,0,12,6,6,110,52,58,45,19,26,0,0,0,7,0,7,23,13,10,35,20,15,12,9,3
56034101,37,23,14,36,22,14,1,0,1,3,0,3,0,0,0,1,1,0,18,6,12,6,2,4,0,0,0,2,0,2,3,1,2,7,3,4,2,1,1
56034102,86,50,36,84,49,35,6,2,4,5,3,2,0,0,0,2,1,1,67,31,36,25,7,18,0,0,0,2,0,2,9,7,2,31,17,14,7,4,3
56034103,49,29,20,44,27,17,1,1,0,1,1,0,0,0,0,5,2,3,27,7,20,7,3,4,1,1,0,1,0,1,8,1,7,10,2,8,0,0,0
56034104,29,17,12,25,16,9,0,0,0,4,4,0,0,0,0,4,1,3,18,11,7,13,7,6,0,0,0,0,0,0,0,0,0,5,4,1,1,1,0
56035901,1840,997,843,1649,891,758,47,19,28,172,85,87,14,0,14,191,106,85,1631,712,919,775,320,455,3,2,1,71,3,68,338,160,178,444,227,217,142,92,50
56035902,292,147,145,272,141,131,11,2,9,30,13,17,1,0,1,20,6,14,309,137,172,195,83,112,2,1,1,9,0,9,26,13,13,77,40,37,2,2,0
56035903,33,16,17,31,14,17,0,0,0,2,0,2,0,0,0,2,2,0,30,15,15,18,10,8,1,1,0,0,0,0,1,0,1,10,4,6,2,2,0
56035904,12,8,4,12,8,4,0,0,0,1,0,1,0,0,0,0,0,0,10,5,5,7,5,2,0,0,0,1,0,1,1,0,1,1,0,1,0,0,0
56035905,54,33,21,51,33,18,2,2,0,7,4,3,2,0,2,3,0,3,38,14,24,14,4,10,0,0,0,3,0,3,10,3,7,11,7,4,1,0,1
56035906,52,23,29,50,22,28,0,0,0,5,2,3,0,0,0,2,1,1,35,16,19,19,10,9,0,0,0,0,0,0,7,2,5,9,4,5,0,0,0
56036702,20,10,10,18,9,9,0,0,0,2,1,1,0,0,0,2,1,1,46,23,23,31,15,16,0,0,0,3,0,3,5,3,2,7,5,2,1,1,0
56036703,28,22,6,8,5,3,0,0,0,1,0,1,0,0,0,20,17,3,44,30,14,39,27,12,0,0,0,1,1,0,3,1,2,1,1,0,1,0,1
56036704,691,389,302,601,334,267,16,6,10,69,32,37,2,0,2,90,55,35,594,245,349,290,107,183,0,0,0,29,0,29,105,56,49,170,82,88,40,31,9
56036705,92,58,34,79,50,29,1,1,0,8,7,1,0,0,0,13,8,5,120,56,64,37,19,18,0,0,0,6,0,6,18,6,12,59,31,28,4,3,1
56036706,681,384,297,631,362,269,21,9,12,73,37,36,7,0,7,50,22,28,704,318,386,372,153,219,3,3,0,25,0,25,133,60,73,171,102,69,33,21,12
56036707,35,26,9,33,24,9,4,2,2,5,4,1,0,0,0,2,2,0,22,7,15,9,3,6,0,0,0,2,0,2,4,2,2,7,2,5,0,0,0
56036708,251,136,115,236,130,106,6,2,4,30,12,18,0,0,0,15,6,9,258,109,149,147,57,90,0,0,0,16,0,16,34,20,14,61,32,29,1,1,0
56036709,33,19,14,27,15,12,1,0,1,2,1,1,0,0,0,6,4,2,31,13,18,21,10,11,1,1,0,0,0,0,4,0,4,5,2,3,3,1,2
56036712,290,167,123,281,160,121,8,5,3,41,23,18,1,0,1,9,7,2,218,106,112,93,47,46,0,0,0,8,0,8,35,15,20,82,44,38,13,6,7
56036713,335,331,4,334,331,3,3,3,0,6,5,1,0,0,0,1,0,1,357,349,8,18,18,0,0,0,0,0,0,0,331,329,2,8,2,6,0,0,0
56036715,445,230,215,425,224,201,18,9,9,48,18,30,5,0,5,20,6,14,342,147,195,127,49,78,0,0,0,16,0,16,69,36,33,130,62,68,18,11,7
56037501,133,79,54,123,74,49,1,0,1,17,10,7,0,0,0,10,5,5,125,51,74,68,25,43,0,0,0,6,0,6,18,9,9,33,17,16,8,4,4
1537700,0,0,0,0,0,0,0,0,0,0,0,0,0,0,0,0,0,0,0,0,0,0,0,0,0,0,0,0,0,0,0,0,0,0,0,0,0,0,0
56038301,168,95,73,162,91,71,6,2,4,16,9,7,0,0,0,6,4,2,127,60,67,62,26,36,0,0,0,5,0,5,14,7,7,46,27,19,2,0,2
56038302,887,527,360,786,463,323,26,15,11,67,32,35,3,0,3,101,64,37,635,269,366,304,116,188,3,3,0,26,0,26,120,61,59,182,89,93,116,81,35
56038304,28,16,12,14,8,6,0,0,0,0,0,0,0,0,0,14,8,6,21,12,9,4,1,3,0,0,0,0,0,0,8,6,2,9,5,4,3,3,0
56038305,73,45,28,40,26,14,0,0,0,1,0,1,0,0,0,33,19,14,98,41,57,18,5,13,2,1,1,7,2,5,36,17,19,35,16,19,22,13,9
56038306,1944,1051,893,1686,914,772,37,13,24,135,65,70,12,0,12,258,137,121,1747,730,1017,813,299,514,1,1,0,87,1,86,324,159,165,522,270,252,94,55,39
56038308,88,54,34,64,37,27,1,1,0,4,2,2,0,0,0,24,17,7,81,37,44,49,26,23,0,0,0,5,0,5,8,4,4,19,7,12,2,2,0
56038309,468,247,221,429,226,203,8,3,5,43,24,19,3,0,3,39,21,18,453,187,266,242,106,136,2,1,1,25,0,25,65,28,37,119,52,67,14,10,4
56038310,980,515,465,888,463,425,17,6,11,87,37,50,9,0,9,92,52,40,998,416,582,589,235,354,1,1,0,39,0,39,134,62,72,235,118,117,43,28,15
56038311,1105,576,529,1030,537,493,38,20,18,100,45,55,2,0,2,75,39,36,956,429,527,521,218,303,1,1,0,31,0,31,118,54,64,285,156,129,16,10,6
56038312,643,336,307,582,305,277,16,5,11,55,24,31,4,0,4,61,31,30,611,238,373,325,111,214,2,1,1,37,0,37,88,51,37,159,75,84,28,11,17
0604880,0,0,0,0,0,0,0,0,0,0,0,0,0,0,0,0,0,0,0,0,0,0,0,0,0,0,0,0,0,0,0,0,0,0,0,0,0,0,0
56041301,16,9,7,12,7,5,0,0,0,0,0,0,1,0,1,4,2,2,25,12,13,12,6,6,0,0,0,2,0,2,6,4,2,5,2,3,0,0,0
56041302,27,14,13,26,13,13,0,0,0,6,1,5,0,0,0,1,1,0,31,17,14,24,12,12,0,0,0,0,0,0,1,0,1,6,5,1,3,2,1
56041303,24,14,10,24,14,10,1,1,0,5,4,1,1,0,1,0,0,0,17,11,6,9,7,2,0,0,0,0,0,0,5,3,2,3,1,2,1,1,0
56041305,24,15,9,22,13,9,0,0,0,2,1,1,1,0,1,2,2,0,14,6,8,6,3,3,0,0,0,0,0,0,2,1,1,6,2,4,0,0,0
56041307,153,86,67,144,80,64,7,2,5,15,7,8,1,0,1,9,6,3,149,71,78,71,32,39,0,0,0,6,0,6,26,12,14,46,27,19,10,7,3
56042101,81,48,33,76,46,30,0,0,0,7,4,3,2,0,2,5,2,3,66,23,43,37,13,24,0,0,0,2,0,2,9,1,8,18,9,9,4,4,0
56042102,127,73,54,119,69,50,3,2,1,11,3,8,0,0,0,8,4,4,104,49,55,54,24,30,1,0,1,3,0,3,12,6,6,34,19,15,6,4,2
0722810,0,0,0,0,0,0,0,0,0,0,0,0,0,0,0,0,0,0,0,0,0,0,0,0,0,0,0,0,0,0,0,0,0,0,0,0,0,0,0
0723030,0,0,0,0,0,0,0,0,0,0,0,0,0,0,0,0,0,0,0,0,0,0,0,0,0,0,0,0,0,0,0,0,0,0,0,0,0,0,0
56045601,22,14,8,21,14,7,0,0,0,4,3,1,0,0,0,1,0,1,16,6,10,10,3,7,0,0,0,0,0,0,2,1,1,4,2,2,0,0,0
56045602,13,10,3,13,10,3,0,0,0,1,1,0,0,0,0,0,0,0,15,6,9,6,4,2,0,0,0,3,0,3,3,0,3,3,2,1,0,0,0
56045603,11,6,5,11,6,5,0,0,0,1,1,0,0,0,0,0,0,0,11,6,5,0,0,0,0,0,0,1,0,1,5,4,1,5,2,3,0,0,0
56045604,392,200,192,372,191,181,19,7,12,37,16,21,1,0,1,20,9,11,314,158,156,121,60,61,1,0,1,14,0,14,65,29,36,113,69,44,18,9,9
56045605,29,16,13,24,12,12,1,1,0,4,2,2,0,0,0,5,4,1,14,6,8,8,3,5,0,0,0,0,0,0,1,0,1,5,3,2,0,0,0
56045606,25,12,13,24,12,12,0,0,0,7,3,4,0,0,0,1,0,1,16,8,8,11,7,4,1,0,1,1,0,1,1,1,0,2,0,2,0,0,0
0726812,0,0,0,0,0,0,0,0,0,0,0,0,0,0,0,0,0,0,0,0,0,0,0,0,0,0,0,0,0,0,0,0,0,0,0,0,0,0,0
56046401,404,207,197,375,193,182,10,2,8,22,11,11,4,0,4,29,14,15,479,218,261,279,105,174,2,2,0,16,0,16,57,37,20,125,74,51,10,9,1
0733260,0,0,0,0,0,0,0,0,0,0,0,0,0,0,0,0,0,0,0,0,0,0,0,0,0,0,0,0,0,0,0,0,0,0,0,0,0,0,0
3091410,0,0,0,0,0,0,0,0,0,0,0,0,0,0,0,0,0,0,0,0,0,0,0,0,0,0,0,0,0,0,0,0,0,0,0,0,0,0,0
56047201,21,11,10,20,10,10,1,0,1,2,0,2,0,0,0,1,1,0,21,11,10,11,7,4,0,0,0,2,0,2,4,2,2,4,2,2,2,0,2
56047202,13,7,6,10,6,4,0,0,0,0,0,0,0,0,0,3,1,2,16,6,10,6,3,3,0,0,0,2,0,2,5,2,3,3,1,2,0,0,0
56047205,21,16,5,19,15,4,0,0,0,3,3,0,0,0,0,2,1,1,17,5,12,10,3,7,0,0,0,2,0,2,4,2,2,1,0,1,0,0,0
56047207,49,29,20,46,28,18,1,0,1,4,3,1,0,0,0,3,1,2,39,21,18,24,14,10,0,0,0,0,0,0,4,1,3,11,6,5,0,0,0
56047208,64,37,27,58,33,25,0,0,0,4,3,1,1,0,1,6,4,2,68,37,31,29,15,14,0,0,0,4,0,4,16,10,6,19,12,7,3,2,1
56047209,20,10,10,19,10,9,0,0,0,3,2,1,0,0,0,1,0,1,24,12,12,13,7,6,0,0,0,0,0,0,2,0,2,9,5,4,1,1,0
56047210,20,9,11,19,9,10,0,0,0,2,1,1,0,0,0,1,0,1,22,10,12,11,4,7,1,1,0,2,0,2,2,1,1,6,4,2,0,0,0
56047213,20,12,8,18,12,6,0,0,0,5,2,3,0,0,0,2,0,2,11,4,7,4,2,2,0,0,0,1,0,1,2,1,1,4,1,3,0,0,0
56047214,221,125,96,217,124,93,4,4,0,19,12,7,1,0,1,4,1,3,231,109,122,123,55,68,0,0,0,10,0,10,23,11,12,75,43,32,3,2,1
56047215,286,153,133,253,139,114,7,1,6,35,19,16,1,0,1,33,14,19,291,137,154,146,70,76,1,0,1,3,0,3,42,23,19,99,44,55,10,6,4
56047216,24,11,13,24,11,13,0,0,0,4,3,1,1,0,1,0,0,0,35,15,20,27,13,14,0,0,0,1,0,1,2,0,2,5,2,3,2,2,0
56047217,416,211,205,375,193,182,8,2,6,63,28,35,1,0,1,41,18,23,512,220,292,309,132,177,1,1,0,25,0,25,83,34,49,94,53,41,43,24,19
56047218,779,433,346,697,383,314,15,10,5,67,25,42,4,0,4,82,50,32,752,314,438,387,151,236,5,3,2,34,1,33,134,59,75,192,100,92,86,50,36
56047219,316,175,141,291,158,133,4,3,1,37,18,19,0,0,0,25,17,8,287,139,148,147,65,82,1,1,0,7,0,7,42,22,20,90,51,39,6,4,2
56047220,720,385,335,651,351,300,13,6,7,64,36,28,3,0,3,69,34,35,785,351,434,370,159,211,0,0,0,27,0,27,129,56,73,259,136,123,29,14,15
56047221,5,3,2,5,3,2,0,0,0,0,0,0,0,0,0,0,0,0,13,4,9,8,3,5,0,0,0,0,0,0,1,0,1,4,1,3,2,1,1
56049901,31,16,15,27,14,13,0,0,0,3,2,1,0,0,0,4,2,2,23,7,16,9,5,4,0,0,0,1,0,1,3,0,3,10,2,8,0,0,0
56049902,20,10,10,19,10,9,0,0,0,6,4,2,0,0,0,1,0,1,18,8,10,5,2,3,0,0,0,0,0,0,2,2,0,11,4,7,1,0,1
56049903,1948,1019,929,1823,954,869,41,16,25,182,81,101,16,0,16,125,65,60,1746,770,976,892,362,530,3,1,2,68,0,68,289,143,146,494,264,230,96,57,39
56049904,92,44,48,81,40,41,0,0,0,5,4,1,0,0,0,11,4,7,73,36,37,30,14,16,0,0,0,1,0,1,16,10,6,26,12,14,7,5,2
56049906,36,18,18,34,16,18,2,0,2,4,2,2,0,0,0,2,2,0,28,12,16,12,3,9,0,0,0,1,0,1,2,1,1,13,8,5,1,1,0
56049907,27,17,10,27,17,10,0,0,0,7,5,2,0,0,0,0,0,0,18,7,11,8,2,6,0,0,0,0,0,0,2,1,1,8,4,4,0,0,0
56049908,295,272,23,290,270,20,5,5,0,5,4,1,1,0,1,5,2,3,288,259,29,43,28,15,0,0,0,2,0,2,232,225,7,11,6,5,1,0,1
56049909,69,37,32,60,31,29,2,0,2,5,2,3,0,0,0,9,6,3,166,51,115,139,39,100,0,0,0,1,0,1,7,4,3,19,8,11,1,1,0
56050201,20,11,9,20,11,9,1,1,0,3,2,1,0,0,0,0,0,0,16,5,11,12,4,8,0,0,0,0,0,0,0,0,0,4,1,3,1,1,0
56050202,234,125,109,213,118,95,2,1,1,11,4,7,0,0,0,21,7,14,205,89,116,113,48,65,0,0,0,14,0,14,34,19,15,44,22,22,13,7,6
56053701,12,7,5,12,7,5,1,1,0,1,1,0,0,0,0,0,0,0,8,2,6,6,1,5,0,0,0,0,0,0,1,1,0,1,0,1,1,0,1
56053702,634,321,313,595,306,289,31,18,13,49,20,29,2,0,2,39,15,24,507,222,285,191,80,111,4,4,0,29,0,29,82,31,51,201,107,94,14,9,5
56053703,310,178,132,296,168,128,9,6,3,36,21,15,2,0,2,14,10,4,233,114,119,108,40,68,2,1,1,7,0,7,38,23,15,78,50,28,24,19,5
56053705,426,231,195,392,213,179,13,7,6,45,24,21,1,0,1,34,18,16,319,160,159,120,51,69,0,0,0,18,1,17,75,48,27,106,60,46,14,6,8
56053706,149,82,67,121,63,58,6,3,3,14,9,5,1,0,1,28,19,9,123,48,75,52,23,29,0,0,0,4,0,4,23,12,11,44,13,31,2,1,1
56053707,35,17,18,35,17,18,0,0,0,0,0,0,0,0,0,0,0,0,32,17,15,21,11,10,0,0,0,1,0,1,1,1,0,9,5,4,1,1,0
56053708,43,25,18,38,24,14,2,0,2,2,2,0,0,0,0,5,1,4,49,24,25,22,8,14,0,0,0,3,0,3,5,4,1,19,12,7,0,0,0
56054501,413,222,191,381,202,179,15,8,7,32,12,20,3,0,3,32,20,12,350,171,179,163,71,92,1,0,1,16,0,16,51,28,23,119,72,47,10,7,3
56054502,279,150,129,268,145,123,12,5,7,17,10,7,4,0,4,11,5,6,225,97,128,75,29,46,0,0,0,14,0,14,48,21,27,88,47,41,8,4,4
56056101,20,14,6,16,12,4,0,0,0,1,0,1,0,0,0,4,2,2,25,11,14,2,1,1,0,0,0,4,0,4,11,5,6,8,5,3,3,1,2
56056102,65,38,27,54,34,20,2,1,1,5,2,3,1,0,1,11,4,7,63,29,34,26,13,13,0,0,0,4,0,4,17,8,9,16,8,8,7,4,3
56057001,30,16,14,26,15,11,2,1,1,1,1,0,0,0,0,4,1,3,19,11,8,4,2,2,0,0,0,1,0,1,5,3,2,9,6,3,0,0,0
56057002,110,60,50,100,56,44,3,1,2,11,8,3,2,0,2,10,4,6,73,34,39,28,15,13,0,0,0,3,0,3,10,3,7,32,16,16,3,0,3
56057003,63,34,29,59,32,27,2,2,0,5,3,2,1,0,1,4,2,2,74,33,41,33,13,20,0,0,0,2,0,2,11,6,5,28,14,14,3,2,1
56057004,241,136,105,222,127,95,5,3,2,27,16,11,1,0,1,19,9,10,248,109,139,149,67,82,0,0,0,10,0,10,29,14,15,60,28,32,18,16,2
56057005,493,280,213,362,211,151,9,5,4,30,14,16,0,0,0,131,69,62,460,195,265,203,87,116,1,0,1,32,0,32,112,53,59,112,55,57,30,13,17
56057006,341,189,152,305,170,135,10,6,4,24,9,15,1,0,1,36,19,17,293,137,156,133,62,71,0,0,0,16,0,16,59,30,29,85,45,40,23,17,6
56058801,45,25,20,42,25,17,3,3,0,6,3,3,1,0,1,3,0,3,37,20,17,18,8,10,0,0,0,1,0,1,8,5,3,10,7,3,1,1,0
56058802,340,185,155,265,143,122,8,5,3,34,16,18,1,0,1,75,42,33,326,142,184,164,70,94,0,0,0,9,0,9,51,19,32,102,53,49,37,25,12
56058804,228,123,105,207,112,95,2,0,2,23,11,12,2,0,2,21,11,10,266,111,155,139,56,83,0,0,0,9,0,9,46,19,27,72,36,36,18,11,7
56058805,101,60,41,90,54,36,3,2,1,8,2,6,2,0,2,11,6,5,84,37,47,40,16,24,0,0,0,3,0,3,17,8,9,24,13,11,7,3,4
56058806,23,11,12,23,11,12,1,1,0,2,1,1,0,0,0,0,0,0,23,10,13,12,6,6,0,0,0,0,0,0,2,0,2,9,4,5,0,0,0
56058807,10,7,3,8,5,3,0,0,0,0,0,0,0,0,0,2,2,0,11,4,7,9,3,6,0,0,0,0,0,0,1,0,1,1,1,0,0,0,0
1341470,0,0,0,0,0,0,0,0,0,0,0,0,0,0,0,0,0,0,0,0,0,0,0,0,0,0,0,0,0,0,0,0,0,0,0,0,0,0,0
1341550,0,0,0,0,0,0,0,0,0,0,0,0,0,0,0,0,0,0,0,0,0,0,0,0,0,0,0,0,0,0,0,0,0,0,0,0,0,0,0
56059601,28,16,12,25,14,11,1,0,1,4,2,2,0,0,0,3,2,1,36,17,19,20,9,11,1,1,0,2,0,2,8,6,2,5,1,4,0,0,0
56060001,16,8,8,15,8,7,0,0,0,3,0,3,0,0,0,1,0,1,12,7,5,3,2,1,0,0,0,1,0,1,4,2,2,4,3,1,2,1,1
56060002,107,60,47,102,59,43,1,1,0,15,7,8,1,0,1,5,1,4,106,49,57,62,29,33,0,0,0,3,0,3,18,7,11,23,13,10,0,0,0
56060003,1005,559,446,882,493,389,19,3,16,95,43,52,3,0,3,123,66,57,1026,420,606,522,196,326,5,3,2,35,0,35,172,82,90,292,139,153,109,67,42
56060004,101,59,42,80,47,33,0,0,0,10,6,4,1,0,1,21,12,9,87,41,46,31,18,13,0,0,0,8,0,8,28,9,19,20,14,6,12,6,6
56060005,21,11,10,17,9,8,0,0,0,5,2,3,0,0,0,4,2,2,32,15,17,26,14,12,1,0,1,0,0,0,2,0,2,3,1,2,0,0,0
1421820,0,0,0,0,0,0,0,0,0,0,0,0,0,0,0,0,0,0,0,0,0,0,0,0,0,0,0,0,0,0,0,0,0,0,0,0,0,0,0
56061803,20,11,9,19,10,9,0,0,0,3,1,2,0,0,0,1,1,0,20,10,10,6,5,1,0,0,0,3,0,3,7,2,5,4,3,1,1,1,0
56061805,89,50,39,70,41,29,0,0,0,11,4,7,0,0,0,19,9,10,82,41,41,39,18,21,0,0,0,2,0,2,17,12,5,24,11,13,18,12,6
56061806,15,8,7,13,7,6,0,0,0,2,0,2,0,0,0,2,1,1,18,6,12,10,4,6,0,0,0,1,0,1,3,0,3,4,2,2,1,1,0
56064201,400,226,174,380,216,164,9,4,5,45,25,20,3,0,3,20,10,10,364,171,193,187,83,104,2,1,1,9,0,9,56,23,33,110,64,46,15,9,6
1576510,0,0,0,0,0,0,0,0,0,0,0,0,0,0,0,0,0,0,0,0,0,0,0,0,0,0,0,0,0,0,0,0,0,0,0,0,0,0,0
56065101,243,140,103,229,132,97,5,2,3,32,22,10,2,0,2,14,8,6,235,105,130,121,53,68,1,1,0,9,0,9,41,15,26,63,36,27,5,4,1
1625580,0,0,0,0,0,0,0,0,0,0,0,0,0,0,0,0,0,0,0,0,0,0,0,0,0,0,0,0,0,0,0,0,0,0,0,0,0,0,0
56067701,51,32,19,46,31,15,2,2,0,5,2,3,1,0,1,5,1,4,50,22,28,22,11,11,0,0,0,3,0,3,14,6,8,11,5,6,3,1,2
56067702,27,16,11,23,15,8,0,0,0,4,3,1,0,0,0,4,1,3,32,16,16,21,12,9,0,0,0,2,0,2,5,2,3,4,2,2,1,0,1
56067704,33,17,16,33,17,16,0,0,0,7,3,4,0,0,0,0,0,0,22,14,8,8,6,2,0,0,0,0,0,0,5,2,3,9,6,3,0,0,0
56067705,49,31,18,45,27,18,0,0,0,11,7,4,1,0,1,4,4,0,38,16,22,23,9,14,0,0,0,0,0,0,9,5,4,6,2,4,3,2,1
56068501,579,320,259,463,257,206,13,6,7,41,23,18,3,0,3,116,63,53,543,239,304,194,81,113,0,0,0,33,2,31,135,67,68,181,89,92,53,28,25
3313090,0,0,0,0,0,0,0,0,0,0,0,0,0,0,0,0,0,0,0,0,0,0,0,0,0,0,0,0,0,0,0,0,0,0,0,0,0,0,0
56070701,178,112,66,123,81,42,2,1,1,11,6,5,1,0,1,55,31,24,164,75,89,39,21,18,0,0,0,17,0,17,45,25,20,63,29,34,18,14,4
57936001,140,77,63,132,72,60,5,3,2,8,4,4,2,0,2,8,5,3,119,54,65,46,22,24,1,1,0,5,0,5,21,10,11,46,21,25,2,2,0
53039501,101,59,42,95,56,39,1,0,1,14,8,6,3,0,3,6,3,3,97,43,54,37,18,19,2,1,1,7,0,7,23,10,13,28,14,14,7,4,3
53041701,54,28,26,52,27,25,3,1,2,13,9,4,0,0,0,2,1,1,58,27,31,42,21,21,0,0,0,0,0,0,4,1,3,12,5,7,2,1,1
54464701,167,97,70,154,89,65,5,2,3,10,6,4,1,0,1,13,8,5,162,72,90,52,22,30,1,0,1,11,0,11,38,17,21,60,33,27,6,3,3
54468001,140,71,69,133,70,63,3,1,2,23,10,13,0,0,0,7,1,6,170,73,97,109,45,64,3,3,0,2,0,2,19,7,12,37,18,19,5,3,2
54470101,106,62,44,101,59,42,4,2,2,10,7,3,3,0,3,5,3,2,119,58,61,69,31,38,0,0,0,3,0,3,16,7,9,31,20,11,4,2,2
54553801,81,46,35,77,43,34,2,0,2,6,5,1,0,0,0,4,3,1,70,39,31,33,20,13,0,0,0,6,0,6,13,7,6,18,12,6,0,0,0
54553802,29,17,12,29,17,12,0,0,0,4,3,1,0,0,0,0,0,0,22,8,14,12,4,8,0,0,0,1,0,1,3,1,2,6,3,3,0,0,0
54567801,361,200,161,343,193,150,11,6,5,22,9,13,3,0,3,18,7,11,324,147,177,136,59,77,0,0,0,21,0,21,66,36,30,101,52,49,7,4,3
54570801,108,64,44,101,60,41,4,2,2,10,3,7,1,0,1,7,4,3,103,51,52,45,24,21,0,0,0,3,0,3,28,12,16,27,15,12,14,9,5
54570802,17,13,4,13,10,3,0,0,0,1,1,0,0,0,0,4,3,1,23,6,17,18,6,12,1,0,1,1,0,1,2,0,2,1,0,1,3,1,2
54578301,28,15,13,28,15,13,1,0,1,3,1,2,0,0,0,0,0,0,23,13,10,8,5,3,0,0,0,2,0,2,2,2,0,11,6,5,0,0,0
54578302,184,113,71,174,107,67,4,0,4,13,8,5,0,0,0,10,6,4,181,86,95,86,42,44,0,0,0,11,0,11,27,12,15,57,32,25,6,3,3
54579101,122,71,51,112,66,46,2,1,1,14,11,3,2,0,2,10,5,5,90,41,49,39,17,22,0,0,0,4,0,4,19,8,11,28,16,12,3,1,2
54585601,286,164,122,276,163,113,13,4,9,32,17,15,2,0,2,10,1,9,271,106,165,130,54,76,2,1,1,5,0,5,42,13,29,92,38,54,2,2,0
54589901,83,47,36,74,41,33,4,1,3,9,3,6,0,0,0,9,6,3,80,37,43,41,23,18,0,0,0,6,0,6,9,5,4,24,9,15,2,0,2
54589902,109,60,49,102,56,46,3,0,3,6,5,1,0,0,0,7,4,3,108,51,57,58,27,31,0,0,0,6,0,6,14,7,7,30,17,13,1,0,1
54592901,188,112,76,175,106,69,4,3,1,16,11,5,2,0,2,13,6,7,211,89,122,118,50,68,0,0,0,10,0,10,38,20,18,45,19,26,9,6,3
54633001,92,45,47,85,40,45,6,1,5,9,2,7,0,0,0,7,5,2,101,48,53,41,21,20,0,0,0,5,0,5,19,10,9,36,17,19,3,3,0
54633002,11,6,5,11,6,5,1,1,0,3,1,2,0,0,0,0,0,0,9,3,6,2,1,1,0,0,0,0,0,0,0,0,0,7,2,5,0,0,0
54633003,6,4,2,6,4,2,0,0,0,0,0,0,0,0,0,0,0,0,16,8,8,12,6,6,0,0,0,0,0,0,2,1,1,2,1,1,0,0,0
54634801,128,71,57,121,69,52,2,1,1,20,13,7,1,0,1,7,2,5,133,62,71,65,28,37,0,0,0,2,0,2,17,9,8,49,25,24,3,3,0
54645301,122,71,51,118,69,49,4,2,2,10,6,4,0,0,0,4,2,2,132,67,65,51,25,26,0,0,0,3,0,3,21,9,12,57,33,24,5,2,3
54649601,487,273,214,460,263,197,16,10,6,51,24,27,3,0,3,27,10,17,414,195,219,182,76,106,0,0,0,12,0,12,60,29,31,160,90,70,9,5,4
55519301,25,11,14,24,11,13,0,0,0,0,0,0,0,0,0,1,0,1,21,7,14,9,3,6,0,0,0,1,0,1,4,1,3,7,3,4,2,2,0
55519303,20,9,11,17,8,9,1,0,1,1,0,1,1,0,1,3,1,2,27,15,12,14,9,5,0,0,0,1,0,1,6,4,2,6,2,4,0,0,0
55519304,28,13,15,26,12,14,0,0,0,3,2,1,0,0,0,2,1,1,27,13,14,10,5,5,0,0,0,1,0,1,3,2,1,13,6,7,0,0,0
55519305,191,110,81,179,105,74,4,1,3,13,8,5,0,0,0,12,5,7,164,74,90,73,32,41,0,0,0,6,0,6,26,10,16,59,32,27,9,6,3
0250032,0,0,0,0,0,0,0,0,0,0,0,0,0,0,0,0,0,0,0,0,0,0,0,0,0,0,0,0,0,0,0,0,0,0,0,0,0,0,0
0250540,0,0,0,0,0,0,0,0,0,0,0,0,0,0,0,0,0,0,0,0,0,0,0,0,0,0,0,0,0,0,0,0,0,0,0,0,0,0,0
0252670,0,0,0,0,0,0,0,0,0,0,0,0,0,0,0,0,0,0,0,0,0,0,0,0,0,0,0,0,0,0,0,0,0,0,0,0,0,0,0
0252830,0,0,0,0,0,0,0,0,0,0,0,0,0,0,0,0,0,0,0,0,0,0,0,0,0,0,0,0,0,0,0,0,0,0,0,0,0,0,0
0252910,0,0,0,0,0,0,0,0,0,0,0,0,0,0,0,0,0,0,0,0,0,0,0,0,0,0,0,0,0,0,0,0,0,0,0,0,0,0,0
3099230,0,0,0,0,0,0,0,0,0,0,0,0,0,0,0,0,0,0,0,0,0,0,0,0,0,0,0,0,0,0,0,0,0,0,0,0,0,0,0
3194650,0,0,0,0,0,0,0,0,0,0,0,0,0,0,0,0,0,0,0,0,0,0,0,0,0,0,0,0,0,0,0,0,0,0,0,0,0,0,0
3194730,0,0,0,0,0,0,0,0,0,0,0,0,0,0,0,0,0,0,0,0,0,0,0,0,0,0,0,0,0,0,0,0,0,0,0,0,0,0,0
3368150,0,0,0,0,0,0,0,0,0,0,0,0,0,0,0,0,0,0,0,0,0,0,0,0,0,0,0,0,0,0,0,0,0,0,0,0,0,0,0
3368310,0,0,0,0,0,0,0,0,0,0,0,0,0,0,0,0,0,0,0,0,0,0,0,0,0,0,0,0,0,0,0,0,0,0,0,0,0,0,0
56233501,36,22,14,29,19,10,0,0,0,6,3,3,0,0,0,7,3,4,45,19,26,28,13,15,0,0,0,1,0,1,6,2,4,10,4,6,4,3,1
56233502,39,19,20,37,17,20,0,0,0,3,2,1,0,0,0,2,2,0,36,19,17,11,6,5,0,0,0,2,0,2,11,5,6,12,8,4,1,1,0
56233503,37,21,16,35,20,15,1,0,1,1,1,0,0,0,0,2,1,1,14,6,8,6,2,4,0,0,0,1,0,1,3,1,2,4,3,1,0,0,0
56233506,83,45,38,81,45,36,7,2,5,5,2,3,1,0,1,2,0,2,98,41,57,39,16,23,1,0,1,7,0,7,14,6,8,37,19,18,0,0,0
56233507,2196,1147,1049,2061,1091,970,93,43,50,262,135,127,17,0,17,135,56,79,2042,822,1220,1073,392,681,7,5,2,66,0,66,304,138,166,592,287,305,92,55,37
56233509,43,25,18,41,25,16,0,0,0,2,2,0,0,0,0,2,0,2,43,25,18,19,10,9,0,0,0,1,0,1,5,4,1,18,11,7,0,0,0
56233510,1651,858,793,1557,812,745,64,29,35,168,82,86,12,0,12,94,46,48,1635,646,989,891,294,597,5,3,2,58,0,58,241,122,119,440,227,213,49,25,24
56233512,1309,706,603,1225,667,558,50,24,26,143,81,62,8,0,8,84,39,45,1155,511,644,553,207,346,6,3,3,44,0,44,192,113,79,360,188,172,63,35,28
56233514,17,9,8,16,8,8,0,0,0,3,2,1,0,0,0,1,1,0,13,5,8,9,4,5,0,0,0,0,0,0,1,0,1,3,1,2,1,1,0
56233516,93,50,43,86,46,40,3,0,3,9,2,7,0,0,0,7,4,3,64,30,34,31,14,17,0,0,0,2,0,2,10,5,5,21,11,10,0,0,0
56233517,1566,832,734,1401,758,643,46,16,30,169,69,100,10,0,10,165,74,91,1854,732,1122,1137,414,723,7,4,3,60,0,60,263,129,134,387,185,202,79,44,35
56233520,2291,1294,997,2020,1140,880,64,25,39,218,110,108,11,0,11,271,154,117,1986,868,1118,865,370,495,9,7,2,89,2,87,383,191,192,640,298,342,304,224,80
56233521,234,124,110,224,119,105,9,3,6,29,17,12,1,0,1,10,5,5,217,91,126,106,42,64,0,0,0,5,0,5,31,12,19,75,37,38,5,3,2
56233522,174,91,83,166,88,78,7,1,6,14,7,7,1,0,1,8,3,5,162,78,84,83,36,47,3,3,0,6,0,6,18,10,8,52,29,23,3,2,1
56233523,144,89,55,104,66,38,3,1,2,10,2,8,0,0,0,40,23,17,179,70,109,41,17,24,1,1,0,11,1,10,70,31,39,56,20,36,19,7,12
56233526,1365,749,616,1259,697,562,56,23,33,172,101,71,8,0,8,106,52,54,1481,649,832,798,342,456,8,2,6,43,0,43,182,84,98,450,221,229,50,32,18
56233527,1766,932,834,1611,855,756,63,28,35,203,84,119,13,0,13,155,77,78,2335,965,1370,1358,513,845,4,2,2,69,1,68,317,156,161,587,293,294,60,32,28
56233528,199,106,93,187,102,85,8,4,4,24,10,14,2,0,2,12,4,8,243,92,151,143,59,84,1,0,1,7,0,7,31,9,22,61,24,37,3,1,2
56233529,601,337,264,555,308,247,24,10,14,57,35,22,2,0,2,46,29,17,626,285,341,312,138,174,3,2,1,18,0,18,85,41,44,208,104,104,25,13,12
56233530,335,185,150,287,164,123,8,4,4,26,12,14,4,0,4,48,21,27,335,148,187,122,54,68,0,0,0,12,0,12,92,36,56,109,58,51,34,19,15
56233532,1814,972,842,1698,922,776,58,20,38,211,96,115,16,0,16,116,50,66,1820,804,1016,974,395,579,3,3,0,73,0,73,276,147,129,494,259,235,36,16,20
56233533,463,247,216,437,233,204,24,12,12,52,29,23,4,0,4,26,14,12,430,192,238,229,96,133,1,1,0,14,0,14,59,26,33,127,69,58,14,8,6
56233534,135,72,63,124,69,55,5,0,5,12,7,5,1,0,1,11,3,8,152,79,73,72,36,36,0,0,0,6,0,6,26,17,9,48,26,22,5,2,3
56233536,151,84,67,143,79,64,6,4,2,19,10,9,0,0,0,8,5,3,125,56,69,64,25,39,1,0,1,4,0,4,15,10,5,41,21,20,1,1,0
56233537,74,43,31,70,41,29,4,0,4,4,2,2,1,0,1,4,2,2,90,41,49,46,21,25,0,0,0,2,0,2,15,7,8,27,13,14,2,0,2
56233538,916,483,433,858,463,395,31,13,18,88,46,42,4,0,4,58,20,38,817,341,476,393,149,244,2,0,2,31,1,30,127,62,65,264,129,135,24,11,13
56233539,188,99,89,186,99,87,5,1,4,28,16,12,1,1,0,2,0,2,145,75,70,56,26,30,0,0,0,7,0,7,25,16,9,57,33,24,0,0,0
56233540,73,43,30,67,39,28,0,0,0,8,4,4,0,0,0,6,4,2,67,38,29,39,22,17,0,0,0,0,0,0,0,0,0,28,16,12,1,1,0
56233542,299,156,143,291,153,138,12,2,10,26,15,11,2,0,2,8,3,5,293,130,163,108,45,63,0,0,0,12,0,12,40,17,23,133,68,65,2,2,0
56233543,89,46,43,78,40,38,3,0,3,4,2,2,0,0,0,11,6,5,92,40,52,44,17,27,1,0,1,4,0,4,13,6,7,30,17,13,4,1,3
56233544,120,66,54,116,65,51,7,5,2,13,3,10,0,0,0,4,1,3,111,53,58,69,36,33,0,0,0,4,0,4,15,4,11,23,13,10,1,0,1
56233545,47,26,21,47,26,21,0,0,0,7,4,3,1,0,1,0,0,0,47,24,23,23,9,14,0,0,0,1,0,1,8,5,3,15,10,5,3,1,2
56233546,266,152,114,255,147,108,8,3,5,36,21,15,2,0,2,11,5,6,289,132,157,159,68,91,1,0,1,7,0,7,31,19,12,91,45,46,4,1,3
56233547,61,35,26,60,35,25,1,1,0,9,5,4,0,0,0,1,0,1,37,17,20,18,7,11,0,0,0,1,0,1,7,4,3,11,6,5,2,1,1
56233548,107,57,50,104,55,49,6,4,2,12,7,5,1,0,1,3,2,1,86,36,50,34,14,20,0,0,0,3,0,3,9,5,4,40,17,23,2,2,0
56233549,113,62,51,110,62,48,1,0,1,10,5,5,1,0,1,3,0,3,104,51,53,54,22,32,1,1,0,5,0,5,10,6,4,34,22,12,1,0,1
56233550,232,118,114,221,113,108,11,5,6,23,5,18,2,0,2,11,5,6,212,105,107,112,52,60,0,0,0,8,0,8,27,17,10,65,36,29,1,1,0
56233551,181,93,88,172,88,84,14,9,5,36,20,16,1,0,1,9,5,4,123,55,68,63,25,38,1,0,1,2,0,2,15,9,6,42,21,21,2,1,1
56233552,88,45,43,85,44,41,4,2,2,5,5,0,0,0,0,3,1,2,87,36,51,45,21,24,0,0,0,3,0,3,11,2,9,28,13,15,0,0,0
56233553,159,91,68,152,86,66,9,4,5,11,6,5,2,0,2,7,5,2,138,65,73,58,24,34,1,1,0,5,0,5,15,5,10,59,35,24,0,0,0
56233555,1987,1073,914,1709,941,768,46,16,30,181,78,103,12,0,12,278,132,146,2313,1015,1298,921,373,548,8,3,5,108,0,108,539,261,278,737,378,359,137,65,72
56233556,40,34,6,39,33,6,1,0,1,1,1,0,0,0,0,1,1,0,13,3,10,6,2,4,0,0,0,0,0,0,2,0,2,5,1,4,5,4,1
56233557,144,79,65,138,77,61,5,2,3,18,9,9,0,0,0,6,2,4,123,56,67,57,23,34,0,0,0,8,0,8,25,14,11,33,19,14,2,1,1
56233558,207,121,86,196,116,80,5,3,2,21,13,8,2,0,2,11,5,6,192,87,105,97,44,53,1,0,1,4,0,4,25,11,14,65,32,33,2,1,1
56233559,18,9,9,17,9,8,0,0,0,2,1,1,0,0,0,1,0,1,12,5,7,7,4,3,0,0,0,0,0,0,1,1,0,4,0,4,0,0,0
56233560,141,83,58,131,78,53,5,1,4,19,9,10,1,0,1,10,5,5,138,63,75,75,32,43,0,0,0,6,0,6,17,10,7,40,21,19,3,3,0
56233561,73,41,32,68,37,31,1,0,1,12,9,3,0,0,0,5,4,1,78,35,43,40,18,22,0,0,0,3,0,3,10,5,5,25,12,13,1,1,0
56233563,47,27,20,47,27,20,0,0,0,7,5,2,0,0,0,0,0,0,45,25,20,21,11,10,0,0,0,0,0,0,2,1,1,22,13,9,1,0,1
56233564,24,15,9,23,14,9,0,0,0,2,2,0,0,0,0,1,1,0,21,14,7,14,10,4,0,0,0,1,0,1,1,1,0,5,3,2,0,0,0
56233565,50,25,25,47,24,23,3,0,3,4,1,3,1,0,1,3,1,2,40,18,22,13,6,7,0,0,0,2,0,2,8,3,5,17,9,8,0,0,0
56234301,201,118,83,189,113,76,9,5,4,21,12,9,2,0,2,12,5,7,187,79,108,94,43,51,1,1,0,7,0,7,28,11,17,57,24,33,2,2,0
56235101,35,18,17,32,17,15,3,0,3,1,0,1,1,0,1,3,1,2,18,7,11,8,3,5,0,0,0,2,0,2,4,2,2,4,2,2,1,1,0
56235102,157,88,69,144,79,65,2,1,1,11,7,4,2,0,2,13,9,4,194,78,116,127,50,77,0,0,0,7,0,7,27,15,12,33,13,20,2,2,0
56235103,50,31,19,37,23,14,0,0,0,5,3,2,0,0,0,13,8,5,54,21,33,13,5,8,0,0,0,2,0,2,15,6,9,24,10,14,2,0,2
56235104,47,28,19,39,23,16,2,0,2,1,1,0,2,0,2,8,5,3,61,28,33,39,16,23,0,0,0,2,0,2,10,7,3,10,5,5,4,3,1
56235105,213,117,96,195,112,83,9,3,6,18,8,10,0,0,0,18,5,13,235,111,124,107,49,58,0,0,0,9,0,9,34,13,21,85,49,36,7,3,4
56235106,241,148,93,215,134,81,2,1,1,19,11,8,1,0,1,26,14,12,235,108,127,99,42,57,1,1,0,9,0,9,50,26,24,76,39,37,19,15,4
56235109,423,234,189,398,222,176,12,6,6,44,27,17,2,0,2,25,12,13,505,196,309,292,99,193,1,1,0,20,0,20,67,34,33,125,62,63,10,6,4
56235110,16,11,5,14,9,5,0,0,0,3,1,2,0,0,0,2,2,0,17,9,8,13,7,6,0,0,0,0,0,0,1,0,1,3,2,1,0,0,0
56235111,105,58,47,98,55,43,4,1,3,10,6,4,0,0,0,7,3,4,115,51,64,57,26,31,0,0,0,5,0,5,15,5,10,38,20,18,4,3,1
56235113,41,23,18,41,23,18,0,0,0,2,0,2,0,0,0,0,0,0,50,19,31,31,10,21,0,0,0,0,0,0,3,0,3,16,9,7,0,0,0
56235114,331,195,136,300,178,122,8,2,6,24,12,12,3,0,3,31,17,14,340,150,190,147,59,88,0,0,0,15,1,14,60,30,30,118,60,58,8,1,7
0213512,0,0,0,0,0,0,0,0,0,0,0,0,0,0,0,0,0,0,0,0,0,0,0,0,0,0,0,0,0,0,0,0,0,0,0,0,0,0,0
3098690,0,0,0,0,0,0,0,0,0,0,0,0,0,0,0,0,0,0,0,0,0,0,0,0,0,0,0,0,0,0,0,0,0,0,0,0,0,0,0
56239401,403,222,181,356,200,156,13,6,7,35,19,16,1,0,1,47,22,25,349,149,200,152,61,91,0,0,0,9,0,9,68,33,35,120,55,65,13,7,6
56239402,49,25,24,42,21,21,0,0,0,6,4,2,3,0,3,7,4,3,44,18,26,21,7,14,0,0,0,1,0,1,12,7,5,10,4,6,1,0,1
56239403,50,21,29,47,19,28,2,0,2,8,2,6,0,0,0,3,2,1,78,20,58,55,8,47,0,0,0,0,0,0,5,3,2,18,9,9,3,3,0
56239404,17,10,7,15,8,7,2,1,1,1,1,0,0,0,0,2,2,0,23,13,10,10,5,5,0,0,0,1,1,0,4,2,2,8,5,3,0,0,0
56239405,141,78,63,130,69,61,7,3,4,19,7,12,2,0,2,11,9,2,167,77,90,106,46,60,1,1,0,2,0,2,16,8,8,42,22,20,3,0,3
56239406,21,12,9,20,11,9,0,0,0,3,0,3,1,0,1,1,1,0,22,12,10,6,3,3,0,0,0,1,0,1,3,0,3,12,9,3,0,0,0
56239407,86,42,44,82,39,43,2,1,1,6,3,3,3,0,3,4,3,1,106,47,59,54,23,31,0,0,0,4,0,4,15,7,8,33,17,16,3,2,1
56239409,30,15,15,29,15,14,3,2,1,1,0,1,0,0,0,1,0,1,33,13,20,15,8,7,0,0,0,1,0,1,5,2,3,12,3,9,0,0,0
56239410,38,20,18,36,19,17,2,0,2,6,2,4,0,0,0,2,1,1,31,20,11,20,13,7,0,0,0,0,0,0,1,0,1,10,7,3,0,0,0
56239411,79,44,35,51,28,23,2,0,2,3,2,1,0,0,0,28,16,12,81,38,43,30,14,16,1,1,0,5,0,5,26,12,14,19,11,8,4,2,2
56239412,64,38,26,61,36,25,2,0,2,9,5,4,0,0,0,3,2,1,71,37,34,36,18,18,1,1,0,6,0,6,12,9,3,16,9,7,1,1,0
56239413,45,25,20,43,24,19,0,0,0,7,6,1,0,0,0,2,1,1,35,18,17,23,11,12,0,0,0,1,0,1,5,4,1,6,3,3,2,1,1
56239414,16,6,10,16,6,10,0,0,0,3,1,2,0,0,0,0,0,0,14,7,7,9,5,4,0,0,0,0,0,0,2,1,1,3,1,2,0,0,0
56239415,36,18,18,34,18,16,0,0,0,6,5,1,0,0,0,2,0,2,44,19,25,18,7,11,0,0,0,0,0,0,3,2,1,23,10,13,2,1,1
56239416,99,56,43,92,52,40,3,2,1,14,4,10,0,0,0,7,4,3,108,49,59,48,22,26,1,1,0,5,0,5,16,11,5,38,15,23,1,1,0
56239417,46,21,25,43,20,23,0,0,0,12,3,9,0,0,0,3,1,2,46,24,22,34,16,18,0,0,0,0,0,0,2,2,0,10,6,4,0,0,0
56239418,207,103,104,189,94,95,6,3,3,31,17,14,1,0,1,18,9,9,244,103,141,153,59,94,0,0,0,9,0,9,35,19,16,47,25,22,6,4,2
56239419,256,141,115,240,130,110,9,3,6,36,15,21,0,0,0,16,11,5,248,123,125,133,61,72,0,0,0,7,0,7,32,17,15,76,45,31,5,2,3
56239420,567,314,253,485,268,217,17,9,8,54,26,28,2,0,2,82,46,36,625,283,342,317,140,177,2,1,1,22,1,21,99,49,50,185,92,93,45,29,16
56239421,145,81,64,139,77,62,4,2,2,12,6,6,1,0,1,6,4,2,242,95,147,150,52,98,0,0,0,3,1,2,13,6,7,76,36,40,0,0,0
56240801,281,157,124,260,150,110,7,2,5,26,14,12,1,0,1,21,7,14,255,121,134,127,55,72,0,0,0,14,0,14,44,29,15,70,37,33,15,11,4
56240802,48,29,19,47,28,19,2,2,0,6,4,2,0,0,0,1,1,0,36,16,20,19,9,10,0,0,0,0,0,0,3,2,1,14,5,9,0,0,0
56243201,512,286,226,469,266,203,8,2,6,69,38,31,3,0,3,43,20,23,565,249,316,275,118,157,2,1,1,17,0,17,96,52,44,175,78,97,13,8,5
56243202,43,24,19,40,22,18,0,0,0,2,2,0,0,0,0,3,2,1,52,23,29,19,9,10,0,0,0,3,0,3,14,5,9,16,9,7,0,0,0
56244101,616,330,286,574,309,265,20,8,12,65,31,34,1,0,1,42,21,21,572,244,328,254,105,149,3,2,1,25,2,23,97,49,48,193,86,107,50,32,18
56244102,118,73,45,105,65,40,5,4,1,18,15,3,0,0,0,13,8,5,124,65,59,71,41,30,0,0,0,4,0,4,17,7,10,32,17,15,6,5,1
56244103,18,9,9,17,9,8,0,0,0,2,1,1,0,0,0,1,0,1,35,12,23,19,8,11,0,0,0,1,0,1,5,0,5,10,4,6,0,0,0
56244105,24,18,6,23,17,6,0,0,0,8,7,1,0,0,0,1,1,0,20,8,12,9,5,4,0,0,0,1,0,1,4,1,3,6,2,4,0,0,0
56248301,22,16,6,22,16,6,1,1,0,3,3,0,0,0,0,0,0,0,24,11,13,15,8,7,0,0,0,1,0,1,5,2,3,3,1,2,1,0,1
56248302,83,50,33,75,48,27,2,1,1,6,3,3,0,0,0,8,2,6,58,26,32,26,13,13,0,0,0,4,0,4,10,3,7,18,10,8,1,1,0
56248303,126,71,55,121,70,51,3,1,2,10,4,6,0,0,0,5,1,4,147,68,79,71,34,37,0,0,0,5,0,5,20,10,10,51,24,27,1,1,0
56250501,371,205,166,352,191,161,8,5,3,43,23,20,1,0,1,19,14,5,317,146,171,164,80,84,0,0,0,11,0,11,51,22,29,91,44,47,6,5,1
56250502,9,6,3,9,6,3,0,0,0,0,0,0,0,0,0,0,0,0,13,7,6,7,3,4,0,0,0,2,0,2,3,3,0,1,1,0,0,0,0
56250504,45,21,24,43,20,23,3,0,3,2,0,2,0,0,0,2,1,1,33,15,18,6,4,2,0,0,0,0,0,0,8,3,5,19,8,11,5,4,1
56251301,92,56,36,90,55,35,0,0,0,10,6,4,1,0,1,2,1,1,70,32,38,22,10,12,1,0,1,3,0,3,23,11,12,21,11,10,13,8,5
56251302,32,19,13,31,18,13,1,0,1,9,5,4,0,0,0,1,1,0,17,10,7,13,8,5,1,0,1,0,0,0,0,0,0,3,2,1,0,0,0
56252101,203,113,90,187,108,79,6,2,4,20,9,11,0,0,0,16,5,11,157,73,84,61,27,34,0,0,0,3,0,3,20,9,11,73,37,36,6,4,2
56252102,57,31,26,55,30,25,1,0,1,9,5,4,0,0,0,2,1,1,56,24,32,25,10,15,0,0,0,2,0,2,5,3,2,24,11,13,0,0,0
56252103,13,8,5,12,7,5,1,0,1,2,2,0,0,0,0,1,1,0,20,11,9,9,5,4,0,0,0,0,0,0,4,2,2,7,4,3,0,0,0
56252104,54,28,26,51,26,25,3,0,3,4,2,2,0,0,0,3,2,1,53,23,30,21,11,10,0,0,0,3,0,3,7,5,2,22,7,15,0,0,0
56252105,17,12,5,16,11,5,0,0,0,4,1,3,0,0,0,1,1,0,49,23,26,47,22,25,0,0,0,0,0,0,0,0,0,2,1,1,2,2,0
56252106,43,21,22,40,20,20,2,0,2,3,1,2,1,0,1,3,1,2,45,22,23,20,8,12,1,0,1,2,0,2,8,5,3,14,9,5,0,0,0
56253001,142,83,59,125,73,52,3,1,2,12,4,8,0,0,0,17,10,7,234,125,109,133,74,59,0,0,0,10,0,10,42,20,22,49,31,18,6,2,4
56253002,102,57,45,93,52,41,4,1,3,12,5,7,1,0,1,9,5,4,105,44,61,54,22,32,0,0,0,4,0,4,20,6,14,27,16,11,3,3,0
56253003,306,170,136,291,159,132,7,2,5,31,12,19,1,0,1,15,11,4,296,128,168,153,59,94,4,1,3,10,0,10,42,20,22,87,48,39,18,12,6
56253004,77,41,36,71,38,33,3,2,1,6,1,5,1,0,1,6,3,3,64,26,38,29,13,16,0,0,0,4,0,4,13,6,7,18,7,11,0,0,0
0592690,0,0,0,0,0,0,0,0,0,0,0,0,0,0,0,0,0,0,0,0,0,0,0,0,0,0,0,0,0,0,0,0,0,0,0,0,0,0,0
56255602,84,48,36,80,45,35,3,0,3,5,3,2,0,0,0,4,3,1,55,23,32,48,21,27,1,1,0,0,0,0,3,1,2,3,0,3,8,6,2
56255603,20,11,9,19,10,9,3,2,1,2,1,1,1,0,1,1,1,0,22,13,9,13,7,6,0,0,0,2,0,2,4,3,1,3,3,0,0,0,0
56255604,36,23,13,33,22,11,3,2,1,4,1,3,1,0,1,3,1,2,36,17,19,22,12,10,0,0,0,2,0,2,6,2,4,6,3,3,1,1,0
56255605,61,31,30,57,29,28,1,0,1,6,2,4,0,0,0,4,2,2,49,18,31,25,9,16,0,0,0,4,0,4,8,2,6,12,7,5,0,0,0
3099910,0,0,0,0,0,0,0,0,0,0,0,0,0,0,0,0,0,0,0,0,0,0,0,0,0,0,0,0,0,0,0,0,0,0,0,0,0,0,0
3100000,0,0,0,0,0,0,0,0,0,0,0,0,0,0,0,0,0,0,0,0,0,0,0,0,0,0,0,0,0,0,0,0,0,0,0,0,0,0,0
56256401,174,102,72,155,92,63,1,1,0,24,17,7,2,0,2,19,10,9,169,71,98,88,33,55,0,0,0,9,0,9,35,21,14,37,17,20,2,0,2
56256402,279,156,123,268,152,116,14,2,12,17,10,7,0,0,0,11,4,7,268,126,142,121,46,75,0,0,0,10,0,10,35,19,16,102,61,41,8,3,5
56256403,179,90,89,166,88,78,5,2,3,27,12,15,1,0,1,13,2,11,189,85,104,102,48,54,0,0,0,8,0,8,31,11,20,48,26,22,2,1,1
56256404,55,31,24,54,30,24,2,1,1,3,3,0,0,0,0,1,1,0,47,22,25,16,7,9,0,0,0,3,0,3,8,6,2,20,9,11,0,0,0
56256405,825,440,385,786,427,359,21,7,14,106,52,54,6,0,6,39,13,26,756,314,442,421,165,256,0,0,0,26,0,26,96,47,49,213,102,111,20,11,9
56256406,298,163,135,278,154,124,13,5,8,32,17,15,1,0,1,20,9,11,273,112,161,145,55,90,1,1,0,4,0,4,32,19,13,91,37,54,3,1,2
56256407,123,70,53,111,64,47,4,2,2,11,7,4,0,0,0,12,6,6,94,43,51,44,21,23,1,1,0,4,0,4,17,8,9,28,13,15,0,0,0
56256408,252,147,105,246,146,100,7,3,4,18,12,6,2,0,2,6,1,5,233,113,120,89,38,51,1,0,1,12,0,12,46,23,23,85,52,33,4,3,1
56256409,194,114,80,186,110,76,1,0,1,28,14,14,1,0,1,8,4,4,150,70,80,61,28,33,1,1,0,6,0,6,33,17,16,49,24,25,29,25,4
56256410,158,88,70,150,82,68,8,3,5,13,3,10,1,0,1,8,6,2,150,71,79,62,30,32,0,0,0,6,0,6,22,9,13,60,32,28,1,0,1
56257202,314,170,144,279,154,125,5,4,1,44,23,21,1,0,1,35,16,19,320,135,185,128,51,77,1,1,0,11,0,11,56,24,32,124,59,65,5,2,3
56257205,29,20,9,25,19,6,1,1,0,5,5,0,0,0,0,4,1,3,14,7,7,6,2,4,1,1,0,0,0,0,2,2,0,5,2,3,0,0,0
56258101,174,96,78,148,80,68,4,2,2,19,8,11,0,0,0,26,16,10,221,85,136,151,60,91,0,0,0,6,0,6,18,7,11,46,18,28,6,5,1
56258102,75,42,33,69,39,30,5,2,3,9,4,5,0,0,0,6,3,3,66,29,37,35,14,21,0,0,0,2,0,2,7,3,4,22,12,10,2,1,1
56258103,1205,670,535,1070,597,473,34,15,19,124,54,70,6,0,6,135,73,62,1466,671,795,726,298,428,6,2,4,41,0,41,248,122,126,445,249,196,87,44,43
56258104,37,19,18,33,17,16,1,0,1,5,3,2,0,0,0,4,2,2,41,20,21,26,16,10,0,0,0,1,0,1,7,1,6,7,3,4,4,2,2
56258105,35,20,15,34,20,14,0,0,0,1,1,0,0,0,0,1,0,1,38,14,24,16,7,9,0,0,0,1,0,1,6,3,3,15,4,11,3,1,2
56261102,14,9,5,9,6,3,1,1,0,1,1,0,0,0,0,5,3,2,19,7,12,12,4,8,0,0,0,1,0,1,1,0,1,5,3,2,0,0,0
56261103,23,13,10,22,12,10,1,0,1,1,1,0,1,0,1,1,1,0,22,10,12,8,5,3,0,0,0,1,0,1,4,2,2,9,3,6,1,1,0
56261104,1332,753,579,1186,668,518,36,15,21,142,75,67,5,0,5,146,85,61,1587,689,898,842,335,507,4,2,2,63,0,63,244,118,126,434,234,200,74,46,28
56261105,40,23,17,31,17,14,2,0,2,3,1,2,0,0,0,9,6,3,46,21,25,22,13,9,0,0,0,2,0,2,6,2,4,16,6,10,4,2,2
56261106,19,11,8,19,11,8,1,1,0,4,3,1,0,0,0,0,0,0,9,6,3,7,4,3,0,0,0,0,0,0,0,0,0,2,2,0,0,0,0
56261107,17,8,9,15,7,8,1,1,0,4,1,3,0,0,0,2,1,1,14,5,9,7,3,4,0,0,0,1,0,1,2,0,2,4,2,2,0,0,0
56261108,51,28,23,47,26,21,1,1,0,7,4,3,0,0,0,4,2,2,64,24,40,29,11,18,0,0,0,2,0,2,11,4,7,22,9,13,0,0,0
56261109,20,10,10,20,10,10,3,0,3,2,1,1,0,0,0,0,0,0,26,14,12,24,12,12,0,0,0,0,0,0,0,0,0,2,2,0,0,0,0
56264501,41,26,15,39,25,14,0,0,0,20,16,4,0,0,0,2,1,1,60,39,21,47,32,15,0,0,0,1,0,1,7,4,3,5,3,2,2,0,2
56264502,90,49,41,85,46,39,2,0,2,12,6,6,0,0,0,5,3,2,91,44,47,48,24,24,0,0,0,3,0,3,12,5,7,28,15,13,5,4,1
56264503,40,23,17,38,23,15,0,0,0,10,6,4,0,0,0,2,0,2,44,22,22,25,14,11,0,0,0,1,0,1,5,3,2,13,5,8,1,1,0
56264504,15,6,9,15,6,9,1,0,1,1,0,1,0,0,0,0,0,0,29,11,18,21,8,13,0,0,0,0,0,0,2,1,1,6,2,4,0,0,0
56264506,37,22,15,36,21,15,0,0,0,5,3,2,0,0,0,1,1,0,30,9,21,17,6,11,0,0,0,0,0,0,3,0,3,10,3,7,0,0,0
56266102,273,146,127,258,138,120,13,3,10,31,16,15,1,0,1,15,8,7,350,146,204,172,56,116,1,0,1,6,0,6,46,23,23,125,67,58,16,7,9
56270001,71,38,33,69,36,33,1,0,1,9,4,5,0,0,0,2,2,0,59,28,31,36,17,19,0,0,0,4,0,4,7,4,3,12,7,5,2,1,1
56270002,99,50,49,94,48,46,1,0,1,8,0,8,1,0,1,5,2,3,112,55,57,47,22,25,1,1,0,4,0,4,20,10,10,40,22,18,1,1,0
56270003,63,35,28,56,32,24,1,0,1,0,0,0,0,0,0,7,3,4,57,25,32,27,10,17,0,0,0,3,0,3,9,6,3,18,9,9,0,0,0
56271801,20,12,8,19,11,8,0,0,0,1,1,0,0,0,0,1,1,0,14,4,10,7,2,5,0,0,0,1,0,1,1,0,1,5,2,3,0,0,0
56271802,23,13,10,22,13,9,0,0,0,2,1,1,0,0,0,1,0,1,23,13,10,9,5,4,0,0,0,1,0,1,6,3,3,7,5,2,1,1,0
56271803,70,37,33,65,36,29,3,2,1,10,6,4,0,0,0,5,1,4,58,22,36,26,9,17,0,0,0,3,0,3,10,6,4,19,7,12,1,1,0
56271804,37,26,11,34,23,11,1,1,0,2,1,1,0,0,0,3,3,0,32,17,15,14,7,7,0,0,0,2,0,2,6,3,3,10,7,3,0,0,0
56271805,279,157,122,264,151,113,12,3,9,19,11,8,2,0,2,15,6,9,251,108,143,99,43,56,0,0,0,15,0,15,50,22,28,87,43,44,9,4,5
56271806,18,8,10,17,8,9,1,0,1,0,0,0,0,0,0,1,0,1,9,4,5,1,0,1,0,0,0,0,0,0,2,1,1,6,3,3,0,0,0
56271807,36,17,19,31,15,16,1,1,0,1,0,1,0,0,0,5,2,3,24,13,11,15,8,7,0,0,0,0,0,0,2,1,1,7,4,3,1,0,1
56275101,167,97,70,149,82,67,2,0,2,33,17,16,0,0,0,18,15,3,225,98,127,116,54,62,0,0,0,9,0,9,35,15,20,65,29,36,6,2,4
56275102,702,395,307,658,368,290,13,3,10,94,46,48,5,0,5,44,27,17,746,343,403,428,182,246,1,1,0,23,1,22,99,54,45,195,105,90,53,30,23
56275103,7,5,2,6,4,2,0,0,0,3,1,2,0,0,0,1,1,0,21,11,10,17,9,8,0,0,0,1,0,1,1,0,1,2,2,0,0,0,0
56275104,31,17,14,31,17,14,0,0,0,2,2,0,0,0,0,0,0,0,39,15,24,18,6,12,0,0,0,0,0,0,5,2,3,16,7,9,1,0,1
1435530,0,0,0,0,0,0,0,0,0,0,0,0,0,0,0,0,0,0,0,0,0,0,0,0,0,0,0,0,0,0,0,0,0,0,0,0,0,0,0
3028130,0,0,0,0,0,0,0,0,0,0,0,0,0,0,0,0,0,0,0,0,0,0,0,0,0,0,0,0,0,0,0,0,0,0,0,0,0,0,0
3100690,0,0,0,0,0,0,0,0,0,0,0,0,0,0,0,0,0,0,0,0,0,0,0,0,0,0,0,0,0,0,0,0,0,0,0,0,0,0,0
3280650,0,0,0,0,0,0,0,0,0,0,0,0,0,0,0,0,0,0,0,0,0,0,0,0,0,0,0,0,0,0,0,0,0,0,0,0,0,0,0
56277701,116,66,50,114,66,48,3,0,3,7,5,2,0,0,0,2,0,2,101,52,49,53,27,26,0,0,0,3,0,3,14,8,6,31,17,14,2,1,1
56277702,23,13,10,23,13,10,0,0,0,3,3,0,0,0,0,0,0,0,26,12,14,10,3,7,0,0,0,0,0,0,5,3,2,11,6,5,1,0,1
56277703,113,63,50,109,61,48,5,2,3,9,5,4,1,0,1,4,2,2,115,50,65,54,20,34,2,1,1,3,0,3,15,11,4,41,18,23,4,1,3
56277704,229,124,105,217,116,101,8,2,6,25,17,8,3,0,3,12,8,4,207,92,115,77,26,51,0,0,0,11,0,11,45,30,15,74,36,38,7,2,5
56277705,14,7,7,14,7,7,1,0,1,1,1,0,0,0,0,0,0,0,13,5,8,8,2,6,0,0,0,0,0,0,1,1,0,4,2,2,1,1,0
56277706,19,17,2,3,2,1,0,0,0,0,0,0,0,0,0,16,15,1,8,6,2,6,5,1,0,0,0,0,0,0,0,0,0,2,1,1,0,0,0
56277707,360,190,170,341,180,161,12,3,9,39,21,18,1,0,1,19,10,9,343,159,184,148,70,78,0,0,0,17,0,17,51,25,26,127,64,63,6,2,4
56277708,163,87,76,152,81,71,10,1,9,17,9,8,1,0,1,11,6,5,114,45,69,60,23,37,1,1,0,4,0,4,15,8,7,34,13,21,1,1,0
56277709,88,47,41,81,44,37,2,2,0,7,4,3,0,0,0,7,3,4,80,37,43,36,15,21,0,0,0,5,0,5,14,4,10,25,18,7,3,2,1
56277710,211,112,99,204,107,97,6,2,4,20,9,11,0,0,0,7,5,2,212,94,118,91,39,52,0,0,0,10,0,10,41,19,22,70,36,34,6,0,6
56277711,463,267,196,423,238,185,12,3,9,55,24,31,1,0,1,40,29,11,376,161,215,173,65,108,0,0,0,15,0,15,79,41,38,109,55,54,60,45,15
56277712,48,27,21,41,24,17,2,2,0,4,3,1,1,0,1,7,3,4,38,19,19,21,8,13,0,0,0,1,0,1,5,3,2,11,8,3,1,0,1
56277713,313,162,151,301,154,147,7,4,3,43,22,21,2,0,2,12,8,4,255,107,148,152,58,94,0,0,0,8,0,8,32,17,15,63,32,31,10,6,4
56277714,80,43,37,78,42,36,5,1,4,10,5,5,1,0,1,2,1,1,62,29,33,33,14,19,0,0,0,0,0,0,10,6,4,19,9,10,0,0,0
56277715,182,101,81,174,94,80,6,4,2,19,7,12,0,0,0,8,7,1,161,76,85,71,28,43,0,0,0,8,0,8,34,18,16,48,30,18,3,2,1
56277716,17,11,6,17,11,6,1,1,0,1,1,0,0,0,0,0,0,0,19,11,8,13,7,6,0,0,0,0,0,0,2,1,1,4,3,1,1,1,0
56277717,1344,690,654,1219,628,591,36,13,23,177,70,107,3,0,3,125,62,63,1487,639,848,751,309,442,3,2,1,56,1,55,269,128,141,408,199,209,68,35,33
56277718,267,138,129,257,130,127,7,2,5,47,25,22,2,0,2,10,8,2,240,117,123,124,62,62,0,0,0,7,0,7,36,14,22,73,41,32,10,6,4
56277719,916,461,455,872,444,428,27,8,19,102,51,51,5,0,5,44,17,27,844,351,493,392,154,238,2,2,0,40,0,40,152,70,82,258,125,133,32,21,11
56277720,271,138,133,262,135,127,8,5,3,24,12,12,0,0,0,9,3,6,223,90,133,107,43,64,0,0,0,8,0,8,27,12,15,81,35,46,4,3,1
56279301,42,27,15,41,26,15,0,0,0,3,2,1,0,0,0,1,1,0,50,26,24,28,15,13,0,0,0,2,1,1,6,4,2,14,6,8,2,0,2
56279302,293,166,127,270,157,113,3,2,1,33,15,18,4,0,4,23,9,14,273,127,146,131,60,71,1,1,0,7,1,6,35,16,19,99,49,50,8,6,2
56282301,85,52,33,75,45,30,1,0,1,17,8,9,0,0,0,10,7,3,122,69,53,85,46,39,2,1,1,1,0,1,9,6,3,25,16,9,2,2,0
56282304,322,181,141,288,167,121,6,2,4,37,19,18,3,0,3,34,14,20,352,163,189,173,80,93,1,1,0,14,0,14,61,31,30,103,51,52,17,11,6
56282305,17,12,5,15,10,5,0,0,0,3,3,0,0,0,0,2,2,0,22,6,16,10,3,7,0,0,0,3,0,3,4,2,2,5,1,4,0,0,0
56282306,94,51,43,83,44,39,1,0,1,7,3,4,1,0,1,11,7,4,105,38,67,42,15,27,4,3,1,4,0,4,23,8,15,32,12,20,3,1,2
0727020,0,0,0,0,0,0,0,0,0,0,0,0,0,0,0,0,0,0,0,0,0,0,0,0,0,0,0,0,0,0,0,0,0,0,0,0,0,0,0
3101400,0,0,0,0,0,0,0,0,0,0,0,0,0,0,0,0,0,0,0,0,0,0,0,0,0,0,0,0,0,0,0,0,0,0,0,0,0,0,0
3102210,0,0,0,0,0,0,0,0,0,0,0,0,0,0,0,0,0,0,0,0,0,0,0,0,0,0,0,0,0,0,0,0,0,0,0,0,0,0,0
56285801,11,5,6,11,5,6,0,0,0,1,0,1,0,0,0,0,0,0,10,4,6,5,2,3,0,0,0,1,0,1,3,2,1,1,0,1,0,0,0
56285802,16,10,6,16,10,6,1,1,0,0,0,0,0,0,0,0,0,0,21,8,13,14,5,9,0,0,0,1,0,1,2,1,1,4,2,2,0,0,0
56285803,50,28,22,49,28,21,1,1,0,5,3,2,0,0,0,1,0,1,53,23,30,26,12,14,0,0,0,3,0,3,7,5,2,17,6,11,0,0,0
56285804,58,35,23,54,34,20,0,0,0,4,1,3,0,0,0,4,1,3,63,27,36,26,11,15,0,0,0,3,0,3,17,8,9,17,8,9,3,2,1
56285805,13,9,4,10,7,3,0,0,0,2,2,0,0,0,0,3,2,1,21,8,13,14,6,8,0,0,0,0,0,0,0,0,0,7,2,5,1,1,0
56285807,114,62,52,109,58,51,8,2,6,13,9,4,0,0,0,5,4,1,102,51,51,52,26,26,1,1,0,5,0,5,17,8,9,27,16,11,1,1,0
56285808,53,35,18,38,21,17,2,2,0,2,0,2,0,0,0,15,14,1,51,22,29,25,10,15,1,1,0,2,0,2,11,6,5,12,5,7,0,0,0
56285809,100,57,43,96,53,43,0,0,0,8,4,4,0,0,0,4,4,0,78,34,44,29,13,16,0,0,0,2,0,2,12,7,5,35,14,21,0,0,0
56285810,103,64,39,93,59,34,2,2,0,14,7,7,2,0,2,10,5,5,92,36,56,32,15,17,2,1,1,10,0,10,22,10,12,26,10,16,3,1,2
56285811,210,112,98,200,107,93,5,2,3,16,6,10,1,0,1,10,5,5,252,113,139,125,53,72,1,1,0,10,0,10,42,22,20,74,37,37,2,2,0
56285812,216,111,105,204,108,96,11,2,9,31,10,21,0,0,0,12,3,9,307,121,186,208,75,133,0,0,0,6,0,6,30,14,16,63,32,31,12,9,3
56285814,304,180,124,274,163,111,9,4,5,37,19,18,1,0,1,30,17,13,278,110,168,130,49,81,4,2,2,9,0,9,59,24,35,76,35,41,42,31,11
56285815,240,128,112,213,116,97,4,1,3,30,13,17,0,0,0,27,12,15,235,108,127,81,36,45,0,0,0,11,0,11,51,29,22,92,43,49,8,4,4
56285816,77,43,34,75,41,34,1,0,1,13,10,3,1,0,1,2,2,0,166,63,103,134,51,83,0,0,0,2,0,2,7,3,4,23,9,14,4,3,1
56285817,466,260,206,325,181,144,6,0,6,47,19,28,1,0,1,141,79,62,798,366,432,278,123,155,1,0,1,27,2,25,247,115,132,245,126,119,67,36,31
56285818,112,61,51,104,55,49,1,0,1,15,5,10,2,0,2,8,6,2,108,59,49,51,24,27,0,0,0,8,0,8,23,18,5,26,17,9,2,0,2
56285820,231,120,111,217,113,104,5,0,5,16,6,10,3,0,3,14,7,7,230,113,117,86,36,50,0,0,0,8,0,8,45,31,14,91,46,45,4,4,0
56285821,51,29,22,50,29,21,2,1,1,7,4,3,1,0,1,1,0,1,51,29,22,23,12,11,2,1,1,1,0,1,8,4,4,17,12,5,0,0,0
1766130,0,0,0,0,0,0,0,0,0,0,0,0,0,0,0,0,0,0,0,0,0,0,0,0,0,0,0,0,0,0,0,0,0,0,0,0,0,0,0
56287401,167,100,67,156,93,63,0,0,0,9,5,4,1,0,1,11,7,4,201,99,102,108,56,52,1,1,0,8,1,7,35,10,25,49,31,18,6,2,4
1770410,0,0,0,0,0,0,0,0,0,0,0,0,0,0,0,0,0,0,0,0,0,0,0,0,0,0,0,0,0,0,0,0,0,0,0,0,0,0,0
1770830,0,0,0,0,0,0,0,0,0,0,0,0,0,0,0,0,0,0,0,0,0,0,0,0,0,0,0,0,0,0,0,0,0,0,0,0,0,0,0
1771130,0,0,0,0,0,0,0,0,0,0,0,0,0,0,0,0,0,0,0,0,0,0,0,0,0,0,0,0,0,0,0,0,0,0,0,0,0,0,0
3028300,0,0,0,0,0,0,0,0,0,0,0,0,0,0,0,0,0,0,0,0,0,0,0,0,0,0,0,0,0,0,0,0,0,0,0,0,0,0,0
56288201,160,86,74,154,84,70,9,3,6,15,8,7,1,0,1,6,2,4,176,95,81,90,50,40,2,1,1,7,0,7,33,17,16,44,27,17,5,2,3
56288202,666,350,316,639,335,304,16,3,13,89,47,42,4,0,4,27,15,12,659,287,372,355,149,206,2,2,0,23,1,22,71,28,43,208,107,101,8,5,3
56288204,506,260,246,462,237,225,16,3,13,45,22,23,3,0,3,44,23,21,496,222,274,232,94,138,4,1,3,21,1,20,74,32,42,165,94,71,11,7,4
56288205,315,162,153,298,152,146,11,3,8,38,15,23,1,0,1,17,10,7,249,115,134,125,55,70,1,1,0,7,0,7,42,25,17,74,34,40,5,1,4
56288206,382,197,185,352,184,168,12,5,7,41,19,22,5,0,5,30,13,17,370,168,202,191,69,122,3,2,1,16,0,16,56,35,21,104,62,42,17,5,12
56288207,232,137,95,222,132,90,4,0,4,32,22,10,0,0,0,10,5,5,229,105,124,108,46,62,0,0,0,8,0,8,31,16,15,82,43,39,7,2,5
56288208,396,218,178,369,205,164,15,9,6,46,20,26,0,0,0,27,13,14,387,169,218,217,90,127,1,0,1,12,0,12,52,23,29,105,56,49,14,5,9
56288209,262,138,124,239,125,114,11,3,8,23,15,8,0,0,0,23,13,10,225,112,113,96,47,49,0,0,0,11,0,11,47,30,17,71,35,36,12,5,7
56288210,495,271,224,438,239,199,13,5,8,47,20,27,4,0,4,57,32,25,583,238,345,311,117,194,0,0,0,29,0,29,113,60,53,130,61,69,41,21,20
56288211,859,437,422,805,414,391,27,12,15,102,37,65,4,0,4,54,23,31,795,313,482,475,162,313,3,2,1,27,0,27,105,52,53,185,97,88,22,9,13
56288212,517,257,260,484,238,246,13,2,11,65,28,37,5,0,5,33,19,14,587,245,342,329,132,197,0,0,0,19,0,19,77,35,42,162,78,84,22,13,9
56288213,402,217,185,385,209,176,12,3,9,51,28,23,1,0,1,17,8,9,410,186,224,189,77,112,1,1,0,19,0,19,74,36,38,127,72,55,9,3,6
56288214,515,279,236,410,228,182,7,2,5,67,36,31,3,0,3,105,51,54,537,227,310,233,95,138,1,0,1,15,0,15,138,62,76,150,70,80,58,34,24
56288215,272,140,132,244,122,122,10,4,6,36,16,20,2,0,2,28,18,10,353,160,193,186,85,101,4,1,3,13,0,13,60,26,34,90,48,42,11,8,3
56288216,32,17,15,27,14,13,1,1,0,6,3,3,0,0,0,5,3,2,20,8,12,6,3,3,2,0,2,1,0,1,4,3,1,7,2,5,1,1,0
56288217,293,165,128,283,159,124,5,2,3,30,11,19,2,0,2,10,6,4,336,140,196,143,57,86,1,1,0,19,0,19,56,30,26,117,52,65,6,3,3
56288218,376,218,158,330,190,140,9,4,5,36,20,16,0,0,0,46,28,18,298,128,170,145,55,90,3,3,0,16,0,16,61,38,23,73,32,41,89,72,17
56288220,306,157,149,282,146,136,9,3,6,30,11,19,2,0,2,24,11,13,314,139,175,156,68,88,0,0,0,17,0,17,48,27,21,93,44,49,7,3,4
56288221,11,7,4,10,7,3,0,0,0,1,0,1,0,0,0,1,0,1,24,10,14,14,6,8,0,0,0,3,0,3,3,2,1,4,2,2,0,0,0
56289101,74,48,26,68,46,22,0,0,0,6,4,2,0,0,0,6,2,4,93,28,65,36,14,22,0,0,0,10,0,10,18,5,13,29,9,20,0,0,0
56289102,34,19,15,34,19,15,1,1,0,10,5,5,0,0,0,0,0,0,30,12,18,13,6,7,1,1,0,1,0,1,8,2,6,7,3,4,0,0,0
56289103,138,79,59,133,76,57,2,0,2,13,7,6,2,0,2,5,3,2,129,53,76,74,27,47,0,0,0,3,0,3,16,7,9,36,19,17,5,5,0
56291201,26,15,11,25,14,11,1,0,1,5,2,3,0,0,0,1,1,0,26,12,14,21,10,11,0,0,0,1,0,1,1,0,1,3,2,1,1,0,1
56291203,36,23,13,32,19,13,0,0,0,2,1,1,1,0,1,4,4,0,31,13,18,16,5,11,0,0,0,1,0,1,4,3,1,10,5,5,0,0,0
56291205,646,355,291,597,331,266,16,5,11,58,32,26,4,0,4,49,24,25,622,271,351,289,122,167,0,0,0,26,0,26,108,47,61,199,102,97,40,29,11
56291206,217,110,107,201,105,96,1,0,1,27,13,14,0,0,0,16,5,11,234,110,124,127,58,69,1,1,0,9,0,9,43,26,17,54,25,29,10,5,5
56292102,51,30,21,50,29,21,0,0,0,6,3,3,1,0,1,1,1,0,38,19,19,16,6,10,0,0,0,3,0,3,7,4,3,12,9,3,0,0,0
56292104,41,27,14,40,27,13,1,0,1,2,1,1,1,0,1,1,0,1,39,16,23,23,10,13,0,0,0,2,0,2,6,2,4,8,4,4,1,1,0
56292105,43,25,18,43,25,18,2,1,1,8,6,2,0,0,0,0,0,0,51,29,22,30,16,14,0,0,0,2,0,2,9,6,3,10,7,3,0,0,0
56292106,12,8,4,10,6,4,0,0,0,2,1,1,1,0,1,2,2,0,19,9,10,10,5,5,0,0,0,1,0,1,5,2,3,3,2,1,1,0,1
56292107,431,239,192,397,227,170,11,8,3,45,23,22,5,0,5,34,12,22,434,191,243,197,87,110,0,0,0,22,0,22,79,40,39,136,64,72,13,11,2
56293901,188,107,81,177,103,74,7,4,3,22,12,10,0,0,0,11,4,7,154,71,83,74,29,45,0,0,0,4,0,4,24,12,12,52,30,22,5,3,2
56294701,411,220,191,390,206,184,8,5,3,54,31,23,1,0,1,21,14,7,460,181,279,277,107,170,1,0,1,16,0,16,57,23,34,109,51,58,13,6,7
56690002,15,10,5,15,10,5,0,0,0,2,0,2,0,0,0,0,0,0,11,4,7,5,2,3,0,0,0,1,0,1,2,1,1,3,1,2,0,0,0
56690003,261,153,108,249,144,105,9,3,6,26,14,12,1,0,1,12,9,3,254,120,134,102,42,60,1,1,0,17,0,17,45,22,23,89,55,34,10,7,3
54606201,104,55,49,102,54,48,5,3,2,9,3,6,2,0,2,2,1,1,84,38,46,22,9,13,1,1,0,5,0,5,19,6,13,37,22,15,1,1,0
54607101,227,124,103,222,122,100,6,4,2,22,11,11,1,0,1,5,2,3,157,73,84,59,26,33,0,0,0,14,0,14,35,17,18,49,30,19,3,2,1
54616001,95,57,38,90,54,36,2,0,2,9,5,4,1,0,1,5,3,2,55,28,27,24,12,12,0,0,0,6,0,6,15,9,6,10,7,3,1,0,1
54616002,51,30,21,48,28,20,1,0,1,2,1,1,0,0,0,3,2,1,46,18,28,20,7,13,0,0,0,3,0,3,9,6,3,14,5,9,1,1,0
54651801,24,17,7,23,16,7,0,0,0,3,2,1,0,0,0,1,1,0,29,12,17,15,6,9,0,0,0,1,0,1,5,3,2,8,3,5,0,0,0
54651802,29,19,10,28,19,9,2,1,1,2,1,1,0,0,0,1,0,1,10,6,4,6,5,1,0,0,0,0,0,0,0,0,0,4,1,3,1,1,0
0525230,0,0,0,0,0,0,0,0,0,0,0,0,0,0,0,0,0,0,0,0,0,0,0,0,0,0,0,0,0,0,0,0,0,0,0,0,0,0,0
0525910,0,0,0,0,0,0,0,0,0,0,0,0,0,0,0,0,0,0,0,0,0,0,0,0,0,0,0,0,0,0,0,0,0,0,0,0,0,0,0
3366020,0,0,0,0,0,0,0,0,0,0,0,0,0,0,0,0,0,0,0,0,0,0,0,0,0,0,0,0,0,0,0,0,0,0,0,0,0,0,0
56297101,580,303,277,535,283,252,16,6,10,48,24,24,7,0,7,45,20,25,548,222,326,323,114,209,1,0,1,30,0,30,80,49,31,114,59,55,14,8,6
56297103,2344,1205,1139,2056,1075,981,49,17,32,238,112,126,8,0,8,288,130,158,2228,993,1235,1000,421,579,7,5,2,97,0,97,456,203,253,668,364,304,97,42,55
56297104,1421,767,654,1325,717,608,39,17,22,152,72,80,10,0,10,96,50,46,1409,579,830,840,313,527,3,3,0,44,0,44,197,100,97,325,163,162,39,24,15
56297105,67,42,25,53,35,18,0,0,0,3,1,2,0,0,0,14,7,7,33,14,19,21,9,12,0,0,0,1,0,1,2,1,1,9,4,5,0,0,0
56297106,242,130,112,228,124,104,6,3,3,24,13,11,0,0,0,14,6,8,201,87,114,101,46,55,1,1,0,9,0,9,24,14,10,66,26,40,1,1,0
56297107,430,228,202,411,217,194,22,12,10,53,21,32,4,0,4,19,11,8,362,135,227,178,68,110,2,0,2,14,0,14,55,20,35,113,47,66,9,6,3
56297108,107,56,51,96,50,46,2,0,2,6,5,1,1,0,1,11,6,5,95,42,53,45,20,25,0,0,0,6,1,5,23,10,13,21,11,10,3,1,2
56297109,669,344,325,642,333,309,28,11,17,98,50,48,7,0,7,27,11,16,594,269,325,289,129,160,0,0,0,20,0,20,87,39,48,198,101,97,3,1,2
56297110,97,55,42,97,55,42,8,5,3,11,6,5,0,0,0,0,0,0,50,24,26,5,1,4,0,0,0,0,0,0,4,4,0,41,19,22,0,0,0
56297111,7,4,3,7,4,3,0,0,0,1,1,0,0,0,0,0,0,0,49,16,33,47,15,32,0,0,0,0,0,0,0,0,0,2,1,1,0,0,0
56297112,192,104,88,139,74,65,4,2,2,12,5,7,0,0,0,53,30,23,153,76,77,63,33,30,0,0,0,9,0,9,41,20,21,40,23,17,4,3,1
56297113,1575,842,733,1488,795,693,55,28,27,165,79,86,16,0,16,87,47,40,1466,604,862,769,284,485,2,1,1,63,2,61,209,107,102,423,210,213,34,22,12
56297114,737,392,345,646,343,303,25,14,11,62,31,31,3,0,3,91,49,42,556,231,325,226,89,137,3,3,0,39,0,39,141,75,66,147,64,83,41,25,16
56297115,365,191,174,349,185,164,16,7,9,44,23,21,3,0,3,16,6,10,324,135,189,181,69,112,0,0,0,6,0,6,35,20,15,102,46,56,5,4,1
56297116,1449,749,700,1218,639,579,32,10,22,150,71,79,3,0,3,231,110,121,1474,632,842,518,208,310,2,1,1,80,0,80,396,196,200,478,227,251,75,29,46
56297117,268,137,131,254,132,122,15,6,9,11,4,7,2,0,2,14,5,9,153,62,91,52,20,32,1,0,1,6,0,6,36,15,21,58,27,31,7,4,3
56297118,39,24,15,33,19,14,0,0,0,2,0,2,0,0,0,6,5,1,13,6,7,9,4,5,0,0,0,0,0,0,1,0,1,3,2,1,2,1,1
56297119,104,51,53,104,51,53,7,2,5,15,6,9,0,0,0,0,0,0,70,31,39,22,9,13,0,0,0,1,0,1,5,2,3,42,20,22,1,0,1
56297120,263,143,120,248,135,113,10,6,4,24,14,10,3,0,3,15,8,7,208,75,133,128,46,82,1,1,0,9,0,9,23,10,13,47,18,29,11,5,6
56297121,621,316,305,579,293,286,24,11,13,70,32,38,7,0,7,42,23,19,600,272,328,286,115,171,2,1,1,20,0,20,115,60,55,177,96,81,20,11,9
56297122,974,520,454,917,502,415,32,14,18,73,37,36,4,0,4,57,18,39,939,407,532,477,184,293,9,1,8,37,0,37,146,79,67,270,143,127,32,24,8
56297123,1912,1011,901,1782,944,838,70,33,37,180,89,91,10,0,10,130,67,63,1639,719,920,765,308,457,1,1,0,63,0,63,245,117,128,565,293,272,50,30,20
56297124,2399,1250,1149,2228,1162,1066,83,38,45,250,122,128,19,0,19,171,88,83,1946,789,1157,932,354,578,6,1,5,91,0,91,337,168,169,580,266,314,84,46,38
56297125,1209,742,467,1044,631,413,34,15,19,98,44,54,5,0,5,165,111,54,1011,445,566,582,247,335,5,1,4,33,0,33,157,84,73,234,113,121,260,195,65
56297126,3457,1824,1633,3024,1613,1411,92,33,59,374,165,209,17,0,17,433,211,222,3511,1498,2013,1783,705,1078,9,4,5,132,2,130,641,301,340,946,486,460,214,110,104
56297127,1420,730,690,1203,638,565,33,12,21,152,63,89,6,0,6,217,92,125,1746,749,997,877,337,540,6,3,3,61,0,61,363,188,175,439,221,218,100,48,52
56297128,9,5,4,7,3,4,0,0,0,0,0,0,0,0,0,2,2,0,14,9,5,10,5,5,0,0,0,0,0,0,0,0,0,4,4,0,0,0,0
56297129,33,16,17,32,16,16,1,0,1,3,1,2,0,0,0,1,0,1,17,6,11,4,2,2,0,0,0,2,1,1,4,1,3,7,2,5,1,1,0
56297130,35,30,5,2,1,1,0,0,0,1,0,1,0,0,0,33,29,4,8,7,1,6,5,1,0,0,0,0,0,0,1,1,0,1,1,0,0,0,0
56298001,68,36,32,60,32,28,3,1,2,4,2,2,0,0,0,8,4,4,57,30,27,28,14,14,0,0,0,3,0,3,5,2,3,21,14,7,1,0,1
56298002,50,25,25,43,23,20,1,1,0,3,3,0,1,0,1,7,2,5,51,25,26,25,12,13,0,0,0,3,0,3,9,3,6,14,10,4,1,0,1
56299801,37,20,17,37,20,17,5,1,4,2,2,0,1,0,1,0,0,0,25,11,14,11,6,5,0,0,0,1,0,1,4,1,3,9,4,5,0,0,0
56299802,134,73,61,130,71,59,7,3,4,11,6,5,0,0,0,4,2,2,113,54,59,53,25,28,0,0,0,2,0,2,16,7,9,42,22,20,2,2,0
56299803,37,20,17,37,20,17,0,0,0,6,4,2,1,0,1,0,0,0,27,15,12,17,8,9,0,0,0,0,0,0,5,3,2,5,4,1,0,0,0
56299804,12,6,6,12,6,6,2,0,2,1,0,1,0,0,0,0,0,0,11,5,6,5,3,2,0,0,0,1,0,1,1,0,1,4,2,2,0,0,0
56299805,23,14,9,23,14,9,3,2,1,3,2,1,0,0,0,0,0,0,26,13,13,13,8,5,2,1,1,0,0,0,2,0,2,9,4,5,0,0,0
56299806,19,9,10,18,9,9,2,1,1,2,2,0,0,0,0,1,0,1,14,4,10,7,2,5,0,0,0,1,0,1,3,2,1,3,0,3,0,0,0
56299807,26,15,11,26,15,11,1,1,0,4,3,1,0,0,0,0,0,0,25,14,11,13,7,6,0,0,0,0,0,0,2,2,0,10,5,5,0,0,0
56299808,34,19,15,32,18,14,5,2,3,2,2,0,0,0,0,2,1,1,29,15,14,10,6,4,0,0,0,2,1,1,7,3,4,10,5,5,1,0,1
56300501,114,75,39,104,70,34,4,4,0,9,6,3,0,0,0,10,5,5,90,41,49,45,22,23,0,0,0,4,0,4,12,5,7,29,14,15,2,1,1
56300502,41,23,18,40,23,17,0,0,0,3,2,1,0,0,0,1,0,1,40,19,21,8,4,4,0,0,0,4,0,4,11,6,5,17,9,8,0,0,0
56300503,11,6,5,9,5,4,1,0,1,0,0,0,0,0,0,2,1,1,12,7,5,5,3,2,0,0,0,1,0,1,3,1,2,3,3,0,0,0,0
56301301,582,334,248,556,323,233,16,9,7,36,18,18,3,0,3,26,11,15,556,226,330,220,90,130,1,1,0,33,0,33,115,52,63,187,83,104,14,8,6
56301303,9,7,2,9,7,2,0,0,0,1,0,1,0,0,0,0,0,0,11,7,4,6,3,3,0,0,0,0,0,0,1,0,1,4,4,0,0,0,0
56301304,43,19,24,36,17,19,2,1,1,1,1,0,0,0,0,7,2,5,35,18,17,14,8,6,0,0,0,0,0,0,6,3,3,15,7,8,1,1,0
56301305,10,5,5,10,5,5,0,0,0,0,0,0,0,0,0,0,0,0,18,9,9,15,8,7,0,0,0,0,0,0,0,0,0,3,1,2,0,0,0
56301306,43,26,17,38,22,16,0,0,0,2,1,1,1,0,1,5,4,1,56,23,33,24,8,16,0,0,0,2,0,2,5,3,2,25,12,13,1,0,1
56301307,18,11,7,17,10,7,0,0,0,0,0,0,1,0,1,1,1,0,13,6,7,6,3,3,1,1,0,1,0,1,3,1,2,2,1,1,0,0,0
56302101,322,171,151,304,163,141,10,6,4,28,14,14,1,0,1,18,8,10,299,132,167,134,61,73,0,0,0,11,0,11,43,19,24,111,52,59,1,1,0
0307320,0,0,0,0,0,0,0,0,0,0,0,0,0,0,0,0,0,0,0,0,0,0,0,0,0,0,0,0,0,0,0,0,0,0,0,0,0,0,0
56304802,39,25,14,37,24,13,1,1,0,11,6,5,0,0,0,2,1,1,34,16,18,21,11,10,0,0,0,2,0,2,5,2,3,6,3,3,2,2,0
56304803,48,26,22,45,24,21,1,0,1,4,3,1,0,0,0,3,2,1,49,18,31,18,6,12,0,0,0,1,0,1,5,3,2,25,9,16,1,0,1
56305601,460,244,216,438,228,210,11,4,7,41,23,18,2,0,2,22,16,6,326,145,181,154,70,84,1,0,1,15,0,15,47,26,21,109,49,60,15,10,5
0418230,0,0,0,0,0,0,0,0,0,0,0,0,0,0,0,0,0,0,0,0,0,0,0,0,0,0,0,0,0,0,0,0,0,0,0,0,0,0,0
56306401,60,31,29,57,30,27,2,0,2,4,2,2,1,0,1,3,1,2,52,24,28,20,8,12,0,0,0,4,0,4,11,4,7,17,12,5,1,0,1
56306402,115,69,46,106,66,40,2,0,2,5,4,1,0,0,0,9,3,6,68,34,34,21,11,10,0,0,0,1,0,1,19,8,11,27,15,12,13,6,7
56307201,246,137,109,227,127,100,15,8,7,23,11,12,1,0,1,19,10,9,169,79,90,49,22,27,2,2,0,11,0,11,48,22,26,59,33,26,15,7,8
56307202,32,21,11,30,20,10,2,0,2,2,0,2,1,0,1,2,1,1,17,5,12,6,3,3,0,0,0,1,0,1,3,1,2,7,1,6,1,1,0
56308101,148,81,67,128,74,54,2,1,1,14,4,10,3,0,3,20,7,13,120,55,65,47,21,26,0,0,0,4,0,4,30,14,16,39,20,19,12,10,2
56308102,14,8,6,13,8,5,0,0,0,2,0,2,0,0,0,1,0,1,17,6,11,11,5,6,1,0,1,0,0,0,1,0,1,4,1,3,0,0,0
56308104,10,4,6,7,4,3,0,0,0,1,1,0,0,0,0,3,0,3,11,7,4,10,6,4,0,0,0,0,0,0,1,1,0,0,0,0,0,0,0
56308105,40,22,18,39,22,17,3,2,1,3,1,2,0,0,0,1,0,1,38,17,21,23,11,12,0,0,0,1,0,1,4,2,2,10,4,6,1,0,1
56308106,11,7,4,11,7,4,0,0,0,3,1,2,0,0,0,0,0,0,11,7,4,9,7,2,0,0,0,0,0,0,0,0,0,2,0,2,1,0,1
56308108,81,49,32,80,49,31,0,0,0,11,4,7,1,0,1,1,0,1,78,37,41,49,27,22,1,1,0,3,0,3,9,4,5,16,5,11,1,0,1
0608440,0,0,0,0,0,0,0,0,0,0,0,0,0,0,0,0,0,0,0,0,0,0,0,0,0,0,0,0,0,0,0,0,0,0,0,0,0,0,0
56309902,55,32,23,52,31,21,2,2,0,4,2,2,0,0,0,3,1,2,64,29,35,43,22,21,0,0,0,3,1,2,10,5,5,8,1,7,0,0,0
56309903,246,136,110,230,130,100,12,6,6,20,8,12,0,0,0,16,6,10,181,83,98,70,36,34,0,0,0,9,1,8,24,9,15,78,37,41,1,1,0
56309904,68,31,37,66,31,35,2,1,1,4,3,1,0,0,0,2,0,2,53,25,28,5,2,3,0,0,0,3,0,3,10,6,4,35,17,18,0,0,0
56309905,17,12,5,16,11,5,4,4,0,2,1,1,0,0,0,1,1,0,8,4,4,4,2,2,0,0,0,1,0,1,2,1,1,1,1,0,0,0,0
56309906,71,40,31,69,40,29,3,2,1,11,6,5,0,0,0,2,0,2,65,29,36,40,20,20,0,0,0,2,0,2,8,2,6,15,7,8,1,0,1
56309907,13,7,6,13,7,6,1,1,0,0,0,0,0,0,0,0,0,0,15,7,8,6,3,3,0,0,0,0,0,0,3,0,3,6,4,2,0,0,0
56309908,876,462,414,810,434,376,22,12,10,81,43,38,7,0,7,66,28,38,846,375,471,480,209,271,3,1,2,27,0,27,107,54,53,229,111,118,29,14,15
56309909,1409,766,643,1296,717,579,26,9,17,136,54,82,10,0,10,113,49,64,1104,462,642,471,181,290,5,2,3,62,1,61,223,100,123,343,178,165,52,28,24
56309910,286,157,129,283,156,127,3,0,3,15,7,8,2,0,2,3,1,2,110,50,60,37,18,19,0,0,0,8,1,7,24,10,14,41,21,20,5,3,2
56309911,761,415,346,693,384,309,19,12,7,65,32,33,3,0,3,68,31,37,697,294,403,332,140,192,3,2,1,33,0,33,106,52,54,223,100,123,39,18,21
56309912,557,293,264,530,279,251,32,14,18,50,25,25,4,0,4,27,14,13,567,230,337,371,132,239,1,1,0,12,0,12,56,28,28,127,69,58,12,8,4
56309913,1900,1034,866,1711,937,774,53,17,36,137,74,63,8,0,8,189,97,92,1412,609,803,600,230,370,5,3,2,62,1,61,277,144,133,468,231,237,153,114,39
56309914,75,39,36,70,35,35,3,1,2,6,3,3,1,0,1,5,4,1,44,17,27,14,9,5,0,0,0,2,0,2,10,3,7,18,5,13,0,0,0
56309916,1311,711,600,1049,576,473,28,15,13,95,34,61,5,0,5,262,135,127,1352,612,740,492,193,299,0,0,0,56,2,54,366,184,182,438,233,205,176,83,93
56309917,1881,1002,879,1678,902,776,47,19,28,152,70,82,9,0,9,203,100,103,1311,562,749,424,163,261,2,2,0,85,1,84,302,140,162,498,256,242,67,39,28
56309918,225,115,110,216,110,106,8,3,5,23,10,13,1,0,1,9,5,4,239,108,131,139,64,75,1,1,0,7,0,7,24,14,10,68,29,39,3,1,2
56309919,18,10,8,17,10,7,1,0,1,0,0,0,0,0,0,1,0,1,11,4,7,6,2,4,0,0,0,0,0,0,1,0,1,4,2,2,1,0,1
1718910,0,0,0,0,0,0,0,0,0,0,0,0,0,0,0,0,0,0,0,0,0,0,0,0,0,0,0,0,0,0,0,0,0,0,0,0,0,0,0
1732820,0,0,0,0,0,0,0,0,0,0,0,0,0,0,0,0,0,0,0,0,0,0,0,0,0,0,0,0,0,0,0,0,0,0,0,0,0,0,0
3218340,0,0,0,0,0,0,0,0,0,0,0,0,0,0,0,0,0,0,0,0,0,0,0,0,0,0,0,0,0,0,0,0,0,0,0,0,0,0,0
3218420,0,0,0,0,0,0,0,0,0,0,0,0,0,0,0,0,0,0,0,0,0,0,0,0,0,0,0,0,0,0,0,0,0,0,0,0,0,0,0
3281110,0,0,0,0,0,0,0,0,0,0,0,0,0,0,0,0,0,0,0,0,0,0,0,0,0,0,0,0,0,0,0,0,0,0,0,0,0,0,0
3366450,0,0,0,0,0,0,0,0,0,0,0,0,0,0,0,0,0,0,0,0,0,0,0,0,0,0,0,0,0,0,0,0,0,0,0,0,0,0,0
3366530,0,0,0,0,0,0,0,0,0,0,0,0,0,0,0,0,0,0,0,0,0,0,0,0,0,0,0,0,0,0,0,0,0,0,0,0,0,0,0
56310201,26,16,10,26,16,10,4,3,1,3,2,1,0,0,0,0,0,0,26,10,16,16,7,9,0,0,0,0,0,0,1,1,0,9,2,7,0,0,0
56310205,12,7,5,9,5,4,0,0,0,0,0,0,0,0,0,3,2,1,8,3,5,3,2,1,0,0,0,0,0,0,2,0,2,3,1,2,2,2,0
56310206,45,26,19,43,26,17,0,0,0,8,6,2,1,0,1,2,0,2,33,20,13,17,9,8,0,0,0,1,0,1,4,2,2,11,9,2,0,0,0
56310207,58,39,19,28,19,9,0,0,0,2,0,2,0,0,0,30,20,10,89,43,46,18,9,9,1,1,0,7,0,7,41,19,22,22,14,8,10,3,7
56310208,98,55,43,91,53,38,6,2,4,10,5,5,0,0,0,7,2,5,70,36,34,30,14,16,0,0,0,2,0,2,14,6,8,24,16,8,0,0,0
56310209,119,58,61,108,52,56,1,1,0,5,3,2,0,0,0,11,6,5,59,29,30,10,4,6,0,0,0,4,1,3,18,6,12,27,18,9,5,2,3
56310210,11,8,3,11,8,3,0,0,0,2,1,1,0,0,0,0,0,0,8,2,6,0,0,0,0,0,0,2,0,2,4,1,3,2,1,1,1,0,1
56310211,64,36,28,60,34,26,0,0,0,5,2,3,1,0,1,4,2,2,50,24,26,13,7,6,0,0,0,2,0,2,10,3,7,25,14,11,0,0,0
56310212,69,38,31,65,36,29,1,0,1,2,1,1,1,0,1,4,2,2,43,22,21,12,4,8,0,0,0,3,0,3,15,9,6,13,9,4,1,0,1
56310214,1061,585,476,947,536,411,26,6,20,85,38,47,1,0,1,114,49,65,892,414,478,332,127,205,1,1,0,47,0,47,192,100,92,320,186,134,42,20,22
56310215,620,340,280,580,321,259,11,3,8,57,27,30,0,0,0,40,19,21,648,268,380,365,131,234,1,0,1,18,0,18,87,38,49,177,99,78,26,16,10
56310216,1941,1049,892,1788,985,803,70,27,43,173,82,91,13,0,13,153,64,89,1754,738,1016,835,318,517,4,1,3,69,0,69,331,162,169,515,257,258,76,36,40
56310217,806,433,373,755,412,343,25,11,14,71,25,46,7,0,7,51,21,30,546,234,312,271,101,170,0,0,0,18,0,18,96,49,47,161,84,77,26,13,13
56310218,302,154,148,295,153,142,9,6,3,29,12,17,3,0,3,7,1,6,200,98,102,61,32,29,0,0,0,5,0,5,40,20,20,94,46,48,6,4,2
56310219,1579,858,721,1491,815,676,38,17,21,167,78,89,7,0,7,88,43,45,1426,571,855,764,274,490,3,0,3,53,0,53,230,104,126,376,193,183,49,25,24
56310220,10,5,5,10,5,5,1,0,1,1,0,1,0,0,0,0,0,0,19,7,12,14,6,8,0,0,0,0,0,0,2,1,1,3,0,3,0,0,0
56310221,164,93,71,159,91,68,10,4,6,12,5,7,1,0,1,5,2,3,105,40,65,30,8,22,1,1,0,1,0,1,10,6,4,63,25,38,0,0,0
56310222,19,10,9,18,9,9,1,0,1,2,1,1,0,0,0,1,1,0,15,9,6,8,4,4,0,0,0,0,0,0,2,2,0,5,3,2,1,1,0
56310223,128,71,57,122,66,56,5,2,3,7,2,5,0,0,0,6,5,1,119,49,70,58,25,33,0,0,0,2,0,2,13,4,9,46,20,26,2,1,1
56310224,64,32,32,61,31,30,1,0,1,5,1,4,0,0,0,3,1,2,40,22,18,7,4,3,0,0,0,2,0,2,9,4,5,22,14,8,1,0,1
56310225,79,39,40,78,38,40,3,1,2,7,3,4,0,0,0,1,1,0,50,25,25,21,8,13,0,0,0,2,0,2,11,9,2,16,8,8,1,1,0
56310226,343,182,161,329,176,153,11,4,7,42,18,24,2,0,2,14,6,8,298,136,162,150,68,82,0,0,0,12,0,12,41,21,20,95,47,48,3,2,1
56310228,51,30,21,49,30,19,1,0,1,7,7,0,0,0,0,2,0,2,43,15,28,20,7,13,2,0,2,0,0,0,2,1,1,19,7,12,0,0,0
56310229,713,419,294,663,382,281,26,8,18,65,32,33,6,0,6,50,37,13,550,248,302,245,103,142,4,2,2,20,0,20,109,55,54,172,88,84,57,39,18
56310231,848,440,408,825,428,397,36,10,26,83,38,45,9,0,9,23,12,11,735,320,415,358,143,215,4,1,3,36,0,36,134,72,62,203,104,99,21,15,6
0621380,0,0,0,0,0,0,0,0,0,0,0,0,0,0,0,0,0,0,0,0,0,0,0,0,0,0,0,0,0,0,0,0,0,0,0,0,0,0,0
0621460,0,0,0,0,0,0,0,0,0,0,0,0,0,0,0,0,0,0,0,0,0,0,0,0,0,0,0,0,0,0,0,0,0,0,0,0,0,0,0
56311101,51,29,22,45,25,20,1,1,0,5,0,5,0,0,0,6,4,2,46,20,26,30,13,17,0,0,0,1,0,1,4,3,1,11,4,7,5,4,1
56311102,24,16,8,23,15,8,0,0,0,3,2,1,0,0,0,1,1,0,22,12,10,12,7,5,0,0,0,0,0,0,3,2,1,7,3,4,0,0,0
56311103,40,21,19,35,19,16,2,1,1,0,0,0,0,0,0,5,2,3,40,20,20,18,9,9,0,0,0,2,0,2,2,0,2,18,11,7,0,0,0
0656920,0,0,0,0,0,0,0,0,0,0,0,0,0,0,0,0,0,0,0,0,0,0,0,0,0,0,0,0,0,0,0,0,0,0,0,0,0,0,0
1802030,0,0,0,0,0,0,0,0,0,0,0,0,0,0,0,0,0,0,0,0,0,0,0,0,0,0,0,0,0,0,0,0,0,0,0,0,0,0,0
1802110,0,0,0,0,0,0,0,0,0,0,0,0,0,0,0,0,0,0,0,0,0,0,0,0,0,0,0,0,0,0,0,0,0,0,0,0,0,0,0
1984980,0,0,0,0,0,0,0,0,0,0,0,0,0,0,0,0,0,0,0,0,0,0,0,0,0,0,0,0,0,0,0,0,0,0,0,0,0,0,0
3029020,0,0,0,0,0,0,0,0,0,0,0,0,0,0,0,0,0,0,0,0,0,0,0,0,0,0,0,0,0,0,0,0,0,0,0,0,0,0,0
3029290,0,0,0,0,0,0,0,0,0,0,0,0,0,0,0,0,0,0,0,0,0,0,0,0,0,0,0,0,0,0,0,0,0,0,0,0,0,0,0
56312901,59,35,24,58,34,24,4,2,2,2,2,0,0,0,0,1,1,0,39,17,22,14,8,6,0,0,0,2,0,2,4,1,3,19,8,11,0,0,0
56312903,50,27,23,48,27,21,5,1,4,4,1,3,0,0,0,2,0,2,39,17,22,23,12,11,0,0,0,2,0,2,5,2,3,9,3,6,0,0,0
56312904,36,19,17,34,17,17,1,0,1,2,1,1,1,0,1,2,2,0,28,11,17,13,5,8,0,0,0,3,0,3,9,4,5,3,2,1,0,0,0
56312905,81,40,41,79,40,39,0,0,0,7,4,3,0,0,0,2,0,2,57,25,32,32,11,21,1,0,1,0,0,0,3,1,2,21,13,8,0,0,0
56312907,128,71,57,125,70,55,6,2,4,12,7,5,1,0,1,3,1,2,140,62,78,85,34,51,0,0,0,3,0,3,22,9,13,30,19,11,3,2,1
56312908,86,52,34,76,45,31,0,0,0,11,8,3,0,0,0,10,7,3,49,19,30,25,9,16,0,0,0,3,0,3,12,4,8,9,6,3,1,0,1
56312909,12,8,4,10,8,2,0,0,0,0,0,0,0,0,0,2,0,2,18,8,10,8,4,4,0,0,0,2,0,2,3,1,2,5,3,2,0,0,0
56312911,23,13,10,19,11,8,0,0,0,3,2,1,0,0,0,4,2,2,12,4,8,6,1,5,0,0,0,1,0,1,3,2,1,2,1,1,2,1,1
56312912,1239,651,588,1176,621,555,29,8,21,109,49,60,6,0,6,63,30,33,1058,428,630,518,193,325,6,2,4,54,0,54,179,92,87,301,141,160,41,22,19
56312913,498,309,189,459,278,181,14,6,8,46,27,19,2,0,2,39,31,8,359,160,199,173,75,98,2,1,1,11,0,11,57,32,25,116,52,64,79,61,18
56312915,830,445,385,720,392,328,29,9,20,60,22,38,8,0,8,110,53,57,954,431,523,425,187,238,2,1,1,31,0,31,217,103,114,279,140,139,57,29,28
56312916,195,110,85,190,109,81,5,3,2,18,9,9,1,0,1,5,1,4,162,63,99,81,31,50,0,0,0,9,0,9,29,10,19,43,22,21,2,2,0
56312917,763,402,361,737,387,350,28,16,12,74,33,41,5,0,5,26,15,11,626,274,352,298,125,173,0,0,0,28,0,28,96,49,47,204,100,104,20,11,9
56312918,995,540,455,910,498,412,23,11,12,85,34,51,11,0,11,85,42,43,922,400,522,492,193,299,4,3,1,32,0,32,147,76,71,247,128,119,48,29,19
56312920,18,11,7,16,10,6,0,0,0,4,1,3,0,0,0,2,1,1,10,3,7,8,3,5,0,0,0,0,0,0,0,0,0,2,0,2,0,0,0
56312922,857,474,383,816,454,362,25,12,13,70,36,34,1,0,1,41,20,21,707,308,399,334,135,199,2,1,1,35,0,35,120,61,59,216,111,105,32,19,13
56312923,54,36,18,26,17,9,0,0,0,2,1,1,0,0,0,28,19,9,29,14,15,11,5,6,0,0,0,3,0,3,7,4,3,8,5,3,2,2,0
56312924,1251,657,594,1182,630,552,34,12,22,126,60,66,5,0,5,69,27,42,1120,456,664,630,246,384,4,1,3,50,0,50,179,75,104,257,134,123,38,22,16
56313701,476,262,214,442,247,195,17,8,9,47,24,23,2,0,2,34,15,19,446,219,227,275,139,136,2,1,1,16,0,16,62,35,27,91,44,47,18,11,7
0762520,0,0,0,0,0,0,0,0,0,0,0,0,0,0,0,0,0,0,0,0,0,0,0,0,0,0,0,0,0,0,0,0,0,0,0,0,0,0,0
56316101,22,9,13,21,9,12,0,0,0,4,1,3,0,0,0,1,0,1,17,10,7,10,6,4,0,0,0,1,0,1,4,2,2,2,2,0,0,0,0
56316102,41,25,16,36,21,15,0,0,0,3,1,2,0,0,0,5,4,1,41,19,22,15,6,9,0,0,0,2,0,2,4,3,1,20,10,10,0,0,0
56316103,89,63,26,79,55,24,0,0,0,5,2,3,0,0,0,10,8,2,58,29,29,18,10,8,0,0,0,5,0,5,14,9,5,21,10,11,16,11,5
56316104,26,12,14,26,12,14,1,1,0,4,2,2,0,0,0,0,0,0,25,12,13,7,3,4,0,0,0,2,0,2,5,4,1,11,5,6,0,0,0
56316105,31,15,16,29,15,14,1,0,1,3,1,2,0,0,0,2,0,2,16,8,8,5,3,2,0,0,0,0,0,0,2,1,1,9,4,5,0,0,0
56318801,13,7,6,12,7,5,1,0,1,0,0,0,0,0,0,1,0,1,22,7,15,15,6,9,1,1,0,1,0,1,2,0,2,3,0,3,0,0,0
56318802,107,61,46,104,60,44,1,0,1,9,4,5,0,0,0,3,1,2,91,38,53,51,23,28,0,0,0,5,0,5,10,7,3,25,8,17,1,1,0
0729230,0,0,0,0,0,0,0,0,0,0,0,0,0,0,0,0,0,0,0,0,0,0,0,0,0,0,0,0,0,0,0,0,0,0,0,0,0,0,0
0910060,0,0,0,0,0,0,0,0,0,0,0,0,0,0,0,0,0,0,0,0,0,0,0,0,0,0,0,0,0,0,0,0,0,0,0,0,0,0,0
56320001,37,14,23,35,14,21,2,0,2,3,0,3,0,0,0,2,0,2,30,13,17,6,3,3,0,0,0,2,0,2,9,3,6,13,7,6,0,0,0
56320002,77,43,34,75,42,33,1,0,1,13,6,7,0,0,0,2,1,1,75,33,42,41,20,21,0,0,0,2,0,2,12,3,9,20,10,10,0,0,0
56320003,331,181,150,321,175,146,10,5,5,34,18,16,7,0,7,10,6,4,241,118,123,90,40,50,0,0,0,11,0,11,46,26,20,94,52,42,7,5,2
56320004,23,13,10,23,13,10,0,0,0,1,0,1,1,0,1,0,0,0,13,7,6,6,2,4,0,0,0,1,0,1,5,4,1,1,1,0,0,0,0
56320005,24,13,11,24,13,11,2,1,1,5,3,2,0,0,0,0,0,0,20,7,13,8,3,5,0,0,0,2,0,2,6,2,4,4,2,2,0,0,0
56320007,28,15,13,27,14,13,0,0,0,3,0,3,0,0,0,1,1,0,22,11,11,9,6,3,0,0,0,1,0,1,4,1,3,8,4,4,0,0,0
0922740,0,0,0,0,0,0,0,0,0,0,0,0,0,0,0,0,0,0,0,0,0,0,0,0,0,0,0,0,0,0,0,0,0,0,0,0,0,0,0
56321802,263,141,122,240,128,112,5,3,2,29,15,14,4,0,4,23,13,10,326,145,181,178,78,100,0,0,0,6,0,6,41,17,24,101,50,51,11,9,2
56322601,6,5,1,5,4,1,1,1,0,0,0,0,0,0,0,1,1,0,17,7,10,7,4,3,1,0,1,0,0,0,1,0,1,8,3,5,0,0,0
56322603,67,35,32,66,34,32,0,0,0,8,3,5,1,0,1,1,1,0,51,25,26,27,16,11,0,0,0,3,0,3,9,0,9,12,9,3,0,0,0
56324201,56,31,25,53,30,23,0,0,0,7,5,2,1,0,1,3,1,2,64,35,29,37,19,18,0,0,0,2,0,2,11,7,4,14,9,5,0,0,0
56324202,152,87,65,141,82,59,4,3,1,16,9,7,0,0,0,11,5,6,106,49,57,63,28,35,2,1,1,1,0,1,5,3,2,35,17,18,6,6,0
56324203,21,11,10,20,10,10,0,0,0,3,0,3,1,0,1,1,1,0,18,12,6,9,6,3,0,0,0,1,0,1,3,2,1,5,4,1,0,0,0
3300350,0,0,0,0,0,0,0,0,0,0,0,0,0,0,0,0,0,0,0,0,0,0,0,0,0,0,0,0,0,0,0,0,0,0,0,0,0,0,0
56326901,80,46,34,76,44,32,3,0,3,9,3,6,0,0,0,4,2,2,65,29,36,22,7,15,1,1,0,3,0,3,9,5,4,30,16,14,1,1,0
56326903,125,73,52,113,65,48,4,0,4,11,8,3,0,0,0,12,8,4,93,55,38,40,22,18,1,1,0,2,0,2,12,8,4,38,24,14,3,2,1
56326904,13,6,7,12,6,6,0,0,0,2,1,1,1,0,1,1,0,1,16,8,8,5,3,2,0,0,0,0,0,0,4,2,2,7,3,4,1,0,1
56327701,374,210,164,367,207,160,16,10,6,32,19,13,0,0,0,7,3,4,303,137,166,124,52,72,3,3,0,13,1,12,45,25,20,118,56,62,10,7,3
56328502,62,36,26,61,35,26,1,0,1,5,3,2,0,0,0,1,1,0,64,26,38,36,16,20,0,0,0,3,0,3,8,4,4,17,6,11,0,0,0
56328503,99,53,46,98,52,46,3,1,2,15,8,7,2,0,2,1,1,0,77,37,40,40,18,22,0,0,0,2,0,2,10,6,4,25,13,12,1,1,0
56328504,19,10,9,19,10,9,0,0,0,1,1,0,0,0,0,0,0,0,23,5,18,5,3,2,0,0,0,4,0,4,8,2,6,6,0,6,0,0,0
56328505,330,181,149,318,175,143,15,10,5,31,17,14,5,0,5,12,6,6,267,128,139,137,56,81,1,1,0,9,0,9,47,26,21,73,45,28,5,4,1
56328506,64,33,31,64,33,31,2,1,1,0,0,0,0,0,0,0,0,0,51,28,23,7,2,5,0,0,0,0,0,0,7,3,4,37,23,14,0,0,0
56328507,29,17,12,29,17,12,1,1,0,3,1,2,0,0,0,0,0,0,9,4,5,0,0,0,0,0,0,0,0,0,3,2,1,6,2,4,0,0,0
56328508,34,20,14,31,18,13,0,0,0,2,2,0,1,0,1,3,2,1,16,8,8,4,2,2,0,0,0,0,0,0,6,2,4,6,4,2,0,0,0
56329301,103,59,44,93,52,41,4,2,2,6,5,1,1,0,1,10,7,3,82,44,38,38,22,16,0,0,0,5,0,5,14,6,8,25,16,9,4,4,0
1361660,0,0,0,0,0,0,0,0,0,0,0,0,0,0,0,0,0,0,0,0,0,0,0,0,0,0,0,0,0,0,0,0,0,0,0,0,0,0,0
1362120,0,0,0,0,0,0,0,0,0,0,0,0,0,0,0,0,0,0,0,0,0,0,0,0,0,0,0,0,0,0,0,0,0,0,0,0,0,0,0
56331502,96,84,12,95,83,12,0,0,0,8,5,3,0,0,0,1,1,0,35,17,18,24,12,12,1,1,0,1,0,1,2,1,1,7,3,4,0,0,0
56331505,16,8,8,13,5,8,0,0,0,3,0,3,1,0,1,3,3,0,15,8,7,8,5,3,1,1,0,0,0,0,4,2,2,2,0,2,0,0,0
1824512,0,0,0,0,0,0,0,0,0,0,0,0,0,0,0,0,0,0,0,0,0,0,0,0,0,0,0,0,0,0,0,0,0,0,0,0,0,0,0
56332301,23,13,10,22,13,9,1,1,0,2,2,0,0,0,0,1,0,1,13,7,6,4,2,2,0,0,0,0,0,0,2,1,1,7,4,3,0,0,0
56332302,16,9,7,13,8,5,0,0,0,2,0,2,0,0,0,3,1,2,16,10,6,4,4,0,0,0,0,3,0,3,5,3,2,4,3,1,2,1,1
56332303,454,258,196,411,230,181,8,4,4,45,27,18,1,0,1,43,28,15,399,164,235,174,65,109,0,0,0,17,0,17,77,35,42,131,64,67,15,11,4
56332307,32,22,10,30,21,9,1,1,0,7,3,4,0,0,0,2,1,1,23,10,13,14,6,8,0,0,0,0,0,0,3,1,2,6,3,3,0,0,0
56332308,16,10,6,14,9,5,1,0,1,0,0,0,0,0,0,2,1,1,19,9,10,7,3,4,0,0,0,1,0,1,3,2,1,8,4,4,2,1,1
56332309,56,34,22,53,34,19,1,0,1,4,2,2,1,0,1,3,0,3,49,22,27,18,7,11,0,0,0,4,0,4,17,7,10,10,8,2,1,0,1
56332311,16,9,7,15,9,6,0,0,0,1,0,1,0,0,0,1,0,1,11,6,5,9,5,4,0,0,0,0,0,0,1,0,1,1,1,0,0,0,0
56333101,36,17,19,30,14,16,3,1,2,5,2,3,0,0,0,6,3,3,13,8,5,7,5,2,0,0,0,0,0,0,2,2,0,4,1,3,0,0,0
56333102,66,36,30,39,23,16,1,1,0,3,1,2,0,0,0,27,13,14,107,42,65,14,8,6,0,0,0,10,0,10,49,20,29,34,14,20,5,4,1
56333104,20,9,11,18,8,10,1,0,1,2,1,1,0,0,0,2,1,1,27,14,13,17,10,7,0,0,0,1,0,1,4,2,2,5,2,3,0,0,0
56333105,27,18,9,25,16,9,1,0,1,3,1,2,0,0,0,2,2,0,24,13,11,8,4,4,0,0,0,2,0,2,5,3,2,9,6,3,8,6,2
56333106,21,11,10,20,11,9,0,0,0,1,1,0,0,0,0,1,0,1,32,11,21,8,3,5,0,0,0,1,0,1,10,4,6,13,4,9,2,1,1
0742760,0,0,0,0,0,0,0,0,0,0,0,0,0,0,0,0,0,0,0,0,0,0,0,0,0,0,0,0,0,0,0,0,0,0,0,0,0,0,0
56334001,794,435,359,760,419,341,30,15,15,57,28,29,5,0,5,34,16,18,629,299,330,253,110,143,4,2,2,22,1,21,99,53,46,251,133,118,10,8,2
56335801,83,47,36,77,45,32,2,2,0,8,5,3,1,0,1,6,2,4,63,27,36,28,12,16,0,0,0,1,0,1,13,5,8,21,10,11,0,0,0
56335802,420,218,202,406,211,195,13,3,10,33,17,16,3,0,3,14,7,7,348,162,186,117,49,68,0,0,0,18,0,18,70,38,32,143,75,68,17,14,3
56335803,36,23,13,36,23,13,1,0,1,2,1,1,0,0,0,0,0,0,19,7,12,10,3,7,1,0,1,0,0,0,3,2,1,5,2,3,0,0,0
56335804,27,16,11,25,16,9,3,3,0,4,2,2,0,0,0,2,0,2,37,18,19,15,6,9,0,0,0,4,0,4,9,4,5,9,8,1,0,0,0
56338201,78,44,34,77,43,34,1,0,1,8,4,4,0,0,0,1,1,0,61,28,33,23,8,15,0,0,0,1,0,1,7,4,3,30,16,14,0,0,0
56338202,596,328,268,568,311,257,17,9,8,46,25,21,6,0,6,28,17,11,464,207,257,211,92,119,1,1,0,16,0,16,70,29,41,166,85,81,9,6,3
56340401,24,14,10,18,9,9,0,0,0,2,1,1,0,0,0,6,5,1,17,11,6,9,5,4,0,0,0,0,0,0,2,2,0,6,4,2,3,3,0
56340402,64,32,32,61,31,30,1,1,0,5,3,2,1,0,1,3,1,2,73,37,36,43,22,21,1,1,0,1,0,1,8,3,5,20,11,9,1,0,1
56340403,1172,657,515,1063,595,468,20,6,14,161,100,61,7,0,7,109,62,47,1259,570,689,759,370,389,1,1,0,37,1,36,183,73,110,279,125,154,82,51,31
56341201,10,8,2,10,8,2,0,0,0,1,1,0,0,0,0,0,0,0,16,7,9,8,3,5,0,0,0,2,0,2,3,2,1,3,2,1,0,0,0
56341202,43,22,21,40,20,20,2,0,2,2,1,1,0,0,0,3,2,1,46,18,28,16,8,8,0,0,0,6,0,6,9,5,4,15,5,10,7,6,1
56341203,47,27,20,39,24,15,2,1,1,11,6,5,0,0,0,8,3,5,45,14,31,21,4,17,0,0,0,0,0,0,12,3,9,12,7,5,0,0,0
56341204,26,14,12,23,12,11,1,0,1,1,0,1,0,0,0,3,2,1,29,17,12,8,4,4,0,0,0,0,0,0,7,4,3,14,9,5,1,1,0
56341205,22,14,8,22,14,8,0,0,0,3,1,2,0,0,0,0,0,0,21,12,9,14,8,6,0,0,0,1,0,1,4,2,2,2,2,0,1,0,1
56343901,228,128,100,213,121,92,4,1,3,23,16,7,4,0,4,15,7,8,209,95,114,95,46,49,1,1,0,15,0,15,37,17,20,61,31,30,4,3,1
56343902,9,5,4,8,5,3,1,0,1,2,2,0,0,0,0,1,0,1,12,6,6,10,4,6,0,0,0,0,0,0,1,1,0,1,1,0,0,0,0
56343903,35,19,16,34,18,16,0,0,0,5,2,3,0,0,0,1,1,0,32,12,20,14,5,9,0,0,0,0,0,0,6,1,5,12,6,6,0,0,0
56343904,32,19,13,30,19,11,0,0,0,2,1,1,0,0,0,2,0,2,29,17,12,10,5,5,0,0,0,2,0,2,4,2,2,13,10,3,0,0,0
1067210,0,0,0,0,0,0,0,0,0,0,0,0,0,0,0,0,0,0,0,0,0,0,0,0,0,0,0,0,0,0,0,0,0,0,0,0,0,0,0
56346302,92,48,44,88,48,40,4,3,1,5,3,2,2,0,2,4,0,4,85,43,42,33,17,16,0,0,0,2,0,2,19,9,10,31,17,14,7,5,2
56346303,73,38,35,71,38,33,3,2,1,6,4,2,1,0,1,2,0,2,54,25,29,26,15,11,0,0,0,2,0,2,9,4,5,17,6,11,0,0,0
56347101,213,180,33,204,175,29,4,3,1,10,5,5,1,0,1,9,5,4,316,278,38,40,25,15,1,1,0,4,0,4,197,191,6,74,61,13,6,4,2
56348001,97,47,50,89,44,45,4,1,3,6,2,4,1,0,1,8,3,5,76,31,45,35,15,20,1,0,1,2,0,2,11,5,6,27,11,16,3,2,1
1878280,0,0,0,0,0,0,0,0,0,0,0,0,0,0,0,0,0,0,0,0,0,0,0,0,0,0,0,0,0,0,0,0,0,0,0,0,0,0,0
56349803,23,17,6,23,17,6,2,2,0,3,3,0,1,0,1,0,0,0,11,2,9,5,1,4,0,0,0,0,0,0,4,1,3,2,0,2,1,1,0
56349804,123,73,50,122,73,49,1,1,0,20,11,9,0,0,0,1,0,1,97,45,52,47,20,27,0,0,0,3,0,3,10,4,6,37,21,16,7,3,4
1881070,0,0,0,0,0,0,0,0,0,0,0,0,0,0,0,0,0,0,0,0,0,0,0,0,0,0,0,0,0,0,0,0,0,0,0,0,0,0,0
56350101,40,24,16,38,23,15,0,0,0,4,2,2,0,0,0,2,1,1,33,11,22,19,7,12,0,0,0,2,0,2,6,1,5,6,3,3,0,0,0
56350102,109,59,50,102,54,48,2,0,2,12,8,4,0,0,0,7,5,2,89,40,49,43,20,23,0,0,0,2,0,2,9,5,4,35,15,20,3,1,2
56350104,409,228,181,399,224,175,16,7,9,43,28,15,3,0,3,10,4,6,372,162,210,169,71,98,1,0,1,19,0,19,67,34,33,116,57,59,8,4,4
50552801,171,103,68,161,100,61,9,5,4,26,16,10,1,0,1,10,3,7,139,60,79,90,34,56,1,1,0,2,0,2,13,7,6,33,18,15,3,1,2
53050601,127,74,53,125,74,51,7,4,3,12,9,3,0,0,0,2,0,2,80,36,44,40,19,21,0,0,0,3,0,3,12,6,6,25,11,14,2,1,1
54240701,144,77,67,140,76,64,9,7,2,14,7,7,2,1,1,4,1,3,156,75,81,69,32,37,1,1,0,5,0,5,20,12,8,61,30,31,0,0,0
54240702,53,33,20,49,32,17,1,0,1,3,2,1,0,0,0,4,1,3,61,21,40,17,8,9,0,0,0,5,0,5,15,5,10,24,8,16,2,1,1
54242301,172,98,74,164,95,69,7,2,5,19,15,4,2,0,2,8,3,5,139,68,71,61,27,34,0,0,0,6,0,6,35,18,17,37,23,14,4,2,2
54244001,55,35,20,52,33,19,1,1,0,6,4,2,0,0,0,3,2,1,41,17,24,19,7,12,1,1,0,2,0,2,10,4,6,9,5,4,4,3,1
54248201,37,21,16,36,21,15,1,1,0,6,3,3,0,0,0,1,0,1,32,11,21,8,2,6,1,0,1,2,0,2,7,4,3,14,5,9,0,0,0
54248202,75,40,35,71,40,31,2,2,0,4,1,3,1,0,1,4,0,4,74,30,44,14,6,8,0,0,0,9,1,8,24,12,12,27,11,16,5,3,2
54249101,75,43,32,71,41,30,4,2,2,5,3,2,0,0,0,4,2,2,56,26,30,19,7,12,0,0,0,2,0,2,14,7,7,21,12,9,1,0,1
54249102,22,14,8,22,14,8,1,0,1,3,2,1,0,0,0,0,0,0,23,11,12,8,3,5,0,0,0,3,0,3,6,3,3,6,5,1,0,0,0
54252101,77,41,36,76,40,36,4,3,1,7,4,3,1,0,1,1,1,0,72,38,34,34,17,17,0,0,0,1,0,1,12,7,5,25,14,11,4,3,1
54253901,105,59,46,102,58,44,4,0,4,13,5,8,0,0,0,3,1,2,100,48,52,61,26,35,0,0,0,4,0,4,10,5,5,25,17,8,2,2,0
54669101,93,51,42,90,50,40,1,1,0,9,5,4,0,0,0,3,1,2,92,47,45,36,18,18,1,1,0,2,0,2,17,8,9,36,20,16,2,2,0
54672101,113,60,53,112,59,53,1,0,1,12,6,6,1,0,1,1,1,0,100,52,48,46,21,25,0,0,0,6,0,6,18,8,10,30,23,7,0,0,0
54675501,45,26,19,42,23,19,0,0,0,4,2,2,1,0,1,3,3,0,44,22,22,20,10,10,0,0,0,1,0,1,5,3,2,18,9,9,0,0,0
54676301,46,26,20,42,24,18,2,1,1,3,2,1,0,0,0,4,2,2,53,20,33,30,10,20,0,0,0,1,0,1,6,3,3,16,7,9,0,0,0
54677101,100,60,40,98,58,40,1,0,1,10,4,6,0,0,0,2,2,0,77,35,42,25,9,16,1,1,0,9,0,9,22,15,7,20,10,10,3,3,0
54678001,120,71,49,110,66,44,3,2,1,10,5,5,1,0,1,10,5,5,99,41,58,37,17,20,1,0,1,9,0,9,27,14,13,25,10,15,1,1,0
54678002,40,23,17,40,23,17,0,0,0,3,1,2,0,0,0,0,0,0,40,17,23,22,10,12,0,0,0,1,0,1,5,3,2,12,4,8,0,0,0
54681001,65,39,26,63,38,25,5,3,2,7,4,3,0,0,0,2,1,1,65,27,38,19,10,9,0,0,0,6,0,6,19,7,12,21,10,11,0,0,0
54681002,26,12,14,26,12,14,5,1,4,0,0,0,0,0,0,0,0,0,20,10,10,7,3,4,0,0,0,0,0,0,3,2,1,10,5,5,0,0,0
54682801,17,10,7,16,10,6,1,1,0,1,1,0,0,0,0,1,0,1,9,6,3,4,2,2,0,0,0,0,0,0,1,0,1,4,4,0,2,1,1
54685201,134,72,62,129,70,59,7,4,3,15,5,10,0,0,0,5,2,3,89,39,50,40,19,21,0,0,0,4,0,4,13,7,6,32,13,19,0,0,0
55364601,142,84,58,137,81,56,5,2,3,15,10,5,1,0,1,5,3,2,137,74,63,59,30,29,0,0,0,6,0,6,18,13,5,54,31,23,2,2,0
0855960,0,0,0,0,0,0,0,0,0,0,0,0,0,0,0,0,0,0,0,0,0,0,0,0,0,0,0,0,0,0,0,0,0,0,0,0,0,0,0
0856000,0,0,0,0,0,0,0,0,0,0,0,0,0,0,0,0,0,0,0,0,0,0,0,0,0,0,0,0,0,0,0,0,0,0,0,0,0,0,0
0856690,0,0,0,0,0,0,0,0,0,0,0,0,0,0,0,0,0,0,0,0,0,0,0,0,0,0,0,0,0,0,0,0,0,0,0,0,0,0,0
56456701,10,6,4,10,6,4,0,0,0,0,0,0,0,0,0,0,0,0,10,3,7,0,0,0,1,0,1,1,0,1,1,1,0,7,2,5,0,0,0
56456702,1382,737,645,1328,713,615,59,26,33,199,107,92,7,0,7,54,24,30,1259,551,708,619,252,367,4,4,0,56,0,56,183,86,97,397,209,188,17,13,4
56456703,281,153,128,271,148,123,16,7,9,39,25,14,1,0,1,10,5,5,269,128,141,149,65,84,0,0,0,4,0,4,33,23,10,83,40,43,1,0,1
56456705,116,66,50,112,66,46,4,1,3,13,8,5,0,0,0,4,0,4,84,36,48,43,15,28,1,1,0,4,0,4,14,7,7,22,13,9,0,0,0
56456706,90,47,43,70,36,34,2,0,2,3,0,3,0,0,0,20,11,9,106,55,51,22,9,13,0,0,0,10,1,9,34,21,13,40,24,16,1,1,0
56456707,374,192,182,364,190,174,22,7,15,50,31,19,3,0,3,10,2,8,420,179,241,209,79,130,2,1,1,17,0,17,66,39,27,126,60,66,8,5,3
56456708,498,319,179,410,247,163,12,6,6,44,22,22,4,0,4,88,72,16,553,357,196,144,62,82,0,0,0,14,0,14,283,241,42,112,54,58,11,5,6
56456709,1066,562,504,1038,551,487,55,30,25,117,59,58,8,0,8,28,11,17,860,353,507,289,100,189,2,2,0,58,1,57,190,80,110,321,170,151,8,4,4
56456710,27,15,12,22,12,10,1,0,1,1,1,0,0,0,0,5,3,2,28,16,12,20,11,9,0,0,0,0,0,0,1,0,1,7,5,2,0,0,0
56456711,26,15,11,25,14,11,0,0,0,1,1,0,0,0,0,1,1,0,81,27,54,74,26,48,0,0,0,0,0,0,3,0,3,4,1,3,0,0,0
56456712,43,22,21,42,22,20,1,0,1,6,3,3,0,0,0,1,0,1,37,14,23,12,4,8,0,0,0,2,0,2,8,2,6,15,8,7,0,0,0
56456713,39,30,9,21,16,5,3,2,1,1,1,0,0,0,0,18,14,4,9,8,1,7,7,0,0,0,0,0,0,0,0,0,0,2,1,1,1,1,0
56456714,49,23,26,48,23,25,2,2,0,8,3,5,1,0,1,1,0,1,50,23,27,21,10,11,1,0,1,3,0,3,12,4,8,13,9,4,0,0,0
56456715,1072,557,515,1028,539,489,45,23,22,137,66,71,7,0,7,44,18,26,1007,434,573,534,192,342,1,0,1,42,1,41,162,87,75,268,154,114,21,14,7
56456716,699,374,325,671,361,310,30,15,15,76,46,30,1,0,1,28,13,15,741,294,447,407,132,275,2,1,1,28,0,28,106,55,51,198,106,92,18,10,8
56456717,33,20,13,32,20,12,2,2,0,2,2,0,0,0,0,1,0,1,26,9,17,14,6,8,0,0,0,2,0,2,3,1,2,7,2,5,0,0,0
56456718,2093,1063,1030,2001,1029,972,89,42,47,243,94,149,15,0,15,92,34,58,1953,794,1159,1036,382,654,4,4,0,93,0,93,305,167,138,515,241,274,43,22,21
56456719,38,22,16,38,22,16,1,1,0,2,1,1,0,0,0,0,0,0,24,11,13,8,4,4,0,0,0,1,0,1,6,3,3,9,4,5,4,3,1
56456720,950,480,470,897,454,443,31,11,20,114,56,58,9,0,9,53,26,27,933,395,538,500,187,313,2,0,2,43,1,42,151,85,66,237,122,115,24,9,15
56456722,1657,825,832,1600,811,789,73,28,45,120,52,68,15,1,14,57,14,43,1098,502,596,405,178,227,1,1,0,66,0,66,240,123,117,386,200,186,21,13,8
56456723,65,38,27,63,38,25,3,1,2,10,4,6,0,0,0,2,0,2,63,27,36,42,19,23,0,0,0,3,0,3,5,3,2,13,5,8,1,1,0
56456724,12,6,6,12,6,6,0,0,0,1,1,0,0,0,0,0,0,0,12,2,10,1,0,1,0,0,0,1,0,1,7,2,5,3,0,3,0,0,0
56456725,505,277,228,490,271,219,21,10,11,68,41,27,2,0,2,15,6,9,500,222,278,266,113,153,0,0,0,21,0,21,65,37,28,148,72,76,2,1,1
56456726,286,148,138,279,146,133,14,11,3,16,8,8,0,0,0,7,2,5,213,94,119,28,13,15,2,1,1,10,0,10,31,13,18,142,67,75,1,1,0
56456727,803,471,332,741,433,308,30,13,17,83,44,39,7,0,7,62,38,24,569,280,289,219,105,114,4,0,4,30,1,29,125,70,55,191,104,87,131,102,29
56457502,380,210,170,363,202,161,12,4,8,28,13,15,0,0,0,17,8,9,368,154,214,165,68,97,2,2,0,17,0,17,60,23,37,124,61,63,6,2,4
56457503,53,29,24,51,29,22,1,1,0,6,4,2,2,0,2,2,0,2,49,23,26,19,8,11,0,0,0,4,0,4,12,5,7,14,10,4,1,1,0
56457504,196,102,94,188,98,90,13,6,7,25,10,15,1,0,1,8,4,4,197,82,115,100,38,62,0,0,0,4,0,4,23,13,10,70,31,39,3,1,2
56459101,1154,622,532,1106,602,504,44,21,23,110,60,50,5,0,5,48,20,28,908,379,529,415,173,242,0,0,0,46,0,46,145,69,76,302,137,165,16,10,6
56459102,182,102,80,176,99,77,6,2,4,14,6,8,0,0,0,6,3,3,153,61,92,63,25,38,0,0,0,10,0,10,30,13,17,50,23,27,2,2,0
56461301,241,137,104,227,128,99,6,2,4,26,7,19,0,0,0,14,9,5,186,82,104,85,35,50,0,0,0,14,0,14,38,22,16,49,25,24,9,5,4
56462101,583,310,273,547,291,256,18,5,13,68,32,36,7,0,7,36,19,17,534,231,303,241,98,143,0,0,0,26,1,25,107,48,59,160,84,76,22,14,8
56462102,45,28,17,43,27,16,2,0,2,7,5,2,0,0,0,2,1,1,43,20,23,22,10,12,0,0,0,0,0,0,4,1,3,17,9,8,0,0,0
56464801,220,121,99,212,117,95,4,2,2,7,3,4,0,0,0,8,4,4,208,105,103,84,40,44,0,0,0,6,0,6,29,14,15,89,51,38,10,7,3
56465601,9,5,4,8,4,4,0,0,0,0,0,0,0,0,0,1,1,0,11,7,4,7,4,3,0,0,0,0,0,0,0,0,0,4,3,1,0,0,0
56465602,72,35,37,62,35,27,0,0,0,12,3,9,0,0,0,10,0,10,50,27,23,26,15,11,0,0,0,3,0,3,7,5,2,14,7,7,0,0,0
56465603,685,378,307,644,358,286,23,11,12,64,28,36,4,0,4,41,20,21,669,292,377,313,128,185,1,1,0,28,0,28,100,49,51,227,114,113,20,17,3
56465604,96,54,42,88,49,39,3,1,2,12,6,6,0,0,0,8,5,3,90,42,48,45,17,28,0,0,0,5,0,5,18,10,8,22,15,7,2,0,2
56465605,42,27,15,36,25,11,0,0,0,2,1,1,0,0,0,6,2,4,42,16,26,24,9,15,0,0,0,0,0,0,7,1,6,11,6,5,0,0,0
56465606,15,8,7,13,7,6,1,0,1,1,1,0,0,0,0,2,1,1,9,5,4,8,4,4,0,0,0,0,0,0,0,0,0,1,1,0,0,0,0
56465607,60,34,26,58,33,25,2,1,1,8,6,2,0,0,0,2,1,1,62,28,34,23,10,13,0,0,0,6,0,6,16,8,8,17,10,7,0,0,0
56465608,50,27,23,45,25,20,1,0,1,5,2,3,0,0,0,5,2,3,45,27,18,15,9,6,0,0,0,3,0,3,12,9,3,15,9,6,3,0,3
56465609,57,34,23,52,30,22,1,1,0,7,3,4,0,0,0,5,4,1,37,18,19,19,10,9,0,0,0,1,0,1,8,5,3,9,3,6,0,0,0
56467201,184,100,84,180,99,81,13,5,8,20,11,9,1,0,1,4,1,3,169,74,95,76,34,42,0,0,0,10,0,10,22,11,11,61,29,32,0,0,0
56469901,65,41,24,62,38,24,1,0,1,7,4,3,0,0,0,3,3,0,63,27,36,34,13,21,0,0,0,6,0,6,11,6,5,12,8,4,2,2,0
3315460,0,0,0,0,0,0,0,0,0,0,0,0,0,0,0,0,0,0,0,0,0,0,0,0,0,0,0,0,0,0,0,0,0,0,0,0,0,0,0
56471101,650,366,284,627,352,275,24,8,16,49,25,24,4,0,4,23,14,9,642,249,393,292,105,187,2,1,1,30,0,30,94,40,54,224,103,121,12,9,3
56471102,53,29,24,51,29,22,2,0,2,4,3,1,1,0,1,2,0,2,43,19,24,19,8,11,0,0,0,1,0,1,9,5,4,14,6,8,0,0,0
56472901,63,41,22,60,39,21,0,0,0,10,7,3,0,0,0,3,2,1,61,30,31,32,15,17,0,0,0,1,0,1,11,8,3,17,7,10,3,1,2
56472902,16,8,8,16,8,8,0,0,0,1,0,1,0,0,0,0,0,0,25,13,12,14,9,5,2,0,2,0,0,0,2,1,1,7,3,4,0,0,0
56472903,18,11,7,18,11,7,2,2,0,1,0,1,0,0,0,0,0,0,20,7,13,6,2,4,1,0,1,2,0,2,3,1,2,8,4,4,0,0,0
56472904,94,55,39,92,54,38,6,3,3,10,3,7,1,0,1,2,1,1,77,33,44,48,22,26,0,0,0,3,0,3,9,4,5,17,7,10,2,2,0
56473701,62,34,28,59,32,27,3,0,3,11,6,5,1,0,1,3,2,1,105,48,57,28,11,17,0,0,0,2,0,2,13,6,7,62,31,31,3,1,2
56474501,294,162,132,283,158,125,17,9,8,31,18,13,3,0,3,11,4,7,240,115,125,109,53,56,0,0,0,8,0,8,38,22,16,85,40,45,2,2,0
56475301,236,128,108,224,121,103,6,1,5,21,11,10,2,0,2,12,7,5,209,76,133,98,37,61,0,0,0,13,0,13,43,18,25,55,21,34,2,2,0
56477001,26,15,11,25,15,10,1,1,0,1,0,1,1,0,1,1,0,1,18,8,10,4,2,2,0,0,0,0,0,0,3,1,2,11,5,6,0,0,0
56477002,97,49,48,89,47,42,5,1,4,5,1,4,0,0,0,8,2,6,113,52,61,58,22,36,0,0,0,3,0,3,17,8,9,35,22,13,1,1,0
56477004,14,7,7,14,7,7,1,1,0,2,2,0,0,0,0,0,0,0,14,9,5,10,7,3,0,0,0,0,0,0,2,1,1,2,1,1,0,0,0
56481801,226,130,96,212,123,89,8,8,0,22,13,9,1,0,1,14,7,7,184,88,96,63,26,37,0,0,0,10,0,10,45,24,21,66,38,28,2,0,2
56483401,133,79,54,123,71,52,2,1,1,16,7,9,1,0,1,10,8,2,112,56,56,67,27,40,0,0,0,3,0,3,12,10,2,30,19,11,4,2,2
56483402,10,6,4,9,5,4,1,0,1,0,0,0,0,0,0,1,1,0,22,10,12,14,6,8,0,0,0,0,0,0,1,0,1,7,4,3,0,0,0
56484201,72,35,37,69,35,34,3,1,2,9,4,5,0,0,0,3,0,3,54,25,29,26,13,13,1,0,1,1,0,1,10,7,3,16,5,11,1,1,0
56484203,51,24,27,50,23,27,3,0,3,9,4,5,1,0,1,1,1,0,30,15,15,8,3,5,0,0,0,2,0,2,8,5,3,12,7,5,1,1,0
56484204,41,22,19,40,21,19,0,0,0,8,4,4,0,0,0,1,1,0,47,20,27,23,10,13,1,0,1,1,0,1,9,3,6,13,7,6,0,0,0
56485101,608,356,252,503,265,238,25,10,15,47,28,19,2,0,2,105,91,14,579,290,289,351,181,170,0,0,0,18,0,18,74,40,34,136,69,67,8,5,3
56487701,452,242,210,431,234,197,15,9,6,46,17,29,4,0,4,21,8,13,374,176,198,151,73,78,0,0,0,13,0,13,61,27,34,149,76,73,10,8,2
56487702,306,172,134,295,165,130,12,6,6,23,12,11,4,0,4,11,7,4,288,136,152,107,48,59,0,0,0,13,0,13,49,23,26,119,65,54,11,6,5
56487703,77,41,36,71,39,32,3,1,2,5,4,1,0,0,0,6,2,4,86,41,45,39,18,21,0,0,0,1,0,1,14,3,11,32,20,12,4,1,3
56487704,42,25,17,40,24,16,3,1,2,5,2,3,0,0,0,2,1,1,55,27,28,26,12,14,1,0,1,2,0,2,9,5,4,17,10,7,2,1,1
56489301,238,134,104,230,128,102,8,3,5,33,18,15,1,0,1,8,6,2,187,87,100,73,31,42,0,0,0,10,0,10,39,18,21,65,38,27,6,6,0
56489302,129,73,56,119,69,50,2,1,1,8,6,2,4,0,4,10,4,6,141,57,84,53,21,32,0,0,0,10,0,10,38,19,19,40,17,23,1,0,1
56492301,183,105,78,173,99,74,4,1,3,19,10,9,1,0,1,10,6,4,163,69,94,69,25,44,2,1,1,10,0,10,41,23,18,41,20,21,2,1,1
56492302,170,91,79,158,87,71,4,3,1,23,9,14,2,0,2,12,4,8,152,69,83,86,35,51,0,0,0,4,0,4,23,14,9,39,20,19,0,0,0
56493101,70,39,31,68,38,30,2,0,2,4,3,1,0,0,0,2,1,1,78,36,42,42,17,25,1,1,0,2,0,2,8,4,4,25,14,11,3,1,2
56494001,236,142,94,218,130,88,8,4,4,18,13,5,3,1,2,18,12,6,297,158,139,153,91,62,0,0,0,14,0,14,54,27,27,76,40,36,4,1,3
56495801,155,86,69,153,86,67,6,3,3,18,11,7,2,0,2,2,0,2,130,61,69,54,23,31,0,0,0,6,0,6,24,11,13,46,27,19,4,4,0
56496601,77,49,28,72,46,26,1,1,0,16,10,6,0,0,0,5,3,2,72,29,43,38,17,21,0,0,0,5,0,5,11,5,6,18,7,11,6,5,1
56496602,29,16,13,26,15,11,0,0,0,1,1,0,0,0,0,3,1,2,24,10,14,10,4,6,0,0,0,1,0,1,3,2,1,10,4,6,0,0,0
56501601,189,106,83,173,100,73,6,1,5,16,11,5,1,0,1,16,6,10,174,77,97,88,37,51,0,0,0,5,0,5,28,16,12,53,24,29,6,2,4
56502401,229,133,96,214,126,88,3,3,0,23,8,15,1,0,1,15,7,8,241,112,129,132,60,72,2,1,1,14,0,14,38,17,21,55,34,21,4,2,2
56503201,305,160,145,292,153,139,7,5,2,21,12,9,0,0,0,13,7,6,249,126,123,105,48,57,2,2,0,5,0,5,39,24,15,98,52,46,6,5,1
56505901,188,113,75,180,112,68,3,2,1,19,12,7,1,0,1,8,1,7,222,102,120,106,46,60,0,0,0,15,0,15,33,17,16,68,39,29,4,4,0
56506701,213,114,99,208,112,96,8,3,5,22,12,10,3,0,3,5,2,3,220,90,130,105,43,62,0,0,0,7,0,7,31,16,15,77,31,46,3,1,2
56506702,193,106,87,189,102,87,4,3,1,27,14,13,0,0,0,4,4,0,204,70,134,131,33,98,0,0,0,5,0,5,20,13,7,48,24,24,3,2,1
56506703,48,27,21,48,27,21,1,1,0,5,3,2,2,1,1,0,0,0,38,16,22,14,6,8,0,0,0,0,0,0,6,2,4,18,8,10,0,0,0
56507501,127,73,54,121,71,50,4,1,3,16,11,5,0,0,0,6,2,4,125,56,69,71,29,42,0,0,0,3,0,3,12,7,5,39,20,19,1,1,0
56507503,44,24,20,43,24,19,0,0,0,2,2,0,2,0,2,1,0,1,52,28,24,36,19,17,0,0,0,1,0,1,6,4,2,9,5,4,0,0,0
56508301,413,220,193,397,215,182,14,7,7,42,20,22,5,0,5,16,5,11,390,192,198,211,101,110,1,0,1,15,0,15,58,36,22,105,55,50,14,10,4
56508302,80,46,34,77,45,32,2,1,1,11,7,4,0,0,0,3,1,2,62,26,36,31,12,19,0,0,0,2,0,2,6,3,3,23,11,12,0,0,0
56508303,59,32,27,56,30,26,2,0,2,12,4,8,0,0,0,3,2,1,67,36,31,35,19,16,0,0,0,3,0,3,7,5,2,22,12,10,1,0,1
56508304,20,16,4,19,15,4,0,0,0,2,1,1,0,0,0,1,1,0,15,5,10,6,3,3,0,0,0,3,0,3,4,1,3,2,1,1,0,0,0
56508305,165,103,62,151,93,58,4,2,2,16,11,5,3,0,3,14,10,4,145,67,78,61,27,34,1,1,0,9,0,9,26,9,17,48,30,18,3,3,0
56509101,150,83,67,143,81,62,7,4,3,16,4,12,0,0,0,7,2,5,135,61,74,76,33,43,0,0,0,2,0,2,15,8,7,42,20,22,2,0,2
56510501,19,11,8,19,11,8,0,0,0,5,3,2,0,0,0,0,0,0,9,3,6,5,0,5,0,0,0,1,0,1,1,1,0,2,2,0,0,0,0
56510502,50,30,20,47,29,18,0,0,0,10,4,6,0,0,0,3,1,2,43,21,22,29,11,18,0,0,0,1,0,1,3,1,2,10,9,1,3,2,1
56510504,7,3,4,7,3,4,0,0,0,2,2,0,0,0,0,0,0,0,15,10,5,7,4,3,0,0,0,0,0,0,0,0,0,8,6,2,0,0,0
56511301,211,142,69,206,141,65,9,5,4,21,17,4,1,0,1,5,1,4,151,71,80,67,30,37,0,0,0,5,0,5,20,10,10,59,31,28,2,2,0
1516452,0,0,0,0,0,0,0,0,0,0,0,0,0,0,0,0,0,0,0,0,0,0,0,0,0,0,0,0,0,0,0,0,0,0,0,0,0,0,0
56512101,47,25,22,44,24,20,1,0,1,3,1,2,0,0,0,3,1,2,43,19,24,18,9,9,1,0,1,1,0,1,5,2,3,18,8,10,0,0,0
56512102,44,25,19,43,24,19,4,2,2,9,4,5,0,0,0,1,1,0,28,12,16,13,6,7,1,1,0,1,0,1,2,0,2,11,5,6,0,0,0
56512104,25,15,10,25,15,10,0,0,0,5,2,3,1,0,1,0,0,0,28,12,16,11,4,7,0,0,0,2,0,2,8,4,4,7,4,3,1,1,0
56512105,376,213,163,351,202,149,13,6,7,45,24,21,3,0,3,25,11,14,363,164,199,179,72,107,1,0,1,15,0,15,61,30,31,107,62,45,12,10,2
56512106,12,8,4,12,8,4,0,0,0,1,1,0,0,0,0,0,0,0,17,2,15,13,1,12,0,0,0,0,0,0,2,0,2,2,1,1,0,0,0
56512107,40,25,15,37,23,14,0,0,0,5,2,3,1,0,1,3,2,1,41,20,21,21,11,10,0,0,0,4,0,4,13,8,5,3,1,2,0,0,0
56512108,27,14,13,26,14,12,1,1,0,3,2,1,0,0,0,1,0,1,24,13,11,12,7,5,0,0,0,1,0,1,5,3,2,6,3,3,1,1,0
56512109,21,12,9,21,12,9,1,1,0,3,1,2,0,0,0,0,0,0,25,14,11,10,4,6,1,0,1,2,0,2,5,3,2,7,7,0,0,0,0
56512110,9,7,2,8,6,2,0,0,0,0,0,0,0,0,0,1,1,0,17,7,10,9,5,4,0,0,0,2,0,2,4,1,3,2,1,1,0,0,0
56512111,10,5,5,10,5,5,0,0,0,1,1,0,0,0,0,0,0,0,13,4,9,3,2,1,0,0,0,0,0,0,1,0,1,9,2,7,1,1,0
56512112,78,45,33,74,43,31,1,0,1,7,4,3,1,0,1,4,2,2,81,40,41,43,23,20,0,0,0,1,0,1,10,4,6,27,13,14,1,1,0
56512113,30,17,13,28,17,11,0,0,0,4,2,2,0,0,0,2,0,2,32,15,17,14,7,7,0,0,0,0,0,0,6,3,3,12,5,7,3,1,2
56514801,270,146,124,258,139,119,14,4,10,22,14,8,1,0,1,12,7,5,262,102,160,111,44,67,0,0,0,19,1,18,57,22,35,75,35,40,8,6,2
56515601,249,135,114,241,129,112,13,5,8,28,16,12,1,0,1,8,6,2,231,107,124,119,55,64,1,1,0,7,0,7,30,12,18,74,39,35,4,2,2
56515602,38,22,16,35,20,15,1,0,1,3,1,2,0,0,0,3,2,1,35,19,16,14,9,5,0,0,0,1,0,1,11,6,5,9,4,5,0,0,0
56516401,93,49,44,91,48,43,2,2,0,7,4,3,0,0,0,2,1,1,96,38,58,47,21,26,0,0,0,3,0,3,9,4,5,37,13,24,0,0,0
56516402,1359,731,628,1263,682,581,38,18,20,158,80,78,9,0,9,96,49,47,1417,610,807,780,305,475,3,2,1,41,0,41,189,98,91,404,205,199,37,23,14
56516403,196,104,92,187,101,86,11,6,5,31,17,14,2,0,2,9,3,6,192,90,102,104,46,58,2,1,1,10,1,9,31,18,13,45,24,21,1,0,1
56517201,214,112,102,210,111,99,9,1,8,14,5,9,1,0,1,4,1,3,209,93,116,99,42,57,0,0,0,6,0,6,28,11,17,76,40,36,3,2,1
56521101,7,4,3,6,4,2,0,0,0,0,0,0,0,0,0,1,0,1,16,5,11,9,4,5,0,0,0,1,0,1,2,0,2,4,1,3,0,0,0
56521102,124,73,51,121,72,49,4,1,3,11,5,6,1,0,1,3,1,2,139,51,88,70,26,44,0,0,0,8,0,8,26,9,17,35,16,19,5,3,2
56521103,30,17,13,25,14,11,0,0,0,3,3,0,0,0,0,5,3,2,36,17,19,23,11,12,0,0,0,2,0,2,7,4,3,4,2,2,0,0,0
56521104,29,15,14,27,15,12,0,0,0,5,3,2,0,0,0,2,0,2,27,13,14,16,8,8,0,0,0,1,0,1,5,4,1,5,1,4,0,0,0
56521105,12,8,4,12,8,4,0,0,0,2,2,0,1,0,1,0,0,0,8,5,3,7,4,3,0,0,0,0,0,0,1,1,0,0,0,0,0,0,0
56521107,25,11,14,25,11,14,0,0,0,2,2,0,0,0,0,0,0,0,36,15,21,19,9,10,0,0,0,0,0,0,4,1,3,13,5,8,0,0,0
56521108,54,31,23,51,29,22,3,0,3,9,5,4,1,0,1,3,2,1,41,20,21,17,8,9,0,0,0,1,0,1,9,2,7,14,10,4,4,2,2
0877420,0,0,0,0,0,0,0,0,0,0,0,0,0,0,0,0,0,0,0,0,0,0,0,0,0,0,0,0,0,0,0,0,0,0,0,0,0,0,0
0878230,0,0,0,0,0,0,0,0,0,0,0,0,0,0,0,0,0,0,0,0,0,0,0,0,0,0,0,0,0,0,0,0,0,0,0,0,0,0,0
0878310,0,0,0,0,0,0,0,0,0,0,0,0,0,0,0,0,0,0,0,0,0,0,0,0,0,0,0,0,0,0,0,0,0,0,0,0,0,0,0
56522901,169,97,72,161,93,68,3,1,2,18,10,8,2,0,2,8,4,4,158,62,96,55,23,32,0,0,0,8,0,8,28,12,16,67,27,40,1,1,0
56522902,1035,575,460,970,541,429,24,11,13,86,51,35,6,0,6,65,34,31,1006,405,601,504,194,310,1,0,1,52,0,52,181,91,90,268,120,148,76,56,20
56522903,116,54,62,113,51,62,1,1,0,4,2,2,1,0,1,3,3,0,64,29,35,28,11,17,0,0,0,0,0,0,8,4,4,28,14,14,1,1,0
56522906,16,11,5,16,11,5,0,0,0,1,1,0,0,0,0,0,0,0,16,5,11,4,1,3,0,0,0,2,0,2,6,2,4,4,2,2,3,1,2
56522907,1208,637,571,1132,598,534,41,17,24,115,48,67,11,0,11,76,39,37,992,402,590,471,168,303,0,0,0,41,1,40,206,96,110,274,137,137,38,15,23
56522908,177,94,83,172,92,80,9,6,3,28,15,13,0,0,0,5,2,3,170,79,91,83,33,50,0,0,0,3,0,3,19,9,10,65,37,28,1,0,1
56522910,481,251,230,462,239,223,21,9,12,43,24,19,3,0,3,19,12,7,494,235,259,247,105,142,0,0,0,16,0,16,65,30,35,166,100,66,4,2,2
56522911,1207,595,612,1143,573,570,42,21,21,157,60,97,17,0,17,64,22,42,1129,462,667,592,234,358,0,0,0,59,1,58,196,90,106,282,137,145,13,6,7
56522912,34,20,14,31,18,13,0,0,0,2,1,1,0,0,0,3,2,1,35,18,17,7,4,3,0,0,0,3,0,3,11,5,6,14,9,5,2,1,1
56523701,193,109,84,184,102,82,6,2,4,19,9,10,1,0,1,9,7,2,153,69,84,62,30,32,0,0,0,8,0,8,35,15,20,48,24,24,2,2,0
56524501,362,201,161,344,194,150,15,9,6,37,23,14,5,0,5,18,7,11,318,136,182,172,68,104,3,2,1,10,0,10,46,24,22,87,42,45,4,2,2
56525301,136,71,65,131,70,61,6,1,5,11,3,8,0,0,0,5,1,4,111,53,58,47,22,25,0,0,0,4,0,4,23,14,9,37,17,20,0,0,0
56525302,38,22,16,36,21,15,0,0,0,4,2,2,0,0,0,2,1,1,43,19,24,22,9,13,0,0,0,2,0,2,7,2,5,12,8,4,0,0,0
56525303,123,73,50,116,72,44,5,4,1,5,3,2,1,0,1,7,1,6,118,57,61,61,27,34,1,1,0,7,0,7,23,13,10,26,16,10,2,1,1
56525304,129,75,54,119,70,49,5,3,2,13,8,5,0,0,0,10,5,5,100,40,60,43,17,26,1,0,1,2,0,2,12,4,8,42,19,23,0,0,0
56529601,123,67,56,118,65,53,7,4,3,10,6,4,1,0,1,5,2,3,106,42,64,46,20,26,2,0,2,7,0,7,20,9,11,31,13,18,3,1,2
56530001,302,172,130,300,170,130,9,6,3,34,19,15,1,0,1,2,2,0,245,104,141,89,32,57,1,1,0,16,0,16,55,29,26,84,42,42,3,2,1
3306980,0,0,0,0,0,0,0,0,0,0,0,0,0,0,0,0,0,0,0,0,0,0,0,0,0,0,0,0,0,0,0,0,0,0,0,0,0,0,0
56531801,471,268,203,443,255,188,12,5,7,40,18,22,0,0,0,28,13,15,405,178,227,194,84,110,0,0,0,23,1,22,74,38,36,114,55,59,14,11,3
56531802,115,65,50,108,60,48,6,4,2,10,5,5,0,0,0,7,5,2,101,44,57,45,18,27,0,0,0,4,0,4,13,7,6,39,19,20,1,1,0
56531803,99,60,39,95,59,36,3,1,2,6,3,3,1,0,1,4,1,3,109,55,54,57,27,30,1,0,1,5,0,5,18,9,9,28,19,9,1,0,1
56531804,35,17,18,30,17,13,1,0,1,1,0,1,1,0,1,5,0,5,27,14,13,14,4,10,0,0,0,0,0,0,3,2,1,10,8,2,0,0,0
56531805,10,6,4,10,6,4,0,0,0,3,3,0,0,0,0,0,0,0,21,9,12,17,7,10,0,0,0,0,0,0,1,0,1,3,2,1,0,0,0
56531806,54,30,24,46,26,20,1,1,0,8,5,3,0,0,0,8,4,4,63,28,35,37,18,19,0,0,0,5,0,5,8,3,5,13,7,6,2,2,0
56531807,14,9,5,12,7,5,0,0,0,2,2,0,0,0,0,2,2,0,15,8,7,9,5,4,0,0,0,0,0,0,2,1,1,4,2,2,0,0,0
56531808,121,71,50,104,65,39,4,2,2,8,4,4,0,0,0,17,6,11,104,47,57,54,26,28,0,0,0,5,0,5,21,11,10,24,10,14,0,0,0
56534201,82,51,31,76,48,28,1,0,1,9,5,4,1,0,1,6,3,3,84,40,44,42,17,25,0,0,0,5,0,5,14,8,6,23,15,8,0,0,0
56534202,119,65,54,112,59,53,2,0,2,15,7,8,0,0,0,7,6,1,108,46,62,50,21,29,1,1,0,6,0,6,14,5,9,37,19,18,2,1,1
56539301,167,88,79,161,85,76,8,5,3,19,8,11,1,0,1,6,3,3,144,62,82,61,27,34,0,0,0,4,0,4,24,13,11,55,22,33,2,2,0
56539302,39,18,21,37,18,19,2,1,1,5,1,4,0,0,0,2,0,2,28,12,16,10,7,3,0,0,0,1,0,1,3,0,3,14,5,9,0,0,0
56539304,24,15,9,24,15,9,0,0,0,5,4,1,0,0,0,0,0,0,10,5,5,7,2,5,0,0,0,0,0,0,0,0,0,3,3,0,0,0,0
56539305,23,14,9,21,13,8,0,0,0,3,1,2,0,0,0,2,1,1,26,14,12,11,7,4,0,0,0,2,1,1,5,2,3,8,4,4,0,0,0
56541502,79,43,36,77,42,35,3,1,2,16,8,8,0,0,0,2,1,1,82,37,45,51,21,30,0,0,0,1,0,1,8,2,6,22,14,8,0,0,0
56541503,11,6,5,11,6,5,0,0,0,1,1,0,0,0,0,0,0,0,17,8,9,10,6,4,0,0,0,0,0,0,0,0,0,7,2,5,0,0,0
56541504,36,24,12,32,21,11,2,2,0,0,0,0,0,0,0,4,3,1,32,17,15,21,11,10,0,0,0,0,0,0,1,0,1,10,6,4,0,0,0
56541505,202,107,95,193,102,91,10,4,6,18,9,9,2,0,2,9,5,4,185,73,112,89,34,55,1,0,1,7,0,7,25,10,15,63,29,34,4,2,2
56543101,21,12,9,19,11,8,3,1,2,1,1,0,0,0,0,2,1,1,26,9,17,12,5,7,0,0,0,2,0,2,6,2,4,6,2,4,0,0,0
56543102,67,34,33,64,32,32,1,0,1,11,6,5,0,0,0,3,2,1,70,36,34,34,16,18,0,0,0,1,0,1,8,4,4,27,16,11,0,0,0
56543104,24,14,10,22,13,9,1,1,0,1,1,0,0,0,0,2,1,1,31,13,18,16,8,8,0,0,0,2,0,2,3,1,2,10,4,6,0,0,0
56543105,52,26,26,49,24,25,1,0,1,4,2,2,0,0,0,3,2,1,44,22,22,16,8,8,0,0,0,0,0,0,2,1,1,26,13,13,0,0,0
56543107,91,49,42,87,48,39,2,2,0,4,3,1,2,0,2,4,1,3,81,42,39,32,17,15,0,0,0,4,0,4,14,7,7,31,18,13,1,1,0
56543108,49,28,21,47,27,20,2,1,1,8,3,5,1,0,1,2,1,1,31,9,22,17,3,14,0,0,0,1,0,1,4,2,2,9,4,5,1,1,0
56543109,342,182,160,317,170,147,9,4,5,41,24,17,2,0,2,25,12,13,319,139,180,176,68,108,1,1,0,8,0,8,42,27,15,92,43,49,19,13,6
56545801,139,80,59,131,75,56,7,2,5,19,8,11,0,0,0,8,5,3,107,47,60,48,19,29,0,0,0,5,0,5,17,8,9,37,20,17,0,0,0
56545802,184,112,72,172,105,67,5,2,3,18,9,9,0,0,0,12,7,5,192,78,114,104,43,61,0,0,0,10,0,10,33,14,19,45,21,24,12,7,5
56547401,154,86,68,137,75,62,7,3,4,8,2,6,0,0,0,17,11,6,130,56,74,56,24,32,0,0,0,4,0,4,25,16,9,45,16,29,4,1,3
56548201,193,110,83,188,107,81,5,2,3,10,4,6,2,0,2,5,3,2,161,68,93,71,28,43,0,0,0,11,0,11,29,17,12,50,23,27,1,1,0
56549101,309,165,144,288,152,136,14,9,5,25,10,15,4,0,4,21,13,8,285,137,148,115,54,61,3,2,1,14,0,14,64,29,35,89,52,37,7,4,3
56552101,251,142,109,239,135,104,4,4,0,23,13,10,1,0,1,12,7,5,230,104,126,86,33,53,1,1,0,12,0,12,37,19,18,94,51,43,1,1,0
56554701,73,39,34,73,39,34,2,1,1,6,2,4,0,0,0,0,0,0,80,38,42,38,16,22,0,0,0,2,0,2,11,6,5,29,16,13,0,0,0
1417210,0,0,0,0,0,0,0,0,0,0,0,0,0,0,0,0,0,0,0,0,0,0,0,0,0,0,0,0,0,0,0,0,0,0,0,0,0,0,0
1417800,0,0,0,0,0,0,0,0,0,0,0,0,0,0,0,0,0,0,0,0,0,0,0,0,0,0,0,0,0,0,0,0,0,0,0,0,0,0,0
56555501,483,264,219,461,253,208,19,13,6,48,22,26,4,0,4,22,11,11,382,172,210,193,89,104,0,0,0,13,0,13,63,27,36,113,56,57,5,2,3
56555503,26,14,12,24,14,10,1,1,0,3,2,1,0,0,0,2,0,2,30,14,16,15,8,7,0,0,0,1,0,1,4,2,2,10,4,6,0,0,0
56555504,552,292,260,534,282,252,31,16,15,70,35,35,3,0,3,18,10,8,538,253,285,251,97,154,1,1,0,22,1,21,82,53,29,182,101,81,10,4,6
56555505,615,330,285,578,314,264,20,8,12,78,36,42,7,0,7,37,16,21,599,241,358,319,124,195,3,2,1,28,0,28,103,43,60,146,72,74,15,5,10
56555506,56,32,24,50,28,22,2,0,2,5,2,3,1,0,1,6,4,2,39,19,20,21,8,13,0,0,0,1,0,1,8,5,3,9,6,3,0,0,0
56555507,48,27,21,47,26,21,5,1,4,6,4,2,0,0,0,1,1,0,29,12,17,4,1,3,0,0,0,3,0,3,9,6,3,13,5,8,0,0,0
56555508,641,334,307,617,323,294,27,10,17,72,40,32,7,0,7,24,11,13,583,243,340,306,112,194,1,0,1,25,0,25,90,47,43,161,84,77,7,4,3
56555509,229,121,108,225,119,106,6,4,2,35,19,16,2,0,2,4,2,2,225,100,125,118,53,65,0,0,0,2,0,2,21,10,11,84,37,47,1,1,0
56555511,58,35,23,43,26,17,2,2,0,5,2,3,1,0,1,15,9,6,53,28,25,10,3,7,0,0,0,5,1,4,14,10,4,24,14,10,2,1,1
56555512,1446,729,717,1361,691,670,49,22,27,173,85,88,13,0,13,85,38,47,1410,579,831,806,275,531,3,3,0,40,0,40,209,116,93,352,185,167,22,9,13
56555513,647,377,270,599,341,258,33,15,18,50,31,19,0,0,0,48,36,12,471,204,267,181,77,104,0,0,0,26,0,26,97,53,44,167,74,93,67,49,18
56555514,414,223,191,398,216,182,18,8,10,37,18,19,3,0,3,16,7,9,384,154,230,201,70,131,2,1,1,24,0,24,78,42,36,79,41,38,7,1,6
56555515,93,49,44,91,47,44,3,1,2,15,7,8,1,0,1,2,2,0,72,35,37,22,12,10,0,0,0,4,0,4,18,6,12,28,17,11,0,0,0
56555516,751,395,356,722,381,341,28,10,18,83,41,42,5,0,5,29,14,15,687,317,370,333,130,203,0,0,0,19,0,19,96,56,40,239,131,108,2,0,2
56555517,15,9,6,15,9,6,0,0,0,3,1,2,1,0,1,0,0,0,14,7,7,8,4,4,0,0,0,1,0,1,5,3,2,0,0,0,0,0,0
56555518,198,108,90,189,107,82,14,5,9,23,12,11,1,0,1,9,1,8,167,68,99,80,35,45,0,0,0,12,0,12,33,18,15,42,15,27,2,0,2
56555519,138,78,60,137,77,60,5,1,4,30,16,14,0,0,0,1,1,0,139,55,84,84,31,53,3,2,1,2,0,2,9,5,4,41,17,24,0,0,0
56559801,143,81,62,136,79,57,4,1,3,14,8,6,1,0,1,7,2,5,112,46,66,62,27,35,1,1,0,6,0,6,13,5,8,30,13,17,5,5,0
56560101,126,76,50,115,70,45,2,1,1,17,10,7,1,0,1,11,6,5,125,51,74,72,31,41,0,0,0,5,0,5,20,8,12,28,12,16,2,2,0
56561001,36,22,14,33,22,11,1,0,1,0,0,0,0,0,0,3,0,3,35,16,19,21,10,11,0,0,0,0,0,0,3,2,1,11,4,7,2,2,0
56561002,123,72,51,121,70,51,7,3,4,14,8,6,3,0,3,2,2,0,141,67,74,94,48,46,0,0,0,4,0,4,16,5,11,27,14,13,4,4,0
56561003,65,39,26,63,38,25,2,1,1,3,2,1,1,0,1,2,1,1,49,24,25,20,11,9,0,0,0,2,0,2,12,6,6,15,7,8,1,1,0
56561004,12,7,5,11,7,4,1,1,0,0,0,0,0,0,0,1,0,1,13,6,7,10,4,6,0,0,0,0,0,0,2,1,1,1,1,0,1,1,0
56561005,16,9,7,13,8,5,0,0,0,2,1,1,0,0,0,3,1,2,31,12,19,13,6,7,1,1,0,1,0,1,9,2,7,7,3,4,2,1,1
56561006,16,9,7,16,9,7,0,0,0,0,0,0,0,0,0,0,0,0,9,4,5,6,3,3,0,0,0,0,0,0,1,0,1,2,1,1,1,1,0
56561008,73,42,31,68,41,27,0,0,0,4,1,3,1,0,1,5,1,4,65,30,35,32,15,17,0,0,0,2,0,2,13,6,7,18,9,9,1,0,1
56561009,42,21,21,41,20,21,1,0,1,7,3,4,1,0,1,1,1,0,40,20,20,26,12,14,0,0,0,1,1,0,5,2,3,8,5,3,0,0,0
56567901,311,164,147,281,152,129,9,3,6,33,17,16,3,0,3,30,12,18,312,132,180,139,56,83,1,1,0,14,1,13,66,31,35,92,43,49,9,8,1
56567902,208,111,97,206,111,95,9,2,7,21,10,11,3,0,3,2,0,2,195,86,109,75,33,42,0,0,0,12,1,11,34,21,13,74,31,43,6,1,5
3315380,0,0,0,0,0,0,0,0,0,0,0,0,0,0,0,0,0,0,0,0,0,0,0,0,0,0,0,0,0,0,0,0,0,0,0,0,0,0,0
56569501,368,205,163,353,200,153,12,5,7,28,18,10,4,0,4,15,5,10,319,156,163,169,81,88,1,0,1,9,0,9,44,24,20,96,51,45,4,4,0
3111620,0,0,0,0,0,0,0,0,0,0,0,0,0,0,0,0,0,0,0,0,0,0,0,0,0,0,0,0,0,0,0,0,0,0,0,0,0,0,0
3111970,0,0,0,0,0,0,0,0,0,0,0,0,0,0,0,0,0,0,0,0,0,0,0,0,0,0,0,0,0,0,0,0,0,0,0,0,0,0,0
56570901,108,59,49,103,56,47,3,0,3,10,2,8,1,0,1,5,3,2,115,59,56,58,27,31,0,0,0,6,0,6,20,11,9,31,21,10,0,0,0
56570902,125,71,54,117,66,51,3,2,1,9,1,8,1,0,1,8,5,3,132,60,72,50,20,30,0,0,0,7,1,6,21,12,9,54,27,27,2,1,1
56570903,19,9,10,18,9,9,2,0,2,2,0,2,0,0,0,1,0,1,20,9,11,8,3,5,0,0,0,0,0,0,3,1,2,9,5,4,1,0,1
56570904,11,6,5,10,6,4,0,0,0,2,1,1,0,0,0,1,0,1,24,14,10,16,8,8,0,0,0,0,0,0,3,2,1,5,4,1,0,0,0
56570905,70,45,25,61,39,22,1,0,1,3,1,2,0,0,0,9,6,3,67,31,36,39,20,19,0,0,0,0,0,0,7,1,6,21,10,11,0,0,0
56570906,35,19,16,34,19,15,1,1,0,8,4,4,0,0,0,1,0,1,24,7,17,9,4,5,0,0,0,2,0,2,6,1,5,7,2,5,0,0,0
56570907,131,79,52,121,75,46,3,1,2,7,4,3,2,0,2,10,4,6,109,44,65,52,23,29,0,0,0,7,0,7,21,10,11,29,11,18,0,0,0
56570908,102,52,50,97,52,45,3,0,3,17,7,10,0,0,0,5,0,5,88,43,45,36,20,16,0,0,0,4,0,4,19,8,11,29,15,14,1,0,1
56570910,53,29,24,49,27,22,0,0,0,7,2,5,0,0,0,4,2,2,54,27,27,32,17,15,0,0,0,3,0,3,7,3,4,12,7,5,0,0,0
56570911,487,259,228,458,246,212,19,8,11,42,19,23,5,0,5,29,13,16,455,184,271,191,71,120,3,0,3,19,0,19,75,35,40,167,78,89,12,8,4
56570912,371,208,163,348,198,150,10,1,9,40,21,19,1,0,1,23,10,13,362,152,210,177,64,113,2,1,1,11,0,11,53,20,33,119,67,52,9,6,3
56570913,354,196,158,339,192,147,9,3,6,53,28,25,1,0,1,15,4,11,360,157,203,193,82,111,1,1,0,22,0,22,62,36,26,82,38,44,9,4,5
56570914,18,10,8,18,10,8,0,0,0,3,2,1,0,0,0,0,0,0,13,7,6,5,2,3,0,0,0,1,0,1,2,1,1,5,4,1,0,0,0
56570915,335,175,160,315,167,148,6,2,4,45,19,26,4,0,4,20,8,12,350,144,206,182,68,114,0,0,0,10,0,10,55,24,31,103,52,51,6,3,3
56570916,830,448,382,778,421,357,26,12,14,68,28,40,5,0,5,52,27,25,775,297,478,414,150,264,2,0,2,44,0,44,119,55,64,196,92,104,11,6,5
56570917,908,492,416,861,462,399,25,15,10,64,38,26,6,0,6,47,30,17,669,284,385,302,120,182,3,3,0,26,0,26,121,56,65,217,105,112,51,36,15
56570918,282,171,111,236,148,88,4,3,1,32,18,14,1,0,1,46,23,23,263,110,153,119,54,65,1,0,1,12,0,12,61,26,35,70,30,40,5,2,3
56570921,40,21,19,39,21,18,3,0,3,5,2,3,0,0,0,1,0,1,54,20,34,39,12,27,0,0,0,0,0,0,1,0,1,14,8,6,0,0,0
56571701,290,156,134,280,153,127,10,4,6,37,19,18,1,0,1,10,3,7,260,120,140,125,59,66,0,0,0,8,0,8,39,19,20,88,42,46,1,1,0
56571702,80,46,34,75,44,31,3,1,2,13,9,4,1,0,1,5,2,3,58,25,33,30,12,18,0,0,0,2,0,2,8,6,2,18,7,11,1,1,0
56571703,19,11,8,19,11,8,0,0,0,2,2,0,0,0,0,0,0,0,24,10,14,14,5,9,0,0,0,2,0,2,5,3,2,3,2,1,0,0,0
56571704,174,92,82,169,90,79,7,2,5,16,7,9,2,0,2,5,2,3,152,71,81,69,31,38,0,0,0,6,0,6,30,15,15,47,25,22,1,0,1
56571705,12,5,7,10,4,6,0,0,0,4,2,2,0,0,0,2,1,1,15,10,5,10,7,3,0,0,0,0,0,0,2,2,0,3,1,2,0,0,0
56571707,787,422,365,735,398,337,19,7,12,95,42,53,5,0,5,52,24,28,830,369,461,464,194,270,0,0,0,19,0,19,120,52,68,227,123,104,39,23,16
56571710,73,39,34,69,38,31,4,2,2,12,8,4,1,0,1,4,1,3,144,49,95,113,33,80,0,0,0,1,0,1,10,7,3,20,9,11,2,2,0
56574101,38,23,15,37,23,14,2,1,1,5,3,2,0,0,0,1,0,1,45,22,23,31,13,18,0,0,0,1,0,1,3,3,0,10,6,4,0,0,0
56574102,277,156,121,268,150,118,14,6,8,29,13,16,1,0,1,9,6,3,233,94,139,119,50,69,0,0,0,9,0,9,32,8,24,73,36,37,2,2,0
56576802,11,6,5,10,5,5,0,0,0,1,0,1,0,0,0,1,1,0,10,5,5,7,3,4,0,0,0,1,0,1,2,2,0,0,0,0,0,0,0
56576803,64,32,32,63,32,31,1,0,1,10,4,6,1,0,1,1,0,1,67,29,38,30,13,17,0,0,0,4,0,4,15,7,8,18,9,9,1,0,1
56576804,26,15,11,25,14,11,2,1,1,2,1,1,0,0,0,1,1,0,28,12,16,17,8,9,0,0,0,2,0,2,3,2,1,6,2,4,0,0,0
56576805,45,27,18,45,27,18,2,1,1,7,4,3,0,0,0,0,0,0,46,18,28,18,7,11,1,0,1,1,0,1,12,3,9,14,8,6,1,1,0
56576806,43,22,21,38,20,18,2,0,2,4,1,3,0,0,0,5,2,3,32,12,20,17,7,10,0,0,0,1,0,1,6,2,4,8,3,5,0,0,0
56576807,753,416,337,726,399,327,27,10,17,95,48,47,6,0,6,27,17,10,650,292,358,316,133,183,2,0,2,25,1,24,96,47,49,211,111,100,9,6,3
56576808,26,18,8,25,18,7,1,1,0,2,2,0,0,0,0,1,0,1,41,15,26,30,11,19,0,0,0,1,0,1,4,1,3,6,3,3,0,0,0
56576809,12,5,7,12,5,7,1,0,1,1,0,1,0,0,0,0,0,0,11,4,7,7,4,3,0,0,0,0,0,0,1,0,1,3,0,3,0,0,0
56577602,54,29,25,52,28,24,3,1,2,5,3,2,0,0,0,2,1,1,52,22,30,35,16,19,0,0,0,1,0,1,2,0,2,14,6,8,0,0,0
56577603,12,7,5,12,7,5,0,0,0,1,1,0,0,0,0,0,0,0,9,3,6,8,3,5,0,0,0,0,0,0,0,0,0,1,0,1,0,0,0
56577604,16,12,4,16,12,4,0,0,0,2,2,0,0,0,0,0,0,0,20,7,13,14,5,9,0,0,0,1,0,1,2,1,1,3,1,2,2,0,2
56577605,14,8,6,13,8,5,1,0,1,1,1,0,0,0,0,1,0,1,8,4,4,3,1,2,0,0,0,0,0,0,2,1,1,3,2,1,0,0,0
56577606,35,21,14,34,21,13,2,1,1,4,2,2,0,0,0,1,0,1,34,15,19,15,5,10,0,0,0,3,0,3,4,3,1,12,7,5,0,0,0
56577607,28,15,13,26,15,11,0,0,0,2,1,1,0,0,0,2,0,2,21,8,13,7,3,4,0,0,0,2,0,2,6,2,4,6,3,3,0,0,0
56577608,245,127,118,234,123,111,6,2,4,27,15,12,1,0,1,11,4,7,255,107,148,135,58,77,3,2,1,12,0,12,38,20,18,67,27,40,8,6,2
56579201,31,21,10,27,18,9,0,0,0,1,1,0,0,0,0,4,3,1,25,10,15,10,3,7,0,0,0,4,0,4,8,5,3,3,2,1,1,1,0
56579202,23,13,10,22,12,10,3,2,1,1,1,0,2,0,2,1,1,0,24,10,14,7,3,4,0,0,0,1,0,1,8,5,3,8,2,6,1,1,0
56579203,20,11,9,18,10,8,0,0,0,3,1,2,0,0,0,2,1,1,16,10,6,9,6,3,1,0,1,0,0,0,0,0,0,6,4,2,0,0,0
56579205,36,19,17,35,18,17,0,0,0,2,0,2,0,0,0,1,1,0,41,21,20,22,9,13,0,0,0,3,0,3,6,4,2,10,8,2,0,0,0
56579206,184,100,84,174,95,79,5,3,2,19,9,10,2,0,2,10,5,5,184,89,95,86,34,52,1,1,0,10,0,10,30,17,13,57,37,20,4,2,2
56580601,147,84,63,141,83,58,6,2,4,13,12,1,2,0,2,6,1,5,123,53,70,43,17,26,0,0,0,11,0,11,30,17,13,39,19,20,2,2,0
1980052,0,0,0,0,0,0,0,0,0,0,0,0,0,0,0,0,0,0,0,0,0,0,0,0,0,0,0,0,0,0,0,0,0,0,0,0,0,0,0
56581402,12,6,6,12,6,6,0,0,0,3,1,2,0,0,0,0,0,0,16,10,6,5,2,3,0,0,0,0,0,0,4,2,2,7,6,1,0,0,0
56581403,63,33,30,58,29,29,3,1,2,7,2,5,1,0,1,5,4,1,58,25,33,31,13,18,0,0,0,2,0,2,9,3,6,16,9,7,1,1,0
56581404,15,10,5,14,9,5,0,0,0,1,1,0,0,0,0,1,1,0,25,10,15,10,4,6,0,0,0,2,0,2,7,4,3,6,2,4,0,0,0
56581405,21,14,7,17,12,5,0,0,0,1,1,0,0,0,0,4,2,2,16,4,12,12,4,8,0,0,0,0,0,0,1,0,1,3,0,3,0,0,0
56581406,36,18,18,35,18,17,1,0,1,4,3,1,0,0,0,1,0,1,31,14,17,20,11,9,0,0,0,1,0,1,7,3,4,3,0,3,2,1,1
56581407,12,7,5,11,7,4,0,0,0,3,1,2,0,0,0,1,0,1,21,10,11,17,8,9,0,0,0,1,0,1,1,0,1,2,2,0,0,0,0
56581409,23,14,9,21,14,7,3,1,2,1,1,0,0,0,0,2,0,2,33,17,16,17,10,7,1,1,0,2,0,2,6,4,2,7,2,5,0,0,0
56581410,69,47,22,65,44,21,1,0,1,3,3,0,0,0,0,4,3,1,73,34,39,38,16,22,2,1,1,2,0,2,13,4,9,18,13,5,0,0,0
56581411,15,9,6,15,9,6,0,0,0,0,0,0,0,0,0,0,0,0,18,9,9,11,5,6,0,0,0,0,0,0,1,1,0,6,3,3,0,0,0
56581412,37,20,17,36,19,17,3,2,1,3,1,2,0,0,0,1,1,0,27,15,12,12,7,5,1,1,0,0,0,0,3,2,1,11,5,6,0,0,0
56581413,25,16,9,24,15,9,0,0,0,0,0,0,0,0,0,1,1,0,35,14,21,8,3,5,0,0,0,5,0,5,11,6,5,11,5,6,0,0,0
56581414,65,34,31,58,32,26,3,2,1,8,4,4,0,0,0,7,2,5,72,32,40,39,18,21,0,0,0,3,0,3,10,4,6,20,10,10,0,0,0
56581415,7,5,2,7,5,2,0,0,0,1,1,0,0,0,0,0,0,0,15,6,9,9,4,5,0,0,0,1,0,1,1,1,0,4,1,3,0,0,0
56581416,38,19,19,38,19,19,2,1,1,6,2,4,0,0,0,0,0,0,40,16,24,27,12,15,0,0,0,0,0,0,4,1,3,9,3,6,0,0,0
56581418,19,9,10,19,9,10,1,1,0,2,0,2,0,0,0,0,0,0,20,9,11,6,3,3,0,0,0,0,0,0,4,0,4,10,6,4,0,0,0
56581419,49,25,24,43,23,20,0,0,0,5,1,4,0,0,0,6,2,4,51,25,26,24,14,10,0,0,0,3,0,3,14,8,6,10,3,7,2,1,1
56581421,26,13,13,20,11,9,1,1,0,1,1,0,0,0,0,6,2,4,27,14,13,9,3,6,0,0,0,2,0,2,5,4,1,11,7,4,0,0,0
56581422,41,24,17,40,24,16,1,1,0,5,4,1,0,0,0,1,0,1,46,17,29,24,10,14,0,0,0,3,0,3,7,3,4,12,4,8,1,1,0
56581423,209,114,95,197,108,89,3,1,2,21,13,8,0,0,0,12,6,6,174,89,85,75,37,38,0,0,0,9,0,9,31,19,12,59,33,26,32,25,7
56581424,159,103,56,139,94,45,2,0,2,13,6,7,0,0,0,20,9,11,163,67,96,82,34,48,0,0,0,11,0,11,28,15,13,42,18,24,8,1,7
56581425,381,211,170,358,196,162,13,3,10,56,28,28,3,0,3,23,15,8,390,155,235,226,87,139,2,0,2,17,0,17,50,21,29,95,47,48,6,5,1
56581426,10,5,5,10,5,5,0,0,0,1,1,0,0,0,0,0,0,0,17,8,9,14,7,7,0,0,0,0,0,0,0,0,0,3,1,2,0,0,0
56583101,301,160,141,291,156,135,15,2,13,29,12,17,0,0,0,10,4,6,304,151,153,148,63,85,2,2,0,14,0,14,44,28,16,96,58,38,3,2,1
56583102,156,85,71,150,83,67,9,6,3,21,11,10,2,0,2,6,2,4,135,60,75,50,18,32,1,1,0,4,0,4,23,8,15,57,33,24,1,0,1
56584901,42,23,19,39,22,17,1,1,0,8,3,5,1,0,1,3,1,2,46,28,18,16,9,7,0,0,0,6,0,6,12,9,3,12,10,2,0,0,0
56584902,42,22,20,42,22,20,1,0,1,6,4,2,1,0,1,0,0,0,37,17,20,10,4,6,0,0,0,2,0,2,6,3,3,19,10,9,2,1,1
56584903,20,14,6,18,12,6,1,1,0,0,0,0,1,0,1,2,2,0,13,7,6,4,0,4,0,0,0,1,0,1,4,4,0,4,3,1,0,0,0
56584904,37,20,17,33,18,15,2,2,0,10,6,4,1,0,1,4,2,2,20,9,11,8,3,5,0,0,0,1,0,1,5,4,1,6,2,4,1,0,1
56584905,21,11,10,20,11,9,0,0,0,3,1,2,0,0,0,1,0,1,18,10,8,6,1,5,0,0,0,1,0,1,4,3,1,7,6,1,0,0,0
56584906,27,17,10,26,16,10,0,0,0,5,2,3,0,0,0,1,1,0,33,16,17,15,8,7,0,0,0,1,0,1,7,5,2,10,3,7,0,0,0
56584907,55,30,25,55,30,25,3,1,2,3,2,1,1,0,1,0,0,0,40,11,29,16,6,10,0,0,0,4,0,4,8,2,6,12,3,9,0,0,0
56584908,18,10,8,17,9,8,1,1,0,1,0,1,0,0,0,1,1,0,13,4,9,3,1,2,0,0,0,2,0,2,3,1,2,5,2,3,0,0,0
56584909,131,72,59,129,72,57,3,0,3,20,9,11,0,0,0,2,0,2,183,75,108,144,55,89,0,0,0,1,0,1,11,5,6,27,15,12,2,0,2
56584911,64,39,25,61,37,24,1,0,1,6,4,2,0,0,0,3,2,1,65,26,39,32,12,20,0,0,0,3,0,3,10,5,5,20,9,11,0,0,0
56584912,48,26,22,47,26,21,0,0,0,11,5,6,1,0,1,1,0,1,56,28,28,24,8,16,0,0,0,1,0,1,10,8,2,21,12,9,2,1,1
56584913,333,183,150,327,182,145,6,0,6,29,13,16,1,0,1,6,1,5,306,147,159,128,58,70,0,0,0,18,0,18,58,35,23,102,54,48,6,4,2
56585701,258,150,108,245,145,100,5,2,3,30,15,15,3,0,3,13,5,8,217,95,122,98,41,57,1,0,1,8,1,7,39,16,23,71,37,34,5,4,1
56586501,28,18,10,28,18,10,0,0,0,3,2,1,0,0,0,0,0,0,20,12,8,5,2,3,0,0,0,2,0,2,4,3,1,9,7,2,0,0,0
56586502,123,62,61,118,58,60,2,0,2,20,10,10,0,0,0,5,4,1,104,45,59,53,21,32,1,1,0,7,0,7,13,6,7,30,17,13,2,1,1
56587301,85,45,40,81,42,39,4,1,3,9,7,2,0,0,0,4,3,1,88,34,54,51,22,29,0,0,0,2,0,2,12,4,8,23,8,15,5,3,2
56588101,207,128,79,205,127,78,9,5,4,14,10,4,2,0,2,2,1,1,195,88,107,87,36,51,1,0,1,11,0,11,34,16,18,62,36,26,3,2,1
56589002,131,70,61,127,69,58,5,4,1,9,6,3,0,0,0,4,1,3,134,53,81,54,20,34,0,0,0,5,0,5,25,11,14,50,22,28,1,0,1
56589003,145,84,61,137,83,54,3,1,2,16,8,8,2,0,2,8,1,7,117,50,67,41,13,28,1,0,1,5,0,5,22,9,13,48,28,20,6,4,2
56590301,148,89,59,143,88,55,3,1,2,9,5,4,0,0,0,5,1,4,148,61,87,73,29,44,2,1,1,9,0,9,23,12,11,41,19,22,5,3,2
56591101,46,24,22,44,23,21,3,1,2,5,3,2,1,0,1,2,1,1,52,23,29,24,10,14,0,0,0,0,0,0,8,0,8,20,13,7,0,0,0
56591102,107,59,48,99,56,43,6,3,3,9,5,4,2,0,2,8,3,5,108,51,57,53,26,27,0,0,0,2,0,2,14,8,6,39,17,22,5,2,3
56593801,137,77,60,134,76,58,5,1,4,25,14,11,2,0,2,3,1,2,129,56,73,52,21,31,0,0,0,10,0,10,27,15,12,40,20,20,2,2,0
56594601,264,156,108,246,149,97,10,3,7,22,16,6,1,0,1,18,7,11,234,97,137,112,46,66,0,0,0,9,0,9,37,15,22,76,36,40,7,6,1
56595401,215,124,91,202,115,87,9,5,4,19,11,8,2,0,2,13,9,4,183,81,102,67,27,40,1,0,1,7,0,7,41,21,20,67,33,34,4,4,0
56596201,240,131,109,233,128,105,10,4,6,26,13,13,0,0,0,7,3,4,233,113,120,89,38,51,2,1,1,8,0,8,32,17,15,102,57,45,3,1,2
56596202,129,72,57,124,70,54,1,0,1,15,8,7,0,0,0,5,2,3,162,89,73,107,64,43,0,0,0,3,0,3,11,3,8,41,22,19,2,2,0
56596203,439,242,197,431,236,195,23,8,15,53,27,26,2,0,2,8,6,2,388,170,218,173,76,97,0,0,0,17,1,16,63,26,37,135,67,68,11,8,3
53055701,61,35,26,55,33,22,2,0,2,8,5,3,0,0,0,6,2,4,61,26,35,33,12,21,0,0,0,2,0,2,12,8,4,14,6,8,3,2,1
53056501,48,27,21,48,27,21,1,0,1,9,6,3,0,0,0,0,0,0,47,17,30,22,8,14,0,0,0,2,0,2,7,3,4,16,6,10,0,0,0
53058101,139,76,63,130,71,59,5,2,3,19,9,10,0,0,0,9,5,4,132,62,70,53,24,29,1,1,0,3,0,3,18,5,13,57,32,25,2,1,1
53058102,18,11,7,17,11,6,0,0,0,0,0,0,0,0,0,1,0,1,11,6,5,4,3,1,0,0,0,0,0,0,2,0,2,5,3,2,0,0,0
53059001,258,143,115,244,134,110,9,6,3,31,12,19,2,0,2,14,9,5,232,100,132,112,53,59,1,1,0,12,0,12,40,16,24,67,30,37,7,6,1
53060301,16,8,8,16,8,8,0,0,0,3,1,2,0,0,0,0,0,0,11,5,6,2,1,1,0,0,0,0,0,0,4,2,2,5,2,3,1,0,1
53060302,16,9,7,16,9,7,0,0,0,2,0,2,0,0,0,0,0,0,14,7,7,8,5,3,0,0,0,1,0,1,2,1,1,3,1,2,1,1,0
53060303,23,13,10,22,13,9,0,0,0,4,1,3,0,0,0,1,0,1,13,4,9,4,1,3,0,0,0,1,0,1,4,1,3,4,2,2,1,1,0
54254701,217,118,99,205,111,94,8,3,5,16,7,9,1,0,1,12,7,5,173,87,86,51,24,27,0,0,0,11,1,10,37,19,18,74,43,31,2,2,0
54255501,59,37,22,56,36,20,1,0,1,8,5,3,0,0,0,3,1,2,57,21,36,37,14,23,0,0,0,1,0,1,4,2,2,15,5,10,0,0,0
54257101,545,296,249,507,278,229,27,10,17,65,35,30,5,0,5,38,18,20,449,226,223,182,76,106,1,1,0,15,0,15,85,50,35,166,99,67,28,15,13
54258001,241,121,120,230,119,111,12,3,9,22,8,14,0,0,0,11,2,9,193,88,105,75,37,38,0,0,0,7,0,7,32,13,19,79,38,41,0,0,0
54262801,549,308,241,510,290,220,18,13,5,84,41,43,1,0,1,39,18,21,570,236,334,285,108,177,0,0,0,22,0,22,85,39,46,178,89,89,21,10,11
54262802,70,37,33,68,37,31,2,0,2,12,4,8,1,0,1,2,0,2,60,28,32,20,9,11,3,2,1,4,0,4,16,8,8,17,9,8,5,3,2
54263601,43,24,19,41,23,18,0,0,0,8,6,2,0,0,0,2,1,1,73,36,37,38,18,20,0,0,0,4,0,4,10,6,4,21,12,9,0,0,0
54301201,93,58,35,88,54,34,5,3,2,14,9,5,0,0,0,5,4,1,110,40,70,65,24,41,0,0,0,5,0,5,15,6,9,25,10,15,2,1,1
1536212,0,0,0,0,0,0,0,0,0,0,0,0,0,0,0,0,0,0,0,0,0,0,0,0,0,0,0,0,0,0,0,0,0,0,0,0,0,0,0
54312801,439,250,189,421,239,182,23,12,11,47,22,25,2,0,2,18,11,7,349,139,210,130,50,80,0,0,0,28,0,28,76,36,40,115,53,62,8,6,2
54312802,35,21,14,32,19,13,0,0,0,6,4,2,0,0,0,3,2,1,26,9,17,16,8,8,0,0,0,2,0,2,4,0,4,4,1,3,0,0,0
54312803,86,52,34,78,47,31,2,1,1,10,8,2,0,0,0,8,5,3,76,34,42,34,15,19,0,0,0,4,0,4,17,9,8,21,10,11,1,0,1
54601101,25,15,10,22,14,8,0,0,0,4,1,3,0,0,0,3,1,2,22,14,8,6,3,3,0,0,0,3,0,3,9,7,2,4,4,0,2,1,1
54601102,109,62,47,105,61,44,2,1,1,12,8,4,5,0,5,4,1,3,123,50,73,55,20,35,0,0,0,7,0,7,33,18,15,28,12,16,2,1,1
54601103,74,46,28,70,44,26,0,0,0,16,6,10,0,0,0,4,2,2,84,35,49,41,14,27,0,0,0,4,0,4,14,10,4,25,11,14,4,3,1
54601104,227,129,98,211,125,86,3,2,1,38,19,19,1,0,1,16,4,12,187,89,98,81,41,40,1,0,1,14,1,13,34,15,19,57,32,25,8,6,2
54617801,41,24,17,40,23,17,2,2,0,4,1,3,0,0,0,1,1,0,43,15,28,25,8,17,0,0,0,2,0,2,7,2,5,9,5,4,0,0,0
54642901,66,38,28,65,38,27,3,1,2,12,7,5,0,0,0,1,0,1,56,27,29,25,13,12,0,0,0,5,0,5,7,3,4,19,11,8,1,1,0
54686101,686,366,320,651,348,303,22,9,13,87,39,48,5,0,5,35,18,17,697,337,360,314,154,160,1,1,0,34,0,34,93,48,45,255,134,121,5,3,2
54687901,222,130,92,211,125,86,7,4,3,33,18,15,1,0,1,11,5,6,230,98,132,127,54,73,0,0,0,16,0,16,36,18,18,51,26,25,5,4,1
54688701,124,63,61,121,63,58,3,0,3,23,11,12,1,0,1,3,0,3,134,60,74,76,34,42,0,0,0,6,0,6,16,9,7,36,17,19,3,1,2
54689501,44,21,23,43,21,22,1,0,1,12,4,8,0,0,0,1,0,1,34,19,15,25,15,10,0,0,0,0,0,0,4,1,3,5,3,2,0,0,0
0874410,0,0,0,0,0,0,0,0,0,0,0,0,0,0,0,0,0,0,0,0,0,0,0,0,0,0,0,0,0,0,0,0,0,0,0,0,0,0,0
0874910,0,0,0,0,0,0,0,0,0,0,0,0,0,0,0,0,0,0,0,0,0,0,0,0,0,0,0,0,0,0,0,0,0,0,0,0,0,0,0
56597101,69,38,31,64,34,30,1,0,1,9,4,5,0,0,0,5,4,1,74,39,35,31,14,17,1,1,0,3,0,3,12,6,6,27,18,9,0,0,0
56597102,53,33,20,52,33,19,2,1,1,9,6,3,0,0,0,1,0,1,49,22,27,19,7,12,0,0,0,3,0,3,6,3,3,21,12,9,0,0,0
56597103,15,10,5,13,8,5,1,1,0,5,3,2,0,0,0,2,2,0,7,3,4,5,2,3,0,0,0,0,0,0,0,0,0,2,1,1,0,0,0
56597104,1197,628,569,1098,581,517,39,16,23,197,94,103,4,0,4,99,47,52,1161,460,701,567,200,367,7,2,5,51,0,51,202,97,105,334,161,173,27,11,16
56597105,4,2,2,4,2,2,0,0,0,1,0,1,0,0,0,0,0,0,177,45,132,174,42,132,0,0,0,0,0,0,2,2,0,1,1,0,0,0,0
56597108,494,261,233,463,248,215,12,6,6,51,20,31,3,0,3,31,13,18,415,157,258,219,77,142,1,0,1,17,0,17,59,31,28,119,49,70,19,9,10
56597109,1151,615,536,1083,576,507,38,15,23,151,67,84,6,0,6,68,39,29,888,403,485,422,169,253,2,2,0,48,0,48,157,80,77,259,152,107,25,9,16
56597110,38,20,18,38,20,18,2,2,0,4,3,1,0,0,0,0,0,0,44,25,19,18,9,9,1,0,1,0,0,0,4,3,1,21,13,8,0,0,0
56597111,53,28,25,52,28,24,1,1,0,5,2,3,2,0,2,1,0,1,43,18,25,16,6,10,1,1,0,3,0,3,12,5,7,11,6,5,4,1,3
56597112,10,4,6,8,4,4,0,0,0,2,1,1,0,0,0,2,0,2,18,11,7,11,6,5,0,0,0,0,0,0,2,2,0,5,3,2,0,0,0
56597113,865,451,414,800,422,378,30,12,18,110,56,54,8,1,7,65,29,36,810,326,484,452,165,287,1,1,0,27,0,27,120,58,62,210,102,108,20,9,11
56597114,479,245,234,459,238,221,20,7,13,80,36,44,2,0,2,20,7,13,448,208,240,217,85,132,1,1,0,16,0,16,56,30,26,158,92,66,7,1,6
56597115,482,299,183,441,270,171,14,6,8,45,23,22,1,0,1,41,29,12,316,155,161,128,60,68,4,3,1,13,0,13,69,32,37,102,60,42,89,68,21
56597116,354,183,171,339,178,161,18,9,9,27,9,18,1,0,1,15,5,10,233,110,123,49,20,29,1,1,0,15,2,13,57,25,32,111,62,49,1,0,1
56597118,388,227,161,325,195,130,7,4,3,42,21,21,1,0,1,63,32,31,344,143,201,147,56,91,0,0,0,14,1,13,81,38,43,102,48,54,15,6,9
56597119,483,266,217,419,236,183,14,6,8,45,21,24,3,0,3,64,30,34,541,231,310,233,95,138,4,2,2,26,2,24,132,55,77,146,77,69,36,15,21
56597121,29,15,14,26,14,12,0,0,0,3,1,2,0,0,0,3,1,2,19,6,13,2,1,1,0,0,0,2,0,2,6,1,5,9,4,5,1,1,0
56597122,2015,1015,1000,1894,968,926,63,27,36,343,144,199,16,0,16,121,47,74,1857,732,1125,1040,382,658,4,3,1,74,0,74,279,129,150,460,218,242,29,17,12
56597123,23,13,10,18,11,7,2,1,1,2,1,1,1,0,1,5,2,3,20,9,11,6,2,4,0,0,0,0,0,0,5,2,3,9,5,4,2,1,1
56597125,13,8,5,12,7,5,0,0,0,4,2,2,0,0,0,1,1,0,16,6,10,12,5,7,0,0,0,1,0,1,2,1,1,1,0,1,0,0,0
56597126,787,410,377,739,382,357,21,11,10,100,40,60,5,0,5,48,28,20,608,279,329,282,122,160,2,2,0,28,0,28,111,56,55,185,99,86,10,5,5
56597127,113,60,53,113,60,53,8,2,6,8,5,3,2,0,2,0,0,0,74,41,33,6,2,4,0,0,0,3,0,3,20,13,7,45,26,19,1,0,1
56599701,146,82,64,132,75,57,5,3,2,10,3,7,0,0,0,14,7,7,113,50,63,50,22,28,0,0,0,5,0,5,22,10,12,36,18,18,8,3,5
56599702,24,14,10,23,14,9,1,0,1,2,2,0,0,0,0,1,0,1,24,11,13,7,5,2,0,0,0,0,0,0,5,0,5,12,6,6,0,0,0
56599703,34,16,18,29,15,14,0,0,0,3,2,1,1,0,1,5,1,4,28,17,11,13,7,6,0,0,0,1,0,1,7,5,2,7,5,2,1,1,0
56599704,24,12,12,23,12,11,0,0,0,3,1,2,0,0,0,1,0,1,16,6,10,4,1,3,0,0,0,2,0,2,8,4,4,2,1,1,0,0,0
56600401,199,103,96,188,100,88,3,0,3,32,15,17,0,0,0,11,3,8,191,84,107,102,41,61,0,0,0,9,0,9,31,17,14,49,26,23,6,2,4
56600402,46,25,21,45,24,21,2,2,0,6,2,4,0,0,0,1,1,0,36,18,18,17,8,9,0,0,0,2,0,2,6,3,3,11,7,4,0,0,0
56601201,143,77,66,134,72,62,5,2,3,14,10,4,2,0,2,9,5,4,131,55,76,45,18,27,1,0,1,11,0,11,32,15,17,42,22,20,5,2,3
56602101,206,124,82,193,119,74,8,4,4,18,9,9,2,0,2,13,5,8,197,100,97,87,38,49,1,1,0,9,0,9,42,28,14,58,33,25,4,2,2
56602102,22,13,9,22,13,9,0,0,0,2,2,0,0,0,0,0,0,0,13,6,7,7,4,3,0,0,0,1,0,1,2,1,1,3,1,2,0,0,0
56602103,80,47,33,69,39,30,3,3,0,5,4,1,1,0,1,11,8,3,66,23,43,34,11,23,0,0,0,4,0,4,10,6,4,18,6,12,3,2,1
56602104,40,26,14,36,23,13,1,0,1,1,0,1,0,0,0,4,3,1,28,15,13,23,12,11,0,0,0,0,0,0,1,1,0,4,2,2,0,0,0
56602105,53,30,23,42,23,19,2,1,1,3,1,2,1,0,1,11,7,4,65,26,39,32,13,19,0,0,0,2,0,2,6,2,4,25,11,14,1,0,1
56602106,81,50,31,80,50,30,3,1,2,13,8,5,0,0,0,1,0,1,68,27,41,42,19,23,0,0,0,3,0,3,12,6,6,11,2,9,2,0,2
56606301,155,86,69,145,79,66,5,2,3,18,7,11,0,0,0,10,7,3,145,62,83,68,30,38,0,0,0,7,0,7,16,4,12,54,28,26,4,4,0
56612801,88,53,35,80,49,31,2,1,1,10,3,7,0,0,0,8,4,4,77,33,44,41,18,23,0,0,0,4,0,4,8,4,4,24,11,13,3,1,2
56612802,19,14,5,18,13,5,0,0,0,2,2,0,1,0,1,1,1,0,15,7,8,8,3,5,0,0,0,0,0,0,2,1,1,5,3,2,0,0,0
56615201,225,127,98,205,118,87,13,6,7,33,18,15,1,0,1,20,9,11,227,105,122,127,57,70,1,1,0,3,0,3,26,12,14,70,35,35,7,6,1
56615202,80,49,31,69,44,25,2,1,1,11,6,5,0,0,0,11,5,6,94,42,52,51,20,31,2,1,1,2,0,2,11,5,6,28,16,12,5,2,3
56618701,194,106,88,179,98,81,4,2,2,34,19,15,3,0,3,15,8,7,186,91,95,94,43,51,1,1,0,6,0,6,30,21,9,55,26,29,5,4,1
56618702,30,15,15,26,14,12,1,0,1,6,3,3,0,0,0,4,1,3,18,10,8,7,5,2,1,1,0,0,0,0,1,0,1,9,4,5,0,0,0
56618703,44,26,18,43,25,18,2,1,1,7,4,3,1,0,1,1,1,0,42,19,23,27,12,15,0,0,0,1,0,1,6,2,4,8,5,3,0,0,0
56618704,46,27,19,46,27,19,4,3,1,7,2,5,1,0,1,0,0,0,38,17,21,16,8,8,1,1,0,2,0,2,8,5,3,11,3,8,0,0,0
56619501,32,16,16,28,15,13,0,0,0,5,5,0,1,0,1,4,1,3,36,17,19,18,8,10,0,0,0,1,0,1,5,2,3,12,7,5,1,0,1
56619502,168,102,66,156,93,63,5,2,3,29,18,11,0,0,0,12,9,3,172,69,103,94,39,55,0,0,0,5,0,5,28,11,17,45,19,26,3,1,2
56621701,181,97,84,171,93,78,6,2,4,27,15,12,0,0,0,10,4,6,166,71,95,89,41,48,0,0,0,6,0,6,22,10,12,49,20,29,5,4,1
56621702,30,14,16,28,14,14,1,0,1,4,1,3,1,0,1,2,0,2,33,19,14,27,13,14,0,0,0,0,0,0,2,2,0,4,4,0,0,0,0
56621703,110,65,45,109,65,44,4,2,2,14,9,5,2,0,2,1,0,1,96,44,52,47,22,25,0,0,0,7,0,7,18,9,9,24,13,11,0,0,0
56623301,196,112,84,182,104,78,5,3,2,25,10,15,5,0,5,14,8,6,163,71,92,83,35,48,0,0,0,12,1,11,31,15,16,37,20,17,3,2,1
56623302,100,47,53,97,45,52,6,2,4,13,7,6,0,0,0,3,2,1,93,39,54,44,19,25,1,1,0,3,0,3,13,4,9,32,15,17,0,0,0
56624101,131,79,52,119,71,48,1,1,0,24,8,16,0,0,0,12,8,4,139,64,75,70,32,38,0,0,0,8,0,8,23,12,11,38,20,18,11,8,3
56624102,52,32,20,44,26,18,2,2,0,5,3,2,0,0,0,8,6,2,44,22,22,20,11,9,0,0,0,3,0,3,11,6,5,10,5,5,1,1,0
56624103,75,42,33,63,36,27,1,0,1,9,4,5,0,0,0,12,6,6,64,28,36,24,11,13,0,0,0,4,0,4,14,6,8,22,11,11,0,0,0
56628401,228,134,94,212,122,90,11,5,6,27,19,8,4,0,4,16,12,4,180,73,107,109,45,64,0,0,0,8,0,8,24,10,14,39,18,21,2,2,0
56628402,11,6,5,11,6,5,3,1,2,0,0,0,0,0,0,0,0,0,12,5,7,3,1,2,0,0,0,1,0,1,2,1,1,6,3,3,0,0,0
56628404,34,20,14,33,20,13,2,1,1,8,5,3,0,0,0,1,0,1,32,10,22,26,9,17,0,0,0,1,0,1,4,1,3,1,0,1,0,0,0
56628405,26,16,10,24,15,9,1,1,0,3,2,1,0,0,0,2,1,1,30,11,19,15,5,10,0,0,0,2,0,2,4,2,2,9,4,5,0,0,0
56628406,20,13,7,20,13,7,1,1,0,3,0,3,0,0,0,0,0,0,24,9,15,13,6,7,0,0,0,1,0,1,4,2,2,6,1,5,1,0,1
56630601,27,16,11,26,16,10,0,0,0,4,1,3,0,0,0,1,0,1,32,11,21,23,10,13,0,0,0,3,0,3,3,0,3,3,1,2,0,0,0
56630602,12,9,3,10,7,3,0,0,0,1,0,1,0,0,0,2,2,0,10,4,6,4,1,3,0,0,0,1,0,1,4,2,2,1,1,0,0,0,0
56630603,26,16,10,22,15,7,0,0,0,5,2,3,0,0,0,4,1,3,33,14,19,15,3,12,1,1,0,3,0,3,5,3,2,9,7,2,0,0,0
56630604,218,115,103,208,113,95,1,1,0,28,13,15,2,0,2,10,2,8,194,89,105,111,48,63,0,0,0,3,0,3,32,16,16,48,25,23,7,2,5
56630605,14,10,4,11,7,4,1,0,1,1,1,0,1,0,1,3,3,0,21,8,13,6,2,4,0,0,0,2,0,2,7,3,4,6,3,3,0,0,0
56630606,15,8,7,15,8,7,0,0,0,2,1,1,0,0,0,0,0,0,18,7,11,7,3,4,0,0,0,1,0,1,4,1,3,6,3,3,1,0,1
56631401,926,534,392,869,508,361,32,13,19,94,50,44,9,0,9,57,26,31,883,348,535,433,161,272,0,0,0,46,0,46,146,65,81,258,122,136,33,18,15
56631402,66,38,28,64,38,26,3,0,3,7,5,2,0,0,0,2,0,2,71,31,40,41,18,23,0,0,0,3,0,3,5,4,1,22,9,13,2,2,0
56631403,49,25,24,34,19,15,1,0,1,7,3,4,0,0,0,15,6,9,66,31,35,27,14,13,1,0,1,2,0,2,11,4,7,25,13,12,2,2,0
56631404,101,56,45,87,49,38,1,0,1,13,7,6,0,0,0,14,7,7,101,36,65,57,23,34,0,0,0,6,0,6,15,6,9,23,7,16,0,0,0
56632201,707,383,324,668,362,306,19,7,12,82,39,43,2,0,2,39,21,18,649,279,370,303,133,170,1,0,1,20,0,20,97,45,52,228,101,127,10,6,4
56634901,41,21,20,39,19,20,0,0,0,5,2,3,1,0,1,2,2,0,55,27,28,25,11,14,2,2,0,2,0,2,6,4,2,20,10,10,1,1,0
56634902,29,17,12,25,15,10,1,0,1,3,2,1,1,0,1,4,2,2,19,9,10,5,2,3,0,0,0,2,0,2,6,4,2,6,3,3,1,1,0
56634903,37,24,13,34,21,13,2,1,1,4,2,2,0,0,0,3,3,0,35,17,18,16,8,8,1,0,1,0,0,0,9,5,4,9,4,5,0,0,0
56634906,22,14,8,20,13,7,0,0,0,1,1,0,0,0,0,2,1,1,19,8,11,5,3,2,0,0,0,3,0,3,5,1,4,6,4,2,0,0,0
56634907,23,16,7,23,16,7,1,1,0,4,2,2,1,0,1,0,0,0,26,8,18,13,5,8,2,1,1,3,0,3,5,1,4,3,1,2,0,0,0
56634909,280,166,114,262,157,105,8,1,7,31,16,15,1,0,1,18,9,9,221,91,130,99,36,63,1,0,1,7,1,6,37,16,21,77,38,39,10,9,1
56634910,26,13,13,26,13,13,2,1,1,2,1,1,0,0,0,0,0,0,27,14,13,15,7,8,0,0,0,1,0,1,3,1,2,8,6,2,1,1,0
56634911,16,7,9,15,7,8,1,0,1,2,1,1,0,0,0,1,0,1,16,9,7,11,8,3,0,0,0,0,0,0,0,0,0,5,1,4,0,0,0
56635701,60,34,26,57,32,25,0,0,0,12,7,5,1,0,1,3,2,1,53,21,32,22,8,14,0,0,0,1,0,1,11,6,5,19,7,12,1,1,0
56635702,23,15,8,22,14,8,0,0,0,5,3,2,0,0,0,1,1,0,15,5,10,7,2,5,0,0,0,2,0,2,3,2,1,3,1,2,0,0,0
56635703,60,34,26,57,33,24,2,1,1,7,7,0,0,0,0,3,1,2,55,25,30,23,10,13,0,0,0,4,0,4,10,6,4,18,9,9,1,1,0
56635704,143,75,68,138,74,64,7,1,6,19,9,10,1,0,1,5,1,4,131,67,64,51,23,28,0,0,0,5,0,5,27,13,14,48,31,17,5,3,2
56635705,86,48,38,77,43,34,3,2,1,8,1,7,0,0,0,9,5,4,58,28,30,38,19,19,0,0,0,1,0,1,4,3,1,15,6,9,3,3,0
56635706,25,14,11,25,14,11,1,1,0,4,1,3,0,0,0,0,0,0,15,7,8,7,4,3,0,0,0,1,0,1,4,1,3,3,2,1,0,0,0
56638101,125,64,61,117,61,56,6,0,6,12,6,6,3,0,3,8,3,5,130,59,71,60,30,30,0,0,0,3,0,3,25,9,16,42,20,22,11,6,5
56638102,30,16,14,30,16,14,0,0,0,2,0,2,0,0,0,0,0,0,33,20,13,23,12,11,0,0,0,0,0,0,3,3,0,7,5,2,1,1,0
56640301,106,58,48,100,56,44,5,1,4,15,9,6,4,0,4,6,2,4,94,38,56,35,16,19,2,1,1,5,0,5,20,11,9,32,10,22,5,4,1
56640302,39,21,18,37,19,18,0,0,0,4,2,2,0,0,0,2,2,0,28,14,14,15,9,6,0,0,0,2,0,2,6,2,4,5,3,2,2,1,1
56640303,159,89,70,152,86,66,4,1,3,32,16,16,1,0,1,7,3,4,136,57,79,72,33,39,0,0,0,6,0,6,21,10,11,37,14,23,11,8,3
56641101,73,41,32,64,37,27,3,1,2,7,1,6,0,0,0,9,4,5,74,37,37,41,19,22,0,0,0,1,0,1,11,6,5,21,12,9,2,1,1
0878820,0,0,0,0,0,0,0,0,0,0,0,0,0,0,0,0,0,0,0,0,0,0,0,0,0,0,0,0,0,0,0,0,0,0,0,0,0,0,0
56643801,69,17,52,66,17,49,1,0,1,2,1,1,0,0,0,3,0,3,229,42,187,16,4,12,0,0,0,0,0,0,174,17,157,39,21,18,3,2,1
56643802,44,26,18,41,25,16,0,0,0,6,2,4,0,0,0,3,1,2,45,18,27,26,11,15,0,0,0,1,0,1,7,3,4,11,4,7,1,0,1
56643804,9,6,3,8,5,3,0,0,0,0,0,0,0,0,0,1,1,0,15,7,8,8,5,3,0,0,0,1,0,1,3,0,3,3,2,1,0,0,0
56643805,22,14,8,19,12,7,0,0,0,4,2,2,0,0,0,3,2,1,19,10,9,12,6,6,0,0,0,1,0,1,2,1,1,4,3,1,1,1,0
56643806,36,19,17,36,19,17,1,0,1,5,2,3,1,0,1,0,0,0,51,20,31,27,12,15,0,0,0,3,0,3,8,3,5,13,5,8,0,0,0
56643807,483,264,219,459,255,204,14,4,10,46,21,25,5,0,5,24,9,15,465,216,249,273,119,154,2,2,0,16,0,16,54,29,25,120,66,54,13,9,4
56643809,10,5,5,10,5,5,0,0,0,0,0,0,0,0,0,0,0,0,13,5,8,5,2,3,0,0,0,0,0,0,4,1,3,4,2,2,0,0,0
56645401,214,119,95,197,109,88,7,2,5,33,15,18,1,0,1,17,10,7,215,97,118,109,45,64,1,1,0,8,0,8,38,17,21,59,34,25,13,7,6
56645402,17,12,5,13,9,4,0,0,0,1,0,1,0,0,0,4,3,1,24,10,14,6,2,4,0,0,0,1,0,1,5,2,3,12,6,6,2,1,1
56645403,122,72,50,109,67,42,0,0,0,14,6,8,1,0,1,13,5,8,112,44,68,58,23,35,0,0,0,5,0,5,14,3,11,35,18,17,3,0,3
56645404,97,63,34,90,59,31,3,0,3,13,8,5,2,0,2,7,4,3,105,44,61,47,20,27,0,0,0,8,0,8,25,10,15,25,14,11,6,2,4
56650102,31,17,14,24,13,11,0,0,0,1,0,1,0,0,0,7,4,3,23,6,17,11,5,6,0,0,0,1,0,1,4,1,3,7,0,7,1,0,1
56650104,180,103,77,165,94,71,5,0,5,26,15,11,0,0,0,15,9,6,186,86,100,80,37,43,0,0,0,5,0,5,25,12,13,76,37,39,10,8,2
56651901,28,16,12,27,16,11,0,0,0,1,0,1,0,0,0,1,0,1,25,10,15,9,4,5,0,0,0,2,0,2,6,4,2,8,2,6,1,1,0
56651904,320,252,68,313,248,65,11,8,3,26,14,12,2,0,2,7,4,3,401,306,95,76,37,39,0,0,0,11,0,11,217,199,18,97,70,27,3,2,1
56651905,55,25,30,40,19,21,0,0,0,7,4,3,0,0,0,15,6,9,66,32,34,17,6,11,0,0,0,1,0,1,13,8,5,35,18,17,3,2,1
56651906,25,15,10,23,14,9,0,0,0,6,4,2,0,0,0,2,1,1,22,11,11,17,9,8,0,0,0,0,0,0,2,1,1,3,1,2,0,0,0
56652701,151,95,56,137,86,51,4,0,4,17,10,7,0,0,0,14,9,5,150,64,86,71,29,42,0,0,0,9,0,9,34,15,19,36,20,16,6,6,0
56652702,29,15,14,26,13,13,0,0,0,4,2,2,0,0,0,3,2,1,24,10,14,13,5,8,0,0,0,0,0,0,5,3,2,6,2,4,0,0,0
56653501,218,125,93,203,115,88,6,3,3,29,13,16,0,0,0,15,10,5,193,91,102,91,41,50,2,1,1,7,0,7,30,20,10,63,29,34,4,2,2
56655101,92,49,43,87,48,39,2,1,1,15,7,8,1,0,1,5,1,4,134,61,73,59,29,30,0,0,0,10,0,10,26,11,15,39,21,18,0,0,0
56655102,107,63,44,96,58,38,5,5,0,14,9,5,1,0,1,11,5,6,107,46,61,66,27,39,0,0,0,2,0,2,10,3,7,29,16,13,1,0,1
56655103,103,53,50,96,50,46,2,1,1,20,9,11,0,0,0,7,3,4,93,36,57,61,26,35,0,0,0,6,0,6,9,3,6,17,7,10,0,0,0
56655104,95,52,43,90,49,41,2,0,2,10,5,5,1,0,1,5,3,2,84,35,49,49,24,25,0,0,0,2,0,2,12,6,6,21,5,16,2,2,0
56655105,92,52,40,86,50,36,2,1,1,14,9,5,0,0,0,6,2,4,135,66,69,83,36,47,0,0,0,4,0,4,20,11,9,28,19,9,0,0,0
56655107,460,253,207,436,243,193,20,10,10,57,32,25,2,0,2,24,10,14,439,209,230,193,84,109,4,3,1,16,1,15,66,38,28,160,83,77,10,6,4
56655108,196,107,89,186,102,84,10,4,6,21,12,9,1,0,1,10,5,5,160,68,92,81,33,48,2,1,1,5,0,5,24,10,14,48,24,24,3,2,1
56656001,21,11,10,20,11,9,0,0,0,1,1,0,0,0,0,1,0,1,34,19,15,17,10,7,0,0,0,2,0,2,5,4,1,10,5,5,1,1,0
56656002,63,33,30,57,31,26,0,0,0,5,3,2,0,0,0,6,2,4,76,36,40,33,16,17,2,1,1,0,0,0,10,4,6,31,15,16,1,1,0
56656003,97,55,42,92,52,40,1,1,0,12,5,7,1,0,1,5,3,2,74,32,42,42,18,24,0,0,0,2,0,2,12,6,6,18,8,10,4,1,3
56656004,122,74,48,108,64,44,6,3,3,14,10,4,0,0,0,14,10,4,183,98,85,105,63,42,0,0,0,5,0,5,29,14,15,44,21,23,2,2,0
56657801,73,42,31,68,40,28,1,0,1,16,7,9,0,0,0,5,2,3,66,25,41,25,9,16,0,0,0,4,0,4,17,7,10,20,9,11,2,0,2
56657802,118,64,54,107,59,48,4,1,3,24,11,13,1,0,1,11,5,6,83,34,49,53,21,32,0,0,0,2,0,2,11,8,3,17,5,12,8,5,3
56658601,45,28,17,44,28,16,1,0,1,5,3,2,0,0,0,1,0,1,40,19,21,18,8,10,0,0,0,0,0,0,8,3,5,14,8,6,0,0,0
56658602,61,31,30,57,30,27,1,1,0,14,5,9,0,0,0,4,1,3,54,23,31,31,14,17,0,0,0,3,0,3,10,7,3,10,2,8,4,2,2
56658603,43,27,16,39,24,15,1,0,1,4,3,1,0,0,0,4,3,1,49,21,28,18,7,11,0,0,0,2,0,2,9,5,4,20,9,11,0,0,0
56660801,84,41,43,68,36,32,1,1,0,4,1,3,2,0,2,16,5,11,68,37,31,34,19,15,0,0,0,1,0,1,15,6,9,18,12,6,2,1,1
1232770,0,0,0,0,0,0,0,0,0,0,0,0,0,0,0,0,0,0,0,0,0,0,0,0,0,0,0,0,0,0,0,0,0,0,0,0,0,0,0
3113590,0,0,0,0,0,0,0,0,0,0,0,0,0,0,0,0,0,0,0,0,0,0,0,0,0,0,0,0,0,0,0,0,0,0,0,0,0,0,0
56661601,185,101,84,169,93,76,4,2,2,19,11,8,1,0,1,16,8,8,190,108,82,77,33,44,0,0,0,3,0,3,21,10,11,89,65,24,5,2,3
56661603,24,16,8,23,15,8,0,0,0,6,4,2,1,0,1,1,1,0,36,17,19,26,11,15,0,0,0,0,0,0,4,3,1,6,3,3,1,1,0
56661605,47,28,19,44,27,17,0,0,0,4,3,1,1,0,1,3,1,2,43,17,26,21,7,14,0,0,0,2,0,2,5,2,3,15,8,7,2,1,1
56661606,23,14,9,21,13,8,0,0,0,4,2,2,0,0,0,2,1,1,32,14,18,13,5,8,0,0,0,3,0,3,7,4,3,9,5,4,3,1,2
56661607,12,5,7,11,5,6,0,0,0,2,1,1,0,0,0,1,0,1,10,6,4,5,3,2,0,0,0,0,0,0,3,2,1,2,1,1,4,2,2
56661610,208,112,96,198,106,92,6,3,3,22,9,13,0,0,0,10,6,4,175,94,81,52,24,28,1,1,0,13,0,13,32,19,13,77,50,27,0,0,0
56661611,64,38,26,53,28,25,0,0,0,4,2,2,1,0,1,11,10,1,81,31,50,31,12,19,0,0,0,5,0,5,13,4,9,32,15,17,1,1,0
56661613,20,10,10,16,9,7,1,0,1,4,3,1,0,0,0,4,1,3,10,5,5,6,2,4,0,0,0,0,0,0,2,2,0,2,1,1,0,0,0
56661614,33,19,14,31,19,12,2,1,1,6,3,3,0,0,0,2,0,2,42,24,18,11,4,7,0,0,0,0,0,0,18,13,5,13,7,6,2,0,2
56661615,38,27,11,33,23,10,0,0,0,8,3,5,0,0,0,5,4,1,68,20,48,24,10,14,1,0,1,5,0,5,19,3,16,19,7,12,1,0,1
56661616,727,409,318,665,370,295,25,9,16,98,39,59,3,0,3,62,39,23,546,255,291,273,131,142,0,0,0,24,0,24,99,49,50,150,75,75,49,37,12
56661617,1176,609,567,1089,567,522,28,7,21,146,56,90,6,0,6,87,42,45,1154,441,713,636,214,422,3,3,0,52,1,51,172,82,90,291,141,150,21,14,7
56661619,213,116,97,204,110,94,10,3,7,16,5,11,0,0,0,9,6,3,175,87,88,27,13,14,0,0,0,11,0,11,63,37,26,74,37,37,11,6,5
56661621,46,26,20,46,26,20,0,0,0,2,1,1,0,0,0,0,0,0,42,18,24,3,2,1,0,0,0,3,0,3,8,4,4,28,12,16,0,0,0
56661622,23,14,9,21,13,8,0,0,0,5,2,3,0,0,0,2,1,1,23,10,13,9,4,5,0,0,0,3,0,3,4,2,2,7,4,3,1,1,0
56661623,238,127,111,228,122,106,5,3,2,32,20,12,1,0,1,10,5,5,226,95,131,124,55,69,0,0,0,7,0,7,29,12,17,66,28,38,1,1,0
56661624,164,85,79,156,81,75,9,4,5,20,10,10,2,0,2,8,4,4,118,49,69,59,24,35,0,0,0,8,0,8,24,12,12,27,13,14,1,1,0
56662401,64,36,28,57,31,26,3,1,2,3,1,2,0,0,0,7,5,2,92,36,56,34,18,16,1,1,0,5,0,5,20,7,13,32,10,22,1,0,1
56662402,78,40,38,54,26,28,2,0,2,5,0,5,0,0,0,24,14,10,83,36,47,23,10,13,0,0,0,6,0,6,21,9,12,33,17,16,2,1,1
56662403,12,8,4,10,8,2,0,0,0,2,2,0,0,0,0,2,0,2,21,8,13,14,6,8,0,0,0,1,0,1,3,1,2,3,1,2,1,1,0
56662404,19,12,7,17,11,6,1,0,1,3,3,0,0,0,0,2,1,1,23,11,12,12,5,7,0,0,0,1,0,1,6,3,3,4,3,1,0,0,0
56662405,41,25,16,39,24,15,2,2,0,7,3,4,0,0,0,2,1,1,34,17,17,15,6,9,0,0,0,2,0,2,5,2,3,12,9,3,1,1,0
56662407,30,17,13,29,16,13,3,1,2,1,0,1,0,0,0,1,1,0,37,17,20,16,8,8,0,0,0,2,0,2,5,2,3,14,7,7,0,0,0
56662408,71,41,30,65,38,27,3,1,2,4,2,2,2,0,2,6,3,3,64,27,37,27,12,15,0,0,0,0,0,0,13,7,6,24,8,16,2,1,1
56662409,21,13,8,21,13,8,3,1,2,0,0,0,0,0,0,0,0,0,13,4,9,6,2,4,0,0,0,0,0,0,4,2,2,3,0,3,0,0,0
56662410,50,29,21,43,26,17,0,0,0,3,2,1,0,0,0,7,3,4,83,35,48,22,7,15,0,0,0,1,0,1,28,13,15,32,15,17,5,2,3
56662411,79,44,35,73,42,31,1,0,1,8,6,2,1,0,1,6,2,4,61,31,30,31,11,20,0,0,0,1,0,1,6,2,4,23,18,5,0,0,0
56662412,30,17,13,24,14,10,2,0,2,2,2,0,0,0,0,6,3,3,16,11,5,5,3,2,0,0,0,1,0,1,5,4,1,5,4,1,0,0,0
56662413,59,35,24,58,35,23,0,0,0,6,4,2,0,0,0,1,0,1,53,22,31,20,7,13,0,0,0,4,0,4,9,4,5,20,11,9,0,0,0
56662414,31,16,15,29,15,14,0,0,0,4,2,2,0,0,0,2,1,1,13,6,7,8,4,4,0,0,0,0,0,0,1,0,1,4,2,2,0,0,0
56662415,28,17,11,28,17,11,0,0,0,4,3,1,0,0,0,0,0,0,24,14,10,11,7,4,0,0,0,2,0,2,3,3,0,8,4,4,0,0,0
56662417,113,65,48,109,63,46,3,1,2,12,8,4,2,0,2,4,2,2,105,54,51,41,20,21,1,1,0,6,0,6,22,16,6,35,17,18,3,1,2
56662418,813,466,347,732,413,319,17,7,10,78,33,45,6,0,6,81,53,28,730,305,425,348,134,214,1,1,0,34,0,34,135,65,70,212,105,107,53,33,20
56662420,255,140,115,227,126,101,8,2,6,20,8,12,1,0,1,28,14,14,279,131,148,138,69,69,2,2,0,9,0,9,44,17,27,86,43,43,6,2,4
56662422,228,120,108,192,106,86,6,4,2,21,10,11,0,0,0,36,14,22,257,122,135,100,49,51,0,0,0,10,0,10,49,28,21,98,45,53,14,10,4
56662424,258,140,118,234,126,108,10,3,7,24,10,14,0,0,0,24,14,10,282,129,153,144,58,86,0,0,0,12,0,12,48,26,22,78,45,33,21,15,6
56665902,108,55,53,103,53,50,5,0,5,14,6,8,1,0,1,5,2,3,116,58,58,64,33,31,0,0,0,4,0,4,18,9,9,30,16,14,4,4,0
56666701,21,13,8,20,12,8,0,0,0,3,1,2,0,0,0,1,1,0,32,12,20,16,8,8,0,0,0,2,0,2,4,1,3,10,3,7,0,0,0
56666703,231,120,111,213,113,100,8,4,4,43,21,22,3,0,3,18,7,11,215,104,111,112,44,68,1,0,1,8,0,8,39,26,13,55,34,21,2,1,1
56666704,21,13,8,20,13,7,2,0,2,3,2,1,0,0,0,1,0,1,34,13,21,18,9,9,1,1,0,1,0,1,5,1,4,9,2,7,2,1,1
56671301,15,8,7,14,7,7,0,0,0,1,1,0,0,0,0,1,1,0,7,3,4,6,3,3,0,0,0,0,0,0,0,0,0,1,0,1,0,0,0
56671302,300,168,132,277,156,121,12,6,6,34,17,17,2,0,2,23,12,11,283,124,159,125,54,71,0,0,0,12,0,12,56,30,26,90,40,50,4,4,0
56672101,207,115,92,201,113,88,7,1,6,23,9,14,2,0,2,6,2,4,226,96,130,114,48,66,2,2,0,9,0,9,38,19,19,63,27,36,4,1,3
56672102,11,7,4,9,5,4,0,0,0,0,0,0,0,0,0,2,2,0,9,2,7,6,1,5,0,0,0,0,0,0,0,0,0,3,1,2,0,0,0
56682901,38,23,15,36,21,15,1,1,0,9,5,4,0,0,0,2,2,0,46,20,26,33,13,20,0,0,0,1,0,1,4,2,2,8,5,3,1,0,1
56682902,24,16,8,24,16,8,1,0,1,4,1,3,0,0,0,0,0,0,19,6,13,13,4,9,0,0,0,1,0,1,2,1,1,3,1,2,0,0,0
56682903,68,47,21,61,44,17,1,1,0,9,7,2,0,0,0,7,3,4,68,26,42,35,14,21,1,0,1,5,0,5,13,6,7,14,6,8,4,4,0
56685301,13,8,5,12,7,5,1,0,1,4,3,1,0,0,0,1,1,0,21,11,10,15,8,7,0,0,0,2,0,2,3,2,1,1,1,0,0,0,0
56685302,26,16,10,23,14,9,1,0,1,7,5,2,0,0,0,3,2,1,33,16,17,23,11,12,0,0,0,1,0,1,6,3,3,3,2,1,0,0,0
56685304,54,31,23,52,31,21,2,1,1,6,3,3,0,0,0,2,0,2,46,19,27,23,10,13,0,0,0,1,0,1,10,6,4,12,3,9,0,0,0
56685305,243,130,113,237,129,108,11,4,7,43,24,19,1,0,1,6,1,5,235,129,106,129,79,50,0,0,0,7,0,7,25,9,16,74,41,33,6,5,1
3376760,0,0,0,0,0,0,0,0,0,0,0,0,0,0,0,0,0,0,0,0,0,0,0,0,0,0,0,0,0,0,0,0,0,0,0,0,0,0,0
56687001,12,7,5,10,6,4,1,1,0,2,2,0,0,0,0,2,1,1,11,6,5,6,4,2,0,0,0,0,0,0,2,0,2,3,2,1,2,2,0
56687002,30,17,13,29,16,13,0,0,0,3,1,2,1,0,1,1,1,0,19,10,9,6,2,4,0,0,0,0,0,0,6,4,2,7,4,3,1,0,1
56687003,126,69,57,109,62,47,5,3,2,19,11,8,1,0,1,17,7,10,102,53,49,47,28,19,0,0,0,1,0,1,23,10,13,31,15,16,7,3,4
56687004,22,13,9,21,13,8,0,0,0,0,0,0,0,0,0,1,0,1,15,8,7,9,5,4,0,0,0,0,0,0,3,2,1,3,1,2,0,0,0
56689601,208,113,95,194,108,86,3,0,3,27,13,14,2,0,2,14,5,9,207,84,123,91,39,52,0,0,0,9,0,9,43,18,25,64,27,37,9,4,5
56691801,42,25,17,40,24,16,0,0,0,5,0,5,0,0,0,2,1,1,52,22,30,39,17,22,0,0,0,2,0,2,3,1,2,8,4,4,0,0,0
56691802,73,41,32,71,39,32,1,1,0,13,7,6,1,0,1,2,2,0,76,32,44,40,17,23,1,1,0,3,0,3,11,4,7,21,10,11,0,0,0
56692601,104,60,44,97,55,42,1,1,0,20,13,7,2,0,2,7,5,2,84,35,49,46,21,25,0,0,0,4,0,4,15,6,9,19,8,11,2,2,0
56693401,17,9,8,15,8,7,0,0,0,3,1,2,0,0,0,2,1,1,12,5,7,7,4,3,0,0,0,0,0,0,0,0,0,5,1,4,0,0,0
56693402,31,19,12,28,17,11,0,0,0,3,2,1,0,0,0,3,2,1,25,9,16,13,4,9,0,0,0,0,0,0,4,1,3,8,4,4,3,2,1
56693404,17,10,7,13,8,5,0,0,0,3,1,2,0,0,0,4,2,2,15,8,7,4,4,0,0,0,0,2,0,2,3,1,2,6,3,3,0,0,0
56693405,12,8,4,11,8,3,0,0,0,1,1,0,0,0,0,1,0,1,9,6,3,5,4,1,0,0,0,1,0,1,1,1,0,2,1,1,0,0,0
56693407,47,24,23,43,23,20,0,0,0,7,3,4,0,0,0,4,1,3,59,30,29,24,12,12,0,0,0,2,0,2,13,4,9,20,14,6,5,4,1
56693408,765,419,346,722,395,327,23,14,9,101,46,55,5,0,5,43,24,19,753,332,421,433,193,240,1,0,1,24,0,24,96,42,54,199,97,102,20,13,7
1711310,0,0,0,0,0,0,0,0,0,0,0,0,0,0,0,0,0,0,0,0,0,0,0,0,0,0,0,0,0,0,0,0,0,0,0,0,0,0,0
56695101,54,32,22,46,29,17,1,0,1,7,5,2,0,0,0,8,3,5,50,24,26,22,10,12,0,0,0,2,0,2,11,6,5,15,8,7,1,0,1
56695102,23,13,10,21,11,10,0,0,0,2,0,2,0,0,0,2,2,0,21,11,10,8,6,2,0,0,0,2,0,2,4,2,2,7,3,4,0,0,0
56695103,182,104,78,172,100,72,4,1,3,16,10,6,0,0,0,10,4,6,136,55,81,65,24,41,0,0,0,7,0,7,19,9,10,45,22,23,10,5,5
56697701,60,30,30,58,28,30,0,0,0,9,5,4,1,0,1,2,2,0,55,23,32,32,14,18,0,0,0,1,0,1,7,3,4,15,6,9,0,0,0
56697702,47,31,16,45,29,16,3,1,2,11,5,6,0,0,0,2,2,0,55,19,36,21,9,12,0,0,0,6,0,6,13,3,10,15,7,8,0,0,0
56697703,19,9,10,18,8,10,1,1,0,1,0,1,0,0,0,1,1,0,15,11,4,10,6,4,0,0,0,0,0,0,3,3,0,2,2,0,1,1,0
56697705,80,47,33,79,47,32,1,0,1,12,6,6,0,0,0,1,0,1,63,23,40,22,8,14,0,0,0,6,0,6,17,5,12,18,10,8,0,0,0
1949300,0,0,0,0,0,0,0,0,0,0,0,0,0,0,0,0,0,0,0,0,0,0,0,0,0,0,0,0,0,0,0,0,0,0,0,0,0,0,0
3369980,0,0,0,0,0,0,0,0,0,0,0,0,0,0,0,0,0,0,0,0,0,0,0,0,0,0,0,0,0,0,0,0,0,0,0,0,0,0,0
56698501,48,24,24,48,24,24,1,0,1,8,5,3,1,0,1,0,0,0,30,16,14,6,2,4,0,0,0,1,0,1,7,5,2,16,9,7,1,1,0
56698502,153,84,69,149,84,65,5,1,4,17,9,8,1,0,1,4,0,4,106,51,55,36,16,20,0,0,0,6,0,6,21,12,9,43,23,20,0,0,0
56698503,13,7,6,12,7,5,0,0,0,0,0,0,1,0,1,1,0,1,13,6,7,8,5,3,0,0,0,1,0,1,2,0,2,2,1,1,0,0,0
56698504,49,28,21,45,26,19,2,2,0,5,2,3,3,0,3,4,2,2,47,20,27,22,9,13,0,0,0,1,0,1,10,3,7,14,8,6,1,0,1
56698505,78,42,36,73,40,33,7,3,4,9,5,4,0,0,0,5,2,3,58,26,32,31,14,17,0,0,0,0,0,0,2,1,1,25,11,14,5,5,0
56698506,47,26,21,45,24,21,2,2,0,1,0,1,0,0,0,2,2,0,38,20,18,12,6,6,0,0,0,2,0,2,10,6,4,14,8,6,1,1,0
56698507,18,11,7,12,7,5,0,0,0,4,1,3,0,0,0,6,4,2,32,16,16,9,4,5,0,0,0,4,0,4,12,7,5,7,5,2,0,0,0
56698508,91,49,42,88,47,41,5,3,2,19,9,10,0,0,0,3,2,1,84,35,49,31,12,19,1,1,0,6,0,6,16,8,8,30,14,16,2,0,2
56698511,1643,854,789,1573,813,760,64,36,28,250,107,143,13,0,13,70,41,29,1489,638,851,784,295,489,2,1,1,54,1,53,233,123,110,416,218,198,37,18,19
56698512,694,356,338,608,319,289,22,11,11,64,28,36,3,0,3,86,37,49,748,278,470,359,115,244,1,1,0,37,0,37,148,71,77,203,91,112,31,21,10
56698513,319,171,148,279,148,131,13,5,8,42,19,23,4,0,4,40,23,17,246,106,140,93,43,50,2,1,1,15,0,15,49,19,30,87,43,44,7,3,4
56698514,17,10,7,16,9,7,1,1,0,4,3,1,0,0,0,1,1,0,8,6,2,1,0,1,0,0,0,1,0,1,2,2,0,4,4,0,0,0,0
56698515,1162,644,518,1030,569,461,40,16,24,132,65,67,4,0,4,132,75,57,963,436,527,300,135,165,4,3,1,30,1,29,243,121,122,386,176,210,102,56,46
56698516,959,483,476,869,440,429,30,13,17,114,42,72,4,0,4,90,43,47,998,409,589,484,185,299,4,3,1,49,0,49,170,76,94,291,145,146,38,21,17
56698517,21,13,8,19,11,8,1,0,1,2,2,0,0,0,0,2,2,0,15,9,6,12,6,6,0,0,0,0,0,0,1,1,0,2,2,0,1,0,1
56698519,26,16,10,23,15,8,1,1,0,5,3,2,0,0,0,3,1,2,27,12,15,13,5,8,0,0,0,1,0,1,2,2,0,11,5,6,0,0,0
56698520,1133,613,520,1036,567,469,34,17,17,125,56,69,8,0,8,97,46,51,1063,424,639,531,183,348,2,1,1,48,1,47,189,81,108,293,158,135,48,24,24
56698521,13,8,5,12,8,4,1,1,0,0,0,0,0,0,0,1,0,1,19,8,11,10,4,6,0,0,0,0,0,0,1,1,0,8,3,5,2,1,1
56698522,250,131,119,226,118,108,10,4,6,27,12,15,2,0,2,24,13,11,211,96,115,106,48,58,1,1,0,4,0,4,29,15,14,71,32,39,6,2,4
56698524,47,27,20,44,26,18,2,1,1,4,2,2,0,0,0,3,1,2,26,12,14,9,5,4,0,0,0,1,0,1,7,1,6,9,6,3,0,0,0
56698525,1007,546,461,942,517,425,31,12,19,141,71,70,6,0,6,65,29,36,895,377,518,444,179,265,4,4,0,33,0,33,137,63,74,277,131,146,33,14,19
56698526,92,51,41,89,49,40,3,2,1,6,1,5,0,0,0,3,2,1,85,35,50,52,24,28,0,0,0,2,0,2,8,1,7,23,10,13,0,0,0
56698527,1312,686,626,1227,643,584,43,19,24,174,73,101,13,0,13,85,43,42,1040,454,586,492,196,296,1,0,1,46,0,46,178,95,83,323,163,160,33,12,21
56698528,27,14,13,27,14,13,0,0,0,5,1,4,0,0,0,0,0,0,37,16,21,18,10,8,0,0,0,0,0,0,2,0,2,17,6,11,1,0,1
56698529,134,69,65,127,67,60,3,0,3,11,3,8,1,0,1,7,2,5,111,53,58,55,26,29,0,0,0,3,0,3,19,8,11,34,19,15,2,2,0
56698530,22,13,9,21,12,9,1,1,0,1,0,1,0,0,0,1,1,0,17,7,10,5,1,4,0,0,0,0,0,0,2,1,1,10,5,5,0,0,0
56698531,181,103,78,165,95,70,4,2,2,18,10,8,0,0,0,16,8,8,147,64,83,74,31,43,0,0,0,6,0,6,25,12,13,42,21,21,7,5,2
56701902,56,33,23,46,27,19,0,0,0,7,3,4,0,0,0,10,6,4,42,15,27,15,4,11,0,0,0,3,0,3,7,2,5,17,9,8,3,2,1
56701903,38,19,19,38,19,19,2,0,2,4,1,3,0,0,0,0,0,0,35,15,20,16,7,9,0,0,0,3,0,3,8,4,4,8,4,4,1,1,0
56701904,114,67,47,101,59,42,3,1,2,16,7,9,1,0,1,13,8,5,89,32,57,57,21,36,0,0,0,4,0,4,14,5,9,14,6,8,6,4,2
3308330,0,0,0,0,0,0,0,0,0,0,0,0,0,0,0,0,0,0,0,0,0,0,0,0,0,0,0,0,0,0,0,0,0,0,0,0,0,0,0
54643701,68,37,31,66,37,29,4,2,2,9,5,4,1,0,1,2,0,2,47,19,28,24,9,15,0,0,0,1,0,1,6,1,5,16,9,7,0,0,0
0165510,0,0,0,0,0,0,0,0,0,0,0,0,0,0,0,0,0,0,0,0,0,0,0,0,0,0,0,0,0,0,0,0,0,0,0,0,0,0,0
0330900,0,0,0,0,0,0,0,0,0,0,0,0,0,0,0,0,0,0,0,0,0,0,0,0,0,0,0,0,0,0,0,0,0,0,0,0,0,0,0
0450120,0,0,0,0,0,0,0,0,0,0,0,0,0,0,0,0,0,0,0,0,0,0,0,0,0,0,0,0,0,0,0,0,0,0,0,0,0,0,0
0688880,0,0,0,0,0,0,0,0,0,0,0,0,0,0,0,0,0,0,0,0,0,0,0,0,0,0,0,0,0,0,0,0,0,0,0,0,0,0,0
0693290,0,0,0,0,0,0,0,0,0,0,0,0,0,0,0,0,0,0,0,0,0,0,0,0,0,0,0,0,0,0,0,0,0,0,0,0,0,0,0
0693370,0,0,0,0,0,0,0,0,0,0,0,0,0,0,0,0,0,0,0,0,0,0,0,0,0,0,0,0,0,0,0,0,0,0,0,0,0,0,0
0693450,0,0,0,0,0,0,0,0,0,0,0,0,0,0,0,0,0,0,0,0,0,0,0,0,0,0,0,0,0,0,0,0,0,0,0,0,0,0,0
0993500,0,0,0,0,0,0,0,0,0,0,0,0,0,0,0,0,0,0,0,0,0,0,0,0,0,0,0,0,0,0,0,0,0,0,0,0,0,0,0
0994570,0,0,0,0,0,0,0,0,0,0,0,0,0,0,0,0,0,0,0,0,0,0,0,0,0,0,0,0,0,0,0,0,0,0,0,0,0,0,0
0994730,0,0,0,0,0,0,0,0,0,0,0,0,0,0,0,0,0,0,0,0,0,0,0,0,0,0,0,0,0,0,0,0,0,0,0,0,0,0,0
0995710,0,0,0,0,0,0,0,0,0,0,0,0,0,0,0,0,0,0,0,0,0,0,0,0,0,0,0,0,0,0,0,0,0,0,0,0,0,0,0
0996780,0,0,0,0,0,0,0,0,0,0,0,0,0,0,0,0,0,0,0,0,0,0,0,0,0,0,0,0,0,0,0,0,0,0,0,0,0,0,0
0996940,0,0,0,0,0,0,0,0,0,0,0,0,0,0,0,0,0,0,0,0,0,0,0,0,0,0,0,0,0,0,0,0,0,0,0,0,0,0,0
0997410,0,0,0,0,0,0,0,0,0,0,0,0,0,0,0,0,0,0,0,0,0,0,0,0,0,0,0,0,0,0,0,0,0,0,0,0,0,0,0
1492090,0,0,0,0,0,0,0,0,0,0,0,0,0,0,0,0,0,0,0,0,0,0,0,0,0,0,0,0,0,0,0,0,0,0,0,0,0,0,0
1705420,0,0,0,0,0,0,0,0,0,0,0,0,0,0,0,0,0,0,0,0,0,0,0,0,0,0,0,0,0,0,0,0,0,0,0,0,0,0,0
3115960,0,0,0,0,0,0,0,0,0,0,0,0,0,0,0,0,0,0,0,0,0,0,0,0,0,0,0,0,0,0,0,0,0,0,0,0,0,0,0
3116000,0,0,0,0,0,0,0,0,0,0,0,0,0,0,0,0,0,0,0,0,0,0,0,0,0,0,0,0,0,0,0,0,0,0,0,0,0,0,0
3189900,0,0,0,0,0,0,0,0,0,0,0,0,0,0,0,0,0,0,0,0,0,0,0,0,0,0,0,0,0,0,0,0,0,0,0,0,0,0,0
3190070,0,0,0,0,0,0,0,0,0,0,0,0,0,0,0,0,0,0,0,0,0,0,0,0,0,0,0,0,0,0,0,0,0,0,0,0,0,0,0
3190400,0,0,0,0,0,0,0,0,0,0,0,0,0,0,0,0,0,0,0,0,0,0,0,0,0,0,0,0,0,0,0,0,0,0,0,0,0,0,0
3367000,0,0,0,0,0,0,0,0,0,0,0,0,0,0,0,0,0,0,0,0,0,0,0,0,0,0,0,0,0,0,0,0,0,0,0,0,0,0,0
3367510,0,0,0,0,0,0,0,0,0,0,0,0,0,0,0,0,0,0,0,0,0,0,0,0,0,0,0,0,0,0,0,0,0,0,0,0,0,0,0
3367690,0,0,0,0,0,0,0,0,0,0,0,0,0,0,0,0,0,0,0,0,0,0,0,0,0,0,0,0,0,0,0,0,0,0,0,0,0,0,0
3367770,0,0,0,0,0,0,0,0,0,0,0,0,0,0,0,0,0,0,0,0,0,0,0,0,0,0,0,0,0,0,0,0,0,0,0,0,0,0,0
3367850,0,0,0,0,0,0,0,0,0,0,0,0,0,0,0,0,0,0,0,0,0,0,0,0,0,0,0,0,0,0,0,0,0,0,0,0,0,0,0
3367930,0,0,0,0,0,0,0,0,0,0,0,0,0,0,0,0,0,0,0,0,0,0,0,0,0,0,0,0,0,0,0,0,0,0,0,0,0,0,0
56702701,250,138,112,235,130,105,4,3,1,27,14,13,2,0,2,15,8,7,209,95,114,88,37,51,1,1,0,10,1,9,34,15,19,76,41,35,3,2,1
56702704,18,9,9,11,4,7,0,0,0,0,0,0,0,0,0,7,5,2,22,10,12,3,1,2,0,0,0,2,0,2,9,3,6,8,6,2,1,1,0
56702705,125,68,57,118,66,52,2,1,1,10,5,5,0,0,0,7,2,5,109,50,59,54,24,30,1,1,0,3,0,3,18,9,9,33,16,17,0,0,0
56702706,18,12,6,17,11,6,2,2,0,4,2,2,0,0,0,1,1,0,11,4,7,3,2,1,0,0,0,1,0,1,6,2,4,1,0,1,0,0,0
56702707,148,118,30,78,69,9,0,0,0,2,2,0,0,0,0,70,49,21,34,22,12,17,10,7,2,2,0,0,0,0,11,10,1,4,0,4,16,10,6
56702710,144,74,70,140,73,67,5,2,3,16,8,8,1,0,1,4,1,3,117,56,61,45,23,22,4,0,4,0,0,0,14,8,6,54,25,29,0,0,0
56702711,152,82,70,147,79,68,9,2,7,17,8,9,0,0,0,5,3,2,132,56,76,78,33,45,0,0,0,2,0,2,14,8,6,38,15,23,2,1,1
56702712,518,262,256,507,258,249,34,12,22,59,29,30,3,0,3,11,4,7,318,142,176,119,54,65,1,0,1,6,0,6,44,13,31,148,75,73,4,3,1
56702713,4646,2387,2259,4296,2218,2078,137,52,85,532,285,247,23,0,23,350,169,181,3687,1640,2047,1774,755,1019,8,4,4,181,4,177,623,301,322,1101,576,525,133,75,58
56702714,595,314,281,552,295,257,27,10,17,51,30,21,3,0,3,43,19,24,531,242,289,257,106,151,0,0,0,22,0,22,85,44,41,167,92,75,23,14,9
56702716,283,162,121,96,60,36,2,1,1,9,6,3,0,0,0,187,102,85,355,168,187,47,25,22,2,2,0,29,0,29,121,59,62,156,82,74,50,20,30
56702718,2074,1102,972,1880,1005,875,77,30,47,219,114,105,8,0,8,194,97,97,1747,740,1007,919,342,577,6,4,2,67,0,67,281,146,135,474,248,226,127,71,56
56702719,23,17,6,23,17,6,1,1,0,2,0,2,0,0,0,0,0,0,2,2,0,0,0,0,0,0,0,0,0,0,1,1,0,1,1,0,0,0,0
56702721,1806,958,848,1529,839,690,59,26,33,124,62,62,8,0,8,277,119,158,1601,660,941,617,205,412,6,5,1,79,1,78,401,197,204,498,252,246,160,95,65
56702722,231,126,105,219,120,99,12,4,8,36,25,11,0,0,0,12,6,6,188,73,115,79,22,57,0,0,0,8,0,8,29,11,18,72,40,32,7,6,1
56702724,172,88,84,168,86,82,6,2,4,16,9,7,2,0,2,4,2,2,104,49,55,15,9,6,2,0,2,3,0,3,22,13,9,62,27,35,0,0,0
56702725,81,38,43,78,38,40,7,2,5,13,7,6,0,0,0,3,0,3,48,22,26,14,7,7,1,0,1,4,0,4,12,8,4,17,7,10,1,1,0
56702726,406,214,192,398,211,187,19,10,9,58,35,23,1,0,1,8,3,5,258,132,126,73,33,40,1,1,0,8,0,8,36,17,19,140,81,59,2,1,1
56702727,2320,1202,1118,2108,1112,996,88,30,58,217,110,107,8,0,8,212,90,122,2178,855,1323,1183,421,762,1,1,0,94,1,93,377,166,211,523,266,257,119,65,54
56702728,2342,1215,1127,2140,1134,1006,72,34,38,215,96,119,9,0,9,202,81,121,2191,909,1282,1142,433,709,9,4,5,92,0,92,364,169,195,584,303,281,120,63,57
56702730,1167,599,568,1098,566,532,32,18,14,106,49,57,8,0,8,69,33,36,1050,433,617,487,181,306,4,3,1,44,1,43,173,88,85,342,160,182,54,36,18
56702731,42,24,18,42,24,18,1,0,1,4,3,1,1,0,1,0,0,0,13,4,9,4,1,3,0,0,0,0,0,0,3,2,1,6,1,5,0,0,0
56702732,400,217,183,379,206,173,19,12,7,57,24,33,4,1,3,21,11,10,354,153,201,176,69,107,1,0,1,14,0,14,72,42,30,91,42,49,18,8,10
56702733,467,387,80,380,315,65,5,2,3,21,18,3,2,0,2,87,72,15,137,85,52,59,43,16,1,1,0,3,0,3,44,27,17,30,14,16,221,168,53
56702734,2821,1507,1314,2490,1363,1127,93,38,55,333,153,180,11,0,11,331,144,187,3194,1287,1907,1869,686,1183,3,0,3,100,2,98,485,240,245,737,359,378,143,77,66
56702735,110,62,48,107,60,47,5,2,3,6,5,1,1,0,1,3,2,1,78,40,38,5,3,2,0,0,0,8,0,8,30,15,15,35,22,13,0,0,0
56702736,4121,2091,2030,3762,1933,1829,139,59,80,314,153,161,19,0,19,359,158,201,2786,1152,1634,1068,400,668,12,6,6,167,0,167,586,267,319,953,479,474,98,49,49
56702737,48,26,22,41,24,17,1,1,0,10,4,6,1,0,1,7,2,5,292,89,203,250,74,176,0,0,0,5,0,5,23,10,13,14,5,9,2,1,1
56702738,13,8,5,13,8,5,1,0,1,0,0,0,0,0,0,0,0,0,11,3,8,7,3,4,0,0,0,0,0,0,0,0,0,4,0,4,0,0,0
56702739,1861,976,885,1699,900,799,60,23,37,206,101,105,12,0,12,162,76,86,1738,722,1016,924,342,582,0,0,0,58,0,58,289,141,148,467,239,228,80,46,34
56702740,1384,744,640,1096,603,493,36,18,18,115,61,54,5,0,5,288,141,147,1325,601,724,373,166,207,11,3,8,60,2,58,374,170,204,507,260,247,114,43,71
56702741,2978,1535,1443,2662,1383,1279,105,52,53,275,119,156,14,0,14,316,152,164,2924,1272,1652,1378,525,853,8,4,4,110,0,110,540,270,270,888,473,415,122,71,51
56702742,116,63,53,111,60,51,3,2,1,21,13,8,1,0,1,5,3,2,62,33,29,14,5,9,1,1,0,1,0,1,11,8,3,35,19,16,0,0,0
1968010,0,0,0,0,0,0,0,0,0,0,0,0,0,0,0,0,0,0,0,0,0,0,0,0,0,0,0,0,0,0,0,0,0,0,0,0,0,0,0
1968190,0,0,0,0,0,0,0,0,0,0,0,0,0,0,0,0,0,0,0,0,0,0,0,0,0,0,0,0,0,0,0,0,0,0,0,0,0,0,0
1968270,0,0,0,0,0,0,0,0,0,0,0,0,0,0,0,0,0,0,0,0,0,0,0,0,0,0,0,0,0,0,0,0,0,0,0,0,0,0,0
56704301,679,362,317,624,333,291,22,8,14,59,30,29,5,0,5,55,29,26,573,252,321,245,97,148,1,0,1,26,1,25,111,52,59,190,102,88,49,27,22
56704302,18,10,8,16,8,8,1,0,1,1,1,0,1,0,1,2,2,0,13,7,6,4,1,3,0,0,0,0,0,0,5,4,1,4,2,2,0,0,0
56704303,14,7,7,14,7,7,0,0,0,1,0,1,0,0,0,0,0,0,16,10,6,9,6,3,0,0,0,0,0,0,0,0,0,7,4,3,0,0,0
56705101,14,7,7,14,7,7,1,0,1,1,1,0,0,0,0,0,0,0,14,7,7,8,3,5,0,0,0,1,0,1,4,3,1,1,1,0,0,0,0
56705102,391,358,33,386,354,32,7,4,3,9,8,1,1,0,1,5,4,1,317,298,19,16,11,5,1,1,0,4,0,4,278,274,4,18,12,6,1,1,0
56705103,28,14,14,26,13,13,0,0,0,5,3,2,0,0,0,2,1,1,33,18,15,16,9,7,0,0,0,0,0,0,3,2,1,14,7,7,0,0,0
56706001,617,349,268,580,328,252,15,1,14,50,30,20,4,0,4,37,21,16,505,220,285,227,91,136,1,0,1,22,0,22,72,35,37,183,94,89,25,19,6
56706002,16,10,6,16,10,6,1,1,0,2,1,1,0,0,0,0,0,0,11,4,7,3,0,3,0,0,0,0,0,0,0,0,0,8,4,4,0,0,0
56707801,143,76,67,137,75,62,4,1,3,19,13,6,1,0,1,6,1,5,122,59,63,66,31,35,0,0,0,6,1,5,23,12,11,27,15,12,5,3,2
56710801,52,30,22,48,29,19,0,0,0,4,4,0,0,0,0,4,1,3,44,18,26,25,11,14,0,0,0,1,0,1,7,3,4,11,4,7,2,0,2
3237810,0,0,0,0,0,0,0,0,0,0,0,0,0,0,0,0,0,0,0,0,0,0,0,0,0,0,0,0,0,0,0,0,0,0,0,0,0,0,0
56714101,253,135,118,239,133,106,6,3,3,25,13,12,2,0,2,14,2,12,168,81,87,63,30,33,0,0,0,8,0,8,38,20,18,59,31,28,9,6,3
56714102,38,21,17,33,18,15,1,0,1,1,0,1,1,0,1,5,3,2,38,22,16,13,6,7,0,0,0,2,0,2,8,6,2,15,10,5,1,1,0
56714103,61,35,26,59,33,26,2,1,1,8,5,3,0,0,0,2,2,0,59,28,31,15,6,9,1,0,1,3,0,3,16,9,7,24,13,11,1,0,1
1984800,0,0,0,0,0,0,0,0,0,0,0,0,0,0,0,0,0,0,0,0,0,0,0,0,0,0,0,0,0,0,0,0,0,0,0,0,0,0,0
56716701,202,119,83,188,110,78,9,4,5,17,10,7,2,0,2,14,9,5,225,105,120,96,45,51,0,0,0,8,0,8,35,22,13,86,38,48,6,4,2
56716703,11,8,3,11,8,3,0,0,0,2,1,1,0,0,0,0,0,0,12,7,5,6,3,3,0,0,0,0,0,0,4,2,2,2,2,0,0,0,0
0000940,0,0,0,0,0,0,0,0,0,0,0,0,0,0,0,0,0,0,0,0,0,0,0,0,0,0,0,0,0,0,0,0,0,0,0,0,0,0,0
0001080,0,0,0,0,0,0,0,0,0,0,0,0,0,0,0,0,0,0,0,0,0,0,0,0,0,0,0,0,0,0,0,0,0,0,0,0,0,0,0
0292540,0,0,0,0,0,0,0,0,0,0,0,0,0,0,0,0,0,0,0,0,0,0,0,0,0,0,0,0,0,0,0,0,0,0,0,0,0,0,0
56717502,122,64,58,112,60,52,1,1,0,12,4,8,2,0,2,10,4,6,108,56,52,57,28,29,0,0,0,1,0,1,17,9,8,33,19,14,2,1,1
56717503,958,535,423,868,480,388,40,17,23,62,33,29,4,0,4,90,55,35,819,367,452,353,144,209,2,1,1,24,0,24,135,70,65,305,152,153,34,21,13
56717504,33,14,19,31,13,18,0,0,0,1,1,0,0,0,0,2,1,1,14,6,8,5,2,3,0,0,0,1,0,1,2,1,1,6,3,3,0,0,0
56719101,18,11,7,18,11,7,0,0,0,2,0,2,0,0,0,0,0,0,13,5,8,5,3,2,0,0,0,1,0,1,3,0,3,4,2,2,0,0,0
56719102,27,12,15,27,12,15,0,0,0,4,1,3,0,0,0,0,0,0,20,5,15,4,2,2,0,0,0,2,0,2,8,1,7,6,2,4,0,0,0
56719103,21,12,9,21,12,9,0,0,0,5,4,1,0,0,0,0,0,0,18,10,8,15,9,6,0,0,0,1,0,1,1,0,1,1,1,0,0,0,0
56719104,33,18,15,32,18,14,1,0,1,3,1,2,0,0,0,1,0,1,20,10,10,7,3,4,0,0,0,0,0,0,6,3,3,7,4,3,0,0,0
56722101,110,59,51,105,55,50,6,3,3,10,4,6,0,0,0,5,4,1,63,33,30,21,10,11,0,0,0,2,0,2,13,9,4,27,14,13,1,0,1
56722102,24,16,8,23,16,7,0,0,0,4,3,1,0,0,0,1,0,1,25,13,12,13,5,8,0,0,0,1,1,0,4,2,2,7,5,2,0,0,0
56724801,23,14,9,21,12,9,0,0,0,2,1,1,0,0,0,2,2,0,14,8,6,8,3,5,0,0,0,0,0,0,0,0,0,6,5,1,1,1,0
56724802,72,38,34,70,36,34,5,3,2,7,3,4,3,0,3,2,2,0,48,20,28,21,8,13,0,0,0,0,0,0,7,4,3,20,8,12,2,1,1
56724803,26,17,9,23,17,6,0,0,0,3,2,1,0,0,0,3,0,3,12,8,4,9,5,4,0,0,0,0,0,0,3,3,0,0,0,0,0,0,0
0861420,0,0,0,0,0,0,0,0,0,0,0,0,0,0,0,0,0,0,0,0,0,0,0,0,0,0,0,0,0,0,0,0,0,0,0,0,0,0,0
0861930,0,0,0,0,0,0,0,0,0,0,0,0,0,0,0,0,0,0,0,0,0,0,0,0,0,0,0,0,0,0,0,0,0,0,0,0,0,0,0
3367340,0,0,0,0,0,0,0,0,0,0,0,0,0,0,0,0,0,0,0,0,0,0,0,0,0,0,0,0,0,0,0,0,0,0,0,0,0,0,0
3367420,0,0,0,0,0,0,0,0,0,0,0,0,0,0,0,0,0,0,0,0,0,0,0,0,0,0,0,0,0,0,0,0,0,0,0,0,0,0,0
56725601,818,431,387,745,395,350,23,9,14,101,51,50,2,0,2,73,36,37,803,364,439,432,192,240,0,0,0,24,0,24,121,62,59,226,110,116,20,11,9
56725602,120,71,49,115,68,47,5,2,3,12,10,2,0,0,0,5,3,2,106,43,63,63,23,40,0,0,0,0,0,0,10,4,6,33,16,17,0,0,0
56725603,1259,678,581,872,493,379,18,6,12,88,41,47,4,0,4,387,185,202,1625,742,883,491,240,251,11,7,4,92,0,92,472,213,259,559,282,277,211,105,106
56725604,202,117,85,189,110,79,9,5,4,24,15,9,1,0,1,13,7,6,369,177,192,290,143,147,0,0,0,2,0,2,22,7,15,55,27,28,2,0,2
56725606,64,40,24,56,34,22,3,3,0,2,2,0,0,0,0,8,6,2,45,17,28,19,6,13,1,0,1,0,0,0,8,4,4,17,7,10,8,8,0
56725607,27,18,9,25,17,8,0,0,0,3,1,2,0,0,0,2,1,1,29,15,14,15,7,8,0,0,0,1,0,1,6,4,2,7,4,3,1,0,1
56725608,28,18,10,14,8,6,0,0,0,0,0,0,0,0,0,14,10,4,24,16,8,6,5,1,0,0,0,1,0,1,11,10,1,6,1,5,2,0,2
56725609,734,404,330,690,370,320,35,10,25,81,41,40,7,0,7,44,34,10,610,285,325,299,131,168,3,0,3,23,0,23,88,44,44,197,110,87,12,6,6
56725610,57,37,20,43,29,14,1,1,0,5,3,2,1,0,1,14,8,6,21,12,9,3,2,1,0,0,0,0,0,0,12,7,5,6,3,3,9,7,2
56725611,29,18,11,26,16,10,2,0,2,2,2,0,0,0,0,3,2,1,32,13,19,18,9,9,0,0,0,1,0,1,2,0,2,11,4,7,0,0,0
56725612,13,6,7,13,6,7,0,0,0,1,1,0,1,0,1,0,0,0,12,6,6,1,0,1,0,0,0,1,0,1,4,2,2,6,4,2,0,0,0
56725615,16,9,7,15,8,7,0,0,0,1,1,0,0,0,0,1,1,0,22,12,10,18,8,10,1,1,0,0,0,0,0,0,0,3,3,0,0,0,0
56725616,16,8,8,14,7,7,1,1,0,3,2,1,0,0,0,2,1,1,11,7,4,5,3,2,1,1,0,0,0,0,1,1,0,4,2,2,2,2,0
56725617,1085,583,502,1016,543,473,42,23,19,107,62,45,5,0,5,69,40,29,889,398,491,418,172,246,3,1,2,34,0,34,135,66,69,299,159,140,19,11,8
56725618,1143,639,504,1000,565,435,39,21,18,101,43,58,2,0,2,143,74,69,936,422,514,471,200,271,2,2,0,42,0,42,173,94,79,248,126,122,224,141,83
56725619,39,20,19,37,19,18,2,1,1,3,1,2,0,0,0,2,1,1,35,19,16,19,9,10,0,0,0,1,0,1,6,5,1,9,5,4,2,0,2
56725620,25,17,8,25,17,8,0,0,0,5,3,2,0,0,0,0,0,0,22,5,17,16,4,12,0,0,0,0,0,0,3,0,3,3,1,2,0,0,0
56725621,361,186,175,321,169,152,15,7,8,41,18,23,1,0,1,40,17,23,430,215,215,236,112,124,0,0,0,13,0,13,50,24,26,131,79,52,11,6,5
56725622,281,144,137,259,135,124,6,1,5,28,13,15,0,0,0,22,9,13,221,90,131,129,53,76,0,0,0,10,0,10,26,9,17,56,28,28,12,7,5
56725623,1302,669,633,1197,620,577,43,22,21,156,74,82,7,0,7,105,49,56,1369,549,820,855,332,523,3,2,1,48,0,48,178,79,99,285,136,149,24,13,11
56725624,20,11,9,17,10,7,0,0,0,0,0,0,0,0,0,3,1,2,25,8,17,9,5,4,0,0,0,2,0,2,4,1,3,10,2,8,0,0,0
56725625,24,15,9,23,14,9,0,0,0,2,1,1,0,0,0,1,1,0,19,11,8,6,3,3,0,0,0,2,0,2,3,1,2,8,7,1,0,0,0
56725626,953,508,445,916,491,425,44,22,22,115,55,60,5,0,5,37,17,20,911,390,521,480,192,288,2,0,2,31,1,30,104,55,49,294,142,152,14,9,5
56725627,804,408,396,746,385,361,35,10,25,75,41,34,7,0,7,58,23,35,908,380,528,490,193,297,3,2,1,42,1,41,141,73,68,232,111,121,11,8,3
56725628,1395,762,633,1248,695,553,39,14,25,135,73,62,5,0,5,147,67,80,1450,622,828,861,347,514,5,3,2,50,1,49,213,106,107,321,165,156,65,36,29
56726401,992,546,446,884,490,394,25,10,15,82,53,29,5,0,5,108,56,52,887,389,498,332,151,181,5,2,3,58,0,58,189,88,101,303,148,155,62,36,26
56726402,452,227,225,435,220,215,16,5,11,46,22,24,1,0,1,17,7,10,345,146,199,164,73,91,3,1,2,10,0,10,44,17,27,124,55,69,6,5,1
56726403,478,263,215,451,253,198,17,7,10,54,29,25,2,1,1,27,10,17,385,172,213,220,88,132,2,2,0,15,0,15,63,36,27,85,46,39,9,5,4
56727201,371,204,167,338,184,154,18,7,11,28,15,13,1,0,1,33,20,13,275,130,145,114,52,62,1,1,0,15,0,15,46,25,21,99,52,47,17,10,7
56728101,256,136,120,244,131,113,16,5,11,27,12,15,2,0,2,12,5,7,198,89,109,91,36,55,1,1,0,6,0,6,34,21,13,66,31,35,3,1,2
56728102,65,37,28,64,36,28,2,1,1,5,2,3,0,0,0,1,1,0,26,12,14,14,8,6,0,0,0,1,0,1,4,1,3,7,3,4,0,0,0
0165350,0,0,0,0,0,0,0,0,0,0,0,0,0,0,0,0,0,0,0,0,0,0,0,0,0,0,0,0,0,0,0,0,0,0,0,0,0,0,0
0409590,0,0,0,0,0,0,0,0,0,0,0,0,0,0,0,0,0,0,0,0,0,0,0,0,0,0,0,0,0,0,0,0,0,0,0,0,0,0,0
56729901,110,59,51,106,56,50,3,0,3,9,5,4,1,0,1,4,3,1,84,42,42,28,14,14,0,0,0,5,0,5,14,6,8,37,22,15,1,1,0
56729902,17,11,6,17,11,6,0,0,0,1,1,0,0,0,0,0,0,0,13,6,7,7,3,4,0,0,0,1,0,1,2,0,2,3,3,0,0,0,0
0829611,0,0,0,0,0,0,0,0,0,0,0,0,0,0,0,0,0,0,0,0,0,0,0,0,0,0,0,0,0,0,0,0,0,0,0,0,0,0,0
56730201,247,136,111,229,126,103,4,3,1,10,4,6,1,0,1,18,10,8,206,107,99,75,32,43,1,1,0,11,0,11,38,21,17,81,53,28,10,7,3
3115880,0,0,0,0,0,0,0,0,0,0,0,0,0,0,0,0,0,0,0,0,0,0,0,0,0,0,0,0,0,0,0,0,0,0,0,0,0,0,0
56731101,846,457,389,802,436,366,22,7,15,88,43,45,5,0,5,44,21,23,887,382,505,549,229,320,0,0,0,35,0,35,106,49,57,197,104,93,10,5,5
56731103,575,294,281,553,286,267,20,11,9,64,38,26,5,0,5,22,8,14,493,211,282,245,92,153,2,1,1,26,1,25,82,48,34,138,69,69,3,0,3
56731104,936,494,442,861,456,405,28,16,12,62,36,26,10,0,10,75,38,37,884,355,529,464,163,301,1,0,1,33,0,33,153,76,77,233,116,117,35,24,11
56732902,55,32,23,51,30,21,1,0,1,3,2,1,0,0,0,4,2,2,47,22,25,23,12,11,0,0,0,2,0,2,7,5,2,15,5,10,0,0,0
56732903,16,8,8,15,8,7,0,0,0,0,0,0,0,0,0,1,0,1,12,7,5,3,2,1,0,0,0,0,0,0,2,0,2,7,5,2,0,0,0
56732904,149,87,62,145,84,61,4,0,4,27,15,12,1,0,1,4,3,1,164,72,92,107,40,67,2,2,0,3,0,3,18,10,8,34,20,14,2,0,2
56733701,109,63,46,106,60,46,3,2,1,9,7,2,1,0,1,3,3,0,70,28,42,30,12,18,0,0,0,2,0,2,14,7,7,24,9,15,5,1,4
56733702,38,20,18,34,18,16,2,1,1,5,3,2,1,0,1,4,2,2,25,10,15,14,5,9,0,0,0,1,0,1,4,1,3,6,4,2,6,5,1
56733703,616,349,267,439,249,190,8,3,5,44,29,15,1,0,1,177,100,77,837,388,449,256,118,138,1,0,1,36,0,36,246,121,125,298,149,149,151,86,65
56734501,259,145,114,250,143,107,11,4,7,16,11,5,2,0,2,9,2,7,190,74,116,78,31,47,1,1,0,10,0,10,32,15,17,69,27,42,8,5,3
56735301,122,70,52,118,69,49,3,2,1,9,6,3,0,0,0,4,1,3,103,51,52,53,25,28,0,0,0,3,0,3,15,10,5,32,16,16,1,0,1
56736101,32,19,13,31,19,12,1,1,0,3,1,2,0,0,0,1,0,1,35,17,18,15,8,7,0,0,0,3,0,3,9,5,4,8,4,4,1,0,1
56736102,25,14,11,23,12,11,1,0,1,1,1,0,1,0,1,2,2,0,20,9,11,14,7,7,0,0,0,0,0,0,3,1,2,3,1,2,0,0,0
56736103,90,52,38,87,51,36,3,3,0,4,0,4,0,0,0,3,1,2,64,30,34,30,14,16,0,0,0,2,0,2,13,5,8,19,11,8,0,0,0
56742601,62,38,24,61,37,24,2,1,1,5,1,4,0,0,0,1,1,0,64,25,39,36,15,21,1,1,0,4,1,3,11,3,8,12,5,7,2,2,0
56742602,193,112,81,185,107,78,6,3,3,19,10,9,0,0,0,8,5,3,126,62,64,56,27,29,0,0,0,6,0,6,19,9,10,45,26,19,6,4,2
54690901,34,20,14,33,20,13,1,0,1,8,6,2,1,0,1,1,0,1,34,16,18,16,5,11,0,0,0,2,0,2,8,6,2,8,5,3,0,0,0
54690902,38,24,14,36,23,13,0,0,0,3,0,3,0,0,0,2,1,1,34,14,20,20,10,10,0,0,0,2,0,2,6,1,5,6,3,3,1,1,0
1661970,0,0,0,0,0,0,0,0,0,0,0,0,0,0,0,0,0,0,0,0,0,0,0,0,0,0,0,0,0,0,0,0,0,0,0,0,0,0,0
1662270,0,0,0,0,0,0,0,0,0,0,0,0,0,0,0,0,0,0,0,0,0,0,0,0,0,0,0,0,0,0,0,0,0,0,0,0,0,0,0
1662350,0,0,0,0,0,0,0,0,0,0,0,0,0,0,0,0,0,0,0,0,0,0,0,0,0,0,0,0,0,0,0,0,0,0,0,0,0,0,0
56744201,44,31,13,38,28,10,0,0,0,2,2,0,0,0,0,6,3,3,40,19,21,12,5,7,0,0,0,3,0,3,10,5,5,15,9,6,1,0,1
56744202,305,166,139,298,164,134,12,3,9,45,21,24,0,0,0,7,2,5,258,118,140,110,51,59,0,0,0,11,0,11,48,19,29,89,48,41,3,2,1
56744203,610,333,277,579,322,257,10,7,3,75,40,35,7,0,7,31,11,20,524,236,288,256,105,151,4,3,1,18,0,18,70,36,34,176,92,84,10,7,3
56744204,30,17,13,27,16,11,0,0,0,3,3,0,0,0,0,3,1,2,16,11,5,5,3,2,0,0,0,1,0,1,2,2,0,8,6,2,0,0,0
56744205,35,12,23,34,12,22,0,0,0,7,2,5,0,0,0,1,0,1,33,16,17,22,9,13,1,0,1,0,0,0,1,1,0,9,6,3,0,0,0
56744206,2023,1139,884,1900,1074,826,66,25,41,250,121,129,16,0,16,123,65,58,1798,726,1072,1069,380,689,6,4,2,67,0,67,246,123,123,410,219,191,81,44,37
56744207,361,199,162,330,185,145,12,7,5,47,24,23,2,0,2,31,14,17,428,187,241,233,94,139,2,1,1,14,0,14,55,29,26,124,63,61,10,5,5
56744208,1334,693,641,1183,625,558,38,18,20,194,99,95,7,0,7,151,68,83,1150,493,657,532,218,314,5,2,3,43,1,42,232,94,138,338,178,160,76,38,38
56744209,16,9,7,16,9,7,1,1,0,2,0,2,0,0,0,0,0,0,25,14,11,11,8,3,0,0,0,1,0,1,3,0,3,10,6,4,0,0,0
56744210,2317,1217,1100,2195,1151,1044,80,32,48,318,144,174,17,0,17,122,66,56,2401,991,1410,1450,539,911,7,6,1,84,0,84,318,156,162,542,290,252,81,54,27
56744211,2491,1308,1183,2292,1213,1079,71,22,49,325,157,168,12,0,12,199,95,104,2190,884,1306,1056,384,672,8,6,2,106,0,106,392,193,199,628,301,327,136,62,74
56744212,327,188,139,312,178,134,13,4,9,36,25,11,2,0,2,15,10,5,330,121,209,219,72,147,0,0,0,8,0,8,38,21,17,65,28,37,5,2,3
56744213,2335,1233,1102,2193,1171,1022,82,33,49,314,153,161,17,0,17,142,62,80,2266,973,1293,1136,453,683,7,5,2,90,0,90,351,174,177,682,341,341,91,57,34
56744214,149,85,64,140,79,61,7,4,3,18,9,9,0,0,0,9,6,3,117,49,68,32,15,17,0,0,0,4,0,4,24,9,15,57,25,32,1,0,1
56744215,1519,841,678,1364,764,600,37,18,19,195,97,98,7,0,7,155,77,78,1234,509,725,542,215,327,5,3,2,67,1,66,253,119,134,367,171,196,63,30,33
56744216,221,122,99,201,112,89,11,9,2,21,14,7,1,0,1,20,10,10,183,78,105,67,28,39,1,1,0,9,1,8,46,20,26,60,28,32,4,2,2
56744218,766,398,368,741,386,355,35,16,19,70,34,36,7,0,7,25,12,13,525,242,283,185,79,106,1,1,0,36,1,35,111,56,55,192,105,87,24,13,11
56744219,587,316,271,543,292,251,16,7,9,92,46,46,0,0,0,44,24,20,504,221,283,255,101,154,1,1,0,16,0,16,95,46,49,137,73,64,39,19,20
56744220,1059,563,496,953,509,444,39,15,24,150,73,77,2,0,2,106,54,52,1045,466,579,490,169,321,0,0,0,48,0,48,268,175,93,239,122,117,35,19,16
56744221,61,37,24,52,30,22,2,1,1,5,2,3,0,0,0,9,7,2,48,19,29,22,10,12,0,0,0,5,0,5,11,4,7,10,5,5,2,2,0
56744222,563,281,282,549,275,274,26,17,9,61,27,34,1,0,1,14,6,8,504,228,276,237,97,140,4,4,0,17,1,16,71,32,39,175,94,81,9,6,3
56744223,940,518,422,820,467,353,25,10,15,86,50,36,13,0,13,120,51,69,751,342,409,246,94,152,7,3,4,49,2,47,208,115,93,241,128,113,50,20,30
56744224,1137,677,460,982,583,399,38,17,21,148,75,73,4,0,4,155,94,61,950,413,537,491,194,297,12,7,5,43,0,43,201,99,102,203,113,90,208,143,65
56744225,460,242,218,424,219,205,26,11,15,54,26,28,2,0,2,36,23,13,543,227,316,272,99,173,2,0,2,16,0,16,101,46,55,152,82,70,37,22,15
56744227,1308,695,613,1203,648,555,52,22,30,174,78,96,5,0,5,105,47,58,1092,459,633,495,184,311,6,4,2,54,0,54,210,100,110,327,171,156,62,36,26
56744228,12,7,5,10,7,3,2,2,0,0,0,0,0,0,0,2,0,2,10,4,6,8,3,5,0,0,0,0,0,0,1,0,1,1,1,0,0,0,0
56744229,783,412,371,741,393,348,29,14,15,108,52,56,7,0,7,42,19,23,837,368,469,465,186,279,2,1,1,29,0,29,107,50,57,234,131,103,26,11,15
56744231,176,102,74,149,87,62,1,0,1,14,6,8,1,0,1,27,15,12,172,91,81,42,15,27,1,0,1,8,0,8,65,42,23,56,34,22,20,5,15
56744232,886,467,419,832,445,387,42,19,23,121,61,60,6,0,6,54,22,32,759,328,431,321,142,179,2,2,0,33,0,33,146,69,77,257,115,142,43,21,22
56744233,462,229,233,440,219,221,21,9,12,69,35,34,4,0,4,22,10,12,432,192,240,225,97,128,1,0,1,17,0,17,70,32,38,119,63,56,14,8,6
56744234,940,485,455,890,458,432,43,17,26,146,72,74,6,0,6,50,27,23,1075,454,621,587,223,364,6,4,2,41,0,41,162,78,84,279,149,130,42,24,18
56744235,386,209,177,365,197,168,14,6,8,60,32,28,6,0,6,21,12,9,366,152,214,203,82,121,5,3,2,12,0,12,60,19,41,86,48,38,6,3,3
0043590,0,0,0,0,0,0,0,0,0,0,0,0,0,0,0,0,0,0,0,0,0,0,0,0,0,0,0,0,0,0,0,0,0,0,0,0,0,0,0
0148510,0,0,0,0,0,0,0,0,0,0,0,0,0,0,0,0,0,0,0,0,0,0,0,0,0,0,0,0,0,0,0,0,0,0,0,0,0,0,0
0584750,0,0,0,0,0,0,0,0,0,0,0,0,0,0,0,0,0,0,0,0,0,0,0,0,0,0,0,0,0,0,0,0,0,0,0,0,0,0,0
3116260,0,0,0,0,0,0,0,0,0,0,0,0,0,0,0,0,0,0,0,0,0,0,0,0,0,0,0,0,0,0,0,0,0,0,0,0,0,0,0
3190740,0,0,0,0,0,0,0,0,0,0,0,0,0,0,0,0,0,0,0,0,0,0,0,0,0,0,0,0,0,0,0,0,0,0,0,0,0,0,0
56745101,81,42,39,79,40,39,3,1,2,11,5,6,0,0,0,2,2,0,71,41,30,34,16,18,0,0,0,1,0,1,10,7,3,26,18,8,2,1,1
56745103,24,16,8,20,13,7,0,0,0,7,5,2,0,0,0,4,3,1,15,10,5,9,4,5,0,0,0,0,0,0,2,2,0,4,4,0,2,1,1
56745105,187,97,90,182,96,86,9,3,6,20,12,8,1,0,1,5,1,4,140,66,74,58,28,30,0,0,0,3,0,3,24,10,14,55,28,27,5,3,2
56745106,236,120,116,205,109,96,3,0,3,24,12,12,1,0,1,31,11,20,191,92,99,82,38,44,0,0,0,7,0,7,33,18,15,69,36,33,7,5,2
56745107,214,120,94,196,113,83,10,5,5,26,16,10,1,0,1,18,7,11,184,76,108,82,33,49,1,0,1,10,0,10,27,10,17,64,33,31,5,4,1
56745108,30,18,12,27,16,11,0,0,0,7,3,4,0,0,0,3,2,1,25,11,14,14,6,8,0,0,0,1,0,1,2,2,0,8,3,5,1,1,0
56745109,427,220,207,388,205,183,9,5,4,54,26,28,2,0,2,39,15,24,468,186,282,264,96,168,2,1,1,17,0,17,69,27,42,116,62,54,25,15,10
56745110,365,188,177,340,171,169,11,7,4,50,24,26,2,0,2,25,17,8,418,171,247,252,101,151,0,0,0,12,0,12,54,26,28,100,44,56,17,7,10
56745111,567,314,253,545,307,238,16,7,9,79,40,39,5,0,5,22,7,15,456,197,259,240,104,136,0,0,0,15,0,15,68,29,39,133,64,69,18,12,6
56745112,639,361,278,435,262,173,5,1,4,61,29,32,0,0,0,204,99,105,1000,454,546,369,159,210,3,1,2,33,0,33,263,122,141,332,172,160,183,97,86
56745113,1621,846,775,1421,762,659,57,20,37,160,67,93,6,0,6,200,84,116,1664,708,956,832,325,507,3,2,1,69,0,69,299,148,151,461,233,228,91,43,48
56745115,1070,567,503,988,523,465,32,9,23,141,64,77,6,0,6,82,44,38,1009,458,551,590,252,338,1,1,0,31,0,31,149,76,73,238,129,109,42,20,22
56745116,47,26,21,45,25,20,0,0,0,3,1,2,0,0,0,2,1,1,62,27,35,38,15,23,1,0,1,3,0,3,5,1,4,15,11,4,0,0,0
56745119,280,182,98,240,157,83,3,2,1,29,16,13,0,0,0,40,25,15,184,88,96,57,29,28,2,2,0,8,0,8,46,26,20,71,31,40,73,51,22
56745120,999,533,466,939,504,435,36,15,21,112,62,50,8,0,8,60,29,31,888,413,475,466,203,263,2,2,0,32,0,32,123,66,57,265,142,123,29,13,16
56745121,27,17,10,25,15,10,0,0,0,7,3,4,0,0,0,2,2,0,15,7,8,11,5,6,1,0,1,0,0,0,0,0,0,3,2,1,0,0,0
56746901,25,15,10,25,15,10,0,0,0,3,1,2,0,0,0,0,0,0,23,7,16,12,5,7,0,0,0,0,0,0,4,1,3,7,1,6,0,0,0
56746902,186,103,83,177,99,78,5,2,3,26,12,14,0,0,0,9,4,5,166,74,92,84,39,45,0,0,0,6,0,6,23,10,13,53,25,28,5,3,2
56747702,201,113,88,192,107,85,10,2,8,34,19,15,1,0,1,9,6,3,317,110,207,235,70,165,0,0,0,6,0,6,21,9,12,55,31,24,2,1,1
56747703,42,21,21,40,19,21,1,1,0,6,2,4,0,0,0,2,2,0,31,13,18,12,5,7,0,0,0,1,0,1,4,2,2,14,6,8,0,0,0
56747704,59,35,24,57,34,23,1,1,0,7,2,5,1,0,1,2,1,1,42,20,22,16,8,8,0,0,0,2,0,2,7,2,5,17,10,7,1,0,1
56747705,22,13,9,19,13,6,0,0,0,1,1,0,0,0,0,3,0,3,30,14,16,17,10,7,0,0,0,1,0,1,4,2,2,8,2,6,4,2,2
56747706,284,153,131,277,149,128,7,4,3,50,23,27,2,0,2,7,4,3,260,111,149,130,58,72,0,0,0,8,0,8,34,11,23,88,42,46,4,2,2
56747707,255,139,116,249,137,112,4,2,2,33,15,18,1,0,1,6,2,4,199,86,113,89,38,51,1,1,0,7,0,7,25,11,14,77,36,41,11,7,4
56747708,26,15,11,26,15,11,2,0,2,1,1,0,0,0,0,0,0,0,36,19,17,13,6,7,2,2,0,3,0,3,8,4,4,10,7,3,1,1,0
56747709,39,17,22,38,17,21,0,0,0,8,1,7,0,0,0,1,0,1,31,21,10,18,13,5,0,0,0,1,0,1,6,4,2,6,4,2,1,1,0
56748501,45,18,27,45,18,27,0,0,0,8,3,5,0,0,0,0,0,0,24,13,11,8,4,4,0,0,0,0,0,0,4,4,0,12,5,7,0,0,0
56748502,114,68,46,108,64,44,1,1,0,17,10,7,1,0,1,6,4,2,84,36,48,38,16,22,0,0,0,4,0,4,14,5,9,28,15,13,6,5,1
56748503,60,34,26,60,34,26,3,2,1,8,6,2,0,0,0,0,0,0,38,13,25,14,4,10,0,0,0,1,0,1,3,0,3,20,9,11,0,0,0
56748504,37,19,18,36,19,17,5,3,2,4,2,2,0,0,0,1,0,1,33,16,17,17,8,9,0,0,0,2,0,2,5,3,2,9,5,4,1,0,1
56748505,48,28,20,46,27,19,1,1,0,6,3,3,0,0,0,2,1,1,44,20,24,16,6,10,0,0,0,6,0,6,11,8,3,11,6,5,1,1,0
56748506,123,60,63,117,56,61,2,1,1,11,6,5,0,0,0,6,4,2,80,44,36,38,16,22,1,1,0,1,0,1,14,8,6,26,19,7,0,0,0
56748507,57,31,26,56,31,25,7,5,2,6,1,5,0,0,0,1,0,1,48,21,27,30,14,16,1,1,0,1,0,1,6,2,4,10,4,6,0,0,0
56748508,28,18,10,27,17,10,0,0,0,3,1,2,0,0,0,1,1,0,13,6,7,4,2,2,0,0,0,1,0,1,6,3,3,2,1,1,0,0,0
0334480,0,0,0,0,0,0,0,0,0,0,0,0,0,0,0,0,0,0,0,0,0,0,0,0,0,0,0,0,0,0,0,0,0,0,0,0,0,0,0
0334810,0,0,0,0,0,0,0,0,0,0,0,0,0,0,0,0,0,0,0,0,0,0,0,0,0,0,0,0,0,0,0,0,0,0,0,0,0,0,0
56750701,57,36,21,56,35,21,1,0,1,5,3,2,1,0,1,1,1,0,61,25,36,26,9,17,1,0,1,4,0,4,20,9,11,10,7,3,2,0,2
56750702,184,103,81,169,96,73,5,5,0,27,17,10,1,0,1,15,7,8,153,65,88,81,39,42,0,0,0,8,0,8,21,8,13,43,18,25,8,6,2
56750703,131,65,66,119,61,58,4,1,3,18,10,8,2,0,2,12,4,8,135,63,72,52,20,32,1,1,0,7,0,7,29,15,14,46,27,19,2,2,0
56750704,247,133,114,221,121,100,13,7,6,40,18,22,3,0,3,26,12,14,250,103,147,109,46,63,1,0,1,16,0,16,51,18,33,73,39,34,11,7,4
56750705,360,196,164,346,187,159,11,4,7,32,17,15,2,0,2,14,9,5,310,128,182,152,65,87,0,0,0,15,0,15,57,25,32,86,38,48,6,4,2
56750706,120,60,60,115,57,58,5,2,3,22,13,9,0,0,0,5,3,2,102,47,55,49,24,25,0,0,0,3,0,3,15,7,8,35,16,19,5,2,3
56750707,36,17,19,34,16,18,1,0,1,1,0,1,1,0,1,2,1,1,41,19,22,11,4,7,0,0,0,3,0,3,9,4,5,18,11,7,0,0,0
56750709,127,65,62,122,62,60,6,3,3,17,7,10,1,0,1,5,3,2,118,59,59,51,26,25,0,0,0,2,0,2,17,5,12,48,28,20,3,2,1
56750710,106,56,50,80,45,35,2,1,1,10,6,4,0,0,0,26,11,15,116,45,71,64,23,41,0,0,0,5,0,5,23,11,12,24,11,13,14,6,8
56750711,444,253,191,361,213,148,12,5,7,55,27,28,0,0,0,83,40,43,453,205,248,174,72,102,2,2,0,21,1,20,103,55,48,153,75,78,37,18,19
56750712,311,168,143,300,162,138,10,6,4,43,22,21,4,0,4,11,6,5,246,101,145,105,46,59,0,0,0,13,0,13,46,19,27,82,36,46,6,4,2
56750713,726,398,328,687,378,309,21,9,12,103,54,49,5,0,5,39,20,19,833,309,524,535,196,339,3,2,1,30,0,30,101,41,60,164,70,94,28,15,13
56750714,858,466,392,798,434,364,28,15,13,147,71,76,4,0,4,60,32,28,788,352,436,379,157,222,3,2,1,32,1,31,124,67,57,250,125,125,61,38,23
56750715,38,23,15,37,22,15,4,3,1,3,2,1,0,0,0,1,1,0,26,10,16,12,4,8,0,0,0,0,0,0,1,1,0,13,5,8,0,0,0
0337740,0,0,0,0,0,0,0,0,0,0,0,0,0,0,0,0,0,0,0,0,0,0,0,0,0,0,0,0,0,0,0,0,0,0,0,0,0,0,0
0848240,0,0,0,0,0,0,0,0,0,0,0,0,0,0,0,0,0,0,0,0,0,0,0,0,0,0,0,0,0,0,0,0,0,0,0,0,0,0,0
1986760,0,0,0,0,0,0,0,0,0,0,0,0,0,0,0,0,0,0,0,0,0,0,0,0,0,0,0,0,0,0,0,0,0,0,0,0,0,0,0
56751501,98,58,40,91,55,36,1,0,1,9,3,6,0,0,0,7,3,4,117,52,65,38,17,21,0,0,0,6,0,6,20,8,12,53,27,26,3,2,1
56751502,100,57,43,94,54,40,1,1,0,26,12,14,0,0,0,6,3,3,83,41,42,36,19,17,1,0,1,6,0,6,9,6,3,31,16,15,1,1,0
56751503,343,216,127,293,184,109,10,3,7,47,21,26,0,0,0,50,32,18,328,154,174,118,53,65,0,0,0,21,1,20,74,41,33,115,59,56,79,50,29
56751504,31,20,11,22,15,7,1,1,0,8,4,4,0,0,0,9,5,4,33,13,20,9,6,3,0,0,0,5,0,5,11,1,10,8,6,2,3,1,2
56751505,583,340,243,449,269,180,17,6,11,65,32,33,5,0,5,134,71,63,685,322,363,193,93,100,1,1,0,44,1,43,207,107,100,240,120,120,58,22,36
56751506,27,15,12,25,14,11,1,0,1,2,0,2,0,0,0,2,1,1,34,16,18,10,5,5,0,0,0,2,0,2,8,4,4,14,7,7,0,0,0
56751507,653,348,305,603,327,276,19,8,11,135,62,73,5,0,5,50,21,29,637,257,380,390,142,248,1,1,0,21,0,21,80,42,38,145,72,73,23,10,13
56751508,912,485,427,842,454,388,23,12,11,135,76,59,2,0,2,70,31,39,835,353,482,424,159,265,1,1,0,31,0,31,142,71,71,237,122,115,36,19,17
56751509,742,401,341,694,385,309,17,10,7,134,60,74,8,0,8,48,16,32,704,292,412,368,149,219,2,0,2,33,0,33,115,55,60,186,88,98,24,17,7
56751510,581,303,278,525,285,240,17,6,11,102,53,49,6,0,6,56,18,38,725,298,427,395,148,247,2,1,1,23,0,23,116,51,65,189,98,91,28,11,17
56752301,90,50,40,87,50,37,1,1,0,12,5,7,0,0,0,3,0,3,90,41,49,30,16,14,0,0,0,6,0,6,21,9,12,33,16,17,1,0,1
56752302,609,333,276,589,322,267,27,10,17,80,53,27,3,0,3,20,11,9,524,257,267,234,117,117,0,0,0,28,0,28,102,51,51,160,89,71,7,5,2
56753101,558,316,242,488,284,204,14,6,8,73,40,33,3,0,3,70,32,38,581,255,326,268,108,160,1,0,1,27,0,27,97,48,49,188,99,89,34,25,9
56755801,685,388,297,659,372,287,13,9,4,114,55,59,5,0,5,26,16,10,636,267,369,320,127,193,2,1,1,28,0,28,105,55,50,181,84,97,10,4,6
56755802,76,41,35,73,40,33,5,0,5,8,5,3,1,0,1,3,1,2,63,33,30,23,13,10,0,0,0,5,0,5,22,13,9,13,7,6,1,0,1
56755803,63,35,28,60,32,28,1,0,1,9,3,6,0,0,0,3,3,0,63,34,29,27,16,11,1,1,0,3,0,3,9,4,5,23,13,10,1,0,1
56755804,190,108,82,173,102,71,4,3,1,31,15,16,3,0,3,17,6,11,163,73,90,73,35,38,0,0,0,8,0,8,32,11,21,50,27,23,2,1,1
1387110,0,0,0,0,0,0,0,0,0,0,0,0,0,0,0,0,0,0,0,0,0,0,0,0,0,0,0,0,0,0,0,0,0,0,0,0,0,0,0
1387200,0,0,0,0,0,0,0,0,0,0,0,0,0,0,0,0,0,0,0,0,0,0,0,0,0,0,0,0,0,0,0,0,0,0,0,0,0,0,0
1387380,0,0,0,0,0,0,0,0,0,0,0,0,0,0,0,0,0,0,0,0,0,0,0,0,0,0,0,0,0,0,0,0,0,0,0,0,0,0,0
56756601,191,106,85,178,99,79,2,0,2,17,7,10,0,0,0,13,7,6,161,73,88,66,26,40,1,1,0,4,0,4,28,11,17,62,35,27,11,7,4
56756602,41,25,16,40,24,16,0,0,0,7,6,1,0,0,0,1,1,0,23,10,13,10,3,7,0,0,0,0,0,0,4,3,1,9,4,5,0,0,0
56756603,20,12,8,20,12,8,2,1,1,5,4,1,0,0,0,0,0,0,19,9,10,11,5,6,0,0,0,1,0,1,1,1,0,6,3,3,0,0,0
56756604,62,32,30,57,31,26,2,1,1,6,2,4,0,0,0,5,1,4,56,24,32,33,15,18,0,0,0,1,0,1,7,4,3,15,5,10,0,0,0
56756605,29,15,14,25,14,11,1,0,1,1,0,1,0,0,0,4,1,3,26,13,13,10,6,4,0,0,0,0,0,0,4,2,2,12,5,7,0,0,0
56756606,100,54,46,97,53,44,3,1,2,15,7,8,0,0,0,3,1,2,84,39,45,39,16,23,0,0,0,3,0,3,6,1,5,36,22,14,0,0,0
56756607,18,9,9,18,9,9,1,0,1,4,1,3,0,0,0,0,0,0,18,11,7,6,4,2,0,0,0,0,0,0,1,1,0,11,6,5,0,0,0
56756608,45,26,19,44,26,18,0,0,0,13,8,5,0,0,0,1,0,1,33,16,17,20,9,11,0,0,0,0,0,0,1,0,1,12,7,5,0,0,0
56756610,51,25,26,49,25,24,1,0,1,6,4,2,1,0,1,2,0,2,43,19,24,16,4,12,0,0,0,1,0,1,6,1,5,20,14,6,0,0,0
0583270,0,0,0,0,0,0,0,0,0,0,0,0,0,0,0,0,0,0,0,0,0,0,0,0,0,0,0,0,0,0,0,0,0,0,0,0,0,0,0
56758201,170,99,71,153,89,64,3,0,3,27,17,10,1,0,1,17,10,7,143,67,76,67,37,30,1,1,0,6,0,6,22,8,14,47,21,26,2,1,1
56758202,330,187,143,319,181,138,9,3,6,53,30,23,3,0,3,11,6,5,258,115,143,118,53,65,1,1,0,14,0,14,47,22,25,78,39,39,5,2,3
56760401,236,125,111,225,119,106,11,4,7,28,15,13,1,0,1,11,6,5,191,94,97,68,32,36,0,0,0,6,0,6,28,16,12,89,46,43,3,2,1
56761202,457,278,179,440,267,173,18,11,7,46,29,17,0,0,0,17,11,6,464,192,272,235,99,136,2,1,1,13,0,13,63,32,31,151,60,91,11,8,3
56762101,881,486,395,806,450,356,28,12,16,103,52,51,4,0,4,75,36,39,831,350,481,365,143,222,2,0,2,41,1,40,147,62,85,276,144,132,55,32,23
56762102,687,358,329,654,346,308,27,11,16,92,43,49,4,0,4,33,12,21,557,222,335,273,98,175,0,0,0,21,0,21,85,38,47,178,86,92,24,12,12
56762103,48,26,22,45,23,22,3,1,2,9,6,3,0,0,0,3,3,0,55,31,24,30,17,13,0,0,0,4,0,4,7,6,1,14,8,6,0,0,0
0753290,0,0,0,0,0,0,0,0,0,0,0,0,0,0,0,0,0,0,0,0,0,0,0,0,0,0,0,0,0,0,0,0,0,0,0,0,0,0,0
0753612,0,0,0,0,0,0,0,0,0,0,0,0,0,0,0,0,0,0,0,0,0,0,0,0,0,0,0,0,0,0,0,0,0,0,0,0,0,0,0
0753960,0,0,0,0,0,0,0,0,0,0,0,0,0,0,0,0,0,0,0,0,0,0,0,0,0,0,0,0,0,0,0,0,0,0,0,0,0,0,0
3157530,0,0,0,0,0,0,0,0,0,0,0,0,0,0,0,0,0,0,0,0,0,0,0,0,0,0,0,0,0,0,0,0,0,0,0,0,0,0,0
3418780,0,0,0,0,0,0,0,0,0,0,0,0,0,0,0,0,0,0,0,0,0,0,0,0,0,0,0,0,0,0,0,0,0,0,0,0,0,0,0
3418860,0,0,0,0,0,0,0,0,0,0,0,0,0,0,0,0,0,0,0,0,0,0,0,0,0,0,0,0,0,0,0,0,0,0,0,0,0,0,0
3418940,0,0,0,0,0,0,0,0,0,0,0,0,0,0,0,0,0,0,0,0,0,0,0,0,0,0,0,0,0,0,0,0,0,0,0,0,0,0,0
56763901,1487,802,685,1388,748,640,67,28,39,205,97,108,8,0,8,99,54,45,1260,548,712,627,247,380,8,6,2,53,0,53,227,118,109,345,177,168,97,65,32
56763902,476,249,227,449,239,210,19,6,13,82,45,37,2,0,2,27,10,17,478,202,276,298,121,177,2,2,0,16,0,16,58,21,37,104,58,46,8,5,3
56763903,94,54,40,83,48,35,2,1,1,11,7,4,2,0,2,11,6,5,105,53,52,47,23,24,0,0,0,4,0,4,21,10,11,33,20,13,6,3,3
56763904,1382,747,635,1176,640,536,26,11,15,220,108,112,6,0,6,206,107,99,1551,678,873,700,288,412,6,2,4,55,1,54,323,146,177,467,241,226,216,114,102
56763905,202,107,95,193,103,90,5,3,2,17,8,9,0,0,0,9,4,5,168,80,88,80,39,41,0,0,0,5,0,5,21,11,10,62,30,32,3,0,3
56763906,60,33,27,60,33,27,2,2,0,11,6,5,0,0,0,0,0,0,38,19,19,10,5,5,0,0,0,2,0,2,6,3,3,20,11,9,2,0,2
56763907,429,234,195,409,224,185,18,8,10,59,30,29,2,0,2,20,10,10,364,157,207,186,82,104,0,0,0,21,0,21,54,27,27,103,48,55,3,2,1
56763908,54,31,23,51,30,21,2,1,1,5,2,3,0,0,0,3,1,2,42,21,21,18,7,11,0,0,0,1,0,1,2,2,0,21,12,9,0,0,0
56763909,424,235,189,406,226,180,15,6,9,78,42,36,1,0,1,18,9,9,359,179,180,177,78,99,1,1,0,18,0,18,55,31,24,108,69,39,10,7,3
56763910,26,13,13,22,12,10,0,0,0,4,2,2,0,0,0,4,1,3,28,19,9,11,6,5,0,0,0,0,0,0,6,4,2,11,9,2,0,0,0
56763912,147,76,71,140,73,67,5,2,3,18,7,11,1,0,1,7,3,4,139,60,79,66,31,35,0,0,0,4,0,4,22,9,13,47,20,27,5,4,1
56763913,80,44,36,78,43,35,4,2,2,9,5,4,1,0,1,2,1,1,57,30,27,9,5,4,0,0,0,1,0,1,8,3,5,39,22,17,0,0,0
56763914,803,412,391,762,388,374,40,19,21,102,48,54,6,0,6,41,24,17,716,296,420,397,158,239,2,1,1,26,0,26,97,47,50,194,90,104,37,17,20
56763915,357,195,162,340,185,155,23,10,13,62,36,26,1,0,1,17,10,7,381,163,218,154,61,93,0,0,0,18,0,18,71,31,40,138,71,67,12,5,7
56764701,358,199,159,342,195,147,6,3,3,48,28,20,3,0,3,16,4,12,326,144,182,136,54,82,1,0,1,19,0,19,59,29,30,111,61,50,5,2,3
56765501,271,147,124,256,138,118,8,2,6,26,20,6,2,0,2,15,9,6,226,102,124,99,39,60,0,0,0,9,0,9,37,24,13,81,39,42,11,5,6
56769801,136,78,58,128,76,52,7,1,6,16,6,10,3,0,3,8,2,6,109,40,69,58,23,35,2,1,1,7,0,7,16,8,8,26,8,18,3,3,0
56769802,30,17,13,30,17,13,2,2,0,5,2,3,0,0,0,0,0,0,23,10,13,14,6,8,0,0,0,1,0,1,2,1,1,6,3,3,0,0,0
56770101,120,61,59,116,59,57,6,2,4,23,15,8,1,0,1,4,2,2,99,48,51,40,14,26,0,0,0,4,0,4,12,8,4,43,26,17,1,1,0
56771001,146,77,69,141,75,66,3,1,2,18,8,10,1,0,1,5,2,3,140,64,76,43,19,24,2,2,0,9,0,9,29,16,13,57,27,30,1,1,0
56771002,36,15,21,35,15,20,2,0,2,3,0,3,0,0,0,1,0,1,46,25,21,21,12,9,0,0,0,2,0,2,8,5,3,15,8,7,0,0,0
56771003,198,111,87,192,109,83,9,3,6,20,11,9,1,0,1,6,2,4,151,79,72,67,32,35,0,0,0,1,0,1,27,15,12,56,32,24,7,6,1
56771004,35,19,16,33,18,15,3,0,3,4,2,2,0,0,0,2,1,1,44,25,19,24,13,11,0,0,0,3,0,3,4,1,3,13,11,2,0,0,0
56771005,13,7,6,13,7,6,1,0,1,0,0,0,0,0,0,0,0,0,7,2,5,0,0,0,0,0,0,0,0,0,0,0,0,7,2,5,0,0,0
56771006,109,59,50,106,58,48,3,1,2,11,3,8,3,0,3,3,1,2,97,48,49,33,18,15,5,3,2,3,0,3,19,10,9,37,17,20,0,0,0
0983290,0,0,0,0,0,0,0,0,0,0,0,0,0,0,0,0,0,0,0,0,0,0,0,0,0,0,0,0,0,0,0,0,0,0,0,0,0,0,0
0983370,0,0,0,0,0,0,0,0,0,0,0,0,0,0,0,0,0,0,0,0,0,0,0,0,0,0,0,0,0,0,0,0,0,0,0,0,0,0,0
56772801,70,44,26,63,40,23,0,0,0,10,6,4,3,1,2,7,4,3,52,29,23,23,14,9,0,0,0,1,0,1,11,6,5,17,9,8,10,6,4
56772802,17,10,7,17,10,7,0,0,0,2,1,1,0,0,0,0,0,0,22,10,12,10,5,5,0,0,0,0,0,0,3,1,2,9,4,5,1,1,0
56775201,1086,601,485,1004,560,444,38,17,21,158,85,73,3,0,3,82,41,41,916,397,519,445,182,263,2,2,0,37,0,37,159,73,86,273,140,133,52,30,22
56776101,56,33,23,53,32,21,1,0,1,5,4,1,0,0,0,3,1,2,51,19,32,26,9,17,0,0,0,0,0,0,5,3,2,20,7,13,4,3,1
56776102,109,58,51,101,54,47,3,1,2,11,5,6,0,0,0,8,4,4,132,61,71,58,28,30,0,0,0,5,0,5,18,8,10,51,25,26,3,2,1
56776103,11,5,6,11,5,6,0,0,0,3,1,2,0,0,0,0,0,0,12,5,7,5,2,3,0,0,0,0,0,0,1,1,0,6,2,4,0,0,0
56776104,12,6,6,11,6,5,1,1,0,2,1,1,0,0,0,1,0,1,20,10,10,15,7,8,0,0,0,0,0,0,0,0,0,5,3,2,0,0,0
56776105,80,40,40,77,38,39,2,1,1,9,3,6,1,0,1,3,2,1,57,26,31,28,15,13,0,0,0,2,0,2,7,3,4,20,8,12,3,2,1
56776106,114,58,56,112,56,56,8,2,6,18,8,10,0,0,0,2,2,0,83,31,52,46,19,27,0,0,0,2,0,2,8,4,4,27,8,19,5,5,0
1129760,0,0,0,0,0,0,0,0,0,0,0,0,0,0,0,0,0,0,0,0,0,0,0,0,0,0,0,0,0,0,0,0,0,0,0,0,0,0,0
1129920,0,0,0,0,0,0,0,0,0,0,0,0,0,0,0,0,0,0,0,0,0,0,0,0,0,0,0,0,0,0,0,0,0,0,0,0,0,0,0
3117310,0,0,0,0,0,0,0,0,0,0,0,0,0,0,0,0,0,0,0,0,0,0,0,0,0,0,0,0,0,0,0,0,0,0,0,0,0,0,0
3117400,0,0,0,0,0,0,0,0,0,0,0,0,0,0,0,0,0,0,0,0,0,0,0,0,0,0,0,0,0,0,0,0,0,0,0,0,0,0,0
3117580,0,0,0,0,0,0,0,0,0,0,0,0,0,0,0,0,0,0,0,0,0,0,0,0,0,0,0,0,0,0,0,0,0,0,0,0,0,0,0
56777901,10,4,6,10,4,6,0,0,0,2,0,2,0,0,0,0,0,0,14,8,6,11,7,4,0,0,0,0,0,0,1,0,1,2,1,1,0,0,0
56777902,31,16,15,30,16,14,1,0,1,3,1,2,0,0,0,1,0,1,28,14,14,16,8,8,0,0,0,1,0,1,5,2,3,6,4,2,1,0,1
56777903,730,389,341,690,367,323,16,3,13,142,73,69,7,0,7,40,22,18,755,294,461,503,178,325,2,1,1,14,0,14,70,35,35,166,80,86,16,9,7
56777904,507,288,219,464,266,198,27,13,14,67,41,26,4,0,4,43,22,21,370,166,204,150,64,86,0,0,0,26,1,25,64,26,38,130,75,55,16,10,6
56777905,602,321,281,585,316,269,22,11,11,79,43,36,5,0,5,17,5,12,563,255,308,255,112,143,2,2,0,30,0,30,102,48,54,174,93,81,5,2,3
56777906,469,263,206,454,258,196,21,13,8,78,46,32,0,0,0,15,5,10,382,176,206,203,91,112,1,1,0,15,0,15,59,32,27,104,52,52,33,18,15
56778701,1263,711,552,1207,675,532,52,27,25,189,103,86,1,0,1,56,36,20,1088,488,600,513,208,305,7,4,3,33,0,33,175,90,85,360,186,174,32,18,14
56778702,116,63,53,112,61,51,6,4,2,13,7,6,2,0,2,4,2,2,117,54,63,58,25,33,0,0,0,6,0,6,24,14,10,29,15,14,0,0,0
56780901,35,22,13,33,20,13,0,0,0,8,3,5,0,0,0,2,2,0,28,10,18,13,6,7,0,0,0,1,0,1,7,4,3,7,0,7,1,0,1
56780902,38,19,19,37,19,18,1,0,1,5,3,2,0,0,0,1,0,1,25,12,13,7,2,5,0,0,0,2,0,2,6,4,2,10,6,4,0,0,0
56780903,200,114,86,188,109,79,4,0,4,21,14,7,0,0,0,12,5,7,196,94,102,97,45,52,1,0,1,10,0,10,36,17,19,52,32,20,6,4,2
56780904,61,30,31,58,29,29,1,1,0,4,3,1,0,0,0,3,1,2,59,33,26,24,10,14,1,1,0,0,0,0,6,4,2,28,18,10,0,0,0
56780905,58,38,20,55,36,19,0,0,0,13,9,4,0,0,0,3,2,1,49,18,31,29,12,17,0,0,0,2,0,2,6,2,4,12,4,8,0,0,0
56780906,20,11,9,19,10,9,0,0,0,3,2,1,0,0,0,1,1,0,18,10,8,7,3,4,0,0,0,0,0,0,3,2,1,8,5,3,1,0,1
56783301,138,81,57,132,78,54,7,3,4,20,12,8,1,0,1,6,3,3,144,58,86,62,25,37,0,0,0,7,0,7,31,14,17,44,19,25,2,2,0
56783302,93,55,38,88,53,35,1,1,0,17,14,3,1,0,1,5,2,3,79,39,40,27,10,17,0,0,0,2,0,2,14,5,9,36,24,12,2,1,1
1603420,0,0,0,0,0,0,0,0,0,0,0,0,0,0,0,0,0,0,0,0,0,0,0,0,0,0,0,0,0,0,0,0,0,0,0,0,0,0,0
56784101,128,69,59,125,67,58,6,2,4,7,2,5,3,0,3,3,2,1,97,42,55,46,17,29,0,0,0,5,0,5,16,8,8,30,17,13,1,1,0
56784102,42,27,15,40,25,15,1,1,0,6,2,4,0,0,0,2,2,0,38,14,24,11,4,7,0,0,0,2,0,2,11,4,7,14,6,8,2,0,2
56784103,108,54,54,102,52,50,6,3,3,11,4,7,0,0,0,6,2,4,75,36,39,38,17,21,0,0,0,2,0,2,11,6,5,24,13,11,0,0,0
56784104,133,75,58,118,68,50,2,1,1,17,10,7,2,0,2,15,7,8,133,53,80,61,24,37,1,1,0,8,0,8,29,14,15,34,14,20,9,4,5
56784105,83,45,38,80,42,38,2,0,2,8,3,5,0,0,0,3,3,0,83,50,33,48,27,21,0,0,0,3,0,3,11,8,3,21,15,6,0,0,0
56784106,31,21,10,30,20,10,0,0,0,3,2,1,0,0,0,1,1,0,28,16,12,15,7,8,0,0,0,2,0,2,5,4,1,6,5,1,0,0,0
56785002,26,13,13,26,13,13,3,0,3,2,0,2,0,0,0,0,0,0,33,15,18,17,7,10,0,0,0,0,0,0,4,2,2,12,6,6,1,1,0
56785003,415,223,192,389,215,174,11,4,7,68,31,37,1,0,1,26,8,18,332,145,187,172,64,108,0,0,0,11,0,11,40,20,20,109,61,48,24,16,8
56786801,72,35,37,68,34,34,3,1,2,8,2,6,0,0,0,4,1,3,66,35,31,31,18,13,0,0,0,2,0,2,14,8,6,19,9,10,0,0,0
56786802,145,79,66,138,75,63,6,4,2,18,10,8,3,0,3,7,4,3,111,51,60,65,28,37,1,1,0,2,0,2,13,10,3,30,12,18,11,8,3
56786803,30,22,8,26,20,6,0,0,0,6,5,1,0,0,0,4,2,2,33,14,19,16,6,10,1,0,1,1,0,1,7,5,2,8,3,5,2,2,0
56786804,203,117,86,186,110,76,2,2,0,29,18,11,1,0,1,17,7,10,174,69,105,83,30,53,0,0,0,10,0,10,38,16,22,43,23,20,10,2,8
56786806,141,81,60,130,79,51,3,2,1,17,7,10,1,0,1,11,2,9,136,63,73,71,32,39,0,0,0,5,0,5,17,9,8,43,22,21,3,1,2
56787602,45,24,21,44,24,20,2,0,2,5,2,3,1,0,1,1,0,1,34,16,18,12,7,5,0,0,0,2,0,2,5,1,4,15,8,7,0,0,0
56787603,254,146,108,244,142,102,8,4,4,39,29,10,0,0,0,10,4,6,177,73,104,77,28,49,0,0,0,6,0,6,32,16,16,62,29,33,1,0,1
56788401,9,5,4,9,5,4,0,0,0,2,2,0,0,0,0,0,0,0,14,9,5,9,5,4,0,0,0,1,0,1,1,1,0,3,3,0,0,0,0
56788402,109,64,45,105,62,43,3,1,2,12,9,3,1,0,1,4,2,2,80,34,46,32,12,20,0,0,0,3,0,3,16,9,7,29,13,16,3,2,1
3419320,0,0,0,0,0,0,0,0,0,0,0,0,0,0,0,0,0,0,0,0,0,0,0,0,0,0,0,0,0,0,0,0,0,0,0,0,0,0,0
53062001,253,145,108,245,138,107,12,6,6,16,10,6,2,0,2,8,7,1,211,98,113,81,40,41,0,0,0,11,0,11,37,15,22,82,43,39,7,3,4
54618601,114,59,55,108,54,54,2,0,2,11,4,7,1,0,1,6,5,1,83,32,51,41,16,25,0,0,0,2,0,2,11,2,9,29,14,15,0,0,0
54692501,49,31,18,49,31,18,0,0,0,11,7,4,0,0,0,0,0,0,45,22,23,29,12,17,0,0,0,0,0,0,5,1,4,11,9,2,1,0,1
54692502,36,17,19,36,17,19,2,1,1,5,2,3,0,0,0,0,0,0,28,21,7,11,8,3,1,1,0,1,0,1,7,5,2,8,7,1,1,0,1
54692503,35,20,15,34,20,14,1,0,1,3,3,0,0,0,0,1,0,1,31,11,20,15,6,9,0,0,0,0,0,0,4,0,4,12,5,7,0,0,0
54692504,79,39,40,75,39,36,1,0,1,9,4,5,0,0,0,4,0,4,54,26,28,25,8,17,0,0,0,3,0,3,5,4,1,21,14,7,6,5,1
54692505,37,17,20,37,17,20,4,1,3,2,1,1,1,0,1,0,0,0,33,15,18,20,9,11,0,0,0,0,0,0,5,1,4,8,5,3,0,0,0
3181750,0,0,0,0,0,0,0,0,0,0,0,0,0,0,0,0,0,0,0,0,0,0,0,0,0,0,0,0,0,0,0,0,0,0,0,0,0,0,0
55369701,180,105,75,165,93,72,9,5,4,17,10,7,1,0,1,15,12,3,172,71,101,72,26,46,0,0,0,9,0,9,39,19,20,52,26,26,17,8,9
55369702,47,27,20,46,26,20,0,0,0,7,4,3,0,0,0,1,1,0,35,15,20,23,8,15,0,0,0,0,0,0,3,3,0,9,4,5,1,0,1
55369704,1251,706,545,990,560,430,34,11,23,101,54,47,10,0,10,261,146,115,1253,557,696,456,203,253,3,0,3,63,1,62,313,153,160,418,200,218,141,68,73
1484822,0,0,0,0,0,0,0,0,0,0,0,0,0,0,0,0,0,0,0,0,0,0,0,0,0,0,0,0,0,0,0,0,0,0,0,0,0,0,0
1713610,0,0,0,0,0,0,0,0,0,0,0,0,0,0,0,0,0,0,0,0,0,0,0,0,0,0,0,0,0,0,0,0,0,0,0,0,0,0,0
1749040,0,0,0,0,0,0,0,0,0,0,0,0,0,0,0,0,0,0,0,0,0,0,0,0,0,0,0,0,0,0,0,0,0,0,0,0,0,0,0
1749630,0,0,0,0,0,0,0,0,0,0,0,0,0,0,0,0,0,0,0,0,0,0,0,0,0,0,0,0,0,0,0,0,0,0,0,0,0,0,0
1749980,0,0,0,0,0,0,0,0,0,0,0,0,0,0,0,0,0,0,0,0,0,0,0,0,0,0,0,0,0,0,0,0,0,0,0,0,0,0,0
1758971,0,0,0,0,0,0,0,0,0,0,0,0,0,0,0,0,0,0,0,0,0,0,0,0,0,0,0,0,0,0,0,0,0,0,0,0,0,0,0
1758972,0,0,0,0,0,0,0,0,0,0,0,0,0,0,0,0,0,0,0,0,0,0,0,0,0,0,0,0,0,0,0,0,0,0,0,0,0,0,0
3034020,0,0,0,0,0,0,0,0,0,0,0,0,0,0,0,0,0,0,0,0,0,0,0,0,0,0,0,0,0,0,0,0,0,0,0,0,0,0,0
3118550,0,0,0,0,0,0,0,0,0,0,0,0,0,0,0,0,0,0,0,0,0,0,0,0,0,0,0,0,0,0,0,0,0,0,0,0,0,0,0
3119280,0,0,0,0,0,0,0,0,0,0,0,0,0,0,0,0,0,0,0,0,0,0,0,0,0,0,0,0,0,0,0,0,0,0,0,0,0,0,0
3191550,0,0,0,0,0,0,0,0,0,0,0,0,0,0,0,0,0,0,0,0,0,0,0,0,0,0,0,0,0,0,0,0,0,0,0,0,0,0,0
56789201,265,133,132,259,130,129,9,4,5,39,22,17,1,0,1,6,3,3,230,108,122,116,50,66,0,0,0,5,0,5,22,9,13,87,49,38,1,1,0
56789202,209,117,92,205,117,88,9,6,3,17,10,7,2,0,2,4,0,4,185,77,108,65,27,38,1,1,0,9,0,9,31,15,16,79,34,45,1,1,0
56789203,27,16,11,26,15,11,1,1,0,1,1,0,1,0,1,1,1,0,22,12,10,7,2,5,0,0,0,1,0,1,6,4,2,8,6,2,1,0,1
56789204,97,51,46,95,49,46,6,2,4,4,4,0,0,0,0,2,2,0,86,36,50,30,11,19,0,0,0,6,0,6,13,7,6,37,18,19,1,0,1
56789205,140,70,70,134,66,68,7,2,5,13,9,4,1,0,1,6,4,2,108,47,61,63,29,34,0,0,0,1,0,1,12,6,6,32,12,20,1,1,0
56789206,751,399,352,733,388,345,35,18,17,72,38,34,3,0,3,18,11,7,622,280,342,211,88,123,5,3,2,16,0,16,92,40,52,298,149,149,6,3,3
56789208,162,87,75,155,84,71,8,3,5,13,6,7,1,0,1,7,3,4,151,67,84,99,38,61,0,0,0,3,0,3,12,7,5,37,22,15,1,0,1
56789209,48,25,23,31,16,15,1,0,1,2,1,1,0,0,0,17,9,8,52,26,26,19,11,8,0,0,0,2,0,2,16,6,10,15,9,6,4,1,3
56789210,429,252,177,237,148,89,4,3,1,19,10,9,1,0,1,192,104,88,610,273,337,97,40,57,2,2,0,32,1,31,243,110,133,236,120,116,87,44,43
56789211,112,89,23,112,89,23,20,13,7,5,4,1,0,0,0,0,0,0,88,36,52,4,1,3,0,0,0,0,0,0,5,3,2,79,32,47,1,1,0
56789212,14,7,7,14,7,7,2,0,2,1,0,1,0,0,0,0,0,0,13,6,7,0,0,0,0,0,0,0,0,0,0,0,0,13,6,7,0,0,0
56789213,1005,531,474,966,512,454,68,29,39,90,52,38,17,0,17,39,19,20,701,284,417,290,109,181,1,1,0,39,1,38,155,74,81,216,99,117,27,16,11
56789215,90,50,40,76,44,32,4,2,2,8,5,3,0,0,0,14,6,8,111,51,60,50,22,28,1,1,0,7,0,7,28,15,13,25,13,12,8,7,1
56789216,202,114,88,181,105,76,12,6,6,18,11,7,0,0,0,21,9,12,112,50,62,53,18,35,2,2,0,6,1,5,25,14,11,26,15,11,7,3,4
56789217,2358,1230,1128,2212,1159,1053,168,76,92,280,139,141,18,1,17,146,71,75,1826,799,1027,765,295,470,1,1,0,71,1,70,342,166,176,647,336,311,66,34,32
56789218,19,11,8,17,9,8,1,1,0,1,1,0,0,0,0,2,2,0,14,8,6,4,2,2,0,0,0,0,0,0,0,0,0,10,6,4,0,0,0
56789219,94,54,40,91,52,39,9,5,4,10,7,3,1,0,1,3,2,1,76,31,45,37,16,21,0,0,0,2,0,2,14,4,10,23,11,12,0,0,0
56789220,694,355,339,676,346,330,33,14,19,96,43,53,6,0,6,18,9,9,570,253,317,220,86,134,1,0,1,29,0,29,121,64,57,199,103,96,16,6,10
56789221,856,434,422,804,413,391,19,8,11,81,33,48,10,0,10,52,21,31,610,228,382,329,114,215,1,0,1,24,1,23,94,49,45,162,64,98,8,6,2
56789222,63,37,26,60,34,26,1,0,1,7,6,1,1,0,1,3,3,0,52,24,28,25,13,12,0,0,0,2,0,2,10,3,7,15,8,7,1,0,1
56789224,388,213,175,363,197,166,15,5,10,37,16,21,1,0,1,25,16,9,364,157,207,173,63,110,0,0,0,15,0,15,54,25,29,122,69,53,3,1,2
56789225,104,53,51,96,50,46,4,3,1,14,7,7,0,0,0,8,3,5,84,29,55,47,19,28,0,0,0,3,0,3,10,3,7,24,7,17,1,0,1
56789226,942,486,456,899,462,437,44,19,25,106,52,54,4,0,4,43,24,19,932,380,552,564,214,350,2,1,1,32,0,32,111,57,54,223,108,115,23,15,8
56789227,1561,828,733,1465,780,685,125,61,64,148,75,73,10,0,10,96,48,48,1104,468,636,403,154,249,4,3,1,68,0,68,252,128,124,377,183,194,137,90,47
56789228,141,88,53,129,79,50,5,2,3,8,4,4,1,0,1,12,9,3,100,39,61,37,13,24,1,1,0,3,0,3,19,7,12,40,18,22,5,3,2
56789229,78,35,43,46,22,24,2,1,1,5,2,3,0,0,0,32,13,19,93,38,55,28,17,11,0,0,0,4,0,4,23,7,16,38,14,24,4,2,2
56789230,27,16,11,26,15,11,1,0,1,4,0,4,0,0,0,1,1,0,17,4,13,7,1,6,0,0,0,1,0,1,4,1,3,5,2,3,1,0,1
56789231,452,241,211,430,233,197,25,13,12,34,18,16,3,0,3,22,8,14,312,130,182,109,40,69,2,2,0,22,0,22,77,35,42,102,53,49,17,10,7
56789233,1825,960,865,1732,913,819,104,40,64,176,94,82,14,0,14,93,47,46,1736,724,1012,936,340,596,7,7,0,63,0,63,269,139,130,461,238,223,87,52,35
56789235,29,16,13,25,14,11,2,1,1,2,1,1,0,0,0,4,2,2,23,13,10,3,3,0,0,0,0,3,0,3,10,6,4,7,4,3,0,0,0
56789236,160,101,59,71,53,18,2,1,1,3,3,0,2,0,2,89,48,41,364,175,189,51,23,28,0,0,0,17,0,17,162,79,83,134,73,61,41,21,20
56789237,336,185,151,307,169,138,12,4,8,26,10,16,5,0,5,29,16,13,346,142,204,176,66,110,0,0,0,16,0,16,67,38,29,87,38,49,18,8,10
56789238,78,51,27,65,45,20,3,0,3,9,8,1,0,0,0,13,6,7,55,24,31,25,13,12,0,0,0,0,0,0,9,2,7,21,9,12,2,1,1
56789239,683,372,311,589,323,266,40,17,23,65,30,35,2,0,2,94,49,45,565,223,342,320,127,193,1,0,1,25,0,25,97,42,55,122,54,68,20,9,11
56789240,865,521,344,753,459,294,40,14,26,64,32,32,4,0,4,112,62,50,601,262,339,267,105,162,3,1,2,27,0,27,153,81,72,151,75,76,192,137,55
56789241,1921,946,975,1840,908,932,84,35,49,171,66,105,16,0,16,81,38,43,1667,684,983,872,307,565,2,1,1,58,1,57,255,136,119,480,239,241,52,22,30
56789242,471,250,221,448,241,207,30,11,19,48,26,22,2,0,2,23,9,14,466,201,265,268,100,168,3,3,0,13,0,13,46,22,24,136,76,60,6,2,4
56789243,136,75,61,128,69,59,6,4,2,16,6,10,1,0,1,8,6,2,128,60,68,59,25,34,0,0,0,5,0,5,17,9,8,47,26,21,2,2,0
56789244,575,293,282,562,284,278,40,16,24,65,25,40,5,0,5,13,9,4,544,231,313,313,126,187,4,1,3,21,0,21,77,39,38,129,65,64,20,10,10
50208101,1132,573,559,1065,542,523,36,12,24,95,40,55,9,0,9,67,31,36,778,316,462,317,118,199,0,0,0,44,1,43,177,78,99,240,119,121,29,19,10
50208102,734,385,349,502,270,232,15,5,10,61,25,36,1,0,1,232,115,117,1197,561,636,265,117,148,2,1,1,57,2,55,411,204,207,462,237,225,88,27,61
50208103,147,77,70,140,74,66,7,4,3,14,5,9,1,0,1,7,3,4,104,50,54,47,23,24,1,1,0,2,0,2,17,10,7,37,16,21,13,7,6
50208105,953,504,449,867,464,403,29,10,19,97,43,54,4,0,4,86,40,46,876,371,505,461,173,288,0,0,0,38,1,37,150,68,82,227,129,98,49,25,24
50208106,1907,1045,862,1706,943,763,66,32,34,197,96,101,14,0,14,201,102,99,1539,692,847,769,324,445,1,1,0,54,0,54,241,109,132,474,258,216,185,133,52
50208107,57,28,29,54,27,27,5,2,3,7,2,5,0,0,0,3,1,2,52,25,27,22,11,11,0,0,0,2,0,2,8,5,3,20,9,11,9,5,4
50208108,151,91,60,115,72,43,3,0,3,12,6,6,1,0,1,36,19,17,166,80,86,31,13,18,0,0,0,7,0,7,71,39,32,57,28,29,38,27,11
50208109,166,93,73,129,74,55,5,2,3,16,6,10,0,0,0,37,19,18,155,87,68,51,23,28,1,1,0,3,0,3,39,25,14,61,38,23,21,10,11
50208110,1329,720,609,1211,668,543,50,19,31,136,68,68,5,0,5,118,52,66,1157,475,682,583,217,366,2,2,0,49,0,49,204,100,104,319,156,163,55,35,20
50208113,3334,1750,1584,2928,1548,1380,89,39,50,344,160,184,26,0,26,406,202,204,3288,1435,1853,1327,552,775,9,5,4,162,0,162,729,355,374,1061,523,538,139,73,66
50208114,847,459,388,793,433,360,31,13,18,114,55,59,7,0,7,54,26,28,818,341,477,369,148,221,1,0,1,41,0,41,148,66,82,259,127,132,33,15,18
50208115,282,157,125,222,121,101,11,4,7,22,10,12,3,0,3,60,36,24,278,126,152,58,26,32,2,1,1,19,0,19,96,46,50,103,53,50,42,24,18
50129801,136,69,67,129,65,64,4,2,2,13,3,10,0,0,0,7,4,3,110,53,57,41,20,21,0,0,0,6,0,6,22,8,14,41,25,16,3,1,2
50129802,4205,2215,1990,3927,2056,1871,187,82,105,511,225,286,30,0,30,278,159,119,4533,1831,2702,2875,1074,1801,12,6,6,143,0,143,534,254,280,969,497,472,126,90,36
50129803,19,13,6,17,12,5,0,0,0,0,0,0,0,0,0,2,1,1,21,8,13,7,3,4,0,0,0,2,0,2,3,1,2,9,4,5,0,0,0
50129804,2759,1425,1334,2613,1347,1266,108,56,52,243,99,144,17,0,17,146,78,68,2122,884,1238,920,329,591,8,5,3,106,2,104,371,166,205,717,382,335,40,21,19
50129805,111,82,29,86,64,22,0,0,0,12,10,2,1,0,1,25,18,7,83,55,28,69,49,20,1,1,0,1,0,1,7,2,5,5,3,2,1,0,1
50129806,1692,876,816,1584,831,753,67,29,38,222,97,125,17,0,17,108,45,63,1914,786,1128,1116,398,718,5,3,2,65,1,64,243,136,107,485,248,237,46,25,21
50129807,43,22,21,43,22,21,0,0,0,3,2,1,0,0,0,0,0,0,40,15,25,17,5,12,0,0,0,0,0,0,9,3,6,14,7,7,0,0,0
50129808,175,100,75,168,97,71,7,2,5,23,13,10,0,0,0,7,3,4,173,78,95,65,32,33,1,1,0,7,0,7,30,13,17,70,32,38,3,0,3
50129809,232,119,113,218,112,106,15,10,5,15,7,8,1,0,1,14,7,7,206,88,118,91,34,57,1,0,1,10,0,10,31,18,13,73,36,37,3,1,2
50129810,20,9,11,20,9,11,0,0,0,9,4,5,0,0,0,0,0,0,12,6,6,4,3,1,0,0,0,1,0,1,3,1,2,4,2,2,0,0,0
50129811,84,47,37,82,47,35,5,4,1,6,4,2,0,0,0,2,0,2,53,22,31,17,8,9,0,0,0,3,0,3,9,5,4,24,9,15,0,0,0
1752420,0,0,0,0,0,0,0,0,0,0,0,0,0,0,0,0,0,0,0,0,0,0,0,0,0,0,0,0,0,0,0,0,0,0,0,0,0,0,0
3119360,0,0,0,0,0,0,0,0,0,0,0,0,0,0,0,0,0,0,0,0,0,0,0,0,0,0,0,0,0,0,0,0,0,0,0,0,0,0,0
3294950,0,0,0,0,0,0,0,0,0,0,0,0,0,0,0,0,0,0,0,0,0,0,0,0,0,0,0,0,0,0,0,0,0,0,0,0,0,0,0
50231601,684,378,306,663,369,294,34,20,14,87,48,39,3,0,3,21,9,12,618,271,347,324,133,191,4,2,2,25,0,25,88,43,45,177,93,84,6,3,3
50231602,73,42,31,71,42,29,5,3,2,11,8,3,0,0,0,2,0,2,56,24,32,30,14,16,0,0,0,0,0,0,8,2,6,18,8,10,0,0,0
50231603,86,44,42,84,44,40,4,2,2,12,4,8,0,0,0,2,0,2,93,43,50,58,28,30,1,0,1,2,0,2,6,3,3,26,12,14,0,0,0
50231604,268,147,121,255,140,115,10,2,8,27,17,10,1,0,1,13,7,6,233,108,125,110,52,58,0,0,0,9,0,9,31,16,15,83,40,43,2,1,1
50231605,42,25,17,38,23,15,0,0,0,4,2,2,0,0,0,4,2,2,47,21,26,22,10,12,0,0,0,2,0,2,9,2,7,14,9,5,0,0,0
50231606,448,229,219,423,218,205,26,13,13,44,25,19,7,0,7,25,11,14,379,175,204,178,78,100,0,0,0,14,1,13,61,28,33,126,68,58,6,2,4
50231607,10,5,5,10,5,5,1,1,0,1,0,1,0,0,0,0,0,0,10,4,6,4,2,2,0,0,0,0,0,0,3,0,3,3,2,1,0,0,0
50231608,137,75,62,122,63,59,10,4,6,11,5,6,0,0,0,15,12,3,131,60,71,67,28,39,0,0,0,3,0,3,19,12,7,42,20,22,7,4,3
50231609,1133,609,524,1038,557,481,53,22,31,137,73,64,2,0,2,95,52,43,1126,483,643,573,230,343,4,3,1,32,0,32,166,82,84,351,168,183,18,8,10
50231610,68,38,30,67,37,30,2,2,0,5,4,1,0,0,0,1,1,0,71,30,41,30,12,18,0,0,0,3,0,3,10,2,8,28,16,12,0,0,0
50231611,713,376,337,630,333,297,27,10,17,71,31,40,5,0,5,83,43,40,631,246,385,281,98,183,2,1,1,35,1,34,145,68,77,168,78,90,27,12,15
50231612,326,174,152,321,171,150,18,11,7,50,26,24,3,0,3,5,3,2,306,144,162,177,80,97,2,2,0,9,1,8,36,23,13,82,38,44,3,2,1
50231613,1188,635,553,1083,580,503,49,15,34,109,53,56,3,0,3,105,55,50,1221,528,693,638,262,376,4,3,1,40,0,40,224,110,114,315,153,162,52,24,28
50231614,74,43,31,61,35,26,1,0,1,8,5,3,0,0,0,13,8,5,97,50,47,22,10,12,0,0,0,9,0,9,32,15,17,34,25,9,3,3,0
50231615,947,494,453,872,457,415,32,18,14,131,56,75,9,0,9,75,37,38,944,393,551,507,190,317,3,2,1,37,1,36,154,76,78,243,124,119,16,10,6
50231616,17,14,3,11,9,2,0,0,0,1,1,0,0,0,0,6,5,1,6,2,4,2,1,1,0,0,0,0,0,0,3,0,3,1,1,0,2,0,2
50231617,657,376,281,580,331,249,21,7,14,46,17,29,6,0,6,77,45,32,511,250,261,178,80,98,2,1,1,21,1,20,117,64,53,193,104,89,92,60,32
55522301,35,23,12,34,23,11,0,0,0,4,4,0,0,0,0,1,0,1,34,14,20,22,9,13,0,0,0,1,0,1,7,2,5,4,3,1,0,0,0
55522302,82,44,38,78,41,37,3,1,2,11,6,5,0,0,0,4,3,1,60,28,32,14,6,8,0,0,0,6,0,6,15,11,4,25,11,14,2,0,2
55522303,26,14,12,25,14,11,1,0,1,1,1,0,1,0,1,1,0,1,25,12,13,10,5,5,0,0,0,2,0,2,5,5,0,8,2,6,0,0,0
55522304,60,34,26,58,34,24,2,2,0,5,4,1,0,0,0,2,0,2,50,25,25,14,7,7,0,0,0,3,0,3,13,6,7,20,12,8,0,0,0
55522305,186,93,93,174,86,88,6,2,4,23,10,13,1,0,1,12,7,5,148,66,82,59,24,35,1,1,0,2,0,2,15,7,8,71,34,37,7,5,2
55522306,50,27,23,48,26,22,1,0,1,2,1,1,0,0,0,2,1,1,36,14,22,9,2,7,0,0,0,2,0,2,9,4,5,16,8,8,0,0,0
56793101,282,160,122,265,152,113,15,3,12,30,15,15,0,0,0,17,8,9,255,115,140,136,59,77,0,0,0,6,0,6,33,17,16,80,39,41,2,1,1
56795701,106,62,44,104,62,42,3,2,1,14,8,6,3,0,3,2,0,2,100,43,57,37,15,22,0,0,0,10,0,10,22,8,14,31,20,11,0,0,0
56797301,17,11,6,16,10,6,0,0,0,1,1,0,0,0,0,1,1,0,22,10,12,18,10,8,0,0,0,0,0,0,1,0,1,3,0,3,0,0,0
56797302,15,8,7,15,8,7,1,1,0,1,1,0,0,0,0,0,0,0,15,6,9,8,3,5,0,0,0,1,0,1,1,0,1,5,3,2,0,0,0
56797304,19,10,9,18,10,8,1,0,1,2,2,0,0,0,0,1,0,1,12,4,8,6,2,4,0,0,0,1,0,1,2,1,1,3,1,2,0,0,0
56797305,67,39,28,63,37,26,0,0,0,5,1,4,0,0,0,4,2,2,67,31,36,34,18,16,0,0,0,4,0,4,11,5,6,18,8,10,4,4,0
56797306,40,23,17,37,21,16,0,0,0,2,1,1,0,0,0,3,2,1,44,19,25,20,8,12,0,0,0,1,0,1,6,3,3,17,8,9,1,1,0
56797307,14,9,5,13,8,5,0,0,0,1,1,0,0,0,0,1,1,0,22,10,12,13,7,6,0,0,0,0,0,0,5,2,3,4,1,3,1,0,1
56797308,21,11,10,19,9,10,0,0,0,3,3,0,0,0,0,2,2,0,14,2,12,7,1,6,0,0,0,1,0,1,2,1,1,4,0,4,0,0,0
1876310,0,0,0,0,0,0,0,0,0,0,0,0,0,0,0,0,0,0,0,0,0,0,0,0,0,0,0,0,0,0,0,0,0,0,0,0,0,0,0
56800701,1108,584,524,1020,545,475,44,21,23,89,52,37,5,0,5,88,39,49,1027,443,584,462,179,283,3,1,2,38,3,35,189,94,95,335,166,169,31,16,15
56800703,159,86,73,150,82,68,6,3,3,12,5,7,4,0,4,9,4,5,133,61,72,53,21,32,1,1,0,7,1,6,30,15,15,42,23,19,2,2,0
56801501,44,22,22,38,20,18,0,0,0,0,0,0,0,0,0,6,2,4,39,16,23,20,8,12,0,0,0,1,0,1,5,4,1,13,4,9,0,0,0
56801502,22,13,9,20,11,9,0,0,0,1,1,0,0,0,0,2,2,0,27,14,13,10,6,4,0,0,0,3,0,3,6,4,2,8,4,4,0,0,0
56801504,1818,977,841,1736,937,799,64,29,35,164,88,76,10,0,10,82,40,42,1572,654,918,771,293,478,5,2,3,64,1,63,260,116,144,472,242,230,53,34,19
56801505,200,114,86,197,113,84,12,8,4,18,10,8,0,0,0,3,1,2,152,66,86,32,11,21,0,0,0,10,0,10,25,12,13,85,43,42,3,1,2
56801506,126,66,60,121,64,57,6,2,4,14,8,6,0,0,0,5,2,3,113,47,66,63,28,35,0,0,0,4,0,4,14,6,8,32,13,19,2,1,1
56802301,48,30,18,47,29,18,1,0,1,4,2,2,0,0,0,1,1,0,39,21,18,20,10,10,0,0,0,0,0,0,2,2,0,17,9,8,10,4,6
56802302,285,155,130,276,150,126,17,13,4,29,20,9,2,0,2,9,5,4,199,75,124,73,26,47,0,0,0,10,0,10,37,14,23,79,35,44,4,1,3
56802303,53,30,23,51,29,22,2,1,1,6,2,4,0,0,0,2,1,1,35,13,22,11,5,6,0,0,0,1,0,1,8,3,5,15,5,10,0,0,0
56802304,15,8,7,15,8,7,1,0,1,1,1,0,1,0,1,0,0,0,12,8,4,2,1,1,0,0,0,1,0,1,4,3,1,5,4,1,0,0,0
56802305,13,8,5,12,7,5,0,0,0,2,0,2,0,0,0,1,1,0,10,4,6,0,0,0,0,0,0,2,0,2,4,2,2,4,2,2,0,0,0
56802306,67,41,26,64,39,25,0,0,0,5,2,3,0,0,0,3,2,1,70,26,44,16,8,8,0,0,0,6,0,6,16,6,10,32,12,20,0,0,0
56802307,24,16,8,23,15,8,2,2,0,1,1,0,0,0,0,1,1,0,10,4,6,6,2,4,0,0,0,0,0,0,1,0,1,3,2,1,0,0,0
56802308,41,23,18,39,22,17,2,1,1,5,3,2,1,0,1,2,1,1,46,21,25,17,7,10,0,0,0,2,0,2,11,5,6,16,9,7,0,0,0
56802309,43,25,18,42,24,18,1,0,1,3,2,1,0,0,0,1,1,0,46,25,21,15,6,9,0,0,0,2,0,2,6,5,1,23,14,9,0,0,0
56805801,53,30,23,50,29,21,1,0,1,6,4,2,0,0,0,3,1,2,40,21,19,22,10,12,0,0,0,0,0,0,6,4,2,12,7,5,0,0,0
56805802,17,9,8,16,9,7,0,0,0,3,1,2,0,0,0,1,0,1,10,5,5,3,1,2,0,0,0,0,0,0,1,1,0,6,3,3,0,0,0
56805803,866,469,397,816,448,368,29,13,16,71,38,33,6,0,6,50,21,29,749,344,405,358,163,195,0,0,0,27,0,27,120,61,59,244,120,124,13,9,4
56805804,28,14,14,25,12,13,2,1,1,2,2,0,0,0,0,3,2,1,27,16,11,12,7,5,1,1,0,0,0,0,3,2,1,11,6,5,1,0,1
56805805,17,8,9,15,7,8,0,0,0,4,1,3,0,0,0,2,1,1,13,8,5,5,3,2,0,0,0,0,0,0,1,1,0,7,4,3,0,0,0
56809102,69,39,30,64,36,28,1,0,1,10,4,6,1,0,1,5,3,2,61,28,33,34,15,19,0,0,0,4,0,4,13,6,7,10,7,3,1,1,0
56809103,182,97,85,175,93,82,2,2,0,13,6,7,1,0,1,7,4,3,179,82,97,96,43,53,0,0,0,10,0,10,28,15,13,45,24,21,4,3,1
56810402,57,28,29,54,27,27,3,2,1,6,3,3,0,0,0,3,1,2,58,29,29,28,14,14,0,0,0,0,0,0,4,2,2,26,13,13,0,0,0
56810403,201,112,89,195,107,88,9,3,6,22,13,9,1,0,1,6,5,1,158,75,83,61,24,37,0,0,0,8,0,8,26,13,13,63,38,25,7,6,1
56810404,12,6,6,12,6,6,0,0,0,2,1,1,0,0,0,0,0,0,13,8,5,8,4,4,0,0,0,0,0,0,1,0,1,4,4,0,0,0,0
56810405,21,10,11,19,8,11,1,1,0,2,0,2,0,0,0,2,2,0,20,9,11,7,6,1,0,0,0,1,0,1,5,1,4,7,2,5,0,0,0
56810406,46,26,20,45,25,20,2,0,2,4,2,2,0,0,0,1,1,0,39,22,17,22,13,9,0,0,0,1,0,1,4,3,1,12,6,6,2,1,1
56810407,13,8,5,13,8,5,1,1,0,0,0,0,0,0,0,0,0,0,11,8,3,4,3,1,0,0,0,0,0,0,0,0,0,7,5,2,0,0,0
56810408,48,29,19,47,29,18,1,1,0,2,2,0,0,0,0,1,0,1,34,19,15,22,10,12,0,0,0,0,0,0,1,0,1,11,9,2,0,0,0
56810409,22,11,11,20,11,9,0,0,0,0,0,0,0,0,0,2,0,2,21,10,11,10,4,6,0,0,0,0,0,0,4,2,2,7,4,3,1,0,1
56810410,39,23,16,39,23,16,2,0,2,1,0,1,0,0,0,0,0,0,28,11,17,10,5,5,0,0,0,0,0,0,6,3,3,12,3,9,0,0,0
56814701,93,60,33,86,56,30,0,0,0,10,7,3,1,0,1,7,4,3,59,24,35,31,14,17,0,0,0,4,0,4,10,4,6,14,6,8,1,1,0
56814704,378,208,170,362,201,161,13,6,7,28,14,14,0,0,0,16,7,9,322,154,168,103,51,52,6,3,3,22,1,21,75,42,33,116,57,59,26,13,13
56815501,21,12,9,21,12,9,2,2,0,0,0,0,0,0,0,0,0,0,11,7,4,9,6,3,0,0,0,0,0,0,1,0,1,1,1,0,1,0,1
56815502,38,19,19,37,18,19,3,1,2,3,2,1,0,0,0,1,1,0,37,16,21,20,9,11,0,0,0,1,0,1,3,2,1,13,5,8,0,0,0
56815503,14,9,5,13,8,5,1,0,1,2,2,0,0,0,0,1,1,0,10,2,8,2,0,2,0,0,0,1,0,1,2,1,1,5,1,4,0,0,0
56815504,329,180,149,308,170,138,19,8,11,31,17,14,1,0,1,21,10,11,294,126,168,146,54,92,0,0,0,15,1,14,47,22,25,86,49,37,5,5,0
56815507,17,9,8,17,9,8,0,0,0,2,1,1,0,0,0,0,0,0,18,8,10,10,5,5,0,0,0,1,0,1,2,2,0,5,1,4,1,1,0
56815508,626,341,285,596,324,272,23,11,12,48,24,24,7,0,7,30,17,13,579,262,317,304,133,171,1,0,1,20,0,20,81,48,33,173,81,92,13,10,3
56815509,17,11,6,16,11,5,0,0,0,2,1,1,0,0,0,1,0,1,17,10,7,10,5,5,0,0,0,0,0,0,2,2,0,5,3,2,0,0,0
56815510,28,16,12,26,16,10,1,1,0,2,1,1,0,0,0,2,0,2,21,11,10,11,5,6,0,0,0,1,0,1,2,1,1,7,5,2,1,1,0
56815511,56,26,30,51,24,27,1,1,0,8,4,4,0,0,0,5,2,3,56,29,27,22,11,11,0,0,0,3,0,3,17,10,7,14,8,6,5,1,4
0864360,0,0,0,0,0,0,0,0,0,0,0,0,0,0,0,0,0,0,0,0,0,0,0,0,0,0,0,0,0,0,0,0,0,0,0,0,0,0,0
1450250,0,0,0,0,0,0,0,0,0,0,0,0,0,0,0,0,0,0,0,0,0,0,0,0,0,0,0,0,0,0,0,0,0,0,0,0,0,0,0
56820101,162,86,76,160,85,75,8,3,5,14,9,5,0,0,0,2,1,1,126,52,74,53,18,35,1,0,1,6,0,6,19,10,9,47,24,23,3,2,1
56820102,25,13,12,24,12,12,1,0,1,4,2,2,0,0,0,1,1,0,21,10,11,5,2,3,0,0,0,0,0,0,5,5,0,11,3,8,0,0,0
56820103,57,27,30,54,26,28,2,0,2,3,1,2,0,0,0,3,1,2,37,17,20,22,11,11,0,0,0,0,0,0,4,3,1,11,3,8,0,0,0
56820104,71,35,36,68,33,35,2,1,1,9,4,5,1,0,1,3,2,1,58,20,38,27,10,17,0,0,0,5,0,5,11,3,8,15,7,8,0,0,0
56820105,50,34,16,49,33,16,3,0,3,6,4,2,0,0,0,1,1,0,27,11,16,12,6,6,0,0,0,2,0,2,6,3,3,7,2,5,0,0,0
56820106,244,136,108,221,125,96,6,3,3,20,11,9,0,0,0,23,11,12,207,98,109,89,38,51,0,0,0,10,0,10,30,16,14,78,44,34,8,5,3
56820107,76,47,29,70,42,28,1,1,0,9,3,6,0,0,0,6,5,1,72,36,36,41,17,24,0,0,0,2,1,1,6,3,3,23,15,8,0,0,0
56820108,84,46,38,80,45,35,3,1,2,4,1,3,0,0,0,4,1,3,62,30,32,23,9,14,0,0,0,2,0,2,9,6,3,28,15,13,1,0,1
56828701,75,39,36,73,39,34,3,0,3,3,3,0,0,0,0,2,0,2,61,24,37,21,8,13,0,0,0,4,1,3,10,5,5,26,10,16,1,1,0
56829501,40,23,17,38,23,15,1,1,0,4,2,2,1,0,1,2,0,2,34,14,20,14,7,7,0,0,0,1,0,1,6,3,3,13,4,9,1,0,1
56829503,14,11,3,13,10,3,1,1,0,1,1,0,0,0,0,1,1,0,11,7,4,7,4,3,0,0,0,0,0,0,0,0,0,4,3,1,0,0,0
56829504,102,59,43,96,56,40,2,1,1,12,5,7,0,0,0,6,3,3,89,34,55,39,11,28,1,1,0,2,0,2,15,6,9,32,16,16,6,5,1
56829505,165,90,75,160,87,73,11,6,5,13,6,7,0,0,0,5,3,2,137,64,73,68,29,39,0,0,0,2,0,2,20,11,9,47,24,23,3,2,1
56829506,55,32,23,52,30,22,2,0,2,9,6,3,1,0,1,3,2,1,32,18,14,18,9,9,0,0,0,0,0,0,2,1,1,12,8,4,0,0,0
56830902,12,8,4,11,8,3,0,0,0,2,0,2,0,0,0,1,0,1,14,9,5,4,3,1,0,0,0,2,0,2,4,3,1,4,3,1,1,0,1
56830903,13,8,5,12,8,4,0,0,0,1,1,0,0,0,0,1,0,1,12,4,8,1,0,1,0,0,0,2,0,2,5,2,3,4,2,2,0,0,0
56830904,531,277,254,513,268,245,27,13,14,69,35,34,3,0,3,18,9,9,392,206,186,143,67,76,1,1,0,15,1,14,58,32,26,175,105,70,13,9,4
56835001,212,109,103,204,105,99,8,4,4,21,10,11,3,0,3,8,4,4,196,95,101,86,39,47,1,1,0,7,0,7,28,13,15,74,42,32,0,0,0
56835002,141,77,64,137,76,61,8,4,4,7,2,5,2,0,2,4,1,3,105,47,58,40,15,25,1,1,0,3,0,3,14,8,6,47,23,24,4,2,2
56835003,123,65,58,117,62,55,3,0,3,11,3,8,0,0,0,6,3,3,110,52,58,37,19,18,0,0,0,5,0,5,25,8,17,43,25,18,1,1,0
56835004,705,368,337,664,347,317,31,18,13,65,32,33,3,0,3,41,21,20,704,291,413,368,131,237,0,0,0,26,0,26,80,46,34,230,114,116,15,9,6
56838401,31,18,13,29,16,13,3,2,1,4,2,2,0,0,0,2,2,0,32,14,18,18,8,10,0,0,0,1,0,1,3,1,2,10,5,5,0,0,0
56838402,83,43,40,77,39,38,2,0,2,7,4,3,0,0,0,6,4,2,83,37,46,47,19,28,0,0,0,4,0,4,8,6,2,24,12,12,1,1,0
51389001,92,48,44,89,47,42,1,1,0,10,3,7,1,0,1,3,1,2,76,36,40,39,20,19,0,0,0,3,0,3,10,3,7,24,13,11,0,0,0
51416101,52,27,25,49,27,22,0,0,0,7,3,4,0,0,0,3,0,3,41,18,23,18,8,10,0,0,0,1,0,1,6,2,4,16,8,8,2,1,1
51419501,12,6,6,11,6,5,0,0,0,2,2,0,0,0,0,1,0,1,14,7,7,4,2,2,0,0,0,0,0,0,1,1,0,9,4,5,0,0,0
51419502,48,27,21,46,26,20,2,1,1,8,4,4,0,0,0,2,1,1,44,23,21,24,13,11,0,0,0,2,0,2,4,3,1,14,7,7,0,0,0
51427601,220,125,95,210,122,88,7,2,5,12,7,5,5,0,5,10,3,7,188,86,102,70,28,42,0,0,0,8,0,8,42,21,21,68,37,31,9,6,3
53038701,47,28,19,45,28,17,0,0,0,4,3,1,0,0,0,2,0,2,43,16,27,8,4,4,0,0,0,5,0,5,14,6,8,16,6,10,0,0,0
53038702,87,46,41,87,46,41,3,2,1,8,3,5,0,0,0,0,0,0,79,31,48,31,13,18,1,0,1,3,0,3,19,7,12,25,11,14,1,1,0
54433701,119,66,53,112,62,50,7,4,3,14,7,7,0,0,0,7,4,3,99,55,44,40,19,21,0,0,0,6,0,6,21,13,8,32,23,9,2,1,1
54433702,75,44,31,75,44,31,0,0,0,6,4,2,0,0,0,0,0,0,62,29,33,26,11,15,0,0,0,3,0,3,10,3,7,23,15,8,2,2,0
54433703,17,8,9,16,8,8,1,1,0,1,1,0,0,0,0,1,0,1,13,5,8,5,2,3,0,0,0,1,0,1,2,1,1,5,2,3,0,0,0
54433704,19,10,9,19,10,9,1,1,0,3,2,1,1,0,1,0,0,0,22,10,12,11,5,6,0,0,0,2,0,2,6,3,3,3,2,1,0,0,0
54623201,73,41,32,73,41,32,1,1,0,12,7,5,1,0,1,0,0,0,72,34,38,34,14,20,0,0,0,2,0,2,11,6,5,25,14,11,1,0,1
54625901,21,11,10,19,11,8,0,0,0,3,1,2,0,0,0,2,0,2,19,9,10,13,5,8,0,0,0,0,0,0,1,1,0,5,3,2,0,0,0
54625902,107,60,47,104,59,45,2,0,2,18,5,13,0,0,0,3,1,2,80,37,43,37,16,21,0,0,0,4,0,4,16,10,6,23,11,12,1,0,1
54626701,14,10,4,13,9,4,0,0,0,5,4,1,0,0,0,1,1,0,13,3,10,7,1,6,0,0,0,1,0,1,3,1,2,2,1,1,1,1,0
54626702,12,7,5,10,6,4,0,0,0,2,1,1,0,0,0,2,1,1,10,6,4,10,6,4,0,0,0,0,0,0,0,0,0,0,0,0,0,0,0
54626703,21,12,9,19,11,8,0,0,0,4,3,1,0,0,0,2,1,1,27,11,16,22,8,14,0,0,0,0,0,0,1,1,0,4,2,2,0,0,0
54626704,91,61,30,78,56,22,0,0,0,10,8,2,0,0,0,13,5,8,97,45,52,42,17,25,0,0,0,6,0,6,16,7,9,33,21,12,1,1,0
54627501,76,45,31,72,44,28,2,0,2,11,8,3,0,0,0,4,1,3,67,31,36,30,17,13,0,0,0,5,0,5,14,4,10,18,10,8,1,0,1
54628301,148,77,71,146,76,70,4,2,2,20,10,10,2,0,2,2,1,1,88,44,44,32,16,16,0,0,0,3,0,3,13,9,4,40,19,21,2,2,0
54628302,13,8,5,12,7,5,0,0,0,0,0,0,1,0,1,1,1,0,8,2,6,4,1,3,0,0,0,0,0,0,2,0,2,2,1,1,0,0,0
55363801,103,60,43,96,57,39,2,1,1,7,3,4,1,0,1,7,3,4,90,45,45,24,11,13,1,0,1,6,0,6,22,13,9,37,21,16,5,2,3
0214660,0,0,0,0,0,0,0,0,0,0,0,0,0,0,0,0,0,0,0,0,0,0,0,0,0,0,0,0,0,0,0,0,0,0,0,0,0,0,0
0214820,0,0,0,0,0,0,0,0,0,0,0,0,0,0,0,0,0,0,0,0,0,0,0,0,0,0,0,0,0,0,0,0,0,0,0,0,0,0,0
0215120,0,0,0,0,0,0,0,0,0,0,0,0,0,0,0,0,0,0,0,0,0,0,0,0,0,0,0,0,0,0,0,0,0,0,0,0,0,0,0
3025890,0,0,0,0,0,0,0,0,0,0,0,0,0,0,0,0,0,0,0,0,0,0,0,0,0,0,0,0,0,0,0,0,0,0,0,0,0,0,0
3025970,0,0,0,0,0,0,0,0,0,0,0,0,0,0,0,0,0,0,0,0,0,0,0,0,0,0,0,0,0,0,0,0,0,0,0,0,0,0,0
3026010,0,0,0,0,0,0,0,0,0,0,0,0,0,0,0,0,0,0,0,0,0,0,0,0,0,0,0,0,0,0,0,0,0,0,0,0,0,0,0
3026190,0,0,0,0,0,0,0,0,0,0,0,0,0,0,0,0,0,0,0,0,0,0,0,0,0,0,0,0,0,0,0,0,0,0,0,0,0,0,0
3026270,0,0,0,0,0,0,0,0,0,0,0,0,0,0,0,0,0,0,0,0,0,0,0,0,0,0,0,0,0,0,0,0,0,0,0,0,0,0,0
56138002,190,102,88,187,100,87,2,1,1,22,12,10,2,0,2,3,2,1,139,66,73,60,24,36,0,0,0,6,0,6,24,11,13,49,31,18,2,1,1
56138004,183,113,70,163,102,61,6,3,3,19,9,10,0,0,0,20,11,9,165,77,88,82,36,46,0,0,0,7,0,7,25,16,9,51,25,26,6,2,4
56138005,31,20,11,30,19,11,1,0,1,1,1,0,0,0,0,1,1,0,22,10,12,9,2,7,0,0,0,2,0,2,6,3,3,5,5,0,0,0,0
56138006,321,176,145,312,171,141,12,6,6,35,16,19,2,0,2,9,5,4,230,99,131,102,44,58,0,0,0,14,0,14,36,22,14,78,33,45,0,0,0
56138007,152,72,80,149,72,77,10,4,6,18,11,7,0,0,0,3,0,3,106,42,64,45,16,29,0,0,0,3,0,3,16,5,11,42,21,21,0,0,0
56138008,56,31,25,53,30,23,1,1,0,4,3,1,0,0,0,3,1,2,52,18,34,25,8,17,0,0,0,2,0,2,4,3,1,21,7,14,1,0,1
56138009,198,103,95,189,99,90,2,0,2,35,11,24,2,0,2,9,4,5,182,86,96,73,35,38,2,1,1,4,0,4,29,14,15,74,36,38,3,1,2
56138010,51,24,27,48,23,25,1,0,1,7,3,4,0,0,0,3,1,2,37,18,19,18,9,9,0,0,0,0,0,0,3,2,1,16,7,9,2,1,1
56138011,45,23,22,45,23,22,1,1,0,1,1,0,0,0,0,0,0,0,23,11,12,9,3,6,0,0,0,1,0,1,5,4,1,8,4,4,0,0,0
56138012,45,25,20,40,24,16,2,1,1,4,2,2,0,0,0,5,1,4,38,16,22,14,5,9,0,0,0,4,0,4,8,5,3,12,6,6,0,0,0
56138013,23,13,10,22,13,9,0,0,0,4,4,0,0,0,0,1,0,1,17,5,12,12,5,7,0,0,0,1,0,1,1,0,1,3,0,3,0,0,0
56138014,52,28,24,46,24,22,0,0,0,5,4,1,1,0,1,6,4,2,42,20,22,20,7,13,0,0,0,2,0,2,8,5,3,12,8,4,1,1,0
56138015,12,4,8,12,4,8,1,1,0,4,1,3,0,0,0,0,0,0,15,8,7,12,8,4,0,0,0,0,0,0,1,0,1,2,0,2,1,0,1
56138016,66,35,31,66,35,31,2,0,2,4,1,3,0,0,0,0,0,0,63,27,36,26,12,14,0,0,0,5,0,5,11,5,6,21,10,11,0,0,0
56138017,160,88,72,156,85,71,5,2,3,14,9,5,1,0,1,4,3,1,129,65,64,50,23,27,3,2,1,3,0,3,19,11,8,54,29,25,1,0,1
56138019,1639,893,746,1557,863,694,33,12,21,201,86,115,18,0,18,82,30,52,1472,602,870,559,208,351,3,2,1,96,0,96,315,148,167,499,244,255,52,24,28
56138021,67,48,19,66,47,19,0,0,0,2,1,1,0,0,0,1,1,0,4,2,2,3,1,2,0,0,0,0,0,0,0,0,0,1,1,0,2,1,1
56138022,49,31,18,40,28,12,0,0,0,5,2,3,0,0,0,9,3,6,58,29,29,24,10,14,1,0,1,3,0,3,14,9,5,16,10,6,5,2,3
56138023,853,441,412,838,436,402,31,14,17,125,63,62,2,0,2,15,5,10,813,348,465,419,176,243,3,1,2,26,1,25,108,57,51,257,113,144,8,4,4
56138024,1189,602,587,1141,579,562,46,18,28,131,55,76,10,0,10,48,23,25,1270,534,736,699,262,437,3,2,1,53,0,53,179,94,85,336,176,160,36,21,15
56138025,199,107,92,191,104,87,9,8,1,25,13,12,0,0,0,8,3,5,166,79,87,98,46,52,0,0,0,6,0,6,19,7,12,43,26,17,2,1,1
56138026,830,462,368,789,448,341,18,6,12,97,47,50,10,0,10,41,14,27,738,306,432,411,164,247,2,1,1,31,1,30,121,59,62,173,81,92,29,21,8
56138027,118,81,37,109,75,34,1,1,0,6,3,3,1,0,1,9,6,3,77,34,43,31,13,18,1,1,0,3,0,3,18,8,10,24,12,12,5,4,1
56138028,227,118,109,210,106,104,5,4,1,37,19,18,0,0,0,17,12,5,226,109,117,118,55,63,0,0,0,7,0,7,35,19,16,66,35,31,3,3,0
56138029,191,103,88,179,99,80,9,3,6,21,8,13,1,0,1,12,4,8,205,97,108,102,40,62,0,0,0,6,0,6,41,26,15,56,31,25,5,3,2
56138030,749,393,356,719,380,339,22,10,12,68,28,40,5,0,5,30,13,17,566,247,319,267,108,159,2,1,1,24,0,24,95,41,54,178,97,81,10,9,1
56138031,26,16,10,26,16,10,3,3,0,4,4,0,2,0,2,0,0,0,71,23,48,59,17,42,0,0,0,1,0,1,7,4,3,4,2,2,1,0,1
56138032,1940,1010,930,1861,976,885,61,22,39,194,85,109,12,0,12,79,34,45,1610,703,907,702,289,413,4,3,1,92,0,92,287,145,142,525,266,259,36,17,19
56138033,444,228,216,425,221,204,9,3,6,51,22,29,3,0,3,19,7,12,357,144,213,184,63,121,1,0,1,18,0,18,65,35,30,89,46,43,17,11,6
56138034,982,603,379,899,545,354,29,14,15,116,58,58,3,0,3,83,58,25,630,289,341,235,116,119,3,2,1,28,0,28,148,72,76,216,99,117,241,176,65
56138035,274,161,113,234,146,88,9,1,8,23,12,11,1,0,1,40,15,25,418,180,238,130,56,74,0,0,0,24,1,23,120,55,65,144,68,76,28,9,19
56138036,681,355,326,635,331,304,14,3,11,71,25,46,5,0,5,46,24,22,618,266,352,281,116,165,2,2,0,26,0,26,114,51,63,195,97,98,19,5,14
56138037,905,488,417,849,458,391,30,9,21,112,63,49,7,0,7,56,30,26,873,388,485,462,199,263,4,3,1,33,0,33,113,68,45,261,118,143,23,13,10
56138038,2712,1428,1284,2606,1385,1221,71,37,34,274,118,156,18,0,18,106,43,63,1920,811,1109,735,279,456,4,1,3,121,0,121,433,200,233,627,331,296,54,23,31
56138039,1081,571,510,1033,540,493,38,13,25,143,68,75,7,0,7,48,31,17,1204,477,727,739,259,480,1,1,0,31,0,31,137,63,74,296,154,142,32,20,12
56138040,2276,1196,1080,2191,1161,1030,58,25,33,187,89,98,19,0,19,85,35,50,1636,665,971,662,219,443,4,3,1,79,1,78,314,151,163,577,291,286,56,30,26
56139801,185,102,83,172,94,78,7,4,3,14,8,6,0,0,0,13,8,5,170,74,96,96,39,57,0,0,0,6,0,6,19,7,12,49,28,21,3,2,1
56140102,26,13,13,26,13,13,0,0,0,8,2,6,0,0,0,0,0,0,39,19,20,29,16,13,0,0,0,0,0,0,1,0,1,9,3,6,1,0,1
56140105,7,5,2,7,5,2,0,0,0,1,0,1,0,0,0,0,0,0,14,5,9,8,3,5,0,0,0,0,0,0,1,0,1,5,2,3,1,1,0
56140106,22,15,7,20,14,6,0,0,0,5,3,2,0,0,0,2,1,1,26,14,12,10,6,4,0,0,0,2,0,2,7,3,4,7,5,2,2,1,1
56141001,211,124,87,197,117,80,4,2,2,22,11,11,2,0,2,14,7,7,194,79,115,94,40,54,0,0,0,7,0,7,29,13,16,64,26,38,10,8,2
56141003,28,20,8,26,18,8,1,0,1,4,4,0,0,0,0,2,2,0,27,12,15,21,9,12,0,0,0,1,0,1,1,1,0,4,2,2,1,1,0
56141004,50,25,25,48,23,25,0,0,0,5,2,3,0,0,0,2,2,0,66,31,35,21,11,10,0,0,0,3,0,3,15,8,7,27,12,15,2,1,1
56142801,124,70,54,119,69,50,0,0,0,13,5,8,1,0,1,5,1,4,107,46,61,31,12,19,1,0,1,6,0,6,25,14,11,44,20,24,3,2,1
56144401,236,146,90,229,140,89,4,2,2,20,13,7,1,0,1,7,6,1,228,97,131,103,40,63,0,0,0,13,0,13,35,18,17,77,39,38,7,7,0
56144402,108,63,45,105,60,45,2,0,2,12,8,4,0,0,0,3,3,0,97,33,64,41,14,27,0,0,0,6,0,6,16,6,10,34,13,21,2,2,0
56144403,54,31,23,53,30,23,1,0,1,5,3,2,0,0,0,1,1,0,54,25,29,23,9,14,0,0,0,2,0,2,9,6,3,20,10,10,0,0,0
56144404,53,30,23,50,28,22,0,0,0,5,3,2,0,0,0,3,2,1,57,26,31,32,15,17,0,0,0,1,0,1,9,4,5,15,7,8,1,0,1
56144405,30,19,11,29,18,11,0,0,0,5,3,2,0,0,0,1,1,0,28,15,13,10,6,4,0,0,0,2,0,2,9,5,4,7,4,3,0,0,0
56144406,192,106,86,188,105,83,2,0,2,24,15,9,1,0,1,4,1,3,177,81,96,83,38,45,1,0,1,6,0,6,32,17,15,55,26,29,1,0,1
0838442,0,0,0,0,0,0,0,0,0,0,0,0,0,0,0,0,0,0,0,0,0,0,0,0,0,0,0,0,0,0,0,0,0,0,0,0,0,0,0
56147901,93,53,40,91,52,39,2,1,1,8,4,4,1,0,1,2,1,1,92,34,58,44,13,31,0,0,0,6,0,6,17,10,7,25,11,14,0,0,0
56147902,15,7,8,15,7,8,0,0,0,1,1,0,0,0,0,0,0,0,21,15,6,9,5,4,0,0,0,0,0,0,1,1,0,11,9,2,1,1,0
56147903,22,13,9,22,13,9,1,1,0,2,0,2,0,0,0,0,0,0,15,7,8,11,5,6,0,0,0,0,0,0,0,0,0,4,2,2,0,0,0
56147904,199,121,78,187,114,73,3,1,2,22,16,6,1,0,1,12,7,5,184,78,106,88,33,55,2,0,2,8,0,8,34,20,14,52,25,27,3,2,1
56147905,10,5,5,8,4,4,0,0,0,2,1,1,0,0,0,2,1,1,11,5,6,5,1,4,0,0,0,0,0,0,2,0,2,4,4,0,0,0,0
56147906,517,294,223,474,267,207,6,0,6,43,21,22,3,0,3,43,27,16,448,184,264,202,82,120,1,1,0,27,1,26,89,40,49,129,60,69,27,18,9
56147907,1331,722,609,1231,673,558,37,16,21,146,76,70,7,0,7,100,49,51,1318,575,743,679,271,408,5,5,0,59,0,59,224,120,104,351,179,172,27,17,10
3093540,0,0,0,0,0,0,0,0,0,0,0,0,0,0,0,0,0,0,0,0,0,0,0,0,0,0,0,0,0,0,0,0,0,0,0,0,0,0,0
3094010,0,0,0,0,0,0,0,0,0,0,0,0,0,0,0,0,0,0,0,0,0,0,0,0,0,0,0,0,0,0,0,0,0,0,0,0,0,0,0
3094190,0,0,0,0,0,0,0,0,0,0,0,0,0,0,0,0,0,0,0,0,0,0,0,0,0,0,0,0,0,0,0,0,0,0,0,0,0,0,0
3094270,0,0,0,0,0,0,0,0,0,0,0,0,0,0,0,0,0,0,0,0,0,0,0,0,0,0,0,0,0,0,0,0,0,0,0,0,0,0,0
3094430,0,0,0,0,0,0,0,0,0,0,0,0,0,0,0,0,0,0,0,0,0,0,0,0,0,0,0,0,0,0,0,0,0,0,0,0,0,0,0
56149502,33,15,18,32,14,18,1,1,0,3,1,2,0,0,0,1,1,0,32,14,18,21,10,11,1,0,1,0,0,0,1,1,0,9,3,6,0,0,0
56149503,256,149,107,239,135,104,4,2,2,40,19,21,3,0,3,17,14,3,236,117,119,143,68,75,3,1,2,6,0,6,30,15,15,54,33,21,4,1,3
56149504,8,5,3,6,5,1,0,0,0,1,1,0,0,0,0,2,0,2,22,10,12,9,4,5,0,0,0,4,0,4,5,2,3,4,4,0,0,0,0
56149505,122,64,58,118,64,54,4,1,3,17,9,8,1,0,1,4,0,4,95,46,49,43,22,21,0,0,0,5,0,5,18,8,10,29,16,13,2,1,1
56149506,77,41,36,73,40,33,3,1,2,3,1,2,0,0,0,4,1,3,67,30,37,32,16,16,0,0,0,3,0,3,14,5,9,18,9,9,1,1,0
56149507,25,16,9,24,15,9,0,0,0,3,2,1,1,0,1,1,1,0,31,13,18,21,9,12,0,0,0,1,0,1,5,2,3,4,2,2,0,0,0
56149509,44,21,23,39,18,21,1,0,1,6,3,3,0,0,0,5,3,2,55,26,29,26,11,15,0,0,0,4,1,3,9,5,4,16,9,7,0,0,0
56149510,312,165,147,297,159,138,12,4,8,35,19,16,1,0,1,15,6,9,277,128,149,162,66,96,0,0,0,8,0,8,25,13,12,82,49,33,4,0,4
56149511,217,122,95,200,112,88,5,2,3,17,9,8,0,0,0,17,10,7,266,111,155,150,54,96,0,0,0,12,0,12,43,21,22,61,36,25,1,0,1
56149512,241,132,109,222,122,100,8,2,6,16,11,5,1,0,1,19,10,9,220,95,125,102,41,61,1,1,0,14,0,14,39,18,21,64,35,29,5,3,2
56149514,414,217,197,402,211,191,13,8,5,47,20,27,3,0,3,12,6,6,431,176,255,230,97,133,1,0,1,17,0,17,66,32,34,117,47,70,4,2,2
56149515,18,11,7,17,11,6,0,0,0,2,0,2,0,0,0,1,0,1,24,8,16,8,2,6,0,0,0,2,0,2,5,2,3,9,4,5,0,0,0
56149516,308,182,126,278,167,111,6,2,4,19,11,8,1,0,1,30,15,15,219,103,116,62,26,36,1,0,1,15,0,15,50,31,19,91,46,45,34,22,12
56149518,34,20,14,33,19,14,0,0,0,3,2,1,1,0,1,1,1,0,28,15,13,16,7,9,0,0,0,0,0,0,1,0,1,11,8,3,1,0,1
56149519,464,251,213,444,246,198,9,6,3,49,24,25,2,0,2,20,5,15,531,199,332,317,102,215,0,0,0,20,0,20,62,35,27,132,62,70,14,8,6
56153301,71,42,29,68,41,27,1,0,1,6,4,2,2,0,2,3,1,2,37,15,22,24,10,14,0,0,0,1,0,1,6,3,3,6,2,4,0,0,0
56153302,5,3,2,5,3,2,0,0,0,0,0,0,0,0,0,0,0,0,16,8,8,9,3,6,0,0,0,0,0,0,1,1,0,6,4,2,0,0,0
56153304,533,301,232,505,291,214,14,5,9,58,34,24,2,0,2,28,10,18,577,235,342,293,118,175,1,1,0,34,0,34,103,51,52,146,65,81,27,17,10
56153305,10,5,5,9,5,4,2,0,2,2,1,1,0,0,0,1,0,1,17,9,8,11,7,4,0,0,0,0,0,0,1,0,1,5,2,3,1,0,1
56153306,18,10,8,18,10,8,1,1,0,0,0,0,0,0,0,0,0,0,17,9,8,9,3,6,0,0,0,0,0,0,3,2,1,5,4,1,0,0,0
56153307,14,9,5,14,9,5,0,0,0,1,0,1,0,0,0,0,0,0,16,8,8,9,4,5,0,0,0,0,0,0,3,2,1,4,2,2,0,0,0
56153308,14,9,5,13,9,4,0,0,0,0,0,0,0,0,0,1,0,1,23,12,11,6,4,2,0,0,0,1,0,1,5,2,3,11,6,5,0,0,0
56153311,11,7,4,10,6,4,0,0,0,1,0,1,0,0,0,1,1,0,15,8,7,9,4,5,0,0,0,0,0,0,1,0,1,5,4,1,0,0,0
56153312,11,7,4,11,7,4,1,1,0,1,1,0,0,0,0,0,0,0,20,9,11,10,4,6,0,0,0,1,0,1,4,2,2,5,3,2,0,0,0
56153315,33,19,14,32,19,13,1,1,0,2,1,1,0,0,0,1,0,1,67,30,37,26,7,19,0,0,0,0,0,0,12,6,6,29,17,12,2,2,0
56153316,46,24,22,41,21,20,0,0,0,6,4,2,0,0,0,5,3,2,39,21,18,15,8,7,0,0,0,2,0,2,4,2,2,18,11,7,0,0,0
56153318,22,10,12,20,10,10,3,2,1,3,1,2,1,0,1,2,0,2,18,11,7,11,5,6,0,0,0,0,0,0,2,2,0,5,4,1,1,1,0
56154101,333,193,140,323,187,136,9,4,5,35,20,15,2,0,2,10,6,4,285,137,148,131,58,73,0,0,0,5,0,5,37,18,19,112,61,51,9,3,6
56158401,242,140,102,228,132,96,5,1,4,19,11,8,2,0,2,14,8,6,201,90,111,77,31,46,1,0,1,11,0,11,45,19,26,67,40,27,7,5,2
56158403,27,14,13,26,14,12,0,0,0,2,1,1,1,0,1,1,0,1,23,7,16,14,6,8,0,0,0,0,0,0,3,0,3,6,1,5,1,1,0
56158405,11,4,7,11,4,7,0,0,0,1,0,1,0,0,0,0,0,0,20,11,9,11,5,6,0,0,0,0,0,0,0,0,0,9,6,3,0,0,0
56158407,13,7,6,13,7,6,1,0,1,4,2,2,0,0,0,0,0,0,12,6,6,7,3,4,0,0,0,0,0,0,1,0,1,4,3,1,1,0,1
56159201,458,247,211,447,240,207,18,6,12,35,22,13,1,0,1,11,7,4,343,167,176,111,48,63,3,2,1,14,1,13,56,30,26,159,86,73,7,3,4
0438263,0,0,0,0,0,0,0,0,0,0,0,0,0,0,0,0,0,0,0,0,0,0,0,0,0,0,0,0,0,0,0,0,0,0,0,0,0,0,0
56160601,344,191,153,334,187,147,9,4,5,32,16,16,1,0,1,10,4,6,301,139,162,138,59,79,1,0,1,15,0,15,49,26,23,98,54,44,4,3,1
56160602,32,18,14,32,18,14,5,2,3,3,3,0,0,0,0,0,0,0,31,15,16,17,8,9,0,0,0,1,0,1,3,1,2,10,6,4,0,0,0
56161401,19,10,9,17,10,7,0,0,0,3,2,1,1,0,1,2,0,2,26,13,13,19,9,10,0,0,0,0,0,0,3,2,1,4,2,2,1,1,0
56161402,115,71,44,108,69,39,2,1,1,13,7,6,3,0,3,7,2,5,101,46,55,48,20,28,0,0,0,4,0,4,15,8,7,34,18,16,5,2,3
56162201,97,51,46,92,47,45,2,2,0,16,8,8,0,0,0,5,4,1,78,29,49,33,11,22,1,1,0,2,0,2,7,3,4,35,14,21,0,0,0
56166501,325,190,135,311,185,126,6,3,3,22,15,7,2,0,2,14,5,9,306,130,176,148,50,98,0,0,0,9,0,9,47,21,26,102,59,43,10,6,4
56166502,19,14,5,18,13,5,0,0,0,1,1,0,1,0,1,1,1,0,27,11,16,20,8,12,0,0,0,1,0,1,3,2,1,3,1,2,0,0,0
56166503,40,24,16,38,23,15,1,0,1,5,4,1,0,0,0,2,1,1,40,13,27,17,6,11,0,0,0,2,0,2,13,3,10,8,4,4,0,0,0
56168101,1620,902,718,1519,857,662,39,11,28,161,83,78,12,0,12,101,45,56,1712,758,954,860,363,497,6,5,1,77,1,76,279,140,139,490,249,241,57,37,20
56168102,207,116,91,196,113,83,8,1,7,21,12,9,2,0,2,11,3,8,196,94,102,85,38,47,1,0,1,6,0,6,36,21,15,68,35,33,4,2,2
56172001,59,33,26,55,31,24,0,0,0,4,3,1,1,0,1,4,2,2,51,21,30,16,7,9,1,1,0,3,0,3,12,6,6,19,7,12,0,0,0
56172002,263,156,107,250,154,96,7,1,6,34,17,17,2,0,2,13,2,11,250,111,139,132,49,83,1,1,0,14,0,14,38,19,19,65,42,23,9,5,4
56172003,22,11,11,22,11,11,0,0,0,1,0,1,0,0,0,0,0,0,17,9,8,8,4,4,0,0,0,0,0,0,4,1,3,5,4,1,0,0,0
56172004,12,8,4,11,8,3,0,0,0,0,0,0,0,0,0,1,0,1,16,4,12,12,4,8,1,0,1,1,0,1,1,0,1,1,0,1,0,0,0
56172005,17,9,8,17,9,8,0,0,0,4,2,2,0,0,0,0,0,0,15,7,8,6,3,3,0,0,0,2,0,2,3,3,0,4,1,3,0,0,0
56172006,15,7,8,15,7,8,0,0,0,2,1,1,0,0,0,0,0,0,21,11,10,6,3,3,0,0,0,2,0,2,6,4,2,7,4,3,0,0,0
56173801,64,35,29,61,33,28,5,2,3,13,9,4,0,0,0,3,2,1,99,45,54,36,17,19,0,0,0,3,0,3,20,11,9,40,17,23,0,0,0
56173803,14,10,4,13,9,4,0,0,0,4,2,2,0,0,0,1,1,0,25,10,15,21,10,11,0,0,0,1,0,1,3,0,3,0,0,0,0,0,0
56174601,303,171,132,281,162,119,14,2,12,27,16,11,2,0,2,22,9,13,291,126,165,136,59,77,0,0,0,13,0,13,42,23,19,100,44,56,4,2,2
56182701,24,12,12,22,11,11,0,0,0,3,0,3,1,0,1,2,1,1,36,19,17,26,17,9,0,0,0,0,0,0,6,1,5,4,1,3,5,2,3
56182702,18,11,7,17,11,6,0,0,0,4,2,2,0,0,0,1,0,1,15,8,7,14,7,7,0,0,0,0,0,0,1,1,0,0,0,0,1,1,0
56182704,82,44,38,75,40,35,3,2,1,17,7,10,0,0,0,7,4,3,101,36,65,62,25,37,0,0,0,5,0,5,12,5,7,22,6,16,4,3,1
56182705,16,11,5,16,11,5,0,0,0,4,2,2,0,0,0,0,0,0,20,11,9,13,7,6,0,0,0,1,0,1,1,1,0,5,3,2,0,0,0
3095670,0,0,0,0,0,0,0,0,0,0,0,0,0,0,0,0,0,0,0,0,0,0,0,0,0,0,0,0,0,0,0,0,0,0,0,0,0,0,0
56183502,64,36,28,59,33,26,4,1,3,6,1,5,0,0,0,5,3,2,52,18,34,22,8,14,0,0,0,3,0,3,9,5,4,18,5,13,0,0,0
56183503,185,91,94,181,90,91,8,2,6,20,8,12,0,0,0,4,1,3,178,84,94,87,36,51,1,1,0,8,0,8,19,10,9,63,37,26,1,0,1
56183505,277,150,127,267,147,120,5,1,4,41,16,25,2,0,2,10,3,7,323,138,185,196,77,119,0,0,0,12,0,12,44,22,22,71,39,32,7,4,3
56183507,830,457,373,796,441,355,30,17,13,98,52,46,6,0,6,34,16,18,826,326,500,481,175,306,0,0,0,31,2,29,124,56,68,190,93,97,28,16,12
56183508,341,196,145,325,185,140,6,1,5,29,15,14,3,0,3,16,11,5,347,153,194,173,72,101,1,1,0,14,0,14,60,34,26,99,46,53,8,5,3
56183509,121,65,56,114,62,52,2,1,1,10,6,4,2,0,2,7,3,4,110,47,63,36,16,20,0,0,0,3,0,3,23,11,12,48,20,28,6,4,2
56183511,46,28,18,40,24,16,0,0,0,6,4,2,0,0,0,6,4,2,44,20,24,26,10,16,0,0,0,1,0,1,5,3,2,12,7,5,1,1,0
56183512,264,164,100,237,144,93,7,3,4,18,9,9,0,0,0,27,20,7,162,75,87,52,25,27,1,1,0,9,0,9,35,18,17,65,31,34,43,29,14
56183515,546,297,249,529,292,237,19,10,9,61,31,30,8,0,8,17,5,12,518,229,289,246,98,148,1,1,0,32,1,31,94,51,43,145,78,67,17,11,6
56183516,91,47,44,85,44,41,2,1,1,8,2,6,1,0,1,6,3,3,57,22,35,21,9,12,0,0,0,2,0,2,14,4,10,20,9,11,3,2,1
56183517,34,23,11,30,19,11,3,1,2,1,1,0,0,0,0,4,4,0,35,15,20,13,7,6,0,0,0,1,0,1,2,1,1,19,7,12,0,0,0
56183518,251,147,104,244,144,100,10,5,5,47,26,21,0,0,0,7,3,4,251,111,140,128,56,72,2,1,1,10,0,10,38,18,20,73,36,37,9,7,2
56183519,8,6,2,7,5,2,0,0,0,1,1,0,0,0,0,1,1,0,17,7,10,7,2,5,0,0,0,1,0,1,1,1,0,8,4,4,0,0,0
3316940,0,0,0,0,0,0,0,0,0,0,0,0,0,0,0,0,0,0,0,0,0,0,0,0,0,0,0,0,0,0,0,0,0,0,0,0,0,0,0
56185101,143,80,63,139,78,61,4,4,0,16,7,9,0,0,0,4,2,2,148,64,84,80,33,47,1,0,1,6,0,6,17,9,8,44,22,22,6,4,2
3027160,0,0,0,0,0,0,0,0,0,0,0,0,0,0,0,0,0,0,0,0,0,0,0,0,0,0,0,0,0,0,0,0,0,0,0,0,0,0,0
3027590,0,0,0,0,0,0,0,0,0,0,0,0,0,0,0,0,0,0,0,0,0,0,0,0,0,0,0,0,0,0,0,0,0,0,0,0,0,0,0
3370640,0,0,0,0,0,0,0,0,0,0,0,0,0,0,0,0,0,0,0,0,0,0,0,0,0,0,0,0,0,0,0,0,0,0,0,0,0,0,0
56186001,32,16,16,32,16,16,0,0,0,2,1,1,1,0,1,0,0,0,32,14,18,13,5,8,0,0,0,1,0,1,4,3,1,14,6,8,1,0,1
56186002,62,31,31,60,29,31,2,0,2,4,1,3,2,0,2,2,2,0,55,22,33,28,11,17,0,0,0,3,0,3,11,5,6,13,6,7,0,0,0
56186003,210,104,106,191,94,97,5,1,4,30,13,17,1,0,1,19,10,9,164,81,83,66,30,36,2,2,0,2,0,2,29,17,12,65,32,33,1,0,1
56186004,243,140,103,191,108,83,3,1,2,28,12,16,3,0,3,52,32,20,245,105,140,140,55,85,0,0,0,10,0,10,28,12,16,67,38,29,4,2,2
56186005,122,59,63,117,56,61,5,1,4,14,4,10,3,0,3,5,3,2,100,44,56,45,19,26,0,0,0,1,0,1,13,3,10,41,22,19,0,0,0
56186007,17,11,6,16,11,5,0,0,0,2,0,2,0,0,0,1,0,1,6,3,3,4,2,2,0,0,0,0,0,0,1,0,1,1,1,0,0,0,0
56186008,542,288,254,495,264,231,16,5,11,57,27,30,4,0,4,47,24,23,434,187,247,204,81,123,1,1,0,23,0,23,70,28,42,136,77,59,7,6,1
56186009,245,129,116,235,124,111,15,7,8,31,15,16,0,0,0,10,5,5,256,95,161,151,55,96,1,1,0,6,0,6,23,12,11,75,27,48,3,0,3
56186010,313,173,140,297,168,129,6,5,1,44,23,21,1,0,1,16,5,11,309,135,174,156,60,96,1,1,0,10,0,10,42,20,22,100,54,46,4,3,1
56186011,279,146,133,259,139,120,14,11,3,31,15,16,0,0,0,20,7,13,264,115,149,126,55,71,0,0,0,13,0,13,42,19,23,83,41,42,5,3,2
56186012,215,112,103,204,107,97,5,2,3,25,16,9,1,0,1,11,5,6,242,97,145,146,50,96,0,0,0,11,0,11,42,25,17,43,22,21,5,3,2
56186015,51,28,23,42,23,19,2,1,1,6,4,2,0,0,0,9,5,4,79,29,50,50,14,36,0,0,0,0,0,0,11,6,5,18,9,9,3,1,2
56186016,372,195,177,359,187,172,19,7,12,46,19,27,0,0,0,13,8,5,370,175,195,189,85,104,1,0,1,11,0,11,46,27,19,123,63,60,4,0,4
56186017,158,81,77,147,74,73,6,2,4,18,11,7,1,0,1,11,7,4,172,68,104,111,41,70,0,0,0,2,0,2,22,8,14,37,19,18,1,1,0
56186018,977,533,444,903,495,408,25,13,12,101,49,52,11,0,11,74,38,36,873,368,505,443,168,275,4,4,0,32,0,32,140,64,76,254,132,122,99,71,28
56186019,186,96,90,173,87,86,5,3,2,25,14,11,0,0,0,13,9,4,218,91,127,131,49,82,1,0,1,6,1,5,17,11,6,63,30,33,1,0,1
56186020,173,92,81,161,86,75,4,2,2,23,9,14,2,0,2,12,6,6,198,84,114,113,45,68,0,0,0,6,0,6,20,6,14,59,33,26,1,0,1
56186021,79,42,37,76,40,36,3,1,2,9,4,5,0,0,0,3,2,1,88,43,45,45,21,24,2,1,1,3,0,3,12,6,6,26,15,11,1,1,0
56186022,499,262,237,457,242,215,21,10,11,58,27,31,2,0,2,42,20,22,501,210,291,333,122,211,1,1,0,10,0,10,53,26,27,104,61,43,15,8,7
56186023,677,365,312,644,350,294,14,6,8,84,42,42,3,0,3,33,15,18,679,278,401,380,142,238,1,1,0,27,0,27,80,35,45,191,100,91,14,8,6
56186024,156,84,72,146,78,68,3,3,0,20,10,10,0,0,0,10,6,4,159,77,82,72,35,37,0,0,0,8,0,8,28,12,16,51,30,21,1,0,1
56186025,105,57,48,98,54,44,2,0,2,16,8,8,0,0,0,7,3,4,105,49,56,57,28,29,0,0,0,4,0,4,12,5,7,32,16,16,1,1,0
56187801,190,110,80,180,108,72,6,0,6,17,12,5,1,0,1,10,2,8,174,72,102,82,35,47,0,0,0,7,0,7,23,10,13,62,27,35,6,4,2
56187802,195,106,89,187,105,82,5,3,2,21,12,9,1,0,1,8,1,7,202,88,114,101,41,60,0,0,0,6,0,6,36,16,20,59,31,28,0,0,0
56188601,159,94,65,155,91,64,7,3,4,22,11,11,1,0,1,4,3,1,138,64,74,72,34,38,0,0,0,7,0,7,21,8,13,38,22,16,3,1,2
56189401,279,160,119,270,156,114,6,3,3,40,28,12,1,0,1,9,4,5,254,121,133,121,56,65,2,1,1,12,0,12,46,21,25,73,43,30,4,2,2
56195901,246,127,119,230,123,107,8,4,4,30,15,15,0,0,0,16,4,12,197,88,109,77,35,42,0,0,0,4,0,4,30,18,12,86,35,51,2,1,1
56198301,314,182,132,300,176,124,5,3,2,28,17,11,2,0,2,14,6,8,340,151,189,177,85,92,0,0,0,20,0,20,57,26,31,86,40,46,6,2,4
56198302,31,19,12,30,19,11,4,4,0,3,2,1,0,0,0,1,0,1,31,15,16,14,7,7,0,0,0,2,0,2,7,4,3,8,4,4,0,0,0
56199101,98,55,43,93,51,42,2,2,0,9,4,5,2,0,2,5,4,1,78,34,44,48,22,26,0,0,0,1,0,1,9,3,6,20,9,11,1,1,0
56199102,89,47,42,85,45,40,9,3,6,3,1,2,0,0,0,4,2,2,88,40,48,42,21,21,0,0,0,4,0,4,16,8,8,26,11,15,0,0,0
56199103,58,29,29,56,28,28,0,0,0,4,1,3,0,0,0,2,1,1,47,22,25,25,11,14,0,0,0,1,0,1,4,2,2,17,9,8,0,0,0
1991090,0,0,0,0,0,0,0,0,0,0,0,0,0,0,0,0,0,0,0,0,0,0,0,0,0,0,0,0,0,0,0,0,0,0,0,0,0,0,0
56201701,364,215,149,341,205,136,10,5,5,32,15,17,3,0,3,23,10,13,213,97,116,127,61,66,0,0,0,6,0,6,28,8,20,52,28,24,29,19,10
56201703,38,25,13,36,25,11,3,1,2,2,2,0,0,0,0,2,0,2,27,14,13,10,3,7,0,0,0,2,0,2,7,5,2,8,6,2,0,0,0
56201704,25,13,12,23,13,10,1,0,1,1,0,1,1,0,1,2,0,2,16,7,9,10,5,5,0,0,0,0,0,0,2,1,1,4,1,3,0,0,0
56201705,86,50,36,84,50,34,5,2,3,5,3,2,0,0,0,2,0,2,69,33,36,27,15,12,0,0,0,8,0,8,18,11,7,16,7,9,1,1,0
56201706,58,39,19,48,35,13,3,3,0,2,1,1,0,0,0,10,4,6,56,22,34,7,1,6,0,0,0,3,0,3,17,9,8,29,12,17,10,7,3
56201707,352,192,160,301,172,129,6,1,5,29,19,10,2,0,2,51,20,31,435,204,231,160,71,89,1,1,0,30,0,30,120,70,50,124,62,62,43,17,26
56201708,71,41,30,69,40,29,3,2,1,3,1,2,0,0,0,2,1,1,50,25,25,21,9,12,0,0,0,0,0,0,5,3,2,24,13,11,4,3,1
56201709,83,47,36,83,47,36,0,0,0,7,6,1,0,0,0,0,0,0,55,27,28,13,4,9,0,0,0,3,0,3,6,3,3,33,20,13,2,1,1
56202501,40,22,18,39,21,18,1,1,0,0,0,0,1,0,1,1,1,0,30,15,15,8,4,4,1,0,1,1,0,1,7,4,3,13,7,6,0,0,0
56202502,768,430,338,725,408,317,24,11,13,74,34,40,4,0,4,43,22,21,666,314,352,315,146,169,1,1,0,33,0,33,123,56,67,194,111,83,20,17,3
56205001,346,184,162,324,172,152,10,5,5,50,27,23,0,0,0,22,12,10,373,173,200,222,103,119,1,1,0,9,0,9,53,25,28,88,44,44,5,5,0
56207601,344,188,156,334,181,153,8,5,3,40,27,13,1,0,1,10,7,3,328,146,182,170,68,102,2,2,0,12,0,12,49,26,23,95,50,45,5,4,1
3316860,0,0,0,0,0,0,0,0,0,0,0,0,0,0,0,0,0,0,0,0,0,0,0,0,0,0,0,0,0,0,0,0,0,0,0,0,0,0,0
56209201,2251,1354,897,2145,1300,845,40,23,17,230,97,133,10,1,9,106,54,52,2029,1065,964,845,367,478,3,2,1,70,1,69,541,375,166,570,320,250,97,44,53
56210601,37,22,15,33,19,14,0,0,0,8,4,4,0,0,0,4,3,1,18,10,8,6,4,2,0,0,0,3,0,3,5,4,1,4,2,2,1,1,0
56210602,168,92,76,158,86,72,4,1,3,12,6,6,2,0,2,10,6,4,127,60,67,64,30,34,1,1,0,4,0,4,18,10,8,40,19,21,0,0,0
56210604,320,170,150,312,165,147,4,1,3,39,12,27,3,0,3,8,5,3,284,130,154,144,66,78,1,1,0,8,0,8,40,20,20,91,43,48,10,7,3
1586402,0,0,0,0,0,0,0,0,0,0,0,0,0,0,0,0,0,0,0,0,0,0,0,0,0,0,0,0,0,0,0,0,0,0,0,0,0,0,0
56211403,137,74,63,137,74,63,8,3,5,23,10,13,2,0,2,0,0,0,114,56,58,55,27,28,0,0,0,4,0,4,14,10,4,41,19,22,2,1,1
56211405,13,7,6,12,7,5,0,0,0,1,1,0,0,0,0,1,0,1,17,7,10,11,6,5,0,0,0,0,0,0,1,1,0,5,0,5,0,0,0
56211406,14,8,6,14,8,6,0,0,0,1,1,0,0,0,0,0,0,0,14,9,5,6,4,2,0,0,0,0,0,0,0,0,0,8,5,3,0,0,0
56213101,24,15,9,24,15,9,2,1,1,4,3,1,0,0,0,0,0,0,30,15,15,20,8,12,1,1,0,0,0,0,2,1,1,7,5,2,0,0,0
56213102,297,166,131,276,152,124,11,3,8,30,14,16,0,0,0,21,14,7,275,122,153,126,49,77,1,1,0,12,0,12,49,25,24,87,47,40,5,4,1
56217301,77,44,33,74,42,32,2,0,2,12,6,6,0,0,0,3,2,1,91,46,45,57,31,26,0,0,0,3,0,3,7,3,4,24,12,12,2,2,0
56220301,12,7,5,12,7,5,0,0,0,3,2,1,0,0,0,0,0,0,10,5,5,4,3,1,0,0,0,1,0,1,3,1,2,2,1,1,1,1,0
56220302,53,29,24,51,28,23,0,0,0,8,5,3,0,0,0,2,1,1,61,25,36,35,15,20,0,0,0,3,0,3,9,5,4,14,5,9,1,1,0
56220303,22,13,9,22,13,9,1,0,1,2,1,1,0,0,0,0,0,0,25,9,16,11,2,9,0,0,0,1,0,1,5,2,3,8,5,3,0,0,0
56222001,24,16,8,23,15,8,0,0,0,3,2,1,0,0,0,1,1,0,29,13,16,15,5,10,0,0,0,1,0,1,4,1,3,9,7,2,1,1,0
56222002,324,175,149,318,172,146,5,2,3,34,17,17,5,0,5,6,3,3,322,150,172,135,61,74,0,0,0,19,0,19,59,33,26,109,56,53,6,3,3
56223801,60,33,27,58,33,25,1,1,0,7,3,4,0,0,0,2,0,2,44,21,23,16,7,9,0,0,0,3,0,3,7,4,3,18,10,8,3,1,2
56224601,26,18,8,25,17,8,0,0,0,5,3,2,0,0,0,1,1,0,26,9,17,11,6,5,0,0,0,3,0,3,9,3,6,3,0,3,0,0,0
56224603,303,170,133,294,169,125,4,2,2,36,25,11,3,0,3,9,1,8,261,124,137,110,48,62,1,0,1,9,0,9,41,26,15,100,50,50,3,3,0
56224604,26,17,9,25,16,9,2,0,2,1,1,0,1,0,1,1,1,0,35,17,18,13,5,8,0,0,0,0,0,0,9,3,6,13,9,4,1,0,1
56226201,57,34,23,55,33,22,1,1,0,5,2,3,0,0,0,2,1,1,55,24,31,24,10,14,0,0,0,3,0,3,9,7,2,19,7,12,0,0,0
56226202,19,11,8,19,11,8,1,0,1,2,2,0,0,0,0,0,0,0,16,5,11,3,1,2,0,0,0,1,0,1,4,1,3,8,3,5,1,1,0
56226203,77,37,40,72,35,37,2,0,2,8,3,5,1,0,1,5,2,3,81,41,40,43,18,25,0,0,0,1,0,1,7,5,2,30,18,12,1,1,0
56226204,129,69,60,122,66,56,3,1,2,15,5,10,2,0,2,7,3,4,87,45,42,35,18,17,0,0,0,4,0,4,17,10,7,31,17,14,4,3,1
56226205,37,22,15,36,21,15,0,0,0,3,3,0,0,0,0,1,1,0,44,12,32,19,6,13,0,0,0,3,0,3,8,3,5,14,3,11,0,0,0
56226206,846,471,375,802,450,352,24,13,11,94,42,52,9,0,9,44,21,23,803,352,451,371,157,214,2,2,0,44,0,44,138,75,63,248,118,130,20,11,9
56226207,227,122,105,214,118,96,5,4,1,15,6,9,2,0,2,13,4,9,258,108,150,159,61,98,0,0,0,8,0,8,30,16,14,61,31,30,13,8,5
56226208,10,6,4,10,6,4,0,0,0,0,0,0,0,0,0,0,0,0,23,9,14,11,5,6,0,0,0,2,0,2,5,2,3,5,2,3,1,0,1
56226209,15,9,6,13,8,5,0,0,0,4,4,0,0,0,0,2,1,1,13,4,9,5,2,3,0,0,0,2,0,2,4,2,2,2,0,2,0,0,0
56229701,77,46,31,74,43,31,2,1,1,9,4,5,1,0,1,3,3,0,55,25,30,33,15,18,0,0,0,1,0,1,7,2,5,14,8,6,3,2,1
56229702,53,31,22,50,28,22,1,0,1,7,5,2,0,0,0,3,3,0,43,18,25,15,4,11,0,0,0,3,0,3,11,6,5,14,8,6,1,0,1
56229703,68,39,29,66,37,29,2,2,0,10,5,5,1,0,1,2,2,0,78,34,44,41,19,22,0,0,0,4,0,4,8,3,5,25,12,13,2,1,1
56229704,17,9,8,15,8,7,1,0,1,1,0,1,0,0,0,2,1,1,20,10,10,13,8,5,0,0,0,1,0,1,6,2,4,0,0,0,0,0,0
56229705,32,19,13,30,17,13,0,0,0,4,3,1,1,0,1,2,2,0,21,9,12,10,5,5,0,0,0,1,0,1,5,1,4,5,3,2,1,1,0
56229706,631,347,284,595,328,267,9,2,7,72,34,38,1,0,1,36,19,17,681,276,405,365,140,225,1,1,0,28,0,28,108,45,63,179,90,89,40,26,14
56229707,10,5,5,8,4,4,0,0,0,0,0,0,0,0,0,2,1,1,11,7,4,4,3,1,1,0,1,0,0,0,1,1,0,5,3,2,0,0,0
53042501,104,64,40,104,64,40,0,0,0,7,4,3,3,0,3,0,0,0,102,46,56,42,17,25,0,0,0,8,0,8,20,10,10,32,19,13,2,0,2
54657702,202,105,97,191,99,92,5,0,5,22,14,8,1,0,1,11,6,5,185,77,108,59,28,31,0,0,0,11,0,11,35,15,20,80,34,46,4,4,0
54657703,36,22,14,35,21,14,1,0,1,6,3,3,0,0,0,1,1,0,27,11,16,11,5,6,0,0,0,3,0,3,5,3,2,8,3,5,0,0,0
54658501,210,128,82,201,123,78,6,4,2,29,16,13,1,0,1,9,5,4,215,92,123,155,64,91,1,0,1,7,0,7,19,9,10,33,19,14,2,2,0
3104760,0,0,0,0,0,0,0,0,0,0,0,0,0,0,0,0,0,0,0,0,0,0,0,0,0,0,0,0,0,0,0,0,0,0,0,0,0,0,0
3105570,0,0,0,0,0,0,0,0,0,0,0,0,0,0,0,0,0,0,0,0,0,0,0,0,0,0,0,0,0,0,0,0,0,0,0,0,0,0,0
3105900,0,0,0,0,0,0,0,0,0,0,0,0,0,0,0,0,0,0,0,0,0,0,0,0,0,0,0,0,0,0,0,0,0,0,0,0,0,0,0
56351001,526,279,247,503,267,236,28,13,15,81,37,44,3,0,3,23,12,11,571,226,345,362,128,234,3,3,0,13,0,13,67,26,41,126,69,57,13,7,6
56351002,551,289,262,522,277,245,11,4,7,54,23,31,6,0,6,29,12,17,617,251,366,363,130,233,0,0,0,25,0,25,95,52,43,134,69,65,11,5,6
56351003,134,71,63,132,70,62,8,4,4,17,10,7,0,0,0,2,1,1,126,51,75,72,29,43,1,1,0,3,0,3,6,1,5,44,20,24,1,0,1
56351004,21,11,10,21,11,10,1,1,0,4,2,2,0,0,0,0,0,0,27,14,13,17,8,9,0,0,0,2,0,2,5,3,2,3,3,0,1,1,0
56351005,382,215,167,372,212,160,18,7,11,49,31,18,4,0,4,10,3,7,332,142,190,150,54,96,2,1,1,16,0,16,51,27,24,113,60,53,6,5,1
56351007,322,174,148,311,167,144,13,8,5,52,23,29,1,0,1,11,7,4,287,135,152,130,52,78,0,0,0,10,0,10,45,25,20,102,58,44,3,0,3
56351008,153,84,69,146,80,66,2,2,0,12,6,6,4,0,4,7,4,3,116,54,62,39,15,24,0,0,0,6,0,6,27,14,13,44,25,19,3,2,1
56351009,548,293,255,534,287,247,16,5,11,49,19,30,5,0,5,14,6,8,377,166,211,134,60,74,0,0,0,23,0,23,85,43,42,135,63,72,3,1,2
56351010,416,225,191,394,212,182,18,8,10,45,20,25,3,0,3,22,13,9,353,156,197,150,68,82,1,0,1,15,0,15,68,30,38,119,58,61,9,3,6
56351011,188,100,88,186,100,86,12,3,9,14,10,4,0,0,0,2,0,2,161,76,85,33,17,16,2,0,2,6,0,6,42,17,25,78,42,36,1,0,1
56351012,457,245,212,431,233,198,18,11,7,38,20,18,7,0,7,26,12,14,331,158,173,104,42,62,0,0,0,16,0,16,87,48,39,124,68,56,4,1,3
56351013,707,363,344,677,353,324,34,13,21,69,35,34,7,0,7,30,10,20,614,252,362,250,95,155,1,0,1,37,1,36,121,63,58,205,93,112,19,13,6
56351014,55,37,18,26,16,10,0,0,0,3,1,2,0,0,0,29,21,8,28,14,14,18,11,7,0,0,0,0,0,0,3,1,2,7,2,5,0,0,0
56351015,49,23,26,44,22,22,3,0,3,3,1,2,0,0,0,5,1,4,50,20,30,18,7,11,1,0,1,5,0,5,10,5,5,16,8,8,1,1,0
56351016,691,349,342,656,333,323,29,17,12,89,37,52,4,0,4,35,16,19,696,284,412,379,143,236,1,1,0,33,0,33,107,49,58,176,91,85,21,16,5
56351017,1566,944,622,1377,839,538,43,19,24,106,50,56,7,0,7,189,105,84,1128,529,599,401,192,209,8,4,4,64,0,64,299,149,150,356,184,172,245,186,59
56351018,173,99,74,159,93,66,4,1,3,18,10,8,0,0,0,14,6,8,141,62,79,62,23,39,0,0,0,11,0,11,28,17,11,40,22,18,8,4,4
56351019,1158,614,544,1100,593,507,30,15,15,154,66,88,6,0,6,58,21,37,1110,431,679,659,228,431,0,0,0,45,1,44,158,72,86,248,130,118,40,21,19
56351020,357,189,168,345,182,163,11,5,6,42,18,24,2,0,2,12,7,5,380,149,231,194,72,122,0,0,0,20,0,20,66,24,42,100,53,47,2,1,1
56351021,617,329,288,599,323,276,23,11,12,81,47,34,3,0,3,18,6,12,537,234,303,245,97,148,1,1,0,23,1,22,93,39,54,175,96,79,6,3,3
56351022,859,452,407,821,435,386,19,6,13,102,51,51,4,0,4,38,17,21,1034,417,617,590,223,367,1,0,1,46,0,46,155,74,81,242,120,122,21,8,13
56351023,997,504,493,942,483,459,37,16,21,121,60,61,6,0,6,55,21,34,957,390,567,516,181,335,1,1,0,35,0,35,139,80,59,266,128,138,20,15,5
56351024,818,412,406,774,391,383,26,10,16,122,51,71,3,0,3,44,21,23,733,301,432,416,152,264,4,2,2,26,0,26,107,58,49,180,89,91,12,6,6
56351025,75,37,38,72,35,37,4,2,2,8,1,7,0,0,0,3,2,1,51,20,31,19,8,11,0,0,0,1,0,1,8,4,4,23,8,15,4,2,2
56351026,1097,584,513,1013,544,469,44,14,30,111,54,57,5,0,5,84,40,44,912,399,513,332,142,190,5,2,3,63,0,63,217,105,112,295,150,145,19,7,12
56351027,671,365,306,634,348,286,14,8,6,94,41,53,5,0,5,37,17,20,614,254,360,369,129,240,1,0,1,26,0,26,82,46,36,136,79,57,24,10,14
56351028,820,433,387,772,412,360,36,20,16,104,53,51,6,0,6,48,21,27,717,308,409,273,106,167,0,0,0,51,1,50,157,82,75,236,119,117,8,5,3
56351029,1506,789,717,1425,759,666,38,15,23,151,76,75,9,0,9,81,30,51,1172,493,679,483,180,303,2,1,1,71,0,71,233,122,111,383,190,193,35,24,11
56351030,181,109,72,170,104,66,9,3,6,26,12,14,0,0,0,11,5,6,152,72,80,74,35,39,2,1,1,11,0,11,30,19,11,35,17,18,2,0,2
56351031,15,8,7,15,8,7,1,0,1,6,2,4,0,0,0,0,0,0,13,5,8,6,2,4,0,0,0,2,0,2,4,2,2,1,1,0,0,0,0
56351032,281,147,134,260,132,128,11,4,7,27,13,14,5,0,5,21,15,6,255,111,144,89,33,56,1,1,0,25,0,25,68,35,33,72,42,30,8,5,3
56351033,273,154,119,253,143,110,8,6,2,40,22,18,2,0,2,20,11,9,213,89,124,95,36,59,3,2,1,11,0,11,48,27,21,56,24,32,5,4,1
56351034,42,21,21,41,21,20,3,2,1,12,3,9,0,0,0,1,0,1,27,16,11,9,6,3,0,0,0,1,0,1,6,4,2,11,6,5,0,0,0
56351035,945,475,470,909,460,449,29,14,15,166,81,85,10,0,10,36,15,21,975,415,560,516,206,310,3,2,1,31,0,31,161,78,83,264,129,135,16,7,9
56351037,811,448,363,778,431,347,31,19,12,121,51,70,7,0,7,33,17,16,772,298,474,462,156,306,1,0,1,31,0,31,113,62,51,165,80,85,29,16,13
56351038,992,504,488,960,494,466,35,16,19,171,81,90,7,0,7,32,10,22,1004,433,571,535,210,325,2,1,1,41,0,41,134,69,65,292,153,139,11,4,7
56351039,83,43,40,82,42,40,3,2,1,15,10,5,0,0,0,1,1,0,68,33,35,40,18,22,0,0,0,0,0,0,2,2,0,26,13,13,0,0,0
56351040,114,62,52,108,58,50,2,2,0,20,10,10,0,0,0,6,4,2,109,53,56,49,23,26,0,0,0,4,0,4,12,5,7,44,25,19,1,0,1
56351041,901,447,454,861,432,429,26,9,17,123,53,70,4,0,4,40,15,25,896,353,543,450,164,286,0,0,0,49,0,49,151,76,75,246,113,133,16,10,6
56351042,17,8,9,17,8,9,0,0,0,3,2,1,0,0,0,0,0,0,107,22,85,92,10,82,0,0,0,1,0,1,7,6,1,7,6,1,1,0,1
56351043,270,265,5,199,197,2,7,7,0,5,5,0,0,0,0,71,68,3,216,206,10,17,15,2,0,0,0,1,0,1,124,118,6,74,73,1,0,0,0
56351044,798,402,396,768,385,383,32,10,22,70,37,33,0,0,0,30,17,13,645,283,362,288,111,177,0,0,0,28,0,28,113,67,46,216,105,111,14,7,7
56351045,141,72,69,139,71,68,9,5,4,22,10,12,0,0,0,2,1,1,100,45,55,47,18,29,0,0,0,2,0,2,16,11,5,35,16,19,2,1,1
56351046,191,102,89,183,97,86,8,4,4,16,8,8,1,0,1,8,5,3,161,70,91,81,33,48,0,0,0,6,0,6,24,13,11,50,24,26,2,1,1
56351047,159,83,76,148,76,72,6,1,5,18,8,10,1,0,1,11,7,4,137,69,68,43,20,23,0,0,0,7,0,7,22,10,12,65,39,26,2,1,1
56351048,479,275,204,464,266,198,15,7,8,64,39,25,3,1,2,15,9,6,430,182,248,180,74,106,0,0,0,23,0,23,76,33,43,151,75,76,6,3,3
56351049,46,25,21,44,23,21,6,3,3,4,1,3,1,0,1,2,2,0,38,18,20,12,5,7,0,0,0,1,0,1,6,2,4,19,11,8,0,0,0
56351050,367,198,169,337,182,155,13,5,8,39,20,19,1,0,1,30,16,14,318,129,189,168,63,105,0,0,0,8,0,8,47,18,29,95,48,47,3,2,1
56352801,143,74,69,139,72,67,4,2,2,12,9,3,0,0,0,4,2,2,148,75,73,76,40,36,1,1,0,7,0,7,23,15,8,41,19,22,4,3,1
56352802,20,11,9,20,11,9,0,0,0,4,2,2,0,0,0,0,0,0,17,8,9,12,5,7,1,1,0,0,0,0,0,0,0,4,2,2,0,0,0
56353601,183,107,76,174,105,69,12,9,3,20,12,8,1,0,1,9,2,7,146,61,85,48,17,31,1,1,0,6,1,5,34,9,25,57,33,24,6,3,3
56355201,64,34,30,57,29,28,3,3,0,12,6,6,0,0,0,7,5,2,41,18,23,23,8,15,0,0,0,1,0,1,6,5,1,11,5,6,1,0,1
56355202,340,173,167,309,164,145,10,6,4,36,17,19,3,1,2,31,9,22,286,132,154,170,72,98,1,1,0,6,0,6,31,12,19,78,47,31,6,4,2
56355203,80,46,34,67,39,28,3,3,0,7,3,4,0,0,0,13,7,6,90,45,45,41,19,22,0,0,0,4,0,4,22,14,8,23,12,11,4,1,3
56355205,34,19,15,30,17,13,0,0,0,6,3,3,0,0,0,4,2,2,40,18,22,28,12,16,0,0,0,0,0,0,4,3,1,8,3,5,0,0,0
56355206,528,289,239,480,264,216,10,6,4,63,35,28,5,0,5,48,25,23,603,238,365,345,125,220,3,3,0,23,0,23,91,39,52,141,71,70,20,15,5
56355207,52,29,23,51,29,22,2,0,2,2,1,1,0,0,0,1,0,1,43,20,23,15,6,9,0,0,0,5,0,5,11,6,5,12,8,4,4,4,0
56355208,62,34,28,55,29,26,3,2,1,6,2,4,0,0,0,7,5,2,76,36,40,36,18,18,1,0,1,4,0,4,17,9,8,18,9,9,0,0,0
56355212,182,100,82,160,91,69,6,3,3,17,9,8,0,0,0,22,9,13,193,81,112,97,42,55,0,0,0,10,0,10,40,20,20,46,19,27,5,3,2
56355213,45,25,20,26,17,9,2,0,2,1,1,0,1,0,1,19,8,11,49,25,24,8,4,4,0,0,0,4,0,4,9,6,3,28,15,13,1,1,0
56355214,58,24,34,57,23,34,1,0,1,6,2,4,0,0,0,1,1,0,55,35,20,32,17,15,1,1,0,0,0,0,4,3,1,18,14,4,1,0,1
56356101,302,169,133,288,162,126,9,6,3,32,16,16,3,0,3,14,7,7,264,113,151,141,63,78,1,0,1,15,0,15,42,18,24,65,32,33,3,3,0
0352032,0,0,0,0,0,0,0,0,0,0,0,0,0,0,0,0,0,0,0,0,0,0,0,0,0,0,0,0,0,0,0,0,0,0,0,0,0,0,0
3373400,0,0,0,0,0,0,0,0,0,0,0,0,0,0,0,0,0,0,0,0,0,0,0,0,0,0,0,0,0,0,0,0,0,0,0,0,0,0,0
56357901,76,43,33,72,39,33,1,0,1,11,5,6,1,0,1,4,4,0,48,17,31,23,8,15,0,0,0,4,0,4,10,6,4,11,3,8,1,0,1
56357902,37,20,17,35,19,16,1,0,1,6,4,2,0,0,0,2,1,1,26,13,13,8,2,6,0,0,0,1,1,0,8,6,2,9,4,5,0,0,0
56357903,28,13,15,26,13,13,4,2,2,4,2,2,0,0,0,2,0,2,37,19,18,19,9,10,1,1,0,1,0,1,6,3,3,10,6,4,2,0,2
56357904,130,68,62,124,67,57,3,0,3,11,6,5,0,0,0,6,1,5,125,60,65,59,27,32,0,0,0,6,0,6,19,8,11,41,25,16,4,4,0
56357905,25,15,10,23,14,9,0,0,0,3,2,1,0,0,0,2,1,1,25,13,12,12,4,8,0,0,0,2,0,2,5,5,0,6,4,2,1,0,1
56357906,19,13,6,17,12,5,0,0,0,1,1,0,0,0,0,2,1,1,25,12,13,18,7,11,0,0,0,0,0,0,0,0,0,7,5,2,0,0,0
56357907,57,32,25,56,31,25,1,1,0,7,3,4,0,0,0,1,1,0,36,13,23,17,5,12,0,0,0,2,0,2,11,6,5,6,2,4,2,1,1
56357908,62,35,27,59,33,26,1,0,1,6,2,4,0,0,0,3,2,1,84,33,51,36,13,23,0,0,0,5,0,5,15,6,9,28,14,14,0,0,0
56359501,274,155,119,261,149,112,7,1,6,24,12,12,1,0,1,13,6,7,223,102,121,99,43,56,1,1,0,11,0,11,36,19,17,76,39,37,9,4,5
56359502,344,196,148,334,189,145,9,4,5,33,17,16,2,0,2,10,7,3,268,124,144,111,47,64,0,0,0,13,0,13,54,31,23,90,46,44,19,12,7
56359503,126,73,53,121,71,50,4,1,3,15,9,6,1,0,1,5,2,3,128,59,69,55,29,26,1,1,0,10,0,10,25,9,16,37,20,17,1,1,0
56359504,21,11,10,20,11,9,2,2,0,5,1,4,0,0,0,1,0,1,15,5,10,9,4,5,0,0,0,1,0,1,2,0,2,3,1,2,0,0,0
56360901,183,103,80,181,103,78,4,3,1,15,9,6,2,0,2,2,0,2,156,73,83,46,21,25,0,0,0,6,0,6,39,24,15,65,28,37,3,1,2
56360902,331,183,148,319,176,143,10,3,7,23,11,12,3,0,3,12,7,5,302,129,173,120,49,71,0,0,0,17,0,17,66,33,33,99,47,52,6,5,1
56360903,127,72,55,122,70,52,8,2,6,13,7,6,1,0,1,5,2,3,105,49,56,38,17,21,0,0,0,6,0,6,21,11,10,40,21,19,0,0,0
56361701,110,64,46,109,64,45,5,2,3,19,10,9,1,0,1,1,0,1,104,40,64,50,21,29,0,0,0,4,0,4,21,9,12,29,10,19,0,0,0
56363301,73,41,32,69,39,30,2,1,1,11,2,9,0,0,0,4,2,2,117,59,58,78,41,37,0,0,0,3,0,3,13,4,9,23,14,9,0,0,0
56363302,110,60,50,101,54,47,2,1,1,11,6,5,1,0,1,9,6,3,130,59,71,66,32,34,1,1,0,8,0,8,21,6,15,34,20,14,6,6,0
56363303,198,114,84,185,108,77,3,1,2,26,11,15,1,0,1,13,6,7,213,107,106,107,51,56,1,1,0,8,0,8,40,19,21,57,36,21,8,3,5
56363304,29,16,13,28,15,13,0,0,0,4,3,1,2,0,2,1,1,0,15,11,4,5,3,2,0,0,0,0,0,0,5,4,1,5,4,1,0,0,0
56364101,55,30,25,52,28,24,2,1,1,2,0,2,1,0,1,3,2,1,51,18,33,24,7,17,0,0,0,4,0,4,10,4,6,13,7,6,0,0,0
56364102,16,10,6,16,10,6,1,1,0,1,1,0,0,0,0,0,0,0,21,12,9,15,8,7,0,0,0,0,0,0,2,1,1,4,3,1,0,0,0
56364103,13,8,5,13,8,5,0,0,0,2,0,2,0,0,0,0,0,0,22,10,12,9,4,5,0,0,0,1,0,1,6,4,2,6,2,4,0,0,0
56364104,288,158,130,282,154,128,6,4,2,37,17,20,1,0,1,6,4,2,261,116,145,121,54,67,1,1,0,11,0,11,49,26,23,79,35,44,6,4,2
56364105,51,27,24,51,27,24,4,1,3,9,5,4,0,0,0,0,0,0,47,16,31,23,8,15,0,0,0,3,0,3,5,2,3,16,6,10,0,0,0
56364107,56,31,25,54,29,25,4,1,3,9,4,5,3,0,3,2,2,0,44,13,31,24,10,14,0,0,0,1,0,1,9,1,8,10,2,8,1,1,0
56364108,16,7,9,15,7,8,0,0,0,2,1,1,0,0,0,1,0,1,18,7,11,14,6,8,0,0,0,0,0,0,0,0,0,4,1,3,0,0,0
56366801,105,66,39,98,62,36,3,2,1,13,5,8,0,0,0,7,4,3,78,31,47,46,21,25,0,0,0,2,0,2,15,5,10,15,5,10,1,1,0
56366803,36,17,19,36,17,19,2,1,1,10,3,7,0,0,0,0,0,0,22,12,10,12,7,5,0,0,0,2,0,2,4,3,1,4,2,2,0,0,0
56366805,10,6,4,10,6,4,0,0,0,1,1,0,0,0,0,0,0,0,15,6,9,10,4,6,0,0,0,0,0,0,2,0,2,3,2,1,0,0,0
56366807,80,48,32,76,47,29,0,0,0,6,3,3,0,0,0,4,1,3,88,38,50,46,19,27,1,1,0,6,0,6,13,5,8,22,13,9,2,1,1
56366809,19,10,9,16,7,9,0,0,0,3,1,2,0,0,0,3,3,0,15,4,11,6,2,4,0,0,0,1,0,1,1,0,1,7,2,5,0,0,0
56366810,65,31,34,54,26,28,2,0,2,9,6,3,0,0,0,11,5,6,67,24,43,43,15,28,0,0,0,2,0,2,5,3,2,17,6,11,1,1,0
56366811,15,10,5,12,7,5,0,0,0,2,0,2,0,0,0,3,3,0,4,1,3,2,0,2,0,0,0,0,0,0,1,0,1,1,1,0,5,5,0
56366812,117,75,42,105,71,34,2,2,0,17,11,6,0,0,0,12,4,8,115,49,66,63,27,36,0,0,0,4,0,4,18,5,13,30,17,13,4,3,1
56367601,110,60,50,106,60,46,4,3,1,11,2,9,1,0,1,4,0,4,114,53,61,59,28,31,0,0,0,4,0,4,16,8,8,35,17,18,2,1,1
56367602,13,6,7,13,6,7,0,0,0,2,1,1,0,0,0,0,0,0,23,13,10,13,8,5,0,0,0,2,0,2,2,2,0,6,3,3,0,0,0
56368401,110,64,46,100,60,40,4,1,3,15,9,6,1,0,1,10,4,6,109,51,58,51,20,31,2,2,0,3,0,3,13,6,7,40,23,17,1,1,0
56369201,51,27,24,48,26,22,0,0,0,12,8,4,0,0,0,3,1,2,109,79,30,77,64,13,0,0,0,3,0,3,10,4,6,19,11,8,0,0,0
56369202,81,50,31,78,50,28,5,5,0,6,4,2,0,0,0,3,0,3,66,34,32,22,10,12,0,0,0,3,0,3,17,12,5,24,12,12,2,1,1
56369203,778,433,345,746,417,329,28,9,19,84,46,38,5,0,5,32,16,16,682,307,375,304,128,176,1,1,0,31,0,31,126,63,63,220,115,105,16,9,7
56369204,15,9,6,14,9,5,0,0,0,1,1,0,0,0,0,1,0,1,20,6,14,5,2,3,0,0,0,1,0,1,4,1,3,10,3,7,0,0,0
56369206,67,35,32,65,33,32,0,0,0,8,4,4,1,0,1,2,2,0,64,33,31,28,14,14,0,0,0,3,0,3,12,6,6,21,13,8,1,0,1
56370602,26,15,11,24,15,9,1,1,0,2,2,0,0,0,0,2,0,2,21,5,16,8,3,5,0,0,0,2,0,2,6,1,5,5,1,4,1,0,1
56370603,33,22,11,32,22,10,2,2,0,4,3,1,0,0,0,1,0,1,26,13,13,8,3,5,0,0,0,1,0,1,4,1,3,13,9,4,1,1,0
56370604,62,37,25,61,37,24,5,4,1,3,2,1,0,0,0,1,0,1,65,23,42,27,6,21,2,1,1,3,0,3,9,7,2,24,9,15,0,0,0
56370605,72,36,36,68,34,34,5,1,4,7,3,4,0,0,0,4,2,2,76,35,41,43,24,19,1,1,0,5,0,5,16,7,9,11,3,8,5,2,3
56370606,206,115,91,201,111,90,12,7,5,28,13,15,0,0,0,5,4,1,211,91,120,101,40,61,1,1,0,10,0,10,31,12,19,68,38,30,5,1,4
56370607,79,45,34,77,43,34,3,2,1,10,4,6,1,0,1,2,2,0,58,28,30,35,15,20,0,0,0,4,0,4,8,7,1,11,6,5,1,0,1
56370608,22,14,8,22,14,8,2,2,0,2,1,1,0,0,0,0,0,0,22,9,13,14,6,8,0,0,0,1,0,1,4,1,3,3,2,1,0,0,0
56370609,80,44,36,76,43,33,0,0,0,8,4,4,0,0,0,4,1,3,74,32,42,39,16,23,0,0,0,2,0,2,8,1,7,25,15,10,0,0,0
56370610,17,9,8,14,8,6,0,0,0,2,0,2,0,0,0,3,1,2,22,8,14,8,4,4,0,0,0,3,0,3,8,4,4,3,0,3,0,0,0
56371401,34,16,18,32,16,16,0,0,0,2,1,1,0,0,0,2,0,2,32,16,16,17,9,8,0,0,0,1,0,1,2,1,1,12,6,6,0,0,0
56371402,298,164,134,286,159,127,12,6,6,30,16,14,2,0,2,12,5,7,236,109,127,104,42,62,0,0,0,9,0,9,33,21,12,90,46,44,2,1,1
56373101,20,15,5,19,15,4,1,1,0,2,1,1,0,0,0,1,0,1,18,6,12,5,0,5,0,0,0,2,0,2,6,3,3,5,3,2,0,0,0
56373102,419,235,184,396,225,171,14,7,7,41,24,17,1,0,1,23,10,13,361,179,182,152,67,85,2,2,0,12,0,12,55,29,26,140,81,59,6,5,1
56374901,19,7,12,18,7,11,1,0,1,3,1,2,0,0,0,1,0,1,17,10,7,8,5,3,2,1,1,1,0,1,2,1,1,4,3,1,0,0,0
56374902,272,143,129,262,141,121,10,5,5,30,10,20,1,0,1,10,2,8,254,107,147,98,42,56,0,0,0,16,0,16,48,24,24,92,41,51,1,0,1
56374903,171,95,76,164,92,72,5,1,4,20,13,7,1,0,1,7,3,4,164,74,90,79,29,50,0,0,0,4,0,4,24,14,10,57,31,26,0,0,0
56374904,62,35,27,60,35,25,1,0,1,7,3,4,1,0,1,2,0,2,65,28,37,27,12,15,0,0,0,4,0,4,17,10,7,17,6,11,0,0,0
56374905,152,81,71,147,79,68,4,0,4,20,12,8,1,0,1,5,2,3,153,74,79,80,39,41,1,0,1,8,0,8,23,13,10,41,22,19,2,0,2
56374906,188,104,84,183,103,80,8,5,3,23,14,9,1,0,1,5,1,4,148,70,78,64,28,36,0,0,0,5,0,5,24,16,8,55,26,29,1,1,0
56374907,79,50,29,76,48,28,1,1,0,13,6,7,2,0,2,3,2,1,54,27,27,27,12,15,1,1,0,3,0,3,14,10,4,9,4,5,7,6,1
56374908,96,49,47,94,47,47,1,0,1,14,7,7,1,0,1,2,2,0,71,29,42,18,8,10,0,0,0,3,0,3,13,8,5,37,13,24,0,0,0
56375701,250,136,114,241,132,109,8,2,6,25,15,10,1,0,1,9,4,5,237,110,127,127,49,78,0,0,0,8,0,8,41,24,17,61,37,24,1,0,1
56375702,278,162,116,255,147,108,8,2,6,37,21,16,4,0,4,23,15,8,230,94,136,89,39,50,0,0,0,15,0,15,52,26,26,74,29,45,16,15,1
56377301,71,41,30,69,41,28,0,0,0,7,4,3,0,0,0,2,0,2,110,59,51,51,25,26,1,0,1,6,0,6,19,10,9,33,24,9,1,0,1
56378101,23,14,9,23,14,9,0,0,0,0,0,0,1,0,1,0,0,0,31,12,19,5,2,3,0,0,0,3,0,3,13,4,9,10,6,4,1,0,1
56378102,20,10,10,20,10,10,0,0,0,1,0,1,1,0,1,0,0,0,19,7,12,4,1,3,0,0,0,2,0,2,7,5,2,6,1,5,0,0,0
56378103,419,236,183,407,233,174,14,7,7,46,19,27,4,0,4,12,3,9,411,181,230,151,68,83,2,1,1,19,0,19,87,42,45,152,70,82,8,3,5
56379001,23,14,9,23,14,9,2,1,1,2,1,1,0,0,0,0,0,0,29,15,14,11,3,8,0,0,0,1,0,1,6,4,2,11,8,3,0,0,0
56379003,1349,752,597,1293,732,561,44,22,22,143,87,56,6,0,6,56,20,36,1174,532,642,468,189,279,3,1,2,62,0,62,203,108,95,438,234,204,22,13,9
56379005,67,37,30,65,36,29,1,0,1,6,2,4,0,0,0,2,1,1,59,30,29,15,7,8,0,0,0,4,0,4,10,6,4,30,17,13,0,0,0
56380301,106,52,54,103,52,51,6,0,6,10,7,3,1,0,1,3,0,3,109,49,60,50,22,28,0,0,0,4,0,4,22,8,14,33,19,14,0,0,0
56380302,182,102,80,177,97,80,3,3,0,13,9,4,2,0,2,5,5,0,190,89,101,79,32,47,0,0,0,9,0,9,38,19,19,64,38,26,7,6,1
56381101,216,122,94,197,114,83,4,1,3,18,9,9,1,0,1,19,8,11,217,95,122,100,44,56,1,0,1,7,0,7,44,22,22,65,29,36,3,2,1
56381102,271,152,119,255,145,110,14,6,8,35,19,16,1,0,1,16,7,9,291,125,166,144,58,86,0,0,0,18,0,18,55,24,31,74,43,31,4,2,2
56381103,32,19,13,31,19,12,2,0,2,4,0,4,0,0,0,1,0,1,38,18,20,27,12,15,0,0,0,0,0,0,3,2,1,8,4,4,0,0,0
56381105,555,298,257,506,274,232,17,9,8,53,26,27,5,0,5,49,24,25,461,221,240,189,90,99,0,0,0,20,1,19,90,49,41,162,81,81,38,26,12
56381106,229,122,107,222,119,103,11,1,10,20,16,4,2,0,2,7,3,4,154,64,90,46,17,29,0,0,0,11,0,11,39,17,22,58,30,28,0,0,0
56381107,33,23,10,32,23,9,2,1,1,3,1,2,0,0,0,1,0,1,27,15,12,8,4,4,0,0,0,3,0,3,10,6,4,6,5,1,0,0,0
56381108,291,163,128,282,157,125,6,1,5,34,19,15,3,0,3,9,6,3,283,130,153,127,58,69,1,1,0,16,0,16,53,27,26,86,44,42,2,0,2
56381109,287,161,126,244,136,108,5,2,3,27,14,13,3,0,3,43,25,18,330,150,180,110,45,65,0,0,0,22,0,22,106,57,49,92,48,44,9,4,5
3030970,0,0,0,0,0,0,0,0,0,0,0,0,0,0,0,0,0,0,0,0,0,0,0,0,0,0,0,0,0,0,0,0,0,0,0,0,0,0,0
56382001,122,67,55,115,64,51,2,0,2,12,7,5,1,0,1,7,3,4,128,59,69,69,29,40,0,0,0,4,0,4,19,11,8,36,19,17,1,1,0
56382002,34,19,15,33,18,15,1,0,1,2,1,1,0,0,0,1,1,0,42,16,26,23,10,13,0,0,0,1,0,1,7,2,5,11,4,7,3,0,3
56382003,220,101,119,205,97,108,9,4,5,18,12,6,2,0,2,15,4,11,182,86,96,104,40,64,0,0,0,5,0,5,25,15,10,48,31,17,3,3,0
56382004,21,12,9,19,12,7,0,0,0,3,2,1,0,0,0,2,0,2,41,15,26,19,8,11,0,0,0,2,0,2,5,2,3,15,5,10,0,0,0
56382005,456,237,219,398,210,188,14,4,10,48,26,22,3,0,3,58,27,31,513,217,296,258,103,155,2,1,1,13,0,13,91,42,49,149,71,78,16,9,7
56382006,27,14,13,27,14,13,2,1,1,3,1,2,0,0,0,0,0,0,33,16,17,22,11,11,0,0,0,2,0,2,4,3,1,5,2,3,1,1,0
56382007,1406,762,644,1294,703,591,37,19,18,200,96,104,5,1,4,112,59,53,1586,675,911,942,374,568,4,2,2,61,1,60,198,108,90,381,190,191,36,24,12
56382008,196,125,71,170,108,62,3,0,3,20,11,9,0,0,0,26,17,9,152,83,69,78,40,38,1,1,0,6,0,6,30,20,10,37,22,15,26,17,9
56382009,37,19,18,33,18,15,0,0,0,3,2,1,0,0,0,4,1,3,41,19,22,17,6,11,0,0,0,1,0,1,6,4,2,17,9,8,1,0,1
56382010,195,112,83,182,107,75,7,3,4,9,6,3,1,0,1,13,5,8,189,80,109,83,36,47,0,0,0,7,0,7,32,13,19,67,31,36,2,2,0
56382011,52,32,20,46,30,16,4,3,1,4,3,1,0,0,0,6,2,4,61,26,35,30,13,17,0,0,0,6,0,6,12,4,8,13,9,4,2,1,1
56383801,79,42,37,79,42,37,1,1,0,10,6,4,0,0,0,0,0,0,73,31,42,32,14,18,0,0,0,7,0,7,12,8,4,22,9,13,1,1,0
56383802,55,28,27,52,25,27,2,1,1,3,1,2,0,0,0,3,3,0,62,27,35,45,16,29,0,0,0,0,0,0,3,3,0,14,8,6,1,1,0
56383803,220,128,92,217,126,91,5,2,3,36,22,14,1,0,1,3,2,1,205,77,128,100,33,67,0,0,0,9,0,9,31,14,17,65,30,35,2,1,1
56383804,854,469,385,789,434,355,24,10,14,68,39,29,6,0,6,65,35,30,940,368,572,526,191,335,3,3,0,43,0,43,156,76,80,212,98,114,17,12,5
56383805,50,32,18,48,31,17,1,0,1,4,0,4,0,0,0,2,1,1,57,24,33,35,16,19,1,1,0,2,0,2,6,2,4,13,5,8,1,0,1
56384601,61,39,22,59,37,22,1,1,0,7,5,2,0,0,0,2,2,0,52,23,29,29,11,18,1,1,0,2,0,2,10,7,3,10,4,6,0,0,0
56385401,422,226,196,399,216,183,9,5,4,65,32,33,2,0,2,23,10,13,420,182,238,198,78,120,1,1,0,21,0,21,70,40,30,130,63,67,2,1,1
56385402,12,5,7,12,5,7,1,0,1,2,0,2,0,0,0,0,0,0,15,9,6,8,6,2,0,0,0,1,0,1,3,2,1,3,1,2,1,0,1
56386201,18,11,7,18,11,7,1,1,0,4,2,2,0,0,0,0,0,0,18,7,11,14,5,9,0,0,0,0,0,0,2,0,2,2,2,0,1,0,1
56386202,19,12,7,18,12,6,0,0,0,2,1,1,0,0,0,1,0,1,17,9,8,9,5,4,0,0,0,1,0,1,2,1,1,5,3,2,0,0,0
56386204,93,52,41,86,49,37,4,1,3,8,6,2,1,0,1,7,3,4,88,37,51,42,21,21,1,1,0,4,0,4,19,6,13,22,9,13,4,3,1
56386205,107,56,51,102,52,50,4,1,3,10,4,6,1,0,1,5,4,1,129,57,72,62,26,36,0,0,0,5,0,5,22,14,8,40,17,23,2,0,2
3107270,0,0,0,0,0,0,0,0,0,0,0,0,0,0,0,0,0,0,0,0,0,0,0,0,0,0,0,0,0,0,0,0,0,0,0,0,0,0,0
3107350,0,0,0,0,0,0,0,0,0,0,0,0,0,0,0,0,0,0,0,0,0,0,0,0,0,0,0,0,0,0,0,0,0,0,0,0,0,0,0
56387101,63,33,30,61,32,29,0,0,0,12,3,9,0,0,0,2,1,1,50,22,28,26,14,12,1,0,1,0,0,0,6,2,4,17,6,11,0,0,0
56387102,102,59,43,102,59,43,0,0,0,14,8,6,0,0,0,0,0,0,105,51,54,63,30,33,0,0,0,2,0,2,11,6,5,29,15,14,1,1,0
56387103,21,11,10,19,11,8,1,0,1,3,1,2,0,0,0,2,0,2,21,8,13,11,5,6,0,0,0,1,0,1,2,0,2,7,3,4,0,0,0
56387104,159,91,68,156,90,66,5,2,3,32,20,12,0,0,0,3,1,2,122,50,72,62,25,37,0,0,0,1,0,1,13,3,10,46,22,24,2,0,2
56387105,124,69,55,121,67,54,2,0,2,12,9,3,2,0,2,3,2,1,141,65,76,77,35,42,1,1,0,4,0,4,17,8,9,42,21,21,2,0,2
56387106,66,35,31,66,35,31,3,3,0,5,1,4,2,0,2,0,0,0,81,39,42,29,14,15,0,0,0,4,0,4,17,7,10,31,18,13,0,0,0
56387107,27,16,11,27,16,11,0,0,0,7,4,3,0,0,0,0,0,0,29,15,14,15,7,8,0,0,0,0,0,0,3,3,0,11,5,6,2,1,1
56387108,77,39,38,75,38,37,7,2,5,14,6,8,0,0,0,2,1,1,56,23,33,24,9,15,0,0,0,4,0,4,11,5,6,17,9,8,1,0,1
56387109,22,12,10,21,12,9,2,1,1,2,1,1,0,0,0,1,0,1,23,13,10,11,7,4,0,0,0,0,0,0,3,2,1,9,4,5,0,0,0
56387110,104,51,53,101,50,51,7,1,6,24,11,13,0,0,0,3,1,2,98,43,55,47,21,26,0,0,0,4,0,4,14,6,8,33,16,17,1,0,1
56387111,17,9,8,17,9,8,0,0,0,3,0,3,0,0,0,0,0,0,20,12,8,13,9,4,0,0,0,1,0,1,4,2,2,2,1,1,0,0,0
56387112,73,42,31,69,40,29,1,1,0,12,5,7,1,0,1,4,2,2,104,40,64,74,25,49,0,0,0,1,0,1,7,3,4,22,12,10,2,2,0
56387113,28,15,13,28,15,13,0,0,0,3,0,3,0,0,0,0,0,0,28,9,19,18,6,12,0,0,0,0,0,0,2,0,2,8,3,5,1,1,0
56387115,23,12,11,22,12,10,0,0,0,1,1,0,0,0,0,1,0,1,19,6,13,10,3,7,0,0,0,0,0,0,3,0,3,6,3,3,0,0,0
56387116,169,93,76,154,87,67,2,1,1,30,12,18,2,0,2,15,6,9,187,77,110,110,40,70,2,1,1,10,0,10,29,14,15,36,22,14,12,9,3
56387117,403,224,179,382,213,169,8,3,5,60,27,33,2,0,2,21,11,10,379,166,213,208,82,126,0,0,0,14,0,14,54,31,23,103,53,50,20,14,6
56387118,45,24,21,44,23,21,2,1,1,9,4,5,0,0,0,1,1,0,24,7,17,8,2,6,0,0,0,0,0,0,3,1,2,13,4,9,0,0,0
56387119,352,181,171,338,174,164,2,1,1,54,20,34,0,0,0,14,7,7,390,149,241,249,95,154,1,1,0,9,0,9,45,18,27,86,35,51,15,8,7
56387120,178,92,86,173,89,84,6,2,4,31,9,22,1,0,1,5,3,2,174,73,101,93,39,54,0,0,0,6,0,6,17,6,11,58,28,30,2,1,1
56387121,594,329,265,568,318,250,18,6,12,106,45,61,4,0,4,26,11,15,587,247,340,319,124,195,2,0,2,26,0,26,94,50,44,146,73,73,14,8,6
56387122,187,106,81,179,104,75,1,0,1,25,14,11,2,0,2,8,2,6,183,66,117,85,24,61,0,0,0,11,0,11,40,23,17,47,19,28,4,4,0
57708101,288,156,132,274,150,124,10,3,7,53,30,23,0,0,0,14,6,8,204,88,116,92,42,50,1,1,0,10,0,10,31,14,17,70,31,39,11,6,5
57708102,24,12,12,24,12,12,0,0,0,1,1,0,0,0,0,0,0,0,15,8,7,6,3,3,0,0,0,0,0,0,3,2,1,6,3,3,0,0,0
57708104,426,235,191,408,227,181,10,5,5,51,21,30,3,0,3,18,8,10,376,158,218,210,85,125,0,0,0,14,0,14,47,23,24,105,50,55,2,0,2
53043301,191,117,74,178,110,68,2,1,1,19,10,9,2,0,2,13,7,6,168,81,87,79,35,44,0,0,0,6,0,6,36,18,18,47,28,19,6,5,1
53046801,465,262,203,445,251,194,22,15,7,49,20,29,3,0,3,20,11,9,407,195,212,147,64,83,1,0,1,26,0,26,82,38,44,151,93,58,9,4,5
53046802,40,22,18,38,20,18,3,2,1,2,1,1,0,0,0,2,2,0,26,11,15,12,5,7,0,0,0,2,0,2,4,4,0,8,2,6,0,0,0
53048401,210,117,93,203,113,90,6,6,0,13,5,8,0,0,0,7,4,3,180,88,92,66,33,33,0,0,0,9,0,9,47,24,23,58,31,27,6,3,3
53048402,103,58,45,101,56,45,6,3,3,9,5,4,2,0,2,2,2,0,76,37,39,19,9,10,0,0,0,5,0,5,16,10,6,36,18,18,0,0,0
54434501,41,20,21,41,20,21,0,0,0,4,1,3,0,0,0,0,0,0,34,21,13,17,11,6,1,1,0,2,0,2,6,3,3,8,6,2,0,0,0
54434503,135,78,57,126,76,50,5,4,1,13,9,4,1,0,1,9,2,7,109,44,65,40,18,22,0,0,0,12,0,12,21,11,10,36,15,21,0,0,0
54434504,36,18,18,32,16,16,1,0,1,1,0,1,0,0,0,4,2,2,38,21,17,18,10,8,0,0,0,3,0,3,8,5,3,9,6,3,0,0,0
54434505,12,7,5,11,7,4,0,0,0,0,0,0,0,0,0,1,0,1,13,4,9,1,0,1,0,0,0,0,0,0,4,2,2,8,2,6,0,0,0
0260260,0,0,0,0,0,0,0,0,0,0,0,0,0,0,0,0,0,0,0,0,0,0,0,0,0,0,0,0,0,0,0,0,0,0,0,0,0,0,0
54435301,88,54,34,85,53,32,1,1,0,3,2,1,0,0,0,3,1,2,82,37,45,45,21,24,0,0,0,3,0,3,13,8,5,21,8,13,3,2,1
54435302,53,34,19,52,33,19,0,0,0,5,3,2,0,0,0,1,1,0,42,17,25,19,9,10,1,1,0,3,0,3,12,6,6,7,1,6,1,0,1
54447701,1166,626,540,1129,609,520,43,19,24,119,67,52,10,0,10,37,17,20,1065,496,569,415,188,227,1,1,0,53,1,52,206,102,104,390,204,186,23,15,8
54447702,51,29,22,48,28,20,0,0,0,4,2,2,0,0,0,3,1,2,35,9,26,10,3,7,0,0,0,4,0,4,12,6,6,9,0,9,1,1,0
54453101,135,82,53,132,80,52,6,4,2,10,7,3,2,0,2,3,2,1,93,33,60,34,10,24,0,0,0,5,0,5,25,10,15,29,13,16,3,3,0
54453102,19,11,8,19,11,8,0,0,0,2,1,1,0,0,0,0,0,0,6,3,3,2,1,1,0,0,0,0,0,0,2,1,1,2,1,1,0,0,0
54453103,166,97,69,157,92,65,3,2,1,19,9,10,1,1,0,9,5,4,140,57,83,63,26,37,0,0,0,8,0,8,32,19,13,37,12,25,1,0,1
54458201,149,87,62,137,79,58,1,1,0,20,12,8,1,0,1,12,8,4,245,91,154,143,46,97,0,0,0,9,0,9,32,13,19,61,32,29,1,0,1
54460401,88,48,40,83,47,36,1,1,0,14,7,7,1,0,1,5,1,4,72,32,40,25,12,13,0,0,0,4,0,4,19,13,6,24,7,17,2,1,1
54593701,117,64,53,114,61,53,4,1,3,10,5,5,0,0,0,3,3,0,93,32,61,47,20,27,1,1,0,4,0,4,9,3,6,32,8,24,2,0,2
54595301,64,36,28,64,36,28,3,1,2,8,5,3,0,0,0,0,0,0,67,29,38,34,15,19,0,0,0,5,0,5,9,3,6,19,11,8,1,1,0
54595303,84,47,37,80,45,35,4,3,1,6,2,4,0,0,0,4,2,2,81,35,46,33,14,19,0,0,0,9,0,9,16,12,4,23,9,14,0,0,0
54595304,29,17,12,29,17,12,0,0,0,2,1,1,0,0,0,0,0,0,29,13,16,15,7,8,0,0,0,2,0,2,5,2,3,7,4,3,0,0,0
54599601,28,17,11,26,16,10,1,1,0,1,0,1,1,0,1,2,1,1,44,22,22,29,16,13,0,0,0,2,0,2,7,3,4,6,3,3,3,2,1
54599602,46,29,17,43,28,15,1,0,1,3,1,2,1,0,1,3,1,2,44,17,27,23,9,14,0,0,0,0,0,0,8,4,4,13,4,9,0,0,0
54599603,25,13,12,19,11,8,1,1,0,4,1,3,0,0,0,6,2,4,37,15,22,19,6,13,0,0,0,0,0,0,7,4,3,11,5,6,8,5,3
54599604,36,21,15,32,21,11,0,0,0,4,2,2,0,0,0,4,0,4,40,19,21,18,9,9,0,0,0,4,0,4,9,3,6,9,7,2,1,1,0
54659301,23,12,11,22,12,10,1,0,1,3,2,1,0,0,0,1,0,1,22,10,12,12,6,6,0,0,0,1,0,1,3,1,2,6,3,3,0,0,0
54659302,376,213,163,344,196,148,11,6,5,28,18,10,3,0,3,32,17,15,332,150,182,146,65,81,3,2,1,13,0,13,69,35,34,101,48,53,15,11,4
54659303,24,15,9,24,15,9,0,0,0,1,1,0,0,0,0,0,0,0,23,15,8,14,7,7,0,0,0,0,0,0,3,3,0,6,5,1,0,0,0
54659304,49,26,23,43,22,21,0,0,0,2,1,1,0,0,0,6,4,2,50,18,32,28,9,19,0,0,0,1,0,1,4,0,4,17,9,8,0,0,0
54660701,353,191,162,328,181,147,7,2,5,25,10,15,1,0,1,25,10,15,328,150,178,160,70,90,0,0,0,9,0,9,51,31,20,108,49,59,15,7,8
54663101,334,193,141,310,182,128,13,3,10,16,10,6,1,0,1,24,11,13,352,152,200,177,74,103,2,1,1,16,0,16,67,37,30,90,40,50,8,3,5
54665801,93,47,46,90,47,43,2,0,2,10,3,7,1,0,1,3,0,3,74,39,35,35,18,17,0,0,0,4,0,4,14,7,7,21,14,7,3,1,2
56163101,123,73,50,116,70,46,2,0,2,11,8,3,2,0,2,7,3,4,126,65,61,67,31,36,0,0,0,6,0,6,20,16,4,33,18,15,2,2,0
56163102,71,39,32,66,36,30,1,1,0,5,4,1,2,0,2,5,3,2,68,27,41,23,11,12,0,0,0,4,0,4,15,3,12,26,13,13,0,0,0
56163103,848,467,381,783,432,351,28,10,18,71,38,33,8,0,8,65,35,30,699,287,412,316,123,193,4,2,2,28,0,28,118,49,69,233,113,120,26,18,8
56163104,10,6,4,9,6,3,0,0,0,0,0,0,0,0,0,1,0,1,20,9,11,8,3,5,0,0,0,2,0,2,6,3,3,4,3,1,0,0,0
56163105,483,269,214,460,260,200,13,7,6,52,27,25,3,0,3,23,9,14,469,203,266,255,109,146,0,0,0,22,0,22,67,38,29,125,56,69,11,9,2
56163106,17,9,8,15,8,7,0,0,0,2,2,0,0,0,0,2,1,1,16,7,9,7,3,4,0,0,0,1,0,1,1,1,0,7,3,4,0,0,0
56163107,68,38,30,65,37,28,1,0,1,6,3,3,0,0,0,3,1,2,75,40,35,20,9,11,2,1,1,5,0,5,18,8,10,30,22,8,0,0,0
56163108,13,7,6,12,6,6,0,0,0,0,0,0,0,0,0,1,1,0,15,7,8,8,4,4,0,0,0,0,0,0,1,0,1,6,3,3,0,0,0
56163109,38,20,18,37,20,17,0,0,0,5,2,3,0,0,0,1,0,1,44,18,26,23,12,11,0,0,0,4,0,4,6,4,2,11,2,9,0,0,0
56163110,12,7,5,11,6,5,0,0,0,2,1,1,0,0,0,1,1,0,13,7,6,6,3,3,0,0,0,1,0,1,2,1,1,4,3,1,0,0,0
56163112,86,53,33,82,50,32,2,2,0,7,6,1,0,0,0,4,3,1,80,42,38,44,19,25,0,0,0,2,0,2,12,10,2,22,13,9,2,1,1
56163113,75,45,30,70,44,26,4,3,1,5,4,1,0,0,0,5,1,4,60,28,32,24,12,12,0,0,0,6,0,6,15,6,9,15,10,5,0,0,0
56163115,16,9,7,14,9,5,0,0,0,2,1,1,0,0,0,2,0,2,39,23,16,6,4,2,0,0,0,0,0,0,5,1,4,28,18,10,0,0,0
56165701,50,30,20,46,29,17,2,1,1,6,5,1,0,0,0,4,1,3,45,18,27,34,13,21,0,0,0,1,0,1,4,1,3,6,4,2,0,0,0
0820403,0,0,0,0,0,0,0,0,0,0,0,0,0,0,0,0,0,0,0,0,0,0,0,0,0,0,0,0,0,0,0,0,0,0,0,0,0,0,0
0821390,0,0,0,0,0,0,0,0,0,0,0,0,0,0,0,0,0,0,0,0,0,0,0,0,0,0,0,0,0,0,0,0,0,0,0,0,0,0,0
3186800,0,0,0,0,0,0,0,0,0,0,0,0,0,0,0,0,0,0,0,0,0,0,0,0,0,0,0,0,0,0,0,0,0,0,0,0,0,0,0
3187440,0,0,0,0,0,0,0,0,0,0,0,0,0,0,0,0,0,0,0,0,0,0,0,0,0,0,0,0,0,0,0,0,0,0,0,0,0,0,0
55690401,938,643,295,814,563,251,22,9,13,57,37,20,2,0,2,124,80,44,463,232,231,150,83,67,3,2,1,22,0,22,148,82,66,140,65,75,335,266,69
55690402,109,60,49,103,56,47,3,1,2,9,2,7,0,0,0,6,4,2,76,33,43,30,8,22,1,1,0,2,0,2,13,10,3,30,14,16,8,4,4
55690403,829,455,374,780,435,345,52,18,34,44,19,25,6,0,6,49,20,29,480,189,291,199,69,130,3,0,3,22,0,22,94,41,53,162,79,83,85,51,34
55690404,41,26,15,38,24,14,1,1,0,4,2,2,0,0,0,3,2,1,47,14,33,16,6,10,0,0,0,4,0,4,9,3,6,18,5,13,1,1,0
55690405,1258,656,602,1208,631,577,51,27,24,126,53,73,7,0,7,50,25,25,1072,440,632,500,198,302,3,1,2,59,0,59,202,92,110,308,149,159,39,18,21
55690406,16,9,7,15,8,7,0,0,0,0,0,0,0,0,0,1,1,0,12,5,7,4,1,3,0,0,0,0,0,0,1,0,1,7,4,3,0,0,0
55690408,1405,751,654,1342,723,619,69,38,31,145,76,69,12,0,12,63,28,35,1191,510,681,448,167,281,8,5,3,75,0,75,285,146,139,375,192,183,59,36,23
55690409,57,29,28,54,27,27,2,2,0,4,4,0,0,0,0,3,2,1,16,6,10,5,1,4,0,0,0,0,0,0,5,2,3,6,3,3,5,3,2
55690410,657,363,294,634,350,284,40,22,18,77,43,34,5,0,5,23,13,10,569,234,335,251,104,147,1,1,0,33,0,33,139,65,74,145,64,81,25,12,13
55690411,768,407,361,740,392,348,30,15,15,84,37,47,11,0,11,28,15,13,773,272,501,341,101,240,4,2,2,49,0,49,163,82,81,216,87,129,17,8,9
55690412,1628,849,779,1555,819,736,67,31,36,242,103,139,9,0,9,73,30,43,1566,639,927,859,333,526,3,1,2,74,0,74,247,131,116,383,174,209,38,19,19
55690413,1499,790,709,1417,754,663,56,28,28,189,95,94,10,0,10,82,36,46,1501,638,863,865,332,533,1,1,0,61,0,61,239,131,108,335,174,161,35,18,17
55690414,239,123,116,224,115,109,10,5,5,20,6,14,1,0,1,15,8,7,152,74,78,61,19,42,2,2,0,3,0,3,39,23,16,47,30,17,9,5,4
55690416,599,341,258,566,322,244,19,11,8,45,22,23,2,0,2,33,19,14,452,177,275,204,72,132,0,0,0,29,1,28,92,52,40,127,52,75,21,11,10
55690417,938,464,474,900,444,456,46,15,31,138,68,70,2,0,2,38,20,18,878,385,493,512,206,306,0,0,0,34,0,34,102,53,49,230,126,104,13,7,6
55690418,53,36,17,47,33,14,0,0,0,3,2,1,0,0,0,6,3,3,29,14,15,7,1,6,0,0,0,0,0,0,4,3,1,18,10,8,5,4,1
55690419,50,30,20,46,29,17,0,0,0,2,0,2,0,0,0,4,1,3,23,11,12,8,4,4,0,0,0,1,0,1,4,2,2,10,5,5,3,2,1
55690420,3411,1798,1613,3232,1717,1515,97,49,48,319,153,166,28,0,28,179,81,98,2510,1044,1466,1111,402,709,9,4,5,147,0,147,473,224,249,770,414,356,58,30,28
55690421,888,497,391,845,474,371,26,16,10,73,33,40,9,0,9,43,23,20,561,222,339,240,90,150,1,1,0,34,0,34,128,55,73,158,76,82,37,22,15
55690422,412,233,179,388,223,165,10,2,8,34,16,18,4,0,4,24,10,14,230,111,119,88,35,53,0,0,0,6,0,6,43,20,23,93,56,37,14,10,4
55690423,491,275,216,469,266,203,11,6,5,61,34,27,4,0,4,22,9,13,500,204,296,300,127,173,0,0,0,26,0,26,73,31,42,101,46,55,28,16,12
55690424,23,13,10,18,10,8,1,0,1,1,1,0,0,0,0,5,3,2,9,5,4,5,3,2,0,0,0,0,0,0,1,0,1,3,2,1,0,0,0
55690425,128,76,52,120,73,47,7,4,3,20,11,9,0,0,0,8,3,5,102,47,55,50,23,27,0,0,0,5,0,5,21,13,8,26,11,15,7,4,3
55690426,1164,623,541,1118,597,521,56,29,27,120,56,64,5,0,5,46,26,20,983,428,555,428,173,255,1,0,1,43,0,43,152,80,72,359,175,184,18,13,5
55690427,118,70,48,114,69,45,14,8,6,8,5,3,0,0,0,4,1,3,71,31,40,20,10,10,1,1,0,2,0,2,10,5,5,38,15,23,4,4,0
55690428,108,59,49,103,54,49,3,1,2,8,3,5,0,0,0,5,5,0,94,38,56,37,15,22,0,0,0,8,0,8,23,9,14,26,14,12,0,0,0
55690429,467,256,211,430,240,190,18,9,9,53,25,28,3,0,3,37,16,21,392,172,220,191,75,116,0,0,0,22,0,22,75,42,33,104,55,49,11,6,5
55690430,1924,1026,898,1814,970,844,71,37,34,218,107,111,15,0,15,110,56,54,1695,719,976,880,351,529,6,2,4,73,1,72,286,143,143,450,222,228,57,29,28
55690431,903,483,420,849,457,392,41,16,25,92,47,45,5,0,5,54,26,28,747,320,427,390,147,243,2,2,0,32,0,32,121,67,54,202,104,98,29,14,15
55690434,30,20,10,30,20,10,1,0,1,4,4,0,0,0,0,0,0,0,37,11,26,15,5,10,0,0,0,3,0,3,5,1,4,14,5,9,0,0,0
55690435,258,148,110,248,143,105,8,3,5,36,27,9,2,0,2,10,5,5,217,84,133,108,40,68,0,0,0,10,0,10,36,19,17,63,25,38,5,0,5
55690436,28,16,12,27,16,11,1,1,0,2,1,1,0,0,0,1,0,1,26,14,12,18,9,9,0,0,0,1,0,1,4,2,2,3,3,0,1,1,0
55690437,341,183,158,332,177,155,13,6,7,50,28,22,2,0,2,9,6,3,431,181,250,245,102,143,3,2,1,13,0,13,55,21,34,115,56,59,5,2,3
55690438,386,197,189,377,192,185,20,10,10,27,10,17,2,0,2,9,5,4,297,135,162,68,23,45,0,0,0,13,0,13,65,27,38,151,85,66,6,1,5
55690439,1660,862,798,1584,830,754,68,32,36,205,99,106,12,0,12,76,32,44,1514,654,860,778,315,463,5,4,1,72,1,71,234,129,105,425,205,220,43,28,15
55690440,1296,642,654,1246,622,624,45,22,23,150,61,89,8,0,8,50,20,30,1258,509,749,657,249,408,3,3,0,65,0,65,198,90,108,335,167,168,24,13,11
55690442,969,508,461,938,492,446,57,25,32,113,53,60,7,0,7,31,16,15,857,382,475,312,112,200,6,2,4,47,0,47,162,82,80,330,186,144,18,9,9
55690443,1094,573,521,1045,552,493,52,25,27,156,76,80,9,0,9,49,21,28,1066,444,622,523,205,318,8,3,5,45,0,45,179,84,95,311,152,159,29,12,17
55690444,1642,847,795,1584,827,757,74,29,45,192,83,109,8,0,8,58,20,38,1632,636,996,968,335,633,1,1,0,63,0,63,214,100,114,386,200,186,44,19,25
55690445,552,286,266,540,281,259,27,17,10,58,21,37,5,0,5,12,5,7,514,228,286,213,84,129,0,0,0,24,0,24,97,48,49,180,96,84,12,5,7
55690446,127,71,56,122,69,53,5,3,2,13,9,4,0,0,0,5,2,3,109,44,65,33,15,18,0,0,0,6,0,6,17,8,9,53,21,32,1,0,1
55690447,243,134,109,234,128,106,15,7,8,33,17,16,1,0,1,9,6,3,284,97,187,197,60,137,1,1,0,8,0,8,26,11,15,52,25,27,5,3,2
55690448,71,38,33,69,38,31,3,1,2,11,5,6,0,0,0,2,0,2,65,30,35,33,14,19,0,0,0,2,0,2,14,9,5,16,7,9,1,0,1
55690449,1707,872,835,1637,837,800,63,21,42,205,86,119,8,0,8,70,35,35,1367,559,808,650,250,400,4,2,2,69,0,69,223,98,125,421,209,212,27,15,12
55690450,546,281,265,529,277,252,33,12,21,90,46,44,7,0,7,17,4,13,544,221,323,307,123,184,3,2,1,19,0,19,93,44,49,122,52,70,5,4,1
55690451,1079,609,470,1048,598,450,178,99,79,126,59,67,7,0,7,31,11,20,883,416,467,276,112,164,1,0,1,39,0,39,137,70,67,430,234,196,26,17,9
55690452,183,98,85,177,96,81,9,4,5,18,13,5,0,0,0,6,2,4,192,80,112,71,31,40,2,1,1,9,0,9,38,17,21,72,31,41,2,0,2
55690453,290,163,127,266,150,116,5,0,5,20,12,8,1,0,1,24,13,11,242,128,114,86,46,40,3,0,3,8,0,8,58,28,30,87,54,33,8,6,2
55690454,289,155,134,281,152,129,13,7,6,19,12,7,3,0,3,8,3,5,247,102,145,63,26,37,1,1,0,12,0,12,55,21,34,116,54,62,3,2,1
55690456,815,437,378,792,424,368,33,17,16,94,52,42,11,0,11,23,13,10,669,311,358,220,90,130,1,1,0,32,0,32,154,79,75,262,141,121,6,1,5
55690457,76,41,35,72,38,34,5,3,2,4,3,1,1,0,1,4,3,1,79,32,47,27,10,17,0,0,0,2,0,2,13,8,5,37,14,23,0,0,0
55690458,348,194,154,338,189,149,18,5,13,33,21,12,6,0,6,10,5,5,320,135,185,129,50,79,0,0,0,16,0,16,70,31,39,105,54,51,4,2,2
55690459,274,150,124,263,144,119,6,2,4,17,10,7,6,0,6,11,6,5,213,96,117,77,29,48,1,0,1,12,0,12,39,19,20,84,48,36,3,1,2
55690460,310,166,144,302,165,137,14,8,6,20,10,10,4,0,4,8,1,7,261,119,142,64,24,40,0,0,0,14,0,14,69,37,32,114,58,56,3,0,3
55690461,1364,735,629,1298,708,590,63,29,34,107,57,50,13,0,13,66,27,39,978,415,563,395,165,230,5,1,4,46,0,46,176,77,99,356,172,184,15,9,6
55690462,13,6,7,12,6,6,2,2,0,2,1,1,0,0,0,1,0,1,16,6,10,9,4,5,0,0,0,2,0,2,3,1,2,2,1,1,0,0,0
55690463,12,4,8,10,3,7,0,0,0,1,0,1,0,0,0,2,1,1,9,5,4,6,4,2,0,0,0,0,0,0,1,0,1,2,1,1,0,0,0
55690464,348,187,161,333,182,151,12,5,7,47,25,22,4,0,4,15,5,10,290,118,172,145,53,92,1,1,0,11,0,11,47,18,29,86,46,40,4,2,2
55690465,501,268,233,482,259,223,26,13,13,53,33,20,0,0,0,19,9,10,462,203,259,216,88,128,0,0,0,11,0,11,75,32,43,160,83,77,4,1,3
55690466,363,200,163,352,194,158,9,4,5,28,16,12,4,0,4,11,6,5,336,160,176,136,61,75,0,0,0,19,0,19,64,27,37,117,72,45,5,3,2
55690467,60,33,27,57,32,25,1,0,1,10,4,6,0,0,0,3,1,2,47,22,25,22,9,13,0,0,0,2,0,2,9,5,4,14,8,6,2,0,2
55690468,99,54,45,96,52,44,3,1,2,1,0,1,0,0,0,3,2,1,72,33,39,27,12,15,0,0,0,2,0,2,12,4,8,31,17,14,1,0,1
55690469,563,313,250,531,292,239,28,15,13,41,17,24,2,0,2,32,21,11,472,202,270,219,90,129,0,0,0,22,0,22,76,38,38,155,74,81,15,9,6
55690470,64,31,33,61,31,30,2,0,2,9,6,3,0,0,0,3,0,3,51,27,24,31,17,14,0,0,0,0,0,0,3,1,2,17,9,8,0,0,0
55690471,118,67,51,112,64,48,7,5,2,12,7,5,1,0,1,6,3,3,82,38,44,23,9,14,1,0,1,6,0,6,18,12,6,34,17,17,0,0,0
55690472,81,48,33,75,43,32,2,2,0,4,2,2,0,0,0,6,5,1,67,32,35,19,7,12,0,0,0,4,0,4,16,12,4,28,13,15,5,2,3
55690473,2300,1212,1088,2182,1152,1030,79,34,45,236,113,123,12,0,12,118,60,58,1806,757,1049,703,281,422,2,2,0,96,1,95,360,160,200,645,313,332,48,26,22
55690475,98,53,45,92,50,42,5,3,2,7,2,5,0,0,0,6,3,3,74,37,37,27,15,12,1,1,0,5,0,5,15,5,10,26,16,10,0,0,0
55690476,585,334,251,533,308,225,22,9,13,43,18,25,4,0,4,52,26,26,341,151,190,122,46,76,2,1,1,18,0,18,85,43,42,114,61,53,24,11,13
55690477,1173,716,457,1037,612,425,53,24,29,90,44,46,2,0,2,136,104,32,820,438,382,281,125,156,5,3,2,37,1,36,264,191,73,233,118,115,36,24,12
55690478,228,128,100,218,126,92,12,5,7,15,2,13,1,0,1,10,2,8,99,52,47,27,14,13,0,0,0,7,0,7,37,22,15,28,16,12,15,5,10
55690479,914,476,438,857,449,408,32,16,16,71,28,43,8,0,8,57,27,30,761,290,471,431,145,286,3,3,0,31,0,31,119,52,67,177,90,87,38,21,17
55690480,43,27,16,42,27,15,0,0,0,1,0,1,0,0,0,1,0,1,9,6,3,7,5,2,0,0,0,0,0,0,1,0,1,1,1,0,8,5,3
55690481,1430,781,649,1315,726,589,61,33,28,99,51,48,10,0,10,115,55,60,1177,464,713,593,198,395,3,1,2,47,0,47,199,97,102,335,168,167,63,34,29
55690482,546,305,241,504,281,223,16,4,12,47,21,26,5,0,5,42,24,18,314,144,170,106,53,53,1,0,1,15,0,15,78,38,40,114,53,61,12,4,8
55690483,188,94,94,176,88,88,6,3,3,21,7,14,0,0,0,12,6,6,163,57,106,105,36,69,0,0,0,4,0,4,27,9,18,27,12,15,7,6,1
55690484,1103,573,530,1056,548,508,60,31,29,106,50,56,12,0,12,47,25,22,790,345,445,332,137,195,7,6,1,39,0,39,142,73,69,270,129,141,31,19,12
55690485,457,248,209,420,230,190,16,8,8,33,15,18,2,0,2,37,18,19,292,136,156,114,48,66,2,1,1,15,0,15,71,35,36,90,52,38,24,13,11
55690486,49,27,22,47,27,20,0,0,0,5,3,2,0,0,0,2,0,2,12,6,6,9,4,5,1,1,0,0,0,0,1,1,0,1,0,1,1,1,0
55690487,1290,658,632,1234,639,595,56,26,30,124,64,60,10,0,10,56,19,37,1117,426,691,644,214,430,3,3,0,49,0,49,168,83,85,253,126,127,49,20,29
55690488,14,8,6,10,5,5,1,0,1,2,1,1,0,0,0,4,3,1,20,15,5,7,4,3,0,0,0,0,0,0,6,5,1,7,6,1,0,0,0
55690489,1039,555,484,998,534,464,61,32,29,97,50,47,13,0,13,41,21,20,780,335,445,287,110,177,7,4,3,47,1,46,175,83,92,264,137,127,30,15,15
55690491,79,47,32,75,45,30,5,4,1,7,6,1,0,0,0,4,2,2,51,24,27,14,6,8,0,0,0,4,0,4,10,6,4,23,12,11,2,2,0
55690492,469,251,218,449,244,205,30,10,20,44,21,23,4,0,4,20,7,13,362,157,205,138,57,81,2,0,2,18,0,18,73,36,37,131,64,67,10,5,5
55689101,44,23,21,44,23,21,3,1,2,3,1,2,0,0,0,0,0,0,39,18,21,12,6,6,1,0,1,2,0,2,10,7,3,14,5,9,2,0,2
55689102,58,34,24,55,31,24,0,0,0,5,3,2,0,0,0,3,3,0,37,20,17,15,8,7,0,0,0,2,0,2,6,4,2,14,8,6,0,0,0
55689103,22,11,11,22,11,11,1,0,1,0,0,0,0,0,0,0,0,0,16,5,11,7,3,4,0,0,0,1,0,1,3,1,2,5,1,4,0,0,0
55689104,1514,798,716,1440,769,671,43,19,24,152,83,69,11,0,11,74,29,45,1131,454,677,537,198,339,1,0,1,45,0,45,203,105,98,345,151,194,59,36,23
55689105,208,106,102,190,99,91,8,2,6,23,18,5,1,0,1,18,7,11,197,90,107,70,30,40,2,2,0,11,0,11,42,23,19,72,35,37,7,5,2
55689106,418,223,195,410,218,192,16,8,8,50,24,26,3,0,3,8,5,3,336,149,187,133,61,72,2,1,1,5,0,5,51,21,30,145,66,79,7,5,2
55689107,439,229,210,416,218,198,27,10,17,45,20,25,6,0,6,23,11,12,317,144,173,128,51,77,0,0,0,15,0,15,66,34,32,108,59,49,12,6,6
55689108,297,154,143,286,148,138,9,2,7,26,13,13,2,0,2,11,6,5,380,143,237,231,79,152,0,0,0,13,0,13,42,17,25,94,47,47,6,3,3
55689109,870,442,428,818,421,397,37,19,18,112,48,64,5,0,5,52,21,31,759,313,446,315,113,202,3,1,2,43,1,42,153,71,82,245,127,118,22,12,10
55689110,973,530,443,933,508,425,53,23,30,99,55,44,6,0,6,40,22,18,745,334,411,299,121,178,3,2,1,30,0,30,127,66,61,286,145,141,20,13,7
56390101,166,88,78,150,79,71,1,0,1,14,5,9,1,0,1,16,9,7,145,66,79,59,31,28,1,0,1,6,0,6,33,14,19,46,21,25,4,3,1
56390103,101,57,44,96,54,42,3,2,1,12,7,5,0,0,0,5,3,2,110,38,72,37,14,23,0,0,0,7,0,7,30,12,18,36,12,24,1,1,0
56390105,34,19,15,32,17,15,2,0,2,3,2,1,0,0,0,2,2,0,33,15,18,11,5,6,0,0,0,3,0,3,6,3,3,13,7,6,0,0,0
56390106,10,6,4,6,4,2,0,0,0,1,1,0,0,0,0,4,2,2,19,11,8,11,6,5,0,0,0,3,0,3,4,4,0,1,1,0,0,0,0
56390107,14,9,5,14,9,5,0,0,0,1,1,0,0,0,0,0,0,0,11,3,8,8,2,6,0,0,0,0,0,0,0,0,0,3,1,2,0,0,0
56390108,17,12,5,17,12,5,1,1,0,2,1,1,1,0,1,0,0,0,22,9,13,14,6,8,0,0,0,1,0,1,4,2,2,3,1,2,0,0,0
56390109,32,20,12,31,20,11,0,0,0,6,4,2,0,0,0,1,0,1,26,10,16,12,4,8,0,0,0,2,0,2,3,2,1,9,4,5,0,0,0
56390110,22,12,10,21,11,10,2,1,1,4,2,2,0,0,0,1,1,0,23,8,15,9,3,6,0,0,0,1,1,0,6,2,4,7,2,5,0,0,0
56390111,71,40,31,69,40,29,2,1,1,6,3,3,0,0,0,2,0,2,64,34,30,21,9,12,0,0,0,2,0,2,13,7,6,28,18,10,1,0,1
56390112,16,10,6,15,10,5,0,0,0,2,2,0,0,0,0,1,0,1,12,7,5,3,2,1,0,0,0,0,0,0,1,1,0,8,4,4,0,0,0
56391901,528,292,236,511,284,227,17,9,8,47,27,20,6,0,6,17,8,9,451,214,237,181,72,109,0,0,0,22,0,22,88,50,38,160,92,68,9,7,2
56391902,13,8,5,13,8,5,1,1,0,2,2,0,0,0,0,0,0,0,7,4,3,2,1,1,0,0,0,0,0,0,2,2,0,3,1,2,0,0,0
56391903,35,18,17,34,17,17,2,1,1,3,1,2,1,0,1,1,1,0,19,7,12,5,1,4,0,0,0,2,0,2,4,2,2,8,4,4,1,0,1
56393501,167,89,78,137,76,61,2,2,0,13,7,6,1,0,1,30,13,17,156,71,85,55,28,27,0,0,0,9,0,9,43,19,24,49,24,25,6,3,3
56393502,294,170,124,257,152,105,2,2,0,27,15,12,0,0,0,37,18,19,243,106,137,107,45,62,1,0,1,8,0,8,40,16,24,87,45,42,15,15,0
56393503,24,14,10,23,13,10,0,0,0,1,0,1,0,0,0,1,1,0,24,9,15,12,6,6,0,0,0,1,0,1,3,1,2,8,2,6,1,0,1
56394302,13,5,8,12,5,7,1,0,1,1,0,1,0,0,0,1,0,1,24,10,14,10,6,4,0,0,0,2,0,2,6,3,3,6,1,5,0,0,0
56394304,35,21,14,34,20,14,2,1,1,1,0,1,0,0,0,1,1,0,29,15,14,12,5,7,0,0,0,0,0,0,4,3,1,13,7,6,0,0,0
56394306,12,8,4,12,8,4,0,0,0,2,2,0,0,0,0,0,0,0,8,3,5,3,0,3,0,0,0,0,0,0,1,0,1,4,3,1,0,0,0
56396001,46,26,20,45,25,20,0,0,0,8,3,5,0,0,0,1,1,0,21,10,11,11,5,6,0,0,0,1,0,1,4,2,2,5,3,2,0,0,0
56396002,49,29,20,46,28,18,4,1,3,0,0,0,0,0,0,3,1,2,52,24,28,18,8,10,0,0,0,6,0,6,14,7,7,14,9,5,0,0,0
56396003,32,17,15,27,16,11,0,0,0,4,2,2,0,0,0,5,1,4,21,15,6,10,6,4,0,0,0,0,0,0,2,2,0,9,7,2,0,0,0
56396004,17,9,8,16,8,8,1,1,0,4,2,2,0,0,0,1,1,0,16,7,9,12,7,5,0,0,0,1,0,1,2,0,2,1,0,1,0,0,0
56396005,43,23,20,42,23,19,2,1,1,5,2,3,0,0,0,1,0,1,59,29,30,35,19,16,1,0,1,1,0,1,8,4,4,14,6,8,1,0,1
56396006,36,19,17,34,17,17,0,0,0,6,3,3,1,0,1,2,2,0,54,27,27,38,17,21,0,0,0,0,0,0,4,3,1,12,7,5,0,0,0
56396007,24,15,9,22,14,8,1,1,0,1,0,1,0,0,0,2,1,1,11,7,4,5,2,3,0,0,0,0,0,0,4,4,0,2,1,1,0,0,0
56396008,14,8,6,12,7,5,0,0,0,1,0,1,0,0,0,2,1,1,8,3,5,6,3,3,0,0,0,0,0,0,2,0,2,0,0,0,0,0,0
56396009,19,11,8,18,11,7,2,1,1,0,0,0,0,0,0,1,0,1,15,7,8,9,4,5,0,0,0,1,0,1,1,1,0,4,2,2,0,0,0
56396010,38,25,13,36,24,12,0,0,0,1,1,0,0,0,0,2,1,1,22,7,15,14,3,11,0,0,0,2,0,2,3,3,0,3,1,2,1,1,0
56396011,27,18,9,24,16,8,1,1,0,7,6,1,1,0,1,3,2,1,33,16,17,17,8,9,1,0,1,1,0,1,5,2,3,9,6,3,0,0,0
56396012,14,8,6,13,7,6,1,1,0,0,0,0,1,0,1,1,1,0,16,10,6,11,7,4,0,0,0,0,0,0,3,2,1,2,1,1,0,0,0
56396013,67,39,28,66,39,27,1,0,1,14,8,6,0,0,0,1,0,1,73,29,44,27,12,15,0,0,0,7,0,7,17,9,8,22,8,14,1,1,0
56396014,111,65,46,106,61,45,0,0,0,11,4,7,0,0,0,5,4,1,99,42,57,54,21,33,0,0,0,7,0,7,18,11,7,20,10,10,5,5,0
56396015,199,114,85,188,109,79,7,1,6,23,12,11,1,0,1,11,5,6,160,70,90,63,26,37,1,1,0,13,0,13,31,16,15,52,27,25,1,1,0
56396016,510,289,221,498,285,213,16,9,7,54,25,29,8,0,8,12,4,8,538,198,340,342,104,238,0,0,0,17,0,17,82,44,38,97,50,47,9,5,4
56396017,167,93,74,163,92,71,5,2,3,15,6,9,3,0,3,4,1,3,118,50,68,62,25,37,0,0,0,5,0,5,16,7,9,35,18,17,5,4,1
56399401,284,160,124,260,144,116,12,5,7,27,14,13,1,0,1,24,16,8,248,107,141,108,46,62,0,0,0,12,0,12,54,26,28,74,35,39,10,6,4
3031600,0,0,0,0,0,0,0,0,0,0,0,0,0,0,0,0,0,0,0,0,0,0,0,0,0,0,0,0,0,0,0,0,0,0,0,0,0,0,0
3031860,0,0,0,0,0,0,0,0,0,0,0,0,0,0,0,0,0,0,0,0,0,0,0,0,0,0,0,0,0,0,0,0,0,0,0,0,0,0,0
56402801,60,33,27,56,32,24,3,1,2,5,2,3,0,0,0,4,1,3,52,19,33,21,8,13,0,0,0,2,0,2,12,7,5,17,4,13,1,1,0
56402802,25,13,12,24,12,12,0,0,0,3,3,0,0,0,0,1,1,0,21,10,11,5,1,4,1,1,0,1,0,1,4,3,1,10,5,5,0,0,0
56402803,34,18,16,30,14,16,1,1,0,4,1,3,0,0,0,4,4,0,35,17,18,15,6,9,1,0,1,1,0,1,5,2,3,13,9,4,0,0,0
56402804,26,16,10,24,14,10,0,0,0,3,2,1,0,0,0,2,2,0,24,8,16,10,4,6,0,0,0,2,0,2,5,2,3,7,2,5,0,0,0
56402805,741,385,356,711,375,336,20,10,10,74,27,47,4,0,4,30,10,20,738,302,436,421,157,264,2,0,2,31,0,31,98,52,46,186,93,93,8,4,4
56402806,18,10,8,16,9,7,0,0,0,3,2,1,0,0,0,2,1,1,22,9,13,15,6,9,0,0,0,2,0,2,2,1,1,3,2,1,0,0,0
56402807,124,67,57,110,61,49,2,0,2,12,7,5,0,0,0,14,6,8,121,66,55,43,23,20,0,0,0,6,0,6,40,19,21,32,24,8,6,4,2
56402808,670,342,328,628,327,301,23,11,12,50,23,27,5,0,5,42,15,27,726,298,428,396,145,251,0,0,0,25,0,25,114,60,54,191,93,98,11,6,5
56402809,27,15,12,25,15,10,1,0,1,2,0,2,0,0,0,2,0,2,30,11,19,13,5,8,0,0,0,2,0,2,8,3,5,7,3,4,2,2,0
56402810,501,289,212,432,255,177,13,4,9,32,14,18,3,0,3,69,34,35,509,224,285,181,78,103,5,3,2,34,0,34,135,63,72,154,80,74,41,32,9
56402811,712,384,328,686,366,320,21,6,15,74,36,38,3,0,3,26,18,8,668,310,358,328,153,175,1,0,1,28,0,28,94,45,49,217,112,105,7,2,5
56402812,164,91,73,151,85,66,5,3,2,11,6,5,0,0,0,13,6,7,179,84,95,108,51,57,0,0,0,6,0,6,24,12,12,41,21,20,3,2,1
56402813,116,60,56,114,59,55,2,1,1,5,2,3,2,0,2,2,1,1,92,52,40,35,19,16,0,0,0,5,0,5,21,11,10,31,22,9,1,0,1
56402814,233,120,113,220,116,104,17,9,8,13,6,7,1,0,1,13,4,9,207,102,105,95,42,53,0,0,0,2,0,2,30,17,13,80,43,37,5,2,3
56402815,41,25,16,38,24,14,0,0,0,7,4,3,0,0,0,3,1,2,36,20,16,20,10,10,0,0,0,0,0,0,2,1,1,14,9,5,0,0,0
56402817,95,54,41,86,52,34,4,1,3,3,3,0,0,0,0,9,2,7,82,37,45,37,17,20,0,0,0,4,0,4,19,10,9,22,10,12,1,1,0
56402818,20,11,9,20,11,9,1,0,1,4,1,3,0,0,0,0,0,0,20,8,12,10,5,5,0,0,0,0,0,0,2,0,2,8,3,5,0,0,0
56403601,211,121,90,200,114,86,3,2,1,9,4,5,4,0,4,11,7,4,202,87,115,96,39,57,0,0,0,7,0,7,32,8,24,67,40,27,11,7,4
56403602,15,10,5,14,9,5,0,0,0,1,1,0,0,0,0,1,1,0,19,8,11,7,3,4,0,0,0,1,0,1,3,2,1,8,3,5,1,0,1
56404401,138,78,60,134,77,57,3,0,3,13,7,6,0,0,0,4,1,3,135,67,68,78,35,43,0,0,0,4,0,4,21,12,9,32,20,12,1,1,0
56404402,1207,653,554,1136,621,515,31,9,22,103,42,61,10,0,10,71,32,39,1120,501,619,581,243,338,0,0,0,44,0,44,170,103,67,325,155,170,33,22,11
56405201,51,26,25,50,26,24,3,0,3,4,3,1,0,0,0,1,0,1,58,20,38,31,12,19,0,0,0,5,0,5,10,5,5,12,3,9,0,0,0
56405202,15,8,7,15,8,7,0,0,0,1,0,1,0,0,0,0,0,0,14,5,9,9,4,5,0,0,0,0,0,0,2,0,2,3,1,2,0,0,0
56405204,30,14,16,30,14,16,0,0,0,3,0,3,0,0,0,0,0,0,52,29,23,29,17,12,0,0,0,4,0,4,10,7,3,9,5,4,0,0,0
56406101,72,40,32,69,38,31,2,0,2,10,6,4,1,0,1,3,2,1,81,31,50,33,12,21,0,0,0,4,0,4,13,6,7,31,13,18,0,0,0
56406102,1374,758,616,1327,731,596,41,16,25,126,63,63,8,0,8,47,27,20,1190,523,667,577,245,332,1,0,1,62,0,62,217,108,109,333,170,163,21,14,7
56406103,19,11,8,19,11,8,0,0,0,5,3,2,0,0,0,0,0,0,10,4,6,5,2,3,0,0,0,1,0,1,2,0,2,2,2,0,0,0,0
56406105,84,48,36,82,48,34,4,2,2,6,5,1,1,0,1,2,0,2,72,33,39,25,12,13,0,0,0,2,0,2,11,4,7,34,17,17,0,0,0
56406106,11,6,5,11,6,5,0,0,0,1,1,0,0,0,0,0,0,0,9,1,8,2,0,2,0,0,0,0,0,0,1,0,1,6,1,5,1,0,1
56407901,92,58,34,87,56,31,0,0,0,8,5,3,2,0,2,5,2,3,97,45,52,59,27,32,0,0,0,5,0,5,14,9,5,19,9,10,6,5,1
56407902,22,13,9,20,12,8,0,0,0,1,1,0,0,0,0,2,1,1,16,8,8,5,2,3,0,0,0,0,0,0,1,0,1,10,6,4,3,2,1
3108670,0,0,0,0,0,0,0,0,0,0,0,0,0,0,0,0,0,0,0,0,0,0,0,0,0,0,0,0,0,0,0,0,0,0,0,0,0,0,0
56409501,100,57,43,96,55,41,1,0,1,9,5,4,2,0,2,4,2,2,64,24,40,24,9,15,0,0,0,4,0,4,17,6,11,19,9,10,0,0,0
56409502,24,15,9,23,14,9,0,0,0,2,2,0,1,0,1,1,1,0,31,15,16,7,1,6,0,0,0,4,0,4,11,7,4,9,7,2,1,0,1
56409504,492,265,227,469,255,214,13,3,10,37,23,14,1,0,1,23,10,13,471,197,274,229,89,140,1,1,0,24,0,24,66,27,39,151,80,71,5,3,2
56409505,44,22,22,43,21,22,2,0,2,2,0,2,0,0,0,1,1,0,32,14,18,20,10,10,0,0,0,1,0,1,3,2,1,8,2,6,0,0,0
56409506,10,6,4,9,6,3,0,0,0,0,0,0,1,0,1,1,0,1,20,7,13,7,2,5,0,0,0,2,0,2,7,3,4,4,2,2,0,0,0
56409507,84,52,32,80,50,30,4,2,2,4,3,1,0,0,0,4,2,2,67,31,36,27,11,16,0,0,0,3,0,3,22,11,11,15,9,6,9,5,4
56409508,44,24,20,39,23,16,0,0,0,3,2,1,0,0,0,5,1,4,60,30,30,36,17,19,0,0,0,3,0,3,9,5,4,12,8,4,3,2,1
56409509,118,71,47,115,70,45,3,0,3,10,9,1,0,0,0,3,1,2,99,37,62,48,16,32,1,0,1,7,0,7,14,4,10,29,17,12,2,2,0
56409510,25,13,12,23,13,10,0,0,0,0,0,0,1,1,0,2,0,2,26,13,13,9,6,3,0,0,0,0,0,0,5,2,3,12,5,7,0,0,0
56409511,243,135,108,240,135,105,11,5,6,18,10,8,2,0,2,3,0,3,211,82,129,101,39,62,3,1,2,9,0,9,42,16,26,56,26,30,9,5,4
56409512,46,21,25,44,20,24,1,0,1,1,1,0,0,0,0,2,1,1,13,6,7,1,0,1,1,1,0,1,0,1,2,1,1,8,4,4,0,0,0
56409513,362,199,163,337,186,151,14,5,9,23,11,12,3,0,3,25,13,12,370,170,200,164,68,96,0,0,0,19,0,19,77,36,41,110,66,44,17,6,11
56409515,13,9,4,13,9,4,1,0,1,0,0,0,0,0,0,0,0,0,22,11,11,4,2,2,0,0,0,2,0,2,10,5,5,6,4,2,2,0,2
56409516,248,134,114,238,129,109,7,3,4,31,16,15,0,0,0,10,5,5,252,108,144,128,50,78,2,0,2,14,0,14,29,15,14,79,43,36,3,2,1
56409517,810,465,345,760,437,323,16,9,7,64,35,29,3,0,3,50,28,22,694,290,404,278,114,164,2,0,2,44,0,44,145,64,81,225,112,113,57,39,18
56409518,490,264,226,466,256,210,14,7,7,46,16,30,6,0,6,24,8,16,489,203,286,282,111,171,2,2,0,15,0,15,77,31,46,113,59,54,14,12,2
56409520,121,75,46,109,68,41,2,1,1,8,6,2,0,0,0,12,7,5,88,37,51,33,18,15,2,1,1,4,0,4,19,10,9,30,8,22,1,1,0
56409521,324,190,134,314,184,130,13,9,4,23,15,8,0,0,0,10,6,4,292,120,172,139,54,85,0,0,0,19,1,18,48,23,25,86,42,44,6,4,2
56409522,87,47,40,79,44,35,0,0,0,9,7,2,0,0,0,8,3,5,73,34,39,33,16,17,0,0,0,4,0,4,10,5,5,26,13,13,1,1,0
56409523,109,64,45,105,62,43,3,0,3,5,3,2,0,0,0,4,2,2,108,50,58,54,25,29,1,1,0,5,0,5,13,5,8,35,19,16,0,0,0
56409524,107,60,47,105,60,45,4,1,3,10,6,4,2,0,2,2,0,2,97,40,57,35,14,21,0,0,0,3,0,3,25,11,14,34,15,19,1,1,0
56410901,53,31,22,47,27,20,0,0,0,5,2,3,1,0,1,6,4,2,52,21,31,21,8,13,0,0,0,5,0,5,16,7,9,10,6,4,2,1,1
56410902,443,252,191,418,240,178,14,7,7,27,16,11,4,0,4,25,12,13,432,177,255,203,77,126,1,0,1,16,0,16,70,33,37,142,67,75,5,2,3
56411701,193,104,89,189,104,85,5,5,0,21,14,7,0,0,0,4,0,4,159,74,85,55,26,29,0,0,0,8,0,8,25,11,14,71,37,34,1,1,0
56411702,296,147,149,277,137,140,16,5,11,18,9,9,4,0,4,19,10,9,226,111,115,77,36,41,0,0,0,12,0,12,48,26,22,89,49,40,2,1,1
56411703,27,17,10,25,17,8,1,1,0,0,0,0,0,0,0,2,0,2,24,10,14,9,3,6,0,0,0,2,0,2,6,3,3,7,4,3,1,1,0
56411704,27,15,12,27,15,12,2,2,0,1,1,0,0,0,0,0,0,0,17,10,7,4,0,4,0,0,0,0,0,0,4,2,2,9,8,1,0,0,0
56411705,139,81,58,130,77,53,4,1,3,10,5,5,1,0,1,9,4,5,135,67,68,48,23,25,0,0,0,13,0,13,34,23,11,40,21,19,4,3,1
56411706,70,38,32,67,37,30,0,0,0,7,5,2,0,0,0,3,1,2,50,23,27,18,9,9,0,0,0,2,0,2,12,7,5,18,7,11,3,2,1
56411707,125,70,55,121,68,53,4,2,2,9,2,7,0,0,0,4,2,2,127,58,69,68,26,42,0,0,0,4,0,4,18,7,11,37,25,12,4,2,2
56411708,165,93,72,153,85,68,1,1,0,14,3,11,0,0,0,12,8,4,148,73,75,72,32,40,0,0,0,6,0,6,17,7,10,53,34,19,2,1,1
56411709,66,34,32,62,33,29,4,1,3,10,3,7,0,0,0,4,1,3,58,22,36,28,11,17,0,0,0,1,0,1,5,4,1,24,7,17,0,0,0
56411710,623,322,301,595,312,283,19,8,11,55,28,27,5,0,5,28,10,18,493,211,282,196,75,121,0,0,0,28,0,28,115,64,51,154,72,82,9,5,4
56411711,522,292,230,486,271,215,12,7,5,36,20,16,6,1,5,36,21,15,508,218,290,229,86,143,1,1,0,22,0,22,91,47,44,165,84,81,42,32,10
56411712,77,42,35,75,42,33,2,2,0,9,5,4,0,0,0,2,0,2,71,30,41,48,19,29,0,0,0,0,0,0,4,3,1,19,8,11,1,1,0
56411713,24,15,9,24,15,9,0,0,0,2,1,1,0,0,0,0,0,0,20,6,14,3,2,1,0,0,0,3,0,3,5,1,4,9,3,6,0,0,0
56411714,283,154,129,268,150,118,7,6,1,18,10,8,5,0,5,15,4,11,298,125,173,161,67,94,0,0,0,14,0,14,52,24,28,71,34,37,9,5,4
56411715,174,91,83,170,91,79,8,3,5,23,11,12,1,0,1,4,0,4,158,57,101,100,33,67,1,1,0,2,0,2,15,6,9,40,17,23,2,1,1
56411716,313,174,139,295,164,131,5,3,2,33,16,17,0,0,0,18,10,8,257,111,146,110,45,65,2,1,1,11,0,11,54,23,31,80,42,38,9,4,5
56411717,40,19,21,38,17,21,4,0,4,3,3,0,0,0,0,2,2,0,24,12,12,15,7,8,0,0,0,0,0,0,2,1,1,7,4,3,1,1,0
56411718,22,13,9,22,13,9,1,1,0,1,1,0,0,0,0,0,0,0,18,7,11,2,1,1,0,0,0,1,0,1,2,1,1,13,5,8,0,0,0
56411719,16,9,7,16,9,7,1,1,0,1,1,0,0,0,0,0,0,0,8,5,3,0,0,0,0,0,0,0,0,0,2,1,1,6,4,2,0,0,0
56413301,16,9,7,15,8,7,0,0,0,4,2,2,0,0,0,1,1,0,22,8,14,13,7,6,0,0,0,0,0,0,2,0,2,7,1,6,1,1,0
56413302,216,121,95,202,112,90,3,1,2,22,13,9,2,0,2,14,9,5,341,133,208,189,68,121,3,1,2,14,0,14,47,26,21,88,38,50,16,13,3
56414101,52,29,23,49,27,22,3,2,1,5,4,1,2,0,2,3,2,1,34,16,18,17,4,13,0,0,0,0,0,0,5,3,2,12,9,3,0,0,0
56414102,26,17,9,25,16,9,1,0,1,1,1,0,0,0,0,1,1,0,33,11,22,11,5,6,0,0,0,5,0,5,7,2,5,10,4,6,1,1,0
56414103,24,14,10,23,14,9,0,0,0,1,0,1,0,0,0,1,0,1,27,11,16,16,7,9,0,0,0,2,0,2,5,2,3,4,2,2,0,0,0
56414104,30,19,11,28,19,9,1,1,0,4,4,0,0,0,0,2,0,2,28,14,14,14,8,6,0,0,0,2,0,2,8,5,3,4,1,3,2,1,1
56414105,21,13,8,21,13,8,2,2,0,8,4,4,0,0,0,0,0,0,14,7,7,6,4,2,0,0,0,2,0,2,4,1,3,2,2,0,0,0,0
56414107,15,8,7,15,8,7,1,1,0,2,0,2,2,0,2,0,0,0,18,8,10,5,2,3,1,1,0,1,0,1,6,3,3,5,2,3,0,0,0
56414108,15,7,8,14,6,8,2,1,1,3,1,2,0,0,0,1,1,0,14,4,10,7,2,5,0,0,0,0,0,0,1,1,0,6,1,5,0,0,0
56416801,229,137,92,216,128,88,4,1,3,23,13,10,2,0,2,13,9,4,217,86,131,99,45,54,1,0,1,13,0,13,33,17,16,71,24,47,3,1,2
56417601,158,90,68,152,88,64,9,6,3,20,14,6,0,0,0,6,2,4,147,75,72,53,27,26,0,0,0,7,0,7,32,16,16,55,32,23,3,3,0
56417602,47,27,20,47,27,20,1,1,0,8,5,3,0,0,0,0,0,0,33,13,20,7,3,4,1,1,0,2,0,2,8,4,4,15,5,10,0,0,0
56418401,279,152,127,264,145,119,11,7,4,32,17,15,0,0,0,15,7,8,275,127,148,126,62,64,2,2,0,12,0,12,49,21,28,86,42,44,8,6,2
56418402,143,84,59,137,81,56,5,2,3,16,10,6,2,0,2,6,3,3,143,64,79,64,25,39,0,0,0,9,0,9,36,20,16,34,19,15,1,0,1
56420601,210,123,87,194,114,80,5,5,0,23,12,11,1,0,1,16,9,7,232,99,133,111,50,61,1,0,1,17,0,17,39,19,20,64,30,34,7,4,3
56423101,22,13,9,21,12,9,1,0,1,0,0,0,0,0,0,1,1,0,26,9,17,6,2,4,0,0,0,2,0,2,5,1,4,13,6,7,1,1,0
56423102,153,88,65,150,87,63,4,4,0,14,8,6,1,0,1,3,1,2,123,64,59,44,20,24,0,0,0,4,0,4,26,15,11,49,29,20,1,0,1
56423103,715,392,323,691,378,313,22,10,12,48,26,22,6,0,6,24,14,10,586,269,317,194,74,120,0,0,0,32,0,32,127,62,65,233,133,100,12,7,5
56426501,53,32,21,46,29,17,0,0,0,5,4,1,0,0,0,7,3,4,60,27,33,25,9,16,0,0,0,3,0,3,15,6,9,17,12,5,1,0,1
56426502,44,26,18,43,26,17,2,1,1,4,2,2,0,0,0,1,0,1,43,13,30,28,9,19,0,0,0,2,0,2,6,2,4,7,2,5,2,1,1
56426503,67,35,32,64,34,30,1,0,1,13,6,7,0,0,0,3,1,2,71,32,39,40,16,24,0,0,0,4,0,4,10,6,4,17,10,7,0,0,0
56426504,17,10,7,17,10,7,0,0,0,1,0,1,0,0,0,0,0,0,16,4,12,7,1,6,0,0,0,0,0,0,2,1,1,7,2,5,0,0,0
56426505,1538,846,692,1391,782,609,30,11,19,146,77,69,15,0,15,147,64,83,1522,661,861,755,315,440,6,5,1,60,0,60,257,129,128,444,212,232,62,31,31
56428101,364,196,168,341,184,157,13,4,9,33,13,20,3,0,3,23,12,11,323,150,173,111,49,62,0,0,0,18,0,18,62,31,31,132,70,62,5,1,4
56428102,41,22,19,40,21,19,0,0,0,5,2,3,0,0,0,1,1,0,45,23,22,18,9,9,1,0,1,1,0,1,5,2,3,20,12,8,1,0,1
56429001,75,47,28,74,46,28,2,1,1,9,5,4,0,0,0,1,1,0,77,38,39,36,17,19,0,0,0,4,0,4,12,7,5,25,14,11,0,0,0
56429002,28,15,13,28,15,13,0,0,0,2,0,2,0,0,0,0,0,0,27,18,9,14,6,8,0,0,0,0,0,0,3,3,0,10,9,1,1,0,1
56429003,17,7,10,16,6,10,1,0,1,2,0,2,0,0,0,1,1,0,21,11,10,14,7,7,0,0,0,0,0,0,5,4,1,2,0,2,0,0,0
56429004,23,13,10,22,13,9,1,1,0,1,1,0,0,0,0,1,0,1,11,2,9,3,1,2,0,0,0,3,0,3,4,1,3,1,0,1,0,0,0
56429005,242,138,104,236,136,100,9,3,6,32,21,11,3,0,3,6,2,4,195,88,107,82,42,40,1,0,1,12,0,12,39,21,18,61,25,36,1,1,0
56429006,225,126,99,211,118,93,4,3,1,24,12,12,2,0,2,14,8,6,177,69,108,79,29,50,0,0,0,6,0,6,30,19,11,62,21,41,5,2,3
56429007,12,6,6,10,6,4,0,0,0,3,1,2,0,0,0,2,0,2,9,5,4,4,2,2,0,0,0,0,0,0,1,0,1,4,3,1,0,0,0
56430301,26,12,14,25,12,13,0,0,0,4,2,2,0,0,0,1,0,1,24,11,13,11,4,7,0,0,0,0,0,0,3,1,2,10,6,4,0,0,0
56430302,31,16,15,29,15,14,0,0,0,3,1,2,0,0,0,2,1,1,28,12,16,9,4,5,0,0,0,2,0,2,6,3,3,11,5,6,0,0,0
56430303,16,9,7,16,9,7,2,0,2,1,1,0,0,0,0,0,0,0,19,10,9,7,4,3,0,0,0,1,0,1,6,3,3,5,3,2,2,1,1
56430304,147,83,64,146,83,63,5,2,3,18,12,6,1,0,1,1,0,1,125,58,67,73,35,38,0,0,0,3,0,3,20,13,7,29,10,19,3,0,3
56430306,97,52,45,95,51,44,2,1,1,8,3,5,2,0,2,2,1,1,82,45,37,36,16,20,0,0,0,1,0,1,10,6,4,35,23,12,1,0,1
56430307,39,23,16,38,22,16,1,0,1,4,4,0,2,0,2,1,1,0,41,15,26,15,3,12,0,0,0,1,0,1,12,4,8,13,8,5,0,0,0
56430309,14,8,6,14,8,6,0,0,0,2,2,0,0,0,0,0,0,0,12,7,5,3,1,2,0,0,0,0,0,0,6,4,2,3,2,1,0,0,0
56431101,88,48,40,78,44,34,3,0,3,6,3,3,1,1,0,10,4,6,94,40,54,48,21,27,0,0,0,5,0,5,18,8,10,23,11,12,2,1,1
56431102,48,30,18,43,28,15,1,0,1,1,1,0,0,0,0,5,2,3,48,19,29,23,11,12,0,0,0,4,0,4,10,5,5,11,3,8,0,0,0
56435401,660,365,295,635,353,282,15,7,8,76,43,33,3,0,3,25,12,13,570,235,335,291,121,170,0,0,0,26,0,26,86,43,43,167,71,96,8,6,2
56437101,11,7,4,11,7,4,0,0,0,3,2,1,0,0,0,0,0,0,21,11,10,13,6,7,0,0,0,0,0,0,7,5,2,1,0,1,0,0,0
56437102,1368,745,623,1258,697,561,42,15,27,132,66,66,10,0,10,110,48,62,1291,583,708,625,287,338,0,0,0,51,0,51,248,119,129,367,177,190,39,18,21
56439701,105,58,47,101,55,46,3,2,1,13,8,5,4,0,4,4,3,1,95,38,57,42,17,25,1,1,0,4,0,4,16,7,9,32,13,19,1,0,1
56439702,15,7,8,14,7,7,0,0,0,4,2,2,1,0,1,1,0,1,10,3,7,2,1,1,0,0,0,0,0,0,2,0,2,6,2,4,0,0,0
56439703,39,19,20,38,19,19,1,0,1,4,3,1,0,0,0,1,0,1,40,19,21,23,10,13,0,0,0,2,0,2,7,4,3,8,5,3,0,0,0
56439704,232,130,102,207,115,92,10,6,4,25,11,14,1,0,1,25,15,10,220,104,116,123,53,70,0,0,0,7,0,7,37,23,14,53,28,25,2,1,1
56439705,15,11,4,14,10,4,0,0,0,3,3,0,0,0,0,1,1,0,12,4,8,8,4,4,0,0,0,1,0,1,3,0,3,0,0,0,1,1,0
56440102,24,14,10,22,13,9,1,1,0,0,0,0,0,0,0,2,1,1,11,6,5,3,1,2,0,0,0,0,0,0,2,1,1,6,4,2,0,0,0
56440103,63,34,29,58,33,25,0,0,0,5,2,3,0,0,0,5,1,4,58,28,30,26,13,13,1,0,1,0,0,0,8,6,2,23,9,14,3,3,0
56442701,212,119,93,206,118,88,12,6,6,24,16,8,1,0,1,6,1,5,159,70,89,74,31,43,0,0,0,5,0,5,28,15,13,52,24,28,0,0,0
56442703,80,47,33,76,46,30,6,3,3,9,6,3,0,0,0,4,1,3,68,29,39,28,12,16,0,0,0,5,1,4,14,4,10,21,12,9,0,0,0
56442704,43,24,19,42,23,19,2,1,1,6,3,3,0,0,0,1,1,0,37,16,21,16,6,10,0,0,0,3,0,3,6,4,2,12,6,6,0,0,0
56442705,48,30,18,47,30,17,0,0,0,5,3,2,0,0,0,1,0,1,51,26,25,25,11,14,0,0,0,1,0,1,6,2,4,19,13,6,2,1,1
56442707,49,27,22,49,27,22,1,1,0,3,2,1,0,0,0,0,0,0,50,17,33,20,6,14,0,0,0,2,0,2,13,6,7,15,5,10,2,1,1
56442710,84,46,38,82,45,37,5,3,2,11,8,3,0,0,0,2,1,1,66,27,39,30,9,21,0,0,0,3,0,3,6,4,2,27,14,13,0,0,0
56443501,15,8,7,14,7,7,1,1,0,1,0,1,1,0,1,1,1,0,19,9,10,11,4,7,0,0,0,1,0,1,5,4,1,2,1,1,0,0,0
56443502,217,125,92,213,123,90,8,2,6,19,10,9,1,0,1,4,2,2,180,81,99,83,29,54,0,0,0,9,0,9,31,19,12,57,33,24,5,2,3
56444301,98,52,46,95,50,45,3,1,2,16,6,10,1,0,1,3,2,1,66,29,37,31,14,17,0,0,0,1,0,1,16,9,7,18,6,12,3,0,3
56444302,114,66,48,105,62,43,3,0,3,9,6,3,2,0,2,9,4,5,79,46,33,29,13,16,0,0,0,4,0,4,22,16,6,24,17,7,1,0,1
56445101,29,16,13,29,16,13,1,1,0,4,1,3,0,0,0,0,0,0,26,15,11,9,4,5,0,0,0,1,0,1,2,2,0,14,9,5,0,0,0
56445102,41,22,19,38,21,17,0,0,0,0,0,0,0,0,0,3,1,2,31,18,13,12,8,4,0,0,0,0,0,0,6,3,3,13,7,6,0,0,0
56445103,23,13,10,23,13,10,1,1,0,2,1,1,0,0,0,0,0,0,10,5,5,0,0,0,1,1,0,0,0,0,3,1,2,6,3,3,0,0,0
56445104,27,14,13,26,13,13,3,3,0,2,0,2,0,0,0,1,1,0,21,9,12,7,3,4,0,0,0,0,0,0,6,3,3,8,3,5,0,0,0
56445105,17,8,9,17,8,9,1,1,0,3,0,3,0,0,0,0,0,0,9,6,3,5,4,1,0,0,0,0,0,0,0,0,0,4,2,2,1,1,0
56446001,645,349,296,630,343,287,21,13,8,40,22,18,7,0,7,15,6,9,482,237,245,90,34,56,2,1,1,20,1,19,99,47,52,271,154,117,8,2,6
56446002,27,15,12,26,14,12,0,0,0,1,0,1,1,0,1,1,1,0,33,13,20,7,4,3,1,0,1,4,0,4,10,5,5,11,4,7,0,0,0
56446003,110,65,45,107,62,45,4,2,2,6,2,4,1,0,1,3,3,0,106,41,65,31,15,16,0,0,0,9,0,9,27,11,16,39,15,24,3,2,1
56449401,62,37,25,51,30,21,1,1,0,4,3,1,0,0,0,11,7,4,55,24,31,31,14,17,0,0,0,4,0,4,8,5,3,12,5,7,2,2,0
56449402,7,4,3,7,4,3,0,0,0,0,0,0,0,0,0,0,0,0,18,9,9,11,5,6,0,0,0,0,0,0,0,0,0,7,4,3,0,0,0
56449403,14,7,7,13,7,6,0,0,0,4,2,2,0,0,0,1,0,1,12,8,4,9,6,3,0,0,0,0,0,0,2,2,0,1,0,1,0,0,0
56449405,63,39,24,58,37,21,1,1,0,2,1,1,2,0,2,5,2,3,63,28,35,35,17,18,0,0,0,3,0,3,6,2,4,19,9,10,2,2,0
56449406,79,41,38,76,40,36,5,2,3,8,3,5,0,0,0,3,1,2,73,30,43,38,16,22,0,0,0,1,0,1,11,4,7,23,10,13,1,0,1
56449407,86,48,38,77,44,33,1,0,1,9,3,6,0,0,0,9,4,5,69,31,38,33,15,18,1,0,1,4,0,4,12,5,7,19,11,8,4,3,1
56449408,73,43,30,71,41,30,3,2,1,7,3,4,0,0,0,2,2,0,74,35,39,41,20,21,0,0,0,5,0,5,10,6,4,18,9,9,1,1,0
56449409,278,169,109,261,162,99,7,4,3,18,13,5,2,0,2,17,7,10,238,108,130,123,48,75,1,1,0,9,0,9,42,24,18,63,35,28,14,9,5
56451601,64,33,31,64,33,31,2,2,0,7,1,6,0,0,0,0,0,0,55,27,28,19,11,8,1,1,0,5,0,5,14,5,9,16,10,6,0,0,0
56451602,21,13,8,19,12,7,1,1,0,1,1,0,0,0,0,2,1,1,25,10,15,19,7,12,0,0,0,0,0,0,3,2,1,3,1,2,0,0,0
56451603,103,53,50,99,53,46,1,0,1,12,6,6,0,0,0,4,0,4,85,39,46,34,14,20,0,0,0,2,0,2,20,12,8,29,13,16,1,0,1
56453202,19,10,9,19,10,9,2,2,0,1,0,1,0,0,0,0,0,0,12,5,7,10,5,5,0,0,0,0,0,0,2,0,2,0,0,0,0,0,0
56453203,9,4,5,9,4,5,0,0,0,2,1,1,0,0,0,0,0,0,12,5,7,3,1,2,0,0,0,0,0,0,3,1,2,6,3,3,1,1,0
56453205,28,15,13,23,14,9,0,0,0,1,0,1,0,0,0,5,1,4,36,16,20,8,4,4,0,0,0,4,0,4,13,7,6,11,5,6,1,1,0
56453206,16,10,6,15,10,5,0,0,0,0,0,0,0,0,0,1,0,1,19,8,11,14,6,8,0,0,0,0,0,0,1,0,1,4,2,2,0,0,0
56453207,26,11,15,25,11,14,1,1,0,5,3,2,0,0,0,1,0,1,14,7,7,10,5,5,1,0,1,0,0,0,0,0,0,3,2,1,0,0,0
56453208,12,5,7,12,5,7,0,0,0,0,0,0,0,0,0,0,0,0,13,5,8,10,4,6,0,0,0,1,0,1,1,1,0,1,0,1,0,0,0
56453209,50,26,24,49,26,23,3,1,2,2,0,2,0,0,0,1,0,1,34,13,21,13,7,6,0,0,0,1,0,1,3,1,2,17,5,12,0,0,0
56453210,124,78,46,121,77,44,2,2,0,15,8,7,2,0,2,3,1,2,93,44,49,54,24,30,1,0,1,4,0,4,16,8,8,18,12,6,3,2,1
56453211,39,23,16,37,21,16,0,0,0,6,4,2,0,0,0,2,2,0,33,16,17,11,5,6,0,0,0,1,0,1,8,4,4,13,7,6,1,0,1
56454101,140,73,67,134,71,63,3,2,1,17,8,9,0,0,0,6,2,4,141,71,70,84,41,43,0,0,0,4,0,4,14,9,5,39,21,18,1,1,0
54747601,81,41,40,77,38,39,1,0,1,7,3,4,0,0,0,4,3,1,66,30,36,38,17,21,0,0,0,1,0,1,6,4,2,21,9,12,0,0,0
54747602,41,26,15,39,25,14,3,2,1,3,2,1,1,0,1,2,1,1,28,14,14,20,10,10,0,0,0,0,0,0,2,1,1,6,3,3,0,0,0
54747603,20,13,7,20,13,7,0,0,0,2,1,1,0,0,0,0,0,0,19,4,15,12,3,9,0,0,0,1,0,1,2,0,2,4,1,3,0,0,0
54748401,78,45,33,75,43,32,1,1,0,8,2,6,1,0,1,3,2,1,96,48,48,61,29,32,0,0,0,2,0,2,13,6,7,20,13,7,2,2,0
54748402,11,5,6,11,5,6,0,0,0,2,1,1,0,0,0,0,0,0,14,7,7,7,4,3,0,0,0,1,0,1,2,2,0,4,1,3,3,2,1
57340001,77,43,34,75,41,34,0,0,0,9,6,3,3,0,3,2,2,0,92,39,53,44,19,25,0,0,0,2,0,2,18,7,11,28,13,15,1,0,1
57341801,325,189,136,316,184,132,14,10,4,30,18,12,5,0,5,9,5,4,290,137,153,121,52,69,1,0,1,13,0,13,47,26,21,108,59,49,2,1,1
57420101,76,40,36,75,39,36,3,1,2,7,3,4,0,0,0,1,1,0,64,34,30,27,13,14,0,0,0,1,0,1,4,2,2,32,19,13,1,1,0
57420102,56,34,22,53,33,20,1,1,0,9,6,3,0,0,0,3,1,2,47,23,24,20,7,13,0,0,0,2,0,2,4,4,0,21,12,9,0,0,0
57696401,182,97,85,177,94,83,12,3,9,29,13,16,0,0,0,5,3,2,143,63,80,75,26,49,0,0,0,7,1,6,17,10,7,44,26,18,1,0,1
57696402,1046,545,501,997,525,472,28,17,11,163,75,88,7,0,7,49,20,29,1134,463,671,687,253,434,3,2,1,36,1,35,155,77,78,253,130,123,15,7,8
57696403,528,271,257,497,255,242,15,5,10,69,29,40,3,0,3,31,16,15,606,236,370,335,119,216,2,1,1,18,0,18,88,42,46,163,74,89,17,6,11
57696404,173,102,71,170,101,69,3,1,2,24,11,13,1,0,1,3,1,2,189,80,109,100,46,54,0,0,0,7,0,7,23,8,15,59,26,33,2,2,0
57696405,72,41,31,72,41,31,3,1,2,11,5,6,1,0,1,0,0,0,70,33,37,25,12,13,0,0,0,4,0,4,11,7,4,30,14,16,2,1,1
57696406,392,195,197,369,183,186,14,4,10,36,16,20,2,0,2,23,12,11,411,173,238,211,73,138,1,1,0,16,0,16,78,36,42,105,63,42,6,3,3
57696407,167,87,80,164,86,78,4,1,3,20,11,9,0,0,0,3,1,2,167,90,77,71,34,37,1,1,0,4,0,4,14,11,3,77,44,33,2,2,0
57696408,18,12,6,18,12,6,1,0,1,1,1,0,0,0,0,0,0,0,20,10,10,11,3,8,0,0,0,1,0,1,2,2,0,6,5,1,0,0,0
57696409,17,12,5,17,12,5,1,1,0,0,0,0,0,0,0,0,0,0,23,12,11,14,7,7,0,0,0,1,0,1,1,1,0,7,4,3,0,0,0
57696410,19,11,8,17,11,6,0,0,0,3,2,1,0,0,0,2,0,2,22,12,10,12,6,6,0,0,0,1,0,1,1,0,1,8,6,2,0,0,0
57696411,72,38,34,61,33,28,1,0,1,3,0,3,0,0,0,11,5,6,66,28,38,29,10,19,0,0,0,0,0,0,9,4,5,28,14,14,1,0,1
57696412,246,132,114,230,126,104,5,2,3,37,19,18,1,0,1,16,6,10,216,88,128,121,49,72,1,1,0,7,0,7,30,16,14,57,22,35,3,2,1
57696413,100,49,51,100,49,51,6,3,3,8,3,5,1,0,1,0,0,0,105,48,57,32,17,15,0,0,0,4,0,4,16,9,7,53,22,31,0,0,0
57696414,530,314,216,481,285,196,18,12,6,74,33,41,0,0,0,49,29,20,454,206,248,208,86,122,4,2,2,23,0,23,88,49,39,131,69,62,52,31,21
57696415,33,16,17,32,16,16,1,0,1,5,4,1,0,0,0,1,0,1,33,19,14,13,7,6,0,0,0,2,0,2,8,4,4,10,8,2,0,0,0
57696416,28,17,11,27,17,10,0,0,0,6,4,2,0,0,0,1,0,1,26,8,18,12,2,10,0,0,0,1,0,1,4,1,3,9,5,4,0,0,0
57696417,305,166,139,300,163,137,12,7,5,48,21,27,0,0,0,5,3,2,282,133,149,131,50,81,0,0,0,12,0,12,38,25,13,101,58,43,2,1,1
57697201,126,71,55,121,70,51,3,2,1,23,10,13,0,0,0,5,1,4,131,67,64,65,29,36,1,0,1,8,0,8,22,17,5,35,21,14,3,2,1
57698101,179,98,81,172,94,78,11,6,5,28,11,17,3,0,3,7,4,3,155,70,85,68,36,32,0,0,0,11,0,11,28,13,15,48,21,27,4,2,2
57698102,182,102,80,172,97,75,5,1,4,12,5,7,3,0,3,10,5,5,154,60,94,77,30,47,0,0,0,6,0,6,27,13,14,44,17,27,0,0,0
57698103,47,29,18,45,28,17,1,0,1,1,0,1,2,0,2,2,1,1,32,20,12,18,8,10,0,0,0,0,0,0,6,4,2,8,8,0,0,0,0
57698104,8,5,3,8,5,3,0,0,0,0,0,0,0,0,0,0,0,0,15,8,7,7,4,3,0,0,0,2,0,2,4,3,1,2,1,1,0,0,0
57698105,85,52,33,82,50,32,4,2,2,8,4,4,0,0,0,3,2,1,78,31,47,48,15,33,0,0,0,2,0,2,6,3,3,22,13,9,0,0,0
57698106,21,14,7,20,14,6,0,0,0,1,0,1,0,0,0,1,0,1,34,13,21,14,5,9,0,0,0,1,0,1,7,2,5,12,6,6,2,0,2
57698107,36,19,17,36,19,17,0,0,0,5,4,1,0,0,0,0,0,0,37,17,20,14,6,8,0,0,0,3,0,3,7,4,3,13,7,6,2,1,1
57699901,160,88,72,150,81,69,7,3,4,17,7,10,1,0,1,10,7,3,141,66,75,61,28,33,1,0,1,7,0,7,24,15,9,48,23,25,2,1,1
57699902,30,18,12,28,16,12,1,0,1,1,1,0,0,0,0,2,2,0,33,13,20,13,6,7,0,0,0,6,0,6,9,6,3,5,1,4,0,0,0
57699903,52,30,22,52,30,22,3,2,1,1,0,1,0,0,0,0,0,0,31,14,17,14,6,8,0,0,0,1,0,1,7,3,4,9,5,4,1,1,0
57699904,177,103,74,171,99,72,5,2,3,22,13,9,0,0,0,6,4,2,171,72,99,80,33,47,3,2,1,4,0,4,22,8,14,62,29,33,4,2,2
57700601,44,27,17,36,23,13,0,0,0,7,2,5,0,0,0,8,4,4,32,13,19,7,4,3,0,0,0,2,0,2,7,3,4,16,6,10,0,0,0
57700602,243,144,99,232,135,97,7,3,4,26,10,16,0,0,0,11,9,2,252,120,132,134,61,73,0,0,0,13,0,13,45,23,22,60,36,24,3,0,3
57701401,119,63,56,115,61,54,1,0,1,19,11,8,1,0,1,4,2,2,116,50,66,62,25,37,0,0,0,4,0,4,17,9,8,33,16,17,1,1,0
57703101,99,51,48,92,48,44,5,2,3,6,3,3,1,0,1,7,3,4,101,57,44,45,22,23,1,0,1,2,0,2,22,14,8,31,21,10,2,0,2
57704901,64,37,27,59,35,24,1,0,1,7,5,2,0,0,0,5,2,3,61,32,29,24,10,14,1,1,0,4,0,4,12,9,3,20,12,8,1,0,1
57705701,287,156,131,273,149,124,6,2,4,29,12,17,2,0,2,14,7,7,273,133,140,136,58,78,0,0,0,10,0,10,45,26,19,82,49,33,3,0,3
57707301,157,89,68,154,87,67,7,3,4,15,9,6,1,0,1,3,2,1,135,54,81,53,21,32,1,1,0,7,0,7,30,17,13,44,15,29,2,1,1
57707302,30,16,14,28,15,13,0,0,0,1,1,0,0,0,0,2,1,1,28,12,16,14,8,6,1,1,0,0,0,0,3,0,3,10,3,7,1,0,1
57707303,92,53,39,84,47,37,4,2,2,9,4,5,2,0,2,8,6,2,57,30,27,20,11,9,0,0,0,1,0,1,17,8,9,19,11,8,1,0,1
57707304,66,38,28,62,36,26,0,0,0,9,7,2,1,0,1,4,2,2,55,19,36,26,9,17,0,0,0,3,0,3,13,7,6,13,3,10,0,0,0
57711101,42,24,18,42,24,18,2,0,2,1,0,1,0,0,0,0,0,0,54,26,28,28,14,14,1,1,0,2,0,2,7,3,4,16,8,8,0,0,0
57712001,657,364,293,634,355,279,23,7,16,75,40,35,6,0,6,23,9,14,634,283,351,292,125,167,1,1,0,31,0,31,104,54,50,206,103,103,7,4,3
57712002,279,158,121,272,154,118,11,5,6,25,14,11,3,0,3,7,4,3,261,115,146,104,45,59,0,0,0,17,0,17,55,29,26,85,41,44,0,0,0
57714601,13,10,3,12,10,2,1,1,0,0,0,0,0,0,0,1,0,1,14,7,7,9,6,3,0,0,0,0,0,0,1,0,1,4,1,3,0,0,0
57714602,42,23,19,42,23,19,1,0,1,4,2,2,0,0,0,0,0,0,62,31,31,31,12,19,0,0,0,3,0,3,5,3,2,23,16,7,0,0,0
57714604,40,22,18,39,22,17,1,1,0,8,4,4,0,0,0,1,0,1,51,24,27,32,13,19,0,0,0,0,0,0,4,4,0,15,7,8,0,0,0
57714605,20,12,8,19,11,8,0,0,0,3,2,1,1,0,1,1,1,0,15,10,5,7,3,4,0,0,0,1,0,1,2,2,0,5,5,0,0,0,0
57714606,147,83,64,143,81,62,2,1,1,17,12,5,2,0,2,4,2,2,142,67,75,76,37,39,0,0,0,7,0,7,25,16,9,34,14,20,3,2,1
57714607,18,10,8,17,10,7,0,0,0,2,1,1,0,0,0,1,0,1,18,7,11,7,3,4,0,0,0,1,0,1,2,1,1,8,3,5,0,0,0
57714608,15,10,5,14,10,4,0,0,0,2,1,1,0,0,0,1,0,1,9,5,4,2,1,1,0,0,0,1,0,1,2,1,1,4,3,1,0,0,0
57715401,384,215,169,369,209,160,13,4,9,47,22,25,1,0,1,15,6,9,320,145,175,146,63,83,2,1,1,14,0,14,46,28,18,112,53,59,4,3,1
57715403,46,23,23,45,22,23,3,2,1,6,3,3,0,0,0,1,1,0,49,23,26,21,9,12,0,0,0,2,1,1,7,4,3,19,9,10,0,0,0
57715404,12,5,7,12,5,7,1,1,0,0,0,0,0,0,0,0,0,0,10,5,5,4,1,3,0,0,0,0,0,0,2,1,1,4,3,1,0,0,0
57715405,22,11,11,22,11,11,1,1,0,2,0,2,0,0,0,0,0,0,23,12,11,6,3,3,1,0,1,1,0,1,1,0,1,14,9,5,0,0,0
57715406,24,13,11,23,13,10,1,0,1,4,2,2,0,0,0,1,0,1,25,10,15,9,5,4,0,0,0,1,0,1,5,2,3,10,3,7,0,0,0
57715407,19,8,11,19,8,11,1,0,1,5,2,3,0,0,0,0,0,0,18,11,7,11,6,5,0,0,0,0,0,0,3,2,1,4,3,1,0,0,0
0559212,0,0,0,0,0,0,0,0,0,0,0,0,0,0,0,0,0,0,0,0,0,0,0,0,0,0,0,0,0,0,0,0,0,0,0,0,0,0,0
3372770,0,0,0,0,0,0,0,0,0,0,0,0,0,0,0,0,0,0,0,0,0,0,0,0,0,0,0,0,0,0,0,0,0,0,0,0,0,0,0
57716201,11,8,3,11,8,3,0,0,0,1,1,0,0,0,0,0,0,0,51,18,33,50,18,32,0,0,0,0,0,0,0,0,0,1,0,1,0,0,0
57716203,7,4,3,6,4,2,0,0,0,1,0,1,0,0,0,1,0,1,17,6,11,14,6,8,1,0,1,0,0,0,0,0,0,2,0,2,0,0,0
57716204,13,9,4,12,8,4,1,1,0,3,2,1,0,0,0,1,1,0,12,5,7,7,3,4,0,0,0,1,0,1,2,0,2,2,2,0,0,0,0
57716205,14,10,4,12,10,2,0,0,0,1,0,1,1,0,1,2,0,2,15,7,8,7,4,3,0,0,0,1,0,1,3,2,1,4,1,3,0,0,0
57716206,13,7,6,13,7,6,0,0,0,1,0,1,0,0,0,0,0,0,18,8,10,13,6,7,0,0,0,1,0,1,2,1,1,2,1,1,0,0,0
57716207,34,16,18,34,16,18,0,0,0,6,2,4,0,0,0,0,0,0,27,9,18,13,7,6,0,0,0,2,0,2,4,0,4,8,2,6,0,0,0
57716208,489,275,214,468,263,205,20,6,14,44,25,19,4,0,4,21,12,9,470,203,267,273,108,165,2,2,0,20,0,20,59,31,28,116,62,54,10,5,5
57716209,10,6,4,8,5,3,1,0,1,0,0,0,0,0,0,2,1,1,16,7,9,9,4,5,0,0,0,1,0,1,1,0,1,5,3,2,0,0,0
57716210,16,11,5,14,10,4,0,0,0,3,1,2,0,0,0,2,1,1,17,10,7,17,10,7,0,0,0,0,0,0,0,0,0,0,0,0,0,0,0
57716212,56,29,27,54,28,26,2,2,0,9,5,4,1,0,1,2,1,1,57,26,31,31,12,19,0,0,0,1,0,1,6,3,3,19,11,8,1,0,1
57716213,17,10,7,13,8,5,0,0,0,2,1,1,0,0,0,4,2,2,19,7,12,11,5,6,0,0,0,0,0,0,1,1,0,7,1,6,0,0,0
57716214,38,17,21,28,13,15,1,0,1,7,3,4,0,0,0,10,4,6,42,18,24,24,10,14,0,0,0,2,0,2,8,5,3,8,3,5,1,1,0
57717102,225,141,84,214,136,78,4,2,2,29,20,9,3,0,3,11,5,6,234,103,131,129,55,74,1,1,0,12,0,12,36,14,22,56,33,23,4,3,1
57718901,32,16,16,30,14,16,2,0,2,5,2,3,0,0,0,2,2,0,19,7,12,9,4,5,0,0,0,0,0,0,4,0,4,6,3,3,0,0,0
57718903,22,13,9,20,13,7,0,0,0,4,1,3,0,0,0,2,0,2,22,13,9,13,6,7,0,0,0,0,0,0,1,1,0,8,6,2,2,1,1
57718905,66,44,22,58,37,21,2,0,2,8,7,1,0,0,0,8,7,1,63,28,35,34,15,19,1,0,1,1,0,1,6,3,3,21,10,11,1,0,1
3037120,0,0,0,0,0,0,0,0,0,0,0,0,0,0,0,0,0,0,0,0,0,0,0,0,0,0,0,0,0,0,0,0,0,0,0,0,0,0,0
3037210,0,0,0,0,0,0,0,0,0,0,0,0,0,0,0,0,0,0,0,0,0,0,0,0,0,0,0,0,0,0,0,0,0,0,0,0,0,0,0
3125170,0,0,0,0,0,0,0,0,0,0,0,0,0,0,0,0,0,0,0,0,0,0,0,0,0,0,0,0,0,0,0,0,0,0,0,0,0,0,0
3125250,0,0,0,0,0,0,0,0,0,0,0,0,0,0,0,0,0,0,0,0,0,0,0,0,0,0,0,0,0,0,0,0,0,0,0,0,0,0,0
57719701,361,206,155,341,194,147,14,7,7,37,20,17,2,0,2,20,12,8,343,164,179,163,70,93,1,1,0,9,0,9,41,21,20,129,72,57,0,0,0
57719703,242,135,107,234,130,104,11,4,7,46,25,21,2,0,2,8,5,3,247,119,128,144,60,84,1,1,0,4,0,4,20,12,8,78,46,32,0,0,0
57719705,387,215,172,374,210,164,12,4,8,42,28,14,3,0,3,13,5,8,314,136,178,156,65,91,0,0,0,9,0,9,50,23,27,99,48,51,5,4,1
57719706,318,177,141,295,162,133,11,6,5,36,16,20,2,0,2,23,15,8,257,112,145,106,47,59,2,1,1,17,0,17,50,25,25,82,39,43,10,6,4
57719707,429,213,216,417,206,211,22,11,11,42,22,20,5,0,5,12,7,5,355,145,210,163,67,96,1,1,0,13,0,13,56,25,31,122,52,70,2,0,2
57719708,1006,523,483,956,492,464,44,24,20,120,55,65,11,0,11,50,31,19,958,418,540,510,199,311,2,2,0,39,0,39,139,74,65,268,143,125,13,7,6
57720101,92,57,35,87,52,35,1,1,0,9,6,3,0,0,0,5,5,0,115,53,62,45,18,27,0,0,0,5,0,5,25,12,13,40,23,17,1,1,0
0633550,0,0,0,0,0,0,0,0,0,0,0,0,0,0,0,0,0,0,0,0,0,0,0,0,0,0,0,0,0,0,0,0,0,0,0,0,0,0,0
57721901,22,14,8,21,14,7,0,0,0,0,0,0,0,0,0,1,0,1,24,9,15,15,7,8,0,0,0,1,0,1,2,0,2,6,2,4,1,1,0
57721902,168,85,83,165,85,80,3,3,0,20,6,14,1,0,1,3,0,3,195,95,100,115,58,57,0,0,0,10,0,10,29,14,15,41,23,18,1,1,0
57721903,47,31,16,44,30,14,2,1,1,4,2,2,0,0,0,3,1,2,38,15,23,19,7,12,0,0,0,3,0,3,8,4,4,8,4,4,0,0,0
57721904,97,54,43,92,53,39,1,0,1,12,6,6,0,0,0,5,1,4,96,44,52,44,17,27,0,0,0,4,0,4,18,7,11,30,20,10,1,0,1
57721905,49,29,20,44,26,18,3,2,1,3,2,1,0,0,0,5,3,2,33,15,18,13,4,9,0,0,0,1,0,1,7,4,3,12,7,5,1,0,1
57722701,83,52,31,75,47,28,1,0,1,9,5,4,1,0,1,8,5,3,72,36,36,32,12,20,0,0,0,3,0,3,12,7,5,25,17,8,3,1,2
57722702,16,10,6,15,9,6,0,0,0,2,1,1,0,0,0,1,1,0,10,6,4,5,4,1,0,0,0,2,0,2,2,1,1,1,1,0,0,0,0
57723501,21,12,9,21,12,9,1,0,1,5,4,1,0,0,0,0,0,0,22,11,11,9,4,5,0,0,0,1,0,1,4,1,3,8,6,2,0,0,0
57723503,624,355,269,596,339,257,16,7,9,84,40,44,8,0,8,28,16,12,573,225,348,278,96,182,3,3,0,32,0,32,100,50,50,160,76,84,10,7,3
57723505,174,95,79,169,92,77,9,3,6,20,11,9,2,0,2,5,3,2,166,60,106,78,33,45,0,0,0,6,0,6,26,10,16,56,17,39,0,0,0
57724301,224,122,102,216,117,99,7,2,5,18,10,8,0,0,0,8,5,3,236,123,113,136,67,69,0,0,0,8,0,8,26,15,11,66,41,25,2,1,1
57729401,454,265,189,440,260,180,17,7,10,57,27,30,3,0,3,14,5,9,456,193,263,237,95,142,0,0,0,22,0,22,75,39,36,122,59,63,8,5,3
57730801,20,16,4,20,16,4,0,0,0,3,3,0,0,0,0,0,0,0,28,12,16,11,6,5,0,0,0,3,0,3,6,1,5,8,5,3,1,0,1
57730802,37,24,13,35,23,12,0,0,0,4,1,3,0,0,0,2,1,1,39,16,23,20,10,10,0,0,0,4,0,4,6,3,3,9,3,6,0,0,0
57730803,37,20,17,36,20,16,1,0,1,5,3,2,0,0,0,1,0,1,28,12,16,16,6,10,0,0,0,2,0,2,3,1,2,7,5,2,0,0,0
57730804,2332,1299,1033,2246,1255,991,65,30,35,257,126,131,19,0,19,86,44,42,2257,980,1277,1170,468,702,3,1,2,104,0,104,356,194,162,624,317,307,32,26,6
57730805,15,10,5,15,10,5,0,0,0,2,1,1,0,0,0,0,0,0,11,6,5,2,0,2,0,0,0,1,0,1,5,4,1,3,2,1,0,0,0
57730806,134,72,62,129,69,60,6,2,4,20,12,8,2,0,2,5,3,2,110,44,66,51,17,34,0,0,0,3,0,3,19,8,11,37,19,18,2,2,0
57730808,29,16,13,27,15,12,2,0,2,2,0,2,0,0,0,2,1,1,31,11,20,14,5,9,0,0,0,1,0,1,7,3,4,9,3,6,0,0,0
57730809,20,12,8,19,11,8,2,0,2,3,3,0,0,0,0,1,1,0,26,9,17,20,8,12,0,0,0,1,0,1,4,1,3,1,0,1,1,1,0
57730810,27,20,7,26,20,6,0,0,0,4,3,1,0,0,0,1,0,1,25,11,14,16,5,11,0,0,0,1,0,1,1,1,0,7,5,2,0,0,0
57730811,33,18,15,32,18,14,2,0,2,0,0,0,1,0,1,1,0,1,37,20,17,18,10,8,0,0,0,2,0,2,5,3,2,12,7,5,0,0,0
57730812,26,11,15,25,11,14,2,0,2,2,1,1,1,0,1,1,0,1,32,11,21,16,6,10,0,0,0,2,0,2,6,2,4,8,3,5,0,0,0
57730813,15,9,6,15,9,6,1,0,1,4,1,3,0,0,0,0,0,0,6,4,2,4,2,2,0,0,0,0,0,0,0,0,0,2,2,0,0,0,0
57730814,11,8,3,11,8,3,0,0,0,1,0,1,0,0,0,0,0,0,13,6,7,3,1,2,0,0,0,3,0,3,6,5,1,1,0,1,0,0,0
57731601,73,39,34,73,39,34,1,1,0,9,5,4,1,0,1,0,0,0,51,25,26,28,14,14,0,0,0,1,0,1,8,3,5,14,8,6,2,2,0
57731602,85,45,40,82,42,40,6,2,4,9,6,3,1,0,1,3,3,0,97,34,63,52,17,35,0,0,0,3,0,3,10,6,4,32,11,21,0,0,0
57731603,53,32,21,53,32,21,2,1,1,5,5,0,0,0,0,0,0,0,41,18,23,15,5,10,0,0,0,3,0,3,5,2,3,18,11,7,0,0,0
57731604,16,10,6,16,10,6,0,0,0,2,1,1,0,0,0,0,0,0,15,5,10,4,2,2,0,0,0,1,0,1,5,1,4,5,2,3,0,0,0
57731605,26,19,7,26,19,7,0,0,0,3,2,1,0,0,0,0,0,0,25,6,19,11,3,8,0,0,0,2,0,2,4,0,4,8,3,5,0,0,0
57731606,13,10,3,13,10,3,0,0,0,1,1,0,0,0,0,0,0,0,18,7,11,6,1,5,0,0,0,2,0,2,5,3,2,5,3,2,0,0,0
57731607,25,13,12,25,13,12,0,0,0,4,3,1,0,0,0,0,0,0,22,9,13,9,4,5,0,0,0,1,0,1,5,3,2,7,2,5,0,0,0
57731608,51,29,22,51,29,22,3,2,1,6,5,1,0,0,0,0,0,0,36,21,15,7,3,4,0,0,0,0,0,0,7,4,3,22,14,8,1,0,1
57731609,26,13,13,26,13,13,0,0,0,6,6,0,0,0,0,0,0,0,20,11,9,6,2,4,0,0,0,0,0,0,2,1,1,12,8,4,0,0,0
57731610,21,13,8,20,12,8,1,1,0,4,2,2,0,0,0,1,1,0,17,8,9,7,3,4,0,0,0,1,0,1,1,1,0,8,4,4,0,0,0
57731611,15,10,5,15,10,5,0,0,0,0,0,0,0,0,0,0,0,0,17,8,9,7,5,2,0,0,0,3,0,3,4,2,2,3,1,2,0,0,0
57731612,95,56,39,91,55,36,0,0,0,16,11,5,1,0,1,4,1,3,102,43,59,49,20,29,0,0,0,3,0,3,14,5,9,36,18,18,3,2,1
57731613,60,31,29,58,31,27,0,0,0,9,5,4,1,0,1,2,0,2,51,23,28,15,6,9,0,0,0,3,0,3,13,8,5,20,9,11,1,0,1
57731614,22,14,8,21,13,8,0,0,0,3,2,1,0,0,0,1,1,0,27,11,16,5,2,3,0,0,0,3,0,3,9,5,4,10,4,6,0,0,0
57731615,20,10,10,20,10,10,1,0,1,1,1,0,0,0,0,0,0,0,19,7,12,9,4,5,0,0,0,1,0,1,2,0,2,7,3,4,0,0,0
57731616,21,11,10,21,11,10,2,0,2,1,1,0,0,0,0,0,0,0,21,11,10,13,5,8,0,0,0,0,0,0,0,0,0,8,6,2,0,0,0
57731617,28,16,12,27,16,11,1,0,1,4,2,2,0,0,0,1,0,1,28,8,20,8,2,6,0,0,0,3,0,3,8,4,4,9,2,7,0,0,0
57731618,74,35,39,71,35,36,2,1,1,5,1,4,0,0,0,3,0,3,64,32,32,16,8,8,0,0,0,2,0,2,10,4,6,36,20,16,0,0,0
57731619,9,5,4,9,5,4,0,0,0,3,2,1,0,0,0,0,0,0,11,5,6,4,2,2,0,0,0,0,0,0,1,0,1,6,3,3,0,0,0
57731620,49,26,23,48,25,23,0,0,0,6,3,3,0,0,0,1,1,0,62,27,35,20,8,12,1,1,0,4,0,4,12,7,5,25,11,14,0,0,0
57731621,112,57,55,108,55,53,3,0,3,15,8,7,0,0,0,4,2,2,103,51,52,59,26,33,1,1,0,3,0,3,11,5,6,29,19,10,1,0,1
57732401,121,62,59,117,60,57,3,2,1,16,9,7,2,0,2,4,2,2,113,61,52,38,20,18,0,0,0,7,0,7,22,14,8,46,27,19,1,0,1
57732402,109,64,45,103,62,41,4,2,2,13,5,8,0,0,0,6,2,4,103,45,58,46,16,30,0,0,0,4,0,4,17,8,9,36,21,15,1,0,1
57733201,303,176,127,290,171,119,15,7,8,21,8,13,4,0,4,13,5,8,279,130,149,133,64,69,0,0,0,14,0,14,43,22,21,89,44,45,6,5,1
57734101,297,167,130,289,162,127,8,1,7,29,14,15,3,0,3,8,5,3,320,141,179,150,61,89,0,0,0,13,0,13,55,30,25,102,50,52,8,3,5
57735901,589,329,260,578,320,258,22,12,10,78,39,39,4,0,4,11,9,2,494,209,285,245,105,140,4,1,3,25,0,25,78,36,42,142,67,75,5,2,3
57736702,86,51,35,85,50,35,0,0,0,11,6,5,2,0,2,1,1,0,77,34,43,37,13,24,0,0,0,5,0,5,16,12,4,19,9,10,0,0,0
57736703,22,11,11,22,11,11,1,0,1,2,1,1,0,0,0,0,0,0,30,17,13,10,4,6,0,0,0,1,0,1,7,3,4,12,10,2,0,0,0
57737501,152,90,62,145,84,61,2,0,2,7,2,5,0,0,0,7,6,1,123,51,72,59,24,35,1,1,0,9,0,9,23,11,12,31,15,16,1,0,1
57737502,24,17,7,23,17,6,0,0,0,3,1,2,1,0,1,1,0,1,39,14,25,21,9,12,0,0,0,1,0,1,6,2,4,11,3,8,1,0,1
57739101,145,80,65,140,78,62,4,2,2,9,5,4,0,0,0,5,2,3,124,57,67,48,22,26,0,0,0,5,0,5,29,14,15,42,21,21,3,2,1
57740501,10,7,3,9,6,3,0,0,0,1,0,1,0,0,0,1,1,0,20,11,9,15,7,8,0,0,0,0,0,0,1,1,0,4,3,1,1,1,0
57740502,6,4,2,6,4,2,0,0,0,0,0,0,0,0,0,0,0,0,17,9,8,14,8,6,0,0,0,0,0,0,1,0,1,2,1,1,0,0,0
57740504,55,28,27,51,27,24,5,3,2,6,4,2,0,0,0,4,1,3,75,31,44,48,16,32,0,0,0,2,0,2,11,6,5,14,9,5,0,0,0
57740505,449,249,200,427,236,191,15,6,9,42,20,22,2,0,2,22,13,9,400,186,214,217,94,123,0,0,0,18,0,18,72,39,33,93,53,40,12,7,5
57741301,459,259,200,448,254,194,16,6,10,45,23,22,2,0,2,11,5,6,375,159,216,177,81,96,0,0,0,18,0,18,57,28,29,123,50,73,14,10,4
57741302,58,31,27,56,30,26,1,0,1,4,2,2,0,0,0,2,1,1,58,29,29,27,11,16,0,0,0,4,0,4,9,6,3,18,12,6,0,0,0
57742101,97,57,40,91,54,37,3,2,1,13,8,5,0,0,0,6,3,3,83,39,44,45,23,22,1,0,1,3,0,3,11,5,6,23,11,12,1,1,0
57742102,34,19,15,32,18,14,1,1,0,2,0,2,1,0,1,2,1,1,26,12,14,5,3,2,0,0,0,3,0,3,7,4,3,11,5,6,0,0,0
57743001,36,18,18,36,18,18,1,0,1,8,3,5,0,0,0,0,0,0,36,19,17,13,8,5,0,0,0,1,0,1,5,3,2,17,8,9,0,0,0
57743003,90,52,38,85,48,37,2,2,0,12,4,8,2,0,2,5,4,1,82,44,38,44,22,22,0,0,0,2,0,2,13,7,6,23,15,8,1,1,0
57743004,57,28,29,55,28,27,1,0,1,7,2,5,0,0,0,2,0,2,54,28,26,23,12,11,0,0,0,3,0,3,10,5,5,18,11,7,0,0,0
57743005,45,29,16,42,28,14,1,1,0,6,3,3,0,0,0,3,1,2,43,20,23,24,12,12,0,0,0,1,0,1,7,3,4,11,5,6,0,0,0
57744801,55,33,22,54,32,22,1,0,1,9,4,5,0,0,0,1,1,0,40,26,14,20,11,9,0,0,0,1,0,1,4,4,0,15,11,4,2,1,1
1409702,0,0,0,0,0,0,0,0,0,0,0,0,0,0,0,0,0,0,0,0,0,0,0,0,0,0,0,0,0,0,0,0,0,0,0,0,0,0,0
57745601,377,209,168,356,199,157,13,6,7,35,20,15,1,0,1,21,10,11,418,172,246,255,92,163,1,0,1,12,0,12,39,22,17,111,58,53,2,1,1
57745602,37,20,17,35,19,16,1,1,0,6,2,4,0,0,0,2,1,1,40,16,24,25,9,16,0,0,0,1,0,1,4,3,1,10,4,6,0,0,0
57745604,37,24,13,31,19,12,0,0,0,7,4,3,0,0,0,6,5,1,21,11,10,10,5,5,0,0,0,2,0,2,6,4,2,3,2,1,0,0,0
57745605,724,411,313,678,390,288,18,12,6,93,48,45,4,0,4,46,21,25,712,313,399,424,175,249,2,1,1,28,0,28,90,41,49,168,96,72,18,13,5
57745607,40,22,18,39,22,17,0,0,0,1,0,1,0,0,0,1,0,1,31,15,16,15,5,10,0,0,0,1,0,1,4,1,3,11,9,2,2,2,0
57745609,8,5,3,8,5,3,0,0,0,0,0,0,0,0,0,0,0,0,15,7,8,3,2,1,0,0,0,2,0,2,5,3,2,5,2,3,0,0,0
57746401,138,73,65,136,72,64,6,2,4,28,12,16,2,0,2,2,1,1,129,60,69,58,26,32,0,0,0,5,0,5,31,18,13,35,16,19,2,0,2
57747201,19,11,8,18,11,7,0,0,0,0,0,0,1,0,1,1,0,1,14,2,12,3,0,3,0,0,0,2,0,2,4,0,4,5,2,3,0,0,0
57747202,27,13,14,26,13,13,1,0,1,1,1,0,0,0,0,1,0,1,20,11,9,8,3,5,0,0,0,2,0,2,4,4,0,6,4,2,0,0,0
57747203,17,12,5,14,10,4,1,0,1,5,2,3,0,0,0,3,2,1,23,7,16,12,3,9,1,0,1,3,0,3,3,2,1,4,2,2,0,0,0
57747204,12,7,5,12,7,5,0,0,0,0,0,0,0,0,0,0,0,0,9,1,8,4,1,3,0,0,0,2,0,2,3,0,3,0,0,0,0,0,0
57747205,551,319,232,520,302,218,19,9,10,49,28,21,0,0,0,31,17,14,543,233,310,264,106,158,0,0,0,33,0,33,87,45,42,159,82,77,14,7,7
57747206,27,17,10,25,15,10,0,0,0,2,0,2,1,0,1,2,2,0,18,10,8,11,5,6,0,0,0,1,0,1,5,4,1,1,1,0,0,0,0
57748101,48,30,18,46,30,16,1,0,1,7,3,4,0,0,0,2,0,2,48,16,32,27,12,15,0,0,0,2,0,2,8,1,7,11,3,8,1,1,0
57748102,7,5,2,7,5,2,0,0,0,1,1,0,0,0,0,0,0,0,15,7,8,8,3,5,0,0,0,1,0,1,2,1,1,4,3,1,0,0,0
57749901,505,272,233,490,266,224,11,4,7,43,19,24,4,0,4,15,6,9,544,244,300,251,114,137,0,0,0,23,0,23,97,47,50,173,83,90,6,4,2
57752901,59,32,27,58,31,27,4,2,2,9,2,7,0,0,0,1,1,0,57,33,24,29,17,12,0,0,0,1,0,1,6,2,4,21,14,7,0,0,0
57752902,43,26,17,37,24,13,2,2,0,6,5,1,0,0,0,6,2,4,43,20,23,19,7,12,0,0,0,1,0,1,7,4,3,16,9,7,1,0,1
57752903,34,21,13,34,21,13,3,1,2,8,5,3,0,0,0,0,0,0,35,15,20,20,8,12,0,0,0,0,0,0,4,3,1,11,4,7,1,1,0
57752904,92,50,42,87,47,40,1,0,1,6,3,3,1,0,1,5,3,2,90,36,54,40,15,25,0,0,0,6,0,6,17,7,10,27,14,13,3,0,3
57752905,23,12,11,23,12,11,0,0,0,5,2,3,0,0,0,0,0,0,27,12,15,17,6,11,0,0,0,2,0,2,4,3,1,4,3,1,0,0,0
57752906,78,43,35,73,41,32,1,0,1,9,6,3,0,0,0,5,2,3,77,34,43,34,14,20,0,0,0,2,0,2,10,8,2,31,12,19,3,3,0
57752908,10,6,4,10,6,4,0,0,0,1,0,1,0,0,0,0,0,0,14,5,9,3,2,1,0,0,0,2,0,2,5,2,3,4,1,3,0,0,0
57754502,28,15,13,27,15,12,2,2,0,2,2,0,0,0,0,1,0,1,20,11,9,12,4,8,0,0,0,0,0,0,1,1,0,7,6,1,0,0,0
57754503,253,147,106,238,138,100,10,4,6,19,11,8,2,0,2,15,9,6,252,106,146,140,56,84,0,0,0,4,0,4,29,12,17,79,38,41,4,2,2
57754504,54,28,26,51,27,24,0,0,0,5,1,4,0,0,0,3,1,2,50,26,24,32,16,16,0,0,0,0,0,0,7,4,3,11,6,5,0,0,0
57755301,79,45,34,76,43,33,2,0,2,6,3,3,0,0,0,3,2,1,94,39,55,46,19,27,0,0,0,2,0,2,8,2,6,38,18,20,0,0,0
57755302,603,336,267,595,334,261,33,11,22,61,30,31,4,0,4,8,2,6,632,275,357,273,115,158,0,0,0,29,0,29,104,54,50,226,106,120,11,5,6
57755303,203,113,90,196,109,87,6,2,4,17,9,8,1,0,1,7,4,3,230,107,123,107,46,61,0,0,0,10,0,10,38,20,18,75,41,34,2,1,1
57756101,56,34,22,53,33,20,4,3,1,6,3,3,0,0,0,3,1,2,42,22,20,23,12,11,0,0,0,0,0,0,4,0,4,15,10,5,1,0,1
57756102,30,17,13,27,16,11,1,0,1,4,2,2,0,0,0,3,1,2,32,17,15,22,11,11,0,0,0,0,0,0,4,2,2,6,4,2,0,0,0
57757001,73,41,32,73,41,32,4,2,2,6,5,1,2,0,2,0,0,0,74,38,36,38,17,21,1,0,1,1,0,1,13,10,3,21,11,10,0,0,0
57757003,40,22,18,38,20,18,0,0,0,6,3,3,0,0,0,2,2,0,41,20,21,17,6,11,0,0,0,2,0,2,6,5,1,16,9,7,0,0,0
57759601,242,130,112,225,125,100,2,0,2,27,12,15,1,0,1,17,5,12,214,95,119,100,48,52,0,0,0,8,0,8,33,15,18,73,32,41,3,3,0
57759602,14,10,4,13,10,3,0,0,0,3,2,1,0,0,0,1,0,1,14,3,11,5,1,4,0,0,0,3,0,3,4,2,2,2,0,2,0,0,0
57759603,28,16,12,28,16,12,2,0,2,5,3,2,0,0,0,0,0,0,25,11,14,14,5,9,0,0,0,0,0,0,4,1,3,7,5,2,0,0,0
57759604,17,10,7,17,10,7,2,1,1,3,1,2,0,0,0,0,0,0,10,4,6,7,3,4,0,0,0,0,0,0,1,0,1,2,1,1,0,0,0
57760002,12,7,5,10,7,3,0,0,0,0,0,0,1,0,1,2,0,2,14,5,9,10,3,7,0,0,0,1,0,1,3,2,1,0,0,0,0,0,0
57760003,38,23,15,37,22,15,2,0,2,6,4,2,0,0,0,1,1,0,31,15,16,22,10,12,0,0,0,1,0,1,5,3,2,3,2,1,2,0,2
1717270,0,0,0,0,0,0,0,0,0,0,0,0,0,0,0,0,0,0,0,0,0,0,0,0,0,0,0,0,0,0,0,0,0,0,0,0,0,0,0
57762601,64,39,25,62,38,24,2,2,0,3,2,1,0,0,0,2,1,1,65,30,35,33,11,22,0,0,0,2,0,2,6,3,3,24,16,8,2,1,1
57762602,24,14,10,24,14,10,0,0,0,5,2,3,0,0,0,0,0,0,18,3,15,2,0,2,0,0,0,2,0,2,3,1,2,11,2,9,0,0,0
57762604,155,96,59,147,94,53,6,3,3,27,17,10,0,0,0,8,2,6,152,70,82,73,30,43,1,1,0,11,0,11,27,16,11,40,23,17,1,1,0
57762607,556,294,262,531,282,249,16,10,6,73,39,34,5,0,5,25,12,13,588,252,336,369,143,226,3,2,1,11,0,11,69,32,37,136,75,61,4,3,1
57762608,279,149,130,264,139,125,11,4,7,32,18,14,3,0,3,15,10,5,256,111,145,115,44,71,1,1,0,10,0,10,38,19,19,92,47,45,0,0,0
57762610,62,29,33,61,28,33,4,2,2,5,1,4,1,0,1,1,1,0,53,25,28,37,21,16,0,0,0,1,0,1,4,2,2,11,2,9,0,0,0
57762611,50,25,25,48,25,23,4,2,2,6,3,3,0,0,0,2,0,2,44,22,22,16,9,7,0,0,0,2,0,2,9,5,4,17,8,9,0,0,0
57762612,42,22,20,42,22,20,0,0,0,2,1,1,1,0,1,0,0,0,50,18,32,21,6,15,0,0,0,4,0,4,9,4,5,16,8,8,0,0,0
57762613,133,72,61,128,71,57,3,2,1,24,11,13,0,0,0,5,1,4,136,57,79,68,24,44,0,0,0,6,0,6,16,6,10,46,27,19,0,0,0
57762614,27,14,13,26,14,12,1,0,1,1,1,0,0,0,0,1,0,1,18,5,13,7,0,7,0,0,0,1,0,1,2,1,1,8,4,4,0,0,0
57762615,19,10,9,17,10,7,1,0,1,2,0,2,1,0,1,2,0,2,20,10,10,6,4,2,0,0,0,3,0,3,5,4,1,6,2,4,0,0,0
57762616,15,8,7,15,8,7,0,0,0,1,1,0,0,0,0,0,0,0,13,7,6,6,3,3,0,0,0,0,0,0,4,4,0,3,0,3,0,0,0
57762617,56,32,24,54,31,23,2,0,2,6,4,2,0,0,0,2,1,1,40,17,23,20,8,12,0,0,0,2,0,2,5,3,2,13,6,7,2,2,0
57762618,593,316,277,576,309,267,25,9,16,68,30,38,4,0,4,17,7,10,508,214,294,279,122,157,3,1,2,25,0,25,63,29,34,138,62,76,9,5,4
57762619,18,14,4,16,13,3,1,1,0,1,1,0,0,0,0,2,1,1,6,3,3,5,2,3,0,0,0,0,0,0,0,0,0,1,1,0,0,0,0
57762620,1269,686,583,1224,661,563,27,11,16,136,64,72,7,0,7,45,25,20,1248,500,748,700,251,449,2,1,1,61,0,61,196,94,102,289,154,135,36,27,9
57762621,85,42,43,80,38,42,2,0,2,6,1,5,0,0,0,5,4,1,80,38,42,22,8,14,0,0,0,6,0,6,19,11,8,33,19,14,1,1,0
57762622,1001,559,442,947,529,418,20,9,11,91,42,49,7,0,7,54,30,24,665,293,372,262,109,153,1,1,0,48,3,45,162,85,77,192,95,97,37,30,7
57762623,66,36,30,62,32,30,3,2,1,8,4,4,1,0,1,4,4,0,49,13,36,17,3,14,0,0,0,2,0,2,11,6,5,19,4,15,2,1,1
57762624,1176,629,547,1123,608,515,44,19,25,138,73,65,5,0,5,53,21,32,958,377,581,493,177,316,2,2,0,45,0,45,153,74,79,265,124,141,13,6,7
57762625,228,120,108,215,114,101,10,3,7,30,14,16,3,1,2,13,6,7,192,86,106,112,48,64,1,1,0,6,0,6,31,18,13,42,19,23,5,2,3
57762626,1464,779,685,1417,758,659,58,31,27,194,94,100,14,0,14,47,21,26,1405,573,832,720,246,474,7,3,4,47,0,47,211,106,105,420,218,202,21,12,9
57762627,50,30,20,44,28,16,0,0,0,8,4,4,0,0,0,6,2,4,57,20,37,23,8,15,0,0,0,7,0,7,17,7,10,10,5,5,2,1,1
57762628,26,12,14,25,12,13,1,0,1,3,1,2,0,0,0,1,0,1,28,15,13,14,7,7,0,0,0,1,0,1,6,4,2,7,4,3,0,0,0
1805562,0,0,0,0,0,0,0,0,0,0,0,0,0,0,0,0,0,0,0,0,0,0,0,0,0,0,0,0,0,0,0,0,0,0,0,0,0,0,0
57764202,29,15,14,27,14,13,1,0,1,6,4,2,0,0,0,2,1,1,40,18,22,19,8,11,0,0,0,2,0,2,11,5,6,8,5,3,1,1,0
57764203,49,30,19,47,29,18,1,0,1,3,3,0,0,0,0,2,1,1,50,21,29,21,10,11,1,1,0,4,0,4,8,1,7,16,9,7,2,2,0
57764204,16,10,6,16,10,6,2,1,1,2,2,0,0,0,0,0,0,0,12,5,7,9,4,5,0,0,0,0,0,0,1,0,1,2,1,1,0,0,0
57764205,20,9,11,20,9,11,0,0,0,2,0,2,0,0,0,0,0,0,13,3,10,7,2,5,0,0,0,0,0,0,0,0,0,6,1,5,0,0,0
57765101,105,63,42,100,60,40,5,4,1,10,6,4,0,0,0,5,3,2,109,45,64,59,27,32,0,0,0,2,0,2,12,4,8,36,14,22,0,0,0
57765102,301,159,142,288,154,134,17,6,11,23,9,14,2,0,2,13,5,8,274,118,156,131,57,74,0,0,0,15,0,15,50,20,30,78,41,37,3,1,2
57765103,39,24,15,36,23,13,0,0,0,3,2,1,0,0,0,3,1,2,35,13,22,21,8,13,0,0,0,2,0,2,4,0,4,8,5,3,0,0,0
57766903,159,93,66,150,88,62,4,1,3,14,8,6,0,0,0,9,5,4,149,68,81,82,41,41,1,0,1,4,0,4,15,5,10,47,22,25,1,0,1
57766904,22,12,10,22,12,10,2,0,2,1,1,0,0,0,0,0,0,0,14,5,9,5,2,3,0,0,0,1,0,1,2,2,0,6,1,5,0,0,0
57767701,48,27,21,48,27,21,3,1,2,7,3,4,1,0,1,0,0,0,55,26,29,15,7,8,0,0,0,5,0,5,13,6,7,22,13,9,0,0,0
57767702,47,27,20,47,27,20,1,0,1,4,3,1,0,0,0,0,0,0,46,15,31,26,9,17,0,0,0,3,0,3,7,0,7,10,6,4,0,0,0
57767703,208,116,92,199,116,83,2,1,1,23,13,10,1,0,1,9,0,9,188,85,103,92,37,55,0,0,0,15,0,15,29,17,12,52,31,21,2,1,1
57768501,12,6,6,12,6,6,0,0,0,0,0,0,0,0,0,0,0,0,23,11,12,11,6,5,1,1,0,3,0,3,4,1,3,4,3,1,0,0,0
57768503,36,20,16,30,17,13,0,0,0,3,2,1,0,0,0,6,3,3,38,19,19,22,11,11,0,0,0,0,0,0,6,5,1,10,3,7,0,0,0
57768504,169,94,75,165,92,73,2,2,0,19,8,11,0,0,0,4,2,2,136,64,72,74,36,38,0,0,0,4,0,4,19,8,11,39,20,19,2,0,2
57769301,14,9,5,14,9,5,0,0,0,1,1,0,0,0,0,0,0,0,22,9,13,14,6,8,0,0,0,0,0,0,2,0,2,6,3,3,0,0,0
57769302,84,49,35,80,45,35,6,3,3,9,6,3,0,0,0,4,4,0,93,41,52,44,21,23,0,0,0,6,0,6,17,7,10,26,13,13,1,1,0
57769303,29,18,11,29,18,11,0,0,0,3,2,1,0,0,0,0,0,0,27,9,18,12,2,10,0,0,0,1,0,1,7,5,2,7,2,5,0,0,0
57769304,55,30,25,51,29,22,4,3,1,3,1,2,0,0,0,4,1,3,76,40,36,44,25,19,0,0,0,4,0,4,13,6,7,15,9,6,0,0,0
57769305,414,231,183,393,221,172,17,6,11,47,23,24,2,0,2,21,10,11,400,182,218,222,92,130,0,0,0,11,0,11,58,31,27,109,59,50,5,4,1
57770701,39,22,17,38,22,16,1,0,1,4,2,2,0,0,0,1,0,1,38,21,17,22,12,10,0,0,0,1,0,1,4,3,1,11,6,5,0,0,0
57770702,49,32,17,45,29,16,1,0,1,15,7,8,0,0,0,4,3,1,32,15,17,17,7,10,0,0,0,2,0,2,3,3,0,10,5,5,0,0,0
57770703,31,17,14,29,16,13,2,0,2,7,4,3,0,0,0,2,1,1,21,14,7,11,7,4,1,0,1,0,0,0,2,1,1,7,6,1,0,0,0
57770704,94,51,43,91,50,41,4,2,2,4,2,2,0,0,0,3,1,2,87,30,57,43,17,26,0,0,0,4,0,4,14,4,10,26,9,17,1,0,1
57770705,51,29,22,50,28,22,2,2,0,5,3,2,0,0,0,1,1,0,46,23,23,24,14,10,1,1,0,1,0,1,2,2,0,18,6,12,0,0,0
57772301,50,25,25,45,21,24,1,0,1,6,2,4,0,0,0,5,4,1,36,15,21,14,4,10,0,0,0,1,0,1,5,2,3,16,9,7,3,2,1
57772302,45,23,22,41,22,19,0,0,0,4,0,4,0,0,0,4,1,3,34,17,17,19,11,8,0,0,0,1,0,1,5,2,3,9,4,5,2,1,1
51371701,153,89,64,150,89,61,4,1,3,18,9,9,2,0,2,3,0,3,132,59,73,70,25,45,0,0,0,3,0,3,18,13,5,41,21,20,2,1,1
53067101,31,17,14,31,17,14,0,0,0,3,1,2,1,0,1,0,0,0,36,14,22,20,9,11,0,0,0,1,0,1,7,4,3,8,1,7,0,0,0
54805701,36,20,16,34,19,15,1,0,1,2,1,1,1,0,1,2,1,1,26,10,16,13,2,11,0,0,0,2,1,1,8,6,2,3,1,2,1,0,1
54806501,160,96,64,152,91,61,2,0,2,20,12,8,4,0,4,8,5,3,146,69,77,69,28,41,0,0,0,8,0,8,28,12,16,41,29,12,2,2,0
54815401,170,105,65,167,104,63,6,4,2,23,12,11,2,0,2,3,1,2,151,64,87,64,25,39,0,0,0,7,0,7,31,12,19,49,27,22,2,2,0
54867701,52,34,18,50,32,18,0,0,0,8,5,3,0,0,0,2,2,0,45,22,23,18,8,10,0,0,0,5,0,5,12,8,4,10,6,4,0,0,0
0469903,0,0,0,0,0,0,0,0,0,0,0,0,0,0,0,0,0,0,0,0,0,0,0,0,0,0,0,0,0,0,0,0,0,0,0,0,0,0,0
3034452,0,0,0,0,0,0,0,0,0,0,0,0,0,0,0,0,0,0,0,0,0,0,0,0,0,0,0,0,0,0,0,0,0,0,0,0,0,0,0
3034960,0,0,0,0,0,0,0,0,0,0,0,0,0,0,0,0,0,0,0,0,0,0,0,0,0,0,0,0,0,0,0,0,0,0,0,0,0,0,0
3035180,0,0,0,0,0,0,0,0,0,0,0,0,0,0,0,0,0,0,0,0,0,0,0,0,0,0,0,0,0,0,0,0,0,0,0,0,0,0,0
3067380,0,0,0,0,0,0,0,0,0,0,0,0,0,0,0,0,0,0,0,0,0,0,0,0,0,0,0,0,0,0,0,0,0,0,0,0,0,0,0
3120700,0,0,0,0,0,0,0,0,0,0,0,0,0,0,0,0,0,0,0,0,0,0,0,0,0,0,0,0,0,0,0,0,0,0,0,0,0,0,0
3121000,0,0,0,0,0,0,0,0,0,0,0,0,0,0,0,0,0,0,0,0,0,0,0,0,0,0,0,0,0,0,0,0,0,0,0,0,0,0,0
3213710,0,0,0,0,0,0,0,0,0,0,0,0,0,0,0,0,0,0,0,0,0,0,0,0,0,0,0,0,0,0,0,0,0,0,0,0,0,0,0
3214011,0,0,0,0,0,0,0,0,0,0,0,0,0,0,0,0,0,0,0,0,0,0,0,0,0,0,0,0,0,0,0,0,0,0,0,0,0,0,0
3214782,0,0,0,0,0,0,0,0,0,0,0,0,0,0,0,0,0,0,0,0,0,0,0,0,0,0,0,0,0,0,0,0,0,0,0,0,0,0,0
3214940,0,0,0,0,0,0,0,0,0,0,0,0,0,0,0,0,0,0,0,0,0,0,0,0,0,0,0,0,0,0,0,0,0,0,0,0,0,0,0
3309220,0,0,0,0,0,0,0,0,0,0,0,0,0,0,0,0,0,0,0,0,0,0,0,0,0,0,0,0,0,0,0,0,0,0,0,0,0,0,0
56981001,220,118,102,200,106,94,4,1,3,19,4,15,0,0,0,20,12,8,116,60,56,46,21,25,0,0,0,6,0,6,29,18,11,35,21,14,10,6,4
56981002,15,8,7,15,8,7,1,0,1,0,0,0,0,0,0,0,0,0,9,6,3,3,2,1,0,0,0,0,0,0,0,0,0,6,4,2,0,0,0
56981003,277,146,131,270,142,128,19,8,11,41,18,23,3,0,3,7,4,3,251,112,139,118,47,71,0,0,0,13,0,13,47,25,22,73,40,33,1,0,1
56981004,1704,864,840,1639,829,810,83,35,48,276,123,153,8,0,8,65,35,30,1540,610,930,989,350,639,3,1,2,56,0,56,198,103,95,294,156,138,35,19,16
56981005,620,328,292,605,320,285,27,13,14,100,53,47,5,0,5,15,8,7,585,253,332,278,118,160,2,1,1,22,1,21,96,47,49,187,86,101,3,2,1
56981006,1339,710,629,1299,685,614,65,35,30,174,78,96,11,0,11,40,25,15,1633,691,942,903,351,552,1,1,0,60,0,60,213,118,95,456,221,235,15,10,5
56981007,46,24,22,45,24,21,0,0,0,8,5,3,0,0,0,1,0,1,42,16,26,30,11,19,0,0,0,0,0,0,3,2,1,9,3,6,0,0,0
56981008,1254,611,643,1216,592,624,57,24,33,178,76,102,18,0,18,38,19,19,1094,455,639,516,184,332,0,0,0,55,1,54,184,83,101,339,187,152,21,9,12
56981009,30,14,16,22,12,10,1,0,1,3,3,0,0,0,0,8,2,6,40,17,23,20,11,9,0,0,0,2,0,2,8,2,6,10,4,6,4,3,1
56981010,94,52,42,93,52,41,6,3,3,11,7,4,1,0,1,1,0,1,69,28,41,32,11,21,0,0,0,1,0,1,10,5,5,26,12,14,0,0,0
56981011,861,462,399,844,451,393,55,26,29,166,98,68,6,0,6,17,11,6,1017,411,606,622,221,401,2,1,1,30,0,30,114,52,62,249,137,112,4,1,3
56981012,760,399,361,732,385,347,29,12,17,80,34,46,8,0,8,28,14,14,822,340,482,474,180,294,1,1,0,40,0,40,130,72,58,177,87,90,8,3,5
56981013,2506,1303,1203,2429,1264,1165,155,76,79,404,193,211,20,0,20,77,39,38,2036,867,1169,1108,447,661,7,4,3,81,0,81,294,155,139,546,261,285,28,13,15
56981015,1640,835,805,1581,805,776,71,36,35,227,113,114,14,0,14,59,30,29,1057,446,611,506,200,306,1,0,1,68,1,67,223,121,102,259,124,135,13,8,5
56981017,883,447,436,861,442,419,48,16,32,68,37,31,8,0,8,22,5,17,649,296,353,179,62,117,5,3,2,48,0,48,168,96,72,249,135,114,6,1,5
56981018,28,19,9,26,17,9,1,0,1,5,4,1,0,0,0,2,2,0,23,11,12,10,4,6,1,1,0,1,0,1,8,4,4,3,2,1,1,0,1
56981019,1090,578,512,1042,553,489,56,31,25,134,61,73,9,0,9,48,25,23,851,379,472,422,170,252,1,1,0,31,2,29,133,71,62,264,135,129,13,4,9
56981021,346,200,146,315,187,128,13,4,9,34,25,9,1,0,1,31,13,18,252,109,143,97,33,64,0,0,0,14,0,14,55,28,27,86,48,38,13,9,4
56981022,503,279,224,490,270,220,20,9,11,68,36,32,5,0,5,13,9,4,366,149,217,153,55,98,1,0,1,15,1,14,60,33,27,137,60,77,0,0,0
56981023,571,308,263,559,301,258,26,10,16,67,45,22,4,0,4,12,7,5,531,214,317,264,103,161,2,1,1,18,0,18,87,39,48,160,71,89,6,3,3
56981024,342,181,161,324,174,150,19,8,11,48,22,26,4,0,4,18,7,11,325,158,167,152,64,88,0,0,0,16,0,16,58,35,23,99,59,40,3,2,1
56981025,39,16,23,39,16,23,3,0,3,5,1,4,0,0,0,0,0,0,28,15,13,11,7,4,0,0,0,1,0,1,2,2,0,14,6,8,0,0,0
56981028,992,545,447,955,525,430,39,23,16,136,72,64,3,0,3,37,20,17,798,341,457,357,147,210,3,3,0,33,1,32,125,65,60,280,125,155,22,8,14
56981029,137,72,65,131,69,62,5,2,3,15,5,10,0,0,0,6,3,3,137,69,68,61,28,33,0,0,0,3,0,3,15,8,7,58,33,25,1,0,1
56981030,111,62,49,111,62,49,7,2,5,19,11,8,0,0,0,0,0,0,75,38,37,33,11,22,0,0,0,3,0,3,12,10,2,27,17,10,0,0,0
56981031,28,14,14,28,14,14,0,0,0,1,1,0,0,0,0,0,0,0,42,14,28,27,11,16,0,0,0,1,0,1,4,0,4,10,3,7,1,1,0
56981032,868,457,411,845,448,397,35,16,19,128,56,72,5,0,5,23,9,14,827,373,454,417,183,234,3,3,0,47,0,47,136,74,62,224,113,111,8,4,4
56981034,105,95,10,54,52,2,0,0,0,1,0,1,0,0,0,51,43,8,123,115,8,27,20,7,1,1,0,0,0,0,92,91,1,3,3,0,5,5,0
56981036,1214,651,563,1184,636,548,71,35,36,173,85,88,8,0,8,30,15,15,1128,466,662,612,236,376,4,2,2,44,0,44,149,75,74,319,153,166,12,9,3
56981038,15,12,3,14,11,3,2,2,0,1,1,0,0,0,0,1,1,0,9,4,5,1,0,1,0,0,0,0,0,0,4,3,1,4,1,3,0,0,0
56981039,36,18,18,34,17,17,1,0,1,6,1,5,0,0,0,2,1,1,22,14,8,11,6,5,0,0,0,0,0,0,4,2,2,7,6,1,0,0,0
56981040,474,247,227,460,241,219,21,10,11,62,30,32,1,0,1,14,6,8,393,201,192,149,71,78,3,2,1,17,1,16,73,44,29,151,83,68,6,0,6
56981041,210,121,89,206,118,88,8,3,5,29,13,16,0,0,0,4,3,1,201,90,111,87,37,50,0,0,0,13,0,13,35,19,16,66,34,32,0,0,0
56981042,409,232,177,393,221,172,15,10,5,51,33,18,6,0,6,16,11,5,328,147,181,175,77,98,1,0,1,7,0,7,41,23,18,104,47,57,5,2,3
56981043,429,227,202,415,216,199,29,19,10,75,42,33,1,0,1,14,11,3,393,179,214,180,73,107,3,2,1,11,1,10,54,25,29,145,78,67,4,2,2
56981044,126,62,64,124,62,62,6,2,4,17,10,7,2,0,2,2,0,2,112,45,67,49,24,25,0,0,0,5,0,5,11,4,7,47,17,30,0,0,0
56981045,1256,664,592,1221,646,575,47,28,19,170,91,79,9,0,9,35,18,17,1199,543,656,519,214,305,2,0,2,56,1,55,211,111,100,411,217,194,9,3,6
56981046,94,52,42,92,51,41,5,2,3,11,7,4,0,0,0,2,1,1,73,30,43,34,11,23,0,0,0,2,0,2,10,5,5,27,14,13,1,1,0
56981047,130,64,66,127,62,65,31,13,18,6,3,3,0,0,0,3,2,1,42,12,30,13,2,11,0,0,0,2,0,2,7,2,5,20,8,12,5,3,2
56981048,882,584,298,773,505,268,40,18,22,93,51,42,5,0,5,109,79,30,580,286,294,217,109,108,3,3,0,25,0,25,150,82,68,185,92,93,203,148,55
56981050,639,307,332,615,293,322,38,14,24,84,37,47,8,0,8,24,14,10,572,233,339,300,111,189,1,1,0,25,0,25,101,58,43,145,63,82,12,6,6
56981051,1239,644,595,1180,608,572,57,23,34,138,66,72,17,0,17,59,36,23,1155,570,585,434,150,284,6,5,1,44,2,42,394,265,129,277,148,129,22,13,9
56981052,733,376,357,692,355,337,35,13,22,89,38,51,10,0,10,41,21,20,501,216,285,204,75,129,2,2,0,27,0,27,114,64,50,154,75,79,18,11,7
56981054,455,240,215,436,228,208,28,14,14,47,25,22,4,0,4,19,12,7,405,151,254,220,67,153,1,0,1,20,0,20,65,37,28,99,47,52,12,7,5
56981055,759,411,348,729,394,335,53,20,33,74,43,31,7,0,7,30,17,13,529,240,289,105,45,60,0,0,0,35,1,34,127,77,50,262,117,145,20,13,7
56981056,2102,1075,1027,1993,1023,970,151,62,89,214,100,114,14,0,14,109,52,57,1563,676,887,567,223,344,3,0,3,86,0,86,312,160,152,595,293,302,79,55,24
56981057,131,67,64,123,61,62,8,4,4,23,11,12,1,0,1,8,6,2,112,50,62,49,18,31,1,1,0,2,0,2,20,9,11,40,22,18,2,2,0
56981058,396,200,196,379,191,188,47,24,23,43,19,24,3,0,3,17,9,8,459,167,292,150,55,95,1,1,0,12,0,12,42,21,21,254,90,164,6,3,3
56981059,53,25,28,50,24,26,4,2,2,10,5,5,2,0,2,3,1,2,56,26,30,19,5,14,0,0,0,0,0,0,9,7,2,28,14,14,2,1,1
56981061,531,287,244,506,273,233,20,10,10,68,32,36,3,0,3,25,14,11,371,135,236,178,55,123,2,1,1,22,0,22,63,28,35,106,51,55,6,4,2
56981062,1316,703,613,1275,680,595,74,33,41,183,91,92,9,0,9,41,23,18,1233,546,687,637,250,387,6,3,3,38,0,38,175,98,77,377,195,182,8,6,2
56981063,37,18,19,36,18,18,3,1,2,6,4,2,0,0,0,1,0,1,28,12,16,9,3,6,0,0,0,2,0,2,3,1,2,14,8,6,0,0,0
56981064,399,206,193,380,197,183,25,5,20,47,26,21,4,0,4,19,9,10,315,130,185,159,55,104,1,1,0,15,0,15,50,27,23,90,47,43,9,4,5
56981065,2105,1050,1055,2027,1018,1009,124,60,64,266,109,157,18,0,18,78,32,46,2101,814,1287,1301,459,842,3,3,0,71,0,71,249,127,122,477,225,252,32,20,12
56981066,1542,819,723,1495,795,700,87,42,45,209,103,106,13,0,13,47,24,23,1423,612,811,722,282,440,7,6,1,61,0,61,220,116,104,413,208,205,13,8,5
56981067,286,159,127,266,148,118,9,2,7,38,24,14,0,0,0,20,11,9,205,93,112,100,44,56,0,0,0,10,0,10,43,23,20,52,26,26,10,4,6
56981068,1198,639,559,1150,614,536,67,33,34,139,62,77,8,0,8,48,25,23,904,364,540,383,145,238,3,2,1,54,0,54,182,91,91,282,126,156,27,17,10
56981069,1269,661,608,1189,624,565,79,38,41,140,66,74,9,0,9,80,37,43,931,392,539,400,139,261,3,3,0,62,1,61,205,108,97,261,141,120,37,22,15
56981070,97,52,45,94,50,44,6,3,3,16,12,4,0,0,0,3,2,1,76,29,47,45,20,25,0,0,0,2,0,2,10,3,7,19,6,13,1,1,0
56981071,953,498,455,907,473,434,39,17,22,114,44,70,14,0,14,46,25,21,949,377,572,545,196,349,0,0,0,38,0,38,150,75,75,216,106,110,6,4,2
56981072,79,40,39,73,39,34,2,0,2,9,4,5,0,0,0,6,1,5,52,23,29,31,17,14,1,0,1,1,0,1,6,1,5,13,5,8,0,0,0
56981073,93,57,36,89,54,35,2,0,2,17,7,10,0,0,0,4,3,1,58,30,28,34,17,17,0,0,0,2,0,2,6,4,2,16,9,7,0,0,0
56981074,1107,569,538,1064,551,513,49,26,23,142,82,60,11,0,11,43,18,25,1027,422,605,574,212,362,1,0,1,42,0,42,177,90,87,233,120,113,15,9,6
56981075,121,66,55,119,64,55,4,1,3,13,8,5,1,0,1,2,2,0,71,22,49,25,7,18,0,0,0,5,0,5,17,3,14,24,12,12,1,1,0
56981076,2349,1234,1115,2264,1183,1081,115,49,66,307,143,164,23,0,23,85,51,34,2035,788,1247,1163,410,753,4,3,1,91,0,91,292,138,154,485,237,248,32,23,9
56981078,313,166,147,297,159,138,19,6,13,48,21,27,1,0,1,16,7,9,206,77,129,103,41,62,0,0,0,10,0,10,36,14,22,57,22,35,4,1,3
56981079,1241,670,571,1216,658,558,74,41,33,65,29,36,14,0,14,25,12,13,764,323,441,115,32,83,2,0,2,81,0,81,260,138,122,306,153,153,18,13,5
56981080,158,86,72,155,85,70,12,8,4,28,15,13,2,0,2,3,1,2,128,57,71,48,22,26,0,0,0,4,0,4,20,7,13,56,28,28,0,0,0
56981081,734,393,341,719,383,336,31,15,16,132,67,65,7,0,7,15,10,5,661,279,382,374,149,225,1,1,0,26,0,26,99,39,60,161,90,71,6,2,4
56981082,1335,716,619,1299,697,602,62,33,29,236,115,121,8,0,8,36,19,17,1435,588,847,871,337,534,1,1,0,48,0,48,195,96,99,320,154,166,6,4,2
56981083,15,12,3,15,12,3,0,0,0,0,0,0,0,0,0,0,0,0,1,0,1,0,0,0,0,0,0,0,0,0,1,0,1,0,0,0,15,14,1
56981084,105,56,49,104,56,48,9,8,1,14,8,6,1,0,1,1,0,1,79,32,47,29,10,19,1,1,0,5,0,5,12,5,7,32,16,16,1,1,0
56981085,2544,1291,1253,2475,1261,1214,137,59,78,405,175,230,16,0,16,69,30,39,2398,1010,1388,1299,503,796,3,2,1,98,0,98,358,175,183,640,330,310,24,15,9
56982801,86,49,37,79,48,31,3,3,0,6,3,3,2,0,2,7,1,6,72,32,40,39,17,22,0,0,0,4,0,4,15,7,8,14,8,6,1,0,1
56982802,7,5,2,6,4,2,0,0,0,1,0,1,0,0,0,1,1,0,13,6,7,9,5,4,0,0,0,1,0,1,1,0,1,2,1,1,0,0,0
56983601,147,80,67,142,78,64,3,3,0,19,9,10,2,0,2,5,2,3,123,59,64,51,22,29,0,0,0,4,0,4,26,12,14,42,25,17,2,2,0
56985201,219,120,99,216,119,97,8,6,2,14,7,7,0,0,0,3,1,2,192,85,107,69,33,36,1,0,1,16,0,16,39,20,19,67,32,35,2,0,2
56986101,64,39,25,62,38,24,3,1,2,5,4,1,0,0,0,2,1,1,54,26,28,22,9,13,0,0,0,3,0,3,13,5,8,16,12,4,2,0,2
56987901,225,119,106,220,116,104,12,2,10,28,16,12,1,0,1,5,3,2,207,94,113,72,34,38,0,0,0,14,0,14,50,26,24,71,34,37,0,0,0
56988701,92,55,37,90,54,36,5,1,4,11,7,4,0,0,0,2,1,1,103,41,62,51,19,32,0,0,0,8,0,8,17,8,9,27,14,13,3,2,1
56988702,113,62,51,111,62,49,2,1,1,7,4,3,2,0,2,2,0,2,105,54,51,46,20,26,0,0,0,5,0,5,20,15,5,34,19,15,0,0,0
56988703,58,30,28,56,28,28,2,0,2,9,2,7,0,0,0,2,2,0,41,19,22,24,12,12,0,0,0,2,0,2,6,2,4,9,5,4,0,0,0
56988705,33,16,17,33,16,17,2,0,2,7,3,4,0,0,0,0,0,0,36,18,18,26,13,13,0,0,0,2,0,2,4,2,2,4,3,1,0,0,0
56991701,91,50,41,86,49,37,5,2,3,7,4,3,0,0,0,5,1,4,71,38,33,31,15,16,0,0,0,3,0,3,9,5,4,28,18,10,1,1,0
56991702,1069,582,487,1045,573,472,47,20,27,129,71,58,10,0,10,24,9,15,794,340,454,355,143,212,3,0,3,28,0,28,135,64,71,273,133,140,22,13,9
56991703,111,64,47,110,64,46,7,3,4,8,4,4,1,0,1,1,0,1,104,52,52,48,22,26,0,0,0,3,0,3,16,11,5,37,19,18,1,1,0
56992501,538,291,247,514,279,235,28,6,22,51,29,22,2,0,2,24,12,12,554,227,327,329,112,217,0,0,0,17,0,17,67,34,33,141,81,60,8,3,5
56993301,92,53,39,90,52,38,3,1,2,13,8,5,1,0,1,2,1,1,76,34,42,24,9,15,0,0,0,4,0,4,20,13,7,28,12,16,2,1,1
56994101,135,73,62,133,72,61,8,1,7,18,9,9,0,0,0,2,1,1,110,52,58,39,18,21,0,0,0,4,0,4,14,4,10,53,30,23,3,2,1
56996801,263,141,122,253,136,117,6,3,3,28,10,18,2,0,2,10,5,5,217,104,113,97,46,51,0,0,0,7,0,7,43,24,19,70,34,36,8,7,1
56996802,44,23,21,43,23,20,0,0,0,3,1,2,1,0,1,1,0,1,29,8,21,16,4,12,0,0,0,2,0,2,7,2,5,4,2,2,0,0,0
56997601,107,62,45,104,61,43,8,5,3,8,3,5,0,0,0,3,1,2,84,36,48,39,15,24,0,0,0,4,0,4,13,9,4,28,12,16,2,2,0
56997602,32,17,15,26,15,11,1,0,1,3,1,2,0,0,0,6,2,4,35,15,20,17,8,9,0,0,0,2,0,2,6,4,2,10,3,7,0,0,0
56997603,52,27,25,51,26,25,2,2,0,6,3,3,0,0,0,1,1,0,39,17,22,16,5,11,0,0,0,1,0,1,5,2,3,17,10,7,0,0,0
56997604,39,22,17,35,19,16,0,0,0,1,0,1,0,0,0,4,3,1,36,13,23,13,6,7,0,0,0,3,0,3,9,4,5,11,3,8,0,0,0
56998401,208,116,92,199,112,87,8,4,4,21,10,11,1,0,1,9,4,5,160,75,85,60,24,36,0,0,0,6,0,6,32,19,13,62,32,30,2,1,1
56998403,31,18,13,30,17,13,1,1,0,7,3,4,0,0,0,1,1,0,30,16,14,19,12,7,0,0,0,2,0,2,3,0,3,6,4,2,0,0,0
56998405,68,37,31,65,36,29,3,2,1,12,5,7,0,0,0,3,1,2,53,26,27,14,6,8,0,0,0,4,0,4,15,7,8,20,13,7,0,0,0
56998406,101,60,41,100,60,40,5,2,3,7,6,1,0,0,0,1,0,1,113,48,65,55,21,34,0,0,0,8,0,8,16,8,8,34,19,15,2,1,1
56999201,172,111,61,167,107,60,6,4,2,21,13,8,0,0,0,5,4,1,149,66,83,62,28,34,0,0,0,10,0,10,24,14,10,53,24,29,1,0,1
57000101,229,119,110,218,115,103,7,3,4,14,6,8,3,0,3,11,4,7,188,82,106,82,35,47,0,0,0,7,0,7,31,14,17,68,33,35,11,5,6
57000102,122,69,53,116,66,50,4,2,2,8,4,4,1,0,1,6,3,3,121,51,70,67,25,42,0,0,0,6,0,6,17,8,9,31,18,13,1,0,1
57001001,91,56,35,88,54,34,3,2,1,7,4,3,0,0,0,3,2,1,70,27,43,34,12,22,0,0,0,3,0,3,12,5,7,21,10,11,0,0,0
57002801,280,156,124,267,149,118,9,3,6,28,15,13,2,0,2,13,7,6,243,102,141,117,47,70,0,0,0,10,0,10,41,18,23,75,37,38,8,5,3
57002802,187,99,88,180,97,83,6,4,2,17,8,9,0,0,0,7,2,5,171,76,95,72,34,38,1,0,1,7,0,7,23,9,14,68,33,35,0,0,0
57004401,244,132,112,234,128,106,6,3,3,26,10,16,1,0,1,10,4,6,237,102,135,108,41,67,0,0,0,11,0,11,38,18,20,80,43,37,8,5,3
57004402,10,7,3,9,7,2,0,0,0,0,0,0,0,0,0,1,0,1,11,4,7,6,3,3,0,0,0,2,0,2,3,1,2,0,0,0,0,0,0
57004403,34,18,16,31,18,13,0,0,0,3,1,2,0,0,0,3,0,3,25,12,13,16,9,7,0,0,0,1,0,1,3,1,2,5,2,3,0,0,0
57004404,56,34,22,49,29,20,0,0,0,7,3,4,0,0,0,7,5,2,58,26,32,33,15,18,0,0,0,2,0,2,8,2,6,15,9,6,2,1,1
57005201,96,57,39,90,55,35,0,0,0,9,6,3,1,0,1,6,2,4,75,35,40,47,19,28,0,0,0,2,0,2,11,7,4,15,9,6,1,1,0
57008701,202,107,95,197,105,92,8,4,4,19,10,9,1,0,1,5,2,3,205,80,125,111,28,83,0,0,0,5,2,3,34,15,19,55,35,20,1,1,0
57010901,54,31,23,51,29,22,2,0,2,4,3,1,0,0,0,3,2,1,55,25,30,18,8,10,0,0,0,6,0,6,16,10,6,15,7,8,0,0,0
57010902,50,25,25,47,24,23,0,0,0,5,0,5,1,0,1,3,1,2,47,24,23,14,9,5,0,0,0,4,0,4,12,6,6,17,9,8,1,0,1
57010903,86,47,39,83,46,37,1,0,1,4,3,1,0,0,0,3,1,2,86,39,47,29,16,13,0,0,0,8,0,8,16,7,9,33,16,17,0,0,0
57010904,64,37,27,60,34,26,1,0,1,5,2,3,0,0,0,4,3,1,52,25,27,24,12,12,0,0,0,6,0,6,12,7,5,10,6,4,0,0,0
57010905,381,223,158,360,208,152,16,8,8,22,16,6,2,0,2,21,15,6,322,153,169,163,70,93,2,1,1,13,0,13,45,25,20,99,57,42,30,20,10
57010906,128,70,58,117,65,52,5,2,3,8,5,3,1,0,1,11,5,6,93,39,54,38,14,24,0,0,0,6,0,6,25,10,15,24,15,9,0,0,0
57010907,142,76,66,140,75,65,9,4,5,12,6,6,0,0,0,2,1,1,242,88,154,149,49,100,0,0,0,10,0,10,27,12,15,56,27,29,2,1,1
57010908,394,215,179,382,209,173,17,7,10,39,20,19,5,0,5,12,6,6,383,175,208,199,82,117,1,1,0,12,0,12,60,34,26,111,58,53,8,2,6
57010909,1494,815,679,1442,792,650,51,24,27,165,80,85,13,0,13,52,23,29,1424,605,819,747,312,435,5,3,2,64,0,64,229,113,116,379,177,202,14,5,9
57012501,138,75,63,133,72,61,4,3,1,18,12,6,3,0,3,5,3,2,129,60,69,44,19,25,0,0,0,2,0,2,29,14,15,54,27,27,3,1,2
57013301,247,143,104,235,136,99,10,4,6,19,11,8,3,0,3,12,7,5,237,103,134,106,44,62,0,0,0,12,0,12,39,15,24,80,44,36,8,4,4
57015001,110,62,48,109,62,47,2,1,1,9,5,4,1,0,1,1,0,1,77,35,42,37,16,21,0,0,0,1,0,1,14,8,6,25,11,14,1,1,0
57016801,151,89,62,147,86,61,1,0,1,22,15,7,2,0,2,4,3,1,167,66,101,97,37,60,0,0,0,8,0,8,19,10,9,43,19,24,3,1,2
57016802,26,16,10,22,15,7,0,0,0,1,1,0,0,0,0,4,1,3,44,19,25,31,12,19,0,0,0,1,0,1,6,4,2,6,3,3,0,0,0
57017601,203,116,87,201,115,86,9,1,8,27,18,9,2,0,2,2,1,1,149,69,80,72,25,47,1,1,0,9,0,9,26,15,11,41,28,13,1,1,0
57018401,171,98,73,169,97,72,7,4,3,16,11,5,3,0,3,2,1,1,160,70,90,84,35,49,1,1,0,11,0,11,25,14,11,39,20,19,3,3,0
57019201,21,13,8,21,13,8,1,1,0,3,3,0,0,0,0,0,0,0,20,8,12,13,4,9,0,0,0,0,0,0,3,3,0,4,1,3,0,0,0
57019202,96,54,42,95,54,41,4,1,3,8,4,4,0,0,0,1,0,1,91,37,54,46,18,28,0,0,0,10,0,10,22,12,10,13,7,6,2,2,0
57019203,48,27,21,42,25,17,1,0,1,2,2,0,0,0,0,6,2,4,39,19,20,21,11,10,0,0,0,2,0,2,4,2,2,12,6,6,1,0,1
57019204,34,16,18,31,14,17,3,1,2,3,1,2,0,0,0,3,2,1,20,8,12,9,5,4,0,0,0,1,0,1,3,1,2,7,2,5,0,0,0
57020601,278,152,126,270,146,124,14,6,8,18,9,9,1,0,1,8,6,2,273,118,155,139,57,82,0,0,0,12,0,12,43,23,20,79,38,41,3,1,2
57020602,32,21,11,32,21,11,4,3,1,3,3,0,1,0,1,0,0,0,29,11,18,13,5,8,0,0,0,3,0,3,8,4,4,5,2,3,1,0,1
57021401,172,95,77,162,92,70,2,0,2,14,6,8,1,0,1,10,3,7,201,88,113,79,34,45,0,0,0,12,0,12,48,23,25,62,31,31,4,3,1
57022201,107,64,43,102,61,41,6,4,2,9,5,4,2,0,2,5,3,2,105,44,61,47,21,26,1,1,0,5,0,5,20,10,10,32,12,20,0,0,0
57023101,47,25,22,46,25,21,4,2,2,1,1,0,1,0,1,1,0,1,45,16,29,24,8,16,0,0,0,3,0,3,5,1,4,13,7,6,0,0,0
57023102,446,249,197,438,245,193,12,4,8,46,27,19,3,0,3,8,4,4,421,181,240,179,70,109,1,0,1,25,0,25,76,37,39,140,74,66,5,3,2
57024901,393,223,170,384,218,166,10,3,7,48,31,17,5,0,5,9,5,4,378,172,206,171,72,99,0,0,0,24,0,24,77,45,32,106,55,51,6,3,3
57024902,52,27,25,50,25,25,3,0,3,4,3,1,0,0,0,2,2,0,38,20,18,14,6,8,0,0,0,0,0,0,6,2,4,18,12,6,1,0,1
57025701,14,6,8,14,6,8,0,0,0,6,2,4,0,0,0,0,0,0,14,6,8,4,2,2,0,0,0,1,0,1,3,1,2,6,3,3,0,0,0
57025702,16,10,6,16,10,6,1,1,0,3,2,1,0,0,0,0,0,0,12,4,8,6,2,4,0,0,0,0,0,0,1,1,0,5,1,4,0,0,0
57025703,59,34,25,58,34,24,2,0,2,9,7,2,0,0,0,1,0,1,52,16,36,30,11,19,1,0,1,0,0,0,6,1,5,15,4,11,2,0,2
57026501,319,169,150,309,163,146,13,7,6,30,12,18,0,0,0,10,6,4,236,111,125,81,39,42,1,1,0,12,0,12,51,26,25,91,45,46,0,0,0
57027301,167,91,76,165,90,75,5,2,3,10,8,2,3,0,3,2,1,1,131,60,71,60,21,39,1,1,0,7,0,7,24,15,9,39,23,16,2,0,2
57029001,64,36,28,63,35,28,1,0,1,4,1,3,0,0,0,1,1,0,62,34,28,34,16,18,0,0,0,2,0,2,9,7,2,17,11,6,0,0,0
57029002,15,10,5,14,9,5,0,0,0,0,0,0,0,0,0,1,1,0,27,12,15,21,10,11,0,0,0,0,0,0,0,0,0,6,2,4,0,0,0
57030301,24,14,10,23,13,10,1,1,0,1,1,0,0,0,0,1,1,0,21,8,13,7,3,4,0,0,0,2,0,2,8,3,5,4,2,2,0,0,0
57030302,211,118,93,202,116,86,1,1,0,23,13,10,4,0,4,9,2,7,171,81,90,68,23,45,0,0,0,5,0,5,33,16,17,65,42,23,3,1,2
57031101,321,185,136,310,180,130,16,8,8,19,12,7,2,0,2,11,5,6,295,127,168,123,46,77,0,0,0,17,0,17,47,28,19,108,53,55,6,1,5
57032001,335,187,148,325,182,143,13,7,6,28,14,14,3,0,3,10,5,5,309,134,175,167,68,99,0,0,0,11,0,11,43,24,19,88,42,46,2,1,1
57035402,67,36,31,63,35,28,4,1,3,7,4,3,0,0,0,4,1,3,52,22,30,30,11,19,0,0,0,2,0,2,9,5,4,11,6,5,5,2,3
57036201,237,132,105,232,130,102,5,2,3,25,15,10,0,0,0,5,2,3,251,101,150,137,53,84,1,0,1,15,0,15,37,19,18,61,29,32,4,2,2
57039701,44,26,18,41,24,17,3,2,1,4,2,2,0,0,0,3,2,1,33,16,17,24,11,13,0,0,0,0,0,0,2,1,1,7,4,3,0,0,0
57039702,71,40,31,71,40,31,4,2,2,7,5,2,2,0,2,0,0,0,73,38,35,44,19,25,0,0,0,2,0,2,6,5,1,21,14,7,1,0,1
57039704,196,112,84,193,111,82,8,5,3,15,9,6,1,0,1,3,1,2,172,83,89,76,35,41,0,0,0,7,0,7,26,14,12,63,34,29,1,1,0
57040101,107,59,48,107,59,48,6,1,5,14,9,5,0,0,0,0,0,0,116,51,65,57,22,35,0,0,0,6,0,6,11,2,9,42,27,15,1,0,1
57041901,190,111,79,185,108,77,5,1,4,18,8,10,0,0,0,5,3,2,165,85,80,68,32,36,0,0,0,8,0,8,27,15,12,62,38,24,1,1,0
57042701,85,45,40,82,45,37,4,2,2,8,4,4,1,0,1,3,0,3,89,40,49,51,23,28,0,0,0,3,0,3,18,7,11,17,10,7,0,0,0
57043501,22,14,8,22,14,8,2,1,1,2,1,1,0,0,0,0,0,0,27,13,14,16,8,8,0,0,0,1,0,1,4,2,2,6,3,3,0,0,0
57043502,153,79,74,149,78,71,8,2,6,13,9,4,1,0,1,4,1,3,102,41,61,43,15,28,1,1,0,5,0,5,16,9,7,37,16,21,2,0,2
57043503,30,17,13,28,15,13,2,1,1,1,1,0,2,0,2,2,2,0,25,10,15,10,5,5,1,1,0,1,0,1,7,2,5,6,2,4,0,0,0
57043504,20,11,9,19,10,9,2,1,1,3,1,2,0,0,0,1,1,0,29,12,17,13,6,7,0,0,0,3,0,3,6,3,3,7,3,4,0,0,0
57044301,154,87,67,148,84,64,6,1,5,10,8,2,4,0,4,6,3,3,140,57,83,62,23,39,0,0,0,6,0,6,26,10,16,46,24,22,1,1,0
57044302,45,25,20,43,23,20,1,0,1,6,3,3,1,0,1,2,2,0,35,15,20,17,6,11,0,0,0,1,0,1,6,4,2,11,5,6,0,0,0
57045101,10,7,3,10,7,3,1,1,0,2,1,1,0,0,0,0,0,0,17,7,10,6,2,4,0,0,0,2,0,2,4,2,2,5,3,2,0,0,0
57045102,105,56,49,103,55,48,4,3,1,13,6,7,1,0,1,2,1,1,94,50,44,42,20,22,0,0,0,2,0,2,15,9,6,35,21,14,3,3,0
57045103,695,386,309,670,376,294,19,12,7,84,43,41,4,0,4,25,10,15,657,267,390,318,115,203,0,0,0,33,0,33,106,51,55,200,101,99,9,7,2
57045104,202,114,88,191,109,82,4,2,2,21,13,8,2,0,2,11,5,6,153,69,84,63,25,38,0,0,0,6,0,6,33,21,12,51,23,28,2,1,1
57045105,19,9,10,18,8,10,1,0,1,1,0,1,0,0,0,1,1,0,19,11,8,10,4,6,0,0,0,0,0,0,2,2,0,7,5,2,0,0,0
57045106,32,17,15,31,16,15,2,2,0,5,0,5,0,0,0,1,1,0,40,15,25,22,10,12,1,0,1,0,0,0,3,1,2,14,4,10,0,0,0
57045107,113,64,49,106,59,47,5,2,3,14,8,6,1,0,1,7,5,2,78,32,46,42,15,27,0,0,0,6,0,6,16,10,6,14,7,7,1,0,1
57045108,72,38,34,69,37,32,2,0,2,7,4,3,2,0,2,3,1,2,70,29,41,24,5,19,0,0,0,4,0,4,13,7,6,29,17,12,0,0,0
57047801,42,23,19,40,23,17,1,1,0,2,1,1,0,0,0,2,0,2,50,23,27,27,12,15,0,0,0,3,0,3,7,3,4,13,8,5,4,2,2
57047802,362,205,157,355,202,153,6,4,2,24,12,12,5,0,5,7,3,4,352,142,210,158,60,98,0,0,0,17,0,17,54,22,32,123,60,63,6,3,3
57047803,82,45,37,79,43,36,7,4,3,12,7,5,1,0,1,3,2,1,58,23,35,33,14,19,0,0,0,2,0,2,6,2,4,17,7,10,0,0,0
57049401,192,104,88,180,98,82,5,3,2,19,8,11,2,0,2,12,6,6,192,92,100,88,40,48,0,0,0,9,0,9,35,17,18,60,35,25,6,2,4
1072550,0,0,0,0,0,0,0,0,0,0,0,0,0,0,0,0,0,0,0,0,0,0,0,0,0,0,0,0,0,0,0,0,0,0,0,0,0,0,0
3035260,0,0,0,0,0,0,0,0,0,0,0,0,0,0,0,0,0,0,0,0,0,0,0,0,0,0,0,0,0,0,0,0,0,0,0,0,0,0,0
3213540,0,0,0,0,0,0,0,0,0,0,0,0,0,0,0,0,0,0,0,0,0,0,0,0,0,0,0,0,0,0,0,0,0,0,0,0,0,0,0
3213620,0,0,0,0,0,0,0,0,0,0,0,0,0,0,0,0,0,0,0,0,0,0,0,0,0,0,0,0,0,0,0,0,0,0,0,0,0,0,0
3284130,0,0,0,0,0,0,0,0,0,0,0,0,0,0,0,0,0,0,0,0,0,0,0,0,0,0,0,0,0,0,0,0,0,0,0,0,0,0,0
57050801,23,15,8,22,15,7,0,0,0,1,0,1,0,0,0,1,0,1,24,12,12,13,6,7,0,0,0,1,0,1,6,4,2,4,2,2,0,0,0
57050802,216,119,97,211,117,94,3,2,1,24,15,9,3,0,3,5,2,3,239,97,142,120,46,74,0,0,0,9,0,9,33,17,16,77,34,43,2,0,2
57050803,166,91,75,161,89,72,1,1,0,18,7,11,1,0,1,5,2,3,157,69,88,77,35,42,1,0,1,8,0,8,22,12,10,49,22,27,2,0,2
57050804,112,58,54,100,52,48,4,1,3,6,3,3,2,0,2,12,6,6,108,52,56,57,27,30,0,0,0,5,0,5,16,9,7,30,16,14,0,0,0
57050806,19,13,6,16,12,4,1,0,1,4,4,0,0,0,0,3,1,2,43,15,28,20,7,13,0,0,0,4,0,4,11,5,6,8,3,5,0,0,0
57050807,57,37,20,54,35,19,1,1,0,8,6,2,0,0,0,3,2,1,70,27,43,37,12,25,0,0,0,5,0,5,14,7,7,14,8,6,2,0,2
57050808,38,23,15,38,23,15,0,0,0,3,2,1,0,0,0,0,0,0,37,15,22,26,12,14,0,0,0,0,0,0,5,1,4,6,2,4,1,0,1
57050809,313,164,149,300,153,147,11,4,7,28,17,11,2,0,2,13,11,2,310,133,177,205,89,116,1,0,1,5,0,5,20,11,9,79,33,46,1,1,0
57050810,694,374,320,643,351,292,16,4,12,58,26,32,7,0,7,51,23,28,567,221,346,215,75,140,0,0,0,31,0,31,130,58,72,191,88,103,44,26,18
57050811,706,372,334,669,352,317,19,4,15,74,36,38,4,0,4,37,20,17,589,249,340,302,123,179,2,1,1,23,0,23,83,48,35,179,77,102,15,11,4
57050812,960,539,421,916,517,399,28,10,18,98,52,46,5,0,5,44,22,22,942,396,546,513,193,320,1,1,0,51,0,51,143,72,71,234,130,104,11,8,3
57050813,153,89,64,144,85,59,5,2,3,9,5,4,0,0,0,9,4,5,119,55,64,54,22,32,0,0,0,11,1,10,25,13,12,29,19,10,0,0,0
57050815,85,48,37,68,38,30,2,1,1,8,5,3,0,0,0,17,10,7,69,34,35,29,11,18,0,0,0,1,0,1,18,7,11,21,16,5,3,1,2
57051602,165,95,70,163,93,70,8,2,6,9,5,4,1,0,1,2,2,0,162,71,91,96,40,56,0,0,0,3,0,3,30,15,15,33,16,17,2,1,1
57052401,50,26,24,46,23,23,0,0,0,8,4,4,0,0,0,4,3,1,33,15,18,14,4,10,0,0,0,2,0,2,9,8,1,8,3,5,3,2,1
57052402,142,79,63,138,76,62,3,0,3,15,8,7,0,0,0,4,3,1,151,67,84,55,20,35,0,0,0,8,0,8,32,14,18,56,33,23,2,1,1
57053201,182,102,80,174,99,75,4,2,2,11,7,4,2,0,2,8,3,5,157,65,92,62,28,34,0,0,0,13,0,13,37,20,17,45,17,28,3,1,2
57053202,57,31,26,55,30,25,2,1,1,1,0,1,1,0,1,2,1,1,49,26,23,15,7,8,0,0,0,3,0,3,9,5,4,22,14,8,0,0,0
57053203,42,22,20,41,22,19,2,2,0,3,2,1,1,0,1,1,0,1,31,17,14,8,2,6,0,0,0,1,0,1,8,4,4,14,11,3,1,1,0
57054101,84,50,34,81,48,33,1,0,1,8,6,2,0,0,0,3,2,1,63,25,38,28,9,19,0,0,0,3,0,3,11,8,3,21,8,13,1,1,0
57056702,154,83,71,148,82,66,3,1,2,15,9,6,1,0,1,6,1,5,132,53,79,64,25,39,0,0,0,8,0,8,22,9,13,38,19,19,4,3,1
57057501,131,77,54,127,75,52,2,0,2,17,11,6,1,0,1,4,2,2,127,44,83,59,22,37,0,0,0,8,0,8,33,11,22,27,11,16,3,1,2
57064801,329,184,145,325,183,142,3,1,2,25,14,11,0,0,0,4,1,3,275,134,141,141,59,82,0,0,0,11,0,11,40,22,18,83,53,30,2,1,1
57065601,345,189,156,339,188,151,16,5,11,38,21,17,2,0,2,6,1,5,254,108,146,99,38,61,0,0,0,15,0,15,47,25,22,93,45,48,8,5,3
57065602,71,38,33,67,36,31,1,0,1,6,4,2,1,0,1,4,2,2,60,32,28,28,13,15,0,0,0,2,0,2,10,4,6,20,15,5,0,0,0
57065603,51,26,25,49,25,24,1,0,1,8,5,3,0,0,0,2,1,1,34,12,22,12,4,8,0,0,0,3,0,3,6,3,3,13,5,8,1,0,1
57065604,126,68,58,117,63,54,1,0,1,7,2,5,2,0,2,9,5,4,122,50,72,50,22,28,0,0,0,10,0,10,25,12,13,37,16,21,1,1,0
57067201,988,545,443,967,532,435,36,18,18,111,56,55,6,0,6,21,13,8,783,327,456,313,118,195,0,0,0,29,0,29,127,54,73,314,155,159,8,1,7
57068101,170,98,72,161,93,68,2,0,2,18,10,8,3,0,3,9,5,4,161,62,99,78,28,50,0,0,0,10,0,10,26,11,15,47,23,24,2,0,2
57070201,89,53,36,85,52,33,4,3,1,8,4,4,1,0,1,4,1,3,61,31,30,27,10,17,0,0,0,1,0,1,7,6,1,26,15,11,1,1,0
57071101,112,58,54,110,57,53,6,3,3,11,5,6,1,0,1,2,1,1,102,50,52,38,18,20,0,0,0,5,0,5,20,9,11,39,23,16,2,2,0
57072901,57,33,24,56,32,24,1,0,1,7,6,1,1,0,1,1,1,0,40,16,24,24,9,15,0,0,0,1,0,1,6,2,4,9,5,4,0,0,0
57072902,21,14,7,21,14,7,0,0,0,0,0,0,0,0,0,0,0,0,19,8,11,7,4,3,0,0,0,2,0,2,3,0,3,7,4,3,0,0,0
57074501,351,197,154,348,195,153,16,5,11,42,22,20,3,0,3,3,2,1,304,130,174,132,47,85,1,1,0,17,0,17,54,27,27,100,55,45,1,1,0
57079601,206,124,82,200,121,79,7,4,3,19,12,7,3,0,3,6,3,3,208,86,122,81,33,48,1,1,0,16,0,16,38,12,26,72,40,32,1,1,0
57080002,66,36,30,61,34,27,4,2,2,6,3,3,0,0,0,5,2,3,59,23,36,25,10,15,0,0,0,3,0,3,11,7,4,20,6,14,3,1,2
57080003,156,87,69,149,84,65,2,1,1,24,13,11,0,0,0,7,3,4,137,66,71,64,27,37,1,1,0,6,0,6,25,14,11,41,24,17,3,1,2
57080004,147,77,70,140,72,68,4,2,2,14,9,5,1,0,1,7,5,2,90,45,45,25,6,19,0,0,0,4,0,4,14,10,4,47,29,18,3,2,1
57083401,582,301,281,560,290,270,18,6,12,87,22,65,5,0,5,22,11,11,468,194,274,235,86,149,0,0,0,17,0,17,85,41,44,131,67,64,14,8,6
57085101,250,145,105,244,141,103,12,7,5,24,13,11,0,0,0,6,4,2,238,101,137,130,53,77,0,0,0,7,0,7,31,16,15,70,32,38,3,2,1
57086901,113,62,51,110,60,50,2,0,2,13,4,9,1,0,1,3,2,1,180,116,64,120,88,32,1,1,0,5,0,5,22,8,14,32,19,13,6,3,3
57086902,104,62,42,102,62,40,4,3,1,10,7,3,1,0,1,2,0,2,96,46,50,51,24,27,0,0,0,0,0,0,8,2,6,37,20,17,3,1,2
57086903,51,26,25,49,25,24,3,0,3,4,1,3,0,0,0,2,1,1,45,21,24,31,14,17,0,0,0,4,1,3,5,3,2,5,3,2,0,0,0
57086904,48,25,23,48,25,23,2,0,2,5,1,4,0,0,0,0,0,0,57,29,28,38,14,24,0,0,0,0,0,0,3,2,1,16,13,3,0,0,0
57086905,401,234,167,374,222,152,16,6,10,48,24,24,0,0,0,27,12,15,406,176,230,217,92,125,1,1,0,21,0,21,62,33,29,105,50,55,16,13,3
57087701,123,70,53,119,69,50,4,2,2,10,3,7,0,0,0,4,1,3,83,37,46,31,12,19,0,0,0,7,0,7,16,10,6,29,15,14,0,0,0
57087703,1385,795,590,1313,750,563,48,23,25,136,62,74,13,0,13,72,45,27,1167,491,676,593,226,367,2,0,2,51,0,51,211,102,109,310,163,147,38,26,12
57088501,73,44,29,71,42,29,2,2,0,6,3,3,0,0,0,2,2,0,67,34,33,34,16,18,0,0,0,4,0,4,12,9,3,17,9,8,1,1,0
57088502,207,118,89,199,113,86,6,5,1,20,11,9,3,0,3,8,5,3,178,86,92,64,28,36,0,0,0,14,0,14,40,25,15,60,33,27,7,4,3
57090701,35,18,17,35,18,17,0,0,0,4,2,2,2,0,2,0,0,0,39,23,16,19,11,8,0,0,0,2,0,2,5,5,0,13,7,6,0,0,0
57090702,73,38,35,68,36,32,5,0,5,9,4,5,0,0,0,5,2,3,74,35,39,22,10,12,0,0,0,6,0,6,17,7,10,29,18,11,3,1,2
57091501,66,34,32,59,30,29,2,2,0,5,1,4,0,0,0,7,4,3,67,35,32,38,22,16,0,0,0,4,0,4,7,3,4,18,10,8,1,1,0
57093101,88,50,38,84,49,35,2,1,1,10,6,4,1,0,1,4,1,3,80,33,47,30,13,17,0,0,0,5,0,5,19,9,10,26,11,15,2,1,1
57093102,782,426,356,762,415,347,40,14,26,80,42,38,6,0,6,20,11,9,694,285,409,296,123,173,0,0,0,40,1,39,124,56,68,234,105,129,11,5,6
57093103,13,4,9,13,4,9,2,0,2,1,1,0,0,0,0,0,0,0,13,8,5,3,1,2,0,0,0,1,0,1,5,4,1,4,3,1,0,0,0
57093104,234,115,119,228,112,116,16,7,9,29,16,13,2,0,2,6,3,3,190,88,102,70,28,42,0,0,0,3,0,3,26,11,15,91,49,42,5,2,3
57095801,13,8,5,13,8,5,0,0,0,2,2,0,0,0,0,0,0,0,26,12,14,22,10,12,0,0,0,0,0,0,0,0,0,4,2,2,0,0,0
57095802,128,81,47,122,78,44,0,0,0,10,7,3,2,0,2,6,3,3,121,57,64,56,27,29,0,0,0,8,0,8,28,17,11,29,13,16,1,0,1
0266202,0,0,0,0,0,0,0,0,0,0,0,0,0,0,0,0,0,0,0,0,0,0,0,0,0,0,0,0,0,0,0,0,0,0,0,0,0,0,0
57096601,59,29,30,58,29,29,2,0,2,15,3,12,0,0,0,1,0,1,39,14,25,22,9,13,0,0,0,1,0,1,3,0,3,13,5,8,1,1,0
57096602,132,68,64,131,68,63,4,0,4,18,7,11,1,0,1,1,0,1,136,57,79,60,24,36,0,0,0,10,0,10,25,13,12,41,20,21,1,1,0
57100801,230,131,99,219,124,95,3,1,2,15,7,8,3,0,3,11,7,4,189,93,96,82,37,45,2,1,1,10,0,10,35,22,13,60,33,27,5,3,2
57101601,59,36,23,53,34,19,2,2,0,4,2,2,0,0,0,6,2,4,51,24,27,35,15,20,0,0,0,1,0,1,7,3,4,8,6,2,2,2,0
57102401,197,112,85,193,111,82,8,3,5,15,5,10,2,0,2,4,1,3,163,72,91,89,39,50,1,1,0,8,0,8,28,12,16,37,20,17,3,3,0
57104101,183,103,80,176,102,74,5,4,1,16,10,6,1,0,1,7,1,6,165,68,97,65,23,42,1,0,1,7,0,7,30,13,17,62,32,30,2,1,1
57104102,50,26,24,48,26,22,2,0,2,4,2,2,0,0,0,2,0,2,46,23,23,21,12,9,0,0,0,1,0,1,3,0,3,21,11,10,0,0,0
57104103,119,61,58,118,61,57,3,1,2,13,6,7,0,0,0,1,0,1,104,48,56,49,22,27,1,1,0,3,0,3,16,8,8,35,17,18,0,0,0
57104104,36,19,17,35,18,17,2,1,1,3,3,0,1,0,1,1,1,0,16,6,10,9,3,6,0,0,0,0,0,0,4,2,2,3,1,2,1,1,0
57104105,110,61,49,106,59,47,4,1,3,10,8,2,0,0,0,4,2,2,114,51,63,65,27,38,0,0,0,2,0,2,13,6,7,34,18,16,1,0,1
57104106,25,12,13,24,11,13,3,1,2,3,2,1,0,0,0,1,1,0,31,18,13,13,5,8,0,0,0,1,0,1,5,5,0,12,8,4,0,0,0
57104107,2362,1261,1101,2229,1194,1035,91,36,55,275,141,134,16,0,16,133,67,66,2228,978,1250,1063,435,628,2,0,2,82,0,82,371,191,180,710,352,358,41,22,19
57105901,40,22,18,39,21,18,2,0,2,2,2,0,0,0,0,1,1,0,32,14,18,14,5,9,0,0,0,0,0,0,2,2,0,16,7,9,0,0,0
57105902,102,56,46,99,54,45,6,2,4,9,4,5,2,0,2,3,2,1,103,46,57,48,21,27,0,0,0,7,0,7,18,9,9,30,16,14,0,0,0
57108301,35,23,12,35,23,12,0,0,0,3,2,1,0,0,0,0,0,0,38,14,24,20,5,15,0,0,0,1,0,1,3,2,1,14,7,7,0,0,0
57108302,33,21,12,32,20,12,1,0,1,4,3,1,1,0,1,1,1,0,40,18,22,17,9,8,1,0,1,4,0,4,6,4,2,12,5,7,0,0,0
57108303,40,19,21,36,17,19,1,0,1,3,1,2,1,0,1,4,2,2,62,27,35,28,11,17,0,0,0,3,0,3,13,7,6,18,9,9,4,1,3
57108304,89,50,39,88,49,39,0,0,0,5,1,4,0,0,0,1,1,0,97,40,57,51,19,32,0,0,0,6,1,5,17,9,8,23,11,12,4,2,2
57109101,112,62,50,109,61,48,2,1,1,7,3,4,2,0,2,3,1,2,107,51,56,43,19,24,0,0,0,5,0,5,15,9,6,44,23,21,1,0,1
57109102,81,45,36,78,43,35,1,0,1,11,6,5,1,0,1,3,2,1,77,30,47,29,13,16,0,0,0,2,0,2,13,6,7,33,11,22,2,1,1
57109103,126,67,59,126,67,59,6,2,4,18,11,7,0,0,0,0,0,0,114,42,72,54,19,35,0,0,0,7,0,7,17,10,7,36,13,23,0,0,0
57109104,125,66,59,125,66,59,3,1,2,12,5,7,0,0,0,0,0,0,108,49,59,40,21,19,0,0,0,7,0,7,23,12,11,38,16,22,1,1,0
57109105,100,53,47,98,52,46,2,2,0,5,1,4,1,0,1,2,1,1,75,30,45,34,12,22,0,0,0,3,0,3,18,9,9,20,9,11,0,0,0
57109106,353,193,160,347,188,159,15,5,10,41,22,19,5,0,5,6,5,1,307,134,173,141,50,91,1,0,1,10,0,10,31,20,11,124,64,60,3,2,1
57110501,30,18,12,30,18,12,0,0,0,2,2,0,0,0,0,0,0,0,9,6,3,5,3,2,0,0,0,0,0,0,1,1,0,3,2,1,0,0,0
57110502,189,104,85,185,102,83,7,5,2,16,8,8,0,0,0,4,2,2,187,86,101,69,24,45,0,0,0,12,0,12,40,22,18,66,40,26,3,2,1
57111301,994,535,459,967,517,450,50,26,24,109,60,49,5,0,5,27,18,9,788,363,425,194,77,117,4,4,0,43,0,43,155,84,71,392,198,194,12,5,7
57113001,109,64,45,102,59,43,3,1,2,11,7,4,1,0,1,7,5,2,128,52,76,56,26,30,0,0,0,6,0,6,24,8,16,42,18,24,8,3,5
57313201,196,109,87,191,108,83,11,3,8,13,9,4,1,0,1,5,1,4,212,91,121,115,53,62,0,0,0,13,0,13,33,15,18,51,23,28,2,1,1
57319101,166,87,79,161,85,76,2,1,1,23,14,9,1,0,1,5,2,3,152,64,88,89,35,54,0,0,0,7,0,7,16,9,7,40,20,20,1,1,0
57353101,55,27,28,51,24,27,2,0,2,9,5,4,0,0,0,4,3,1,54,25,29,38,19,19,0,0,0,0,0,0,4,1,3,12,5,7,1,1,0
57362101,121,67,54,117,64,53,6,2,4,6,5,1,1,0,1,4,3,1,96,47,49,31,11,20,0,0,0,3,0,3,21,10,11,41,26,15,0,0,0
57362102,23,14,9,23,14,9,1,0,1,1,1,0,0,0,0,0,0,0,18,7,11,8,2,6,0,0,0,1,0,1,4,1,3,5,4,1,1,0,1
57371001,148,81,67,145,80,65,3,1,2,13,10,3,1,0,1,3,1,2,113,49,64,33,14,19,0,0,0,7,0,7,13,9,4,60,26,34,2,1,1
57374401,89,49,40,84,46,38,3,1,2,8,5,3,0,0,0,5,3,2,68,34,34,39,18,21,0,0,0,3,0,3,13,9,4,13,7,6,0,0,0
57377901,104,60,44,101,60,41,2,2,0,11,8,3,0,0,0,3,0,3,101,43,58,43,18,25,1,1,0,6,0,6,15,8,7,36,16,20,0,0,0
57635201,188,106,82,182,102,80,5,0,5,14,8,6,2,0,2,6,4,2,131,62,69,47,22,25,0,0,0,9,0,9,30,17,13,45,23,22,1,1,0
57643301,27,17,10,26,16,10,0,0,0,1,1,0,1,0,1,1,1,0,30,6,24,15,1,14,0,0,0,1,0,1,3,1,2,11,4,7,0,0,0
57643302,122,73,49,119,70,49,2,2,0,20,11,9,0,0,0,3,3,0,117,47,70,59,19,40,0,0,0,7,0,7,22,11,11,29,17,12,3,2,1
57643303,26,12,14,26,12,14,4,0,4,2,1,1,0,0,0,0,0,0,9,3,6,6,1,5,0,0,0,0,0,0,2,1,1,1,1,0,0,0,0
53073501,86,49,37,86,49,37,2,0,2,10,7,3,0,0,0,0,0,0,79,36,43,40,18,22,0,0,0,2,0,2,11,7,4,26,11,15,0,0,0
53073502,9,5,4,9,5,4,0,0,0,1,1,0,0,0,0,0,0,0,12,8,4,10,6,4,0,0,0,0,0,0,0,0,0,2,2,0,0,0,0
54885501,110,65,45,105,64,41,4,3,1,5,2,3,0,0,0,5,1,4,125,52,73,75,34,41,0,0,0,5,0,5,15,4,11,30,14,16,3,3,0
54886301,143,83,60,135,80,55,1,0,1,19,15,4,1,0,1,8,3,5,145,56,89,54,16,38,0,0,0,6,0,6,21,10,11,64,30,34,1,1,0
54887101,24,14,10,23,13,10,2,1,1,2,1,1,0,0,0,1,1,0,23,10,13,10,4,6,0,0,0,1,0,1,3,1,2,9,5,4,0,0,0
54888002,113,67,46,107,62,45,1,0,1,4,0,4,1,0,1,6,5,1,127,56,71,62,29,33,0,0,0,8,0,8,26,14,12,31,13,18,3,2,1
54889801,38,23,15,37,22,15,0,0,0,2,1,1,0,0,0,1,1,0,35,16,19,19,7,12,0,0,0,1,0,1,4,1,3,11,8,3,0,0,0
54889802,25,13,12,25,13,12,0,0,0,4,0,4,1,0,1,0,0,0,23,10,13,9,5,4,0,0,0,0,0,0,6,4,2,8,1,7,2,0,2
54890101,50,26,24,49,26,23,2,1,1,7,3,4,1,0,1,1,0,1,44,16,28,27,12,15,0,0,0,1,0,1,6,1,5,10,3,7,0,0,0
54890102,13,6,7,12,6,6,0,0,0,1,0,1,0,0,0,1,0,1,18,11,7,7,4,3,0,0,0,2,0,2,3,2,1,6,5,1,0,0,0
54891001,71,34,37,70,33,37,0,0,0,5,5,0,2,0,2,1,1,0,46,20,26,12,3,9,0,0,0,2,0,2,9,6,3,23,11,12,1,1,0
54892801,16,7,9,16,7,9,0,0,0,2,0,2,0,0,0,0,0,0,20,8,12,11,5,6,0,0,0,0,0,0,0,0,0,9,3,6,1,1,0
54894401,71,45,26,68,43,25,2,0,2,5,3,2,0,0,0,3,2,1,66,25,41,26,8,18,0,0,0,6,0,6,14,9,5,20,8,12,0,0,0
54895201,68,36,32,66,36,30,1,0,1,7,3,4,0,0,0,2,0,2,79,32,47,46,19,27,0,0,0,6,0,6,17,10,7,10,3,7,1,1,0
54896101,56,33,23,55,32,23,4,3,1,4,3,1,1,0,1,1,1,0,47,21,26,27,11,16,1,1,0,2,0,2,7,4,3,10,5,5,0,0,0
54897901,21,13,8,21,13,8,3,0,3,1,1,0,0,0,0,0,0,0,13,6,7,4,1,3,0,0,0,1,0,1,4,2,2,4,3,1,0,0,0
54897902,21,12,9,21,12,9,0,0,0,2,1,1,0,0,0,0,0,0,21,11,10,7,3,4,0,0,0,1,0,1,7,4,3,6,4,2,0,0,0
54897903,11,6,5,11,6,5,1,0,1,0,0,0,0,0,0,0,0,0,12,5,7,8,4,4,0,0,0,0,0,0,0,0,0,4,1,3,0,0,0
54899501,74,40,34,74,40,34,2,0,2,11,5,6,0,0,0,0,0,0,64,23,41,31,11,20,0,0,0,2,0,2,11,4,7,20,8,12,0,0,0
54899502,13,9,4,13,9,4,0,0,0,1,0,1,0,0,0,0,0,0,9,3,6,5,2,3,0,0,0,0,0,0,0,0,0,4,1,3,0,0,0
54902901,54,32,22,54,32,22,4,2,2,4,2,2,0,0,0,0,0,0,44,26,18,16,8,8,0,0,0,3,0,3,10,8,2,15,10,5,1,1,0
54903701,92,51,41,91,51,40,2,0,2,16,5,11,2,0,2,1,0,1,106,51,55,54,25,29,0,0,0,5,0,5,14,6,8,33,20,13,1,1,0
54907001,66,38,28,65,38,27,1,0,1,2,1,1,0,0,0,1,0,1,65,27,38,19,5,14,0,0,0,4,0,4,13,8,5,29,14,15,0,0,0
54908801,27,11,16,27,11,16,1,1,0,0,0,0,1,0,1,0,0,0,20,9,11,10,4,6,0,0,0,0,0,0,1,1,0,9,4,5,0,0,0
54909601,177,98,79,173,96,77,11,5,6,9,5,4,0,0,0,4,2,2,124,47,77,54,19,35,0,0,0,8,0,8,26,11,15,36,17,19,4,2,2
54910001,19,9,10,19,9,10,1,0,1,5,2,3,0,0,0,0,0,0,11,6,5,7,4,3,0,0,0,0,0,0,3,1,2,1,1,0,0,0,0
54910002,37,21,16,36,21,15,2,1,1,0,0,0,1,0,1,1,0,1,28,13,15,10,4,6,0,0,0,3,0,3,10,6,4,5,3,2,1,0,1
54910003,53,28,25,52,28,24,2,1,1,3,2,1,0,0,0,1,0,1,35,16,19,7,2,5,0,0,0,1,0,1,9,4,5,18,10,8,0,0,0
54911801,26,15,11,24,15,9,0,0,0,0,0,0,0,0,0,2,0,2,41,16,25,14,5,9,0,0,0,2,0,2,11,6,5,14,5,9,0,0,0
54915101,74,43,31,74,43,31,0,0,0,4,2,2,0,0,0,0,0,0,68,26,42,38,15,23,0,0,0,3,0,3,11,7,4,16,4,12,0,0,0
54915102,30,15,15,30,15,15,0,0,0,4,2,2,0,0,0,0,0,0,18,11,7,11,6,5,0,0,0,0,0,0,1,1,0,6,4,2,0,0,0
54916901,41,22,19,41,22,19,1,1,0,5,3,2,0,0,0,0,0,0,26,12,14,6,2,4,0,0,0,3,0,3,6,3,3,11,7,4,0,0,0
54916902,92,49,43,83,45,38,4,1,3,4,1,3,1,0,1,9,4,5,59,24,35,28,11,17,0,0,0,0,0,0,9,3,6,22,10,12,1,0,1
54918501,42,19,23,42,19,23,1,0,1,2,1,1,0,0,0,0,0,0,31,16,15,12,6,6,0,0,0,2,0,2,3,1,2,14,9,5,0,0,0
54919302,54,26,28,53,26,27,4,2,2,8,3,5,0,0,0,1,0,1,48,31,17,24,16,8,0,0,0,1,0,1,4,1,3,19,14,5,4,4,0
54919304,14,8,6,13,8,5,1,1,0,1,1,0,0,0,0,1,0,1,8,3,5,3,1,2,0,0,0,0,0,0,0,0,0,5,2,3,0,0,0
54920701,88,47,41,84,46,38,1,0,1,9,5,4,1,0,1,4,1,3,85,39,46,39,18,21,0,0,0,3,1,2,11,6,5,32,14,18,4,2,2
54922301,80,48,32,78,47,31,2,1,1,2,1,1,1,0,1,2,1,1,87,37,50,34,14,20,0,0,0,5,0,5,15,4,11,33,19,14,5,1,4
54927401,53,32,21,51,31,20,3,3,0,6,2,4,0,0,0,2,1,1,54,23,31,18,7,11,0,0,0,3,0,3,6,5,1,27,11,16,1,1,0
54928201,139,71,68,136,70,66,5,1,4,10,4,6,1,0,1,3,1,2,109,48,61,35,20,15,0,0,0,5,0,5,23,9,14,46,19,27,5,3,2
54931201,76,38,38,74,38,36,1,0,1,15,7,8,5,0,5,2,0,2,59,30,29,29,12,17,0,0,0,0,0,0,9,7,2,21,11,10,3,3,0
54931202,16,9,7,16,9,7,0,0,0,1,1,0,0,0,0,0,0,0,18,8,10,8,3,5,0,0,0,1,0,1,4,3,1,5,2,3,0,0,0
54935501,129,71,58,125,68,57,3,0,3,7,4,3,0,0,0,4,3,1,90,36,54,44,19,25,0,0,0,4,0,4,14,5,9,28,12,16,2,2,0
55370101,65,34,31,62,34,28,2,0,2,9,3,6,0,0,0,3,0,3,60,33,27,41,20,21,1,0,1,1,0,1,4,3,1,13,10,3,1,1,0
55370102,19,14,5,19,14,5,2,1,1,4,3,1,0,0,0,0,0,0,16,7,9,10,4,6,0,0,0,0,0,0,3,2,1,3,1,2,0,0,0
57204701,34,18,16,34,18,16,0,0,0,2,1,1,0,0,0,0,0,0,41,18,23,15,6,9,2,1,1,3,0,3,4,1,3,17,10,7,0,0,0
57212801,17,11,6,16,10,6,0,0,0,3,0,3,0,0,0,1,1,0,31,14,17,21,9,12,0,0,0,1,0,1,4,2,2,5,3,2,0,0,0
57212802,60,35,25,59,35,24,2,2,0,4,3,1,0,0,0,1,0,1,54,28,26,27,12,15,0,0,0,2,0,2,7,5,2,18,11,7,0,0,0
57213601,93,53,40,88,52,36,1,1,0,10,8,2,0,0,0,5,1,4,81,38,43,43,22,21,0,0,0,7,0,7,13,9,4,18,7,11,5,3,2
57214401,50,30,20,50,30,20,2,0,2,4,2,2,0,0,0,0,0,0,64,33,31,38,16,22,1,1,0,4,0,4,8,7,1,13,9,4,2,1,1
57218701,60,32,28,59,31,28,2,1,1,7,5,2,0,0,0,1,1,0,67,37,30,46,21,25,0,0,0,3,1,2,9,6,3,9,9,0,0,0,0
3122580,0,0,0,0,0,0,0,0,0,0,0,0,0,0,0,0,0,0,0,0,0,0,0,0,0,0,0,0,0,0,0,0,0,0,0,0,0,0,0
3380010,0,0,0,0,0,0,0,0,0,0,0,0,0,0,0,0,0,0,0,0,0,0,0,0,0,0,0,0,0,0,0,0,0,0,0,0,0,0,0
57265901,165,88,77,163,87,76,10,7,3,20,11,9,1,0,1,2,1,1,133,58,75,60,28,32,0,0,0,6,0,6,24,10,14,43,20,23,1,1,0
57265902,139,82,57,134,79,55,2,1,1,16,9,7,1,0,1,5,3,2,100,41,59,50,23,27,0,0,0,5,0,5,19,7,12,26,11,15,0,0,0
57265903,398,218,180,388,211,177,21,7,14,49,25,24,3,0,3,10,7,3,386,163,223,223,88,135,1,0,1,13,0,13,46,22,24,103,53,50,7,5,2
57265904,322,168,154,318,166,152,16,8,8,35,21,14,2,0,2,4,2,2,250,106,144,116,42,74,0,0,0,6,0,6,33,9,24,95,55,40,7,5,2
57265905,57,29,28,57,29,28,2,2,0,3,1,2,0,0,0,0,0,0,47,24,23,18,8,10,1,1,0,2,0,2,11,7,4,15,8,7,1,0,1
57265906,2449,1350,1099,2372,1320,1052,76,41,35,216,108,108,15,0,15,77,30,47,2187,902,1285,1098,405,693,3,1,2,117,0,117,363,188,175,606,308,298,23,14,9
57265908,113,58,55,113,58,55,4,1,3,14,7,7,0,0,0,0,0,0,103,46,57,49,21,28,0,0,0,2,0,2,13,6,7,39,19,20,0,0,0
57265909,218,130,88,210,124,86,9,3,6,23,13,10,1,0,1,8,6,2,183,89,94,64,30,34,1,1,0,11,0,11,38,18,20,69,40,29,4,1,3
57265910,23,14,9,23,14,9,1,1,0,6,4,2,0,0,0,0,0,0,10,5,5,6,2,4,0,0,0,0,0,0,4,3,1,0,0,0,0,0,0
57265912,305,168,137,298,163,135,7,3,4,35,16,19,2,0,2,7,5,2,242,112,130,98,41,57,0,0,0,12,2,10,37,20,17,95,49,46,1,0,1
57265913,38,22,16,38,22,16,1,0,1,2,2,0,0,0,0,0,0,0,30,14,16,9,4,5,0,0,0,2,0,2,2,1,1,17,9,8,0,0,0
57265914,12,10,2,11,9,2,0,0,0,4,4,0,0,0,0,1,1,0,18,7,11,13,5,8,0,0,0,0,0,0,0,0,0,5,2,3,0,0,0
57265915,129,69,60,120,65,55,5,2,3,7,2,5,4,0,4,9,4,5,81,38,43,29,12,17,0,0,0,5,0,5,24,13,11,23,13,10,4,2,2
57265916,54,26,28,54,26,28,3,1,2,3,2,1,0,0,0,0,0,0,31,12,19,8,2,6,1,1,0,2,0,2,4,3,1,16,6,10,0,0,0
57265917,81,41,40,80,41,39,0,0,0,11,3,8,0,0,0,1,0,1,42,21,21,23,12,11,0,0,0,2,0,2,8,4,4,9,5,4,1,0,1
57265918,289,147,142,262,136,126,7,2,5,29,11,18,0,0,0,27,11,16,212,89,123,65,26,39,1,1,0,14,0,14,54,25,29,78,37,41,6,3,3
57265919,446,264,182,435,260,175,23,7,16,40,28,12,2,0,2,11,4,7,322,143,179,132,57,75,1,1,0,13,0,13,61,28,33,115,57,58,5,4,1
57265920,598,313,285,578,305,273,21,12,9,63,33,30,4,0,4,20,8,12,539,226,313,231,92,139,2,2,0,30,0,30,102,45,57,174,87,87,7,2,5
57265921,468,252,216,461,248,213,12,7,5,76,37,39,8,0,8,7,4,3,483,216,267,248,104,144,2,1,1,20,0,20,68,28,40,145,83,62,5,1,4
57265922,37,21,16,36,21,15,1,0,1,5,3,2,0,0,0,1,0,1,43,21,22,16,7,9,0,0,0,5,0,5,13,8,5,9,6,3,0,0,0
57265924,480,258,222,455,245,210,20,8,12,44,25,19,5,0,5,25,13,12,445,182,263,207,75,132,3,2,1,19,0,19,75,27,48,141,78,63,6,4,2
57265925,218,136,82,204,129,75,4,1,3,20,10,10,0,0,0,14,7,7,117,56,61,55,28,27,1,0,1,4,0,4,23,13,10,34,15,19,45,34,11
57265926,1288,663,625,1248,646,602,55,20,35,173,79,94,10,0,10,40,17,23,1386,572,814,827,310,517,2,1,1,59,0,59,213,98,115,285,163,122,20,7,13
57265927,21,11,10,20,11,9,1,0,1,2,2,0,0,0,0,1,0,1,23,12,11,11,4,7,0,0,0,2,0,2,5,5,0,5,3,2,0,0,0
57266701,93,51,42,89,48,41,0,0,0,11,5,6,2,0,2,4,3,1,106,49,57,54,24,30,0,0,0,4,0,4,19,10,9,29,15,14,4,3,1
57267501,5,4,1,5,4,1,1,1,0,0,0,0,0,0,0,0,0,0,15,7,8,4,1,3,0,0,0,1,0,1,4,1,3,6,5,1,0,0,0
57267502,117,64,53,108,61,47,3,0,3,8,4,4,0,0,0,9,3,6,93,45,48,44,21,23,0,0,0,3,0,3,19,8,11,27,16,11,7,4,3
0059322,0,0,0,0,0,0,0,0,0,0,0,0,0,0,0,0,0,0,0,0,0,0,0,0,0,0,0,0,0,0,0,0,0,0,0,0,0,0,0
57270501,21,14,7,21,14,7,0,0,0,5,3,2,0,0,0,0,0,0,35,11,24,13,6,7,0,0,0,6,0,6,8,4,4,8,1,7,0,0,0
57270502,16,11,5,16,11,5,1,0,1,2,1,1,0,0,0,0,0,0,35,14,21,14,6,8,0,0,0,6,0,6,10,6,4,5,2,3,0,0,0
57270503,50,31,19,49,31,18,2,1,1,2,2,0,1,0,1,1,0,1,48,26,22,24,13,11,0,0,0,1,0,1,10,7,3,13,6,7,1,0,1
57270504,21,12,9,19,12,7,0,0,0,1,1,0,0,0,0,2,0,2,22,10,12,16,7,9,0,0,0,1,0,1,1,1,0,4,2,2,0,0,0
57275601,29,19,10,29,19,10,1,0,1,1,1,0,0,0,0,0,0,0,24,10,14,6,2,4,0,0,0,2,0,2,6,2,4,10,6,4,1,0,1
57275602,28,17,11,27,16,11,1,1,0,1,1,0,1,0,1,1,1,0,23,8,15,16,7,9,0,0,0,1,0,1,2,1,1,4,0,4,0,0,0
57275603,29,17,12,29,17,12,0,0,0,1,1,0,0,0,0,0,0,0,24,12,12,11,4,7,0,0,0,1,0,1,4,1,3,8,7,1,0,0,0
57277201,168,91,77,162,88,74,4,3,1,14,8,6,0,0,0,6,3,3,143,58,85,66,25,41,0,0,0,7,0,7,26,15,11,44,18,26,2,1,1
57277202,13,8,5,13,8,5,0,0,0,1,1,0,1,0,1,0,0,0,11,4,7,5,2,3,0,0,0,0,0,0,3,2,1,3,0,3,1,0,1
57278101,330,184,146,313,174,139,11,6,5,37,19,18,0,0,0,17,10,7,245,103,142,101,38,63,0,0,0,10,0,10,32,16,16,102,49,53,11,8,3
57278103,91,48,43,87,45,42,2,1,1,7,4,3,0,0,0,4,3,1,102,40,62,51,22,29,0,0,0,5,1,4,15,4,11,31,13,18,0,0,0
57281101,75,44,31,72,42,30,1,0,1,9,5,4,1,0,1,3,2,1,90,43,47,56,26,30,0,0,0,2,0,2,7,4,3,25,13,12,0,0,0
57281102,27,14,13,26,14,12,0,0,0,1,0,1,1,0,1,1,0,1,49,19,30,20,9,11,0,0,0,4,0,4,13,5,8,12,5,7,1,0,1
57282901,59,32,27,59,32,27,0,0,0,6,3,3,0,0,0,0,0,0,64,26,38,41,19,22,0,0,0,3,0,3,14,6,8,6,1,5,1,1,0
57282902,186,104,82,181,99,82,2,1,1,15,9,6,1,0,1,5,5,0,161,62,99,94,33,61,0,0,0,4,0,4,12,6,6,51,23,28,6,4,2
57282903,120,72,48,118,70,48,4,3,1,13,5,8,0,0,0,2,2,0,92,39,53,42,17,25,0,0,0,8,0,8,19,10,9,23,12,11,2,2,0
57283701,143,84,59,139,82,57,5,2,3,18,9,9,1,0,1,4,2,2,144,68,76,72,36,36,0,0,0,9,0,9,21,10,11,42,22,20,1,1,0
57283702,140,81,59,139,81,58,5,2,3,13,7,6,1,0,1,1,0,1,147,58,89,49,20,29,1,1,0,15,0,15,39,21,18,43,16,27,4,3,1
57290001,166,91,75,163,89,74,2,2,0,23,11,12,2,0,2,3,2,1,167,80,87,78,31,47,1,1,0,7,0,7,22,16,6,59,32,27,2,1,1
57290002,24,13,11,24,13,11,0,0,0,4,3,1,0,0,0,0,0,0,28,13,15,13,4,9,0,0,0,0,0,0,5,3,2,10,6,4,0,0,0
57290003,50,26,24,49,26,23,4,2,2,4,2,2,0,0,0,1,0,1,52,25,27,22,11,11,2,1,1,2,0,2,6,1,5,20,12,8,0,0,0
57290004,63,35,28,60,33,27,3,2,1,6,2,4,1,0,1,3,2,1,63,31,32,25,11,14,0,0,0,1,0,1,5,4,1,32,16,16,2,1,1
57291801,119,66,53,111,63,48,5,3,2,16,8,8,1,0,1,8,3,5,133,66,67,64,27,37,1,1,0,4,0,4,17,11,6,47,27,20,4,3,1
57291802,12,8,4,11,8,3,0,0,0,2,2,0,1,0,1,1,0,1,18,7,11,9,3,6,0,0,0,2,0,2,7,4,3,0,0,0,0,0,0
57291803,112,60,52,109,58,51,3,3,0,18,11,7,2,0,2,3,2,1,120,48,72,58,27,31,0,0,0,7,0,7,17,7,10,38,14,24,0,0,0
0147962,0,0,0,0,0,0,0,0,0,0,0,0,0,0,0,0,0,0,0,0,0,0,0,0,0,0,0,0,0,0,0,0,0,0,0,0,0,0,0
0311512,0,0,0,0,0,0,0,0,0,0,0,0,0,0,0,0,0,0,0,0,0,0,0,0,0,0,0,0,0,0,0,0,0,0,0,0,0,0,0
0452252,0,0,0,0,0,0,0,0,0,0,0,0,0,0,0,0,0,0,0,0,0,0,0,0,0,0,0,0,0,0,0,0,0,0,0,0,0,0,0
3198302,0,0,0,0,0,0,0,0,0,0,0,0,0,0,0,0,0,0,0,0,0,0,0,0,0,0,0,0,0,0,0,0,0,0,0,0,0,0,0
57292601,39,21,18,38,21,17,0,0,0,4,3,1,0,0,0,1,0,1,53,25,28,20,8,12,0,0,0,7,1,6,10,5,5,16,11,5,0,0,0
57292602,12,9,3,11,8,3,0,0,0,2,2,0,0,0,0,1,1,0,13,9,4,6,3,3,0,0,0,1,0,1,3,3,0,3,3,0,0,0,0
57292603,18,9,9,16,8,8,0,0,0,1,0,1,0,0,0,2,1,1,13,7,6,9,6,3,0,0,0,0,0,0,3,1,2,1,0,1,0,0,0
57292604,81,43,38,79,43,36,5,1,4,13,6,7,0,0,0,2,0,2,73,32,41,25,8,17,1,1,0,6,0,6,11,4,7,30,19,11,0,0,0
57292605,41,21,20,41,21,20,1,1,0,6,4,2,0,0,0,0,0,0,32,12,20,12,3,9,0,0,0,1,0,1,2,1,1,17,8,9,0,0,0
57292606,25,15,10,25,15,10,1,1,0,4,3,1,1,0,1,0,0,0,22,10,12,12,6,6,0,0,0,0,0,0,4,1,3,6,3,3,0,0,0
57292607,26,16,10,24,15,9,1,0,1,4,3,1,0,0,0,2,1,1,37,18,19,18,6,12,0,0,0,1,0,1,3,1,2,15,11,4,0,0,0
57292608,69,39,30,68,39,29,1,1,0,3,2,1,0,0,0,1,0,1,55,25,30,25,9,16,1,1,0,0,0,0,10,4,6,19,11,8,0,0,0
57292609,382,202,180,374,198,176,19,10,9,59,28,31,2,0,2,8,4,4,358,162,196,195,81,114,0,0,0,7,0,7,45,22,23,111,59,52,11,4,7
57292610,20,9,11,20,9,11,0,0,0,2,1,1,0,0,0,0,0,0,18,7,11,10,5,5,0,0,0,2,0,2,3,1,2,3,1,2,1,1,0
57292611,623,334,289,607,326,281,25,7,18,70,40,30,5,0,5,16,8,8,585,256,329,290,122,168,2,1,1,14,0,14,80,34,46,199,99,100,8,3,5
57292612,487,271,216,451,252,199,17,9,8,43,22,21,3,0,3,36,19,17,443,192,251,214,83,131,3,2,1,22,0,22,77,39,38,127,68,59,32,23,9
57292613,115,68,47,114,68,46,3,3,0,11,6,5,3,0,3,1,0,1,80,36,44,26,9,17,0,0,0,4,0,4,25,12,13,25,15,10,3,2,1
57292614,104,51,53,99,50,49,1,1,0,13,4,9,2,0,2,5,1,4,111,50,61,60,22,38,0,0,0,4,0,4,13,8,5,34,20,14,2,1,1
57292615,894,479,415,868,468,400,39,19,20,87,37,50,2,0,2,26,11,15,890,375,515,461,190,271,1,1,0,36,0,36,127,61,66,265,123,142,14,8,6
57292616,229,126,103,220,123,97,4,3,1,58,33,25,2,0,2,9,3,6,201,90,111,109,47,62,0,0,0,10,0,10,34,16,18,48,27,21,2,0,2
57292618,810,416,394,782,408,374,28,11,17,113,43,70,3,0,3,28,8,20,977,383,594,660,235,425,2,1,1,31,0,31,110,51,59,174,96,78,7,3,4
57292619,39,21,18,38,21,17,4,2,2,7,3,4,0,0,0,1,0,1,28,16,12,18,10,8,0,0,0,0,0,0,2,1,1,8,5,3,0,0,0
57292620,21,9,12,21,9,12,0,0,0,5,3,2,0,0,0,0,0,0,81,49,32,68,43,25,0,0,0,2,0,2,4,3,1,7,3,4,0,0,0
57296901,206,120,86,195,113,82,3,2,1,21,10,11,1,0,1,11,7,4,190,83,107,97,36,61,0,0,0,7,0,7,27,13,14,59,34,25,3,2,1
57296902,20,9,11,18,8,10,0,0,0,1,0,1,0,0,0,2,1,1,23,8,15,15,5,10,0,0,0,0,0,0,2,0,2,6,3,3,0,0,0
57296903,56,30,26,54,29,25,0,0,0,7,5,2,0,0,0,2,1,1,99,35,64,68,23,45,0,0,0,2,0,2,9,3,6,20,9,11,0,0,0
57299301,48,26,22,45,25,20,1,0,1,6,1,5,0,0,0,3,1,2,45,21,24,25,13,12,0,0,0,0,0,0,2,1,1,18,7,11,0,0,0
57299302,156,74,82,153,74,79,6,2,4,18,8,10,2,0,2,3,0,3,131,69,62,63,29,34,0,0,0,4,0,4,27,18,9,37,22,15,5,4,1
57300101,20,12,8,20,12,8,1,0,1,3,1,2,0,0,0,0,0,0,24,13,11,10,5,5,0,0,0,1,0,1,7,4,3,6,4,2,0,0,0
57300102,19,10,9,19,10,9,0,0,0,2,1,1,0,0,0,0,0,0,20,6,14,11,3,8,0,0,0,2,0,2,3,1,2,4,2,2,1,1,0
57300103,40,18,22,39,18,21,2,0,2,3,1,2,0,0,0,1,0,1,36,14,22,13,6,7,0,0,0,3,0,3,11,5,6,9,3,6,0,0,0
57300104,187,105,82,185,104,81,6,2,4,14,10,4,3,0,3,2,1,1,152,79,73,59,25,34,0,0,0,9,0,9,37,20,17,47,34,13,4,3,1
57300105,24,15,9,22,14,8,0,0,0,4,2,2,0,0,0,2,1,1,31,15,16,24,11,13,1,1,0,0,0,0,0,0,0,6,3,3,0,0,0
57300106,18,11,7,18,11,7,0,0,0,0,0,0,0,0,0,0,0,0,16,9,7,10,5,5,0,0,0,1,0,1,2,2,0,3,2,1,0,0,0
57304302,10,5,5,9,4,5,0,0,0,3,0,3,0,0,0,1,1,0,12,7,5,9,6,3,0,0,0,0,0,0,1,0,1,2,1,1,1,1,0
57304303,126,75,51,124,73,51,3,1,2,9,6,3,0,0,0,2,2,0,123,59,64,58,27,31,0,0,0,9,0,9,24,13,11,32,19,13,3,3,0
57305101,71,40,31,70,39,31,0,0,0,12,7,5,1,0,1,1,1,0,55,27,28,16,5,11,0,0,0,4,0,4,13,9,4,22,13,9,0,0,0
57305102,148,82,66,147,81,66,2,1,1,16,7,9,1,0,1,1,1,0,151,68,83,62,28,34,0,0,0,4,0,4,27,13,14,58,27,31,0,0,0
57306001,43,28,15,40,25,15,1,0,1,7,4,3,0,0,0,3,3,0,36,16,20,16,7,9,0,0,0,3,0,3,4,2,2,13,7,6,1,0,1
57306002,79,45,34,79,45,34,6,2,4,9,1,8,1,0,1,0,0,0,62,28,34,33,15,18,0,0,0,2,0,2,7,3,4,20,10,10,0,0,0
57306003,904,524,380,849,498,351,20,8,12,77,38,39,6,0,6,55,26,29,814,355,459,407,170,237,0,0,0,35,0,35,136,74,62,236,111,125,21,11,10
57306005,35,19,16,33,18,15,1,1,0,2,0,2,0,0,0,2,1,1,43,19,24,31,12,19,0,0,0,1,0,1,3,2,1,8,5,3,1,0,1
57308601,69,39,30,65,37,28,4,2,2,7,4,3,0,0,0,4,2,2,72,28,44,34,15,19,0,0,0,7,0,7,12,4,8,19,9,10,0,0,0
57308602,33,18,15,30,16,14,1,0,1,6,2,4,0,0,0,3,2,1,39,19,20,21,10,11,0,0,0,2,0,2,10,5,5,6,4,2,0,0,0
57309402,22,11,11,18,11,7,0,0,0,0,0,0,0,0,0,4,0,4,29,14,15,9,2,7,0,0,0,1,0,1,10,6,4,9,6,3,0,0,0
57309403,68,44,24,66,43,23,1,1,0,9,7,2,1,0,1,2,1,1,69,32,37,23,10,13,0,0,0,6,0,6,18,8,10,22,14,8,0,0,0
57309404,164,81,83,162,80,82,9,4,5,18,6,12,2,0,2,2,1,1,136,64,72,70,32,38,0,0,0,5,0,5,18,9,9,43,23,20,1,0,1
57309405,288,170,118,279,163,116,6,3,3,45,29,16,3,0,3,9,7,2,286,125,161,157,60,97,1,0,1,9,1,8,33,20,13,86,44,42,6,2,4
57309406,49,34,15,49,34,15,1,1,0,5,3,2,0,0,0,0,0,0,48,22,26,28,9,19,0,0,0,4,0,4,5,5,0,11,8,3,0,0,0
57309407,83,51,32,80,48,32,6,1,5,7,5,2,0,0,0,3,3,0,90,42,48,52,23,29,0,0,0,5,0,5,8,6,2,25,13,12,1,0,1
57309408,987,548,439,956,534,422,31,16,15,141,64,77,8,0,8,31,14,17,912,412,500,454,184,270,2,1,1,38,1,37,130,72,58,288,154,134,25,15,10
57309409,147,83,64,141,80,61,1,1,0,13,7,6,0,0,0,6,3,3,169,76,93,88,39,49,0,0,0,5,0,5,20,12,8,56,25,31,1,1,0
57310801,17,11,6,17,11,6,0,0,0,4,2,2,0,0,0,0,0,0,16,7,9,15,6,9,0,0,0,0,0,0,0,0,0,1,1,0,0,0,0
57310802,912,501,411,894,495,399,19,10,9,62,26,36,10,0,10,18,6,12,658,299,359,345,142,203,1,1,0,25,0,25,115,67,48,172,89,83,14,6,8
57310803,24,17,7,24,17,7,2,0,2,4,2,2,0,0,0,0,0,0,30,15,15,14,6,8,0,0,0,3,0,3,7,5,2,6,4,2,0,0,0
57310804,68,35,33,67,34,33,3,2,1,5,3,2,0,0,0,1,1,0,60,31,29,41,19,22,0,0,0,0,0,0,3,2,1,16,10,6,2,1,1
57310805,19,12,7,19,12,7,0,0,0,2,2,0,0,0,0,0,0,0,30,11,19,23,9,14,0,0,0,0,0,0,3,0,3,4,2,2,0,0,0
57311601,18,12,6,16,10,6,0,0,0,1,1,0,0,0,0,2,2,0,18,8,10,15,8,7,0,0,0,0,0,0,0,0,0,3,0,3,0,0,0
57311602,155,90,65,154,89,65,5,4,1,15,5,10,0,0,0,1,1,0,151,62,89,85,31,54,1,1,0,5,0,5,14,8,6,46,22,24,1,0,1
57311606,14,8,6,14,8,6,1,1,0,3,1,2,0,0,0,0,0,0,23,9,14,11,5,6,0,0,0,1,0,1,2,0,2,9,4,5,0,0,0
57311607,9,5,4,9,5,4,0,0,0,1,1,0,0,0,0,0,0,0,14,7,7,5,2,3,0,0,0,1,0,1,2,2,0,6,3,3,0,0,0
57311608,22,12,10,22,12,10,0,0,0,4,1,3,0,0,0,0,0,0,12,7,5,8,5,3,0,0,0,0,0,0,1,0,1,3,2,1,2,1,1
57311609,23,14,9,23,14,9,0,0,0,3,1,2,0,0,0,0,0,0,21,9,12,11,5,6,0,0,0,0,0,0,6,3,3,4,1,3,0,0,0
57311610,17,9,8,17,9,8,0,0,0,5,3,2,0,0,0,0,0,0,14,6,8,8,3,5,0,0,0,1,0,1,3,2,1,2,1,1,0,0,0
57311611,29,16,13,29,16,13,1,0,1,5,2,3,0,0,0,0,0,0,18,6,12,8,3,5,0,0,0,0,0,0,2,1,1,8,2,6,0,0,0
57312401,47,24,23,45,23,22,1,0,1,4,1,3,0,0,0,2,1,1,53,26,27,27,11,16,0,0,0,4,0,4,10,7,3,12,8,4,0,0,0
57312402,18,9,9,18,9,9,0,0,0,3,0,3,0,0,0,0,0,0,28,14,14,16,8,8,0,0,0,1,0,1,2,1,1,9,5,4,0,0,0
57312404,22,14,8,21,13,8,1,0,1,1,1,0,0,0,0,1,1,0,15,9,6,6,3,3,0,0,0,1,0,1,2,1,1,6,5,1,0,0,0
57312405,258,146,112,250,144,106,3,3,0,32,19,13,3,0,3,8,2,6,220,96,124,108,43,65,1,0,1,9,0,9,37,17,20,65,36,29,8,5,3
57312406,51,23,28,51,23,28,1,0,1,6,1,5,0,0,0,0,0,0,49,19,30,30,13,17,0,0,0,0,0,0,3,1,2,16,5,11,0,0,0
57314102,11,7,4,11,7,4,1,1,0,1,1,0,0,0,0,0,0,0,19,9,10,9,4,5,0,0,0,2,0,2,5,3,2,3,2,1,1,1,0
57314103,146,83,63,143,82,61,4,3,1,22,14,8,0,0,0,3,1,2,130,56,74,52,21,31,0,0,0,11,0,11,27,17,10,40,18,22,1,1,0
57315901,302,165,137,294,163,131,7,3,4,31,17,14,2,0,2,8,2,6,267,120,147,136,55,81,0,0,0,9,0,9,45,24,21,77,41,36,2,2,0
57316701,30,14,16,30,14,16,0,0,0,6,2,4,0,0,0,0,0,0,36,17,19,14,9,5,0,0,0,4,0,4,7,2,5,11,6,5,1,1,0
57316703,108,60,48,102,57,45,2,1,1,19,10,9,1,0,1,6,3,3,92,40,52,51,24,27,0,0,0,3,0,3,15,7,8,23,9,14,1,1,0
57316706,36,18,18,35,18,17,1,0,1,1,0,1,0,0,0,1,0,1,42,16,26,24,9,15,0,0,0,1,0,1,7,2,5,10,5,5,0,0,0
57316707,38,24,14,37,24,13,0,0,0,6,2,4,0,0,0,1,0,1,30,10,20,9,3,6,0,0,0,5,0,5,10,4,6,6,3,3,0,0,0
57316708,24,14,10,24,14,10,1,0,1,4,2,2,0,0,0,0,0,0,28,13,15,16,8,8,0,0,0,1,0,1,2,0,2,9,5,4,0,0,0
57316709,15,8,7,15,8,7,0,0,0,0,0,0,1,0,1,0,0,0,24,13,11,10,4,6,0,0,0,1,0,1,6,4,2,7,5,2,0,0,0
57317501,21,13,8,21,13,8,1,0,1,2,1,1,0,0,0,0,0,0,24,13,11,14,5,9,0,0,0,0,0,0,4,4,0,6,4,2,0,0,0
57317502,435,244,191,418,235,183,12,4,8,57,36,21,5,0,5,17,9,8,415,189,226,205,79,126,1,0,1,20,1,19,74,43,31,115,66,49,7,2,5
57318302,19,11,8,19,11,8,0,0,0,0,0,0,0,0,0,0,0,0,28,12,16,20,8,12,0,0,0,1,0,1,2,1,1,5,3,2,1,1,0
57318303,61,35,26,56,33,23,1,0,1,3,1,2,1,0,1,5,2,3,52,25,27,27,15,12,0,0,0,6,0,6,11,6,5,8,4,4,1,0,1
0969032,0,0,0,0,0,0,0,0,0,0,0,0,0,0,0,0,0,0,0,0,0,0,0,0,0,0,0,0,0,0,0,0,0,0,0,0,0,0,0
57320501,26,16,10,26,16,10,0,0,0,6,4,2,0,0,0,0,0,0,26,11,15,11,3,8,1,1,0,2,0,2,5,2,3,7,5,2,0,0,0
57320502,16,8,8,16,8,8,0,0,0,3,2,1,1,0,1,0,0,0,16,9,7,6,3,3,0,0,0,0,0,0,5,4,1,5,2,3,0,0,0
57320503,128,75,53,124,74,50,3,2,1,14,6,8,1,0,1,4,1,3,105,43,62,63,24,39,0,0,0,3,0,3,12,7,5,27,12,15,6,4,2
57320504,18,11,7,18,11,7,0,0,0,3,2,1,0,0,0,0,0,0,16,6,10,8,3,5,0,0,0,1,0,1,1,1,0,6,2,4,1,0,1
57320506,50,28,22,48,26,22,1,1,0,7,4,3,1,0,1,2,2,0,47,24,23,27,11,16,0,0,0,1,0,1,6,5,1,13,8,5,0,0,0
57320507,23,9,14,23,9,14,2,0,2,5,1,4,0,0,0,0,0,0,15,6,9,11,5,6,0,0,0,0,0,0,2,1,1,2,0,2,0,0,0
57321302,246,144,102,233,136,97,2,2,0,39,22,17,4,0,4,13,8,5,301,117,184,176,62,114,1,1,0,18,0,18,49,27,22,57,27,30,4,1,3
57322101,166,92,74,163,91,72,5,2,3,22,8,14,3,0,3,3,1,2,152,66,86,75,37,38,0,0,0,8,0,8,24,10,14,45,19,26,3,2,1
57323001,9,5,4,9,5,4,0,0,0,1,1,0,0,0,0,0,0,0,11,5,6,7,3,4,0,0,0,0,0,0,0,0,0,4,2,2,0,0,0
57323002,163,91,72,158,88,70,1,1,0,15,7,8,1,0,1,5,3,2,157,62,95,61,28,33,0,0,0,10,0,10,24,11,13,62,23,39,4,3,1
57324801,28,14,14,26,13,13,1,0,1,5,2,3,1,0,1,2,1,1,27,15,12,14,7,7,0,0,0,1,0,1,5,4,1,7,4,3,0,0,0
57324802,41,23,18,40,23,17,3,3,0,3,0,3,0,0,0,1,0,1,23,5,18,5,3,2,0,0,0,4,0,4,9,2,7,5,0,5,0,0,0
57324803,53,32,21,53,32,21,0,0,0,5,5,0,0,0,0,0,0,0,49,23,26,10,3,7,0,0,0,5,0,5,13,8,5,21,12,9,0,0,0
57324804,39,21,18,38,21,17,3,0,3,2,0,2,0,0,0,1,0,1,30,14,16,12,5,7,0,0,0,2,0,2,9,5,4,7,4,3,0,0,0
57324805,79,48,31,78,47,31,3,2,1,6,3,3,1,0,1,1,1,0,76,29,47,26,10,16,0,0,0,5,0,5,13,4,9,32,15,17,0,0,0
57324806,96,51,45,92,50,42,5,3,2,6,1,5,1,0,1,4,1,3,105,45,60,52,22,30,1,0,1,5,0,5,17,6,11,30,17,13,0,0,0
57324807,115,61,54,113,60,53,3,0,3,6,2,4,1,0,1,2,1,1,93,41,52,31,18,13,0,0,0,4,0,4,12,3,9,46,20,26,1,0,1
57324808,28,17,11,27,16,11,0,0,0,2,0,2,0,0,0,1,1,0,18,6,12,1,0,1,0,0,0,3,0,3,7,4,3,7,2,5,0,0,0
57324809,42,23,19,39,21,18,3,3,0,6,2,4,1,0,1,3,2,1,33,17,16,23,12,11,0,0,0,0,0,0,2,0,2,8,5,3,0,0,0
57324810,142,81,61,137,77,60,3,2,1,13,9,4,0,0,0,5,4,1,165,73,92,73,27,46,2,2,0,9,0,9,25,11,14,56,33,23,1,1,0
57324811,34,18,16,33,17,16,0,0,0,3,1,2,0,0,0,1,1,0,34,11,23,16,4,12,0,0,0,1,0,1,3,1,2,14,6,8,0,0,0
57324813,66,37,29,63,36,27,0,0,0,8,4,4,1,0,1,3,1,2,58,21,37,23,10,13,0,0,0,6,0,6,20,6,14,9,5,4,1,1,0
57324814,173,106,67,167,101,66,4,3,1,22,15,7,0,0,0,6,5,1,181,75,106,87,38,49,1,0,1,12,0,12,33,17,16,48,20,28,1,0,1
57324815,17,9,8,17,9,8,0,0,0,3,2,1,0,0,0,0,0,0,9,2,7,4,1,3,0,0,0,1,0,1,2,0,2,2,1,1,0,0,0
57324816,764,444,320,727,421,306,19,11,8,83,41,42,5,0,5,37,23,14,784,310,474,432,155,277,3,2,1,25,0,25,110,53,57,214,100,114,33,25,8
57324817,130,70,60,128,69,59,4,0,4,22,13,9,0,0,0,2,1,1,135,64,71,99,45,54,0,0,0,1,0,1,14,10,4,21,9,12,0,0,0
57324818,681,384,297,667,376,291,39,18,21,91,47,44,3,0,3,14,8,6,700,312,388,390,166,224,2,1,1,24,0,24,83,38,45,201,107,94,3,0,3
57324819,1022,545,477,983,527,456,25,12,13,97,39,58,7,0,7,39,18,21,987,387,600,577,191,386,0,0,0,46,0,46,128,63,65,236,133,103,11,3,8
57324820,205,119,86,202,117,85,7,5,2,22,13,9,3,0,3,3,2,1,155,68,87,76,36,40,0,0,0,5,0,5,26,9,17,48,23,25,2,1,1
57324821,335,183,152,324,176,148,8,4,4,54,34,20,4,0,4,11,7,4,365,150,215,214,82,132,1,1,0,13,0,13,41,20,21,96,47,49,0,0,0
57324822,114,56,58,108,55,53,3,2,1,12,5,7,0,0,0,6,1,5,105,45,60,47,17,30,0,0,0,7,1,6,21,13,8,30,14,16,0,0,0
57324823,73,39,34,65,35,30,2,1,1,10,4,6,0,0,0,8,4,4,62,25,37,29,11,18,0,0,0,2,0,2,11,6,5,20,8,12,6,2,4
57325602,81,44,37,77,44,33,0,0,0,15,7,8,2,0,2,4,0,4,79,35,44,34,15,19,1,0,1,3,0,3,17,7,10,24,13,11,1,1,0
57325603,9,5,4,8,4,4,0,0,0,0,0,0,0,0,0,1,1,0,11,4,7,8,3,5,0,0,0,0,0,0,1,0,1,2,1,1,0,0,0
57326401,118,68,50,113,66,47,1,0,1,9,3,6,0,0,0,5,2,3,109,47,62,49,21,28,0,0,0,5,0,5,15,7,8,40,19,21,1,0,1
57327201,44,23,21,40,21,19,0,0,0,4,1,3,0,0,0,4,2,2,54,23,31,30,15,15,0,0,0,2,0,2,5,3,2,17,5,12,1,0,1
57327202,16,11,5,9,7,2,0,0,0,1,1,0,0,0,0,7,4,3,29,13,16,8,5,3,1,1,0,5,0,5,11,5,6,4,2,2,0,0,0
57327203,16,12,4,15,12,3,1,1,0,0,0,0,0,0,0,1,0,1,32,16,16,20,9,11,0,0,0,1,0,1,5,3,2,6,4,2,0,0,0
57327204,573,314,259,548,301,247,29,16,13,69,33,36,6,0,6,25,13,12,543,258,285,298,133,165,0,0,0,14,0,14,68,38,30,163,87,76,8,5,3
57328101,41,25,16,39,25,14,0,0,0,4,2,2,1,0,1,2,0,2,62,34,28,32,16,16,0,0,0,2,0,2,12,6,6,16,12,4,0,0,0
57329901,91,52,39,88,52,36,2,2,0,8,7,1,1,0,1,3,0,3,94,42,52,45,20,25,0,0,0,5,0,5,12,6,6,32,16,16,3,1,2
57329902,24,15,9,24,15,9,1,0,1,2,1,1,0,0,0,0,0,0,20,9,11,5,3,2,0,0,0,1,0,1,4,1,3,10,5,5,1,0,1
57329904,16,10,6,16,10,6,0,0,0,4,3,1,0,0,0,0,0,0,30,13,17,14,6,8,0,0,0,0,0,0,6,1,5,10,6,4,1,1,0
57329905,28,15,13,28,15,13,1,0,1,4,3,1,1,0,1,0,0,0,33,11,22,13,3,10,0,0,0,2,0,2,8,3,5,10,5,5,0,0,0
57329906,324,179,145,318,177,141,9,7,2,30,16,14,4,0,4,6,2,4,349,145,204,192,81,111,0,0,0,12,0,12,57,24,33,88,40,48,13,7,6
57329908,65,34,31,62,34,28,2,2,0,7,1,6,2,0,2,3,0,3,60,34,26,28,14,14,0,0,0,4,0,4,13,11,2,15,9,6,0,0,0
57329909,25,14,11,25,14,11,1,0,1,4,2,2,0,0,0,0,0,0,21,11,10,7,3,4,0,0,0,0,0,0,4,2,2,10,6,4,0,0,0
57329910,35,22,13,34,21,13,1,1,0,7,5,2,0,0,0,1,1,0,38,19,19,17,7,10,0,0,0,2,0,2,10,6,4,9,6,3,0,0,0
57330201,46,29,17,40,26,14,1,1,0,2,1,1,0,0,0,6,3,3,49,21,28,25,12,13,0,0,0,2,0,2,8,3,5,14,6,8,0,0,0
57331101,115,62,53,112,61,51,4,2,2,13,8,5,2,0,2,3,1,2,142,67,75,72,30,42,1,1,0,3,0,3,21,12,9,45,24,21,2,0,2
57331102,177,99,78,170,95,75,4,2,2,19,12,7,0,0,0,7,4,3,164,72,92,84,37,47,0,0,0,8,0,8,32,15,17,40,20,20,3,1,2
57332902,42,21,21,42,21,21,1,1,0,3,3,0,0,0,0,0,0,0,37,14,23,24,10,14,0,0,0,1,0,1,2,0,2,10,4,6,0,0,0
57332903,87,49,38,84,48,36,3,0,3,5,4,1,0,0,0,3,1,2,72,29,43,29,13,16,0,0,0,2,0,2,16,5,11,25,11,14,3,2,1
57332905,48,26,22,47,26,21,2,2,0,6,2,4,2,0,2,1,0,1,47,22,25,17,11,6,0,0,0,4,0,4,13,5,8,13,6,7,0,0,0
57332906,55,31,24,55,31,24,2,1,1,5,3,2,1,0,1,0,0,0,60,27,33,32,16,16,0,0,0,2,0,2,10,3,7,16,8,8,0,0,0
57332907,21,12,9,20,11,9,1,0,1,3,2,1,1,0,1,1,1,0,21,8,13,6,1,5,0,0,0,1,0,1,3,1,2,11,6,5,0,0,0
57333701,117,70,47,114,68,46,2,1,1,12,10,2,3,0,3,3,2,1,90,29,61,43,13,30,0,0,0,8,0,8,17,8,9,22,8,14,2,1,1
57333702,23,12,11,23,12,11,1,0,1,5,2,3,1,0,1,0,0,0,27,14,13,13,7,6,0,0,0,0,0,0,6,4,2,8,3,5,1,1,0
57334501,16,8,8,16,8,8,1,0,1,1,1,0,0,0,0,0,0,0,10,5,5,4,2,2,0,0,0,0,0,0,0,0,0,6,3,3,0,0,0
57334502,126,73,53,122,70,52,5,3,2,9,5,4,1,0,1,4,3,1,85,37,48,47,22,25,0,0,0,5,0,5,11,5,6,22,10,12,0,0,0
57335301,60,34,26,59,34,25,1,0,1,5,4,1,1,0,1,1,0,1,54,24,30,30,14,16,1,1,0,2,0,2,6,4,2,15,5,10,1,0,1
57335302,22,11,11,20,10,10,1,0,1,3,2,1,0,0,0,2,1,1,12,4,8,4,1,3,0,0,0,0,0,0,3,1,2,5,2,3,0,0,0
57336101,55,34,21,53,32,21,2,1,1,7,5,2,0,0,0,2,2,0,38,14,24,21,8,13,0,0,0,0,0,0,5,3,2,12,3,9,0,0,0
57337002,127,69,58,123,67,56,0,0,0,21,13,8,1,0,1,4,2,2,116,47,69,53,20,33,0,0,0,7,0,7,20,7,13,36,20,16,3,2,1
57337003,43,27,16,41,27,14,2,1,1,6,6,0,1,0,1,2,0,2,45,13,32,20,8,12,1,0,1,3,0,3,7,2,5,14,3,11,1,0,1
57337004,20,12,8,20,12,8,0,0,0,2,2,0,0,0,0,0,0,0,26,12,14,18,9,9,1,1,0,1,0,1,1,0,1,5,2,3,0,0,0
57337005,14,8,6,14,8,6,0,0,0,1,0,1,0,0,0,0,0,0,20,7,13,10,3,7,0,0,0,2,0,2,5,2,3,3,2,1,0,0,0
57344201,21,11,10,20,11,9,0,0,0,3,3,0,0,0,0,1,0,1,18,5,13,9,3,6,0,0,0,0,0,0,4,2,2,5,0,5,0,0,0
57344203,13,5,8,12,4,8,0,0,0,3,1,2,0,0,0,1,1,0,18,9,9,10,6,4,0,0,0,2,0,2,4,2,2,2,1,1,0,0,0
57344205,14,11,3,14,11,3,0,0,0,2,2,0,0,0,0,0,0,0,14,6,8,11,6,5,0,0,0,0,0,0,1,0,1,2,0,2,0,0,0
57344206,10,6,4,10,6,4,0,0,0,2,1,1,0,0,0,0,0,0,14,5,9,11,5,6,0,0,0,1,0,1,1,0,1,1,0,1,1,0,1
57344207,79,45,34,75,44,31,1,0,1,10,7,3,0,0,0,4,1,3,56,26,30,20,8,12,0,0,0,3,0,3,9,6,3,24,12,12,1,0,1
57345101,34,19,15,30,18,12,2,0,2,0,0,0,0,0,0,4,1,3,32,15,17,18,8,10,0,0,0,1,0,1,7,2,5,6,5,1,0,0,0
57345102,99,58,41,80,46,34,3,2,1,8,5,3,1,0,1,19,12,7,133,60,73,60,29,31,0,0,0,9,0,9,27,12,15,37,19,18,5,1,4
57345103,13,10,3,12,9,3,0,0,0,3,2,1,0,0,0,1,1,0,14,6,8,9,4,5,0,0,0,0,0,0,0,0,0,5,2,3,0,0,0
57346901,39,21,18,36,19,17,1,0,1,3,1,2,1,0,1,3,2,1,83,31,52,59,15,44,0,0,0,2,0,2,5,4,1,17,12,5,0,0,0
57346902,43,21,22,39,18,21,0,0,0,4,2,2,1,0,1,4,3,1,34,16,18,18,7,11,0,0,0,0,0,0,4,2,2,12,7,5,0,0,0
57346903,175,96,79,169,93,76,7,4,3,12,8,4,3,0,3,6,3,3,170,71,99,81,29,52,0,0,0,9,1,8,33,17,16,47,24,23,0,0,0
57347701,155,93,62,148,91,57,4,3,1,11,7,4,0,0,0,7,2,5,129,61,68,66,26,40,0,0,0,3,0,3,19,13,6,41,22,19,2,1,1
0646372,0,0,0,0,0,0,0,0,0,0,0,0,0,0,0,0,0,0,0,0,0,0,0,0,0,0,0,0,0,0,0,0,0,0,0,0,0,0,0
57349301,24,13,11,24,13,11,0,0,0,2,0,2,1,0,1,0,0,0,23,10,13,10,6,4,0,0,0,0,0,0,4,0,4,9,4,5,2,0,2
57349303,28,18,10,28,18,10,2,1,1,3,3,0,0,0,0,0,0,0,20,6,14,2,0,2,0,0,0,2,0,2,6,2,4,10,4,6,0,0,0
57349304,12,7,5,11,6,5,1,1,0,0,0,0,0,0,0,1,1,0,11,5,6,7,3,4,0,0,0,0,0,0,1,0,1,3,2,1,0,0,0
57349305,1002,539,463,982,528,454,37,15,22,103,44,59,8,0,8,20,11,9,964,424,540,496,205,291,1,1,0,39,0,39,138,64,74,290,154,136,20,16,4
57349306,33,20,13,32,20,12,0,0,0,3,1,2,0,0,0,1,0,1,25,14,11,14,7,7,0,0,0,2,0,2,4,4,0,5,3,2,0,0,0
57349307,38,19,19,37,19,18,1,0,1,3,2,1,0,0,0,1,0,1,36,14,22,20,6,14,1,1,0,2,0,2,6,3,3,7,4,3,0,0,0
57349308,11,7,4,11,7,4,0,0,0,1,0,1,0,0,0,0,0,0,17,6,11,3,1,2,0,0,0,1,0,1,7,1,6,6,4,2,0,0,0
57349309,18,11,7,18,11,7,0,0,0,0,0,0,1,0,1,0,0,0,16,5,11,4,2,2,0,0,0,3,0,3,6,2,4,3,1,2,0,0,0
57350701,67,38,29,67,38,29,0,0,0,6,4,2,0,0,0,0,0,0,62,31,31,32,14,18,0,0,0,2,0,2,10,6,4,18,11,7,0,0,0
57350702,18,12,6,16,10,6,0,0,0,0,0,0,0,0,0,2,2,0,16,6,10,11,3,8,0,0,0,1,0,1,1,1,0,3,2,1,0,0,0
57350703,25,16,9,25,16,9,0,0,0,4,1,3,0,0,0,0,0,0,30,11,19,13,5,8,0,0,0,3,0,3,6,5,1,8,1,7,0,0,0
57350704,81,45,36,73,43,30,3,2,1,6,5,1,0,0,0,8,2,6,80,34,46,35,13,22,0,0,0,5,0,5,11,5,6,29,16,13,1,1,0
57350705,85,49,36,81,47,34,2,1,1,6,2,4,0,0,0,4,2,2,86,35,51,42,15,27,1,1,0,6,0,6,13,9,4,24,10,14,1,1,0
57350706,718,409,309,692,396,296,17,6,11,78,49,29,8,0,8,26,13,13,678,288,390,313,128,185,1,1,0,36,1,35,124,60,64,204,98,106,16,14,2
57350707,13,6,7,13,6,7,0,0,0,2,1,1,0,0,0,0,0,0,11,8,3,6,4,2,0,0,0,0,0,0,0,0,0,5,4,1,0,0,0
57352301,119,71,48,113,68,45,3,1,2,14,11,3,0,0,0,6,3,3,123,50,73,56,20,36,0,0,0,5,0,5,24,11,13,38,19,19,4,2,2
57354001,26,14,12,26,14,12,0,0,0,4,2,2,1,0,1,0,0,0,31,13,18,13,6,7,0,0,0,2,0,2,7,1,6,9,6,3,1,0,1
57354002,32,19,13,31,19,12,1,1,0,3,2,1,0,0,0,1,0,1,35,18,17,13,7,6,0,0,0,3,0,3,10,6,4,9,5,4,0,0,0
57354003,83,44,39,79,44,35,1,0,1,3,1,2,0,0,0,4,0,4,79,30,49,34,13,21,0,0,0,8,0,8,17,10,7,20,7,13,1,0,1
57354004,17,11,6,17,11,6,0,0,0,0,0,0,0,0,0,0,0,0,9,3,6,7,3,4,0,0,0,0,0,0,0,0,0,2,0,2,0,0,0
57361201,19,9,10,17,7,10,2,0,2,3,0,3,0,0,0,2,2,0,27,11,16,9,5,4,1,1,0,3,0,3,7,2,5,7,3,4,0,0,0
57361202,94,56,38,90,52,38,2,0,2,9,5,4,0,0,0,4,4,0,94,42,52,52,23,29,1,1,0,4,0,4,9,5,4,28,13,15,2,2,0
57361203,14,9,5,14,9,5,0,0,0,1,1,0,0,0,0,0,0,0,10,4,6,5,2,3,0,0,0,2,0,2,3,2,1,0,0,0,1,1,0
57363901,164,95,69,159,92,67,8,3,5,16,12,4,1,0,1,5,3,2,166,73,93,73,33,40,0,0,0,12,0,12,31,17,14,50,23,27,4,4,0
57364701,69,35,34,66,33,33,4,1,3,3,1,2,1,0,1,3,2,1,59,29,30,23,8,15,0,0,0,1,0,1,7,5,2,28,16,12,0,0,0
57365501,12,8,4,12,8,4,0,0,0,1,1,0,0,0,0,0,0,0,19,9,10,10,3,7,1,1,0,2,0,2,3,3,0,3,2,1,0,0,0
57365503,54,30,24,52,29,23,2,1,1,6,3,3,1,0,1,2,1,1,60,27,33,20,9,11,0,0,0,1,0,1,10,5,5,29,13,16,1,0,1
57365504,10,8,2,10,8,2,0,0,0,1,1,0,0,0,0,0,0,0,14,4,10,6,3,3,0,0,0,1,0,1,3,0,3,4,1,3,0,0,0
57365505,93,55,38,93,55,38,3,1,2,9,6,3,1,0,1,0,0,0,91,41,50,40,14,26,0,0,0,6,0,6,22,11,11,23,16,7,0,0,0
57365506,49,26,23,48,26,22,1,1,0,2,2,0,1,0,1,1,0,1,52,26,26,26,12,14,0,0,0,3,0,3,8,5,3,15,9,6,0,0,0
57366301,35,20,15,35,20,15,0,0,0,6,3,3,0,0,0,0,0,0,42,19,23,28,13,15,0,0,0,1,0,1,4,1,3,9,5,4,1,1,0
57366302,11,8,3,11,8,3,0,0,0,0,0,0,0,0,0,0,0,0,14,3,11,8,3,5,0,0,0,0,0,0,2,0,2,4,0,4,1,0,1
57366303,72,38,34,64,34,30,2,1,1,3,1,2,3,0,3,8,4,4,70,24,46,33,15,18,0,0,0,6,0,6,14,3,11,17,6,11,1,1,0
57366304,24,13,11,20,10,10,1,0,1,5,3,2,0,0,0,4,3,1,42,16,26,12,6,6,0,0,0,2,0,2,14,7,7,14,3,11,8,6,2
57367101,23,12,11,23,12,11,0,0,0,5,0,5,0,0,0,0,0,0,14,6,8,7,3,4,0,0,0,1,0,1,2,1,1,4,2,2,0,0,0
57367102,22,10,12,21,10,11,2,0,2,3,2,1,0,0,0,1,0,1,28,15,13,18,10,8,0,0,0,1,0,1,2,1,1,7,4,3,0,0,0
57367103,20,6,14,18,6,12,0,0,0,2,1,1,0,0,0,2,0,2,25,13,12,8,3,5,0,0,0,0,0,0,3,3,0,14,7,7,0,0,0
57368001,12,6,6,12,6,6,2,0,2,1,1,0,0,0,0,0,0,0,11,5,6,7,3,4,0,0,0,0,0,0,2,1,1,2,1,1,0,0,0
57368002,40,24,16,36,20,16,2,1,1,3,1,2,0,0,0,4,4,0,48,19,29,31,14,17,0,0,0,2,0,2,6,2,4,9,3,6,1,0,1
57368003,50,27,23,46,25,21,3,1,2,3,2,1,0,0,0,4,2,2,29,15,14,12,6,6,1,1,0,3,0,3,6,5,1,7,3,4,1,1,0
57368004,65,38,27,62,36,26,2,0,2,6,3,3,2,0,2,3,2,1,49,22,27,26,12,14,0,0,0,3,0,3,9,5,4,11,5,6,1,1,0
57369801,16,8,8,16,8,8,2,1,1,1,1,0,0,0,0,0,0,0,21,7,14,10,4,6,0,0,0,1,0,1,6,2,4,4,1,3,0,0,0
57369802,149,85,64,147,83,64,7,5,2,8,6,2,0,0,0,2,2,0,128,60,68,44,20,24,2,1,1,8,0,8,31,20,11,43,19,24,3,2,1
57370101,1215,901,314,1084,776,308,26,16,10,61,30,31,5,0,5,131,125,6,1149,818,331,316,145,171,1,0,1,27,0,27,543,500,43,262,173,89,9,6,3
57372801,84,45,39,82,43,39,3,0,3,8,3,5,1,0,1,2,2,0,53,25,28,17,7,10,0,0,0,3,0,3,8,5,3,25,13,12,1,0,1
57372802,29,20,9,29,20,9,0,0,0,2,2,0,0,0,0,0,0,0,26,10,16,7,2,5,0,0,0,3,0,3,5,3,2,11,5,6,0,0,0
57373601,26,13,13,26,13,13,2,0,2,1,1,0,0,0,0,0,0,0,27,12,15,13,5,8,0,0,0,2,0,2,5,1,4,7,6,1,1,1,0
57373602,149,89,60,142,85,57,2,2,0,12,5,7,2,0,2,7,4,3,135,66,69,51,20,31,0,0,0,8,0,8,40,24,16,36,22,14,2,0,2
57375201,10,5,5,10,5,5,0,0,0,0,0,0,0,0,0,0,0,0,19,6,13,6,3,3,0,0,0,2,0,2,8,2,6,3,1,2,1,0,1
57375202,141,79,62,138,78,60,5,2,3,17,11,6,0,0,0,3,1,2,113,44,69,54,19,35,0,0,0,6,0,6,11,7,4,42,18,24,1,1,0
57375203,24,15,9,24,15,9,0,0,0,4,2,2,0,0,0,0,0,0,20,9,11,4,2,2,0,0,0,3,0,3,11,6,5,2,1,1,1,0,1
57376101,111,61,50,105,60,45,1,0,1,22,9,13,2,0,2,6,1,5,119,58,61,64,28,36,0,0,0,5,0,5,17,9,8,33,21,12,2,2,0
57379501,104,58,46,99,56,43,1,0,1,11,6,5,0,0,0,5,2,3,111,52,59,54,25,29,0,0,0,6,0,6,20,10,10,31,17,14,3,3,0
57380901,34,23,11,34,23,11,2,2,0,3,3,0,0,0,0,0,0,0,27,12,15,21,9,12,0,0,0,0,0,0,1,1,0,5,2,3,0,0,0
57380902,307,174,133,275,167,108,8,4,4,30,18,12,2,0,2,32,7,25,342,154,188,170,71,99,3,2,1,14,0,14,56,28,28,99,53,46,13,8,5
57380903,71,41,30,66,38,28,2,1,1,9,4,5,0,0,0,5,3,2,79,32,47,29,12,17,0,0,0,4,0,4,12,7,5,34,13,21,1,0,1
57382502,39,21,18,38,21,17,6,2,4,4,3,1,0,0,0,1,0,1,32,17,15,12,5,7,1,0,1,0,0,0,5,2,3,14,10,4,1,0,1
57382503,9,8,1,9,8,1,0,0,0,1,1,0,0,0,0,0,0,0,14,6,8,8,4,4,0,0,0,0,0,0,0,0,0,6,2,4,1,0,1
57382504,13,9,4,13,9,4,0,0,0,2,1,1,0,0,0,0,0,0,24,10,14,11,5,6,0,0,0,3,0,3,6,2,4,4,3,1,0,0,0
57382505,18,11,7,18,11,7,1,1,0,2,2,0,0,0,0,0,0,0,24,14,10,8,6,2,0,0,0,2,0,2,7,3,4,7,5,2,0,0,0
57382506,572,314,258,555,304,251,25,7,18,70,33,37,6,0,6,17,10,7,525,235,290,239,103,136,2,0,2,27,0,27,85,50,35,172,82,90,12,8,4
57382507,8,5,3,7,5,2,1,1,0,0,0,0,0,0,0,1,0,1,12,5,7,4,2,2,0,0,0,1,0,1,3,1,2,4,2,2,0,0,0
57383302,22,13,9,20,12,8,0,0,0,1,0,1,0,0,0,2,1,1,30,12,18,11,6,5,1,0,1,3,0,3,9,4,5,6,2,4,0,0,0
57383304,97,56,41,92,54,38,6,1,5,12,5,7,1,0,1,5,2,3,107,44,63,57,24,33,0,0,0,5,0,5,23,10,13,22,10,12,3,2,1
57384101,48,29,19,48,29,19,2,1,1,5,4,1,0,0,0,0,0,0,45,23,22,29,16,13,0,0,0,1,0,1,5,3,2,10,4,6,2,1,1
57385001,102,51,51,102,51,51,3,1,2,16,6,10,3,0,3,0,0,0,122,49,73,76,34,42,0,0,0,3,0,3,14,6,8,29,9,20,4,4,0
50509901,94,49,45,92,48,44,1,0,1,11,4,7,0,0,0,2,1,1,103,50,53,46,23,23,0,0,0,9,1,8,19,9,10,29,17,12,1,1,0
53078601,102,58,44,98,55,43,3,1,2,2,0,2,3,0,3,4,3,1,121,51,70,42,17,25,0,0,0,12,0,12,31,18,13,36,16,20,1,0,1
54753101,70,44,26,66,43,23,3,2,1,3,3,0,2,0,2,4,1,3,82,36,46,42,16,26,0,0,0,4,0,4,13,5,8,23,15,8,0,0,0
54756502,75,39,36,73,39,34,4,1,3,11,5,6,2,0,2,2,0,2,62,30,32,30,14,16,1,0,1,1,0,1,10,6,4,20,10,10,2,2,0
54756503,26,14,12,25,14,11,1,1,0,3,2,1,0,0,0,1,0,1,15,6,9,6,3,3,0,0,0,0,0,0,5,2,3,4,1,3,2,0,2
54764601,1087,590,497,1053,573,480,45,22,23,127,67,60,4,0,4,34,17,17,1087,472,615,555,247,308,3,2,1,45,0,45,146,72,74,338,151,187,22,13,9
54765401,13,8,5,13,8,5,0,0,0,1,0,1,0,0,0,0,0,0,25,12,13,19,9,10,0,0,0,1,0,1,1,0,1,4,3,1,0,0,0
54765402,87,50,37,84,49,35,1,0,1,17,12,5,0,0,0,3,1,2,53,23,30,24,10,14,0,0,0,3,0,3,8,3,5,18,10,8,0,0,0
54770101,32,20,12,29,18,11,1,0,1,3,1,2,0,0,0,3,2,1,28,10,18,12,5,7,0,0,0,1,0,1,3,1,2,12,4,8,1,1,0
54772701,52,27,25,51,27,24,2,2,0,3,1,2,0,0,0,1,0,1,63,29,34,28,11,17,1,1,0,2,0,2,7,2,5,25,15,10,2,2,0
54774301,149,87,62,140,84,56,3,2,1,11,9,2,1,0,1,9,3,6,144,66,78,71,36,35,0,0,0,6,0,6,18,7,11,49,23,26,10,2,8
54775101,170,100,70,166,99,67,5,3,2,15,8,7,0,0,0,4,1,3,166,80,86,79,37,42,0,0,0,14,0,14,34,20,14,39,23,16,4,0,4
54778601,65,39,26,63,37,26,2,2,0,16,8,8,0,0,0,2,2,0,65,29,36,46,22,24,1,1,0,1,0,1,6,2,4,11,4,7,1,1,0
54778602,177,90,87,170,86,84,3,2,1,10,2,8,0,0,0,7,4,3,154,66,88,82,32,50,2,2,0,4,0,4,17,7,10,49,25,24,6,5,1
57338801,45,25,20,45,25,20,2,0,2,8,5,3,1,0,1,0,0,0,46,21,25,28,12,16,1,0,1,1,0,1,4,3,1,12,6,6,2,1,1
57386801,65,41,24,58,38,20,5,2,3,7,3,4,0,0,0,7,3,4,48,23,25,29,13,16,0,0,0,4,0,4,7,6,1,8,4,4,0,0,0
57386803,111,60,51,108,59,49,4,1,3,10,5,5,1,0,1,3,1,2,132,53,79,57,26,31,0,0,0,8,0,8,22,5,17,45,22,23,3,1,2
57386804,191,107,84,189,106,83,5,5,0,21,11,10,3,0,3,2,1,1,211,97,114,98,48,50,0,0,0,12,0,12,46,19,27,55,30,25,0,0,0
57386805,271,151,120,267,148,119,8,5,3,39,17,22,0,0,0,4,3,1,275,127,148,140,61,79,0,0,0,7,0,7,34,17,17,94,49,45,2,0,2
57386806,45,27,18,41,25,16,4,3,1,11,7,4,1,0,1,4,2,2,41,17,24,25,10,15,0,0,0,1,0,1,5,3,2,10,4,6,1,1,0
57386809,649,348,301,616,333,283,23,11,12,102,47,55,2,0,2,33,15,18,649,283,366,344,142,202,0,0,0,21,0,21,78,37,41,206,104,102,8,5,3
57386810,126,69,57,122,69,53,2,0,2,13,8,5,1,0,1,4,0,4,129,63,66,50,22,28,0,0,0,9,1,8,29,16,13,41,24,17,2,2,0
57386811,48,25,23,46,23,23,1,1,0,3,1,2,0,0,0,2,2,0,51,24,27,21,9,12,0,0,0,3,0,3,11,5,6,16,10,6,0,0,0
57386812,244,126,118,241,126,115,15,8,7,26,14,12,1,0,1,3,0,3,244,108,136,121,49,72,2,2,0,5,0,5,30,17,13,86,40,46,0,0,0
57386813,906,460,446,860,442,418,39,17,22,92,43,49,4,0,4,46,18,28,584,261,323,227,93,134,3,2,1,32,0,32,103,50,53,219,116,103,12,6,6
57386815,254,127,127,244,122,122,4,1,3,33,11,22,0,0,0,10,5,5,240,95,145,141,54,87,0,0,0,9,0,9,32,19,13,58,22,36,8,3,5
57386816,238,118,120,230,111,119,10,2,8,30,11,19,2,0,2,8,7,1,192,74,118,122,42,80,0,0,0,8,0,8,20,7,13,42,25,17,6,1,5
57386817,246,130,116,238,129,109,9,4,5,33,19,14,2,0,2,8,1,7,261,125,136,137,59,78,0,0,0,13,0,13,37,25,12,74,41,33,0,0,0
57386818,125,60,65,110,53,57,8,5,3,14,3,11,0,0,0,15,7,8,119,55,64,58,26,32,2,1,1,3,0,3,16,7,9,40,21,19,2,1,1
57386819,104,57,47,102,55,47,2,1,1,19,11,8,1,0,1,2,2,0,90,42,48,45,24,21,0,0,0,4,0,4,10,4,6,31,14,17,0,0,0
57386820,611,318,293,597,311,286,20,9,11,82,42,40,2,0,2,14,7,7,536,252,284,265,113,152,1,0,1,24,1,23,86,53,33,160,85,75,3,1,2
57386821,841,477,364,751,430,321,31,12,19,71,36,35,5,0,5,90,47,43,667,297,370,337,145,192,1,1,0,20,0,20,124,60,64,185,91,94,110,75,35
57386822,34,18,16,33,17,16,4,1,3,2,1,1,0,0,0,1,1,0,29,14,15,10,5,5,0,0,0,2,0,2,4,2,2,13,7,6,1,0,1
57386824,237,129,108,227,124,103,10,6,4,21,10,11,5,0,5,10,5,5,203,83,120,112,46,66,2,0,2,9,0,9,40,16,24,40,21,19,1,0,1
57386825,950,495,455,907,474,433,21,9,12,168,77,91,7,0,7,43,21,22,861,365,496,503,195,308,3,1,2,29,0,29,119,65,54,207,104,103,18,9,9
57386826,1295,654,641,1218,611,607,44,19,25,136,54,82,11,0,11,77,43,34,1080,441,639,496,195,301,1,1,0,53,0,53,220,91,129,310,154,156,26,13,13
57386827,424,223,201,414,219,195,24,11,13,36,20,16,4,0,4,10,4,6,292,116,176,135,50,85,0,0,0,12,1,11,42,14,28,103,51,52,0,0,0
57386828,510,265,245,488,251,237,14,6,8,74,29,45,5,0,5,22,14,8,527,216,311,338,126,212,0,0,0,21,0,21,60,34,26,108,56,52,11,5,6
57386829,530,263,267,507,247,260,25,7,18,68,31,37,2,0,2,23,16,7,508,217,291,272,109,163,0,0,0,23,0,23,73,34,39,140,74,66,7,3,4
57386831,689,359,330,674,348,326,29,15,14,99,43,56,3,0,3,15,11,4,778,312,466,481,153,328,0,0,0,17,0,17,76,46,30,204,113,91,3,1,2
57386832,48,26,22,43,22,21,0,0,0,1,1,0,0,0,0,5,4,1,27,12,15,12,7,5,0,0,0,3,0,3,8,3,5,4,2,2,3,2,1
57386833,141,78,63,133,73,60,5,2,3,23,16,7,2,0,2,8,5,3,127,59,68,72,33,39,0,0,0,3,0,3,13,6,7,39,20,19,0,0,0
57388401,306,175,131,295,171,124,10,4,6,25,16,9,6,0,6,11,4,7,291,143,148,121,59,62,0,0,0,16,0,16,71,34,37,83,50,33,11,5,6
0064750,0,0,0,0,0,0,0,0,0,0,0,0,0,0,0,0,0,0,0,0,0,0,0,0,0,0,0,0,0,0,0,0,0,0,0,0,0,0,0
57389201,517,283,234,498,275,223,25,15,10,49,30,19,5,0,5,19,8,11,460,211,249,207,85,122,1,1,0,22,0,22,75,45,30,155,80,75,7,5,2
57390601,116,64,52,111,60,51,2,0,2,16,6,10,0,0,0,5,4,1,78,36,42,48,21,27,0,0,0,1,0,1,11,6,5,18,9,9,2,2,0
57391401,170,87,83,160,84,76,3,1,2,21,13,8,1,0,1,10,3,7,161,70,91,68,31,37,1,1,0,8,0,8,28,9,19,56,29,27,1,0,1
57392201,540,290,250,475,249,226,24,9,15,71,33,38,1,0,1,65,41,24,548,253,295,239,101,138,0,0,0,24,1,23,107,49,58,178,102,76,16,5,11
57392202,70,39,31,66,37,29,3,1,2,8,2,6,0,0,0,4,2,2,52,28,24,32,18,14,0,0,0,1,0,1,3,0,3,16,10,6,0,0,0
57392204,18,11,7,17,11,6,1,1,0,2,2,0,0,0,0,1,0,1,19,8,11,12,6,6,0,0,0,2,0,2,3,1,2,2,1,1,4,2,2
57392205,500,249,251,473,238,235,20,13,7,65,30,35,3,0,3,27,11,16,519,222,297,326,130,196,1,1,0,9,0,9,61,30,31,122,61,61,6,2,4
57392206,31,21,10,29,19,10,0,0,0,4,2,2,1,0,1,2,2,0,30,10,20,16,6,10,0,0,0,3,0,3,7,2,5,4,2,2,2,0,2
57392207,15,9,6,13,8,5,0,0,0,5,1,4,0,0,0,2,1,1,20,10,10,13,6,7,0,0,0,2,0,2,4,3,1,1,1,0,0,0,0
57392208,233,133,100,225,127,98,8,6,2,34,19,15,0,0,0,8,6,2,272,102,170,190,65,125,0,0,0,9,0,9,19,13,6,54,24,30,3,1,2
57392210,312,179,133,269,154,115,5,1,4,26,15,11,0,0,0,43,25,18,353,155,198,177,71,106,0,0,0,15,0,15,74,40,34,87,44,43,10,6,4
57392211,130,75,55,101,57,44,2,0,2,23,8,15,1,0,1,29,18,11,200,86,114,71,32,39,0,0,0,9,0,9,62,30,32,58,24,34,13,4,9
57392212,55,31,24,50,30,20,2,2,0,5,2,3,0,0,0,5,1,4,51,19,32,15,6,9,0,0,0,9,0,9,14,8,6,13,5,8,0,0,0
57392214,88,49,39,82,45,37,0,0,0,13,4,9,1,0,1,6,4,2,74,29,45,35,15,20,0,0,0,3,0,3,9,6,3,27,8,19,0,0,0
57392215,529,295,234,481,273,208,15,6,9,63,35,28,2,0,2,48,22,26,420,179,241,193,78,115,2,2,0,24,1,23,90,38,52,111,60,51,30,19,11
57392216,546,267,279,527,257,270,17,6,11,53,26,27,1,0,1,19,10,9,538,253,285,298,129,169,1,1,0,10,0,10,72,36,36,157,87,70,9,3,6
57392217,90,47,43,85,44,41,7,4,3,10,4,6,1,0,1,5,3,2,123,60,63,79,33,46,0,0,0,4,0,4,16,9,7,24,18,6,0,0,0
57392218,192,105,87,172,90,82,9,3,6,24,8,16,2,0,2,20,15,5,203,71,132,90,30,60,2,1,1,9,0,9,43,16,27,59,24,35,10,4,6
0134710,0,0,0,0,0,0,0,0,0,0,0,0,0,0,0,0,0,0,0,0,0,0,0,0,0,0,0,0,0,0,0,0,0,0,0,0,0,0,0
57393102,83,50,33,82,49,33,5,3,2,9,7,2,1,0,1,1,1,0,88,41,47,38,15,23,0,0,0,4,0,4,13,8,5,33,18,15,0,0,0
57393104,41,25,16,39,24,15,1,1,0,6,2,4,0,0,0,2,1,1,39,21,18,17,8,9,0,0,0,2,0,2,6,5,1,14,8,6,0,0,0
57395701,235,127,108,228,123,105,7,3,4,29,13,16,1,0,1,7,4,3,206,93,113,101,44,57,0,0,0,8,0,8,30,15,15,67,34,33,4,3,1
57396501,97,56,41,92,52,40,2,2,0,12,8,4,0,0,0,5,4,1,115,52,63,58,28,30,0,0,0,6,0,6,19,7,12,32,17,15,1,0,1
57396502,2471,1348,1123,2382,1301,1081,86,39,47,301,137,164,14,0,14,89,47,42,2572,1113,1459,1352,541,811,4,2,2,98,1,97,339,173,166,779,396,383,44,25,19
57396503,335,192,143,326,189,137,6,3,3,29,18,11,5,0,5,9,3,6,324,142,182,124,52,72,0,0,0,21,0,21,71,42,29,108,48,60,3,0,3
57396504,555,285,270,545,280,265,17,8,9,73,31,42,4,0,4,10,5,5,555,241,314,303,123,180,0,0,0,20,0,20,74,38,36,158,80,78,4,2,2
57396505,49,25,24,49,25,24,3,1,2,6,4,2,0,0,0,0,0,0,44,24,20,16,7,9,1,1,0,1,0,1,7,4,3,19,12,7,0,0,0
57396506,22,14,8,21,13,8,1,0,1,0,0,0,0,0,0,1,1,0,12,5,7,9,2,7,0,0,0,0,0,0,0,0,0,3,3,0,0,0,0
57396507,90,45,45,86,44,42,4,2,2,8,4,4,0,0,0,4,1,3,70,31,39,28,10,18,0,0,0,4,0,4,18,11,7,20,10,10,1,0,1
57396508,21,12,9,20,12,8,0,0,0,2,2,0,0,0,0,1,0,1,12,5,7,10,3,7,0,0,0,0,0,0,0,0,0,2,2,0,1,1,0
57396509,267,151,116,257,147,110,9,4,5,30,12,18,2,0,2,10,4,6,291,145,146,124,57,67,1,1,0,15,0,15,62,35,27,89,52,37,1,0,1
57396510,30,16,14,30,16,14,0,0,0,4,2,2,1,0,1,0,0,0,29,13,16,14,7,7,0,0,0,1,0,1,6,3,3,8,3,5,0,0,0
57397301,236,136,100,232,135,97,8,4,4,30,17,13,2,0,2,4,1,3,225,90,135,107,45,62,0,0,0,10,0,10,39,19,20,69,26,43,4,1,3
57398101,81,45,36,78,45,33,3,0,3,12,5,7,0,0,0,3,0,3,83,32,51,42,18,24,0,0,0,3,0,3,9,1,8,29,13,16,1,1,0
57398102,21,10,11,21,10,11,0,0,0,2,2,0,0,0,0,0,0,0,21,11,10,10,3,7,0,0,0,0,0,0,4,3,1,7,5,2,0,0,0
57398104,41,28,13,38,27,11,2,1,1,4,4,0,0,0,0,3,1,2,37,13,24,13,5,8,0,0,0,3,0,3,8,3,5,13,5,8,0,0,0
57399001,176,90,86,171,87,84,3,2,1,26,12,14,2,0,2,5,3,2,159,69,90,96,41,55,1,1,0,6,0,6,19,12,7,37,15,22,0,0,0
57399002,1535,795,740,1464,761,703,56,25,31,193,92,101,9,0,9,71,34,37,1543,646,897,908,339,569,5,2,3,51,0,51,181,99,82,398,206,192,41,25,16
57399003,26,16,10,23,16,7,0,0,0,1,0,1,0,0,0,3,0,3,25,10,15,16,5,11,0,0,0,0,0,0,2,2,0,7,3,4,0,0,0
57399004,488,261,227,466,246,220,18,9,9,59,34,25,1,0,1,22,15,7,449,199,250,210,82,128,1,1,0,19,0,19,57,29,28,162,87,75,5,2,3
57399006,42,20,22,41,20,21,2,1,1,5,1,4,1,0,1,1,0,1,33,17,16,9,6,3,0,0,0,1,0,1,9,3,6,14,8,6,0,0,0
57399007,109,53,56,108,53,55,4,3,1,16,9,7,1,0,1,1,0,1,93,50,43,41,20,21,0,0,0,3,0,3,12,8,4,37,22,15,1,0,1
57399008,95,56,39,92,55,37,2,2,0,21,12,9,1,0,1,3,1,2,112,48,64,65,29,36,0,0,0,7,0,7,15,5,10,25,14,11,0,0,0
57401501,88,48,40,86,48,38,1,1,0,16,7,9,0,0,0,2,0,2,70,32,38,31,15,16,0,0,0,5,0,5,12,8,4,22,9,13,0,0,0
57401502,108,62,46,107,61,46,5,3,2,15,11,4,1,0,1,1,1,0,122,62,60,55,21,34,0,0,0,7,0,7,22,15,7,38,26,12,2,0,2
57401503,35,22,13,34,21,13,4,2,2,6,4,2,0,0,0,1,1,0,30,12,18,14,5,9,0,0,0,2,0,2,10,3,7,4,4,0,0,0,0
57401504,15,10,5,15,10,5,0,0,0,1,1,0,0,0,0,0,0,0,21,10,11,8,2,6,0,0,0,0,0,0,2,1,1,11,7,4,0,0,0
57401505,80,45,35,79,44,35,0,0,0,10,6,4,2,0,2,1,1,0,78,27,51,40,14,26,0,0,0,4,0,4,16,6,10,18,7,11,0,0,0
57402301,389,212,177,376,207,169,16,7,9,44,23,21,1,0,1,13,5,8,314,136,178,167,68,99,1,0,1,6,0,6,34,19,15,106,49,57,1,0,1
57403101,291,155,136,282,149,133,9,4,5,35,18,17,1,0,1,9,6,3,280,125,155,150,63,87,3,2,1,10,0,10,36,15,21,81,45,36,2,0,2
57404001,29,16,13,28,16,12,2,1,1,1,0,1,0,0,0,1,0,1,31,13,18,17,8,9,0,0,0,1,0,1,4,2,2,9,3,6,0,0,0
57404002,55,29,26,54,28,26,2,0,2,10,5,5,1,0,1,1,1,0,51,19,32,25,8,17,0,0,0,2,0,2,6,3,3,18,8,10,0,0,0
57404003,64,38,26,59,37,22,1,0,1,6,4,2,0,0,0,5,1,4,78,34,44,43,17,26,0,0,0,4,0,4,9,3,6,22,14,8,4,3,1
57404004,36,19,17,33,18,15,3,0,3,7,4,3,0,0,0,3,1,2,52,27,25,15,8,7,0,0,0,4,0,4,10,6,4,23,13,10,0,0,0
0386012,0,0,0,0,0,0,0,0,0,0,0,0,0,0,0,0,0,0,0,0,0,0,0,0,0,0,0,0,0,0,0,0,0,0,0,0,0,0,0
57405801,28,14,14,27,13,14,2,2,0,1,0,1,1,0,1,1,1,0,36,18,18,21,11,10,0,0,0,1,0,1,5,3,2,9,4,5,0,0,0
57405802,214,120,94,204,115,89,8,3,5,25,15,10,1,0,1,10,5,5,174,81,93,84,39,45,0,0,0,3,0,3,24,15,9,63,27,36,7,4,3
57405803,12,6,6,12,6,6,0,0,0,1,1,0,0,0,0,0,0,0,11,6,5,8,5,3,0,0,0,0,0,0,1,0,1,2,1,1,0,0,0
57406601,15,8,7,14,8,6,0,0,0,1,0,1,0,0,0,1,0,1,14,5,9,8,3,5,2,1,1,0,0,0,1,0,1,3,1,2,0,0,0
57406602,203,110,93,197,110,87,8,4,4,14,9,5,1,0,1,6,0,6,193,89,104,87,37,50,0,0,0,10,0,10,32,16,16,64,36,28,4,2,2
57406603,40,22,18,37,20,17,0,0,0,5,2,3,1,0,1,3,2,1,29,13,16,14,5,9,0,0,0,1,0,1,4,1,3,10,7,3,1,1,0
57407401,222,122,100,214,116,98,4,2,2,23,16,7,2,0,2,8,6,2,162,68,94,68,25,43,1,0,1,7,1,6,33,19,14,53,23,30,2,2,0
57407402,41,24,17,41,24,17,2,0,2,4,4,0,0,0,0,0,0,0,26,13,13,16,7,9,0,0,0,0,0,0,5,4,1,5,2,3,0,0,0
57407403,12,7,5,12,7,5,0,0,0,1,0,1,1,0,1,0,0,0,12,5,7,9,4,5,0,0,0,0,0,0,2,0,2,1,1,0,1,0,1
57407404,37,23,14,37,23,14,1,0,1,2,2,0,0,0,0,0,0,0,38,11,27,21,8,13,0,0,0,2,0,2,9,2,7,6,1,5,0,0,0
3123040,0,0,0,0,0,0,0,0,0,0,0,0,0,0,0,0,0,0,0,0,0,0,0,0,0,0,0,0,0,0,0,0,0,0,0,0,0,0,0
3382570,0,0,0,0,0,0,0,0,0,0,0,0,0,0,0,0,0,0,0,0,0,0,0,0,0,0,0,0,0,0,0,0,0,0,0,0,0,0,0
57408201,925,491,434,902,478,424,27,13,14,117,55,62,4,0,4,23,13,10,904,380,524,449,179,270,6,4,2,43,0,43,129,62,67,277,135,142,13,4,9
57408202,92,48,44,88,47,41,2,1,1,6,2,4,4,0,4,4,1,3,92,38,54,43,17,26,0,0,0,3,0,3,17,7,10,29,14,15,4,2,2
57408203,391,234,157,373,221,152,11,5,6,31,15,16,2,0,2,18,13,5,411,163,248,272,98,174,1,0,1,12,0,12,55,29,26,71,36,35,40,28,12
57408204,404,209,195,385,200,185,14,6,8,47,23,24,2,0,2,19,9,10,443,174,269,287,107,180,1,1,0,15,0,15,47,19,28,93,47,46,9,5,4
57408205,14,9,5,14,9,5,1,1,0,1,1,0,0,0,0,0,0,0,14,5,9,9,4,5,0,0,0,1,0,1,1,0,1,3,1,2,0,0,0
57408206,473,268,205,445,253,192,11,5,6,51,29,22,2,0,2,28,15,13,461,194,267,213,89,124,2,1,1,17,0,17,87,40,47,142,64,78,12,5,7
57408207,13,7,6,12,6,6,0,0,0,2,0,2,0,0,0,1,1,0,7,2,5,1,0,1,0,0,0,0,0,0,2,1,1,4,1,3,0,0,0
57408208,21,9,12,21,9,12,0,0,0,3,1,2,0,0,0,0,0,0,21,12,9,5,3,2,0,0,0,1,0,1,3,3,0,12,6,6,0,0,0
57408209,334,187,147,322,183,139,15,7,8,35,17,18,1,0,1,12,4,8,359,164,195,190,87,103,0,0,0,17,0,17,43,20,23,109,57,52,1,0,1
57408210,86,49,37,79,44,35,3,0,3,6,4,2,0,0,0,7,5,2,63,25,38,35,10,25,0,0,0,0,0,0,6,4,2,22,11,11,1,0,1
57408211,136,68,68,136,68,68,5,4,1,12,7,5,4,0,4,0,0,0,136,58,78,61,27,34,0,0,0,4,0,4,21,7,14,50,24,26,2,1,1
57408212,29,17,12,28,16,12,2,1,1,5,4,1,0,0,0,1,1,0,102,33,69,93,26,67,0,0,0,0,0,0,3,2,1,6,5,1,3,1,2
57411201,199,99,100,189,94,95,8,3,5,20,7,13,1,0,1,10,5,5,175,87,88,82,42,40,0,0,0,9,0,9,32,20,12,52,25,27,8,4,4
57411202,14,9,5,13,8,5,0,0,0,0,0,0,0,0,0,1,1,0,9,4,5,7,4,3,0,0,0,0,0,0,2,0,2,0,0,0,1,0,1
57411203,15,8,7,15,8,7,2,1,1,2,1,1,0,0,0,0,0,0,7,3,4,5,2,3,0,0,0,0,0,0,1,0,1,1,1,0,0,0,0
57411204,81,43,38,76,40,36,1,0,1,8,5,3,1,0,1,5,3,2,66,33,33,29,10,19,0,0,0,2,0,2,10,6,4,25,17,8,1,1,0
57411205,13,9,4,13,9,4,0,0,0,2,2,0,0,0,0,0,0,0,17,10,7,11,6,5,0,0,0,0,0,0,4,3,1,2,1,1,0,0,0
57411206,61,36,25,61,36,25,0,0,0,6,3,3,0,0,0,0,0,0,44,14,30,23,8,15,0,0,0,2,0,2,6,2,4,13,4,9,0,0,0
57411207,24,12,12,23,11,12,1,0,1,2,0,2,0,0,0,1,1,0,13,6,7,8,3,5,0,0,0,0,0,0,3,1,2,2,2,0,0,0,0
0574013,0,0,0,0,0,0,0,0,0,0,0,0,0,0,0,0,0,0,0,0,0,0,0,0,0,0,0,0,0,0,0,0,0,0,0,0,0,0,0
57412102,62,33,29,56,30,26,4,2,2,5,1,4,0,0,0,6,3,3,51,21,30,27,11,16,0,0,0,2,0,2,7,4,3,15,6,9,1,0,1
57412104,935,514,421,899,493,406,40,22,18,93,41,52,4,0,4,36,21,15,798,362,436,339,147,192,4,4,0,38,0,38,147,78,69,270,133,137,10,6,4
57412105,588,317,271,560,304,256,15,8,7,64,28,36,1,0,1,28,13,15,488,198,290,234,83,151,1,0,1,26,0,26,77,39,38,150,76,74,23,12,11
57412107,137,77,60,131,73,58,2,0,2,12,5,7,1,0,1,6,4,2,85,39,46,34,14,20,2,0,2,0,0,0,17,7,10,32,18,14,9,7,2
57412108,1379,748,631,1306,711,595,53,27,26,163,87,76,12,0,12,73,37,36,1333,548,785,755,277,478,2,2,0,47,0,47,207,105,102,322,164,158,33,16,17
57412109,318,186,132,307,181,126,13,7,6,39,26,13,2,0,2,11,5,6,247,103,144,118,45,73,1,1,0,14,0,14,45,22,23,69,35,34,1,1,0
57412110,604,321,283,585,309,276,31,12,19,96,52,44,4,0,4,19,12,7,685,290,395,440,178,262,0,0,0,21,0,21,86,43,43,138,69,69,2,1,1
57412111,67,37,30,62,33,29,4,3,1,13,4,9,0,0,0,5,4,1,55,28,27,32,15,17,0,0,0,2,0,2,8,6,2,13,7,6,1,0,1
57412112,9,4,5,8,3,5,0,0,0,1,0,1,0,0,0,1,1,0,13,5,8,7,3,4,0,0,0,1,0,1,1,0,1,4,2,2,0,0,0
57412113,253,131,122,243,125,118,11,7,4,37,20,17,3,0,3,10,6,4,230,104,126,101,42,59,0,0,0,11,0,11,28,12,16,90,50,40,0,0,0
57412114,132,71,61,130,70,60,9,2,7,23,13,10,0,0,0,2,1,1,104,48,56,55,21,34,0,0,0,3,0,3,16,7,9,30,20,10,1,0,1
57412115,122,70,52,122,70,52,4,1,3,15,7,8,0,0,0,0,0,0,81,34,47,30,13,17,0,0,0,5,1,4,18,6,12,28,14,14,1,0,1
57412116,718,406,312,638,365,273,23,9,14,74,37,37,3,0,3,80,41,39,775,349,426,242,99,143,1,1,0,32,1,31,217,106,111,283,142,141,44,21,23
57412117,234,136,98,228,130,98,9,4,5,32,19,13,0,0,0,6,6,0,226,107,119,93,36,57,0,0,0,10,0,10,42,26,16,81,45,36,5,1,4
57412118,127,66,61,121,64,57,5,2,3,12,6,6,2,0,2,6,2,4,119,57,62,56,23,33,0,0,0,3,0,3,18,9,9,42,25,17,3,2,1
57412119,137,73,64,130,70,60,7,2,5,12,6,6,2,0,2,7,3,4,145,58,87,63,24,39,1,1,0,7,0,7,28,14,14,46,19,27,1,0,1
57412120,86,50,36,82,47,35,2,1,1,14,10,4,1,0,1,4,3,1,79,37,42,40,15,25,0,0,0,3,0,3,13,8,5,23,14,9,0,0,0
57412122,207,130,77,178,109,69,6,1,5,13,5,8,0,0,0,29,21,8,162,81,81,63,32,31,1,1,0,6,0,6,49,27,22,43,21,22,54,45,9
57413901,380,207,173,359,194,165,14,7,7,35,17,18,1,0,1,21,13,8,352,166,186,149,65,84,0,0,0,23,1,22,70,37,33,110,63,47,4,2,2
57414701,69,44,25,65,41,24,1,1,0,12,8,4,0,0,0,4,3,1,62,31,31,40,16,24,0,0,0,0,0,0,4,2,2,18,13,5,1,1,0
57415501,218,138,80,210,132,78,5,4,1,15,12,3,1,0,1,8,6,2,194,84,110,96,40,56,1,0,1,9,0,9,35,12,23,53,32,21,9,6,3
57416301,91,61,30,85,57,28,2,2,0,8,5,3,0,0,0,6,4,2,85,38,47,38,14,24,0,0,0,8,0,8,16,10,6,23,14,9,2,0,2
57417101,197,110,87,187,107,80,8,5,3,18,11,7,2,0,2,10,3,7,224,110,114,102,48,54,0,0,0,7,0,7,36,23,13,79,39,40,3,2,1
57418001,81,48,33,78,46,32,3,2,1,8,4,4,1,0,1,3,2,1,60,27,33,21,10,11,0,0,0,5,0,5,14,6,8,20,11,9,1,0,1
57418002,35,22,13,33,20,13,0,0,0,2,2,0,0,0,0,2,2,0,28,14,14,19,7,12,0,0,0,0,0,0,3,2,1,6,5,1,0,0,0
57418003,28,18,10,28,18,10,1,1,0,3,2,1,0,0,0,0,0,0,35,13,22,12,5,7,0,0,0,4,0,4,10,4,6,9,4,5,0,0,0
57421002,58,34,24,56,32,24,1,0,1,5,3,2,1,0,1,2,2,0,65,32,33,22,13,9,0,0,0,6,0,6,14,6,8,23,13,10,0,0,0
57421003,235,140,95,227,135,92,3,0,3,17,10,7,2,0,2,8,5,3,251,101,150,138,56,82,0,0,0,11,0,11,33,16,17,69,29,40,6,5,1
57421004,45,26,19,44,26,18,1,1,0,6,3,3,1,0,1,1,0,1,63,26,37,39,17,22,0,0,0,2,1,1,6,3,3,16,5,11,1,1,0
57421005,161,82,79,159,81,78,2,1,1,17,10,7,1,0,1,2,1,1,154,67,87,86,36,50,0,0,0,7,0,7,24,14,10,37,17,20,3,1,2
57422801,241,131,110,232,124,108,15,5,10,26,11,15,1,0,1,9,7,2,233,100,133,137,65,72,0,0,0,5,0,5,33,8,25,58,27,31,1,1,0
57423601,63,33,30,61,32,29,2,1,1,6,4,2,0,0,0,2,1,1,62,27,35,39,18,21,0,0,0,0,0,0,5,3,2,18,6,12,1,1,0
57424401,122,68,54,114,63,51,1,0,1,14,9,5,2,0,2,8,5,3,100,48,52,39,21,18,0,0,0,8,0,8,30,15,15,23,12,11,0,0,0
57425201,46,29,17,40,24,16,1,1,0,6,4,2,0,0,0,6,5,1,57,26,31,30,11,19,0,0,0,3,0,3,9,5,4,15,10,5,2,1,1
57425202,142,72,70,128,68,60,6,2,4,10,6,4,1,0,1,14,4,10,107,55,52,53,22,31,0,0,0,1,0,1,17,10,7,36,23,13,1,0,1
57425203,551,286,265,511,261,250,14,6,8,62,34,28,5,0,5,40,25,15,618,258,360,380,150,230,0,0,0,18,0,18,71,32,39,149,76,73,18,6,12
57425204,55,30,25,45,27,18,0,0,0,4,3,1,0,0,0,10,3,7,52,26,26,23,12,11,0,0,0,4,0,4,12,8,4,13,6,7,2,1,1
57425206,40,22,18,39,21,18,1,0,1,3,2,1,0,0,0,1,1,0,33,20,13,17,10,7,0,0,0,1,0,1,6,4,2,9,6,3,2,0,2
57425207,127,79,48,121,76,45,1,0,1,11,9,2,1,0,1,6,3,3,111,51,60,50,19,31,1,1,0,4,0,4,16,6,10,40,25,15,1,0,1
57425208,121,76,45,111,72,39,3,3,0,10,6,4,0,0,0,10,4,6,143,57,86,96,40,56,0,0,0,1,0,1,14,6,8,32,11,21,2,2,0
57426101,29,18,11,29,18,11,0,0,0,1,1,0,0,0,0,0,0,0,25,16,9,8,3,5,0,0,0,1,0,1,7,6,1,9,7,2,0,0,0
57426102,16,8,8,16,8,8,0,0,0,0,0,0,0,0,0,0,0,0,16,9,7,8,4,4,0,0,0,0,0,0,1,0,1,7,5,2,0,0,0
57426103,42,29,13,41,28,13,0,0,0,6,4,2,2,0,2,1,1,0,36,14,22,16,6,10,0,0,0,2,0,2,9,4,5,9,4,5,1,1,0
57426104,18,10,8,18,10,8,0,0,0,4,1,3,0,0,0,0,0,0,18,9,9,7,3,4,0,0,0,0,0,0,3,2,1,8,4,4,0,0,0
57426105,189,106,83,186,104,82,8,5,3,16,9,7,1,0,1,3,2,1,179,82,97,72,31,41,1,0,1,10,0,10,32,16,16,64,35,29,3,2,1
3202260,0,0,0,0,0,0,0,0,0,0,0,0,0,0,0,0,0,0,0,0,0,0,0,0,0,0,0,0,0,0,0,0,0,0,0,0,0,0,0
3316510,0,0,0,0,0,0,0,0,0,0,0,0,0,0,0,0,0,0,0,0,0,0,0,0,0,0,0,0,0,0,0,0,0,0,0,0,0,0,0
3381170,0,0,0,0,0,0,0,0,0,0,0,0,0,0,0,0,0,0,0,0,0,0,0,0,0,0,0,0,0,0,0,0,0,0,0,0,0,0,0
57427902,671,364,307,646,350,296,10,7,3,97,56,41,6,0,6,25,14,11,698,321,377,401,171,230,1,0,1,13,0,13,73,46,27,210,104,106,5,0,5
57427903,51,25,26,49,24,25,3,1,2,7,2,5,1,0,1,2,1,1,52,27,25,27,15,12,0,0,0,2,0,2,10,5,5,13,7,6,0,0,0
57427904,115,67,48,112,66,46,4,1,3,8,4,4,0,0,0,3,1,2,118,50,68,50,20,30,0,0,0,5,0,5,21,8,13,42,22,20,2,2,0
57427905,242,136,106,237,134,103,11,6,5,27,17,10,3,0,3,5,2,3,203,75,128,75,28,47,0,0,0,11,0,11,35,17,18,82,30,52,0,0,0
57427906,140,74,66,137,73,64,4,0,4,22,10,12,1,0,1,3,1,2,109,50,59,61,25,36,0,0,0,2,1,1,8,6,2,38,18,20,3,1,2
57427907,481,247,234,459,235,224,19,8,11,59,28,31,1,0,1,22,12,10,544,224,320,349,130,219,3,0,3,14,0,14,53,31,22,125,63,62,3,0,3
57427908,759,404,355,723,386,337,27,16,11,79,43,36,6,0,6,36,18,18,705,282,423,412,158,254,0,0,0,27,0,27,96,49,47,170,75,95,8,3,5
57427909,544,309,235,528,296,232,24,12,12,68,31,37,3,0,3,16,13,3,506,214,292,271,108,163,2,0,2,25,0,25,74,35,39,134,71,63,32,20,12
57427910,66,34,32,65,33,32,1,1,0,11,5,6,2,0,2,1,1,0,73,37,36,36,16,20,0,0,0,2,0,2,12,9,3,23,12,11,1,0,1
57427911,1312,717,595,1277,692,585,60,25,35,186,104,82,9,0,9,35,25,10,1249,541,708,675,272,403,4,4,0,51,1,50,159,79,80,360,185,175,2,2,0
57427912,79,43,36,77,43,34,4,1,3,12,9,3,1,0,1,2,0,2,48,22,26,20,9,11,0,0,0,2,0,2,7,4,3,19,9,10,0,0,0
57427913,28,19,9,27,18,9,0,0,0,1,1,0,0,0,0,1,1,0,24,13,11,13,4,9,0,0,0,1,0,1,5,5,0,5,4,1,0,0,0
1073102,0,0,0,0,0,0,0,0,0,0,0,0,0,0,0,0,0,0,0,0,0,0,0,0,0,0,0,0,0,0,0,0,0,0,0,0,0,0,0
1073360,0,0,0,0,0,0,0,0,0,0,0,0,0,0,0,0,0,0,0,0,0,0,0,0,0,0,0,0,0,0,0,0,0,0,0,0,0,0,0
57428703,389,209,180,377,202,175,17,9,8,30,14,16,2,0,2,12,7,5,370,164,206,149,64,85,0,0,0,13,0,13,65,34,31,143,66,77,4,2,2
57428704,22,11,11,20,11,9,3,1,2,5,3,2,1,0,1,2,0,2,10,7,3,5,3,2,0,0,0,0,0,0,1,1,0,4,3,1,1,1,0
57429501,172,95,77,167,91,76,12,7,5,19,11,8,0,0,0,5,4,1,163,71,92,75,29,46,0,0,0,10,0,10,32,19,13,46,23,23,2,1,1
57431701,169,89,80,160,86,74,7,4,3,19,9,10,1,0,1,9,3,6,163,76,87,87,44,43,0,0,0,12,0,12,38,20,18,26,12,14,3,2,1
57434101,72,42,30,70,41,29,5,3,2,12,6,6,1,0,1,2,1,1,59,27,32,33,15,18,0,0,0,0,0,0,4,3,1,22,9,13,0,0,0
57434102,29,16,13,29,16,13,0,0,0,4,1,3,0,0,0,0,0,0,31,11,20,19,8,11,0,0,0,2,0,2,5,2,3,5,1,4,0,0,0
57434104,128,69,59,126,68,58,3,1,2,12,8,4,2,0,2,2,1,1,96,46,50,47,22,25,0,0,0,4,0,4,13,7,6,32,17,15,0,0,0
57434105,598,318,280,550,293,257,15,8,7,49,28,21,3,0,3,48,25,23,543,261,282,253,113,140,0,0,0,19,1,18,86,53,33,185,94,91,31,16,15
57434106,37,20,17,35,20,15,1,1,0,1,1,0,0,0,0,2,0,2,24,7,17,13,4,9,0,0,0,1,0,1,2,1,1,8,2,6,0,0,0
57434107,1003,530,473,975,518,457,41,24,17,116,60,56,11,1,10,28,12,16,1234,543,691,727,287,440,3,2,1,38,0,38,146,81,65,320,173,147,7,1,6
1339063,0,0,0,0,0,0,0,0,0,0,0,0,0,0,0,0,0,0,0,0,0,0,0,0,0,0,0,0,0,0,0,0,0,0,0,0,0,0,0
1339140,0,0,0,0,0,0,0,0,0,0,0,0,0,0,0,0,0,0,0,0,0,0,0,0,0,0,0,0,0,0,0,0,0,0,0,0,0,0,0
57435001,79,37,42,78,36,42,4,0,4,8,2,6,1,0,1,1,1,0,60,33,27,25,12,13,0,0,0,1,0,1,9,6,3,25,15,10,1,1,0
57435002,195,109,86,193,109,84,7,6,1,21,12,9,1,0,1,2,0,2,161,71,90,50,18,32,1,1,0,11,0,11,34,17,17,65,35,30,0,0,0
57435003,17,10,7,17,10,7,0,0,0,3,3,0,0,0,0,0,0,0,12,5,7,4,1,3,0,0,0,0,0,0,1,1,0,7,3,4,0,0,0
57435004,46,27,19,45,26,19,1,1,0,7,4,3,1,0,1,1,1,0,30,16,14,13,6,7,0,0,0,2,0,2,9,6,3,6,4,2,0,0,0
57435005,10,5,5,10,5,5,1,0,1,1,1,0,0,0,0,0,0,0,15,7,8,2,1,1,0,0,0,1,0,1,1,1,0,11,5,6,0,0,0
57435007,293,166,127,280,158,122,9,4,5,33,16,17,1,0,1,13,8,5,271,123,148,118,51,67,0,0,0,13,0,13,44,23,21,96,49,47,2,1,1
57436801,102,60,42,99,60,39,1,1,0,17,11,6,2,0,2,3,0,3,83,36,47,36,15,21,0,0,0,4,0,4,20,10,10,23,11,12,0,0,0
57437601,39,21,18,37,19,18,3,3,0,2,2,0,2,0,2,2,2,0,33,18,15,8,3,5,0,0,0,0,0,0,4,3,1,21,12,9,0,0,0
57437603,311,168,143,297,158,139,7,3,4,27,14,13,3,0,3,14,10,4,284,115,169,116,46,70,1,0,1,12,0,12,44,20,24,111,49,62,5,4,1
57438401,86,50,36,82,49,33,3,2,1,6,5,1,0,0,0,4,1,3,85,38,47,35,17,18,0,0,0,9,0,9,19,9,10,22,12,10,1,1,0
57438402,119,65,54,114,62,52,2,0,2,17,5,12,0,0,0,5,3,2,74,36,38,39,22,17,1,1,0,3,0,3,11,5,6,20,8,12,0,0,0
57440601,41,21,20,40,20,20,1,0,1,4,3,1,0,0,0,1,1,0,28,9,19,13,5,8,0,0,0,1,0,1,6,2,4,8,2,6,1,1,0
57440602,146,81,65,140,78,62,6,0,6,11,8,3,0,0,0,6,3,3,153,66,87,75,29,46,0,0,0,7,0,7,25,10,15,46,27,19,4,3,1
57440603,124,65,59,123,64,59,2,1,1,10,6,4,1,0,1,1,1,0,111,47,64,48,21,27,0,0,0,7,0,7,24,10,14,32,16,16,4,2,2
57442202,19,10,9,18,10,8,1,0,1,3,1,2,0,0,0,1,0,1,26,14,12,13,8,5,0,0,0,3,0,3,8,5,3,2,1,1,0,0,0
57442203,143,81,62,131,74,57,4,2,2,13,4,9,1,0,1,12,7,5,124,54,70,65,27,38,0,0,0,7,0,7,16,9,7,36,18,18,0,0,0
57443101,132,75,57,126,71,55,5,4,1,24,9,15,0,0,0,6,4,2,125,59,66,56,27,29,0,0,0,6,0,6,22,13,9,41,19,22,0,0,0
57445701,25,14,11,25,14,11,1,0,1,2,1,1,0,0,0,0,0,0,33,9,24,15,5,10,0,0,0,2,0,2,4,1,3,12,3,9,0,0,0
57445702,131,72,59,126,70,56,9,2,7,14,8,6,2,0,2,5,2,3,112,49,63,47,19,28,0,0,0,7,0,7,27,15,12,31,15,16,1,0,1
57446501,43,24,19,40,22,18,1,1,0,7,3,4,0,0,0,3,2,1,45,22,23,25,13,12,0,0,0,1,0,1,7,3,4,12,6,6,2,1,1
57446502,37,24,13,36,23,13,1,1,0,3,2,1,0,0,0,1,1,0,38,16,22,24,8,16,0,0,0,2,0,2,4,4,0,8,4,4,0,0,0
57446503,21,10,11,20,10,10,0,0,0,3,1,2,0,0,0,1,0,1,20,11,9,10,3,7,1,1,0,0,0,0,2,1,1,7,6,1,0,0,0
57446504,195,105,90,189,103,86,6,2,4,25,9,16,0,0,0,6,2,4,207,96,111,108,50,58,0,0,0,12,0,12,37,15,22,50,31,19,5,2,3
57448101,21,10,11,21,10,11,0,0,0,6,3,3,0,0,0,0,0,0,26,12,14,7,3,4,1,0,1,0,0,0,3,1,2,15,8,7,0,0,0
57448102,24,12,12,23,11,12,1,0,1,3,1,2,0,0,0,1,1,0,15,8,7,8,3,5,0,0,0,1,1,0,1,1,0,5,3,2,0,0,0
57448103,82,48,34,76,45,31,2,2,0,10,6,4,0,0,0,6,3,3,68,33,35,37,21,16,0,0,0,6,0,6,13,5,8,12,7,5,0,0,0
57448104,185,104,81,184,104,80,7,3,4,19,12,7,1,0,1,1,0,1,169,68,101,72,30,42,0,0,0,10,0,10,31,13,18,56,25,31,5,5,0
57448105,16,13,3,15,12,3,0,0,0,4,3,1,0,0,0,1,1,0,22,12,10,10,4,6,0,0,0,1,0,1,3,1,2,8,7,1,0,0,0
57448106,26,16,10,25,15,10,0,0,0,1,1,0,1,0,1,1,1,0,29,16,13,15,8,7,0,0,0,0,0,0,7,2,5,7,6,1,2,1,1
57448107,156,83,73,153,80,73,6,0,6,15,6,9,1,0,1,3,3,0,139,61,78,66,27,39,0,0,0,4,0,4,15,10,5,54,24,30,0,0,0
57448108,50,28,22,47,27,20,1,0,1,6,4,2,0,0,0,3,1,2,43,17,26,17,7,10,0,0,0,5,0,5,9,4,5,12,6,6,1,0,1
57449001,31,21,10,30,21,9,0,0,0,2,1,1,0,0,0,1,0,1,19,8,11,11,4,7,0,0,0,0,0,0,2,1,1,6,3,3,0,0,0
57449002,172,101,71,166,97,69,3,1,2,15,8,7,0,0,0,6,4,2,155,69,86,70,31,39,1,1,0,7,0,7,25,13,12,52,24,28,2,2,0
57451101,152,80,72,144,77,67,4,1,3,19,10,9,0,0,0,8,3,5,129,61,68,67,33,34,0,0,0,2,0,2,15,8,7,45,20,25,3,2,1
57453801,33,19,14,32,19,13,1,1,0,8,4,4,0,0,0,1,0,1,27,15,12,17,8,9,0,0,0,1,0,1,2,2,0,7,5,2,0,0,0
57453802,23,18,5,23,18,5,0,0,0,4,3,1,0,0,0,0,0,0,17,9,8,5,2,3,0,0,0,2,0,2,4,3,1,6,4,2,0,0,0
57453803,104,67,37,95,62,33,2,1,1,16,10,6,1,0,1,9,5,4,130,52,78,69,22,47,0,0,0,8,0,8,18,10,8,35,20,15,1,1,0
57453804,54,33,21,51,30,21,2,2,0,9,5,4,0,0,0,3,3,0,53,18,35,19,6,13,0,0,0,5,0,5,14,5,9,15,7,8,3,1,2
57453805,21,15,6,21,15,6,0,0,0,3,2,1,1,0,1,0,0,0,37,18,19,20,9,11,0,0,0,2,0,2,7,4,3,8,5,3,1,0,1
57453806,47,26,21,45,25,20,1,1,0,6,4,2,0,0,0,2,1,1,40,21,19,19,6,13,0,0,0,0,0,0,3,2,1,18,13,5,2,1,1
57453810,12,6,6,12,6,6,0,0,0,3,2,1,0,0,0,0,0,0,8,3,5,2,0,2,0,0,0,0,0,0,1,1,0,5,2,3,0,0,0
57453811,378,215,163,354,204,150,7,2,5,48,26,22,0,0,0,24,11,13,400,192,208,234,102,132,0,0,0,11,0,11,46,26,20,109,64,45,8,4,4
57453812,83,51,32,74,45,29,7,5,2,9,6,3,0,0,0,9,6,3,84,37,47,33,12,21,0,0,0,3,0,3,18,9,9,30,16,14,1,1,0
57454601,110,61,49,107,60,47,6,3,3,13,6,7,1,0,1,3,1,2,80,40,40,35,16,19,0,0,0,6,0,6,13,7,6,26,17,9,2,1,1
57454602,301,158,143,296,157,139,13,6,7,38,22,16,1,0,1,5,1,4,252,127,125,117,57,60,0,0,0,8,0,8,34,19,15,93,51,42,7,3,4
57454603,74,39,35,74,39,35,4,1,3,7,2,5,1,0,1,0,0,0,47,26,21,20,11,9,0,0,0,2,0,2,10,5,5,15,10,5,0,0,0
57454604,36,20,16,35,20,15,2,2,0,6,4,2,2,0,2,1,0,1,38,17,21,16,6,10,0,0,0,0,0,0,4,1,3,18,10,8,0,0,0
57454605,34,20,14,33,20,13,1,0,1,2,2,0,0,0,0,1,0,1,23,9,14,11,4,7,0,0,0,2,0,2,3,2,1,7,3,4,0,0,0
57455401,108,63,45,107,63,44,2,2,0,25,11,14,1,0,1,1,0,1,87,38,49,40,16,24,0,0,0,6,0,6,16,10,6,25,12,13,0,0,0
57455402,294,167,127,287,164,123,10,8,2,23,14,9,2,0,2,7,3,4,230,91,139,108,38,70,0,0,0,17,0,17,42,22,20,63,31,32,3,2,1
57456201,326,188,138,316,182,134,16,10,6,26,12,14,1,0,1,10,6,4,303,129,174,147,65,82,3,3,0,14,0,14,53,24,29,86,37,49,3,2,1
57456203,15,10,5,15,10,5,0,0,0,2,2,0,0,0,0,0,0,0,20,9,11,10,5,5,0,0,0,2,0,2,5,3,2,3,1,2,0,0,0
57456204,22,17,5,21,17,4,0,0,0,3,3,0,0,0,0,1,0,1,22,10,12,14,6,8,1,1,0,1,0,1,4,3,1,2,0,2,0,0,0
57457101,8,4,4,8,4,4,1,0,1,0,0,0,0,0,0,0,0,0,16,10,6,13,8,5,0,0,0,0,0,0,0,0,0,3,2,1,0,0,0
57457102,174,98,76,167,94,73,4,2,2,20,9,11,1,0,1,7,4,3,144,71,73,60,29,31,1,1,0,5,0,5,28,15,13,50,26,24,3,2,1
57457103,28,19,9,28,19,9,0,0,0,2,1,1,0,0,0,0,0,0,22,6,16,8,2,6,1,0,1,1,0,1,2,0,2,10,4,6,0,0,0
57458901,163,98,65,153,92,61,2,1,1,20,10,10,2,1,1,10,6,4,146,70,76,72,35,37,0,0,0,4,0,4,14,8,6,56,27,29,4,1,3
57460101,37,19,18,36,18,18,0,0,0,2,1,1,0,0,0,1,1,0,32,12,20,10,3,7,0,0,0,1,0,1,4,2,2,17,7,10,0,0,0
57460102,157,80,77,152,77,75,8,2,6,8,5,3,1,0,1,5,3,2,148,70,78,65,27,38,0,0,0,4,0,4,17,9,8,62,34,28,0,0,0
57462701,72,45,27,70,43,27,0,0,0,5,4,1,1,0,1,2,2,0,65,25,40,23,8,15,0,0,0,3,0,3,17,6,11,22,11,11,0,0,0
57463501,97,59,38,95,57,38,1,0,1,17,12,5,1,0,1,2,2,0,91,43,48,34,16,18,1,0,1,5,0,5,22,12,10,29,15,14,2,1,1
57463503,36,22,14,36,22,14,1,0,1,5,4,1,1,0,1,0,0,0,54,27,27,24,13,11,0,0,0,2,0,2,8,2,6,20,12,8,1,1,0
57464301,248,140,108,235,131,104,7,3,4,28,14,14,1,0,1,13,9,4,232,104,128,102,48,54,0,0,0,7,0,7,31,13,18,92,43,49,2,1,1
57465101,124,73,51,121,71,50,3,1,2,22,12,10,1,0,1,3,2,1,89,40,49,24,8,16,0,0,0,4,0,4,28,13,15,33,19,14,3,2,1
57465102,93,49,44,91,48,43,1,0,1,5,2,3,0,0,0,2,1,1,84,48,36,27,13,14,0,0,0,5,0,5,18,14,4,34,21,13,0,0,0
57465103,53,31,22,52,30,22,1,0,1,9,5,4,0,0,0,1,1,0,44,21,23,18,8,10,0,0,0,1,0,1,7,5,2,18,8,10,0,0,0
57465104,30,17,13,30,17,13,1,1,0,7,5,2,0,0,0,0,0,0,23,13,10,8,4,4,0,0,0,1,0,1,6,4,2,8,5,3,1,0,1
57466001,20,12,8,20,12,8,0,0,0,1,1,0,0,0,0,0,0,0,9,5,4,6,3,3,0,0,0,0,0,0,0,0,0,3,2,1,0,0,0
57466002,67,33,34,60,30,30,1,0,1,4,1,3,2,0,2,7,3,4,41,18,23,15,8,7,0,0,0,2,0,2,9,4,5,15,6,9,2,1,1
57466003,90,52,38,88,50,38,2,2,0,7,5,2,1,0,1,2,2,0,73,39,34,28,11,17,0,0,0,2,0,2,13,10,3,30,18,12,1,0,1
57466005,73,48,25,70,45,25,2,1,1,5,5,0,2,0,2,3,3,0,63,24,39,19,5,14,0,0,0,5,0,5,11,6,5,28,13,15,2,2,0
57468601,326,179,147,315,174,141,4,0,4,36,25,11,1,0,1,11,5,6,296,134,162,129,50,79,0,0,0,18,1,17,59,30,29,90,53,37,4,2,2
57469402,285,154,131,276,151,125,13,4,9,28,18,10,1,0,1,9,3,6,276,117,159,132,54,78,0,0,0,10,0,10,45,22,23,89,41,48,2,1,1
57470802,149,84,65,147,84,63,4,2,2,19,11,8,1,0,1,2,0,2,127,62,65,46,23,23,0,0,0,5,0,5,28,15,13,48,24,24,1,1,0
54864201,46,25,21,45,24,21,0,0,0,5,3,2,0,0,0,1,1,0,37,14,23,10,4,6,0,0,0,3,0,3,4,1,3,20,9,11,1,1,0
54864202,34,19,15,34,19,15,0,0,0,3,1,2,1,0,1,0,0,0,40,18,22,16,6,10,0,0,0,0,0,0,8,6,2,16,6,10,0,0,0
54864203,53,34,19,52,33,19,3,3,0,8,7,1,0,0,0,1,1,0,51,30,21,20,10,10,0,0,0,3,0,3,10,6,4,18,14,4,1,1,0
54864204,47,23,24,46,23,23,1,0,1,1,0,1,2,0,2,1,0,1,47,23,24,22,11,11,0,0,0,2,0,2,4,3,1,19,9,10,1,1,0
54865101,89,51,38,87,49,38,3,3,0,6,3,3,2,0,2,2,2,0,69,32,37,26,10,16,0,0,0,5,0,5,16,8,8,22,14,8,1,0,1
54866902,149,85,64,145,84,61,2,0,2,18,7,11,1,0,1,4,1,3,129,57,72,44,22,22,0,0,0,8,0,8,30,14,16,47,21,26,1,0,1
54868502,50,27,23,49,27,22,2,1,1,6,4,2,0,0,0,1,0,1,49,29,20,18,10,8,0,0,0,2,0,2,6,2,4,23,17,6,0,0,0
54869301,25,16,9,25,16,9,0,0,0,1,1,0,0,0,0,0,0,0,17,5,12,6,3,3,0,0,0,2,1,1,5,1,4,4,0,4,0,0,0
54869302,59,36,23,57,36,21,0,0,0,5,2,3,0,0,0,2,0,2,62,24,38,29,12,17,0,0,0,3,0,3,16,6,10,14,6,8,2,1,1
54870701,16,10,6,16,10,6,0,0,0,1,1,0,0,0,0,0,0,0,14,4,10,5,1,4,0,0,0,0,0,0,3,0,3,6,3,3,0,0,0
54870702,66,39,27,65,39,26,3,2,1,6,3,3,0,0,0,1,0,1,57,27,30,26,13,13,0,0,0,3,0,3,10,5,5,18,9,9,1,1,0
54872302,64,35,29,62,34,28,4,2,2,3,3,0,0,0,0,2,1,1,71,27,44,31,12,19,0,0,0,5,0,5,19,10,9,16,5,11,1,0,1
54875801,32,18,14,32,18,14,0,0,0,9,6,3,0,0,0,0,0,0,17,8,9,14,6,8,0,0,0,0,0,0,0,0,0,3,2,1,0,0,0
54878201,52,29,23,51,28,23,1,1,0,5,4,1,1,0,1,1,1,0,58,24,34,28,12,16,0,0,0,1,0,1,8,2,6,21,10,11,0,0,0
54879101,35,23,12,33,21,12,1,1,0,4,4,0,0,0,0,2,2,0,41,17,24,23,9,14,0,0,0,2,0,2,7,5,2,9,3,6,1,0,1
1441690,0,0,0,0,0,0,0,0,0,0,0,0,0,0,0,0,0,0,0,0,0,0,0,0,0,0,0,0,0,0,0,0,0,0,0,0,0,0,0
1441770,0,0,0,0,0,0,0,0,0,0,0,0,0,0,0,0,0,0,0,0,0,0,0,0,0,0,0,0,0,0,0,0,0,0,0,0,0,0,0
1441850,0,0,0,0,0,0,0,0,0,0,0,0,0,0,0,0,0,0,0,0,0,0,0,0,0,0,0,0,0,0,0,0,0,0,0,0,0,0,0
3216050,0,0,0,0,0,0,0,0,0,0,0,0,0,0,0,0,0,0,0,0,0,0,0,0,0,0,0,0,0,0,0,0,0,0,0,0,0,0,0
3312440,0,0,0,0,0,0,0,0,0,0,0,0,0,0,0,0,0,0,0,0,0,0,0,0,0,0,0,0,0,0,0,0,0,0,0,0,0,0,0
3380950,0,0,0,0,0,0,0,0,0,0,0,0,0,0,0,0,0,0,0,0,0,0,0,0,0,0,0,0,0,0,0,0,0,0,0,0,0,0,0
57606901,17,7,10,15,6,9,2,0,2,0,0,0,0,0,0,2,1,1,6,3,3,4,3,1,0,0,0,0,0,0,1,0,1,1,0,1,0,0,0
57606902,296,167,129,290,165,125,12,6,6,37,21,16,2,0,2,6,2,4,228,93,135,94,38,56,0,0,0,11,0,11,35,15,20,88,40,48,1,0,1
57606904,31,16,15,29,14,15,4,1,3,5,2,3,0,0,0,2,2,0,16,4,12,10,3,7,0,0,0,0,0,0,0,0,0,6,1,5,0,0,0
57606905,194,107,87,189,105,84,10,5,5,10,6,4,3,0,3,5,2,3,115,49,66,38,14,24,0,0,0,5,0,5,33,14,19,39,21,18,1,0,1
57606906,52,27,25,51,26,25,1,0,1,7,4,3,0,0,0,1,1,0,37,19,18,14,6,8,2,1,1,1,0,1,4,2,2,16,10,6,0,0,0
57606907,54,27,27,53,27,26,0,0,0,4,2,2,0,0,0,1,0,1,55,26,29,26,12,14,1,1,0,0,0,0,7,3,4,21,10,11,1,0,1
57606908,159,90,69,155,88,67,4,3,1,11,7,4,5,0,5,4,2,2,149,63,86,70,32,38,0,0,0,10,1,9,32,11,21,37,19,18,2,0,2
57606909,58,37,21,56,36,20,1,1,0,7,4,3,0,0,0,2,1,1,67,32,35,31,14,17,0,0,0,5,0,5,14,7,7,17,11,6,1,1,0
57606910,134,88,46,125,82,43,3,3,0,13,10,3,1,0,1,9,6,3,128,63,65,61,30,31,0,0,0,7,0,7,30,18,12,30,15,15,3,0,3
57606911,541,298,243,532,292,240,33,12,21,72,38,34,3,0,3,9,6,3,489,188,301,275,100,175,3,3,0,21,0,21,58,31,27,132,54,78,1,1,0
57606912,566,323,243,545,311,234,22,12,10,66,30,36,3,0,3,21,12,9,532,193,339,299,88,211,2,1,1,16,0,16,64,28,36,151,76,75,13,9,4
57606913,480,255,225,466,250,216,16,6,10,44,18,26,3,0,3,14,5,9,368,166,202,130,55,75,2,2,0,19,0,19,64,32,32,153,77,76,3,1,2
57606914,883,481,402,849,465,384,29,14,15,118,55,63,7,0,7,34,16,18,693,296,397,379,153,226,2,1,1,20,0,20,102,50,52,190,92,98,41,33,8
57606915,2219,1182,1037,2162,1164,998,78,39,39,238,107,131,11,0,11,57,18,39,1859,727,1132,990,342,648,10,8,2,72,0,72,251,116,135,536,261,275,24,10,14
57606916,40,21,19,40,21,19,3,0,3,2,2,0,2,0,2,0,0,0,31,17,14,2,1,1,0,0,0,4,0,4,15,10,5,10,6,4,0,0,0
57607701,520,290,230,508,285,223,17,4,13,49,22,27,5,0,5,12,5,7,522,210,312,286,99,187,1,1,0,22,0,22,83,41,42,130,69,61,2,2,0
3178960,0,0,0,0,0,0,0,0,0,0,0,0,0,0,0,0,0,0,0,0,0,0,0,0,0,0,0,0,0,0,0,0,0,0,0,0,0,0,0
57608501,162,89,73,159,89,70,4,2,2,11,3,8,1,0,1,3,0,3,151,75,76,73,30,43,0,0,0,5,0,5,18,8,10,55,37,18,3,3,0
57608502,27,17,10,27,17,10,2,1,1,3,2,1,0,0,0,0,0,0,25,13,12,13,6,7,0,0,0,1,0,1,4,2,2,7,5,2,0,0,0
0010310,0,0,0,0,0,0,0,0,0,0,0,0,0,0,0,0,0,0,0,0,0,0,0,0,0,0,0,0,0,0,0,0,0,0,0,0,0,0,0
57609301,59,30,29,57,30,27,4,2,2,8,5,3,0,0,0,2,0,2,53,23,30,23,9,14,0,0,0,0,0,0,0,0,0,30,14,16,3,3,0
57609304,55,28,27,55,28,27,3,2,1,27,11,16,0,0,0,0,0,0,21,13,8,9,6,3,0,0,0,1,0,1,5,3,2,6,4,2,2,1,1
57610701,145,83,62,142,80,62,4,3,1,9,3,6,3,0,3,3,3,0,159,77,82,60,29,31,0,0,0,8,0,8,32,16,16,59,32,27,1,0,1
57610702,154,89,65,152,89,63,6,3,3,11,5,6,2,0,2,2,0,2,105,42,63,50,17,33,0,0,0,2,0,2,18,6,12,35,19,16,0,0,0
57610703,30,18,12,30,18,12,0,0,0,5,4,1,1,0,1,0,0,0,27,10,17,12,3,9,0,0,0,3,0,3,7,4,3,5,3,2,1,1,0
57610704,34,19,15,33,19,14,1,0,1,0,0,0,0,0,0,1,0,1,34,12,22,16,5,11,0,0,0,2,0,2,6,3,3,10,4,6,0,0,0
57611501,84,48,36,83,48,35,3,2,1,8,4,4,1,0,1,1,0,1,87,30,57,53,18,35,1,0,1,2,0,2,15,6,9,16,6,10,0,0,0
57611502,12,7,5,11,6,5,1,0,1,3,1,2,0,0,0,1,1,0,10,4,6,6,2,4,0,0,0,0,0,0,1,1,0,3,1,2,0,0,0
57612301,190,113,77,184,110,74,5,3,2,20,14,6,1,0,1,6,3,3,188,75,113,71,27,44,1,1,0,17,1,16,48,18,30,51,28,23,3,2,1
57612302,49,29,20,48,28,20,1,1,0,5,3,2,0,0,0,1,1,0,47,18,29,18,6,12,0,0,0,3,0,3,10,3,7,16,9,7,0,0,0
57612303,60,33,27,59,33,26,0,0,0,13,5,8,0,0,0,1,0,1,60,29,31,36,18,18,0,0,0,3,0,3,8,5,3,13,6,7,0,0,0
57613101,930,526,404,903,513,390,24,11,13,96,54,42,8,0,8,27,13,14,993,396,597,525,186,339,4,3,1,42,0,42,147,72,75,275,135,140,21,11,10
57613102,50,29,21,46,26,20,2,1,1,7,3,4,0,0,0,4,3,1,31,15,16,15,9,6,0,0,0,2,0,2,5,3,2,9,3,6,0,0,0
57614001,81,46,35,81,46,35,1,1,0,7,2,5,1,0,1,0,0,0,70,32,38,37,18,19,0,0,0,5,0,5,17,8,9,11,6,5,2,2,0
57614003,75,40,35,73,39,34,1,0,1,14,5,9,0,0,0,2,1,1,54,24,30,25,10,15,1,1,0,2,0,2,11,6,5,15,7,8,1,0,1
57614004,53,33,20,52,32,20,2,0,2,5,3,2,0,0,0,1,1,0,59,31,28,21,11,10,0,0,0,5,0,5,14,8,6,19,12,7,2,0,2
57616602,112,67,45,109,65,44,4,2,2,14,7,7,1,0,1,3,2,1,142,69,73,68,30,38,0,0,0,8,1,7,21,13,8,45,25,20,4,3,1
57617401,119,66,53,119,66,53,6,1,5,9,4,5,1,0,1,0,0,0,100,42,58,44,20,24,0,0,0,4,0,4,19,6,13,33,16,17,1,0,1
57618201,947,557,390,928,547,381,37,17,20,74,38,36,5,0,5,19,10,9,714,323,391,348,140,208,1,0,1,26,0,26,87,53,34,252,130,122,10,7,3
57619101,9,4,5,8,3,5,0,0,0,1,1,0,0,0,0,1,1,0,15,5,10,8,2,6,0,0,0,1,0,1,1,0,1,5,3,2,0,0,0
57619102,305,162,143,298,161,137,8,5,3,29,18,11,0,0,0,7,1,6,299,120,179,149,65,84,1,1,0,15,0,15,53,20,33,81,34,47,4,0,4
57619104,135,78,57,134,77,57,1,1,0,13,6,7,1,0,1,1,1,0,155,67,88,82,38,44,0,0,0,8,0,8,20,8,12,45,21,24,4,4,0
57619105,47,30,17,47,30,17,2,0,2,4,3,1,1,0,1,0,0,0,55,19,36,32,14,18,0,0,0,4,0,4,8,0,8,11,5,6,0,0,0
57620401,329,193,136,325,191,134,15,7,8,26,15,11,0,0,0,4,2,2,326,142,184,132,53,79,0,0,0,23,0,23,72,37,35,99,52,47,7,7,0
57620402,66,39,27,66,39,27,3,0,3,8,4,4,0,0,0,0,0,0,78,32,46,44,17,27,0,0,0,5,0,5,12,6,6,17,9,8,1,1,0
57621201,8,5,3,8,5,3,0,0,0,1,1,0,1,0,1,0,0,0,17,7,10,7,4,3,0,0,0,2,0,2,4,1,3,4,2,2,0,0,0
57621202,807,442,365,774,423,351,23,5,18,68,41,27,9,0,9,33,19,14,855,372,483,357,139,218,2,2,0,44,1,43,161,82,79,291,148,143,19,8,11
57621203,25,12,13,19,10,9,0,0,0,5,2,3,0,0,0,6,2,4,58,27,31,10,6,4,0,0,0,2,0,2,23,11,12,23,10,13,4,1,3
57621204,67,44,23,63,42,21,2,2,0,9,5,4,0,0,0,4,2,2,49,13,36,20,7,13,0,0,0,5,0,5,9,2,7,15,4,11,0,0,0
57621206,15,9,6,15,9,6,0,0,0,3,1,2,0,0,0,0,0,0,16,9,7,12,7,5,0,0,0,1,0,1,1,1,0,2,1,1,1,1,0
57622102,274,156,118,266,151,115,10,7,3,28,11,17,5,0,5,8,5,3,221,96,125,101,41,60,1,1,0,11,0,11,40,21,19,68,33,35,2,1,1
57622103,29,14,15,28,14,14,0,0,0,3,1,2,0,0,0,1,0,1,32,15,17,16,9,7,0,0,0,0,0,0,3,1,2,13,5,8,0,0,0
3381920,0,0,0,0,0,0,0,0,0,0,0,0,0,0,0,0,0,0,0,0,0,0,0,0,0,0,0,0,0,0,0,0,0,0,0,0,0,0,0
57624701,26,17,9,26,17,9,2,2,0,1,0,1,1,0,1,0,0,0,14,7,7,5,3,2,0,0,0,1,0,1,3,2,1,5,2,3,0,0,0
57624702,41,20,21,40,19,21,0,0,0,2,2,0,0,0,0,1,1,0,26,11,15,6,3,3,0,0,0,4,0,4,6,3,3,10,5,5,0,0,0
57624704,192,109,83,188,108,80,6,4,2,23,13,10,3,0,3,4,1,3,194,74,120,111,40,71,0,0,0,6,0,6,30,9,21,47,25,22,7,6,1
57624705,15,9,6,15,9,6,2,1,1,2,1,1,0,0,0,0,0,0,7,4,3,3,2,1,0,0,0,0,0,0,0,0,0,4,2,2,0,0,0
57624706,13,5,8,13,5,8,0,0,0,0,0,0,0,0,0,0,0,0,7,3,4,4,2,2,0,0,0,0,0,0,1,1,0,2,0,2,0,0,0
57624707,10,7,3,10,7,3,0,0,0,1,1,0,0,0,0,0,0,0,12,5,7,3,2,1,0,0,0,1,0,1,1,0,1,7,3,4,0,0,0
57626301,282,154,128,276,153,123,18,4,14,25,12,13,2,0,2,6,1,5,260,116,144,109,42,67,1,1,0,9,0,9,49,26,23,92,47,45,6,4,2
57626302,43,27,16,43,27,16,1,1,0,5,4,1,0,0,0,0,0,0,63,27,36,35,15,20,0,0,0,4,0,4,10,4,6,14,8,6,0,0,0
57626304,54,29,25,51,27,24,3,1,2,4,2,2,0,0,0,3,2,1,54,25,29,19,8,11,0,0,0,3,0,3,9,6,3,23,11,12,0,0,0
57626305,15,8,7,15,8,7,1,0,1,2,1,1,0,0,0,0,0,0,33,15,18,26,12,14,0,0,0,0,0,0,1,0,1,6,3,3,0,0,0
57626306,10,6,4,8,6,2,0,0,0,0,0,0,0,0,0,2,0,2,15,6,9,9,3,6,0,0,0,1,0,1,3,1,2,2,2,0,0,0,0
0275880,0,0,0,0,0,0,0,0,0,0,0,0,0,0,0,0,0,0,0,0,0,0,0,0,0,0,0,0,0,0,0,0,0,0,0,0,0,0,0
3036820,0,0,0,0,0,0,0,0,0,0,0,0,0,0,0,0,0,0,0,0,0,0,0,0,0,0,0,0,0,0,0,0,0,0,0,0,0,0,0
3036910,0,0,0,0,0,0,0,0,0,0,0,0,0,0,0,0,0,0,0,0,0,0,0,0,0,0,0,0,0,0,0,0,0,0,0,0,0,0,0
3216300,0,0,0,0,0,0,0,0,0,0,0,0,0,0,0,0,0,0,0,0,0,0,0,0,0,0,0,0,0,0,0,0,0,0,0,0,0,0,0
57627101,67,37,30,66,36,30,3,2,1,5,4,1,0,0,0,1,1,0,61,27,34,19,11,8,0,0,0,5,0,5,13,6,7,24,10,14,0,0,0
57627103,150,85,65,146,83,63,3,2,1,16,7,9,1,0,1,4,2,2,109,57,52,46,21,25,0,0,0,2,0,2,11,7,4,50,29,21,1,0,1
57627104,107,54,53,103,53,50,5,3,2,8,3,5,0,0,0,4,1,3,112,55,57,51,23,28,0,0,0,6,0,6,15,8,7,40,24,16,1,1,0
57627105,47,26,21,46,26,20,2,1,1,6,5,1,1,0,1,1,0,1,37,16,21,19,8,11,0,0,0,1,0,1,3,2,1,14,6,8,0,0,0
57627106,35,21,14,34,20,14,0,0,0,2,1,1,0,0,0,1,1,0,31,14,17,17,8,9,0,0,0,2,0,2,5,4,1,7,2,5,0,0,0
57627107,37,23,14,35,22,13,2,0,2,5,4,1,0,0,0,2,1,1,30,12,18,17,7,10,0,0,0,2,0,2,3,1,2,8,4,4,0,0,0
57627108,100,57,43,98,56,42,1,1,0,14,10,4,3,0,3,2,1,1,122,60,62,56,27,29,0,0,0,5,0,5,23,11,12,38,22,16,0,0,0
57627109,28,18,10,27,18,9,1,1,0,2,2,0,0,0,0,1,0,1,26,9,17,4,1,3,0,0,0,3,0,3,7,4,3,12,4,8,0,0,0
57627110,26,15,11,26,15,11,1,0,1,2,1,1,0,0,0,0,0,0,21,11,10,7,3,4,0,0,0,2,0,2,3,3,0,9,5,4,0,0,0
57627111,15,10,5,15,10,5,0,0,0,4,3,1,0,0,0,0,0,0,10,3,7,4,2,2,0,0,0,0,0,0,0,0,0,6,1,5,0,0,0
57627112,61,33,28,60,32,28,3,1,2,6,5,1,1,0,1,1,1,0,43,18,25,20,9,11,0,0,0,1,0,1,3,1,2,19,8,11,0,0,0
57627113,873,450,423,852,442,410,28,10,18,109,42,67,8,0,8,21,8,13,778,322,456,396,148,248,1,0,1,30,1,29,119,55,64,232,118,114,6,3,3
57627114,361,201,160,356,198,158,13,7,6,65,41,24,3,0,3,5,3,2,328,142,186,168,66,102,1,1,0,8,0,8,44,22,22,107,53,54,1,0,1
57627115,319,180,139,302,169,133,13,7,6,32,21,11,2,0,2,17,11,6,326,139,187,171,70,101,0,0,0,13,0,13,49,26,23,93,43,50,23,14,9
57627116,684,390,294,663,382,281,34,20,14,71,36,35,5,0,5,21,8,13,753,316,437,358,142,216,4,2,2,40,0,40,125,66,59,226,106,120,9,5,4
57627117,318,166,152,307,162,145,7,4,3,54,28,26,1,0,1,11,4,7,336,135,201,209,78,131,0,0,0,12,0,12,33,13,20,82,44,38,3,0,3
57628001,60,32,28,60,32,28,0,0,0,10,4,6,0,0,0,0,0,0,68,34,34,30,16,14,0,0,0,1,0,1,6,4,2,31,14,17,0,0,0
57630101,773,424,349,747,414,333,20,11,9,79,35,44,1,0,1,26,10,16,737,307,430,387,156,231,0,0,0,32,0,32,105,53,52,213,98,115,12,7,5
57630102,68,36,32,65,36,29,3,2,1,9,4,5,0,0,0,3,0,3,46,30,16,27,15,12,0,0,0,0,0,0,4,4,0,15,11,4,0,0,0
57630103,37,21,16,37,21,16,1,1,0,3,3,0,0,0,0,0,0,0,26,11,15,8,3,5,0,0,0,3,0,3,3,1,2,12,7,5,0,0,0
57631001,102,53,49,101,53,48,3,3,0,13,7,6,0,0,0,1,0,1,90,47,43,62,29,33,0,0,0,2,0,2,8,6,2,18,12,6,3,2,1
57632801,26,14,12,24,13,11,2,2,0,3,0,3,0,0,0,2,1,1,35,19,16,14,6,8,0,0,0,1,0,1,3,1,2,17,12,5,1,1,0
57632802,21,10,11,21,10,11,1,0,1,4,1,3,0,0,0,0,0,0,15,6,9,7,2,5,0,0,0,0,0,0,1,1,0,7,3,4,0,0,0
0578272,0,0,0,0,0,0,0,0,0,0,0,0,0,0,0,0,0,0,0,0,0,0,0,0,0,0,0,0,0,0,0,0,0,0,0,0,0,0,0
57633601,31,18,13,30,18,12,1,0,1,2,1,1,1,0,1,1,0,1,32,14,18,11,5,6,0,0,0,2,0,2,8,4,4,11,5,6,0,0,0
57633602,494,291,203,484,287,197,13,5,8,49,30,19,4,0,4,10,4,6,437,185,252,162,65,97,2,1,1,28,0,28,90,39,51,155,80,75,3,0,3
57633603,19,11,8,19,11,8,0,0,0,2,1,1,0,0,0,0,0,0,18,8,10,6,3,3,0,0,0,2,0,2,4,0,4,6,5,1,0,0,0
57633604,23,14,9,23,14,9,1,1,0,5,4,1,0,0,0,0,0,0,9,4,5,6,2,4,1,1,0,0,0,0,1,0,1,1,1,0,0,0,0
57636101,2846,1608,1238,2754,1569,1185,87,41,46,323,177,146,18,0,18,92,39,53,2772,1124,1648,1392,534,858,2,2,0,112,1,111,450,202,248,816,385,431,57,34,23
57636102,53,30,23,51,28,23,1,0,1,5,1,4,0,0,0,2,2,0,31,14,17,16,5,11,0,0,0,1,0,1,4,3,1,10,6,4,0,0,0
57636103,136,77,59,132,76,56,7,2,5,8,7,1,2,0,2,4,1,3,146,68,78,67,31,36,0,0,0,6,0,6,20,7,13,53,30,23,0,0,0
57636104,31,18,13,29,17,12,1,0,1,3,2,1,2,0,2,2,1,1,34,16,18,10,6,4,0,0,0,1,0,1,11,4,7,12,6,6,1,1,0
57638701,88,51,37,85,51,34,2,2,0,9,5,4,1,0,1,3,0,3,61,31,30,27,13,14,0,0,0,4,0,4,9,5,4,21,13,8,0,0,0
57639501,13,9,4,13,9,4,0,0,0,2,2,0,1,0,1,0,0,0,13,2,11,8,1,7,0,0,0,0,0,0,2,1,1,3,0,3,0,0,0
57639502,34,22,12,32,21,11,0,0,0,4,3,1,0,0,0,2,1,1,38,11,27,18,8,10,0,0,0,3,0,3,8,1,7,9,2,7,2,2,0
57639503,18,11,7,18,11,7,0,0,0,0,0,0,0,0,0,0,0,0,25,9,16,13,6,7,0,0,0,1,0,1,4,2,2,7,1,6,0,0,0
57639505,44,30,14,41,27,14,0,0,0,4,4,0,0,0,0,3,3,0,31,14,17,14,4,10,0,0,0,0,0,0,2,1,1,15,9,6,0,0,0
57640901,136,74,62,134,73,61,4,0,4,12,8,4,0,0,0,2,1,1,122,53,69,48,21,27,0,0,0,4,0,4,24,13,11,46,19,27,2,0,2
57642501,36,35,1,36,35,1,0,0,0,0,0,0,0,0,0,0,0,0,0,0,0,0,0,0,0,0,0,0,0,0,0,0,0,0,0,0,0,0,0
57642502,915,562,353,900,556,344,37,20,17,68,43,25,6,0,6,15,6,9,685,332,353,366,174,192,1,1,0,28,0,28,113,62,51,177,95,82,17,9,8
57644101,66,39,27,65,38,27,2,0,2,9,7,2,1,0,1,1,1,0,67,30,37,24,11,13,0,0,0,8,0,8,20,11,9,15,8,7,1,0,1
57644102,100,64,36,100,64,36,4,4,0,16,11,5,0,0,0,0,0,0,102,38,64,44,19,25,0,0,0,6,0,6,25,6,19,27,13,14,7,2,5
57645001,50,26,24,48,24,24,3,1,2,4,1,3,0,0,0,2,2,0,37,17,20,16,5,11,0,0,0,1,0,1,4,4,0,16,8,8,0,0,0
57645002,88,52,36,86,52,34,5,2,3,6,2,4,1,0,1,2,0,2,69,33,36,35,16,19,0,0,0,6,0,6,11,6,5,17,11,6,2,1,1
57645003,104,62,42,101,61,40,3,2,1,11,7,4,0,0,0,3,1,2,86,42,44,38,17,21,0,0,0,8,0,8,17,12,5,23,13,10,3,2,1
57645004,32,19,13,31,19,12,1,1,0,2,1,1,0,0,0,1,0,1,29,9,20,11,4,7,0,0,0,1,0,1,9,2,7,8,3,5,1,0,1
57645005,19,10,9,19,10,9,2,1,1,1,0,1,1,0,1,0,0,0,22,13,9,7,4,3,0,0,0,0,0,0,7,4,3,8,5,3,1,1,0
57645006,14,9,5,12,9,3,0,0,0,1,1,0,0,0,0,2,0,2,13,9,4,2,1,1,0,0,0,0,0,0,3,1,2,8,7,1,0,0,0
57645008,59,35,24,55,33,22,2,1,1,7,4,3,0,0,0,4,2,2,54,25,29,17,8,9,0,0,0,4,0,4,13,7,6,20,10,10,3,1,2
57646801,292,157,135,288,155,133,11,4,7,31,14,17,3,0,3,4,2,2,219,93,126,80,36,44,1,0,1,21,0,21,57,30,27,60,27,33,2,2,0
57646802,34,20,14,33,19,14,2,1,1,4,2,2,0,0,0,1,1,0,43,19,24,20,8,12,0,0,0,2,0,2,7,3,4,14,8,6,1,0,1
57646803,20,12,8,20,12,8,0,0,0,4,3,1,0,0,0,0,0,0,23,11,12,10,5,5,0,0,0,1,0,1,2,0,2,10,6,4,0,0,0
57647601,29,15,14,29,15,14,0,0,0,0,0,0,0,0,0,0,0,0,23,16,7,1,1,0,0,0,0,2,0,2,5,3,2,15,12,3,0,0,0
57647602,288,167,121,280,161,119,10,6,4,16,7,9,2,0,2,8,6,2,236,103,133,100,40,60,0,0,0,11,0,11,44,22,22,81,41,40,2,2,0
57649201,324,187,137,319,186,133,14,6,8,34,18,16,3,0,3,5,1,4,285,131,154,143,62,81,0,0,0,13,0,13,43,20,23,86,49,37,4,2,2
57650601,145,79,66,141,76,65,6,3,3,10,6,4,3,0,3,4,3,1,127,56,71,58,25,33,0,0,0,7,0,7,29,16,13,33,15,18,1,1,0
57652201,18,13,5,18,13,5,0,0,0,1,1,0,0,0,0,0,0,0,20,7,13,7,1,6,0,0,0,2,0,2,2,2,0,9,4,5,0,0,0
57652202,63,39,24,58,36,22,1,0,1,9,4,5,0,0,0,5,3,2,70,29,41,38,14,24,0,0,0,6,0,6,17,11,6,9,4,5,1,0,1
57654901,16,9,7,16,9,7,0,0,0,2,1,1,0,0,0,0,0,0,11,5,6,0,0,0,0,0,0,2,0,2,6,4,2,3,1,2,0,0,0
57654902,109,56,53,108,55,53,0,0,0,14,6,8,0,0,0,1,1,0,85,45,40,39,21,18,1,1,0,4,0,4,17,10,7,24,13,11,0,0,0
57655701,17,9,8,16,8,8,0,0,0,2,1,1,0,0,0,1,1,0,20,11,9,9,5,4,0,0,0,1,0,1,3,3,0,7,3,4,1,1,0
57655702,88,49,39,87,48,39,4,1,3,7,4,3,1,0,1,1,1,0,90,42,48,51,24,27,0,0,0,3,0,3,9,4,5,27,14,13,1,1,0
57656501,247,145,102,239,139,100,10,6,4,40,20,20,1,0,1,8,6,2,220,92,128,99,39,60,0,0,0,13,0,13,36,15,21,72,38,34,4,2,2
57656502,29,18,11,27,17,10,1,1,0,2,1,1,0,0,0,2,1,1,16,7,9,8,3,5,0,0,0,0,0,0,2,2,0,6,2,4,0,0,0
57657302,207,123,84,194,115,79,4,3,1,23,15,8,2,0,2,13,8,5,179,71,108,102,41,61,0,0,0,10,0,10,27,12,15,40,18,22,6,4,2
57658101,46,25,21,45,25,20,0,0,0,1,1,0,1,0,1,1,0,1,42,15,27,22,9,13,0,0,0,1,0,1,4,2,2,15,4,11,1,1,0
57658102,208,121,87,206,120,86,5,3,2,18,10,8,2,0,2,2,1,1,173,80,93,78,34,44,0,0,0,9,0,9,28,16,12,58,30,28,0,0,0
57659001,126,71,55,122,70,52,7,3,4,8,7,1,1,0,1,4,1,3,113,52,61,60,26,34,0,0,0,6,0,6,16,8,8,31,18,13,2,2,0
57659002,25,14,11,23,13,10,4,0,4,3,3,0,0,0,0,2,1,1,17,5,12,12,4,8,0,0,0,0,0,0,1,0,1,4,1,3,0,0,0
57659003,206,110,96,201,107,94,9,5,4,24,14,10,0,0,0,5,3,2,195,79,116,64,14,50,0,0,0,13,0,13,37,17,20,81,48,33,2,1,1
57659004,1259,687,572,1235,675,560,40,18,22,166,85,81,9,0,9,24,12,12,1137,466,671,596,217,379,4,4,0,53,1,52,168,89,79,316,155,161,23,14,9
1122080,0,0,0,0,0,0,0,0,0,0,0,0,0,0,0,0,0,0,0,0,0,0,0,0,0,0,0,0,0,0,0,0,0,0,0,0,0,0,0
57660301,80,52,28,76,49,27,1,1,0,3,2,1,0,0,0,4,3,1,75,33,42,34,16,18,1,0,1,3,0,3,9,6,3,28,11,17,3,2,1
57660305,14,5,9,14,5,9,1,0,1,1,1,0,0,0,0,0,0,0,9,4,5,4,2,2,0,0,0,0,0,0,2,1,1,3,1,2,2,1,1
57661101,36,20,16,35,20,15,0,0,0,2,1,1,0,0,0,1,0,1,33,11,22,12,6,6,0,0,0,4,0,4,12,3,9,5,2,3,0,0,0
57661102,75,47,28,74,47,27,3,1,2,9,6,3,1,0,1,1,0,1,91,37,54,48,19,29,0,0,0,4,0,4,17,7,10,22,11,11,1,0,1
57661103,29,16,13,29,16,13,1,0,1,1,1,0,0,0,0,0,0,0,29,9,20,7,4,3,1,1,0,4,0,4,8,1,7,9,3,6,0,0,0
57662001,237,131,106,231,130,101,5,2,3,27,14,13,0,0,0,6,1,5,206,89,117,97,42,55,1,1,0,8,0,8,28,13,15,72,33,39,4,3,1
57665401,23,14,9,22,14,8,1,1,0,0,0,0,1,0,1,1,0,1,26,13,13,15,8,7,0,0,0,0,0,0,4,1,3,7,4,3,1,1,0
57665403,168,97,71,163,96,67,8,5,3,10,5,5,4,0,4,5,1,4,186,89,97,66,31,35,1,1,0,9,0,9,42,20,22,68,37,31,0,0,0
57665404,49,26,23,49,26,23,3,0,3,6,5,1,0,0,0,0,0,0,36,17,19,13,5,8,1,0,1,1,0,1,2,2,0,19,10,9,0,0,0
57665405,50,28,22,50,28,22,1,1,0,5,2,3,2,0,2,0,0,0,40,23,17,21,10,11,0,0,0,0,0,0,7,5,2,12,8,4,1,0,1
57666201,362,197,165,350,195,155,12,5,7,39,23,16,3,0,3,12,2,10,293,126,167,114,46,68,0,0,0,16,1,15,65,33,32,98,46,52,3,1,2
57667101,73,42,31,71,41,30,2,1,1,8,2,6,0,0,0,2,1,1,69,31,38,30,13,17,0,0,0,3,0,3,13,3,10,23,15,8,1,1,0
57667102,386,211,175,373,202,171,9,4,5,49,25,24,2,0,2,13,9,4,438,192,246,221,99,122,0,0,0,15,0,15,59,29,30,143,64,79,7,4,3
57668901,286,163,123,282,162,120,11,7,4,40,21,19,4,0,4,4,1,3,373,150,223,246,94,152,1,0,1,7,0,7,37,21,16,82,35,47,8,4,4
57670101,39,27,12,37,26,11,0,0,0,6,5,1,2,0,2,2,1,1,33,14,19,19,8,11,0,0,0,1,0,1,5,2,3,8,4,4,1,0,1
57670104,916,522,394,876,498,378,23,7,16,104,49,55,3,0,3,40,24,16,738,316,422,354,127,227,3,2,1,35,1,34,114,68,46,232,118,114,14,8,6
57670105,28,17,11,27,17,10,0,0,0,6,5,1,1,0,1,1,0,1,21,7,14,10,3,7,0,0,0,0,0,0,2,1,1,9,3,6,1,1,0
57670106,45,28,17,42,27,15,2,0,2,3,2,1,0,0,0,3,1,2,39,15,24,28,11,17,0,0,0,1,0,1,3,2,1,7,2,5,0,0,0
57670107,29,18,11,29,18,11,1,1,0,5,3,2,0,0,0,0,0,0,22,12,10,12,4,8,0,0,0,0,0,0,4,3,1,6,5,1,0,0,0
57672701,156,95,61,152,93,59,3,1,2,18,11,7,0,0,0,4,2,2,138,54,84,70,26,44,1,0,1,6,0,6,17,10,7,44,18,26,0,0,0
57672702,21,11,10,21,11,10,2,1,1,6,2,4,0,0,0,0,0,0,15,7,8,12,5,7,0,0,0,1,0,1,1,1,0,1,1,0,0,0,0
57672703,40,18,22,39,18,21,1,1,0,5,2,3,0,0,0,1,0,1,44,25,19,21,8,13,0,0,0,1,0,1,6,4,2,16,13,3,0,0,0
57673501,53,34,19,49,31,18,2,0,2,7,4,3,0,0,0,4,3,1,48,19,29,21,9,12,0,0,0,4,0,4,7,2,5,16,8,8,1,1,0
57674302,92,53,39,88,51,37,0,0,0,18,7,11,0,0,0,4,2,2,125,56,69,51,22,29,1,1,0,5,0,5,21,11,10,47,22,25,5,5,0
57675102,230,126,104,227,126,101,8,4,4,25,18,7,0,0,0,3,0,3,186,84,102,75,25,50,0,0,0,6,0,6,34,18,16,71,41,30,0,0,0
57677801,110,61,49,108,60,48,6,3,3,8,7,1,3,0,3,2,1,1,91,39,52,32,13,19,0,0,0,2,0,2,19,6,13,38,20,18,1,0,1
57677802,10,5,5,10,5,5,0,0,0,2,1,1,0,0,0,0,0,0,13,6,7,5,2,3,0,0,0,0,0,0,3,1,2,5,3,2,0,0,0
57677803,41,25,16,40,25,15,4,0,4,4,4,0,0,0,0,1,0,1,41,16,25,12,3,9,0,0,0,5,0,5,10,3,7,14,10,4,0,0,0
57677804,41,22,19,40,22,18,7,2,5,1,1,0,0,0,0,1,0,1,38,18,20,22,11,11,0,0,0,1,0,1,5,3,2,10,4,6,0,0,0
57677805,46,25,21,46,25,21,1,1,0,7,3,4,0,0,0,0,0,0,40,20,20,19,8,11,0,0,0,1,0,1,5,4,1,15,8,7,0,0,0
57677806,15,10,5,14,9,5,0,0,0,3,2,1,0,0,0,1,1,0,14,5,9,8,3,5,0,0,0,0,0,0,1,0,1,5,2,3,0,0,0
57677807,14,6,8,14,6,8,1,0,1,3,2,1,0,0,0,0,0,0,13,6,7,10,4,6,0,0,0,0,0,0,0,0,0,3,2,1,1,1,0
57677808,20,11,9,19,10,9,1,0,1,1,0,1,0,0,0,1,1,0,19,8,11,10,5,5,0,0,0,1,0,1,1,1,0,7,2,5,0,0,0
57677809,252,128,124,245,125,120,8,4,4,29,12,17,2,0,2,7,3,4,254,117,137,129,53,76,1,1,0,5,0,5,35,20,15,84,43,41,7,6,1
57678601,449,253,196,440,247,193,22,9,13,39,22,17,1,0,1,9,6,3,387,179,208,185,81,104,1,0,1,14,0,14,62,34,28,125,64,61,10,7,3
57679401,55,32,23,55,32,23,3,1,2,7,6,1,0,0,0,0,0,0,81,27,54,43,15,28,0,0,0,5,0,5,7,3,4,26,9,17,0,0,0
57680801,149,87,62,147,86,61,4,2,2,15,6,9,1,0,1,2,1,1,120,57,63,63,25,38,0,0,0,3,0,3,15,9,6,39,23,16,1,0,1
57680802,1068,619,449,1047,609,438,39,18,21,94,51,43,5,0,5,21,10,11,831,373,458,422,172,250,1,0,1,25,0,25,110,57,53,273,144,129,19,6,13
57681601,34,22,12,32,20,12,1,0,1,3,3,0,0,0,0,2,2,0,15,7,8,6,3,3,0,0,0,0,0,0,0,0,0,9,4,5,0,0,0
57681602,88,48,40,86,48,38,1,1,0,19,12,7,1,0,1,2,0,2,64,32,32,25,10,15,0,0,0,3,0,3,20,12,8,16,10,6,3,3,0
57681603,122,60,62,121,60,61,2,1,1,11,3,8,0,0,0,1,0,1,93,41,52,38,18,20,1,1,0,5,0,5,20,7,13,29,15,14,1,0,1
57682401,137,76,61,133,73,60,7,3,4,13,10,3,0,0,0,4,3,1,135,59,76,56,23,33,0,0,0,9,0,9,26,15,11,44,21,23,0,0,0
57682402,120,65,55,114,63,51,2,0,2,10,4,6,1,0,1,6,2,4,119,57,62,65,35,30,0,0,0,7,0,7,19,7,12,28,15,13,3,2,1
57682403,27,17,10,27,17,10,1,1,0,3,2,1,0,0,0,0,0,0,29,9,20,9,2,7,0,0,0,3,0,3,7,5,2,10,2,8,1,0,1
57682404,48,27,21,44,26,18,2,1,1,10,7,3,0,0,0,4,1,3,47,20,27,17,7,10,0,0,0,2,0,2,6,4,2,22,9,13,0,0,0
57682405,38,20,18,38,20,18,1,0,1,3,1,2,0,0,0,0,0,0,32,16,16,13,5,8,0,0,0,0,0,0,6,5,1,13,6,7,0,0,0
57683201,164,91,73,162,90,72,12,5,7,16,6,10,3,0,3,2,1,1,125,63,62,36,13,23,0,0,0,6,0,6,29,20,9,54,30,24,0,0,0
57684101,31,17,14,31,17,14,0,0,0,3,3,0,1,0,1,0,0,0,32,13,19,15,4,11,0,0,0,2,0,2,4,3,1,11,6,5,0,0,0
57684102,167,93,74,164,93,71,6,2,4,17,9,8,2,0,2,3,0,3,115,44,71,59,19,40,0,0,0,5,0,5,19,9,10,32,16,16,3,2,1
57685902,134,74,60,131,74,57,5,2,3,11,5,6,2,0,2,3,0,3,121,46,75,50,19,31,0,0,0,6,0,6,29,13,16,36,14,22,1,1,0
57685904,107,59,48,107,59,48,3,2,1,11,6,5,1,0,1,0,0,0,79,41,38,32,14,18,0,0,0,3,0,3,9,7,2,35,20,15,1,1,0
57685905,107,57,50,105,56,49,7,1,6,12,4,8,1,0,1,2,1,1,111,51,60,58,24,34,0,0,0,6,1,5,21,10,11,26,16,10,0,0,0
57685906,79,36,43,78,36,42,3,0,3,11,2,9,0,0,0,1,0,1,73,36,37,34,14,20,0,0,0,3,0,3,10,6,4,26,16,10,0,0,0
57685907,2575,1415,1160,2490,1379,1111,86,34,52,254,138,116,12,0,12,85,36,49,2292,944,1348,1177,452,725,3,1,2,116,3,113,382,187,195,614,301,313,51,32,19
57685908,95,49,46,90,47,43,5,1,4,4,0,4,0,0,0,5,2,3,86,36,50,40,19,21,0,0,0,4,0,4,17,7,10,25,10,15,0,0,0
57687501,45,25,20,44,25,19,2,0,2,1,1,0,0,0,0,1,0,1,35,16,19,13,7,6,0,0,0,1,0,1,7,4,3,14,5,9,0,0,0
57687502,105,62,43,101,59,42,4,3,1,9,6,3,0,0,0,4,3,1,114,50,64,61,28,33,0,0,0,6,0,6,23,10,13,24,12,12,1,1,0
57688301,145,72,73,144,72,72,2,1,1,16,5,11,1,0,1,1,0,1,146,69,77,75,29,46,2,2,0,4,0,4,14,10,4,51,28,23,0,0,0
57688302,13,6,7,13,6,7,2,0,2,2,1,1,0,0,0,0,0,0,9,5,4,2,1,1,1,0,1,0,0,0,2,1,1,4,3,1,0,0,0
57688303,9,6,3,9,6,3,0,0,0,1,1,0,0,0,0,0,0,0,17,6,11,7,2,5,0,0,0,2,0,2,3,2,1,5,2,3,0,0,0
57688305,18,12,6,18,12,6,1,1,0,3,2,1,1,0,1,0,0,0,12,7,5,4,3,1,0,0,0,1,0,1,6,3,3,1,1,0,0,0,0
57688306,122,69,53,120,68,52,6,2,4,12,7,5,2,0,2,2,1,1,162,78,84,72,31,41,0,0,0,9,0,9,27,14,13,54,33,21,2,1,1
57688307,1888,1049,839,1816,1021,795,44,17,27,176,95,81,10,0,10,72,28,44,1831,772,1059,1003,393,610,0,0,0,71,0,71,287,137,150,470,242,228,41,28,13
57688308,31,17,14,31,17,14,0,0,0,5,1,4,0,0,0,0,0,0,34,16,18,8,4,4,0,0,0,4,0,4,9,5,4,13,7,6,0,0,0
57689101,20,11,9,19,11,8,0,0,0,1,0,1,1,0,1,1,0,1,18,9,9,10,4,6,0,0,0,1,0,1,2,2,0,5,3,2,0,0,0
57689102,42,23,19,41,22,19,2,0,2,6,3,3,0,0,0,1,1,0,45,15,30,27,9,18,0,0,0,1,0,1,6,1,5,11,5,6,0,0,0
57689103,43,22,21,43,22,21,1,1,0,2,0,2,0,0,0,0,0,0,34,14,20,16,8,8,0,0,0,2,0,2,6,2,4,10,4,6,0,0,0
57689104,90,48,42,86,45,41,5,2,3,5,2,3,0,0,0,4,3,1,66,32,34,26,14,12,0,0,0,8,0,8,12,6,6,20,12,8,0,0,0
57689105,164,100,64,163,100,63,3,1,2,25,17,8,0,0,0,1,0,1,141,62,79,57,21,36,0,0,0,7,0,7,27,14,13,50,27,23,0,0,0
57689106,20,10,10,19,10,9,0,0,0,0,0,0,0,0,0,1,0,1,23,11,12,9,5,4,0,0,0,1,0,1,5,1,4,8,5,3,0,0,0
57692101,304,170,134,294,166,128,4,3,1,32,24,8,0,0,0,10,4,6,276,126,150,141,64,77,0,0,0,11,0,11,37,19,18,87,43,44,4,4,0
57693001,137,77,60,137,77,60,8,3,5,15,12,3,2,0,2,0,0,0,115,49,66,52,20,32,0,0,0,5,1,4,19,6,13,39,22,17,3,2,1
57694801,14,9,5,14,9,5,0,0,0,0,0,0,1,0,1,0,0,0,17,10,7,3,2,1,0,0,0,1,0,1,6,3,3,7,5,2,0,0,0
57694802,18,11,7,18,11,7,0,0,0,2,2,0,0,0,0,0,0,0,15,10,5,7,3,4,0,0,0,0,0,0,1,1,0,7,6,1,5,4,1
57694804,39,20,19,34,20,14,0,0,0,0,0,0,0,0,0,5,0,5,18,6,12,10,3,7,0,0,0,0,0,0,3,1,2,5,2,3,1,1,0
57694805,12,8,4,11,8,3,2,1,1,0,0,0,0,0,0,1,0,1,17,8,9,7,3,4,1,1,0,1,0,1,2,0,2,6,4,2,0,0,0
57695601,16,8,8,15,8,7,0,0,0,2,1,1,0,0,0,1,0,1,9,5,4,7,5,2,0,0,0,0,0,0,0,0,0,2,0,2,0,0,0
57695602,17,9,8,17,9,8,0,0,0,0,0,0,1,0,1,0,0,0,16,9,7,3,2,1,0,0,0,0,0,0,2,1,1,11,6,5,0,0,0
57695603,245,141,104,241,139,102,6,3,3,16,7,9,0,0,0,4,2,2,203,78,125,86,35,51,0,0,0,14,0,14,41,17,24,62,26,36,3,3,0
53080801,83,45,38,82,44,38,1,1,0,14,4,10,0,0,0,1,1,0,72,32,40,41,19,22,0,0,0,2,0,2,10,4,6,19,9,10,5,5,0
54647001,58,36,22,56,35,21,3,2,1,2,2,0,0,0,0,2,1,1,54,24,30,27,12,15,0,0,0,3,0,3,7,5,2,17,7,10,1,1,0
54647002,36,19,17,35,19,16,0,0,0,2,1,1,0,0,0,1,0,1,28,16,12,8,3,5,0,0,0,1,0,1,7,3,4,12,10,2,0,0,0
54880401,170,90,80,159,89,70,5,2,3,18,5,13,2,0,2,11,1,10,186,63,123,118,37,81,0,0,0,5,0,5,19,10,9,44,16,28,6,4,2
54881201,28,18,10,28,18,10,1,0,1,3,3,0,0,0,0,0,0,0,29,8,21,19,7,12,0,0,0,2,0,2,3,1,2,5,0,5,0,0,0
54882101,91,55,36,85,51,34,4,2,2,5,3,2,0,0,0,6,4,2,91,47,44,44,18,26,0,0,0,4,0,4,10,7,3,33,22,11,1,1,0
54883901,34,19,15,34,19,15,1,0,1,4,3,1,0,0,0,0,0,0,21,8,13,9,3,6,0,0,0,1,0,1,2,2,0,9,3,6,0,0,0
54883902,9,5,4,9,5,4,0,0,0,0,0,0,0,0,0,0,0,0,18,9,9,13,5,8,0,0,0,0,0,0,2,1,1,3,3,0,0,0,0
54883903,23,11,12,23,11,12,0,0,0,2,0,2,0,0,0,0,0,0,32,13,19,14,8,6,0,0,0,2,0,2,7,2,5,9,3,6,0,0,0
54884701,61,30,31,57,29,28,2,1,1,4,3,1,0,0,0,4,1,3,72,34,38,35,18,17,0,0,0,1,0,1,10,4,6,26,12,14,1,0,1
55486302,211,120,91,203,119,84,3,0,3,22,12,10,2,0,2,8,1,7,171,84,87,72,31,41,1,0,1,8,0,8,31,16,15,59,37,22,7,3,4
57459701,10,5,5,9,5,4,0,0,0,1,0,1,0,0,0,1,0,1,11,6,5,6,3,3,0,0,0,1,0,1,3,2,1,1,1,0,0,0,0
57459702,74,40,34,73,40,33,1,1,0,11,5,6,0,0,0,1,0,1,88,44,44,37,17,20,0,0,0,4,0,4,13,8,5,34,19,15,1,1,0
1690990,0,0,0,0,0,0,0,0,0,0,0,0,0,0,0,0,0,0,0,0,0,0,0,0,0,0,0,0,0,0,0,0,0,0,0,0,0,0,0
1691290,0,0,0,0,0,0,0,0,0,0,0,0,0,0,0,0,0,0,0,0,0,0,0,0,0,0,0,0,0,0,0,0,0,0,0,0,0,0,0
1691700,0,0,0,0,0,0,0,0,0,0,0,0,0,0,0,0,0,0,0,0,0,0,0,0,0,0,0,0,0,0,0,0,0,0,0,0,0,0,0
3126900,0,0,0,0,0,0,0,0,0,0,0,0,0,0,0,0,0,0,0,0,0,0,0,0,0,0,0,0,0,0,0,0,0,0,0,0,0,0,0
3200300,0,0,0,0,0,0,0,0,0,0,0,0,0,0,0,0,0,0,0,0,0,0,0,0,0,0,0,0,0,0,0,0,0,0,0,0,0,0,0
57902501,67,40,27,61,38,23,1,0,1,10,5,5,0,0,0,6,2,4,52,24,28,28,13,15,0,0,0,2,0,2,4,2,2,18,9,9,5,3,2
57902502,39,21,18,38,20,18,1,1,0,5,1,4,0,0,0,1,1,0,35,11,24,18,4,14,0,0,0,1,0,1,4,1,3,12,6,6,0,0,0
57902503,70,42,28,68,42,26,2,1,1,6,3,3,0,0,0,2,0,2,52,25,27,32,15,17,0,0,0,2,0,2,7,5,2,11,5,6,0,0,0
57902504,56,33,23,54,33,21,0,0,0,6,5,1,1,0,1,2,0,2,64,29,35,40,19,21,0,0,0,3,0,3,10,5,5,11,5,6,0,0,0
57902505,14,9,5,12,8,4,0,0,0,3,3,0,0,0,0,2,1,1,20,8,12,9,4,5,0,0,0,1,0,1,4,0,4,6,4,2,1,1,0
57902506,39,21,18,38,20,18,0,0,0,0,0,0,0,0,0,1,1,0,37,17,20,10,5,5,0,0,0,1,0,1,8,4,4,18,8,10,0,0,0
57902508,115,69,46,108,64,44,4,1,3,4,1,3,1,0,1,7,5,2,109,46,63,48,22,26,0,0,0,11,0,11,29,16,13,21,8,13,3,0,3
57902510,13,8,5,11,7,4,1,1,0,2,1,1,0,0,0,2,1,1,9,3,6,6,3,3,0,0,0,1,0,1,1,0,1,1,0,1,0,0,0
57902511,15,7,8,15,7,8,0,0,0,0,0,0,0,0,0,0,0,0,16,9,7,3,2,1,0,0,0,0,0,0,2,2,0,11,5,6,0,0,0
57902512,158,94,64,154,92,62,4,0,4,9,4,5,1,0,1,4,2,2,151,71,80,73,31,42,0,0,0,5,0,5,20,8,12,53,32,21,2,1,1
57902513,36,18,18,36,18,18,2,0,2,1,1,0,0,0,0,0,0,0,27,9,18,12,5,7,0,0,0,1,0,1,5,2,3,9,2,7,1,0,1
57902514,49,26,23,48,25,23,0,0,0,5,1,4,0,0,0,1,1,0,49,25,24,21,9,12,0,0,0,0,0,0,7,4,3,21,12,9,0,0,0
57902515,47,28,19,44,26,18,2,0,2,1,0,1,1,0,1,3,2,1,37,19,18,21,9,12,0,0,0,1,0,1,3,2,1,12,8,4,0,0,0
57902516,33,16,17,33,16,17,3,2,1,1,0,1,0,0,0,0,0,0,31,17,14,8,5,3,0,0,0,0,0,0,3,0,3,20,12,8,0,0,0
57902517,187,96,91,179,92,87,7,1,6,21,14,7,0,0,0,8,4,4,147,59,88,73,28,45,1,0,1,3,0,3,22,10,12,48,21,27,3,1,2
57902518,1132,592,540,1081,563,518,49,27,22,140,68,72,11,0,11,51,29,22,1121,415,706,641,223,418,3,1,2,46,2,44,162,83,79,269,106,163,24,16,8
57902519,21,11,10,21,11,10,2,0,2,2,1,1,0,0,0,0,0,0,10,5,5,1,1,0,0,0,0,0,0,0,2,1,1,7,3,4,0,0,0
57902520,667,353,314,650,347,303,29,17,12,72,38,34,0,0,0,17,6,11,554,227,327,244,87,157,2,2,0,24,0,24,90,44,46,194,94,100,6,4,2
57902522,650,342,308,622,324,298,21,8,13,80,34,46,7,0,7,28,18,10,591,238,353,320,112,208,2,0,2,23,0,23,88,45,43,158,81,77,11,6,5
57902523,737,384,353,713,371,342,27,12,15,85,36,49,6,0,6,24,13,11,686,293,393,384,139,245,2,1,1,28,0,28,107,62,45,165,91,74,20,10,10
57902524,473,252,221,463,246,217,18,6,12,88,49,39,2,0,2,10,6,4,449,195,254,253,109,144,1,0,1,16,0,16,47,19,28,132,67,65,4,4,0
57902526,453,226,227,443,222,221,24,10,14,68,34,34,1,0,1,10,4,6,465,191,274,236,83,153,1,1,0,11,0,11,58,25,33,159,82,77,2,0,2
57902528,155,77,78,148,74,74,6,2,4,11,6,5,2,0,2,7,3,4,86,43,43,28,11,17,0,0,0,3,0,3,13,6,7,42,26,16,5,2,3
57902529,541,275,266,525,270,255,15,7,8,93,44,49,2,0,2,16,5,11,578,237,341,344,126,218,1,0,1,15,0,15,62,36,26,156,75,81,9,5,4
57902530,640,336,304,614,320,294,28,13,15,76,30,46,6,0,6,26,16,10,590,245,345,312,115,197,0,0,0,25,0,25,92,47,45,161,83,78,10,6,4
57902531,17,9,8,16,8,8,2,1,1,1,1,0,0,0,0,1,1,0,14,5,9,1,0,1,0,0,0,2,0,2,4,3,1,7,2,5,0,0,0
57902532,170,88,82,163,85,78,11,5,6,24,15,9,2,0,2,7,3,4,104,55,49,34,17,17,0,0,0,3,0,3,10,4,6,57,34,23,1,0,1
57902533,12,4,8,11,4,7,0,0,0,3,2,1,0,0,0,1,0,1,12,8,4,5,4,1,0,0,0,0,0,0,4,2,2,3,2,1,2,0,2
57902534,426,224,202,412,217,195,11,6,5,66,27,39,2,0,2,14,7,7,484,213,271,305,128,177,2,2,0,15,0,15,59,30,29,103,53,50,9,2,7
57902535,1467,774,693,1411,743,668,60,24,36,200,96,104,10,0,10,56,31,25,1461,615,846,852,324,528,0,0,0,53,1,52,200,110,90,356,180,176,17,10,7
57902536,298,160,138,291,156,135,12,3,9,28,17,11,2,0,2,7,4,3,244,119,125,98,47,51,0,0,0,11,0,11,37,15,22,98,57,41,4,2,2
57902537,78,42,36,77,42,35,1,1,0,4,1,3,0,0,0,1,0,1,75,36,39,6,3,3,1,0,1,5,0,5,19,6,13,44,27,17,1,0,1
57902538,203,110,93,179,96,83,9,2,7,21,11,10,0,0,0,24,14,10,193,96,97,45,23,22,0,0,0,22,1,21,52,28,24,74,44,30,16,12,4
57902539,132,69,63,127,67,60,4,3,1,23,13,10,0,0,0,5,2,3,113,47,66,57,19,38,0,0,0,3,0,3,12,6,6,41,22,19,0,0,0
57902540,918,482,436,869,459,410,29,17,12,129,54,75,4,0,4,49,23,26,620,264,356,277,98,179,3,2,1,23,0,23,100,49,51,217,115,102,11,7,4
57902541,2111,1097,1014,2035,1059,976,56,28,28,291,136,155,16,0,16,76,38,38,1776,752,1024,931,373,558,3,2,1,65,0,65,250,125,125,527,252,275,17,7,10
57902542,98,60,38,98,60,38,1,1,0,14,9,5,0,0,0,0,0,0,59,21,38,18,6,12,0,0,0,5,0,5,12,5,7,24,10,14,3,1,2
57902544,763,408,355,704,376,328,22,8,14,97,45,52,7,0,7,59,32,27,677,288,389,297,120,177,1,1,0,33,0,33,141,68,73,205,99,106,14,6,8
57902545,135,71,64,128,69,59,7,4,3,13,8,5,1,0,1,7,2,5,104,42,62,46,19,27,1,1,0,2,0,2,12,5,7,43,17,26,1,1,0
57902546,80,42,38,75,40,35,1,1,0,5,2,3,0,0,0,5,2,3,73,40,33,26,13,13,0,0,0,2,0,2,13,8,5,32,19,13,0,0,0
57902547,667,354,313,628,333,295,18,9,9,71,33,38,4,0,4,39,21,18,593,246,347,267,96,171,3,0,3,23,0,23,123,54,69,177,96,81,19,12,7
57902548,75,41,34,66,38,28,6,2,4,6,3,3,1,0,1,9,3,6,69,29,40,25,10,15,0,0,0,5,0,5,16,5,11,23,14,9,2,1,1
57902549,81,45,36,80,44,36,1,0,1,8,4,4,0,0,0,1,1,0,47,19,28,17,4,13,0,0,0,5,0,5,15,10,5,10,5,5,0,0,0
57902551,151,81,70,147,79,68,5,3,2,17,10,7,3,0,3,4,2,2,136,59,77,57,22,35,0,0,0,8,0,8,24,14,10,47,23,24,1,1,0
57902552,70,40,30,68,38,30,3,2,1,8,5,3,1,0,1,2,2,0,59,27,32,15,6,9,0,0,0,3,0,3,8,5,3,33,16,17,2,0,2
57902553,182,99,83,180,99,81,7,4,3,20,9,11,1,0,1,2,0,2,166,76,90,71,32,39,0,0,0,13,0,13,27,12,15,55,32,23,2,2,0
57902554,35,18,17,32,16,16,0,0,0,6,2,4,1,0,1,3,2,1,18,8,10,10,4,6,0,0,0,0,0,0,2,0,2,6,4,2,0,0,0
57902555,685,453,232,620,405,215,27,11,16,66,38,28,5,0,5,65,48,17,389,176,213,147,64,83,2,2,0,17,1,16,89,49,40,134,60,74,113,90,23
57904101,68,40,28,67,39,28,0,0,0,8,7,1,0,0,0,1,1,0,53,28,25,30,13,17,0,0,0,2,0,2,3,2,1,18,13,5,1,1,0
57904102,323,186,137,307,178,129,11,4,7,42,23,19,1,0,1,16,8,8,295,138,157,137,57,80,0,0,0,15,0,15,52,29,23,91,52,39,11,8,3
57905003,393,216,177,365,201,164,7,2,5,42,18,24,1,0,1,28,15,13,359,166,193,155,67,88,0,0,0,17,0,17,59,28,31,128,71,57,20,8,12
57905004,17,8,9,16,8,8,1,0,1,1,0,1,0,0,0,1,0,1,17,9,8,6,3,3,1,1,0,1,0,1,4,1,3,5,4,1,0,0,0
57905005,32,17,15,30,16,14,1,0,1,6,4,2,0,0,0,2,1,1,28,15,13,18,8,10,0,0,0,1,0,1,4,3,1,5,4,1,1,1,0
57906801,30,18,12,29,17,12,1,0,1,2,2,0,0,0,0,1,1,0,31,11,20,21,7,14,0,0,0,0,0,0,3,0,3,7,4,3,0,0,0
57906802,552,303,249,535,294,241,16,7,9,63,24,39,8,0,8,17,9,8,513,228,285,231,90,141,1,1,0,20,0,20,80,42,38,181,95,86,7,3,4
57906803,33,20,13,33,20,13,1,1,0,5,2,3,0,0,0,0,0,0,18,7,11,11,3,8,0,0,0,1,0,1,2,1,1,4,3,1,0,0,0
57906804,65,33,32,63,32,31,5,1,4,10,6,4,1,0,1,2,1,1,63,39,24,36,20,16,0,0,0,2,1,1,7,6,1,18,12,6,0,0,0
57907601,83,45,38,78,43,35,2,0,2,10,5,5,1,0,1,5,2,3,79,35,44,43,21,22,0,0,0,5,0,5,13,5,8,18,9,9,0,0,0
57909201,180,107,73,174,105,69,4,0,4,30,14,16,0,0,0,6,2,4,159,73,86,85,32,53,0,0,0,9,0,9,28,16,12,37,25,12,3,3,0
57910601,211,126,85,208,124,84,5,2,3,16,7,9,0,0,0,3,2,1,185,80,105,93,40,53,1,1,0,6,0,6,13,5,8,72,34,38,1,1,0
57911401,168,96,72,164,94,70,5,4,1,24,9,15,1,0,1,4,2,2,163,74,89,95,38,57,2,1,1,4,0,4,20,9,11,42,26,16,3,2,1
57911402,137,77,60,132,73,59,2,0,2,13,8,5,0,0,0,5,4,1,134,52,82,66,26,40,0,0,0,4,0,4,22,8,14,42,18,24,3,2,1
57911403,50,26,24,48,26,22,2,0,2,4,2,2,0,0,0,2,0,2,57,27,30,17,9,8,0,0,0,2,0,2,15,8,7,23,10,13,3,0,3
57912201,513,285,228,492,275,217,15,6,9,44,22,22,7,0,7,21,10,11,427,191,236,212,94,118,0,0,0,15,0,15,70,38,32,130,59,71,9,4,5
57914901,141,80,61,138,79,59,6,2,4,17,8,9,0,0,0,3,1,2,107,54,53,52,26,26,0,0,0,3,1,2,18,7,11,34,20,14,1,1,0
57915701,291,165,126,284,158,126,10,6,4,30,16,14,0,0,0,7,7,0,244,102,142,123,44,79,3,2,1,9,0,9,37,15,22,72,41,31,3,0,3
57915702,65,37,28,63,35,28,2,2,0,6,3,3,0,0,0,2,2,0,61,29,32,18,5,13,1,0,1,2,0,2,10,5,5,30,19,11,2,1,1
57916501,397,217,180,386,210,176,11,3,8,44,24,20,3,0,3,11,7,4,386,165,221,158,65,93,0,0,0,12,0,12,57,25,32,159,75,84,5,2,3
57917301,88,51,37,87,51,36,3,2,1,7,5,2,0,0,0,1,0,1,97,47,50,42,20,22,0,0,0,3,0,3,15,9,6,37,18,19,3,1,2
57917302,53,27,26,50,25,25,1,1,0,12,4,8,0,0,0,3,2,1,45,23,22,23,12,11,0,0,0,0,0,0,3,1,2,19,10,9,2,0,2
57917303,23,14,9,22,14,8,1,1,0,2,1,1,0,0,0,1,0,1,33,11,22,14,5,9,1,1,0,2,0,2,5,1,4,11,4,7,0,0,0
57917304,14,7,7,12,6,6,0,0,0,1,0,1,0,0,0,2,1,1,11,5,6,6,3,3,0,0,0,1,0,1,1,0,1,3,2,1,0,0,0
57918101,158,84,74,154,83,71,5,1,4,30,16,14,2,0,2,4,1,3,139,68,71,72,34,38,0,0,0,7,0,7,18,11,7,42,23,19,3,2,1
57918102,15,8,7,15,8,7,0,0,0,2,2,0,0,0,0,0,0,0,13,5,8,7,2,5,0,0,0,1,0,1,4,3,1,1,0,1,0,0,0
57918103,20,10,10,20,10,10,2,0,2,3,2,1,0,0,0,0,0,0,17,5,12,4,1,3,0,0,0,3,0,3,7,4,3,3,0,3,0,0,0
57919001,347,189,158,337,186,151,7,0,7,36,22,14,1,0,1,10,3,7,297,116,181,139,52,87,2,2,0,13,0,13,50,22,28,93,40,53,4,1,3
3126810,0,0,0,0,0,0,0,0,0,0,0,0,0,0,0,0,0,0,0,0,0,0,0,0,0,0,0,0,0,0,0,0,0,0,0,0,0,0,0
57920301,99,57,42,94,57,37,1,1,0,13,3,10,1,0,1,5,0,5,65,32,33,36,20,16,0,0,0,3,0,3,8,6,2,18,6,12,1,0,1
57920302,155,84,71,149,82,67,8,3,5,29,17,12,1,0,1,6,2,4,172,75,97,99,40,59,0,0,0,6,0,6,25,11,14,42,24,18,2,1,1
57920303,72,43,29,70,42,28,2,1,1,10,4,6,0,0,0,2,1,1,80,42,38,44,21,23,0,0,0,2,0,2,5,2,3,29,19,10,0,0,0
57920304,106,62,44,99,57,42,2,2,0,15,8,7,0,0,0,7,5,2,118,59,59,61,32,29,1,1,0,4,0,4,14,7,7,38,19,19,1,0,1
57920305,210,121,89,204,116,88,8,4,4,25,14,11,3,0,3,6,5,1,182,79,103,96,41,55,0,0,0,7,0,7,29,14,15,50,24,26,1,0,1
57920306,78,45,33,77,44,33,3,1,2,16,6,10,0,0,0,1,1,0,83,38,45,41,19,22,0,0,0,4,0,4,16,8,8,22,11,11,3,0,3
57920307,23,14,9,22,14,8,0,0,0,4,3,1,0,0,0,1,0,1,23,11,12,12,5,7,0,0,0,1,0,1,4,2,2,6,4,2,1,1,0
57920308,136,80,56,135,80,55,3,2,1,20,13,7,0,0,0,1,0,1,101,41,60,38,12,26,0,0,0,4,0,4,19,10,9,40,19,21,0,0,0
57920309,46,23,23,46,23,23,1,1,0,4,1,3,0,0,0,0,0,0,29,12,17,12,6,6,0,0,0,3,0,3,6,1,5,8,5,3,1,1,0
57920310,267,138,129,253,132,121,2,1,1,42,17,25,4,0,4,14,6,8,234,96,138,107,34,73,0,0,0,11,0,11,54,29,25,62,33,29,7,4,3
57920311,408,228,180,389,219,170,9,6,3,59,34,25,4,0,4,19,9,10,423,191,232,255,105,150,0,0,0,9,1,8,43,23,20,116,62,54,4,3,1
57920312,967,538,429,888,492,396,30,14,16,104,53,51,7,0,7,79,46,33,771,334,437,368,159,209,0,0,0,36,0,36,129,69,60,238,106,132,60,43,17
57920313,949,508,441,918,488,430,24,14,10,129,65,64,8,0,8,31,20,11,932,405,527,480,184,296,2,2,0,45,0,45,129,74,55,276,145,131,7,3,4
57920314,70,35,35,68,33,35,3,1,2,7,3,4,1,0,1,2,2,0,58,25,33,25,12,13,0,0,0,4,0,4,15,7,8,14,6,8,1,0,1
57920315,635,361,274,605,349,256,18,6,12,110,58,52,2,0,2,30,12,18,581,252,329,300,137,163,1,0,1,27,0,27,94,38,56,159,77,82,9,3,6
57920316,1044,551,493,994,524,470,23,7,16,136,62,74,11,0,11,50,27,23,1134,467,667,706,261,445,0,0,0,39,0,39,132,75,57,257,131,126,19,10,9
57920317,556,274,282,531,263,268,19,7,12,83,44,39,5,0,5,25,11,14,614,237,377,392,134,258,1,1,0,19,0,19,56,29,27,146,73,73,6,4,2
57920318,165,82,83,155,77,78,3,1,2,20,8,12,0,0,0,10,5,5,129,48,81,64,24,40,0,0,0,6,0,6,16,6,10,43,18,25,0,0,0
57920319,8,4,4,7,4,3,0,0,0,1,1,0,0,0,0,1,0,1,12,8,4,7,4,3,0,0,0,0,0,0,2,2,0,3,2,1,0,0,0
57920320,587,312,275,560,296,264,22,6,16,61,32,29,1,0,1,27,16,11,601,262,339,321,128,193,2,1,1,20,1,19,79,40,39,179,92,87,10,7,3
57920321,111,63,48,109,62,47,5,2,3,13,9,4,0,0,0,2,1,1,86,36,50,43,17,26,0,0,0,3,0,3,12,5,7,28,14,14,0,0,0
57920322,75,41,34,70,39,31,3,2,1,9,5,4,0,0,0,5,2,3,75,39,36,30,18,12,2,2,0,4,0,4,12,4,8,27,15,12,1,0,1
57920324,798,406,392,776,388,388,32,7,25,143,68,75,2,0,2,22,18,4,742,311,431,445,175,270,1,1,0,25,0,25,92,43,49,179,92,87,6,3,3
57921101,263,150,113,247,138,109,9,3,6,20,7,13,2,0,2,16,12,4,269,142,127,152,84,68,1,0,1,11,0,11,44,24,20,61,34,27,9,6,3
57921102,12,8,4,12,8,4,0,0,0,0,0,0,0,0,0,0,0,0,8,1,7,4,1,3,0,0,0,0,0,0,1,0,1,3,0,3,0,0,0
57921104,13,7,6,13,7,6,0,0,0,0,0,0,0,0,0,0,0,0,21,10,11,8,4,4,0,0,0,0,0,0,3,1,2,10,5,5,0,0,0
57921105,103,59,44,101,58,43,1,0,1,12,8,4,0,0,0,2,1,1,123,44,79,67,23,44,0,0,0,3,1,2,16,10,6,37,10,27,1,1,0
57921106,15,8,7,14,8,6,0,0,0,2,1,1,0,0,0,1,0,1,12,6,6,4,1,3,0,0,0,0,0,0,3,2,1,5,3,2,0,0,0
57921108,30,14,16,27,12,15,2,0,2,5,0,5,0,0,0,3,2,1,29,11,18,11,6,5,0,0,0,1,0,1,3,1,2,14,4,10,0,0,0
57921109,21,11,10,21,11,10,2,1,1,2,2,0,0,0,0,0,0,0,28,13,15,6,2,4,0,0,0,2,0,2,4,4,0,16,7,9,1,1,0
57921110,36,21,15,34,20,14,2,1,1,2,1,1,0,0,0,2,1,1,24,10,14,9,3,6,0,0,0,3,0,3,4,3,1,8,4,4,0,0,0
57922001,21,11,10,20,11,9,1,0,1,1,1,0,0,0,0,1,0,1,24,10,14,12,6,6,0,0,0,1,0,1,4,2,2,7,2,5,0,0,0
57922002,27,14,13,26,14,12,1,0,1,5,2,3,0,0,0,1,0,1,32,18,14,23,12,11,0,0,0,0,0,0,3,1,2,6,5,1,0,0,0
57922003,444,241,203,433,235,198,19,7,12,41,18,23,2,0,2,11,6,5,385,177,208,180,78,102,1,1,0,13,0,13,58,28,30,133,70,63,1,1,0
57923801,222,125,97,210,117,93,4,1,3,25,15,10,3,0,3,12,8,4,198,101,97,107,53,54,2,1,1,9,0,9,30,18,12,50,29,21,8,4,4
57925401,176,102,74,172,102,70,3,2,1,16,6,10,2,0,2,4,0,4,179,76,103,78,28,50,0,0,0,10,0,10,32,17,15,59,31,28,1,1,0
57926202,16,10,6,15,9,6,1,0,1,1,0,1,1,0,1,1,1,0,18,11,7,9,7,2,0,0,0,2,0,2,5,3,2,2,1,1,0,0,0
57926203,25,14,11,22,12,10,1,0,1,3,3,0,0,0,0,3,2,1,14,6,8,5,2,3,0,0,0,1,0,1,3,2,1,5,2,3,0,0,0
57926206,86,51,35,84,51,33,2,2,0,12,7,5,0,0,0,2,0,2,50,20,30,25,9,16,0,0,0,3,0,3,8,3,5,14,8,6,3,2,1
57926207,335,179,156,315,167,148,8,2,6,43,21,22,1,0,1,20,12,8,256,124,132,130,55,75,2,0,2,8,0,8,39,19,20,77,50,27,6,3,3
57926209,50,31,19,45,27,18,2,0,2,5,2,3,0,0,0,5,4,1,67,44,23,28,12,16,0,0,0,1,0,1,5,3,2,33,29,4,0,0,0
57927101,32,21,11,32,21,11,1,1,0,0,0,0,0,0,0,0,0,0,32,13,19,19,7,12,0,0,0,1,0,1,5,2,3,7,4,3,0,0,0
57927102,70,43,27,66,41,25,0,0,0,4,3,1,0,0,0,4,2,2,54,27,27,30,12,18,0,0,0,1,0,1,7,4,3,16,11,5,2,1,1
57927103,25,12,13,24,12,12,1,1,0,1,0,1,0,0,0,1,0,1,35,13,22,20,10,10,0,0,0,4,1,3,8,2,6,3,0,3,0,0,0
57927104,25,17,8,22,14,8,0,0,0,3,2,1,0,0,0,3,3,0,16,7,9,7,3,4,0,0,0,1,0,1,5,1,4,3,3,0,0,0,0
57929701,2027,1124,903,1927,1065,862,51,16,35,232,103,129,9,0,9,100,59,41,2058,871,1187,1125,448,677,2,0,2,78,2,76,276,132,144,577,289,288,43,29,14
57930102,83,47,36,81,46,35,3,1,2,5,2,3,1,0,1,2,1,1,85,39,46,39,19,20,1,0,1,4,0,4,16,5,11,25,15,10,0,0,0
57930103,26,15,11,26,15,11,0,0,0,5,2,3,0,0,0,0,0,0,13,5,8,7,3,4,0,0,0,0,0,0,0,0,0,6,2,4,0,0,0
57931901,342,196,146,327,189,138,7,4,3,35,22,13,2,0,2,15,7,8,313,138,175,155,61,94,1,1,0,13,0,13,52,27,25,92,49,43,8,6,2
57931902,126,73,53,124,72,52,2,1,1,23,9,14,0,0,0,2,1,1,99,43,56,47,25,22,1,1,0,2,0,2,17,5,12,32,12,20,2,1,1
57931903,35,20,15,31,17,14,1,1,0,1,0,1,0,0,0,4,3,1,36,16,20,15,6,9,0,0,0,1,0,1,7,2,5,13,8,5,0,0,0
57932701,14,9,5,14,9,5,0,0,0,4,3,1,0,0,0,0,0,0,16,9,7,10,5,5,0,0,0,0,0,0,0,0,0,6,4,2,0,0,0
57932702,30,20,10,24,18,6,0,0,0,5,4,1,0,0,0,6,2,4,21,9,12,14,6,8,0,0,0,1,0,1,2,0,2,4,3,1,0,0,0
57932703,247,136,111,233,131,102,8,6,2,33,17,16,1,0,1,14,5,9,217,96,121,113,47,66,1,1,0,7,0,7,34,14,20,62,34,28,3,2,1
57933501,251,153,98,233,144,89,8,1,7,28,11,17,3,0,3,18,9,9,224,103,121,109,47,62,0,0,0,9,0,9,34,20,14,72,36,36,4,1,3
57933502,95,47,48,93,47,46,4,2,2,10,5,5,0,0,0,2,0,2,63,31,32,35,18,17,0,0,0,1,0,1,11,3,8,16,10,6,1,0,1
57935103,16,8,8,16,8,8,1,1,0,6,3,3,0,0,0,0,0,0,18,8,10,9,4,5,0,0,0,1,1,0,4,0,4,4,3,1,0,0,0
57935104,34,19,15,34,19,15,0,0,0,8,4,4,0,0,0,0,0,0,26,14,12,10,4,6,0,0,0,1,0,1,5,4,1,10,6,4,0,0,0
57935105,72,39,33,65,37,28,1,0,1,12,7,5,0,0,0,7,2,5,46,19,27,26,7,19,0,0,0,0,0,0,5,0,5,15,12,3,0,0,0
57935106,256,136,120,239,127,112,7,4,3,41,24,17,1,0,1,17,9,8,177,76,101,100,42,58,0,0,0,5,0,5,21,7,14,51,27,24,11,8,3
57937801,12,8,4,12,8,4,0,0,0,1,0,1,0,0,0,0,0,0,11,6,5,7,4,3,0,0,0,0,0,0,2,2,0,2,0,2,1,0,1
57937802,21,10,11,21,10,11,1,0,1,0,0,0,0,0,0,0,0,0,18,12,6,7,4,3,0,0,0,0,0,0,1,1,0,10,7,3,0,0,0
57937803,117,63,54,112,61,51,3,0,3,13,8,5,0,0,0,5,2,3,132,58,74,70,30,40,0,0,0,3,0,3,17,6,11,42,22,20,2,1,1
57937804,32,22,10,32,22,10,2,1,1,1,0,1,0,0,0,0,0,0,13,8,5,7,4,3,0,0,0,0,0,0,1,0,1,5,4,1,0,0,0
57937805,67,37,30,65,36,29,1,0,1,9,6,3,0,0,0,2,1,1,58,29,29,38,17,21,0,0,0,0,0,0,7,5,2,13,7,6,1,1,0
57937807,16,8,8,15,8,7,0,0,0,0,0,0,0,0,0,1,0,1,33,15,18,21,11,10,2,1,1,1,0,1,4,2,2,5,1,4,1,1,0
57938601,103,61,42,100,59,41,4,1,3,7,6,1,0,0,0,3,2,1,117,46,71,53,17,36,0,0,0,8,0,8,21,9,12,35,20,15,0,0,0
57939401,120,74,46,119,73,46,7,1,6,11,6,5,1,0,1,1,1,0,142,62,80,70,28,42,0,0,0,9,0,9,26,18,8,37,16,21,1,0,1
57939402,27,16,11,24,14,10,1,0,1,4,1,3,0,0,0,3,2,1,16,9,7,5,2,3,0,0,0,0,0,0,3,3,0,8,4,4,0,0,0
57939403,103,61,42,99,58,41,5,0,5,13,9,4,0,0,0,4,3,1,91,42,49,49,19,30,0,0,0,4,0,4,15,7,8,23,16,7,0,0,0
57940801,15,8,7,14,8,6,0,0,0,3,1,2,0,0,0,1,0,1,24,10,14,16,7,9,0,0,0,1,0,1,2,1,1,5,2,3,1,1,0
57940803,86,52,34,83,49,34,1,1,0,3,2,1,2,0,2,3,3,0,83,36,47,44,17,27,0,0,0,3,1,2,14,3,11,22,15,7,1,0,1
57940804,22,15,7,20,15,5,0,0,0,5,5,0,0,0,0,2,0,2,30,14,16,13,5,8,0,0,0,3,0,3,6,3,3,8,6,2,1,1,0
57941602,31,18,13,30,17,13,1,0,1,0,0,0,0,0,0,1,1,0,38,13,25,17,6,11,0,0,0,2,0,2,4,2,2,15,5,10,1,1,0
57941603,96,59,37,92,58,34,1,1,0,13,8,5,0,0,0,4,1,3,89,37,52,43,16,27,0,0,0,3,0,3,14,9,5,29,12,17,2,1,1
57942401,285,158,127,270,151,119,10,6,4,23,11,12,5,0,5,15,7,8,250,113,137,112,50,62,0,0,0,14,1,13,45,21,24,79,41,38,5,3,2
57943201,230,131,99,228,130,98,6,3,3,18,8,10,6,0,6,2,1,1,220,94,126,92,39,53,0,0,0,11,0,11,40,16,24,77,39,38,1,0,1
57943202,666,363,303,644,352,292,14,7,7,54,25,29,7,0,7,22,11,11,609,300,309,260,115,145,1,1,0,22,1,21,84,51,33,242,132,110,15,8,7
57944101,45,24,21,43,23,20,2,0,2,9,6,3,0,0,0,2,1,1,37,16,21,15,5,10,0,0,0,1,0,1,6,4,2,15,7,8,0,0,0
57944102,21,11,10,20,11,9,0,0,0,3,2,1,0,0,0,1,0,1,25,12,13,16,9,7,0,0,0,0,0,0,1,0,1,8,3,5,0,0,0
57944103,12,7,5,12,7,5,0,0,0,1,0,1,0,0,0,0,0,0,25,12,13,22,11,11,0,0,0,0,0,0,2,1,1,1,0,1,0,0,0
57944104,16,9,7,16,9,7,1,0,1,2,1,1,0,0,0,0,0,0,22,7,15,12,4,8,0,0,0,2,0,2,3,0,3,5,3,2,0,0,0
57947501,159,87,72,153,81,72,6,2,4,19,10,9,0,0,0,6,6,0,151,73,78,79,34,45,0,0,0,9,0,9,27,15,12,36,24,12,0,0,0
57947502,20,10,10,20,10,10,0,0,0,2,1,1,0,0,0,0,0,0,29,14,15,15,8,7,0,0,0,2,0,2,3,0,3,9,6,3,1,0,1
57948301,67,40,27,65,38,27,4,1,3,5,4,1,1,0,1,2,2,0,72,33,39,47,20,27,0,0,0,2,0,2,11,7,4,12,6,6,0,0,0
57948302,10,7,3,10,7,3,2,1,1,0,0,0,0,0,0,0,0,0,10,5,5,5,2,3,0,0,0,0,0,0,0,0,0,5,3,2,0,0,0
57950501,50,31,19,50,31,19,1,1,0,3,1,2,0,0,0,0,0,0,30,13,17,4,2,2,0,0,0,4,0,4,9,4,5,13,7,6,0,0,0
57950502,47,30,17,46,29,17,0,0,0,4,3,1,0,0,0,1,1,0,30,15,15,9,5,4,0,0,0,3,0,3,3,2,1,15,8,7,0,0,0
57951301,643,342,301,616,327,289,20,10,10,76,37,39,5,0,5,27,15,12,545,248,297,261,112,149,3,2,1,24,0,24,84,40,44,173,94,79,9,6,3
57951302,130,118,12,129,117,12,3,1,2,4,2,2,0,0,0,1,1,0,177,156,21,19,13,6,0,0,0,2,0,2,145,137,8,11,6,5,0,0,0
57951303,34,20,14,33,19,14,0,0,0,2,2,0,0,0,0,1,1,0,37,15,22,24,11,13,0,0,0,0,0,0,2,1,1,11,3,8,2,1,1
57951304,49,31,18,45,29,16,1,0,1,6,3,3,0,0,0,4,2,2,50,21,29,26,12,14,0,0,0,5,0,5,9,4,5,10,5,5,0,0,0
57953001,79,50,29,77,48,29,3,2,1,8,6,2,0,0,0,2,2,0,92,36,56,47,19,28,0,0,0,5,0,5,12,4,8,28,13,15,0,0,0
57954801,99,62,37,96,60,36,5,3,2,7,4,3,3,0,3,3,2,1,81,37,44,23,12,11,1,1,0,8,0,8,19,8,11,30,16,14,1,0,1
57954802,166,92,74,154,87,67,6,3,3,9,6,3,0,0,0,12,5,7,123,49,74,52,20,32,0,0,0,11,1,10,29,15,14,31,13,18,0,0,0
57954803,910,510,400,868,486,382,30,16,14,101,50,51,4,0,4,42,24,18,826,372,454,399,163,236,3,3,0,40,0,40,123,63,60,261,143,118,22,15,7
57955601,10,6,4,10,6,4,0,0,0,0,0,0,0,0,0,0,0,0,16,9,7,11,5,6,0,0,0,0,0,0,0,0,0,5,4,1,0,0,0
57955602,26,15,11,24,14,10,0,0,0,2,1,1,0,0,0,2,1,1,28,17,11,16,9,7,0,0,0,0,0,0,3,2,1,9,6,3,0,0,0
57955603,291,167,124,273,156,117,6,3,3,37,18,19,0,0,0,18,11,7,347,153,194,223,92,131,2,2,0,15,0,15,35,18,17,72,41,31,9,7,2
57955604,68,41,27,64,40,24,3,2,1,5,5,0,0,0,0,4,1,3,69,33,36,36,14,22,0,0,0,1,0,1,11,7,4,21,12,9,1,0,1
57955606,68,42,26,65,41,24,2,1,1,4,3,1,2,0,2,3,1,2,82,36,46,44,19,25,0,0,0,5,0,5,16,7,9,17,10,7,1,1,0
57955607,29,16,13,27,14,13,0,0,0,9,5,4,0,0,0,2,2,0,31,15,16,16,7,9,0,0,0,0,0,0,3,3,0,12,5,7,0,0,0
57955608,35,20,15,33,20,13,0,0,0,7,4,3,0,0,0,2,0,2,47,19,28,22,8,14,0,0,0,3,0,3,11,7,4,11,4,7,0,0,0
57956401,214,111,103,208,109,99,7,2,5,18,9,9,1,0,1,6,2,4,199,103,96,84,44,40,0,0,0,4,0,4,31,10,21,80,49,31,4,1,3
57956402,64,37,27,60,35,25,1,0,1,7,4,3,0,0,0,4,2,2,57,22,35,6,0,6,0,0,0,6,0,6,11,6,5,34,16,18,0,0,0
57956403,40,22,18,39,21,18,4,2,2,4,1,3,0,0,0,1,1,0,41,17,24,21,7,14,0,0,0,1,0,1,4,3,1,15,7,8,0,0,0
57956404,69,44,25,66,41,25,4,0,4,10,6,4,0,0,0,3,3,0,96,37,59,44,17,27,1,1,0,7,0,7,17,6,11,27,13,14,3,1,2
57958102,243,135,108,233,127,106,8,5,3,32,17,15,1,0,1,10,8,2,116,63,53,28,12,16,2,1,1,6,0,6,29,20,9,51,30,21,7,3,4
57958103,68,36,32,68,36,32,3,2,1,10,6,4,0,0,0,0,0,0,40,15,25,27,10,17,0,0,0,2,0,2,4,2,2,7,3,4,1,1,0
57958104,111,57,54,108,56,52,1,0,1,16,9,7,0,0,0,3,1,2,72,40,32,28,17,11,1,1,0,2,1,1,15,9,6,26,12,14,2,1,1
57959901,355,201,154,333,189,144,9,3,6,35,20,15,1,0,1,22,12,10,342,133,209,166,54,112,1,1,0,8,0,8,58,24,34,109,54,55,11,8,3
57959902,111,57,54,110,57,53,3,1,2,12,9,3,0,0,0,1,0,1,89,38,51,55,24,31,0,0,0,1,0,1,9,2,7,24,12,12,0,0,0
57959903,113,62,51,108,60,48,5,2,3,14,11,3,0,0,0,5,2,3,81,33,48,40,18,22,0,0,0,4,0,4,14,7,7,23,8,15,0,0,0
57959904,40,21,19,39,21,18,0,0,0,4,2,2,1,0,1,1,0,1,40,20,20,17,8,9,0,0,0,2,0,2,6,4,2,15,8,7,0,0,0
57960201,305,182,123,293,177,116,8,2,6,29,15,14,2,0,2,12,5,7,278,119,159,111,49,62,0,0,0,22,0,22,58,28,30,87,42,45,4,1,3
57962901,445,245,200,423,235,188,14,3,11,54,33,21,2,0,2,22,10,12,430,174,256,218,84,134,3,2,1,19,0,19,56,26,30,134,62,72,7,4,3
57962902,15,9,6,14,9,5,1,1,0,1,1,0,0,0,0,1,0,1,19,10,9,8,4,4,0,0,0,0,0,0,2,2,0,9,4,5,0,0,0
57963701,1397,762,635,1355,741,614,66,31,35,136,69,67,7,0,7,42,21,21,1452,641,811,807,339,468,1,1,0,58,0,58,204,99,105,382,202,180,27,14,13
57964501,68,41,27,62,38,24,3,3,0,11,7,4,2,0,2,6,3,3,57,30,27,26,11,15,0,0,0,3,0,3,10,7,3,18,12,6,1,1,0
57964502,136,75,61,134,74,60,5,2,3,14,7,7,1,0,1,2,1,1,151,66,85,84,32,52,2,0,2,2,0,2,14,5,9,49,29,20,1,1,0
57964504,43,24,19,41,23,18,2,1,1,4,3,1,0,0,0,2,1,1,45,20,25,14,5,9,0,0,0,2,0,2,8,5,3,21,10,11,1,1,0
57964505,247,146,101,236,144,92,6,3,3,21,12,9,1,0,1,11,2,9,234,105,129,134,56,78,0,0,0,8,0,8,30,18,12,62,31,31,5,2,3
57964506,132,77,55,127,74,53,5,5,0,9,5,4,0,0,0,5,3,2,124,54,70,74,32,42,1,0,1,6,0,6,13,6,7,30,16,14,0,0,0
57964507,31,19,12,31,19,12,0,0,0,4,3,1,0,0,0,0,0,0,17,5,12,8,1,7,0,0,0,0,0,0,1,0,1,8,4,4,0,0,0
57964508,41,17,24,39,17,22,0,0,0,7,1,6,0,0,0,2,0,2,38,18,20,17,9,8,0,0,0,0,0,0,8,3,5,13,6,7,4,3,1
57964509,330,200,130,319,192,127,8,6,2,25,15,10,7,0,7,11,8,3,289,122,167,136,52,84,0,0,0,13,0,13,45,21,24,95,49,46,16,10,6
57966101,61,38,23,60,38,22,0,0,0,8,2,6,0,0,0,1,0,1,64,21,43,30,7,23,0,0,0,1,0,1,11,4,7,22,10,12,0,0,0
57966102,28,15,13,27,14,13,3,2,1,1,1,0,0,0,0,1,1,0,24,13,11,12,6,6,0,0,0,0,0,0,3,1,2,9,6,3,0,0,0
57966103,49,29,20,47,27,20,0,0,0,2,1,1,0,0,0,2,2,0,57,22,35,34,15,19,0,0,0,4,0,4,11,4,7,8,3,5,4,2,2
57966104,155,88,67,154,87,67,6,2,4,14,8,6,1,0,1,1,1,0,136,68,68,52,28,24,0,0,0,10,0,10,34,19,15,40,21,19,1,1,0
57966105,18,9,9,18,9,9,2,0,2,1,0,1,1,0,1,0,0,0,15,6,9,4,2,2,0,0,0,1,0,1,4,1,3,6,3,3,0,0,0
57969602,96,52,44,92,50,42,4,2,2,20,8,12,1,0,1,4,2,2,79,37,42,30,15,15,0,0,0,1,0,1,12,6,6,36,16,20,3,2,1
57972601,176,101,75,170,97,73,4,1,3,29,16,13,3,0,3,6,4,2,183,80,103,77,35,42,2,1,1,7,0,7,36,16,20,61,28,33,2,1,1
57973401,64,37,27,62,36,26,2,1,1,12,3,9,0,0,0,2,1,1,94,43,51,58,30,28,0,0,0,6,0,6,12,5,7,18,8,10,1,1,0
57973402,513,292,221,488,276,212,12,6,6,74,39,35,5,0,5,25,16,9,543,203,340,333,113,220,2,1,1,19,0,19,70,34,36,119,55,64,16,10,6
57973403,348,188,160,332,180,152,10,2,8,39,18,21,1,0,1,16,8,8,355,154,201,207,89,118,0,0,0,16,0,16,41,21,20,91,44,47,3,1,2
57974202,342,181,161,328,174,154,16,8,8,41,23,18,3,0,3,14,7,7,248,88,160,111,32,79,0,0,0,12,0,12,39,15,24,86,41,45,9,5,4
57974204,42,27,15,41,27,14,0,0,0,10,8,2,0,0,0,1,0,1,34,14,20,15,6,9,0,0,0,2,0,2,6,3,3,11,5,6,0,0,0
57974205,22,13,9,22,13,9,2,0,2,1,0,1,0,0,0,0,0,0,19,10,9,7,5,2,0,0,0,1,0,1,3,1,2,8,4,4,0,0,0
57974209,36,26,10,35,25,10,0,0,0,7,5,2,0,0,0,1,1,0,23,12,11,11,6,5,2,1,1,1,0,1,3,1,2,6,4,2,2,0,2
57974212,166,92,74,159,88,71,5,3,2,14,7,7,0,0,0,7,4,3,80,41,39,26,14,12,1,1,0,2,0,2,13,3,10,38,23,15,8,5,3
57974213,17,10,7,17,10,7,0,0,0,2,1,1,0,0,0,0,0,0,10,5,5,5,3,2,0,0,0,0,0,0,1,1,0,4,1,3,1,0,1
57975101,40,26,14,39,25,14,0,0,0,2,2,0,0,0,0,1,1,0,50,19,31,20,7,13,0,0,0,5,0,5,11,3,8,14,9,5,1,1,0
57976902,19,13,6,19,13,6,0,0,0,2,1,1,0,0,0,0,0,0,17,7,10,15,6,9,0,0,0,0,0,0,0,0,0,2,1,1,0,0,0
57976903,25,16,9,23,14,9,2,1,1,2,0,2,0,0,0,2,2,0,21,10,11,9,5,4,0,0,0,1,0,1,6,1,5,5,4,1,0,0,0
57976904,29,20,9,29,20,9,0,0,0,1,0,1,1,0,1,0,0,0,20,8,12,5,2,3,0,0,0,0,0,0,2,1,1,13,5,8,0,0,0
57976905,8,4,4,8,4,4,1,1,0,1,1,0,0,0,0,0,0,0,14,7,7,12,6,6,0,0,0,0,0,0,0,0,0,2,1,1,0,0,0
57976906,157,89,68,150,84,66,7,2,5,12,6,6,1,0,1,7,5,2,131,56,75,53,22,31,0,0,0,8,0,8,24,11,13,46,23,23,1,0,1
57977701,179,98,81,167,92,75,3,0,3,23,11,12,0,0,0,12,6,6,167,74,93,86,37,49,2,2,0,6,0,6,21,9,12,52,26,26,0,0,0
57977702,2306,1267,1039,2124,1174,950,68,38,30,282,144,138,8,0,8,182,93,89,2622,1058,1564,1440,544,896,4,1,3,110,0,110,443,199,244,625,314,311,64,34,30
57978501,58,33,25,56,32,24,2,1,1,5,4,1,0,0,0,2,1,1,68,31,37,33,16,17,0,0,0,3,0,3,13,5,8,19,10,9,2,1,1
57978503,106,57,49,102,54,48,1,0,1,12,5,7,4,0,4,4,3,1,106,53,53,57,28,29,0,0,0,4,0,4,13,6,7,32,19,13,2,1,1
57978504,443,256,187,424,244,180,12,3,9,45,28,17,5,0,5,19,12,7,430,189,241,203,87,116,1,1,0,22,1,21,81,43,38,123,57,66,4,1,3
57979301,44,22,22,41,20,21,4,1,3,4,2,2,1,0,1,3,2,1,37,19,18,18,11,7,1,1,0,0,0,0,4,2,2,14,5,9,1,1,0
57979302,85,50,35,79,45,34,6,2,4,8,5,3,1,0,1,6,5,1,58,26,32,24,9,15,0,0,0,4,0,4,8,6,2,22,11,11,1,1,0
57979303,15,9,6,15,9,6,0,0,0,2,1,1,0,0,0,0,0,0,13,6,7,11,5,6,0,0,0,0,0,0,0,0,0,2,1,1,0,0,0
57981501,20,10,10,20,10,10,2,0,2,3,1,2,0,0,0,0,0,0,16,8,8,10,5,5,0,0,0,0,0,0,1,1,0,5,2,3,1,0,1
57981502,218,123,95,213,120,93,7,3,4,18,11,7,4,0,4,5,3,2,223,99,124,106,50,56,0,0,0,13,0,13,36,18,18,68,31,37,4,1,3
57981503,46,26,20,45,26,19,1,1,0,7,6,1,1,0,1,1,0,1,37,17,20,19,8,11,0,0,0,1,0,1,6,3,3,11,6,5,1,1,0
57981504,273,154,119,250,145,105,4,1,3,26,9,17,2,0,2,23,9,14,288,136,152,122,50,72,0,0,0,10,0,10,64,34,30,92,52,40,19,13,6
57981506,130,70,60,128,69,59,4,1,3,15,10,5,1,0,1,2,1,1,117,56,61,47,18,29,0,0,0,4,0,4,19,9,10,47,29,18,0,0,0
57981508,19,11,8,19,11,8,0,0,0,1,1,0,1,0,1,0,0,0,20,9,11,12,7,5,0,0,0,1,0,1,3,1,2,4,1,3,1,0,1
57981509,15,9,6,11,8,3,0,0,0,1,0,1,0,0,0,4,1,3,9,3,6,7,3,4,0,0,0,0,0,0,0,0,0,2,0,2,0,0,0
57982302,290,161,129,270,152,118,12,6,6,25,11,14,2,1,1,20,9,11,245,110,135,98,44,54,1,1,0,15,0,15,52,25,27,79,40,39,7,4,3
57983101,82,45,37,77,42,35,4,3,1,5,2,3,0,0,0,5,3,2,61,25,36,34,13,21,0,0,0,1,0,1,4,3,1,22,9,13,1,0,1
57983102,121,71,50,116,67,49,2,0,2,12,7,5,0,0,0,5,4,1,89,38,51,47,18,29,0,0,0,2,0,2,17,10,7,23,10,13,4,3,1
3038790,0,0,0,0,0,0,0,0,0,0,0,0,0,0,0,0,0,0,0,0,0,0,0,0,0,0,0,0,0,0,0,0,0,0,0,0,0,0,0
3127620,0,0,0,0,0,0,0,0,0,0,0,0,0,0,0,0,0,0,0,0,0,0,0,0,0,0,0,0,0,0,0,0,0,0,0,0,0,0,0
57985802,129,71,58,126,71,55,7,4,3,17,10,7,1,0,1,3,0,3,117,55,62,50,22,28,0,0,0,7,0,7,27,16,11,33,17,16,0,0,0
57985803,760,426,334,738,413,325,22,15,7,72,34,38,9,0,9,22,13,9,672,275,397,295,124,171,2,0,2,33,0,33,117,54,63,225,97,128,6,3,3
57985804,440,245,195,416,234,182,19,8,11,56,30,26,4,0,4,24,11,13,451,199,252,224,92,132,2,2,0,27,0,27,67,37,30,131,68,63,2,2,0
57985806,115,66,49,108,62,46,2,2,0,7,3,4,0,0,0,7,4,3,79,39,40,35,18,17,0,0,0,1,0,1,13,7,6,30,14,16,2,0,2
57985808,72,36,36,69,35,34,2,1,1,20,11,9,0,0,0,3,1,2,74,32,42,44,21,23,0,0,0,1,0,1,5,2,3,24,9,15,1,1,0
57985809,289,167,122,276,160,116,9,5,4,32,18,14,2,0,2,13,7,6,319,119,200,173,52,121,2,2,0,8,0,8,45,21,24,91,44,47,2,1,1
57985810,949,500,449,913,486,427,22,14,8,116,48,68,10,0,10,36,14,22,1123,454,669,698,254,444,6,4,2,36,0,36,141,74,67,242,122,120,16,8,8
57985811,376,190,186,359,185,174,8,3,5,49,17,32,3,0,3,17,5,12,353,149,204,210,86,124,0,0,0,9,1,8,49,25,24,85,37,48,5,3,2
57985813,1219,678,541,1152,641,511,45,22,23,161,69,92,3,0,3,67,37,30,935,403,532,427,178,249,2,2,0,43,0,43,177,86,91,286,137,149,62,48,14
57985814,1133,572,561,1088,549,539,41,17,24,119,46,73,8,0,8,45,23,22,1001,424,577,447,179,268,2,1,1,44,0,44,157,88,69,351,156,195,12,6,6
57985815,59,28,31,54,27,27,0,0,0,4,1,3,0,0,0,5,1,4,39,22,17,13,5,8,0,0,0,2,0,2,8,5,3,16,12,4,1,0,1
57985816,16,8,8,16,8,8,0,0,0,2,1,1,0,0,0,0,0,0,10,6,4,2,2,0,0,0,0,0,0,0,1,1,0,7,3,4,0,0,0
57985817,514,267,247,490,253,237,14,6,8,55,29,26,1,0,1,24,14,10,567,238,329,309,122,187,5,4,1,23,0,23,79,40,39,151,72,79,8,3,5
57986601,124,70,54,122,68,54,7,1,6,14,8,6,1,0,1,2,2,0,86,38,48,34,15,19,0,0,0,2,0,2,18,7,11,32,16,16,3,2,1
1942550,0,0,0,0,0,0,0,0,0,0,0,0,0,0,0,0,0,0,0,0,0,0,0,0,0,0,0,0,0,0,0,0,0,0,0,0,0,0,0
57987401,122,67,55,118,66,52,8,3,5,13,6,7,0,0,0,4,1,3,103,50,53,48,24,24,0,0,0,5,0,5,18,9,9,32,17,15,3,2,1
57987403,9,6,3,6,4,2,0,0,0,2,1,1,0,0,0,3,2,1,12,6,6,5,3,2,0,0,0,1,0,1,3,2,1,3,1,2,0,0,0
57987407,1259,698,561,1202,671,531,30,9,21,140,79,61,6,0,6,57,27,30,1352,568,784,790,316,474,9,6,3,50,1,49,184,93,91,319,152,167,33,22,11
50430101,230,119,111,224,116,108,10,1,9,12,5,7,1,0,1,6,3,3,196,94,102,70,30,40,0,0,0,7,0,7,39,23,16,80,41,39,4,1,3
50480701,30,17,13,29,17,12,2,0,2,2,1,1,0,0,0,1,0,1,24,11,13,11,4,7,0,0,0,2,0,2,2,1,1,9,6,3,0,0,0
50480702,126,66,60,123,64,59,7,1,6,12,5,7,3,0,3,3,2,1,116,48,68,64,29,35,2,1,1,4,0,4,12,3,9,34,15,19,0,0,0
50492101,148,78,70,140,73,67,7,1,6,19,10,9,1,0,1,8,5,3,151,74,77,72,36,36,0,0,0,7,0,7,28,12,16,44,26,18,0,0,0
50495501,78,46,32,73,44,29,0,0,0,8,4,4,0,0,0,5,2,3,82,39,43,36,19,17,0,0,0,4,0,4,18,10,8,24,10,14,2,2,0
50500501,8,3,5,8,3,5,1,1,0,1,0,1,0,0,0,0,0,0,17,7,10,10,5,5,0,0,0,0,0,0,2,0,2,5,2,3,0,0,0
50500502,215,123,92,211,122,89,9,4,5,22,13,9,0,0,0,4,1,3,198,90,108,87,37,50,1,1,0,14,0,14,42,25,17,54,27,27,1,1,0
50503001,114,67,47,110,65,45,4,2,2,11,6,5,0,0,0,4,2,2,110,50,60,44,20,24,0,0,0,8,0,8,25,14,11,33,16,17,1,0,1
53069701,44,28,16,43,28,15,1,1,0,6,5,1,0,0,0,1,0,1,49,23,26,26,11,15,0,0,0,1,0,1,4,2,2,18,10,8,1,1,0
53069702,23,14,9,23,14,9,2,2,0,0,0,0,0,0,0,0,0,0,22,9,13,7,4,3,0,0,0,1,0,1,3,2,1,11,3,8,1,0,1
54779401,31,20,11,31,20,11,0,0,0,5,3,2,0,0,0,0,0,0,42,17,25,21,8,13,1,0,1,1,0,1,6,2,4,13,7,6,0,0,0
54780801,150,88,62,145,85,60,4,2,2,11,5,6,1,0,1,5,3,2,133,65,68,50,18,32,0,0,0,7,0,7,30,15,15,46,32,14,4,2,2
54781601,217,114,103,214,114,100,6,2,4,26,14,12,1,0,1,3,0,3,229,104,125,103,43,60,0,0,0,10,1,9,29,15,14,87,45,42,0,0,0
54782401,16,10,6,16,10,6,0,0,0,2,2,0,0,0,0,0,0,0,14,5,9,11,4,7,0,0,0,0,0,0,1,1,0,2,0,2,0,0,0
54782402,43,22,21,43,22,21,1,1,0,3,0,3,1,0,1,0,0,0,49,25,24,24,10,14,0,0,0,3,0,3,8,4,4,14,11,3,1,1,0
54783201,79,40,39,78,40,38,2,1,1,19,11,8,0,0,0,1,0,1,66,31,35,27,11,16,0,0,0,3,0,3,9,4,5,27,16,11,1,0,1
54783202,52,24,28,49,23,26,2,1,1,4,2,2,1,0,1,3,1,2,50,23,27,25,11,14,0,0,0,2,0,2,8,5,3,15,7,8,1,1,0
54784101,39,20,19,39,20,19,1,0,1,3,1,2,1,0,1,0,0,0,26,13,13,10,6,4,0,0,0,1,0,1,2,1,1,13,6,7,0,0,0
54784102,78,42,36,74,42,32,4,1,3,7,5,2,2,0,2,4,0,4,73,29,44,38,15,23,0,0,0,3,0,3,13,5,8,19,9,10,0,0,0
54785901,52,33,19,49,31,18,1,0,1,9,6,3,0,0,0,3,2,1,43,18,25,21,10,11,0,0,0,2,0,2,7,2,5,13,6,7,1,1,0
54786701,77,44,33,76,44,32,3,2,1,10,5,5,0,0,0,1,0,1,63,32,31,31,14,17,0,0,0,3,0,3,6,4,2,23,14,9,0,0,0
54787501,63,39,24,59,37,22,0,0,0,6,3,3,0,0,0,4,2,2,57,27,30,29,15,14,0,0,0,2,0,2,12,8,4,14,4,10,1,1,0
54787502,59,30,29,55,28,27,1,1,0,8,3,5,1,0,1,4,2,2,64,28,36,41,19,22,0,0,0,4,0,4,8,4,4,11,5,6,1,0,1
54789101,183,100,83,177,97,80,6,1,5,14,11,3,1,0,1,6,3,3,179,77,102,89,38,51,0,0,0,7,0,7,26,10,16,57,29,28,2,0,2
55484701,143,80,63,135,75,60,2,0,2,18,9,9,0,0,0,8,5,3,142,68,74,72,32,40,0,0,0,6,0,6,19,11,8,45,25,20,2,2,0
55484702,14,9,5,14,9,5,1,1,0,2,2,0,0,0,0,0,0,0,16,6,10,7,2,5,0,0,0,1,0,1,2,0,2,6,4,2,0,0,0
55495201,141,91,50,138,89,49,2,1,1,15,10,5,2,0,2,3,2,1,134,67,67,75,32,43,2,2,0,8,0,8,19,13,6,30,20,10,1,1,0
55688201,37,20,17,37,20,17,2,0,2,6,4,2,0,0,0,0,0,0,24,8,16,2,0,2,0,0,0,2,0,2,8,3,5,12,5,7,0,0,0
55688202,308,170,138,303,167,136,13,9,4,34,17,17,1,0,1,5,3,2,299,129,170,97,42,55,1,0,1,23,0,23,65,38,27,113,49,64,2,1,1
55688203,88,45,43,86,43,43,4,2,2,12,4,8,0,0,0,2,2,0,73,31,42,36,14,22,0,0,0,3,0,3,8,3,5,26,14,12,0,0,0
0543560,0,0,0,0,0,0,0,0,0,0,0,0,0,0,0,0,0,0,0,0,0,0,0,0,0,0,0,0,0,0,0,0,0,0,0,0,0,0,0
0543990,0,0,0,0,0,0,0,0,0,0,0,0,0,0,0,0,0,0,0,0,0,0,0,0,0,0,0,0,0,0,0,0,0,0,0,0,0,0,0
1987730,0,0,0,0,0,0,0,0,0,0,0,0,0,0,0,0,0,0,0,0,0,0,0,0,0,0,0,0,0,0,0,0,0,0,0,0,0,0,0
3298510,0,0,0,0,0,0,0,0,0,0,0,0,0,0,0,0,0,0,0,0,0,0,0,0,0,0,0,0,0,0,0,0,0,0,0,0,0,0,0
57116401,50,29,21,49,28,21,1,0,1,5,3,2,0,0,0,1,1,0,57,25,32,26,9,17,0,0,0,2,0,2,9,7,2,20,9,11,3,3,0
57116402,121,71,50,118,69,49,6,5,1,11,8,3,1,0,1,3,2,1,101,54,47,36,17,19,0,0,0,6,0,6,30,21,9,29,16,13,0,0,0
57116403,305,172,133,296,167,129,15,10,5,29,14,15,3,0,3,9,5,4,295,128,167,138,56,82,0,0,0,12,0,12,39,22,17,106,50,56,1,0,1
57116404,85,47,38,81,45,36,4,3,1,6,2,4,1,0,1,4,2,2,86,41,45,32,15,17,0,0,0,5,0,5,17,8,9,32,18,14,1,1,0
57116405,361,234,127,319,202,117,11,6,5,30,13,17,0,0,0,42,32,10,265,138,127,92,51,41,1,0,1,15,0,15,69,38,31,88,49,39,67,46,21
57116406,744,381,363,714,365,349,28,10,18,67,36,31,11,0,11,30,16,14,577,241,336,259,92,167,0,0,0,27,0,27,119,53,66,172,96,76,11,6,5
57116408,253,130,123,243,126,117,10,4,6,41,21,20,3,0,3,10,4,6,271,120,151,164,70,94,1,1,0,9,0,9,28,14,14,69,35,34,4,2,2
57116409,23,13,10,22,13,9,1,1,0,5,3,2,1,0,1,1,0,1,28,10,18,14,4,10,0,0,0,0,0,0,6,4,2,8,2,6,0,0,0
57116410,826,430,396,793,413,380,34,14,20,136,72,64,8,0,8,33,17,16,757,337,420,401,154,247,2,2,0,25,0,25,102,53,49,227,128,99,5,2,3
57116411,261,140,121,258,138,120,16,9,7,30,13,17,1,0,1,3,2,1,325,134,191,218,86,132,0,0,0,8,0,8,34,18,16,65,30,35,0,0,0
57116412,581,310,271,569,306,263,35,14,21,58,26,32,11,0,11,12,4,8,351,167,184,71,29,42,0,0,0,35,0,35,105,61,44,140,77,63,1,0,1
57116413,94,50,44,91,49,42,2,0,2,22,9,13,0,0,0,3,1,2,88,33,55,49,16,33,0,0,0,5,0,5,12,7,5,22,10,12,0,0,0
57116414,48,25,23,46,24,22,1,0,1,8,4,4,0,0,0,2,1,1,33,17,16,7,3,4,0,0,0,4,0,4,9,4,5,13,10,3,0,0,0
57116415,11,7,4,11,7,4,0,0,0,3,2,1,0,0,0,0,0,0,22,8,14,9,5,4,0,0,0,2,0,2,8,2,6,3,1,2,1,0,1
57116416,674,369,305,654,358,296,20,9,11,103,57,46,5,0,5,20,11,9,557,230,327,305,121,184,1,0,1,31,1,30,91,47,44,129,61,68,4,2,2
57116417,672,348,324,638,338,300,28,12,16,71,35,36,6,0,6,34,10,24,694,283,411,373,131,242,0,0,0,27,0,27,99,48,51,195,104,91,10,6,4
57116418,1576,825,751,1523,803,720,83,37,46,228,103,125,9,0,9,53,22,31,1685,682,1003,970,351,619,3,1,2,65,0,65,241,117,124,406,213,193,18,9,9
57116419,45,28,17,41,25,16,0,0,0,4,1,3,0,0,0,4,3,1,48,23,25,17,4,13,2,1,1,3,0,3,8,4,4,18,14,4,0,0,0
57116420,42,27,15,40,27,13,0,0,0,5,2,3,0,0,0,2,0,2,120,42,78,104,34,70,0,0,0,0,0,0,2,1,1,14,7,7,0,0,0
57116421,15,9,6,14,8,6,1,0,1,1,1,0,1,0,1,1,1,0,15,10,5,6,3,3,0,0,0,1,0,1,3,2,1,5,5,0,0,0,0
57116422,147,85,62,146,84,62,10,5,5,4,0,4,0,0,0,1,1,0,134,68,66,41,22,19,0,0,0,14,0,14,38,26,12,41,20,21,0,0,0
57116423,128,70,58,127,70,57,8,4,4,13,7,6,0,0,0,1,0,1,107,55,52,23,12,11,0,0,0,2,0,2,10,4,6,72,39,33,0,0,0
57116424,619,337,282,598,328,270,21,8,13,47,24,23,4,0,4,21,9,12,461,199,262,233,94,139,3,1,2,25,0,25,90,47,43,110,57,53,14,5,9
57116425,75,60,15,75,60,15,0,0,0,0,0,0,0,0,0,0,0,0,17,9,8,2,1,1,0,0,0,3,0,3,6,4,2,6,4,2,0,0,0
57116426,837,444,393,788,416,372,24,5,19,104,43,61,3,0,3,49,28,21,715,316,399,290,130,160,2,0,2,38,0,38,168,76,92,217,110,107,23,12,11
57116427,546,283,263,521,273,248,21,10,11,55,27,28,11,0,11,25,10,15,420,166,254,165,58,107,0,0,0,32,0,32,102,46,56,121,62,59,8,3,5
57116428,467,253,214,450,246,204,17,8,9,45,23,22,4,0,4,17,7,10,452,195,257,213,89,124,3,1,2,27,0,27,100,46,54,109,59,50,4,1,3
57116429,354,178,176,344,170,174,15,6,9,34,14,20,4,0,4,10,8,2,403,160,243,244,88,156,0,0,0,11,0,11,50,20,30,98,52,46,0,0,0
57116430,53,31,22,52,30,22,2,1,1,4,3,1,0,0,0,1,1,0,34,13,21,19,7,12,0,0,0,2,0,2,4,3,1,9,3,6,1,1,0
57116431,414,217,197,399,208,191,16,7,9,41,18,23,3,0,3,15,9,6,401,188,213,174,81,93,4,3,1,15,0,15,69,33,36,139,71,68,0,0,0
57116432,130,67,63,124,63,61,7,1,6,18,8,10,0,0,0,6,4,2,83,33,50,29,10,19,0,0,0,5,0,5,14,9,5,35,14,21,1,1,0
57116433,1442,735,707,1379,699,680,51,22,29,157,58,99,9,0,9,63,36,27,919,413,506,359,138,221,0,0,0,66,2,64,190,99,91,304,174,130,6,3,3
57116434,84,45,39,63,34,29,3,2,1,10,6,4,1,0,1,21,11,10,85,46,39,31,17,14,0,0,0,2,0,2,18,7,11,34,22,12,1,1,0
57118101,48,27,21,48,27,21,0,0,0,4,2,2,1,0,1,0,0,0,41,19,22,29,13,16,0,0,0,1,0,1,4,2,2,7,4,3,0,0,0
57118102,72,41,31,71,41,30,5,1,4,7,4,3,0,0,0,1,0,1,97,50,47,51,24,27,0,0,0,4,0,4,16,8,8,26,18,8,2,1,1
57118103,38,23,15,37,22,15,0,0,0,8,4,4,0,0,0,1,1,0,34,13,21,19,7,12,0,0,0,2,0,2,6,3,3,7,3,4,2,0,2
57118104,18,8,10,18,8,10,0,0,0,4,3,1,0,0,0,0,0,0,16,8,8,9,3,6,0,0,0,0,0,0,0,0,0,7,5,2,1,0,1
57118105,18,13,5,17,12,5,0,0,0,1,0,1,0,0,0,1,1,0,20,8,12,15,7,8,0,0,0,1,0,1,1,1,0,3,0,3,0,0,0
57118106,20,13,7,20,13,7,0,0,0,6,2,4,0,0,0,0,0,0,26,12,14,16,7,9,1,0,1,1,0,1,2,0,2,6,5,1,1,0,1
57118108,35,19,16,34,19,15,1,0,1,6,3,3,0,0,0,1,0,1,44,22,22,16,6,10,0,0,0,1,0,1,4,1,3,23,15,8,1,1,0
57120201,116,73,43,113,71,42,3,3,0,11,7,4,1,0,1,3,2,1,130,49,81,73,23,50,0,0,0,10,0,10,22,13,9,25,13,12,1,1,0
57120202,51,29,22,51,29,22,0,0,0,5,4,1,0,0,0,0,0,0,53,30,23,22,10,12,0,0,0,3,0,3,10,7,3,18,13,5,0,0,0
57120203,15,7,8,15,7,8,0,0,0,5,2,3,0,0,0,0,0,0,13,6,7,6,4,2,0,0,0,0,0,0,3,2,1,4,0,4,0,0,0
57120204,41,21,20,40,20,20,1,0,1,2,2,0,0,0,0,1,1,0,35,8,27,15,6,9,0,0,0,3,0,3,5,1,4,12,1,11,0,0,0
57120205,46,28,18,46,28,18,0,0,0,6,2,4,1,0,1,0,0,0,45,22,23,19,7,12,0,0,0,2,0,2,7,5,2,17,10,7,0,0,0
57120206,13,8,5,13,8,5,1,0,1,0,0,0,0,0,0,0,0,0,12,7,5,6,2,4,0,0,0,1,0,1,2,2,0,3,3,0,0,0,0
57120207,9,5,4,8,5,3,0,0,0,1,1,0,0,0,0,1,0,1,11,6,5,1,0,1,0,0,0,0,0,0,0,0,0,10,6,4,0,0,0
57120208,13,7,6,13,7,6,1,0,1,1,1,0,0,0,0,0,0,0,15,7,8,4,2,2,0,0,0,2,0,2,5,3,2,4,2,2,0,0,0
57122901,79,46,33,74,43,31,3,1,2,6,2,4,1,0,1,5,3,2,64,30,34,30,17,13,0,0,0,3,0,3,11,4,7,20,9,11,2,1,1
57122902,27,14,13,25,13,12,1,0,1,4,1,3,0,0,0,2,1,1,24,13,11,21,11,10,0,0,0,0,0,0,0,0,0,3,2,1,0,0,0
57123701,96,55,41,91,53,38,4,2,2,7,4,3,1,0,1,5,2,3,89,39,50,43,21,22,0,0,0,4,0,4,14,7,7,28,11,17,0,0,0
57123702,16,10,6,16,10,6,0,0,0,2,2,0,1,0,1,0,0,0,18,5,13,11,3,8,0,0,0,1,0,1,5,2,3,1,0,1,0,0,0
57124501,236,128,108,230,126,104,8,3,5,25,13,12,1,0,1,6,2,4,208,100,108,83,34,49,1,0,1,12,0,12,36,16,20,76,50,26,0,0,0
57125301,14,9,5,14,9,5,0,0,0,3,1,2,0,0,0,0,0,0,32,14,18,16,7,9,0,0,0,3,0,3,6,4,2,7,3,4,0,0,0
57125302,14,6,8,14,6,8,0,0,0,1,1,0,0,0,0,0,0,0,13,5,8,3,2,1,0,0,0,1,0,1,3,1,2,6,2,4,0,0,0
57125303,16,11,5,16,11,5,0,0,0,3,1,2,0,0,0,0,0,0,21,8,13,18,6,12,0,0,0,0,0,0,3,2,1,0,0,0,1,1,0
57125304,21,13,8,19,11,8,0,0,0,4,1,3,0,0,0,2,2,0,22,10,12,22,10,12,0,0,0,0,0,0,0,0,0,0,0,0,0,0,0
57125305,14,8,6,14,8,6,0,0,0,4,2,2,0,0,0,0,0,0,13,5,8,7,3,4,0,0,0,0,0,0,4,1,3,2,1,1,0,0,0
57125306,36,19,17,36,19,17,3,1,2,5,2,3,0,0,0,0,0,0,27,13,14,13,4,9,0,0,0,1,0,1,5,3,2,8,6,2,2,0,2
57127001,193,111,82,171,103,68,3,2,1,13,8,5,3,0,3,22,8,14,174,74,100,75,32,43,0,0,0,11,0,11,39,18,21,49,24,25,10,3,7
57129602,8,4,4,8,4,4,0,0,0,4,2,2,0,0,0,0,0,0,13,6,7,3,1,2,0,0,0,0,0,0,5,1,4,5,4,1,0,0,0
57129603,21,13,8,20,13,7,2,0,2,3,1,2,0,0,0,1,0,1,26,12,14,11,7,4,0,0,0,3,0,3,7,3,4,5,2,3,0,0,0
57129604,19,13,6,18,12,6,0,0,0,2,2,0,0,0,0,1,1,0,26,12,14,12,5,7,0,0,0,1,0,1,3,1,2,10,6,4,0,0,0
57130001,61,41,20,58,40,18,2,1,1,6,4,2,0,0,0,3,1,2,71,32,39,52,25,27,0,0,0,3,0,3,9,4,5,7,3,4,0,0,0
57137701,110,63,47,106,62,44,1,0,1,10,7,3,2,0,2,4,1,3,109,44,65,60,27,33,0,0,0,6,0,6,21,9,12,22,8,14,2,1,1
57138501,2022,1082,940,1933,1035,898,61,22,39,246,121,125,5,0,5,89,47,42,2148,878,1270,1199,430,769,3,2,1,82,0,82,322,177,145,542,269,273,23,13,10
57138502,17,10,7,16,10,6,3,1,2,2,2,0,0,0,0,1,0,1,8,2,6,5,2,3,0,0,0,1,0,1,1,0,1,1,0,1,0,0,0
57138503,44,23,21,41,22,19,4,2,2,6,2,4,0,0,0,3,1,2,28,17,11,10,4,6,0,0,0,1,0,1,5,4,1,12,9,3,0,0,0
57138504,127,67,60,119,61,58,3,1,2,10,3,7,0,0,0,8,6,2,130,66,64,74,38,36,0,0,0,4,0,4,11,7,4,41,21,20,1,0,1
57138505,24,13,11,23,12,11,2,1,1,2,2,0,1,0,1,1,1,0,22,7,15,9,3,6,0,0,0,2,0,2,5,2,3,6,2,4,0,0,0
57138506,79,47,32,77,45,32,1,1,0,12,7,5,0,0,0,2,2,0,60,17,43,30,10,20,0,0,0,0,0,0,10,1,9,20,6,14,1,0,1
57138507,20,12,8,20,12,8,0,0,0,2,1,1,1,0,1,0,0,0,15,9,6,12,7,5,1,1,0,0,0,0,2,1,1,0,0,0,0,0,0
3218930,0,0,0,0,0,0,0,0,0,0,0,0,0,0,0,0,0,0,0,0,0,0,0,0,0,0,0,0,0,0,0,0,0,0,0,0,0,0,0
3222880,0,0,0,0,0,0,0,0,0,0,0,0,0,0,0,0,0,0,0,0,0,0,0,0,0,0,0,0,0,0,0,0,0,0,0,0,0,0,0
57139302,299,169,130,292,167,125,5,3,2,28,19,9,4,0,4,7,2,5,270,128,142,115,50,65,0,0,0,17,0,17,40,21,19,98,57,41,0,0,0
57139303,52,30,22,50,30,20,1,0,1,1,0,1,1,0,1,2,0,2,54,27,27,26,12,14,0,0,0,2,0,2,8,4,4,18,11,7,1,0,1
57139304,126,75,51,123,74,49,7,2,5,15,6,9,0,0,0,3,1,2,140,59,81,64,26,38,0,0,0,8,0,8,23,15,8,45,18,27,0,0,0
57139305,121,74,47,114,72,42,5,3,2,15,8,7,4,0,4,7,2,5,140,60,80,70,29,41,0,0,0,9,0,9,22,11,11,39,20,19,0,0,0
57139306,130,75,55,127,75,52,4,3,1,15,5,10,0,0,0,3,0,3,131,68,63,64,34,30,1,1,0,6,0,6,21,12,9,39,21,18,1,0,1
57139308,1015,559,456,984,543,441,27,14,13,125,60,65,6,0,6,31,16,15,1024,435,589,602,233,369,0,0,0,33,1,32,114,48,66,275,153,122,6,1,5
57139309,44,24,20,41,24,17,1,0,1,4,2,2,0,0,0,3,0,3,38,16,22,13,6,7,0,0,0,3,0,3,9,5,4,13,5,8,1,0,1
57139310,478,252,226,451,242,209,14,3,11,58,28,30,3,0,3,27,10,17,444,177,267,192,74,118,2,2,0,32,0,32,101,47,54,117,54,63,7,4,3
57139312,67,38,29,66,38,28,1,1,0,7,6,1,0,0,0,1,0,1,56,16,40,17,2,15,0,0,0,3,0,3,11,5,6,25,9,16,0,0,0
57139313,347,197,150,325,181,144,11,4,7,44,18,26,0,0,0,22,16,6,287,140,147,127,57,70,0,0,0,11,0,11,49,24,25,100,59,41,16,10,6
57139314,37,20,17,36,19,17,0,0,0,2,2,0,0,0,0,1,1,0,41,18,23,21,8,13,0,0,0,2,0,2,4,2,2,14,8,6,0,0,0
57139315,371,201,170,358,196,162,13,8,5,38,19,19,5,0,5,13,5,8,384,184,200,197,94,103,0,0,0,19,0,19,67,34,33,101,56,45,1,1,0
57139316,1450,755,695,1392,730,662,45,22,23,194,84,110,9,0,9,58,25,33,1674,685,989,988,380,608,3,1,2,66,0,66,211,99,112,406,205,201,18,6,12
57140701,69,43,26,69,43,26,1,1,0,13,6,7,1,0,1,0,0,0,72,32,40,43,18,25,0,0,0,4,1,3,13,8,5,12,5,7,0,0,0
57140702,12,7,5,12,7,5,0,0,0,3,0,3,0,0,0,0,0,0,24,9,15,17,7,10,0,0,0,1,0,1,3,1,2,3,1,2,0,0,0
57144001,183,108,75,179,106,73,6,3,3,30,18,12,2,0,2,4,2,2,164,66,98,86,35,51,1,0,1,9,0,9,35,14,21,33,17,16,1,0,1
57144002,252,147,105,245,143,102,3,2,1,15,6,9,2,0,2,7,4,3,206,88,118,90,33,57,0,0,0,11,0,11,42,22,20,63,33,30,5,3,2
57145801,59,35,24,50,31,19,1,0,1,8,5,3,1,0,1,9,4,5,36,14,22,22,8,14,0,0,0,1,0,1,5,2,3,8,4,4,2,1,1
57145802,45,28,17,43,26,17,3,2,1,5,3,2,1,0,1,2,2,0,24,11,13,14,5,9,0,0,0,1,0,1,3,2,1,6,4,2,2,1,1
57146601,34,20,14,34,20,14,2,1,1,1,1,0,1,0,1,0,0,0,35,16,19,14,6,8,0,0,0,3,0,3,10,6,4,8,4,4,0,0,0
57146602,153,83,70,146,80,66,2,1,1,17,9,8,2,0,2,7,3,4,169,75,94,82,34,48,0,0,0,10,0,10,27,14,13,50,27,23,3,2,1
57146603,13,7,6,13,7,6,1,0,1,1,1,0,0,0,0,0,0,0,16,6,10,8,4,4,0,0,0,0,0,0,2,0,2,6,2,4,0,0,0
57147401,48,26,22,43,25,18,1,1,0,9,5,4,0,0,0,5,1,4,59,24,35,44,19,25,0,0,0,1,0,1,8,2,6,6,3,3,0,0,0
57147403,11,3,8,11,3,8,0,0,0,2,0,2,0,0,0,0,0,0,17,10,7,15,9,6,0,0,0,0,0,0,0,0,0,2,1,1,0,0,0
57147404,37,18,19,33,17,16,3,1,2,3,1,2,1,0,1,4,1,3,36,17,19,22,11,11,0,0,0,3,0,3,7,5,2,4,1,3,0,0,0
57147405,17,10,7,16,10,6,0,0,0,3,2,1,1,0,1,1,0,1,23,11,12,12,5,7,0,0,0,1,0,1,4,2,2,6,4,2,0,0,0
57147407,31,22,9,31,22,9,1,1,0,7,4,3,0,0,0,0,0,0,26,14,12,16,7,9,0,0,0,0,0,0,1,1,0,9,6,3,0,0,0
57147408,65,37,28,57,33,24,3,2,1,12,7,5,0,0,0,8,4,4,58,25,33,25,12,13,0,0,0,3,0,3,7,3,4,23,10,13,2,1,1
57148201,12,5,7,12,5,7,1,0,1,3,2,1,0,0,0,0,0,0,14,10,4,8,5,3,0,0,0,0,0,0,2,2,0,4,3,1,0,0,0
57148202,55,33,22,54,32,22,3,1,2,9,4,5,0,0,0,1,1,0,62,31,31,30,16,14,0,0,0,3,0,3,9,6,3,20,9,11,0,0,0
57149101,40,25,15,40,25,15,0,0,0,8,3,5,0,0,0,0,0,0,32,20,12,18,8,10,0,0,0,0,0,0,5,5,0,9,7,2,3,2,1
57149102,14,9,5,14,9,5,0,0,0,2,2,0,1,0,1,0,0,0,14,6,8,7,3,4,0,0,0,0,0,0,2,1,1,5,2,3,1,1,0
57149103,839,467,372,787,444,343,29,13,16,77,37,40,8,0,8,52,23,29,693,293,400,322,129,193,0,0,0,32,1,31,130,63,67,209,100,109,48,42,6
57149104,14,7,7,14,7,7,0,0,0,1,0,1,1,0,1,0,0,0,6,3,3,3,2,1,1,0,1,0,0,0,1,1,0,1,0,1,1,1,0
57149105,129,65,64,119,59,60,5,2,3,12,4,8,1,0,1,10,6,4,131,63,68,66,29,37,0,0,0,2,0,2,19,10,9,44,24,20,8,5,3
57150401,161,97,64,157,96,61,9,4,5,19,11,8,0,0,0,4,1,3,169,69,100,88,31,57,0,0,0,9,1,8,23,13,10,49,24,25,3,2,1
57153901,120,66,54,116,66,50,2,2,0,16,12,4,0,0,0,4,0,4,121,54,67,52,24,28,1,0,1,7,0,7,21,11,10,40,19,21,0,0,0
57153902,66,37,29,63,36,27,2,0,2,7,3,4,1,0,1,3,1,2,68,27,41,32,10,22,0,0,0,4,0,4,8,6,2,24,11,13,1,0,1
57153903,1118,616,502,1042,579,463,31,15,16,133,70,63,13,1,12,76,37,39,1193,508,685,593,237,356,0,0,0,71,0,71,205,102,103,324,169,155,14,8,6
57153904,160,94,66,147,89,58,3,3,0,20,11,9,3,0,3,13,5,8,155,72,83,67,33,34,0,0,0,12,0,12,33,18,15,43,21,22,4,3,1
57153905,37,21,16,33,18,15,2,2,0,2,0,2,1,0,1,4,3,1,37,19,18,22,11,11,0,0,0,0,0,0,3,1,2,12,7,5,0,0,0
57154701,11,6,5,10,5,5,0,0,0,1,0,1,0,0,0,1,1,0,9,3,6,5,1,4,0,0,0,0,0,0,1,0,1,3,2,1,0,0,0
57154702,42,25,17,40,23,17,0,0,0,4,1,3,1,0,1,2,2,0,36,16,20,18,7,11,0,0,0,2,0,2,6,2,4,10,7,3,0,0,0
57154703,348,188,160,337,183,154,9,2,7,30,13,17,1,0,1,11,5,6,334,148,186,155,63,92,0,0,0,17,0,17,62,30,32,100,55,45,10,7,3
57154704,55,28,27,53,28,25,1,0,1,3,1,2,0,0,0,2,0,2,46,24,22,32,18,14,0,0,0,0,0,0,1,0,1,13,6,7,2,2,0
57154705,19,11,8,19,11,8,0,0,0,3,1,2,0,0,0,0,0,0,23,10,13,18,9,9,0,0,0,0,0,0,1,0,1,4,1,3,1,0,1
57154706,106,61,45,101,58,43,4,0,4,9,4,5,0,0,0,5,3,2,104,44,60,45,17,28,0,0,0,6,0,6,25,17,8,28,10,18,2,2,0
57154707,23,16,7,22,15,7,0,0,0,2,2,0,0,0,0,1,1,0,22,5,17,15,3,12,0,0,0,2,0,2,3,1,2,2,1,1,0,0,0
57156301,103,59,44,100,58,42,4,1,3,17,11,6,0,0,0,3,1,2,105,38,67,51,18,33,1,1,0,6,0,6,18,6,12,29,13,16,1,1,0
57156302,26,15,11,26,15,11,2,1,1,4,2,2,1,0,1,0,0,0,23,10,13,11,5,6,0,0,0,0,0,0,7,2,5,5,3,2,1,0,1
57156303,39,19,20,37,18,19,2,0,2,2,2,0,0,0,0,2,1,1,27,10,17,10,5,5,0,0,0,1,0,1,3,1,2,13,4,9,0,0,0
57156304,18,12,6,17,11,6,0,0,0,2,1,1,0,0,0,1,1,0,13,8,5,10,6,4,0,0,0,0,0,0,2,2,0,1,0,1,0,0,0
57156305,33,21,12,32,20,12,0,0,0,2,1,1,0,0,0,1,1,0,32,13,19,17,8,9,0,0,0,0,0,0,7,4,3,8,1,7,1,0,1
57157101,42,29,13,39,28,11,3,2,1,6,4,2,0,0,0,3,1,2,35,13,22,12,3,9,0,0,0,1,0,1,7,2,5,15,8,7,0,0,0
57157102,17,11,6,17,11,6,1,1,0,0,0,0,1,0,1,0,0,0,12,8,4,4,2,2,0,0,0,1,0,1,2,1,1,5,5,0,0,0,0
57157103,317,180,137,305,175,130,9,5,4,32,19,13,1,0,1,12,5,7,344,149,195,155,66,89,0,0,0,20,0,20,50,29,21,119,54,65,1,1,0
57158001,126,73,53,123,72,51,4,1,3,24,15,9,1,0,1,3,1,2,123,51,72,62,22,40,1,0,1,6,1,5,19,8,11,35,20,15,0,0,0
57161001,365,212,153,355,207,148,12,5,7,34,19,15,5,0,5,10,5,5,322,139,183,130,55,75,1,1,0,18,0,18,66,30,36,107,53,54,3,2,1
57162801,169,89,80,162,86,76,3,1,2,13,5,8,2,0,2,7,3,4,141,67,74,57,22,35,1,1,0,3,0,3,25,14,11,55,30,25,2,2,0
57162802,28,13,15,27,12,15,2,0,2,3,2,1,0,0,0,1,1,0,20,7,13,7,3,4,0,0,0,1,0,1,3,1,2,9,3,6,0,0,0
57165202,45,28,17,42,27,15,0,0,0,1,0,1,0,0,0,3,1,2,34,15,19,17,10,7,0,0,0,3,0,3,5,1,4,9,4,5,0,0,0
57165203,33,18,15,33,18,15,1,0,1,2,0,2,0,0,0,0,0,0,41,17,24,22,8,14,0,0,0,2,0,2,5,2,3,12,7,5,0,0,0
57166101,31,15,16,29,15,14,1,1,0,8,5,3,1,0,1,2,0,2,43,21,22,26,14,12,0,0,0,2,0,2,8,3,5,7,4,3,0,0,0
57166102,24,16,8,24,16,8,0,0,0,4,3,1,1,0,1,0,0,0,19,6,13,8,2,6,0,0,0,1,0,1,6,3,3,4,1,3,0,0,0
57166103,464,276,188,443,266,177,8,7,1,58,31,27,4,0,4,21,10,11,485,215,270,227,99,128,0,0,0,27,0,27,81,38,43,150,78,72,4,2,2
57166104,44,30,14,43,30,13,2,1,1,5,4,1,0,0,0,1,0,1,70,30,40,31,15,16,0,0,0,5,0,5,16,5,11,18,10,8,0,0,0
57166105,100,56,44,95,53,42,4,0,4,11,4,7,0,0,0,5,3,2,95,36,59,51,21,30,0,0,0,3,0,3,12,5,7,29,10,19,0,0,0
57170901,73,44,29,71,44,27,2,1,1,9,5,4,0,0,0,2,0,2,76,31,45,36,17,19,1,1,0,5,0,5,18,10,8,16,3,13,1,0,1
57172501,48,32,16,47,31,16,0,0,0,6,3,3,1,0,1,1,1,0,36,17,19,21,8,13,0,0,0,2,0,2,8,6,2,5,3,2,0,0,0
57173301,50,31,19,50,31,19,1,0,1,10,5,5,1,0,1,0,0,0,64,31,33,25,12,13,0,0,0,5,0,5,17,9,8,17,10,7,0,0,0
57173302,13,5,8,12,5,7,0,0,0,3,1,2,0,0,0,1,0,1,13,9,4,8,6,2,0,0,0,0,0,0,2,0,2,3,3,0,0,0,0
57173304,16,7,9,16,7,9,0,0,0,3,1,2,0,0,0,0,0,0,10,6,4,6,4,2,1,1,0,0,0,0,1,0,1,2,1,1,0,0,0
57175001,73,45,28,69,43,26,4,3,1,3,2,1,2,0,2,4,2,2,79,34,45,46,20,26,0,0,0,1,0,1,7,3,4,25,11,14,0,0,0
57176801,212,110,102,209,108,101,9,0,9,17,10,7,1,0,1,3,2,1,214,108,106,82,33,49,0,0,0,9,0,9,39,28,11,84,47,37,4,2,2
57176802,119,59,60,115,56,59,6,4,2,15,9,6,1,0,1,4,3,1,115,53,62,60,24,36,0,0,0,2,0,2,15,13,2,38,16,22,0,0,0
57176803,62,35,27,61,35,26,2,2,0,7,5,2,0,0,0,1,0,1,51,19,32,27,10,17,0,0,0,1,0,1,6,2,4,17,7,10,2,1,1
57176805,18,11,7,17,10,7,1,1,0,1,1,0,0,0,0,1,1,0,30,9,21,15,6,9,0,0,0,3,0,3,3,1,2,9,2,7,1,0,1
57176806,20,12,8,20,12,8,1,1,0,2,1,1,0,0,0,0,0,0,20,10,10,13,6,7,0,0,0,1,0,1,2,2,0,4,2,2,0,0,0
57177601,96,54,42,94,52,42,3,2,1,12,8,4,1,0,1,2,2,0,131,58,73,71,28,43,0,0,0,5,0,5,22,14,8,33,16,17,1,1,0
57177602,41,22,19,39,21,18,1,1,0,2,0,2,0,0,0,2,1,1,45,16,29,21,8,13,0,0,0,4,0,4,10,5,5,10,3,7,2,1,1
57177603,23,13,10,23,13,10,3,1,2,2,1,1,0,0,0,0,0,0,18,7,11,16,6,10,0,0,0,1,0,1,1,1,0,0,0,0,0,0,0
57177604,34,19,15,34,19,15,2,1,1,1,1,0,0,0,0,0,0,0,40,19,21,20,9,11,1,1,0,3,0,3,8,6,2,8,3,5,1,0,1
57177605,13,8,5,13,8,5,0,0,0,1,1,0,0,0,0,0,0,0,14,5,9,5,2,3,0,0,0,0,0,0,2,0,2,7,3,4,0,0,0
57177606,714,396,318,678,381,297,21,9,12,67,29,38,4,0,4,36,15,21,708,321,387,347,152,195,0,0,0,27,0,27,126,58,68,208,111,97,27,15,12
57177607,21,9,12,20,9,11,0,0,0,1,0,1,0,0,0,1,0,1,25,15,10,16,9,7,0,0,0,0,0,0,0,0,0,9,6,3,0,0,0
57177608,127,63,64,124,61,63,6,0,6,20,8,12,0,0,0,3,2,1,171,66,105,108,33,75,0,0,0,4,0,4,15,7,8,44,26,18,1,1,0
57177609,31,18,13,29,17,12,1,0,1,0,0,0,0,0,0,2,1,1,34,14,20,13,5,8,0,0,0,2,0,2,6,4,2,13,5,8,1,0,1
57177610,15,9,6,15,9,6,0,0,0,3,1,2,0,0,0,0,0,0,13,2,11,8,1,7,0,0,0,0,0,0,1,0,1,4,1,3,0,0,0
57177611,22,13,9,22,13,9,0,0,0,2,1,1,0,0,0,0,0,0,29,12,17,16,6,10,0,0,0,0,0,0,2,2,0,11,4,7,0,0,0
57177612,128,72,56,126,71,55,2,1,1,15,6,9,1,0,1,2,1,1,98,43,55,50,24,26,0,0,0,6,0,6,14,6,8,28,13,15,0,0,0
57182202,72,45,27,68,43,25,1,1,0,7,3,4,0,0,0,4,2,2,74,27,47,42,18,24,0,0,0,5,0,5,12,3,9,15,6,9,1,1,0
57182204,27,17,10,27,17,10,0,0,0,3,1,2,0,0,0,0,0,0,43,16,27,26,12,14,0,0,0,3,0,3,5,0,5,9,4,5,0,0,0
57182205,21,11,10,21,11,10,0,0,0,5,2,3,0,0,0,0,0,0,32,16,16,24,12,12,0,0,0,2,0,2,4,2,2,2,2,0,0,0,0
0959233,0,0,0,0,0,0,0,0,0,0,0,0,0,0,0,0,0,0,0,0,0,0,0,0,0,0,0,0,0,0,0,0,0,0,0,0,0,0,0
57183101,17,9,8,16,9,7,1,0,1,3,2,1,0,0,0,1,0,1,24,13,11,13,6,7,0,0,0,1,0,1,4,2,2,6,5,1,2,1,1
57183102,8,6,2,8,6,2,0,0,0,0,0,0,0,0,0,0,0,0,18,9,9,4,2,2,1,0,1,0,0,0,7,4,3,6,3,3,1,1,0
57183103,9,6,3,9,6,3,0,0,0,2,1,1,0,0,0,0,0,0,15,7,8,14,6,8,0,0,0,0,0,0,0,0,0,1,1,0,0,0,0
57183104,37,15,22,35,14,21,3,1,2,4,3,1,1,0,1,2,1,1,32,13,19,12,6,6,1,0,1,0,0,0,7,2,5,12,5,7,2,1,1
57183105,56,37,19,53,35,18,3,1,2,4,2,2,0,0,0,3,2,1,71,25,46,41,16,25,0,0,0,6,0,6,17,5,12,7,4,3,1,1,0
57183106,33,18,15,33,18,15,0,0,0,1,0,1,0,0,0,0,0,0,37,17,20,16,8,8,0,0,0,1,0,1,7,3,4,13,6,7,0,0,0
57183107,19,11,8,18,11,7,1,1,0,2,0,2,0,0,0,1,0,1,16,11,5,6,4,2,0,0,0,1,0,1,2,2,0,7,5,2,0,0,0
57183108,279,164,115,271,161,110,10,7,3,40,21,19,2,0,2,8,3,5,264,116,148,127,55,72,3,1,2,17,0,17,40,20,20,77,40,37,5,4,1
57183109,13,8,5,13,8,5,1,1,0,2,1,1,0,0,0,0,0,0,17,7,10,7,4,3,0,0,0,2,0,2,7,3,4,1,0,1,0,0,0
57183110,59,31,28,59,31,28,3,1,2,4,3,1,0,0,0,0,0,0,70,28,42,33,15,18,0,0,0,4,0,4,12,7,5,21,6,15,2,2,0
57183111,9,6,3,9,6,3,0,0,0,2,2,0,0,0,0,0,0,0,14,5,9,8,4,4,0,0,0,2,0,2,4,1,3,0,0,0,0,0,0
57183112,15,9,6,14,8,6,2,1,1,2,2,0,0,0,0,1,1,0,32,13,19,15,7,8,0,0,0,2,0,2,5,2,3,10,4,6,1,0,1
57183113,19,11,8,16,10,6,1,1,0,2,1,1,0,0,0,3,1,2,19,9,10,9,4,5,0,0,0,1,0,1,4,1,3,5,4,1,0,0,0
57183114,29,17,12,29,17,12,0,0,0,3,2,1,1,0,1,0,0,0,23,11,12,13,5,8,0,0,0,1,0,1,4,4,0,5,2,3,0,0,0
0970552,0,0,0,0,0,0,0,0,0,0,0,0,0,0,0,0,0,0,0,0,0,0,0,0,0,0,0,0,0,0,0,0,0,0,0,0,0,0,0
57185701,36,21,15,36,21,15,0,0,0,5,3,2,0,0,0,0,0,0,42,16,26,17,6,11,0,0,0,2,0,2,5,1,4,18,9,9,2,0,2
57185702,26,13,13,26,13,13,1,0,1,3,2,1,0,0,0,0,0,0,23,9,14,9,3,6,0,0,0,1,0,1,8,4,4,5,2,3,0,0,0
57185703,25,15,10,21,12,9,0,0,0,4,2,2,0,0,0,4,3,1,27,10,17,19,7,12,0,0,0,1,0,1,3,2,1,4,1,3,1,1,0
57185704,16,7,9,16,7,9,1,0,1,2,0,2,0,0,0,0,0,0,13,6,7,8,3,5,0,0,0,0,0,0,2,0,2,3,3,0,0,0,0
57185705,24,14,10,24,14,10,0,0,0,6,4,2,1,0,1,0,0,0,24,9,15,12,5,7,0,0,0,0,0,0,4,1,3,8,3,5,0,0,0
57185706,34,21,13,32,19,13,1,1,0,3,2,1,0,0,0,2,2,0,25,14,11,15,7,8,0,0,0,1,0,1,4,4,0,5,3,2,0,0,0
57185707,18,10,8,17,9,8,0,0,0,1,0,1,0,0,0,1,1,0,17,7,10,12,5,7,0,0,0,0,0,0,2,1,1,3,1,2,0,0,0
57187301,57,34,23,53,31,22,1,1,0,4,2,2,0,0,0,4,3,1,48,23,25,18,8,10,0,0,0,3,0,3,10,4,6,17,11,6,0,0,0
57187302,71,45,26,68,42,26,3,2,1,6,4,2,1,0,1,3,3,0,71,34,37,27,9,18,1,0,1,7,0,7,18,13,5,18,12,6,0,0,0
57187303,177,100,77,171,100,71,2,0,2,15,5,10,2,0,2,6,0,6,158,74,84,63,28,35,0,0,0,8,0,8,39,23,16,48,23,25,3,2,1
57187304,38,22,16,37,22,15,1,1,0,2,1,1,0,0,0,1,0,1,51,22,29,29,8,21,0,0,0,0,0,0,6,5,1,16,9,7,0,0,0
57187305,41,21,20,41,21,20,2,0,2,4,2,2,0,0,0,0,0,0,33,14,19,17,7,10,0,0,0,0,0,0,1,1,0,15,6,9,0,0,0
57189001,54,34,20,54,34,20,0,0,0,15,9,6,0,0,0,0,0,0,71,29,42,34,14,20,0,0,0,6,0,6,9,6,3,22,9,13,0,0,0
57190301,70,42,28,69,42,27,2,2,0,6,4,2,1,0,1,1,0,1,58,23,35,30,11,19,0,0,0,3,0,3,8,3,5,17,9,8,0,0,0
57190302,260,146,114,254,142,112,10,3,7,25,17,8,3,0,3,6,4,2,241,109,132,96,44,52,0,0,0,14,0,14,49,25,24,82,40,42,5,4,1
57191101,591,322,269,565,311,254,16,7,9,66,34,32,5,0,5,26,11,15,606,254,352,260,93,167,1,0,1,32,0,32,106,52,54,207,109,98,5,1,4
57191103,14,6,8,11,5,6,1,0,1,4,2,2,0,0,0,3,1,2,20,11,9,15,7,8,0,0,0,0,0,0,1,0,1,4,4,0,0,0,0
57191104,33,24,9,33,24,9,2,2,0,2,2,0,0,0,0,0,0,0,29,12,17,24,11,13,0,0,0,0,0,0,1,1,0,4,0,4,0,0,0
57191105,76,42,34,73,40,33,0,0,0,8,3,5,0,0,0,3,2,1,84,40,44,38,19,19,0,0,0,4,0,4,16,7,9,26,14,12,1,1,0
57191106,17,8,9,15,8,7,1,0,1,0,0,0,0,0,0,2,0,2,22,11,11,7,3,4,0,0,0,4,0,4,8,6,2,3,2,1,0,0,0
57191107,35,21,14,34,20,14,0,0,0,4,3,1,0,0,0,1,1,0,38,20,18,16,9,7,0,0,0,3,0,3,6,6,0,13,5,8,0,0,0
57191108,33,16,17,33,16,17,1,0,1,5,4,1,1,0,1,0,0,0,22,12,10,13,5,8,0,0,0,1,0,1,3,2,1,5,5,0,0,0,0
57196201,419,238,181,412,233,179,14,6,8,47,21,26,4,0,4,7,5,2,348,159,189,138,58,80,0,0,0,20,0,20,69,31,38,121,70,51,4,3,1
57200401,21,13,8,21,13,8,3,3,0,4,2,2,0,0,0,0,0,0,23,12,11,13,7,6,0,0,0,0,0,0,4,2,2,6,3,3,0,0,0
57200402,102,53,49,97,51,46,3,0,3,17,7,10,2,0,2,5,2,3,94,40,54,43,18,25,0,0,0,4,0,4,22,8,14,25,14,11,0,0,0
57203901,22,12,10,19,11,8,0,0,0,1,1,0,0,0,0,3,1,2,18,8,10,10,3,7,0,0,0,0,0,0,1,0,1,7,5,2,0,0,0
57203902,22,14,8,22,14,8,2,1,1,2,1,1,0,0,0,0,0,0,22,7,15,20,7,13,0,0,0,0,0,0,0,0,0,2,0,2,0,0,0
57203903,75,48,27,73,47,26,3,2,1,9,4,5,0,0,0,2,1,1,85,40,45,53,28,25,0,0,0,5,0,5,11,7,4,16,5,11,2,1,1
57206301,128,77,51,127,77,50,9,6,3,9,5,4,1,0,1,1,0,1,123,57,66,62,25,37,0,0,0,6,0,6,21,12,9,34,20,14,0,0,0
3316600,0,0,0,0,0,0,0,0,0,0,0,0,0,0,0,0,0,0,0,0,0,0,0,0,0,0,0,0,0,0,0,0,0,0,0,0,0,0,0
57207101,707,392,315,660,369,291,13,10,3,94,37,57,5,0,5,47,23,24,642,279,363,281,116,165,1,0,1,40,0,40,130,69,61,190,94,96,18,14,4
57208001,94,55,39,91,54,37,3,2,1,14,6,8,0,0,0,3,1,2,114,52,62,63,28,35,0,0,0,7,0,7,15,9,6,29,15,14,1,0,1
57208002,29,16,13,28,16,12,0,0,0,8,5,3,1,0,1,1,0,1,16,8,8,7,3,4,0,0,0,0,0,0,2,1,1,7,4,3,0,0,0
57208003,38,21,17,37,21,16,1,0,1,8,3,5,0,0,0,1,0,1,50,23,27,40,20,20,0,0,0,1,0,1,4,2,2,5,1,4,0,0,0
57208004,28,15,13,28,15,13,1,0,1,5,2,3,0,0,0,0,0,0,31,12,19,18,8,10,0,0,0,3,0,3,5,2,3,5,2,3,0,0,0
57208005,80,49,31,79,48,31,1,1,0,5,2,3,1,0,1,1,1,0,93,38,55,48,19,29,0,0,0,4,0,4,12,4,8,29,15,14,0,0,0
57208006,509,287,222,493,277,216,12,9,3,84,43,41,1,0,1,16,10,6,511,220,291,255,106,149,0,0,0,27,0,27,78,37,41,151,77,74,9,4,5
57208007,183,104,79,180,103,77,6,4,2,30,13,17,1,0,1,3,1,2,205,92,113,131,55,76,0,0,0,9,0,9,20,11,9,45,26,19,1,0,1
57209801,49,31,18,47,30,17,0,0,0,3,2,1,0,0,0,2,1,1,42,19,23,16,3,13,0,0,0,3,0,3,9,6,3,14,10,4,0,0,0
57209802,19,12,7,19,12,7,0,0,0,3,1,2,0,0,0,0,0,0,19,9,10,9,5,4,0,0,0,1,0,1,2,1,1,7,3,4,0,0,0
57209803,35,20,15,35,20,15,2,2,0,5,3,2,0,0,0,0,0,0,25,8,17,14,5,9,0,0,0,3,0,3,4,2,2,4,1,3,0,0,0
57209804,288,151,137,279,145,134,7,3,4,34,13,21,3,0,3,9,6,3,299,132,167,145,61,84,0,0,0,13,0,13,52,24,28,89,47,42,8,6,2
57210101,194,116,78,189,114,75,4,3,1,29,19,10,2,0,2,5,2,3,164,71,93,82,37,45,1,1,0,7,0,7,32,14,18,42,19,23,3,2,1
57211001,118,67,51,115,66,49,1,1,0,18,9,9,1,0,1,3,1,2,95,52,43,41,20,21,0,0,0,3,0,3,9,5,4,42,27,15,1,1,0
57215201,40,24,16,38,24,14,1,0,1,6,3,3,0,0,0,2,0,2,36,13,23,19,7,12,0,0,0,2,0,2,5,2,3,10,4,6,0,0,0
57215202,36,20,16,36,20,16,4,1,3,5,1,4,0,0,0,0,0,0,34,17,17,16,6,10,0,0,0,2,0,2,4,2,2,12,9,3,0,0,0
57215203,99,60,39,95,57,38,7,4,3,13,7,6,2,0,2,4,3,1,106,51,55,53,21,32,0,0,0,4,0,4,22,13,9,27,17,10,2,2,0
57216101,31,20,11,31,20,11,2,0,2,4,3,1,0,0,0,0,0,0,38,11,27,16,4,12,0,0,0,5,1,4,9,4,5,8,2,6,0,0,0
57216102,68,39,29,64,37,27,3,1,2,8,4,4,2,0,2,4,2,2,58,22,36,41,15,26,0,0,0,0,0,0,10,4,6,7,3,4,1,1,0
57216103,768,437,331,737,420,317,20,10,10,99,48,51,2,0,2,31,17,14,660,278,382,342,132,210,3,3,0,22,0,22,83,34,49,210,109,101,7,5,2
57217901,494,271,223,469,257,212,16,6,10,37,11,26,4,0,4,25,14,11,457,203,254,205,86,119,0,0,0,25,0,25,75,43,32,152,74,78,4,2,2
57217902,68,36,32,61,32,29,0,0,0,7,5,2,0,0,0,7,4,3,47,19,28,25,8,17,1,0,1,2,0,2,9,5,4,10,6,4,2,1,1
57217903,56,32,24,53,30,23,3,2,1,3,1,2,1,0,1,3,2,1,61,30,31,28,12,16,0,0,0,4,0,4,12,6,6,17,12,5,0,0,0
57217904,71,42,29,66,40,26,1,0,1,10,5,5,0,0,0,5,2,3,64,26,38,27,12,15,0,0,0,6,0,6,10,2,8,21,12,9,0,0,0
57221701,242,128,114,236,125,111,3,0,3,31,16,15,3,0,3,6,3,3,238,118,120,113,48,65,0,0,0,9,0,9,43,23,20,73,47,26,1,1,0
57222502,28,17,11,27,17,10,0,0,0,5,3,2,0,0,0,1,0,1,23,10,13,19,7,12,0,0,0,0,0,0,0,0,0,4,3,1,0,0,0
57222503,24,12,12,23,12,11,1,1,0,5,1,4,0,0,0,1,0,1,34,19,15,22,14,8,0,0,0,2,0,2,4,3,1,6,2,4,0,0,0
57222505,24,13,11,22,11,11,0,0,0,5,1,4,0,0,0,2,2,0,20,10,10,10,5,5,0,0,0,1,0,1,3,2,1,6,3,3,0,0,0
57222506,96,58,38,91,55,36,3,0,3,10,6,4,0,0,0,5,3,2,76,33,43,44,19,25,0,0,0,4,0,4,11,5,6,17,9,8,1,1,0
57222508,28,18,10,27,18,9,0,0,0,4,3,1,0,0,0,1,0,1,26,11,15,15,7,8,0,0,0,1,0,1,2,1,1,8,3,5,0,0,0
57222510,281,158,123,260,145,115,6,1,5,40,17,23,2,0,2,21,13,8,302,143,159,189,85,104,0,0,0,12,0,12,36,23,13,65,35,30,7,2,5
57222511,234,126,108,223,120,103,9,3,6,35,15,20,1,0,1,11,6,5,403,189,214,296,141,155,2,2,0,13,0,13,35,19,16,57,27,30,1,1,0
57222512,15,9,6,14,8,6,0,0,0,3,2,1,0,0,0,1,1,0,20,11,9,18,10,8,0,0,0,0,0,0,1,1,0,1,0,1,1,0,1
57222513,69,39,30,66,37,29,3,2,1,16,9,7,0,0,0,3,2,1,55,27,28,38,18,20,0,0,0,0,0,0,1,0,1,16,9,7,1,0,1
57222515,42,21,21,39,18,21,1,1,0,5,2,3,0,0,0,3,3,0,39,18,21,23,9,14,0,0,0,2,0,2,7,4,3,7,5,2,1,0,1
57222516,17,11,6,17,11,6,0,0,0,3,2,1,0,0,0,0,0,0,27,12,15,20,8,12,0,0,0,0,0,0,3,1,2,4,3,1,0,0,0
57224101,21,14,7,21,14,7,1,1,0,3,3,0,0,0,0,0,0,0,41,20,21,25,12,13,0,0,0,1,0,1,4,3,1,11,5,6,0,0,0
57224102,21,10,11,21,10,11,0,0,0,2,1,1,0,0,0,0,0,0,28,14,14,21,9,12,0,0,0,0,0,0,4,2,2,3,3,0,1,1,0
57224103,68,39,29,67,39,28,2,0,2,13,7,6,1,0,1,1,0,1,42,14,28,20,7,13,1,0,1,2,0,2,9,3,6,10,4,6,0,0,0
57224104,18,12,6,18,12,6,0,0,0,0,0,0,0,0,0,0,0,0,23,9,14,12,3,9,0,0,0,1,0,1,3,2,1,7,4,3,0,0,0
57224105,108,55,53,103,52,51,3,0,3,11,5,6,1,0,1,5,3,2,118,58,60,59,31,28,0,0,0,8,0,8,15,9,6,36,18,18,0,0,0
57224107,37,18,19,37,18,19,2,1,1,9,5,4,0,0,0,0,0,0,31,19,12,25,14,11,0,0,0,0,0,0,1,1,0,5,4,1,1,1,0
57224109,1740,966,774,1670,929,741,61,25,36,213,92,121,8,0,8,70,37,33,1892,779,1113,1070,419,651,2,1,1,68,1,67,244,112,132,508,246,262,43,24,19
57224110,58,36,22,56,36,20,1,0,1,5,4,1,1,0,1,2,0,2,94,45,49,36,16,20,0,0,0,8,0,8,23,14,9,27,15,12,0,0,0
57224111,27,17,10,26,17,9,1,0,1,1,1,0,1,0,1,1,0,1,35,14,21,22,11,11,0,0,0,3,0,3,7,2,5,3,1,2,0,0,0
57224113,93,58,35,89,55,34,2,0,2,16,8,8,1,0,1,4,3,1,83,35,48,40,18,22,0,0,0,4,0,4,10,6,4,29,11,18,0,0,0
57224114,58,36,22,56,35,21,1,0,1,4,3,1,0,0,0,2,1,1,49,19,30,29,12,17,0,0,0,3,0,3,6,3,3,11,4,7,0,0,0
57224115,90,54,36,87,52,35,2,1,1,9,5,4,0,0,0,3,2,1,86,36,50,42,18,24,0,0,0,4,0,4,12,6,6,28,12,16,1,1,0
57224116,66,35,31,63,34,29,4,1,3,7,3,4,0,0,0,3,1,2,63,26,37,37,17,20,0,0,0,1,0,1,5,1,4,20,8,12,0,0,0
57226801,49,26,23,48,25,23,3,0,3,9,8,1,1,0,1,1,1,0,50,22,28,25,11,14,0,0,0,1,0,1,5,1,4,19,10,9,0,0,0
57226802,30,16,14,30,16,14,2,1,1,7,3,4,0,0,0,0,0,0,16,7,9,6,4,2,0,0,0,0,0,0,0,0,0,10,3,7,0,0,0
57226803,20,12,8,20,12,8,0,0,0,2,2,0,1,0,1,0,0,0,25,12,13,7,2,5,0,0,0,1,0,1,6,5,1,11,5,6,1,0,1
57226804,1488,832,656,1448,806,642,50,23,27,206,114,92,19,0,19,40,26,14,1532,681,851,833,342,491,1,0,1,62,0,62,199,116,83,437,223,214,17,15,2
57226805,250,137,113,246,134,112,13,5,8,33,16,17,2,0,2,4,3,1,239,110,129,117,50,67,0,0,0,10,0,10,29,17,12,83,43,40,1,0,1
57226806,121,62,59,118,61,57,3,1,2,16,7,9,3,0,3,3,1,2,130,63,67,60,24,36,1,1,0,7,1,6,22,15,7,40,22,18,0,0,0
57227601,32,22,10,31,21,10,4,1,3,1,0,1,0,0,0,1,1,0,20,6,14,11,2,9,0,0,0,0,0,0,2,1,1,7,3,4,2,0,2
57227602,201,114,87,197,111,86,7,4,3,25,13,12,1,0,1,4,3,1,186,83,103,65,28,37,0,0,0,9,0,9,37,18,19,75,37,38,1,1,0
57227603,331,178,153,326,176,150,14,8,6,26,16,10,2,0,2,5,2,3,246,112,134,34,11,23,1,0,1,12,0,12,64,33,31,135,68,67,4,1,3
57231401,32,16,16,31,15,16,2,0,2,5,2,3,0,0,0,1,1,0,26,13,13,17,8,9,0,0,0,1,0,1,3,1,2,5,4,1,0,0,0
57231402,53,27,26,53,27,26,2,1,1,8,1,7,0,0,0,0,0,0,50,25,25,36,17,19,0,0,0,1,0,1,4,3,1,9,5,4,0,0,0
57232201,19,7,12,18,6,12,1,0,1,2,0,2,0,0,0,1,1,0,17,9,8,12,7,5,0,0,0,0,0,0,2,0,2,3,2,1,0,0,0
57232202,179,101,78,173,100,73,3,1,2,28,16,12,2,0,2,6,1,5,192,87,105,100,46,54,0,0,0,8,0,8,26,14,12,58,27,31,0,0,0
57232203,26,16,10,26,16,10,2,1,1,2,0,2,0,0,0,0,0,0,18,11,7,13,8,5,0,0,0,1,0,1,1,0,1,3,3,0,0,0,0
57233101,22,12,10,22,12,10,2,1,1,2,2,0,0,0,0,0,0,0,26,10,16,11,3,8,0,0,0,1,0,1,4,1,3,10,6,4,0,0,0
57233102,200,114,86,196,112,84,12,5,7,21,15,6,3,0,3,4,2,2,171,83,88,80,36,44,0,0,0,7,0,7,26,15,11,58,32,26,2,2,0
57234902,421,243,178,405,236,169,14,5,9,58,35,23,4,0,4,16,7,9,456,194,262,221,95,126,1,0,1,23,0,23,78,36,42,133,63,70,6,5,1
57238101,62,36,26,59,35,24,1,0,1,6,2,4,0,0,0,3,1,2,57,28,29,22,10,12,0,0,0,2,0,2,13,6,7,20,12,8,6,5,1
57238102,41,23,18,38,21,17,1,0,1,6,5,1,0,0,0,3,2,1,36,13,23,24,8,16,0,0,0,1,0,1,4,3,1,7,2,5,0,0,0
57238104,39,17,22,39,17,22,1,0,1,6,2,4,0,0,0,0,0,0,28,13,15,17,7,10,0,0,0,1,0,1,3,1,2,7,5,2,0,0,0
57238105,25,14,11,25,14,11,2,0,2,4,3,1,1,0,1,0,0,0,22,13,9,12,7,5,0,0,0,1,0,1,5,2,3,4,4,0,0,0,0
1680762,0,0,0,0,0,0,0,0,0,0,0,0,0,0,0,0,0,0,0,0,0,0,0,0,0,0,0,0,0,0,0,0,0,0,0,0,0,0,0
57239001,9,4,5,9,4,5,0,0,0,5,3,2,0,0,0,0,0,0,14,5,9,12,5,7,1,0,1,0,0,0,0,0,0,1,0,1,0,0,0
57239002,9,7,2,9,7,2,0,0,0,0,0,0,0,0,0,0,0,0,21,9,12,13,6,7,0,0,0,1,0,1,3,1,2,4,2,2,0,0,0
57239004,45,25,20,41,22,19,1,0,1,4,2,2,0,0,0,4,3,1,48,22,26,14,5,9,0,0,0,5,0,5,20,10,10,9,7,2,1,0,1
57239005,395,230,165,381,221,160,16,7,9,39,15,24,2,0,2,14,9,5,365,151,214,168,71,97,0,0,0,24,0,24,61,25,36,112,55,57,12,6,6
57240301,86,51,35,80,48,32,0,0,0,15,5,10,1,0,1,6,3,3,93,41,52,46,19,27,0,0,0,7,0,7,14,8,6,26,14,12,1,1,0
3388770,0,0,0,0,0,0,0,0,0,0,0,0,0,0,0,0,0,0,0,0,0,0,0,0,0,0,0,0,0,0,0,0,0,0,0,0,0,0,0
57241101,32,19,13,32,19,13,1,1,0,4,3,1,0,0,0,0,0,0,34,12,22,21,8,13,0,0,0,1,0,1,5,2,3,7,2,5,0,0,0
57241103,48,28,20,46,27,19,1,0,1,5,2,3,0,0,0,2,1,1,50,26,24,34,16,18,0,0,0,1,0,1,8,3,5,7,7,0,1,1,0
57241104,17,11,6,16,11,5,0,0,0,2,0,2,1,0,1,1,0,1,13,7,6,10,4,6,0,0,0,0,0,0,1,1,0,2,2,0,0,0,0
57241105,37,20,17,35,19,16,1,0,1,2,0,2,0,0,0,2,1,1,33,14,19,21,10,11,0,0,0,3,0,3,5,1,4,4,3,1,0,0,0
57241107,1301,720,581,1253,699,554,46,24,22,142,65,77,6,0,6,48,21,27,1180,511,669,613,258,355,2,1,1,54,0,54,204,100,104,307,152,155,25,14,11
57241109,71,41,30,67,38,29,2,0,2,7,4,3,0,0,0,4,3,1,62,30,32,40,18,22,0,0,0,1,0,1,2,2,0,19,10,9,0,0,0
57242001,325,179,146,319,178,141,19,10,9,31,16,15,4,0,4,6,1,5,284,125,159,123,52,71,0,0,0,11,0,11,51,26,25,99,47,52,5,2,3
57244601,220,124,96,213,119,94,7,2,5,26,15,11,1,0,1,7,5,2,237,97,140,108,37,71,0,0,0,18,0,18,48,21,27,63,39,24,3,3,0
57245402,20,10,10,18,9,9,1,1,0,1,0,1,0,0,0,2,1,1,19,8,11,12,7,5,0,0,0,0,0,0,3,0,3,4,1,3,1,1,0
57245403,164,94,70,158,91,67,6,2,4,13,8,5,0,0,0,6,3,3,106,42,64,55,22,33,0,0,0,3,0,3,14,4,10,34,16,18,1,1,0
57246201,23,15,8,22,14,8,2,0,2,1,1,0,0,0,0,1,1,0,36,16,20,22,11,11,0,0,0,1,0,1,4,0,4,9,5,4,0,0,0
57246202,28,14,14,28,14,14,1,1,0,4,2,2,0,0,0,0,0,0,35,17,18,22,10,12,0,0,0,0,0,0,1,1,0,12,6,6,0,0,0
57246203,21,12,9,21,12,9,0,0,0,4,3,1,0,0,0,0,0,0,16,8,8,9,3,6,0,0,0,0,0,0,2,0,2,5,5,0,0,0,0
57246204,140,84,56,134,80,54,3,1,2,20,10,10,2,0,2,6,4,2,137,57,80,70,30,40,0,0,0,5,0,5,23,10,13,39,17,22,3,1,2
57246206,15,7,8,14,7,7,0,0,0,2,0,2,1,0,1,1,0,1,21,11,10,9,3,6,0,0,0,1,0,1,5,4,1,6,4,2,1,0,1
57246207,27,15,12,25,14,11,0,0,0,4,3,1,0,0,0,2,1,1,25,10,15,11,4,7,0,0,0,2,0,2,2,2,0,10,4,6,2,2,0
57247101,140,78,62,136,75,61,3,0,3,11,4,7,2,0,2,4,3,1,145,62,83,75,34,41,0,0,0,8,0,8,26,8,18,36,20,16,2,1,1
57249701,53,34,19,51,34,17,1,0,1,11,7,4,0,0,0,2,0,2,41,17,24,20,9,11,0,0,0,1,0,1,5,0,5,15,8,7,0,0,0
57249702,175,100,75,168,96,72,7,3,4,17,9,8,0,0,0,7,4,3,178,71,107,78,30,48,0,0,0,16,0,16,37,19,18,47,22,25,2,1,1
57250101,175,103,72,163,98,65,6,3,3,19,12,7,0,0,0,12,5,7,188,87,101,102,40,62,0,0,0,3,0,3,17,8,9,66,39,27,1,1,0
57250102,17,8,9,17,8,9,1,1,0,1,0,1,0,0,0,0,0,0,9,3,6,2,1,1,0,0,0,1,0,1,1,0,1,5,2,3,0,0,0
57252701,12,8,4,12,8,4,0,0,0,1,0,1,0,0,0,0,0,0,14,7,7,10,5,5,0,0,0,0,0,0,1,1,0,3,1,2,0,0,0
57252702,89,49,40,85,48,37,1,0,1,16,10,6,1,0,1,4,1,3,105,39,66,64,25,39,0,0,0,4,0,4,13,4,9,24,10,14,2,0,2
57253502,28,17,11,28,17,11,0,0,0,4,2,2,0,0,0,0,0,0,21,6,15,13,5,8,0,0,0,2,0,2,3,0,3,3,1,2,0,0,0
57253503,17,11,6,16,10,6,1,1,0,2,2,0,0,0,0,1,1,0,20,8,12,13,5,8,0,0,0,0,0,0,1,0,1,6,3,3,0,0,0
57253504,116,65,51,115,64,51,2,1,1,12,5,7,1,0,1,1,1,0,151,71,80,83,38,45,0,0,0,5,0,5,20,9,11,43,24,19,1,0,1
57254301,10,7,3,9,7,2,0,0,0,0,0,0,0,0,0,1,0,1,14,6,8,8,3,5,0,0,0,1,0,1,0,0,0,5,3,2,0,0,0
57254302,18,9,9,17,9,8,1,0,1,2,1,1,0,0,0,1,0,1,12,7,5,6,3,3,0,0,0,0,0,0,3,2,1,3,2,1,0,0,0
57254303,41,28,13,40,28,12,0,0,0,7,3,4,0,0,0,1,0,1,54,18,36,38,16,22,0,0,0,3,0,3,7,1,6,6,1,5,0,0,0
57255101,36,25,11,34,23,11,2,1,1,5,5,0,0,0,0,2,2,0,37,13,24,29,8,21,0,0,0,1,0,1,3,3,0,4,2,2,1,1,0
57255102,70,36,34,68,36,32,4,2,2,7,1,6,0,0,0,2,0,2,69,31,38,47,22,25,0,0,0,3,0,3,5,5,0,14,4,10,0,0,0
57255103,182,101,81,180,101,79,9,6,3,27,16,11,4,0,4,2,0,2,164,76,88,79,36,43,0,0,0,6,0,6,23,16,7,56,24,32,1,1,0
57255105,25,13,12,24,13,11,0,0,0,2,1,1,0,0,0,1,0,1,21,9,12,13,7,6,0,0,0,1,0,1,4,1,3,3,1,2,0,0,0
57255106,16,11,5,15,10,5,0,0,0,3,1,2,0,0,0,1,1,0,15,7,8,14,7,7,0,0,0,0,0,0,1,0,1,0,0,0,0,0,0
57255109,22,16,6,22,16,6,2,2,0,4,3,1,0,0,0,0,0,0,13,5,8,8,2,6,0,0,0,1,0,1,2,1,1,2,2,0,0,0,0
57257802,522,286,236,501,278,223,16,8,8,56,27,29,6,0,6,21,8,13,498,243,255,259,126,133,1,1,0,17,0,17,73,40,33,148,76,72,5,2,3
57264101,12,8,4,11,7,4,1,1,0,1,1,0,0,0,0,1,1,0,18,9,9,11,5,6,0,0,0,0,0,0,2,0,2,5,4,1,0,0,0
57264103,126,75,51,123,73,50,7,3,4,19,13,6,2,0,2,3,2,1,108,48,60,64,26,38,0,0,0,5,0,5,17,8,9,22,14,8,0,0,0
57378701,189,105,84,182,103,79,5,3,2,21,9,12,2,0,2,7,2,5,136,65,71,49,18,31,0,0,0,5,0,5,22,14,8,60,33,27,2,2,0
57378702,36,20,16,34,19,15,0,0,0,2,0,2,1,0,1,2,1,1,34,13,21,9,4,5,0,0,0,4,0,4,10,5,5,11,4,7,1,0,1
57381701,59,34,25,56,32,24,5,1,4,6,4,2,1,0,1,3,2,1,71,29,42,34,14,20,1,0,1,5,0,5,17,7,10,14,8,6,1,0,1
57387601,131,71,60,129,71,58,6,3,3,26,12,14,1,0,1,2,0,2,132,55,77,72,34,38,0,0,0,8,0,8,19,6,13,33,15,18,2,1,1
57394901,32,20,12,30,18,12,0,0,0,4,2,2,0,0,0,2,2,0,47,20,27,20,11,9,0,0,0,5,0,5,12,5,7,10,4,6,0,0,0
57400701,69,42,27,68,41,27,2,1,1,13,9,4,0,0,0,1,1,0,64,27,37,42,16,26,0,0,0,0,0,0,1,0,1,21,11,10,2,0,2
57409102,70,39,31,67,37,30,5,2,3,6,3,3,0,0,0,3,2,1,70,29,41,39,19,20,0,0,0,1,0,1,7,2,5,23,8,15,0,0,0
57410401,103,60,43,97,57,40,2,1,1,9,6,3,2,0,2,6,3,3,88,39,49,36,15,21,0,0,0,3,0,3,11,7,4,38,17,21,2,2,0
3308500,0,0,0,0,0,0,0,0,0,0,0,0,0,0,0,0,0,0,0,0,0,0,0,0,0,0,0,0,0,0,0,0,0,0,0,0,0,0,0
53079401,104,59,45,99,57,42,4,4,0,4,2,2,0,0,0,5,2,3,104,39,65,59,22,37,0,0,0,5,0,5,15,5,10,25,12,13,1,0,1
55371901,456,238,218,442,234,208,19,11,8,35,16,19,3,0,3,14,4,10,370,178,192,101,48,53,0,0,0,12,0,12,79,40,39,178,90,88,1,0,1
1179010,0,0,0,0,0,0,0,0,0,0,0,0,0,0,0,0,0,0,0,0,0,0,0,0,0,0,0,0,0,0,0,0,0,0,0,0,0,0,0
3290880,0,0,0,0,0,0,0,0,0,0,0,0,0,0,0,0,0,0,0,0,0,0,0,0,0,0,0,0,0,0,0,0,0,0,0,0,0,0,0
57471601,810,592,218,693,497,196,19,13,6,55,33,22,3,0,3,117,95,22,380,199,181,168,92,76,0,0,0,8,0,8,110,61,49,94,46,48,281,206,75
57471602,54,26,28,54,26,28,4,1,3,2,2,0,1,0,1,0,0,0,31,12,19,6,2,4,0,0,0,2,1,1,4,1,3,19,8,11,0,0,0
57471603,14,7,7,14,7,7,0,0,0,2,2,0,0,0,0,0,0,0,12,5,7,3,1,2,1,1,0,0,0,0,3,2,1,5,1,4,0,0,0
57471604,160,93,67,153,91,62,12,4,8,17,9,8,0,0,0,7,2,5,90,36,54,24,7,17,0,0,0,8,0,8,29,14,15,29,15,14,1,1,0
57471605,113,60,53,108,58,50,6,2,4,11,7,4,0,0,0,5,2,3,108,47,61,51,23,28,0,0,0,5,0,5,22,11,11,30,13,17,6,2,4
57471606,673,356,317,619,328,291,33,18,15,49,24,25,3,0,3,54,28,26,545,233,312,248,89,159,1,1,0,31,0,31,100,61,39,165,82,83,28,17,11
57471607,1270,665,605,1222,641,581,70,26,44,123,63,60,8,0,8,48,24,24,1037,445,592,526,214,312,5,2,3,47,0,47,174,87,87,285,142,143,17,11,6
57471608,1200,642,558,1156,625,531,67,30,37,125,63,62,9,0,9,44,17,27,1181,477,704,631,219,412,4,3,1,52,0,52,202,92,110,292,163,129,21,7,14
57471610,12,8,4,11,7,4,1,1,0,0,0,0,0,0,0,1,1,0,8,4,4,3,2,1,0,0,0,0,0,0,2,0,2,3,2,1,0,0,0
57471612,3451,1872,1579,3327,1805,1522,168,73,95,388,192,196,26,1,25,124,67,57,2440,1068,1372,1234,490,744,9,3,6,113,0,113,438,245,193,646,330,316,89,52,37
57471613,1311,690,621,1270,664,606,55,25,30,151,69,82,16,0,16,41,26,15,1109,470,639,619,246,373,4,2,2,43,0,43,172,89,83,271,133,138,33,20,13
57471614,2621,1456,1165,2523,1411,1112,117,52,65,223,108,115,18,0,18,98,45,53,1751,715,1036,805,291,514,6,2,4,95,1,94,366,188,178,479,233,246,71,39,32
3223690,0,0,0,0,0,0,0,0,0,0,0,0,0,0,0,0,0,0,0,0,0,0,0,0,0,0,0,0,0,0,0,0,0,0,0,0,0,0,0
55512601,17,13,4,17,13,4,0,0,0,3,3,0,0,0,0,0,0,0,13,7,6,12,6,6,0,0,0,0,0,0,1,1,0,0,0,0,0,0,0
55512602,164,87,77,160,85,75,3,2,1,20,12,8,2,0,2,4,2,2,138,58,80,62,25,37,1,1,0,4,0,4,24,11,13,47,21,26,0,0,0
55512603,121,68,53,118,67,51,3,3,0,9,7,2,6,0,6,3,1,2,83,39,44,5,2,3,1,1,0,10,0,10,42,22,20,25,14,11,0,0,0
55512604,981,509,472,949,495,454,48,29,19,84,34,50,8,0,8,32,14,18,553,252,301,192,76,116,4,3,1,32,0,32,123,59,64,202,114,88,11,7,4
55512606,1707,891,816,1641,858,783,77,32,45,169,78,91,9,0,9,66,33,33,1546,619,927,927,338,589,6,4,2,61,1,60,200,114,86,352,162,190,28,11,17
55512607,1731,975,756,1672,947,725,68,34,34,122,62,60,9,0,9,59,28,31,903,400,503,362,138,224,3,0,3,48,1,47,180,88,92,310,173,137,26,12,14
55512608,1991,1063,928,1921,1033,888,78,38,40,215,90,125,13,0,13,70,30,40,1701,666,1035,1007,363,644,3,3,0,77,0,77,254,126,128,360,174,186,36,13,23
55512609,293,161,132,284,156,128,67,36,31,15,10,5,1,0,1,9,5,4,255,126,129,53,24,29,0,0,0,6,0,6,34,12,22,162,90,72,7,5,2
55512611,1348,714,634,1294,694,600,80,41,39,112,45,67,10,0,10,54,20,34,1111,448,663,630,232,398,3,2,1,47,1,46,174,81,93,257,132,125,28,13,15
55512612,1607,840,767,1536,802,734,66,32,34,191,85,106,9,0,9,71,38,33,1646,669,977,973,365,608,3,1,2,60,0,60,233,118,115,377,185,192,19,11,8
3290450,0,0,0,0,0,0,0,0,0,0,0,0,0,0,0,0,0,0,0,0,0,0,0,0,0,0,0,0,0,0,0,0,0,0,0,0,0,0,0
55706402,352,352,0,300,300,0,1,1,0,3,3,0,0,0,0,52,52,0,266,266,0,83,83,0,0,0,0,0,0,0,132,132,0,51,51,0,0,0,0
55706403,62,35,27,62,35,27,3,2,1,9,4,5,0,0,0,0,0,0,38,24,14,11,6,5,0,0,0,2,0,2,10,7,3,15,11,4,0,0,0
55706404,1038,536,502,1008,521,487,54,26,28,103,50,53,3,0,3,30,15,15,720,311,409,349,134,215,5,4,1,22,0,22,87,38,49,257,135,122,2,0,2
55706406,910,457,453,876,442,434,37,17,20,90,36,54,5,0,5,34,15,19,1037,435,602,624,234,390,2,2,0,38,1,37,145,74,71,228,124,104,14,4,10
55706407,322,199,123,322,199,123,0,0,0,1,0,1,1,0,1,0,0,0,3,0,3,0,0,0,0,0,0,0,0,0,0,0,0,3,0,3,10,5,5
55706408,4223,2216,2007,4088,2156,1932,145,72,73,554,271,283,31,0,31,135,60,75,3728,1529,2199,1984,735,1249,6,4,2,172,0,172,581,306,275,985,484,501,52,31,21
55706410,237,126,111,230,120,110,10,3,7,64,36,28,1,0,1,7,6,1,219,105,114,131,57,74,3,2,1,4,0,4,19,8,11,62,38,24,2,1,1
55706411,649,334,315,634,326,308,30,12,18,70,40,30,4,0,4,15,8,7,671,302,369,359,143,216,3,2,1,19,0,19,84,44,40,206,113,93,7,4,3
55706412,323,173,150,315,168,147,12,7,5,31,12,19,3,0,3,8,5,3,386,150,236,246,86,160,0,0,0,16,0,16,49,24,25,75,40,35,4,4,0
1178112,0,0,0,0,0,0,0,0,0,0,0,0,0,0,0,0,0,0,0,0,0,0,0,0,0,0,0,0,0,0,0,0,0,0,0,0,0,0,0
3181831,0,0,0,0,0,0,0,0,0,0,0,0,0,0,0,0,0,0,0,0,0,0,0,0,0,0,0,0,0,0,0,0,0,0,0,0,0,0,0
3181832,0,0,0,0,0,0,0,0,0,0,0,0,0,0,0,0,0,0,0,0,0,0,0,0,0,0,0,0,0,0,0,0,0,0,0,0,0,0,0
3213380,0,0,0,0,0,0,0,0,0,0,0,0,0,0,0,0,0,0,0,0,0,0,0,0,0,0,0,0,0,0,0,0,0,0,0,0,0,0,0
3317240,0,0,0,0,0,0,0,0,0,0,0,0,0,0,0,0,0,0,0,0,0,0,0,0,0,0,0,0,0,0,0,0,0,0,0,0,0,0,0
3317320,0,0,0,0,0,0,0,0,0,0,0,0,0,0,0,0,0,0,0,0,0,0,0,0,0,0,0,0,0,0,0,0,0,0,0,0,0,0,0
55509601,534,287,247,526,282,244,12,4,8,56,25,31,6,0,6,8,5,3,423,198,225,202,90,112,0,0,0,13,0,13,71,34,37,137,74,63,5,1,4
55509602,56,30,26,52,27,25,2,0,2,8,3,5,0,0,0,4,3,1,47,27,20,24,13,11,0,0,0,2,0,2,6,4,2,15,10,5,0,0,0
55509603,176,102,74,173,101,72,6,1,5,25,17,8,0,0,0,3,1,2,188,77,111,88,36,52,0,0,0,10,0,10,26,11,15,64,30,34,0,0,0
55509604,125,66,59,120,65,55,4,1,3,15,11,4,0,0,0,5,1,4,89,42,47,18,6,12,2,2,0,3,0,3,26,12,14,40,22,18,1,0,1
55509606,19,12,7,19,12,7,1,0,1,1,0,1,1,0,1,0,0,0,28,14,14,15,6,9,0,0,0,1,0,1,4,2,2,8,6,2,0,0,0
55509607,657,349,308,639,341,298,40,23,17,68,30,38,2,0,2,18,8,10,568,249,319,224,91,133,1,1,0,26,0,26,85,45,40,232,112,120,3,2,1
55509608,30,19,11,30,19,11,0,0,0,6,3,3,0,0,0,0,0,0,32,13,19,10,3,7,0,0,0,3,0,3,8,6,2,11,4,7,4,2,2
55509609,21,8,13,21,8,13,1,0,1,0,0,0,0,0,0,0,0,0,1,1,0,0,0,0,0,0,0,0,0,0,1,1,0,0,0,0,0,0,0
55509610,25,16,9,24,15,9,0,0,0,1,0,1,0,0,0,1,1,0,13,8,5,3,3,0,0,0,0,1,0,1,4,3,1,5,2,3,0,0,0
55509611,776,414,362,756,401,355,35,21,14,130,64,66,5,1,4,20,13,7,739,344,395,377,165,212,1,0,1,27,2,25,107,55,52,227,122,105,7,4,3
55509612,218,122,96,214,120,94,9,4,5,22,10,12,1,0,1,4,2,2,227,99,128,133,53,80,0,0,0,4,0,4,31,12,19,59,34,25,0,0,0
55509613,104,58,46,101,56,45,6,4,2,13,6,7,1,0,1,3,2,1,116,48,68,63,26,37,0,0,0,8,0,8,22,13,9,23,9,14,0,0,0
0322552,0,0,0,0,0,0,0,0,0,0,0,0,0,0,0,0,0,0,0,0,0,0,0,0,0,0,0,0,0,0,0,0,0,0,0,0,0,0,0
1177490,0,0,0,0,0,0,0,0,0,0,0,0,0,0,0,0,0,0,0,0,0,0,0,0,0,0,0,0,0,0,0,0,0,0,0,0,0,0,0
1180872,0,0,0,0,0,0,0,0,0,0,0,0,0,0,0,0,0,0,0,0,0,0,0,0,0,0,0,0,0,0,0,0,0,0,0,0,0,0,0
55707201,364,201,163,348,190,158,11,5,6,43,25,18,5,0,5,16,11,5,309,134,175,113,48,65,1,0,1,14,0,14,60,26,34,121,60,61,4,3,1
55707202,324,159,165,306,149,157,12,4,8,43,19,24,0,0,0,18,10,8,254,127,127,121,53,68,0,0,0,6,0,6,35,16,19,92,58,34,4,2,2
55707203,148,93,55,119,72,47,7,5,2,9,6,3,0,0,0,29,21,8,77,40,37,29,15,14,1,0,1,2,0,2,15,9,6,30,16,14,6,5,1
55707205,383,209,174,375,206,169,23,9,14,15,7,8,9,0,9,8,3,5,191,72,119,28,10,18,0,0,0,39,0,39,89,48,41,35,14,21,6,3,3
55707207,2214,1183,1031,2082,1130,952,103,47,56,176,80,96,17,0,17,132,53,79,1596,710,886,645,273,372,5,3,2,95,0,95,358,180,178,493,254,239,74,50,24
55707208,885,460,425,860,448,412,44,22,22,109,57,52,2,0,2,25,12,13,770,325,445,421,169,252,0,0,0,16,0,16,83,37,46,250,119,131,5,3,2
55707210,2908,1508,1400,2787,1457,1330,130,49,81,270,117,153,19,0,19,121,51,70,2362,986,1376,1167,423,744,10,7,3,133,0,133,404,219,185,648,337,311,36,17,19
55707211,274,154,120,262,149,113,20,9,11,7,5,2,7,0,7,12,5,7,116,42,74,18,5,13,0,0,0,20,0,20,50,24,26,28,13,15,6,4,2
55707212,1776,935,841,1693,907,786,70,31,39,173,90,83,14,0,14,83,28,55,1390,552,838,745,257,488,1,1,0,69,0,69,253,122,131,322,172,150,23,12,11
1180520,0,0,0,0,0,0,0,0,0,0,0,0,0,0,0,0,0,0,0,0,0,0,0,0,0,0,0,0,0,0,0,0,0,0,0,0,0,0,0
1180610,0,0,0,0,0,0,0,0,0,0,0,0,0,0,0,0,0,0,0,0,0,0,0,0,0,0,0,0,0,0,0,0,0,0,0,0,0,0,0
1180790,0,0,0,0,0,0,0,0,0,0,0,0,0,0,0,0,0,0,0,0,0,0,0,0,0,0,0,0,0,0,0,0,0,0,0,0,0,0,0
3290290,0,0,0,0,0,0,0,0,0,0,0,0,0,0,0,0,0,0,0,0,0,0,0,0,0,0,0,0,0,0,0,0,0,0,0,0,0,0,0
3317590,0,0,0,0,0,0,0,0,0,0,0,0,0,0,0,0,0,0,0,0,0,0,0,0,0,0,0,0,0,0,0,0,0,0,0,0,0,0,0
55510001,238,132,106,233,131,102,9,5,4,18,7,11,3,0,3,5,1,4,194,83,111,81,32,49,0,0,0,7,0,7,41,15,26,65,36,29,1,0,1
55510002,129,64,65,128,63,65,1,0,1,9,3,6,1,0,1,1,1,0,120,59,61,46,20,26,1,0,1,6,0,6,23,13,10,44,26,18,0,0,0
55510003,95,65,30,89,62,27,3,1,2,10,5,5,0,0,0,6,3,3,23,14,9,11,7,4,0,0,0,1,0,1,3,3,0,8,4,4,3,1,2
55510004,2130,1136,994,2052,1102,950,82,46,36,176,89,87,16,0,16,78,34,44,1798,797,1001,651,249,402,4,2,2,86,2,84,353,172,181,704,372,332,16,7,9
55510006,616,343,273,603,339,264,29,8,21,62,33,29,3,0,3,13,4,9,540,248,292,235,96,139,2,0,2,25,0,25,107,61,46,171,91,80,8,3,5
55510007,238,125,113,230,120,110,14,5,9,26,10,16,1,0,1,8,5,3,233,106,127,116,52,64,2,1,1,8,0,8,31,16,15,76,37,39,1,0,1
1180100,0,0,0,0,0,0,0,0,0,0,0,0,0,0,0,0,0,0,0,0,0,0,0,0,0,0,0,0,0,0,0,0,0,0,0,0,0,0,0
1412161,0,0,0,0,0,0,0,0,0,0,0,0,0,0,0,0,0,0,0,0,0,0,0,0,0,0,0,0,0,0,0,0,0,0,0,0,0,0,0
3213200,0,0,0,0,0,0,0,0,0,0,0,0,0,0,0,0,0,0,0,0,0,0,0,0,0,0,0,0,0,0,0,0,0,0,0,0,0,0,0
55511801,1227,720,507,1180,697,483,42,16,26,127,63,64,5,0,5,47,23,24,875,365,510,426,180,246,2,1,1,43,0,43,157,75,82,247,109,138,22,14,8
55511803,658,353,305,642,347,295,30,10,20,87,42,45,5,0,5,16,6,10,571,263,308,293,137,156,2,2,0,15,0,15,74,29,45,187,95,92,7,2,5
55511804,564,275,289,548,272,276,28,13,15,32,12,20,8,0,8,16,3,13,298,129,169,69,25,44,2,2,0,23,0,23,96,50,46,108,52,56,8,3,5
55511805,329,183,146,324,180,144,18,14,4,46,24,22,3,0,3,5,3,2,311,141,170,150,56,94,1,1,0,10,0,10,54,27,27,96,57,39,1,0,1
55511806,785,421,364,770,413,357,34,14,20,88,45,43,5,0,5,15,8,7,722,303,419,329,139,190,2,1,1,32,0,32,113,47,66,246,116,130,7,4,3
55511807,266,149,117,253,144,109,17,12,5,15,9,6,3,0,3,13,5,8,214,93,121,58,23,35,0,0,0,17,0,17,63,28,35,76,42,34,1,1,0
55511809,85,66,19,84,66,18,0,0,0,1,1,0,0,0,0,1,0,1,2,2,0,1,1,0,0,0,0,0,0,0,0,0,0,1,1,0,4,3,1
57502001,156,82,74,151,80,71,9,5,4,15,7,8,1,0,1,5,2,3,114,49,65,52,25,27,0,0,0,5,0,5,16,4,12,41,20,21,5,2,3
57276401,48,27,21,48,27,21,0,0,0,4,0,4,0,0,0,0,0,0,60,23,37,27,11,16,0,0,0,5,0,5,13,5,8,15,7,8,0,0,0
57279901,115,59,56,111,55,56,6,2,4,11,7,4,1,0,1,4,4,0,103,48,55,27,9,18,0,0,0,8,0,8,24,13,11,44,26,18,3,3,0
57280201,68,35,33,67,35,32,0,0,0,8,7,1,1,0,1,1,0,1,56,25,31,30,15,15,0,0,0,2,0,2,8,6,2,16,4,12,0,0,0
57284501,80,47,33,78,47,31,2,1,1,5,3,2,0,0,0,2,0,2,53,26,27,25,12,13,0,0,0,4,0,4,12,7,5,12,7,5,3,0,3
57285301,55,35,20,53,34,19,3,1,2,9,7,2,1,0,1,2,1,1,56,23,33,22,8,14,0,0,0,3,0,3,15,9,6,16,6,10,2,1,1
57286101,111,70,41,103,67,36,3,2,1,14,7,7,2,0,2,8,3,5,113,53,60,59,30,29,0,0,0,6,0,6,20,8,12,28,15,13,2,1,1
57287001,340,183,157,334,181,153,19,12,7,17,9,8,2,0,2,6,2,4,240,113,127,26,11,15,0,0,0,23,1,22,72,35,37,119,66,53,1,0,1
57287002,104,64,40,102,64,38,1,1,0,14,10,4,1,0,1,2,0,2,75,37,38,24,11,13,0,0,0,5,0,5,21,13,8,25,13,12,1,0,1
57288801,109,61,48,108,60,48,2,1,1,7,3,4,1,0,1,1,1,0,95,39,56,30,15,15,0,0,0,8,0,8,32,14,18,25,10,15,3,1,2
57289601,373,210,163,361,202,159,17,11,6,22,10,12,3,0,3,12,8,4,310,132,178,78,34,44,1,0,1,34,1,33,92,52,40,105,45,60,5,0,5
57293401,152,85,67,150,84,66,4,4,0,16,9,7,3,0,3,2,1,1,128,63,65,43,21,22,0,0,0,5,0,5,30,13,17,50,29,21,2,1,1
57294201,54,29,25,53,28,25,0,0,0,6,4,2,1,0,1,1,1,0,56,28,28,20,9,11,1,1,0,4,0,4,7,3,4,24,15,9,0,0,0
57295101,88,49,39,84,47,37,2,1,1,12,6,6,0,0,0,4,2,2,71,28,43,31,13,18,0,0,0,6,0,6,19,8,11,15,7,8,0,0,0
57297701,182,96,86,180,95,85,8,2,6,17,10,7,3,0,3,2,1,1,136,55,81,47,19,28,0,0,0,5,0,5,21,8,13,63,28,35,0,0,0
57298501,147,78,69,145,77,68,6,2,4,11,9,2,2,0,2,2,1,1,124,56,68,25,9,16,0,0,0,9,0,9,36,20,16,54,27,27,1,1,0
57301901,36,22,14,34,21,13,2,1,1,2,2,0,0,0,0,2,1,1,26,9,17,7,3,4,0,0,0,6,0,6,8,1,7,5,5,0,0,0,0
57302701,70,39,31,65,36,29,0,0,0,5,3,2,0,0,0,5,3,2,45,22,23,26,12,14,0,0,0,1,0,1,6,4,2,12,6,6,0,0,0
57303501,40,24,16,39,23,16,0,0,0,7,5,2,0,0,0,1,1,0,43,16,27,35,13,22,0,0,0,1,0,1,2,1,1,5,2,3,0,0,0
57307801,45,24,21,44,24,20,0,0,0,3,2,1,0,0,0,1,0,1,31,17,14,15,8,7,0,0,0,3,0,3,3,2,1,10,7,3,0,0,0
57307802,51,29,22,51,29,22,2,1,1,5,5,0,0,0,0,0,0,0,39,14,25,21,8,13,0,0,0,0,0,0,3,1,2,15,5,10,0,0,0
57351501,183,110,73,177,106,71,9,4,5,11,8,3,2,0,2,6,4,2,155,76,79,66,29,37,0,0,0,5,0,5,29,18,11,55,29,26,7,4,3
57419801,345,186,159,336,184,152,15,7,8,30,20,10,2,0,2,9,2,7,238,108,130,78,33,45,1,1,0,11,0,11,51,27,24,97,47,50,4,2,2
57472401,155,95,60,150,93,57,6,2,4,16,11,5,1,0,1,5,2,3,132,47,85,43,13,30,0,0,0,10,0,10,47,20,27,32,14,18,2,1,1
57474101,167,92,75,160,91,69,5,2,3,10,2,8,3,0,3,7,1,6,174,82,92,68,29,39,0,0,0,7,0,7,36,17,19,63,36,27,1,1,0
57476701,1905,1026,879,1845,996,849,88,41,47,164,83,81,9,0,9,60,30,30,1472,652,820,673,287,386,4,4,0,67,1,66,258,120,138,470,240,230,30,17,13
57478301,161,84,77,158,82,76,11,7,4,25,10,15,1,0,1,3,2,1,123,51,72,50,20,30,0,0,0,10,0,10,26,14,12,37,17,20,2,2,0
57479101,22,13,9,22,13,9,0,0,0,5,3,2,0,0,0,0,0,0,18,9,9,13,5,8,0,0,0,0,0,0,0,0,0,5,4,1,0,0,0
57479102,110,57,53,110,57,53,6,2,4,15,6,9,0,0,0,0,0,0,77,34,43,46,18,28,0,0,0,2,0,2,12,8,4,17,8,9,0,0,0
57480501,530,293,237,507,282,225,19,12,7,48,20,28,4,0,4,23,11,12,489,228,261,215,96,119,2,0,2,24,0,24,94,48,46,154,84,70,9,4,5
57480502,22,13,9,21,13,8,1,1,0,3,2,1,0,0,0,1,0,1,27,11,16,16,5,11,0,0,0,0,0,0,1,0,1,10,6,4,0,0,0
57481301,138,77,61,138,77,61,3,2,1,6,4,2,1,0,1,0,0,0,101,41,60,48,21,27,0,0,0,4,0,4,14,5,9,35,15,20,1,0,1
57482101,51,28,23,50,28,22,2,1,1,6,2,4,1,0,1,1,0,1,37,12,25,14,5,9,0,0,0,3,0,3,11,5,6,9,2,7,0,0,0
57483001,131,72,59,125,68,57,2,1,1,13,6,7,1,0,1,6,4,2,120,47,73,62,24,38,0,0,0,3,0,3,22,11,11,33,12,21,1,0,1
57483002,68,39,29,66,38,28,5,1,4,5,3,2,1,0,1,2,1,1,62,24,38,26,12,14,0,0,0,4,0,4,13,7,6,19,5,14,0,0,0
57484801,146,86,60,141,83,58,8,5,3,11,5,6,1,0,1,5,3,2,115,47,68,45,20,25,1,1,0,10,0,10,21,11,10,38,15,23,0,0,0
57484802,70,34,36,70,34,36,4,1,3,2,2,0,1,0,1,0,0,0,54,27,27,11,6,5,0,0,0,4,0,4,16,10,6,23,11,12,0,0,0
57484803,468,251,217,454,244,210,19,9,10,51,31,20,5,0,5,14,7,7,367,181,186,104,45,59,0,0,0,21,0,21,62,33,29,180,103,77,3,1,2
57484804,47,27,20,43,25,18,2,1,1,5,2,3,0,0,0,4,2,2,47,17,30,23,8,15,0,0,0,1,0,1,4,1,3,19,8,11,0,0,0
57484805,110,63,47,110,63,47,8,5,3,8,4,4,0,0,0,0,0,0,102,42,60,12,4,8,0,0,0,8,0,8,20,6,14,62,32,30,0,0,0
57484806,80,45,35,78,44,34,3,2,1,6,2,4,0,0,0,2,1,1,77,36,41,32,13,19,0,0,0,7,0,7,15,6,9,23,17,6,0,0,0
0195770,0,0,0,0,0,0,0,0,0,0,0,0,0,0,0,0,0,0,0,0,0,0,0,0,0,0,0,0,0,0,0,0,0,0,0,0,0,0,0
57485602,48,30,18,45,27,18,0,0,0,1,1,0,0,0,0,3,3,0,19,8,11,11,3,8,0,0,0,1,0,1,4,4,0,3,1,2,0,0,0
57485603,618,338,280,605,333,272,22,10,12,70,39,31,8,0,8,13,5,8,494,215,279,191,85,106,0,0,0,35,0,35,123,60,63,145,70,75,6,3,3
57486401,254,142,112,244,138,106,8,5,3,30,17,13,1,0,1,10,4,6,192,90,102,71,30,41,0,0,0,14,0,14,37,23,14,70,37,33,2,2,0
57489901,922,533,389,887,518,369,32,14,18,71,30,41,4,0,4,35,15,20,750,339,411,314,129,185,3,3,0,36,0,36,134,71,63,263,136,127,26,13,13
57489902,46,30,16,43,27,16,0,0,0,1,1,0,2,0,2,3,3,0,49,23,26,21,9,12,0,0,0,5,0,5,9,5,4,14,9,5,0,0,0
57489903,17,9,8,17,9,8,1,1,0,4,2,2,0,0,0,0,0,0,8,5,3,2,0,2,0,0,0,1,0,1,3,3,0,2,2,0,0,0,0
57489904,99,56,43,96,55,41,4,2,2,9,4,5,0,0,0,3,1,2,78,37,41,31,14,17,0,0,0,5,0,5,15,6,9,27,17,10,1,1,0
57489905,96,52,44,95,51,44,3,3,0,4,2,2,0,0,0,1,1,0,76,38,38,2,2,0,1,1,0,4,0,4,20,10,10,49,25,24,1,1,0
57489906,26,17,9,25,16,9,3,3,0,1,1,0,1,0,1,1,1,0,14,5,9,6,2,4,0,0,0,0,0,0,4,2,2,4,1,3,2,2,0
57490201,219,127,92,209,121,88,11,6,5,16,8,8,1,0,1,10,6,4,173,78,95,79,30,49,0,0,0,6,0,6,28,15,13,60,33,27,3,0,3
57491101,474,257,217,459,251,208,17,7,10,39,16,23,1,0,1,15,6,9,393,160,233,187,76,111,2,1,1,19,0,19,78,33,45,107,50,57,12,6,6
57491102,297,159,138,287,157,130,5,3,2,21,9,12,0,0,0,10,2,8,311,146,165,149,68,81,1,0,1,17,0,17,55,32,23,89,46,43,2,2,0
57491103,112,66,46,107,62,45,3,1,2,13,8,5,0,0,0,5,4,1,102,42,60,33,13,20,0,0,0,8,1,7,23,11,12,38,17,21,0,0,0
57491104,160,91,69,155,88,67,6,0,6,10,5,5,2,0,2,5,3,2,126,57,69,42,16,26,0,0,0,9,0,9,26,16,10,49,25,24,4,2,2
57492901,501,265,236,489,261,228,19,7,12,39,18,21,1,0,1,12,4,8,476,207,269,179,70,109,2,2,0,26,0,26,100,51,49,169,84,85,5,3,2
57495301,310,175,135,297,169,128,10,6,4,23,12,11,5,0,5,13,6,7,276,116,160,80,30,50,0,0,0,23,0,23,70,37,33,103,49,54,2,0,2
57496101,130,74,56,124,70,54,4,0,4,17,9,8,2,0,2,6,4,2,134,56,78,73,31,42,0,0,0,8,0,8,22,13,9,31,12,19,1,1,0
3124360,0,0,0,0,0,0,0,0,0,0,0,0,0,0,0,0,0,0,0,0,0,0,0,0,0,0,0,0,0,0,0,0,0,0,0,0,0,0,0
57498802,590,329,261,568,315,253,14,8,6,43,23,20,4,0,4,22,14,8,598,264,334,273,118,155,1,1,0,25,0,25,97,41,56,202,104,98,5,1,4
57498803,53,26,27,50,25,25,1,0,1,4,0,4,0,0,0,3,1,2,74,35,39,42,21,21,0,0,0,3,0,3,5,2,3,24,12,12,1,1,0
57498804,118,63,55,115,63,52,6,5,1,3,1,2,2,0,2,3,0,3,135,58,77,62,24,38,1,1,0,7,0,7,18,8,10,47,25,22,0,0,0
57498805,46,28,18,43,26,17,0,0,0,2,1,1,0,0,0,3,2,1,48,25,23,21,11,10,0,0,0,2,0,2,3,1,2,22,13,9,1,0,1
57498806,253,144,109,246,141,105,10,5,5,26,16,10,0,0,0,7,3,4,232,95,137,137,53,84,0,0,0,8,0,8,24,10,14,63,32,31,2,0,2
57498807,87,47,40,84,46,38,1,0,1,4,3,1,0,0,0,3,1,2,93,44,49,48,20,28,0,0,0,3,0,3,19,13,6,23,11,12,0,0,0
57498808,871,476,395,814,445,369,23,11,12,90,44,46,6,0,6,57,31,26,893,383,510,478,182,296,2,2,0,39,0,39,132,67,65,242,132,110,29,17,12
57498809,1171,623,548,1124,598,526,46,21,25,77,39,38,13,0,13,47,25,22,1120,460,660,570,208,362,0,0,0,50,0,50,181,94,87,319,158,161,15,10,5
57498810,19,10,9,15,8,7,0,0,0,1,0,1,0,0,0,4,2,2,11,6,5,5,2,3,0,0,0,0,0,0,4,2,2,2,2,0,1,1,0
57498811,14,9,5,14,9,5,0,0,0,3,2,1,0,0,0,0,0,0,22,8,14,15,7,8,0,0,0,1,0,1,4,0,4,2,1,1,0,0,0
57498812,93,54,39,90,53,37,1,0,1,7,5,2,0,0,0,3,1,2,94,47,47,42,19,23,0,0,0,8,0,8,16,10,6,28,18,10,1,1,0
57498813,24,15,9,23,14,9,0,0,0,2,1,1,0,0,0,1,1,0,31,16,15,12,7,5,0,0,0,4,0,4,8,5,3,7,4,3,0,0,0
57499601,71,41,30,67,37,30,1,0,1,8,2,6,0,0,0,4,4,0,64,31,33,27,13,14,1,1,0,5,0,5,12,7,5,19,10,9,4,3,1
57499602,928,510,418,909,500,409,31,15,16,82,45,37,7,0,7,19,10,9,951,420,531,449,182,267,5,5,0,44,0,44,144,74,70,309,159,150,19,11,8
57501101,549,305,244,533,296,237,17,6,11,36,17,19,5,0,5,16,9,7,471,217,254,185,77,108,0,0,0,27,0,27,85,50,35,174,90,84,3,0,3
3313500,0,0,0,0,0,0,0,0,0,0,0,0,0,0,0,0,0,0,0,0,0,0,0,0,0,0,0,0,0,0,0,0,0,0,0,0,0,0,0
57504601,109,60,49,108,60,48,1,1,0,8,5,3,0,0,0,1,0,1,119,45,74,53,21,32,1,1,0,6,0,6,17,8,9,42,15,27,2,0,2
57505402,586,319,267,566,308,258,27,12,15,73,40,33,4,0,4,20,11,9,522,219,303,244,90,154,1,1,0,24,1,23,89,46,43,164,81,83,8,2,6
57505404,28,18,10,28,18,10,1,0,1,1,1,0,0,0,0,0,0,0,30,14,16,15,6,9,1,1,0,0,0,0,3,3,0,11,4,7,0,0,0
57506201,175,99,76,172,98,74,4,0,4,12,5,7,1,0,1,3,1,2,182,85,97,69,25,44,0,0,0,14,0,14,35,20,15,64,40,24,2,2,0
3308410,0,0,0,0,0,0,0,0,0,0,0,0,0,0,0,0,0,0,0,0,0,0,0,0,0,0,0,0,0,0,0,0,0,0,0,0,0,0,0
57507101,62,33,29,61,32,29,2,1,1,9,3,6,0,0,0,1,1,0,56,24,32,20,10,10,0,0,0,6,0,6,13,3,10,17,11,6,0,0,0
57507102,1450,793,657,1375,760,615,37,15,22,157,69,88,7,0,7,75,33,42,1176,487,689,601,240,361,0,0,0,59,0,59,197,99,98,319,148,171,40,26,14
57507103,12,6,6,12,6,6,0,0,0,0,0,0,0,0,0,0,0,0,10,4,6,1,0,1,0,0,0,0,0,0,2,0,2,7,4,3,0,0,0
57508901,384,218,166,372,212,160,18,6,12,32,18,14,2,0,2,12,6,6,339,156,183,149,65,84,0,0,0,12,0,12,41,16,25,137,75,62,4,2,2
57509701,109,57,52,104,56,48,4,1,3,13,7,6,1,0,1,5,1,4,97,47,50,45,19,26,0,0,0,6,0,6,25,16,9,21,12,9,1,0,1
57510101,79,46,33,77,46,31,5,1,4,11,6,5,1,0,1,2,0,2,71,29,42,35,11,24,0,0,0,2,1,1,10,6,4,24,11,13,0,0,0
57510102,42,25,17,42,25,17,0,0,0,6,3,3,0,0,0,0,0,0,52,24,28,27,12,15,0,0,0,2,0,2,13,7,6,10,5,5,0,0,0
57510103,36,21,15,35,21,14,0,0,0,6,3,3,0,0,0,1,0,1,42,18,24,22,10,12,0,0,0,3,0,3,6,3,3,11,5,6,1,1,0
57511901,117,62,55,105,57,48,2,0,2,5,2,3,3,0,3,12,5,7,101,40,61,47,20,27,0,0,0,6,0,6,15,9,6,33,11,22,1,1,0
57512701,69,40,29,65,37,28,3,1,2,8,5,3,1,0,1,4,3,1,66,31,35,22,7,15,0,0,0,5,0,5,14,8,6,25,16,9,1,1,0
57512702,12,7,5,12,7,5,0,0,0,1,0,1,0,0,0,0,0,0,15,7,8,11,5,6,0,0,0,0,0,0,1,1,0,3,1,2,0,0,0
57513501,121,72,49,113,70,43,2,1,1,14,7,7,1,0,1,8,2,6,114,52,62,46,21,25,0,0,0,6,0,6,21,13,8,41,18,23,2,1,1
57514301,238,128,110,230,125,105,12,5,7,21,9,12,1,0,1,8,3,5,150,73,77,53,27,26,1,0,1,9,0,9,35,19,16,52,27,25,0,0,0
57515101,62,36,26,58,35,23,2,1,1,7,7,0,1,0,1,4,1,3,62,22,40,37,14,23,0,0,0,3,0,3,7,1,6,15,7,8,1,0,1
57515102,30,21,9,30,21,9,0,0,0,2,2,0,0,0,0,0,0,0,41,19,22,9,4,5,0,0,0,4,0,4,13,8,5,15,7,8,1,0,1
57517801,60,34,26,59,34,25,2,0,2,4,2,2,0,0,0,1,0,1,57,27,30,36,16,20,0,0,0,4,0,4,8,5,3,9,6,3,0,0,0
57517802,180,98,82,176,95,81,4,1,3,21,10,11,1,0,1,4,3,1,154,62,92,91,35,56,0,0,0,6,0,6,22,13,9,35,14,21,3,2,1
57517803,54,31,23,53,30,23,0,0,0,7,3,4,2,0,2,1,1,0,54,27,27,33,15,18,0,0,0,1,0,1,6,2,4,14,10,4,0,0,0
57517804,26,11,15,26,11,15,0,0,0,4,1,3,0,0,0,0,0,0,33,13,20,22,10,12,0,0,0,1,0,1,2,0,2,8,3,5,0,0,0
57519401,228,129,99,219,125,94,7,3,4,24,11,13,3,0,3,9,4,5,198,95,103,99,44,55,1,1,0,6,0,6,31,14,17,61,36,25,4,2,2
57523201,281,152,129,273,149,124,12,6,6,18,9,9,2,0,2,8,3,5,261,128,133,104,47,57,0,0,0,10,0,10,59,26,33,88,55,33,5,3,2
57525901,128,67,61,125,66,59,2,0,2,9,4,5,1,0,1,3,1,2,105,43,62,36,17,19,1,1,0,5,0,5,23,7,16,40,18,22,4,2,2
57530501,343,178,165,325,173,152,16,6,10,23,9,14,1,0,1,18,5,13,303,154,149,119,57,62,0,0,0,15,0,15,52,29,23,117,68,49,1,1,0
57531301,173,98,75,169,95,74,1,0,1,18,9,9,0,0,0,4,3,1,170,74,96,79,28,51,0,0,0,11,1,10,28,16,12,52,29,23,1,0,1
57531302,48,28,20,46,28,18,2,0,2,2,2,0,0,0,0,2,0,2,25,13,12,16,8,8,0,0,0,1,0,1,5,4,1,3,1,2,0,0,0
57533002,32,17,15,32,17,15,0,0,0,3,1,2,1,0,1,0,0,0,26,15,11,16,9,7,0,0,0,0,0,0,4,1,3,6,5,1,0,0,0
57533003,63,39,24,59,39,20,0,0,0,9,7,2,2,0,2,4,0,4,40,16,24,14,7,7,0,0,0,4,0,4,9,3,6,13,6,7,0,0,0
57537201,152,83,69,146,81,65,6,2,4,7,3,4,0,0,0,6,2,4,106,52,54,34,14,20,1,1,0,6,1,5,20,10,10,45,26,19,2,2,0
57537202,21,10,11,21,10,11,0,0,0,2,1,1,0,0,0,0,0,0,21,11,10,10,5,5,0,0,0,1,0,1,2,2,0,8,4,4,0,0,0
57537203,541,301,240,523,293,230,18,11,7,46,24,22,5,0,5,18,8,10,458,188,270,161,68,93,1,0,1,26,0,26,100,48,52,170,72,98,9,4,5
57537204,19,12,7,19,12,7,0,0,0,2,2,0,0,0,0,0,0,0,16,9,7,1,0,1,0,0,0,2,0,2,3,3,0,10,6,4,0,0,0
57538101,92,49,43,89,47,42,2,0,2,16,8,8,0,0,0,3,2,1,85,34,51,42,17,25,0,0,0,2,0,2,14,6,8,27,11,16,1,1,0
57539901,29,16,13,29,16,13,1,1,0,0,0,0,1,0,1,0,0,0,26,13,13,11,5,6,0,0,0,0,0,0,6,4,2,9,4,5,1,0,1
57539902,50,31,19,48,29,19,2,0,2,6,4,2,1,0,1,2,2,0,45,20,25,28,11,17,0,0,0,2,0,2,5,2,3,10,7,3,0,0,0
57539903,521,288,233,505,279,226,12,5,7,57,23,34,3,0,3,16,9,7,576,234,342,337,124,213,1,0,1,32,0,32,89,49,40,117,61,56,6,5,1
57539904,69,38,31,66,36,30,3,2,1,7,3,4,0,0,0,3,2,1,78,30,48,29,14,15,0,0,0,2,0,2,11,2,9,36,14,22,1,1,0
57539905,117,68,49,115,66,49,1,0,1,15,10,5,0,0,0,2,2,0,112,50,62,58,23,35,0,0,0,4,0,4,14,9,5,36,18,18,2,0,2
57539906,59,33,26,56,32,24,0,0,0,9,3,6,0,0,0,3,1,2,71,32,39,52,24,28,0,0,0,1,0,1,7,4,3,11,4,7,0,0,0
57539907,7,6,1,7,6,1,0,0,0,0,0,0,0,0,0,0,0,0,14,5,9,4,1,3,0,0,0,2,0,2,4,3,1,4,1,3,0,0,0
3309490,0,0,0,0,0,0,0,0,0,0,0,0,0,0,0,0,0,0,0,0,0,0,0,0,0,0,0,0,0,0,0,0,0,0,0,0,0,0,0
57542901,1226,680,546,1190,666,524,42,23,19,93,44,49,14,0,14,36,14,22,946,388,558,317,127,190,2,2,0,61,0,61,213,103,110,353,156,197,23,14,9
57542902,299,170,129,293,167,126,10,7,3,39,22,17,3,0,3,6,3,3,291,123,168,116,53,63,0,0,0,17,0,17,60,31,29,98,39,59,1,0,1
57543701,39,23,16,37,22,15,1,0,1,4,3,1,0,0,0,2,1,1,28,10,18,10,3,7,0,0,0,3,0,3,4,2,2,11,5,6,0,0,0
57543702,555,307,248,539,298,241,16,9,7,47,25,22,6,0,6,16,9,7,465,201,264,196,82,114,0,0,0,24,0,24,91,42,49,154,77,77,8,3,5
57544501,362,214,148,353,210,143,11,5,6,30,18,12,3,0,3,9,4,5,353,140,213,186,66,120,1,1,0,15,0,15,45,22,23,106,51,55,9,7,2
57544502,91,53,38,90,53,37,1,1,0,7,3,4,0,0,0,1,0,1,77,35,42,43,17,26,0,0,0,1,0,1,10,5,5,23,13,10,0,0,0
57546101,141,81,60,139,80,59,4,1,3,12,7,5,0,0,0,2,1,1,135,67,68,52,27,25,0,0,0,6,0,6,29,14,15,48,26,22,4,3,1
57547001,57,30,27,54,30,24,2,1,1,5,2,3,1,0,1,3,0,3,62,33,29,25,14,11,0,0,0,4,0,4,18,10,8,15,9,6,1,0,1
1346190,0,0,0,0,0,0,0,0,0,0,0,0,0,0,0,0,0,0,0,0,0,0,0,0,0,0,0,0,0,0,0,0,0,0,0,0,0,0,0
3389150,0,0,0,0,0,0,0,0,0,0,0,0,0,0,0,0,0,0,0,0,0,0,0,0,0,0,0,0,0,0,0,0,0,0,0,0,0,0,0
57550001,11,6,5,9,5,4,0,0,0,2,1,1,1,0,1,2,1,1,11,5,6,10,4,6,0,0,0,0,0,0,1,1,0,0,0,0,0,0,0
57550002,83,50,33,80,47,33,2,0,2,16,10,6,0,0,0,3,3,0,77,25,52,28,8,20,0,0,0,8,0,8,17,7,10,24,10,14,2,1,1
57550003,96,58,38,84,48,36,5,3,2,9,3,6,0,0,0,12,10,2,73,27,46,38,15,23,0,0,0,6,1,5,16,6,10,13,5,8,0,0,0
57550004,61,35,26,56,33,23,1,0,1,6,5,1,0,0,0,5,2,3,33,14,19,16,7,9,0,0,0,0,0,0,6,2,4,11,5,6,0,0,0
57550005,140,79,61,135,77,58,10,5,5,6,4,2,2,0,2,5,2,3,136,60,76,58,26,32,0,0,0,5,1,4,27,15,12,46,18,28,0,0,0
57550006,101,54,47,97,52,45,3,0,3,13,7,6,0,0,0,4,2,2,88,34,54,44,18,26,0,0,0,8,0,8,14,7,7,22,9,13,1,0,1
57550007,73,41,32,72,41,31,0,0,0,10,4,6,1,0,1,1,0,1,60,27,33,20,9,11,1,1,0,3,0,3,13,6,7,23,11,12,0,0,0
57550008,30,19,11,28,17,11,0,0,0,2,2,0,2,0,2,2,2,0,40,21,19,16,6,10,0,0,0,5,0,5,14,13,1,5,2,3,0,0,0
57550009,96,51,45,94,49,45,6,2,4,9,4,5,0,0,0,2,2,0,75,34,41,39,18,21,0,0,0,3,0,3,7,4,3,26,12,14,0,0,0
57550010,503,278,225,479,268,211,14,7,7,43,22,21,1,0,1,24,10,14,428,170,258,220,77,143,1,1,0,23,0,23,68,36,32,116,56,60,3,2,1
57550011,1088,574,514,1049,556,493,33,16,17,100,37,63,15,0,15,39,18,21,897,396,501,449,191,258,2,1,1,44,0,44,156,72,84,246,132,114,20,8,12
57550013,660,378,282,617,359,258,19,7,12,60,31,29,6,1,5,43,19,24,450,204,246,200,85,115,2,1,1,15,0,15,84,37,47,149,81,68,47,28,19
57550014,894,500,394,854,488,366,19,9,10,97,44,53,7,0,7,40,12,28,896,342,554,567,194,373,4,0,4,30,1,29,122,61,61,173,86,87,15,11,4
57550015,737,401,336,714,391,323,30,11,19,85,45,40,1,0,1,23,10,13,662,281,381,377,162,215,0,0,0,20,0,20,74,32,42,191,87,104,2,1,1
57550016,187,96,91,181,93,88,10,4,6,11,6,5,1,0,1,6,3,3,179,96,83,55,26,29,0,0,0,12,0,12,45,25,20,67,45,22,0,0,0
57550017,270,184,86,264,180,84,2,2,0,8,4,4,1,0,1,6,4,2,34,18,16,18,9,9,0,0,0,0,0,0,4,1,3,12,8,4,17,12,5
57551801,106,61,45,104,61,43,4,2,2,10,6,4,0,0,0,2,0,2,111,49,62,56,26,30,0,0,0,6,1,5,19,10,9,30,12,18,2,1,1
57552601,34,23,11,32,23,9,0,0,0,9,8,1,0,0,0,2,0,2,45,18,27,27,10,17,0,0,0,0,0,0,2,2,0,16,6,10,2,2,0
57553401,274,149,125,272,148,124,11,6,5,42,24,18,1,0,1,2,1,1,301,144,157,181,98,83,2,1,1,13,2,11,28,12,16,77,31,46,0,0,0
57555101,306,166,140,300,164,136,5,2,3,28,11,17,3,0,3,6,2,4,282,120,162,117,45,72,2,1,1,11,0,11,57,29,28,95,45,50,4,1,3
57556901,147,84,63,144,81,63,5,3,2,20,7,13,0,0,0,3,3,0,109,51,58,58,23,35,2,1,1,4,0,4,15,8,7,30,19,11,3,2,1
57557701,87,50,37,83,50,33,4,3,1,8,4,4,1,0,1,4,0,4,80,35,45,29,15,14,1,1,0,5,0,5,14,6,8,31,13,18,1,1,0
57557702,20,12,8,20,12,8,1,1,0,1,0,1,0,0,0,0,0,0,17,10,7,8,4,4,0,0,0,1,0,1,1,1,0,7,5,2,0,0,0
57557703,24,14,10,24,14,10,1,1,0,0,0,0,0,0,0,0,0,0,21,8,13,7,5,2,0,0,0,2,0,2,4,0,4,8,3,5,0,0,0
57557704,333,182,151,321,177,144,16,8,8,30,17,13,1,0,1,12,5,7,284,143,141,109,43,66,1,1,0,15,1,14,64,35,29,95,63,32,8,5,3
3310740,0,0,0,0,0,0,0,0,0,0,0,0,0,0,0,0,0,0,0,0,0,0,0,0,0,0,0,0,0,0,0,0,0,0,0,0,0,0,0
57559301,672,360,312,639,342,297,23,9,14,48,20,28,8,0,8,33,18,15,647,265,382,352,126,226,0,0,0,27,0,27,95,54,41,173,85,88,26,13,13
57560701,118,69,49,118,69,49,8,3,5,9,3,6,2,0,2,0,0,0,97,45,52,44,19,25,0,0,0,5,0,5,16,7,9,32,19,13,1,0,1
57560702,584,324,260,567,317,250,22,11,11,71,36,35,5,0,5,17,7,10,535,227,308,273,105,168,1,1,0,26,0,26,86,39,47,149,82,67,9,7,2
57561501,81,48,33,78,45,33,7,4,3,5,3,2,0,0,0,3,3,0,62,22,40,27,10,17,0,0,0,6,0,6,13,5,8,16,7,9,1,1,0
57562301,305,180,125,292,175,117,3,0,3,37,19,18,3,0,3,13,5,8,285,108,177,138,52,86,0,0,0,19,0,19,57,28,29,71,28,43,4,3,1
57564001,57,33,24,55,33,22,0,0,0,3,1,2,0,0,0,2,0,2,54,18,36,22,8,14,0,0,0,2,0,2,13,6,7,17,4,13,0,0,0
57564002,109,63,46,100,56,44,6,1,5,5,3,2,0,0,0,9,7,2,83,33,50,23,9,14,0,0,0,4,0,4,20,8,12,36,16,20,1,0,1
57564003,33,20,13,33,20,13,0,0,0,2,1,1,0,0,0,0,0,0,31,16,15,15,6,9,0,0,0,1,0,1,5,4,1,10,6,4,0,0,0
57564004,75,44,31,75,44,31,4,2,2,5,3,2,1,0,1,0,0,0,51,23,28,13,6,7,0,0,0,3,0,3,9,4,5,26,13,13,2,1,1
57564006,101,56,45,100,55,45,2,1,1,19,7,12,0,0,0,1,1,0,70,31,39,19,9,10,0,0,0,7,0,7,19,9,10,25,13,12,0,0,0
57564007,1466,798,668,1401,764,637,49,20,29,139,71,68,13,1,12,65,34,31,1263,567,696,543,215,328,2,1,1,57,1,56,225,113,112,436,237,199,25,13,12
57564008,57,29,28,57,29,28,4,1,3,10,5,5,1,0,1,0,0,0,35,13,22,11,3,8,0,0,0,3,0,3,11,5,6,10,5,5,0,0,0
57564009,15,10,5,15,10,5,0,0,0,1,0,1,0,0,0,0,0,0,14,7,7,7,4,3,0,0,0,0,0,0,0,0,0,7,3,4,0,0,0
57564010,88,50,38,83,47,36,1,0,1,3,1,2,0,0,0,5,3,2,73,27,46,22,8,14,0,0,0,7,1,6,15,7,8,29,11,18,0,0,0
57564011,219,117,102,212,115,97,17,7,10,18,7,11,0,0,0,7,2,5,163,78,85,38,21,17,0,0,0,15,0,15,37,19,18,73,38,35,2,1,1
57565801,11,8,3,11,8,3,1,1,0,0,0,0,0,0,0,0,0,0,16,8,8,4,1,3,0,0,0,3,0,3,7,5,2,2,2,0,0,0,0
57565802,21,11,10,20,10,10,2,0,2,4,2,2,0,0,0,1,1,0,19,10,9,8,3,5,0,0,0,0,0,0,1,0,1,10,7,3,0,0,0
57565803,17,8,9,17,8,9,2,1,1,2,1,1,0,0,0,0,0,0,9,1,8,1,0,1,0,0,0,0,0,0,2,0,2,6,1,5,0,0,0
57565804,180,100,80,172,94,78,5,3,2,19,9,10,2,0,2,8,6,2,148,69,79,77,33,44,0,0,0,7,0,7,19,9,10,45,27,18,3,3,0
57566601,144,90,54,136,86,50,4,1,3,16,10,6,0,0,0,8,4,4,134,60,74,53,22,31,0,0,0,10,0,10,27,13,14,44,25,19,6,4,2
57568201,111,57,54,109,56,53,4,2,2,14,7,7,2,0,2,2,1,1,111,51,60,48,18,30,0,0,0,3,0,3,21,9,12,39,24,15,2,2,0
57568202,76,43,33,74,42,32,4,2,2,2,1,1,0,0,0,2,1,1,69,33,36,17,7,10,0,0,0,5,0,5,11,7,4,36,19,17,0,0,0
57568203,741,395,346,726,389,337,39,22,17,50,29,21,3,0,3,15,6,9,572,255,317,174,69,105,0,0,0,16,0,16,92,45,47,290,141,149,3,2,1
57570401,244,143,101,237,141,96,12,7,5,21,15,6,2,0,2,7,2,5,186,89,97,77,34,43,0,0,0,6,0,6,35,15,20,68,40,28,3,1,2
57570402,59,32,27,56,32,24,4,2,2,5,3,2,0,0,0,3,0,3,23,5,18,6,2,4,0,0,0,3,0,3,7,3,4,7,0,7,1,1,0
57570403,132,72,60,127,69,58,5,1,4,8,2,6,0,0,0,5,3,2,126,59,67,34,16,18,1,0,1,8,0,8,23,11,12,60,32,28,3,1,2
57570404,38,22,16,37,21,16,0,0,0,8,4,4,0,0,0,1,1,0,42,19,23,13,3,10,0,0,0,5,0,5,9,4,5,15,12,3,0,0,0
57570405,577,302,275,560,295,265,18,7,11,61,31,30,1,0,1,17,7,10,508,227,281,178,66,112,3,2,1,20,0,20,79,37,42,228,122,106,8,7,1
57571201,235,130,105,227,127,100,7,3,4,27,12,15,1,0,1,8,3,5,240,116,124,76,34,42,0,0,0,11,0,11,46,22,24,107,60,47,2,1,1
57572101,365,224,141,352,218,134,14,6,8,39,24,15,1,0,1,13,6,7,266,118,148,114,43,71,1,0,1,16,0,16,49,24,25,86,51,35,17,11,6
57573901,430,238,192,418,231,187,24,9,15,20,12,8,5,0,5,12,7,5,370,167,203,104,45,59,1,0,1,28,0,28,105,62,43,132,60,72,8,7,1
57575501,116,66,50,111,65,46,6,5,1,13,9,4,0,0,0,5,1,4,95,36,59,48,18,30,0,0,0,5,0,5,18,9,9,24,9,15,5,3,2
57576301,171,105,66,160,98,62,3,3,0,16,9,7,3,0,3,11,7,4,151,61,90,64,23,41,1,1,0,7,0,7,33,13,20,46,24,22,3,1,2
57577101,33,17,16,32,17,15,0,0,0,3,2,1,0,0,0,1,0,1,26,10,16,10,5,5,0,0,0,3,0,3,7,3,4,6,2,4,0,0,0
57577102,29,19,10,27,19,8,1,1,0,2,1,1,0,0,0,2,0,2,30,13,17,9,4,5,0,0,0,3,0,3,7,2,5,11,7,4,0,0,0
57577103,162,98,64,157,95,62,2,2,0,17,9,8,0,0,0,5,3,2,171,71,100,68,27,41,0,0,0,14,0,14,39,17,22,50,27,23,3,2,1
57577104,20,11,9,19,10,9,0,0,0,0,0,0,1,0,1,1,1,0,22,9,13,7,3,4,0,0,0,1,0,1,4,2,2,10,4,6,0,0,0
57578001,27,14,13,27,14,13,0,0,0,4,2,2,1,0,1,0,0,0,24,13,11,13,7,6,0,0,0,0,0,0,3,2,1,8,4,4,0,0,0
57578002,102,55,47,96,51,45,4,1,3,9,4,5,0,0,0,6,4,2,99,45,54,36,14,22,0,0,0,4,0,4,25,12,13,34,19,15,2,1,1
57578003,13,7,6,13,7,6,1,0,1,0,0,0,0,0,0,0,0,0,9,5,4,4,2,2,0,0,0,0,0,0,1,0,1,4,3,1,0,0,0
57581001,83,52,31,80,49,31,1,1,0,9,6,3,0,0,0,3,3,0,93,39,54,56,25,31,0,0,0,6,0,6,13,9,4,18,5,13,1,1,0
57582801,18,8,10,17,8,9,0,0,0,2,1,1,0,0,0,1,0,1,20,6,14,12,3,9,0,0,0,1,0,1,3,1,2,4,2,2,0,0,0
57582802,27,18,9,26,17,9,0,0,0,1,1,0,0,0,0,1,1,0,31,16,15,18,9,9,0,0,0,1,0,1,5,1,4,7,6,1,0,0,0
57582803,68,37,31,66,35,31,1,0,1,8,3,5,1,0,1,2,2,0,55,28,27,24,14,10,0,0,0,2,0,2,7,1,6,22,13,9,3,2,1
57584401,22,11,11,20,10,10,0,0,0,3,1,2,0,0,0,2,1,1,24,9,15,11,5,6,0,0,0,2,0,2,3,3,0,8,1,7,1,1,0
57584402,20,11,9,19,11,8,0,0,0,4,1,3,1,0,1,1,0,1,11,5,6,8,5,3,0,0,0,0,0,0,1,0,1,2,0,2,0,0,0
57584403,104,60,44,96,56,40,2,0,2,8,7,1,0,0,0,8,4,4,107,47,60,52,21,31,0,0,0,5,0,5,21,15,6,29,11,18,1,0,1
57587901,169,98,71,164,95,69,7,2,5,12,7,5,1,0,1,5,3,2,102,42,60,58,21,37,1,1,0,3,0,3,14,8,6,26,12,14,25,13,12
57588701,165,88,77,161,87,74,7,4,3,13,6,7,1,0,1,4,1,3,132,61,71,46,22,24,0,0,0,10,0,10,31,16,15,45,23,22,1,1,0
57590901,103,56,47,98,56,42,2,1,1,11,7,4,1,0,1,5,0,5,127,53,74,49,20,29,0,0,0,6,0,6,24,11,13,48,22,26,3,2,1
57591701,36,21,15,36,21,15,4,2,2,5,2,3,0,0,0,0,0,0,26,10,16,23,8,15,0,0,0,0,0,0,1,1,0,2,1,1,1,1,0
57592501,251,139,112,243,135,108,6,3,3,27,15,12,1,0,1,8,4,4,193,80,113,96,36,60,1,1,0,6,0,6,21,11,10,69,32,37,6,4,2
57593301,66,38,28,62,37,25,2,1,1,5,3,2,1,0,1,4,1,3,63,32,31,30,15,15,0,0,0,4,0,4,14,6,8,15,11,4,3,3,0
57594101,253,142,111,242,139,103,2,0,2,20,11,9,2,0,2,11,3,8,222,90,132,96,43,53,0,0,0,15,0,15,41,19,22,70,28,42,1,1,0
57596801,191,99,92,183,96,87,7,3,4,22,12,10,1,0,1,8,3,5,165,80,85,82,34,48,0,0,0,5,0,5,21,13,8,57,33,24,0,0,0
57598401,154,80,74,149,79,70,5,1,4,19,11,8,1,0,1,5,1,4,153,69,84,71,32,39,0,0,0,7,0,7,38,22,16,37,15,22,4,1,3
57599201,143,80,63,141,80,61,4,1,3,16,8,8,0,0,0,2,0,2,171,76,95,72,30,42,0,0,0,11,0,11,34,17,17,54,29,25,1,0,1
57599202,19,10,9,18,10,8,0,0,0,0,0,0,0,0,0,1,0,1,33,15,18,16,6,10,0,0,0,4,0,4,6,4,2,7,5,2,0,0,0
57600001,218,124,94,216,122,94,8,5,3,18,11,7,1,0,1,2,2,0,208,79,129,97,39,58,1,1,0,14,0,14,41,19,22,55,20,35,2,1,1
57601801,133,79,54,128,77,51,3,0,3,16,7,9,0,0,0,5,2,3,116,48,68,50,21,29,0,0,0,10,0,10,31,16,15,25,11,14,0,0,0
1922521,0,0,0,0,0,0,0,0,0,0,0,0,0,0,0,0,0,0,0,0,0,0,0,0,0,0,0,0,0,0,0,0,0,0,0,0,0,0,0
57602601,69,43,26,65,42,23,2,2,0,3,1,2,1,0,1,4,1,3,63,28,35,32,14,18,0,0,0,4,0,4,12,4,8,15,10,5,1,1,0
57602602,250,127,123,236,121,115,11,2,9,33,11,22,3,0,3,14,6,8,220,102,118,94,39,55,0,0,0,13,0,13,51,29,22,62,34,28,6,2,4
57604201,57,33,24,54,32,22,2,1,1,6,4,2,1,0,1,3,1,2,63,35,28,40,22,18,0,0,0,0,0,0,9,4,5,14,9,5,0,0,0
57605101,74,37,37,73,36,37,2,0,2,2,0,2,2,0,2,1,1,0,76,35,41,35,18,17,0,0,0,1,0,1,9,4,5,31,13,18,0,0,0
57605102,84,44,40,82,44,38,4,2,2,7,3,4,0,0,0,2,0,2,68,27,41,28,12,16,0,0,0,3,0,3,14,7,7,23,8,15,1,0,1
57605103,314,169,145,309,166,143,3,0,3,31,10,21,2,0,2,5,3,2,324,143,181,134,57,77,0,0,0,18,0,18,51,26,25,121,60,61,4,0,4
0147530,0,0,0,0,0,0,0,0,0,0,0,0,0,0,0,0,0,0,0,0,0,0,0,0,0,0,0,0,0,0,0,0,0,0,0,0,0,0,0
50514501,607,326,281,576,309,267,18,5,13,80,35,45,6,0,6,31,17,14,533,229,304,227,94,133,2,1,1,19,0,19,79,31,48,206,103,103,7,4,3
50514502,74,42,32,70,39,31,2,2,0,5,3,2,0,0,0,4,3,1,72,30,42,34,13,21,0,0,0,3,0,3,6,3,3,29,14,15,1,1,0
50514503,24,13,11,24,13,11,1,1,0,1,0,1,0,0,0,0,0,0,29,13,16,10,3,7,2,1,1,2,0,2,5,3,2,10,6,4,0,0,0
50514504,105,59,46,100,56,44,2,0,2,14,4,10,0,0,0,5,3,2,112,50,62,58,22,36,1,0,1,5,0,5,17,8,9,31,20,11,2,2,0
50539101,112,62,50,108,61,47,5,3,2,10,7,3,0,0,0,4,1,3,130,59,71,80,34,46,0,0,0,2,0,2,9,4,5,39,21,18,0,0,0
50539102,18,10,8,17,9,8,1,0,1,4,1,3,0,0,0,1,1,0,16,7,9,12,6,6,0,0,0,1,0,1,3,1,2,0,0,0,0,0,0
50539103,27,16,11,25,15,10,1,0,1,5,2,3,0,0,0,2,1,1,28,13,15,20,8,12,1,1,0,1,0,1,3,3,0,3,1,2,0,0,0
57219502,18,9,9,18,9,9,0,0,0,2,0,2,0,0,0,0,0,0,18,9,9,10,5,5,0,0,0,0,0,0,3,2,1,5,2,3,1,1,0
57223301,32,18,14,31,18,13,1,0,1,4,2,2,1,0,1,1,0,1,27,15,12,20,10,10,0,0,0,0,0,0,3,2,1,4,3,1,1,0,1
57225001,43,22,21,42,22,20,0,0,0,5,2,3,0,0,0,1,0,1,42,22,20,23,11,12,0,0,0,3,0,3,6,5,1,10,6,4,0,0,0
57225002,15,10,5,15,10,5,0,0,0,2,1,1,0,0,0,0,0,0,20,8,12,12,6,6,0,0,0,1,0,1,1,0,1,6,2,4,0,0,0
57228401,22,16,6,21,15,6,0,0,0,5,3,2,0,0,0,1,1,0,32,15,17,18,9,9,0,0,0,1,0,1,5,1,4,8,5,3,0,0,0
57229201,36,22,14,33,19,14,3,1,2,6,4,2,0,0,0,3,3,0,28,14,14,17,8,9,0,0,0,0,0,0,1,1,0,10,5,5,0,0,0
57235701,170,103,67,166,102,64,5,3,2,11,5,6,4,0,4,4,1,3,201,99,102,88,43,45,0,0,0,9,0,9,44,21,23,60,35,25,2,1,1
57236501,106,64,42,104,63,41,3,1,2,14,10,4,0,0,0,2,1,1,103,47,56,48,18,30,0,0,0,5,0,5,14,10,4,36,19,17,2,0,2
57236502,40,23,17,39,23,16,0,0,0,5,3,2,0,0,0,1,0,1,54,20,34,24,9,15,0,0,0,4,0,4,11,7,4,15,4,11,0,0,0
57236503,33,22,11,32,21,11,3,3,0,6,3,3,0,0,0,1,1,0,55,27,28,31,12,19,0,0,0,3,0,3,9,5,4,12,10,2,0,0,0
57237301,53,33,20,52,33,19,1,1,0,5,2,3,1,0,1,1,0,1,36,14,22,11,5,6,0,0,0,2,0,2,6,1,5,17,8,9,1,1,0
57237302,161,97,64,159,96,63,2,1,1,17,9,8,1,0,1,2,1,1,158,74,84,58,24,34,0,0,0,13,0,13,36,19,17,51,31,20,3,2,1
57237303,49,31,18,48,30,18,0,0,0,4,4,0,1,0,1,1,1,0,44,23,21,17,7,10,0,0,0,4,0,4,10,6,4,13,10,3,0,0,0
57243801,34,19,15,34,19,15,1,0,1,3,2,1,1,0,1,0,0,0,24,12,12,13,7,6,0,0,0,0,0,0,1,1,0,10,4,6,1,1,0
57251901,207,116,91,196,111,85,2,2,0,29,15,14,2,0,2,11,5,6,222,98,124,107,48,59,1,1,0,12,0,12,37,20,17,65,29,36,3,2,1
57251902,24,16,8,24,16,8,2,1,1,5,3,2,0,0,0,0,0,0,14,7,7,5,3,2,0,0,0,1,0,1,2,1,1,6,3,3,0,0,0
57256001,143,80,63,140,79,61,4,0,4,25,13,12,0,0,0,3,1,2,134,54,80,80,35,45,0,0,0,6,0,6,19,10,9,29,9,20,3,2,1
57258601,202,104,98,191,98,93,7,2,5,34,16,18,1,0,1,11,6,5,210,92,118,110,44,66,0,0,0,8,0,8,26,13,13,66,35,31,5,3,2
57258602,35,22,13,34,21,13,0,0,0,7,6,1,0,0,0,1,1,0,33,14,19,19,8,11,0,0,0,2,0,2,4,2,2,8,4,4,0,0,0
57259401,42,24,18,40,23,17,1,1,0,7,3,4,0,0,0,2,1,1,31,11,20,15,4,11,0,0,0,0,0,0,4,1,3,12,6,6,0,0,0
57260801,106,59,47,104,59,45,2,0,2,8,3,5,2,0,2,2,0,2,85,37,48,38,20,18,1,0,1,3,0,3,15,8,7,28,9,19,0,0,0
57260802,32,18,14,32,18,14,2,1,1,7,4,3,0,0,0,0,0,0,15,7,8,4,3,1,0,0,0,1,0,1,3,1,2,7,3,4,0,0,0
57261601,97,58,39,95,57,38,2,2,0,16,9,7,1,0,1,2,1,1,60,27,33,34,12,22,0,0,0,3,0,3,10,6,4,13,9,4,0,0,0
57262401,179,101,78,173,97,76,7,2,5,24,14,10,1,0,1,6,4,2,149,67,82,39,18,21,0,0,0,12,0,12,31,13,18,67,36,31,1,0,1
57263201,25,12,13,24,12,12,0,0,0,5,3,2,0,0,0,1,0,1,19,6,13,9,3,6,0,0,0,0,0,0,0,0,0,10,3,7,0,0,0
57263202,50,31,19,48,29,19,1,0,1,3,1,2,0,0,0,2,2,0,50,26,24,25,11,14,0,0,0,2,0,2,8,5,3,15,10,5,1,1,0
57263203,15,8,7,15,8,7,0,0,0,3,2,1,0,0,0,0,0,0,5,3,2,0,0,0,2,2,0,0,0,0,2,0,2,1,1,0,0,0,0
57268301,85,48,37,81,46,35,0,0,0,12,5,7,1,0,1,4,2,2,94,42,52,56,26,30,1,0,1,2,0,2,13,8,5,22,8,14,1,1,0
57269101,761,441,320,734,425,309,17,6,11,99,51,48,5,0,5,27,16,11,835,357,478,416,178,238,1,0,1,41,0,41,135,62,73,242,117,125,15,11,4
57271301,206,113,93,201,111,90,11,3,8,19,12,7,2,0,2,5,2,3,191,85,106,84,39,45,0,0,0,8,0,8,34,17,17,65,29,36,5,1,4
57272101,39,24,15,37,23,14,0,0,0,4,2,2,1,0,1,2,1,1,33,13,20,14,6,8,0,0,0,3,0,3,7,3,4,9,4,5,0,0,0
57272102,15,10,5,15,10,5,0,0,0,2,2,0,0,0,0,0,0,0,12,6,6,4,2,2,0,0,0,1,0,1,2,2,0,5,2,3,0,0,0
57272103,164,96,68,157,92,65,3,2,1,18,11,7,0,0,0,7,4,3,163,76,87,81,36,45,0,0,0,7,0,7,21,15,6,54,25,29,1,1,0
57272104,142,72,70,140,72,68,3,1,2,17,8,9,3,0,3,2,0,2,125,57,68,42,14,28,0,0,0,5,0,5,21,12,9,57,31,26,0,0,0
57273001,86,52,34,85,52,33,2,1,1,11,6,5,0,0,0,1,0,1,84,31,53,40,16,24,0,0,0,6,0,6,20,8,12,18,7,11,2,0,2
57274801,146,85,61,134,78,56,2,0,2,16,8,8,2,0,2,12,7,5,154,62,92,79,35,44,1,0,1,10,0,10,24,9,15,40,18,22,4,3,1
57274802,46,27,19,44,25,19,0,0,0,8,3,5,1,0,1,2,2,0,42,16,26,20,8,12,0,0,0,3,0,3,11,5,6,8,3,5,0,0,0
57430901,66,37,29,64,36,28,3,0,3,8,5,3,0,0,0,2,1,1,62,28,34,44,22,22,0,0,0,1,0,1,4,3,1,13,3,10,0,0,0
57430902,18,12,6,18,12,6,0,0,0,2,1,1,0,0,0,0,0,0,20,11,9,11,5,6,0,0,0,1,0,1,4,3,1,4,3,1,1,0,1
57432501,88,55,33,84,53,31,3,0,3,4,1,3,0,0,0,4,2,2,87,40,47,43,19,24,0,0,0,7,0,7,17,11,6,20,10,10,1,0,1
57432502,34,20,14,31,19,12,1,0,1,0,0,0,0,0,0,3,1,2,22,8,14,3,1,2,0,0,0,2,0,2,7,2,5,10,5,5,0,0,0
57433301,52,33,19,47,30,17,1,1,0,8,4,4,0,0,0,5,3,2,62,26,36,33,18,15,0,0,0,3,0,3,8,3,5,18,5,13,2,1,1
1610210,0,0,0,0,0,0,0,0,0,0,0,0,0,0,0,0,0,0,0,0,0,0,0,0,0,0,0,0,0,0,0,0,0,0,0,0,0,0,0
1610550,0,0,0,0,0,0,0,0,0,0,0,0,0,0,0,0,0,0,0,0,0,0,0,0,0,0,0,0,0,0,0,0,0,0,0,0,0,0,0
1610630,0,0,0,0,0,0,0,0,0,0,0,0,0,0,0,0,0,0,0,0,0,0,0,0,0,0,0,0,0,0,0,0,0,0,0,0,0,0,0
3386990,0,0,0,0,0,0,0,0,0,0,0,0,0,0,0,0,0,0,0,0,0,0,0,0,0,0,0,0,0,0,0,0,0,0,0,0,0,0,0
57773101,377,205,172,360,196,164,8,4,4,65,28,37,5,0,5,17,9,8,370,159,211,185,75,110,0,0,0,17,0,17,54,27,27,114,57,57,6,3,3
57773103,107,51,56,104,49,55,1,0,1,21,10,11,1,0,1,3,2,1,103,38,65,49,17,32,2,0,2,5,0,5,12,7,5,35,14,21,4,3,1
57773104,31,18,13,30,18,12,1,0,1,7,4,3,0,0,0,1,0,1,28,13,15,6,2,4,0,0,0,3,0,3,11,6,5,8,5,3,1,0,1
57773105,1615,851,764,1574,827,747,57,24,33,221,113,108,6,0,6,41,24,17,1319,550,769,543,199,344,1,0,1,47,0,47,203,97,106,525,254,271,13,4,9
57773106,967,488,479,924,467,457,22,10,12,113,48,65,8,0,8,43,21,22,758,307,451,390,151,239,0,0,0,31,0,31,128,61,67,209,95,114,12,6,6
57773107,246,131,115,236,124,112,7,3,4,44,23,21,2,0,2,10,7,3,246,107,139,147,62,85,0,0,0,5,0,5,25,11,14,69,34,35,1,0,1
57773108,350,200,150,334,191,143,12,4,8,38,22,16,4,0,4,16,9,7,271,119,152,123,53,70,0,0,0,16,0,16,53,28,25,79,38,41,5,1,4
57773109,291,162,129,271,149,122,10,4,6,30,16,14,1,0,1,20,13,7,219,97,122,57,26,31,0,0,0,15,0,15,58,29,29,89,42,47,8,0,8
57773110,591,308,283,571,295,276,24,9,15,77,33,44,1,0,1,20,13,7,589,238,351,300,114,186,2,0,2,25,1,24,87,36,51,175,87,88,8,2,6
57773111,760,395,365,720,376,344,19,10,9,98,45,53,6,0,6,40,19,21,706,286,420,350,139,211,0,0,0,33,1,32,112,52,60,211,94,117,6,1,5
57773112,1041,540,501,1014,524,490,50,21,29,154,63,91,8,0,8,27,16,11,952,389,563,508,198,310,3,0,3,33,0,33,132,55,77,276,136,140,9,3,6
57773113,1173,659,514,1136,635,501,48,17,31,159,83,76,7,0,7,37,24,13,1283,561,722,745,293,452,1,1,0,45,0,45,173,100,73,319,167,152,68,39,29
57773114,83,44,39,74,42,32,2,1,1,12,7,5,0,0,0,9,2,7,88,35,53,43,17,26,0,0,0,3,0,3,18,7,11,24,11,13,0,0,0
57773116,721,381,340,695,369,326,24,10,14,104,45,59,7,0,7,26,12,14,745,300,445,429,165,264,2,1,1,29,0,29,89,52,37,196,82,114,6,4,2
57773117,18,10,8,18,10,8,1,1,0,3,1,2,1,0,1,0,0,0,47,32,15,35,25,10,0,0,0,1,0,1,10,7,3,1,0,1,0,0,0
57777401,209,108,101,200,105,95,6,1,5,12,3,9,0,0,0,9,3,6,163,62,101,57,20,37,0,0,0,8,0,8,28,12,16,70,30,40,2,1,1
57781201,66,39,27,66,39,27,3,2,1,6,2,4,0,0,0,0,0,0,67,32,35,42,20,22,0,0,0,0,0,0,9,3,6,16,9,7,0,0,0
57782101,54,31,23,54,31,23,3,2,1,5,2,3,1,0,1,0,0,0,57,22,35,30,9,21,1,1,0,3,0,3,10,4,6,13,8,5,0,0,0
57783901,40,22,18,39,21,18,1,1,0,6,2,4,0,0,0,1,1,0,31,13,18,14,7,7,0,0,0,2,0,2,4,2,2,11,4,7,0,0,0
57783902,398,226,172,392,221,171,13,4,9,52,26,26,7,0,7,6,5,1,445,195,250,199,88,111,0,0,0,36,0,36,98,58,40,112,49,63,4,3,1
57783903,38,24,14,37,24,13,0,0,0,5,2,3,0,0,0,1,0,1,40,16,24,12,5,7,0,0,0,3,0,3,13,8,5,12,3,9,1,0,1
57786301,177,89,88,169,85,84,4,2,2,29,15,14,4,0,4,8,4,4,212,91,121,123,46,77,0,0,0,6,0,6,30,14,16,53,31,22,2,1,1
57786302,30,19,11,29,19,10,0,0,0,5,3,2,0,0,0,1,0,1,37,17,20,23,11,12,0,0,0,1,0,1,5,2,3,8,4,4,1,0,1
57786303,76,42,34,71,39,32,3,0,3,16,9,7,0,0,0,5,3,2,69,30,39,36,16,20,1,1,0,4,0,4,8,4,4,20,9,11,0,0,0
57786304,286,157,129,274,149,125,1,0,1,48,20,28,1,0,1,12,8,4,291,126,165,171,69,102,0,0,0,14,0,14,41,22,19,65,35,30,6,5,1
57786305,12,10,2,11,9,2,2,2,0,3,2,1,0,0,0,1,1,0,11,6,5,9,4,5,0,0,0,0,0,0,0,0,0,2,2,0,1,1,0
57787101,128,78,50,123,76,47,5,3,2,20,11,9,0,0,0,5,2,3,131,56,75,85,36,49,1,1,0,6,0,6,14,6,8,25,13,12,1,0,1
57787102,20,11,9,20,11,9,1,1,0,2,2,0,0,0,0,0,0,0,22,9,13,12,5,7,0,0,0,1,0,1,3,2,1,6,2,4,0,0,0
57789801,79,48,31,76,47,29,2,1,1,11,4,7,0,0,0,3,1,2,63,26,37,35,16,19,0,0,0,2,0,2,9,3,6,17,7,10,1,1,0
57791001,235,130,105,224,126,98,9,5,4,35,18,17,3,0,3,11,4,7,209,113,96,105,61,44,1,0,1,8,0,8,30,18,12,65,34,31,2,1,1
57792801,654,354,300,643,346,297,23,10,13,88,42,46,3,0,3,11,8,3,766,335,431,448,193,255,1,1,0,20,0,20,78,32,46,219,109,110,6,5,1
57792802,17,11,6,16,11,5,0,0,0,1,1,0,0,0,0,1,0,1,19,11,8,6,4,2,0,0,0,3,0,3,6,5,1,4,2,2,1,1,0
57793601,341,196,145,333,192,141,10,4,6,31,16,15,3,0,3,8,4,4,329,140,189,152,68,84,0,0,0,13,0,13,61,28,33,103,44,59,8,4,4
57793602,55,30,25,51,30,21,0,0,0,7,4,3,2,0,2,4,0,4,40,12,28,21,8,13,0,0,0,3,0,3,7,2,5,9,2,7,0,0,0
57794401,475,268,207,455,258,197,17,7,10,32,20,12,3,0,3,20,10,10,466,202,264,217,86,131,0,0,0,18,0,18,65,30,35,166,86,80,3,1,2
57796101,50,27,23,48,27,21,3,2,1,8,4,4,0,0,0,2,0,2,28,14,14,9,4,5,0,0,0,1,0,1,8,4,4,10,6,4,2,0,2
57796102,31,20,11,31,20,11,0,0,0,7,5,2,1,0,1,0,0,0,23,11,12,13,6,7,0,0,0,2,0,2,5,4,1,3,1,2,0,0,0
57796103,109,69,40,106,68,38,3,2,1,8,3,5,3,0,3,3,1,2,84,35,49,35,16,19,0,0,0,6,0,6,17,9,8,26,10,16,3,3,0
57798701,287,154,133,279,152,127,4,2,2,35,18,17,3,0,3,8,2,6,251,117,134,111,47,64,0,0,0,10,0,10,41,18,23,89,52,37,5,3,2
57799501,888,491,397,870,484,386,31,14,17,103,52,51,2,1,1,18,7,11,856,366,490,411,170,241,0,0,0,45,1,44,139,71,68,261,124,137,3,1,2
57799502,59,38,21,54,36,18,1,1,0,8,7,1,0,0,0,5,2,3,34,11,23,12,4,8,0,0,0,5,0,5,8,3,5,9,4,5,0,0,0
57799503,9,3,6,9,3,6,1,0,1,0,0,0,0,0,0,0,0,0,11,5,6,7,3,4,0,0,0,0,0,0,0,0,0,4,2,2,0,0,0
57803701,129,73,56,121,69,52,7,2,5,15,8,7,0,0,0,8,4,4,142,64,78,73,32,41,0,0,0,7,0,7,18,8,10,44,24,20,0,0,0
57805301,64,35,29,63,34,29,1,1,0,5,4,1,0,0,0,1,1,0,65,30,35,21,11,10,0,0,0,3,0,3,15,5,10,26,14,12,2,0,2
57809601,371,207,164,353,193,160,14,4,10,42,26,16,2,0,2,18,14,4,298,127,171,155,63,92,3,2,1,7,0,7,36,15,21,97,47,50,3,2,1
57809602,72,42,30,69,41,28,4,1,3,16,7,9,2,0,2,3,1,2,50,21,29,26,10,16,0,0,0,0,0,0,9,6,3,15,5,10,2,0,2
57810001,33,20,13,32,20,12,0,0,0,3,1,2,0,0,0,1,0,1,34,14,20,15,3,12,0,0,0,3,0,3,7,7,0,9,4,5,0,0,0
57810002,33,18,15,32,17,15,1,0,1,3,1,2,0,0,0,1,1,0,23,11,12,10,4,6,0,0,0,1,0,1,4,2,2,8,5,3,0,0,0
57811801,71,41,30,69,40,29,7,3,4,8,3,5,0,0,0,2,1,1,58,24,34,28,11,17,0,0,0,2,0,2,6,2,4,22,11,11,0,0,0
57812601,48,29,19,44,26,18,1,0,1,11,6,5,0,0,0,4,3,1,62,25,37,34,15,19,0,0,0,5,0,5,17,7,10,6,3,3,5,3,2
57812602,53,30,23,52,29,23,3,2,1,14,5,9,1,0,1,1,1,0,31,15,16,19,9,10,0,0,0,0,0,0,4,1,3,8,5,3,0,0,0
57813401,25,15,10,25,15,10,0,0,0,3,1,2,0,0,0,0,0,0,22,9,13,9,4,5,0,0,0,1,0,1,4,1,3,8,4,4,0,0,0
57813402,449,255,194,432,247,185,17,8,9,41,21,20,6,0,6,17,8,9,404,167,237,154,65,89,1,1,0,24,0,24,76,35,41,149,66,83,6,1,5
57813403,30,10,20,30,10,20,0,0,0,4,1,3,0,0,0,0,0,0,31,6,25,22,3,19,0,0,0,1,0,1,4,2,2,4,1,3,0,0,0
57814201,28,16,12,27,16,11,1,0,1,3,2,1,0,0,0,1,0,1,28,13,15,13,8,5,0,0,0,1,0,1,4,2,2,10,3,7,0,0,0
57815101,479,282,197,455,269,186,11,7,4,62,34,28,6,0,6,24,13,11,629,291,338,390,172,218,0,0,0,23,0,23,77,41,36,139,78,61,5,2,3
57815102,15,9,6,15,9,6,1,1,0,2,1,1,0,0,0,0,0,0,29,11,18,21,8,13,0,0,0,1,0,1,4,1,3,3,2,1,0,0,0
57816901,83,49,34,82,49,33,3,2,1,10,6,4,0,0,0,1,0,1,96,48,48,40,18,22,0,0,0,5,0,5,16,8,8,35,22,13,0,0,0
57818501,491,264,227,472,257,215,7,2,5,61,26,35,6,0,6,19,7,12,498,213,285,234,94,140,0,0,0,27,0,27,90,43,47,147,76,71,6,3,3
57818502,20,12,8,20,12,8,1,1,0,2,1,1,0,0,0,0,0,0,5,3,2,3,1,2,0,0,0,0,0,0,0,0,0,2,2,0,0,0,0
3385590,0,0,0,0,0,0,0,0,0,0,0,0,0,0,0,0,0,0,0,0,0,0,0,0,0,0,0,0,0,0,0,0,0,0,0,0,0,0,0
57819301,32,17,15,29,16,13,1,0,1,6,2,4,0,0,0,3,1,2,32,18,14,20,12,8,0,0,0,1,0,1,2,1,1,9,5,4,0,0,0
57819303,323,182,141,307,174,133,9,3,6,42,22,20,2,0,2,16,8,8,251,104,147,100,43,57,0,0,0,13,0,13,47,18,29,91,43,48,8,6,2
57819304,1053,567,486,1018,547,471,40,20,20,135,70,65,9,0,9,35,20,15,976,401,575,505,189,316,1,1,0,46,0,46,138,70,68,286,141,145,2,2,0
57819305,44,22,22,43,21,22,2,1,1,7,5,2,0,0,0,1,1,0,21,10,11,6,4,2,0,0,0,1,0,1,2,2,0,12,4,8,0,0,0
57820701,259,143,116,254,142,112,7,3,4,27,11,16,2,0,2,5,1,4,271,123,148,124,57,67,0,0,0,11,0,11,39,23,16,97,43,54,2,2,0
57821501,104,65,39,101,64,37,1,0,1,10,7,3,3,0,3,3,1,2,130,49,81,85,32,53,0,0,0,5,0,5,13,5,8,27,12,15,2,2,0
57821502,33,16,17,32,16,16,0,0,0,3,1,2,0,0,0,1,0,1,26,14,12,8,4,4,0,0,0,0,0,0,4,4,0,14,6,8,0,0,0
57823101,12,6,6,12,6,6,1,0,1,3,1,2,0,0,0,0,0,0,8,3,5,6,2,4,0,0,0,0,0,0,0,0,0,2,1,1,0,0,0
57823102,319,175,144,309,170,139,10,5,5,35,18,17,0,0,0,10,5,5,327,143,184,154,58,96,0,0,0,15,0,15,46,28,18,112,57,55,5,2,3
0695400,0,0,0,0,0,0,0,0,0,0,0,0,0,0,0,0,0,0,0,0,0,0,0,0,0,0,0,0,0,0,0,0,0,0,0,0,0,0,0
57825801,338,200,138,335,198,137,9,6,3,30,17,13,1,0,1,3,2,1,383,161,222,190,82,108,0,0,0,20,0,20,58,24,34,115,55,60,3,1,2
57825802,17,9,8,16,9,7,1,0,1,1,0,1,0,0,0,1,0,1,20,6,14,9,4,5,0,0,0,3,0,3,6,2,4,2,0,2,0,0,0
57826601,73,44,29,68,42,26,0,0,0,4,3,1,1,0,1,5,2,3,71,29,42,26,13,13,0,0,0,3,0,3,18,5,13,24,11,13,0,0,0
57827401,184,109,75,173,104,69,4,3,1,20,14,6,1,0,1,11,5,6,191,91,100,92,42,50,0,0,0,12,0,12,44,25,19,43,24,19,9,4,5
57828201,470,273,197,453,261,192,12,5,7,52,28,24,4,0,4,17,12,5,454,202,252,208,86,122,0,0,0,17,0,17,76,46,30,153,70,83,5,3,2
57828202,178,96,82,170,92,78,9,3,6,26,12,14,2,0,2,8,4,4,190,89,101,88,45,43,0,0,0,12,0,12,41,16,25,49,28,21,1,0,1
57829101,73,39,34,70,36,34,4,2,2,9,5,4,0,0,0,3,3,0,38,18,20,9,3,6,0,0,0,1,0,1,8,3,5,20,12,8,0,0,0
57829102,143,90,53,136,86,50,6,4,2,11,5,6,0,0,0,7,4,3,114,53,61,52,22,30,1,0,1,6,1,5,17,8,9,38,22,16,1,0,1
57830401,48,28,20,46,26,20,0,0,0,11,7,4,0,0,0,2,2,0,64,37,27,40,22,18,0,0,0,1,0,1,7,4,3,16,11,5,0,0,0
57833901,319,175,144,309,169,140,9,2,7,53,26,27,1,0,1,10,6,4,269,122,147,129,47,82,0,0,0,9,0,9,31,18,13,100,57,43,2,0,2
0857740,0,0,0,0,0,0,0,0,0,0,0,0,0,0,0,0,0,0,0,0,0,0,0,0,0,0,0,0,0,0,0,0,0,0,0,0,0,0,0
0857820,0,0,0,0,0,0,0,0,0,0,0,0,0,0,0,0,0,0,0,0,0,0,0,0,0,0,0,0,0,0,0,0,0,0,0,0,0,0,0
0857910,0,0,0,0,0,0,0,0,0,0,0,0,0,0,0,0,0,0,0,0,0,0,0,0,0,0,0,0,0,0,0,0,0,0,0,0,0,0,0
0858120,0,0,0,0,0,0,0,0,0,0,0,0,0,0,0,0,0,0,0,0,0,0,0,0,0,0,0,0,0,0,0,0,0,0,0,0,0,0,0
3125760,0,0,0,0,0,0,0,0,0,0,0,0,0,0,0,0,0,0,0,0,0,0,0,0,0,0,0,0,0,0,0,0,0,0,0,0,0,0,0
3316430,0,0,0,0,0,0,0,0,0,0,0,0,0,0,0,0,0,0,0,0,0,0,0,0,0,0,0,0,0,0,0,0,0,0,0,0,0,0,0
57834701,66,37,29,65,37,28,1,1,0,7,4,3,2,0,2,1,0,1,71,35,36,36,15,21,0,0,0,6,0,6,14,9,5,15,11,4,0,0,0
57834702,242,122,120,239,121,118,11,2,9,37,19,18,1,0,1,3,1,2,198,98,100,88,50,38,0,0,0,7,0,7,30,18,12,73,30,43,1,1,0
57834704,587,318,269,569,308,261,22,14,8,112,65,47,1,0,1,18,10,8,558,244,314,337,148,189,2,1,1,11,0,11,59,29,30,149,66,83,2,1,1
57834705,582,324,258,573,320,253,19,5,14,70,39,31,2,0,2,9,4,5,545,235,310,219,86,133,1,1,0,30,1,29,106,52,54,189,95,94,3,2,1
57834707,217,128,89,216,127,89,0,0,0,8,4,4,0,0,0,1,1,0,40,17,23,16,7,9,0,0,0,2,0,2,8,4,4,14,6,8,13,8,5
57834708,126,68,58,119,65,54,2,0,2,12,6,6,1,0,1,7,3,4,129,55,74,51,20,31,0,0,0,5,0,5,24,12,12,49,23,26,1,0,1
57834709,48,26,22,46,25,21,3,3,0,3,2,1,0,0,0,2,1,1,52,25,27,28,15,13,0,0,0,2,1,1,12,5,7,10,4,6,1,0,1
57834710,69,41,28,68,41,27,6,3,3,4,1,3,1,0,1,1,0,1,59,23,36,26,9,17,0,0,0,3,0,3,10,4,6,20,10,10,2,1,1
57834711,139,83,56,136,81,55,8,3,5,16,11,5,0,0,0,3,2,1,150,59,91,55,19,36,0,0,0,14,0,14,31,18,13,50,22,28,1,0,1
57834713,764,409,355,742,400,342,19,6,13,93,41,52,8,0,8,22,9,13,676,264,412,322,117,205,2,1,1,34,0,34,128,58,70,190,88,102,13,5,8
57834714,195,105,90,192,102,90,5,4,1,28,14,14,2,0,2,3,3,0,187,81,106,113,47,66,0,0,0,8,0,8,22,13,9,44,21,23,0,0,0
57834717,1610,838,772,1561,813,748,57,30,27,188,97,91,15,0,15,49,25,24,1487,623,864,749,285,464,7,3,4,63,1,62,258,128,130,410,206,204,33,17,16
57834718,396,218,178,389,217,172,12,6,6,34,16,18,1,0,1,7,1,6,351,148,203,182,65,117,0,0,0,12,0,12,67,35,32,90,48,42,4,1,3
57834719,139,79,60,127,72,55,7,5,2,17,12,5,1,0,1,12,7,5,165,72,93,83,33,50,0,0,0,7,0,7,34,16,18,41,23,18,6,3,3
57834720,50,31,19,50,31,19,6,3,3,14,10,4,0,0,0,0,0,0,49,20,29,25,10,15,0,0,0,2,0,2,4,3,1,18,7,11,0,0,0
57835501,469,266,203,453,258,195,16,9,7,44,29,15,4,0,4,16,8,8,415,185,230,222,92,130,0,0,0,19,0,19,54,31,23,120,62,58,8,7,1
57836301,163,89,74,162,89,73,7,2,5,22,10,12,1,0,1,1,0,1,140,65,75,67,30,37,1,0,1,4,0,4,18,9,9,50,26,24,2,1,1
57837101,49,31,18,45,29,16,0,0,0,7,5,2,1,0,1,4,2,2,49,25,24,21,11,10,0,0,0,2,0,2,8,4,4,18,10,8,2,1,1
57838001,18,11,7,15,10,5,0,0,0,0,0,0,0,0,0,3,1,2,20,9,11,15,8,7,0,0,0,0,0,0,3,1,2,2,0,2,0,0,0
57838002,66,41,25,61,38,23,1,0,1,5,2,3,0,0,0,5,3,2,66,34,32,29,12,17,0,0,0,7,0,7,12,10,2,18,12,6,0,0,0
57838003,262,149,113,242,139,103,9,4,5,21,9,12,3,0,3,20,10,10,270,129,141,118,54,64,0,0,0,18,0,18,59,34,25,75,41,34,6,4,2
57838004,19,12,7,19,12,7,1,0,1,3,1,2,0,0,0,0,0,0,26,14,12,11,5,6,0,0,0,2,0,2,4,3,1,9,6,3,0,0,0
57838005,122,72,50,116,68,48,4,2,2,28,17,11,0,0,0,6,4,2,110,46,64,80,33,47,0,0,0,4,0,4,6,3,3,20,10,10,1,0,1
57838006,26,16,10,25,15,10,1,0,1,1,1,0,0,0,0,1,1,0,24,10,14,16,7,9,0,0,0,1,0,1,2,0,2,5,3,2,0,0,0
57838008,13,7,6,13,7,6,0,0,0,2,1,1,0,0,0,0,0,0,23,12,11,19,10,9,0,0,0,0,0,0,1,0,1,3,2,1,0,0,0
57838009,40,21,19,36,19,17,1,1,0,3,2,1,0,0,0,4,2,2,37,14,23,23,9,14,0,0,0,3,0,3,6,4,2,5,1,4,0,0,0
57838011,21,13,8,21,13,8,0,0,0,4,2,2,0,0,0,0,0,0,26,12,14,15,8,7,0,0,0,0,0,0,5,2,3,6,2,4,1,0,1
57838012,20,13,7,20,13,7,0,0,0,3,2,1,0,0,0,0,0,0,32,12,20,19,7,12,0,0,0,0,0,0,0,0,0,13,5,8,0,0,0
57838014,22,13,9,21,13,8,0,0,0,1,1,0,0,0,0,1,0,1,34,18,16,22,12,10,1,0,1,0,0,0,5,2,3,6,4,2,0,0,0
57839801,145,79,66,136,74,62,1,0,1,19,10,9,1,0,1,9,5,4,126,53,73,49,22,27,0,0,0,9,0,9,36,16,20,32,15,17,1,1,0
57840101,186,115,71,176,110,66,7,2,5,18,11,7,2,0,2,10,5,5,237,94,143,115,45,70,0,0,0,15,1,14,38,16,22,69,32,37,6,2,4
57842801,25,15,10,25,15,10,0,0,0,2,2,0,1,0,1,0,0,0,24,9,15,9,4,5,0,0,0,2,0,2,7,4,3,6,1,5,0,0,0
57842802,230,131,99,228,129,99,5,3,2,28,20,8,1,0,1,2,2,0,220,98,122,119,52,67,0,0,0,10,0,10,40,21,19,51,25,26,3,1,2
57842803,97,53,44,96,53,43,4,2,2,9,6,3,2,0,2,1,0,1,75,40,35,26,12,14,0,0,0,1,0,1,13,8,5,35,20,15,2,0,2
57842804,14,7,7,14,7,7,3,0,3,0,0,0,0,0,0,0,0,0,11,4,7,2,0,2,0,0,0,1,0,1,2,2,0,6,2,4,0,0,0
0988840,0,0,0,0,0,0,0,0,0,0,0,0,0,0,0,0,0,0,0,0,0,0,0,0,0,0,0,0,0,0,0,0,0,0,0,0,0,0,0
3385320,0,0,0,0,0,0,0,0,0,0,0,0,0,0,0,0,0,0,0,0,0,0,0,0,0,0,0,0,0,0,0,0,0,0,0,0,0,0,0
57844402,327,194,133,308,182,126,12,3,9,49,21,28,3,0,3,19,12,7,316,141,175,171,71,100,2,2,0,16,0,16,43,24,19,84,44,40,2,0,2
57844403,145,81,64,144,81,63,2,1,1,24,10,14,0,0,0,1,0,1,117,59,58,66,31,35,0,0,0,5,1,4,16,10,6,30,17,13,0,0,0
57844405,263,138,125,254,136,118,5,1,4,34,19,15,5,0,5,9,2,7,242,114,128,124,54,70,0,0,0,9,0,9,40,20,20,69,40,29,2,2,0
57844406,629,365,264,555,322,233,12,7,5,82,38,44,2,0,2,74,43,31,406,177,229,162,63,99,0,0,0,15,0,15,81,41,40,148,73,75,29,22,7
57844407,1847,943,904,1810,926,884,47,18,29,287,123,164,17,0,17,37,17,20,1931,742,1189,1151,400,751,3,3,0,63,1,62,222,96,126,492,242,250,19,11,8
57844408,415,224,191,394,211,183,11,5,6,69,34,35,2,0,2,21,13,8,387,172,215,203,81,122,1,0,1,12,0,12,61,37,24,110,54,56,1,1,0
57844409,714,393,321,664,363,301,21,9,12,107,61,46,6,0,6,50,30,20,734,308,426,450,179,271,1,1,0,24,0,24,80,41,39,179,87,92,20,11,9
57844410,540,287,253,522,279,243,18,12,6,93,45,48,5,0,5,18,8,10,510,234,276,264,120,144,0,0,0,16,0,16,69,33,36,161,81,80,9,5,4
57844412,12,6,6,12,6,6,1,1,0,0,0,0,0,0,0,0,0,0,10,3,7,3,1,2,0,0,0,0,0,0,1,0,1,6,2,4,0,0,0
57845201,95,56,39,91,55,36,1,0,1,10,3,7,0,0,0,4,1,3,105,49,56,68,29,39,1,1,0,3,0,3,8,6,2,25,13,12,0,0,0
57847901,25,15,10,25,15,10,2,1,1,6,3,3,0,0,0,0,0,0,21,10,11,11,6,5,0,0,0,1,0,1,2,1,1,7,3,4,0,0,0
57847902,258,152,106,250,150,100,9,5,4,26,19,7,0,0,0,8,2,6,298,133,165,167,73,94,1,0,1,7,0,7,34,14,20,89,46,43,1,0,1
57848701,546,311,235,523,300,223,11,6,5,65,26,39,6,0,6,23,11,12,531,242,289,253,116,137,0,0,0,22,0,22,78,36,42,178,90,88,9,8,1
57848702,21,13,8,16,11,5,0,0,0,0,0,0,0,0,0,5,2,3,19,10,9,14,6,8,0,0,0,0,0,0,2,2,0,3,2,1,0,0,0
57850901,500,282,218,490,279,211,20,9,11,58,31,27,6,0,6,10,3,7,449,196,253,212,86,126,0,0,0,12,0,12,64,35,29,161,75,86,5,2,3
57855001,114,69,45,106,62,44,0,0,0,19,6,13,1,0,1,8,7,1,87,39,48,53,25,28,0,0,0,0,0,0,11,4,7,23,10,13,3,2,1
57855002,42,23,19,42,23,19,1,0,1,5,4,1,0,0,0,0,0,0,46,25,21,26,13,13,0,0,0,1,0,1,8,5,3,11,7,4,1,0,1
1254070,0,0,0,0,0,0,0,0,0,0,0,0,0,0,0,0,0,0,0,0,0,0,0,0,0,0,0,0,0,0,0,0,0,0,0,0,0,0,0
1254150,0,0,0,0,0,0,0,0,0,0,0,0,0,0,0,0,0,0,0,0,0,0,0,0,0,0,0,0,0,0,0,0,0,0,0,0,0,0,0
1254230,0,0,0,0,0,0,0,0,0,0,0,0,0,0,0,0,0,0,0,0,0,0,0,0,0,0,0,0,0,0,0,0,0,0,0,0,0,0,0
57857601,108,67,41,103,64,39,3,0,3,12,6,6,2,0,2,5,3,2,106,37,69,49,17,32,0,0,0,8,0,8,22,7,15,27,13,14,1,1,0
57857602,77,48,29,77,48,29,4,2,2,11,8,3,0,0,0,0,0,0,60,28,32,34,13,21,0,0,0,1,1,0,4,1,3,21,13,8,0,0,0
57857603,18,13,5,14,9,5,0,0,0,2,0,2,0,0,0,4,4,0,15,10,5,10,8,2,0,0,0,0,0,0,2,1,1,3,1,2,0,0,0
57857604,55,29,26,54,29,25,1,1,0,5,2,3,0,0,0,1,0,1,38,20,18,13,6,7,0,0,0,2,0,2,10,9,1,13,5,8,1,1,0
57857605,926,477,449,900,463,437,24,10,14,134,63,71,5,0,5,26,14,12,856,377,479,499,220,279,0,0,0,26,0,26,102,55,47,229,102,127,7,3,4
57857606,45,23,22,41,21,20,0,0,0,5,2,3,0,0,0,4,2,2,42,19,23,23,9,14,0,0,0,1,0,1,11,6,5,7,4,3,1,1,0
57857607,1498,779,719,1470,765,705,70,35,35,178,84,94,14,1,13,28,14,14,1737,713,1024,904,333,571,1,1,0,75,0,75,275,131,144,482,248,234,14,6,8
57857608,190,99,91,184,96,88,4,1,3,24,11,13,2,0,2,6,3,3,236,101,135,172,65,107,1,1,0,5,0,5,15,9,6,43,26,17,2,0,2
57857609,49,28,21,48,27,21,1,1,0,8,2,6,0,0,0,1,1,0,39,17,22,29,11,18,0,0,0,1,0,1,4,2,2,5,4,1,1,0,1
57857610,956,515,441,931,504,427,26,10,16,104,58,46,8,0,8,25,11,14,683,299,384,255,107,148,2,1,1,43,0,43,120,59,61,263,132,131,4,0,4
57857612,50,26,24,50,26,24,2,1,1,9,5,4,0,0,0,0,0,0,63,27,36,30,10,20,0,0,0,3,0,3,5,1,4,25,16,9,0,0,0
57857613,81,48,33,78,47,31,4,0,4,15,8,7,0,0,0,3,1,2,95,38,57,42,14,28,0,0,0,7,0,7,20,8,12,26,16,10,0,0,0
57857614,318,176,142,308,172,136,12,4,8,38,18,20,2,0,2,10,4,6,234,112,122,108,50,58,1,0,1,10,0,10,42,23,19,73,39,34,16,12,4
57858401,676,388,288,662,382,280,25,14,11,81,49,32,5,0,5,14,6,8,569,261,308,233,99,134,1,1,0,28,0,28,107,56,51,200,105,95,6,2,4
57862201,83,48,35,80,47,33,2,2,0,10,4,6,0,0,0,3,1,2,74,30,44,29,10,19,0,0,0,2,0,2,14,7,7,29,13,16,1,0,1
57863101,19,8,11,18,8,10,1,0,1,3,2,1,0,0,0,1,0,1,16,6,10,10,3,7,0,0,0,0,0,0,1,0,1,5,3,2,0,0,0
57863102,142,77,65,133,70,63,5,2,3,13,6,7,2,0,2,9,7,2,130,59,71,68,31,37,0,0,0,2,0,2,18,8,10,42,20,22,3,2,1
57864901,14,9,5,13,9,4,0,0,0,1,1,0,0,0,0,1,0,1,15,6,9,3,1,2,0,0,0,3,0,3,4,3,1,5,2,3,0,0,0
57864903,13,6,7,13,6,7,0,0,0,0,0,0,0,0,0,0,0,0,22,8,14,9,4,5,1,0,1,1,0,1,2,1,1,9,3,6,0,0,0
57864904,38,24,14,38,24,14,0,0,0,4,1,3,0,0,0,0,0,0,51,26,25,33,17,16,0,0,0,2,0,2,9,6,3,7,3,4,0,0,0
57865701,590,337,253,572,325,247,18,11,7,62,31,31,4,0,4,18,12,6,512,216,296,245,99,146,0,0,0,32,0,32,94,43,51,141,74,67,11,7,4
57867302,272,145,127,259,140,119,4,1,3,31,16,15,2,0,2,13,5,8,329,144,185,197,81,116,2,0,2,11,0,11,45,22,23,74,41,33,5,3,2
57868101,45,25,20,43,24,19,3,1,2,6,3,3,1,0,1,2,1,1,45,20,25,25,13,12,1,0,1,2,0,2,5,3,2,12,4,8,0,0,0
57868102,78,45,33,77,44,33,2,0,2,15,8,7,0,0,0,1,1,0,62,34,28,37,18,19,0,0,0,2,0,2,5,3,2,18,13,5,0,0,0
57868103,30,16,14,30,16,14,0,0,0,5,2,3,1,0,1,0,0,0,47,19,28,21,9,12,0,0,0,3,0,3,10,3,7,13,7,6,1,0,1
57869001,120,66,54,112,61,51,5,2,3,26,12,14,0,0,0,8,5,3,114,52,62,63,30,33,0,0,0,6,0,6,14,9,5,31,13,18,5,5,0
57870301,41,22,19,41,22,19,2,1,1,5,3,2,0,0,0,0,0,0,21,10,11,7,3,4,0,0,0,1,0,1,1,0,1,12,7,5,0,0,0
57870302,40,21,19,38,21,17,1,0,1,6,2,4,1,0,1,2,0,2,41,19,22,20,9,11,0,0,0,1,0,1,6,3,3,14,7,7,1,0,1
57871101,286,164,122,261,148,113,11,5,6,32,13,19,0,0,0,25,16,9,304,149,155,130,54,76,0,0,0,19,0,19,58,36,22,97,59,38,10,5,5
57872001,291,165,126,282,160,122,6,3,3,32,20,12,4,0,4,9,5,4,247,100,147,93,33,60,0,0,0,12,0,12,42,13,29,100,54,46,1,1,0
57873801,155,83,72,151,80,71,3,2,1,20,9,11,1,0,1,4,3,1,197,101,96,72,31,41,0,0,0,7,0,7,32,16,16,86,54,32,2,1,1
57873802,252,143,109,247,141,106,8,1,7,30,16,14,6,0,6,5,2,3,243,100,143,96,40,56,1,0,1,14,0,14,45,17,28,87,43,44,4,3,1
57873803,36,18,18,35,17,18,0,0,0,4,2,2,0,0,0,1,1,0,37,15,22,20,10,10,0,0,0,1,0,1,4,1,3,12,4,8,0,0,0
57874601,124,66,58,121,65,56,4,0,4,15,8,7,0,0,0,3,1,2,96,50,46,46,23,23,0,0,0,3,0,3,11,5,6,36,22,14,3,2,1
57875401,100,55,45,94,50,44,5,4,1,16,6,10,0,0,0,6,5,1,107,49,58,65,30,35,0,0,0,3,0,3,12,5,7,27,14,13,4,2,2
1496670,0,0,0,0,0,0,0,0,0,0,0,0,0,0,0,0,0,0,0,0,0,0,0,0,0,0,0,0,0,0,0,0,0,0,0,0,0,0,0
57876201,75,41,34,72,40,32,0,0,0,11,6,5,0,0,0,3,1,2,72,27,45,29,11,18,0,0,0,5,0,5,17,4,13,21,12,9,0,0,0
57878901,10,8,2,10,8,2,0,0,0,0,0,0,0,0,0,0,0,0,18,5,13,9,3,6,0,0,0,2,0,2,4,0,4,3,2,1,0,0,0
57878902,16,9,7,15,8,7,0,0,0,4,3,1,0,0,0,1,1,0,14,5,9,6,2,4,1,1,0,0,0,0,1,0,1,6,2,4,1,0,1
57878903,56,33,23,55,32,23,2,0,2,5,0,5,1,0,1,1,1,0,64,28,36,27,13,14,0,0,0,5,0,5,11,6,5,21,9,12,0,0,0
57878904,33,20,13,32,19,13,1,0,1,2,0,2,0,0,0,1,1,0,39,19,20,18,9,9,0,0,0,1,0,1,5,3,2,15,7,8,0,0,0
57878905,370,210,160,353,202,151,9,4,5,44,28,16,3,0,3,17,8,9,347,160,187,165,74,91,1,1,0,15,0,15,64,38,26,102,47,55,4,2,2
57880101,126,75,51,118,69,49,3,0,3,18,11,7,0,0,0,8,6,2,115,48,67,49,21,28,1,1,0,8,0,8,21,8,13,36,18,18,1,0,1
57881901,118,68,50,115,65,50,6,2,4,13,8,5,1,0,1,3,3,0,125,54,71,57,26,31,0,0,0,9,0,9,26,15,11,33,13,20,2,0,2
57883501,44,26,18,43,25,18,1,0,1,3,2,1,0,0,0,1,1,0,46,19,27,24,10,14,0,0,0,2,0,2,4,2,2,16,7,9,1,1,0
57884301,15,8,7,15,8,7,0,0,0,1,1,0,0,0,0,0,0,0,17,8,9,12,5,7,0,0,0,0,0,0,0,0,0,5,3,2,0,0,0
57884303,30,17,13,28,16,12,0,0,0,5,4,1,0,0,0,2,1,1,27,10,17,16,6,10,0,0,0,0,0,0,1,1,0,10,3,7,0,0,0
57884304,21,14,7,21,14,7,1,0,1,4,3,1,0,0,0,0,0,0,12,2,10,6,1,5,0,0,0,1,0,1,1,0,1,4,1,3,0,0,0
57884305,57,36,21,56,36,20,1,0,1,6,4,2,2,0,2,1,0,1,64,27,37,36,15,21,0,0,0,1,0,1,11,7,4,16,5,11,2,1,1
57884306,20,11,9,18,11,7,1,1,0,4,1,3,1,0,1,2,0,2,21,9,12,14,7,7,0,0,0,0,0,0,1,0,1,6,2,4,0,0,0
57884307,47,24,23,44,22,22,4,1,3,7,4,3,0,0,0,3,2,1,43,15,28,26,8,18,0,0,0,1,0,1,4,3,1,12,4,8,0,0,0
57885101,202,120,82,197,118,79,6,5,1,25,14,11,2,0,2,5,2,3,193,90,103,78,33,45,0,0,0,12,0,12,37,23,14,66,34,32,3,0,3
57886001,51,29,22,50,29,21,3,1,2,11,7,4,1,0,1,1,0,1,52,21,31,33,11,22,0,0,0,1,0,1,7,4,3,11,6,5,0,0,0
57887801,195,123,72,191,122,69,7,4,3,18,11,7,2,0,2,4,1,3,219,96,123,93,38,55,1,0,1,8,0,8,39,19,20,78,39,39,4,1,3
57888601,28,14,14,28,14,14,3,1,2,3,1,2,0,0,0,0,0,0,27,16,11,20,12,8,0,0,0,0,0,0,2,2,0,5,2,3,0,0,0
57888602,165,93,72,163,92,71,7,0,7,18,13,5,2,0,2,2,1,1,190,81,109,89,34,55,0,0,0,11,1,10,40,21,19,50,25,25,2,1,1
57889401,236,131,105,222,127,95,5,3,2,28,9,19,4,0,4,14,4,10,269,137,132,114,51,63,0,0,0,10,0,10,55,34,21,90,52,38,5,2,3
57890801,437,266,171,403,248,155,14,7,7,40,21,19,2,0,2,34,18,16,414,160,254,206,74,132,3,0,3,18,1,17,73,39,34,114,46,68,12,7,5
57891601,58,30,28,54,28,26,2,0,2,5,4,1,0,0,0,4,2,2,64,26,38,26,10,16,0,0,0,4,0,4,15,7,8,19,9,10,1,1,0
57893201,489,271,218,470,263,207,7,3,4,52,25,27,1,0,1,19,8,11,444,195,249,195,87,108,0,0,0,21,0,21,65,25,40,163,83,80,10,6,4
57894101,148,87,61,143,84,59,2,2,0,13,4,9,3,0,3,5,3,2,144,60,84,62,28,34,0,0,0,12,0,12,37,19,18,33,13,20,0,0,0
57895901,92,56,36,86,52,34,1,0,1,10,3,7,1,0,1,6,4,2,64,21,43,33,11,22,0,0,0,6,0,6,14,6,8,11,4,7,1,1,0
57896701,193,112,81,189,109,80,8,3,5,37,19,18,0,0,0,4,3,1,196,90,106,97,38,59,0,0,0,13,0,13,34,24,10,52,28,24,5,3,2
57897502,99,52,47,85,46,39,2,1,1,9,4,5,0,0,0,14,6,8,95,48,47,39,19,20,0,0,0,5,0,5,17,13,4,34,16,18,0,0,0
57897503,116,69,47,106,64,42,6,1,5,12,5,7,0,0,0,10,5,5,113,45,68,64,23,41,0,0,0,6,0,6,20,9,11,23,13,10,2,0,2
57899101,25,15,10,24,15,9,2,2,0,1,1,0,1,0,1,1,0,1,15,5,10,5,3,2,1,1,0,1,0,1,5,1,4,3,0,3,2,1,1
58032501,345,196,149,340,193,147,6,2,4,32,17,15,3,1,2,5,3,2,299,133,166,139,64,75,0,0,0,21,0,21,59,32,27,80,37,43,1,0,1
58032502,493,281,212,484,276,208,18,4,14,55,31,24,8,0,8,9,5,4,571,227,344,300,109,191,2,2,0,27,0,27,91,42,49,151,74,77,8,3,5
58069401,245,134,111,240,131,109,4,1,3,26,11,15,4,0,4,5,3,2,236,111,125,76,41,35,0,0,0,16,0,16,50,21,29,94,49,45,4,2,2
58069403,152,79,73,149,78,71,9,4,5,15,7,8,1,0,1,3,1,2,134,54,80,62,22,40,0,0,0,1,0,1,16,9,7,55,23,32,1,0,1
58069404,109,63,46,105,61,44,4,2,2,10,6,4,0,0,0,4,2,2,129,58,71,61,24,37,0,0,0,4,0,4,22,15,7,42,19,23,0,0,0
58112701,57,33,24,55,32,23,2,2,0,4,3,1,0,0,0,2,1,1,43,21,22,16,9,7,0,0,0,3,0,3,12,7,5,12,5,7,0,0,0
54790501,454,251,203,440,245,195,16,10,6,39,19,20,1,0,1,14,6,8,351,158,193,159,69,90,0,0,0,13,0,13,59,34,25,120,55,65,6,2,4
54792101,37,24,13,37,24,13,0,0,0,3,2,1,1,0,1,0,0,0,50,23,27,16,5,11,0,0,0,3,1,2,11,6,5,20,11,9,4,2,2
54796401,119,75,44,118,74,44,6,2,4,14,6,8,0,0,0,1,1,0,107,42,65,58,22,36,0,0,0,6,0,6,12,8,4,31,12,19,0,0,0
54797201,65,41,24,62,39,23,1,1,0,6,3,3,0,0,0,3,2,1,38,17,21,13,6,7,0,0,0,3,0,3,6,3,3,16,8,8,0,0,0
54798101,222,131,91,209,122,87,7,2,5,15,9,6,1,0,1,13,9,4,227,94,133,139,57,82,1,1,0,11,0,11,28,15,13,48,21,27,3,2,1
54800601,53,29,24,52,29,23,2,2,0,4,2,2,2,0,2,1,0,1,41,20,21,16,9,7,1,1,0,0,0,0,9,2,7,15,8,7,2,1,1
54801401,661,367,294,642,354,288,27,13,14,66,31,35,6,0,6,19,13,6,586,247,339,258,104,154,2,1,1,33,1,32,115,54,61,178,87,91,9,5,4
54802201,45,25,20,43,23,20,1,0,1,2,1,1,1,0,1,2,2,0,33,15,18,13,6,7,0,0,0,1,0,1,10,3,7,9,6,3,0,0,0
54802202,39,24,15,36,22,14,0,0,0,3,2,1,0,0,0,3,2,1,33,13,20,22,10,12,0,0,0,0,0,0,1,0,1,10,3,7,1,0,1
54803101,433,228,205,414,217,197,17,5,12,38,21,17,0,0,0,19,11,8,375,177,198,150,59,91,0,0,0,17,0,17,67,37,30,141,81,60,6,2,4
54804901,281,175,106,272,170,102,13,5,8,34,18,16,5,0,5,9,5,4,203,80,123,83,29,54,0,0,0,8,0,8,33,17,16,79,34,45,4,3,1
54804902,15,9,6,14,8,6,1,1,0,2,2,0,0,0,0,1,1,0,10,4,6,1,1,0,0,0,0,2,0,2,3,2,1,4,1,3,0,0,0
55376001,216,117,99,210,113,97,7,3,4,21,11,10,2,0,2,6,4,2,190,90,100,82,44,38,0,0,0,3,0,3,21,8,13,84,38,46,1,1,0
55524001,297,165,132,281,158,123,8,6,2,16,8,8,1,0,1,16,7,9,299,131,168,117,50,67,5,4,1,13,0,13,51,22,29,113,55,58,6,5,1
57169501,41,26,15,36,24,12,0,0,0,3,3,0,0,0,0,5,2,3,43,24,19,17,9,8,0,0,0,3,0,3,9,6,3,14,9,5,1,0,1
57169502,22,16,6,20,16,4,1,1,0,1,1,0,0,0,0,2,0,2,39,16,23,17,9,8,0,0,0,4,0,4,7,2,5,11,5,6,0,0,0
57169503,76,38,38,69,35,34,2,2,0,10,5,5,2,0,2,7,3,4,70,28,42,33,13,20,0,0,0,2,0,2,16,6,10,19,9,10,2,1,1
57169504,17,11,6,17,11,6,0,0,0,2,2,0,1,0,1,0,0,0,24,13,11,17,9,8,0,0,0,1,0,1,3,2,1,3,2,1,0,0,0
57192001,38,23,15,38,23,15,0,0,0,4,1,3,0,0,0,0,0,0,36,18,18,19,9,10,3,2,1,1,0,1,4,2,2,9,5,4,0,0,0
57192002,22,11,11,20,10,10,1,0,1,4,1,3,0,0,0,2,1,1,14,7,7,7,3,4,0,0,0,1,0,1,3,2,1,3,2,1,0,0,0
57192003,86,51,35,84,51,33,3,1,2,10,5,5,1,0,1,2,0,2,106,50,56,54,26,28,0,0,0,5,0,5,19,11,8,28,13,15,2,0,2
57220901,19,11,8,19,11,8,0,0,0,4,1,3,0,0,0,0,0,0,28,16,12,19,11,8,0,0,0,1,0,1,3,1,2,5,4,1,0,0,0
57220902,27,17,10,25,17,8,0,0,0,5,4,1,0,0,0,2,0,2,20,7,13,10,3,7,0,0,0,1,0,1,6,2,4,3,2,1,0,0,0
57220903,168,98,70,165,95,70,4,2,2,15,6,9,2,0,2,3,3,0,114,53,61,53,24,29,0,0,0,5,0,5,28,14,14,28,15,13,1,1,0
57230601,94,55,39,92,55,37,6,1,5,12,6,6,0,0,0,2,0,2,88,45,43,47,21,26,0,0,0,3,0,3,11,8,3,27,16,11,1,0,1
57248901,57,28,29,55,27,28,0,0,0,9,5,4,0,0,0,2,1,1,74,36,38,41,20,21,0,0,0,3,0,3,10,5,5,20,11,9,1,1,0
57342601,63,35,28,61,34,27,2,0,2,10,4,6,0,0,0,2,1,1,118,40,78,87,19,68,0,0,0,2,1,1,7,4,3,22,16,6,3,3,0
57439201,319,174,145,312,171,141,15,7,8,38,16,22,2,0,2,7,3,4,247,118,129,108,46,62,0,0,0,11,0,11,38,24,14,90,48,42,3,2,1
57444901,102,58,44,100,58,42,3,1,2,9,3,6,1,0,1,2,0,2,69,30,39,20,10,10,0,0,0,5,0,5,13,5,8,31,15,16,0,0,0
57554201,48,30,18,48,30,18,3,1,2,8,8,0,0,0,0,0,0,0,48,19,29,30,12,18,0,0,0,1,0,1,7,2,5,10,5,5,0,0,0
57554202,28,14,14,28,14,14,0,0,0,2,0,2,1,0,1,0,0,0,33,17,16,16,8,8,0,0,0,0,0,0,2,1,1,15,8,7,0,0,0
57586101,83,45,38,81,44,37,1,0,1,8,6,2,2,0,2,2,1,1,69,30,39,39,18,21,0,0,0,1,0,1,10,3,7,19,9,10,0,0,0
1753740,0,0,0,0,0,0,0,0,0,0,0,0,0,0,0,0,0,0,0,0,0,0,0,0,0,0,0,0,0,0,0,0,0,0,0,0,0,0,0
1753910,0,0,0,0,0,0,0,0,0,0,0,0,0,0,0,0,0,0,0,0,0,0,0,0,0,0,0,0,0,0,0,0,0,0,0,0,0,0,0
3038870,0,0,0,0,0,0,0,0,0,0,0,0,0,0,0,0,0,0,0,0,0,0,0,0,0,0,0,0,0,0,0,0,0,0,0,0,0,0,0
57989101,135,79,56,129,75,54,3,2,1,10,6,4,1,0,1,6,4,2,157,68,89,78,33,45,1,1,0,9,0,9,26,12,14,43,22,21,3,2,1
57989102,28,19,9,28,19,9,0,0,0,4,4,0,0,0,0,0,0,0,24,9,15,8,1,7,0,0,0,1,0,1,7,6,1,8,2,6,0,0,0
57989103,27,17,10,27,17,10,0,0,0,2,1,1,0,0,0,0,0,0,20,5,15,6,1,5,0,0,0,2,0,2,5,1,4,7,3,4,1,1,0
57989104,181,102,79,176,99,77,7,1,6,14,6,8,1,0,1,5,3,2,145,71,74,54,26,28,0,0,0,15,0,15,31,20,11,45,25,20,0,0,0
57989106,467,246,221,457,244,213,27,14,13,41,21,20,7,0,7,10,2,8,353,156,197,152,58,94,0,0,0,18,1,17,68,34,34,115,63,52,7,2,5
57989107,13,7,6,13,7,6,0,0,0,0,0,0,0,0,0,0,0,0,12,5,7,0,0,0,0,0,0,0,0,0,2,0,2,10,5,5,0,0,0
57989108,1225,661,564,1192,646,546,34,14,20,109,54,55,7,0,7,33,15,18,932,440,492,369,158,211,0,0,0,61,0,61,177,88,89,325,194,131,8,4,4
57989110,416,216,200,405,213,192,14,6,8,47,27,20,3,0,3,11,3,8,338,149,189,170,72,98,0,0,0,18,0,18,52,26,26,98,51,47,4,1,3
57989111,61,31,30,58,29,29,2,1,1,7,5,2,0,0,0,3,2,1,69,36,33,20,8,12,0,0,0,2,1,1,15,7,8,32,20,12,0,0,0
57989112,49,23,26,46,22,24,3,0,3,5,1,4,0,0,0,3,1,2,54,29,25,14,6,8,0,0,0,2,1,1,9,6,3,29,16,13,0,0,0
57989113,28,15,13,27,14,13,1,1,0,5,3,2,0,0,0,1,1,0,30,16,14,14,7,7,0,0,0,1,0,1,4,2,2,11,7,4,0,0,0
57989114,106,55,51,105,54,51,9,3,6,13,5,8,0,0,0,1,1,0,87,35,52,35,14,21,1,0,1,4,0,4,12,8,4,35,13,22,0,0,0
57989115,801,439,362,778,428,350,35,16,19,87,46,41,5,0,5,23,11,12,676,274,402,326,118,208,3,1,2,34,0,34,108,55,53,205,100,105,6,3,3
57989116,491,263,228,485,259,226,26,13,13,64,36,28,3,0,3,6,4,2,473,215,258,272,108,164,2,1,1,15,0,15,57,35,22,127,71,56,5,3,2
57989118,1969,996,973,1913,964,949,76,32,44,271,119,152,13,0,13,56,32,24,2190,900,1290,1339,483,856,3,2,1,82,1,81,261,143,118,505,271,234,13,6,7
57989119,352,216,136,342,210,132,15,8,7,36,20,16,3,0,3,10,6,4,259,119,140,101,50,51,1,1,0,13,0,13,60,31,29,84,37,47,58,48,10
57989120,852,455,397,814,437,377,30,13,17,94,44,50,7,0,7,38,18,20,649,283,366,290,120,170,3,1,2,30,0,30,122,61,61,204,101,103,12,6,6
57989122,26,15,11,25,14,11,0,0,0,3,2,1,0,0,0,1,1,0,145,39,106,127,31,96,0,0,0,2,0,2,5,3,2,11,5,6,1,1,0
57994701,604,336,268,596,332,264,20,11,9,58,24,34,4,0,4,8,4,4,661,281,380,346,141,205,3,2,1,32,0,32,88,49,39,192,89,103,12,8,4
57996301,111,60,51,109,60,49,5,1,4,7,3,4,0,0,0,2,0,2,130,55,75,49,21,28,0,0,0,7,0,7,22,6,16,52,28,24,0,0,0
57997101,551,308,243,545,306,239,18,3,15,46,20,26,5,0,5,6,2,4,502,219,283,206,91,115,0,0,0,26,0,26,104,54,50,166,74,92,4,1,3
57997102,44,25,19,43,24,19,2,1,1,2,1,1,0,0,0,1,1,0,20,9,11,12,7,5,0,0,0,0,0,0,4,1,3,4,1,3,0,0,0
57998001,122,69,53,105,61,44,6,1,5,11,7,4,0,0,0,17,8,9,140,61,79,61,27,34,0,0,0,7,1,6,32,14,18,40,19,21,3,3,0
57998002,11,7,4,9,5,4,0,0,0,1,0,1,0,0,0,2,2,0,16,8,8,7,2,5,0,0,0,1,0,1,4,3,1,4,3,1,2,0,2
57998003,16,10,6,16,10,6,0,0,0,2,1,1,0,0,0,0,0,0,27,11,16,23,10,13,0,0,0,1,0,1,3,1,2,0,0,0,0,0,0
57998004,12,8,4,11,8,3,0,0,0,1,1,0,0,0,0,1,0,1,14,9,5,5,2,3,0,0,0,1,0,1,5,4,1,3,3,0,0,0,0
57999801,94,53,41,91,51,40,5,1,4,6,4,2,1,0,1,3,2,1,85,37,48,47,19,28,0,0,0,2,0,2,13,7,6,23,11,12,1,1,0
58001501,56,35,21,54,34,20,1,0,1,5,3,2,0,0,0,2,1,1,59,23,36,22,10,12,0,0,0,3,0,3,13,1,12,21,12,9,0,0,0
58001502,27,12,15,26,11,15,1,0,1,2,1,1,0,0,0,1,1,0,33,13,20,20,8,12,0,0,0,1,0,1,7,3,4,5,2,3,2,1,1
58001503,878,480,398,822,447,375,20,11,9,73,38,35,5,0,5,56,33,23,988,394,594,562,215,347,1,0,1,42,0,42,146,74,72,237,105,132,14,9,5
58001504,192,112,80,182,110,72,4,0,4,16,5,11,0,0,0,10,2,8,144,59,85,53,18,35,0,0,0,7,0,7,29,16,13,55,25,30,5,4,1
58001505,102,59,43,101,59,42,3,1,2,10,8,2,0,0,0,1,0,1,67,32,35,21,8,13,1,1,0,2,0,2,13,7,6,30,16,14,1,1,0
58001506,16,10,6,15,10,5,2,2,0,2,2,0,0,0,0,1,0,1,9,5,4,6,4,2,0,0,0,0,0,0,1,0,1,2,1,1,0,0,0
58001508,43,29,14,41,28,13,2,1,1,5,4,1,1,0,1,2,1,1,48,17,31,24,9,15,0,0,0,3,0,3,6,2,4,15,6,9,1,0,1
58001509,29,18,11,27,17,10,1,1,0,1,0,1,0,0,0,2,1,1,39,15,24,12,6,6,0,0,0,2,0,2,9,5,4,16,4,12,0,0,0
58001510,52,29,23,50,29,21,0,0,0,9,5,4,0,0,0,2,0,2,64,27,37,28,12,16,0,0,0,5,0,5,13,7,6,18,8,10,0,0,0
58002301,198,110,88,195,107,88,7,1,6,27,14,13,2,0,2,3,3,0,173,78,95,68,33,35,0,0,0,10,0,10,36,15,21,59,30,29,2,1,1
0218570,0,0,0,0,0,0,0,0,0,0,0,0,0,0,0,0,0,0,0,0,0,0,0,0,0,0,0,0,0,0,0,0,0,0,0,0,0,0,0
0218650,0,0,0,0,0,0,0,0,0,0,0,0,0,0,0,0,0,0,0,0,0,0,0,0,0,0,0,0,0,0,0,0,0,0,0,0,0,0,0
0218900,0,0,0,0,0,0,0,0,0,0,0,0,0,0,0,0,0,0,0,0,0,0,0,0,0,0,0,0,0,0,0,0,0,0,0,0,0,0,0
3127970,0,0,0,0,0,0,0,0,0,0,0,0,0,0,0,0,0,0,0,0,0,0,0,0,0,0,0,0,0,0,0,0,0,0,0,0,0,0,0
3216810,0,0,0,0,0,0,0,0,0,0,0,0,0,0,0,0,0,0,0,0,0,0,0,0,0,0,0,0,0,0,0,0,0,0,0,0,0,0,0
58003101,734,381,353,708,368,340,28,12,16,77,35,42,6,0,6,26,13,13,680,309,371,353,155,198,0,0,0,26,0,26,100,43,57,201,111,90,12,7,5
58003102,291,155,136,285,153,132,18,8,10,27,10,17,4,0,4,6,2,4,220,91,129,99,43,56,0,0,0,3,0,3,35,16,19,83,32,51,0,0,0
58003103,350,204,146,341,200,141,15,5,10,32,15,17,1,0,1,9,4,5,302,121,181,151,61,90,1,1,0,14,0,14,46,19,27,90,40,50,0,0,0
58003104,51,30,21,49,29,20,0,0,0,6,3,3,1,0,1,2,1,1,69,37,32,39,17,22,1,1,0,1,0,1,7,3,4,21,16,5,0,0,0
58003105,59,32,27,59,32,27,1,1,0,10,5,5,0,0,0,0,0,0,57,26,31,24,11,13,0,0,0,5,0,5,9,3,6,19,12,7,0,0,0
58003106,819,407,412,803,396,407,25,7,18,80,33,47,9,0,9,16,11,5,523,213,310,224,92,132,0,0,0,28,0,28,114,50,64,157,71,86,3,1,2
58003107,183,93,90,180,92,88,7,2,5,16,7,9,2,0,2,3,1,2,152,66,86,75,30,45,0,0,0,5,0,5,27,17,10,45,19,26,1,1,0
58003108,117,59,58,113,56,57,4,1,3,9,3,6,0,0,0,4,3,1,88,43,45,28,13,15,0,0,0,6,0,6,17,12,5,37,18,19,1,1,0
58003109,35,18,17,34,18,16,2,1,1,5,2,3,0,0,0,1,0,1,21,10,11,14,6,8,0,0,0,2,0,2,4,3,1,1,1,0,0,0,0
58003110,445,258,187,397,233,164,13,8,5,33,14,19,4,0,4,48,25,23,319,146,173,144,58,86,3,3,0,12,1,11,73,41,32,87,43,44,58,44,14
58003111,43,30,13,41,29,12,0,0,0,4,2,2,0,0,0,2,1,1,23,14,9,8,5,3,0,0,0,1,0,1,5,3,2,9,6,3,1,0,1
58003113,1465,779,686,1410,748,662,58,19,39,180,90,90,9,0,9,55,31,24,1412,584,828,849,310,539,2,0,2,47,0,47,192,98,94,322,176,146,12,10,2
58003114,765,421,344,747,413,334,27,16,11,86,44,42,6,0,6,18,8,10,679,303,376,401,167,234,1,1,0,25,0,25,87,45,42,165,90,75,4,2,2
58003115,739,403,336,718,394,324,26,16,10,80,37,43,4,0,4,21,9,12,660,267,393,351,129,222,1,0,1,23,0,23,92,40,52,193,98,95,5,5,0
58003116,335,175,160,252,136,116,6,4,2,25,8,17,1,0,1,83,39,44,365,170,195,61,29,32,1,1,0,28,0,28,143,70,73,132,70,62,14,7,7
58003117,773,442,331,754,432,322,31,15,16,88,48,40,3,0,3,19,10,9,885,361,524,516,198,318,2,2,0,36,1,35,111,55,56,220,105,115,4,1,3
58003118,503,273,230,495,268,227,28,14,14,55,27,28,2,0,2,8,5,3,588,253,335,353,140,213,0,0,0,16,0,16,60,30,30,159,83,76,1,1,0
58004001,15,10,5,12,8,4,0,0,0,2,0,2,0,0,0,3,2,1,13,6,7,7,3,4,0,0,0,2,0,2,4,3,1,0,0,0,0,0,0
58004002,214,122,92,211,122,89,6,4,2,17,10,7,0,0,0,3,0,3,197,85,112,75,28,47,0,0,0,11,0,11,40,21,19,71,36,35,3,1,2
58004003,45,26,19,45,26,19,1,1,0,2,1,1,0,0,0,0,0,0,37,16,21,19,8,11,0,0,0,1,0,1,4,2,2,13,6,7,0,0,0
58004004,36,19,17,36,19,17,0,0,0,4,1,3,2,0,2,0,0,0,38,14,24,20,7,13,0,0,0,1,0,1,6,3,3,11,4,7,1,0,1
58005801,294,159,135,284,153,131,10,5,5,41,21,20,2,0,2,10,6,4,265,125,140,106,44,62,1,1,0,10,0,10,55,28,27,93,52,41,3,0,3
58005802,21,14,7,20,13,7,1,0,1,2,2,0,0,0,0,1,1,0,23,9,14,12,5,7,0,0,0,0,0,0,1,0,1,10,4,6,0,0,0
58006601,79,45,34,75,43,32,4,1,3,10,6,4,1,0,1,4,2,2,72,36,36,35,20,15,0,0,0,5,0,5,11,6,5,21,10,11,1,0,1
58007401,349,199,150,334,192,142,10,4,6,23,11,12,2,0,2,15,7,8,297,122,175,138,51,87,0,0,0,14,0,14,41,27,14,104,44,60,3,3,0
58009101,244,134,110,240,133,107,9,6,3,17,4,13,7,1,6,4,1,3,225,96,129,81,36,45,0,0,0,11,0,11,48,18,30,85,42,43,1,0,1
58009102,42,25,17,41,25,16,1,0,1,2,1,1,2,0,2,1,0,1,34,16,18,10,4,6,0,0,0,4,0,4,13,7,6,7,5,2,1,1,0
58011201,621,336,285,606,332,274,18,9,9,70,33,37,3,0,3,15,4,11,584,252,332,263,109,154,1,1,0,21,0,21,110,44,66,189,98,91,5,2,3
58011202,69,38,31,67,38,29,1,0,1,3,3,0,3,0,3,2,0,2,45,19,26,13,4,9,0,0,0,1,0,1,11,7,4,20,8,12,0,0,0
58012101,1063,619,444,1041,608,433,38,15,23,91,55,36,6,0,6,22,11,11,981,441,540,444,179,265,2,1,1,52,0,52,174,95,79,309,166,143,11,4,7
58012102,132,79,53,126,74,52,2,1,1,8,4,4,0,0,0,6,5,1,124,55,69,55,25,30,0,0,0,11,0,11,28,12,16,30,18,12,1,1,0
58012103,67,35,32,65,34,31,2,1,1,10,7,3,0,0,0,2,1,1,57,30,27,22,10,12,0,0,0,1,0,1,9,3,6,25,17,8,4,2,2
58014701,514,273,241,501,266,235,23,12,11,53,20,33,6,0,6,13,7,6,461,219,242,199,88,111,0,0,0,17,0,17,79,35,44,166,96,70,3,1,2
58014702,262,149,113,259,148,111,10,6,4,19,11,8,0,0,0,3,1,2,240,97,143,94,37,57,0,0,0,12,0,12,43,19,24,91,41,50,0,0,0
58014703,128,76,52,127,76,51,2,1,1,10,7,3,2,0,2,1,0,1,124,61,63,46,18,28,1,1,0,7,1,6,27,19,8,43,22,21,2,0,2
58016301,51,29,22,48,28,20,4,2,2,3,1,2,0,0,0,3,1,2,42,22,20,24,13,11,1,1,0,2,0,2,6,4,2,9,4,5,1,1,0
58016302,11,9,2,9,7,2,0,0,0,0,0,0,0,0,0,2,2,0,9,1,8,3,1,2,0,0,0,2,0,2,3,0,3,1,0,1,0,0,0
58016303,157,80,77,150,77,73,7,2,5,10,6,4,1,0,1,7,3,4,99,49,50,40,20,20,0,0,0,1,0,1,24,10,14,34,19,15,2,1,1
58021001,184,99,85,180,97,83,6,4,2,17,8,9,0,0,0,4,2,2,178,83,95,70,35,35,1,1,0,8,0,8,28,12,16,71,35,36,2,2,0
58022801,104,61,43,100,58,42,4,2,2,12,5,7,1,0,1,4,3,1,101,39,62,49,20,29,0,0,0,8,0,8,19,8,11,25,11,14,0,0,0
58026101,407,213,194,401,211,190,13,4,9,34,14,20,5,0,5,6,2,4,375,161,214,178,90,88,4,0,4,22,1,21,62,22,40,109,48,61,4,2,2
58027901,430,238,192,414,231,183,15,7,8,38,18,20,1,0,1,16,7,9,377,166,211,201,90,111,1,1,0,11,0,11,61,25,36,103,50,53,5,2,3
58027902,21,10,11,21,10,11,2,0,2,1,0,1,0,0,0,0,0,0,25,14,11,8,3,5,0,0,0,2,0,2,6,5,1,9,6,3,0,0,0
58027903,49,27,22,49,27,22,2,0,2,1,1,0,0,0,0,0,0,0,45,23,22,26,12,14,0,0,0,1,0,1,7,4,3,11,7,4,0,0,0
58029501,13,11,2,13,11,2,1,1,0,0,0,0,0,0,0,0,0,0,16,9,7,10,6,4,0,0,0,1,0,1,2,2,0,3,1,2,0,0,0
58029503,52,30,22,49,30,19,0,0,0,4,3,1,0,0,0,3,0,3,43,18,25,28,10,18,1,0,1,1,0,1,6,4,2,7,4,3,1,1,0
58029504,159,83,76,153,79,74,3,0,3,8,3,5,0,0,0,6,4,2,145,59,86,73,30,43,0,0,0,5,0,5,16,7,9,51,22,29,0,0,0
58033301,327,194,133,317,188,129,9,3,6,31,20,11,3,0,3,10,6,4,278,111,167,125,44,81,2,1,1,13,0,13,47,21,26,91,45,46,6,2,4
58034101,12,8,4,12,8,4,0,0,0,4,2,2,0,0,0,0,0,0,8,1,7,6,1,5,0,0,0,0,0,0,0,0,0,2,0,2,0,0,0
58034102,176,100,76,172,98,74,3,2,1,23,12,11,2,0,2,4,2,2,168,83,85,71,33,38,0,0,0,13,0,13,38,23,15,46,27,19,4,3,1
3128430,0,0,0,0,0,0,0,0,0,0,0,0,0,0,0,0,0,0,0,0,0,0,0,0,0,0,0,0,0,0,0,0,0,0,0,0,0,0,0
3128600,0,0,0,0,0,0,0,0,0,0,0,0,0,0,0,0,0,0,0,0,0,0,0,0,0,0,0,0,0,0,0,0,0,0,0,0,0,0,0
3128780,0,0,0,0,0,0,0,0,0,0,0,0,0,0,0,0,0,0,0,0,0,0,0,0,0,0,0,0,0,0,0,0,0,0,0,0,0,0,0
3216990,0,0,0,0,0,0,0,0,0,0,0,0,0,0,0,0,0,0,0,0,0,0,0,0,0,0,0,0,0,0,0,0,0,0,0,0,0,0,0
58035001,110,54,56,109,54,55,12,5,7,8,2,6,0,0,0,1,0,1,76,37,39,33,13,20,0,0,0,0,0,0,9,4,5,34,20,14,1,1,0
58035002,19,11,8,18,11,7,1,0,1,4,2,2,0,0,0,1,0,1,20,9,11,8,4,4,0,0,0,1,0,1,4,1,3,7,4,3,0,0,0
58035004,25,13,12,25,13,12,0,0,0,2,1,1,1,0,1,0,0,0,21,10,11,5,1,4,0,0,0,3,0,3,7,5,2,6,4,2,0,0,0
58035005,64,39,25,62,39,23,4,2,2,8,5,3,1,0,1,2,0,2,54,25,29,23,9,14,0,0,0,3,0,3,8,4,4,20,12,8,0,0,0
58035007,53,32,21,52,31,21,0,0,0,5,2,3,0,0,0,1,1,0,50,20,30,27,12,15,0,0,0,5,0,5,8,3,5,10,5,5,1,0,1
58035009,254,143,111,244,137,107,4,2,2,31,17,14,5,0,5,10,6,4,249,111,138,110,47,63,0,0,0,11,0,11,54,29,25,74,35,39,8,4,4
58035010,1462,756,706,1414,739,675,57,22,35,164,68,96,11,0,11,48,17,31,1397,596,801,742,293,449,1,1,0,54,1,53,203,104,99,397,197,200,18,8,10
58035013,21,10,11,21,10,11,0,0,0,2,1,1,0,0,0,0,0,0,12,5,7,7,2,5,0,0,0,0,0,0,2,2,0,3,1,2,0,0,0
58035014,171,102,69,163,97,66,4,1,3,23,13,10,0,0,0,8,5,3,137,63,74,78,36,42,0,0,0,2,0,2,17,7,10,40,20,20,1,0,1
58035015,1592,877,715,1545,852,693,75,41,34,157,75,82,8,0,8,47,25,22,1592,672,920,900,353,547,3,1,2,56,0,56,198,88,110,435,230,205,38,26,12
58035016,21,14,7,21,14,7,1,1,0,0,0,0,0,0,0,0,0,0,3,1,2,2,1,1,0,0,0,0,0,0,1,0,1,0,0,0,0,0,0
58035017,164,85,79,162,83,79,10,4,6,11,3,8,2,0,2,2,2,0,135,69,66,21,10,11,3,2,1,5,0,5,18,10,8,88,47,41,0,0,0
58035018,316,176,140,306,171,135,9,3,6,34,20,14,1,0,1,10,5,5,333,148,185,167,66,101,0,0,0,10,0,10,42,20,22,114,62,52,4,2,2
58037601,1486,805,681,1449,788,661,39,17,22,151,71,80,15,0,15,37,17,20,1341,578,763,644,259,385,2,2,0,68,1,67,209,108,101,418,208,210,23,10,13
58037602,34,18,16,34,18,16,1,1,0,3,1,2,0,0,0,0,0,0,21,8,13,5,3,2,0,0,0,2,0,2,4,0,4,10,5,5,0,0,0
58039201,366,212,154,361,211,150,11,5,6,39,18,21,2,0,2,5,1,4,324,149,175,142,63,79,2,1,1,14,0,14,55,33,22,111,52,59,1,1,0
58040601,128,78,50,120,75,45,6,2,4,11,5,6,1,0,1,8,3,5,117,48,69,65,28,37,0,0,0,3,0,3,13,5,8,36,15,21,1,1,0
58041401,167,90,77,164,90,74,3,3,0,16,11,5,3,0,3,3,0,3,133,57,76,56,25,31,0,0,0,3,0,3,28,12,16,46,20,26,3,2,1
58042201,149,81,68,145,78,67,8,3,5,23,10,13,4,0,4,4,3,1,159,70,89,77,35,42,0,0,0,7,0,7,36,19,17,39,16,23,3,1,2
58043102,17,12,5,17,12,5,1,1,0,2,1,1,0,0,0,0,0,0,19,10,9,10,6,4,0,0,0,0,0,0,3,2,1,6,2,4,1,0,1
58043103,300,174,126,287,167,120,7,4,3,27,12,15,3,0,3,13,7,6,328,151,177,158,71,87,2,2,0,20,0,20,62,35,27,86,43,43,6,5,1
58043104,70,39,31,69,39,30,2,1,1,5,1,4,0,0,0,1,0,1,66,34,32,22,11,11,0,0,0,6,0,6,21,15,6,17,8,9,0,0,0
58043106,49,28,21,47,27,20,1,1,0,7,2,5,0,0,0,2,1,1,32,16,16,11,6,5,0,0,0,2,0,2,6,2,4,13,8,5,0,0,0
58046501,62,34,28,61,33,28,1,1,0,8,3,5,0,0,0,1,1,0,62,32,30,24,11,13,0,0,0,1,0,1,7,5,2,30,16,14,2,1,1
58046502,131,72,59,128,71,57,2,1,1,9,5,4,1,0,1,3,1,2,106,45,61,49,20,29,1,1,0,4,0,4,18,7,11,34,17,17,2,1,1
58048102,102,55,47,97,53,44,4,0,4,8,5,3,0,0,0,5,2,3,89,43,46,36,13,23,0,0,0,9,0,9,19,14,5,25,16,9,1,0,1
58048103,59,34,25,57,32,25,0,0,0,9,5,4,0,0,0,2,2,0,46,18,28,27,13,14,0,0,0,3,0,3,6,3,3,10,2,8,0,0,0
58048104,51,27,24,47,25,22,2,1,1,3,1,2,1,0,1,4,2,2,32,15,17,14,9,5,0,0,0,1,0,1,6,3,3,11,3,8,0,0,0
58048105,39,24,15,37,22,15,1,0,1,2,1,1,0,0,0,2,2,0,37,16,21,20,10,10,0,0,0,2,0,2,7,3,4,8,3,5,0,0,0
58048106,41,26,15,40,26,14,1,0,1,11,6,5,0,0,0,1,0,1,38,17,21,24,10,14,0,0,0,0,0,0,1,0,1,13,7,6,1,1,0
58048107,1514,809,705,1426,769,657,43,18,25,147,74,73,14,0,14,88,40,48,1589,696,893,872,356,516,7,5,2,51,0,51,209,111,98,450,224,226,25,19,6
58048108,34,20,14,34,20,14,3,1,2,4,3,1,0,0,0,0,0,0,35,17,18,21,9,12,0,0,0,0,0,0,2,2,0,12,6,6,0,0,0
58048109,73,43,30,68,41,27,3,1,2,10,6,4,0,0,0,5,2,3,68,31,37,37,16,21,0,0,0,1,0,1,5,2,3,25,13,12,2,0,2
58049001,157,93,64,153,89,64,4,0,4,20,10,10,0,0,0,4,4,0,132,56,76,72,32,40,1,0,1,7,0,7,20,10,10,32,14,18,3,2,1
58050302,33,15,18,32,15,17,0,0,0,4,3,1,1,0,1,1,0,1,37,14,23,17,7,10,0,0,0,2,0,2,3,0,3,15,7,8,0,0,0
58050303,17,11,6,16,10,6,1,0,1,2,1,1,1,0,1,1,1,0,11,4,7,9,3,6,0,0,0,0,0,0,2,1,1,0,0,0,0,0,0
58050304,10,5,5,10,5,5,0,0,0,3,1,2,0,0,0,0,0,0,10,6,4,3,2,1,0,0,0,0,0,0,4,2,2,3,2,1,0,0,0
58050305,416,232,184,404,224,180,9,6,3,65,30,35,3,0,3,12,8,4,353,153,200,178,84,94,1,0,1,12,0,12,58,30,28,104,39,65,3,2,1
0789720,0,0,0,0,0,0,0,0,0,0,0,0,0,0,0,0,0,0,0,0,0,0,0,0,0,0,0,0,0,0,0,0,0,0,0,0,0,0,0
0790060,0,0,0,0,0,0,0,0,0,0,0,0,0,0,0,0,0,0,0,0,0,0,0,0,0,0,0,0,0,0,0,0,0,0,0,0,0,0,0
3385160,0,0,0,0,0,0,0,0,0,0,0,0,0,0,0,0,0,0,0,0,0,0,0,0,0,0,0,0,0,0,0,0,0,0,0,0,0,0,0
58051101,360,181,179,344,175,169,9,4,5,35,15,20,2,0,2,16,6,10,342,155,187,161,64,97,0,0,0,16,0,16,52,35,17,113,56,57,3,2,1
58051102,70,38,32,70,38,32,1,1,0,7,4,3,1,0,1,0,0,0,72,25,47,25,10,15,0,0,0,7,0,7,16,6,10,24,9,15,0,0,0
58051103,667,342,325,643,328,315,28,14,14,82,48,34,6,0,6,24,14,10,634,265,369,364,145,219,3,2,1,13,0,13,62,30,32,192,88,104,3,2,1
58051104,87,50,37,84,48,36,1,0,1,6,3,3,1,0,1,3,2,1,77,32,45,40,18,22,1,0,1,3,0,3,12,5,7,21,9,12,1,0,1
58051105,203,110,93,196,109,87,7,2,5,13,7,6,0,0,0,7,1,6,146,55,91,60,21,39,0,0,0,8,0,8,31,11,20,47,23,24,5,2,3
58051107,219,118,101,214,115,99,6,2,4,24,12,12,2,0,2,5,3,2,202,88,114,110,49,61,0,0,0,6,0,6,25,12,13,61,27,34,1,1,0
58051108,1178,632,546,1141,612,529,46,19,27,101,49,52,3,0,3,37,20,17,974,417,557,508,193,315,3,2,1,38,0,38,161,83,78,264,139,125,16,7,9
58051109,1211,632,579,1187,623,564,49,19,30,120,66,54,13,1,12,24,9,15,1311,544,767,695,256,439,2,2,0,50,0,50,172,95,77,392,191,201,7,6,1
58051110,108,57,51,105,56,49,0,0,0,8,4,4,3,0,3,3,1,2,89,42,47,39,15,24,0,0,0,1,0,1,12,6,6,37,21,16,3,0,3
58051112,93,39,54,91,39,52,1,0,1,2,1,1,1,0,1,2,0,2,22,11,11,7,5,2,0,0,0,1,0,1,6,2,4,8,4,4,3,1,2
58051113,41,23,18,41,23,18,0,0,0,2,1,1,0,0,0,0,0,0,49,23,26,0,0,0,0,0,0,8,0,8,22,9,13,19,14,5,0,0,0
58051114,142,85,57,138,82,56,4,2,2,22,12,10,3,0,3,4,3,1,151,61,90,76,31,45,0,0,0,10,0,10,27,12,15,38,18,20,2,2,0
58051115,257,153,104,249,149,100,15,7,8,17,9,8,4,0,4,8,4,4,232,101,131,94,39,55,3,2,1,16,0,16,54,25,29,65,35,30,1,1,0
58051116,278,158,120,251,140,111,7,4,3,18,8,10,3,0,3,27,18,9,183,77,106,82,35,47,0,0,0,6,0,6,35,19,16,60,23,37,27,24,3
58053801,62,31,31,59,31,28,3,2,1,4,2,2,1,0,1,3,0,3,60,24,36,32,11,21,0,0,0,0,0,0,9,3,6,19,10,9,0,0,0
58053802,41,26,15,41,26,15,2,1,1,3,2,1,0,0,0,0,0,0,42,19,23,15,6,9,0,0,0,2,0,2,7,4,3,18,9,9,0,0,0
58053803,10,5,5,9,5,4,1,0,1,2,1,1,0,0,0,1,0,1,10,4,6,9,4,5,0,0,0,0,0,0,1,0,1,0,0,0,0,0,0
58053804,508,287,221,499,281,218,20,16,4,47,23,24,6,0,6,9,6,3,484,218,266,196,83,113,0,0,0,26,1,25,99,57,42,163,77,86,4,2,2
58053805,2026,1120,906,1960,1084,876,72,37,35,220,113,107,14,0,14,66,36,30,1854,789,1065,931,373,558,5,2,3,91,1,90,299,149,150,528,264,264,41,29,12
58053806,513,280,233,502,274,228,16,6,10,53,25,28,3,0,3,11,6,5,513,216,297,229,100,129,1,0,1,29,0,29,94,40,54,160,76,84,2,0,2
58056201,16,8,8,16,8,8,0,0,0,4,1,3,1,0,1,0,0,0,23,12,11,13,7,6,0,0,0,1,0,1,5,2,3,4,3,1,0,0,0
58056204,62,38,24,60,36,24,2,2,0,11,4,7,2,0,2,2,2,0,81,38,43,37,17,20,0,0,0,5,0,5,18,11,7,21,10,11,0,0,0
58057101,241,139,102,228,136,92,10,4,6,18,12,6,4,0,4,13,3,10,241,97,144,114,48,66,0,0,0,11,0,11,36,8,28,80,41,39,9,7,2
58058901,26,16,10,25,15,10,0,0,0,3,2,1,0,0,0,1,1,0,27,10,17,17,7,10,0,0,0,1,0,1,3,0,3,6,3,3,0,0,0
58058902,367,209,158,357,203,154,6,2,4,51,24,27,3,0,3,10,6,4,319,141,178,147,63,84,0,0,0,16,0,16,53,30,23,103,48,55,5,4,1
58061901,187,112,75,185,112,73,1,1,0,17,9,8,1,0,1,2,0,2,174,74,100,55,22,33,0,0,0,15,1,14,48,26,22,56,25,31,2,0,2
58062701,607,334,273,594,330,264,18,6,12,48,26,22,6,0,6,13,4,9,546,232,314,232,96,136,2,2,0,32,0,32,90,38,52,190,96,94,0,0,0
58063501,38,22,16,32,20,12,2,2,0,2,1,1,0,0,0,6,2,4,69,34,35,20,6,14,0,0,0,2,0,2,21,15,6,26,13,13,2,0,2
58063502,338,186,152,327,182,145,6,2,4,34,19,15,2,0,2,11,4,7,278,122,156,132,56,76,0,0,0,9,0,9,48,20,28,89,46,43,10,6,4
58064301,292,172,120,290,171,119,8,3,5,28,18,10,4,0,4,2,1,1,280,134,146,121,51,70,0,0,0,16,0,16,69,36,33,74,47,27,3,2,1
58065101,216,122,94,210,121,89,8,1,7,20,12,8,0,0,0,6,1,5,181,76,105,86,34,52,0,0,0,12,1,11,34,19,15,49,22,27,2,2,0
58065103,53,29,24,52,29,23,1,1,0,8,5,3,0,0,0,1,0,1,54,23,31,30,18,12,0,0,0,3,0,3,9,2,7,12,3,9,0,0,0
58066001,111,65,46,109,64,45,4,0,4,20,12,8,1,0,1,2,1,1,95,41,54,34,13,21,0,0,0,8,0,8,19,7,12,34,21,13,2,2,0
58066002,21,13,8,21,13,8,0,0,0,1,1,0,0,0,0,0,0,0,32,16,16,12,5,7,0,0,0,2,0,2,7,6,1,11,5,6,0,0,0
58067801,71,45,26,67,42,25,0,0,0,3,1,2,0,0,0,4,3,1,65,26,39,37,17,20,1,0,1,2,0,2,10,2,8,15,7,8,1,0,1
58068601,38,19,19,37,18,19,1,0,1,3,2,1,1,0,1,1,1,0,24,12,12,12,5,7,0,0,0,1,0,1,3,1,2,8,6,2,0,0,0
58068602,428,237,191,420,233,187,13,8,5,40,22,18,2,0,2,8,4,4,431,202,229,178,77,101,2,2,0,28,1,27,86,48,38,137,74,63,4,3,1
58070801,41,23,18,39,22,17,2,0,2,5,3,2,0,0,0,2,1,1,31,11,20,19,6,13,0,0,0,1,0,1,2,2,0,9,3,6,0,0,0
58070802,100,58,42,100,58,42,7,2,5,9,4,5,0,0,0,0,0,0,100,47,53,60,28,32,0,0,0,3,0,3,10,4,6,27,15,12,0,0,0
58071601,33,18,15,31,16,15,0,0,0,3,1,2,0,0,0,2,2,0,39,20,19,16,8,8,0,0,0,1,0,1,9,3,6,13,9,4,3,1,2
58071603,20,11,9,20,11,9,1,1,0,1,1,0,0,0,0,0,0,0,21,9,12,6,3,3,0,0,0,2,0,2,6,3,3,7,3,4,3,2,1
58071604,65,38,27,65,38,27,1,1,0,10,4,6,0,0,0,0,0,0,46,17,29,22,7,15,0,0,0,0,0,0,4,2,2,20,8,12,1,0,1
58071605,172,96,76,169,95,74,7,2,5,20,10,10,1,0,1,3,1,2,166,73,93,66,28,38,0,0,0,8,0,8,20,11,9,72,34,38,1,1,0
58071606,21,13,8,21,13,8,1,1,0,4,3,1,0,0,0,0,0,0,17,8,9,6,3,3,0,0,0,2,0,2,6,3,3,3,2,1,0,0,0
58071607,16,11,5,16,11,5,1,0,1,1,1,0,0,0,0,0,0,0,14,4,10,4,1,3,0,0,0,1,0,1,3,2,1,6,1,5,0,0,0
58072401,132,80,52,129,79,50,8,3,5,16,11,5,0,0,0,3,1,2,132,57,75,58,22,36,0,0,0,8,0,8,27,13,14,39,22,17,5,4,1
58073201,333,194,139,322,189,133,11,5,6,29,19,10,3,0,3,11,5,6,293,136,157,101,45,56,1,1,0,16,0,16,50,27,23,125,63,62,6,5,1
58074101,114,62,52,113,62,51,4,2,2,11,6,5,1,0,1,1,0,1,116,54,62,44,17,27,0,0,0,6,0,6,24,14,10,42,23,19,0,0,0
58075901,13,6,7,12,5,7,1,0,1,0,0,0,0,0,0,1,1,0,13,9,4,2,1,1,2,1,1,0,0,0,1,1,0,8,6,2,0,0,0
58075902,66,35,31,66,35,31,0,0,0,8,5,3,0,0,0,0,0,0,99,45,54,68,29,39,0,0,0,1,0,1,8,4,4,22,12,10,1,1,0
58075904,30,19,11,30,19,11,1,1,0,1,1,0,0,0,0,0,0,0,28,9,19,9,1,8,0,0,0,0,0,0,4,1,3,15,7,8,0,0,0
58075905,54,31,23,48,29,19,0,0,0,1,1,0,0,0,0,6,2,4,45,16,29,18,8,10,0,0,0,0,0,0,8,2,6,19,6,13,1,1,0
58076701,122,66,56,120,64,56,6,2,4,10,5,5,1,0,1,2,2,0,127,57,70,54,24,30,0,0,0,5,0,5,17,8,9,51,25,26,0,0,0
58077501,287,161,126,282,158,124,9,6,3,23,15,8,5,1,4,5,3,2,262,122,140,86,36,50,0,0,0,15,0,15,55,26,29,106,60,46,2,0,2
58078301,36,24,12,34,23,11,1,0,1,1,1,0,1,0,1,2,1,1,30,11,19,16,5,11,0,0,0,2,0,2,6,1,5,6,5,1,0,0,0
58080501,70,40,30,69,39,30,2,1,1,3,2,1,0,0,0,1,1,0,65,24,41,30,12,18,0,0,0,2,0,2,12,3,9,21,9,12,1,1,0
58080502,66,38,28,65,38,27,0,0,0,7,5,2,0,0,0,1,0,1,56,27,29,28,12,16,0,0,0,1,0,1,8,6,2,19,9,10,0,0,0
58082101,27,12,15,27,12,15,0,0,0,2,2,0,0,0,0,0,0,0,23,9,14,10,4,6,0,0,0,0,0,0,3,2,1,10,3,7,0,0,0
58082102,168,97,71,162,94,68,3,2,1,16,8,8,0,0,0,6,3,3,132,52,80,52,23,29,0,0,0,7,0,7,20,6,14,53,23,30,1,1,0
58083001,33,20,13,31,19,12,2,1,1,5,3,2,0,0,0,2,1,1,38,19,19,23,11,12,0,0,0,1,0,1,7,3,4,7,5,2,0,0,0
58084801,514,293,221,497,284,213,12,5,7,43,25,18,3,0,3,17,9,8,442,206,236,191,86,105,1,1,0,23,0,23,72,38,34,155,81,74,14,11,3
58084802,33,18,15,31,17,14,1,1,0,4,1,3,0,0,0,2,1,1,37,21,16,20,10,10,0,0,0,0,0,0,8,3,5,9,8,1,0,0,0
58084803,447,221,226,429,212,217,10,5,5,27,8,19,5,0,5,18,9,9,352,144,208,108,37,71,0,0,0,27,0,27,93,43,50,124,64,60,7,2,5
58087201,13,6,7,13,6,7,0,0,0,2,0,2,0,0,0,0,0,0,13,4,9,6,2,4,0,0,0,1,0,1,3,1,2,3,1,2,0,0,0
58087202,301,169,132,293,164,129,14,6,8,35,19,16,2,0,2,8,5,3,320,143,177,158,73,85,1,1,0,16,0,16,51,26,25,94,43,51,2,1,1
58088101,113,64,49,113,64,49,5,3,2,7,5,2,0,0,0,0,0,0,129,56,73,65,31,34,0,0,0,7,0,7,22,9,13,35,16,19,2,1,1
58090201,74,42,32,72,41,31,3,0,3,8,5,3,1,0,1,2,1,1,69,36,33,33,17,16,0,0,0,2,0,2,12,3,9,22,16,6,1,0,1
58092901,205,113,92,200,112,88,9,4,5,16,5,11,3,0,3,5,1,4,167,80,87,82,38,44,0,0,0,7,0,7,28,11,17,50,31,19,1,0,1
58094501,240,122,118,238,121,117,9,1,8,28,15,13,1,0,1,2,1,1,186,80,106,73,31,42,0,0,0,7,0,7,39,23,16,67,26,41,4,2,2
58096101,443,255,188,433,249,184,11,5,6,48,28,20,3,0,3,10,6,4,417,185,232,212,88,124,0,0,0,19,0,19,68,41,27,118,56,62,4,2,2
58097001,15,7,8,15,7,8,1,0,1,0,0,0,0,0,0,0,0,0,10,3,7,3,1,2,0,0,0,0,0,0,1,0,1,6,2,4,0,0,0
58097002,284,156,128,279,153,126,15,8,7,34,18,16,2,0,2,5,3,2,255,128,127,124,56,68,0,0,0,9,0,9,39,21,18,83,51,32,2,0,2
58098801,57,34,23,52,32,20,2,0,2,2,2,0,0,0,0,5,2,3,55,22,33,23,8,15,0,0,0,4,0,4,11,6,5,17,8,9,1,0,1
58099601,29,16,13,28,15,13,0,0,0,5,2,3,1,0,1,1,1,0,42,17,25,17,7,10,0,0,0,2,0,2,8,1,7,15,9,6,0,0,0
58099602,59,35,24,57,33,24,3,1,2,6,5,1,1,0,1,2,2,0,53,22,31,21,6,15,0,0,0,2,0,2,10,5,5,20,11,9,1,1,0
58100301,74,44,30,70,43,27,2,1,1,9,4,5,1,0,1,4,1,3,57,31,26,18,10,8,0,0,0,3,0,3,11,5,6,25,16,9,0,0,0
58101101,99,53,46,97,51,46,5,1,4,12,7,5,0,0,0,2,2,0,70,26,44,31,10,21,0,0,0,3,0,3,8,4,4,28,12,16,0,0,0
58103801,109,61,48,107,60,47,3,2,1,20,12,8,0,0,0,2,1,1,86,41,45,35,13,22,0,0,0,2,0,2,11,5,6,38,23,15,0,0,0
58104601,446,254,192,430,245,185,8,3,5,44,21,23,4,0,4,16,9,7,381,180,201,169,66,103,0,0,0,14,0,14,64,41,23,134,73,61,4,4,0
58105401,51,32,19,46,28,18,2,2,0,7,4,3,0,0,0,5,4,1,59,30,29,31,16,15,0,0,0,3,0,3,11,5,6,14,9,5,1,0,1
58105403,224,128,96,220,126,94,1,1,0,36,21,15,1,0,1,4,2,2,246,110,136,129,56,73,2,1,1,11,0,11,30,16,14,74,37,37,2,2,0
58106201,59,34,25,58,33,25,3,2,1,3,2,1,0,0,0,1,1,0,54,21,33,24,9,15,0,0,0,1,0,1,7,3,4,22,9,13,0,0,0
58106202,197,114,83,192,111,81,5,1,4,27,13,14,4,0,4,5,3,2,165,74,91,86,37,49,0,0,0,10,0,10,30,19,11,39,18,21,1,1,0
58106203,41,24,17,40,24,16,0,0,0,3,2,1,1,0,1,1,0,1,45,18,27,22,8,14,0,0,0,2,0,2,10,3,7,11,7,4,0,0,0
58107101,396,218,178,379,210,169,11,4,7,30,17,13,6,0,6,17,8,9,330,146,184,156,67,89,0,0,0,13,0,13,60,33,27,101,46,55,7,6,1
58108901,60,32,28,59,31,28,1,0,1,4,3,1,0,0,0,1,1,0,50,26,24,17,8,9,0,0,0,1,0,1,11,9,2,21,9,12,0,0,0
58108902,10,5,5,9,5,4,0,0,0,1,1,0,1,0,1,1,0,1,15,5,10,5,1,4,0,0,0,2,0,2,3,2,1,5,2,3,1,1,0
58108903,93,55,38,91,53,38,2,0,2,11,6,5,0,0,0,2,2,0,88,31,57,48,15,33,0,0,0,6,0,6,13,8,5,21,8,13,0,0,0
58110101,16,9,7,16,9,7,0,0,0,3,1,2,0,0,0,0,0,0,11,6,5,3,3,0,0,0,0,1,0,1,5,2,3,2,1,1,1,1,0
58110102,120,72,48,118,70,48,2,0,2,13,5,8,0,0,0,2,2,0,104,49,55,51,18,33,0,0,0,6,0,6,15,7,8,32,24,8,4,3,1
58111901,359,200,159,353,196,157,15,5,10,29,16,13,9,0,9,6,4,2,355,156,199,138,55,83,0,0,0,19,0,19,82,46,36,116,55,61,6,3,3
58114301,57,35,22,57,35,22,1,1,0,5,4,1,0,0,0,0,0,0,60,30,30,29,15,14,0,0,0,2,0,2,8,3,5,21,12,9,0,0,0
58114302,122,70,52,119,67,52,5,3,2,8,5,3,0,0,0,3,3,0,83,35,48,45,18,27,0,0,0,5,0,5,17,12,5,16,5,11,1,0,1
58115101,71,41,30,68,40,28,2,1,1,7,5,2,1,0,1,3,1,2,75,28,47,40,13,27,0,0,0,3,1,2,12,5,7,20,9,11,1,1,0
58115102,32,17,15,32,17,15,4,2,2,7,4,3,0,0,0,0,0,0,30,15,15,17,9,8,0,0,0,1,0,1,2,1,1,10,5,5,0,0,0
58115103,280,153,127,267,147,120,17,5,12,28,14,14,1,0,1,13,6,7,261,123,138,104,42,62,0,0,0,9,0,9,45,22,23,103,59,44,6,2,4
0673930,0,0,0,0,0,0,0,0,0,0,0,0,0,0,0,0,0,0,0,0,0,0,0,0,0,0,0,0,0,0,0,0,0,0,0,0,0,0,0
58117801,44,22,22,43,22,21,1,0,1,6,3,3,1,0,1,1,0,1,53,25,28,28,12,16,0,0,0,1,0,1,5,4,1,19,9,10,0,0,0
58117803,436,247,189,421,240,181,16,6,10,33,20,13,2,0,2,15,7,8,403,183,220,179,75,104,1,1,0,19,0,19,59,34,25,145,73,72,6,3,3
1882710,0,0,0,0,0,0,0,0,0,0,0,0,0,0,0,0,0,0,0,0,0,0,0,0,0,0,0,0,0,0,0,0,0,0,0,0,0,0,0
1882980,0,0,0,0,0,0,0,0,0,0,0,0,0,0,0,0,0,0,0,0,0,0,0,0,0,0,0,0,0,0,0,0,0,0,0,0,0,0,0
3038950,0,0,0,0,0,0,0,0,0,0,0,0,0,0,0,0,0,0,0,0,0,0,0,0,0,0,0,0,0,0,0,0,0,0,0,0,0,0,0
58118601,41,28,13,40,27,13,1,1,0,5,3,2,0,0,0,1,1,0,56,27,29,24,9,15,0,0,0,4,0,4,12,8,4,16,10,6,1,0,1
58118602,88,57,31,87,57,30,1,1,0,3,1,2,0,0,0,1,0,1,78,30,48,45,19,26,0,0,0,5,0,5,13,6,7,15,5,10,0,0,0
58118603,25,15,10,24,15,9,0,0,0,3,1,2,0,0,0,1,0,1,21,9,12,9,3,6,0,0,0,1,0,1,2,1,1,9,5,4,0,0,0
58118604,56,34,22,55,33,22,0,0,0,4,2,2,0,0,0,1,1,0,46,21,25,21,12,9,0,0,0,3,0,3,8,3,5,14,6,8,0,0,0
58118605,46,27,19,45,26,19,2,1,1,6,4,2,1,0,1,1,1,0,39,19,20,23,10,13,0,0,0,2,0,2,8,6,2,6,3,3,0,0,0
58118606,62,33,29,58,32,26,1,0,1,3,2,1,0,0,0,4,1,3,45,22,23,17,9,8,0,0,0,3,0,3,11,8,3,14,5,9,0,0,0
58118607,75,45,30,74,44,30,4,3,1,12,6,6,1,0,1,1,1,0,79,38,41,30,11,19,0,0,0,3,0,3,19,11,8,27,16,11,2,0,2
58118608,31,24,7,30,23,7,0,0,0,2,1,1,1,0,1,1,1,0,14,9,5,6,4,2,1,1,0,0,0,0,2,2,0,5,2,3,0,0,0
58118609,146,78,68,143,77,66,10,5,5,11,7,4,2,0,2,3,1,2,103,39,64,37,14,23,1,1,0,4,0,4,17,5,12,44,19,25,0,0,0
58118610,90,48,42,87,47,40,3,2,1,10,6,4,0,0,0,3,1,2,121,56,65,54,25,29,0,0,0,7,0,7,18,7,11,42,24,18,1,0,1
58118612,520,291,229,511,289,222,32,19,13,59,33,26,6,2,4,9,2,7,492,225,267,254,104,150,1,1,0,12,0,12,43,23,20,182,97,85,3,3,0
58118613,1082,580,502,1052,565,487,53,24,29,94,43,51,7,0,7,30,15,15,894,389,505,442,164,278,1,1,0,36,0,36,126,73,53,289,151,138,12,4,8
58118614,1217,650,567,1174,630,544,31,13,18,134,61,73,17,0,17,43,20,23,1085,441,644,621,217,404,4,3,1,46,0,46,151,83,68,263,138,125,14,7,7
58118615,29,16,13,29,16,13,2,1,1,3,1,2,0,0,0,0,0,0,13,5,8,8,3,5,0,0,0,0,0,0,1,1,0,4,1,3,1,0,1
58118616,744,378,366,724,371,353,21,8,13,73,32,41,3,0,3,20,7,13,627,271,356,316,113,203,1,1,0,18,0,18,84,46,38,208,111,97,5,4,1
58118617,23,13,10,21,12,9,1,0,1,0,0,0,0,0,0,2,1,1,25,15,10,13,8,5,0,0,0,1,0,1,3,2,1,8,5,3,0,0,0
58118618,127,74,53,121,70,51,10,5,5,18,12,6,0,0,0,6,4,2,136,58,78,69,28,41,0,0,0,6,0,6,15,8,7,46,22,24,0,0,0
58118619,88,45,43,59,34,25,0,0,0,7,1,6,0,0,0,29,11,18,144,69,75,20,13,7,0,0,0,10,0,10,51,29,22,63,27,36,9,4,5
58118620,445,258,187,421,247,174,14,4,10,45,23,22,4,0,4,24,11,13,328,146,182,131,52,79,3,3,0,13,0,13,59,33,26,122,58,64,34,28,6
58118621,520,282,238,506,275,231,19,11,8,49,19,30,4,0,4,14,7,7,414,188,226,204,74,130,1,1,0,16,0,16,54,33,21,139,80,59,2,1,1
58118623,11,4,7,11,4,7,1,0,1,0,0,0,0,0,0,0,0,0,12,8,4,8,5,3,0,0,0,0,0,0,1,1,0,3,2,1,1,1,0
58118625,35,24,11,34,23,11,1,0,1,5,2,3,0,0,0,1,1,0,38,17,21,15,4,11,0,0,0,3,0,3,8,5,3,12,8,4,0,0,0
58118626,888,496,392,849,476,373,29,10,19,96,46,50,7,0,7,39,20,19,773,328,445,334,129,205,2,1,1,39,0,39,156,75,81,242,123,119,12,7,5
58119401,24,14,10,23,13,10,0,0,0,1,1,0,0,0,0,1,1,0,16,11,5,11,6,5,0,0,0,0,0,0,1,1,0,4,4,0,0,0,0
58119402,21,14,7,21,14,7,0,0,0,1,1,0,0,0,0,0,0,0,31,14,17,14,6,8,2,1,1,3,0,3,6,4,2,6,3,3,0,0,0
58120801,79,48,31,78,48,30,2,1,1,10,7,3,0,0,0,1,0,1,73,26,47,36,12,24,0,0,0,4,0,4,9,4,5,24,10,14,0,0,0
58120802,77,46,31,75,45,30,5,2,3,6,1,5,0,0,0,2,1,1,56,26,30,22,6,16,0,0,0,2,0,2,8,4,4,24,16,8,0,0,0
58120803,12,5,7,10,4,6,0,0,0,2,0,2,0,0,0,2,1,1,16,8,8,12,7,5,0,0,0,0,0,0,0,0,0,4,1,3,0,0,0
58120804,217,123,94,208,121,87,5,2,3,27,12,15,1,0,1,9,2,7,202,86,116,81,32,49,0,0,0,13,0,13,44,26,18,64,28,36,4,1,3
58121601,29,18,11,28,17,11,0,0,0,5,2,3,0,0,0,1,1,0,38,18,20,20,10,10,0,0,0,1,0,1,2,0,2,15,8,7,0,0,0
58121602,97,53,44,95,51,44,3,1,2,14,5,9,0,0,0,2,2,0,70,31,39,36,12,24,0,0,0,3,0,3,11,9,2,20,10,10,0,0,0
58122401,18,8,10,18,8,10,0,0,0,0,0,0,0,0,0,0,0,0,23,8,15,12,4,8,0,0,0,1,0,1,3,1,2,7,3,4,0,0,0
58122402,29,17,12,27,16,11,0,0,0,2,1,1,0,0,0,2,1,1,29,8,21,15,5,10,0,0,0,3,0,3,4,1,3,7,2,5,0,0,0
58122403,104,62,42,104,62,42,4,2,2,17,8,9,0,0,0,0,0,0,80,37,43,44,20,24,0,0,0,5,0,5,13,9,4,18,8,10,0,0,0
58122404,44,26,18,43,25,18,1,0,1,4,0,4,0,0,0,1,1,0,16,7,9,11,6,5,0,0,0,0,0,0,2,0,2,3,1,2,0,0,0
58122405,198,108,90,196,108,88,8,4,4,20,9,11,1,0,1,2,0,2,172,74,98,65,29,36,0,0,0,7,0,7,26,13,13,74,32,42,4,3,1
58123201,107,58,49,105,57,48,4,1,3,6,2,4,0,0,0,2,1,1,101,38,63,34,8,26,0,0,0,5,0,5,21,12,9,41,18,23,0,0,0
58125901,1147,601,546,1123,590,533,35,19,16,144,74,70,7,0,7,24,11,13,959,418,541,503,199,304,0,0,0,38,0,38,137,74,63,281,145,136,6,2,4
58125902,390,226,164,366,214,152,22,11,11,33,18,15,4,0,4,24,12,12,322,132,190,133,54,79,1,1,0,20,0,20,63,28,35,105,49,56,18,14,4
58125903,83,48,35,82,47,35,5,3,2,10,7,3,2,0,2,1,1,0,56,26,30,27,12,15,0,0,0,1,0,1,10,4,6,18,10,8,0,0,0
58125904,44,27,17,40,24,16,2,2,0,5,5,0,0,0,0,4,3,1,38,19,19,9,3,6,0,0,0,2,0,2,8,7,1,19,9,10,3,1,2
58125905,232,132,100,229,132,97,9,2,7,26,17,9,1,0,1,3,0,3,190,82,108,56,28,28,1,1,0,19,0,19,47,20,27,67,33,34,1,0,1
58125906,411,234,177,393,223,170,14,7,7,53,34,19,0,0,0,18,11,7,491,191,300,277,91,186,0,0,0,17,0,17,53,22,31,144,78,66,0,0,0
58125907,17,9,8,17,9,8,0,0,0,1,1,0,0,0,0,0,0,0,18,10,8,7,4,3,0,0,0,1,0,1,6,4,2,4,2,2,1,0,1
58125909,55,38,17,55,38,17,2,2,0,10,7,3,0,0,0,0,0,0,76,30,46,32,12,20,0,0,0,8,0,8,15,7,8,21,11,10,0,0,0
58125910,661,342,319,648,337,311,27,16,11,63,26,37,11,0,11,13,5,8,563,254,309,245,96,149,1,1,0,25,0,25,98,51,47,194,106,88,6,3,3
58126701,19,12,7,18,12,6,1,1,0,1,1,0,0,0,0,1,0,1,20,7,13,4,1,3,0,0,0,1,0,1,7,2,5,8,4,4,0,0,0
58126702,92,52,40,92,52,40,4,2,2,6,4,2,0,0,0,0,0,0,160,105,55,111,85,26,0,0,0,5,0,5,18,8,10,26,12,14,1,0,1
58127501,500,273,227,479,262,217,22,9,13,31,16,15,9,0,9,21,11,10,469,210,259,157,71,86,1,1,0,35,0,35,105,58,47,171,80,91,2,1,1
53064601,129,69,60,127,68,59,6,4,2,10,4,6,1,0,1,2,1,1,112,58,54,49,24,25,0,0,0,6,0,6,18,12,6,39,22,17,0,0,0
53065402,26,14,12,25,13,12,0,0,0,6,2,4,1,0,1,1,1,0,25,11,14,14,6,8,0,0,0,0,0,0,5,2,3,6,3,3,0,0,0
53065403,113,62,51,109,60,49,5,0,5,7,2,5,0,0,0,4,2,2,84,34,50,15,6,9,0,0,0,8,0,8,29,14,15,32,14,18,1,1,0
53066201,89,47,42,87,47,40,6,2,4,6,3,3,1,0,1,2,0,2,54,22,32,24,12,12,0,0,0,2,0,2,10,4,6,18,6,12,2,1,1
54619401,70,40,30,68,40,28,3,1,2,5,5,0,0,0,0,2,0,2,51,20,31,26,10,16,0,0,0,1,0,1,6,3,3,18,7,11,0,0,0
54621601,113,56,57,112,56,56,3,2,1,13,5,8,1,0,1,1,0,1,111,56,55,51,25,26,1,0,1,3,0,3,14,10,4,42,21,21,2,1,1
54818901,99,58,41,92,54,38,2,1,1,15,8,7,2,0,2,7,4,3,98,40,58,53,22,31,0,0,0,2,0,2,14,5,9,29,13,16,0,0,0
54819701,33,17,16,30,16,14,0,0,0,4,3,1,1,0,1,3,1,2,32,14,18,21,9,12,0,0,0,0,0,0,4,2,2,7,3,4,1,0,1
54824301,32,24,8,31,23,8,1,1,0,5,4,1,0,0,0,1,1,0,35,16,19,25,9,16,0,0,0,1,0,1,4,2,2,5,5,0,1,0,1
54825101,60,34,26,58,33,25,2,0,2,9,4,5,0,0,0,2,1,1,63,30,33,44,19,25,0,0,0,2,0,2,8,4,4,9,7,2,0,0,0
54826001,90,53,37,88,51,37,2,2,0,10,7,3,1,0,1,2,2,0,64,36,28,33,17,16,0,0,0,3,0,3,13,8,5,15,11,4,1,1,0
54827801,72,39,33,70,38,32,1,0,1,9,6,3,1,0,1,2,1,1,96,40,56,62,23,39,0,0,0,2,0,2,12,4,8,20,13,7,0,0,0
54828601,27,16,11,27,16,11,0,0,0,4,1,3,0,0,0,0,0,0,35,16,19,17,8,9,0,0,0,3,0,3,4,2,2,11,6,5,0,0,0
54828602,137,78,59,134,76,58,7,4,3,6,3,3,0,0,0,3,2,1,124,53,71,53,25,28,0,0,0,7,0,7,26,7,19,38,21,17,0,0,0
54828603,12,7,5,12,7,5,0,0,0,0,0,0,0,0,0,0,0,0,11,4,7,7,2,5,0,0,0,0,0,0,2,2,0,2,0,2,0,0,0
54828604,47,25,22,46,24,22,4,3,1,3,1,2,0,0,0,1,1,0,38,19,19,15,7,8,1,1,0,1,0,1,3,0,3,18,11,7,0,0,0
54830801,58,34,24,57,34,23,5,2,3,4,4,0,0,0,0,1,0,1,60,32,28,32,15,17,0,0,0,4,0,4,10,9,1,14,8,6,0,0,0
54830802,17,11,6,17,11,6,0,0,0,1,1,0,0,0,0,0,0,0,11,7,4,1,0,1,0,0,0,1,0,1,6,5,1,3,2,1,0,0,0
54831601,112,70,42,109,70,39,6,3,3,10,7,3,0,0,0,3,0,3,109,47,62,38,15,23,0,0,0,9,0,9,26,17,9,36,15,21,3,2,1
54832401,40,23,17,39,23,16,0,0,0,5,3,2,0,0,0,1,0,1,46,22,24,26,11,15,0,0,0,1,0,1,7,5,2,12,6,6,4,1,3
54834101,32,20,12,30,19,11,1,1,0,4,2,2,0,0,0,2,1,1,34,17,17,13,6,7,1,1,0,2,0,2,6,5,1,12,5,7,1,1,0
54835901,82,48,34,81,47,34,10,5,5,14,7,7,1,0,1,1,1,0,64,25,39,19,8,11,1,0,1,8,0,8,20,9,11,16,8,8,0,0,0
54837501,39,20,19,36,17,19,1,1,0,3,2,1,1,0,1,3,3,0,47,22,25,31,15,16,0,0,0,1,0,1,6,3,3,9,4,5,1,0,1
54841301,61,36,25,58,34,24,1,1,0,9,5,4,1,0,1,3,2,1,56,24,32,31,16,15,0,0,0,3,0,3,7,4,3,15,4,11,0,0,0
54842101,89,50,39,87,48,39,2,1,1,11,5,6,3,0,3,2,2,0,79,36,43,44,22,22,0,0,0,3,0,3,9,5,4,23,9,14,0,0,0
54842102,54,30,24,53,30,23,4,2,2,6,3,3,0,0,0,1,0,1,59,24,35,32,14,18,2,2,0,5,0,5,10,4,6,10,4,6,0,0,0
54843001,99,55,44,95,52,43,2,0,2,8,4,4,1,0,1,4,3,1,124,62,62,79,34,45,0,0,0,2,0,2,12,8,4,31,20,11,2,1,1
54844801,45,25,20,40,23,17,2,1,1,7,5,2,0,0,0,5,2,3,47,16,31,20,7,13,0,0,0,6,0,6,14,7,7,7,2,5,0,0,0
54848101,13,9,4,12,8,4,0,0,0,2,2,0,0,0,0,1,1,0,12,6,6,4,1,3,0,0,0,1,0,1,2,2,0,5,3,2,0,0,0
54848102,13,8,5,12,8,4,0,0,0,1,1,0,0,0,0,1,0,1,16,7,9,13,7,6,1,0,1,1,0,1,1,0,1,0,0,0,0,0,0
54849901,12,9,3,12,9,3,1,0,1,2,2,0,0,0,0,0,0,0,29,12,17,17,5,12,0,0,0,1,0,1,4,3,1,7,4,3,0,0,0
54852901,93,42,51,92,41,51,5,0,5,7,3,4,2,0,2,1,1,0,83,39,44,27,10,17,0,0,0,2,0,2,24,12,12,30,17,13,1,0,1
54853701,30,14,16,29,13,16,6,2,4,2,1,1,0,0,0,1,1,0,18,10,8,8,5,3,0,0,0,1,0,1,4,2,2,5,3,2,0,0,0
54855301,62,40,22,61,40,21,0,0,0,5,2,3,1,0,1,1,0,1,50,23,27,20,9,11,0,0,0,2,0,2,6,2,4,22,12,10,1,1,0
54857001,56,35,21,53,35,18,2,1,1,5,4,1,0,0,0,3,0,3,53,26,27,29,13,16,0,0,0,3,0,3,8,7,1,13,6,7,0,0,0
54858801,128,73,55,126,73,53,3,2,1,15,7,8,1,0,1,2,0,2,119,49,70,38,14,24,0,0,0,9,0,9,25,14,11,47,21,26,1,1,0
54858802,12,8,4,12,8,4,0,0,0,3,3,0,0,0,0,0,0,0,14,4,10,7,2,5,0,0,0,0,0,0,0,0,0,7,2,5,0,0,0
54859602,19,9,10,19,9,10,1,1,0,2,0,2,0,0,0,0,0,0,30,13,17,24,11,13,0,0,0,0,0,0,0,0,0,6,2,4,2,2,0
54861801,23,12,11,23,12,11,3,0,3,2,1,1,0,0,0,0,0,0,26,13,13,17,8,9,0,0,0,0,0,0,2,0,2,7,5,2,2,0,2
54861802,26,15,11,22,13,9,2,2,0,2,1,1,0,0,0,4,2,2,31,14,17,21,10,11,0,0,0,0,0,0,5,2,3,5,2,3,1,0,1
54862601,27,12,15,27,12,15,0,0,0,3,0,3,0,0,0,0,0,0,42,18,24,21,10,11,0,0,0,3,0,3,6,4,2,12,4,8,0,0,0
54863402,20,16,4,20,16,4,0,0,0,1,1,0,0,0,0,0,0,0,32,13,19,19,8,11,0,0,0,3,0,3,5,2,3,5,3,2,0,0,0
54863403,26,19,7,25,18,7,0,0,0,5,5,0,1,0,1,1,1,0,51,23,28,24,10,14,0,0,0,3,0,3,11,6,5,13,7,6,1,0,1
55526601,265,148,117,258,145,113,10,3,7,24,13,11,0,0,0,7,3,4,237,100,137,89,38,51,0,0,0,12,0,12,47,22,25,89,40,49,2,2,0
55526602,15,10,5,15,10,5,0,0,0,2,1,1,0,0,0,0,0,0,11,7,4,3,2,1,0,0,0,3,0,3,3,3,0,2,2,0,0,0,0
56841401,39,21,18,37,20,17,0,0,0,5,1,4,0,0,0,2,1,1,31,16,15,20,11,9,0,0,0,0,0,0,1,0,1,10,5,5,0,0,0
56841402,25,12,13,25,12,13,0,0,0,0,0,0,0,0,0,0,0,0,29,11,18,18,8,10,0,0,0,0,0,0,5,0,5,6,3,3,0,0,0
56841403,211,117,94,203,114,89,5,1,4,25,12,13,1,0,1,8,3,5,221,100,121,91,37,54,0,0,0,9,0,9,36,15,21,85,48,37,0,0,0
56841404,51,29,22,48,28,20,2,1,1,6,3,3,1,0,1,3,1,2,44,22,22,21,9,12,0,0,0,2,0,2,7,5,2,14,8,6,0,0,0
56841405,216,119,97,211,115,96,7,3,4,18,9,9,0,0,0,5,4,1,178,89,89,70,35,35,1,0,1,10,0,10,32,17,15,65,37,28,1,0,1
56841406,12,8,4,12,8,4,0,0,0,2,2,0,0,0,0,0,0,0,13,4,9,11,3,8,0,0,0,0,0,0,1,0,1,1,1,0,0,0,0
56841407,36,23,13,36,23,13,3,2,1,3,2,1,0,0,0,0,0,0,31,13,18,19,8,11,0,0,0,2,0,2,5,2,3,5,3,2,0,0,0
56841409,64,34,30,63,33,30,2,1,1,3,2,1,0,0,0,1,1,0,68,34,34,25,12,13,1,0,1,2,0,2,11,6,5,29,16,13,0,0,0
56841410,35,20,15,35,20,15,3,2,1,2,2,0,0,0,0,0,0,0,26,17,9,10,5,5,0,0,0,1,0,1,3,3,0,12,9,3,0,0,0
56841411,47,28,19,46,27,19,1,1,0,3,1,2,0,0,0,1,1,0,39,19,20,23,10,13,0,0,0,0,0,0,2,1,1,14,8,6,0,0,0
56841412,113,64,49,111,64,47,3,3,0,7,3,4,1,0,1,2,0,2,121,57,64,41,17,24,1,0,1,6,0,6,21,13,8,52,27,25,0,0,0
56841413,32,19,13,32,19,13,4,3,1,6,3,3,0,0,0,0,0,0,42,20,22,18,10,8,0,0,0,2,0,2,5,2,3,17,8,9,0,0,0
56841414,69,40,29,67,39,28,5,3,2,7,3,4,0,0,0,2,1,1,56,28,28,16,9,7,0,0,0,6,0,6,13,6,7,21,13,8,1,0,1
56841415,125,67,58,121,64,57,8,5,3,15,2,13,2,0,2,4,3,1,85,33,52,36,13,23,0,0,0,4,0,4,18,10,8,27,10,17,2,1,1
56841416,33,20,13,30,19,11,1,1,0,2,2,0,0,0,0,3,1,2,38,14,24,17,3,14,0,0,0,3,0,3,8,6,2,10,5,5,0,0,0
56841417,160,82,78,157,80,77,10,4,6,23,8,15,0,0,0,3,2,1,131,70,61,60,29,31,0,0,0,4,0,4,23,11,12,44,30,14,0,0,0
56841418,129,69,60,121,65,56,6,3,3,13,3,10,0,0,0,8,4,4,121,61,60,47,23,24,0,0,0,3,0,3,25,13,12,46,25,21,1,0,1
56841419,206,109,97,205,109,96,12,3,9,23,8,15,1,0,1,1,0,1,221,99,122,131,55,76,1,1,0,6,0,6,28,17,11,55,26,29,2,0,2
56841420,885,502,383,834,468,366,22,12,10,135,58,77,3,0,3,51,34,17,833,365,468,451,187,264,1,1,0,31,1,30,133,68,65,217,108,109,81,56,25
56841421,165,94,71,162,91,71,5,2,3,27,14,13,2,0,2,3,3,0,141,57,84,70,25,45,0,0,0,6,0,6,22,13,9,43,19,24,0,0,0
56841423,601,307,294,587,304,283,25,9,16,46,23,23,10,0,10,14,3,11,469,201,268,109,42,67,0,0,0,35,0,35,136,61,75,189,98,91,8,4,4
56841424,885,449,436,861,435,426,29,16,13,129,60,69,10,1,9,24,14,10,729,323,406,376,154,222,4,3,1,33,0,33,128,69,59,188,97,91,10,6,4
56841425,1315,702,613,1290,689,601,51,24,27,173,85,88,8,0,8,25,13,12,1132,481,651,592,240,352,4,2,2,41,2,39,170,82,88,325,155,170,23,15,8
56841426,588,300,288,578,295,283,24,10,14,63,20,43,9,0,9,10,5,5,529,206,323,273,95,178,1,0,1,30,1,29,95,54,41,130,56,74,9,4,5
56841429,778,414,364,763,404,359,36,19,17,90,53,37,5,0,5,15,10,5,894,367,527,540,187,353,2,0,2,25,0,25,101,58,43,226,122,104,7,3,4
56841430,187,93,94,185,93,92,4,3,1,33,11,22,1,0,1,2,0,2,145,72,73,65,29,36,0,0,0,8,1,7,28,16,12,44,26,18,3,0,3
56841431,38,18,20,38,18,20,4,1,3,5,2,3,1,0,1,0,0,0,37,16,21,21,9,12,0,0,0,1,0,1,6,3,3,9,4,5,0,0,0
56841432,560,296,264,550,291,259,24,11,13,96,55,41,4,0,4,10,5,5,491,227,264,269,110,159,0,0,0,20,2,18,65,38,27,137,77,60,0,0,0
56841433,93,51,42,74,39,35,6,3,3,10,4,6,0,0,0,19,12,7,197,120,77,171,107,64,0,0,0,1,0,1,13,6,7,12,7,5,2,0,2
56841434,730,379,351,710,370,340,22,9,13,83,43,40,8,0,8,20,9,11,592,239,353,281,103,178,0,0,0,31,0,31,107,57,50,173,79,94,21,12,9
56841435,459,233,226,449,227,222,18,11,7,68,31,37,0,0,0,10,6,4,444,208,236,233,103,130,2,1,1,21,1,20,71,38,33,117,65,52,1,0,1
56841436,97,59,38,94,56,38,1,0,1,11,7,4,1,0,1,3,3,0,101,52,49,42,19,23,0,0,0,5,1,4,15,10,5,39,22,17,1,0,1
56841437,458,247,211,449,244,205,20,11,9,44,20,24,1,0,1,9,3,6,393,174,219,217,95,122,2,2,0,19,0,19,57,24,33,98,53,45,11,3,8
56841438,432,233,199,414,224,190,16,6,10,54,26,28,2,0,2,18,9,9,382,176,206,195,79,116,1,1,0,11,0,11,51,33,18,124,63,61,3,1,2
56841439,1209,633,576,1181,619,562,47,25,22,125,53,72,9,0,9,28,14,14,1039,401,638,566,199,367,1,1,0,44,0,44,160,69,91,268,132,136,15,6,9
56841440,480,253,227,470,248,222,6,4,2,76,32,44,4,0,4,10,5,5,393,158,235,227,81,146,0,0,0,22,2,20,50,27,23,94,48,46,4,2,2
56841441,168,110,58,166,108,58,4,3,1,20,11,9,0,0,0,2,2,0,107,43,64,38,17,21,0,0,0,7,0,7,17,12,5,45,14,31,1,0,1
56841442,224,117,107,216,113,103,2,0,2,22,8,14,0,0,0,8,4,4,120,62,58,55,28,27,0,0,0,4,0,4,17,9,8,44,25,19,2,1,1
56841443,59,31,28,57,31,26,4,3,1,5,4,1,0,0,0,2,0,2,34,17,17,16,9,7,0,0,0,0,0,0,5,4,1,13,4,9,0,0,0
56845701,90,59,31,88,58,30,5,2,3,9,6,3,0,0,0,2,1,1,84,33,51,39,16,23,0,0,0,7,0,7,24,10,14,14,7,7,0,0,0
56845702,26,16,10,25,16,9,0,0,0,3,2,1,0,0,0,1,0,1,36,12,24,15,5,10,0,0,0,4,0,4,9,3,6,8,4,4,0,0,0
56845703,33,19,14,32,19,13,1,0,1,4,3,1,0,0,0,1,0,1,20,7,13,9,3,6,0,0,0,1,0,1,4,2,2,6,2,4,1,1,0
56846501,21,11,10,21,11,10,0,0,0,2,0,2,1,0,1,0,0,0,30,14,16,16,9,7,0,0,0,3,0,3,7,2,5,4,3,1,0,0,0
56846502,39,23,16,39,23,16,0,0,0,6,3,3,0,0,0,0,0,0,34,13,21,18,7,11,0,0,0,2,0,2,4,0,4,10,6,4,0,0,0
56849001,74,44,30,74,44,30,4,3,1,6,3,3,0,0,0,0,0,0,85,42,43,48,23,25,1,0,1,1,0,1,13,9,4,22,10,12,2,1,1
56850301,33,19,14,32,18,14,0,0,0,4,3,1,1,0,1,1,1,0,34,13,21,14,6,8,0,0,0,1,0,1,9,5,4,10,2,8,0,0,0
56850302,521,293,228,510,289,221,17,6,11,56,25,31,4,0,4,11,4,7,451,205,246,169,70,99,0,0,0,31,0,31,96,58,38,155,77,78,8,1,7
56852001,82,47,35,77,43,34,5,0,5,9,4,5,0,0,0,5,4,1,66,29,37,39,16,23,0,0,0,4,0,4,10,3,7,13,10,3,1,0,1
56852002,22,13,9,20,13,7,0,0,0,4,3,1,0,0,0,2,0,2,26,12,14,12,5,7,0,0,0,1,0,1,4,2,2,9,5,4,1,0,1
56852003,17,13,4,17,13,4,0,0,0,3,2,1,0,0,0,0,0,0,18,8,10,11,5,6,0,0,0,1,0,1,3,1,2,3,2,1,0,0,0
56852004,39,23,16,38,22,16,0,0,0,4,3,1,2,0,2,1,1,0,30,11,19,9,5,4,0,0,0,0,0,0,5,1,4,16,5,11,0,0,0
56852005,14,11,3,14,11,3,0,0,0,0,0,0,0,0,0,0,0,0,18,6,12,8,2,6,0,0,0,3,0,3,6,3,3,1,1,0,0,0,0
56853801,216,117,99,215,116,99,8,2,6,27,10,17,2,0,2,1,1,0,206,89,117,98,43,55,0,0,0,11,0,11,32,17,15,65,29,36,3,2,1
56859701,204,119,85,199,115,84,5,1,4,26,17,9,7,0,7,5,4,1,174,75,99,73,30,43,0,0,0,8,0,8,28,15,13,65,30,35,0,0,0
56859702,16,8,8,15,7,8,0,0,0,3,1,2,0,0,0,1,1,0,11,3,8,8,2,6,0,0,0,0,0,0,0,0,0,3,1,2,0,0,0
56860101,368,211,157,358,207,151,17,8,9,41,17,24,2,0,2,10,4,6,376,175,201,182,90,92,1,1,0,26,0,26,67,33,34,100,51,49,3,1,2
56860103,20,14,6,20,14,6,1,1,0,4,3,1,0,0,0,0,0,0,37,13,24,29,11,18,0,0,0,1,0,1,3,1,2,4,1,3,0,0,0
56860104,20,11,9,19,11,8,2,0,2,2,1,1,0,0,0,1,0,1,18,5,13,8,0,8,0,0,0,0,0,0,2,0,2,8,5,3,0,0,0
56860105,29,15,14,27,14,13,0,0,0,3,2,1,0,0,0,2,1,1,34,17,17,23,10,13,0,0,0,1,0,1,3,2,1,7,5,2,0,0,0
56861901,99,52,47,97,52,45,7,3,4,13,7,6,1,0,1,2,0,2,72,29,43,28,11,17,0,0,0,5,0,5,16,5,11,23,13,10,0,0,0
56863502,1189,656,533,1134,630,504,42,18,24,148,78,70,9,0,9,55,26,29,1058,465,593,514,214,300,1,1,0,51,0,51,176,92,84,316,158,158,21,12,9
56863504,35,17,18,32,16,16,4,0,4,5,3,2,1,0,1,3,1,2,28,10,18,12,5,7,0,0,0,3,0,3,7,4,3,6,1,5,1,1,0
56863505,27,14,13,25,14,11,0,0,0,2,2,0,0,0,0,2,0,2,25,15,10,20,12,8,0,0,0,0,0,0,2,2,0,3,1,2,0,0,0
56863507,27,15,12,27,15,12,2,2,0,4,3,1,0,0,0,0,0,0,32,11,21,21,6,15,0,0,0,1,0,1,1,0,1,9,5,4,1,0,1
56863508,9,6,3,9,6,3,0,0,0,0,0,0,0,0,0,0,0,0,12,5,7,8,3,5,0,0,0,0,0,0,1,1,0,3,1,2,0,0,0
56863509,34,21,13,34,21,13,1,0,1,4,2,2,0,0,0,0,0,0,40,13,27,26,8,18,0,0,0,1,0,1,3,1,2,10,4,6,2,1,1
56863510,28,16,12,25,14,11,2,0,2,5,4,1,0,0,0,3,2,1,24,11,13,19,9,10,1,0,1,1,0,1,1,1,0,2,1,1,0,0,0
56865101,10,8,2,8,6,2,0,0,0,4,4,0,0,0,0,2,2,0,17,7,10,9,4,5,0,0,0,1,0,1,3,0,3,4,3,1,0,0,0
56865102,60,36,24,58,36,22,1,1,0,14,12,2,1,0,1,2,0,2,102,71,31,75,60,15,0,0,0,5,0,5,13,6,7,9,5,4,1,1,0
56865103,43,26,17,42,26,16,0,0,0,4,2,2,0,0,0,1,0,1,53,25,28,36,16,20,0,0,0,2,0,2,6,3,3,9,6,3,1,1,0
56865104,505,287,218,489,278,211,21,11,10,56,23,33,1,0,1,16,9,7,476,201,275,213,84,129,1,0,1,22,0,22,72,28,44,168,89,79,2,1,1
56866001,446,250,196,436,244,192,13,5,8,55,28,27,6,0,6,10,6,4,440,194,246,196,84,112,1,1,0,22,0,22,81,41,40,140,68,72,6,4,2
56866002,27,18,9,26,17,9,1,1,0,3,2,1,0,0,0,1,1,0,27,8,19,11,2,9,0,0,0,2,0,2,7,3,4,7,3,4,0,0,0
56866003,7,5,2,6,4,2,0,0,0,0,0,0,0,0,0,1,1,0,13,7,6,8,5,3,0,0,0,1,0,1,1,0,1,3,2,1,0,0,0
56867801,312,174,138,305,171,134,13,2,11,39,19,20,3,0,3,7,3,4,273,128,145,121,55,66,0,0,0,18,0,18,43,20,23,91,53,38,4,2,2
56867802,23,11,12,22,11,11,0,0,0,6,3,3,0,0,0,1,0,1,34,14,20,19,8,11,0,0,0,1,0,1,3,1,2,11,5,6,0,0,0
56867803,31,21,10,31,21,10,0,0,0,2,2,0,0,0,0,0,0,0,35,12,23,25,10,15,0,0,0,1,0,1,3,0,3,6,2,4,0,0,0
56867804,68,34,34,67,34,33,2,1,1,11,6,5,0,0,0,1,0,1,65,30,35,37,19,18,0,0,0,2,0,2,12,5,7,14,6,8,0,0,0
56867805,11,5,6,10,4,6,0,0,0,2,1,1,0,0,0,1,1,0,10,6,4,8,5,3,0,0,0,0,0,0,0,0,0,2,1,1,0,0,0
56867806,52,27,25,51,26,25,1,1,0,4,3,1,0,0,0,1,1,0,29,12,17,19,9,10,0,0,0,0,0,0,1,0,1,9,3,6,0,0,0
56867807,41,24,17,41,24,17,2,0,2,6,4,2,0,0,0,0,0,0,27,12,15,15,6,9,0,0,0,1,0,1,3,3,0,8,3,5,0,0,0
56867808,37,22,15,37,22,15,1,0,1,5,4,1,0,0,0,0,0,0,27,15,12,17,10,7,1,0,1,1,0,1,1,0,1,7,5,2,0,0,0
0400700,0,0,0,0,0,0,0,0,0,0,0,0,0,0,0,0,0,0,0,0,0,0,0,0,0,0,0,0,0,0,0,0,0,0,0,0,0,0,0
56869401,6,3,3,6,3,3,1,0,1,1,1,0,0,0,0,0,0,0,17,10,7,8,5,3,0,0,0,1,0,1,4,2,2,4,3,1,1,0,1
56869402,202,116,86,196,114,82,7,3,4,29,16,13,4,0,4,6,2,4,177,76,101,83,39,44,0,0,0,11,0,11,37,17,20,46,20,26,1,1,0
56869403,45,31,14,44,30,14,4,3,1,8,6,2,1,0,1,1,1,0,24,6,18,14,2,12,0,0,0,0,0,0,2,0,2,8,4,4,0,0,0
56869404,35,19,16,32,18,14,1,1,0,5,4,1,1,0,1,3,1,2,29,14,15,12,4,8,0,0,0,0,0,0,6,2,4,11,8,3,0,0,0
56869406,41,26,15,39,25,14,2,1,1,6,3,3,0,0,0,2,1,1,35,16,19,19,8,11,0,0,0,1,0,1,1,1,0,14,7,7,1,0,1
0431502,0,0,0,0,0,0,0,0,0,0,0,0,0,0,0,0,0,0,0,0,0,0,0,0,0,0,0,0,0,0,0,0,0,0,0,0,0,0,0
56870801,239,139,100,234,138,96,10,5,5,33,20,13,4,0,4,5,1,4,224,105,119,71,31,40,0,0,0,17,0,17,60,28,32,76,46,30,5,4,1
56870803,26,14,12,26,14,12,1,0,1,1,0,1,0,0,0,0,0,0,17,9,8,6,3,3,0,0,0,1,0,1,7,4,3,3,2,1,0,0,0
56870804,25,16,9,25,16,9,1,1,0,0,0,0,0,0,0,0,0,0,33,10,23,8,3,5,0,0,0,4,0,4,10,3,7,11,4,7,0,0,0
56872401,12,7,5,11,6,5,0,0,0,1,0,1,0,0,0,1,1,0,18,5,13,4,1,3,0,0,0,3,0,3,8,2,6,3,2,1,0,0,0
56872402,90,53,37,87,52,35,2,1,1,12,6,6,1,0,1,3,1,2,74,35,39,32,13,19,0,0,0,1,0,1,14,8,6,27,14,13,2,2,0
56872403,25,14,11,22,13,9,0,0,0,5,2,3,0,0,0,3,1,2,18,8,10,15,7,8,0,0,0,1,0,1,1,1,0,1,0,1,0,0,0
0529140,0,0,0,0,0,0,0,0,0,0,0,0,0,0,0,0,0,0,0,0,0,0,0,0,0,0,0,0,0,0,0,0,0,0,0,0,0,0,0
1359842,0,0,0,0,0,0,0,0,0,0,0,0,0,0,0,0,0,0,0,0,0,0,0,0,0,0,0,0,0,0,0,0,0,0,0,0,0,0,0
56875901,127,77,50,119,72,47,6,1,5,16,8,8,0,0,0,8,5,3,137,64,73,69,28,41,0,0,0,8,0,8,24,12,12,36,24,12,2,1,1
56875902,32,15,17,31,15,16,2,0,2,7,3,4,0,0,0,1,0,1,37,15,22,23,9,14,0,0,0,1,0,1,3,2,1,10,4,6,0,0,0
56875904,54,32,22,50,30,20,4,3,1,7,4,3,0,0,0,4,2,2,59,27,32,37,14,23,0,0,0,1,0,1,6,4,2,15,9,6,0,0,0
56875905,65,36,29,64,36,28,3,2,1,18,8,10,1,0,1,1,0,1,71,34,37,36,19,17,0,0,0,5,0,5,6,3,3,24,12,12,0,0,0
56875906,38,23,15,36,23,13,0,0,0,3,1,2,0,0,0,2,0,2,36,19,17,21,12,9,0,0,0,1,0,1,1,0,1,13,7,6,0,0,0
56875907,45,24,21,45,24,21,2,0,2,11,4,7,0,0,0,0,0,0,46,24,22,23,11,12,0,0,0,3,0,3,5,1,4,15,12,3,0,0,0
56875908,79,43,36,77,41,36,4,1,3,5,2,3,1,0,1,2,2,0,60,26,34,28,12,16,0,0,0,2,0,2,13,7,6,17,7,10,0,0,0
56875909,14,9,5,14,9,5,0,0,0,6,3,3,0,0,0,0,0,0,9,6,3,8,5,3,0,0,0,0,0,0,0,0,0,1,1,0,0,0,0
56875910,49,26,23,46,25,21,1,0,1,3,0,3,0,0,0,3,1,2,52,22,30,25,13,12,0,0,0,4,0,4,12,5,7,11,4,7,0,0,0
56875911,140,86,54,137,86,51,5,2,3,22,13,9,2,0,2,3,0,3,95,37,58,41,14,27,0,0,0,8,0,8,20,10,10,26,13,13,0,0,0
56875912,310,167,143,300,160,140,9,3,6,38,21,17,2,0,2,10,7,3,357,159,198,192,78,114,0,0,0,8,0,8,32,15,17,125,66,59,3,1,2
56875913,206,115,91,203,115,88,7,2,5,38,19,19,1,0,1,3,0,3,170,65,105,97,39,58,1,1,0,6,0,6,16,4,12,50,21,29,0,0,0
56875914,390,206,184,381,202,179,10,4,6,45,18,27,5,0,5,9,4,5,336,153,183,134,60,74,0,0,0,9,0,9,59,28,31,134,65,69,6,2,4
56875916,21,14,7,21,14,7,0,0,0,3,2,1,0,0,0,0,0,0,18,10,8,7,4,3,0,0,0,0,0,0,5,2,3,6,4,2,0,0,0
56875917,298,167,131,287,164,123,18,9,9,47,28,19,0,0,0,11,3,8,334,138,196,224,92,132,1,1,0,13,0,13,32,17,15,64,28,36,1,0,1
56875918,125,69,56,124,68,56,2,1,1,7,2,5,0,0,0,1,1,0,122,55,67,2,1,1,0,0,0,12,0,12,35,17,18,73,37,36,0,0,0
56875921,17,13,4,17,13,4,0,0,0,1,0,1,0,0,0,0,0,0,11,5,6,8,3,5,0,0,0,0,0,0,1,0,1,2,2,0,0,0,0
56875922,751,430,321,700,408,292,33,19,14,100,53,47,7,0,7,51,22,29,722,296,426,353,123,230,1,0,1,35,0,35,130,68,62,203,105,98,37,19,18
56875923,15,10,5,15,10,5,0,0,0,1,0,1,0,0,0,0,0,0,23,8,15,10,3,7,0,0,0,1,0,1,4,0,4,8,5,3,0,0,0
56875924,669,371,298,654,367,287,24,10,14,99,58,41,6,0,6,15,4,11,808,345,463,482,199,283,1,0,1,30,1,29,98,50,48,197,95,102,5,3,2
56875927,988,526,462,965,514,451,43,26,17,106,57,49,10,0,10,23,12,11,790,329,461,371,146,225,1,1,0,35,1,34,139,64,75,244,117,127,7,5,2
56876701,57,31,26,54,29,25,1,0,1,9,4,5,0,0,0,3,2,1,56,31,25,32,15,17,0,0,0,2,0,2,5,4,1,17,12,5,1,1,0
56878301,21,10,11,21,10,11,1,0,1,3,1,2,0,0,0,0,0,0,17,6,11,4,3,1,1,0,1,1,0,1,4,1,3,7,2,5,0,0,0
56878302,24,13,11,23,13,10,5,1,4,0,0,0,0,0,0,1,0,1,20,12,8,10,6,4,0,0,0,0,0,0,2,2,0,8,4,4,1,1,0
56880501,22,14,8,21,13,8,0,0,0,3,2,1,0,0,0,1,1,0,26,11,15,18,8,10,0,0,0,0,0,0,0,0,0,8,3,5,0,0,0
56880502,77,46,31,76,46,30,1,0,1,8,6,2,0,0,0,1,0,1,69,31,38,47,25,22,0,0,0,2,0,2,4,1,3,16,5,11,2,1,1
56880504,24,10,14,23,10,13,0,0,0,5,3,2,0,0,0,1,0,1,30,16,14,19,10,9,0,0,0,1,0,1,3,3,0,7,3,4,0,0,0
56882101,34,21,13,34,21,13,1,1,0,2,1,1,1,0,1,0,0,0,36,20,16,18,8,10,0,0,0,1,0,1,6,5,1,11,7,4,0,0,0
56882102,152,80,72,148,79,69,5,2,3,22,11,11,0,0,0,4,1,3,111,47,64,59,21,38,0,0,0,4,0,4,16,8,8,32,18,14,1,1,0
56882103,20,10,10,19,10,9,0,0,0,0,0,0,0,0,0,1,0,1,25,11,14,15,9,6,0,0,0,0,0,0,2,1,1,8,1,7,1,1,0
56884801,130,76,54,122,74,48,6,3,3,18,9,9,1,0,1,8,2,6,128,56,72,58,24,34,2,2,0,11,0,11,23,14,9,34,16,18,1,0,1
56885601,29,18,11,29,18,11,0,0,0,1,1,0,0,0,0,0,0,0,48,22,26,32,12,20,0,0,0,1,0,1,3,3,0,12,7,5,0,0,0
56885603,18,13,5,17,13,4,0,0,0,2,2,0,0,0,0,1,0,1,18,7,11,12,5,7,0,0,0,0,0,0,1,1,0,5,1,4,0,0,0
56888101,88,46,42,87,45,42,6,2,4,18,8,10,1,0,1,1,1,0,68,32,36,34,19,15,0,0,0,4,0,4,9,4,5,21,9,12,1,1,0
56889901,37,20,17,36,19,17,2,0,2,3,1,2,0,0,0,1,1,0,44,20,24,20,7,13,0,0,0,2,0,2,8,6,2,14,7,7,0,0,0
56889902,12,5,7,12,5,7,0,0,0,2,0,2,0,0,0,0,0,0,8,5,3,6,4,2,0,0,0,0,0,0,1,0,1,1,1,0,0,0,0
56889903,13,10,3,12,9,3,0,0,0,1,0,1,0,0,0,1,1,0,11,3,8,7,2,5,0,0,0,0,0,0,3,1,2,1,0,1,0,0,0
56889905,37,18,19,37,18,19,2,0,2,3,1,2,1,0,1,0,0,0,38,13,25,21,7,14,0,0,0,0,0,0,3,2,1,14,4,10,0,0,0
56890201,83,49,34,77,46,31,4,1,3,10,5,5,0,0,0,6,3,3,56,24,32,32,13,19,0,0,0,3,0,3,5,4,1,16,7,9,1,1,0
56890203,320,179,141,310,174,136,8,6,2,41,18,23,3,0,3,10,5,5,258,110,148,120,43,77,2,2,0,13,0,13,51,26,25,72,39,33,0,0,0
56890204,37,21,16,35,20,15,1,0,1,7,4,3,0,0,0,2,1,1,45,19,26,17,9,8,0,0,0,5,0,5,9,0,9,14,10,4,0,0,0
56892901,25,18,7,25,18,7,0,0,0,2,2,0,0,0,0,0,0,0,24,9,15,14,5,9,0,0,0,2,0,2,4,3,1,4,1,3,0,0,0
56892903,39,21,18,37,20,17,2,0,2,2,1,1,0,0,0,2,1,1,44,20,24,28,14,14,0,0,0,2,0,2,3,1,2,11,5,6,0,0,0
56892904,26,14,12,25,13,12,1,1,0,2,1,1,1,0,1,1,1,0,12,7,5,3,1,2,0,0,0,0,0,0,3,3,0,6,3,3,0,0,0
56892905,30,17,13,29,17,12,1,1,0,5,3,2,0,0,0,1,0,1,22,10,12,13,5,8,0,0,0,1,0,1,5,3,2,3,2,1,0,0,0
56892907,12,7,5,11,7,4,0,0,0,1,1,0,0,0,0,1,0,1,11,5,6,5,2,3,1,1,0,0,0,0,1,0,1,4,2,2,0,0,0
56892908,89,53,36,87,53,34,6,2,4,9,8,1,0,0,0,2,0,2,87,39,48,44,20,24,0,0,0,3,0,3,11,5,6,29,14,15,0,0,0
56892909,18,8,10,17,8,9,0,0,0,1,0,1,2,0,2,1,0,1,13,7,6,8,5,3,0,0,0,0,0,0,3,1,2,2,1,1,0,0,0
56892910,20,13,7,20,13,7,1,0,1,0,0,0,0,0,0,0,0,0,26,11,15,15,7,8,0,0,0,1,0,1,2,1,1,8,3,5,0,0,0
56892911,13,6,7,11,5,6,1,0,1,2,1,1,0,0,0,2,1,1,8,5,3,7,5,2,0,0,0,0,0,0,0,0,0,1,0,1,0,0,0
56893701,65,37,28,63,37,26,2,1,1,13,7,6,0,0,0,2,0,2,54,23,31,32,12,20,0,0,0,3,0,3,7,5,2,12,6,6,0,0,0
56894501,28,16,12,27,16,11,0,0,0,8,5,3,0,0,0,1,0,1,39,15,24,24,10,14,0,0,0,2,0,2,5,3,2,8,2,6,0,0,0
56894502,635,369,266,615,361,254,16,10,6,75,36,39,7,0,7,20,8,12,631,278,353,291,130,161,1,0,1,34,0,34,100,49,51,205,99,106,2,1,1
56894503,74,42,32,72,41,31,1,1,0,13,4,9,0,0,0,2,1,1,107,57,50,73,37,36,0,0,0,4,0,4,13,7,6,17,13,4,2,1,1
56895302,73,44,29,73,44,29,3,2,1,12,5,7,0,0,0,0,0,0,83,41,42,43,20,23,0,0,0,2,0,2,12,6,6,26,15,11,1,0,1
56895303,41,24,17,40,24,16,1,1,0,2,2,0,0,0,0,1,0,1,23,9,14,13,7,6,0,0,0,3,0,3,4,1,3,3,1,2,0,0,0
56897001,45,25,20,42,25,17,0,0,0,9,4,5,1,0,1,3,0,3,50,22,28,23,12,11,0,0,0,3,0,3,10,3,7,14,7,7,0,0,0
3120450,0,0,0,0,0,0,0,0,0,0,0,0,0,0,0,0,0,0,0,0,0,0,0,0,0,0,0,0,0,0,0,0,0,0,0,0,0,0,0
56898801,99,56,43,98,55,43,2,0,2,10,5,5,0,0,0,1,1,0,102,46,56,36,13,23,0,0,0,5,0,5,13,9,4,48,24,24,0,0,0
56898802,47,24,23,45,23,22,1,0,1,7,3,4,0,0,0,2,1,1,44,20,24,25,12,13,0,0,0,2,0,2,8,5,3,9,3,6,0,0,0
56898803,26,16,10,25,15,10,0,0,0,3,1,2,0,0,0,1,1,0,19,5,14,12,3,9,0,0,0,2,0,2,4,1,3,1,1,0,0,0,0
56898804,254,138,116,248,135,113,9,3,6,41,23,18,0,0,0,6,3,3,231,106,125,143,63,80,1,0,1,5,0,5,19,11,8,63,32,31,1,0,1
56898805,236,142,94,218,133,85,8,5,3,32,17,15,2,0,2,18,9,9,239,102,137,147,59,88,0,0,0,10,0,10,22,13,9,60,30,30,10,9,1
56898806,362,194,168,346,187,159,21,8,13,42,23,19,0,0,0,16,7,9,296,126,170,164,69,95,0,0,0,11,0,11,39,14,25,82,43,39,1,0,1
56898807,21,17,4,19,15,4,1,0,1,12,12,0,0,0,0,2,2,0,68,46,22,64,44,20,0,0,0,0,0,0,0,0,0,4,2,2,0,0,0
56898808,595,348,247,572,333,239,21,7,14,103,60,43,3,0,3,23,15,8,541,221,320,318,123,195,1,1,0,25,0,25,77,40,37,120,57,63,2,2,0
56898809,765,406,359,735,389,346,23,9,14,123,55,68,4,0,4,30,17,13,843,336,507,501,195,306,1,1,0,48,1,47,119,52,67,174,87,87,6,3,3
56899601,42,20,22,41,20,21,1,1,0,3,0,3,1,0,1,1,0,1,40,19,21,18,8,10,0,0,0,2,0,2,10,7,3,10,4,6,1,0,1
56901101,33,17,16,32,16,16,1,0,1,3,2,1,0,0,0,1,1,0,31,14,17,21,9,12,0,0,0,2,0,2,4,2,2,4,3,1,0,0,0
56901102,204,107,97,194,103,91,5,2,3,21,9,12,0,0,0,10,4,6,162,75,87,78,35,43,1,0,1,6,0,6,21,9,12,56,31,25,2,0,2
56901103,22,15,7,20,14,6,0,0,0,1,1,0,0,0,0,2,1,1,18,7,11,13,5,8,0,0,0,1,0,1,1,0,1,3,2,1,0,0,0
56901104,21,12,9,20,11,9,1,1,0,4,3,1,1,0,1,1,1,0,20,7,13,16,7,9,0,0,0,0,0,0,3,0,3,1,0,1,0,0,0
56902003,27,16,11,26,16,10,0,0,0,6,3,3,0,0,0,1,0,1,33,11,22,28,9,19,0,0,0,0,0,0,1,1,0,4,1,3,1,1,0
56902004,30,15,15,28,14,14,1,0,1,4,3,1,0,0,0,2,1,1,19,10,9,9,7,2,0,0,0,1,0,1,1,1,0,8,2,6,0,0,0
56902007,27,18,9,27,18,9,2,0,2,6,4,2,1,0,1,0,0,0,32,15,17,19,7,12,0,0,0,2,0,2,9,6,3,2,2,0,0,0,0
56902008,285,162,123,275,159,116,8,3,5,39,27,12,2,0,2,10,3,7,286,119,167,144,55,89,0,0,0,11,0,11,45,24,21,86,40,46,0,0,0
56902009,37,22,15,37,22,15,1,0,1,5,4,1,1,0,1,0,0,0,46,23,23,23,11,12,0,0,0,2,0,2,9,5,4,12,7,5,0,0,0
56903801,77,43,34,77,43,34,3,1,2,6,2,4,1,0,1,0,0,0,81,41,40,37,16,21,0,0,0,3,0,3,12,9,3,29,16,13,2,0,2
56903802,12,8,4,12,8,4,1,1,0,1,1,0,0,0,0,0,0,0,18,4,14,11,4,7,0,0,0,1,0,1,4,0,4,2,0,2,1,1,0
56903803,429,234,195,420,231,189,27,11,16,40,19,21,3,0,3,9,3,6,375,163,212,165,75,90,0,0,0,19,0,19,68,31,37,123,57,66,7,4,3
56903804,72,35,37,72,35,37,3,0,3,10,5,5,1,0,1,0,0,0,64,33,31,34,15,19,0,0,0,0,0,0,3,2,1,27,16,11,0,0,0
56904601,16,9,7,16,9,7,0,0,0,4,2,2,1,0,1,0,0,0,13,7,6,9,4,5,0,0,0,0,0,0,1,1,0,3,2,1,0,0,0
56904602,276,166,110,265,159,106,11,5,6,34,19,15,2,0,2,11,7,4,254,122,132,130,53,77,2,2,0,11,0,11,39,24,15,72,43,29,7,4,3
56904603,15,9,6,15,9,6,0,0,0,2,1,1,0,0,0,0,0,0,16,8,8,12,5,7,0,0,0,0,0,0,0,0,0,4,3,1,1,1,0
56906201,14,7,7,14,7,7,0,0,0,2,0,2,0,0,0,0,0,0,15,3,12,8,2,6,0,0,0,0,0,0,0,0,0,7,1,6,0,0,0
56906202,288,161,127,282,158,124,15,8,7,33,17,16,1,0,1,6,3,3,265,125,140,119,46,73,0,0,0,15,0,15,58,32,26,73,47,26,2,2,0
56906203,15,9,6,15,9,6,1,1,0,1,1,0,0,0,0,0,0,0,13,4,9,2,1,1,0,0,0,1,0,1,3,1,2,7,2,5,0,0,0
56907101,97,54,43,96,53,43,5,2,3,11,6,5,0,0,0,1,1,0,104,47,57,58,26,32,0,0,0,4,0,4,9,5,4,33,16,17,0,0,0
56908901,24,14,10,23,13,10,2,2,0,4,0,4,0,0,0,1,1,0,15,7,8,6,3,3,0,0,0,1,0,1,2,1,1,6,3,3,1,1,0
56908903,9,5,4,9,5,4,1,1,0,1,1,0,0,0,0,0,0,0,15,6,9,11,3,8,0,0,0,0,0,0,1,0,1,3,3,0,1,1,0
56908904,26,20,6,25,19,6,0,0,0,3,2,1,0,0,0,1,1,0,29,14,15,13,6,7,1,1,0,1,0,1,2,1,1,12,6,6,0,0,0
56908905,12,7,5,11,6,5,0,0,0,3,0,3,0,0,0,1,1,0,14,5,9,8,4,4,0,0,0,1,0,1,2,0,2,3,1,2,0,0,0
56908906,220,121,99,210,118,92,5,3,2,34,19,15,3,0,3,10,3,7,202,85,117,123,52,71,0,0,0,5,0,5,20,12,8,54,21,33,3,2,1
56908907,13,8,5,13,8,5,1,0,1,1,1,0,0,0,0,0,0,0,19,8,11,17,7,10,0,0,0,0,0,0,0,0,0,2,1,1,1,1,0
56912701,88,51,37,87,50,37,5,2,3,9,8,1,0,0,0,1,1,0,66,27,39,30,13,17,0,0,0,1,0,1,7,3,4,28,11,17,1,1,0
56915101,52,27,25,51,27,24,5,2,3,8,4,4,0,0,0,1,0,1,62,27,35,34,14,20,0,0,0,0,0,0,6,4,2,22,9,13,0,0,0
56916001,244,142,102,236,136,100,9,5,4,28,14,14,0,0,0,8,6,2,252,107,145,115,51,64,0,0,0,11,1,10,31,12,19,95,43,52,3,3,0
56916002,19,10,9,19,10,9,1,0,1,3,0,3,0,0,0,0,0,0,22,11,11,9,5,4,0,0,0,1,0,1,4,2,2,8,4,4,0,0,0
56918601,94,57,37,89,55,34,3,3,0,9,4,5,0,0,0,5,2,3,93,38,55,48,24,24,0,0,0,3,0,3,13,4,9,29,10,19,0,0,0
56918602,370,216,154,363,213,150,8,3,5,33,19,14,3,0,3,7,3,4,381,161,220,138,54,84,0,0,0,29,1,28,87,47,40,127,59,68,4,3,1
56918603,28,16,12,27,16,11,2,1,1,4,3,1,0,0,0,1,0,1,25,9,16,6,2,4,0,0,0,2,0,2,5,3,2,12,4,8,1,1,0
56918604,70,38,32,69,37,32,4,3,1,5,2,3,1,0,1,1,1,0,67,25,42,38,15,23,1,1,0,1,0,1,6,2,4,21,7,14,0,0,0
56918605,70,39,31,68,38,30,4,3,1,7,3,4,1,1,0,2,1,1,48,16,32,29,12,17,1,0,1,3,0,3,9,3,6,6,1,5,0,0,0
56918606,52,24,28,52,24,28,6,3,3,8,2,6,0,0,0,0,0,0,30,12,18,15,5,10,0,0,0,0,0,0,4,2,2,11,5,6,0,0,0
56918607,13,7,6,13,7,6,0,0,0,2,2,0,0,0,0,0,0,0,12,7,5,5,2,3,0,0,0,0,0,0,0,0,0,7,5,2,0,0,0
56920801,106,64,42,102,63,39,4,3,1,13,8,5,3,1,2,4,1,3,86,32,54,29,9,20,0,0,0,5,0,5,18,7,11,34,16,18,0,0,0
56921601,188,107,81,186,106,80,8,3,5,17,11,6,0,0,0,2,1,1,191,75,116,70,29,41,0,0,0,12,0,12,34,14,20,75,32,43,0,0,0
56922401,183,106,77,181,106,75,7,3,4,19,11,8,2,0,2,2,0,2,169,68,101,73,30,43,0,0,0,10,0,10,30,10,20,56,28,28,1,1,0
56923201,72,45,27,70,45,25,3,1,2,8,5,3,1,0,1,2,0,2,103,43,60,53,19,34,0,0,0,3,0,3,13,7,6,34,17,17,0,0,0
56924102,61,34,27,60,34,26,2,2,0,8,2,6,0,0,0,1,0,1,59,30,29,19,10,9,0,0,0,4,0,4,11,7,4,25,13,12,0,0,0
56929101,303,160,143,295,157,138,8,5,3,36,16,20,4,0,4,8,3,5,289,130,159,149,67,82,0,0,0,7,0,7,39,21,18,94,42,52,3,2,1
56929102,17,9,8,17,9,8,1,0,1,1,0,1,0,0,0,0,0,0,24,14,10,9,4,5,0,0,0,2,0,2,3,1,2,10,9,1,0,0,0
56929103,25,15,10,24,14,10,0,0,0,2,2,0,0,0,0,1,1,0,35,15,20,22,10,12,0,0,0,0,0,0,0,0,0,13,5,8,0,0,0
56931301,27,17,10,24,15,9,0,0,0,3,1,2,0,0,0,3,2,1,27,9,18,10,4,6,0,0,0,3,0,3,4,1,3,10,4,6,0,0,0
56931302,26,14,12,23,13,10,2,0,2,0,0,0,0,0,0,3,1,2,23,11,12,9,3,6,0,0,0,0,0,0,1,1,0,13,7,6,0,0,0
56931303,13,7,6,12,7,5,0,0,0,1,1,0,0,0,0,1,0,1,23,8,15,12,5,7,0,0,0,2,0,2,4,1,3,5,2,3,0,0,0
56932101,50,27,23,49,26,23,0,0,0,7,3,4,1,0,1,1,1,0,50,20,30,23,10,13,0,0,0,2,0,2,8,3,5,17,7,10,1,0,1
56932102,85,58,27,81,55,26,2,1,1,5,3,2,0,0,0,4,3,1,80,37,43,36,15,21,0,0,0,6,0,6,20,10,10,18,12,6,0,0,0
56932103,118,65,53,118,65,53,4,2,2,8,5,3,3,0,3,0,0,0,80,36,44,31,12,19,0,0,0,5,0,5,19,8,11,25,16,9,0,0,0
56932104,52,35,17,48,33,15,0,0,0,6,3,3,0,0,0,4,2,2,45,18,27,18,7,11,0,0,0,3,0,3,7,2,5,17,9,8,0,0,0
56932105,46,28,18,45,28,17,0,0,0,8,4,4,1,0,1,1,0,1,37,13,24,21,8,13,0,0,0,3,0,3,7,2,5,6,3,3,0,0,0
56932106,47,23,24,46,23,23,2,1,1,4,2,2,0,0,0,1,0,1,43,19,24,22,12,10,0,0,0,0,0,0,2,1,1,19,6,13,0,0,0
56932107,12,6,6,12,6,6,3,0,3,1,1,0,0,0,0,0,0,0,20,6,14,14,4,10,0,0,0,0,0,0,0,0,0,6,2,4,0,0,0
56932108,1436,798,638,1396,778,618,55,24,31,143,61,82,16,0,16,40,20,20,1393,604,789,655,264,391,1,1,0,85,0,85,232,125,107,420,214,206,16,9,7
56932109,23,14,9,23,14,9,1,1,0,1,1,0,0,0,0,0,0,0,26,9,17,11,3,8,0,0,0,1,0,1,6,3,3,8,3,5,0,0,0
56932110,56,30,26,50,27,23,2,1,1,6,2,4,0,0,0,6,3,3,53,26,27,26,15,11,0,0,0,4,0,4,7,2,5,16,9,7,1,0,1
56932111,27,17,10,26,16,10,2,2,0,1,0,1,0,0,0,1,1,0,26,11,15,14,8,6,0,0,0,1,0,1,4,0,4,7,3,4,0,0,0
56934801,221,128,93,213,124,89,7,3,4,12,6,6,0,0,0,8,4,4,193,79,114,79,28,51,0,0,0,15,0,15,48,25,23,51,26,25,3,2,1
56936401,80,50,30,75,46,29,7,3,4,10,6,4,1,0,1,5,4,1,79,35,44,35,14,21,1,0,1,4,0,4,13,6,7,26,15,11,0,0,0
56939901,14,8,6,14,8,6,2,1,1,5,3,2,0,0,0,0,0,0,17,7,10,8,3,5,0,0,0,1,0,1,4,2,2,4,2,2,0,0,0
56939902,245,141,104,241,140,101,15,7,8,24,13,11,3,0,3,4,1,3,200,87,113,96,44,52,0,0,0,11,0,11,31,17,14,62,26,36,4,2,2
56940201,12,6,6,10,6,4,0,0,0,2,1,1,1,0,1,2,0,2,17,8,9,15,7,8,0,0,0,0,0,0,1,1,0,1,0,1,0,0,0
56940202,63,35,28,62,35,27,0,0,0,11,6,5,0,0,0,1,0,1,72,34,38,43,18,25,0,0,0,2,0,2,8,3,5,19,13,6,1,0,1
56941101,27,17,10,25,16,9,0,0,0,2,1,1,0,0,0,2,1,1,42,19,23,28,13,15,0,0,0,3,0,3,6,2,4,5,4,1,0,0,0
56942901,142,87,55,136,84,52,3,1,2,9,5,4,0,0,0,6,3,3,165,75,90,84,36,48,0,0,0,12,1,11,28,14,14,41,24,17,2,1,1
56946102,51,29,22,48,27,21,1,1,0,6,3,3,0,0,0,3,2,1,43,18,25,26,10,16,0,0,0,0,0,0,4,1,3,13,7,6,1,0,1
56946103,38,22,16,30,17,13,0,0,0,9,7,2,1,0,1,8,5,3,39,12,27,22,8,14,0,0,0,0,0,0,4,0,4,13,4,9,1,1,0
56947001,152,86,66,148,83,65,6,1,5,25,11,14,0,0,0,4,3,1,136,61,75,59,21,38,1,1,0,7,0,7,22,12,10,47,27,20,2,1,1
1501770,0,0,0,0,0,0,0,0,0,0,0,0,0,0,0,0,0,0,0,0,0,0,0,0,0,0,0,0,0,0,0,0,0,0,0,0,0,0,0
56948801,10,7,3,10,7,3,0,0,0,0,0,0,0,0,0,0,0,0,15,6,9,12,5,7,0,0,0,0,0,0,0,0,0,3,1,2,0,0,0
56948804,63,34,29,61,34,27,2,1,1,9,3,6,2,0,2,2,0,2,65,36,29,40,22,18,0,0,0,0,0,0,7,2,5,18,12,6,0,0,0
56948805,62,36,26,60,36,24,3,3,0,4,1,3,0,0,0,2,0,2,78,34,44,51,20,31,0,0,0,1,0,1,5,2,3,21,12,9,1,1,0
56951801,8,6,2,7,6,1,0,0,0,1,1,0,0,0,0,1,0,1,11,7,4,9,6,3,0,0,0,1,0,1,0,0,0,1,1,0,1,0,1
56951802,311,186,125,298,183,115,9,3,6,41,20,21,1,0,1,13,3,10,316,136,180,133,57,76,0,0,0,21,0,21,59,27,32,103,52,51,3,2,1
56951803,23,17,6,21,16,5,1,0,1,2,2,0,0,0,0,2,1,1,37,14,23,17,7,10,0,0,0,2,0,2,6,2,4,12,5,7,0,0,0
56953401,141,89,52,137,86,51,6,5,1,11,7,4,1,0,1,4,3,1,112,43,69,48,17,31,0,0,0,6,0,6,18,10,8,40,16,24,0,0,0
56956902,22,11,11,22,11,11,0,0,0,0,0,0,0,0,0,0,0,0,29,14,15,17,6,11,0,0,0,1,0,1,1,1,0,10,7,3,1,1,0
56956904,24,14,10,24,14,10,2,1,1,2,2,0,0,0,0,0,0,0,35,14,21,20,8,12,0,0,0,1,0,1,4,1,3,10,5,5,0,0,0
56956905,74,39,35,70,38,32,4,1,3,5,3,2,0,0,0,4,1,3,63,24,39,41,15,26,0,0,0,0,0,0,4,1,3,18,8,10,1,0,1
56956906,40,24,16,39,23,16,2,1,1,3,1,2,0,0,0,1,1,0,37,17,20,10,5,5,0,0,0,3,0,3,12,6,6,12,6,6,0,0,0
56956907,31,18,13,30,18,12,2,0,2,6,3,3,0,0,0,1,0,1,28,12,16,19,8,11,0,0,0,1,0,1,5,3,2,3,1,2,0,0,0
56956908,47,27,20,46,27,19,2,1,1,2,1,1,0,0,0,1,0,1,59,24,35,32,16,16,0,0,0,4,0,4,13,4,9,10,4,6,0,0,0
56956909,29,18,11,26,17,9,1,1,0,3,2,1,0,0,0,3,1,2,35,12,23,22,8,14,0,0,0,2,0,2,4,0,4,7,4,3,0,0,0
56956910,15,11,4,15,11,4,0,0,0,3,3,0,0,0,0,0,0,0,15,4,11,11,2,9,0,0,0,0,0,0,2,1,1,2,1,1,0,0,0
56956911,22,13,9,22,13,9,1,0,1,2,0,2,0,0,0,0,0,0,16,8,8,9,6,3,0,0,0,0,0,0,1,0,1,6,2,4,0,0,0
56956912,83,42,41,81,41,40,3,1,2,13,7,6,2,0,2,2,1,1,76,35,41,32,15,17,0,0,0,3,0,3,10,4,6,31,16,15,0,0,0
56956913,66,39,27,63,38,25,3,2,1,13,7,6,0,0,0,3,1,2,58,28,30,40,18,22,0,0,0,2,0,2,5,4,1,11,6,5,1,0,1
56956914,119,63,56,117,63,54,9,4,5,12,5,7,1,0,1,2,0,2,102,50,52,42,21,21,0,0,0,2,0,2,13,3,10,45,26,19,0,0,0
56956915,18,11,7,17,10,7,1,1,0,1,0,1,0,0,0,1,1,0,25,10,15,15,6,9,0,0,0,3,0,3,3,1,2,4,3,1,0,0,0
56956916,45,25,20,44,25,19,2,0,2,6,2,4,1,0,1,1,0,1,41,19,22,15,7,8,0,0,0,2,0,2,7,4,3,17,8,9,1,0,1
56956918,52,31,21,48,29,19,1,1,0,5,2,3,0,0,0,4,2,2,56,24,32,29,12,17,0,0,0,3,0,3,8,4,4,16,8,8,0,0,0
56956919,2312,1237,1075,2203,1187,1016,80,26,54,260,132,128,13,0,13,109,50,59,2241,952,1289,1343,552,791,0,0,0,76,0,76,276,136,140,546,264,282,26,14,12
56956920,341,1,340,232,1,231,3,0,3,4,0,4,0,0,0,109,0,109,567,98,469,48,0,48,0,0,0,12,0,12,359,45,314,148,53,95,1,0,1
56956921,50,25,25,49,24,25,0,0,0,10,4,6,0,0,0,1,1,0,54,26,28,25,12,13,0,0,0,2,0,2,6,3,3,21,11,10,0,0,0
56956922,54,31,23,53,30,23,2,1,1,2,1,1,1,0,1,1,1,0,45,21,24,25,11,14,0,0,0,0,0,0,5,3,2,15,7,8,0,0,0
56956923,8,5,3,8,5,3,0,0,0,1,0,1,0,0,0,0,0,0,21,11,10,12,6,6,1,1,0,1,0,1,1,1,0,6,3,3,2,1,1
56956924,25,14,11,23,14,9,0,0,0,3,2,1,0,0,0,2,0,2,24,9,15,8,4,4,0,0,0,3,0,3,6,2,4,7,3,4,0,0,0
56958501,30,20,10,29,20,9,0,0,0,4,1,3,1,0,1,1,0,1,21,9,12,11,4,7,0,0,0,1,0,1,6,4,2,3,1,2,1,0,1
56958502,19,11,8,19,11,8,0,0,0,1,0,1,0,0,0,0,0,0,22,9,13,12,6,6,0,0,0,0,0,0,2,0,2,8,3,5,1,0,1
56958503,356,203,153,340,195,145,10,6,4,37,20,17,2,0,2,16,8,8,322,144,178,147,60,87,0,0,0,15,0,15,54,27,27,106,57,49,4,3,1
56959301,50,28,22,47,28,19,3,2,1,10,5,5,1,0,1,3,0,3,56,26,30,30,17,13,0,0,0,2,0,2,11,4,7,13,5,8,1,0,1
56959302,60,34,26,59,33,26,1,0,1,6,3,3,0,0,0,1,1,0,37,17,20,26,12,14,0,0,0,1,0,1,3,2,1,7,3,4,0,0,0
56959303,53,30,23,53,30,23,3,2,1,3,2,1,1,0,1,0,0,0,57,26,31,23,10,13,0,0,0,2,0,2,10,5,5,22,11,11,0,0,0
56959304,36,20,16,35,20,15,0,0,0,1,1,0,2,0,2,1,0,1,42,20,22,18,10,8,0,0,0,3,0,3,10,4,6,11,6,5,0,0,0
56959305,716,396,320,701,390,311,25,11,14,62,30,32,1,0,1,15,6,9,670,300,370,268,118,150,1,1,0,31,0,31,125,58,67,245,123,122,8,7,1
56959306,57,30,27,57,30,27,2,1,1,3,1,2,0,0,0,0,0,0,60,32,28,18,9,9,0,0,0,4,0,4,11,5,6,27,18,9,0,0,0
56961501,41,21,20,39,20,19,1,0,1,6,2,4,0,0,0,2,1,1,35,16,19,19,10,9,1,0,1,2,0,2,4,1,3,9,5,4,0,0,0
56961502,130,73,57,124,70,54,6,2,4,14,8,6,1,0,1,6,3,3,159,75,84,71,35,36,1,1,0,12,0,12,26,15,11,49,24,25,3,2,1
56962301,14,11,3,14,11,3,2,2,0,1,1,0,0,0,0,0,0,0,11,3,8,2,0,2,0,0,0,1,0,1,3,2,1,5,1,4,1,0,1
56962302,23,12,11,22,11,11,0,0,0,6,1,5,0,0,0,1,1,0,28,15,13,15,8,7,0,0,0,1,0,1,4,2,2,8,5,3,1,1,0
56962303,28,17,11,28,17,11,2,0,2,6,4,2,0,0,0,0,0,0,24,11,13,6,2,4,0,0,0,2,0,2,6,4,2,10,5,5,0,0,0
56962304,14,8,6,14,8,6,1,1,0,2,1,1,0,0,0,0,0,0,22,7,15,16,6,10,0,0,0,2,0,2,3,1,2,1,0,1,0,0,0
56964001,13,7,6,13,7,6,0,0,0,3,2,1,0,0,0,0,0,0,19,10,9,14,8,6,0,0,0,1,0,1,2,1,1,2,1,1,0,0,0
56964002,25,15,10,24,15,9,1,1,0,4,1,3,0,0,0,1,0,1,37,14,23,25,8,17,0,0,0,3,0,3,4,3,1,5,3,2,0,0,0
56964003,37,23,14,35,23,12,1,0,1,2,1,1,0,0,0,2,0,2,54,23,31,26,10,16,0,0,0,4,0,4,13,7,6,11,6,5,0,0,0
56964004,157,87,70,151,86,65,5,2,3,21,11,10,1,0,1,6,1,5,160,72,88,78,29,49,1,0,1,7,0,7,39,18,21,35,25,10,3,3,0
56965801,45,27,18,45,27,18,1,0,1,5,3,2,0,0,0,0,0,0,38,16,22,22,8,14,0,0,0,0,0,0,1,0,1,15,8,7,0,0,0
56965802,11,7,4,11,7,4,0,0,0,1,0,1,0,0,0,0,0,0,9,5,4,7,4,3,0,0,0,0,0,0,2,1,1,0,0,0,0,0,0
56965803,300,164,136,286,158,128,13,5,8,31,16,15,2,0,2,14,6,8,271,118,153,154,66,88,0,0,0,15,0,15,49,21,28,53,31,22,2,1,1
56967401,36,17,19,34,17,17,2,1,1,4,1,3,0,0,0,2,0,2,38,14,24,24,12,12,0,0,0,0,0,0,4,0,4,10,2,8,0,0,0
56967402,121,64,57,116,63,53,6,3,3,15,7,8,2,0,2,5,1,4,120,44,76,69,26,43,0,0,0,7,0,7,21,11,10,23,7,16,1,0,1
56968201,285,166,119,279,164,115,17,8,9,30,19,11,2,0,2,6,2,4,294,126,168,126,55,71,0,0,0,22,0,22,55,27,28,91,44,47,1,1,0
56969101,18,10,8,17,10,7,0,0,0,4,2,2,0,0,0,1,0,1,21,7,14,7,3,4,0,0,0,0,0,0,3,0,3,11,4,7,1,1,0
56969102,46,28,18,44,26,18,3,0,3,2,1,1,0,0,0,2,2,0,53,24,29,30,15,15,0,0,0,3,0,3,8,4,4,12,5,7,0,0,0
56969103,44,29,15,43,28,15,0,0,0,10,6,4,1,0,1,1,1,0,55,25,30,30,16,14,0,0,0,3,0,3,8,6,2,14,3,11,0,0,0
56969105,253,141,112,245,136,109,14,6,8,30,14,16,0,0,0,8,5,3,317,150,167,192,88,104,1,1,0,12,0,12,39,21,18,73,40,33,2,1,1
56970401,90,51,39,80,45,35,1,0,1,8,4,4,0,0,0,10,6,4,71,30,41,38,14,24,0,0,0,5,0,5,11,6,5,17,10,7,0,0,0
56970402,117,65,52,112,62,50,2,1,1,16,7,9,1,0,1,5,3,2,129,54,75,61,27,34,0,0,0,7,0,7,29,14,15,32,13,19,3,1,2
56971201,18,10,8,17,9,8,0,0,0,1,0,1,0,0,0,1,1,0,14,4,10,11,3,8,0,0,0,0,0,0,1,0,1,2,1,1,0,0,0
56971203,27,13,14,26,13,13,2,0,2,3,2,1,1,0,1,1,0,1,38,18,20,26,13,13,0,0,0,1,0,1,2,1,1,9,4,5,0,0,0
56971205,93,53,40,86,50,36,0,0,0,10,5,5,0,0,0,7,3,4,100,40,60,60,20,40,0,0,0,2,0,2,13,7,6,25,13,12,2,1,1
56971206,260,156,104,252,150,102,3,1,2,33,19,14,1,0,1,8,6,2,249,95,154,144,51,93,2,2,0,10,0,10,32,14,18,61,28,33,7,3,4
56971207,15,9,6,13,8,5,0,0,0,2,1,1,0,0,0,2,1,1,21,8,13,11,5,6,0,0,0,3,0,3,4,2,2,3,1,2,0,0,0
56971208,6,4,2,6,4,2,0,0,0,0,0,0,0,0,0,0,0,0,21,8,13,15,7,8,0,0,0,1,0,1,1,0,1,4,1,3,0,0,0
56971209,24,14,10,24,14,10,1,0,1,2,1,1,0,0,0,0,0,0,36,11,25,23,8,15,0,0,0,1,0,1,3,1,2,9,2,7,0,0,0
56972101,126,69,57,124,69,55,4,2,2,21,12,9,2,0,2,2,0,2,129,59,70,51,23,28,0,0,0,7,1,6,27,15,12,44,20,24,1,0,1
56973901,24,14,10,24,14,10,0,0,0,1,1,0,0,0,0,0,0,0,17,8,9,11,6,5,0,0,0,1,0,1,1,1,0,4,1,3,1,1,0
3395800,0,0,0,0,0,0,0,0,0,0,0,0,0,0,0,0,0,0,0,0,0,0,0,0,0,0,0,0,0,0,0,0,0,0,0,0,0,0,0
56978001,116,67,49,114,67,47,6,2,4,17,10,7,0,0,0,2,0,2,119,50,69,63,23,40,0,0,0,4,0,4,15,8,7,37,19,18,0,0,0
56978002,56,34,22,56,34,22,1,0,1,4,3,1,0,0,0,0,0,0,59,21,38,30,11,19,0,0,0,3,0,3,13,5,8,13,5,8,1,0,1
56978003,15,11,4,14,11,3,0,0,0,4,3,1,0,0,0,1,0,1,21,12,9,15,8,7,0,0,0,0,0,0,0,0,0,6,4,2,0,0,0
56978004,50,26,24,50,26,24,1,0,1,6,4,2,0,0,0,0,0,0,43,19,24,27,12,15,0,0,0,1,0,1,2,1,1,13,6,7,0,0,0
56978005,72,39,33,69,38,31,4,1,3,9,2,7,0,0,0,3,1,2,68,26,42,41,16,25,0,0,0,2,0,2,9,3,6,16,7,9,1,0,1
56978006,35,23,12,35,23,12,0,0,0,4,3,1,0,0,0,0,0,0,54,20,34,28,9,19,0,0,0,3,0,3,7,4,3,16,7,9,0,0,0
56978007,44,27,17,41,25,16,2,1,1,6,3,3,0,0,0,3,2,1,49,23,26,36,17,19,0,0,0,1,0,1,1,1,0,11,5,6,0,0,0
56978008,1094,604,490,1061,593,468,34,13,21,103,45,58,10,0,10,33,11,22,1066,443,623,484,185,299,2,0,2,49,0,49,164,78,86,367,180,187,6,4,2
56978009,13,5,8,13,5,8,0,0,0,0,0,0,0,0,0,0,0,0,12,8,4,2,0,2,0,0,0,0,0,0,3,2,1,7,6,1,0,0,0
56980101,17,10,7,15,9,6,0,0,0,1,1,0,1,0,1,2,1,1,18,5,13,8,2,6,0,0,0,2,0,2,5,2,3,3,1,2,0,0,0
56980103,173,93,80,172,92,80,5,1,4,9,3,6,4,0,4,1,1,0,174,74,100,81,34,47,0,0,0,8,0,8,29,15,14,56,25,31,1,0,1
57355802,31,17,14,30,17,13,0,0,0,2,1,1,0,0,0,1,0,1,35,15,20,16,7,9,0,0,0,3,0,3,8,3,5,8,5,3,0,0,0
57356601,86,51,35,82,49,33,4,1,3,9,2,7,0,0,0,4,2,2,74,32,42,46,21,25,0,0,0,3,0,3,11,5,6,14,6,8,2,1,1
57356602,19,10,9,19,10,9,0,0,0,5,3,2,0,0,0,0,0,0,33,17,16,25,13,12,1,0,1,1,0,1,4,4,0,2,0,2,0,0,0
57357401,16,9,7,15,9,6,1,1,0,4,3,1,1,0,1,1,0,1,21,5,16,13,3,10,0,0,0,0,0,0,2,0,2,6,2,4,0,0,0
57357402,51,33,18,47,33,14,0,0,0,9,5,4,0,0,0,4,0,4,58,28,30,40,21,19,0,0,0,2,0,2,6,2,4,10,5,5,2,2,0
57358201,82,48,34,81,48,33,2,1,1,12,6,6,2,0,2,1,0,1,87,38,49,47,22,25,0,0,0,3,0,3,18,9,9,19,7,12,0,0,0
57359101,31,18,13,31,18,13,1,0,1,2,1,1,0,0,0,0,0,0,44,21,23,25,12,13,0,0,0,2,0,2,3,2,1,14,7,7,0,0,0
57360401,36,20,16,35,20,15,2,0,2,5,3,2,1,0,1,1,0,1,40,21,19,20,10,10,0,0,0,0,0,0,2,0,2,18,11,7,0,0,0
57360402,33,17,16,33,17,16,1,0,1,6,4,2,1,0,1,0,0,0,33,10,23,20,6,14,0,0,0,0,0,0,3,2,1,10,2,8,0,0,0
50672901,99,58,41,97,57,40,1,0,1,11,7,4,3,0,3,2,1,1,115,48,67,57,26,31,1,1,0,7,0,7,27,10,17,23,11,12,1,1,0
54725501,33,17,16,33,17,16,1,1,0,3,0,3,1,0,1,0,0,0,42,16,26,24,8,16,0,0,0,2,0,2,7,2,5,9,6,3,0,0,0
55028101,27,13,14,27,13,14,1,0,1,4,2,2,0,0,0,0,0,0,28,10,18,16,6,10,0,0,0,0,0,0,2,0,2,10,4,6,0,0,0
55028102,15,8,7,15,8,7,1,0,1,1,1,0,0,0,0,0,0,0,15,3,12,4,1,3,0,0,0,1,0,1,2,0,2,8,2,6,0,0,0
55028103,205,119,86,201,118,83,6,4,2,19,10,9,2,0,2,4,1,3,178,76,102,80,32,48,1,0,1,9,0,9,29,14,15,59,30,29,6,2,4
55029901,151,84,67,147,81,66,1,1,0,15,8,7,0,0,0,4,3,1,129,57,72,55,19,36,0,0,0,11,0,11,31,19,12,32,19,13,0,0,0
55029902,34,20,14,33,20,13,2,1,1,4,3,1,0,0,0,1,0,1,30,12,18,17,7,10,0,0,0,0,0,0,4,3,1,9,2,7,0,0,0
55029903,54,28,26,54,28,26,4,0,4,1,0,1,1,0,1,0,0,0,56,29,27,26,12,14,0,0,0,0,0,0,14,6,8,16,11,5,1,0,1
0597492,0,0,0,0,0,0,0,0,0,0,0,0,0,0,0,0,0,0,0,0,0,0,0,0,0,0,0,0,0,0,0,0,0,0,0,0,0,0,0
0598712,0,0,0,0,0,0,0,0,0,0,0,0,0,0,0,0,0,0,0,0,0,0,0,0,0,0,0,0,0,0,0,0,0,0,0,0,0,0,0
3041400,0,0,0,0,0,0,0,0,0,0,0,0,0,0,0,0,0,0,0,0,0,0,0,0,0,0,0,0,0,0,0,0,0,0,0,0,0,0,0
3041820,0,0,0,0,0,0,0,0,0,0,0,0,0,0,0,0,0,0,0,0,0,0,0,0,0,0,0,0,0,0,0,0,0,0,0,0,0,0,0
3285110,0,0,0,0,0,0,0,0,0,0,0,0,0,0,0,0,0,0,0,0,0,0,0,0,0,0,0,0,0,0,0,0,0,0,0,0,0,0,0
58684601,109,55,54,105,51,54,7,2,5,11,7,4,0,0,0,4,4,0,92,38,54,37,14,23,0,0,0,3,0,3,15,6,9,37,18,19,0,0,0
58684603,210,116,94,204,116,88,11,5,6,5,4,1,8,0,8,6,0,6,193,76,117,12,5,7,0,0,0,26,0,26,91,40,51,64,31,33,1,0,1
58684604,957,492,465,937,482,455,39,15,24,145,69,76,5,0,5,20,10,10,784,350,434,322,133,189,1,0,1,27,1,26,97,46,51,337,170,167,2,2,0
58684605,1004,528,476,971,514,457,29,14,15,91,35,56,12,0,12,33,14,19,628,268,360,194,85,109,1,1,0,53,0,53,171,87,84,209,95,114,16,7,9
58684606,79,44,35,77,42,35,1,0,1,13,5,8,2,0,2,2,2,0,66,31,35,25,10,15,0,0,0,4,0,4,13,6,7,24,15,9,0,0,0
58684607,21,9,12,19,9,10,0,0,0,5,2,3,0,0,0,2,0,2,11,5,6,6,3,3,0,0,0,1,0,1,3,2,1,1,0,1,0,0,0
58684608,97,48,49,93,47,46,3,0,3,9,5,4,0,0,0,4,1,3,83,37,46,40,17,23,0,0,0,1,0,1,10,4,6,32,16,16,0,0,0
58684610,391,228,163,384,224,160,15,6,9,23,12,11,1,0,1,7,4,3,209,90,119,48,21,27,0,0,0,15,0,15,54,29,25,92,40,52,6,4,2
58684611,344,182,162,334,176,158,11,6,5,23,13,10,2,0,2,10,6,4,294,130,164,105,46,59,0,0,0,8,1,7,40,14,26,141,69,72,1,0,1
58684612,237,122,115,231,120,111,12,7,5,20,9,11,1,0,1,6,2,4,160,74,86,20,9,11,1,1,0,11,0,11,31,17,14,97,47,50,0,0,0
58684613,56,32,24,53,29,24,1,0,1,3,1,2,1,0,1,3,3,0,54,23,31,26,12,14,0,0,0,1,0,1,9,2,7,18,9,9,1,0,1
58684614,542,291,251,533,285,248,25,11,14,67,37,30,1,0,1,9,6,3,470,212,258,228,97,131,1,0,1,12,1,11,76,30,46,153,84,69,3,1,2
58684616,32,17,15,32,17,15,1,1,0,5,3,2,0,0,0,0,0,0,14,7,7,10,4,6,0,0,0,0,0,0,1,1,0,3,2,1,0,0,0
58684617,144,90,54,143,89,54,2,2,0,13,5,8,0,0,0,1,1,0,96,42,54,32,12,20,0,0,0,4,0,4,13,8,5,47,22,25,9,6,3
58684618,90,53,37,89,52,37,0,0,0,7,1,6,1,0,1,1,1,0,80,36,44,36,16,20,0,0,0,3,0,3,11,6,5,30,14,16,0,0,0
58684619,56,31,25,54,29,25,1,0,1,2,1,1,0,0,0,2,2,0,56,20,36,18,7,11,0,0,0,2,0,2,13,5,8,23,8,15,0,0,0
58684620,24,12,12,23,12,11,0,0,0,5,3,2,0,0,0,1,0,1,16,4,12,8,2,6,0,0,0,1,0,1,3,0,3,4,2,2,0,0,0
58684621,65,34,31,64,34,30,5,2,3,7,3,4,0,0,0,1,0,1,56,29,27,24,12,12,0,0,0,2,0,2,8,5,3,22,12,10,1,1,0
58684622,34,20,14,32,20,12,1,0,1,2,1,1,0,0,0,2,0,2,36,16,20,18,9,9,0,0,0,3,0,3,7,3,4,8,4,4,2,0,2
58684623,133,72,61,129,69,60,6,2,4,10,6,4,1,0,1,4,3,1,121,54,67,33,17,16,0,0,0,6,0,6,32,11,21,50,26,24,0,0,0
58684624,278,174,104,266,168,98,3,3,0,18,7,11,1,0,1,12,6,6,175,74,101,62,25,37,0,0,0,17,0,17,35,18,17,61,31,30,5,3,2
58684625,64,36,28,62,35,27,0,0,0,7,4,3,0,0,0,2,1,1,54,25,29,31,14,17,0,0,0,3,0,3,7,2,5,13,9,4,1,1,0
58684626,117,63,54,115,61,54,2,1,1,14,7,7,0,0,0,2,2,0,93,42,51,31,19,12,0,0,0,6,0,6,20,9,11,36,14,22,1,0,1
58684627,3668,1989,1679,3564,1939,1625,117,59,58,409,184,225,32,0,32,104,50,54,3402,1416,1986,1859,682,1177,5,4,1,135,0,135,489,248,241,914,482,432,30,6,24
58684628,16,9,7,15,8,7,1,0,1,4,3,1,0,0,0,1,1,0,7,3,4,1,0,1,0,0,0,1,0,1,2,2,0,3,1,2,0,0,0
58684629,270,148,122,257,140,117,7,3,4,22,7,15,0,0,0,13,8,5,184,66,118,73,27,46,0,0,0,8,0,8,35,12,23,68,27,41,4,2,2
58684630,1726,929,797,1666,899,767,56,29,27,191,86,105,16,0,16,60,30,30,1600,626,974,939,330,609,2,1,1,60,0,60,230,106,124,369,189,180,23,10,13
58684631,160,97,63,147,91,56,1,1,0,13,7,6,2,0,2,13,6,7,132,54,78,65,25,40,1,0,1,5,0,5,22,12,10,39,17,22,2,0,2
58684632,36,19,17,36,19,17,0,0,0,3,1,2,0,0,0,0,0,0,37,20,17,20,11,9,0,0,0,0,0,0,3,2,1,14,7,7,0,0,0
58684633,2001,1080,921,1931,1051,880,82,40,42,205,105,100,14,0,14,70,29,41,1872,837,1035,1050,438,612,0,0,0,66,0,66,251,139,112,505,260,245,17,4,13
58684634,1457,787,670,1423,770,653,43,24,19,179,85,94,7,0,7,34,17,17,1417,600,817,797,317,480,8,5,3,55,1,54,180,82,98,377,195,182,12,10,2
58684635,86,47,39,84,47,37,3,2,1,11,6,5,1,0,1,2,0,2,215,69,146,177,52,125,0,0,0,3,0,3,9,4,5,26,13,13,1,1,0
58684638,1821,1001,820,1750,960,790,63,18,45,197,98,99,11,0,11,71,41,30,1318,594,724,605,244,361,2,1,1,61,1,60,257,132,125,393,216,177,31,18,13
58684639,24,14,10,23,13,10,1,0,1,7,3,4,1,0,1,1,1,0,20,6,14,9,1,8,0,0,0,1,0,1,5,1,4,5,4,1,0,0,0
58684640,461,237,224,452,235,217,30,16,14,34,18,16,5,0,5,9,2,7,327,148,179,64,25,39,0,0,0,21,0,21,90,53,37,152,70,82,4,1,3
58684641,63,38,25,30,14,16,0,0,0,8,6,2,0,0,0,33,24,9,201,115,86,197,114,83,0,0,0,0,0,0,2,0,2,2,1,1,0,0,0
58684643,127,68,59,124,67,57,2,2,0,16,8,8,2,0,2,3,1,2,96,41,55,25,11,14,0,0,0,5,0,5,16,7,9,50,23,27,0,0,0
58684644,1248,687,561,1213,674,539,38,17,21,165,84,81,10,1,9,35,13,22,1015,428,587,501,207,294,3,1,2,56,0,56,168,84,84,287,136,151,13,8,5
58684645,91,42,49,88,41,47,1,0,1,4,2,2,0,0,0,3,1,2,53,22,31,12,4,8,0,0,0,3,0,3,12,4,8,26,14,12,0,0,0
58684646,439,239,200,420,228,192,20,11,9,61,25,36,1,0,1,19,11,8,438,191,247,214,89,125,0,0,0,19,0,19,57,33,24,148,69,79,4,2,2
58684647,49,34,15,48,33,15,0,0,0,1,0,1,0,0,0,1,1,0,19,9,10,7,2,5,1,1,0,1,0,1,4,2,2,6,4,2,3,1,2
58684649,387,202,185,383,200,183,11,5,6,29,12,17,7,0,7,4,2,2,327,148,179,97,44,53,1,1,0,25,0,25,86,44,42,118,59,59,3,1,2
58684650,1758,961,797,1702,936,766,70,35,35,162,80,82,18,0,18,56,25,31,1459,578,881,683,242,441,2,2,0,93,0,93,282,142,140,399,192,207,28,11,17
58684651,1998,1074,924,1924,1040,884,81,39,42,189,92,97,16,1,15,74,34,40,1663,684,979,926,346,580,4,2,2,55,0,55,243,119,124,435,217,218,34,14,20
58684653,2210,1282,928,2009,1160,849,77,30,47,180,88,92,15,0,15,201,122,79,1643,765,878,550,254,296,8,4,4,90,0,90,425,224,201,570,283,287,277,188,89
58684654,81,46,35,78,44,34,2,1,1,8,4,4,1,0,1,3,2,1,44,19,25,9,4,5,0,0,0,6,0,6,14,9,5,15,6,9,0,0,0
58684655,1596,826,770,1536,791,745,69,27,42,167,78,89,13,0,13,60,35,25,1501,579,922,898,318,580,4,3,1,60,0,60,184,91,93,355,167,188,16,10,6
58684657,138,79,59,136,78,58,5,4,1,15,9,6,3,0,3,2,1,1,146,64,82,58,26,32,0,0,0,11,0,11,29,16,13,48,22,26,0,0,0
58685401,75,43,32,75,43,32,0,0,0,4,3,1,5,0,5,0,0,0,99,48,51,49,24,25,1,1,0,5,1,4,21,12,9,23,10,13,0,0,0
58686201,79,40,39,77,40,37,4,1,3,11,8,3,1,0,1,2,0,2,78,35,43,42,17,25,0,0,0,1,0,1,9,4,5,26,14,12,0,0,0
58686202,824,474,350,794,458,336,28,12,16,65,35,30,8,0,8,30,16,14,795,343,452,394,161,233,1,0,1,40,0,40,137,67,70,223,115,108,7,2,5
58686203,62,35,27,60,35,25,3,2,1,2,2,0,2,0,2,2,0,2,35,14,21,16,5,11,1,1,0,0,0,0,7,4,3,11,4,7,1,1,0
58686204,47,26,21,45,24,21,0,0,0,3,2,1,0,0,0,2,2,0,55,30,25,28,12,16,0,0,0,3,0,3,8,5,3,16,13,3,0,0,0
58686205,71,44,27,70,44,26,1,0,1,1,1,0,0,0,0,1,0,1,117,51,66,53,23,30,0,0,0,11,0,11,23,10,13,30,18,12,0,0,0
58686206,54,32,22,52,32,20,3,2,1,4,3,1,0,0,0,2,0,2,50,20,30,26,9,17,0,0,0,3,0,3,5,3,2,16,8,8,1,1,0
58688901,158,93,65,156,93,63,4,2,2,18,14,4,1,0,1,2,0,2,131,53,78,41,16,25,0,0,0,7,0,7,23,9,14,60,28,32,0,0,0
58689701,12,6,6,12,6,6,0,0,0,2,2,0,0,0,0,0,0,0,9,4,5,7,2,5,0,0,0,0,0,0,0,0,0,2,2,0,0,0,0
58689702,48,25,23,46,24,22,4,0,4,1,1,0,0,0,0,2,1,1,57,29,28,37,21,16,0,0,0,2,0,2,3,1,2,15,7,8,0,0,0
58689703,106,59,47,103,56,47,3,1,2,10,4,6,0,0,0,3,3,0,101,46,55,40,17,23,0,0,0,7,0,7,21,11,10,33,18,15,1,1,0
58689704,35,20,15,33,20,13,1,1,0,3,2,1,1,0,1,2,0,2,34,12,22,17,7,10,0,0,0,2,0,2,7,3,4,8,2,6,0,0,0
58690101,65,42,23,62,40,22,3,3,0,0,0,0,0,0,0,3,2,1,52,26,26,26,9,17,0,0,0,1,0,1,4,3,1,21,14,7,1,1,0
58692701,16,9,7,16,9,7,1,1,0,1,0,1,0,0,0,0,0,0,15,8,7,7,4,3,0,0,0,1,0,1,2,2,0,5,2,3,0,0,0
58692702,75,41,34,74,41,33,3,2,1,3,1,2,0,0,0,1,0,1,51,17,34,16,7,9,0,0,0,1,0,1,6,0,6,28,10,18,1,1,0
58694301,1257,707,550,1209,683,526,38,10,28,105,59,46,10,0,10,48,24,24,1116,465,651,512,188,324,2,1,1,54,1,53,206,107,99,342,168,174,12,6,6
58694302,68,38,30,68,38,30,3,1,2,10,4,6,1,0,1,0,0,0,70,32,38,30,14,16,0,0,0,4,0,4,12,6,6,24,12,12,0,0,0
58694303,34,23,11,34,23,11,1,0,1,4,4,0,0,0,0,0,0,0,49,21,28,37,16,21,0,0,0,0,0,0,3,1,2,9,4,5,0,0,0
58694304,34,21,13,34,21,13,0,0,0,2,0,2,0,0,0,0,0,0,52,27,25,29,12,17,0,0,0,0,0,0,2,1,1,21,14,7,0,0,0
58694305,15,7,8,14,7,7,0,0,0,0,0,0,0,0,0,1,0,1,14,8,6,9,5,4,0,0,0,0,0,0,0,0,0,5,3,2,0,0,0
58694306,114,70,44,113,69,44,9,6,3,5,0,5,0,0,0,1,1,0,104,45,59,57,24,33,0,0,0,6,0,6,13,7,6,28,14,14,0,0,0
58694307,132,77,55,125,75,50,2,0,2,13,8,5,1,0,1,7,2,5,106,45,61,56,22,34,0,0,0,6,0,6,18,12,6,26,11,15,0,0,0
58694308,31,18,13,30,17,13,0,0,0,5,4,1,1,0,1,1,1,0,24,11,13,13,4,9,0,0,0,0,0,0,3,2,1,8,5,3,0,0,0
58694309,35,22,13,33,20,13,1,0,1,4,4,0,0,0,0,2,2,0,36,15,21,25,9,16,0,0,0,3,0,3,4,4,0,4,2,2,0,0,0
58694310,150,86,64,148,86,62,6,1,5,13,5,8,1,0,1,2,0,2,170,75,95,82,32,50,0,0,0,8,0,8,29,13,16,51,30,21,0,0,0
58694311,42,22,20,41,22,19,3,3,0,2,1,1,0,0,0,1,0,1,47,25,22,27,13,14,0,0,0,1,0,1,4,1,3,15,11,4,0,0,0
58695101,167,93,74,163,91,72,6,2,4,17,8,9,3,0,3,4,2,2,134,57,77,48,19,29,0,0,0,7,0,7,28,10,18,51,28,23,3,2,1
58697802,276,152,124,268,148,120,13,5,8,20,12,8,3,0,3,8,4,4,207,90,117,99,46,53,1,0,1,7,0,7,44,18,26,56,26,30,6,3,3
58697803,12,7,5,12,7,5,0,0,0,3,2,1,0,0,0,0,0,0,14,5,9,5,3,2,0,0,0,1,0,1,3,1,2,5,1,4,1,0,1
58698601,64,39,25,62,38,24,1,0,1,4,1,3,0,0,0,2,1,1,58,20,38,14,8,6,0,0,0,9,0,9,16,4,12,19,8,11,0,0,0
58698602,40,21,19,40,21,19,2,0,2,4,2,2,1,0,1,0,0,0,34,14,20,16,5,11,0,0,0,2,0,2,8,6,2,8,3,5,0,0,0
58700101,36,20,16,33,18,15,0,0,0,5,3,2,0,0,0,3,2,1,25,13,12,11,3,8,1,1,0,1,0,1,4,4,0,8,5,3,0,0,0
58700102,15,8,7,14,7,7,0,0,0,1,1,0,1,0,1,1,1,0,15,9,6,8,5,3,0,0,0,0,0,0,2,0,2,5,4,1,0,0,0
58700103,11,6,5,11,6,5,2,1,1,2,1,1,0,0,0,0,0,0,9,5,4,7,4,3,0,0,0,0,0,0,2,1,1,0,0,0,0,0,0
58701001,192,112,80,188,109,79,8,2,6,6,3,3,4,0,4,4,3,1,177,83,94,77,34,43,0,0,0,12,0,12,36,22,14,52,27,25,3,1,2
58702801,734,408,326,710,395,315,24,10,14,56,31,25,3,0,3,24,13,11,642,277,365,262,111,151,1,1,0,40,1,39,123,60,63,216,104,112,8,4,4
58702802,24,13,11,24,13,11,1,0,1,2,1,1,0,0,0,0,0,0,13,8,5,4,3,1,0,0,0,0,0,0,4,2,2,5,3,2,0,0,0
58702803,201,116,85,188,111,77,6,3,3,14,5,9,1,0,1,13,5,8,176,82,94,72,33,39,1,0,1,7,0,7,30,14,16,66,35,31,2,1,1
58703601,151,90,61,146,88,58,3,1,2,14,8,6,1,0,1,5,2,3,130,51,79,42,17,25,0,0,0,7,0,7,23,11,12,58,23,35,1,1,0
58704401,497,284,213,479,276,203,14,5,9,40,20,20,1,0,1,18,8,10,386,162,224,177,76,101,0,0,0,17,0,17,62,29,33,130,57,73,7,5,2
58704402,134,76,58,131,76,55,10,5,5,20,13,7,1,0,1,3,0,3,118,53,65,54,21,33,0,0,0,3,0,3,19,7,12,42,25,17,0,0,0
58704403,39,24,15,37,23,14,1,0,1,3,3,0,2,0,2,2,1,1,37,16,21,17,6,11,0,0,0,1,0,1,3,0,3,16,10,6,0,0,0
58706101,45,25,20,44,25,19,1,1,0,3,3,0,0,0,0,1,0,1,54,21,33,23,9,14,0,0,0,3,0,3,6,4,2,22,8,14,0,0,0
58707901,45,26,19,44,25,19,2,0,2,2,1,1,0,0,0,1,1,0,50,22,28,18,5,13,0,0,0,5,0,5,9,7,2,18,10,8,1,1,0
58708701,15,9,6,14,8,6,1,0,1,1,1,0,0,0,0,1,1,0,19,9,10,12,3,9,0,0,0,0,0,0,2,2,0,5,4,1,0,0,0
58708702,77,44,33,74,42,32,4,1,3,5,2,3,1,0,1,3,2,1,63,32,31,27,14,13,0,0,0,3,0,3,10,4,6,23,14,9,1,1,0
58709501,251,139,112,246,136,110,10,7,3,18,6,12,5,0,5,5,3,2,212,98,114,88,44,44,0,0,0,11,0,11,50,23,27,63,31,32,0,0,0
58710901,14,7,7,14,7,7,2,0,2,0,0,0,0,0,0,0,0,0,14,5,9,3,1,2,0,0,0,0,0,0,5,3,2,6,1,5,0,0,0
58710902,30,17,13,29,17,12,1,1,0,0,0,0,0,0,0,1,0,1,22,10,12,10,3,7,0,0,0,1,0,1,3,2,1,8,5,3,0,0,0
58710903,14,9,5,14,9,5,0,0,0,2,1,1,1,0,1,0,0,0,13,4,9,7,2,5,1,0,1,0,0,0,2,1,1,3,1,2,0,0,0
58710904,12,8,4,12,8,4,0,0,0,2,1,1,0,0,0,0,0,0,12,6,6,7,4,3,0,0,0,0,0,0,1,0,1,4,2,2,0,0,0
58711701,46,25,21,44,25,19,6,2,4,4,2,2,0,0,0,2,0,2,24,11,13,17,8,9,0,0,0,0,0,0,2,1,1,5,2,3,0,0,0
58711702,79,44,35,74,42,32,1,0,1,3,2,1,0,0,0,5,2,3,55,17,38,16,6,10,0,0,0,3,0,3,14,1,13,22,10,12,2,1,1
58711703,42,25,17,40,24,16,5,3,2,3,2,1,0,0,0,2,1,1,38,16,22,29,15,14,0,0,0,1,0,1,3,1,2,5,0,5,0,0,0
58712501,95,50,45,93,50,43,4,3,1,6,2,4,2,0,2,2,0,2,73,44,29,45,25,20,0,0,0,0,0,0,11,11,0,17,8,9,2,2,0
58714101,358,196,162,352,195,157,14,5,9,38,20,18,2,0,2,6,1,5,323,134,189,175,70,105,0,0,0,14,0,14,37,21,16,97,43,54,1,0,1
58715001,37,19,18,36,19,17,0,0,0,3,2,1,0,0,0,1,0,1,39,18,21,20,7,13,0,0,0,0,0,0,3,3,0,16,8,8,0,0,0
58715002,25,17,8,25,17,8,3,2,1,1,0,1,0,0,0,0,0,0,17,9,8,11,7,4,0,0,0,0,0,0,1,1,0,5,1,4,0,0,0
58715003,18,12,6,18,12,6,1,1,0,2,2,0,0,0,0,0,0,0,9,2,7,6,2,4,0,0,0,0,0,0,2,0,2,1,0,1,0,0,0
58716801,139,85,54,136,85,51,1,0,1,15,9,6,2,0,2,3,0,3,165,84,81,95,43,52,0,0,0,5,0,5,27,13,14,38,28,10,5,3,2
58716802,86,50,36,86,50,36,4,1,3,7,6,1,0,0,0,0,0,0,104,52,52,53,27,26,0,0,0,6,0,6,16,8,8,29,17,12,7,6,1
58716803,26,13,13,26,13,13,0,0,0,2,1,1,0,0,0,0,0,0,18,6,12,10,3,7,0,0,0,1,0,1,2,0,2,5,3,2,0,0,0
58717601,259,142,117,256,141,115,18,9,9,14,9,5,2,0,2,3,1,2,193,98,95,60,30,30,1,0,1,5,0,5,33,17,16,94,51,43,0,0,0
58718401,39,25,14,37,23,14,1,0,1,0,0,0,1,0,1,2,2,0,38,13,25,20,7,13,0,0,0,3,0,3,7,4,3,8,2,6,0,0,0
58719201,30,18,12,29,18,11,2,1,1,1,0,1,0,0,0,1,0,1,35,19,16,16,8,8,0,0,0,3,0,3,4,2,2,12,9,3,1,0,1
58719202,35,21,14,35,21,14,1,1,0,3,1,2,0,0,0,0,0,0,23,11,12,5,2,3,0,0,0,1,0,1,5,1,4,12,8,4,0,0,0
58720601,36,22,14,35,22,13,1,1,0,0,0,0,0,0,0,1,0,1,52,24,28,18,10,8,0,0,0,7,0,7,18,8,10,9,6,3,0,0,0
58721401,30,16,14,30,16,14,1,0,1,4,3,1,2,0,2,0,0,0,34,17,17,14,6,8,0,0,0,1,0,1,10,7,3,9,4,5,1,1,0
58722201,36,22,14,34,21,13,1,1,0,2,2,0,1,0,1,2,1,1,24,11,13,19,9,10,0,0,0,0,0,0,3,1,2,2,1,1,0,0,0
58722202,47,29,18,47,29,18,3,1,2,7,3,4,0,0,0,0,0,0,26,8,18,7,3,4,0,0,0,4,0,4,9,2,7,6,3,3,0,0,0
58723101,20,10,10,20,10,10,0,0,0,3,0,3,1,0,1,0,0,0,26,11,15,11,3,8,0,0,0,2,1,1,5,2,3,8,5,3,0,0,0
58724902,327,169,158,317,165,152,12,6,6,28,16,12,3,0,3,10,4,6,221,109,112,101,42,59,0,0,0,11,0,11,38,22,16,71,45,26,7,3,4
58726501,93,53,40,90,53,37,3,3,0,14,7,7,0,0,0,3,0,3,73,31,42,35,17,18,0,0,0,7,0,7,16,5,11,15,9,6,1,1,0
58727301,120,68,52,117,67,50,4,0,4,11,5,6,2,0,2,3,1,2,114,54,60,60,28,32,0,0,0,3,0,3,21,12,9,30,14,16,2,1,1
58728101,73,45,28,71,43,28,3,1,2,5,2,3,0,0,0,2,2,0,38,15,23,18,6,12,1,0,1,2,0,2,6,2,4,11,7,4,1,1,0
58729001,90,56,34,87,56,31,4,3,1,12,9,3,0,0,0,3,0,3,95,40,55,54,23,31,0,0,0,5,0,5,19,8,11,17,9,8,3,2,1
58730301,46,30,16,43,28,15,1,0,1,6,4,2,1,0,1,3,2,1,40,16,24,21,9,12,0,0,0,4,1,3,12,5,7,3,1,2,2,2,0
58732001,53,30,23,53,30,23,2,0,2,3,1,2,0,0,0,0,0,0,67,33,34,36,16,20,0,0,0,4,0,4,10,4,6,17,13,4,0,0,0
58733802,71,45,26,69,43,26,2,1,1,6,4,2,1,0,1,2,2,0,71,28,43,51,23,28,0,0,0,1,0,1,6,2,4,13,3,10,2,2,0
58734601,668,383,285,647,374,273,23,9,14,44,24,20,6,0,6,21,9,12,687,329,358,315,130,185,3,2,1,28,0,28,111,57,54,230,140,90,6,2,4
58734602,24,12,12,24,12,12,1,1,0,3,0,3,0,0,0,0,0,0,35,15,20,22,9,13,0,0,0,1,0,1,6,1,5,6,5,1,0,0,0
58734603,87,48,39,85,46,39,1,0,1,10,6,4,0,0,0,2,2,0,97,44,53,37,16,21,0,0,0,7,1,6,23,7,16,30,20,10,2,1,1
58734604,162,91,71,160,89,71,5,1,4,13,6,7,1,0,1,2,2,0,128,55,73,54,24,30,2,1,1,10,0,10,24,11,13,38,19,19,0,0,0
58736201,89,47,42,89,47,42,4,0,4,15,8,7,1,0,1,0,0,0,84,36,48,46,16,30,0,0,0,3,0,3,11,7,4,24,13,11,0,0,0
58737101,27,16,11,25,15,10,2,1,1,6,4,2,0,0,0,2,1,1,43,14,29,27,9,18,0,0,0,1,0,1,3,0,3,12,5,7,1,1,0
58738902,75,43,32,74,43,31,4,2,2,5,2,3,1,0,1,1,0,1,98,41,57,55,21,34,0,0,0,4,0,4,13,6,7,26,14,12,2,1,1
58740101,534,296,238,498,278,220,12,9,3,54,21,33,4,0,4,36,18,18,354,175,179,143,62,81,1,1,0,22,0,22,75,48,27,113,64,49,12,6,6
58741901,45,25,20,43,25,18,0,0,0,4,2,2,1,0,1,2,0,2,28,13,15,11,5,6,0,0,0,0,0,0,6,2,4,11,6,5,0,0,0
58742701,233,136,97,224,132,92,7,4,3,22,8,14,2,0,2,9,4,5,216,96,120,105,46,59,0,0,0,13,0,13,35,18,17,63,32,31,1,0,1
58743501,358,212,146,347,208,139,11,5,6,23,15,8,0,0,0,11,4,7,248,95,153,103,37,66,0,0,0,14,0,14,42,21,21,89,37,52,6,1,5
58744301,101,59,42,98,58,40,6,2,4,6,1,5,1,0,1,3,1,2,96,43,53,51,19,32,0,0,0,2,0,2,9,4,5,34,20,14,0,0,0
58745101,51,29,22,45,25,20,2,0,2,2,1,1,0,0,0,6,4,2,42,21,21,18,9,9,0,0,0,2,0,2,4,3,1,18,9,9,1,0,1
58747802,1436,818,618,1405,801,604,48,25,23,110,53,57,19,0,19,31,17,14,1361,589,772,554,230,324,0,0,0,91,0,91,294,147,147,422,212,210,15,9,6
58747803,32,21,11,32,21,11,1,1,0,2,1,1,0,0,0,0,0,0,55,25,30,33,16,17,0,0,0,2,0,2,3,2,1,17,7,10,0,0,0
58747805,16,9,7,16,9,7,0,0,0,0,0,0,0,0,0,0,0,0,13,8,5,7,3,4,0,0,0,0,0,0,0,0,0,6,5,1,0,0,0
58747806,17,10,7,17,10,7,1,0,1,1,0,1,0,0,0,0,0,0,13,5,8,5,1,4,0,0,0,0,0,0,3,2,1,5,2,3,0,0,0
58748601,302,166,136,291,161,130,9,5,4,22,13,9,2,0,2,11,5,6,265,115,150,121,52,69,1,1,0,13,0,13,35,20,15,95,42,53,1,1,0
58749401,87,51,36,86,50,36,0,0,0,5,1,4,0,0,0,1,1,0,92,43,49,48,19,29,0,0,0,4,0,4,14,8,6,26,16,10,1,1,0
58750801,153,85,68,148,84,64,7,4,3,11,6,5,2,0,2,5,1,4,112,45,67,46,18,28,0,0,0,6,0,6,22,11,11,38,16,22,1,0,1
58752401,76,46,30,73,44,29,1,0,1,8,5,3,0,0,0,3,2,1,62,27,35,35,16,19,0,0,0,2,0,2,7,3,4,18,8,10,0,0,0
58753201,43,28,15,42,28,14,3,2,1,2,1,1,1,0,1,1,0,1,29,12,17,15,7,8,0,0,0,2,0,2,6,2,4,6,3,3,3,3,0
58753202,41,26,15,40,25,15,0,0,0,5,1,4,0,0,0,1,1,0,42,18,24,19,8,11,0,0,0,4,0,4,7,3,4,12,7,5,0,0,0
58754101,40,26,14,39,25,14,0,0,0,6,3,3,0,0,0,1,1,0,20,11,9,11,4,7,0,0,0,0,0,0,1,1,0,8,6,2,1,1,0
58754102,369,209,160,356,200,156,6,4,2,35,13,22,2,0,2,13,9,4,368,158,210,190,78,112,0,0,0,18,0,18,57,25,32,103,55,48,5,4,1
58754103,23,14,9,22,14,8,0,0,0,3,2,1,1,0,1,1,0,1,20,8,12,10,4,6,0,0,0,1,0,1,3,1,2,6,3,3,0,0,0
58755901,63,39,24,62,39,23,1,1,0,4,2,2,0,0,0,1,0,1,54,23,31,27,11,16,0,0,0,5,0,5,8,1,7,14,11,3,1,0,1
58756701,103,56,47,95,52,43,3,1,2,7,6,1,2,0,2,8,4,4,100,51,49,46,22,24,0,0,0,1,0,1,11,7,4,42,22,20,1,0,1
58757501,94,55,39,92,53,39,6,3,3,4,2,2,0,0,0,2,2,0,97,41,56,54,23,31,0,0,0,4,0,4,11,4,7,28,14,14,1,0,1
58758301,115,65,50,109,63,46,6,3,3,10,7,3,2,0,2,6,2,4,109,56,53,64,31,33,0,0,0,1,0,1,15,7,8,29,18,11,1,0,1
58759101,426,237,189,411,232,179,11,5,6,25,16,9,2,0,2,15,5,10,381,176,205,200,93,107,0,0,0,15,0,15,56,27,29,110,56,54,4,3,1
58761301,36,18,18,34,17,17,0,0,0,3,1,2,0,0,0,2,1,1,48,22,26,20,9,11,0,0,0,2,0,2,5,2,3,21,11,10,0,0,0
58762101,110,64,46,108,63,45,2,2,0,9,5,4,0,0,0,2,1,1,88,38,50,40,17,23,0,0,0,4,0,4,12,8,4,32,13,19,0,0,0
58763001,38,18,20,36,17,19,0,0,0,1,0,1,0,0,0,2,1,1,28,17,11,11,6,5,0,0,0,0,0,0,4,3,1,13,8,5,0,0,0
58764801,39,22,17,37,22,15,0,0,0,4,2,2,0,0,0,2,0,2,44,16,28,28,11,17,0,0,0,1,0,1,5,2,3,10,3,7,0,0,0
58765601,99,55,44,99,55,44,6,2,4,2,1,1,0,0,0,0,0,0,107,46,61,30,14,16,0,0,0,6,0,6,18,9,9,53,23,30,0,0,0
58767201,17,11,6,17,11,6,0,0,0,1,0,1,0,0,0,0,0,0,20,5,15,12,4,8,0,0,0,0,0,0,3,1,2,5,0,5,0,0,0
58767202,42,27,15,39,26,13,0,0,0,6,6,0,0,0,0,3,1,2,41,21,20,21,12,9,0,0,0,3,0,3,9,3,6,8,6,2,0,0,0
58768101,21,12,9,20,11,9,0,0,0,1,1,0,0,0,0,1,1,0,23,10,13,8,4,4,0,0,0,1,0,1,3,1,2,11,5,6,0,0,0
58768102,173,101,72,168,96,72,4,1,3,7,5,2,1,0,1,5,5,0,151,65,86,74,34,40,0,0,0,7,0,7,28,11,17,42,20,22,0,0,0
58768103,13,10,3,13,10,3,0,0,0,1,1,0,1,0,1,0,0,0,12,4,8,6,2,4,0,0,0,1,0,1,3,1,2,2,1,1,0,0,0
58770201,104,59,45,102,58,44,5,2,3,10,6,4,1,0,1,2,1,1,83,31,52,34,13,21,0,0,0,2,0,2,14,4,10,33,14,19,0,0,0
58771101,129,77,52,128,77,51,4,1,3,6,4,2,0,0,0,1,0,1,147,58,89,56,22,34,1,1,0,12,0,12,31,16,15,47,19,28,2,1,1
58771102,80,45,35,80,45,35,3,2,1,6,6,0,1,0,1,0,0,0,89,31,58,49,15,34,0,0,0,5,0,5,20,8,12,15,8,7,2,2,0
58771103,12,5,7,10,4,6,2,0,2,0,0,0,0,0,0,2,1,1,7,3,4,3,2,1,0,0,0,0,0,0,2,0,2,2,1,1,1,0,1
58771104,87,44,43,84,43,41,1,0,1,10,4,6,0,0,0,3,1,2,61,27,34,30,17,13,0,0,0,5,0,5,12,5,7,14,5,9,0,0,0
58771105,341,194,147,327,187,140,12,2,10,26,13,13,1,0,1,14,7,7,314,145,169,156,70,86,2,1,1,9,0,9,42,22,20,105,52,53,8,4,4
58771106,279,156,123,275,154,121,17,10,7,18,6,12,2,0,2,4,2,2,263,122,141,94,39,55,1,0,1,12,0,12,47,25,22,109,58,51,5,2,3
58771108,544,301,243,531,296,235,23,9,14,32,17,15,4,0,4,13,5,8,477,223,254,205,92,113,2,2,0,34,0,34,89,49,40,147,80,67,0,0,0
58771109,297,173,124,287,165,122,7,3,4,26,8,18,3,0,3,10,8,2,324,140,184,161,64,97,1,0,1,19,0,19,53,25,28,90,51,39,1,1,0
58771110,787,432,355,773,423,350,31,19,12,90,48,42,5,0,5,14,9,5,790,329,461,377,137,240,2,1,1,40,0,40,116,56,60,255,135,120,7,3,4
58771111,20,9,11,19,8,11,1,1,0,3,1,2,1,1,0,1,1,0,15,9,6,4,1,3,0,0,0,0,0,0,3,3,0,8,5,3,0,0,0
58774502,333,194,139,328,190,138,11,5,6,22,9,13,2,0,2,5,4,1,318,157,161,148,65,83,1,1,0,17,0,17,53,31,22,99,60,39,6,3,3
58774503,29,14,15,29,14,15,1,1,0,4,2,2,0,0,0,0,0,0,17,7,10,6,2,4,0,0,0,0,0,0,3,1,2,8,4,4,0,0,0
58774504,69,40,29,65,38,27,1,0,1,18,9,9,0,0,0,4,2,2,57,18,39,21,9,12,0,0,0,4,0,4,12,4,8,20,5,15,0,0,0
58776101,121,69,52,111,65,46,2,2,0,12,8,4,1,0,1,10,4,6,101,47,54,46,21,25,0,0,0,4,0,4,16,8,8,35,18,17,2,2,0
58778801,224,122,102,222,121,101,17,10,7,29,15,14,0,0,0,2,1,1,171,88,83,72,35,37,0,0,0,1,0,1,19,9,10,79,44,35,1,1,0
58778802,34,18,16,33,18,15,0,0,0,4,3,1,0,0,0,1,0,1,26,10,16,8,2,6,0,0,0,2,0,2,5,4,1,11,4,7,0,0,0
58779602,178,99,79,174,98,76,1,1,0,16,9,7,2,0,2,4,1,3,218,88,130,105,44,61,0,0,0,12,0,12,38,22,16,63,22,41,1,1,0
58780001,80,49,31,76,47,29,0,0,0,11,7,4,0,0,0,4,2,2,57,27,30,31,15,16,1,0,1,4,0,4,5,4,1,16,8,8,0,0,0
58781801,181,100,81,176,97,79,9,5,4,15,6,9,1,0,1,5,3,2,149,79,70,58,29,29,0,0,0,9,0,9,24,15,9,58,35,23,1,1,0
58782601,46,27,19,45,27,18,3,2,1,3,1,2,0,0,0,1,0,1,79,35,44,32,18,14,0,0,0,4,0,4,15,6,9,28,11,17,1,0,1
58783401,110,69,41,106,67,39,7,4,3,12,8,4,0,0,0,4,2,2,126,54,72,64,26,38,0,0,0,9,0,9,22,12,10,31,16,15,0,0,0
58785101,49,26,23,47,25,22,1,0,1,2,1,1,0,0,0,2,1,1,37,13,24,16,6,10,0,0,0,4,0,4,11,4,7,6,3,3,0,0,0
58787701,26,16,10,23,14,9,1,1,0,1,1,0,0,0,0,3,2,1,30,13,17,16,8,8,0,0,0,2,0,2,5,3,2,7,2,5,0,0,0
58788501,154,88,66,150,85,65,7,2,5,11,5,6,0,0,0,4,3,1,140,56,84,59,22,37,0,0,0,10,0,10,32,16,16,39,18,21,0,0,0
58791501,96,52,44,94,52,42,2,0,2,5,3,2,1,0,1,2,0,2,71,34,37,30,13,17,0,0,0,5,0,5,18,10,8,18,11,7,0,0,0
58792302,329,199,130,317,192,125,11,4,7,23,13,10,2,0,2,12,7,5,267,115,152,134,54,80,2,0,2,15,0,15,43,19,24,73,42,31,4,0,4
58793102,562,311,251,541,302,239,20,9,11,43,23,20,1,0,1,21,9,12,500,201,299,220,83,137,0,0,0,20,0,20,83,42,41,177,76,101,8,7,1
58794001,47,27,20,45,25,20,1,1,0,3,1,2,1,0,1,2,2,0,46,19,27,13,6,7,1,0,1,2,0,2,11,5,6,19,8,11,0,0,0
58795802,239,135,104,229,128,101,7,4,3,16,8,8,3,0,3,10,7,3,214,99,115,82,33,49,0,0,0,7,0,7,37,16,21,88,50,38,4,3,1
58798201,31,16,15,31,16,15,0,0,0,6,2,4,0,0,0,0,0,0,15,6,9,10,5,5,0,0,0,0,0,0,1,0,1,4,1,3,0,0,0
58798202,43,25,18,40,23,17,2,1,1,4,2,2,2,0,2,3,2,1,43,18,25,18,6,12,0,0,0,4,0,4,11,8,3,10,4,6,0,0,0
58798203,61,31,30,60,30,30,2,1,1,9,4,5,0,0,0,1,1,0,55,26,29,25,11,14,0,0,0,3,0,3,9,7,2,18,8,10,2,2,0
58799101,21,13,8,21,13,8,0,0,0,0,0,0,0,0,0,0,0,0,22,7,15,18,6,12,0,0,0,0,0,0,0,0,0,4,1,3,0,0,0
58800801,105,58,47,103,57,46,6,1,5,5,4,1,4,0,4,2,1,1,107,48,59,46,20,26,0,0,0,5,0,5,25,11,14,31,17,14,3,2,1
1656380,0,0,0,0,0,0,0,0,0,0,0,0,0,0,0,0,0,0,0,0,0,0,0,0,0,0,0,0,0,0,0,0,0,0,0,0,0,0,0
1656710,0,0,0,0,0,0,0,0,0,0,0,0,0,0,0,0,0,0,0,0,0,0,0,0,0,0,0,0,0,0,0,0,0,0,0,0,0,0,0
58802401,39,22,17,39,22,17,1,1,0,1,0,1,1,0,1,0,0,0,39,19,20,19,9,10,0,0,0,1,0,1,3,1,2,16,9,7,0,0,0
58802402,137,87,50,124,80,44,8,3,5,17,8,9,1,0,1,13,7,6,103,48,55,58,23,35,0,0,0,2,0,2,17,11,6,26,14,12,20,12,8
58802403,40,22,18,39,22,17,1,0,1,8,3,5,0,0,0,1,0,1,38,18,20,16,8,8,0,0,0,3,0,3,5,3,2,14,7,7,1,1,0
58802404,44,21,23,41,19,22,1,1,0,4,3,1,0,0,0,3,2,1,33,17,16,24,11,13,0,0,0,0,0,0,2,2,0,7,4,3,0,0,0
58802405,148,80,68,142,76,66,2,0,2,7,4,3,0,0,0,6,4,2,177,70,107,116,37,79,0,0,0,6,0,6,22,12,10,33,21,12,3,2,1
58802406,260,146,114,250,142,108,6,2,4,28,15,13,2,0,2,10,4,6,225,95,130,119,43,76,3,2,1,6,0,6,34,19,15,63,31,32,1,1,0
58802408,12,7,5,10,5,5,0,0,0,0,0,0,0,0,0,2,2,0,13,8,5,8,4,4,0,0,0,0,0,0,0,0,0,5,4,1,0,0,0
58802409,355,210,145,347,204,143,6,2,4,45,29,16,3,0,3,8,6,2,450,175,275,238,74,164,2,1,1,22,0,22,64,37,27,124,63,61,4,3,1
58802410,59,35,24,59,35,24,4,2,2,6,3,3,1,0,1,0,0,0,164,57,107,129,41,88,0,0,0,2,0,2,19,11,8,14,5,9,1,1,0
58802411,182,101,81,174,97,77,6,3,3,15,12,3,0,0,0,8,4,4,174,72,102,96,38,58,0,0,0,5,0,5,26,12,14,47,22,25,0,0,0
58802413,581,308,273,564,302,262,22,6,16,68,33,35,3,0,3,17,6,11,603,264,339,316,123,193,0,0,0,29,0,29,82,43,39,176,98,78,2,2,0
58802414,20,14,6,20,14,6,0,0,0,1,1,0,0,0,0,0,0,0,16,6,10,6,3,3,0,0,0,1,0,1,3,0,3,6,3,3,1,0,1
58802415,615,322,293,592,310,282,14,5,9,37,18,19,6,0,6,23,12,11,586,242,344,298,123,175,0,0,0,29,0,29,99,47,52,160,72,88,5,0,5
58803201,34,18,16,34,18,16,3,2,1,3,2,1,0,0,0,0,0,0,57,20,37,29,11,18,0,0,0,1,0,1,7,3,4,20,6,14,0,0,0
58803202,76,42,34,75,41,34,4,2,2,7,3,4,1,0,1,1,1,0,53,25,28,31,15,16,0,0,0,1,0,1,7,3,4,14,7,7,0,0,0
58803203,77,47,30,76,47,29,1,1,0,9,3,6,1,0,1,1,0,1,94,43,51,39,17,22,0,0,0,5,0,5,13,6,7,37,20,17,2,0,2
58803204,97,61,36,91,58,33,4,2,2,4,4,0,1,0,1,6,3,3,76,33,43,46,19,27,0,0,0,0,0,0,10,1,9,20,13,7,2,1,1
58803205,15,9,6,14,8,6,0,0,0,1,1,0,0,0,0,1,1,0,18,8,10,10,5,5,0,0,0,1,0,1,1,1,0,6,2,4,0,0,0
58803206,1109,619,490,1070,601,469,38,17,21,82,35,47,8,0,8,39,18,21,995,416,579,495,197,298,3,3,0,48,0,48,166,87,79,283,129,154,26,16,10
58803208,110,63,47,107,60,47,5,3,2,12,8,4,0,0,0,3,3,0,100,41,59,59,20,39,1,1,0,3,0,3,7,3,4,30,17,13,0,0,0
58803209,184,106,78,179,103,76,6,4,2,12,7,5,4,0,4,5,3,2,163,77,86,66,30,36,1,1,0,9,0,9,38,18,20,49,28,21,0,0,0
58803210,1094,591,503,1072,583,489,42,17,25,121,69,52,14,0,14,22,8,14,1065,479,586,596,242,354,2,2,0,40,0,40,145,68,77,282,167,115,4,1,3
58804101,79,46,33,77,45,32,4,4,0,5,2,3,0,0,0,2,1,1,76,36,40,27,12,15,0,0,0,4,0,4,11,6,5,34,18,16,1,1,0
58806701,68,37,31,65,36,29,0,0,0,2,2,0,0,0,0,3,1,2,53,17,36,22,8,14,0,0,0,2,0,2,8,3,5,21,6,15,0,0,0
58807502,110,65,45,104,64,40,1,1,0,12,5,7,0,0,0,6,1,5,100,47,53,54,24,30,0,0,0,3,0,3,12,8,4,31,15,16,0,0,0
58808301,44,28,16,42,27,15,3,2,1,4,3,1,0,0,0,2,1,1,45,17,28,24,10,14,0,0,0,1,0,1,4,1,3,16,6,10,0,0,0
3390240,0,0,0,0,0,0,0,0,0,0,0,0,0,0,0,0,0,0,0,0,0,0,0,0,0,0,0,0,0,0,0,0,0,0,0,0,0,0,0
58809101,16,8,8,15,7,8,0,0,0,3,2,1,0,0,0,1,1,0,19,9,10,6,3,3,0,0,0,1,0,1,6,4,2,6,2,4,0,0,0
58810501,17,8,9,13,6,7,0,0,0,1,0,1,0,0,0,4,2,2,22,11,11,18,10,8,0,0,0,1,0,1,2,1,1,1,0,1,1,0,1
1981700,0,0,0,0,0,0,0,0,0,0,0,0,0,0,0,0,0,0,0,0,0,0,0,0,0,0,0,0,0,0,0,0,0,0,0,0,0,0,0
58811301,20,12,8,20,12,8,1,1,0,1,1,0,0,0,0,0,0,0,29,12,17,15,7,8,0,0,0,1,0,1,3,1,2,10,4,6,0,0,0
58811303,36,23,13,34,22,12,2,2,0,3,3,0,0,0,0,2,1,1,25,10,15,6,2,4,0,0,0,1,0,1,4,2,2,14,6,8,0,0,0
58811304,455,257,198,440,249,191,21,9,12,52,28,24,3,0,3,15,8,7,398,178,220,218,89,129,0,0,0,14,1,13,50,26,24,116,62,54,5,3,2
58811305,11,6,5,10,6,4,0,0,0,2,1,1,1,0,1,1,0,1,12,3,9,7,2,5,0,0,0,0,0,0,3,1,2,2,0,2,0,0,0
58811306,146,80,66,140,78,62,12,5,7,14,9,5,1,0,1,6,2,4,107,52,55,40,19,21,0,0,0,7,0,7,23,13,10,37,20,17,0,0,0
58812102,313,180,133,307,177,130,7,4,3,30,17,13,3,0,3,6,3,3,304,126,178,134,54,80,1,0,1,20,0,20,57,30,27,92,42,50,3,1,2
58813001,86,50,36,83,48,35,3,1,2,9,5,4,1,0,1,3,2,1,62,23,39,24,8,16,0,0,0,5,0,5,15,6,9,18,9,9,0,0,0
58814801,65,33,32,62,32,30,2,2,0,6,1,5,0,0,0,3,1,2,68,38,30,29,19,10,0,0,0,4,0,4,13,5,8,22,14,8,1,1,0
58815601,34,18,16,33,17,16,0,0,0,5,2,3,1,0,1,1,1,0,21,10,11,6,4,2,0,0,0,1,0,1,4,3,1,10,3,7,0,0,0
58815602,153,86,67,149,84,65,8,2,6,10,5,5,3,0,3,4,2,2,93,45,48,35,17,18,0,0,0,5,0,5,20,9,11,33,19,14,3,2,1
58816401,27,16,11,26,16,10,0,0,0,2,1,1,0,0,0,1,0,1,40,18,22,15,9,6,0,0,0,4,0,4,16,7,9,5,2,3,1,0,1
58817201,32,20,12,30,20,10,0,0,0,2,2,0,0,0,0,2,0,2,44,15,29,20,7,13,0,0,0,4,0,4,8,3,5,12,5,7,2,1,1
58817202,78,41,37,76,39,37,3,1,2,9,4,5,1,0,1,2,2,0,77,36,41,31,12,19,0,0,0,1,0,1,12,4,8,33,20,13,2,1,1
58817203,84,47,37,83,46,37,0,0,0,10,4,6,1,0,1,1,1,0,77,42,35,31,14,17,1,0,1,4,0,4,14,10,4,27,18,9,0,0,0
58817205,279,143,136,270,140,130,9,4,5,26,15,11,4,0,4,9,3,6,239,107,132,105,44,61,0,0,0,4,0,4,31,11,20,99,52,47,3,3,0
58818101,211,115,96,206,112,94,18,6,12,15,10,5,1,0,1,5,3,2,195,95,100,82,38,44,0,0,0,11,0,11,23,16,7,79,41,38,1,0,1
58819901,42,22,20,41,21,20,1,1,0,4,1,3,0,0,0,1,1,0,70,25,45,30,13,17,0,0,0,6,0,6,15,5,10,19,7,12,0,0,0
58820201,138,85,53,133,84,49,3,2,1,8,4,4,0,0,0,5,1,4,113,46,67,49,17,32,0,0,0,6,0,6,19,11,8,39,18,21,3,3,0
58821101,107,62,45,104,62,42,8,6,2,13,5,8,0,0,0,3,0,3,96,36,60,53,22,31,0,0,0,5,0,5,15,3,12,23,11,12,17,15,2
58822901,54,26,28,54,26,28,1,0,1,5,2,3,0,0,0,0,0,0,46,23,23,12,7,5,0,0,0,2,0,2,9,4,5,23,12,11,0,0,0
58824501,25,15,10,24,15,9,0,0,0,2,0,2,0,0,0,1,0,1,22,13,9,12,6,6,0,0,0,2,0,2,4,3,1,4,4,0,1,1,0
58825301,222,127,95,217,126,91,10,7,3,16,8,8,0,0,0,5,1,4,203,86,117,85,37,48,0,0,0,9,0,9,35,15,20,74,34,40,1,0,1
58826101,40,21,19,38,21,17,3,1,2,2,1,1,0,0,0,2,0,2,40,19,21,15,6,9,1,1,0,3,0,3,8,4,4,13,8,5,0,0,0
58827001,62,39,23,62,39,23,3,2,1,6,2,4,2,0,2,0,0,0,48,18,30,25,8,17,0,0,0,2,0,2,7,1,6,14,9,5,0,0,0
58828801,206,115,91,199,111,88,5,3,2,21,10,11,2,0,2,7,4,3,290,88,202,164,42,122,1,0,1,14,0,14,51,18,33,60,28,32,0,0,0
59037101,48,24,24,47,23,24,1,0,1,5,2,3,0,0,0,1,1,0,49,23,26,29,14,15,1,1,0,3,0,3,10,5,5,6,3,3,0,0,0
59068101,52,31,21,50,31,19,3,1,2,2,2,0,0,0,0,2,0,2,52,21,31,18,6,12,0,0,0,5,0,5,8,4,4,21,11,10,0,0,0
0670322,0,0,0,0,0,0,0,0,0,0,0,0,0,0,0,0,0,0,0,0,0,0,0,0,0,0,0,0,0,0,0,0,0,0,0,0,0,0,0
59084301,69,36,33,67,35,32,2,1,1,3,2,1,1,0,1,2,1,1,63,28,35,26,11,15,0,0,0,5,0,5,14,6,8,18,11,7,0,0,0
59084303,568,329,239,549,321,228,18,7,11,44,31,13,6,0,6,19,8,11,512,238,274,239,106,133,1,0,1,25,0,25,87,47,40,160,85,75,2,2,0
59084305,55,33,22,54,32,22,2,0,2,6,4,2,0,0,0,1,1,0,52,19,33,21,11,10,0,0,0,5,0,5,8,2,6,18,6,12,0,0,0
50938801,51,25,26,50,25,25,3,2,1,6,2,4,1,0,1,1,0,1,36,18,18,17,10,7,0,0,0,2,0,2,9,4,5,8,4,4,0,0,0
50941801,47,29,18,46,29,17,1,1,0,6,4,2,0,0,0,1,0,1,55,23,32,28,12,16,0,0,0,1,0,1,5,2,3,21,9,12,0,0,0
52982601,39,19,20,38,19,19,1,0,1,3,2,1,0,0,0,1,0,1,49,26,23,24,11,13,0,0,0,1,0,1,6,3,3,18,12,6,1,0,1
52983401,49,29,20,49,29,20,3,2,1,10,6,4,0,0,0,0,0,0,45,20,25,20,8,12,0,0,0,2,0,2,11,5,6,12,7,5,4,3,1
52983402,19,10,9,19,10,9,0,0,0,0,0,0,0,0,0,0,0,0,23,11,12,6,2,4,0,0,0,1,0,1,5,1,4,11,8,3,0,0,0
52986901,9,7,2,9,7,2,0,0,0,0,0,0,0,0,0,0,0,0,15,9,6,10,5,5,1,1,0,1,0,1,1,1,0,2,2,0,0,0,0
52986902,13,8,5,12,7,5,1,1,0,0,0,0,0,0,0,1,1,0,14,5,9,12,5,7,0,0,0,0,0,0,1,0,1,1,0,1,0,0,0
53759401,11,8,3,11,8,3,1,0,1,1,0,1,0,0,0,0,0,0,17,9,8,13,6,7,1,1,0,0,0,0,0,0,0,3,2,1,0,0,0
53759403,31,20,11,30,19,11,3,2,1,3,2,1,0,0,0,1,1,0,40,14,26,24,8,16,0,0,0,2,0,2,2,1,1,12,5,7,1,1,0
53760801,133,74,59,130,72,58,2,2,0,10,7,3,1,0,1,3,2,1,119,54,65,43,18,25,0,0,0,5,0,5,24,13,11,47,23,24,0,0,0
53769101,78,49,29,77,49,28,4,3,1,9,7,2,1,0,1,1,0,1,79,37,42,32,15,17,0,0,0,6,0,6,17,9,8,24,13,11,3,2,1
53773001,35,19,16,32,18,14,2,1,1,3,0,3,0,0,0,3,1,2,30,16,14,18,8,10,0,0,0,0,0,0,2,2,0,10,6,4,0,0,0
53782901,36,22,14,36,22,14,1,0,1,4,3,1,0,0,0,0,0,0,36,14,22,28,12,16,0,0,0,0,0,0,1,0,1,7,2,5,0,0,0
1007142,0,0,0,0,0,0,0,0,0,0,0,0,0,0,0,0,0,0,0,0,0,0,0,0,0,0,0,0,0,0,0,0,0,0,0,0,0,0,0
54749201,21,12,9,20,12,8,1,0,1,2,0,2,0,0,0,1,0,1,27,10,17,11,6,5,0,0,0,3,0,3,6,3,3,7,1,6,1,0,1
54749202,17,12,5,16,11,5,0,0,0,4,3,1,0,0,0,1,1,0,28,12,16,20,9,11,0,0,0,1,0,1,3,1,2,4,2,2,1,0,1
54749203,29,16,13,28,16,12,1,1,0,2,1,1,0,0,0,1,0,1,32,11,21,15,6,9,0,0,0,2,0,2,6,1,5,9,4,5,1,1,0
54749204,21,15,6,21,15,6,0,0,0,5,4,1,0,0,0,0,0,0,15,4,11,6,2,4,0,0,0,1,0,1,2,1,1,6,1,5,0,0,0
54749205,25,15,10,25,15,10,0,0,0,3,1,2,0,0,0,0,0,0,27,9,18,13,5,8,0,0,0,2,0,2,4,2,2,8,2,6,0,0,0
54749206,41,22,19,41,22,19,1,0,1,6,2,4,1,0,1,0,0,0,28,12,16,13,7,6,0,0,0,1,0,1,5,1,4,9,4,5,0,0,0
54749208,36,20,16,36,20,16,3,1,2,6,4,2,0,0,0,0,0,0,33,18,15,16,6,10,0,0,0,0,0,0,5,3,2,12,9,3,0,0,0
54749209,16,10,6,16,10,6,0,0,0,4,3,1,0,0,0,0,0,0,10,7,3,3,2,1,0,0,0,0,0,0,3,2,1,4,3,1,0,0,0
54749210,28,17,11,28,17,11,2,2,0,4,3,1,0,0,0,0,0,0,31,12,19,11,3,8,0,0,0,2,0,2,10,6,4,8,3,5,1,0,1
54749211,54,28,26,53,27,26,4,2,2,3,0,3,0,0,0,1,1,0,37,16,21,15,7,8,0,0,0,0,0,0,2,0,2,20,9,11,0,0,0
54749213,22,11,11,21,10,11,3,1,2,3,1,2,0,0,0,1,1,0,29,14,15,19,11,8,0,0,0,1,0,1,2,1,1,7,2,5,0,0,0
54749214,31,19,12,31,19,12,2,1,1,2,2,0,0,0,0,0,0,0,40,20,20,28,15,13,0,0,0,2,0,2,4,1,3,6,4,2,0,0,0
54749215,17,9,8,16,9,7,0,0,0,0,0,0,0,0,0,1,0,1,12,4,8,5,2,3,0,0,0,0,0,0,1,1,0,6,1,5,0,0,0
54749216,23,16,7,23,16,7,1,0,1,3,3,0,0,0,0,0,0,0,32,10,22,19,6,13,0,0,0,2,0,2,5,3,2,6,1,5,1,0,1
54749217,21,13,8,21,13,8,1,1,0,1,1,0,0,0,0,0,0,0,16,5,11,4,2,2,0,0,0,1,0,1,4,0,4,7,3,4,0,0,0
54749218,89,47,42,88,47,41,5,2,3,6,3,3,0,0,0,1,0,1,54,24,30,22,10,12,0,0,0,1,0,1,6,4,2,25,10,15,0,0,0
54749219,29,16,13,29,16,13,0,0,0,2,2,0,0,0,0,0,0,0,30,18,12,12,6,6,0,0,0,2,0,2,3,2,1,13,10,3,0,0,0
54749220,36,22,14,36,22,14,1,1,0,4,2,2,0,0,0,0,0,0,14,8,6,6,2,4,0,0,0,1,0,1,1,0,1,6,6,0,0,0,0
54749221,15,8,7,14,8,6,2,1,1,2,1,1,0,0,0,1,0,1,6,3,3,2,2,0,0,0,0,0,0,0,1,1,0,3,0,3,0,0,0
54749222,102,57,45,101,57,44,8,2,6,10,4,6,0,0,0,1,0,1,79,28,51,40,16,24,0,0,0,4,0,4,12,5,7,23,7,16,0,0,0
54749223,197,106,91,191,104,87,6,3,3,19,11,8,2,0,2,6,2,4,129,61,68,48,25,23,0,0,0,7,0,7,21,12,9,53,24,29,2,2,0
54749224,10,6,4,10,6,4,0,0,0,0,0,0,0,0,0,0,0,0,12,7,5,7,4,3,0,0,0,0,0,0,0,0,0,5,3,2,0,0,0
54749225,85,50,35,84,49,35,4,2,2,8,4,4,0,0,0,1,1,0,82,37,45,29,12,17,0,0,0,5,0,5,17,10,7,31,15,16,3,2,1
54749226,52,32,20,51,32,19,4,2,2,7,3,4,1,0,1,1,0,1,51,21,30,27,14,13,0,0,0,3,0,3,7,0,7,14,7,7,1,1,0
54749227,430,227,203,417,221,196,20,11,9,50,35,15,5,0,5,13,6,7,313,130,183,123,44,79,1,0,1,20,0,20,62,26,36,107,60,47,2,2,0
54749228,299,162,137,290,158,132,10,4,6,41,22,19,5,0,5,9,4,5,393,148,245,278,86,192,1,1,0,9,0,9,43,27,16,62,34,28,4,1,3
54749229,678,361,317,664,354,310,33,14,19,97,60,37,2,0,2,14,7,7,560,247,313,302,123,179,3,1,2,20,0,20,62,35,27,173,88,85,2,0,2
54749230,298,180,118,276,164,112,9,3,6,38,20,18,1,0,1,22,16,6,157,76,81,68,38,30,2,1,1,7,0,7,36,19,17,44,18,26,30,20,10
54749232,19,8,11,19,8,11,1,0,1,1,0,1,0,0,0,0,0,0,16,5,11,7,2,5,0,0,0,0,0,0,2,1,1,7,2,5,0,0,0
54749233,22,12,10,22,12,10,0,0,0,0,0,0,0,0,0,0,0,0,18,9,9,5,3,2,0,0,0,1,0,1,5,3,2,7,3,4,1,0,1
54749234,213,132,81,205,127,78,5,3,2,14,9,5,1,0,1,8,5,3,106,38,68,42,12,30,0,0,0,7,0,7,24,11,13,33,15,18,2,1,1
54749235,282,156,126,279,155,124,11,7,4,23,15,8,3,0,3,3,1,2,209,90,119,31,15,16,1,1,0,13,0,13,51,22,29,113,52,61,0,0,0
54749236,1040,539,501,1008,526,482,50,20,30,128,59,69,13,0,13,32,13,19,952,380,572,523,205,318,1,0,1,40,0,40,132,61,71,256,114,142,8,3,5
54749237,2495,1302,1193,2440,1281,1159,78,31,47,269,130,139,15,0,15,55,21,34,2040,868,1172,1035,392,643,3,2,1,90,0,90,303,158,145,609,316,293,32,11,21
54749239,786,431,355,772,423,349,40,23,17,114,58,56,5,0,5,14,8,6,932,388,544,543,208,335,5,1,4,31,0,31,95,52,43,258,127,131,3,0,3
54749240,441,246,195,421,239,182,17,6,11,34,18,16,1,0,1,20,7,13,342,159,183,164,66,98,3,3,0,17,0,17,62,36,26,96,54,42,7,5,2
54749242,281,155,126,281,155,126,7,1,6,37,15,22,0,0,0,0,0,0,281,125,156,150,65,85,1,1,0,21,0,21,48,29,19,61,30,31,1,0,1
54754901,84,46,38,83,46,37,3,0,3,1,1,0,0,0,0,1,0,1,84,38,46,52,24,28,0,0,0,2,0,2,8,2,6,22,12,10,2,1,1
54758101,312,176,136,306,173,133,12,8,4,30,15,15,3,0,3,6,3,3,292,123,169,149,60,89,0,0,0,10,0,10,43,23,20,90,40,50,7,3,4
54758102,11,6,5,11,6,5,1,0,1,1,1,0,2,0,2,0,0,0,9,5,4,4,2,2,0,0,0,0,0,0,3,2,1,2,1,1,0,0,0
54760301,73,43,30,71,42,29,3,2,1,7,3,4,0,0,0,2,1,1,65,31,34,45,18,27,0,0,0,2,0,2,5,3,2,13,10,3,0,0,0
54763801,151,83,68,147,83,64,5,4,1,22,12,10,1,0,1,4,0,4,128,64,64,58,28,30,0,0,0,6,0,6,21,14,7,43,22,21,4,2,2
54763802,16,9,7,16,9,7,1,0,1,2,2,0,0,0,0,0,0,0,29,14,15,15,8,7,0,0,0,1,0,1,2,1,1,11,5,6,0,0,0
54766201,20,14,6,20,14,6,1,0,1,4,3,1,0,0,0,0,0,0,15,6,9,13,5,8,0,0,0,0,0,0,0,0,0,2,1,1,0,0,0
54766202,151,87,64,148,85,63,7,1,6,27,20,7,3,0,3,3,2,1,115,52,63,66,29,37,0,0,0,3,0,3,14,10,4,32,13,19,1,1,0
54768901,14,11,3,14,11,3,0,0,0,1,1,0,0,0,0,0,0,0,36,18,18,28,14,14,0,0,0,2,0,2,3,2,1,3,2,1,0,0,0
54768903,10,6,4,10,6,4,0,0,0,0,0,0,0,0,0,0,0,0,17,9,8,13,6,7,0,0,0,0,0,0,0,0,0,4,3,1,0,0,0
54768904,16,10,6,16,10,6,0,0,0,0,0,0,1,0,1,0,0,0,15,3,12,4,1,3,0,0,0,2,0,2,7,2,5,2,0,2,0,0,0
54771901,23,13,10,21,12,9,0,0,0,2,1,1,0,0,0,2,1,1,36,14,22,15,6,9,1,1,0,2,0,2,5,3,2,13,4,9,0,0,0
54771902,187,111,76,181,107,74,4,1,3,33,20,13,0,0,0,6,4,2,163,69,94,69,28,41,0,0,0,10,0,10,26,14,12,58,27,31,4,2,2
54771904,13,9,4,13,9,4,0,0,0,7,6,1,0,0,0,0,0,0,17,6,11,5,1,4,0,0,0,2,0,2,6,3,3,4,2,2,0,0,0
54771905,74,41,33,72,40,32,3,1,2,11,7,4,0,0,0,2,1,1,70,22,48,23,7,16,0,0,0,9,0,9,11,4,7,27,11,16,0,0,0
54771906,21,12,9,21,12,9,0,0,0,4,2,2,1,0,1,0,0,0,25,11,14,16,9,7,0,0,0,2,0,2,6,2,4,1,0,1,0,0,0
54773501,307,177,130,302,175,127,9,5,4,32,22,10,4,0,4,5,2,3,258,125,133,108,48,60,0,0,0,11,0,11,40,26,14,99,51,48,1,0,1
54773502,15,9,6,14,8,6,0,0,0,1,1,0,1,0,1,1,1,0,14,6,8,5,2,3,0,0,0,1,0,1,4,2,2,4,2,2,0,0,0
0268410,0,0,0,0,0,0,0,0,0,0,0,0,0,0,0,0,0,0,0,0,0,0,0,0,0,0,0,0,0,0,0,0,0,0,0,0,0,0,0
54776001,32,17,15,32,17,15,0,0,0,3,2,1,1,0,1,0,0,0,36,14,22,13,4,9,0,0,0,1,0,1,8,6,2,14,4,10,1,0,1
54776002,655,362,293,635,350,285,26,10,16,89,48,41,4,0,4,20,12,8,750,338,412,434,197,237,2,1,1,21,0,21,100,52,48,193,88,105,15,9,6
54776004,15,11,4,15,11,4,1,0,1,2,2,0,0,0,0,0,0,0,11,5,6,5,2,3,0,0,0,1,0,1,2,2,0,3,1,2,0,0,0
54776005,29,16,13,28,16,12,0,0,0,7,5,2,2,0,2,1,0,1,27,13,14,14,7,7,0,0,0,2,0,2,7,4,3,4,2,2,0,0,0
54776006,11,6,5,9,5,4,0,0,0,0,0,0,0,0,0,2,1,1,10,6,4,6,3,3,0,0,0,0,0,0,0,0,0,4,3,1,0,0,0
54776007,37,22,15,33,20,13,1,1,0,5,1,4,0,0,0,4,2,2,45,16,29,25,9,16,1,1,0,2,0,2,6,3,3,11,3,8,2,2,0
54776009,25,17,8,23,15,8,0,0,0,4,2,2,0,0,0,2,2,0,27,11,16,15,4,11,2,1,1,1,0,1,1,0,1,8,6,2,0,0,0
54777802,408,228,180,395,221,174,11,4,7,49,23,26,2,0,2,13,7,6,424,187,237,234,94,140,0,0,0,14,1,13,61,33,28,115,59,56,5,3,2
54777804,41,24,17,41,24,17,0,0,0,3,3,0,4,0,4,0,0,0,42,17,25,22,8,14,0,0,0,1,0,1,8,6,2,11,3,8,0,0,0
54777805,17,9,8,17,9,8,0,0,0,3,2,1,0,0,0,0,0,0,15,6,9,7,4,3,0,0,0,0,0,0,0,0,0,8,2,6,0,0,0
54777806,32,19,13,32,19,13,0,0,0,8,4,4,0,0,0,0,0,0,30,11,19,12,5,7,0,0,0,1,0,1,5,3,2,12,3,9,1,1,0
54788301,54,32,22,54,32,22,1,0,1,5,4,1,0,0,0,0,0,0,54,22,32,25,10,15,0,0,0,5,0,5,12,6,6,12,6,6,1,0,1
54791301,695,395,300,679,387,292,18,10,8,69,44,25,6,0,6,16,8,8,604,247,357,312,120,192,2,1,1,22,0,22,89,37,52,179,89,90,17,11,6
54791302,128,69,59,125,67,58,3,1,2,24,13,11,1,0,1,3,2,1,111,48,63,50,23,27,0,0,0,5,0,5,23,11,12,33,14,19,2,0,2
54791303,30,19,11,29,18,11,0,0,0,5,4,1,0,0,0,1,1,0,31,11,20,13,5,8,1,0,1,2,0,2,6,1,5,9,5,4,0,0,0
54791304,49,31,18,49,31,18,1,1,0,4,3,1,0,0,0,0,0,0,44,17,27,24,9,15,0,0,0,1,0,1,5,1,4,14,7,7,0,0,0
54791305,8,5,3,8,5,3,0,0,0,1,0,1,0,0,0,0,0,0,10,6,4,7,3,4,1,1,0,0,0,0,1,1,0,1,1,0,2,1,1
54793001,12,6,6,11,6,5,0,0,0,2,1,1,0,0,0,1,0,1,13,7,6,8,3,5,0,0,0,0,0,0,3,3,0,2,1,1,0,0,0
54793002,144,83,61,140,82,58,9,5,4,15,8,7,0,0,0,4,1,3,139,58,81,64,28,36,0,0,0,8,0,8,27,14,13,40,16,24,1,0,1
54794801,5,3,2,5,3,2,0,0,0,2,2,0,0,0,0,0,0,0,16,8,8,10,6,4,0,0,0,2,0,2,4,2,2,0,0,0,0,0,0
54794802,308,168,140,300,167,133,10,3,7,35,20,15,2,0,2,8,1,7,267,114,153,138,51,87,1,1,0,8,0,8,45,23,22,75,39,36,5,3,2
54795601,64,35,29,63,34,29,3,0,3,10,4,6,0,0,0,1,1,0,63,24,39,41,17,24,0,0,0,3,0,3,12,5,7,7,2,5,1,1,0
54795603,29,16,13,28,15,13,2,0,2,2,1,1,0,0,0,1,1,0,30,13,17,16,7,9,1,1,0,1,0,1,8,3,5,4,2,2,1,0,1
54799901,201,112,89,198,111,87,9,2,7,21,13,8,0,0,0,3,1,2,190,91,99,80,35,45,0,0,0,10,0,10,30,20,10,70,36,34,0,0,0
54799902,162,87,75,153,82,71,9,6,3,19,10,9,1,0,1,9,5,4,131,54,77,71,29,42,0,0,0,5,0,5,16,8,8,39,17,22,0,0,0
54799903,122,66,56,117,63,54,7,2,5,8,6,2,2,0,2,5,3,2,121,58,63,50,23,27,0,0,0,8,0,8,28,13,15,35,22,13,2,1,1
54799904,14,12,2,14,12,2,0,0,0,3,3,0,0,0,0,0,0,0,14,6,8,4,2,2,0,0,0,1,0,1,3,3,0,6,1,5,5,3,2
54799905,91,53,38,89,53,36,2,2,0,7,4,3,2,0,2,2,0,2,87,33,54,45,22,23,0,0,0,9,0,9,21,9,12,12,2,10,1,0,1
54799906,121,63,58,119,62,57,9,1,8,14,5,9,0,0,0,2,1,1,141,56,85,67,26,41,0,0,0,10,0,10,23,10,13,41,20,21,1,1,0
54799907,16,10,6,15,10,5,0,0,0,4,2,2,0,0,0,1,0,1,20,7,13,11,4,7,0,0,0,0,0,0,1,0,1,8,3,5,0,0,0
54799908,77,47,30,73,44,29,1,1,0,14,9,5,1,0,1,4,3,1,90,44,46,63,28,35,0,0,0,3,0,3,10,9,1,14,7,7,0,0,0
54799909,85,51,34,83,50,33,4,3,1,11,8,3,1,0,1,2,1,1,88,30,58,48,18,30,0,0,0,5,0,5,13,6,7,22,6,16,0,0,0
54799910,99,53,46,93,49,44,1,1,0,6,5,1,3,0,3,6,4,2,70,25,45,31,12,19,0,0,0,4,0,4,13,6,7,22,7,15,2,0,2
54799911,36,23,13,35,22,13,0,0,0,2,0,2,0,0,0,1,1,0,29,14,15,14,7,7,0,0,0,2,0,2,6,2,4,7,5,2,0,0,0
54799912,381,217,164,363,206,157,8,4,4,34,16,18,2,0,2,18,11,7,391,164,227,224,90,134,0,0,0,13,0,13,58,28,30,96,46,50,33,19,14
54799913,958,517,441,920,502,418,50,29,21,109,59,50,8,0,8,38,15,23,936,414,522,498,205,293,14,13,1,40,0,40,131,68,63,253,128,125,8,3,5
54799915,278,150,128,273,147,126,6,1,5,38,20,18,1,0,1,5,3,2,274,121,153,145,61,84,1,1,0,12,1,11,36,17,19,80,41,39,1,1,0
54799916,15,10,5,15,10,5,0,0,0,2,1,1,0,0,0,0,0,0,9,5,4,5,4,1,0,0,0,0,0,0,1,1,0,3,0,3,0,0,0
54799917,553,296,257,543,292,251,27,14,13,62,28,34,2,0,2,10,4,6,487,210,277,296,123,173,0,0,0,19,0,19,55,26,29,117,61,56,4,1,3
54799919,108,60,48,104,59,45,4,1,3,5,2,3,2,0,2,4,1,3,90,36,54,36,12,24,0,0,0,3,0,3,14,5,9,37,19,18,3,2,1
54799920,1406,767,639,1358,740,618,37,20,17,166,86,80,6,0,6,48,27,21,1280,564,716,693,282,411,0,0,0,57,0,57,196,111,85,334,171,163,18,7,11
54799921,31,27,4,31,27,4,0,0,0,0,0,0,0,0,0,0,0,0,4,1,3,2,1,1,0,0,0,0,0,0,0,0,0,2,0,2,2,2,0
54799922,677,368,309,662,361,301,29,14,15,63,25,38,10,0,10,15,7,8,640,272,368,278,95,183,1,1,0,38,0,38,144,82,62,179,94,85,14,6,8
54799923,25,15,10,25,15,10,2,2,0,2,1,1,0,0,0,0,0,0,24,10,14,17,7,10,0,0,0,1,0,1,1,0,1,5,3,2,1,0,1
54799924,49,29,20,48,28,20,3,3,0,4,4,0,0,0,0,1,1,0,68,20,48,49,9,40,1,1,0,3,0,3,6,4,2,9,6,3,3,2,1
54799925,27,17,10,25,15,10,1,1,0,2,1,1,1,0,1,2,2,0,17,9,8,5,1,4,0,0,0,1,0,1,4,3,1,7,5,2,4,0,4
54807301,40,26,14,38,24,14,0,0,0,7,3,4,0,0,0,2,2,0,34,14,20,15,8,7,0,0,0,3,0,3,8,3,5,8,3,5,0,0,0
54808101,444,255,189,435,252,183,23,12,11,47,26,21,8,0,8,9,3,6,347,150,197,134,51,83,0,0,0,19,0,19,66,32,34,128,67,61,5,2,3
54808102,17,9,8,17,9,8,1,0,1,0,0,0,0,0,0,0,0,0,8,4,4,5,3,2,0,0,0,0,0,0,0,0,0,3,1,2,0,0,0
54808103,59,35,24,59,35,24,2,0,2,6,3,3,0,0,0,0,0,0,52,24,28,28,11,17,0,0,0,2,0,2,5,3,2,17,10,7,0,0,0
54809001,17,13,4,17,13,4,1,1,0,3,2,1,0,0,0,0,0,0,15,5,10,8,3,5,0,0,0,1,0,1,2,0,2,4,2,2,0,0,0
54809002,9,4,5,9,4,5,0,0,0,2,1,1,0,0,0,0,0,0,11,6,5,6,3,3,0,0,0,0,0,0,1,1,0,4,2,2,0,0,0
54809003,158,92,66,152,88,64,4,3,1,14,7,7,1,0,1,6,4,2,122,61,61,56,25,31,0,0,0,5,0,5,14,9,5,47,27,20,1,0,1
54809004,9,7,2,9,7,2,0,0,0,2,2,0,0,0,0,0,0,0,21,10,11,21,10,11,0,0,0,0,0,0,0,0,0,0,0,0,0,0,0
54810301,133,77,56,129,76,53,4,2,2,23,14,9,0,0,0,4,1,3,106,43,63,51,22,29,0,0,0,9,0,9,17,10,7,29,11,18,1,1,0
54810302,11,7,4,11,7,4,0,0,0,1,1,0,0,0,0,0,0,0,12,1,11,3,0,3,0,0,0,1,0,1,4,0,4,4,1,3,0,0,0
1330012,0,0,0,0,0,0,0,0,0,0,0,0,0,0,0,0,0,0,0,0,0,0,0,0,0,0,0,0,0,0,0,0,0,0,0,0,0,0,0
3013610,0,0,0,0,0,0,0,0,0,0,0,0,0,0,0,0,0,0,0,0,0,0,0,0,0,0,0,0,0,0,0,0,0,0,0,0,0,0,0
54811101,34,19,15,34,19,15,0,0,0,7,4,3,0,0,0,0,0,0,34,13,21,24,10,14,0,0,0,0,0,0,1,0,1,9,3,6,0,0,0
54811102,40,22,18,38,21,17,0,0,0,7,5,2,0,0,0,2,1,1,41,18,23,25,12,13,0,0,0,1,0,1,3,1,2,12,5,7,0,0,0
54811104,77,47,30,76,47,29,1,1,0,11,8,3,1,0,1,1,0,1,74,34,40,35,14,21,1,1,0,3,0,3,15,9,6,20,10,10,0,0,0
54811105,29,19,10,29,19,10,0,0,0,5,2,3,0,0,0,0,0,0,28,12,16,17,8,9,0,0,0,2,0,2,5,3,2,4,1,3,0,0,0
54811107,31,19,12,30,18,12,1,1,0,4,4,0,0,0,0,1,1,0,38,17,21,14,8,6,0,0,0,0,0,0,9,4,5,15,5,10,0,0,0
54811108,607,346,261,591,334,257,21,8,13,69,36,33,3,0,3,16,12,4,492,213,279,244,98,146,1,0,1,24,0,24,81,36,45,142,79,63,15,10,5
54811111,1033,587,446,1014,576,438,33,16,17,107,58,49,7,0,7,19,11,8,1016,409,607,579,213,366,3,2,1,53,0,53,145,73,72,236,121,115,14,8,6
54812001,222,120,102,219,119,100,9,5,4,20,9,11,4,0,4,3,1,2,208,94,114,74,40,34,0,0,0,16,0,16,60,30,30,58,24,34,3,0,3
54814601,17,13,4,17,13,4,2,1,1,3,3,0,0,0,0,0,0,0,25,8,17,11,3,8,0,0,0,4,0,4,6,3,3,4,2,2,0,0,0
54814602,66,39,27,62,37,25,0,0,0,2,0,2,0,0,0,4,2,2,65,28,37,35,16,19,0,0,0,2,0,2,8,4,4,20,8,12,0,0,0
54816201,101,64,37,97,63,34,6,4,2,4,4,0,3,0,3,4,1,3,87,39,48,36,12,24,0,0,0,5,0,5,16,10,6,30,17,13,0,0,0
54817101,358,197,161,350,192,158,10,7,3,37,17,20,0,0,0,8,5,3,329,134,195,144,61,83,2,2,0,22,1,21,48,21,27,113,49,64,6,4,2
54820101,115,66,49,114,66,48,2,0,2,11,5,6,1,0,1,1,0,1,111,48,63,64,25,39,0,0,0,6,0,6,13,8,5,28,15,13,3,3,0
54821903,27,17,10,24,15,9,0,0,0,4,4,0,0,0,0,3,2,1,30,15,15,14,6,8,1,1,0,2,0,2,7,4,3,6,4,2,0,0,0
54821905,143,80,63,138,78,60,6,3,3,21,10,11,0,0,0,5,2,3,138,64,74,77,34,43,1,0,1,2,0,2,13,8,5,45,22,23,1,0,1
54822701,10,5,5,10,5,5,0,0,0,0,0,0,0,0,0,0,0,0,19,8,11,10,5,5,0,0,0,2,1,1,2,0,2,5,2,3,0,0,0
54822704,49,27,22,44,25,19,1,1,0,5,3,2,0,0,0,5,2,3,36,14,22,20,8,12,0,0,0,2,0,2,3,1,2,11,5,6,2,2,0
54822705,21,11,10,19,10,9,2,1,1,2,0,2,0,0,0,2,1,1,23,11,12,12,7,5,0,0,0,0,0,0,5,3,2,6,1,5,0,0,0
54823501,59,36,23,56,35,21,2,1,1,9,6,3,1,0,1,3,1,2,40,18,22,23,6,17,0,0,0,1,0,1,4,3,1,12,9,3,1,1,0
54833201,14,8,6,13,8,5,1,0,1,2,1,1,0,0,0,1,0,1,18,5,13,13,3,10,0,0,0,0,0,0,0,0,0,5,2,3,0,0,0
54833202,453,267,186,447,266,181,20,9,11,38,22,16,4,0,4,6,1,5,384,169,215,225,97,128,0,0,0,13,0,13,49,25,24,97,47,50,3,2,1
54833203,21,13,8,20,13,7,1,1,0,1,1,0,0,0,0,1,0,1,23,12,11,17,8,9,0,0,0,1,0,1,2,1,1,3,3,0,0,0,0
54833204,9,6,3,7,4,3,0,0,0,1,1,0,0,0,0,2,2,0,14,4,10,10,3,7,0,0,0,0,0,0,0,0,0,4,1,3,0,0,0
54836701,11,8,3,11,8,3,0,0,0,0,0,0,0,0,0,0,0,0,13,7,6,12,6,6,0,0,0,0,0,0,0,0,0,1,1,0,1,0,1
54836702,30,17,13,30,17,13,3,2,1,5,3,2,0,0,0,0,0,0,17,7,10,6,1,5,0,0,0,1,0,1,3,1,2,7,5,2,0,0,0
54836703,21,14,7,20,13,7,1,1,0,0,0,0,0,0,0,1,1,0,20,9,11,14,6,8,0,0,0,0,0,0,4,3,1,2,0,2,1,0,1
54838301,12,6,6,12,6,6,1,0,1,2,1,1,0,0,0,0,0,0,13,6,7,5,2,3,0,0,0,1,0,1,4,3,1,3,1,2,0,0,0
54838302,78,47,31,78,47,31,2,1,1,3,3,0,1,0,1,0,0,0,77,33,44,36,17,19,0,0,0,6,0,6,12,7,5,23,9,14,1,1,0
54838303,31,15,16,31,15,16,0,0,0,2,1,1,1,0,1,0,0,0,44,19,25,25,11,14,0,0,0,4,0,4,11,7,4,4,1,3,0,0,0
54839102,39,23,16,38,23,15,2,0,2,5,1,4,0,0,0,1,0,1,56,29,27,24,13,11,0,0,0,2,0,2,11,3,8,19,13,6,1,0,1
54839103,14,8,6,14,8,6,0,0,0,0,0,0,1,0,1,0,0,0,28,11,17,17,6,11,0,0,0,0,0,0,6,3,3,5,2,3,1,0,1
54839104,8,4,4,8,4,4,1,0,1,0,0,0,0,0,0,0,0,0,16,7,9,13,6,7,0,0,0,1,0,1,2,1,1,0,0,0,0,0,0
54839106,110,53,57,104,50,54,0,0,0,14,5,9,1,0,1,6,3,3,98,45,53,51,25,26,1,1,0,4,0,4,18,9,9,24,10,14,0,0,0
54839107,14,8,6,14,8,6,1,1,0,1,1,0,0,0,0,0,0,0,12,6,6,5,2,3,0,0,0,0,0,0,1,0,1,6,4,2,1,0,1
54840501,102,61,41,102,61,41,7,1,6,10,5,5,1,0,1,0,0,0,71,32,39,38,16,22,0,0,0,2,0,2,10,6,4,21,10,11,4,3,1
54845601,39,24,15,39,24,15,1,1,0,5,2,3,0,0,0,0,0,0,45,20,25,17,5,12,0,0,0,4,0,4,7,6,1,17,9,8,0,0,0
54845602,14,9,5,13,9,4,0,0,0,1,1,0,0,0,0,1,0,1,16,8,8,13,6,7,0,0,0,0,0,0,1,1,0,2,1,1,1,1,0
54845603,15,7,8,15,7,8,1,1,0,5,1,4,0,0,0,0,0,0,9,5,4,3,2,1,0,0,0,0,0,0,0,0,0,6,3,3,0,0,0
54845604,19,14,5,19,14,5,0,0,0,2,1,1,0,0,0,0,0,0,32,11,21,22,9,13,0,0,0,0,0,0,1,0,1,9,2,7,2,1,1
54845605,353,200,153,344,197,147,19,11,8,39,21,18,1,0,1,9,3,6,356,150,206,166,67,99,0,0,0,21,0,21,61,31,30,108,52,56,11,8,3
54845606,28,16,12,25,14,11,1,0,1,1,1,0,0,0,0,3,2,1,27,10,17,13,6,7,0,0,0,0,0,0,3,0,3,11,4,7,0,0,0
54845607,70,41,29,69,40,29,2,2,0,4,3,1,1,0,1,1,1,0,112,44,68,93,32,61,0,0,0,1,0,1,6,4,2,12,8,4,3,2,1
54846401,38,23,15,38,23,15,0,0,0,8,5,3,0,0,0,0,0,0,39,13,26,16,5,11,0,0,0,3,0,3,6,2,4,14,6,8,1,0,1
54846402,12,7,5,12,7,5,0,0,0,3,0,3,0,0,0,0,0,0,18,7,11,6,4,2,0,0,0,1,0,1,4,1,3,7,2,5,0,0,0
54846403,360,198,162,353,197,156,14,6,8,37,24,13,3,0,3,7,1,6,326,159,167,167,73,94,0,0,0,13,0,13,42,25,17,104,61,43,4,3,1
54846404,26,18,8,26,18,8,1,1,0,3,2,1,0,0,0,0,0,0,30,13,17,14,5,9,0,0,0,1,0,1,6,4,2,9,4,5,1,0,1
54846406,77,40,37,72,37,35,4,1,3,7,1,6,1,1,0,5,3,2,65,33,32,32,15,17,0,0,0,3,0,3,13,9,4,17,9,8,0,0,0
54847202,36,20,16,34,19,15,0,0,0,2,1,1,1,0,1,2,1,1,31,14,17,12,4,8,0,0,0,0,0,0,5,3,2,14,7,7,0,0,0
54847203,296,160,136,288,157,131,14,7,7,35,17,18,4,0,4,8,3,5,244,104,140,124,53,71,0,0,0,9,0,9,29,10,19,82,41,41,6,4,2
54847204,16,11,5,15,11,4,0,0,0,2,1,1,0,0,0,1,0,1,19,6,13,16,6,10,0,0,0,0,0,0,0,0,0,3,0,3,0,0,0
54847205,15,11,4,15,11,4,2,1,1,4,4,0,0,0,0,0,0,0,27,13,14,20,8,12,1,1,0,0,0,0,3,2,1,3,2,1,0,0,0
54847207,29,17,12,29,17,12,0,0,0,8,5,3,0,0,0,0,0,0,34,14,20,16,5,11,2,1,1,2,0,2,3,2,1,11,6,5,1,0,1
54850202,74,43,31,72,42,30,0,0,0,5,2,3,1,0,1,2,1,1,118,46,72,82,33,49,0,0,0,5,0,5,13,6,7,18,7,11,0,0,0
54850203,21,12,9,20,12,8,0,0,0,3,2,1,0,0,0,1,0,1,20,10,10,13,5,8,0,0,0,0,0,0,1,1,0,6,4,2,0,0,0
1172340,0,0,0,0,0,0,0,0,0,0,0,0,0,0,0,0,0,0,0,0,0,0,0,0,0,0,0,0,0,0,0,0,0,0,0,0,0,0,0
1172510,0,0,0,0,0,0,0,0,0,0,0,0,0,0,0,0,0,0,0,0,0,0,0,0,0,0,0,0,0,0,0,0,0,0,0,0,0,0,0
54851101,88,50,38,85,50,35,0,0,0,13,10,3,0,0,0,3,0,3,79,35,44,35,15,20,0,0,0,4,0,4,8,3,5,32,17,15,0,0,0
54851102,51,31,20,50,30,20,1,1,0,10,6,4,0,0,0,1,1,0,57,28,29,29,16,13,0,0,0,2,0,2,6,4,2,20,8,12,1,0,1
54851103,23,14,9,21,13,8,2,2,0,0,0,0,1,0,1,2,1,1,8,5,3,2,1,1,0,0,0,1,0,1,2,1,1,3,3,0,0,0,0
54851104,16,9,7,15,9,6,0,0,0,2,1,1,0,0,0,1,0,1,30,9,21,22,7,15,0,0,0,1,0,1,1,0,1,6,2,4,0,0,0
54851105,38,23,15,37,23,14,1,1,0,4,3,1,0,0,0,1,0,1,43,19,24,23,10,13,0,0,0,1,0,1,8,5,3,11,4,7,0,0,0
54851106,11,5,6,11,5,6,0,0,0,3,0,3,0,0,0,0,0,0,14,7,7,7,3,4,0,0,0,0,0,0,3,1,2,4,3,1,0,0,0
54851107,870,477,393,846,466,380,27,12,15,92,43,49,9,0,9,24,11,13,821,354,467,429,173,256,1,1,0,35,0,35,140,67,73,216,113,103,4,3,1
54851108,32,20,12,31,20,11,0,0,0,3,2,1,1,0,1,1,0,1,28,12,16,14,6,8,0,0,0,0,0,0,1,1,0,13,5,8,1,1,0
54851109,336,185,151,323,181,142,20,7,13,28,16,12,1,0,1,13,4,9,362,154,208,191,75,116,1,0,1,15,0,15,49,22,27,106,57,49,3,0,3
54851111,20,10,10,19,10,9,1,0,1,3,2,1,0,0,0,1,0,1,21,8,13,14,4,10,0,0,0,1,0,1,3,2,1,3,2,1,0,0,0
54851113,817,443,374,803,435,368,24,12,12,100,55,45,5,0,5,14,8,6,794,316,478,469,161,308,2,1,1,19,0,19,102,48,54,202,106,96,13,8,5
54854501,24,12,12,22,11,11,1,0,1,0,0,0,0,0,0,2,1,1,21,11,10,10,6,4,0,0,0,0,0,0,2,1,1,9,4,5,0,0,0
54854502,10,6,4,10,6,4,1,1,0,0,0,0,0,0,0,0,0,0,23,12,11,15,8,7,0,0,0,0,0,0,5,3,2,3,1,2,1,0,1
54856102,23,14,9,22,14,8,0,0,0,3,2,1,0,0,0,1,0,1,18,9,9,13,5,8,0,0,0,0,0,0,0,0,0,5,4,1,0,0,0
54856103,15,8,7,14,8,6,0,0,0,1,1,0,0,0,0,1,0,1,27,17,10,21,12,9,0,0,0,0,0,0,1,1,0,5,4,1,0,0,0
54856104,1133,637,496,1089,619,470,36,12,24,169,100,69,6,0,6,44,18,26,1149,464,685,638,239,399,1,1,0,44,0,44,154,62,92,312,162,150,19,11,8
54856105,13,10,3,13,10,3,0,0,0,3,3,0,0,0,0,0,0,0,18,8,10,11,3,8,0,0,0,0,0,0,0,0,0,7,5,2,0,0,0
54856106,43,25,18,43,25,18,2,1,1,5,2,3,0,0,0,0,0,0,47,23,24,21,8,13,0,0,0,3,0,3,6,6,0,17,9,8,0,0,0
54860002,69,36,33,68,35,33,1,1,0,9,3,6,1,0,1,1,1,0,70,33,37,33,15,18,0,0,0,3,0,3,10,5,5,24,13,11,0,0,0
54860003,22,13,9,22,13,9,1,1,0,1,1,0,0,0,0,0,0,0,110,51,59,90,38,52,0,0,0,2,0,2,4,4,0,14,9,5,0,0,0
54860004,10,7,3,10,7,3,0,0,0,1,1,0,0,0,0,0,0,0,14,6,8,9,4,5,0,0,0,1,0,1,2,1,1,2,1,1,0,0,0
54871502,26,16,10,24,15,9,0,0,0,6,3,3,1,0,1,2,1,1,30,12,18,15,7,8,0,0,0,1,0,1,7,3,4,7,2,5,1,1,0
54871504,27,17,10,26,16,10,0,0,0,2,2,0,1,0,1,1,1,0,27,13,14,14,5,9,0,0,0,1,0,1,5,1,4,7,7,0,0,0,0
54871505,14,9,5,14,9,5,0,0,0,2,1,1,0,0,0,0,0,0,23,10,13,11,6,5,0,0,0,1,0,1,4,1,3,7,3,4,0,0,0
54873101,57,34,23,57,34,23,1,1,0,12,8,4,0,0,0,0,0,0,41,13,28,24,9,15,1,1,0,2,0,2,5,2,3,9,1,8,1,0,1
54873102,13,7,6,12,7,5,0,0,0,1,1,0,0,0,0,1,0,1,15,8,7,7,2,5,0,0,0,1,0,1,4,3,1,3,3,0,0,0,0
54874001,28,17,11,28,17,11,1,0,1,3,1,2,0,0,0,0,0,0,31,14,17,17,8,9,0,0,0,2,0,2,4,2,2,8,4,4,0,0,0
54874002,54,31,23,54,31,23,1,0,1,6,4,2,1,0,1,0,0,0,33,11,22,15,6,9,0,0,0,4,0,4,11,3,8,3,2,1,1,1,0
54876601,76,48,28,74,47,27,0,0,0,15,8,7,0,0,0,2,1,1,74,33,41,46,19,27,0,0,0,5,0,5,9,7,2,14,7,7,0,0,0
54877401,14,8,6,14,8,6,0,0,0,4,3,1,0,0,0,0,0,0,6,2,4,4,2,2,0,0,0,0,0,0,0,0,0,2,0,2,0,0,0
54877402,13,7,6,13,7,6,0,0,0,3,1,2,1,0,1,0,0,0,14,4,10,9,2,7,0,0,0,0,0,0,2,1,1,3,1,2,0,0,0
54877403,376,202,174,367,199,168,10,3,7,37,22,15,4,0,4,9,3,6,350,157,193,131,61,70,0,0,0,16,0,16,71,31,40,132,65,67,6,3,3
54877405,15,8,7,15,8,7,0,0,0,1,1,0,0,0,0,0,0,0,23,11,12,14,6,8,0,0,0,1,0,1,1,0,1,7,5,2,0,0,0
54893601,25,14,11,24,14,10,4,2,2,5,2,3,0,0,0,1,0,1,20,7,13,11,5,6,0,0,0,2,0,2,4,1,3,3,1,2,0,0,0
54893602,10,6,4,10,6,4,0,0,0,1,0,1,0,0,0,0,0,0,14,5,9,9,4,5,0,0,0,0,0,0,0,0,0,5,1,4,0,0,0
54893603,29,21,8,28,21,7,0,0,0,5,4,1,0,0,0,1,0,1,25,12,13,16,9,7,1,0,1,3,0,3,4,3,1,1,0,1,0,0,0
54893605,129,75,54,128,74,54,3,3,0,19,8,11,1,0,1,1,1,0,132,60,72,86,39,47,1,1,0,1,0,1,14,6,8,30,14,16,3,1,2
54898701,30,21,9,28,20,8,1,1,0,1,0,1,0,0,0,2,1,1,25,10,15,17,6,11,0,0,0,1,0,1,1,1,0,6,3,3,0,0,0
54900201,117,68,49,113,65,48,1,1,0,10,4,6,2,0,2,4,3,1,117,50,67,61,27,34,0,0,0,7,0,7,25,11,14,24,12,12,2,2,0
54901101,120,71,49,114,69,45,5,5,0,11,5,6,3,0,3,6,2,4,139,64,75,82,38,44,1,1,0,7,0,7,23,11,12,26,14,12,0,0,0
54904501,109,60,49,108,60,48,3,3,0,9,5,4,0,0,0,1,0,1,83,37,46,39,16,23,0,0,0,4,0,4,11,4,7,29,17,12,0,0,0
54905301,118,63,55,115,62,53,2,0,2,13,6,7,3,0,3,3,1,2,99,38,61,51,20,31,2,1,1,4,0,4,23,10,13,19,7,12,2,2,0
54906101,24,12,12,24,12,12,0,0,0,4,2,2,1,0,1,0,0,0,16,9,7,2,0,2,0,0,0,1,0,1,3,2,1,10,7,3,0,0,0
54906102,50,29,21,49,28,21,0,0,0,6,1,5,1,0,1,1,1,0,38,19,19,14,6,8,0,0,0,3,0,3,9,4,5,12,9,3,0,0,0
54912601,41,23,18,40,23,17,0,0,0,3,1,2,0,0,0,1,0,1,44,19,25,34,15,19,0,0,0,2,0,2,4,1,3,4,3,1,0,0,0
54913401,19,9,10,19,9,10,0,0,0,5,2,3,0,0,0,0,0,0,25,11,14,22,9,13,0,0,0,0,0,0,0,0,0,3,2,1,0,0,0
54913406,42,28,14,41,28,13,0,0,0,4,2,2,0,0,0,1,0,1,52,19,33,33,13,20,0,0,0,4,0,4,8,3,5,7,3,4,2,2,0
54914201,21,12,9,21,12,9,0,0,0,1,1,0,0,0,0,0,0,0,27,12,15,13,5,8,1,1,0,0,0,0,3,2,1,10,4,6,0,0,0
54914202,32,17,15,31,17,14,0,0,0,1,1,0,0,0,0,1,0,1,40,16,24,20,9,11,0,0,0,1,0,1,4,2,2,15,5,10,0,0,0
54914203,297,169,128,291,166,125,16,6,10,28,17,11,2,0,2,6,3,3,274,116,158,125,54,71,0,0,0,17,0,17,45,22,23,87,40,47,1,1,0
54917701,26,14,12,26,14,12,4,3,1,2,1,1,0,0,0,0,0,0,17,11,6,8,4,4,0,0,0,0,0,0,3,2,1,6,5,1,0,0,0
54917702,83,53,30,82,52,30,2,1,1,6,4,2,0,0,0,1,1,0,86,28,58,48,18,30,0,0,0,6,0,6,11,6,5,21,4,17,2,2,0
54917703,10,5,5,10,5,5,1,1,0,2,1,1,0,0,0,0,0,0,10,5,5,2,1,1,0,0,0,1,0,1,3,2,1,4,2,2,0,0,0
54921501,12,8,4,12,8,4,0,0,0,2,2,0,0,0,0,0,0,0,20,9,11,10,5,5,0,0,0,0,0,0,5,3,2,5,1,4,0,0,0
54921502,49,27,22,48,26,22,1,1,0,3,2,1,0,0,0,1,1,0,42,17,25,21,11,10,0,0,0,3,0,3,6,3,3,12,3,9,0,0,0
54921503,21,11,10,20,11,9,1,0,1,1,0,1,0,0,0,1,0,1,30,14,16,17,7,10,0,0,0,1,0,1,6,4,2,6,3,3,0,0,0
54921504,8,6,2,7,5,2,0,0,0,0,0,0,0,0,0,1,1,0,14,6,8,12,6,6,0,0,0,0,0,0,0,0,0,2,0,2,0,0,0
54921506,20,13,7,20,13,7,1,1,0,1,0,1,0,0,0,0,0,0,16,10,6,15,9,6,0,0,0,0,0,0,0,0,0,1,1,0,0,0,0
54921508,54,30,24,54,30,24,6,4,2,5,1,4,1,0,1,0,0,0,49,19,30,28,11,17,0,0,0,1,0,1,4,1,3,16,7,9,0,0,0
54921509,376,201,175,364,196,168,6,2,4,41,24,17,2,0,2,12,5,7,372,173,199,187,82,105,1,1,0,15,0,15,61,33,28,108,57,51,6,1,5
54921510,16,8,8,15,8,7,0,0,0,0,0,0,0,0,0,1,0,1,20,7,13,5,3,2,0,0,0,1,0,1,1,0,1,13,4,9,0,0,0
54923101,27,18,9,27,18,9,1,1,0,3,2,1,0,0,0,0,0,0,18,7,11,7,3,4,0,0,0,2,0,2,5,4,1,4,0,4,0,0,0
54923102,40,25,15,38,24,14,0,0,0,3,1,2,0,0,0,2,1,1,49,23,26,32,14,18,1,1,0,2,0,2,8,4,4,6,4,2,1,1,0
54923103,57,33,24,56,32,24,1,0,1,5,2,3,0,0,0,1,1,0,73,36,37,47,21,26,0,0,0,3,0,3,6,3,3,17,12,5,3,1,2
54923104,44,26,18,40,24,16,0,0,0,3,2,1,0,0,0,4,2,2,56,24,32,30,14,16,0,0,0,2,0,2,9,4,5,15,6,9,0,0,0
54923105,26,13,13,25,13,12,1,0,1,3,1,2,0,0,0,1,0,1,19,8,11,5,2,3,1,0,1,1,0,1,4,2,2,8,4,4,0,0,0
54923106,1252,686,566,1230,677,553,24,9,15,147,67,80,10,0,10,22,9,13,1056,466,590,595,246,349,1,1,0,41,0,41,148,87,61,271,132,139,40,24,16
55154601,41,24,17,41,24,17,1,0,1,6,6,0,0,0,0,0,0,0,36,16,20,14,7,7,0,0,0,1,0,1,6,1,5,15,8,7,0,0,0
55158901,91,49,42,87,47,40,2,2,0,7,3,4,2,0,2,4,2,2,67,33,34,29,14,15,0,0,0,3,0,3,12,7,5,23,12,11,0,0,0
56109601,36,20,16,34,18,16,2,2,0,5,3,2,0,0,0,2,2,0,38,16,22,26,10,16,0,0,0,1,0,1,5,4,1,6,2,4,1,1,0
56110002,97,67,30,96,66,30,3,1,2,41,33,8,0,0,0,1,1,0,132,86,46,108,78,30,0,0,0,3,0,3,8,3,5,13,5,8,4,2,2
56110004,19,9,10,19,9,10,3,0,3,3,1,2,0,0,0,0,0,0,17,7,10,7,2,5,0,0,0,0,0,0,1,1,0,9,4,5,0,0,0
56111801,47,28,19,46,28,18,1,1,0,4,3,1,1,0,1,1,0,1,35,16,19,10,5,5,0,0,0,2,0,2,10,4,6,13,7,6,0,0,0
56112601,30,17,13,28,16,12,2,0,2,2,1,1,0,0,0,2,1,1,16,6,10,8,1,7,0,0,0,0,0,0,3,3,0,5,2,3,1,0,1
56114201,58,34,24,57,33,24,0,0,0,11,3,8,0,0,0,1,1,0,62,21,41,26,11,15,0,0,0,7,0,7,18,9,9,11,1,10,0,0,0
56117701,61,34,27,60,33,27,2,1,1,8,3,5,1,0,1,1,1,0,68,27,41,26,12,14,0,0,0,6,0,6,20,11,9,16,4,12,0,0,0
56124001,37,22,15,37,22,15,1,0,1,5,3,2,0,0,0,0,0,0,30,9,21,14,4,10,0,0,0,1,0,1,6,1,5,9,4,5,0,0,0
56126601,37,24,13,36,23,13,3,0,3,3,3,0,0,0,0,1,1,0,30,11,19,14,5,9,0,0,0,2,0,2,5,2,3,9,4,5,1,0,1
56127401,22,11,11,21,11,10,0,0,0,1,0,1,1,0,1,1,0,1,33,15,18,18,8,10,0,0,0,1,0,1,5,1,4,9,6,3,1,1,0
56128202,45,25,20,44,24,20,2,1,1,5,1,4,1,0,1,1,1,0,44,24,20,25,14,11,0,0,0,1,0,1,8,5,3,10,5,5,0,0,0
56131201,24,16,8,24,16,8,1,1,0,2,1,1,1,0,1,0,0,0,19,6,13,9,4,5,0,0,0,1,0,1,5,1,4,4,1,3,1,1,0
56131202,52,37,15,49,35,14,2,1,1,8,7,1,1,0,1,3,2,1,61,20,41,31,6,25,0,0,0,4,0,4,10,8,2,16,6,10,1,0,1
56131205,26,16,10,25,16,9,0,0,0,3,1,2,0,0,0,1,0,1,22,10,12,18,7,11,0,0,0,0,0,0,0,0,0,4,3,1,1,0,1
56132101,49,29,20,48,28,20,2,0,2,3,1,2,0,0,0,1,1,0,38,19,19,17,7,10,0,0,0,1,0,1,7,5,2,13,7,6,0,0,0
56133901,18,10,8,17,10,7,0,0,0,4,3,1,0,0,0,1,0,1,21,10,11,16,6,10,0,0,0,0,0,0,2,2,0,3,2,1,0,0,0
56134701,29,14,15,29,14,15,1,0,1,5,4,1,0,0,0,0,0,0,24,8,16,12,5,7,0,0,0,1,0,1,2,1,1,9,2,7,0,0,0
56135501,29,22,7,28,21,7,1,0,1,3,3,0,0,0,0,1,1,0,29,12,17,22,7,15,0,0,0,0,0,0,1,0,1,6,5,1,1,0,1
56136301,40,27,13,39,26,13,0,0,0,5,3,2,0,0,0,1,1,0,63,29,34,45,21,24,0,0,0,3,0,3,8,4,4,7,4,3,0,0,0
56137101,76,45,31,75,44,31,5,2,3,6,4,2,0,0,0,1,1,0,55,24,31,17,7,10,0,0,0,6,0,6,12,3,9,20,14,6,0,0,0
56143601,51,32,19,48,31,17,1,0,1,7,6,1,0,0,0,3,1,2,47,20,27,12,3,9,0,0,0,3,0,3,15,8,7,17,9,8,0,0,0
56145201,62,36,26,60,36,24,4,2,2,6,3,3,1,0,1,2,0,2,43,19,24,18,9,9,0,0,0,5,0,5,8,4,4,12,6,6,2,2,0
56146101,22,13,9,22,13,9,0,0,0,4,3,1,0,0,0,0,0,0,14,5,9,7,3,4,0,0,0,0,0,0,2,1,1,5,1,4,0,0,0
56148702,32,19,13,32,19,13,1,0,1,1,0,1,0,0,0,0,0,0,31,16,15,22,12,10,0,0,0,1,0,1,2,0,2,6,4,2,0,0,0
56175401,27,15,12,27,15,12,0,0,0,0,0,0,0,0,0,0,0,0,27,14,13,11,6,5,0,0,0,2,0,2,10,6,4,4,2,2,0,0,0
56176201,54,31,23,54,31,23,1,0,1,9,6,3,0,0,0,0,0,0,35,17,18,15,6,9,0,0,0,0,0,0,4,2,2,16,9,7,0,0,0
56177101,5,1,4,5,1,4,0,0,0,3,1,2,0,0,0,0,0,0,11,6,5,10,5,5,0,0,0,0,0,0,0,0,0,1,1,0,0,0,0
56178901,116,74,42,115,73,42,2,2,0,14,8,6,1,0,1,1,1,0,96,38,58,44,18,26,0,0,0,5,0,5,19,7,12,28,13,15,0,0,0
56179701,148,87,61,145,85,60,8,2,6,17,10,7,1,0,1,3,2,1,127,49,78,54,22,32,1,0,1,10,0,10,28,12,16,34,15,19,2,2,0
56180101,67,41,26,65,40,25,5,4,1,5,2,3,1,0,1,2,1,1,54,25,29,28,11,17,0,0,0,1,0,1,3,2,1,22,12,10,0,0,0
56181901,56,31,25,53,29,24,0,0,0,7,4,3,0,0,0,3,2,1,57,23,34,25,9,16,0,0,0,2,0,2,7,2,5,23,12,11,0,0,0
56184301,35,21,14,34,20,14,3,3,0,8,3,5,0,0,0,1,1,0,37,14,23,15,7,8,1,1,0,3,0,3,7,2,5,11,4,7,0,0,0
56190801,37,19,18,36,19,17,1,0,1,4,1,3,0,0,0,1,0,1,46,23,23,19,11,8,0,0,0,2,0,2,10,5,5,15,7,8,1,0,1
56191601,57,30,27,55,30,25,3,2,1,9,4,5,1,0,1,2,0,2,62,31,31,36,18,18,0,0,0,3,0,3,10,6,4,13,7,6,0,0,0
56192401,20,12,8,20,12,8,1,1,0,3,2,1,0,0,0,0,0,0,12,4,8,5,1,4,0,0,0,0,0,0,0,0,0,7,3,4,1,1,0
56192403,28,16,12,27,16,11,2,1,1,0,0,0,0,0,0,1,0,1,16,3,13,9,2,7,0,0,0,0,0,0,3,1,2,4,0,4,0,0,0
56192404,16,8,8,16,8,8,0,0,0,4,2,2,0,0,0,0,0,0,22,7,15,11,4,7,0,0,0,0,0,0,2,0,2,9,3,6,1,1,0
56193201,64,41,23,64,41,23,2,0,2,5,2,3,0,0,0,0,0,0,58,17,41,28,11,17,0,0,0,3,0,3,9,2,7,18,4,14,1,1,0
56193202,14,10,4,13,9,4,0,0,0,3,3,0,0,0,0,1,1,0,9,3,6,6,2,4,0,0,0,1,0,1,2,1,1,0,0,0,1,1,0
56193203,17,10,7,14,7,7,1,0,1,1,0,1,1,0,1,3,3,0,16,7,9,10,4,6,0,0,0,1,0,1,3,3,0,2,0,2,1,1,0
56194101,46,27,19,46,27,19,0,0,0,4,3,1,0,0,0,0,0,0,43,15,28,20,8,12,0,0,0,1,0,1,5,2,3,17,5,12,0,0,0
56196701,25,15,10,25,15,10,0,0,0,2,2,0,0,0,0,0,0,0,21,10,11,8,3,5,0,0,0,1,0,1,1,0,1,11,7,4,0,0,0
56196702,200,108,92,198,106,92,8,3,5,20,8,12,1,0,1,2,2,0,151,65,86,78,30,48,1,1,0,5,0,5,19,9,10,48,25,23,1,0,1
56196703,37,22,15,35,20,15,1,0,1,1,1,0,0,0,0,2,2,0,27,14,13,12,5,7,0,0,0,1,0,1,3,2,1,11,7,4,0,0,0
56196704,41,21,20,41,21,20,0,0,0,9,5,4,0,0,0,0,0,0,41,15,26,15,6,9,0,0,0,2,0,2,5,2,3,19,7,12,0,0,0
56197501,16,10,6,16,10,6,0,0,0,1,1,0,0,0,0,0,0,0,27,8,19,13,5,8,0,0,0,1,0,1,2,1,1,11,2,9,1,1,0
56197502,89,54,35,86,52,34,3,3,0,11,8,3,1,0,1,3,2,1,83,37,46,36,15,21,0,0,0,6,0,6,13,8,5,28,14,14,0,0,0
56200901,344,186,158,338,184,154,16,4,12,40,17,23,1,0,1,6,2,4,288,139,149,106,45,61,1,0,1,15,0,15,49,28,21,117,66,51,3,1,2
56203301,47,27,20,46,26,20,1,1,0,2,1,1,1,0,1,1,1,0,57,25,32,36,15,21,0,0,0,0,0,0,8,5,3,13,5,8,0,0,0
56204101,32,16,16,32,16,16,1,0,1,5,2,3,0,0,0,0,0,0,30,13,17,11,5,6,0,0,0,1,0,1,2,0,2,16,8,8,0,0,0
59866601,28,15,13,27,14,13,2,0,2,3,2,1,0,0,0,1,1,0,14,5,9,4,1,3,0,0,0,0,0,0,1,1,0,9,3,6,1,1,0
59870401,65,35,30,64,35,29,0,0,0,5,2,3,0,0,0,1,0,1,71,34,37,35,18,17,1,1,0,5,0,5,12,8,4,18,7,11,1,1,0
59871201,50,30,20,50,30,20,3,2,1,6,5,1,0,0,0,0,0,0,42,21,21,19,9,10,0,0,0,1,0,1,4,3,1,18,9,9,0,0,0
59871202,126,68,58,122,67,55,7,1,6,14,11,3,1,0,1,4,1,3,122,50,72,39,12,27,0,0,0,7,0,7,17,7,10,59,31,28,0,0,0
59872101,114,66,48,111,64,47,7,4,3,13,7,6,0,0,0,3,2,1,96,39,57,39,16,23,0,0,0,6,0,6,19,8,11,32,15,17,1,1,0
59872102,22,11,11,22,11,11,0,0,0,2,0,2,0,0,0,0,0,0,24,11,13,10,5,5,0,0,0,0,0,0,3,2,1,11,4,7,1,0,1
59875501,154,87,67,149,85,64,3,1,2,24,13,11,0,0,0,5,2,3,111,51,60,44,19,25,1,1,0,6,0,6,22,10,12,38,21,17,1,1,0
59876301,63,39,24,62,38,24,2,0,2,3,2,1,0,0,0,1,1,0,60,25,35,32,15,17,0,0,0,3,0,3,8,4,4,17,6,11,0,0,0
59877101,21,14,7,21,14,7,0,0,0,2,1,1,0,0,0,0,0,0,28,12,16,18,7,11,0,0,0,1,0,1,1,0,1,8,5,3,0,0,0
59923901,119,67,52,118,66,52,6,3,3,8,4,4,3,0,3,1,1,0,78,37,41,21,9,12,0,0,0,4,0,4,18,12,6,35,16,19,0,0,0
51055601,117,66,51,113,64,49,1,0,1,4,3,1,2,0,2,4,2,2,154,66,88,80,35,45,2,0,2,7,0,7,27,11,16,38,20,18,1,0,1
51064501,47,26,21,46,25,21,1,0,1,2,2,0,0,0,0,1,1,0,37,18,19,19,9,10,0,0,0,2,0,2,11,5,6,5,4,1,1,0,1
51098001,167,93,74,159,89,70,1,0,1,15,10,5,1,0,1,8,4,4,149,52,97,78,29,49,0,0,0,8,0,8,20,7,13,43,16,27,1,1,0
51108101,137,77,60,131,77,54,9,5,4,11,6,5,3,0,3,6,0,6,107,47,60,52,23,29,0,0,0,8,0,8,30,19,11,17,5,12,1,1,0
51124201,215,121,94,207,118,89,7,1,6,10,6,4,2,0,2,8,3,5,187,79,108,77,32,45,0,0,0,10,0,10,39,19,20,61,28,33,2,0,2
51130701,58,37,21,53,35,18,0,0,0,3,1,2,1,0,1,5,2,3,60,23,37,29,10,19,0,0,0,4,0,4,13,7,6,14,6,8,0,0,0
54475201,116,66,50,95,56,39,1,0,1,10,5,5,3,0,3,21,10,11,128,57,71,77,31,46,0,0,0,7,0,7,19,12,7,25,14,11,1,1,0
54483301,47,26,21,46,26,20,0,0,0,1,1,0,1,0,1,1,0,1,46,23,23,22,12,10,0,0,0,2,0,2,10,4,6,12,7,5,0,0,0
54487601,74,43,31,69,41,28,0,0,0,4,2,2,1,0,1,5,2,3,73,38,35,34,15,19,0,0,0,3,0,3,13,7,6,23,16,7,2,2,0
54495701,28,15,13,28,15,13,3,3,0,3,2,1,0,0,0,0,0,0,34,15,19,13,5,8,0,0,0,1,0,1,5,3,2,15,7,8,1,0,1
54503101,74,44,30,71,41,30,2,1,1,5,4,1,1,0,1,3,3,0,53,19,34,32,13,19,0,0,0,1,0,1,6,4,2,14,2,12,0,0,0
54504001,50,30,20,49,30,19,0,0,0,1,0,1,0,0,0,1,0,1,48,21,27,39,16,23,0,0,0,1,0,1,4,3,1,4,2,2,0,0,0
54518001,89,53,36,81,49,32,2,2,0,7,4,3,0,0,0,8,4,4,89,34,55,51,21,30,1,0,1,4,0,4,15,5,10,18,8,10,5,4,1
54530901,219,119,100,212,115,97,8,1,7,12,7,5,3,0,3,7,4,3,219,101,118,104,51,53,0,0,0,7,0,7,33,10,23,75,40,35,2,1,1
54693301,84,45,39,82,44,38,6,2,4,11,5,6,0,0,0,2,1,1,105,48,57,50,19,31,0,0,0,2,0,2,10,2,8,43,27,16,0,0,0
55030201,21,13,8,20,12,8,1,0,1,1,1,0,0,0,0,1,1,0,20,13,7,10,6,4,0,0,0,1,0,1,3,3,0,6,4,2,0,0,0
55030202,54,32,22,49,29,20,0,0,0,3,1,2,0,0,0,5,3,2,62,33,29,39,20,19,0,0,0,3,0,3,7,5,2,13,8,5,2,1,1
55031101,47,28,19,46,27,19,0,0,0,3,2,1,0,0,0,1,1,0,53,19,34,27,10,17,0,0,0,2,0,2,6,2,4,18,7,11,1,1,0
55037001,56,33,23,54,32,22,6,4,2,4,2,2,0,0,0,2,1,1,57,25,32,32,12,20,0,0,0,3,0,3,5,3,2,17,10,7,0,0,0
55038801,103,63,40,95,59,36,1,0,1,8,3,5,0,0,0,8,4,4,124,62,62,66,29,37,0,0,0,7,0,7,20,11,9,31,22,9,0,0,0
55040001,69,39,30,65,38,27,5,2,3,4,2,2,0,0,0,4,1,3,52,17,35,26,9,17,0,0,0,3,0,3,4,1,3,19,7,12,2,2,0
55046901,86,50,36,79,45,34,1,0,1,8,4,4,0,0,0,7,5,2,73,41,32,34,20,14,0,0,0,5,0,5,13,8,5,21,13,8,2,1,1
55047701,46,29,17,44,29,15,3,2,1,5,3,2,0,0,0,2,0,2,55,22,33,31,13,18,0,0,0,2,0,2,4,2,2,18,7,11,0,0,0
55049301,63,40,23,62,40,22,4,2,2,3,3,0,0,0,0,1,0,1,71,31,40,34,10,24,0,0,0,5,0,5,10,7,3,22,14,8,3,3,0
55050701,270,156,114,262,153,109,7,2,5,13,6,7,2,0,2,8,3,5,257,111,146,112,47,65,0,0,0,17,0,17,46,15,31,82,49,33,4,2,2
55056601,117,62,55,115,62,53,8,2,6,7,4,3,2,0,2,2,0,2,97,41,56,47,22,25,1,0,1,3,0,3,17,6,11,29,13,16,3,3,0
55056602,81,47,34,77,44,33,3,1,2,3,2,1,1,0,1,4,3,1,77,36,41,31,15,16,0,0,0,6,0,6,14,7,7,26,14,12,1,0,1
55059101,38,21,17,36,21,15,0,0,0,4,2,2,0,0,0,2,0,2,33,16,17,17,8,9,0,0,0,1,0,1,7,4,3,8,4,4,0,0,0
55061201,22,12,10,22,12,10,0,0,0,1,1,0,0,0,0,0,0,0,28,10,18,18,7,11,0,0,0,2,0,2,5,1,4,3,2,1,0,0,0
55063901,56,31,25,52,30,22,3,2,1,6,3,3,0,0,0,4,1,3,55,27,28,27,13,14,0,0,0,1,0,1,5,4,1,22,10,12,0,0,0
55071001,135,76,59,129,74,55,8,2,6,6,4,2,1,0,1,6,2,4,139,54,85,75,30,45,0,0,0,3,0,3,18,9,9,43,15,28,0,0,0
55077901,81,49,32,79,48,31,1,0,1,4,4,0,1,0,1,2,1,1,83,34,49,45,23,22,0,0,0,3,0,3,8,3,5,27,8,19,0,0,0
55396401,82,50,32,75,46,29,4,3,1,9,6,3,1,0,1,7,4,3,88,41,47,44,20,24,0,0,0,5,0,5,16,7,9,23,14,9,1,1,0
3398310,0,0,0,0,0,0,0,0,0,0,0,0,0,0,0,0,0,0,0,0,0,0,0,0,0,0,0,0,0,0,0,0,0,0,0,0,0,0,0
55487101,291,171,120,288,168,120,13,4,9,13,8,5,1,0,1,3,3,0,238,110,128,107,46,61,1,1,0,7,0,7,28,13,15,95,50,45,8,6,2
57348501,38,21,17,37,21,16,2,1,1,0,0,0,0,0,0,1,0,1,39,24,15,22,11,11,0,0,0,0,0,0,3,2,1,14,11,3,0,0,0
58746001,54,35,19,50,32,18,1,1,0,5,4,1,0,0,0,4,3,1,68,31,37,31,13,18,0,0,0,5,0,5,14,7,7,18,11,7,1,0,1
58760501,60,37,23,54,36,18,0,0,0,6,6,0,0,0,0,6,1,5,73,31,42,38,18,20,0,0,0,5,0,5,14,7,7,16,6,10,2,1,1
58766401,69,39,30,67,39,28,2,0,2,7,5,2,1,0,1,2,0,2,76,40,36,37,20,17,0,0,0,2,0,2,12,8,4,25,12,13,0,0,0
58769901,62,31,31,60,30,30,1,0,1,3,1,2,3,0,3,2,1,1,44,17,27,24,9,15,0,0,0,0,0,0,6,3,3,14,5,9,4,4,0
58834201,95,55,40,89,52,37,5,3,2,6,1,5,1,0,1,6,3,3,95,44,51,45,21,24,0,0,0,4,0,4,15,9,6,31,14,17,0,0,0
1697730,0,0,0,0,0,0,0,0,0,0,0,0,0,0,0,0,0,0,0,0,0,0,0,0,0,0,0,0,0,0,0,0,0,0,0,0,0,0,0
1698460,0,0,0,0,0,0,0,0,0,0,0,0,0,0,0,0,0,0,0,0,0,0,0,0,0,0,0,0,0,0,0,0,0,0,0,0,0,0,0
1699600,0,0,0,0,0,0,0,0,0,0,0,0,0,0,0,0,0,0,0,0,0,0,0,0,0,0,0,0,0,0,0,0,0,0,0,0,0,0,0
59026601,125,71,54,120,70,50,7,3,4,8,3,5,0,0,0,5,1,4,120,58,62,45,20,25,0,0,0,5,0,5,17,7,10,53,31,22,0,0,0
59026602,107,59,48,105,59,46,4,2,2,7,5,2,1,0,1,2,0,2,73,29,44,27,10,17,1,1,0,3,0,3,17,9,8,25,9,16,1,0,1
59026603,114,57,57,109,56,53,5,2,3,11,7,4,1,0,1,5,1,4,94,39,55,45,20,25,1,0,1,2,0,2,10,4,6,36,15,21,0,0,0
59026604,85,54,31,83,53,30,6,3,3,7,3,4,0,0,0,2,1,1,69,35,34,34,17,17,0,0,0,5,0,5,13,7,6,17,11,6,0,0,0
59026605,144,74,70,135,70,65,5,1,4,15,8,7,1,0,1,9,4,5,127,58,69,69,30,39,0,0,0,4,0,4,16,8,8,38,20,18,1,1,0
59026606,68,38,30,68,38,30,4,2,2,5,2,3,0,0,0,0,0,0,41,19,22,17,7,10,0,0,0,1,0,1,6,4,2,17,8,9,0,0,0
59026609,273,148,125,256,144,112,6,3,3,20,11,9,1,0,1,17,4,13,258,118,140,111,40,71,0,0,0,11,0,11,48,26,22,88,52,36,0,0,0
59026610,786,416,370,739,393,346,23,8,15,83,46,37,4,0,4,47,23,24,855,343,512,558,211,347,4,3,1,31,1,30,113,55,58,149,73,76,8,3,5
59026611,18,12,6,18,12,6,0,0,0,5,4,1,0,0,0,0,0,0,11,4,7,1,0,1,0,0,0,0,0,0,0,0,0,10,4,6,0,0,0
59026612,518,285,233,506,277,229,21,12,9,52,34,18,2,0,2,12,8,4,526,236,290,250,109,141,1,1,0,24,0,24,72,33,39,179,93,86,0,0,0
59026613,1034,529,505,983,510,473,30,14,16,117,54,63,8,0,8,51,19,32,809,385,424,391,184,207,1,1,0,37,1,36,136,77,59,244,122,122,6,2,4
59026614,87,48,39,81,44,37,4,0,4,2,1,1,0,0,0,6,4,2,72,27,45,12,2,10,0,0,0,9,0,9,26,12,14,25,13,12,5,1,4
59026615,42,19,23,41,19,22,3,1,2,3,1,2,0,0,0,1,0,1,27,11,16,13,6,7,0,0,0,1,0,1,5,2,3,8,3,5,0,0,0
59026617,50,31,19,48,30,18,2,2,0,4,3,1,0,0,0,2,1,1,39,19,20,4,1,3,0,0,0,2,0,2,4,2,2,29,16,13,0,0,0
59026619,588,302,286,564,294,270,19,10,9,64,30,34,1,0,1,24,8,16,602,289,313,304,130,174,1,1,0,10,0,10,73,45,28,214,113,101,1,1,0
59026620,234,126,108,216,111,105,7,2,5,22,11,11,1,0,1,18,15,3,223,99,124,111,47,64,0,0,0,9,0,9,30,15,15,73,37,36,2,2,0
59026621,24,13,11,23,12,11,0,0,0,0,0,0,0,0,0,1,1,0,24,12,12,11,5,6,0,0,0,1,0,1,5,4,1,7,3,4,0,0,0
59026622,693,382,311,673,368,305,27,16,11,79,44,35,2,0,2,20,14,6,816,329,487,442,175,267,4,2,2,32,0,32,122,54,68,216,98,118,2,1,1
59026624,169,84,85,161,82,79,8,4,4,30,14,16,3,0,3,8,2,6,130,62,68,76,35,41,0,0,0,4,0,4,15,7,8,35,20,15,0,0,0
59026625,65,34,31,64,33,31,3,2,1,3,3,0,0,0,0,1,1,0,51,25,26,20,8,12,0,0,0,3,0,3,5,3,2,23,14,9,1,1,0
59026626,710,387,323,669,363,306,26,11,15,73,49,24,5,0,5,41,24,17,795,323,472,442,154,288,5,3,2,29,0,29,92,53,39,227,113,114,4,2,2
59026627,421,304,117,362,262,100,13,7,6,22,13,9,1,0,1,59,42,17,209,102,107,70,30,40,0,0,0,16,0,16,67,36,31,56,36,20,78,63,15
59026628,168,93,75,134,72,62,6,3,3,12,8,4,0,0,0,34,21,13,167,70,97,47,17,30,0,0,0,13,1,12,45,23,22,62,29,33,1,1,0
59026631,15,11,4,15,11,4,0,0,0,1,0,1,0,0,0,0,0,0,6,2,4,1,0,1,0,0,0,1,0,1,3,2,1,1,0,1,0,0,0
59026632,750,402,348,715,388,327,24,10,14,58,29,29,4,0,4,35,14,21,577,248,329,268,122,146,1,0,1,23,1,22,86,39,47,199,86,113,3,2,1
59026633,47,38,9,36,31,5,0,0,0,7,5,2,0,0,0,11,7,4,195,56,139,193,56,137,0,0,0,0,0,0,1,0,1,1,0,1,0,0,0
59026634,66,37,29,65,37,28,5,4,1,7,3,4,0,0,0,1,0,1,61,27,34,33,15,18,0,0,0,1,0,1,9,4,5,18,8,10,1,0,1
59026635,1357,723,634,1287,696,591,24,15,9,92,43,49,15,0,15,70,27,43,940,400,540,421,165,256,5,3,2,58,0,58,181,93,88,275,139,136,13,7,6
59026636,2338,1207,1131,2212,1154,1058,80,30,50,240,107,133,17,0,17,126,53,73,1840,812,1028,866,366,500,5,3,2,88,0,88,298,160,138,583,283,300,13,7,6
59026637,460,231,229,437,225,212,20,7,13,43,17,26,8,0,8,23,6,17,447,179,268,248,93,155,1,1,0,16,0,16,82,37,45,100,48,52,3,2,1
59026638,1830,943,887,1744,909,835,59,21,38,168,80,88,11,0,11,86,34,52,1495,622,873,792,302,490,3,2,1,65,0,65,230,110,120,405,208,197,25,16,9
59026639,1284,677,607,1223,646,577,46,22,24,144,69,75,4,0,4,61,31,30,1275,519,756,731,270,461,2,1,1,40,1,39,151,73,78,351,174,177,10,6,4
59026641,112,63,49,103,56,47,4,2,2,13,5,8,2,0,2,9,7,2,110,44,66,49,21,28,0,0,0,6,0,6,18,7,11,37,16,21,5,2,3
59026642,321,179,142,284,152,132,13,2,11,28,13,15,0,0,0,37,27,10,228,101,127,110,52,58,1,1,0,11,0,11,37,15,22,69,33,36,5,3,2
59026643,1816,940,876,1727,903,824,74,38,36,172,78,94,11,0,11,89,37,52,2022,831,1191,1142,412,730,0,0,0,84,1,83,274,135,139,522,283,239,15,6,9
59026645,184,98,86,165,89,76,3,2,1,13,6,7,0,0,0,19,9,10,142,74,68,49,21,28,0,0,0,8,0,8,29,18,11,56,35,21,1,0,1
59026646,631,319,312,602,304,298,27,13,14,32,12,20,6,0,6,29,15,14,436,185,251,86,34,52,0,0,0,33,0,33,113,51,62,204,100,104,5,3,2
59026647,100,59,41,92,53,39,6,3,3,12,7,5,0,0,0,8,6,2,92,38,54,51,22,29,0,0,0,2,0,2,11,6,5,28,10,18,0,0,0
59026648,78,46,32,75,44,31,5,3,2,14,9,5,0,0,0,3,2,1,119,53,66,84,37,47,0,0,0,2,0,2,12,8,4,21,8,13,0,0,0
59026649,67,40,27,65,39,26,1,0,1,11,6,5,1,0,1,2,1,1,57,25,32,25,13,12,0,0,0,3,0,3,14,5,9,15,7,8,0,0,0
59027401,67,41,26,63,40,23,3,2,1,8,6,2,0,0,0,4,1,3,60,20,40,34,12,22,0,0,0,2,1,1,6,0,6,18,7,11,1,0,1
59027402,22,14,8,21,14,7,1,0,1,1,1,0,0,0,0,1,0,1,36,17,19,22,10,12,0,0,0,1,0,1,3,2,1,10,5,5,0,0,0
59028201,58,30,28,52,26,26,1,1,0,2,1,1,0,0,0,6,4,2,65,26,39,34,13,21,0,0,0,2,0,2,7,5,2,22,8,14,1,1,0
59028202,32,17,15,30,17,13,0,0,0,2,0,2,1,0,1,2,0,2,41,12,29,24,6,18,0,0,0,1,0,1,6,3,3,10,3,7,0,0,0
59030401,65,42,23,60,40,20,6,5,1,4,2,2,0,0,0,5,2,3,75,32,43,31,15,16,0,0,0,6,0,6,20,9,11,18,8,10,0,0,0
59030402,27,16,11,26,15,11,2,1,1,0,0,0,0,0,0,1,1,0,24,7,17,10,4,6,0,0,0,1,0,1,4,0,4,9,3,6,0,0,0
59031201,124,72,52,115,68,47,1,1,0,8,6,2,0,0,0,9,4,5,88,40,48,46,21,25,0,0,0,6,0,6,18,10,8,18,9,9,2,2,0
59031202,20,14,6,17,12,5,0,0,0,1,1,0,0,0,0,3,2,1,26,10,16,21,9,12,0,0,0,1,0,1,1,0,1,3,1,2,0,0,0
59032101,183,105,78,177,103,74,7,1,6,11,7,4,3,0,3,6,2,4,172,79,93,95,41,54,0,0,0,5,0,5,18,7,11,54,31,23,1,0,1
59034701,21,10,11,21,10,11,2,1,1,1,0,1,1,0,1,0,0,0,26,14,12,22,11,11,0,0,0,0,0,0,1,1,0,3,2,1,0,0,0
59034702,46,27,19,42,25,17,0,0,0,2,1,1,0,0,0,4,2,2,45,19,26,27,11,16,0,0,0,3,0,3,5,1,4,10,7,3,0,0,0
59036301,109,63,46,109,63,46,6,4,2,12,8,4,0,0,0,0,0,0,113,50,63,70,32,38,0,0,0,4,0,4,10,6,4,29,12,17,0,0,0
59038001,345,195,150,338,191,147,8,3,5,39,27,12,8,0,8,7,4,3,336,148,188,168,67,101,0,0,0,21,1,20,61,33,28,86,47,39,4,1,3
59040101,34,17,17,34,17,17,1,0,1,4,3,1,0,0,0,0,0,0,31,13,18,17,7,10,0,0,0,0,0,0,2,1,1,12,5,7,0,0,0
59040102,24,13,11,24,13,11,0,0,0,4,1,3,1,0,1,0,0,0,37,23,14,9,6,3,0,0,0,0,0,0,7,7,0,21,10,11,0,0,0
59040103,482,276,206,466,270,196,19,8,11,47,21,26,2,0,2,16,6,10,487,223,264,210,95,115,0,0,0,34,0,34,90,48,42,153,80,73,4,2,2
59040104,24,14,10,23,14,9,0,0,0,0,0,0,1,0,1,1,0,1,25,11,14,14,5,9,0,0,0,2,0,2,7,4,3,2,2,0,0,0,0
59040105,27,10,17,26,10,16,2,0,2,0,0,0,0,0,0,1,0,1,31,17,14,16,9,7,0,0,0,1,0,1,2,0,2,12,8,4,0,0,0
59041001,179,103,76,167,99,68,4,1,3,18,12,6,0,0,0,12,4,8,181,75,106,69,28,41,1,0,1,10,0,10,32,12,20,69,35,34,1,1,0
59042801,41,27,14,41,27,14,3,2,1,4,3,1,0,0,0,0,0,0,43,21,22,29,14,15,1,0,1,1,0,1,2,2,0,10,5,5,0,0,0
59043601,235,123,112,226,120,106,6,1,5,15,7,8,1,0,1,9,3,6,273,134,139,146,66,80,1,1,0,10,0,10,34,18,16,82,49,33,0,0,0
59043602,7,4,3,5,3,2,0,0,0,0,0,0,0,0,0,2,1,1,14,7,7,14,7,7,0,0,0,0,0,0,0,0,0,0,0,0,0,0,0
59044401,150,80,70,145,76,69,3,3,0,10,3,7,4,0,4,5,4,1,146,53,93,53,21,32,0,0,0,6,0,6,28,12,16,59,20,39,2,2,0
59044402,14,9,5,13,9,4,0,0,0,4,3,1,0,0,0,1,0,1,10,3,7,8,3,5,0,0,0,0,0,0,0,0,0,2,0,2,0,0,0
59045201,147,82,65,141,80,61,3,1,2,9,6,3,2,0,2,6,2,4,148,73,75,77,34,43,0,0,0,4,0,4,20,12,8,47,27,20,1,0,1
59046101,88,46,42,87,45,42,3,0,3,7,5,2,3,0,3,1,1,0,88,41,47,52,20,32,0,0,0,2,0,2,12,8,4,22,13,9,1,1,0
59047901,106,59,47,102,58,44,5,0,5,13,6,7,2,0,2,4,1,3,114,45,69,52,19,33,0,0,0,8,0,8,32,16,16,22,10,12,1,0,1
59048701,60,36,24,60,36,24,2,1,1,7,4,3,0,0,0,0,0,0,61,26,35,43,19,24,0,0,0,1,0,1,6,3,3,11,4,7,2,1,1
59048702,46,30,16,44,29,15,1,1,0,5,3,2,0,0,0,2,1,1,47,22,25,32,15,17,0,0,0,2,0,2,4,2,2,9,5,4,0,0,0
59049501,96,52,44,89,49,40,5,2,3,8,5,3,0,0,0,7,3,4,79,35,44,51,19,32,0,0,0,4,0,4,9,5,4,15,11,4,1,1,0
59050901,92,52,40,91,51,40,1,0,1,9,1,8,0,0,0,1,1,0,98,45,53,47,22,25,0,0,0,6,0,6,21,11,10,24,12,12,1,1,0
59051701,290,156,134,267,145,122,9,5,4,23,14,9,1,0,1,23,11,12,229,105,124,126,54,72,0,0,0,9,0,9,27,14,13,67,37,30,10,7,3
59052501,60,36,24,56,35,21,2,1,1,3,2,1,0,0,0,4,1,3,53,17,36,22,7,15,0,0,0,5,0,5,13,8,5,13,2,11,1,1,0
59053301,49,31,18,45,28,17,1,1,0,3,3,0,0,0,0,4,3,1,71,30,41,41,19,22,0,0,0,6,0,6,14,7,7,10,4,6,0,0,0
59053302,145,86,59,136,80,56,3,1,2,7,6,1,1,0,1,9,6,3,140,61,79,60,24,36,0,0,0,7,0,7,29,15,14,44,22,22,2,2,0
59055001,204,115,89,195,111,84,7,4,3,16,10,6,3,0,3,9,4,5,195,77,118,80,30,50,0,0,0,19,0,19,42,20,22,54,27,27,0,0,0
59056801,152,85,67,144,81,63,12,4,8,15,7,8,0,0,0,8,4,4,164,75,89,83,38,45,0,0,0,4,0,4,17,7,10,60,30,30,2,1,1
1488490,0,0,0,0,0,0,0,0,0,0,0,0,0,0,0,0,0,0,0,0,0,0,0,0,0,0,0,0,0,0,0,0,0,0,0,0,0,0,0
1488570,0,0,0,0,0,0,0,0,0,0,0,0,0,0,0,0,0,0,0,0,0,0,0,0,0,0,0,0,0,0,0,0,0,0,0,0,0,0,0
59057601,458,249,209,437,240,197,14,5,9,32,20,12,1,0,1,21,9,12,376,165,211,168,72,96,0,0,0,14,0,14,62,26,36,132,67,65,9,8,1
59058401,268,159,109,252,151,101,5,2,3,18,12,6,2,0,2,16,8,8,263,116,147,144,62,82,1,1,0,15,0,15,36,17,19,67,36,31,2,1,1
59059201,157,84,73,152,83,69,9,4,5,7,4,3,3,0,3,5,1,4,139,64,75,72,35,37,0,0,0,5,0,5,23,10,13,39,19,20,1,0,1
59059202,25,17,8,25,17,8,0,0,0,0,0,0,0,0,0,0,0,0,21,9,12,10,5,5,0,0,0,2,0,2,6,2,4,3,2,1,0,0,0
59061401,87,52,35,82,47,35,1,1,0,8,6,2,1,0,1,5,5,0,104,43,61,54,21,33,0,0,0,2,0,2,15,8,7,33,14,19,0,0,0
59062201,152,87,65,151,87,64,3,1,2,16,8,8,2,0,2,1,0,1,149,70,79,72,32,40,0,0,0,8,0,8,26,17,9,43,21,22,0,0,0
59063101,67,39,28,66,39,27,3,1,2,7,4,3,0,0,0,1,0,1,74,29,45,32,12,20,0,0,0,5,0,5,14,7,7,23,10,13,0,0,0
59064901,124,75,49,122,73,49,4,2,2,12,5,7,3,0,3,2,2,0,136,52,84,80,36,44,1,1,0,4,0,4,19,4,15,32,11,21,0,0,0
59065701,34,17,17,31,16,15,2,0,2,3,1,2,0,0,0,3,1,2,45,19,26,20,9,11,0,0,0,3,0,3,9,4,5,13,6,7,1,0,1
59066501,37,21,16,36,21,15,1,0,1,3,2,1,0,0,0,1,0,1,24,8,16,17,7,10,0,0,0,0,0,0,1,1,0,6,0,6,0,0,0
59067301,836,470,366,799,451,348,24,12,12,84,47,37,6,0,6,37,19,18,886,391,495,432,180,252,1,0,1,44,0,44,140,72,68,269,139,130,7,6,1
59069001,46,26,20,46,26,20,2,1,1,4,2,2,0,0,0,0,0,0,62,28,34,24,11,13,0,0,0,5,0,5,10,5,5,23,12,11,0,0,0
59070301,146,82,64,138,79,59,2,2,0,7,3,4,0,0,0,8,3,5,150,69,81,64,27,37,0,0,0,9,0,9,23,13,10,54,29,25,1,0,1
59071101,65,36,29,61,32,29,1,0,1,6,2,4,0,0,0,4,4,0,83,34,49,47,19,28,0,0,0,0,0,0,5,1,4,31,14,17,0,0,0
59074601,306,169,137,300,167,133,9,2,7,21,8,13,1,0,1,6,2,4,318,141,177,136,65,71,0,0,0,27,1,26,79,37,42,76,38,38,2,2,0
59075401,86,55,31,81,52,29,3,2,1,9,7,2,0,0,0,5,3,2,95,39,56,47,21,26,0,0,0,5,0,5,16,6,10,27,12,15,3,2,1
59075402,44,26,18,40,22,18,1,1,0,1,0,1,0,0,0,4,4,0,37,9,28,25,6,19,0,0,0,0,0,0,3,1,2,9,2,7,0,0,0
59075403,29,19,10,26,17,9,0,0,0,3,2,1,0,0,0,3,2,1,44,18,26,23,11,12,0,0,0,3,0,3,8,2,6,10,5,5,0,0,0
59075404,59,36,23,54,34,20,2,0,2,4,2,2,0,0,0,5,2,3,50,26,24,28,13,15,1,1,0,2,0,2,11,7,4,8,5,3,1,0,1
59075405,118,69,49,112,66,46,5,1,4,8,5,3,1,0,1,6,3,3,96,37,59,43,16,27,0,0,0,5,0,5,18,9,9,30,12,18,2,2,0
59075406,109,67,42,107,66,41,3,1,2,10,7,3,0,0,0,2,1,1,95,33,62,44,15,29,0,0,0,10,0,10,17,7,10,24,11,13,0,0,0
59075407,449,256,193,414,239,175,16,11,5,38,21,17,4,0,4,35,17,18,454,182,272,212,81,131,0,0,0,24,0,24,80,35,45,138,66,72,7,4,3
59075409,623,345,278,574,324,250,23,10,13,53,28,25,8,0,8,49,21,28,667,281,386,364,142,222,2,1,1,26,0,26,93,50,43,182,88,94,5,1,4
59075411,246,135,111,237,133,104,5,2,3,21,13,8,1,0,1,9,2,7,205,82,123,87,32,55,0,0,0,4,1,3,32,16,16,82,33,49,4,3,1
59075412,180,96,84,166,90,76,5,3,2,13,5,8,2,0,2,14,6,8,192,96,96,70,35,35,0,0,0,9,0,9,49,30,19,64,31,33,9,6,3
59076201,98,57,41,95,55,40,4,0,4,10,7,3,0,0,0,3,2,1,78,31,47,43,19,24,0,0,0,4,0,4,10,3,7,21,9,12,0,0,0
3145520,0,0,0,0,0,0,0,0,0,0,0,0,0,0,0,0,0,0,0,0,0,0,0,0,0,0,0,0,0,0,0,0,0,0,0,0,0,0,0
3393180,0,0,0,0,0,0,0,0,0,0,0,0,0,0,0,0,0,0,0,0,0,0,0,0,0,0,0,0,0,0,0,0,0,0,0,0,0,0,0
59078901,38,21,17,36,21,15,0,0,0,3,2,1,0,0,0,2,0,2,38,15,23,29,12,17,0,0,0,1,0,1,4,1,3,4,2,2,0,0,0
59078902,41,24,17,41,24,17,1,1,0,2,1,1,0,0,0,0,0,0,39,16,23,22,9,13,0,0,0,3,0,3,8,5,3,6,2,4,1,1,0
59078903,264,142,122,254,137,117,10,3,7,25,13,12,2,0,2,10,5,5,274,115,159,109,45,64,0,0,0,19,0,19,56,32,24,90,38,52,4,0,4
59078904,222,131,91,211,124,87,10,3,7,17,12,5,3,0,3,11,7,4,180,74,106,116,40,76,0,0,0,4,0,4,18,10,8,42,24,18,6,3,3
59078906,337,182,155,323,181,142,12,4,8,24,16,8,7,0,7,14,1,13,215,88,127,77,32,45,0,0,0,13,0,13,44,16,28,81,40,41,3,1,2
59078907,616,329,287,600,322,278,15,7,8,54,32,22,3,0,3,16,7,9,726,303,423,408,159,249,1,1,0,36,0,36,100,59,41,181,84,97,10,6,4
59078908,158,88,70,157,88,69,8,5,3,9,7,2,0,0,0,1,0,1,164,70,94,82,36,46,0,0,0,8,0,8,31,12,19,43,22,21,2,1,1
59078910,275,160,115,255,147,108,12,7,5,30,15,15,2,0,2,20,13,7,285,131,154,142,61,81,2,2,0,12,0,12,48,23,25,81,45,36,10,7,3
59079701,126,70,56,124,69,55,5,2,3,20,11,9,1,0,1,2,1,1,102,45,57,45,20,25,0,0,0,6,0,6,21,11,10,30,14,16,0,0,0
59080101,106,52,54,104,50,54,5,0,5,15,7,8,2,0,2,2,2,0,81,37,44,39,19,20,1,1,0,3,0,3,13,6,7,25,11,14,0,0,0
59080102,13,8,5,13,8,5,1,1,0,2,1,1,0,0,0,0,0,0,9,6,3,6,4,2,0,0,0,1,0,1,2,2,0,0,0,0,0,0,0
59081901,69,45,24,66,44,22,0,0,0,9,4,5,0,0,0,3,1,2,51,18,33,27,9,18,0,0,0,5,0,5,12,4,8,7,5,2,0,0,0
59082701,91,50,41,85,49,36,1,1,0,5,3,2,0,0,0,6,1,5,99,48,51,56,26,30,0,0,0,3,0,3,12,8,4,28,14,14,0,0,0
59083501,104,62,42,101,61,40,2,1,1,13,10,3,0,0,0,3,1,2,66,27,39,35,13,22,0,0,0,1,0,1,6,4,2,24,10,14,2,1,1
59085101,78,48,30,61,37,24,3,1,2,4,2,2,0,0,0,17,11,6,101,44,57,59,25,34,0,0,0,3,0,3,17,9,8,22,10,12,3,2,1
59085102,10,3,7,10,3,7,0,0,0,2,1,1,0,0,0,0,0,0,98,24,74,97,23,74,0,0,0,0,0,0,1,1,0,0,0,0,0,0,0
59086001,223,136,87,214,132,82,8,4,4,23,16,7,0,0,0,9,4,5,200,88,112,107,44,63,0,0,0,5,0,5,25,15,10,63,29,34,1,1,0
59087801,50,29,21,48,29,19,1,0,1,5,4,1,1,0,1,2,0,2,54,24,30,31,12,19,0,0,0,0,0,0,4,2,2,19,10,9,1,1,0
59088602,253,141,112,244,140,104,7,3,4,23,9,14,4,0,4,9,1,8,236,112,124,111,49,62,0,0,0,10,0,10,36,20,16,79,43,36,1,1,0
59089401,96,62,34,88,59,29,2,1,1,4,4,0,0,0,0,8,3,5,85,28,57,39,11,28,0,0,0,5,0,5,19,6,13,22,11,11,0,0,0
59090801,193,107,86,192,107,85,6,3,3,11,5,6,3,0,3,1,0,1,174,75,99,89,41,48,0,0,0,6,0,6,28,12,16,51,22,29,0,0,0
59091601,59,32,27,53,29,24,2,1,1,2,1,1,0,0,0,6,3,3,52,22,30,17,5,12,0,0,0,4,0,4,13,7,6,18,10,8,0,0,0
59091602,17,11,6,16,11,5,0,0,0,2,2,0,0,0,0,1,0,1,11,4,7,9,2,7,0,0,0,0,0,0,0,0,0,2,2,0,0,0,0
59094101,67,43,24,64,42,22,1,0,1,9,6,3,0,0,0,3,1,2,54,23,31,25,10,15,0,0,0,3,0,3,11,4,7,15,9,6,2,2,0
59094102,440,249,191,423,241,182,4,1,3,48,31,17,5,0,5,17,8,9,442,205,237,201,91,110,1,1,0,19,0,19,72,35,37,149,78,71,1,0,1
59095901,54,31,23,52,29,23,0,0,0,5,2,3,0,0,0,2,2,0,55,22,33,27,10,17,0,0,0,4,0,4,8,6,2,16,6,10,0,0,0
59095902,9,7,2,8,6,2,0,0,0,0,0,0,0,0,0,1,1,0,14,7,7,5,2,3,2,1,1,1,0,1,3,1,2,3,3,0,1,1,0
59096701,95,52,43,90,49,41,2,1,1,8,3,5,0,0,0,5,3,2,72,33,39,44,21,23,0,0,0,2,0,2,5,3,2,21,9,12,0,0,0
59097501,113,60,53,111,59,52,6,3,3,10,4,6,2,0,2,2,1,1,106,50,56,50,25,25,0,0,0,7,1,6,22,7,15,27,17,10,0,0,0
59098301,28,18,10,27,17,10,0,0,0,3,2,1,1,0,1,1,1,0,27,17,10,12,5,7,0,0,0,0,0,0,7,7,0,8,5,3,0,0,0
59098302,23,14,9,22,13,9,1,1,0,0,0,0,0,0,0,1,1,0,19,12,7,12,7,5,0,0,0,0,0,0,3,2,1,4,3,1,0,0,0
59099101,297,273,24,225,202,23,2,2,0,10,5,5,2,0,2,72,71,1,500,470,30,59,43,16,0,0,0,1,0,1,420,417,3,20,10,10,0,0,0
59100902,13,6,7,13,6,7,1,1,0,1,0,1,0,0,0,0,0,0,12,5,7,11,4,7,0,0,0,0,0,0,0,0,0,1,1,0,0,0,0
59100903,233,136,97,220,129,91,5,1,4,18,7,11,2,0,2,13,7,6,216,109,107,111,52,59,0,0,0,8,0,8,41,24,17,56,33,23,3,2,1
59102501,82,50,32,79,49,30,1,0,1,10,5,5,0,0,0,3,1,2,79,29,50,38,15,23,0,0,0,6,0,6,13,7,6,22,7,15,3,2,1
59104101,189,108,81,181,105,76,3,1,2,8,4,4,1,0,1,8,3,5,197,87,110,85,32,53,0,0,0,6,0,6,24,9,15,82,46,36,1,1,0
59106801,49,28,21,48,28,20,2,1,1,5,2,3,1,0,1,1,0,1,70,29,41,48,18,30,0,0,0,0,0,0,7,4,3,15,7,8,1,0,1
59109201,56,33,23,50,31,19,0,0,0,4,2,2,0,0,0,6,2,4,56,21,35,29,11,18,0,0,0,3,0,3,12,6,6,12,4,8,0,0,0
59111401,147,83,64,141,81,60,9,5,4,13,6,7,2,0,2,6,2,4,129,56,73,57,24,33,0,0,0,4,0,4,15,6,9,53,26,27,2,2,0
59112201,97,51,46,91,51,40,3,0,3,9,5,4,0,0,0,6,0,6,91,41,50,55,22,33,0,0,0,1,0,1,9,5,4,26,14,12,1,1,0
59114901,43,23,20,39,23,16,1,0,1,3,2,1,1,0,1,4,0,4,33,15,18,14,3,11,2,2,0,2,0,2,7,5,2,8,5,3,0,0,0
59115701,123,67,56,115,62,53,1,1,0,10,4,6,1,0,1,8,5,3,83,37,46,41,16,25,0,0,0,1,0,1,15,9,6,26,12,14,3,1,2
59116501,161,93,68,156,89,67,5,2,3,12,7,5,1,0,1,5,4,1,166,72,94,79,31,48,0,0,0,12,0,12,27,16,11,48,25,23,0,0,0
59116502,20,11,9,18,10,8,0,0,0,0,0,0,0,0,0,2,1,1,26,10,16,15,7,8,0,0,0,0,0,0,3,0,3,8,3,5,0,0,0
59117301,654,365,289,631,359,272,20,7,13,64,35,29,5,0,5,23,6,17,648,286,362,360,146,214,1,0,1,26,0,26,94,43,51,167,97,70,5,4,1
0989810,0,0,0,0,0,0,0,0,0,0,0,0,0,0,0,0,0,0,0,0,0,0,0,0,0,0,0,0,0,0,0,0,0,0,0,0,0,0,0
3145790,0,0,0,0,0,0,0,0,0,0,0,0,0,0,0,0,0,0,0,0,0,0,0,0,0,0,0,0,0,0,0,0,0,0,0,0,0,0,0
3145950,0,0,0,0,0,0,0,0,0,0,0,0,0,0,0,0,0,0,0,0,0,0,0,0,0,0,0,0,0,0,0,0,0,0,0,0,0,0,0
59118101,52,28,24,50,27,23,2,0,2,5,4,1,0,0,0,2,1,1,59,24,35,26,8,18,1,1,0,1,0,1,12,4,8,19,11,8,1,0,1
59118102,19,11,8,16,11,5,0,0,0,2,1,1,1,0,1,3,0,3,19,8,11,8,4,4,1,1,0,1,0,1,4,1,3,5,2,3,0,0,0
59118103,95,59,36,91,56,35,2,0,2,12,6,6,0,0,0,4,3,1,78,30,48,39,18,21,1,0,1,6,0,6,18,7,11,14,5,9,0,0,0
59118104,49,28,21,47,28,19,3,0,3,2,1,1,0,0,0,2,0,2,64,32,32,42,22,20,0,0,0,4,0,4,9,5,4,9,5,4,1,0,1
59118105,53,32,21,51,32,19,1,0,1,3,2,1,0,0,0,2,0,2,62,22,40,35,10,25,1,1,0,3,0,3,7,5,2,16,6,10,0,0,0
59118106,1066,559,507,1026,541,485,39,15,24,88,43,45,5,0,5,40,18,22,998,402,596,502,169,333,5,3,2,50,0,50,155,71,84,286,159,127,4,2,2
59118107,33,18,15,33,18,15,2,2,0,1,1,0,1,0,1,0,0,0,24,13,11,9,4,5,0,0,0,2,0,2,5,5,0,8,4,4,0,0,0
59118108,51,30,21,51,30,21,3,1,2,3,2,1,0,0,0,0,0,0,46,26,20,26,14,12,0,0,0,2,0,2,4,4,0,14,8,6,0,0,0
59118109,185,107,78,179,102,77,5,1,4,16,9,7,1,0,1,6,5,1,190,78,112,96,45,51,0,0,0,6,1,5,25,7,18,63,25,38,2,1,1
59118112,298,159,139,288,154,134,13,3,10,27,14,13,2,0,2,10,5,5,326,134,192,180,62,118,0,0,0,11,1,10,43,22,21,92,49,43,2,1,1
59118113,395,231,164,357,212,145,18,8,10,29,16,13,2,0,2,38,19,19,340,144,196,170,62,108,1,1,0,12,0,12,57,34,23,100,47,53,18,13,5
59118114,20,10,10,20,10,10,2,0,2,1,1,0,0,0,0,0,0,0,13,8,5,7,4,3,0,0,0,0,0,0,1,0,1,5,4,1,0,0,0
59118115,213,121,92,209,120,89,11,7,4,23,13,10,2,0,2,4,1,3,188,75,113,98,40,58,0,0,0,15,0,15,35,17,18,40,18,22,0,0,0
59118117,339,188,151,325,179,146,15,13,2,36,21,15,5,0,5,14,9,5,318,145,173,161,68,93,0,0,0,6,0,6,44,18,26,107,59,48,2,1,1
59118118,741,416,325,708,396,312,23,6,17,91,50,41,10,0,10,33,20,13,696,270,426,386,144,242,1,1,0,36,1,35,119,57,62,154,67,87,7,1,6
59118119,15,7,8,15,7,8,0,0,0,4,1,3,0,0,0,0,0,0,11,6,5,3,2,1,0,0,0,0,0,0,4,3,1,4,1,3,0,0,0
59119001,322,183,139,310,177,133,10,4,6,19,9,10,3,0,3,12,6,6,423,167,256,244,88,156,0,0,0,15,0,15,52,31,21,112,48,64,4,2,2
3146330,0,0,0,0,0,0,0,0,0,0,0,0,0,0,0,0,0,0,0,0,0,0,0,0,0,0,0,0,0,0,0,0,0,0,0,0,0,0,0
3146410,0,0,0,0,0,0,0,0,0,0,0,0,0,0,0,0,0,0,0,0,0,0,0,0,0,0,0,0,0,0,0,0,0,0,0,0,0,0,0
3295500,0,0,0,0,0,0,0,0,0,0,0,0,0,0,0,0,0,0,0,0,0,0,0,0,0,0,0,0,0,0,0,0,0,0,0,0,0,0,0
3389580,0,0,0,0,0,0,0,0,0,0,0,0,0,0,0,0,0,0,0,0,0,0,0,0,0,0,0,0,0,0,0,0,0,0,0,0,0,0,0
3389660,0,0,0,0,0,0,0,0,0,0,0,0,0,0,0,0,0,0,0,0,0,0,0,0,0,0,0,0,0,0,0,0,0,0,0,0,0,0,0
59121101,42,22,20,41,22,19,1,1,0,6,3,3,0,0,0,1,0,1,29,11,18,14,4,10,0,0,0,1,0,1,3,1,2,11,6,5,0,0,0
59121102,31,16,15,29,16,13,1,0,1,7,4,3,0,0,0,2,0,2,20,10,10,13,6,7,0,0,0,0,0,0,2,1,1,5,3,2,1,0,1
59121103,49,31,18,46,29,17,3,3,0,6,4,2,0,0,0,3,2,1,51,19,32,29,11,18,0,0,0,3,0,3,3,0,3,16,8,8,0,0,0
59121104,269,141,128,255,134,121,7,1,6,21,14,7,2,0,2,14,7,7,219,118,101,100,47,53,0,0,0,8,0,8,48,28,20,63,43,20,5,1,4
59121105,385,213,172,367,201,166,18,7,11,38,20,18,2,0,2,18,12,6,392,165,227,196,73,123,0,0,0,18,0,18,60,34,26,118,58,60,2,2,0
59121106,230,129,101,217,123,94,6,2,4,21,11,10,0,0,0,13,6,7,192,81,111,86,35,51,2,0,2,12,0,12,39,20,19,53,26,27,14,9,5
59121107,790,411,379,766,401,365,25,9,16,64,25,39,7,0,7,24,10,14,789,317,472,501,173,328,0,0,0,24,0,24,86,54,32,178,90,88,11,8,3
59121108,636,351,285,624,344,280,32,13,19,67,36,31,8,0,8,12,7,5,546,245,301,236,99,137,3,3,0,29,0,29,102,52,50,176,91,85,2,1,1
59122001,168,99,69,160,96,64,6,3,3,17,12,5,1,0,1,8,3,5,171,72,99,85,31,54,1,1,0,7,0,7,25,13,12,53,27,26,1,0,1
59123801,25,13,12,23,12,11,0,0,0,4,2,2,0,0,0,2,1,1,27,15,12,22,11,11,1,1,0,0,0,0,1,1,0,3,2,1,0,0,0
59124601,95,56,39,94,55,39,4,0,4,8,4,4,0,0,0,1,1,0,116,54,62,46,21,25,0,0,0,6,0,6,20,13,7,44,20,24,0,0,0
59124602,17,7,10,17,7,10,1,1,0,2,0,2,0,0,0,0,0,0,18,9,9,6,3,3,0,0,0,0,0,0,1,1,0,11,5,6,0,0,0
59125401,68,37,31,64,36,28,1,0,1,4,2,2,0,0,0,4,1,3,51,26,25,28,12,16,0,0,0,1,0,1,6,4,2,16,10,6,1,1,0
59125402,340,191,149,325,186,139,11,7,4,25,13,12,1,0,1,15,5,10,402,192,210,244,127,117,0,0,0,13,0,13,61,23,38,84,42,42,5,2,3
59126201,59,37,22,53,35,18,1,1,0,4,2,2,0,0,0,6,2,4,33,14,19,17,8,9,0,0,0,3,0,3,6,4,2,7,2,5,0,0,0
59128901,39,20,19,34,20,14,1,1,0,3,3,0,1,0,1,5,0,5,62,29,33,37,16,21,0,0,0,3,1,2,13,9,4,9,3,6,0,0,0
59129701,64,34,30,62,33,29,3,0,3,9,6,3,0,0,0,2,1,1,44,16,28,30,11,19,0,0,0,2,0,2,3,1,2,9,4,5,0,0,0
59130101,134,79,55,131,78,53,1,1,0,9,5,4,1,0,1,3,1,2,144,65,79,81,32,49,0,0,0,7,0,7,25,13,12,31,20,11,0,0,0
59130102,852,468,384,816,451,365,25,11,14,72,37,35,4,0,4,36,17,19,826,365,461,427,176,251,2,2,0,39,0,39,119,67,52,239,120,119,4,2,2
59131901,351,194,157,338,186,152,13,3,10,33,20,13,3,0,3,13,8,5,380,162,218,196,85,111,4,0,4,21,0,21,67,31,36,92,46,46,6,4,2
59132701,76,47,29,73,47,26,1,1,0,4,3,1,0,0,0,3,0,3,101,45,56,52,26,26,0,0,0,4,0,4,12,5,7,33,14,19,0,0,0
59133501,91,57,34,89,57,32,2,1,1,4,2,2,0,0,0,2,0,2,63,28,35,31,12,19,0,0,0,2,0,2,8,5,3,22,11,11,3,3,0
59136001,207,118,89,201,116,85,10,6,4,14,5,9,3,0,3,6,2,4,192,80,112,90,39,51,1,1,0,9,0,9,28,9,19,64,31,33,0,0,0
59137801,77,40,37,77,40,37,4,0,4,3,2,1,0,0,0,0,0,0,49,27,22,18,10,8,0,0,0,2,0,2,11,7,4,18,10,8,0,0,0
59139401,166,95,71,159,91,68,6,2,4,20,10,10,0,0,0,7,4,3,170,69,101,85,33,52,1,0,1,7,0,7,26,14,12,51,22,29,1,0,1
59140801,28,18,10,26,18,8,1,0,1,4,2,2,0,0,0,2,0,2,39,17,22,26,8,18,0,0,0,1,0,1,4,3,1,8,6,2,0,0,0
59141601,11,6,5,11,6,5,0,0,0,2,1,1,0,0,0,0,0,0,10,5,5,3,1,2,0,0,0,0,0,0,2,2,0,5,2,3,0,0,0
59141602,65,43,22,64,42,22,1,1,0,13,8,5,0,0,0,1,1,0,70,28,42,41,11,30,1,1,0,1,0,1,7,3,4,20,13,7,1,0,1
59142401,36,20,16,36,20,16,2,1,1,1,1,0,1,0,1,0,0,0,37,15,22,18,8,10,0,0,0,2,0,2,5,2,3,12,5,7,0,0,0
59143201,16,8,8,15,8,7,0,0,0,3,1,2,0,0,0,1,0,1,22,9,13,17,8,9,0,0,0,0,0,0,1,0,1,4,1,3,0,0,0
59143202,305,166,139,291,160,131,16,6,10,17,9,8,3,0,3,14,6,8,306,140,166,162,70,92,1,0,1,12,0,12,40,16,24,91,54,37,3,2,1
59144101,70,42,28,68,40,28,0,0,0,2,1,1,0,0,0,2,2,0,64,25,39,35,13,22,0,0,0,2,0,2,10,6,4,17,6,11,0,0,0
59145901,403,224,179,386,218,168,12,6,6,27,15,12,7,0,7,17,6,11,375,171,204,190,78,112,1,1,0,17,0,17,63,37,26,104,55,49,2,0,2
59149102,66,38,28,65,38,27,3,2,1,10,7,3,2,0,2,1,0,1,86,39,47,51,23,28,0,0,0,1,0,1,15,7,8,19,9,10,1,0,1
59150501,197,105,92,193,104,89,14,7,7,11,5,6,1,1,0,4,1,3,188,85,103,95,45,50,0,0,0,8,0,8,25,10,15,60,30,30,1,0,1
59150502,33,18,15,32,18,14,0,0,0,3,2,1,0,0,0,1,0,1,45,22,23,23,10,13,0,0,0,1,0,1,6,4,2,15,8,7,1,0,1
59152101,51,31,20,47,29,18,4,3,1,5,2,3,0,0,0,4,2,2,31,11,20,13,5,8,0,0,0,1,0,1,3,1,2,14,5,9,0,0,0
59154801,156,96,60,150,93,57,6,4,2,17,10,7,0,0,0,6,3,3,147,57,90,71,28,43,0,0,0,7,0,7,22,9,13,47,20,27,2,1,1
59155601,44,25,19,42,25,17,0,0,0,2,1,1,0,0,0,2,0,2,35,15,20,17,10,7,1,1,0,2,0,2,7,1,6,8,3,5,0,0,0
59156401,75,45,30,73,45,28,1,1,0,3,1,2,3,0,3,2,0,2,84,37,47,53,26,27,0,0,0,1,0,1,10,3,7,20,8,12,0,0,0
59158101,268,159,109,254,152,102,9,5,4,20,14,6,1,0,1,14,7,7,246,109,137,118,52,66,0,0,0,13,0,13,41,20,21,74,37,37,3,2,1
59160201,57,35,22,57,35,22,2,1,1,3,0,3,0,0,0,0,0,0,54,24,30,37,14,23,0,0,0,1,0,1,5,3,2,11,7,4,0,0,0
59161101,420,244,176,405,235,170,13,6,7,29,13,16,4,0,4,15,9,6,395,172,223,203,90,113,0,0,0,14,0,14,58,33,25,120,49,71,2,1,1
0385390,0,0,0,0,0,0,0,0,0,0,0,0,0,0,0,0,0,0,0,0,0,0,0,0,0,0,0,0,0,0,0,0,0,0,0,0,0,0,0
59162901,530,307,223,498,298,200,15,9,6,37,19,18,4,0,4,32,9,23,506,213,293,231,92,139,2,2,0,32,0,32,96,45,51,145,74,71,7,6,1
59162902,32,20,12,30,20,10,0,0,0,4,4,0,0,0,0,2,0,2,41,15,26,28,11,17,0,0,0,2,0,2,6,2,4,5,2,3,2,2,0
59163701,354,196,158,349,195,154,13,6,7,31,20,11,2,0,2,5,1,4,310,136,174,137,55,82,0,0,0,16,0,16,48,23,25,109,58,51,1,0,1
59164501,218,127,91,206,121,85,6,2,4,12,6,6,2,0,2,12,6,6,209,87,122,112,45,67,1,1,0,8,0,8,30,15,15,58,26,32,3,0,3
59168801,96,57,39,92,55,37,4,3,1,11,6,5,1,0,1,4,2,2,120,49,71,70,32,38,0,0,0,5,1,4,16,6,10,29,10,19,1,0,1
59170001,26,15,11,26,15,11,0,0,0,4,2,2,0,0,0,0,0,0,35,15,20,18,9,9,0,0,0,3,0,3,4,2,2,10,4,6,0,0,0
59170002,30,18,12,28,17,11,1,1,0,4,2,2,1,0,1,2,1,1,40,19,21,18,7,11,0,0,0,3,0,3,7,7,0,12,5,7,0,0,0
59170003,74,41,33,71,41,30,5,3,2,5,3,2,1,0,1,3,0,3,69,29,40,26,10,16,0,0,0,4,0,4,9,7,2,30,12,18,1,1,0
59172601,117,70,47,116,69,47,4,2,2,15,7,8,1,0,1,1,1,0,133,57,76,69,30,39,0,0,0,9,0,9,23,10,13,32,17,15,1,1,0
59174201,36,20,16,33,18,15,1,0,1,3,2,1,1,0,1,3,2,1,44,15,29,20,7,13,0,0,0,2,0,2,6,4,2,16,4,12,1,0,1
59174202,84,51,33,82,50,32,3,3,0,6,5,1,0,0,0,2,1,1,86,39,47,38,17,21,0,0,0,6,0,6,13,9,4,29,13,16,0,0,0
59174203,712,393,319,686,376,310,43,16,27,57,36,21,2,0,2,26,17,9,626,268,358,287,120,167,3,2,1,29,0,29,76,39,37,231,107,124,0,0,0
59176901,261,142,119,254,140,114,7,2,5,20,11,9,2,0,2,7,2,5,247,118,129,106,50,56,0,0,0,17,1,16,44,24,20,80,43,37,1,0,1
59176902,33,20,13,32,19,13,3,1,2,0,0,0,1,0,1,1,1,0,27,13,14,11,5,6,0,0,0,1,0,1,9,3,6,6,5,1,1,0,1
59177701,66,39,27,61,38,23,4,1,3,2,1,1,0,0,0,5,1,4,67,26,41,39,16,23,0,0,0,4,0,4,11,6,5,13,4,9,0,0,0
59178501,160,92,68,150,89,61,5,3,2,15,8,7,1,0,1,10,3,7,181,84,97,98,49,49,0,0,0,7,0,7,32,12,20,44,23,21,2,2,0
59179301,115,73,42,112,71,41,1,0,1,14,7,7,1,0,1,3,2,1,113,53,60,56,30,26,0,0,0,8,0,8,24,11,13,25,12,13,2,1,1
59180701,204,117,87,193,112,81,3,1,2,14,8,6,3,0,3,11,5,6,213,89,124,111,46,65,0,0,0,6,1,5,28,12,16,68,30,38,3,2,1
59180702,20,11,9,19,10,9,1,0,1,2,2,0,1,0,1,1,1,0,16,6,10,7,2,5,0,0,0,0,0,0,4,1,3,5,3,2,1,0,1
59181501,133,75,58,128,74,54,3,2,1,10,6,4,1,0,1,5,1,4,155,70,85,88,40,48,0,0,0,6,0,6,16,7,9,45,23,22,1,0,1
59182301,47,29,18,47,29,18,2,1,1,2,0,2,1,0,1,0,0,0,65,27,38,28,12,16,0,0,0,4,0,4,13,5,8,20,10,10,1,0,1
59184001,17,10,7,15,9,6,0,0,0,2,2,0,0,0,0,2,1,1,14,5,9,8,1,7,0,0,0,0,0,0,3,2,1,3,2,1,0,0,0
59184002,359,208,151,339,199,140,11,3,8,26,12,14,4,0,4,20,9,11,309,138,171,115,50,65,2,2,0,14,0,14,79,37,42,99,49,50,3,1,2
59185801,178,107,71,171,104,67,2,1,1,17,13,4,1,0,1,7,3,4,215,97,118,103,49,54,0,0,0,11,0,11,34,18,16,67,30,37,1,0,1
59186601,20,11,9,18,10,8,0,0,0,1,0,1,0,0,0,2,1,1,25,8,17,9,2,7,0,0,0,1,0,1,8,3,5,7,3,4,0,0,0
59186602,40,25,15,40,25,15,0,0,0,3,2,1,0,0,0,0,0,0,31,17,14,14,6,8,0,0,0,2,0,2,3,2,1,12,9,3,0,0,0
59186603,180,100,80,170,96,74,8,3,5,11,4,7,1,0,1,10,4,6,138,55,83,65,27,38,0,0,0,6,0,6,23,7,16,44,21,23,3,1,2
59187401,409,231,178,398,225,173,18,12,6,25,10,15,4,0,4,11,6,5,400,168,232,142,59,83,0,0,0,21,0,21,73,33,40,164,76,88,7,3,4
59190401,32,16,16,31,16,15,0,0,0,5,2,3,0,0,0,1,0,1,33,13,20,18,7,11,0,0,0,1,0,1,4,0,4,10,6,4,1,1,0
59190402,92,57,35,85,52,33,3,1,2,8,4,4,0,0,0,7,5,2,94,40,54,53,20,33,0,0,0,4,0,4,9,3,6,28,17,11,1,0,1
59190403,450,261,189,428,247,181,18,9,9,44,23,21,1,0,1,22,14,8,439,195,244,232,103,129,1,0,1,19,0,19,72,35,37,115,57,58,2,2,0
59191201,73,45,28,68,42,26,3,0,3,4,1,3,2,0,2,5,3,2,66,24,42,23,10,13,0,0,0,2,0,2,10,4,6,31,10,21,0,0,0
59193901,80,48,32,78,48,30,6,2,4,3,2,1,2,0,2,2,0,2,59,24,35,23,9,14,0,0,0,2,0,2,10,3,7,24,12,12,2,0,2
59193902,375,224,151,358,214,144,16,11,5,30,21,9,1,0,1,17,10,7,310,127,183,130,48,82,0,0,0,15,0,15,46,18,28,119,61,58,6,4,2
59194701,30,17,13,27,14,13,0,0,0,4,3,1,0,0,0,3,3,0,23,12,11,11,4,7,0,0,0,1,1,0,2,1,1,9,6,3,0,0,0
59194703,36,21,15,36,21,15,1,1,0,7,4,3,0,0,0,0,0,0,43,21,22,25,11,14,0,0,0,0,0,0,8,4,4,10,6,4,1,1,0
59195501,61,36,25,58,34,24,3,1,2,5,2,3,0,0,0,3,2,1,57,28,29,30,14,16,0,0,0,3,0,3,8,3,5,16,11,5,0,0,0
59196301,9,4,5,9,4,5,0,0,0,2,1,1,0,0,0,0,0,0,12,5,7,8,4,4,0,0,0,1,0,1,1,0,1,2,1,1,0,0,0
59196302,35,23,12,31,21,10,1,1,0,3,2,1,1,0,1,4,2,2,56,29,27,38,20,18,0,0,0,2,0,2,8,6,2,8,3,5,2,0,2
59198001,112,62,50,104,59,45,6,2,4,6,4,2,0,0,0,8,3,5,97,41,56,46,22,24,0,0,0,6,0,6,14,6,8,31,13,18,0,0,0
59199801,108,65,43,108,65,43,6,4,2,7,4,3,0,0,0,0,0,0,71,28,43,32,12,20,0,0,0,5,0,5,16,6,10,18,10,8,0,0,0
59199802,73,40,33,73,40,33,1,0,1,7,4,3,2,0,2,0,0,0,89,42,47,48,21,27,1,1,0,3,0,3,13,4,9,24,16,8,0,0,0
59199803,85,53,32,82,50,32,3,2,1,5,5,0,1,0,1,3,3,0,60,27,33,34,15,19,0,0,0,3,0,3,10,4,6,13,8,5,0,0,0
59199804,498,272,226,484,265,219,30,10,20,42,16,26,3,0,3,14,7,7,450,203,247,215,95,120,1,1,0,30,0,30,86,44,42,118,63,55,4,2,2
51141201,73,41,32,70,41,29,2,0,2,7,6,1,1,0,1,3,0,3,62,32,30,21,12,9,0,0,0,4,0,4,17,9,8,20,11,9,2,1,1
54983501,19,12,7,19,12,7,0,0,0,1,1,0,0,0,0,0,0,0,29,14,15,20,9,11,0,0,0,1,0,1,3,3,0,5,2,3,0,0,0
54988601,44,25,19,44,25,19,2,0,2,6,3,3,0,0,0,0,0,0,55,24,31,39,17,22,0,0,0,2,0,2,6,2,4,8,5,3,1,1,0
54991601,158,92,66,152,90,62,5,2,3,12,8,4,1,0,1,6,2,4,156,72,84,69,31,38,0,0,0,11,0,11,35,19,16,41,22,19,0,0,0
54992401,56,30,26,56,30,26,0,0,0,10,6,4,1,0,1,0,0,0,55,30,25,33,16,17,0,0,0,1,0,1,9,6,3,12,8,4,0,0,0
54992402,22,13,9,22,13,9,1,0,1,2,2,0,0,0,0,0,0,0,23,9,14,13,5,8,0,0,0,0,0,0,3,2,1,7,2,5,0,0,0
54994101,22,11,11,22,11,11,2,1,1,1,1,0,0,0,0,0,0,0,19,8,11,11,4,7,0,0,0,0,0,0,1,1,0,7,3,4,0,0,0
54995901,44,23,21,43,22,21,0,0,0,3,2,1,1,0,1,1,1,0,36,16,20,20,8,12,0,0,0,1,0,1,4,2,2,11,6,5,0,0,0
58751601,84,47,37,81,46,35,3,2,1,6,1,5,0,0,0,3,1,2,82,31,51,31,13,18,0,0,0,7,0,7,12,6,6,32,12,20,1,1,0
58773701,52,24,28,50,22,28,2,1,1,4,2,2,0,0,0,2,2,0,47,21,26,19,8,11,0,0,0,1,0,1,6,3,3,21,10,11,0,0,0
58775301,53,32,21,52,31,21,1,1,0,5,3,2,0,0,0,1,1,0,55,23,32,27,14,13,0,0,0,4,0,4,10,2,8,14,7,7,1,0,1
58777001,40,25,15,38,25,13,1,0,1,3,2,1,0,0,0,2,0,2,32,16,16,15,6,9,0,0,0,2,0,2,5,3,2,10,7,3,0,0,0
58784201,185,98,87,176,94,82,11,1,10,16,10,6,2,0,2,9,4,5,180,88,92,63,31,32,0,0,0,12,0,12,36,20,16,69,37,32,3,2,1
58786902,67,37,30,66,37,29,2,1,1,7,5,2,1,0,1,1,0,1,72,36,36,31,13,18,1,1,0,3,0,3,11,8,3,26,14,12,0,0,0
58789301,46,25,21,43,23,20,2,0,2,9,5,4,1,0,1,3,2,1,60,26,34,39,17,22,0,0,0,1,0,1,5,2,3,15,7,8,0,0,0
58797401,175,96,79,172,95,77,15,7,8,16,11,5,0,0,0,3,1,2,133,59,74,57,24,33,0,0,0,9,0,9,26,14,12,41,21,20,0,0,0
58801601,48,29,19,44,27,17,1,1,0,4,3,1,0,0,0,4,2,2,52,26,26,24,12,12,0,0,0,0,0,0,13,6,7,15,8,7,2,0,2
58805901,68,42,26,68,42,26,3,2,1,10,6,4,3,0,3,0,0,0,61,35,26,23,11,12,0,0,0,5,0,5,20,16,4,13,8,5,0,0,0
58823701,134,73,61,128,68,60,11,5,6,4,2,2,1,0,1,6,5,1,131,57,74,55,23,32,0,0,0,7,0,7,30,14,16,39,20,19,0,0,0
58833401,89,48,41,88,48,40,4,2,2,9,5,4,1,0,1,1,0,1,105,53,52,31,14,17,1,1,0,9,0,9,19,12,7,45,26,19,0,0,0
59183101,338,193,145,326,187,139,11,5,6,23,15,8,1,0,1,12,6,6,314,142,172,125,54,71,0,0,0,16,0,16,58,31,27,115,57,58,2,2,0
1953240,0,0,0,0,0,0,0,0,0,0,0,0,0,0,0,0,0,0,0,0,0,0,0,0,0,0,0,0,0,0,0,0,0,0,0,0,0,0,0
1953590,0,0,0,0,0,0,0,0,0,0,0,0,0,0,0,0,0,0,0,0,0,0,0,0,0,0,0,0,0,0,0,0,0,0,0,0,0,0,0
1954300,0,0,0,0,0,0,0,0,0,0,0,0,0,0,0,0,0,0,0,0,0,0,0,0,0,0,0,0,0,0,0,0,0,0,0,0,0,0,0
3149940,0,0,0,0,0,0,0,0,0,0,0,0,0,0,0,0,0,0,0,0,0,0,0,0,0,0,0,0,0,0,0,0,0,0,0,0,0,0,0
59520901,139,82,57,135,82,53,3,2,1,23,11,12,0,0,0,4,0,4,125,51,74,54,19,35,1,0,1,7,0,7,24,10,14,39,22,17,2,1,1
59520902,87,49,38,83,49,34,2,0,2,13,10,3,1,0,1,4,0,4,76,35,41,41,16,25,0,0,0,4,0,4,11,6,5,20,13,7,0,0,0
59520903,55,31,24,55,31,24,1,1,0,3,1,2,0,0,0,0,0,0,71,32,39,18,9,9,0,0,0,4,0,4,13,5,8,36,18,18,1,0,1
59520905,31,15,16,31,15,16,0,0,0,4,3,1,0,0,0,0,0,0,32,14,18,17,8,9,0,0,0,1,0,1,4,1,3,10,5,5,0,0,0
59520906,40,22,18,39,21,18,0,0,0,0,0,0,2,0,2,1,1,0,36,17,19,6,3,3,0,0,0,4,0,4,16,8,8,10,6,4,0,0,0
59520908,132,74,58,124,71,53,2,1,1,23,13,10,1,0,1,8,3,5,127,54,73,73,28,45,0,0,0,4,0,4,14,8,6,36,18,18,2,1,1
59520909,1091,565,526,1047,541,506,35,23,12,138,66,72,5,0,5,44,24,20,895,359,536,537,199,338,2,2,0,42,0,42,128,64,64,186,94,92,8,4,4
59520910,326,198,128,314,193,121,16,8,8,28,15,13,2,0,2,12,5,7,253,106,147,116,47,69,2,2,0,11,0,11,39,17,22,85,40,45,2,1,1
59520913,17,9,8,16,8,8,0,0,0,2,1,1,0,0,0,1,1,0,21,10,11,7,4,3,0,0,0,1,0,1,4,1,3,9,5,4,0,0,0
59520914,13,6,7,13,6,7,0,0,0,9,4,5,0,0,0,0,0,0,15,7,8,9,5,4,0,0,0,1,0,1,1,0,1,4,2,2,0,0,0
59520915,185,147,38,138,111,27,0,0,0,15,11,4,1,0,1,47,36,11,96,62,34,46,31,15,1,1,0,2,0,2,28,16,12,19,14,5,54,37,17
59520916,336,195,141,322,187,135,11,6,5,39,18,21,0,0,0,14,8,6,268,149,119,99,46,53,0,0,0,17,0,17,57,37,20,95,66,29,0,0,0
59520917,38,26,12,36,25,11,0,0,0,6,4,2,0,0,0,2,1,1,30,17,13,16,10,6,0,0,0,2,1,1,3,1,2,9,5,4,0,0,0
59520918,3,3,0,3,3,0,0,0,0,1,1,0,0,0,0,0,0,0,20,8,12,13,7,6,0,0,0,2,0,2,4,1,3,1,0,1,0,0,0
59520919,92,52,40,90,51,39,2,0,2,8,4,4,0,0,0,2,1,1,70,30,40,31,15,16,0,0,0,6,0,6,14,6,8,19,9,10,3,1,2
59520920,1092,578,514,1057,565,492,55,32,23,147,72,75,5,0,5,35,13,22,853,358,495,398,172,226,1,1,0,45,0,45,142,61,81,267,124,143,6,2,4
59520922,387,201,186,378,197,181,22,10,12,33,16,17,3,0,3,9,4,5,245,121,124,31,16,15,0,0,0,10,0,10,52,28,24,152,77,75,1,1,0
59520923,1403,750,653,1321,696,625,43,22,21,162,73,89,11,0,11,82,54,28,1263,520,743,630,243,387,2,1,1,76,0,76,218,95,123,337,181,156,10,3,7
59520924,709,372,337,686,359,327,33,13,20,69,31,38,8,0,8,23,13,10,741,307,434,430,153,277,0,0,0,30,0,30,102,56,46,179,98,81,5,1,4
59520925,1227,635,592,1187,620,567,55,22,33,131,67,64,19,0,19,40,15,25,1370,551,819,825,311,514,6,4,2,60,2,58,186,94,92,293,140,153,11,3,8
59520926,744,397,347,726,390,336,40,25,15,103,45,58,5,0,5,18,7,11,850,366,484,499,206,293,0,0,0,35,1,34,114,58,56,202,101,101,4,2,2
59520927,630,351,279,611,340,271,43,22,21,108,64,44,9,0,9,19,11,8,709,290,419,446,185,261,3,2,1,19,0,19,62,28,34,179,75,104,3,2,1
59520928,1640,858,782,1567,821,746,76,31,45,184,87,97,8,0,8,73,37,36,1420,588,832,791,311,480,2,2,0,67,0,67,201,97,104,359,178,181,9,4,5
59521701,76,39,37,74,37,37,5,2,3,7,3,4,0,0,0,2,2,0,57,29,28,26,11,15,0,0,0,1,0,1,3,2,1,27,16,11,0,0,0
59524101,87,49,38,80,45,35,2,2,0,5,0,5,1,0,1,7,4,3,101,41,60,53,20,33,0,0,0,4,0,4,18,9,9,26,12,14,0,0,0
59524102,45,28,17,40,24,16,0,0,0,6,5,1,0,0,0,5,4,1,40,15,25,22,9,13,0,0,0,1,0,1,1,1,0,16,5,11,0,0,0
59525001,124,70,54,120,68,52,6,2,4,10,7,3,0,0,0,4,2,2,124,51,73,60,25,35,0,0,0,2,0,2,19,9,10,43,17,26,0,0,0
59525002,41,22,19,41,22,19,3,0,3,6,5,1,0,0,0,0,0,0,37,15,22,22,9,13,0,0,0,4,0,4,7,4,3,4,2,2,0,0,0
59526801,252,140,112,246,138,108,12,3,9,23,17,6,3,0,3,6,2,4,290,136,154,131,63,68,0,0,0,14,1,13,48,26,22,97,46,51,1,0,1
59526802,163,88,75,161,86,75,4,1,3,23,16,7,3,0,3,2,2,0,165,81,84,85,44,41,1,1,0,5,0,5,30,12,18,44,24,20,1,1,0
59527601,127,74,53,121,71,50,3,1,2,11,8,3,0,0,0,6,3,3,111,53,58,59,23,36,0,0,0,2,0,2,21,12,9,29,18,11,0,0,0
59528401,140,87,53,135,85,50,5,1,4,14,10,4,3,0,3,5,2,3,127,58,69,67,29,38,0,0,0,6,0,6,20,7,13,34,22,12,0,0,0
59529201,468,271,197,449,261,188,17,9,8,45,24,21,8,0,8,19,10,9,452,190,262,186,83,103,0,0,0,30,0,30,92,40,52,144,67,77,2,1,1
59529202,108,62,46,101,58,43,2,2,0,7,4,3,1,0,1,7,4,3,86,42,44,38,17,21,0,0,0,7,0,7,14,4,10,27,21,6,0,0,0
59530601,110,62,48,108,61,47,6,1,5,11,8,3,0,0,0,2,1,1,100,42,58,33,14,19,0,0,0,3,0,3,15,7,8,49,21,28,1,1,0
59530602,28,16,12,28,16,12,0,0,0,6,3,3,0,0,0,0,0,0,15,5,10,11,4,7,0,0,0,1,0,1,2,1,1,1,0,1,0,0,0
59532201,75,46,29,71,45,26,0,0,0,7,2,5,0,0,0,4,1,3,96,32,64,49,20,29,0,0,0,9,0,9,18,8,10,20,4,16,0,0,0
59534901,87,50,37,83,47,36,3,1,2,4,3,1,1,0,1,4,3,1,63,30,33,27,12,15,0,0,0,4,0,4,13,7,6,19,11,8,0,0,0
59535701,80,46,34,79,46,33,4,1,3,9,3,6,1,0,1,1,0,1,70,30,40,41,17,24,0,0,0,4,0,4,10,7,3,15,6,9,0,0,0
59535702,12,7,5,12,7,5,0,0,0,2,1,1,0,0,0,0,0,0,14,5,9,5,2,3,0,0,0,2,0,2,7,3,4,0,0,0,0,0,0
59536501,13,7,6,12,7,5,0,0,0,0,0,0,0,0,0,1,0,1,10,3,7,1,0,1,0,0,0,2,0,2,3,2,1,4,1,3,0,0,0
59536502,133,75,58,129,73,56,6,2,4,9,7,2,1,0,1,4,2,2,142,75,67,48,22,26,1,0,1,7,0,7,24,15,9,62,38,24,0,0,0
59538101,83,51,32,78,50,28,3,0,3,8,6,2,1,0,1,5,1,4,69,31,38,34,13,21,0,0,0,5,0,5,9,5,4,21,13,8,0,0,0
59538102,10,7,3,8,5,3,0,0,0,0,0,0,1,0,1,2,2,0,13,6,7,7,4,3,0,0,0,0,0,0,1,1,0,5,1,4,0,0,0
59539001,92,50,42,91,50,41,6,3,3,9,6,3,0,0,0,1,0,1,74,31,43,38,16,22,0,0,0,2,0,2,8,6,2,26,9,17,0,0,0
59540301,93,55,38,88,52,36,3,0,3,4,3,1,0,0,0,5,3,2,75,35,40,35,13,22,0,0,0,5,0,5,14,9,5,21,13,8,0,0,0
0170270,0,0,0,0,0,0,0,0,0,0,0,0,0,0,0,0,0,0,0,0,0,0,0,0,0,0,0,0,0,0,0,0,0,0,0,0,0,0,0
59541101,44,27,17,43,27,16,2,2,0,3,2,1,0,0,0,1,0,1,34,20,14,18,9,9,0,0,0,2,0,2,4,2,2,10,9,1,0,0,0
59541102,40,23,17,40,23,17,3,1,2,4,4,0,0,0,0,0,0,0,41,15,26,24,9,15,0,0,0,1,0,1,3,1,2,13,5,8,0,0,0
59541103,62,41,21,58,38,20,3,1,2,9,7,2,0,0,0,4,3,1,59,20,39,24,8,16,0,0,0,6,0,6,13,6,7,16,6,10,1,0,1
59541104,150,84,66,145,80,65,14,5,9,16,7,9,1,0,1,5,4,1,142,73,69,65,33,32,0,0,0,8,0,8,24,15,9,45,25,20,1,0,1
59541105,18,9,9,17,9,8,1,0,1,0,0,0,0,0,0,1,0,1,14,6,8,3,2,1,1,1,0,2,0,2,4,1,3,4,2,2,1,1,0
59541106,57,34,23,55,33,22,0,0,0,8,5,3,0,0,0,2,1,1,39,13,26,17,3,14,0,0,0,2,0,2,6,3,3,14,7,7,0,0,0
59541107,29,17,12,29,17,12,0,0,0,7,3,4,0,0,0,0,0,0,42,12,30,20,6,14,0,0,0,3,0,3,8,2,6,11,4,7,0,0,0
59541108,51,29,22,51,29,22,6,2,4,3,0,3,0,0,0,0,0,0,56,27,29,31,14,17,1,0,1,4,0,4,8,5,3,12,8,4,0,0,0
59541109,29,19,10,26,18,8,0,0,0,3,2,1,0,0,0,3,1,2,33,12,21,15,5,10,0,0,0,2,0,2,3,1,2,13,6,7,0,0,0
59541110,96,55,41,95,54,41,2,2,0,9,4,5,1,0,1,1,1,0,97,50,47,51,23,28,0,0,0,2,0,2,14,10,4,30,17,13,1,0,1
59541111,62,32,30,59,31,28,3,0,3,10,8,2,0,0,0,3,1,2,35,13,22,17,6,11,0,0,0,0,0,0,6,2,4,12,5,7,0,0,0
59541112,20,9,11,19,8,11,4,2,2,3,0,3,0,0,0,1,1,0,17,8,9,10,6,4,0,0,0,1,0,1,3,0,3,3,2,1,0,0,0
59541113,475,250,225,453,239,214,13,5,8,55,28,27,4,0,4,22,11,11,457,200,257,250,105,145,2,2,0,20,0,20,76,38,38,109,55,54,3,1,2
59541114,865,449,416,821,433,388,25,11,14,119,56,63,6,0,6,44,16,28,828,349,479,445,199,246,2,0,2,46,0,46,133,68,65,202,82,120,5,2,3
59541115,17,9,8,17,9,8,0,0,0,1,0,1,0,0,0,0,0,0,23,12,11,15,6,9,0,0,0,2,0,2,4,4,0,2,2,0,1,1,0
59541116,327,182,145,317,178,139,11,8,3,47,29,18,2,0,2,10,4,6,339,144,195,151,62,89,0,0,0,17,0,17,61,20,41,110,62,48,5,1,4
59541117,36,19,17,34,18,16,2,1,1,5,2,3,0,0,0,2,1,1,42,23,19,19,10,9,0,0,0,2,0,2,4,2,2,17,11,6,2,2,0
59541118,545,281,264,526,271,255,16,7,9,82,46,36,2,0,2,19,10,9,654,286,368,418,168,250,2,1,1,27,0,27,65,36,29,142,81,61,3,2,1
59541119,320,173,147,308,167,141,7,2,5,42,24,18,1,0,1,12,6,6,341,149,192,207,84,123,0,0,0,12,0,12,32,17,15,90,48,42,2,1,1
59541120,73,38,35,73,38,35,6,4,2,5,0,5,1,0,1,0,0,0,48,22,26,17,10,7,0,0,0,3,0,3,11,6,5,17,6,11,0,0,0
59541122,407,241,166,380,223,157,9,6,3,52,26,26,2,0,2,27,18,9,359,165,194,187,82,105,1,1,0,16,0,16,62,34,28,93,48,45,44,35,9
59542001,34,21,13,33,21,12,0,0,0,3,2,1,0,0,0,1,0,1,56,23,33,20,8,12,1,0,1,3,0,3,12,6,6,20,9,11,0,0,0
59542002,38,21,17,36,19,17,2,0,2,5,4,1,0,0,0,2,2,0,34,16,18,21,10,11,0,0,0,1,0,1,2,1,1,10,5,5,0,0,0
59543801,111,68,43,109,67,42,4,2,2,10,7,3,0,0,0,2,1,1,129,55,74,69,29,40,0,0,0,8,0,8,15,9,6,37,17,20,0,0,0
59543802,22,15,7,21,15,6,1,0,1,2,2,0,0,0,0,1,0,1,26,15,11,9,3,6,0,0,0,1,0,1,3,2,1,13,10,3,0,0,0
59545401,266,158,108,263,156,107,6,2,4,17,12,5,0,0,0,3,2,1,259,111,148,132,52,80,0,0,0,19,0,19,52,30,22,56,29,27,1,0,1
59545402,17,10,7,17,10,7,0,0,0,4,4,0,0,0,0,0,0,0,21,9,12,10,5,5,1,0,1,1,0,1,2,1,1,7,3,4,0,0,0
59545403,45,27,18,44,27,17,1,1,0,6,3,3,0,0,0,1,0,1,32,15,17,23,11,12,0,0,0,1,0,1,3,1,2,5,3,2,0,0,0
59546202,75,46,29,74,45,29,2,1,1,6,4,2,0,0,0,1,1,0,79,27,52,30,9,21,0,0,0,4,1,3,15,5,10,30,12,18,0,0,0
59547101,127,72,55,116,65,51,8,2,6,6,5,1,0,0,0,11,7,4,127,51,76,52,21,31,0,0,0,7,0,7,18,8,10,50,22,28,0,0,0
59548901,168,108,60,163,105,58,5,3,2,22,16,6,3,0,3,5,3,2,178,71,107,72,27,45,0,0,0,11,1,10,36,17,19,59,26,33,0,0,0
59550101,243,136,107,235,131,104,4,1,3,19,12,7,1,0,1,8,5,3,211,82,129,83,30,53,0,0,0,18,0,18,46,17,29,64,35,29,1,0,1
59550102,18,9,9,17,9,8,0,0,0,0,0,0,0,0,0,1,0,1,18,8,10,10,5,5,0,0,0,1,0,1,2,1,1,5,2,3,0,0,0
59551901,72,39,33,69,37,32,1,0,1,5,3,2,0,0,0,3,2,1,67,28,39,38,15,23,0,0,0,2,0,2,6,3,3,21,10,11,2,1,1
59553501,277,161,116,264,152,112,4,3,1,39,27,12,1,0,1,13,9,4,282,125,157,165,73,92,0,0,0,13,1,12,38,20,18,66,31,35,9,8,1
59553502,18,11,7,18,11,7,1,1,0,1,0,1,0,0,0,0,0,0,23,10,13,13,6,7,0,0,0,1,0,1,4,3,1,5,1,4,0,0,0
59557801,164,102,62,154,96,58,5,2,3,24,16,8,1,0,1,10,6,4,156,62,94,93,37,56,0,0,0,6,0,6,20,10,10,37,15,22,1,0,1
59558601,638,341,297,616,328,288,32,10,22,57,27,30,2,0,2,22,13,9,517,231,286,222,93,129,1,0,1,18,0,18,71,39,32,205,99,106,8,3,5
59558602,139,78,61,138,77,61,4,2,2,18,9,9,1,0,1,1,1,0,108,38,70,42,15,27,1,0,1,5,0,5,15,5,10,45,18,27,2,0,2
59558603,54,26,28,54,26,28,4,0,4,5,4,1,1,0,1,0,0,0,52,20,32,18,5,13,0,0,0,1,0,1,8,4,4,25,11,14,0,0,0
0383342,0,0,0,0,0,0,0,0,0,0,0,0,0,0,0,0,0,0,0,0,0,0,0,0,0,0,0,0,0,0,0,0,0,0,0,0,0,0,0
59559401,405,228,177,387,224,163,8,3,5,45,25,20,5,0,5,18,4,14,395,177,218,177,71,106,0,0,0,22,0,22,63,34,29,133,72,61,4,2,2
59559402,35,21,14,34,21,13,1,0,1,5,4,1,0,0,0,1,0,1,38,21,17,17,8,9,0,0,0,3,0,3,5,4,1,13,9,4,0,0,0
59559403,32,15,17,31,14,17,2,1,1,2,0,2,0,0,0,1,1,0,39,18,21,36,17,19,0,0,0,0,0,0,0,0,0,3,1,2,0,0,0
59559405,181,104,77,166,97,69,5,2,3,18,6,12,1,0,1,15,7,8,167,71,96,95,40,55,0,0,0,8,0,8,24,11,13,40,20,20,0,0,0
59560801,9,3,6,8,2,6,0,0,0,4,1,3,0,0,0,1,1,0,12,8,4,6,4,2,0,0,0,0,0,0,0,0,0,6,4,2,0,0,0
59560802,99,61,38,97,61,36,5,2,3,4,4,0,0,0,0,2,0,2,88,34,54,41,16,25,0,0,0,8,0,8,17,10,7,22,8,14,1,0,1
59562401,86,49,37,82,49,33,2,2,0,14,11,3,0,0,0,4,0,4,62,26,36,31,10,21,0,0,0,2,0,2,11,6,5,18,10,8,0,0,0
59564101,201,107,94,195,104,91,9,2,7,13,6,7,1,0,1,6,3,3,170,70,100,73,30,43,0,0,0,11,0,11,32,12,20,54,28,26,6,4,2
59564102,27,16,11,26,16,10,1,1,0,1,1,0,0,0,0,1,0,1,21,9,12,11,7,4,1,1,0,2,0,2,4,0,4,3,1,2,0,0,0
59564103,179,103,76,174,99,75,7,3,4,18,11,7,1,0,1,5,4,1,140,48,92,66,21,45,0,0,0,7,0,7,20,5,15,47,22,25,0,0,0
59565901,94,58,36,91,58,33,0,0,0,12,6,6,0,0,0,3,0,3,75,31,44,34,15,19,0,0,0,5,0,5,13,2,11,23,14,9,1,0,1
59565902,7,4,3,7,4,3,0,0,0,1,1,0,0,0,0,0,0,0,15,6,9,4,1,3,0,0,0,2,0,2,4,2,2,5,3,2,0,0,0
59567501,46,24,22,46,24,22,0,0,0,1,1,0,2,0,2,0,0,0,37,16,21,17,8,9,1,1,0,3,0,3,7,4,3,9,3,6,0,0,0
59568301,40,27,13,39,27,12,1,1,0,6,4,2,0,0,0,1,0,1,27,12,15,19,7,12,0,0,0,1,0,1,2,2,0,5,3,2,0,0,0
59570501,25,14,11,24,14,10,0,0,0,3,0,3,0,0,0,1,0,1,15,6,9,7,3,4,0,0,0,0,0,0,1,1,0,7,2,5,0,0,0
59571301,79,41,38,75,41,34,3,2,1,6,4,2,2,0,2,4,0,4,90,51,39,50,27,23,0,0,0,3,0,3,12,8,4,25,16,9,0,0,0
59572101,107,65,42,101,62,39,2,2,0,12,7,5,2,0,2,6,3,3,103,39,64,53,18,35,0,0,0,6,0,6,21,11,10,23,10,13,0,0,0
59573001,177,99,78,170,96,74,6,5,1,15,9,6,1,0,1,7,3,4,151,76,75,68,29,39,0,0,0,7,0,7,26,18,8,50,29,21,1,0,1
59574801,65,36,29,64,36,28,5,2,3,8,4,4,1,0,1,1,0,1,41,17,24,16,8,8,0,0,0,4,0,4,9,4,5,12,5,7,2,1,1
59575601,302,175,127,295,172,123,12,7,5,19,10,9,2,0,2,7,3,4,302,139,163,125,56,69,0,0,0,20,0,20,58,30,28,99,53,46,2,1,1
0602322,0,0,0,0,0,0,0,0,0,0,0,0,0,0,0,0,0,0,0,0,0,0,0,0,0,0,0,0,0,0,0,0,0,0,0,0,0,0,0
59577201,85,47,38,83,46,37,2,0,2,4,3,1,0,0,0,2,1,1,123,56,67,59,28,31,0,0,0,9,0,9,20,8,12,35,20,15,0,0,0
59577202,301,171,130,289,165,124,5,4,1,36,16,20,1,0,1,12,6,6,346,141,205,195,83,112,1,0,1,14,0,14,38,14,24,98,44,54,3,1,2
59577203,56,29,27,55,28,27,1,1,0,5,2,3,1,0,1,1,1,0,53,23,30,27,11,16,0,0,0,3,0,3,6,3,3,17,9,8,0,0,0
59577204,27,18,9,25,17,8,0,0,0,2,2,0,0,0,0,2,1,1,33,14,19,23,8,15,0,0,0,0,0,0,2,2,0,8,4,4,0,0,0
59577205,47,29,18,45,27,18,0,0,0,5,3,2,0,0,0,2,2,0,42,20,22,25,11,14,0,0,0,0,0,0,3,1,2,14,8,6,0,0,0
59580201,151,88,63,145,84,61,5,1,4,14,7,7,2,0,2,6,4,2,119,50,69,63,25,38,0,0,0,3,0,3,20,9,11,33,16,17,5,2,3
59581101,91,53,38,85,51,34,0,0,0,9,7,2,0,0,0,6,2,4,79,32,47,36,14,22,0,0,0,6,0,6,15,8,7,22,10,12,2,2,0
59582901,89,53,36,85,51,34,2,1,1,9,3,6,0,0,0,4,2,2,62,34,28,30,13,17,0,0,0,1,0,1,12,8,4,19,13,6,2,0,2
59584501,62,36,26,56,32,24,3,2,1,5,2,3,1,0,1,6,4,2,46,20,26,19,8,11,0,0,0,0,0,0,5,2,3,22,10,12,1,1,0
59585301,79,48,31,75,46,29,2,1,1,1,0,1,1,0,1,4,2,2,74,34,40,35,16,19,0,0,0,6,0,6,13,7,6,20,11,9,0,0,0
59586101,14,8,6,14,8,6,1,0,1,2,0,2,0,0,0,0,0,0,17,9,8,10,6,4,0,0,0,1,0,1,1,1,0,5,2,3,0,0,0
59586102,79,51,28,77,50,27,2,1,1,13,8,5,0,0,0,2,1,1,92,41,51,42,18,24,0,0,0,7,0,7,22,11,11,21,12,9,0,0,0
59586103,20,12,8,18,11,7,0,0,0,4,3,1,0,0,0,2,1,1,31,18,13,19,10,9,0,0,0,0,0,0,5,4,1,7,4,3,0,0,0
59587001,54,32,22,54,32,22,6,2,4,4,2,2,0,0,0,0,0,0,49,19,30,31,12,19,0,0,0,4,0,4,8,5,3,6,2,4,0,0,0
59588801,88,51,37,87,51,36,2,0,2,7,3,4,0,0,0,1,0,1,82,32,50,50,20,30,0,0,0,3,0,3,11,7,4,18,5,13,2,2,0
59589601,45,24,21,43,23,20,1,0,1,1,1,0,0,0,0,2,1,1,56,22,34,21,8,13,1,1,0,2,0,2,10,4,6,22,9,13,0,0,0
59590001,124,76,48,121,74,47,2,1,1,8,4,4,1,0,1,3,2,1,146,59,87,67,29,38,1,0,1,9,0,9,25,8,17,44,22,22,0,0,0
59591801,37,23,14,35,23,12,2,2,0,4,3,1,0,0,0,2,0,2,38,10,28,23,9,14,0,0,0,2,0,2,6,1,5,7,0,7,1,0,1
59591802,128,76,52,122,74,48,4,3,1,17,9,8,0,0,0,6,2,4,142,55,87,75,27,48,0,0,0,6,0,6,16,7,9,45,21,24,3,0,3
59591803,11,6,5,11,6,5,0,0,0,1,1,0,0,0,0,0,0,0,14,7,7,7,2,5,0,0,0,0,0,0,3,2,1,4,3,1,0,0,0
59592601,15,8,7,13,7,6,0,0,0,0,0,0,1,0,1,2,1,1,14,7,7,7,4,3,0,0,0,1,0,1,4,3,1,2,0,2,0,0,0
59592602,857,485,372,837,473,364,24,6,18,75,39,36,3,0,3,20,12,8,878,390,488,403,169,234,1,1,0,50,1,49,161,73,88,263,146,117,9,5,4
59595101,314,177,137,301,170,131,11,5,6,31,18,13,1,0,1,13,7,6,297,132,165,134,57,77,2,2,0,19,0,19,56,30,26,86,43,43,4,1,3
59596901,38,24,14,37,23,14,2,1,1,3,1,2,0,0,0,1,1,0,49,20,29,23,10,13,1,0,1,3,0,3,5,1,4,17,9,8,0,0,0
59596902,46,24,22,46,24,22,1,0,1,7,3,4,1,0,1,0,0,0,57,25,32,22,11,11,0,0,0,4,0,4,12,3,9,19,11,8,1,0,1
59597701,88,48,40,83,46,37,2,1,1,7,2,5,0,0,0,5,2,3,80,39,41,38,16,22,0,0,0,7,1,6,11,5,6,24,17,7,0,0,0
59600101,19,11,8,19,11,8,0,0,0,3,1,2,1,0,1,0,0,0,26,12,14,11,6,5,0,0,0,3,0,3,9,4,5,3,2,1,0,0,0
59601901,312,175,137,302,172,130,16,9,7,23,11,12,4,0,4,10,3,7,214,95,119,71,27,44,0,0,0,12,0,12,42,21,21,89,47,42,1,0,1
59601902,55,34,21,54,34,20,2,0,2,1,0,1,0,0,0,1,0,1,33,17,16,9,4,5,0,0,0,2,0,2,10,7,3,12,6,6,0,0,0
59603501,116,67,49,112,65,47,3,3,0,8,4,4,2,0,2,4,2,2,112,60,52,42,16,26,0,0,0,3,0,3,20,13,7,47,31,16,0,0,0
59605101,202,126,76,192,120,72,7,1,6,13,7,6,2,0,2,10,6,4,161,75,86,65,30,35,0,0,0,6,0,6,30,15,15,60,30,30,1,0,1
59605103,18,10,8,18,10,8,0,0,0,2,1,1,0,0,0,0,0,0,10,4,6,9,3,6,0,0,0,0,0,0,1,1,0,0,0,0,0,0,0
59606001,22,11,11,21,10,11,0,0,0,3,1,2,0,0,0,1,1,0,33,14,19,23,10,13,0,0,0,1,0,1,5,1,4,4,3,1,0,0,0
59608601,125,77,48,120,73,47,9,4,5,14,7,7,3,0,3,5,4,1,132,56,76,73,31,42,1,1,0,4,0,4,12,7,5,42,17,25,1,0,1
59609401,7,5,2,7,5,2,0,0,0,1,1,0,0,0,0,0,0,0,20,7,13,11,4,7,0,0,0,1,0,1,2,1,1,6,2,4,0,0,0
59609402,216,119,97,213,116,97,14,6,8,10,6,4,2,0,2,3,3,0,207,84,123,81,30,51,0,0,0,16,0,16,51,27,24,59,27,32,0,0,0
59610801,106,56,50,101,54,47,6,2,4,8,5,3,0,0,0,5,2,3,89,36,53,54,20,34,0,0,0,2,0,2,8,4,4,25,12,13,0,0,0
59611601,937,531,406,912,522,390,29,12,17,71,39,32,8,0,8,25,9,16,897,406,491,439,180,259,1,1,0,39,2,37,147,76,71,271,147,124,6,4,2
59611602,77,45,32,75,44,31,1,0,1,5,4,1,0,0,0,2,1,1,69,32,37,25,10,15,0,0,0,1,0,1,11,3,8,32,19,13,1,0,1
59613201,59,35,24,56,33,23,0,0,0,10,5,5,0,0,0,3,2,1,62,31,31,35,15,20,0,0,0,2,0,2,7,6,1,18,10,8,0,0,0
59614101,305,170,135,293,163,130,10,5,5,26,11,15,2,0,2,12,7,5,343,134,209,178,60,118,0,0,0,21,0,21,66,36,30,78,38,40,2,2,0
59615901,17,10,7,15,10,5,0,0,0,2,1,1,0,0,0,2,0,2,7,4,3,6,3,3,0,0,0,0,0,0,0,0,0,1,1,0,0,0,0
59615902,12,8,4,11,7,4,0,0,0,5,3,2,0,0,0,1,1,0,8,3,5,7,3,4,0,0,0,0,0,0,1,0,1,0,0,0,0,0,0
59618301,10,7,3,9,7,2,0,0,0,1,1,0,0,0,0,1,0,1,13,6,7,10,5,5,0,0,0,0,0,0,0,0,0,3,1,2,0,0,0
59618302,151,90,61,149,89,60,5,3,2,15,7,8,2,0,2,2,1,1,147,55,92,68,22,46,0,0,0,8,0,8,26,13,13,45,20,25,1,0,1
59618303,7,3,4,7,3,4,0,0,0,0,0,0,0,0,0,0,0,0,18,8,10,10,4,6,0,0,0,0,0,0,3,1,2,5,3,2,1,1,0
59620501,81,44,37,77,44,33,3,2,1,5,2,3,0,0,0,4,0,4,69,30,39,39,15,24,0,0,0,2,0,2,7,3,4,21,12,9,0,0,0
59620502,384,208,176,376,206,170,17,5,12,32,18,14,4,0,4,8,2,6,348,163,185,148,61,87,1,1,0,19,0,19,61,39,22,119,62,57,2,1,1
59620503,26,13,13,25,12,13,1,1,0,3,1,2,0,0,0,1,1,0,13,11,2,6,4,2,0,0,0,1,1,0,1,1,0,5,5,0,0,0,0
59621301,83,49,34,81,48,33,1,0,1,12,6,6,0,0,0,2,1,1,70,22,48,33,11,22,0,0,0,7,0,7,18,7,11,12,4,8,0,0,0
59622101,317,180,137,306,174,132,21,11,10,25,14,11,6,0,6,11,6,5,314,141,173,117,49,68,0,0,0,14,0,14,61,30,31,122,62,60,0,0,0
59623001,99,58,41,96,57,39,8,6,2,6,5,1,2,0,2,3,1,2,67,32,35,30,13,17,1,0,1,2,0,2,10,8,2,24,11,13,0,0,0
59623002,118,70,48,116,69,47,2,1,1,7,4,3,1,0,1,2,1,1,117,53,64,50,24,26,0,0,0,6,0,6,15,5,10,46,24,22,0,0,0
59623003,125,75,50,120,71,49,4,4,0,8,6,2,0,0,0,5,4,1,121,47,74,53,27,26,0,0,0,8,0,8,23,8,15,37,12,25,0,0,0
59623004,240,125,115,229,120,109,10,4,6,25,11,14,2,0,2,11,5,6,222,106,116,106,49,57,0,0,0,10,0,10,35,18,17,71,39,32,0,0,0
59623005,125,72,53,117,65,52,3,2,1,10,3,7,1,0,1,8,7,1,115,51,64,56,26,30,0,0,0,4,0,4,14,4,10,41,21,20,1,1,0
59623006,114,65,49,110,65,45,4,2,2,13,8,5,1,0,1,4,0,4,96,45,51,45,18,27,0,0,0,3,0,3,17,9,8,31,18,13,1,1,0
59623007,106,61,45,101,60,41,4,1,3,8,4,4,0,0,0,5,1,4,107,41,66,51,16,35,0,0,0,4,0,4,15,8,7,37,17,20,2,0,2
59623008,11,5,6,11,5,6,0,0,0,3,2,1,0,0,0,0,0,0,20,9,11,12,5,7,0,0,0,0,0,0,3,1,2,5,3,2,0,0,0
59623009,227,126,101,221,123,98,16,7,9,14,9,5,2,0,2,6,3,3,203,101,102,99,45,54,0,0,0,9,0,9,32,17,15,63,39,24,1,0,1
59623010,561,307,254,529,293,236,22,12,10,63,27,36,1,0,1,32,14,18,516,224,292,295,111,184,0,0,0,16,0,16,69,34,35,136,79,57,1,0,1
59623011,286,155,131,278,148,130,15,6,9,34,15,19,4,0,4,8,7,1,368,139,229,233,86,147,1,1,0,15,0,15,43,15,28,76,37,39,0,0,0
59623012,90,50,40,89,50,39,2,0,2,11,8,3,1,0,1,1,0,1,98,48,50,48,23,25,0,0,0,6,0,6,16,8,8,28,17,11,0,0,0
59623013,63,33,30,59,33,26,4,2,2,7,4,3,0,0,0,4,0,4,42,16,26,20,7,13,0,0,0,1,0,1,9,2,7,12,7,5,0,0,0
59623015,184,96,88,177,93,84,7,3,4,23,13,10,0,0,0,7,3,4,170,70,100,104,43,61,0,0,0,7,0,7,15,8,7,44,19,25,1,0,1
59623016,10,6,4,9,6,3,1,1,0,2,1,1,0,0,0,1,0,1,12,5,7,6,4,2,0,0,0,1,0,1,4,0,4,1,1,0,0,0,0
59623017,326,179,147,303,165,138,13,2,11,37,13,24,0,0,0,23,14,9,348,158,190,178,75,103,3,2,1,14,0,14,55,34,21,98,47,51,28,27,1
59623018,378,195,183,361,187,174,18,13,5,51,28,23,3,0,3,17,8,9,381,162,219,220,94,126,0,0,0,14,0,14,59,27,32,88,41,47,1,0,1
59623019,185,100,85,182,98,84,10,4,6,24,14,10,1,0,1,3,2,1,159,63,96,76,32,44,0,0,0,6,1,5,18,8,10,59,22,37,0,0,0
59623020,126,65,61,122,64,58,7,2,5,1,0,1,1,0,1,4,1,3,116,45,71,5,2,3,0,0,0,8,0,8,48,17,31,55,26,29,1,0,1
59623022,400,222,178,380,211,169,16,8,8,40,25,15,2,0,2,20,11,9,402,169,233,208,85,123,0,0,0,20,0,20,57,32,25,117,52,65,2,0,2
59623023,45,27,18,43,26,17,4,2,2,2,0,2,0,0,0,2,1,1,52,28,24,12,5,7,0,0,0,1,0,1,13,7,6,26,16,10,2,1,1
59623026,453,239,214,436,227,209,16,8,8,41,19,22,7,0,7,17,12,5,352,151,201,174,75,99,0,0,0,20,0,20,61,31,30,97,45,52,2,0,2
59623027,550,293,257,516,279,237,19,13,6,58,33,25,3,0,3,34,14,20,531,230,301,298,116,182,0,0,0,25,0,25,73,33,40,135,81,54,8,3,5
59624801,135,80,55,131,77,54,1,1,0,13,7,6,2,0,2,4,3,1,122,47,75,36,15,21,1,0,1,12,0,12,34,15,19,39,17,22,3,1,2
59625601,666,367,299,652,360,292,28,13,15,69,37,32,6,0,6,14,7,7,623,271,352,290,115,175,1,1,0,23,0,23,117,60,57,192,95,97,6,5,1
59626401,12,8,4,12,8,4,1,1,0,0,0,0,1,0,1,0,0,0,11,6,5,4,1,3,0,0,0,0,0,0,4,4,0,3,1,2,0,0,0
59626402,20,7,13,20,7,13,0,0,0,3,2,1,0,0,0,0,0,0,18,8,10,12,6,6,0,0,0,0,0,0,3,1,2,3,1,2,0,0,0
59627201,87,48,39,86,47,39,0,0,0,11,4,7,0,0,0,1,1,0,82,43,39,34,18,16,0,0,0,3,0,3,11,4,7,34,21,13,0,0,0
59628101,222,134,88,216,131,85,11,6,5,27,13,14,0,0,0,6,3,3,190,77,113,74,31,43,0,0,0,15,0,15,41,21,20,60,25,35,1,1,0
59632901,108,65,43,108,65,43,2,1,1,5,4,1,1,0,1,0,0,0,114,51,63,49,20,29,0,0,0,7,0,7,23,13,10,35,18,17,2,2,0
59632902,59,33,26,58,32,26,2,0,2,7,4,3,0,0,0,1,1,0,28,8,20,20,6,14,0,0,0,1,0,1,1,0,1,6,2,4,0,0,0
59633701,355,204,151,338,195,143,19,9,10,29,15,14,1,0,1,17,9,8,303,133,170,137,60,77,0,0,0,11,0,11,50,24,26,105,49,56,1,0,1
59634501,17,10,7,13,8,5,0,0,0,2,2,0,0,0,0,4,2,2,16,6,10,7,4,3,0,0,0,1,0,1,2,0,2,6,2,4,0,0,0
59634502,452,245,207,433,237,196,18,4,14,45,29,16,4,0,4,19,8,11,445,178,267,185,73,112,0,0,0,25,0,25,86,39,47,149,66,83,5,3,2
59635301,47,27,20,46,27,19,0,0,0,3,2,1,2,1,1,1,0,1,48,20,28,15,6,9,0,0,0,4,0,4,11,4,7,18,10,8,0,0,0
59636101,458,250,208,443,243,200,20,6,14,36,24,12,6,0,6,15,7,8,434,194,240,187,78,109,1,1,0,24,0,24,73,38,35,149,77,72,3,3,0
59636102,14,9,5,14,9,5,0,0,0,0,0,0,0,0,0,0,0,0,15,9,6,6,2,4,0,0,0,0,0,0,6,5,1,3,2,1,1,0,1
59637001,32,19,13,31,19,12,0,0,0,8,3,5,0,0,0,1,0,1,22,9,13,9,4,5,0,0,0,2,0,2,4,3,1,7,2,5,0,0,0
59637002,89,55,34,87,54,33,1,1,0,5,3,2,2,0,2,2,1,1,95,40,55,26,12,14,0,0,0,10,0,10,26,14,12,33,14,19,2,1,1
59637003,41,23,18,41,23,18,3,1,2,4,1,3,0,0,0,0,0,0,45,19,26,19,8,11,0,0,0,0,0,0,5,1,4,21,10,11,0,0,0
0932620,0,0,0,0,0,0,0,0,0,0,0,0,0,0,0,0,0,0,0,0,0,0,0,0,0,0,0,0,0,0,0,0,0,0,0,0,0,0,0
59638801,120,76,44,110,71,39,5,5,0,10,7,3,1,0,1,10,5,5,130,56,74,52,20,32,0,0,0,9,0,9,26,12,14,43,24,19,0,0,0
59639601,158,96,62,153,94,59,6,2,4,19,13,6,0,0,0,5,2,3,168,77,91,76,31,45,1,0,1,12,0,12,35,20,15,44,26,18,0,0,0
59641801,140,78,62,138,77,61,6,2,4,6,4,2,4,0,4,2,1,1,102,54,48,22,9,13,1,1,0,10,0,10,40,22,18,29,22,7,2,1,1
59641802,28,16,12,28,16,12,1,1,0,1,0,1,1,0,1,0,0,0,23,10,13,12,5,7,0,0,0,0,0,0,2,1,1,9,4,5,0,0,0
59643401,85,49,36,81,47,34,3,1,2,10,7,3,2,0,2,4,2,2,70,28,42,37,16,21,0,0,0,3,0,3,14,8,6,16,4,12,2,2,0
59644201,124,73,51,121,71,50,6,2,4,9,6,3,1,0,1,3,2,1,117,46,71,48,18,30,0,0,0,7,0,7,22,8,14,40,20,20,0,0,0
59645101,136,78,58,131,76,55,2,0,2,29,17,12,2,0,2,5,2,3,116,57,59,49,22,27,0,0,0,5,0,5,21,14,7,41,21,20,1,0,1
59646901,53,26,27,51,25,26,2,2,0,3,1,2,1,0,1,2,1,1,35,21,14,21,12,9,0,0,0,1,0,1,4,3,1,9,6,3,0,0,0
59647702,72,44,28,69,43,26,1,1,0,4,4,0,0,0,0,3,1,2,74,35,39,40,18,22,0,0,0,2,0,2,10,3,7,22,14,8,0,0,0
59648501,46,26,20,45,25,20,1,0,1,10,5,5,1,0,1,1,1,0,48,15,33,27,11,16,0,0,0,2,0,2,8,1,7,11,3,8,0,0,0
59648502,390,213,177,375,204,171,16,6,10,39,19,20,5,0,5,15,9,6,309,140,169,126,56,70,1,1,0,9,0,9,49,28,21,124,55,69,3,1,2
59649301,27,16,11,26,16,10,0,0,0,2,1,1,0,0,0,1,0,1,28,10,18,16,5,11,0,0,0,1,0,1,5,2,3,6,3,3,0,0,0
59649302,57,35,22,57,35,22,3,1,2,1,0,1,0,0,0,0,0,0,45,21,24,29,13,16,0,0,0,2,0,2,8,3,5,6,5,1,0,0,0
59649303,100,61,39,97,60,37,2,2,0,6,4,2,0,0,0,3,1,2,92,37,55,48,17,31,0,0,0,4,0,4,12,4,8,28,16,12,0,0,0
59650701,22,12,10,22,12,10,1,0,1,1,1,0,1,0,1,0,0,0,29,14,15,15,8,7,0,0,0,2,0,2,5,3,2,7,3,4,0,0,0
59651501,92,46,46,91,45,46,3,1,2,6,4,2,2,0,2,1,1,0,80,36,44,35,15,20,0,0,0,3,0,3,20,11,9,22,10,12,1,1,0
59652301,64,36,28,61,33,28,4,2,2,6,4,2,0,0,0,3,3,0,59,25,34,25,11,14,2,1,1,5,0,5,12,7,5,15,6,9,0,0,0
59653101,291,164,127,271,153,118,12,5,7,28,18,10,3,0,3,20,11,9,306,143,163,139,67,72,0,0,0,11,0,11,54,27,27,102,49,53,2,1,1
59654001,45,33,12,43,31,12,0,0,0,6,5,1,0,0,0,2,2,0,50,20,30,27,11,16,0,0,0,3,0,3,6,2,4,14,7,7,0,0,0
59655801,136,75,61,133,74,59,4,2,2,17,11,6,0,0,0,3,1,2,149,65,84,71,34,37,0,0,0,9,0,9,21,13,8,48,18,30,2,2,0
59656601,64,34,30,64,34,30,2,0,2,2,1,1,1,0,1,0,0,0,80,36,44,49,20,29,0,0,0,4,0,4,11,6,5,16,10,6,0,0,0
59657401,437,248,189,426,242,184,25,10,15,41,25,16,6,0,6,11,6,5,446,203,243,156,61,95,0,0,0,21,0,21,76,43,33,193,99,94,3,2,1
59657402,12,8,4,12,8,4,1,1,0,0,0,0,0,0,0,0,0,0,16,9,7,7,3,4,0,0,0,0,0,0,2,1,1,7,5,2,0,0,0
59660401,18,12,6,15,11,4,0,0,0,1,1,0,0,0,0,3,1,2,13,5,8,7,2,5,0,0,0,0,0,0,2,0,2,4,3,1,0,0,0
59660402,37,24,13,31,20,11,0,0,0,3,1,2,0,0,0,6,4,2,39,17,22,14,4,10,0,0,0,3,0,3,10,4,6,12,9,3,1,1,0
59661201,37,21,16,34,20,14,2,1,1,7,1,6,0,0,0,3,1,2,25,12,13,12,6,6,0,0,0,1,0,1,2,0,2,10,6,4,0,0,0
59661202,236,125,111,224,120,104,7,2,5,29,14,15,1,0,1,12,5,7,316,145,171,184,83,101,0,0,0,5,0,5,32,10,22,95,52,43,1,0,1
59663901,44,25,19,44,25,19,1,1,0,2,1,1,0,0,0,0,0,0,41,16,25,24,9,15,0,0,0,2,0,2,5,3,2,10,4,6,2,0,2
59664701,31,21,10,31,21,10,1,0,1,3,2,1,0,0,0,0,0,0,48,25,23,29,15,14,0,0,0,3,0,3,12,7,5,4,3,1,1,0,1
59664702,18,11,7,18,11,7,1,0,1,0,0,0,0,0,0,0,0,0,22,13,9,12,7,5,1,0,1,0,0,0,4,1,3,5,5,0,0,0,0
59664703,40,21,19,39,21,18,1,1,0,9,6,3,0,0,0,1,0,1,41,24,17,25,14,11,0,0,0,0,0,0,3,1,2,13,9,4,0,0,0
59664704,224,131,93,217,126,91,4,0,4,22,16,6,0,0,0,7,5,2,202,77,125,98,37,61,1,1,0,5,0,5,23,8,15,75,31,44,4,3,1
59664705,11,5,6,11,5,6,0,0,0,1,1,0,1,0,1,0,0,0,9,4,5,2,1,1,1,1,0,1,0,1,4,2,2,1,0,1,0,0,0
59665501,31,17,14,29,16,13,3,1,2,5,2,3,0,0,0,2,1,1,37,16,21,20,8,12,1,1,0,2,0,2,6,4,2,8,3,5,0,0,0
59665502,249,143,106,244,141,103,5,3,2,25,18,7,3,0,3,5,2,3,255,115,140,117,51,66,1,0,1,6,0,6,36,15,21,95,49,46,1,1,0
59665503,12,6,6,10,5,5,3,1,2,0,0,0,0,0,0,2,1,1,11,5,6,7,2,5,0,0,0,0,0,0,0,0,0,4,3,1,0,0,0
59665504,80,53,27,73,48,25,1,1,0,9,6,3,2,0,2,7,5,2,84,38,46,42,18,24,0,0,0,6,0,6,17,9,8,19,11,8,0,0,0
59666301,13,9,4,12,8,4,1,1,0,1,0,1,0,0,0,1,1,0,23,12,11,10,5,5,1,1,0,2,0,2,4,3,1,6,3,3,0,0,0
59666302,178,112,66,171,107,64,9,5,4,16,8,8,2,0,2,7,5,2,166,77,89,77,36,41,1,0,1,10,0,10,31,18,13,47,23,24,2,1,1
59667101,113,60,53,110,59,51,3,1,2,13,4,9,3,0,3,3,1,2,98,44,54,41,17,24,0,0,0,4,0,4,15,10,5,38,17,21,0,0,0
59668001,241,134,107,236,131,105,12,4,8,16,13,3,2,0,2,5,3,2,213,90,123,93,33,60,0,0,0,12,1,11,37,20,17,71,36,35,0,0,0
59670101,19,9,10,19,9,10,0,0,0,7,4,3,0,0,0,0,0,0,16,8,8,10,3,7,0,0,0,0,0,0,0,0,0,6,5,1,0,0,0
59670102,297,163,134,292,162,130,18,7,11,33,15,18,1,0,1,5,1,4,277,127,150,112,50,62,0,0,0,19,0,19,55,28,27,91,49,42,4,2,2
59670103,10,5,5,10,5,5,0,0,0,2,2,0,0,0,0,0,0,0,14,5,9,6,3,3,0,0,0,1,0,1,2,1,1,5,1,4,0,0,0
59671001,19,8,11,19,8,11,2,0,2,0,0,0,0,0,0,0,0,0,22,6,16,14,5,9,0,0,0,1,0,1,1,0,1,6,1,5,1,0,1
59671002,49,28,21,46,26,20,0,0,0,2,2,0,1,0,1,3,2,1,47,25,22,17,7,10,0,0,0,5,0,5,12,8,4,13,10,3,2,1,1
59671003,18,9,9,17,8,9,1,0,1,2,1,1,1,0,1,1,1,0,14,6,8,4,2,2,0,0,0,0,0,0,2,1,1,8,3,5,0,0,0
59672801,129,73,56,128,72,56,6,2,4,12,8,4,0,0,0,1,1,0,142,73,69,56,23,33,1,1,0,5,0,5,20,15,5,60,34,26,0,0,0
59673601,59,33,26,57,33,24,1,0,1,10,8,2,1,0,1,2,0,2,40,15,25,18,9,9,0,0,0,2,0,2,6,1,5,14,5,9,0,0,0
59674401,112,63,49,111,63,48,4,0,4,9,4,5,1,0,1,1,0,1,103,39,64,56,18,38,0,0,0,2,0,2,13,7,6,32,14,18,0,0,0
59675201,46,30,16,46,30,16,2,1,1,3,2,1,0,0,0,0,0,0,57,24,33,28,10,18,0,0,0,3,0,3,11,7,4,15,7,8,1,0,1
59675202,18,10,8,17,9,8,1,0,1,0,0,0,0,0,0,1,1,0,10,5,5,6,3,3,0,0,0,0,0,0,1,1,0,3,1,2,0,0,0
59676101,76,49,27,72,46,26,2,1,1,3,3,0,0,0,0,4,3,1,78,33,45,38,13,25,0,0,0,4,0,4,12,8,4,24,12,12,0,0,0
59678701,9,6,3,9,6,3,0,0,0,1,1,0,1,0,1,0,0,0,12,7,5,8,5,3,0,0,0,0,0,0,2,1,1,2,1,1,0,0,0
59678702,13,9,4,12,8,4,0,0,0,0,0,0,0,0,0,1,1,0,8,1,7,3,1,2,0,0,0,1,0,1,2,0,2,2,0,2,0,0,0
59678703,25,13,12,25,13,12,2,1,1,2,1,1,1,0,1,0,0,0,21,15,6,13,9,4,1,1,0,0,0,0,3,3,0,4,2,2,0,0,0
59678704,18,12,6,17,11,6,0,0,0,0,0,0,0,0,0,1,1,0,30,18,12,16,9,7,0,0,0,2,0,2,5,3,2,7,6,1,0,0,0
59678706,267,141,126,255,136,119,10,3,7,33,16,17,1,0,1,12,5,7,271,116,155,136,58,78,0,0,0,14,0,14,41,19,22,80,39,41,3,1,2
59678707,17,10,7,17,10,7,0,0,0,2,2,0,0,0,0,0,0,0,24,11,13,8,4,4,0,0,0,2,0,2,5,1,4,9,6,3,0,0,0
59679501,12,8,4,12,8,4,0,0,0,3,1,2,0,0,0,0,0,0,14,8,6,12,7,5,0,0,0,1,0,1,1,1,0,0,0,0,0,0,0
59680901,57,36,21,56,35,21,0,0,0,7,5,2,0,0,0,1,1,0,64,28,36,33,14,19,0,0,0,3,0,3,7,3,4,21,11,10,1,0,1
59681701,21,15,6,20,14,6,0,0,0,1,0,1,0,0,0,1,1,0,26,13,13,11,4,7,0,0,0,2,0,2,7,4,3,6,5,1,0,0,0
59681702,59,32,27,57,31,26,2,1,1,11,8,3,0,0,0,2,1,1,47,20,27,24,9,15,0,0,0,1,0,1,3,3,0,19,8,11,0,0,0
59681703,14,12,2,13,11,2,0,0,0,1,1,0,0,0,0,1,1,0,23,9,14,7,3,4,0,0,0,5,0,5,9,5,4,2,1,1,0,0,0
59681704,218,122,96,215,119,96,10,4,6,16,10,6,1,0,1,3,3,0,178,77,101,71,26,45,0,0,0,10,1,9,29,14,15,68,36,32,4,2,2
59682501,33,21,12,30,19,11,0,0,0,2,1,1,0,0,0,3,2,1,40,16,24,26,8,18,0,0,0,1,0,1,4,2,2,9,6,3,0,0,0
59682503,65,37,28,64,37,27,6,3,3,5,3,2,1,0,1,1,0,1,75,30,45,31,17,14,0,0,0,5,0,5,11,3,8,28,10,18,0,0,0
59682504,13,8,5,12,8,4,0,0,0,2,1,1,0,0,0,1,0,1,125,37,88,114,32,82,0,0,0,1,0,1,6,3,3,4,2,2,1,0,1
59682505,14,7,7,14,7,7,1,1,0,2,1,1,0,0,0,0,0,0,22,9,13,14,6,8,0,0,0,1,0,1,3,1,2,4,2,2,1,1,0
59682506,224,119,105,220,115,105,6,0,6,20,9,11,2,0,2,4,4,0,254,114,140,137,65,72,0,0,0,20,0,20,47,21,26,50,28,22,8,3,5
59683301,23,12,11,22,12,10,0,0,0,2,1,1,0,0,0,1,0,1,21,10,11,13,6,7,0,0,0,0,0,0,2,1,1,6,3,3,1,0,1
59683302,45,25,20,44,25,19,1,0,1,7,4,3,0,0,0,1,0,1,50,23,27,32,15,17,0,0,0,4,0,4,7,3,4,7,5,2,0,0,0
59684101,206,117,89,201,114,87,4,2,2,21,13,8,1,0,1,5,3,2,204,87,117,86,40,46,0,0,0,12,0,12,32,11,21,74,36,38,4,3,1
59684102,15,8,7,15,8,7,2,1,1,3,1,2,0,0,0,0,0,0,11,4,7,4,1,3,0,0,0,0,0,0,1,1,0,6,2,4,0,0,0
59685001,66,38,28,63,38,25,2,0,2,4,3,1,0,0,0,3,0,3,44,19,25,19,8,11,0,0,0,4,0,4,9,7,2,12,4,8,0,0,0
59686801,33,25,8,30,22,8,2,2,0,3,3,0,0,0,0,3,3,0,43,19,24,18,7,11,0,0,0,4,0,4,6,3,3,15,9,6,0,0,0
59686803,82,49,33,81,48,33,1,1,0,18,12,6,0,0,0,1,1,0,69,33,36,43,20,23,1,1,0,3,0,3,8,4,4,14,8,6,0,0,0
59686804,526,292,234,493,282,211,15,3,12,65,35,30,2,0,2,33,10,23,567,254,313,332,133,199,1,0,1,21,0,21,84,48,36,129,73,56,9,3,6
59687601,346,189,157,330,185,145,7,3,4,45,26,19,1,0,1,16,4,12,320,141,179,173,70,103,0,0,0,14,0,14,46,27,19,87,44,43,4,3,1
59688401,61,32,29,56,31,25,1,0,1,7,4,3,1,0,1,5,1,4,57,24,33,26,9,17,0,0,0,4,0,4,13,9,4,14,6,8,2,2,0
59688402,15,8,7,15,8,7,0,0,0,1,0,1,0,0,0,0,0,0,24,9,15,13,5,8,0,0,0,2,0,2,4,2,2,5,2,3,0,0,0
59688403,211,122,89,197,115,82,6,1,5,23,13,10,2,0,2,14,7,7,274,133,141,143,64,79,1,0,1,16,0,16,48,30,18,66,39,27,2,1,1
59688404,28,15,13,26,14,12,2,0,2,6,4,2,0,0,0,2,1,1,20,6,14,13,4,9,0,0,0,0,0,0,0,0,0,7,2,5,0,0,0
59690601,18,11,7,17,11,6,2,2,0,0,0,0,1,0,1,1,0,1,14,7,7,7,1,6,0,0,0,0,0,0,5,4,1,2,2,0,0,0,0
59690602,171,103,68,167,103,64,11,7,4,12,8,4,2,0,2,4,0,4,172,87,85,44,21,23,0,0,0,18,0,18,56,34,22,54,32,22,1,0,1
59691401,35,19,16,35,19,16,2,0,2,6,4,2,0,0,0,0,0,0,45,18,27,26,13,13,0,0,0,5,0,5,7,2,5,7,3,4,0,0,0
59691403,22,10,12,21,10,11,0,0,0,2,2,0,0,0,0,1,0,1,17,9,8,9,4,5,0,0,0,0,0,0,2,2,0,6,3,3,0,0,0
59691404,56,31,25,53,29,24,3,0,3,6,3,3,1,0,1,3,2,1,49,20,29,23,9,14,0,0,0,2,0,2,7,3,4,17,8,9,0,0,0
59691405,72,42,30,70,40,30,2,0,2,8,6,2,1,0,1,2,2,0,88,40,48,39,18,21,0,0,0,4,0,4,17,9,8,28,13,15,1,0,1
59691406,45,24,21,43,24,19,0,0,0,6,3,3,0,0,0,2,0,2,33,17,16,23,10,13,0,0,0,0,0,0,3,2,1,7,5,2,1,1,0
59692201,133,78,55,130,78,52,6,2,4,15,6,9,2,0,2,3,0,3,127,59,68,52,22,30,0,0,0,7,0,7,29,19,10,39,18,21,3,2,1
59693101,97,58,39,93,54,39,1,0,1,11,7,4,2,0,2,4,4,0,90,36,54,43,16,27,0,0,0,7,0,7,15,9,6,25,11,14,1,1,0
59694901,171,97,74,166,95,71,8,4,4,23,13,10,1,0,1,5,2,3,146,67,79,75,29,46,0,0,0,2,0,2,22,13,9,47,25,22,0,0,0
59695701,36,19,17,33,19,14,0,0,0,5,4,1,0,0,0,3,0,3,55,25,30,27,13,14,0,0,0,4,0,4,9,4,5,15,8,7,0,0,0
59695702,51,34,17,50,33,17,2,1,1,8,5,3,1,0,1,1,1,0,41,20,21,24,11,13,0,0,0,0,0,0,7,5,2,10,4,6,0,0,0
59695703,52,32,20,49,30,19,1,0,1,4,3,1,0,0,0,3,2,1,52,24,28,26,11,15,0,0,0,1,0,1,6,2,4,19,11,8,0,0,0
59695704,65,42,23,62,41,21,1,0,1,2,2,0,2,0,2,3,1,2,68,30,38,27,12,15,0,0,0,4,0,4,13,6,7,24,12,12,0,0,0
59695705,121,65,56,118,62,56,3,2,1,17,8,9,1,0,1,3,3,0,97,42,55,45,20,25,0,0,0,2,0,2,9,5,4,41,17,24,0,0,0
59695707,17,8,9,17,8,9,0,0,0,1,1,0,0,0,0,0,0,0,15,12,3,7,4,3,1,1,0,0,0,0,1,1,0,6,6,0,0,0,0
59696501,165,91,74,160,88,72,4,2,2,25,18,7,0,0,0,5,3,2,146,67,79,70,30,40,1,1,0,5,0,5,18,9,9,52,27,25,0,0,0
3149780,0,0,0,0,0,0,0,0,0,0,0,0,0,0,0,0,0,0,0,0,0,0,0,0,0,0,0,0,0,0,0,0,0,0,0,0,0,0,0
3181410,0,0,0,0,0,0,0,0,0,0,0,0,0,0,0,0,0,0,0,0,0,0,0,0,0,0,0,0,0,0,0,0,0,0,0,0,0,0,0
3296900,0,0,0,0,0,0,0,0,0,0,0,0,0,0,0,0,0,0,0,0,0,0,0,0,0,0,0,0,0,0,0,0,0,0,0,0,0,0,0
3394580,0,0,0,0,0,0,0,0,0,0,0,0,0,0,0,0,0,0,0,0,0,0,0,0,0,0,0,0,0,0,0,0,0,0,0,0,0,0,0
59697301,37,21,16,37,21,16,0,0,0,3,2,1,0,0,0,0,0,0,34,15,19,11,4,7,0,0,0,4,0,4,10,6,4,9,5,4,1,0,1
59697302,56,32,24,53,31,22,1,0,1,5,2,3,1,0,1,3,1,2,71,38,33,27,11,16,0,0,0,4,0,4,12,8,4,28,19,9,0,0,0
59697303,73,40,33,68,39,29,3,0,3,7,5,2,0,0,0,5,1,4,83,35,48,32,15,17,0,0,0,6,0,6,18,10,8,27,10,17,0,0,0
59697304,44,24,20,41,23,18,0,0,0,4,2,2,0,0,0,3,1,2,36,19,17,23,11,12,0,0,0,0,0,0,1,1,0,12,7,5,0,0,0
59697305,22,13,9,22,13,9,0,0,0,2,1,1,0,0,0,0,0,0,28,10,18,16,8,8,0,0,0,2,0,2,5,0,5,5,2,3,0,0,0
59697306,47,24,23,47,24,23,0,0,0,5,2,3,2,0,2,0,0,0,31,14,17,12,6,6,0,0,0,0,0,0,8,6,2,11,2,9,0,0,0
59697308,91,52,39,88,51,37,2,1,1,7,4,3,0,0,0,3,1,2,97,46,51,43,19,24,0,0,0,8,0,8,24,11,13,22,16,6,0,0,0
59697309,21,10,11,20,9,11,0,0,0,3,2,1,0,0,0,1,1,0,21,10,11,12,6,6,1,0,1,0,0,0,1,0,1,7,4,3,0,0,0
59697310,239,129,110,231,126,105,6,2,4,31,15,16,6,0,6,8,3,5,196,82,114,72,29,43,0,0,0,13,0,13,57,25,32,54,28,26,1,1,0
59697311,161,98,63,151,91,60,5,2,3,18,9,9,0,0,0,10,7,3,107,50,57,54,24,30,0,0,0,4,0,4,16,9,7,33,17,16,13,11,2
59697312,1180,634,546,1126,605,521,44,26,18,109,41,68,16,0,16,54,29,25,1040,442,598,507,194,313,1,1,0,53,0,53,193,101,92,286,146,140,13,3,10
59697313,305,159,146,289,154,135,11,3,8,19,10,9,4,0,4,16,5,11,243,118,125,54,27,27,0,0,0,10,0,10,56,25,31,123,66,57,1,0,1
59697315,445,237,208,430,231,199,21,10,11,46,29,17,2,0,2,15,6,9,400,179,221,185,78,107,0,0,0,13,0,13,60,25,35,142,76,66,3,0,3
59698101,27,16,11,26,16,10,2,1,1,2,0,2,0,0,0,1,0,1,40,16,24,18,7,11,0,0,0,3,0,3,7,6,1,12,3,9,0,0,0
59698102,564,316,248,551,309,242,21,11,10,41,19,22,6,0,6,13,7,6,523,243,280,199,84,115,1,0,1,22,2,20,72,37,35,229,120,109,3,0,3
59699001,61,41,20,59,40,19,2,2,0,6,4,2,2,0,2,2,1,1,70,28,42,31,14,17,0,0,0,4,0,4,16,8,8,19,6,13,1,1,0
3048590,0,0,0,0,0,0,0,0,0,0,0,0,0,0,0,0,0,0,0,0,0,0,0,0,0,0,0,0,0,0,0,0,0,0,0,0,0,0,0
59700701,77,45,32,75,43,32,3,1,2,7,6,1,1,0,1,2,2,0,87,43,44,29,14,15,0,0,0,4,0,4,15,9,6,39,20,19,1,0,1
59700702,53,32,21,52,32,20,2,2,0,3,3,0,0,0,0,1,0,1,63,27,36,28,10,18,0,0,0,3,0,3,8,4,4,24,13,11,0,0,0
59700703,47,30,17,46,30,16,1,0,1,4,3,1,1,0,1,1,0,1,41,16,25,15,5,10,0,0,0,3,0,3,8,4,4,15,7,8,1,0,1
59700704,40,24,16,38,22,16,0,0,0,3,2,1,1,0,1,2,2,0,43,19,24,11,3,8,0,0,0,4,0,4,12,6,6,16,10,6,0,0,0
59700705,143,83,60,134,79,55,5,2,3,13,7,6,0,0,0,9,4,5,126,54,72,35,12,23,0,0,0,15,0,15,34,19,15,42,23,19,2,1,1
59700706,28,11,17,28,11,17,1,1,0,7,2,5,0,0,0,0,0,0,14,6,8,10,4,6,0,0,0,1,0,1,1,1,0,2,1,1,0,0,0
59700707,281,166,115,276,162,114,7,3,4,23,10,13,1,0,1,5,4,1,248,118,130,108,45,63,2,1,1,19,0,19,47,23,24,72,49,23,1,0,1
59700708,128,74,54,119,71,48,7,2,5,6,4,2,3,0,3,9,3,6,143,80,63,58,30,28,0,0,0,9,0,9,27,19,8,49,31,18,1,0,1
59700709,463,262,201,447,254,193,18,9,9,38,17,21,6,0,6,16,8,8,378,162,216,153,49,104,0,0,0,27,1,26,89,43,46,109,69,40,4,3,1
59700710,17,9,8,17,9,8,0,0,0,2,2,0,0,0,0,0,0,0,14,5,9,1,1,0,0,0,0,2,0,2,7,3,4,4,1,3,0,0,0
59700711,1441,748,693,1382,725,657,58,24,34,151,72,79,14,1,13,59,23,36,1360,573,787,747,295,452,3,0,3,65,0,65,211,110,101,334,168,166,7,4,3
59700712,87,48,39,85,47,38,5,1,4,11,4,7,1,0,1,2,1,1,80,42,38,38,17,21,0,0,0,3,0,3,13,9,4,26,16,10,1,0,1
59700714,13,6,7,12,5,7,0,0,0,3,2,1,1,0,1,1,1,0,13,6,7,6,3,3,0,0,0,0,0,0,2,2,0,5,1,4,0,0,0
59700715,18,12,6,16,12,4,0,0,0,0,0,0,0,0,0,2,0,2,2,0,2,0,0,0,0,0,0,0,0,0,0,0,0,2,0,2,0,0,0
59700716,857,444,413,827,432,395,41,24,17,71,40,31,8,0,8,30,12,18,634,250,384,251,80,171,2,1,1,29,0,29,103,46,57,249,123,126,5,1,4
59700717,243,124,119,234,118,116,8,2,6,28,13,15,0,0,0,9,6,3,224,106,118,119,49,70,1,1,0,9,0,9,22,12,10,73,44,29,0,0,0
59700718,49,31,18,49,31,18,0,0,0,9,6,3,0,0,0,0,0,0,49,23,26,22,8,14,1,1,0,1,0,1,9,5,4,16,9,7,1,1,0
59700719,592,326,266,551,303,248,14,5,9,64,35,29,2,0,2,41,23,18,479,198,281,193,71,122,1,1,0,35,0,35,96,49,47,154,77,77,28,23,5
59700720,721,381,340,699,373,326,34,14,20,65,33,32,8,0,8,22,8,14,767,310,457,406,155,251,2,2,0,38,1,37,123,61,62,198,91,107,4,3,1
59700721,401,222,179,388,218,170,15,8,7,34,25,9,2,0,2,13,4,9,395,159,236,182,72,110,1,1,0,16,0,16,51,23,28,145,63,82,1,1,0
59700722,217,124,93,208,122,86,8,3,5,28,13,15,1,0,1,9,2,7,198,82,116,107,35,72,0,0,0,7,0,7,30,18,12,54,29,25,2,2,0
59700723,23,11,12,22,10,12,0,0,0,2,0,2,0,0,0,1,1,0,6,5,1,1,0,1,0,0,0,0,0,0,1,1,0,4,4,0,0,0,0
59700724,29,17,12,27,16,11,4,3,1,2,1,1,0,0,0,2,1,1,18,11,7,5,4,1,0,0,0,2,0,2,4,3,1,7,4,3,0,0,0
59701501,216,129,87,211,126,85,13,3,10,21,12,9,1,0,1,5,3,2,201,106,95,95,44,51,0,0,0,9,0,9,30,21,9,67,41,26,3,2,1
59703101,42,24,18,41,23,18,0,0,0,6,5,1,1,0,1,1,1,0,39,15,24,16,6,10,0,0,0,4,0,4,8,5,3,11,4,7,0,0,0
59703102,20,13,7,18,13,5,0,0,0,3,3,0,0,0,0,2,0,2,13,5,8,10,3,7,0,0,0,0,0,0,0,0,0,3,2,1,2,1,1
59703103,26,15,11,24,15,9,0,0,0,1,0,1,1,0,1,2,0,2,17,3,14,5,1,4,0,0,0,1,0,1,3,1,2,8,1,7,0,0,0
59704001,17,11,6,17,11,6,0,0,0,0,0,0,0,0,0,0,0,0,24,11,13,12,3,9,0,0,0,1,0,1,2,1,1,9,7,2,0,0,0
59704002,10,5,5,10,5,5,0,0,0,0,0,0,0,0,0,0,0,0,20,11,9,13,7,6,0,0,0,0,0,0,0,0,0,7,4,3,0,0,0
59704003,76,41,35,72,40,32,2,2,0,12,7,5,1,0,1,4,1,3,96,38,58,40,18,22,0,0,0,5,0,5,17,5,12,34,15,19,1,1,0
59705801,225,125,100,222,124,98,16,6,10,22,10,12,3,0,3,3,1,2,186,85,101,76,33,43,0,0,0,9,0,9,27,11,16,74,41,33,0,0,0
59705802,16,9,7,16,9,7,2,0,2,1,0,1,0,0,0,0,0,0,27,13,14,6,4,2,0,0,0,2,0,2,6,1,5,13,8,5,0,0,0
59706601,88,48,40,85,45,40,1,1,0,8,1,7,1,0,1,3,3,0,73,32,41,32,14,18,0,0,0,2,0,2,9,3,6,30,15,15,3,2,1
59707401,258,142,116,247,137,110,8,2,6,29,10,19,2,0,2,11,5,6,298,128,170,166,73,93,0,0,0,13,0,13,43,19,24,76,36,40,4,1,3
59707402,51,29,22,48,27,21,2,1,1,8,6,2,0,0,0,3,2,1,60,22,38,38,14,24,0,0,0,1,0,1,8,3,5,13,5,8,0,0,0
59708201,20,12,8,19,12,7,1,0,1,1,0,1,0,0,0,1,0,1,21,10,11,10,5,5,0,0,0,1,0,1,3,1,2,7,4,3,0,0,0
59708202,112,68,44,109,66,43,7,3,4,10,6,4,2,0,2,3,2,1,120,50,70,49,19,30,0,0,0,9,1,8,25,11,14,37,19,18,0,0,0
59709102,374,215,159,353,207,146,9,7,2,34,15,19,2,0,2,21,8,13,377,166,211,187,81,106,1,1,0,11,0,11,56,25,31,122,59,63,2,2,0
59711201,133,75,58,129,72,57,2,2,0,11,5,6,2,0,2,4,3,1,132,58,74,48,22,26,0,0,0,10,0,10,35,12,23,39,24,15,0,0,0
59712101,58,31,27,57,31,26,1,0,1,5,2,3,0,0,0,1,0,1,76,37,39,32,15,17,0,0,0,2,0,2,6,4,2,36,18,18,0,0,0
59713901,96,58,38,93,56,37,3,2,1,9,5,4,2,0,2,3,2,1,110,48,62,51,20,31,0,0,0,5,0,5,21,13,8,33,15,18,0,0,0
59714702,251,143,108,247,140,107,10,6,4,17,7,10,1,0,1,4,3,1,258,115,143,95,41,54,1,0,1,16,0,16,53,27,26,93,47,46,0,0,0
59715501,90,52,38,83,49,34,0,0,0,8,4,4,0,0,0,7,3,4,127,58,69,44,23,21,0,0,0,8,0,8,19,8,11,56,27,29,1,1,0
59715502,52,30,22,51,30,21,2,2,0,2,1,1,0,0,0,1,0,1,47,19,28,26,9,17,0,0,0,1,0,1,6,4,2,14,6,8,0,0,0
59715503,168,94,74,160,92,68,6,2,4,20,11,9,2,0,2,8,2,6,158,79,79,73,34,39,1,1,0,9,0,9,29,18,11,46,26,20,3,3,0
59716301,128,76,52,124,75,49,4,1,3,16,11,5,1,0,1,4,1,3,103,33,70,32,11,21,0,0,0,6,0,6,31,11,20,34,11,23,0,0,0
51369501,9,5,4,9,5,4,1,0,1,4,3,1,0,0,0,0,0,0,11,4,7,7,1,6,0,0,0,0,0,0,0,0,0,4,3,1,0,0,0
51369502,50,29,21,47,29,18,3,1,2,5,3,2,0,0,0,3,0,3,52,22,30,18,8,10,0,0,0,3,0,3,14,9,5,17,5,12,0,0,0
51370901,56,31,25,52,28,24,1,1,0,11,4,7,0,0,0,4,3,1,51,17,34,24,9,15,1,0,1,4,0,4,5,2,3,17,6,11,0,0,0
53082401,93,54,39,87,52,35,5,2,3,11,7,4,0,0,0,6,2,4,95,43,52,40,16,24,0,0,0,5,0,5,22,12,10,28,15,13,0,0,0
53082402,31,18,13,27,16,11,0,0,0,2,2,0,0,0,0,4,2,2,30,13,17,17,8,9,0,0,0,1,0,1,3,1,2,9,4,5,0,0,0
53100601,157,93,64,152,92,60,7,2,5,14,9,5,2,0,2,5,1,4,168,72,96,80,30,50,1,1,0,6,0,6,28,13,15,53,28,25,1,0,1
53469201,234,130,104,222,125,97,6,1,5,22,11,11,3,0,3,12,5,7,212,95,117,117,49,68,0,0,0,8,1,7,28,16,12,59,29,30,5,3,2
55387501,26,15,11,24,15,9,0,0,0,3,0,3,0,0,0,2,0,2,31,13,18,27,12,15,0,0,0,0,0,0,1,0,1,3,1,2,0,0,0
55388301,19,11,8,19,11,8,0,0,0,4,3,1,0,0,0,0,0,0,24,11,13,10,4,6,0,0,0,2,0,2,4,2,2,8,5,3,0,0,0
55416201,86,49,37,82,47,35,6,4,2,8,3,5,0,0,0,4,2,2,80,40,40,44,24,20,0,0,0,6,0,6,13,10,3,17,6,11,1,1,0
55696301,326,185,141,320,184,136,13,5,8,40,23,17,5,0,5,6,1,5,298,140,158,133,56,77,0,0,0,15,0,15,51,28,23,99,56,43,1,1,0
3202420,0,0,0,0,0,0,0,0,0,0,0,0,0,0,0,0,0,0,0,0,0,0,0,0,0,0,0,0,0,0,0,0,0,0,0,0,0,0,0
3401620,0,0,0,0,0,0,0,0,0,0,0,0,0,0,0,0,0,0,0,0,0,0,0,0,0,0,0,0,0,0,0,0,0,0,0,0,0,0,0
58128301,314,175,139,303,167,136,14,8,6,37,23,14,3,0,3,11,8,3,251,100,151,121,46,75,1,0,1,12,0,12,45,18,27,72,36,36,0,0,0
58128302,220,124,96,217,122,95,6,5,1,30,18,12,2,0,2,3,2,1,214,93,121,108,42,66,0,0,0,9,0,9,30,18,12,67,33,34,1,0,1
58128303,319,166,153,313,161,152,15,5,10,35,13,22,2,0,2,6,5,1,295,126,169,131,50,81,0,0,0,8,0,8,47,22,25,109,54,55,1,0,1
58128304,233,128,105,225,123,102,7,2,5,39,22,17,3,0,3,8,5,3,187,85,102,102,47,55,2,0,2,6,0,6,25,8,17,52,30,22,0,0,0
58128305,57,29,28,57,29,28,4,2,2,6,3,3,1,0,1,0,0,0,58,25,33,28,12,16,1,1,0,1,0,1,6,3,3,22,9,13,0,0,0
58128306,79,43,36,78,42,36,8,4,4,7,2,5,1,0,1,1,1,0,67,29,38,24,11,13,0,0,0,1,0,1,11,4,7,31,14,17,0,0,0
58128308,20,11,9,19,11,8,1,0,1,1,1,0,0,0,0,1,0,1,17,8,9,9,5,4,0,0,0,0,0,0,2,0,2,6,3,3,0,0,0
58128309,117,62,55,112,60,52,9,2,7,10,5,5,1,0,1,5,2,3,96,42,54,46,19,27,0,0,0,5,1,4,14,7,7,31,15,16,0,0,0
58128310,249,143,106,238,139,99,14,11,3,23,12,11,2,0,2,11,4,7,220,100,120,98,42,56,0,0,0,11,0,11,36,17,19,75,41,34,1,0,1
58128311,204,117,87,199,115,84,9,5,4,18,10,8,2,0,2,5,2,3,180,89,91,43,19,24,1,0,1,7,0,7,60,29,31,69,41,28,1,0,1
58128312,33,19,14,32,19,13,0,0,0,5,3,2,2,0,2,1,0,1,39,20,19,12,7,5,0,0,0,1,0,1,8,3,5,18,10,8,1,0,1
58128315,106,62,44,94,51,43,2,2,0,16,7,9,0,0,0,12,11,1,90,41,49,52,24,28,0,0,0,1,0,1,12,6,6,25,11,14,1,0,1
58128316,233,121,112,227,117,110,9,5,4,39,21,18,2,0,2,6,4,2,273,118,155,162,74,88,0,0,0,13,0,13,39,18,21,59,26,33,1,0,1
58128319,38,27,11,36,27,9,1,1,0,5,4,1,0,0,0,2,0,2,11,6,5,6,3,3,0,0,0,0,0,0,1,1,0,4,2,2,2,1,1
58128321,1612,840,772,1571,818,753,62,21,41,206,100,106,11,0,11,41,22,19,1249,549,700,575,242,333,2,2,0,67,1,66,235,118,117,370,186,184,14,6,8
58128322,247,139,108,237,135,102,14,9,5,37,26,11,0,0,0,10,4,6,226,102,124,109,43,66,0,0,0,6,0,6,33,18,15,78,41,37,3,2,1
58128324,666,358,308,625,336,289,24,11,13,68,31,37,4,0,4,41,22,19,615,276,339,310,129,181,3,2,1,25,1,24,112,59,53,165,85,80,5,1,4
58128325,741,439,302,710,421,289,18,12,6,86,50,36,8,0,8,31,18,13,741,306,435,403,138,265,2,2,0,32,1,31,134,80,54,170,85,85,44,29,15
58128326,619,329,290,596,318,278,37,16,21,83,48,35,4,0,4,23,11,12,749,282,467,455,151,304,0,0,0,25,0,25,90,48,42,179,83,96,3,1,2
58128327,1194,598,596,1159,579,580,43,21,22,155,71,84,14,0,14,35,19,16,778,323,455,309,117,192,2,0,2,46,0,46,151,76,75,270,130,140,10,6,4
58128328,917,464,453,871,442,429,26,9,17,121,52,69,7,0,7,46,22,24,886,340,546,492,167,325,2,2,0,48,0,48,141,66,75,203,105,98,12,7,5
58128330,1264,664,600,1224,645,579,44,21,23,179,84,95,3,0,3,40,19,21,1259,539,720,720,290,430,0,0,0,49,1,48,185,91,94,305,157,148,14,5,9
58128331,48,26,22,46,25,21,0,0,0,3,2,1,2,0,2,2,1,1,45,23,22,9,3,6,1,0,1,1,0,1,18,11,7,16,9,7,0,0,0
58128332,82,45,37,81,44,37,2,2,0,13,7,6,0,0,0,1,1,0,86,39,47,51,21,30,1,0,1,2,0,2,9,6,3,23,12,11,1,0,1
58128334,8,5,3,8,5,3,0,0,0,0,0,0,0,0,0,0,0,0,13,4,9,0,0,0,0,0,0,2,0,2,5,2,3,6,2,4,0,0,0
58128335,697,390,307,667,371,296,37,23,14,96,49,47,3,0,3,30,19,11,821,356,465,528,219,309,0,0,0,21,0,21,82,44,38,190,93,97,2,1,1
58129102,1155,631,524,1110,609,501,38,19,19,127,56,71,16,0,16,45,22,23,976,388,588,456,167,289,0,0,0,65,0,65,190,92,98,265,129,136,10,2,8
58129103,848,480,368,801,456,345,25,15,10,101,54,47,8,0,8,47,24,23,889,377,512,506,204,302,2,1,1,42,1,41,163,84,79,176,87,89,41,27,14
58129104,143,84,59,140,83,57,8,4,4,12,8,4,2,0,2,3,1,2,168,84,84,84,38,46,0,0,0,8,0,8,27,17,10,49,29,20,1,0,1
58129105,122,68,54,114,62,52,7,3,4,20,12,8,1,0,1,8,6,2,90,40,50,39,16,23,0,0,0,5,0,5,15,7,8,31,17,14,3,3,0
58131301,126,70,56,123,68,55,7,2,5,13,7,6,2,0,2,3,2,1,102,46,56,56,25,31,0,0,0,3,0,3,9,5,4,34,16,18,3,2,1
58133001,49,27,22,47,25,22,5,2,3,5,4,1,0,0,0,2,2,0,55,21,34,34,14,20,0,0,0,1,0,1,5,2,3,15,5,10,0,0,0
58133002,243,136,107,237,133,104,7,1,6,31,16,15,0,0,0,6,3,3,280,128,152,136,63,73,0,0,0,12,1,11,43,20,23,89,44,45,2,0,2
58135601,197,99,98,190,96,94,3,0,3,19,9,10,1,0,1,7,3,4,219,79,140,145,54,91,0,0,0,6,0,6,24,10,14,44,15,29,1,1,0
58136401,649,358,291,634,349,285,22,12,10,69,40,29,4,0,4,15,9,6,570,245,325,288,114,174,1,0,1,23,0,23,73,39,34,185,92,93,9,6,3
58137201,45,25,20,42,24,18,1,0,1,4,4,0,1,0,1,3,1,2,36,12,24,14,6,8,0,0,0,2,0,2,9,4,5,11,2,9,0,0,0
58137202,104,56,48,99,54,45,7,3,4,10,6,4,2,0,2,5,2,3,108,49,59,38,18,20,0,0,0,7,0,7,23,7,16,40,24,16,0,0,0
58137203,205,111,94,197,106,91,3,1,2,29,13,16,2,0,2,8,5,3,146,72,74,45,18,27,0,0,0,10,1,9,37,20,17,54,33,21,2,1,1
58137204,125,76,49,118,73,45,4,2,2,11,7,4,2,0,2,7,3,4,122,60,62,55,23,32,0,0,0,6,0,6,26,14,12,35,23,12,0,0,0
58137205,25,14,11,24,14,10,1,1,0,3,2,1,0,0,0,1,0,1,19,9,10,7,3,4,0,0,0,0,0,0,5,3,2,7,3,4,0,0,0
58137206,492,258,234,476,251,225,21,11,10,74,33,41,1,0,1,16,7,9,545,253,292,306,138,168,0,0,0,12,0,12,53,25,28,174,90,84,2,0,2
58137207,65,33,32,62,32,30,3,0,3,10,4,6,0,0,0,3,1,2,41,14,27,11,5,6,0,0,0,3,0,3,11,2,9,16,7,9,1,0,1
58137208,781,419,362,743,398,345,31,16,15,106,52,54,4,0,4,38,21,17,878,336,542,518,174,344,0,0,0,19,0,19,80,38,42,261,124,137,7,2,5
58137209,239,128,111,234,127,107,5,4,1,23,6,17,0,0,0,5,1,4,218,98,120,87,34,53,0,0,0,10,1,9,40,22,18,81,41,40,1,1,0
58137210,153,87,66,143,82,61,0,0,0,17,10,7,1,0,1,10,5,5,164,61,103,107,35,72,3,3,0,9,0,9,19,7,12,26,16,10,1,1,0
58137211,1397,714,683,1353,698,655,48,20,28,141,68,73,8,0,8,44,16,28,1227,482,745,536,204,332,1,1,0,91,0,91,275,129,146,324,148,176,18,5,13
58137212,522,298,224,489,277,212,21,11,10,58,24,34,5,0,5,33,21,12,469,220,249,216,98,118,0,0,0,18,0,18,93,54,39,142,68,74,39,26,13
58137213,157,84,73,152,82,70,7,3,4,12,9,3,1,0,1,5,2,3,162,73,89,64,32,32,0,0,0,8,0,8,38,15,23,52,26,26,2,1,1
58137214,785,406,379,752,389,363,27,12,15,112,53,59,7,0,7,33,17,16,746,295,451,438,149,289,1,0,1,29,0,29,96,51,45,182,95,87,4,2,2
58137216,50,26,24,47,24,23,2,0,2,8,3,5,1,0,1,3,2,1,31,16,15,16,7,9,0,0,0,0,0,0,4,2,2,11,7,4,0,0,0
58137217,147,82,65,140,79,61,5,4,1,11,5,6,2,1,1,7,3,4,126,60,66,48,22,26,0,0,0,7,0,7,26,17,9,45,21,24,1,1,0
58137219,216,118,98,209,114,95,8,1,7,26,15,11,1,0,1,7,4,3,170,76,94,68,25,43,0,0,0,10,0,10,30,20,10,62,31,31,2,1,1
58137220,595,313,282,573,298,275,20,6,14,85,47,38,5,0,5,22,15,7,438,184,254,200,79,121,0,0,0,29,0,29,84,40,44,125,65,60,4,4,0
58137221,47,25,22,46,24,22,1,1,0,3,2,1,0,0,0,1,1,0,38,16,22,7,4,3,0,0,0,3,0,3,7,3,4,21,9,12,1,1,0
58138101,133,76,57,130,74,56,3,1,2,16,10,6,0,0,0,3,2,1,131,54,77,64,25,39,0,0,0,8,0,8,23,15,8,36,14,22,1,1,0
58138102,38,19,19,38,19,19,0,0,0,6,3,3,0,0,0,0,0,0,38,19,19,17,8,9,0,0,0,1,0,1,8,3,5,12,8,4,0,0,0
58144501,234,132,102,224,129,95,6,3,3,24,13,11,4,0,4,10,3,7,229,102,127,79,28,51,0,0,0,14,1,13,56,30,26,80,43,37,3,1,2
58145301,310,171,139,300,168,132,14,9,5,22,13,9,1,0,1,10,3,7,300,137,163,94,37,57,2,2,0,20,0,20,63,35,28,121,63,58,4,2,2
58146101,129,61,68,124,60,64,3,0,3,22,11,11,0,0,0,5,1,4,122,66,56,48,21,27,0,0,0,5,0,5,35,19,16,34,26,8,2,0,2
58147001,360,206,154,351,200,151,17,9,8,39,17,22,5,0,5,9,6,3,345,156,189,174,76,98,0,0,0,22,0,22,59,32,27,90,48,42,2,1,1
58149601,205,111,94,201,110,91,6,2,4,16,12,4,1,0,1,4,1,3,182,93,89,15,6,9,1,0,1,12,0,12,56,34,22,98,53,45,2,2,0
58149602,860,469,391,831,456,375,31,16,15,106,47,59,9,1,8,29,13,16,946,365,581,527,198,329,1,0,1,41,0,41,140,62,78,237,105,132,6,5,1
58150001,186,106,80,179,103,76,10,2,8,17,8,9,2,0,2,7,3,4,179,86,93,80,36,44,0,0,0,9,0,9,34,18,16,56,32,24,4,3,1
58151801,77,42,35,75,40,35,4,0,4,5,4,1,0,0,0,2,2,0,77,32,45,49,19,30,0,0,0,3,0,3,7,4,3,18,9,9,0,0,0
58151802,43,25,18,41,23,18,2,1,1,3,1,2,0,0,0,2,2,0,26,10,16,15,6,9,0,0,0,1,0,1,3,1,2,7,3,4,0,0,0
58152601,72,46,26,71,45,26,1,1,0,8,6,2,0,0,0,1,1,0,69,33,36,27,7,20,0,0,0,5,0,5,13,9,4,24,17,7,0,0,0
58153401,104,67,37,100,65,35,6,4,2,10,5,5,0,0,0,4,2,2,106,48,58,44,19,25,0,0,0,8,0,8,24,13,11,30,16,14,1,0,1
58154201,546,330,216,522,317,205,16,9,7,60,41,19,6,0,6,24,13,11,539,243,296,266,121,145,2,1,1,30,0,30,91,50,41,150,71,79,5,3,2
58154202,103,61,42,97,59,38,4,2,2,11,5,6,1,0,1,6,2,4,114,54,60,64,33,31,0,0,0,4,0,4,18,7,11,28,14,14,0,0,0
58155101,698,384,314,679,376,303,20,8,12,77,37,40,10,0,10,19,8,11,621,276,345,239,99,140,1,0,1,40,0,40,133,75,58,208,102,106,2,0,2
58156902,210,113,97,204,111,93,6,3,3,25,12,13,0,0,0,6,2,4,243,113,130,92,39,53,0,0,0,13,0,13,50,29,21,88,45,43,3,2,1
58159301,54,32,22,52,30,22,1,1,0,6,4,2,1,0,1,2,2,0,64,26,38,32,14,18,0,0,0,0,0,0,12,7,5,20,5,15,0,0,0
58161501,76,44,32,73,44,29,2,0,2,13,8,5,0,0,0,3,0,3,77,30,47,37,12,25,1,0,1,2,0,2,11,2,9,26,16,10,0,0,0
58163101,142,84,58,131,79,52,6,2,4,19,11,8,2,0,2,11,5,6,118,56,62,64,28,36,0,0,0,4,0,4,21,10,11,29,18,11,1,1,0
58166601,193,111,82,184,107,77,5,3,2,21,15,6,1,0,1,9,4,5,192,87,105,84,39,45,0,0,0,16,0,16,41,19,22,51,29,22,1,0,1
58168201,1439,793,646,1405,776,629,51,27,24,163,83,80,13,0,13,34,17,17,1295,555,740,631,261,370,4,3,1,63,0,63,212,106,106,385,185,200,12,7,5
58172101,29,20,9,26,18,8,1,0,1,3,2,1,0,0,0,3,2,1,15,7,8,10,4,6,0,0,0,1,0,1,2,2,0,2,1,1,0,0,0
58172102,50,29,21,48,29,19,3,1,2,1,1,0,1,0,1,2,0,2,65,35,30,34,16,18,0,0,0,2,0,2,9,3,6,20,16,4,0,0,0
58173901,415,229,186,403,223,180,11,3,8,50,26,24,2,0,2,12,6,6,445,193,252,189,75,114,1,1,0,23,0,23,81,40,41,151,77,74,8,4,4
58175501,173,105,68,168,101,67,4,2,2,19,11,8,1,0,1,5,4,1,160,73,87,67,25,42,0,0,0,7,0,7,24,13,11,62,35,27,5,3,2
58176301,450,258,192,430,246,184,16,4,12,53,25,28,4,0,4,20,12,8,451,195,256,213,87,126,1,1,0,25,0,25,73,40,33,139,67,72,3,1,2
58177101,61,34,27,55,33,22,2,1,1,6,5,1,1,0,1,6,1,5,52,19,33,26,10,16,0,0,0,0,0,0,9,1,8,17,8,9,0,0,0
58178001,231,131,100,218,126,92,9,5,4,26,14,12,3,0,3,13,5,8,221,99,122,55,20,35,1,1,0,17,0,17,70,37,33,78,41,37,5,3,2
58179801,73,45,28,70,44,26,2,1,1,14,8,6,2,0,2,3,1,2,70,30,40,39,16,23,0,0,0,3,0,3,17,7,10,11,7,4,0,0,0
58180101,15,8,7,14,7,7,0,0,0,1,0,1,0,0,0,1,1,0,18,9,9,12,6,6,0,0,0,0,0,0,2,2,0,4,1,3,0,0,0
58180102,224,132,92,212,126,86,3,0,3,28,20,8,0,0,0,12,6,6,228,90,138,124,48,76,0,0,0,8,0,8,35,13,22,61,29,32,1,1,0
58181001,94,55,39,92,53,39,10,5,5,17,9,8,1,0,1,2,2,0,99,41,58,45,18,27,0,0,0,9,1,8,22,12,10,23,10,13,3,3,0
58182801,415,235,180,403,231,172,13,7,6,71,39,32,3,0,3,12,4,8,454,186,268,243,91,152,0,0,0,16,0,16,78,36,42,117,59,58,5,4,1
58183601,81,52,29,79,50,29,1,1,0,9,6,3,0,0,0,2,2,0,79,34,45,54,20,34,3,0,3,1,0,1,7,4,3,14,10,4,0,0,0
58184401,34,21,13,33,20,13,2,1,1,3,2,1,1,0,1,1,1,0,29,12,17,10,4,6,0,0,0,2,0,2,10,5,5,7,3,4,0,0,0
58185201,87,50,37,82,46,36,3,1,2,9,4,5,1,0,1,5,4,1,108,47,61,43,19,24,0,0,0,9,0,9,19,8,11,37,20,17,0,0,0
58186101,147,83,64,140,79,61,2,1,1,15,4,11,0,0,0,7,4,3,130,53,77,62,23,39,0,0,0,6,0,6,23,14,9,39,16,23,3,2,1
58187901,28,17,11,27,16,11,1,0,1,2,2,0,0,0,0,1,1,0,32,11,21,17,7,10,0,0,0,0,0,0,4,0,4,11,4,7,1,1,0
58187902,972,501,471,941,491,450,26,10,16,117,44,73,8,0,8,31,10,21,918,408,510,420,168,252,2,1,1,38,0,38,136,69,67,322,170,152,13,12,1
58187903,127,67,60,124,66,58,4,0,4,20,7,13,2,0,2,3,1,2,115,54,61,58,23,35,0,0,0,1,0,1,16,7,9,40,24,16,0,0,0
58187904,160,89,71,153,86,67,3,1,2,14,7,7,2,0,2,7,3,4,128,48,80,46,16,30,0,0,0,6,0,6,28,10,18,48,22,26,0,0,0
58187905,100,59,41,92,53,39,3,2,1,18,9,9,0,0,0,8,6,2,114,45,69,51,21,30,0,0,0,9,0,9,24,9,15,30,15,15,1,0,1
58187906,7,4,3,7,4,3,0,0,0,1,0,1,0,0,0,0,0,0,17,10,7,9,5,4,0,0,0,1,0,1,1,0,1,6,5,1,1,1,0
58188701,93,52,41,85,47,38,4,3,1,10,7,3,0,0,0,8,5,3,82,35,47,43,19,24,0,0,0,2,0,2,17,8,9,20,8,12,0,0,0
58190901,235,124,111,227,122,105,9,7,2,19,8,11,3,0,3,8,2,6,182,77,105,81,32,49,1,1,0,5,0,5,32,18,14,63,26,37,4,0,4
58191701,24,12,12,24,12,12,1,1,0,5,2,3,0,0,0,0,0,0,26,13,13,13,6,7,1,1,0,0,0,0,4,2,2,8,4,4,0,0,0
58191702,23,17,6,23,17,6,1,1,0,4,3,1,0,0,0,0,0,0,25,8,17,19,6,13,0,0,0,0,0,0,1,1,0,5,1,4,1,1,0
58191703,32,18,14,29,18,11,2,0,2,7,5,2,0,0,0,3,0,3,30,13,17,20,7,13,0,0,0,0,0,0,2,1,1,8,5,3,0,0,0
58191704,22,10,12,22,10,12,2,0,2,1,0,1,0,0,0,0,0,0,12,5,7,9,3,6,0,0,0,0,0,0,0,0,0,3,2,1,0,0,0
58191705,37,24,13,34,23,11,4,3,1,1,1,0,0,0,0,3,1,2,34,15,19,27,11,16,0,0,0,0,0,0,3,3,0,4,1,3,0,0,0
58191706,65,34,31,63,33,30,1,0,1,7,3,4,0,0,0,2,1,1,78,35,43,29,11,18,0,0,0,5,1,4,18,10,8,26,13,13,0,0,0
58191707,43,26,17,37,22,15,2,1,1,5,2,3,0,0,0,6,4,2,48,18,30,29,11,18,0,0,0,2,0,2,9,4,5,8,3,5,1,0,1
58191708,19,12,7,18,11,7,1,1,0,3,1,2,0,0,0,1,1,0,10,4,6,7,2,5,0,0,0,0,0,0,1,0,1,2,2,0,0,0,0
58191709,22,14,8,20,13,7,1,1,0,4,3,1,0,0,0,2,1,1,32,13,19,13,5,8,0,0,0,2,0,2,4,2,2,13,6,7,1,0,1
58191710,33,21,12,30,18,12,0,0,0,5,4,1,0,0,0,3,3,0,36,14,22,18,8,10,0,0,0,0,0,0,6,1,5,12,5,7,2,1,1
58191711,196,105,91,187,103,84,11,3,8,24,13,11,1,0,1,9,2,7,204,100,104,67,30,37,0,0,0,7,0,7,43,25,18,87,45,42,2,1,1
58191713,311,159,152,302,155,147,10,5,5,43,15,28,1,0,1,9,4,5,294,142,152,145,66,79,0,0,0,9,1,8,42,23,19,98,52,46,1,0,1
58191714,65,35,30,61,33,28,0,0,0,7,4,3,1,0,1,4,2,2,61,31,30,25,11,14,0,0,0,2,0,2,9,7,2,25,13,12,0,0,0
58191715,106,61,45,106,61,45,7,3,4,20,11,9,0,0,0,0,0,0,83,35,48,36,18,18,0,0,0,5,0,5,14,6,8,28,11,17,1,1,0
58191716,43,26,17,42,25,17,2,2,0,6,6,0,0,0,0,1,1,0,40,18,22,24,10,14,1,1,0,2,0,2,3,1,2,10,6,4,0,0,0
58191717,31,20,11,28,18,10,0,0,0,6,4,2,0,0,0,3,2,1,22,6,16,17,6,11,0,0,0,0,0,0,2,0,2,3,0,3,0,0,0
58191718,17,11,6,16,11,5,0,0,0,3,2,1,0,0,0,1,0,1,12,6,6,7,4,3,0,0,0,1,0,1,1,0,1,3,2,1,0,0,0
58191720,55,33,22,54,33,21,3,3,0,5,4,1,0,0,0,1,0,1,57,24,33,36,15,21,0,0,0,1,0,1,5,4,1,15,5,10,0,0,0
58191721,20,11,9,18,10,8,0,0,0,5,4,1,0,0,0,2,1,1,15,7,8,8,3,5,0,0,0,0,0,0,2,1,1,5,3,2,0,0,0
58191722,51,33,18,48,31,17,3,2,1,1,1,0,0,0,0,3,2,1,51,18,33,34,13,21,0,0,0,2,0,2,6,3,3,9,2,7,0,0,0
58191723,421,224,197,397,210,187,20,8,12,66,29,37,2,0,2,24,14,10,469,221,248,279,131,148,2,0,2,17,0,17,51,24,27,120,66,54,3,2,1
58191724,87,51,36,83,48,35,6,5,1,11,6,5,0,0,0,4,3,1,91,47,44,46,27,19,0,0,0,7,0,7,18,11,7,20,9,11,2,0,2
58191725,122,70,52,121,69,52,4,2,2,20,12,8,2,0,2,1,1,0,129,63,66,73,34,39,0,0,0,4,0,4,21,15,6,31,14,17,0,0,0
58191726,19,15,4,17,14,3,0,0,0,4,3,1,0,0,0,2,1,1,11,5,6,5,2,3,0,0,0,1,0,1,2,2,0,3,1,2,2,2,0
58191727,936,494,442,892,471,421,40,17,23,110,41,69,9,0,9,44,23,21,964,385,579,523,182,341,1,0,1,45,0,45,152,70,82,243,133,110,8,4,4
58191729,56,35,21,52,32,20,2,1,1,9,6,3,0,0,0,4,3,1,37,15,22,15,6,9,0,0,0,2,0,2,6,2,4,14,7,7,0,0,0
58191730,12,6,6,10,5,5,0,0,0,2,1,1,0,0,0,2,1,1,11,6,5,2,0,2,0,0,0,1,0,1,3,3,0,5,3,2,0,0,0
58191732,199,118,81,194,114,80,4,2,2,22,13,9,2,0,2,5,4,1,177,73,104,87,30,57,2,1,1,7,1,6,31,18,13,50,23,27,3,1,2
58191733,233,138,95,211,123,88,6,1,5,34,16,18,1,0,1,22,15,7,197,83,114,91,33,58,1,1,0,9,0,9,31,16,15,65,33,32,21,15,6
58192501,225,133,92,211,125,86,5,4,1,21,14,7,0,0,0,14,8,6,194,80,114,87,34,53,1,1,0,11,0,11,31,13,18,64,32,32,2,1,1
58193301,71,45,26,69,44,25,0,0,0,6,3,3,0,0,0,2,1,1,57,22,35,30,10,20,0,0,0,1,0,1,9,4,5,17,8,9,0,0,0
58194101,18,12,6,18,12,6,0,0,0,1,1,0,0,0,0,0,0,0,24,11,13,8,3,5,0,0,0,3,0,3,6,3,3,7,5,2,0,0,0
58195001,546,309,237,529,300,229,20,5,15,70,43,27,3,0,3,17,9,8,542,227,315,256,95,161,1,1,0,34,0,34,97,52,45,154,79,75,6,6,0
58195002,27,15,12,25,13,12,1,1,0,1,0,1,1,0,1,2,2,0,24,14,10,7,4,3,0,0,0,1,0,1,5,4,1,11,6,5,0,0,0
58196801,778,425,353,756,414,342,35,13,22,81,45,36,8,0,8,22,11,11,677,290,387,294,123,171,2,1,1,38,0,38,143,74,69,200,92,108,6,3,3
58199201,54,30,24,54,30,24,1,0,1,6,3,3,0,0,0,0,0,0,41,16,25,19,6,13,0,0,0,2,0,2,5,1,4,15,9,6,1,1,0
58201801,956,530,426,918,511,407,33,17,16,116,59,57,10,0,10,38,19,19,882,375,507,419,170,249,1,1,0,39,0,39,146,64,82,277,140,137,15,7,8
58202601,25,17,8,25,17,8,0,0,0,2,2,0,0,0,0,0,0,0,20,6,14,13,5,8,0,0,0,1,0,1,2,1,1,4,0,4,0,0,0
58203401,89,49,40,86,49,37,2,0,2,13,9,4,0,0,0,3,0,3,72,37,35,31,13,18,1,1,0,4,1,3,19,13,6,17,9,8,0,0,0
58204201,49,27,22,46,26,20,1,0,1,2,1,1,0,0,0,3,1,2,43,16,27,19,6,13,0,0,0,2,1,1,11,5,6,11,4,7,2,0,2
58204202,47,25,22,46,24,22,0,0,0,8,4,4,1,0,1,1,1,0,45,21,24,29,14,15,0,0,0,2,0,2,8,4,4,6,3,3,0,0,0
58206901,96,61,35,93,60,33,2,2,0,12,11,1,0,0,0,3,1,2,76,29,47,33,7,26,0,0,0,3,0,3,7,4,3,33,18,15,1,1,0
58207701,89,53,36,86,51,35,1,1,0,20,11,9,0,0,0,3,2,1,80,28,52,45,13,32,0,0,0,3,0,3,9,3,6,23,12,11,1,1,0
58208501,229,133,96,220,128,92,7,3,4,31,17,14,3,0,3,9,5,4,216,97,119,111,47,64,1,1,0,11,0,11,36,18,18,57,31,26,3,3,0
58210701,104,58,46,100,57,43,4,1,3,11,2,9,1,0,1,4,1,3,111,43,68,43,15,28,0,0,0,8,0,8,20,11,9,40,17,23,1,0,1
58211501,24,15,9,23,14,9,1,0,1,4,4,0,0,0,0,1,1,0,21,11,10,7,3,4,0,0,0,2,0,2,3,1,2,9,7,2,0,0,0
58211502,156,84,72,152,80,72,5,2,3,17,7,10,2,0,2,4,4,0,136,58,78,58,26,32,0,0,0,10,0,10,32,14,18,36,18,18,1,1,0
58213101,307,181,126,295,173,122,7,3,4,38,22,16,2,0,2,12,8,4,273,113,160,118,48,70,0,0,0,10,0,10,39,19,20,106,46,60,0,0,0
58215801,786,427,359,761,416,345,37,12,25,107,53,54,4,0,4,25,11,14,816,370,446,414,169,245,2,1,1,32,0,32,104,64,40,264,136,128,7,2,5
58216601,526,302,224,514,296,218,20,11,9,72,43,29,4,0,4,12,6,6,518,236,282,216,92,124,2,0,2,26,0,26,94,50,44,180,94,86,6,3,3
58218201,562,313,249,539,298,241,22,7,15,83,41,42,3,0,3,23,15,8,517,223,294,263,105,158,0,0,0,22,0,22,77,33,44,155,85,70,3,2,1
58219101,111,62,49,110,61,49,8,3,5,14,6,8,1,0,1,1,1,0,77,39,38,30,16,14,0,0,0,3,1,2,12,5,7,32,17,15,1,1,0
58219102,36,19,17,36,19,17,2,2,0,4,3,1,1,0,1,0,0,0,29,15,14,8,3,5,0,0,0,1,0,1,6,5,1,14,7,7,1,0,1
58220401,72,36,36,72,36,36,5,1,4,13,7,6,1,0,1,0,0,0,55,26,29,29,13,16,0,0,0,3,0,3,9,3,6,14,10,4,1,1,0
58221201,333,187,146,315,178,137,19,5,14,41,20,21,2,0,2,18,9,9,295,129,166,120,53,67,0,0,0,23,0,23,67,34,33,85,42,43,5,3,2
58222101,129,81,48,128,81,47,3,1,2,13,7,6,0,0,0,1,0,1,127,63,64,65,27,38,0,0,0,9,0,9,22,17,5,31,19,12,1,1,0
58223901,104,60,44,101,58,43,1,0,1,13,6,7,0,0,0,3,2,1,105,44,61,49,21,28,0,0,0,8,0,8,17,9,8,31,14,17,1,1,0
58223902,53,27,26,53,27,26,4,0,4,10,5,5,0,0,0,0,0,0,35,15,20,17,7,10,0,0,0,2,0,2,3,2,1,13,6,7,0,0,0
58223903,455,236,219,441,231,210,14,5,9,46,29,17,5,0,5,14,5,9,500,212,288,237,100,137,0,0,0,22,0,22,89,41,48,152,71,81,3,3,0
58223904,1230,675,555,1195,658,537,48,19,29,132,63,69,9,0,9,35,17,18,1102,505,597,556,218,338,3,3,0,47,0,47,161,86,75,335,198,137,17,12,5
58224701,674,383,291,658,372,286,25,7,18,84,50,34,2,0,2,16,11,5,649,281,368,318,128,190,2,0,2,38,1,37,126,58,68,165,94,71,12,7,5
58227101,271,151,120,262,151,111,12,5,7,24,13,11,2,0,2,9,0,9,275,138,137,106,49,57,0,0,0,15,0,15,60,36,24,94,53,41,0,0,0
58228001,67,35,32,64,33,31,4,1,3,7,4,3,0,0,0,3,2,1,64,30,34,41,21,20,0,0,0,2,0,2,3,1,2,18,8,10,0,0,0
58229801,483,267,216,464,256,208,21,12,9,55,31,24,5,0,5,19,11,8,476,213,263,214,94,120,1,0,1,11,0,11,68,27,41,182,92,90,2,1,1
58231001,296,175,121,282,171,111,7,5,2,31,15,16,3,0,3,14,4,10,262,127,135,118,51,67,1,1,0,9,0,9,43,21,22,91,54,37,3,3,0
58231002,35,21,14,34,20,14,0,0,0,7,4,3,0,0,0,1,1,0,31,12,19,20,7,13,0,0,0,1,0,1,3,1,2,7,4,3,0,0,0
58232801,291,172,119,277,163,114,11,5,6,28,18,10,2,0,2,14,9,5,274,104,170,104,36,68,0,0,0,18,0,18,57,20,37,95,48,47,3,1,2
58233601,320,175,145,307,171,136,8,6,2,34,16,18,2,0,2,13,4,9,283,122,161,137,54,83,0,0,0,11,0,11,46,27,19,89,41,48,3,1,2
58234401,17,6,11,17,6,11,0,0,0,3,1,2,0,0,0,0,0,0,18,8,10,8,4,4,0,0,0,1,0,1,2,0,2,7,4,3,0,0,0
58234402,40,23,17,39,23,16,2,2,0,10,5,5,0,0,0,1,0,1,41,15,26,12,4,8,0,0,0,3,0,3,6,4,2,20,7,13,0,0,0
58235201,466,252,214,459,247,212,22,11,11,61,29,32,5,0,5,7,5,2,471,206,265,231,94,137,0,0,0,18,0,18,67,36,31,155,76,79,4,3,1
58239501,228,132,96,222,129,93,10,4,6,19,10,9,5,0,5,6,3,3,240,101,139,118,43,75,0,0,0,7,0,7,35,21,14,80,37,43,4,3,1
58240901,202,106,96,199,105,94,10,5,5,25,9,16,3,0,3,3,1,2,198,96,102,99,41,58,0,0,0,5,0,5,26,12,14,68,43,25,2,0,2
58240902,16,8,8,15,8,7,0,0,0,3,2,1,0,0,0,1,0,1,22,8,14,12,6,6,0,0,0,1,0,1,5,1,4,4,1,3,0,0,0
58241701,79,42,37,73,40,33,0,0,0,9,6,3,1,0,1,6,2,4,98,43,55,48,20,28,0,0,0,6,1,5,20,11,9,24,11,13,1,1,0
58241702,58,30,28,56,28,28,2,1,1,7,3,4,0,0,0,2,2,0,55,23,32,16,7,9,0,0,0,2,0,2,7,5,2,30,11,19,0,0,0
58243301,216,119,97,211,117,94,9,4,5,21,14,7,4,0,4,5,2,3,192,90,102,72,31,41,0,0,0,8,0,8,35,20,15,77,39,38,1,0,1
58244101,55,27,28,53,26,27,1,1,0,6,4,2,0,0,0,2,1,1,47,22,25,23,9,14,0,0,0,2,0,2,7,2,5,15,11,4,0,0,0
58244102,847,466,381,805,441,364,26,10,16,98,49,49,3,0,3,42,25,17,796,317,479,364,142,222,1,0,1,41,0,41,134,52,82,256,123,133,12,7,5
58246801,358,197,161,339,188,151,10,4,6,42,18,24,2,0,2,19,9,10,492,164,328,321,95,226,0,0,0,20,0,20,53,27,26,98,42,56,6,2,4
58247601,117,63,54,115,61,54,9,5,4,10,4,6,0,0,0,2,2,0,90,38,52,36,17,19,0,0,0,3,0,3,12,7,5,39,14,25,0,0,0
58247602,311,162,149,305,160,145,20,9,11,28,8,20,0,0,0,6,2,4,303,136,167,131,56,75,1,1,0,15,0,15,48,27,21,108,52,56,1,1,0
58248401,313,191,122,300,184,116,14,4,10,47,27,20,4,0,4,13,7,6,300,135,165,151,62,89,0,0,0,13,0,13,60,32,28,76,41,35,2,0,2
58248402,19,12,7,18,12,6,0,0,0,5,4,1,0,0,0,1,0,1,17,6,11,8,2,6,0,0,0,1,0,1,3,2,1,5,2,3,0,0,0
58249201,32,17,15,32,17,15,0,0,0,1,1,0,0,0,0,0,0,0,31,10,21,16,6,10,0,0,0,1,0,1,5,2,3,9,2,7,1,1,0
58249202,67,41,26,66,41,25,3,2,1,9,5,4,0,0,0,1,0,1,53,23,30,18,8,10,0,0,0,4,0,4,15,5,10,16,10,6,2,1,1
58250601,40,25,15,38,23,15,1,1,0,6,4,2,0,0,0,2,2,0,31,12,19,14,7,7,0,0,0,2,0,2,4,2,2,11,3,8,0,0,0
58253101,143,79,64,136,75,61,4,2,2,17,8,9,3,0,3,7,4,3,149,53,96,79,28,51,0,0,0,7,1,6,25,11,14,38,13,25,1,1,0
58255701,146,75,71,141,71,70,5,2,3,21,11,10,1,0,1,5,4,1,133,55,78,60,26,34,0,0,0,6,0,6,19,8,11,48,21,27,0,0,0
58257301,169,95,74,161,91,70,6,2,4,13,8,5,1,0,1,8,4,4,260,112,148,145,63,82,1,0,1,15,0,15,34,22,12,65,27,38,3,3,0
58258101,226,130,96,223,127,96,10,3,7,21,14,7,0,0,0,3,3,0,219,99,120,105,44,61,0,0,0,9,0,9,32,19,13,73,36,37,0,0,0
58259001,67,35,32,62,32,30,4,1,3,1,0,1,0,0,0,5,3,2,61,24,37,33,13,20,0,0,0,3,0,3,8,2,6,17,9,8,1,0,1
58259002,199,110,89,189,101,88,3,1,2,21,11,10,4,0,4,10,9,1,204,85,119,99,45,54,1,1,0,6,0,6,36,14,22,62,25,37,5,2,3
58260301,23,14,9,22,13,9,0,0,0,2,2,0,0,0,0,1,1,0,22,9,13,10,4,6,0,0,0,0,0,0,6,2,4,6,3,3,0,0,0
58260302,61,33,28,60,33,27,1,1,0,10,6,4,0,0,0,1,0,1,73,36,37,38,16,22,0,0,0,5,0,5,11,8,3,19,12,7,1,0,1
58260303,198,116,82,192,112,80,8,6,2,25,14,11,1,0,1,6,4,2,186,89,97,97,45,52,0,0,0,8,0,8,28,16,12,53,28,25,6,4,2
58260304,135,77,58,134,76,58,5,2,3,13,4,9,1,0,1,1,1,0,139,48,91,74,21,53,0,0,0,11,0,11,24,11,13,30,16,14,0,0,0
58261101,120,72,48,117,70,47,9,5,4,10,6,4,0,0,0,3,2,1,123,51,72,50,19,31,1,1,0,4,0,4,17,6,11,51,25,26,1,1,0
58262001,22,11,11,21,10,11,0,0,0,3,1,2,0,0,0,1,1,0,38,18,20,23,9,14,0,0,0,1,0,1,3,2,1,11,7,4,0,0,0
58262002,21,13,8,21,13,8,1,1,0,2,1,1,0,0,0,0,0,0,30,12,18,17,9,8,0,0,0,1,0,1,6,0,6,6,3,3,0,0,0
58262003,27,17,10,25,16,9,2,1,1,5,3,2,0,0,0,2,1,1,27,11,16,11,4,7,0,0,0,2,0,2,4,2,2,10,5,5,0,0,0
3131810,0,0,0,0,0,0,0,0,0,0,0,0,0,0,0,0,0,0,0,0,0,0,0,0,0,0,0,0,0,0,0,0,0,0,0,0,0,0,0
3131900,0,0,0,0,0,0,0,0,0,0,0,0,0,0,0,0,0,0,0,0,0,0,0,0,0,0,0,0,0,0,0,0,0,0,0,0,0,0,0
3132030,0,0,0,0,0,0,0,0,0,0,0,0,0,0,0,0,0,0,0,0,0,0,0,0,0,0,0,0,0,0,0,0,0,0,0,0,0,0,0
3132110,0,0,0,0,0,0,0,0,0,0,0,0,0,0,0,0,0,0,0,0,0,0,0,0,0,0,0,0,0,0,0,0,0,0,0,0,0,0,0
58264601,29,17,12,29,17,12,3,2,1,3,2,1,1,0,1,0,0,0,26,12,14,15,7,8,0,0,0,0,0,0,4,0,4,7,5,2,0,0,0
58264602,41,27,14,39,27,12,1,1,0,6,1,5,0,0,0,2,0,2,40,17,23,22,8,14,0,0,0,1,0,1,5,3,2,12,6,6,0,0,0
58264603,24,15,9,21,13,8,0,0,0,3,1,2,1,0,1,3,2,1,16,8,8,7,4,3,0,0,0,1,0,1,3,1,2,5,3,2,0,0,0
58264604,25,15,10,23,14,9,1,0,1,7,5,2,0,0,0,2,1,1,17,5,12,10,2,8,0,0,0,0,0,0,0,0,0,7,3,4,0,0,0
58264605,49,28,21,44,26,18,0,0,0,9,4,5,0,0,0,5,2,3,44,18,26,24,9,15,0,0,0,1,0,1,8,5,3,11,4,7,2,0,2
58264607,47,38,9,41,35,6,0,0,0,3,2,1,0,0,0,6,3,3,18,12,6,7,5,2,0,0,0,0,0,0,3,2,1,8,5,3,17,12,5
58264608,504,259,245,484,251,233,16,6,10,46,18,28,3,0,3,20,8,12,471,206,265,229,93,136,1,0,1,15,0,15,69,27,42,157,86,71,8,3,5
58264611,402,222,180,388,213,175,11,5,6,55,30,25,4,0,4,14,9,5,343,155,188,179,74,105,0,0,0,15,0,15,40,21,19,109,60,49,1,1,0
58264612,560,308,252,547,303,244,13,5,8,70,40,30,8,0,8,13,5,8,774,363,411,460,226,234,1,1,0,27,0,27,89,37,52,197,99,98,6,2,4
1820280,0,0,0,0,0,0,0,0,0,0,0,0,0,0,0,0,0,0,0,0,0,0,0,0,0,0,0,0,0,0,0,0,0,0,0,0,0,0,0
58265401,166,103,63,160,100,60,9,6,3,23,13,10,0,0,0,6,3,3,142,56,86,74,27,47,1,0,1,8,0,8,23,12,11,36,17,19,2,1,1
58266201,145,79,66,138,75,63,9,4,5,18,6,12,0,0,0,7,4,3,116,58,58,56,26,30,0,0,0,4,0,4,21,13,8,35,19,16,1,0,1
58267101,270,146,124,258,141,117,10,3,7,26,11,15,0,0,0,12,5,7,256,113,143,129,49,80,0,0,0,9,1,8,37,25,12,81,38,43,3,0,3
58268901,204,111,93,201,109,92,6,2,4,28,14,14,3,0,3,3,2,1,185,80,105,84,41,43,0,0,0,10,0,10,35,16,19,56,23,33,3,3,0
58270101,95,49,46,91,45,46,6,2,4,11,4,7,0,0,0,4,4,0,94,40,54,60,23,37,0,0,0,5,1,4,11,6,5,18,10,8,0,0,0
58270102,265,152,113,256,149,107,12,6,6,35,17,18,2,0,2,9,3,6,287,131,156,139,64,75,0,0,0,12,0,12,41,22,19,95,45,50,4,2,2
58272701,107,62,45,101,56,45,2,1,1,10,6,4,0,0,0,6,6,0,104,40,64,49,20,29,0,0,0,10,0,10,20,11,9,25,9,16,2,1,1
58274301,202,111,91,199,110,89,7,3,4,26,15,11,4,0,4,3,1,2,177,83,94,91,40,51,0,0,0,9,0,9,34,21,13,43,22,21,3,1,2
58275101,363,195,168,352,188,164,11,1,10,35,15,20,1,0,1,11,7,4,378,166,212,185,82,103,0,0,0,17,0,17,59,31,28,117,53,64,5,4,1
58276001,145,82,63,143,82,61,2,1,1,7,4,3,1,0,1,2,0,2,112,57,55,41,20,21,0,0,0,5,0,5,26,15,11,40,22,18,0,0,0
58277801,34,19,15,32,19,13,0,0,0,5,4,1,1,0,1,2,0,2,46,19,27,19,7,12,0,0,0,3,0,3,12,6,6,12,6,6,1,0,1
58600501,79,46,33,74,43,31,2,1,1,8,2,6,0,0,0,5,3,2,63,25,38,31,9,22,0,0,0,3,0,3,15,9,6,14,7,7,1,0,1
58606401,125,74,51,120,72,48,6,3,3,12,6,6,2,0,2,5,2,3,109,50,59,43,19,24,0,0,0,9,0,9,23,14,9,34,17,17,1,1,0
55108201,495,341,154,461,314,147,18,8,10,25,14,11,2,0,2,34,27,7,605,445,160,97,60,37,2,0,2,12,0,12,394,335,59,100,50,50,6,2,4
55108202,1888,985,903,1804,945,859,97,47,50,291,132,159,10,0,10,84,40,44,1784,744,1040,1010,416,594,4,3,1,83,0,83,277,141,136,410,184,226,24,11,13
55108203,2807,1475,1332,2708,1427,1281,172,86,86,275,135,140,22,0,22,99,48,51,1776,770,1006,731,305,426,10,3,7,113,0,113,379,193,186,543,269,274,21,11,10
55108204,17,13,4,16,12,4,2,1,1,2,0,2,0,0,0,1,1,0,20,8,12,9,3,6,0,0,0,3,0,3,5,3,2,3,2,1,0,0,0
55108205,2237,1154,1083,2154,1116,1038,121,52,69,302,142,160,19,1,18,83,38,45,2291,915,1376,1321,466,855,6,3,3,93,0,93,311,158,153,560,288,272,28,11,17
55108206,109,64,45,103,60,43,13,6,7,16,7,9,1,0,1,6,4,2,103,48,55,46,23,23,0,0,0,9,0,9,18,11,7,30,14,16,1,0,1
3039680,0,0,0,0,0,0,0,0,0,0,0,0,0,0,0,0,0,0,0,0,0,0,0,0,0,0,0,0,0,0,0,0,0,0,0,0,0,0,0
55132501,175,91,84,169,90,79,19,10,9,19,12,7,0,0,0,6,1,5,154,81,73,47,21,26,1,1,0,6,0,6,32,21,11,68,38,30,1,0,1
55132502,1166,621,545,1127,605,522,49,16,33,123,66,57,5,0,5,39,16,23,1099,478,621,491,210,281,1,0,1,58,0,58,193,96,97,356,172,184,7,4,3
0118780,0,0,0,0,0,0,0,0,0,0,0,0,0,0,0,0,0,0,0,0,0,0,0,0,0,0,0,0,0,0,0,0,0,0,0,0,0,0,0
55119801,2094,1088,1006,2015,1051,964,104,47,57,352,163,189,15,0,15,79,37,42,1884,806,1078,1038,396,642,4,2,2,64,0,64,279,149,130,499,259,240,18,13,5
55119802,25,15,10,22,14,8,0,0,0,0,0,0,0,0,0,3,1,2,12,6,6,5,3,2,0,0,0,0,0,0,2,0,2,5,3,2,0,0,0
55119803,491,275,216,481,270,211,34,13,21,18,9,9,8,0,8,10,5,5,362,170,192,36,11,25,2,1,1,32,0,32,161,82,79,131,76,55,4,1,3
55119804,388,209,179,373,203,170,23,13,10,44,21,23,2,0,2,15,6,9,334,156,178,148,68,80,0,0,0,12,1,11,52,27,25,122,60,62,0,0,0
55119805,159,93,66,151,86,65,9,4,5,25,18,7,1,0,1,8,7,1,138,71,67,61,29,32,0,0,0,3,0,3,25,10,15,49,32,17,2,2,0
55119807,663,341,322,638,330,308,36,15,21,89,46,43,11,0,11,25,11,14,576,246,330,265,104,161,0,0,0,36,0,36,115,63,52,160,79,81,14,5,9
55119809,1447,746,701,1390,718,672,82,40,42,214,105,109,13,0,13,57,28,29,1200,469,731,663,206,457,3,1,2,48,1,47,196,101,95,290,160,130,14,8,6
55119810,25,13,12,24,12,12,0,0,0,3,2,1,0,0,0,1,1,0,28,13,15,8,4,4,0,0,0,0,0,0,6,3,3,14,6,8,0,0,0
55119811,844,451,393,806,436,370,51,28,23,102,46,56,3,0,3,38,15,23,806,363,443,437,186,251,3,2,1,17,0,17,108,50,58,241,125,116,3,0,3
55119812,2014,1026,988,1927,980,947,92,46,46,236,107,129,20,1,19,87,46,41,1453,581,872,631,226,405,7,3,4,78,2,76,318,150,168,419,200,219,13,4,9
55119813,68,38,30,65,37,28,3,0,3,7,3,4,1,0,1,3,1,2,46,25,21,15,7,8,0,0,0,3,0,3,18,11,7,10,7,3,2,0,2
55119814,860,434,426,823,417,406,49,21,28,95,50,45,6,0,6,37,17,20,815,325,490,455,162,293,0,0,0,31,1,30,131,72,59,198,90,108,9,6,3
55119816,1154,591,563,1130,584,546,59,19,40,71,33,38,14,0,14,24,7,17,954,405,549,139,47,92,5,1,4,70,1,69,279,142,137,461,214,247,11,3,8
55119817,2972,1513,1459,2835,1445,1390,149,70,79,411,174,237,21,1,20,137,68,69,2597,1049,1548,1409,533,876,4,1,3,130,0,130,425,209,216,629,306,323,45,25,20
55119818,107,59,48,104,57,47,6,4,2,11,4,7,3,0,3,3,2,1,58,24,34,20,10,10,0,0,0,2,0,2,18,8,10,18,6,12,5,2,3
0112910,0,0,0,0,0,0,0,0,0,0,0,0,0,0,0,0,0,0,0,0,0,0,0,0,0,0,0,0,0,0,0,0,0,0,0,0,0,0,0
55106601,1294,673,621,1202,628,574,57,27,30,120,51,69,10,0,10,92,45,47,943,374,569,419,153,266,2,2,0,63,3,60,187,96,91,272,120,152,23,12,11
55106602,230,111,119,204,93,111,2,1,1,7,1,6,0,0,0,26,18,8,197,145,52,139,112,27,0,0,0,4,0,4,37,24,13,17,9,8,16,11,5
55106603,1246,660,586,1181,630,551,76,27,49,112,61,51,8,0,8,65,30,35,868,343,525,407,142,265,3,1,2,38,0,38,157,70,87,263,130,133,15,7,8
55106606,393,221,172,374,214,160,28,8,20,47,26,21,2,0,2,19,7,12,256,108,148,122,50,72,1,0,1,10,0,10,43,21,22,80,37,43,3,2,1
55106607,425,222,203,402,208,194,39,20,19,20,9,11,6,0,6,23,14,9,220,86,134,78,29,49,1,0,1,15,0,15,61,25,36,65,32,33,6,5,1
55106608,1198,617,581,1147,589,558,63,27,36,93,38,55,7,0,7,51,28,23,990,436,554,405,171,234,3,1,2,56,0,56,188,92,96,338,172,166,15,11,4
55106609,26,20,6,25,19,6,1,1,0,3,2,1,0,0,0,1,1,0,9,6,3,3,0,3,0,0,0,0,0,0,2,2,0,4,4,0,1,0,1
3039760,0,0,0,0,0,0,0,0,0,0,0,0,0,0,0,0,0,0,0,0,0,0,0,0,0,0,0,0,0,0,0,0,0,0,0,0,0,0,0
55131701,1904,1031,873,1814,989,825,91,44,47,188,87,101,10,0,10,90,42,48,1561,691,870,723,310,413,5,2,3,83,1,82,265,131,134,485,247,238,25,14,11
55131702,86,64,22,84,64,20,2,0,2,1,1,0,0,0,0,2,0,2,37,20,17,15,9,6,0,0,0,2,0,2,8,5,3,12,6,6,0,0,0
55137601,1043,561,482,1022,549,473,67,29,38,117,68,49,12,0,12,21,12,9,862,371,491,300,126,174,7,4,3,41,0,41,163,69,94,351,172,179,10,1,9
55137602,42,24,18,40,22,18,0,0,0,6,3,3,1,0,1,2,2,0,38,18,20,12,6,6,0,0,0,4,0,4,10,6,4,12,6,6,2,2,0
55140601,635,341,294,622,335,287,44,18,26,75,44,31,3,0,3,13,6,7,454,187,267,202,71,131,1,0,1,15,0,15,74,30,44,162,86,76,1,0,1
0110370,0,0,0,0,0,0,0,0,0,0,0,0,0,0,0,0,0,0,0,0,0,0,0,0,0,0,0,0,0,0,0,0,0,0,0,0,0,0,0
55107401,23,15,8,23,15,8,0,0,0,4,2,2,0,0,0,0,0,0,20,6,14,6,2,4,1,1,0,2,0,2,2,0,2,9,3,6,0,0,0
55107402,432,262,170,415,252,163,24,17,7,22,16,6,10,0,10,17,10,7,291,119,172,95,40,55,1,0,1,23,0,23,90,42,48,82,37,45,12,7,5
55107403,29,22,7,18,14,4,0,0,0,4,3,1,0,0,0,11,8,3,5,4,1,3,2,1,0,0,0,0,0,0,2,2,0,0,0,0,1,0,1
55107404,82,43,39,81,43,38,1,1,0,10,9,1,2,0,2,1,0,1,63,32,31,23,9,14,0,0,0,0,0,0,18,12,6,22,11,11,0,0,0
55107405,119,80,39,106,73,33,6,5,1,6,5,1,0,0,0,13,7,6,72,42,30,10,3,7,1,1,0,3,0,3,5,3,2,53,35,18,8,6,2
55107406,484,256,228,460,242,218,22,10,12,47,21,26,4,0,4,24,14,10,355,148,207,152,65,87,5,3,2,16,0,16,67,33,34,115,47,68,3,2,1
55107407,812,431,381,780,418,362,75,39,36,67,29,38,7,0,7,32,13,19,666,318,348,260,100,160,2,0,2,29,0,29,126,74,52,249,144,105,21,12,9
55107408,247,145,102,228,137,91,9,4,5,16,8,8,0,0,0,19,8,11,138,67,71,47,18,29,0,0,0,12,0,12,37,22,15,42,27,15,5,3,2
55107409,1640,841,799,1521,783,738,74,37,37,138,70,68,11,0,11,119,58,61,1026,438,588,477,184,293,6,4,2,59,2,57,198,96,102,286,152,134,40,20,20
55107410,17,12,5,15,11,4,1,0,1,2,2,0,0,0,0,2,1,1,8,3,5,4,3,1,0,0,0,0,0,0,1,0,1,3,0,3,4,4,0
55107411,220,132,88,211,129,82,12,8,4,15,7,8,3,0,3,9,3,6,142,50,92,53,22,31,3,0,3,11,0,11,35,15,20,40,13,27,2,1,1
55107412,25,17,8,24,16,8,1,0,1,4,2,2,0,0,0,1,1,0,21,5,16,5,1,4,0,0,0,2,0,2,7,3,4,7,1,6,0,0,0
55107413,187,114,73,182,112,70,14,8,6,13,9,4,2,0,2,5,2,3,147,53,94,84,27,57,0,0,0,5,0,5,24,8,16,34,18,16,1,1,0
55107414,331,187,144,309,177,132,14,7,7,38,21,17,5,0,5,22,10,12,269,136,133,113,50,63,2,1,1,12,0,12,63,38,25,79,47,32,2,1,1
55107415,156,83,73,147,81,66,7,4,3,25,14,11,0,0,0,9,2,7,114,54,60,51,27,24,0,0,0,8,0,8,15,6,9,40,21,19,4,0,4
55107416,318,171,147,298,162,136,18,10,8,25,13,12,2,0,2,20,9,11,236,110,126,128,54,74,1,0,1,10,0,10,39,25,14,58,31,27,3,3,0
55107417,182,111,71,169,102,67,11,2,9,16,7,9,0,0,0,13,9,4,118,55,63,54,24,30,0,0,0,6,0,6,25,14,11,33,17,16,0,0,0
55107418,107,68,39,104,68,36,8,5,3,4,2,2,1,0,1,3,0,3,43,21,22,3,0,3,0,0,0,1,0,1,1,0,1,38,21,17,7,6,1
0105700,0,0,0,0,0,0,0,0,0,0,0,0,0,0,0,0,0,0,0,0,0,0,0,0,0,0,0,0,0,0,0,0,0,0,0,0,0,0,0
55117101,44,31,13,41,29,12,1,1,0,3,2,1,0,0,0,3,2,1,19,8,11,6,2,4,0,0,0,1,0,1,5,4,1,7,2,5,12,10,2
55117102,685,356,329,663,347,316,35,14,21,74,37,37,6,0,6,22,9,13,691,292,399,324,114,210,3,2,1,28,1,27,110,60,50,226,115,111,11,4,7
55117103,622,310,312,593,299,294,45,23,22,55,14,41,4,0,4,29,11,18,490,221,269,162,60,102,3,2,1,29,0,29,129,70,59,167,89,78,3,2,1
55117104,890,487,403,857,471,386,56,32,24,124,69,55,6,0,6,33,16,17,847,369,478,429,174,255,1,1,0,34,0,34,135,66,69,248,128,120,4,2,2
55117105,73,41,32,67,38,29,2,1,1,6,3,3,2,0,2,6,3,3,54,23,31,23,7,16,0,0,0,2,0,2,10,3,7,19,13,6,0,0,0
55117106,98,53,45,92,52,40,6,3,3,9,4,5,2,0,2,6,1,5,73,26,47,22,7,15,0,0,0,6,0,6,23,9,14,22,10,12,1,0,1
0119410,0,0,0,0,0,0,0,0,0,0,0,0,0,0,0,0,0,0,0,0,0,0,0,0,0,0,0,0,0,0,0,0,0,0,0,0,0,0,0
0119590,0,0,0,0,0,0,0,0,0,0,0,0,0,0,0,0,0,0,0,0,0,0,0,0,0,0,0,0,0,0,0,0,0,0,0,0,0,0,0
55121002,453,246,207,442,242,200,30,17,13,48,26,22,3,0,3,11,4,7,428,192,236,196,87,109,0,0,0,14,0,14,58,28,30,160,77,83,3,0,3
55121003,39,21,18,39,21,18,1,1,0,6,5,1,0,0,0,0,0,0,27,14,13,16,8,8,0,0,0,0,0,0,2,1,1,9,5,4,2,2,0
55121004,94,46,48,89,45,44,4,2,2,16,9,7,1,0,1,5,1,4,58,28,30,25,14,11,0,0,0,3,0,3,15,8,7,15,6,9,1,0,1
55114701,2884,1531,1353,2740,1460,1280,170,78,92,409,195,214,28,2,26,144,71,73,2673,1086,1587,1441,540,901,4,2,2,124,0,124,423,217,206,681,327,354,22,15,7
55114702,3071,1591,1480,2946,1535,1411,179,82,97,446,218,228,16,0,16,125,56,69,2895,1188,1707,1486,559,927,9,4,5,118,1,117,464,224,240,818,400,418,28,12,16
55114704,268,151,117,256,147,109,14,7,7,46,27,19,0,0,0,12,4,8,236,108,128,112,47,65,3,1,2,11,0,11,32,20,12,78,40,38,1,0,1
55122801,703,358,345,676,343,333,58,28,30,87,42,45,8,0,8,27,15,12,644,284,360,327,124,203,5,3,2,17,1,16,96,51,45,199,105,94,2,0,2
55122803,1983,1060,923,1903,1019,884,133,71,62,278,144,134,17,0,17,80,41,39,1991,817,1174,1052,385,667,4,3,1,71,0,71,308,143,165,556,286,270,16,6,10
55122804,741,396,345,723,387,336,60,28,32,57,27,30,3,0,3,18,9,9,490,197,293,140,52,88,1,1,0,34,0,34,129,58,71,186,86,100,7,4,3
55122805,299,156,143,290,152,138,19,12,7,34,20,14,3,0,3,9,4,5,262,120,142,143,54,89,3,1,2,4,0,4,30,18,12,82,47,35,0,0,0
55122807,50,27,23,44,23,21,3,1,2,9,5,4,1,0,1,6,4,2,26,15,11,7,4,3,0,0,0,1,0,1,6,3,3,12,8,4,0,0,0
55122809,424,229,195,415,226,189,21,16,5,53,29,24,5,0,5,9,3,6,344,143,201,145,56,89,0,0,0,12,0,12,61,26,35,126,61,65,2,0,2
0113800,0,0,0,0,0,0,0,0,0,0,0,0,0,0,0,0,0,0,0,0,0,0,0,0,0,0,0,0,0,0,0,0,0,0,0,0,0,0,0
55100701,853,453,400,821,436,385,152,92,60,88,39,49,3,0,3,32,17,15,663,275,388,303,107,196,3,3,0,24,0,24,97,47,50,236,118,118,20,12,8
55100702,1166,613,553,1124,595,529,110,65,45,124,53,71,8,0,8,42,18,24,907,375,532,510,180,330,1,1,0,29,0,29,120,75,45,247,119,128,10,6,4
55100703,52,38,14,50,37,13,3,1,2,8,6,2,0,0,0,2,1,1,35,18,17,17,6,11,0,0,0,0,0,0,7,5,2,11,7,4,2,1,1
55100704,2568,1403,1165,2473,1362,1111,282,144,138,220,119,101,25,0,25,95,41,54,1740,692,1048,794,281,513,8,4,4,77,1,76,322,145,177,539,261,278,29,15,14
55100705,1929,1053,876,1853,1018,835,147,74,73,206,103,103,12,0,12,76,35,41,1380,574,806,615,231,384,5,2,3,66,0,66,254,123,131,440,218,222,21,12,9
55100706,787,428,359,766,421,345,89,41,48,46,19,27,11,0,11,21,7,14,401,165,236,125,43,82,1,1,0,31,0,31,134,65,69,110,56,54,10,5,5
55100707,2614,1359,1255,2495,1309,1186,210,94,116,276,136,140,25,1,24,119,50,69,1996,785,1211,1124,395,729,2,1,1,73,2,71,290,139,151,507,248,259,35,20,15
55100708,569,302,267,549,291,258,25,13,12,74,41,33,4,0,4,20,11,9,379,165,214,149,60,89,2,2,0,21,0,21,89,38,51,118,65,53,3,1,2
55100709,39,35,4,39,35,4,0,0,0,0,0,0,0,0,0,0,0,0,3,0,3,1,0,1,0,0,0,0,0,0,1,0,1,1,0,1,0,0,0
55100710,498,322,176,487,315,172,231,166,65,16,6,10,4,0,4,11,7,4,464,274,190,76,25,51,1,1,0,8,0,8,27,15,12,352,233,119,18,13,5
55100711,1138,620,518,1069,587,482,134,65,69,77,42,35,6,0,6,69,33,36,772,316,456,282,106,176,2,0,2,51,1,50,180,92,88,257,117,140,18,7,11
55100713,2139,1133,1006,2070,1101,969,235,125,110,222,113,109,23,0,23,69,32,37,1603,632,971,718,251,467,9,5,4,76,1,75,322,154,168,478,221,257,20,12,8
55100714,288,155,133,267,145,122,26,14,12,26,8,18,2,0,2,21,10,11,147,63,84,57,23,34,0,0,0,10,1,9,34,17,17,46,22,24,3,1,2
55100715,942,514,428,895,491,404,104,52,52,91,44,47,4,0,4,47,23,24,704,296,408,267,110,157,1,0,1,49,0,49,182,87,95,205,99,106,10,4,6
55100716,587,315,272,555,309,246,58,23,35,23,15,8,3,0,3,32,6,26,369,168,201,133,64,69,1,1,0,30,0,30,82,41,41,123,62,61,5,2,3
55100717,19,10,9,19,10,9,1,0,1,2,1,1,1,0,1,0,0,0,11,6,5,4,2,2,0,0,0,1,0,1,4,3,1,2,1,1,0,0,0
55100718,29,15,14,27,14,13,4,1,3,3,2,1,0,0,0,2,1,1,18,10,8,6,4,2,0,0,0,0,0,0,3,0,3,9,6,3,0,0,0
55100719,811,463,348,796,457,339,55,26,29,24,10,14,14,0,14,15,6,9,521,211,310,40,16,24,7,2,5,70,0,70,243,116,127,161,77,84,7,0,7
55100720,69,38,31,67,36,31,4,2,2,4,2,2,1,0,1,2,2,0,371,98,273,325,81,244,0,0,0,8,0,8,27,9,18,11,8,3,2,1,1
55100721,250,137,113,241,133,108,37,20,17,11,6,5,3,0,3,9,4,5,107,52,55,15,7,8,0,0,0,5,0,5,20,12,8,67,33,34,4,0,4
0124750,0,0,0,0,0,0,0,0,0,0,0,0,0,0,0,0,0,0,0,0,0,0,0,0,0,0,0,0,0,0,0,0,0,0,0,0,0,0,0
55128701,79,44,35,75,41,34,1,1,0,11,6,5,1,0,1,4,3,1,76,31,45,33,13,20,0,0,0,1,0,1,9,7,2,33,11,22,0,0,0
55128702,958,518,440,929,498,431,42,20,22,121,66,55,6,0,6,29,20,9,902,383,519,456,177,279,1,1,0,39,1,38,134,64,70,272,140,132,4,2,2
55128703,1232,656,576,1190,641,549,58,28,30,137,76,61,8,0,8,42,15,27,1119,480,639,534,207,327,1,0,1,42,0,42,167,76,91,375,197,178,7,3,4
55128704,361,203,158,347,196,151,16,8,8,40,23,17,2,0,2,14,7,7,315,136,179,132,55,77,0,0,0,15,0,15,70,33,37,98,48,50,2,1,1
55128706,3138,1646,1492,2997,1579,1418,125,60,65,422,207,215,27,2,25,141,67,74,2493,1117,1376,1097,457,640,5,3,2,128,2,126,505,249,256,758,406,352,34,16,18
55128707,45,18,27,45,18,27,2,1,1,4,1,3,0,0,0,0,0,0,42,16,26,24,8,16,0,0,0,1,0,1,6,3,3,11,5,6,0,0,0
55128708,771,398,373,751,387,364,31,13,18,55,26,29,8,0,8,20,11,9,573,245,328,131,50,81,3,3,0,34,0,34,133,61,72,272,131,141,9,3,6
55128709,53,25,28,53,25,28,4,2,2,5,2,3,0,0,0,0,0,0,38,19,19,7,5,2,0,0,0,2,1,1,10,3,7,19,10,9,0,0,0
55128710,5748,3031,2717,5470,2902,2568,218,95,123,741,354,387,49,1,48,278,129,149,4747,2018,2729,2128,834,1294,11,3,8,278,1,277,959,497,462,1371,683,688,61,29,32
55128711,335,202,133,313,189,124,1,0,1,16,10,6,0,0,0,22,13,9,52,23,29,27,14,13,1,1,0,0,0,0,14,3,11,10,5,5,16,11,5
55128712,511,282,229,490,273,217,19,8,11,46,23,23,4,0,4,21,9,12,429,180,249,198,76,122,1,0,1,15,0,15,71,28,43,144,76,68,4,2,2
55128714,1221,648,573,1174,630,544,66,32,34,161,92,69,8,0,8,47,18,29,868,384,484,332,129,203,2,2,0,47,0,47,173,73,100,314,180,134,23,9,14
0125720,0,0,0,0,0,0,0,0,0,0,0,0,0,0,0,0,0,0,0,0,0,0,0,0,0,0,0,0,0,0,0,0,0,0,0,0,0,0,0
55125201,529,297,232,510,283,227,30,17,13,42,25,17,10,0,10,19,14,5,378,165,213,127,40,87,0,0,0,16,0,16,88,44,44,147,81,66,1,1,0
55125202,64,38,26,31,16,15,0,0,0,2,0,2,0,0,0,33,22,11,72,32,40,6,1,5,0,0,0,8,0,8,33,17,16,25,14,11,5,1,4
55125203,441,228,213,422,222,200,23,12,11,57,25,32,2,0,2,19,6,13,321,136,185,163,68,95,3,3,0,14,0,14,58,28,30,83,37,46,3,0,3
55125204,134,81,53,120,76,44,3,3,0,24,12,12,0,0,0,14,5,9,90,44,46,44,21,23,0,0,0,3,0,3,24,11,13,19,12,7,1,0,1
55125205,83,47,36,78,45,33,4,2,2,7,5,2,0,0,0,5,2,3,93,39,54,42,18,24,1,0,1,8,0,8,17,12,5,25,9,16,0,0,0
55125206,621,334,287,591,322,269,19,7,12,52,29,23,6,0,6,30,12,18,519,223,296,255,95,160,0,0,0,23,0,23,76,40,36,165,88,77,7,2,5
55125207,935,493,442,892,480,412,40,21,19,73,33,40,10,3,7,43,13,30,827,369,458,325,126,199,4,1,3,36,1,35,164,84,80,298,157,141,6,3,3
55125208,134,74,60,130,72,58,7,3,4,24,11,13,2,0,2,4,2,2,103,45,58,50,22,28,1,0,1,4,0,4,21,12,9,27,11,16,0,0,0
55125209,44,25,19,43,24,19,1,0,1,2,1,1,1,0,1,1,1,0,37,15,22,10,7,3,2,1,1,4,0,4,13,2,11,8,5,3,0,0,0
55125210,543,285,258,514,270,244,37,21,16,56,29,27,3,0,3,29,15,14,381,159,222,138,50,88,5,2,3,23,0,23,75,37,38,140,70,70,4,4,0
55123602,1786,936,850,1736,917,819,110,59,51,113,55,58,18,0,18,50,19,31,1274,568,706,225,83,142,8,3,5,85,0,85,348,163,185,608,319,289,17,10,7
55123603,435,229,206,421,223,198,29,18,11,44,23,21,4,0,4,14,6,8,400,169,231,159,57,102,1,1,0,13,0,13,75,42,33,152,69,83,4,1,3
55123604,35,24,11,34,24,10,1,1,0,3,0,3,0,0,0,1,0,1,24,11,13,10,6,4,0,0,0,0,0,0,3,0,3,11,5,6,4,4,0
55123605,1150,610,540,1111,588,523,69,37,32,169,90,79,12,0,12,39,22,17,964,378,586,501,180,321,2,2,0,43,0,43,158,84,74,260,112,148,10,4,6
3308170,0,0,0,0,0,0,0,0,0,0,0,0,0,0,0,0,0,0,0,0,0,0,0,0,0,0,0,0,0,0,0,0,0,0,0,0,0,0,0
55111201,589,326,263,562,311,251,45,24,21,68,37,31,7,1,6,27,15,12,445,199,246,214,94,120,0,0,0,16,0,16,79,43,36,136,62,74,3,2,1
55111202,3929,1975,1954,3727,1882,1845,226,110,116,348,161,187,28,0,28,202,93,109,2386,1054,1332,791,307,484,9,5,4,135,1,134,515,235,280,936,506,430,29,15,14
55111203,1608,809,799,1531,773,758,70,26,44,213,95,118,12,0,12,77,36,41,1273,533,740,687,273,414,2,2,0,44,0,44,189,82,107,351,176,175,22,12,10
55142201,325,181,144,313,175,138,20,9,11,35,16,19,3,0,3,12,6,6,282,126,156,119,47,72,2,1,1,13,0,13,49,29,20,99,49,50,0,0,0
55124401,1876,957,919,1805,927,878,119,51,68,192,101,91,13,0,13,71,30,41,1656,632,1024,910,290,620,7,4,3,68,0,68,236,118,118,435,220,215,22,16,6
55124402,24,14,10,23,14,9,0,0,0,2,1,1,0,0,0,1,0,1,26,10,16,11,4,7,0,0,0,2,0,2,9,6,3,4,0,4,0,0,0
55124403,25,13,12,25,13,12,4,1,3,3,2,1,0,0,0,0,0,0,28,12,16,19,6,13,0,0,0,0,0,0,2,1,1,7,5,2,0,0,0
55124405,1344,714,630,1282,685,597,84,40,44,147,75,72,10,0,10,62,29,33,1069,422,647,529,188,341,4,2,2,48,0,48,186,95,91,302,137,165,26,10,16
55124406,1662,899,763,1609,874,735,119,56,63,195,105,90,15,0,15,53,25,28,1386,568,818,725,255,470,11,6,5,53,1,52,214,108,106,383,198,185,14,5,9
55124407,890,481,409,849,462,387,50,27,23,124,66,58,6,0,6,41,19,22,785,348,437,445,176,269,5,4,1,15,0,15,105,52,53,215,116,99,7,3,4
55124408,852,463,389,803,438,365,60,36,24,102,59,43,15,0,15,49,25,24,666,264,402,376,132,244,1,1,0,29,1,28,103,53,50,157,77,80,14,10,4
55124409,333,180,153,321,174,147,17,10,7,41,18,23,5,0,5,12,6,6,279,132,147,101,43,58,1,0,1,8,0,8,66,32,34,103,57,46,1,0,1
55124411,244,137,107,237,133,104,11,8,3,35,21,14,2,0,2,7,4,3,232,99,133,93,38,55,1,1,0,13,0,13,35,18,17,90,42,48,2,1,1
55124412,354,184,170,342,181,161,23,9,14,56,32,24,2,0,2,12,3,9,443,182,261,272,104,168,1,0,1,12,1,11,53,25,28,105,52,53,2,1,1
55124413,440,236,204,430,232,198,27,14,13,61,30,31,2,0,2,10,4,6,424,196,228,197,89,108,2,2,0,20,0,20,68,35,33,137,70,67,1,1,0
3132890,0,0,0,0,0,0,0,0,0,0,0,0,0,0,0,0,0,0,0,0,0,0,0,0,0,0,0,0,0,0,0,0,0,0,0,0,0,0,0
55103101,1112,597,515,1076,576,500,85,36,49,113,54,59,10,0,10,36,21,15,853,361,492,354,132,222,2,2,0,47,0,47,180,96,84,270,131,139,13,4,9
55103102,1256,685,571,1136,630,506,84,42,42,108,45,63,8,0,8,120,55,65,802,342,460,299,111,188,4,1,3,51,1,50,223,110,113,225,119,106,22,12,10
55103103,283,162,121,264,155,109,10,5,5,13,6,7,6,0,6,19,7,12,237,118,119,80,37,43,2,0,2,14,0,14,62,38,24,79,43,36,4,0,4
55103104,1374,794,580,1271,749,522,181,94,87,113,55,58,10,0,10,103,45,58,931,396,535,288,116,172,1,1,0,58,2,56,198,96,102,386,181,205,28,18,10
55103105,3195,1659,1536,3043,1593,1450,187,80,107,308,150,158,24,1,23,152,66,86,2933,1149,1784,1647,572,1075,6,3,3,120,0,120,464,231,233,696,343,353,68,39,29
55103106,1840,960,880,1763,920,843,99,52,47,200,102,98,11,0,11,77,40,37,1626,673,953,702,231,471,5,4,1,70,1,69,279,141,138,570,296,274,37,23,14
55103107,269,139,130,253,131,122,17,6,11,20,10,10,3,0,3,16,8,8,228,102,126,95,31,64,0,0,0,7,0,7,37,19,18,89,52,37,0,0,0
55103108,2113,1086,1027,2033,1057,976,134,73,61,226,111,115,17,0,17,80,29,51,1958,739,1219,1085,355,730,3,1,2,87,0,87,305,149,156,478,234,244,35,18,17
55103109,829,429,400,800,414,386,57,31,26,98,41,57,2,0,2,29,15,14,838,351,487,487,183,304,1,1,0,32,0,32,120,58,62,198,109,89,12,6,6
55103110,1344,685,659,1306,673,633,88,45,43,187,99,88,8,0,8,38,12,26,1137,521,616,428,177,251,8,6,2,45,1,44,205,110,95,451,227,224,13,4,9
55103111,1157,595,562,1096,566,530,72,32,40,121,66,55,10,0,10,61,29,32,1066,402,664,632,209,423,4,3,1,48,0,48,152,75,77,230,115,115,18,9,9
55103112,1285,678,607,1249,661,588,99,34,65,147,76,71,8,1,7,36,17,19,905,364,541,422,146,276,7,3,4,39,0,39,159,73,86,278,142,136,11,8,3
55103113,1821,962,859,1742,919,823,131,62,69,195,86,109,13,0,13,79,43,36,1383,552,831,709,250,459,4,3,1,72,2,70,262,136,126,336,161,175,16,10,6
55103114,2647,1361,1286,2531,1309,1222,218,108,110,240,110,130,27,0,27,116,52,64,1759,739,1020,755,271,484,10,8,2,99,0,99,349,186,163,546,274,272,31,19,12
55103115,1505,795,710,1433,760,673,139,71,68,149,64,85,7,0,7,72,35,37,889,327,562,366,123,243,7,3,4,59,0,59,185,74,111,272,127,145,27,14,13
55103116,641,340,301,610,322,288,46,28,18,69,32,37,4,0,4,31,18,13,528,214,314,256,97,159,4,2,2,23,0,23,97,41,56,148,74,74,3,1,2
55103117,1143,617,526,1100,607,493,100,54,46,105,48,57,14,0,14,43,10,33,847,360,487,358,133,225,8,2,6,39,1,38,180,85,95,262,139,123,16,10,6
55103118,10,9,1,10,9,1,7,6,1,0,0,0,0,0,0,0,0,0,39,39,0,1,1,0,0,0,0,0,0,0,0,0,0,38,38,0,0,0,0
55103119,236,134,102,193,114,79,38,18,20,18,8,10,0,0,0,43,20,23,182,88,94,46,22,24,0,0,0,8,0,8,47,24,23,81,42,39,16,11,5
55103120,1667,883,784,1475,784,691,133,57,76,132,67,65,10,0,10,192,99,93,1019,423,596,362,129,233,7,3,4,57,0,57,262,117,145,331,174,157,48,23,25
55103121,990,579,411,802,475,327,68,40,28,62,30,32,7,0,7,188,104,84,613,278,335,179,76,103,0,0,0,37,1,36,181,90,91,216,111,105,42,27,15
55103122,261,131,130,233,118,115,12,7,5,25,10,15,3,0,3,28,13,15,163,75,88,53,20,33,1,1,0,9,0,9,47,24,23,53,30,23,8,2,6
55129502,939,504,435,890,474,416,33,17,16,115,56,59,9,0,9,49,30,19,868,345,523,469,182,287,1,0,1,30,0,30,141,58,83,227,105,122,24,12,12
55129503,111,59,52,107,58,49,8,3,5,9,3,6,0,0,0,4,1,3,114,58,56,55,26,29,2,0,2,4,0,4,13,8,5,40,24,16,2,0,2
55129504,1398,775,623,1353,755,598,75,41,34,113,57,56,13,0,13,45,20,25,981,409,572,337,130,207,7,2,5,53,1,52,220,99,121,364,177,187,48,33,15
55129505,21,12,9,18,12,6,0,0,0,2,0,2,0,0,0,3,0,3,33,15,18,11,6,5,0,0,0,4,0,4,10,4,6,8,5,3,0,0,0
55129506,307,175,132,300,171,129,9,5,4,14,8,6,4,0,4,7,4,3,210,90,120,83,29,54,0,0,0,7,0,7,31,18,13,89,43,46,3,1,2
55129507,1852,970,882,1759,932,827,70,31,39,262,134,128,12,0,12,93,38,55,1539,637,902,770,291,479,3,1,2,69,0,69,274,125,149,423,220,203,40,25,15
55129508,328,177,151,317,171,146,12,3,9,12,7,5,4,0,4,11,6,5,155,66,89,40,16,24,1,1,0,8,0,8,43,20,23,63,29,34,16,11,5
55129509,577,316,261,561,311,250,21,9,12,17,6,11,10,0,10,16,5,11,281,114,167,23,7,16,1,0,1,33,1,32,122,54,68,102,52,50,25,14,11
55129510,813,465,348,789,456,333,35,15,20,20,8,12,10,0,10,24,9,15,381,133,248,32,14,18,0,0,0,70,0,70,204,91,113,75,28,47,38,25,13
0120500,0,0,0,0,0,0,0,0,0,0,0,0,0,0,0,0,0,0,0,0,0,0,0,0,0,0,0,0,0,0,0,0,0,0,0,0,0,0,0
3308090,0,0,0,0,0,0,0,0,0,0,0,0,0,0,0,0,0,0,0,0,0,0,0,0,0,0,0,0,0,0,0,0,0,0,0,0,0,0,0
55109101,724,394,330,698,383,315,37,20,17,75,34,41,2,0,2,26,11,15,651,280,371,316,135,181,3,2,1,27,0,27,95,47,48,210,96,114,7,3,4
55109102,688,360,328,665,350,315,38,18,20,37,13,24,9,0,9,23,10,13,440,186,254,133,54,79,4,2,2,34,0,34,141,68,73,128,62,66,16,3,13
55109103,1531,789,742,1456,756,700,75,33,42,201,103,98,12,0,12,75,33,42,1460,612,848,811,307,504,0,0,0,54,0,54,224,120,104,371,185,186,25,10,15
55109105,3606,1838,1768,3434,1757,1677,159,72,87,519,233,286,34,0,34,172,81,91,3589,1434,2155,2065,743,1322,5,4,1,146,0,146,548,294,254,825,393,432,45,26,19
0101890,0,0,0,0,0,0,0,0,0,0,0,0,0,0,0,0,0,0,0,0,0,0,0,0,0,0,0,0,0,0,0,0,0,0,0,0,0,0,0
0102430,0,0,0,0,0,0,0,0,0,0,0,0,0,0,0,0,0,0,0,0,0,0,0,0,0,0,0,0,0,0,0,0,0,0,0,0,0,0,0
0106850,0,0,0,0,0,0,0,0,0,0,0,0,0,0,0,0,0,0,0,0,0,0,0,0,0,0,0,0,0,0,0,0,0,0,0,0,0,0,0
55097301,765,425,340,713,400,313,94,47,47,63,28,35,4,0,4,52,25,27,475,206,269,128,50,78,3,1,2,21,0,21,92,43,49,231,112,119,26,19,7
55097302,872,496,376,820,470,350,110,46,64,67,41,26,3,0,3,52,26,26,471,211,260,176,77,99,6,3,3,20,2,18,93,38,55,176,91,85,68,41,27
55097303,1211,647,564,1086,587,499,132,63,69,102,63,39,5,0,5,125,60,65,746,332,414,277,114,163,6,2,4,21,1,20,138,66,72,304,149,155,33,21,12
55097304,411,224,187,386,208,178,29,13,16,35,14,21,7,0,7,25,16,9,217,87,130,96,30,66,1,0,1,10,0,10,47,26,21,63,31,32,5,3,2
55097305,1907,1029,878,1792,977,815,160,74,86,147,64,83,16,1,15,115,52,63,1223,456,767,504,159,345,5,3,2,73,0,73,305,141,164,336,153,183,52,29,23
55097307,1641,871,770,1569,835,734,168,73,95,141,69,72,12,0,12,72,36,36,987,396,591,510,180,330,5,2,3,44,0,44,198,97,101,230,117,113,30,20,10
55097308,4594,3166,1428,3845,2620,1225,210,90,120,299,187,112,19,0,19,749,546,203,2294,1219,1075,841,470,371,18,14,4,81,1,80,777,465,312,577,269,308,1401,1061,340
55097309,972,516,456,923,491,432,87,35,52,71,32,39,4,0,4,49,25,24,680,284,396,285,111,174,3,1,2,46,0,46,157,79,78,189,93,96,14,6,8
55097310,825,446,379,797,430,367,85,43,42,83,41,42,13,1,12,28,16,12,483,228,255,196,70,126,6,5,1,21,1,20,99,60,39,161,92,69,16,12,4
55097311,312,178,134,294,166,128,28,10,18,48,25,23,6,0,6,18,12,6,209,78,131,72,21,51,7,2,5,10,0,10,40,21,19,80,34,46,0,0,0
55097312,24,14,10,20,13,7,1,0,1,2,0,2,0,0,0,4,1,3,14,6,8,2,1,1,0,0,0,1,0,1,3,2,1,8,3,5,1,1,0
55097313,1422,770,652,1366,743,623,103,52,51,132,59,73,11,0,11,56,27,29,962,363,599,498,166,332,10,6,4,54,0,54,200,100,100,200,91,109,25,15,10
55097314,34,28,6,34,28,6,1,0,1,1,1,0,0,0,0,0,0,0,6,4,2,1,1,0,0,0,0,1,0,1,1,0,1,3,3,0,0,0,0
55097315,1955,1080,875,1862,1035,827,141,73,68,177,79,98,11,1,10,93,45,48,1475,575,900,773,285,488,6,2,4,74,0,74,276,123,153,346,165,181,45,23,22
55097316,1169,630,539,1127,611,516,71,38,33,78,37,41,7,0,7,42,19,23,703,315,388,258,105,153,4,1,3,36,0,36,173,81,92,232,128,104,17,10,7
55097317,470,262,208,447,244,203,31,12,19,39,24,15,6,0,6,23,18,5,330,133,197,170,64,106,4,3,1,16,0,16,61,27,34,79,39,40,13,9,4
55097319,88,45,43,83,44,39,13,5,8,4,3,1,1,0,1,5,1,4,26,10,16,1,0,1,0,0,0,2,0,2,16,6,10,7,4,3,1,0,1
55097320,341,193,148,333,190,143,23,11,12,43,26,17,5,0,5,8,3,5,312,113,199,148,46,102,3,0,3,18,0,18,66,39,27,77,28,49,8,5,3
55097321,57,28,29,55,27,28,3,0,3,7,3,4,1,0,1,2,1,1,55,24,31,22,10,12,0,0,0,0,0,0,16,8,8,17,6,11,0,0,0
55097323,255,129,126,247,127,120,21,11,10,37,18,19,4,0,4,8,2,6,189,75,114,100,32,68,0,0,0,3,0,3,28,11,17,58,32,26,6,2,4
55097324,276,152,124,266,144,122,115,61,54,13,8,5,1,0,1,10,8,2,316,136,180,46,24,22,0,0,0,9,0,9,24,10,14,237,102,135,12,8,4
55097325,953,517,436,921,499,422,98,58,40,123,64,59,5,0,5,32,18,14,819,333,486,363,134,229,7,4,3,29,0,29,126,56,70,294,139,155,6,4,2
55097326,650,350,300,632,341,291,53,19,34,92,43,49,4,0,4,18,9,9,501,212,289,214,81,133,4,1,3,19,0,19,99,50,49,165,80,85,10,3,7
55097327,821,439,382,799,429,370,81,45,36,158,83,75,5,0,5,22,10,12,779,326,453,431,159,272,9,7,2,21,0,21,107,52,55,211,108,103,13,7,6
55097328,19,13,6,19,13,6,4,3,1,1,0,1,0,0,0,0,0,0,11,5,6,1,1,0,0,0,0,1,0,1,3,1,2,6,3,3,0,0,0
55097329,2095,1143,952,1996,1093,903,209,89,120,197,99,98,19,0,19,99,50,49,1335,531,804,600,219,381,11,7,4,81,1,80,262,106,156,381,198,183,35,20,15
55097330,3373,1819,1554,3230,1752,1478,337,173,164,324,163,161,31,0,31,143,67,76,2195,890,1305,952,333,619,11,5,6,107,0,107,440,214,226,685,338,347,62,43,19
55097331,1365,756,609,1288,712,576,134,63,71,109,58,51,12,0,12,77,44,33,721,297,424,306,111,195,3,3,0,31,0,31,137,69,68,244,114,130,29,20,9
55097332,2509,1348,1161,2405,1296,1109,264,121,143,218,112,106,16,0,16,104,52,52,1582,653,929,618,224,394,7,4,3,92,2,90,362,176,186,503,247,256,46,22,24
55097333,3205,1714,1491,3074,1650,1424,384,188,196,279,142,137,33,1,32,131,64,67,1813,789,1024,623,227,396,15,8,7,88,3,85,427,235,192,660,316,344,72,40,32
55097334,628,322,306,492,257,235,47,14,33,44,22,22,4,0,4,136,65,71,560,230,330,114,43,71,1,0,1,29,1,28,197,95,102,219,91,128,26,11,15
55097335,870,509,361,752,450,302,56,25,31,28,12,16,4,0,4,118,59,59,447,209,238,122,52,70,4,2,2,22,1,21,146,80,66,153,74,79,34,22,12
55097336,39,18,21,37,17,20,2,1,1,5,2,3,0,0,0,2,1,1,19,10,9,8,4,4,0,0,0,0,0,0,1,0,1,10,6,4,0,0,0
55097337,585,347,238,448,278,170,28,17,11,22,11,11,0,0,0,137,69,68,391,186,205,87,35,52,3,2,1,25,0,25,142,71,71,134,78,56,35,17,18
55097338,1276,720,556,1148,653,495,129,64,65,78,36,42,9,1,8,128,67,61,761,320,441,240,102,138,7,5,2,44,0,44,213,101,112,257,112,145,44,21,23
55097339,1469,786,683,1399,757,642,146,69,77,117,47,70,12,0,12,70,29,41,805,349,456,241,103,138,6,2,4,62,0,62,256,118,138,240,126,114,30,14,16
55097340,23,13,10,23,13,10,2,0,2,1,0,1,0,0,0,0,0,0,8,4,4,3,2,1,0,0,0,0,0,0,2,1,1,3,1,2,6,4,2
55097341,851,533,318,765,485,280,73,38,35,49,27,22,3,0,3,86,48,38,391,168,223,155,64,91,21,14,7,23,0,23,103,52,51,89,38,51,33,23,10
55097342,791,476,315,685,411,274,54,25,29,54,26,28,4,0,4,106,65,41,450,188,262,174,73,101,2,1,1,18,1,17,129,62,67,127,51,76,26,18,8
55097343,824,449,375,746,413,333,70,27,43,55,24,31,4,0,4,78,36,42,442,198,244,186,72,114,2,0,2,20,0,20,125,75,50,109,51,58,32,18,14
55097344,207,124,83,172,106,66,12,6,6,13,6,7,1,0,1,35,18,17,165,74,91,52,21,31,0,0,0,6,0,6,57,30,27,50,23,27,23,9,14
0121900,0,0,0,0,0,0,0,0,0,0,0,0,0,0,0,0,0,0,0,0,0,0,0,0,0,0,0,0,0,0,0,0,0,0,0,0,0,0,0
55130901,22,13,9,22,13,9,0,0,0,3,2,1,1,0,1,0,0,0,11,7,4,3,2,1,0,0,0,1,0,1,3,3,0,4,2,2,0,0,0
55130902,1408,759,649,1361,739,622,78,38,40,153,79,74,7,0,7,47,20,27,1216,506,710,586,219,367,1,1,0,53,0,53,191,91,100,385,195,190,14,7,7
55130904,771,409,362,736,396,340,29,17,12,80,43,37,8,0,8,35,13,22,619,277,342,315,131,184,2,1,1,17,0,17,96,45,51,189,100,89,14,8,6
55130905,55,36,19,55,36,19,1,0,1,6,5,1,1,0,1,0,0,0,22,9,13,8,3,5,0,0,0,1,0,1,4,2,2,9,4,5,0,0,0
55130906,182,106,76,170,98,72,8,4,4,15,8,7,2,0,2,12,8,4,197,80,117,122,46,76,0,0,0,9,0,9,28,12,16,38,22,16,1,1,0
55130907,645,342,303,626,330,296,31,13,18,66,31,35,4,0,4,19,12,7,496,215,281,211,87,124,2,0,2,22,0,22,88,43,45,173,85,88,1,1,0
55143101,519,276,243,506,270,236,36,18,18,56,27,29,3,0,3,13,6,7,398,173,225,137,56,81,5,1,4,15,0,15,68,38,30,173,78,95,3,0,3
55127901,6858,3581,3277,6525,3435,3090,322,163,159,881,422,459,48,0,48,333,146,187,5233,2094,3139,2539,911,1628,18,10,8,271,3,268,980,473,507,1425,697,728,81,41,40
55099001,14,10,4,11,9,2,1,1,0,2,2,0,0,0,0,3,1,2,12,6,6,9,5,4,0,0,0,1,0,1,1,1,0,1,0,1,0,0,0
55099002,1049,555,494,998,533,465,92,38,54,105,51,54,7,0,7,51,22,29,892,328,564,528,165,363,3,2,1,28,0,28,103,49,54,230,112,118,17,10,7
55099003,731,394,337,712,384,328,68,33,35,62,31,31,8,0,8,19,10,9,535,204,331,261,87,174,1,1,0,29,0,29,103,46,57,141,70,71,6,3,3
55099004,912,500,412,871,480,391,67,38,29,82,37,45,5,0,5,41,20,21,728,270,458,347,117,230,4,2,2,30,0,30,132,53,79,215,98,117,7,3,4
55099005,1544,852,692,1491,828,663,129,80,49,165,89,76,14,0,14,53,24,29,1359,527,832,782,272,510,2,0,2,47,0,47,209,102,107,319,153,166,16,8,8
55099006,993,524,469,940,497,443,61,36,25,118,63,55,6,0,6,53,27,26,820,305,515,488,158,330,0,0,0,38,0,38,123,60,63,171,87,84,14,8,6
55099007,594,315,279,579,310,269,46,20,26,97,49,48,4,0,4,15,5,10,502,215,287,261,100,161,6,4,2,13,0,13,69,34,35,153,77,76,4,2,2
55099008,1238,669,569,1201,647,554,105,54,51,147,75,72,11,0,11,37,22,15,973,420,553,453,176,277,11,7,4,40,0,40,175,94,81,294,143,151,12,2,10
55099009,1367,723,644,1308,696,612,94,39,55,147,80,67,12,3,9,59,27,32,1107,418,689,560,171,389,3,2,1,70,0,70,211,103,108,263,142,121,15,6,9
55099010,338,187,151,332,183,149,25,14,11,39,20,19,4,0,4,6,4,2,386,168,218,204,80,124,0,0,0,15,0,15,54,31,23,113,57,56,0,0,0
55099011,1155,621,534,1127,604,523,102,55,47,138,73,65,6,0,6,28,17,11,943,384,559,430,156,274,6,3,3,40,0,40,170,91,79,297,134,163,6,2,4
55099012,1055,546,509,1014,523,491,123,59,64,97,54,43,8,0,8,41,23,18,753,327,426,342,134,208,1,0,1,35,0,35,119,61,58,256,132,124,10,5,5
55099013,633,349,284,613,342,271,45,22,23,76,42,34,4,0,4,20,7,13,516,214,302,220,79,141,1,0,1,19,1,18,100,47,53,176,87,89,6,2,4
3132460,0,0,0,0,0,0,0,0,0,0,0,0,0,0,0,0,0,0,0,0,0,0,0,0,0,0,0,0,0,0,0,0,0,0,0,0,0,0,0
3132540,0,0,0,0,0,0,0,0,0,0,0,0,0,0,0,0,0,0,0,0,0,0,0,0,0,0,0,0,0,0,0,0,0,0,0,0,0,0,0
3132620,0,0,0,0,0,0,0,0,0,0,0,0,0,0,0,0,0,0,0,0,0,0,0,0,0,0,0,0,0,0,0,0,0,0,0,0,0,0,0
55136801,1322,708,614,1291,695,596,87,37,50,57,26,31,25,0,25,31,13,18,754,306,448,96,35,61,1,0,1,122,1,121,356,174,182,179,96,83,20,7,13
55136802,2193,1178,1015,2118,1146,972,112,61,51,230,127,103,15,0,15,75,32,43,1919,846,1073,744,296,448,9,2,7,77,1,76,333,166,167,756,381,375,14,5,9
55105801,844,440,404,805,421,384,65,42,23,90,43,47,4,0,4,39,19,20,681,302,379,359,139,220,5,4,1,20,0,20,98,48,50,199,111,88,8,3,5
55105802,721,391,330,697,380,317,41,19,22,65,34,31,4,0,4,24,11,13,762,273,489,462,154,308,0,0,0,30,2,28,95,45,50,175,72,103,4,4,0
55105803,1563,847,716,1513,827,686,87,32,55,132,65,67,17,1,16,50,20,30,1252,532,720,575,219,356,3,0,3,66,0,66,283,147,136,325,166,159,18,8,10
55105804,35,21,14,35,21,14,2,2,0,2,2,0,2,0,2,0,0,0,38,15,23,18,8,10,0,0,0,3,0,3,11,5,6,6,2,4,2,0,2
55105805,1593,875,718,1479,810,669,101,46,55,137,73,64,14,0,14,114,65,49,1181,472,709,582,210,372,4,2,2,53,0,53,213,101,112,329,159,170,13,4,9
55105806,1553,788,765,1468,759,709,72,34,38,143,60,83,11,0,11,85,29,56,1258,490,768,556,189,367,3,2,1,78,0,78,255,122,133,366,177,189,21,12,9
55105807,312,174,138,290,164,126,21,11,10,23,13,10,1,0,1,22,10,12,190,85,105,80,29,51,1,1,0,8,0,8,35,17,18,66,38,28,6,4,2
55105808,1885,1049,836,1783,1001,782,131,67,64,154,78,76,24,0,24,102,48,54,1206,525,681,452,178,274,2,1,1,76,3,73,314,149,165,362,194,168,32,20,12
55105809,32,18,14,16,10,6,0,0,0,4,1,3,0,0,0,16,8,8,22,13,9,12,8,4,1,0,1,0,0,0,3,2,1,6,3,3,1,1,0
55105810,134,80,54,130,78,52,9,4,5,21,13,8,3,0,3,4,2,2,98,41,57,47,19,28,1,1,0,7,0,7,22,12,10,21,9,12,2,0,2
55105811,968,506,462,915,481,434,71,37,34,103,41,62,9,0,9,53,25,28,767,317,450,432,146,286,5,4,1,37,0,37,124,61,63,169,106,63,18,14,4
55105812,1467,843,624,1397,808,589,98,47,51,150,76,74,10,1,9,70,35,35,1083,446,637,486,172,314,2,0,2,64,1,63,221,110,111,310,163,147,20,11,9
55105813,591,315,276,505,276,229,23,7,16,53,18,35,1,0,1,86,39,47,492,211,281,183,67,116,2,0,2,17,0,17,154,73,81,136,71,65,28,15,13
55105814,1022,541,481,951,504,447,75,30,45,81,41,40,4,0,4,71,37,34,603,261,342,255,98,157,2,1,1,31,0,31,127,66,61,188,96,92,47,28,19
50669901,196,104,92,188,101,87,6,3,3,15,7,8,4,0,4,8,3,5,178,87,91,50,24,26,0,0,0,14,0,14,46,29,17,68,34,34,0,0,0
54529501,94,57,37,87,52,35,1,0,1,8,1,7,0,0,0,7,5,2,74,37,37,27,13,14,0,0,0,6,0,6,20,15,5,21,9,12,2,0,2
54973801,199,107,92,188,102,86,9,4,5,14,9,5,2,0,2,11,5,6,216,97,119,86,36,50,0,0,0,10,0,10,42,20,22,78,41,37,4,3,1
54974601,710,399,311,690,391,299,28,11,17,83,40,43,5,0,5,20,8,12,737,292,445,382,140,242,0,0,0,27,0,27,120,47,73,208,105,103,9,6,3
54978901,214,121,93,205,116,89,8,1,7,31,22,9,1,1,0,9,5,4,204,81,123,81,31,50,2,2,0,13,0,13,50,23,27,58,25,33,2,2,0
54989402,30,16,14,27,15,12,0,0,0,6,4,2,0,0,0,3,1,2,40,22,18,22,11,11,0,0,0,2,0,2,7,3,4,9,8,1,0,0,0
54990801,67,39,28,66,38,28,0,0,0,10,7,3,1,0,1,1,1,0,66,29,37,31,12,19,0,0,0,3,0,3,17,12,5,15,5,10,1,1,0
55027201,333,191,142,320,186,134,11,4,7,36,16,20,2,0,2,13,5,8,303,128,175,129,49,80,1,0,1,17,0,17,51,22,29,105,57,48,9,7,2
58132101,78,44,34,77,44,33,6,2,4,6,3,3,1,0,1,1,0,1,59,27,32,34,15,19,0,0,0,2,0,2,7,2,5,16,10,6,0,0,0
58132102,24,15,9,22,14,8,2,1,1,4,2,2,0,0,0,2,1,1,30,11,19,15,5,10,0,0,0,2,0,2,5,4,1,8,2,6,0,0,0
58140201,131,75,56,126,73,53,6,4,2,15,7,8,4,0,4,5,2,3,118,53,65,62,26,36,0,0,0,4,0,4,15,9,6,37,18,19,1,1,0
58142901,277,150,127,270,145,125,15,6,9,19,12,7,3,0,3,7,5,2,293,138,155,99,40,59,0,0,0,15,1,14,64,38,26,115,59,56,0,0,0
58142902,279,150,129,268,144,124,16,7,9,23,11,12,2,0,2,11,6,5,247,97,150,89,31,58,1,1,0,12,0,12,61,29,32,84,36,48,2,0,2
58143701,36,21,15,35,21,14,1,0,1,2,0,2,0,0,0,1,0,1,53,24,29,24,10,14,0,0,0,2,0,2,12,6,6,15,8,7,0,0,0
58157701,55,31,24,54,30,24,3,0,3,5,3,2,2,0,2,1,1,0,38,19,19,19,8,11,0,0,0,1,0,1,8,4,4,10,7,3,0,0,0
58197601,40,22,18,38,21,17,3,1,2,5,3,2,0,0,0,2,1,1,34,18,16,6,0,6,0,0,0,1,0,1,7,5,2,20,13,7,0,0,0
58197602,32,19,13,32,19,13,0,0,0,6,3,3,0,0,0,0,0,0,26,12,14,8,4,4,0,0,0,1,0,1,5,2,3,12,6,6,2,1,1
58197603,25,16,9,23,15,8,0,0,0,7,5,2,0,0,0,2,1,1,23,9,14,9,3,6,0,0,0,3,0,3,5,3,2,6,3,3,0,0,0
58197604,669,376,293,645,364,281,34,21,13,75,37,38,5,0,5,24,12,12,570,232,338,267,106,161,4,2,2,24,0,24,108,54,54,167,70,97,4,2,2
58212301,55,30,25,54,29,25,1,1,0,6,3,3,1,0,1,1,1,0,61,27,34,34,15,19,0,0,0,3,0,3,7,4,3,17,8,9,0,0,0
58217401,64,41,23,62,39,23,0,0,0,6,4,2,2,0,2,2,2,0,66,26,40,34,12,22,0,0,0,7,0,7,19,12,7,6,2,4,0,0,0
58225501,113,71,42,108,68,40,7,4,3,11,7,4,0,0,0,5,3,2,134,58,76,67,30,37,0,0,0,10,0,10,22,13,9,35,15,20,1,1,0
58226301,115,65,50,112,62,50,2,1,1,14,7,7,2,0,2,3,3,0,107,42,65,59,25,34,0,0,0,4,0,4,14,2,12,30,15,15,1,1,0
58237901,53,28,25,52,28,24,3,0,3,3,3,0,1,0,1,1,0,1,48,18,30,21,5,16,0,0,0,1,0,1,13,6,7,13,7,6,2,0,2
58237902,19,11,8,18,11,7,0,0,0,3,2,1,0,0,0,1,0,1,12,5,7,5,1,4,0,0,0,1,0,1,2,2,0,4,2,2,0,0,0
58245002,58,37,21,55,34,21,1,0,1,7,5,2,0,0,0,3,3,0,64,31,33,41,20,21,0,0,0,2,0,2,8,3,5,13,8,5,0,0,0
58256501,125,77,48,123,75,48,6,3,3,16,11,5,0,0,0,2,2,0,95,30,65,43,14,29,0,0,0,6,0,6,12,7,5,34,9,25,1,1,0
58273501,41,22,19,40,21,19,5,3,2,2,2,0,1,0,1,1,1,0,33,15,18,10,6,4,0,0,0,1,0,1,11,4,7,11,5,6,0,0,0
58279401,699,380,319,676,368,308,40,23,17,72,39,33,8,0,8,23,12,11,676,311,365,241,108,133,3,2,1,37,0,37,174,90,84,221,111,110,8,3,5
58280801,320,183,137,307,177,130,7,3,4,32,21,11,4,0,4,13,6,7,280,107,173,107,38,69,1,1,0,13,0,13,43,21,22,116,47,69,2,2,0
58280802,117,61,56,116,60,56,4,0,4,5,3,2,2,0,2,1,1,0,79,31,48,15,3,12,0,0,0,5,0,5,21,10,11,38,18,20,0,0,0
58282401,2094,1105,989,2011,1060,951,141,72,69,187,92,95,18,0,18,83,45,38,1751,789,962,592,221,371,6,4,2,65,2,63,322,158,164,766,404,362,23,13,10
58283201,97,50,47,92,49,43,2,0,2,13,5,8,0,0,0,5,1,4,82,37,45,44,22,22,0,0,0,2,0,2,10,4,6,26,11,15,0,0,0
58284101,618,347,271,596,341,255,22,10,12,68,41,27,4,0,4,22,6,16,610,272,338,226,90,136,0,0,0,39,0,39,141,73,68,204,109,95,6,3,3
58285901,1164,664,500,1111,637,474,32,13,19,114,61,53,3,0,3,53,27,26,1025,423,602,462,163,299,2,0,2,58,0,58,189,100,89,314,160,154,14,4,10
58287501,108,56,52,108,56,52,8,3,5,12,5,7,0,0,0,0,0,0,89,36,53,39,14,25,0,0,0,3,0,3,14,7,7,33,15,18,1,0,1
58288301,346,198,148,335,194,141,7,3,4,26,18,8,3,0,3,11,4,7,324,139,185,154,66,88,0,0,0,19,0,19,69,33,36,82,40,42,7,5,2
58289101,173,96,77,169,92,77,2,2,0,19,9,10,1,0,1,4,4,0,168,70,98,77,29,48,0,0,0,9,0,9,36,18,18,46,23,23,2,2,0
58291301,984,540,444,949,526,423,43,13,30,92,49,43,6,1,5,35,14,21,852,365,487,363,142,221,1,0,1,46,0,46,166,92,74,276,131,145,14,7,7
58292101,579,307,272,557,298,259,25,15,10,68,39,29,4,0,4,22,9,13,471,216,255,190,76,114,3,1,2,13,0,13,78,41,37,187,98,89,11,4,7
58293001,219,124,95,216,122,94,7,4,3,23,10,13,3,0,3,3,2,1,207,93,114,107,43,64,0,0,0,8,0,8,37,17,20,55,33,22,2,2,0
58294801,545,313,232,526,303,223,22,9,13,47,25,22,7,0,7,19,10,9,505,221,284,235,98,137,4,1,3,27,0,27,81,39,42,158,83,75,8,4,4
58295601,53,26,27,50,26,24,3,3,0,3,2,1,0,0,0,3,0,3,68,33,35,41,16,25,0,0,0,0,0,0,10,5,5,17,12,5,1,0,1
58295602,1138,669,469,1087,636,451,19,13,6,103,53,50,3,0,3,51,33,18,926,368,558,456,173,283,0,0,0,50,0,50,165,82,83,255,113,142,28,18,10
58295603,93,54,39,89,54,35,5,3,2,10,4,6,0,0,0,4,0,4,76,23,53,37,11,26,0,0,0,2,0,2,11,2,9,26,10,16,2,0,2
58296401,351,209,142,343,207,136,15,3,12,42,32,10,3,0,3,8,2,6,306,136,170,126,52,74,0,0,0,19,0,19,60,32,28,101,52,49,5,2,3
58297201,1060,587,473,1029,569,460,36,13,23,111,60,51,8,1,7,31,18,13,953,411,542,290,115,175,0,0,0,57,0,57,241,110,131,365,186,179,9,4,5
58299901,358,195,163,352,193,159,14,6,8,22,9,13,8,0,8,6,2,4,329,149,180,93,39,54,2,1,1,28,0,28,110,59,51,96,50,46,3,2,1
58301401,87,48,39,81,47,34,2,1,1,9,6,3,0,0,0,6,1,5,82,37,45,38,18,20,0,0,0,5,0,5,14,8,6,25,11,14,1,0,1
58301402,30,14,16,28,14,14,0,0,0,4,1,3,0,0,0,2,0,2,27,12,15,20,9,11,0,0,0,0,0,0,4,2,2,3,1,2,0,0,0
58302201,152,92,60,148,89,59,4,1,3,16,9,7,3,0,3,4,3,1,148,60,88,67,28,39,0,0,0,8,0,8,32,18,14,41,14,27,2,1,1
58303101,664,375,289,630,357,273,22,11,11,48,24,24,4,0,4,34,18,16,614,285,329,228,97,131,1,1,0,29,0,29,128,59,69,228,128,100,4,3,1
58305701,445,247,198,433,243,190,17,11,6,43,19,24,6,0,6,12,4,8,369,161,208,112,43,69,1,0,1,22,0,22,89,39,50,145,79,66,7,3,4
58305702,9,5,4,9,5,4,0,0,0,1,1,0,1,0,1,0,0,0,10,5,5,1,0,1,0,0,0,1,0,1,6,4,2,2,1,1,1,1,0
58306501,353,192,161,341,183,158,18,11,7,30,9,21,3,0,3,12,9,3,310,137,173,131,63,68,2,1,1,14,0,14,58,27,31,105,46,59,6,4,2
0488440,0,0,0,0,0,0,0,0,0,0,0,0,0,0,0,0,0,0,0,0,0,0,0,0,0,0,0,0,0,0,0,0,0,0,0,0,0,0,0
58308102,34,17,17,33,16,17,0,0,0,9,4,5,0,0,0,1,1,0,18,8,10,12,4,8,0,0,0,0,0,0,0,0,0,6,4,2,2,1,1
58308103,972,523,449,934,500,434,36,10,26,101,45,56,14,0,14,38,23,15,866,367,499,366,140,226,1,0,1,41,0,41,168,92,76,290,135,155,12,8,4
58308104,823,446,377,773,412,361,21,10,11,94,49,45,6,0,6,50,34,16,744,319,425,327,130,197,0,0,0,38,0,38,143,72,71,236,117,119,27,19,8
58309001,192,101,91,188,101,87,11,4,7,13,6,7,1,0,1,4,0,4,153,66,87,61,25,36,1,0,1,12,0,12,27,11,16,52,30,22,1,1,0
58311101,529,297,232,521,293,228,27,10,17,46,28,18,2,1,1,8,4,4,475,222,253,176,81,95,2,0,2,29,0,29,93,48,45,175,93,82,4,1,3
0558080,0,0,0,0,0,0,0,0,0,0,0,0,0,0,0,0,0,0,0,0,0,0,0,0,0,0,0,0,0,0,0,0,0,0,0,0,0,0,0
3040420,0,0,0,0,0,0,0,0,0,0,0,0,0,0,0,0,0,0,0,0,0,0,0,0,0,0,0,0,0,0,0,0,0,0,0,0,0,0,0
58312002,26,13,13,24,12,12,2,1,1,1,1,0,2,0,2,2,1,1,30,18,12,14,8,6,0,0,0,1,0,1,6,5,1,9,5,4,0,0,0
58312003,140,78,62,135,77,58,7,5,2,11,5,6,1,0,1,5,1,4,122,53,69,64,26,38,0,0,0,6,0,6,23,14,9,29,13,16,1,1,0
58312004,133,75,58,126,73,53,4,0,4,25,15,10,0,0,0,7,2,5,113,49,64,73,32,41,0,0,0,4,0,4,9,5,4,27,12,15,0,0,0
58312005,15,10,5,15,10,5,1,0,1,1,1,0,0,0,0,0,0,0,18,7,11,8,5,3,0,0,0,1,0,1,5,1,4,4,1,3,0,0,0
58312006,339,179,160,324,170,154,10,3,7,46,28,18,1,0,1,15,9,6,363,177,186,186,83,103,1,1,0,11,0,11,49,34,15,116,59,57,6,5,1
58312007,246,145,101,238,142,96,11,8,3,28,14,14,3,0,3,8,3,5,287,128,159,133,57,76,0,0,0,20,0,20,58,33,25,76,38,38,2,0,2
58312009,301,171,130,296,168,128,20,8,12,33,21,12,4,0,4,5,3,2,285,122,163,152,67,85,0,0,0,14,0,14,40,18,22,79,37,42,1,1,0
58312010,175,98,77,170,95,75,2,1,1,23,13,10,2,0,2,5,3,2,171,63,108,91,33,58,0,0,0,9,0,9,17,11,6,54,19,35,0,0,0
58312011,269,143,126,261,136,125,9,3,6,39,19,20,1,0,1,8,7,1,272,115,157,159,70,89,0,0,0,9,0,9,33,14,19,71,31,40,2,1,1
58312012,246,133,113,233,127,106,8,2,6,38,22,16,2,0,2,13,6,7,252,108,144,111,51,60,0,0,0,13,0,13,42,22,20,86,35,51,3,0,3
58312013,721,403,318,692,392,300,28,16,12,92,45,47,5,0,5,29,11,18,778,295,483,493,173,320,1,0,1,32,0,32,91,48,43,161,74,87,8,2,6
58312014,560,302,258,547,294,253,18,6,12,48,21,27,2,0,2,13,8,5,539,225,314,189,70,119,1,0,1,39,0,39,129,64,65,181,91,90,1,0,1
58312015,51,33,18,47,29,18,0,0,0,2,2,0,1,0,1,4,4,0,51,32,19,32,21,11,0,0,0,2,1,1,6,3,3,11,7,4,1,0,1
58312016,497,268,229,450,242,208,14,5,9,57,21,36,2,0,2,47,26,21,416,207,209,209,106,103,0,0,0,15,0,15,74,46,28,118,55,63,49,36,13
58312017,606,333,273,578,319,259,27,12,15,65,32,33,7,0,7,28,14,14,561,229,332,252,86,166,0,0,0,32,0,32,109,59,50,168,84,84,11,6,5
58312018,466,251,215,447,240,207,18,9,9,68,36,32,3,0,3,19,11,8,476,213,263,271,119,152,4,2,2,12,0,12,61,31,30,128,61,67,6,3,3
58312019,55,31,24,55,31,24,4,2,2,4,2,2,0,0,0,0,0,0,27,12,15,8,3,5,0,0,0,1,0,1,1,1,0,17,8,9,0,0,0
58315402,177,102,75,171,101,70,7,5,2,27,15,12,1,0,1,6,1,5,160,67,93,67,27,40,0,0,0,15,0,15,42,20,22,36,20,16,3,2,1
58317101,431,232,199,416,229,187,27,14,13,49,29,20,2,0,2,15,3,12,349,180,169,132,62,70,2,2,0,14,0,14,61,37,24,140,79,61,3,1,2
58318901,494,271,223,478,264,214,17,5,12,43,24,19,6,0,6,16,7,9,451,190,261,179,73,106,1,0,1,29,0,29,91,42,49,151,75,76,4,0,4
58319701,577,302,275,565,299,266,24,9,15,46,20,26,5,0,5,12,3,9,514,235,279,154,70,84,0,0,0,21,0,21,108,51,57,231,114,117,8,4,4
58320101,303,164,139,289,158,131,14,6,8,35,14,21,4,0,4,14,6,8,314,134,180,146,64,82,0,0,0,22,0,22,69,31,38,77,39,38,1,0,1
58321901,584,313,271,563,304,259,26,9,17,46,26,20,4,0,4,21,9,12,564,241,323,204,85,119,1,0,1,33,0,33,116,53,63,210,103,107,9,6,3
58322701,16,8,8,16,8,8,1,0,1,1,1,0,0,0,0,0,0,0,10,5,5,3,1,2,0,0,0,0,0,0,5,3,2,2,1,1,0,0,0
58322702,319,181,138,311,177,134,10,6,4,38,19,19,3,0,3,8,4,4,318,134,184,149,59,90,0,0,0,15,0,15,61,31,30,93,44,49,3,2,1
58323501,244,139,105,239,136,103,11,7,4,40,23,17,4,0,4,5,3,2,216,91,125,107,45,62,0,0,0,11,0,11,40,18,22,58,28,30,6,5,1
58324301,194,112,82,190,109,81,3,1,2,18,7,11,1,0,1,4,3,1,153,69,84,49,16,33,0,0,0,14,0,14,42,22,20,48,31,17,6,3,3
3401890,0,0,0,0,0,0,0,0,0,0,0,0,0,0,0,0,0,0,0,0,0,0,0,0,0,0,0,0,0,0,0,0,0,0,0,0,0,0,0
58325101,1932,1016,916,1870,986,884,101,55,46,185,86,99,18,0,18,62,30,32,1491,694,797,410,174,236,1,1,0,73,1,72,306,162,144,701,356,345,17,8,9
58325103,992,523,469,949,503,446,36,14,22,95,41,54,7,0,7,43,20,23,842,336,506,369,136,233,2,0,2,45,0,45,154,78,76,272,122,150,10,3,7
58325105,268,144,124,261,143,118,18,10,8,33,21,12,1,0,1,7,1,6,240,100,140,91,35,56,0,0,0,8,0,8,39,15,24,102,50,52,1,0,1
58325106,1495,794,701,1430,756,674,60,29,31,136,62,74,18,1,17,65,38,27,1338,578,760,685,275,410,5,2,3,48,0,48,207,109,98,393,192,201,43,36,7
58325108,333,327,6,238,233,5,1,1,0,4,3,1,0,0,0,95,94,1,257,254,3,14,14,0,0,0,0,0,0,0,183,182,1,60,58,2,0,0,0
58325109,307,165,142,299,158,141,22,15,7,34,16,18,2,0,2,8,7,1,243,115,128,83,32,51,0,0,0,7,0,7,25,14,11,128,69,59,1,0,1
58325111,68,47,21,63,45,18,1,0,1,6,3,3,0,0,0,5,2,3,23,11,12,7,4,3,0,0,0,3,0,3,7,3,4,6,4,2,0,0,0
58325112,839,414,425,807,397,410,39,19,20,92,41,51,5,0,5,32,17,15,736,343,393,367,160,207,0,0,0,34,1,33,121,62,59,214,120,94,9,4,5
58326001,30,20,10,30,20,10,1,0,1,3,2,1,0,0,0,0,0,0,22,8,14,12,4,8,0,0,0,0,0,0,3,1,2,7,3,4,0,0,0
58326003,342,180,162,329,174,155,9,4,5,34,17,17,1,0,1,13,6,7,310,137,173,154,66,88,1,1,0,15,0,15,47,22,25,93,48,45,7,5,2
58327801,112,64,48,110,64,46,4,1,3,11,6,5,1,0,1,2,0,2,100,42,58,42,17,25,0,0,0,8,0,8,25,11,14,25,14,11,1,0,1
58328601,987,537,450,969,529,440,56,26,30,110,61,49,6,0,6,18,8,10,889,383,506,375,150,225,2,1,1,31,1,30,146,66,80,335,165,170,13,10,3
58329401,137,77,60,135,75,60,7,3,4,14,8,6,0,0,0,2,2,0,149,71,78,59,28,31,0,0,0,11,0,11,42,29,13,37,14,23,2,1,1
58330801,69,42,27,67,41,26,1,0,1,8,4,4,0,0,0,2,1,1,58,23,35,22,11,11,0,0,0,5,0,5,12,5,7,19,7,12,1,1,0
58331601,283,149,134,271,143,128,11,4,7,13,10,3,2,0,2,12,6,6,276,123,153,100,50,50,0,0,0,16,0,16,57,28,29,103,45,58,3,3,0
58332401,321,172,149,308,165,143,12,4,8,29,17,12,3,0,3,13,7,6,302,128,174,142,57,85,1,1,0,18,0,18,55,23,32,86,47,39,4,2,2
58333201,419,222,197,400,217,183,15,10,5,32,18,14,3,0,3,19,5,14,305,133,172,97,45,52,0,0,0,16,0,16,86,37,49,106,51,55,1,0,1
58334101,420,226,194,406,221,185,21,6,15,35,10,25,0,0,0,14,5,9,395,182,213,183,84,99,1,0,1,15,0,15,64,34,30,132,64,68,8,4,4
58334102,91,49,42,86,45,41,2,0,2,3,1,2,1,0,1,5,4,1,69,31,38,35,14,21,0,0,0,3,0,3,10,6,4,21,11,10,1,1,0
58335901,266,149,117,258,145,113,11,5,6,29,18,11,2,0,2,8,4,4,257,110,147,108,46,62,5,3,2,15,0,15,46,23,23,83,38,45,3,0,3
58336701,427,244,183,415,241,174,14,5,9,41,23,18,2,0,2,12,3,9,426,180,246,194,78,116,0,0,0,29,0,29,79,38,41,124,64,60,5,1,4
58337501,251,141,110,244,136,108,8,2,6,21,7,14,1,0,1,7,5,2,225,97,128,114,45,69,0,0,0,8,0,8,41,22,19,62,30,32,3,1,2
58338301,992,537,455,965,524,441,21,6,15,91,46,45,12,0,12,27,13,14,796,345,451,296,120,176,2,1,1,49,0,49,176,94,82,273,130,143,21,13,8
58338302,24,13,11,22,11,11,0,0,0,2,0,2,0,0,0,2,2,0,15,6,9,5,1,4,0,0,0,0,0,0,3,2,1,7,3,4,0,0,0
3257670,0,0,0,0,0,0,0,0,0,0,0,0,0,0,0,0,0,0,0,0,0,0,0,0,0,0,0,0,0,0,0,0,0,0,0,0,0,0,0
58339101,2762,1586,1176,2676,1544,1132,102,36,66,269,137,132,22,0,22,86,42,44,2177,900,1277,988,362,626,8,3,5,101,0,101,414,209,205,666,326,340,53,33,20
58339103,341,180,161,329,175,154,17,8,9,14,5,9,7,0,7,12,5,7,147,71,76,26,14,12,0,0,0,10,0,10,54,29,25,57,28,29,7,3,4
58340501,44,21,23,42,20,22,1,0,1,5,2,3,0,0,0,2,1,1,41,18,23,25,10,15,0,0,0,1,0,1,2,0,2,13,8,5,0,0,0
58340502,446,219,227,440,216,224,17,5,12,44,16,28,4,0,4,6,3,3,374,177,197,148,60,88,1,1,0,17,0,17,64,39,25,144,77,67,5,4,1
58340503,940,509,431,910,494,416,38,23,15,91,38,53,6,0,6,30,15,15,844,344,500,392,166,226,1,0,1,43,0,43,146,67,79,262,111,151,10,7,3
58341301,15,10,5,15,10,5,1,1,0,1,0,1,0,0,0,0,0,0,11,7,4,4,3,1,0,0,0,3,0,3,4,4,0,0,0,0,0,0,0
58341302,599,330,269,577,322,255,28,10,18,24,10,14,14,0,14,22,8,14,331,144,187,35,19,16,5,2,3,53,1,52,164,85,79,74,37,37,8,1,7
58341303,1416,738,678,1364,717,647,58,24,34,155,85,70,8,0,8,52,21,31,1204,525,679,374,132,242,5,4,1,48,0,48,245,109,136,532,280,252,14,7,7
58342101,461,251,210,447,242,205,12,5,7,60,29,31,4,0,4,14,9,5,443,203,240,222,101,121,2,1,1,18,0,18,62,32,30,139,69,70,11,7,4
58342102,25,14,11,22,13,9,1,1,0,1,1,0,0,0,0,3,1,2,12,6,6,5,3,2,0,0,0,1,0,1,3,2,1,3,1,2,0,0,0
58343001,557,294,263,548,289,259,23,12,11,61,33,28,7,0,7,9,5,4,530,260,270,213,103,110,1,1,0,31,0,31,123,68,55,162,88,74,8,4,4
58344801,571,327,244,545,311,234,14,3,11,81,43,38,4,0,4,26,16,10,526,237,289,240,101,139,0,0,0,29,0,29,101,54,47,156,82,74,7,5,2
58345601,101,60,41,100,59,41,5,5,0,15,9,6,0,0,0,1,1,0,84,31,53,25,11,14,0,0,0,6,0,6,22,9,13,31,11,20,1,0,1
58345602,359,188,171,341,181,160,19,9,10,45,24,21,4,0,4,18,7,11,292,121,171,106,48,58,0,0,0,15,0,15,64,27,37,107,46,61,4,3,1
58346402,31,17,14,31,17,14,0,0,0,7,6,1,0,0,0,0,0,0,73,19,54,56,11,45,0,0,0,3,0,3,9,5,4,5,3,2,0,0,0
58347201,172,88,84,165,84,81,8,4,4,21,9,12,3,0,3,7,4,3,140,62,78,59,26,33,1,0,1,7,0,7,30,18,12,43,18,25,2,1,1
58348101,483,256,227,463,246,217,25,12,13,43,19,24,2,0,2,20,10,10,428,190,238,182,79,103,1,0,1,32,0,32,91,46,45,122,65,57,8,6,2
58349901,165,89,76,157,85,72,7,1,6,17,7,10,1,0,1,8,4,4,140,64,76,70,29,41,0,0,0,7,0,7,26,12,14,37,23,14,1,1,0
58350201,413,217,196,396,211,185,22,11,11,49,23,26,3,0,3,17,6,11,370,157,213,163,71,92,0,0,0,16,0,16,64,32,32,127,54,73,5,5,0
58351101,346,189,157,335,183,152,9,3,6,26,14,12,2,0,2,11,6,5,330,138,192,150,56,94,0,0,0,17,0,17,56,32,24,107,50,57,24,10,14
58352901,138,80,58,132,78,54,1,0,1,10,4,6,1,0,1,6,2,4,105,42,63,38,17,21,0,0,0,4,0,4,26,10,16,37,15,22,5,3,2
58353701,820,449,371,788,434,354,26,14,12,90,44,46,7,0,7,32,15,17,719,334,385,278,120,158,1,1,0,36,0,36,139,69,70,265,144,121,7,4,3
58354501,469,265,204,462,261,201,22,9,13,49,32,17,5,0,5,7,4,3,379,163,216,162,63,99,0,0,0,23,0,23,69,39,30,125,61,64,2,2,0
58355301,588,336,252,562,323,239,14,5,9,56,32,24,12,0,12,26,13,13,509,195,314,230,78,152,2,2,0,31,0,31,101,47,54,145,68,77,17,14,3
58356101,1374,772,602,1327,745,582,50,24,26,127,68,59,12,1,11,47,27,20,1362,609,753,592,241,351,3,1,2,75,0,75,259,141,118,433,226,207,18,9,9
58358801,311,182,129,301,179,122,18,13,5,23,14,9,2,0,2,10,3,7,280,129,151,150,63,87,0,0,0,4,0,4,42,21,21,84,45,39,5,2,3
58358802,770,446,324,735,426,309,23,12,11,88,41,47,2,0,2,35,20,15,729,325,404,384,164,220,1,0,1,32,0,32,103,50,53,209,111,98,2,1,1
58358803,93,51,42,92,51,41,2,1,1,10,5,5,0,0,0,1,0,1,87,39,48,44,19,25,0,0,0,6,1,5,15,6,9,22,13,9,2,1,1
58358805,64,37,27,61,35,26,2,2,0,12,9,3,1,0,1,3,2,1,69,39,30,44,24,20,0,0,0,1,0,1,7,5,2,17,10,7,0,0,0
58358806,30,16,14,29,15,14,3,1,2,0,0,0,1,0,1,1,1,0,27,11,16,9,3,6,0,0,0,2,0,2,5,3,2,11,5,6,0,0,0
58358807,1184,676,508,1148,659,489,46,21,25,134,64,70,12,0,12,36,17,19,999,404,595,461,180,281,1,1,0,71,0,71,189,92,97,277,131,146,27,19,8
58359601,929,508,421,896,493,403,45,19,26,114,68,46,5,0,5,33,15,18,843,397,446,372,153,219,2,0,2,40,0,40,151,84,67,278,160,118,14,7,7
58359602,22,13,9,19,11,8,2,1,1,0,0,0,0,0,0,3,2,1,18,10,8,6,3,3,0,0,0,1,0,1,2,1,1,9,6,3,0,0,0
58360001,436,244,192,420,236,184,14,8,6,49,19,30,5,0,5,16,8,8,346,168,178,137,62,75,1,1,0,21,0,21,76,41,35,111,64,47,7,3,4
3258050,0,0,0,0,0,0,0,0,0,0,0,0,0,0,0,0,0,0,0,0,0,0,0,0,0,0,0,0,0,0,0,0,0,0,0,0,0,0,0
58363401,748,426,322,721,409,312,31,13,18,83,45,38,7,0,7,27,17,10,661,300,361,258,104,154,3,2,1,32,0,32,125,65,60,243,129,114,9,6,3
58365101,180,90,90,172,85,87,12,4,8,16,8,8,2,0,2,8,5,3,179,82,97,69,29,40,0,0,0,8,0,8,32,21,11,70,32,38,2,0,2
58366901,113,66,47,108,66,42,2,1,1,13,8,5,1,0,1,5,0,5,76,31,45,15,6,9,0,0,0,8,0,8,28,8,20,25,17,8,2,1,1
58366902,300,169,131,290,165,125,8,4,4,38,18,20,4,0,4,10,4,6,256,114,142,120,45,75,0,0,0,14,0,14,47,28,19,75,41,34,3,2,1
58366903,593,309,284,574,303,271,28,12,16,30,11,19,4,0,4,19,6,13,450,207,243,74,31,43,1,0,1,37,0,37,119,70,49,219,106,113,5,1,4
58367701,1152,629,523,1104,603,501,45,25,20,146,71,75,5,1,4,48,26,22,1107,508,599,455,187,268,4,3,1,55,0,55,194,100,94,399,218,181,20,10,10
58368501,461,262,199,451,258,193,19,7,12,39,17,22,5,0,5,10,4,6,445,195,250,211,90,121,1,1,0,18,0,18,87,39,48,128,65,63,5,5,0
58369301,337,201,136,325,197,128,13,7,6,43,23,20,7,2,5,12,4,8,313,146,167,127,53,74,0,0,0,26,0,26,74,43,31,86,50,36,3,1,2
58370701,466,268,198,454,261,193,19,10,9,52,27,25,2,0,2,12,7,5,463,192,271,215,91,124,1,0,1,32,0,32,92,43,49,123,58,65,7,4,3
58370702,12,7,5,12,7,5,1,1,0,3,2,1,0,0,0,0,0,0,11,5,6,6,2,4,0,0,0,0,0,0,1,0,1,4,3,1,0,0,0
58371501,287,169,118,275,161,114,9,2,7,33,21,12,2,0,2,12,8,4,357,145,212,179,66,113,1,0,1,14,0,14,60,25,35,103,54,49,2,1,1
58372301,248,128,120,243,126,117,3,1,2,17,9,8,5,0,5,5,2,3,214,103,111,86,38,48,1,1,0,6,0,6,43,26,17,78,38,40,5,3,2
58372302,30,17,13,30,17,13,1,1,0,3,1,2,0,0,0,0,0,0,36,17,19,19,9,10,0,0,0,2,0,2,7,4,3,8,4,4,1,0,1
58373101,430,243,187,419,240,179,16,3,13,57,27,30,1,0,1,11,3,8,417,175,242,225,97,128,0,0,0,21,0,21,61,26,35,110,52,58,4,2,2
58374001,416,236,180,410,234,176,19,11,8,47,24,23,6,0,6,6,2,4,338,155,183,153,66,87,1,1,0,11,0,11,61,32,29,112,56,56,6,4,2
58375801,38,25,13,37,24,13,3,1,2,3,2,1,0,0,0,1,1,0,33,11,22,12,4,8,0,0,0,1,0,1,8,2,6,12,5,7,0,0,0
58375802,2144,1150,994,2069,1115,954,78,31,47,192,86,106,16,0,16,75,35,40,1946,831,1115,801,296,505,5,2,3,116,1,115,414,210,204,610,322,288,20,13,7
58376601,799,439,360,768,424,344,29,12,17,86,46,40,3,0,3,31,15,16,657,274,383,269,102,167,0,0,0,34,0,34,133,74,59,221,98,123,23,16,7
58377401,616,336,280,592,323,269,20,9,11,75,38,37,5,0,5,24,13,11,468,201,267,150,63,87,2,1,1,27,0,27,103,48,55,186,89,97,3,1,2
1412590,0,0,0,0,0,0,0,0,0,0,0,0,0,0,0,0,0,0,0,0,0,0,0,0,0,0,0,0,0,0,0,0,0,0,0,0,0,0,0
1413130,0,0,0,0,0,0,0,0,0,0,0,0,0,0,0,0,0,0,0,0,0,0,0,0,0,0,0,0,0,0,0,0,0,0,0,0,0,0,0
1413480,0,0,0,0,0,0,0,0,0,0,0,0,0,0,0,0,0,0,0,0,0,0,0,0,0,0,0,0,0,0,0,0,0,0,0,0,0,0,0
3400650,0,0,0,0,0,0,0,0,0,0,0,0,0,0,0,0,0,0,0,0,0,0,0,0,0,0,0,0,0,0,0,0,0,0,0,0,0,0,0
58378201,23,12,11,23,12,11,1,1,0,2,2,0,0,0,0,0,0,0,13,6,7,1,1,0,0,0,0,0,0,0,5,3,2,7,2,5,0,0,0
58378202,309,173,136,300,169,131,10,4,6,29,17,12,3,0,3,9,4,5,347,143,204,172,64,108,0,0,0,20,0,20,65,31,34,90,48,42,4,1,3
58378203,664,367,297,645,355,290,21,9,12,75,45,30,8,0,8,19,12,7,608,256,352,256,99,157,0,0,0,28,0,28,112,59,53,212,98,114,3,2,1
58378204,751,390,361,713,372,341,28,9,19,55,25,30,11,0,11,38,18,20,536,221,315,187,62,125,1,0,1,43,0,43,131,65,66,174,94,80,4,1,3
58378205,28,17,11,26,16,10,0,0,0,3,1,2,0,0,0,2,1,1,35,21,14,10,6,4,0,0,0,3,0,3,11,10,1,11,5,6,0,0,0
58378209,613,337,276,601,329,272,34,17,17,49,21,28,8,0,8,12,8,4,483,207,276,167,61,106,2,1,1,47,0,47,143,82,61,124,63,61,5,1,4
58378210,34,15,19,34,15,19,0,0,0,2,0,2,0,0,0,0,0,0,23,10,13,6,4,2,0,0,0,1,0,1,3,2,1,13,4,9,0,0,0
58378211,187,100,87,182,96,86,11,8,3,18,8,10,1,0,1,5,4,1,174,71,103,73,29,44,0,0,0,8,0,8,27,16,11,66,26,40,4,3,1
58378212,409,225,184,397,221,176,14,9,5,40,22,18,3,0,3,12,4,8,364,159,205,130,56,74,0,0,0,23,0,23,84,39,45,127,64,63,1,0,1
58378213,498,285,213,481,277,204,12,5,7,74,45,29,2,0,2,17,8,9,453,200,253,220,92,128,0,0,0,23,0,23,88,47,41,122,61,61,27,18,9
58379101,559,315,244,541,308,233,27,18,9,73,46,27,5,0,5,18,7,11,521,222,299,210,84,126,4,3,1,21,0,21,86,40,46,200,95,105,7,4,3
58380401,192,112,80,187,108,79,13,8,5,21,7,14,3,0,3,5,4,1,209,86,123,87,32,55,1,1,0,21,0,21,55,29,26,45,24,21,0,0,0
58382101,435,228,207,418,218,200,19,7,12,51,30,21,3,0,3,17,10,7,384,184,200,150,69,81,1,0,1,14,0,14,68,32,36,151,83,68,5,4,1
58383901,1080,591,489,1054,580,474,53,24,29,122,67,55,9,0,9,26,11,15,985,424,561,412,161,251,0,0,0,49,1,48,198,96,102,326,166,160,9,6,3
58384701,349,191,158,340,187,153,14,8,6,41,16,25,3,0,3,9,4,5,315,136,179,124,57,67,1,1,0,10,0,10,59,21,38,121,57,64,0,0,0
58385501,419,240,179,412,236,176,15,10,5,45,26,19,3,0,3,7,4,3,406,172,234,188,70,118,2,2,0,24,0,24,71,42,29,121,58,63,5,3,2
3316780,0,0,0,0,0,0,0,0,0,0,0,0,0,0,0,0,0,0,0,0,0,0,0,0,0,0,0,0,0,0,0,0,0,0,0,0,0,0,0
58386301,544,304,240,525,295,230,26,9,17,61,38,23,7,0,7,19,9,10,522,214,308,194,78,116,0,0,0,40,0,40,116,52,64,172,84,88,9,5,4
58388001,326,175,151,316,170,146,7,1,6,28,20,8,2,0,2,10,5,5,278,121,157,107,41,66,2,0,2,15,0,15,53,29,24,101,51,50,3,3,0
58389801,1244,675,569,1214,664,550,60,24,36,117,69,48,13,0,13,30,11,19,1163,508,655,494,192,302,1,1,0,52,0,52,196,91,105,420,224,196,10,3,7
58390101,192,106,86,187,105,82,6,2,4,19,7,12,4,0,4,5,1,4,192,85,107,76,30,46,0,0,0,6,0,6,41,22,19,69,33,36,4,2,2
58391001,1511,837,674,1473,817,656,56,29,27,152,89,63,11,0,11,38,20,18,1521,699,822,695,321,374,2,1,1,74,0,74,280,142,138,470,235,235,14,11,3
58392801,232,129,103,226,124,102,7,3,4,26,15,11,3,0,3,6,5,1,198,93,105,92,38,54,1,0,1,5,0,5,36,19,17,64,36,28,3,2,1
58393601,980,564,416,950,552,398,31,18,13,69,29,40,8,0,8,30,12,18,926,433,493,264,108,156,2,1,1,62,1,61,235,129,106,363,194,169,11,4,7
58394401,173,96,77,169,95,74,7,4,3,15,7,8,1,0,1,4,1,3,175,76,99,64,27,37,0,0,0,10,0,10,40,16,24,61,33,28,1,0,1
3135210,0,0,0,0,0,0,0,0,0,0,0,0,0,0,0,0,0,0,0,0,0,0,0,0,0,0,0,0,0,0,0,0,0,0,0,0,0,0,0
3402430,0,0,0,0,0,0,0,0,0,0,0,0,0,0,0,0,0,0,0,0,0,0,0,0,0,0,0,0,0,0,0,0,0,0,0,0,0,0,0
58395201,171,103,68,165,99,66,13,9,4,15,11,4,0,0,0,6,4,2,166,71,95,82,30,52,0,0,0,8,0,8,23,14,9,53,27,26,2,2,0
58395203,800,444,356,775,432,343,39,19,20,76,44,32,5,0,5,25,12,13,649,295,354,280,114,166,1,1,0,31,0,31,109,56,53,228,124,104,21,19,2
58395205,32,20,12,32,20,12,3,2,1,5,2,3,0,0,0,0,0,0,18,10,8,8,2,6,0,0,0,0,0,0,4,3,1,6,5,1,0,0,0
58395206,1614,877,737,1572,858,714,74,34,40,149,69,80,26,0,26,42,19,23,1387,560,827,573,214,359,3,2,1,105,0,105,327,159,168,379,185,194,17,5,12
58395207,870,465,405,843,453,390,35,18,17,99,46,53,7,2,5,27,12,15,880,381,499,423,182,241,1,0,1,44,0,44,130,58,72,282,141,141,7,3,4
58395208,625,337,288,601,331,270,26,7,19,73,37,36,5,0,5,24,6,18,538,232,306,255,98,157,0,0,0,26,0,26,84,42,42,173,92,81,2,0,2
58396101,266,145,121,250,139,111,10,3,7,27,15,12,0,0,0,16,6,10,228,112,116,110,48,62,1,1,0,7,0,7,41,22,19,69,41,28,1,0,1
58397901,162,85,77,158,83,75,9,3,6,15,5,10,1,0,1,4,2,2,137,57,80,43,15,28,0,0,0,12,0,12,37,22,15,45,20,25,0,0,0
58397902,708,390,318,677,379,298,20,9,11,57,30,27,2,0,2,31,11,20,630,279,351,260,108,152,1,1,0,38,0,38,122,58,64,209,112,97,5,3,2
58398701,559,303,256,548,297,251,18,5,13,70,39,31,7,0,7,11,6,5,569,247,322,267,108,159,4,2,2,25,0,25,112,54,58,161,83,78,7,2,5
58399501,672,388,284,645,374,271,22,12,10,79,38,41,3,0,3,27,14,13,580,236,344,239,87,152,3,2,1,37,0,37,104,51,53,197,96,101,8,3,5
1674010,0,0,0,0,0,0,0,0,0,0,0,0,0,0,0,0,0,0,0,0,0,0,0,0,0,0,0,0,0,0,0,0,0,0,0,0,0,0,0
1674100,0,0,0,0,0,0,0,0,0,0,0,0,0,0,0,0,0,0,0,0,0,0,0,0,0,0,0,0,0,0,0,0,0,0,0,0,0,0,0
1675250,0,0,0,0,0,0,0,0,0,0,0,0,0,0,0,0,0,0,0,0,0,0,0,0,0,0,0,0,0,0,0,0,0,0,0,0,0,0,0
58400201,35,20,15,33,18,15,1,1,0,5,2,3,0,0,0,2,2,0,33,14,19,18,8,10,0,0,0,2,0,2,4,3,1,9,3,6,0,0,0
58400202,21,10,11,20,9,11,1,0,1,5,3,2,0,0,0,1,1,0,27,11,16,16,7,9,0,0,0,1,0,1,2,2,0,8,2,6,0,0,0
58400203,54,33,21,50,31,19,2,2,0,4,2,2,1,0,1,4,2,2,38,22,16,12,4,8,0,0,0,1,0,1,9,7,2,16,11,5,1,0,1
58400204,33,16,17,33,16,17,2,0,2,3,2,1,0,0,0,0,0,0,30,14,16,6,4,2,0,0,0,1,0,1,5,1,4,18,9,9,0,0,0
58400205,8,5,3,8,5,3,0,0,0,1,1,0,0,0,0,0,0,0,13,3,10,9,3,6,0,0,0,0,0,0,2,0,2,2,0,2,0,0,0
58400206,479,260,219,445,237,208,24,13,11,37,17,20,3,0,3,34,23,11,403,184,219,166,65,101,3,2,1,15,0,15,91,51,40,128,66,62,19,14,5
58400207,852,465,387,819,446,373,33,15,18,98,39,59,15,0,15,33,19,14,789,330,459,362,150,212,1,0,1,48,0,48,172,82,90,206,98,108,5,2,3
58400209,68,33,35,65,33,32,2,1,1,5,1,4,0,0,0,3,0,3,62,34,28,25,9,16,0,0,0,1,0,1,12,7,5,24,18,6,1,1,0
58400210,82,43,39,77,39,38,2,1,1,6,3,3,1,0,1,5,4,1,48,23,25,28,12,16,0,0,0,3,0,3,9,7,2,8,4,4,2,2,0
58400211,426,218,208,410,210,200,26,14,12,46,23,23,3,0,3,16,8,8,405,172,233,169,61,108,0,0,0,18,0,18,62,25,37,156,86,70,2,0,2
58400212,749,392,357,726,383,343,24,6,18,33,10,23,12,0,12,23,9,14,716,262,454,145,29,116,4,3,1,64,0,64,223,105,118,280,125,155,7,2,5
58400213,614,316,298,596,303,293,29,16,13,76,35,41,5,0,5,18,13,5,677,294,383,352,145,207,3,1,2,28,0,28,96,51,45,198,97,101,1,0,1
58400214,883,461,422,847,448,399,34,11,23,94,39,55,7,0,7,36,13,23,965,410,555,565,224,341,1,0,1,44,0,44,127,60,67,228,126,102,7,2,5
58400215,131,75,56,126,71,55,7,4,3,11,4,7,0,0,0,5,4,1,136,59,77,64,21,43,0,0,0,2,0,2,20,10,10,50,28,22,3,0,3
58400216,214,113,101,203,105,98,11,3,8,23,10,13,1,0,1,11,8,3,205,100,105,86,34,52,1,0,1,11,0,11,42,24,18,65,42,23,1,0,1
58401101,194,114,80,188,113,75,4,3,1,19,12,7,0,0,0,6,1,5,188,82,106,85,31,54,1,0,1,11,0,11,40,20,20,51,31,20,2,0,2
58402901,279,150,129,268,146,122,8,2,6,37,16,21,2,0,2,11,4,7,239,92,147,116,47,69,0,0,0,14,0,14,56,21,35,53,24,29,1,1,0
58402902,621,334,287,596,323,273,20,8,12,69,40,29,1,0,1,25,11,14,588,244,344,251,100,151,2,1,1,40,1,39,114,53,61,181,89,92,6,5,1
58402903,381,205,176,373,201,172,25,15,10,62,38,24,1,0,1,8,4,4,265,131,134,73,29,44,2,1,1,11,0,11,49,33,16,130,68,62,2,0,2
58403701,657,358,299,637,350,287,33,14,19,63,32,31,4,0,4,20,8,12,625,270,355,283,111,172,2,0,2,29,0,29,108,54,54,203,105,98,4,2,2
58404501,1635,888,747,1577,858,719,70,34,36,180,88,92,13,0,13,58,30,28,1624,669,955,815,299,516,3,1,2,74,0,74,261,131,130,471,238,233,29,13,16
58405301,137,85,52,134,83,51,7,4,3,15,10,5,2,0,2,3,2,1,139,58,81,72,28,44,1,1,0,7,0,7,27,12,15,32,17,15,2,1,1
58406101,397,218,179,379,211,168,17,5,12,31,14,17,4,0,4,18,7,11,337,153,184,161,67,94,0,0,0,14,0,14,54,26,28,108,60,48,3,3,0
58407001,32,17,15,31,16,15,3,1,2,3,2,1,0,0,0,1,1,0,26,8,18,11,4,7,0,0,0,2,0,2,4,1,3,9,3,6,0,0,0
58407002,40,24,16,39,24,15,0,0,0,5,2,3,0,0,0,1,0,1,24,11,13,7,3,4,0,0,0,1,0,1,1,0,1,15,8,7,1,1,0
58409601,399,211,188,382,204,178,23,9,14,30,18,12,4,0,4,17,7,10,354,158,196,137,57,80,0,0,0,15,0,15,73,36,37,129,65,64,3,1,2
58410001,1764,923,841,1686,881,805,64,33,31,193,96,97,12,0,12,78,42,36,1504,650,854,666,270,396,1,1,0,77,0,77,279,136,143,481,243,238,25,11,14
58410002,36,21,15,34,20,14,0,0,0,6,3,3,0,0,0,2,1,1,34,15,19,14,6,8,0,0,0,2,0,2,10,5,5,8,4,4,0,0,0
58411801,529,287,242,514,279,235,31,15,16,52,24,28,5,0,5,15,8,7,422,196,226,189,82,107,0,0,0,21,0,21,65,28,37,147,86,61,5,4,1
58412601,712,389,323,692,379,313,26,11,15,92,48,44,3,0,3,20,10,10,641,291,350,252,101,151,1,0,1,32,0,32,110,56,54,246,134,112,4,3,1
58413401,99,53,46,95,51,44,4,1,3,6,2,4,0,0,0,4,2,2,96,44,52,37,18,19,0,0,0,9,1,8,19,11,8,31,14,17,2,0,2
58414201,20,12,8,18,11,7,0,0,0,2,1,1,0,0,0,2,1,1,16,7,9,13,7,6,0,0,0,0,0,0,2,0,2,1,0,1,0,0,0
58414202,616,339,277,593,333,260,16,8,8,65,37,28,7,0,7,23,6,17,550,243,307,244,103,141,2,1,1,29,0,29,97,51,46,178,88,90,5,3,2
58415101,472,257,215,454,249,205,21,13,8,47,25,22,5,0,5,18,8,10,439,194,245,151,62,89,1,0,1,28,0,28,102,51,51,157,81,76,5,3,2
58416901,162,89,73,157,87,70,5,2,3,8,4,4,0,0,0,5,2,3,142,67,75,48,21,27,0,0,0,11,0,11,30,18,12,53,28,25,0,0,0
58417701,364,200,164,357,195,162,16,5,11,41,21,20,6,0,6,7,5,2,376,169,207,171,72,99,0,0,0,17,0,17,66,41,25,122,56,66,6,3,3
58418501,406,229,177,393,222,171,14,7,7,44,21,23,3,0,3,13,7,6,354,139,215,151,57,94,0,0,0,34,1,33,73,32,41,96,49,47,5,2,3
58419301,25,16,9,21,13,8,0,0,0,4,2,2,0,0,0,4,3,1,30,11,19,19,7,12,0,0,0,2,0,2,7,3,4,2,1,1,0,0,0
58420701,111,58,53,104,55,49,5,4,1,13,7,6,0,0,0,7,3,4,97,43,54,43,20,23,0,0,0,2,0,2,18,7,11,34,16,18,4,2,2
58420702,801,416,385,766,403,363,33,13,20,99,48,51,7,0,7,35,13,22,890,354,536,491,172,319,4,0,4,36,1,35,128,63,65,231,118,113,16,10,6
58420703,282,154,128,272,151,121,11,4,7,30,21,9,1,0,1,10,3,7,381,175,206,180,70,110,1,1,0,17,0,17,117,64,53,66,40,26,2,1,1
58421501,86,42,44,84,42,42,6,2,4,10,4,6,0,0,0,2,0,2,64,28,36,25,9,16,0,0,0,3,0,3,16,6,10,20,13,7,2,2,0
58421502,561,322,239,541,310,231,23,16,7,63,37,26,1,0,1,20,12,8,510,215,295,251,94,157,0,0,0,33,1,32,75,40,35,151,80,71,6,4,2
58422301,95,48,47,91,46,45,1,0,1,17,8,9,1,0,1,4,2,2,80,30,50,30,10,20,0,0,0,3,0,3,17,9,8,30,11,19,1,0,1
58422302,67,40,27,60,36,24,4,1,3,7,5,2,2,0,2,7,4,3,72,32,40,35,15,20,0,0,0,4,0,4,10,5,5,23,12,11,0,0,0
58422303,1665,937,728,1586,899,687,50,21,29,232,118,114,19,0,19,79,38,41,1639,680,959,857,331,526,3,1,2,82,0,82,261,127,134,436,221,215,37,23,14
58423101,735,391,344,706,378,328,31,13,18,91,45,46,11,0,11,29,13,16,685,312,373,332,137,195,0,0,0,22,0,22,111,57,54,220,118,102,7,6,1
58423102,78,40,38,75,39,36,1,0,1,10,5,5,0,0,0,3,1,2,69,32,37,32,12,20,0,0,0,2,0,2,15,8,7,20,12,8,0,0,0
58424001,473,277,196,446,265,181,18,8,10,52,28,24,1,0,1,27,12,15,429,185,244,167,63,104,2,1,1,39,0,39,99,56,43,122,65,57,5,4,1
58426601,959,521,438,918,502,416,41,24,17,90,49,41,7,0,7,41,19,22,833,365,468,330,131,199,0,0,0,40,0,40,181,92,89,282,142,140,11,5,6
58427401,286,150,136,279,148,131,22,5,17,16,9,7,0,0,0,7,2,5,220,96,124,92,44,48,0,0,0,9,0,9,37,12,25,82,40,42,3,1,2
58428201,492,258,234,470,249,221,21,10,11,58,26,32,5,0,5,22,9,13,406,189,217,149,57,92,1,1,0,17,1,16,76,39,37,163,91,72,7,3,4
58428202,410,224,186,396,214,182,26,16,10,55,31,24,1,0,1,14,10,4,436,183,253,207,83,124,1,1,0,22,0,22,64,32,32,142,67,75,3,1,2
58428203,318,172,146,303,167,136,15,8,7,16,7,9,1,0,1,15,5,10,260,117,143,49,18,31,1,0,1,21,0,21,65,34,31,124,65,59,3,1,2
58428204,14,7,7,14,7,7,1,0,1,0,0,0,0,0,0,0,0,0,7,2,5,0,0,0,0,0,0,1,0,1,1,0,1,5,2,3,0,0,0
58428205,510,273,237,492,266,226,9,3,6,67,37,30,1,0,1,18,7,11,530,214,316,303,108,195,1,0,1,29,0,29,79,38,41,118,68,50,12,8,4
58428209,151,83,68,148,83,65,8,4,4,20,11,9,0,0,0,3,0,3,142,53,89,58,26,32,0,0,0,14,0,14,30,9,21,40,18,22,1,1,0
58451701,374,208,166,358,201,157,10,5,5,52,28,24,4,0,4,16,7,9,341,148,193,170,74,96,0,0,0,13,0,13,54,25,29,104,49,55,7,3,4
58472001,715,406,309,686,396,290,21,10,11,96,57,39,5,0,5,29,10,19,587,253,334,268,103,165,2,2,0,22,0,22,101,47,54,194,101,93,4,3,1
58476202,379,218,161,349,203,146,9,3,6,46,24,22,4,0,4,30,15,15,305,128,177,146,53,93,0,0,0,17,0,17,58,24,34,84,51,33,3,2,1
3398900,0,0,0,0,0,0,0,0,0,0,0,0,0,0,0,0,0,0,0,0,0,0,0,0,0,0,0,0,0,0,0,0,0,0,0,0,0,0,0
58480101,170,98,72,161,96,65,2,1,1,19,11,8,0,0,0,9,2,7,181,77,104,89,38,51,1,1,0,11,0,11,27,13,14,53,25,28,0,0,0
58480102,123,75,48,117,70,47,2,1,1,14,8,6,0,0,0,6,5,1,94,46,48,35,17,18,0,0,0,8,1,7,31,17,14,20,11,9,6,5,1
58480103,2340,1270,1070,2246,1226,1020,70,24,46,233,115,118,23,0,23,94,44,50,2016,851,1165,904,348,556,2,2,0,134,0,134,436,220,216,540,281,259,49,23,26
58480104,145,82,63,141,79,62,1,0,1,11,5,6,2,0,2,4,3,1,136,50,86,62,23,39,0,0,0,10,0,10,36,18,18,28,9,19,1,0,1
58484301,517,302,215,492,286,206,10,5,5,42,23,19,2,0,2,25,16,9,486,199,287,227,91,136,0,0,0,29,0,29,86,45,41,144,63,81,9,6,3
58502501,456,272,184,424,253,171,12,7,5,33,15,18,5,0,5,32,19,13,410,159,251,190,78,112,0,0,0,34,0,34,88,41,47,98,40,58,4,3,1
58503301,1258,712,546,1194,675,519,40,18,22,121,55,66,12,0,12,64,37,27,1211,508,703,539,204,335,2,0,2,71,1,70,265,146,119,334,157,177,17,6,11
58790701,127,72,55,125,72,53,3,1,2,18,8,10,0,0,0,2,0,2,137,67,70,46,24,22,0,0,0,8,0,8,37,18,19,46,25,21,1,1,0
59166101,172,105,67,164,102,62,4,2,2,23,16,7,2,0,2,8,3,5,197,89,108,111,52,59,0,0,0,10,0,10,36,18,18,40,19,21,4,3,1
59383401,318,187,131,310,182,128,10,7,3,37,19,18,3,0,3,8,5,3,269,123,146,126,53,73,0,0,0,10,0,10,48,21,27,85,49,36,3,1,2
59437701,274,161,113,253,152,101,5,2,3,19,8,11,2,0,2,21,9,12,267,125,142,122,58,64,0,0,0,13,0,13,56,25,31,76,42,34,8,3,5
59490301,139,83,56,131,79,52,5,3,2,10,7,3,0,0,0,8,4,4,138,63,75,61,29,32,0,0,0,15,0,15,31,17,14,31,17,14,4,3,1
59496201,345,189,156,328,181,147,8,4,4,32,14,18,1,0,1,17,8,9,307,133,174,150,64,86,0,0,0,14,0,14,62,33,29,81,36,45,2,2,0
59531401,145,85,60,140,82,58,6,5,1,13,11,2,0,0,0,5,3,2,130,56,74,54,21,33,1,1,0,8,0,8,28,15,13,39,19,20,3,1,2
59531402,39,22,17,39,22,17,1,0,1,9,4,5,0,0,0,0,0,0,47,25,22,23,13,10,0,0,0,2,0,2,9,4,5,13,8,5,1,0,1
59533101,56,31,25,54,30,24,2,1,1,4,3,1,1,0,1,2,1,1,52,16,36,26,9,17,0,0,0,0,0,0,7,0,7,19,7,12,0,0,0
59544601,73,41,32,69,37,32,4,1,3,10,6,4,0,0,0,4,4,0,73,36,37,39,19,20,0,0,0,3,0,3,6,4,2,25,13,12,0,0,0
59552701,26,15,11,26,15,11,3,3,0,3,3,0,0,0,0,0,0,0,27,13,14,14,7,7,0,0,0,2,0,2,8,4,4,3,2,1,1,0,1
59552702,499,269,230,481,261,220,16,7,9,48,23,25,3,0,3,18,8,10,461,214,247,229,101,128,2,1,1,18,0,18,65,33,32,147,79,68,7,4,3
59552703,37,19,18,37,19,18,1,1,0,4,1,3,0,0,0,0,0,0,45,17,28,29,13,16,0,0,0,2,0,2,4,0,4,10,4,6,0,0,0
59552704,101,61,40,99,60,39,6,3,3,14,11,3,0,0,0,2,1,1,72,26,46,36,11,25,0,0,0,2,0,2,11,3,8,23,12,11,0,0,0
59555101,391,216,175,377,205,172,18,5,13,40,21,19,1,0,1,14,11,3,398,188,210,198,88,110,0,0,0,16,0,16,61,31,30,123,69,54,3,3,0
59556001,58,38,20,51,34,17,1,0,1,5,2,3,0,0,0,7,4,3,63,31,32,26,14,12,0,0,0,6,0,6,15,9,6,16,8,8,0,0,0
59566701,15,8,7,15,8,7,0,0,0,2,1,1,0,0,0,0,0,0,13,7,6,5,2,3,0,0,0,1,0,1,5,3,2,2,2,0,0,0,0
59566702,131,77,54,124,76,48,4,3,1,13,8,5,1,0,1,7,1,6,139,62,77,66,26,40,0,0,0,12,0,12,31,17,14,30,19,11,1,1,0
59583701,98,56,42,92,54,38,2,1,1,6,3,3,1,0,1,6,2,4,96,37,59,36,15,21,0,0,0,7,0,7,26,11,15,27,11,16,0,0,0
59583702,53,30,23,52,30,22,1,0,1,3,2,1,0,0,0,1,0,1,46,22,24,23,10,13,0,0,0,3,0,3,7,5,2,13,7,6,0,0,0
59593401,111,72,39,104,69,35,4,4,0,11,4,7,0,0,0,7,3,4,111,49,62,53,22,31,0,0,0,8,0,8,27,16,11,23,11,12,3,1,2
59598502,64,33,31,61,32,29,0,0,0,5,2,3,1,0,1,3,1,2,74,36,38,44,21,23,0,0,0,3,1,2,13,9,4,14,5,9,0,0,0
59599302,88,44,44,84,42,42,5,1,4,9,4,5,0,0,0,4,2,2,102,46,56,42,19,23,0,0,0,4,0,4,16,7,9,40,20,20,0,0,0
59607801,23,10,13,23,10,13,2,0,2,6,4,2,0,0,0,0,0,0,27,11,16,14,5,9,0,0,0,1,0,1,6,4,2,6,2,4,0,0,0
59617501,609,335,274,586,322,264,30,11,19,84,53,31,5,0,5,23,13,10,597,258,339,310,130,180,2,1,1,31,0,31,93,60,33,161,67,94,9,6,3
59617502,28,15,13,27,15,12,0,0,0,6,2,4,0,0,0,1,0,1,22,9,13,12,6,6,0,0,0,0,0,0,3,2,1,7,1,6,0,0,0
59619101,125,65,60,119,63,56,1,0,1,11,6,5,2,0,2,6,2,4,119,57,62,46,21,25,0,0,0,6,0,6,23,14,9,44,22,22,0,0,0
59630201,21,13,8,20,13,7,0,0,0,2,2,0,0,0,0,1,0,1,27,14,13,14,6,8,0,0,0,1,0,1,6,2,4,6,6,0,0,0,0
59630202,43,25,18,43,25,18,1,0,1,9,4,5,1,0,1,0,0,0,57,26,31,26,12,14,0,0,0,5,0,5,16,8,8,10,6,4,2,0,2
59630203,90,50,40,88,49,39,4,1,3,7,5,2,3,0,3,2,1,1,86,34,52,30,16,14,0,0,0,7,0,7,21,8,13,28,10,18,0,0,0
59640001,8,6,2,8,6,2,0,0,0,2,2,0,0,0,0,0,0,0,15,4,11,2,1,1,0,0,0,4,0,4,7,3,4,2,0,2,0,0,0
59640002,30,20,10,30,20,10,0,0,0,1,0,1,0,0,0,0,0,0,30,13,17,17,6,11,0,0,0,3,0,3,5,3,2,5,4,1,1,0,1
59640003,18,11,7,17,10,7,1,1,0,2,1,1,0,0,0,1,1,0,32,13,19,20,11,9,0,0,0,1,0,1,4,0,4,7,2,5,1,0,1
59640004,27,15,12,27,15,12,4,2,2,1,1,0,0,0,0,0,0,0,31,18,13,13,5,8,0,0,0,2,0,2,9,8,1,7,5,2,0,0,0
59658201,39,27,12,35,25,10,0,0,0,3,2,1,0,0,0,4,2,2,39,16,23,23,9,14,0,0,0,2,0,2,6,3,3,8,4,4,0,0,0
59669801,23,12,11,22,12,10,3,1,2,4,2,2,0,0,0,1,0,1,29,12,17,10,4,6,0,0,0,3,0,3,7,4,3,9,4,5,0,0,0
59689201,53,27,26,49,25,24,4,2,2,1,0,1,0,0,0,4,2,2,47,21,26,19,9,10,0,0,0,2,0,2,10,8,2,16,4,12,1,0,1
59710401,41,23,18,38,22,16,1,0,1,4,3,1,0,0,0,3,1,2,44,24,20,19,12,7,0,0,0,2,0,2,9,6,3,14,6,8,0,0,0
59717101,14,9,5,13,8,5,0,0,0,3,1,2,0,0,0,1,1,0,13,5,8,5,3,2,0,0,0,1,0,1,2,0,2,5,2,3,0,0,0
59717103,174,106,68,167,101,66,5,2,3,18,12,6,1,0,1,7,5,2,145,69,76,64,27,37,1,0,1,7,0,7,25,12,13,48,30,18,1,1,0
55025601,107,59,48,105,59,46,3,0,3,15,9,6,0,0,0,2,0,2,97,41,56,56,23,33,0,0,0,2,0,2,17,8,9,22,10,12,1,1,0
55528201,241,138,103,236,137,99,6,2,4,17,8,9,2,0,2,5,1,4,189,88,101,68,32,36,0,0,0,10,0,10,36,20,16,75,36,39,5,2,3
55844301,590,320,270,566,308,258,18,9,9,48,18,30,3,0,3,24,12,12,583,247,336,339,139,200,3,2,1,19,1,18,73,25,48,149,80,69,8,5,3
0136760,0,0,0,0,0,0,0,0,0,0,0,0,0,0,0,0,0,0,0,0,0,0,0,0,0,0,0,0,0,0,0,0,0,0,0,0,0,0,0
1263650,0,0,0,0,0,0,0,0,0,0,0,0,0,0,0,0,0,0,0,0,0,0,0,0,0,0,0,0,0,0,0,0,0,0,0,0,0,0,0
58429101,898,481,417,870,462,408,23,14,9,95,47,48,7,0,7,28,19,9,783,346,437,392,155,237,3,2,1,23,0,23,101,54,47,264,135,129,6,5,1
58429103,2016,984,1032,1915,946,969,44,19,25,223,86,137,11,0,11,101,38,63,1273,559,714,450,182,268,3,0,3,74,1,73,271,138,133,475,238,237,42,17,25
58429105,15,10,5,13,10,3,1,1,0,1,1,0,0,0,0,2,0,2,7,3,4,5,3,2,0,0,0,0,0,0,1,0,1,1,0,1,2,2,0
58429106,28,15,13,28,15,13,0,0,0,1,1,0,0,0,0,0,0,0,17,9,8,9,4,5,0,0,0,1,0,1,1,1,0,6,4,2,0,0,0
58429107,886,486,400,850,469,381,18,7,11,130,62,68,2,0,2,36,17,19,771,349,422,437,190,247,1,0,1,24,0,24,99,50,49,210,109,101,3,1,2
58429108,1346,711,635,1269,679,590,32,14,18,181,86,95,12,1,11,77,32,45,1334,557,777,758,311,447,3,2,1,58,0,58,190,95,95,325,149,176,12,4,8
58429109,44,41,3,35,32,3,0,0,0,0,0,0,0,0,0,9,9,0,71,66,5,19,17,2,0,0,0,0,0,0,47,46,1,5,3,2,0,0,0
58429110,623,342,281,577,323,254,25,13,12,59,28,31,5,0,5,46,19,27,791,300,491,499,163,336,0,0,0,22,1,21,102,53,49,168,83,85,16,8,8
58429111,538,369,169,472,317,155,12,7,5,44,24,20,3,0,3,66,52,14,456,229,227,212,109,103,2,1,1,14,0,14,122,69,53,106,50,56,137,92,45
58429112,1139,601,538,1092,581,511,25,11,14,101,51,50,7,0,7,47,20,27,920,392,528,438,171,267,1,1,0,38,0,38,142,74,68,301,146,155,11,4,7
58429114,24,16,8,23,15,8,0,0,0,3,2,1,1,0,1,1,1,0,19,10,9,9,4,5,0,0,0,2,0,2,4,3,1,4,3,1,2,1,1
58429115,246,136,110,236,132,104,3,2,1,25,17,8,3,0,3,10,4,6,170,73,97,42,13,29,0,0,0,16,0,16,55,27,28,57,33,24,10,7,3
58429116,512,267,245,494,259,235,12,10,2,65,26,39,6,0,6,18,8,10,461,182,279,288,106,182,1,0,1,17,0,17,53,25,28,102,51,51,8,4,4
58429118,519,294,225,503,283,220,12,7,5,62,37,25,3,0,3,16,11,5,531,231,300,278,102,176,0,0,0,19,0,19,89,46,43,145,83,62,3,1,2
58429119,242,128,114,225,119,106,11,3,8,30,14,16,1,0,1,17,9,8,161,70,91,66,28,38,0,0,0,9,0,9,36,20,16,50,22,28,3,2,1
58429120,612,323,289,581,312,269,6,2,4,82,38,44,6,0,6,31,11,20,667,290,377,389,160,229,1,1,0,25,0,25,96,51,45,156,78,78,7,2,5
58429122,1549,798,751,1455,755,700,39,22,17,174,75,99,11,0,11,94,43,51,1498,617,881,847,322,525,0,0,0,57,0,57,218,119,99,376,176,200,30,16,14
58429123,175,90,85,167,86,81,3,2,1,27,11,16,0,0,0,8,4,4,147,70,77,84,38,46,1,0,1,2,0,2,19,9,10,41,23,18,1,0,1
58429124,47,31,16,39,25,14,0,0,0,5,4,1,0,0,0,8,6,2,18,7,11,11,6,5,0,0,0,0,0,0,2,0,2,5,1,4,0,0,0
58429127,969,508,461,913,473,440,29,13,16,105,44,61,8,1,7,56,35,21,817,339,478,438,163,275,8,6,2,35,0,35,132,57,75,204,113,91,24,13,11
58429129,287,160,127,273,152,121,8,4,4,36,22,14,2,0,2,14,8,6,309,131,178,155,61,94,1,1,0,10,0,10,41,19,22,102,50,52,3,1,2
58429131,34,11,23,32,10,22,0,0,0,5,1,4,0,0,0,2,1,1,28,8,20,24,6,18,1,0,1,0,0,0,0,0,0,3,2,1,0,0,0
58430401,202,110,92,186,102,84,5,2,3,33,11,22,1,0,1,16,8,8,184,79,105,90,35,55,0,0,0,10,0,10,28,16,12,56,28,28,2,1,1
58432101,477,261,216,462,255,207,23,9,14,53,28,25,2,0,2,15,6,9,415,160,255,193,74,119,2,2,0,32,0,32,75,39,36,113,45,68,9,4,5
58433901,436,261,175,419,254,165,9,4,5,43,25,18,3,0,3,17,7,10,394,171,223,182,81,101,0,0,0,26,0,26,72,36,36,114,54,60,4,3,1
58434701,646,369,277,624,357,267,17,8,9,67,33,34,3,0,3,22,12,10,580,241,339,268,105,163,1,1,0,32,0,32,107,43,64,172,92,80,12,5,7
58435501,284,158,126,263,146,117,4,1,3,36,17,19,1,0,1,21,12,9,253,98,155,156,58,98,2,1,1,10,0,10,40,19,21,45,20,25,4,2,2
58436301,534,293,241,507,279,228,11,4,7,53,29,24,1,0,1,27,14,13,462,199,263,232,91,141,0,0,0,20,0,20,71,33,38,139,75,64,9,7,2
58437101,842,464,378,790,438,352,18,5,13,78,42,36,6,0,6,52,26,26,759,340,419,334,142,192,1,1,0,36,0,36,148,71,77,240,126,114,25,18,7
58438001,385,217,168,365,208,157,7,5,2,67,32,35,2,0,2,20,9,11,307,133,174,158,66,92,0,0,0,18,0,18,57,27,30,74,40,34,9,6,3
58440101,285,160,125,270,149,121,7,2,5,33,16,17,1,0,1,15,11,4,235,105,130,101,44,57,1,1,0,12,0,12,39,19,20,82,41,41,3,1,2
58441001,232,126,106,205,115,90,5,1,4,16,12,4,3,0,3,27,11,16,209,87,122,90,40,50,0,0,0,13,0,13,39,15,24,67,32,35,11,6,5
58442801,855,496,359,818,476,342,22,14,8,96,50,46,8,0,8,37,20,17,751,322,429,398,163,235,3,2,1,35,0,35,117,55,62,198,102,96,22,11,11
58443601,146,88,58,138,83,55,2,1,1,21,11,10,1,0,1,8,5,3,128,64,64,80,38,42,0,0,0,6,0,6,14,9,5,28,17,11,5,2,3
58444401,929,534,395,872,503,369,22,11,11,80,48,32,8,0,8,57,31,26,841,371,470,383,158,225,1,0,1,44,0,44,163,88,75,250,125,125,26,14,12
58445201,674,383,291,651,374,277,21,9,12,68,39,29,5,0,5,23,9,14,609,243,366,308,113,195,3,1,2,21,0,21,93,45,48,184,84,100,7,3,4
58446101,314,169,145,304,163,141,6,2,4,30,15,15,0,0,0,10,6,4,309,126,183,164,64,100,1,1,0,16,1,15,41,22,19,87,38,49,5,3,2
58447901,234,135,99,224,130,94,3,2,1,25,16,9,1,0,1,10,5,5,241,105,136,116,43,73,0,0,0,12,0,12,45,27,18,68,35,33,5,3,2
58448702,833,459,374,786,438,348,19,9,10,110,59,51,7,0,7,47,21,26,771,327,444,340,145,195,0,0,0,37,0,37,138,65,73,256,117,139,12,9,3
0499300,0,0,0,0,0,0,0,0,0,0,0,0,0,0,0,0,0,0,0,0,0,0,0,0,0,0,0,0,0,0,0,0,0,0,0,0,0,0,0
0499560,0,0,0,0,0,0,0,0,0,0,0,0,0,0,0,0,0,0,0,0,0,0,0,0,0,0,0,0,0,0,0,0,0,0,0,0,0,0,0
0499640,0,0,0,0,0,0,0,0,0,0,0,0,0,0,0,0,0,0,0,0,0,0,0,0,0,0,0,0,0,0,0,0,0,0,0,0,0,0,0
3399380,0,0,0,0,0,0,0,0,0,0,0,0,0,0,0,0,0,0,0,0,0,0,0,0,0,0,0,0,0,0,0,0,0,0,0,0,0,0,0
3399460,0,0,0,0,0,0,0,0,0,0,0,0,0,0,0,0,0,0,0,0,0,0,0,0,0,0,0,0,0,0,0,0,0,0,0,0,0,0,0
58449501,17,9,8,17,9,8,1,0,1,1,0,1,0,0,0,0,0,0,13,5,8,4,2,2,0,0,0,1,0,1,6,3,3,2,0,2,0,0,0
58449502,447,254,193,422,242,180,18,7,11,35,17,18,2,0,2,25,12,13,324,145,179,139,50,89,1,1,0,17,0,17,59,34,25,108,60,48,20,13,7
58449503,37,25,12,37,25,12,0,0,0,1,1,0,0,0,0,0,0,0,17,9,8,6,5,1,0,0,0,2,0,2,6,2,4,3,2,1,0,0,0
58449504,220,115,105,210,108,102,4,1,3,31,17,14,4,0,4,10,7,3,204,89,115,106,44,62,1,1,0,5,0,5,32,18,14,60,26,34,1,0,1
58449505,984,519,465,955,508,447,36,18,18,105,48,57,6,0,6,29,11,18,895,372,523,438,169,269,2,0,2,39,0,39,151,75,76,265,128,137,5,1,4
58449506,211,117,94,198,109,89,8,2,6,16,9,7,0,0,0,13,8,5,160,70,90,89,37,52,0,0,0,5,0,5,18,10,8,48,23,25,1,1,0
58449508,25,12,13,24,12,12,0,0,0,5,3,2,0,0,0,1,0,1,22,12,10,3,1,2,0,0,0,2,0,2,6,4,2,11,7,4,0,0,0
58449509,1291,687,604,1250,665,585,32,16,16,124,66,58,12,0,12,41,22,19,1172,485,687,548,203,345,1,1,0,62,0,62,230,114,116,331,167,164,10,3,7
58452501,310,172,138,287,161,126,2,0,2,26,8,18,0,0,0,23,11,12,360,158,202,195,94,101,1,0,1,15,0,15,63,30,33,86,34,52,11,7,4
58454101,215,116,99,198,105,93,7,6,1,23,8,15,1,0,1,17,11,6,262,102,160,183,58,125,0,0,0,3,0,3,17,10,7,59,34,25,7,3,4
58455001,111,64,47,106,63,43,3,0,3,15,9,6,2,0,2,5,1,4,107,56,51,56,24,32,0,0,0,3,0,3,18,10,8,30,22,8,1,0,1
58455002,1122,634,488,1066,610,456,34,18,16,123,66,57,5,0,5,56,24,32,1041,467,574,488,196,292,6,4,2,49,0,49,177,88,89,321,179,142,15,10,5
58455003,12,7,5,11,7,4,0,0,0,0,0,0,0,0,0,1,0,1,11,7,4,4,1,3,0,0,0,1,0,1,3,3,0,3,3,0,0,0,0
58456801,967,521,446,933,510,423,29,12,17,101,49,52,10,0,10,34,11,23,911,402,509,509,207,302,1,0,1,31,0,31,108,52,56,262,143,119,15,13,2
58457601,919,513,406,880,491,389,29,17,12,87,44,43,8,0,8,39,22,17,856,378,478,460,194,266,3,2,1,32,0,32,137,70,67,224,112,112,12,5,7
58458401,616,356,260,593,344,249,14,7,7,61,33,28,5,0,5,23,12,11,585,239,346,281,114,167,1,1,0,32,0,32,111,52,59,160,72,88,8,1,7
58458402,9,5,4,8,5,3,0,0,0,0,0,0,0,0,0,1,0,1,13,5,8,6,3,3,0,0,0,0,0,0,2,0,2,5,2,3,0,0,0
58459201,670,382,288,650,373,277,21,8,13,60,26,34,3,0,3,20,9,11,580,251,329,273,107,166,1,1,0,32,0,32,96,48,48,178,95,83,7,5,2
58462201,1732,917,815,1637,862,775,30,13,17,226,98,128,14,0,14,95,55,40,1665,713,952,873,352,521,4,1,3,63,0,63,242,125,117,483,235,248,40,23,17
58463101,968,511,457,919,490,429,36,12,24,149,69,80,6,0,6,49,21,28,869,386,483,461,195,266,5,3,2,30,1,29,131,67,64,242,120,122,21,11,10
58463102,114,66,48,111,65,46,0,0,0,13,8,5,1,0,1,3,1,2,96,47,49,50,21,29,1,1,0,2,0,2,10,6,4,33,19,14,3,1,2
0943070,0,0,0,0,0,0,0,0,0,0,0,0,0,0,0,0,0,0,0,0,0,0,0,0,0,0,0,0,0,0,0,0,0,0,0,0,0,0,0
0943310,0,0,0,0,0,0,0,0,0,0,0,0,0,0,0,0,0,0,0,0,0,0,0,0,0,0,0,0,0,0,0,0,0,0,0,0,0,0,0
0943400,0,0,0,0,0,0,0,0,0,0,0,0,0,0,0,0,0,0,0,0,0,0,0,0,0,0,0,0,0,0,0,0,0,0,0,0,0,0,0
3399030,0,0,0,0,0,0,0,0,0,0,0,0,0,0,0,0,0,0,0,0,0,0,0,0,0,0,0,0,0,0,0,0,0,0,0,0,0,0,0
58464901,707,367,340,660,348,312,12,6,6,65,31,34,10,0,10,47,19,28,592,239,353,267,99,168,4,3,1,29,0,29,104,50,54,188,87,101,9,5,4
58464902,192,92,100,186,89,97,7,1,6,12,5,7,2,0,2,6,3,3,137,64,73,18,7,11,0,0,0,5,0,5,31,18,13,83,39,44,0,0,0
58464903,14,9,5,13,9,4,1,1,0,3,2,1,1,0,1,1,0,1,13,5,8,6,3,3,0,0,0,2,0,2,5,2,3,0,0,0,1,0,1
58464905,257,132,125,244,125,119,8,5,3,32,14,18,3,0,3,13,7,6,236,94,142,124,48,76,1,1,0,16,0,16,39,18,21,56,27,29,6,3,3
58464906,339,179,160,324,174,150,8,3,5,42,27,15,2,0,2,15,5,10,255,110,145,141,55,86,0,0,0,10,0,10,33,16,17,71,39,32,3,0,3
58464908,475,251,224,451,246,205,15,11,4,45,24,21,3,0,3,24,5,19,489,214,275,258,103,155,0,0,0,12,0,12,69,32,37,150,79,71,8,4,4
58464909,142,75,67,135,74,61,3,1,2,16,6,10,3,0,3,7,1,6,86,36,50,17,11,6,0,0,0,9,0,9,39,16,23,21,9,12,6,1,5
58464910,376,184,192,352,173,179,12,7,5,38,15,23,4,0,4,24,11,13,345,137,208,198,77,121,2,1,1,10,0,10,49,24,25,86,35,51,12,8,4
58464911,53,29,24,52,28,24,2,0,2,3,1,2,1,0,1,1,1,0,72,21,51,57,15,42,0,0,0,3,0,3,11,5,6,1,1,0,2,0,2
58464912,20,10,10,20,10,10,1,0,1,2,1,1,0,0,0,0,0,0,26,9,17,5,3,2,0,0,0,4,0,4,10,4,6,7,2,5,0,0,0
58464913,184,99,85,174,97,77,5,2,3,20,12,8,0,0,0,10,2,8,206,92,114,117,48,69,0,0,0,6,0,6,19,9,10,64,35,29,2,1,1
58464914,569,289,280,527,272,255,17,8,9,72,39,33,6,0,6,42,17,25,476,227,249,247,116,131,2,2,0,15,0,15,75,32,43,137,77,60,10,5,5
58464915,587,318,269,527,280,247,12,3,9,73,36,37,3,0,3,60,38,22,495,205,290,234,86,148,1,1,0,16,0,16,98,45,53,146,73,73,59,49,10
58465701,230,124,106,217,116,101,7,4,3,36,16,20,0,0,0,13,8,5,216,92,124,102,45,57,0,0,0,9,0,9,37,19,18,68,28,40,8,5,3
58466501,1276,694,582,1197,655,542,17,11,6,140,63,77,8,0,8,79,39,40,1186,499,687,590,238,352,3,3,0,44,1,43,183,80,103,366,177,189,33,15,18
58467301,746,429,317,710,411,299,15,7,8,81,37,44,9,0,9,36,18,18,637,271,366,313,127,186,1,0,1,30,0,30,108,48,60,185,96,89,17,8,9
58468101,224,134,90,213,130,83,1,0,1,21,10,11,5,0,5,11,4,7,246,114,132,116,51,65,1,1,0,16,0,16,52,32,20,61,30,31,3,2,1
58470301,353,207,146,341,203,138,12,6,6,33,18,15,3,0,3,12,4,8,350,141,209,169,64,105,1,0,1,17,0,17,67,30,37,96,47,49,4,2,2
58471101,378,222,156,368,217,151,16,4,12,33,18,15,5,0,5,10,5,5,349,150,199,168,67,101,0,0,0,19,0,19,56,26,30,106,57,49,4,1,3
58471102,12,6,6,11,6,5,0,0,0,1,0,1,1,0,1,1,0,1,17,8,9,7,5,2,0,0,0,2,0,2,5,3,2,3,0,3,0,0,0
58474601,613,355,258,589,341,248,15,4,11,52,29,23,9,0,9,24,14,10,619,252,367,277,110,167,1,0,1,36,0,36,122,62,60,183,80,103,17,11,6
58475401,170,90,80,165,87,78,2,1,1,14,8,6,0,0,0,5,3,2,158,70,88,77,33,44,1,1,0,9,0,9,29,15,14,42,21,21,15,10,5
58477101,311,167,144,297,160,137,8,4,4,48,19,29,2,0,2,14,7,7,267,115,152,119,54,65,0,0,0,12,0,12,56,22,34,80,39,41,5,5,0
58478901,396,227,169,377,217,160,10,6,4,40,24,16,5,0,5,19,10,9,369,159,210,168,73,95,1,0,1,25,0,25,69,26,43,106,60,46,7,6,1
58479701,1516,844,672,1433,800,633,38,19,19,153,66,87,14,0,14,83,44,39,1344,582,762,691,274,417,1,1,0,52,0,52,210,102,108,390,205,185,27,15,12
58481901,490,283,207,472,278,194,16,9,7,56,33,23,4,0,4,18,5,13,477,192,285,214,82,132,1,1,0,27,0,27,81,40,41,154,69,85,6,1,5
58483501,60,36,24,59,35,24,4,1,3,5,3,2,1,0,1,1,1,0,63,30,33,20,9,11,0,0,0,6,0,6,20,11,9,17,10,7,0,0,0
58483502,321,188,133,299,178,121,10,6,4,34,20,14,1,0,1,22,10,12,291,120,171,163,65,98,0,0,0,10,1,9,42,17,25,76,37,39,11,7,4
58485101,61,35,26,57,33,24,2,1,1,8,3,5,0,0,0,4,2,2,65,26,39,45,18,27,0,0,0,3,0,3,6,2,4,11,6,5,0,0,0
58485102,302,169,133,288,163,125,4,0,4,26,14,12,1,0,1,14,6,8,307,138,169,171,74,97,0,0,0,11,0,11,43,21,22,82,43,39,5,2,3
58486001,16,11,5,16,11,5,1,0,1,4,2,2,0,0,0,0,0,0,10,2,8,1,1,0,0,0,0,3,0,3,5,0,5,1,1,0,0,0,0
58486002,1095,621,474,1054,600,454,36,23,13,127,62,65,6,0,6,41,21,20,961,422,539,490,199,291,2,1,1,40,0,40,148,76,72,281,146,135,21,11,10
58487801,61,33,28,55,29,26,0,0,0,6,3,3,0,0,0,6,4,2,46,20,26,28,11,17,0,0,0,1,0,1,4,2,2,13,7,6,2,2,0
58487802,362,219,143,348,210,138,14,7,7,55,29,26,2,0,2,14,9,5,314,129,185,153,61,92,2,2,0,19,0,19,52,21,31,88,45,43,8,5,3
58489401,470,250,220,452,241,211,13,3,10,46,22,24,8,0,8,18,9,9,413,179,234,195,77,118,1,0,1,16,1,15,76,32,44,125,69,56,5,4,1
58490801,469,282,187,443,267,176,15,10,5,46,31,15,3,0,3,26,15,11,402,180,222,170,68,102,2,0,2,29,0,29,78,44,34,123,68,55,5,2,3
58491601,390,216,174,367,199,168,11,4,7,39,22,17,0,0,0,23,17,6,383,174,209,208,95,113,0,0,0,18,0,18,50,29,21,107,50,57,7,1,6
58492401,760,435,325,734,421,313,20,7,13,74,36,38,4,0,4,26,14,12,717,294,423,374,140,234,3,2,1,37,0,37,125,63,62,178,89,89,6,1,5
58493201,1032,601,431,997,586,411,39,21,18,84,56,28,8,0,8,35,15,20,1022,440,582,465,196,269,5,3,2,70,0,70,197,102,95,285,139,146,7,5,2
58494101,1056,582,474,1012,564,448,18,10,8,117,53,64,2,0,2,44,18,26,938,412,526,466,190,276,3,2,1,41,0,41,150,82,68,278,138,140,25,15,10
58495901,520,303,217,490,287,203,7,4,3,60,34,26,5,0,5,30,16,14,483,194,289,226,91,135,0,0,0,29,1,28,90,39,51,138,63,75,17,8,9
58496701,518,312,206,497,301,196,14,5,9,35,24,11,3,0,3,21,11,10,547,208,339,241,92,149,0,0,0,41,1,40,125,51,74,140,64,76,8,6,2
58497501,98,61,37,94,59,35,0,0,0,12,5,7,2,0,2,4,2,2,73,30,43,28,11,17,0,0,0,6,0,6,19,9,10,20,10,10,1,1,0
58497502,1696,896,800,1623,859,764,37,17,20,235,111,124,9,0,9,73,37,36,1604,698,906,872,365,507,8,6,2,61,1,60,227,99,128,436,227,209,53,33,20
58498301,16,9,7,16,9,7,0,0,0,0,0,0,0,0,0,0,0,0,12,7,5,3,2,1,1,1,0,1,0,1,3,1,2,4,3,1,0,0,0
58498302,1896,1031,865,1822,997,825,53,24,29,201,103,98,19,0,19,74,34,40,1838,784,1054,875,346,529,8,2,6,79,3,76,316,166,150,560,267,293,15,11,4
58499101,275,146,129,263,142,121,6,1,5,21,13,8,5,0,5,12,4,8,215,92,123,96,38,58,0,0,0,3,0,3,35,16,19,81,38,43,3,1,2
58500901,943,514,429,919,504,415,39,20,19,77,35,42,4,0,4,24,10,14,774,354,420,366,149,217,2,2,0,32,0,32,116,72,44,258,131,127,7,3,4
58500902,11,4,7,10,4,6,0,0,0,0,0,0,1,0,1,1,0,1,13,6,7,6,2,4,0,0,0,0,0,0,2,0,2,5,4,1,0,0,0
58501701,1636,904,732,1565,873,692,52,25,27,164,86,78,11,0,11,71,31,40,1422,600,822,681,257,424,7,3,4,79,0,79,239,121,118,416,219,197,12,7,5
58504101,523,294,229,507,288,219,14,6,8,39,17,22,9,0,9,16,6,10,514,228,286,253,102,151,1,0,1,23,0,23,77,41,36,160,85,75,6,5,1
58505001,774,428,346,734,404,330,12,3,9,58,26,32,11,0,11,40,24,16,673,296,377,300,117,183,3,0,3,39,1,38,130,71,59,201,107,94,7,3,4
0405170,0,0,0,0,0,0,0,0,0,0,0,0,0,0,0,0,0,0,0,0,0,0,0,0,0,0,0,0,0,0,0,0,0,0,0,0,0,0,0
0405410,0,0,0,0,0,0,0,0,0,0,0,0,0,0,0,0,0,0,0,0,0,0,0,0,0,0,0,0,0,0,0,0,0,0,0,0,0,0,0
3399110,0,0,0,0,0,0,0,0,0,0,0,0,0,0,0,0,0,0,0,0,0,0,0,0,0,0,0,0,0,0,0,0,0,0,0,0,0,0,0
58602101,958,494,464,867,445,422,22,11,11,167,78,89,2,0,2,91,49,42,834,366,468,431,168,263,2,0,2,34,2,32,154,86,68,213,110,103,17,7,10
58602102,3678,1892,1786,3431,1771,1660,87,37,50,616,292,324,23,0,23,247,121,126,2846,1217,1629,1327,547,780,9,4,5,149,0,149,499,233,266,862,433,429,61,21,40
58602103,1018,506,512,937,476,461,28,10,18,175,70,105,3,0,3,81,30,51,1120,462,658,742,291,451,2,2,0,31,0,31,122,67,55,223,102,121,13,6,7
58602104,773,398,375,709,369,340,14,4,10,106,56,50,8,0,8,64,29,35,784,339,445,483,193,290,3,2,1,28,0,28,101,50,51,169,94,75,16,6,10
58602105,1004,582,422,875,498,377,23,10,13,143,66,77,5,0,5,129,84,45,774,351,423,411,189,222,2,1,1,24,0,24,138,66,72,199,95,104,123,93,30
58602106,126,76,50,91,62,29,1,1,0,17,13,4,1,0,1,35,14,21,67,31,36,33,14,19,0,0,0,1,0,1,13,9,4,20,8,12,0,0,0
58602107,74,38,36,61,32,29,2,2,0,12,5,7,0,0,0,13,6,7,55,21,34,30,11,19,0,0,0,1,0,1,9,4,5,15,6,9,2,1,1
58602108,47,26,21,43,25,18,0,0,0,8,3,5,0,0,0,4,1,3,45,20,25,29,12,17,0,0,0,4,0,4,5,3,2,7,5,2,1,1,0
58602109,2156,1165,991,1982,1073,909,39,19,20,331,165,166,11,0,11,174,92,82,2126,885,1241,1259,477,782,2,1,1,94,0,94,308,157,151,463,250,213,36,18,18
58602110,301,150,151,283,144,139,12,7,5,51,27,24,1,0,1,18,6,12,288,120,168,148,56,92,1,1,0,8,0,8,40,21,19,91,42,49,2,1,1
58602111,53,49,4,52,48,4,0,0,0,2,1,1,0,0,0,1,1,0,3,1,2,1,0,1,0,0,0,0,0,0,1,0,1,1,1,0,0,0,0
58602112,1351,717,634,1235,663,572,32,18,14,233,117,116,8,0,8,116,54,62,1299,578,721,708,291,417,1,1,0,47,0,47,196,100,96,347,186,161,15,10,5
58602114,72,38,34,67,36,31,4,2,2,11,6,5,0,0,0,5,2,3,51,27,24,17,9,8,0,0,0,1,0,1,9,5,4,24,13,11,0,0,0
58602115,21,15,6,19,14,5,0,0,0,4,3,1,0,0,0,2,1,1,12,4,8,9,2,7,0,0,0,0,0,0,1,1,0,2,1,1,0,0,0
58602118,952,497,455,897,470,427,34,13,21,142,59,83,8,0,8,55,27,28,919,366,553,477,177,300,3,1,2,51,1,50,158,68,90,230,119,111,7,5,2
58603001,405,234,171,385,226,159,10,4,6,45,22,23,2,0,2,20,8,12,433,192,241,240,105,135,3,2,1,29,0,29,70,40,30,91,45,46,4,2,2
58604801,922,535,387,871,509,362,18,9,9,116,67,49,5,0,5,51,26,25,935,387,548,564,225,339,1,0,1,28,0,28,108,59,49,234,103,131,8,4,4
58605601,217,126,91,205,118,87,8,5,3,33,13,20,0,0,0,12,8,4,178,84,94,100,46,54,1,1,0,12,0,12,23,13,10,42,24,18,2,2,0
58607201,341,191,150,321,177,144,13,5,8,30,16,14,2,0,2,20,14,6,322,137,185,193,77,116,1,1,0,9,0,9,28,15,13,91,44,47,2,2,0
3139390,0,0,0,0,0,0,0,0,0,0,0,0,0,0,0,0,0,0,0,0,0,0,0,0,0,0,0,0,0,0,0,0,0,0,0,0,0,0,0
58608101,43,24,19,41,24,17,3,2,1,6,4,2,0,0,0,2,0,2,36,13,23,15,7,8,0,0,0,3,0,3,11,3,8,7,3,4,1,0,1
58608103,115,64,51,112,64,48,2,0,2,19,11,8,4,0,4,3,0,3,109,55,54,56,27,29,0,0,0,3,0,3,14,8,6,36,20,16,1,0,1
58608104,709,405,304,654,373,281,22,7,15,77,37,40,7,0,7,55,32,23,653,277,376,359,134,225,0,0,0,23,1,22,81,42,39,190,100,90,23,17,6
58608105,582,309,273,559,298,261,10,2,8,59,28,31,3,0,3,23,11,12,498,197,301,273,99,174,0,0,0,18,0,18,66,27,39,141,71,70,8,3,5
58608106,773,426,347,734,412,322,16,3,13,83,49,34,6,0,6,39,14,25,641,270,371,277,111,166,2,1,1,33,0,33,100,47,53,229,111,118,8,4,4
58608108,45,25,20,41,24,17,0,0,0,4,3,1,0,0,0,4,1,3,47,17,30,22,8,14,1,1,0,1,0,1,6,2,4,17,6,11,2,1,1
58609901,636,363,273,599,344,255,18,9,9,71,50,21,3,0,3,37,19,18,535,232,303,276,107,169,3,1,2,24,0,24,67,35,32,165,89,76,10,6,4
58610201,1185,676,509,1122,651,471,28,16,12,163,102,61,9,0,9,63,25,38,1121,472,649,564,210,354,2,2,0,60,0,60,176,89,87,319,171,148,4,2,2
58611101,192,110,82,185,106,79,6,4,2,20,11,9,2,0,2,7,4,3,192,75,117,111,41,70,0,0,0,8,0,8,22,13,9,51,21,30,1,1,0
58611102,12,10,2,11,10,1,0,0,0,2,2,0,0,0,0,1,0,1,12,5,7,11,5,6,0,0,0,0,0,0,0,0,0,1,0,1,0,0,0
58612901,723,410,313,693,397,296,22,8,14,68,33,35,5,1,4,30,13,17,686,291,395,274,108,166,0,0,0,44,0,44,144,77,67,224,106,118,5,4,1
58613701,1411,809,602,1335,775,560,41,22,19,156,94,62,14,0,14,76,34,42,1470,648,822,653,272,381,1,1,0,78,0,78,235,119,116,503,256,247,16,10,6
58614501,490,271,219,464,263,201,11,5,6,48,27,21,3,0,3,26,8,18,491,215,276,235,104,131,1,0,1,28,1,27,91,43,48,136,67,69,7,3,4
58615301,137,71,66,135,70,65,2,0,2,7,4,3,1,0,1,2,1,1,109,50,59,48,23,25,1,1,0,3,0,3,24,11,13,33,15,18,5,3,2
58616101,118,71,47,102,64,38,2,0,2,13,7,6,2,0,2,16,7,9,99,49,50,44,17,27,0,0,0,5,0,5,14,9,5,36,23,13,1,0,1
58616103,1116,625,491,1048,585,463,31,13,18,144,82,62,8,0,8,68,40,28,1018,432,586,530,213,317,1,0,1,39,0,39,149,73,76,299,146,153,10,7,3
58616104,1818,1004,814,1680,933,747,27,9,18,217,115,102,13,0,13,138,71,67,1725,731,994,922,369,553,5,3,2,74,0,74,278,131,147,446,228,218,35,27,8
58616105,42,26,16,39,24,15,1,1,0,10,7,3,0,0,0,3,2,1,33,12,21,17,6,11,0,0,0,3,0,3,5,3,2,8,3,5,2,0,2
58617001,1086,598,488,1016,564,452,34,15,19,120,64,56,5,0,5,70,34,36,1028,421,607,534,196,338,1,1,0,54,0,54,169,88,81,270,136,134,10,1,9
58618801,556,315,241,527,302,225,15,5,10,71,39,32,2,0,2,29,13,16,567,251,316,295,115,180,1,0,1,22,0,22,76,42,34,173,94,79,6,2,4
58619601,278,148,130,257,139,118,10,6,4,22,16,6,1,0,1,21,9,12,258,106,152,150,61,89,1,1,0,10,0,10,36,18,18,61,26,35,3,3,0
58619602,16,8,8,14,7,7,0,0,0,0,0,0,0,0,0,2,1,1,14,6,8,10,4,6,0,0,0,0,0,0,0,0,0,4,2,2,0,0,0
58620001,214,117,97,198,108,90,5,2,3,26,13,13,0,0,0,16,9,7,167,70,97,75,31,44,0,0,0,8,0,8,30,13,17,54,26,28,2,0,2
58621801,14,9,5,14,9,5,0,0,0,1,1,0,0,0,0,0,0,0,11,3,8,5,1,4,0,0,0,0,0,0,3,2,1,3,0,3,0,0,0
58621802,312,173,139,289,165,124,8,4,4,40,20,20,0,0,0,23,8,15,313,141,172,171,72,99,0,0,0,15,0,15,44,23,21,83,46,37,2,2,0
58622601,357,192,165,332,178,154,14,5,9,46,24,22,2,0,2,25,14,11,297,139,158,160,67,93,0,0,0,4,1,3,32,17,15,101,54,47,5,1,4
58623401,245,152,93,232,143,89,6,2,4,31,16,15,3,0,3,13,9,4,181,78,103,70,26,44,0,0,0,17,0,17,41,21,20,53,31,22,3,1,2
58624201,104,58,46,99,56,43,0,0,0,18,9,9,0,0,0,5,2,3,92,38,54,54,19,35,1,0,1,5,0,5,13,8,5,19,11,8,1,1,0
58625101,22,13,9,21,13,8,0,0,0,3,2,1,0,0,0,1,0,1,7,1,6,2,0,2,0,0,0,0,0,0,0,0,0,5,1,4,0,0,0
58625102,100,54,46,96,53,43,4,1,3,10,5,5,2,0,2,4,1,3,96,44,52,54,23,31,1,1,0,3,0,3,17,8,9,21,12,9,0,0,0
58626901,525,297,228,503,286,217,13,8,5,59,38,21,6,0,6,22,11,11,502,219,283,278,114,164,1,1,0,21,0,21,76,50,26,126,54,72,9,5,4
58627701,425,238,187,408,230,178,15,10,5,49,25,24,1,0,1,17,8,9,432,209,223,192,85,107,0,0,0,17,0,17,53,31,22,170,93,77,4,4,0
58628501,276,145,131,260,144,116,7,1,6,18,10,8,1,0,1,16,1,15,227,104,123,96,40,56,0,0,0,11,0,11,37,19,18,83,45,38,4,3,1
58629301,198,120,78,188,116,72,6,2,4,22,10,12,1,0,1,10,4,6,186,81,105,90,34,56,0,0,0,13,0,13,36,18,18,47,29,18,2,0,2
0784760,0,0,0,0,0,0,0,0,0,0,0,0,0,0,0,0,0,0,0,0,0,0,0,0,0,0,0,0,0,0,0,0,0,0,0,0,0,0,0
0784920,0,0,0,0,0,0,0,0,0,0,0,0,0,0,0,0,0,0,0,0,0,0,0,0,0,0,0,0,0,0,0,0,0,0,0,0,0,0,0
0785310,0,0,0,0,0,0,0,0,0,0,0,0,0,0,0,0,0,0,0,0,0,0,0,0,0,0,0,0,0,0,0,0,0,0,0,0,0,0,0
58630701,302,183,119,282,172,110,13,6,7,26,16,10,0,0,0,20,11,9,340,160,180,173,71,102,1,0,1,14,0,14,48,26,22,104,63,41,3,3,0
58630702,887,484,403,851,465,386,29,17,12,164,88,76,4,0,4,36,19,17,845,374,471,477,204,273,1,1,0,25,0,25,114,58,56,228,111,117,5,4,1
58630703,365,194,171,339,177,162,14,6,8,41,21,20,0,0,0,26,17,9,350,159,191,169,74,95,0,0,0,9,0,9,48,22,26,124,63,61,1,1,0
58630706,1010,577,433,933,528,405,31,16,15,151,67,84,9,0,9,77,49,28,826,337,489,382,152,230,4,1,3,43,1,42,162,71,91,235,112,123,34,25,9
58630707,49,32,17,26,15,11,0,0,0,4,4,0,0,0,0,23,17,6,39,20,19,31,19,12,0,0,0,0,0,0,1,0,1,7,1,6,0,0,0
58630708,910,478,432,855,450,405,30,16,14,141,70,71,6,0,6,55,28,27,958,370,588,524,190,334,1,0,1,42,0,42,134,57,77,257,123,134,4,1,3
58630709,517,265,252,491,251,240,19,6,13,79,38,41,6,0,6,26,14,12,496,220,276,301,125,176,1,0,1,14,0,14,55,23,32,125,72,53,4,2,2
58630710,463,245,218,443,235,208,19,6,13,58,32,26,3,0,3,20,10,10,523,198,325,309,108,201,1,0,1,17,0,17,65,27,38,131,63,68,5,2,3
58630711,134,61,73,132,61,71,5,4,1,43,18,25,2,0,2,2,0,2,365,228,137,326,208,118,0,0,0,2,0,2,14,8,6,23,12,11,2,2,0
58630712,744,390,354,704,372,332,27,14,13,106,51,55,3,0,3,40,18,22,813,330,483,468,177,291,0,0,0,27,0,27,109,45,64,209,108,101,8,3,5
58631501,80,47,33,74,44,30,2,0,2,8,5,3,0,0,0,6,3,3,68,28,40,42,20,22,0,0,0,3,0,3,12,3,9,11,5,6,1,0,1
58632301,672,381,291,639,365,274,23,9,14,91,55,36,4,0,4,33,16,17,681,292,389,367,146,221,3,2,1,29,0,29,96,55,41,186,89,97,9,4,5
58633101,437,258,179,402,237,165,8,3,5,50,25,25,2,0,2,35,21,14,437,197,240,248,103,145,1,1,0,16,0,16,41,25,16,131,68,63,3,2,1
58634001,387,210,177,366,197,169,10,3,7,36,19,17,3,0,3,21,13,8,422,189,233,198,91,107,0,0,0,25,0,25,72,34,38,127,64,63,2,1,1
58635801,1402,789,613,1310,737,573,33,16,17,192,98,94,15,0,15,92,52,40,1376,583,793,708,294,414,2,1,1,59,0,59,226,108,118,381,180,201,26,14,12
58636601,75,41,34,73,40,33,3,1,2,13,9,4,0,0,0,2,1,1,74,40,34,40,18,22,0,0,0,0,0,0,7,6,1,27,16,11,1,0,1
58637401,518,296,222,477,275,202,16,10,6,53,33,20,3,0,3,41,21,20,445,188,257,168,68,100,0,0,0,23,0,23,90,44,46,164,76,88,11,4,7
58637402,476,259,217,441,243,198,7,3,4,60,31,29,2,0,2,35,16,19,441,184,257,240,106,134,0,0,0,19,0,19,59,26,33,123,52,71,4,3,1
58638201,929,535,394,886,512,374,23,10,13,111,61,50,8,0,8,43,23,20,834,355,479,376,146,230,1,1,0,49,1,48,157,78,79,251,129,122,8,5,3
58639101,46,23,23,42,20,22,0,0,0,4,3,1,0,0,0,4,3,1,29,14,15,20,9,11,1,0,1,1,0,1,3,2,1,4,3,1,1,0,1
58639102,326,197,129,307,185,122,9,2,7,38,25,13,2,0,2,19,12,7,301,135,166,167,70,97,0,0,0,10,0,10,43,26,17,81,39,42,4,3,1
58640401,875,477,398,826,453,373,24,13,11,93,38,55,6,0,6,49,24,25,846,345,501,442,182,260,3,1,2,37,0,37,129,57,72,235,105,130,15,8,7
58640402,120,71,49,115,68,47,2,0,2,21,12,9,0,0,0,5,3,2,96,46,50,60,32,28,1,1,0,4,0,4,10,2,8,21,11,10,1,1,0
58641201,1760,1004,756,1656,939,717,45,20,25,189,96,93,11,0,11,104,65,39,1744,773,971,844,361,483,6,3,3,92,1,91,297,153,144,505,255,250,25,12,13
58642101,435,240,195,413,231,182,12,3,9,43,23,20,2,0,2,22,9,13,400,178,222,209,88,121,0,0,0,19,1,18,56,28,28,116,61,55,7,5,2
58643901,169,95,74,163,93,70,5,2,3,16,7,9,0,0,0,6,2,4,151,64,87,71,26,45,0,0,0,5,0,5,23,14,9,52,24,28,3,0,3
58644701,229,120,109,219,114,105,5,2,3,19,5,14,2,0,2,10,6,4,237,104,133,115,49,66,1,0,1,11,1,10,46,23,23,64,31,33,5,4,1
58645501,10,8,2,9,7,2,0,0,0,3,2,1,0,0,0,1,1,0,10,3,7,6,2,4,0,0,0,2,0,2,2,1,1,0,0,0,0,0,0
58645502,228,137,91,204,127,77,2,1,1,22,11,11,1,0,1,24,10,14,210,104,106,127,59,68,1,1,0,6,0,6,26,15,11,50,29,21,5,2,3
58645503,25,13,12,23,12,11,0,0,0,1,1,0,0,0,0,2,1,1,23,8,15,11,5,6,0,0,0,3,0,3,6,2,4,3,1,2,1,1,0
58645504,35,22,13,33,21,12,0,0,0,2,0,2,0,0,0,2,1,1,40,15,25,16,5,11,0,0,0,3,0,3,8,5,3,13,5,8,0,0,0
58645505,14,7,7,13,6,7,1,0,1,2,1,1,0,0,0,1,1,0,10,5,5,7,4,3,0,0,0,0,0,0,0,0,0,3,1,2,0,0,0
58646301,112,60,52,110,59,51,5,2,3,17,9,8,1,0,1,2,1,1,113,51,62,54,23,31,1,1,0,8,0,8,15,5,10,35,22,13,3,3,0
58647101,108,56,52,98,50,48,1,1,0,11,7,4,0,0,0,10,6,4,112,47,65,60,25,35,0,0,0,3,0,3,12,5,7,37,17,20,2,2,0
58648001,678,385,293,622,353,269,14,4,10,71,45,26,7,0,7,56,32,24,581,240,341,298,118,180,1,1,0,22,0,22,97,46,51,163,75,88,13,5,8
58649801,1079,589,490,1007,549,458,17,7,10,139,76,63,6,0,6,72,40,32,1006,449,557,489,198,291,0,0,0,32,0,32,172,82,90,313,169,144,20,8,12
58650101,415,236,179,391,226,165,8,2,6,46,30,16,3,0,3,24,10,14,406,188,218,229,106,123,0,0,0,18,0,18,59,33,26,100,49,51,5,2,3
58651001,1857,1040,817,1761,990,771,34,14,20,232,128,104,13,0,13,96,50,46,1791,745,1046,945,365,580,6,1,5,71,1,70,244,125,119,525,253,272,18,7,11
58651002,58,28,30,55,28,27,2,2,0,7,2,5,0,0,0,3,0,3,43,20,23,22,8,14,0,0,0,0,0,0,6,1,5,15,11,4,0,0,0
58652801,70,41,29,66,38,28,2,1,1,22,14,8,0,0,0,4,3,1,96,39,57,59,22,37,1,0,1,3,0,3,14,6,8,19,11,8,0,0,0
58652802,62,34,28,55,30,25,2,1,1,15,9,6,0,0,0,7,4,3,63,29,34,39,19,20,0,0,0,2,0,2,5,2,3,17,8,9,0,0,0
58652803,1239,675,564,1164,627,537,31,14,17,189,106,83,4,0,4,75,48,27,1128,512,616,620,269,351,3,2,1,36,1,35,130,70,60,339,170,169,25,16,9
58652804,280,160,120,266,152,114,3,0,3,30,16,14,1,0,1,14,8,6,308,134,174,160,69,91,0,0,0,21,0,21,58,28,30,69,37,32,4,2,2
58653601,73,44,29,68,43,25,2,1,1,12,7,5,1,0,1,5,1,4,60,26,34,44,21,23,0,0,0,1,0,1,6,1,5,9,4,5,1,0,1
58654401,243,130,113,234,124,110,16,8,8,24,9,15,1,0,1,9,6,3,235,111,124,120,53,67,0,0,0,7,0,7,31,18,13,77,40,37,5,2,3
58655201,403,222,181,385,210,175,6,2,4,53,24,29,0,0,0,18,12,6,381,158,223,215,78,137,0,0,0,17,1,16,49,30,19,100,49,51,4,3,1
58656101,467,261,206,434,242,192,15,7,8,44,22,22,4,0,4,33,19,14,454,203,251,220,99,121,1,0,1,29,0,29,75,30,45,129,74,55,10,4,6
58657901,167,97,70,150,92,58,9,3,6,12,9,3,1,0,1,17,5,12,183,78,105,105,43,62,0,0,0,14,0,14,34,20,14,30,15,15,2,2,0
3140810,0,0,0,0,0,0,0,0,0,0,0,0,0,0,0,0,0,0,0,0,0,0,0,0,0,0,0,0,0,0,0,0,0,0,0,0,0,0,0
3400060,0,0,0,0,0,0,0,0,0,0,0,0,0,0,0,0,0,0,0,0,0,0,0,0,0,0,0,0,0,0,0,0,0,0,0,0,0,0,0
58658702,77,44,33,76,43,33,3,2,1,8,5,3,0,0,0,1,1,0,50,29,21,2,2,0,1,0,1,2,0,2,7,3,4,38,24,14,0,0,0
58658703,11,6,5,11,6,5,0,0,0,1,0,1,0,0,0,0,0,0,12,7,5,8,5,3,0,0,0,1,0,1,2,2,0,1,0,1,0,0,0
58658704,1256,695,561,1204,666,538,37,20,17,152,72,80,9,0,9,52,29,23,1256,497,759,729,258,471,2,1,1,51,0,51,166,80,86,308,158,150,27,14,13
58658705,712,401,311,686,387,299,20,14,6,69,38,31,6,0,6,26,14,12,763,332,431,387,145,242,0,0,0,24,0,24,93,48,45,259,139,120,2,1,1
58658706,27,14,13,25,14,11,0,0,0,3,1,2,1,0,1,2,0,2,33,16,17,18,8,10,0,0,0,2,0,2,3,1,2,10,7,3,0,0,0
58658707,558,312,246,528,297,231,18,9,9,70,35,35,2,0,2,30,15,15,523,230,293,273,107,166,0,0,0,28,0,28,73,40,33,149,83,66,5,1,4
58658709,12,7,5,10,6,4,0,0,0,1,1,0,0,0,0,2,1,1,17,6,11,8,4,4,0,0,0,1,0,1,3,0,3,5,2,3,0,0,0
58659501,287,166,121,280,163,117,7,6,1,41,22,19,0,0,0,7,3,4,296,138,158,148,68,80,0,0,0,14,0,14,48,20,28,86,50,36,1,1,0
58660901,580,322,258,552,307,245,9,5,4,50,24,26,1,0,1,28,15,13,600,255,345,294,120,174,1,1,0,19,0,19,89,41,48,197,93,104,19,5,14
58661701,163,99,64,155,97,58,3,0,3,16,9,7,1,0,1,8,2,6,204,87,117,117,48,69,2,1,1,13,0,13,31,13,18,41,25,16,2,0,2
58661702,47,25,22,42,22,20,1,0,1,2,2,0,0,0,0,5,3,2,55,23,32,30,13,17,0,0,0,5,0,5,8,5,3,12,5,7,1,1,0
58662501,807,460,347,761,436,325,40,18,22,96,54,42,3,0,3,46,24,22,679,285,394,304,107,197,1,1,0,33,0,33,106,53,53,235,124,111,6,2,4
58662502,956,552,404,902,525,377,28,14,14,125,73,52,7,0,7,54,27,27,936,404,532,489,191,298,3,0,3,40,1,39,136,68,68,268,144,124,10,8,2
58663301,173,97,76,161,93,68,6,1,5,22,10,12,1,0,1,12,4,8,164,80,84,94,44,50,0,0,0,10,0,10,31,21,10,29,15,14,4,4,0
58664101,1092,605,487,1041,579,462,34,14,20,139,70,69,10,0,10,51,26,25,991,422,569,533,223,310,0,0,0,41,0,41,127,62,65,290,137,153,13,6,7
58665001,266,154,112,249,146,103,4,0,4,29,16,13,1,0,1,17,8,9,255,101,154,113,45,68,0,0,0,14,0,14,51,18,33,77,38,39,3,1,2
58666801,430,227,203,422,225,197,14,6,8,35,12,23,7,0,7,8,2,6,428,185,243,194,87,107,0,0,0,23,1,22,71,36,35,140,61,79,8,6,2
58667601,191,103,88,180,96,84,2,0,2,12,7,5,2,0,2,11,7,4,175,78,97,99,41,58,0,0,0,6,0,6,23,10,13,47,27,20,6,2,4
58668401,25,15,10,23,14,9,0,0,0,4,3,1,0,0,0,2,1,1,20,10,10,18,10,8,0,0,0,0,0,0,2,0,2,0,0,0,2,1,1
58668402,418,227,191,389,212,177,16,5,11,42,24,18,4,0,4,29,15,14,410,182,228,195,71,124,2,1,1,18,1,17,65,33,32,130,76,54,6,5,1
58669201,364,200,164,348,190,158,13,6,7,34,13,21,5,0,5,16,10,6,369,157,212,165,67,98,1,0,1,20,0,20,72,30,42,111,60,51,3,2,1
58670601,1088,612,476,1037,578,459,28,12,16,124,62,62,3,0,3,51,34,17,981,432,549,462,201,261,3,2,1,56,0,56,168,89,79,292,140,152,18,6,12
58671401,1380,801,579,1287,747,540,39,21,18,140,70,70,7,0,7,93,54,39,1336,543,793,751,289,462,2,2,0,70,0,70,190,92,98,323,160,163,16,10,6
1807000,0,0,0,0,0,0,0,0,0,0,0,0,0,0,0,0,0,0,0,0,0,0,0,0,0,0,0,0,0,0,0,0,0,0,0,0,0,0,0
3217450,0,0,0,0,0,0,0,0,0,0,0,0,0,0,0,0,0,0,0,0,0,0,0,0,0,0,0,0,0,0,0,0,0,0,0,0,0,0,0
3217530,0,0,0,0,0,0,0,0,0,0,0,0,0,0,0,0,0,0,0,0,0,0,0,0,0,0,0,0,0,0,0,0,0,0,0,0,0,0,0
58672203,369,203,166,352,196,156,16,8,8,39,20,19,1,0,1,17,7,10,355,156,199,201,90,111,0,0,0,9,0,9,44,21,23,101,45,56,6,5,1
58672204,415,244,171,400,236,164,8,7,1,51,26,25,1,0,1,15,8,7,386,163,223,225,92,133,0,0,0,16,0,16,41,19,22,104,52,52,2,1,1
58672206,17,11,6,16,10,6,0,0,0,4,3,1,0,0,0,1,1,0,10,4,6,5,2,3,0,0,0,0,0,0,0,0,0,5,2,3,0,0,0
58672207,45,26,19,43,24,19,0,0,0,0,0,0,0,0,0,2,2,0,42,14,28,11,5,6,0,0,0,3,0,3,5,4,1,23,5,18,0,0,0
58672208,258,139,119,236,129,107,4,1,3,36,18,18,0,0,0,22,10,12,259,111,148,143,59,84,0,0,0,16,0,16,37,22,15,63,30,33,4,2,2
58672209,1265,660,605,1165,609,556,24,8,16,137,66,71,4,0,4,100,51,49,1252,502,750,717,247,470,4,2,2,56,0,56,158,83,75,317,170,147,18,9,9
58672210,1935,1066,869,1836,1014,822,47,19,28,262,152,110,14,0,14,99,52,47,1708,702,1006,933,351,582,2,1,1,65,0,65,234,115,119,474,235,239,12,7,5
58672211,884,504,380,797,444,353,24,8,16,100,49,51,8,0,8,87,60,27,839,338,501,507,200,307,1,1,0,36,1,35,118,58,60,177,78,99,44,36,8
58672212,110,59,51,100,53,47,1,1,0,17,10,7,1,0,1,10,6,4,119,51,68,50,20,30,0,0,0,5,0,5,16,7,9,48,24,24,1,0,1
58673101,252,142,110,236,135,101,12,7,5,31,14,17,1,0,1,16,7,9,212,99,113,101,48,53,2,1,1,12,0,12,37,16,21,60,34,26,6,4,2
58674901,494,286,208,470,270,200,18,10,8,69,39,30,4,0,4,24,16,8,498,214,284,248,107,141,0,0,0,30,0,30,81,38,43,139,69,70,5,3,2
58675701,426,241,185,409,236,173,16,7,9,38,24,14,2,0,2,17,5,12,354,140,214,176,69,107,0,0,0,15,0,15,51,23,28,112,48,64,3,1,2
58675702,1030,582,448,960,550,410,29,18,11,117,64,53,9,0,9,70,32,38,999,415,584,514,204,310,2,0,2,44,0,44,160,79,81,279,132,147,7,1,6
58676501,2296,1246,1050,2166,1171,995,56,17,39,251,129,122,12,0,12,130,75,55,2078,890,1188,992,384,608,4,3,1,95,0,95,336,178,158,651,325,326,25,13,12
58677301,278,154,124,261,144,117,8,4,4,36,17,19,1,0,1,17,10,7,281,128,153,176,83,93,0,0,0,8,0,8,25,13,12,72,32,40,7,6,1
58678101,361,213,148,336,200,136,3,0,3,44,22,22,0,0,0,25,13,12,339,154,185,190,78,112,1,0,1,14,0,14,56,31,25,78,45,33,2,1,1
58679001,27,14,13,23,13,10,3,2,1,3,3,0,1,0,1,4,1,3,28,11,17,16,6,10,0,0,0,0,0,0,3,1,2,9,4,5,0,0,0
58679002,15,12,3,15,12,3,0,0,0,7,7,0,0,0,0,0,0,0,12,4,8,10,2,8,0,0,0,0,0,0,1,1,0,1,1,0,0,0,0
58679003,520,282,238,507,279,228,22,8,14,52,32,20,4,0,4,13,3,10,470,208,262,204,86,118,1,1,0,22,0,22,85,47,38,158,74,84,3,2,1
58680301,1234,701,533,1176,672,504,35,13,22,126,68,58,14,0,14,58,29,29,1198,518,680,635,256,379,2,1,1,55,0,55,189,98,91,317,163,154,23,10,13
58681101,230,127,103,222,121,101,8,1,7,24,10,14,2,0,2,8,6,2,247,105,142,151,67,84,0,0,0,10,0,10,34,14,20,52,24,28,5,2,3
58682001,450,257,193,424,239,185,17,11,6,66,31,35,2,0,2,26,18,8,466,192,274,280,110,170,1,1,0,13,0,13,48,19,29,124,62,62,8,4,4
58683801,81,47,34,79,47,32,2,2,0,13,9,4,1,0,1,2,0,2,91,40,51,58,26,32,0,0,0,5,0,5,13,8,5,15,6,9,4,3,1
59335402,144,85,59,127,76,51,2,0,2,5,2,3,1,0,1,17,9,8,154,67,87,79,37,42,0,0,0,10,0,10,23,10,13,42,20,22,3,1,2
55010801,190,111,79,181,108,73,3,0,3,18,8,10,1,0,1,9,3,6,164,77,87,78,36,42,0,0,0,10,0,10,32,17,15,44,24,20,3,2,1
55013201,299,170,129,294,168,126,13,4,9,21,15,6,1,0,1,5,2,3,273,131,142,106,53,53,3,1,2,23,0,23,54,27,27,87,50,37,9,4,5
55013202,29,16,13,27,15,12,2,2,0,7,5,2,0,0,0,2,1,1,25,12,13,15,7,8,0,0,0,0,0,0,3,0,3,7,5,2,0,0,0
55014101,195,111,84,187,106,81,7,0,7,9,6,3,2,0,2,8,5,3,156,53,103,61,20,41,0,0,0,13,0,13,37,14,23,45,19,26,4,2,2
55017501,225,131,94,222,130,92,6,3,3,28,16,12,0,0,0,3,1,2,191,75,116,91,38,53,0,0,0,13,0,13,30,13,17,57,24,33,5,1,4
55019101,117,69,48,110,65,45,1,0,1,10,6,4,0,0,0,7,4,3,124,56,68,67,28,39,1,0,1,5,0,5,21,10,11,30,18,12,1,0,1
55021302,450,252,198,439,247,192,15,5,10,32,15,17,8,0,8,11,5,6,397,170,227,144,58,86,1,0,1,17,0,17,84,36,48,151,76,75,3,2,1
55079501,122,76,46,118,75,43,3,3,0,15,5,10,0,0,0,4,1,3,115,38,77,55,16,39,0,0,0,7,0,7,21,12,9,32,10,22,2,2,0
55082501,134,74,60,133,74,59,2,2,0,5,3,2,1,0,1,1,0,1,177,82,95,67,27,40,2,0,2,5,0,5,38,20,18,65,35,30,0,0,0
55082502,574,335,239,560,329,231,16,8,8,34,20,14,11,0,11,14,6,8,464,196,268,136,59,77,2,1,1,48,0,48,149,75,74,129,61,68,8,4,4
55082503,84,50,34,82,49,33,3,2,1,8,6,2,0,0,0,2,1,1,92,39,53,45,16,29,0,0,0,4,0,4,12,5,7,31,18,13,0,0,0
55397201,69,39,30,69,39,30,2,1,1,7,3,4,1,0,1,0,0,0,57,25,32,17,8,9,1,1,0,4,0,4,14,7,7,21,9,12,2,1,1
55397202,77,44,33,76,44,32,3,1,2,6,1,5,1,0,1,1,0,1,61,28,33,34,15,19,0,0,0,4,0,4,12,6,6,11,7,4,0,0,0
55489801,202,117,85,197,114,83,1,0,1,22,11,11,4,0,4,5,3,2,157,64,93,61,25,36,1,0,1,10,0,10,35,19,16,50,20,30,5,2,3
55489802,74,45,29,72,44,28,2,1,1,7,4,3,0,0,0,2,1,1,87,36,51,37,15,22,0,0,0,7,0,7,15,6,9,28,15,13,2,1,1
55704801,259,140,119,240,130,110,7,2,5,17,11,6,3,0,3,19,10,9,201,94,107,90,42,48,0,0,0,9,0,9,36,18,18,66,34,32,2,1,1
1886110,0,0,0,0,0,0,0,0,0,0,0,0,0,0,0,0,0,0,0,0,0,0,0,0,0,0,0,0,0,0,0,0,0,0,0,0,0,0,0
1886200,0,0,0,0,0,0,0,0,0,0,0,0,0,0,0,0,0,0,0,0,0,0,0,0,0,0,0,0,0,0,0,0,0,0,0,0,0,0,0
1886380,0,0,0,0,0,0,0,0,0,0,0,0,0,0,0,0,0,0,0,0,0,0,0,0,0,0,0,0,0,0,0,0,0,0,0,0,0,0,0
1886710,0,0,0,0,0,0,0,0,0,0,0,0,0,0,0,0,0,0,0,0,0,0,0,0,0,0,0,0,0,0,0,0,0,0,0,0,0,0,0
1887600,0,0,0,0,0,0,0,0,0,0,0,0,0,0,0,0,0,0,0,0,0,0,0,0,0,0,0,0,0,0,0,0,0,0,0,0,0,0,0
1887860,0,0,0,0,0,0,0,0,0,0,0,0,0,0,0,0,0,0,0,0,0,0,0,0,0,0,0,0,0,0,0,0,0,0,0,0,0,0,0
1888080,0,0,0,0,0,0,0,0,0,0,0,0,0,0,0,0,0,0,0,0,0,0,0,0,0,0,0,0,0,0,0,0,0,0,0,0,0,0,0
3404300,0,0,0,0,0,0,0,0,0,0,0,0,0,0,0,0,0,0,0,0,0,0,0,0,0,0,0,0,0,0,0,0,0,0,0,0,0,0,0
59288901,202,106,96,193,104,89,10,6,4,17,3,14,2,0,2,9,2,7,177,74,103,75,29,46,1,1,0,9,0,9,30,10,20,62,34,28,1,1,0
59288904,195,101,94,192,100,92,3,1,2,17,9,8,2,0,2,3,1,2,169,73,96,86,36,50,1,1,0,7,0,7,25,13,12,50,23,27,4,3,1
59288905,18,10,8,18,10,8,0,0,0,3,2,1,0,0,0,0,0,0,17,6,11,10,4,6,0,0,0,1,0,1,2,1,1,4,1,3,0,0,0
59288906,284,166,118,276,162,114,11,7,4,26,19,7,2,0,2,8,4,4,290,119,171,118,46,72,2,2,0,22,0,22,56,28,28,92,43,49,2,1,1
59288907,187,105,82,180,101,79,5,2,3,16,7,9,1,0,1,7,4,3,150,60,90,70,28,42,0,0,0,5,1,4,19,7,12,56,24,32,1,0,1
59288909,704,387,317,686,379,307,32,14,18,66,39,27,4,0,4,18,8,10,673,281,392,351,134,217,1,1,0,19,0,19,85,42,43,217,104,113,6,3,3
59288910,296,155,141,287,150,137,11,7,4,29,16,13,2,0,2,9,5,4,252,93,159,120,41,79,0,0,0,14,0,14,50,28,22,68,24,44,3,2,1
59288911,1277,638,639,1234,612,622,34,15,19,126,52,74,8,0,8,43,26,17,731,325,406,299,124,175,1,1,0,43,1,42,150,70,80,238,129,109,11,7,4
59288912,48,19,29,48,19,29,0,0,0,4,2,2,1,0,1,0,0,0,40,18,22,19,8,11,0,0,0,0,0,0,6,3,3,15,7,8,0,0,0
59288913,873,455,418,844,442,402,31,11,20,75,41,34,5,0,5,29,13,16,828,329,499,447,156,291,0,0,0,45,0,45,127,66,61,209,107,102,8,7,1
59288914,670,366,304,647,354,293,19,15,4,73,35,38,4,0,4,23,12,11,623,292,331,293,119,174,3,3,0,25,0,25,104,59,45,198,111,87,8,3,5
59288915,188,104,84,182,102,80,4,2,2,13,7,6,0,0,0,6,2,4,177,79,98,74,31,43,0,0,0,6,0,6,31,13,18,66,35,31,2,1,1
59288916,311,164,147,305,161,144,9,5,4,32,16,16,2,1,1,6,3,3,272,119,153,167,71,96,1,1,0,11,0,11,39,25,14,54,22,32,1,1,0
59288917,87,49,38,82,46,36,2,0,2,22,12,10,0,0,0,5,3,2,335,92,243,297,78,219,1,0,1,4,0,4,13,5,8,20,9,11,2,0,2
59288918,351,186,165,340,178,162,11,6,5,39,14,25,3,0,3,11,8,3,380,155,225,226,84,142,3,3,0,17,0,17,44,23,21,90,45,45,5,2,3
59288919,629,345,284,610,339,271,24,15,9,86,47,39,4,0,4,19,6,13,478,214,264,227,87,140,0,0,0,13,0,13,65,40,25,173,87,86,4,2,2
59288920,299,163,136,289,157,132,20,12,8,30,16,14,1,0,1,10,6,4,254,122,132,122,52,70,3,2,1,12,1,11,45,28,17,72,39,33,5,4,1
59288921,359,242,117,306,205,101,10,7,3,23,14,9,1,0,1,53,37,16,249,109,140,74,31,43,1,1,0,19,0,19,67,38,29,88,39,49,73,45,28
59288922,204,118,86,201,116,85,16,9,7,18,8,10,2,0,2,3,2,1,183,72,111,101,39,62,0,0,0,9,0,9,27,11,16,46,22,24,2,2,0
59288923,95,64,31,65,46,19,0,0,0,2,2,0,0,0,0,30,18,12,55,23,32,24,8,16,0,0,0,5,1,4,14,9,5,12,5,7,0,0,0
59288924,92,52,40,88,49,39,2,2,0,17,11,6,2,0,2,4,3,1,80,31,49,36,11,25,0,0,0,3,0,3,13,6,7,28,14,14,0,0,0
59288925,42,24,18,38,21,17,2,0,2,4,2,2,0,0,0,4,3,1,23,12,11,9,3,6,0,0,0,3,0,3,5,4,1,6,5,1,0,0,0
59288926,154,85,69,150,84,66,0,0,0,0,0,0,0,0,0,4,1,3,12,4,8,4,1,3,0,0,0,0,0,0,1,0,1,7,3,4,16,14,2
59288927,2331,1212,1119,2244,1166,1078,83,40,43,246,121,125,18,0,18,87,46,41,2045,837,1208,955,337,618,6,2,4,118,1,117,405,202,203,561,295,266,35,23,12
59288928,722,388,334,697,374,323,25,15,10,75,33,42,5,0,5,25,14,11,708,262,446,404,131,273,4,3,1,28,0,28,94,41,53,178,87,91,15,11,4
59288929,133,74,59,131,73,58,6,2,4,9,5,4,0,0,0,2,1,1,146,55,91,81,28,53,1,0,1,4,0,4,23,12,11,37,15,22,2,0,2
59289701,116,61,55,113,59,54,0,0,0,12,3,9,0,0,0,3,2,1,117,49,68,65,25,40,0,0,0,3,0,3,13,8,5,36,16,20,3,3,0
59290101,276,153,123,268,148,120,13,8,5,25,14,11,1,0,1,8,5,3,228,94,134,101,37,64,0,0,0,13,0,13,39,20,19,75,37,38,2,1,1
59290102,94,55,39,92,54,38,3,1,2,7,5,2,1,0,1,2,1,1,98,46,52,49,22,27,2,1,1,6,1,5,18,7,11,23,15,8,0,0,0
59290103,73,40,33,67,38,29,5,4,1,6,2,4,1,0,1,6,2,4,74,31,43,40,20,20,0,0,0,2,0,2,11,5,6,21,6,15,0,0,0
59291901,623,336,287,600,325,275,16,6,10,47,25,22,4,0,4,23,11,12,611,278,333,248,108,140,0,0,0,44,0,44,132,69,63,187,101,86,5,3,2
59292701,445,239,206,435,234,201,12,8,4,41,20,21,7,0,7,10,5,5,426,192,234,217,96,121,0,0,0,21,0,21,62,30,32,126,66,60,6,4,2
0141250,0,0,0,0,0,0,0,0,0,0,0,0,0,0,0,0,0,0,0,0,0,0,0,0,0,0,0,0,0,0,0,0,0,0,0,0,0,0,0
3299410,0,0,0,0,0,0,0,0,0,0,0,0,0,0,0,0,0,0,0,0,0,0,0,0,0,0,0,0,0,0,0,0,0,0,0,0,0,0,0
3918670,0,0,0,0,0,0,0,0,0,0,0,0,0,0,0,0,0,0,0,0,0,0,0,0,0,0,0,0,0,0,0,0,0,0,0,0,0,0,0
3918750,0,0,0,0,0,0,0,0,0,0,0,0,0,0,0,0,0,0,0,0,0,0,0,0,0,0,0,0,0,0,0,0,0,0,0,0,0,0,0
3918830,0,0,0,0,0,0,0,0,0,0,0,0,0,0,0,0,0,0,0,0,0,0,0,0,0,0,0,0,0,0,0,0,0,0,0,0,0,0,0
3918910,0,0,0,0,0,0,0,0,0,0,0,0,0,0,0,0,0,0,0,0,0,0,0,0,0,0,0,0,0,0,0,0,0,0,0,0,0,0,0
3919050,0,0,0,0,0,0,0,0,0,0,0,0,0,0,0,0,0,0,0,0,0,0,0,0,0,0,0,0,0,0,0,0,0,0,0,0,0,0,0
3148110,0,0,0,0,0,0,0,0,0,0,0,0,0,0,0,0,0,0,0,0,0,0,0,0,0,0,0,0,0,0,0,0,0,0,0,0,0,0,0
3399620,0,0,0,0,0,0,0,0,0,0,0,0,0,0,0,0,0,0,0,0,0,0,0,0,0,0,0,0,0,0,0,0,0,0,0,0,0,0,0
3399710,0,0,0,0,0,0,0,0,0,0,0,0,0,0,0,0,0,0,0,0,0,0,0,0,0,0,0,0,0,0,0,0,0,0,0,0,0,0,0
3399890,0,0,0,0,0,0,0,0,0,0,0,0,0,0,0,0,0,0,0,0,0,0,0,0,0,0,0,0,0,0,0,0,0,0,0,0,0,0,0
59294301,412,247,165,396,239,157,11,6,5,25,15,10,5,0,5,16,8,8,339,133,206,156,64,92,1,1,0,23,0,23,70,28,42,89,40,49,7,0,7
59294302,191,109,82,180,103,77,3,2,1,14,9,5,2,0,2,11,6,5,167,76,91,73,29,44,0,0,0,11,0,11,33,19,14,50,28,22,1,0,1
59294303,270,148,122,255,138,117,5,0,5,20,10,10,2,0,2,15,10,5,277,119,158,133,56,77,0,0,0,11,0,11,42,17,25,91,46,45,2,1,1
59294304,197,110,87,187,107,80,8,4,4,10,6,4,1,0,1,10,3,7,173,82,91,80,36,44,1,1,0,7,0,7,28,11,17,57,34,23,2,1,1
59294305,329,178,151,316,170,146,16,9,7,27,13,14,3,0,3,13,8,5,352,138,214,210,73,137,0,0,0,14,0,14,39,22,17,89,43,46,3,2,1
59294306,456,262,194,438,252,186,10,5,5,38,24,14,4,0,4,18,10,8,400,165,235,197,76,121,1,0,1,23,0,23,72,38,34,107,51,56,2,1,1
59294307,70,40,30,69,40,29,4,2,2,4,1,3,1,0,1,1,0,1,70,29,41,35,12,23,0,0,0,1,0,1,6,4,2,28,13,15,0,0,0
59294308,989,562,427,931,530,401,26,8,18,68,30,38,3,0,3,58,32,26,817,332,485,398,143,255,2,1,1,48,0,48,132,66,66,237,122,115,50,36,14
59294309,240,127,113,233,123,110,12,6,6,13,4,9,2,0,2,7,4,3,190,80,110,62,21,41,0,0,0,12,0,12,40,17,23,76,42,34,1,0,1
59294310,240,138,102,235,136,99,14,7,7,21,12,9,0,0,0,5,2,3,195,78,117,69,26,43,2,0,2,10,0,10,32,8,24,82,44,38,2,1,1
59297801,148,91,57,140,86,54,5,3,2,10,8,2,4,0,4,8,5,3,135,52,83,57,20,37,0,0,0,12,0,12,31,13,18,35,19,16,0,0,0
59298601,123,75,48,114,71,43,2,2,0,11,8,3,3,0,3,9,4,5,107,39,68,44,20,24,0,0,0,12,0,12,25,7,18,26,12,14,1,1,0
59299401,471,265,206,455,255,200,12,8,4,44,29,15,3,0,3,16,10,6,463,192,271,209,83,126,2,1,1,23,0,23,72,33,39,157,75,82,3,0,3
59300101,1219,677,542,1187,656,531,49,26,23,116,68,48,11,0,11,32,21,11,1158,512,646,547,219,328,3,0,3,56,0,56,172,94,78,380,199,181,5,5,0
59301001,311,165,146,301,158,143,11,4,7,26,12,14,6,0,6,10,7,3,303,132,171,115,46,69,3,1,2,21,0,21,62,37,25,102,48,54,5,4,1
59302802,448,255,193,439,252,187,14,6,8,32,14,18,4,0,4,9,3,6,480,222,258,230,104,126,0,0,0,25,0,25,102,53,49,123,65,58,4,2,2
59303601,219,118,101,213,115,98,4,2,2,21,8,13,3,0,3,6,3,3,220,100,120,101,46,55,0,0,0,11,0,11,42,21,21,66,33,33,5,2,3
59303602,21,11,10,21,11,10,0,0,0,1,1,0,1,0,1,0,0,0,26,11,15,15,6,9,0,0,0,0,0,0,5,2,3,6,3,3,1,0,1
59304401,529,286,243,509,279,230,19,11,8,40,20,20,3,0,3,20,7,13,510,202,308,214,79,135,1,1,0,35,0,35,113,55,58,147,67,80,5,5,0
59305201,440,245,195,421,237,184,12,5,7,53,26,27,5,0,5,19,8,11,385,168,217,185,83,102,1,1,0,17,0,17,69,35,34,113,49,64,3,0,3
59306101,191,109,82,187,106,81,5,3,2,21,14,7,1,0,1,4,3,1,177,83,94,99,47,52,1,1,0,4,0,4,20,9,11,53,26,27,2,1,1
59306102,132,74,58,123,69,54,7,3,4,6,3,3,2,0,2,9,5,4,115,52,63,32,13,19,0,0,0,8,0,8,31,17,14,44,22,22,2,1,1
59307901,412,221,191,396,215,181,14,4,10,40,18,22,5,0,5,16,6,10,359,155,204,171,74,97,0,0,0,13,0,13,61,30,31,114,51,63,6,4,2
59308701,224,124,100,216,118,98,5,3,2,23,11,12,1,0,1,8,6,2,297,129,168,191,75,116,1,0,1,7,0,7,37,21,16,61,33,28,3,2,1
59308703,38,22,16,36,20,16,1,0,1,1,1,0,0,0,0,2,2,0,39,14,25,21,4,17,0,0,0,2,0,2,4,3,1,12,7,5,2,2,0
59309501,125,77,48,116,71,45,0,0,0,7,4,3,0,0,0,9,6,3,132,55,77,73,29,44,0,0,0,5,0,5,19,9,10,35,17,18,0,0,0
59311701,201,117,84,194,116,78,3,2,1,19,12,7,3,0,3,7,1,6,306,137,169,192,86,106,0,0,0,17,0,17,39,22,17,58,29,29,2,2,0
59311702,1243,671,572,1200,651,549,32,17,15,127,69,58,11,1,10,43,20,23,1123,467,656,578,220,358,4,2,2,41,0,41,168,83,85,332,162,170,22,17,5
59312502,196,106,90,192,103,89,1,0,1,27,11,16,2,0,2,4,3,1,179,81,98,96,40,56,1,1,0,5,0,5,27,14,13,50,26,24,1,0,1
59314101,380,207,173,353,193,160,16,5,11,38,16,22,3,0,3,27,14,13,329,151,178,139,68,71,3,1,2,13,0,13,64,30,34,110,52,58,3,2,1
59315001,160,96,64,149,91,58,1,1,0,9,6,3,1,0,1,11,5,6,101,42,59,38,15,23,0,0,0,7,0,7,23,11,12,33,16,17,0,0,0
59315002,51,31,20,49,31,18,0,0,0,4,1,3,0,0,0,2,0,2,48,18,30,17,6,11,0,0,0,5,0,5,14,5,9,12,7,5,2,2,0
59316801,381,204,177,366,197,169,6,4,2,34,12,22,1,0,1,15,7,8,331,153,178,155,67,88,0,0,0,20,1,19,62,36,26,94,49,45,10,7,3
59318401,61,33,28,60,32,28,5,1,4,11,6,5,1,0,1,1,1,0,51,28,23,31,15,16,0,0,0,1,0,1,6,4,2,13,9,4,0,0,0
3207650,0,0,0,0,0,0,0,0,0,0,0,0,0,0,0,0,0,0,0,0,0,0,0,0,0,0,0,0,0,0,0,0,0,0,0,0,0,0,0
59319201,200,115,85,197,115,82,9,3,6,28,17,11,1,0,1,3,0,3,181,73,108,99,41,58,0,0,0,5,0,5,22,9,13,55,23,32,2,1,1
59321401,1042,574,468,998,554,444,27,12,15,102,53,49,5,0,5,44,20,24,856,388,468,360,135,225,1,0,1,39,2,37,168,92,76,288,159,129,7,5,2
59322201,434,244,190,417,235,182,14,6,8,30,15,15,5,0,5,17,9,8,357,158,199,154,64,90,0,0,0,16,0,16,67,31,36,120,63,57,4,1,3
59323101,91,52,39,79,47,32,3,2,1,6,3,3,1,0,1,12,5,7,49,17,32,19,7,12,0,0,0,5,0,5,12,4,8,13,6,7,0,0,0
59324901,239,136,103,233,134,99,7,2,5,23,10,13,2,0,2,6,2,4,218,83,135,93,39,54,0,0,0,15,0,15,41,11,30,69,33,36,1,1,0
59325701,711,406,305,686,395,291,22,8,14,58,36,22,4,2,2,25,11,14,586,226,360,290,111,179,0,0,0,36,0,36,93,44,49,167,71,96,16,11,5
59326501,363,206,157,355,201,154,16,6,10,35,18,17,8,0,8,8,5,3,354,151,203,136,58,78,0,0,0,24,0,24,82,44,38,112,49,63,5,3,2
59327301,516,273,243,505,268,237,30,15,15,59,29,30,3,0,3,11,5,6,425,203,222,182,86,96,1,1,0,17,0,17,68,32,36,157,84,73,7,4,3
59328101,137,73,64,129,71,58,3,1,2,9,4,5,0,0,0,8,2,6,137,71,66,59,34,25,0,0,0,7,0,7,23,11,12,48,26,22,6,4,2
59329001,58,37,21,53,33,20,0,0,0,4,3,1,1,0,1,5,4,1,70,36,34,37,16,21,0,0,0,2,0,2,10,5,5,21,15,6,2,0,2
59332001,363,203,160,349,200,149,15,6,9,35,21,14,4,0,4,14,3,11,312,144,168,143,58,85,0,0,0,11,0,11,46,19,27,112,67,45,9,7,2
59333801,13,7,6,10,6,4,1,0,1,0,0,0,0,0,0,3,1,2,8,3,5,3,1,2,0,0,0,0,0,0,3,1,2,2,1,1,0,0,0
59333802,162,98,64,153,94,59,3,2,1,17,11,6,2,0,2,9,4,5,156,67,89,83,33,50,0,0,0,5,0,5,22,6,16,46,28,18,1,0,1
59334601,284,166,118,277,160,117,12,4,8,25,14,11,2,0,2,7,6,1,261,108,153,126,45,81,1,1,0,11,0,11,40,18,22,83,44,39,7,4,3
59337101,416,233,183,411,230,181,12,6,6,30,18,12,0,0,0,5,3,2,381,164,217,167,65,102,0,0,0,16,1,15,66,37,29,132,61,71,3,1,2
59338901,153,87,66,147,83,64,4,1,3,13,6,7,0,0,0,6,4,2,148,64,84,73,30,43,2,2,0,8,0,8,27,11,16,38,21,17,1,0,1
59339701,354,197,157,346,195,151,17,4,13,29,18,11,1,0,1,8,2,6,377,175,202,159,67,92,0,0,0,19,0,19,77,42,35,122,66,56,6,3,3
59340101,200,109,91,188,103,85,6,4,2,17,13,4,3,0,3,12,6,6,195,96,99,97,44,53,0,0,0,7,0,7,38,23,15,53,29,24,6,5,1
59341901,180,101,79,175,97,78,7,3,4,19,9,10,1,0,1,5,4,1,150,67,83,67,28,39,0,0,0,8,0,8,28,16,12,47,23,24,3,2,1
59341902,149,86,63,141,82,59,2,2,0,14,11,3,0,0,0,8,4,4,145,65,80,88,37,51,0,0,0,4,0,4,17,10,7,36,18,18,4,4,0
59341903,77,48,29,73,46,27,3,3,0,4,1,3,0,0,0,4,2,2,86,40,46,43,20,23,0,0,0,4,0,4,20,9,11,19,11,8,1,0,1
59341904,122,74,48,116,71,45,3,2,1,11,6,5,1,0,1,6,3,3,134,59,75,88,38,50,0,0,0,6,0,6,19,11,8,21,10,11,0,0,0
59342701,18,10,8,18,10,8,1,1,0,1,0,1,0,0,0,0,0,0,17,11,6,9,6,3,0,0,0,1,0,1,2,0,2,5,5,0,0,0,0
59342702,189,105,84,177,101,76,8,2,6,14,6,8,0,0,0,12,4,8,178,78,100,91,45,46,1,1,0,14,0,14,36,15,21,36,17,19,6,3,3
59343501,398,230,168,384,223,161,12,6,6,44,22,22,5,0,5,14,7,7,350,137,213,163,66,97,0,0,0,26,0,26,75,34,41,86,37,49,2,1,1
59344301,22,16,6,21,15,6,0,0,0,4,4,0,0,0,0,1,1,0,20,8,12,11,4,7,0,0,0,1,0,1,3,2,1,5,2,3,1,1,0
59344302,21,14,7,17,12,5,0,0,0,3,3,0,1,0,1,4,2,2,36,15,21,18,7,11,0,0,0,3,0,3,6,3,3,9,5,4,0,0,0
59346001,161,97,64,152,96,56,2,1,1,11,6,5,3,0,3,9,1,8,171,73,98,76,32,44,0,0,0,11,0,11,35,17,18,49,24,25,1,1,0
59347801,824,467,357,795,451,344,27,9,18,70,38,32,7,0,7,29,16,13,733,324,409,330,142,188,1,1,0,43,1,42,132,70,62,227,110,117,10,8,2
3303610,0,0,0,0,0,0,0,0,0,0,0,0,0,0,0,0,0,0,0,0,0,0,0,0,0,0,0,0,0,0,0,0,0,0,0,0,0,0,0
59348601,80,48,32,75,45,30,3,2,1,11,6,5,0,0,0,5,3,2,89,40,49,47,22,25,0,0,0,4,0,4,11,4,7,27,14,13,0,0,0
59349401,30,18,12,30,18,12,0,0,0,3,2,1,0,0,0,0,0,0,41,18,23,19,9,10,0,0,0,5,0,5,9,4,5,8,5,3,0,0,0
59349402,276,157,119,267,152,115,8,4,4,24,12,12,1,0,1,9,5,4,279,131,148,119,50,69,0,0,0,14,0,14,54,27,27,92,54,38,6,6,0
59350801,386,221,165,380,218,162,10,4,6,46,27,19,3,0,3,6,3,3,382,163,219,163,65,98,0,0,0,22,0,22,80,46,34,117,52,65,3,2,1
59350802,570,309,261,558,305,253,19,8,11,54,31,23,5,0,5,12,4,8,469,206,263,169,67,102,1,0,1,23,0,23,85,41,44,191,98,93,10,7,3
59351601,258,147,111,250,143,107,10,3,7,16,10,6,2,0,2,8,4,4,290,135,155,132,60,72,0,0,0,19,0,19,56,29,27,83,46,37,4,4,0
59351602,369,197,172,354,191,163,14,5,9,36,21,15,4,0,4,15,6,9,303,140,163,127,52,75,0,0,0,17,0,17,48,26,22,111,62,49,11,8,3
59352401,158,86,72,153,83,70,3,2,1,19,6,13,0,0,0,5,3,2,149,74,75,56,26,30,1,1,0,10,0,10,29,16,13,53,31,22,4,3,1
59352402,43,26,17,42,25,17,4,1,3,1,0,1,0,0,0,1,1,0,51,25,26,26,12,14,0,0,0,2,0,2,7,4,3,16,9,7,0,0,0
59353201,336,190,146,326,187,139,8,6,2,26,18,8,7,0,7,10,3,7,336,159,177,139,60,79,0,0,0,17,0,17,75,36,39,105,63,42,7,4,3
3148710,0,0,0,0,0,0,0,0,0,0,0,0,0,0,0,0,0,0,0,0,0,0,0,0,0,0,0,0,0,0,0,0,0,0,0,0,0,0,0
3148890,0,0,0,0,0,0,0,0,0,0,0,0,0,0,0,0,0,0,0,0,0,0,0,0,0,0,0,0,0,0,0,0,0,0,0,0,0,0,0
3149010,0,0,0,0,0,0,0,0,0,0,0,0,0,0,0,0,0,0,0,0,0,0,0,0,0,0,0,0,0,0,0,0,0,0,0,0,0,0,0
3149190,0,0,0,0,0,0,0,0,0,0,0,0,0,0,0,0,0,0,0,0,0,0,0,0,0,0,0,0,0,0,0,0,0,0,0,0,0,0,0
59355901,217,118,99,207,115,92,6,2,4,19,8,11,0,0,0,10,3,7,211,89,122,83,33,50,0,0,0,9,0,9,47,23,24,72,33,39,2,0,2
59355902,154,88,66,154,88,66,7,3,4,13,9,4,0,0,0,0,0,0,148,63,85,60,27,33,0,0,0,12,0,12,26,12,14,50,24,26,1,1,0
59355903,389,206,183,376,197,179,11,4,7,34,19,15,4,0,4,13,9,4,352,150,202,133,48,85,1,0,1,24,1,23,81,37,44,113,64,49,3,2,1
59355904,374,204,170,364,199,165,14,5,9,28,16,12,3,0,3,10,5,5,295,126,169,119,50,69,1,1,0,17,0,17,48,20,28,110,55,55,2,0,2
59355905,23,16,7,11,9,2,0,0,0,0,0,0,0,0,0,12,7,5,15,8,7,3,3,0,0,0,0,2,0,2,8,5,3,2,0,2,4,3,1
59355906,64,34,30,59,31,28,2,0,2,5,1,4,0,0,0,5,3,2,73,33,40,53,25,28,1,1,0,1,0,1,5,3,2,13,4,9,1,1,0
59355907,260,145,115,256,144,112,9,1,8,16,6,10,2,0,2,4,1,3,241,94,147,87,35,52,0,0,0,20,0,20,52,23,29,82,36,46,2,0,2
59355908,141,77,64,138,77,61,5,4,1,10,2,8,3,0,3,3,0,3,175,77,98,99,43,56,1,1,0,4,0,4,22,13,9,49,20,29,3,0,3
59355909,181,102,79,175,98,77,3,2,1,21,11,10,5,0,5,6,4,2,207,84,123,99,41,58,0,0,0,9,0,9,31,13,18,68,30,38,1,0,1
59355910,516,278,238,501,273,228,17,4,13,55,31,24,4,0,4,15,5,10,484,192,292,221,75,146,0,0,0,30,0,30,109,57,52,124,60,64,14,8,6
59355911,204,122,82,195,115,80,7,1,6,13,4,9,4,0,4,9,7,2,205,92,113,96,45,51,1,0,1,10,0,10,33,20,13,65,27,38,15,10,5
59355912,375,202,173,364,198,166,12,3,9,22,11,11,8,0,8,11,4,7,362,164,198,111,42,69,0,0,0,30,0,30,100,51,49,121,71,50,3,1,2
59356701,329,184,145,314,174,140,16,9,7,39,21,18,3,0,3,15,10,5,271,125,146,128,49,79,1,1,0,10,0,10,46,24,22,86,51,35,4,3,1
3045220,0,0,0,0,0,0,0,0,0,0,0,0,0,0,0,0,0,0,0,0,0,0,0,0,0,0,0,0,0,0,0,0,0,0,0,0,0,0,0
3045730,0,0,0,0,0,0,0,0,0,0,0,0,0,0,0,0,0,0,0,0,0,0,0,0,0,0,0,0,0,0,0,0,0,0,0,0,0,0,0
3045900,0,0,0,0,0,0,0,0,0,0,0,0,0,0,0,0,0,0,0,0,0,0,0,0,0,0,0,0,0,0,0,0,0,0,0,0,0,0,0
3046380,0,0,0,0,0,0,0,0,0,0,0,0,0,0,0,0,0,0,0,0,0,0,0,0,0,0,0,0,0,0,0,0,0,0,0,0,0,0,0
3046460,0,0,0,0,0,0,0,0,0,0,0,0,0,0,0,0,0,0,0,0,0,0,0,0,0,0,0,0,0,0,0,0,0,0,0,0,0,0,0
59358301,455,234,221,439,225,214,14,7,7,46,23,23,5,0,5,16,9,7,416,178,238,230,97,133,0,0,0,18,0,18,73,34,39,95,47,48,1,1,0
59358302,923,488,435,896,475,421,34,11,23,119,63,56,8,0,8,27,13,14,890,383,507,452,173,279,3,0,3,38,0,38,139,75,64,258,135,123,3,2,1
59358303,40,22,18,37,20,17,1,0,1,0,0,0,0,0,0,3,2,1,24,12,12,8,4,4,0,0,0,2,0,2,8,5,3,6,3,3,0,0,0
59358304,337,192,145,321,185,136,13,5,8,26,14,12,5,0,5,16,7,9,283,105,178,104,36,68,1,1,0,19,0,19,70,25,45,89,43,46,1,0,1
59358305,11,7,4,11,7,4,0,0,0,0,0,0,0,0,0,0,0,0,10,4,6,1,0,1,0,0,0,1,0,1,3,3,0,5,1,4,0,0,0
59358306,459,244,215,447,240,207,21,9,12,49,20,29,7,0,7,12,4,8,420,180,240,173,70,103,2,0,2,22,0,22,95,52,43,128,58,70,3,0,3
59358307,570,316,254,543,302,241,23,14,9,49,25,24,7,0,7,27,14,13,499,219,280,203,89,114,2,2,0,31,0,31,115,65,50,148,63,85,29,16,13
59358308,631,339,292,616,333,283,20,12,8,67,36,31,10,0,10,15,6,9,542,225,317,222,82,140,0,0,0,31,0,31,113,52,61,176,91,85,8,2,6
59358309,332,166,166,324,165,159,11,4,7,11,4,7,12,0,12,8,1,7,183,74,109,21,8,13,0,0,0,17,0,17,89,44,45,56,22,34,3,1,2
59359101,155,87,68,149,84,65,4,2,2,11,7,4,0,0,0,6,3,3,159,69,90,89,35,54,0,0,0,6,1,5,19,12,7,45,21,24,3,2,1
59360501,33,20,13,31,19,12,0,0,0,3,3,0,0,0,0,2,1,1,28,15,13,13,7,6,0,0,0,1,0,1,3,2,1,11,6,5,0,0,0
59360502,200,113,87,189,108,81,2,2,0,23,15,8,2,0,2,11,5,6,197,82,115,117,50,67,0,0,0,12,1,11,29,15,14,39,16,23,3,2,1
59361301,536,297,239,519,287,232,12,2,10,55,31,24,1,0,1,17,10,7,501,203,298,218,78,140,1,1,0,27,0,27,95,40,55,160,84,76,6,3,3
59362101,490,275,215,481,272,209,12,4,8,37,19,18,6,1,5,9,3,6,498,222,276,212,97,115,1,1,0,28,0,28,91,44,47,166,80,86,3,2,1
59363001,163,90,73,160,88,72,10,7,3,14,5,9,0,0,0,3,2,1,179,78,101,74,34,40,0,0,0,14,1,13,42,24,18,49,19,30,0,0,0
59364801,290,168,122,275,155,120,10,4,6,21,12,9,2,0,2,15,13,2,275,121,154,130,50,80,1,1,0,17,0,17,57,33,24,70,37,33,8,6,2
59365601,218,130,88,212,125,87,11,5,6,22,11,11,1,0,1,6,5,1,214,96,118,100,43,57,0,0,0,12,0,12,33,18,15,69,35,34,0,0,0
59366401,389,208,181,374,203,171,13,6,7,40,21,19,3,0,3,15,5,10,348,159,189,141,56,85,0,0,0,18,0,18,72,43,29,117,60,57,4,4,0
59368101,612,359,253,585,349,236,18,10,8,56,34,22,3,0,3,27,10,17,590,256,334,236,102,134,0,0,0,37,0,37,123,68,55,194,86,108,9,7,2
59369901,396,212,184,386,205,181,16,6,10,34,15,19,3,0,3,10,7,3,321,146,175,90,35,55,2,2,0,24,0,24,69,40,29,136,69,67,3,1,2
59370201,153,84,69,149,81,68,6,2,4,16,8,8,0,0,0,4,3,1,139,62,77,55,21,34,0,0,0,6,0,6,31,17,14,47,24,23,5,3,2
54532501,190,108,82,181,105,76,3,0,3,11,7,4,1,0,1,9,3,6,181,70,111,104,36,68,1,0,1,10,0,10,30,16,14,36,18,18,6,3,3
54694101,1189,653,536,1114,618,496,31,14,17,124,72,52,5,0,5,75,35,40,1056,459,597,510,209,301,0,0,0,54,0,54,173,84,89,319,166,153,18,10,8
55001901,95,43,52,87,40,47,1,0,1,9,4,5,2,0,2,8,3,5,101,43,58,48,20,28,0,0,0,3,0,3,23,10,13,27,13,14,2,1,1
55005101,197,108,89,187,101,86,9,4,5,11,8,3,0,0,0,10,7,3,147,61,86,71,27,44,0,0,0,8,1,7,18,7,11,50,26,24,3,3,0
55007801,52,32,20,50,30,20,1,0,1,3,1,2,0,0,0,2,2,0,43,20,23,25,9,16,0,0,0,1,0,1,3,3,0,14,8,6,0,0,0
55008601,125,75,50,120,71,49,4,2,2,10,7,3,0,0,0,5,4,1,115,45,70,47,15,32,0,0,0,11,0,11,27,14,13,30,16,14,2,1,1
55084101,25,11,14,24,11,13,0,0,0,7,2,5,1,0,1,1,0,1,25,14,11,15,7,8,0,0,0,0,0,0,3,3,0,7,4,3,2,1,1
55523101,680,378,302,644,361,283,20,11,9,63,38,25,3,0,3,36,17,19,682,320,362,272,122,150,5,1,4,39,0,39,145,74,71,221,123,98,7,3,4
58772901,580,316,264,554,303,251,24,7,17,44,23,21,5,0,5,26,13,13,510,228,282,159,68,91,3,2,1,32,0,32,119,55,64,197,103,94,12,8,4
58772902,309,158,151,293,151,142,10,3,7,22,12,10,1,0,1,16,7,9,254,123,131,93,40,53,0,0,0,11,0,11,43,28,15,107,55,52,3,0,3
1935850,0,0,0,0,0,0,0,0,0,0,0,0,0,0,0,0,0,0,0,0,0,0,0,0,0,0,0,0,0,0,0,0,0,0,0,0,0,0,0
59371101,56,29,27,54,29,25,3,2,1,5,4,1,0,0,0,2,0,2,57,25,32,25,13,12,1,0,1,2,0,2,7,0,7,22,12,10,1,1,0
59371102,188,100,88,180,95,85,4,2,2,18,7,11,1,0,1,8,5,3,192,87,105,92,43,49,1,1,0,11,0,11,35,19,16,53,24,29,3,0,3
59371103,79,40,39,71,37,34,3,1,2,3,2,1,0,0,0,8,3,5,108,50,58,51,24,27,0,0,0,4,0,4,16,7,9,37,19,18,0,0,0
59371104,81,47,34,79,47,32,2,2,0,8,6,2,0,0,0,2,0,2,77,30,47,40,15,25,0,0,0,3,0,3,12,5,7,22,10,12,0,0,0
59371105,202,108,94,192,105,87,5,4,1,16,11,5,2,0,2,10,3,7,194,95,99,89,40,49,1,1,0,13,1,12,32,18,14,59,35,24,1,0,1
59371106,188,100,88,174,95,79,5,3,2,10,7,3,0,0,0,14,5,9,150,73,77,57,28,29,0,0,0,8,0,8,34,17,17,51,28,23,2,1,1
59371107,45,24,21,43,22,21,2,1,1,5,2,3,0,0,0,2,2,0,33,13,20,12,6,6,0,0,0,1,0,1,6,2,4,14,5,9,0,0,0
59371109,608,327,281,563,305,258,16,8,8,67,33,34,4,0,4,45,22,23,608,280,328,271,121,150,3,1,2,28,0,28,92,48,44,214,110,104,5,3,2
59371110,2399,1226,1173,2253,1156,1097,77,29,48,212,90,122,15,0,15,146,70,76,1791,810,981,661,274,387,6,2,4,93,0,93,388,199,189,643,335,308,34,15,19
59371112,339,178,161,320,172,148,12,4,8,38,22,16,2,0,2,19,6,13,376,156,220,227,88,139,2,2,0,8,0,8,43,18,25,96,48,48,6,5,1
59371113,65,35,30,58,33,25,2,1,1,4,2,2,1,0,1,7,2,5,64,29,35,29,13,16,1,1,0,4,0,4,9,3,6,21,12,9,0,0,0
59371114,3080,1583,1497,2830,1461,1369,115,54,61,275,123,152,24,0,24,250,122,128,2943,1220,1723,1421,536,885,7,3,4,142,1,141,519,258,261,854,422,432,62,21,41
59371115,779,399,380,735,381,354,27,11,16,101,43,58,3,0,3,44,18,26,745,311,434,422,171,251,0,0,0,34,0,34,109,56,53,180,84,96,10,4,6
59371116,265,147,118,253,140,113,5,1,4,24,16,8,1,0,1,12,7,5,408,146,262,294,89,205,0,0,0,13,0,13,36,19,17,65,38,27,3,2,1
59371117,141,73,68,131,65,66,8,4,4,9,4,5,0,0,0,10,8,2,149,66,83,86,40,46,0,0,0,3,0,3,21,10,11,39,16,23,4,2,2
59371118,1813,938,875,1678,876,802,48,26,22,179,78,101,11,0,11,135,62,73,2027,839,1188,1153,449,704,9,5,4,85,0,85,292,136,156,488,249,239,45,25,20
59371119,86,42,44,81,40,41,1,0,1,12,4,8,2,0,2,5,2,3,85,33,52,46,17,29,0,0,0,4,0,4,14,6,8,21,10,11,3,2,1
59371120,130,105,25,119,98,21,3,3,0,3,1,2,0,0,0,11,7,4,147,120,27,22,10,12,0,0,0,2,0,2,77,73,4,46,37,9,0,0,0
59371121,757,408,349,688,371,317,20,13,7,58,26,32,5,0,5,69,37,32,827,347,480,425,173,252,1,1,0,46,0,46,144,73,71,211,100,111,11,6,5
59371122,43,22,21,39,19,20,0,0,0,1,0,1,0,0,0,4,3,1,45,22,23,24,12,12,0,0,0,1,0,1,11,5,6,9,5,4,2,2,0
59371123,173,97,76,156,88,68,5,1,4,14,7,7,0,0,0,17,9,8,195,78,117,95,40,55,1,0,1,9,0,9,29,11,18,61,27,34,3,1,2
59371124,1034,537,497,944,495,449,30,16,14,104,50,54,5,0,5,90,42,48,1148,472,676,730,283,447,2,2,0,46,0,46,140,62,78,230,125,105,33,16,17
59371125,705,355,350,651,336,315,21,7,14,64,26,38,3,0,3,54,19,35,685,283,402,358,124,234,1,1,0,29,0,29,115,59,56,182,99,83,13,5,8
59371126,155,83,72,146,78,68,5,1,4,10,5,5,0,0,0,9,5,4,115,57,58,37,17,20,0,0,0,8,0,8,23,13,10,47,27,20,3,1,2
59371127,70,40,30,68,40,28,4,1,3,4,3,1,0,0,0,2,0,2,56,24,32,19,7,12,0,0,0,4,0,4,7,6,1,26,11,15,1,0,1
59371128,1429,802,627,1222,691,531,47,22,25,112,58,54,4,0,4,207,111,96,1130,540,590,430,197,233,9,4,5,53,0,53,278,145,133,360,194,166,156,109,47
59371129,84,46,38,81,43,38,7,2,5,9,5,4,1,0,1,3,3,0,60,29,31,23,13,10,0,0,0,1,0,1,9,5,4,27,11,16,0,0,0
59371131,285,161,124,268,153,115,9,5,4,14,4,10,1,0,1,17,8,9,236,118,118,102,48,54,2,0,2,12,1,11,43,24,19,77,45,32,4,2,2
59371132,131,66,65,129,64,65,3,0,3,7,2,5,0,0,0,2,2,0,82,36,46,18,10,8,0,0,0,7,0,7,25,15,10,32,11,21,0,0,0
59371133,1500,771,729,1386,722,664,60,25,35,161,85,76,12,0,12,114,49,65,1670,659,1011,962,334,628,8,4,4,59,0,59,239,114,125,402,207,195,18,9,9
59372901,162,90,72,153,87,66,6,3,3,10,5,5,1,0,1,9,3,6,122,53,69,48,21,27,0,0,0,5,0,5,22,12,10,47,20,27,2,1,1
59373701,90,53,37,86,53,33,3,1,2,9,6,3,1,0,1,4,0,4,83,38,45,43,17,26,0,0,0,2,0,2,10,5,5,28,16,12,0,0,0
59373702,40,26,14,37,25,12,2,2,0,4,3,1,3,0,3,3,1,2,42,21,21,22,11,11,0,0,0,3,0,3,13,7,6,4,3,1,0,0,0
59373703,44,25,19,39,24,15,0,0,0,3,1,2,0,0,0,5,1,4,57,27,30,35,17,18,0,0,0,2,0,2,3,1,2,17,9,8,0,0,0
59374501,109,66,43,105,65,40,1,1,0,11,6,5,1,0,1,4,1,3,97,40,57,41,15,26,0,0,0,7,0,7,18,11,7,31,14,17,1,1,0
59375301,41,24,17,38,21,17,0,0,0,5,3,2,0,0,0,3,3,0,59,24,35,42,15,27,0,0,0,0,0,0,2,0,2,15,9,6,0,0,0
59375302,22,15,7,16,10,6,2,1,1,4,3,1,0,0,0,6,5,1,16,8,8,9,5,4,0,0,0,1,0,1,5,3,2,1,0,1,0,0,0
59376101,46,26,20,46,26,20,2,1,1,7,3,4,0,0,0,0,0,0,28,14,14,14,8,6,0,0,0,3,0,3,7,3,4,4,3,1,2,1,1
59377001,218,120,98,204,114,90,6,2,4,20,10,10,2,0,2,14,6,8,215,102,113,114,55,59,0,0,0,8,0,8,25,10,15,68,37,31,1,0,1
59377002,393,217,176,376,213,163,8,3,5,30,17,13,2,0,2,17,4,13,334,152,182,148,56,92,0,0,0,20,1,19,62,37,25,104,58,46,7,4,3
59378801,318,180,138,307,175,132,6,1,5,25,13,12,6,0,6,11,5,6,324,135,189,173,77,96,0,0,0,20,0,20,66,29,37,65,29,36,3,2,1
59379601,90,54,36,83,49,34,2,0,2,5,4,1,0,0,0,7,5,2,89,47,42,48,23,25,0,0,0,6,0,6,14,10,4,21,14,7,1,1,0
59380001,196,114,82,178,108,70,7,3,4,11,7,4,2,0,2,18,6,12,207,101,106,76,35,41,1,1,0,15,0,15,48,30,18,67,35,32,3,2,1
59381801,75,43,32,70,41,29,3,1,2,7,1,6,1,0,1,5,2,3,83,40,43,44,23,21,3,3,0,5,0,5,18,7,11,13,7,6,3,3,0
59382601,22,15,7,21,14,7,0,0,0,1,1,0,1,0,1,1,1,0,15,4,11,7,3,4,1,0,1,1,0,1,4,1,3,2,0,2,0,0,0
59382602,35,18,17,32,16,16,2,0,2,2,1,1,0,0,0,3,2,1,27,15,12,15,9,6,0,0,0,1,0,1,6,2,4,5,4,1,1,1,0
59382603,22,13,9,22,13,9,0,0,0,2,1,1,0,0,0,0,0,0,21,10,11,2,2,0,0,0,0,2,0,2,6,3,3,11,5,6,0,0,0
59382604,490,276,214,462,257,205,17,5,12,34,17,17,4,0,4,28,19,9,422,177,245,161,62,99,0,0,0,23,0,23,81,43,38,157,72,85,18,11,7
59382605,225,127,98,196,107,89,4,0,4,13,5,8,2,0,2,29,20,9,297,123,174,200,81,119,0,0,0,9,0,9,29,15,14,59,27,32,4,2,2
59384201,375,199,176,349,185,164,9,3,6,37,17,20,2,0,2,26,14,12,390,166,224,260,111,149,1,1,0,8,0,8,40,19,21,81,35,46,10,4,6
59385101,309,169,140,294,161,133,11,4,7,19,12,7,4,0,4,15,8,7,278,123,155,96,47,49,1,0,1,14,0,14,59,27,32,108,49,59,5,1,4
59386901,116,69,47,106,64,42,3,2,1,7,4,3,0,0,0,10,5,5,166,71,95,103,48,55,0,0,0,6,0,6,16,6,10,41,17,24,1,1,0
59387701,115,71,44,110,68,42,3,2,1,11,8,3,0,0,0,5,3,2,104,44,60,55,23,32,0,0,0,4,0,4,19,9,10,26,12,14,2,2,0
59388501,41,23,18,40,22,18,1,1,0,9,5,4,0,0,0,1,1,0,47,18,29,28,9,19,1,1,0,3,0,3,8,4,4,7,4,3,0,0,0
59389301,69,40,29,64,37,27,2,1,1,5,4,1,2,0,2,5,3,2,85,48,37,46,23,23,1,0,1,2,0,2,19,13,6,17,12,5,1,1,0
59390701,167,95,72,159,91,68,4,2,2,15,8,7,1,0,1,8,4,4,175,76,99,92,37,55,0,0,0,11,0,11,35,13,22,37,26,11,4,4,0
59392301,136,79,57,126,74,52,6,1,5,12,9,3,2,0,2,10,5,5,115,47,68,54,20,34,0,0,0,8,0,8,23,10,13,30,17,13,0,0,0
59393101,214,126,88,206,122,84,6,4,2,22,11,11,2,0,2,8,4,4,164,61,103,77,30,47,0,0,0,10,1,9,27,15,12,50,15,35,2,2,0
59395801,73,40,33,67,36,31,3,1,2,7,5,2,2,0,2,6,4,2,64,21,43,35,11,24,0,0,0,2,0,2,10,1,9,17,9,8,1,1,0
59396601,236,131,105,229,129,100,5,3,2,25,11,14,1,0,1,7,2,5,243,108,135,119,54,65,0,0,0,14,0,14,40,20,20,70,34,36,0,0,0
59397401,421,235,186,379,216,163,5,2,3,24,12,12,8,0,8,42,19,23,411,189,222,199,84,115,0,0,0,14,0,14,69,36,33,129,69,60,16,13,3
59398201,288,157,131,267,151,116,10,5,5,18,10,8,3,0,3,21,6,15,280,122,158,102,48,54,0,0,0,17,0,17,68,31,37,93,43,50,8,3,5
59399101,253,138,115,242,133,109,7,3,4,9,4,5,1,0,1,11,5,6,234,104,130,110,50,60,0,0,0,8,0,8,44,21,23,72,33,39,5,2,3
59400801,71,34,37,68,34,34,1,1,0,4,2,2,1,0,1,3,0,3,71,35,36,38,17,21,0,0,0,2,0,2,8,4,4,23,14,9,1,1,0
59401601,94,52,42,89,50,39,3,1,2,3,2,1,0,0,0,5,2,3,100,48,52,41,17,24,0,0,0,4,0,4,15,6,9,40,25,15,1,1,0
59402401,164,83,81,154,79,75,6,3,3,13,8,5,0,0,0,10,4,6,135,69,66,71,36,35,0,0,0,4,0,4,17,11,6,43,22,21,2,0,2
59403201,687,385,302,621,345,276,18,8,10,41,23,18,3,0,3,66,40,26,626,279,347,291,123,168,2,0,2,31,0,31,114,55,59,188,101,87,19,8,11
59404101,438,245,193,416,238,178,11,5,6,31,17,14,0,0,0,22,7,15,397,179,218,172,75,97,0,0,0,23,0,23,72,37,35,130,67,63,1,1,0
59405901,160,82,78,149,78,71,6,2,4,9,5,4,0,0,0,11,4,7,164,74,90,64,31,33,1,1,0,8,0,8,28,12,16,63,30,33,6,2,4
59406701,881,474,407,844,457,387,33,15,18,50,24,26,5,0,5,37,17,20,775,354,421,336,135,201,0,0,0,32,1,31,114,60,54,293,158,135,16,11,5
59407501,28,16,12,28,16,12,1,1,0,7,5,2,0,0,0,0,0,0,22,10,12,8,3,5,0,0,0,1,0,1,2,2,0,11,5,6,0,0,0
59407502,100,56,44,92,54,38,2,1,1,7,2,5,1,0,1,8,2,6,101,46,55,51,25,26,0,0,0,6,0,6,20,9,11,24,12,12,1,1,0
59408301,144,84,60,137,82,55,6,2,4,11,5,6,0,0,0,7,2,5,133,56,77,80,32,48,0,0,0,7,0,7,16,7,9,30,17,13,0,0,0
59409101,124,71,53,118,70,48,2,0,2,8,7,1,0,0,0,6,1,5,118,45,73,61,26,35,0,0,0,7,0,7,15,4,11,35,15,20,1,0,1
59409102,194,110,84,184,105,79,5,1,4,15,7,8,1,0,1,10,5,5,164,75,89,81,36,45,0,0,0,11,0,11,29,16,13,43,23,20,4,3,1
59410501,137,76,61,125,70,55,2,0,2,15,11,4,1,0,1,12,6,6,144,69,75,61,26,35,0,0,0,5,0,5,27,15,12,51,28,23,4,2,2
59411301,525,304,221,505,298,207,14,8,6,27,14,13,2,0,2,20,6,14,475,211,264,248,105,143,1,0,1,19,0,19,63,35,28,144,71,73,9,8,1
59411302,105,61,44,101,60,41,2,1,1,1,0,1,1,0,1,4,1,3,106,40,66,26,15,11,0,0,0,18,0,18,42,14,28,20,11,9,2,0,2
59411303,64,34,30,63,33,30,2,0,2,3,2,1,1,0,1,1,1,0,62,31,31,29,15,14,0,0,0,4,0,4,12,6,6,17,10,7,0,0,0
59411304,141,76,65,136,74,62,4,0,4,15,7,8,1,0,1,5,2,3,130,56,74,63,27,36,0,0,0,6,0,6,21,10,11,40,19,21,3,0,3
59412101,183,106,77,170,98,72,8,1,7,10,6,4,1,0,1,13,8,5,248,99,149,166,65,101,0,0,0,6,0,6,31,16,15,45,18,27,5,3,2
59413002,398,223,175,373,212,161,9,4,5,27,17,10,3,0,3,25,11,14,411,192,219,217,100,117,3,0,3,16,0,16,64,30,34,111,62,49,17,9,8
59414801,469,275,194,434,258,176,10,8,2,32,21,11,2,0,2,35,17,18,428,183,245,201,83,118,0,0,0,25,0,25,82,43,39,120,57,63,20,13,7
59415602,1578,867,711,1482,823,659,51,24,27,131,63,68,12,0,12,96,44,52,1434,602,832,700,284,416,3,2,1,71,0,71,250,123,127,410,193,217,42,27,15
59415603,62,39,23,56,36,20,1,0,1,4,3,1,0,0,0,6,3,3,69,41,28,36,21,15,0,0,0,5,0,5,11,6,5,17,14,3,1,1,0
59416402,48,33,15,44,30,14,0,0,0,2,0,2,0,0,0,4,3,1,54,26,28,31,13,18,0,0,0,2,0,2,9,7,2,12,6,6,0,0,0
3314900,0,0,0,0,0,0,0,0,0,0,0,0,0,0,0,0,0,0,0,0,0,0,0,0,0,0,0,0,0,0,0,0,0,0,0,0,0,0,0
59417201,324,180,144,299,170,129,12,6,6,23,16,7,2,0,2,25,10,15,291,115,176,99,36,63,1,0,1,15,0,15,74,35,39,102,44,58,11,5,6
59418101,249,147,102,237,140,97,6,4,2,14,7,7,2,0,2,12,7,5,183,81,102,89,37,52,0,0,0,10,0,10,37,18,19,47,26,21,1,0,1
59419901,606,338,268,554,319,235,15,7,8,42,24,18,8,0,8,52,19,33,580,257,323,256,115,141,3,1,2,31,0,31,118,62,56,172,79,93,21,17,4
59420201,18,10,8,15,9,6,0,0,0,1,1,0,0,0,0,3,1,2,16,6,10,9,4,5,0,0,0,0,0,0,0,0,0,7,2,5,1,0,1
59420202,530,291,239,498,273,225,11,1,10,45,23,22,2,0,2,32,18,14,579,250,329,320,127,193,2,2,0,19,2,17,76,39,37,162,80,82,6,4,2
59421101,262,149,113,251,143,108,9,5,4,15,7,8,3,0,3,11,6,5,223,91,132,92,34,58,0,0,0,16,0,16,58,26,32,57,31,26,0,0,0
59421102,156,86,70,146,79,67,7,3,4,12,5,7,1,0,1,10,7,3,134,59,75,60,29,31,0,0,0,5,1,4,27,10,17,42,19,23,1,0,1
59422901,246,135,111,230,128,102,5,3,2,18,7,11,4,0,4,16,7,9,202,88,114,94,39,55,1,1,0,7,0,7,31,16,15,69,32,37,3,3,0
59423701,71,39,32,64,36,28,2,1,1,3,1,2,0,0,0,7,3,4,79,32,47,38,17,21,0,0,0,3,0,3,13,5,8,25,10,15,0,0,0
59425301,84,51,33,81,49,32,1,0,1,3,1,2,0,0,0,3,2,1,61,22,39,38,12,26,0,0,0,2,0,2,6,3,3,15,7,8,0,0,0
59426101,278,158,120,259,150,109,7,2,5,26,12,14,1,0,1,19,8,11,278,118,160,138,55,83,0,0,0,12,0,12,48,23,25,80,40,40,1,0,1
59427001,275,153,122,258,147,111,4,2,2,16,7,9,2,0,2,17,6,11,301,127,174,132,57,75,1,1,0,15,0,15,58,20,38,95,49,46,5,3,2
59428801,53,33,20,46,29,17,0,0,0,2,1,1,1,0,1,7,4,3,50,24,26,32,16,16,0,0,0,1,0,1,8,5,3,9,3,6,1,0,1
59429601,83,44,39,79,42,37,3,3,0,5,2,3,2,0,2,4,2,2,90,40,50,35,18,17,0,0,0,9,0,9,20,7,13,26,15,11,3,3,0
59430001,478,264,214,456,254,202,20,10,10,35,17,18,2,0,2,22,10,12,393,156,237,201,80,121,1,1,0,15,0,15,48,17,31,128,58,70,10,6,4
59431801,68,35,33,63,32,31,2,1,1,7,3,4,1,0,1,5,3,2,70,27,43,31,10,21,0,0,0,3,0,3,9,5,4,27,12,15,1,1,0
59432602,102,58,44,87,52,35,2,2,0,10,7,3,0,0,0,15,6,9,100,46,54,54,25,29,0,0,0,8,0,8,16,9,7,22,12,10,1,0,1
59433401,226,124,102,213,120,93,2,1,1,19,12,7,3,0,3,13,4,9,198,87,111,63,31,32,0,0,0,10,0,10,49,23,26,76,33,43,4,3,1
59433402,40,22,18,34,20,14,1,0,1,5,3,2,0,0,0,6,2,4,62,32,30,28,20,8,1,0,1,5,0,5,15,5,10,13,7,6,0,0,0
59434201,119,69,50,112,65,47,0,0,0,14,8,6,2,0,2,7,4,3,120,55,65,55,22,33,0,0,0,9,0,9,24,12,12,32,21,11,2,1,1
59435101,119,68,51,111,64,47,2,1,1,9,3,6,2,0,2,8,4,4,118,55,63,58,28,30,0,0,0,6,0,6,21,8,13,33,19,14,2,1,1
59436901,234,133,101,215,122,93,10,4,6,17,10,7,4,0,4,19,11,8,230,103,127,102,45,57,3,1,2,11,0,11,49,22,27,65,35,30,13,6,7
59438501,28,17,11,23,16,7,0,0,0,3,1,2,0,0,0,5,1,4,28,12,16,20,7,13,1,1,0,0,0,0,0,0,0,7,4,3,0,0,0
59439301,132,68,64,122,60,62,3,1,2,11,5,6,1,0,1,10,8,2,122,63,59,67,29,38,0,0,0,2,0,2,13,8,5,40,26,14,0,0,0
59440701,202,117,85,179,102,77,4,2,2,14,6,8,1,0,1,23,15,8,157,63,94,69,31,38,1,1,0,8,0,8,25,10,15,54,21,33,3,3,0
59441501,264,151,113,252,146,106,7,4,3,27,20,7,2,0,2,12,5,7,239,101,138,98,36,62,2,2,0,10,0,10,47,17,30,82,46,36,6,2,4
59442301,98,56,42,91,53,38,2,1,1,11,7,4,0,0,0,7,3,4,62,27,35,38,18,20,0,0,0,2,0,2,7,2,5,15,7,8,1,1,0
59443101,316,179,137,299,168,131,7,4,3,23,12,11,3,0,3,17,11,6,301,138,163,156,74,82,0,0,0,13,0,13,45,22,23,87,42,45,3,1,2
59444001,102,56,46,99,54,45,4,1,3,7,4,3,1,0,1,3,2,1,97,49,48,51,24,27,0,0,0,3,0,3,11,6,5,32,19,13,3,2,1
59445801,88,51,37,84,48,36,2,2,0,5,4,1,1,0,1,4,3,1,56,27,29,26,11,15,0,0,0,2,0,2,9,4,5,19,12,7,2,1,1
59445802,1488,802,686,1406,767,639,37,14,23,145,70,75,10,0,10,82,35,47,1329,583,746,642,259,383,4,3,1,70,1,69,244,131,113,369,189,180,18,14,4
59446601,176,100,76,168,97,71,7,3,4,21,12,9,1,0,1,8,3,5,147,56,91,96,41,55,0,0,0,2,0,2,11,1,10,38,14,24,4,1,3
59447401,97,54,43,89,50,39,1,0,1,10,4,6,1,0,1,8,4,4,135,58,77,78,34,44,0,0,0,8,0,8,19,10,9,30,14,16,0,0,0
3405020,0,0,0,0,0,0,0,0,0,0,0,0,0,0,0,0,0,0,0,0,0,0,0,0,0,0,0,0,0,0,0,0,0,0,0,0,0,0,0
59448201,237,129,108,230,125,105,3,0,3,22,13,9,3,0,3,7,4,3,228,98,130,120,50,70,0,0,0,9,0,9,23,13,10,76,35,41,1,0,1
59448202,152,82,70,147,78,69,8,2,6,18,10,8,0,0,0,5,4,1,139,57,82,74,31,43,0,0,0,5,0,5,20,7,13,40,19,21,2,0,2
59448205,79,48,31,75,46,29,5,2,3,8,6,2,0,0,0,4,2,2,73,26,47,36,13,23,0,0,0,6,0,6,12,4,8,19,9,10,3,1,2
59448206,234,139,95,220,137,83,14,8,6,9,3,6,4,0,4,14,2,12,227,96,131,100,47,53,0,0,0,17,0,17,43,13,30,67,36,31,1,0,1
59448207,9,4,5,9,4,5,3,1,2,0,0,0,0,0,0,0,0,0,12,5,7,4,2,2,0,0,0,1,0,1,1,0,1,6,3,3,0,0,0
59448209,523,272,251,497,263,234,22,7,15,51,27,24,2,0,2,26,9,17,584,236,348,315,124,191,1,1,0,18,0,18,76,41,35,174,70,104,1,0,1
59448210,22,15,7,20,14,6,0,0,0,1,0,1,0,0,0,2,1,1,7,2,5,2,0,2,0,0,0,1,0,1,2,1,1,2,1,1,0,0,0
59448211,427,225,202,396,206,190,28,15,13,33,13,20,1,0,1,31,19,12,360,143,217,182,70,112,2,2,0,17,0,17,62,26,36,97,45,52,22,20,2
59448212,23,13,10,22,13,9,0,0,0,3,2,1,0,0,0,1,0,1,13,5,8,4,1,3,0,0,0,0,0,0,2,1,1,7,3,4,0,0,0
59448213,1221,654,567,1180,637,543,52,27,25,98,52,46,5,0,5,41,17,24,1045,434,611,560,228,332,0,0,0,59,0,59,158,71,87,268,135,133,8,3,5
59451201,99,60,39,88,52,36,3,0,3,5,2,3,0,0,0,11,8,3,76,32,44,36,12,24,0,0,0,1,0,1,9,5,4,30,15,15,4,2,2
59452101,34,20,14,31,19,12,1,1,0,3,1,2,0,0,0,3,1,2,45,21,24,24,11,13,0,0,0,4,0,4,9,5,4,8,5,3,2,2,0
59455501,247,141,106,226,131,95,2,0,2,10,5,5,1,0,1,21,10,11,256,114,142,112,51,61,0,0,0,12,0,12,37,20,17,95,43,52,10,3,7
59456301,598,343,255,571,329,242,10,3,7,38,23,15,6,0,6,27,14,13,531,239,292,253,107,146,1,1,0,30,0,30,99,53,46,148,78,70,8,4,4
59457101,319,179,140,300,172,128,6,3,3,18,10,8,2,0,2,19,7,12,313,141,172,168,78,90,0,0,0,16,0,16,54,24,30,75,39,36,5,2,3
59458001,19,12,7,17,11,6,0,0,0,1,1,0,0,0,0,2,1,1,23,11,12,15,7,8,0,0,0,0,0,0,3,1,2,5,3,2,0,0,0
59458002,11,7,4,11,7,4,0,0,0,1,0,1,0,0,0,0,0,0,12,4,8,8,3,5,0,0,0,1,0,1,1,0,1,2,1,1,0,0,0
59459801,33,18,15,31,17,14,1,1,0,3,1,2,0,0,0,2,1,1,36,16,20,26,12,14,0,0,0,1,0,1,5,3,2,4,1,3,0,0,0
59460101,239,136,103,227,129,98,8,4,4,21,8,13,5,0,5,12,7,5,231,98,133,101,45,56,0,0,0,13,0,13,45,22,23,72,31,41,6,6,0
59461001,198,110,88,192,107,85,3,2,1,15,7,8,4,0,4,6,3,3,188,83,105,90,41,49,0,0,0,9,0,9,39,18,21,50,24,26,1,1,0
59462801,199,116,83,185,104,81,3,2,1,12,6,6,2,0,2,14,12,2,289,109,180,166,57,109,0,0,0,16,0,16,44,20,24,63,32,31,2,1,1
59463602,22,12,10,21,12,9,0,0,0,0,0,0,0,0,0,1,0,1,36,17,19,32,15,17,0,0,0,1,0,1,3,2,1,0,0,0,1,1,0
59464401,83,48,35,75,44,31,2,0,2,6,3,3,0,0,0,8,4,4,84,41,43,47,21,26,0,0,0,3,0,3,9,8,1,25,12,13,1,0,1
59465201,54,33,21,50,32,18,1,0,1,1,1,0,0,0,0,4,1,3,48,25,23,19,9,10,0,0,0,2,0,2,10,7,3,17,9,8,1,1,0
59467901,416,224,192,387,207,180,16,5,11,21,9,12,1,0,1,29,17,12,344,153,191,144,61,83,0,0,0,23,0,23,69,33,36,108,59,49,11,2,9
59468701,207,122,85,185,110,75,7,2,5,20,13,7,2,0,2,22,12,10,145,60,85,67,25,42,0,0,0,7,0,7,19,11,8,52,24,28,8,6,2
59469501,39,21,18,34,19,15,0,0,0,6,3,3,0,0,0,5,2,3,44,24,20,23,13,10,0,0,0,2,0,2,4,4,0,15,7,8,3,3,0
59470901,411,224,187,388,213,175,11,5,6,36,21,15,2,0,2,23,11,12,433,185,248,228,91,137,0,0,0,19,0,19,69,31,38,117,63,54,5,3,2
59472502,165,100,65,158,96,62,8,1,7,15,9,6,2,0,2,7,4,3,160,72,88,88,37,51,0,0,0,8,0,8,27,16,11,37,19,18,2,2,0
59473301,87,41,46,81,37,44,2,1,1,7,3,4,1,0,1,6,4,2,74,31,43,49,22,27,0,0,0,1,0,1,9,3,6,15,6,9,0,0,0
59474101,48,32,16,40,25,15,0,0,0,0,0,0,1,0,1,8,7,1,51,19,32,28,9,19,0,0,0,2,0,2,10,6,4,11,4,7,1,1,0
59475001,209,123,86,198,117,81,2,0,2,18,11,7,2,0,2,11,6,5,218,95,123,111,50,61,1,0,1,11,0,11,35,18,17,60,27,33,0,0,0
59476801,253,141,112,239,134,105,7,1,6,12,8,4,1,0,1,14,7,7,280,93,187,165,52,113,0,0,0,12,0,12,40,14,26,63,27,36,2,2,0
59477601,112,63,49,104,60,44,1,1,0,10,7,3,0,0,0,8,3,5,116,42,74,64,23,41,0,0,0,4,0,4,12,6,6,36,13,23,1,1,0
59478401,37,21,16,35,21,14,1,0,1,3,2,1,0,0,0,2,0,2,38,19,19,14,7,7,0,0,0,6,0,6,11,8,3,7,4,3,0,0,0
59478402,213,124,89,200,115,85,4,0,4,14,7,7,0,0,0,13,9,4,202,89,113,97,44,53,0,0,0,10,0,10,35,17,18,60,28,32,4,2,2
59479201,55,35,20,45,32,13,0,0,0,3,2,1,0,0,0,10,3,7,48,20,28,28,8,20,0,0,0,3,0,3,10,6,4,7,6,1,5,3,2
59480601,37,22,15,34,21,13,1,0,1,3,1,2,0,0,0,3,1,2,45,21,24,26,9,17,0,0,0,2,0,2,7,4,3,10,8,2,0,0,0
59480603,12,8,4,11,8,3,0,0,0,2,2,0,0,0,0,1,0,1,15,7,8,8,3,5,0,0,0,1,0,1,3,1,2,3,3,0,2,1,1
59480604,49,23,26,44,20,24,0,0,0,5,1,4,0,0,0,5,3,2,60,26,34,35,18,17,1,0,1,1,0,1,10,4,6,13,4,9,2,2,0
59481401,161,89,72,151,84,67,5,0,5,12,7,5,2,0,2,10,5,5,138,67,71,52,21,31,0,0,0,13,0,13,36,23,13,37,23,14,3,1,2
59482201,305,171,134,281,161,120,5,2,3,18,7,11,3,0,3,24,10,14,253,106,147,106,39,67,0,0,0,10,0,10,44,19,25,93,48,45,3,0,3
59482202,230,132,98,206,120,86,7,3,4,16,9,7,3,0,3,24,12,12,199,90,109,105,44,61,0,0,0,6,0,6,36,16,20,52,30,22,14,7,7
59483101,72,39,33,67,37,30,3,0,3,8,4,4,0,0,0,5,2,3,89,38,51,59,28,31,0,0,0,3,0,3,12,6,6,15,4,11,0,0,0
59484901,263,152,111,248,149,99,8,5,3,25,13,12,0,0,0,15,3,12,217,99,118,94,43,51,0,0,0,15,0,15,36,16,20,72,40,32,6,3,3
59486501,76,46,30,64,38,26,2,1,1,4,1,3,0,0,0,12,8,4,55,24,31,26,13,13,0,0,0,1,0,1,8,4,4,20,7,13,4,1,3
59487301,14,7,7,12,6,6,0,0,0,1,0,1,0,0,0,2,1,1,19,10,9,10,5,5,0,0,0,0,0,0,2,1,1,7,4,3,0,0,0
59487302,3,1,2,3,1,2,0,0,0,1,0,1,0,0,0,0,0,0,64,62,2,63,61,2,1,1,0,0,0,0,0,0,0,0,0,0,0,0,0
59487303,353,180,173,329,169,160,4,4,0,22,5,17,3,0,3,24,11,13,256,113,143,67,28,39,0,0,0,16,0,16,58,30,28,115,55,60,8,5,3
59487304,396,213,183,364,199,165,6,3,3,24,14,10,4,0,4,32,14,18,481,194,287,285,103,182,0,0,0,25,0,25,68,40,28,103,51,52,16,13,3
59488101,562,306,256,509,281,228,12,5,7,45,29,16,4,0,4,53,25,28,500,209,291,238,94,144,0,0,0,22,0,22,86,42,44,154,73,81,20,13,7
59489002,298,170,128,272,153,119,7,2,5,22,10,12,1,0,1,26,17,9,271,116,155,148,64,84,1,1,0,10,0,10,38,17,21,74,34,40,12,8,4
59491101,271,148,123,257,140,117,9,3,6,25,12,13,1,0,1,14,8,6,317,144,173,144,60,84,0,0,0,17,0,17,66,35,31,90,49,41,4,1,3
59492001,680,389,291,645,374,271,21,15,6,45,21,24,4,1,3,35,15,20,605,269,336,291,125,166,0,0,0,30,0,30,87,41,46,197,103,94,18,11,7
59493801,37,19,18,34,17,17,2,0,2,5,3,2,0,0,0,3,2,1,43,18,25,24,10,14,0,0,0,1,0,1,6,2,4,12,6,6,0,0,0
59493802,221,125,96,206,115,91,2,0,2,25,15,10,2,0,2,15,10,5,293,158,135,196,114,82,0,0,0,9,0,9,32,18,14,56,26,30,2,1,1
59494601,290,166,124,266,157,109,5,3,2,23,15,8,6,0,6,24,9,15,272,127,145,118,51,67,0,0,0,11,0,11,47,21,26,96,55,41,6,2,4
59495401,63,34,29,59,31,28,1,0,1,5,2,3,1,0,1,4,3,1,55,20,35,24,8,16,0,0,0,3,0,3,14,4,10,14,8,6,0,0,0
59497101,270,151,119,256,146,110,8,3,5,20,12,8,1,0,1,14,5,9,257,114,143,140,63,77,1,1,0,10,0,10,43,15,28,63,35,28,6,5,1
59498901,103,56,47,97,55,42,3,1,2,10,6,4,0,0,0,6,1,5,90,31,59,47,17,30,0,0,0,3,0,3,16,3,13,24,11,13,0,0,0
59499701,211,123,88,198,117,81,3,0,3,21,14,7,3,0,3,13,6,7,197,78,119,91,37,54,0,0,0,13,0,13,44,22,22,49,19,30,8,5,3
59500401,129,71,58,105,63,42,3,1,2,11,6,5,0,0,0,24,8,16,146,62,84,91,39,52,0,0,0,2,0,2,15,12,3,38,11,27,3,3,0
59500403,22,15,7,20,14,6,1,1,0,2,2,0,0,0,0,2,1,1,34,17,17,21,9,12,0,0,0,2,0,2,4,2,2,7,6,1,1,1,0
59501201,35,16,19,30,14,16,0,0,0,3,1,2,2,0,2,5,2,3,36,19,17,21,12,9,0,0,0,1,0,1,9,4,5,5,3,2,2,2,0
59502101,654,377,277,605,355,250,21,14,7,54,32,22,7,0,7,49,22,27,630,282,348,268,115,153,1,1,0,33,0,33,123,60,63,205,106,99,7,4,3
59503901,15,8,7,12,6,6,0,0,0,1,1,0,0,0,0,3,2,1,18,5,13,5,2,3,0,0,0,1,0,1,5,1,4,7,2,5,0,0,0
59503902,178,103,75,164,95,69,1,0,1,12,8,4,0,0,0,14,8,6,167,75,92,78,35,43,1,1,0,6,0,6,28,12,16,54,27,27,7,5,2
59504701,32,19,13,32,19,13,2,1,1,2,1,1,0,0,0,0,0,0,16,5,11,1,0,1,0,0,0,2,0,2,7,1,6,6,4,2,1,0,1
59504702,208,119,89,202,117,85,9,8,1,23,11,12,0,0,0,6,2,4,197,88,109,120,50,70,0,0,0,4,0,4,28,14,14,45,24,21,0,0,0
59504703,198,116,82,186,110,76,5,3,2,10,6,4,1,0,1,12,6,6,207,88,119,96,39,57,0,0,0,19,0,19,50,30,20,42,19,23,2,1,1
59505501,334,193,141,317,185,132,10,7,3,32,12,20,3,0,3,17,8,9,333,155,178,185,79,106,1,1,0,10,0,10,46,21,25,91,54,37,5,4,1
59506301,43,26,17,40,24,16,1,0,1,8,4,4,0,0,0,3,2,1,24,10,14,14,7,7,0,0,0,0,0,0,3,1,2,7,2,5,0,0,0
59507101,543,308,235,512,294,218,19,6,13,41,23,18,1,0,1,31,14,17,526,227,299,265,116,149,2,2,0,28,0,28,68,30,38,163,79,84,7,5,2
59508001,122,72,50,116,71,45,4,1,3,8,5,3,0,0,0,6,1,5,107,43,64,52,23,29,0,0,0,8,0,8,19,5,14,28,15,13,0,0,0
3260890,0,0,0,0,0,0,0,0,0,0,0,0,0,0,0,0,0,0,0,0,0,0,0,0,0,0,0,0,0,0,0,0,0,0,0,0,0,0,0
59509802,26,16,10,26,16,10,1,1,0,3,2,1,0,0,0,0,0,0,30,11,19,22,7,15,0,0,0,1,0,1,2,1,1,5,3,2,0,0,0
59509803,349,206,143,332,197,135,5,4,1,46,23,23,1,0,1,17,9,8,329,141,188,182,78,104,2,0,2,14,0,14,50,24,26,81,39,42,4,3,1
59510102,136,73,63,123,69,54,3,0,3,9,5,4,1,0,1,13,4,9,122,55,67,62,26,36,0,0,0,3,0,3,23,12,11,34,17,17,6,3,3
59511001,133,80,53,123,75,48,1,1,0,8,6,2,0,0,0,10,5,5,137,57,80,72,30,42,1,1,0,9,0,9,19,9,10,36,17,19,2,2,0
1988380,0,0,0,0,0,0,0,0,0,0,0,0,0,0,0,0,0,0,0,0,0,0,0,0,0,0,0,0,0,0,0,0,0,0,0,0,0,0,0
59512801,75,45,30,63,39,24,2,1,1,7,2,5,1,0,1,12,6,6,73,26,47,20,8,12,0,0,0,6,0,6,22,10,12,25,8,17,0,0,0
59512802,501,280,221,462,268,194,13,5,8,37,24,13,2,0,2,39,12,27,471,221,250,182,73,109,2,1,1,22,0,22,104,50,54,161,97,64,16,8,8
59513601,93,55,38,90,55,35,2,1,1,2,1,1,1,0,1,3,0,3,73,33,40,38,14,24,0,0,0,1,0,1,7,5,2,27,14,13,0,0,0
59514401,46,25,21,38,23,15,0,0,0,4,3,1,0,0,0,8,2,6,48,18,30,24,10,14,0,0,0,0,0,0,7,4,3,17,4,13,0,0,0
59515201,87,48,39,78,44,34,0,0,0,8,5,3,3,0,3,9,4,5,67,27,40,42,17,25,1,1,0,2,0,2,11,6,5,11,3,8,0,0,0
59516101,20,11,9,18,10,8,0,0,0,7,3,4,0,0,0,2,1,1,15,6,9,10,5,5,0,0,0,1,0,1,1,0,1,3,1,2,0,0,0
59517901,155,89,66,148,87,61,5,0,5,14,9,5,0,0,0,7,2,5,140,57,83,69,24,45,0,0,0,10,0,10,21,14,7,40,19,21,2,1,1
59518701,169,103,66,158,99,59,7,4,3,11,6,5,0,0,0,11,4,7,182,78,104,89,40,49,0,0,0,10,0,10,40,19,21,43,19,24,4,2,2
59519501,133,71,62,123,65,58,4,2,2,10,3,7,1,0,1,10,6,4,127,63,64,61,29,32,1,1,0,8,0,8,26,14,12,31,19,12,3,3,0
52391701,381,204,177,366,199,167,13,6,7,40,21,19,4,0,4,15,5,10,347,160,187,162,70,92,0,0,0,13,0,13,57,28,29,115,62,53,5,1,4
52391703,459,265,194,424,243,181,10,7,3,40,24,16,2,0,2,35,22,13,378,168,210,191,86,105,2,1,1,14,0,14,54,26,28,117,55,62,8,5,3
52391704,7,5,2,7,5,2,0,0,0,1,1,0,0,0,0,0,0,0,15,6,9,9,4,5,0,0,0,0,0,0,1,0,1,5,2,3,0,0,0
52489101,293,177,116,257,157,100,4,1,3,20,8,12,2,0,2,36,20,16,367,155,212,155,63,92,2,1,1,16,0,16,83,39,44,111,52,59,15,11,4
52489102,27,14,13,26,14,12,2,1,1,1,0,1,0,0,0,1,0,1,36,19,17,15,9,6,0,0,0,0,0,0,6,2,4,15,8,7,0,0,0
52489103,7,5,2,6,4,2,1,1,0,0,0,0,0,0,0,1,1,0,15,10,5,10,7,3,0,0,0,1,0,1,2,2,0,2,1,1,0,0,0
52489104,10,4,6,10,4,6,0,0,0,0,0,0,0,0,0,0,0,0,13,7,6,8,5,3,0,0,0,0,0,0,1,0,1,4,2,2,0,0,0
52522701,14,6,8,12,6,6,0,0,0,2,0,2,1,0,1,2,0,2,12,3,9,6,1,5,0,0,0,0,0,0,1,0,1,5,2,3,1,1,0
52522702,16,13,3,14,11,3,0,0,0,0,0,0,0,0,0,2,2,0,45,21,24,6,4,2,0,0,0,4,0,4,17,8,9,18,9,9,6,4,2
52522703,76,48,28,55,35,20,0,0,0,2,1,1,2,0,2,21,13,8,127,53,74,51,25,26,0,0,0,7,0,7,40,14,26,29,14,15,11,6,5
52522704,44,27,17,17,8,9,0,0,0,2,0,2,0,0,0,27,19,8,16,7,9,9,6,3,0,0,0,0,0,0,2,0,2,5,1,4,2,1,1
53349102,25,15,10,24,15,9,1,0,1,1,0,1,1,0,1,1,0,1,32,15,17,24,8,16,0,0,0,1,0,1,4,4,0,3,3,0,1,1,0
53349104,225,123,102,212,118,94,9,4,5,24,9,15,1,0,1,13,5,8,226,103,123,103,45,58,0,0,0,13,0,13,33,16,17,77,42,35,7,6,1
1983400,0,0,0,0,0,0,0,0,0,0,0,0,0,0,0,0,0,0,0,0,0,0,0,0,0,0,0,0,0,0,0,0,0,0,0,0,0,0,0
53614802,95,54,41,85,47,38,1,0,1,2,0,2,0,0,0,10,7,3,124,53,71,78,33,45,0,0,0,4,0,4,14,8,6,28,12,16,0,0,0
53614803,21,13,8,19,11,8,0,0,0,5,3,2,0,0,0,2,2,0,31,15,16,20,10,10,2,1,1,1,0,1,4,1,3,4,3,1,2,1,1
53614804,28,14,14,24,12,12,0,0,0,4,3,1,0,0,0,4,2,2,27,15,12,20,11,9,0,0,0,1,0,1,1,0,1,5,4,1,1,0,1
53614805,11,5,6,10,5,5,0,0,0,3,2,1,0,0,0,1,0,1,14,9,5,10,8,2,0,0,0,0,0,0,0,0,0,4,1,3,0,0,0
53614807,457,263,194,412,237,175,9,2,7,36,21,15,1,0,1,45,26,19,551,220,331,313,118,195,1,1,0,23,0,23,70,36,34,144,65,79,21,17,4
53614809,514,272,242,455,240,215,14,5,9,40,22,18,1,0,1,59,32,27,591,257,334,307,131,176,1,0,1,28,1,27,94,45,49,161,80,81,6,4,2
0588580,0,0,0,0,0,0,0,0,0,0,0,0,0,0,0,0,0,0,0,0,0,0,0,0,0,0,0,0,0,0,0,0,0,0,0,0,0,0,0
0588740,0,0,0,0,0,0,0,0,0,0,0,0,0,0,0,0,0,0,0,0,0,0,0,0,0,0,0,0,0,0,0,0,0,0,0,0,0,0,0
0589120,0,0,0,0,0,0,0,0,0,0,0,0,0,0,0,0,0,0,0,0,0,0,0,0,0,0,0,0,0,0,0,0,0,0,0,0,0,0,0
3406690,0,0,0,0,0,0,0,0,0,0,0,0,0,0,0,0,0,0,0,0,0,0,0,0,0,0,0,0,0,0,0,0,0,0,0,0,0,0,0
3406850,0,0,0,0,0,0,0,0,0,0,0,0,0,0,0,0,0,0,0,0,0,0,0,0,0,0,0,0,0,0,0,0,0,0,0,0,0,0,0
53638501,404,222,182,377,212,165,13,8,5,34,17,17,2,0,2,27,10,17,365,164,201,156,65,91,0,0,0,17,0,17,64,27,37,128,72,56,6,2,4
53638502,69,44,25,65,42,23,6,3,3,5,3,2,2,0,2,4,2,2,79,32,47,32,14,18,1,1,0,7,0,7,16,11,5,23,6,17,0,0,0
53638503,336,171,165,311,158,153,16,4,12,48,22,26,1,0,1,25,13,12,284,122,162,157,65,92,0,0,0,9,0,9,34,13,21,84,44,40,3,3,0
53638504,29,17,12,29,17,12,1,0,1,3,2,1,0,0,0,0,0,0,34,13,21,19,8,11,1,0,1,0,0,0,4,2,2,10,3,7,0,0,0
53638505,33,20,13,31,19,12,2,1,1,3,2,1,0,0,0,2,1,1,32,12,20,23,8,15,1,1,0,0,0,0,1,1,0,7,2,5,0,0,0
53638506,434,224,210,410,210,200,11,2,9,61,32,29,4,0,4,24,14,10,491,206,285,302,118,184,3,2,1,15,0,15,63,28,35,108,58,50,13,10,3
53638507,19,12,7,18,11,7,0,0,0,2,1,1,0,0,0,1,1,0,10,4,6,2,1,1,0,0,0,1,0,1,3,1,2,4,2,2,1,1,0
53638508,69,38,31,66,37,29,4,4,0,16,11,5,0,0,0,3,1,2,73,32,41,33,14,19,0,0,0,4,0,4,8,3,5,28,15,13,0,0,0
53638509,391,200,191,364,190,174,11,6,5,43,21,22,1,0,1,27,10,17,345,138,207,173,66,107,2,1,1,15,1,14,60,27,33,95,43,52,7,2,5
53638511,716,429,287,662,392,270,23,7,16,55,30,25,3,0,3,54,37,17,682,272,410,357,132,225,1,1,0,29,0,29,114,58,56,181,81,100,65,45,20
53638512,41,23,18,38,21,17,0,0,0,10,4,6,0,0,0,3,2,1,62,29,33,21,8,13,0,0,0,1,0,1,12,7,5,28,14,14,1,0,1
53638513,131,69,62,121,64,57,8,3,5,6,2,4,1,0,1,10,5,5,217,98,119,143,56,87,0,0,0,4,0,4,24,14,10,46,28,18,8,2,6
53638514,64,31,33,63,31,32,1,1,0,11,7,4,1,0,1,1,0,1,55,26,29,42,18,24,0,0,0,0,0,0,3,2,1,10,6,4,1,0,1
53638515,401,229,172,344,190,154,14,9,5,38,23,15,3,0,3,57,39,18,307,155,152,136,72,64,0,0,0,13,0,13,58,31,27,100,52,48,3,0,3
53638516,14,9,5,14,9,5,2,1,1,1,1,0,0,0,0,0,0,0,10,2,8,4,2,2,0,0,0,0,0,0,2,0,2,4,0,4,1,1,0
53638517,243,131,112,231,122,109,4,1,3,49,22,27,0,0,0,12,9,3,230,104,126,142,61,81,0,0,0,8,0,8,24,13,11,56,30,26,3,3,0
53638518,897,454,443,837,420,417,31,17,14,111,46,65,7,0,7,60,34,26,909,346,563,571,201,370,2,0,2,24,1,23,97,45,52,215,99,116,14,10,4
53638519,947,489,458,866,461,405,30,14,16,87,46,41,11,0,11,81,28,53,972,401,571,551,207,344,1,1,0,44,1,43,154,77,77,222,115,107,22,7,15
54003002,143,86,57,130,79,51,8,6,2,10,8,2,2,1,1,13,7,6,150,65,85,84,34,50,2,1,1,8,0,8,27,12,15,29,18,11,1,0,1
54003003,860,478,382,806,447,359,31,15,16,86,48,38,6,0,6,54,31,23,802,328,474,446,168,278,2,1,1,21,0,21,100,50,50,233,109,124,12,11,1
54038201,13,6,7,10,5,5,1,0,1,2,2,0,0,0,0,3,1,2,14,5,9,6,1,5,0,0,0,0,0,0,2,2,0,6,2,4,1,0,1
54038202,26,14,12,24,14,10,1,1,0,0,0,0,0,0,0,2,0,2,25,15,10,11,7,4,0,0,0,1,0,1,4,3,1,9,5,4,0,0,0
54038204,987,546,441,904,498,406,43,14,29,69,40,29,10,0,10,83,48,35,979,424,555,539,220,319,7,7,0,36,0,36,117,58,59,280,139,141,27,22,5
54038205,145,81,64,135,76,59,4,3,1,9,3,6,3,0,3,10,5,5,159,74,85,69,27,42,0,0,0,9,0,9,40,22,18,41,25,16,2,1,1
54068402,420,232,188,404,227,177,13,5,8,41,25,16,3,0,3,16,5,11,358,153,205,185,81,104,1,1,0,13,0,13,47,23,24,112,48,64,8,4,4
54068403,66,36,30,62,35,27,3,1,2,8,4,4,0,0,0,4,1,3,63,32,31,31,15,16,0,0,0,0,0,0,11,8,3,21,9,12,0,0,0
54103601,98,53,45,87,49,38,2,0,2,7,4,3,0,0,0,11,4,7,91,50,41,48,23,25,0,0,0,0,0,0,9,5,4,34,22,12,2,2,0
54103602,12,6,6,10,6,4,1,0,1,1,0,1,0,0,0,2,0,2,12,4,8,4,1,3,0,0,0,1,0,1,5,2,3,2,1,1,0,0,0
54103603,189,107,82,172,103,69,7,2,5,14,6,8,1,0,1,17,4,13,154,66,88,75,32,43,1,0,1,3,0,3,27,12,15,48,22,26,2,1,1
54111701,301,168,133,280,158,122,10,2,8,21,13,8,3,0,3,21,10,11,302,142,160,159,70,89,2,1,1,10,0,10,48,28,20,83,43,40,8,5,3
54121401,18,9,9,14,6,8,0,0,0,0,0,0,1,0,1,4,3,1,24,11,13,15,7,8,0,0,0,1,0,1,7,4,3,1,0,1,1,1,0
54121402,11,7,4,9,5,4,0,0,0,1,1,0,1,0,1,2,2,0,31,14,17,13,6,7,1,0,1,3,0,3,9,4,5,5,4,1,1,0,1
54121403,145,85,60,122,71,51,2,1,1,12,8,4,0,0,0,23,14,9,190,85,105,87,34,53,3,3,0,13,0,13,42,24,18,45,24,21,2,2,0
54121404,31,17,14,26,16,10,0,0,0,2,2,0,0,0,0,5,1,4,22,9,13,14,4,10,0,0,0,1,1,0,4,1,3,3,3,0,1,1,0
54124901,10,6,4,8,4,4,0,0,0,1,1,0,0,0,0,2,2,0,11,4,7,6,2,4,0,0,0,0,0,0,1,0,1,4,2,2,0,0,0
54124903,580,342,238,546,327,219,26,12,14,38,20,18,4,0,4,34,15,19,521,228,293,259,109,150,2,2,0,25,0,25,91,45,46,144,72,72,13,10,3
54130301,525,301,224,450,259,191,20,8,12,34,17,17,5,0,5,75,42,33,596,240,356,321,115,206,1,0,1,26,0,26,94,40,54,154,85,69,13,6,7
54130302,12,5,7,12,5,7,0,0,0,0,0,0,0,0,0,0,0,0,13,7,6,7,4,3,1,1,0,0,0,0,0,0,0,5,2,3,0,0,0
54134601,24,12,12,23,11,12,0,0,0,1,0,1,0,0,0,1,1,0,22,11,11,12,5,7,0,0,0,1,0,1,4,4,0,5,2,3,0,0,0
54134603,168,95,73,153,85,68,12,6,6,8,3,5,1,0,1,15,10,5,152,64,88,81,38,43,0,0,0,5,0,5,23,9,14,43,17,26,6,5,1
54157502,75,42,33,67,40,27,2,1,1,3,1,2,0,0,0,8,2,6,85,38,47,53,25,28,0,0,0,1,0,1,11,2,9,20,11,9,3,2,1
54157503,397,225,172,354,199,155,14,6,8,26,16,10,2,0,2,43,26,17,485,203,282,238,96,142,1,1,0,22,0,22,75,43,32,149,63,86,12,8,4
54157504,13,8,5,10,6,4,0,0,0,1,0,1,0,0,0,3,2,1,30,15,15,22,10,12,0,0,0,2,0,2,5,4,1,1,1,0,1,0,1
55330101,72,42,30,68,39,29,0,0,0,5,4,1,0,0,0,4,3,1,64,21,43,27,11,16,0,0,0,4,0,4,11,3,8,22,7,15,0,0,0
55330102,102,50,52,100,50,50,1,1,0,10,2,8,1,0,1,2,0,2,120,54,66,42,18,24,2,1,1,6,0,6,30,15,15,40,20,20,5,5,0
55346801,30,15,15,28,14,14,1,0,1,3,3,0,0,0,0,2,1,1,33,15,18,18,9,9,0,0,0,2,0,2,4,1,3,9,5,4,1,0,1
55346802,151,88,63,139,79,60,1,0,1,11,5,6,1,0,1,12,9,3,158,74,84,75,27,48,2,2,0,6,0,6,33,21,12,42,24,18,9,7,2
55346803,97,58,39,72,42,30,1,0,1,6,2,4,0,0,0,25,16,9,88,36,52,38,17,21,0,0,0,7,0,7,19,10,9,24,9,15,2,2,0
55346804,45,24,21,41,24,17,0,0,0,4,3,1,1,0,1,4,0,4,63,22,41,30,12,18,0,0,0,3,0,3,11,4,7,19,6,13,0,0,0
55348401,28,16,12,25,15,10,0,0,0,4,1,3,0,0,0,3,1,2,23,8,15,19,7,12,0,0,0,1,0,1,1,0,1,2,1,1,0,0,0
55348402,47,24,23,43,22,21,3,0,3,8,3,5,0,0,0,4,2,2,41,17,24,20,9,11,0,0,0,2,1,1,7,2,5,12,5,7,0,0,0
55348403,60,32,28,56,29,27,2,1,1,1,0,1,0,0,0,4,3,1,69,31,38,43,21,22,1,0,1,3,0,3,5,1,4,17,9,8,1,0,1
55348404,191,108,83,179,101,78,3,2,1,18,10,8,2,0,2,12,7,5,168,75,93,102,44,58,0,0,0,4,0,4,26,14,12,36,17,19,4,3,1
55348406,14,9,5,12,9,3,0,0,0,1,1,0,0,0,0,2,0,2,23,10,13,8,4,4,0,0,0,3,0,3,7,2,5,5,4,1,1,1,0
55721801,148,79,69,132,69,63,6,1,5,5,2,3,0,0,0,16,10,6,210,84,126,154,59,95,0,0,0,4,0,4,15,10,5,37,15,22,8,3,5
1162112,0,0,0,0,0,0,0,0,0,0,0,0,0,0,0,0,0,0,0,0,0,0,0,0,0,0,0,0,0,0,0,0,0,0,0,0,0,0,0
56933001,81,42,39,77,39,38,0,0,0,12,5,7,2,0,2,4,3,1,43,21,22,22,11,11,0,0,0,2,0,2,7,3,4,12,7,5,2,1,1
56933002,18,11,7,17,11,6,1,1,0,2,1,1,1,0,1,1,0,1,10,4,6,3,2,1,0,0,0,0,0,0,3,1,2,4,1,3,0,0,0
56933003,18,14,4,18,14,4,1,0,1,2,2,0,0,0,0,0,0,0,8,4,4,5,2,3,0,0,0,0,0,0,0,0,0,3,2,1,0,0,0
56935601,1185,640,545,1105,611,494,43,18,25,96,53,43,6,0,6,80,29,51,1108,480,628,543,223,320,2,1,1,35,0,35,141,70,71,387,186,201,39,24,15
56945301,11,6,5,10,6,4,0,0,0,0,0,0,0,0,0,1,0,1,9,4,5,6,2,4,0,0,0,0,0,0,0,0,0,3,2,1,0,0,0
56945302,20,10,10,15,7,8,1,1,0,1,0,1,0,0,0,5,3,2,20,11,9,14,8,6,0,0,0,0,0,0,1,0,1,5,3,2,1,0,1
56945303,213,126,87,187,113,74,2,1,1,12,8,4,1,0,1,26,13,13,201,91,110,108,45,63,2,1,1,7,0,7,23,14,9,61,31,30,13,7,6
59799601,11,9,2,11,9,2,0,0,0,3,3,0,0,0,0,0,0,0,32,15,17,23,10,13,0,0,0,0,0,0,5,2,3,4,3,1,2,1,1
59799603,119,70,49,108,65,43,1,1,0,13,9,4,0,0,0,11,5,6,118,51,67,61,25,36,0,0,0,6,0,6,17,10,7,34,16,18,6,4,2
59799604,46,27,19,44,26,18,1,0,1,6,4,2,0,0,0,2,1,1,35,17,18,22,10,12,0,0,0,0,0,0,4,3,1,9,4,5,0,0,0
59799605,16,9,7,13,7,6,0,0,0,2,1,1,0,0,0,3,2,1,17,7,10,4,2,2,0,0,0,2,0,2,3,2,1,8,3,5,0,0,0
59799606,16,8,8,15,7,8,1,0,1,0,0,0,0,0,0,1,1,0,11,1,10,7,1,6,0,0,0,0,0,0,0,0,0,4,0,4,0,0,0
59799607,1482,831,651,1370,773,597,36,13,23,133,69,64,7,0,7,112,58,54,1439,630,809,833,341,492,4,2,2,56,0,56,192,100,92,354,187,167,63,35,28
50013501,50,28,22,49,28,21,3,2,1,3,0,3,0,0,0,1,0,1,28,9,19,13,4,9,0,0,0,2,0,2,7,3,4,6,2,4,2,1,1
50013502,50,28,22,44,24,20,4,2,2,2,2,0,0,0,0,6,4,2,26,16,10,14,6,8,1,1,0,0,0,0,2,2,0,9,7,2,0,0,0
50013503,36,19,17,36,19,17,0,0,0,5,3,2,0,0,0,0,0,0,28,11,17,17,7,10,0,0,0,3,0,3,4,2,2,4,2,2,0,0,0
3305310,0,0,0,0,0,0,0,0,0,0,0,0,0,0,0,0,0,0,0,0,0,0,0,0,0,0,0,0,0,0,0,0,0,0,0,0,0,0,0
3305400,0,0,0,0,0,0,0,0,0,0,0,0,0,0,0,0,0,0,0,0,0,0,0,0,0,0,0,0,0,0,0,0,0,0,0,0,0,0,0
50016001,253,139,114,236,132,104,11,6,5,16,7,9,2,0,2,17,7,10,177,83,94,67,26,41,0,0,0,14,0,14,36,21,15,60,36,24,11,7,4
50016002,52,33,19,48,30,18,1,0,1,8,3,5,0,0,0,4,3,1,34,16,18,14,5,9,0,0,0,3,0,3,9,3,6,8,8,0,2,0,2
1106550,0,0,0,0,0,0,0,0,0,0,0,0,0,0,0,0,0,0,0,0,0,0,0,0,0,0,0,0,0,0,0,0,0,0,0,0,0,0,0
3052010,0,0,0,0,0,0,0,0,0,0,0,0,0,0,0,0,0,0,0,0,0,0,0,0,0,0,0,0,0,0,0,0,0,0,0,0,0,0,0
3052940,0,0,0,0,0,0,0,0,0,0,0,0,0,0,0,0,0,0,0,0,0,0,0,0,0,0,0,0,0,0,0,0,0,0,0,0,0,0,0
3053160,0,0,0,0,0,0,0,0,0,0,0,0,0,0,0,0,0,0,0,0,0,0,0,0,0,0,0,0,0,0,0,0,0,0,0,0,0,0,0
3207060,0,0,0,0,0,0,0,0,0,0,0,0,0,0,0,0,0,0,0,0,0,0,0,0,0,0,0,0,0,0,0,0,0,0,0,0,0,0,0
50049601,706,380,326,677,360,317,33,15,18,55,31,24,4,0,4,29,20,9,629,279,350,259,110,149,3,1,2,15,0,15,113,50,63,239,118,121,5,0,5
50049602,378,204,174,353,196,157,17,4,13,24,12,12,3,0,3,25,8,17,250,122,128,107,43,64,2,1,1,13,0,13,55,28,27,73,50,23,6,2,4
50049603,47,24,23,45,24,21,2,2,0,1,1,0,0,0,0,2,0,2,32,18,14,11,5,6,0,0,0,3,0,3,9,6,3,9,7,2,0,0,0
50049604,1736,966,770,1655,928,727,61,28,33,193,93,100,11,1,10,81,38,43,1359,562,797,666,279,387,4,2,2,75,0,75,233,104,129,381,177,204,22,11,11
50049606,213,119,94,192,108,84,9,5,4,12,5,7,1,0,1,21,11,10,202,90,112,41,21,20,2,0,2,11,0,11,58,26,32,90,43,47,3,2,1
50049607,560,296,264,543,286,257,22,9,13,47,19,28,3,0,3,17,10,7,509,233,276,227,95,132,4,2,2,25,1,24,81,40,41,172,95,77,1,1,0
50049608,390,215,175,356,193,163,14,4,10,49,27,22,3,0,3,34,22,12,408,156,252,214,79,135,1,0,1,15,0,15,49,17,32,129,60,69,3,0,3
50049609,370,207,163,358,200,158,5,2,3,38,19,19,2,0,2,12,7,5,360,165,195,167,71,96,0,0,0,18,1,17,60,30,30,115,63,52,2,0,2
50049610,299,162,137,295,160,135,11,5,6,30,13,17,0,0,0,4,2,2,235,109,126,79,32,47,1,1,0,11,0,11,55,29,26,89,47,42,4,1,3
50049611,681,355,326,664,348,316,33,14,19,62,28,34,7,0,7,17,7,10,624,290,334,208,88,120,1,1,0,28,0,28,129,68,61,258,133,125,7,4,3
50049613,825,407,418,771,382,389,37,16,21,77,28,49,4,0,4,54,25,29,501,209,292,183,56,127,0,0,0,29,0,29,108,64,44,181,89,92,15,6,9
50049614,246,138,108,234,135,99,9,5,4,28,11,17,1,0,1,12,3,9,195,81,114,104,37,67,0,0,0,7,0,7,31,15,16,53,29,24,5,5,0
50049615,12,8,4,11,7,4,0,0,0,2,1,1,0,0,0,1,1,0,12,3,9,4,1,3,0,0,0,2,0,2,5,2,3,1,0,1,1,1,0
50049617,532,272,260,506,261,245,27,8,19,50,25,25,2,1,1,26,11,15,445,204,241,192,88,104,1,1,0,17,0,17,78,29,49,157,86,71,8,5,3
50049618,3097,1572,1525,2980,1516,1464,179,75,104,423,175,248,24,0,24,117,56,61,2736,1192,1544,1251,496,755,7,4,3,122,0,122,482,239,243,874,453,421,38,22,16
50049619,301,166,135,287,158,129,18,8,10,37,18,19,1,0,1,14,8,6,341,148,193,174,72,102,0,0,0,11,0,11,56,26,30,100,50,50,1,0,1
50049620,1137,581,556,1088,557,531,50,23,27,102,44,58,10,0,10,49,24,25,844,377,467,250,101,149,4,0,4,59,0,59,226,121,105,305,155,150,15,8,7
50049621,118,61,57,113,59,54,9,5,4,20,6,14,0,0,0,5,2,3,97,41,56,44,18,26,0,0,0,5,0,5,28,11,17,20,12,8,2,0,2
50049623,970,484,486,917,460,457,57,33,24,115,47,68,5,0,5,53,24,29,939,358,581,532,168,364,4,2,2,31,0,31,127,69,58,245,119,126,18,11,7
50049624,909,480,429,880,468,412,81,43,38,110,58,52,4,0,4,29,12,17,944,424,520,230,90,140,3,1,2,20,0,20,101,45,56,590,288,302,18,10,8
50049625,1870,948,922,1785,908,877,91,36,55,199,91,108,19,1,18,85,40,45,1565,627,938,753,275,478,6,4,2,77,0,77,306,140,166,423,208,215,29,18,11
50049626,812,416,396,776,400,376,41,20,21,110,58,52,3,0,3,36,16,20,845,342,503,523,192,331,3,2,1,34,2,32,98,52,46,187,94,93,9,6,3
50049628,2196,1124,1072,2103,1076,1027,181,77,104,175,86,89,21,0,21,93,48,45,1670,633,1037,881,283,598,3,3,0,63,0,63,264,132,132,459,215,244,33,16,17
50049629,371,198,173,349,184,165,16,5,11,40,19,21,3,0,3,22,14,8,473,173,300,289,87,202,0,0,0,23,0,23,66,38,28,95,48,47,6,4,2
50049630,23,16,7,22,15,7,2,1,1,1,0,1,1,0,1,1,1,0,4,0,4,0,0,0,0,0,0,1,0,1,1,0,1,2,0,2,1,1,0
50049631,63,44,19,59,41,18,1,0,1,4,2,2,0,0,0,4,3,1,26,10,16,11,4,7,0,0,0,3,0,3,5,3,2,7,3,4,4,2,2
50049632,38,23,15,33,20,13,0,0,0,3,2,1,1,0,1,5,3,2,22,7,15,10,4,6,0,0,0,2,0,2,6,3,3,4,0,4,1,1,0
50049633,1608,824,784,1536,796,740,83,34,49,166,90,76,11,0,11,72,28,44,1386,571,815,680,249,431,2,1,1,57,0,57,218,110,108,429,211,218,20,11,9
50049634,282,150,132,267,140,127,21,10,11,29,11,18,5,0,5,15,10,5,216,90,126,116,46,70,0,0,0,7,0,7,39,20,19,54,24,30,1,0,1
50049635,34,19,15,33,19,14,1,0,1,6,3,3,0,0,0,1,0,1,38,15,23,14,6,8,0,0,0,4,0,4,6,5,1,14,4,10,0,0,0
50049636,37,27,10,26,20,6,0,0,0,3,2,1,1,0,1,11,7,4,10,6,4,5,4,1,0,0,0,0,0,0,3,1,2,2,1,1,1,0,1
50049637,851,437,414,817,424,393,32,12,20,121,55,66,7,0,7,34,13,21,1046,401,645,654,213,441,2,2,0,32,1,31,121,66,55,237,119,118,7,1,6
50049638,24,21,3,15,12,3,1,1,0,5,2,3,0,0,0,9,9,0,15,8,7,9,5,4,1,0,1,1,0,1,3,2,1,1,1,0,0,0,0
50049640,162,79,83,158,76,82,7,2,5,20,10,10,0,0,0,4,3,1,172,76,96,71,29,42,0,0,0,7,1,6,27,11,16,67,35,32,1,1,0
50049641,517,279,238,493,262,231,22,9,13,57,28,29,8,0,8,24,17,7,428,181,247,200,84,116,3,2,1,19,1,18,68,32,36,138,62,76,2,2,0
50049642,294,154,140,282,148,134,24,11,13,25,11,14,4,0,4,12,6,6,183,87,96,59,27,32,1,1,0,8,0,8,43,21,22,72,38,34,7,4,3
50049643,28,27,1,10,9,1,1,1,0,1,1,0,0,0,0,18,18,0,6,5,1,5,5,0,0,0,0,0,0,0,0,0,0,1,0,1,0,0,0
50049644,396,211,185,378,202,176,19,10,9,38,18,20,5,0,5,18,9,9,340,153,187,144,62,82,0,0,0,13,0,13,70,33,37,113,58,55,1,1,0
50049645,1197,626,571,1163,611,552,94,41,53,45,16,29,22,0,22,34,15,19,577,226,351,96,33,63,1,1,0,76,0,76,229,116,113,175,76,99,12,5,7
50049646,60,28,32,60,28,32,0,0,0,9,3,6,0,0,0,0,0,0,44,21,23,5,2,3,0,0,0,0,0,0,3,1,2,36,18,18,0,0,0
50049647,192,101,91,176,90,86,8,3,5,26,13,13,0,0,0,16,11,5,187,85,102,80,34,46,2,2,0,10,1,9,30,17,13,65,31,34,3,0,3
50049648,33,24,9,30,21,9,0,0,0,0,0,0,0,0,0,3,3,0,9,3,6,2,0,2,0,0,0,0,0,0,1,0,1,6,3,3,1,0,1
50049651,1504,789,715,1455,764,691,77,33,44,141,64,77,15,0,15,49,25,24,1288,547,741,525,200,325,7,5,2,75,0,75,265,131,134,416,211,205,12,2,10
50049652,194,97,97,191,97,94,12,4,8,23,13,10,0,0,0,3,0,3,165,74,91,80,33,47,0,0,0,5,0,5,25,10,15,55,31,24,2,1,1
50049653,234,132,102,223,127,96,9,7,2,26,17,9,1,0,1,11,5,6,240,111,129,104,44,60,0,0,0,14,0,14,43,25,18,79,42,37,1,0,1
50049654,113,60,53,109,59,50,9,4,5,10,6,4,1,0,1,4,1,3,72,32,40,27,13,14,0,0,0,9,1,8,19,10,9,17,8,9,2,2,0
50049655,383,203,180,373,197,176,31,17,14,33,20,13,5,0,5,10,6,4,262,120,142,109,46,63,0,0,0,8,1,7,55,34,21,90,39,51,2,2,0
50049656,542,277,265,524,269,255,41,19,22,61,32,29,7,0,7,18,8,10,415,170,245,143,49,94,3,2,1,19,0,19,87,40,47,163,79,84,10,4,6
50049657,60,35,25,58,34,24,4,3,1,6,4,2,2,0,2,2,1,1,34,12,22,3,0,3,0,0,0,2,0,2,17,8,9,12,4,8,0,0,0
50049658,1033,531,502,1013,521,492,74,35,39,109,54,55,16,0,16,20,10,10,697,309,388,191,72,119,3,3,0,36,0,36,165,80,85,302,154,148,11,9,2
50049659,1532,804,728,1476,781,695,131,59,72,146,70,76,17,0,17,56,23,33,1279,504,775,616,211,405,3,2,1,73,0,73,244,123,121,343,168,175,22,12,10
50049660,471,240,231,457,238,219,29,11,18,31,16,15,3,0,3,14,2,12,351,133,218,107,39,68,1,1,0,23,1,22,81,33,48,139,59,80,5,2,3
50049662,1433,707,726,1369,676,693,77,38,39,158,66,92,11,0,11,64,31,33,1384,548,836,759,267,492,4,2,2,73,1,72,213,117,96,335,161,174,15,7,8
50049663,61,31,30,57,29,28,4,0,4,3,2,1,0,0,0,4,2,2,39,19,20,10,4,6,0,0,0,3,0,3,12,6,6,14,9,5,2,0,2
50049664,1400,713,687,1330,676,654,91,40,51,135,59,76,16,0,16,70,37,33,1265,527,738,681,258,423,4,3,1,58,0,58,217,113,104,305,153,152,23,14,9
50049665,101,53,48,98,51,47,12,6,6,11,6,5,1,0,1,3,2,1,63,25,38,27,11,16,0,0,0,2,0,2,16,7,9,18,7,11,1,1,0
50049666,1612,798,814,1530,750,780,82,36,46,179,72,107,22,0,22,82,48,34,1688,674,1014,1037,382,655,2,2,0,75,0,75,242,122,120,332,168,164,22,11,11
50049667,546,272,274,532,268,264,56,29,27,42,21,21,6,0,6,14,4,10,316,146,170,94,43,51,1,0,1,19,0,19,84,47,37,118,56,62,8,3,5
50049668,1342,700,642,1281,672,609,85,37,48,111,51,60,12,0,12,61,28,33,1411,539,872,780,267,513,1,0,1,65,0,65,226,107,119,339,165,174,20,12,8
50049669,156,90,66,150,86,64,9,6,3,16,8,8,0,0,0,6,4,2,134,53,81,73,24,49,1,0,1,3,0,3,10,6,4,47,23,24,1,1,0
50049670,3597,1829,1768,3428,1748,1680,184,92,92,259,124,135,37,0,37,169,81,88,2313,959,1354,829,288,541,11,6,5,113,2,111,489,234,255,871,429,442,32,20,12
50049671,2426,1240,1186,2320,1184,1136,123,54,69,274,142,132,11,0,11,106,56,50,1842,765,1077,828,312,516,3,3,0,104,1,103,379,200,179,528,249,279,19,11,8
50049672,171,98,73,166,95,71,10,6,4,12,5,7,2,0,2,5,3,2,126,61,65,65,27,38,1,1,0,3,0,3,17,14,3,40,19,21,1,1,0
50049673,9,4,5,9,4,5,0,0,0,2,1,1,1,0,1,0,0,0,13,8,5,4,4,0,0,0,0,1,0,1,4,1,3,4,3,1,0,0,0
50049674,1435,767,668,1365,735,630,95,35,60,113,55,58,9,0,9,70,32,38,1231,498,733,514,183,331,6,4,2,79,1,78,268,129,139,364,181,183,18,9,9
50049675,545,271,274,505,248,257,55,25,30,39,17,22,7,0,7,40,23,17,322,145,177,129,47,82,1,1,0,16,0,16,77,45,32,99,52,47,16,8,8
50049676,77,43,34,74,42,32,31,16,15,6,2,4,0,0,0,3,1,2,145,55,90,14,7,7,0,0,0,1,0,1,9,3,6,121,45,76,10,5,5
50049677,3389,2009,1380,3000,1750,1250,303,137,166,252,133,119,18,0,18,389,259,130,1875,901,974,621,319,302,13,9,4,80,0,80,498,248,250,663,325,338,460,341,119
50049678,1028,563,465,979,532,447,107,41,66,93,43,50,5,0,5,49,31,18,838,442,396,255,91,164,3,1,2,31,0,31,306,228,78,243,122,121,22,7,15
50049679,183,98,85,179,96,83,16,7,9,21,9,12,0,0,0,4,2,2,77,30,47,26,11,15,0,0,0,3,1,2,17,6,11,31,12,19,1,1,0
50049680,801,423,378,771,411,360,77,30,47,59,25,34,11,0,11,30,12,18,558,248,310,209,87,122,4,2,2,41,0,41,146,70,76,158,89,69,7,2,5
50049681,1795,932,863,1702,883,819,150,65,85,187,92,95,17,0,17,93,49,44,1265,510,755,527,202,325,1,1,0,68,0,68,270,134,136,399,173,226,32,21,11
50049682,161,82,79,158,81,77,5,2,3,8,4,4,0,0,0,3,1,2,86,29,57,23,6,17,2,2,0,15,0,15,33,15,18,13,6,7,2,1,1
50049683,3450,1752,1698,3302,1683,1619,176,68,108,366,156,210,36,0,36,148,69,79,3091,1253,1838,1654,614,1040,10,7,3,152,0,152,534,273,261,741,359,382,49,24,25
50049684,55,19,36,52,19,33,5,0,5,6,2,4,0,0,0,3,0,3,80,34,46,36,12,24,0,0,0,7,0,7,18,11,7,19,11,8,1,1,0
50049685,830,431,399,797,414,383,50,23,27,65,28,37,10,0,10,33,17,16,562,227,335,191,65,126,5,3,2,37,0,37,127,54,73,202,105,97,10,3,7
50049686,591,307,284,566,295,271,28,14,14,71,34,37,5,0,5,25,12,13,576,239,337,309,122,187,2,2,0,28,0,28,97,51,46,140,64,76,9,5,4
50052601,539,298,241,526,290,236,26,15,11,40,21,19,2,0,2,13,8,5,467,227,240,210,91,119,1,1,0,16,0,16,76,44,32,164,91,73,11,8,3
50052602,635,340,295,618,335,283,30,11,19,39,21,18,6,0,6,17,5,12,615,284,331,251,109,142,2,2,0,28,1,27,100,51,49,234,121,113,4,3,1
50062301,88,49,39,84,47,37,0,0,0,8,2,6,1,0,1,4,2,2,70,37,33,29,14,15,0,0,0,5,0,5,15,9,6,21,14,7,0,0,0
50062302,66,34,32,63,33,30,3,1,2,4,2,2,1,0,1,3,1,2,55,25,30,28,14,14,0,0,0,3,0,3,10,4,6,14,7,7,0,0,0
50062303,71,39,32,67,39,28,0,0,0,4,3,1,1,0,1,4,0,4,67,34,33,37,16,21,0,0,0,3,0,3,8,4,4,19,14,5,1,1,0
50062304,43,25,18,43,25,18,1,0,1,5,5,0,0,0,0,0,0,0,49,20,29,18,8,10,1,1,0,4,0,4,11,4,7,15,7,8,0,0,0
50062305,85,47,38,80,46,34,2,0,2,6,5,1,1,0,1,5,1,4,81,41,40,38,19,19,0,0,0,7,0,7,15,6,9,21,16,5,0,0,0
50062306,17,8,9,17,8,9,0,0,0,3,0,3,0,0,0,0,0,0,15,7,8,5,2,3,1,1,0,1,0,1,3,0,3,5,4,1,1,1,0
50062307,65,30,35,61,28,33,6,1,5,5,1,4,0,0,0,4,2,2,54,26,28,20,12,8,0,0,0,4,0,4,13,7,6,17,7,10,0,0,0
50062308,136,77,59,129,72,57,3,2,1,11,3,8,0,0,0,7,5,2,140,67,73,82,38,44,1,1,0,8,0,8,21,13,8,28,15,13,2,0,2
50080101,304,172,132,296,166,130,11,4,7,25,13,12,3,0,3,8,6,2,268,112,156,113,44,69,0,0,0,14,0,14,45,20,25,96,48,48,10,9,1
50080102,35,24,11,34,23,11,2,2,0,4,4,0,0,0,0,1,1,0,30,15,15,16,7,9,0,0,0,0,0,0,4,2,2,10,6,4,0,0,0
50085201,583,325,258,562,314,248,23,9,14,60,36,24,6,0,6,21,11,10,529,238,291,270,120,150,0,0,0,20,0,20,79,39,40,160,79,81,9,7,2
50085202,262,139,123,255,137,118,6,3,3,19,10,9,1,0,1,7,2,5,195,94,101,81,35,46,0,0,0,6,0,6,26,14,12,82,45,37,3,0,3
50085203,431,227,204,417,219,198,16,6,10,44,23,21,1,0,1,14,8,6,371,159,212,176,69,107,1,1,0,12,0,12,47,24,23,135,65,70,0,0,0
50086101,21,14,7,21,14,7,0,0,0,4,3,1,0,0,0,0,0,0,14,7,7,7,4,3,0,0,0,2,0,2,3,2,1,2,1,1,0,0,0
50086102,283,155,128,270,147,123,7,2,5,23,14,9,0,0,0,13,8,5,223,95,128,123,49,74,1,1,0,8,0,8,26,8,18,65,37,28,12,9,3
50086104,10,6,4,9,6,3,0,0,0,0,0,0,0,0,0,1,0,1,15,6,9,7,3,4,0,0,0,2,0,2,2,1,1,4,2,2,0,0,0
50086105,54,29,25,53,28,25,2,0,2,8,2,6,2,0,2,1,1,0,60,19,41,31,9,22,0,0,0,1,0,1,9,4,5,19,6,13,1,1,0
50086106,39,22,17,36,19,17,1,1,0,5,2,3,0,0,0,3,3,0,48,24,24,31,13,18,0,0,0,2,0,2,7,4,3,8,7,1,0,0,0
50086107,34,18,16,32,18,14,2,1,1,5,3,2,0,0,0,2,0,2,37,17,20,26,11,15,0,0,0,1,0,1,1,1,0,9,5,4,1,0,1
50086108,23,14,9,22,14,8,0,0,0,1,1,0,0,0,0,1,0,1,23,10,13,17,7,10,0,0,0,2,0,2,3,2,1,1,1,0,0,0,0
50086110,44,27,17,41,27,14,1,1,0,7,4,3,0,0,0,3,0,3,35,13,22,17,7,10,0,0,0,2,0,2,4,2,2,12,4,8,1,1,0
50086111,20,13,7,20,13,7,0,0,0,5,4,1,1,0,1,0,0,0,23,7,16,10,4,6,0,0,0,2,0,2,9,3,6,2,0,2,0,0,0
50086112,49,29,20,48,29,19,2,1,1,2,0,2,0,0,0,1,0,1,40,24,16,21,11,10,0,0,0,1,0,1,7,5,2,11,8,3,0,0,0
50086113,70,42,28,68,40,28,2,1,1,12,7,5,0,0,0,2,2,0,66,33,33,24,10,14,0,0,0,6,0,6,11,7,4,25,16,9,0,0,0
50086114,103,55,48,96,52,44,3,2,1,5,3,2,0,0,0,7,3,4,75,30,45,40,17,23,0,0,0,0,0,0,6,3,3,29,10,19,1,1,0
50087901,341,183,158,333,178,155,8,5,3,26,9,17,3,0,3,8,5,3,297,139,158,114,50,64,0,0,0,11,0,11,51,28,23,121,61,60,9,5,4
50087902,99,58,41,95,57,38,4,2,2,8,4,4,0,0,0,4,1,3,95,39,56,43,16,27,0,0,0,6,0,6,16,8,8,30,15,15,1,0,1
50147601,142,74,68,136,72,64,1,0,1,15,6,9,0,0,0,6,2,4,151,71,80,73,29,44,0,0,0,6,0,6,20,9,11,52,33,19,6,2,4
50147602,719,398,321,691,384,307,22,6,16,52,25,27,3,0,3,28,14,14,617,272,345,299,136,163,0,0,0,32,0,32,87,33,54,199,103,96,12,10,2
50147603,19,10,9,19,10,9,0,0,0,2,0,2,0,0,0,0,0,0,20,9,11,11,5,6,0,0,0,1,0,1,1,0,1,7,4,3,0,0,0
50147604,14,6,8,13,6,7,0,0,0,2,0,2,1,0,1,1,0,1,13,7,6,8,4,4,0,0,0,0,0,0,3,1,2,2,2,0,0,0,0
50147605,103,59,44,99,56,43,2,0,2,6,4,2,1,0,1,4,3,1,90,39,51,36,15,21,1,1,0,3,0,3,14,5,9,36,18,18,2,1,1
50164601,37,20,17,35,20,15,0,0,0,2,1,1,1,0,1,2,0,2,33,16,17,12,5,7,0,0,0,1,0,1,5,2,3,15,9,6,0,0,0
50164602,1160,634,526,1128,620,508,49,23,26,97,53,44,13,0,13,32,14,18,1022,472,550,368,165,203,6,1,5,45,0,45,192,94,98,411,212,199,22,11,11
50164603,121,64,57,118,63,55,2,0,2,9,5,4,1,0,1,3,1,2,133,59,74,68,31,37,0,0,0,5,0,5,19,10,9,41,18,23,1,0,1
50164604,106,56,50,100,53,47,3,2,1,13,7,6,0,0,0,6,3,3,115,53,62,64,30,34,0,0,0,2,0,2,16,8,8,33,15,18,1,1,0
50164605,14,8,6,14,8,6,0,0,0,0,0,0,1,0,1,0,0,0,17,7,10,4,1,3,0,0,0,1,0,1,4,2,2,8,4,4,0,0,0
50175101,512,289,223,493,277,216,17,9,8,41,19,22,4,0,4,19,12,7,443,199,244,201,79,122,1,1,0,30,0,30,78,44,34,133,75,58,12,8,4
50175102,16,10,6,16,10,6,0,0,0,2,0,2,0,0,0,0,0,0,25,11,14,15,6,9,0,0,0,1,0,1,6,3,3,3,2,1,0,0,0
50175103,52,29,23,49,28,21,0,0,0,4,2,2,0,0,0,3,1,2,65,33,32,50,25,25,1,1,0,0,0,0,3,2,1,11,5,6,0,0,0
50175104,196,117,79,192,115,77,3,2,1,23,16,7,2,0,2,4,2,2,152,69,83,64,26,38,0,0,0,11,0,11,34,19,15,43,24,19,0,0,0
50175105,127,66,61,118,64,54,0,0,0,16,9,7,1,0,1,9,2,7,131,57,74,74,34,40,1,1,0,5,0,5,19,7,12,32,15,17,0,0,0
50179401,209,113,96,196,109,87,4,1,3,21,10,11,2,0,2,13,4,9,204,92,112,108,45,63,0,0,0,8,0,8,34,15,19,54,32,22,0,0,0
50179402,86,46,40,78,41,37,5,2,3,10,7,3,1,0,1,8,5,3,96,43,53,49,21,28,0,0,0,1,0,1,17,8,9,29,14,15,1,0,1
50179403,479,262,217,449,244,205,20,8,12,28,17,11,6,0,6,30,18,12,452,190,262,185,68,117,0,0,0,21,0,21,89,33,56,157,89,68,7,5,2
50184101,749,416,333,711,404,307,26,13,13,60,32,28,5,0,5,38,12,26,713,294,419,322,128,194,0,0,0,28,0,28,118,49,69,245,117,128,11,7,4
50214601,716,382,334,685,365,320,22,6,16,50,22,28,9,0,9,31,17,14,700,299,401,347,145,202,2,1,1,37,0,37,126,64,62,188,89,99,7,6,1
50214602,321,186,135,302,175,127,14,5,9,26,13,13,2,0,2,19,11,8,263,113,150,135,50,85,1,1,0,8,0,8,47,23,24,72,39,33,19,17,2
50214603,126,76,50,119,71,48,7,3,4,11,6,5,1,0,1,7,5,2,173,68,105,131,43,88,0,0,0,6,0,6,14,7,7,22,18,4,2,2,0
50214604,828,448,380,796,434,362,25,12,13,69,34,35,8,0,8,32,14,18,884,383,501,457,183,274,0,0,0,38,0,38,143,75,68,246,125,121,5,1,4
50214605,53,31,22,50,28,22,1,0,1,5,3,2,1,0,1,3,3,0,44,21,23,20,8,12,0,0,0,1,0,1,7,3,4,16,10,6,1,0,1
50223501,969,528,441,945,515,430,41,21,20,79,33,46,9,0,9,24,13,11,824,365,459,293,130,163,1,1,0,45,0,45,157,78,79,328,156,172,15,10,5
50240501,320,176,144,303,166,137,11,5,6,20,11,9,2,0,2,17,10,7,299,129,170,113,43,70,0,0,0,17,1,16,60,31,29,109,54,55,2,1,1
50254501,1001,542,459,957,512,445,32,14,18,90,41,49,11,0,11,44,30,14,1010,461,549,438,189,249,1,0,1,39,0,39,175,93,82,357,179,178,10,7,3
50254502,254,137,117,250,135,115,10,8,2,17,8,9,2,0,2,4,2,2,248,126,122,111,50,61,0,0,0,12,0,12,40,19,21,85,57,28,2,0,2
50283901,334,182,152,326,176,150,12,5,7,34,13,21,1,0,1,8,6,2,353,158,195,161,69,92,1,1,0,16,0,16,59,34,25,116,54,62,6,3,3
50314201,295,167,128,286,163,123,11,6,5,19,10,9,3,0,3,9,4,5,270,114,156,116,51,65,1,0,1,13,0,13,40,17,23,100,46,54,5,5,0
50330401,264,139,125,255,134,121,11,8,3,18,9,9,2,0,2,9,5,4,257,124,133,121,52,69,0,0,0,6,0,6,47,32,15,83,40,43,7,3,4
50330402,153,86,67,146,83,63,6,2,4,12,7,5,0,0,0,7,3,4,150,62,88,69,26,43,1,1,0,8,0,8,31,18,13,41,17,24,4,1,3
3068010,0,0,0,0,0,0,0,0,0,0,0,0,0,0,0,0,0,0,0,0,0,0,0,0,0,0,0,0,0,0,0,0,0,0,0,0,0,0,0
3068190,0,0,0,0,0,0,0,0,0,0,0,0,0,0,0,0,0,0,0,0,0,0,0,0,0,0,0,0,0,0,0,0,0,0,0,0,0,0,0
3287070,0,0,0,0,0,0,0,0,0,0,0,0,0,0,0,0,0,0,0,0,0,0,0,0,0,0,0,0,0,0,0,0,0,0,0,0,0,0,0
3287150,0,0,0,0,0,0,0,0,0,0,0,0,0,0,0,0,0,0,0,0,0,0,0,0,0,0,0,0,0,0,0,0,0,0,0,0,0,0,0
50344401,147,81,66,143,78,65,5,3,2,12,7,5,2,0,2,4,3,1,106,44,62,57,21,36,0,0,0,2,0,2,18,7,11,29,16,13,1,1,0
50344402,109,61,48,108,61,47,2,1,1,9,3,6,1,0,1,1,0,1,101,50,51,53,24,29,0,0,0,2,0,2,13,8,5,33,18,15,3,1,2
50344403,207,114,93,200,111,89,7,2,5,11,6,5,1,0,1,7,3,4,187,84,103,68,28,40,0,0,0,9,0,9,38,24,14,72,32,40,0,0,0
50344404,241,130,111,234,126,108,6,2,4,21,12,9,1,0,1,7,4,3,197,90,107,102,48,54,1,0,1,10,0,10,28,15,13,56,27,29,0,0,0
50344405,109,61,48,105,59,46,2,0,2,11,5,6,1,0,1,4,2,2,94,38,56,49,17,32,0,0,0,7,0,7,11,4,7,27,17,10,1,1,0
50344406,45,25,20,44,25,19,1,0,1,4,1,3,0,0,0,1,0,1,46,20,26,30,15,15,0,0,0,3,0,3,6,3,3,7,2,5,0,0,0
50344408,71,38,33,70,37,33,3,1,2,4,0,4,1,0,1,1,1,0,56,27,29,37,19,18,0,0,0,1,0,1,8,3,5,10,5,5,2,1,1
50344409,100,53,47,97,51,46,1,0,1,13,4,9,0,0,0,3,2,1,105,43,62,47,21,26,0,0,0,9,0,9,23,12,11,26,10,16,0,0,0
50344410,107,63,44,105,61,44,2,2,0,7,3,4,1,0,1,2,2,0,136,52,84,46,20,26,0,0,0,14,0,14,35,17,18,41,15,26,0,0,0
50344411,198,108,90,191,103,88,6,1,5,16,8,8,1,0,1,7,5,2,179,76,103,86,31,55,2,1,1,9,1,8,27,15,12,55,28,27,1,0,1
50344413,104,58,46,100,56,44,4,1,3,9,7,2,0,0,0,4,2,2,84,32,52,37,13,24,0,0,0,3,0,3,17,4,13,27,15,12,2,0,2
50344414,64,35,29,64,35,29,1,0,1,17,10,7,0,0,0,0,0,0,70,30,40,44,19,25,0,0,0,2,0,2,7,2,5,17,9,8,0,0,0
50344415,21,12,9,21,12,9,1,0,1,2,1,1,0,0,0,0,0,0,8,4,4,6,3,3,0,0,0,0,0,0,1,1,0,1,0,1,0,0,0
50344416,166,84,82,160,81,79,4,0,4,16,6,10,3,0,3,6,3,3,156,68,88,73,30,43,3,1,2,6,1,5,23,11,12,51,25,26,3,3,0
50344417,961,507,454,936,493,443,33,16,17,119,46,73,9,0,9,25,14,11,931,407,524,491,207,284,2,1,1,38,0,38,156,80,76,244,119,125,6,3,3
50344418,1113,580,533,1078,562,516,37,15,22,73,34,39,9,0,9,35,18,17,932,393,539,438,161,277,2,2,0,47,1,46,158,85,73,287,144,143,11,4,7
50344419,525,309,216,494,289,205,29,15,14,43,27,16,0,0,0,31,20,11,567,233,334,297,115,182,1,1,0,18,1,17,80,40,40,171,76,95,33,28,5
50344420,387,209,178,376,203,173,18,7,11,41,25,16,2,0,2,11,6,5,389,157,232,224,88,136,0,0,0,16,0,16,52,30,22,97,39,58,2,1,1
50344423,25,15,10,25,15,10,1,1,0,0,0,0,0,0,0,0,0,0,22,12,10,11,6,5,0,0,0,0,0,0,2,1,1,9,5,4,0,0,0
50344424,158,80,78,156,78,78,4,2,2,8,3,5,2,0,2,2,2,0,168,74,94,66,29,37,0,0,0,6,0,6,30,13,17,66,32,34,2,0,2
50362201,12,6,6,11,6,5,1,0,1,2,2,0,0,0,0,1,0,1,10,5,5,7,3,4,0,0,0,0,0,0,1,0,1,2,2,0,0,0,0
50362202,21,12,9,19,12,7,0,0,0,2,0,2,0,0,0,2,0,2,21,11,10,10,7,3,0,0,0,1,0,1,7,3,4,3,1,2,0,0,0
50362203,258,134,124,248,129,119,5,3,2,22,13,9,0,0,0,10,5,5,266,109,157,135,50,85,0,0,0,17,0,17,44,22,22,70,37,33,5,4,1
50362204,8,6,2,8,6,2,2,1,1,4,3,1,0,0,0,0,0,0,18,10,8,17,9,8,0,0,0,0,0,0,0,0,0,1,1,0,0,0,0
50362205,78,43,35,76,43,33,2,0,2,11,8,3,0,0,0,2,0,2,74,30,44,35,11,24,0,0,0,3,0,3,11,5,6,25,14,11,1,0,1
50362206,42,23,19,41,22,19,0,0,0,2,1,1,0,0,0,1,1,0,32,17,15,13,6,7,0,0,0,0,0,0,9,5,4,10,6,4,0,0,0
50365701,27,19,8,25,18,7,1,1,0,6,4,2,0,0,0,2,1,1,15,9,6,8,5,3,0,0,0,1,0,1,5,4,1,1,0,1,1,1,0
50365702,1213,657,556,1164,629,535,47,18,29,94,41,53,7,0,7,49,28,21,988,442,546,490,209,281,2,2,0,49,0,49,177,94,83,270,137,133,26,16,10
50365703,379,209,170,368,202,166,13,5,8,23,17,6,0,0,0,11,7,4,389,170,219,156,66,90,0,0,0,14,0,14,59,32,27,160,72,88,5,0,5
50373801,606,328,278,587,318,269,26,15,11,57,30,27,4,0,4,19,10,9,536,243,293,232,95,137,0,0,0,22,0,22,93,46,47,189,102,87,6,2,4
3305150,0,0,0,0,0,0,0,0,0,0,0,0,0,0,0,0,0,0,0,0,0,0,0,0,0,0,0,0,0,0,0,0,0,0,0,0,0,0,0
3305230,0,0,0,0,0,0,0,0,0,0,0,0,0,0,0,0,0,0,0,0,0,0,0,0,0,0,0,0,0,0,0,0,0,0,0,0,0,0,0
3305740,0,0,0,0,0,0,0,0,0,0,0,0,0,0,0,0,0,0,0,0,0,0,0,0,0,0,0,0,0,0,0,0,0,0,0,0,0,0,0
3900710,0,0,0,0,0,0,0,0,0,0,0,0,0,0,0,0,0,0,0,0,0,0,0,0,0,0,0,0,0,0,0,0,0,0,0,0,0,0,0
3901940,0,0,0,0,0,0,0,0,0,0,0,0,0,0,0,0,0,0,0,0,0,0,0,0,0,0,0,0,0,0,0,0,0,0,0,0,0,0,0
3902590,0,0,0,0,0,0,0,0,0,0,0,0,0,0,0,0,0,0,0,0,0,0,0,0,0,0,0,0,0,0,0,0,0,0,0,0,0,0,0
50424601,212,119,93,207,116,91,6,3,3,24,14,10,1,0,1,5,3,2,204,91,113,87,44,43,0,0,0,15,0,15,42,18,24,60,29,31,5,3,2
50424603,121,69,52,117,66,51,6,3,3,4,2,2,1,0,1,4,3,1,109,48,61,49,17,32,0,0,0,7,0,7,19,12,7,34,19,15,1,0,1
50424604,8,6,2,8,6,2,0,0,0,1,1,0,0,0,0,0,0,0,94,86,8,93,85,8,0,0,0,0,0,0,0,0,0,1,1,0,0,0,0
50444102,57,30,27,55,29,26,1,0,1,1,1,0,1,0,1,2,1,1,57,26,31,28,12,16,0,0,0,2,0,2,8,2,6,19,12,7,0,0,0
50444103,171,98,73,169,97,72,3,1,2,16,6,10,2,0,2,2,1,1,180,71,109,72,29,43,1,0,1,13,0,13,34,16,18,60,26,34,2,1,1
50444104,465,245,220,446,234,212,14,6,8,44,20,24,2,0,2,19,11,8,487,220,267,231,102,129,1,0,1,9,1,8,68,32,36,178,85,93,9,5,4
50450501,60,40,20,58,39,19,2,0,2,2,2,0,0,0,0,2,1,1,56,28,28,30,14,16,0,0,0,5,0,5,8,7,1,13,7,6,0,0,0
50450502,1048,584,464,1017,565,452,36,16,20,86,46,40,13,0,13,31,19,12,948,385,563,438,159,279,0,0,0,38,0,38,154,62,92,318,164,154,15,10,5
50478501,15,10,5,15,10,5,0,0,0,3,1,2,0,0,0,0,0,0,14,7,7,10,5,5,0,0,0,0,0,0,0,0,0,4,2,2,0,0,0
50478502,138,81,57,120,72,48,2,1,1,12,8,4,1,0,1,18,9,9,146,60,86,90,36,54,0,0,0,6,0,6,15,6,9,35,18,17,0,0,0
50478503,494,274,220,468,263,205,12,7,5,53,25,28,4,0,4,26,11,15,502,235,267,214,96,118,2,2,0,26,0,26,96,50,46,164,87,77,4,3,1
50501301,169,84,85,165,83,82,4,1,3,13,7,6,1,0,1,4,1,3,163,75,88,77,31,46,0,0,0,9,0,9,24,17,7,53,27,26,1,1,0
50501302,499,270,229,469,254,215,17,8,9,46,25,21,2,0,2,30,16,14,447,193,254,208,84,124,5,3,2,19,1,18,74,40,34,141,65,76,6,2,4
50508101,109,63,46,101,59,42,3,2,1,10,5,5,0,0,0,8,4,4,119,48,71,71,30,41,0,0,0,5,0,5,17,4,13,26,14,12,0,0,0
50508102,658,356,302,638,348,290,28,10,18,66,37,29,2,0,2,20,8,12,600,259,341,304,128,176,1,0,1,28,0,28,97,46,51,170,85,85,10,8,2
50508103,116,70,46,111,65,46,1,0,1,10,6,4,0,0,0,5,5,0,95,36,59,52,17,35,0,0,0,2,0,2,14,4,10,27,15,12,0,0,0
50511101,188,108,80,182,104,78,8,2,6,13,7,6,1,0,1,6,4,2,178,82,96,88,34,54,0,0,0,11,0,11,20,12,8,59,36,23,0,0,0
50511102,589,336,253,570,322,248,13,7,6,45,28,17,3,0,3,19,14,5,573,254,319,309,134,175,0,0,0,31,1,30,78,40,38,155,79,76,2,2,0
50516101,58,27,31,51,23,28,0,0,0,9,3,6,1,0,1,7,4,3,48,19,29,18,9,9,0,0,0,3,0,3,13,4,9,14,6,8,2,1,1
50516102,46,26,20,45,25,20,0,0,0,8,2,6,0,0,0,1,1,0,60,28,32,29,13,16,0,0,0,4,0,4,10,7,3,17,8,9,1,0,1
50516104,168,93,75,164,89,75,4,0,4,15,10,5,1,0,1,4,4,0,191,78,113,71,28,43,1,1,0,14,0,14,31,20,11,74,29,45,3,3,0
50516105,165,87,78,158,84,74,5,3,2,16,7,9,1,0,1,7,3,4,141,64,77,54,24,30,0,0,0,7,0,7,22,10,12,58,30,28,1,1,0
50516106,1229,674,555,1186,654,532,41,19,22,100,47,53,9,0,9,43,20,23,1188,497,691,572,231,341,3,2,1,57,0,57,228,111,117,328,153,175,27,18,9
50516107,30,17,13,25,14,11,2,1,1,4,2,2,0,0,0,5,3,2,31,14,17,21,9,12,0,0,0,0,0,0,4,2,2,6,3,3,0,0,0
1636510,0,0,0,0,0,0,0,0,0,0,0,0,0,0,0,0,0,0,0,0,0,0,0,0,0,0,0,0,0,0,0,0,0,0,0,0,0,0,0
3417970,0,0,0,0,0,0,0,0,0,0,0,0,0,0,0,0,0,0,0,0,0,0,0,0,0,0,0,0,0,0,0,0,0,0,0,0,0,0,0
50518801,49,29,20,47,27,20,2,1,1,5,4,1,0,0,0,2,2,0,41,18,23,20,9,11,0,0,0,2,0,2,5,1,4,14,8,6,0,0,0
50518802,16,10,6,16,10,6,0,0,0,0,0,0,0,0,0,0,0,0,13,7,6,4,2,2,0,0,0,1,0,1,5,3,2,3,2,1,1,1,0
50518803,77,48,29,75,47,28,0,0,0,13,8,5,0,0,0,2,1,1,59,31,28,32,15,17,0,0,0,3,0,3,7,4,3,17,12,5,0,0,0
50518804,76,43,33,73,42,31,2,1,1,10,7,3,1,0,1,3,1,2,68,26,42,28,9,19,0,0,0,5,0,5,17,10,7,18,7,11,0,0,0
50518805,54,32,22,51,30,21,3,2,1,4,2,2,1,0,1,3,2,1,50,22,28,20,9,11,1,1,0,2,0,2,10,3,7,17,9,8,0,0,0
50518806,496,268,228,487,262,225,22,13,9,59,31,28,4,0,4,9,6,3,479,183,296,236,78,158,2,2,0,23,0,23,71,36,35,147,67,80,3,1,2
50518807,640,351,289,614,335,279,25,15,10,75,34,41,6,0,6,26,16,10,660,252,408,402,136,266,0,0,0,28,2,26,84,37,47,146,77,69,5,3,2
50518808,705,360,345,674,343,331,24,8,16,78,32,46,7,0,7,31,17,14,730,274,456,464,154,310,0,0,0,29,0,29,89,48,41,148,72,76,13,6,7
50518809,603,346,257,536,303,233,15,4,11,46,27,19,3,0,3,67,43,24,437,174,263,162,65,97,1,1,0,20,0,20,119,42,77,135,66,69,54,42,12
50518810,74,38,36,71,38,33,1,0,1,7,4,3,0,0,0,3,0,3,65,28,37,33,14,19,0,0,0,3,0,3,6,1,5,23,13,10,0,0,0
50518811,22,13,9,22,13,9,2,2,0,1,1,0,0,0,0,0,0,0,25,13,12,12,6,6,0,0,0,1,0,1,5,3,2,7,4,3,0,0,0
50518812,45,20,25,41,17,24,2,1,1,7,3,4,0,0,0,4,3,1,63,29,34,49,22,27,0,0,0,2,1,1,8,4,4,4,2,2,0,0,0
50518813,954,509,445,885,477,408,28,12,16,101,50,51,3,0,3,69,32,37,770,336,434,325,136,189,2,1,1,42,0,42,149,69,80,252,130,122,22,11,11
50518815,450,238,212,435,226,209,20,9,11,64,30,34,3,0,3,15,12,3,405,171,234,229,97,132,0,0,0,12,1,11,56,28,28,108,45,63,2,0,2
50518816,425,215,210,409,208,201,24,13,11,37,20,17,2,0,2,16,7,9,328,137,191,135,53,82,2,1,1,19,0,19,58,29,29,114,54,60,4,1,3
50518817,153,86,67,151,85,66,9,5,4,13,9,4,1,0,1,2,1,1,145,62,83,58,22,36,1,1,0,9,0,9,29,16,13,48,23,25,1,0,1
50518818,338,176,162,320,166,154,28,11,17,47,22,25,2,0,2,18,10,8,424,196,228,281,125,156,0,0,0,14,0,14,36,19,17,93,52,41,2,1,1
50518819,547,296,251,532,286,246,18,7,11,74,38,36,3,0,3,15,10,5,546,243,303,267,108,159,1,1,0,20,0,20,79,40,39,179,94,85,2,0,2
50518820,767,403,364,734,383,351,29,15,14,83,39,44,3,0,3,33,20,13,767,340,427,368,151,217,3,1,2,35,0,35,137,74,63,224,114,110,6,3,3
50518821,21,13,8,20,13,7,0,0,0,3,1,2,0,0,0,1,0,1,23,10,13,11,5,6,0,0,0,1,0,1,4,1,3,7,4,3,0,0,0
50518822,15,11,4,13,10,3,0,0,0,1,1,0,0,0,0,2,1,1,25,15,10,9,3,6,0,0,0,0,0,0,4,2,2,12,10,2,1,0,1
50518823,131,71,60,126,67,59,6,2,4,15,8,7,1,0,1,5,4,1,110,53,57,43,18,25,0,0,0,7,0,7,18,12,6,42,23,19,0,0,0
50521801,170,93,77,162,89,73,9,3,6,10,6,4,1,0,1,8,4,4,140,63,77,67,31,36,0,0,0,10,0,10,29,13,16,34,19,15,2,1,1
50521802,647,368,279,623,354,269,18,10,8,51,24,27,4,0,4,24,14,10,611,274,337,323,137,186,1,1,0,26,0,26,80,43,37,181,93,88,7,4,3
50526901,133,68,65,130,68,62,2,1,1,8,4,4,3,0,3,3,0,3,123,48,75,50,21,29,0,0,0,4,0,4,27,10,17,42,17,25,1,0,1
50526902,352,200,152,328,185,143,11,6,5,27,16,11,1,0,1,24,15,9,313,150,163,143,57,86,1,1,0,17,1,16,61,38,23,91,53,38,7,4,3
50526903,192,108,84,185,102,83,7,3,4,26,12,14,1,0,1,7,6,1,156,71,85,81,35,46,0,0,0,5,0,5,22,14,8,48,22,26,1,0,1
50529301,104,60,44,103,60,43,0,0,0,8,3,5,1,0,1,1,0,1,93,38,55,39,16,23,0,0,0,5,0,5,22,10,12,27,12,15,1,0,1
50529302,33,20,13,32,20,12,0,0,0,8,4,4,0,0,0,1,0,1,23,6,17,10,3,7,0,0,0,2,0,2,6,3,3,5,0,5,0,0,0
50529303,114,61,53,110,60,50,0,0,0,6,2,4,1,0,1,4,1,3,120,41,79,45,14,31,0,0,0,3,0,3,17,2,15,55,25,30,2,2,0
50529304,559,312,247,541,300,241,18,8,10,52,26,26,5,0,5,18,12,6,530,217,313,273,106,167,0,0,0,24,0,24,76,40,36,157,71,86,12,5,7
50529305,86,42,44,85,42,43,4,1,3,7,5,2,0,0,0,1,0,1,69,35,34,34,14,20,1,1,0,2,0,2,6,3,3,26,17,9,0,0,0
50536601,59,34,25,57,33,24,4,3,1,6,2,4,0,0,0,2,1,1,58,27,31,30,13,17,0,0,0,3,0,3,8,5,3,17,9,8,1,1,0
50536602,136,74,62,130,74,56,3,1,2,10,5,5,0,0,0,6,0,6,97,49,48,16,8,8,0,0,0,10,0,10,39,23,16,32,18,14,2,1,1
50536603,66,38,28,64,37,27,2,2,0,4,2,2,1,0,1,2,1,1,46,22,24,25,11,14,0,0,0,1,0,1,5,4,1,15,7,8,0,0,0
50536604,538,302,236,521,294,227,16,11,5,51,27,24,5,0,5,17,8,9,522,220,302,214,87,127,3,2,1,29,0,29,87,36,51,189,95,94,1,0,1
50536605,74,44,30,70,43,27,2,2,0,8,6,2,1,0,1,4,1,3,77,34,43,28,12,16,0,0,0,8,0,8,19,9,10,22,13,9,2,0,2
50536606,33,19,14,32,19,13,2,2,0,4,1,3,0,0,0,1,0,1,49,21,28,28,13,15,0,0,0,2,0,2,8,4,4,11,4,7,0,0,0
50550101,67,39,28,65,38,27,0,0,0,8,3,5,1,0,1,2,1,1,60,26,34,25,12,13,0,0,0,5,0,5,15,7,8,15,7,8,1,1,0
50550102,120,68,52,110,61,49,1,0,1,8,5,3,0,0,0,10,7,3,101,47,54,49,20,29,0,0,0,4,0,4,16,9,7,32,18,14,2,1,1
50550103,531,294,237,498,272,226,22,7,15,55,30,25,6,0,6,33,22,11,504,233,271,263,109,154,1,1,0,21,0,21,85,48,37,134,75,59,18,12,6
1745480,0,0,0,0,0,0,0,0,0,0,0,0,0,0,0,0,0,0,0,0,0,0,0,0,0,0,0,0,0,0,0,0,0,0,0,0,0,0,0
1746020,0,0,0,0,0,0,0,0,0,0,0,0,0,0,0,0,0,0,0,0,0,0,0,0,0,0,0,0,0,0,0,0,0,0,0,0,0,0,0
1746290,0,0,0,0,0,0,0,0,0,0,0,0,0,0,0,0,0,0,0,0,0,0,0,0,0,0,0,0,0,0,0,0,0,0,0,0,0,0,0
3405700,0,0,0,0,0,0,0,0,0,0,0,0,0,0,0,0,0,0,0,0,0,0,0,0,0,0,0,0,0,0,0,0,0,0,0,0,0,0,0
50558701,132,73,59,126,71,55,3,2,1,5,4,1,1,0,1,6,2,4,162,66,96,92,30,62,3,0,3,6,0,6,25,14,11,36,22,14,1,1,0
50558702,68,38,30,63,36,27,1,0,1,3,0,3,1,0,1,5,2,3,51,25,26,29,16,13,0,0,0,3,0,3,9,4,5,10,5,5,0,0,0
50558703,70,38,32,69,37,32,4,1,3,8,4,4,1,0,1,1,1,0,42,19,23,24,10,14,0,0,0,2,0,2,8,4,4,8,5,3,0,0,0
50558704,55,32,23,51,30,21,1,0,1,4,2,2,0,0,0,4,2,2,67,29,38,36,16,20,1,0,1,5,0,5,11,7,4,14,6,8,0,0,0
50558705,98,53,45,96,51,45,6,4,2,7,5,2,1,0,1,2,2,0,94,39,55,47,22,25,0,0,0,5,0,5,16,6,10,26,11,15,0,0,0
50558706,115,66,49,112,64,48,5,2,3,8,5,3,1,0,1,3,2,1,89,38,51,40,16,24,0,0,0,5,0,5,13,6,7,31,16,15,0,0,0
50558707,231,118,113,222,114,108,13,3,10,13,8,5,0,0,0,9,4,5,161,76,85,81,36,45,0,0,0,5,0,5,19,14,5,56,26,30,4,4,0
50558709,53,26,27,52,25,27,1,0,1,5,2,3,1,0,1,1,1,0,51,25,26,28,12,16,0,0,0,1,0,1,4,3,1,18,10,8,0,0,0
50558710,105,59,46,98,54,44,3,2,1,10,2,8,1,0,1,7,5,2,109,54,55,53,27,26,1,1,0,4,0,4,13,4,9,38,22,16,1,0,1
50558711,1468,767,701,1381,722,659,51,21,30,117,54,63,13,0,13,87,45,42,1275,521,754,716,254,462,2,1,1,58,0,58,177,97,80,322,169,153,20,12,8
50558712,801,438,363,766,417,349,25,10,15,76,43,33,4,0,4,35,21,14,722,308,414,406,162,244,0,0,0,34,0,34,99,50,49,183,96,87,6,4,2
50558713,228,129,99,200,115,85,9,5,4,36,19,17,0,0,0,28,14,14,204,85,119,113,47,66,0,0,0,9,0,9,22,14,8,60,24,36,2,0,2
50558714,16,9,7,15,8,7,0,0,0,0,0,0,1,0,1,1,1,0,20,8,12,8,3,5,0,0,0,0,0,0,4,1,3,8,4,4,0,0,0
50558715,626,352,274,611,345,266,26,12,14,48,28,20,3,0,3,15,7,8,599,257,342,327,132,195,1,0,1,28,0,28,78,32,46,165,93,72,11,9,2
50558716,235,119,116,223,115,108,7,2,5,26,19,7,2,0,2,12,4,8,211,96,115,89,35,54,0,0,0,10,0,10,35,18,17,77,43,34,2,1,1
50558717,748,403,345,716,385,331,30,14,16,66,36,30,6,0,6,32,18,14,770,292,478,454,159,295,1,1,0,39,0,39,111,53,58,165,79,86,5,2,3
50558718,629,383,246,565,344,221,22,10,12,47,23,24,3,0,3,64,39,25,537,228,309,193,81,112,1,1,0,42,0,42,129,66,63,172,80,92,43,30,13
50558719,15,9,6,15,9,6,0,0,0,0,0,0,0,0,0,0,0,0,12,5,7,7,4,3,0,0,0,0,0,0,0,0,0,5,1,4,0,0,0
50560901,1834,1025,809,1770,988,782,64,37,27,156,99,57,12,0,12,64,37,27,1607,696,911,674,259,415,1,1,0,84,0,84,312,159,153,536,277,259,29,16,13
50565001,188,109,79,184,105,79,7,4,3,14,2,12,1,0,1,4,4,0,156,73,83,67,33,34,0,0,0,6,0,6,26,14,12,57,26,31,1,0,1
50565002,1230,632,598,1195,616,579,44,10,34,101,52,49,9,0,9,35,16,19,1094,495,599,390,166,224,3,3,0,42,0,42,187,93,94,472,233,239,17,12,5
50565003,191,108,83,185,106,79,9,3,6,13,5,8,5,0,5,6,2,4,156,69,87,57,23,34,0,0,0,7,0,7,35,16,19,57,30,27,2,1,1
50566801,705,397,308,675,381,294,23,12,11,45,27,18,5,0,5,30,16,14,651,280,371,262,93,169,3,1,2,28,0,28,123,64,59,235,122,113,3,2,1
50586201,218,128,90,214,125,89,6,2,4,25,13,12,3,0,3,4,3,1,202,86,116,97,41,56,0,0,0,11,0,11,34,18,16,60,27,33,2,2,0
54000501,83,48,35,73,40,33,2,1,1,4,4,0,0,0,0,10,8,2,100,44,56,54,26,28,1,0,1,7,0,7,20,9,11,18,9,9,1,1,0
54527901,217,123,94,200,113,87,5,3,2,31,13,18,1,0,1,17,10,7,229,100,129,105,45,60,1,0,1,18,1,17,38,20,18,67,34,33,4,2,2
54697601,62,37,25,59,37,22,1,0,1,11,9,2,0,0,0,3,0,3,69,35,34,39,16,23,0,0,0,3,0,3,12,10,2,15,9,6,2,1,1
54701801,289,163,126,280,156,124,11,4,7,22,10,12,3,0,3,9,7,2,292,145,147,133,62,71,0,0,0,14,0,14,40,20,20,105,63,42,1,1,0
54702601,517,288,229,497,274,223,30,16,14,38,21,17,0,0,0,20,14,6,455,200,255,178,73,105,1,1,0,20,0,20,67,30,37,189,96,93,7,6,1
54707701,709,374,335,685,358,327,31,13,18,88,43,45,6,0,6,24,16,8,624,279,345,258,100,158,2,2,0,14,0,14,104,49,55,246,128,118,10,3,7
54709301,24,14,10,24,14,10,0,0,0,2,1,1,0,0,0,0,0,0,24,12,12,14,7,7,0,0,0,1,0,1,3,1,2,6,4,2,0,0,0
54712301,87,49,38,80,45,35,1,0,1,10,4,6,1,0,1,7,4,3,170,65,105,117,40,77,2,2,0,4,0,4,17,8,9,30,15,15,0,0,0
55201101,424,235,189,414,232,182,6,4,2,31,19,12,4,0,4,10,3,7,396,184,212,158,72,86,0,0,0,27,0,27,89,42,47,122,70,52,4,2,2
55202001,542,296,246,529,291,238,29,19,10,31,16,15,4,0,4,13,5,8,469,216,253,120,49,71,0,0,0,30,0,30,124,63,61,195,104,91,7,3,4
55203801,101,62,39,96,61,35,1,0,1,10,7,3,1,0,1,5,1,4,92,36,56,48,16,32,0,0,0,4,0,4,18,10,8,22,10,12,3,2,1
55206201,100,53,47,98,52,46,3,0,3,10,5,5,0,0,0,2,1,1,137,71,66,68,35,33,1,0,1,6,0,6,26,12,14,36,24,12,0,0,0
55207101,123,72,51,113,67,46,4,2,2,8,4,4,2,0,2,10,5,5,141,56,85,49,18,31,0,0,0,11,0,11,40,20,20,41,18,23,4,1,3
55208901,334,173,161,321,168,153,15,5,10,41,24,17,5,0,5,13,5,8,278,126,152,110,49,61,0,0,0,11,0,11,54,26,28,103,51,52,6,3,3
55211901,182,100,82,177,96,81,5,1,4,16,8,8,3,0,3,5,4,1,192,83,109,86,38,48,0,0,0,7,0,7,29,15,14,70,30,40,1,1,0
55211902,233,124,109,225,120,105,10,2,8,23,13,10,3,0,3,8,4,4,179,86,93,87,36,51,1,1,0,10,0,10,22,14,8,59,35,24,3,2,1
55211903,284,166,118,270,159,111,10,4,6,17,12,5,2,0,2,14,7,7,284,126,158,138,59,79,0,0,0,11,0,11,43,23,20,92,44,48,2,0,2
55215101,579,313,266,559,306,253,25,14,11,42,21,21,2,0,2,20,7,13,522,220,302,230,95,135,1,0,1,18,1,17,74,33,41,199,91,108,15,10,5
55216001,517,287,230,489,273,216,13,4,9,44,24,20,5,0,5,28,14,14,472,206,266,169,71,98,1,1,0,34,0,34,127,57,70,141,77,64,5,5,0
55217801,182,98,84,177,97,80,1,1,0,12,3,9,1,0,1,5,1,4,152,66,86,85,34,51,0,0,0,6,0,6,22,13,9,39,19,20,1,1,0
55217802,54,30,24,53,30,23,2,1,1,5,2,3,1,0,1,1,0,1,37,21,16,10,4,6,0,0,0,2,0,2,11,9,2,14,8,6,0,0,0
55218601,741,405,336,721,397,324,23,10,13,65,37,28,5,0,5,20,8,12,743,317,426,370,142,228,0,0,0,21,1,20,106,59,47,246,115,131,6,2,4
55219401,93,53,40,88,50,38,1,0,1,8,2,6,0,0,0,5,3,2,92,40,52,46,18,28,0,0,0,1,0,1,16,12,4,29,10,19,3,2,1
55221601,252,137,115,243,131,112,7,5,2,18,5,13,0,0,0,9,6,3,211,88,123,106,50,56,2,1,1,10,0,10,29,14,15,64,23,41,3,2,1
55223201,333,194,139,322,187,135,12,7,5,28,14,14,0,0,0,11,7,4,279,122,157,143,55,88,0,0,0,16,0,16,44,21,23,76,46,30,5,3,2
55225901,120,69,51,114,65,49,2,1,1,10,5,5,1,0,1,6,4,2,97,33,64,48,20,28,0,0,0,8,0,8,15,4,11,26,9,17,3,3,0
55226701,161,86,75,158,84,74,7,3,4,17,11,6,0,0,0,3,2,1,168,71,97,82,34,48,0,0,0,9,0,9,25,11,14,52,26,26,2,0,2
55230501,29,16,13,28,16,12,1,0,1,2,0,2,1,0,1,1,0,1,18,9,9,9,6,3,0,0,0,2,0,2,6,3,3,1,0,1,2,1,1
55230502,56,32,24,53,29,24,2,0,2,3,1,2,1,0,1,3,3,0,52,29,23,23,11,12,0,0,0,0,0,0,4,2,2,25,16,9,1,1,0
55231301,168,94,74,160,90,70,5,4,1,21,9,12,0,0,0,8,4,4,143,67,76,68,32,36,0,0,0,8,0,8,20,11,9,47,24,23,7,6,1
55233001,118,63,55,115,62,53,4,2,2,8,5,3,1,0,1,3,1,2,113,54,59,37,18,19,0,0,0,3,0,3,12,3,9,61,33,28,3,2,1
55234801,294,169,125,284,162,122,5,2,3,22,13,9,3,0,3,10,7,3,272,123,149,111,48,63,1,0,1,16,0,16,47,23,24,97,52,45,7,6,1
55234802,50,26,24,44,24,20,2,0,2,6,3,3,1,0,1,6,2,4,50,24,26,21,11,10,0,0,0,1,0,1,13,8,5,15,5,10,1,1,0
55235601,249,136,113,241,134,107,6,4,2,22,11,11,2,0,2,8,2,6,204,89,115,99,40,59,1,1,0,8,0,8,33,15,18,63,33,30,4,1,3
55236401,238,134,104,226,125,101,15,11,4,18,7,11,2,0,2,12,9,3,209,97,112,103,45,58,1,1,0,7,0,7,33,17,16,65,34,31,4,2,2
55237201,100,50,50,97,50,47,5,1,4,12,2,10,0,0,0,3,0,3,81,35,46,34,15,19,0,0,0,4,0,4,16,7,9,27,13,14,0,0,0
55237202,115,66,49,107,62,45,4,3,1,6,3,3,3,0,3,8,4,4,137,67,70,63,29,34,0,0,0,5,0,5,24,10,14,45,28,17,0,0,0
55237203,507,282,225,490,273,217,17,8,9,51,27,24,5,0,5,17,9,8,480,213,267,212,87,125,1,0,1,27,2,25,94,44,50,146,80,66,12,8,4
55237204,68,41,27,67,40,27,3,0,3,4,2,2,2,0,2,1,1,0,73,24,49,22,7,15,0,0,0,6,0,6,13,3,10,32,14,18,0,0,0
55238101,198,105,93,192,101,91,10,4,6,19,14,5,0,0,0,6,4,2,192,88,104,90,39,51,1,0,1,8,0,8,26,13,13,67,36,31,3,2,1
55238102,168,92,76,160,88,72,2,1,1,15,8,7,3,0,3,8,4,4,148,69,79,81,29,52,1,1,0,6,0,6,13,10,3,47,29,18,2,1,1
55239901,132,71,61,131,71,60,2,0,2,16,5,11,1,0,1,1,0,1,87,31,56,37,12,25,0,0,0,2,0,2,8,2,6,40,17,23,0,0,0
55240201,382,210,172,363,204,159,19,10,9,26,16,10,0,0,0,19,6,13,254,118,136,97,42,55,4,3,1,9,0,9,47,19,28,97,54,43,4,2,2
55241101,31,15,16,29,15,14,0,0,0,4,2,2,0,0,0,2,0,2,18,8,10,9,2,7,0,0,0,0,0,0,3,3,0,6,3,3,0,0,0
55241102,784,444,340,741,422,319,22,11,11,55,31,24,3,0,3,43,22,21,598,273,325,295,125,170,3,2,1,28,0,28,98,51,47,174,95,79,6,4,2
55242901,130,76,54,127,74,53,5,3,2,10,4,6,2,0,2,3,2,1,94,43,51,33,14,19,0,0,0,4,0,4,28,13,15,29,16,13,1,0,1
55243701,254,138,116,238,131,107,12,1,11,18,10,8,1,0,1,16,7,9,230,91,139,105,44,61,0,0,0,11,0,11,35,11,24,79,36,43,4,3,1
55244501,300,171,129,282,161,121,10,7,3,14,6,8,2,0,2,18,10,8,299,123,176,151,59,92,0,0,0,18,0,18,54,25,29,76,39,37,1,1,0
55410301,104,63,41,101,60,41,5,4,1,6,3,3,0,0,0,3,3,0,78,39,39,42,20,22,0,0,0,3,0,3,9,6,3,24,13,11,2,1,1
55490101,128,72,56,124,71,53,6,2,4,8,7,1,2,0,2,4,1,3,112,48,64,40,17,23,0,0,0,6,0,6,21,9,12,45,22,23,0,0,0
55490102,806,431,375,785,416,369,27,14,13,78,39,39,2,0,2,21,15,6,699,308,391,287,125,162,4,3,1,28,0,28,109,53,56,271,127,144,11,7,4
55494401,92,47,45,87,45,42,3,1,2,4,3,1,0,0,0,5,2,3,71,40,31,39,20,19,0,0,0,2,0,2,10,8,2,20,12,8,1,0,1
55494402,234,124,110,222,119,103,7,1,6,17,8,9,4,0,4,12,5,7,245,113,132,105,41,64,0,0,0,13,0,13,49,29,20,78,43,35,10,7,3
56839201,683,366,317,653,354,299,25,8,17,53,28,25,2,0,2,30,12,18,604,269,335,256,107,149,2,1,1,28,0,28,89,40,49,229,121,108,6,4,2
56887201,83,46,37,83,46,37,4,2,2,5,2,3,1,0,1,0,0,0,94,34,60,40,16,24,0,0,0,5,0,5,15,5,10,34,13,21,1,1,0
56887202,159,89,70,153,87,66,5,2,3,15,7,8,2,0,2,6,2,4,130,52,78,47,19,28,1,1,0,8,0,8,30,11,19,44,21,23,1,0,1
56887203,216,120,96,207,118,89,10,5,5,13,5,8,2,0,2,9,2,7,184,82,102,57,25,32,1,1,0,8,0,8,42,18,24,76,38,38,3,1,2
56891101,133,73,60,130,72,58,6,1,5,11,8,3,0,0,0,3,1,2,116,46,70,57,21,36,0,0,0,4,0,4,20,7,13,35,18,17,3,0,3
56896101,228,130,98,223,127,96,13,6,7,25,10,15,3,0,3,5,3,2,188,88,100,89,36,53,0,0,0,11,0,11,25,14,11,63,38,25,2,2,0
56900301,41,24,17,39,23,16,2,2,0,1,1,0,0,0,0,2,1,1,40,16,24,18,5,13,1,1,0,0,0,0,3,1,2,18,9,9,0,0,0
56900302,281,150,131,270,147,123,12,6,6,27,11,16,1,0,1,11,3,8,229,106,123,99,43,56,0,0,0,7,0,7,42,20,22,81,43,38,11,5,6
56905401,71,45,26,67,43,24,1,0,1,10,7,3,2,0,2,4,2,2,85,39,46,41,21,20,0,0,0,6,0,6,23,12,11,15,6,9,2,0,2
56977101,74,43,31,68,40,28,0,0,0,3,1,2,1,0,1,6,3,3,89,35,54,38,15,23,0,0,0,4,0,4,15,5,10,32,15,17,0,0,0
56979802,164,88,76,150,80,70,8,1,7,19,9,10,0,0,0,14,8,6,134,60,74,53,21,32,0,0,0,5,0,5,19,10,9,57,29,28,2,1,1
56984401,197,112,85,191,108,83,7,3,4,11,4,7,1,0,1,6,4,2,186,77,109,86,37,49,0,0,0,11,0,11,43,18,25,46,22,24,3,2,1
59741401,60,35,25,52,31,21,0,0,0,4,1,3,0,0,0,8,4,4,61,24,37,21,10,11,0,0,0,6,0,6,18,10,8,16,4,12,1,0,1
59741402,228,132,96,206,121,85,2,1,1,17,12,5,0,0,0,22,11,11,180,72,108,86,34,52,1,1,0,9,0,9,31,12,19,53,25,28,7,7,0
59767801,13,9,4,13,9,4,1,1,0,0,0,0,0,0,0,0,0,0,15,6,9,6,3,3,0,0,0,1,0,1,3,1,2,5,2,3,1,1,0
59767802,1242,678,564,1129,621,508,19,9,10,149,63,86,5,0,5,113,57,56,1256,567,689,637,274,363,1,1,0,55,0,55,237,122,115,326,170,156,51,33,18
59767803,14,10,4,14,10,4,0,0,0,4,3,1,0,0,0,0,0,0,16,8,8,13,7,6,0,0,0,0,0,0,0,0,0,3,1,2,0,0,0
59767804,43,24,19,41,22,19,2,1,1,4,2,2,0,0,0,2,2,0,38,15,23,20,6,14,0,0,0,1,0,1,5,3,2,12,6,6,1,1,0
59767805,45,25,20,42,24,18,0,0,0,5,1,4,0,0,0,3,1,2,49,24,25,28,16,12,0,0,0,3,0,3,10,5,5,8,3,5,1,0,1
59768601,51,32,19,49,31,18,2,0,2,9,6,3,0,0,0,2,1,1,50,22,28,35,15,20,0,0,0,1,0,1,6,3,3,8,4,4,1,1,0
59768602,13,9,4,13,9,4,0,0,0,4,3,1,0,0,0,0,0,0,8,1,7,6,1,5,0,0,0,0,0,0,1,0,1,1,0,1,0,0,0
59768604,69,46,23,61,44,17,0,0,0,8,6,2,2,0,2,8,2,6,51,19,32,32,13,19,0,0,0,2,0,2,9,2,7,8,4,4,0,0,0
50676101,139,76,63,135,75,60,5,4,1,20,15,5,2,0,2,4,1,3,119,42,77,52,16,36,1,1,0,3,0,3,30,8,22,33,17,16,3,3,0
50677001,240,136,104,233,135,98,6,2,4,31,16,15,1,0,1,7,1,6,261,111,150,110,42,68,0,0,0,15,0,15,53,32,21,83,37,46,7,6,1
54354301,98,59,39,94,58,36,2,1,1,6,3,3,1,0,1,4,1,3,133,60,73,55,25,30,0,0,0,7,1,6,32,16,16,39,18,21,5,3,2
54471001,61,34,27,58,32,26,1,1,0,6,1,5,0,0,0,3,2,1,52,18,34,31,12,19,0,0,0,2,0,2,4,3,1,15,3,12,0,0,0
54996701,58,34,24,57,33,24,2,0,2,3,2,1,0,0,0,1,1,0,52,23,29,29,10,19,0,0,0,2,0,2,8,5,3,13,8,5,1,0,1
54998301,62,35,27,60,35,25,1,1,0,5,2,3,0,0,0,2,0,2,76,34,42,40,15,25,0,0,0,4,0,4,13,6,7,19,13,6,0,0,0
55719601,104,62,42,92,55,37,3,1,2,6,1,5,2,0,2,12,7,5,88,37,51,47,20,27,0,0,0,4,0,4,13,4,9,24,13,11,2,2,0
55719602,34,17,17,31,15,16,2,0,2,3,2,1,1,0,1,3,2,1,30,11,19,18,6,12,0,0,0,1,0,1,3,3,0,8,2,6,0,0,0
55841901,12,6,6,12,6,6,1,0,1,3,1,2,0,0,0,0,0,0,14,8,6,5,3,2,0,0,0,2,0,2,5,4,1,2,1,1,0,0,0
55841902,729,396,333,703,382,321,35,13,22,56,30,26,9,0,9,26,14,12,644,291,353,305,132,173,0,0,0,29,0,29,127,67,60,183,92,91,6,2,4
1335400,0,0,0,0,0,0,0,0,0,0,0,0,0,0,0,0,0,0,0,0,0,0,0,0,0,0,0,0,0,0,0,0,0,0,0,0,0,0,0
3043790,0,0,0,0,0,0,0,0,0,0,0,0,0,0,0,0,0,0,0,0,0,0,0,0,0,0,0,0,0,0,0,0,0,0,0,0,0,0,0
3204120,0,0,0,0,0,0,0,0,0,0,0,0,0,0,0,0,0,0,0,0,0,0,0,0,0,0,0,0,0,0,0,0,0,0,0,0,0,0,0
3204390,0,0,0,0,0,0,0,0,0,0,0,0,0,0,0,0,0,0,0,0,0,0,0,0,0,0,0,0,0,0,0,0,0,0,0,0,0,0,0
3204550,0,0,0,0,0,0,0,0,0,0,0,0,0,0,0,0,0,0,0,0,0,0,0,0,0,0,0,0,0,0,0,0,0,0,0,0,0,0,0
3407070,0,0,0,0,0,0,0,0,0,0,0,0,0,0,0,0,0,0,0,0,0,0,0,0,0,0,0,0,0,0,0,0,0,0,0,0,0,0,0
58925002,808,417,391,788,409,379,33,13,20,75,36,39,10,0,10,20,8,12,704,326,378,282,119,163,6,3,3,15,0,15,94,49,45,307,155,152,3,2,1
58925004,39,20,19,38,20,18,3,1,2,4,0,4,2,0,2,1,0,1,21,7,14,16,6,10,0,0,0,1,0,1,2,0,2,2,1,1,0,0,0
58925005,567,307,260,550,301,249,30,10,20,50,28,22,2,0,2,17,6,11,529,218,311,282,115,167,0,0,0,19,0,19,74,33,41,154,70,84,2,0,2
58925007,1262,661,601,1224,645,579,46,22,24,122,69,53,6,0,6,38,16,22,1040,436,604,415,162,253,1,1,0,44,0,44,181,81,100,399,192,207,16,9,7
58925010,211,116,95,204,114,90,11,6,5,20,8,12,1,0,1,7,2,5,162,59,103,103,39,64,2,2,0,7,0,7,22,6,16,28,12,16,3,1,2
58925011,76,42,34,74,42,32,1,0,1,8,3,5,0,0,0,2,0,2,67,32,35,40,18,22,0,0,0,2,0,2,10,8,2,15,6,9,0,0,0
58925012,1756,976,780,1650,915,735,74,38,36,175,97,78,17,0,17,106,61,45,1591,654,937,814,328,486,1,1,0,64,0,64,256,113,143,456,212,244,25,17,8
58925013,158,86,72,156,85,71,5,2,3,11,6,5,2,0,2,2,1,1,174,73,101,82,30,52,0,0,0,9,0,9,31,11,20,52,32,20,5,1,4
58925014,10,7,3,10,7,3,0,0,0,7,5,2,0,0,0,0,0,0,16,6,10,8,3,5,0,0,0,2,0,2,4,1,3,2,2,0,0,0,0
58925015,2416,1267,1149,2309,1220,1089,96,49,47,251,132,119,12,0,12,107,47,60,2423,977,1446,1389,516,873,6,3,3,98,1,97,336,168,168,594,289,305,21,13,8
58925017,43,28,15,42,27,15,3,2,1,4,3,1,0,0,0,1,1,0,24,12,12,6,3,3,0,0,0,0,0,0,6,1,5,12,8,4,2,1,1
58925018,1143,587,556,1085,562,523,36,16,20,116,60,56,13,0,13,58,25,33,1183,445,738,695,235,460,2,2,0,37,0,37,158,77,81,291,131,160,9,3,6
58925019,1522,793,729,1425,752,673,49,27,22,137,67,70,12,0,12,97,41,56,1476,576,900,752,257,495,3,2,1,64,0,64,236,103,133,421,214,207,38,19,19
58925020,1996,1054,942,1881,995,886,77,29,48,200,94,106,13,0,13,115,59,56,1906,823,1083,919,360,559,7,5,2,93,0,93,332,173,159,555,285,270,25,10,15
58925022,119,67,52,116,67,49,5,3,2,15,8,7,0,0,0,3,0,3,230,70,160,152,39,113,1,1,0,7,0,7,20,9,11,50,21,29,0,0,0
58925024,2449,1285,1164,2354,1228,1126,92,47,45,294,138,156,16,0,16,95,57,38,1981,852,1129,1049,411,638,2,2,0,83,0,83,284,140,144,563,299,264,30,19,11
58925025,1138,597,541,1094,578,516,59,26,33,112,54,58,8,0,8,44,19,25,991,446,545,464,188,276,8,7,1,59,1,58,162,86,76,298,164,134,11,7,4
58925026,2034,1031,1003,1940,992,948,67,37,30,181,77,104,11,0,11,94,39,55,1856,708,1148,1000,346,654,10,6,4,90,0,90,300,154,146,456,202,254,26,15,11
58925027,1208,702,506,1087,626,461,47,25,22,88,50,38,10,0,10,121,76,45,879,409,470,324,147,177,5,4,1,32,0,32,204,105,99,314,153,161,165,119,46
58925029,52,33,19,48,31,17,1,0,1,3,1,2,1,0,1,4,2,2,47,21,26,16,7,9,0,0,0,3,0,3,16,7,9,12,7,5,7,6,1
58925030,23,15,8,23,15,8,0,0,0,3,2,1,0,0,0,0,0,0,5,1,4,1,0,1,0,0,0,0,0,0,3,1,2,1,0,1,2,1,1
58925031,1032,541,491,979,518,461,30,12,18,99,44,55,9,0,9,53,23,30,1115,412,703,669,216,453,1,1,0,34,0,34,154,75,79,257,120,137,14,6,8
58925032,1140,591,549,1087,570,517,50,23,27,116,51,65,8,0,8,53,21,32,1008,425,583,496,184,312,3,3,0,45,0,45,152,71,81,312,167,145,18,9,9
58925033,21,11,10,21,11,10,2,1,1,2,0,2,0,0,0,0,0,0,255,68,187,214,46,168,0,0,0,0,0,0,2,1,1,39,21,18,0,0,0
58925034,38,31,7,15,14,1,0,0,0,1,1,0,0,0,0,23,17,6,20,13,7,15,9,6,0,0,0,0,0,0,5,4,1,0,0,0,0,0,0
58925035,1216,648,568,1130,604,526,57,29,28,122,56,66,8,0,8,86,44,42,1036,436,600,462,178,284,5,5,0,50,1,49,202,87,115,317,165,152,28,16,12
58926801,571,340,231,553,330,223,28,14,14,54,29,25,8,0,8,18,10,8,520,219,301,213,85,128,3,3,0,33,0,33,107,48,59,164,83,81,8,2,6
58927601,27,15,12,26,15,11,1,0,1,2,1,1,1,0,1,1,0,1,12,5,7,8,3,5,0,0,0,0,0,0,1,0,1,3,2,1,0,0,0
58927602,155,92,63,152,89,63,8,2,6,12,5,7,0,0,0,3,3,0,134,63,71,69,32,37,0,0,0,9,0,9,19,13,6,37,18,19,3,2,1
58927603,74,40,34,71,39,32,6,2,4,9,6,3,0,0,0,3,1,2,95,41,54,48,18,30,0,0,0,5,1,4,14,6,8,28,16,12,2,1,1
58928401,156,87,69,150,84,66,9,5,4,12,5,7,1,0,1,6,3,3,131,54,77,54,24,30,1,0,1,8,0,8,27,14,13,41,16,25,5,3,2
58929201,213,111,102,207,108,99,5,2,3,16,9,7,0,0,0,6,3,3,232,83,149,120,33,87,0,0,0,12,1,11,40,16,24,60,33,27,3,2,1
58930601,47,25,22,46,25,21,0,0,0,6,4,2,1,0,1,1,0,1,52,20,32,26,10,16,0,0,0,2,0,2,5,4,1,19,6,13,0,0,0
58930602,16,11,5,16,11,5,0,0,0,3,3,0,0,0,0,0,0,0,10,6,4,8,5,3,0,0,0,0,0,0,2,1,1,0,0,0,1,0,1
58931401,56,28,28,54,28,26,1,0,1,5,3,2,1,0,1,2,0,2,69,36,33,36,17,19,0,0,0,4,1,3,9,6,3,20,12,8,0,0,0
58931402,274,152,122,260,144,116,6,3,3,18,12,6,1,0,1,14,8,6,297,126,171,162,65,97,2,1,1,18,1,17,40,18,22,75,41,34,4,2,2
58931403,38,22,16,38,22,16,0,0,0,3,2,1,0,0,0,0,0,0,42,19,23,19,8,11,0,0,0,3,0,3,9,3,6,11,8,3,0,0,0
58932202,684,374,310,660,365,295,27,10,17,58,29,29,7,0,7,24,9,15,590,248,342,270,112,158,1,1,0,32,0,32,118,65,53,169,70,99,18,14,4
58932203,69,36,33,66,35,31,1,0,1,3,1,2,2,0,2,3,1,2,55,23,32,30,13,17,1,0,1,1,0,1,12,5,7,11,5,6,2,1,1
58933101,89,53,36,87,52,35,1,0,1,9,6,3,0,0,0,2,1,1,95,47,48,58,25,33,0,0,0,2,0,2,8,6,2,27,16,11,0,0,0
58934901,143,85,58,141,83,58,3,2,1,9,4,5,0,0,0,2,2,0,156,81,75,82,37,45,0,0,0,3,0,3,25,16,9,46,28,18,4,3,1
58934902,30,16,14,27,15,12,0,0,0,4,0,4,0,0,0,3,1,2,34,17,17,16,8,8,0,0,0,2,0,2,5,3,2,11,6,5,1,0,1
58934903,19,12,7,18,11,7,1,0,1,1,1,0,0,0,0,1,1,0,23,7,16,14,4,10,0,0,0,0,0,0,3,0,3,6,3,3,0,0,0
58935701,144,83,61,141,81,60,3,1,2,13,7,6,1,0,1,3,2,1,140,55,85,93,33,60,1,1,0,5,0,5,10,7,3,31,14,17,1,1,0
58936501,251,145,106,239,139,100,3,2,1,17,10,7,5,0,5,12,6,6,224,99,125,105,45,60,0,0,0,8,0,8,45,18,27,66,36,30,6,4,2
58938101,476,273,203,464,267,197,15,7,8,45,22,23,7,0,7,12,6,6,514,216,298,251,103,148,0,0,0,22,0,22,70,33,37,171,80,91,13,8,5
58939001,268,156,112,255,151,104,10,7,3,21,10,11,1,0,1,13,5,8,218,97,121,111,46,65,0,0,0,13,0,13,34,18,16,60,33,27,3,1,2
58940301,477,278,199,457,267,190,15,7,8,39,19,20,2,0,2,20,11,9,517,221,296,257,104,153,1,1,0,28,0,28,91,47,44,140,69,71,10,3,7
58940302,62,34,28,58,32,26,1,1,0,10,4,6,1,0,1,4,2,2,58,28,30,28,14,14,0,0,0,2,0,2,7,3,4,21,11,10,1,0,1
58940303,84,44,40,75,40,35,5,3,2,10,6,4,0,0,0,9,4,5,78,31,47,31,14,17,0,0,0,5,0,5,11,5,6,31,12,19,0,0,0
58942001,266,149,117,253,143,110,17,10,7,15,10,5,1,0,1,13,6,7,267,112,155,132,56,76,1,1,0,10,0,10,42,18,24,82,37,45,2,1,1
58943801,187,104,83,181,100,81,5,2,3,18,10,8,0,0,0,6,4,2,139,68,71,55,21,34,0,0,0,8,0,8,24,16,8,52,31,21,4,4,0
58944601,360,214,146,327,203,124,3,2,1,27,14,13,2,0,2,33,11,22,395,164,231,166,59,107,0,0,0,22,0,22,86,44,42,121,61,60,27,14,13
58945401,209,114,95,202,110,92,4,2,2,25,12,13,0,0,0,7,4,3,163,73,90,84,38,46,1,1,0,7,0,7,31,19,12,40,15,25,14,9,5
58945402,69,35,34,66,33,33,5,1,4,9,4,5,0,0,0,3,2,1,44,19,25,21,11,10,0,0,0,0,0,0,3,0,3,20,8,12,1,1,0
58946201,252,151,101,243,146,97,10,6,4,18,9,9,2,0,2,9,5,4,233,100,133,123,43,80,0,0,0,9,0,9,38,22,16,63,35,28,2,1,1
58948901,243,137,106,233,133,100,5,2,3,16,6,10,2,0,2,10,4,6,207,88,119,90,35,55,0,0,0,15,0,15,41,22,19,61,31,30,4,2,2
58949701,120,68,52,117,66,51,6,2,4,12,6,6,1,0,1,3,2,1,99,40,59,60,24,36,0,0,0,4,0,4,9,4,5,26,12,14,0,0,0
58950102,164,97,67,160,96,64,7,2,5,12,8,4,3,0,3,4,1,3,147,60,87,62,23,39,0,0,0,11,0,11,31,20,11,43,17,26,9,7,2
58951901,353,202,151,332,189,143,8,3,5,28,17,11,3,0,3,21,13,8,308,135,173,177,71,106,1,1,0,8,0,8,32,21,11,90,42,48,6,5,1
58951902,40,24,16,37,22,15,2,0,2,2,2,0,0,0,0,3,2,1,47,19,28,23,9,14,1,1,0,3,0,3,8,4,4,12,5,7,1,0,1
58951903,43,24,19,42,24,18,1,0,1,6,4,2,0,0,0,1,0,1,43,19,24,24,10,14,0,0,0,1,0,1,2,0,2,16,9,7,1,1,0
58952701,95,52,43,85,47,38,4,1,3,4,1,3,0,0,0,10,5,5,117,51,66,49,18,31,0,0,0,8,0,8,27,13,14,33,20,13,9,7,2
58952702,102,51,51,97,49,48,2,0,2,7,3,4,0,0,0,5,2,3,69,29,40,26,13,13,0,0,0,3,0,3,9,2,7,31,14,17,0,0,0
58953501,101,60,41,100,60,40,1,0,1,10,4,6,2,0,2,1,0,1,104,53,51,59,30,29,0,0,0,5,0,5,16,10,6,24,13,11,1,1,0
58954301,342,193,149,327,186,141,13,6,7,30,15,15,0,0,0,15,7,8,338,145,193,134,53,81,0,0,0,20,0,20,73,37,36,111,55,56,11,9,2
58954302,43,23,20,42,23,19,0,0,0,4,3,1,2,0,2,1,0,1,47,25,22,31,13,18,1,1,0,1,0,1,7,6,1,7,5,2,0,0,0
58956001,201,121,80,191,114,77,6,4,2,11,6,5,1,0,1,10,7,3,183,85,98,87,35,52,0,0,0,10,0,10,35,19,16,51,31,20,4,4,0
58956002,42,23,19,41,22,19,1,1,0,9,4,5,0,0,0,1,1,0,57,24,33,25,9,16,0,0,0,3,0,3,13,8,5,16,7,9,0,0,0
58956003,7,3,4,7,3,4,0,0,0,2,1,1,0,0,0,0,0,0,13,6,7,13,6,7,0,0,0,0,0,0,0,0,0,0,0,0,0,0,0
58956004,53,37,16,49,33,16,1,1,0,10,5,5,0,0,0,4,4,0,60,24,36,43,17,26,0,0,0,2,0,2,3,1,2,12,6,6,0,0,0
58957801,193,120,73,180,115,65,4,3,1,14,9,5,1,0,1,13,5,8,229,96,133,113,45,68,0,0,0,15,0,15,32,20,12,69,31,38,5,5,0
58958601,118,71,47,115,69,46,4,1,3,6,5,1,2,0,2,3,2,1,192,91,101,131,62,69,0,0,0,5,0,5,15,7,8,41,22,19,1,1,0
58959402,160,90,70,152,89,63,1,1,0,15,9,6,1,0,1,8,1,7,172,70,102,90,39,51,0,0,0,6,0,6,18,8,10,58,23,35,4,3,1
58960801,401,227,174,380,219,161,15,7,8,37,24,13,2,0,2,21,8,13,402,161,241,181,70,111,1,1,0,22,0,22,64,25,39,134,65,69,11,6,5
58961601,154,90,64,148,86,62,4,3,1,11,7,4,2,0,2,6,4,2,125,63,62,60,29,31,0,0,0,9,0,9,26,19,7,30,15,15,1,0,1
58962401,51,26,25,51,26,25,0,0,0,4,1,3,3,0,3,0,0,0,38,23,15,16,10,6,0,0,0,1,0,1,12,9,3,9,4,5,1,0,1
58962402,82,45,37,79,43,36,4,2,2,7,2,5,1,0,1,3,2,1,82,41,41,51,24,27,0,0,0,1,0,1,9,5,4,21,12,9,1,1,0
58962404,59,34,25,56,33,23,3,2,1,9,4,5,0,0,0,3,1,2,51,24,27,38,20,18,0,0,0,2,0,2,7,3,4,4,1,3,0,0,0
58962405,23,12,11,22,12,10,2,2,0,1,0,1,0,0,0,1,0,1,17,10,7,5,3,2,0,0,0,0,0,0,7,4,3,5,3,2,0,0,0
58962406,905,489,416,866,470,396,29,14,15,90,44,46,5,0,5,39,19,20,1013,424,589,549,225,324,4,4,0,39,0,39,134,67,67,287,128,159,22,17,5
58962407,65,38,27,63,38,25,4,2,2,1,1,0,1,0,1,2,0,2,80,35,45,47,19,28,1,1,0,1,0,1,8,4,4,23,11,12,0,0,0
58962408,60,35,25,53,30,23,1,1,0,8,2,6,0,0,0,7,5,2,52,22,30,32,11,21,0,0,0,1,0,1,7,4,3,12,7,5,3,2,1
58963201,1395,760,635,1336,731,605,48,19,29,133,77,56,15,0,15,59,29,30,1427,581,846,674,247,427,6,4,2,55,0,55,232,98,134,460,232,228,16,9,7
58964101,75,47,28,72,44,28,1,1,0,6,4,2,0,0,0,3,3,0,78,37,41,38,16,22,0,0,0,4,0,4,9,5,4,27,16,11,1,1,0
58964102,45,27,18,44,27,17,2,1,1,5,3,2,0,0,0,1,0,1,58,28,30,40,19,21,0,0,0,1,0,1,4,2,2,13,7,6,0,0,0
58965901,153,89,64,148,88,60,11,6,5,11,7,4,0,0,0,5,1,4,125,52,73,52,20,32,0,0,0,7,0,7,20,9,11,46,23,23,0,0,0
58965902,626,345,281,609,336,273,28,13,15,40,18,22,3,0,3,17,9,8,620,290,330,230,98,132,1,1,0,36,1,35,129,74,55,224,116,108,12,7,5
58965903,17,8,9,17,8,9,0,0,0,1,0,1,0,0,0,0,0,0,11,7,4,9,6,3,0,0,0,1,0,1,1,1,0,0,0,0,0,0,0
58965904,50,27,23,49,27,22,1,1,0,6,6,0,0,0,0,1,0,1,43,16,27,24,11,13,0,0,0,1,0,1,4,1,3,14,4,10,0,0,0
58966701,284,154,130,273,150,123,14,6,8,17,4,13,1,0,1,11,4,7,256,117,139,134,55,79,2,2,0,12,0,12,42,25,17,66,35,31,5,3,2
58967501,45,28,17,45,28,17,4,2,2,8,4,4,0,0,0,0,0,0,30,13,17,21,9,12,0,0,0,2,0,2,3,2,1,4,2,2,0,0,0
58967502,47,28,19,46,28,18,1,0,1,3,1,2,0,0,0,1,0,1,53,22,31,22,10,12,0,0,0,5,1,4,12,6,6,14,5,9,1,0,1
58967503,38,19,19,37,18,19,0,0,0,9,3,6,0,0,0,1,1,0,51,21,30,32,13,19,1,1,0,1,0,1,2,0,2,15,7,8,0,0,0
58967504,138,82,56,133,79,54,6,3,3,14,8,6,1,0,1,5,3,2,142,57,85,79,30,49,0,0,0,5,0,5,25,9,16,33,18,15,2,0,2
58968301,177,106,71,169,99,70,4,1,3,21,13,8,2,0,2,8,7,1,174,72,102,84,35,49,0,0,0,14,0,14,37,19,18,39,18,21,2,1,1
58969101,85,47,38,79,45,34,4,2,2,14,4,10,1,0,1,6,2,4,112,57,55,68,32,36,0,0,0,4,0,4,15,11,4,25,14,11,0,0,0
58969102,199,113,86,195,111,84,4,2,2,28,13,15,1,0,1,4,2,2,168,74,94,103,44,59,0,0,0,3,0,3,17,9,8,45,21,24,1,1,0
58969103,36,24,12,34,23,11,0,0,0,2,2,0,0,0,0,2,1,1,46,19,27,28,14,14,0,0,0,2,0,2,8,3,5,8,2,6,0,0,0
58969104,8,5,3,8,5,3,0,0,0,0,0,0,0,0,0,0,0,0,15,7,8,9,4,5,0,0,0,2,0,2,3,2,1,1,1,0,0,0,0
58970501,26,14,12,26,14,12,1,0,1,0,0,0,0,0,0,0,0,0,23,7,16,11,6,5,0,0,0,2,0,2,5,1,4,5,0,5,0,0,0
58970502,79,45,34,76,44,32,3,2,1,8,3,5,0,0,0,3,1,2,93,31,62,68,22,46,0,0,0,4,0,4,5,2,3,16,7,9,3,3,0
58970503,26,19,7,23,17,6,0,0,0,5,3,2,0,0,0,3,2,1,42,21,21,29,14,15,0,0,0,2,0,2,6,4,2,5,3,2,0,0,0
58970504,33,21,12,33,21,12,1,0,1,5,3,2,0,0,0,0,0,0,34,14,20,20,9,11,0,0,0,1,0,1,5,3,2,8,2,6,0,0,0
58970505,69,36,33,65,34,31,2,0,2,9,1,8,0,0,0,4,2,2,63,26,37,33,11,22,0,0,0,2,0,2,9,6,3,19,9,10,2,1,1
58971301,179,106,73,169,100,69,4,3,1,20,9,11,1,0,1,10,6,4,183,76,107,101,40,61,2,1,1,7,0,7,29,15,14,44,20,24,5,3,2
58972101,244,145,99,231,138,93,8,3,5,25,16,9,2,0,2,13,7,6,242,116,126,113,53,60,0,0,0,11,0,11,40,21,19,78,42,36,8,3,5
58973001,424,232,192,406,222,184,16,7,9,46,27,19,5,0,5,18,10,8,411,183,228,221,93,128,2,2,0,13,0,13,50,26,24,125,62,63,7,6,1
58973002,295,158,137,289,155,134,17,8,9,32,13,19,2,0,2,6,3,3,269,129,140,122,51,71,2,2,0,8,0,8,33,16,17,104,60,44,6,3,3
58973003,62,32,30,62,32,30,2,0,2,5,2,3,1,0,1,0,0,0,64,27,37,32,16,16,2,2,0,3,0,3,13,4,9,14,5,9,3,2,1
58973004,18,9,9,17,9,8,0,0,0,0,0,0,0,0,0,1,0,1,12,4,8,5,2,3,0,0,0,1,0,1,3,2,1,3,0,3,0,0,0
58974801,63,35,28,57,31,26,3,1,2,6,4,2,0,0,0,6,4,2,40,17,23,25,13,12,0,0,0,1,0,1,4,1,3,10,3,7,0,0,0
58974802,88,50,38,87,50,37,1,0,1,9,6,3,0,0,0,1,0,1,79,39,40,39,17,22,0,0,0,4,0,4,12,10,2,24,12,12,0,0,0
58974803,170,99,71,163,97,66,7,3,4,17,10,7,1,0,1,7,2,5,185,80,105,89,39,50,0,0,0,15,1,14,35,17,18,46,23,23,0,0,0
58975601,940,515,425,896,498,398,36,13,23,99,46,53,5,0,5,44,17,27,899,385,514,493,199,294,3,1,2,28,0,28,129,65,64,246,120,126,15,8,7
58976401,628,344,284,611,336,275,23,7,16,43,19,24,6,0,6,17,8,9,770,392,378,361,208,153,0,0,0,35,0,35,122,61,61,252,123,129,16,13,3
58976402,38,24,14,34,21,13,1,1,0,4,2,2,1,0,1,4,3,1,25,14,11,12,4,8,0,0,0,1,0,1,3,3,0,9,7,2,2,1,1
58977201,162,91,71,153,88,65,8,0,8,17,9,8,2,0,2,9,3,6,159,64,95,71,26,45,0,0,0,5,0,5,31,14,17,52,24,28,5,3,2
58979901,123,70,53,106,59,47,2,0,2,10,5,5,1,0,1,17,11,6,144,62,82,63,24,39,0,0,0,9,0,9,26,14,12,46,24,22,3,2,1
58980201,15,9,6,13,7,6,1,1,0,3,1,2,0,0,0,2,2,0,13,6,7,7,3,4,0,0,0,1,0,1,2,0,2,3,3,0,0,0,0
58980202,215,124,91,207,120,87,3,3,0,25,17,8,3,0,3,8,4,4,198,84,114,93,33,60,0,0,0,8,0,8,34,20,14,63,31,32,1,1,0
58981101,86,51,35,83,51,32,0,0,0,7,4,3,0,0,0,3,0,3,98,42,56,42,16,26,0,0,0,6,0,6,19,13,6,31,13,18,0,0,0
58982901,93,52,41,90,50,40,2,1,1,5,1,4,0,0,0,3,2,1,78,28,50,35,16,19,0,0,0,4,0,4,8,3,5,31,9,22,0,0,0
58982902,852,457,395,829,447,382,21,9,12,65,36,29,6,0,6,23,10,13,742,326,416,283,115,168,4,3,1,38,1,37,143,73,70,274,134,140,12,9,3
58983701,170,104,66,165,102,63,3,2,1,8,3,5,0,0,0,5,2,3,150,67,83,81,37,44,0,0,0,10,0,10,23,12,11,36,18,18,2,1,1
58984502,481,269,212,462,262,200,19,13,6,34,17,17,3,0,3,19,7,12,454,192,262,223,93,130,0,0,0,27,0,27,73,34,39,131,65,66,10,7,3
58984503,165,91,74,159,88,71,5,1,4,14,10,4,0,0,0,6,3,3,173,75,98,81,36,45,1,1,0,11,0,11,27,16,11,53,22,31,2,1,1
58985301,122,71,51,120,70,50,1,1,0,11,5,6,1,0,1,2,1,1,132,61,71,73,29,44,0,0,0,5,0,5,22,11,11,32,21,11,4,3,1
58987001,352,197,155,326,181,145,13,3,10,27,15,12,1,0,1,26,16,10,373,169,204,148,69,79,0,0,0,26,0,26,80,36,44,119,64,55,8,2,6
58988801,351,198,153,341,193,148,10,4,6,30,17,13,3,0,3,10,5,5,338,145,193,143,58,85,2,1,1,20,0,20,66,36,30,107,50,57,6,4,2
58989601,827,456,371,800,443,357,40,26,14,87,47,40,7,0,7,27,13,14,780,331,449,362,138,224,3,2,1,38,0,38,135,66,69,242,125,117,12,6,6
58989602,134,71,63,124,67,57,9,6,3,12,5,7,1,0,1,10,4,6,167,60,107,107,27,80,0,0,0,2,0,2,19,11,8,39,22,17,0,0,0
58989603,64,38,26,61,37,24,2,1,1,4,3,1,1,0,1,3,1,2,79,42,37,48,18,30,0,0,0,0,0,0,12,10,2,19,14,5,0,0,0
58989604,115,64,51,108,61,47,1,1,0,15,6,9,1,0,1,7,3,4,79,34,45,41,19,22,0,0,0,2,0,2,15,5,10,21,10,11,0,0,0
58991801,157,91,66,154,90,64,9,3,6,10,7,3,1,0,1,3,1,2,145,69,76,66,26,40,0,0,0,5,0,5,26,11,15,48,32,16,4,3,1
58992601,516,294,222,505,287,218,9,4,5,39,20,19,7,0,7,11,7,4,494,202,292,213,84,129,1,0,1,29,0,29,94,46,48,157,72,85,2,0,2
58993401,538,320,218,506,304,202,17,11,6,40,25,15,1,0,1,32,16,16,523,223,300,267,105,162,0,0,0,24,0,24,85,37,48,147,81,66,12,8,4
58993402,61,35,26,58,34,24,1,1,0,7,3,4,1,0,1,3,1,2,66,29,37,36,17,19,0,0,0,2,0,2,7,5,2,21,7,14,1,1,0
58994201,11,6,5,10,6,4,0,0,0,0,0,0,0,0,0,1,0,1,22,11,11,8,3,5,0,0,0,0,0,0,5,3,2,9,5,4,1,1,0
58994202,372,220,152,357,213,144,8,5,3,35,16,19,2,0,2,15,7,8,335,148,187,158,61,97,0,0,0,15,0,15,62,34,28,100,53,47,7,6,1
58994203,49,34,15,48,34,14,3,3,0,3,3,0,0,0,0,1,0,1,52,21,31,25,8,17,1,0,1,3,0,3,6,2,4,17,11,6,0,0,0
58994204,114,66,48,112,66,46,4,2,2,12,6,6,1,0,1,2,0,2,82,35,47,44,19,25,0,0,0,5,0,5,13,6,7,20,10,10,1,1,0
58995101,99,50,49,95,50,45,1,0,1,4,2,2,0,0,0,4,0,4,91,33,58,45,15,30,0,0,0,2,0,2,19,6,13,25,12,13,4,3,1
58996901,54,31,23,54,31,23,1,0,1,4,3,1,1,0,1,0,0,0,40,17,23,20,9,11,0,0,0,2,0,2,6,3,3,12,5,7,0,0,0
58997701,41,25,16,38,23,15,2,1,1,3,3,0,0,0,0,3,2,1,63,27,36,35,14,21,0,0,0,3,0,3,9,6,3,16,7,9,0,0,0
58997702,267,155,112,254,151,103,4,1,3,28,15,13,0,0,0,13,4,9,263,123,140,132,61,71,0,0,0,13,0,13,40,23,17,78,39,39,4,2,2
58999301,123,71,52,116,68,48,4,0,4,11,7,4,1,0,1,7,3,4,139,59,80,71,29,42,0,0,0,10,0,10,22,13,9,36,17,19,1,1,0
59000201,173,105,68,162,97,65,4,2,2,15,10,5,1,0,1,11,8,3,127,49,78,72,29,43,0,0,0,2,0,2,14,6,8,39,14,25,5,3,2
59001101,305,168,137,295,163,132,14,5,9,25,12,13,3,0,3,10,5,5,269,123,146,98,42,56,0,0,0,13,0,13,47,22,25,111,59,52,3,2,1
59002901,808,462,346,761,439,322,31,18,13,84,51,33,3,0,3,47,23,24,719,321,398,329,144,185,0,0,0,37,0,37,108,49,59,245,128,117,12,9,3
59004501,37,24,13,34,21,13,3,2,1,4,1,3,0,0,0,3,3,0,46,25,21,20,12,8,0,0,0,4,0,4,9,7,2,13,6,7,0,0,0
59005301,86,46,40,83,44,39,4,2,2,10,4,6,0,0,0,3,2,1,89,30,59,33,9,24,0,0,0,5,0,5,17,6,11,34,15,19,1,1,0
59005302,176,104,72,168,99,69,7,2,5,11,7,4,1,0,1,8,5,3,188,82,106,98,40,58,1,1,0,9,0,9,32,20,12,48,21,27,2,2,0
3242720,0,0,0,0,0,0,0,0,0,0,0,0,0,0,0,0,0,0,0,0,0,0,0,0,0,0,0,0,0,0,0,0,0,0,0,0,0,0,0
59006101,71,42,29,67,40,27,1,0,1,8,4,4,0,0,0,4,2,2,85,38,47,40,17,23,0,0,0,7,0,7,14,9,5,24,12,12,2,1,1
59007002,53,28,25,53,28,25,1,1,0,2,0,2,2,0,2,0,0,0,64,29,35,39,17,22,0,0,0,1,0,1,9,4,5,15,8,7,0,0,0
59007003,47,22,25,46,21,25,1,0,1,1,1,0,1,0,1,1,1,0,53,23,30,33,14,19,0,0,0,0,0,0,7,1,6,13,8,5,0,0,0
59007004,18,12,6,18,12,6,1,1,0,4,2,2,0,0,0,0,0,0,25,13,12,13,5,8,0,0,0,1,0,1,3,1,2,8,7,1,0,0,0
59007005,74,40,34,66,34,32,5,5,0,7,3,4,1,0,1,8,6,2,81,36,45,51,26,25,0,0,0,1,0,1,6,2,4,23,8,15,2,2,0
59008801,93,58,35,90,56,34,5,2,3,12,7,5,0,0,0,3,2,1,82,40,42,49,21,28,0,0,0,1,0,1,5,3,2,27,16,11,1,1,0
59008802,31,18,13,28,16,12,1,1,0,2,1,1,0,0,0,3,2,1,22,11,11,14,6,8,0,0,0,2,0,2,1,1,0,5,4,1,0,0,0
59008803,144,90,54,143,90,53,5,2,3,14,8,6,0,0,0,1,0,1,163,76,87,84,39,45,2,2,0,6,0,6,18,8,10,53,27,26,1,0,1
59009601,30,17,13,27,15,12,0,0,0,4,3,1,0,0,0,3,2,1,33,15,18,14,7,7,0,0,0,2,0,2,6,5,1,11,3,8,1,0,1
59009602,85,48,37,79,44,35,1,1,0,5,2,3,1,0,1,6,4,2,90,38,52,58,23,35,0,0,0,4,0,4,14,7,7,14,8,6,5,4,1
59010001,210,125,85,196,118,78,4,0,4,24,20,4,1,0,1,14,7,7,216,96,120,109,45,64,0,0,0,10,0,10,39,22,17,58,29,29,8,4,4
59011801,147,75,72,136,71,65,6,1,5,8,4,4,1,0,1,11,4,7,120,52,68,63,22,41,1,1,0,2,0,2,16,8,8,38,21,17,5,3,2
59012601,676,359,317,652,347,305,11,5,6,47,20,27,4,0,4,24,12,12,630,282,348,278,110,168,0,0,0,28,0,28,114,60,54,210,112,98,8,3,5
59013401,220,122,98,210,114,96,3,1,2,22,14,8,1,0,1,10,8,2,381,221,160,243,151,92,0,0,0,10,0,10,43,26,17,85,44,41,7,4,3
59014201,268,151,117,261,149,112,9,5,4,26,14,12,0,0,0,7,2,5,262,110,152,96,44,52,2,2,0,19,0,19,54,20,34,91,44,47,2,1,1
59015101,72,45,27,68,44,24,1,1,0,3,2,1,1,0,1,4,1,3,99,38,61,53,22,31,0,0,0,7,0,7,22,6,16,17,10,7,7,2,5
59017701,192,109,83,187,106,81,10,5,5,14,8,6,3,0,3,5,3,2,130,58,72,73,32,41,1,0,1,5,0,5,13,5,8,38,21,17,5,2,3
59017702,129,75,54,125,74,51,3,3,0,16,7,9,1,0,1,4,1,3,113,48,65,49,20,29,0,0,0,5,0,5,15,8,7,44,20,24,4,0,4
59018501,283,155,128,273,148,125,14,9,5,22,15,7,1,0,1,10,7,3,286,129,157,104,46,58,0,0,0,14,0,14,47,18,29,121,65,56,2,1,1
59018502,161,88,73,156,85,71,5,2,3,9,5,4,3,0,3,5,3,2,155,62,93,63,23,40,1,0,1,7,0,7,30,17,13,54,22,32,6,3,3
59018503,396,226,170,388,223,165,10,1,9,38,18,20,2,0,2,8,3,5,410,176,234,171,70,101,0,0,0,27,0,27,94,48,46,118,58,60,15,7,8
59019301,45,25,20,41,23,18,0,0,0,7,2,5,0,0,0,4,2,2,70,24,46,31,10,21,0,0,0,2,0,2,11,5,6,26,9,17,2,1,1
59019302,248,130,118,239,124,115,13,6,7,20,12,8,1,0,1,9,6,3,216,101,115,87,38,49,0,0,0,11,0,11,37,19,18,81,44,37,2,0,2
59020701,271,157,114,261,151,110,4,2,2,15,9,6,3,0,3,10,6,4,267,104,163,103,42,61,1,1,0,13,0,13,47,17,30,103,44,59,2,2,0
59021501,264,143,121,252,138,114,6,2,4,33,19,14,4,0,4,12,5,7,238,105,133,98,39,59,0,0,0,14,0,14,46,23,23,80,43,37,1,1,0
59022301,18,12,6,17,11,6,0,0,0,4,2,2,0,0,0,1,1,0,12,8,4,7,5,2,1,1,0,1,0,1,2,1,1,1,1,0,0,0,0
59022302,168,95,73,159,90,69,2,0,2,13,7,6,0,0,0,9,5,4,160,66,94,69,30,39,0,0,0,8,0,8,30,15,15,53,21,32,2,1,1
59024001,240,139,101,224,129,95,9,3,6,17,3,14,3,0,3,16,10,6,308,139,169,142,62,80,2,1,1,27,1,26,63,34,29,74,41,33,3,2,1
50015101,64,38,26,63,38,25,2,1,1,15,9,6,2,0,2,1,0,1,41,19,22,21,6,15,0,0,0,2,0,2,7,6,1,11,7,4,0,0,0
1349370,0,0,0,0,0,0,0,0,0,0,0,0,0,0,0,0,0,0,0,0,0,0,0,0,0,0,0,0,0,0,0,0,0,0,0,0,0,0,0
1349960,0,0,0,0,0,0,0,0,0,0,0,0,0,0,0,0,0,0,0,0,0,0,0,0,0,0,0,0,0,0,0,0,0,0,0,0,0,0,0
3055960,0,0,0,0,0,0,0,0,0,0,0,0,0,0,0,0,0,0,0,0,0,0,0,0,0,0,0,0,0,0,0,0,0,0,0,0,0,0,0
3408980,0,0,0,0,0,0,0,0,0,0,0,0,0,0,0,0,0,0,0,0,0,0,0,0,0,0,0,0,0,0,0,0,0,0,0,0,0,0,0
51138201,306,168,138,294,162,132,10,5,5,29,12,17,3,0,3,12,6,6,282,132,150,142,60,82,0,0,0,7,0,7,34,21,13,99,51,48,1,0,1
51138202,270,135,135,259,129,130,8,3,5,16,6,10,1,0,1,11,6,5,211,102,109,99,42,57,0,0,0,6,0,6,27,14,13,79,46,33,0,0,0
51138205,15,7,8,15,7,8,1,0,1,3,1,2,0,0,0,0,0,0,13,6,7,10,5,5,0,0,0,0,0,0,0,0,0,3,1,2,1,1,0
51138206,1299,680,619,1209,638,571,43,23,20,119,56,63,13,0,13,90,42,48,961,405,556,470,188,282,0,0,0,54,0,54,185,95,90,252,122,130,16,9,7
51138207,689,354,335,643,330,313,20,8,12,76,40,36,5,0,5,46,24,22,705,311,394,366,152,214,0,0,0,29,1,28,103,53,50,207,105,102,8,4,4
51138209,148,83,65,140,81,59,6,1,5,16,12,4,1,0,1,8,2,6,137,59,78,75,31,44,0,0,0,6,0,6,16,10,6,40,18,22,0,0,0
51138210,424,217,207,394,207,187,12,4,8,57,29,28,2,0,2,30,10,20,442,187,255,242,101,141,2,0,2,15,0,15,65,37,28,118,49,69,6,3,3
51138211,2422,1225,1197,2297,1173,1124,96,31,65,232,109,123,17,0,17,125,52,73,2209,936,1273,1197,451,746,3,0,3,85,0,85,305,150,155,619,335,284,29,18,11
51138213,761,409,352,691,378,313,34,17,17,69,31,38,5,0,5,70,31,39,608,252,356,286,108,178,0,0,0,30,0,30,122,63,59,170,81,89,14,5,9
51138214,151,94,57,100,65,35,1,0,1,5,3,2,1,0,1,51,29,22,170,91,79,40,25,15,0,0,0,10,0,10,74,43,31,46,23,23,16,6,10
51138216,1332,698,634,1261,669,592,50,27,23,185,93,92,6,0,6,71,29,42,1369,587,782,822,335,487,2,1,1,44,0,44,149,68,81,352,183,169,78,45,33
51138217,1162,606,556,994,525,469,30,14,16,114,50,64,6,0,6,168,81,87,1141,488,653,472,186,286,1,1,0,68,1,67,293,156,137,307,144,163,19,6,13
51138218,1091,576,515,1039,553,486,31,13,18,106,57,49,7,0,7,52,23,29,1132,490,642,687,269,418,3,3,0,36,0,36,123,70,53,283,148,135,8,1,7
51138219,621,328,293,575,305,270,22,8,14,63,35,28,1,0,1,46,23,23,606,260,346,345,142,203,2,1,1,22,0,22,91,45,46,146,72,74,15,8,7
51138220,26,19,7,14,10,4,0,0,0,2,2,0,0,0,0,12,9,3,25,7,18,6,4,2,0,0,0,1,0,1,7,1,6,11,2,9,2,2,0
51138221,1930,1007,923,1804,947,857,71,33,38,145,59,86,15,0,15,126,60,66,2030,842,1188,1191,460,731,4,2,2,75,2,73,277,155,122,483,223,260,12,10,2
51138222,1423,847,576,1258,742,516,51,22,29,112,60,52,10,0,10,165,105,60,1099,523,576,517,225,292,4,2,2,41,1,40,231,144,87,306,151,155,191,132,59
51138223,78,40,38,75,38,37,4,3,1,16,9,7,0,0,0,3,2,1,150,43,107,129,31,98,0,0,0,2,0,2,5,4,1,14,8,6,1,0,1
51138225,758,398,360,715,377,338,32,19,13,55,26,29,1,0,1,43,21,22,729,306,423,451,167,284,2,1,1,22,0,22,82,43,39,172,95,77,4,3,1
51138227,960,494,466,898,467,431,25,9,16,94,41,53,6,0,6,62,27,35,934,384,550,559,211,348,2,1,1,40,0,40,112,54,58,221,118,103,18,12,6
51138228,1176,621,555,1101,582,519,36,17,19,126,63,63,4,0,4,75,39,36,1160,489,671,685,261,424,1,1,0,41,2,39,139,67,72,294,158,136,12,9,3
51138229,46,26,20,16,10,6,0,0,0,1,1,0,0,0,0,30,16,14,57,24,33,8,4,4,0,0,0,4,0,4,24,10,14,21,10,11,5,4,1
51138230,1410,744,666,1313,695,618,58,32,26,116,53,63,12,0,12,97,49,48,1349,532,817,824,280,544,5,4,1,46,0,46,171,93,78,303,155,148,12,6,6
51138232,25,16,9,25,16,9,1,0,1,3,3,0,0,0,0,0,0,0,13,1,12,7,1,6,0,0,0,1,0,1,2,0,2,3,0,3,0,0,0
51138233,34,19,15,34,19,15,0,0,0,1,1,0,0,0,0,0,0,0,31,17,14,1,1,0,0,0,0,5,0,5,17,13,4,8,3,5,1,0,1
51138234,28,15,13,28,15,13,0,0,0,2,0,2,0,0,0,0,0,0,27,11,16,2,2,0,0,0,0,3,0,3,8,2,6,14,7,7,0,0,0
51138235,322,177,145,302,167,135,12,5,7,25,14,11,4,0,4,20,10,10,326,141,185,184,79,105,2,0,2,9,0,9,43,21,22,88,41,47,1,1,0
51138236,177,99,78,166,94,72,3,3,0,21,11,10,0,0,0,11,5,6,172,77,95,82,36,46,1,0,1,2,0,2,20,11,9,67,30,37,0,0,0
51138237,215,120,95,211,120,91,8,3,5,19,13,6,1,0,1,4,0,4,221,108,113,106,46,60,0,0,0,9,0,9,29,17,12,77,45,32,0,0,0
51138238,38,19,19,35,18,17,1,1,0,2,0,2,0,0,0,3,1,2,39,15,24,15,4,11,0,0,0,4,1,3,9,7,2,11,3,8,0,0,0
51138239,463,256,207,446,248,198,26,12,14,32,17,15,0,0,0,17,8,9,405,175,230,171,66,105,1,1,0,12,0,12,57,26,31,164,82,82,0,0,0
51138241,82,48,34,78,46,32,2,1,1,7,4,3,0,0,0,4,2,2,105,47,58,53,27,26,0,0,0,7,0,7,16,5,11,29,15,14,0,0,0
51138242,132,75,57,125,71,54,6,4,2,13,6,7,2,0,2,7,4,3,109,45,64,48,19,29,0,0,0,6,0,6,17,12,5,38,14,24,1,1,0
51138243,24,12,12,24,12,12,1,1,0,1,1,0,0,0,0,0,0,0,15,7,8,5,2,3,0,0,0,0,0,0,1,0,1,9,5,4,0,0,0
51138244,343,187,156,331,181,150,15,6,9,33,18,15,0,0,0,12,6,6,328,132,196,191,79,112,0,0,0,11,0,11,40,22,18,86,31,55,1,0,1
51138245,20,10,10,19,9,10,1,1,0,1,0,1,0,0,0,1,1,0,24,12,12,11,5,6,0,0,0,1,0,1,5,2,3,7,5,2,0,0,0
51138246,279,162,117,267,156,111,6,2,4,23,14,9,1,0,1,12,6,6,239,119,120,121,55,66,0,0,0,8,0,8,33,21,12,77,43,34,0,0,0
51138247,70,43,27,64,40,24,1,0,1,9,6,3,0,0,0,6,3,3,82,39,43,48,24,24,0,0,0,5,0,5,14,7,7,15,8,7,0,0,0
51138249,75,42,33,74,42,32,0,0,0,6,3,3,1,0,1,1,0,1,66,32,34,38,17,21,0,0,0,3,0,3,11,7,4,14,8,6,1,0,1
51223101,665,383,282,629,363,266,26,11,15,55,22,33,5,0,5,36,20,16,554,250,304,256,111,145,2,2,0,28,0,28,98,55,43,170,82,88,13,9,4
51223102,141,83,58,135,79,56,3,1,2,11,3,8,1,0,1,6,4,2,118,48,70,56,25,31,0,0,0,4,0,4,19,7,12,39,16,23,0,0,0
51223103,50,24,26,47,22,25,2,0,2,3,1,2,1,0,1,3,2,1,57,28,29,23,11,12,0,0,0,4,0,4,14,6,8,16,11,5,0,0,0
51223104,84,46,38,79,45,34,0,0,0,7,4,3,0,0,0,5,1,4,66,28,38,31,14,17,0,0,0,3,0,3,7,2,5,25,12,13,0,0,0
51228101,275,157,118,263,153,110,3,0,3,32,18,14,1,0,1,12,4,8,264,111,153,138,57,81,0,0,0,16,0,16,37,16,21,73,38,35,9,7,2
51228102,50,28,22,46,27,19,0,0,0,5,2,3,0,0,0,4,1,3,31,15,16,13,7,6,0,0,0,2,0,2,5,3,2,11,5,6,0,0,0
51240101,97,49,48,93,46,47,3,1,2,8,3,5,0,0,0,4,3,1,71,33,38,31,11,20,0,0,0,4,0,4,9,4,5,27,18,9,1,0,1
51253202,479,272,207,457,263,194,27,13,14,38,20,18,1,0,1,22,9,13,443,185,258,227,88,139,0,0,0,25,0,25,75,33,42,116,64,52,5,4,1
51280001,875,477,398,832,456,376,28,15,13,79,37,42,5,0,5,43,21,22,734,308,426,359,128,231,1,1,0,36,1,35,114,60,54,224,118,106,17,10,7
51280002,97,53,44,92,50,42,0,0,0,10,7,3,1,0,1,5,3,2,85,36,49,42,17,25,0,0,0,2,0,2,15,8,7,26,11,15,4,3,1
51282601,198,111,87,188,108,80,11,6,5,16,7,9,0,0,0,10,3,7,165,89,76,79,39,40,0,0,0,6,0,6,25,19,6,55,31,24,1,1,0
51287701,186,99,87,180,96,84,8,3,5,23,11,12,0,0,0,6,3,3,181,86,95,87,38,49,0,0,0,7,0,7,24,16,8,63,32,31,1,0,1
51298201,257,141,116,246,137,109,11,3,8,18,10,8,1,0,1,11,4,7,239,106,133,104,43,61,0,0,0,10,0,10,48,26,22,77,37,40,4,2,2
51305901,71,39,32,69,39,30,5,3,2,9,5,4,0,0,0,2,0,2,58,25,33,19,6,13,0,0,0,2,0,2,11,6,5,26,13,13,1,0,1
51306701,276,150,126,259,140,119,9,4,5,29,17,12,2,0,2,17,10,7,206,91,115,109,43,66,1,1,0,7,0,7,29,17,12,60,30,30,6,4,2
51306703,125,70,55,117,67,50,2,0,2,15,9,6,0,0,0,8,3,5,95,38,57,45,14,31,0,0,0,4,0,4,12,5,7,34,19,15,0,0,0
51310501,111,63,48,104,59,45,5,2,3,12,6,6,0,0,0,7,4,3,99,42,57,49,21,28,0,0,0,3,0,3,13,7,6,34,14,20,4,3,1
51319901,258,147,111,239,136,103,9,5,4,15,8,7,2,0,2,19,11,8,262,119,143,122,53,69,0,0,0,13,0,13,48,29,19,79,37,42,4,2,2
51319902,187,106,81,181,100,81,3,2,1,18,10,8,1,0,1,6,6,0,149,70,79,81,34,47,2,1,1,3,0,3,13,6,7,50,29,21,1,0,1
51319903,162,80,82,156,75,81,8,2,6,17,8,9,3,0,3,6,5,1,127,63,64,61,30,31,0,0,0,3,0,3,13,7,6,50,26,24,2,2,0
51321101,275,154,121,265,148,117,6,2,4,21,9,12,1,0,1,10,6,4,218,93,125,93,41,52,0,0,0,14,0,14,35,18,17,76,34,42,9,7,2
51322901,683,368,315,637,344,293,18,8,10,61,34,27,6,0,6,46,24,22,755,377,378,433,221,212,1,1,0,26,0,26,97,52,45,198,103,95,13,11,2
51349101,867,474,393,820,449,371,25,11,14,60,30,30,6,0,6,47,25,22,746,328,418,334,135,199,3,2,1,34,1,33,118,52,66,257,138,119,10,8,2
51363601,156,90,66,148,84,64,7,4,3,16,10,6,1,0,1,8,6,2,138,58,80,71,31,40,0,0,0,6,0,6,15,7,8,46,20,26,1,1,0
51373301,136,70,66,134,69,65,5,1,4,6,2,4,0,0,0,2,1,1,160,74,86,75,33,42,0,0,0,7,0,7,32,12,20,46,29,17,0,0,0
0477910,0,0,0,0,0,0,0,0,0,0,0,0,0,0,0,0,0,0,0,0,0,0,0,0,0,0,0,0,0,0,0,0,0,0,0,0,0,0,0
0478300,0,0,0,0,0,0,0,0,0,0,0,0,0,0,0,0,0,0,0,0,0,0,0,0,0,0,0,0,0,0,0,0,0,0,0,0,0,0,0
3055610,0,0,0,0,0,0,0,0,0,0,0,0,0,0,0,0,0,0,0,0,0,0,0,0,0,0,0,0,0,0,0,0,0,0,0,0,0,0,0
3408550,0,0,0,0,0,0,0,0,0,0,0,0,0,0,0,0,0,0,0,0,0,0,0,0,0,0,0,0,0,0,0,0,0,0,0,0,0,0,0
51375001,958,512,446,924,498,426,26,9,17,107,52,55,15,0,15,34,14,20,808,355,453,439,176,263,3,1,2,35,0,35,136,66,70,195,112,83,14,8,6
51375002,8,5,3,8,5,3,0,0,0,1,1,0,0,0,0,0,0,0,13,9,4,8,5,3,0,0,0,0,0,0,2,2,0,3,2,1,0,0,0
51375003,401,216,185,388,213,175,11,8,3,44,15,29,1,0,1,13,3,10,445,192,253,233,89,144,0,0,0,18,0,18,65,29,36,129,74,55,4,0,4
51375004,305,172,133,295,167,128,11,7,4,28,16,12,7,0,7,10,5,5,474,184,290,320,108,212,2,1,1,7,0,7,41,20,21,104,55,49,6,1,5
51375005,35,26,9,33,25,8,0,0,0,2,1,1,0,0,0,2,1,1,6,4,2,4,2,2,0,0,0,0,0,0,1,1,0,1,1,0,0,0,0
51375008,12,8,4,12,8,4,0,0,0,1,1,0,0,0,0,0,0,0,14,6,8,10,5,5,0,0,0,0,0,0,0,0,0,4,1,3,0,0,0
51375009,664,329,335,617,306,311,23,10,13,46,25,21,5,0,5,47,23,24,544,237,307,243,95,148,4,3,1,14,1,13,74,29,45,209,109,100,19,10,9
51375010,31,18,13,30,18,12,0,0,0,6,4,2,0,0,0,1,0,1,23,11,12,12,5,7,0,0,0,0,0,0,2,1,1,9,5,4,0,0,0
51375012,245,135,110,235,129,106,10,5,5,23,16,7,3,0,3,10,6,4,227,91,136,104,39,65,1,1,0,12,0,12,42,22,20,68,29,39,2,1,1
51375013,699,359,340,669,343,326,32,12,20,85,36,49,6,0,6,30,16,14,714,296,418,386,152,234,3,2,1,29,0,29,112,59,53,184,83,101,8,4,4
51375014,713,373,340,673,358,315,29,9,20,48,26,22,7,0,7,40,15,25,537,227,310,210,77,133,1,1,0,43,0,43,122,69,53,161,80,81,13,8,5
51375015,396,221,175,388,214,174,14,7,7,39,16,23,1,0,1,8,7,1,388,154,234,205,76,129,0,0,0,18,0,18,47,18,29,118,60,58,4,3,1
51375016,939,483,456,893,465,428,29,13,16,121,45,76,6,0,6,46,18,28,922,393,529,513,204,309,1,1,0,24,0,24,107,54,53,277,134,143,6,3,3
51375017,313,168,145,306,164,142,12,7,5,34,19,15,3,0,3,7,4,3,279,125,154,135,59,76,2,2,0,10,0,10,33,13,20,99,51,48,1,1,0
51375018,1320,686,634,1270,660,610,40,13,27,94,47,47,13,0,13,50,26,24,1131,461,670,546,206,340,4,4,0,61,1,60,195,87,108,325,163,162,14,10,4
51375019,527,334,193,480,302,178,13,7,6,53,29,24,5,0,5,47,32,15,394,166,228,153,62,91,0,0,0,18,0,18,102,43,59,121,61,60,70,59,11
51375020,41,22,19,40,21,19,0,0,0,3,1,2,0,0,0,1,1,0,32,14,18,0,0,0,0,0,0,5,0,5,12,8,4,15,6,9,0,0,0
51375021,10,5,5,8,4,4,2,0,2,0,0,0,0,0,0,2,1,1,15,7,8,14,7,7,0,0,0,0,0,0,0,0,0,1,0,1,0,0,0
51375022,35,28,7,17,15,2,0,0,0,0,0,0,0,0,0,18,13,5,56,27,29,21,10,11,0,0,0,3,0,3,22,14,8,10,3,7,1,0,1
51375024,775,435,340,737,415,322,20,7,13,67,39,28,5,0,5,38,20,18,736,329,407,376,162,214,2,2,0,30,0,30,102,54,48,226,111,115,3,3,0
51375025,11,8,3,9,7,2,0,0,0,1,1,0,0,0,0,2,1,1,14,8,6,11,6,5,0,0,0,0,0,0,0,0,0,3,2,1,0,0,0
51375026,112,62,50,106,61,45,6,1,5,9,7,2,1,0,1,6,1,5,141,56,85,59,23,36,0,0,0,9,0,9,21,9,12,52,24,28,1,0,1
51375027,25,16,9,25,16,9,1,0,1,4,3,1,0,0,0,0,0,0,19,9,10,7,2,5,0,0,0,1,0,1,2,1,1,9,6,3,0,0,0
51375028,32,18,14,29,17,12,3,2,1,4,3,1,0,0,0,3,1,2,39,14,25,17,7,10,0,0,0,0,0,0,9,3,6,13,4,9,0,0,0
51375029,29,18,11,29,18,11,0,0,0,3,1,2,0,0,0,0,0,0,27,13,14,17,10,7,0,0,0,1,0,1,4,2,2,5,1,4,0,0,0
51375030,72,42,30,72,42,30,0,0,0,5,0,5,0,0,0,0,0,0,63,26,37,35,13,22,0,0,0,3,0,3,13,7,6,12,6,6,0,0,0
51375031,47,26,21,46,26,20,1,0,1,5,2,3,0,0,0,1,0,1,44,18,26,20,5,15,0,0,0,2,0,2,8,6,2,14,7,7,0,0,0
51375032,233,133,100,230,131,99,11,6,5,34,21,13,0,0,0,3,2,1,210,87,123,108,39,69,0,0,0,12,0,12,31,22,9,59,26,33,0,0,0
51376801,584,316,268,571,310,261,27,14,13,50,22,28,5,0,5,13,6,7,635,273,362,316,129,187,0,0,0,25,1,24,88,42,46,206,101,105,8,5,3
51376802,116,63,53,112,61,51,5,1,4,11,6,5,0,0,0,4,2,2,109,45,64,42,17,25,0,0,0,8,0,8,24,10,14,35,18,17,0,0,0
51376803,30,22,8,27,19,8,2,2,0,3,1,2,0,0,0,3,3,0,28,11,17,14,5,9,0,0,0,3,0,3,5,3,2,6,3,3,0,0,0
51376804,100,57,43,95,54,41,4,1,3,10,6,4,1,0,1,5,3,2,85,43,42,48,18,30,0,0,0,2,0,2,15,10,5,20,15,5,0,0,0
51387301,215,125,90,209,122,87,8,3,5,13,8,5,3,0,3,6,3,3,243,100,143,127,47,80,0,0,0,15,0,15,40,21,19,61,32,29,0,0,0
51404701,126,69,57,123,67,56,6,1,5,6,4,2,1,0,1,3,2,1,114,48,66,48,16,32,0,0,0,5,0,5,20,10,10,41,22,19,2,1,1
51405501,2611,1434,1177,2436,1351,1085,99,43,56,264,134,130,17,0,17,175,83,92,2678,1164,1514,1354,553,801,6,4,2,108,1,107,448,208,240,762,398,364,89,52,37
51405502,73,45,28,65,40,25,2,0,2,10,7,3,1,0,1,8,5,3,73,35,38,47,17,30,0,0,0,0,0,0,9,7,2,17,11,6,1,0,1
51405503,79,43,36,75,41,34,1,1,0,7,5,2,0,0,0,4,2,2,87,35,52,32,14,18,0,0,0,6,0,6,18,4,14,31,17,14,0,0,0
51415201,555,309,246,522,295,227,16,7,9,43,19,24,8,1,7,33,14,19,551,216,335,284,92,192,0,0,0,22,0,22,82,46,36,163,78,85,8,5,3
51444601,69,39,30,64,37,27,0,0,0,6,3,3,1,0,1,5,2,3,82,30,52,44,16,28,0,0,0,4,0,4,12,6,6,22,8,14,2,2,0
51444602,24,17,7,22,17,5,1,0,1,5,5,0,0,0,0,2,0,2,8,4,4,5,2,3,0,0,0,0,0,0,0,0,0,3,2,1,0,0,0
51447102,286,160,126,269,152,117,12,5,7,30,15,15,1,0,1,17,8,9,242,114,128,109,47,62,1,1,0,9,0,9,43,23,20,80,43,37,2,2,0
51449701,141,75,66,136,73,63,4,1,3,9,5,4,3,0,3,5,2,3,156,66,90,88,35,53,0,0,0,6,0,6,24,13,11,38,18,20,1,1,0
51452701,41,22,19,39,22,17,5,3,2,0,0,0,0,0,0,2,0,2,34,20,14,9,4,5,0,0,0,3,0,3,10,10,0,12,6,6,0,0,0
3409280,0,0,0,0,0,0,0,0,0,0,0,0,0,0,0,0,0,0,0,0,0,0,0,0,0,0,0,0,0,0,0,0,0,0,0,0,0,0,0
51470501,29,16,13,29,16,13,0,0,0,3,1,2,0,0,0,0,0,0,21,10,11,11,4,7,0,0,0,1,0,1,1,1,0,8,5,3,0,0,0
51470502,1262,672,590,1187,634,553,42,13,29,123,64,59,7,0,7,75,38,37,1128,458,670,604,216,388,4,3,1,52,1,51,177,88,89,291,150,141,17,6,11
51470503,34,22,12,34,22,12,0,0,0,3,1,2,0,0,0,0,0,0,19,11,8,9,5,4,0,0,0,1,0,1,4,2,2,5,4,1,0,0,0
51470504,29,18,11,27,17,10,1,1,0,3,2,1,0,0,0,2,1,1,20,9,11,11,4,7,0,0,0,0,0,0,1,0,1,8,5,3,0,0,0
51470505,456,248,208,434,235,199,18,6,12,41,21,20,4,0,4,22,13,9,448,175,273,215,81,134,0,0,0,14,0,14,65,24,41,154,70,84,7,1,6
51470506,22,13,9,21,12,9,2,1,1,2,2,0,0,0,0,1,1,0,20,10,10,11,5,6,0,0,0,2,0,2,4,3,1,3,2,1,0,0,0
51470507,893,473,420,851,450,401,31,11,20,90,49,41,8,0,8,42,23,19,839,369,470,431,167,264,1,1,0,32,0,32,127,77,50,248,124,124,8,2,6
51470508,23,15,8,2,2,0,0,0,0,0,0,0,0,0,0,21,13,8,38,18,20,8,5,3,0,0,0,4,0,4,15,9,6,11,4,7,0,0,0
51470510,639,382,257,569,341,228,22,17,5,57,30,27,7,0,7,70,41,29,582,252,330,199,86,113,1,1,0,33,1,32,148,65,83,201,99,102,44,28,16
51470511,15,9,6,15,9,6,0,0,0,2,2,0,0,0,0,0,0,0,14,8,6,5,3,2,0,0,0,1,0,1,2,0,2,6,5,1,0,0,0
51470512,240,139,101,228,131,97,5,2,3,24,13,11,1,0,1,12,8,4,217,100,117,115,42,73,2,1,1,4,0,4,35,25,10,61,32,29,3,3,0
51470513,117,62,55,115,62,53,5,2,3,11,7,4,1,0,1,2,0,2,103,47,56,51,22,29,0,0,0,4,0,4,12,10,2,36,15,21,0,0,0
51470514,145,82,63,135,79,56,2,1,1,17,9,8,0,0,0,10,3,7,163,69,94,79,34,45,0,0,0,9,0,9,29,11,18,46,24,22,0,0,0
51470515,60,34,26,58,33,25,4,1,3,7,4,3,0,0,0,2,1,1,55,18,37,18,4,14,0,0,0,2,0,2,9,4,5,26,10,16,0,0,0
51477201,133,76,57,127,73,54,2,1,1,7,5,2,2,0,2,6,3,3,127,53,74,69,25,44,0,0,0,6,0,6,17,11,6,35,17,18,1,0,1
51480201,130,73,57,122,69,53,0,0,0,6,4,2,1,0,1,8,4,4,112,53,59,53,23,30,0,0,0,5,0,5,24,10,14,30,20,10,2,1,1
51519101,313,180,133,300,171,129,7,3,4,19,6,13,2,0,2,13,9,4,288,138,150,141,67,74,1,1,0,13,0,13,58,31,27,75,39,36,11,9,2
51519102,19,9,10,17,9,8,0,0,0,3,3,0,0,0,0,2,0,2,17,5,12,2,0,2,0,0,0,1,0,1,9,2,7,5,3,2,3,1,2
51519103,19,10,9,17,9,8,1,0,1,2,1,1,0,0,0,2,1,1,18,7,11,12,6,6,0,0,0,1,0,1,4,1,3,1,0,1,0,0,0
51532901,205,115,90,200,114,86,11,4,7,12,7,5,2,0,2,5,1,4,146,70,76,69,32,37,0,0,0,8,0,8,23,13,10,46,25,21,1,1,0
51541801,206,106,100,202,103,99,5,1,4,23,9,14,1,0,1,4,3,1,203,86,117,99,43,56,0,0,0,7,0,7,27,11,16,70,32,38,4,2,2
51547702,159,93,66,155,91,64,4,2,2,15,10,5,3,0,3,4,2,2,122,59,63,53,23,30,0,0,0,9,0,9,22,13,9,38,23,15,1,1,0
51578701,98,49,49,91,48,43,1,0,1,9,4,5,0,0,0,7,1,6,96,38,58,47,21,26,0,0,0,4,0,4,16,6,10,29,11,18,4,3,1
51582501,60,36,24,58,34,24,1,0,1,5,3,2,0,0,0,2,2,0,51,19,32,22,6,16,0,0,0,2,0,2,9,3,6,18,10,8,2,1,1
51620101,429,243,186,417,234,183,14,3,11,42,24,18,5,0,5,12,9,3,342,152,190,150,63,87,0,0,0,16,0,16,54,32,22,122,57,65,3,2,1
51635001,44,26,18,44,26,18,0,0,0,3,0,3,0,0,0,0,0,0,40,16,24,22,8,14,0,0,0,3,0,3,6,2,4,9,6,3,1,0,1
51661901,683,370,313,658,358,300,25,8,17,59,29,30,6,0,6,25,12,13,561,245,316,226,94,132,2,2,0,25,0,25,109,54,55,199,95,104,6,3,3
51663501,216,117,99,209,114,95,2,0,2,16,7,9,2,0,2,7,3,4,176,82,94,77,32,45,0,0,0,4,0,4,31,19,12,64,31,33,2,1,1
51668601,242,138,104,236,134,102,6,1,5,25,18,7,3,0,3,6,4,2,237,109,128,112,48,64,0,0,0,10,0,10,45,24,21,70,37,33,1,0,1
51669401,277,160,117,262,152,110,11,3,8,19,9,10,3,1,2,15,8,7,337,141,196,178,68,110,1,1,0,17,0,17,57,28,29,84,44,40,7,5,2
51669402,53,30,23,53,30,23,3,2,1,7,4,3,0,0,0,0,0,0,37,16,21,16,7,9,0,0,0,1,0,1,3,2,1,17,7,10,0,0,0
51686401,98,54,44,91,50,41,7,3,4,6,5,1,1,0,1,7,4,3,89,34,55,46,18,28,0,0,0,3,0,3,12,6,6,28,10,18,2,1,1
51689901,244,134,110,225,126,99,9,4,5,15,11,4,1,0,1,19,8,11,237,103,134,102,41,61,0,0,0,13,0,13,41,19,22,81,43,38,4,3,1
51691101,157,92,65,139,83,56,4,2,2,18,11,7,1,0,1,18,9,9,117,47,70,52,14,38,0,0,0,6,0,6,19,11,8,40,22,18,0,0,0
51710101,52,28,24,50,28,22,0,0,0,6,4,2,0,0,0,2,0,2,44,19,25,27,12,15,0,0,0,2,0,2,3,2,1,12,5,7,0,0,0
51710102,54,33,21,53,33,20,2,2,0,7,3,4,0,0,0,1,0,1,51,25,26,30,15,15,0,0,0,2,0,2,6,3,3,13,7,6,0,0,0
51710103,81,45,36,80,44,36,1,0,1,5,3,2,2,0,2,1,1,0,71,29,42,38,15,23,0,0,0,3,0,3,13,8,5,17,6,11,1,1,0
51710104,52,32,20,50,30,20,3,2,1,6,5,1,0,0,0,2,2,0,40,15,25,25,9,16,0,0,0,1,0,1,7,3,4,7,3,4,1,0,1
51710105,319,177,142,303,169,134,8,4,4,41,23,18,1,0,1,16,8,8,289,136,153,160,67,93,0,0,0,12,0,12,39,23,16,78,46,32,9,9,0
51710106,35,21,14,33,21,12,1,1,0,3,2,1,0,0,0,2,0,2,32,13,19,21,9,12,0,0,0,1,0,1,2,1,1,8,3,5,0,0,0
51715101,207,116,91,196,110,86,4,2,2,18,11,7,1,0,1,11,6,5,166,63,103,103,40,63,0,0,0,6,0,6,19,5,14,38,18,20,2,0,2
51715102,161,92,69,152,87,65,6,2,4,14,8,6,2,0,2,9,5,4,153,68,85,83,41,42,0,0,0,5,0,5,17,5,12,48,22,26,5,3,2
51715103,23,13,10,22,13,9,0,0,0,3,2,1,0,0,0,1,0,1,34,13,21,13,7,6,0,0,0,3,0,3,8,3,5,10,3,7,1,1,0
51720801,68,42,26,64,40,24,1,0,1,8,5,3,0,0,0,4,2,2,81,39,42,37,20,17,0,0,0,6,0,6,23,13,10,15,6,9,1,0,1
51722401,128,71,57,123,68,55,5,2,3,7,2,5,0,0,0,5,3,2,124,62,62,66,29,37,1,1,0,5,0,5,17,11,6,35,21,14,3,3,0
51727501,86,49,37,81,48,33,5,1,4,15,10,5,0,0,0,5,1,4,71,32,39,34,16,18,0,0,0,1,0,1,6,1,5,30,15,15,1,0,1
51732101,51,30,21,51,30,21,3,1,2,6,3,3,0,0,0,0,0,0,229,67,162,207,61,146,0,0,0,3,0,3,11,5,6,8,1,7,1,0,1
51743701,73,42,31,69,41,28,4,0,4,4,3,1,0,0,0,4,1,3,68,34,34,30,16,14,0,0,0,6,0,6,14,7,7,18,11,7,0,0,0
51744501,97,53,44,95,52,43,5,1,4,6,2,4,0,0,0,2,1,1,73,32,41,35,15,20,0,0,0,2,0,2,10,4,6,26,13,13,1,1,0
51753401,545,302,243,529,291,238,19,8,11,40,27,13,6,0,6,16,11,5,530,238,292,253,110,143,2,1,1,18,0,18,80,39,41,177,88,89,6,4,2
51756901,144,78,66,134,75,59,6,2,4,14,8,6,1,0,1,10,3,7,117,53,64,46,20,26,0,0,0,9,0,9,26,16,10,36,17,19,1,0,1
51758501,215,126,89,207,123,84,8,2,6,14,8,6,1,0,1,8,3,5,164,68,96,72,25,47,0,0,0,6,0,6,27,14,13,59,29,30,2,1,1
51760701,682,388,294,659,373,286,22,11,11,55,29,26,2,0,2,23,15,8,839,323,516,447,148,299,2,1,1,38,0,38,143,77,66,209,97,112,8,4,4
51761501,137,79,58,131,77,54,8,4,4,13,7,6,0,0,0,6,2,4,126,48,78,58,21,37,0,0,0,7,0,7,31,11,20,30,16,14,0,0,0
51766601,222,130,92,209,124,85,14,7,7,15,10,5,2,0,2,13,6,7,205,80,125,111,41,70,1,0,1,11,0,11,31,12,19,51,27,24,9,6,3
51774701,290,160,130,280,158,122,15,8,7,26,14,12,3,0,3,10,2,8,342,123,219,164,41,123,0,0,0,15,0,15,57,27,30,106,55,51,2,0,2
51783601,79,43,36,69,38,31,3,2,1,8,2,6,1,0,1,10,5,5,75,35,40,40,18,22,0,0,0,6,1,5,17,9,8,12,7,5,1,1,0
51784401,309,173,136,298,167,131,16,6,10,21,10,11,4,0,4,11,6,5,257,122,135,117,47,70,1,1,0,11,0,11,47,28,19,81,46,35,6,3,3
51788701,309,166,143,295,157,138,7,1,6,23,15,8,0,0,0,14,9,5,272,123,149,118,49,69,0,0,0,9,0,9,37,16,21,108,58,50,3,1,2
51790901,417,243,174,398,233,165,6,3,3,38,23,15,4,0,4,19,10,9,396,148,248,189,70,119,1,1,0,30,0,30,74,35,39,102,42,60,1,1,0
51802601,160,84,76,152,81,71,5,1,4,20,11,9,0,0,0,8,3,5,129,53,76,74,25,49,1,1,0,2,0,2,16,10,6,36,17,19,1,0,1
51903101,225,114,111,216,111,105,5,3,2,30,16,14,2,0,2,9,3,6,186,89,97,77,30,47,2,2,0,9,0,9,36,17,19,62,40,22,1,1,0
51914601,59,33,26,56,32,24,1,0,1,5,3,2,1,0,1,3,1,2,57,26,31,26,12,14,0,0,0,4,0,4,12,6,6,15,8,7,0,0,0
51914602,1150,624,526,1107,605,502,52,21,31,92,50,42,3,0,3,43,19,24,1141,482,659,632,247,385,3,2,1,44,0,44,151,78,73,311,155,156,14,8,6
51965101,950,522,428,905,499,406,26,7,19,73,39,34,3,0,3,45,23,22,973,428,545,516,217,299,1,0,1,39,0,39,126,59,67,291,152,139,12,7,5
52004701,198,106,92,189,102,87,5,1,4,18,12,6,1,0,1,9,4,5,225,93,132,119,43,76,2,1,1,6,0,6,28,12,16,70,37,33,1,0,1
52030601,265,155,110,262,152,110,17,12,5,29,18,11,1,0,1,3,3,0,258,119,139,121,55,66,0,0,0,10,0,10,49,23,26,78,41,37,3,0,3
52042001,75,43,32,72,41,31,2,0,2,6,3,3,0,0,0,3,2,1,73,30,43,38,14,24,0,0,0,4,0,4,8,6,2,23,10,13,0,0,0
52042002,359,199,160,343,190,153,12,8,4,32,16,16,2,0,2,16,9,7,328,158,170,136,57,79,3,2,1,15,0,15,52,26,26,122,73,49,3,0,3
52042003,10,5,5,10,5,5,0,0,0,0,0,0,0,0,0,0,0,0,11,6,5,6,3,3,0,0,0,0,0,0,1,1,0,4,2,2,1,0,1
52153101,454,250,204,441,244,197,12,7,5,37,14,23,6,0,6,13,6,7,368,155,213,175,72,103,1,1,0,20,0,20,66,32,34,106,50,56,5,3,2
52277502,108,61,47,104,59,45,2,2,0,10,5,5,0,0,0,4,2,2,119,53,66,60,30,30,1,1,0,1,0,1,10,4,6,47,18,29,3,2,1
52345301,114,61,53,108,59,49,1,1,0,9,3,6,3,0,3,6,2,4,124,62,62,52,25,27,1,0,1,8,0,8,31,20,11,32,17,15,1,0,1
52364001,266,152,114,255,146,109,11,5,6,16,10,6,2,0,2,11,6,5,254,108,146,142,61,81,0,0,0,13,0,13,30,11,19,69,36,33,2,1,1
54743301,64,33,31,61,31,30,2,0,2,3,1,2,0,0,0,3,2,1,61,28,33,35,13,22,0,0,0,0,0,0,6,3,3,20,12,8,0,0,0
54743302,253,146,107,241,138,103,10,4,6,22,14,8,1,0,1,12,8,4,264,124,140,145,60,85,0,0,0,9,0,9,31,17,14,79,47,32,1,1,0
54745001,141,73,68,135,69,66,3,1,2,9,5,4,0,0,0,6,4,2,121,56,65,61,32,29,0,0,0,4,0,4,19,9,10,37,15,22,2,2,0
54751401,97,51,46,96,50,46,5,2,3,9,5,4,0,0,0,1,1,0,72,28,44,38,15,23,0,0,0,3,0,3,12,5,7,19,8,11,1,0,1
55275501,114,66,48,110,64,46,4,2,2,10,5,5,2,0,2,4,2,2,87,38,49,51,18,33,1,1,0,3,0,3,16,9,7,16,10,6,1,0,1
55277101,141,77,64,131,72,59,1,0,1,14,4,10,1,0,1,10,5,5,137,60,77,78,31,47,0,0,0,6,0,6,22,10,12,31,19,12,8,5,3
55278001,207,110,97,194,105,89,7,0,7,14,7,7,2,0,2,13,5,8,204,91,113,90,34,56,0,0,0,8,0,8,33,21,12,73,36,37,1,0,1
55281001,74,42,32,73,41,32,4,3,1,5,1,4,0,0,0,1,1,0,76,31,45,43,17,26,0,0,0,3,0,3,11,5,6,19,9,10,1,1,0
55283601,136,75,61,133,74,59,3,2,1,10,6,4,3,0,3,3,1,2,71,33,38,29,13,16,0,0,0,3,0,3,16,11,5,23,9,14,1,1,0
55284401,17,9,8,16,8,8,0,0,0,10,5,5,0,0,0,1,1,0,16,9,7,10,5,5,0,0,0,0,0,0,1,0,1,5,4,1,0,0,0
55284402,255,146,109,247,142,105,10,6,4,32,16,16,1,0,1,8,4,4,213,88,125,93,37,56,1,0,1,10,1,9,32,16,16,77,34,43,4,2,2
55287901,243,139,104,227,134,93,7,4,3,24,13,11,1,0,1,16,5,11,258,121,137,165,73,92,0,0,0,7,0,7,24,16,8,62,32,30,7,5,2
55288701,98,60,38,90,55,35,2,1,1,7,3,4,1,0,1,8,5,3,132,55,77,66,31,35,1,0,1,5,0,5,18,7,11,42,17,25,6,0,6
55290901,280,168,112,217,135,82,6,3,3,24,17,7,4,0,4,63,33,30,362,153,209,160,59,101,1,1,0,15,0,15,75,34,41,111,59,52,15,6,9
55295001,104,64,40,99,60,39,1,0,1,9,4,5,1,0,1,5,4,1,101,36,65,51,17,34,0,0,0,4,0,4,18,7,11,28,12,16,2,1,1
55296801,81,48,33,81,48,33,10,5,5,17,11,6,0,0,0,0,0,0,58,21,37,38,16,22,0,0,0,2,0,2,7,1,6,11,4,7,0,0,0
55298401,32,18,14,31,17,14,1,0,1,2,2,0,0,0,0,1,1,0,38,7,31,17,5,12,0,0,0,2,0,2,9,0,9,10,2,8,0,0,0
55300001,147,92,55,143,90,53,4,3,1,16,10,6,0,0,0,4,2,2,151,63,88,85,37,48,1,0,1,9,0,9,28,12,16,28,14,14,0,0,0
55699801,47,29,18,46,29,17,1,0,1,1,1,0,0,0,0,1,0,1,39,15,24,14,4,10,0,0,0,2,0,2,7,4,3,16,7,9,0,0,0
55699802,301,162,139,284,156,128,8,4,4,18,8,10,0,0,0,17,6,11,260,118,142,133,54,79,0,0,0,10,0,10,40,18,22,77,46,31,4,3,1
56913501,172,96,76,166,93,73,6,4,2,16,11,5,0,0,0,6,3,3,115,46,69,53,16,37,0,0,0,4,0,4,20,10,10,38,20,18,3,3,0
56914301,229,128,101,218,120,98,6,2,4,20,10,10,3,1,2,11,8,3,189,84,105,98,44,54,1,1,0,5,1,4,36,14,22,49,24,25,3,1,2
56917801,162,92,70,150,86,64,4,3,1,16,7,9,0,0,0,12,6,6,143,53,90,80,31,49,0,0,0,6,0,6,23,6,17,34,16,18,2,1,1
56919401,79,37,42,78,37,41,4,2,2,9,4,5,1,0,1,1,0,1,66,32,34,37,16,21,0,0,0,2,0,2,8,6,2,19,10,9,0,0,0
56925901,119,65,54,115,63,52,2,1,1,12,9,3,2,0,2,4,2,2,126,55,71,69,29,40,0,0,0,3,0,3,20,9,11,34,17,17,1,1,0
56926701,102,52,50,99,51,48,2,0,2,10,3,7,1,0,1,3,1,2,121,56,65,58,25,33,0,0,0,4,1,3,20,12,8,39,18,21,2,0,2
56927501,110,68,42,107,68,39,2,2,0,7,5,2,2,0,2,3,0,3,103,45,58,58,25,33,0,0,0,8,0,8,16,9,7,21,11,10,3,3,0
56928301,70,31,39,64,28,36,4,2,2,8,4,4,1,0,1,6,3,3,65,27,38,30,13,17,0,0,0,2,0,2,8,3,5,25,11,14,0,0,0
56954201,200,119,81,198,118,80,9,5,4,23,17,6,1,0,1,2,1,1,201,86,115,106,42,64,0,0,0,15,0,15,35,17,18,45,27,18,2,1,1
57006101,134,77,57,126,72,54,2,0,2,14,9,5,0,0,0,8,5,3,140,58,82,58,20,38,0,0,0,8,0,8,20,9,11,54,29,25,1,0,1
57007901,392,217,175,375,209,166,14,7,7,34,21,13,2,0,2,17,8,9,348,158,190,187,78,109,1,1,0,10,0,10,41,23,18,109,56,53,11,8,3
50002001,535,308,227,520,300,220,16,7,9,53,29,24,4,0,4,15,8,7,535,224,311,300,122,178,1,1,0,19,0,19,84,31,53,131,70,61,4,3,1
50002002,53,24,29,49,23,26,3,0,3,4,3,1,0,0,0,4,1,3,68,33,35,36,17,19,0,0,0,1,0,1,4,1,3,27,15,12,0,0,0
1644370,0,0,0,0,0,0,0,0,0,0,0,0,0,0,0,0,0,0,0,0,0,0,0,0,0,0,0,0,0,0,0,0,0,0,0,0,0,0,0
1644700,0,0,0,0,0,0,0,0,0,0,0,0,0,0,0,0,0,0,0,0,0,0,0,0,0,0,0,0,0,0,0,0,0,0,0,0,0,0,0
1644880,0,0,0,0,0,0,0,0,0,0,0,0,0,0,0,0,0,0,0,0,0,0,0,0,0,0,0,0,0,0,0,0,0,0,0,0,0,0,0
3156480,0,0,0,0,0,0,0,0,0,0,0,0,0,0,0,0,0,0,0,0,0,0,0,0,0,0,0,0,0,0,0,0,0,0,0,0,0,0,0
52370401,107,75,32,48,32,16,0,0,0,4,2,2,1,0,1,59,43,16,62,40,22,41,27,14,0,0,0,3,0,3,12,9,3,6,4,2,1,1,0
52370405,681,343,338,647,322,325,29,13,16,86,25,61,5,0,5,34,21,13,801,320,481,481,176,305,0,0,0,31,0,31,105,56,49,184,88,96,15,10,5
52370406,933,478,455,892,456,436,35,11,24,117,57,60,14,0,14,41,22,19,841,348,493,407,147,260,2,0,2,35,3,32,137,68,69,260,130,130,11,6,5
52370407,91,52,39,90,51,39,3,1,2,4,2,2,1,0,1,1,1,0,50,24,26,16,6,10,1,1,0,4,0,4,17,10,7,12,7,5,1,0,1
52370408,290,155,135,283,150,133,9,5,4,28,11,17,3,0,3,7,5,2,497,166,331,374,115,259,1,0,1,13,0,13,40,19,21,69,32,37,9,2,7
52370409,20,11,9,18,10,8,0,0,0,2,0,2,2,0,2,2,1,1,16,8,8,9,5,4,0,0,0,0,0,0,2,1,1,5,2,3,0,0,0
52370410,304,168,136,292,162,130,15,8,7,27,11,16,2,0,2,12,6,6,342,156,186,174,79,95,0,0,0,12,0,12,49,26,23,107,51,56,2,0,2
52370411,157,82,75,143,74,69,9,4,5,19,10,9,0,0,0,14,8,6,140,58,82,62,27,35,0,0,0,7,0,7,18,8,10,53,23,30,1,0,1
52370412,500,252,248,471,235,236,20,9,11,53,20,33,0,0,0,29,17,12,468,196,272,218,76,142,1,1,0,26,0,26,86,50,36,137,69,68,8,4,4
52370413,1640,831,809,1554,795,759,64,32,32,159,70,89,11,0,11,86,36,50,1289,537,752,563,232,331,4,2,2,63,2,61,223,109,114,436,192,244,17,9,8
52370414,645,392,253,576,351,225,20,9,11,63,37,26,3,0,3,69,41,28,432,227,205,157,85,72,3,1,2,16,0,16,108,60,48,148,81,67,107,79,28
52370415,1291,669,622,1214,628,586,38,15,23,141,68,73,11,2,9,77,41,36,1389,553,836,761,274,487,2,1,1,55,1,54,198,86,112,373,191,182,16,7,9
52370416,1142,571,571,1081,543,538,44,13,31,98,42,56,15,0,15,61,28,33,1253,529,724,737,291,446,1,0,1,36,0,36,173,84,89,306,154,152,22,14,8
52370417,760,395,365,723,381,342,25,14,11,95,46,49,9,0,9,37,14,23,869,356,513,514,202,312,1,1,0,25,0,25,122,49,73,207,104,103,10,5,5
52370418,660,356,304,627,337,290,16,7,9,90,48,42,2,0,2,33,19,14,614,248,366,353,137,216,2,1,1,18,0,18,78,35,43,163,75,88,7,4,3
52370419,602,305,297,584,295,289,30,10,20,55,19,36,7,0,7,18,10,8,555,237,318,314,129,185,1,1,0,24,0,24,72,36,36,144,71,73,4,1,3
52370420,44,28,16,36,22,14,3,2,1,4,2,2,0,0,0,8,6,2,58,22,36,23,8,15,1,1,0,7,1,6,12,5,7,15,7,8,1,0,1
52370421,588,313,275,557,300,257,18,5,13,67,32,35,4,0,4,31,13,18,605,243,362,390,153,237,3,2,1,21,0,21,76,32,44,115,56,59,14,11,3
52370422,483,254,229,448,236,212,18,5,13,49,22,27,6,0,6,35,18,17,584,229,355,374,129,245,1,0,1,18,0,18,74,38,36,117,62,55,6,3,3
52370423,30,15,15,25,12,13,1,0,1,6,3,3,1,0,1,5,3,2,24,7,17,11,3,8,0,0,0,0,0,0,3,2,1,10,2,8,0,0,0
52370424,549,295,254,510,271,239,17,8,9,66,38,28,3,0,3,39,24,15,494,229,265,247,101,146,3,1,2,20,0,20,95,53,42,129,74,55,14,6,8
52370425,938,496,442,897,476,421,35,23,12,125,62,63,6,0,6,41,20,21,1069,439,630,602,224,378,3,2,1,40,0,40,159,83,76,265,130,135,9,1,8
52558801,1397,785,612,1330,749,581,39,19,20,131,84,47,5,0,5,67,36,31,1509,650,859,791,322,469,4,2,2,56,0,56,220,103,117,438,223,215,17,14,3
52558802,11,5,6,11,5,6,0,0,0,3,0,3,0,0,0,0,0,0,11,6,5,7,3,4,0,0,0,0,0,0,3,3,0,1,0,1,1,1,0
52580401,345,183,162,328,177,151,5,2,3,25,13,12,6,0,6,17,6,11,309,145,164,156,64,92,0,0,0,5,0,5,43,26,17,105,55,50,9,4,5
52580402,12,11,1,8,8,0,0,0,0,0,0,0,0,0,0,4,3,1,16,6,10,11,3,8,0,0,0,1,0,1,3,2,1,1,1,0,0,0,0
52580403,77,47,30,74,44,30,4,2,2,6,4,2,0,0,0,3,3,0,59,26,33,32,12,20,0,0,0,2,0,2,9,4,5,16,10,6,0,0,0
52580404,47,29,18,45,28,17,0,0,0,3,3,0,0,0,0,2,1,1,54,23,31,34,13,21,0,0,0,2,0,2,6,5,1,12,5,7,1,1,0
52580405,143,83,60,135,79,56,1,1,0,12,8,4,1,0,1,8,4,4,148,65,83,84,34,50,0,0,0,4,0,4,22,12,10,38,19,19,2,0,2
52588001,247,132,115,236,125,111,13,4,9,19,7,12,4,0,4,11,7,4,243,115,128,112,46,66,0,0,0,11,0,11,46,25,21,74,44,30,1,1,0
52597901,327,182,145,310,172,138,5,3,2,23,10,13,2,0,2,17,10,7,377,164,213,198,82,116,0,0,0,14,0,14,51,20,31,114,62,52,5,3,2
52616901,143,79,64,124,69,55,6,4,2,20,8,12,0,0,0,19,10,9,125,60,65,53,28,25,1,1,0,8,0,8,22,11,11,41,20,21,4,1,3
53072701,79,45,34,73,41,32,2,2,0,9,3,6,0,0,0,6,4,2,88,40,48,46,21,25,0,0,0,5,0,5,14,7,7,23,12,11,0,0,0
53072702,88,51,37,88,51,37,3,2,1,7,4,3,2,0,2,0,0,0,92,42,50,41,18,23,0,0,0,5,0,5,14,7,7,32,17,15,2,0,2
53072703,108,67,41,101,61,40,3,1,2,15,10,5,1,0,1,7,6,1,102,40,62,40,14,26,3,3,0,8,0,8,19,9,10,32,14,18,2,1,1
53072704,39,23,16,32,20,12,1,0,1,4,1,3,0,0,0,7,3,4,41,23,18,23,13,10,0,0,0,0,0,0,5,2,3,13,8,5,0,0,0
53289401,11,8,3,10,7,3,0,0,0,1,1,0,0,0,0,1,1,0,14,6,8,11,5,6,0,0,0,0,0,0,2,1,1,1,0,1,0,0,0
53289402,173,101,72,167,99,68,3,1,2,19,10,9,1,0,1,6,2,4,161,76,85,88,41,47,0,0,0,6,0,6,17,9,8,50,26,24,1,1,0
53368801,21,10,11,21,10,11,1,0,1,2,1,1,0,0,0,0,0,0,30,13,17,18,7,11,1,1,0,1,0,1,3,3,0,7,2,5,0,0,0
53368802,179,98,81,165,92,73,5,1,4,20,10,10,0,0,0,14,6,8,225,105,120,118,52,66,0,0,0,12,0,12,33,14,19,62,39,23,3,1,2
53492701,541,296,245,518,291,227,24,13,11,46,26,20,4,1,3,23,5,18,529,209,320,227,87,140,1,1,0,29,0,29,95,46,49,177,75,102,6,2,4
53553201,1227,686,541,1115,640,475,29,9,20,103,57,46,7,0,7,112,46,66,1262,537,725,724,284,440,6,1,5,37,1,36,177,87,90,318,164,154,33,25,8
53553203,43,24,19,41,23,18,0,0,0,6,2,4,0,0,0,2,1,1,46,19,27,22,7,15,0,0,0,3,0,3,9,6,3,12,6,6,0,0,0
53553204,26,14,12,18,10,8,0,0,0,4,3,1,0,0,0,8,4,4,42,14,28,10,4,6,0,0,0,1,0,1,11,2,9,20,8,12,5,1,4
53553205,15,8,7,13,8,5,0,0,0,2,0,2,0,0,0,2,0,2,13,9,4,6,4,2,0,0,0,0,0,0,3,2,1,4,3,1,1,0,1
53553206,29,17,12,26,16,10,0,0,0,2,2,0,0,0,0,3,1,2,40,18,22,21,11,10,0,0,0,1,0,1,3,1,2,15,6,9,0,0,0
53553207,15,8,7,12,7,5,0,0,0,1,1,0,0,0,0,3,1,2,22,8,14,9,4,5,0,0,0,3,0,3,9,3,6,1,1,0,0,0,0
53577001,161,97,64,157,96,61,3,2,1,13,5,8,0,0,0,4,1,3,181,81,100,93,44,49,0,0,0,8,0,8,24,11,13,56,26,30,0,0,0
53588501,197,111,86,188,108,80,10,2,8,18,13,5,1,0,1,9,3,6,211,87,124,92,40,52,1,1,0,12,0,12,40,13,27,66,33,33,5,1,4
53609101,395,221,174,370,204,166,13,5,8,36,19,17,3,0,3,25,17,8,367,175,192,184,83,101,1,1,0,8,0,8,56,33,23,118,58,60,3,3,0
53611301,43,30,13,42,30,12,2,1,1,6,3,3,0,0,0,1,0,1,42,22,20,27,15,12,0,0,0,0,0,0,2,0,2,13,7,6,4,3,1
53611303,19,11,8,16,9,7,0,0,0,2,1,1,0,0,0,3,2,1,22,11,11,17,8,9,0,0,0,1,0,1,2,2,0,2,1,1,0,0,0
53611304,26,16,10,25,16,9,1,1,0,3,2,1,0,0,0,1,0,1,22,8,14,13,5,8,0,0,0,0,0,0,4,0,4,5,3,2,1,0,1
53628801,320,187,133,312,183,129,7,2,5,26,19,7,3,0,3,8,4,4,343,136,207,200,64,136,0,0,0,9,0,9,50,29,21,84,43,41,2,0,2
53639301,94,53,41,94,53,41,5,4,1,10,3,7,2,0,2,0,0,0,73,28,45,29,11,18,0,0,0,4,0,4,14,8,6,26,9,17,1,0,1
53639302,172,101,71,167,100,67,6,3,3,16,8,8,3,0,3,5,1,4,183,76,107,90,41,49,0,0,0,12,0,12,43,20,23,38,15,23,3,3,0
53639303,75,40,35,74,39,35,5,2,3,2,0,2,0,0,0,1,1,0,67,36,31,28,14,14,0,0,0,2,0,2,14,9,5,23,13,10,1,0,1
1983580,0,0,0,0,0,0,0,0,0,0,0,0,0,0,0,0,0,0,0,0,0,0,0,0,0,0,0,0,0,0,0,0,0,0,0,0,0,0,0
53652101,34,21,13,31,20,11,0,0,0,8,4,4,0,0,0,3,1,2,34,18,16,17,8,9,0,0,0,0,0,0,4,3,1,13,7,6,0,0,0
53652102,24,13,11,20,12,8,0,0,0,4,1,3,0,0,0,4,1,3,19,6,13,7,2,5,0,0,0,2,0,2,6,2,4,4,2,2,0,0,0
53652103,38,20,18,37,20,17,0,0,0,2,1,1,0,0,0,1,0,1,46,23,23,28,15,13,0,0,0,3,0,3,9,6,3,6,2,4,0,0,0
53652104,90,53,37,83,50,33,5,4,1,12,6,6,1,0,1,7,3,4,71,29,42,41,19,22,0,0,0,3,0,3,13,3,10,14,7,7,0,0,0
53652105,188,106,82,156,89,67,5,1,4,26,11,15,0,0,0,32,17,15,212,102,110,110,53,57,0,0,0,10,0,10,37,18,19,55,31,24,9,9,0
53652106,75,43,32,61,35,26,4,1,3,5,3,2,0,0,0,14,8,6,74,30,44,33,11,22,0,0,0,3,0,3,14,9,5,24,10,14,6,2,4
53652109,59,40,19,57,38,19,0,0,0,12,10,2,0,0,0,2,2,0,64,23,41,41,15,26,0,0,0,3,0,3,7,2,5,13,6,7,1,1,0
53657101,215,127,88,196,113,83,2,0,2,23,15,8,0,0,0,19,14,5,260,114,146,157,67,90,1,0,1,10,0,10,34,16,18,58,31,27,5,3,2
53668701,252,138,114,241,132,109,9,4,5,15,9,6,0,0,0,11,6,5,204,82,122,101,41,60,0,0,0,12,0,12,39,20,19,52,21,31,3,1,2
53668702,60,37,23,59,37,22,2,1,1,2,1,1,2,0,2,1,0,1,61,24,37,37,15,22,0,0,0,3,0,3,12,5,7,9,4,5,2,1,1
53673301,328,183,145,317,178,139,15,8,7,36,18,18,1,0,1,11,5,6,330,160,170,168,74,94,0,0,0,14,1,13,44,26,18,104,59,45,8,5,3
53681401,14,8,6,14,8,6,0,0,0,1,1,0,0,0,0,0,0,0,9,6,3,4,2,2,0,0,0,0,0,0,1,1,0,4,3,1,0,0,0
53681402,144,71,73,140,70,70,9,1,8,12,7,5,0,0,0,4,1,3,131,64,67,50,22,28,0,0,0,9,0,9,22,10,12,50,32,18,1,1,0
53728401,306,169,137,301,164,137,7,3,4,30,17,13,4,0,4,5,5,0,307,147,160,150,68,82,1,1,0,12,0,12,36,16,20,108,62,46,2,1,1
53771301,612,342,270,592,333,259,12,4,8,42,23,19,6,0,6,20,9,11,602,266,336,286,112,174,0,0,0,29,0,29,117,69,48,170,85,85,7,1,6
53996101,249,145,104,241,138,103,3,1,2,10,5,5,1,0,1,8,7,1,267,130,137,133,58,75,0,0,0,12,0,12,43,29,14,79,43,36,1,0,1
53996102,82,43,39,80,43,37,2,1,1,4,3,1,0,0,0,2,0,2,77,31,46,43,17,26,1,0,1,4,0,4,13,6,7,16,8,8,2,1,1
53996103,13,7,6,11,6,5,0,0,0,4,2,2,0,0,0,2,1,1,10,4,6,8,4,4,0,0,0,1,0,1,1,0,1,0,0,0,0,0,0
53996104,1199,681,518,1130,645,485,30,12,18,96,52,44,8,1,7,69,36,33,1220,543,677,662,267,395,0,0,0,47,0,47,165,90,75,346,186,160,30,24,6
54016101,91,54,37,87,52,35,2,1,1,7,6,1,1,0,1,4,2,2,118,48,70,63,23,40,0,0,0,7,0,7,18,8,10,30,17,13,3,2,1
54016102,90,49,41,88,48,40,4,2,2,4,0,4,1,0,1,2,1,1,78,41,37,23,11,12,0,0,0,8,0,8,22,11,11,25,19,6,0,0,0
54019601,69,43,26,64,40,24,2,1,1,3,2,1,0,0,0,5,3,2,85,35,50,49,22,27,0,0,0,5,0,5,13,7,6,18,6,12,1,0,1
54019602,1273,705,568,1223,677,546,55,27,28,100,48,52,5,0,5,50,28,22,1231,532,699,701,274,427,0,0,0,45,0,45,141,81,60,344,177,167,12,6,6
54019603,99,55,44,95,53,42,6,2,4,5,2,3,0,0,0,4,2,2,88,40,48,41,17,24,0,0,0,6,0,6,16,8,8,25,15,10,0,0,0
54022601,71,38,33,71,38,33,1,0,1,7,5,2,2,0,2,0,0,0,103,41,62,67,27,40,0,0,0,3,0,3,11,7,4,22,7,15,0,0,0
54022603,50,29,21,47,27,20,2,0,2,9,6,3,0,0,0,3,2,1,67,32,35,43,22,21,0,0,0,3,0,3,7,3,4,14,7,7,0,0,0
54022604,229,126,103,211,118,93,7,3,4,19,5,14,0,0,0,18,8,10,241,100,141,150,61,89,0,0,0,10,0,10,32,18,14,49,21,28,12,11,1
54022606,177,104,73,166,95,71,10,3,7,19,12,7,0,0,0,11,9,2,180,82,98,129,52,77,0,0,0,2,0,2,15,6,9,34,24,10,2,1,1
54022607,137,81,56,129,76,53,3,1,2,14,9,5,0,0,0,8,5,3,130,56,74,81,33,48,0,0,0,2,0,2,10,5,5,37,18,19,1,0,1
54023401,270,163,107,257,156,101,8,5,3,21,11,10,1,0,1,13,7,6,257,115,142,147,60,87,2,2,0,12,0,12,44,28,16,52,25,27,6,4,2
54023402,100,56,44,98,55,43,6,3,3,3,2,1,2,0,2,2,1,1,102,40,62,47,20,27,0,0,0,6,0,6,17,8,9,32,12,20,0,0,0
54023403,45,23,22,44,22,22,4,1,3,2,1,1,1,0,1,1,1,0,30,16,14,19,8,11,0,0,0,0,0,0,4,3,1,7,5,2,0,0,0
54033101,71,42,29,60,39,21,0,0,0,6,4,2,0,0,0,11,3,8,89,38,51,39,17,22,0,0,0,2,0,2,15,8,7,33,13,20,2,0,2
54033102,17,11,6,17,11,6,2,1,1,4,4,0,0,0,0,0,0,0,22,11,11,16,8,8,0,0,0,0,0,0,0,0,0,6,3,3,0,0,0
54033104,50,27,23,42,25,17,1,1,0,8,5,3,0,0,0,8,2,6,56,27,29,33,15,18,0,0,0,2,0,2,9,6,3,12,6,6,1,1,0
54033106,41,25,16,37,22,15,2,0,2,6,3,3,0,0,0,4,3,1,34,14,20,19,7,12,0,0,0,1,0,1,5,3,2,9,4,5,3,1,2
54033108,17,10,7,14,8,6,1,0,1,1,0,1,0,0,0,3,2,1,15,8,7,9,5,4,0,0,0,0,0,0,1,0,1,5,3,2,2,1,1
54033109,43,22,21,37,19,18,2,1,1,1,1,0,0,0,0,6,3,3,50,25,25,23,11,12,0,0,0,1,0,1,7,3,4,19,11,8,2,0,2
54036601,13,8,5,11,8,3,0,0,0,1,1,0,0,0,0,2,0,2,12,6,6,7,2,5,0,0,0,1,0,1,3,3,0,1,1,0,1,1,0
54036603,193,115,78,180,109,71,8,4,4,16,12,4,1,0,1,13,6,7,170,81,89,64,32,32,0,0,0,13,0,13,37,21,16,56,28,28,3,3,0
54047101,72,41,31,70,40,30,2,1,1,12,6,6,0,0,0,2,1,1,83,41,42,39,16,23,0,0,0,1,0,1,9,6,3,34,19,15,2,1,1
54047102,69,44,25,67,44,23,2,1,1,6,2,4,0,0,0,2,0,2,64,26,38,32,14,18,0,0,0,4,0,4,5,1,4,23,11,12,1,0,1
54047103,112,62,50,110,62,48,7,3,4,7,3,4,1,0,1,2,0,2,100,39,61,48,21,27,0,0,0,9,0,9,23,9,14,20,9,11,0,0,0
54047104,24,13,11,21,12,9,0,0,0,0,0,0,2,0,2,3,1,2,20,9,11,2,1,1,0,0,0,2,0,2,6,5,1,10,3,7,0,0,0
54047105,184,100,84,170,95,75,6,1,5,14,5,9,2,0,2,14,5,9,162,71,91,86,37,49,0,0,0,7,0,7,26,13,13,43,21,22,0,0,0
54047106,74,42,32,70,40,30,6,3,3,1,1,0,0,0,0,4,2,2,79,40,39,42,19,23,0,0,0,2,0,2,7,4,3,28,17,11,1,1,0
54047107,76,43,33,69,41,28,4,3,1,8,2,6,1,0,1,7,2,5,75,37,38,35,18,17,0,0,0,5,1,4,18,7,11,17,11,6,0,0,0
54047109,12,8,4,12,8,4,0,0,0,1,1,0,0,0,0,0,0,0,13,5,8,3,2,1,0,0,0,1,0,1,1,0,1,8,3,5,0,0,0
54047110,109,62,47,103,59,44,6,3,3,10,5,5,1,0,1,6,3,3,91,41,50,36,16,20,0,0,0,4,0,4,16,6,10,35,19,16,1,0,1
54047111,65,35,30,60,34,26,2,1,1,5,3,2,1,0,1,5,1,4,60,28,32,19,8,11,0,0,0,6,0,6,14,8,6,21,12,9,0,0,0
54047112,25,13,12,24,12,12,2,2,0,0,0,0,0,0,0,1,1,0,11,6,5,0,0,0,0,0,0,0,0,0,2,1,1,9,5,4,0,0,0
54047113,264,146,118,255,144,111,15,10,5,27,16,11,2,0,2,9,2,7,288,133,155,161,72,89,1,1,0,13,0,13,40,20,20,73,40,33,0,0,0
54047114,1038,572,466,1001,554,447,51,33,18,66,29,37,8,0,8,37,18,19,880,368,512,428,158,270,5,4,1,46,0,46,153,83,70,248,123,125,5,2,3
54047116,2031,1083,948,1929,1030,899,73,42,31,152,60,92,26,0,26,102,53,49,1873,771,1102,1028,395,633,3,1,2,88,0,88,295,155,140,459,220,239,24,14,10
54047117,178,88,90,165,83,82,6,2,4,21,6,15,1,1,0,13,5,8,135,61,74,73,31,42,0,0,0,7,0,7,24,12,12,31,18,13,0,0,0
54047118,24,16,8,23,16,7,0,0,0,2,0,2,0,0,0,1,0,1,11,6,5,4,2,2,0,0,0,1,0,1,5,4,1,1,0,1,0,0,0
54047120,412,247,165,383,226,157,13,5,8,20,9,11,0,0,0,29,21,8,328,154,174,143,61,82,2,1,1,17,0,17,64,40,24,102,52,50,21,11,10
54047121,25,16,9,25,16,9,0,0,0,2,2,0,0,0,0,0,0,0,18,10,8,4,3,1,0,0,0,2,0,2,6,4,2,6,3,3,1,0,1
54048001,75,43,32,68,39,29,1,1,0,6,2,4,0,0,0,7,4,3,60,24,36,34,12,22,0,0,0,3,0,3,8,4,4,15,8,7,3,0,3
54048002,27,16,11,27,16,11,0,0,0,2,1,1,0,0,0,0,0,0,30,13,17,23,10,13,0,0,0,0,0,0,1,0,1,6,3,3,0,0,0
54048003,529,294,235,508,285,223,15,6,9,44,21,23,3,0,3,21,9,12,511,226,285,248,105,143,2,1,1,27,0,27,79,41,38,155,79,76,5,3,2
54050101,122,71,51,120,69,51,7,2,5,8,5,3,0,0,0,2,2,0,103,44,59,47,14,33,0,0,0,3,0,3,10,2,8,43,28,15,0,0,0
54050102,99,61,38,96,60,36,1,1,0,10,3,7,1,0,1,3,1,2,113,49,64,57,24,33,0,0,0,6,0,6,22,11,11,28,14,14,2,1,1
54050103,1550,861,689,1494,824,670,66,37,29,109,58,51,11,0,11,56,37,19,1403,655,748,494,208,286,3,2,1,59,1,58,265,135,130,582,309,273,22,16,6
54050104,32,19,13,30,18,12,0,0,0,5,2,3,0,0,0,2,1,1,20,10,10,13,6,7,0,0,0,1,0,1,3,2,1,3,2,1,1,1,0
54051001,101,56,45,95,52,43,4,1,3,8,5,3,0,0,0,6,4,2,114,47,67,61,21,40,0,0,0,5,0,5,12,7,5,36,19,17,0,0,0
54051002,372,196,176,361,190,171,15,4,11,32,13,19,5,0,5,11,6,5,430,219,211,240,132,108,0,0,0,15,0,15,60,35,25,115,52,63,6,5,1
54054401,54,31,23,50,29,21,2,1,1,4,1,3,0,0,0,4,2,2,56,27,29,43,19,24,0,0,0,0,0,0,4,3,1,9,5,4,0,0,0
54054402,122,72,50,115,68,47,4,3,1,7,4,3,1,0,1,7,4,3,120,53,67,59,22,37,1,1,0,5,0,5,15,7,8,40,23,17,0,0,0
54054403,39,24,15,36,23,13,2,1,1,8,5,3,1,0,1,3,1,2,47,20,27,30,15,15,1,1,0,1,0,1,6,3,3,9,1,8,0,0,0
54054404,295,160,135,274,147,127,7,3,4,22,10,12,1,0,1,21,13,8,294,131,163,174,73,101,0,0,0,10,0,10,38,19,19,72,39,33,3,3,0
54054405,66,34,32,61,32,29,0,0,0,4,2,2,1,1,0,5,2,3,64,25,39,31,11,20,0,0,0,3,0,3,6,4,2,24,10,14,0,0,0
54054406,52,31,21,52,31,21,0,0,0,4,2,2,0,0,0,0,0,0,59,27,32,38,18,20,0,0,0,2,0,2,4,0,4,15,9,6,0,0,0
54059501,170,99,71,164,96,68,5,3,2,19,13,6,3,0,3,6,3,3,160,71,89,79,27,52,1,1,0,10,0,10,26,17,9,44,26,18,1,1,0
54060901,45,27,18,39,25,14,1,1,0,1,1,0,0,0,0,6,2,4,45,18,27,20,8,12,0,0,0,3,0,3,8,3,5,14,7,7,0,0,0
54060902,42,20,22,41,20,21,2,0,2,3,1,2,0,0,0,1,0,1,34,14,20,17,7,10,1,0,1,0,0,0,1,1,0,15,6,9,0,0,0
54060903,114,69,45,111,68,43,3,1,2,7,3,4,0,0,0,3,1,2,119,50,69,46,20,26,0,0,0,14,0,14,32,17,15,27,13,14,2,0,2
54060904,35,19,16,34,18,16,0,0,0,1,1,0,0,0,0,1,1,0,43,18,25,21,10,11,0,0,0,1,0,1,8,3,5,13,5,8,0,0,0
54060905,43,23,20,38,21,17,0,0,0,2,1,1,0,0,0,5,2,3,49,26,23,25,14,11,2,1,1,3,0,3,8,6,2,11,5,6,0,0,0
54060907,50,30,20,47,29,18,1,0,1,3,1,2,1,0,1,3,1,2,31,16,15,11,4,7,0,0,0,1,0,1,7,4,3,12,8,4,0,0,0
54065001,46,27,19,44,26,18,0,0,0,2,2,0,0,0,0,2,1,1,56,24,32,26,11,15,0,0,0,3,0,3,14,5,9,13,8,5,1,0,1
54065002,268,146,122,253,142,111,6,2,4,21,8,13,2,0,2,15,4,11,300,124,176,144,57,87,0,0,0,11,0,11,47,19,28,98,48,50,6,5,1
54073101,108,63,45,101,59,42,1,0,1,9,6,3,0,0,0,7,4,3,97,46,51,51,25,26,0,0,0,4,0,4,10,5,5,32,16,16,0,0,0
54077301,1387,744,643,1333,717,616,53,17,36,141,83,58,4,0,4,54,27,27,1419,602,817,743,307,436,3,1,2,67,0,67,212,101,111,394,193,201,26,15,11
54085401,250,134,116,238,128,110,12,5,7,23,11,12,3,1,2,12,6,6,234,100,134,112,53,59,1,0,1,12,0,12,41,19,22,68,28,40,5,4,1
54086201,1467,794,673,1403,761,642,55,31,24,150,84,66,9,0,9,64,33,31,1497,682,815,742,320,422,1,1,0,57,0,57,214,115,99,483,246,237,38,25,13
54086202,22,13,9,22,13,9,0,0,0,5,5,0,0,0,0,0,0,0,21,10,11,6,4,2,0,0,0,1,0,1,3,1,2,11,5,6,1,0,1
54087101,58,29,29,55,27,28,2,1,1,6,2,4,2,0,2,3,2,1,69,26,43,36,15,21,0,0,0,2,0,2,15,8,7,16,3,13,2,1,1
54087102,29,23,6,26,20,6,0,0,0,1,1,0,0,0,0,3,3,0,36,14,22,25,9,16,0,0,0,1,0,1,4,3,1,6,2,4,1,1,0
54087103,203,115,88,193,110,83,4,1,3,15,7,8,2,0,2,10,5,5,182,90,92,93,42,51,0,0,0,6,0,6,33,20,13,50,28,22,4,2,2
54091901,383,210,173,362,201,161,18,7,11,24,14,10,4,0,4,21,9,12,384,167,217,165,68,97,1,0,1,16,0,16,60,33,27,142,66,76,3,0,3
54097801,54,32,22,49,30,19,1,1,0,4,2,2,1,0,1,5,2,3,60,31,29,31,15,16,0,0,0,3,0,3,7,3,4,19,13,6,0,0,0
54097802,52,31,21,50,30,20,1,0,1,6,3,3,0,0,0,2,1,1,44,18,26,25,10,15,0,0,0,0,0,0,3,3,0,16,5,11,0,0,0
54097803,316,176,140,305,168,137,10,5,5,18,9,9,3,0,3,11,8,3,352,155,197,183,72,111,1,0,1,16,0,16,45,29,16,107,54,53,3,1,2
54097804,13,7,6,13,7,6,0,0,0,0,0,0,0,0,0,0,0,0,23,14,9,16,8,8,0,0,0,0,0,0,0,0,0,7,6,1,0,0,0
54097805,180,94,86,170,89,81,3,1,2,10,4,6,2,0,2,10,5,5,198,89,109,109,52,57,0,0,0,5,0,5,24,11,13,60,26,34,1,1,0
54097806,509,283,226,492,276,216,21,8,13,52,23,29,4,0,4,17,7,10,504,226,278,237,107,130,2,0,2,14,0,14,76,34,42,175,85,90,12,8,4
54097807,36,18,18,35,17,18,1,0,1,2,1,1,0,0,0,1,1,0,42,22,20,18,10,8,2,2,0,0,0,0,9,4,5,13,6,7,0,0,0
54098602,52,34,18,46,28,18,1,1,0,10,4,6,0,0,0,6,6,0,43,16,27,28,9,19,0,0,0,2,0,2,5,3,2,8,4,4,0,0,0
54098603,451,256,195,416,240,176,19,9,10,63,38,25,2,0,2,35,16,19,533,227,306,309,121,188,0,0,0,25,0,25,68,37,31,131,69,62,11,6,5
1545390,0,0,0,0,0,0,0,0,0,0,0,0,0,0,0,0,0,0,0,0,0,0,0,0,0,0,0,0,0,0,0,0,0,0,0,0,0,0,0
54107902,37,23,14,35,22,13,1,1,0,4,3,1,0,0,0,2,1,1,23,9,14,16,7,9,0,0,0,0,0,0,2,1,1,5,1,4,0,0,0
54107903,27,18,9,27,18,9,0,0,0,4,3,1,0,0,0,0,0,0,24,13,11,20,10,10,0,0,0,0,0,0,2,2,0,2,1,1,0,0,0
54107904,661,363,298,584,319,265,17,6,11,67,29,38,4,0,4,77,44,33,671,296,375,376,165,211,2,0,2,29,0,29,98,51,47,166,80,86,19,14,5
54107905,11,6,5,11,6,5,1,0,1,2,1,1,0,0,0,0,0,0,10,5,5,2,0,2,0,0,0,1,0,1,3,2,1,4,3,1,0,0,0
54107908,19,12,7,16,10,6,1,0,1,3,2,1,0,0,0,3,2,1,22,11,11,14,8,6,0,0,0,1,0,1,2,0,2,5,3,2,2,2,0
54107909,18,14,4,16,12,4,1,1,0,7,5,2,0,0,0,2,2,0,19,10,9,12,6,6,1,0,1,0,0,0,2,1,1,4,3,1,0,0,0
54110901,563,318,245,537,301,236,19,8,11,50,21,29,5,0,5,26,17,9,553,245,308,280,110,170,2,1,1,26,0,26,99,48,51,146,86,60,11,3,8
54112501,191,109,82,183,103,80,3,2,1,11,7,4,1,0,1,8,6,2,201,87,114,106,48,58,0,0,0,13,0,13,31,16,15,51,23,28,0,0,0
54116801,38,24,14,34,22,12,0,0,0,6,4,2,0,0,0,4,2,2,32,12,20,16,6,10,0,0,0,1,0,1,3,3,0,12,3,9,2,1,1
54116802,43,27,16,40,25,15,0,0,0,2,2,0,0,0,0,3,2,1,49,21,28,33,12,21,0,0,0,0,0,0,5,3,2,11,6,5,0,0,0
54116803,735,409,326,698,387,311,18,7,11,57,30,27,6,0,6,37,22,15,759,347,412,386,164,222,0,0,0,36,0,36,123,66,57,214,117,97,20,10,10
54116806,68,40,28,66,39,27,0,0,0,2,1,1,1,0,1,2,1,1,65,32,33,26,14,12,0,0,0,4,0,4,13,7,6,22,11,11,1,0,1
54116807,57,29,28,55,29,26,0,0,0,1,1,0,0,0,0,2,0,2,44,21,23,14,8,6,0,0,0,2,0,2,7,4,3,21,9,12,0,0,0
54122201,19,12,7,19,12,7,0,0,0,0,0,0,1,0,1,0,0,0,18,5,13,11,3,8,0,0,0,1,0,1,4,2,2,2,0,2,0,0,0
54122202,25,14,11,25,14,11,3,1,2,0,0,0,0,0,0,0,0,0,10,2,8,7,2,5,0,0,0,0,0,0,0,0,0,3,0,3,0,0,0
54122203,49,29,20,45,28,17,3,2,1,5,1,4,1,0,1,4,1,3,33,17,16,15,4,11,0,0,0,1,0,1,5,5,0,12,8,4,0,0,0
54122204,492,270,222,474,263,211,23,9,14,26,14,12,3,0,3,18,7,11,433,186,247,212,87,125,0,0,0,24,0,24,74,38,36,123,61,62,8,5,3
1983660,0,0,0,0,0,0,0,0,0,0,0,0,0,0,0,0,0,0,0,0,0,0,0,0,0,0,0,0,0,0,0,0,0,0,0,0,0,0,0
54126501,40,24,16,37,21,16,1,0,1,0,0,0,1,0,1,3,3,0,39,17,22,25,11,14,0,0,0,1,0,1,3,1,2,10,5,5,0,0,0
54126502,89,47,42,79,44,35,3,1,2,6,1,5,0,0,0,10,3,7,81,37,44,38,17,21,0,0,0,4,0,4,15,8,7,24,12,12,0,0,0
54126503,14,9,5,14,9,5,0,0,0,2,2,0,0,0,0,0,0,0,21,11,10,7,2,5,0,0,0,2,0,2,6,5,1,6,4,2,0,0,0
54126504,997,569,428,953,549,404,25,8,17,113,66,47,9,1,8,44,20,24,1059,436,623,645,264,381,3,0,3,33,1,32,125,55,70,253,116,137,21,13,8
54126505,13,9,4,13,9,4,0,0,0,0,0,0,0,0,0,0,0,0,12,7,5,6,4,2,0,0,0,0,0,0,2,1,1,4,2,2,3,2,1
54126506,47,30,17,45,30,15,1,0,1,6,3,3,1,0,1,2,0,2,41,17,24,29,13,16,0,0,0,2,0,2,9,4,5,1,0,1,1,0,1
1894990,0,0,0,0,0,0,0,0,0,0,0,0,0,0,0,0,0,0,0,0,0,0,0,0,0,0,0,0,0,0,0,0,0,0,0,0,0,0,0
54135401,91,57,34,90,56,34,8,4,4,7,6,1,1,0,1,1,1,0,110,49,61,55,22,33,0,0,0,5,0,5,16,10,6,34,17,17,2,1,1
54135402,20,13,7,18,11,7,0,0,0,4,3,1,0,0,0,2,2,0,17,10,7,13,7,6,0,0,0,1,0,1,2,2,0,1,1,0,0,0,0
54135403,33,20,13,32,19,13,1,0,1,2,2,0,0,0,0,1,1,0,33,14,19,18,7,11,0,0,0,0,0,0,3,1,2,12,6,6,0,0,0
54135404,99,51,48,94,48,46,5,0,5,14,7,7,2,0,2,5,3,2,92,45,47,43,17,26,0,0,0,1,0,1,11,7,4,37,21,16,0,0,0
54135405,140,75,65,133,72,61,2,0,2,14,8,6,1,0,1,7,3,4,141,69,72,60,30,30,0,0,0,7,0,7,33,15,18,41,24,17,2,2,0
54135406,131,71,60,128,70,58,5,3,2,12,9,3,0,0,0,3,1,2,314,107,207,240,68,172,0,0,0,5,1,4,21,12,9,48,26,22,2,0,2
54135407,1316,684,632,1261,661,600,53,28,25,150,71,79,5,0,5,55,23,32,1431,585,846,845,329,516,3,3,0,58,0,58,191,94,97,334,159,175,7,5,2
54135409,477,234,243,450,222,228,17,7,10,60,27,33,2,0,2,27,12,15,518,183,335,310,99,211,0,0,0,21,0,21,67,32,35,120,52,68,2,1,1
54135410,709,396,313,635,350,285,24,10,14,66,30,36,8,0,8,74,46,28,579,241,338,251,97,154,2,2,0,25,0,25,117,50,67,184,92,92,57,40,17
54135411,472,268,204,441,252,189,20,12,8,37,20,17,4,0,4,31,16,15,492,214,278,267,102,165,3,1,2,22,0,22,66,32,34,134,79,55,4,2,2
54135412,242,138,104,217,124,93,3,2,1,21,12,9,1,0,1,25,14,11,171,84,87,67,34,33,1,1,0,8,0,8,43,24,19,52,25,27,4,3,1
54135413,706,384,322,669,362,307,19,3,16,58,24,34,1,0,1,37,22,15,633,265,368,245,107,138,0,0,0,43,0,43,125,55,70,220,103,117,7,4,3
54135414,50,31,19,50,31,19,2,0,2,4,3,1,0,0,0,0,0,0,53,26,27,17,7,10,1,1,0,5,0,5,11,6,5,19,12,7,2,2,0
54135415,278,154,124,269,150,119,9,2,7,33,22,11,2,0,2,9,4,5,233,100,133,128,46,82,1,0,1,3,0,3,22,12,10,79,42,37,2,1,1
54135417,239,128,111,234,124,110,10,3,7,31,15,16,2,0,2,5,4,1,256,117,139,109,50,59,0,0,0,15,0,15,52,31,21,80,36,44,0,0,0
54135418,427,240,187,409,230,179,17,7,10,27,17,10,2,0,2,18,10,8,401,174,227,199,77,122,0,0,0,17,0,17,60,27,33,125,70,55,6,3,3
54135419,448,239,209,425,229,196,10,4,6,45,24,21,3,0,3,23,10,13,552,250,302,312,140,172,2,1,1,16,0,16,75,37,38,147,72,75,5,3,2
54135420,49,29,20,47,27,20,2,1,1,9,6,3,0,0,0,2,2,0,31,9,22,12,4,8,0,0,0,1,0,1,5,2,3,13,3,10,0,0,0
54135422,732,371,361,682,349,333,26,12,14,62,23,39,6,0,6,50,22,28,651,264,387,335,124,211,0,0,0,36,0,36,120,62,58,160,78,82,10,4,6
54147801,413,236,177,401,228,173,18,7,11,33,24,9,1,0,1,12,8,4,383,154,229,179,65,114,0,0,0,17,0,17,55,19,36,132,70,62,2,0,2
55319101,35,23,12,32,22,10,1,0,1,1,1,0,0,0,0,3,1,2,43,22,21,24,13,11,0,0,0,4,0,4,8,5,3,7,4,3,0,0,0
55321201,23,14,9,21,12,9,0,0,0,2,0,2,0,0,0,2,2,0,13,3,10,7,3,4,0,0,0,0,0,0,1,0,1,5,0,5,1,0,1
55322102,322,182,140,307,171,136,9,7,2,29,10,19,1,0,1,15,11,4,314,135,179,137,61,76,1,0,1,17,0,17,49,24,25,110,50,60,1,1,0
55324701,121,76,45,106,69,37,1,1,0,11,5,6,1,0,1,15,7,8,134,66,68,49,21,28,0,0,0,4,0,4,26,14,12,55,31,24,6,5,1
55324702,10,4,6,8,2,6,0,0,0,2,0,2,0,0,0,2,2,0,11,6,5,9,5,4,0,0,0,0,0,0,0,0,0,2,1,1,0,0,0
55333601,206,127,79,202,124,78,4,1,3,12,8,4,3,0,3,4,3,1,188,78,110,80,29,51,0,0,0,15,0,15,42,25,17,51,24,27,0,0,0
55334401,98,58,40,88,54,34,1,1,0,12,6,6,1,0,1,10,4,6,107,52,55,44,18,26,0,0,0,5,0,5,18,10,8,40,24,16,1,0,1
55335201,146,80,66,141,77,64,6,2,4,10,3,7,0,0,0,5,3,2,151,61,90,76,27,49,1,1,0,9,0,9,33,17,16,32,16,16,3,2,1
55337901,491,264,227,473,253,220,19,7,12,54,25,29,2,0,2,18,11,7,505,217,288,245,107,138,2,1,1,22,0,22,74,29,45,162,80,82,5,2,3
55337902,59,32,27,57,32,25,1,0,1,2,2,0,0,0,0,2,0,2,47,20,27,14,3,11,0,0,0,2,0,2,8,6,2,23,11,12,0,0,0
55337903,102,55,47,100,54,46,5,2,3,15,7,8,0,0,0,2,1,1,104,41,63,71,29,42,0,0,0,2,0,2,7,3,4,24,9,15,1,1,0
55338701,72,40,32,71,40,31,4,1,3,8,4,4,0,0,0,1,0,1,76,33,43,20,9,11,1,1,0,6,0,6,16,6,10,33,17,16,0,0,0
55338702,16,9,7,14,8,6,0,0,0,2,1,1,0,0,0,2,1,1,16,8,8,7,3,4,0,0,0,1,0,1,4,2,2,4,3,1,0,0,0
55339501,83,47,36,76,43,33,4,2,2,11,5,6,0,0,0,7,4,3,77,34,43,40,19,21,0,0,0,2,0,2,11,6,5,24,9,15,4,2,2
55347601,63,33,30,62,33,29,4,1,3,4,1,3,0,0,0,1,0,1,64,26,38,29,9,20,0,0,0,3,0,3,14,9,5,18,8,10,1,0,1
55347602,156,86,70,146,82,64,7,2,5,8,7,1,2,0,2,10,4,6,147,63,84,75,32,43,0,0,0,3,0,3,26,10,16,43,21,22,0,0,0
55347603,127,69,58,122,65,57,3,1,2,4,2,2,1,0,1,5,4,1,94,44,50,34,15,19,0,0,0,6,0,6,20,12,8,34,17,17,2,2,0
55414601,104,60,44,95,55,40,2,1,1,16,7,9,1,0,1,9,5,4,94,40,54,43,22,21,0,0,0,3,0,3,17,5,12,31,13,18,2,2,0
56930501,248,141,107,237,135,102,6,2,4,20,11,9,6,1,5,11,6,5,294,124,170,144,62,82,1,1,0,14,0,14,54,23,31,81,38,43,3,2,1
56937201,89,57,32,86,55,31,1,0,1,1,0,1,0,0,0,3,2,1,75,30,45,41,17,24,0,0,0,8,0,8,18,9,9,8,4,4,0,0,0
56938102,387,314,73,382,310,72,6,3,3,15,5,10,2,0,2,5,4,1,326,248,78,79,36,43,0,0,0,6,0,6,205,195,10,36,17,19,4,3,1
56938103,28,11,17,27,11,16,2,1,1,1,0,1,0,0,0,1,0,1,14,8,6,9,6,3,0,0,0,0,0,0,1,1,0,4,1,3,1,1,0
56943701,305,171,134,286,160,126,11,7,4,32,12,20,1,0,1,19,11,8,293,133,160,143,62,81,1,0,1,11,0,11,41,19,22,97,52,45,6,2,4
56943702,17,10,7,17,10,7,1,1,0,3,2,1,0,0,0,0,0,0,8,4,4,2,1,1,0,0,0,1,0,1,1,1,0,4,2,2,0,0,0
56944501,1071,572,499,1038,554,484,42,18,24,113,55,58,6,0,6,33,18,15,1091,486,605,501,213,288,2,1,1,46,0,46,171,84,87,371,188,183,15,9,6
57009501,124,70,54,123,69,54,3,1,2,15,8,7,1,0,1,1,1,0,120,50,70,46,21,25,0,0,0,6,0,6,23,10,13,45,19,26,3,2,1
57011701,14,8,6,13,8,5,0,0,0,3,1,2,0,0,0,1,0,1,12,7,5,5,1,4,0,0,0,0,0,0,4,3,1,3,3,0,0,0,0
57014102,149,87,62,145,84,61,5,3,2,6,3,3,0,0,0,4,3,1,188,79,109,93,41,52,0,0,0,8,0,8,26,11,15,61,27,34,2,2,0
57028101,66,41,25,62,39,23,1,1,0,5,1,4,0,0,0,4,2,2,61,25,36,30,12,18,0,0,0,3,0,3,8,2,6,20,11,9,0,0,0
57033801,98,53,45,95,51,44,3,0,3,7,4,3,2,0,2,3,2,1,110,54,56,54,27,27,0,0,0,5,0,5,13,8,5,38,19,19,1,0,1
50673701,458,251,207,443,244,199,15,8,7,66,33,33,2,0,2,15,7,8,536,216,320,321,116,205,0,0,0,20,0,20,61,23,38,134,77,57,3,1,2
50673702,38,18,20,35,17,18,2,1,1,11,5,6,0,0,0,3,1,2,41,17,24,19,8,11,0,0,0,1,0,1,4,0,4,17,9,8,0,0,0
50673703,244,141,103,230,138,92,7,6,1,29,16,13,1,0,1,14,3,11,209,93,116,119,57,62,0,0,0,9,0,9,35,18,17,46,18,28,10,7,3
54231801,102,60,42,99,58,41,3,1,2,8,4,4,3,0,3,3,2,1,91,37,54,41,13,28,0,0,0,7,0,7,24,18,6,19,6,13,4,1,3
54234201,31,18,13,29,17,12,2,0,2,2,1,1,0,0,0,2,1,1,42,24,18,18,8,10,0,0,0,2,0,2,5,5,0,17,11,6,2,1,1
54239301,98,52,46,95,51,44,6,2,4,16,8,8,0,0,0,3,1,2,92,45,47,58,29,29,0,0,0,1,0,1,7,4,3,26,12,14,0,0,0
54969001,101,56,45,95,53,42,2,0,2,5,3,2,1,0,1,6,3,3,97,48,49,44,21,23,0,0,0,2,0,2,11,5,6,40,22,18,2,1,1
54972001,482,269,213,471,265,206,15,8,7,43,27,16,6,0,6,11,4,7,474,202,272,199,83,116,1,1,0,28,1,27,95,44,51,151,73,78,6,3,3
55390501,135,76,59,129,73,56,3,2,1,15,7,8,1,0,1,6,3,3,131,57,74,65,25,40,1,1,0,6,0,6,21,10,11,38,21,17,2,2,0
55718801,180,103,77,163,91,72,8,4,4,17,7,10,2,0,2,17,12,5,168,74,94,77,34,43,0,0,0,10,0,10,35,16,19,46,24,22,4,3,1
58725701,76,44,32,73,44,29,3,1,2,7,5,2,0,0,0,3,0,3,61,31,30,31,15,16,1,1,0,2,0,2,12,8,4,15,7,8,0,0,0
58735401,121,61,60,117,61,56,3,1,2,15,7,8,2,0,2,4,0,4,114,58,56,52,26,26,0,0,0,5,0,5,20,10,10,37,22,15,2,0,2
58739701,105,59,46,101,57,44,1,0,1,11,7,4,0,0,0,4,2,2,146,71,75,89,36,53,0,0,0,4,0,4,22,15,7,31,20,11,8,4,4
0040312,0,0,0,0,0,0,0,0,0,0,0,0,0,0,0,0,0,0,0,0,0,0,0,0,0,0,0,0,0,0,0,0,0,0,0,0,0,0,0
0748960,0,0,0,0,0,0,0,0,0,0,0,0,0,0,0,0,0,0,0,0,0,0,0,0,0,0,0,0,0,0,0,0,0,0,0,0,0,0,0
0749690,0,0,0,0,0,0,0,0,0,0,0,0,0,0,0,0,0,0,0,0,0,0,0,0,0,0,0,0,0,0,0,0,0,0,0,0,0,0,0
0749932,0,0,0,0,0,0,0,0,0,0,0,0,0,0,0,0,0,0,0,0,0,0,0,0,0,0,0,0,0,0,0,0,0,0,0,0,0,0,0
58829601,176,93,83,169,88,81,16,5,11,13,6,7,1,0,1,7,5,2,146,69,77,62,29,33,1,1,0,7,0,7,32,18,14,44,21,23,1,0,1
58829602,115,62,53,109,58,51,2,1,1,11,6,5,0,0,0,6,4,2,111,52,59,52,25,27,0,0,0,4,0,4,19,13,6,36,14,22,0,0,0
58829603,81,43,38,79,43,36,8,5,3,7,4,3,0,0,0,2,0,2,74,44,30,37,19,18,0,0,0,3,0,3,11,8,3,23,17,6,0,0,0
58829604,531,274,257,517,268,249,27,9,18,58,27,31,4,0,4,14,6,8,643,264,379,352,129,223,0,0,0,25,0,25,92,45,47,174,90,84,0,0,0
58829605,126,69,57,122,67,55,6,1,5,10,7,3,2,0,2,4,2,2,95,45,50,47,21,26,0,0,0,1,0,1,16,8,8,31,16,15,0,0,0
58829606,189,103,86,187,101,86,6,0,6,30,13,17,1,0,1,2,2,0,173,78,95,77,30,47,0,0,0,7,0,7,34,16,18,55,32,23,2,2,0
58829607,122,71,51,110,63,47,2,2,0,17,12,5,0,0,0,12,8,4,110,44,66,44,18,26,1,0,1,5,0,5,20,11,9,40,15,25,2,1,1
58829608,221,129,92,213,126,87,6,4,2,30,19,11,1,0,1,8,3,5,197,84,113,78,36,42,0,0,0,12,0,12,40,16,24,67,32,35,1,1,0
58829609,226,127,99,223,126,97,10,5,5,19,12,7,1,0,1,3,1,2,199,92,107,77,32,45,0,0,0,8,0,8,38,23,15,76,37,39,2,1,1
58829610,89,50,39,87,50,37,4,2,2,9,4,5,0,0,0,2,0,2,85,34,51,31,14,17,0,0,0,5,0,5,14,5,9,35,15,20,0,0,0
58829611,73,42,31,72,41,31,2,0,2,2,2,0,1,0,1,1,1,0,73,30,43,39,16,23,0,0,0,2,0,2,9,4,5,23,10,13,2,2,0
58829612,1607,842,765,1524,803,721,62,28,34,187,95,92,14,1,13,83,39,44,1609,628,981,837,293,544,5,3,2,69,2,67,254,120,134,444,210,234,18,7,11
58829613,1191,612,579,1142,584,558,47,26,21,202,101,101,5,0,5,49,28,21,1432,583,849,896,330,566,4,2,2,35,0,35,155,76,79,342,175,167,11,3,8
58829614,35,17,18,35,17,18,1,0,1,7,5,2,0,0,0,0,0,0,24,9,15,9,5,4,0,0,0,1,0,1,5,2,3,9,2,7,0,0,0
58829616,124,67,57,121,64,57,3,1,2,12,7,5,1,0,1,3,3,0,112,50,62,53,21,32,1,0,1,3,0,3,16,10,6,39,19,20,1,1,0
58829617,176,97,79,173,95,78,10,3,7,17,10,7,3,0,3,3,2,1,193,91,102,105,49,56,1,0,1,8,0,8,26,16,10,53,26,27,3,0,3
58829618,1433,747,686,1387,726,661,65,31,34,145,71,74,8,0,8,46,21,25,1114,495,619,445,185,260,3,0,3,63,0,63,205,104,101,398,206,192,12,6,6
58829619,420,199,221,401,194,207,19,7,12,62,30,32,4,0,4,19,5,14,307,142,165,107,48,59,1,0,1,15,2,13,65,27,38,119,65,54,5,3,2
58829620,1161,649,512,1106,620,486,42,25,17,129,60,69,6,0,6,55,29,26,962,395,567,459,169,290,5,5,0,48,0,48,166,86,80,284,135,149,87,66,21
58829621,551,270,281,533,263,270,29,11,18,83,45,38,6,0,6,18,7,11,582,257,325,324,131,193,2,0,2,22,0,22,72,34,38,162,92,70,9,2,7
58829622,23,16,7,20,13,7,2,1,1,5,3,2,0,0,0,3,3,0,19,9,10,9,4,5,0,0,0,3,0,3,3,1,2,4,4,0,0,0,0
58829623,318,192,126,203,114,89,7,3,4,52,31,21,2,0,2,115,78,37,672,321,351,436,208,228,0,0,0,20,1,19,131,70,61,85,42,43,21,5,16
58829624,18,11,7,18,11,7,1,1,0,2,1,1,0,0,0,0,0,0,17,9,8,11,4,7,0,0,0,0,0,0,3,3,0,3,2,1,0,0,0
58829625,100,52,48,98,51,47,4,2,2,7,5,2,1,0,1,2,1,1,84,39,45,21,8,13,0,0,0,1,0,1,7,5,2,55,26,29,0,0,0
58829626,938,475,463,905,454,451,36,22,14,129,68,61,9,0,9,33,21,12,907,369,538,493,186,307,0,0,0,40,0,40,129,62,67,245,121,124,13,7,6
58829627,2056,1050,1006,1935,980,955,76,40,36,258,110,148,13,0,13,121,70,51,1646,692,954,818,296,522,2,2,0,67,0,67,246,126,120,513,268,245,28,16,12
58829628,245,139,106,236,133,103,13,7,6,31,15,16,3,0,3,9,6,3,178,82,96,84,36,48,1,1,0,4,0,4,31,11,20,58,34,24,5,3,2
58829630,1913,1007,906,1805,946,859,61,23,38,232,108,124,10,0,10,108,61,47,2000,788,1212,1245,430,815,3,2,1,64,0,64,257,125,132,431,231,200,35,16,19
58830001,135,83,52,130,80,50,3,0,3,10,7,3,0,0,0,5,3,2,109,49,60,59,25,34,0,0,0,5,0,5,16,9,7,29,15,14,1,1,0
58830002,91,53,38,88,50,38,2,1,1,14,9,5,0,0,0,3,3,0,110,51,59,57,24,33,1,1,0,2,0,2,22,15,7,28,11,17,1,0,1
58832601,264,141,123,257,138,119,7,3,4,34,16,18,2,0,2,7,3,4,216,93,123,95,42,53,0,0,0,8,0,8,33,14,19,80,37,43,4,3,1
58837701,161,86,75,156,83,73,3,1,2,19,8,11,2,0,2,5,3,2,168,77,91,93,38,55,0,0,0,7,0,7,21,13,8,47,26,21,1,1,0
58838501,489,281,208,467,270,197,22,9,13,58,36,22,7,0,7,22,11,11,459,188,271,216,90,126,0,0,0,26,0,26,88,36,52,129,62,67,5,1,4
58839301,140,80,60,134,76,58,3,1,2,12,8,4,0,0,0,6,4,2,118,54,64,56,24,32,0,0,0,7,0,7,23,14,9,32,16,16,0,0,0
58839303,450,261,189,435,253,182,10,4,6,46,25,21,1,0,1,15,8,7,462,207,255,252,107,145,0,0,0,21,0,21,66,37,29,123,63,60,1,1,0
58839304,161,91,70,152,87,65,5,2,3,12,7,5,0,0,0,9,4,5,129,52,77,61,24,37,0,0,0,10,0,10,24,9,15,34,19,15,0,0,0
58839305,61,34,27,60,34,26,0,0,0,6,4,2,2,0,2,1,0,1,68,34,34,34,15,19,1,0,1,1,0,1,14,7,7,18,12,6,1,1,0
58839306,350,189,161,334,181,153,12,6,6,42,18,24,0,0,0,16,8,8,335,135,200,195,75,120,0,0,0,11,1,10,51,22,29,78,37,41,7,6,1
58839307,287,148,139,282,146,136,6,3,3,24,12,12,3,0,3,5,2,3,229,102,127,100,44,56,1,1,0,10,0,10,34,15,19,84,42,42,1,0,1
58839308,1222,620,602,1158,595,563,32,12,20,125,59,66,12,0,12,64,25,39,1230,465,765,711,249,462,2,2,0,48,2,46,162,63,99,307,149,158,20,9,11
58839309,184,103,81,179,101,78,5,2,3,25,15,10,0,0,0,5,2,3,195,100,95,88,35,53,0,0,0,6,0,6,19,10,9,82,55,27,1,0,1
58839310,393,223,170,364,204,160,13,5,8,33,13,20,4,0,4,29,19,10,335,166,169,135,59,76,1,0,1,15,0,15,61,25,36,123,82,41,38,28,10
58839311,349,176,173,334,169,165,10,4,6,60,28,32,1,0,1,15,7,8,386,157,229,247,92,155,1,0,1,15,0,15,40,22,18,83,43,40,0,0,0
58839313,326,177,149,314,172,142,7,3,4,34,19,15,2,0,2,12,5,7,316,128,188,160,62,98,0,0,0,12,0,12,54,20,34,90,46,44,5,3,2
58839314,26,13,13,26,13,13,0,0,0,2,0,2,0,0,0,0,0,0,35,17,18,25,13,12,0,0,0,1,0,1,3,2,1,6,2,4,0,0,0
58840701,96,54,42,86,50,36,4,1,3,9,6,3,1,0,1,10,4,6,132,63,69,81,36,45,0,0,0,3,0,3,19,12,7,29,15,14,0,0,0
58843101,207,120,87,192,117,75,5,2,3,20,13,7,1,0,1,15,3,12,209,91,118,113,50,63,1,1,0,11,0,11,32,14,18,52,26,26,0,0,0
0410330,0,0,0,0,0,0,0,0,0,0,0,0,0,0,0,0,0,0,0,0,0,0,0,0,0,0,0,0,0,0,0,0,0,0,0,0,0,0,0
3142260,0,0,0,0,0,0,0,0,0,0,0,0,0,0,0,0,0,0,0,0,0,0,0,0,0,0,0,0,0,0,0,0,0,0,0,0,0,0,0
3142340,0,0,0,0,0,0,0,0,0,0,0,0,0,0,0,0,0,0,0,0,0,0,0,0,0,0,0,0,0,0,0,0,0,0,0,0,0,0,0
58845801,229,124,105,212,119,93,7,3,4,23,14,9,3,0,3,17,5,12,208,97,111,102,47,55,1,0,1,8,0,8,30,16,14,67,34,33,1,0,1
58845802,29,18,11,29,18,11,0,0,0,6,3,3,1,0,1,0,0,0,31,14,17,12,6,6,0,0,0,1,0,1,7,5,2,11,3,8,0,0,0
58845803,910,507,403,867,489,378,23,13,10,107,60,47,4,0,4,43,18,25,1020,432,588,530,213,317,1,0,1,40,0,40,144,72,72,305,147,158,8,3,5
58845804,197,113,84,189,109,80,10,5,5,16,8,8,0,0,0,8,4,4,146,54,92,74,30,44,1,0,1,8,0,8,18,8,10,45,16,29,1,1,0
58845805,207,117,90,203,115,88,7,2,5,19,8,11,2,0,2,4,2,2,198,77,121,91,38,53,0,0,0,12,0,12,36,16,20,59,23,36,1,0,1
58845806,231,141,90,229,140,89,5,2,3,17,11,6,1,0,1,2,1,1,219,92,127,114,49,65,0,0,0,10,0,10,33,17,16,62,26,36,1,0,1
58845807,27,17,10,25,15,10,2,2,0,2,1,1,0,0,0,2,2,0,8,3,5,3,0,3,0,0,0,0,0,0,0,0,0,5,3,2,0,0,0
58845808,214,109,105,197,101,96,7,4,3,27,11,16,4,0,4,17,8,9,201,88,113,97,46,51,0,0,0,9,0,9,31,18,13,64,24,40,0,0,0
58845809,60,36,24,39,21,18,0,0,0,3,1,2,0,0,0,21,15,6,36,15,21,15,8,7,0,0,0,1,0,1,8,2,6,12,5,7,1,0,1
58845810,1124,584,540,1095,572,523,39,18,21,108,54,54,7,0,7,29,12,17,1112,442,670,575,206,369,2,0,2,49,0,49,174,81,93,312,155,157,13,6,7
58845811,390,222,168,377,216,161,15,8,7,42,21,21,4,0,4,13,6,7,376,164,212,163,67,96,1,0,1,24,2,22,86,44,42,102,51,51,0,0,0
58845812,388,206,182,380,204,176,22,9,13,40,20,20,7,0,7,8,2,6,388,153,235,217,72,145,1,1,0,17,1,16,60,36,24,93,43,50,4,2,2
58845813,500,273,227,472,260,212,14,5,9,40,20,20,5,0,5,28,13,15,367,157,210,203,85,118,2,0,2,12,0,12,53,26,27,97,46,51,47,40,7
58845815,23,12,11,23,12,11,0,0,0,8,4,4,0,0,0,0,0,0,23,9,14,17,8,9,0,0,0,1,0,1,2,1,1,3,0,3,0,0,0
58845816,513,273,240,495,266,229,24,9,15,60,34,26,2,0,2,18,7,11,545,195,350,349,114,235,1,0,1,20,0,20,53,21,32,122,60,62,6,2,4
58845817,265,151,114,252,145,107,6,2,4,40,19,21,2,0,2,13,6,7,252,109,143,140,66,74,2,2,0,14,0,14,37,15,22,59,26,33,7,4,3
58845819,489,261,228,471,254,217,22,8,14,67,39,28,2,0,2,18,7,11,495,190,305,283,107,176,0,0,0,22,0,22,73,31,42,117,52,65,8,5,3
58847401,129,72,57,124,69,55,6,2,4,15,10,5,2,0,2,5,3,2,124,66,58,54,25,29,0,0,0,3,1,2,14,8,6,53,32,21,1,1,0
58848201,75,46,29,73,45,28,3,2,1,12,8,4,0,0,0,2,1,1,78,41,37,42,18,24,0,0,0,4,0,4,18,12,6,14,11,3,4,1,3
3142690,0,0,0,0,0,0,0,0,0,0,0,0,0,0,0,0,0,0,0,0,0,0,0,0,0,0,0,0,0,0,0,0,0,0,0,0,0,0,0
3287820,0,0,0,0,0,0,0,0,0,0,0,0,0,0,0,0,0,0,0,0,0,0,0,0,0,0,0,0,0,0,0,0,0,0,0,0,0,0,0
58849101,43,26,17,41,25,16,0,0,0,6,4,2,0,0,0,2,1,1,48,18,30,25,11,14,0,0,0,2,0,2,12,5,7,9,2,7,1,0,1
58849102,165,101,64,161,99,62,7,6,1,11,6,5,2,0,2,4,2,2,161,63,98,78,32,46,1,0,1,6,0,6,28,10,18,48,21,27,1,1,0
58849103,19,12,7,18,12,6,1,1,0,1,0,1,0,0,0,1,0,1,9,4,5,4,1,3,0,0,0,0,0,0,0,0,0,5,3,2,0,0,0
58849104,13,8,5,11,7,4,0,0,0,1,0,1,0,0,0,2,1,1,17,7,10,7,1,6,0,0,0,1,0,1,8,5,3,1,1,0,3,2,1
58849105,1627,869,758,1581,845,736,44,24,20,163,63,100,17,0,17,46,24,22,1465,614,851,777,310,467,2,1,1,71,0,71,244,114,130,371,189,182,12,10,2
58849107,940,572,368,897,539,358,25,12,13,84,47,37,7,0,7,43,33,10,926,409,517,478,201,277,1,1,0,42,0,42,155,80,75,250,127,123,41,32,9
58849108,393,213,180,384,207,177,14,6,8,46,17,29,3,0,3,9,6,3,428,184,244,266,109,157,0,0,0,12,0,12,54,26,28,96,49,47,8,5,3
58850401,181,101,80,170,97,73,2,1,1,16,9,7,0,0,0,11,4,7,174,71,103,83,31,52,0,0,0,10,0,10,32,13,19,49,27,22,2,2,0
58851201,115,60,55,110,58,52,6,3,3,13,7,6,0,0,0,5,2,3,94,37,57,43,16,27,0,0,0,4,0,4,17,7,10,30,14,16,1,0,1
58851205,159,86,73,149,80,69,4,2,2,16,4,12,1,0,1,10,6,4,161,69,92,98,39,59,0,0,0,3,0,3,13,9,4,47,21,26,2,0,2
58851206,312,175,137,303,170,133,12,8,4,47,24,23,3,0,3,9,5,4,287,111,176,147,55,92,2,1,1,12,0,12,58,24,34,68,31,37,2,0,2
58851207,505,280,225,477,261,216,28,10,18,52,28,24,2,0,2,28,19,9,473,208,265,237,92,145,1,0,1,18,0,18,81,49,32,136,67,69,34,23,11
58851209,1185,616,569,1147,598,549,25,8,17,138,62,76,12,0,12,38,18,20,1239,548,691,658,267,391,2,2,0,52,1,51,191,103,88,336,175,161,18,8,10
58852101,216,126,90,211,123,88,8,4,4,18,9,9,2,0,2,5,3,2,204,93,111,101,44,57,0,0,0,10,0,10,38,18,20,55,31,24,2,1,1
58852102,45,29,16,44,28,16,2,2,0,1,0,1,1,0,1,1,1,0,31,15,16,17,9,8,0,0,0,1,0,1,4,3,1,9,3,6,1,1,0
58852103,51,30,21,48,30,18,0,0,0,4,2,2,0,0,0,3,0,3,60,27,33,21,11,10,0,0,0,1,0,1,20,5,15,18,11,7,0,0,0
58854701,67,41,26,63,40,23,1,1,0,7,4,3,0,0,0,4,1,3,109,49,60,56,23,33,0,0,0,3,0,3,22,13,9,28,13,15,5,2,3
58854702,20,14,6,20,14,6,0,0,0,1,1,0,0,0,0,0,0,0,23,8,15,17,3,14,0,0,0,0,0,0,0,0,0,6,5,1,0,0,0
58855501,193,106,87,189,106,83,7,2,5,16,8,8,1,0,1,4,0,4,185,87,98,80,38,42,0,0,0,10,0,10,31,15,16,64,34,30,1,0,1
58856301,155,83,72,152,82,70,4,1,3,12,6,6,2,0,2,3,1,2,147,72,75,56,27,29,0,0,0,2,0,2,21,7,14,68,38,30,4,1,3
58859801,140,79,61,135,76,59,3,1,2,10,6,4,1,0,1,5,3,2,129,49,80,70,30,40,1,0,1,3,0,3,21,8,13,34,11,23,1,0,1
58860101,118,67,51,105,60,45,5,2,3,12,7,5,1,0,1,13,7,6,139,61,78,82,33,49,1,1,0,6,0,6,18,7,11,32,20,12,0,0,0
58860102,87,49,38,87,49,38,0,0,0,4,0,4,2,0,2,0,0,0,117,54,63,69,31,38,0,0,0,5,0,5,17,10,7,26,13,13,2,1,1
58860103,912,510,402,865,483,382,22,12,10,90,46,44,5,0,5,47,27,20,987,406,581,547,202,345,1,0,1,49,0,49,149,79,70,241,125,116,26,18,8
58860104,136,76,60,129,74,55,3,1,2,14,6,8,1,0,1,7,2,5,134,58,76,83,37,46,0,0,0,6,1,5,13,7,6,32,13,19,2,1,1
58861001,61,32,29,59,31,28,0,0,0,10,8,2,0,0,0,2,1,1,61,32,29,36,17,19,0,0,0,0,0,0,6,2,4,19,13,6,0,0,0
58861002,418,248,170,399,237,162,12,5,7,43,26,17,0,0,0,19,11,8,398,155,243,191,75,116,0,0,0,25,0,25,64,27,37,118,53,65,3,2,1
58861003,22,14,8,22,14,8,0,0,0,2,2,0,0,0,0,0,0,0,19,6,13,6,2,4,0,0,0,2,0,2,4,0,4,7,4,3,0,0,0
58862801,35,21,14,31,18,13,1,0,1,2,0,2,1,0,1,4,3,1,45,19,26,19,8,11,0,0,0,1,0,1,15,7,8,10,4,6,0,0,0
58863601,146,84,62,141,83,58,3,3,0,15,8,7,0,0,0,5,1,4,106,49,57,48,20,28,0,0,0,6,0,6,14,7,7,38,22,16,2,2,0
58864401,1090,619,471,1051,606,445,30,11,19,88,51,37,6,0,6,39,13,26,1036,459,577,565,243,322,0,0,0,45,0,45,153,79,74,273,137,136,13,7,6
58865201,234,136,98,224,131,93,5,3,2,27,17,10,2,0,2,10,5,5,228,93,135,104,45,59,0,0,0,13,0,13,54,26,28,57,22,35,7,4,3
58866101,220,132,88,218,130,88,9,5,4,23,15,8,1,0,1,2,2,0,184,79,105,78,32,46,0,0,0,5,0,5,24,10,14,77,37,40,1,1,0
58869501,182,101,81,170,97,73,6,3,3,18,9,9,3,0,3,12,4,8,171,72,99,70,23,47,0,0,0,10,0,10,37,18,19,54,31,23,10,6,4
58869502,39,22,17,34,19,15,1,0,1,2,2,0,0,0,0,5,3,2,48,23,25,20,8,12,0,0,0,2,0,2,7,4,3,19,11,8,1,1,0
58870901,112,69,43,105,65,40,2,1,1,10,6,4,1,0,1,7,4,3,100,46,54,48,21,27,0,0,0,5,0,5,12,7,5,35,18,17,0,0,0
58870902,358,204,154,343,191,152,8,2,6,23,13,10,1,0,1,15,13,2,312,143,169,142,55,87,1,1,0,10,0,10,43,27,16,116,60,56,7,5,2
58871701,239,138,101,228,132,96,4,3,1,18,10,8,3,0,3,11,6,5,216,87,129,95,39,56,0,0,0,10,0,10,34,17,17,77,31,46,0,0,0
58872501,252,145,107,243,140,103,11,3,8,26,19,7,3,0,3,9,5,4,223,86,137,100,34,66,0,0,0,8,0,8,49,28,21,66,24,42,4,2,2
58873301,184,106,78,177,102,75,7,3,4,13,7,6,0,0,0,7,4,3,185,78,107,90,33,57,0,0,0,6,0,6,22,11,11,67,34,33,3,3,0
58873302,92,53,39,90,51,39,2,1,1,9,7,2,1,0,1,2,2,0,90,38,52,45,19,26,0,0,0,8,0,8,17,9,8,20,10,10,0,0,0
58874101,427,239,188,424,238,186,13,5,8,42,21,21,8,0,8,3,1,2,381,179,202,157,73,84,1,0,1,20,0,20,76,35,41,127,71,56,3,3,0
58875001,377,207,170,364,203,161,11,4,7,24,11,13,4,0,4,13,4,9,308,126,182,113,45,68,0,0,0,17,0,17,73,33,40,105,48,57,1,0,1
58876801,1200,649,551,1145,611,534,42,16,26,130,62,68,8,0,8,55,38,17,1149,508,641,557,237,320,2,2,0,54,0,54,186,94,92,350,175,175,25,11,14
58876802,14,9,5,14,9,5,2,1,1,0,0,0,0,0,0,0,0,0,10,5,5,6,2,4,0,0,0,0,0,0,1,0,1,3,3,0,0,0,0
58876803,12,8,4,11,7,4,0,0,0,1,0,1,0,0,0,1,1,0,12,5,7,4,2,2,1,1,0,2,0,2,5,2,3,0,0,0,0,0,0
58876804,180,96,84,171,92,79,3,1,2,16,9,7,0,0,0,9,4,5,172,82,90,76,34,42,1,1,0,6,0,6,35,15,20,54,32,22,3,1,2
58878401,182,111,71,171,108,63,5,4,1,24,12,12,1,0,1,11,3,8,149,57,92,81,31,50,0,0,0,2,0,2,23,9,14,43,17,26,4,1,3
58880601,121,68,53,115,64,51,1,0,1,10,3,7,1,0,1,6,4,2,95,41,54,48,20,28,0,0,0,6,0,6,15,6,9,26,15,11,1,1,0
58881401,210,117,93,206,114,92,5,5,0,25,10,15,2,0,2,4,3,1,209,96,113,98,44,54,0,0,0,15,0,15,40,19,21,56,33,23,1,1,0
58882201,85,51,34,82,49,33,4,3,1,8,4,4,1,0,1,3,2,1,85,35,50,42,15,27,0,0,0,5,0,5,17,9,8,21,11,10,1,0,1
58882202,136,80,56,129,75,54,5,1,4,10,6,4,1,0,1,7,5,2,109,52,57,52,25,27,0,0,0,7,0,7,18,10,8,32,17,15,1,1,0
58883101,102,60,42,99,59,40,5,2,3,8,3,5,1,0,1,3,1,2,110,49,61,54,23,31,0,0,0,10,0,10,23,15,8,23,11,12,0,0,0
58884901,97,53,44,91,51,40,4,1,3,6,4,2,1,0,1,6,2,4,78,32,46,50,21,29,1,0,1,2,0,2,6,2,4,19,9,10,0,0,0
58884902,193,107,86,187,103,84,3,1,2,16,6,10,2,0,2,6,4,2,269,108,161,177,66,111,0,0,0,6,0,6,33,13,20,53,29,24,1,1,0
58884903,93,54,39,82,48,34,1,0,1,12,7,5,1,0,1,11,6,5,119,52,67,62,26,36,0,0,0,4,0,4,21,10,11,32,16,16,2,0,2
58886501,232,115,117,225,110,115,12,5,7,24,16,8,2,0,2,7,5,2,222,105,117,123,54,69,0,0,0,6,0,6,28,15,13,65,36,29,3,2,1
58886502,115,62,53,110,60,50,4,3,1,13,6,7,2,0,2,5,2,3,112,50,62,53,19,34,1,0,1,3,0,3,24,16,8,31,15,16,0,0,0
58887301,219,133,86,208,127,81,6,3,3,15,5,10,1,0,1,11,6,5,207,88,119,116,50,66,1,0,1,10,0,10,26,16,10,54,22,32,4,2,2
58889001,347,193,154,332,188,144,17,7,10,27,16,11,1,0,1,15,5,10,324,154,170,160,72,88,1,1,0,19,0,19,41,25,16,103,56,47,5,5,0
58890301,572,320,252,551,308,243,20,11,9,56,30,26,4,0,4,21,12,9,570,245,325,277,112,165,0,0,0,28,1,27,88,50,38,177,82,95,5,1,4
58892001,26,17,9,25,17,8,0,0,0,6,2,4,0,0,0,1,0,1,28,16,12,14,8,6,0,0,0,2,0,2,4,3,1,8,5,3,0,0,0
58892002,9,6,3,9,6,3,0,0,0,2,1,1,0,0,0,0,0,0,12,5,7,8,3,5,0,0,0,0,0,0,1,0,1,3,2,1,0,0,0
58892003,186,102,84,174,95,79,2,1,1,19,6,13,2,0,2,12,7,5,193,97,96,94,48,46,3,1,2,8,0,8,19,10,9,69,38,31,3,2,1
58892004,13,9,4,11,7,4,0,0,0,0,0,0,0,0,0,2,2,0,8,2,6,5,1,4,0,0,0,0,0,0,0,0,0,3,1,2,0,0,0
58892005,5,4,1,5,4,1,0,0,0,0,0,0,0,0,0,0,0,0,15,6,9,10,4,6,0,0,0,1,0,1,2,0,2,2,2,0,1,1,0
58893801,254,142,112,248,139,109,12,7,5,27,16,11,2,0,2,6,3,3,227,91,136,97,34,63,0,0,0,10,0,10,39,23,16,81,34,47,2,1,1
58893802,212,118,94,202,110,92,6,2,4,19,12,7,1,0,1,10,8,2,228,102,126,111,54,57,0,0,0,13,0,13,39,18,21,65,30,35,6,5,1
58893803,124,65,59,121,64,57,4,2,2,19,11,8,2,1,1,3,1,2,90,42,48,42,18,24,0,0,0,3,0,3,15,9,6,30,15,15,0,0,0
58894601,329,176,153,315,167,148,12,6,6,27,17,10,3,0,3,14,9,5,312,145,167,160,66,94,0,0,0,11,1,10,41,27,14,100,51,49,2,1,1
58895401,33,14,19,33,14,19,1,0,1,4,2,2,0,0,0,0,0,0,31,16,15,21,10,11,0,0,0,1,0,1,1,0,1,8,6,2,1,1,0
58895403,299,163,136,287,158,129,5,2,3,44,27,17,3,0,3,12,5,7,284,130,154,139,60,79,0,0,0,13,0,13,54,31,23,78,39,39,6,3,3
58896201,23,12,11,21,10,11,0,0,0,5,1,4,0,0,0,2,2,0,35,18,17,20,9,11,1,1,0,2,0,2,5,5,0,7,3,4,0,0,0
58896202,253,149,104,240,141,99,6,1,5,28,17,11,2,0,2,13,8,5,230,108,122,125,58,67,0,0,0,13,0,13,35,18,17,57,32,25,5,2,3
58897101,308,173,135,304,172,132,10,5,5,22,11,11,2,0,2,4,1,3,260,95,165,116,38,78,0,0,0,13,0,13,49,22,27,82,35,47,1,1,0
58898901,207,115,92,199,110,89,5,2,3,15,10,5,5,0,5,8,5,3,150,69,81,74,37,37,0,0,0,1,0,1,26,9,17,49,23,26,0,0,0
58899701,14,9,5,12,7,5,1,1,0,0,0,0,0,0,0,2,2,0,16,6,10,6,4,2,0,0,0,1,0,1,3,1,2,6,1,5,0,0,0
58899702,309,169,140,294,160,134,8,1,7,25,10,15,1,0,1,15,9,6,284,124,160,129,44,85,0,0,0,10,0,10,54,30,24,91,50,41,3,1,2
58900401,66,40,26,65,39,26,4,2,2,11,7,4,0,0,0,1,1,0,80,30,50,44,18,26,0,0,0,4,0,4,18,4,14,14,8,6,0,0,0
58900402,39,25,14,38,24,14,1,0,1,7,7,0,1,0,1,1,1,0,35,19,16,16,8,8,0,0,0,1,0,1,9,7,2,9,4,5,0,0,0
58900403,63,34,29,59,30,29,2,1,1,6,4,2,2,0,2,4,4,0,67,34,33,31,13,18,0,0,0,2,0,2,11,7,4,23,14,9,4,3,1
58903901,283,159,124,271,151,120,11,4,7,39,20,19,2,0,2,12,8,4,305,149,156,168,76,92,2,1,1,7,0,7,27,15,12,101,57,44,7,4,3
58904701,139,85,54,136,83,53,5,1,4,10,4,6,1,0,1,3,2,1,91,46,45,42,18,24,0,0,0,4,0,4,13,8,5,32,20,12,3,1,2
58905501,84,51,33,82,50,32,2,1,1,8,5,3,0,0,0,2,1,1,60,23,37,33,12,21,0,0,0,3,0,3,10,4,6,14,7,7,0,0,0
58908001,146,81,65,136,76,60,3,0,3,19,8,11,1,0,1,10,5,5,125,60,65,71,34,37,1,0,1,2,0,2,9,6,3,42,20,22,6,4,2
58908002,65,36,29,61,33,28,4,1,3,5,3,2,2,0,2,4,3,1,74,31,43,44,19,25,0,0,0,2,0,2,7,3,4,21,9,12,0,0,0
58909801,114,68,46,110,66,44,7,6,1,13,7,6,1,0,1,4,2,2,110,42,68,53,17,36,1,1,0,5,0,5,19,7,12,32,17,15,3,2,1
58909802,15,8,7,14,7,7,0,0,0,0,0,0,0,0,0,1,1,0,14,9,5,5,2,3,0,0,0,0,0,0,0,0,0,9,7,2,0,0,0
58911001,82,44,38,77,41,36,2,1,1,4,2,2,0,0,0,5,3,2,86,32,54,54,21,33,0,0,0,3,0,3,8,3,5,21,8,13,1,1,0
58912801,182,97,85,175,94,81,3,1,2,17,9,8,2,0,2,7,3,4,148,59,89,76,33,43,0,0,0,5,0,5,21,5,16,46,21,25,3,1,2
58912802,36,19,17,33,18,15,2,0,2,1,0,1,0,0,0,3,1,2,36,17,19,19,10,9,0,0,0,1,0,1,4,1,3,12,6,6,1,0,1
58913601,210,131,79,195,123,72,4,4,0,18,13,5,2,0,2,15,8,7,167,65,102,95,37,58,0,0,0,8,0,8,29,15,14,35,13,22,9,7,2
58915201,154,92,62,151,91,60,8,3,5,20,12,8,0,0,0,3,1,2,149,60,89,78,34,44,0,0,0,8,0,8,26,10,16,37,16,21,1,1,0
58916101,14,7,7,14,7,7,1,0,1,2,0,2,0,0,0,0,0,0,13,7,6,9,5,4,0,0,0,0,0,0,0,0,0,4,2,2,0,0,0
58916102,331,175,156,310,162,148,11,4,7,38,16,22,1,0,1,21,13,8,323,130,193,175,68,107,0,0,0,16,0,16,50,22,28,82,40,42,3,2,1
58918701,85,52,33,84,51,33,2,0,2,7,4,3,0,0,0,1,1,0,109,48,61,49,23,26,0,0,0,9,0,9,26,14,12,25,11,14,0,0,0
58918702,567,315,252,536,289,247,24,11,13,50,26,24,6,0,6,31,26,5,592,253,339,330,145,185,0,0,0,23,0,23,71,30,41,168,78,90,11,7,4
58919501,78,46,32,73,43,30,2,1,1,9,5,4,0,0,0,5,3,2,64,34,30,38,18,20,0,0,0,1,0,1,8,6,2,17,10,7,0,0,0
58919502,114,65,49,111,65,46,2,1,1,12,5,7,0,0,0,3,0,3,115,54,61,48,21,27,1,1,0,5,0,5,19,10,9,42,22,20,2,1,1
58919503,59,31,28,56,29,27,2,1,1,5,4,1,1,0,1,3,2,1,65,32,33,31,12,19,0,0,0,2,0,2,18,11,7,14,9,5,0,0,0
58919505,86,52,34,79,47,32,3,1,2,6,4,2,0,0,0,7,5,2,74,29,45,43,16,27,1,0,1,4,0,4,7,4,3,19,9,10,0,0,0
58919506,652,365,287,623,348,275,19,7,12,64,39,25,9,0,9,29,17,12,638,278,360,315,131,184,1,1,0,31,0,31,105,51,54,186,95,91,23,16,7
58921701,74,44,30,72,44,28,1,0,1,7,6,1,0,0,0,2,0,2,76,33,43,30,11,19,0,0,0,6,1,5,14,7,7,26,14,12,0,0,0
58921702,232,124,108,219,118,101,8,4,4,32,13,19,1,0,1,13,6,7,209,96,113,75,35,40,0,0,0,12,0,12,45,19,26,77,42,35,5,4,1
58922501,279,154,125,274,152,122,9,1,8,37,18,19,3,0,3,5,2,3,266,104,162,121,47,74,1,1,0,17,0,17,50,22,28,77,34,43,2,1,1
58923301,426,236,190,410,229,181,19,10,9,38,22,16,8,0,8,16,7,9,371,153,218,159,57,102,0,0,0,19,0,19,69,31,38,124,65,59,3,2,1
55073601,99,61,38,95,58,37,2,1,1,15,8,7,1,0,1,4,3,1,110,51,59,53,19,34,0,0,0,5,0,5,17,13,4,35,19,16,2,2,0
3044330,0,0,0,0,0,0,0,0,0,0,0,0,0,0,0,0,0,0,0,0,0,0,0,0,0,0,0,0,0,0,0,0,0,0,0,0,0,0,0
55074401,1352,746,606,1305,725,580,47,26,21,159,88,71,7,0,7,47,21,26,1430,579,851,769,280,489,0,0,0,60,0,60,206,102,104,395,197,198,17,5,12
55074402,23,16,7,22,15,7,0,0,0,1,1,0,0,0,0,1,1,0,4,4,0,1,1,0,0,0,0,0,0,0,2,2,0,1,1,0,0,0,0
55074403,1241,666,575,1198,653,545,41,18,23,131,72,59,9,0,9,43,13,30,1145,489,656,527,203,324,7,6,1,51,0,51,182,79,103,378,201,177,24,14,10
55074404,39,25,14,27,18,9,0,0,0,4,1,3,1,0,1,12,7,5,59,28,31,14,5,9,1,1,0,5,1,4,19,11,8,20,10,10,3,2,1
55075201,34,19,15,33,19,14,2,0,2,3,2,1,0,0,0,1,0,1,19,9,10,15,7,8,0,0,0,0,0,0,0,0,0,4,2,2,1,0,1
55075202,53,31,22,52,31,21,4,1,3,7,4,3,1,0,1,1,0,1,30,12,18,12,4,8,0,0,0,2,0,2,9,5,4,7,3,4,1,0,1
55075203,1327,694,633,1269,667,602,45,18,27,164,80,84,7,0,7,58,27,31,1371,565,806,784,294,490,4,2,2,49,0,49,162,86,76,372,183,189,5,1,4
55075204,1968,1090,878,1863,1025,838,75,25,50,229,107,122,19,0,19,105,65,40,1649,707,942,736,301,435,1,0,1,80,0,80,290,137,153,542,269,273,19,11,8
55075205,21,16,5,21,16,5,0,0,0,0,0,0,0,0,0,0,0,0,6,0,6,1,0,1,0,0,0,2,0,2,2,0,2,1,0,1,1,1,0
55075208,16,9,7,16,9,7,1,0,1,0,0,0,0,0,0,0,0,0,5,1,4,1,0,1,0,0,0,0,0,0,1,0,1,3,1,2,0,0,0
1729010,0,0,0,0,0,0,0,0,0,0,0,0,0,0,0,0,0,0,0,0,0,0,0,0,0,0,0,0,0,0,0,0,0,0,0,0,0,0,0
1729440,0,0,0,0,0,0,0,0,0,0,0,0,0,0,0,0,0,0,0,0,0,0,0,0,0,0,0,0,0,0,0,0,0,0,0,0,0,0,0
59200501,1198,643,555,1158,625,533,37,22,15,119,66,53,11,0,11,40,18,22,915,370,545,465,181,284,4,2,2,40,0,40,141,64,77,265,123,142,7,1,6
59200502,442,246,196,433,240,193,25,17,8,51,25,26,3,0,3,9,6,3,371,152,219,185,67,118,1,1,0,15,0,15,51,29,22,119,55,64,1,0,1
59200503,544,287,257,522,278,244,25,9,16,54,31,23,6,0,6,22,9,13,527,238,289,283,115,168,0,0,0,20,0,20,72,39,33,152,84,68,4,2,2
59200504,347,195,152,336,191,145,6,2,4,16,5,11,6,0,6,11,4,7,181,80,101,26,9,17,1,1,0,21,0,21,62,34,28,71,36,35,6,2,4
59200505,1676,858,818,1625,831,794,45,19,26,176,72,104,15,0,15,51,27,24,1039,479,560,364,156,208,2,1,1,77,1,76,247,140,107,349,181,168,20,12,8
59200506,1893,1025,868,1844,1009,835,84,46,38,263,146,117,9,0,9,49,16,33,1629,702,927,793,303,490,7,2,5,56,0,56,233,117,116,540,280,260,10,4,6
59200507,347,183,164,339,179,160,12,10,2,14,6,8,5,0,5,8,4,4,210,93,117,26,6,20,1,1,0,27,1,26,71,41,30,85,44,41,9,4,5
59200508,33,21,12,32,21,11,4,4,0,3,2,1,0,0,0,1,0,1,25,8,17,19,5,14,0,0,0,0,0,0,0,0,0,6,3,3,0,0,0
59200509,323,171,152,310,168,142,12,7,5,39,18,21,0,0,0,13,3,10,288,109,179,120,48,72,0,0,0,14,0,14,56,25,31,98,36,62,2,0,2
59200510,140,74,66,136,72,64,7,2,5,24,13,11,1,0,1,4,2,2,116,47,69,55,23,32,0,0,0,4,0,4,18,6,12,39,18,21,2,2,0
59200511,1274,695,579,1204,654,550,46,19,27,140,72,68,7,0,7,70,41,29,996,406,590,500,190,310,5,1,4,40,0,40,176,78,98,275,137,138,76,56,20
59200512,178,87,91,173,83,90,7,4,3,26,8,18,2,0,2,5,4,1,138,61,77,47,23,24,0,0,0,13,0,13,45,21,24,33,17,16,5,1,4
59200513,476,230,246,462,227,235,11,5,6,72,28,44,3,0,3,14,3,11,451,183,268,264,91,173,1,1,0,15,0,15,53,32,21,118,59,59,5,2,3
59200514,216,110,106,207,105,102,8,5,3,22,9,13,2,0,2,9,5,4,257,97,160,181,60,121,1,1,0,3,0,3,21,13,8,51,23,28,4,2,2
59200515,36,28,8,35,28,7,2,1,1,2,1,1,0,0,0,1,0,1,15,7,8,10,5,5,0,0,0,1,0,1,2,1,1,2,1,1,1,1,0
59200516,15,8,7,8,4,4,0,0,0,2,1,1,0,0,0,7,4,3,11,4,7,10,4,6,0,0,0,0,0,0,1,0,1,0,0,0,0,0,0
59200517,1573,809,764,1520,788,732,45,17,28,205,100,105,11,0,11,53,21,32,1835,739,1096,1163,419,744,2,1,1,61,1,60,222,114,108,387,204,183,14,5,9
59200518,654,348,306,623,334,289,26,11,15,101,44,57,2,0,2,31,14,17,718,285,433,444,165,279,3,1,2,35,0,35,78,43,35,158,76,82,5,1,4
59200519,1081,571,510,1026,543,483,37,18,19,139,61,78,7,0,7,55,28,27,965,362,603,591,190,401,1,1,0,30,1,29,125,62,63,218,108,110,13,7,6
59200520,405,218,187,373,202,171,9,3,6,56,25,31,4,0,4,32,16,16,380,157,223,238,88,150,2,2,0,15,0,15,53,30,23,72,37,35,9,6,3
59200521,460,228,232,447,222,225,15,6,9,59,31,28,7,0,7,13,6,7,444,171,273,226,69,157,1,0,1,19,0,19,84,42,42,114,60,54,4,2,2
59201301,945,512,433,920,502,418,29,9,20,104,55,49,9,0,9,25,10,15,765,318,447,391,165,226,3,3,0,32,0,32,127,55,72,212,95,117,10,7,3
59202101,1041,590,451,1002,571,431,37,19,18,134,69,65,12,0,12,39,19,20,997,430,567,478,207,271,0,0,0,54,0,54,177,81,96,288,142,146,13,3,10
59203001,788,448,340,759,433,326,31,14,17,69,32,37,6,0,6,29,15,14,699,290,409,301,121,180,0,0,0,42,0,42,124,67,57,232,102,130,7,5,2
59203002,186,101,85,179,98,81,9,0,9,20,10,10,1,0,1,7,3,4,189,83,106,81,35,46,0,0,0,7,0,7,34,20,14,67,28,39,0,0,0
59204801,167,99,68,156,94,62,7,2,5,23,14,9,0,0,0,11,5,6,136,64,72,73,36,37,0,0,0,7,0,7,20,9,11,36,19,17,2,1,1
59204802,112,60,52,107,59,48,4,2,2,12,7,5,0,0,0,5,1,4,111,45,66,66,25,41,0,0,0,4,0,4,13,4,9,28,16,12,0,0,0
59204803,71,44,27,65,40,25,6,4,2,9,5,4,0,0,0,6,4,2,77,33,44,42,18,24,0,0,0,5,0,5,14,8,6,16,7,9,0,0,0
59204804,546,304,242,529,294,235,18,5,13,52,27,25,6,0,6,17,10,7,473,201,272,240,102,138,0,0,0,19,0,19,86,40,46,128,59,69,5,3,2
59204806,119,68,51,113,66,47,4,2,2,10,7,3,1,0,1,6,2,4,66,31,35,32,15,17,0,0,0,2,0,2,14,8,6,18,8,10,2,0,2
59204808,885,486,399,851,475,376,24,11,13,111,56,55,5,0,5,34,11,23,909,373,536,515,192,323,5,3,2,40,0,40,113,54,59,236,124,112,24,21,3
59204809,266,150,116,260,149,111,4,1,3,45,26,19,1,0,1,6,1,5,279,112,167,119,46,73,0,0,0,15,0,15,46,23,23,99,43,56,1,0,1
59205601,390,209,181,378,202,176,10,2,8,63,37,26,6,0,6,12,7,5,378,173,205,193,85,108,0,0,0,14,0,14,62,33,29,109,55,54,12,9,3
59206401,1087,614,473,1052,598,454,45,21,24,130,78,52,14,0,14,35,16,19,987,427,560,508,204,304,0,0,0,43,1,42,162,78,84,274,144,130,11,5,6
59207201,363,205,158,357,203,154,11,7,4,48,25,23,4,0,4,6,2,4,328,137,191,166,65,101,2,1,1,10,0,10,44,24,20,106,47,59,7,4,3
59207202,60,35,25,58,33,25,2,1,1,9,6,3,1,0,1,2,2,0,41,16,25,18,7,11,1,1,0,2,1,1,7,3,4,13,4,9,2,1,1
59208101,871,496,375,835,480,355,28,15,13,74,37,37,7,0,7,36,16,20,786,347,439,378,161,217,0,0,0,34,0,34,131,71,60,243,115,128,7,3,4
59209901,424,249,175,403,239,164,13,7,6,51,33,18,2,0,2,21,10,11,503,228,275,262,113,149,1,0,1,23,0,23,68,38,30,149,77,72,6,2,4
59210201,11,7,4,11,7,4,0,0,0,3,3,0,1,0,1,0,0,0,13,5,8,9,4,5,0,0,0,0,0,0,2,0,2,2,1,1,0,0,0
59210202,28,17,11,24,15,9,1,0,1,3,1,2,0,0,0,4,2,2,23,14,9,16,10,6,0,0,0,0,0,0,3,1,2,4,3,1,0,0,0
59210203,28,18,10,28,18,10,0,0,0,3,2,1,0,0,0,0,0,0,20,9,11,8,3,5,0,0,0,2,0,2,7,3,4,3,3,0,0,0,0
59210204,25,14,11,24,14,10,4,1,3,0,0,0,0,0,0,1,0,1,23,10,13,10,5,5,0,0,0,2,0,2,6,2,4,5,3,2,0,0,0
59210205,884,493,391,849,473,376,27,12,15,116,64,52,5,0,5,35,20,15,1098,437,661,676,236,440,1,1,0,33,0,33,112,66,46,276,134,142,12,8,4
59210206,132,71,61,130,71,59,7,3,4,14,7,7,0,0,0,2,0,2,109,60,49,45,21,24,0,0,0,3,0,3,16,10,6,45,29,16,0,0,0
59211101,351,205,146,339,201,138,6,1,5,57,30,27,2,0,2,12,4,8,404,166,238,230,100,130,2,2,0,21,0,21,74,33,41,77,31,46,9,3,6
59211102,13,8,5,12,8,4,0,0,0,1,1,0,0,0,0,1,0,1,9,6,3,8,5,3,0,0,0,0,0,0,0,0,0,1,1,0,0,0,0
59213701,195,111,84,189,105,84,2,0,2,15,10,5,0,0,0,6,6,0,170,67,103,87,29,58,1,1,0,8,0,8,25,12,13,49,25,24,1,0,1
59214501,1387,796,591,1341,776,565,44,24,20,151,77,74,10,0,10,46,20,26,1363,594,769,748,302,446,5,3,2,68,0,68,198,93,105,344,196,148,11,4,7
59215301,256,143,113,250,141,109,7,3,4,23,11,12,0,0,0,6,2,4,223,102,121,113,46,67,1,0,1,6,0,6,32,19,13,71,37,34,2,0,2
59217002,2102,1188,914,2039,1154,885,74,32,42,210,103,107,20,0,20,63,34,29,1994,810,1184,1063,413,650,2,0,2,74,0,74,288,140,148,567,257,310,34,18,16
59218801,392,224,168,384,222,162,16,10,6,45,26,19,5,0,5,8,2,6,388,175,213,219,95,124,0,0,0,13,0,13,55,28,27,101,52,49,4,2,2
59219601,15,10,5,15,10,5,0,0,0,3,2,1,0,0,0,0,0,0,13,6,7,5,3,2,0,0,0,1,0,1,3,1,2,4,2,2,0,0,0
59220001,318,178,140,307,171,136,5,0,5,33,13,20,6,0,6,11,7,4,355,176,179,161,72,89,0,0,0,15,0,15,56,32,24,123,72,51,5,5,0
59220002,128,70,58,123,69,54,2,1,1,20,10,10,1,0,1,5,1,4,152,67,85,84,34,50,0,0,0,4,0,4,17,4,13,47,29,18,0,0,0
59221801,511,269,242,490,259,231,14,6,8,57,26,31,5,0,5,21,10,11,433,201,232,205,88,117,0,0,0,16,1,15,85,43,42,127,69,58,1,0,1
59222601,843,478,365,810,463,347,27,14,13,69,40,29,4,0,4,33,15,18,887,386,501,426,183,243,2,1,1,41,0,41,139,72,67,279,130,149,17,10,7
59223401,217,130,87,205,124,81,1,1,0,31,21,10,1,0,1,12,6,6,212,94,118,111,47,64,2,1,1,6,0,6,25,14,11,68,32,36,3,3,0
59226901,546,306,240,535,298,237,21,10,11,59,28,31,3,0,3,11,8,3,521,242,279,252,110,142,1,0,1,23,0,23,73,46,27,172,86,86,7,4,3
59227701,259,141,118,251,138,113,11,6,5,31,19,12,1,0,1,8,3,5,257,110,147,138,56,82,1,1,0,7,0,7,33,18,15,78,35,43,5,1,4
59228501,434,256,178,415,247,168,8,3,5,47,30,17,3,0,3,19,9,10,454,188,266,271,106,165,1,1,0,12,0,12,58,29,29,112,52,60,11,6,5
59229301,421,238,183,412,233,179,15,9,6,59,32,27,1,0,1,9,5,4,415,185,230,213,88,125,1,0,1,18,0,18,62,31,31,121,66,55,7,3,4
59230701,19,11,8,18,10,8,0,0,0,4,2,2,0,0,0,1,1,0,16,8,8,9,6,3,0,0,0,1,0,1,2,0,2,4,2,2,0,0,0
59230703,190,114,76,174,105,69,3,0,3,15,12,3,1,0,1,16,9,7,185,77,108,95,39,56,0,0,0,11,0,11,35,17,18,44,21,23,1,0,1
59232301,80,43,37,76,41,35,6,6,0,7,4,3,0,0,0,4,2,2,65,31,34,32,16,16,0,0,0,0,0,0,8,4,4,25,11,14,0,0,0
59232302,402,230,172,389,224,165,10,3,7,35,19,16,2,0,2,13,6,7,377,156,221,179,71,108,0,0,0,20,0,20,66,32,34,112,53,59,9,3,6
59234002,119,70,49,108,67,41,3,1,2,10,5,5,1,0,1,11,3,8,112,51,61,52,24,28,0,0,0,5,0,5,25,14,11,30,13,17,4,2,2
59236601,237,134,103,226,129,97,6,2,4,28,16,12,1,0,1,11,5,6,208,100,108,106,49,57,0,0,0,9,0,9,34,16,18,59,35,24,1,0,1
0960910,0,0,0,0,0,0,0,0,0,0,0,0,0,0,0,0,0,0,0,0,0,0,0,0,0,0,0,0,0,0,0,0,0,0,0,0,0,0,0
59238201,80,48,32,77,47,30,1,0,1,12,5,7,0,0,0,3,1,2,70,32,38,24,11,13,0,0,0,5,0,5,12,6,6,29,15,14,2,1,1
59238202,532,303,229,514,296,218,18,9,9,56,31,25,3,0,3,18,7,11,447,193,254,216,89,127,0,0,0,18,0,18,78,46,32,135,58,77,9,7,2
59239101,341,184,157,333,181,152,17,9,8,34,17,17,3,0,3,8,3,5,336,150,186,153,63,90,0,0,0,11,0,11,55,28,27,117,59,58,3,1,2
59240401,382,218,164,377,213,164,8,5,3,47,26,21,3,0,3,5,5,0,375,157,218,200,79,121,0,0,0,23,0,23,59,32,27,93,46,47,2,2,0
59241201,788,433,355,770,426,344,33,11,22,90,43,47,5,0,5,18,7,11,737,308,429,359,137,222,2,2,0,32,0,32,107,48,59,237,121,116,10,8,2
59242101,314,181,133,301,173,128,12,6,6,34,14,20,7,0,7,13,8,5,437,174,263,280,98,182,0,0,0,9,0,9,53,25,28,95,51,44,9,4,5
59243901,1630,902,728,1593,883,710,61,31,30,168,99,69,9,0,9,37,19,18,1573,680,893,768,311,457,2,0,2,65,0,65,234,115,119,504,254,250,14,7,7
59244701,400,220,180,388,212,176,14,4,10,36,19,17,4,0,4,12,8,4,321,141,180,138,54,84,0,0,0,20,0,20,55,24,31,108,63,45,8,7,1
59245501,702,398,304,679,384,295,19,7,12,66,35,31,3,0,3,23,14,9,656,286,370,364,149,215,2,2,0,30,0,30,101,51,50,159,84,75,1,0,1
1161900,0,0,0,0,0,0,0,0,0,0,0,0,0,0,0,0,0,0,0,0,0,0,0,0,0,0,0,0,0,0,0,0,0,0,0,0,0,0,0
59246301,392,220,172,372,212,160,10,4,6,31,19,12,2,0,2,20,8,12,400,187,213,153,61,92,0,0,0,18,0,18,71,40,31,158,86,72,2,1,1
59246303,1232,683,549,1186,655,531,25,10,15,132,73,59,10,0,10,46,28,18,1200,515,685,645,254,391,7,3,4,53,0,53,195,107,88,300,151,149,31,15,16
59247101,63,35,28,56,33,23,2,2,0,8,4,4,0,0,0,7,2,5,32,12,20,18,6,12,0,0,0,1,0,1,5,3,2,8,3,5,0,0,0
59247102,371,213,158,362,208,154,12,6,6,39,26,13,2,0,2,9,5,4,384,169,215,203,80,123,0,0,0,14,0,14,64,38,26,103,51,52,7,3,4
59248001,349,203,146,341,199,142,6,4,2,41,16,25,4,0,4,8,4,4,312,130,182,157,63,94,0,0,0,14,0,14,55,26,29,86,41,45,5,4,1
59249801,11,6,5,11,6,5,0,0,0,0,0,0,0,0,0,0,0,0,17,7,10,7,3,4,0,0,0,0,0,0,1,0,1,9,4,5,0,0,0
59249802,432,249,183,420,242,178,22,8,14,45,18,27,2,0,2,12,7,5,397,166,231,185,75,110,1,1,0,31,0,31,73,36,37,107,54,53,8,6,2
59250101,455,250,205,440,243,197,17,7,10,58,32,26,5,0,5,15,7,8,388,162,226,154,57,97,0,0,0,23,0,23,64,33,31,147,72,75,8,5,3
59251001,967,521,446,935,507,428,35,12,23,105,49,56,7,0,7,32,14,18,958,423,535,472,201,271,0,0,0,45,0,45,151,81,70,290,141,149,14,8,6
59252801,513,285,228,500,278,222,22,7,15,50,27,23,4,0,4,13,7,6,481,204,277,267,106,161,0,0,0,17,0,17,59,32,27,138,66,72,3,2,1
59253601,356,194,162,347,189,158,18,10,8,40,22,18,1,0,1,9,5,4,347,154,193,157,67,90,0,0,0,16,1,15,45,21,24,129,65,64,6,3,3
59253602,52,30,22,49,29,20,1,1,0,4,2,2,0,0,0,3,1,2,56,24,32,23,9,14,0,0,0,2,0,2,6,3,3,25,12,13,0,0,0
59253603,88,47,41,85,45,40,4,2,2,7,3,4,2,0,2,3,2,1,85,44,41,44,21,23,0,0,0,5,0,5,17,11,6,19,12,7,0,0,0
59255201,213,137,76,205,136,69,2,2,0,20,14,6,1,0,1,8,1,7,210,80,130,136,49,87,0,0,0,5,0,5,20,8,12,49,23,26,6,5,1
59256101,192,121,71,189,120,69,3,1,2,26,16,10,0,0,0,3,1,2,198,86,112,102,41,61,1,1,0,11,0,11,33,19,14,51,25,26,4,3,1
59257901,319,181,138,311,177,134,6,3,3,40,23,17,1,0,1,8,4,4,345,147,198,188,72,116,3,2,1,12,0,12,49,27,22,93,46,47,7,2,5
59258701,70,43,27,67,40,27,1,0,1,6,4,2,0,0,0,3,3,0,56,25,31,33,16,17,0,0,0,1,0,1,8,4,4,14,5,9,0,0,0
59260901,14,10,4,14,10,4,0,0,0,4,2,2,0,0,0,0,0,0,27,13,14,21,11,10,0,0,0,0,0,0,2,0,2,4,2,2,0,0,0
59260902,361,201,160,350,196,154,10,3,7,41,25,16,2,0,2,11,5,6,356,154,202,193,77,116,0,0,0,17,0,17,41,21,20,105,56,49,6,4,2
59261701,1038,587,451,1007,573,434,39,23,16,135,73,62,7,0,7,31,14,17,1061,452,609,552,213,339,5,4,1,44,0,44,141,73,68,319,162,157,22,17,5
59261702,532,296,236,516,290,226,14,5,9,67,31,36,4,0,4,16,6,10,564,225,339,317,120,197,2,1,1,32,1,31,74,37,37,139,66,73,8,5,3
59262501,173,97,76,161,90,71,4,2,2,24,12,12,0,0,0,12,7,5,180,73,107,102,41,61,0,0,0,4,0,4,24,6,18,50,26,24,6,4,2
59262502,17,14,3,15,13,2,2,0,2,1,1,0,0,0,0,2,1,1,20,9,11,13,6,7,0,0,0,2,0,2,4,2,2,1,1,0,0,0,0
59263301,76,49,27,73,46,27,3,1,2,14,8,6,1,0,1,3,3,0,73,34,39,48,22,26,0,0,0,0,0,0,11,6,5,14,6,8,2,2,0
59264101,506,290,216,491,285,206,14,5,9,47,27,20,4,0,4,15,5,10,562,253,309,261,108,153,0,0,0,27,0,27,96,53,43,178,92,86,10,7,3
59265001,305,173,132,297,169,128,14,9,5,33,16,17,1,0,1,8,4,4,280,127,153,123,55,68,2,1,1,15,0,15,45,23,22,95,48,47,1,0,1
59265002,28,20,8,27,19,8,0,0,0,1,1,0,1,0,1,1,1,0,27,13,14,19,8,11,0,0,0,0,0,0,2,2,0,6,3,3,0,0,0
59266801,119,66,53,114,63,51,7,2,5,9,6,3,0,0,0,5,3,2,96,40,56,60,20,40,0,0,0,2,0,2,9,4,5,25,16,9,2,1,1
59267601,797,424,373,768,415,353,20,9,11,80,41,39,2,0,2,29,9,20,755,353,402,381,166,215,1,1,0,32,0,32,109,56,53,232,130,102,9,7,2
59269201,818,474,344,797,464,333,24,9,15,75,39,36,3,0,3,21,10,11,699,290,409,346,128,218,0,0,0,35,0,35,111,58,53,207,104,103,13,6,7
59270601,588,332,256,572,322,250,11,4,7,57,37,20,4,0,4,16,10,6,521,206,315,244,96,148,2,0,2,28,0,28,101,47,54,146,63,83,6,4,2
59271401,117,69,48,113,67,46,4,3,1,11,6,5,2,0,2,4,2,2,115,45,70,55,19,36,0,0,0,3,0,3,12,4,8,45,22,23,0,0,0
59272201,551,310,241,537,304,233,18,11,7,78,40,38,5,1,4,14,6,8,535,232,303,240,97,143,0,0,0,30,1,29,104,58,46,161,76,85,9,8,1
1730370,0,0,0,0,0,0,0,0,0,0,0,0,0,0,0,0,0,0,0,0,0,0,0,0,0,0,0,0,0,0,0,0,0,0,0,0,0,0,0
1731000,0,0,0,0,0,0,0,0,0,0,0,0,0,0,0,0,0,0,0,0,0,0,0,0,0,0,0,0,0,0,0,0,0,0,0,0,0,0,0
59273101,37,16,21,37,16,21,2,0,2,4,2,2,0,0,0,0,0,0,28,14,14,21,10,11,0,0,0,1,0,1,4,2,2,2,2,0,0,0,0
59273102,401,221,180,392,217,175,17,9,8,62,36,26,6,0,6,9,4,5,335,139,196,198,82,116,1,1,0,5,0,5,37,15,22,94,41,53,3,1,2
59273104,12,7,5,11,7,4,0,0,0,1,1,0,0,0,0,1,0,1,11,4,7,5,2,3,0,0,0,1,0,1,4,2,2,1,0,1,0,0,0
59273105,119,65,54,117,64,53,5,3,2,11,4,7,0,0,0,2,1,1,111,52,59,57,27,30,0,0,0,6,0,6,12,8,4,36,17,19,0,0,0
59273106,373,215,158,364,211,153,13,10,3,35,16,19,3,0,3,9,4,5,369,154,215,187,75,112,0,0,0,18,0,18,54,31,23,110,48,62,3,0,3
59273107,509,296,213,497,288,209,12,9,3,53,26,27,3,0,3,12,8,4,512,223,289,249,100,149,0,0,0,27,0,27,88,49,39,148,74,74,3,1,2
59273108,16,11,5,15,10,5,0,0,0,3,1,2,0,0,0,1,1,0,16,8,8,9,5,4,0,0,0,0,0,0,2,1,1,5,2,3,1,1,0
59273110,45,26,19,43,25,18,2,1,1,7,3,4,1,0,1,2,1,1,46,22,24,27,12,15,0,0,0,1,0,1,5,1,4,13,9,4,1,0,1
59273112,482,240,242,460,232,228,31,15,16,69,34,35,6,0,6,22,8,14,453,192,261,250,94,156,4,3,1,12,1,11,48,19,29,139,75,64,5,1,4
59273113,2080,1098,982,1998,1066,932,54,24,30,261,118,143,22,0,22,82,32,50,2387,993,1394,1446,538,908,7,4,3,93,1,92,296,150,146,545,300,245,28,13,15
59273114,1147,651,496,1088,618,470,56,35,21,157,71,86,4,0,4,59,33,26,934,409,525,459,201,258,3,1,2,53,0,53,156,76,80,263,131,132,51,36,15
59273115,506,275,231,490,269,221,21,11,10,73,40,33,4,0,4,16,6,10,350,157,193,162,66,96,1,1,0,13,0,13,45,21,24,129,69,60,2,2,0
59273117,1163,638,525,1115,610,505,44,18,26,144,76,68,5,0,5,48,28,20,1040,453,587,486,204,282,3,2,1,49,1,48,166,77,89,336,169,167,6,3,3
59273119,1312,713,599,1267,698,569,44,22,22,162,82,80,15,0,15,45,15,30,1131,502,629,474,190,284,5,1,4,65,0,65,227,116,111,360,195,165,20,7,13
59273120,40,31,9,38,29,9,0,0,0,2,1,1,0,0,0,2,2,0,4,2,2,2,2,0,0,0,0,0,0,0,1,0,1,1,0,1,1,1,0
59274901,249,134,115,238,129,109,7,2,5,31,14,17,3,1,2,11,5,6,263,120,143,136,64,72,0,0,0,10,0,10,45,24,21,72,32,40,5,1,4
59274902,1233,667,566,1189,650,539,47,17,30,115,45,70,11,0,11,44,17,27,1235,521,714,678,257,421,2,1,1,49,0,49,184,97,87,322,166,156,6,2,4
59274903,549,318,231,514,298,216,19,9,10,68,33,35,7,0,7,35,20,15,541,232,309,288,117,171,0,0,0,19,0,19,78,35,43,156,80,76,16,13,3
59275701,110,67,43,107,67,40,2,0,2,16,9,7,0,0,0,3,0,3,125,51,74,64,29,35,0,0,0,6,0,6,23,12,11,32,10,22,1,1,0
59277301,24,14,10,24,14,10,0,0,0,6,2,4,0,0,0,0,0,0,27,18,9,11,9,2,0,0,0,1,0,1,4,2,2,11,7,4,0,0,0
59277303,24,13,11,23,13,10,0,0,0,7,4,3,0,0,0,1,0,1,22,12,10,11,7,4,0,0,0,1,0,1,1,0,1,9,5,4,1,1,0
59277304,42,23,19,39,22,17,1,1,0,6,2,4,0,0,0,3,1,2,42,22,20,22,12,10,0,0,0,1,0,1,2,1,1,17,9,8,1,1,0
59278101,199,112,87,192,109,83,6,1,5,24,16,8,5,0,5,7,3,4,202,89,113,110,45,65,0,0,0,5,0,5,24,10,14,63,34,29,2,2,0
59279001,491,264,227,482,260,222,17,8,9,69,42,27,3,0,3,9,4,5,602,260,342,347,139,208,0,0,0,24,0,24,86,50,36,145,71,74,6,3,3
59280301,261,152,109,258,152,106,6,4,2,30,16,14,2,0,2,3,0,3,260,116,144,144,57,87,1,1,0,11,0,11,30,14,16,74,44,30,1,1,0
59282001,1423,794,629,1383,774,609,41,22,19,153,85,68,10,0,10,40,20,20,1378,611,767,688,281,407,0,0,0,70,1,69,227,124,103,393,205,188,9,4,5
59283801,41,26,15,38,25,13,0,0,0,6,5,1,1,0,1,3,1,2,50,26,24,18,9,9,0,0,0,4,0,4,16,9,7,12,8,4,5,2,3
59283802,13,8,5,11,6,5,1,1,0,0,0,0,0,0,0,2,2,0,18,13,5,8,5,3,2,1,1,0,0,0,1,1,0,7,6,1,1,1,0
59283803,10,8,2,8,6,2,0,0,0,2,2,0,1,0,1,2,2,0,14,5,9,7,3,4,0,0,0,1,0,1,3,1,2,3,1,2,1,0,1
59284601,492,283,209,470,272,198,15,8,7,53,32,21,2,0,2,22,11,11,449,202,247,228,93,135,0,0,0,25,0,25,64,30,34,132,79,53,6,2,4
59285401,157,90,67,145,84,61,6,1,5,14,7,7,1,0,1,12,6,6,159,73,86,74,36,38,0,0,0,13,1,12,38,21,17,34,15,19,5,3,2
59286201,790,446,344,768,436,332,20,9,11,88,44,44,4,0,4,22,10,12,790,345,445,387,163,224,1,1,0,32,0,32,109,58,51,261,123,138,7,3,4
59287102,20,10,10,19,10,9,0,0,0,2,1,1,0,0,0,1,0,1,19,8,11,6,2,4,0,0,0,0,0,0,3,2,1,10,4,6,3,2,1
59287105,50,33,17,47,32,15,0,0,0,8,5,3,0,0,0,3,1,2,73,28,45,34,15,19,1,1,0,7,0,7,15,8,7,16,4,12,5,3,2
50006201,947,499,448,919,489,430,37,16,21,77,36,41,12,0,12,28,10,18,871,409,462,397,170,227,1,1,0,39,0,39,151,87,64,283,151,132,3,2,1
50006202,111,60,51,106,57,49,3,3,0,8,6,2,1,0,1,5,3,2,88,41,47,33,13,20,0,0,0,2,0,2,14,6,8,39,22,17,0,0,0
50007101,907,505,402,874,493,381,28,14,14,78,43,35,6,0,6,33,12,21,804,366,438,386,159,227,0,0,0,39,0,39,129,67,62,250,140,110,5,4,1
3311710,0,0,0,0,0,0,0,0,0,0,0,0,0,0,0,0,0,0,0,0,0,0,0,0,0,0,0,0,0,0,0,0,0,0,0,0,0,0,0
3410700,0,0,0,0,0,0,0,0,0,0,0,0,0,0,0,0,0,0,0,0,0,0,0,0,0,0,0,0,0,0,0,0,0,0,0,0,0,0,0
54163001,1016,537,479,967,509,458,20,5,15,106,51,55,8,0,8,49,28,21,1144,472,672,598,217,381,1,1,0,55,0,55,155,87,68,335,167,168,6,2,4
54163002,21,12,9,20,11,9,0,0,0,1,1,0,0,0,0,1,1,0,12,6,6,5,2,3,0,0,0,0,0,0,1,0,1,6,4,2,0,0,0
54163004,52,30,22,50,29,21,1,1,0,5,3,2,1,0,1,2,1,1,43,17,26,31,15,16,0,0,0,1,0,1,6,1,5,5,1,4,0,0,0
54163005,601,331,270,572,316,256,17,11,6,72,45,27,8,0,8,29,15,14,565,249,316,296,119,177,4,2,2,21,0,21,71,39,32,173,89,84,2,1,1
54163006,108,55,53,104,53,51,3,0,3,18,8,10,2,0,2,4,2,2,185,75,110,152,55,97,0,0,0,1,0,1,10,5,5,22,15,7,2,2,0
54163008,427,253,174,382,219,163,18,9,9,53,30,23,0,0,0,45,34,11,350,154,196,184,79,105,0,0,0,14,0,14,48,26,22,104,49,55,3,1,2
54163009,44,24,20,43,23,20,2,1,1,3,1,2,0,0,0,1,1,0,66,29,37,26,11,15,1,0,1,2,0,2,12,3,9,25,15,10,1,1,0
54163010,234,129,105,224,124,100,5,2,3,28,20,8,3,0,3,10,5,5,209,88,121,96,36,60,0,0,0,7,0,7,24,12,12,82,40,42,2,2,0
54163011,1501,775,726,1447,739,708,31,16,15,172,87,85,8,0,8,54,36,18,1188,517,671,555,227,328,1,1,0,54,0,54,208,105,103,370,184,186,7,3,4
54163012,287,161,126,234,127,107,6,2,4,23,8,15,1,0,1,53,34,19,327,125,202,167,54,113,2,0,2,15,0,15,67,31,36,76,40,36,4,2,2
54163013,187,106,81,182,103,79,10,5,5,14,7,7,0,0,0,5,3,2,148,69,79,66,27,39,0,0,0,5,0,5,27,14,13,50,28,22,0,0,0
54163014,1157,629,528,1101,602,499,38,20,18,138,66,72,4,0,4,56,27,29,1249,484,765,761,261,500,5,3,2,36,0,36,145,73,72,302,147,155,7,5,2
54163015,1290,683,607,1227,654,573,43,22,21,125,58,67,12,0,12,63,29,34,1279,506,773,712,251,461,5,3,2,59,0,59,188,99,89,315,153,162,8,4,4
54163016,1170,604,566,1085,562,523,31,13,18,96,39,57,9,0,9,85,42,43,1184,489,695,641,252,389,3,2,1,53,0,53,190,84,106,297,151,146,9,2,7
54163018,306,159,147,277,146,131,11,1,10,20,10,10,2,0,2,29,13,16,199,86,113,77,29,48,2,2,0,10,0,10,45,22,23,65,33,32,1,1,0
54163019,650,335,315,627,325,302,21,13,8,54,26,28,4,0,4,23,10,13,397,162,235,167,63,104,2,1,1,27,0,27,86,49,37,115,49,66,3,2,1
54163020,1099,587,512,1049,558,491,29,6,23,90,46,44,12,0,12,50,29,21,1084,427,657,569,190,379,1,1,0,54,0,54,174,85,89,286,151,135,11,7,4
54163021,218,119,99,138,71,67,3,1,2,10,4,6,0,0,0,80,48,32,289,119,170,47,15,32,0,0,0,27,1,26,112,50,62,103,53,50,8,5,3
54163022,136,100,36,136,100,36,0,0,0,0,0,0,0,0,0,0,0,0,0,0,0,0,0,0,0,0,0,0,0,0,0,0,0,0,0,0,6,6,0
54163023,90,49,41,90,49,41,4,2,2,16,9,7,0,0,0,0,0,0,77,31,46,34,12,22,0,0,0,2,0,2,7,0,7,34,19,15,2,0,2
54163024,450,253,197,421,237,184,11,6,5,50,20,30,3,0,3,29,16,13,498,215,283,291,122,169,1,0,1,23,0,23,72,40,32,111,53,58,3,1,2
54163026,238,129,109,224,123,101,11,7,4,21,8,13,3,0,3,14,6,8,220,84,136,99,38,61,1,0,1,9,0,9,41,13,28,70,33,37,1,1,0
54163027,35,23,12,33,23,10,1,0,1,4,3,1,0,0,0,2,0,2,34,14,20,17,6,11,0,0,0,1,0,1,6,3,3,10,5,5,0,0,0
54163028,1198,669,529,1063,586,477,35,16,19,97,48,49,7,0,7,135,83,52,841,369,472,411,166,245,2,2,0,40,0,40,153,73,80,235,128,107,120,89,31
54163029,337,168,169,327,160,167,16,4,12,33,16,17,0,0,0,10,8,2,310,126,184,194,72,122,1,1,0,17,0,17,30,17,13,68,36,32,2,1,1
54164801,27,20,7,25,20,5,2,2,0,1,1,0,0,0,0,2,0,2,18,10,8,8,4,4,0,0,0,1,0,1,5,2,3,4,4,0,4,2,2
54164802,481,280,201,448,261,187,15,3,12,41,25,16,2,0,2,33,19,14,434,194,240,176,75,101,1,1,0,30,0,30,81,39,42,146,79,67,8,4,4
54171101,53,31,22,49,30,19,5,2,3,7,4,3,1,0,1,4,1,3,55,24,31,37,15,22,0,0,0,3,0,3,8,5,3,7,4,3,0,0,0
54171102,89,52,37,84,49,35,2,2,0,6,2,4,2,0,2,5,3,2,81,29,52,43,15,28,1,0,1,2,0,2,13,6,7,22,8,14,1,1,0
54171103,18,8,10,18,8,10,0,0,0,1,1,0,0,0,0,0,0,0,12,6,6,9,4,5,0,0,0,0,0,0,3,2,1,0,0,0,0,0,0
54171104,355,199,156,327,185,142,12,8,4,31,14,17,3,0,3,28,14,14,338,144,194,148,59,89,2,1,1,18,0,18,57,25,32,113,59,54,3,1,2
0285680,0,0,0,0,0,0,0,0,0,0,0,0,0,0,0,0,0,0,0,0,0,0,0,0,0,0,0,0,0,0,0,0,0,0,0,0,0,0,0
54180001,19,12,7,17,10,7,1,1,0,1,0,1,0,0,0,2,2,0,12,6,6,7,4,3,0,0,0,1,0,1,1,1,0,3,1,2,0,0,0
54180002,33,16,17,32,16,16,3,2,1,6,3,3,0,0,0,1,0,1,32,15,17,20,8,12,0,0,0,0,0,0,3,2,1,9,5,4,0,0,0
54180003,9,5,4,9,5,4,1,1,0,0,0,0,1,0,1,0,0,0,11,4,7,6,3,3,0,0,0,0,0,0,3,1,2,2,0,2,0,0,0
54180004,852,478,374,804,451,353,24,8,16,73,45,28,3,1,2,48,27,21,816,358,458,388,152,236,4,3,1,47,0,47,127,69,58,250,134,116,11,5,6
54180006,16,10,6,14,9,5,1,0,1,0,0,0,0,0,0,2,1,1,20,8,12,9,3,6,0,0,0,2,0,2,3,2,1,6,3,3,0,0,0
54264402,44,26,18,39,23,16,2,0,2,0,0,0,2,0,2,5,3,2,37,19,18,16,8,8,0,0,0,1,0,1,5,4,1,15,7,8,0,0,0
54264403,698,395,303,670,378,292,16,10,6,50,25,25,8,0,8,28,17,11,560,237,323,259,107,152,1,1,0,24,0,24,101,43,58,175,86,89,11,9,2
54264404,35,22,13,33,21,12,1,1,0,4,2,2,1,0,1,2,1,1,37,21,16,25,13,12,0,0,0,1,0,1,5,4,1,6,4,2,0,0,0
54267901,607,322,285,578,300,278,27,14,13,38,14,24,5,0,5,29,22,7,548,224,324,248,92,156,1,0,1,26,0,26,92,44,48,181,88,93,9,6,3
54267902,108,56,52,103,55,48,4,2,2,9,3,6,1,0,1,5,1,4,84,41,43,44,20,24,0,0,0,1,0,1,10,7,3,29,14,15,1,0,1
54267903,99,52,47,95,49,46,0,0,0,11,5,6,1,0,1,4,3,1,109,51,58,58,25,33,1,1,0,6,0,6,11,7,4,33,18,15,0,0,0
54267904,53,29,24,48,26,22,1,1,0,6,1,5,0,0,0,5,3,2,62,28,34,39,18,21,0,0,0,0,0,0,5,2,3,18,8,10,0,0,0
54267905,33,23,10,29,20,9,2,1,1,2,1,1,0,0,0,4,3,1,42,15,27,13,3,10,0,0,0,6,0,6,13,7,6,10,5,5,0,0,0
54267906,54,35,19,52,33,19,1,1,0,5,4,1,2,0,2,2,2,0,41,11,30,20,7,13,0,0,0,0,0,0,5,1,4,16,3,13,0,0,0
54267907,42,24,18,39,22,17,3,1,2,2,1,1,1,0,1,3,2,1,45,24,21,14,7,7,1,1,0,2,0,2,11,6,5,17,10,7,0,0,0
54267908,123,67,56,117,63,54,4,2,2,9,5,4,0,0,0,6,4,2,118,62,56,52,21,31,1,1,0,3,0,3,12,7,5,50,33,17,1,1,0
54267909,64,36,28,59,32,27,1,0,1,3,2,1,0,0,0,5,4,1,73,33,40,30,12,18,0,0,0,5,0,5,17,11,6,21,10,11,0,0,0
54268702,72,37,35,69,34,35,2,0,2,10,5,5,1,0,1,3,3,0,79,38,41,40,18,22,0,0,0,3,0,3,14,9,5,22,11,11,1,1,0
54268703,10,5,5,9,5,4,0,0,0,2,1,1,0,0,0,1,0,1,12,7,5,5,4,1,0,0,0,0,0,0,3,0,3,4,3,1,1,0,1
54268704,31,16,15,29,16,13,0,0,0,3,2,1,1,0,1,2,0,2,26,14,12,11,7,4,0,0,0,1,0,1,4,2,2,10,5,5,0,0,0
54268706,216,121,95,204,115,89,11,3,8,20,11,9,1,0,1,12,6,6,224,98,126,120,50,70,2,1,1,10,0,10,32,16,16,60,31,29,2,0,2
54268707,27,18,9,24,15,9,1,0,1,0,0,0,0,0,0,3,3,0,30,13,17,15,9,6,0,0,0,3,0,3,9,3,6,3,1,2,0,0,0
54268710,21,13,8,19,12,7,0,0,0,3,3,0,0,0,0,2,1,1,19,9,10,13,6,7,0,0,0,1,0,1,4,2,2,1,1,0,1,1,0
54268711,17,7,10,17,7,10,0,0,0,2,1,1,0,0,0,0,0,0,15,6,9,11,6,5,0,0,0,0,0,0,0,0,0,4,0,4,0,0,0
54268712,17,12,5,16,11,5,0,0,0,1,0,1,0,0,0,1,1,0,28,11,17,11,5,6,0,0,0,2,0,2,6,2,4,9,4,5,0,0,0
54268713,17,9,8,16,9,7,1,0,1,5,5,0,0,0,0,1,0,1,10,2,8,6,2,4,0,0,0,0,0,0,0,0,0,4,0,4,0,0,0
54268714,29,16,13,26,15,11,0,0,0,0,0,0,0,0,0,3,1,2,21,6,15,10,3,7,0,0,0,0,0,0,2,0,2,9,3,6,1,1,0
54268715,32,18,14,26,14,12,2,1,1,2,1,1,1,0,1,6,4,2,32,15,17,18,8,10,0,0,0,2,0,2,6,3,3,6,4,2,0,0,0
54268716,136,83,53,131,83,48,4,2,2,10,8,2,1,0,1,5,0,5,135,59,76,67,25,42,0,0,0,8,0,8,28,16,12,32,18,14,4,3,1
54268717,100,54,46,94,50,44,3,2,1,7,5,2,1,1,0,6,4,2,87,36,51,50,16,34,1,1,0,1,0,1,10,7,3,25,12,13,0,0,0
54268718,439,263,176,397,240,157,9,4,5,41,20,21,4,0,4,42,23,19,477,212,265,248,100,148,3,1,2,23,0,23,70,35,35,133,76,57,10,4,6
54272501,696,393,303,665,375,290,20,10,10,56,30,26,2,0,2,31,18,13,591,267,324,261,109,152,0,0,0,30,0,30,89,43,46,211,115,96,4,1,3
54275001,1047,580,467,999,549,450,27,12,15,106,58,48,10,0,10,48,31,17,956,406,550,419,164,255,1,1,0,48,0,48,169,84,85,319,157,162,10,7,3
54275002,21,13,8,20,12,8,0,0,0,3,2,1,0,0,0,1,1,0,17,6,11,9,3,6,0,0,0,1,0,1,5,2,3,2,1,1,1,1,0
54275003,63,36,27,59,34,25,2,1,1,6,2,4,0,0,0,4,2,2,61,27,34,31,15,16,0,0,0,3,1,2,12,6,6,15,5,10,0,0,0
54276801,840,464,376,813,448,365,29,10,19,70,39,31,7,0,7,27,16,11,728,329,399,316,130,186,0,0,0,28,0,28,130,60,70,254,139,115,9,3,6
54276802,42,21,21,41,21,20,2,0,2,5,3,2,0,0,0,1,0,1,37,13,24,16,7,9,0,0,0,2,0,2,8,2,6,11,4,7,0,0,0
54276803,272,153,119,262,147,115,9,4,5,24,11,13,2,0,2,10,6,4,286,109,177,138,55,83,0,0,0,22,0,22,49,18,31,77,36,41,3,2,1
54276804,16,10,6,16,10,6,0,0,0,1,1,0,0,0,0,0,0,0,20,7,13,14,5,9,0,0,0,0,0,0,1,0,1,5,2,3,0,0,0
54278401,40,20,20,38,18,20,0,0,0,2,1,1,0,0,0,2,2,0,23,10,13,7,4,3,0,0,0,1,0,1,5,1,4,10,5,5,0,0,0
54278402,16,5,11,16,5,11,0,0,0,4,2,2,0,0,0,0,0,0,16,8,8,12,6,6,0,0,0,0,0,0,0,0,0,4,2,2,0,0,0
54278403,21,11,10,20,10,10,0,0,0,2,1,1,0,0,0,1,1,0,18,8,10,12,4,8,0,0,0,0,0,0,2,2,0,4,2,2,0,0,0
54278404,27,12,15,26,11,15,0,0,0,3,1,2,0,0,0,1,1,0,29,13,16,10,4,6,0,0,0,2,0,2,6,4,2,11,5,6,0,0,0
54278407,170,100,70,158,92,66,3,2,1,12,7,5,2,0,2,12,8,4,169,78,91,69,28,41,1,0,1,11,0,11,33,15,18,55,35,20,4,3,1
54278408,63,36,27,61,34,27,1,1,0,6,3,3,2,0,2,2,2,0,46,20,26,22,12,10,0,0,0,0,0,0,6,1,5,18,7,11,0,0,0
54278409,70,39,31,63,34,29,1,1,0,3,1,2,1,0,1,7,5,2,62,25,37,19,6,13,0,0,0,5,0,5,14,7,7,24,12,12,0,0,0
54278410,45,27,18,42,26,16,5,3,2,2,1,1,0,0,0,3,1,2,61,27,34,24,12,12,0,0,0,9,0,9,15,9,6,13,6,7,0,0,0
54278411,354,197,157,335,188,147,10,5,5,30,13,17,2,0,2,19,9,10,309,124,185,154,61,93,2,1,1,14,0,14,48,22,26,91,40,51,3,1,2
54278412,163,92,71,152,83,69,2,0,2,13,5,8,1,0,1,11,9,2,132,56,76,46,23,23,0,0,0,13,1,12,25,12,13,48,20,28,2,0,2
54278413,23,14,9,23,14,9,1,0,1,2,2,0,0,0,0,0,0,0,22,14,8,10,5,5,0,0,0,0,0,0,3,2,1,9,7,2,1,0,1
54278414,118,70,48,110,65,45,2,0,2,13,7,6,1,0,1,8,5,3,77,34,43,36,14,22,1,1,0,5,0,5,15,8,7,20,11,9,0,0,0
54281401,374,205,169,352,190,162,18,5,13,32,16,16,9,0,9,22,15,7,354,160,194,155,61,94,0,0,0,22,0,22,75,42,33,102,57,45,9,4,5
54281402,23,11,12,22,10,12,0,0,0,2,0,2,0,0,0,1,1,0,20,8,12,7,3,4,0,0,0,0,0,0,1,1,0,12,4,8,0,0,0
54281403,88,47,41,82,44,38,3,0,3,22,13,9,0,0,0,6,3,3,73,25,48,36,16,20,0,0,0,5,0,5,13,4,9,19,5,14,1,0,1
54281404,46,27,19,43,24,19,1,0,1,7,4,3,1,0,1,3,3,0,61,27,34,26,9,17,0,0,0,3,0,3,11,7,4,21,11,10,1,1,0
54281405,23,15,8,21,13,8,1,1,0,5,3,2,0,0,0,2,2,0,20,11,9,12,5,7,0,0,0,1,0,1,3,2,1,4,4,0,0,0,0
54281406,349,201,148,334,190,144,13,7,6,34,21,13,4,0,4,15,11,4,398,167,231,197,80,117,1,0,1,14,0,14,59,24,35,127,63,64,0,0,0
54281407,10,7,3,9,6,3,0,0,0,1,1,0,0,0,0,1,1,0,17,6,11,8,2,6,0,0,0,1,0,1,4,1,3,4,3,1,2,2,0
54281408,28,16,12,25,16,9,0,0,0,3,3,0,0,0,0,3,0,3,32,12,20,21,8,13,0,0,0,1,0,1,3,2,1,7,2,5,0,0,0
54283101,12,7,5,12,7,5,1,0,1,2,2,0,0,0,0,0,0,0,9,4,5,8,3,5,0,0,0,0,0,0,0,0,0,1,1,0,0,0,0
54283102,365,201,164,347,191,156,11,4,7,32,18,14,5,0,5,18,10,8,350,153,197,171,64,107,0,0,0,17,0,17,56,29,27,106,60,46,3,2,1
54286501,978,551,427,940,526,414,27,14,13,79,45,34,6,0,6,38,25,13,907,401,506,437,181,256,1,1,0,41,1,40,146,67,79,282,151,131,20,12,8
54286504,21,15,6,21,15,6,0,0,0,0,0,0,0,0,0,0,0,0,22,14,8,14,8,6,1,1,0,0,0,0,2,1,1,5,4,1,0,0,0
54290301,272,139,133,259,135,124,13,8,5,18,7,11,1,0,1,13,4,9,237,116,121,100,44,56,0,0,0,7,0,7,44,22,22,86,50,36,5,2,3
54290302,43,25,18,42,25,17,1,1,0,2,2,0,0,0,0,1,0,1,38,16,22,12,6,6,0,0,0,5,0,5,13,5,8,8,5,3,1,0,1
54290303,56,30,26,54,29,25,1,0,1,3,2,1,2,0,2,2,1,1,47,25,22,6,3,3,0,0,0,2,0,2,15,12,3,24,10,14,0,0,0
54290305,72,43,29,66,40,26,3,2,1,6,3,3,0,0,0,6,3,3,58,29,29,32,13,19,0,0,0,1,0,1,5,3,2,20,13,7,2,1,1
54291101,85,50,35,80,48,32,3,1,2,6,4,2,0,0,0,5,2,3,94,46,48,56,27,29,1,1,0,6,0,6,11,5,6,20,13,7,0,0,0
54291103,26,18,8,25,18,7,0,0,0,2,2,0,0,0,0,1,0,1,26,14,12,16,6,10,0,0,0,1,0,1,2,2,0,7,6,1,0,0,0
54291104,1000,549,451,926,516,410,27,16,11,87,47,40,4,0,4,74,33,41,1139,509,630,677,260,417,6,3,3,30,0,30,136,77,59,290,169,121,30,21,9
54291105,30,19,11,26,18,8,0,0,0,7,5,2,0,0,0,4,1,3,27,10,17,17,6,11,0,0,0,1,0,1,4,2,2,5,2,3,1,0,1
54294602,28,16,12,28,16,12,2,0,2,1,0,1,0,0,0,0,0,0,22,9,13,6,3,3,0,0,0,0,0,0,3,1,2,13,5,8,0,0,0
54294603,502,297,205,474,284,190,11,6,5,54,30,24,2,0,2,28,13,15,472,224,248,209,83,126,0,0,0,28,0,28,69,43,26,166,98,68,2,1,1
54298901,50,31,19,45,28,17,4,1,3,5,3,2,1,0,1,5,3,2,50,18,32,22,7,15,0,0,0,2,0,2,11,5,6,15,6,9,1,0,1
54298902,85,49,36,82,47,35,5,3,2,10,5,5,1,0,1,3,2,1,65,29,36,32,13,19,0,0,0,5,0,5,14,9,5,14,7,7,0,0,0
54298903,80,46,34,74,44,30,1,1,0,6,2,4,2,0,2,6,2,4,57,29,28,34,18,16,0,0,0,2,0,2,9,5,4,12,6,6,0,0,0
54298904,131,77,54,127,74,53,2,0,2,8,5,3,1,0,1,4,3,1,123,54,69,58,22,36,0,0,0,6,0,6,20,12,8,39,20,19,0,0,0
54298905,629,345,284,596,325,271,15,6,9,53,27,26,2,0,2,33,20,13,551,257,294,217,91,126,3,2,1,27,0,27,116,66,50,188,98,90,8,0,8
54298906,369,210,159,359,207,152,11,4,7,32,21,11,1,0,1,10,3,7,379,164,215,184,66,118,0,0,0,15,0,15,53,26,27,127,72,55,0,0,0
54299701,244,129,115,236,126,110,17,3,14,15,10,5,3,0,3,8,3,5,206,105,101,89,37,52,0,0,0,16,0,16,44,31,13,57,37,20,1,1,0
54302101,29,18,11,28,17,11,0,0,0,3,2,1,0,0,0,1,1,0,16,9,7,8,4,4,0,0,0,0,0,0,1,0,1,7,5,2,1,1,0
54302102,290,170,120,274,160,114,12,5,7,31,16,15,3,1,2,16,10,6,282,134,148,127,58,69,0,0,0,22,0,22,61,34,27,72,42,30,3,0,3
54309801,438,245,193,418,235,183,11,2,9,32,16,16,6,0,6,20,10,10,384,161,223,164,65,99,0,0,0,16,0,16,67,32,35,137,64,73,7,2,5
54426401,350,205,145,337,196,141,10,6,4,26,14,12,5,0,5,13,9,4,279,111,168,133,55,78,0,0,0,16,0,16,44,18,26,86,38,48,4,2,2
54430201,195,108,87,187,106,81,6,1,5,9,4,5,1,0,1,8,2,6,199,97,102,100,40,60,1,1,0,8,0,8,33,22,11,57,34,23,0,0,0
54430202,382,208,174,361,197,164,16,8,8,27,9,18,3,0,3,21,11,10,329,143,186,131,50,81,0,0,0,19,0,19,73,43,30,106,50,56,8,4,4
54430203,108,57,51,107,56,51,3,1,2,10,6,4,1,0,1,1,1,0,106,53,53,59,31,28,0,0,0,5,0,5,13,8,5,29,14,15,0,0,0
54430204,73,38,35,66,36,30,1,0,1,3,1,2,0,0,0,7,2,5,68,24,44,28,8,20,0,0,0,3,0,3,10,4,6,27,12,15,2,0,2
54430206,130,73,57,126,72,54,4,0,4,7,4,3,2,0,2,4,1,3,123,50,73,54,22,32,0,0,0,7,0,7,22,10,12,40,18,22,1,0,1
54430207,69,37,32,66,35,31,5,0,5,6,2,4,1,0,1,3,2,1,44,17,27,26,10,16,0,0,0,2,0,2,6,3,3,10,4,6,0,0,0
54430208,100,61,39,96,59,37,3,1,2,6,3,3,0,0,0,4,2,2,70,25,45,23,9,14,0,0,0,7,0,7,13,6,7,27,10,17,0,0,0
54437001,890,507,383,840,484,356,23,10,13,73,39,34,8,0,8,50,23,27,789,341,448,336,132,204,3,0,3,48,1,47,127,61,66,275,147,128,6,5,1
54437003,19,11,8,19,11,8,1,1,0,0,0,0,0,0,0,0,0,0,15,8,7,4,3,1,0,0,0,0,0,0,2,1,1,9,4,5,0,0,0
54439601,15,6,9,14,6,8,0,0,0,1,1,0,0,0,0,1,0,1,11,5,6,5,3,2,0,0,0,0,0,0,2,1,1,4,1,3,0,0,0
54439602,14,9,5,13,8,5,0,0,0,2,1,1,0,0,0,1,1,0,15,5,10,8,1,7,0,0,0,1,0,1,1,0,1,5,4,1,0,0,0
54439603,28,15,13,26,14,12,0,0,0,6,4,2,0,0,0,2,1,1,22,8,14,8,2,6,0,0,0,2,0,2,9,4,5,3,2,1,0,0,0
54439604,660,369,291,634,355,279,22,7,15,54,30,24,6,0,6,26,14,12,633,250,383,267,108,159,0,0,0,38,0,38,121,52,69,207,90,117,14,8,6
54439605,34,23,11,32,22,10,1,0,1,2,2,0,0,0,0,2,1,1,31,9,22,9,3,6,0,0,0,6,0,6,10,4,6,6,2,4,0,0,0
54441801,68,40,28,63,37,26,2,1,1,6,4,2,1,0,1,5,3,2,59,20,39,26,8,18,0,0,0,6,0,6,19,6,13,8,6,2,0,0,0
54441802,338,184,154,318,172,146,12,5,7,19,8,11,6,0,6,20,12,8,322,127,195,127,48,79,0,0,0,20,0,20,62,32,30,113,47,66,5,4,1
54443402,32,19,13,29,18,11,2,1,1,2,2,0,0,0,0,3,1,2,31,12,19,12,6,6,0,0,0,3,1,2,8,2,6,8,3,5,0,0,0
54443405,268,150,118,254,145,109,7,2,5,25,12,13,3,0,3,14,5,9,248,101,147,125,50,75,0,0,0,13,0,13,41,17,24,69,34,35,1,0,1
54446901,29,15,14,26,13,13,1,1,0,3,2,1,0,0,0,3,2,1,24,10,14,17,5,12,0,0,0,0,0,0,4,3,1,3,2,1,0,0,0
54446902,124,66,58,120,64,56,1,0,1,25,14,11,1,0,1,4,2,2,89,44,45,54,25,29,0,0,0,2,0,2,11,6,5,22,13,9,3,2,1
54450701,11,7,4,10,6,4,0,0,0,0,0,0,0,0,0,1,1,0,20,13,7,14,7,7,0,0,0,0,0,0,3,3,0,3,3,0,0,0,0
54450702,16,9,7,16,9,7,1,1,0,0,0,0,1,0,1,0,0,0,14,7,7,9,5,4,0,0,0,0,0,0,3,2,1,2,0,2,0,0,0
54450703,348,194,154,339,188,151,10,7,3,29,14,15,2,0,2,9,6,3,370,175,195,133,57,76,0,0,0,21,0,21,76,40,36,140,78,62,3,3,0
54450704,16,9,7,15,9,6,0,0,0,3,2,1,0,0,0,1,0,1,7,2,5,4,1,3,0,0,0,0,0,0,1,1,0,2,0,2,0,0,0
54456601,15,11,4,15,11,4,0,0,0,1,0,1,1,0,1,0,0,0,15,7,8,12,5,7,0,0,0,0,0,0,3,2,1,0,0,0,0,0,0
54456602,913,522,391,869,495,374,29,11,18,76,37,39,7,0,7,44,27,17,869,381,488,486,203,283,0,0,0,27,0,27,136,72,64,220,106,114,19,17,2
54456603,269,149,120,252,139,113,6,3,3,27,11,16,0,0,0,17,10,7,229,111,118,107,41,66,0,0,0,7,0,7,30,17,13,85,53,32,3,2,1
54456604,39,21,18,37,21,16,1,0,1,2,2,0,0,0,0,2,0,2,25,12,13,8,4,4,0,0,0,1,0,1,3,2,1,13,6,7,1,0,1
54457401,187,103,84,182,100,82,7,4,3,11,4,7,2,0,2,5,3,2,144,68,76,73,33,40,0,0,0,6,0,6,29,18,11,36,17,19,2,0,2
54457402,34,20,14,33,20,13,0,0,0,5,2,3,0,0,0,1,0,1,30,14,16,7,3,4,0,0,0,3,0,3,9,5,4,11,6,5,0,0,0
54457403,29,15,14,29,15,14,1,0,1,2,2,0,0,0,0,0,0,0,33,13,20,18,8,10,0,0,0,1,0,1,7,3,4,7,2,5,0,0,0
54462101,285,159,126,275,155,120,12,7,5,11,3,8,3,0,3,10,4,6,281,122,159,104,44,60,1,0,1,16,0,16,60,25,35,100,53,47,3,1,2
54465501,295,158,137,282,152,130,5,1,4,19,9,10,0,0,0,13,6,7,256,110,146,125,49,76,2,0,2,9,0,9,49,30,19,71,31,40,8,4,4
54467101,243,138,105,236,134,102,6,3,3,22,13,9,1,0,1,7,4,3,211,97,114,110,46,64,0,0,0,8,0,8,35,19,16,58,32,26,2,2,0
54467102,19,9,10,18,9,9,0,0,0,0,0,0,0,0,0,1,0,1,27,15,12,14,6,8,0,0,0,1,0,1,4,3,1,8,6,2,0,0,0
54469801,149,87,62,143,83,60,3,1,2,8,6,2,1,0,1,6,4,2,163,69,94,87,42,45,0,0,0,6,0,6,21,7,14,49,20,29,2,1,1
54469802,53,26,27,49,24,25,1,1,0,4,3,1,0,0,0,4,2,2,56,26,30,32,13,19,0,0,0,2,0,2,9,4,5,13,9,4,1,0,1
54469803,32,18,14,30,17,13,0,0,0,0,0,0,0,0,0,2,1,1,35,17,18,13,8,5,0,0,0,2,0,2,8,4,4,12,5,7,0,0,0
54469805,32,18,14,31,17,14,1,0,1,2,0,2,0,0,0,1,1,0,47,22,25,28,12,16,1,1,0,2,0,2,7,5,2,9,4,5,1,0,1
54469806,593,338,255,564,322,242,17,8,9,39,24,15,7,0,7,29,16,13,542,218,324,249,92,157,1,1,0,25,0,25,99,49,50,168,76,92,5,3,2
54472801,40,27,13,36,25,11,1,1,0,3,3,0,0,0,0,4,2,2,38,19,19,23,12,11,0,0,0,3,0,3,4,1,3,8,6,2,1,0,1
54472803,288,159,129,279,152,127,14,5,9,29,18,11,3,0,3,9,7,2,272,130,142,141,69,72,2,1,1,10,0,10,35,15,20,84,45,39,4,3,1
54478701,929,508,421,880,484,396,28,11,17,78,38,40,5,0,5,49,24,25,778,357,421,332,134,198,2,1,1,43,1,42,133,76,57,268,145,123,12,7,5
54478702,26,16,10,23,14,9,0,0,0,5,4,1,0,0,0,3,2,1,29,7,22,14,5,9,0,0,0,2,0,2,6,1,5,7,1,6,0,0,0
54484101,940,463,477,893,443,450,29,13,16,72,34,38,5,0,5,47,20,27,553,249,304,202,77,125,4,3,1,38,0,38,111,57,54,198,112,86,5,4,1
54484103,54,23,31,54,23,31,4,3,1,1,1,0,0,0,0,0,0,0,27,12,15,18,8,10,0,0,0,0,0,0,1,0,1,8,4,4,0,0,0
54484104,620,317,303,599,307,292,12,5,7,75,36,39,7,0,7,21,10,11,494,215,279,271,109,162,0,0,0,24,0,24,79,43,36,120,63,57,11,4,7
54484105,787,468,319,707,412,295,25,11,14,72,39,33,7,0,7,80,56,24,831,315,516,537,178,359,5,3,2,31,0,31,110,56,54,148,78,70,50,33,17
54484106,84,46,38,83,46,37,6,3,3,12,8,4,0,0,0,1,0,1,62,25,37,20,10,10,0,0,0,2,0,2,11,3,8,29,12,17,0,0,0
54484108,13,6,7,13,6,7,0,0,0,2,2,0,0,0,0,0,0,0,14,6,8,9,5,4,0,0,0,0,0,0,1,0,1,4,1,3,0,0,0
54484109,229,126,103,221,119,102,15,8,7,25,14,11,0,0,0,8,7,1,188,83,105,106,43,63,0,0,0,7,0,7,20,8,12,55,32,23,1,0,1
54484110,347,193,154,326,180,146,9,4,5,37,16,21,3,0,3,21,13,8,381,159,222,198,83,115,3,3,0,16,0,16,54,20,34,110,53,57,3,2,1
54484111,78,46,32,77,46,31,1,1,0,7,5,2,0,0,0,1,0,1,70,25,45,23,8,15,0,0,0,7,0,7,13,5,8,27,12,15,0,0,0
54484112,68,37,31,66,36,30,4,2,2,5,2,3,0,0,0,2,1,1,61,27,34,31,13,18,1,1,0,2,0,2,9,6,3,18,7,11,1,1,0
54484113,797,408,389,751,389,362,14,10,4,103,44,59,4,0,4,46,19,27,852,362,490,495,196,299,0,0,0,34,1,33,112,56,56,211,109,102,3,3,0
54484114,1092,557,535,1050,536,514,43,24,19,122,61,61,10,0,10,42,21,21,982,415,567,508,194,314,1,1,0,39,0,39,175,84,91,259,136,123,9,2,7
54484115,654,358,296,632,346,286,25,5,20,54,30,24,4,0,4,22,12,10,581,245,336,241,92,149,3,1,2,30,2,28,113,47,66,194,103,91,5,3,2
54484116,1132,602,530,1077,571,506,36,14,22,106,47,59,11,0,11,55,31,24,1209,493,716,725,261,464,2,0,2,50,0,50,185,99,86,247,133,114,19,8,11
54484117,193,105,88,182,103,79,7,4,3,18,10,8,2,0,2,11,2,9,197,75,122,91,38,53,0,0,0,8,0,8,39,13,26,59,24,35,0,0,0
54484119,92,51,41,88,49,39,4,3,1,8,4,4,1,0,1,4,2,2,90,44,46,43,21,22,0,0,0,3,0,3,10,3,7,34,20,14,0,0,0
54484120,328,184,144,318,178,140,17,12,5,30,15,15,1,0,1,10,6,4,319,138,181,150,63,87,1,1,0,14,0,14,45,19,26,109,55,54,2,1,1
54484121,182,100,82,178,98,80,4,2,2,10,6,4,1,0,1,4,2,2,133,57,76,44,14,30,1,0,1,8,0,8,20,13,7,60,30,30,2,1,1
54484122,48,23,25,46,22,24,2,0,2,3,2,1,1,0,1,2,1,1,43,22,21,30,13,17,0,0,0,0,0,0,2,2,0,11,7,4,0,0,0
54484123,555,306,249,528,296,232,22,13,9,72,36,36,4,0,4,27,10,17,506,218,288,265,111,154,2,1,1,28,0,28,65,33,32,146,73,73,8,4,4
54485002,334,184,150,318,176,142,10,1,9,25,12,13,1,0,1,16,8,8,311,137,174,151,66,85,1,1,0,16,0,16,49,21,28,94,49,45,13,8,5
54485003,40,25,15,38,23,15,1,0,1,6,4,2,0,0,0,2,2,0,29,6,23,12,2,10,0,0,0,2,0,2,6,2,4,9,2,7,0,0,0
54485004,45,29,16,43,27,16,1,0,1,8,5,3,0,0,0,2,2,0,42,16,26,20,6,14,1,1,0,3,0,3,8,4,4,10,5,5,1,1,0
54485005,42,26,16,40,26,14,1,1,0,4,4,0,0,0,0,2,0,2,35,9,26,18,4,14,0,0,0,2,0,2,4,3,1,11,2,9,0,0,0
54490601,159,90,69,147,82,65,4,3,1,14,3,11,0,0,0,12,8,4,133,62,71,64,27,37,0,0,0,7,0,7,19,11,8,43,24,19,0,0,0
54491401,285,158,127,272,153,119,6,2,4,28,15,13,2,0,2,13,5,8,244,108,136,120,44,76,3,3,0,12,0,12,38,24,14,71,37,34,4,2,2
54492201,419,233,186,395,217,178,9,5,4,28,14,14,4,0,4,24,16,8,421,195,226,200,80,120,0,0,0,15,0,15,71,36,35,135,79,56,4,2,2
54494902,162,88,74,154,86,68,2,2,0,9,4,5,1,0,1,8,2,6,172,80,92,87,44,43,0,0,0,5,0,5,23,10,13,57,26,31,2,0,2
54494903,336,189,147,326,183,143,7,3,4,25,11,14,2,0,2,10,6,4,297,120,177,159,64,95,0,0,0,11,0,11,47,20,27,80,36,44,8,6,2
54494904,31,18,13,31,18,13,0,0,0,0,0,0,0,0,0,0,0,0,44,22,22,25,11,14,0,0,0,1,0,1,4,2,2,14,9,5,0,0,0
54494905,43,23,20,43,23,20,0,0,0,4,2,2,0,0,0,0,0,0,33,16,17,20,11,9,0,0,0,1,0,1,6,2,4,6,3,3,0,0,0
54494906,29,16,13,26,15,11,0,0,0,1,0,1,0,0,0,3,1,2,37,14,23,6,5,1,0,0,0,5,0,5,12,6,6,14,3,11,0,0,0
54494907,118,69,49,115,66,49,9,4,5,8,6,2,0,0,0,3,3,0,87,38,49,34,11,23,1,0,1,7,0,7,27,15,12,18,12,6,1,0,1
54494908,225,119,106,216,116,100,1,0,1,28,14,14,0,0,0,9,3,6,217,78,139,119,40,79,0,0,0,8,0,8,27,13,14,63,25,38,4,4,0
54494909,36,22,14,34,22,12,1,0,1,4,3,1,1,0,1,2,0,2,38,16,22,25,13,12,0,0,0,2,0,2,5,0,5,6,3,3,0,0,0
54494910,117,65,52,112,60,52,3,0,3,12,4,8,1,0,1,5,5,0,122,58,64,69,32,37,0,0,0,7,0,7,16,8,8,30,18,12,2,1,1
54499001,669,383,286,635,362,273,26,12,14,41,22,19,9,0,9,34,21,13,582,250,332,241,98,143,0,0,0,43,0,43,116,57,59,182,95,87,5,2,3
54499002,68,42,26,66,40,26,2,0,2,8,4,4,0,0,0,2,2,0,84,37,47,34,17,17,0,0,0,8,1,7,21,7,14,21,12,9,1,1,0
54505801,345,201,144,318,185,133,9,5,4,19,9,10,3,0,3,27,16,11,287,126,161,135,65,70,2,0,2,16,0,16,49,21,28,85,40,45,8,5,3
54505802,515,274,241,487,262,225,19,8,11,37,18,19,6,0,6,28,12,16,449,202,247,194,80,114,2,0,2,17,0,17,60,31,29,176,91,85,0,0,0
54505803,120,67,53,120,67,53,4,2,2,5,3,2,2,0,2,0,0,0,98,42,56,44,20,24,0,0,0,3,0,3,13,5,8,38,17,21,0,0,0
54505804,150,77,73,146,74,72,6,2,4,7,1,6,0,0,0,4,3,1,108,54,54,57,27,30,0,0,0,3,0,3,15,9,6,33,18,15,0,0,0
54505805,133,75,58,129,74,55,6,4,2,9,4,5,2,0,2,4,1,3,98,44,54,45,17,28,1,0,1,4,0,4,14,8,6,34,19,15,0,0,0
54505806,1586,815,771,1516,774,742,65,26,39,108,48,60,12,0,12,70,41,29,1412,546,866,688,221,467,3,3,0,76,1,75,261,127,134,384,194,190,18,4,14
54505807,102,60,42,96,57,39,6,6,0,5,5,0,1,0,1,6,3,3,91,34,57,44,21,23,0,0,0,3,0,3,16,3,13,28,10,18,0,0,0
54505808,56,28,28,52,27,25,2,0,2,3,3,0,2,0,2,4,1,3,34,16,18,13,4,9,0,0,0,0,0,0,4,3,1,17,9,8,0,0,0
54505809,170,97,73,163,94,69,11,6,5,21,12,9,2,0,2,7,3,4,116,52,64,58,24,34,0,0,0,5,0,5,17,11,6,36,17,19,2,2,0
54505810,1273,666,607,1158,610,548,27,7,20,101,43,58,11,0,11,115,56,59,1210,490,720,657,242,415,3,2,1,52,1,51,210,96,114,288,149,139,14,7,7
54505811,342,183,159,299,160,139,11,7,4,27,16,11,0,0,0,43,23,20,294,135,159,131,66,65,0,0,0,17,0,17,58,27,31,88,42,46,5,3,2
54505812,153,86,67,143,80,63,1,1,0,9,6,3,3,0,3,10,6,4,121,52,69,77,30,47,0,0,0,5,1,4,16,10,6,23,11,12,2,1,1
54505813,44,39,5,22,19,3,0,0,0,2,2,0,0,0,0,22,20,2,11,8,3,10,7,3,0,0,0,0,0,0,0,0,0,1,1,0,0,0,0
54505814,1272,677,595,1214,643,571,37,16,21,151,71,80,7,0,7,58,34,24,1171,523,648,597,234,363,3,1,2,61,0,61,183,110,73,327,178,149,13,5,8
54505815,1311,692,619,1245,657,588,46,26,20,119,51,68,14,0,14,66,35,31,998,434,564,503,193,310,1,1,0,47,1,46,177,100,77,270,139,131,12,6,6
54505816,150,83,67,145,80,65,6,5,1,17,9,8,1,0,1,5,3,2,148,71,77,78,34,44,1,1,0,6,0,6,18,8,10,45,28,17,3,0,3
54505817,991,521,470,940,494,446,38,16,22,105,52,53,5,0,5,51,27,24,945,371,574,534,181,353,2,2,0,41,0,41,125,61,64,243,127,116,8,4,4
54505818,44,30,14,41,28,13,1,0,1,1,1,0,1,0,1,3,2,1,43,17,26,23,8,15,1,0,1,1,0,1,7,3,4,11,6,5,3,1,2
54505820,433,265,168,363,219,144,8,2,6,38,21,17,1,0,1,70,46,24,389,172,217,210,90,120,0,0,0,16,0,16,70,33,37,93,49,44,76,60,16
54505821,160,90,70,148,82,66,8,5,3,33,15,18,1,0,1,12,8,4,133,45,88,75,29,46,0,0,0,5,0,5,17,6,11,36,10,26,1,0,1
54505822,256,134,122,250,133,117,10,3,7,17,12,5,3,0,3,6,1,5,202,85,117,29,10,19,1,0,1,5,0,5,42,15,27,125,60,65,1,0,1
54505823,760,413,347,704,386,318,25,9,16,68,32,36,8,0,8,56,27,29,869,370,499,441,165,276,3,1,2,34,0,34,122,61,61,269,143,126,9,6,3
54505825,121,67,54,116,65,51,2,2,0,5,1,4,0,0,0,5,2,3,97,46,51,54,25,29,0,0,0,4,0,4,12,8,4,27,13,14,0,0,0
54505826,107,58,49,103,57,46,9,3,6,13,7,6,0,0,0,4,1,3,132,44,88,50,18,32,1,1,0,10,0,10,28,11,17,43,14,29,1,0,1
54505828,722,410,312,697,397,300,30,17,13,58,30,28,8,0,8,25,13,12,632,275,357,303,128,175,2,1,1,37,0,37,110,56,54,180,90,90,1,0,1
54505829,67,35,32,66,34,32,3,0,3,5,3,2,0,0,0,1,1,0,60,29,31,26,16,10,0,0,0,2,0,2,7,2,5,25,11,14,1,1,0
54514701,47,29,18,43,25,18,1,1,0,3,2,1,0,0,0,4,4,0,54,23,31,24,12,12,0,0,0,2,0,2,8,4,4,20,7,13,0,0,0
54514702,57,32,25,54,31,23,3,1,2,6,4,2,1,0,1,3,1,2,40,20,20,18,7,11,0,0,0,0,0,0,6,5,1,16,8,8,0,0,0
54514703,54,26,28,49,23,26,0,0,0,6,1,5,2,0,2,5,3,2,33,16,17,14,6,8,1,1,0,0,0,0,6,3,3,12,6,6,0,0,0
54514704,91,50,41,90,49,41,2,0,2,8,4,4,0,0,0,1,1,0,100,46,54,53,23,30,0,0,0,3,0,3,19,10,9,25,13,12,1,0,1
54516301,108,61,47,103,59,44,6,3,3,5,4,1,0,0,0,5,2,3,118,54,64,60,25,35,1,1,0,5,0,5,10,6,4,42,22,20,1,1,0
54516302,552,305,247,518,288,230,6,1,5,63,39,24,1,0,1,34,17,17,517,205,312,287,110,177,2,2,0,17,0,17,65,27,38,146,66,80,11,5,6
54516303,37,21,16,35,20,15,2,2,0,7,4,3,0,0,0,2,1,1,31,15,16,21,8,13,0,0,0,1,0,1,2,1,1,7,6,1,0,0,0
54516304,19,12,7,19,12,7,1,0,1,1,0,1,0,0,0,0,0,0,22,10,12,14,8,6,1,0,1,1,0,1,3,1,2,3,1,2,0,0,0
54516306,26,14,12,26,14,12,1,1,0,5,2,3,1,0,1,0,0,0,15,8,7,8,4,4,0,0,0,0,0,0,2,1,1,5,3,2,0,0,0
54516307,14,8,6,13,8,5,0,0,0,2,1,1,0,0,0,1,0,1,18,5,13,11,4,7,0,0,0,0,0,0,2,1,1,5,0,5,1,1,0
54516308,115,69,46,107,64,43,4,2,2,14,8,6,0,0,0,8,5,3,109,46,63,60,22,38,0,0,0,4,0,4,7,5,2,38,19,19,5,3,2
54516310,112,71,41,108,69,39,7,4,3,17,13,4,1,0,1,4,2,2,93,41,52,42,16,26,0,0,0,5,0,5,17,7,10,29,18,11,3,2,1
54516312,14,9,5,14,9,5,0,0,0,4,3,1,0,0,0,0,0,0,10,4,6,7,1,6,0,0,0,0,0,0,0,0,0,3,3,0,0,0,0
54516313,35,24,11,34,24,10,2,2,0,5,2,3,0,0,0,1,0,1,55,25,30,25,8,17,0,0,0,4,0,4,10,7,3,16,10,6,0,0,0
54516314,67,45,22,62,42,20,1,0,1,8,7,1,0,0,0,5,3,2,45,18,27,24,8,16,1,1,0,3,1,2,6,5,1,11,3,8,2,0,2
54516315,25,12,13,25,12,13,0,0,0,3,2,1,0,0,0,0,0,0,33,13,20,22,10,12,0,0,0,1,0,1,2,1,1,8,2,6,0,0,0
54519801,89,51,38,87,50,37,3,0,3,6,5,1,0,0,0,2,1,1,71,31,40,37,16,21,0,0,0,2,0,2,9,4,5,23,11,12,1,0,1
54519802,712,395,317,696,385,311,32,18,14,71,43,28,3,0,3,16,10,6,662,280,382,313,120,193,1,0,1,34,0,34,99,50,49,215,110,105,4,3,1
54519803,55,36,19,50,32,18,0,0,0,3,2,1,0,0,0,5,4,1,41,17,24,19,6,13,0,0,0,1,0,1,6,2,4,15,9,6,0,0,0
54519804,20,11,9,20,11,9,0,0,0,2,1,1,0,0,0,0,0,0,18,9,9,10,6,4,0,0,0,1,0,1,3,1,2,4,2,2,0,0,0
54521001,548,292,256,524,281,243,16,6,10,49,24,25,2,0,2,24,11,13,506,224,282,212,83,129,1,1,0,25,0,25,86,48,38,182,92,90,7,7,0
54523601,268,148,120,257,144,113,10,3,7,24,15,9,1,0,1,11,4,7,258,120,138,112,45,67,1,1,0,11,0,11,57,26,31,77,48,29,0,0,0
54523602,1249,684,565,1211,663,548,52,20,32,115,68,47,3,0,3,38,21,17,1121,505,616,507,219,288,1,1,0,49,0,49,171,93,78,393,192,201,11,7,4
54523603,32,15,17,31,15,16,3,1,2,3,1,2,0,0,0,1,0,1,32,16,16,12,6,6,0,0,0,2,0,2,10,6,4,8,4,4,0,0,0
54524401,263,140,123,247,130,117,7,1,6,24,15,9,3,0,3,16,10,6,216,81,135,133,51,82,1,1,0,5,0,5,28,11,17,49,18,31,5,3,2
54524403,19,9,10,19,9,10,0,0,0,0,0,0,0,0,0,0,0,0,22,8,14,6,1,5,1,1,0,1,0,1,5,0,5,9,6,3,0,0,0
54525201,38,21,17,38,21,17,1,1,0,3,3,0,1,0,1,0,0,0,48,21,27,12,7,5,0,0,0,4,0,4,11,3,8,21,11,10,0,0,0
54525202,57,35,22,54,34,20,0,0,0,7,5,2,0,0,0,3,1,2,54,23,31,25,11,14,0,0,0,4,1,3,11,4,7,14,7,7,0,0,0
54525203,415,224,191,398,212,186,16,5,11,32,20,12,4,0,4,17,12,5,373,178,195,153,66,87,2,2,0,15,0,15,71,45,26,132,65,67,1,0,1
54525204,2200,1204,996,2114,1147,967,62,29,33,187,96,91,15,0,15,86,57,29,2111,939,1172,1028,444,584,2,1,1,88,0,88,289,133,156,704,361,343,35,24,11
55302601,213,118,95,201,110,91,3,1,2,12,6,6,0,0,0,12,8,4,191,73,118,106,41,65,2,2,0,10,0,10,20,9,11,53,21,32,4,3,1
55686601,22,13,9,20,11,9,0,0,0,3,1,2,0,0,0,2,2,0,20,6,14,10,4,6,0,0,0,0,0,0,0,0,0,10,2,8,0,0,0
55686602,370,214,156,351,201,150,12,2,10,28,13,15,2,0,2,19,13,6,316,134,182,151,60,91,0,0,0,16,1,15,49,27,22,100,46,54,5,3,2
56949601,131,79,52,126,76,50,3,1,2,10,4,6,3,0,3,5,3,2,118,62,56,51,26,25,0,0,0,5,0,5,20,13,7,42,23,19,3,3,0
57034601,391,221,170,374,209,165,8,4,4,39,18,21,6,0,6,17,12,5,350,142,208,160,62,98,0,0,0,18,0,18,62,32,30,110,48,62,3,3,0
57037101,318,172,146,304,165,139,17,11,6,28,17,11,1,0,1,14,7,7,253,106,147,120,43,77,1,1,0,7,0,7,35,18,17,90,44,46,6,4,2
50001101,239,136,103,230,130,100,12,5,7,24,14,10,4,0,4,9,6,3,206,98,108,99,41,58,0,0,0,11,0,11,43,26,17,53,31,22,1,0,1
50001102,758,419,339,743,412,331,32,14,18,96,55,41,5,0,5,15,7,8,606,250,356,333,125,208,1,1,0,30,0,30,90,48,42,152,76,76,7,6,1
53481101,105,60,45,104,59,45,1,0,1,4,3,1,2,0,2,1,1,0,88,39,49,47,18,29,0,0,0,2,0,2,11,7,4,28,14,14,0,0,0
53518401,12,6,6,9,4,5,0,0,0,2,1,1,0,0,0,3,2,1,8,3,5,4,2,2,0,0,0,0,0,0,1,0,1,3,1,2,0,0,0
53518402,150,85,65,141,80,61,4,1,3,16,9,7,0,0,0,9,5,4,127,61,66,51,19,32,1,1,0,2,0,2,20,10,10,53,31,22,1,1,0
53874401,620,346,274,607,340,267,27,10,17,44,23,21,2,0,2,13,6,7,602,251,351,262,108,154,0,0,0,25,1,24,119,55,64,196,87,109,5,3,2
53874402,43,29,14,41,27,14,2,1,1,4,3,1,1,0,1,2,2,0,41,18,23,24,8,16,0,0,0,1,0,1,5,2,3,11,8,3,1,1,0
53874403,17,11,6,16,11,5,1,1,0,1,1,0,0,0,0,1,0,1,13,6,7,9,5,4,0,0,0,0,0,0,0,0,0,4,1,3,0,0,0
54493101,256,158,98,247,154,93,11,5,6,10,8,2,1,0,1,9,4,5,211,90,121,111,43,68,0,0,0,10,0,10,29,19,10,61,28,33,2,1,1
54511201,173,98,75,161,93,68,8,2,6,13,9,4,1,0,1,12,5,7,132,60,72,51,17,34,1,1,0,8,0,8,31,19,12,41,23,18,0,0,0
54940101,597,327,270,574,317,257,22,9,13,55,22,33,2,0,2,23,10,13,602,267,335,301,118,183,2,2,0,23,0,23,84,43,41,192,104,88,3,2,1
54940102,39,22,17,38,21,17,0,0,0,9,5,4,0,0,0,1,1,0,38,16,22,22,10,12,0,0,0,2,0,2,8,1,7,6,5,1,0,0,0
54943601,169,100,69,161,96,65,7,1,6,14,8,6,0,0,0,8,4,4,121,47,74,70,25,45,0,0,0,5,0,5,15,10,5,31,12,19,3,2,1
54944401,205,115,90,203,115,88,6,1,5,17,11,6,2,0,2,2,0,2,176,81,95,79,36,43,0,0,0,8,0,8,20,14,6,69,31,38,1,0,1
54946101,452,253,199,435,241,194,17,5,12,44,19,25,3,0,3,17,12,5,404,161,243,201,72,129,1,1,0,16,0,16,63,27,36,123,61,62,3,1,2
54953301,350,200,150,331,191,140,11,4,7,31,20,11,0,0,0,19,9,10,353,167,186,174,82,92,0,0,0,15,0,15,47,22,25,117,63,54,5,3,2
54955001,134,78,56,130,78,52,3,1,2,13,7,6,1,0,1,4,0,4,112,43,69,45,16,29,0,0,0,8,0,8,25,10,15,34,17,17,2,1,1
54962201,443,242,201,428,235,193,16,8,8,47,23,24,1,0,1,15,7,8,345,146,199,159,61,98,2,0,2,11,0,11,51,23,28,122,62,60,3,2,1
54962203,20,12,8,19,11,8,0,0,0,2,1,1,0,0,0,1,1,0,17,7,10,4,1,3,0,0,0,2,0,2,8,4,4,3,2,1,0,0,0
54964901,718,415,303,705,408,297,28,11,17,53,28,25,5,0,5,13,7,6,621,279,342,256,105,151,0,0,0,44,0,44,117,63,54,204,111,93,10,7,3
55687401,161,91,70,155,85,70,6,1,5,21,15,6,2,0,2,6,6,0,143,47,96,76,29,47,0,0,0,11,0,11,26,9,17,30,9,21,1,1,0
55698001,23,15,8,23,15,8,0,0,0,1,1,0,0,0,0,0,0,0,27,8,19,17,6,11,0,0,0,0,0,0,1,0,1,9,2,7,1,1,0
55698002,268,152,116,260,150,110,3,2,1,33,20,13,3,0,3,8,2,6,233,98,135,134,54,80,0,0,0,7,0,7,31,9,22,61,35,26,1,1,0
55710201,192,108,84,183,104,79,3,2,1,17,9,8,4,0,4,9,4,5,169,73,96,90,40,50,0,0,0,8,0,8,29,13,16,42,20,22,1,1,0
55714501,231,129,102,226,128,98,8,5,3,19,10,9,2,0,2,5,1,4,228,107,121,106,48,58,1,0,1,10,0,10,34,17,17,77,42,35,1,0,1
55717001,199,121,78,194,117,77,4,2,2,13,6,7,3,0,3,5,4,1,201,90,111,113,46,67,1,1,0,9,0,9,32,16,16,46,27,19,5,3,2
57343401,453,255,198,439,249,190,20,11,9,37,20,17,9,1,8,14,6,8,418,187,231,166,61,105,0,0,0,24,0,24,90,51,39,138,75,63,11,9,2
0359390,0,0,0,0,0,0,0,0,0,0,0,0,0,0,0,0,0,0,0,0,0,0,0,0,0,0,0,0,0,0,0,0,0,0,0,0,0,0,0
0360640,0,0,0,0,0,0,0,0,0,0,0,0,0,0,0,0,0,0,0,0,0,0,0,0,0,0,0,0,0,0,0,0,0,0,0,0,0,0,0
0360720,0,0,0,0,0,0,0,0,0,0,0,0,0,0,0,0,0,0,0,0,0,0,0,0,0,0,0,0,0,0,0,0,0,0,0,0,0,0,0
0361290,0,0,0,0,0,0,0,0,0,0,0,0,0,0,0,0,0,0,0,0,0,0,0,0,0,0,0,0,0,0,0,0,0,0,0,0,0,0,0
3318560,0,0,0,0,0,0,0,0,0,0,0,0,0,0,0,0,0,0,0,0,0,0,0,0,0,0,0,0,0,0,0,0,0,0,0,0,0,0,0
58506802,249,133,116,241,130,111,9,3,6,35,16,19,1,0,1,8,3,5,316,125,191,200,75,125,0,0,0,14,0,14,36,19,17,66,31,35,0,0,0
58506803,346,189,157,335,182,153,17,8,9,40,20,20,2,0,2,11,7,4,292,132,160,124,50,74,1,0,1,10,0,10,56,23,33,101,59,42,2,1,1
58506804,440,249,191,425,245,180,18,9,9,47,27,20,8,1,7,15,4,11,361,154,207,126,54,72,1,1,0,11,0,11,72,29,43,151,70,81,4,3,1
58506805,386,194,192,379,190,189,16,7,9,48,19,29,4,0,4,7,4,3,439,184,255,292,105,187,1,1,0,11,0,11,51,27,24,84,51,33,5,1,4
58506806,18,9,9,18,9,9,0,0,0,1,1,0,0,0,0,0,0,0,29,10,19,13,6,7,0,0,0,2,1,1,5,2,3,9,1,8,0,0,0
58506807,23,14,9,23,14,9,0,0,0,5,2,3,0,0,0,0,0,0,21,6,15,13,4,9,0,0,0,1,0,1,3,0,3,4,2,2,0,0,0
58506809,18,13,5,18,13,5,0,0,0,2,1,1,0,0,0,0,0,0,8,4,4,5,3,2,0,0,0,0,0,0,1,0,1,2,1,1,0,0,0
58506810,40,24,16,40,24,16,1,0,1,3,3,0,0,0,0,0,0,0,42,17,25,15,7,8,1,1,0,2,0,2,6,2,4,18,7,11,0,0,0
58506811,408,214,194,396,208,188,21,9,12,44,25,19,4,0,4,12,6,6,305,126,179,123,47,76,1,1,0,14,0,14,50,25,25,117,53,64,1,1,0
58506812,197,109,88,192,108,84,12,5,7,25,14,11,2,0,2,5,1,4,177,72,105,72,27,45,0,0,0,8,0,8,28,10,18,69,35,34,2,0,2
58506813,925,496,429,903,481,422,55,26,29,84,51,33,11,0,11,22,15,7,750,340,410,241,94,147,2,1,1,47,0,47,162,84,78,298,161,137,2,1,1
58506814,71,40,31,70,39,31,1,0,1,8,7,1,0,0,0,1,1,0,71,34,37,31,15,16,0,0,0,2,0,2,9,5,4,29,14,15,0,0,0
58506815,126,69,57,118,65,53,4,2,2,11,6,5,1,0,1,8,4,4,109,42,67,51,20,31,1,0,1,3,0,3,25,9,16,29,13,16,0,0,0
58506816,73,37,36,71,36,35,3,0,3,6,3,3,0,0,0,2,1,1,71,32,39,25,12,13,0,0,0,3,0,3,17,8,9,26,12,14,0,0,0
58506817,124,64,60,119,62,57,7,1,6,15,10,5,2,0,2,5,2,3,125,57,68,65,25,40,1,0,1,5,0,5,18,11,7,36,21,15,0,0,0
58506818,418,223,195,403,219,184,20,11,9,30,13,17,2,0,2,15,4,11,359,165,194,169,67,102,2,1,1,11,1,10,56,25,31,121,71,50,1,0,1
58506820,11,7,4,10,7,3,1,1,0,1,1,0,0,0,0,1,0,1,14,8,6,4,2,2,0,0,0,1,0,1,3,2,1,6,4,2,0,0,0
58506821,589,314,275,575,310,265,27,17,10,58,34,24,3,0,3,14,4,10,488,208,280,195,69,126,1,0,1,23,0,23,94,54,40,175,85,90,1,0,1
58506822,36,20,16,36,20,16,1,0,1,1,0,1,0,0,0,0,0,0,19,8,11,1,0,1,0,0,0,1,0,1,7,3,4,10,5,5,0,0,0
58506823,1135,581,554,1104,566,538,57,28,29,133,66,67,13,0,13,31,15,16,1042,434,608,616,230,386,6,4,2,33,1,32,137,71,66,250,128,122,10,4,6
58506825,33,15,18,32,15,17,1,0,1,5,2,3,0,0,0,1,0,1,27,13,14,14,7,7,0,0,0,0,0,0,2,1,1,11,5,6,0,0,0
58506826,32,17,15,32,17,15,0,0,0,8,4,4,0,0,0,0,0,0,21,14,7,6,4,2,0,0,0,1,0,1,7,5,2,7,5,2,0,0,0
58506827,617,343,274,603,335,268,33,19,14,91,45,46,5,0,5,14,8,6,594,229,365,306,111,195,2,0,2,25,0,25,95,38,57,166,80,86,3,0,3
58506828,634,334,300,614,329,285,38,9,29,75,41,34,3,0,3,20,5,15,560,240,320,200,80,120,2,1,1,25,0,25,91,40,51,242,119,123,4,2,2
58506829,172,88,84,170,88,82,6,1,5,19,6,13,2,0,2,2,0,2,158,67,91,73,26,47,0,0,0,5,0,5,22,10,12,58,31,27,2,2,0
58506831,997,528,469,965,511,454,45,23,22,137,79,58,9,0,9,32,17,15,909,404,505,421,164,257,3,1,2,29,0,29,131,65,66,325,174,151,3,3,0
58506832,950,510,440,927,498,429,36,17,19,101,55,46,10,0,10,23,12,11,842,353,489,365,141,224,2,1,1,38,0,38,152,63,89,285,148,137,6,1,5
58506834,101,60,41,95,56,39,2,1,1,13,7,6,0,0,0,6,4,2,93,38,55,39,15,24,0,0,0,4,0,4,18,9,9,32,14,18,1,0,1
58506835,330,182,148,314,172,142,22,8,14,21,11,10,3,0,3,16,10,6,280,137,143,127,55,72,2,2,0,10,0,10,44,21,23,97,59,38,3,0,3
58506837,334,178,156,315,166,149,15,6,9,40,19,21,4,1,3,19,12,7,297,129,168,145,58,87,1,1,0,7,0,7,49,25,24,95,45,50,3,1,2
58506838,25,16,9,24,15,9,1,0,1,7,5,2,1,0,1,1,1,0,8,5,3,8,5,3,0,0,0,0,0,0,0,0,0,0,0,0,1,0,1
58506840,756,431,325,718,401,317,46,16,30,100,58,42,4,0,4,38,30,8,709,307,402,381,154,227,4,3,1,23,1,22,85,34,51,216,115,101,9,3,6
58506841,2083,1081,1002,2005,1050,955,86,42,44,182,89,93,22,0,22,78,31,47,1864,715,1149,1095,375,720,1,0,1,83,1,82,270,130,140,415,209,206,13,9,4
58506842,74,43,31,72,41,31,3,1,2,8,2,6,0,0,0,2,2,0,83,35,48,39,16,23,1,0,1,6,0,6,18,6,12,19,13,6,0,0,0
58506843,818,452,366,794,437,357,47,21,26,79,46,33,7,0,7,24,15,9,679,295,384,355,140,215,1,1,0,22,0,22,86,43,43,215,111,104,5,3,2
58506844,16,11,5,7,4,3,0,0,0,1,0,1,0,0,0,9,7,2,13,7,6,8,5,3,0,0,0,0,0,0,1,1,0,4,1,3,0,0,0
58506845,251,141,110,246,139,107,16,6,10,40,25,15,0,0,0,5,2,3,198,89,109,73,32,41,2,1,1,13,0,13,39,18,21,71,38,33,0,0,0
58506847,59,28,31,56,25,31,2,0,2,6,2,4,0,0,0,3,3,0,49,25,24,20,7,13,0,0,0,1,0,1,2,1,1,26,17,9,1,0,1
58506848,527,279,248,511,271,240,15,8,7,69,34,35,5,1,4,16,8,8,635,271,364,366,145,221,3,1,2,25,0,25,101,56,45,140,69,71,7,1,6
58506850,125,67,58,120,64,56,7,4,3,11,8,3,2,0,2,5,3,2,128,58,70,63,25,38,1,1,0,4,1,3,18,8,10,42,23,19,1,1,0
58506851,1450,732,718,1384,698,686,85,34,51,137,69,68,14,1,13,66,34,32,1358,526,832,791,277,514,3,3,0,48,0,48,173,84,89,343,162,181,16,8,8
58506852,566,281,285,549,275,274,28,6,22,66,30,36,4,0,4,17,6,11,445,162,283,246,77,169,2,1,1,14,0,14,68,33,35,115,51,64,6,5,1
58506853,6809,3511,3298,6565,3412,3153,275,135,140,736,349,387,66,0,66,244,99,145,5024,2122,2902,2108,811,1297,14,6,8,289,2,287,1006,502,504,1607,801,806,66,36,30
58506854,30,15,15,30,15,15,0,0,0,1,1,0,0,0,0,0,0,0,5,4,1,4,3,1,0,0,0,0,0,0,1,1,0,0,0,0,0,0,0
58506855,639,335,304,621,327,294,37,18,19,84,43,41,5,0,5,18,8,10,568,246,322,288,115,173,2,2,0,29,1,28,90,41,49,159,87,72,5,4,1
58506856,947,496,451,920,482,438,48,17,31,111,54,57,5,0,5,27,14,13,931,345,586,525,162,363,6,3,3,32,2,30,132,64,68,236,114,122,4,1,3
58506857,1933,1022,911,1866,991,875,95,46,49,197,96,101,9,0,9,67,31,36,1846,825,1021,859,355,504,4,3,1,70,1,69,296,137,159,617,329,288,33,20,13
58506858,1762,1071,691,1611,962,649,77,36,41,172,90,82,7,0,7,151,109,42,1276,564,712,745,294,451,6,2,4,47,0,47,209,131,78,269,137,132,271,211,60
58506859,744,410,334,693,375,318,31,18,13,67,35,32,9,0,9,51,35,16,627,266,361,326,120,206,1,0,1,33,0,33,117,62,55,150,84,66,14,5,9
58506860,255,138,117,247,134,113,11,8,3,32,16,16,2,0,2,8,4,4,265,111,154,137,57,80,0,0,0,10,1,9,34,15,19,84,38,46,3,0,3
58506861,15,8,7,14,7,7,2,1,1,0,0,0,0,0,0,1,1,0,13,8,5,8,5,3,0,0,0,0,0,0,1,0,1,4,3,1,0,0,0
58506862,86,57,29,83,56,27,17,8,9,2,2,0,0,0,0,3,1,2,18,15,3,5,4,1,0,0,0,0,0,0,7,6,1,6,5,1,0,0,0
58506863,638,345,293,611,331,280,58,30,28,75,36,39,2,0,2,27,14,13,552,223,329,319,97,222,1,0,1,19,0,19,63,40,23,150,86,64,18,10,8
58506864,237,130,107,234,128,106,11,7,4,33,20,13,2,1,1,3,2,1,222,98,124,84,35,49,0,0,0,11,1,10,54,25,29,73,37,36,2,0,2
58506865,807,419,388,779,404,375,37,15,22,80,45,35,7,0,7,28,15,13,746,319,427,408,158,250,1,1,0,26,0,26,121,65,56,190,95,95,7,3,4
58506866,968,502,466,935,485,450,53,25,28,112,54,58,8,0,8,33,17,16,974,390,584,524,185,339,0,0,0,36,0,36,136,68,68,278,137,141,9,3,6
58506867,1635,882,753,1554,843,711,92,52,40,141,66,75,13,0,13,81,39,42,1284,558,726,586,223,363,3,3,0,68,0,68,225,111,114,402,221,181,17,7,10
58506868,1171,614,557,1125,586,539,71,27,44,129,63,66,13,0,13,46,28,18,935,356,579,558,194,364,1,1,0,36,0,36,123,62,61,217,99,118,13,5,8
58506869,3382,1770,1612,3233,1698,1535,140,60,80,480,216,264,21,0,21,149,72,77,3489,1434,2055,2088,781,1307,7,4,3,131,1,130,452,223,229,811,425,386,36,19,17
58506870,618,326,292,595,315,280,28,11,17,72,47,25,4,0,4,23,11,12,546,247,299,261,103,158,2,2,0,18,0,18,88,50,38,177,92,85,0,0,0
58507601,336,183,153,324,176,148,6,2,4,28,13,15,1,0,1,12,7,5,300,131,169,146,62,84,0,0,0,15,0,15,45,19,26,94,50,44,10,6,4
58509201,388,219,169,375,210,165,17,6,11,33,18,15,0,0,0,13,9,4,354,144,210,180,74,106,1,1,0,15,0,15,64,27,37,94,42,52,6,5,1
58510601,22,13,9,22,13,9,0,0,0,2,1,1,0,0,0,0,0,0,21,8,13,7,2,5,0,0,0,2,0,2,6,1,5,6,5,1,1,0,1
58510602,313,182,131,299,173,126,13,6,7,25,12,13,4,0,4,14,9,5,297,133,164,151,67,84,0,0,0,21,1,20,58,28,30,67,37,30,2,0,2
58510603,56,33,23,54,32,22,3,2,1,6,4,2,0,0,0,2,1,1,32,12,20,14,7,7,0,0,0,1,0,1,7,2,5,10,3,7,1,0,1
3136450,0,0,0,0,0,0,0,0,0,0,0,0,0,0,0,0,0,0,0,0,0,0,0,0,0,0,0,0,0,0,0,0,0,0,0,0,0,0,0
58511402,8,6,2,7,5,2,0,0,0,0,0,0,0,0,0,1,1,0,27,13,14,11,5,6,0,0,0,0,0,0,6,2,4,10,6,4,1,0,1
58511403,575,329,246,550,319,231,15,5,10,63,29,34,4,0,4,25,10,15,541,246,295,269,113,156,0,0,0,26,0,26,80,41,39,166,92,74,6,1,5
58511404,307,182,125,293,174,119,6,6,0,31,14,17,1,0,1,14,8,6,331,140,191,180,75,105,2,1,1,12,0,12,45,23,22,92,41,51,6,2,4
58511405,33,19,14,32,18,14,0,0,0,5,3,2,0,0,0,1,1,0,42,19,23,25,14,11,0,0,0,2,0,2,4,1,3,11,4,7,1,0,1
58511406,71,39,32,67,39,28,2,1,1,4,1,3,0,0,0,4,0,4,78,39,39,50,23,27,0,0,0,4,0,4,8,6,2,16,10,6,11,7,4
58511407,138,84,54,131,80,51,6,4,2,14,8,6,0,0,0,7,4,3,137,68,69,80,38,42,1,1,0,6,0,6,22,12,10,28,17,11,1,1,0
58511408,694,379,315,667,367,300,17,4,13,64,33,31,14,0,14,27,12,15,638,273,365,305,123,182,1,1,0,36,0,36,128,62,66,168,87,81,12,4,8
58511409,36,20,16,35,20,15,1,0,1,2,0,2,0,0,0,1,0,1,30,17,13,13,7,6,0,0,0,1,0,1,5,1,4,11,9,2,1,0,1
58511410,265,159,106,257,156,101,9,7,2,18,8,10,2,0,2,8,3,5,245,106,139,123,48,75,2,1,1,12,0,12,41,28,13,67,29,38,3,0,3
58511411,446,249,197,421,237,184,11,7,4,46,20,26,5,0,5,25,12,13,485,211,274,238,103,135,3,2,1,32,0,32,89,45,44,123,61,62,22,11,11
3411420,0,0,0,0,0,0,0,0,0,0,0,0,0,0,0,0,0,0,0,0,0,0,0,0,0,0,0,0,0,0,0,0,0,0,0,0,0,0,0
58513101,260,138,122,257,136,121,13,7,6,22,9,13,5,1,4,3,2,1,239,105,134,102,45,57,0,0,0,9,0,9,37,15,22,91,45,46,4,3,1
58514901,393,229,164,376,220,156,9,3,6,32,18,14,2,0,2,17,9,8,272,112,160,131,52,79,2,1,1,17,0,17,45,20,25,77,39,38,3,3,0
58514902,15,10,5,14,10,4,0,0,0,1,1,0,0,0,0,1,0,1,10,4,6,5,2,3,0,0,0,0,0,0,1,0,1,4,2,2,0,0,0
58515701,106,59,47,103,56,47,1,1,0,8,6,2,1,0,1,3,3,0,83,32,51,36,15,21,0,0,0,9,0,9,19,8,11,19,9,10,1,1,0
58516501,111,62,49,106,60,46,4,2,2,15,10,5,0,0,0,5,2,3,111,48,63,69,29,40,0,0,0,5,0,5,17,9,8,20,10,10,1,1,0
58517301,337,200,137,324,194,130,12,5,7,33,20,13,3,0,3,13,6,7,300,110,190,120,39,81,0,0,0,18,0,18,65,30,35,97,41,56,1,1,0
58518101,288,155,133,272,147,125,5,3,2,25,12,13,3,0,3,16,8,8,283,137,146,106,57,49,0,0,0,22,0,22,52,25,27,103,55,48,7,4,3
58519001,210,123,87,203,118,85,12,8,4,25,13,12,3,0,3,7,5,2,191,88,103,85,38,47,1,1,0,7,1,6,32,18,14,66,30,36,5,4,1
58520301,177,104,73,169,100,69,9,6,3,13,10,3,0,0,0,8,4,4,156,71,85,84,40,44,0,0,0,4,0,4,26,13,13,42,18,24,2,2,0
58521101,17,10,7,17,10,7,3,2,1,0,0,0,0,0,0,0,0,0,18,5,13,10,4,6,0,0,0,1,0,1,3,0,3,4,1,3,0,0,0
58521103,176,99,77,167,94,73,12,8,4,21,10,11,0,0,0,9,5,4,134,58,76,71,34,37,0,0,0,4,0,4,17,7,10,42,17,25,1,1,0
58521105,56,33,23,55,32,23,1,0,1,8,4,4,0,0,0,1,1,0,45,19,26,24,9,15,0,0,0,3,0,3,10,6,4,8,4,4,0,0,0
58521106,34,20,14,32,19,13,0,0,0,5,4,1,0,0,0,2,1,1,32,15,17,10,4,6,1,1,0,2,0,2,9,4,5,10,6,4,0,0,0
58521107,702,397,305,678,388,290,30,16,14,76,42,34,1,0,1,24,9,15,755,311,444,399,158,241,1,0,1,27,0,27,98,51,47,230,102,128,13,5,8
58521108,713,395,318,688,382,306,28,6,22,54,33,21,6,0,6,25,13,12,602,271,331,291,111,180,4,3,1,31,0,31,101,53,48,175,104,71,4,2,2
58521109,42,22,20,41,21,20,2,1,1,4,2,2,0,0,0,1,1,0,42,19,23,12,5,7,0,0,0,2,0,2,10,4,6,18,10,8,0,0,0
58521110,139,83,56,136,83,53,8,5,3,16,10,6,1,0,1,3,0,3,133,59,74,57,27,30,0,0,0,8,0,8,23,11,12,45,21,24,3,2,1
58522001,42,22,20,41,22,19,1,0,1,5,3,2,0,0,0,1,0,1,43,18,25,18,7,11,0,0,0,3,0,3,8,3,5,14,8,6,1,1,0
58522002,308,173,135,299,169,130,9,2,7,33,16,17,2,0,2,9,4,5,276,120,156,97,46,51,1,0,1,20,0,20,50,19,31,108,55,53,2,0,2
58522003,557,316,241,545,308,237,13,6,7,42,19,23,4,0,4,12,8,4,502,218,284,219,91,128,0,0,0,26,0,26,85,38,47,172,89,83,11,8,3
58522004,54,33,21,54,33,21,2,2,0,5,2,3,0,0,0,0,0,0,55,28,27,24,15,9,0,0,0,2,0,2,11,6,5,18,7,11,0,0,0
58522005,28,15,13,26,14,12,0,0,0,5,3,2,1,0,1,2,1,1,29,18,11,14,8,6,0,0,0,1,0,1,6,4,2,8,6,2,0,0,0
58523801,53,32,21,49,28,21,0,0,0,9,5,4,0,0,0,4,4,0,29,12,17,12,5,7,0,0,0,2,0,2,8,4,4,7,3,4,1,0,1
58524601,298,174,124,287,172,115,9,5,4,27,17,10,3,0,3,11,2,9,264,101,163,104,36,68,0,0,0,16,0,16,52,22,30,92,43,49,3,2,1
58525401,151,91,60,144,87,57,4,0,4,8,4,4,3,0,3,7,4,3,134,65,69,38,15,23,0,0,0,9,0,9,40,20,20,47,30,17,2,1,1
58525402,132,77,55,128,75,53,5,3,2,8,4,4,0,0,0,4,2,2,108,50,58,38,17,21,0,0,0,9,1,8,24,12,12,37,20,17,3,1,2
58526201,11,6,5,11,6,5,0,0,0,3,1,2,0,0,0,0,0,0,9,3,6,5,1,4,0,0,0,0,0,0,0,0,0,4,2,2,0,0,0
58526202,226,137,89,217,133,84,6,3,3,25,16,9,4,0,4,9,4,5,215,83,132,110,46,64,1,0,1,13,0,13,38,19,19,53,18,35,3,1,2
58527101,293,166,127,287,162,125,15,7,8,25,17,8,3,0,3,6,4,2,234,98,136,114,43,71,0,0,0,12,0,12,43,26,17,65,29,36,1,1,0
58528901,706,398,308,686,383,303,26,8,18,81,44,37,1,0,1,20,15,5,583,251,332,232,98,134,1,0,1,34,1,33,99,54,45,217,98,119,10,3,7
58530101,454,259,195,442,254,188,13,4,9,42,20,22,4,0,4,12,5,7,440,187,253,202,86,116,0,0,0,26,0,26,79,40,39,133,61,72,3,2,1
58531901,136,85,51,125,78,47,5,3,2,19,13,6,1,0,1,11,7,4,118,50,68,58,23,35,0,0,0,6,0,6,24,14,10,30,13,17,3,2,1
58532701,146,86,60,143,85,58,6,1,5,10,5,5,2,0,2,3,1,2,114,43,71,62,21,41,0,0,0,5,0,5,18,12,6,29,10,19,1,0,1
58534301,456,261,195,437,250,187,14,6,8,57,26,31,5,0,5,19,11,8,425,187,238,173,71,102,0,0,0,29,0,29,88,43,45,135,73,62,12,3,9
1984550,0,0,0,0,0,0,0,0,0,0,0,0,0,0,0,0,0,0,0,0,0,0,0,0,0,0,0,0,0,0,0,0,0,0,0,0,0,0,0
58543201,176,100,76,168,98,70,4,1,3,19,10,9,0,0,0,8,2,6,317,116,201,232,84,148,0,0,0,6,0,6,23,10,13,56,22,34,2,1,1
58544101,333,188,145,318,184,134,12,3,9,24,12,12,4,0,4,15,4,11,293,118,175,131,52,79,2,2,0,15,0,15,51,20,31,94,44,50,2,1,1
58544102,29,15,14,29,15,14,1,1,0,2,0,2,0,0,0,0,0,0,29,14,15,17,10,7,0,0,0,0,0,0,3,1,2,9,3,6,1,0,1
58545901,90,55,35,87,54,33,1,0,1,15,10,5,1,0,1,3,1,2,102,45,57,55,23,32,0,0,0,7,0,7,15,8,7,25,14,11,0,0,0
58545902,2144,1146,998,2062,1109,953,64,41,23,304,148,156,19,0,19,82,37,45,1974,801,1173,1083,397,686,8,5,3,83,1,82,290,147,143,510,251,259,42,22,20
58545903,140,86,54,136,84,52,2,0,2,13,8,5,2,0,2,4,2,2,116,54,62,65,29,36,0,0,0,4,0,4,19,10,9,28,15,13,1,0,1
58545904,119,71,48,115,68,47,3,1,2,9,5,4,1,0,1,4,3,1,113,53,60,41,18,23,0,0,0,7,0,7,19,9,10,46,26,20,1,0,1
58546701,875,473,402,848,463,385,35,17,18,90,48,42,11,0,11,27,10,17,842,336,506,468,154,314,1,0,1,35,0,35,125,64,61,213,118,95,9,6,3
58548301,162,92,70,151,87,64,7,4,3,21,10,11,1,0,1,11,5,6,150,61,89,72,29,43,0,0,0,12,0,12,22,12,10,44,20,24,0,0,0
58548302,51,27,24,50,26,24,0,0,0,7,3,4,0,0,0,1,1,0,47,14,33,24,9,15,0,0,0,2,0,2,7,2,5,14,3,11,1,1,0
58549101,338,186,152,331,182,149,19,10,9,34,18,16,2,0,2,7,4,3,302,135,167,133,48,85,1,0,1,9,0,9,49,26,23,110,61,49,1,0,1
58550501,345,206,139,333,198,135,9,2,7,25,13,12,0,0,0,12,8,4,330,136,194,140,56,84,0,0,0,17,0,17,59,31,28,114,49,65,1,1,0
58551304,453,255,198,438,246,192,17,12,5,42,23,19,2,0,2,15,9,6,398,178,220,196,81,115,2,2,0,15,0,15,63,39,24,122,56,66,28,23,5
58551305,41,26,15,41,26,15,3,2,1,4,3,1,0,0,0,0,0,0,38,13,25,21,8,13,0,0,0,2,0,2,2,2,0,13,3,10,0,0,0
58551306,43,27,16,43,27,16,1,0,1,6,4,2,0,0,0,0,0,0,24,9,15,11,4,7,0,0,0,3,0,3,5,3,2,5,2,3,0,0,0
58551308,1023,549,474,994,533,461,25,8,17,96,35,61,9,0,9,29,16,13,931,400,531,548,220,328,1,1,0,45,0,45,133,73,60,204,106,98,7,5,2
58551309,13,8,5,13,8,5,0,0,0,1,1,0,0,0,0,0,0,0,6,3,3,4,2,2,0,0,0,0,0,0,1,0,1,1,1,0,1,1,0
58551310,82,48,34,78,47,31,4,1,3,8,4,4,0,0,0,4,1,3,59,25,34,29,12,17,0,0,0,2,0,2,7,5,2,21,8,13,3,1,2
58551311,25,18,7,24,18,6,1,1,0,3,2,1,0,0,0,1,0,1,12,4,8,6,2,4,0,0,0,1,0,1,2,1,1,3,1,2,0,0,0
58551313,104,58,46,103,57,46,3,2,1,10,4,6,0,0,0,1,1,0,100,40,60,47,18,29,0,0,0,5,0,5,13,6,7,35,16,19,1,0,1
58551314,252,138,114,246,134,112,6,3,3,31,15,16,1,0,1,6,4,2,255,110,145,136,56,80,1,1,0,10,0,10,27,11,16,81,42,39,2,1,1
58551315,25,14,11,24,14,10,1,0,1,2,1,1,0,0,0,1,0,1,22,10,12,11,5,6,0,0,0,1,0,1,4,2,2,6,3,3,2,0,2
58551316,223,124,99,215,122,93,9,6,3,15,10,5,4,0,4,8,2,6,191,90,101,89,38,51,1,0,1,10,0,10,35,23,12,56,29,27,3,2,1
58551317,554,301,253,528,287,241,19,6,13,59,26,33,5,0,5,26,14,12,523,197,326,273,92,181,1,1,0,21,0,21,81,36,45,147,68,79,7,2,5
58551318,761,420,341,740,409,331,33,16,17,90,48,42,3,0,3,21,11,10,711,306,405,377,150,227,1,0,1,29,1,28,94,45,49,210,110,100,5,1,4
58552101,300,162,138,291,160,131,8,5,3,31,17,14,3,0,3,9,2,7,373,170,203,199,91,108,0,0,0,16,0,16,59,31,28,99,48,51,5,3,2
58553001,625,382,243,606,369,237,20,7,13,43,26,17,3,0,3,19,13,6,685,295,390,326,134,192,1,1,0,42,0,42,112,59,53,204,101,103,5,4,1
58554801,278,173,105,271,171,100,7,4,3,22,9,13,0,0,0,7,2,5,251,99,152,112,45,67,0,0,0,17,0,17,44,16,28,78,38,40,3,2,1
58554802,58,37,21,53,32,21,0,0,0,2,1,1,1,0,1,5,5,0,54,24,30,24,11,13,0,0,0,2,0,2,7,1,6,21,12,9,0,0,0
58555601,248,132,116,239,127,112,8,4,4,23,12,11,1,0,1,9,5,4,202,84,118,82,29,53,0,0,0,11,0,11,33,15,18,76,40,36,1,0,1
1167930,0,0,0,0,0,0,0,0,0,0,0,0,0,0,0,0,0,0,0,0,0,0,0,0,0,0,0,0,0,0,0,0,0,0,0,0,0,0,0
1168070,0,0,0,0,0,0,0,0,0,0,0,0,0,0,0,0,0,0,0,0,0,0,0,0,0,0,0,0,0,0,0,0,0,0,0,0,0,0,0
1168150,0,0,0,0,0,0,0,0,0,0,0,0,0,0,0,0,0,0,0,0,0,0,0,0,0,0,0,0,0,0,0,0,0,0,0,0,0,0,0
3412230,0,0,0,0,0,0,0,0,0,0,0,0,0,0,0,0,0,0,0,0,0,0,0,0,0,0,0,0,0,0,0,0,0,0,0,0,0,0,0
58559901,533,302,231,515,293,222,25,16,9,55,33,22,1,0,1,18,9,9,376,152,224,196,73,123,1,1,0,15,0,15,49,21,28,115,57,58,2,1,1
58559903,1937,1035,902,1853,998,855,78,32,46,179,76,103,14,0,14,84,37,47,1858,744,1114,1129,405,724,2,0,2,52,0,52,239,117,122,436,222,214,34,16,18
58559904,414,231,183,402,226,176,14,6,8,33,19,14,0,0,0,12,5,7,313,145,168,155,61,94,0,0,0,11,0,11,44,27,17,103,57,46,5,3,2
58559905,31,16,15,31,16,15,1,0,1,1,0,1,1,0,1,0,0,0,51,24,27,34,13,21,0,0,0,1,0,1,4,3,1,12,8,4,0,0,0
58559908,3,3,0,3,3,0,0,0,0,0,0,0,0,0,0,0,0,0,27,17,10,27,17,10,0,0,0,0,0,0,0,0,0,0,0,0,1,1,0
58559909,2465,1354,1111,2380,1297,1083,114,46,68,238,121,117,18,0,18,85,57,28,2250,951,1299,1275,484,791,6,5,1,86,0,86,298,147,151,585,315,270,19,7,12
58559910,40,30,10,31,23,8,0,0,0,2,0,2,0,0,0,9,7,2,8,7,1,6,6,0,0,0,0,0,0,0,0,0,0,2,1,1,1,0,1
58559912,1366,711,655,1318,689,629,42,22,20,131,72,59,6,1,5,48,22,26,1012,425,587,508,205,303,3,2,1,42,0,42,171,76,95,288,142,146,12,7,5
58559913,417,223,194,409,216,193,22,9,13,62,29,33,3,0,3,8,7,1,403,175,228,249,105,144,1,0,1,8,0,8,32,16,16,113,54,59,2,2,0
58559914,1803,1018,785,1746,991,755,51,19,32,222,97,125,12,0,12,57,27,30,1629,707,922,907,367,540,2,2,0,68,0,68,250,127,123,402,211,191,85,56,29
58559915,12,8,4,12,8,4,0,0,0,3,2,1,0,0,0,0,0,0,22,6,16,14,5,9,0,0,0,2,0,2,5,1,4,1,0,1,0,0,0
58561101,150,90,60,147,89,58,7,5,2,14,9,5,3,0,3,3,1,2,163,80,83,100,47,53,0,0,0,8,1,7,26,18,8,29,14,15,4,4,0
58566101,27,15,12,25,13,12,1,0,1,3,2,1,0,0,0,2,2,0,31,11,20,14,7,7,0,0,0,4,0,4,8,3,5,5,1,4,0,0,0
58566102,386,216,170,374,210,164,21,7,14,34,17,17,5,0,5,12,6,6,322,137,185,153,62,91,2,0,2,13,0,13,50,20,30,104,55,49,5,3,2
58567001,428,244,184,418,240,178,15,4,11,25,18,7,2,0,2,10,4,6,385,174,211,148,58,90,0,0,0,25,0,25,81,39,42,131,77,54,5,2,3
58572601,420,233,187,410,231,179,24,13,11,36,22,14,2,0,2,10,2,8,326,143,183,129,56,73,1,0,1,20,0,20,70,36,34,106,51,55,5,2,3
58573401,320,182,138,307,176,131,7,1,6,27,12,15,2,0,2,13,6,7,314,122,192,176,68,108,1,0,1,13,0,13,45,22,23,79,32,47,3,1,2
3138580,0,0,0,0,0,0,0,0,0,0,0,0,0,0,0,0,0,0,0,0,0,0,0,0,0,0,0,0,0,0,0,0,0,0,0,0,0,0,0
3138660,0,0,0,0,0,0,0,0,0,0,0,0,0,0,0,0,0,0,0,0,0,0,0,0,0,0,0,0,0,0,0,0,0,0,0,0,0,0,0
3411510,0,0,0,0,0,0,0,0,0,0,0,0,0,0,0,0,0,0,0,0,0,0,0,0,0,0,0,0,0,0,0,0,0,0,0,0,0,0,0
58575101,239,130,109,234,128,106,4,1,3,23,15,8,1,0,1,5,2,3,219,96,123,113,49,64,0,0,0,7,0,7,36,17,19,63,30,33,2,1,1
58575103,155,89,66,147,86,61,4,2,2,8,4,4,0,0,0,8,3,5,132,56,76,66,24,42,1,0,1,1,0,1,9,3,6,55,29,26,0,0,0
58575104,40,21,19,40,21,19,2,0,2,6,2,4,0,0,0,0,0,0,110,40,70,92,29,63,0,0,0,1,0,1,2,1,1,15,10,5,0,0,0
58575105,332,185,147,326,182,144,10,6,4,53,32,21,3,0,3,6,3,3,245,99,146,114,42,72,2,1,1,11,0,11,44,18,26,74,38,36,2,0,2
58575106,405,229,176,391,219,172,8,3,5,57,33,24,3,0,3,14,10,4,372,159,213,178,68,110,1,0,1,14,0,14,60,29,31,119,62,57,4,1,3
58575107,873,479,394,837,463,374,27,17,10,95,53,42,6,0,6,36,16,20,810,336,474,452,172,280,3,2,1,34,0,34,129,70,59,192,92,100,6,2,4
58575109,550,302,248,531,292,239,19,6,13,64,30,34,6,0,6,19,10,9,476,194,282,278,100,178,2,1,1,13,0,13,47,22,25,136,71,65,2,1,1
58575110,532,291,241,510,281,229,12,5,7,64,28,36,6,0,6,22,10,12,516,212,304,262,101,161,0,0,0,28,0,28,88,38,50,138,73,65,14,11,3
58576901,266,151,115,255,145,110,13,3,10,17,11,6,1,0,1,11,6,5,273,115,158,132,45,87,0,0,0,9,0,9,39,15,24,93,55,38,2,0,2
58577701,1655,872,783,1596,847,749,65,28,37,176,80,96,10,0,10,59,25,34,1142,489,653,468,186,282,3,1,2,58,0,58,207,107,100,406,195,211,28,19,9
58579301,879,503,376,847,489,358,36,20,16,73,41,32,7,0,7,32,14,18,757,307,450,363,142,221,2,1,1,34,0,34,119,58,61,239,106,133,7,7,0
58580701,218,133,85,205,124,81,5,2,3,25,13,12,2,0,2,13,9,4,215,91,124,116,46,70,0,0,0,11,0,11,25,14,11,63,31,32,3,3,0
58581501,140,75,65,132,70,62,4,2,2,16,7,9,1,0,1,8,5,3,106,36,70,53,19,34,0,0,0,3,0,3,13,6,7,37,11,26,2,2,0
58583101,214,119,95,206,113,93,9,5,4,21,12,9,3,0,3,8,6,2,233,99,134,121,49,72,0,0,0,6,0,6,24,5,19,82,45,37,1,0,1
58583102,730,422,308,704,412,292,31,9,22,88,47,41,12,0,12,26,10,16,777,343,434,386,161,225,2,1,1,42,0,42,130,70,60,217,111,106,15,7,8
58583103,19,13,6,19,13,6,0,0,0,3,2,1,0,0,0,0,0,0,21,8,13,12,4,8,0,0,0,0,0,0,2,1,1,7,3,4,1,1,0
58583105,13,9,4,13,9,4,0,0,0,4,4,0,0,0,0,0,0,0,17,7,10,9,4,5,0,0,0,1,0,1,1,0,1,6,3,3,2,0,2
58585801,1175,669,506,1143,657,486,34,10,24,111,55,56,10,0,10,32,12,20,1031,453,578,521,206,315,2,2,0,35,0,35,150,81,69,323,164,159,17,12,5
58585802,83,52,31,80,51,29,1,0,1,6,3,3,2,0,2,3,1,2,44,26,18,20,10,10,0,0,0,2,0,2,12,7,5,10,9,1,0,0,0
58586601,574,337,237,557,326,231,13,6,7,47,21,26,3,0,3,17,11,6,543,237,306,257,105,152,1,0,1,23,0,23,100,48,52,162,84,78,16,6,10
58587401,141,77,64,137,73,64,5,0,5,13,8,5,0,0,0,4,4,0,139,65,74,59,26,33,0,0,0,10,0,10,21,8,13,49,31,18,0,0,0
58588201,636,346,290,617,332,285,19,9,10,56,28,28,4,0,4,19,14,5,499,213,286,220,88,132,1,1,0,21,0,21,84,45,39,173,79,94,8,6,2
58589101,128,75,53,121,74,47,6,3,3,19,12,7,2,0,2,7,1,6,90,36,54,45,20,25,0,0,0,6,0,6,19,9,10,20,7,13,1,1,0
58589102,132,76,56,132,76,56,5,3,2,10,5,5,2,0,2,0,0,0,185,86,99,73,31,42,0,0,0,7,0,7,34,16,18,71,39,32,1,0,1
58589103,50,28,22,49,27,22,2,1,1,14,7,7,0,0,0,1,1,0,36,17,19,14,5,9,0,0,0,0,0,0,4,1,3,18,11,7,0,0,0
58589104,427,237,190,409,229,180,17,9,8,32,14,18,1,0,1,18,8,10,426,177,249,212,74,138,0,0,0,21,0,21,60,26,34,133,77,56,7,3,4
58589105,16,10,6,15,10,5,0,0,0,0,0,0,0,0,0,1,0,1,8,4,4,3,1,2,0,0,0,0,0,0,0,0,0,5,3,2,0,0,0
58589107,670,371,299,643,359,284,24,10,14,62,33,29,4,0,4,27,12,15,603,253,350,274,102,172,1,0,1,26,0,26,101,53,48,201,98,103,28,20,8
58589109,820,447,373,775,429,346,27,8,19,75,39,36,7,0,7,45,18,27,782,335,447,390,143,247,1,0,1,43,0,43,124,73,51,224,119,105,8,1,7
58589110,150,86,64,138,80,58,2,1,1,19,11,8,2,0,2,12,6,6,138,54,84,71,25,46,0,0,0,5,0,5,23,9,14,39,20,19,1,0,1
58591201,382,211,171,375,211,164,8,4,4,31,18,13,4,0,4,7,0,7,336,133,203,149,58,91,2,2,0,14,0,14,57,27,30,114,46,68,1,1,0
58592101,418,235,183,410,231,179,9,6,3,30,18,12,1,0,1,8,4,4,363,153,210,153,63,90,0,0,0,19,0,19,66,30,36,125,60,65,7,4,3
3411260,0,0,0,0,0,0,0,0,0,0,0,0,0,0,0,0,0,0,0,0,0,0,0,0,0,0,0,0,0,0,0,0,0,0,0,0,0,0,0
58593901,98,57,41,97,56,41,3,0,3,14,10,4,2,0,2,1,1,0,94,38,56,33,12,21,0,0,0,3,0,3,17,10,7,41,16,25,0,0,0
58593902,606,325,281,587,318,269,22,11,11,57,32,25,6,0,6,19,7,12,709,274,435,433,164,269,0,0,0,27,0,27,86,42,44,163,68,95,5,3,2
58593903,640,340,300,614,327,287,18,5,13,50,28,22,7,0,7,26,13,13,571,246,325,228,95,133,3,2,1,30,0,30,100,44,56,210,105,105,6,3,3
58593904,30,16,14,28,15,13,0,0,0,1,0,1,0,0,0,2,1,1,22,8,14,6,5,1,0,0,0,3,0,3,8,1,7,5,2,3,0,0,0
58593905,366,195,171,358,190,168,10,5,5,35,17,18,4,0,4,8,5,3,331,157,174,139,62,77,1,0,1,14,0,14,52,27,25,125,68,57,1,0,1
58593906,19,11,8,19,11,8,3,2,1,0,0,0,1,0,1,0,0,0,16,5,11,5,3,2,0,0,0,0,0,0,4,0,4,7,2,5,0,0,0
58593907,82,44,38,80,44,36,3,1,2,6,6,0,0,0,0,2,0,2,53,20,33,25,7,18,0,0,0,3,0,3,9,6,3,16,7,9,0,0,0
58593908,44,27,17,43,27,16,2,1,1,6,3,3,0,0,0,1,0,1,34,15,19,19,9,10,0,0,0,2,0,2,7,3,4,6,3,3,1,0,1
58593909,540,297,243,513,287,226,19,8,11,63,33,30,8,0,8,27,10,17,518,225,293,236,95,141,2,1,1,34,0,34,93,51,42,153,78,75,19,14,5
58593911,26,15,11,23,13,10,0,0,0,0,0,0,0,0,0,3,2,1,20,7,13,10,3,7,0,0,0,2,0,2,5,2,3,3,2,1,0,0,0
58595501,518,291,227,497,279,218,16,8,8,53,28,25,2,0,2,21,12,9,520,223,297,251,98,153,3,3,0,25,0,25,83,42,41,158,80,78,4,3,1
58595502,183,99,84,180,98,82,4,2,2,19,8,11,1,0,1,3,1,2,158,66,92,65,29,36,0,0,0,12,0,12,36,17,19,45,20,25,2,0,2
58596301,194,108,86,185,104,81,3,1,2,19,11,8,0,0,0,9,4,5,196,92,104,96,44,52,2,1,1,9,0,9,35,13,22,54,34,20,4,2,2
58597101,573,314,259,557,306,251,21,10,11,49,24,25,2,0,2,16,8,8,518,222,296,248,98,150,0,0,0,26,2,24,79,43,36,165,79,86,6,4,2
58598001,435,253,182,418,244,174,13,8,5,35,18,17,0,0,0,17,9,8,363,160,203,146,56,90,1,1,0,20,0,20,68,40,28,128,63,65,13,7,6
58599801,113,69,44,111,67,44,3,2,1,8,5,3,1,0,1,2,2,0,101,44,57,40,15,25,0,0,0,7,0,7,27,17,10,27,12,15,1,0,1
58599802,585,330,255,564,320,244,23,11,12,44,29,15,4,0,4,21,10,11,471,220,251,191,84,107,2,1,1,25,0,25,92,54,38,161,81,80,9,8,1
58599803,40,23,17,38,23,15,4,3,1,4,3,1,0,0,0,2,0,2,40,16,24,20,9,11,0,0,0,3,0,3,9,3,6,8,4,4,0,0,0
58599804,52,29,23,50,27,23,3,2,1,8,6,2,0,0,0,2,2,0,35,14,21,19,9,10,0,0,0,1,0,1,6,3,3,9,2,7,1,0,1
58601301,77,43,34,76,42,34,6,5,1,5,4,1,0,0,0,1,1,0,70,29,41,27,12,15,0,0,0,2,0,2,13,5,8,28,12,16,0,0,0
58601302,521,292,229,512,287,225,23,10,13,44,29,15,3,0,3,9,5,4,479,207,272,215,90,125,0,0,0,22,0,22,83,38,45,159,79,80,4,1,3
58687101,156,93,63,152,90,62,11,7,4,12,8,4,2,0,2,4,3,1,176,79,97,87,34,53,0,0,0,7,1,6,26,9,17,56,35,21,4,4,0
58691901,117,72,45,114,70,44,3,0,3,15,8,7,2,0,2,3,2,1,124,56,68,66,27,39,1,0,1,4,0,4,13,9,4,40,20,20,3,2,1
58696001,95,55,40,91,53,38,5,1,4,3,1,2,0,0,0,4,2,2,84,38,46,29,8,21,0,0,0,5,0,5,19,13,6,31,17,14,2,0,2
58699401,100,56,44,93,54,39,2,0,2,10,6,4,0,0,0,7,2,5,99,44,55,55,21,34,0,0,0,2,0,2,13,8,5,29,15,14,1,1,0
58705201,120,68,52,117,66,51,2,0,2,10,3,7,0,0,0,3,2,1,115,54,61,57,25,32,0,0,0,6,0,6,17,11,6,35,18,17,1,0,1
58831801,175,100,75,171,99,72,7,1,6,10,7,3,0,0,0,4,1,3,141,57,84,71,27,44,0,0,0,2,0,2,15,7,8,53,23,30,1,0,1
59225101,83,47,36,78,45,33,4,1,3,9,6,3,2,0,2,5,2,3,66,34,32,35,14,21,0,0,0,1,0,1,11,7,4,19,13,6,3,2,1
54695001,36,18,18,36,18,18,5,1,4,1,1,0,0,0,0,0,0,0,22,13,9,7,2,5,0,0,0,1,0,1,3,3,0,11,8,3,0,0,0
55169401,162,94,68,149,88,61,2,1,1,9,5,4,1,0,1,13,6,7,153,76,77,92,41,51,1,1,0,4,0,4,17,9,8,39,25,14,1,1,0
55170801,42,26,16,38,25,13,1,0,1,5,5,0,0,0,0,4,1,3,41,16,25,22,7,15,0,0,0,2,0,2,7,3,4,10,6,4,0,0,0
55172401,215,118,97,204,115,89,5,3,2,24,13,11,3,0,3,11,3,8,175,93,82,77,38,39,0,0,0,7,0,7,30,19,11,61,36,25,4,3,1
55173201,64,32,32,57,28,29,2,0,2,3,1,2,1,0,1,7,4,3,56,27,29,22,12,10,0,0,0,3,0,3,7,3,4,24,12,12,0,0,0
55173202,227,140,87,217,133,84,3,1,2,17,12,5,0,0,0,10,7,3,204,80,124,94,34,60,1,1,0,5,0,5,28,13,15,76,32,44,6,5,1
55176701,409,228,181,393,217,176,17,7,10,46,23,23,2,0,2,16,11,5,324,149,175,135,62,73,0,0,0,16,0,16,54,27,27,119,60,59,3,1,2
55176702,52,31,21,51,30,21,3,2,1,8,5,3,0,0,0,1,1,0,55,22,33,38,16,22,0,0,0,1,0,1,4,3,1,12,3,9,0,0,0
55178301,128,66,62,122,66,56,1,0,1,6,4,2,0,0,0,6,0,6,101,54,47,46,21,25,0,0,0,3,1,2,10,6,4,42,26,16,6,5,1
55180501,155,86,69,147,82,65,5,2,3,14,7,7,1,0,1,8,4,4,169,83,86,77,38,39,1,1,0,10,0,10,31,19,12,50,25,25,5,1,4
55181301,99,58,41,94,56,38,3,2,1,8,5,3,0,0,0,5,2,3,90,35,55,51,19,32,0,0,0,4,0,4,16,9,7,19,7,12,1,1,0
55182101,9,6,3,9,6,3,0,0,0,2,2,0,0,0,0,0,0,0,13,6,7,9,5,4,1,1,0,0,0,0,1,0,1,2,0,2,0,0,0
55182102,44,25,19,40,22,18,1,0,1,3,1,2,0,0,0,4,3,1,34,18,16,21,12,9,0,0,0,1,0,1,5,4,1,7,2,5,0,0,0
55182104,56,33,23,52,33,19,0,0,0,5,2,3,1,0,1,4,0,4,69,30,39,41,18,23,2,2,0,4,0,4,9,5,4,13,5,8,2,2,0
55184801,48,29,19,42,26,16,1,0,1,5,4,1,1,0,1,6,3,3,72,31,41,40,18,22,0,0,0,3,0,3,16,8,8,13,5,8,2,2,0
55186401,99,56,43,88,54,34,1,0,1,4,2,2,0,0,0,11,2,9,95,44,51,44,19,25,0,0,0,1,0,1,15,5,10,35,20,15,8,5,3
55186403,23,11,12,23,11,12,0,0,0,3,1,2,0,0,0,0,0,0,36,14,22,20,7,13,0,0,0,1,0,1,4,2,2,11,5,6,3,2,1
55187201,70,34,36,56,31,25,2,1,1,4,2,2,0,0,0,14,3,11,76,33,43,38,14,24,0,0,0,2,0,2,14,4,10,22,15,7,6,5,1
55187202,12,8,4,9,8,1,0,0,0,0,0,0,0,0,0,3,0,3,16,6,10,2,0,2,0,0,0,1,0,1,8,5,3,5,1,4,1,0,1
55188101,54,36,18,47,32,15,0,0,0,3,2,1,0,0,0,7,4,3,102,40,62,45,17,28,0,0,0,3,0,3,27,11,16,27,12,15,7,4,3
55190201,56,31,25,54,30,24,4,3,1,5,3,2,0,0,0,2,1,1,55,27,28,33,17,16,0,0,0,0,0,0,6,3,3,16,7,9,2,1,1
55191101,213,118,95,203,114,89,1,1,0,20,13,7,1,0,1,10,4,6,210,103,107,112,54,58,0,0,0,8,0,8,24,14,10,66,35,31,4,3,1
55191102,22,11,11,21,11,10,1,1,0,3,2,1,0,0,0,1,0,1,14,6,8,10,5,5,0,0,0,0,0,0,2,1,1,2,0,2,0,0,0
55192901,180,99,81,167,89,78,1,0,1,21,10,11,2,0,2,13,10,3,176,76,100,80,37,43,2,1,1,6,0,6,24,9,15,64,29,35,5,1,4
55194501,21,13,8,20,13,7,0,0,0,1,1,0,0,0,0,1,0,1,15,10,5,6,4,2,0,0,0,1,0,1,4,4,0,4,2,2,1,1,0
55194502,163,89,74,144,79,65,5,4,1,13,8,5,0,0,0,19,10,9,162,82,80,76,35,41,0,0,0,6,0,6,17,13,4,63,34,29,5,2,3
55199601,160,89,71,155,86,69,3,0,3,6,4,2,0,0,0,5,3,2,98,48,50,67,28,39,1,1,0,0,0,0,10,5,5,20,14,6,2,2,0
55200301,165,95,70,153,91,62,6,1,5,14,11,3,0,0,0,12,4,8,135,54,81,48,19,29,1,0,1,10,0,10,33,14,19,43,21,22,0,0,0
56952601,57,39,18,52,35,17,0,0,0,7,5,2,0,0,0,5,4,1,63,27,36,26,10,16,1,0,1,4,0,4,6,4,2,26,13,13,2,2,0
56952602,125,75,50,112,65,47,1,1,0,11,5,6,0,0,0,13,10,3,124,54,70,47,21,26,0,0,0,6,0,6,23,10,13,48,23,25,4,2,2
56955101,45,24,21,41,22,19,1,1,0,1,0,1,1,0,1,4,2,2,48,25,23,25,13,12,0,0,0,1,0,1,9,4,5,13,8,5,0,0,0
56955102,107,63,44,104,61,43,6,4,2,4,4,0,2,0,2,3,2,1,125,53,72,51,24,27,1,1,0,11,0,11,27,11,16,35,17,18,4,3,1
56957701,234,134,100,218,125,93,7,3,4,17,11,6,4,0,4,16,9,7,188,85,103,77,29,48,0,0,0,8,0,8,40,17,23,63,39,24,4,4,0
56960701,65,33,32,59,31,28,1,0,1,5,3,2,1,0,1,6,2,4,64,29,35,28,13,15,0,0,0,3,0,3,13,6,7,20,10,10,1,1,0
56960702,16,9,7,14,9,5,1,1,0,0,0,0,0,0,0,2,0,2,20,6,14,13,6,7,0,0,0,0,0,0,1,0,1,6,0,6,1,1,0
0132260,0,0,0,0,0,0,0,0,0,0,0,0,0,0,0,0,0,0,0,0,0,0,0,0,0,0,0,0,0,0,0,0,0,0,0,0,0,0,0
59718002,14,8,6,13,8,5,0,0,0,1,1,0,0,0,0,1,0,1,20,6,14,9,4,5,0,0,0,2,0,2,4,0,4,5,2,3,0,0,0
59718003,304,154,150,278,141,137,10,3,7,31,15,16,0,0,0,26,13,13,274,123,151,131,62,69,1,0,1,11,1,10,46,18,28,85,42,43,6,5,1
59718004,350,206,144,186,120,66,6,3,3,20,10,10,0,0,0,164,86,78,522,228,294,114,57,57,2,1,1,25,1,24,217,100,117,164,69,95,41,23,18
59718005,157,84,73,148,79,69,4,2,2,12,4,8,0,0,0,9,5,4,152,52,100,91,29,62,0,0,0,6,0,6,18,7,11,37,16,21,2,1,1
59718006,11,9,2,7,6,1,0,0,0,1,1,0,0,0,0,4,3,1,7,5,2,4,2,2,0,0,0,0,0,0,3,3,0,0,0,0,2,2,0
59718007,1647,854,793,1503,774,729,53,22,31,98,44,54,9,0,9,144,80,64,1252,554,698,546,202,344,3,2,1,64,0,64,258,151,107,381,199,182,114,87,27
59718008,216,122,94,203,117,86,7,4,3,28,21,7,0,0,0,13,5,8,358,118,240,269,79,190,0,0,0,5,0,5,23,11,12,61,28,33,3,2,1
59718009,913,484,429,861,453,408,38,8,30,94,54,40,6,0,6,52,31,21,894,395,499,521,206,315,1,1,0,36,0,36,110,55,55,226,133,93,17,9,8
59718010,1370,681,689,1253,634,619,48,18,30,114,51,63,6,0,6,117,47,70,1143,474,669,530,188,342,1,0,1,42,0,42,184,93,91,386,193,193,25,12,13
59718012,177,94,83,168,88,80,7,1,6,25,10,15,1,0,1,9,6,3,122,59,63,55,27,28,2,2,0,3,0,3,18,6,12,44,24,20,1,1,0
59718013,1776,913,863,1644,849,795,44,18,26,177,82,95,13,0,13,132,64,68,1790,763,1027,954,377,577,1,0,1,61,0,61,255,132,123,519,254,265,27,17,10
59718014,612,321,291,578,298,280,32,9,23,65,37,28,4,0,4,34,23,11,609,286,323,325,143,182,1,0,1,14,0,14,68,36,32,201,107,94,8,4,4
59719801,113,64,49,103,58,45,3,1,2,11,7,4,0,0,0,10,6,4,73,33,40,45,21,24,0,0,0,1,0,1,6,3,3,21,9,12,0,0,0
59719802,14,8,6,14,8,6,0,0,0,2,2,0,0,0,0,0,0,0,8,5,3,3,2,1,0,0,0,0,0,0,1,0,1,4,3,1,0,0,0
0066450,0,0,0,0,0,0,0,0,0,0,0,0,0,0,0,0,0,0,0,0,0,0,0,0,0,0,0,0,0,0,0,0,0,0,0,0,0,0,0
59720101,107,63,44,98,57,41,3,2,1,6,3,3,0,0,0,9,6,3,116,59,57,58,29,29,0,0,0,7,0,7,28,17,11,23,13,10,13,8,5
59720103,15,11,4,11,8,3,0,0,0,2,2,0,0,0,0,4,3,1,18,7,11,9,3,6,0,0,0,1,0,1,3,1,2,5,3,2,0,0,0
59720105,45,27,18,37,21,16,2,1,1,4,1,3,0,0,0,8,6,2,48,23,25,29,14,15,0,0,0,2,0,2,6,3,3,11,6,5,1,1,0
59721001,592,312,280,561,296,265,24,7,17,44,24,20,7,0,7,31,16,15,517,262,255,239,114,125,2,2,0,12,0,12,78,48,30,186,98,88,8,5,3
59721002,114,59,55,106,55,51,5,3,2,6,4,2,1,0,1,8,4,4,104,46,58,48,18,30,0,0,0,2,0,2,20,9,11,34,19,15,1,0,1
59722801,16,8,8,15,7,8,0,0,0,3,0,3,1,0,1,1,1,0,18,10,8,5,4,1,0,0,0,1,0,1,7,3,4,5,3,2,1,0,1
59722802,1271,732,539,1164,687,477,23,9,14,90,47,43,7,0,7,107,45,62,1319,562,757,780,306,474,3,3,0,47,0,47,191,107,84,298,146,152,60,38,22
59722803,59,30,29,53,27,26,0,0,0,3,2,1,0,0,0,6,3,3,55,26,29,31,14,17,0,0,0,1,0,1,5,3,2,18,9,9,1,0,1
59722804,9,4,5,9,4,5,0,0,0,2,1,1,0,0,0,0,0,0,23,7,16,13,4,9,0,0,0,1,0,1,2,1,1,7,2,5,0,0,0
59725201,207,115,92,190,107,83,5,2,3,19,11,8,2,0,2,17,8,9,194,90,104,103,44,59,3,3,0,6,2,4,24,12,12,58,29,29,5,4,1
59728701,113,60,53,109,56,53,8,1,7,7,5,2,3,0,3,4,4,0,122,47,75,76,25,51,0,0,0,2,0,2,16,10,6,28,12,16,6,4,2
59728702,75,44,31,70,41,29,1,1,0,8,5,3,0,0,0,5,3,2,76,35,41,32,16,16,0,0,0,2,0,2,11,3,8,31,16,15,2,2,0
59731701,605,328,277,545,301,244,10,2,8,57,33,24,5,0,5,60,27,33,604,247,357,322,128,194,0,0,0,20,1,19,90,41,49,172,77,95,14,8,6
59732501,142,80,62,135,78,57,10,4,6,24,14,10,1,0,1,7,2,5,142,59,83,84,35,49,0,0,0,6,1,5,23,8,15,29,15,14,2,2,0
59734102,75,43,32,68,39,29,0,0,0,15,10,5,0,0,0,7,4,3,57,24,33,27,11,16,0,0,0,2,0,2,4,2,2,24,11,13,0,0,0
59734103,168,101,67,152,93,59,3,1,2,13,8,5,2,0,2,16,8,8,152,71,81,78,35,43,0,0,0,6,0,6,27,14,13,41,22,19,7,5,2
59734104,15,11,4,14,10,4,0,0,0,3,2,1,0,0,0,1,1,0,24,13,11,17,10,7,0,0,0,0,0,0,2,1,1,5,2,3,2,2,0
59734105,33,20,13,33,20,13,1,0,1,3,3,0,0,0,0,0,0,0,30,13,17,20,8,12,0,0,0,1,0,1,6,3,3,3,2,1,0,0,0
59734107,49,27,22,42,24,18,0,0,0,5,3,2,0,0,0,7,3,4,39,20,19,33,17,16,0,0,0,0,0,0,1,1,0,5,2,3,1,1,0
59735001,906,504,402,845,474,371,19,4,15,72,37,35,7,0,7,61,30,31,932,395,537,476,193,283,2,2,0,43,0,43,148,75,73,263,125,138,23,17,6
59735002,159,93,66,142,83,59,3,2,1,15,10,5,1,0,1,17,10,7,154,83,71,52,25,27,0,0,0,10,0,10,43,30,13,49,28,21,2,1,1
59736801,21,10,11,21,10,11,2,1,1,3,1,2,0,0,0,0,0,0,23,14,9,13,8,5,0,0,0,0,0,0,1,1,0,9,5,4,0,0,0
59736802,270,150,120,253,141,112,7,2,5,19,15,4,1,0,1,17,9,8,263,116,147,123,46,77,1,1,0,8,0,8,43,25,18,88,44,44,14,11,3
59736803,24,14,10,22,12,10,1,1,0,1,0,1,0,0,0,2,2,0,27,15,12,16,7,9,0,0,0,1,0,1,5,3,2,5,5,0,0,0,0
59736804,17,6,11,16,6,10,0,0,0,1,0,1,1,0,1,1,0,1,20,8,12,12,6,6,0,0,0,0,0,0,6,2,4,2,0,2,0,0,0
59736805,52,28,24,50,28,22,2,1,1,6,4,2,0,0,0,2,0,2,47,23,24,30,14,16,1,0,1,0,0,0,6,3,3,10,6,4,2,1,1
59739201,166,106,60,154,98,56,3,1,2,7,3,4,0,0,0,12,8,4,134,57,77,76,32,44,0,0,0,7,0,7,19,8,11,32,17,15,3,2,1
59739202,17,10,7,17,10,7,0,0,0,2,2,0,1,0,1,0,0,0,11,4,7,5,2,3,0,0,0,0,0,0,2,1,1,4,1,3,0,0,0
59739203,38,19,19,37,18,19,2,0,2,3,0,3,0,0,0,1,1,0,29,16,13,16,11,5,0,0,0,1,0,1,5,3,2,7,2,5,2,1,1
59739204,86,46,40,79,43,36,2,1,1,8,6,2,0,0,0,7,3,4,96,44,52,51,23,28,0,0,0,3,0,3,16,6,10,26,15,11,1,0,1
59743101,122,76,46,108,70,38,3,3,0,9,6,3,1,0,1,14,6,8,139,61,78,101,45,56,0,0,0,3,0,3,13,6,7,22,10,12,0,0,0
59744901,28,14,14,27,14,13,1,0,1,2,1,1,0,0,0,1,0,1,24,12,12,13,6,7,0,0,0,1,0,1,3,3,0,7,3,4,0,0,0
59744902,532,306,226,485,291,194,12,6,6,37,21,16,0,0,0,47,15,32,517,215,302,296,120,176,1,1,0,20,0,20,62,33,29,138,61,77,14,11,3
59745701,69,41,28,46,30,16,1,0,1,7,6,1,0,0,0,23,11,12,74,36,38,26,10,16,0,0,0,3,0,3,18,11,7,27,15,12,5,3,2
59745702,25,12,13,25,12,13,1,1,0,5,2,3,0,0,0,0,0,0,15,7,8,5,2,3,0,0,0,0,0,0,3,1,2,7,4,3,0,0,0
59745703,17,10,7,17,10,7,1,0,1,1,1,0,1,0,1,0,0,0,14,8,6,9,5,4,1,1,0,0,0,0,2,1,1,2,1,1,0,0,0
59745704,21,13,8,19,12,7,0,0,0,1,1,0,0,0,0,2,1,1,29,16,13,15,8,7,0,0,0,1,0,1,5,4,1,8,4,4,1,0,1
59745705,14,11,3,10,7,3,2,1,1,1,1,0,0,0,0,4,4,0,27,12,15,14,5,9,1,1,0,3,1,2,4,2,2,5,3,2,0,0,0
59747301,78,44,34,74,42,32,4,2,2,15,7,8,2,0,2,4,2,2,57,24,33,27,9,18,0,0,0,3,0,3,10,5,5,17,10,7,3,3,0
0634010,0,0,0,0,0,0,0,0,0,0,0,0,0,0,0,0,0,0,0,0,0,0,0,0,0,0,0,0,0,0,0,0,0,0,0,0,0,0,0
59748101,85,45,40,75,40,35,2,1,1,11,6,5,1,0,1,10,5,5,78,38,40,33,12,21,0,0,0,4,0,4,13,6,7,28,20,8,0,0,0
59748102,352,207,145,323,187,136,8,5,3,32,20,12,4,0,4,29,20,9,321,147,174,166,68,98,0,0,0,10,1,9,50,27,23,95,51,44,7,5,2
59748103,55,27,28,50,25,25,2,1,1,1,1,0,0,0,0,5,2,3,72,33,39,41,19,22,0,0,0,2,0,2,12,7,5,17,7,10,1,1,0
59751101,159,90,69,144,82,62,9,4,5,9,2,7,1,0,1,15,8,7,180,89,91,100,44,56,0,0,0,12,0,12,23,12,11,45,33,12,5,3,2
3048830,0,0,0,0,0,0,0,0,0,0,0,0,0,0,0,0,0,0,0,0,0,0,0,0,0,0,0,0,0,0,0,0,0,0,0,0,0,0,0
3219150,0,0,0,0,0,0,0,0,0,0,0,0,0,0,0,0,0,0,0,0,0,0,0,0,0,0,0,0,0,0,0,0,0,0,0,0,0,0,0
3413040,0,0,0,0,0,0,0,0,0,0,0,0,0,0,0,0,0,0,0,0,0,0,0,0,0,0,0,0,0,0,0,0,0,0,0,0,0,0,0
59752001,152,83,69,142,80,62,4,2,2,14,9,5,2,0,2,10,3,7,148,66,82,66,28,38,0,0,0,6,0,6,23,13,10,53,25,28,0,0,0
59752002,138,77,61,134,76,58,2,1,1,16,8,8,0,0,0,4,1,3,134,57,77,52,25,27,0,0,0,10,1,9,25,9,16,47,22,25,1,0,1
59752003,45,28,17,43,27,16,1,1,0,1,1,0,1,0,1,2,1,1,22,10,12,8,2,6,0,0,0,2,0,2,5,2,3,7,6,1,0,0,0
59752004,958,489,469,884,451,433,40,15,25,97,44,53,2,0,2,74,38,36,1088,386,702,666,193,473,5,3,2,34,0,34,124,66,58,259,124,135,14,8,6
59752005,104,52,52,93,46,47,2,0,2,6,2,4,0,0,0,11,6,5,118,55,63,59,24,35,0,0,0,6,0,6,15,8,7,38,23,15,1,1,0
59752006,130,73,57,126,73,53,5,3,2,8,4,4,1,0,1,4,0,4,116,53,63,44,19,25,1,0,1,8,0,8,29,13,16,34,21,13,0,0,0
59752007,242,128,114,236,125,111,13,6,7,36,20,16,1,0,1,6,3,3,305,144,161,185,80,105,0,0,0,6,0,6,27,16,11,87,48,39,1,0,1
59752008,1035,621,414,931,556,375,35,19,16,80,41,39,2,0,2,104,65,39,724,312,412,342,134,208,3,2,1,28,2,26,142,70,72,209,104,105,109,77,32
59752012,8,5,3,8,5,3,0,0,0,0,0,0,0,0,0,0,0,0,13,4,9,4,2,2,0,0,0,1,0,1,2,2,0,6,0,6,0,0,0
59752013,487,267,220,459,250,209,9,5,4,49,32,17,1,0,1,28,17,11,481,203,278,253,104,149,0,0,0,17,0,17,68,29,39,143,70,73,3,2,1
59752014,705,366,339,663,346,317,20,9,11,65,36,29,4,0,4,42,20,22,676,311,365,345,136,209,2,1,1,17,0,17,77,47,30,235,127,108,8,3,5
59752016,795,430,365,697,370,327,40,17,23,75,43,32,4,0,4,98,60,38,733,310,423,338,134,204,1,1,0,39,0,39,146,70,76,209,105,104,25,11,14
59752017,361,197,164,330,181,149,13,5,8,30,14,16,1,0,1,31,16,15,342,149,193,156,63,93,0,0,0,17,0,17,59,30,29,110,56,54,5,3,2
59752018,472,233,239,431,211,220,18,5,13,41,22,19,4,0,4,41,22,19,399,154,245,189,74,115,1,0,1,18,0,18,65,29,36,126,51,75,5,4,1
59752019,86,47,39,81,44,37,5,4,1,1,1,0,2,0,2,5,3,2,70,32,38,20,8,12,1,0,1,4,0,4,20,11,9,25,13,12,2,1,1
59752020,823,430,393,756,391,365,34,16,18,95,51,44,4,0,4,67,39,28,826,327,499,523,195,328,4,3,1,23,0,23,107,49,58,169,80,89,4,2,2
59752021,1003,500,503,945,478,467,36,19,17,116,60,56,8,0,8,58,22,36,1084,462,622,617,240,377,2,2,0,47,0,47,156,82,74,262,138,124,17,8,9
59752022,104,54,50,96,51,45,2,1,1,12,7,5,0,0,0,8,3,5,98,45,53,51,23,28,0,0,0,4,0,4,17,12,5,26,10,16,2,1,1
59752023,18,10,8,18,10,8,0,0,0,0,0,0,0,0,0,0,0,0,21,9,12,8,5,3,0,0,0,1,0,1,3,1,2,9,3,6,0,0,0
59752024,737,379,358,686,353,333,20,6,14,76,31,45,7,0,7,51,26,25,883,373,510,523,204,319,0,0,0,32,1,31,117,62,55,211,106,105,4,2,2
59752025,46,22,24,42,21,21,4,0,4,3,0,3,0,0,0,4,1,3,36,17,19,6,4,2,1,0,1,1,0,1,8,3,5,20,10,10,0,0,0
59752026,79,50,29,38,20,18,1,1,0,3,1,2,1,0,1,41,30,11,61,32,29,20,12,8,0,0,0,5,0,5,10,5,5,26,15,11,2,1,1
59752027,93,48,45,88,47,41,1,0,1,5,4,1,0,0,0,5,1,4,92,40,52,40,16,24,0,0,0,3,0,3,9,3,6,40,21,19,0,0,0
59752029,140,78,62,138,78,60,4,3,1,22,13,9,0,0,0,2,0,2,182,86,96,102,50,52,0,0,0,5,0,5,25,14,11,50,22,28,0,0,0
59752030,522,284,238,487,269,218,15,7,8,70,40,30,2,0,2,35,15,20,549,244,305,249,104,145,2,1,1,28,0,28,111,59,52,159,80,79,11,4,7
59752031,594,304,290,552,289,263,27,14,13,55,32,23,6,0,6,42,15,27,754,305,449,483,187,296,1,1,0,25,0,25,77,39,38,168,78,90,8,2,6
59752032,290,153,137,256,137,119,5,2,3,25,15,10,0,0,0,34,16,18,254,104,150,116,41,75,2,2,0,13,0,13,47,24,23,76,37,39,7,2,5
59752033,168,78,90,158,74,84,2,0,2,11,4,7,1,0,1,10,4,6,235,93,142,137,50,87,3,1,2,9,0,9,34,16,18,52,26,26,2,0,2
59752034,46,30,16,44,29,15,0,0,0,2,2,0,0,0,0,2,1,1,41,22,19,13,5,8,0,0,0,1,0,1,11,6,5,16,11,5,0,0,0
59752035,508,275,233,456,241,215,12,3,9,51,27,24,9,0,9,52,34,18,509,251,258,296,133,163,4,3,1,10,0,10,50,23,27,149,92,57,3,2,1
59753801,110,63,47,106,60,46,2,1,1,10,6,4,0,0,0,4,3,1,102,46,56,59,29,30,0,0,0,5,0,5,13,7,6,25,10,15,9,4,5
59754601,213,120,93,200,113,87,5,1,4,28,17,11,3,0,3,13,7,6,161,63,98,96,36,60,1,0,1,6,1,5,30,12,18,28,14,14,3,0,3
59755401,62,38,24,55,34,21,0,0,0,7,2,5,1,0,1,7,4,3,50,19,31,20,6,14,0,0,0,1,0,1,12,6,6,17,7,10,0,0,0
59755402,434,238,196,403,220,183,15,6,9,37,20,17,1,0,1,31,18,13,446,204,242,191,80,111,0,0,0,27,0,27,86,51,35,142,73,69,15,11,4
59757101,10,4,6,10,4,6,1,0,1,0,0,0,0,0,0,0,0,0,24,12,12,12,7,5,1,0,1,0,0,0,4,2,2,7,3,4,1,0,1
59757102,19,11,8,18,11,7,0,0,0,1,0,1,0,0,0,1,0,1,30,15,15,19,9,10,0,0,0,2,0,2,2,1,1,7,5,2,0,0,0
59757103,155,88,67,131,77,54,5,2,3,11,6,5,1,0,1,24,11,13,180,71,109,100,41,59,0,0,0,11,0,11,28,11,17,41,19,22,7,6,1
59758901,194,108,86,176,102,74,3,2,1,13,6,7,2,0,2,18,6,12,202,87,115,102,41,61,0,0,0,6,0,6,34,20,14,60,26,34,6,2,4
59758902,40,25,15,35,22,13,0,0,0,2,1,1,0,0,0,5,3,2,39,16,23,16,5,11,0,0,0,2,0,2,9,5,4,12,6,6,1,0,1
0902392,0,0,0,0,0,0,0,0,0,0,0,0,0,0,0,0,0,0,0,0,0,0,0,0,0,0,0,0,0,0,0,0,0,0,0,0,0,0,0
59760101,32,21,11,32,21,11,1,1,0,9,6,3,0,0,0,0,0,0,27,13,14,16,8,8,0,0,0,1,0,1,5,3,2,5,2,3,1,1,0
59760102,276,150,126,263,143,120,8,4,4,41,25,16,0,0,0,13,7,6,242,114,128,147,67,80,0,0,0,9,0,9,27,10,17,59,37,22,8,6,2
0933942,0,0,0,0,0,0,0,0,0,0,0,0,0,0,0,0,0,0,0,0,0,0,0,0,0,0,0,0,0,0,0,0,0,0,0,0,0,0,0
59763502,192,109,83,180,103,77,8,2,6,19,10,9,1,0,1,12,6,6,205,89,116,112,49,63,1,1,0,10,1,9,25,11,14,57,27,30,2,1,1
59763504,26,18,8,22,15,7,0,0,0,5,3,2,0,0,0,4,3,1,21,11,10,13,6,7,0,0,0,0,0,0,2,2,0,6,3,3,0,0,0
59763505,96,52,44,92,50,42,4,1,3,14,6,8,0,0,0,4,2,2,78,44,34,34,17,17,1,1,0,2,0,2,10,3,7,31,23,8,1,1,0
59763506,62,33,29,58,31,27,2,1,1,6,3,3,1,0,1,4,2,2,58,28,30,22,10,12,0,0,0,2,0,2,5,3,2,29,15,14,0,0,0
59763507,22,11,11,19,10,9,1,1,0,1,1,0,0,0,0,3,1,2,22,10,12,19,9,10,0,0,0,0,0,0,2,1,1,1,0,1,1,1,0
59763509,1163,606,557,1074,563,511,36,15,21,109,59,50,6,0,6,89,43,46,1296,585,711,756,316,440,4,2,2,37,0,37,157,85,72,342,182,160,25,17,8
59763510,11,5,6,11,5,6,2,1,1,0,0,0,0,0,0,0,0,0,23,11,12,18,8,10,0,0,0,0,0,0,1,0,1,4,3,1,0,0,0
59763512,26,10,16,22,9,13,0,0,0,2,1,1,0,0,0,4,1,3,57,26,31,39,16,23,0,0,0,3,1,2,6,4,2,9,5,4,0,0,0
1133100,0,0,0,0,0,0,0,0,0,0,0,0,0,0,0,0,0,0,0,0,0,0,0,0,0,0,0,0,0,0,0,0,0,0,0,0,0,0,0
59771601,376,209,167,297,170,127,10,7,3,28,14,14,1,0,1,79,39,40,572,258,314,263,115,148,0,0,0,16,1,15,140,67,73,153,75,78,30,18,12
59772401,255,149,106,231,137,94,9,3,6,21,18,3,0,0,0,24,12,12,210,94,116,116,53,63,1,0,1,6,0,6,23,10,13,64,31,33,11,8,3
59774101,102,61,41,92,55,37,3,1,2,11,8,3,0,0,0,10,6,4,92,41,51,52,24,28,0,0,0,5,0,5,15,5,10,20,12,8,1,0,1
59777501,13,8,5,12,7,5,0,0,0,5,3,2,0,0,0,1,1,0,11,5,6,4,0,4,0,0,0,0,0,0,1,1,0,6,4,2,2,0,2
59777503,62,38,24,61,38,23,2,0,2,5,5,0,0,0,0,1,0,1,58,20,38,32,10,22,0,0,0,4,0,4,9,5,4,13,5,8,1,1,0
1444870,0,0,0,0,0,0,0,0,0,0,0,0,0,0,0,0,0,0,0,0,0,0,0,0,0,0,0,0,0,0,0,0,0,0,0,0,0,0,0
3048910,0,0,0,0,0,0,0,0,0,0,0,0,0,0,0,0,0,0,0,0,0,0,0,0,0,0,0,0,0,0,0,0,0,0,0,0,0,0,0
3049130,0,0,0,0,0,0,0,0,0,0,0,0,0,0,0,0,0,0,0,0,0,0,0,0,0,0,0,0,0,0,0,0,0,0,0,0,0,0,0
3413550,0,0,0,0,0,0,0,0,0,0,0,0,0,0,0,0,0,0,0,0,0,0,0,0,0,0,0,0,0,0,0,0,0,0,0,0,0,0,0
59778301,21,10,11,20,10,10,2,0,2,2,1,1,0,0,0,1,0,1,15,8,7,8,4,4,0,0,0,1,0,1,2,2,0,4,2,2,0,0,0
59778302,199,114,85,189,110,79,7,3,4,15,8,7,1,0,1,10,4,6,140,63,77,57,25,32,0,0,0,5,1,4,22,10,12,56,27,29,1,0,1
59778303,14,7,7,14,7,7,0,0,0,1,1,0,0,0,0,0,0,0,14,7,7,3,1,2,0,0,0,0,0,0,1,0,1,10,6,4,0,0,0
59778304,251,135,116,242,131,111,7,2,5,23,16,7,2,0,2,9,4,5,222,98,124,101,41,60,0,0,0,10,0,10,37,19,18,74,38,36,2,1,1
59778305,82,45,37,77,44,33,2,0,2,12,8,4,0,0,0,5,1,4,54,23,31,24,9,15,0,0,0,2,0,2,7,2,5,21,12,9,1,1,0
59778307,91,51,40,80,45,35,2,2,0,9,5,4,1,0,1,11,6,5,87,36,51,44,20,24,0,0,0,4,0,4,11,3,8,28,13,15,1,1,0
59778308,59,32,27,54,30,24,2,2,0,2,0,2,0,0,0,5,2,3,83,29,54,44,17,27,0,0,0,5,0,5,17,5,12,17,7,10,0,0,0
59778309,31,21,10,28,18,10,0,0,0,7,4,3,0,0,0,3,3,0,29,11,18,16,8,8,0,0,0,0,0,0,1,0,1,12,3,9,0,0,0
59778310,13,9,4,10,8,2,0,0,0,1,1,0,0,0,0,3,1,2,8,4,4,3,1,2,0,0,0,0,0,0,2,2,0,3,1,2,0,0,0
59778311,619,336,283,589,324,265,8,4,4,57,32,25,4,0,4,30,12,18,748,308,440,486,177,309,0,0,0,27,0,27,77,37,40,158,94,64,14,9,5
59778312,80,42,38,79,41,38,2,0,2,6,4,2,2,0,2,1,1,0,63,26,37,43,16,27,0,0,0,1,0,1,6,2,4,13,8,5,0,0,0
59778313,686,357,329,647,341,306,18,1,17,74,43,31,2,0,2,39,16,23,629,294,335,347,135,212,0,0,0,19,0,19,79,45,34,184,114,70,15,9,6
59778314,550,313,237,519,295,224,23,6,17,54,31,23,4,1,3,31,18,13,509,228,281,294,123,171,3,2,1,18,0,18,71,33,38,123,70,53,2,0,2
59778315,388,205,183,370,198,172,12,8,4,58,30,28,3,0,3,18,7,11,392,167,225,243,94,149,0,0,0,6,0,6,34,20,14,109,53,56,6,4,2
59778317,107,59,48,105,58,47,3,2,1,15,9,6,2,0,2,2,1,1,105,45,60,61,27,34,0,0,0,3,0,3,11,6,5,30,12,18,1,1,0
59778318,19,11,8,14,9,5,0,0,0,1,0,1,0,0,0,5,2,3,10,4,6,2,1,1,0,0,0,2,0,2,3,1,2,3,2,1,0,0,0
59778319,638,363,275,586,339,247,13,7,6,43,27,16,4,0,4,52,24,28,549,240,309,254,105,149,1,1,0,30,0,30,98,48,50,166,86,80,23,13,10
59779101,263,148,115,240,139,101,7,0,7,22,12,10,1,0,1,23,9,14,328,157,171,191,90,101,2,2,0,8,1,7,38,20,18,89,44,45,9,4,5
1505680,0,0,0,0,0,0,0,0,0,0,0,0,0,0,0,0,0,0,0,0,0,0,0,0,0,0,0,0,0,0,0,0,0,0,0,0,0,0,0
59781301,7,5,2,6,5,1,0,0,0,3,3,0,0,0,0,1,0,1,23,11,12,20,8,12,0,0,0,0,0,0,2,2,0,1,1,0,0,0,0
59781302,15,8,7,14,8,6,0,0,0,3,2,1,0,0,0,1,0,1,15,7,8,9,6,3,0,0,0,0,0,0,1,0,1,5,1,4,0,0,0
59781303,74,50,24,70,46,24,2,1,1,5,4,1,0,0,0,4,4,0,94,46,48,50,21,29,0,0,0,5,0,5,13,5,8,26,20,6,2,2,0
59781305,125,73,52,101,63,38,6,3,3,4,3,1,2,0,2,24,10,14,115,53,62,53,25,28,0,0,0,7,0,7,22,8,14,33,20,13,10,5,5
59787201,53,35,18,37,24,13,5,1,4,3,2,1,0,0,0,16,11,5,36,16,20,19,10,9,0,0,0,4,0,4,7,4,3,6,2,4,3,3,0
59787202,48,28,20,44,27,17,2,0,2,6,3,3,0,0,0,4,1,3,54,25,29,30,14,16,0,0,0,3,0,3,10,5,5,11,6,5,0,0,0
59787203,35,18,17,34,18,16,5,3,2,2,1,1,1,0,1,1,0,1,27,14,13,13,8,5,0,0,0,1,0,1,5,3,2,8,3,5,0,0,0
59787204,27,15,12,25,13,12,0,0,0,3,2,1,1,0,1,2,2,0,33,16,17,24,10,14,0,0,0,0,0,0,4,2,2,5,4,1,0,0,0
59787205,525,309,216,477,281,196,15,9,6,33,18,15,5,0,5,48,28,20,479,188,291,253,99,154,0,0,0,21,0,21,71,35,36,134,54,80,20,14,6
59788101,251,145,106,243,142,101,7,5,2,33,23,10,2,0,2,8,3,5,253,110,143,116,42,74,0,0,0,16,0,16,45,26,19,76,42,34,3,2,1
59789901,9,5,4,5,4,1,0,0,0,0,0,0,0,0,0,4,1,3,13,6,7,9,4,5,0,0,0,0,0,0,2,1,1,2,1,1,0,0,0
59789902,17,10,7,17,10,7,0,0,0,2,1,1,0,0,0,0,0,0,21,10,11,15,7,8,0,0,0,0,0,0,0,0,0,6,3,3,0,0,0
59789903,46,23,23,41,22,19,1,0,1,6,0,6,1,0,1,5,1,4,63,34,29,48,26,22,0,0,0,2,0,2,2,1,1,11,7,4,0,0,0
59789904,181,106,75,174,103,71,7,6,1,13,8,5,0,0,0,7,3,4,174,79,95,96,44,52,0,0,0,6,0,6,27,12,15,45,23,22,4,3,1
59791102,76,41,35,72,39,33,4,2,2,8,3,5,0,0,0,4,2,2,68,31,37,43,17,26,0,0,0,2,0,2,8,5,3,15,9,6,1,1,0
59791103,348,202,146,310,182,128,9,5,4,29,12,17,1,0,1,38,20,18,347,170,177,195,102,93,2,1,1,14,0,14,51,23,28,85,44,41,14,11,3
59793701,473,258,215,445,249,196,10,3,7,32,20,12,3,0,3,28,9,19,451,210,241,240,105,135,0,0,0,18,0,18,61,30,31,132,75,57,4,2,2
59794501,74,45,29,67,42,25,2,1,1,12,9,3,0,0,0,7,3,4,66,32,34,33,16,17,0,0,0,3,0,3,11,7,4,19,9,10,0,0,0
59794503,139,79,60,112,65,47,2,1,1,14,8,6,1,0,1,27,14,13,180,82,98,64,30,34,1,1,0,8,0,8,49,23,26,58,28,30,8,5,3
59796102,309,176,133,290,165,125,8,3,5,25,12,13,0,0,0,19,11,8,392,170,222,246,107,139,0,0,0,10,0,10,39,18,21,97,45,52,2,0,2
59796103,11,7,4,9,5,4,0,0,0,1,1,0,0,0,0,2,2,0,14,7,7,10,5,5,0,0,0,1,0,1,2,2,0,1,0,1,0,0,0
59796104,1777,967,810,1634,892,742,57,29,28,138,81,57,8,0,8,143,75,68,1867,810,1057,1122,454,668,3,2,1,47,0,47,201,99,102,494,255,239,36,24,12
59796105,160,93,67,155,89,66,4,2,2,15,11,4,0,0,0,5,4,1,171,76,95,96,39,57,0,0,0,9,0,9,30,18,12,36,19,17,1,1,0
59797001,21,14,7,19,12,7,1,1,0,1,0,1,0,0,0,2,2,0,33,11,22,24,10,14,0,0,0,2,0,2,3,0,3,4,1,3,1,1,0
59797002,45,30,15,39,27,12,0,0,0,2,1,1,0,0,0,6,3,3,34,14,20,26,12,14,0,0,0,1,0,1,3,1,2,4,1,3,0,0,0
59797003,51,29,22,42,26,16,3,2,1,7,3,4,0,0,0,9,3,6,76,37,39,36,16,20,0,0,0,3,0,3,16,10,6,21,11,10,6,4,2
59798801,294,166,128,280,158,122,12,5,7,28,17,11,1,0,1,14,8,6,272,111,161,148,59,89,2,2,0,9,0,9,23,9,14,90,41,49,2,2,0
59798802,267,150,117,256,144,112,14,4,10,28,17,11,0,0,0,11,6,5,254,122,132,104,46,58,1,1,0,13,0,13,52,32,20,84,43,41,7,4,3
1081970,0,0,0,0,0,0,0,0,0,0,0,0,0,0,0,0,0,0,0,0,0,0,0,0,0,0,0,0,0,0,0,0,0,0,0,0,0,0,0
50709101,72,43,29,65,41,24,1,0,1,4,2,2,0,0,0,7,2,5,84,34,50,46,15,31,0,0,0,3,0,3,20,11,9,15,8,7,1,0,1
50709102,121,66,55,117,64,53,7,3,4,9,1,8,1,0,1,4,2,2,104,55,49,53,22,31,0,0,0,2,0,2,15,10,5,34,23,11,1,1,0
50709103,623,340,283,592,325,267,22,7,15,37,21,16,6,0,6,31,15,16,767,342,425,426,177,249,2,2,0,34,1,33,113,68,45,192,94,98,15,11,4
50709104,131,75,56,125,75,50,7,1,6,15,8,7,0,0,0,6,0,6,172,68,104,113,46,67,0,0,0,6,0,6,23,8,15,30,14,16,0,0,0
50718101,515,277,238,497,264,233,13,4,9,52,26,26,4,0,4,18,13,5,562,312,250,296,184,112,1,0,1,16,0,16,81,42,39,168,86,82,5,3,2
50723701,576,309,267,559,300,259,24,6,18,66,37,29,10,0,10,17,9,8,636,296,340,344,151,193,1,0,1,25,0,25,87,48,39,179,97,82,3,3,0
50723702,120,65,55,117,63,54,4,1,3,10,7,3,0,0,0,3,2,1,115,54,61,37,18,19,1,1,0,2,0,2,23,10,13,52,25,27,0,0,0
50723703,28,17,11,26,15,11,0,0,0,5,3,2,0,0,0,2,2,0,42,19,23,20,9,11,0,0,0,2,0,2,6,4,2,14,6,8,1,0,1
50742301,226,118,108,214,115,99,11,6,5,16,9,7,3,0,3,12,3,9,240,117,123,124,61,63,1,0,1,8,0,8,30,14,16,77,42,35,2,1,1
50742302,33,17,16,33,17,16,1,1,0,2,0,2,0,0,0,0,0,0,43,20,23,24,12,12,0,0,0,3,0,3,7,4,3,9,4,5,0,0,0
50742303,672,371,301,633,360,273,28,8,20,51,28,23,2,0,2,39,11,28,681,298,383,307,131,176,4,3,1,39,0,39,127,66,61,204,98,106,7,3,4
50745801,36,18,18,34,18,16,1,1,0,5,2,3,0,0,0,2,0,2,37,19,18,12,7,5,0,0,0,2,0,2,8,5,3,15,7,8,0,0,0
50745802,141,80,61,134,74,60,6,2,4,16,7,9,0,0,0,7,6,1,128,64,64,64,31,33,0,0,0,5,0,5,11,6,5,48,27,21,1,1,0
50754701,18,10,8,17,9,8,1,0,1,3,2,1,0,0,0,1,1,0,20,9,11,13,6,7,0,0,0,0,0,0,3,1,2,4,2,2,0,0,0
50754702,633,360,273,613,350,263,27,14,13,38,14,24,4,0,4,20,10,10,624,276,348,309,135,174,2,1,1,28,0,28,93,44,49,192,96,96,7,3,4
51163301,235,123,112,226,118,108,5,1,4,13,3,10,1,0,1,9,5,4,211,101,110,86,44,42,0,0,0,11,0,11,41,18,23,73,39,34,3,2,1
51193501,28,16,12,27,16,11,3,1,2,2,1,1,0,0,0,1,0,1,21,10,11,11,5,6,0,0,0,0,0,0,4,2,2,6,3,3,0,0,0
51193502,631,352,279,609,341,268,30,16,14,41,20,21,8,0,8,22,11,11,633,293,340,260,111,149,0,0,0,27,0,27,128,73,55,218,109,109,12,6,6
51195101,119,67,52,114,64,50,2,1,1,11,3,8,1,0,1,5,3,2,120,50,70,51,22,29,0,0,0,7,0,7,21,8,13,41,20,21,0,0,0
51195102,35,20,15,32,18,14,0,0,0,4,2,2,0,0,0,3,2,1,30,11,19,20,8,12,0,0,0,0,0,0,5,3,2,5,0,5,0,0,0
51195103,208,118,90,198,112,86,2,0,2,20,9,11,2,0,2,10,6,4,240,108,132,113,55,58,0,0,0,11,0,11,42,17,25,74,36,38,3,1,2
51195104,67,41,26,65,39,26,2,2,0,4,3,1,1,0,1,2,2,0,62,29,33,25,11,14,0,0,0,1,0,1,9,8,1,27,10,17,2,0,2
51198601,106,66,40,93,61,32,2,2,0,11,6,5,0,0,0,13,5,8,120,56,64,73,31,42,0,0,0,4,0,4,15,12,3,28,13,15,2,2,0
51198602,50,29,21,50,29,21,3,3,0,7,0,7,0,0,0,0,0,0,51,29,22,31,15,16,0,0,0,1,0,1,4,4,0,15,10,5,0,0,0
51202801,787,436,351,765,423,342,35,10,25,47,27,20,6,0,6,22,13,9,781,348,433,361,153,208,1,0,1,33,0,33,144,80,64,242,115,127,19,7,12
51202803,117,67,50,112,64,48,4,0,4,10,8,2,0,0,0,5,3,2,92,38,54,34,15,19,1,0,1,6,0,6,13,5,8,38,18,20,0,0,0
51217601,827,452,375,801,438,363,27,17,10,57,32,25,6,0,6,26,14,12,898,406,492,415,184,231,3,2,1,47,0,47,162,80,82,271,140,131,9,4,5
51217602,32,16,16,32,16,16,4,1,3,2,1,1,0,0,0,0,0,0,28,12,16,17,7,10,0,0,0,1,0,1,2,2,0,8,3,5,0,0,0
51218401,840,469,371,800,446,354,30,9,21,71,44,27,4,0,4,40,23,17,850,376,474,410,171,239,1,1,0,35,1,34,134,70,64,270,133,137,15,9,6
51219201,69,44,25,65,41,24,1,0,1,4,2,2,0,0,0,4,3,1,82,35,47,35,14,21,0,0,0,5,0,5,20,10,10,22,11,11,4,2,2
51219202,239,137,102,231,132,99,10,5,5,13,6,7,5,0,5,8,5,3,224,92,132,72,31,41,0,0,0,20,0,20,65,31,34,67,30,37,2,0,2
51219203,49,26,23,48,26,22,4,0,4,12,6,6,1,0,1,1,0,1,53,27,26,16,8,8,0,0,0,3,0,3,15,7,8,19,12,7,1,0,1
51219204,128,69,59,124,66,58,8,5,3,8,5,3,0,0,0,4,3,1,125,64,61,44,23,21,1,1,0,7,1,6,18,10,8,55,29,26,2,0,2
54966501,75,40,35,75,40,35,3,2,1,6,5,1,1,0,1,0,0,0,77,36,41,27,12,15,0,0,0,4,0,4,15,11,4,31,13,18,0,0,0
54966502,60,33,27,56,32,24,2,1,1,3,3,0,0,0,0,4,1,3,73,34,39,49,22,27,0,0,0,0,0,0,5,1,4,19,11,8,1,0,1
54966503,90,50,40,87,49,38,3,1,2,3,1,2,2,0,2,3,1,2,99,40,59,35,17,18,0,0,0,9,0,9,22,12,10,33,11,22,2,0,2
54966504,607,330,277,587,319,268,22,12,10,47,26,21,2,0,2,20,11,9,729,299,430,389,149,240,2,1,1,35,0,35,120,57,63,183,92,91,15,8,7
54966505,76,42,34,76,42,34,3,2,1,8,5,3,0,0,0,0,0,0,83,39,44,37,13,24,0,0,0,0,0,0,17,8,9,29,18,11,0,0,0
54967301,114,63,51,109,61,48,5,3,2,13,5,8,1,0,1,5,2,3,114,54,60,62,30,32,0,0,0,3,0,3,15,7,8,34,17,17,0,0,0
54967302,54,33,21,51,31,20,3,2,1,8,6,2,0,0,0,3,2,1,51,21,30,25,12,13,0,0,0,1,0,1,7,4,3,18,5,13,1,0,1
54967303,24,15,9,23,14,9,0,0,0,1,1,0,0,0,0,1,1,0,23,12,11,12,5,7,2,1,1,1,0,1,5,4,1,3,2,1,0,0,0
54967304,23,13,10,22,12,10,0,0,0,3,1,2,0,0,0,1,1,0,28,11,17,19,9,10,0,0,0,1,0,1,2,0,2,6,2,4,0,0,0
54967305,122,64,58,120,64,56,8,3,5,6,3,3,1,0,1,2,0,2,90,35,55,44,21,23,0,0,0,7,0,7,15,4,11,24,10,14,4,2,2
55248801,361,210,151,346,200,146,12,7,5,28,17,11,2,0,2,15,10,5,345,148,197,122,56,66,0,0,0,27,0,27,85,43,42,111,49,62,4,3,1
55250001,158,91,67,154,89,65,7,3,4,15,8,7,1,0,1,4,2,2,158,72,86,52,23,29,0,0,0,15,0,15,39,25,14,52,24,28,6,3,3
55251801,90,49,41,90,49,41,3,1,2,8,5,3,1,0,1,0,0,0,73,34,39,39,17,22,0,0,0,3,0,3,7,3,4,24,14,10,1,1,0
55251802,16,10,6,16,10,6,1,0,1,1,0,1,0,0,0,0,0,0,17,5,12,6,3,3,0,0,0,1,0,1,3,1,2,7,1,6,0,0,0
55251803,395,207,188,387,204,183,17,4,13,32,16,16,2,0,2,8,3,5,377,168,209,189,86,103,2,1,1,14,0,14,54,23,31,118,58,60,3,2,1
55252601,111,58,53,108,56,52,5,2,3,7,4,3,1,0,1,3,2,1,106,45,61,44,17,27,0,0,0,6,0,6,25,12,13,31,16,15,1,0,1
55252602,36,18,18,35,18,17,1,0,1,1,0,1,0,0,0,1,0,1,36,16,20,13,4,9,0,0,0,2,0,2,8,4,4,13,8,5,0,0,0
55254201,42,21,21,41,21,20,2,0,2,3,2,1,0,0,0,1,0,1,50,24,26,24,10,14,0,0,0,1,0,1,9,5,4,16,9,7,0,0,0
55254202,70,37,33,68,37,31,4,3,1,2,0,2,0,0,0,2,0,2,82,39,43,44,18,26,0,0,0,4,0,4,14,9,5,20,12,8,0,0,0
55254203,117,66,51,112,63,49,5,3,2,9,5,4,2,0,2,5,3,2,133,57,76,42,17,25,0,0,0,10,0,10,31,17,14,50,23,27,0,0,0
55254204,399,220,179,389,214,175,25,11,14,30,15,15,4,0,4,10,6,4,345,145,200,161,69,92,1,1,0,20,1,19,58,30,28,105,44,61,2,1,1
55254205,29,19,10,29,19,10,2,2,0,1,1,0,0,0,0,0,0,0,35,11,24,16,7,9,0,0,0,3,0,3,5,1,4,11,3,8,0,0,0
3151170,0,0,0,0,0,0,0,0,0,0,0,0,0,0,0,0,0,0,0,0,0,0,0,0,0,0,0,0,0,0,0,0,0,0,0,0,0,0,0
3416310,0,0,0,0,0,0,0,0,0,0,0,0,0,0,0,0,0,0,0,0,0,0,0,0,0,0,0,0,0,0,0,0,0,0,0,0,0,0,0
55255102,525,284,241,505,274,231,22,9,13,47,26,21,4,0,4,20,10,10,474,201,273,233,94,139,0,0,0,15,0,15,61,26,35,165,81,84,8,4,4
55255103,29,19,10,25,16,9,0,0,0,3,2,1,0,0,0,4,3,1,20,11,9,13,6,7,0,0,0,0,0,0,2,2,0,5,3,2,0,0,0
55255104,201,109,92,192,104,88,12,3,9,20,9,11,1,0,1,9,5,4,180,78,102,80,34,46,1,0,1,8,0,8,36,22,14,55,22,33,3,2,1
3067620,0,0,0,0,0,0,0,0,0,0,0,0,0,0,0,0,0,0,0,0,0,0,0,0,0,0,0,0,0,0,0,0,0,0,0,0,0,0,0
55256901,1111,606,505,1064,579,485,47,21,26,105,55,50,9,0,9,47,27,20,977,434,543,466,208,258,3,1,2,40,0,40,165,84,81,303,141,162,10,5,5
55257701,536,295,241,517,283,234,16,8,8,44,29,15,5,0,5,19,12,7,481,224,257,173,81,92,2,1,1,33,0,33,113,62,51,160,80,80,3,3,0
55259301,43,25,18,43,25,18,0,0,0,8,5,3,0,0,0,0,0,0,54,21,33,23,11,12,0,0,0,1,0,1,8,4,4,22,6,16,0,0,0
55259302,101,59,42,96,57,39,4,3,1,8,3,5,0,0,0,5,2,3,71,34,37,33,14,19,1,0,1,2,1,1,10,5,5,25,14,11,1,1,0
55259303,203,104,99,200,101,99,10,5,5,17,8,9,1,0,1,3,3,0,224,114,110,78,42,36,3,2,1,8,1,7,35,17,18,100,52,48,6,4,2
55259304,48,31,17,48,31,17,2,1,1,10,6,4,0,0,0,0,0,0,28,8,20,20,7,13,0,0,0,1,0,1,2,0,2,5,1,4,0,0,0
55260701,190,101,89,183,98,85,11,4,7,15,9,6,2,0,2,7,3,4,176,77,99,68,28,40,0,0,0,12,0,12,40,21,19,56,28,28,5,5,0
55261501,152,81,71,149,79,70,9,2,7,19,7,12,3,0,3,3,2,1,142,62,80,53,26,27,0,0,0,9,0,9,16,8,8,64,28,36,0,0,0
55262301,21,11,10,21,11,10,0,0,0,2,1,1,0,0,0,0,0,0,27,13,14,15,7,8,0,0,0,0,0,0,4,2,2,8,4,4,0,0,0
55262302,44,22,22,43,21,22,3,1,2,4,2,2,1,0,1,1,1,0,36,17,19,10,4,6,2,1,1,0,0,0,6,3,3,18,9,9,1,0,1
55262303,200,103,97,192,100,92,7,3,4,14,7,7,0,0,0,8,3,5,188,86,102,85,34,51,0,0,0,8,0,8,27,11,16,68,41,27,1,1,0
55262304,222,121,101,211,118,93,7,3,4,27,13,14,2,0,2,11,3,8,189,91,98,81,32,49,0,0,0,6,0,6,29,16,13,73,43,30,2,2,0
55262305,59,30,29,57,29,28,1,1,0,3,2,1,0,0,0,2,1,1,55,25,30,29,14,15,0,0,0,0,0,0,11,6,5,15,5,10,0,0,0
55263101,112,59,53,110,58,52,5,0,5,5,1,4,1,0,1,2,1,1,92,39,53,36,15,21,0,0,0,4,0,4,16,5,11,36,19,17,3,2,1
55263102,256,135,121,247,131,116,9,4,5,33,19,14,4,0,4,9,4,5,188,89,99,53,25,28,2,0,2,15,1,14,48,26,22,70,37,33,4,3,1
55264001,286,162,124,276,155,121,6,2,4,31,20,11,6,0,6,10,7,3,256,112,144,135,62,73,0,0,0,9,0,9,45,18,27,67,32,35,1,0,1
55265801,96,57,39,88,55,33,6,3,3,7,6,1,1,0,1,8,2,6,114,57,57,52,24,28,0,0,0,7,0,7,24,16,8,31,17,14,0,0,0
55265802,339,192,147,332,187,145,17,8,9,20,11,9,3,0,3,7,5,2,298,150,148,115,50,65,1,1,0,10,0,10,52,34,18,120,65,55,5,3,2
55267401,519,288,231,502,281,221,13,5,8,50,26,24,5,0,5,17,7,10,471,207,264,200,88,112,1,1,0,21,0,21,84,42,42,165,76,89,6,2,4
55268201,238,143,95,219,132,87,5,3,2,21,9,12,2,0,2,19,11,8,231,116,115,120,59,61,1,0,1,9,0,9,39,28,11,62,29,33,5,3,2
55268202,17,11,6,17,11,6,0,0,0,0,0,0,0,0,0,0,0,0,17,9,8,8,4,4,0,0,0,0,0,0,3,1,2,6,4,2,0,0,0
55268203,28,15,13,27,15,12,1,1,0,6,4,2,0,0,0,1,0,1,21,10,11,14,5,9,0,0,0,1,1,0,1,0,1,5,4,1,0,0,0
55268204,56,28,28,55,28,27,4,0,4,4,2,2,0,0,0,1,0,1,49,25,24,20,9,11,0,0,0,3,0,3,12,10,2,14,6,8,0,0,0
55268205,93,51,42,88,48,40,3,2,1,13,7,6,0,0,0,5,3,2,86,40,46,59,29,30,0,0,0,2,0,2,5,3,2,20,8,12,0,0,0
55269101,452,254,198,433,243,190,22,14,8,39,21,18,5,0,5,19,11,8,438,197,241,186,83,103,1,0,1,17,0,17,82,41,41,152,73,79,9,3,6
55401401,1470,818,652,1413,788,625,52,27,25,119,64,55,8,0,8,57,30,27,1454,613,841,666,253,413,6,4,2,72,1,71,239,112,127,471,243,228,31,20,11
55401402,359,200,159,344,195,149,9,3,6,27,13,14,3,0,3,15,5,10,382,172,210,158,66,92,0,0,0,20,0,20,68,44,24,136,62,74,3,0,3
55401403,20,9,11,16,7,9,0,0,0,2,1,1,1,0,1,4,2,2,14,7,7,7,3,4,1,1,0,0,0,0,1,0,1,5,3,2,0,0,0
55492801,401,219,182,391,213,178,19,7,12,25,14,11,4,0,4,10,6,4,381,164,217,155,55,100,0,0,0,17,0,17,66,38,28,143,71,72,4,1,3
55492802,341,188,153,334,184,150,13,8,5,19,10,9,1,0,1,7,4,3,364,164,200,165,71,94,2,1,1,6,0,6,49,20,29,142,72,70,0,0,0
55492803,1078,592,486,1052,574,478,38,14,24,84,42,42,6,0,6,26,18,8,1100,506,594,511,232,279,1,0,1,44,1,43,160,79,81,384,194,190,10,5,5
55492804,351,188,163,339,185,154,10,6,4,21,10,11,3,0,3,12,3,9,351,158,193,167,69,98,2,1,1,11,0,11,47,28,19,124,60,64,2,1,1
55697101,700,371,329,677,359,318,30,14,16,68,35,33,5,0,5,23,12,11,656,281,375,304,121,183,1,1,0,32,0,32,111,60,51,208,99,109,5,1,4
55697102,129,70,59,126,68,58,6,3,3,11,5,6,0,0,0,3,2,1,125,46,79,47,19,28,1,0,1,6,0,6,27,9,18,44,18,26,3,0,3
55722601,44,21,23,44,21,23,1,0,1,3,1,2,1,0,1,0,0,0,50,21,29,26,12,14,0,0,0,2,0,2,8,4,4,14,5,9,0,0,0
55722602,453,237,216,438,231,207,18,7,11,21,11,10,5,0,5,15,6,9,432,199,233,161,69,92,1,1,0,22,0,22,87,40,47,161,89,72,3,3,0
56816301,185,99,86,176,92,84,8,3,5,19,11,8,0,0,0,9,7,2,169,76,93,73,33,40,1,0,1,7,0,7,29,13,16,59,30,29,3,0,3
56879101,17,11,6,17,11,6,1,1,0,0,0,0,0,0,0,0,0,0,15,7,8,5,2,3,0,0,0,2,0,2,5,3,2,3,2,1,0,0,0
56879102,86,50,36,82,48,34,6,4,2,6,4,2,1,0,1,4,2,2,112,50,62,66,28,38,1,1,0,4,0,4,19,11,8,22,10,12,2,2,0
56879103,368,187,181,352,182,170,18,7,11,31,20,11,3,0,3,16,5,11,349,160,189,172,78,94,2,1,1,15,0,15,46,23,23,114,58,56,5,3,2
56881301,438,240,198,418,228,190,16,8,8,35,20,15,1,0,1,20,12,8,433,187,246,228,96,132,6,4,2,17,0,17,60,30,30,122,57,65,7,5,2
56883001,843,461,382,812,444,368,37,16,21,77,44,33,4,0,4,31,17,14,784,365,419,364,163,201,1,1,0,39,0,39,116,61,55,264,140,124,8,5,3
56883002,108,64,44,101,61,40,5,4,1,5,2,3,0,0,0,7,3,4,107,44,63,35,13,22,0,0,0,6,0,6,23,11,12,43,20,23,1,0,1
56963102,1139,624,515,1089,593,496,74,38,36,97,53,44,15,0,15,50,31,19,951,422,529,395,160,235,6,3,3,51,1,50,174,86,88,325,172,153,16,13,3
0350410,0,0,0,0,0,0,0,0,0,0,0,0,0,0,0,0,0,0,0,0,0,0,0,0,0,0,0,0,0,0,0,0,0,0,0,0,0,0,0
3151330,0,0,0,0,0,0,0,0,0,0,0,0,0,0,0,0,0,0,0,0,0,0,0,0,0,0,0,0,0,0,0,0,0,0,0,0,0,0,0
59800301,830,587,243,718,503,215,22,12,10,56,30,26,4,0,4,112,84,28,465,238,227,238,121,117,1,1,0,15,0,15,110,61,49,101,55,46,289,232,57
59800302,4087,2130,1957,3858,2022,1836,174,82,92,444,229,215,34,0,34,229,108,121,3681,1580,2101,1832,752,1080,12,8,4,169,1,168,642,316,326,1026,503,523,43,25,18
59800303,1629,900,729,1533,850,683,54,22,32,136,67,69,10,0,10,96,50,46,1549,680,869,761,309,452,2,1,1,85,1,84,259,120,139,442,249,193,29,13,16
59800304,262,148,114,256,146,110,11,3,8,15,8,7,2,0,2,6,2,4,195,100,95,59,26,33,1,1,0,16,0,16,53,31,22,66,42,24,2,0,2
59800305,1667,888,779,1533,822,711,54,21,33,172,79,93,19,0,19,134,66,68,1995,850,1145,1156,464,692,5,3,2,82,1,81,323,151,172,429,231,198,35,23,12
59800306,4615,2397,2218,4309,2250,2059,153,65,88,406,199,207,23,0,23,306,147,159,3325,1452,1873,1436,612,824,14,8,6,205,3,202,667,334,333,1003,495,508,56,28,28
59800307,116,64,52,111,61,50,10,3,7,12,7,5,1,0,1,5,3,2,96,45,51,48,24,24,0,0,0,3,0,3,13,5,8,32,16,16,0,0,0
59800308,195,108,87,188,105,83,9,4,5,18,10,8,1,0,1,7,3,4,169,88,81,50,27,23,2,1,1,12,0,12,41,21,20,64,39,25,6,3,3
59800310,607,315,292,585,306,279,37,19,18,72,39,33,3,0,3,22,9,13,523,221,302,267,114,153,1,0,1,21,0,21,86,40,46,148,67,81,5,4,1
59800311,43,25,18,38,22,16,0,0,0,7,5,2,0,0,0,5,3,2,48,24,24,24,11,13,0,0,0,3,0,3,9,6,3,12,7,5,1,1,0
59800312,434,238,196,418,231,187,17,9,8,64,40,24,3,0,3,16,7,9,402,183,219,188,83,105,2,1,1,12,0,12,55,27,28,145,72,73,1,1,0
59800313,58,31,27,58,31,27,4,1,3,5,3,2,0,0,0,0,0,0,70,22,48,48,13,35,0,0,0,3,0,3,9,3,6,10,6,4,1,0,1
59800314,13,8,5,8,5,3,0,0,0,0,0,0,0,0,0,5,3,2,19,8,11,6,2,4,0,0,0,0,0,0,9,5,4,4,1,3,1,0,1
59800315,357,198,159,347,191,156,15,7,8,44,25,19,2,0,2,10,7,3,279,127,152,111,45,66,2,2,0,9,0,9,40,15,25,117,65,52,2,1,1
59800316,382,216,166,364,203,161,26,11,15,37,22,15,5,0,5,18,13,5,423,189,234,209,88,121,4,3,1,19,0,19,67,40,27,124,58,66,3,1,2
59800317,778,436,342,755,427,328,33,19,14,65,40,25,5,0,5,23,9,14,759,347,412,344,163,181,2,2,0,35,0,35,127,68,59,251,114,137,7,3,4
59800318,156,88,68,148,83,65,8,2,6,10,6,4,3,0,3,8,5,3,175,73,102,98,39,59,0,0,0,7,0,7,28,13,15,42,21,21,0,0,0
59800319,152,78,74,146,76,70,2,2,0,20,9,11,1,0,1,6,2,4,137,59,78,64,30,34,2,2,0,5,0,5,18,6,12,48,21,27,0,0,0
59800320,489,265,224,467,252,215,28,15,13,47,24,23,5,0,5,22,13,9,489,212,277,217,88,129,1,1,0,26,1,25,86,39,47,159,83,76,7,4,3
59800321,14,7,7,12,7,5,1,0,1,1,1,0,0,0,0,2,0,2,11,5,6,6,3,3,0,0,0,1,0,1,1,1,0,3,1,2,0,0,0
59800322,36,20,16,32,18,14,0,0,0,4,3,1,1,0,1,4,2,2,23,8,15,5,2,3,0,0,0,1,0,1,8,2,6,9,4,5,1,0,1
59800323,261,140,121,246,134,112,18,9,9,21,13,8,1,0,1,15,6,9,212,103,109,91,42,49,0,0,0,10,0,10,31,14,17,80,47,33,2,2,0
59800324,150,75,75,144,74,70,8,2,6,14,6,8,1,0,1,6,1,5,125,57,68,56,21,35,0,0,0,7,1,6,23,14,9,39,21,18,1,1,0
59800325,136,78,58,132,77,55,3,2,1,5,3,2,1,0,1,4,1,3,114,41,73,32,14,18,1,1,0,13,0,13,26,13,13,42,13,29,2,0,2
59800326,246,142,104,238,138,100,12,5,7,25,14,11,6,0,6,8,4,4,228,101,127,125,53,72,1,1,0,15,0,15,38,21,17,49,26,23,2,1,1
59800327,120,64,56,111,60,51,4,1,3,6,2,4,1,0,1,9,4,5,86,44,42,31,13,18,1,1,0,4,0,4,27,15,12,23,15,8,5,4,1
59800328,1302,685,617,1210,643,567,49,23,26,144,63,81,9,0,9,92,42,50,1406,546,860,869,327,542,2,1,1,54,0,54,192,83,109,289,135,154,29,14,15
59800329,2241,1230,1011,2051,1124,927,88,38,50,228,111,117,17,1,16,190,106,84,2094,875,1219,1215,489,726,4,2,2,83,1,82,298,150,148,494,233,261,50,24,26
59800330,155,82,73,148,77,71,8,2,6,16,11,5,1,0,1,7,5,2,141,63,78,66,26,40,0,0,0,3,0,3,17,8,9,55,29,26,0,0,0
59800331,76,43,33,70,41,29,0,0,0,5,3,2,1,0,1,6,2,4,90,41,49,31,13,18,0,0,0,6,0,6,20,12,8,33,16,17,1,0,1
59800332,217,113,104,206,109,97,8,3,5,29,16,13,0,0,0,11,4,7,248,105,143,151,59,92,0,0,0,5,0,5,21,11,10,71,35,36,2,1,1
59800333,2483,1287,1196,2323,1205,1118,95,41,54,247,117,130,14,0,14,160,82,78,2462,1043,1419,1360,540,820,7,6,1,93,0,93,336,153,183,666,344,322,48,22,26
59800334,573,336,237,498,276,222,18,10,8,63,27,36,4,0,4,75,60,15,534,228,306,272,104,168,1,1,0,14,0,14,82,35,47,165,88,77,15,8,7
59800335,16,9,7,14,7,7,1,0,1,1,0,1,0,0,0,2,2,0,9,7,2,4,3,1,0,0,0,0,0,0,1,1,0,4,3,1,2,2,0
59800336,2265,1162,1103,2143,1109,1034,108,50,58,167,73,94,12,0,12,122,53,69,2384,932,1452,1324,459,865,7,6,1,102,1,101,320,145,175,631,321,310,42,21,21
59800337,390,220,170,382,214,168,17,10,7,47,22,25,5,0,5,8,6,2,488,195,293,316,121,195,1,1,0,12,0,12,54,25,29,105,48,57,3,2,1
59801101,63,33,30,60,31,29,3,2,1,8,4,4,1,0,1,3,2,1,54,28,26,34,14,20,0,0,0,0,0,0,6,4,2,14,10,4,0,0,0
59801102,896,483,413,864,468,396,29,12,17,83,47,36,11,0,11,32,15,17,821,380,441,383,167,216,1,1,0,35,2,33,139,74,65,263,136,127,16,11,5
59801103,386,208,178,371,200,171,13,5,8,43,16,27,4,0,4,15,8,7,338,145,193,158,58,100,1,0,1,12,0,12,55,27,28,112,60,52,4,0,4
59801104,72,39,33,70,37,33,5,2,3,6,2,4,0,0,0,2,2,0,90,44,46,31,13,18,0,0,0,3,0,3,18,7,11,38,24,14,3,2,1
59801105,597,334,263,584,330,254,29,18,11,54,32,22,3,0,3,13,4,9,541,246,295,262,109,153,2,1,1,18,0,18,77,41,36,182,95,87,1,0,1
59802001,83,51,32,83,51,32,2,2,0,15,7,8,0,0,0,0,0,0,59,24,35,30,11,19,0,0,0,3,0,3,8,5,3,18,8,10,1,0,1
59802002,21,12,9,20,11,9,4,2,2,1,0,1,0,0,0,1,1,0,22,8,14,11,5,6,0,0,0,3,0,3,6,1,5,2,2,0,0,0,0
59802003,26,14,12,24,13,11,1,1,0,5,1,4,1,0,1,2,1,1,30,18,12,21,11,10,0,0,0,0,0,0,3,2,1,6,5,1,0,0,0
59803801,2072,1096,976,2003,1052,951,91,41,50,185,91,94,18,0,18,69,44,25,2020,884,1136,955,405,550,4,4,0,80,0,80,310,143,167,671,332,339,19,12,7
59804601,83,50,33,81,48,33,1,1,0,10,8,2,2,1,1,2,2,0,68,29,39,29,11,18,0,0,0,6,0,6,16,9,7,17,9,8,0,0,0
59804602,11,6,5,11,6,5,0,0,0,0,0,0,0,0,0,0,0,0,15,8,7,7,3,4,0,0,0,0,0,0,1,1,0,7,4,3,0,0,0
59804603,426,231,195,408,221,187,15,7,8,27,14,13,3,0,3,18,10,8,374,180,194,138,58,80,2,1,1,21,0,21,79,46,33,134,75,59,6,4,2
59806201,2088,1133,955,2018,1103,915,73,38,35,176,98,78,21,0,21,70,30,40,1993,843,1150,917,355,562,9,6,3,87,1,86,296,140,156,684,341,343,21,12,9
59806202,430,220,210,414,213,201,16,7,9,34,17,17,1,0,1,16,7,9,432,190,242,229,90,139,0,0,0,12,1,11,58,32,26,133,67,66,1,1,0
59806203,102,55,47,97,51,46,2,0,2,7,4,3,1,0,1,5,4,1,108,48,60,54,24,30,1,1,0,3,0,3,14,3,11,36,20,16,0,0,0
59807101,68,32,36,65,30,35,2,1,1,6,1,5,1,0,1,3,2,1,55,29,26,33,14,19,0,0,0,1,0,1,6,4,2,15,11,4,1,1,0
59807102,295,155,140,287,153,134,7,3,4,40,20,20,1,1,0,8,2,6,264,119,145,133,57,76,1,1,0,12,0,12,47,25,22,71,36,35,4,2,2
59807103,25,17,8,16,12,4,2,2,0,0,0,0,0,0,0,9,5,4,12,6,6,6,3,3,0,0,0,0,0,0,1,1,0,5,2,3,0,0,0
59807104,1161,651,510,1115,628,487,44,20,24,121,66,55,5,0,5,46,23,23,1066,465,601,460,191,269,9,4,5,55,0,55,164,83,81,378,187,191,20,14,6
59808901,1564,864,700,1507,831,676,69,34,35,137,78,59,14,0,14,57,33,24,1469,654,815,746,312,434,3,1,2,67,0,67,236,120,116,417,221,196,16,10,6
59810101,151,81,70,142,76,66,4,3,1,19,11,8,0,0,0,9,5,4,181,76,105,106,47,59,0,0,0,10,0,10,24,13,11,41,16,25,0,0,0
59810102,424,236,188,406,230,176,18,9,9,29,18,11,6,1,5,18,6,12,400,184,216,170,77,93,2,0,2,18,0,18,77,35,42,133,72,61,6,4,2
59810103,125,72,53,123,70,53,3,1,2,13,7,6,2,0,2,2,2,0,106,42,64,41,17,24,0,0,0,3,0,3,21,11,10,41,14,27,0,0,0
59813501,1177,639,538,1141,621,520,39,19,20,108,50,58,12,0,12,36,18,18,1049,462,587,522,224,298,1,1,0,39,1,38,164,82,82,323,154,169,15,8,7
59813502,29,15,14,27,14,13,0,0,0,7,1,6,0,0,0,2,1,1,22,8,14,7,4,3,0,0,0,2,0,2,7,1,6,6,3,3,0,0,0
59814301,271,149,122,261,142,119,7,4,3,29,16,13,1,0,1,10,7,3,273,109,164,121,53,68,1,1,0,16,0,16,47,17,30,88,38,50,1,1,0
59814302,60,31,29,58,31,27,3,0,3,5,5,0,1,0,1,2,0,2,51,24,27,21,8,13,1,1,0,2,0,2,12,6,6,15,9,6,0,0,0
59814303,681,365,316,656,352,304,26,12,14,83,40,43,9,0,9,25,13,12,605,272,333,283,116,167,0,0,0,17,0,17,92,48,44,213,108,105,1,0,1
59814304,825,435,390,785,418,367,37,16,21,76,37,39,4,0,4,40,17,23,805,372,433,390,168,222,3,1,2,30,0,30,126,66,60,256,137,119,3,1,2
59814305,226,117,109,218,112,106,9,3,6,23,9,14,1,0,1,8,5,3,202,100,102,97,44,53,1,1,0,6,0,6,29,17,12,69,38,31,1,0,1
59814306,1256,664,592,1197,634,563,51,21,30,133,64,69,5,0,5,59,30,29,1205,509,696,615,222,393,9,3,6,52,0,52,204,111,93,325,173,152,31,22,9
59814307,999,505,494,960,491,469,59,26,33,97,44,53,6,0,6,39,14,25,1066,405,661,605,232,373,3,2,1,38,0,38,139,55,84,281,116,165,8,5,3
59814308,234,129,105,222,123,99,15,9,6,30,18,12,1,0,1,12,6,6,206,86,120,86,36,50,0,0,0,10,1,9,31,14,17,79,35,44,1,1,0
59814309,329,168,161,315,163,152,21,7,14,42,19,23,2,0,2,14,5,9,301,127,174,149,58,91,1,0,1,14,0,14,55,30,25,82,39,43,2,1,1
59814310,17,12,5,17,12,5,1,1,0,1,1,0,0,0,0,0,0,0,10,3,7,5,2,3,0,0,0,0,0,0,0,0,0,5,1,4,0,0,0
59814311,62,33,29,61,33,28,1,0,1,8,5,3,0,0,0,1,0,1,57,28,29,27,12,15,0,0,0,3,0,3,10,7,3,17,9,8,0,0,0
59816001,696,382,314,666,364,302,23,11,12,70,43,27,2,0,2,30,18,12,740,309,431,397,155,242,2,1,1,36,0,36,98,50,48,207,103,104,3,1,2
59823202,14,8,6,12,8,4,0,0,0,1,1,0,0,0,0,2,0,2,8,3,5,4,2,2,0,0,0,0,0,0,3,1,2,1,0,1,0,0,0
59823203,103,62,41,92,56,36,5,1,4,16,11,5,0,0,0,11,6,5,89,38,51,53,23,30,0,0,0,2,0,2,11,7,4,23,8,15,2,2,0
59825901,92,52,40,89,50,39,5,2,3,4,1,3,2,0,2,3,2,1,64,27,37,26,11,15,0,0,0,3,0,3,16,8,8,19,8,11,0,0,0
59825902,215,100,115,211,97,114,13,4,9,24,9,15,0,0,0,4,3,1,264,91,173,186,52,134,0,0,0,4,0,4,20,9,11,54,30,24,1,0,1
59825903,160,83,77,150,79,71,7,2,5,14,7,7,2,0,2,10,4,6,144,69,75,72,31,41,0,0,0,4,0,4,21,11,10,47,27,20,0,0,0
59825904,120,64,56,113,59,54,8,2,6,9,3,6,1,0,1,7,5,2,115,41,74,63,23,40,0,0,0,5,0,5,19,6,13,28,12,16,1,0,1
59825905,139,76,63,133,74,59,5,3,2,16,10,6,1,0,1,6,2,4,98,46,52,35,20,15,0,0,0,2,0,2,16,5,11,45,21,24,1,0,1
59825906,1464,803,661,1399,766,633,48,24,24,136,56,80,21,0,21,65,37,28,1453,587,866,723,284,439,5,3,2,56,0,56,243,112,131,426,188,238,35,23,12
59825907,124,77,47,119,74,45,2,0,2,5,3,2,1,0,1,5,3,2,112,49,63,50,22,28,0,0,0,3,0,3,11,3,8,48,24,24,0,0,0
59825908,87,52,35,85,51,34,2,2,0,4,2,2,1,0,1,2,1,1,85,34,51,45,18,27,1,0,1,6,0,6,16,8,8,17,8,9,1,0,1
59825909,275,150,125,265,145,120,16,3,13,22,14,8,3,0,3,10,5,5,254,119,135,123,51,72,0,0,0,7,0,7,42,26,16,82,42,40,3,1,2
59827501,182,97,85,176,95,81,5,2,3,16,11,5,4,0,4,6,2,4,153,66,87,56,23,33,1,1,0,7,0,7,30,14,16,59,28,31,3,2,1
59832101,21,12,9,20,11,9,0,0,0,4,3,1,1,0,1,1,1,0,23,9,14,8,6,2,0,0,0,2,0,2,5,1,4,8,2,6,0,0,0
59832102,62,34,28,59,33,26,1,1,0,4,2,2,0,0,0,3,1,2,63,27,36,27,10,17,0,0,0,1,0,1,8,4,4,27,13,14,1,1,0
59832103,18,10,8,17,9,8,2,1,1,6,3,3,0,0,0,1,1,0,11,2,9,6,2,4,0,0,0,1,0,1,1,0,1,3,0,3,0,0,0
59832104,21,11,10,21,11,10,1,1,0,0,0,0,0,0,0,0,0,0,22,14,8,12,8,4,0,0,0,0,0,0,3,2,1,7,4,3,0,0,0
59832105,1230,672,558,1178,647,531,35,16,19,88,49,39,19,0,19,52,25,27,1270,561,709,579,245,334,3,3,0,56,0,56,222,100,122,410,213,197,19,9,10
59832106,111,58,53,108,56,52,7,3,4,5,2,3,1,0,1,3,2,1,112,52,60,45,20,25,0,0,0,6,0,6,29,15,14,32,17,15,1,0,1
59834801,1237,659,578,1199,643,556,45,23,22,116,64,52,3,0,3,38,16,22,1041,440,601,465,187,278,3,2,1,40,1,39,145,62,83,388,188,200,11,6,5
59835601,517,276,241,495,266,229,17,5,12,51,30,21,6,0,6,22,10,12,487,235,252,208,100,108,0,0,0,24,1,23,83,40,43,172,94,78,9,8,1
59835602,177,89,88,167,83,84,6,3,3,22,11,11,1,0,1,10,6,4,180,90,90,96,45,51,0,0,0,8,0,8,30,16,14,46,29,17,1,0,1
59835603,264,143,121,257,138,119,12,4,8,26,11,15,1,0,1,7,5,2,249,113,136,131,56,75,1,0,1,7,1,6,38,16,22,72,40,32,1,0,1
59835604,46,24,22,46,24,22,0,0,0,4,2,2,0,0,0,0,0,0,40,17,23,16,7,9,0,0,0,2,0,2,5,2,3,17,8,9,0,0,0
59835605,170,96,74,161,89,72,3,2,1,15,9,6,0,0,0,9,7,2,179,72,107,90,38,52,0,0,0,9,0,9,27,11,16,53,23,30,1,0,1
59836401,284,154,130,273,148,125,12,5,7,28,19,9,1,0,1,11,6,5,257,111,146,120,50,70,0,0,0,8,0,8,39,17,22,90,44,46,2,1,1
59839901,667,356,311,644,346,298,31,13,18,76,40,36,6,0,6,23,10,13,629,300,329,296,133,163,4,3,1,32,0,32,116,69,47,181,95,86,9,7,2
59839902,82,45,37,81,45,36,2,2,0,5,1,4,0,0,0,1,0,1,90,43,47,35,14,21,0,0,0,8,0,8,16,9,7,31,20,11,0,0,0
59844501,24,16,8,24,16,8,0,0,0,4,2,2,0,0,0,0,0,0,33,15,18,26,14,12,0,0,0,1,0,1,4,1,3,2,0,2,2,2,0
59844505,60,34,26,58,33,25,3,1,2,4,2,2,0,0,0,2,1,1,72,41,31,38,20,18,0,0,0,3,0,3,15,10,5,16,11,5,0,0,0
59844506,23,14,9,21,13,8,1,0,1,3,3,0,0,0,0,2,1,1,33,17,16,23,11,12,1,0,1,1,0,1,1,1,0,7,5,2,0,0,0
59844507,272,148,124,257,140,117,8,1,7,24,11,13,1,0,1,15,8,7,308,147,161,147,68,79,1,1,0,15,0,15,54,29,25,91,49,42,10,6,4
59844509,144,81,63,132,71,61,7,3,4,8,4,4,1,0,1,12,10,2,144,66,78,70,31,39,0,0,0,7,0,7,22,9,13,45,26,19,2,1,1
59844511,32,17,15,30,17,13,2,0,2,3,1,2,0,0,0,2,0,2,30,11,19,11,2,9,0,0,0,2,0,2,7,2,5,10,7,3,0,0,0
59845301,17,8,9,15,7,8,0,0,0,0,0,0,0,0,0,2,1,1,39,16,23,17,9,8,0,0,0,3,0,3,10,5,5,9,2,7,0,0,0
59845302,188,100,88,180,96,84,5,2,3,17,10,7,0,0,0,8,4,4,219,101,118,114,52,62,2,2,0,12,0,12,36,15,21,55,32,23,2,0,2
59845303,1567,862,705,1525,841,684,70,27,43,95,51,44,14,0,14,42,21,21,1589,724,865,771,339,432,3,1,2,69,0,69,258,118,140,488,266,222,18,9,9
59845304,13,8,5,10,6,4,0,0,0,0,0,0,0,0,0,3,2,1,10,4,6,6,3,3,0,0,0,0,0,0,1,0,1,3,1,2,0,0,0
59854202,27,16,11,25,16,9,0,0,0,4,4,0,0,0,0,2,0,2,32,10,22,15,6,9,1,0,1,2,0,2,3,0,3,11,4,7,0,0,0
59854203,29,17,12,28,16,12,1,1,0,2,0,2,0,0,0,1,1,0,30,13,17,16,10,6,0,0,0,1,0,1,4,0,4,9,3,6,0,0,0
59854204,243,132,111,233,127,106,4,1,3,30,16,14,2,0,2,10,5,5,226,97,129,106,46,60,1,1,0,6,0,6,40,16,24,73,34,39,1,0,1
59854205,546,306,240,515,288,227,17,4,13,46,27,19,4,0,4,31,18,13,518,240,278,266,105,161,0,0,0,17,0,17,73,43,30,162,92,70,10,9,1
59854206,360,201,159,352,197,155,13,1,12,31,21,10,1,0,1,8,4,4,342,140,202,203,81,122,1,1,0,14,0,14,40,19,21,84,39,45,4,2,2
59854207,64,40,24,55,31,24,0,0,0,6,1,5,0,0,0,9,9,0,56,26,30,24,12,12,0,0,0,4,0,4,9,4,5,19,10,9,0,0,0
59855101,15,10,5,13,9,4,0,0,0,1,0,1,0,0,0,2,1,1,10,4,6,3,1,2,0,0,0,1,0,1,4,2,2,2,1,1,0,0,0
59855102,218,127,91,206,122,84,11,4,7,28,16,12,1,0,1,12,5,7,216,89,127,104,39,65,1,1,0,15,0,15,39,18,21,57,31,26,1,0,1
59855103,25,15,10,22,14,8,0,0,0,3,2,1,0,0,0,3,1,2,26,14,12,8,4,4,0,0,0,3,0,3,8,6,2,7,4,3,0,0,0
59855104,1342,757,585,1275,719,556,59,31,28,124,67,57,10,0,10,67,38,29,1252,555,697,549,240,309,6,5,1,72,0,72,238,111,127,387,199,188,25,16,9
59855105,11,6,5,10,5,5,0,0,0,0,0,0,0,0,0,1,1,0,12,7,5,10,5,5,0,0,0,0,0,0,2,2,0,0,0,0,0,0,0
59855108,114,60,54,108,57,51,5,2,3,11,8,3,0,0,0,6,3,3,96,43,53,40,19,21,0,0,0,2,0,2,15,7,8,39,17,22,3,0,3
3416220,0,0,0,0,0,0,0,0,0,0,0,0,0,0,0,0,0,0,0,0,0,0,0,0,0,0,0,0,0,0,0,0,0,0,0,0,0,0,0
59856901,155,85,70,151,83,68,5,2,3,17,10,7,0,0,0,4,2,2,132,50,82,68,24,44,1,1,0,5,0,5,20,11,9,38,14,24,2,2,0
59856903,1818,975,843,1743,938,805,73,40,33,176,82,94,15,0,15,75,37,38,1540,670,870,747,325,422,3,3,0,51,0,51,215,89,126,524,253,271,32,15,17
59867401,500,262,238,476,250,226,26,8,18,49,26,23,3,0,3,24,12,12,460,231,229,190,86,104,2,2,0,16,0,16,82,48,34,170,95,75,11,9,2
59867402,181,100,81,175,98,77,8,5,3,18,10,8,2,0,2,6,2,4,154,66,88,50,23,27,0,0,0,9,1,8,32,12,20,63,30,33,0,0,0
59867403,106,58,48,101,56,45,6,2,4,9,7,2,1,0,1,5,2,3,94,40,54,28,15,13,0,0,0,3,0,3,19,8,11,44,17,27,0,0,0
59867404,48,28,20,46,27,19,5,2,3,1,1,0,0,0,0,2,1,1,33,15,18,12,5,7,1,1,0,1,0,1,4,2,2,15,7,8,0,0,0
59869101,234,134,100,226,133,93,9,7,2,24,12,12,1,0,1,8,1,7,285,135,150,125,56,69,0,0,0,22,0,22,62,35,27,76,44,32,0,0,0
59869102,41,18,23,40,17,23,1,0,1,7,3,4,0,0,0,1,1,0,26,13,13,5,2,3,1,0,1,2,1,1,6,4,2,12,6,6,0,0,0
59869103,101,52,49,96,50,46,3,3,0,12,5,7,1,0,1,5,2,3,104,54,50,54,25,29,1,1,0,1,0,1,9,3,6,39,25,14,0,0,0
59869104,261,152,109,251,147,104,9,4,5,25,17,8,1,0,1,10,5,5,276,122,154,145,64,81,1,1,0,10,0,10,40,16,24,80,41,39,5,2,3
59869105,355,185,170,345,181,164,20,7,13,30,12,18,5,0,5,10,4,6,326,150,176,153,66,87,1,1,0,12,0,12,51,29,22,109,54,55,2,0,2
59869106,50,28,22,50,28,22,2,0,2,4,3,1,0,0,0,0,0,0,39,15,24,18,6,12,0,0,0,1,0,1,8,5,3,12,4,8,0,0,0
1542110,0,0,0,0,0,0,0,0,0,0,0,0,0,0,0,0,0,0,0,0,0,0,0,0,0,0,0,0,0,0,0,0,0,0,0,0,0,0,0
59874701,14,9,5,14,9,5,0,0,0,2,1,1,0,0,0,0,0,0,15,11,4,10,7,3,0,0,0,0,0,0,1,1,0,4,3,1,0,0,0
59874704,26,16,10,25,16,9,0,0,0,5,4,1,0,0,0,1,0,1,22,13,9,12,5,7,0,0,0,1,0,1,5,5,0,4,3,1,0,0,0
59874706,121,70,51,114,67,47,5,2,3,16,8,8,0,0,0,7,3,4,104,43,61,57,21,36,1,1,0,7,0,7,17,9,8,22,12,10,4,2,2
59874708,48,32,16,44,28,16,2,2,0,8,7,1,1,0,1,4,4,0,63,26,37,38,16,22,0,0,0,2,0,2,7,1,6,16,9,7,0,0,0
59874711,68,40,28,65,39,26,1,0,1,11,8,3,1,0,1,3,1,2,46,25,21,25,11,14,0,0,0,0,0,0,5,2,3,16,12,4,0,0,0
1710262,0,0,0,0,0,0,0,0,0,0,0,0,0,0,0,0,0,0,0,0,0,0,0,0,0,0,0,0,0,0,0,0,0,0,0,0,0,0,0
59881001,205,111,94,199,106,93,6,4,2,13,6,7,1,0,1,6,5,1,235,105,130,99,41,58,3,3,0,12,1,11,39,20,19,82,40,42,1,0,1
59881002,112,62,50,111,61,50,5,4,1,12,7,5,3,0,3,1,1,0,111,56,55,57,26,31,1,0,1,5,0,5,20,12,8,28,18,10,0,0,0
59881003,101,58,43,96,54,42,5,2,3,10,7,3,0,0,0,5,4,1,71,33,38,31,15,16,0,0,0,4,0,4,16,5,11,20,13,7,0,0,0
59881004,393,215,178,373,199,174,11,6,5,35,17,18,2,0,2,20,16,4,392,163,229,180,73,107,2,2,0,16,0,16,64,31,33,130,57,73,2,1,1
59881005,945,505,440,915,491,424,50,24,26,80,37,43,6,0,6,30,14,16,894,395,499,389,171,218,1,0,1,43,0,43,162,73,89,299,151,148,9,5,4
59881006,55,29,26,55,29,26,2,1,1,3,2,1,0,0,0,0,0,0,50,22,28,12,6,6,0,0,0,2,0,2,10,5,5,26,11,15,0,0,0
59881007,487,265,222,472,261,211,13,7,6,39,21,18,4,0,4,15,4,11,471,210,261,256,104,152,0,0,0,14,0,14,56,27,29,145,79,66,3,1,2
59881008,256,140,116,246,137,109,11,6,5,19,12,7,1,0,1,10,3,7,216,104,112,97,42,55,0,0,0,7,0,7,36,16,20,76,46,30,2,1,1
59881009,457,255,202,442,249,193,17,6,11,39,24,15,4,0,4,15,6,9,405,176,229,163,62,101,1,0,1,17,0,17,73,30,43,151,84,67,3,0,3
59881010,352,193,159,344,188,156,15,4,11,36,20,16,4,0,4,8,5,3,359,146,213,195,72,123,1,0,1,13,0,13,50,23,27,100,51,49,2,1,1
59881011,531,303,228,484,281,203,20,7,13,44,25,19,4,0,4,47,22,25,503,224,279,289,126,163,2,1,1,15,0,15,67,32,35,130,65,65,10,6,4
59881013,503,279,224,488,270,218,23,13,10,35,22,13,9,0,9,15,9,6,507,228,279,252,105,147,0,0,0,17,0,17,65,27,38,173,96,77,4,1,3
59881014,33,18,15,33,18,15,2,2,0,4,2,2,0,0,0,0,0,0,28,14,14,21,10,11,0,0,0,0,0,0,2,1,1,5,3,2,0,0,0
59881015,290,161,129,284,159,125,10,5,5,29,17,12,1,0,1,6,2,4,269,115,154,117,49,68,2,1,1,11,0,11,39,15,24,100,50,50,1,1,0
59881016,231,134,97,221,128,93,6,2,4,15,7,8,1,0,1,10,6,4,215,96,119,100,46,54,1,1,0,17,0,17,47,26,21,50,23,27,0,0,0
59881017,229,124,105,225,123,102,8,5,3,24,13,11,2,0,2,4,1,3,171,75,96,58,24,34,0,0,0,7,0,7,37,16,21,69,35,34,0,0,0
59881018,164,90,74,160,90,70,2,2,0,4,2,2,1,0,1,4,0,4,178,85,93,75,35,40,0,0,0,8,0,8,39,16,23,56,34,22,0,0,0
59881019,1314,703,611,1259,685,574,35,18,17,99,46,53,11,0,11,55,18,37,1145,480,665,600,242,358,1,0,1,70,1,69,199,94,105,275,143,132,12,3,9
59881020,373,187,186,359,182,177,16,6,10,27,10,17,1,0,1,14,5,9,336,162,174,143,69,74,0,0,0,15,0,15,66,35,31,112,58,54,2,0,2
59881022,215,124,91,187,112,75,5,2,3,17,10,7,1,0,1,28,12,16,192,73,119,111,44,67,0,0,0,8,0,8,28,8,20,45,21,24,8,7,1
59881023,250,137,113,242,134,108,10,3,7,30,13,17,2,0,2,8,3,5,212,97,115,108,50,58,0,0,0,5,0,5,28,10,18,71,37,34,3,1,2
59881024,25,12,13,14,7,7,0,0,0,4,1,3,0,0,0,11,5,6,31,11,20,16,6,10,0,0,0,1,0,1,8,3,5,6,2,4,2,1,1
59881025,798,450,348,737,423,314,19,2,17,77,32,45,6,0,6,61,27,34,689,268,421,449,170,279,0,0,0,33,1,32,90,40,50,117,57,60,17,8,9
59881026,917,568,349,823,504,319,23,15,8,85,44,41,4,0,4,94,64,30,730,376,354,364,169,195,3,1,2,22,0,22,118,76,42,223,130,93,145,99,46
59881027,19,12,7,19,12,7,1,1,0,3,2,1,0,0,0,0,0,0,7,2,5,4,1,3,0,0,0,0,0,0,0,0,0,3,1,2,0,0,0
59881029,342,204,138,304,170,134,6,4,2,32,12,20,0,0,0,38,34,4,316,138,178,195,83,112,2,0,2,9,0,9,33,15,18,77,40,37,1,0,1
59881030,25,14,11,25,14,11,0,0,0,1,0,1,0,0,0,0,0,0,15,7,8,6,2,4,0,0,0,0,0,0,3,3,0,6,2,4,0,0,0
59881031,206,106,100,197,104,93,5,0,5,17,7,10,3,0,3,9,2,7,159,75,84,77,36,41,0,0,0,7,0,7,31,17,14,44,22,22,7,4,3
59881032,12,11,1,12,11,1,0,0,0,1,0,1,0,0,0,0,0,0,10,6,4,2,2,0,0,0,0,0,0,0,7,4,3,1,0,1,2,1,1
59881033,175,96,79,173,95,78,5,4,1,13,8,5,0,0,0,2,1,1,147,59,88,65,26,39,0,0,0,7,0,7,26,13,13,49,20,29,0,0,0
59881034,1865,978,887,1770,925,845,71,35,36,164,70,94,10,0,10,95,53,42,1808,737,1071,976,369,607,2,2,0,87,1,86,248,121,127,495,244,251,21,10,11
59881035,591,316,275,579,314,265,32,15,17,53,24,29,3,0,3,12,2,10,603,261,342,310,128,182,2,2,0,19,0,19,79,41,38,193,90,103,3,1,2
59881036,43,22,21,43,22,21,0,0,0,5,1,4,2,0,2,0,0,0,39,20,19,28,14,14,0,0,0,0,0,0,4,2,2,7,4,3,0,0,0
59881037,363,192,171,355,190,165,13,6,7,47,21,26,2,0,2,8,2,6,364,173,191,192,81,111,0,0,0,9,0,9,45,27,18,118,65,53,3,3,0
59881038,1403,751,652,1361,725,636,38,8,30,129,60,69,11,0,11,42,26,16,1531,614,917,973,346,627,3,1,2,57,1,56,167,86,81,331,180,151,34,17,17
59881039,298,167,131,288,161,127,14,9,5,18,8,10,0,0,0,10,6,4,248,110,138,107,50,57,1,0,1,5,0,5,31,16,15,104,44,60,0,0,0
59881040,1192,615,577,1126,583,543,35,12,23,110,48,62,13,0,13,66,32,34,1176,470,706,699,258,441,1,0,1,51,0,51,151,76,75,274,136,138,14,7,7
59881041,1428,751,677,1366,719,647,44,20,24,141,70,71,9,0,9,62,32,30,1418,568,850,814,299,515,3,3,0,59,0,59,189,88,101,353,178,175,22,10,12
55273901,394,219,175,372,203,169,16,8,8,40,25,15,1,0,1,22,16,6,357,167,190,182,73,109,1,1,0,11,0,11,49,30,19,114,63,51,3,1,2
55273902,1642,884,758,1481,802,679,65,27,38,139,68,71,7,0,7,161,82,79,1652,784,868,822,381,441,7,4,3,51,0,51,240,110,130,532,289,243,62,40,22
55273903,55,30,25,38,23,15,2,0,2,0,0,0,0,0,0,17,7,10,51,27,24,13,9,4,0,0,0,2,0,2,16,9,7,20,9,11,15,10,5
0377880,0,0,0,0,0,0,0,0,0,0,0,0,0,0,0,0,0,0,0,0,0,0,0,0,0,0,0,0,0,0,0,0,0,0,0,0,0,0,0
0377960,0,0,0,0,0,0,0,0,0,0,0,0,0,0,0,0,0,0,0,0,0,0,0,0,0,0,0,0,0,0,0,0,0,0,0,0,0,0,0
55508801,316,172,144,301,163,138,9,4,5,35,20,15,1,0,1,15,9,6,264,120,144,116,62,54,0,0,0,7,0,7,39,12,27,102,46,56,0,0,0
55508802,2509,1292,1217,2307,1177,1130,109,51,58,236,112,124,18,0,18,202,115,87,2915,1249,1666,1731,676,1055,9,7,2,107,0,107,375,198,177,693,368,325,61,30,31
55508803,747,397,350,703,375,328,37,16,21,80,34,46,6,0,6,44,22,22,904,401,503,574,255,319,6,3,3,23,0,23,107,47,60,194,96,98,18,12,6
55508804,3004,1580,1424,2781,1460,1321,122,53,69,283,138,145,20,0,20,223,120,103,3404,1386,2018,2249,864,1385,11,7,4,90,1,89,392,174,218,662,340,322,98,51,47
55508805,706,384,322,659,362,297,33,16,17,64,42,22,0,0,0,47,22,25,600,291,309,255,113,142,3,2,1,16,0,16,56,30,26,270,146,124,2,1,1
55508806,875,448,427,827,422,405,53,26,27,104,52,52,4,0,4,48,26,22,929,412,517,518,223,295,3,1,2,30,0,30,109,57,52,269,131,138,5,4,1
55508807,168,81,87,156,76,80,12,6,6,15,9,6,0,0,0,12,5,7,138,57,81,64,23,41,3,2,1,5,0,5,23,13,10,43,19,24,2,0,2
55508808,266,145,121,258,140,118,16,6,10,19,13,6,1,0,1,8,5,3,233,111,122,89,39,50,0,0,0,11,0,11,38,21,17,95,51,44,0,0,0
55508809,362,183,179,345,172,173,13,5,8,48,22,26,1,0,1,17,11,6,367,179,188,220,105,115,3,3,0,10,1,9,41,19,22,93,51,42,1,1,0
55508810,2009,992,1017,1757,873,884,42,20,22,182,95,87,11,0,11,252,119,133,1566,765,801,724,375,349,9,8,1,75,1,74,280,147,133,478,234,244,42,19,23
55508811,2534,1312,1222,2213,1151,1062,83,36,47,175,90,85,10,0,10,321,161,160,1966,887,1079,707,315,392,8,6,2,114,0,114,407,201,206,730,365,365,51,26,25
55508812,244,123,121,232,117,115,15,5,10,26,11,15,2,0,2,12,6,6,296,127,169,174,60,114,1,1,0,3,0,3,29,18,11,89,48,41,3,2,1
55508813,253,128,125,233,114,119,9,3,6,31,15,16,0,0,0,20,14,6,433,154,279,320,101,219,2,0,2,6,0,6,24,11,13,81,42,39,0,0,0
55508814,824,413,411,743,376,367,29,12,17,93,57,36,3,0,3,81,37,44,935,409,526,473,200,273,3,2,1,40,0,40,135,66,69,284,141,143,20,11,9
55508815,1555,871,684,1029,600,429,30,14,16,98,54,44,2,0,2,526,271,255,1994,930,1064,798,372,426,7,5,2,77,5,72,521,255,266,591,293,298,213,111,102
55508816,27,16,11,23,15,8,0,0,0,3,3,0,0,0,0,4,1,3,23,12,11,11,4,7,0,0,0,0,0,0,2,0,2,10,8,2,0,0,0
55508817,1250,731,519,1036,602,434,23,10,13,87,46,41,0,0,0,214,129,85,1200,560,640,675,312,363,7,6,1,41,0,41,186,94,92,291,148,143,60,45,15
55508818,323,174,149,251,135,116,10,9,1,37,21,16,1,0,1,72,39,33,379,167,212,179,87,92,2,1,1,6,0,6,75,29,46,117,50,67,21,10,11
55508819,584,318,266,552,299,253,25,10,15,62,38,24,3,0,3,32,19,13,566,246,320,299,121,178,1,1,0,12,0,12,53,23,30,201,101,100,6,3,3
55508820,483,273,210,448,247,201,20,8,12,40,19,21,2,0,2,35,26,9,469,227,242,175,83,92,0,0,0,19,0,19,116,60,56,159,84,75,5,2,3
55508821,29,17,12,27,16,11,1,0,1,3,3,0,0,0,0,2,1,1,25,12,13,13,5,8,0,0,0,0,0,0,4,2,2,8,5,3,0,0,0
55508822,75,43,32,68,39,29,3,2,1,11,7,4,0,0,0,7,4,3,69,33,36,48,18,30,0,0,0,0,0,0,5,3,2,16,12,4,3,2,1
55508823,2625,1387,1238,2347,1258,1089,121,51,70,192,100,92,20,0,20,278,129,149,2162,919,1243,1098,447,651,9,9,0,93,1,92,356,170,186,606,292,314,62,39,23
55508824,1701,896,805,1559,838,721,57,26,31,163,88,75,11,0,11,142,58,84,1808,727,1081,1147,417,730,4,4,0,63,0,63,240,125,115,354,181,173,48,31,17
55508825,238,123,115,228,116,112,6,4,2,11,7,4,4,0,4,10,7,3,216,109,107,90,45,45,1,1,0,6,0,6,34,17,17,85,46,39,0,0,0
55508826,31,13,18,27,11,16,3,1,2,5,2,3,0,0,0,4,2,2,41,19,22,26,11,15,0,0,0,0,0,0,1,0,1,14,8,6,0,0,0
55508827,2538,1463,1075,2225,1265,960,96,40,56,189,88,101,15,0,15,313,198,115,2058,875,1183,1034,433,601,14,11,3,95,0,95,416,190,226,499,241,258,282,212,70
55508828,21,12,9,21,12,9,1,0,1,1,0,1,0,0,0,0,0,0,14,5,9,6,2,4,0,0,0,0,0,0,1,1,0,7,2,5,1,1,0
55508829,1768,935,833,1572,839,733,67,29,38,137,63,74,8,0,8,196,96,100,1706,726,980,1030,416,614,9,6,3,67,0,67,226,116,110,374,188,186,48,29,19
55508830,2073,1060,1013,1901,976,925,89,39,50,196,103,93,10,0,10,172,84,88,2030,883,1147,1241,495,746,2,2,0,75,0,75,267,142,125,445,244,201,41,20,21
55508831,1002,520,482,899,473,426,50,25,25,75,43,32,7,0,7,103,47,56,1012,413,599,620,244,376,0,0,0,33,0,33,148,64,84,211,105,106,22,12,10
55508832,2645,1399,1246,2344,1221,1123,93,30,63,216,122,94,19,0,19,301,178,123,2489,1021,1468,1495,568,927,8,7,1,94,0,94,333,167,166,559,279,280,42,25,17
55529101,60,34,26,54,31,23,1,0,1,1,0,1,1,0,1,6,3,3,49,17,32,21,7,14,0,0,0,2,0,2,9,4,5,17,6,11,1,1,0
55529102,23,11,12,23,11,12,1,0,1,3,2,1,0,0,0,0,0,0,25,10,15,11,4,7,0,0,0,0,0,0,1,0,1,13,6,7,0,0,0
55529103,292,164,128,281,160,121,13,5,8,16,9,7,1,0,1,11,4,7,314,145,169,132,60,72,5,4,1,20,0,20,54,26,28,103,55,48,6,3,3
55529104,294,155,139,285,151,134,13,5,8,23,14,9,3,0,3,9,4,5,265,125,140,102,50,52,0,0,0,8,0,8,48,27,21,107,48,59,0,0,0
56886401,581,320,261,507,278,229,19,7,12,40,25,15,5,0,5,74,42,32,537,256,281,271,122,149,2,1,1,17,1,16,99,45,54,148,87,61,24,14,10
59817801,469,242,227,442,232,210,18,7,11,32,14,18,4,0,4,27,10,17,393,182,211,179,85,94,3,2,1,16,0,16,65,37,28,130,58,72,7,5,2
59817802,146,80,66,140,78,62,3,2,1,7,4,3,1,0,1,6,2,4,113,44,69,42,18,24,2,1,1,10,0,10,24,11,13,35,14,21,0,0,0
59817803,166,89,77,157,84,73,15,7,8,13,10,3,1,0,1,9,5,4,130,51,79,66,26,40,0,0,0,6,0,6,15,9,6,43,16,27,1,0,1
59817804,162,84,78,159,83,76,8,5,3,13,10,3,1,0,1,3,1,2,151,68,83,70,29,41,1,0,1,5,0,5,26,15,11,49,24,25,3,3,0
59817805,414,217,197,393,207,186,15,10,5,41,21,20,1,0,1,21,10,11,319,154,165,111,52,59,1,1,0,15,0,15,60,28,32,132,73,59,3,2,1
0638430,0,0,0,0,0,0,0,0,0,0,0,0,0,0,0,0,0,0,0,0,0,0,0,0,0,0,0,0,0,0,0,0,0,0,0,0,0,0,0
0639590,0,0,0,0,0,0,0,0,0,0,0,0,0,0,0,0,0,0,0,0,0,0,0,0,0,0,0,0,0,0,0,0,0,0,0,0,0,0,0
0640092,0,0,0,0,0,0,0,0,0,0,0,0,0,0,0,0,0,0,0,0,0,0,0,0,0,0,0,0,0,0,0,0,0,0,0,0,0,0,0
0640680,0,0,0,0,0,0,0,0,0,0,0,0,0,0,0,0,0,0,0,0,0,0,0,0,0,0,0,0,0,0,0,0,0,0,0,0,0,0,0
0640760,0,0,0,0,0,0,0,0,0,0,0,0,0,0,0,0,0,0,0,0,0,0,0,0,0,0,0,0,0,0,0,0,0,0,0,0,0,0,0
0640840,0,0,0,0,0,0,0,0,0,0,0,0,0,0,0,0,0,0,0,0,0,0,0,0,0,0,0,0,0,0,0,0,0,0,0,0,0,0,0
0640920,0,0,0,0,0,0,0,0,0,0,0,0,0,0,0,0,0,0,0,0,0,0,0,0,0,0,0,0,0,0,0,0,0,0,0,0,0,0,0
0641220,0,0,0,0,0,0,0,0,0,0,0,0,0,0,0,0,0,0,0,0,0,0,0,0,0,0,0,0,0,0,0,0,0,0,0,0,0,0,0
0641310,0,0,0,0,0,0,0,0,0,0,0,0,0,0,0,0,0,0,0,0,0,0,0,0,0,0,0,0,0,0,0,0,0,0,0,0,0,0,0
0641570,0,0,0,0,0,0,0,0,0,0,0,0,0,0,0,0,0,0,0,0,0,0,0,0,0,0,0,0,0,0,0,0,0,0,0,0,0,0,0
0641650,0,0,0,0,0,0,0,0,0,0,0,0,0,0,0,0,0,0,0,0,0,0,0,0,0,0,0,0,0,0,0,0,0,0,0,0,0,0,0
0641730,0,0,0,0,0,0,0,0,0,0,0,0,0,0,0,0,0,0,0,0,0,0,0,0,0,0,0,0,0,0,0,0,0,0,0,0,0,0,0
0873270,0,0,0,0,0,0,0,0,0,0,0,0,0,0,0,0,0,0,0,0,0,0,0,0,0,0,0,0,0,0,0,0,0,0,0,0,0,0,0
3312790,0,0,0,0,0,0,0,0,0,0,0,0,0,0,0,0,0,0,0,0,0,0,0,0,0,0,0,0,0,0,0,0,0,0,0,0,0,0,0
59891702,3019,1591,1428,2724,1439,1285,103,38,65,276,150,126,13,0,13,295,152,143,3134,1334,1800,1970,797,1173,19,15,4,89,1,88,387,169,218,669,352,317,81,40,41
59891703,433,233,200,413,225,188,18,7,11,42,30,12,5,0,5,20,8,12,397,200,197,202,85,117,2,2,0,6,0,6,54,33,21,133,80,53,7,1,6
59891704,176,90,86,155,81,74,5,1,4,8,5,3,1,0,1,21,9,12,174,81,93,89,41,48,0,0,0,4,0,4,34,14,20,47,26,21,4,4,0
59891705,138,73,65,124,65,59,5,3,2,11,6,5,1,0,1,14,8,6,131,66,65,83,43,40,0,0,0,1,0,1,13,5,8,34,18,16,4,1,3
59891706,118,69,49,112,63,49,2,1,1,8,5,3,2,0,2,6,6,0,126,52,74,70,26,44,0,0,0,4,0,4,23,11,12,29,15,14,0,0,0
59891707,71,38,33,65,34,31,2,0,2,6,5,1,1,0,1,6,4,2,66,36,30,37,19,18,1,1,0,1,0,1,11,7,4,16,9,7,0,0,0
59891711,615,457,158,480,352,128,11,5,6,32,22,10,2,0,2,135,105,30,454,248,206,199,104,95,3,3,0,10,0,10,140,89,51,102,52,50,263,199,64
59891712,134,65,69,122,60,62,5,2,3,16,7,9,1,0,1,12,5,7,116,54,62,72,31,41,1,1,0,1,0,1,8,3,5,34,19,15,1,1,0
59891713,226,137,89,210,124,86,6,1,5,16,7,9,0,0,0,16,13,3,294,190,104,182,114,68,1,0,1,5,0,5,64,58,6,42,18,24,4,4,0
59891714,115,61,54,107,56,51,8,4,4,14,7,7,1,0,1,8,5,3,113,47,66,65,27,38,0,0,0,2,0,2,15,8,7,31,12,19,0,0,0
59891715,61,35,26,31,15,16,3,1,2,0,0,0,1,0,1,30,20,10,48,22,26,25,14,11,0,0,0,1,0,1,9,2,7,13,6,7,3,1,2
59891716,134,73,61,128,68,60,6,4,2,21,13,8,0,0,0,6,5,1,233,82,151,189,59,130,1,1,0,1,0,1,12,4,8,30,18,12,1,0,1
59891719,2813,1477,1336,2508,1295,1213,94,38,56,252,128,124,17,0,17,305,182,123,2548,1147,1401,1430,601,829,13,12,1,106,1,105,360,195,165,639,338,301,59,28,31
59891720,496,254,242,477,243,234,33,18,15,57,33,24,5,0,5,19,11,8,456,218,238,241,106,135,0,0,0,12,0,12,60,34,26,143,78,65,3,1,2
59891721,2042,1064,978,1852,962,890,83,33,50,199,100,99,14,0,14,190,102,88,2144,933,1211,1313,529,784,12,5,7,71,0,71,272,133,139,476,266,210,34,21,13
59891723,106,58,48,103,56,47,2,1,1,13,8,5,0,0,0,3,2,1,113,58,55,60,27,33,0,0,0,4,0,4,18,11,7,31,20,11,1,0,1
59891725,1182,668,514,699,417,282,16,5,11,72,43,29,2,0,2,483,251,232,1784,793,991,773,330,443,2,2,0,71,3,68,493,246,247,445,212,233,180,90,90
59891726,1894,963,931,1662,855,807,66,33,33,169,73,96,5,0,5,232,108,124,2076,904,1172,1115,499,616,10,10,0,85,0,85,313,140,173,553,255,298,48,29,19
59891728,514,290,224,333,204,129,10,5,5,51,27,24,0,0,0,181,86,95,719,336,383,345,165,180,4,1,3,29,0,29,171,83,88,170,87,83,54,33,21
59891729,1844,926,918,1610,811,799,72,29,43,161,73,88,8,0,8,234,115,119,1958,866,1092,1085,464,621,11,10,1,87,0,87,311,159,152,464,233,231,58,29,29
59891730,2790,1434,1356,2469,1275,1194,75,28,47,209,120,89,15,0,15,321,159,162,2709,1193,1516,1487,623,864,13,11,2,108,0,108,424,211,213,677,348,329,75,34,41
59891731,489,252,237,441,224,217,14,3,11,46,27,19,3,0,3,48,28,20,668,255,413,465,166,299,1,1,0,16,0,16,70,33,37,116,55,61,12,10,2
59891732,15,9,6,14,8,6,0,0,0,1,1,0,0,0,0,1,1,0,4,2,2,0,0,0,0,0,0,0,0,0,1,0,1,3,2,1,1,0,1
59891733,26,15,11,26,15,11,2,1,1,1,1,0,0,0,0,0,0,0,21,7,14,5,2,3,2,2,0,2,0,2,3,1,2,9,2,7,1,0,1
59891734,2591,1307,1284,2350,1185,1165,99,48,51,205,100,105,11,0,11,241,122,119,2410,1027,1383,1393,575,818,12,9,3,85,0,85,321,158,163,599,285,314,36,21,15
59891735,826,440,386,761,400,361,38,18,20,73,46,27,2,0,2,65,40,25,851,388,463,493,214,279,2,1,1,24,0,24,106,53,53,226,120,106,5,3,2
59891736,449,242,207,422,226,196,27,13,14,23,11,12,3,0,3,27,16,11,473,224,249,251,118,133,2,1,1,23,0,23,62,27,35,135,78,57,1,0,1
59892501,283,140,143,273,134,139,12,3,9,19,10,9,3,0,3,10,6,4,276,140,136,128,58,70,0,0,0,13,0,13,44,27,17,91,55,36,1,0,1
59892502,122,66,56,117,61,56,9,4,5,9,7,2,1,0,1,5,5,0,121,59,62,60,26,34,2,1,1,1,0,1,13,5,8,45,27,18,2,0,2
59892503,154,81,73,133,71,62,5,2,3,9,7,2,3,0,3,21,10,11,156,74,82,71,37,34,0,0,0,4,0,4,30,15,15,51,22,29,1,0,1
59892504,182,103,79,177,99,78,5,3,2,20,10,10,0,0,0,5,4,1,204,94,110,107,50,57,1,1,0,9,0,9,32,17,15,55,26,29,2,1,1
59892505,1130,608,522,1046,563,483,41,16,25,115,63,52,14,0,14,84,45,39,1079,490,589,559,245,314,5,5,0,53,0,53,162,84,78,300,156,144,29,21,8
59893301,351,193,158,327,181,146,11,5,6,28,14,14,2,0,2,24,12,12,367,156,211,144,67,77,2,1,1,21,0,21,66,28,38,134,60,74,0,0,0
59893302,315,180,135,302,172,130,21,12,9,24,16,8,2,0,2,13,8,5,283,125,158,106,39,67,3,3,0,15,0,15,51,28,23,108,55,53,2,0,2
59893303,442,235,207,422,222,200,25,15,10,30,16,14,2,0,2,20,13,7,408,211,197,178,87,91,3,2,1,13,0,13,57,32,25,157,90,67,0,0,0
59893304,190,102,88,180,95,85,7,4,3,11,7,4,0,0,0,10,7,3,165,71,94,71,31,40,1,1,0,6,0,6,30,14,16,57,25,32,1,1,0
59893305,290,155,135,276,148,128,11,4,7,27,17,10,2,0,2,14,7,7,274,135,139,121,55,66,1,1,0,12,1,11,35,19,16,105,59,46,3,2,1
59893306,54,33,21,53,32,21,1,0,1,6,5,1,0,0,0,1,1,0,61,24,37,34,14,20,0,0,0,3,0,3,6,4,2,18,6,12,0,0,0
59893307,159,82,77,152,79,73,10,4,6,14,7,7,1,0,1,7,3,4,151,60,91,62,29,33,0,0,0,8,0,8,28,10,18,53,21,32,0,0,0
59893308,399,210,189,387,203,184,17,5,12,47,24,23,4,0,4,12,7,5,425,193,232,223,92,131,1,1,0,16,0,16,60,28,32,125,72,53,4,1,3
59893309,101,53,48,94,50,44,1,1,0,7,4,3,0,0,0,7,3,4,93,41,52,44,19,25,0,0,0,7,0,7,17,10,7,25,12,13,1,0,1
59893310,199,101,98,191,97,94,11,7,4,18,11,7,0,0,0,8,4,4,167,76,91,72,33,39,3,2,1,8,0,8,25,11,14,59,30,29,1,1,0
59893311,740,401,339,684,366,318,28,13,15,88,44,44,4,0,4,56,35,21,865,353,512,532,199,333,2,2,0,29,0,29,107,54,53,195,98,97,18,9,9
59893312,213,111,102,190,98,92,8,1,7,12,3,9,0,0,0,23,13,10,284,94,190,198,58,140,0,0,0,10,1,9,31,12,19,45,23,22,8,3,5
59893313,587,312,275,518,276,242,21,8,13,56,34,22,2,0,2,69,36,33,554,218,336,312,109,203,0,0,0,15,0,15,75,34,41,152,75,77,13,5,8
59893314,2645,1331,1314,2363,1200,1163,77,30,47,220,120,100,21,0,21,282,131,151,2168,970,1198,979,453,526,9,6,3,110,1,109,437,209,228,633,301,332,56,30,26
59893315,1191,623,568,1111,576,535,46,20,26,119,59,60,5,0,5,80,47,33,1417,598,819,919,354,565,1,1,0,42,0,42,157,84,73,298,159,139,22,11,11
59893316,929,494,435,863,460,403,39,14,25,108,52,56,5,0,5,66,34,32,956,395,561,514,197,317,3,1,2,31,1,30,152,70,82,256,126,130,24,12,12
59893317,19,10,9,19,10,9,0,0,0,1,0,1,0,0,0,0,0,0,17,5,12,8,3,5,0,0,0,2,0,2,4,1,3,3,1,2,0,0,0
59893319,310,171,139,288,159,129,16,10,6,33,17,16,2,0,2,22,12,10,365,157,208,189,78,111,2,2,0,13,0,13,54,26,28,107,51,56,6,3,3
59893320,381,206,175,355,192,163,10,6,4,29,12,17,3,0,3,26,14,12,350,146,204,146,58,88,1,1,0,14,0,14,69,31,38,120,56,64,14,8,6
59893321,279,146,133,261,140,121,11,2,9,30,19,11,2,1,1,18,6,12,304,127,177,165,69,96,0,0,0,14,0,14,39,18,21,86,40,46,3,3,0
59893322,1507,842,665,1325,740,585,61,23,38,117,61,56,9,0,9,182,102,80,1231,542,689,520,216,304,4,3,1,41,0,41,276,133,143,390,190,200,135,88,47
59893323,284,148,136,273,145,128,7,4,3,23,16,7,0,0,0,11,3,8,327,145,182,174,83,91,1,1,0,7,0,7,33,15,18,112,46,66,2,1,1
3309900,0,0,0,0,0,0,0,0,0,0,0,0,0,0,0,0,0,0,0,0,0,0,0,0,0,0,0,0,0,0,0,0,0,0,0,0,0,0,0
59894101,2108,1130,978,2004,1074,930,74,35,39,160,91,69,9,0,9,104,56,48,1755,793,962,876,387,489,14,11,3,59,0,59,240,114,126,566,281,285,21,10,11
59894102,121,71,50,109,64,45,6,4,2,6,3,3,1,0,1,12,7,5,108,47,61,55,24,31,0,0,0,5,0,5,21,8,13,27,15,12,2,1,1
59896801,2317,1228,1089,2193,1164,1029,97,47,50,171,90,81,16,0,16,124,64,60,2050,935,1115,993,441,552,5,3,2,79,1,78,338,169,169,635,321,314,47,26,21
59896802,323,168,155,298,158,140,20,9,11,26,14,12,2,0,2,25,10,15,309,132,177,189,81,108,0,0,0,12,0,12,41,19,22,67,32,35,4,1,3
1367430,0,0,0,0,0,0,0,0,0,0,0,0,0,0,0,0,0,0,0,0,0,0,0,0,0,0,0,0,0,0,0,0,0,0,0,0,0,0,0
3153540,0,0,0,0,0,0,0,0,0,0,0,0,0,0,0,0,0,0,0,0,0,0,0,0,0,0,0,0,0,0,0,0,0,0,0,0,0,0,0
3414360,0,0,0,0,0,0,0,0,0,0,0,0,0,0,0,0,0,0,0,0,0,0,0,0,0,0,0,0,0,0,0,0,0,0,0,0,0,0,0
59905101,42,21,21,40,20,20,1,0,1,3,2,1,0,0,0,2,1,1,34,22,12,18,10,8,0,0,0,0,0,0,2,2,0,14,10,4,1,1,0
59905102,239,127,112,222,118,104,12,6,6,22,11,11,1,0,1,17,9,8,257,125,132,115,54,61,1,0,1,9,0,9,36,19,17,96,52,44,1,1,0
59905103,244,139,105,222,129,93,14,8,6,12,8,4,1,0,1,22,10,12,197,89,108,103,47,56,0,0,0,6,0,6,29,15,14,59,27,32,1,0,1
59905104,164,85,79,157,81,76,8,3,5,15,6,9,0,0,0,7,4,3,157,66,91,90,37,53,0,0,0,5,0,5,15,7,8,47,22,25,0,0,0
59905105,124,72,52,60,36,24,3,1,2,5,2,3,0,0,0,64,36,28,148,62,86,50,18,32,0,0,0,8,0,8,42,23,19,48,21,27,11,6,5
59905106,181,90,91,175,87,88,10,3,7,8,4,4,1,0,1,6,3,3,152,68,84,74,33,41,0,0,0,5,0,5,21,9,12,52,26,26,1,0,1
59905108,1125,611,514,1051,571,480,49,28,21,94,45,49,10,0,10,74,40,34,1029,483,546,488,213,275,3,3,0,48,0,48,168,81,87,322,186,136,14,7,7
59905109,29,17,12,25,15,10,0,0,0,3,2,1,0,0,0,4,2,2,34,18,16,11,7,4,0,0,0,3,0,3,8,3,5,12,8,4,2,0,2
59905110,221,118,103,207,112,95,14,7,7,27,15,12,0,0,0,14,6,8,200,86,114,116,44,72,0,0,0,6,0,6,29,15,14,49,27,22,2,1,1
59905111,412,211,201,388,198,190,20,5,15,32,15,17,3,0,3,24,13,11,438,179,259,289,113,176,5,3,2,8,0,8,54,27,27,82,36,46,10,3,7
59905112,209,116,93,194,108,86,8,4,4,25,15,10,2,0,2,15,8,7,223,90,133,133,51,82,1,1,0,5,0,5,27,13,14,57,25,32,1,0,1
59905113,555,310,245,509,286,223,22,9,13,36,19,17,5,0,5,46,24,22,306,143,163,108,42,66,2,2,0,17,0,17,64,31,33,115,68,47,7,3,4
59905114,670,368,302,649,359,290,26,13,13,63,36,27,8,0,8,21,9,12,581,253,328,275,119,156,4,3,1,26,0,26,98,47,51,178,84,94,4,0,4
59905115,1450,761,689,1333,710,623,49,22,27,107,51,56,12,0,12,117,51,66,1435,617,818,842,331,511,5,3,2,51,0,51,191,99,92,346,184,162,20,12,8
59905116,340,194,146,286,161,125,10,3,7,26,13,13,1,0,1,54,33,21,283,131,152,139,65,74,0,0,0,9,0,9,42,24,18,93,42,51,7,2,5
59905117,35,20,15,33,18,15,2,1,1,1,1,0,0,0,0,2,2,0,29,15,14,5,2,3,0,0,0,2,0,2,10,5,5,12,8,4,4,1,3
59905118,29,15,14,25,13,12,2,2,0,2,0,2,0,0,0,4,2,2,14,8,6,8,5,3,0,0,0,1,0,1,2,2,0,3,1,2,0,0,0
59905119,1851,962,889,1664,875,789,66,38,28,160,63,97,12,0,12,187,87,100,1881,776,1105,1120,436,684,4,2,2,61,0,61,232,105,127,464,233,231,32,16,16
59905121,1896,1068,828,1665,942,723,67,31,36,152,66,86,8,0,8,231,126,105,1567,674,893,785,325,460,1,1,0,77,0,77,293,148,145,411,200,211,180,120,60
59905123,478,257,221,446,240,206,18,10,8,44,19,25,3,0,3,32,17,15,478,209,269,280,122,158,2,2,0,15,0,15,61,32,29,120,53,67,3,2,1
1124110,0,0,0,0,0,0,0,0,0,0,0,0,0,0,0,0,0,0,0,0,0,0,0,0,0,0,0,0,0,0,0,0,0,0,0,0,0,0,0
1124610,0,0,0,0,0,0,0,0,0,0,0,0,0,0,0,0,0,0,0,0,0,0,0,0,0,0,0,0,0,0,0,0,0,0,0,0,0,0,0
3415680,0,0,0,0,0,0,0,0,0,0,0,0,0,0,0,0,0,0,0,0,0,0,0,0,0,0,0,0,0,0,0,0,0,0,0,0,0,0,0
59906901,172,81,91,159,75,84,9,2,7,27,14,13,0,0,0,13,6,7,160,74,86,97,39,58,0,0,0,4,0,4,15,9,6,44,26,18,1,1,0
59906902,270,145,125,249,133,116,14,3,11,19,10,9,5,0,5,21,12,9,217,95,122,80,29,51,2,2,0,10,0,10,43,29,14,82,35,47,2,0,2
59906903,1602,848,754,1449,760,689,58,25,33,114,51,63,14,0,14,153,88,65,1704,658,1046,1075,386,689,2,1,1,68,0,68,249,123,126,310,148,162,49,25,24
59906904,287,152,135,271,138,133,15,6,9,19,9,10,0,0,0,16,14,2,254,98,156,116,52,64,1,1,0,16,0,16,47,19,28,74,26,48,0,0,0
59906905,154,73,81,146,69,77,11,2,9,13,8,5,0,0,0,8,4,4,164,81,83,98,46,52,2,2,0,4,0,4,22,13,9,38,20,18,0,0,0
59906906,2961,1509,1452,2689,1354,1335,93,36,57,208,120,88,27,0,27,272,155,117,1912,905,1007,768,393,375,14,13,1,126,1,125,415,207,208,589,291,298,75,46,29
59906907,1439,732,707,1302,656,646,43,19,24,128,63,65,11,0,11,137,76,61,1204,551,653,553,266,287,3,2,1,72,0,72,209,107,102,367,176,191,22,9,13
59906908,1697,880,817,1512,777,735,61,24,37,175,86,89,11,0,11,185,103,82,1780,774,1006,975,417,558,5,5,0,75,0,75,279,129,150,446,223,223,67,35,32
59906909,1819,984,835,1607,869,738,56,20,36,153,87,66,8,0,8,212,115,97,1857,820,1037,1137,470,667,7,6,1,59,1,58,268,147,121,386,196,190,192,135,57
59906910,249,126,123,232,116,116,10,3,7,31,14,17,1,0,1,17,10,7,239,104,135,138,54,84,2,2,0,8,0,8,24,11,13,67,37,30,1,0,1
59906911,143,70,73,136,66,70,10,4,6,10,6,4,1,0,1,7,4,3,149,74,75,99,50,49,3,3,0,3,0,3,18,10,8,26,11,15,1,0,1
59906912,0,0,0,0,0,0,0,0,0,0,0,0,0,0,0,0,0,0,55,14,41,55,14,41,0,0,0,0,0,0,0,0,0,0,0,0,0,0,0
59906914,134,74,60,123,66,57,6,3,3,7,4,3,0,0,0,11,8,3,128,45,83,56,24,32,0,0,0,6,0,6,24,12,12,42,9,33,0,0,0
59906915,39,23,16,37,22,15,1,1,0,5,4,1,0,0,0,2,1,1,28,13,15,14,5,9,0,0,0,2,0,2,6,4,2,6,4,2,0,0,0
59906916,361,198,163,304,166,138,10,3,7,35,17,18,1,0,1,57,32,25,361,156,205,164,70,94,0,0,0,21,0,21,79,38,41,97,48,49,13,10,3
59906917,68,38,30,51,33,18,1,0,1,2,2,0,0,0,0,17,5,12,99,45,54,28,11,17,1,1,0,6,1,5,32,16,16,32,16,16,4,1,3
59906919,9,5,4,7,4,3,0,0,0,0,0,0,0,0,0,2,1,1,10,6,4,5,2,3,0,0,0,0,0,0,2,1,1,3,3,0,2,2,0
59906920,47,28,19,43,26,17,2,2,0,3,3,0,0,0,0,4,2,2,29,17,12,11,6,5,0,0,0,1,0,1,4,2,2,13,9,4,0,0,0
59906921,32,19,13,26,15,11,0,0,0,5,3,2,0,0,0,6,4,2,39,15,24,17,5,12,0,0,0,0,0,0,8,5,3,14,5,9,2,1,1
59906922,892,486,406,638,344,294,19,6,13,55,29,26,4,0,4,254,142,112,1132,547,585,418,194,224,4,2,2,56,1,55,286,149,137,368,201,167,81,42,39
59906923,798,422,376,721,383,338,16,4,12,71,39,32,1,0,1,77,39,38,739,340,399,409,198,211,2,1,1,26,0,26,87,40,47,215,101,114,12,7,5
59906924,63,33,30,60,31,29,0,0,0,4,3,1,0,0,0,3,2,1,41,22,19,22,11,11,0,0,0,0,0,0,5,3,2,14,8,6,1,1,0
59906925,323,180,143,302,170,132,19,12,7,24,16,8,2,0,2,21,10,11,270,120,150,139,57,82,0,0,0,13,0,13,36,22,14,82,41,41,2,1,1
59906926,227,123,104,215,120,95,11,6,5,15,12,3,0,0,0,12,3,9,177,77,100,86,32,54,2,2,0,7,0,7,25,10,15,57,33,24,0,0,0
59906927,196,115,81,109,69,40,3,2,1,5,3,2,1,0,1,87,46,41,288,128,160,81,46,35,0,0,0,18,0,18,96,44,52,93,38,55,36,19,17
59907701,609,378,231,552,337,215,20,7,13,44,22,22,4,0,4,57,41,16,446,224,222,217,111,106,1,0,1,12,0,12,50,21,29,166,92,74,8,7,1
59907702,198,103,95,176,92,84,7,5,2,14,10,4,3,0,3,22,11,11,212,91,121,95,48,47,2,1,1,6,0,6,38,15,23,71,27,44,3,2,1
59907703,1040,559,481,977,531,446,48,28,20,101,50,51,6,0,6,63,28,35,916,414,502,494,227,267,7,5,2,20,0,20,110,54,56,285,128,157,23,14,9
59907704,60,34,26,57,32,25,2,1,1,7,3,4,0,0,0,3,2,1,57,30,27,25,14,11,0,0,0,4,0,4,9,4,5,19,12,7,0,0,0
59907705,280,139,141,262,131,131,16,7,9,24,11,13,3,0,3,18,8,10,260,119,141,133,62,71,1,0,1,4,0,4,29,13,16,93,44,49,0,0,0
59907706,375,195,180,358,183,175,11,3,8,37,18,19,2,0,2,17,12,5,344,166,178,176,80,96,2,2,0,14,1,13,47,27,20,105,56,49,4,2,2
59908501,3733,1973,1760,3382,1794,1588,131,62,69,299,154,145,26,1,25,351,179,172,3627,1623,2004,1665,760,905,12,12,0,160,2,158,691,323,368,1099,526,573,100,62,38
59910701,1737,951,786,1628,892,736,67,35,32,147,87,60,9,0,9,109,59,50,1667,743,924,815,331,484,4,4,0,77,2,75,244,129,115,527,277,250,55,35,20
59910702,2058,1103,955,1929,1035,894,89,31,58,147,77,70,13,0,13,129,68,61,1918,861,1057,919,404,515,8,6,2,91,2,89,328,174,154,572,275,297,21,6,15
3417030,0,0,0,0,0,0,0,0,0,0,0,0,0,0,0,0,0,0,0,0,0,0,0,0,0,0,0,0,0,0,0,0,0,0,0,0,0,0,0
3417110,0,0,0,0,0,0,0,0,0,0,0,0,0,0,0,0,0,0,0,0,0,0,0,0,0,0,0,0,0,0,0,0,0,0,0,0,0,0,0
3417200,0,0,0,0,0,0,0,0,0,0,0,0,0,0,0,0,0,0,0,0,0,0,0,0,0,0,0,0,0,0,0,0,0,0,0,0,0,0,0
3417380,0,0,0,0,0,0,0,0,0,0,0,0,0,0,0,0,0,0,0,0,0,0,0,0,0,0,0,0,0,0,0,0,0,0,0,0,0,0,0
59914001,104,55,49,91,46,45,4,1,3,12,8,4,1,0,1,13,9,4,90,43,47,41,17,24,1,1,0,3,0,3,14,8,6,31,17,14,2,1,1
59914002,665,351,314,614,319,295,24,12,12,64,37,27,3,0,3,51,32,19,612,286,326,283,129,154,8,8,0,25,0,25,98,50,48,198,99,99,13,4,9
59914003,108,56,52,102,52,50,4,2,2,5,4,1,2,1,1,6,4,2,105,47,58,58,27,31,0,0,0,2,0,2,15,4,11,30,16,14,2,2,0
59914004,9,6,3,9,6,3,0,0,0,2,2,0,0,0,0,0,0,0,11,5,6,8,3,5,0,0,0,0,0,0,0,0,0,3,2,1,0,0,0
59915801,349,200,149,332,189,143,15,5,10,29,20,9,2,0,2,17,11,6,391,173,218,157,66,91,2,1,1,28,0,28,81,47,34,123,59,64,3,0,3
59915802,93,49,44,90,48,42,3,2,1,8,6,2,0,0,0,3,1,2,88,41,47,53,24,29,0,0,0,2,0,2,10,4,6,23,13,10,0,0,0
59915803,28,16,12,25,14,11,2,1,1,3,2,1,0,0,0,3,2,1,42,19,23,20,11,9,0,0,0,3,0,3,7,4,3,12,4,8,0,0,0
59915804,238,132,106,231,127,104,9,5,4,12,10,2,1,0,1,7,5,2,206,98,108,106,48,58,4,4,0,11,0,11,33,20,13,52,26,26,6,2,4
59915805,81,44,37,77,42,35,3,1,2,7,5,2,0,0,0,4,2,2,108,53,55,40,20,20,1,1,0,4,0,4,12,7,5,51,25,26,2,1,1
59915806,1071,572,499,1021,544,477,48,20,28,114,64,50,7,0,7,50,28,22,1077,489,588,564,231,333,3,3,0,46,1,45,166,83,83,298,171,127,16,11,5
59915807,96,48,48,87,42,45,3,1,2,7,3,4,1,0,1,9,6,3,75,35,40,44,20,24,0,0,0,2,0,2,9,6,3,20,9,11,0,0,0
59915808,124,69,55,120,67,53,3,1,2,12,10,2,1,0,1,4,2,2,133,61,72,71,34,37,1,1,0,6,0,6,22,7,15,33,19,14,0,0,0
59915809,206,104,102,201,100,101,13,8,5,20,9,11,6,0,6,5,4,1,211,100,111,84,40,44,1,1,0,15,0,15,53,28,25,58,31,27,2,0,2
50004601,851,472,379,829,462,367,22,12,10,68,41,27,8,0,8,22,10,12,843,381,462,401,171,230,2,0,2,35,0,35,144,68,76,261,142,119,5,2,3
50025901,981,539,442,955,528,427,41,18,23,76,41,35,9,0,9,26,11,15,922,404,518,438,177,261,6,3,3,47,0,47,137,70,67,294,154,140,11,5,6
54698401,286,156,130,264,143,121,9,3,6,27,11,16,4,0,4,22,13,9,302,153,149,136,65,71,1,0,1,13,1,12,56,33,23,96,54,42,6,4,2
54700001,296,167,129,279,160,119,15,7,8,19,9,10,0,0,0,17,7,10,306,139,167,145,65,80,0,0,0,13,0,13,55,19,36,93,55,38,7,3,4
55406501,301,166,135,282,156,126,9,3,6,16,9,7,5,0,5,19,10,9,307,124,183,161,65,96,0,0,0,13,0,13,56,24,32,77,35,42,10,5,5
3414440,0,0,0,0,0,0,0,0,0,0,0,0,0,0,0,0,0,0,0,0,0,0,0,0,0,0,0,0,0,0,0,0,0,0,0,0,0,0,0
55417101,736,393,343,708,381,327,38,14,24,60,35,25,3,0,3,28,12,16,637,257,380,286,117,169,1,0,1,28,1,27,94,40,54,228,99,129,3,1,2
55417102,252,142,110,236,131,105,7,4,3,28,17,11,0,0,0,16,11,5,282,102,180,150,53,97,0,0,0,13,0,13,39,15,24,80,34,46,15,11,4
55417103,41,24,17,40,24,16,1,1,0,1,1,0,0,0,0,1,0,1,34,14,20,24,8,16,0,0,0,0,0,0,2,1,1,8,5,3,1,1,0
55491001,284,163,121,273,158,115,13,7,6,17,10,7,2,0,2,11,5,6,257,109,148,124,47,77,0,0,0,12,0,12,51,27,24,70,35,35,7,6,1
55491002,28,15,13,27,14,13,0,0,0,0,0,0,0,0,0,1,1,0,17,9,8,9,5,4,0,0,0,0,0,0,0,0,0,8,4,4,0,0,0
55491003,107,64,43,104,62,42,6,2,4,11,7,4,2,0,2,3,2,1,89,45,44,40,20,20,0,0,0,5,0,5,17,10,7,27,15,12,1,1,0
55493601,248,141,107,236,132,104,5,1,4,13,7,6,2,0,2,12,9,3,217,92,125,108,47,61,2,1,1,6,0,6,33,13,20,68,31,37,1,1,0
55531201,271,159,112,256,150,106,15,7,8,26,17,9,1,0,1,15,9,6,241,106,135,118,48,70,2,1,1,5,0,5,34,18,16,82,39,43,7,5,2
55685801,506,297,209,481,282,199,11,3,8,32,15,17,3,0,3,25,15,10,441,205,236,158,67,91,1,1,0,32,1,31,100,51,49,150,85,65,6,3,3
56840601,59,33,26,56,31,25,3,2,1,6,3,3,1,0,1,3,2,1,57,21,36,25,8,17,1,1,0,5,0,5,13,5,8,13,7,6,0,0,0
56840602,327,179,148,321,176,145,11,4,7,33,25,8,6,0,6,6,3,3,310,137,173,120,49,71,0,0,0,14,0,14,69,27,42,107,61,46,3,0,3
56842201,607,335,272,589,324,265,27,11,16,38,24,14,5,0,5,18,11,7,507,207,300,221,77,144,3,2,1,26,0,26,90,47,43,167,81,86,5,5,0
56843101,42,23,19,42,23,19,2,1,1,7,4,3,1,0,1,0,0,0,35,18,17,18,9,9,0,0,0,2,0,2,8,5,3,7,4,3,0,0,0
56843102,251,139,112,238,132,106,5,4,1,15,7,8,0,0,0,13,7,6,284,122,162,127,53,74,1,0,1,19,0,19,46,19,27,91,50,41,5,1,4
56847301,446,252,194,436,247,189,16,8,8,22,11,11,3,0,3,10,5,5,459,203,256,189,80,109,1,0,1,21,0,21,74,36,38,174,87,87,5,4,1
56847302,62,35,27,59,33,26,5,4,1,5,3,2,0,0,0,3,2,1,49,26,23,15,6,9,0,0,0,3,0,3,13,10,3,18,10,8,2,1,1
56848101,472,272,200,458,267,191,19,13,6,45,27,18,2,0,2,14,5,9,466,218,248,177,81,96,2,1,1,24,0,24,85,45,40,178,91,87,3,1,2
56851101,392,223,169,372,214,158,16,8,8,32,13,19,1,0,1,20,9,11,370,157,213,186,76,110,1,1,0,11,0,11,50,21,29,122,59,63,3,3,0
56854601,926,501,425,899,486,413,38,14,24,73,36,37,4,0,4,27,15,12,868,369,499,392,162,230,1,0,1,44,0,44,145,68,77,286,139,147,17,10,7
56855401,571,320,251,555,311,244,13,6,7,31,14,17,2,0,2,16,9,7,610,268,342,289,128,161,1,1,0,25,0,25,86,42,44,209,97,112,1,1,0
56856201,150,89,61,142,85,57,2,0,2,7,6,1,4,0,4,8,4,4,142,62,80,45,19,26,0,0,0,12,0,12,38,23,15,47,20,27,3,2,1
56856202,35,25,10,35,25,10,1,1,0,5,5,0,0,0,0,0,0,0,23,8,15,18,6,12,0,0,0,0,0,0,2,1,1,3,1,2,2,1,1
56857101,79,46,33,76,43,33,2,0,2,8,6,2,0,0,0,3,3,0,90,37,53,41,17,24,0,0,0,7,0,7,20,9,11,22,11,11,3,2,1
56858901,297,168,129,278,162,116,8,2,6,23,14,9,0,0,0,19,6,13,236,97,139,111,48,63,0,0,0,9,0,9,36,12,24,80,37,43,2,1,1
56864301,345,184,161,336,178,158,7,1,6,26,8,18,3,0,3,9,6,3,335,148,187,170,69,101,0,0,0,16,0,16,56,26,30,93,53,40,6,3,3
3414100,0,0,0,0,0,0,0,0,0,0,0,0,0,0,0,0,0,0,0,0,0,0,0,0,0,0,0,0,0,0,0,0,0,0,0,0,0,0,0
3414280,0,0,0,0,0,0,0,0,0,0,0,0,0,0,0,0,0,0,0,0,0,0,0,0,0,0,0,0,0,0,0,0,0,0,0,0,0,0,0
56868601,219,138,81,205,130,75,5,3,2,20,15,5,2,0,2,14,8,6,200,85,115,92,34,58,1,1,0,7,0,7,26,12,14,74,38,36,6,3,3
56868602,159,80,79,154,77,77,5,3,2,6,3,3,1,0,1,5,3,2,163,76,87,75,32,43,1,1,0,5,0,5,23,14,9,59,29,30,2,0,2
56871601,264,147,117,251,140,111,9,4,5,21,12,9,1,0,1,13,7,6,283,119,164,122,50,72,0,0,0,15,0,15,60,32,28,86,37,49,2,1,1
56871602,135,78,57,134,78,56,7,0,7,7,6,1,1,0,1,1,0,1,142,65,77,56,27,29,0,0,0,9,0,9,25,11,14,52,27,25,0,0,0
56873201,544,299,245,525,287,238,21,7,14,42,21,21,3,0,3,19,12,7,504,225,279,203,86,117,0,0,0,32,1,31,104,51,53,165,87,78,10,6,4
56874101,321,186,135,309,179,130,10,9,1,28,16,12,2,0,2,12,7,5,342,141,201,173,67,106,0,0,0,18,1,17,67,34,33,84,39,45,4,2,2
56877501,493,261,232,477,254,223,26,10,16,32,16,16,1,0,1,16,7,9,441,195,246,232,96,136,0,0,0,20,0,20,69,38,31,120,61,59,6,3,3
56966601,71,37,34,67,37,30,1,0,1,6,3,3,0,0,0,4,0,4,75,32,43,37,17,20,0,0,0,3,0,3,15,7,8,20,8,12,1,1,0
56966602,427,244,183,415,236,179,16,5,11,33,21,12,0,0,0,12,8,4,362,162,200,178,74,104,1,1,0,11,0,11,52,22,30,120,65,55,5,1,4
56974701,112,60,52,109,59,50,5,1,4,6,4,2,0,0,0,3,1,2,101,38,63,51,22,29,0,0,0,5,0,5,19,6,13,26,10,16,0,0,0
56975501,12,7,5,12,7,5,0,0,0,1,1,0,0,0,0,0,0,0,13,5,8,6,2,4,0,0,0,0,0,0,1,1,0,6,2,4,0,0,0
56975502,355,200,155,347,195,152,10,7,3,25,16,9,3,0,3,8,5,3,345,157,188,158,69,89,3,2,1,19,0,19,62,29,33,103,57,46,1,0,1
1075060,0,0,0,0,0,0,0,0,0,0,0,0,0,0,0,0,0,0,0,0,0,0,0,0,0,0,0,0,0,0,0,0,0,0,0,0,0,0,0
1075570,0,0,0,0,0,0,0,0,0,0,0,0,0,0,0,0,0,0,0,0,0,0,0,0,0,0,0,0,0,0,0,0,0,0,0,0,0,0,0
3200810,0,0,0,0,0,0,0,0,0,0,0,0,0,0,0,0,0,0,0,0,0,0,0,0,0,0,0,0,0,0,0,0,0,0,0,0,0,0,0
59919101,197,116,81,193,114,79,9,5,4,18,10,8,0,0,0,4,2,2,194,87,107,89,40,49,0,0,0,8,0,8,21,10,11,76,37,39,0,0,0
59919102,112,60,52,106,59,47,0,0,0,8,4,4,1,0,1,6,1,5,82,33,49,31,11,20,0,0,0,1,0,1,13,5,8,37,17,20,1,1,0
59919103,1195,610,585,1112,574,538,39,18,21,93,38,55,9,0,9,83,36,47,794,362,432,252,107,145,3,2,1,57,0,57,193,108,85,289,145,144,20,12,8
59919104,515,282,233,493,267,226,26,11,15,46,26,20,2,0,2,22,15,7,443,200,243,227,99,128,1,0,1,15,0,15,67,39,28,133,62,71,2,1,1
59919106,15,7,8,14,7,7,1,0,1,2,1,1,0,0,0,1,0,1,13,4,9,5,2,3,0,0,0,0,0,0,1,1,0,7,1,6,0,0,0
59919107,242,123,119,234,122,112,6,3,3,18,10,8,2,0,2,8,1,7,245,102,143,121,46,75,1,0,1,10,0,10,31,9,22,82,47,35,2,2,0
59919108,12,6,6,11,6,5,0,0,0,2,1,1,0,0,0,1,0,1,10,3,7,0,0,0,0,0,0,1,0,1,2,1,1,7,2,5,0,0,0
59919109,2565,1324,1241,2437,1252,1185,98,44,54,210,95,115,21,0,21,128,72,56,2465,1036,1429,1301,489,812,6,4,2,111,0,111,401,212,189,646,331,315,36,11,25
59919110,456,299,157,399,262,137,11,4,7,30,18,12,2,0,2,57,37,20,300,145,155,106,59,47,0,0,0,21,0,21,78,40,38,95,46,49,172,117,55
59919111,410,223,187,384,209,175,6,3,3,38,14,24,4,0,4,26,14,12,312,148,164,142,61,81,0,0,0,17,0,17,58,28,30,95,59,36,12,5,7
59919112,1661,881,780,1565,831,734,55,19,36,143,59,84,8,0,8,96,50,46,1625,667,958,926,333,593,2,1,1,64,1,63,226,129,97,407,203,204,30,17,13
59919113,49,26,23,41,21,20,1,0,1,1,0,1,1,0,1,8,5,3,60,32,28,27,16,11,0,0,0,5,0,5,20,12,8,8,4,4,8,3,5
59919114,357,186,171,340,179,161,12,4,8,33,14,19,4,0,4,17,7,10,330,144,186,184,73,111,2,1,1,19,0,19,56,37,19,69,33,36,4,3,1
59919115,1104,570,534,1067,551,516,52,25,27,110,59,51,2,0,2,37,19,18,1322,553,769,705,266,439,4,2,2,45,0,45,177,81,96,391,204,187,14,5,9
59919116,694,371,323,668,357,311,19,6,13,91,49,42,5,0,5,26,14,12,731,322,409,407,167,240,1,1,0,32,1,31,116,50,66,175,103,72,17,11,6
59919117,948,503,445,889,477,412,41,19,22,82,44,38,5,0,5,59,26,33,950,391,559,493,202,291,1,1,0,31,1,30,171,70,101,254,117,137,26,12,14
59919119,106,51,55,104,50,54,6,1,5,7,3,4,1,0,1,2,1,1,60,28,32,33,14,19,0,0,0,3,0,3,10,6,4,14,8,6,2,1,1
59919120,430,250,180,409,237,172,14,7,7,36,17,19,2,0,2,21,13,8,376,172,204,175,75,100,1,0,1,13,0,13,57,31,26,130,66,64,4,3,1
59919121,426,227,199,416,223,193,16,8,8,54,29,25,1,0,1,10,4,6,491,216,275,231,88,143,2,1,1,21,0,21,80,38,42,157,89,68,9,4,5
59921201,680,385,295,654,371,283,18,7,11,46,26,20,4,0,4,26,14,12,644,278,366,288,126,162,1,1,0,39,0,39,113,53,60,203,98,105,10,4,6
59921202,188,102,86,175,99,76,4,2,2,16,9,7,3,0,3,13,3,10,157,76,81,70,31,39,0,0,0,4,0,4,25,12,13,58,33,25,3,3,0
0044480,0,0,0,0,0,0,0,0,0,0,0,0,0,0,0,0,0,0,0,0,0,0,0,0,0,0,0,0,0,0,0,0,0,0,0,0,0,0,0
0044560,0,0,0,0,0,0,0,0,0,0,0,0,0,0,0,0,0,0,0,0,0,0,0,0,0,0,0,0,0,0,0,0,0,0,0,0,0,0,0
3050310,0,0,0,0,0,0,0,0,0,0,0,0,0,0,0,0,0,0,0,0,0,0,0,0,0,0,0,0,0,0,0,0,0,0,0,0,0,0,0
3201290,0,0,0,0,0,0,0,0,0,0,0,0,0,0,0,0,0,0,0,0,0,0,0,0,0,0,0,0,0,0,0,0,0,0,0,0,0,0,0
59924701,13,5,8,13,5,8,0,0,0,4,2,2,1,0,1,0,0,0,14,5,9,7,3,4,0,0,0,1,0,1,2,0,2,4,2,2,0,0,0
59924702,150,85,65,147,82,65,4,3,1,10,7,3,0,0,0,3,3,0,112,45,67,46,15,31,1,1,0,6,0,6,17,7,10,42,22,20,0,0,0
59924703,80,47,33,80,47,33,3,0,3,3,3,0,1,0,1,0,0,0,39,15,24,19,5,14,0,0,0,1,0,1,7,3,4,12,7,5,0,0,0
59924704,191,104,87,181,100,81,7,5,2,16,10,6,0,0,0,10,4,6,196,85,111,86,36,50,0,0,0,14,0,14,41,22,19,55,27,28,1,0,1
59924705,29,15,14,29,15,14,2,1,1,5,3,2,0,0,0,0,0,0,35,11,24,19,4,15,0,0,0,2,0,2,5,2,3,9,5,4,0,0,0
59924706,113,60,53,110,59,51,2,0,2,9,4,5,2,0,2,3,1,2,114,45,69,58,24,34,0,0,0,6,0,6,15,7,8,35,14,21,0,0,0
59924707,337,183,154,322,175,147,11,6,5,29,14,15,3,0,3,15,8,7,256,130,126,111,57,54,0,0,0,13,1,12,43,24,19,89,48,41,0,0,0
59924709,57,33,24,56,32,24,3,0,3,6,2,4,0,0,0,1,1,0,88,39,49,53,25,28,0,0,0,4,0,4,13,4,9,18,10,8,0,0,0
59924710,437,232,205,417,220,197,17,6,11,35,14,21,1,0,1,20,12,8,405,170,235,213,86,127,0,0,0,20,0,20,71,36,35,101,48,53,5,3,2
59924711,43,25,18,42,24,18,2,1,1,6,2,4,0,0,0,1,1,0,48,18,30,29,14,15,0,0,0,3,0,3,6,0,6,10,4,6,0,0,0
59924712,747,406,341,687,375,312,35,23,12,63,31,32,2,1,1,60,31,29,704,299,405,366,145,221,2,1,1,27,0,27,104,57,47,205,96,109,2,1,1
59924713,570,311,259,530,283,247,18,8,10,51,19,32,6,0,6,40,28,12,501,222,279,223,96,127,1,0,1,26,0,26,95,50,45,156,76,80,34,24,10
59924715,57,30,27,56,30,26,2,1,1,6,5,1,0,0,0,1,0,1,44,17,27,16,8,8,0,0,0,0,0,0,5,0,5,23,9,14,0,0,0
59924716,48,24,24,45,21,24,3,2,1,4,0,4,1,0,1,3,3,0,58,32,26,32,15,17,1,1,0,1,0,1,9,6,3,15,10,5,1,1,0
59924717,427,222,205,405,212,193,20,7,13,47,20,27,4,0,4,22,10,12,484,198,286,279,101,178,1,1,0,15,0,15,58,30,28,131,66,65,7,4,3
59924718,92,55,37,89,52,37,6,4,2,8,5,3,1,0,1,3,3,0,87,39,48,33,11,22,0,0,0,7,0,7,20,12,8,27,16,11,0,0,0
59924719,287,151,136,278,149,129,12,3,9,19,13,6,1,0,1,9,2,7,245,110,135,85,35,50,0,0,0,8,0,8,31,18,13,121,57,64,1,1,0
59934401,91,50,41,88,49,39,2,2,0,6,4,2,1,0,1,3,1,2,82,40,42,39,20,19,0,0,0,4,0,4,15,9,6,24,11,13,0,0,0
59934402,710,383,327,659,350,309,25,12,13,45,14,31,10,0,10,51,33,18,561,254,307,268,106,162,3,2,1,30,0,30,108,59,49,152,87,65,36,29,7
59934403,305,174,131,296,167,129,12,6,6,18,10,8,2,0,2,9,7,2,287,127,160,110,47,63,1,1,0,19,0,19,61,32,29,96,47,49,1,0,1
59934404,450,233,217,434,227,207,16,7,9,31,14,17,7,1,6,16,6,10,444,174,270,221,74,147,2,0,2,23,0,23,75,38,37,123,62,61,2,1,1
59934405,557,300,257,544,294,250,19,8,11,50,24,26,3,0,3,13,6,7,497,227,270,238,97,141,2,2,0,19,0,19,65,36,29,173,92,81,3,0,3
59934406,63,40,23,59,37,22,1,1,0,6,5,1,0,0,0,4,3,1,52,19,33,35,13,22,0,0,0,1,0,1,5,3,2,11,3,8,0,0,0
59934408,686,376,310,662,364,298,17,6,11,46,22,24,6,0,6,24,12,12,689,276,413,383,139,244,1,1,0,38,0,38,107,57,50,160,79,81,8,6,2
59934409,45,26,19,43,25,18,2,1,1,3,3,0,0,0,0,2,1,1,34,17,17,12,6,6,0,0,0,2,0,2,8,5,3,12,6,6,0,0,0
59934410,854,483,371,797,449,348,20,8,12,72,29,43,2,1,1,57,34,23,710,317,393,383,158,225,0,0,0,29,0,29,109,63,46,189,96,93,16,10,6
59934411,1165,599,566,1112,577,535,30,12,18,98,51,47,11,0,11,53,22,31,1139,480,659,553,205,348,2,1,1,65,0,65,195,101,94,324,173,151,12,6,6
59934412,493,267,226,474,257,217,25,12,13,49,23,26,3,0,3,19,10,9,510,202,308,282,103,179,1,1,0,17,0,17,68,25,43,142,73,69,1,0,1
59934413,38,22,16,36,20,16,1,1,0,3,2,1,1,0,1,2,2,0,35,21,14,7,4,3,0,0,0,0,0,0,9,7,2,19,10,9,0,0,0
59935201,172,98,74,166,94,72,5,1,4,8,4,4,1,0,1,6,4,2,189,89,100,81,36,45,0,0,0,7,0,7,30,16,14,71,37,34,2,1,1
59935202,47,27,20,46,27,19,3,0,3,3,3,0,0,0,0,1,0,1,51,20,31,22,7,15,0,0,0,3,0,3,5,3,2,21,10,11,0,0,0
59935203,328,185,143,312,176,136,13,7,6,19,13,6,3,0,3,16,9,7,265,117,148,119,50,69,2,2,0,6,0,6,27,15,12,111,50,61,0,0,0
59935204,75,41,34,73,40,33,2,1,1,4,2,2,0,0,0,2,1,1,59,28,31,24,9,15,0,0,0,1,0,1,6,4,2,28,15,13,2,1,1
59935205,32,19,13,31,18,13,0,0,0,4,3,1,0,0,0,1,1,0,35,14,21,15,5,10,0,0,0,2,0,2,9,3,6,9,6,3,1,1,0
59935206,27,18,9,26,17,9,0,0,0,2,0,2,0,0,0,1,1,0,27,13,14,13,8,5,0,0,0,1,0,1,4,1,3,9,4,5,0,0,0
59935207,189,103,86,188,103,85,8,3,5,18,5,13,0,0,0,1,0,1,183,77,106,82,37,45,0,0,0,10,0,10,36,15,21,55,25,30,0,0,0
59935208,234,134,100,221,130,91,7,2,5,15,7,8,1,0,1,13,4,9,209,82,127,91,36,55,0,0,0,11,0,11,39,18,21,68,28,40,2,1,1
59935209,60,38,22,56,36,20,0,0,0,2,1,1,0,0,0,4,2,2,62,25,37,28,11,17,1,1,0,5,0,5,10,4,6,18,9,9,2,1,1
59935210,1359,752,607,1252,684,568,47,20,27,116,58,58,9,0,9,107,68,39,1401,599,802,789,312,477,3,1,2,51,0,51,190,99,91,368,187,181,41,21,20
59935211,57,33,24,52,29,23,0,0,0,1,1,0,0,0,0,5,4,1,78,29,49,39,15,24,0,0,0,2,0,2,7,1,6,30,13,17,0,0,0
59935212,73,44,29,70,43,27,1,0,1,3,2,1,0,0,0,3,1,2,92,41,51,41,17,24,0,0,0,5,0,5,12,5,7,34,19,15,2,1,1
59940901,827,446,381,808,437,371,29,12,17,72,30,42,8,0,8,19,9,10,778,348,430,388,169,219,0,0,0,40,0,40,120,53,67,230,126,104,9,5,4
59946801,92,44,48,83,42,41,0,0,0,5,3,2,0,0,0,9,2,7,84,34,50,29,13,16,0,0,0,5,0,5,20,6,14,30,15,15,1,0,1
59946802,157,96,61,148,92,56,7,3,4,7,4,3,1,0,1,9,4,5,160,69,91,81,35,46,0,0,0,7,0,7,22,11,11,50,23,27,0,0,0
59946803,29,15,14,28,15,13,1,0,1,1,1,0,2,0,2,1,0,1,26,11,15,13,5,8,0,0,0,1,0,1,5,2,3,7,4,3,0,0,0
59946804,504,283,221,478,267,211,23,10,13,30,12,18,6,0,6,26,16,10,472,204,268,249,101,148,1,1,0,22,0,22,80,35,45,120,67,53,20,17,3
59946806,124,78,46,121,77,44,0,0,0,5,2,3,1,0,1,3,1,2,123,50,73,36,14,22,1,1,0,8,0,8,23,9,14,55,26,29,0,0,0
59950601,220,121,99,215,119,96,9,4,5,23,14,9,0,0,0,5,2,3,211,94,117,117,47,70,1,1,0,11,0,11,36,23,13,46,23,23,1,1,0
59950602,647,351,296,626,338,288,31,13,18,46,23,23,7,0,7,21,13,8,535,248,287,228,97,131,1,1,0,23,0,23,105,60,45,178,90,88,8,6,2
0694420,0,0,0,0,0,0,0,0,0,0,0,0,0,0,0,0,0,0,0,0,0,0,0,0,0,0,0,0,0,0,0,0,0,0,0,0,0,0,0
3311470,0,0,0,0,0,0,0,0,0,0,0,0,0,0,0,0,0,0,0,0,0,0,0,0,0,0,0,0,0,0,0,0,0,0,0,0,0,0,0
59956501,392,225,167,373,214,159,17,10,7,36,16,20,5,0,5,19,11,8,395,172,223,172,68,104,3,1,2,23,0,23,79,44,35,118,59,59,1,0,1
59956502,297,173,124,290,167,123,10,8,2,25,13,12,3,0,3,7,6,1,306,143,163,145,60,85,0,0,0,17,0,17,50,27,23,94,56,38,1,1,0
59956503,1671,978,693,1556,907,649,53,25,28,121,64,57,8,0,8,115,71,44,1424,590,834,753,283,470,2,0,2,73,1,72,252,136,116,344,170,174,146,100,46
59956504,222,129,93,182,101,81,9,6,3,24,8,16,2,0,2,40,28,12,155,68,87,85,38,47,0,0,0,8,0,8,26,15,11,36,15,21,1,0,1
59956505,1134,611,523,1066,579,487,42,23,19,79,42,37,10,0,10,68,32,36,999,407,592,494,191,303,0,0,0,58,0,58,214,95,119,233,121,112,29,14,15
59956506,83,44,39,81,44,37,3,2,1,4,0,4,0,0,0,2,0,2,51,27,24,8,4,4,0,0,0,3,0,3,15,8,7,25,15,10,1,0,1
59956507,260,144,116,254,139,115,14,6,8,30,17,13,1,0,1,6,5,1,307,129,178,192,75,117,0,0,0,7,0,7,22,11,11,86,43,43,4,3,1
59956508,58,49,9,53,46,7,1,0,1,2,2,0,0,0,0,5,3,2,24,15,9,8,5,3,0,0,0,1,0,1,8,6,2,7,4,3,2,0,2
59956511,143,83,60,130,76,54,6,3,3,7,3,4,0,0,0,13,7,6,114,47,67,50,24,26,2,2,0,8,0,8,20,8,12,34,13,21,7,5,2
59956512,2896,1560,1336,2720,1480,1240,100,46,54,201,94,107,17,0,17,176,80,96,2402,1068,1334,1051,445,606,5,5,0,159,1,158,483,243,240,704,374,330,33,16,17
59956513,158,86,72,149,83,66,8,4,4,9,4,5,0,0,0,9,3,6,173,84,89,103,48,55,0,0,0,2,0,2,13,8,5,55,28,27,1,0,1
59956514,110,60,50,105,57,48,6,1,5,7,4,3,0,0,0,5,3,2,123,56,67,55,25,30,0,0,0,6,0,6,21,9,12,41,22,19,1,1,0
59956515,122,70,52,117,67,50,8,6,2,12,7,5,1,0,1,5,3,2,132,51,81,71,28,43,0,0,0,3,0,3,26,7,19,32,16,16,0,0,0
59956516,1353,696,657,1275,662,613,47,15,32,112,47,65,9,0,9,78,34,44,1432,599,833,819,313,506,1,1,0,60,0,60,192,97,95,360,188,172,11,8,3
59956517,1108,588,520,1060,564,496,38,21,17,83,43,40,14,0,14,48,24,24,872,377,495,393,158,235,2,1,1,46,0,46,172,98,74,259,120,139,15,8,7
59956518,360,194,166,349,188,161,28,11,17,20,8,12,4,0,4,11,6,5,360,162,198,160,67,93,1,1,0,10,0,10,46,23,23,143,71,72,1,0,1
59956519,375,211,164,359,199,160,18,9,9,25,15,10,4,0,4,16,12,4,325,149,176,146,65,81,1,1,0,9,0,9,55,23,32,114,60,54,1,0,1
59956520,206,111,95,203,110,93,6,2,4,11,7,4,6,0,6,3,1,2,221,103,118,82,36,46,0,0,0,8,0,8,40,19,21,91,48,43,1,1,0
59960301,32,17,15,31,16,15,2,0,2,0,0,0,0,0,0,1,1,0,36,16,20,16,7,9,0,0,0,3,0,3,5,3,2,12,6,6,1,1,0
59960302,88,47,41,86,47,39,2,2,0,5,2,3,1,0,1,2,0,2,57,26,31,23,7,16,0,0,0,1,0,1,11,7,4,22,12,10,0,0,0
59960303,645,366,279,622,353,269,14,8,6,54,30,24,1,0,1,23,13,10,649,315,334,289,126,163,2,1,1,32,1,31,96,51,45,230,136,94,5,3,2
59964601,23,14,9,22,13,9,0,0,0,3,2,1,1,0,1,1,1,0,22,10,12,14,6,8,0,0,0,0,0,0,6,3,3,2,1,1,0,0,0
59964602,177,106,71,172,103,69,2,1,1,13,6,7,4,0,4,5,3,2,148,60,88,57,29,28,1,1,0,10,0,10,41,13,28,39,17,22,3,1,2
59968901,1131,624,507,1078,600,478,36,15,21,66,32,34,13,0,13,53,24,29,1185,540,645,595,252,343,5,4,1,53,0,53,184,99,85,348,185,163,12,7,5
59968902,20,11,9,20,11,9,0,0,0,2,1,1,0,0,0,0,0,0,23,10,13,16,8,8,0,0,0,1,0,1,2,0,2,4,2,2,0,0,0
59970101,111,63,48,107,60,47,2,1,1,3,1,2,0,0,0,4,3,1,98,43,55,47,22,25,1,1,0,3,0,3,13,8,5,34,12,22,2,1,1
59970103,68,45,23,65,44,21,4,2,2,8,8,0,0,0,0,3,1,2,82,35,47,43,19,24,0,0,0,5,0,5,10,5,5,24,11,13,0,0,0
59970104,277,151,126,266,145,121,7,2,5,23,15,8,4,0,4,11,6,5,224,96,128,102,43,59,1,1,0,10,0,10,36,20,16,75,32,43,1,0,1
59970105,85,48,37,84,48,36,2,1,1,8,5,3,0,0,0,1,0,1,68,30,38,31,14,17,0,0,0,4,0,4,15,5,10,18,11,7,2,1,1
59970106,67,38,29,60,34,26,3,0,3,2,2,0,0,0,0,7,4,3,84,48,36,26,10,16,0,0,0,6,0,6,19,12,7,33,26,7,2,0,2
59970107,106,59,47,103,57,46,3,2,1,11,4,7,0,0,0,3,2,1,102,50,52,35,15,20,0,0,0,7,0,7,20,11,9,40,24,16,1,0,1
59970108,107,61,46,101,59,42,5,2,3,7,3,4,1,0,1,6,2,4,79,37,42,40,18,22,1,1,0,4,0,4,11,5,6,23,13,10,2,2,0
59970109,112,69,43,111,69,42,4,1,3,3,1,2,1,0,1,1,0,1,120,54,66,45,21,24,1,1,0,9,0,9,28,14,14,37,18,19,0,0,0
59970110,743,447,296,686,412,274,21,6,15,67,41,26,1,0,1,57,35,22,678,286,392,322,131,191,2,1,1,31,1,30,123,62,61,200,91,109,40,32,8
59970111,25,12,13,22,11,11,0,0,0,5,2,3,0,0,0,3,1,2,20,10,10,10,5,5,0,0,0,1,0,1,3,2,1,6,3,3,0,0,0
59970112,76,40,36,73,40,33,1,0,1,10,7,3,1,0,1,3,0,3,85,36,49,43,15,28,0,0,0,3,0,3,10,7,3,29,14,15,0,0,0
59970113,587,316,271,539,289,250,12,3,9,50,24,26,4,0,4,48,27,21,634,269,365,326,118,208,2,2,0,22,0,22,102,50,52,182,99,83,14,12,2
59970114,306,158,148,284,146,138,5,1,4,37,11,26,2,0,2,22,12,10,377,163,214,229,92,137,0,0,0,19,0,19,58,36,22,71,35,36,0,0,0
59970115,198,102,96,185,92,93,7,1,6,18,6,12,2,0,2,13,10,3,181,73,108,93,34,59,1,1,0,6,0,6,26,12,14,55,26,29,3,1,2
59970116,617,339,278,589,324,265,11,7,4,52,24,28,4,0,4,28,15,13,585,238,347,259,102,157,1,1,0,24,0,24,99,45,54,202,90,112,4,2,2
59970118,21,13,8,21,13,8,0,0,0,1,1,0,0,0,0,0,0,0,15,8,7,8,4,4,0,0,0,2,0,2,2,1,1,3,3,0,0,0,0
1205110,0,0,0,0,0,0,0,0,0,0,0,0,0,0,0,0,0,0,0,0,0,0,0,0,0,0,0,0,0,0,0,0,0,0,0,0,0,0,0
59974301,66,29,37,65,29,36,2,0,2,5,0,5,0,0,0,1,0,1,54,25,29,18,11,7,0,0,0,2,0,2,6,2,4,28,12,16,0,0,0
59974302,639,353,286,623,347,276,24,14,10,68,41,27,0,0,0,16,6,10,630,273,357,321,135,186,0,0,0,26,0,26,94,47,47,189,91,98,9,5,4
59974303,115,61,54,112,59,53,6,2,4,8,2,6,1,0,1,3,2,1,136,55,81,70,24,46,0,0,0,4,0,4,23,10,13,39,21,18,1,0,1
1353810,0,0,0,0,0,0,0,0,0,0,0,0,0,0,0,0,0,0,0,0,0,0,0,0,0,0,0,0,0,0,0,0,0,0,0,0,0,0,0
3051620,0,0,0,0,0,0,0,0,0,0,0,0,0,0,0,0,0,0,0,0,0,0,0,0,0,0,0,0,0,0,0,0,0,0,0,0,0,0,0
59980801,245,137,108,236,133,103,5,3,2,20,12,8,1,0,1,9,4,5,249,111,138,104,49,55,0,0,0,17,1,16,53,21,32,75,40,35,0,0,0
59980802,142,76,66,139,75,64,6,2,4,20,12,8,0,0,0,3,1,2,119,47,72,55,21,34,1,0,1,8,0,8,18,8,10,37,18,19,3,1,2
59980803,389,236,153,356,212,144,8,2,6,37,20,17,2,0,2,33,24,9,294,148,146,112,51,61,3,1,2,13,1,12,65,38,27,101,57,44,33,21,12
59980804,269,137,132,259,133,126,18,13,5,30,15,15,1,0,1,10,4,6,236,110,126,87,36,51,1,1,0,11,0,11,38,23,15,99,50,49,0,0,0
59980806,696,373,323,657,356,301,16,6,10,68,32,36,7,0,7,39,17,22,656,289,367,360,164,196,0,0,0,29,0,29,99,43,56,168,82,86,7,1,6
59980807,271,155,116,266,153,113,7,5,2,16,12,4,2,0,2,5,2,3,251,121,130,96,41,55,1,1,0,17,0,17,49,30,19,88,49,39,3,2,1
59980808,171,94,77,164,90,74,12,8,4,17,11,6,2,0,2,7,4,3,165,70,95,75,25,50,1,0,1,5,0,5,32,17,15,52,28,24,2,0,2
59980809,326,173,153,307,162,145,15,7,8,28,16,12,0,0,0,19,11,8,406,155,251,208,71,137,0,0,0,18,0,18,55,26,29,125,58,67,7,4,3
59980810,263,149,114,254,145,109,9,4,5,24,18,6,3,0,3,9,4,5,237,96,141,118,48,70,2,1,1,13,0,13,47,26,21,57,21,36,2,1,1
59980811,1212,642,570,1159,615,544,48,19,29,94,41,53,17,0,17,53,27,26,1184,481,703,666,233,433,2,1,1,56,1,55,179,98,81,281,148,133,11,5,6
59980812,22,13,9,21,13,8,2,1,1,1,1,0,0,0,0,1,0,1,20,11,9,9,4,5,0,0,0,1,0,1,5,4,1,5,3,2,0,0,0
59980813,171,93,78,168,91,77,7,2,5,12,5,7,0,0,0,3,2,1,160,76,84,71,34,37,1,1,0,5,0,5,23,12,11,60,29,31,0,0,0
59983201,832,449,383,794,434,360,29,12,17,44,20,24,8,0,8,38,15,23,763,319,444,317,141,176,1,1,0,44,0,44,143,66,77,258,111,147,17,11,6
59983202,16,8,8,15,7,8,1,0,1,3,2,1,0,0,0,1,1,0,10,4,6,8,3,5,0,0,0,0,0,0,0,0,0,2,1,1,0,0,0
59986702,429,254,175,412,246,166,16,9,7,24,14,10,5,0,5,17,8,9,426,183,243,197,78,119,1,1,0,28,0,28,71,32,39,129,72,57,5,3,2
59990501,58,31,27,56,30,26,0,0,0,3,3,0,1,0,1,2,1,1,61,27,34,25,10,15,0,0,0,4,0,4,9,5,4,23,12,11,0,0,0
59990502,76,45,31,75,44,31,0,0,0,3,1,2,0,0,0,1,1,0,61,27,34,18,10,8,0,0,0,4,0,4,10,6,4,29,11,18,1,1,0
59990503,133,72,61,127,69,58,6,3,3,4,4,0,2,0,2,6,3,3,141,64,77,49,21,28,0,0,0,7,0,7,24,15,9,61,28,33,2,0,2
59990504,142,74,68,137,72,65,9,3,6,14,6,8,0,0,0,5,2,3,107,45,62,53,22,31,0,0,0,3,0,3,17,8,9,34,15,19,0,0,0
59990505,119,65,54,117,63,54,2,1,1,10,3,7,0,0,0,2,2,0,111,56,55,51,21,30,0,0,0,7,0,7,17,10,7,36,25,11,1,0,1
59990506,122,69,53,119,68,51,3,2,1,13,6,7,0,0,0,3,1,2,108,48,60,48,20,28,0,0,0,6,0,6,14,4,10,40,24,16,0,0,0
59990507,199,106,93,195,103,92,11,2,9,10,7,3,2,0,2,4,3,1,199,86,113,80,33,47,1,1,0,7,0,7,34,16,18,77,36,41,2,1,1
59990508,207,122,85,199,115,84,9,4,5,15,8,7,1,0,1,8,7,1,192,71,121,99,40,59,0,0,0,10,0,10,26,13,13,57,18,39,5,2,3
59990509,12,6,6,12,6,6,1,0,1,2,1,1,0,0,0,0,0,0,17,9,8,14,6,8,0,0,0,0,0,0,1,1,0,2,2,0,0,0,0
59990510,366,197,169,360,193,167,19,11,8,13,8,5,2,0,2,6,4,2,373,166,207,127,45,82,2,1,1,19,1,18,60,30,30,165,89,76,2,1,1
1584020,0,0,0,0,0,0,0,0,0,0,0,0,0,0,0,0,0,0,0,0,0,0,0,0,0,0,0,0,0,0,0,0,0,0,0,0,0,0,0
1584290,0,0,0,0,0,0,0,0,0,0,0,0,0,0,0,0,0,0,0,0,0,0,0,0,0,0,0,0,0,0,0,0,0,0,0,0,0,0,0
3154350,0,0,0,0,0,0,0,0,0,0,0,0,0,0,0,0,0,0,0,0,0,0,0,0,0,0,0,0,0,0,0,0,0,0,0,0,0,0,0
3154430,0,0,0,0,0,0,0,0,0,0,0,0,0,0,0,0,0,0,0,0,0,0,0,0,0,0,0,0,0,0,0,0,0,0,0,0,0,0,0
59992101,103,56,47,95,52,43,3,1,2,10,8,2,0,0,0,8,4,4,99,41,58,55,23,32,0,0,0,3,0,3,14,8,6,27,10,17,0,0,0
59992102,21,13,8,11,7,4,0,0,0,0,0,0,0,0,0,10,6,4,21,11,10,7,3,4,0,0,0,0,0,0,9,4,5,5,4,1,2,1,1
59992103,204,126,78,194,120,74,6,5,1,12,8,4,3,0,3,10,6,4,176,80,96,73,33,40,0,0,0,7,0,7,39,22,17,57,25,32,1,0,1
59992104,1717,954,763,1603,895,708,67,33,34,116,58,58,14,0,14,114,59,55,1756,715,1041,962,375,587,5,4,1,83,0,83,273,132,141,433,204,229,65,40,25
59992105,549,300,249,524,287,237,16,10,6,52,22,30,2,0,2,25,13,12,533,224,309,277,114,163,1,1,0,23,0,23,75,35,40,157,74,83,3,1,2
59992106,356,187,169,332,179,153,11,7,4,34,19,15,2,0,2,24,8,16,429,192,237,232,91,141,1,1,0,20,0,20,59,33,26,117,67,50,4,1,3
59992107,97,53,44,93,52,41,5,2,3,6,4,2,2,1,1,4,1,3,103,47,56,59,25,34,0,0,0,3,0,3,11,5,6,30,17,13,1,1,0
59992108,700,391,309,677,379,298,24,12,12,53,27,26,6,0,6,23,12,11,693,311,382,324,136,188,1,0,1,22,0,22,113,53,60,233,122,111,4,1,3
59992109,123,63,60,120,62,58,7,4,3,10,6,4,1,0,1,3,1,2,90,32,58,42,18,24,0,0,0,4,0,4,11,2,9,33,12,21,0,0,0
59992110,589,316,273,563,306,257,21,9,12,46,22,24,7,0,7,26,10,16,542,245,297,281,118,163,1,1,0,28,0,28,91,45,46,141,81,60,0,0,0
59993001,94,50,44,90,48,42,2,1,1,5,3,2,2,0,2,4,2,2,103,56,47,44,22,22,0,0,0,3,0,3,20,14,6,36,20,16,3,0,3
59993002,1025,573,452,988,554,434,28,8,20,65,34,31,6,0,6,37,19,18,992,413,579,455,186,269,1,0,1,59,1,58,168,72,96,309,154,155,13,5,8
59993003,166,95,71,162,95,67,7,4,3,13,7,6,4,0,4,4,0,4,143,62,81,75,37,38,0,0,0,10,0,10,27,10,17,31,15,16,2,2,0
1640890,0,0,0,0,0,0,0,0,0,0,0,0,0,0,0,0,0,0,0,0,0,0,0,0,0,0,0,0,0,0,0,0,0,0,0,0,0,0,0
59994801,594,325,269,556,303,253,18,12,6,36,24,12,6,0,6,38,22,16,647,265,382,317,123,194,1,1,0,32,0,32,111,54,57,186,87,99,10,8,2
59994802,86,48,38,85,48,37,2,1,1,14,10,4,0,0,0,1,0,1,101,41,60,47,19,28,1,1,0,5,0,5,13,6,7,35,15,20,0,0,0
59994803,924,518,406,895,500,395,38,17,21,76,38,38,4,0,4,29,18,11,966,440,526,499,214,285,2,2,0,33,0,33,140,67,73,292,157,135,13,8,5
59995601,750,424,326,722,409,313,24,8,16,60,28,32,3,0,3,28,15,13,793,350,443,341,143,198,2,1,1,47,0,47,139,72,67,264,134,130,11,7,4
59995602,126,67,59,124,66,58,7,2,5,7,4,3,3,0,3,2,1,1,105,49,56,33,16,17,1,1,0,5,0,5,24,8,16,42,24,18,1,0,1
59995603,15,6,9,14,6,8,1,0,1,0,0,0,0,0,0,1,0,1,12,5,7,11,5,6,0,0,0,0,0,0,0,0,0,1,0,1,0,0,0
59996401,45,29,16,43,28,15,2,1,1,7,5,2,0,0,0,2,1,1,48,15,33,26,11,15,0,0,0,4,0,4,8,1,7,10,3,7,0,0,0
59996402,445,254,191,437,249,188,16,7,9,30,19,11,1,0,1,8,5,3,422,176,246,168,66,102,0,0,0,20,0,20,83,38,45,151,72,79,2,1,1
59999902,785,457,328,768,446,322,25,11,14,75,44,31,6,0,6,17,11,6,757,340,417,311,126,185,1,1,0,38,0,38,136,77,59,271,136,135,12,7,5
59999903,220,119,101,211,114,97,5,1,4,20,9,11,3,0,3,9,5,4,192,79,113,79,36,43,0,0,0,14,0,14,41,17,24,58,26,32,0,0,0
59999904,94,55,39,92,54,38,4,4,0,10,7,3,2,0,2,2,1,1,81,36,45,40,21,19,0,0,0,4,0,4,18,7,11,19,8,11,1,0,1
59999905,205,105,100,198,103,95,13,4,9,22,14,8,2,0,2,7,2,5,206,98,108,85,34,51,0,0,0,10,0,10,31,19,12,80,45,35,1,0,1
55535501,132,72,60,127,69,58,4,1,3,10,7,3,1,0,1,5,3,2,113,50,63,50,23,27,1,0,1,6,0,6,20,11,9,36,16,20,1,1,0
55535502,486,258,228,468,247,221,12,2,10,56,28,28,6,0,6,18,11,7,443,189,254,215,77,138,0,0,0,20,0,20,76,43,33,132,69,63,4,3,1
55535503,13,7,6,13,7,6,1,0,1,1,1,0,0,0,0,0,0,0,10,5,5,5,2,3,0,0,0,0,0,0,2,1,1,3,2,1,1,1,0
55535505,61,34,27,60,33,27,1,1,0,7,3,4,1,0,1,1,1,0,57,23,34,32,13,19,0,0,0,4,0,4,12,6,6,9,4,5,2,1,1
1119020,0,0,0,0,0,0,0,0,0,0,0,0,0,0,0,0,0,0,0,0,0,0,0,0,0,0,0,0,0,0,0,0,0,0,0,0,0,0,0
55533901,876,475,401,855,461,394,39,17,22,84,57,27,8,0,8,21,14,7,774,345,429,363,148,215,1,0,1,32,0,32,112,58,54,266,139,127,4,2,2
55533902,29,20,9,29,20,9,0,0,0,5,4,1,0,0,0,0,0,0,26,11,15,13,6,7,0,0,0,3,0,3,6,3,3,4,2,2,1,1,0
55543601,158,90,68,156,89,67,6,3,3,11,7,4,1,0,1,2,1,1,146,64,82,55,28,27,1,1,0,7,0,7,27,10,17,56,25,31,1,1,0
1117080,0,0,0,0,0,0,0,0,0,0,0,0,0,0,0,0,0,0,0,0,0,0,0,0,0,0,0,0,0,0,0,0,0,0,0,0,0,0,0
1117410,0,0,0,0,0,0,0,0,0,0,0,0,0,0,0,0,0,0,0,0,0,0,0,0,0,0,0,0,0,0,0,0,0,0,0,0,0,0,0
1117830,0,0,0,0,0,0,0,0,0,0,0,0,0,0,0,0,0,0,0,0,0,0,0,0,0,0,0,0,0,0,0,0,0,0,0,0,0,0,0
1118210,0,0,0,0,0,0,0,0,0,0,0,0,0,0,0,0,0,0,0,0,0,0,0,0,0,0,0,0,0,0,0,0,0,0,0,0,0,0,0
55532101,372,184,188,359,179,180,21,11,10,55,28,27,4,0,4,13,5,8,295,131,164,166,67,99,2,1,1,4,0,4,21,11,10,102,52,50,1,1,0
55532102,794,420,374,771,408,363,42,22,20,69,36,33,11,0,11,23,12,11,715,334,381,345,145,200,2,1,1,25,0,25,102,55,47,241,133,108,5,2,3
55532104,3639,1857,1782,3473,1768,1705,130,49,81,315,162,153,28,0,28,166,89,77,2918,1201,1717,1506,559,947,7,4,3,129,2,127,470,223,247,806,413,393,43,21,22
55532105,1480,758,722,1402,720,682,54,22,32,140,58,82,15,0,15,78,38,40,1548,634,914,914,349,565,0,0,0,64,0,64,195,103,92,375,182,193,26,16,10
55532106,623,338,285,587,319,268,31,14,17,58,33,25,7,0,7,36,19,17,608,262,346,262,111,151,2,2,0,29,0,29,107,49,58,208,100,108,9,5,4
55532107,10,4,6,10,4,6,0,0,0,1,0,1,0,0,0,0,0,0,24,11,13,18,10,8,0,0,0,0,0,0,2,0,2,4,1,3,0,0,0
55532109,409,217,192,397,212,185,27,12,15,44,21,23,2,0,2,12,5,7,392,184,208,202,85,117,1,1,0,12,0,12,53,27,26,124,71,53,1,0,1
55532110,554,271,283,537,259,278,38,17,21,66,35,31,2,0,2,17,12,5,509,220,289,301,111,190,0,0,0,9,0,9,45,27,18,154,82,72,2,2,0
55532111,2116,1127,989,2055,1092,963,95,48,47,206,107,99,16,0,16,61,35,26,1935,824,1111,892,346,546,3,1,2,85,1,84,299,150,149,656,326,330,16,7,9
55532112,756,398,358,727,385,342,35,19,16,112,51,61,7,0,7,29,13,16,769,337,432,473,202,271,0,0,0,26,0,26,106,46,60,164,89,75,11,4,7
55532113,423,217,206,412,210,202,20,7,13,44,23,21,1,0,1,11,7,4,412,177,235,184,72,112,1,1,0,13,1,12,49,21,28,165,82,83,1,1,0
55532114,466,251,215,453,242,211,25,17,8,66,33,33,2,0,2,13,9,4,405,183,222,209,88,121,2,1,1,15,1,14,52,28,24,127,65,62,1,1,0
55532115,1868,1084,784,1657,940,717,69,31,38,111,58,53,16,0,16,211,144,67,1374,605,769,626,259,367,6,4,2,61,0,61,265,135,130,416,207,209,243,183,60
55532116,432,242,190,381,202,179,14,11,3,36,20,16,0,0,0,51,40,11,600,253,347,399,178,221,1,0,1,16,0,16,58,21,37,126,54,72,6,4,2
55532117,97,52,45,94,51,43,8,2,6,6,6,0,2,0,2,3,1,2,110,49,61,43,20,23,1,1,0,9,0,9,21,9,12,36,19,17,0,0,0
55532118,15,9,6,15,9,6,1,1,0,2,1,1,1,0,1,0,0,0,18,3,15,6,1,5,0,0,0,1,0,1,4,0,4,7,2,5,0,0,0
55532119,2329,1238,1091,2221,1177,1044,118,56,62,192,85,107,20,0,20,108,61,47,1977,857,1120,1026,421,605,3,3,0,104,0,104,349,187,162,495,246,249,46,22,24
55532120,1147,615,532,1093,579,514,55,20,35,107,54,53,5,0,5,54,36,18,1062,417,645,568,198,370,4,3,1,45,0,45,176,76,100,269,140,129,20,13,7
55532121,940,507,433,900,483,417,40,18,22,71,38,33,10,0,10,40,24,16,1038,386,652,631,204,427,2,1,1,39,1,38,145,72,73,221,108,113,28,21,7
55532122,1380,721,659,1331,690,641,75,27,48,132,66,66,15,0,15,49,31,18,1533,624,909,809,309,500,3,2,1,64,0,64,220,105,115,437,208,229,16,7,9
55532124,38,17,21,38,17,21,0,0,0,4,1,3,0,0,0,0,0,0,28,12,16,13,6,7,0,0,0,0,0,0,3,2,1,12,4,8,0,0,0
55532125,1336,631,705,1282,610,672,63,29,34,96,45,51,7,0,7,54,21,33,1145,462,683,422,158,264,2,1,1,53,0,53,291,103,188,377,200,177,30,18,12
55532126,1148,592,556,1063,549,514,45,15,30,111,60,51,7,0,7,85,43,42,1070,451,619,589,215,374,4,2,2,43,0,43,164,88,76,270,146,124,28,19,9
55532127,1024,543,481,982,517,465,55,25,30,132,57,75,10,0,10,42,26,16,1063,443,620,557,204,353,1,0,1,46,0,46,163,85,78,296,154,142,18,6,12
55532128,749,391,358,678,364,314,32,12,20,48,30,18,5,0,5,71,27,44,708,311,397,296,120,176,6,4,2,34,0,34,140,65,75,232,122,110,16,8,8
55532129,551,294,257,520,277,243,38,17,21,41,21,20,1,0,1,31,17,14,460,174,286,217,71,146,2,2,0,30,0,30,83,40,43,128,61,67,6,4,2
55540101,69,41,28,66,41,25,4,2,2,3,3,0,0,0,0,3,0,3,85,33,52,44,18,26,0,0,0,6,0,6,13,7,6,22,8,14,1,0,1
55540102,229,128,101,226,126,100,7,4,3,12,7,5,4,0,4,3,2,1,193,86,107,99,41,58,0,0,0,8,0,8,31,18,13,55,27,28,1,1,0
55540103,71,37,34,71,37,34,3,2,1,2,1,1,0,0,0,0,0,0,70,29,41,25,12,13,0,0,0,3,0,3,13,5,8,29,12,17,0,0,0
55540104,22,13,9,22,13,9,0,0,0,4,2,2,1,0,1,0,0,0,12,6,6,4,2,2,0,0,0,1,0,1,6,3,3,1,1,0,1,0,1
55537101,541,296,245,525,286,239,20,10,10,41,18,23,1,0,1,16,10,6,491,210,281,240,94,146,1,1,0,24,1,23,75,39,36,151,75,76,2,2,0
3054210,0,0,0,0,0,0,0,0,0,0,0,0,0,0,0,0,0,0,0,0,0,0,0,0,0,0,0,0,0,0,0,0,0,0,0,0,0,0,0
3054480,0,0,0,0,0,0,0,0,0,0,0,0,0,0,0,0,0,0,0,0,0,0,0,0,0,0,0,0,0,0,0,0,0,0,0,0,0,0,0
55670001,59,33,26,59,33,26,3,1,2,5,2,3,0,0,0,0,0,0,51,27,24,17,12,5,0,0,0,6,0,6,11,6,5,17,9,8,0,0,0
55670002,83,47,36,82,47,35,3,1,2,4,2,2,0,0,0,1,0,1,77,33,44,45,17,28,0,0,0,1,0,1,11,7,4,20,9,11,1,1,0
55670003,392,211,181,384,206,178,13,4,9,22,9,13,4,0,4,8,5,3,342,147,195,147,60,87,1,1,0,21,0,21,64,29,35,109,57,52,1,1,0
55670004,16,9,7,16,9,7,1,1,0,0,0,0,0,0,0,0,0,0,14,8,6,10,5,5,0,0,0,0,0,0,0,0,0,4,3,1,0,0,0
55670005,118,67,51,112,65,47,5,3,2,10,6,4,3,0,3,6,2,4,119,52,67,57,25,32,0,0,0,4,0,4,19,9,10,39,18,21,0,0,0
55670006,24,14,10,24,14,10,0,0,0,1,1,0,1,0,1,0,0,0,20,10,10,5,2,3,0,0,0,4,0,4,6,5,1,5,3,2,0,0,0
55546101,81,47,34,78,46,32,4,2,2,3,1,2,1,0,1,3,1,2,93,43,50,42,18,24,1,0,1,5,0,5,16,8,8,29,17,12,0,0,0
55546102,106,60,46,101,57,44,2,1,1,13,6,7,1,0,1,5,3,2,105,45,60,53,24,29,0,0,0,4,0,4,11,5,6,37,16,21,0,0,0
55541001,187,102,85,183,100,83,7,2,5,14,10,4,0,0,0,4,2,2,143,66,77,61,24,37,0,0,0,3,0,3,21,8,13,58,34,24,3,1,2
50619201,878,488,390,854,474,380,41,20,21,55,22,33,4,0,4,24,14,10,822,354,468,328,137,191,2,1,1,57,1,56,155,78,77,280,137,143,6,2,4
50621401,1884,1040,844,1826,1011,815,61,24,37,124,69,55,16,0,16,58,29,29,1782,763,1019,806,329,477,2,2,0,87,0,87,314,162,152,573,270,303,23,10,13
50621402,348,192,156,340,186,154,14,4,10,27,18,9,2,0,2,8,6,2,335,149,186,162,64,98,0,0,0,19,0,19,49,29,20,105,56,49,2,0,2
50632001,455,263,192,442,256,186,19,11,8,46,26,20,4,0,4,13,7,6,399,179,220,189,84,105,1,0,1,15,0,15,52,23,29,142,72,70,12,6,6
50632002,14,9,5,14,9,5,0,0,0,2,1,1,0,0,0,0,0,0,8,4,4,5,3,2,0,0,0,0,0,0,1,0,1,2,1,1,0,0,0
50632003,10,4,6,10,4,6,0,0,0,2,1,1,0,0,0,0,0,0,12,5,7,6,2,4,0,0,0,0,0,0,2,0,2,4,3,1,2,1,1
50632004,37,19,18,35,18,17,0,0,0,5,4,1,0,0,0,2,1,1,42,21,21,11,5,6,0,0,0,3,0,3,11,8,3,17,8,9,1,0,1
50632005,164,80,84,159,78,81,6,1,5,10,5,5,1,0,1,5,2,3,161,79,82,75,35,40,0,0,0,7,0,7,27,15,12,52,29,23,0,0,0
50632007,87,51,36,83,49,34,1,0,1,6,5,1,0,0,0,4,2,2,59,30,29,29,13,16,0,0,0,1,0,1,7,4,3,22,13,9,1,0,1
50645101,251,134,117,244,130,114,8,1,7,18,14,4,0,0,0,7,4,3,232,116,116,112,55,57,0,0,0,8,0,8,32,20,12,80,41,39,6,3,3
50645102,56,37,19,54,36,18,1,0,1,5,4,1,0,0,0,2,1,1,53,23,30,29,13,16,0,0,0,3,0,3,8,3,5,13,7,6,0,0,0
50645103,82,47,35,81,47,34,4,0,4,5,3,2,0,0,0,1,0,1,89,35,54,39,15,24,0,0,0,7,0,7,15,7,8,28,13,15,0,0,0
50645104,149,80,69,144,78,66,9,1,8,10,6,4,0,0,0,5,2,3,142,63,79,58,21,37,1,0,1,5,0,5,24,15,9,54,27,27,2,2,0
50645105,140,84,56,140,84,56,5,2,3,7,4,3,1,0,1,0,0,0,121,58,63,52,24,28,0,0,0,3,0,3,15,8,7,51,26,25,0,0,0
0155470,0,0,0,0,0,0,0,0,0,0,0,0,0,0,0,0,0,0,0,0,0,0,0,0,0,0,0,0,0,0,0,0,0,0,0,0,0,0,0
1983740,0,0,0,0,0,0,0,0,0,0,0,0,0,0,0,0,0,0,0,0,0,0,0,0,0,0,0,0,0,0,0,0,0,0,0,0,0,0,0
3305580,0,0,0,0,0,0,0,0,0,0,0,0,0,0,0,0,0,0,0,0,0,0,0,0,0,0,0,0,0,0,0,0,0,0,0,0,0,0,0
50646001,1066,594,472,951,532,419,36,17,19,95,58,37,6,0,6,115,62,53,1314,559,755,677,261,416,1,0,1,50,0,50,228,120,108,358,178,180,27,15,12
50646002,34,20,14,30,16,14,3,2,1,3,0,3,0,0,0,4,4,0,44,21,23,30,16,14,0,0,0,2,0,2,7,4,3,5,1,4,0,0,0
50646003,88,46,42,81,43,38,2,1,1,10,3,7,0,0,0,7,3,4,100,53,47,46,21,25,1,0,1,4,0,4,17,12,5,32,20,12,2,2,0
50646004,62,34,28,57,32,25,3,1,2,5,1,4,0,0,0,5,2,3,47,15,32,24,8,16,0,0,0,2,0,2,10,1,9,11,6,5,0,0,0
50646005,18,10,8,18,10,8,0,0,0,2,2,0,0,0,0,0,0,0,18,8,10,11,5,6,1,0,1,0,0,0,3,2,1,3,1,2,0,0,0
50670201,13,8,5,13,8,5,0,0,0,0,0,0,0,0,0,0,0,0,14,6,8,6,3,3,0,0,0,1,0,1,1,0,1,6,3,3,0,0,0
50670202,1652,892,760,1602,868,734,57,22,35,146,73,73,19,0,19,50,24,26,1480,651,829,772,313,459,1,1,0,58,0,58,208,102,106,441,235,206,35,21,14
50670204,370,204,166,358,199,159,15,7,8,33,16,17,2,0,2,12,5,7,321,140,181,149,65,84,0,0,0,23,0,23,62,32,30,87,43,44,3,0,3
50675301,671,380,291,648,365,283,26,13,13,61,37,24,2,0,2,23,15,8,575,241,334,293,106,187,1,0,1,27,0,27,92,41,51,162,94,68,8,5,3
50675302,252,131,121,242,129,113,9,4,5,30,11,19,0,0,0,10,2,8,316,128,188,189,70,119,1,1,0,7,0,7,37,24,13,82,33,49,3,1,2
50675303,175,92,83,171,89,82,7,2,5,14,8,6,1,0,1,4,3,1,183,81,102,98,44,54,1,0,1,7,1,6,26,14,12,51,22,29,7,4,3
50675304,160,90,70,155,87,68,8,4,4,20,14,6,0,0,0,5,3,2,156,60,96,78,29,49,1,0,1,9,0,9,21,8,13,47,23,24,2,1,1
50675305,299,157,142,287,150,137,14,4,10,27,14,13,2,0,2,12,7,5,295,126,169,168,67,101,1,1,0,10,0,10,36,15,21,80,43,37,1,1,0
50675306,42,22,20,42,22,20,4,3,1,9,4,5,1,0,1,0,0,0,33,13,20,18,7,11,0,0,0,1,0,1,2,0,2,12,6,6,1,1,0
0397480,0,0,0,0,0,0,0,0,0,0,0,0,0,0,0,0,0,0,0,0,0,0,0,0,0,0,0,0,0,0,0,0,0,0,0,0,0,0,0
0398530,0,0,0,0,0,0,0,0,0,0,0,0,0,0,0,0,0,0,0,0,0,0,0,0,0,0,0,0,0,0,0,0,0,0,0,0,0,0,0
0398880,0,0,0,0,0,0,0,0,0,0,0,0,0,0,0,0,0,0,0,0,0,0,0,0,0,0,0,0,0,0,0,0,0,0,0,0,0,0,0
3154860,0,0,0,0,0,0,0,0,0,0,0,0,0,0,0,0,0,0,0,0,0,0,0,0,0,0,0,0,0,0,0,0,0,0,0,0,0,0,0
50701601,687,370,317,661,356,305,34,14,20,53,31,22,4,0,4,26,14,12,606,270,336,307,120,187,2,1,1,25,0,25,76,49,27,196,100,96,2,0,2
50701603,667,374,293,647,359,288,19,10,9,46,24,22,7,0,7,20,15,5,640,258,382,315,125,190,1,0,1,28,1,27,88,33,55,208,99,109,4,2,2
50701604,30,19,11,29,19,10,3,2,1,5,2,3,0,0,0,1,0,1,16,8,8,11,5,6,0,0,0,0,0,0,0,0,0,5,3,2,0,0,0
50701605,258,141,117,248,135,113,12,7,5,15,9,6,2,0,2,10,6,4,242,108,134,119,47,72,0,0,0,10,0,10,32,16,16,81,45,36,3,1,2
50701606,45,24,21,45,24,21,4,3,1,6,4,2,0,0,0,0,0,0,40,15,25,25,11,14,0,0,0,1,0,1,4,0,4,10,4,6,0,0,0
50701607,438,240,198,425,235,190,17,6,11,41,23,18,5,0,5,13,5,8,426,169,257,224,86,138,0,0,0,23,0,23,65,34,31,114,49,65,3,2,1
50701608,886,488,398,832,461,371,31,10,21,88,44,44,5,0,5,54,27,27,798,323,475,452,170,282,5,3,2,32,1,31,124,58,66,185,91,94,11,7,4
50701610,13,7,6,13,7,6,2,1,1,2,1,1,0,0,0,0,0,0,112,20,92,103,16,87,0,0,0,3,0,3,4,3,1,2,1,1,0,0,0
50701611,952,498,454,911,479,432,54,33,21,84,40,44,7,0,7,41,19,22,976,398,578,509,189,320,4,1,3,41,0,41,163,92,71,259,116,143,9,3,6
50701612,116,60,56,114,58,56,8,4,4,12,7,5,1,0,1,2,2,0,115,50,65,56,23,33,0,0,0,6,0,6,21,9,12,32,18,14,1,1,0
50701613,40,21,19,40,21,19,1,1,0,3,1,2,0,0,0,0,0,0,34,16,18,10,6,4,0,0,0,4,0,4,10,6,4,10,4,6,0,0,0
50701614,227,124,103,221,121,100,10,6,4,14,9,5,1,0,1,6,3,3,218,87,131,105,41,64,0,0,0,8,0,8,32,17,15,73,29,44,0,0,0
50701615,895,492,403,864,475,389,44,27,17,97,50,47,7,0,7,31,17,14,947,398,549,531,205,326,0,0,0,29,1,28,107,48,59,280,144,136,7,3,4
50701616,1051,588,463,989,548,441,43,20,23,89,48,41,11,1,10,62,40,22,866,366,500,388,152,236,3,2,1,37,0,37,150,75,75,288,137,151,72,56,16
50701617,592,312,280,573,302,271,26,9,17,63,38,25,1,0,1,19,10,9,587,264,323,316,140,176,2,1,1,25,1,24,84,35,49,160,87,73,2,1,1
50710501,460,251,209,444,245,199,19,7,12,37,22,15,5,0,5,16,6,10,494,223,271,237,99,138,1,0,1,25,0,25,81,41,40,150,83,67,7,4,3
50711301,345,198,147,338,193,145,11,7,4,24,19,5,3,0,3,7,5,2,342,138,204,175,69,106,1,0,1,19,0,19,60,26,34,87,43,44,3,2,1
50711302,65,37,28,63,35,28,1,0,1,7,5,2,1,0,1,2,2,0,77,32,45,34,15,19,0,0,0,6,0,6,14,5,9,23,12,11,1,0,1
50711303,209,109,100,204,105,99,13,2,11,15,6,9,2,0,2,5,4,1,175,85,90,82,39,43,0,0,0,11,0,11,36,22,14,46,24,22,2,1,1
50711304,48,28,20,44,26,18,0,0,0,8,4,4,0,0,0,4,2,2,46,20,26,19,5,14,0,0,0,1,0,1,7,3,4,19,12,7,0,0,0
50726101,367,206,161,362,204,158,18,12,6,43,24,19,4,0,4,5,2,3,333,134,199,144,61,83,0,0,0,19,1,18,54,25,29,116,47,69,4,2,2
50726102,124,65,59,120,63,57,3,2,1,66,39,27,2,0,2,4,2,2,267,134,133,231,121,110,0,0,0,2,0,2,15,8,7,19,5,14,2,1,1
50726103,61,31,30,59,29,30,1,1,0,7,3,4,0,0,0,2,2,0,60,31,29,32,15,17,0,0,0,2,0,2,6,3,3,20,13,7,0,0,0
50727001,18,9,9,17,8,9,0,0,0,1,1,0,0,0,0,1,1,0,9,2,7,6,2,4,0,0,0,0,0,0,2,0,2,1,0,1,0,0,0
50727002,99,59,40,99,59,40,2,1,1,12,6,6,1,0,1,0,0,0,113,43,70,50,16,34,0,0,0,6,0,6,19,8,11,38,19,19,0,0,0
50727003,172,99,73,165,98,67,3,1,2,16,14,2,1,0,1,7,1,6,160,63,97,64,21,43,0,0,0,11,0,11,32,15,17,53,27,26,1,1,0
50727005,125,71,54,121,69,52,0,0,0,5,2,3,2,0,2,4,2,2,121,49,72,50,23,27,0,0,0,7,0,7,25,13,12,39,13,26,0,0,0
50727006,40,21,19,38,20,18,2,1,1,5,2,3,0,0,0,2,1,1,36,15,21,15,5,10,0,0,0,2,0,2,8,6,2,11,4,7,1,0,1
50727007,1421,771,650,1390,759,631,67,32,35,138,85,53,10,1,9,31,12,19,1374,593,781,682,270,412,2,1,1,53,0,53,201,108,93,436,214,222,19,14,5
50727009,154,88,66,149,85,64,6,6,0,19,9,10,3,0,3,5,3,2,162,72,90,77,33,44,0,0,0,7,0,7,27,13,14,51,26,25,1,0,1
50727010,246,129,117,240,126,114,10,4,6,15,9,6,1,0,1,6,3,3,243,103,140,113,45,68,0,0,0,12,0,12,47,23,24,71,35,36,2,1,1
50727011,393,221,172,384,215,169,11,3,8,27,15,12,0,0,0,9,6,3,369,143,226,159,63,96,0,0,0,30,0,30,72,38,34,108,42,66,5,4,1
50733401,30,18,12,29,18,11,2,1,1,5,4,1,0,0,0,1,0,1,30,10,20,16,4,12,0,0,0,3,0,3,4,3,1,7,3,4,0,0,0
50733402,569,307,262,540,295,245,15,7,8,56,38,18,2,0,2,29,12,17,540,242,298,266,110,156,2,1,1,25,0,25,70,35,35,177,96,81,9,6,3
0450470,0,0,0,0,0,0,0,0,0,0,0,0,0,0,0,0,0,0,0,0,0,0,0,0,0,0,0,0,0,0,0,0,0,0,0,0,0,0,0
0450550,0,0,0,0,0,0,0,0,0,0,0,0,0,0,0,0,0,0,0,0,0,0,0,0,0,0,0,0,0,0,0,0,0,0,0,0,0,0,0
50737701,99,51,48,93,50,43,1,0,1,11,5,6,0,0,0,6,1,5,97,44,53,35,16,19,0,0,0,6,0,6,19,4,15,37,24,13,4,2,2
50737702,29,15,14,28,15,13,0,0,0,0,0,0,0,0,0,1,0,1,20,8,12,7,4,3,0,0,0,2,0,2,4,1,3,7,3,4,0,0,0
50737703,98,59,39,91,56,35,0,0,0,10,5,5,1,0,1,7,3,4,143,70,73,98,44,54,1,0,1,7,0,7,19,13,6,18,13,5,0,0,0
50737704,11,8,3,11,8,3,1,1,0,0,0,0,0,0,0,0,0,0,23,11,12,17,10,7,0,0,0,1,0,1,1,0,1,4,1,3,0,0,0
50737705,68,37,31,65,35,30,1,0,1,4,2,2,0,0,0,3,2,1,69,34,35,41,22,19,0,0,0,3,0,3,12,7,5,13,5,8,2,1,1
50737706,184,108,76,173,102,71,8,4,4,16,12,4,0,0,0,11,6,5,163,78,85,86,35,51,0,0,0,5,0,5,26,14,12,46,29,17,9,6,3
50750401,1652,929,723,1610,907,703,66,31,35,111,61,50,15,0,15,42,22,20,1463,619,844,661,276,385,3,0,3,73,0,73,248,121,127,478,222,256,22,13,9
50758001,159,85,74,152,80,72,3,2,1,12,6,6,1,0,1,7,5,2,162,74,88,64,29,35,3,2,1,8,0,8,35,15,20,52,28,24,1,1,0
50758002,829,443,386,809,435,374,38,14,24,60,37,23,9,0,9,20,8,12,799,363,436,352,150,202,0,0,0,39,0,39,139,80,59,269,133,136,2,0,2
50758003,11,6,5,11,6,5,0,0,0,1,1,0,0,0,0,0,0,0,9,4,5,6,3,3,0,0,0,1,0,1,1,0,1,1,1,0,0,0,0
50758004,2320,1299,1021,2202,1226,976,80,38,42,170,90,80,16,0,16,118,73,45,2213,951,1262,1077,426,651,3,3,0,110,0,110,372,191,181,651,331,320,32,20,12
50792001,36,22,14,36,22,14,0,0,0,7,6,1,0,0,0,0,0,0,44,19,25,18,5,13,0,0,0,1,0,1,9,4,5,16,10,6,2,2,0
50792002,46,27,19,45,26,19,2,2,0,4,1,3,1,0,1,1,1,0,26,9,17,10,3,7,0,0,0,2,0,2,5,1,4,9,5,4,0,0,0
50792003,352,192,160,330,177,153,17,4,13,25,13,12,2,0,2,22,15,7,428,187,241,226,92,134,3,2,1,15,0,15,56,27,29,128,66,62,2,2,0
50797101,2206,1196,1010,2135,1160,975,109,43,66,187,111,76,20,0,20,71,36,35,2085,912,1173,1054,416,638,4,3,1,80,0,80,328,177,151,619,316,303,23,13,10
50797102,264,147,117,254,144,110,14,7,7,25,14,11,3,0,3,10,3,7,246,111,135,98,42,56,1,1,0,13,0,13,44,19,25,90,49,41,3,1,2
50812801,1124,629,495,1088,607,481,57,31,26,85,46,39,4,0,4,36,22,14,977,429,548,374,150,224,5,2,3,52,0,52,215,95,120,331,182,149,20,7,13
50814401,303,176,127,292,172,120,9,5,4,28,14,14,2,0,2,11,4,7,342,146,196,164,68,96,1,0,1,11,0,11,51,24,27,115,54,61,7,5,2
50837301,564,300,264,552,293,259,17,8,9,41,19,22,0,0,0,12,7,5,529,246,283,237,97,140,1,0,1,17,1,16,80,46,34,194,102,92,3,1,2
50957401,702,396,306,684,386,298,26,14,12,45,31,14,6,0,6,18,10,8,674,272,402,292,109,183,0,0,0,39,0,39,102,49,53,241,114,127,7,5,2
50961201,687,369,318,668,358,310,29,13,16,54,28,26,6,0,6,19,11,8,655,281,374,285,112,173,1,1,0,43,0,43,121,55,66,205,113,92,11,8,3
50961202,18,10,8,17,9,8,0,0,0,2,1,1,0,0,0,1,1,0,22,9,13,8,3,5,0,0,0,1,0,1,2,0,2,11,6,5,0,0,0
50964701,986,547,439,959,536,423,52,20,32,90,49,41,3,0,3,27,11,16,945,401,544,511,204,307,0,0,0,41,0,41,136,62,74,257,135,122,15,11,4
50964702,17,10,7,16,9,7,1,0,1,1,1,0,0,0,0,1,1,0,17,8,9,8,3,5,0,0,0,1,0,1,4,2,2,4,3,1,0,0,0
50964703,10,8,2,10,8,2,0,0,0,1,1,0,0,0,0,0,0,0,21,7,14,11,5,6,0,0,0,3,0,3,5,1,4,2,1,1,0,0,0
50973601,674,375,299,657,366,291,36,18,18,68,35,33,5,0,5,17,9,8,648,263,385,318,114,204,3,1,2,35,0,35,110,50,60,182,98,84,10,9,1
50984101,567,304,263,552,294,258,25,15,10,35,19,16,5,0,5,15,10,5,568,267,301,229,92,137,1,1,0,20,0,20,99,56,43,219,118,101,7,4,3
51013101,138,77,61,137,77,60,2,0,2,12,8,4,2,0,2,1,0,1,149,62,87,72,32,40,0,0,0,9,0,9,26,9,17,42,21,21,0,0,0
51013103,335,188,147,324,180,144,12,7,5,32,17,15,3,0,3,11,8,3,353,158,195,163,75,88,0,0,0,18,0,18,60,28,32,112,55,57,4,3,1
51028901,1018,547,471,992,534,458,47,20,27,79,44,35,8,0,8,26,13,13,923,425,498,399,153,246,3,1,2,38,0,38,154,91,63,329,180,149,11,5,6
51028902,43,19,24,43,19,24,2,0,2,0,0,0,0,0,0,0,0,0,37,18,19,8,2,6,1,1,0,0,0,0,6,3,3,22,12,10,1,0,1
51029701,365,203,162,353,197,156,17,10,7,24,12,12,8,0,8,12,6,6,309,127,182,131,45,86,1,0,1,17,1,16,61,26,35,99,55,44,9,6,3
51029702,65,37,28,64,37,27,2,1,1,7,5,2,0,0,0,1,0,1,62,22,40,28,12,16,0,0,0,4,0,4,11,1,10,19,9,10,0,0,0
51034301,137,71,66,133,69,64,4,0,4,6,4,2,0,0,0,4,2,2,133,67,66,44,20,24,0,0,0,9,0,9,31,18,13,49,29,20,1,1,0
51034302,55,35,20,53,34,19,3,2,1,3,2,1,0,0,0,2,1,1,50,29,21,21,10,11,0,0,0,4,0,4,8,6,2,17,13,4,0,0,0
51034303,76,40,36,74,39,35,3,1,2,5,3,2,2,0,2,2,1,1,58,31,27,26,14,12,0,0,0,2,0,2,12,8,4,18,9,9,0,0,0
51034304,449,249,200,437,243,194,26,10,16,33,16,17,3,0,3,12,6,6,427,184,243,203,86,117,2,1,1,22,0,22,69,30,39,131,67,64,5,3,2
51037801,299,172,127,287,168,119,7,2,5,27,13,14,1,0,1,12,4,8,297,127,170,142,54,88,0,0,0,15,0,15,56,26,30,84,47,37,8,3,5
51043201,10,5,5,10,5,5,0,0,0,1,0,1,0,0,0,0,0,0,19,6,13,6,1,5,0,0,0,4,0,4,5,3,2,4,2,2,0,0,0
51043202,841,483,358,803,461,342,30,19,11,70,39,31,6,0,6,38,22,16,697,297,400,323,126,197,1,0,1,31,0,31,117,56,61,225,115,110,5,3,2
51048301,29,18,11,27,16,11,1,0,1,4,2,2,2,0,2,2,2,0,36,16,20,19,7,12,0,0,0,1,0,1,4,1,3,12,8,4,0,0,0
51048302,118,69,49,114,67,47,2,0,2,17,9,8,0,0,0,4,2,2,107,43,64,29,9,20,0,0,0,13,0,13,30,17,13,35,17,18,2,1,1
51048303,50,28,22,44,26,18,0,0,0,5,3,2,1,0,1,6,2,4,34,15,19,17,10,7,0,0,0,2,0,2,6,0,6,9,5,4,2,0,2
51048304,1373,751,622,1334,731,603,41,17,24,106,56,50,15,1,14,39,20,19,1297,538,759,562,211,351,3,2,1,69,0,69,221,108,113,442,217,225,17,12,5
51049101,626,353,273,596,335,261,18,7,11,55,32,23,3,0,3,30,18,12,638,269,369,277,102,175,0,0,0,40,0,40,116,55,61,205,112,93,1,0,1
51089101,37,22,15,32,21,11,0,0,0,3,3,0,1,0,1,5,1,4,38,17,21,11,3,8,0,0,0,2,0,2,8,4,4,17,10,7,0,0,0
51089102,93,52,41,92,52,40,4,0,4,6,4,2,3,0,3,1,0,1,96,43,53,47,17,30,0,0,0,5,0,5,23,15,8,21,11,10,0,0,0
51089103,33,23,10,31,22,9,0,0,0,2,1,1,0,0,0,2,1,1,32,16,16,15,8,7,0,0,0,3,0,3,7,3,4,7,5,2,1,1,0
51089104,102,61,41,98,60,38,0,0,0,9,1,8,0,0,0,4,1,3,86,43,43,48,19,29,0,0,0,4,0,4,11,7,4,23,17,6,0,0,0
51089105,44,24,20,41,24,17,1,0,1,4,3,1,0,0,0,3,0,3,33,17,16,19,9,10,0,0,0,0,0,0,4,3,1,10,5,5,0,0,0
51089107,466,255,211,453,247,206,16,8,8,48,25,23,3,0,3,13,8,5,513,211,302,240,99,141,2,2,0,21,0,21,76,40,36,174,70,104,7,3,4
1788110,0,0,0,0,0,0,0,0,0,0,0,0,0,0,0,0,0,0,0,0,0,0,0,0,0,0,0,0,0,0,0,0,0,0,0,0,0,0,0
51093901,879,475,404,853,461,392,36,18,18,60,34,26,8,0,8,26,14,12,883,382,501,392,165,227,2,1,1,47,1,46,168,85,83,274,130,144,10,10,0
1830080,0,0,0,0,0,0,0,0,0,0,0,0,0,0,0,0,0,0,0,0,0,0,0,0,0,0,0,0,0,0,0,0,0,0,0,0,0,0,0
1830410,0,0,0,0,0,0,0,0,0,0,0,0,0,0,0,0,0,0,0,0,0,0,0,0,0,0,0,0,0,0,0,0,0,0,0,0,0,0,0
1830670,0,0,0,0,0,0,0,0,0,0,0,0,0,0,0,0,0,0,0,0,0,0,0,0,0,0,0,0,0,0,0,0,0,0,0,0,0,0,0
3305660,0,0,0,0,0,0,0,0,0,0,0,0,0,0,0,0,0,0,0,0,0,0,0,0,0,0,0,0,0,0,0,0,0,0,0,0,0,0,0
51102101,33,18,15,31,17,14,2,0,2,1,1,0,0,0,0,2,1,1,41,23,18,11,7,4,1,1,0,2,0,2,11,7,4,16,8,8,1,1,0
51102102,28,18,10,24,17,7,0,0,0,1,1,0,0,0,0,4,1,3,38,19,19,24,12,12,0,0,0,1,0,1,2,0,2,11,7,4,1,1,0
51102103,36,21,15,31,16,15,1,0,1,4,2,2,1,0,1,5,5,0,20,13,7,10,7,3,0,0,0,1,0,1,5,3,2,4,3,1,0,0,0
51102104,51,31,20,47,30,17,0,0,0,3,3,0,0,0,0,4,1,3,46,18,28,22,10,12,0,0,0,4,0,4,11,4,7,9,4,5,0,0,0
51102105,33,22,11,29,19,10,1,1,0,3,2,1,0,0,0,4,3,1,34,17,17,29,14,15,0,0,0,0,0,0,2,0,2,3,3,0,0,0,0
51102106,53,34,19,52,34,18,1,1,0,7,7,0,0,0,0,1,0,1,56,26,30,24,12,12,1,0,1,3,0,3,17,8,9,11,6,5,0,0,0
51102107,242,129,113,224,119,105,5,2,3,29,17,12,1,0,1,18,10,8,207,93,114,90,39,51,0,0,0,10,0,10,36,18,18,71,36,35,1,0,1
51102108,19,10,9,19,10,9,0,0,0,2,2,0,1,0,1,0,0,0,23,7,16,7,4,3,0,0,0,1,0,1,6,2,4,9,1,8,0,0,0
51102109,525,294,231,467,254,213,17,6,11,67,30,37,2,0,2,58,40,18,520,223,297,284,106,178,0,0,0,20,0,20,85,50,35,131,67,64,28,23,5
51102111,1043,556,487,964,506,458,37,16,21,102,50,52,5,0,5,79,50,29,1131,469,662,576,227,349,6,1,5,49,0,49,187,84,103,313,157,156,13,9,4
51102112,530,283,247,490,262,228,15,6,9,63,34,29,4,0,4,40,21,19,627,264,363,373,138,235,1,0,1,17,0,17,81,37,44,155,89,66,5,4,1
51116101,276,151,125,271,147,124,15,4,11,15,11,4,0,0,0,5,4,1,220,107,113,93,39,54,1,0,1,6,0,6,32,13,19,88,55,33,3,1,2
51274501,430,235,195,416,230,186,20,8,12,35,17,18,5,0,5,14,5,9,369,142,227,188,66,122,0,0,0,21,0,21,61,32,29,99,44,55,1,1,0
51286901,394,226,168,381,218,163,15,11,4,35,20,15,7,0,7,13,8,5,416,184,232,195,77,118,0,0,0,23,0,23,55,29,26,143,78,65,4,4,0
51286902,14,10,4,11,9,2,0,0,0,1,1,0,0,0,0,3,1,2,15,5,10,1,1,0,0,0,0,2,0,2,7,2,5,5,2,3,3,2,1
51289301,84,51,33,84,51,33,2,1,1,9,7,2,0,0,0,0,0,0,89,38,51,53,23,30,0,0,0,5,1,4,12,5,7,19,9,10,4,3,1
51290701,32,16,16,32,16,16,2,1,1,4,4,0,0,0,0,0,0,0,21,9,12,9,2,7,0,0,0,1,0,1,1,1,0,10,6,4,0,0,0
51290702,394,222,172,385,216,169,13,7,6,38,23,15,2,0,2,9,6,3,432,185,247,236,93,143,3,3,0,15,1,14,57,28,29,121,60,61,2,2,0
51292301,580,320,260,561,312,249,17,4,13,36,18,18,5,0,5,19,8,11,569,234,335,246,98,148,0,0,0,33,0,33,107,50,57,183,86,97,8,3,5
51297401,328,177,151,313,167,146,8,4,4,30,17,13,1,0,1,15,10,5,310,122,188,155,57,98,1,0,1,9,0,9,52,22,30,93,43,50,8,2,6
54713101,129,72,57,115,65,50,4,1,3,10,5,5,0,0,0,14,7,7,117,56,61,49,26,23,1,1,0,4,0,4,25,12,13,38,17,21,5,2,3
54718201,914,498,416,887,489,398,34,20,14,78,47,31,13,0,13,27,9,18,918,373,545,438,170,268,3,1,2,44,1,43,160,76,84,273,125,148,11,11,0
54719101,105,64,41,102,63,39,0,0,0,2,1,1,1,0,1,3,1,2,121,51,70,58,25,33,0,0,0,9,0,9,27,13,14,27,13,14,0,0,0
55304202,67,40,27,61,38,23,2,0,2,5,3,2,0,0,0,6,2,4,65,31,34,33,16,17,0,0,0,3,0,3,11,4,7,18,11,7,3,2,1
55305101,457,245,212,448,243,205,25,8,17,38,20,18,0,0,0,9,2,7,456,228,228,263,137,126,1,0,1,12,0,12,43,22,21,137,69,68,5,4,1
55305102,62,35,27,57,32,25,3,3,0,4,2,2,1,0,1,5,3,2,53,26,27,25,10,15,1,1,0,3,0,3,10,8,2,14,7,7,0,0,0
55309301,334,194,140,325,187,138,7,0,7,26,15,11,3,0,3,9,7,2,299,139,160,117,48,69,0,0,0,17,1,16,60,30,30,105,60,45,1,0,1
55310701,76,43,33,73,42,31,1,0,1,4,4,0,2,0,2,3,1,2,81,41,40,31,11,20,0,0,0,4,0,4,13,9,4,33,21,12,0,0,0
55311501,72,42,30,69,41,28,4,2,2,4,3,1,0,0,0,3,1,2,54,24,30,25,10,15,0,0,0,2,0,2,9,4,5,18,10,8,3,2,1
55311502,42,26,16,41,25,16,2,0,2,6,5,1,1,0,1,1,1,0,40,12,28,14,4,10,0,0,0,4,0,4,12,4,8,10,4,6,1,0,1
55315801,407,223,184,398,218,180,15,6,9,31,20,11,3,0,3,9,5,4,398,157,241,190,77,113,1,1,0,18,0,18,53,26,27,136,53,83,3,2,1
55315802,48,29,19,47,28,19,1,1,0,3,1,2,2,0,2,1,1,0,54,26,28,20,8,12,0,0,0,1,0,1,13,5,8,20,13,7,0,0,0
55349201,295,174,121,287,169,118,10,3,7,26,19,7,4,0,4,8,5,3,277,101,176,113,36,77,0,0,0,14,0,14,54,23,31,96,42,54,1,1,0
55419701,556,304,252,546,299,247,31,19,12,45,25,20,6,0,6,10,5,5,452,193,259,220,91,129,1,0,1,18,0,18,64,34,30,149,68,81,9,5,4
55527401,251,143,108,245,142,103,12,8,4,32,20,12,2,0,2,6,1,5,226,99,127,119,49,70,0,0,0,8,0,8,31,15,16,68,35,33,4,4,0
56818001,56,29,27,50,25,25,3,0,3,7,4,3,0,0,0,6,4,2,56,25,31,34,16,18,1,0,1,2,0,2,10,4,6,9,5,4,2,2,0
56818002,59,34,25,56,33,23,3,2,1,9,5,4,0,0,0,3,1,2,70,36,34,46,21,25,0,0,0,2,0,2,4,3,1,18,12,6,2,1,1
0754260,0,0,0,0,0,0,0,0,0,0,0,0,0,0,0,0,0,0,0,0,0,0,0,0,0,0,0,0,0,0,0,0,0,0,0,0,0,0,0
56819801,74,41,33,70,39,31,0,0,0,9,5,4,1,0,1,4,2,2,52,28,24,35,20,15,0,0,0,1,0,1,3,2,1,13,6,7,0,0,0
56821001,1285,700,585,1243,678,565,55,26,29,94,54,40,6,0,6,42,22,20,1180,508,672,556,221,335,1,0,1,51,0,51,199,102,97,373,185,188,9,6,3
56822801,652,358,294,632,349,283,25,9,16,41,21,20,9,0,9,20,9,11,632,253,379,281,103,178,1,1,0,21,0,21,101,48,53,228,101,127,7,2,5
56823601,13,8,5,12,7,5,1,1,0,3,1,2,0,0,0,1,1,0,7,4,3,3,1,2,0,0,0,0,0,0,0,0,0,4,3,1,0,0,0
56823602,343,189,154,334,184,150,17,6,11,24,14,10,1,0,1,9,5,4,354,158,196,171,77,94,0,0,0,17,1,16,56,28,28,110,52,58,4,2,2
56824401,867,469,398,842,456,386,38,15,23,74,41,33,9,0,9,25,13,12,733,317,416,294,112,182,0,0,0,29,2,27,138,76,62,272,127,145,8,5,3
56826101,381,202,179,370,195,175,24,6,18,34,16,18,2,0,2,11,7,4,325,141,184,115,41,74,1,1,0,12,0,12,55,30,25,142,69,73,3,1,2
56826102,26,11,15,23,10,13,2,0,2,7,3,4,0,0,0,3,1,2,33,15,18,24,12,12,0,0,0,1,0,1,2,0,2,6,3,3,1,0,1
56827901,126,75,51,121,72,49,8,3,5,7,3,4,1,0,1,5,3,2,137,68,69,62,28,34,0,0,0,7,0,7,23,16,7,45,24,21,2,1,1
56831701,43,23,20,43,23,20,1,1,0,3,1,2,1,0,1,0,0,0,75,39,36,18,7,11,1,0,1,2,0,2,11,8,3,43,24,19,1,1,0
56831702,176,98,78,166,95,71,7,4,3,12,5,7,0,0,0,10,3,7,179,83,96,78,38,40,0,0,0,11,0,11,34,18,16,56,27,29,4,1,3
56831703,12,7,5,9,6,3,0,0,0,0,0,0,0,0,0,3,1,2,11,7,4,6,3,3,0,0,0,0,0,0,1,0,1,4,4,0,0,0,0
56833301,13,7,6,13,7,6,0,0,0,2,1,1,0,0,0,0,0,0,20,9,11,11,6,5,0,0,0,2,0,2,4,1,3,3,2,1,0,0,0
56833302,290,162,128,280,153,127,5,2,3,28,16,12,2,0,2,10,9,1,313,149,164,152,73,79,0,0,0,17,0,17,58,30,28,86,46,40,4,2,2
56834101,201,109,92,195,104,91,7,3,4,6,4,2,2,0,2,6,5,1,156,64,92,64,29,35,0,0,0,9,0,9,26,10,16,57,25,32,3,2,1
56836802,299,170,129,288,164,124,8,5,3,22,12,10,2,0,2,11,6,5,271,119,152,117,49,68,1,1,0,10,0,10,41,20,21,102,49,53,2,1,1
56837601,289,165,124,278,163,115,10,3,7,20,13,7,4,0,4,11,2,9,305,128,177,137,49,88,0,0,0,19,0,19,49,29,20,100,50,50,4,3,1
56909701,93,50,43,86,47,39,3,1,2,5,2,3,1,0,1,7,3,4,95,51,44,57,32,25,0,0,0,3,0,3,15,10,5,20,9,11,3,1,2
56909702,27,17,10,27,17,10,0,0,0,3,1,2,0,0,0,0,0,0,8,6,2,3,2,1,0,0,0,1,0,1,1,1,0,3,3,0,0,0,0
56910101,115,70,45,103,62,41,5,2,3,11,5,6,1,0,1,12,8,4,101,43,58,49,20,29,0,0,0,4,0,4,13,8,5,35,15,20,5,2,3
56989502,389,199,190,382,197,185,16,9,7,31,20,11,4,0,4,7,2,5,363,157,206,170,71,99,1,1,0,16,0,16,53,31,22,123,54,69,2,2,0
56990901,346,193,153,341,191,150,18,10,8,19,11,8,3,0,3,5,2,3,329,140,189,136,52,84,0,0,0,19,0,19,58,29,29,116,59,57,3,1,2
56995001,160,79,81,136,66,70,1,1,0,9,5,4,0,0,0,24,13,11,181,94,87,70,39,31,0,0,0,4,0,4,52,28,24,55,27,28,13,4,9
57003601,13,7,6,13,7,6,0,0,0,1,1,0,0,0,0,0,0,0,12,5,7,7,3,4,0,0,0,0,0,0,1,0,1,4,2,2,0,0,0
57003602,341,197,144,330,191,139,12,8,4,36,23,13,3,0,3,11,6,5,334,159,175,176,79,97,0,0,0,10,0,10,54,29,25,94,51,43,3,3,0
59782101,215,115,100,202,106,96,7,3,4,32,21,11,0,0,0,13,9,4,171,75,96,82,36,46,0,0,0,5,0,5,26,13,13,58,26,32,1,1,0
50029101,30,18,12,29,17,12,4,3,1,0,0,0,0,0,0,1,1,0,38,17,21,18,5,13,0,0,0,3,0,3,7,5,2,10,7,3,0,0,0
50029102,328,173,155,318,167,151,15,6,9,42,21,21,0,0,0,10,6,4,334,145,189,180,76,104,0,0,0,9,0,9,28,14,14,117,55,62,4,2,2
50029103,1048,570,478,1014,552,462,56,34,22,110,57,53,5,0,5,34,18,16,934,431,503,442,194,248,2,0,2,32,1,31,124,65,59,334,171,163,15,11,4
50671101,752,404,348,723,388,335,51,30,21,76,36,40,5,0,5,29,16,13,670,299,371,328,147,181,1,0,1,20,0,20,94,44,50,227,108,119,8,6,2
3250910,0,0,0,0,0,0,0,0,0,0,0,0,0,0,0,0,0,0,0,0,0,0,0,0,0,0,0,0,0,0,0,0,0,0,0,0,0,0,0
51088201,987,522,465,958,509,449,38,15,23,92,45,47,2,0,2,29,13,16,993,448,545,408,177,231,5,5,0,34,0,34,142,70,72,404,196,208,9,3,6
55404901,16,8,8,16,8,8,1,0,1,2,1,1,0,0,0,0,0,0,16,7,9,6,2,4,1,1,0,0,0,0,1,0,1,8,4,4,0,0,0
55404902,10,5,5,9,5,4,0,0,0,0,0,0,0,0,0,1,0,1,13,9,4,6,4,2,0,0,0,2,0,2,2,2,0,3,3,0,0,0,0
55404904,339,192,147,331,188,143,17,11,6,18,13,5,0,0,0,8,4,4,300,134,166,132,56,76,4,1,3,10,0,10,55,28,27,99,49,50,3,2,1
55433201,103,52,51,99,51,48,7,4,3,5,2,3,2,0,2,4,1,3,63,27,36,11,3,8,0,0,0,4,0,4,27,12,15,21,12,9,1,0,1
55433202,795,430,365,752,410,342,40,19,21,75,44,31,6,0,6,43,20,23,713,323,390,356,148,208,2,1,1,21,0,21,90,50,40,244,124,120,8,2,6
55466901,78,43,35,76,42,34,4,3,1,9,5,4,0,0,0,2,1,1,55,28,27,22,10,12,0,0,0,4,0,4,10,5,5,19,13,6,3,2,1
55466904,785,409,376,739,383,356,27,12,15,80,40,40,8,0,8,46,26,20,731,329,402,349,133,216,4,2,2,33,0,33,116,76,40,229,118,111,12,4,8
55466905,13,8,5,13,8,5,0,0,0,0,0,0,0,0,0,0,0,0,7,2,5,0,0,0,0,0,0,2,0,2,2,1,1,3,1,2,0,0,0
55466906,1031,567,464,979,537,442,40,23,17,90,56,34,8,0,8,52,30,22,902,379,523,430,166,264,3,1,2,31,1,30,144,76,68,294,135,159,25,14,11
55466907,70,35,35,68,34,34,4,1,3,3,2,1,0,0,0,2,1,1,46,21,25,11,3,8,1,1,0,2,1,1,14,8,6,18,8,10,0,0,0
55456101,1364,730,634,1308,702,606,69,34,35,133,77,56,10,0,10,56,28,28,1267,551,716,611,241,370,2,1,1,37,0,37,166,83,83,451,226,225,21,12,9
55432401,710,376,334,686,363,323,37,16,21,59,29,30,7,0,7,24,13,11,619,263,356,274,104,170,1,0,1,22,0,22,97,51,46,225,108,117,4,3,1
1138410,0,0,0,0,0,0,0,0,0,0,0,0,0,0,0,0,0,0,0,0,0,0,0,0,0,0,0,0,0,0,0,0,0,0,0,0,0,0,0
1138910,0,0,0,0,0,0,0,0,0,0,0,0,0,0,0,0,0,0,0,0,0,0,0,0,0,0,0,0,0,0,0,0,0,0,0,0,0,0,0
1139050,0,0,0,0,0,0,0,0,0,0,0,0,0,0,0,0,0,0,0,0,0,0,0,0,0,0,0,0,0,0,0,0,0,0,0,0,0,0,0
1139130,0,0,0,0,0,0,0,0,0,0,0,0,0,0,0,0,0,0,0,0,0,0,0,0,0,0,0,0,0,0,0,0,0,0,0,0,0,0,0
1139210,0,0,0,0,0,0,0,0,0,0,0,0,0,0,0,0,0,0,0,0,0,0,0,0,0,0,0,0,0,0,0,0,0,0,0,0,0,0,0
55428601,335,208,127,276,173,103,7,4,3,27,19,8,0,0,0,59,35,24,266,118,148,119,52,67,0,0,0,11,0,11,68,29,39,68,37,31,24,17,7
55428602,247,135,112,209,113,96,11,5,6,27,8,19,3,0,3,38,22,16,216,92,124,113,39,74,2,2,0,12,0,12,41,25,16,48,26,22,7,3,4
55428603,364,196,168,314,175,139,13,5,8,32,11,21,2,0,2,50,21,29,411,151,260,284,95,189,0,0,0,9,0,9,65,29,36,53,27,26,20,11,9
55428604,2979,1581,1398,2719,1453,1266,141,56,85,337,159,178,26,1,25,260,128,132,2718,1131,1587,1440,554,886,5,3,2,106,1,105,447,215,232,720,358,362,100,50,50
55428605,83,52,31,48,34,14,1,1,0,8,4,4,0,0,0,35,18,17,193,85,108,23,11,12,0,0,0,7,0,7,104,48,56,59,26,33,22,12,10
55428606,21,16,5,20,15,5,0,0,0,0,0,0,0,0,0,1,1,0,111,33,78,101,29,72,0,0,0,0,0,0,8,3,5,2,1,1,0,0,0
55428607,389,219,170,351,205,146,24,9,15,31,16,15,1,0,1,38,14,24,260,114,146,112,47,65,0,0,0,9,0,9,60,21,39,79,46,33,18,9,9
55428608,1068,577,491,963,516,447,54,25,29,124,54,70,2,0,2,105,61,44,796,370,426,426,191,235,3,2,1,23,0,23,123,59,64,221,118,103,67,48,19
55428609,477,310,167,393,245,148,9,5,4,40,19,21,2,0,2,84,65,19,310,153,157,127,60,67,0,0,0,17,1,16,73,37,36,93,55,38,19,10,9
55428610,39,26,13,25,18,7,1,0,1,5,5,0,0,0,0,14,8,6,41,18,23,11,8,3,0,0,0,2,0,2,10,4,6,18,6,12,3,1,2
55428612,6,4,2,5,3,2,0,0,0,1,0,1,0,0,0,1,1,0,19,6,13,19,6,13,0,0,0,0,0,0,0,0,0,0,0,0,0,0,0
55457001,137,74,63,129,69,60,7,2,5,22,15,7,0,0,0,8,5,3,104,49,55,58,28,30,0,0,0,8,0,8,21,10,11,17,11,6,0,0,0
55457004,106,55,51,103,53,50,4,3,1,8,6,2,0,0,0,3,2,1,126,65,61,69,33,36,0,0,0,2,0,2,12,8,4,43,24,19,0,0,0
55457005,425,232,193,402,220,182,16,8,8,39,24,15,2,0,2,23,12,11,295,131,164,146,61,85,0,0,0,12,0,12,43,21,22,94,49,45,6,5,1
55443001,454,257,197,381,217,164,16,6,10,33,13,20,2,0,2,73,40,33,418,201,217,161,78,83,1,1,0,22,1,21,103,49,54,131,72,59,40,24,16
55443002,931,491,440,873,459,414,38,16,22,110,53,57,5,0,5,58,32,26,702,317,385,310,131,179,2,1,1,25,0,25,126,60,66,239,125,114,9,6,3
55443003,341,183,158,297,154,143,12,4,8,32,12,20,3,0,3,44,29,15,323,155,168,139,60,79,0,0,0,14,0,14,66,41,25,104,54,50,27,15,12
1135810,0,0,0,0,0,0,0,0,0,0,0,0,0,0,0,0,0,0,0,0,0,0,0,0,0,0,0,0,0,0,0,0,0,0,0,0,0,0,0
1135900,0,0,0,0,0,0,0,0,0,0,0,0,0,0,0,0,0,0,0,0,0,0,0,0,0,0,0,0,0,0,0,0,0,0,0,0,0,0,0
1136890,0,0,0,0,0,0,0,0,0,0,0,0,0,0,0,0,0,0,0,0,0,0,0,0,0,0,0,0,0,0,0,0,0,0,0,0,0,0,0
1137510,0,0,0,0,0,0,0,0,0,0,0,0,0,0,0,0,0,0,0,0,0,0,0,0,0,0,0,0,0,0,0,0,0,0,0,0,0,0,0
1137940,0,0,0,0,0,0,0,0,0,0,0,0,0,0,0,0,0,0,0,0,0,0,0,0,0,0,0,0,0,0,0,0,0,0,0,0,0,0,0
1141540,0,0,0,0,0,0,0,0,0,0,0,0,0,0,0,0,0,0,0,0,0,0,0,0,0,0,0,0,0,0,0,0,0,0,0,0,0,0,0
54591101,27,15,12,26,15,11,8,5,3,1,0,1,0,0,0,1,0,1,13,8,5,2,2,0,0,0,0,0,0,0,1,1,0,10,5,5,0,0,0
54591102,1060,548,512,992,519,473,42,13,29,104,52,52,8,0,8,68,29,39,829,343,486,414,146,268,0,0,0,39,0,39,173,86,87,203,111,92,27,18,9
54591103,582,371,211,527,329,198,33,18,15,44,24,20,10,0,10,55,42,13,623,433,190,143,76,67,0,0,0,13,0,13,392,325,67,75,32,43,17,11,6
54591105,242,129,113,224,119,105,22,10,12,20,10,10,2,0,2,18,10,8,130,61,69,37,18,19,1,1,0,7,0,7,34,19,15,51,23,28,4,2,2
54591106,885,465,420,787,424,363,39,12,27,86,37,49,6,0,6,98,41,57,898,381,517,421,172,249,2,0,2,50,0,50,173,89,84,252,120,132,22,8,14
54591107,1287,668,619,1166,618,548,72,32,40,134,71,63,9,0,9,121,50,71,964,384,580,516,201,315,4,1,3,44,0,44,186,93,93,214,89,125,33,14,19
54591110,486,245,241,424,219,205,27,12,15,73,33,40,2,0,2,62,26,36,522,205,317,314,110,204,2,1,1,25,1,24,89,50,39,92,43,49,21,13,8
54591111,402,214,188,386,209,177,19,6,13,41,23,18,3,0,3,16,5,11,339,157,182,113,44,69,1,1,0,14,0,14,82,42,40,129,70,59,16,10,6
54591112,35,14,21,24,9,15,2,1,1,3,1,2,1,0,1,11,5,6,81,46,35,31,18,13,0,0,0,2,0,2,33,18,15,15,10,5,5,4,1
54591113,1343,801,542,1199,694,505,82,39,43,92,44,48,9,0,9,144,107,37,953,413,540,320,130,190,8,4,4,37,0,37,277,145,132,311,134,177,263,191,72
54591114,524,302,222,453,256,197,38,17,21,36,16,20,1,0,1,71,46,25,290,116,174,112,41,71,2,1,1,18,0,18,64,29,35,94,45,49,22,12,10
54591115,1454,735,719,1348,691,657,93,30,63,146,65,81,8,0,8,106,44,62,1090,439,651,631,238,393,0,0,0,50,0,50,160,77,83,249,124,125,39,19,20
54591116,363,185,178,319,165,154,22,8,14,40,17,23,2,0,2,44,20,24,250,116,134,100,42,58,2,2,0,9,0,9,56,27,29,83,45,38,20,8,12
54591117,462,265,197,252,153,99,8,3,5,29,13,16,1,0,1,210,112,98,542,255,287,117,54,63,2,2,0,18,0,18,235,112,123,170,87,83,56,23,33
54591118,1229,637,592,1172,612,560,89,41,48,105,52,53,9,1,8,57,25,32,681,306,375,277,107,170,2,1,1,31,0,31,147,78,69,224,120,104,42,23,19
54591119,90,54,36,84,50,34,6,4,2,6,3,3,2,0,2,6,4,2,46,17,29,20,6,14,0,0,0,1,0,1,13,5,8,12,6,6,1,1,0
54591120,697,338,359,655,315,340,41,14,27,93,40,53,9,0,9,42,23,19,565,230,335,303,114,189,4,4,0,26,0,26,92,50,42,140,62,78,20,16,4
54591122,905,483,422,820,438,382,60,27,33,80,43,37,4,0,4,85,45,40,666,270,396,315,122,193,3,1,2,35,0,35,145,69,76,168,78,90,39,23,16
54591125,295,189,106,281,184,97,15,7,8,10,5,5,1,0,1,14,5,9,225,85,140,18,9,9,0,0,0,11,0,11,121,42,79,75,34,41,35,16,19
54591126,970,495,475,904,464,440,53,23,30,116,53,63,5,0,5,66,31,35,853,377,476,461,195,266,0,0,0,39,1,38,172,91,81,181,90,91,28,17,11
54591127,2153,1151,1002,1987,1063,924,137,68,69,194,91,103,20,0,20,166,88,78,1705,676,1029,799,287,512,6,3,3,83,1,82,342,167,175,475,218,257,63,34,29
54591128,2841,1468,1373,2603,1366,1237,128,57,71,296,129,167,19,0,19,238,102,136,2515,1098,1417,1413,560,853,11,8,3,99,1,98,407,222,185,585,307,278,73,43,30
54591129,379,197,182,280,157,123,15,4,11,33,13,20,2,0,2,99,40,59,382,176,206,115,57,58,5,1,4,17,0,17,128,63,65,117,55,62,30,15,15
54591131,12,9,3,6,4,2,0,0,0,1,1,0,0,0,0,6,5,1,7,5,2,2,1,1,0,0,0,0,0,0,3,2,1,2,2,0,2,1,1
54591132,591,355,236,348,231,117,15,11,4,30,22,8,1,0,1,243,124,119,945,425,520,270,109,161,0,0,0,47,1,46,361,190,171,267,125,142,79,37,42
54591134,774,404,370,655,353,302,21,7,14,81,41,40,3,0,3,119,51,68,665,311,354,271,115,156,3,1,2,17,0,17,170,89,81,204,106,98,31,13,18
55421901,171,91,80,168,91,77,4,1,3,10,5,5,2,0,2,3,0,3,118,47,71,19,9,10,1,0,1,12,0,12,48,22,26,38,16,22,1,0,1
55421902,23,12,11,22,11,11,0,0,0,1,1,0,0,0,0,1,1,0,15,6,9,4,1,3,0,0,0,1,0,1,4,2,2,6,3,3,1,0,1
55421903,17,9,8,16,9,7,0,0,0,3,2,1,0,0,0,1,0,1,15,8,7,13,6,7,0,0,0,0,0,0,0,0,0,2,2,0,0,0,0
55421904,966,532,434,928,514,414,44,19,25,107,46,61,3,0,3,38,18,20,870,383,487,354,150,204,7,3,4,51,0,51,172,87,85,286,143,143,10,4,6
55436701,172,94,78,168,92,76,9,3,6,15,7,8,1,0,1,4,2,2,112,49,63,46,20,26,1,1,0,6,0,6,19,7,12,40,21,19,2,2,0
55436702,254,149,105,232,136,96,9,4,5,25,9,16,0,0,0,22,13,9,195,90,105,93,43,50,1,1,0,13,0,13,31,14,17,57,32,25,12,9,3
1143410,0,0,0,0,0,0,0,0,0,0,0,0,0,0,0,0,0,0,0,0,0,0,0,0,0,0,0,0,0,0,0,0,0,0,0,0,0,0,0
1143590,0,0,0,0,0,0,0,0,0,0,0,0,0,0,0,0,0,0,0,0,0,0,0,0,0,0,0,0,0,0,0,0,0,0,0,0,0,0,0
1144210,0,0,0,0,0,0,0,0,0,0,0,0,0,0,0,0,0,0,0,0,0,0,0,0,0,0,0,0,0,0,0,0,0,0,0,0,0,0,0
1144300,0,0,0,0,0,0,0,0,0,0,0,0,0,0,0,0,0,0,0,0,0,0,0,0,0,0,0,0,0,0,0,0,0,0,0,0,0,0,0
1145110,0,0,0,0,0,0,0,0,0,0,0,0,0,0,0,0,0,0,0,0,0,0,0,0,0,0,0,0,0,0,0,0,0,0,0,0,0,0,0
1156310,0,0,0,0,0,0,0,0,0,0,0,0,0,0,0,0,0,0,0,0,0,0,0,0,0,0,0,0,0,0,0,0,0,0,0,0,0,0,0
54613501,3004,1582,1422,2720,1448,1272,90,38,52,257,140,117,15,0,15,284,134,150,1972,860,1112,691,292,399,9,7,2,128,0,128,460,220,240,684,341,343,50,21,29
54613502,1614,842,772,1501,793,708,72,32,40,111,49,62,8,0,8,113,49,64,997,431,566,315,129,186,1,0,1,81,1,80,253,123,130,347,178,169,20,11,9
54613503,3018,1544,1474,2802,1448,1354,98,47,51,275,128,147,22,1,21,216,96,120,1871,830,1041,799,362,437,6,3,3,117,0,117,381,181,200,568,284,284,43,21,22
54613504,20,15,5,18,13,5,0,0,0,4,2,2,0,0,0,2,2,0,11,4,7,1,0,1,0,0,0,2,0,2,3,2,1,5,2,3,1,1,0
54613505,1968,1032,936,1811,950,861,81,38,43,185,86,99,16,1,15,157,82,75,1912,756,1156,1160,410,750,5,4,1,65,0,65,247,125,122,435,217,218,38,23,15
54613506,2938,1566,1372,2644,1428,1216,125,60,65,240,117,123,21,0,21,294,138,156,2664,1115,1549,1490,564,926,10,8,2,116,1,115,398,195,203,650,347,303,74,45,29
54613507,978,518,460,919,491,428,28,13,15,107,51,56,8,0,8,59,27,32,1088,449,639,672,251,421,2,1,1,38,1,37,129,65,64,247,131,116,24,8,16
54613508,2022,1334,688,1706,1120,586,54,28,26,117,55,62,9,0,9,316,214,102,1369,607,762,683,295,388,7,6,1,57,2,55,314,159,155,308,145,163,591,444,147
54613509,1088,586,502,1008,541,467,67,35,32,98,48,50,10,0,10,80,45,35,1211,453,758,736,261,475,3,1,2,49,0,49,169,78,91,254,113,141,15,6,9
54613510,1491,783,708,1390,735,655,58,24,34,121,53,68,5,0,5,101,48,53,1113,471,642,473,188,285,2,1,1,69,0,69,199,95,104,370,187,183,24,14,10
54613511,339,184,155,315,171,144,9,1,8,44,23,21,3,0,3,24,13,11,346,135,211,187,73,114,0,0,0,15,1,14,46,21,25,98,40,58,6,4,2
54613512,2246,1181,1065,2052,1093,959,100,51,49,202,95,107,14,0,14,194,88,106,2321,952,1369,1407,564,843,4,2,2,76,1,75,292,138,154,542,247,295,40,16,24
54613513,840,427,413,771,399,372,43,16,27,95,42,53,9,0,9,69,28,41,778,338,440,485,185,300,0,0,0,20,0,20,101,57,44,172,96,76,31,15,16
54613514,123,66,57,121,66,55,12,6,6,14,5,9,0,0,0,2,0,2,102,39,63,50,19,31,0,0,0,3,0,3,15,5,10,34,15,19,2,0,2
54613515,165,84,81,157,80,77,11,4,7,17,6,11,1,0,1,8,4,4,132,49,83,59,16,43,1,0,1,2,0,2,23,7,16,47,26,21,7,5,2
54613516,2191,1168,1023,2045,1100,945,96,42,54,270,130,140,17,0,17,146,68,78,2234,941,1293,1360,522,838,6,6,0,82,0,82,293,143,150,493,270,223,47,26,21
54613517,2563,1353,1210,2396,1269,1127,107,46,61,331,160,171,19,0,19,167,84,83,2624,1162,1462,1511,642,869,5,3,2,96,1,95,370,184,186,642,332,310,46,29,17
54613518,1103,585,518,1037,557,480,61,33,28,125,66,59,7,0,7,66,28,38,976,430,546,493,222,271,5,5,0,46,0,46,150,71,79,282,132,150,12,6,6
54613519,476,244,232,451,231,220,26,8,18,47,24,23,0,0,0,25,13,12,482,222,260,279,115,164,1,0,1,8,0,8,38,18,20,156,89,67,4,2,2
54613520,34,13,21,32,11,21,2,0,2,7,3,4,0,0,0,2,2,0,29,14,15,14,6,8,0,0,0,0,0,0,1,0,1,14,8,6,0,0,0
54613522,711,406,305,588,340,248,29,16,13,68,34,34,3,0,3,123,66,57,543,233,310,324,133,191,2,2,0,19,0,19,83,45,38,115,53,62,26,16,10
54613523,2998,1626,1372,2775,1518,1257,134,59,75,255,127,128,13,0,13,223,108,115,2939,1148,1791,1854,663,1191,6,4,2,108,0,108,375,191,184,596,290,306,63,40,23
54613524,2997,1565,1432,2801,1472,1329,112,55,57,274,126,148,18,1,17,196,93,103,2304,1022,1282,975,400,575,13,9,4,132,2,130,481,237,244,703,374,329,40,14,26
54613526,2404,1251,1153,2184,1143,1041,96,42,54,230,102,128,15,0,15,220,108,112,2177,981,1196,761,329,432,4,2,2,117,1,116,617,308,309,678,341,337,66,27,39
54613527,1925,1019,906,1744,934,810,51,28,23,274,137,137,9,0,9,181,85,96,1623,736,887,807,370,437,3,1,2,71,1,70,287,140,147,455,224,231,40,25,15
54613528,1174,621,553,1068,569,499,62,25,37,110,51,59,10,0,10,106,52,54,892,372,520,413,155,258,0,0,0,51,1,50,158,81,77,270,135,135,27,13,14
54613529,2103,1160,943,1795,1008,787,78,34,44,213,108,105,12,0,12,308,152,156,2131,885,1246,1322,501,821,3,2,1,64,1,63,323,155,168,419,226,193,112,54,58
54613530,1825,976,849,1682,906,776,81,35,46,133,66,67,12,0,12,143,70,73,1579,625,954,884,299,585,4,3,1,73,2,71,242,121,121,376,200,176,40,25,15
54613531,512,269,243,462,246,216,18,9,9,57,28,29,4,0,4,50,23,27,437,197,240,156,69,87,3,2,1,29,0,29,95,45,50,154,81,73,8,4,4
54613532,1515,771,744,1419,728,691,75,33,42,115,43,72,2,0,2,96,43,53,1369,518,851,824,292,532,3,1,2,50,0,50,166,75,91,326,150,176,19,9,10
54613533,868,478,390,826,463,363,49,22,27,99,57,42,5,0,5,42,15,27,786,326,460,364,135,229,3,3,0,31,0,31,143,61,82,245,127,118,18,10,8
54613534,994,495,499,937,469,468,45,19,26,78,40,38,5,0,5,57,26,31,665,305,360,215,97,118,2,2,0,39,0,39,142,72,70,267,134,133,9,4,5
54613535,619,320,299,586,307,279,32,16,16,33,13,20,7,0,7,33,13,20,452,193,259,145,55,90,4,3,1,21,0,21,97,47,50,185,88,97,21,8,13
54613536,2613,1320,1293,2442,1249,1193,91,40,51,196,87,109,22,0,22,171,71,100,1656,700,956,562,230,332,6,2,4,102,0,102,368,168,200,618,300,318,43,22,21
55430801,1645,884,761,1567,846,721,77,40,37,148,83,65,12,0,12,78,38,40,1432,607,825,671,254,417,0,0,0,70,1,69,250,135,115,441,217,224,19,13,6
55430802,24,13,11,24,13,11,1,0,1,1,1,0,0,0,0,0,0,0,20,10,10,5,3,2,0,0,0,2,0,2,9,4,5,4,3,1,0,0,0
55472301,205,108,97,202,107,95,14,7,7,23,10,13,2,1,1,3,1,2,149,61,88,37,14,23,0,0,0,8,0,8,28,17,11,76,30,46,0,0,0
55472302,429,235,194,417,229,188,23,11,12,35,22,13,4,0,4,12,6,6,346,158,188,157,65,92,2,2,0,19,0,19,57,33,24,111,58,53,8,5,3
55472303,185,104,81,178,101,77,9,5,4,16,11,5,2,0,2,7,3,4,173,70,103,92,39,53,0,0,0,4,0,4,25,8,17,52,23,29,1,0,1
55458801,356,190,166,352,189,163,19,8,11,36,21,15,3,0,3,4,1,3,310,131,179,121,48,73,1,0,1,9,0,9,49,24,25,130,59,71,6,1,5
55458802,25,15,10,24,14,10,0,0,0,0,0,0,0,0,0,1,1,0,53,35,18,12,4,8,0,0,0,2,0,2,3,1,2,36,30,6,0,0,0
55458804,2145,1186,959,2063,1138,925,98,49,49,221,117,104,11,0,11,82,48,34,1970,860,1110,970,417,553,5,3,2,76,1,75,271,127,144,648,312,336,33,20,13
1152740,0,0,0,0,0,0,0,0,0,0,0,0,0,0,0,0,0,0,0,0,0,0,0,0,0,0,0,0,0,0,0,0,0,0,0,0,0,0,0
1153210,0,0,0,0,0,0,0,0,0,0,0,0,0,0,0,0,0,0,0,0,0,0,0,0,0,0,0,0,0,0,0,0,0,0,0,0,0,0,0
1155410,0,0,0,0,0,0,0,0,0,0,0,0,0,0,0,0,0,0,0,0,0,0,0,0,0,0,0,0,0,0,0,0,0,0,0,0,0,0,0
54622401,706,513,193,574,410,164,14,6,8,42,22,20,1,0,1,132,103,29,378,200,178,186,99,87,3,3,0,9,0,9,94,61,33,86,37,49,292,236,56
54622402,1401,720,681,1303,677,626,67,36,31,132,57,75,14,0,14,98,43,55,1276,495,781,774,261,513,2,1,1,56,1,55,178,90,88,266,142,124,13,8,5
54622403,1407,726,681,1315,692,623,82,41,41,147,56,91,11,0,11,92,34,58,1265,525,740,600,215,385,0,0,0,57,0,57,217,111,106,391,199,192,25,14,11
54622404,1383,711,672,1312,679,633,82,38,44,138,72,66,8,0,8,71,32,39,1304,513,791,713,243,470,1,1,0,62,0,62,196,112,84,332,157,175,25,13,12
54622405,1883,1002,881,1771,950,821,119,51,68,189,101,88,11,0,11,112,52,60,1533,631,902,696,256,440,3,1,2,74,1,73,242,109,133,518,264,254,32,17,15
54622406,659,364,295,641,354,287,38,17,21,81,45,36,0,0,0,18,10,8,590,249,341,292,114,178,3,2,1,23,0,23,80,40,40,192,93,99,7,2,5
54622407,1611,843,768,1480,785,695,89,37,52,158,79,79,9,0,9,131,58,73,1239,498,741,607,218,389,5,4,1,61,0,61,223,111,112,343,165,178,26,16,10
54622408,328,173,155,312,165,147,23,12,11,24,13,11,4,0,4,16,8,8,337,151,186,173,68,105,1,1,0,11,0,11,47,27,20,105,55,50,7,4,3
54622409,1556,802,754,1452,747,705,87,42,45,159,64,95,14,0,14,104,55,49,1683,647,1036,1035,379,656,1,0,1,57,0,57,234,101,133,356,167,189,35,15,20
54622411,1005,524,481,932,492,440,59,32,27,81,35,46,10,0,10,73,32,41,849,356,493,427,166,261,0,0,0,48,0,48,143,64,79,231,126,105,19,14,5
54622412,1600,837,763,1489,781,708,81,41,40,160,72,88,8,0,8,111,56,55,1288,533,755,660,243,417,2,1,1,59,0,59,198,99,99,369,190,179,29,19,10
54622413,2007,1055,952,1885,1003,882,86,44,42,175,84,91,22,0,22,122,52,70,1819,736,1083,1052,381,671,5,4,1,77,1,76,248,128,120,437,222,215,26,8,18
54622414,4004,2082,1922,3756,1958,1798,192,85,107,421,194,227,36,0,36,248,124,124,4207,1694,2513,2433,886,1547,6,4,2,183,1,182,589,305,284,996,498,498,61,35,26
54622415,4318,2253,2065,4109,2156,1953,220,103,117,454,238,216,28,0,28,209,97,112,4414,1774,2640,2617,935,1682,7,4,3,157,1,156,565,280,285,1068,554,514,68,37,31
54622416,923,495,428,881,472,409,62,37,25,110,62,48,8,0,8,42,23,19,944,403,541,504,198,306,2,1,1,36,0,36,140,71,69,262,133,129,11,7,4
54622417,901,480,421,688,371,317,31,19,12,80,43,37,2,0,2,213,109,104,926,418,508,393,165,228,1,1,0,58,0,58,212,119,93,262,133,129,29,13,16
54622418,2598,1346,1252,2452,1263,1189,155,74,81,216,97,119,24,1,23,146,83,63,2282,910,1372,1332,495,837,8,5,3,99,1,98,345,166,179,498,243,255,51,32,19
54622419,1374,687,687,1286,649,637,63,34,29,124,58,66,12,0,12,88,38,50,1283,505,778,839,310,529,1,1,0,42,1,41,144,62,82,257,131,126,16,10,6
54622420,0,0,0,0,0,0,0,0,0,0,0,0,0,0,0,0,0,0,353,80,273,353,80,273,0,0,0,0,0,0,0,0,0,0,0,0,1,0,1
54622421,182,126,56,172,117,55,54,41,13,15,8,7,2,0,2,10,9,1,228,138,90,28,8,20,0,0,0,2,0,2,10,2,8,188,128,60,12,8,4
54622422,1564,802,762,1474,755,719,82,40,42,132,56,76,16,0,16,90,47,43,1523,633,890,856,309,547,2,1,1,57,1,56,212,110,102,396,212,184,23,15,8
3055290,0,0,0,0,0,0,0,0,0,0,0,0,0,0,0,0,0,0,0,0,0,0,0,0,0,0,0,0,0,0,0,0,0,0,0,0,0,0,0
55437501,620,334,286,598,324,274,29,12,17,68,36,32,2,0,2,22,10,12,573,263,310,256,109,147,1,1,0,27,1,26,89,40,49,200,112,88,11,8,3
55424301,658,343,315,622,324,298,40,17,23,94,53,41,3,0,3,36,19,17,641,295,346,316,139,177,2,1,1,24,0,24,88,43,45,211,112,99,13,3,10
1150450,0,0,0,0,0,0,0,0,0,0,0,0,0,0,0,0,0,0,0,0,0,0,0,0,0,0,0,0,0,0,0,0,0,0,0,0,0,0,0
1150610,0,0,0,0,0,0,0,0,0,0,0,0,0,0,0,0,0,0,0,0,0,0,0,0,0,0,0,0,0,0,0,0,0,0,0,0,0,0,0
3199700,0,0,0,0,0,0,0,0,0,0,0,0,0,0,0,0,0,0,0,0,0,0,0,0,0,0,0,0,0,0,0,0,0,0,0,0,0,0,0
55453701,439,225,214,414,212,202,22,10,12,39,22,17,2,0,2,25,13,12,436,197,239,240,106,134,0,0,0,10,0,10,49,19,30,137,72,65,1,0,1
55453702,47,27,20,44,26,18,1,0,1,5,5,0,1,0,1,3,1,2,34,17,17,13,6,7,0,0,0,2,0,2,8,4,4,11,7,4,2,1,1
55453703,215,127,88,211,125,86,6,2,4,15,10,5,2,0,2,4,2,2,183,80,103,78,32,46,0,0,0,12,0,12,40,23,17,53,25,28,2,0,2
55453704,345,185,160,330,177,153,16,8,8,31,11,20,2,0,2,15,8,7,299,133,166,124,54,70,3,2,1,14,1,13,50,22,28,108,54,54,4,2,2
55453706,13,10,3,10,8,2,0,0,0,0,0,0,0,0,0,3,2,1,10,4,6,5,4,1,0,0,0,0,0,0,4,0,4,1,0,1,0,0,0
55453707,745,409,336,696,382,314,22,8,14,85,36,49,4,0,4,49,27,22,690,286,404,362,145,217,1,1,0,21,0,21,109,49,60,197,91,106,57,40,17
55453708,700,378,322,634,343,291,31,15,16,85,43,42,1,1,0,66,35,31,575,273,302,253,118,135,0,0,0,21,1,20,93,48,45,208,106,102,31,12,19
55453710,140,75,65,120,64,56,3,0,3,19,10,9,0,0,0,20,11,9,115,53,62,56,30,26,0,0,0,6,0,6,24,10,14,29,13,16,13,8,5
55453711,144,80,64,131,73,58,4,3,1,16,11,5,3,0,3,13,7,6,165,68,97,74,27,47,1,0,1,4,0,4,29,12,17,57,29,28,5,3,2
55453712,261,142,119,233,130,103,13,3,10,25,13,12,1,0,1,28,12,16,216,99,117,110,48,62,1,1,0,4,0,4,32,16,16,69,34,35,7,2,5
55453713,163,86,77,143,78,65,7,4,3,19,9,10,3,0,3,20,8,12,130,46,84,58,23,35,0,0,0,5,0,5,27,9,18,40,14,26,2,1,1
1146770,0,0,0,0,0,0,0,0,0,0,0,0,0,0,0,0,0,0,0,0,0,0,0,0,0,0,0,0,0,0,0,0,0,0,0,0,0,0,0
1146850,0,0,0,0,0,0,0,0,0,0,0,0,0,0,0,0,0,0,0,0,0,0,0,0,0,0,0,0,0,0,0,0,0,0,0,0,0,0,0
1147740,0,0,0,0,0,0,0,0,0,0,0,0,0,0,0,0,0,0,0,0,0,0,0,0,0,0,0,0,0,0,0,0,0,0,0,0,0,0,0
1148120,0,0,0,0,0,0,0,0,0,0,0,0,0,0,0,0,0,0,0,0,0,0,0,0,0,0,0,0,0,0,0,0,0,0,0,0,0,0,0
1148390,0,0,0,0,0,0,0,0,0,0,0,0,0,0,0,0,0,0,0,0,0,0,0,0,0,0,0,0,0,0,0,0,0,0,0,0,0,0,0
1148630,0,0,0,0,0,0,0,0,0,0,0,0,0,0,0,0,0,0,0,0,0,0,0,0,0,0,0,0,0,0,0,0,0,0,0,0,0,0,0
1148710,0,0,0,0,0,0,0,0,0,0,0,0,0,0,0,0,0,0,0,0,0,0,0,0,0,0,0,0,0,0,0,0,0,0,0,0,0,0,0
1148980,0,0,0,0,0,0,0,0,0,0,0,0,0,0,0,0,0,0,0,0,0,0,0,0,0,0,0,0,0,0,0,0,0,0,0,0,0,0,0
1149010,0,0,0,0,0,0,0,0,0,0,0,0,0,0,0,0,0,0,0,0,0,0,0,0,0,0,0,0,0,0,0,0,0,0,0,0,0,0,0
1149950,0,0,0,0,0,0,0,0,0,0,0,0,0,0,0,0,0,0,0,0,0,0,0,0,0,0,0,0,0,0,0,0,0,0,0,0,0,0,0
3054810,0,0,0,0,0,0,0,0,0,0,0,0,0,0,0,0,0,0,0,0,0,0,0,0,0,0,0,0,0,0,0,0,0,0,0,0,0,0,0
54604601,125,62,63,121,62,59,4,1,3,12,4,8,2,0,2,4,0,4,126,57,69,72,32,40,1,1,0,2,0,2,16,9,7,35,15,20,1,0,1
54604602,394,211,183,369,199,170,11,6,5,38,16,22,3,0,3,25,12,13,325,139,186,164,57,107,1,1,0,5,0,5,41,22,19,114,59,55,5,3,2
54604603,1000,527,473,925,498,427,38,18,20,87,46,41,7,0,7,75,29,46,923,401,522,363,146,217,4,2,2,52,0,52,219,120,99,285,133,152,28,16,12
54604604,52,29,23,51,29,22,2,1,1,6,3,3,1,0,1,1,0,1,38,21,17,15,8,7,0,0,0,0,0,0,7,3,4,16,10,6,0,0,0
54604605,120,65,55,116,64,52,7,3,4,12,8,4,0,0,0,4,1,3,123,58,65,36,18,18,0,0,0,8,0,8,32,16,16,47,24,23,2,0,2
54604606,428,225,203,316,172,144,9,3,6,32,18,14,2,0,2,112,53,59,584,259,325,165,61,104,2,2,0,25,1,24,180,89,91,212,106,106,25,13,12
54604607,1635,883,752,1537,827,710,63,35,28,211,105,106,12,0,12,98,56,42,1518,656,862,702,268,434,3,2,1,58,0,58,263,124,139,492,262,230,28,15,13
54604609,253,128,125,232,118,114,12,6,6,25,11,14,3,0,3,21,10,11,225,114,111,83,43,40,0,0,0,7,0,7,45,22,23,90,49,41,6,5,1
54604610,275,144,131,250,134,116,7,5,2,28,14,14,0,0,0,25,10,15,222,96,126,119,51,68,0,0,0,4,0,4,31,13,18,68,32,36,7,4,3
54604611,853,493,360,764,435,329,41,22,19,72,45,27,8,0,8,89,58,31,578,271,307,163,75,88,4,2,2,15,0,15,171,85,86,225,109,116,185,126,59
54604612,147,76,71,131,69,62,11,6,5,17,6,11,0,0,0,16,7,9,123,61,62,55,28,27,0,0,0,3,0,3,16,8,8,49,25,24,2,0,2
54604613,301,158,143,277,149,128,12,3,9,47,25,22,1,0,1,24,9,15,273,122,151,128,54,74,4,2,2,10,0,10,40,19,21,91,47,44,11,4,7
54604614,688,390,298,653,370,283,31,20,11,92,45,47,9,0,9,35,20,15,684,275,409,318,119,199,2,2,0,27,0,27,123,55,68,214,99,115,19,7,12
54604615,12,5,7,11,4,7,0,0,0,1,1,0,0,0,0,1,1,0,11,7,4,7,6,1,0,0,0,0,0,0,1,1,0,3,0,3,2,1,1
54604616,598,324,274,559,304,255,28,13,15,61,30,31,5,0,5,39,20,19,825,272,553,543,159,384,2,1,1,34,0,34,120,60,60,126,52,74,28,17,11
54604617,81,52,29,55,35,20,3,1,2,6,3,3,0,0,0,26,17,9,97,43,54,24,10,14,0,0,0,4,0,4,36,14,22,33,19,14,16,5,11
54604618,96,55,41,88,52,36,3,1,2,2,0,2,0,0,0,8,3,5,87,42,45,37,18,19,0,0,0,7,0,7,21,12,9,22,12,10,3,1,2
54604619,454,252,202,401,227,174,18,2,16,42,27,15,1,0,1,53,25,28,372,156,216,170,57,113,0,0,0,19,0,19,62,34,28,121,65,56,20,11,9
54604620,122,69,53,106,61,45,7,1,6,9,7,2,1,0,1,16,8,8,128,46,82,54,19,35,0,0,0,6,0,6,31,14,17,37,13,24,6,3,3
54604621,26,15,11,24,15,9,0,0,0,1,1,0,0,0,0,2,0,2,17,5,12,6,2,4,0,0,0,0,0,0,1,0,1,10,3,7,0,0,0
54604622,27,21,6,9,8,1,1,1,0,1,1,0,0,0,0,18,13,5,43,22,21,2,2,0,0,0,0,1,0,1,30,16,14,10,4,6,20,10,10
54604623,391,391,0,273,273,0,5,5,0,0,0,0,0,0,0,118,118,0,394,392,2,24,24,0,0,0,0,0,0,0,311,309,2,59,59,0,1,1,0
54604624,381,208,173,247,144,103,7,2,5,20,13,7,2,0,2,134,64,70,560,291,269,180,98,82,1,1,0,26,0,26,148,75,73,205,117,88,24,10,14
54604625,156,77,79,74,39,35,1,1,0,5,3,2,0,0,0,82,38,44,253,130,123,73,40,33,2,1,1,15,0,15,92,44,48,71,45,26,19,6,13
54604626,141,69,72,133,65,68,6,2,4,16,8,8,1,0,1,8,4,4,123,58,65,75,37,38,0,0,0,2,0,2,11,7,4,35,14,21,0,0,0
54604628,429,232,197,408,222,186,22,13,9,38,23,15,1,0,1,21,10,11,355,142,213,150,60,90,1,0,1,19,0,19,68,28,40,117,54,63,3,1,2
54604629,158,87,71,155,85,70,3,2,1,16,11,5,0,0,0,3,2,1,137,58,79,56,21,35,0,0,0,8,0,8,23,9,14,50,28,22,2,1,1
54604630,419,224,195,258,149,109,10,4,6,16,7,9,1,0,1,161,75,86,590,294,296,175,94,81,4,2,2,14,0,14,206,99,107,191,99,92,60,35,25
54604631,97,55,42,89,52,37,1,1,0,16,8,8,0,0,0,8,3,5,85,36,49,46,18,28,0,0,0,3,0,3,10,5,5,26,13,13,3,2,1
54604632,146,79,67,138,74,64,13,4,9,12,5,7,1,0,1,8,5,3,129,60,69,54,26,28,1,1,0,4,0,4,15,8,7,55,25,30,1,0,1
54604636,25,11,14,22,10,12,0,0,0,2,0,2,1,0,1,3,1,2,25,9,16,11,5,6,1,1,0,1,0,1,8,1,7,4,2,2,1,0,1
54604637,72,32,40,69,31,38,6,1,5,10,4,6,1,0,1,3,1,2,55,32,23,28,16,12,0,0,0,2,0,2,5,4,1,20,12,8,2,2,0
54604638,20,15,5,17,12,5,0,0,0,0,0,0,1,0,1,3,3,0,31,23,8,3,3,0,0,0,0,1,0,1,16,10,6,11,10,1,6,4,2
54604639,289,163,126,274,156,118,10,5,5,33,15,18,2,0,2,15,7,8,262,138,124,121,64,57,0,0,0,6,0,6,41,19,22,94,55,39,8,4,4
54604640,57,41,16,53,39,14,3,1,2,5,3,2,1,0,1,4,2,2,40,22,18,25,11,14,0,0,0,1,0,1,3,3,0,11,8,3,2,1,1
55423501,1987,1087,900,1916,1050,866,95,43,52,223,115,108,16,0,16,71,37,34,1940,856,1084,820,336,484,3,2,1,95,1,94,300,151,149,722,366,356,31,16,15
55423502,9,5,4,7,5,2,0,0,0,0,0,0,0,0,0,2,0,2,13,6,7,4,1,3,0,0,0,0,0,0,2,2,0,7,3,4,0,0,0
1154790,0,0,0,0,0,0,0,0,0,0,0,0,0,0,0,0,0,0,0,0,0,0,0,0,0,0,0,0,0,0,0,0,0,0,0,0,0,0,0
55468501,83,47,36,55,33,22,3,1,2,10,5,5,1,0,1,28,14,14,62,31,31,27,15,12,0,0,0,1,0,1,15,8,7,19,8,11,5,3,2
55468502,287,149,138,270,140,130,15,6,9,38,20,18,1,0,1,17,9,8,272,128,144,152,72,80,2,1,1,11,0,11,34,16,18,73,39,34,5,2,3
55468504,49,26,23,48,26,22,3,1,2,5,3,2,0,0,0,1,0,1,40,10,30,14,5,9,0,0,0,4,0,4,13,3,10,9,2,7,1,0,1
55468505,107,58,49,100,56,44,7,2,5,11,5,6,0,0,0,7,2,5,86,44,42,39,19,20,0,0,0,3,0,3,15,8,7,29,17,12,1,0,1
55468506,69,37,32,66,35,31,7,2,5,5,3,2,0,0,0,3,2,1,56,25,31,30,13,17,0,0,0,3,0,3,9,4,5,14,8,6,0,0,0
55468509,1592,881,711,1512,833,679,87,42,45,225,107,118,9,0,9,80,48,32,1507,634,873,783,304,479,8,3,5,54,0,54,230,110,120,432,217,215,35,22,13
1154440,0,0,0,0,0,0,0,0,0,0,0,0,0,0,0,0,0,0,0,0,0,0,0,0,0,0,0,0,0,0,0,0,0,0,0,0,0,0,0
55471501,929,498,431,881,475,406,50,24,26,112,65,47,8,0,8,48,23,25,890,380,510,472,192,280,3,3,0,30,0,30,125,62,63,260,123,137,9,5,4
1140570,0,0,0,0,0,0,0,0,0,0,0,0,0,0,0,0,0,0,0,0,0,0,0,0,0,0,0,0,0,0,0,0,0,0,0,0,0,0,0
1140650,0,0,0,0,0,0,0,0,0,0,0,0,0,0,0,0,0,0,0,0,0,0,0,0,0,0,0,0,0,0,0,0,0,0,0,0,0,0,0
55422701,1315,769,546,918,536,382,23,7,16,111,51,60,2,0,2,397,233,164,1562,699,863,456,191,265,4,2,2,82,0,82,535,267,268,485,239,246,164,90,74
55422702,37,21,16,27,15,12,1,1,0,4,2,2,0,0,0,10,6,4,286,79,207,221,47,174,0,0,0,1,0,1,43,21,22,21,11,10,17,8,9
55422704,457,245,212,414,221,193,21,10,11,58,26,32,2,0,2,43,24,19,497,222,275,242,105,137,1,1,0,24,2,22,95,49,46,135,65,70,26,14,12
55422706,857,503,354,722,428,294,36,15,21,69,41,28,2,0,2,135,75,60,703,332,371,262,119,143,2,1,1,27,0,27,156,82,74,256,130,126,132,79,53
55422709,38,22,16,36,21,15,2,0,2,3,2,1,0,0,0,2,1,1,15,7,8,2,2,0,0,0,0,2,0,2,9,4,5,2,1,1,2,1,1
55422710,113,66,47,96,56,40,6,4,2,5,3,2,0,0,0,17,10,7,131,56,75,40,18,22,0,0,0,11,0,11,28,12,16,52,26,26,6,4,2
55422711,581,321,260,514,283,231,32,19,13,58,30,28,2,0,2,67,38,29,641,283,358,326,130,196,0,0,0,20,0,20,125,67,58,170,86,84,47,27,20
55422712,11,8,3,10,8,2,0,0,0,2,2,0,0,0,0,1,0,1,14,6,8,9,4,5,0,0,0,1,0,1,4,2,2,0,0,0,1,1,0
56844901,306,165,141,294,158,136,11,5,6,36,18,18,3,0,3,12,7,5,270,129,141,115,52,63,1,0,1,13,2,11,46,28,18,95,47,48,3,1,2
56844902,27,15,12,26,15,11,0,0,0,2,0,2,0,0,0,1,0,1,29,12,17,10,5,5,0,0,0,2,0,2,5,1,4,12,6,6,0,0,0
56911901,290,149,141,279,145,134,17,7,10,30,14,16,1,0,1,11,4,7,198,85,113,75,28,47,0,0,0,15,0,15,40,19,21,68,38,30,0,0,0
56950001,336,180,156,323,174,149,16,7,9,29,22,7,2,0,2,13,6,7,280,124,156,135,55,80,1,0,1,8,0,8,34,15,19,102,54,48,5,2,3
56950002,111,60,51,105,59,46,1,1,0,9,6,3,0,0,0,6,1,5,81,36,45,43,22,21,0,0,0,5,0,5,13,4,9,20,10,10,0,0,0
59873901,179,94,85,170,89,81,4,2,2,15,8,7,2,0,2,9,5,4,162,71,91,78,30,48,1,1,0,6,0,6,26,10,16,51,30,21,2,1,1
59873902,42,23,19,42,23,19,3,0,3,4,1,3,0,0,0,0,0,0,32,15,17,12,5,7,0,0,0,2,0,2,7,3,4,11,7,4,0,0,0
59873903,1224,669,555,1178,647,531,54,23,31,116,54,62,7,0,7,46,22,24,1099,507,592,516,211,305,0,0,0,52,1,51,183,106,77,348,189,159,13,7,6
59879801,560,303,257,536,292,244,36,20,16,34,20,14,3,0,3,24,11,13,512,232,280,244,106,138,0,0,0,20,0,20,79,39,40,169,87,82,3,1,2
59879802,469,248,221,443,238,205,22,7,15,27,13,14,8,1,7,26,10,16,383,171,212,174,74,100,2,2,0,13,0,13,68,36,32,126,59,67,7,2,5
59879803,285,155,130,277,150,127,6,3,3,24,12,12,6,0,6,8,5,3,301,153,148,139,60,79,0,0,0,11,0,11,54,29,25,97,64,33,3,3,0
59879804,1916,1028,888,1846,994,852,85,41,44,197,104,93,11,0,11,70,34,36,1815,820,995,907,397,510,5,2,3,71,0,71,264,135,129,568,286,282,24,11,13
59883601,1065,590,475,1030,570,460,36,22,14,102,63,39,9,0,9,35,20,15,949,413,536,405,166,239,1,1,0,43,0,43,150,69,81,350,177,173,12,9,3
59887901,922,500,422,879,477,402,35,19,16,53,34,19,10,1,9,43,23,20,793,335,458,298,125,173,3,3,0,39,0,39,143,65,78,310,142,168,2,1,1
59887902,447,232,215,436,226,210,26,9,17,34,17,17,2,0,2,11,6,5,346,160,186,106,47,59,1,1,0,19,0,19,67,28,39,153,84,69,4,1,3
59887903,2473,1331,1142,2353,1277,1076,113,59,54,222,97,125,20,0,20,120,54,66,2229,959,1270,1126,447,679,7,3,4,96,1,95,357,195,162,643,313,330,45,33,12
3308680,0,0,0,0,0,0,0,0,0,0,0,0,0,0,0,0,0,0,0,0,0,0,0,0,0,0,0,0,0,0,0,0,0,0,0,0,0,0,0
59954901,132,71,61,132,71,61,6,3,3,13,10,3,3,0,3,0,0,0,114,47,67,40,13,27,1,1,0,4,0,4,17,8,9,52,25,27,0,0,0
59954902,168,94,74,163,91,72,9,3,6,10,3,7,1,0,1,5,3,2,149,61,88,76,29,47,0,0,0,11,0,11,28,13,15,34,19,15,0,0,0
59954903,57,27,30,56,26,30,7,3,4,4,2,2,0,0,0,1,1,0,35,18,17,8,2,6,0,0,0,1,0,1,3,2,1,23,14,9,0,0,0
59954904,71,43,28,67,40,27,2,2,0,2,1,1,1,0,1,4,3,1,69,27,42,24,10,14,0,0,0,5,0,5,13,6,7,27,11,16,1,1,0
59954905,1603,865,738,1540,837,703,86,40,46,152,75,77,6,0,6,63,28,35,1430,607,823,693,264,429,2,1,1,57,0,57,217,106,111,461,236,225,20,13,7
59954906,69,30,39,68,29,39,3,0,3,4,1,3,0,0,0,1,1,0,55,30,25,12,7,5,1,1,0,2,0,2,10,7,3,30,15,15,0,0,0
59954907,188,94,94,186,93,93,14,5,9,16,7,9,2,0,2,2,1,1,144,73,71,56,25,31,0,0,0,4,0,4,22,12,10,62,36,26,1,0,1
