kod_nadzsj_d,Obyvatelstvo celkem,Obyvatelstvo celkem - muži,Obyvatelstvo celkem - ženy,"Obyvatelstvo - náboženská víra: věřící - nehlásící se k církvi, náboženské společnosti nebo směru - celkem","Obyvatelstvo - náboženská víra: věřící - nehlásící se k církvi, náboženské společnosti nebo směru - muži","Obyvatelstvo - náboženská víra: věřící - nehlásící se k církvi, náboženské společnosti nebo směru - ženy","Obyvatelstvo - náboženská víra: věřící - hlásící se k církvi, náboženské společnosti nebo směru - celkem","Obyvatelstvo - náboženská víra: věřící - hlásící se k církvi, náboženské společnosti nebo směru - muži","Obyvatelstvo - náboženská víra: věřící - hlásící se k církvi, náboženské společnosti nebo směru - ženy",Obyvatelstvo - náboženská víra: bez náboženské víry - celkem,Obyvatelstvo - náboženská víra: bez náboženské víry - muži,Obyvatelstvo - náboženská víra: bez náboženské víry - ženy,Obyvatelstvo - náboženská víra: neuvedeno - celkem,Obyvatelstvo - náboženská víra: neuvedeno - muži,Obyvatelstvo - náboženská víra: neuvedeno - ženy
1270600,0,0,0,0,0,0,0,0,0,0,0,0,0,0,0
1271590,0,0,0,0,0,0,0,0,0,0,0,0,0,0,0
3182130,0,0,0,0,0,0,0,0,0,0,0,0,0,0,0
3182640,0,0,0,0,0,0,0,0,0,0,0,0,0,0,0
50005401,977,500,477,125,56,69,159,79,80,361,193,168,332,172,160
50005402,1895,973,922,227,107,120,251,110,141,737,366,371,680,390,290
50005403,1691,885,806,240,107,133,240,117,123,644,355,289,567,306,261
50005404,2686,1408,1278,376,173,203,392,211,181,1010,513,497,908,511,397
50005405,2343,1146,1197,275,126,149,348,152,196,1032,517,515,688,351,337
50005407,3178,1598,1580,409,180,229,452,236,216,1363,704,659,954,478,476
50005408,4365,2377,1988,548,272,276,564,279,285,1748,961,787,1505,865,640
50005409,1655,860,795,204,101,103,187,94,93,744,391,353,520,274,246
50005411,1377,638,739,177,80,97,280,115,165,475,233,242,445,210,235
50005412,2101,1058,1043,295,132,163,308,144,164,858,442,416,640,340,300
50005413,28,16,12,3,1,2,2,0,2,12,7,5,11,8,3
50005414,90,51,39,16,10,6,38,23,15,22,11,11,14,7,7
50005416,581,314,267,89,37,52,188,113,75,180,95,85,124,69,55
1318060,0,0,0,0,0,0,0,0,0,0,0,0,0,0,0
1318570,0,0,0,0,0,0,0,0,0,0,0,0,0,0,0
1324620,0,0,0,0,0,0,0,0,0,0,0,0,0,0,0
1324710,0,0,0,0,0,0,0,0,0,0,0,0,0,0,0
3174620,0,0,0,0,0,0,0,0,0,0,0,0,0,0,0
3183960,0,0,0,0,0,0,0,0,0,0,0,0,0,0,0
50022401,42,6,36,0,0,0,0,0,0,0,0,0,42,6,36
50022402,2058,1008,1050,276,144,132,296,123,173,925,464,461,561,277,284
50022404,1094,538,556,110,48,62,186,92,94,515,255,260,283,143,140
50022405,541,265,276,85,37,48,66,32,34,243,119,124,147,77,70
50022406,918,427,491,112,46,66,111,48,63,458,212,246,237,121,116
50022407,333,177,156,37,20,17,49,21,28,158,91,67,89,45,44
50022408,5734,2776,2958,693,307,386,699,314,385,2784,1399,1385,1558,756,802
50022409,97,56,41,6,3,3,9,5,4,60,34,26,22,14,8
50022410,316,152,164,30,13,17,46,22,24,157,76,81,83,41,42
50022411,4429,2040,2389,498,228,270,458,197,261,2204,1066,1138,1269,549,720
50022413,5328,2506,2822,564,226,338,637,297,340,2854,1382,1472,1273,601,672
50022414,3086,1765,1321,214,89,125,210,88,122,1305,726,579,1357,862,495
50022415,3828,1808,2020,477,200,277,498,230,268,1773,858,915,1080,520,560
50022416,4829,2317,2512,606,236,370,597,272,325,2370,1173,1197,1256,636,620
50022417,2265,1050,1215,281,104,177,257,115,142,1143,553,590,584,278,306
50022418,2828,1423,1405,366,179,187,316,148,168,1381,683,698,765,413,352
50022419,3736,1765,1971,433,184,249,439,209,230,1822,874,948,1042,498,544
50022421,27,22,5,2,2,0,4,3,1,11,8,3,10,9,1
50022422,2798,1314,1484,283,114,169,349,161,188,1368,686,682,798,353,445
50022424,156,87,69,13,6,7,18,8,10,99,59,40,26,14,12
50022425,250,125,125,28,12,16,15,7,8,124,66,58,83,40,43
50022426,1219,593,626,164,81,83,148,76,72,546,260,286,361,176,185
50022427,4497,2170,2327,462,206,256,504,225,279,2319,1147,1172,1212,592,620
50022428,2945,1407,1538,302,128,174,352,159,193,1510,735,775,781,385,396
50022429,1436,643,793,139,52,87,143,57,86,768,359,409,386,175,211
50022430,3908,1844,2064,398,159,239,435,185,250,2114,1027,1087,961,473,488
50022431,1077,483,594,113,40,73,125,64,61,514,244,270,325,135,190
50022432,4072,1927,2145,424,182,242,494,215,279,1990,967,1023,1164,563,601
50022433,2303,1107,1196,247,97,150,258,118,140,1167,594,573,631,298,333
50022434,4594,2192,2402,463,193,270,527,234,293,2365,1178,1187,1239,587,652
50022436,1194,573,621,95,48,47,123,61,62,677,335,342,299,129,170
50022437,4021,1882,2139,425,192,233,491,208,283,1968,956,1012,1137,526,611
50022438,2118,1001,1117,204,85,119,286,123,163,1048,519,529,580,274,306
50022439,165,128,37,19,13,6,32,23,9,77,60,17,37,32,5
50022440,7519,3399,4120,856,325,531,855,334,521,3871,1865,2006,1937,875,1062
50022441,580,263,317,48,16,32,38,15,23,333,162,171,161,70,91
50022442,2849,1268,1581,258,125,133,264,100,164,1373,659,714,954,384,570
50022443,117,77,40,18,10,8,11,7,4,69,49,20,19,11,8
50022444,2041,993,1048,216,88,128,228,97,131,1019,506,513,578,302,276
50022445,4424,2071,2353,452,185,267,552,259,293,2104,999,1105,1316,628,688
50022446,74,43,31,15,7,8,14,9,5,22,11,11,23,16,7
50022447,4492,2158,2334,447,182,265,547,225,322,2309,1157,1152,1189,594,595
50022448,5487,2717,2770,525,242,283,753,361,392,2660,1332,1328,1549,782,767
50022449,121,51,70,6,2,4,10,1,9,54,25,29,51,23,28
50022450,2398,1080,1318,231,97,134,316,113,203,1238,583,655,613,287,326
50022451,3274,1548,1726,328,137,191,399,180,219,1649,795,854,898,436,462
50022452,615,310,305,69,27,42,55,20,35,297,153,144,194,110,84
50022453,1888,889,999,216,81,135,219,96,123,961,468,493,492,244,248
50022454,54,28,26,2,2,0,7,4,3,13,7,6,32,15,17
50022455,202,104,98,30,13,17,39,17,22,86,49,37,47,25,22
1282440,0,0,0,0,0,0,0,0,0,0,0,0,0,0,0
3157700,0,0,0,0,0,0,0,0,0,0,0,0,0,0,0
54703402,2799,1386,1413,243,104,139,276,137,139,1559,791,768,721,354,367
54703403,1023,457,566,122,43,79,88,38,50,525,238,287,288,138,150
54703404,5267,2484,2783,432,185,247,462,200,262,2838,1350,1488,1535,749,786
54703405,1873,934,939,160,73,87,228,94,134,1012,527,485,473,240,233
54703407,7674,3527,4147,679,260,419,716,312,404,4097,1904,2193,2182,1051,1131
54703408,4893,2300,2593,429,175,254,487,218,269,2569,1213,1356,1408,694,714
54703409,5651,2739,2912,492,211,281,573,259,314,3045,1503,1542,1541,766,775
54703410,5529,2660,2869,502,209,293,648,297,351,2929,1449,1480,1450,705,745
54703411,108,51,57,14,9,5,21,11,10,52,23,29,21,8,13
54703412,323,221,102,1,1,0,2,0,2,4,3,1,316,217,99
54703413,5984,2849,3135,577,257,320,654,292,362,2987,1439,1548,1766,861,905
54703414,2979,1453,1526,279,116,163,323,154,169,1554,745,809,823,438,385
54703415,4123,1909,2214,391,166,225,446,182,264,2066,995,1071,1220,566,654
54703417,1817,819,998,163,70,93,263,92,171,924,440,484,467,217,250
54703418,5336,2720,2616,448,213,235,483,217,266,2542,1272,1270,1863,1018,845
54703419,2042,1007,1035,191,89,102,251,116,135,1125,568,557,475,234,241
54703420,4899,2314,2585,441,184,257,504,230,274,2567,1244,1323,1387,656,731
54703421,6262,3040,3222,639,289,350,630,290,340,3337,1672,1665,1656,789,867
54703422,3520,1576,1944,376,157,219,385,149,236,1786,836,950,973,434,539
1284490,0,0,0,0,0,0,0,0,0,0,0,0,0,0,0
1284570,0,0,0,0,0,0,0,0,0,0,0,0,0,0,0
1284730,0,0,0,0,0,0,0,0,0,0,0,0,0,0,0
1285380,0,0,0,0,0,0,0,0,0,0,0,0,0,0,0
1285540,0,0,0,0,0,0,0,0,0,0,0,0,0,0,0
1285970,0,0,0,0,0,0,0,0,0,0,0,0,0,0,0
3158000,0,0,0,0,0,0,0,0,0,0,0,0,0,0,0
3158420,0,0,0,0,0,0,0,0,0,0,0,0,0,0,0
3161720,0,0,0,0,0,0,0,0,0,0,0,0,0,0,0
3162700,0,0,0,0,0,0,0,0,0,0,0,0,0,0,0
3162880,0,0,0,0,0,0,0,0,0,0,0,0,0,0,0
3163180,0,0,0,0,0,0,0,0,0,0,0,0,0,0,0
3298270,0,0,0,0,0,0,0,0,0,0,0,0,0,0,0
54710701,73,35,38,4,3,1,5,2,3,47,24,23,17,6,11
54710702,22,13,9,1,0,1,5,3,2,14,8,6,2,2,0
54710703,1038,531,507,97,45,52,73,41,32,588,305,283,280,140,140
54710707,870,416,454,62,29,33,89,37,52,461,222,239,258,128,130
54710708,4595,2153,2442,414,169,245,401,164,237,2509,1231,1278,1271,589,682
54710710,3234,1492,1742,292,112,180,293,136,157,1797,855,942,852,389,463
54710711,5021,2370,2651,427,180,247,458,203,255,2793,1342,1451,1343,645,698
54710712,974,463,511,86,39,47,70,29,41,566,284,282,252,111,141
54710713,5305,2477,2828,477,203,274,524,238,286,2816,1309,1507,1488,727,761
54710714,26,13,13,2,1,1,0,0,0,15,6,9,9,6,3
54710715,1304,633,671,132,60,72,127,54,73,735,354,381,310,165,145
54710716,513,239,274,39,19,20,60,25,35,277,134,143,137,61,76
54710717,2028,953,1075,176,70,106,202,98,104,1082,545,537,568,240,328
54710718,4427,2161,2266,411,191,220,487,231,256,2386,1176,1210,1143,563,580
54710719,335,165,170,42,17,25,42,17,25,160,82,78,91,49,42
54710720,173,89,84,18,10,8,18,10,8,95,45,50,42,24,18
54710721,506,250,256,56,23,33,55,26,29,255,129,126,140,72,68
54710722,146,75,71,10,4,6,20,10,10,64,38,26,52,23,29
54710723,4802,2284,2518,433,184,249,498,232,266,2370,1149,1221,1501,719,782
54710724,2639,1475,1164,208,98,110,221,105,116,1263,680,583,947,592,355
54710725,5598,2682,2916,476,189,287,560,267,293,2994,1477,1517,1568,749,819
54710726,4864,2422,2442,477,231,246,470,235,235,2543,1230,1313,1374,726,648
54710728,677,345,332,100,50,50,66,37,29,346,175,171,165,83,82
54710729,2831,1342,1489,254,111,143,291,130,161,1517,722,795,769,379,390
54710730,731,379,352,75,43,32,70,38,32,395,199,196,191,99,92
54710731,1974,965,1009,186,73,113,248,118,130,932,488,444,608,286,322
54710734,1854,896,958,153,64,89,218,106,112,939,449,490,544,277,267
54710735,31,18,13,2,1,1,1,0,1,18,10,8,10,7,3
3163690,0,0,0,0,0,0,0,0,0,0,0,0,0,0,0
3168650,0,0,0,0,0,0,0,0,0,0,0,0,0,0,0
3168730,0,0,0,0,0,0,0,0,0,0,0,0,0,0,0
3168810,0,0,0,0,0,0,0,0,0,0,0,0,0,0,0
3168900,0,0,0,0,0,0,0,0,0,0,0,0,0,0,0
3169030,0,0,0,0,0,0,0,0,0,0,0,0,0,0,0
3182210,0,0,0,0,0,0,0,0,0,0,0,0,0,0,0
3183700,0,0,0,0,0,0,0,0,0,0,0,0,0,0,0
3205520,0,0,0,0,0,0,0,0,0,0,0,0,0,0,0
53969401,38,19,19,4,3,1,12,7,5,16,6,10,6,3,3
53969402,4950,2333,2617,473,198,275,534,228,306,2648,1280,1368,1295,627,668
53969403,97,46,51,16,6,10,18,8,10,43,22,21,20,10,10
53969404,5275,2689,2586,616,263,353,645,305,340,2011,1002,1009,2003,1119,884
53969405,6011,2871,3140,603,260,343,701,298,403,3116,1556,1560,1591,757,834
53969406,2805,1392,1413,304,134,170,334,163,171,1416,720,696,751,375,376
53969407,1901,906,995,207,90,117,192,84,108,956,470,486,546,262,284
53969408,4452,2068,2384,395,171,224,434,190,244,2360,1135,1225,1263,572,691
53969410,335,173,162,29,10,19,25,14,11,179,94,85,102,55,47
53969411,391,321,70,32,26,6,30,20,10,40,29,11,289,246,43
53969412,4523,2184,2339,487,218,269,613,295,318,2196,1076,1120,1227,595,632
53969413,10255,4894,5361,1084,460,624,1233,576,657,5079,2466,2613,2859,1392,1467
53969414,689,328,361,73,34,39,109,54,55,330,165,165,177,75,102
53969415,171,86,85,25,8,17,12,6,6,98,58,40,36,14,22
53969416,2294,1149,1145,225,91,134,227,117,110,1179,617,562,663,324,339
53969417,1098,557,541,94,42,52,123,59,64,585,314,271,296,142,154
53969419,5969,2854,3115,512,216,296,599,259,340,3296,1616,1680,1562,763,799
53969420,4802,2386,2416,625,281,344,662,320,342,2222,1154,1068,1293,631,662
53969421,2914,1444,1470,320,138,182,328,160,168,1382,686,696,884,460,424
53969422,565,272,293,57,26,31,53,22,31,303,153,150,152,71,81
53969423,145,74,71,10,6,4,15,7,8,90,47,43,30,14,16
53969424,441,229,212,35,17,18,27,15,12,223,121,102,156,76,80
53969425,30,15,15,5,3,2,2,0,2,14,7,7,9,5,4
53969426,38,30,8,4,3,1,3,3,0,18,12,6,13,12,1
1316610,0,0,0,0,0,0,0,0,0,0,0,0,0,0,0
1316950,0,0,0,0,0,0,0,0,0,0,0,0,0,0,0
3065250,0,0,0,0,0,0,0,0,0,0,0,0,0,0,0
3170120,0,0,0,0,0,0,0,0,0,0,0,0,0,0,0
3170550,0,0,0,0,0,0,0,0,0,0,0,0,0,0,0
3172090,0,0,0,0,0,0,0,0,0,0,0,0,0,0,0
54736101,251,126,125,35,12,23,7,4,3,146,76,70,63,34,29
54736102,266,129,137,10,5,5,20,12,8,170,79,91,66,33,33
54736103,173,91,82,30,15,15,22,11,11,96,53,43,25,12,13
54736104,3913,1897,2016,439,191,248,425,194,231,1955,955,1000,1094,557,537
54736105,3670,1841,1829,419,205,214,448,215,233,1724,872,852,1079,549,530
54736106,2255,1132,1123,242,124,118,300,144,156,1148,566,582,565,298,267
54736109,138,70,68,26,9,17,9,7,2,83,44,39,20,10,10
54736110,51,29,22,14,6,8,5,4,1,28,16,12,4,3,1
54736111,5960,2968,2992,606,291,315,654,296,358,2998,1546,1452,1702,835,867
54736112,3570,1675,1895,326,127,199,314,148,166,1950,934,1016,980,466,514
54736113,718,360,358,71,36,35,106,49,57,313,156,157,228,119,109
54736114,6778,3252,3526,662,296,366,738,358,380,3358,1604,1754,2020,994,1026
54736115,1050,518,532,113,49,64,113,58,55,550,273,277,274,138,136
54736116,4390,2324,2066,356,174,182,471,223,248,1907,993,914,1656,934,722
54736117,43,24,19,5,3,2,8,5,3,14,6,8,16,10,6
54736118,3015,1521,1494,314,143,171,358,170,188,1473,770,703,870,438,432
54736119,283,139,144,32,12,20,67,33,34,112,58,54,72,36,36
54736120,208,179,29,13,11,2,21,17,4,15,13,2,159,138,21
54736121,1394,710,684,136,68,68,143,65,78,679,348,331,436,229,207
54736122,1605,820,785,173,73,100,154,81,73,785,404,381,493,262,231
54736123,2247,1131,1116,190,75,115,267,122,145,1251,659,592,539,275,264
54736124,49,44,5,0,0,0,15,13,2,1,1,0,33,30,3
54736125,1187,575,612,114,48,66,122,60,62,664,322,342,287,145,142
54736126,2478,1239,1239,214,108,106,215,107,108,1433,719,714,616,305,311
54736127,1322,642,680,137,63,74,120,64,56,755,377,378,310,138,172
1318650,0,0,0,0,0,0,0,0,0,0,0,0,0,0,0
3060450,0,0,0,0,0,0,0,0,0,0,0,0,0,0,0
3174200,0,0,0,0,0,0,0,0,0,0,0,0,0,0,0
3183880,0,0,0,0,0,0,0,0,0,0,0,0,0,0,0
54738701,58,32,26,10,7,3,4,1,3,36,20,16,8,4,4
54738702,1915,928,987,180,81,99,203,81,122,1020,515,505,512,251,261
54738703,138,74,64,16,8,8,16,9,7,65,33,32,41,24,17
54738704,68,43,25,11,7,4,5,3,2,32,19,13,20,14,6
54738705,184,112,72,26,17,9,25,20,5,77,45,32,56,30,26
54738707,3899,1851,2048,415,176,239,447,206,241,1954,935,1019,1083,534,549
54738708,4949,2366,2583,551,230,321,520,229,291,2546,1261,1285,1332,646,686
54738709,509,257,252,52,26,26,59,28,31,269,138,131,129,65,64
54738710,1551,746,805,175,76,99,169,75,94,764,381,383,443,214,229
54738711,3488,1662,1826,332,152,180,339,152,187,1867,906,961,950,452,498
54738713,2402,1186,1216,270,117,153,256,120,136,1260,626,634,616,323,293
54738714,5140,2455,2685,430,208,222,420,199,221,2858,1386,1472,1432,662,770
54738715,1805,882,923,191,89,102,209,98,111,923,453,470,482,242,240
54738716,3458,1774,1684,249,120,129,274,127,147,1883,958,925,1052,569,483
54738717,161,86,75,21,13,8,17,11,6,100,50,50,23,12,11
54738719,5442,2515,2927,444,181,263,481,205,276,2985,1381,1604,1532,748,784
3061850,0,0,0,0,0,0,0,0,0,0,0,0,0,0,0
53960102,40,26,14,5,2,3,3,2,1,16,10,6,16,12,4
53960103,5585,2784,2801,507,235,272,603,292,311,2892,1459,1433,1583,798,785
53960104,21,11,10,3,3,0,2,1,1,13,6,7,3,1,2
53960106,27,12,15,0,0,0,8,4,4,12,6,6,7,2,5
53960107,184,100,84,15,6,9,16,9,7,107,59,48,46,26,20
53960108,2095,1019,1076,189,91,98,232,104,128,1083,544,539,591,280,311
53960110,510,295,215,36,16,20,53,30,23,228,127,101,193,122,71
54717401,6045,2850,3195,508,205,303,595,254,341,3200,1560,1640,1742,831,911
54717402,45,30,15,4,2,2,3,3,0,26,19,7,12,6,6
54717403,2007,959,1048,196,87,109,223,104,119,1036,510,526,552,258,294
54717404,798,363,435,62,26,36,130,48,82,434,208,226,172,81,91
54717405,7203,3524,3679,588,280,308,798,344,454,3520,1725,1795,2297,1175,1122
54717406,595,297,298,52,25,27,93,48,45,284,145,139,166,79,87
54717407,5768,2792,2976,588,270,318,614,281,333,3037,1493,1544,1529,748,781
1311720,0,0,0,0,0,0,0,0,0,0,0,0,0,0,0
1314400,0,0,0,0,0,0,0,0,0,0,0,0,0,0,0
54741701,54,26,28,4,2,2,10,3,7,20,12,8,20,9,11
54741702,377,207,170,32,11,21,27,15,12,231,126,105,87,55,32
54741703,325,150,175,53,23,30,39,15,24,131,64,67,102,48,54
54741704,10945,5319,5626,1138,512,626,1290,618,672,5375,2654,2721,3142,1535,1607
54741705,3822,1921,1901,354,175,179,311,151,160,2032,1017,1015,1125,578,547
54741706,4358,2158,2200,495,238,257,498,250,248,2282,1118,1164,1083,552,531
54741707,29,21,8,4,3,1,5,3,2,11,8,3,9,7,2
54741708,1668,808,860,170,65,105,180,83,97,840,422,418,478,238,240
54741709,124,62,62,15,8,7,15,11,4,68,29,39,26,14,12
1311990,0,0,0,0,0,0,0,0,0,0,0,0,0,0,0
3170390,0,0,0,0,0,0,0,0,0,0,0,0,0,0,0
54734401,230,110,120,32,12,20,17,5,12,122,62,60,59,31,28
54734402,860,440,420,80,38,42,71,32,39,455,234,221,254,136,118
54734404,205,106,99,17,9,8,15,8,7,111,56,55,62,33,29
54734405,21,10,11,4,1,3,4,2,2,8,5,3,5,2,3
54734406,2535,1247,1288,260,98,162,256,128,128,1320,665,655,699,356,343
54734407,3365,1632,1733,270,115,155,271,121,150,1959,980,979,865,416,449
1272300,0,0,0,0,0,0,0,0,0,0,0,0,0,0,0
3057910,0,0,0,0,0,0,0,0,0,0,0,0,0,0,0
3058040,0,0,0,0,0,0,0,0,0,0,0,0,0,0,0
3182050,0,0,0,0,0,0,0,0,0,0,0,0,0,0,0
50008901,1651,821,830,191,73,118,261,129,132,711,367,344,488,252,236
50008902,685,355,330,78,35,43,102,48,54,300,168,132,205,104,101
50008903,2662,1286,1376,339,150,189,363,163,200,1200,585,615,760,388,372
50008904,1497,779,718,207,102,105,206,102,104,647,327,320,437,248,189
50008905,2606,1294,1312,305,133,172,366,191,175,1204,616,588,731,354,377
50008906,2950,1479,1471,362,166,196,469,226,243,1225,619,606,894,468,426
50008907,1944,942,1002,206,88,118,250,121,129,971,469,502,517,264,253
50008908,4353,2215,2138,521,240,281,649,315,334,1906,983,923,1277,677,600
50008909,6303,3252,3051,803,377,426,778,362,416,2646,1374,1272,2076,1139,937
50008910,2938,1420,1518,408,177,231,442,191,251,1276,633,643,812,419,393
50008912,4203,2105,2098,533,244,289,536,255,281,1921,969,952,1213,637,576
50008913,4858,2347,2511,545,225,320,664,300,364,2240,1124,1116,1409,698,711
50008914,56,50,6,1,1,0,17,16,1,29,26,3,9,7,2
50008916,2547,1262,1285,280,123,157,350,170,180,1158,602,556,759,367,392
50008917,2003,1006,997,271,137,134,256,126,130,847,415,432,629,328,301
50008918,4149,2089,2060,488,224,264,538,274,264,1931,980,951,1192,611,581
3065170,0,0,0,0,0,0,0,0,0,0,0,0,0,0,0
3170710,0,0,0,0,0,0,0,0,0,0,0,0,0,0,0
3170980,0,0,0,0,0,0,0,0,0,0,0,0,0,0,0
3172330,0,0,0,0,0,0,0,0,0,0,0,0,0,0,0
3172680,0,0,0,0,0,0,0,0,0,0,0,0,0,0,0
3249060,0,0,0,0,0,0,0,0,0,0,0,0,0,0,0
53821301,3280,1595,1685,263,117,146,262,116,146,1862,916,946,893,446,447
53821302,38,28,10,8,8,0,5,3,2,9,3,6,16,14,2
53821304,37,22,15,6,3,3,6,5,1,18,8,10,7,6,1
53821307,36,24,12,5,3,2,4,3,1,14,8,6,13,10,3
53821308,7273,3580,3693,616,278,338,812,378,434,3739,1885,1854,2106,1039,1067
53821309,331,201,130,83,39,44,75,47,28,41,26,15,132,89,43
53821310,329,167,162,24,13,11,40,19,21,167,87,80,98,48,50
53821311,3890,1897,1993,405,186,219,495,229,266,1920,968,952,1070,514,556
53821312,89,44,45,4,2,2,4,1,3,54,30,24,27,11,16
3173220,0,0,0,0,0,0,0,0,0,0,0,0,0,0,0
53894901,36,19,17,1,1,0,3,1,2,14,7,7,18,10,8
53894902,7183,3598,3585,639,308,331,792,398,394,3772,1910,1862,1980,982,998
53894903,2261,1101,1160,186,85,101,172,79,93,1278,628,650,625,309,316
53894904,949,457,492,100,48,52,83,38,45,507,258,249,259,113,146
3175010,0,0,0,0,0,0,0,0,0,0,0,0,0,0,0
3175510,0,0,0,0,0,0,0,0,0,0,0,0,0,0,0
3176410,0,0,0,0,0,0,0,0,0,0,0,0,0,0,0
3297540,0,0,0,0,0,0,0,0,0,0,0,0,0,0,0
53893101,703,357,346,64,27,37,55,29,26,423,220,203,161,81,80
53893103,77,39,38,6,3,3,3,2,1,53,26,27,15,8,7
53893104,2495,1203,1292,275,119,156,320,152,168,1240,612,628,660,320,340
53893106,81,46,35,7,5,2,7,5,2,53,28,25,14,8,6
53893107,5957,2994,2963,501,233,268,629,303,326,3144,1596,1548,1683,862,821
53893109,2382,1137,1245,241,113,128,243,104,139,1252,592,660,646,328,318
53893110,861,392,469,106,51,55,69,33,36,391,171,220,295,137,158
53893111,1347,656,691,141,59,82,146,74,72,679,331,348,381,192,189
1274000,0,0,0,0,0,0,0,0,0,0,0,0,0,0,0
50009701,32,19,13,7,4,3,0,0,0,14,10,4,11,5,6
50009702,1476,721,755,148,55,93,156,70,86,738,382,356,434,214,220
50009703,128,70,58,16,10,6,23,13,10,57,30,27,32,17,15
50009704,5783,2773,3010,624,270,354,711,298,413,2677,1301,1376,1771,904,867
50009705,3528,1974,1554,362,190,172,378,182,196,1384,745,639,1404,857,547
50009706,51,29,22,7,5,2,6,3,3,23,11,12,15,10,5
50009707,51,38,13,6,4,2,8,7,1,27,21,6,10,6,4
50009708,3012,1447,1565,325,132,193,341,142,199,1460,726,734,886,447,439
50009709,5402,2597,2805,539,223,316,571,265,306,2701,1326,1375,1591,783,808
50009710,3329,1504,1825,372,156,216,368,164,204,1659,757,902,930,427,503
50009711,3658,1775,1883,428,182,246,469,222,247,1772,870,902,989,501,488
50009712,1108,542,566,120,55,65,123,63,60,570,284,286,295,140,155
50009713,5372,2700,2672,693,329,364,627,295,332,2444,1260,1184,1608,816,792
50009714,2494,1190,1304,237,88,149,267,112,155,1366,690,676,624,300,324
50009715,2297,1069,1228,278,123,155,225,101,124,1144,541,603,650,304,346
50009716,4273,2227,2046,522,256,266,540,285,255,1986,1040,946,1225,646,579
50009717,7102,3501,3601,930,407,523,733,344,389,3383,1756,1627,2056,994,1062
50009718,4239,2076,2163,504,225,279,499,229,270,2043,1004,1039,1193,618,575
50009719,1965,991,974,270,121,149,253,119,134,905,476,429,537,275,262
50009720,2957,1391,1566,351,150,201,393,167,226,1446,693,753,767,381,386
50009721,2916,1357,1559,314,119,195,400,170,230,1345,652,693,857,416,441
50009722,3954,1934,2020,514,215,299,530,271,259,1805,900,905,1105,548,557
50009723,3726,1835,1891,423,187,236,484,231,253,1822,902,920,997,515,482
50009724,4377,2061,2316,527,219,308,537,229,308,2044,954,1090,1269,659,610
50009725,1077,536,541,121,55,66,129,61,68,511,264,247,316,156,160
1276710,0,0,0,0,0,0,0,0,0,0,0,0,0,0,0
1279140,0,0,0,0,0,0,0,0,0,0,0,0,0,0,0
1281040,0,0,0,0,0,0,0,0,0,0,0,0,0,0,0
3058120,0,0,0,0,0,0,0,0,0,0,0,0,0,0,0
3058470,0,0,0,0,0,0,0,0,0,0,0,0,0,0,0
3069160,0,0,0,0,0,0,0,0,0,0,0,0,0,0,0
3157960,0,0,0,0,0,0,0,0,0,0,0,0,0,0,0
3158180,0,0,0,0,0,0,0,0,0,0,0,0,0,0,0
3159150,0,0,0,0,0,0,0,0,0,0,0,0,0,0,0
3159230,0,0,0,0,0,0,0,0,0,0,0,0,0,0,0
3159310,0,0,0,0,0,0,0,0,0,0,0,0,0,0,0
3160410,0,0,0,0,0,0,0,0,0,0,0,0,0,0,0
3205100,0,0,0,0,0,0,0,0,0,0,0,0,0,0,0
3207810,0,0,0,0,0,0,0,0,0,0,0,0,0,0,0
50011901,274,143,131,32,16,16,21,13,8,154,74,80,67,40,27
50011902,2797,1379,1418,277,134,143,377,165,212,1418,701,717,725,379,346
50011903,885,391,494,82,34,48,127,52,75,418,192,226,258,113,145
50011905,64,56,8,16,14,2,12,10,2,27,26,1,9,6,3
50011906,55,41,14,9,6,3,7,6,1,30,23,7,9,6,3
50011907,8389,3962,4427,845,344,501,1112,490,622,4006,1952,2054,2426,1176,1250
50011908,1411,654,757,137,56,81,170,67,103,672,337,335,432,194,238
50011909,2998,1442,1556,320,136,184,461,207,254,1446,728,718,771,371,400
50011911,2687,1288,1399,278,134,144,281,124,157,1419,689,730,709,341,368
50011912,209,104,105,52,18,34,13,7,6,95,56,39,49,23,26
50011913,354,171,183,50,21,29,56,27,29,162,83,79,86,40,46
50011914,1706,852,854,150,67,83,202,96,106,892,441,451,462,248,214
50011915,736,364,372,40,15,25,89,44,45,395,197,198,212,108,104
50011916,699,358,341,86,41,45,101,55,46,349,180,169,163,82,81
50011917,483,244,239,56,30,26,75,41,34,241,116,125,111,57,54
50011918,3796,1773,2023,425,200,225,403,173,230,1883,896,987,1085,504,581
50011919,51,22,29,9,2,7,6,4,2,23,12,11,13,4,9
50011920,7270,3289,3981,732,289,443,895,370,525,3682,1711,1971,1961,919,1042
50011921,59,9,50,7,2,5,13,3,10,19,3,16,20,1,19
50011922,3388,1607,1781,353,153,200,381,172,209,1714,823,891,940,459,481
50011923,2668,1282,1386,279,125,154,309,137,172,1366,653,713,714,367,347
50011924,1965,934,1031,226,112,114,250,113,137,939,444,495,550,265,285
50011926,1494,1024,470,65,43,22,43,27,16,352,239,113,1034,715,319
50011927,1176,531,645,116,52,64,124,48,76,423,209,214,513,222,291
50011928,1737,865,872,150,71,79,165,79,86,974,487,487,448,228,220
50011930,2418,1186,1232,282,118,164,327,148,179,1191,625,566,618,295,323
50011931,140,76,64,12,6,6,12,5,7,53,31,22,63,34,29
50011932,270,122,148,20,6,14,25,8,17,139,66,73,86,42,44
50011933,394,196,198,46,23,23,62,32,30,225,111,114,61,30,31
50011934,5226,2442,2784,556,227,329,636,278,358,2626,1276,1350,1408,661,747
50011936,4514,2166,2348,489,237,252,495,226,269,2177,1063,1114,1353,640,713
50011937,238,107,131,16,5,11,23,8,15,129,70,59,70,24,46
50011938,4585,2196,2389,472,202,270,582,270,312,2333,1157,1176,1198,567,631
50011941,3416,1641,1775,370,156,214,362,161,201,1751,879,872,933,445,488
50011943,5330,2567,2763,584,253,331,630,275,355,2600,1279,1321,1516,760,756
50011944,3900,1805,2095,390,150,240,523,241,282,1938,931,1007,1049,483,566
50011945,2398,1162,1236,281,120,161,271,132,139,1196,596,600,650,314,336
50011947,109,53,56,13,6,7,9,3,6,52,23,29,35,21,14
50011948,5449,2582,2867,651,256,395,612,279,333,2659,1305,1354,1527,742,785
50011949,1301,1065,236,234,204,30,167,143,24,672,558,114,228,160,68
50011950,4366,2080,2286,519,217,302,540,260,280,2070,1008,1062,1237,595,642
50011951,5917,2911,3006,716,330,386,681,315,366,2796,1402,1394,1724,864,860
50011952,2247,1094,1153,271,126,145,285,146,139,1043,499,544,648,323,325
50011953,4647,2269,2378,533,226,307,533,251,282,2317,1161,1156,1264,631,633
50011954,25,15,10,1,0,1,5,3,2,14,8,6,5,4,1
50011955,2764,1293,1471,318,135,183,355,160,195,1384,679,705,707,319,388
50011956,2427,1224,1203,314,139,175,312,157,155,1171,619,552,630,309,321
50011957,2154,1001,1153,198,73,125,262,123,139,1095,518,577,599,287,312
50011958,1548,722,826,166,70,96,162,57,105,769,362,407,451,233,218
50011959,46,25,21,3,3,0,12,6,6,15,9,6,16,7,9
50011960,2837,1296,1541,285,115,170,320,141,179,1420,668,752,812,372,440
50011961,24,15,9,2,0,2,1,1,0,15,9,6,6,5,1
50011962,2581,1226,1355,271,106,165,275,129,146,1297,639,658,738,352,386
50011963,762,373,389,91,37,54,95,52,43,392,201,191,184,83,101
50011965,109,51,58,8,5,3,20,8,12,43,24,19,38,14,24
50011966,2398,1134,1264,238,91,147,269,123,146,1238,615,623,653,305,348
50011967,2810,1336,1474,285,121,164,331,151,180,1429,704,725,765,360,405
50011969,3753,1750,2003,388,159,229,464,199,265,1908,905,1003,993,487,506
50011970,2503,1206,1297,293,133,160,312,142,170,1262,621,641,636,310,326
1287240,0,0,0,0,0,0,0,0,0,0,0,0,0,0,0
3058710,0,0,0,0,0,0,0,0,0,0,0,0,0,0,0
3058800,0,0,0,0,0,0,0,0,0,0,0,0,0,0,0
3058980,0,0,0,0,0,0,0,0,0,0,0,0,0,0,0
3059010,0,0,0,0,0,0,0,0,0,0,0,0,0,0,0
3163420,0,0,0,0,0,0,0,0,0,0,0,0,0,0,0
3207730,0,0,0,0,0,0,0,0,0,0,0,0,0,0,0
50014301,1078,524,554,137,56,81,127,57,70,481,239,242,333,172,161
50014302,239,117,122,27,14,13,44,21,23,91,45,46,77,37,40
50014303,424,205,219,46,20,26,58,24,34,198,97,101,122,64,58
50014304,3555,1733,1822,369,162,207,376,190,186,1794,897,897,1016,484,532
50014305,877,422,455,112,53,59,131,57,74,421,210,211,213,102,111
50014306,3801,1808,1993,363,151,212,364,150,214,2062,1014,1048,1012,493,519
50014307,1694,815,879,211,82,129,154,80,74,842,417,425,487,236,251
50014309,2280,1083,1197,236,102,134,277,116,161,1110,532,578,657,333,324
50014310,77,39,38,2,1,1,7,2,5,45,26,19,23,10,13
50014311,65,28,37,6,1,5,9,4,5,31,13,18,19,10,9
50014312,650,309,341,85,39,46,72,29,43,311,150,161,182,91,91
50014313,3519,1664,1855,365,162,203,485,218,267,1718,837,881,951,447,504
50014314,25,12,13,4,2,2,2,0,2,12,6,6,7,4,3
50014315,1863,893,970,202,91,111,255,118,137,901,449,452,505,235,270
50014317,448,215,233,44,16,28,78,41,37,197,97,100,129,61,68
50014318,3264,1543,1721,362,156,206,381,166,215,1569,763,806,952,458,494
50014319,680,325,355,61,28,33,63,33,30,383,176,207,173,88,85
50014321,604,296,308,49,26,23,82,43,39,339,165,174,134,62,72
50014322,1348,662,686,143,70,73,167,69,98,657,318,339,381,205,176
50014323,2386,1122,1264,264,115,149,282,133,149,1047,509,538,793,365,428
50014324,4279,2077,2202,517,215,302,606,288,318,2022,1015,1007,1134,559,575
50014325,3429,1799,1630,508,274,234,397,199,198,1463,772,691,1061,554,507
50014326,595,295,300,65,26,39,42,26,16,296,139,157,192,104,88
50014327,305,160,145,46,19,27,23,8,15,152,83,69,84,50,34
50014328,284,156,128,29,11,18,33,20,13,114,63,51,108,62,46
50014329,125,69,56,29,14,15,20,14,6,44,24,20,32,17,15
50014330,2817,1375,1442,356,154,202,332,167,165,1230,608,622,899,446,453
50014331,32,14,18,2,2,0,4,2,2,20,8,12,6,2,4
50014332,29,19,10,1,1,0,3,3,0,19,12,7,6,3,3
50014333,2441,1188,1253,286,114,172,319,159,160,1143,575,568,693,340,353
50014334,1255,631,624,158,73,85,166,74,92,560,291,269,371,193,178
50014335,2015,953,1062,253,111,142,244,115,129,932,436,496,586,291,295
50014336,4389,2115,2274,510,230,280,530,231,299,1983,965,1018,1366,689,677
50014338,4738,2525,2213,514,245,269,488,252,236,1807,909,898,1929,1119,810
50014339,1285,625,660,166,75,91,168,78,90,538,262,276,413,210,203
50014340,1695,848,847,165,79,86,228,101,127,886,460,426,416,208,208
50014341,108,79,29,32,22,10,17,13,4,6,2,4,53,42,11
50014342,2484,1207,1277,285,138,147,303,147,156,1243,602,641,653,320,333
50014343,296,179,117,30,20,10,51,35,16,148,85,63,67,39,28
50014344,2891,1341,1550,334,119,215,393,178,215,1330,641,689,834,403,431
50014345,674,346,328,88,38,50,73,43,30,350,187,163,163,78,85
50014346,3239,1565,1674,445,197,248,442,205,237,1407,714,693,945,449,496
50014348,4665,2250,2415,504,218,286,602,284,318,2272,1118,1154,1287,630,657
50014349,821,391,430,92,44,48,99,48,51,402,192,210,228,107,121
50014350,3855,1849,2006,387,158,229,422,214,208,2052,1001,1051,994,476,518
50014352,53,23,30,3,0,3,2,2,0,14,8,6,34,13,21
50014353,3588,1810,1778,412,173,239,453,219,234,1774,918,856,949,500,449
50014355,1221,597,624,155,63,92,124,58,66,595,313,282,347,163,184
50014357,25,13,12,1,0,1,1,1,0,12,6,6,11,6,5
50014358,52,31,21,2,2,0,9,5,4,27,17,10,14,7,7
50014360,2472,1224,1248,230,96,134,333,161,172,1155,573,582,754,394,360
50014361,28,13,15,9,3,6,1,1,0,4,3,1,14,6,8
50014362,245,121,124,19,8,11,33,16,17,147,74,73,46,23,23
50014363,717,358,359,77,43,34,76,31,45,387,204,183,177,80,97
50014364,24,13,11,3,3,0,1,0,1,12,5,7,8,5,3
50014365,2959,1353,1606,267,110,157,354,138,216,1551,739,812,787,366,421
1294370,0,0,0,0,0,0,0,0,0,0,0,0,0,0,0
1296400,0,0,0,0,0,0,0,0,0,0,0,0,0,0,0
1297390,0,0,0,0,0,0,0,0,0,0,0,0,0,0,0
1297470,0,0,0,0,0,0,0,0,0,0,0,0,0,0,0
1298520,0,0,0,0,0,0,0,0,0,0,0,0,0,0,0
3059360,0,0,0,0,0,0,0,0,0,0,0,0,0,0,0
3248920,0,0,0,0,0,0,0,0,0,0,0,0,0,0,0
3327980,0,0,0,0,0,0,0,0,0,0,0,0,0,0,0
50017801,260,126,134,20,9,11,46,25,21,113,53,60,81,39,42
50017802,843,413,430,107,44,63,131,73,58,385,193,192,220,103,117
50017804,745,359,386,85,33,52,78,32,46,421,213,208,161,81,80
50017805,352,177,175,38,19,19,36,18,18,166,90,76,112,50,62
50017806,20,9,11,1,0,1,2,0,2,6,3,3,11,6,5
50017807,190,120,70,26,18,8,27,18,9,81,44,37,56,40,16
50017808,3720,1742,1978,337,143,194,371,173,198,1961,948,1013,1051,478,573
50017809,141,76,65,15,9,6,25,18,7,73,36,37,28,13,15
50017810,3020,1687,1333,333,170,163,419,234,185,1445,810,635,823,473,350
50017811,20,9,11,0,0,0,1,0,1,12,5,7,7,4,3
50017812,2024,996,1028,195,84,111,238,118,120,993,515,478,598,279,319
50017813,2118,1017,1101,227,92,135,280,134,146,1022,527,495,589,264,325
50017814,761,366,395,80,35,45,110,51,59,390,189,201,181,91,90
50017815,57,24,33,8,3,5,10,4,6,23,8,15,16,9,7
50017816,2792,1288,1504,303,121,182,357,153,204,1396,665,731,736,349,387
50017817,611,292,319,74,31,43,91,44,47,292,138,154,154,79,75
50017818,263,142,121,28,14,14,35,16,19,124,65,59,76,47,29
50017819,630,300,330,76,32,44,81,32,49,309,151,158,164,85,79
50017820,1598,784,814,169,73,96,282,134,148,769,378,391,378,199,179
50017821,38,23,15,2,1,1,17,13,4,11,5,6,8,4,4
50017822,745,303,442,115,38,77,164,51,113,299,143,156,167,71,96
50017823,6510,3143,3367,797,366,431,923,439,484,3019,1484,1535,1771,854,917
50017824,1903,889,1014,166,67,99,192,77,115,1049,519,530,496,226,270
50017825,1110,789,321,172,115,57,176,137,39,478,341,137,284,196,88
50017826,1528,721,807,145,53,92,243,101,142,741,370,371,399,197,202
50017827,92,32,60,11,2,9,19,5,14,50,19,31,12,6,6
50017828,5223,2399,2824,578,233,345,646,294,352,2566,1186,1380,1433,686,747
50017829,2713,1306,1407,322,142,180,453,213,240,1183,579,604,755,372,383
50017830,2420,1128,1292,334,138,196,415,181,234,1049,518,531,622,291,331
50017831,4172,1981,2191,465,218,247,665,310,355,1971,944,1027,1071,509,562
50017832,4389,2043,2346,433,183,250,580,242,338,2059,981,1078,1317,637,680
50017833,1082,509,573,104,46,58,127,65,62,573,268,305,278,130,148
50017834,1143,574,569,134,56,78,163,79,84,569,306,263,277,133,144
50017835,3041,1416,1625,290,114,176,384,165,219,1522,739,783,845,398,447
50017836,35,19,16,10,3,7,9,8,1,11,5,6,5,3,2
50017837,113,56,57,17,9,8,12,4,8,56,26,30,28,17,11
50017838,5063,2363,2700,576,241,335,632,255,377,2475,1218,1257,1380,649,731
50017839,2831,1381,1450,286,120,166,374,173,201,1398,707,691,773,381,392
50017840,1948,925,1023,223,93,130,297,131,166,946,471,475,482,230,252
50017842,73,38,35,6,6,0,10,5,5,33,15,18,24,12,12
50017843,278,156,122,36,18,18,49,34,15,132,73,59,61,31,30
50017844,3886,1908,1978,493,221,272,537,250,287,1839,926,913,1017,511,506
50017845,4046,1927,2119,436,180,256,532,224,308,1958,972,986,1120,551,569
50017847,148,83,65,19,10,9,38,25,13,53,28,25,38,20,18
50017848,377,190,187,53,19,34,35,17,18,156,85,71,133,69,64
50017849,1482,708,774,202,82,120,192,90,102,674,319,355,414,217,197
50017850,401,184,217,51,26,25,48,21,27,204,94,110,98,43,55
50017852,2399,1147,1252,246,108,138,331,142,189,1164,592,572,658,305,353
50017853,1371,651,720,166,65,101,219,103,116,641,314,327,345,169,176
50017854,6992,3329,3663,809,351,458,1080,499,581,3053,1486,1567,2050,993,1057
50017855,9219,4659,4560,1058,434,624,1163,544,619,4158,2145,2013,2840,1536,1304
50017856,5229,2508,2721,634,272,362,620,276,344,2637,1299,1338,1338,661,677
50017857,566,290,276,97,44,53,89,48,41,166,89,77,214,109,105
50017858,197,103,94,32,15,17,12,7,5,93,55,38,60,26,34
50017859,301,150,151,21,10,11,49,21,28,159,83,76,72,36,36
50017860,25,16,9,5,3,2,1,0,1,16,10,6,3,3,0
1302220,0,0,0,0,0,0,0,0,0,0,0,0,0,0,0
1303200,0,0,0,0,0,0,0,0,0,0,0,0,0,0,0
3059440,0,0,0,0,0,0,0,0,0,0,0,0,0,0,0
3327630,0,0,0,0,0,0,0,0,0,0,0,0,0,0,0
50018601,5429,2662,2767,647,290,357,626,292,334,2634,1295,1339,1522,785,737
50018602,5675,2807,2868,653,273,380,642,290,352,2671,1338,1333,1709,906,803
50018604,4752,2314,2438,510,211,299,491,231,260,2377,1174,1203,1374,698,676
50018605,4690,2292,2398,527,235,292,614,275,339,2215,1104,1111,1334,678,656
50018606,700,388,312,82,40,42,53,33,20,392,211,181,173,104,69
50018607,5556,2720,2836,601,255,346,645,307,338,2767,1356,1411,1543,802,741
50018608,572,327,245,63,25,38,46,29,17,271,143,128,192,130,62
50018610,22,10,12,1,0,1,17,8,9,0,0,0,4,2,2
50018611,1806,948,858,216,109,107,211,102,109,839,457,382,540,280,260
50018612,8462,4120,4342,942,419,523,1086,499,587,4211,2086,2125,2223,1116,1107
50018616,64,38,26,5,2,3,1,1,0,34,23,11,24,12,12
50018617,6714,3275,3439,832,352,480,802,363,439,3184,1574,1610,1896,986,910
1303380,0,0,0,0,0,0,0,0,0,0,0,0,0,0,0
1303620,0,0,0,0,0,0,0,0,0,0,0,0,0,0,0
1305670,0,0,0,0,0,0,0,0,0,0,0,0,0,0,0
1305750,0,0,0,0,0,0,0,0,0,0,0,0,0,0,0
1305830,0,0,0,0,0,0,0,0,0,0,0,0,0,0,0
1307960,0,0,0,0,0,0,0,0,0,0,0,0,0,0,0
1309230,0,0,0,0,0,0,0,0,0,0,0,0,0,0,0
1309310,0,0,0,0,0,0,0,0,0,0,0,0,0,0,0
1309740,0,0,0,0,0,0,0,0,0,0,0,0,0,0,0
3059870,0,0,0,0,0,0,0,0,0,0,0,0,0,0,0
3169890,0,0,0,0,0,0,0,0,0,0,0,0,0,0,0
50020801,1886,876,1010,170,69,101,259,123,136,959,452,507,498,232,266
50020802,1236,578,658,144,55,89,131,56,75,639,312,327,322,155,167
50020803,3824,1793,2031,365,162,203,438,197,241,2057,982,1075,964,452,512
50020804,475,245,230,58,30,28,56,28,28,267,136,131,94,51,43
50020805,5415,2590,2825,571,239,332,579,256,323,2809,1402,1407,1456,693,763
50020806,1807,758,1049,168,66,102,268,81,187,894,415,479,477,196,281
50020807,6613,3126,3487,585,247,338,684,331,353,3590,1741,1849,1754,807,947
50020808,6339,2929,3410,574,225,349,624,267,357,3472,1648,1824,1669,789,880
50020809,498,286,212,40,19,21,38,20,18,158,90,68,262,157,105
50020810,1127,543,584,100,39,61,139,67,72,582,290,292,306,147,159
50020812,60,29,31,11,5,6,11,6,5,26,13,13,12,5,7
50020816,6219,2911,3308,602,256,346,641,267,374,3370,1613,1757,1606,775,831
50020817,357,170,187,29,11,18,47,23,24,188,97,91,93,39,54
50020818,2262,1063,1199,215,95,120,261,113,148,1162,558,604,624,297,327
50020819,740,375,365,79,41,38,76,36,40,374,193,181,211,105,106
50020821,2622,1224,1398,296,123,173,341,145,196,1303,614,689,682,342,340
50020822,2353,1155,1198,238,105,133,307,144,163,1162,596,566,646,310,336
50020823,4825,2247,2578,480,200,280,658,310,348,2361,1141,1220,1326,596,730
50020824,1913,862,1051,190,78,112,194,89,105,976,452,524,553,243,310
50020826,2829,1268,1561,275,116,159,358,146,212,1429,663,766,767,343,424
50020827,640,311,329,65,30,35,82,37,45,350,167,183,143,77,66
50020828,2432,1114,1318,199,78,121,238,90,148,1262,591,671,733,355,378
50020829,4032,1855,2177,388,159,229,440,182,258,2101,997,1104,1103,517,586
50020830,410,186,224,20,6,14,57,24,33,212,97,115,121,59,62
50020831,4984,2216,2768,511,194,317,668,266,402,2408,1127,1281,1397,629,768
50020832,1332,938,394,55,36,19,33,22,11,303,215,88,941,665,276
50020833,3660,1827,1833,391,185,206,482,244,238,1751,882,869,1036,516,520
50020834,4205,2118,2087,477,210,267,501,267,234,1974,1002,972,1253,639,614
50020835,2042,1007,1035,202,95,107,246,120,126,968,490,478,626,302,324
50020836,429,233,196,41,15,26,43,18,25,175,93,82,170,107,63
50020837,4544,2279,2265,521,237,284,519,239,280,2253,1167,1086,1251,636,615
50020838,2989,1448,1541,347,145,202,421,201,220,1391,703,688,830,399,431
50020839,893,443,450,118,55,63,119,58,61,415,218,197,241,112,129
50020840,63,40,23,5,5,0,5,3,2,30,18,12,23,14,9
50020841,2625,1288,1337,286,122,164,311,147,164,1246,635,611,782,384,398
50020842,128,73,55,22,11,11,17,9,8,64,40,24,25,13,12
50020843,525,276,249,61,36,25,58,32,26,217,116,101,189,92,97
50020844,3327,1605,1722,387,175,212,379,182,197,1667,805,862,894,443,451
50020845,982,517,465,131,65,66,91,40,51,393,212,181,367,200,167
50020846,4174,2063,2111,504,227,277,537,255,282,2004,1020,984,1129,561,568
50020847,4633,2338,2295,524,237,287,532,249,283,2272,1184,1088,1305,668,637
50020849,2472,1209,1263,282,134,148,284,137,147,1221,606,615,685,332,353
1311640,0,0,0,0,0,0,0,0,0,0,0,0,0,0,0
50021601,37,20,17,2,2,0,9,6,3,6,3,3,20,9,11
50021602,2870,1386,1484,392,168,224,290,141,149,1363,681,682,825,396,429
50021603,4710,2135,2575,484,209,275,579,248,331,2244,1034,1210,1403,644,759
50021604,3393,1545,1848,333,157,176,403,172,231,1641,741,900,1016,475,541
50021605,1693,782,911,159,60,99,226,97,129,800,392,408,508,233,275
50021606,3725,1760,1965,390,164,226,431,191,240,1854,907,947,1050,498,552
50021607,795,382,413,78,35,43,88,43,45,396,196,200,233,108,125
50021608,233,114,119,39,13,26,28,13,15,128,68,60,38,20,18
50021609,228,129,99,36,18,18,22,11,11,77,48,29,93,52,41
50021610,4266,2105,2161,443,213,230,503,233,270,2129,1036,1093,1191,623,568
50021611,142,72,70,11,5,6,13,6,7,69,41,28,49,20,29
50021612,570,274,296,71,30,41,55,24,31,318,164,154,126,56,70
50021613,313,152,161,46,21,25,52,24,28,137,71,66,78,36,42
50021614,1221,623,598,138,62,76,136,66,70,580,297,283,367,198,169
50021616,6627,3345,3282,650,296,354,663,338,325,3288,1600,1688,2026,1111,915
50021617,108,62,46,7,6,1,8,4,4,52,29,23,41,23,18
50021618,955,469,486,98,37,61,137,61,76,516,270,246,204,101,103
50021619,697,371,326,99,42,57,69,37,32,328,195,133,201,97,104
50021620,27,13,14,2,1,1,2,1,1,19,8,11,4,3,1
50021622,249,184,65,31,21,10,29,23,6,74,45,29,115,95,20
50021623,4329,2128,2201,508,226,282,462,206,256,2191,1133,1058,1168,563,605
50021624,1892,929,963,246,101,145,242,105,137,873,455,418,531,268,263
50021625,109,47,62,13,6,7,13,5,8,29,10,19,54,26,28
50021626,336,168,168,28,11,17,48,21,27,175,93,82,85,43,42
50021628,179,78,101,25,8,17,26,12,14,89,39,50,39,19,20
50021629,5753,2622,3131,581,233,348,685,297,388,2905,1355,1550,1582,737,845
50021630,7685,3622,4063,745,332,413,984,445,539,3925,1883,2042,2031,962,1069
50021631,1316,655,661,148,57,91,151,76,75,645,338,307,372,184,188
50021632,1917,936,981,176,76,100,246,111,135,972,491,481,523,258,265
50021635,1886,965,921,228,100,128,197,97,100,948,500,448,513,268,245
50021636,1033,497,536,118,51,67,111,54,57,569,280,289,235,112,123
50021637,578,330,248,48,26,22,47,29,18,305,162,143,178,113,65
50021638,1316,657,659,142,63,79,159,74,85,666,352,314,349,168,181
50021639,967,471,496,100,44,56,109,59,50,521,254,267,237,114,123
50021640,471,235,236,40,16,24,24,18,6,282,134,148,125,67,58
50021641,25,15,10,1,0,1,1,1,0,13,7,6,10,7,3
3173900,0,0,0,0,0,0,0,0,0,0,0,0,0,0,0
53806001,662,364,298,72,37,35,54,23,31,320,170,150,216,134,82
53806002,145,116,29,18,13,5,39,32,7,42,34,8,46,37,9
53806003,1563,774,789,102,42,60,177,82,95,811,411,400,473,239,234
53806005,44,23,21,2,0,2,1,0,1,24,15,9,17,8,9
3176590,0,0,0,0,0,0,0,0,0,0,0,0,0,0,0
53807802,729,356,373,59,25,34,80,31,49,358,181,177,232,119,113
53812403,1821,910,911,172,81,91,164,85,79,949,480,469,536,264,272
1314820,0,0,0,0,0,0,0,0,0,0,0,0,0,0,0
1314910,0,0,0,0,0,0,0,0,0,0,0,0,0,0,0
1315040,0,0,0,0,0,0,0,0,0,0,0,0,0,0,0
1315800,0,0,0,0,0,0,0,0,0,0,0,0,0,0,0
3170470,0,0,0,0,0,0,0,0,0,0,0,0,0,0,0
54731002,167,74,93,11,4,7,29,9,20,89,44,45,38,17,21
54731003,1619,769,850,151,58,93,135,62,73,911,447,464,422,202,220
54731004,199,136,63,34,23,11,25,14,11,89,62,27,51,37,14
54731005,3577,1769,1808,315,143,172,366,184,182,2002,987,1015,894,455,439
54731006,138,67,71,18,8,10,4,3,1,87,42,45,29,14,15
54731007,3049,1469,1580,264,114,150,273,117,156,1597,793,804,915,445,470
54731008,1844,891,953,158,76,82,170,74,96,998,489,509,518,252,266
54731009,24,13,11,0,0,0,5,5,0,10,5,5,9,3,6
54731010,1367,668,699,137,58,79,155,72,83,727,367,360,348,171,177
1304270,0,0,0,0,0,0,0,0,0,0,0,0,0,0,0
1304350,0,0,0,0,0,0,0,0,0,0,0,0,0,0,0
3327800,0,0,0,0,0,0,0,0,0,0,0,0,0,0,0
54729801,22,12,10,1,0,1,6,3,3,10,7,3,5,2,3
54729802,3084,1541,1543,276,129,147,335,165,170,1598,787,811,875,460,415
54729804,265,131,134,19,10,9,36,15,21,164,86,78,46,20,26
54729807,187,98,89,7,4,3,15,9,6,85,41,44,80,44,36
54729808,192,86,106,15,5,10,25,10,15,103,48,55,49,23,26
1303460,0,0,0,0,0,0,0,0,0,0,0,0,0,0,0
3311120,0,0,0,0,0,0,0,0,0,0,0,0,0,0,0
54730101,1709,846,863,172,92,80,172,88,84,885,433,452,480,233,247
54730102,28,11,17,3,0,3,2,0,2,16,8,8,7,3,4
54730104,909,451,458,85,43,42,114,60,54,477,242,235,233,106,127
54730105,2389,1201,1188,255,112,143,287,148,139,1266,646,620,581,295,286
1325270,0,0,0,0,0,0,0,0,0,0,0,0,0,0,0
54737901,35,23,12,8,3,5,3,3,0,19,13,6,5,4,1
54737902,37,22,15,4,2,2,4,2,2,23,15,8,6,3,3
54737903,2215,1106,1109,214,87,127,198,91,107,1168,599,569,635,329,306
54737905,1769,848,921,174,74,100,211,97,114,865,439,426,519,238,281
54737907,76,33,43,6,4,2,8,3,5,45,21,24,17,5,12
3173730,0,0,0,0,0,0,0,0,0,0,0,0,0,0,0
3173810,0,0,0,0,0,0,0,0,0,0,0,0,0,0,0
3174030,0,0,0,0,0,0,0,0,0,0,0,0,0,0,0
53817502,1453,723,730,141,63,78,165,74,91,773,396,377,374,190,184
53817503,457,232,225,31,11,20,40,16,24,250,134,116,136,71,65
53817504,892,464,428,99,44,55,98,52,46,476,254,222,219,114,105
53820502,40,19,21,9,4,5,3,1,2,17,7,10,11,7,4
53820503,4135,2058,2077,347,158,189,352,179,173,2248,1114,1134,1188,607,581
53830201,3511,1740,1771,359,161,198,415,197,218,1764,888,876,973,494,479
3173490,0,0,0,0,0,0,0,0,0,0,0,0,0,0,0
53835301,1573,795,778,137,57,80,171,87,84,794,395,399,471,256,215
53835302,53,26,27,4,3,1,9,3,6,20,9,11,20,11,9
3176240,0,0,0,0,0,0,0,0,0,0,0,0,0,0,0
53836101,34,16,18,2,0,2,4,2,2,19,9,10,9,5,4
53836103,3609,1749,1860,329,146,183,408,190,218,1945,971,974,927,442,485
53836104,301,140,161,23,10,13,32,16,16,148,74,74,98,40,58
3175780,0,0,0,0,0,0,0,0,0,0,0,0,0,0,0
53838802,438,231,207,39,23,16,33,13,20,225,122,103,141,73,68
53840001,42,21,21,8,5,3,5,2,3,14,6,8,15,8,7
53840003,1131,564,567,107,48,59,100,51,49,628,318,310,296,147,149
3159910,0,0,0,0,0,0,0,0,0,0,0,0,0,0,0
3161480,0,0,0,0,0,0,0,0,0,0,0,0,0,0,0
54704201,127,60,67,11,4,7,6,4,2,86,41,45,24,11,13
54704202,180,90,90,21,10,11,22,8,14,100,48,52,37,24,13
54704203,97,44,53,10,4,6,7,3,4,59,26,33,21,11,10
54704204,1843,908,935,140,60,80,259,120,139,903,453,450,541,275,266
54704206,181,89,92,22,14,8,19,8,11,70,32,38,70,35,35
54704207,219,115,104,16,7,9,13,3,10,142,79,63,48,26,22
54704208,23,10,13,3,1,2,0,0,0,15,6,9,5,3,2
54704209,2115,1028,1087,239,108,131,230,105,125,1054,526,528,592,289,303
54704211,2396,1120,1276,271,128,143,264,120,144,1190,572,618,671,300,371
54704212,1722,867,855,173,80,93,192,86,106,837,428,409,520,273,247
54704213,21,15,6,4,3,1,1,0,1,7,4,3,9,8,1
54704214,1167,545,622,234,100,134,186,84,102,516,264,252,231,97,134
3061420,0,0,0,0,0,0,0,0,0,0,0,0,0,0,0
3158340,0,0,0,0,0,0,0,0,0,0,0,0,0,0,0
3161560,0,0,0,0,0,0,0,0,0,0,0,0,0,0,0
3161990,0,0,0,0,0,0,0,0,0,0,0,0,0,0,0
3162530,0,0,0,0,0,0,0,0,0,0,0,0,0,0,0
54705101,2169,1026,1143,197,98,99,173,77,96,1228,588,640,571,263,308
54705103,2328,1127,1201,178,78,100,161,69,92,1265,613,652,724,367,357
54705105,39,20,19,12,8,4,4,2,2,18,7,11,5,3,2
54705107,1068,530,538,103,41,62,132,64,68,542,274,268,291,151,140
54705108,1296,678,618,143,59,84,105,54,51,647,328,319,401,237,164
54705109,45,10,35,8,4,4,10,2,8,16,3,13,11,1,10
54705110,565,283,282,54,19,35,45,23,22,295,159,136,171,82,89
54705111,2527,1218,1309,199,82,117,206,90,116,1427,704,723,695,342,353
53944901,616,316,300,63,30,33,36,18,18,322,160,162,195,108,87
53944902,23,11,12,5,2,3,1,1,0,10,3,7,7,5,2
53944903,1312,651,661,144,64,80,122,54,68,698,355,343,348,178,170
53944904,869,452,417,63,29,34,62,25,37,455,243,212,289,155,134
53944905,150,81,69,10,6,4,8,6,2,94,48,46,38,21,17
3164150,0,0,0,0,0,0,0,0,0,0,0,0,0,0,0
3166610,0,0,0,0,0,0,0,0,0,0,0,0,0,0,0
3166950,0,0,0,0,0,0,0,0,0,0,0,0,0,0,0
53946501,874,428,446,84,30,54,54,22,32,483,245,238,253,131,122
54714002,166,76,90,16,6,10,36,19,17,69,32,37,45,19,26
54714003,1318,670,648,126,61,65,185,90,95,606,309,297,401,210,191
54715801,465,221,244,70,39,31,44,19,25,208,94,114,143,69,74
54715802,53,25,28,4,2,2,10,4,6,21,11,10,18,8,10
54715804,2216,1116,1100,215,104,111,238,117,121,1133,580,553,630,315,315
3176080,0,0,0,0,0,0,0,0,0,0,0,0,0,0,0
53853101,366,184,182,15,5,10,27,15,12,212,103,109,112,61,51
3174970,0,0,0,0,0,0,0,0,0,0,0,0,0,0,0
54739501,1373,680,693,117,53,64,122,58,64,750,379,371,384,190,194
54739502,4238,2050,2188,363,167,196,411,181,230,2300,1120,1180,1164,582,582
54739503,142,65,77,15,7,8,13,5,8,74,35,39,40,18,22
3169540,0,0,0,0,0,0,0,0,0,0,0,0,0,0,0
53958901,628,312,316,45,19,26,41,23,18,315,150,165,227,120,107
3166440,0,0,0,0,0,0,0,0,0,0,0,0,0,0,0
3166870,0,0,0,0,0,0,0,0,0,0,0,0,0,0,0
3167410,0,0,0,0,0,0,0,0,0,0,0,0,0,0,0
3167500,0,0,0,0,0,0,0,0,0,0,0,0,0,0,0
3183610,0,0,0,0,0,0,0,0,0,0,0,0,0,0,0
53963502,123,65,58,11,5,6,9,5,4,75,41,34,28,14,14
53963503,22,14,8,0,0,0,7,4,3,7,3,4,8,7,1
53963504,184,120,64,16,12,4,20,14,6,88,60,28,60,34,26
53963505,3460,1742,1718,313,153,160,336,167,169,1881,962,919,930,460,470
53963506,1063,533,530,108,55,53,101,52,49,534,262,272,320,164,156
53963507,1223,614,609,171,80,91,165,75,90,567,289,278,320,170,150
3064280,0,0,0,0,0,0,0,0,0,0,0,0,0,0,0
3064440,0,0,0,0,0,0,0,0,0,0,0,0,0,0,0
53873601,2301,1169,1132,205,98,107,211,100,111,1226,611,615,659,360,299
53873602,87,57,30,11,9,2,12,8,4,24,16,8,40,24,16
3062150,0,0,0,0,0,0,0,0,0,0,0,0,0,0,0
3167330,0,0,0,0,0,0,0,0,0,0,0,0,0,0,0
3167680,0,0,0,0,0,0,0,0,0,0,0,0,0,0,0
53967801,414,205,209,28,13,15,35,22,13,216,101,115,135,69,66
53967802,49,23,26,0,0,0,5,3,2,20,9,11,24,11,13
53967804,3146,1542,1604,269,136,133,297,141,156,1610,801,809,970,464,506
53967805,66,33,33,5,3,2,8,3,5,32,17,15,21,10,11
53967806,324,174,150,33,14,19,29,17,12,176,104,72,86,39,47
54727102,1431,674,757,126,44,82,179,89,90,752,358,394,374,183,191
54727103,595,290,305,72,30,42,90,53,37,289,134,155,144,73,71
54727105,1884,934,950,187,87,100,197,100,97,964,475,489,536,272,264
54727106,41,28,13,3,2,1,0,0,0,27,17,10,11,9,2
54727107,1768,848,920,185,78,107,203,99,104,943,463,480,437,208,229
54727108,551,328,223,99,61,38,123,83,40,212,118,94,117,66,51
54727109,569,273,296,72,24,48,79,33,46,274,146,128,144,70,74
3161300,0,0,0,0,0,0,0,0,0,0,0,0,0,0,0
3307100,0,0,0,0,0,0,0,0,0,0,0,0,0,0,0
3307280,0,0,0,0,0,0,0,0,0,0,0,0,0,0,0
53972402,1553,755,798,152,70,82,172,78,94,769,365,404,460,242,218
53972404,1626,806,820,143,56,87,142,61,81,817,420,397,524,269,255
3060370,0,0,0,0,0,0,0,0,0,0,0,0,0,0,0
3183450,0,0,0,0,0,0,0,0,0,0,0,0,0,0,0
54740901,126,64,62,16,5,11,4,2,2,69,36,33,37,21,16
54740903,32,18,14,3,1,2,3,3,0,22,13,9,4,1,3
54740904,2306,1166,1140,194,79,115,245,113,132,1181,616,565,686,358,328
54732801,93,51,42,10,4,6,8,5,3,46,26,20,29,16,13
54732802,432,210,222,66,30,36,45,21,24,198,100,98,123,59,64
54732803,943,463,480,141,74,67,146,68,78,435,215,220,221,106,115
53979101,2683,1296,1387,265,119,146,297,132,165,1371,675,696,750,370,380
53979102,873,427,446,75,35,40,94,42,52,472,232,240,232,118,114
53979103,273,124,149,23,10,13,27,8,19,135,60,75,88,46,42
1291940,0,0,0,0,0,0,0,0,0,0,0,0,0,0,0
3163930,0,0,0,0,0,0,0,0,0,0,0,0,0,0,0
3165630,0,0,0,0,0,0,0,0,0,0,0,0,0,0,0
3167250,0,0,0,0,0,0,0,0,0,0,0,0,0,0,0
54711501,289,184,105,45,31,14,38,27,11,106,55,51,100,71,29
54711503,229,118,111,24,10,14,24,12,12,127,66,61,54,30,24
54711504,37,19,18,5,2,3,4,1,3,18,10,8,10,6,4
54711506,114,68,46,14,8,6,12,7,5,40,26,14,48,27,21
54711507,2158,1073,1085,237,102,135,231,116,115,1149,579,570,541,276,265
3064100,0,0,0,0,0,0,0,0,0,0,0,0,0,0,0
53900701,4499,2215,2284,375,163,212,509,256,253,2408,1188,1220,1207,608,599
53900702,29,15,14,3,1,2,4,1,3,17,11,6,5,2,3
3165980,0,0,0,0,0,0,0,0,0,0,0,0,0,0,0
3166100,0,0,0,0,0,0,0,0,0,0,0,0,0,0,0
53986401,128,77,51,16,7,9,36,31,5,43,22,21,33,17,16
53986403,253,124,129,31,18,13,27,14,13,142,66,76,53,26,27
53986404,140,65,75,29,10,19,15,5,10,66,34,32,30,16,14
53986405,65,31,34,5,0,5,3,2,1,43,21,22,14,8,6
53986406,1539,739,800,135,63,72,149,60,89,810,393,417,445,223,222
53986407,4254,2024,2230,404,172,232,426,200,226,2286,1132,1154,1138,520,618
53986408,3068,1504,1564,282,127,155,340,157,183,1602,805,797,844,415,429
53986409,118,56,62,12,5,7,11,6,5,59,28,31,36,17,19
53986410,575,276,299,61,26,35,25,9,16,311,160,151,178,81,97
3169200,0,0,0,0,0,0,0,0,0,0,0,0,0,0,0
3205440,0,0,0,0,0,0,0,0,0,0,0,0,0,0,0
3206090,0,0,0,0,0,0,0,0,0,0,0,0,0,0,0
53989901,677,346,331,62,25,37,71,36,35,362,196,166,182,89,93
53989905,593,291,302,50,23,27,80,36,44,300,152,148,163,80,83
53989906,4187,2030,2157,479,208,271,466,233,233,2071,1011,1060,1171,578,593
53989907,2799,1400,1399,239,121,118,280,135,145,1501,741,760,779,403,376
53989908,100,51,49,17,7,10,9,4,5,51,28,23,23,12,11
53989909,42,24,18,4,1,3,5,3,2,19,13,6,14,7,7
52930301,203,94,109,17,10,7,16,5,11,106,53,53,64,26,38
52930304,63,36,27,3,1,2,1,0,1,36,20,16,23,15,8
52930305,66,40,26,2,1,1,13,9,4,46,27,19,5,3,2
52930307,127,64,63,12,6,6,11,2,9,72,40,32,32,16,16
52930308,114,60,54,11,5,6,19,6,13,56,31,25,28,18,10
52930309,80,41,39,4,4,0,30,17,13,26,11,15,20,9,11
52930310,127,55,72,13,4,9,8,3,5,64,32,32,42,16,26
52930311,246,134,112,22,11,11,20,10,10,121,70,51,83,43,40
52930312,48,24,24,7,3,4,5,3,2,20,11,9,16,7,9
52930313,62,32,30,3,1,2,5,3,2,25,13,12,29,15,14
52930316,117,66,51,14,7,7,18,10,8,46,28,18,39,21,18
52930317,2136,942,1194,190,54,136,226,84,142,1040,489,551,680,315,365
52930318,3091,1432,1659,295,122,173,327,126,201,1507,739,768,962,445,517
52930319,1092,554,538,117,47,70,122,57,65,545,290,255,308,160,148
52930320,706,334,372,49,24,25,83,40,43,356,163,193,218,107,111
52930321,675,329,346,66,31,35,80,38,42,363,181,182,166,79,87
52930322,3400,1611,1789,335,135,200,353,118,235,1558,770,788,1154,588,566
52930323,232,126,106,34,21,13,19,7,12,98,59,39,81,39,42
52930325,1387,677,710,130,62,68,238,104,134,656,327,329,363,184,179
52930326,2397,1190,1207,199,88,111,268,119,149,1172,616,556,758,367,391
53256801,225,107,118,24,14,10,83,39,44,49,22,27,69,32,37
53074301,188,98,90,27,15,12,26,13,13,69,38,31,66,32,34
53074302,43,22,21,4,3,1,6,1,5,24,13,11,9,5,4
53238001,98,48,50,9,6,3,35,16,19,25,13,12,29,13,16
53209601,86,42,44,5,2,3,34,16,18,25,12,13,22,12,10
53292401,753,385,368,38,18,20,37,14,23,452,239,213,226,114,112
52945101,2223,1095,1128,204,84,120,209,100,109,1055,543,512,755,368,387
52945103,152,75,77,10,5,5,13,6,7,103,48,55,26,16,10
52945104,61,36,25,11,7,4,16,8,8,15,11,4,19,10,9
52945105,21,9,12,0,0,0,0,0,0,19,8,11,2,1,1
52945106,154,80,74,7,4,3,15,7,8,91,50,41,41,19,22
52945107,390,199,191,37,13,24,36,13,23,207,116,91,110,57,53
52945110,224,112,112,35,18,17,19,9,10,93,45,48,77,40,37
52945111,352,184,168,29,14,15,35,15,20,185,102,83,103,53,50
52945112,68,35,33,8,1,7,7,4,3,32,19,13,21,11,10
52945113,70,40,30,10,4,6,1,1,0,31,18,13,28,17,11
52945114,69,33,36,14,5,9,2,0,2,42,23,19,11,5,6
52945115,82,42,40,12,7,5,5,2,3,25,14,11,40,19,21
52945116,240,116,124,10,3,7,15,6,9,124,60,64,91,47,44
52945117,78,34,44,12,4,8,22,9,13,28,15,13,16,6,10
52945118,77,36,41,9,4,5,10,4,6,36,18,18,22,10,12
52945119,24,12,12,2,1,1,6,2,4,6,4,2,10,5,5
52945121,38,22,16,1,1,0,8,4,4,9,7,2,20,10,10
52945122,34,16,18,2,0,2,6,3,3,16,9,7,10,4,6
52945123,110,55,55,7,2,5,6,3,3,43,25,18,54,25,29
52945124,21,14,7,5,3,2,8,6,2,7,4,3,1,1,0
52945128,40,21,19,7,3,4,1,1,0,5,3,2,27,14,13
53269001,147,75,72,19,10,9,31,17,14,50,26,24,47,22,25
53269002,22,12,10,5,2,3,3,3,0,3,1,2,11,6,5
52947801,70,35,35,1,0,1,14,9,5,28,13,15,27,13,14
52947802,31,15,16,6,3,3,3,1,2,9,6,3,13,5,8
52947803,28,15,13,2,1,1,4,3,1,20,9,11,2,2,0
52948601,949,463,486,117,51,66,229,106,123,303,154,149,300,152,148
52948602,26,12,14,0,0,0,5,2,3,12,6,6,9,4,5
52948604,46,24,22,8,4,4,6,3,3,17,12,5,15,5,10
52948605,46,28,18,10,6,4,18,11,7,8,5,3,10,6,4
52948607,113,55,58,21,14,7,14,8,6,35,14,21,43,19,24
52948608,24,14,10,11,6,5,7,5,2,5,2,3,1,1,0
52948609,50,24,26,5,3,2,8,3,5,12,5,7,25,13,12
52948612,103,50,53,9,4,5,19,6,13,42,23,19,33,17,16
52948613,27,16,11,3,1,2,8,5,3,7,6,1,9,4,5
52951601,247,130,117,27,9,18,24,15,9,128,67,61,68,39,29
52951602,2239,1110,1129,192,82,110,190,89,101,1096,552,544,761,387,374
52951603,508,257,251,38,17,21,52,30,22,280,134,146,138,76,62
52953201,221,116,105,26,15,11,48,22,26,58,28,30,89,51,38
52953202,70,32,38,9,4,5,18,9,9,38,17,21,5,2,3
52953203,59,28,31,7,4,3,19,9,10,12,6,6,21,9,12
52954101,43,20,23,7,3,4,4,0,4,18,10,8,14,7,7
52954102,23,13,10,1,1,0,0,0,0,15,8,7,7,4,3
52954104,103,50,53,18,7,11,19,9,10,44,23,21,22,11,11
52956701,586,289,297,49,29,20,48,18,30,321,164,157,168,78,90
52956702,259,119,140,17,11,6,29,15,14,132,65,67,81,28,53
53274601,59,31,28,3,3,0,20,13,7,15,7,8,21,8,13
52962101,87,39,48,2,0,2,10,4,6,38,19,19,37,16,21
52962102,1312,654,658,106,47,59,165,70,95,581,300,281,460,237,223
52962103,27,13,14,1,0,1,2,0,2,9,5,4,15,8,7
52962104,76,40,36,3,3,0,8,4,4,37,18,19,28,15,13
52962105,61,29,32,7,5,2,12,5,7,30,11,19,12,8,4
52962106,70,39,31,1,0,1,2,1,1,35,18,17,32,20,12
52962107,50,26,24,7,4,3,9,4,5,24,13,11,10,5,5
52962108,42,24,18,2,1,1,7,4,3,22,13,9,11,6,5
0293430,0,0,0,0,0,0,0,0,0,0,0,0,0,0,0
52964801,603,297,306,74,29,45,83,34,49,240,127,113,206,107,99
52964802,91,47,44,9,5,4,8,4,4,38,20,18,36,18,18
52964803,81,46,35,7,3,4,10,6,4,20,11,9,44,26,18
52964804,23,12,11,0,0,0,4,1,3,12,8,4,7,3,4
52964805,59,27,32,17,7,10,17,7,10,13,6,7,12,7,5
53215101,105,53,52,14,5,9,13,8,5,47,22,25,31,18,13
53284301,59,35,24,5,3,2,26,14,12,14,8,6,14,10,4
52970201,104,52,52,7,4,3,8,3,5,54,28,26,35,17,18
52970202,33,15,18,3,2,1,12,5,7,15,7,8,3,1,2
52970203,319,156,163,43,20,23,27,10,17,147,77,70,102,49,53
52970206,88,49,39,6,2,4,10,5,5,40,22,18,32,20,12
52970208,26,18,8,5,3,2,8,7,1,10,6,4,3,2,1
52970209,43,25,18,2,1,1,10,6,4,18,10,8,13,8,5
52970210,93,46,47,4,2,2,13,6,7,33,15,18,43,23,20
52970213,23,10,13,3,2,1,8,3,5,9,3,6,3,2,1
53293201,28,18,10,4,3,1,4,1,3,15,10,5,5,4,1
52973701,249,123,126,16,7,9,39,20,19,116,59,57,78,37,41
52973702,24,13,11,0,0,0,8,3,5,16,10,6,0,0,0
52974501,361,185,176,22,8,14,33,17,16,196,103,93,110,57,53
53288601,220,115,105,13,7,6,13,6,7,103,58,45,91,44,47
53287801,46,27,19,1,0,1,3,1,2,27,18,9,15,8,7
53204501,128,65,63,8,3,5,12,7,5,81,39,42,27,16,11
53204502,140,73,67,11,3,8,6,3,3,71,38,33,52,29,23
53204503,162,80,82,17,6,11,7,4,3,98,49,49,40,21,19
52977001,118,62,56,14,5,9,29,17,12,27,14,13,48,26,22
52978801,152,82,70,6,3,3,89,49,40,17,9,8,40,21,19
52979601,780,396,384,71,34,37,57,29,28,410,212,198,242,121,121
52979602,83,45,38,9,3,6,3,2,1,52,30,22,19,10,9
52979603,94,50,44,10,3,7,6,4,2,45,27,18,33,16,17
52979604,47,23,24,2,1,1,5,2,3,35,18,17,5,2,3
52979605,93,45,48,13,4,9,4,0,4,37,21,16,39,20,19
52979606,72,34,38,4,2,2,6,1,5,29,15,14,33,16,17
52979607,119,63,56,13,5,8,6,5,1,53,30,23,47,23,24
52979608,50,28,22,6,3,3,2,2,0,17,9,8,25,14,11
53260601,68,38,30,2,1,1,17,7,10,27,18,9,22,12,10
52981801,459,227,232,48,21,27,63,31,32,185,91,94,163,84,79
52981802,47,19,28,5,1,4,5,2,3,25,11,14,12,5,7
52981803,92,52,40,7,4,3,21,12,9,25,14,11,39,22,17
52981804,27,11,16,4,0,4,3,2,1,15,9,6,5,0,5
53203701,45,23,22,8,4,4,8,3,5,21,10,11,8,6,2
53203702,159,81,78,11,5,6,35,15,20,57,33,24,56,28,28
53203703,40,20,20,1,0,1,10,5,5,15,7,8,14,8,6
52984201,56,29,27,12,5,7,10,3,7,12,9,3,22,12,10
52984203,478,201,277,45,19,26,94,25,69,163,76,87,176,81,95
52984204,52,24,28,6,2,4,19,7,12,22,13,9,5,2,3
52984205,30,18,12,3,2,1,9,5,4,7,5,2,11,6,5
52984206,74,37,37,7,5,2,5,3,2,25,11,14,37,18,19
52984207,25,14,11,8,4,4,4,1,3,6,4,2,7,5,2
52984208,39,23,16,14,7,7,4,1,3,13,8,5,8,7,1
52984209,179,87,92,8,1,7,12,5,7,38,23,15,121,58,63
52985101,110,58,52,12,4,8,31,16,15,29,16,13,38,22,16
53213401,70,34,36,4,1,3,11,4,7,26,12,14,29,17,12
53213402,57,31,26,3,1,2,15,7,8,21,12,9,18,11,7
53103101,37,20,17,2,1,1,5,4,1,10,6,4,20,9,11
53103103,122,63,59,14,7,7,17,8,9,58,33,25,33,15,18
52990701,165,87,78,14,10,4,27,9,18,58,38,20,66,30,36
52990702,22,13,9,7,3,4,2,0,2,8,6,2,5,4,1
53308401,276,142,134,52,24,28,58,29,29,91,45,46,75,44,31
52993101,89,38,51,20,9,11,16,6,10,18,8,10,35,15,20
52993102,407,206,201,27,12,15,104,47,57,115,57,58,161,90,71
52993103,28,12,16,2,1,1,14,7,7,2,1,1,10,3,7
52994001,59,27,32,1,0,1,5,3,2,23,12,11,30,12,18
52994002,309,157,152,33,14,19,31,19,12,150,79,71,95,45,50
52994003,25,12,13,1,1,0,1,1,0,14,4,10,9,6,3
52995801,828,418,410,50,27,23,44,20,24,421,207,214,313,164,149
52995802,143,70,73,17,4,13,12,7,5,62,32,30,52,27,25
52995803,60,36,24,11,7,4,2,1,1,33,21,12,14,7,7
52997401,209,119,90,16,11,5,10,5,5,109,60,49,74,43,31
52997402,94,47,47,5,2,3,4,1,3,54,33,21,31,11,20
52997403,138,67,71,8,4,4,13,6,7,75,37,38,42,20,22
52997404,88,40,48,5,4,1,13,4,9,51,26,25,19,6,13
52999101,104,52,52,18,8,10,4,1,3,36,17,19,46,26,20
52999102,43,20,23,5,2,3,11,4,7,20,12,8,7,2,5
52999103,73,35,38,6,3,3,20,10,10,35,17,18,12,5,7
52999104,234,117,117,15,6,9,28,16,12,92,43,49,99,52,47
52999105,73,35,38,7,3,4,31,18,13,22,8,14,13,6,7
52999106,33,14,19,1,0,1,11,6,5,15,6,9,6,2,4
52999108,105,54,51,7,2,5,15,8,7,41,22,19,42,22,20
52999109,33,6,27,0,0,0,24,0,24,6,4,2,3,2,1
52999110,31,18,13,4,1,3,2,1,1,21,13,8,4,3,1
52999112,98,47,51,11,4,7,13,7,6,40,21,19,34,15,19
52999114,35,17,18,1,1,0,4,1,3,15,7,8,15,8,7
0764141,0,0,0,0,0,0,0,0,0,0,0,0,0,0,0
53000001,396,206,190,35,17,18,106,49,57,96,49,47,159,91,68
53000002,38,16,22,6,2,4,7,3,4,14,7,7,11,4,7
53002601,90,49,41,6,3,3,36,19,17,18,10,8,30,17,13
53005101,411,206,205,17,8,9,43,20,23,199,111,88,152,67,85
53005102,25,15,10,3,1,2,0,0,0,12,7,5,10,7,3
53005103,28,15,13,5,3,2,0,0,0,17,9,8,6,3,3
53005104,378,194,184,34,20,14,21,8,13,199,106,93,124,60,64
53005105,28,16,12,2,0,2,0,0,0,16,10,6,10,6,4
53006901,229,116,113,25,13,12,38,15,23,90,46,44,76,42,34
53225801,72,37,35,3,1,2,17,9,8,32,17,15,20,10,10
53009301,117,65,52,5,3,2,39,22,17,53,30,23,20,10,10
53009302,164,81,83,20,11,9,53,22,31,29,18,11,62,30,32
53009303,75,34,41,14,6,8,18,9,9,15,7,8,28,12,16
53009304,23,11,12,4,1,3,1,0,1,11,6,5,7,4,3
53009305,61,29,32,7,4,3,13,4,9,8,4,4,33,17,16
53009306,35,18,17,2,2,0,7,3,4,9,4,5,17,9,8
53009307,98,47,51,3,0,3,10,6,4,46,20,26,39,21,18
53009308,22,13,9,2,1,1,8,4,4,6,4,2,6,4,2
53010701,43,21,22,6,3,3,5,2,3,18,9,9,14,7,7
53010702,585,288,297,53,27,26,98,46,52,201,93,108,233,122,111
53010704,26,11,15,4,2,2,7,2,5,7,4,3,8,3,5
53219301,248,135,113,22,10,12,24,9,15,130,70,60,72,46,26
53219302,233,117,116,23,13,10,15,5,10,138,65,73,57,34,23
1901282,0,0,0,0,0,0,0,0,0,0,0,0,0,0,0
53011501,289,139,150,26,10,16,38,17,21,124,62,62,101,50,51
53011502,49,22,27,4,1,3,8,4,4,17,8,9,20,9,11
53011504,46,25,21,8,5,3,2,1,1,17,9,8,19,10,9
53011505,37,21,16,4,3,1,3,2,1,16,9,7,14,7,7
53011506,30,12,18,1,0,1,0,0,0,20,8,12,9,4,5
53011507,38,19,19,3,1,2,11,3,8,19,12,7,5,3,2
53011508,39,22,17,4,1,3,4,3,1,20,14,6,11,4,7
53011509,25,12,13,2,0,2,1,0,1,14,10,4,8,2,6
53011510,58,30,28,11,5,6,9,5,4,28,15,13,10,5,5
53011512,86,49,37,6,4,2,13,5,8,33,24,9,34,16,18
53011517,21,8,13,1,0,1,4,2,2,8,4,4,8,2,6
53015801,35,15,20,3,1,2,9,3,6,8,4,4,15,7,8
53015802,211,114,97,30,18,12,57,23,34,62,36,26,62,37,25
53015803,99,50,49,19,8,11,13,7,6,33,17,16,34,18,16
53015804,24,14,10,5,2,3,2,1,1,4,3,1,13,8,5
53016601,31,16,15,2,1,1,11,6,5,15,7,8,3,2,1
53016602,621,310,311,67,29,38,90,37,53,245,127,118,219,117,102
53016604,67,29,38,4,0,4,14,7,7,17,8,9,32,14,18
53016606,27,14,13,4,2,2,6,3,3,1,1,0,16,8,8
53016607,41,21,20,4,2,2,13,5,8,8,5,3,16,9,7
53016610,69,36,33,13,8,5,14,7,7,27,13,14,15,8,7
53017401,202,108,94,27,13,14,45,21,24,82,46,36,48,28,20
53019101,211,112,99,10,5,5,71,37,34,59,31,28,71,39,32
53020401,70,37,33,7,3,4,1,1,0,38,23,15,24,10,14
53020402,705,350,355,63,28,35,56,18,38,353,183,170,233,121,112
53020404,132,66,66,4,1,3,12,5,7,69,38,31,47,22,25
1499690,0,0,0,0,0,0,0,0,0,0,0,0,0,0,0
53021201,76,37,39,1,1,0,31,16,15,21,10,11,23,10,13
53021202,52,25,27,5,3,2,5,2,3,25,11,14,17,9,8
53021203,74,41,33,2,1,1,27,14,13,17,11,6,28,15,13
53021204,686,350,336,71,40,31,100,46,54,278,148,130,237,116,121
53021205,36,21,15,0,0,0,5,2,3,25,14,11,6,5,1
53021206,22,13,9,3,2,1,5,2,3,7,5,2,7,4,3
53021207,37,21,16,2,1,1,6,3,3,11,7,4,18,10,8
53021208,35,17,18,2,2,0,11,4,7,8,5,3,14,6,8
53021209,33,17,16,4,3,1,7,3,4,14,7,7,8,4,4
53026301,248,122,126,28,12,16,15,10,5,119,59,60,86,41,45
53026302,543,265,278,46,21,25,44,17,27,308,151,157,145,76,69
53026303,22,10,12,2,0,2,6,2,4,11,7,4,3,1,2
53029801,61,31,30,9,6,3,2,0,2,31,14,17,19,11,8
53029802,29,16,13,6,4,2,1,0,1,13,6,7,9,6,3
53029803,997,490,507,82,33,49,106,48,58,502,259,243,307,150,157
53029804,24,9,15,4,2,2,2,1,1,13,3,10,5,3,2
53029805,35,21,14,8,5,3,0,0,0,23,14,9,4,2,2
53029806,26,14,12,4,2,2,4,3,1,11,6,5,7,3,4
53030101,37,19,18,7,4,3,3,1,2,6,2,4,21,12,9
53030102,30,13,17,11,3,8,2,1,1,11,5,6,6,4,2
53030103,33,20,13,4,2,2,4,3,1,9,6,3,16,9,7
53030104,25,12,13,1,0,1,5,1,4,4,2,2,15,9,6
53030105,27,17,10,7,4,3,2,1,1,14,10,4,4,2,2
53030106,81,42,39,4,2,2,13,7,6,23,11,12,41,22,19
53030107,42,21,21,1,1,0,7,3,4,17,7,10,17,10,7
53030108,192,105,87,13,5,8,40,21,19,75,37,38,64,42,22
53030109,46,20,26,6,2,4,8,4,4,9,4,5,23,10,13
53030116,20,11,9,1,0,1,2,1,1,15,9,6,2,1,1
1358101,0,0,0,0,0,0,0,0,0,0,0,0,0,0,0
53031001,25,13,12,0,0,0,0,0,0,15,8,7,10,5,5
53031002,91,42,49,8,5,3,27,14,13,30,8,22,26,15,11
53031003,50,30,20,1,1,0,11,7,4,23,13,10,15,9,6
53031004,68,34,34,6,3,3,12,4,8,29,15,14,21,12,9
53031005,152,85,67,13,7,6,19,10,9,76,38,38,44,30,14
53031006,77,37,40,4,2,2,9,4,5,38,19,19,26,12,14
53031007,52,28,24,1,1,0,16,9,7,29,16,13,6,2,4
53031008,24,11,13,2,1,1,2,1,1,15,6,9,5,3,2
53031009,112,59,53,12,6,6,5,2,3,56,32,24,39,19,20
53031010,45,19,26,0,0,0,10,6,4,10,4,6,25,9,16
53031011,28,12,16,0,0,0,13,4,9,14,7,7,1,1,0
53031012,39,18,21,4,2,2,6,2,4,23,11,12,6,3,3
53031013,54,23,31,5,3,2,3,1,2,19,8,11,27,11,16
53031015,1413,692,721,117,54,63,185,84,101,595,288,307,516,266,250
53031016,233,155,78,9,4,5,13,9,4,72,42,30,139,100,39
53031018,61,28,33,5,3,2,14,6,8,20,10,10,22,9,13
53031019,37,18,19,3,1,2,2,2,0,19,10,9,13,5,8
53031020,28,11,17,0,0,0,2,1,1,5,2,3,21,8,13
53031021,114,64,50,8,2,6,5,2,3,60,39,21,41,21,20
1098861,0,0,0,0,0,0,0,0,0,0,0,0,0,0,0
53034402,118,59,59,15,8,7,12,5,7,64,32,32,27,14,13
53034403,60,28,32,7,3,4,15,4,11,19,11,8,19,10,9
53034404,756,383,373,77,37,40,77,33,44,293,147,146,309,166,143
53034406,55,27,28,13,6,7,12,5,7,12,6,6,18,10,8
53034407,46,25,21,11,6,5,0,0,0,22,13,9,13,6,7
53034408,120,65,55,9,4,5,10,4,6,58,35,23,43,22,21
53034409,49,28,21,9,3,6,7,3,4,18,11,7,15,11,4
53034410,162,85,77,13,6,7,26,13,13,76,42,34,47,24,23
59939501,56,30,26,7,3,4,12,6,6,22,12,10,15,9,6
53035202,45,24,21,11,6,5,6,2,4,15,8,7,13,8,5
53035203,348,158,190,27,4,23,35,16,19,202,103,99,84,35,49
53035204,73,36,37,6,2,4,17,9,8,22,11,11,28,14,14
53307601,243,122,121,21,12,9,57,24,33,92,45,47,73,41,32
53040901,230,114,116,13,5,8,50,21,29,98,52,46,69,36,33
53040902,20,13,7,2,2,0,5,2,3,10,7,3,3,2,1
53040903,42,19,23,3,2,1,4,2,2,17,7,10,18,8,10
53264902,73,36,37,11,8,3,4,1,3,36,17,19,22,10,12
53264903,152,74,78,18,7,11,16,7,9,64,36,28,54,24,30
53264904,49,25,24,1,0,1,6,3,3,27,13,14,15,9,6
53044101,110,53,57,6,0,6,12,5,7,56,29,27,36,19,17
53044102,58,30,28,3,1,2,2,1,1,34,15,19,19,13,6
53044103,1326,678,648,94,35,59,96,48,48,725,386,339,411,209,202
53045001,52,26,26,4,3,1,10,5,5,21,10,11,17,8,9
53045002,48,26,22,5,2,3,20,10,10,6,3,3,17,11,6
53045003,101,50,51,10,6,4,6,1,5,62,30,32,23,13,10
53045005,49,21,28,5,2,3,5,1,4,26,13,13,13,5,8
53045006,126,65,61,10,3,7,18,8,10,54,30,24,44,24,20
53045007,25,14,11,4,1,3,1,1,0,16,11,5,4,1,3
53045008,86,48,38,7,5,2,14,8,6,36,19,17,29,16,13
53045009,82,35,47,4,2,2,27,8,19,30,13,17,21,12,9
53045011,120,62,58,9,2,7,17,10,7,64,34,30,30,16,14
53045012,76,42,34,17,12,5,15,8,7,30,15,15,14,7,7
53045013,648,333,315,79,37,42,73,33,40,257,138,119,239,125,114
53045014,21,10,11,3,0,3,9,4,5,6,3,3,3,3,0
53045016,27,15,12,7,2,5,0,0,0,13,9,4,7,4,3
53047601,42,23,19,6,4,2,5,3,2,13,7,6,18,9,9
53047602,98,45,53,10,3,7,14,6,8,31,15,16,43,21,22
53047604,42,22,20,4,2,2,5,3,2,9,4,5,24,13,11
53047605,346,183,163,34,15,19,65,30,35,121,64,57,126,74,52
53047606,40,22,18,5,1,4,10,6,4,11,7,4,14,8,6
3323300,0,0,0,0,0,0,0,0,0,0,0,0,0,0,0
53049201,31,15,16,4,2,2,0,0,0,20,9,11,7,4,3
53049202,36,18,18,7,3,4,3,2,1,18,11,7,8,2,6
53049203,295,147,148,30,15,15,41,18,23,150,72,78,74,42,32
53049205,67,31,36,2,2,0,5,1,4,36,15,21,24,13,11
53051401,129,70,59,8,4,4,23,13,10,50,25,25,48,28,20
53868001,106,51,55,15,5,10,6,3,3,57,26,31,28,17,11
53868002,56,30,26,2,0,2,7,4,3,39,22,17,8,4,4
53868003,102,50,52,5,2,3,13,8,5,62,27,35,22,13,9
53868004,1243,603,640,109,48,61,96,44,52,643,312,331,395,199,196
53868005,380,195,185,44,24,20,50,23,27,181,95,86,105,53,52
53868006,409,200,209,35,22,13,53,32,21,191,85,106,130,61,69
53052201,64,34,30,8,5,3,6,3,3,33,17,16,17,9,8
53052202,46,22,24,5,4,1,2,0,2,23,8,15,16,10,6
53052203,62,31,31,1,0,1,3,2,1,33,15,18,25,14,11
53052204,50,21,29,9,3,6,4,3,1,18,5,13,19,10,9
53052205,40,18,22,3,1,2,1,0,1,16,5,11,20,12,8
53052206,58,30,28,2,1,1,11,6,5,38,20,18,7,3,4
53053102,38,21,17,3,2,1,9,4,5,15,7,8,11,8,3
53053103,366,181,185,45,20,25,86,41,45,124,61,63,111,59,52
53054901,161,79,82,19,6,13,49,23,26,34,18,16,59,32,27
53255001,212,111,101,28,11,17,28,15,13,90,53,37,66,32,34
53255002,49,24,25,6,2,4,19,11,8,4,2,2,20,9,11
53871001,60,29,31,2,1,1,2,0,2,40,20,20,16,8,8
53871002,184,93,91,19,11,8,8,6,2,104,53,51,53,23,30
53871003,88,44,44,0,0,0,3,2,1,59,25,34,26,17,9
53871004,44,19,25,9,4,5,4,1,3,25,11,14,6,3,3
53871005,36,16,20,5,0,5,4,2,2,13,8,5,14,6,8
53871006,89,46,43,5,2,3,3,1,2,56,29,27,25,14,11
53871007,36,17,19,0,0,0,1,0,1,20,9,11,15,8,7
53294101,226,121,105,19,11,8,30,13,17,96,49,47,81,48,33
53438201,102,52,50,10,3,7,13,7,6,60,34,26,19,8,11
53438202,762,374,388,60,25,35,60,28,32,434,217,217,208,104,104
53438203,80,38,42,16,9,7,3,0,3,36,16,20,25,13,12
53438204,32,16,16,3,2,1,1,1,0,18,7,11,10,6,4
53438205,27,16,11,1,0,1,1,1,0,7,5,2,18,10,8
53438206,2716,1360,1356,180,75,105,186,78,108,1492,775,717,858,432,426
53223101,30,17,13,3,1,2,8,5,3,7,4,3,12,7,5
53061101,45,22,23,5,2,3,10,5,5,17,8,9,13,7,6
53061102,28,13,15,10,6,4,2,0,2,8,4,4,8,3,5
53061103,36,17,19,5,3,2,6,2,4,18,9,9,7,3,4
53061104,153,83,70,12,6,6,18,7,11,56,30,26,67,40,27
53243601,101,55,46,12,7,5,19,8,11,37,24,13,33,16,17
53063801,89,44,45,11,5,6,17,9,8,38,20,18,23,10,13
53063802,22,13,9,0,0,0,4,2,2,9,5,4,9,6,3
53063803,309,158,151,29,13,16,30,15,15,143,73,70,107,57,50
53063804,59,24,35,7,2,5,9,3,6,26,13,13,17,6,11
59938701,25,13,12,0,0,0,4,1,3,10,5,5,11,7,4
59938702,32,16,16,1,1,0,3,2,1,6,4,2,22,9,13
59938703,185,93,92,10,3,7,25,13,12,86,47,39,64,30,34
59937901,95,55,40,4,3,1,7,4,3,46,24,22,38,24,14
59937902,22,9,13,2,1,1,0,0,0,6,3,3,14,5,9
59936101,130,65,65,21,11,10,27,12,15,50,26,24,32,16,16
53068901,103,53,50,6,3,3,12,5,7,41,20,21,44,25,19
53068902,28,13,15,4,2,2,9,5,4,6,3,3,9,3,6
53068903,54,28,26,1,1,0,8,5,3,11,6,5,34,16,18
53068905,35,17,18,10,6,4,7,2,5,13,6,7,5,3,2
53068906,70,36,34,15,8,7,7,3,4,21,10,11,27,15,12
53068907,90,44,46,6,2,4,8,5,3,40,21,19,36,16,20
53068908,95,49,46,10,3,7,8,4,4,53,32,21,24,10,14
53068909,84,43,41,4,3,1,13,6,7,48,26,22,19,8,11
53068910,394,212,182,32,16,16,36,19,17,201,107,94,125,70,55
53070101,33,16,17,9,4,5,2,1,1,11,5,6,11,6,5
53070103,132,68,64,14,7,7,25,13,12,54,30,24,39,18,21
53070104,154,87,67,14,9,5,25,14,11,60,36,24,55,28,27
53071901,103,50,53,7,1,6,20,10,10,45,26,19,31,13,18
1624340,0,0,0,0,0,0,0,0,0,0,0,0,0,0,0
53250901,33,16,17,3,2,1,14,6,8,7,4,3,9,4,5
53250902,26,15,11,1,1,0,12,4,8,6,5,1,7,5,2
53075101,60,28,32,8,5,3,17,8,9,26,13,13,9,2,7
53075102,281,138,143,25,8,17,28,11,17,105,52,53,123,67,56
53076001,119,63,56,7,3,4,35,19,16,43,24,19,34,17,17
53076002,37,17,20,9,4,5,6,2,4,16,8,8,6,3,3
53076003,34,18,16,6,3,3,8,4,4,17,9,8,3,2,1
53076004,314,166,148,41,20,21,59,26,33,109,66,43,105,54,51
53077802,67,39,28,10,4,6,8,6,2,26,18,8,23,11,12
53077804,107,56,51,9,6,3,14,6,8,44,24,20,40,20,20
53077805,28,19,9,3,2,1,11,7,4,4,3,1,10,7,3
53259201,236,119,117,21,6,15,35,15,20,81,43,38,99,55,44
53254101,134,65,69,22,11,11,31,13,18,28,16,12,53,25,28
53081601,89,43,46,13,4,9,19,9,10,37,22,15,20,8,12
53081602,97,54,43,6,3,3,29,14,15,32,18,14,30,19,11
53081603,84,41,43,8,4,4,18,8,10,22,12,10,36,17,19
53081604,108,52,56,2,0,2,6,3,3,51,25,26,49,24,25
53081606,966,487,479,115,52,63,196,81,115,337,181,156,318,173,145
53230401,98,51,47,13,7,6,18,7,11,41,21,20,26,16,10
53084101,200,99,101,20,13,7,33,11,22,109,58,51,38,17,21
53084102,56,30,26,5,3,2,12,6,6,20,11,9,19,10,9
53084103,450,219,231,30,14,16,33,10,23,260,136,124,127,59,68
53084104,217,117,100,13,5,8,14,6,8,128,69,59,62,37,25
53084105,269,141,128,12,7,5,2,1,1,177,92,85,78,41,37
53084106,335,174,161,32,17,15,32,12,20,177,101,76,94,44,50
53084107,541,267,274,49,21,28,31,15,16,310,152,158,151,79,72
53084108,444,221,223,21,9,12,25,5,20,263,135,128,135,72,63
53084109,2920,1411,1509,220,90,130,205,81,124,1581,804,777,914,436,478
53084110,305,153,152,16,9,7,18,10,8,199,99,100,72,35,37
53206101,420,207,213,14,9,5,51,18,33,200,97,103,155,83,72
53206102,111,55,56,12,6,6,9,6,3,53,28,25,37,15,22
53206103,86,46,40,17,8,9,11,4,7,43,26,17,15,8,7
1781012,0,0,0,0,0,0,0,0,0,0,0,0,0,0,0
53086701,113,60,53,12,4,8,18,7,11,39,24,15,44,25,19
53086703,192,101,91,19,12,7,48,23,25,73,37,36,52,29,23
53086705,24,14,10,4,2,2,4,3,1,4,3,1,12,6,6
1834910,0,0,0,0,0,0,0,0,0,0,0,0,0,0,0
3070090,0,0,0,0,0,0,0,0,0,0,0,0,0,0,0
3340490,0,0,0,0,0,0,0,0,0,0,0,0,0,0,0
53088301,268,132,136,38,18,20,37,16,21,95,49,46,98,49,49
53088302,140,70,70,9,5,4,19,11,8,59,28,31,53,26,27
53088303,26,14,12,4,2,2,1,1,0,13,6,7,8,5,3
53088304,592,295,297,51,25,26,129,54,75,188,102,86,224,114,110
53088306,57,31,26,5,2,3,9,4,5,23,14,9,20,11,9
53088308,103,59,44,8,3,5,21,11,10,37,22,15,37,23,14
53088309,60,31,29,6,3,3,5,3,2,21,9,12,28,16,12
53088310,20,10,10,7,4,3,1,1,0,5,2,3,7,3,4
53088311,28,17,11,6,2,4,7,4,3,10,8,2,5,3,2
53088312,425,211,214,32,15,17,54,21,33,187,102,85,152,73,79
53088313,179,91,88,19,8,11,6,1,5,93,51,42,61,31,30
53088315,1174,520,654,87,26,61,141,49,92,564,262,302,382,183,199
53088316,1911,864,1047,196,85,111,313,103,210,791,394,397,611,282,329
53088317,2769,1333,1436,235,89,146,365,134,231,1160,599,561,1009,511,498
53088318,48,28,20,3,2,1,11,4,7,26,17,9,8,5,3
53088321,921,465,456,105,45,60,139,62,77,443,235,208,234,123,111
53088323,2563,1256,1307,245,90,155,430,197,233,1085,551,534,803,418,385
53261401,108,59,49,14,8,6,13,7,6,34,21,13,47,23,24
53089101,60,33,27,7,3,4,6,2,4,31,19,12,16,9,7
53089103,53,24,29,13,6,7,9,5,4,16,5,11,15,8,7
53089104,33,17,16,11,6,5,4,1,3,14,7,7,4,3,1
53089105,40,23,17,4,1,3,1,1,0,27,16,11,8,5,3
53089106,334,147,187,22,6,16,77,27,50,102,53,49,133,61,72
53089107,32,13,19,0,0,0,2,0,2,17,8,9,13,5,8
0152702,0,0,0,0,0,0,0,0,0,0,0,0,0,0,0
53090501,101,45,56,22,10,12,19,7,12,27,12,15,33,16,17
53090503,43,22,21,5,2,3,5,2,3,18,9,9,15,9,6
53090504,34,15,19,4,0,4,4,3,1,16,6,10,10,6,4
53090505,36,19,17,4,2,2,7,4,3,13,8,5,12,5,7
53090506,60,32,28,4,2,2,0,0,0,32,20,12,24,10,14
53090508,78,40,38,7,4,3,8,5,3,44,21,23,19,10,9
53090509,41,19,22,8,2,6,5,2,3,16,12,4,12,3,9
53090510,24,11,13,6,1,5,1,0,1,9,6,3,8,4,4
53090511,62,32,30,1,0,1,8,2,6,23,14,9,30,16,14
53090512,49,23,26,2,1,1,12,4,8,18,8,10,17,10,7
53090514,40,21,19,0,0,0,5,3,2,15,6,9,20,12,8
53090515,24,12,12,2,1,1,5,2,3,3,3,0,14,6,8
53090516,82,42,40,8,3,5,16,8,8,23,13,10,35,18,17
53090518,29,13,16,4,0,4,0,0,0,13,5,8,12,8,4
53090521,57,30,27,5,1,4,2,1,1,39,23,16,11,5,6
53090523,307,149,158,35,11,24,59,27,32,111,65,46,102,46,56
53090524,2321,1121,1200,211,91,120,292,122,170,1118,561,557,700,347,353
53090525,477,232,245,42,19,23,45,16,29,217,110,107,173,87,86
53090526,459,242,217,33,19,14,76,40,36,172,91,81,178,92,86
53090527,47,19,28,3,0,3,11,3,8,24,12,12,9,4,5
53091301,108,61,47,16,8,8,31,17,14,23,15,8,38,21,17
53091302,284,145,139,26,15,11,87,37,50,64,41,23,107,52,55
1853533,0,0,0,0,0,0,0,0,0,0,0,0,0,0,0
53092101,83,46,37,4,2,2,4,1,3,37,21,16,38,22,16
53092102,94,45,49,16,9,7,6,3,3,50,21,29,22,12,10
53092103,165,73,92,12,3,9,30,17,13,83,34,49,40,19,21
53092104,107,58,49,7,2,5,20,10,10,57,31,26,23,15,8
1864653,0,0,0,0,0,0,0,0,0,0,0,0,0,0,0
53094801,27,15,12,0,0,0,1,0,1,13,7,6,13,8,5
53094802,51,27,24,8,4,4,4,3,1,13,6,7,26,14,12
53094803,42,22,20,1,0,1,5,3,2,18,11,7,18,8,10
53094806,32,15,17,5,3,2,2,0,2,8,3,5,17,9,8
53094807,24,12,12,0,0,0,2,1,1,7,3,4,15,8,7
53094808,51,26,25,4,3,1,7,3,4,20,9,11,20,11,9
53094809,799,404,395,86,31,55,77,37,40,323,162,161,313,174,139
53226601,110,53,57,10,5,5,14,6,8,52,24,28,34,18,16
51348201,70,35,35,8,5,3,13,6,7,21,11,10,28,13,15
51348202,115,56,59,5,0,5,15,8,7,54,28,26,41,20,21
57141501,54,30,24,0,0,0,11,7,4,22,11,11,21,12,9
53102201,514,252,262,68,36,32,153,69,84,147,75,72,146,72,74
0834452,0,0,0,0,0,0,0,0,0,0,0,0,0,0,0
53104901,27,12,15,2,0,2,8,4,4,8,3,5,9,5,4
53104902,20,8,12,2,0,2,7,2,5,6,4,2,5,2,3
53104903,82,40,42,16,6,10,14,8,6,29,15,14,23,11,12
53104904,91,51,40,7,4,3,5,4,1,17,8,9,62,35,27
53104906,37,22,15,4,3,1,7,3,4,7,6,1,19,10,9
53104908,148,74,74,13,5,8,38,15,23,63,37,26,34,17,17
0012105,0,0,0,0,0,0,0,0,0,0,0,0,0,0,0
53442101,228,113,115,17,9,8,13,7,6,155,75,80,43,22,21
53442102,29,15,14,9,5,4,0,0,0,15,7,8,5,3,2
53442103,46,23,23,1,0,1,2,1,1,35,18,17,8,4,4
53442104,96,48,48,6,3,3,5,4,1,58,28,30,27,13,14
3209190,0,0,0,0,0,0,0,0,0,0,0,0,0,0,0
53105701,921,520,401,81,37,44,82,46,36,379,196,183,379,241,138
53105702,238,116,122,10,4,6,20,10,10,113,61,52,95,41,54
53105703,324,155,169,33,11,22,28,14,14,178,85,93,85,45,40
53105704,122,61,61,12,3,9,17,9,8,61,31,30,32,18,14
53105705,1236,563,673,103,44,59,90,49,41,750,337,413,293,133,160
53105706,77,38,39,5,3,2,8,5,3,45,19,26,19,11,8
53105707,957,451,506,79,29,50,58,30,28,575,272,303,245,120,125
53105708,34,16,18,6,2,4,4,1,3,21,11,10,3,2,1
53105709,493,228,265,45,22,23,40,21,19,270,122,148,138,63,75
53105710,329,174,155,28,13,15,43,23,20,123,55,68,135,83,52
53105711,70,36,34,6,2,4,4,1,3,40,23,17,20,10,10
53105712,206,103,103,21,12,9,9,5,4,118,61,57,58,25,33
53105713,710,351,359,47,22,25,58,23,35,418,215,203,187,91,96
53105714,3424,1616,1808,299,123,176,264,93,171,1837,894,943,1024,506,518
53105715,2532,1177,1355,205,96,109,195,74,121,1431,661,770,701,346,355
53105716,1203,558,645,107,45,62,99,40,59,674,312,362,323,161,162
53105717,1967,937,1030,146,59,87,167,77,90,1078,521,557,576,280,296
53105718,2160,1054,1106,149,67,82,152,61,91,1244,632,612,615,294,321
53105719,66,35,31,3,1,2,7,4,3,31,19,12,25,11,14
53105720,68,38,30,5,1,4,5,3,2,38,21,17,20,13,7
53105722,124,64,60,21,10,11,15,9,6,45,22,23,43,23,20
53105723,87,38,49,28,14,14,7,2,5,16,5,11,36,17,19
53105724,1097,529,568,79,36,43,94,40,54,678,327,351,246,126,120
53105726,1394,674,720,82,28,54,117,64,53,876,421,455,319,161,158
53105727,712,344,368,51,14,37,44,24,20,362,179,183,255,127,128
53107301,331,161,170,22,9,13,14,6,8,173,91,82,122,55,67
53108101,902,444,458,47,23,24,30,12,18,585,295,290,240,114,126
53108102,75,36,39,6,4,2,1,1,0,49,24,25,19,7,12
53109001,338,161,177,17,7,10,13,8,5,204,100,104,104,46,58
53110301,628,315,313,38,20,18,44,21,23,391,196,195,155,78,77
53414501,239,113,126,12,6,6,16,6,10,141,66,75,70,35,35
53112001,439,226,213,31,11,20,10,4,6,288,156,132,110,55,55
53113801,897,450,447,56,23,33,61,27,34,500,253,247,280,147,133
53113802,256,121,135,15,2,13,12,6,6,156,79,77,73,34,39
53115401,773,377,396,43,20,23,37,19,18,487,228,259,206,110,96
3303020,0,0,0,0,0,0,0,0,0,0,0,0,0,0,0
53116201,274,152,122,23,13,10,19,7,12,151,91,60,81,41,40
53117101,929,441,488,89,40,49,55,21,34,560,275,285,225,105,120
53117102,363,180,183,46,23,23,25,11,14,203,104,99,89,42,47
0454110,0,0,0,0,0,0,0,0,0,0,0,0,0,0,0
0454380,0,0,0,0,0,0,0,0,0,0,0,0,0,0,0
53118901,1023,524,499,65,30,35,72,29,43,559,275,284,327,190,137
53118902,645,341,304,42,19,23,55,26,29,331,187,144,217,109,108
53118903,157,82,75,8,2,6,9,5,4,83,45,38,57,30,27
53118904,36,14,22,2,2,0,1,0,1,22,8,14,11,4,7
53118905,1240,589,651,91,38,53,124,50,74,749,368,381,276,133,143
53118906,1253,590,663,87,38,49,75,38,37,682,323,359,409,191,218
53118907,88,44,44,9,4,5,3,1,2,48,26,22,28,13,15
53118908,245,133,112,45,36,9,10,3,7,113,55,58,77,39,38
53118909,723,342,381,42,19,23,33,12,21,429,201,228,219,110,109
53118910,1425,661,764,109,44,65,102,46,56,778,357,421,436,214,222
53120101,144,79,65,6,4,2,21,8,13,83,46,37,34,21,13
53120102,1426,723,703,98,47,51,124,61,63,758,376,382,446,239,207
53120103,79,28,51,11,1,10,24,4,20,32,18,14,12,5,7
53120104,43,20,23,4,2,2,0,0,0,27,13,14,12,5,7
53120105,175,90,85,12,5,7,7,4,3,97,46,51,59,35,24
53121901,401,213,188,34,15,19,22,14,8,219,114,105,126,70,56
53122702,31,19,12,1,1,0,4,1,3,15,11,4,11,6,5
53122703,1207,599,608,78,34,44,60,24,36,748,388,360,321,153,168
3303290,0,0,0,0,0,0,0,0,0,0,0,0,0,0,0
53123501,198,105,93,11,4,7,9,6,3,94,51,43,84,44,40
53123502,59,32,27,2,1,1,2,1,1,42,23,19,13,7,6
53124301,2096,1040,1056,155,73,82,113,46,67,1295,661,634,533,260,273
3303370,0,0,0,0,0,0,0,0,0,0,0,0,0,0,0
53125101,150,82,68,7,3,4,2,2,0,104,56,48,37,21,16
53125102,65,31,34,3,1,2,1,0,1,45,22,23,16,8,8
53125103,236,120,116,14,5,9,9,4,5,131,70,61,82,41,41
53125104,77,38,39,3,1,2,0,0,0,53,24,29,21,13,8
53445501,230,115,115,17,6,11,3,1,2,128,66,62,82,42,40
53444701,693,362,331,44,21,23,60,26,34,393,210,183,196,105,91
53367001,1074,548,526,77,31,46,70,43,27,625,320,305,302,154,148
53129401,1153,569,584,87,35,52,73,34,39,618,309,309,375,191,184
53129402,147,80,67,8,4,4,3,2,1,94,49,45,42,25,17
53129403,73,42,31,3,2,1,8,5,3,47,26,21,15,9,6
53129404,130,62,68,8,2,6,20,9,11,73,36,37,29,15,14
53129405,22,11,11,7,4,3,7,2,5,8,5,3,0,0,0
53129406,322,153,169,13,6,7,16,9,7,232,110,122,61,28,33
53129407,75,35,40,7,4,3,5,2,3,42,21,21,21,8,13
53130801,207,105,102,7,3,4,11,6,5,121,62,59,68,34,34
53131601,102,46,56,4,1,3,12,4,8,60,27,33,26,14,12
53131602,278,151,127,39,16,23,16,9,7,165,94,71,58,32,26
53131603,391,192,199,39,16,23,45,24,21,199,95,104,108,57,51
53131604,100,49,51,4,1,3,11,5,6,63,29,34,22,14,8
53132401,23,12,11,0,0,0,2,1,1,19,10,9,2,1,1
53132402,109,52,57,9,4,5,6,3,3,75,36,39,19,9,10
53132403,2214,1115,1099,142,77,65,97,42,55,1328,661,667,647,335,312
53133201,39,19,20,2,1,1,0,0,0,16,7,9,21,11,10
53133202,205,117,88,11,6,5,38,19,19,93,54,39,63,38,25
53379301,128,58,70,13,7,6,19,9,10,65,31,34,31,11,20
53407201,120,65,55,7,2,5,13,8,5,64,37,27,36,18,18
53407202,174,89,85,9,3,6,11,5,6,110,55,55,44,26,18
0730590,0,0,0,0,0,0,0,0,0,0,0,0,0,0,0
53320301,213,118,95,13,7,6,6,3,3,114,63,51,80,45,35
53320302,143,71,72,9,6,3,9,4,5,67,30,37,58,31,27
53320304,582,290,292,34,14,20,18,9,9,367,188,179,163,79,84
53320305,63,31,32,1,1,0,0,0,0,53,26,27,9,4,5
53320307,1375,672,703,104,40,64,80,38,42,732,375,357,459,219,240
53320309,451,221,230,36,17,19,39,19,20,280,137,143,96,48,48
53320310,620,318,302,51,23,28,57,29,28,366,195,171,146,71,75
53320311,1429,707,722,100,55,45,110,51,59,836,411,425,383,190,193
53320312,774,373,401,50,26,24,33,15,18,531,254,277,160,78,82
53320313,138,86,52,12,6,6,7,6,1,20,10,10,99,64,35
53320314,1279,611,668,96,46,50,81,38,43,752,363,389,350,164,186
53320315,791,411,380,55,24,31,41,22,19,348,172,176,347,193,154
53320316,1260,631,629,73,34,39,91,51,40,754,376,378,342,170,172
53320317,791,367,424,53,18,35,42,19,23,467,217,250,229,113,116
53320319,95,52,43,6,3,3,3,3,0,46,24,22,40,22,18
53137501,444,219,225,26,10,16,13,4,9,257,131,126,148,74,74
53137502,188,93,95,12,5,7,6,1,5,121,62,59,49,25,24
53393902,78,48,30,6,2,4,2,1,1,49,31,18,21,14,7
53393903,28,13,15,5,1,4,2,1,1,12,6,6,9,5,4
53333501,363,184,179,19,8,11,23,13,10,218,110,108,103,53,50
53144801,576,291,285,43,23,20,29,12,17,299,146,153,205,110,95
53144802,63,31,32,1,0,1,3,3,0,39,17,22,20,11,9
53145601,183,94,89,12,5,7,24,11,13,69,37,32,78,41,37
53145602,28,16,12,1,0,1,1,1,0,13,7,6,13,8,5
53145603,108,60,48,8,3,5,1,1,0,66,38,28,33,18,15
53145604,928,456,472,80,36,44,91,43,48,440,212,228,317,165,152
53146401,1676,851,825,153,70,83,136,64,72,913,477,436,474,240,234
53146402,308,144,164,26,9,17,21,9,12,183,91,92,78,35,43
53147202,1109,587,522,68,28,40,67,27,40,592,332,260,382,200,182
53147203,110,60,50,9,4,5,17,9,8,50,28,22,34,19,15
53147204,161,76,85,10,4,6,2,1,1,88,46,42,61,25,36
53440401,155,86,69,10,2,8,18,15,3,93,49,44,34,20,14
3303450,0,0,0,0,0,0,0,0,0,0,0,0,0,0,0
53331901,103,52,51,12,5,7,2,0,2,55,30,25,34,17,17
53421801,99,56,43,3,2,1,9,6,3,56,30,26,31,18,13
53152901,246,126,120,13,6,7,11,7,4,133,63,70,89,50,39
53152902,61,28,33,5,2,3,4,1,3,39,21,18,13,4,9
53153701,576,274,302,61,29,32,37,16,21,305,148,157,173,81,92
53154501,742,388,354,55,28,27,58,32,26,455,235,220,174,93,81
53154502,102,47,55,11,5,6,5,4,1,51,23,28,35,15,20
53391201,148,76,72,24,10,14,7,2,5,78,44,34,39,20,19
53391202,36,15,21,3,2,1,0,0,0,13,6,7,20,7,13
53360201,292,145,147,29,11,18,30,14,16,158,82,76,75,38,37
53426901,192,99,93,20,7,13,12,4,8,96,53,43,64,35,29
53158801,581,287,294,45,21,24,26,10,16,347,171,176,163,85,78
53159601,995,510,485,63,30,33,50,21,29,555,287,268,327,172,155
53159602,373,193,180,24,11,13,18,9,9,244,128,116,87,45,42
53159603,427,217,210,37,17,20,20,11,9,246,119,127,124,70,54
53159604,295,159,136,19,9,10,15,8,7,175,99,76,86,43,43
53160001,684,331,353,32,15,17,24,11,13,492,232,260,136,73,63
53160002,30,16,14,2,1,1,4,1,3,15,8,7,9,6,3
53162601,453,238,215,33,20,13,20,10,10,288,148,140,112,60,52
53163401,177,87,90,7,0,7,3,1,2,114,58,56,53,28,25
53163402,641,325,316,34,17,17,22,11,11,410,211,199,175,86,89
53164201,215,120,95,9,3,6,25,10,15,95,56,39,86,51,35
53164202,89,46,43,3,1,2,9,4,5,42,20,22,35,21,14
53411101,189,95,94,13,6,7,5,1,4,121,63,58,50,25,25
53166901,137,72,65,15,9,6,6,3,3,63,33,30,53,27,26
53166902,240,125,115,21,9,12,9,5,4,137,71,66,73,40,33
53166903,115,51,64,2,1,1,5,2,3,70,29,41,38,19,19
53428501,225,120,105,14,5,9,15,4,11,136,78,58,60,33,27
3303110,0,0,0,0,0,0,0,0,0,0,0,0,0,0,0
53168501,648,332,316,37,17,20,20,8,12,371,187,184,220,120,100
53169301,892,455,437,57,19,38,45,14,31,531,284,247,259,138,121
53171501,482,246,236,18,9,9,16,4,12,282,141,141,166,92,74
53396301,87,40,47,2,1,1,17,6,11,37,21,16,31,12,19
53396302,42,20,22,6,4,2,8,3,5,15,6,9,13,7,6
53174001,140,76,64,9,5,4,10,3,7,80,43,37,41,25,16
53174002,310,155,155,21,8,13,15,8,7,186,95,91,88,44,44
53174003,65,29,36,2,0,2,4,1,3,44,21,23,15,7,8
53174004,20,10,10,3,3,0,0,0,0,16,6,10,1,1,0
53174006,71,40,31,8,6,2,4,1,3,51,27,24,8,6,2
53175801,94,42,52,15,5,10,2,2,0,63,29,34,14,6,8
53175802,457,229,228,30,10,20,20,11,9,259,129,130,148,79,69
53176601,455,236,219,24,8,16,22,8,14,294,160,134,115,60,55
53178202,506,272,234,28,12,16,22,10,12,301,168,133,155,82,73
53179101,530,270,260,31,17,14,23,11,12,332,172,160,144,70,74
1602532,0,0,0,0,0,0,0,0,0,0,0,0,0,0,0
53180401,54,28,26,6,4,2,8,3,5,29,16,13,11,5,6
53180402,73,41,32,7,3,4,15,8,7,31,17,14,20,13,7
53180403,64,32,32,2,2,0,8,5,3,38,18,20,16,7,9
53181201,399,193,206,39,13,26,31,14,17,214,108,106,115,58,57
53181202,129,66,63,6,2,4,5,3,2,92,45,47,26,16,10
53181203,441,216,225,27,14,13,28,16,12,263,133,130,123,53,70
53183903,823,412,411,43,16,27,71,34,37,493,261,232,216,101,115
53184701,1043,538,505,139,91,48,60,29,31,558,276,282,286,142,144
53185501,143,74,69,12,5,7,14,7,7,76,42,34,41,20,21
53185502,1067,540,527,59,29,30,52,27,25,615,303,312,341,181,160
53446301,256,123,133,14,6,8,28,13,15,145,72,73,69,32,37
53310601,578,302,276,38,19,19,43,24,19,355,181,174,142,78,64
53188001,195,92,103,21,12,9,6,3,3,144,70,74,24,7,17
53190101,680,341,339,33,13,20,51,27,24,421,212,209,175,89,86
53191001,208,103,105,13,4,9,15,7,8,139,73,66,41,19,22
53191002,30,15,15,1,1,0,2,1,1,20,9,11,7,4,3
53191003,191,100,91,11,6,5,12,4,8,120,67,53,48,23,25
53423401,118,62,56,7,2,5,7,3,4,58,28,30,46,29,17
53404801,276,134,142,9,3,6,23,9,14,145,66,79,99,56,43
53194401,192,97,95,20,12,8,18,8,10,99,53,46,55,24,31
53194402,739,358,381,65,29,36,60,30,30,448,214,234,166,85,81
53194403,304,144,160,22,12,10,21,12,9,189,85,104,72,35,37
53195201,449,228,221,34,17,17,21,8,13,240,124,116,154,79,75
53196101,249,120,129,20,10,10,17,7,10,131,64,67,81,39,42
53196102,190,90,100,12,7,5,9,4,5,95,45,50,74,34,40
53196103,1253,638,615,109,45,64,131,66,65,729,373,356,284,154,130
53197901,990,500,490,87,34,53,101,49,52,491,255,236,311,162,149
53199501,159,85,74,7,4,3,2,1,1,86,47,39,64,33,31
53199502,126,63,63,9,4,5,3,2,1,91,48,43,23,9,14
53199503,166,85,81,18,8,10,3,1,2,93,49,44,52,27,25
53199505,211,100,111,9,0,9,3,2,1,133,68,65,66,30,36
53199506,783,407,376,34,12,22,22,11,11,493,258,235,234,126,108
53200201,494,257,237,23,10,13,27,16,11,289,154,135,155,77,78
53201101,204,102,102,14,8,6,8,4,4,113,53,60,69,37,32
53201102,192,92,100,11,5,6,8,5,3,112,55,57,61,27,34
53201103,259,135,124,20,8,12,11,6,5,145,84,61,83,37,46
53201104,3460,1697,1763,244,103,141,204,96,108,1907,968,939,1105,530,575
53202901,95,51,44,3,0,3,7,6,1,55,30,25,30,15,15
53202903,2087,1030,1057,147,63,84,150,70,80,1172,595,577,618,302,316
59941701,306,152,154,26,13,13,13,5,8,196,99,97,71,35,36
53501001,304,160,144,24,11,13,13,6,7,195,104,91,72,39,33
53207001,202,100,102,15,8,7,23,10,13,107,51,56,57,31,26
53208801,90,48,42,6,4,2,4,1,3,42,22,20,38,21,17
53208802,298,146,152,9,2,7,22,12,10,176,86,90,91,46,45
53512501,196,101,95,18,10,8,5,3,2,106,55,51,67,33,34
53210001,286,142,144,15,5,10,11,5,6,168,87,81,92,45,47
53211801,1427,690,737,120,55,65,88,44,44,851,407,444,368,184,184
53211802,717,369,348,41,19,22,52,25,27,417,218,199,207,107,100
53212601,462,225,237,27,11,16,29,11,18,230,113,117,176,90,86
53212602,65,25,40,3,2,1,1,0,1,32,12,20,29,11,18
53212603,591,288,303,44,19,25,32,15,17,350,176,174,165,78,87
53214201,98,49,49,8,5,3,1,1,0,54,27,27,35,16,19
53214202,731,365,366,25,10,15,51,22,29,452,223,229,203,110,93
53214203,129,69,60,9,3,6,15,6,9,75,45,30,30,15,15
53216903,3859,1889,1970,293,131,162,289,142,147,2201,1069,1132,1076,547,529
53218501,686,345,341,34,13,21,30,14,16,422,209,213,200,109,91
53218502,57,27,30,7,3,4,1,1,0,34,15,19,15,8,7
53218503,41,20,21,5,3,2,5,3,2,19,8,11,12,6,6
53220701,126,63,63,5,0,5,5,1,4,79,41,38,37,21,16
53220702,72,38,34,3,2,1,7,4,3,34,20,14,28,12,16
53220703,542,263,279,42,13,29,21,10,11,330,164,166,149,76,73
53220704,188,95,93,3,0,3,2,0,2,119,58,61,64,37,27
53222301,1712,832,880,82,37,45,78,37,41,1163,569,594,389,189,200
51313001,285,141,144,12,3,9,8,4,4,153,80,73,112,54,58
51299101,190,92,98,17,9,8,13,6,7,123,61,62,37,16,21
53227401,72,40,32,4,1,3,3,1,2,42,24,18,23,14,9
53227402,972,493,479,65,27,38,39,18,21,629,322,307,239,126,113
53228201,458,227,231,19,9,10,30,15,15,261,121,140,148,82,66
53229101,42,19,23,2,1,1,6,3,3,22,11,11,12,4,8
53229102,292,152,140,16,6,10,17,9,8,180,97,83,79,40,39
51307501,198,106,92,17,9,8,14,8,6,91,51,40,76,38,38
51307502,76,37,39,9,3,6,4,3,1,44,21,23,19,10,9
51307503,74,32,42,6,1,5,5,4,1,44,19,25,19,8,11
53231201,778,371,407,52,22,30,55,26,29,478,234,244,193,89,104
53232101,249,128,121,11,6,5,7,4,3,157,78,79,74,40,34
53515001,132,65,67,5,1,4,11,3,8,80,40,40,36,21,15
53233901,522,265,257,12,7,5,28,13,15,310,162,148,172,83,89
53233902,23,12,11,0,0,0,0,0,0,13,8,5,10,4,6
53234701,1562,797,765,118,59,59,135,59,76,920,475,445,389,204,185
53235501,153,71,82,11,4,7,6,3,3,108,49,59,28,15,13
53235502,103,48,55,12,5,7,5,2,3,71,35,36,15,6,9
53235503,246,124,122,6,1,5,6,5,1,181,91,90,53,27,26
53236301,516,266,250,23,10,13,15,5,10,355,190,165,123,61,62
53237101,2061,1032,1029,119,57,62,137,71,66,1176,581,595,629,323,306
53237102,41,22,19,2,2,0,1,1,0,30,15,15,8,4,4
53239801,108,54,54,3,2,1,4,3,1,83,41,42,18,8,10
53239802,48,24,24,0,0,0,0,0,0,43,20,23,5,4,1
53239803,159,93,66,8,4,4,9,5,4,99,57,42,43,27,16
53240101,22,12,10,0,0,0,0,0,0,17,9,8,5,3,2
53240102,278,138,140,14,6,8,19,10,9,152,73,79,93,49,44
53241001,441,231,210,25,12,13,8,4,4,267,137,130,141,78,63
53242801,281,147,134,11,6,5,9,5,4,181,96,85,80,40,40
53244401,1195,590,605,52,21,31,27,16,11,764,386,378,352,167,185
53245201,29,17,12,1,1,0,5,3,2,16,9,7,7,4,3
53245202,1279,627,652,54,21,33,37,23,14,808,395,413,380,188,192
53245203,336,163,173,18,6,12,16,10,6,228,111,117,74,36,38
51303201,402,202,200,21,8,13,13,8,5,257,128,129,111,58,53
0649980,0,0,0,0,0,0,0,0,0,0,0,0,0,0,0
0651960,0,0,0,0,0,0,0,0,0,0,0,0,0,0,0
3071140,0,0,0,0,0,0,0,0,0,0,0,0,0,0,0
3071220,0,0,0,0,0,0,0,0,0,0,0,0,0,0,0
53205301,253,140,113,32,17,15,19,9,10,84,52,32,118,62,56
53205302,214,113,101,17,4,13,14,7,7,129,70,59,54,32,22
53205303,991,502,489,105,53,52,91,45,46,523,263,260,272,141,131
53205304,579,298,281,58,27,31,46,22,24,294,159,135,181,90,91
53205305,22,18,4,3,3,0,4,4,0,13,9,4,2,2,0
53205306,424,205,219,31,14,17,24,11,13,254,127,127,115,53,62
53205307,2913,1363,1550,217,103,114,151,68,83,1694,802,892,851,390,461
53205308,514,252,262,39,20,19,58,28,30,305,148,157,112,56,56
53205309,4857,2277,2580,336,144,192,315,148,167,2812,1345,1467,1394,640,754
53205310,56,28,28,6,3,3,2,0,2,31,16,15,17,9,8
53205311,113,28,85,2,0,2,19,5,14,32,14,18,60,9,51
53205312,205,104,101,57,28,29,15,8,7,98,53,45,35,15,20
53205313,5368,2968,2400,370,185,185,290,133,157,2263,1159,1104,2445,1491,954
53205314,1816,856,960,114,49,65,123,67,56,1056,499,557,523,241,282
53205315,1443,704,739,108,49,59,99,45,54,894,442,452,342,168,174
53205316,446,207,239,26,11,15,26,15,11,281,123,158,113,58,55
53205317,1669,816,853,93,42,51,92,37,55,1049,518,531,435,219,216
53205318,1275,625,650,104,51,53,118,62,56,717,348,369,336,164,172
53205320,1910,892,1018,130,52,78,128,57,71,1124,538,586,528,245,283
53205321,3578,1662,1916,262,109,153,239,109,130,1984,914,1070,1093,530,563
53205322,4007,1932,2075,308,138,170,283,131,152,2236,1091,1145,1180,572,608
53205323,3660,1760,1900,253,117,136,244,106,138,2043,1001,1042,1120,536,584
53205325,3179,1467,1712,244,96,148,267,116,151,1653,790,863,1015,465,550
53205327,4031,1843,2188,305,134,171,273,111,162,2282,1066,1216,1171,532,639
53205328,28,10,18,2,0,2,0,0,0,19,7,12,7,3,4
53205329,917,440,477,66,25,41,58,27,31,555,278,277,238,110,128
53205331,1859,888,971,135,51,84,144,60,84,1108,553,555,472,224,248
53205332,3585,1648,1937,228,90,138,228,100,128,2081,980,1101,1048,478,570
53205333,216,143,73,54,25,29,10,5,5,49,29,20,103,84,19
53205334,1319,593,726,104,44,60,79,35,44,754,335,419,382,179,203
53205335,2835,1377,1458,200,83,117,184,83,101,1702,845,857,749,366,383
53205336,103,61,42,8,4,4,3,1,2,69,42,27,23,14,9
53205337,880,432,448,81,34,47,60,26,34,435,226,209,304,146,158
53205338,3336,1544,1792,227,99,128,269,113,156,1869,871,998,971,461,510
53205339,1439,714,725,99,41,58,113,53,60,719,383,336,508,237,271
53205342,2678,1299,1379,180,77,103,147,72,75,1720,834,886,631,316,315
53205343,2861,1381,1480,193,103,90,121,56,65,1800,869,931,747,353,394
53205344,716,300,416,27,11,16,21,10,11,357,175,182,311,104,207
53205345,35,21,14,4,2,2,1,0,1,21,12,9,9,7,2
53205346,1426,704,722,89,41,48,77,34,43,884,439,445,376,190,186
53246101,574,286,288,23,13,10,29,11,18,328,157,171,194,105,89
53246102,125,60,65,4,2,2,2,0,2,69,37,32,50,21,29
53246103,107,52,55,5,4,1,2,1,1,74,32,42,26,15,11
53246104,70,39,31,7,4,3,1,1,0,39,24,15,23,10,13
53246105,140,69,71,1,0,1,3,2,1,100,49,51,36,18,18
53247901,280,133,147,8,3,5,10,6,4,150,71,79,112,53,59
53248701,570,297,273,38,19,19,34,14,20,327,176,151,171,88,83
53249501,514,264,250,28,10,18,29,19,10,309,157,152,148,78,70
53249502,38,22,16,4,2,2,2,0,2,14,8,6,18,12,6
53249503,32,16,16,0,0,0,0,0,0,20,10,10,12,6,6
53510901,253,142,111,23,7,16,16,9,7,164,95,69,50,31,19
57151201,114,57,57,6,4,2,12,5,7,59,27,32,37,21,16
53251701,88,43,45,2,0,2,5,2,3,56,28,28,25,13,12
53252501,622,315,307,33,14,19,29,12,17,386,193,193,174,96,78
54199103,2046,996,1050,146,68,78,87,42,45,1248,616,632,565,270,295
54199104,183,87,96,12,4,8,4,2,2,121,58,63,46,23,23
53253301,585,310,275,25,6,19,16,8,8,325,162,163,219,134,85
51304101,675,322,353,32,12,20,39,21,18,421,203,218,183,86,97
56415001,69,33,36,5,2,3,1,1,0,38,20,18,25,10,15
57160101,373,188,185,24,10,14,41,23,18,211,106,105,97,49,48
53257601,2860,1443,1417,145,65,80,132,63,69,1699,842,857,884,473,411
53257602,76,32,44,4,2,2,4,2,2,38,16,22,30,12,18
53257603,201,103,98,16,10,6,8,4,4,61,37,24,116,52,64
53258401,535,252,283,28,13,15,33,15,18,335,158,177,139,66,73
57155501,106,50,56,7,1,6,11,3,8,71,39,32,17,7,10
53509501,137,69,68,10,7,3,15,9,6,73,31,42,39,22,17
53262201,517,268,249,49,27,22,20,9,11,298,147,151,150,85,65
53263101,575,286,289,42,18,24,39,21,18,367,184,183,127,63,64
51311301,267,152,115,22,8,14,19,11,8,141,80,61,85,53,32
53265701,125,62,63,8,4,4,2,1,1,68,31,37,47,26,21
53265702,220,114,106,13,6,7,11,7,4,130,64,66,66,37,29
53265703,24,13,11,2,1,1,2,0,2,16,9,7,4,3,1
57152101,154,77,77,8,4,4,14,7,7,98,48,50,34,18,16
53266501,432,220,212,28,12,16,17,5,12,242,128,114,145,75,70
53268101,850,418,432,63,28,35,54,29,25,505,242,263,228,119,109
56419201,222,103,119,11,4,7,2,0,2,132,67,65,77,32,45
53271101,201,107,94,20,11,9,9,5,4,97,50,47,75,41,34
53272001,597,289,308,36,16,20,19,6,13,399,200,199,143,67,76
53272002,191,90,101,1,0,1,7,3,4,124,61,63,59,26,33
53272003,958,483,475,51,16,35,38,18,20,586,296,290,283,153,130
53272004,177,87,90,8,2,6,7,5,2,117,58,59,45,22,23
53273801,636,318,318,40,25,15,52,25,27,389,184,205,155,84,71
56412501,195,92,103,7,1,6,9,5,4,103,50,53,76,36,40
53275401,342,185,157,19,10,9,12,6,6,233,128,105,78,41,37
56408701,243,125,118,15,7,8,49,27,22,113,56,57,66,35,31
53276201,112,66,46,9,6,3,5,1,4,63,36,27,35,23,12
53276202,329,171,158,17,10,7,10,6,4,203,100,103,99,55,44
53277101,401,202,199,35,16,19,26,12,14,228,116,112,112,58,54
53279701,359,184,175,28,14,14,13,7,6,223,110,113,95,53,42
53280101,363,188,175,22,14,8,19,7,12,224,114,110,98,53,45
1494030,0,0,0,0,0,0,0,0,0,0,0,0,0,0,0
3071570,0,0,0,0,0,0,0,0,0,0,0,0,0,0,0
3347150,0,0,0,0,0,0,0,0,0,0,0,0,0,0,0
3347230,0,0,0,0,0,0,0,0,0,0,0,0,0,0,0
53281901,412,213,199,17,6,11,21,10,11,265,144,121,109,53,56
53281902,119,60,59,4,2,2,19,10,9,75,35,40,21,13,8
53281903,34,17,17,0,0,0,1,1,0,30,15,15,3,1,2
53281904,27,13,14,4,3,1,4,2,2,11,4,7,8,4,4
53281905,110,60,50,10,4,6,12,6,6,71,42,29,17,8,9
53281906,27,14,13,2,1,1,2,1,1,8,4,4,15,8,7
53281907,77,35,42,10,5,5,6,3,3,43,19,24,18,8,10
53281908,261,129,132,9,5,4,14,6,8,169,80,89,69,38,31
53281909,206,95,111,5,1,4,6,2,4,155,75,80,40,17,23
53281910,154,75,79,23,12,11,16,7,9,44,23,21,71,33,38
53281912,377,183,194,25,8,17,28,11,17,243,120,123,81,44,37
53281913,413,212,201,36,13,23,25,16,9,257,138,119,95,45,50
53281914,2476,1206,1270,159,73,86,133,69,64,1483,705,778,701,359,342
53281915,770,371,399,54,29,25,48,20,28,487,238,249,181,84,97
53281916,1523,706,817,100,45,55,91,38,53,895,406,489,437,217,220
53281917,37,22,15,8,5,3,4,2,2,18,11,7,7,4,3
53281918,45,22,23,4,2,2,0,0,0,20,10,10,21,10,11
53281920,1522,707,815,99,35,64,93,42,51,853,404,449,477,226,251
53281921,209,113,96,10,7,3,15,7,8,137,74,63,47,25,22
53281922,1506,754,752,118,61,57,122,57,65,799,406,393,467,230,237
53281927,67,31,36,1,1,0,5,3,2,51,22,29,10,5,5
53281928,662,315,347,40,18,22,49,19,30,434,202,232,139,76,63
53281929,898,406,492,64,23,41,79,39,40,489,227,262,266,117,149
53281930,2160,1048,1112,147,69,78,121,50,71,1247,616,631,645,313,332
53281932,572,281,291,36,18,18,28,15,13,361,171,190,147,77,70
53281933,237,153,84,30,23,7,16,10,6,84,46,38,107,74,33
53281934,1044,567,477,74,45,29,67,32,35,481,248,233,422,242,180
53282701,667,335,332,42,17,25,25,17,8,434,221,213,166,80,86
53283501,1936,930,1006,76,36,40,113,36,77,1215,581,634,532,277,255
53285101,1140,560,580,58,25,33,91,53,38,691,340,351,300,142,158
53286001,365,181,184,27,7,20,16,7,9,220,113,107,102,54,48
53286002,491,230,261,24,12,12,22,11,11,336,158,178,109,49,60
53286004,4114,1978,2136,215,91,124,165,73,92,2462,1150,1312,1272,664,608
53286005,309,152,157,14,7,7,16,7,9,195,99,96,84,39,45
59944101,141,73,68,2,0,2,9,7,2,60,33,27,70,33,37
55145701,485,239,246,24,12,12,36,15,21,296,140,156,129,72,57
59943301,22,11,11,1,0,1,2,1,1,12,7,5,7,3,4
59943302,580,294,286,41,20,21,36,19,17,304,150,154,199,105,94
53290801,724,363,361,44,22,22,25,14,11,440,222,218,215,105,110
53291601,63,30,33,1,1,0,4,2,2,35,14,21,23,13,10
53291602,75,38,37,7,3,4,4,3,1,26,13,13,38,19,19
53291603,62,28,34,6,1,5,7,4,3,42,20,22,7,3,4
53295901,29,16,13,3,1,2,4,3,1,6,5,1,16,7,9
53295902,552,287,265,21,12,9,28,13,15,341,178,163,162,84,78
53296701,226,112,114,17,5,12,7,4,3,135,69,66,67,34,33
53297501,21,12,9,0,0,0,7,3,4,12,7,5,2,2,0
53297502,441,231,210,20,9,11,22,11,11,276,140,136,123,71,52
53298301,410,205,205,23,6,17,12,5,7,268,136,132,107,58,49
53298302,2261,1114,1147,129,64,65,190,76,114,1375,672,703,567,302,265
53298303,75,37,38,6,2,4,3,1,2,59,31,28,7,3,4
53217701,64,35,29,2,0,2,2,2,0,45,23,22,15,10,5
53217703,559,275,284,26,8,18,25,13,12,322,163,159,186,91,95
53300901,380,192,188,3,1,2,15,8,7,199,95,104,163,88,75
53301702,57,30,27,6,2,4,5,4,1,18,9,9,28,15,13
53301703,28,15,13,0,0,0,4,2,2,17,9,8,7,4,3
53301705,89,50,39,6,3,3,3,2,1,64,33,31,16,12,4
53301706,4556,2146,2410,382,155,227,426,179,247,2436,1185,1251,1312,627,685
53301708,431,225,206,50,25,25,42,23,19,213,108,105,126,69,57
53302501,1853,926,927,111,54,57,102,46,56,1210,627,583,430,199,231
53303301,997,488,509,51,23,28,57,25,32,659,312,347,230,128,102
53304101,166,75,91,6,5,1,1,0,1,129,57,72,30,13,17
53304103,256,133,123,12,4,8,24,13,11,162,88,74,58,28,30
53304104,21,10,11,0,0,0,0,0,0,14,7,7,7,3,4
53304105,92,45,47,3,2,1,0,0,0,58,28,30,31,15,16
53304106,2479,1226,1253,157,55,102,131,52,79,1459,739,720,732,380,352
53305001,895,835,60,104,97,7,120,118,2,451,416,35,220,204,16
53305002,336,156,180,10,3,7,10,4,6,220,107,113,96,42,54
53305003,28,16,12,3,2,1,3,2,1,18,9,9,4,3,1
53305004,1552,771,781,82,38,44,85,41,44,979,489,490,406,203,203
53306801,50,24,26,9,6,3,8,4,4,16,7,9,17,7,10
53306802,82,42,40,2,1,1,10,5,5,42,21,21,28,15,13
53306803,624,298,326,51,19,32,28,14,14,374,185,189,171,80,91
57143101,202,102,100,7,3,4,11,5,6,109,54,55,75,40,35
57159801,22,12,10,1,0,1,0,0,0,13,7,6,8,5,3
57159802,110,54,56,3,2,1,8,5,3,66,31,35,33,16,17
53309201,112,49,63,14,5,9,4,2,2,60,28,32,34,14,20
53309202,27,12,15,2,2,0,1,0,1,20,8,12,4,2,2
53309203,152,82,70,7,2,5,10,4,6,102,57,45,33,19,14
53309204,312,160,152,18,5,13,21,10,11,166,90,76,107,55,52
57142301,184,89,95,10,3,7,6,4,2,122,60,62,46,22,24
57142302,29,15,14,1,1,0,1,0,1,15,9,6,12,5,7
53311401,175,90,85,4,1,3,4,1,3,114,56,58,53,32,21
53311402,137,72,65,18,9,9,5,3,2,71,35,36,43,25,18
53311403,67,30,37,2,1,1,9,2,7,31,15,16,25,12,13
53311404,125,64,61,5,3,2,8,4,4,77,42,35,35,15,20
53311405,1677,819,858,119,49,70,121,44,77,824,422,402,613,304,309
53312201,885,455,430,47,21,26,32,20,12,523,266,257,283,148,135
59942501,186,98,88,8,6,2,11,6,5,70,36,34,97,50,47
53314901,798,392,406,36,12,24,32,15,17,499,245,254,231,120,111
53315701,32,15,17,5,3,2,7,4,3,13,6,7,7,2,5
53315702,101,50,51,4,1,3,2,1,1,53,27,26,42,21,21
53315703,71,40,31,1,1,0,11,3,8,38,24,14,21,12,9
53315704,86,44,42,0,0,0,4,2,2,59,31,28,23,11,12
53315705,80,38,42,3,3,0,6,2,4,54,24,30,17,9,8
53315706,351,176,175,19,7,12,18,10,8,222,116,106,92,43,49
53317301,125,64,61,14,10,4,11,3,8,62,33,29,38,18,20
53317302,51,27,24,0,0,0,5,3,2,35,20,15,11,4,7
53317303,77,37,40,15,4,11,5,3,2,28,13,15,29,17,12
0013250,0,0,0,0,0,0,0,0,0,0,0,0,0,0,0
53318101,513,249,264,21,9,12,42,20,22,305,142,163,145,78,67
53318102,300,132,168,19,8,11,24,12,12,169,75,94,88,37,51
53318103,132,70,62,4,4,0,12,6,6,77,42,35,39,18,21
53318104,49,24,25,2,2,0,8,2,6,30,16,14,9,4,5
53318105,50,24,26,0,0,0,3,2,1,40,20,20,7,2,5
53319001,309,166,143,18,6,12,16,8,8,177,99,78,98,53,45
53321101,198,109,89,10,4,6,29,14,15,101,57,44,58,34,24
53321102,99,55,44,4,2,2,7,3,4,71,43,28,17,7,10
53322001,932,474,458,49,21,28,109,53,56,472,241,231,302,159,143
53323801,645,336,309,21,11,10,34,15,19,392,206,186,198,104,94
53324601,1553,765,788,96,47,49,88,38,50,841,420,421,528,260,268
53324603,238,122,116,15,6,9,12,4,8,148,77,71,63,35,28
59947601,161,86,75,8,3,5,8,2,6,85,46,39,60,35,25
59930101,166,81,85,8,2,6,14,6,8,73,39,34,71,34,37
53326201,153,77,76,4,1,3,5,2,3,85,40,45,59,34,25
53326202,80,41,39,5,4,1,8,3,5,41,22,19,26,12,14
53326203,93,47,46,2,1,1,5,2,3,55,30,25,31,14,17
53326204,93,54,39,11,6,5,7,3,4,45,30,15,30,15,15
53326205,1353,677,676,77,37,40,95,42,53,793,398,395,388,200,188
53326206,60,28,32,8,5,3,6,2,4,33,14,19,13,7,6
53326207,61,29,32,3,1,2,3,2,1,29,13,16,26,13,13
53326208,31,18,13,2,1,1,1,1,0,18,10,8,10,6,4
0228020,0,0,0,0,0,0,0,0,0,0,0,0,0,0,0
53327101,280,147,133,19,8,11,21,11,10,190,96,94,50,32,18
53327102,774,392,382,53,26,27,68,35,33,426,210,216,227,121,106
53327103,125,62,63,14,6,8,9,4,5,57,32,25,45,20,25
53327104,136,74,62,4,1,3,10,6,4,75,42,33,47,25,22
53327105,1372,652,720,92,40,52,93,44,49,776,380,396,411,188,223
53327106,2299,1122,1177,159,69,90,188,92,96,1234,618,616,718,343,375
53327108,226,116,110,22,11,11,12,6,6,116,59,57,76,40,36
53327109,935,434,501,61,20,41,126,52,74,513,248,265,235,114,121
53327110,1114,565,549,89,39,50,107,44,63,502,254,248,416,228,188
53328901,783,392,391,35,19,16,34,12,22,467,239,228,247,122,125
53329701,242,132,110,17,9,8,12,6,6,139,77,62,74,40,34
53329702,125,59,66,11,8,3,12,9,3,55,23,32,47,19,28
53329703,109,58,51,14,9,5,17,8,9,57,32,25,21,9,12
51318101,118,59,59,2,1,1,9,5,4,69,33,36,38,20,18
53330101,1211,577,634,103,46,57,84,37,47,665,317,348,359,177,182
56468101,221,109,112,8,2,6,11,5,6,144,75,69,58,27,31
56468102,27,10,17,3,2,1,3,2,1,20,6,14,1,0,1
59945001,96,49,47,4,0,4,11,5,6,58,31,27,23,13,10
53332701,85,43,42,4,2,2,6,3,3,39,19,20,36,19,17
53332702,67,31,36,1,0,1,5,3,2,47,23,24,14,5,9
53332703,256,122,134,15,7,8,25,13,12,130,62,68,86,40,46
53332704,31,15,16,1,0,1,0,0,0,21,10,11,9,5,4
53332705,62,31,31,5,2,3,14,6,8,24,13,11,19,10,9
56480001,597,306,291,51,31,20,52,25,27,329,161,168,165,89,76
53499401,219,111,108,12,4,8,10,3,7,110,54,56,87,50,37
53334301,491,243,248,30,13,17,36,16,20,276,139,137,149,75,74
53335101,317,163,154,23,7,16,30,11,19,150,84,66,114,61,53
53335102,158,80,78,9,4,5,11,6,5,80,41,39,58,29,29
53335103,234,122,112,19,8,11,14,3,11,122,67,55,79,44,35
53336001,539,264,275,40,18,22,24,11,13,332,165,167,143,70,73
51341501,77,38,39,3,1,2,1,1,0,44,20,24,29,16,13
51341502,126,62,64,4,1,3,2,0,2,86,43,43,34,18,16
57168701,123,59,64,6,2,4,7,2,5,58,26,32,52,29,23
53338601,597,301,296,32,17,15,39,20,19,346,172,174,180,92,88
53338602,248,118,130,21,9,12,27,13,14,133,70,63,67,26,41
53338603,173,90,83,12,4,8,7,3,4,94,53,41,60,30,30
53338604,59,28,31,1,1,0,1,0,1,35,18,17,22,9,13
3072030,0,0,0,0,0,0,0,0,0,0,0,0,0,0,0
3072110,0,0,0,0,0,0,0,0,0,0,0,0,0,0,0
3210360,0,0,0,0,0,0,0,0,0,0,0,0,0,0,0
3210442,0,0,0,0,0,0,0,0,0,0,0,0,0,0,0
53316501,787,401,386,45,18,27,42,20,22,512,268,244,188,95,93
53316503,81,35,46,3,2,1,12,3,9,49,22,27,17,8,9
53316504,180,91,89,7,3,4,16,4,12,108,58,50,49,26,23
53316507,1641,802,839,118,54,64,113,58,55,957,466,491,453,224,229
53316508,1484,860,624,88,52,36,114,54,60,553,298,255,729,456,273
53316509,1436,693,743,106,51,55,145,61,84,799,394,405,386,187,199
53316510,895,416,479,71,33,38,93,35,58,466,221,245,265,127,138
53316511,4203,2067,2136,343,173,170,288,137,151,2340,1141,1199,1232,616,616
53316512,28,13,15,2,0,2,2,1,1,19,9,10,5,3,2
53316513,5497,2486,3011,397,148,249,465,177,288,2927,1375,1552,1708,786,922
53316514,603,342,261,77,43,34,53,31,22,298,163,135,175,105,70
53316515,93,42,51,16,6,10,10,4,6,45,20,25,22,12,10
53316516,2179,1035,1144,163,69,94,171,71,100,1213,583,630,632,312,320
53316518,244,109,135,16,7,9,19,8,11,128,56,72,81,38,43
53316519,70,36,34,2,1,1,6,3,3,27,15,12,35,17,18
53316520,451,219,232,49,25,24,45,26,19,253,122,131,104,46,58
53316521,375,191,184,26,10,16,38,16,22,216,115,101,95,50,45
53316522,233,122,111,17,9,8,22,9,13,150,82,68,44,22,22
53316523,84,44,40,12,7,5,3,1,2,25,14,11,44,22,22
53316525,784,385,399,71,27,44,77,36,41,378,188,190,258,134,124
53316526,2666,1422,1244,291,166,125,243,139,104,1304,679,625,828,438,390
53316528,1156,557,599,68,26,42,80,34,46,718,354,364,290,143,147
53316529,461,270,191,65,39,26,29,19,10,253,140,113,114,72,42
53316530,67,40,27,9,7,2,2,1,1,45,23,22,11,9,2
53316531,162,85,77,11,5,6,20,8,12,79,46,33,52,26,26
53316532,222,122,100,19,10,9,14,8,6,147,81,66,42,23,19
53316533,181,90,91,19,7,12,6,3,3,114,59,55,42,21,21
53316534,194,146,48,37,29,8,49,36,13,79,62,17,29,19,10
53316536,4043,1968,2075,290,141,149,344,158,186,2137,1066,1071,1272,603,669
53316537,444,243,201,35,21,14,37,15,22,212,113,99,160,94,66
53316538,600,289,311,48,25,23,52,23,29,344,173,171,156,68,88
53316539,406,198,208,26,13,13,37,21,16,212,106,106,131,58,73
53339401,852,424,428,44,21,23,27,13,14,549,269,280,232,121,111
53339402,34,18,16,1,0,1,2,1,1,21,13,8,10,4,6
53339403,93,49,44,6,2,4,5,3,2,53,27,26,29,17,12
53340801,211,108,103,12,4,8,8,3,5,106,58,48,85,43,42
53340802,261,130,131,24,14,10,9,4,5,156,75,81,72,37,35
53340803,147,75,72,11,5,6,6,3,3,88,44,44,42,23,19
53342401,26,12,14,3,2,1,1,0,1,17,8,9,5,2,3
53342402,1875,897,978,111,40,71,132,45,87,1041,535,506,591,277,314
53342403,69,37,32,1,1,0,2,1,1,45,23,22,21,12,9
53344101,106,57,49,21,10,11,3,0,3,55,34,21,27,13,14
53344102,772,378,394,47,17,30,60,27,33,435,221,214,230,113,117
53345901,374,185,189,15,6,9,17,9,8,235,118,117,107,52,55
53345902,34,16,18,5,1,4,4,2,2,17,8,9,8,5,3
59948401,104,53,51,8,2,6,5,2,3,67,38,29,24,11,13
53346701,115,55,60,3,2,1,10,6,4,70,32,38,32,15,17
53346702,373,186,187,33,15,18,16,8,8,220,106,114,104,57,47
53346703,48,26,22,3,1,2,5,4,1,19,10,9,21,11,10
57171701,246,120,126,7,4,3,9,6,3,140,68,72,90,42,48
53347501,294,146,148,31,17,14,20,9,11,182,91,91,61,29,32
53348301,292,158,134,18,13,5,5,3,2,193,103,90,76,39,37
51327001,182,86,96,15,8,7,11,5,6,82,42,40,74,31,43
53350501,112,50,62,6,1,5,7,3,4,59,27,32,40,19,21
53350502,206,110,96,7,4,3,13,6,7,121,59,62,65,41,24
53351301,128,62,66,11,6,5,3,2,1,74,35,39,40,19,21
53351302,250,124,126,4,2,2,11,3,8,156,83,73,79,36,43
56470201,112,64,48,3,3,0,3,1,2,53,28,25,53,32,21
51328801,177,96,81,10,5,5,6,4,2,96,56,40,65,31,34
53352101,354,181,173,23,10,13,14,6,8,223,116,107,94,49,45
53352102,378,192,186,19,10,9,21,12,9,213,103,110,125,67,58
57163601,371,188,183,27,10,17,28,11,17,182,98,84,134,69,65
53353001,808,398,410,42,19,23,63,28,35,419,204,215,284,147,137
53353002,507,257,250,19,5,14,24,13,11,306,155,151,158,84,74
53355601,294,148,146,38,17,21,30,9,21,141,76,65,85,46,39
3309730,0,0,0,0,0,0,0,0,0,0,0,0,0,0,0
53357201,841,443,398,77,49,28,46,21,25,464,246,218,254,127,127
51342301,343,173,170,16,8,8,23,10,13,209,106,103,95,49,46
53764101,4195,2057,2138,273,114,159,310,129,181,2369,1168,1201,1243,646,597
53764102,539,275,264,47,26,21,48,21,27,295,155,140,149,73,76
53358101,60,32,28,5,2,3,8,4,4,29,15,14,18,11,7
53358102,90,46,44,6,2,4,2,0,2,48,31,17,34,13,21
53358103,1613,802,811,98,46,52,85,39,46,929,466,463,501,251,250
53358104,142,79,63,11,7,4,7,3,4,66,37,29,58,32,26
53767501,102,49,53,8,4,4,14,5,9,52,25,27,28,15,13
53767502,280,126,154,19,8,11,16,10,6,185,86,99,60,22,38
53767503,249,117,132,15,4,11,33,14,19,103,55,48,98,44,54
53359901,654,325,329,42,17,25,25,10,15,429,216,213,158,82,76
51323701,193,100,93,3,0,3,17,6,11,110,60,50,63,34,29
51314801,208,111,97,10,5,5,17,7,10,118,65,53,63,34,29
53770501,1559,761,798,120,60,60,91,42,49,933,461,472,415,198,217
51336901,310,154,156,16,5,11,22,12,10,204,100,104,68,37,31
51339301,451,221,230,24,11,13,41,13,28,284,139,145,102,58,44
53361101,478,255,223,31,15,16,23,12,11,274,140,134,150,88,62
53361102,144,69,75,15,4,11,11,7,4,85,44,41,33,14,19
53361103,262,127,135,14,5,9,10,8,2,163,77,86,75,37,38
53362901,39,18,21,2,2,0,4,2,2,17,8,9,16,6,10
53362902,1153,583,570,80,25,55,54,24,30,668,355,313,351,179,172
53363701,393,191,202,28,14,14,21,10,11,245,117,128,99,50,49
53364501,465,225,240,28,9,19,51,17,34,209,110,99,177,89,88
53364502,48,24,24,1,1,0,1,0,1,20,11,9,26,12,14
53365301,474,242,232,39,16,23,25,10,15,275,144,131,135,72,63
53365302,56,25,31,3,2,1,0,0,0,46,18,28,7,5,2
53365303,31,14,17,1,0,1,0,0,0,20,10,10,10,4,6
53774801,638,332,306,39,21,18,40,16,24,334,182,152,225,113,112
53366101,83,43,40,2,1,1,3,2,1,32,15,17,46,25,21
53366102,525,264,261,42,16,26,82,38,44,267,135,132,134,75,59
53369601,219,108,111,16,6,10,9,4,5,138,67,71,56,31,25
53370001,972,501,471,69,31,38,58,27,31,576,297,279,269,146,123
53370002,671,321,350,55,29,26,38,12,26,388,185,203,190,95,95
53372601,128,69,59,7,4,3,7,3,4,64,36,28,50,26,24
53372602,66,30,36,11,6,5,0,0,0,38,18,20,17,6,11
53372603,316,150,166,22,8,14,21,13,8,192,87,105,81,42,39
53788801,646,303,343,42,14,28,62,28,34,373,191,182,169,70,99
53373401,111,46,65,14,7,7,8,4,4,51,21,30,38,14,24
53373402,447,237,210,28,15,13,47,22,25,248,138,110,124,62,62
53374201,336,119,217,87,14,73,25,7,18,179,80,99,45,18,27
53374202,216,96,120,13,5,8,4,1,3,120,55,65,79,35,44
53375101,63,26,37,5,2,3,5,2,3,42,17,25,11,5,6
53375102,22,11,11,0,0,0,1,1,0,18,9,9,3,1,2
53375103,98,52,46,7,2,5,3,0,3,61,34,27,27,16,11
53375104,396,186,210,23,9,14,10,4,6,249,112,137,114,61,53
53376901,970,486,484,58,23,35,49,20,29,594,306,288,269,137,132
53377701,590,300,290,37,16,21,57,25,32,334,166,168,162,93,69
53378501,370,186,184,19,8,11,31,14,17,190,101,89,130,63,67
53378502,736,360,376,48,18,30,37,17,20,417,208,209,234,117,117
53380702,185,95,90,10,6,4,7,3,4,105,52,53,63,34,29
53380703,23,12,11,1,1,0,1,1,0,18,8,10,3,2,1
53380704,1657,800,857,88,44,44,108,47,61,908,434,474,553,275,278
53380705,225,115,110,16,7,9,14,5,9,119,61,58,76,42,34
53381501,144,74,70,18,7,11,17,7,10,72,41,31,37,19,18
53381502,200,98,102,15,6,9,14,4,10,100,52,48,71,36,35
53382301,239,117,122,9,3,6,6,2,4,152,74,78,72,38,34
53383101,2001,1043,958,152,86,66,244,135,109,1010,523,487,595,299,296
53383102,237,125,112,13,5,8,16,8,8,145,72,73,63,40,23
53384001,2419,1208,1211,158,73,85,167,77,90,1315,661,654,779,397,382
53385802,468,238,230,16,6,10,27,13,14,263,131,132,162,88,74
53385803,950,453,497,40,16,24,65,21,44,541,274,267,304,142,162
53386601,107,51,56,19,6,13,10,8,2,43,21,22,35,16,19
53386602,368,178,190,21,9,12,20,8,12,203,100,103,124,61,63
53386604,196,108,88,4,2,2,15,6,9,114,60,54,63,40,23
53386605,165,80,85,14,6,8,0,0,0,82,39,43,69,35,34
53386606,31,16,15,1,1,0,0,0,0,22,12,10,8,3,5
53386607,241,118,123,5,3,2,11,4,7,115,55,60,110,56,54
53388201,510,257,253,35,19,16,32,16,16,302,158,144,141,64,77
56482601,248,122,126,32,15,17,13,9,4,129,60,69,74,38,36
53389101,413,209,204,30,14,16,19,9,10,199,97,102,165,89,76
51320201,34,18,16,4,2,2,0,0,0,12,5,7,18,11,7
51320202,85,50,35,4,4,0,5,2,3,49,28,21,27,16,11
53392101,175,94,81,7,4,3,9,5,4,105,55,50,54,30,24
53392102,69,52,17,2,1,1,2,0,2,59,47,12,6,4,2
53392103,109,51,58,9,2,7,9,5,4,69,35,34,22,9,13
53392104,147,70,77,15,6,9,4,1,3,92,49,43,36,14,22
53392105,21,12,9,4,4,0,1,0,1,14,7,7,2,1,1
53392106,1502,753,749,94,41,53,106,52,54,842,418,424,460,242,218
51326101,244,119,125,13,6,7,7,1,6,153,77,76,71,35,36
51316401,351,172,179,36,14,22,24,10,14,171,84,87,120,64,56
53803501,370,177,193,18,8,10,28,12,16,231,114,117,93,43,50
53803502,77,38,39,6,3,3,3,3,0,54,24,30,14,8,6
53394701,152,78,74,13,8,5,13,6,7,71,36,35,55,28,27
53394702,415,266,149,57,41,16,53,38,15,139,81,58,166,106,60
53394703,36,19,17,6,2,4,2,1,1,17,11,6,11,5,6
53394704,151,71,80,8,2,6,11,4,7,95,50,45,37,15,22
53394706,864,455,409,57,29,28,70,28,42,452,248,204,285,150,135
53394707,78,38,40,5,3,2,3,3,0,41,19,22,29,13,16
53136701,131,68,63,7,2,5,13,9,4,55,28,27,56,29,27
53111101,169,86,83,6,3,3,1,1,0,82,39,43,80,43,37
53397101,323,161,162,25,9,16,14,6,8,186,95,91,98,51,47
53397102,124,64,60,10,8,2,5,2,3,73,34,39,36,20,16
53397103,122,63,59,6,2,4,14,6,8,66,35,31,36,20,16
53096401,19,12,7,1,1,0,6,3,3,9,5,4,3,3,0
53398001,257,122,135,29,13,16,33,14,19,110,55,55,85,40,45
53398002,41,22,19,8,3,5,9,4,5,14,9,5,10,6,4
53398005,73,41,32,7,4,3,11,5,6,25,15,10,30,17,13
53398006,32,11,21,5,2,3,5,2,3,10,3,7,12,4,8
53398007,25,11,14,1,1,0,5,3,2,15,5,10,4,2,2
53083201,65,32,33,2,2,0,6,2,4,52,25,27,5,3,2
53083202,60,30,30,3,0,3,3,1,2,40,21,19,14,8,6
53128601,383,178,205,32,14,18,65,23,42,167,81,86,119,60,59
53399801,630,319,311,44,20,24,45,17,28,327,176,151,214,106,108
53399802,628,305,323,38,16,22,31,15,16,380,181,199,179,93,86
0183680,0,0,0,0,0,0,0,0,0,0,0,0,0,0,0
0183760,0,0,0,0,0,0,0,0,0,0,0,0,0,0,0
0184060,0,0,0,0,0,0,0,0,0,0,0,0,0,0,0
0184650,0,0,0,0,0,0,0,0,0,0,0,0,0,0,0
0184810,0,0,0,0,0,0,0,0,0,0,0,0,0,0,0
53400501,182,50,132,6,1,5,13,3,10,102,15,87,61,31,30
53400502,29,17,12,2,0,2,2,2,0,19,11,8,6,4,2
53400504,221,115,106,16,8,8,33,17,16,130,67,63,42,23,19
53400505,2294,1079,1215,175,69,106,219,83,136,1229,597,632,671,330,341
53400506,2582,1222,1360,192,78,114,288,140,148,1257,593,664,845,411,434
53400507,130,65,65,14,6,8,9,2,7,63,38,25,44,19,25
53400508,71,37,34,2,2,0,16,9,7,37,19,18,16,7,9
53400509,1777,874,903,120,54,66,167,76,91,1016,505,511,474,239,235
53400510,182,94,88,17,7,10,14,7,7,78,43,35,73,37,36
53400511,1532,734,798,121,45,76,144,57,87,830,411,419,437,221,216
53400512,260,102,158,21,13,8,73,8,65,128,62,66,38,19,19
53400513,894,467,427,70,31,39,68,35,33,469,245,224,287,156,131
52952401,33,20,13,1,0,1,5,2,3,24,16,8,3,2,1
0202732,0,0,0,0,0,0,0,0,0,0,0,0,0,0,0
53401301,96,50,46,8,1,7,15,10,5,44,24,20,29,15,14
53401302,51,23,28,5,3,2,9,4,5,20,8,12,17,8,9
53401303,91,48,43,6,2,4,8,4,4,46,24,22,31,18,13
53401304,61,35,26,3,1,2,4,1,3,41,26,15,13,7,6
53401305,22,13,9,1,1,0,3,1,2,5,4,1,13,7,6
53401306,47,26,21,7,2,5,9,6,3,27,17,10,4,1,3
53401308,27,13,14,3,2,1,13,7,6,10,3,7,1,1,0
53402101,506,255,251,46,28,18,75,29,46,192,97,95,193,101,92
53402104,32,16,16,2,1,1,2,1,1,16,8,8,12,6,6
53402105,43,21,22,2,1,1,14,4,10,7,4,3,20,12,8
53402106,60,30,30,8,5,3,6,3,3,30,15,15,16,7,9
53403001,50,23,27,9,3,6,5,1,4,19,10,9,17,9,8
53403002,144,71,73,6,2,4,18,7,11,70,33,37,50,29,21
53403003,53,27,26,1,0,1,5,4,1,22,9,13,25,14,11
53403004,28,18,10,2,1,1,4,2,2,8,6,2,14,9,5
53403005,45,23,22,11,6,5,3,2,1,15,7,8,16,8,8
53403006,78,36,42,5,4,1,3,0,3,44,20,24,26,12,14
53403007,27,19,8,2,1,1,2,0,2,11,10,1,12,8,4
52955902,118,62,56,9,6,3,30,13,17,48,25,23,31,18,13
53126001,99,50,49,4,1,3,7,3,4,56,32,24,32,14,18
53134101,383,186,197,21,7,14,15,7,8,223,108,115,124,64,60
53119701,575,291,284,31,9,22,35,16,19,332,175,157,177,91,86
53119702,52,27,25,2,0,2,8,2,6,24,12,12,18,13,5
53143001,37,19,18,9,4,5,1,1,0,13,7,6,14,7,7
53143002,131,66,65,7,2,5,11,3,8,67,35,32,46,26,20
53143003,214,109,105,7,3,4,21,8,13,125,68,57,61,30,31
0420480,0,0,0,0,0,0,0,0,0,0,0,0,0,0,0
53405601,41,23,18,7,4,3,3,2,1,16,7,9,15,10,5
53405602,38,21,17,2,1,1,5,2,3,11,6,5,20,12,8
53405603,23,8,15,3,0,3,2,0,2,13,6,7,5,2,3
53405604,206,101,105,12,6,6,18,9,9,124,59,65,52,27,25
53405605,75,36,39,6,4,2,12,7,5,20,9,11,37,16,21
53135901,380,187,193,19,10,9,34,9,25,193,101,92,134,67,67
53148101,179,88,91,7,5,2,14,3,11,87,46,41,71,34,37
53406401,245,134,111,21,7,14,30,13,17,80,48,32,114,66,48
53141301,103,54,49,9,5,4,18,7,11,49,26,23,27,16,11
53408102,96,45,51,10,3,7,3,2,1,54,26,28,29,14,15
53408103,144,75,69,16,10,6,14,4,10,70,38,32,44,23,21
0724271,0,0,0,0,0,0,0,0,0,0,0,0,0,0,0
53409901,329,169,160,31,13,18,30,16,14,163,84,79,105,56,49
53409902,36,17,19,4,1,3,4,2,2,22,11,11,6,3,3
53409903,58,31,27,6,4,2,3,1,2,30,17,13,19,9,10
53409904,81,40,41,6,2,4,8,3,5,43,23,20,24,12,12
53409905,49,28,21,5,3,2,9,5,4,17,7,10,18,13,5
53409906,36,16,20,3,1,2,2,1,1,22,10,12,9,4,5
53409907,24,14,10,4,2,2,0,0,0,16,10,6,4,2,2
53409908,25,14,11,2,0,2,1,0,1,13,10,3,9,4,5
53409909,92,44,48,5,2,3,3,1,2,39,23,16,45,18,27
53410201,761,402,359,45,19,26,79,32,47,367,195,172,270,156,114
53412903,577,290,287,43,13,30,78,35,43,237,132,105,219,110,109
53412904,59,31,28,3,2,1,12,4,8,27,17,10,17,8,9
53412906,68,36,32,7,3,4,6,4,2,38,20,18,17,9,8
53412907,49,27,22,2,1,1,5,3,2,31,15,16,11,8,3
53412908,43,19,24,3,2,1,8,5,3,9,2,7,23,10,13
53413701,375,200,175,23,11,12,21,7,14,210,117,93,121,65,56
53413702,73,42,31,3,3,0,9,4,5,34,20,14,27,15,12
53413703,81,36,45,9,4,5,7,3,4,37,15,22,28,14,14
53413704,29,13,16,1,1,0,5,1,4,12,7,5,11,4,7
53140501,210,98,112,12,4,8,6,3,3,110,53,57,82,38,44
55146501,61,28,33,0,0,0,13,3,10,29,15,14,19,10,9
53415302,59,28,31,8,4,4,8,3,5,29,16,13,14,5,9
53415303,361,166,195,22,10,12,38,17,21,184,85,99,117,54,63
53416101,20,9,11,1,1,0,3,0,3,14,7,7,2,1,1
53416102,84,38,46,6,3,3,5,3,2,52,24,28,21,8,13
53416103,47,27,20,8,3,5,1,1,0,33,21,12,5,2,3
53416104,36,19,17,0,0,0,3,1,2,20,10,10,13,8,5
53416105,506,259,247,43,23,20,53,25,28,241,123,118,169,88,81
0778101,0,0,0,0,0,0,0,0,0,0,0,0,0,0,0
0778610,0,0,0,0,0,0,0,0,0,0,0,0,0,0,0
0779330,0,0,0,0,0,0,0,0,0,0,0,0,0,0,0
0779500,0,0,0,0,0,0,0,0,0,0,0,0,0,0,0
0780002,0,0,0,0,0,0,0,0,0,0,0,0,0,0,0
3072460,0,0,0,0,0,0,0,0,0,0,0,0,0,0,0
3072540,0,0,0,0,0,0,0,0,0,0,0,0,0,0,0
3210950,0,0,0,0,0,0,0,0,0,0,0,0,0,0,0
3228062,0,0,0,0,0,0,0,0,0,0,0,0,0,0,0
3228063,0,0,0,0,0,0,0,0,0,0,0,0,0,0,0
53395501,113,63,50,8,5,3,16,5,11,66,42,24,23,11,12
53395502,1236,598,638,98,54,44,127,54,73,622,286,336,389,204,185
53395503,1130,552,578,84,38,46,115,51,64,610,308,302,321,155,166
53395504,2337,1059,1278,164,66,98,243,94,149,1206,551,655,724,348,376
53395506,309,136,173,23,9,14,20,9,11,170,77,93,96,41,55
53395507,31,18,13,3,1,2,5,4,1,14,9,5,9,4,5
53395508,221,111,110,10,4,6,27,13,14,122,67,55,62,27,35
53395510,1393,682,711,97,41,56,149,65,84,722,362,360,425,214,211
53395511,1730,830,900,142,66,76,210,87,123,901,447,454,477,230,247
53395512,22,12,10,0,0,0,0,0,0,11,5,6,11,7,4
53395514,24,14,10,1,1,0,3,2,1,10,6,4,10,5,5
53395515,628,324,304,37,20,17,57,28,29,354,180,174,180,96,84
53395516,25,20,5,4,1,3,2,2,0,9,8,1,10,9,1
53395519,187,91,96,10,2,8,3,2,1,95,45,50,79,42,37
53395520,52,28,24,6,4,2,6,2,4,28,17,11,12,5,7
53395522,164,81,83,12,6,6,19,8,11,76,41,35,57,26,31
53395523,1025,496,529,64,29,35,106,46,60,610,297,313,245,124,121
53395526,113,65,48,9,5,4,8,4,4,65,36,29,31,20,11
53395527,785,393,392,48,22,26,58,34,24,458,238,220,221,99,122
53395528,28,14,14,0,0,0,16,6,10,9,6,3,3,2,1
53395529,991,490,501,64,26,38,89,38,51,577,296,281,261,130,131
53395530,737,382,355,79,37,42,74,38,36,279,145,134,305,162,143
53395531,632,313,319,70,38,32,83,41,42,304,151,153,175,83,92
53395532,1446,814,632,114,57,57,121,66,55,553,304,249,658,387,271
53395533,2979,1456,1523,219,86,133,214,91,123,1596,808,788,950,471,479
53395534,1306,626,680,103,45,58,122,56,66,707,345,362,374,180,194
53395535,154,67,87,12,2,10,9,3,6,92,45,47,41,17,24
53395536,62,30,32,7,3,4,13,8,5,13,6,7,29,13,16
53395537,174,88,86,5,3,2,27,13,14,97,51,46,45,21,24
53395538,128,61,67,15,7,8,16,4,12,68,37,31,29,13,16
53417001,219,119,100,10,5,5,20,12,8,122,62,60,67,40,27
53418801,865,427,438,57,24,33,49,21,28,464,236,228,295,146,149
53418802,45,22,23,1,0,1,11,4,7,16,10,6,17,8,9
53418804,57,30,27,6,2,4,3,2,1,27,14,13,21,12,9
53418805,46,21,25,7,4,3,8,3,5,11,5,6,20,9,11
53420001,64,33,31,2,0,2,1,0,1,49,25,24,12,8,4
53420002,158,81,77,7,4,3,12,5,7,105,52,53,34,20,14
53420003,83,43,40,10,4,6,6,2,4,43,25,18,24,12,12
53420004,49,23,26,2,1,1,4,2,2,28,12,16,15,8,7
53420005,403,194,209,17,8,9,19,10,9,234,111,123,133,65,68
53420006,386,195,191,22,7,15,16,10,6,234,118,116,114,60,54
53099901,390,194,196,34,15,19,27,11,16,214,105,109,115,63,52
53422602,44,19,25,2,1,1,3,0,3,22,11,11,17,7,10
53422603,158,80,78,8,4,4,5,1,4,87,43,44,58,32,26
53424201,830,433,397,74,31,43,58,28,30,474,258,216,224,116,108
53424202,21,12,9,1,1,0,1,1,0,5,1,4,14,9,5
53425101,192,97,95,14,7,7,16,6,10,73,38,35,89,46,43
1113251,0,0,0,0,0,0,0,0,0,0,0,0,0,0,0
53427701,56,31,25,2,1,1,5,3,2,35,18,17,14,9,5
53427702,56,27,29,7,2,5,8,3,5,32,18,14,9,4,5
53427703,174,94,80,4,2,2,4,2,2,85,50,35,81,40,41
53427704,24,10,14,1,0,1,3,0,3,13,7,6,7,3,4
53095601,140,75,65,16,7,9,12,7,5,71,39,32,41,22,19
53127801,210,101,109,8,4,4,24,12,12,89,39,50,89,46,43
53430702,38,22,16,5,2,3,4,2,2,15,9,6,14,9,5
53430703,21,13,8,1,1,0,3,2,1,8,4,4,9,6,3
53430705,91,51,40,5,2,3,9,3,6,29,18,11,48,28,20
53431503,209,108,101,18,9,9,30,15,15,79,38,41,82,46,36
53431504,35,15,20,1,0,1,4,0,4,18,11,7,12,4,8
53431505,49,21,28,4,1,3,12,5,7,29,14,15,4,1,3
53432301,25,16,9,2,2,0,0,0,0,16,10,6,7,4,3
53432302,24,11,13,2,1,1,2,1,1,20,9,11,0,0,0
53432303,20,8,12,0,0,0,4,1,3,10,3,7,6,4,2
53432304,34,15,19,2,1,1,3,1,2,11,5,6,18,8,10
53432305,23,10,13,1,1,0,7,3,4,8,2,6,7,4,3
53432306,39,19,20,0,0,0,7,3,4,22,10,12,10,6,4
52819601,24,13,11,0,0,0,5,2,3,16,9,7,3,2,1
52819602,147,75,72,20,6,14,11,5,6,62,37,25,54,27,27
52819603,23,12,11,6,2,4,2,1,1,5,4,1,10,5,5
52819604,21,13,8,1,1,0,0,0,0,10,5,5,10,7,3
53433101,620,290,330,36,15,21,56,24,32,333,150,183,195,101,94
53434001,191,94,97,16,6,10,16,9,7,84,37,47,75,42,33
53434002,39,21,18,6,3,3,5,1,4,18,11,7,10,6,4
53434003,90,45,45,8,5,3,7,1,6,37,17,20,38,22,16
53434004,80,36,44,4,2,2,4,2,2,44,19,25,28,13,15
53435801,44,26,18,4,2,2,14,9,5,10,6,4,16,9,7
53435802,29,14,15,1,0,1,1,1,0,23,11,12,4,2,2
53435803,55,28,27,4,0,4,8,4,4,27,15,12,16,9,7
53435804,428,231,197,21,11,10,17,6,11,233,131,102,157,83,74
52662201,336,174,162,19,9,10,17,7,10,192,103,89,108,55,53
53436601,91,49,42,5,3,2,7,4,3,57,33,24,22,9,13
53436602,29,16,13,4,3,1,3,0,3,16,10,6,6,3,3
53436603,39,18,21,2,0,2,2,2,0,14,8,6,21,8,13
53436604,56,27,29,1,0,1,2,0,2,38,20,18,15,7,8
53437402,45,23,22,1,1,0,5,2,3,31,16,15,8,4,4
53437403,91,32,59,3,1,2,1,1,0,18,11,7,69,19,50
53437404,77,37,40,5,2,3,4,2,2,50,24,26,18,9,9
53437405,50,28,22,5,3,2,5,4,1,30,15,15,10,6,4
53085901,276,137,139,9,3,6,20,10,10,138,70,68,109,54,55
53138301,85,42,43,8,2,6,9,4,5,43,25,18,25,11,14
53439101,91,50,41,8,1,7,7,2,5,52,33,19,24,14,10
53439102,64,35,29,7,2,5,8,3,5,27,16,11,22,14,8
53429301,66,31,35,4,2,2,7,2,5,30,15,15,25,12,13
53429302,114,61,53,8,3,5,7,1,6,62,37,25,37,20,17
53106501,141,63,78,19,8,11,13,3,10,72,36,36,37,16,21
53441201,41,21,20,1,0,1,0,0,0,28,16,12,12,5,7
53441202,51,25,26,4,2,2,8,3,5,25,13,12,14,7,7
53441203,47,24,23,7,1,6,2,1,1,26,14,12,12,8,4
53441204,94,49,45,13,7,6,13,4,9,30,16,14,38,22,16
53441205,26,11,15,3,0,3,1,1,0,18,8,10,4,2,2
53087501,140,81,59,17,9,8,7,3,4,94,55,39,22,14,8
53139101,73,32,41,10,4,6,5,1,4,39,20,19,19,7,12
53443901,199,106,93,29,16,13,12,4,8,87,46,41,71,40,31
53443902,51,27,24,0,0,0,2,1,1,23,12,11,26,14,12
53443903,78,40,38,7,2,5,7,5,2,38,22,16,26,11,15
53443904,672,348,324,37,14,23,37,17,20,418,218,200,180,99,81
53443905,72,37,35,2,2,0,9,5,4,34,16,18,27,14,13
53419601,298,144,154,26,9,17,18,7,11,163,82,81,91,46,45
53419602,443,219,224,14,7,7,27,11,16,280,141,139,122,60,62
53419603,36,15,21,1,0,1,3,2,1,18,6,12,14,7,7
53419604,104,52,52,6,2,4,8,5,3,59,30,29,31,15,16
53142101,94,42,52,16,8,8,10,5,5,41,18,23,27,11,16
53093001,133,61,72,21,8,13,15,6,9,57,28,29,40,19,21
53098101,282,137,145,14,10,4,25,9,16,142,68,74,101,50,51
53097201,34,18,16,6,2,4,12,7,5,11,5,6,5,4,1
53097203,87,46,41,7,3,4,13,6,7,20,9,11,47,28,19
57174101,139,75,64,10,5,5,20,12,8,64,33,31,45,25,20
53448001,640,330,310,38,21,17,40,17,23,358,193,165,204,99,105
53449802,22,12,10,0,0,0,3,2,1,9,6,3,10,4,6
53449803,69,40,29,0,0,0,0,0,0,34,21,13,35,19,16
53449804,32,14,18,3,2,1,1,0,1,15,8,7,13,4,9
53449806,35,19,16,2,1,1,5,2,3,13,6,7,15,10,5
53449807,83,45,38,6,4,2,3,2,1,51,27,24,23,12,11
53449808,2830,1394,1436,171,73,98,307,113,194,1463,733,730,889,475,414
53450101,69,33,36,9,5,4,6,4,2,33,16,17,21,8,13
53450103,94,45,49,7,3,4,10,3,7,51,25,26,26,14,12
53450104,100,53,47,6,3,3,25,11,14,32,15,17,37,24,13
53450106,51,24,27,3,1,2,8,4,4,25,10,15,15,9,6
53450107,181,96,85,19,9,10,21,9,12,108,59,49,33,19,14
1758113,0,0,0,0,0,0,0,0,0,0,0,0,0,0,0
53451001,33,17,16,1,0,1,5,2,3,13,9,4,14,6,8
53451002,96,53,43,11,7,4,3,1,2,54,29,25,28,16,12
53451003,42,23,19,5,2,3,0,0,0,12,8,4,25,13,12
53451004,108,62,46,15,8,7,7,4,3,63,36,27,23,14,9
53451005,107,53,54,5,2,3,3,1,2,60,28,32,39,22,17
53451006,121,60,61,5,3,2,4,1,3,67,34,33,45,22,23
53451007,76,41,35,8,3,5,6,3,3,32,17,15,30,18,12
53451008,127,59,68,8,5,3,10,4,6,58,24,34,51,26,25
53452801,319,156,163,14,8,6,12,6,6,172,77,95,121,65,56
53452802,187,97,90,9,4,5,11,3,8,96,54,42,71,36,35
53452803,85,40,45,11,3,8,8,4,4,48,26,22,18,7,11
53453601,34,18,16,1,0,1,3,1,2,17,10,7,13,7,6
53453602,42,22,20,9,4,5,0,0,0,24,13,11,9,5,4
53453604,56,25,31,4,2,2,15,7,8,29,12,17,8,4,4
53453605,52,23,29,6,0,6,4,1,3,26,12,14,16,10,6
53453606,84,41,43,7,1,6,7,1,6,41,22,19,29,17,12
53454401,165,85,80,13,5,8,15,9,6,77,42,35,60,29,31
53454402,94,47,47,6,2,4,11,5,6,52,29,23,25,11,14
53455201,31,17,14,7,5,2,3,1,2,16,9,7,5,2,3
53455202,213,105,108,12,4,8,6,1,5,126,65,61,69,35,34
53456102,40,19,21,7,3,4,2,2,0,17,8,9,14,6,8
53456103,72,38,34,5,4,1,13,4,9,27,15,12,27,15,12
53456105,34,17,17,2,1,1,0,0,0,17,9,8,15,7,8
53456106,243,117,126,15,4,11,35,14,21,91,50,41,102,49,53
53456107,21,11,10,4,2,2,2,1,1,14,7,7,1,1,0
53456108,30,17,13,4,1,3,0,0,0,14,8,6,12,8,4
53456109,33,16,17,3,2,1,8,5,3,21,9,12,1,0,1
53457901,148,73,75,14,6,8,12,4,8,68,33,35,54,30,24
53457902,69,40,29,7,4,3,12,8,4,22,12,10,28,16,12
53457903,391,203,188,36,16,20,56,24,32,172,94,78,127,69,58
53101401,81,40,41,4,3,1,6,3,3,52,25,27,19,9,10
53458701,822,407,415,50,20,30,73,33,40,447,222,225,252,132,120
53458702,35,16,19,2,1,1,1,0,1,16,7,9,16,8,8
53458703,306,144,162,15,5,10,26,11,15,160,84,76,105,44,61
53458704,1403,711,692,76,35,41,75,39,36,782,402,380,470,235,235
53458705,71,41,30,7,3,4,5,3,2,35,19,16,24,16,8
53458706,144,74,70,6,1,5,16,8,8,88,47,41,34,18,16
53458707,64,36,28,2,1,1,1,0,1,34,19,15,27,16,11
53459501,113,50,63,17,7,10,6,4,2,54,23,31,36,16,20
53459502,722,376,346,57,33,24,41,23,18,408,211,197,216,109,107
53460902,48,25,23,7,2,5,8,4,4,19,11,8,14,8,6
53460903,42,23,19,6,3,3,2,2,0,32,17,15,2,1,1
53460904,63,35,28,9,4,5,2,1,1,19,11,8,33,19,14
53460905,86,44,42,10,4,6,3,2,1,39,21,18,34,17,17
53460906,242,131,111,19,9,10,23,8,15,120,68,52,80,46,34
53461702,57,28,29,8,4,4,2,0,2,34,17,17,13,7,6
53461703,31,15,16,10,6,4,4,2,2,14,6,8,3,1,2
53461704,62,31,31,5,3,2,3,0,3,26,13,13,28,15,13
53461705,39,21,18,2,1,1,0,0,0,18,10,8,19,10,9
53461707,32,14,18,3,2,1,6,2,4,10,4,6,13,6,7
53461709,36,18,18,2,1,1,10,5,5,11,5,6,13,7,6
53461710,38,18,20,3,0,3,0,0,0,13,7,6,22,11,11
53461712,22,9,13,1,1,0,0,0,0,13,6,7,8,2,6
53461713,30,15,15,0,0,0,1,0,1,14,9,5,15,6,9
53461714,1002,514,488,89,34,55,113,52,61,492,265,227,308,163,145
53461715,30,14,16,0,0,0,2,1,1,8,4,4,20,9,11
1920742,0,0,0,0,0,0,0,0,0,0,0,0,0,0,0
53462501,63,29,34,7,2,5,3,1,2,26,13,13,27,13,14
53462502,25,14,11,3,0,3,9,4,5,10,8,2,3,2,1
53462503,44,23,21,5,2,3,17,6,11,14,10,4,8,5,3
53462504,41,21,20,4,2,2,7,3,4,14,6,8,16,10,6
53462505,105,57,48,8,2,6,18,10,8,42,25,17,37,20,17
53462506,27,14,13,0,0,0,14,6,8,5,2,3,8,6,2
53462507,69,35,34,10,2,8,9,4,5,19,10,9,31,19,12
53462508,226,115,111,20,5,15,33,16,17,117,62,55,56,32,24
3072890,0,0,0,0,0,0,0,0,0,0,0,0,0,0,0
3072970,0,0,0,0,0,0,0,0,0,0,0,0,0,0,0
3073010,0,0,0,0,0,0,0,0,0,0,0,0,0,0,0
53463301,68,34,34,6,3,3,8,2,6,29,15,14,25,14,11
53463302,59,35,24,1,0,1,7,4,3,25,17,8,26,14,12
53463303,97,49,48,9,5,4,14,6,8,37,19,18,37,19,18
53463305,814,423,391,74,36,38,87,38,49,357,193,164,296,156,140
53463306,256,125,131,19,4,15,29,15,14,121,63,58,87,43,44
53463307,3322,1571,1751,275,124,151,305,127,178,1650,801,849,1092,519,573
53464101,273,130,143,22,9,13,21,10,11,119,59,60,111,52,59
53464102,96,50,46,0,0,0,4,2,2,71,35,36,21,13,8
53465001,83,41,42,4,3,1,10,5,5,32,15,17,37,18,19
53465002,755,381,374,54,27,27,70,32,38,448,236,212,183,86,97
53466801,68,30,38,3,2,1,10,3,7,25,9,16,30,16,14
53466802,51,26,25,2,0,2,6,3,3,25,13,12,18,10,8
53466803,69,34,35,9,4,5,12,7,5,40,21,19,8,2,6
53466804,1153,591,562,86,43,43,75,32,43,595,301,294,397,215,182
53471401,379,208,171,31,15,16,21,14,7,197,105,92,130,74,56
53471402,116,63,53,10,6,4,7,3,4,67,33,34,32,21,11
53472201,1354,683,671,81,29,52,125,62,63,698,359,339,450,233,217
53473101,73,44,29,5,3,2,11,8,3,45,26,19,12,7,5
53473102,1148,593,555,59,33,26,59,27,32,633,332,301,397,201,196
59829101,779,399,380,57,23,34,56,34,22,473,240,233,193,102,91
53474901,669,345,324,44,17,27,39,17,22,343,178,165,243,133,110
0277232,0,0,0,0,0,0,0,0,0,0,0,0,0,0,0
53157001,39,20,19,7,2,5,2,1,1,20,10,10,10,7,3
53157002,92,49,43,4,2,2,3,2,1,38,24,14,47,21,26
53157003,50,29,21,4,3,1,4,1,3,28,18,10,14,7,7
53920101,73,37,36,11,5,6,1,1,0,30,15,15,31,16,15
53920102,860,424,436,53,25,28,30,14,16,515,247,268,262,138,124
53476501,1099,567,532,52,20,32,39,15,24,634,325,309,374,207,167
53476502,55,29,26,3,1,2,2,1,1,41,21,20,9,6,3
53476503,351,173,178,11,5,6,27,14,13,198,101,97,115,53,62
53198701,96,49,47,4,2,2,6,4,2,63,29,34,23,14,9
53477301,465,242,223,23,8,15,27,16,11,289,154,135,126,64,62
3313330,0,0,0,0,0,0,0,0,0,0,0,0,0,0,0
53479001,1058,536,522,46,16,30,39,20,19,640,327,313,333,173,160
53479003,121,61,60,9,4,5,8,5,3,73,36,37,31,16,15
53480301,311,147,164,19,6,13,20,8,12,182,87,95,90,46,44
53480302,431,225,206,18,13,5,18,9,9,245,119,126,150,84,66
53480303,45,24,21,0,0,0,1,0,1,33,18,15,11,6,5
53480304,81,37,44,7,2,5,5,1,4,40,19,21,29,15,14
53480305,21,9,12,0,0,0,1,0,1,11,3,8,9,6,3
53149901,302,159,143,28,13,15,11,9,2,196,106,90,67,31,36
53192801,305,157,148,28,15,13,19,9,10,180,92,88,78,41,37
53482001,462,237,225,19,8,11,33,11,22,266,139,127,144,79,65
53483802,271,137,134,16,10,6,19,9,10,159,74,85,77,44,33
53483803,246,125,121,11,3,8,12,5,7,164,85,79,59,32,27
53483804,36,18,18,2,0,2,0,0,0,15,7,8,19,11,8
53484601,539,278,261,25,10,15,24,8,16,345,185,160,145,75,70
53187101,269,144,125,13,7,6,21,16,5,169,89,80,66,32,34
53177401,125,60,65,10,3,7,12,3,9,60,29,31,43,25,18
53177402,20,11,9,1,1,0,2,1,1,15,7,8,2,2,0
53165101,86,49,37,5,2,3,14,7,7,28,18,10,39,22,17
0667533,0,0,0,0,0,0,0,0,0,0,0,0,0,0,0
53489701,109,50,59,5,3,2,2,0,2,81,38,43,21,9,12
53489702,292,154,138,29,12,17,16,10,6,178,99,79,69,33,36
53489704,208,114,94,18,10,8,17,11,6,110,61,49,63,32,31
53489705,200,110,90,9,5,4,9,4,5,129,71,58,53,30,23
53489706,157,67,90,12,3,9,4,1,3,80,40,40,61,23,38
53489707,178,86,92,15,7,8,14,8,6,103,48,55,46,23,23
53489708,220,106,114,15,8,7,15,8,7,118,58,60,72,32,40
53489709,265,132,133,20,11,9,13,6,7,153,79,74,79,36,43
53834501,811,402,409,66,24,42,46,21,25,473,241,232,226,116,110
53490101,59,25,34,2,1,1,4,1,3,35,15,20,18,8,10
53490102,36,19,17,0,0,0,6,4,2,20,7,13,10,8,2
53490104,55,28,27,6,2,4,0,0,0,36,19,17,13,7,6
53490106,187,93,94,25,11,14,2,2,0,107,54,53,53,26,27
53490107,43,23,20,4,2,2,1,0,1,26,15,11,12,6,6
53493501,538,273,265,36,19,17,37,11,26,338,171,167,127,72,55
53493503,81,48,33,4,2,2,3,1,2,48,30,18,26,15,11
53493504,3574,1785,1789,257,117,140,233,123,110,2129,1059,1070,955,486,469
53493505,59,32,27,3,2,1,6,4,2,30,14,16,20,12,8
57179202,472,247,225,25,12,13,34,19,15,287,149,138,126,67,59
0728000,0,0,0,0,0,0,0,0,0,0,0,0,0,0,0
0728180,0,0,0,0,0,0,0,0,0,0,0,0,0,0,0
3073270,0,0,0,0,0,0,0,0,0,0,0,0,0,0,0
53495101,204,103,101,12,8,4,13,5,8,133,64,69,46,26,20
53495102,642,314,328,61,32,29,37,17,20,359,172,187,185,93,92
53495104,149,74,75,10,6,4,6,2,4,87,41,46,46,25,21
53495106,209,97,112,9,4,5,17,7,10,126,59,67,57,27,30
53495107,929,464,465,54,25,29,44,18,26,575,301,274,256,120,136
53495108,1043,543,500,64,28,36,87,40,47,588,323,265,304,152,152
53495110,602,304,298,38,14,24,51,30,21,354,176,178,159,84,75
53495111,1116,608,508,71,43,28,70,40,30,511,275,236,464,250,214
53495112,737,374,363,46,16,30,41,12,29,407,221,186,243,125,118
53495113,27,15,12,2,2,0,1,1,0,17,9,8,7,3,4
53495114,2385,1154,1231,175,82,93,196,98,98,1237,599,638,777,375,402
53495115,183,79,104,6,3,3,16,6,10,102,45,57,59,25,34
53495116,109,52,57,2,1,1,8,4,4,73,38,35,26,9,17
53495117,2192,1047,1145,157,63,94,126,64,62,1295,607,688,614,313,301
53495118,20,9,11,1,0,1,1,1,0,12,6,6,6,2,4
53495119,1474,711,763,100,39,61,154,84,70,837,412,425,383,176,207
53495120,184,118,66,51,27,24,7,4,3,42,24,18,84,63,21
53495121,330,189,141,41,26,15,41,26,15,154,79,75,94,58,36
53495122,125,66,59,8,5,3,10,6,4,88,46,42,19,9,10
53495125,1674,834,840,107,58,49,142,73,69,922,442,480,503,261,242
53495126,1996,980,1016,154,65,89,97,42,55,1140,561,579,605,312,293
53495128,2045,969,1076,113,44,69,130,55,75,1172,564,608,630,306,324
53497801,675,347,328,34,16,18,27,15,12,387,194,193,227,122,105
53189801,44,24,20,2,1,1,9,7,2,31,15,16,2,1,1
53189802,193,93,100,14,5,9,9,6,3,119,61,58,51,21,30
53189803,22,11,11,2,1,1,1,0,1,16,9,7,3,1,2
53189804,64,30,34,7,3,4,6,1,5,32,14,18,19,12,7
53500101,144,77,67,13,6,7,6,4,2,86,45,41,39,22,17
53500102,906,457,449,56,31,25,63,31,32,534,271,263,253,124,129
53500103,45,22,23,4,2,2,4,2,2,25,13,12,12,5,7
1036320,0,0,0,0,0,0,0,0,0,0,0,0,0,0,0
3193920,0,0,0,0,0,0,0,0,0,0,0,0,0,0,0
57178401,511,258,253,28,9,19,31,15,16,307,158,149,145,76,69
57178403,1910,975,935,129,64,65,150,71,79,1034,522,512,597,318,279
53150201,470,227,243,11,3,8,35,19,16,255,119,136,169,86,83
53167701,162,83,79,9,5,4,15,10,5,94,45,49,44,23,21
53502801,76,40,36,14,8,6,2,1,1,48,25,23,12,6,6
53502802,1347,664,683,84,38,46,80,36,44,762,388,374,421,202,219
0914212,0,0,0,0,0,0,0,0,0,0,0,0,0,0,0
53503601,291,137,154,15,4,11,15,7,8,182,86,96,79,40,39
53503602,351,179,172,18,4,14,20,12,8,196,106,90,117,57,60
53503603,449,210,239,29,12,17,22,9,13,268,131,137,130,58,72
52957503,43,22,21,4,2,2,1,1,0,21,13,8,17,6,11
52957504,45,24,21,8,4,4,4,2,2,29,15,14,4,3,1
52957505,77,43,34,5,3,2,3,2,1,36,20,16,33,18,15
53504401,593,307,286,47,25,22,32,14,18,298,160,138,216,108,108
53504402,134,70,64,7,5,2,5,4,1,93,47,46,29,14,15
53504403,274,134,140,22,10,12,17,7,10,118,60,58,117,57,60
0929750,0,0,0,0,0,0,0,0,0,0,0,0,0,0,0
3010270,0,0,0,0,0,0,0,0,0,0,0,0,0,0,0
53467601,2923,1324,1599,181,81,100,216,65,151,1628,789,839,898,389,509
53467602,870,401,469,64,23,41,48,21,27,442,210,232,316,147,169
53467603,37,21,16,0,0,0,1,1,0,25,15,10,11,5,6
53467604,1924,949,975,113,50,63,119,56,63,1132,565,567,560,278,282
53467605,95,50,45,8,4,4,6,3,3,59,30,29,22,13,9
53467606,432,215,217,22,10,12,34,15,19,246,119,127,130,71,59
53467607,49,33,16,8,4,4,5,3,2,18,14,4,18,12,6
53467608,1180,560,620,74,34,40,61,19,42,708,343,365,337,164,173
53467609,101,46,55,5,2,3,4,2,2,64,29,35,28,13,15
53467610,2083,1011,1072,150,56,94,139,62,77,1184,585,599,610,308,302
53467611,4161,1979,2182,276,110,166,309,124,185,2303,1108,1195,1273,637,636
53467613,2704,1289,1415,176,76,100,215,103,112,1497,713,784,816,397,419
53467614,953,558,395,48,27,21,42,24,18,399,214,185,464,293,171
53467615,260,117,143,23,12,11,22,6,16,103,54,49,112,45,67
53467616,192,94,98,8,4,4,25,10,15,112,60,52,47,20,27
53467617,411,210,201,15,8,7,30,17,13,275,143,132,91,42,49
53467618,833,421,412,32,14,18,87,39,48,462,238,224,252,130,122
53467619,380,212,168,30,16,14,22,11,11,200,107,93,128,78,50
53505201,1221,576,645,82,24,58,126,45,81,609,317,292,404,190,214
53505202,54,25,29,14,7,7,5,2,3,29,14,15,6,2,4
53505206,137,65,72,7,4,3,6,1,5,58,25,33,66,35,31
53505207,39,19,20,4,1,3,5,3,2,14,8,6,16,7,9
53506101,407,202,205,18,6,12,59,23,36,200,97,103,130,76,54
53186301,308,152,156,20,7,13,9,4,5,181,94,87,98,47,51
53507901,204,91,113,15,5,10,14,6,8,123,56,67,52,24,28
53507902,44,27,17,4,2,2,2,1,1,21,14,7,17,10,7
53507903,349,169,180,31,15,16,19,10,9,208,95,113,91,49,42
53507904,496,244,252,25,12,13,29,16,13,330,167,163,112,49,63
53507905,37,18,19,1,0,1,3,1,2,18,10,8,15,7,8
53507906,981,490,491,60,25,35,34,17,17,606,315,291,281,133,148
53507907,50,32,18,6,6,0,0,0,0,31,20,11,13,6,7
3010510,0,0,0,0,0,0,0,0,0,0,0,0,0,0,0
53508701,298,156,142,27,15,12,29,17,12,168,84,84,74,40,34
53508702,382,185,197,32,16,16,25,15,10,194,94,100,131,60,71
53508703,813,403,410,61,32,29,30,14,16,523,256,267,199,101,98
53508705,620,318,302,37,14,23,16,9,7,347,183,164,220,112,108
53508706,1077,488,589,111,46,65,99,43,56,492,232,260,375,167,208
53508707,1455,698,757,93,41,52,99,36,63,812,400,412,451,221,230
53508708,2572,1221,1351,184,73,111,163,70,93,1487,731,756,738,347,391
53508709,328,166,162,20,10,10,31,12,19,135,70,65,142,74,68
53508710,4428,2107,2321,277,128,149,297,140,157,2688,1271,1417,1166,568,598
53508711,2617,1300,1317,192,84,108,154,73,81,1268,610,658,1003,533,470
53508713,1238,603,635,73,28,45,83,40,43,768,376,392,314,159,155
53508714,38,19,19,0,0,0,0,0,0,22,11,11,16,8,8
1048171,0,0,0,0,0,0,0,0,0,0,0,0,0,0,0
53170701,62,29,33,3,1,2,0,0,0,28,14,14,31,14,17
53170702,135,67,68,4,3,1,8,4,4,73,35,38,50,25,25
53511701,416,204,212,22,10,12,19,8,11,240,117,123,135,69,66
53511702,78,46,32,2,0,2,3,2,1,60,33,27,13,11,2
53511703,149,77,72,12,5,7,10,3,7,105,57,48,22,12,10
53511704,264,137,127,16,7,9,15,8,7,185,98,87,48,24,24
53511705,157,84,73,17,10,7,4,1,3,102,55,47,34,18,16
1088390,0,0,0,0,0,0,0,0,0,0,0,0,0,0,0
53513301,39,21,18,1,0,1,8,5,3,20,11,9,10,5,5
53513302,1042,517,525,74,34,40,60,33,27,559,271,288,349,179,170
53513303,408,203,205,36,16,20,40,20,20,192,91,101,140,76,64
53513304,78,40,38,5,2,3,3,3,0,39,19,20,31,16,15
53267301,562,287,275,38,19,19,30,15,15,336,176,160,158,77,81
53514101,496,259,237,30,15,15,16,9,7,308,167,141,142,68,74
53864702,1817,908,909,115,52,63,199,96,103,990,494,496,513,266,247
53516801,550,284,266,38,16,22,51,26,25,306,157,149,155,85,70
53516803,133,64,69,12,6,6,13,6,7,88,44,44,20,8,12
53519201,518,265,253,24,16,8,29,18,11,259,124,135,206,107,99
53173101,22,13,9,3,1,2,1,0,1,14,10,4,4,2,2
53173102,184,100,84,19,8,11,27,11,16,89,53,36,49,28,21
53521401,144,81,63,13,8,5,9,4,5,75,42,33,47,27,20
53521402,320,155,165,19,6,13,21,10,11,189,91,98,91,48,43
1673472,0,0,0,0,0,0,0,0,0,0,0,0,0,0,0
53522201,1168,586,582,64,25,39,58,28,30,676,341,335,370,192,178
53522202,702,355,347,39,18,21,54,25,29,422,219,203,187,93,94
53522203,660,325,335,46,20,26,36,15,21,404,196,208,174,94,80
53156101,197,104,93,11,5,6,18,9,9,115,60,55,53,30,23
53156102,109,51,58,11,6,5,12,5,7,65,32,33,21,8,13
53156103,501,260,241,21,8,13,27,16,11,328,170,158,125,66,59
52958301,136,77,59,8,6,2,6,3,3,90,50,40,32,18,14
59949201,129,62,67,8,3,5,8,4,4,72,34,38,41,21,20
1758710,0,0,0,0,0,0,0,0,0,0,0,0,0,0,0
3265510,0,0,0,0,0,0,0,0,0,0,0,0,0,0,0
53525701,75,35,40,0,0,0,12,5,7,34,19,15,29,11,18
53525702,93,44,49,5,1,4,2,1,1,68,35,33,18,7,11
53525703,765,395,370,45,22,23,43,23,20,446,213,233,231,137,94
53526501,181,84,97,16,5,11,10,5,5,83,39,44,72,35,37
53526502,202,102,100,10,4,6,9,6,3,128,68,60,55,24,31
53526503,736,381,355,29,11,18,54,23,31,450,239,211,203,108,95
3194060,0,0,0,0,0,0,0,0,0,0,0,0,0,0,0
53527301,2193,1089,1104,132,57,75,101,54,47,1382,686,696,578,292,286
53527302,22,11,11,2,1,1,1,0,1,13,6,7,6,4,2
53527303,65,35,30,3,2,1,3,2,1,53,28,25,6,3,3
53193601,164,83,81,14,3,11,4,1,3,93,51,42,53,28,25
53529001,110,52,58,17,7,10,4,3,1,53,24,29,36,18,18
53529002,72,38,34,1,0,1,1,1,0,40,20,20,30,17,13
53529003,49,25,24,2,1,1,3,1,2,28,14,14,16,9,7
53529004,640,326,314,18,6,12,64,43,21,365,172,193,193,105,88
53530301,252,133,119,10,4,6,10,5,5,149,82,67,83,42,41
53530302,579,298,281,43,22,21,29,14,15,323,163,160,184,99,85
53530303,91,44,47,9,6,3,5,0,5,56,27,29,21,11,10
53531101,29,19,10,6,3,3,0,0,0,20,14,6,3,2,1
53531102,398,188,210,43,21,22,25,9,16,205,93,112,125,65,60
53532001,775,386,389,64,34,30,48,20,28,458,226,232,205,106,99
53532002,1567,780,787,106,47,59,98,50,48,876,440,436,487,243,244
1879330,0,0,0,0,0,0,0,0,0,0,0,0,0,0,0
53533801,141,70,71,5,0,5,17,6,11,75,40,35,44,24,20
53533802,64,30,34,4,2,2,3,1,2,34,12,22,23,15,8
53533803,136,71,65,13,4,9,5,4,1,87,49,38,31,14,17
53533804,286,138,148,7,0,7,17,9,8,157,75,82,105,54,51
53533805,269,142,127,13,5,8,27,11,16,167,91,76,62,35,27
53535401,89,46,43,8,3,5,6,2,4,52,28,24,23,13,10
53535402,304,176,128,12,6,6,44,26,18,143,84,59,105,60,45
53535403,42,24,18,4,2,2,1,0,1,25,15,10,12,7,5
53151101,45,23,22,5,1,4,3,1,2,15,10,5,22,11,11
53151102,215,107,108,19,8,11,17,7,10,125,63,62,54,29,25
53151103,391,196,195,36,17,19,27,10,17,218,107,111,110,62,48
53538901,583,260,323,33,14,19,27,14,13,261,135,126,262,97,165
53539701,69,35,34,2,1,1,7,3,4,50,25,25,10,6,4
53539702,347,174,173,18,7,11,14,6,8,200,105,95,115,56,59
53539703,75,38,37,4,2,2,3,2,1,50,28,22,18,6,12
3228570,0,0,0,0,0,0,0,0,0,0,0,0,0,0,0
53542701,335,166,169,13,5,8,13,4,9,232,119,113,77,38,39
53542702,633,310,323,22,9,13,49,25,24,344,159,185,218,117,101
53542703,162,80,82,5,1,4,6,2,4,107,54,53,44,23,21
53542704,83,42,41,6,3,3,3,1,2,51,25,26,23,13,10
53542705,76,38,38,1,1,0,4,1,3,46,24,22,25,12,13
53542706,91,47,44,2,1,1,4,2,2,60,30,30,25,14,11
53542708,21,13,8,1,1,0,0,0,0,19,12,7,1,0,1
53542709,684,346,338,34,13,21,49,22,27,415,211,204,186,100,86
53542710,826,425,401,48,28,20,37,19,18,442,224,218,299,154,145
53542711,941,458,483,52,23,29,35,15,20,589,294,295,265,126,139
53542713,767,361,406,38,19,19,55,26,29,457,220,237,217,96,121
53542715,336,168,168,15,8,7,20,9,11,217,112,105,84,39,45
53542718,21,12,9,0,0,0,0,0,0,7,4,3,14,8,6
53544301,78,42,36,11,6,5,9,6,3,43,25,18,15,5,10
53544302,134,65,69,14,7,7,9,2,7,71,35,36,40,21,19
53544304,579,294,285,37,16,21,48,25,23,322,160,162,172,93,79
53544305,195,93,102,9,4,5,14,5,9,119,59,60,53,25,28
53544306,882,447,435,60,32,28,60,34,26,480,232,248,282,149,133
53544307,988,510,478,59,27,32,50,26,24,564,292,272,315,165,150
53544308,69,37,32,3,1,2,4,3,1,30,17,13,32,16,16
53544309,92,46,46,4,1,3,6,4,2,46,24,22,36,17,19
53544310,379,191,188,25,15,10,11,3,8,247,121,126,96,52,44
53544311,439,226,213,37,15,22,16,10,6,238,129,109,148,72,76
53544313,716,353,363,40,20,20,71,28,43,394,196,198,211,109,102
53544315,52,26,26,1,0,1,4,1,3,26,13,13,21,12,9
53544316,122,69,53,6,2,4,7,4,3,57,36,21,52,27,25
3075130,0,0,0,0,0,0,0,0,0,0,0,0,0,0,0
3075640,0,0,0,0,0,0,0,0,0,0,0,0,0,0,0
53545101,32,18,14,2,1,1,1,0,1,21,12,9,8,5,3
53545102,465,248,217,64,35,29,50,29,21,215,114,101,136,70,66
53545103,545,270,275,37,16,21,53,27,26,302,146,156,153,81,72
53545105,1188,581,607,70,34,36,129,66,63,739,354,385,250,127,123
53545106,920,484,436,84,37,47,100,42,58,380,203,177,356,202,154
53545107,130,67,63,15,7,8,4,1,3,84,47,37,27,12,15
53545108,66,37,29,6,4,2,1,1,0,22,11,11,37,21,16
53545109,394,206,188,25,11,14,24,13,11,203,109,94,142,73,69
53545111,1841,871,970,110,52,58,152,66,86,1007,467,540,572,286,286
53545112,1574,754,820,101,46,55,126,39,87,870,429,441,477,240,237
53545114,290,157,133,18,6,12,31,18,13,160,92,68,81,41,40
53547801,948,488,460,63,29,34,68,35,33,478,249,229,339,175,164
56575001,120,55,65,12,7,5,6,2,4,54,28,26,48,18,30
53548601,305,168,137,14,10,4,14,7,7,175,93,82,102,58,44
53548602,58,28,30,1,1,0,7,2,5,36,18,18,14,7,7
53548603,68,36,32,1,1,0,3,1,2,50,27,23,14,7,7
53550801,130,69,61,3,3,0,5,2,3,76,36,40,46,28,18
53550802,134,65,69,2,0,2,6,4,2,59,31,28,67,30,37
53551601,382,186,196,16,8,8,13,6,7,233,111,122,120,61,59
53551602,51,27,24,3,1,2,1,1,0,28,17,11,19,8,11
53551603,92,52,40,4,2,2,4,2,2,47,29,18,37,19,18
57078801,1372,711,661,106,47,59,65,31,34,806,429,377,395,204,191
57194601,111,56,55,7,3,4,0,0,0,78,40,38,26,13,13
57194602,144,70,74,13,4,9,6,4,2,88,42,46,37,20,17
53555901,1065,522,543,55,19,36,47,24,23,635,321,314,328,158,170
53556701,396,204,192,16,7,9,20,12,8,245,119,126,115,66,49
53556702,35,17,18,0,0,0,0,0,0,21,10,11,14,7,7
53558301,142,70,72,12,6,6,6,2,4,74,38,36,50,24,26
53558302,822,420,402,59,25,34,26,16,10,478,250,228,259,129,130
53558303,44,24,20,1,0,1,7,3,4,25,17,8,11,4,7
59951401,265,138,127,16,7,9,30,16,14,148,77,71,71,38,33
59951402,53,29,24,10,6,4,23,12,11,14,8,6,6,3,3
53560501,562,280,282,23,12,11,36,17,19,298,150,148,205,101,104
53560502,209,102,107,7,2,5,15,7,8,111,61,50,76,32,44
57099101,147,72,75,7,3,4,2,1,1,105,52,53,33,16,17
53562101,552,270,282,28,13,15,33,13,20,352,174,178,139,70,69
53562102,329,171,158,16,5,11,15,6,9,209,116,93,89,44,45
53563001,858,423,435,59,26,33,35,17,18,488,238,250,276,142,134
3418510,0,0,0,0,0,0,0,0,0,0,0,0,0,0,0
57081801,252,140,112,14,7,7,5,3,2,174,93,81,59,37,22
53565601,450,241,209,23,14,9,16,8,8,278,144,134,133,75,58
53567201,247,129,118,15,3,12,7,3,4,151,85,66,74,38,36
53567203,1962,993,969,124,54,70,113,61,52,1134,566,568,591,312,279
53567204,168,88,80,12,7,5,6,1,5,133,72,61,17,8,9
53567205,129,66,63,7,5,2,6,3,3,70,35,35,46,23,23
53567206,193,104,89,16,8,8,17,12,5,89,46,43,71,38,33
53567207,267,131,136,23,6,17,19,8,11,154,80,74,71,37,34
53567208,181,97,84,7,3,4,8,4,4,115,58,57,51,32,19
53567209,347,187,160,30,14,16,15,7,8,173,105,68,129,61,68
57198901,84,42,42,10,6,4,3,1,2,40,21,19,31,14,17
57198902,23,10,13,1,0,1,0,0,0,16,7,9,6,3,3
57198903,178,93,85,12,7,5,1,1,0,103,50,53,62,35,27
53570201,121,65,56,7,5,2,8,3,5,78,41,37,28,16,12
53570202,72,37,35,4,2,2,1,1,0,48,26,22,19,8,11
53570203,1858,938,920,98,45,53,126,56,70,1042,530,512,592,307,285
53570204,250,118,132,12,5,7,15,9,6,153,67,86,70,37,33
53570205,128,59,69,7,2,5,3,1,2,76,38,38,42,18,24
53570206,173,93,80,10,5,5,8,6,2,97,51,46,58,31,27
53570208,53,28,25,7,7,0,6,2,4,26,11,15,14,8,6
53570209,202,80,122,27,6,21,9,2,7,114,51,63,52,21,31
53571101,231,116,115,10,5,5,9,5,4,128,59,69,84,47,37
53572901,309,153,156,15,5,10,21,8,13,173,88,85,100,52,48
53572902,53,26,27,5,1,4,7,4,3,30,15,15,11,6,5
57094001,350,180,170,25,11,14,10,3,7,199,113,86,116,53,63
53574501,234,123,111,11,8,3,5,2,3,122,61,61,96,52,44
53574502,54,28,26,4,2,2,10,5,5,23,12,11,17,9,8
57106701,154,82,72,8,1,7,12,5,7,80,45,35,54,31,23
53581801,570,283,287,18,10,8,27,7,20,347,182,165,178,84,94
53583401,105,51,54,5,3,2,0,0,0,70,35,35,30,13,17
53583402,133,66,67,13,8,5,9,2,7,66,36,30,45,20,25
59953101,329,160,169,20,8,12,26,8,18,193,103,90,90,41,49
53586901,62,28,34,2,0,2,7,5,2,27,13,14,26,10,16
53586902,691,355,336,38,20,18,22,12,10,414,214,200,217,109,108
56573301,227,112,115,14,8,6,13,5,8,118,57,61,82,42,40
59952201,156,71,85,9,6,3,7,4,3,92,42,50,48,19,29
56578401,229,117,112,8,4,4,9,4,5,159,90,69,53,19,34
56578402,120,62,58,10,3,7,4,2,2,68,34,34,38,23,15
1414291,0,0,0,0,0,0,0,0,0,0,0,0,0,0,0
53592302,113,62,51,2,0,2,3,2,1,78,43,35,30,17,13
53592303,122,73,49,6,4,2,2,1,1,67,41,26,47,27,20
53592304,44,22,22,4,2,2,0,0,0,26,13,13,14,7,7
53592305,29,18,11,1,1,0,3,1,2,16,10,6,9,6,3
53592306,82,43,39,9,5,4,5,3,2,55,29,26,13,6,7
53592307,46,23,23,6,2,4,5,3,2,22,13,9,13,5,8
53593101,242,122,120,14,5,9,21,12,9,134,69,65,73,36,37
53593102,1105,576,529,50,23,27,74,39,35,585,307,278,396,207,189
57184901,218,105,113,5,2,3,13,7,6,145,66,79,55,30,25
53596601,468,240,228,36,16,20,36,22,14,278,146,132,118,56,62
53597401,480,244,236,43,21,22,14,9,5,295,148,147,128,66,62
56603901,28,15,13,0,0,0,1,0,1,14,7,7,13,8,5
56603902,36,15,21,2,1,1,3,1,2,18,8,10,13,5,8
56603903,290,140,150,16,5,11,15,6,9,170,89,81,89,40,49
52961301,388,202,186,22,10,12,30,13,17,198,106,92,138,73,65
53600802,24,12,12,1,0,1,1,0,1,13,7,6,9,5,4
53600803,615,313,302,25,13,12,30,12,18,324,167,157,236,121,115
53600804,77,43,34,5,3,2,5,4,1,41,19,22,26,17,9
53600805,50,28,22,3,3,0,4,2,2,21,9,12,22,14,8
53600806,62,36,26,5,4,1,0,0,0,31,15,16,26,17,9
53602401,108,57,51,6,2,4,5,3,2,58,28,30,39,24,15
53602402,890,450,440,58,30,28,46,23,23,555,272,283,231,125,106
57107501,67,33,34,9,5,4,4,2,2,36,19,17,18,7,11
3208712,0,0,0,0,0,0,0,0,0,0,0,0,0,0,0
53604101,41,20,21,5,0,5,2,2,0,26,13,13,8,5,3
53604102,44,22,22,3,0,3,3,1,2,28,16,12,10,5,5
53604103,1278,643,635,70,30,40,49,23,26,777,380,397,382,210,172
53604104,92,47,45,8,3,5,3,1,2,62,33,29,19,10,9
53604105,101,48,53,8,3,5,4,2,2,66,33,33,23,10,13
53604106,77,38,39,3,3,0,3,1,2,37,18,19,34,16,18
53604107,50,24,26,3,1,2,1,1,0,43,20,23,3,2,1
53604108,60,32,28,4,1,3,4,2,2,40,23,17,12,6,6
53604110,111,53,58,3,1,2,1,0,1,85,40,45,22,12,10
53604111,43,23,20,0,0,0,5,3,2,26,13,13,12,7,5
53604112,51,27,24,4,2,2,3,1,2,32,17,15,12,7,5
53604113,115,62,53,6,2,4,8,4,4,71,43,28,30,13,17
53604114,73,39,34,5,2,3,4,3,1,46,25,21,18,9,9
53604115,61,31,30,7,3,4,2,1,1,39,21,18,13,6,7
57117201,154,78,76,9,4,5,14,6,8,94,47,47,37,21,16
53606701,474,246,228,36,10,26,21,10,11,261,143,118,156,83,73
57097401,446,238,208,19,9,10,45,26,19,266,144,122,116,59,57
59955701,77,40,37,4,3,1,3,3,0,48,21,27,22,13,9
0698920,0,0,0,0,0,0,0,0,0,0,0,0,0,0,0
0699140,0,0,0,0,0,0,0,0,0,0,0,0,0,0,0
0699310,0,0,0,0,0,0,0,0,0,0,0,0,0,0,0
3076290,0,0,0,0,0,0,0,0,0,0,0,0,0,0,0
57082601,401,203,198,16,7,9,23,11,12,267,132,135,95,53,42
57082602,20,9,11,0,0,0,3,1,2,13,6,7,4,2,2
57082603,1794,936,858,155,74,81,100,52,48,980,509,471,559,301,258
57082604,1791,907,884,137,66,71,108,66,42,1073,537,536,473,238,235
57082605,465,246,219,37,17,20,28,12,16,121,68,53,279,149,130
57082606,372,306,66,7,3,4,17,8,9,78,52,26,270,243,27
57082607,300,146,154,17,13,4,21,10,11,163,83,80,99,40,59
53612101,497,252,245,24,9,15,14,7,7,324,162,162,135,74,61
56604701,164,78,86,11,6,5,16,3,13,71,35,36,66,34,32
56604702,33,17,16,7,3,4,6,4,2,13,7,6,7,3,4
56604703,31,17,14,4,3,1,2,0,2,14,7,7,11,7,4
57197101,123,63,60,4,2,2,11,4,7,52,25,27,56,32,24
57201201,122,65,57,12,6,6,7,3,4,77,37,40,26,19,7
53616401,192,99,93,10,4,6,9,5,4,113,59,54,60,31,29
53617201,86,46,40,6,4,2,4,4,0,48,24,24,28,14,14
53617202,111,58,53,2,0,2,3,1,2,61,30,31,45,27,18
53617203,149,78,71,4,2,2,8,4,4,69,30,39,68,42,26
53617204,223,120,103,19,8,11,14,8,6,114,58,56,76,46,30
53618101,75,34,41,3,1,2,3,1,2,56,28,28,13,4,9
53618102,314,171,143,18,8,10,6,2,4,174,96,78,116,65,51
53618103,101,47,54,10,5,5,3,2,1,42,20,22,46,20,26
53618104,240,115,125,18,6,12,13,6,7,134,66,68,75,37,38
53618105,213,110,103,15,6,9,6,1,5,124,65,59,68,38,30
53620201,386,199,187,32,12,20,33,13,20,212,113,99,109,61,48
53621101,135,64,71,5,2,3,5,2,3,92,41,51,33,19,14
53621102,31,18,13,3,1,2,1,0,1,24,16,8,3,1,2
56556301,346,183,163,16,13,3,25,13,12,214,109,105,91,48,43
57077001,81,41,40,1,1,0,1,1,0,47,22,25,32,17,15
57077003,129,66,63,23,13,10,5,2,3,49,26,23,52,25,27
53626101,41,20,21,4,2,2,3,1,2,16,8,8,18,9,9
53626102,38,17,21,0,0,0,0,0,0,23,10,13,15,7,8
53626103,282,143,139,13,6,7,11,4,7,171,89,82,87,44,43
53627001,1001,479,522,52,23,29,60,22,38,602,294,308,287,140,147
53627002,111,55,56,2,0,2,4,2,2,62,32,30,43,21,22
53627003,1161,559,602,62,28,34,65,35,30,644,296,348,390,200,190
56564401,540,276,264,35,16,19,18,9,9,346,179,167,141,72,69
0965390,0,0,0,0,0,0,0,0,0,0,0,0,0,0,0
3229112,0,0,0,0,0,0,0,0,0,0,0,0,0,0,0
3334170,0,0,0,0,0,0,0,0,0,0,0,0,0,0,0
53541901,124,69,55,5,3,2,10,4,6,70,40,30,39,22,17
53541902,187,100,87,21,7,14,6,3,3,123,70,53,37,20,17
53541903,356,175,181,32,16,16,33,11,22,196,106,90,95,42,53
53541905,260,131,129,15,8,7,9,5,4,149,76,73,87,42,45
53541907,361,207,154,40,24,16,37,20,17,112,64,48,172,99,73
53541911,168,87,81,8,3,5,10,6,4,106,55,51,44,23,21
53541912,565,282,283,39,21,18,45,20,25,325,164,161,156,77,79
53541913,1145,575,570,79,34,45,58,24,34,684,351,333,324,166,158
53541914,1237,752,485,68,35,33,65,34,31,453,254,199,651,429,222
53541915,752,391,361,45,21,24,34,13,21,448,233,215,225,124,101
53541916,160,79,81,11,6,5,5,4,1,85,42,43,59,27,32
53541917,119,56,63,10,6,4,6,4,2,74,29,45,29,17,12
53541918,395,196,199,32,18,14,24,13,11,235,116,119,104,49,55
53541919,384,187,197,24,10,14,18,12,6,247,124,123,95,41,54
53541920,1214,587,627,98,42,56,102,48,54,586,281,305,428,216,212
53541921,5103,2513,2590,360,156,204,418,193,225,2748,1367,1381,1577,797,780
53541922,377,193,184,24,11,13,17,8,9,219,108,111,117,66,51
53541923,7177,3513,3664,494,238,256,586,271,315,3843,1879,1964,2254,1125,1129
53541924,1955,1017,938,183,96,87,192,85,107,962,508,454,618,328,290
53541925,4075,2072,2003,314,153,161,258,142,116,2344,1184,1160,1159,593,566
53541926,3653,1800,1853,280,144,136,279,128,151,1859,899,960,1235,629,606
53541927,280,259,21,47,44,3,40,36,4,89,81,8,104,98,6
53541928,1176,568,608,90,39,51,97,40,57,591,291,300,398,198,200
53541930,1047,503,544,101,49,52,109,44,65,499,246,253,338,164,174
53541932,459,237,222,33,14,19,45,19,26,235,119,116,146,85,61
53541933,552,294,258,50,25,25,53,32,21,278,144,134,171,93,78
53541934,360,190,170,19,10,9,18,9,9,206,105,101,117,66,51
53541935,71,32,39,2,2,0,1,1,0,50,21,29,18,8,10
53541938,41,21,20,4,1,3,3,1,2,15,9,6,19,10,9
53541939,1008,512,496,106,54,52,82,43,39,517,260,257,303,155,148
53541941,692,358,334,42,18,24,43,18,25,378,187,191,229,135,94
53541942,68,39,29,4,2,2,3,1,2,36,21,15,25,15,10
53541943,455,242,213,38,19,19,32,23,9,221,111,110,164,89,75
53541944,3026,1442,1584,225,87,138,291,134,157,1558,740,818,952,481,471
53541945,2677,1270,1407,191,87,104,238,99,139,1327,646,681,921,438,483
53541946,134,66,68,13,3,10,5,2,3,86,45,41,30,16,14
53541947,24,10,14,2,2,0,4,2,2,15,6,9,3,0,3
53541948,287,145,142,20,8,12,18,9,9,146,72,74,103,56,47
53541949,412,218,194,37,18,19,48,27,21,194,105,89,133,68,65
3077420,0,0,0,0,0,0,0,0,0,0,0,0,0,0,0
53632601,56,29,27,2,1,1,1,1,0,35,16,19,18,11,7
53632602,149,80,69,11,5,6,12,7,5,84,45,39,42,23,19
53632603,103,48,55,5,2,3,1,0,1,76,33,43,21,13,8
53632604,91,51,40,0,0,0,12,8,4,72,38,34,7,5,2
53632605,264,136,128,15,7,8,8,3,5,141,74,67,100,52,48
53632606,112,62,50,6,4,2,7,2,5,55,32,23,44,24,20
53632607,597,303,294,39,19,20,33,15,18,390,202,188,135,67,68
53632608,22,9,13,1,0,1,7,3,4,9,4,5,5,2,3
53632609,34,16,18,5,2,3,1,1,0,18,9,9,10,4,6
53632610,82,42,40,5,3,2,1,0,1,54,27,27,22,12,10
53632612,667,340,327,36,18,18,25,12,13,434,225,209,172,85,87
53632613,81,43,38,8,4,4,3,1,2,40,21,19,30,17,13
53632615,1952,949,1003,135,54,81,114,54,60,1249,632,617,454,209,245
53632616,717,357,360,35,10,25,49,26,23,355,172,183,278,149,129
53632617,823,395,428,59,25,34,54,25,29,432,212,220,278,133,145
53632618,722,358,364,57,24,33,34,17,17,386,185,201,245,132,113
53632620,80,35,45,2,1,1,17,5,12,45,22,23,16,7,9
53632622,68,41,27,9,8,1,6,5,1,29,14,15,24,14,10
53632624,1045,473,572,59,23,36,58,29,29,562,255,307,366,166,200
53632625,873,418,455,57,32,25,39,21,18,481,228,253,296,137,159
53632626,125,65,60,9,4,5,7,2,5,57,35,22,52,24,28
53632627,27,13,14,3,1,2,0,0,0,18,8,10,6,4,2
53632628,47,20,27,0,0,0,0,0,0,35,15,20,12,5,7
56582201,95,47,48,10,4,6,6,3,3,59,33,26,20,7,13
57186501,72,37,35,9,4,5,7,3,4,39,20,19,17,10,7
57186502,96,43,53,5,1,4,7,2,5,46,22,24,38,18,20
57186503,32,18,14,0,0,0,1,1,0,23,13,10,8,4,4
53633401,199,102,97,13,6,7,24,13,11,91,47,44,71,36,35
57115601,145,78,67,12,7,5,6,3,3,85,47,38,42,21,21
3266230,0,0,0,0,0,0,0,0,0,0,0,0,0,0,0
53635101,449,212,237,16,4,12,22,9,13,275,139,136,136,60,76
57199701,70,36,34,5,2,3,5,2,3,38,21,17,22,11,11
57112101,167,82,85,4,0,4,12,7,5,115,58,57,36,17,19
57112102,37,20,17,2,1,1,4,2,2,10,7,3,21,10,11
57112103,129,58,71,3,1,2,10,3,7,52,29,23,64,25,39
53637701,262,140,122,26,11,15,10,4,6,147,76,71,79,49,30
53637702,30,14,16,1,1,0,3,2,1,21,8,13,5,3,2
57180601,291,150,141,17,8,9,8,5,3,187,95,92,79,42,37
57089301,70,35,35,4,1,3,6,2,4,29,16,13,31,16,15
57089302,174,85,89,10,3,7,4,3,1,88,43,45,72,36,36
53640701,248,132,116,5,2,3,13,7,6,158,87,71,72,36,36
57103201,202,106,96,16,8,8,10,4,6,121,65,56,55,29,26
59824101,34,17,17,1,0,1,4,3,1,25,12,13,4,2,2
59824102,53,27,26,4,2,2,6,3,3,10,5,5,33,17,16
53643101,41,24,17,0,0,0,2,1,1,26,15,11,13,8,5
53643102,302,146,156,15,4,11,9,4,5,202,105,97,76,33,43
53644001,872,426,446,53,25,28,41,24,17,515,254,261,263,123,140
53644002,158,93,65,2,2,0,5,0,5,111,68,43,40,23,17
53645802,341,180,161,17,8,9,23,13,10,196,96,100,105,63,42
53645803,139,68,71,14,9,5,2,1,1,89,41,48,34,17,17
56558001,257,133,124,8,3,5,25,12,13,146,78,68,78,40,38
57075301,94,51,43,0,0,0,5,2,3,64,40,24,25,9,16
53649101,40,18,22,7,4,3,8,3,5,13,4,9,12,7,5
53649102,896,452,444,223,112,111,41,16,25,402,215,187,230,109,121
57092301,111,56,55,17,8,9,2,2,0,53,26,27,39,20,19
57193801,51,25,26,4,2,2,0,0,0,29,15,14,18,8,10
57193802,20,9,11,1,1,0,0,0,0,9,3,6,10,5,5
57193803,96,44,52,5,1,4,1,1,0,63,30,33,27,12,15
57193804,52,24,28,2,1,1,3,2,1,30,15,15,17,6,11
57193805,22,10,12,0,0,0,0,0,0,20,8,12,2,2,0
57193806,44,26,18,6,4,2,2,2,0,23,11,12,13,9,4
56565201,55,33,22,2,1,1,8,6,2,31,17,14,14,9,5
56563601,259,140,119,14,8,6,8,4,4,162,88,74,75,40,35
52960501,193,97,96,7,2,5,8,3,5,117,61,56,61,31,30
52960502,143,75,68,2,0,2,9,4,5,86,51,35,46,20,26
57114802,153,79,74,2,1,1,11,5,6,88,45,43,52,28,24
3266660,0,0,0,0,0,0,0,0,0,0,0,0,0,0,0
53658001,768,385,383,54,26,28,29,9,20,434,219,215,251,131,120
56566101,79,39,40,5,3,2,6,3,3,38,17,21,30,16,14
52959101,238,121,117,7,5,2,11,5,6,162,77,85,58,34,24
53661001,729,368,361,36,17,19,28,14,14,455,224,231,210,113,97
59957301,108,60,48,1,0,1,9,6,3,53,27,26,45,27,18
53663601,382,192,190,19,11,8,36,24,12,219,107,112,108,50,58
55703001,158,81,77,13,4,9,15,6,9,84,48,36,46,23,23
55703002,58,29,29,3,1,2,6,3,3,42,22,20,7,3,4
55703003,157,84,73,22,8,14,16,8,8,83,48,35,36,20,16
55703004,354,174,180,31,10,21,22,9,13,207,107,100,94,48,46
53665201,91,46,45,2,1,1,9,6,3,47,24,23,33,15,18
53665202,238,117,121,17,9,8,19,5,14,149,80,69,53,23,30
53665203,199,111,88,16,8,8,17,9,8,104,57,47,62,37,25
53665204,109,49,60,3,3,0,7,3,4,53,22,31,46,21,25
53665205,75,42,33,4,1,3,2,1,1,36,20,16,33,20,13
53666101,29,13,16,0,0,0,4,1,3,19,11,8,6,1,5
53666103,543,270,273,22,12,10,39,21,18,320,162,158,162,75,87
56553901,332,175,157,27,16,11,10,3,7,199,107,92,96,49,47
53670901,303,151,152,16,8,8,19,11,8,179,89,90,89,43,46
57188101,62,28,34,9,5,4,1,1,0,36,15,21,16,7,9
57188102,72,36,36,4,1,3,10,5,5,38,19,19,20,11,9
53671701,200,103,97,16,8,8,12,5,7,127,63,64,45,27,18
56592001,99,51,48,6,1,5,10,5,5,59,32,27,24,13,11
53676801,69,37,32,0,0,0,5,3,2,36,19,17,28,15,13
53676802,311,157,154,21,9,12,8,2,6,172,88,84,110,58,52
57098201,76,38,38,7,2,5,4,1,3,38,19,19,27,16,11
57098202,376,186,190,22,9,13,34,13,21,221,107,114,99,57,42
57076101,118,58,60,4,1,3,4,1,3,78,43,35,32,13,19
53685701,74,39,35,9,5,4,4,0,4,36,23,13,25,11,14
53685704,206,101,105,6,4,2,7,3,4,134,65,69,59,29,30
53685705,88,44,44,0,0,0,3,1,2,51,24,27,34,19,15
53685706,22,11,11,0,0,0,5,1,4,12,7,5,5,3,2
56572501,130,66,64,9,4,5,9,3,6,77,41,36,35,18,17
56562801,309,149,160,18,6,12,16,10,6,206,104,102,69,29,40
57084201,266,136,130,10,4,6,12,8,4,144,70,74,100,54,46
56557102,429,211,218,25,13,12,28,9,19,240,120,120,136,69,67
57202101,151,82,69,10,3,7,7,6,1,59,35,24,75,38,37
53693801,347,180,167,13,6,7,19,11,8,207,107,100,108,56,52
53693802,327,163,164,20,8,12,24,12,12,211,107,104,72,36,36
57181401,611,322,289,24,10,14,43,19,24,383,211,172,161,82,79
53697101,35,19,16,1,0,1,0,0,0,25,12,13,9,7,2
53697102,59,25,34,7,2,5,3,0,3,35,19,16,14,4,10
53697103,783,393,390,44,20,24,47,21,26,472,242,230,220,110,110
53697104,29,15,14,2,1,1,0,0,0,24,12,12,3,2,1
53697105,87,46,41,16,11,5,7,3,4,38,21,17,26,11,15
53697106,278,137,141,6,0,6,7,3,4,195,103,92,70,31,39
53697107,189,104,85,13,8,5,3,0,3,108,58,50,65,38,27
53698901,381,206,175,28,15,13,21,10,11,204,114,90,128,67,61
53699701,384,200,184,35,17,18,11,4,7,227,126,101,111,53,58
53702101,444,221,223,26,15,11,33,12,21,167,84,83,218,110,108
53702102,64,32,32,2,0,2,8,4,4,30,18,12,24,10,14
53702103,52,25,27,1,0,1,4,2,2,28,13,15,19,10,9
53702104,229,105,124,20,8,12,10,3,7,121,59,62,78,35,43
53702105,61,30,31,6,2,4,3,3,0,28,12,16,24,13,11
53703901,638,305,333,33,11,22,39,19,20,386,182,204,180,93,87
53703902,217,106,111,23,10,13,10,4,6,125,60,65,59,32,27
53704701,373,199,174,36,21,15,32,15,17,172,96,76,133,67,66
53705501,355,180,175,21,9,12,28,11,17,183,85,98,123,75,48
53705502,114,60,54,1,0,1,8,5,3,64,36,28,41,19,22
53705503,159,84,75,7,1,6,23,11,12,82,44,38,47,28,19
59967101,219,115,104,6,3,3,10,6,4,130,70,60,73,36,37
53708001,511,254,257,27,9,18,44,21,23,293,150,143,147,74,73
53709801,216,99,117,24,8,16,15,4,11,119,56,63,58,31,27
53710101,108,47,61,7,2,5,5,1,4,60,29,31,36,15,21
53710102,137,73,64,9,6,3,15,5,10,89,51,38,24,11,13
53711001,376,180,196,24,12,12,29,10,19,226,109,117,97,49,48
53711003,171,87,84,14,5,9,10,5,5,107,54,53,40,23,17
53712801,69,27,42,10,5,5,0,0,0,42,16,26,17,6,11
53712802,675,340,335,29,12,17,75,32,43,335,172,163,236,124,112
53712803,108,54,54,4,2,2,6,3,3,68,38,30,30,11,19
53485401,164,77,87,6,1,5,13,5,8,105,56,49,40,15,25
53715201,795,395,400,39,16,23,49,22,27,464,239,225,243,118,125
53716101,274,142,132,18,5,13,13,7,6,169,89,80,74,41,33
53717901,550,285,265,43,21,22,30,12,18,325,172,153,152,80,72
53717902,263,142,121,26,16,10,17,7,10,153,83,70,67,36,31
59963801,578,293,285,38,16,22,45,17,28,330,175,155,165,85,80
59962001,42,22,20,4,1,3,5,2,3,23,12,11,10,7,3
59962002,407,204,203,24,10,14,32,16,16,217,112,105,134,66,68
53721701,43,23,20,7,4,3,5,3,2,27,14,13,4,2,2
53721702,389,198,191,27,11,16,18,8,10,227,118,109,117,61,56
53722501,34,21,13,2,2,0,0,0,0,13,9,4,19,10,9
53722502,181,93,88,19,6,13,12,7,5,74,40,34,76,40,36
53722503,22,8,14,4,1,3,1,1,0,11,4,7,6,2,4
53722504,21,12,9,1,0,1,0,0,0,12,7,5,8,5,3
53722505,87,46,41,1,0,1,10,2,8,55,31,24,21,13,8
53723301,536,274,262,24,8,16,20,9,11,343,184,159,149,73,76
53470601,176,85,91,14,7,7,12,3,9,101,50,51,49,25,24
53470602,24,10,14,1,1,0,0,0,0,16,6,10,7,3,4
53725001,331,178,153,12,5,7,49,24,25,170,88,82,100,61,39
59958101,1094,939,155,178,162,16,146,140,6,564,466,98,206,171,35
53726801,146,77,69,5,3,2,16,10,6,66,32,34,59,32,27
53726802,229,115,114,11,5,6,11,4,7,135,66,69,72,40,32
53727601,525,268,257,25,14,11,36,15,21,315,160,155,149,79,70
53729201,57,27,30,8,5,3,7,1,6,12,4,8,30,17,13
53729202,403,188,215,30,14,16,30,7,23,221,110,111,122,57,65
53729203,49,25,24,10,4,6,3,1,2,19,8,11,17,12,5
55148102,28,15,13,5,3,2,4,2,2,6,3,3,13,7,6
55148103,142,69,73,5,0,5,6,2,4,73,34,39,58,33,25
53730601,88,42,46,6,3,3,13,6,7,42,16,26,27,17,10
53731401,853,438,415,51,27,24,70,34,36,474,244,230,258,133,125
52963001,227,119,108,22,7,15,23,11,12,128,70,58,54,31,23
52963002,103,49,54,7,3,4,5,2,3,55,29,26,36,15,21
53733101,169,85,84,7,3,4,18,9,9,97,50,47,47,23,24
53733102,73,34,39,5,1,4,1,1,0,44,20,24,23,12,11
53733103,1403,683,720,97,45,52,80,34,46,857,415,442,369,189,180
53733104,114,58,56,7,2,5,9,6,3,69,33,36,29,17,12
53733105,99,50,49,6,3,3,7,3,4,63,33,30,23,11,12
53734901,90,52,38,6,2,4,10,5,5,34,22,12,40,23,17
53734903,188,90,98,9,4,5,13,6,7,114,53,61,52,27,25
53734905,73,39,34,7,1,6,4,1,3,29,19,10,33,18,15
53735701,1587,762,825,122,45,77,107,47,60,914,444,470,444,226,218
53494301,336,172,164,24,10,14,21,12,9,203,104,99,88,46,42
53737301,325,158,167,13,4,9,21,12,9,179,87,92,112,55,57
53737302,571,277,294,38,13,25,35,13,22,306,147,159,192,104,88
53739001,729,375,354,43,21,22,53,24,29,391,213,178,242,117,125
53740301,427,223,204,29,11,18,32,18,14,243,134,109,123,60,63
53741101,53,28,25,5,3,2,5,3,2,31,15,16,12,7,5
53741102,925,469,456,47,15,32,69,33,36,561,296,265,248,125,123
53741103,121,63,58,6,3,3,12,9,3,77,39,38,26,12,14
53741104,86,45,41,7,3,4,12,6,6,41,23,18,26,13,13
53741105,37,18,19,2,2,0,4,2,2,20,9,11,11,5,6
53741106,77,41,36,2,1,1,10,6,4,43,20,23,22,14,8
53743801,1190,574,616,84,29,55,133,55,78,612,312,300,361,178,183
53744601,860,413,447,43,15,28,52,23,29,558,275,283,207,100,107
53744602,431,216,215,22,8,14,20,10,10,253,126,127,136,72,64
53744603,97,47,50,9,4,5,5,0,5,54,29,25,29,14,15
0895670,0,0,0,0,0,0,0,0,0,0,0,0,0,0,0
0896052,0,0,0,0,0,0,0,0,0,0,0,0,0,0,0
0896300,0,0,0,0,0,0,0,0,0,0,0,0,0,0,0
3252950,0,0,0,0,0,0,0,0,0,0,0,0,0,0,0
53745401,1571,768,803,93,39,54,205,93,112,840,421,419,433,215,218
53745402,25,16,9,3,1,2,1,1,0,16,11,5,5,3,2
53745403,178,96,82,17,8,9,21,12,9,108,64,44,32,12,20
53745406,125,61,64,5,3,2,10,4,6,77,39,38,33,15,18
53745408,230,117,113,17,8,9,24,12,12,126,67,59,63,30,33
53745409,2013,968,1045,165,69,96,232,96,136,1091,553,538,525,250,275
53745410,1244,566,678,92,32,60,115,51,64,701,318,383,336,165,171
53745411,1074,547,527,83,36,47,112,59,53,607,313,294,272,139,133
53745412,1471,710,761,112,47,65,134,55,79,864,429,435,361,179,182
53745413,40,21,19,2,1,1,0,0,0,22,10,12,16,10,6
53745414,1144,582,562,84,42,42,152,74,78,493,250,243,415,216,199
53745415,744,333,411,59,25,34,105,45,60,387,177,210,193,86,107
53746201,402,207,195,36,19,17,37,20,17,198,99,99,131,69,62
53748901,2649,1266,1383,152,58,94,181,85,96,1442,700,742,874,423,451
53748902,59,32,27,1,0,1,4,0,4,26,14,12,28,18,10
53748904,86,46,40,4,2,2,9,5,4,47,24,23,26,15,11
53749701,291,149,142,17,8,9,13,2,11,159,89,70,102,50,52
53750101,335,170,165,28,15,13,26,13,13,187,96,91,94,46,48
53750102,3004,1456,1548,233,102,131,223,101,122,1711,852,859,837,401,436
53750103,292,153,139,24,13,11,12,9,3,157,75,82,99,56,43
53750104,6620,3257,3363,626,296,330,537,259,278,3334,1657,1677,2123,1045,1078
53750105,2462,1267,1195,198,104,94,251,119,132,1214,611,603,799,433,366
53491901,260,131,129,12,3,9,33,15,18,130,62,68,85,51,34
59965401,77,43,34,16,9,7,15,6,9,37,23,14,9,5,4
1083750,0,0,0,0,0,0,0,0,0,0,0,0,0,0,0
3077690,0,0,0,0,0,0,0,0,0,0,0,0,0,0,0
3197830,0,0,0,0,0,0,0,0,0,0,0,0,0,0,0
3335810,0,0,0,0,0,0,0,0,0,0,0,0,0,0,0
53700401,590,291,299,37,16,21,29,13,16,360,178,182,164,84,80
53700402,263,137,126,31,18,13,18,9,9,151,77,74,63,33,30
53700406,1465,698,767,122,57,65,159,73,86,789,375,414,395,193,202
53700407,166,83,83,19,9,10,5,3,2,105,51,54,37,20,17
53700408,1395,651,744,87,35,52,76,31,45,840,399,441,392,186,206
53700409,1798,854,944,144,72,72,169,72,97,998,495,503,487,215,272
53700410,1089,530,559,71,38,33,59,28,31,673,335,338,286,129,157
53700411,1380,689,691,104,48,56,111,46,65,658,314,344,507,281,226
53700412,54,26,28,1,0,1,6,3,3,26,10,16,21,13,8
53700413,1106,536,570,83,42,41,96,40,56,638,321,317,289,133,156
53700414,817,390,427,45,17,28,40,18,22,490,249,241,242,106,136
53700415,1393,667,726,120,60,60,113,47,66,755,379,376,405,181,224
53700418,35,20,15,1,1,0,1,1,0,25,15,10,8,3,5
53700419,60,45,15,2,1,1,14,12,2,25,18,7,19,14,5
53700420,243,121,122,12,3,9,19,8,11,151,80,71,61,30,31
53700421,2943,1352,1591,203,75,128,240,106,134,1651,777,874,849,394,455
53755101,341,186,155,25,13,12,10,4,6,184,102,82,122,67,55
53756001,152,80,72,6,3,3,12,8,4,88,46,42,46,23,23
53756002,39,22,17,4,2,2,12,7,5,16,10,6,7,3,4
53757801,437,222,215,32,13,19,57,27,30,187,100,87,161,82,79
53758601,215,106,109,16,7,9,20,8,12,113,57,56,66,34,32
53758602,167,82,85,17,9,8,19,8,11,88,43,45,43,22,21
53758603,439,215,224,33,14,19,49,26,23,249,116,133,108,59,49
53758604,83,42,41,13,7,6,3,2,1,31,12,19,36,21,15
59966201,149,72,77,5,4,1,25,15,10,75,34,41,44,19,25
59966202,25,14,11,1,1,0,2,1,1,11,5,6,11,7,4
53761601,533,269,264,32,12,20,68,28,40,224,123,101,209,106,103
53762401,515,261,254,31,12,19,36,17,19,288,146,142,160,86,74
53762402,27,15,12,2,1,1,2,2,0,16,8,8,7,4,3
53762403,77,35,42,1,1,0,3,0,3,32,17,15,41,17,24
53763201,755,393,362,51,25,26,48,22,26,465,243,222,191,103,88
53765901,528,251,277,39,17,22,32,12,20,309,154,155,148,68,80
53766701,429,223,206,26,11,15,20,8,12,265,139,126,118,65,53
1235950,0,0,0,0,0,0,0,0,0,0,0,0,0,0,0
1236090,0,0,0,0,0,0,0,0,0,0,0,0,0,0,0
1236170,0,0,0,0,0,0,0,0,0,0,0,0,0,0,0
53768301,639,330,309,56,31,25,49,24,25,328,168,160,206,107,99
53768302,442,213,229,56,22,34,54,21,33,232,125,107,100,45,55
53768303,850,429,421,58,21,37,86,42,44,446,238,208,260,128,132
53768304,347,169,178,24,10,14,34,13,21,183,93,90,106,53,53
53768306,3518,1621,1897,263,111,152,338,138,200,1937,916,1021,980,456,524
53768307,773,328,445,70,22,48,125,44,81,410,184,226,168,78,90
53768308,592,274,318,70,34,36,64,28,36,295,131,164,163,81,82
53768309,1435,727,708,120,54,66,154,69,85,748,391,357,413,213,200
53768311,537,280,257,49,21,28,70,36,34,308,167,141,110,56,54
53768312,57,23,34,4,1,3,6,3,3,24,11,13,23,8,15
53768314,274,181,93,11,6,5,15,8,7,72,43,29,176,124,52
53768315,199,100,99,13,5,8,29,16,13,114,59,55,43,20,23
53768316,2459,1131,1328,207,88,119,278,121,157,1265,615,650,709,307,402
53768317,1596,751,845,159,61,98,174,64,110,755,380,375,508,246,262
53768318,50,24,26,5,2,3,4,2,2,28,12,16,13,8,5
53768319,768,376,392,77,38,39,79,35,44,372,188,184,240,115,125
59959001,201,102,99,9,3,6,20,9,11,109,57,52,63,33,30
53772101,1239,613,626,85,40,45,114,55,59,733,362,371,307,156,151
53775601,25,12,13,0,0,0,4,3,1,19,9,10,2,0,2
53775602,31,12,19,0,0,0,1,0,1,16,6,10,14,6,8
53775603,68,34,34,4,1,3,3,2,1,33,18,15,28,13,15
53775604,46,23,23,3,1,2,0,0,0,27,15,12,16,7,9
53775605,1293,618,675,75,34,41,70,25,45,626,315,311,522,244,278
53775606,147,77,70,20,10,10,11,5,6,75,37,38,41,25,16
53775608,88,45,43,10,5,5,5,3,2,38,19,19,35,18,17
53776401,86,44,42,6,1,5,3,3,0,53,25,28,24,15,9
53776402,3185,1581,1604,195,93,102,216,90,126,1863,926,937,911,472,439
53777201,559,277,282,34,16,18,31,13,18,338,162,176,156,86,70
53475701,223,114,109,11,4,7,20,11,9,136,67,69,56,32,24
53778101,20,6,14,1,0,1,2,0,2,15,5,10,2,1,1
53778102,1210,621,589,55,22,33,75,36,39,535,282,253,545,281,264
53779901,202,98,104,12,6,6,27,11,16,98,48,50,65,33,32
53780201,60,30,30,3,1,2,1,0,1,37,18,19,19,11,8
53780202,329,168,161,21,8,13,25,10,15,167,91,76,116,59,57
53780203,119,64,55,11,4,7,4,2,2,67,36,31,37,22,15
53781101,1088,552,536,60,26,34,80,33,47,591,312,279,357,181,176
53783701,72,34,38,5,2,3,8,4,4,39,17,22,20,11,9
53783702,755,356,399,46,23,23,49,22,27,299,145,154,361,166,195
53488901,196,100,96,18,8,10,9,6,3,107,59,48,62,27,35
53785301,541,268,273,34,19,15,34,10,24,323,162,161,150,77,73
53786101,640,318,322,42,18,24,32,15,17,392,196,196,174,89,85
53789601,1136,597,539,102,65,37,77,49,28,588,295,293,369,188,181
53790002,298,156,142,17,7,10,23,11,12,176,92,84,82,46,36
53608301,198,107,91,20,5,15,20,15,5,82,43,39,76,44,32
53487101,336,165,171,11,4,7,11,7,4,192,94,98,122,60,62
53794201,266,137,129,12,6,6,27,7,20,128,71,57,99,53,46
53794202,54,26,28,7,2,5,5,4,1,29,15,14,13,5,8
53795101,96,44,52,8,5,3,10,3,7,48,21,27,30,15,15
59961101,176,92,84,8,5,3,31,11,20,92,50,42,45,26,19
53797701,543,273,270,28,6,22,22,12,10,327,173,154,166,82,84
53798501,215,109,106,14,8,6,7,4,3,129,65,64,65,32,33
53798502,586,289,297,24,7,17,15,5,10,392,196,196,155,81,74
53799301,391,200,191,22,11,11,25,12,13,224,116,108,120,61,59
53447102,397,216,181,25,13,12,25,10,15,222,120,102,125,73,52
59969701,263,126,137,12,7,5,12,5,7,154,74,80,85,40,45
53486201,312,151,161,8,4,4,41,18,23,191,96,95,72,33,39
50341001,46,25,21,0,0,0,5,2,3,25,17,8,16,6,10
50341002,133,66,67,15,7,8,12,6,6,57,28,29,49,25,24
53804301,1415,686,729,122,54,68,104,57,47,811,395,416,378,180,198
53805101,2259,1131,1128,198,87,111,235,120,115,1214,621,593,612,303,309
53805102,730,388,342,45,21,24,66,36,30,419,226,193,200,105,95
53468401,345,169,176,21,6,15,12,8,4,213,101,112,99,54,45
53808601,553,268,285,36,19,17,37,17,20,342,164,178,138,68,70
53808602,185,85,100,17,5,12,16,6,10,88,46,42,64,28,36
53808603,376,162,214,27,10,17,42,10,32,194,87,107,113,55,58
53809401,138,80,58,26,13,13,13,7,6,62,40,22,37,20,17
53809402,101,60,41,7,2,5,13,8,5,70,42,28,11,8,3
53809403,1805,861,944,126,51,75,120,60,60,1076,519,557,483,231,252
53809404,649,324,325,49,21,28,73,36,37,284,149,135,243,118,125
53809405,1032,524,508,89,39,50,72,32,40,518,268,250,353,185,168
53809406,3058,1499,1559,278,124,154,257,122,135,1687,854,833,836,399,437
53809408,272,146,126,27,14,13,27,12,15,143,77,66,75,43,32
53809409,3527,1657,1870,296,135,161,307,121,186,1962,958,1004,962,443,519
53809410,372,176,196,36,14,22,20,10,10,202,100,102,114,52,62
53809411,1075,539,536,87,34,53,46,21,25,680,351,329,262,133,129
53809413,1062,600,462,85,37,48,100,53,47,413,231,182,464,279,185
53809414,39,18,21,1,1,0,0,0,0,26,10,16,12,7,5
53809415,302,149,153,26,13,13,19,7,12,202,101,101,55,28,27
53809416,619,295,324,56,20,36,88,38,50,293,153,140,182,84,98
53809418,1775,849,926,137,52,85,158,65,93,1014,510,504,466,222,244
53809419,870,423,447,59,34,25,84,37,47,463,217,246,264,135,129
53809420,30,23,7,3,3,0,5,3,2,12,11,1,10,6,4
53809421,159,82,77,16,10,6,28,14,14,61,34,27,54,24,30
53809422,615,306,309,54,23,31,67,31,36,312,165,147,182,87,95
53809423,1008,474,534,74,30,44,108,39,69,566,284,282,260,121,139
53809424,521,254,267,49,16,33,46,23,23,285,149,136,141,66,75
53810801,102,49,53,11,5,6,10,4,6,49,24,25,32,16,16
53810802,397,204,193,24,12,12,8,5,3,239,126,113,126,61,65
53810803,242,120,122,16,6,10,11,3,8,154,85,69,61,26,35
56486901,692,354,338,71,35,36,49,30,19,382,186,196,190,103,87
0192670,0,0,0,0,0,0,0,0,0,0,0,0,0,0,0
0192750,0,0,0,0,0,0,0,0,0,0,0,0,0,0,0
53813201,718,356,362,51,24,27,58,23,35,420,214,206,189,95,94
53813203,180,96,84,16,8,8,23,12,11,82,45,37,59,31,28
53813204,98,52,46,7,2,5,6,5,1,57,32,25,28,13,15
53813206,367,174,193,21,10,11,19,8,11,244,115,129,83,41,42
53813207,2311,1152,1159,164,76,88,221,104,117,1386,688,698,540,284,256
53813208,655,326,329,36,15,21,38,16,22,397,205,192,184,90,94
53813209,934,448,486,85,42,43,100,53,47,521,254,267,228,99,129
53813210,2502,1231,1271,183,81,102,168,76,92,1450,706,744,701,368,333
53813211,52,22,30,7,3,4,10,3,7,29,13,16,6,3,3
53813212,801,395,406,58,26,32,93,46,47,454,229,225,196,94,102
53813213,2716,1287,1429,192,78,114,203,84,119,1516,719,797,805,406,399
53813214,63,27,36,6,3,3,7,4,3,15,7,8,35,13,22
53813215,867,421,446,58,16,42,64,27,37,487,251,236,258,127,131
53325402,48,26,22,5,2,3,2,1,1,29,16,13,12,7,5
53325404,332,170,162,15,5,10,16,9,7,204,103,101,97,53,44
53814101,20,11,9,4,2,2,1,0,1,11,6,5,4,3,1
53814102,722,359,363,74,35,39,75,34,41,393,202,191,180,88,92
56500801,328,163,165,14,5,9,18,5,13,178,95,83,118,58,60
53816701,1235,615,620,145,56,89,113,57,56,623,318,305,354,184,170
56488501,543,275,268,35,14,21,22,11,11,315,162,153,171,88,83
53819101,874,414,460,54,23,31,59,26,33,463,235,228,298,130,168
53478101,235,123,112,22,11,11,20,11,9,123,63,60,70,38,32
53478102,803,423,380,55,31,24,65,31,34,434,227,207,249,134,115
56491501,1106,538,568,101,40,61,132,70,62,599,298,301,274,130,144
56598901,434,227,207,21,9,12,23,11,12,280,144,136,110,63,47
53822101,1122,566,556,101,47,54,86,46,40,618,313,305,317,160,157
53822102,563,286,277,44,16,28,45,21,24,329,172,157,145,77,68
53823001,2687,1362,1325,221,94,127,222,114,108,1490,760,730,754,394,360
53824801,632,317,315,56,22,34,53,26,27,275,148,127,248,121,127
53824802,97,43,54,5,2,3,12,5,7,48,23,25,32,13,19
53824803,184,94,90,10,2,8,12,7,5,101,52,49,61,33,28
53825601,226,119,107,15,9,6,21,10,11,128,66,62,62,34,28
53825602,1375,689,686,157,71,86,138,66,72,739,383,356,341,169,172
53826401,129,69,60,12,6,6,23,12,11,58,33,25,36,18,18
53826402,552,239,313,61,18,43,76,26,50,255,113,142,160,82,78
53826403,880,418,462,74,32,42,105,39,66,459,229,230,242,118,124
53337801,76,40,36,5,3,2,9,7,2,46,24,22,16,6,10
53337802,749,374,375,76,29,47,60,31,29,396,201,195,217,113,104
53827201,1532,749,783,94,37,57,122,50,72,898,450,448,418,212,206
53827202,72,47,25,26,16,10,12,9,3,23,17,6,11,5,6
53827203,407,210,197,27,9,18,33,18,15,249,137,112,98,46,52
53827204,1186,604,582,106,41,65,123,69,54,629,326,303,328,168,160
53828101,110,64,46,11,6,5,11,5,6,47,31,16,41,22,19
53828103,107,51,56,17,7,10,11,6,5,51,22,29,28,16,12
53828104,21,13,8,0,0,0,1,1,0,9,6,3,11,6,5
53828105,127,74,53,5,2,3,7,3,4,74,47,27,41,22,19
53829901,98,44,54,4,1,3,14,8,6,49,19,30,31,16,15
53829902,128,56,72,18,6,12,7,5,2,64,26,38,39,19,20
53829903,1053,515,538,96,51,45,98,49,49,631,299,332,228,116,112
53829904,45,18,27,5,2,3,1,0,1,26,10,16,13,6,7
53829905,581,308,273,39,14,25,42,22,20,318,175,143,182,97,85
53829906,251,129,122,13,7,6,14,8,6,156,83,73,68,31,37
53829907,668,330,338,58,28,30,50,24,26,392,199,193,168,79,89
53829908,31,13,18,0,0,0,2,0,2,17,8,9,12,5,7
53829909,695,339,356,66,27,39,50,26,24,349,162,187,230,124,106
53829911,144,70,74,23,6,17,7,4,3,86,47,39,28,13,15
53829912,368,187,181,30,12,18,32,16,16,192,105,87,114,54,60
53829913,89,42,47,6,3,3,4,1,3,51,26,25,28,12,16
53829914,665,320,345,65,28,37,29,14,15,386,200,186,185,78,107
53829915,182,92,90,9,4,5,8,4,4,109,62,47,56,22,34
56497401,853,428,425,47,11,36,46,24,22,503,254,249,257,139,118
53831101,63,28,35,2,2,0,16,1,15,13,3,10,32,22,10
53831102,211,108,103,16,8,8,5,3,2,138,69,69,52,28,24
53831103,3483,1766,1717,299,148,151,329,159,170,1894,954,940,961,505,456
3246210,0,0,0,0,0,0,0,0,0,0,0,0,0,0,0
53832901,563,302,261,37,16,21,48,21,27,278,143,135,200,122,78
51362801,284,146,138,20,8,12,18,7,11,155,81,74,91,50,41
53155301,325,172,153,20,8,12,28,13,15,190,97,93,87,54,33
56476101,274,149,125,13,4,9,22,12,10,127,73,54,112,60,52
53341602,3614,1794,1820,242,105,137,266,117,149,2039,1033,1006,1067,539,528
53341603,220,115,105,29,13,16,21,10,11,110,56,54,60,36,24
53837001,792,395,397,60,24,36,65,34,31,429,211,218,238,126,112
53613001,501,242,259,28,12,16,29,14,15,277,137,140,167,79,88
53343201,857,438,419,58,28,30,58,28,30,499,259,240,242,123,119
53343202,56,26,30,15,8,7,4,1,3,20,7,13,17,10,7
53343203,43,24,19,8,0,8,2,2,0,24,16,8,9,6,3
53496001,306,151,155,28,15,13,18,6,12,155,76,79,105,54,51
56499101,215,104,111,17,9,8,12,4,8,133,70,63,53,21,32
56499102,73,28,45,9,2,7,3,1,2,48,18,30,13,7,6
56499103,363,185,178,19,10,9,13,8,5,219,103,116,112,64,48
56499104,436,208,228,45,20,25,37,15,22,237,116,121,117,57,60
53841801,75,34,41,11,6,5,5,4,1,34,14,20,25,10,15
53841802,200,96,104,27,11,16,30,12,18,79,42,37,64,31,33
0772242,0,0,0,0,0,0,0,0,0,0,0,0,0,0,0
3247440,0,0,0,0,0,0,0,0,0,0,0,0,0,0,0
53842601,126,60,66,8,4,4,8,5,3,78,36,42,32,15,17
53842602,56,27,29,2,2,0,7,3,4,24,10,14,23,12,11
53842603,901,459,442,76,40,36,51,23,28,516,266,250,258,130,128
53842605,660,322,338,45,19,26,32,14,18,402,201,201,181,88,93
53842606,85,47,38,18,9,9,5,3,2,38,19,19,24,16,8
56498201,595,298,297,63,25,38,63,36,27,331,168,163,138,69,69
56498202,1610,784,826,149,52,97,167,85,82,897,453,444,397,194,203
53891401,1460,745,715,115,46,69,121,58,63,765,398,367,459,243,216
53498601,494,251,243,47,20,27,36,14,22,291,154,137,120,63,57
53844201,3214,1584,1630,251,108,143,286,143,143,1796,884,912,881,449,432
53845101,495,255,240,19,8,11,48,28,20,305,152,153,123,67,56
53845102,747,362,385,48,22,26,53,22,31,425,204,221,221,114,107
53846901,388,191,197,23,14,9,23,13,10,218,104,114,124,60,64
53847701,1242,598,644,116,55,61,93,41,52,715,345,370,318,157,161
53847702,905,453,452,63,28,35,62,26,36,435,226,209,345,173,172
53848501,113,54,59,5,2,3,4,1,3,71,36,35,33,15,18
53848502,1352,684,668,117,56,61,139,69,70,666,354,312,430,205,225
0975432,0,0,0,0,0,0,0,0,0,0,0,0,0,0,0
53849301,673,322,351,71,31,40,63,30,33,363,176,187,176,85,91
53849302,3175,1548,1627,301,120,181,284,135,149,1514,782,732,1076,511,565
53849303,308,152,156,23,13,10,22,12,10,158,79,79,105,48,57
59826701,39,23,16,3,3,0,7,2,5,16,10,6,13,8,5
59826702,506,286,220,52,29,23,46,29,17,254,139,115,154,89,65
53850701,1297,655,642,110,55,55,157,64,93,648,337,311,382,199,183
53851501,1464,745,719,122,54,68,104,60,44,816,406,410,422,225,197
53852301,1111,561,550,108,48,60,117,51,66,554,285,269,332,177,155
53852302,386,194,192,47,20,27,31,14,17,177,96,81,131,64,67
53852303,39,20,19,5,2,3,0,0,0,14,7,7,20,11,9
53852304,1006,502,504,73,35,38,87,46,41,558,280,278,288,141,147
53852305,362,170,192,15,5,10,46,20,26,204,99,105,97,46,51
53854001,40,19,21,0,0,0,4,3,1,19,8,11,17,8,9
53854002,3877,1950,1927,319,149,170,338,159,179,2084,1047,1037,1136,595,541
53855801,1517,732,785,126,58,68,99,37,62,922,453,469,370,184,186
53856601,546,262,284,39,15,24,32,13,19,345,168,177,130,66,64
53354801,360,178,182,25,12,13,16,11,5,215,109,106,104,46,58
3246980,0,0,0,0,0,0,0,0,0,0,0,0,0,0,0
56490701,1134,568,566,104,55,49,132,66,66,617,310,307,281,137,144
56490702,928,475,453,102,51,51,94,41,53,463,239,224,269,144,125
53857402,956,462,494,63,35,28,45,18,27,575,278,297,273,131,142
53857403,89,45,44,8,3,5,0,0,0,51,27,24,30,15,15
53857404,5134,2519,2615,444,216,228,426,204,222,2970,1452,1518,1294,647,647
53857405,70,41,29,8,4,4,2,0,2,28,18,10,32,19,13
53356401,166,83,83,8,3,5,18,12,6,91,47,44,49,21,28
53356402,135,64,71,15,5,10,3,2,1,90,41,49,27,16,11
53356403,58,32,26,0,0,0,1,0,1,51,29,22,6,3,3
53356404,178,94,84,6,3,3,5,2,3,123,70,53,44,19,25
53356405,435,215,220,27,14,13,54,20,34,215,106,109,139,75,64
53858202,1201,606,595,81,35,46,145,74,71,617,323,294,358,174,184
53858203,37,18,19,1,1,0,1,0,1,24,11,13,11,6,5
53858204,229,114,115,20,7,13,7,4,3,132,68,64,70,35,35
53858205,360,181,179,33,14,19,39,22,17,190,91,99,98,54,44
57167901,101,51,50,10,3,7,11,6,5,56,30,26,24,12,12
53860401,673,350,323,50,22,28,57,34,23,369,193,176,197,101,96
52965601,269,137,132,32,18,14,33,16,17,108,54,54,96,49,47
53861201,518,260,258,38,18,20,43,18,25,288,147,141,149,77,72
53861202,77,35,42,4,1,3,0,0,0,37,21,16,36,13,23
53862101,120,59,61,7,3,4,10,3,7,68,34,34,35,19,16
53862102,511,247,264,35,17,18,55,21,34,288,139,149,133,70,63
53863901,472,245,227,39,20,19,33,16,17,267,132,135,133,77,56
0277072,0,0,0,0,0,0,0,0,0,0,0,0,0,0,0
59922101,226,107,119,22,13,9,22,11,11,125,54,71,57,29,28
59922103,166,75,91,12,2,10,36,16,20,80,39,41,38,18,20
59922104,113,60,53,11,4,7,19,10,9,54,28,26,29,18,11
56478801,94,52,42,3,2,1,11,7,4,45,22,23,35,21,14
53865501,1292,627,665,96,48,48,84,44,40,793,384,409,319,151,168
53867101,2247,1134,1113,199,86,113,190,93,97,1312,675,637,546,280,266
53869801,91,46,45,9,4,5,5,2,3,61,34,27,16,6,10
53869803,116,57,59,9,4,5,11,6,5,58,28,30,38,19,19
53869804,299,151,148,28,13,15,31,16,15,172,91,81,68,31,37
53869805,67,27,40,9,2,7,4,2,2,25,13,12,29,10,19
3247280,0,0,0,0,0,0,0,0,0,0,0,0,0,0,0
53870101,1166,604,562,116,52,64,113,57,56,577,302,275,360,193,167
53872801,185,96,89,13,6,7,12,8,4,125,64,61,35,18,17
53872802,437,208,229,45,21,24,42,23,19,246,117,129,104,47,57
53872803,410,206,204,44,20,24,27,13,14,223,116,107,116,57,59
53872804,190,104,86,19,7,12,16,11,5,93,48,45,62,38,24
53872805,218,111,107,19,8,11,24,12,12,121,64,57,54,27,27
53872806,472,222,250,40,15,25,59,26,33,235,116,119,138,65,73
53872807,2060,1018,1042,210,95,115,227,120,107,1030,499,531,593,304,289
53872808,413,179,234,21,10,11,21,10,11,145,75,70,226,84,142
53872810,163,82,81,6,5,1,22,8,14,74,36,38,61,33,28
53872811,322,142,180,39,16,23,38,18,20,158,72,86,87,36,51
53872812,843,428,415,61,32,29,76,38,38,483,244,239,223,114,109
53872813,64,30,34,7,2,5,5,3,2,25,12,13,27,13,14
53872814,3122,1567,1555,266,130,136,314,146,168,1508,765,743,1034,526,508
53872815,425,197,228,47,20,27,25,12,13,224,106,118,129,59,70
53872816,903,400,503,79,26,53,86,28,58,445,207,238,293,139,154
53872818,197,104,93,21,10,11,29,14,15,93,51,42,54,29,25
53872819,20,9,11,7,2,5,4,2,2,8,4,4,1,1,0
53872820,2210,1078,1132,226,99,127,236,109,127,1095,551,544,653,319,334
53872821,25,13,12,3,1,2,0,0,0,12,9,3,10,3,7
53872822,1644,778,866,152,66,86,192,84,108,832,395,437,468,233,235
53872823,2121,993,1128,205,83,122,235,101,134,1072,532,540,609,277,332
59828301,482,255,227,32,17,15,42,23,19,285,143,142,123,72,51
53875201,1309,655,654,107,49,58,128,64,64,715,357,358,359,185,174
53876101,577,292,285,61,34,27,36,17,19,280,127,153,200,114,86
53876102,273,152,121,27,14,13,23,13,10,158,86,72,65,39,26
53876103,230,108,122,8,2,6,10,4,6,111,54,57,101,48,53
53877901,724,357,367,43,19,24,47,14,33,434,218,216,200,106,94
53878701,180,91,89,13,6,7,33,17,16,100,51,49,34,17,17
53878702,63,33,30,7,3,4,8,3,5,23,13,10,25,14,11
53878703,561,270,291,31,12,19,40,14,26,259,127,132,231,117,114
53880901,83,42,41,6,2,4,3,2,1,40,21,19,34,17,17
53880902,114,52,62,4,2,2,8,2,6,77,34,43,25,14,11
53880903,25,9,16,1,1,0,7,2,5,5,3,2,12,3,9
53880904,96,50,46,5,2,3,17,8,9,40,23,17,34,17,17
53880905,138,69,69,14,6,8,24,13,11,70,33,37,30,17,13
53880907,209,111,98,17,9,8,23,12,11,94,49,45,75,41,34
53880908,2053,1009,1044,178,81,97,153,67,86,1119,565,554,603,296,307
53882501,1003,506,497,78,36,42,49,23,26,576,293,283,300,154,146
53371801,76,41,35,5,3,2,2,1,1,46,26,20,23,11,12
53371802,168,80,88,12,4,8,6,2,4,98,50,48,52,24,28
53371803,47,25,22,4,2,2,0,0,0,27,14,13,16,9,7
53371804,238,118,120,20,12,8,35,16,19,93,42,51,90,48,42
53371805,29,14,15,0,0,0,0,0,0,8,5,3,21,9,12
53371807,844,434,410,53,35,18,51,25,26,468,241,227,272,133,139
53371808,87,44,43,9,4,5,12,6,6,47,25,22,19,9,10
53371809,36,18,18,1,0,1,0,0,0,21,10,11,14,8,6
57195401,518,254,264,53,24,29,24,10,14,272,134,138,169,86,83
53883301,313,149,164,20,10,10,8,3,5,200,91,109,85,45,40
53883302,305,139,166,10,6,4,20,11,9,198,90,108,77,32,45
53883303,959,475,484,70,29,41,78,46,32,570,281,289,241,119,122
53883304,564,287,277,41,21,20,50,28,22,334,169,165,139,69,70
53883305,331,171,160,16,8,8,32,16,16,198,103,95,85,44,41
59830501,574,307,267,44,30,14,42,20,22,336,178,158,152,79,73
53884101,1343,658,685,100,48,52,129,59,70,764,378,386,350,173,177
53885001,1300,644,656,92,32,60,82,40,42,787,403,384,339,169,170
53887601,4401,2169,2232,370,159,211,466,234,232,2426,1214,1212,1139,562,577
53888401,1858,885,973,139,68,71,144,76,68,946,466,480,629,275,354
53888402,309,151,158,21,6,15,16,6,10,160,83,77,112,56,56
57164401,257,129,128,27,11,16,9,5,4,113,57,56,108,56,52
53889201,77,35,42,9,5,4,10,4,6,43,19,24,15,7,8
53889202,36,16,20,4,2,2,1,0,1,20,11,9,11,3,8
53889203,846,424,422,93,37,56,57,33,24,448,238,210,248,116,132
53889204,161,72,89,26,9,17,11,4,7,80,42,38,44,17,27
53889205,42,18,24,1,0,1,1,0,1,34,15,19,6,3,3
59971901,259,122,137,24,9,15,25,11,14,161,79,82,49,23,26
59971902,417,205,212,44,22,22,34,19,15,235,107,128,104,57,47
3078820,0,0,0,0,0,0,0,0,0,0,0,0,0,0,0
3078910,0,0,0,0,0,0,0,0,0,0,0,0,0,0,0
53895701,341,172,169,25,11,14,56,31,25,156,74,82,104,56,48
53895702,1534,755,779,128,59,69,116,50,66,870,433,437,420,213,207
53895703,1538,756,782,156,68,88,200,86,114,828,419,409,354,183,171
53895704,22,13,9,3,1,2,2,0,2,11,9,2,6,3,3
53895705,1652,836,816,122,55,67,124,62,62,928,471,457,478,248,230
53895706,489,254,235,50,23,27,46,25,21,285,148,137,108,58,50
53895707,1590,764,826,118,48,70,144,68,76,885,441,444,443,207,236
53896501,555,272,283,53,22,31,26,12,14,348,168,180,128,70,58
53896502,1317,662,655,108,53,55,84,45,39,728,366,362,397,198,199
53897301,390,191,199,32,15,17,44,28,16,217,100,117,97,48,49
1793022,0,0,0,0,0,0,0,0,0,0,0,0,0,0,0
53898101,574,284,290,73,26,47,46,23,23,315,166,149,140,69,71
53898102,73,41,32,13,6,7,6,5,1,33,17,16,21,13,8
53898103,20,12,8,6,2,4,4,2,2,5,4,1,5,4,1
53898104,202,97,105,21,11,10,9,5,4,110,49,61,62,32,30
53898105,35,16,19,4,0,4,1,0,1,22,12,10,8,4,4
53898106,157,87,70,10,2,8,4,2,2,98,57,41,45,26,19
53898107,2086,1080,1006,172,84,88,151,73,78,1123,577,546,640,346,294
53898108,28,13,15,2,1,1,7,4,3,10,5,5,9,3,6
53898109,21,9,12,2,0,2,2,1,1,9,4,5,8,4,4
53899001,645,308,337,52,25,27,51,25,26,347,163,184,195,95,100
53387401,78,45,33,5,3,2,3,1,2,43,25,18,27,16,11
53387403,120,62,58,5,3,2,6,3,3,80,42,38,29,14,15
53387404,36,24,12,2,1,1,1,1,0,24,15,9,9,7,2
53901501,407,190,217,39,24,15,42,17,25,200,89,111,126,60,66
53901502,382,199,183,50,21,29,24,11,13,187,103,84,121,64,57
53903101,64,29,35,4,1,3,5,2,3,40,20,20,15,6,9
53903102,227,117,110,27,15,12,21,10,11,93,48,45,86,44,42
53903104,721,350,371,66,34,32,44,17,27,410,197,213,201,102,99
53904001,98,48,50,7,0,7,6,2,4,58,30,28,27,16,11
53904002,51,22,29,3,1,2,0,0,0,31,14,17,17,7,10
53904003,507,259,248,36,15,21,35,17,18,301,148,153,135,79,56
56479601,192,100,92,11,5,6,7,4,3,105,51,54,69,40,29
53390401,102,48,54,2,1,1,3,1,2,74,36,38,23,10,13
53390402,695,335,360,84,39,45,42,15,27,364,185,179,205,96,109
50578101,614,308,306,47,21,26,49,20,29,297,141,156,221,126,95
50578102,127,68,59,20,9,11,4,1,3,66,36,30,37,22,15
50578103,136,69,67,4,0,4,8,5,3,77,42,35,47,22,25
53536201,279,137,142,23,14,9,14,8,6,179,86,93,63,29,34
53536202,808,404,404,61,23,38,30,13,17,477,246,231,240,122,118
53905801,301,151,150,15,7,8,28,13,15,195,95,100,63,36,27
53905802,704,361,343,44,24,20,39,25,14,403,202,201,218,110,108
53905803,121,62,59,13,2,11,9,4,5,72,40,32,27,16,11
53905804,1132,556,576,112,56,56,115,48,67,618,308,310,287,144,143
53905805,594,293,301,60,24,36,57,25,32,324,158,166,153,86,67
53905806,271,139,132,11,4,7,9,4,5,188,101,87,63,30,33
53905807,707,372,335,57,27,30,56,29,27,361,184,177,233,132,101
53905808,552,297,255,51,25,26,37,23,14,283,136,147,181,113,68
53906601,39,19,20,6,5,1,1,0,1,19,8,11,13,6,7
53906602,3128,1572,1556,279,136,143,279,142,137,1704,834,870,866,460,406
51364401,469,226,243,39,17,22,49,23,26,261,130,131,120,56,64
53908201,1202,607,595,125,66,59,128,64,64,603,302,301,346,175,171
53909101,559,279,280,46,24,22,37,17,20,321,161,160,155,77,78
53909102,41,18,23,4,2,2,2,1,1,27,12,15,8,3,5
53910401,43,20,23,5,2,3,3,2,1,29,15,14,6,1,5
53910402,66,39,27,3,1,2,5,2,3,38,25,13,20,11,9
53910403,210,116,94,23,12,11,14,8,6,99,55,44,74,41,33
53910404,134,72,62,16,5,11,10,5,5,77,46,31,31,16,15
53910405,70,38,32,6,3,3,5,3,2,39,21,18,20,11,9
57119901,193,88,105,13,8,5,26,8,18,87,38,49,67,34,33
57119902,24,10,14,2,2,0,0,0,0,18,6,12,4,2,2
59973501,333,176,157,29,16,13,17,9,8,185,95,90,102,56,46
59973502,394,197,197,21,13,8,21,7,14,252,126,126,100,51,49
59973503,709,350,359,49,18,31,48,20,28,418,210,208,194,102,92
59973504,37,17,20,3,1,2,8,3,5,23,11,12,3,2,1
54004801,21,8,13,5,2,3,1,1,0,15,5,10,0,0,0
54004802,326,177,149,32,16,16,23,11,12,178,101,77,93,49,44
53912101,561,295,266,52,24,28,56,30,26,272,139,133,181,102,79
53913901,1776,888,888,182,81,101,245,119,126,821,418,403,528,270,258
53913902,2104,983,1121,199,90,109,233,108,125,1111,540,571,561,245,316
53913903,3827,1925,1902,358,174,184,486,232,254,1897,983,914,1086,536,550
53221501,1443,719,724,102,44,58,103,48,55,839,428,411,399,199,200
53221502,90,44,46,9,4,5,4,2,2,48,23,25,29,15,14
53914701,120,65,55,5,2,3,17,6,11,54,30,24,44,27,17
53914702,196,102,94,15,8,7,13,4,9,111,59,52,57,31,26
53915501,346,174,172,34,15,19,21,11,10,203,104,99,88,44,44
53915502,819,396,423,81,35,46,65,24,41,457,229,228,216,108,108
53916301,944,475,469,88,48,40,68,23,45,529,265,264,259,139,120
53916302,186,96,90,14,8,6,9,4,5,114,59,55,49,25,24
53916303,304,163,141,32,12,20,34,13,21,156,92,64,82,46,36
53916305,440,221,219,29,12,17,28,12,16,261,137,124,122,60,62
53917101,613,304,309,45,20,25,69,35,34,333,169,164,166,80,86
53918001,459,258,201,38,19,19,31,15,16,225,118,107,165,106,59
53919801,1115,564,551,105,52,53,125,61,64,569,299,270,316,152,164
53919802,2554,1258,1296,225,80,145,283,121,162,1350,700,650,696,357,339
53921001,3598,1813,1785,276,125,151,290,136,154,2071,1052,1019,961,500,461
53921002,699,349,350,66,30,36,60,27,33,382,204,178,191,88,103
53921003,291,137,154,22,7,15,21,10,11,154,77,77,94,43,51
53921004,88,48,40,11,6,5,8,5,3,54,28,26,15,9,6
53114601,1454,738,716,107,46,61,126,61,65,801,415,386,420,216,204
53922801,797,381,416,50,22,28,33,17,16,491,235,256,223,107,116
53922802,194,94,100,10,7,3,5,1,4,118,54,64,61,32,29
53922803,1340,649,691,130,57,73,127,64,63,728,347,381,355,181,174
53923601,62,28,34,4,2,2,0,0,0,44,17,27,14,9,5
53923602,5089,2501,2588,497,245,252,532,245,287,2633,1304,1329,1427,707,720
0458372,0,0,0,0,0,0,0,0,0,0,0,0,0,0,0
53924401,132,68,64,17,6,11,22,10,12,61,37,24,32,15,17
53924402,5102,2495,2607,473,197,276,560,283,277,2637,1287,1350,1432,728,704
53924403,4523,2162,2361,441,194,247,403,197,206,2448,1176,1272,1231,595,636
53924405,30,18,12,3,2,1,6,3,3,8,4,4,13,9,4
53925201,371,185,186,33,15,18,44,21,23,203,100,103,91,49,42
53925202,1387,691,696,111,48,63,85,39,46,859,429,430,332,175,157
53925203,443,224,219,43,23,20,38,16,22,255,136,119,107,49,58
53925204,280,134,146,27,10,17,35,16,19,139,73,66,79,35,44
53926101,615,310,305,63,26,37,60,32,28,328,168,160,164,84,80
53928701,351,171,180,40,16,24,31,14,17,192,91,101,88,50,38
53928702,20,10,10,0,0,0,0,0,0,13,5,8,7,5,2
53929501,1053,506,547,97,49,48,79,34,45,531,258,273,346,165,181
53930901,306,156,150,30,16,14,28,13,15,154,78,76,94,49,45
53930902,4375,2156,2219,404,167,237,355,172,183,2467,1231,1236,1149,586,563
51343101,468,237,231,28,9,19,46,22,24,250,136,114,144,70,74
53931702,1350,679,671,96,39,57,99,48,51,735,376,359,420,216,204
53932501,926,452,474,72,29,43,63,33,30,503,255,248,288,135,153
53932502,266,136,130,23,14,9,30,12,18,141,70,71,72,40,32
53932503,5846,2840,3006,480,219,261,525,244,281,3093,1535,1558,1748,842,906
53932504,349,177,172,12,7,5,34,14,20,170,89,81,133,67,66
53932505,345,174,171,32,16,16,54,23,31,143,75,68,116,60,56
53932506,959,468,491,92,42,50,83,39,44,475,234,241,309,153,156
53932507,80,41,39,6,2,4,2,1,1,52,25,27,20,13,7
53932508,58,28,30,2,1,1,4,1,3,35,17,18,17,9,8
53932509,129,67,62,18,8,10,12,7,5,83,43,40,16,9,7
53932510,81,45,36,7,1,6,2,2,0,39,26,13,33,16,17
53932512,232,111,121,12,2,10,23,10,13,144,73,71,53,26,27
53932513,1374,672,702,144,60,84,114,50,64,745,368,377,371,194,177
53933301,215,103,112,13,4,9,15,7,8,138,72,66,49,20,29
53933302,142,73,69,11,5,6,14,7,7,71,36,35,46,25,21
53933303,3079,1512,1567,267,107,160,273,130,143,1630,800,830,909,475,434
53933304,274,135,139,26,11,15,29,13,16,130,65,65,89,46,43
53933305,766,381,385,62,29,33,38,21,17,470,236,234,196,95,101
53933307,304,147,157,38,15,23,16,7,9,176,90,86,74,35,39
53933308,43,21,22,1,1,0,3,0,3,27,15,12,12,5,7
53933309,202,111,91,14,11,3,9,6,3,127,67,60,52,27,25
53933310,24,14,10,1,1,0,2,2,0,16,9,7,5,2,3
53934101,742,381,361,73,26,47,79,39,40,370,190,180,220,126,94
53935001,2245,1067,1178,176,70,106,192,89,103,1264,620,644,613,288,325
53936801,104,56,48,12,9,3,12,4,8,54,29,25,26,14,12
53936802,226,115,111,13,5,8,12,2,10,134,72,62,67,36,31
53936803,835,427,408,63,32,31,41,16,25,473,241,232,258,138,120
53936804,393,207,186,27,16,11,23,8,15,245,129,116,98,54,44
59972701,518,249,269,44,16,28,41,21,20,266,130,136,167,82,85
57121101,848,426,422,63,25,38,69,29,40,474,249,225,242,123,119
53938401,651,325,326,64,28,36,71,35,36,335,172,163,181,90,91
53939201,913,444,469,71,28,43,60,28,32,532,261,271,250,127,123
57126101,49,24,25,8,4,4,1,0,1,26,12,14,14,8,6
57126102,623,278,345,74,37,37,76,33,43,323,145,178,150,63,87
53940601,1527,737,790,152,67,85,127,60,67,811,399,412,437,211,226
53940602,103,49,54,18,10,8,11,4,7,52,24,28,22,11,11
53941401,1193,592,601,86,37,49,97,47,50,724,377,347,286,131,155
53941402,920,441,479,70,27,43,88,45,43,513,258,255,249,111,138
53941403,1413,732,681,101,46,55,105,50,55,824,433,391,383,203,180
53942201,683,349,334,69,32,37,45,18,27,404,207,197,165,92,73
53942202,142,78,64,14,5,9,2,2,0,82,46,36,44,25,19
53942203,35,18,17,1,0,1,1,1,0,25,13,12,8,4,4
53942204,733,368,365,77,38,39,52,23,29,380,188,192,224,119,105
57132601,98,51,47,6,0,6,4,3,1,60,30,30,28,18,10
57132602,343,178,165,13,5,8,40,16,24,183,98,85,107,59,48
53945701,489,240,249,45,13,32,31,10,21,273,142,131,140,75,65
53945702,201,101,100,16,6,10,19,12,7,103,51,52,63,32,31
53945703,163,87,76,14,7,7,11,9,2,108,54,54,30,17,13
53949001,888,428,460,101,47,54,76,37,39,474,236,238,237,108,129
54076502,5067,2445,2622,386,166,220,541,228,313,2690,1327,1363,1450,724,726
54076503,391,194,197,24,10,14,45,23,22,201,107,94,121,54,67
54076504,561,279,282,50,20,30,58,22,36,296,162,134,157,75,82
54076505,332,163,169,34,16,18,33,12,21,171,91,80,94,44,50
53161801,514,264,250,40,18,22,51,24,27,278,148,130,145,74,71
53161803,1293,639,654,103,44,59,168,75,93,634,323,311,388,197,191
53161804,74,35,39,6,2,4,4,2,2,40,20,20,24,11,13
53161805,552,280,272,62,32,30,61,33,28,275,140,135,154,75,79
53950301,867,444,423,76,40,36,56,22,34,491,262,229,244,120,124
53950302,705,368,337,84,33,51,47,24,23,375,206,169,199,105,94
57133401,52,26,26,1,0,1,2,1,1,27,15,12,22,10,12
57133402,56,29,27,12,5,7,1,1,0,22,13,9,21,10,11
53951101,561,292,269,42,21,21,25,12,13,342,178,164,152,81,71
53951102,102,58,44,6,2,4,7,4,3,63,34,29,26,18,8
53951103,168,89,79,18,7,11,12,6,6,94,53,41,44,23,21
53952001,1017,515,502,93,44,49,93,42,51,502,261,241,329,168,161
53954601,79,43,36,8,3,5,8,4,4,43,27,16,20,9,11
53954602,199,110,89,16,7,9,14,9,5,122,67,55,47,27,20
53954603,37,21,16,5,3,2,1,1,0,10,4,6,21,13,8
53954604,457,244,213,38,15,23,28,11,17,289,157,132,102,61,41
53954605,104,54,50,12,5,7,9,4,5,44,24,20,39,21,18
53956201,182,92,90,15,6,9,7,3,4,98,49,49,62,34,28
53956202,130,64,66,14,8,6,18,9,9,73,36,37,25,11,14
53956203,111,58,53,8,4,4,8,3,5,58,32,26,37,19,18
53957101,66,33,33,4,3,1,4,2,2,44,20,24,14,8,6
53957103,573,278,295,60,29,31,78,32,46,281,139,142,154,78,76
53957104,187,97,90,17,7,10,23,10,13,94,50,44,53,30,23
53957105,2097,1019,1078,238,95,143,292,140,152,941,477,464,626,307,319
53959701,276,141,135,15,5,10,24,12,12,159,86,73,78,38,40
53959702,2016,973,1043,145,60,85,161,74,87,1167,575,592,543,264,279
53959703,504,248,256,41,18,23,30,13,17,270,130,140,163,87,76
53959704,1368,687,681,103,43,60,102,54,48,719,350,369,444,240,204
53959706,125,69,56,21,9,12,13,5,8,56,34,22,35,21,14
53278901,950,463,487,74,33,41,81,33,48,517,256,261,278,141,137
53278903,61,31,30,8,4,4,5,3,2,27,13,14,21,11,10
57131801,83,39,44,3,2,1,3,2,1,47,22,25,30,13,17
57131802,164,81,83,16,8,8,7,4,3,76,40,36,65,29,36
3079550,0,0,0,0,0,0,0,0,0,0,0,0,0,0,0
53962702,741,334,407,66,26,40,103,56,47,393,170,223,179,82,97
53962703,3434,1691,1743,366,170,196,397,183,214,1759,887,872,912,451,461
53962704,2873,1410,1463,276,128,148,395,201,194,1393,681,712,809,400,409
53962706,2131,1039,1092,232,104,128,229,110,119,1111,557,554,559,268,291
53962707,37,21,16,2,1,1,7,4,3,11,5,6,17,11,6
53172301,64,33,31,5,3,2,1,0,1,42,20,22,16,10,6
53172302,3089,1492,1597,249,107,142,326,142,184,1717,864,853,797,379,418
53172303,2005,1006,999,175,85,90,166,64,102,1085,556,529,579,301,278
53964301,3734,1804,1930,359,147,212,393,171,222,1932,965,967,1050,521,529
53965101,1464,707,757,137,51,86,134,61,73,778,396,382,415,199,216
53966001,31,15,16,1,0,1,2,0,2,14,7,7,14,8,6
53966002,231,110,121,28,12,16,28,10,18,130,67,63,45,21,24
53966003,85,40,45,8,1,7,3,2,1,51,27,24,23,10,13
53966004,53,30,23,3,0,3,3,2,1,37,21,16,10,7,3
53966005,507,245,262,55,22,33,56,26,30,309,153,156,87,44,43
53968601,762,374,388,61,28,33,91,43,48,406,202,204,204,101,103
53968602,1141,564,577,122,54,68,99,43,56,574,289,285,346,178,168
53970801,82,48,34,3,2,1,24,18,6,39,19,20,16,9,7
53970802,1173,593,580,89,34,55,120,57,63,640,324,316,324,178,146
53970803,43,21,22,1,0,1,1,1,0,37,18,19,4,2,2
57134201,35,23,12,1,1,0,2,1,1,13,9,4,19,12,7
57134202,256,128,128,20,8,12,24,8,16,116,63,53,96,49,47
53973201,429,199,230,28,8,20,37,18,19,222,107,115,142,66,76
53973202,93,46,47,8,4,4,17,9,8,45,21,24,23,12,11
53973203,211,101,110,23,10,13,8,4,4,115,55,60,65,32,33
53973204,1221,608,613,99,45,54,84,44,40,639,311,328,399,208,191
53973205,52,28,24,3,1,2,5,3,2,29,15,14,15,9,6
53973206,169,87,82,13,6,7,11,6,5,96,50,46,49,25,24
53182101,907,452,455,87,36,51,105,52,53,460,241,219,255,123,132
59831301,611,302,309,62,28,34,89,42,47,240,121,119,220,111,109
53975901,28,14,14,6,3,3,12,6,6,5,2,3,5,3,2
53975902,244,125,119,25,10,15,13,7,6,139,75,64,67,33,34
53975903,1334,665,669,115,49,66,120,50,70,746,383,363,353,183,170
53976701,616,307,309,38,16,22,70,39,31,322,159,163,186,93,93
53976702,39,18,21,2,1,1,1,1,0,29,12,17,7,4,3
53976703,1087,529,558,106,53,53,117,50,67,557,277,280,307,149,158
53977501,858,405,453,70,31,39,64,38,26,473,217,256,251,119,132
57135101,100,54,46,12,4,8,4,3,1,52,28,24,32,19,13
57135102,699,356,343,67,31,36,68,32,36,372,196,176,192,97,95
53299101,1185,571,614,77,38,39,119,56,63,633,294,339,356,183,173
53980501,934,457,477,85,32,53,109,52,57,494,251,243,246,122,124
53981301,2170,967,1203,199,79,120,246,110,136,1171,523,648,554,255,299
53981302,1651,770,881,162,70,92,126,55,71,839,402,437,524,243,281
51345801,74,38,36,7,4,3,2,1,1,41,20,21,24,13,11
51345802,189,95,94,6,3,3,0,0,0,113,56,57,70,36,34
51345803,2597,1281,1316,226,93,133,191,102,89,1426,705,721,754,381,373
53983001,445,227,218,30,7,23,26,13,13,229,116,113,160,91,69
53983002,124,62,62,16,9,7,14,6,8,67,31,36,27,16,11
53984801,2385,1179,1206,206,85,121,163,77,86,1348,679,669,668,338,330
53984802,159,84,75,6,3,3,16,8,8,90,49,41,47,24,23
53984803,210,106,104,7,2,5,12,5,7,130,68,62,61,31,30
53985601,1068,524,544,103,46,57,131,62,69,518,265,253,316,151,165
53985602,676,340,336,56,25,31,68,31,37,357,175,182,195,109,86
57128801,344,172,172,24,9,15,26,10,16,177,91,86,117,62,55
53987201,1559,754,805,95,41,54,125,69,56,884,425,459,455,219,236
53988102,406,188,218,30,16,14,25,14,11,237,106,131,114,52,62
53988103,1030,517,513,71,35,36,76,33,43,507,255,252,376,194,182
53990201,196,99,97,11,4,7,28,14,14,102,48,54,55,33,22
53990202,442,224,218,39,18,21,28,14,14,260,136,124,115,56,59
53990203,1352,684,668,105,45,60,100,57,43,810,411,399,337,171,166
52967201,155,81,74,15,5,10,11,3,8,69,38,31,60,35,25
56455901,29,17,12,0,0,0,4,1,3,17,11,6,8,5,3
56455902,33,17,16,7,3,4,2,1,1,6,4,2,18,9,9
56455904,147,81,66,9,4,5,15,5,10,71,43,28,52,29,23
53995301,558,281,277,40,16,24,55,22,33,324,167,157,139,76,63
53995302,139,72,67,5,1,4,18,9,9,76,44,32,40,18,22
53995303,236,119,117,13,4,9,22,9,13,110,62,48,91,44,47
53995304,654,328,326,54,28,26,34,17,17,346,179,167,220,104,116
53995306,155,74,81,11,3,8,9,2,7,93,50,43,42,19,23
53997001,144,69,75,3,1,2,24,10,14,52,25,27,65,33,32
53997002,71,36,35,0,0,0,12,5,7,29,16,13,30,15,15
53997003,111,58,53,18,8,10,15,5,10,54,29,25,24,16,8
53997004,83,40,43,8,3,5,8,5,3,37,18,19,30,14,16
53997005,25,15,10,2,1,1,1,1,0,14,7,7,8,6,2
3302640,0,0,0,0,0,0,0,0,0,0,0,0,0,0,0
53998801,93,47,46,8,4,4,13,5,8,44,23,21,28,15,13
53998803,219,111,108,30,14,16,20,12,8,112,57,55,57,28,29
0143200,0,0,0,0,0,0,0,0,0,0,0,0,0,0,0
0143540,0,0,0,0,0,0,0,0,0,0,0,0,0,0,0
0143620,0,0,0,0,0,0,0,0,0,0,0,0,0,0,0
54001301,67,33,34,9,6,3,13,8,5,24,8,16,21,11,10
54001302,45,21,24,3,1,2,5,1,4,24,12,12,13,7,6
54001303,49,26,23,6,4,2,5,1,4,29,15,14,9,6,3
54001304,51,26,25,1,1,0,3,0,3,20,11,9,27,14,13
54001305,24,14,10,1,0,1,1,1,0,10,7,3,12,6,6
54001306,414,182,232,42,18,24,36,10,26,188,90,98,148,64,84
54001307,753,345,408,72,30,42,105,36,69,301,149,152,275,130,145
54001309,25,16,9,2,1,1,0,0,0,14,9,5,9,6,3
54001310,123,53,70,8,2,6,13,2,11,46,21,25,56,28,28
54001311,627,308,319,54,21,33,76,36,40,277,143,134,220,108,112
54001312,180,88,92,17,5,12,13,6,7,92,47,45,58,30,28
54001313,279,130,149,28,11,17,36,10,26,102,55,47,113,54,59
54001314,796,399,397,67,33,34,101,45,56,340,172,168,288,149,139
54002101,26,14,12,1,0,1,0,0,0,17,9,8,8,5,3
54002102,21,12,9,0,0,0,1,1,0,15,8,7,5,3,2
54002103,421,210,211,35,16,19,32,19,13,208,102,106,146,73,73
56466401,52,25,27,4,2,2,6,2,4,18,9,9,24,12,12
56466402,28,14,14,1,1,0,7,3,4,12,6,6,8,4,4
56441902,148,77,71,9,5,4,18,9,9,64,38,26,57,25,32
54007201,394,189,205,29,9,20,14,7,7,198,107,91,153,66,87
54008101,67,34,33,6,2,4,6,4,2,37,18,19,18,10,8
54008102,320,160,160,24,7,17,13,5,8,168,93,75,115,55,60
54009901,270,128,142,21,9,12,10,4,6,143,70,73,96,45,51
54009902,158,76,82,18,10,8,19,9,10,80,39,41,41,18,23
51350401,441,221,220,55,30,25,48,23,25,185,91,94,153,77,76
54011101,369,177,192,39,18,21,40,19,21,189,90,99,101,50,51
54011102,63,28,35,7,4,3,4,1,3,31,13,18,21,10,11
54011103,149,64,85,18,8,10,24,9,15,62,33,29,45,14,31
54011104,46,20,26,3,2,1,9,4,5,27,10,17,7,4,3
54011105,605,292,313,57,24,33,56,26,30,318,155,163,174,87,87
54011107,67,33,34,6,3,3,4,2,2,39,20,19,18,8,10
54011108,1468,719,749,106,46,60,113,52,61,836,422,414,413,199,214
54011109,70,40,30,8,7,1,11,6,5,40,20,20,11,7,4
54011110,1160,571,589,109,42,67,101,46,55,580,298,282,370,185,185
54011111,2343,1122,1221,185,72,113,244,104,140,1216,602,614,698,344,354
54011112,309,148,161,32,18,14,35,14,21,171,80,91,71,36,35
54011113,2123,1037,1086,197,78,119,230,96,134,1006,511,495,690,352,338
54012901,301,148,153,23,8,15,30,15,15,135,69,66,113,56,57
54012903,215,107,108,22,11,11,23,12,11,105,52,53,65,32,33
54012904,119,54,65,11,3,8,6,1,5,65,31,34,37,19,18
54012905,115,52,63,7,4,3,13,6,7,54,24,30,41,18,23
54012906,38,22,16,7,3,4,3,0,3,10,7,3,18,12,6
54012907,42,22,20,3,0,3,20,11,9,12,6,6,7,5,2
54012908,30,16,14,4,3,1,4,2,2,19,10,9,3,1,2
54012909,45,21,24,3,2,1,6,2,4,19,10,9,17,7,10
59929801,152,74,78,25,11,14,26,10,16,49,26,23,52,27,25
3302480,0,0,0,0,0,0,0,0,0,0,0,0,0,0,0
54014501,165,82,83,22,10,12,7,2,5,95,48,47,41,22,19
54014502,384,193,191,24,13,11,40,20,20,191,88,103,129,72,57
54015301,77,35,42,10,4,6,0,0,0,33,15,18,34,16,18
54015302,269,128,141,16,9,7,26,11,15,127,62,65,100,46,54
54015304,86,43,43,10,6,4,13,4,9,20,10,10,43,23,20
54017001,212,112,100,19,8,11,21,10,11,104,60,44,68,34,34
54017002,83,42,41,10,5,5,9,3,6,35,17,18,29,17,12
54017003,46,22,24,3,0,3,9,3,6,26,14,12,8,5,3
54017004,29,15,14,1,1,0,8,3,5,9,5,4,11,6,5
54018801,223,114,109,26,11,15,15,7,8,99,50,49,83,46,37
54018802,43,21,22,2,1,1,8,3,5,15,7,8,18,10,8
59838101,1238,1073,165,126,113,13,161,150,11,507,422,85,444,388,56
54021801,39,21,18,2,1,1,7,3,4,17,9,8,13,8,5
54021802,647,352,295,67,36,31,65,26,39,285,154,131,230,136,94
54021804,21,15,6,4,3,1,0,0,0,6,5,1,11,7,4
54021805,78,34,44,11,4,7,14,5,9,21,11,10,32,14,18
54021806,86,41,45,8,4,4,16,6,10,30,13,17,32,18,14
54021807,25,17,8,5,4,1,2,1,1,14,9,5,4,3,1
54021808,166,85,81,13,4,9,27,16,11,54,33,21,72,32,40
56450801,352,172,180,38,18,20,34,11,23,174,88,86,106,55,51
59840201,545,278,267,31,13,18,33,14,19,309,165,144,172,86,86
54024201,516,267,249,28,12,16,57,28,29,272,143,129,159,84,75
54024202,133,61,72,11,2,9,12,6,6,60,31,29,50,22,28
56460501,144,74,70,15,6,9,29,16,13,65,33,32,35,19,16
56425701,50,29,21,7,3,4,6,4,2,32,19,13,5,3,2
56425702,21,15,6,0,0,0,9,7,2,6,5,1,6,3,3
54028501,33,16,17,6,4,2,0,0,0,16,7,9,11,5,6
54028502,272,140,132,23,13,10,11,4,7,127,68,59,111,55,56
54028503,32,20,12,4,2,2,6,4,2,13,8,5,9,6,3
54028504,55,30,25,1,1,0,7,3,4,23,12,11,24,14,10
51358001,231,116,115,17,7,10,40,18,22,94,53,41,80,38,42
54031501,406,203,203,25,11,14,53,25,28,203,101,102,125,66,59
54031502,31,13,18,4,2,2,1,0,1,14,8,6,12,3,9
54031504,57,29,28,4,1,3,13,6,7,22,11,11,18,11,7
54031506,58,23,35,3,2,1,2,0,2,29,12,17,24,9,15
54031507,66,35,31,8,5,3,6,2,4,30,21,9,22,7,15
54031508,109,59,50,10,6,4,10,5,5,54,29,25,35,19,16
3224230,0,0,0,0,0,0,0,0,0,0,0,0,0,0,0
3224310,0,0,0,0,0,0,0,0,0,0,0,0,0,0,0
54032301,45,23,22,8,3,5,5,1,4,16,12,4,16,7,9
54032302,130,72,58,8,3,5,14,7,7,43,23,20,65,39,26
54032303,44,25,19,1,1,0,6,4,2,19,9,10,18,11,7
54032304,35,20,15,5,2,3,5,3,2,14,7,7,11,8,3
54032306,55,26,29,7,3,4,6,3,3,31,15,16,11,5,6
54032307,172,92,80,16,6,10,11,4,7,95,55,40,50,27,23
54032308,95,50,45,2,2,0,15,5,10,43,28,15,35,15,20
54032309,38,17,21,4,2,2,0,0,0,17,8,9,17,7,10
56424901,47,22,25,3,1,2,3,2,1,20,11,9,21,8,13
56424902,111,50,61,13,7,6,3,2,1,60,29,31,35,12,23
56424904,36,21,15,1,0,1,6,4,2,23,14,9,6,3,3
54035801,166,79,87,10,4,6,23,9,14,79,36,43,54,30,24
54035802,69,33,36,9,5,4,10,3,7,27,15,12,23,10,13
54037401,116,60,56,7,4,3,7,5,2,57,28,29,45,23,22
54037403,289,151,138,26,13,13,15,7,8,150,81,69,98,50,48
54039101,68,38,30,7,4,3,23,12,11,17,11,6,21,11,10
54039102,68,34,34,10,2,8,23,9,14,27,18,9,8,5,3
54039103,241,123,118,27,13,14,32,13,19,98,52,46,84,45,39
54039104,24,12,12,5,2,3,5,2,3,7,3,4,7,5,2
54039105,42,21,21,4,2,2,19,11,8,5,2,3,14,6,8
54039106,30,17,13,3,2,1,5,2,3,8,6,2,14,7,7
54039108,54,27,27,3,0,3,11,8,3,23,10,13,17,9,8
3302720,0,0,0,0,0,0,0,0,0,0,0,0,0,0,0
54040401,54,29,25,8,4,4,5,2,3,21,13,8,20,10,10
54040402,2040,1034,1006,129,53,76,112,53,59,1119,584,535,680,344,336
54040403,112,58,54,10,3,7,5,2,3,52,30,22,45,23,22
54043901,589,299,290,54,18,36,61,31,30,278,155,123,196,95,101
54043902,124,63,61,13,7,6,14,6,8,65,34,31,32,16,16
54043903,40,21,19,8,3,5,4,2,2,21,12,9,7,4,3
54043904,89,47,42,15,9,6,8,4,4,45,21,24,21,13,8
54043905,104,58,46,12,7,5,11,7,4,41,25,16,40,19,21
54044702,21,9,12,3,1,2,3,1,2,8,3,5,7,4,3
54044703,261,140,121,25,16,9,48,22,26,84,47,37,104,55,49
54044707,47,27,20,9,4,5,9,5,4,13,9,4,16,9,7
54044708,39,15,24,5,1,4,9,3,6,11,3,8,14,8,6
54044709,31,16,15,2,1,1,19,11,8,10,4,6,0,0,0
54044710,43,24,19,7,3,4,5,4,1,9,6,3,22,11,11
59846101,274,148,126,19,9,10,31,13,18,120,73,47,104,53,51
59846102,46,21,25,8,2,6,7,3,4,12,6,6,19,10,9
59920401,67,32,35,5,2,3,7,4,3,28,14,14,27,12,15
59920402,63,29,34,5,1,4,13,6,7,27,12,15,18,10,8
0700092,0,0,0,0,0,0,0,0,0,0,0,0,0,0,0
54049801,38,19,19,2,0,2,0,0,0,22,11,11,14,8,6
54049802,958,484,474,96,45,51,130,55,75,431,228,203,301,156,145
54049803,103,51,52,4,1,3,3,1,2,45,23,22,51,26,25
54049804,46,25,21,7,1,6,2,2,0,21,11,10,16,11,5
54049805,64,37,27,5,3,2,16,8,8,23,14,9,20,12,8
54049807,42,20,22,7,4,3,7,3,4,20,9,11,8,4,4
54049808,47,23,24,9,4,5,8,4,4,9,4,5,21,11,10
51355501,204,101,103,28,15,13,26,13,13,87,40,47,63,33,30
52968101,122,63,59,7,4,3,12,6,6,76,39,37,27,14,13
54053601,21,12,9,1,1,0,3,2,1,8,3,5,9,6,3
54053604,359,184,175,43,19,24,23,10,13,189,101,88,104,54,50
54055201,27,13,14,1,0,1,6,3,3,9,4,5,11,6,5
54055202,790,402,388,78,35,43,160,69,91,295,159,136,257,139,118
54055203,22,11,11,3,2,1,3,1,2,8,3,5,8,5,3
54055205,26,10,16,7,1,6,3,2,1,12,6,6,4,1,3
54055207,36,20,16,5,2,3,7,4,3,16,10,6,8,4,4
54055208,37,23,14,1,1,0,4,1,3,18,12,6,14,9,5
54055209,20,9,11,2,0,2,6,4,2,5,2,3,7,3,4
54055210,47,23,24,2,0,2,10,4,6,20,11,9,15,8,7
54055211,26,8,18,4,0,4,5,2,3,3,1,2,14,5,9
54055214,60,32,28,9,4,5,16,7,9,13,8,5,22,13,9
54057901,20,11,9,1,1,0,1,0,1,14,8,6,4,2,2
54057902,172,89,83,12,4,8,19,9,10,75,42,33,66,34,32
3302990,0,0,0,0,0,0,0,0,0,0,0,0,0,0,0
54058701,148,73,75,3,1,2,15,6,9,94,48,46,36,18,18
3302210,0,0,0,0,0,0,0,0,0,0,0,0,0,0,0
54062501,579,288,291,37,17,20,28,11,17,326,167,159,188,93,95
56434601,216,113,103,10,4,6,29,15,14,120,61,59,57,33,24
51352101,210,106,104,12,4,8,18,13,5,112,57,55,68,32,36
59841101,496,242,254,23,11,12,35,16,19,273,130,143,165,85,80
54071401,641,326,315,46,18,28,50,17,33,363,195,168,182,96,86
54071402,424,212,212,29,13,16,21,8,13,223,115,108,151,76,75
54071403,65,33,32,3,1,2,8,4,4,40,22,18,14,6,8
54074901,24,13,11,2,1,1,2,1,1,12,7,5,8,4,4
54074902,67,39,28,2,1,1,5,2,3,29,20,9,31,16,15
54074903,189,101,88,24,14,10,33,14,19,72,42,30,60,31,29
54074904,20,11,9,1,0,1,1,1,0,6,4,2,12,6,6
54074905,22,10,12,1,1,0,5,2,3,5,2,3,11,5,6
54075701,63,27,36,3,2,1,4,1,3,33,15,18,23,9,14
54075702,219,114,105,11,6,5,15,10,5,118,59,59,75,39,36
54075703,96,54,42,8,3,5,18,10,8,38,23,15,32,18,14
54075704,21,9,12,0,0,0,2,0,2,12,6,6,7,3,4
54075705,1625,789,836,106,49,57,131,50,81,892,439,453,496,251,245
54075706,34,15,19,9,2,7,1,1,0,18,9,9,6,3,3
54075707,63,32,31,2,1,1,1,0,1,24,12,12,36,19,17
59975101,99,52,47,8,3,5,6,3,3,47,27,20,38,19,19
54078101,42,20,22,5,2,3,3,1,2,24,12,12,10,5,5
54078102,92,52,40,6,2,4,5,1,4,46,27,19,35,22,13
54078103,455,226,229,42,27,15,13,6,7,233,112,121,167,81,86
54078104,60,31,29,8,5,3,6,2,4,23,11,12,23,13,10
54078105,186,102,84,11,4,7,9,5,4,94,50,44,72,43,29
3212061,0,0,0,0,0,0,0,0,0,0,0,0,0,0,0
3212062,0,0,0,0,0,0,0,0,0,0,0,0,0,0,0
54079001,370,195,175,29,12,17,37,17,20,136,83,53,168,83,85
54079002,122,51,71,9,3,6,10,3,7,40,26,14,63,19,44
54079004,58,30,28,2,1,1,5,4,1,21,11,10,30,14,16
54079005,42,23,19,8,5,3,3,2,1,15,9,6,16,7,9
56447801,40,19,21,4,2,2,2,1,1,24,11,13,10,5,5
56447802,230,120,110,23,11,12,24,11,13,112,62,50,71,36,35
1019233,0,0,0,0,0,0,0,0,0,0,0,0,0,0,0
1019235,0,0,0,0,0,0,0,0,0,0,0,0,0,0,0
54081101,45,21,24,5,3,2,6,2,4,19,8,11,15,8,7
54081103,505,258,247,31,11,20,44,24,20,275,141,134,155,82,73
54081104,57,27,30,8,4,4,3,0,3,30,16,14,16,7,9
54081105,141,75,66,14,7,7,5,3,2,78,40,38,44,25,19
54082001,53,27,26,6,5,1,20,8,12,20,11,9,7,3,4
54082002,59,32,27,3,0,3,10,5,5,24,14,10,22,13,9
54082003,199,100,99,13,6,7,43,20,23,79,43,36,64,31,33
54082004,58,25,33,0,0,0,13,5,8,21,9,12,24,11,13
54082006,54,28,26,6,3,3,19,10,9,16,7,9,13,8,5
54082009,40,21,19,4,2,2,6,2,4,10,6,4,20,11,9
54084601,30,17,13,6,4,2,17,9,8,6,3,3,1,1,0
54084602,31,15,16,5,2,3,11,6,5,7,2,5,8,5,3
54084603,41,22,19,4,1,3,19,12,7,12,7,5,6,2,4
54084604,43,22,21,5,2,3,16,9,7,1,1,0,21,10,11
54084605,20,11,9,2,2,0,2,1,1,7,2,5,9,6,3
54084606,54,30,24,10,4,6,1,1,0,15,8,7,28,17,11
54084608,32,13,19,2,0,2,1,1,0,11,5,6,18,7,11
54084609,58,31,27,7,3,4,13,8,5,24,14,10,14,6,8
54084610,208,105,103,32,15,17,69,31,38,56,31,25,51,28,23
54084611,53,27,26,1,0,1,29,15,14,5,3,2,18,9,9
54084612,20,9,11,0,0,0,13,6,7,3,1,2,4,2,2
54084614,46,25,21,8,3,5,8,4,4,13,7,6,17,11,6
3302050,0,0,0,0,0,0,0,0,0,0,0,0,0,0,0
56452401,188,95,93,18,9,9,15,8,7,96,47,49,59,31,28
56452402,45,22,23,6,2,4,2,0,2,16,8,8,21,12,9
56422201,49,29,20,6,3,3,5,4,1,23,15,8,15,7,8
54088902,100,46,54,8,2,6,6,2,4,63,31,32,23,11,12
54088903,21,12,9,4,1,3,0,0,0,10,7,3,7,4,3
54088904,456,219,237,44,17,27,32,17,15,247,122,125,133,63,70
54088905,110,49,61,5,3,2,6,3,3,54,25,29,45,18,27
54088906,879,436,443,73,33,40,71,31,40,509,257,252,226,115,111
54089701,40,20,20,4,2,2,1,0,1,25,13,12,10,5,5
54089702,62,36,26,3,3,0,5,1,4,31,20,11,23,12,11
54089703,83,40,43,0,0,0,1,0,1,46,21,25,36,19,17
54089704,114,58,56,8,3,5,4,1,3,55,29,26,47,25,22
54090101,31,15,16,3,1,2,1,0,1,17,10,7,10,4,6
54090102,206,104,102,18,7,11,27,11,16,74,43,31,87,43,44
54090103,82,47,35,4,2,2,4,1,3,45,26,19,29,18,11
54090105,1010,494,516,91,37,54,93,44,49,469,234,235,357,179,178
54090106,311,157,154,36,15,21,30,15,15,156,83,73,89,44,45
54090107,367,182,185,33,16,17,33,14,19,190,98,92,111,54,57
51357101,193,95,98,22,8,14,24,10,14,92,49,43,55,28,27
54093502,1102,571,531,78,40,38,75,33,42,573,303,270,376,195,181
54093503,106,52,54,9,3,6,7,2,5,49,24,25,41,23,18
54094301,254,131,123,18,12,6,33,17,16,144,71,73,59,31,28
54095101,53,23,30,6,3,3,9,2,7,24,11,13,14,7,7
54095102,660,353,307,56,29,27,91,38,53,316,169,147,197,117,80
3302810,0,0,0,0,0,0,0,0,0,0,0,0,0,0,0
54096001,270,139,131,15,9,6,27,13,14,153,81,72,75,36,39
54096002,41,25,16,0,0,0,2,0,2,25,15,10,14,10,4
59847001,201,108,93,20,10,10,37,14,23,82,52,30,62,32,30
59847003,41,22,19,1,0,1,21,8,13,12,8,4,7,6,1
59837201,141,72,69,16,8,8,13,6,7,71,40,31,41,18,23
54101001,35,19,16,8,3,5,8,3,5,14,10,4,5,3,2
54101002,97,45,52,8,5,3,20,8,12,34,15,19,35,17,18
54101003,102,51,51,10,4,6,8,3,5,47,26,21,37,18,19
54102801,33,19,14,2,1,1,1,1,0,18,10,8,12,7,5
54102802,51,27,24,2,0,2,2,0,2,34,20,14,13,7,6
54102803,214,116,98,18,8,10,32,17,15,92,51,41,72,40,32
54102804,50,11,39,4,1,3,3,0,3,17,9,8,26,1,25
54102805,44,23,21,2,1,1,9,3,6,19,10,9,14,9,5
54104401,51,27,24,2,1,1,5,3,2,27,12,15,17,11,6
54104402,83,41,42,4,2,2,26,13,13,6,3,3,47,23,24
54104403,27,18,9,0,0,0,20,14,6,1,0,1,6,4,2
54104404,41,23,18,4,2,2,19,11,8,2,2,0,16,8,8
54104406,37,21,16,1,0,1,13,7,6,4,2,2,19,12,7
54104407,82,46,36,11,6,5,32,21,11,28,14,14,11,5,6
54104410,659,326,333,61,30,31,134,56,78,198,104,94,266,136,130
54104412,46,27,19,4,3,1,24,13,11,7,5,2,11,6,5
54104413,33,16,17,2,1,1,14,5,9,5,3,2,12,7,5
54104414,27,15,12,2,1,1,2,1,1,14,7,7,9,6,3
54104416,75,43,32,4,1,3,14,7,7,20,14,6,37,21,16
54104417,79,40,39,8,2,6,11,5,6,32,18,14,28,15,13
54104418,36,23,13,0,0,0,8,4,4,13,9,4,15,10,5
54104420,36,20,16,2,1,1,18,12,6,8,3,5,8,4,4
54105202,139,60,79,9,3,6,13,3,10,62,31,31,55,23,32
54105203,506,262,244,36,19,17,56,25,31,255,133,122,159,85,74
56421401,99,51,48,9,4,5,22,10,12,49,26,23,19,11,8
54108702,289,155,134,28,15,13,71,31,40,101,61,40,89,48,41
54108703,43,24,19,6,4,2,1,0,1,6,5,1,30,15,15
54108704,42,22,20,2,1,1,24,13,11,2,0,2,14,8,6
54108705,148,73,75,15,6,9,49,27,22,37,16,21,47,24,23
56448601,213,105,108,14,7,7,13,6,7,141,70,71,45,22,23
56448602,158,74,84,14,8,6,14,7,7,78,33,45,52,26,26
56448603,695,359,336,33,13,20,42,20,22,402,217,185,218,109,109
54113302,47,30,17,5,2,3,12,7,5,11,9,2,19,12,7
54113303,81,39,42,10,4,6,13,4,9,31,19,12,27,12,15
54113304,143,66,77,14,10,4,7,3,4,74,31,43,48,22,26
54113305,130,58,72,9,3,6,15,9,6,58,25,33,48,21,27
54113306,104,51,53,16,7,9,24,12,12,35,17,18,29,15,14
3080130,0,0,0,0,0,0,0,0,0,0,0,0,0,0,0
3211682,0,0,0,0,0,0,0,0,0,0,0,0,0,0,0
3342940,0,0,0,0,0,0,0,0,0,0,0,0,0,0,0
53991103,111,51,60,7,4,3,20,9,11,58,27,31,26,11,15
53991104,24,12,12,1,0,1,1,1,0,19,9,10,3,2,1
53991105,43,24,19,12,7,5,7,4,3,15,7,8,9,6,3
53991106,100,51,49,11,4,7,10,5,5,52,26,26,27,16,11
53991107,46,27,19,3,3,0,0,0,0,25,14,11,18,10,8
53991108,180,98,82,15,5,10,20,13,7,61,34,27,84,46,38
53991109,53,24,29,5,1,4,6,3,3,36,16,20,6,4,2
53991110,62,31,31,8,3,5,2,1,1,38,21,17,14,6,8
53991111,22,9,13,2,1,1,0,0,0,16,5,11,4,3,1
53991112,203,107,96,12,6,6,11,6,5,138,73,65,42,22,20
53991113,311,155,156,23,8,15,27,9,18,141,76,65,120,62,58
53991114,531,254,277,52,27,25,29,12,17,338,159,179,112,56,56
53991115,32,16,16,2,1,1,0,0,0,20,10,10,10,5,5
53991117,1018,660,358,60,32,28,45,18,27,332,204,128,581,406,175
53991118,315,161,154,27,15,12,41,19,22,169,88,81,78,39,39
53991119,1035,475,560,93,44,49,115,47,68,490,229,261,337,155,182
53991120,93,56,37,18,12,6,7,4,3,37,22,15,31,18,13
53991122,1302,618,684,122,57,65,182,84,98,668,318,350,330,159,171
53991125,786,387,399,71,34,37,100,47,53,399,196,203,216,110,106
53991126,436,204,232,45,16,29,38,22,16,249,120,129,104,46,58
53991127,1272,593,679,126,62,64,153,72,81,612,286,326,381,173,208
53991128,1778,804,974,134,44,90,139,50,89,920,434,486,585,276,309
53991129,20,12,8,0,0,0,6,3,3,9,5,4,5,4,1
53991130,617,293,324,57,28,29,47,24,23,292,139,153,221,102,119
53991131,1013,464,549,81,32,49,89,29,60,556,264,292,287,139,148
53991132,426,206,220,26,5,21,51,19,32,232,124,108,117,58,59
53991133,256,129,127,21,10,11,20,11,9,130,72,58,85,36,49
53991134,330,161,169,26,7,19,40,15,25,185,99,86,79,40,39
53991135,354,179,175,24,10,14,21,9,12,220,115,105,89,45,44
53991137,168,86,82,15,6,9,11,3,8,121,67,54,21,10,11
53991138,132,65,67,14,4,10,6,3,3,53,23,30,59,35,24
53991139,2253,1084,1169,173,65,108,146,67,79,1249,623,626,685,329,356
53991141,387,184,203,35,16,19,64,33,31,175,83,92,113,52,61
53991142,88,47,41,5,3,2,7,3,4,36,18,18,40,23,17
53991143,1229,613,616,116,44,72,121,48,73,655,354,301,337,167,170
53991145,261,138,123,12,5,7,25,13,12,116,64,52,108,56,52
53991146,3906,1814,2092,351,132,219,272,98,174,1944,961,983,1339,623,716
53991147,3413,1577,1836,282,109,173,230,93,137,1793,842,951,1108,533,575
53991148,943,444,499,78,30,48,82,33,49,479,228,251,304,153,151
53991149,1612,755,857,122,45,77,124,59,65,862,409,453,504,242,262
53991150,1709,820,889,132,47,85,138,61,77,901,447,454,538,265,273
53991152,1792,804,988,148,54,94,158,63,95,944,455,489,542,232,310
53991153,708,327,381,55,21,34,66,22,44,382,189,193,205,95,110
53991154,341,167,174,39,22,17,32,14,18,175,86,89,95,45,50
51354701,343,165,178,26,13,13,45,17,28,140,69,71,132,66,66
56438902,174,101,73,17,7,10,13,7,6,94,57,37,50,30,20
59848802,154,75,79,7,3,4,10,4,6,82,42,40,55,26,29
59848805,63,28,35,7,3,4,16,7,9,27,14,13,13,4,9
54120601,447,229,218,41,16,25,56,24,32,203,107,96,147,82,65
54120602,301,153,148,22,9,13,23,8,15,142,76,66,114,60,54
54120603,77,41,36,8,4,4,11,6,5,34,16,18,24,15,9
3344130,0,0,0,0,0,0,0,0,0,0,0,0,0,0,0
54123101,78,38,40,0,0,0,5,1,4,54,30,24,19,7,12
54123102,32,15,17,4,2,2,3,1,2,8,3,5,17,9,8
54123103,27,14,13,2,0,2,4,3,1,14,6,8,7,5,2
54123104,209,108,101,14,5,9,23,9,14,95,52,43,77,42,35
54123105,43,23,20,4,3,1,10,5,5,13,10,3,16,5,11
54123108,370,196,174,43,21,22,38,13,25,176,100,76,113,62,51
54123109,95,48,47,14,7,7,15,8,7,40,19,21,26,14,12
54123110,179,92,87,9,3,6,31,17,14,78,41,37,61,31,30
54123111,48,25,23,0,0,0,33,17,16,9,4,5,6,4,2
54123115,129,59,70,8,5,3,4,3,1,86,39,47,31,12,19
54123116,662,330,332,51,20,31,52,15,37,301,152,149,258,143,115
54123117,1308,629,679,96,38,58,130,57,73,676,333,343,406,201,205
54123118,851,401,450,67,27,40,106,35,71,430,213,217,248,126,122
54123119,120,60,60,9,5,4,8,4,4,59,28,31,44,23,21
54123120,34,20,14,0,0,0,6,3,3,17,11,6,11,6,5
54125701,85,34,51,13,7,6,1,0,1,47,17,30,24,10,14
54125702,54,28,26,3,2,1,4,2,2,38,20,18,9,4,5
54125703,27,14,13,4,3,1,0,0,0,7,2,5,16,9,7
54125704,292,151,141,13,5,8,16,10,6,192,99,93,71,37,34
3302560,0,0,0,0,0,0,0,0,0,0,0,0,0,0,0
54127301,218,109,109,21,9,12,22,9,13,124,62,62,51,29,22
1465790,0,0,0,0,0,0,0,0,0,0,0,0,0,0,0
1466090,0,0,0,0,0,0,0,0,0,0,0,0,0,0,0
1466170,0,0,0,0,0,0,0,0,0,0,0,0,0,0,0
54128101,80,42,38,10,4,6,5,2,3,39,22,17,26,14,12
54128102,35,19,16,2,1,1,6,4,2,7,4,3,20,10,10
54128103,105,58,47,20,10,10,17,9,8,36,21,15,32,18,14
54128104,85,41,44,11,4,7,18,10,8,33,17,16,23,10,13
54128105,24,9,15,2,1,1,11,5,6,4,0,4,7,3,4
54128106,204,104,100,20,9,11,44,22,22,62,37,25,78,36,42
54128107,89,52,37,8,4,4,10,5,5,48,27,21,23,16,7
54128108,31,17,14,6,1,5,2,1,1,13,9,4,10,6,4
54128109,89,46,43,12,5,7,7,4,3,18,11,7,52,26,26
54128111,1521,643,878,117,50,67,140,48,92,553,263,290,711,282,429
54128113,132,62,70,8,4,4,14,5,9,67,33,34,43,20,23
54128114,30,14,16,3,1,2,0,0,0,19,9,10,8,4,4
54128115,246,123,123,21,11,10,30,14,16,111,49,62,84,49,35
54128116,839,414,425,73,34,39,138,57,81,309,151,158,319,172,147
54128117,537,258,279,72,34,38,82,35,47,202,106,96,181,83,98
54128118,26,12,14,1,0,1,2,1,1,18,10,8,5,1,4
54128119,1089,521,568,135,45,90,145,63,82,464,244,220,345,169,176
54128120,184,97,87,9,4,5,26,12,14,66,38,28,83,43,40
54128121,271,132,139,29,14,15,52,20,32,105,56,49,85,42,43
54128122,1256,580,676,130,47,83,189,69,120,518,282,236,419,182,237
53057301,57,35,22,10,6,4,6,4,2,11,8,3,30,17,13
53057302,84,41,43,11,6,5,13,6,7,15,8,7,45,21,24
53057303,74,39,35,18,8,10,23,11,12,19,11,8,14,9,5
53057304,50,25,25,9,4,5,2,1,1,18,9,9,21,11,10
53057305,62,31,31,14,5,9,17,7,10,13,7,6,18,12,6
53057306,50,26,24,3,2,1,15,7,8,19,9,10,13,8,5
53057307,26,11,15,9,3,6,3,1,2,8,4,4,6,3,3
53057308,50,27,23,10,3,7,7,4,3,16,11,5,17,9,8
53057309,124,72,52,5,4,1,42,23,19,30,19,11,47,26,21
53057310,27,14,13,4,1,3,2,0,2,11,7,4,10,6,4
53057311,44,23,21,3,1,2,15,7,8,18,11,7,8,4,4
53057312,125,65,60,13,5,8,35,16,19,49,26,23,28,18,10
53057313,32,15,17,0,0,0,16,7,9,6,3,3,10,5,5
53057314,69,36,33,8,4,4,26,11,15,9,4,5,26,17,9
53057315,31,18,13,7,5,2,6,3,3,9,3,6,9,7,2
53057316,33,18,15,3,2,1,11,6,5,16,8,8,3,2,1
53057317,21,9,12,0,0,0,4,1,3,2,1,1,15,7,8
53057319,157,75,82,16,5,11,17,4,13,31,20,11,93,46,47
53057320,41,23,18,3,2,1,19,11,8,14,7,7,5,3,2
53057321,34,17,17,2,1,1,1,1,0,16,8,8,15,7,8
53057322,35,15,20,0,0,0,5,2,3,10,3,7,20,10,10
53057323,608,285,323,76,26,50,179,71,108,199,108,91,154,80,74
53057324,1008,520,488,119,56,63,214,96,118,305,171,134,370,197,173
53057326,41,20,21,3,0,3,10,4,6,10,5,5,18,11,7
53057327,34,20,14,5,3,2,2,1,1,13,7,6,14,9,5
53057332,42,20,22,9,4,5,5,3,2,19,10,9,9,3,6
53057333,33,17,16,6,3,3,13,7,6,10,4,6,4,3,1
56463001,113,52,61,26,7,19,6,1,5,62,34,28,19,10,9
56463002,50,23,27,9,4,5,14,6,8,19,9,10,8,4,4
56463003,100,53,47,1,0,1,15,6,9,40,21,19,44,26,18
54131101,109,54,55,6,2,4,16,6,10,50,27,23,37,19,18
54131102,31,13,18,0,0,0,0,0,0,25,10,15,6,3,3
54131103,74,39,35,7,3,4,24,12,12,22,11,11,21,13,8
54131104,41,20,21,0,0,0,4,1,3,27,12,15,10,7,3
1523820,0,0,0,0,0,0,0,0,0,0,0,0,0,0,0
54132001,349,171,178,31,11,20,38,17,21,138,68,70,142,75,67
54132002,34,14,20,7,2,5,3,1,2,13,6,7,11,5,6
54133801,1587,787,800,129,55,74,146,58,88,779,394,385,533,280,253
56458301,130,62,68,9,4,5,15,8,7,57,28,29,49,22,27
54137101,94,51,43,15,8,7,14,6,8,23,10,13,42,27,15
54137102,304,144,160,39,18,21,42,18,24,156,73,83,67,35,32
54138901,144,68,76,17,6,11,5,3,2,75,34,41,47,25,22
54138902,22,12,10,4,3,1,0,0,0,12,7,5,6,2,4
54138903,362,182,180,25,12,13,38,18,20,191,99,92,108,53,55
1601482,0,0,0,0,0,0,0,0,0,0,0,0,0,0,0
54139701,46,24,22,6,2,4,11,5,6,28,16,12,1,1,0
54139703,112,61,51,10,5,5,34,16,18,26,18,8,42,22,20
54139704,64,38,26,7,5,2,9,3,6,22,15,7,26,15,11
54139706,218,107,111,21,11,10,16,7,9,96,45,51,85,44,41
54139707,30,16,14,2,0,2,6,3,3,19,11,8,3,2,1
54139708,50,23,27,2,0,2,15,7,8,18,7,11,15,9,6
54139709,78,40,38,14,4,10,17,8,9,22,15,7,25,13,12
54139710,84,60,24,3,0,3,10,4,6,13,7,6,58,49,9
56427302,101,53,48,7,3,4,17,9,8,35,20,15,42,21,21
54141901,21,9,12,1,0,1,2,1,1,7,2,5,11,6,5
54141902,63,30,33,3,2,1,7,4,3,28,11,17,25,13,12
54141903,154,86,68,13,4,9,30,18,12,61,32,29,50,32,18
54141904,93,45,48,7,2,5,9,3,6,41,20,21,36,20,16
54141905,23,11,12,2,1,1,9,4,5,7,2,5,5,4,1
52966401,51,24,27,1,1,0,5,1,4,29,10,19,16,12,4
54142701,79,43,36,8,3,5,5,2,3,36,22,14,30,16,14
54142702,50,25,25,1,1,0,10,5,5,12,6,6,27,13,14
54142703,486,254,232,38,16,22,48,24,24,223,120,103,177,94,83
59842901,438,230,208,37,16,21,41,19,22,213,115,98,147,80,67
54145101,267,136,131,19,6,13,40,20,20,119,65,54,89,45,44
59833001,88,42,46,15,8,7,9,4,5,29,13,16,35,17,18
59833002,22,9,13,1,1,0,5,1,4,4,2,2,12,5,7
51353901,197,95,102,16,5,11,26,12,14,118,59,59,37,19,18
3301910,0,0,0,0,0,0,0,0,0,0,0,0,0,0,0
54150801,166,83,83,13,5,8,2,0,2,72,39,33,79,39,40
54150802,510,269,241,37,16,21,38,18,20,233,127,106,202,108,94
54151601,580,279,301,45,18,27,58,29,29,287,145,142,190,87,103
54151602,82,45,37,5,1,4,6,4,2,40,24,16,31,16,15
54152401,205,98,107,24,12,12,38,18,20,77,36,41,66,32,34
54152402,36,21,15,1,0,1,6,3,3,21,15,6,8,3,5
54152403,112,64,48,3,1,2,7,3,4,79,46,33,23,14,9
54154101,656,333,323,54,28,26,50,24,26,319,168,151,233,113,120
54154102,102,53,49,11,7,4,6,4,2,64,31,33,21,11,10
56436201,21,10,11,0,0,0,3,1,2,14,7,7,4,2,2
56436202,76,40,36,2,1,1,15,5,10,39,21,18,20,13,7
56436203,50,21,29,12,3,9,9,4,5,14,8,6,15,6,9
3302130,0,0,0,0,0,0,0,0,0,0,0,0,0,0,0
54156701,297,145,152,18,6,12,26,10,16,138,76,62,115,53,62
59843701,133,70,63,10,2,8,22,13,9,61,33,28,40,22,18
54158301,346,166,180,48,21,27,38,18,20,171,86,85,89,41,48
54159101,124,65,59,16,9,7,47,21,26,30,16,14,31,19,12
54159102,20,11,9,1,0,1,3,1,2,9,5,4,7,5,2
54159103,100,56,44,12,8,4,20,10,10,34,18,16,34,20,14
54159104,36,18,18,1,0,1,8,3,5,18,10,8,9,5,4
54159105,371,191,180,27,13,14,50,21,29,148,80,68,146,77,69
54159107,144,72,72,14,4,10,22,7,15,67,37,30,41,24,17
54161301,273,143,130,14,2,12,30,13,17,108,61,47,121,67,54
54161302,28,14,14,6,3,3,4,2,2,7,1,6,11,8,3
56432001,126,61,65,6,2,4,11,6,5,81,40,41,28,13,15
51351202,289,149,140,14,5,9,34,11,23,123,67,56,118,66,52
51351203,34,17,17,4,2,2,0,0,0,21,9,12,9,6,3
56433801,79,38,41,7,1,6,6,4,2,41,23,18,25,10,15
56542301,75,36,39,5,0,5,5,3,2,48,23,25,17,10,7
54167203,207,96,111,13,6,7,6,3,3,137,63,74,51,24,27
56504101,121,70,51,3,1,2,8,5,3,58,33,25,52,31,21
54169901,697,354,343,49,20,29,50,25,25,377,197,180,221,112,109
54169902,20,12,8,1,1,0,0,0,0,14,9,5,5,2,3
54169904,28,16,12,3,1,2,0,0,0,11,6,5,14,9,5
54169906,26,15,11,1,0,1,1,1,0,11,8,3,13,6,7
54169907,27,17,10,2,0,2,1,1,0,15,12,3,9,4,5
54169909,20,11,9,0,0,0,0,0,0,6,4,2,14,7,7
54169910,63,34,29,4,1,3,5,3,2,45,24,21,9,6,3
56518101,93,49,44,4,2,2,2,1,1,59,28,31,28,18,10
56518102,42,22,20,0,0,0,1,1,0,28,14,14,13,7,6
56518103,77,41,36,2,1,1,6,3,3,43,21,22,26,16,10
52971101,38,22,16,3,1,2,0,0,0,18,12,6,17,9,8
52971103,24,11,13,2,1,1,1,1,0,17,8,9,4,1,3
54172901,399,188,211,26,12,14,20,10,10,232,104,128,121,62,59
54173701,84,41,43,7,4,3,2,0,2,41,19,22,34,18,16
54173703,276,147,129,35,17,18,16,6,10,99,53,46,126,71,55
54173704,38,22,16,2,1,1,1,0,1,20,12,8,15,9,6
54173705,50,32,18,3,1,2,3,2,1,23,17,6,21,12,9
56520201,69,37,32,5,3,2,5,2,3,44,22,22,15,10,5
54176101,117,62,55,7,3,4,3,2,1,60,32,28,47,25,22
54176103,26,14,12,2,1,1,0,0,0,21,11,10,3,2,1
54176104,48,24,24,5,1,4,1,1,0,33,17,16,9,5,4
54176106,29,14,15,8,4,4,0,0,0,17,8,9,4,2,2
54176107,28,15,13,3,1,2,1,0,1,12,7,5,12,7,5
54177001,571,280,291,33,15,18,23,11,12,345,168,177,170,86,84
56533401,98,46,52,1,0,1,9,6,3,60,30,30,28,10,18
56533402,46,22,24,4,2,2,0,0,0,28,12,16,14,8,6
54181801,578,293,285,18,6,12,15,3,12,376,201,175,169,83,86
54181802,55,28,27,3,3,0,3,1,2,38,18,20,11,6,5
56527001,140,74,66,11,4,7,8,5,3,94,50,44,27,15,12
54183402,39,23,16,0,0,0,4,2,2,21,13,8,14,8,6
54183403,1473,711,762,71,33,38,61,28,33,807,410,397,534,240,294
54183404,24,13,11,0,0,0,0,0,0,9,4,5,15,9,6
54183405,51,30,21,0,0,0,2,2,0,25,14,11,24,14,10
54183407,30,18,12,0,0,0,3,1,2,15,9,6,12,8,4
56544001,91,47,44,2,1,1,3,2,1,66,35,31,20,9,11
56544002,24,16,8,2,0,2,1,1,0,20,15,5,1,0,1
56528801,129,68,61,12,6,6,0,0,0,84,42,42,33,20,13
54187701,962,482,480,34,14,20,45,20,25,581,292,289,302,156,146
56519901,135,73,62,9,6,3,4,1,3,78,41,37,44,25,19
54189301,28,11,17,0,0,0,2,0,2,16,8,8,10,3,7
54189302,761,356,405,29,14,15,31,12,19,406,199,207,295,131,164
54189303,50,30,20,0,0,0,2,0,2,26,18,8,22,12,10
54190701,512,267,245,18,11,7,27,17,10,285,144,141,182,95,87
56538501,96,51,45,2,0,2,9,2,7,54,32,22,31,17,14
56535101,136,73,63,8,4,4,2,0,2,87,45,42,39,24,15
56536901,48,23,25,1,0,1,0,0,0,24,10,14,23,13,10
56536902,24,14,10,0,0,0,0,0,0,10,6,4,14,8,6
54194001,280,147,133,7,3,4,11,5,6,170,93,77,92,46,46
59850001,110,57,53,5,3,2,2,1,1,72,37,35,31,16,15
54196601,437,220,217,18,6,12,7,2,5,288,146,142,124,66,58
54197401,586,307,279,45,23,22,18,7,11,348,181,167,175,96,79
54198201,35,14,21,4,2,2,1,0,1,15,5,10,15,7,8
54198202,165,90,75,11,7,4,8,5,3,90,46,44,56,32,24
54198203,53,26,27,4,2,2,0,0,0,43,21,22,6,3,3
54198204,405,193,212,35,18,17,25,10,15,238,113,125,107,52,55
54198205,25,12,13,0,0,0,1,1,0,16,7,9,8,4,4
54200801,90,49,41,7,4,3,4,1,3,40,22,18,39,22,17
54200802,28,16,12,1,1,0,0,0,0,24,12,12,3,3,0
54201601,649,320,329,29,13,16,18,8,10,397,196,201,205,103,102
54203201,974,507,467,63,36,27,34,17,17,619,316,303,258,138,120
54203202,53,23,30,0,0,0,5,2,3,36,15,21,12,6,6
54204102,1275,644,631,50,25,25,39,16,23,782,388,394,404,215,189
54204104,653,299,354,40,16,24,29,12,17,397,185,212,187,86,101
56537701,90,50,40,5,4,1,12,9,3,53,25,28,20,12,8
54206702,425,220,205,12,5,7,13,10,3,281,150,131,119,55,64
54207501,220,106,114,23,11,12,8,4,4,131,62,69,58,29,29
54207502,66,31,35,8,1,7,13,7,6,32,17,15,13,6,7
56546601,135,74,61,14,9,5,7,4,3,79,39,40,35,22,13
56546602,59,33,26,2,1,1,3,0,3,42,23,19,12,9,3
54210501,853,419,434,41,16,25,46,18,28,503,253,250,263,132,131
54210502,21,13,8,2,0,2,0,0,0,8,4,4,11,9,2
54211301,132,63,69,3,1,2,2,1,1,101,47,54,26,14,12
54211302,426,199,227,20,7,13,10,5,5,246,119,127,150,68,82
54211303,68,36,32,3,2,1,3,2,1,46,25,21,16,7,9
54212101,65,29,36,0,0,0,2,1,1,34,15,19,29,13,16
54212102,701,345,356,55,25,30,37,20,17,428,209,219,181,91,90
54213001,445,235,210,17,5,12,4,2,2,290,159,131,134,69,65
59858502,97,47,50,5,3,2,2,0,2,64,33,31,26,11,15
54216401,5243,2519,2724,284,123,161,264,121,143,3074,1508,1566,1621,767,854
54216402,245,125,120,17,7,10,23,12,11,160,84,76,45,22,23
54216403,218,116,102,20,8,12,21,11,10,130,68,62,47,29,18
54218101,156,76,80,11,6,5,8,4,4,98,47,51,39,19,20
54219901,559,298,261,38,17,21,43,16,27,337,188,149,141,77,64
54220201,32,17,15,4,2,2,1,1,0,22,11,11,5,3,2
54220202,300,160,140,19,11,8,14,5,9,180,100,80,87,44,43
54220203,469,458,11,52,51,1,60,59,1,262,256,6,95,92,3
54221101,273,142,131,11,5,6,5,4,1,176,89,87,81,44,37
1183202,0,0,0,0,0,0,0,0,0,0,0,0,0,0,0
54424801,64,32,32,2,1,1,3,1,2,56,27,29,3,3,0
54424802,73,34,39,2,1,1,5,2,3,51,23,28,15,8,7
54424803,57,28,29,2,1,1,0,0,0,37,16,21,18,11,7
54424804,691,345,346,24,9,15,25,10,15,472,239,233,170,87,83
54424805,131,70,61,4,3,1,4,2,2,87,48,39,36,17,19
54424806,50,26,24,2,0,2,1,1,0,33,19,14,14,6,8
54222901,275,142,133,16,8,8,9,4,5,169,89,80,81,41,40
54223701,254,130,124,11,4,7,7,3,4,182,97,85,54,26,28
59857702,79,37,42,13,6,7,0,0,0,59,28,31,7,3,4
54225301,206,108,98,7,5,2,5,2,3,136,72,64,58,29,29
56526101,216,105,111,7,5,2,5,3,2,137,66,71,67,31,36
54227001,266,129,137,16,8,8,14,7,7,142,62,80,94,52,42
1369480,0,0,0,0,0,0,0,0,0,0,0,0,0,0,0
54228802,123,65,58,11,6,5,2,0,2,88,44,44,22,15,7
59976001,162,87,75,19,8,11,6,2,4,107,58,49,30,19,11
54165601,871,489,382,42,19,23,50,23,27,423,230,193,356,217,139
54165602,470,215,255,22,10,12,41,20,21,261,120,141,146,65,81
54165603,41,24,17,2,1,1,7,3,4,26,16,10,6,4,2
54165604,943,442,501,68,36,32,42,24,18,606,282,324,227,100,127
54165605,78,39,39,2,2,0,2,0,2,56,27,29,18,10,8
54165606,768,323,445,38,12,26,59,15,44,487,216,271,184,80,104
54165607,1302,581,721,83,37,46,65,27,38,785,342,443,369,175,194
54165609,3160,1499,1661,184,78,106,131,57,74,2020,971,1049,825,393,432
54165610,1397,635,762,94,38,56,63,30,33,882,399,483,358,168,190
54165611,36,19,17,2,2,0,0,0,0,32,16,16,2,1,1
54165612,1807,880,927,119,52,67,97,35,62,1135,558,577,456,235,221
54165614,2566,1231,1335,144,56,88,130,61,69,1612,792,820,680,322,358
54165615,64,32,32,3,2,1,1,0,1,39,20,19,21,10,11
54165616,68,38,30,5,3,2,1,0,1,45,22,23,17,13,4
54165617,236,109,127,10,3,7,14,6,8,152,71,81,60,29,31
54165618,1223,561,662,71,26,45,73,31,42,714,334,380,365,170,195
54165619,49,19,30,3,1,2,2,0,2,26,10,16,18,8,10
54165620,241,128,113,13,7,6,9,7,2,142,71,71,77,43,34
54165621,53,24,29,2,2,0,8,3,5,27,14,13,16,5,11
59852601,67,51,16,0,0,0,0,0,0,10,7,3,57,44,13
59852602,896,457,439,46,18,28,43,22,21,541,273,268,266,144,122
59852604,50,26,24,7,3,4,3,2,1,28,14,14,12,7,5
54232601,35,16,19,2,1,1,1,0,1,26,11,15,6,4,2
54232603,735,363,372,35,18,17,18,8,10,467,232,235,215,105,110
54233401,1012,531,481,42,22,20,62,30,32,645,331,314,263,148,115
56550401,114,61,53,5,2,3,8,5,3,58,32,26,43,22,21
54235102,1278,652,626,61,25,36,36,16,20,766,395,371,415,216,199
54235103,125,68,57,7,3,4,3,2,1,79,47,32,36,16,20
54236901,239,134,105,11,6,5,3,3,0,169,98,71,56,27,29
54237702,123,56,67,4,1,3,2,1,1,89,42,47,28,12,16
54237703,142,75,67,12,6,6,13,7,6,70,36,34,47,26,21
54237704,957,476,481,45,23,22,28,13,15,630,307,323,254,133,121
54238502,153,79,74,14,8,6,10,6,4,82,43,39,47,22,25
54241501,33,15,18,5,3,2,1,0,1,15,5,10,12,7,5
54241502,96,48,48,3,1,2,1,0,1,69,34,35,23,13,10
54241504,106,50,56,8,3,5,6,1,5,78,40,38,14,6,8
54241505,49,29,20,2,1,1,4,3,1,34,20,14,9,5,4
54241507,338,178,160,15,6,9,12,5,7,185,102,83,126,65,61
54241508,53,28,25,3,2,1,3,2,1,35,16,19,12,8,4
56540701,81,39,42,7,3,4,5,0,5,45,25,20,24,11,13
54243101,314,164,150,22,10,12,10,3,7,174,95,79,108,56,52
54245801,298,152,146,29,10,19,12,4,8,192,102,90,65,36,29
54245802,62,30,32,4,2,2,1,0,1,37,20,17,20,8,12
54246601,104,52,52,5,3,2,4,1,3,63,32,31,32,16,16
54246602,471,239,232,28,9,19,27,14,13,282,146,136,134,70,64
54247401,522,268,254,23,11,12,11,7,4,347,176,171,141,74,67
59849601,40,20,20,0,0,0,3,0,3,29,16,13,8,4,4
59849602,30,15,15,2,0,2,1,1,0,21,11,10,6,3,3
59849603,86,43,43,4,0,4,5,4,1,55,29,26,22,10,12
56532601,43,25,18,1,0,1,1,0,1,28,16,12,13,9,4
54250401,164,78,86,8,3,5,2,1,1,110,53,57,44,21,23
54251201,87,46,41,11,5,6,2,1,1,46,27,19,28,13,15
54251202,412,196,216,21,7,14,9,3,6,245,117,128,137,69,68
56551201,70,39,31,2,1,1,2,0,2,48,27,21,18,11,7
54256303,272,135,137,20,7,13,14,8,6,137,70,67,101,50,51
54256304,26,13,13,0,0,0,0,0,0,25,12,13,1,1,0
1783490,0,0,0,0,0,0,0,0,0,0,0,0,0,0,0
52969901,55,25,30,1,1,0,1,1,0,38,16,22,15,7,8
56513001,99,49,50,4,2,2,3,2,1,72,35,37,20,10,10
54259801,316,164,152,19,5,14,8,3,5,200,105,95,89,51,38
54260101,356,193,163,11,3,8,9,3,6,199,105,94,137,82,55
54261001,234,117,117,7,3,4,12,6,6,156,79,77,59,29,30
54261003,38,22,16,1,0,1,2,0,2,29,17,12,6,5,1
54261004,311,152,159,33,13,20,33,17,16,168,83,85,77,39,38
59851801,32,17,15,1,0,1,3,1,2,24,14,10,4,2,2
59851802,102,49,53,4,1,3,4,2,2,63,30,33,31,16,15
53582601,610,303,307,50,18,32,61,24,37,284,149,135,215,112,103
53582602,387,188,199,36,17,19,27,10,17,215,108,107,109,53,56
53615601,111,57,54,13,7,6,15,8,7,59,27,32,24,15,9
54427201,1521,734,787,157,66,91,173,77,96,748,381,367,443,210,233
1684322,0,0,0,0,0,0,0,0,0,0,0,0,0,0,0
54428101,2828,1366,1462,328,146,182,422,182,240,1164,596,568,914,442,472
54428102,418,211,207,27,11,16,37,18,19,180,88,92,174,94,80
54428103,41,24,17,6,3,3,5,3,2,12,7,5,18,11,7
54428104,143,72,71,7,2,5,19,5,14,56,31,25,61,34,27
54428105,250,126,124,40,21,19,34,13,21,98,47,51,78,45,33
54428106,94,48,46,4,1,3,21,10,11,34,15,19,35,22,13
54428107,102,45,57,3,2,1,10,4,6,54,24,30,35,15,20
54428108,164,83,81,24,12,12,11,6,5,56,26,30,73,39,34
53568101,21,13,8,4,3,1,6,3,3,11,7,4,0,0,0
53568102,87,43,44,15,7,8,18,11,7,32,15,17,22,10,12
53568103,42,22,20,2,1,1,2,1,1,16,8,8,22,12,10
54429901,959,458,501,111,56,55,141,68,73,419,196,223,288,138,150
54429902,286,134,152,25,9,16,25,13,12,169,76,93,67,36,31
54429903,37,17,20,7,3,4,1,0,1,23,10,13,6,4,2
54429904,580,283,297,55,27,28,74,31,43,274,148,126,177,77,100
54429905,30,16,14,0,0,0,5,2,3,9,5,4,16,9,7
54429906,23,14,9,3,1,2,2,1,1,13,9,4,5,3,2
54429907,127,65,62,13,6,7,16,7,9,62,32,30,36,20,16
53540101,213,100,113,23,8,15,48,24,24,61,32,29,81,36,45
55149001,271,132,139,27,12,15,68,30,38,87,43,44,89,47,42
53605901,46,23,23,2,1,1,4,2,2,17,7,10,23,13,10
53605902,126,63,63,20,8,12,34,14,20,48,23,25,24,18,6
53554101,197,92,105,35,12,23,27,10,17,102,55,47,33,15,18
53554102,66,27,39,5,2,3,4,2,2,24,10,14,33,13,20
53554103,29,18,11,7,3,4,7,4,3,10,6,4,5,5,0
54432901,389,201,188,22,11,11,53,29,24,154,78,76,160,83,77
59897601,62,29,33,9,4,5,14,7,7,17,10,7,22,8,14
0219890,0,0,0,0,0,0,0,0,0,0,0,0,0,0,0
0220120,0,0,0,0,0,0,0,0,0,0,0,0,0,0,0
0221010,0,0,0,0,0,0,0,0,0,0,0,0,0,0,0
0221360,0,0,0,0,0,0,0,0,0,0,0,0,0,0,0
0221610,0,0,0,0,0,0,0,0,0,0,0,0,0,0,0
0222332,0,0,0,0,0,0,0,0,0,0,0,0,0,0,0
0225270,0,0,0,0,0,0,0,0,0,0,0,0,0,0,0
3311800,0,0,0,0,0,0,0,0,0,0,0,0,0,0,0
54425601,3024,1735,1289,298,135,163,240,123,117,952,521,431,1534,956,578
54425603,190,95,95,18,8,10,23,14,9,92,45,47,57,28,29
54425604,1061,517,544,109,47,62,115,56,59,490,246,244,347,168,179
54425605,870,409,461,105,41,64,87,36,51,452,223,229,226,109,117
54425606,562,279,283,53,17,36,73,36,37,266,140,126,170,86,84
54425607,259,134,125,22,9,13,10,7,3,125,68,57,102,50,52
54425608,9428,4332,5096,892,353,539,974,376,598,4628,2268,2360,2934,1335,1599
54425609,14784,6966,7818,1500,635,865,1439,629,810,7089,3453,3636,4756,2249,2507
54425610,536,259,277,61,26,35,57,35,22,266,135,131,152,63,89
54425611,4657,2197,2460,484,206,278,486,201,285,2261,1099,1162,1426,691,735
54425612,25,12,13,0,0,0,0,0,0,17,9,8,8,3,5
54425613,170,81,89,14,5,9,7,3,4,89,45,44,60,28,32
54425614,1478,736,742,148,67,81,225,103,122,698,364,334,407,202,205
54425615,1112,532,580,123,54,69,144,67,77,461,227,234,384,184,200
54425616,909,449,460,83,38,45,126,61,65,477,237,240,223,113,110
54425617,3216,1594,1622,370,164,206,390,190,200,1373,722,651,1083,518,565
54425618,4044,1984,2060,462,200,262,471,195,276,1773,896,877,1338,693,645
54425619,5298,2455,2843,566,234,332,582,226,356,2516,1227,1289,1634,768,866
54425620,149,69,80,28,15,13,16,8,8,63,28,35,42,18,24
54425621,4190,2003,2187,459,201,258,547,248,299,1868,922,946,1316,632,684
54425623,1933,961,972,221,96,125,222,95,127,918,491,427,572,279,293
54425624,3415,1503,1912,382,144,238,404,139,265,1542,729,813,1087,491,596
54425625,2212,1006,1206,231,95,136,263,97,166,1045,513,532,673,301,372
54425627,543,272,271,51,25,26,54,28,26,270,140,130,168,79,89
54425628,568,308,260,54,27,27,64,35,29,291,160,131,159,86,73
54425629,528,262,266,70,40,30,57,24,33,247,122,125,154,76,78
54425630,138,72,66,11,7,4,15,8,7,56,29,27,56,28,28
54425631,92,82,10,20,20,0,13,12,1,14,11,3,45,39,6
54425632,341,171,170,41,24,17,35,18,17,161,78,83,104,51,53
54425633,46,23,23,9,4,5,4,2,2,27,15,12,6,2,4
54425634,804,390,414,65,30,35,79,31,48,396,194,202,264,135,129
54425635,50,29,21,5,2,3,6,2,4,20,13,7,19,12,7
54425636,475,229,246,54,24,30,59,26,33,223,107,116,139,72,67
54425637,146,77,69,13,7,6,19,7,12,78,41,37,36,22,14
54425639,2675,1297,1378,282,134,148,314,131,183,1279,648,631,800,384,416
54425640,187,102,85,18,9,9,14,7,7,98,55,43,57,31,26
54425641,3295,1594,1701,350,157,193,439,199,240,1517,759,758,989,479,510
54425642,562,280,282,64,27,37,55,27,28,275,145,130,168,81,87
54425643,104,52,52,19,6,13,6,4,2,29,14,15,50,28,22
54425644,298,164,134,25,12,13,31,14,17,155,87,68,87,51,36
54425645,429,205,224,45,19,26,42,15,27,203,105,98,139,66,73
54425646,355,193,162,62,31,31,31,17,14,128,62,66,134,83,51
54425647,67,34,33,11,8,3,11,4,7,23,12,11,22,10,12
54425649,2503,1206,1297,274,118,156,331,134,197,1143,582,561,755,372,383
54425650,388,191,197,29,12,17,35,18,17,214,107,107,110,54,56
54425651,1726,822,904,175,80,95,240,98,142,806,407,399,505,237,268
54425653,852,435,417,91,53,38,114,51,63,412,214,198,235,117,118
54425654,384,197,187,49,25,24,21,9,12,204,109,95,110,54,56
54425655,2564,1263,1301,315,140,175,282,137,145,1224,617,607,743,369,374
54425656,271,141,130,30,7,23,24,9,15,121,65,56,96,60,36
54425657,91,43,48,5,2,3,14,6,8,53,25,28,19,10,9
54425658,276,213,63,26,19,7,26,22,4,97,74,23,127,98,29
54425659,28,11,17,2,0,2,5,1,4,16,8,8,5,2,3
54425660,50,26,24,17,9,8,3,1,2,20,9,11,10,7,3
54425662,2877,1339,1538,304,121,183,387,153,234,1233,621,612,953,444,509
54425663,1090,521,569,131,63,68,136,59,77,554,275,279,269,124,145
54425664,364,181,183,35,19,16,26,13,13,172,87,85,131,62,69
54425665,3330,1579,1751,403,180,223,459,209,250,1500,711,789,968,479,489
54425666,3645,1728,1917,402,164,238,500,202,298,1667,853,814,1076,509,567
55150301,37,16,21,5,2,3,5,0,5,9,4,5,18,10,8
55150302,116,58,58,19,10,9,18,7,11,48,27,21,31,14,17
55150303,80,30,50,4,2,2,21,6,15,19,10,9,36,12,24
55150304,50,23,27,5,1,4,11,5,6,26,13,13,8,4,4
53524901,338,177,161,36,20,16,64,25,39,154,87,67,84,45,39
54436101,71,34,37,6,3,3,14,3,11,29,17,12,22,11,11
54436102,160,83,77,16,8,8,43,19,24,61,30,31,40,26,14
54436103,64,31,33,3,1,2,2,1,1,30,15,15,29,14,15
54436104,87,46,41,8,2,6,6,4,2,33,14,19,40,26,14
54436105,60,37,23,14,7,7,6,5,1,34,21,13,6,4,2
54436106,109,51,58,11,2,9,12,5,7,39,22,17,47,22,25
53520601,2800,1345,1455,339,148,191,426,149,277,1136,597,539,899,451,448
53619901,114,57,57,9,3,6,6,2,4,47,27,20,52,25,27
54438801,1233,613,620,121,50,71,142,69,73,530,271,259,440,223,217
54438802,37,20,17,2,2,0,10,4,6,5,2,3,20,12,8
54438803,49,28,21,3,2,1,17,9,8,9,6,3,20,11,9
54438804,42,27,15,2,1,1,3,1,2,16,11,5,21,14,7
54438806,47,22,25,9,5,4,13,5,8,10,3,7,15,9,6
54438807,96,47,49,6,3,3,24,11,13,41,23,18,25,10,15
54438808,97,53,44,9,4,5,13,4,9,40,26,14,35,19,16
54438809,62,25,37,14,7,7,4,1,3,33,13,20,11,4,7
53566401,325,154,171,30,12,18,29,11,18,149,74,75,117,57,60
54440001,43,22,21,4,0,4,3,2,1,30,18,12,6,2,4
54440002,42,17,25,9,3,6,2,1,1,16,8,8,15,5,10
54440003,101,51,50,11,4,7,22,6,16,46,26,20,22,15,7
54440004,296,154,142,32,13,19,26,13,13,158,80,78,80,48,32
53595801,309,149,160,38,20,18,54,18,36,146,76,70,71,35,36
54937101,165,83,82,24,13,11,36,13,23,59,32,27,46,25,21
54937102,54,30,24,8,6,2,11,7,4,22,10,12,13,7,6
54937103,22,9,13,0,0,0,5,0,5,11,5,6,6,4,2
54442601,170,86,84,8,3,5,23,11,12,64,31,33,75,41,34
54442602,706,356,350,79,37,42,82,35,47,292,156,136,253,128,125
54442604,163,77,86,30,14,16,13,6,7,56,28,28,64,29,35
54442605,156,75,81,17,9,8,16,4,12,66,33,33,57,29,28
54442606,130,75,55,10,4,6,28,19,9,49,29,20,43,23,20
54442608,67,34,33,10,3,7,7,3,4,26,15,11,24,13,11
54442609,69,37,32,7,4,3,21,10,11,23,13,10,18,10,8
54442610,104,51,53,17,8,9,11,6,5,36,18,18,40,19,21
54442611,68,28,40,6,1,5,4,1,3,31,13,18,27,13,14
53578801,193,106,87,26,14,12,18,8,10,74,42,32,75,42,33
53578802,120,58,62,14,8,6,16,6,10,46,23,23,44,21,23
53578803,111,54,57,7,3,4,18,8,10,51,27,24,35,16,19
54444201,734,367,367,82,40,42,144,67,77,296,156,140,212,104,108
54444202,151,72,79,11,4,7,20,8,12,66,28,38,54,32,22
54444203,356,186,170,40,19,21,64,31,33,135,78,57,117,58,59
54444204,105,57,48,12,6,6,27,11,16,41,26,15,25,14,11
54444205,335,177,158,32,14,18,40,14,26,142,78,64,121,71,50
54445101,266,139,127,13,6,7,51,25,26,101,58,43,101,50,51
54445102,45,22,23,6,3,3,3,0,3,11,7,4,25,12,13
54445104,31,18,13,2,2,0,4,2,2,15,8,7,10,6,4
53557501,110,63,47,15,6,9,10,5,5,63,40,23,22,12,10
53607501,178,90,88,8,4,4,49,24,25,58,30,28,63,32,31
59859301,184,96,88,26,9,17,22,10,12,101,55,46,35,22,13
59859302,20,11,9,1,1,0,0,0,0,15,7,8,4,3,1
53585101,151,73,78,9,4,5,36,17,19,56,27,29,50,25,25
59860701,274,136,138,39,20,19,28,9,19,140,74,66,67,33,34
59860702,171,94,77,16,9,7,27,13,14,67,37,30,61,35,26
54448501,255,120,135,36,16,20,27,13,14,116,59,57,76,32,44
54448502,26,14,12,2,2,0,0,0,0,24,12,12,0,0,0
54448503,1606,777,829,160,61,99,194,89,105,696,347,349,556,280,276
54448504,24,12,12,1,0,1,12,7,5,2,1,1,9,4,5
54448505,44,24,20,3,1,2,3,3,0,21,12,9,17,8,9
54448506,109,59,50,12,8,4,14,4,10,65,36,29,18,11,7
54448507,2576,1250,1326,265,111,154,281,111,170,1135,592,543,895,436,459
54448508,196,97,99,18,10,8,12,6,6,91,40,51,75,41,34
54448509,38,21,17,2,2,0,11,5,6,19,13,6,6,1,5
54448510,54,22,32,4,2,2,10,2,8,20,10,10,20,8,12
54448512,147,70,77,16,9,7,16,7,9,62,29,33,53,25,28
54448513,30,19,11,4,3,1,0,0,0,10,8,2,16,8,8
54448514,36,16,20,4,2,2,4,0,4,20,10,10,8,4,4
54448515,169,89,80,19,9,10,20,9,11,76,44,32,54,27,27
54449301,71,33,38,13,6,7,12,6,6,32,15,17,14,6,8
54449302,179,93,86,27,13,14,25,15,10,76,39,37,51,26,25
54449303,524,266,258,45,20,25,63,31,32,260,133,127,156,82,74
54449304,81,38,43,8,3,5,7,4,3,39,18,21,27,13,14
54449305,821,409,412,70,31,39,71,31,40,423,215,208,257,132,125
53610501,32,15,17,2,1,1,8,2,6,14,8,6,8,4,4
53610502,32,12,20,2,1,1,9,2,7,16,7,9,5,2,3
53610503,45,19,26,4,3,1,12,3,9,8,4,4,21,9,12
0442291,0,0,0,0,0,0,0,0,0,0,0,0,0,0,0
54451501,38,21,17,3,2,1,7,3,4,28,16,12,0,0,0
54451502,59,35,24,7,4,3,7,4,3,26,17,9,19,10,9
54451503,56,11,45,1,0,1,12,4,8,4,2,2,39,5,34
54451504,39,19,20,12,6,6,4,2,2,7,4,3,16,7,9
54451505,837,429,408,73,32,41,67,26,41,395,213,182,302,158,144
54451506,30,19,11,1,0,1,4,3,1,10,7,3,15,9,6
54451507,23,14,9,5,3,2,6,3,3,6,4,2,6,4,2
54451509,47,30,17,1,1,0,2,1,1,30,20,10,14,8,6
54451512,45,24,21,6,3,3,10,5,5,21,11,10,8,5,3
54451513,69,38,31,1,1,0,1,0,1,39,22,17,28,15,13
54451514,22,14,8,5,1,4,7,4,3,8,7,1,2,2,0
54451519,202,104,98,7,4,3,27,12,15,90,50,40,78,38,40
54452301,288,141,147,28,8,20,36,17,19,128,64,64,96,52,44
54452302,614,323,291,90,49,41,92,42,50,209,109,100,223,123,100
53552402,163,81,82,16,6,10,36,14,22,50,30,20,61,31,30
53546001,103,47,56,13,5,8,19,10,9,38,18,20,33,14,19
54454001,21,12,9,4,1,3,10,6,4,7,5,2,0,0,0
54454002,25,16,9,7,5,2,2,1,1,9,5,4,7,5,2
54454005,77,44,33,3,3,0,4,2,2,43,27,16,27,12,15
54454006,64,29,35,9,5,4,4,1,3,32,14,18,19,9,10
54455801,1436,721,715,170,77,93,200,92,108,614,321,293,452,231,221
54455802,49,26,23,4,3,1,2,1,1,21,10,11,22,12,10
53575301,610,315,295,66,37,29,72,31,41,257,145,112,215,102,113
53561301,136,66,70,9,4,5,6,2,4,70,31,39,51,29,22
53590701,61,32,29,9,5,4,3,0,3,21,10,11,28,17,11
53590702,215,116,99,18,8,10,50,22,28,63,38,25,84,48,36
54459102,85,44,41,7,4,3,12,5,7,47,24,23,19,11,8
54459104,101,47,54,10,4,6,19,8,11,45,21,24,27,14,13
54459105,406,202,204,34,12,22,54,25,29,176,95,81,142,70,72
54459106,123,73,50,6,3,3,36,21,15,46,26,20,35,23,12
54461201,204,102,102,36,14,22,43,22,21,74,39,35,51,27,24
54461202,173,89,84,10,5,5,27,14,13,74,34,40,62,36,26
54463901,515,266,249,62,33,29,97,41,56,204,112,92,152,80,72
54463902,43,16,27,7,5,2,3,1,2,16,5,11,17,5,12
54463903,157,78,79,18,10,8,20,8,12,66,34,32,53,26,27
54463904,43,23,20,2,0,2,5,2,3,23,13,10,13,8,5
54463905,95,46,49,3,1,2,16,8,8,38,21,17,38,16,22
54463907,40,15,25,2,1,1,1,1,0,11,5,6,26,8,18
54463908,111,56,55,6,2,4,8,4,4,48,24,24,49,26,23
54463909,23,9,14,1,0,1,8,3,5,11,5,6,3,1,2
53576101,58,31,27,9,5,4,12,5,7,15,9,6,22,12,10
53576102,368,190,178,36,16,20,51,26,25,181,96,85,100,52,48
53598201,222,112,110,20,10,10,5,3,2,97,53,44,100,46,54
53598202,20,10,10,0,0,0,11,5,6,5,3,2,4,2,2
53598203,70,34,36,8,4,4,5,4,1,26,13,13,31,13,18
54466301,40,19,21,2,2,0,1,0,1,25,12,13,12,5,7
54466302,56,24,32,5,2,3,24,9,15,6,3,3,21,10,11
54466303,27,12,15,5,2,3,3,1,2,10,5,5,9,4,5
54466304,55,28,27,8,6,2,1,0,1,17,9,8,29,13,16
54466305,88,40,48,12,4,8,12,4,8,29,16,13,35,16,19
54466306,1744,865,879,171,85,86,275,115,160,730,387,343,568,278,290
54466307,24,16,8,0,0,0,4,2,2,8,5,3,12,9,3
54466308,31,14,17,0,0,0,4,1,3,2,1,1,25,12,13
54466310,124,58,66,7,3,4,31,9,22,41,24,17,45,22,23
54466311,47,23,24,3,2,1,8,3,5,11,5,6,25,13,12
54466312,138,64,74,15,6,9,15,5,10,58,31,27,50,22,28
54466313,45,28,17,1,1,0,1,0,1,14,8,6,29,19,10
54466314,43,20,23,8,5,3,8,3,5,22,10,12,5,2,3
53587702,196,92,104,16,6,10,36,13,23,76,38,38,68,35,33
53587703,76,38,38,10,6,4,7,2,5,38,19,19,21,11,10
53587705,52,30,22,5,2,3,19,11,8,8,4,4,20,13,7
53587706,31,18,13,0,0,0,2,1,1,20,12,8,9,5,4
52972901,133,69,64,13,3,10,6,2,4,59,36,23,55,28,27
54473601,114,62,52,12,7,5,22,12,10,38,17,21,42,26,16
54473602,1859,930,929,200,81,119,318,148,170,655,351,304,686,350,336
54473604,139,73,66,11,5,6,16,7,9,53,27,26,59,34,25
54473605,96,49,47,14,5,9,29,15,14,20,11,9,33,18,15
54473606,196,95,101,23,13,10,16,4,12,92,42,50,65,36,29
54474401,49,24,25,4,1,3,13,7,6,14,9,5,18,7,11
54474402,161,85,76,18,5,13,54,26,28,29,15,14,60,39,21
54474403,83,47,36,10,4,6,3,0,3,36,22,14,34,21,13
54474404,123,62,61,16,8,8,19,11,8,38,19,19,50,24,26
53580001,90,40,50,17,5,12,9,1,8,35,21,14,29,13,16
53580002,201,110,91,15,4,11,11,6,5,43,23,20,132,77,55
53580003,331,168,163,36,19,17,37,18,19,155,82,73,103,49,54
54476101,170,87,83,22,11,11,17,3,14,67,36,31,64,37,27
54476102,475,239,236,57,29,28,97,44,53,196,98,98,125,68,57
54477901,37,16,21,12,5,7,9,3,6,11,6,5,5,2,3
54477902,262,128,134,33,18,15,44,17,27,84,41,43,101,52,49
54477903,49,23,26,2,0,2,7,1,6,10,7,3,30,15,15
54477904,49,29,20,7,4,3,15,8,7,9,6,3,18,11,7
54477905,129,60,69,20,8,12,21,10,11,43,23,20,45,19,26
54477906,93,48,45,7,4,3,4,2,2,37,18,19,45,24,21
54477907,78,46,32,4,3,1,2,2,0,35,20,15,37,21,16
54477908,88,45,43,7,5,2,15,7,8,21,10,11,45,23,22
54477909,42,20,22,7,2,5,11,6,5,15,8,7,9,4,5
54477910,3320,1649,1671,337,158,179,481,214,267,1388,719,669,1114,558,556
54477912,105,54,51,16,9,7,19,8,11,31,18,13,39,19,20
54477913,45,25,20,5,4,1,16,7,9,18,8,10,6,6,0
54477915,80,39,41,9,2,7,8,5,3,17,9,8,46,23,23
54477916,136,73,63,17,8,9,14,6,8,45,29,16,60,30,30
54479501,106,48,58,8,3,5,23,9,14,38,18,20,37,18,19
54479502,1101,544,557,103,46,57,100,50,50,558,276,282,340,172,168
54479503,614,299,315,76,33,43,30,15,15,311,151,160,197,100,97
54479504,606,325,281,55,24,31,64,30,34,271,149,122,216,122,94
54479505,223,108,115,27,14,13,24,10,14,118,60,58,54,24,30
54480901,565,311,254,69,38,31,94,44,50,252,146,106,150,83,67
54480902,163,84,79,18,10,8,17,7,10,79,47,32,49,20,29
53594001,213,118,95,19,10,9,26,10,16,79,43,36,89,55,34
54481701,233,128,105,20,9,11,50,25,25,104,57,47,59,37,22
54481702,66,33,33,4,2,2,6,3,3,23,11,12,33,17,16
54481703,96,48,48,9,5,4,6,4,2,49,22,27,32,17,15
54481704,31,17,14,5,3,2,1,0,1,23,13,10,2,1,1
59861501,67,31,36,4,2,2,18,9,9,23,11,12,22,9,13
59861502,33,16,17,4,2,2,11,4,7,11,5,6,7,5,2
53584202,117,56,61,7,2,5,27,13,14,52,27,25,31,14,17
53528101,213,102,111,16,10,6,15,4,11,130,63,67,52,25,27
53528102,85,41,44,5,2,3,5,3,2,45,25,20,30,11,19
53537101,209,104,105,13,5,8,23,9,14,71,40,31,102,50,52
54482501,42,20,22,12,6,6,1,0,1,22,11,11,7,3,4
54482502,322,165,157,37,19,18,36,17,19,139,72,67,110,57,53
53543501,351,178,173,47,26,21,63,31,32,126,66,60,115,55,60
53564801,332,176,156,56,28,28,41,23,18,127,69,58,108,56,52
53564802,58,31,27,15,6,9,2,0,2,22,12,10,19,13,6
53564803,298,146,152,31,12,19,34,16,18,154,83,71,79,35,44
53564804,75,32,43,4,2,2,9,2,7,31,16,15,31,12,19
54486801,151,76,75,16,8,8,16,8,8,61,26,35,58,34,24
54486802,87,40,47,5,1,4,9,4,5,35,16,19,38,19,19
54486803,36,17,19,1,0,1,10,6,4,12,5,7,13,6,7
54486805,1889,953,936,161,65,96,187,84,103,869,446,423,672,358,314
54486806,72,35,37,9,4,5,7,3,4,39,19,20,17,9,8
54486809,162,87,75,21,11,10,15,10,5,59,29,30,67,37,30
54486812,45,24,21,0,0,0,1,1,0,26,14,12,18,9,9
54488401,644,315,329,70,35,35,123,58,65,234,109,125,217,113,104
54488402,43,20,23,2,1,1,4,0,4,22,13,9,15,6,9
54488403,151,76,75,24,10,14,16,9,7,67,35,32,44,22,22
54489201,137,73,64,10,5,5,10,4,6,70,39,31,47,25,22
54489202,40,19,21,2,2,0,6,2,4,12,5,7,20,10,10
54489203,595,296,299,36,19,17,73,29,44,247,123,124,239,125,114
53523101,175,97,78,32,19,13,22,11,11,54,29,25,67,38,29
53569901,200,110,90,24,14,10,36,18,18,68,35,33,72,43,29
53569902,78,39,39,12,5,7,15,7,8,20,12,8,31,15,16
53599101,215,107,108,22,9,13,25,11,14,95,51,44,73,36,37
53599102,89,45,44,13,6,7,5,3,2,30,12,18,41,24,17
53599103,292,152,140,17,9,8,31,13,18,112,58,54,132,72,60
53599104,30,14,16,1,0,1,4,2,2,17,8,9,8,4,4
53517601,37,18,19,1,0,1,0,0,0,21,11,10,15,7,8
53517602,209,106,103,13,10,3,5,1,4,96,44,52,95,51,44
53534601,111,62,49,6,3,3,18,8,10,62,36,26,25,15,10
53534602,39,23,16,14,7,7,5,2,3,12,8,4,8,6,2
53534603,290,152,138,35,15,20,26,13,13,141,77,64,88,47,41
54496501,125,63,62,12,5,7,22,12,10,46,24,22,45,22,23
54496502,49,27,22,14,7,7,5,1,4,11,6,5,19,13,6
54497301,370,183,187,28,15,13,16,9,7,204,96,108,122,63,59
54497302,1019,518,501,106,45,61,85,36,49,499,271,228,329,166,163
54498101,2301,1152,1149,246,108,138,272,128,144,1091,566,525,692,350,342
54498102,188,97,91,28,15,13,23,10,13,60,37,23,77,35,42
54500701,85,48,37,0,0,0,12,5,7,46,25,21,27,18,9
54500704,67,31,36,13,7,6,13,6,7,22,12,10,19,6,13
54500705,54,30,24,2,1,1,5,2,3,25,15,10,22,12,10
54500708,62,37,25,5,1,4,16,10,6,18,12,6,23,14,9
54500709,634,312,322,84,40,44,112,55,57,243,121,122,195,96,99
54500710,42,21,21,1,1,0,14,5,9,16,8,8,11,7,4
54501501,112,55,57,10,4,6,7,3,4,47,25,22,48,23,25
54501502,43,19,24,8,4,4,14,6,8,11,5,6,10,4,6
54501503,104,50,54,7,1,6,18,5,13,51,30,21,28,14,14
54501504,207,99,108,37,16,21,55,24,31,68,32,36,47,27,20
54501505,57,32,25,9,4,5,15,9,6,19,11,8,14,8,6
54502301,69,34,35,9,4,5,12,6,6,25,17,8,23,7,16
54502302,67,36,31,5,4,1,4,3,1,35,18,17,23,11,12
54502303,56,24,32,6,2,4,9,3,6,22,12,10,19,7,12
54502304,27,16,11,0,0,0,3,2,1,11,7,4,13,7,6
54502305,83,50,33,14,7,7,9,4,5,30,23,7,30,16,14
54502306,383,194,189,42,21,21,60,26,34,136,69,67,145,78,67
54506601,1325,662,663,143,68,75,163,75,88,640,332,308,379,187,192
54506602,917,466,451,90,42,48,104,48,56,450,246,204,273,130,143
54506603,358,175,183,38,20,18,22,7,15,210,103,107,88,45,43
54506604,326,158,168,33,15,18,45,22,23,144,70,74,104,51,53
54507401,1281,632,649,150,61,89,126,55,71,597,316,281,408,200,208
54508201,63,30,33,3,1,2,8,5,3,38,17,21,14,7,7
54508202,29,15,14,0,0,0,1,0,1,10,5,5,18,10,8
54508203,329,167,162,33,15,18,25,15,10,167,85,82,104,52,52
54508204,99,47,52,11,6,5,16,3,13,34,18,16,38,20,18
53603201,55,30,25,3,2,1,5,3,2,31,16,15,16,9,7
54509101,210,106,104,17,7,10,37,17,20,104,52,52,52,30,22
54510401,30,16,14,2,1,1,7,4,3,5,2,3,16,9,7
54510402,32,12,20,6,4,2,1,1,0,12,4,8,13,3,10
54510404,97,52,45,13,8,5,19,14,5,49,22,27,16,8,8
54510406,418,214,204,27,13,14,57,28,29,177,88,89,157,85,72
54512101,1367,664,703,148,71,77,240,113,127,561,284,277,418,196,222
54513901,54,27,27,5,2,3,6,2,4,25,15,10,18,8,10
54513902,902,478,424,86,44,42,195,92,103,319,171,148,302,171,131
0139430,0,0,0,0,0,0,0,0,0,0,0,0,0,0,0
0139780,0,0,0,0,0,0,0,0,0,0,0,0,0,0,0
0139860,0,0,0,0,0,0,0,0,0,0,0,0,0,0,0
1658160,0,0,0,0,0,0,0,0,0,0,0,0,0,0,0
54515502,76,44,32,6,3,3,17,9,8,19,11,8,34,21,13
54515503,28,13,15,0,0,0,1,1,0,7,3,4,20,9,11
54515504,58,34,24,14,7,7,17,10,7,6,4,2,21,13,8
54515505,53,27,26,3,1,2,22,13,9,16,7,9,12,6,6
54515506,125,65,60,13,5,8,9,6,3,40,19,21,63,35,28
54515507,51,28,23,5,2,3,3,2,1,21,13,8,22,11,11
54515508,54,32,22,2,0,2,0,0,0,20,12,8,32,20,12
54515509,312,159,153,26,14,12,24,8,16,135,70,65,127,67,60
3353630,0,0,0,0,0,0,0,0,0,0,0,0,0,0,0
54517101,36,21,15,3,2,1,8,6,2,16,7,9,9,6,3
54517102,94,46,48,14,7,7,15,7,8,39,17,22,26,15,11
54517103,30,17,13,2,1,1,1,0,1,14,9,5,13,7,6
54517104,113,55,58,10,6,4,18,8,10,53,27,26,32,14,18
54517105,66,33,33,3,2,1,18,5,13,22,11,11,23,15,8
54517106,34,17,17,5,2,3,10,4,6,7,5,2,12,6,6
54517107,43,23,20,6,3,3,0,0,0,31,16,15,6,4,2
54517108,33,19,14,2,0,2,0,0,0,19,10,9,12,9,3
54517109,59,32,27,6,2,4,14,9,5,19,12,7,20,9,11
54517110,60,30,30,8,5,3,13,6,7,17,10,7,22,9,13
54517111,275,135,140,21,12,9,26,16,10,110,57,53,118,50,68
54517112,103,50,53,7,2,5,14,7,7,51,24,27,31,17,14
54517114,91,51,40,10,6,4,13,5,8,32,19,13,36,21,15
54517115,50,27,23,3,3,0,6,4,2,26,13,13,15,7,8
54517116,413,204,209,31,13,18,49,26,23,187,99,88,146,66,80
54517117,23,11,12,2,1,1,2,1,1,9,5,4,10,4,6
54517119,506,249,257,46,22,24,64,26,38,231,122,109,165,79,86
54517120,1624,809,815,156,70,86,165,78,87,715,361,354,588,300,288
54517121,29,15,14,1,0,1,1,1,0,15,9,6,12,5,7
54517122,1455,709,746,158,80,78,208,86,122,550,289,261,539,254,285
3354520,0,0,0,0,0,0,0,0,0,0,0,0,0,0,0
54520101,74,40,34,14,8,6,8,4,4,23,14,9,29,14,15
54520102,189,99,90,9,4,5,17,6,11,95,54,41,68,35,33
54520104,36,18,18,3,1,2,8,4,4,10,5,5,15,8,7
54520105,106,50,56,16,9,7,31,13,18,28,15,13,31,13,18
54520107,113,58,55,11,6,5,16,9,7,47,23,24,39,20,19
54520108,69,30,39,4,1,3,10,4,6,30,13,17,25,12,13
54520111,802,393,409,83,31,52,98,42,56,359,188,171,262,132,130
54520112,698,368,330,47,18,29,96,45,51,267,153,114,288,152,136
54520113,42,23,19,0,0,0,8,5,3,16,9,7,18,9,9
54520114,397,202,195,38,16,22,47,22,25,172,89,83,140,75,65
54520116,2384,1163,1221,191,78,113,168,83,85,1170,592,578,855,410,445
54520117,51,28,23,7,3,4,8,5,3,20,12,8,16,8,8
54520118,31,19,12,8,4,4,6,2,4,9,7,2,8,6,2
54520119,320,152,168,33,12,21,44,18,26,121,67,54,122,55,67
54520120,1399,643,756,138,55,83,141,53,88,656,324,332,464,211,253
54520121,42,22,20,4,4,0,6,2,4,27,13,14,5,3,2
54520122,62,31,31,12,5,7,9,3,6,22,14,8,19,9,10
54520123,787,389,398,101,45,56,95,37,58,358,191,167,233,116,117
53549401,508,261,247,40,23,17,87,42,45,217,104,113,164,92,72
54522801,1451,731,720,194,94,100,186,86,100,627,328,299,444,223,221
54522802,856,434,422,76,39,37,71,40,31,460,219,241,249,136,113
53573701,601,307,294,77,39,38,47,26,21,322,158,164,155,84,71
53589301,77,36,41,12,5,7,10,4,6,25,12,13,30,15,15
53589302,379,205,174,36,20,16,43,20,23,161,94,67,139,71,68
53591501,43,25,18,11,5,6,6,5,1,14,8,6,12,7,5
54526101,52,23,29,4,0,4,9,4,5,28,14,14,11,5,6
54526102,50,21,29,3,1,2,10,4,6,16,9,7,21,7,14
54526103,116,56,60,22,8,14,22,11,11,36,20,16,36,17,19
54526104,320,160,160,41,19,22,32,13,19,146,76,70,101,52,49
54526105,266,138,128,24,16,8,45,20,25,106,56,50,91,46,45
54526106,61,27,34,8,1,7,1,0,1,30,14,16,22,12,10
53579601,448,229,219,53,27,26,48,23,25,229,116,113,118,63,55
1872082,0,0,0,0,0,0,0,0,0,0,0,0,0,0,0
54528701,185,97,88,14,6,8,34,15,19,66,38,28,71,38,33
54528702,655,348,307,48,19,29,57,29,28,312,159,153,238,141,97
54528704,34,20,14,3,1,2,2,0,2,16,11,5,13,8,5
54528705,104,62,42,6,2,4,12,7,5,54,32,22,32,21,11
54528707,135,72,63,14,6,8,13,6,7,55,31,24,53,29,24
54531701,61,30,31,7,3,4,14,5,9,22,13,9,18,9,9
54531702,92,41,51,6,2,4,13,5,8,43,20,23,30,14,16
54531703,207,106,101,17,8,9,12,6,6,122,64,58,56,28,28
53601601,468,242,226,46,25,21,47,21,26,193,100,93,182,96,86
59977801,56,27,29,7,4,3,7,4,3,27,12,15,15,7,8
3081610,0,0,0,0,0,0,0,0,0,0,0,0,0,0,0
54534101,1683,833,850,187,90,97,151,59,92,772,390,382,573,294,279
54534104,1654,784,870,155,63,92,140,63,77,850,423,427,509,235,274
54534105,73,36,37,6,2,4,3,2,1,50,24,26,14,8,6
53559101,234,120,114,20,10,10,38,13,25,89,49,40,87,48,39
53559102,24,13,11,6,3,3,1,0,1,7,4,3,10,6,4
54536801,114,55,59,14,6,8,18,6,12,53,30,23,29,13,16
54536802,316,166,150,38,19,19,34,13,21,164,93,71,80,41,39
54537601,23,12,11,1,1,0,11,5,6,3,1,2,8,5,3
54537602,198,103,95,8,1,7,4,1,3,97,51,46,89,50,39
54537604,51,24,27,3,1,2,0,0,0,30,14,16,18,9,9
54537605,51,23,28,11,3,8,14,6,8,22,12,10,4,2,2
1970250,0,0,0,0,0,0,0,0,0,0,0,0,0,0,0
54538401,105,48,57,6,3,3,19,11,8,36,18,18,44,16,28
54538402,26,11,15,1,0,1,1,1,0,12,6,6,12,4,8
54538403,120,67,53,11,4,7,10,5,5,63,37,26,36,21,15
54538404,41,22,19,4,1,3,7,4,3,18,11,7,12,6,6
54538406,46,26,20,7,4,3,11,5,6,14,8,6,14,9,5
54538407,40,22,18,5,3,2,16,9,7,15,8,7,4,2,2
54538408,216,115,101,7,3,4,29,13,16,112,59,53,68,40,28
54540601,1058,531,527,101,55,46,119,56,63,408,194,214,430,226,204
54540603,24,15,9,0,0,0,5,4,1,9,5,4,10,6,4
54540605,62,32,30,12,6,6,9,3,6,14,7,7,27,16,11
54540607,101,57,44,7,2,5,6,3,3,44,26,18,44,26,18
54540608,36,18,18,6,5,1,5,2,3,9,4,5,16,7,9
54540610,27,13,14,7,4,3,5,3,2,9,4,5,6,2,4
54540611,42,22,20,5,2,3,2,1,1,13,9,4,22,10,12
54540612,54,27,27,2,0,2,5,2,3,21,12,9,26,13,13
54540613,38,24,14,9,4,5,4,1,3,8,6,2,17,13,4
54541401,767,376,391,79,31,48,143,62,81,304,160,144,241,123,118
54541402,46,23,23,7,4,3,6,2,4,26,14,12,7,3,4
53625302,89,50,39,3,1,2,10,5,5,50,29,21,26,15,11
53625303,39,19,20,9,6,3,9,4,5,14,7,7,7,2,5
53625304,29,14,15,5,2,3,6,2,4,9,5,4,9,5,4
53625305,132,74,58,1,0,1,8,4,4,68,39,29,55,31,24
0071530,0,0,0,0,0,0,0,0,0,0,0,0,0,0,0
3916970,0,0,0,0,0,0,0,0,0,0,0,0,0,0,0
3917350,0,0,0,0,0,0,0,0,0,0,0,0,0,0,0
3917430,0,0,0,0,0,0,0,0,0,0,0,0,0,0,0
3917780,0,0,0,0,0,0,0,0,0,0,0,0,0,0,0
3918160,0,0,0,0,0,0,0,0,0,0,0,0,0,0,0
3918240,0,0,0,0,0,0,0,0,0,0,0,0,0,0,0
54543103,819,431,388,89,37,52,134,54,80,312,179,133,284,161,123
54543105,76,37,39,5,3,2,15,7,8,18,10,8,38,17,21
54543106,26,17,9,0,0,0,11,4,7,3,3,0,12,10,2
54543107,30,15,15,12,6,6,4,2,2,12,6,6,2,1,1
54543108,44,20,24,5,1,4,2,0,2,17,9,8,20,10,10
54543109,79,48,31,9,5,4,12,6,6,33,21,12,25,16,9
54544901,357,191,166,20,9,11,10,6,4,185,95,90,142,81,61
54544902,23,14,9,5,4,1,1,1,0,12,7,5,5,2,3
54544903,86,48,38,6,2,4,3,1,2,41,21,20,36,24,12
54544904,60,31,29,2,1,1,2,1,1,25,14,11,31,15,16
54544905,37,20,17,5,2,3,3,2,1,24,14,10,5,2,3
0199170,0,0,0,0,0,0,0,0,0,0,0,0,0,0,0
54545701,24,15,9,1,1,0,1,0,1,20,14,6,2,0,2
54545702,47,25,22,0,0,0,1,1,0,23,15,8,23,9,14
54545703,33,17,16,5,4,1,0,0,0,17,7,10,11,6,5
54545704,615,297,318,45,14,31,53,29,24,301,148,153,216,106,110
54545706,25,14,11,4,2,2,4,3,1,12,7,5,5,2,3
54545707,45,23,22,7,3,4,4,1,3,14,7,7,20,12,8
0230192,0,0,0,0,0,0,0,0,0,0,0,0,0,0,0
0230602,0,0,0,0,0,0,0,0,0,0,0,0,0,0,0
3081700,0,0,0,0,0,0,0,0,0,0,0,0,0,0,0
54539203,777,364,413,79,34,45,124,55,69,346,167,179,228,108,120
54539204,402,200,202,37,15,22,29,12,17,180,90,90,156,83,73
54539205,2170,1018,1152,218,92,126,230,86,144,1085,544,541,637,296,341
54539206,434,220,214,55,24,31,64,30,34,208,107,101,107,59,48
54539207,1431,707,724,122,70,52,188,86,102,733,352,381,388,199,189
54539208,408,192,216,63,25,38,95,42,53,153,81,72,97,44,53
54539210,618,311,307,57,25,32,63,29,34,296,149,147,202,108,94
54539211,2105,978,1127,194,84,110,139,55,84,1028,488,540,744,351,393
54539212,110,53,57,20,8,12,6,2,4,44,20,24,40,23,17
54539213,540,272,268,59,26,33,28,14,14,284,150,134,169,82,87
54539214,226,115,111,31,13,18,37,19,18,93,52,41,65,31,34
54539215,1813,874,939,190,92,98,162,64,98,937,467,470,524,251,273
54539216,83,40,43,6,3,3,7,4,3,43,20,23,27,13,14
54539217,87,39,48,10,3,7,18,9,9,33,15,18,26,12,14
54539218,126,70,56,6,3,3,21,13,8,74,34,40,25,20,5
54539220,552,265,287,44,23,21,32,14,18,313,156,157,163,72,91
54539221,396,239,157,36,15,21,38,26,12,120,67,53,202,131,71
1442072,0,0,0,0,0,0,0,0,0,0,0,0,0,0,0
1442660,0,0,0,0,0,0,0,0,0,0,0,0,0,0,0
54546501,807,406,401,63,28,35,38,14,24,369,193,176,337,171,166
54546503,63,35,28,3,2,1,5,3,2,28,17,11,27,13,14
54546504,40,23,17,1,1,0,0,0,0,18,12,6,21,10,11
54546505,29,14,15,3,0,3,3,2,1,21,11,10,2,1,1
54546506,42,21,21,3,1,2,1,1,0,23,9,14,15,10,5
54546510,231,113,118,15,6,9,12,7,5,87,39,48,117,61,56
54546511,90,48,42,1,1,0,8,3,5,28,16,12,53,28,25
54547301,27,14,13,7,3,4,3,2,1,9,5,4,8,4,4
54547302,1060,510,550,128,51,77,126,57,69,508,260,248,298,142,156
54547303,26,9,17,2,0,2,10,4,6,10,4,6,4,1,3
54547304,42,21,21,4,4,0,7,4,3,6,3,3,25,10,15
54547305,64,30,34,14,4,10,13,6,7,13,7,6,24,13,11
54547306,47,25,22,4,1,3,5,3,2,28,13,15,10,8,2
54547307,20,12,8,0,0,0,4,2,2,6,4,2,10,6,4
54547308,71,37,34,10,2,8,9,4,5,38,24,14,14,7,7
54548101,26,14,12,4,4,0,4,1,3,15,7,8,3,2,1
54548102,1076,531,545,107,54,53,100,40,60,553,278,275,316,159,157
54548103,25,14,11,1,0,1,1,0,1,18,11,7,5,3,2
54548104,26,12,14,1,0,1,0,0,0,16,7,9,9,5,4
54548105,45,25,20,2,2,0,2,1,1,31,15,16,10,7,3
54548106,28,17,11,3,2,1,2,1,1,15,9,6,8,5,3
0414832,0,0,0,0,0,0,0,0,0,0,0,0,0,0,0
54549001,90,42,48,7,2,5,14,5,9,34,17,17,35,18,17
54549002,565,270,295,55,19,36,63,24,39,242,128,114,205,99,106
54549003,35,18,17,5,1,4,2,1,1,14,9,5,14,7,7
54549004,150,74,76,24,8,16,28,14,14,61,33,28,37,19,18
54549005,27,12,15,7,4,3,5,1,4,10,4,6,5,3,2
54549006,86,41,45,10,5,5,13,5,8,39,18,21,24,13,11
54549007,125,64,61,17,8,9,22,9,13,50,27,23,36,20,16
54550301,120,64,56,7,3,4,6,3,3,57,32,25,50,26,24
54550302,304,161,143,27,12,15,27,16,11,138,76,62,112,57,55
3304770,0,0,0,0,0,0,0,0,0,0,0,0,0,0,0
3917510,0,0,0,0,0,0,0,0,0,0,0,0,0,0,0
54551101,35,21,14,0,0,0,0,0,0,16,10,6,19,11,8
54551104,62,34,28,8,3,5,2,1,1,37,20,17,15,10,5
54551106,1652,799,853,134,42,92,147,65,82,887,452,435,484,240,244
54551108,22,10,12,1,1,0,4,1,3,16,8,8,1,0,1
54551110,43,23,20,1,0,1,1,0,1,17,9,8,24,14,10
54551111,78,47,31,7,6,1,11,7,4,30,18,12,30,16,14
54551112,32,15,17,1,0,1,1,0,1,16,8,8,14,7,7
54551113,43,26,17,2,1,1,4,2,2,15,10,5,22,13,9
54551114,42,22,20,2,0,2,3,1,2,19,10,9,18,11,7
0452761,0,0,0,0,0,0,0,0,0,0,0,0,0,0,0
1502580,0,0,0,0,0,0,0,0,0,0,0,0,0,0,0
54552001,671,354,317,63,33,30,22,8,14,325,172,153,261,141,120
54552002,57,29,28,9,2,7,9,3,6,29,19,10,10,5,5
54552003,43,25,18,4,2,2,2,1,1,13,9,4,24,13,11
54552005,45,24,21,5,3,2,0,0,0,11,9,2,29,12,17
53622901,62,32,30,6,1,5,6,3,3,27,14,13,23,14,9
53622903,39,20,19,3,3,0,13,5,8,8,5,3,15,7,8
0553440,0,0,0,0,0,0,0,0,0,0,0,0,0,0,0
3304420,0,0,0,0,0,0,0,0,0,0,0,0,0,0,0
54554601,102,51,51,13,6,7,13,2,11,50,27,23,26,16,10
54554603,99,59,40,9,7,2,6,3,3,18,9,9,66,40,26
54554605,1024,514,510,89,38,51,87,35,52,501,253,248,347,188,159
54555401,584,293,291,31,12,19,33,12,21,281,147,134,239,122,117
54555402,478,235,243,45,21,24,40,11,29,258,139,119,135,64,71
54555403,55,26,29,3,2,1,2,1,1,29,12,17,21,11,10
54555404,136,68,68,8,5,3,18,9,9,59,27,32,51,27,24
54555405,153,80,73,11,4,7,14,4,10,71,40,31,57,32,25
54555406,22,11,11,7,3,4,4,3,1,4,2,2,7,3,4
54555407,121,58,63,27,9,18,4,1,3,61,30,31,29,18,11
54555409,26,13,13,3,0,3,0,0,0,12,9,3,11,4,7
54555410,193,93,100,22,12,10,10,4,6,99,53,46,62,24,38
54555411,63,25,38,10,4,6,3,1,2,24,6,18,26,14,12
54555412,77,40,37,7,3,4,13,5,8,32,19,13,25,13,12
0631260,0,0,0,0,0,0,0,0,0,0,0,0,0,0,0
54556201,344,212,132,36,20,16,38,21,17,135,77,58,135,94,41
54556202,34,21,13,2,1,1,4,4,0,22,14,8,6,2,4
54556203,45,26,19,14,6,8,5,3,2,11,9,2,15,8,7
54556204,72,43,29,4,3,1,10,6,4,46,27,19,12,7,5
54556205,23,12,11,6,3,3,2,1,1,8,4,4,7,4,3
54556206,163,90,73,24,9,15,9,6,3,70,42,28,60,33,27
54556208,68,35,33,8,3,5,17,8,9,10,6,4,33,18,15
54556209,109,59,50,4,3,1,8,3,5,42,22,20,55,31,24
54556210,40,22,18,4,3,1,8,2,6,8,5,3,20,12,8
54556211,77,43,34,12,7,5,23,12,11,21,13,8,21,11,10
54556214,1134,548,586,122,56,66,117,50,67,526,259,267,369,183,186
54556216,850,454,396,69,33,36,58,26,32,412,217,195,311,178,133
54556217,1019,538,481,96,48,48,93,41,52,505,274,231,325,175,150
54556218,1502,728,774,139,57,82,161,56,105,667,336,331,535,279,256
54556220,1316,677,639,113,49,64,141,59,82,562,283,279,500,286,214
54556221,160,83,77,12,8,4,26,14,12,67,32,35,55,29,26
54556222,38,22,16,3,0,3,2,1,1,26,16,10,7,5,2
54557101,817,423,394,83,34,49,115,60,55,371,199,172,248,130,118
54557102,81,40,41,9,3,6,21,8,13,23,14,9,28,15,13
54557103,95,51,44,8,3,5,16,7,9,47,23,24,24,18,6
54557104,43,22,21,1,0,1,11,6,5,9,5,4,22,11,11
54557105,43,21,22,4,2,2,2,1,1,30,14,16,7,4,3
54557106,170,80,90,25,12,13,15,4,11,49,25,24,81,39,42
54557107,1242,605,637,166,72,94,178,71,107,547,282,265,351,180,171
54557108,86,38,48,9,5,4,17,6,11,37,17,20,23,10,13
54557109,22,9,13,3,1,2,4,2,2,15,6,9,0,0,0
54557110,234,122,112,23,11,12,42,19,23,87,48,39,82,44,38
54557112,86,51,35,10,5,5,16,9,7,26,15,11,34,22,12
54557113,40,25,15,0,0,0,10,6,4,5,3,2,25,16,9
54559701,445,230,215,42,20,22,39,18,21,205,112,93,159,80,79
54559702,139,66,73,15,5,10,7,3,4,79,40,39,38,18,20
54559703,50,26,24,5,1,4,5,2,3,28,18,10,12,5,7
1989190,0,0,0,0,0,0,0,0,0,0,0,0,0,0,0
54560102,60,40,20,7,2,5,1,1,0,25,17,8,27,20,7
54560103,64,31,33,7,3,4,4,2,2,34,19,15,19,7,12
54560105,73,43,30,2,1,1,4,2,2,52,32,20,15,8,7
54560106,1211,601,610,95,38,57,108,44,64,558,286,272,450,233,217
54560107,37,23,14,5,3,2,4,4,0,18,11,7,10,5,5
0911540,0,0,0,0,0,0,0,0,0,0,0,0,0,0,0
54561901,46,22,24,6,3,3,1,1,0,17,8,9,22,10,12
54561902,89,47,42,13,6,7,9,4,5,38,24,14,29,13,16
54561903,39,18,21,0,0,0,1,0,1,13,5,8,25,13,12
54561904,48,25,23,4,2,2,3,1,2,21,12,9,20,10,10
54561905,1014,530,484,102,50,52,97,44,53,452,233,219,363,203,160
54561906,114,59,55,16,9,7,13,5,8,42,24,18,43,21,22
0871650,0,0,0,0,0,0,0,0,0,0,0,0,0,0,0
1157890,0,0,0,0,0,0,0,0,0,0,0,0,0,0,0
1157970,0,0,0,0,0,0,0,0,0,0,0,0,0,0,0
53629601,72,35,37,5,2,3,7,4,3,34,15,19,26,14,12
53629603,30,17,13,3,1,2,3,2,1,13,9,4,11,5,6
53629604,41,20,21,4,2,2,1,1,0,21,11,10,15,6,9
54562701,59,35,24,10,5,5,2,2,0,18,12,6,29,16,13
54562702,45,24,21,1,0,1,7,3,4,14,7,7,23,14,9
54562704,222,111,111,21,6,15,38,19,19,81,44,37,82,42,40
54562705,77,41,36,5,3,2,10,3,7,42,25,17,20,10,10
54562708,53,25,28,5,3,2,19,7,12,16,7,9,13,8,5
59862301,55,26,29,7,4,3,9,4,5,13,6,7,26,12,14
59862302,230,111,119,25,10,15,46,25,21,102,48,54,57,28,29
54564301,25,16,9,3,2,1,3,1,2,10,6,4,9,7,2
54564302,382,197,185,41,20,21,42,14,28,150,83,67,149,80,69
54564303,47,24,23,3,2,1,13,3,10,15,8,7,16,11,5
51366101,57,28,29,4,2,2,8,4,4,21,10,11,24,12,12
51366103,335,169,166,39,19,20,67,28,39,101,59,42,128,63,65
54566001,32,14,18,9,4,5,7,3,4,9,4,5,7,3,4
54566002,84,49,35,5,1,4,3,1,2,43,29,14,33,18,15
54566003,262,126,136,12,5,7,32,12,20,138,68,70,80,41,39
54566004,91,47,44,8,3,5,9,5,4,27,16,11,47,23,24
54566005,35,20,15,0,0,0,0,0,0,16,11,5,19,9,10
54566006,48,24,24,6,2,4,6,4,2,25,12,13,11,6,5
1248000,0,0,0,0,0,0,0,0,0,0,0,0,0,0,0
54569403,207,112,95,19,3,16,21,14,7,74,37,37,93,58,35
3307520,0,0,0,0,0,0,0,0,0,0,0,0,0,0,0
50019401,52,28,24,3,0,3,7,2,5,26,14,12,16,12,4
50019402,146,78,68,12,5,7,12,5,7,66,36,30,56,32,24
0353190,0,0,0,0,0,0,0,0,0,0,0,0,0,0,0
54571602,32,14,18,1,0,1,2,1,1,15,8,7,14,5,9
54571603,56,27,29,7,2,5,7,3,4,25,14,11,17,8,9
54571605,99,58,41,11,8,3,11,4,7,39,24,15,38,22,16
1359170,0,0,0,0,0,0,0,0,0,0,0,0,0,0,0
54572402,87,47,40,19,9,10,3,2,1,35,17,18,30,19,11
54572404,460,229,231,68,32,36,41,22,19,211,100,111,140,75,65
54572406,32,12,20,11,4,7,0,0,0,17,6,11,4,2,2
54572407,44,27,17,6,4,2,5,2,3,18,10,8,15,11,4
54572409,37,18,19,3,2,1,8,4,4,24,11,13,2,1,1
54573201,188,94,94,24,10,14,28,14,14,76,38,38,60,32,28
54576701,134,72,62,3,1,2,16,10,6,65,31,34,50,30,20
54576702,209,115,94,10,2,8,14,9,5,92,51,41,93,53,40
1428160,0,0,0,0,0,0,0,0,0,0,0,0,0,0,0
54577503,53,31,22,2,1,1,3,1,2,16,10,6,32,19,13
54577506,320,170,150,22,8,14,26,15,11,146,77,69,126,70,56
54577507,26,12,14,1,1,0,1,1,0,17,5,12,7,5,2
54580501,20,14,6,0,0,0,7,4,3,7,6,1,6,4,2
54580502,23,12,11,5,2,3,12,7,5,6,3,3,0,0,0
54580503,315,162,153,55,23,32,70,38,32,97,52,45,93,49,44
53624501,323,161,162,35,16,19,33,18,15,169,84,85,86,43,43
55153801,204,120,84,35,16,19,25,11,14,53,32,21,91,61,30
55153802,125,62,63,19,10,9,15,6,9,54,31,23,37,15,22
55153803,58,31,27,8,3,5,5,2,3,15,7,8,30,19,11
1606360,0,0,0,0,0,0,0,0,0,0,0,0,0,0,0
54581303,229,116,113,12,5,7,42,23,19,95,55,40,80,33,47
54582101,27,15,12,1,0,1,12,4,8,6,6,0,8,5,3
54582102,52,26,26,12,3,9,10,6,4,19,10,9,11,7,4
54582103,59,27,32,12,5,7,15,7,8,8,4,4,24,11,13
54582105,35,17,18,2,1,1,6,3,3,15,8,7,12,5,7
54582106,3445,1693,1752,377,177,200,440,198,242,1468,750,718,1160,568,592
54582107,160,82,78,20,8,12,22,12,10,73,36,37,45,26,19
54583001,32,18,14,1,0,1,1,0,1,14,10,4,16,8,8
54583002,45,21,24,3,2,1,5,1,4,29,13,16,8,5,3
54583004,36,20,16,4,2,2,0,0,0,27,15,12,5,3,2
54583005,22,13,9,2,0,2,0,0,0,18,11,7,2,2,0
54583006,88,47,41,10,3,7,4,1,3,3,1,2,71,42,29
54583007,3064,1555,1509,201,81,120,225,95,130,1504,788,716,1134,591,543
54583009,37,20,17,1,1,0,2,1,1,23,12,11,11,6,5
54583010,35,17,18,5,1,4,1,1,0,12,5,7,17,10,7
54583011,251,132,119,13,5,8,10,6,4,129,72,57,99,49,50
53630001,88,48,40,14,8,6,16,8,8,32,19,13,26,13,13
53630002,71,30,41,16,5,11,15,7,8,13,10,3,27,8,19
1889812,0,0,0,0,0,0,0,0,0,0,0,0,0,0,0
1890060,0,0,0,0,0,0,0,0,0,0,0,0,0,0,0
54584802,64,36,28,11,6,5,10,5,5,23,11,12,20,14,6
54584803,35,18,17,2,0,2,1,1,0,7,4,3,25,13,12
54584804,49,27,22,6,3,3,4,3,1,28,15,13,11,6,5
54584805,119,71,48,8,5,3,8,3,5,43,28,15,60,35,25
54584806,45,26,19,2,1,1,1,0,1,33,19,14,9,6,3
54584807,206,100,106,15,7,8,28,5,23,112,61,51,51,27,24
54584808,64,33,31,3,0,3,14,8,6,23,14,9,24,11,13
54584809,1861,938,923,140,59,81,155,80,75,991,512,479,575,287,288
54586401,133,65,68,18,10,8,24,11,13,46,21,25,45,23,22
54586402,197,95,102,10,4,6,24,6,18,82,46,36,81,39,42
54586403,264,127,137,29,14,15,27,10,17,104,51,53,104,52,52
54586404,178,94,84,15,6,9,20,6,14,78,47,31,65,35,30
54587201,72,40,32,14,8,6,13,4,9,12,9,3,33,19,14
54587202,288,149,139,26,15,11,48,24,24,103,51,52,111,59,52
54587203,64,33,31,8,3,5,4,3,1,41,21,20,11,6,5
53623701,95,43,52,12,3,9,30,10,20,28,16,12,25,14,11
56272601,108,61,47,2,1,1,70,41,29,12,8,4,24,11,13
56254801,116,57,59,11,3,8,7,3,4,70,41,29,28,10,18
56105301,182,93,89,14,5,9,7,4,3,95,50,45,66,34,32
56171101,279,141,138,15,5,10,13,6,7,152,77,75,99,53,46
56171103,27,11,16,2,0,2,8,3,5,7,4,3,10,4,6
56171104,52,26,26,8,3,5,1,1,0,28,16,12,15,6,9
56171105,42,21,21,5,3,2,2,2,0,27,11,16,8,5,3
56171106,68,41,27,7,4,3,5,3,2,33,21,12,23,13,10
56274201,97,48,49,8,2,6,18,9,9,25,12,13,46,25,21
50773301,113,59,54,16,11,5,35,17,18,12,7,5,50,24,26
54602001,23,15,8,5,3,2,7,5,2,6,4,2,5,3,2
54602002,185,96,89,10,6,4,69,32,37,39,22,17,67,36,31
54603801,408,204,204,43,17,26,152,72,80,79,48,31,134,67,67
54603802,150,77,73,26,13,13,44,17,27,37,20,17,43,27,16
54603803,36,18,18,2,2,0,16,7,9,3,3,0,15,6,9
54603804,86,48,38,4,2,2,39,21,18,19,10,9,24,15,9
50919101,158,81,77,16,8,8,10,3,7,68,39,29,64,31,33
54605401,297,161,136,15,7,8,39,19,20,138,80,58,105,55,50
54605402,86,38,48,5,2,3,13,5,8,33,19,14,35,12,23
54605403,43,22,21,4,3,1,5,2,3,16,9,7,18,8,10
54605404,65,30,35,8,3,5,12,5,7,36,17,19,9,5,4
50911601,208,110,98,20,9,11,63,31,32,64,38,26,61,32,29
54608901,3327,1656,1671,314,140,174,257,108,149,1567,810,757,1189,598,591
54609701,566,290,276,50,24,26,86,46,40,220,110,110,210,110,100
54609703,22,11,11,4,2,2,3,2,1,8,4,4,7,3,4
54609705,58,29,29,3,1,2,3,2,1,24,11,13,28,15,13
54609706,128,62,66,17,7,10,14,7,7,56,27,29,41,21,20
54609707,63,28,35,8,3,5,12,5,7,26,13,13,17,7,10
54609711,35,18,17,7,3,4,11,5,6,14,8,6,3,2,1
54610101,383,206,177,27,13,14,20,7,13,216,117,99,120,69,51
54610102,41,22,19,1,0,1,3,0,3,29,18,11,8,4,4
54610103,43,20,23,2,1,1,0,0,0,22,9,13,19,10,9
54610104,62,33,29,5,2,3,0,0,0,31,20,11,26,11,15
54610106,50,26,24,2,1,1,3,1,2,22,13,9,23,11,12
54610107,106,49,57,16,5,11,6,4,2,49,23,26,35,17,18
56170301,242,122,120,20,8,12,12,4,8,135,68,67,75,42,33
56170303,75,39,36,8,5,3,4,1,3,30,18,12,33,15,18
56170304,155,80,75,8,3,5,8,2,6,92,49,43,47,26,21
3082180,0,0,0,0,0,0,0,0,0,0,0,0,0,0,0
3082260,0,0,0,0,0,0,0,0,0,0,0,0,0,0,0
3082340,0,0,0,0,0,0,0,0,0,0,0,0,0,0,0
54612701,380,194,186,26,14,12,81,38,43,137,72,65,136,70,66
54612702,150,80,70,13,7,6,31,18,13,57,31,26,49,24,25
54612703,42,21,21,5,3,2,8,6,2,4,2,2,25,10,15
54612704,318,162,156,38,17,21,75,35,40,102,57,45,103,53,50
54612705,96,41,55,14,6,8,15,4,11,34,15,19,33,16,17
54612706,89,45,44,5,4,1,33,16,17,22,9,13,29,16,13
54612707,115,56,59,8,3,5,39,15,24,33,20,13,35,18,17
54612708,55,29,26,5,2,3,14,7,7,2,2,0,34,18,16
54612709,176,93,83,13,8,5,24,14,10,77,42,35,62,29,33
54612710,141,66,75,4,1,3,74,34,40,7,2,5,56,29,27
54612711,140,68,72,8,5,3,25,10,15,42,23,19,65,30,35
54612712,728,349,379,60,29,31,152,54,98,295,151,144,221,115,106
54612713,324,157,167,26,12,14,92,32,60,99,54,45,107,59,48
54612714,882,434,448,90,43,47,238,115,123,331,175,156,223,101,122
54612715,548,271,277,73,35,38,69,35,34,224,109,115,182,92,90
54612716,2838,1335,1503,214,99,115,572,241,331,1136,566,570,916,429,487
54614301,47,27,20,2,0,2,3,1,2,23,16,7,19,10,9
54614302,269,140,129,30,13,17,34,15,19,110,61,49,95,51,44
54614303,29,16,13,4,1,3,2,1,1,11,7,4,12,7,5
54614304,28,15,13,2,1,1,2,1,1,19,10,9,5,3,2
54614305,42,19,23,9,3,6,5,2,3,8,4,4,20,10,10
54614306,50,26,24,4,2,2,9,5,4,6,4,2,31,15,16
54614307,111,51,60,21,8,13,12,3,9,38,18,20,40,22,18
54615101,667,331,336,54,29,25,100,40,60,295,155,140,218,107,111
54615102,29,16,13,1,1,0,5,2,3,11,6,5,12,7,5
52975301,74,42,32,3,1,2,4,2,2,40,22,18,27,17,10
56241601,45,26,19,2,2,0,30,15,15,8,5,3,5,4,1
56246701,406,201,205,46,18,28,30,17,13,225,114,111,105,52,53
56260201,82,44,38,12,4,8,2,0,2,46,27,19,22,13,9
56260202,68,37,31,3,1,2,1,1,0,43,21,22,21,14,7
56284001,82,40,42,9,5,4,15,6,9,42,22,20,16,7,9
56284002,334,152,182,54,25,29,37,15,22,138,67,71,105,45,60
50761001,85,42,43,9,5,4,23,10,13,26,14,12,27,13,14
56098702,51,24,27,2,0,2,15,8,7,16,7,9,18,9,9
56281501,218,112,106,37,15,22,18,7,11,79,46,33,84,44,40
50914101,344,163,181,54,29,25,62,26,36,116,53,63,112,55,57
56263701,148,68,80,15,5,10,15,6,9,55,29,26,63,28,35
56269601,48,22,26,5,3,2,2,0,2,17,8,9,24,11,13
56280701,167,85,82,18,7,11,35,11,24,62,35,27,52,32,20
56238601,93,52,41,4,2,2,3,2,1,61,36,25,25,12,13
56238602,254,124,130,26,10,16,15,6,9,118,59,59,95,49,46
54629102,136,66,70,5,2,3,2,0,2,88,45,43,41,19,22
54629103,31,14,17,0,0,0,9,2,7,13,6,7,9,6,3
54629104,71,35,36,16,9,7,4,2,2,38,18,20,13,6,7
54630501,86,40,46,22,10,12,7,4,3,29,15,14,28,11,17
59865801,90,43,47,7,3,4,19,9,10,28,12,16,36,19,17
56278501,74,40,34,8,3,5,4,2,2,34,19,15,28,16,12
54636401,47,21,26,2,1,1,2,1,1,32,16,16,11,3,8
54636402,399,202,197,26,7,19,20,11,9,245,126,119,108,58,50
54636403,99,51,48,8,4,4,3,1,2,53,28,25,35,18,17
0439232,0,0,0,0,0,0,0,0,0,0,0,0,0,0,0
54638102,184,90,94,9,3,6,21,9,12,106,55,51,48,23,25
54638104,68,34,34,5,1,4,1,0,1,28,14,14,34,19,15
56106101,208,99,109,13,5,8,17,9,8,114,53,61,64,32,32
56231901,134,73,61,10,6,4,51,22,29,21,9,12,52,36,16
54640201,386,183,203,34,11,23,22,7,15,204,97,107,126,68,58
54640202,31,19,12,5,3,2,0,0,0,15,8,7,11,8,3
56283101,75,38,37,4,2,2,23,10,13,23,12,11,25,14,11
54644501,40,18,22,8,3,5,22,9,13,4,3,1,6,3,3
54644502,290,144,146,20,7,13,123,56,67,73,33,40,74,48,26
54646101,907,451,456,73,25,48,71,30,41,452,236,216,311,160,151
54646102,213,102,111,15,7,8,14,5,9,114,56,58,70,34,36
54646103,27,17,10,2,2,0,0,0,0,15,9,6,10,6,4
54646104,26,14,12,0,0,0,7,4,3,13,6,7,6,4,2
54646105,34,17,17,0,0,0,0,0,0,18,10,8,16,7,9
54646106,41,24,17,1,1,0,4,2,2,18,12,6,18,9,9
54646107,236,104,132,25,9,16,15,4,11,131,64,67,65,27,38
54646108,87,44,43,11,3,8,11,5,6,41,22,19,24,14,10
54646109,84,41,43,9,3,6,4,1,3,45,21,24,26,16,10
54646110,178,90,88,11,5,6,12,7,5,109,52,57,46,26,20
54650001,57,24,33,4,2,2,11,4,7,13,3,10,29,15,14
54650002,44,22,22,2,1,1,8,5,3,26,12,14,8,4,4
54650004,671,337,334,80,35,45,59,25,34,315,157,158,217,120,97
54650005,25,14,11,2,2,0,3,1,2,19,10,9,1,1,0
54650006,88,41,47,8,3,5,2,0,2,46,23,23,32,15,17
54650007,154,77,77,21,11,10,26,13,13,41,21,20,66,32,34
54650008,30,15,15,8,3,5,7,4,3,5,3,2,10,5,5
56276901,123,60,63,8,4,4,22,10,12,42,23,19,51,23,28
0606070,0,0,0,0,0,0,0,0,0,0,0,0,0,0,0
0606580,0,0,0,0,0,0,0,0,0,0,0,0,0,0,0
3082510,0,0,0,0,0,0,0,0,0,0,0,0,0,0,0
3378030,0,0,0,0,0,0,0,0,0,0,0,0,0,0,0
54588101,245,120,125,25,9,16,5,0,5,130,68,62,85,43,42
54588102,55,31,24,4,2,2,7,5,2,20,10,10,24,14,10
54588103,262,135,127,14,6,8,14,7,7,124,64,60,110,58,52
54588104,252,121,131,26,10,16,40,17,23,140,74,66,46,20,26
54588105,271,126,145,20,5,15,14,7,7,161,79,82,76,35,41
54588106,195,92,103,20,13,7,11,6,5,100,45,55,64,28,36
54588107,250,132,118,23,12,11,14,7,7,152,81,71,61,32,29
54588108,754,335,419,61,27,34,77,17,60,363,179,184,253,112,141
54588109,586,291,295,51,23,28,43,21,22,323,164,159,169,83,86
54588110,388,190,198,56,24,32,51,24,27,166,85,81,115,57,58
54588111,215,107,108,19,6,13,11,4,7,116,65,51,69,32,37
54588112,79,45,34,3,1,2,4,2,2,35,19,16,37,23,14
54588113,590,295,295,58,27,31,83,44,39,303,150,153,146,74,72
54588114,1074,494,580,97,36,61,101,35,66,542,262,280,334,161,173
54588115,287,127,160,25,8,17,53,19,34,128,66,62,81,34,47
54588116,1296,593,703,118,46,72,105,38,67,650,297,353,423,212,211
54588117,50,25,25,3,1,2,13,7,6,15,6,9,19,11,8
54588118,772,432,340,67,32,35,41,14,27,263,138,125,401,248,153
54588119,82,46,36,5,4,1,6,3,3,41,21,20,30,18,12
54588122,879,435,444,80,30,50,99,47,52,443,228,215,257,130,127
54588123,1139,517,622,90,41,49,165,72,93,498,235,263,386,169,217
54588126,1254,604,650,121,50,71,110,43,67,616,308,308,407,203,204
54588127,619,278,341,74,27,47,39,16,23,364,172,192,142,63,79
54588129,77,36,41,4,1,3,4,2,2,47,25,22,22,8,14
54588130,231,121,110,17,9,8,31,16,15,94,53,41,89,43,46
54588131,3060,1422,1638,238,93,145,202,90,112,1582,752,830,1038,487,551
54588132,1626,763,863,149,61,88,159,65,94,795,388,407,523,249,274
54588133,76,37,39,9,4,5,3,3,0,44,19,25,20,11,9
54588134,27,15,12,1,0,1,5,2,3,14,10,4,7,3,4
54588135,33,14,19,2,1,1,5,2,3,14,6,8,12,5,7
54588136,1186,564,622,125,50,75,118,47,71,576,297,279,367,170,197
54588137,159,83,76,24,9,15,40,22,18,58,33,25,37,19,18
54588138,2368,1083,1285,178,68,110,206,77,129,1226,578,648,758,360,398
56249101,108,60,48,5,1,4,2,2,0,59,31,28,42,26,16
59863101,76,37,39,5,3,2,7,4,3,36,20,16,28,10,18
54654201,1882,938,944,127,57,70,189,80,109,912,473,439,654,328,326
54654202,49,25,24,2,1,1,7,4,3,30,15,15,10,5,5
54654203,26,14,12,2,0,2,0,0,0,19,12,7,5,2,3
54654204,86,47,39,10,5,5,11,4,7,37,22,15,28,16,12
54654205,104,55,49,19,4,15,8,5,3,38,24,14,39,22,17
56268801,164,82,82,4,2,2,13,5,8,89,46,43,58,29,29
50910801,302,155,147,29,17,12,35,15,20,140,75,65,98,48,50
50835701,164,90,74,25,17,8,55,32,23,33,15,18,51,26,25
0775692,0,0,0,0,0,0,0,0,0,0,0,0,0,0,0
0775772,0,0,0,0,0,0,0,0,0,0,0,0,0,0,0
54661503,1111,562,549,110,50,60,135,59,76,481,256,225,385,197,188
54661504,58,31,27,6,2,4,7,5,2,27,14,13,18,10,8
54661505,97,48,49,14,7,7,22,10,12,40,20,20,21,11,10
54661508,23,10,13,11,3,8,5,3,2,1,1,0,6,3,3
54661509,93,47,46,6,4,2,29,13,16,28,12,16,30,18,12
54662302,540,282,258,44,20,24,28,17,11,290,155,135,178,90,88
54666601,419,212,207,41,23,18,29,10,19,185,92,93,164,87,77
54666602,22,9,13,6,3,3,0,0,0,7,3,4,9,3,6
54666603,202,107,95,20,10,10,8,3,5,97,52,45,77,42,35
54667401,1701,829,872,154,69,85,195,80,115,727,357,370,625,323,302
50850101,423,206,217,32,11,21,34,13,21,198,104,94,159,78,81
54671201,122,62,60,12,7,5,25,15,10,38,14,24,47,26,21
54671202,40,18,22,4,1,3,3,1,2,12,7,5,21,9,12
54671203,320,154,166,29,17,12,33,13,20,171,80,91,87,44,43
1986250,0,0,0,0,0,0,0,0,0,0,0,0,0,0,0
54679801,136,70,66,7,3,4,15,8,7,78,42,36,36,17,19
54679802,33,18,15,1,0,1,0,0,0,26,13,13,6,5,1
54679803,143,70,73,11,4,7,18,8,10,67,32,35,47,26,21
54679804,46,26,20,2,1,1,2,0,2,24,14,10,18,11,7
54679806,49,24,25,3,1,2,4,3,1,26,11,15,16,9,7
54679808,2449,1221,1228,146,64,82,122,52,70,1301,654,647,880,451,429
54679809,67,35,32,4,2,2,4,1,3,47,23,24,12,9,3
54679811,56,29,27,3,2,1,0,0,0,34,16,18,19,11,8
54679812,59,32,27,4,2,2,12,8,4,30,15,15,13,7,6
54679814,21,10,11,1,1,0,2,1,1,11,6,5,7,2,5
54679815,30,17,13,1,1,0,5,3,2,15,8,7,9,5,4
56273401,120,61,59,10,2,8,15,10,5,40,18,22,55,31,24
54680101,29,16,13,1,0,1,0,0,0,15,8,7,13,8,5
54680103,2139,1055,1084,172,65,107,164,73,91,1131,567,564,672,350,322
56236001,211,107,104,15,6,9,11,7,4,109,55,54,76,39,37
56236002,20,11,9,1,1,0,3,2,1,9,6,3,7,2,5
56236003,64,31,33,5,4,1,10,3,7,39,18,21,10,6,4
56236005,35,21,14,2,1,1,2,1,1,21,12,9,10,7,3
54684401,132,67,65,4,2,2,14,6,8,63,35,28,51,24,27
54684402,21,13,8,0,0,0,1,1,0,14,8,6,6,4,2
54684403,100,59,41,6,4,2,3,2,1,46,28,18,45,25,20
54684404,73,39,34,15,8,7,7,3,4,30,17,13,21,11,10
54684405,361,192,169,29,15,14,33,18,15,164,78,86,135,81,54
56247501,214,107,107,16,7,9,14,8,6,124,66,58,60,26,34
50771701,119,65,54,2,2,0,10,4,6,63,36,27,44,23,21
50771702,300,159,141,23,14,9,42,16,26,127,77,50,108,52,56
50771703,44,26,18,3,1,2,3,2,1,11,5,6,27,18,9
54691701,43,19,24,2,0,2,13,5,8,14,7,7,14,7,7
54691703,38,21,17,5,2,3,1,1,0,18,10,8,14,8,6
54691705,24,11,13,1,0,1,5,3,2,8,3,5,10,5,5
54691706,288,150,138,24,9,15,31,12,19,128,57,71,105,72,33
54691707,56,26,30,3,2,1,10,5,5,30,13,17,13,6,7
56107001,103,53,50,11,5,6,8,5,3,43,23,20,41,20,21
50907801,432,208,224,34,16,18,20,7,13,229,113,116,149,72,77
50762801,171,89,82,8,3,5,16,7,9,73,39,34,74,40,34
54696801,27,12,15,1,1,0,8,3,5,8,3,5,10,5,5
54696802,100,48,52,17,10,7,14,7,7,36,13,23,33,18,15
54696803,92,51,41,7,4,3,11,2,9,37,25,12,37,20,17
54696804,30,17,13,3,1,2,1,1,0,13,7,6,13,8,5
54696805,54,30,24,2,1,1,3,2,1,35,18,17,14,9,5
54696806,190,101,89,16,8,8,21,8,13,77,44,33,76,41,35
54696807,44,22,22,5,2,3,6,2,4,11,8,3,22,10,12
54696808,55,30,25,9,3,6,4,1,3,21,13,8,21,13,8
56245901,114,51,63,5,2,3,2,0,2,71,37,34,36,12,24
56267001,109,56,53,22,12,10,12,4,8,48,27,21,27,13,14
56265301,83,41,42,2,1,1,5,3,2,40,21,19,36,16,20
54699201,80,41,39,8,4,4,7,3,4,42,21,21,23,13,10
54699203,388,205,183,37,13,24,47,24,23,162,82,80,142,86,56
56108802,275,142,133,27,10,17,29,12,17,130,72,58,89,48,41
1986170,0,0,0,0,0,0,0,0,0,0,0,0,0,0,0
54706901,61,30,31,7,3,4,0,0,0,30,17,13,24,10,14
54706903,553,290,263,58,33,25,74,31,43,229,122,107,192,104,88
50778401,188,95,93,11,6,5,5,2,3,110,57,53,62,30,32
54708501,255,140,115,28,13,15,18,7,11,123,70,53,86,50,36
54708502,364,189,175,33,12,21,28,15,13,202,109,93,101,53,48
50800401,210,103,107,23,8,15,14,8,6,106,52,54,67,35,32
56099501,61,28,33,6,1,5,15,6,9,27,13,14,13,8,5
1985280,0,0,0,0,0,0,0,0,0,0,0,0,0,0,0
54716603,55,33,22,7,5,2,8,4,4,17,11,6,23,13,10
54716604,2105,1061,1044,146,63,83,176,80,96,1010,526,484,773,392,381
54716606,44,21,23,5,2,3,4,3,1,20,9,11,15,7,8
54716607,37,19,18,11,5,6,5,2,3,16,9,7,5,3,2
56104502,113,53,60,14,5,9,11,5,6,39,20,19,49,23,26
56237801,123,70,53,3,2,1,5,2,3,75,44,31,40,22,18
56237802,70,31,39,7,2,5,5,1,4,43,19,24,15,9,6
54720401,36,17,19,1,0,1,6,2,4,11,6,5,18,9,9
54720403,401,200,201,36,17,19,60,28,32,160,78,82,145,77,68
54720404,70,32,38,6,3,3,10,5,5,26,12,14,28,12,16
1985360,0,0,0,0,0,0,0,0,0,0,0,0,0,0,0
1985440,0,0,0,0,0,0,0,0,0,0,0,0,0,0,0
1985520,0,0,0,0,0,0,0,0,0,0,0,0,0,0,0
1985610,0,0,0,0,0,0,0,0,0,0,0,0,0,0,0
1985790,0,0,0,0,0,0,0,0,0,0,0,0,0,0,0
1985870,0,0,0,0,0,0,0,0,0,0,0,0,0,0,0
1985950,0,0,0,0,0,0,0,0,0,0,0,0,0,0,0
1986090,0,0,0,0,0,0,0,0,0,0,0,0,0,0,0
54721204,400,208,192,20,9,11,34,11,23,188,100,88,158,88,70
54721207,36,21,15,0,0,0,4,2,2,24,15,9,8,4,4
54722101,96,40,56,8,4,4,11,7,4,46,17,29,31,12,19
54722102,24,12,12,3,1,2,0,0,0,12,4,8,9,7,2
54722103,22,9,13,1,0,1,5,2,3,6,5,1,10,2,8
54722105,702,335,367,44,18,26,55,24,31,374,176,198,229,117,112
54723901,218,113,105,15,4,11,32,17,15,90,45,45,81,47,34
54723902,67,32,35,6,3,3,10,7,3,39,16,23,12,6,6
54723903,70,35,35,3,1,2,7,2,5,32,16,16,28,16,12
54723905,1015,507,508,80,38,42,186,83,103,364,185,179,385,201,184
54724701,72,35,37,9,3,6,7,2,5,46,25,21,10,5,5
54724702,134,68,66,7,1,6,13,6,7,54,28,26,60,33,27
54724703,246,124,122,15,7,8,19,6,13,115,58,57,97,53,44
50815203,164,93,71,17,9,8,20,14,6,80,41,39,47,29,18
50815204,321,156,165,20,7,13,27,13,14,178,78,100,96,58,38
50815205,55,23,32,5,0,5,14,4,10,19,12,7,17,7,10
54726301,59,23,36,2,1,1,5,3,2,10,2,8,42,17,25
54726302,46,22,24,6,2,4,9,6,3,20,11,9,11,3,8
54726303,121,64,57,21,10,11,25,11,14,37,25,12,38,18,20
54726304,81,42,39,11,5,6,6,2,4,28,17,11,36,18,18
54726305,95,46,49,5,1,4,4,1,3,42,19,23,44,25,19
54726307,40,18,22,1,1,0,8,2,6,10,6,4,21,9,12
54726308,1579,790,789,145,65,80,272,113,159,604,318,286,558,294,264
54726309,85,46,39,8,5,3,35,19,16,17,9,8,25,13,12
54726310,30,14,16,0,0,0,6,3,3,15,6,9,9,5,4
54726311,21,13,8,4,3,1,0,0,0,10,4,6,7,6,1
54728001,52,28,24,9,2,7,3,2,1,31,19,12,9,5,4
54728002,133,70,63,17,7,10,13,6,7,45,25,20,58,32,26
54728003,89,39,50,5,2,3,13,8,5,53,21,32,18,8,10
54728004,226,120,106,20,10,10,18,11,7,107,55,52,81,44,37
54728006,2629,1274,1355,260,124,136,238,109,129,1219,601,618,912,440,472
54728008,67,34,33,2,2,0,1,0,1,34,16,18,30,16,14
54728009,43,25,18,7,4,3,8,4,4,18,9,9,10,8,2
54728010,246,107,139,29,10,19,20,10,10,115,54,61,82,33,49
56102901,133,64,69,10,4,6,13,5,8,61,31,30,49,24,25
56232701,319,155,164,22,15,7,172,76,96,53,25,28,72,39,33
1703210,0,0,0,0,0,0,0,0,0,0,0,0,0,0,0
3082850,0,0,0,0,0,0,0,0,0,0,0,0,0,0,0
54733601,33,17,16,5,2,3,6,4,2,11,6,5,11,5,6
54733602,335,174,161,38,16,22,49,25,24,122,63,59,126,70,56
54733603,733,361,372,83,33,50,109,44,65,318,175,143,223,109,114
54733604,55,25,30,5,1,4,6,3,3,33,16,17,11,5,6
54733605,26,17,9,6,4,2,1,1,0,6,5,1,13,7,6
54733606,120,62,58,15,4,11,10,5,5,39,21,18,56,32,24
54733607,24,12,12,7,3,4,3,1,2,8,5,3,6,3,3
54733608,110,57,53,13,5,8,4,3,1,66,36,30,27,13,14
54733609,228,116,112,26,15,11,33,16,17,95,52,43,74,33,41
54733610,214,105,109,24,11,13,31,14,17,115,60,55,44,20,24
54733612,361,183,178,38,16,22,47,21,26,147,81,66,129,65,64
54733614,887,413,474,91,35,56,142,58,84,351,178,173,303,142,161
54733615,24,11,13,2,1,1,3,1,2,8,3,5,11,6,5
54733616,97,46,51,4,0,4,16,8,8,51,25,26,26,13,13
54733617,746,352,394,80,32,48,87,35,52,354,170,184,225,115,110
54733618,203,96,107,20,8,12,19,6,13,84,38,46,80,44,36
54733619,2324,1077,1247,239,98,141,295,102,193,1018,511,507,772,366,406
54733620,167,82,85,16,4,12,12,5,7,85,41,44,54,32,22
54733622,1210,596,614,154,74,80,157,68,89,565,286,279,334,168,166
54733623,54,18,36,5,0,5,10,2,8,30,12,18,9,4,5
50764401,65,33,32,3,2,1,5,2,3,22,9,13,35,20,15
56259901,214,111,103,16,9,7,10,3,7,99,54,45,89,45,44
56103701,55,28,27,6,4,2,6,4,2,28,13,15,15,7,8
56103702,24,14,10,1,0,1,3,1,2,11,8,3,9,5,4
50765201,100,51,49,7,3,4,13,5,8,38,23,15,42,20,22
59864001,41,26,15,6,4,2,1,1,0,27,16,11,7,5,2
54744101,81,43,38,8,3,5,9,4,5,27,17,10,37,19,18
54744102,41,24,17,3,1,2,5,2,3,18,14,4,15,7,8
54744104,99,51,48,6,4,2,12,5,7,40,21,19,41,21,20
54744105,39,21,18,3,2,1,6,2,4,5,3,2,25,14,11
54744107,145,77,68,8,5,3,39,13,26,54,34,20,44,25,19
54744108,21,11,10,2,1,1,4,2,2,12,6,6,3,2,1
54744109,270,147,123,9,6,3,58,28,30,116,63,53,87,50,37
56262901,121,57,64,7,4,3,1,1,0,67,27,40,46,25,21
50868301,80,41,39,3,2,1,13,5,8,30,17,13,34,17,17
50769501,113,60,53,6,2,4,7,3,4,70,38,32,30,17,13
54746801,27,16,11,0,0,0,3,2,1,14,7,7,10,7,3
54746802,226,112,114,19,10,9,63,32,31,70,29,41,74,41,33
52976101,114,57,57,9,3,6,8,3,5,42,22,20,55,29,26
56242401,59,29,30,1,0,1,8,2,6,32,21,11,18,6,12
54925801,433,220,213,40,20,20,44,21,23,175,92,83,174,87,87
54925802,37,21,16,2,1,1,11,5,6,13,8,5,11,7,4
54925803,121,59,62,15,5,10,8,2,6,52,23,29,46,29,17
54925806,51,31,20,5,3,2,9,4,5,28,18,10,9,6,3
54925809,171,94,77,19,9,10,27,10,17,48,33,15,77,42,35
54925810,117,63,54,5,2,3,20,11,9,43,25,18,49,25,24
0026912,0,0,0,0,0,0,0,0,0,0,0,0,0,0,0
54926601,844,408,436,73,27,46,95,45,50,377,187,190,299,149,150
54926602,42,18,24,10,5,5,10,4,6,11,5,6,11,4,7
54926603,73,38,35,10,5,5,7,5,2,28,12,16,28,16,12
54926604,43,22,21,7,2,5,8,3,5,8,6,2,20,11,9
54926605,27,14,13,3,1,2,9,4,5,12,6,6,3,3,0
54926606,88,49,39,8,1,7,14,6,8,42,28,14,24,14,10
54926607,85,44,41,7,1,6,14,8,6,39,22,17,25,13,12
54926608,23,12,11,0,0,0,2,1,1,5,3,2,16,8,8
54926609,107,56,51,15,5,10,10,8,2,53,25,28,29,18,11
59878001,205,98,107,20,7,13,29,11,18,99,50,49,57,30,27
56212201,215,113,102,19,6,13,35,15,20,94,51,43,67,41,26
54929101,332,169,163,52,28,24,56,26,30,96,52,44,128,63,65
54930401,279,133,146,29,11,18,45,17,28,107,58,49,98,47,51
54932101,120,58,62,14,8,6,13,4,9,59,26,33,34,20,14
54932102,32,17,15,2,0,2,1,1,0,19,10,9,10,6,4
54933901,818,413,405,56,24,32,85,37,48,370,194,176,307,158,149
54933902,37,21,16,1,1,0,10,6,4,16,8,8,10,6,4
54933903,89,47,42,4,2,2,10,5,5,46,29,17,29,11,18
54934702,57,35,22,8,4,4,9,6,3,26,17,9,14,8,6
54934703,120,60,60,9,4,5,14,7,7,61,31,30,36,18,18
54934704,602,301,301,51,22,29,37,18,19,306,160,146,208,101,107
54934705,135,72,63,17,4,13,13,6,7,77,43,34,28,19,9
54934706,83,43,40,8,4,4,0,0,0,33,20,13,42,19,23
54934708,126,63,63,16,8,8,8,3,5,80,43,37,22,9,13
54934709,159,87,72,7,3,4,12,7,5,72,41,31,68,36,32
54934710,48,16,32,6,2,4,9,1,8,19,8,11,14,5,9
54936301,275,141,134,32,16,16,31,10,21,122,63,59,90,52,38
54936302,130,74,56,14,8,6,12,7,5,71,40,31,33,19,14
54936303,252,124,128,24,11,13,27,11,16,133,68,65,68,34,34
54936304,147,75,72,17,10,7,21,8,13,62,30,32,47,27,20
54936305,181,88,93,21,10,11,23,11,12,72,36,36,65,31,34
56230101,110,62,48,5,2,3,5,3,2,57,33,24,43,24,19
56230102,26,10,16,2,1,1,6,2,4,12,4,8,6,3,3
56230103,115,61,54,14,9,5,6,4,2,53,25,28,42,23,19
54938001,67,35,32,5,2,3,10,2,8,26,14,12,26,17,9
54938002,85,44,41,8,4,4,17,9,8,37,16,21,23,15,8
54938003,115,46,69,4,2,2,11,0,11,18,8,10,82,36,46
54938004,94,51,43,3,1,2,8,4,4,45,28,17,38,18,20
54938005,40,17,23,6,2,4,5,2,3,12,5,7,17,8,9
54938006,49,22,27,2,1,1,9,2,7,20,10,10,18,9,9
54938007,54,24,30,8,3,5,6,3,3,34,15,19,6,3,3
54938008,113,57,56,11,8,3,30,17,13,35,12,23,37,20,17
54939801,251,136,115,40,23,17,22,9,13,106,57,49,83,47,36
54939802,23,12,11,3,2,1,1,0,1,13,8,5,6,2,4
56152501,145,78,67,11,5,6,26,13,13,64,37,27,44,23,21
54941001,54,28,26,0,0,0,20,12,8,3,1,2,31,15,16
54941002,105,55,50,8,4,4,35,17,18,19,11,8,43,23,20
54941003,52,29,23,5,1,4,20,12,8,5,4,1,22,12,10
54941004,51,23,28,4,3,1,22,9,13,14,6,8,11,5,6
54942801,218,120,98,22,11,11,27,14,13,87,52,35,82,43,39
54942802,34,16,18,0,0,0,10,5,5,10,4,6,14,7,7
54942803,80,43,37,5,2,3,17,8,9,21,15,6,37,18,19
54942804,137,74,63,14,7,7,44,23,21,43,26,17,36,18,18
54945201,436,222,214,49,25,24,143,66,77,85,49,36,159,82,77
54945203,63,31,32,7,3,4,33,16,17,9,4,5,14,8,6
54945204,49,30,19,10,4,6,17,11,6,13,10,3,9,5,4
54945207,113,62,51,13,8,5,21,10,11,37,22,15,42,22,20
54945208,62,30,32,4,2,2,42,20,22,3,2,1,13,6,7
54945209,27,15,12,3,2,1,17,9,8,4,2,2,3,2,1
54945210,22,10,12,3,1,2,12,6,6,0,0,0,7,3,4
54945211,39,20,19,0,0,0,5,1,4,12,5,7,22,14,8
54945212,38,20,18,2,0,2,15,7,8,14,9,5,7,4,3
54945213,96,53,43,15,7,8,22,11,11,29,19,10,30,16,14
54945214,26,15,11,1,1,0,10,4,6,1,0,1,14,10,4
54945220,43,20,23,1,1,0,9,4,5,4,2,2,29,13,16
54947901,56,25,31,7,1,6,5,3,2,32,15,17,12,6,6
54947902,158,77,81,20,9,11,10,4,6,80,42,38,48,22,26
54947903,101,53,48,28,16,12,17,8,9,24,13,11,32,16,16
56208401,107,58,49,17,7,10,16,7,9,46,24,22,28,20,8
54948701,248,127,121,18,9,9,18,7,11,92,47,45,120,64,56
54948702,241,128,113,17,7,10,35,19,16,93,48,45,96,54,42
54948703,39,22,17,1,1,0,7,3,4,14,7,7,17,11,6
54948704,125,65,60,24,14,10,14,7,7,51,25,26,36,19,17
54948705,80,40,40,10,3,7,2,0,2,35,20,15,33,17,16
54949501,32,17,15,1,0,1,10,4,6,5,4,1,16,9,7
54949502,513,259,254,58,29,29,74,38,36,179,90,89,202,102,100
54949504,59,31,28,10,4,6,20,10,10,15,10,5,14,7,7
54950901,208,100,108,21,7,14,23,12,11,75,36,39,89,45,44
54950902,55,28,27,4,3,1,14,6,8,19,8,11,18,11,7
54950903,77,35,42,10,4,6,10,4,6,33,15,18,24,12,12
54950904,49,26,23,4,3,1,1,0,1,29,15,14,15,8,7
1898710,0,0,0,0,0,0,0,0,0,0,0,0,0,0,0
54951701,22,13,9,2,1,1,4,2,2,7,4,3,9,6,3
54951702,61,33,28,8,5,3,12,3,9,20,13,7,21,12,9
54951704,21,11,10,3,2,1,7,3,4,6,4,2,5,2,3
54951705,697,326,371,57,24,33,205,83,122,211,106,105,224,113,111
54951706,81,41,40,13,7,6,13,5,8,20,11,9,35,18,17
54951708,26,13,13,0,0,0,0,0,0,8,5,3,18,8,10
54951709,39,24,15,2,1,1,14,8,6,6,3,3,17,12,5
54951710,44,23,21,5,2,3,5,2,3,9,4,5,25,15,10
54951713,48,22,26,8,3,5,12,6,6,17,10,7,11,3,8
54951714,76,37,39,16,9,7,8,4,4,25,13,12,27,11,16
54951715,135,63,72,14,6,8,47,19,28,22,9,13,52,29,23
54951717,125,59,66,14,6,8,18,7,11,31,12,19,62,34,28
54951718,23,13,10,1,0,1,5,3,2,1,0,1,16,10,6
54951719,23,12,11,2,1,1,13,6,7,5,3,2,3,2,1
54951721,21,10,11,3,0,3,5,3,2,6,3,3,7,4,3
56155001,47,21,26,11,6,5,6,1,5,17,9,8,13,5,8
54952501,136,62,74,8,2,6,13,5,8,72,34,38,43,21,22
54952502,66,35,31,11,6,5,9,4,5,30,19,11,16,6,10
56218101,169,86,83,25,13,12,18,9,9,52,25,27,74,39,35
50975201,95,51,44,9,6,3,21,9,12,25,14,11,40,22,18
54954101,190,99,91,19,9,10,21,9,12,85,47,38,65,34,31
59880102,83,43,40,15,10,5,13,4,9,30,18,12,25,11,14
59880103,21,9,12,3,0,3,5,2,3,7,4,3,6,3,3
54956801,224,106,118,17,8,9,26,10,16,84,41,43,97,47,50
54956802,59,30,29,5,3,2,5,2,3,23,11,12,26,14,12
54957601,65,37,28,14,9,5,13,4,9,24,15,9,14,9,5
54957602,20,13,7,3,1,2,4,3,1,6,5,1,7,4,3
54957603,45,25,20,8,4,4,8,4,4,5,3,2,24,14,10
54957604,27,12,15,1,1,0,6,2,4,19,9,10,1,0,1
54957605,100,57,43,5,2,3,21,10,11,34,22,12,40,23,17
54957606,145,72,73,9,6,3,22,13,9,86,42,44,28,11,17
54957607,38,17,21,2,0,2,5,1,4,21,11,10,10,5,5
54957608,2648,1261,1387,276,108,168,361,141,220,1090,559,531,921,453,468
54957609,1569,752,817,168,80,88,344,150,194,551,282,269,506,240,266
54957610,263,121,142,40,17,23,81,25,56,63,43,20,79,36,43
54957611,34,18,16,4,1,3,7,3,4,9,7,2,14,7,7
54957613,404,209,195,44,22,22,40,21,19,201,102,99,119,64,55
54957614,1450,722,728,194,84,110,166,64,102,610,327,283,480,247,233
54957615,717,352,365,59,23,36,78,36,42,332,164,168,248,129,119
54957616,364,185,179,38,17,21,54,23,31,151,75,76,121,70,51
56214901,25,14,11,1,1,0,5,3,2,10,6,4,9,4,5
54958402,68,36,32,4,3,1,9,5,4,27,15,12,28,13,15
54958403,47,25,22,9,5,4,3,0,3,20,14,6,15,6,9
54958404,965,502,463,85,35,50,101,45,56,469,251,218,310,171,139
54958405,41,24,17,6,3,3,1,0,1,16,8,8,18,13,5
54958408,82,46,36,6,3,3,3,1,2,42,26,16,31,16,15
54959201,47,27,20,4,1,3,5,4,1,14,9,5,24,13,11
54959203,32,15,17,5,2,3,3,1,2,8,5,3,16,7,9
54959204,1306,645,661,126,56,70,141,55,86,593,304,289,446,230,216
54959205,30,14,16,6,4,2,2,0,2,3,2,1,19,8,11
54959206,74,37,37,6,5,1,1,0,1,37,18,19,30,14,16
54959207,42,23,19,2,1,1,4,1,3,21,12,9,15,9,6
54959209,39,23,16,2,1,1,6,3,3,17,11,6,14,8,6
54960601,35,19,16,4,1,3,4,2,2,13,8,5,14,8,6
54960602,59,26,33,7,3,4,7,3,4,25,11,14,20,9,11
54960603,39,18,21,5,3,2,11,3,8,12,6,6,11,6,5
54960606,104,61,43,3,1,2,2,1,1,48,25,23,51,34,17
54961401,88,44,44,8,3,5,5,2,3,39,20,19,36,19,17
56215701,77,41,36,5,1,4,10,5,5,36,22,14,26,13,13
56215702,25,14,11,3,1,2,1,0,1,10,6,4,11,7,4
54965701,96,56,40,8,5,3,6,3,3,65,37,28,17,11,6
54965702,40,20,20,5,3,2,3,1,2,18,9,9,14,7,7
52987701,62,33,29,6,3,3,10,4,6,19,12,7,27,14,13
56219001,151,80,71,17,7,10,14,6,8,89,48,41,31,19,12
54968101,27,12,15,4,1,3,0,0,0,13,5,8,10,6,4
54968103,83,48,35,13,5,8,11,5,6,41,29,12,18,9,9
54968104,156,71,85,16,5,11,3,1,2,88,42,46,49,23,26
59882801,131,78,53,18,9,9,17,9,8,41,26,15,55,34,21
54970301,250,124,126,19,7,12,39,22,17,142,71,71,50,24,26
54970302,75,42,33,2,0,2,15,5,10,35,22,13,23,15,8
54971102,225,116,109,23,11,12,26,9,17,96,51,45,80,45,35
54971103,118,61,57,7,2,5,11,7,4,59,31,28,41,21,20
56225401,21,10,11,4,2,2,0,0,0,4,2,2,13,6,7
56225402,149,77,72,6,4,2,18,8,10,62,34,28,63,31,32
3083070,0,0,0,0,0,0,0,0,0,0,0,0,0,0,0
3350110,0,0,0,0,0,0,0,0,0,0,0,0,0,0,0
54924001,47,31,16,5,2,3,5,3,2,19,13,6,18,13,5
54924003,94,46,48,12,4,8,13,7,6,34,17,17,35,18,17
54924004,1922,937,985,185,76,109,172,74,98,1020,519,501,545,268,277
54924005,110,59,51,9,4,5,9,3,6,54,32,22,38,20,18
54924006,425,213,212,47,25,22,30,11,19,201,106,95,147,71,76
54924008,590,291,299,56,25,31,29,11,18,338,166,172,167,89,78
54924009,1036,578,458,121,55,66,117,61,56,364,201,163,434,261,173
54924010,2397,1146,1251,257,119,138,285,135,150,1073,531,542,782,361,421
54924011,96,37,59,4,1,3,29,5,24,18,12,6,45,19,26
54924012,179,90,89,25,8,17,41,18,23,69,39,30,44,25,19
54924013,103,51,52,19,7,12,5,3,2,51,27,24,28,14,14
54924014,179,118,61,31,19,12,22,14,8,59,40,19,67,45,22
54924015,2073,993,1080,222,97,125,264,114,150,1010,501,509,577,281,296
54924016,63,45,18,10,7,3,7,4,3,17,11,6,29,23,6
54924017,1773,868,905,227,99,128,214,95,119,828,433,395,504,241,263
54924018,3476,1650,1826,312,118,194,299,132,167,1766,899,867,1099,501,598
54924019,558,263,295,70,31,39,60,24,36,286,141,145,142,67,75
54924020,3185,1457,1728,381,146,235,341,120,221,1367,674,693,1096,517,579
54924021,4045,1911,2134,460,179,281,490,195,295,1884,966,918,1211,571,640
54924022,38,18,20,4,2,2,7,4,3,23,10,13,4,2,2
54924023,54,29,25,11,5,6,10,5,5,26,13,13,7,6,1
54924024,186,85,101,24,10,14,21,9,12,87,40,47,54,26,28
54924025,927,400,527,95,39,56,100,42,58,371,182,189,361,137,224
54924026,188,128,60,33,21,12,25,18,7,50,31,19,80,58,22
54924027,4276,2005,2271,496,214,282,418,168,250,1959,940,1019,1403,683,720
54924028,1589,767,822,177,84,93,167,72,95,803,398,405,442,213,229
54975401,245,131,114,14,6,8,31,19,12,130,70,60,70,36,34
54975402,57,31,26,7,4,3,3,1,2,23,12,11,24,14,10
54975404,48,29,19,1,1,0,6,2,4,25,13,12,16,13,3
56150901,66,32,34,11,5,6,5,2,3,34,16,18,16,9,7
54977101,93,49,44,16,8,8,13,5,8,40,21,19,24,15,9
54977102,195,113,82,16,9,7,21,13,8,66,38,28,92,53,39
54977103,93,44,49,10,4,6,8,4,4,44,19,25,31,17,14
54977104,135,64,71,16,6,10,31,12,19,50,24,26,38,22,16
54977105,50,23,27,4,4,0,3,1,2,26,9,17,17,9,8
54977106,250,123,127,22,11,11,32,17,15,130,64,66,66,31,35
54977107,87,45,42,8,3,5,15,7,8,37,17,20,27,18,9
54977108,169,93,76,13,6,7,16,8,8,92,51,41,48,28,20
54977109,3591,1801,1790,309,144,165,369,148,221,1547,803,744,1366,706,660
56151701,134,75,59,13,7,6,17,8,9,56,34,22,48,26,22
50962101,77,41,36,12,8,4,12,4,8,25,12,13,28,17,11
50962102,90,41,49,6,2,4,16,5,11,36,16,20,32,18,14
50962103,94,47,47,8,4,4,14,5,9,41,22,19,31,16,15
50962104,50,26,24,3,2,1,10,6,4,16,8,8,21,10,11
50962106,60,29,31,8,3,5,7,2,5,16,9,7,29,15,14
50962107,84,44,40,14,6,8,8,3,5,40,24,16,22,11,11
50962108,22,10,12,2,1,1,1,0,1,17,9,8,2,0,2
50962109,112,55,57,9,4,5,4,2,2,40,19,21,59,30,29
54979701,52,28,24,7,2,5,15,7,8,18,10,8,12,9,3
54979703,159,78,81,16,5,11,21,10,11,44,21,23,78,42,36
54979704,53,25,28,8,3,5,23,11,12,11,5,6,11,6,5
54980101,400,209,191,26,11,15,48,21,27,166,90,76,160,87,73
54980102,154,73,81,16,8,8,24,8,16,56,32,24,58,25,33
56206801,273,105,168,31,14,17,21,5,16,68,26,42,153,60,93
54982701,246,122,124,24,10,14,35,15,20,115,60,55,72,37,35
54982702,97,45,52,4,3,1,14,5,9,46,24,22,33,13,20
54982703,52,21,31,0,0,0,5,2,3,18,6,12,29,13,16
54984301,189,92,97,8,4,4,49,25,24,59,29,30,73,34,39
54984302,1129,561,568,100,53,47,164,63,101,428,222,206,437,223,214
54985101,280,147,133,27,14,13,24,8,16,143,77,66,86,48,38
54985102,39,16,23,10,5,5,5,2,3,9,4,5,15,5,10
54986001,66,39,27,8,3,5,14,7,7,18,13,5,26,16,10
54986002,88,50,38,13,8,5,17,8,9,32,20,12,26,14,12
54986003,30,16,14,4,2,2,2,0,2,21,12,9,3,2,1
54986004,145,79,66,8,4,4,25,11,14,50,29,21,62,35,27
54986005,44,26,18,2,1,1,2,1,1,23,13,10,17,11,6
54987801,243,125,118,23,10,13,31,15,16,105,53,52,84,47,37
54987803,33,12,21,12,3,9,2,1,1,13,5,8,6,3,3
52988501,84,44,40,10,6,4,7,3,4,30,16,14,37,19,18
54993201,29,14,15,1,0,1,3,1,2,9,4,5,16,9,7
54993202,133,73,60,3,2,1,8,6,2,65,34,31,57,31,26
56227101,114,52,62,7,2,5,12,5,7,62,31,31,33,14,19
1916042,0,0,0,0,0,0,0,0,0,0,0,0,0,0,0
56221101,67,31,36,2,1,1,5,1,4,41,21,20,19,8,11
56221103,77,40,37,9,5,4,10,5,5,36,20,16,22,10,12
56221105,20,10,10,5,2,3,1,1,0,6,3,3,8,4,4
56221106,28,16,12,3,1,2,2,1,1,22,13,9,1,1,0
54997501,69,40,29,9,5,4,5,2,3,30,18,12,25,15,10
54997502,132,67,65,6,2,4,16,9,7,61,29,32,49,27,22
59884401,58,29,29,3,1,2,2,1,1,32,17,15,21,10,11
59884404,166,76,90,18,6,12,19,9,10,85,41,44,44,20,24
59885201,36,15,21,5,1,4,7,2,5,11,5,6,13,7,6
59885202,42,22,20,3,2,1,5,3,2,14,7,7,20,10,10
59885203,63,32,31,4,3,1,11,5,6,10,3,7,38,21,17
56228902,24,12,12,2,1,1,4,1,3,7,2,5,11,8,3
56228903,38,18,20,2,1,1,6,3,3,19,9,10,11,5,6
56228904,21,12,9,2,0,2,3,2,1,10,7,3,6,3,3
1857361,0,0,0,0,0,0,0,0,0,0,0,0,0,0,0
54999101,71,41,30,9,5,4,3,1,2,47,25,22,12,10,2
54999102,223,116,107,22,12,10,19,8,11,130,70,60,52,26,26
55000101,122,57,65,4,2,2,17,7,10,57,28,29,44,20,24
55000102,23,12,11,1,0,1,1,0,1,14,8,6,7,4,3
55000103,32,16,16,1,1,0,5,3,2,17,8,9,9,4,5
55002701,104,56,48,3,1,2,20,12,8,55,28,27,26,15,11
55002702,61,33,28,4,3,1,4,2,2,21,11,10,32,17,15
55002703,101,51,50,20,10,10,13,4,9,57,31,26,11,6,5
55002704,397,201,196,33,11,22,68,31,37,170,94,76,126,65,61
55002705,53,26,27,8,2,6,3,1,2,25,11,14,17,12,5
55002706,58,31,27,7,3,4,7,3,4,28,16,12,16,9,7
55003501,321,163,158,17,7,10,45,19,26,131,72,59,128,65,63
55004303,166,91,75,2,1,1,12,7,5,31,15,16,121,68,53
55006001,80,47,33,6,4,2,17,10,7,22,14,8,35,19,16
55006003,50,27,23,11,7,4,16,7,9,6,4,2,17,9,8
55006004,123,65,58,8,3,5,36,18,18,31,19,12,48,25,23
55006005,55,27,28,7,3,4,7,4,3,10,5,5,31,15,16
56216501,199,109,90,27,12,15,14,6,8,100,60,40,58,31,27
59886101,26,12,14,8,5,3,9,3,6,5,3,2,4,1,3
59886102,155,78,77,13,3,10,17,6,11,62,32,30,63,37,26
59886104,68,39,29,8,6,2,2,1,1,22,12,10,36,20,16
53724101,103,49,54,8,3,5,17,10,7,44,20,24,34,16,18
53724102,31,13,18,4,0,4,1,1,0,18,6,12,8,6,2
55011601,306,151,155,24,12,12,63,26,37,109,55,54,110,58,52
53752701,45,21,24,8,5,3,16,6,10,7,2,5,14,8,6
1079210,0,0,0,0,0,0,0,0,0,0,0,0,0,0,0
1079480,0,0,0,0,0,0,0,0,0,0,0,0,0,0,0
1079560,0,0,0,0,0,0,0,0,0,0,0,0,0,0,0
1079640,0,0,0,0,0,0,0,0,0,0,0,0,0,0,0
54590201,228,112,116,24,11,13,14,3,11,120,64,56,70,34,36
54590202,32,21,11,5,3,2,1,1,0,12,6,6,14,11,3
55012401,108,59,49,4,1,3,35,18,17,41,24,17,28,16,12
55012402,47,26,21,6,4,2,6,2,4,20,11,9,15,9,6
55012403,80,48,32,18,10,8,5,1,4,34,21,13,23,16,7
55012405,63,26,37,3,1,2,4,2,2,29,11,18,27,12,15
55012406,36,23,13,3,2,1,15,9,6,13,9,4,5,3,2
56157601,93,46,47,8,4,4,20,7,13,17,8,9,48,27,21
53751901,231,120,111,19,9,10,28,12,16,101,55,46,83,44,39
53751902,42,21,21,5,1,4,15,7,8,12,6,6,10,7,3
53751904,23,12,11,4,1,3,1,1,0,14,8,6,4,2,2
55015902,86,43,43,6,4,2,11,5,6,40,20,20,29,14,15
55015903,86,40,46,8,4,4,14,6,8,42,19,23,22,11,11
55015904,47,23,24,3,1,2,7,4,3,25,12,13,12,6,6
55015905,41,18,23,4,2,2,8,2,6,16,9,7,13,5,8
55016701,1225,591,634,144,63,81,172,76,96,456,235,221,453,217,236
55016702,84,41,43,14,6,8,15,9,6,21,13,8,34,13,21
55016703,40,27,13,8,7,1,10,7,3,11,6,5,11,7,4
55016704,86,37,49,15,7,8,6,2,4,44,17,27,21,11,10
55016705,34,19,15,2,2,0,6,3,3,21,11,10,5,3,2
55016706,63,29,34,2,1,1,18,9,9,26,12,14,17,7,10
55016707,41,21,20,14,6,8,1,0,1,9,7,2,17,8,9
53718701,53,30,23,11,6,5,4,3,1,18,10,8,20,11,9
53718702,44,24,20,7,2,5,13,8,5,17,11,6,7,3,4
55018302,269,146,123,22,12,10,11,4,7,122,65,57,114,65,49
55018303,58,30,28,8,4,4,8,5,3,34,18,16,8,3,5
55018305,49,23,26,4,2,2,9,4,5,12,3,9,24,14,10
53714401,103,43,60,11,6,5,28,8,20,45,20,25,19,9,10
0446360,0,0,0,0,0,0,0,0,0,0,0,0,0,0,0
0446440,0,0,0,0,0,0,0,0,0,0,0,0,0,0,0
0446520,0,0,0,0,0,0,0,0,0,0,0,0,0,0,0
0446610,0,0,0,0,0,0,0,0,0,0,0,0,0,0,0
55020501,24,11,13,2,1,1,0,0,0,15,7,8,7,3,4
55020502,291,139,152,20,8,12,23,10,13,133,62,71,115,59,56
55020503,24,13,11,2,1,1,5,2,3,5,3,2,12,7,5
55022101,289,148,141,30,14,16,64,29,35,102,56,46,93,49,44
55022102,80,43,37,11,7,4,7,2,5,32,13,19,30,21,9
55022103,34,16,18,3,2,1,3,2,1,7,3,4,21,9,12
55022104,75,34,41,15,11,4,11,5,6,20,6,14,29,12,17
55023002,50,25,25,1,0,1,12,5,7,19,11,8,18,9,9
55023003,1190,600,590,134,59,75,185,87,98,457,243,214,414,211,203
55023004,67,32,35,3,0,3,19,10,9,20,8,12,25,14,11
55023005,46,26,20,6,3,3,4,1,3,19,12,7,17,10,7
55024801,343,182,161,29,14,15,78,38,40,119,61,58,117,69,48
0542160,0,0,0,0,0,0,0,0,0,0,0,0,0,0,0
55026401,340,173,167,23,9,14,23,9,14,188,98,90,106,57,49
55026402,65,27,38,6,2,4,2,1,1,37,19,18,20,5,15
55026404,41,20,21,7,3,4,7,3,4,17,8,9,10,6,4
55026405,29,12,17,5,2,3,2,2,0,17,6,11,5,2,3
55026408,69,39,30,8,3,5,6,6,0,34,16,18,21,14,7
53742001,159,76,83,13,5,8,12,8,4,51,26,25,83,37,46
53713602,37,18,19,4,1,3,12,6,6,11,6,5,10,5,5
56167301,32,18,14,2,1,1,3,0,3,16,9,7,11,8,3
56167302,49,29,20,3,1,2,1,1,0,24,13,11,21,14,7
3304340,0,0,0,0,0,0,0,0,0,0,0,0,0,0,0
55032901,48,26,22,6,5,1,0,0,0,25,13,12,17,8,9
55032903,305,154,151,29,14,15,59,26,33,100,51,49,117,63,54
55032906,62,39,23,5,1,4,10,8,2,34,20,14,13,10,3
55032908,52,30,22,7,4,3,7,1,6,20,16,4,18,9,9
56397801,78,41,37,11,7,4,8,4,4,35,16,19,24,14,10
0783523,0,0,0,0,0,0,0,0,0,0,0,0,0,0,0
0783610,0,0,0,0,0,0,0,0,0,0,0,0,0,0,0
55033701,130,70,60,8,4,4,14,5,9,74,44,30,34,17,17
55034501,292,157,135,29,16,13,69,37,32,84,42,42,110,62,48
56164901,105,47,58,13,4,9,13,6,7,46,24,22,33,13,20
56164902,28,18,10,1,1,0,3,2,1,16,10,6,8,5,3
55035301,63,33,30,2,1,1,3,2,1,38,22,16,20,8,12
55035304,494,243,251,43,20,23,43,17,26,193,96,97,215,110,105
55035306,74,37,37,4,2,2,9,4,5,22,11,11,39,20,19
55036101,58,30,28,6,2,4,8,2,6,25,16,9,19,10,9
55036102,70,34,36,13,5,8,5,4,1,22,10,12,30,15,15
55036103,68,33,35,7,3,4,12,7,5,16,8,8,33,15,18
55036104,1516,823,693,199,108,91,257,112,145,527,274,253,533,329,204
55036105,38,20,18,5,4,1,4,2,2,21,10,11,8,4,4
55036106,54,28,26,2,0,2,18,8,10,16,10,6,18,10,8
55036107,81,43,38,10,5,5,28,14,14,19,14,5,24,10,14
55036108,61,34,27,13,9,4,10,6,4,25,13,12,13,6,7
55036109,27,13,14,0,0,0,8,2,6,14,8,6,5,3,2
55036110,66,32,34,9,3,6,12,3,9,27,16,11,18,10,8
53707101,80,37,43,10,4,6,3,1,2,27,15,12,40,17,23
53707102,121,62,59,6,1,5,24,12,12,43,24,19,48,25,23
53732201,35,18,17,2,1,1,6,3,3,7,3,4,20,11,9
53738101,164,86,78,15,10,5,18,9,9,59,30,29,72,37,35
55041801,33,18,15,3,2,1,8,3,5,15,11,4,7,2,5
55041802,50,17,33,3,0,3,12,5,7,16,3,13,19,9,10
55041804,123,64,59,13,5,8,31,15,16,40,21,19,39,23,16
55041805,211,118,93,22,11,11,24,13,11,83,45,38,82,49,33
55041806,114,58,56,9,5,4,12,5,7,40,21,19,53,27,26
55041807,105,56,49,10,4,6,19,7,12,53,32,21,23,13,10
55042601,26,14,12,11,5,6,4,2,2,5,3,2,6,4,2
55042602,68,41,27,9,6,3,20,12,8,7,4,3,32,19,13
55042603,58,32,26,7,3,4,5,2,3,30,18,12,16,9,7
55042604,173,89,84,20,9,11,23,11,12,57,33,24,73,36,37
55042605,34,16,18,6,2,4,4,2,2,14,7,7,10,5,5
55043401,50,30,20,11,6,5,4,3,1,19,12,7,16,9,7
55043402,36,19,17,7,4,3,5,2,3,10,5,5,14,8,6
55043403,26,14,12,1,1,0,0,0,0,12,5,7,13,8,5
55043404,281,140,141,26,9,17,29,10,19,149,83,66,77,38,39
55043405,198,103,95,38,17,21,17,11,6,81,40,41,62,35,27
55039601,177,88,89,20,8,12,41,17,24,46,25,21,70,38,32
55039602,20,9,11,4,2,2,6,3,3,3,1,2,7,3,4
55044201,2254,1109,1145,180,86,94,291,123,168,912,474,438,871,426,445
55044202,36,16,20,0,0,0,6,2,4,22,11,11,8,3,5
55044203,57,33,24,0,0,0,4,4,0,27,14,13,26,15,11
55044204,174,92,82,19,7,12,8,5,3,93,51,42,54,29,25
1534350,0,0,0,0,0,0,0,0,0,0,0,0,0,0,0
52989301,84,48,36,5,2,3,3,1,2,53,30,23,23,15,8
55045102,39,18,21,1,1,0,0,0,0,33,17,16,5,0,5
55045103,22,13,9,4,1,3,5,2,3,8,6,2,5,4,1
55045105,233,119,114,17,7,10,10,3,7,124,63,61,82,46,36
55045106,40,20,20,2,2,0,6,4,2,15,5,10,17,9,8
55045107,73,37,36,6,1,5,5,4,1,43,22,21,19,10,9
56156801,91,45,46,11,4,7,13,5,8,27,14,13,40,22,18
53736502,55,33,22,3,1,2,22,11,11,18,11,7,12,10,2
53754301,146,71,75,10,6,4,28,14,14,60,23,37,48,28,20
1327210,0,0,0,0,0,0,0,0,0,0,0,0,0,0,0
3014930,0,0,0,0,0,0,0,0,0,0,0,0,0,0,0
3274170,0,0,0,0,0,0,0,0,0,0,0,0,0,0,0
55009401,105,47,58,11,2,9,21,11,10,40,20,20,33,14,19
55009402,43,23,20,5,2,3,3,0,3,27,17,10,8,4,4
55009403,44,22,22,6,3,3,12,5,7,20,11,9,6,3,3
55009404,87,42,45,10,4,6,23,9,14,23,11,12,31,18,13
55009408,109,56,53,15,8,7,13,7,6,31,19,12,50,22,28
55009409,767,413,354,56,27,29,86,38,48,289,152,137,336,196,140
55009411,114,60,54,19,8,11,15,8,7,42,22,20,38,22,16
55009412,1098,531,567,126,58,68,172,65,107,542,282,260,258,126,132
55009413,523,255,268,59,29,30,88,36,52,241,128,113,135,62,73
55009414,77,40,37,11,5,6,18,7,11,30,19,11,18,9,9
55009415,1386,650,736,150,52,98,164,70,94,606,288,318,466,240,226
55009416,395,186,209,32,13,19,39,17,22,191,90,101,133,66,67
55009417,90,43,47,7,5,2,7,2,5,49,23,26,27,13,14
55009418,130,64,66,16,8,8,13,8,5,39,22,17,62,26,36
55009419,91,46,45,7,1,6,7,5,2,47,26,21,30,14,16
55009420,354,185,169,41,20,21,44,22,22,185,95,90,84,48,36
55009421,1070,521,549,124,59,65,161,72,89,475,239,236,310,151,159
55009422,740,347,393,85,44,41,131,57,74,291,140,151,233,106,127
55009423,3041,1424,1617,297,109,188,348,138,210,1478,745,733,918,432,486
55009424,86,39,47,5,2,3,9,3,6,21,13,8,51,21,30
55009425,64,33,31,9,3,6,6,3,3,34,21,13,15,6,9
55009426,26,15,11,4,2,2,3,1,2,9,6,3,10,6,4
55048501,29,13,16,6,3,3,5,0,5,9,6,3,9,4,5
55048502,29,18,11,6,4,2,5,1,4,7,6,1,11,7,4
55048503,23,14,9,2,1,1,7,5,2,7,4,3,7,4,3
55048504,72,34,38,3,1,2,13,5,8,24,12,12,32,16,16
55051502,25,11,14,5,2,3,4,1,3,10,6,4,6,2,4
55051504,21,12,9,2,2,0,5,3,2,9,5,4,5,2,3
55051506,147,67,80,14,6,8,15,4,11,113,53,60,5,4,1
55051507,550,284,266,66,31,35,88,45,43,238,123,115,158,85,73
55051508,30,16,14,5,1,4,9,5,4,8,6,2,8,4,4
55051510,27,12,15,1,0,1,5,2,3,12,5,7,9,5,4
55051511,134,67,67,12,4,8,36,20,16,41,20,21,45,23,22
55051512,39,21,18,6,3,3,3,1,2,19,12,7,11,5,6
55051514,127,72,55,17,11,6,23,11,12,37,22,15,50,28,22
55051515,71,33,38,1,0,1,8,4,4,15,7,8,47,22,25
1556830,0,0,0,0,0,0,0,0,0,0,0,0,0,0,0
1557050,0,0,0,0,0,0,0,0,0,0,0,0,0,0,0
55052301,79,39,40,5,1,4,17,10,7,28,16,12,29,12,17
55052305,115,68,47,13,9,4,7,2,5,53,32,21,42,25,17
1566980,0,0,0,0,0,0,0,0,0,0,0,0,0,0,0
1567100,0,0,0,0,0,0,0,0,0,0,0,0,0,0,0
1567280,0,0,0,0,0,0,0,0,0,0,0,0,0,0,0
1985010,0,0,0,0,0,0,0,0,0,0,0,0,0,0,0
55053101,26,13,13,1,1,0,1,1,0,16,7,9,8,4,4
55053102,32,18,14,1,1,0,0,0,0,8,3,5,23,14,9
55053103,327,172,155,29,15,14,11,2,9,183,105,78,104,50,54
1571472,0,0,0,0,0,0,0,0,0,0,0,0,0,0,0
55054002,69,41,28,19,12,7,13,7,6,17,9,8,20,13,7
55054003,872,426,446,84,33,51,156,69,87,301,156,145,331,168,163
55054004,81,45,36,9,6,3,27,12,15,17,10,7,28,17,11
55054005,62,26,36,5,3,2,8,2,6,16,7,9,33,14,19
55054006,43,21,22,7,4,3,4,2,2,26,11,15,6,4,2
55054007,24,12,12,1,0,1,7,4,3,3,2,1,13,6,7
55054008,95,49,46,9,4,5,14,7,7,38,19,19,34,19,15
55055801,324,163,161,49,21,28,68,34,34,97,54,43,110,54,56
55055802,72,39,33,7,3,4,13,5,8,19,10,9,33,21,12
55055803,44,24,20,1,0,1,9,5,4,13,7,6,21,12,9
55055805,36,22,14,0,0,0,8,4,4,10,7,3,18,11,7
55055806,117,63,54,16,9,7,16,9,7,44,23,21,41,22,19
55057401,61,28,33,4,2,2,24,9,15,11,6,5,22,11,11
55057403,322,172,150,33,19,14,62,28,34,102,59,43,125,66,59
55057404,36,22,14,3,2,1,14,9,5,7,5,2,12,6,6
55058201,116,64,52,12,5,7,16,7,9,40,21,19,48,31,17
55058202,43,24,19,8,2,6,22,13,9,9,6,3,4,3,1
55058203,130,69,61,12,5,7,31,14,17,29,15,14,58,35,23
55060401,129,67,62,7,2,5,9,2,7,57,32,25,56,31,25
53753501,77,44,33,3,2,1,4,2,2,28,15,13,42,25,17
1945730,0,0,0,0,0,0,0,0,0,0,0,0,0,0,0
55062101,122,65,57,10,4,6,11,8,3,54,28,26,47,25,22
55062103,45,24,21,0,0,0,13,7,6,15,7,8,17,10,7
55062105,156,95,61,18,9,9,6,2,4,37,23,14,95,61,34
55062106,47,23,24,3,1,2,6,1,5,34,19,15,4,2,2
55062109,27,16,11,9,5,4,2,0,2,9,7,2,7,4,3
55062110,94,47,47,7,4,3,12,6,6,29,12,17,46,25,21
55062111,78,31,47,15,6,9,12,4,8,26,8,18,25,13,12
55062112,95,44,51,20,9,11,9,2,7,24,12,12,42,21,21
55062114,125,70,55,18,8,10,10,4,6,58,35,23,39,23,16
55062115,37,17,20,5,2,3,7,3,4,19,10,9,6,2,4
55062116,463,244,219,63,37,26,56,25,31,190,95,95,154,87,67
55062117,34,16,18,6,4,2,4,1,3,11,5,6,13,6,7
55062118,44,24,20,4,3,1,7,3,4,12,4,8,21,14,7
55062119,96,53,43,11,6,5,25,18,7,20,9,11,40,20,20
0655950,0,0,0,0,0,0,0,0,0,0,0,0,0,0,0
1821331,0,0,0,0,0,0,0,0,0,0,0,0,0,0,0
55064701,72,37,35,11,8,3,9,6,3,21,8,13,31,15,16
55064702,101,52,49,12,8,4,14,8,6,48,22,26,27,14,13
55064703,93,30,63,1,0,1,12,3,9,15,8,7,65,19,46
55064705,21,14,7,1,1,0,3,2,1,5,4,1,12,7,5
55064708,124,60,64,13,6,7,10,4,6,61,32,29,40,18,22
55064710,37,19,18,8,4,4,0,0,0,23,13,10,6,2,4
55064712,32,16,16,2,1,1,0,0,0,25,13,12,5,2,3
55064713,35,15,20,4,1,3,2,0,2,26,13,13,3,1,2
55064715,95,50,45,4,1,3,10,4,6,58,31,27,23,14,9
55064717,23,11,12,1,1,0,1,0,1,10,6,4,11,4,7
55064719,20,11,9,2,0,2,3,1,2,11,8,3,4,2,2
55064720,60,34,26,4,2,2,12,5,7,17,12,5,27,15,12
55064722,49,28,21,1,1,0,12,8,4,18,8,10,18,11,7
55064723,84,44,40,5,3,2,8,3,5,36,19,17,35,19,16
55064725,20,10,10,1,1,0,0,0,0,10,4,6,9,5,4
55064726,121,65,56,9,2,7,21,9,12,34,22,12,57,32,25
55064727,2086,1017,1069,167,66,101,179,74,105,1088,566,522,652,311,341
55064728,561,272,289,53,21,32,96,41,55,198,102,96,214,108,106
55064729,977,464,513,106,44,62,84,30,54,456,224,232,331,166,165
55064730,99,48,51,8,4,4,9,4,5,54,27,27,28,13,15
55064731,102,46,56,7,4,3,16,6,10,55,24,31,24,12,12
55064732,816,367,449,110,50,60,123,47,76,336,152,184,247,118,129
55064733,40,21,19,2,1,1,1,1,0,18,10,8,19,9,10
55064735,96,47,49,5,4,1,23,7,16,42,27,15,26,9,17
55064736,542,264,278,59,22,37,63,29,34,225,115,110,195,98,97
55064737,275,139,136,41,20,21,43,17,26,99,54,45,92,48,44
55064738,61,32,29,3,2,1,12,4,8,29,17,12,17,9,8
55064740,39,21,18,4,3,1,9,6,3,17,6,11,9,6,3
55064741,504,275,229,41,18,23,36,18,18,170,98,72,257,141,116
55065501,39,22,17,0,0,0,17,9,8,11,5,6,11,8,3
55065502,27,12,15,5,3,2,3,1,2,7,4,3,12,4,8
55065503,462,232,230,50,27,23,103,38,65,151,82,69,158,85,73
55066301,23,11,12,0,0,0,3,0,3,5,4,1,15,7,8
55066302,34,17,17,7,3,4,8,4,4,11,6,5,8,4,4
55066303,39,22,17,3,1,2,11,7,4,18,9,9,7,5,2
55066305,22,12,10,0,0,0,15,7,8,1,1,0,6,4,2
55066307,37,19,18,5,2,3,9,4,5,12,7,5,11,6,5
55066308,1553,763,790,169,77,92,257,115,142,548,281,267,579,290,289
1847052,0,0,0,0,0,0,0,0,0,0,0,0,0,0,0
1847561,0,0,0,0,0,0,0,0,0,0,0,0,0,0,0
55067101,20,13,7,4,2,2,2,2,0,12,7,5,2,2,0
55067102,26,14,12,1,0,1,13,7,6,1,1,0,11,6,5
55067104,28,14,14,2,1,1,2,2,0,4,1,3,20,10,10
55067106,92,44,48,9,3,6,14,5,9,47,25,22,22,11,11
55067107,32,17,15,4,2,2,6,4,2,18,9,9,4,2,2
55067108,1570,753,817,115,55,60,131,56,75,760,373,387,564,269,295
55067109,30,15,15,4,2,2,0,0,0,16,7,9,10,6,4
55067111,1643,825,818,171,70,101,156,66,90,789,411,378,527,278,249
55067112,24,12,12,3,1,2,0,0,0,14,8,6,7,3,4
55067113,97,54,43,16,7,9,14,8,6,38,21,17,29,18,11
55067114,52,35,17,5,4,1,4,2,2,27,18,9,16,11,5
55067116,38,18,20,2,0,2,6,4,2,20,9,11,10,5,5
52991501,64,34,30,8,4,4,9,6,3,25,14,11,22,10,12
1891970,0,0,0,0,0,0,0,0,0,0,0,0,0,0,0
55068002,49,25,24,5,2,3,19,9,10,15,9,6,10,5,5
55068003,44,23,21,0,0,0,12,3,9,21,11,10,11,9,2
55068005,39,22,17,2,2,0,3,2,1,18,9,9,16,9,7
55068008,188,98,90,26,12,14,29,14,15,72,37,35,61,35,26
53719501,59,31,28,4,2,2,10,5,5,22,13,9,23,11,12
55069801,24,11,13,2,1,1,2,1,1,3,1,2,17,8,9
55069802,45,22,23,2,2,0,15,7,8,7,4,3,21,9,12
55069803,64,33,31,6,2,4,10,7,3,17,9,8,31,15,16
55069804,180,95,85,21,11,10,45,23,22,47,25,22,67,36,31
55070102,74,39,35,8,4,4,8,4,4,28,15,13,30,16,14
55070103,41,24,17,2,1,1,2,0,2,13,8,5,24,15,9
55070104,20,12,8,5,2,3,1,1,0,5,3,2,9,6,3
55070106,219,115,104,8,3,5,9,2,7,124,67,57,78,43,35
55072801,107,52,55,12,4,8,7,1,6,38,22,16,50,25,25
55072802,79,35,44,12,4,8,12,7,5,38,17,21,17,7,10
55072803,52,28,24,2,1,1,10,5,5,10,8,2,30,14,16
55072804,57,32,25,6,2,4,8,4,4,16,10,6,27,16,11
55072805,135,63,72,12,5,7,10,4,6,86,40,46,27,14,13
55072806,954,457,497,103,36,67,148,59,89,378,196,182,325,166,159
55072808,22,9,13,2,0,2,2,1,1,10,5,5,8,3,5
55072809,61,38,23,3,1,2,13,9,4,22,13,9,23,15,8
55072810,39,20,19,8,3,5,9,4,5,11,7,4,11,6,5
55072811,128,62,66,15,7,8,21,6,15,43,23,20,49,26,23
52992301,115,54,61,15,8,7,27,12,15,46,20,26,27,14,13
3304850,0,0,0,0,0,0,0,0,0,0,0,0,0,0,0
55076101,23,11,12,6,3,3,0,0,0,15,7,8,2,1,1
55076102,102,58,44,4,4,0,2,1,1,50,30,20,46,23,23
53720901,259,132,127,29,15,14,61,28,33,83,46,37,86,43,43
53720902,36,17,19,3,0,3,5,2,3,18,9,9,10,6,4
55080901,1227,599,628,120,58,62,164,73,91,515,259,256,428,209,219
55080902,69,31,38,9,2,7,5,3,2,32,17,15,23,9,14
55080903,41,22,19,4,2,2,0,0,0,15,8,7,22,12,10
55080904,141,73,68,17,7,10,18,7,11,70,41,29,36,18,18
55080906,32,15,17,0,0,0,0,0,0,14,9,5,18,6,12
55080907,104,54,50,7,0,7,11,8,3,31,18,13,55,28,27
55081701,677,341,336,36,16,20,50,19,31,322,168,154,269,138,131
55081703,50,26,24,3,2,1,4,1,3,22,11,11,21,12,9
55081704,39,20,19,7,5,2,3,3,0,17,7,10,12,5,7
55081706,51,27,24,3,1,2,1,0,1,34,18,16,13,8,5
55081707,52,25,27,8,4,4,5,3,2,16,8,8,23,10,13
55081708,65,34,31,5,3,2,10,5,5,22,12,10,28,14,14
55081709,63,31,32,8,4,4,14,6,8,8,5,3,33,16,17
59889501,283,153,130,26,12,14,44,20,24,134,76,58,79,45,34
59889502,51,31,20,7,3,4,2,1,1,20,13,7,22,14,8
59889503,20,11,9,1,1,0,2,1,1,2,2,0,15,7,8
55083301,129,68,61,17,6,11,15,6,9,64,36,28,33,20,13
55083302,40,26,14,9,5,4,4,3,1,6,5,1,21,13,8
55083303,30,15,15,6,1,5,13,8,5,5,3,2,6,3,3
55085001,44,23,21,1,0,1,6,5,1,14,8,6,23,10,13
55085003,80,38,42,3,3,0,25,13,12,31,13,18,21,9,12
55085004,28,16,12,2,1,1,7,4,3,12,7,5,7,4,3
55085006,78,37,41,7,3,4,8,4,4,36,18,18,27,12,15
55085007,63,30,33,10,5,5,12,6,6,20,9,11,21,10,11
55085008,124,63,61,20,12,8,8,3,5,50,31,19,46,17,29
55085009,42,20,22,7,3,4,1,0,1,23,12,11,11,5,6
55085011,97,49,48,3,2,1,1,0,1,52,27,25,41,20,21
55085012,129,71,58,10,7,3,10,4,6,39,25,14,70,35,35
55085013,940,476,464,84,39,45,136,53,83,452,246,206,268,138,130
55085014,286,140,146,20,9,11,17,12,5,133,65,68,116,54,62
55085015,463,222,241,28,8,20,61,27,34,207,105,102,167,82,85
55085016,448,233,215,21,8,13,46,20,26,194,103,91,187,102,85
55085017,27,14,13,1,0,1,3,1,2,15,9,6,8,4,4
55085018,1536,742,794,115,48,67,164,66,98,740,368,372,517,260,257
55085020,28,15,13,6,1,5,6,4,2,12,7,5,4,3,1
55085021,1311,609,702,127,52,75,151,53,98,591,303,288,442,201,241
55085022,565,264,301,53,26,27,63,19,44,265,133,132,184,86,98
53706301,63,32,31,14,7,7,2,1,1,18,9,9,29,15,14
53001801,59,31,28,9,5,4,10,3,7,24,15,9,16,8,8
56017101,49,30,19,12,8,4,13,8,5,5,2,3,19,12,7
52996601,166,82,84,13,8,5,10,5,5,77,35,42,66,34,32
55090601,451,237,214,66,35,31,33,12,21,200,109,91,152,81,71
55090602,65,40,25,5,3,2,8,3,5,23,15,8,29,19,10
51006801,178,90,88,17,9,8,37,18,19,72,38,34,52,25,27
55092201,493,259,234,46,20,26,37,17,20,223,115,108,187,107,80
55092202,114,52,62,14,4,10,6,4,2,60,28,32,34,16,18
55092203,94,55,39,7,3,4,11,6,5,42,22,20,34,24,10
55092204,184,94,90,16,7,9,28,12,16,55,31,24,85,44,41
55092206,36,16,20,1,1,0,5,0,5,21,11,10,9,4,5
55094902,103,56,47,12,4,8,5,2,3,41,25,16,45,25,20
55094903,37,20,17,6,2,4,4,2,2,19,12,7,8,4,4
55094904,41,19,22,8,4,4,10,6,4,9,3,6,14,6,8
55095701,20,11,9,0,0,0,6,4,2,8,5,3,6,2,4
55095702,551,266,285,64,26,38,79,31,48,200,105,95,208,104,104
55095704,37,19,18,3,1,2,4,2,2,14,7,7,16,9,7
55095705,38,19,19,2,0,2,5,2,3,14,7,7,17,10,7
55095706,52,30,22,5,2,3,20,12,8,12,7,5,15,9,6
55095707,29,16,13,1,1,0,9,6,3,14,7,7,5,2,3
55095708,26,13,13,1,0,1,3,1,2,7,3,4,15,9,6
55095709,52,26,26,4,1,3,13,8,5,18,11,7,17,6,11
55095710,90,46,44,8,4,4,12,6,6,43,23,20,27,13,14
55096501,356,163,193,27,11,16,23,6,17,171,86,85,135,60,75
55096502,34,18,16,6,2,4,2,1,1,4,3,1,22,12,10
55096503,39,22,17,7,3,4,1,1,0,14,8,6,17,10,7
55098101,206,107,99,20,8,12,19,6,13,77,42,35,90,51,39
55098102,55,24,31,10,6,4,1,1,0,27,10,17,17,7,10
55101501,98,48,50,8,5,3,17,10,7,23,11,12,50,22,28
55101502,291,146,145,38,21,17,48,28,20,115,54,61,90,43,47
56021901,184,96,88,15,8,7,18,8,10,78,42,36,73,38,35
55102301,56,30,26,12,7,5,9,3,6,14,10,4,21,10,11
55102302,68,38,30,2,0,2,13,6,7,18,12,6,35,20,15
55102303,30,13,17,6,2,4,4,2,2,12,6,6,8,3,5
55102304,77,41,36,7,2,5,7,4,3,27,16,11,36,19,17
56024301,22,10,12,1,1,0,2,0,2,16,8,8,3,1,2
56024302,114,59,55,11,6,5,12,6,6,48,22,26,43,25,18
55104001,160,77,83,16,10,6,32,15,17,57,29,28,55,23,32
55104003,26,12,14,1,0,1,5,3,2,14,7,7,6,2,4
55104004,48,27,21,7,4,3,8,4,4,18,13,5,15,6,9
55104007,70,33,37,6,3,3,11,4,7,20,10,10,33,16,17
55159701,160,79,81,27,12,15,22,10,12,69,38,31,42,19,23
56169001,45,24,21,4,3,1,8,1,7,8,7,1,25,13,12
53662801,84,45,39,11,3,8,20,12,8,36,23,13,17,7,10
53688101,148,75,73,11,4,7,16,6,10,77,41,36,44,24,20
53688102,129,71,58,13,6,7,17,8,9,69,41,28,30,16,14
53636901,63,35,28,2,1,1,8,6,2,36,19,17,17,9,8
55110401,76,42,34,3,3,0,10,6,4,38,22,16,25,11,14
55110402,83,38,45,10,3,7,7,2,5,35,18,17,31,15,16
55112101,144,74,70,14,4,10,18,10,8,75,40,35,37,20,17
55113901,409,211,198,43,17,26,68,34,34,168,82,86,130,78,52
52998201,197,108,89,13,6,7,6,2,4,106,59,47,72,41,31
53690301,43,23,20,7,5,2,5,2,3,10,5,5,21,11,10
55115501,219,109,110,25,13,12,40,17,23,87,48,39,67,31,36
55115502,49,26,23,9,5,4,4,3,1,21,10,11,15,8,7
55116301,176,91,85,15,6,9,16,4,12,55,31,24,90,50,40
55116302,34,18,16,1,0,1,4,1,3,21,12,9,8,5,3
55118001,116,61,55,8,2,6,6,2,4,56,35,21,46,22,24
55118002,79,41,38,9,4,5,5,3,2,33,20,13,32,14,18
55118004,104,61,43,14,8,6,11,5,6,35,23,12,44,25,19
55118005,76,37,39,9,5,4,9,4,5,23,11,12,35,17,18
53694601,77,35,42,2,1,1,26,10,16,24,10,14,25,14,11
55120101,1303,637,666,119,54,65,186,75,111,547,282,265,451,226,225
56040501,138,71,67,12,5,7,11,6,5,51,27,24,64,33,31
53660101,140,67,73,8,3,5,18,7,11,52,24,28,62,33,29
53634201,95,51,44,8,4,4,19,10,9,25,12,13,43,25,18
55126101,188,93,95,20,9,11,28,11,17,60,33,27,80,40,40
55126102,40,17,23,10,4,6,6,4,2,11,5,6,13,4,9
53680601,109,54,55,14,6,8,14,6,8,54,26,28,27,16,11
53680602,32,17,15,5,2,3,10,6,4,14,7,7,3,2,1
53695401,75,39,36,10,6,4,13,6,7,22,13,9,30,14,16
53655501,71,38,33,9,3,6,15,8,7,13,7,6,34,20,14
53655502,62,35,27,8,5,3,2,0,2,31,20,11,21,10,11
56039101,44,28,16,6,2,4,7,5,2,10,7,3,21,14,7
53675001,107,56,51,12,7,5,6,1,5,43,21,22,46,27,19
59895001,104,47,57,17,6,11,11,5,6,23,12,11,53,24,29
56019701,51,25,26,10,4,6,5,2,3,22,12,10,14,7,7
55133301,87,46,41,9,3,6,6,2,4,21,13,8,51,28,23
55133302,243,123,120,23,12,11,31,15,16,97,50,47,92,46,46
55133303,114,53,61,17,7,10,24,11,13,32,15,17,41,20,21
53683101,85,41,44,13,5,8,4,1,3,32,20,12,36,15,21
55134101,144,70,74,21,10,11,32,12,20,51,27,24,40,21,19
55134102,45,27,18,7,4,3,11,6,5,6,2,4,21,15,6
55134103,85,45,40,12,7,5,17,7,10,20,14,6,36,17,19
55135001,573,311,262,57,31,26,44,19,25,220,122,98,252,139,113
55135002,80,43,37,11,6,5,7,4,3,36,16,20,26,17,9
53682202,53,28,25,11,7,4,7,1,6,19,11,8,16,9,7
53682203,33,14,19,2,1,1,1,1,0,16,6,10,14,6,8
53646601,320,122,198,11,3,8,13,6,7,94,47,47,202,66,136
55138401,646,326,320,77,32,45,81,28,53,280,160,120,208,106,102
55138404,44,20,24,9,4,5,7,2,5,18,9,9,10,5,5
55139201,272,138,134,33,15,18,41,17,24,85,43,42,113,63,50
53641501,46,28,18,7,5,2,3,1,2,17,10,7,19,12,7
53653901,64,30,34,9,2,7,6,3,3,26,14,12,23,11,12
55141401,225,110,115,15,7,8,22,7,15,106,57,49,82,39,43
55141403,28,14,14,4,4,0,8,3,5,14,6,8,2,1,1
53656301,247,116,131,22,10,12,24,11,13,111,54,57,90,41,49
56027801,254,135,119,20,9,11,29,15,14,105,51,54,100,60,40
55147302,34,15,19,10,6,4,1,1,0,4,1,3,19,7,12
55147303,126,61,65,14,8,6,2,1,1,78,38,40,32,14,18
55147305,35,20,15,2,1,1,10,5,5,11,7,4,12,7,5
55147308,62,28,34,1,0,1,1,1,0,21,10,11,39,17,22
55147310,23,14,9,3,2,1,3,2,1,16,9,7,1,1,0
53664401,120,57,63,12,6,6,29,12,17,30,18,12,49,21,28
53664402,46,22,24,0,0,0,5,2,3,22,11,11,19,9,10
53647401,105,60,45,9,4,5,25,15,10,36,21,15,35,20,15
53672501,113,53,60,11,2,9,10,4,6,55,30,25,37,17,20
55152001,268,134,134,19,8,11,23,9,14,112,61,51,114,56,58
55152003,32,17,15,4,2,2,9,3,6,13,7,6,6,5,1
53696201,237,124,113,26,13,13,40,20,20,96,44,52,75,47,28
56020101,60,33,27,10,4,6,6,4,2,21,13,8,23,12,11
56020103,37,19,18,5,2,3,5,4,1,14,6,8,13,7,6
55155401,92,39,53,10,4,6,9,4,5,28,12,16,45,19,26
55155402,238,124,114,12,4,8,42,17,25,79,51,28,105,52,53
55156201,56,30,26,5,2,3,7,4,3,14,9,5,30,15,15
55156202,41,24,17,6,2,4,7,3,4,20,13,7,8,6,2
55156203,479,296,183,39,19,20,58,45,13,234,156,78,148,76,72
55156204,40,22,18,8,6,2,1,0,1,9,5,4,22,11,11
55156205,49,23,26,1,1,0,8,3,5,15,8,7,25,11,14
55157101,108,57,51,5,1,4,4,1,3,50,29,21,49,26,23
59888702,82,45,37,5,3,2,21,10,11,10,4,6,46,28,18
53691101,39,21,18,10,5,5,3,2,1,23,12,11,3,2,1
53691102,45,23,22,0,0,0,3,2,1,20,11,9,22,10,12
55161901,44,21,23,6,4,2,7,3,4,18,9,9,13,5,8
55161902,274,132,142,19,8,11,23,11,12,143,69,74,89,44,45
55162701,60,32,28,2,1,1,1,0,1,38,22,16,19,9,10
55162702,154,86,68,20,12,8,25,11,14,54,31,23,55,32,23
55162703,29,13,16,0,0,0,3,1,2,3,2,1,23,10,13
55162704,48,19,29,7,3,4,7,2,5,16,7,9,18,7,11
53679201,94,49,45,5,3,2,9,6,3,34,18,16,46,22,24
55163501,26,11,15,2,1,1,7,2,5,12,6,6,5,2,3
55163502,28,14,14,3,1,2,6,4,2,15,6,9,4,3,1
55163503,94,51,43,5,3,2,3,0,3,43,22,21,43,26,17
55163504,63,33,30,4,1,3,4,1,3,32,18,14,23,13,10
55163505,49,27,22,13,7,6,6,2,4,15,9,6,15,9,6
53654701,133,66,67,14,7,7,8,1,7,54,28,26,57,30,27
55164301,45,23,22,4,1,3,8,3,5,20,14,6,13,5,8
55164302,100,47,53,3,1,2,13,5,8,46,23,23,38,18,20
55164303,294,148,146,42,19,23,32,13,19,111,62,49,109,54,55
55164304,43,23,20,7,3,4,2,1,1,30,16,14,4,3,1
53642301,37,19,18,9,5,4,2,1,1,17,8,9,9,5,4
55166001,54,26,28,1,1,0,5,2,3,24,12,12,24,11,13
55166002,109,53,56,7,3,4,18,8,10,35,17,18,49,25,24
55166003,87,41,46,15,5,10,14,6,8,36,19,17,22,11,11
55166004,1002,488,514,105,48,57,167,71,96,385,196,189,345,173,172
55166006,62,32,30,7,3,4,2,1,1,21,12,9,32,16,16
55166007,40,18,22,0,0,0,2,1,1,22,9,13,16,8,8
55167802,90,47,43,22,11,11,19,10,9,34,19,15,15,7,8
55167803,476,248,228,42,24,18,62,27,35,200,106,94,172,91,81
55167805,25,12,13,1,1,0,4,2,2,4,2,2,16,7,9
55167806,38,20,18,3,2,1,4,0,4,16,7,9,15,11,4
53686501,227,111,116,21,9,12,15,8,7,111,58,53,80,36,44
53684901,461,243,218,47,23,24,30,11,19,242,131,111,142,78,64
55171601,66,35,31,8,4,4,5,2,3,32,21,11,21,8,13
55171602,70,39,31,14,6,8,16,8,8,28,19,9,12,6,6
55171604,1096,548,548,100,45,55,119,53,66,454,233,221,423,217,206
59890901,70,37,33,6,3,3,13,4,9,24,14,10,27,16,11
55174101,72,39,33,4,3,1,11,5,6,20,9,11,37,22,15
55174102,143,68,75,15,6,9,26,14,12,47,24,23,55,24,31
53677601,139,74,65,13,7,6,28,13,15,57,29,28,41,25,16
55175901,34,18,16,7,4,3,0,0,0,12,7,5,15,7,8
55175902,280,135,145,24,10,14,18,5,13,96,50,46,142,70,72
53003401,55,26,29,18,5,13,4,2,2,19,10,9,14,9,5
53003402,46,21,25,10,3,7,11,7,4,7,4,3,18,7,11
53003403,282,145,137,26,14,12,33,14,19,113,60,53,110,57,53
1560010,0,0,0,0,0,0,0,0,0,0,0,0,0,0,0
3016550,0,0,0,0,0,0,0,0,0,0,0,0,0,0,0
3016800,0,0,0,0,0,0,0,0,0,0,0,0,0,0,0
55078701,63,33,30,8,3,5,5,2,3,40,22,18,10,6,4
55078702,188,80,108,6,3,3,23,9,14,67,31,36,92,37,55
55078703,2026,1019,1007,232,93,139,241,99,142,851,478,373,702,349,353
55078704,164,78,86,24,10,14,17,9,8,79,43,36,44,16,28
55078705,542,270,272,65,30,35,71,26,45,215,112,103,191,102,89
55078706,162,80,82,17,7,10,30,18,12,77,35,42,38,20,18
55078707,342,175,167,36,14,22,30,12,18,154,85,69,122,64,58
55078708,338,176,162,19,12,7,30,15,15,156,77,79,133,72,61
55078709,43,22,21,2,0,2,2,1,1,19,11,8,20,10,10
55078710,42,24,18,3,2,1,4,3,1,31,17,14,4,2,2
55078711,77,41,36,8,4,4,14,4,10,28,15,13,27,18,9
55078713,1518,699,819,120,52,68,193,71,122,695,330,365,510,246,264
55078714,60,28,32,3,1,2,6,2,4,32,17,15,19,8,11
55078715,2298,1067,1231,210,77,133,263,99,164,1060,542,518,765,349,416
55078716,31,17,14,6,0,6,0,0,0,19,13,6,6,4,2
55078717,4254,2073,2181,393,160,233,413,179,234,1793,926,867,1655,808,847
55078718,596,291,305,52,20,32,70,28,42,263,143,120,211,100,111
55078719,182,95,87,12,7,5,18,8,10,93,46,47,59,34,25
55078720,1490,668,822,159,69,90,118,44,74,665,321,344,548,234,314
55078721,151,83,68,13,8,5,17,9,8,68,34,34,53,32,21
55078722,269,126,143,23,11,12,29,13,16,109,55,54,108,47,61
55078723,915,418,497,71,26,45,90,35,55,431,199,232,323,158,165
55078724,1539,747,792,140,61,79,160,79,81,716,349,367,523,258,265
55078725,92,47,45,9,6,3,6,4,2,40,16,24,37,21,16
55078726,96,51,45,5,3,2,10,5,5,50,26,24,31,17,14
55078728,3789,1755,2034,393,155,238,356,151,205,1757,874,883,1283,575,708
55078729,119,57,62,11,4,7,4,2,2,59,31,28,45,20,25
55078731,21,10,11,3,2,1,2,0,2,6,3,3,10,5,5
55078733,502,248,254,44,18,26,65,31,34,225,117,108,168,82,86
55177501,114,57,57,9,4,5,16,6,10,34,17,17,55,30,25
55177502,52,29,23,3,1,2,14,7,7,19,12,7,16,9,7
53678401,138,68,70,15,4,11,20,11,9,58,33,25,45,20,25
55179101,119,63,56,14,5,9,14,5,9,57,35,22,34,18,16
55179102,56,29,27,3,1,2,5,2,3,25,11,14,23,15,8
55179103,81,44,37,5,3,2,18,8,10,31,19,12,27,14,13
55179104,34,16,18,3,2,1,2,0,2,24,11,13,5,3,2
55179105,597,303,294,58,28,30,43,17,26,291,159,132,205,99,106
55183001,59,36,23,7,2,5,12,8,4,23,17,6,17,9,8
55183002,250,127,123,17,7,10,31,13,18,123,64,59,79,43,36
53692001,190,91,99,17,6,11,34,17,17,51,26,25,88,42,46
55185601,112,58,54,11,8,3,17,10,7,51,24,27,33,16,17
55185602,657,310,347,67,24,43,63,23,40,272,139,133,255,124,131
55185603,64,24,40,6,1,5,7,3,4,31,13,18,20,7,13
53659801,242,120,122,19,5,14,28,15,13,94,46,48,101,54,47
53651202,200,82,118,18,1,17,14,6,8,61,29,32,107,46,61
55189901,134,61,73,8,5,3,11,3,8,41,19,22,74,34,40
55189902,171,88,83,19,8,11,21,9,12,69,38,31,62,33,29
53667901,66,37,29,7,4,3,19,11,8,16,9,7,24,13,11
53669501,34,16,18,1,0,1,5,2,3,14,5,9,14,9,5
53669503,64,30,34,6,2,4,8,4,4,20,11,9,30,13,17
56395101,64,35,29,4,0,4,10,6,4,34,17,17,16,12,4
55193701,91,42,49,2,0,2,12,7,5,42,21,21,35,14,21
53689001,25,12,13,6,2,4,4,2,2,14,7,7,1,1,0
53689002,87,45,42,5,3,2,14,5,9,29,18,11,39,19,20
53650401,42,23,19,4,3,1,12,6,6,8,5,3,18,9,9
53674101,157,78,79,20,9,11,44,17,27,51,27,24,42,25,17
3017610,0,0,0,0,0,0,0,0,0,0,0,0,0,0,0
55195301,163,81,82,23,10,13,19,5,14,51,26,25,70,40,30
55195302,184,86,98,14,2,12,13,6,7,95,45,50,62,33,29
55195303,86,46,40,19,10,9,23,13,10,21,12,9,23,11,12
55195304,232,117,115,25,10,15,35,15,20,101,53,48,71,39,32
55195305,41,23,18,0,0,0,4,2,2,22,13,9,15,8,7
55195306,300,145,155,21,10,11,29,15,14,129,59,70,121,61,60
55195307,28,13,15,3,1,2,2,1,1,10,6,4,13,5,8
55195308,627,339,288,52,28,24,90,48,42,245,139,106,240,124,116
55195309,87,47,40,9,4,5,18,13,5,33,19,14,27,11,16
55195311,411,208,203,46,24,22,73,32,41,156,81,75,136,71,65
55195312,442,192,250,45,19,26,83,24,59,166,87,79,148,62,86
55195313,61,40,21,15,7,8,3,1,2,17,10,7,26,22,4
55195314,102,59,43,11,5,6,13,8,5,43,24,19,35,22,13
55195315,1245,613,632,144,56,88,150,68,82,554,286,268,397,203,194
55195316,691,347,344,64,32,32,72,30,42,309,159,150,246,126,120
55195317,1171,584,587,126,59,67,78,32,46,554,284,270,413,209,204
55195318,526,273,253,58,24,34,76,37,39,194,101,93,198,111,87
55195319,419,206,213,59,25,34,81,42,39,160,87,73,119,52,67
55196103,128,60,68,13,5,8,21,9,12,42,19,23,52,27,25
55196105,410,212,198,38,17,21,46,20,26,180,92,88,146,83,63
55197001,86,44,42,5,2,3,9,4,5,32,17,15,40,21,19
55197003,46,20,26,7,1,6,3,2,1,14,8,6,22,9,13
55197004,2789,1347,1442,284,126,158,326,121,205,1204,607,597,975,493,482
55197005,85,44,41,6,1,5,9,4,5,39,23,16,31,16,15
55198801,322,155,167,34,14,20,19,8,11,165,83,82,104,50,54
53648201,43,23,20,9,4,5,7,3,4,14,9,5,13,7,6
53687301,60,27,33,9,3,6,5,1,4,24,16,8,22,7,15
56325101,62,35,27,5,3,2,7,5,2,35,18,17,15,9,6
56325102,81,39,42,5,2,3,3,1,2,34,17,17,39,19,20
56336601,72,45,27,2,2,0,13,5,8,27,18,9,30,20,10
3085610,0,0,0,0,0,0,0,0,0,0,0,0,0,0,0
55205401,77,36,41,3,1,2,7,4,3,41,20,21,26,11,15
55205402,123,62,61,10,3,7,9,3,6,75,39,36,29,17,12
55205403,60,30,30,5,3,2,2,1,1,32,15,17,21,11,10
55205404,497,271,226,48,25,23,45,18,27,224,120,104,180,108,72
55205405,90,52,38,2,1,1,5,0,5,43,27,16,40,24,16
55205406,2615,1276,1339,224,90,134,226,80,146,1392,728,664,773,378,395
55205408,1385,658,727,87,37,50,113,45,68,702,361,341,483,215,268
55205409,23,13,10,1,1,0,14,8,6,7,4,3,1,0,1
56044801,116,57,59,3,2,1,31,14,17,45,25,20,37,16,21
56044802,78,42,36,4,2,2,27,10,17,17,10,7,30,20,10
55209701,229,114,115,29,14,15,33,13,20,93,47,46,74,40,34
55210101,535,266,269,48,24,24,58,23,35,273,147,126,156,72,84
55210103,28,17,11,3,2,1,10,4,6,12,10,2,3,1,2
55210104,26,12,14,2,2,0,8,4,4,7,1,6,9,5,4
55210107,38,21,17,4,2,2,6,3,3,7,4,3,21,12,9
55210108,28,17,11,5,4,1,5,2,3,9,5,4,9,6,3
55210109,38,21,17,6,2,4,6,3,3,16,10,6,10,6,4
55212701,42,24,18,2,0,2,11,4,7,14,10,4,15,10,5
55213501,204,103,101,17,8,9,31,16,15,74,40,34,82,39,43
55213502,22,12,10,3,1,2,0,0,0,13,8,5,6,3,3
55214301,297,138,159,26,17,9,54,25,29,108,54,54,109,42,67
55214302,56,31,25,4,2,2,10,3,7,21,16,5,21,10,11
55214303,39,24,15,4,2,2,4,2,2,12,9,3,19,11,8
56372201,44,19,25,5,3,2,6,3,3,12,5,7,21,8,13
56372202,42,23,19,3,1,2,0,0,0,16,10,6,23,12,11
55220801,210,106,104,26,11,15,31,11,20,53,27,26,100,57,43
55220802,25,14,11,4,2,2,0,0,0,10,6,4,11,6,5
55220803,28,16,12,5,2,3,0,0,0,12,6,6,11,8,3
55220804,24,10,14,1,0,1,2,1,1,13,5,8,8,4,4
55220805,99,51,48,15,4,11,9,5,4,29,17,12,46,25,21
56365001,154,78,76,26,15,11,18,7,11,49,26,23,61,30,31
55222402,105,55,50,9,4,5,9,3,6,52,28,24,35,20,15
55224101,118,63,55,14,5,9,15,6,9,42,24,18,47,28,19
55224102,73,37,36,11,3,8,14,7,7,23,13,10,25,14,11
55224103,55,33,22,4,1,3,3,1,2,29,18,11,19,13,6
55224104,30,16,14,8,5,3,3,1,2,0,0,0,19,10,9
55224105,82,47,35,5,3,2,6,4,2,42,25,17,29,15,14
55224106,103,55,48,8,4,4,4,1,3,59,33,26,32,17,15
55224108,68,32,36,13,6,7,11,5,6,18,6,12,26,15,11
55224111,186,93,93,21,11,10,32,11,21,62,35,27,71,36,35
55224112,23,11,12,0,0,0,3,2,1,12,5,7,8,4,4
55224113,63,29,34,4,2,2,15,7,8,13,5,8,31,15,16
56052901,54,30,24,9,2,7,24,15,9,5,4,1,16,9,7
56052902,28,14,14,4,2,2,6,3,3,15,7,8,3,2,1
56052903,45,27,18,2,1,1,26,15,11,12,8,4,5,3,2
56376501,145,73,72,15,9,6,35,19,16,46,25,21,49,20,29
55227501,217,118,99,16,9,7,47,23,24,90,53,37,64,33,31
55228301,826,409,417,68,26,42,75,35,40,399,204,195,284,144,140
55229101,159,81,78,11,4,7,6,4,2,80,38,42,62,35,27
56330701,219,117,102,19,7,12,42,20,22,92,53,39,66,37,29
56362501,65,35,30,8,3,5,5,1,4,40,26,14,12,5,7
56048103,140,66,74,15,7,8,45,18,27,43,22,21,37,19,18
55232101,50,25,25,1,1,0,15,8,7,11,7,4,23,9,14
55232102,287,140,147,18,12,6,55,25,30,129,68,61,85,35,50
55232103,68,37,31,5,1,4,9,5,4,30,16,14,24,15,9
59899202,38,19,19,7,2,5,4,1,3,17,10,7,10,6,4
59899203,57,27,30,11,5,6,3,1,2,23,12,11,20,9,11
56290401,120,65,55,13,7,6,19,11,8,54,27,27,34,20,14
55245301,123,66,57,17,9,8,13,6,7,41,27,14,52,24,28
55246101,554,282,272,54,23,31,71,27,44,271,147,124,158,85,73
55246102,833,428,405,76,38,38,101,44,57,417,222,195,239,124,115
55246104,69,33,36,4,3,1,8,4,4,34,16,18,23,10,13
55246107,55,29,26,10,4,6,9,5,4,20,11,9,16,9,7
55246108,24,10,14,1,0,1,3,2,1,8,4,4,12,4,8
55246109,35,18,17,4,1,3,2,1,1,18,10,8,11,6,5
55246110,43,23,20,7,4,3,5,2,3,20,12,8,11,5,6
55246111,112,56,56,6,3,3,8,5,3,69,32,37,29,16,13
55246112,76,41,35,5,3,2,17,8,9,36,21,15,18,9,9
55247001,364,190,174,45,21,24,69,28,41,119,64,55,131,77,54
55247004,120,56,64,10,5,5,23,5,18,32,16,16,55,30,25
56314501,158,77,81,16,8,8,24,11,13,57,27,30,61,31,30
55249601,143,76,67,17,9,8,15,7,8,70,37,33,41,23,18
55249602,1949,925,1024,212,93,119,255,89,166,830,434,396,652,309,343
55249604,119,59,60,10,4,6,14,4,10,69,39,30,26,12,14
55249605,174,94,80,26,12,14,35,15,20,73,46,27,40,21,19
55249606,70,37,33,3,2,1,5,2,3,32,17,15,30,16,14
56296301,79,39,40,3,0,3,20,9,11,30,17,13,26,13,13
0611742,0,0,0,0,0,0,0,0,0,0,0,0,0,0,0
55253401,160,78,82,12,4,8,24,13,11,28,13,15,96,48,48
55253402,44,20,24,2,1,1,1,0,1,23,11,12,18,8,10
55253403,48,22,26,3,2,1,12,5,7,21,10,11,12,5,7
55253405,47,26,21,8,5,3,5,3,2,15,7,8,19,11,8
55253408,47,28,19,5,2,3,19,10,9,9,7,2,14,9,5
55253409,56,28,28,11,4,7,16,7,9,14,8,6,15,9,6
55253412,952,483,469,79,31,48,194,91,103,398,204,194,281,157,124
55253417,39,19,20,1,0,1,11,6,5,11,6,5,16,7,9
55253418,75,36,39,9,4,5,20,11,9,34,16,18,12,5,7
55253419,99,55,44,13,4,9,28,17,11,32,17,15,26,17,9
55253420,139,68,71,18,10,8,12,5,7,32,16,16,77,37,40
55253421,22,11,11,0,0,0,4,2,2,11,7,4,7,2,5
55253422,119,59,60,14,5,9,28,15,13,39,19,20,38,20,18
55253424,35,18,17,3,2,1,6,2,4,6,4,2,20,10,10
55253425,30,17,13,10,6,4,5,3,2,3,3,0,12,5,7
55253426,47,25,22,7,5,2,9,2,7,19,9,10,12,9,3
55253427,29,13,16,2,0,2,1,0,1,14,7,7,12,6,6
55253428,29,15,14,3,2,1,7,2,5,9,5,4,10,6,4
55253429,22,12,10,0,0,0,4,2,2,9,6,3,9,4,5
53004201,72,32,40,5,2,3,8,3,5,35,15,20,24,12,12
56398601,48,23,25,6,2,4,10,4,6,30,17,13,2,0,2
56398602,614,317,297,36,15,21,51,26,25,333,169,164,194,107,87
59928001,127,67,60,11,5,6,28,12,16,41,26,15,47,24,23
0708152,0,0,0,0,0,0,0,0,0,0,0,0,0,0,0
55258502,70,36,34,6,3,3,16,9,7,22,11,11,26,13,13
55258504,682,348,334,53,25,28,62,28,34,323,171,152,244,124,120
56295501,90,42,48,6,2,4,5,2,3,36,17,19,43,21,22
56063401,109,55,54,15,8,7,6,2,4,50,26,24,38,19,19
56303001,160,78,82,16,7,9,41,17,24,40,24,16,63,30,33
56354401,118,55,63,7,3,4,27,10,17,54,28,26,30,14,16
56358701,169,82,87,20,11,9,8,3,5,74,36,38,67,32,35
55266601,236,124,112,17,7,10,19,11,8,127,68,59,73,38,35
55266602,104,49,55,8,1,7,17,8,9,47,21,26,32,19,13
55266603,83,38,45,7,3,4,6,3,3,42,18,24,28,14,14
55266604,42,21,21,0,0,0,1,0,1,31,15,16,10,6,4
55266605,1081,533,548,64,29,35,91,38,53,588,299,289,338,167,171
55266606,29,17,12,2,1,1,3,1,2,13,9,4,11,6,5
55266607,23,14,9,0,0,0,4,3,1,11,6,5,8,5,3
55266608,100,51,49,11,5,6,6,3,3,62,33,29,21,10,11
55266609,120,50,70,9,7,2,28,8,20,32,14,18,51,21,30
56286601,126,62,64,22,8,14,10,5,5,50,25,25,44,24,20
56323401,171,86,85,16,5,11,8,3,5,81,43,38,66,35,31
59925501,105,48,57,5,3,2,16,6,10,50,22,28,34,17,17
0049872,0,0,0,0,0,0,0,0,0,0,0,0,0,0,0
0049952,0,0,0,0,0,0,0,0,0,0,0,0,0,0,0
55270402,59,28,31,7,4,3,8,1,7,14,8,6,30,15,15
55270403,35,18,17,3,1,2,2,1,1,20,10,10,10,6,4
55270406,54,27,27,4,1,3,12,4,8,18,10,8,20,12,8
55270408,2103,1034,1069,195,83,112,323,140,183,775,395,380,810,416,394
55270409,93,43,50,9,3,6,9,5,4,39,16,23,36,19,17
55270411,28,16,12,4,4,0,8,4,4,11,4,7,5,4,1
55270412,111,55,56,21,9,12,12,6,6,36,18,18,42,22,20
55270413,26,14,12,2,1,1,6,4,2,7,3,4,11,6,5
55270414,42,19,23,5,2,3,10,4,6,11,6,5,16,7,9
55270415,80,36,44,16,5,11,11,6,5,14,6,8,39,19,20
55271201,120,59,61,7,3,4,17,8,9,45,26,19,51,22,29
55272101,408,195,213,39,16,23,36,16,20,184,87,97,149,76,73
1010522,0,0,0,0,0,0,0,0,0,0,0,0,0,0,0
3204800,0,0,0,0,0,0,0,0,0,0,0,0,0,0,0
54963101,36,18,18,7,5,2,1,0,1,5,2,3,23,11,12
54963105,45,25,20,5,3,2,7,2,5,19,12,7,14,8,6
54963106,396,200,196,49,21,28,76,37,39,136,70,66,135,72,63
54963107,52,25,27,4,1,3,15,7,8,9,3,6,24,14,10
54963108,27,13,14,0,0,0,20,9,11,3,2,1,4,2,2
54963109,32,14,18,5,1,4,13,6,7,8,3,5,6,4,2
54963110,27,16,11,0,0,0,19,10,9,2,1,1,6,5,1
54963111,28,15,13,3,1,2,3,2,1,9,6,3,13,6,7
54963114,36,15,21,5,1,4,7,4,3,9,4,5,15,6,9
55901601,103,57,46,15,9,6,8,4,4,39,21,18,41,23,18
55274701,52,27,25,6,3,3,13,5,8,17,10,7,16,9,7
55274702,78,42,36,13,7,6,4,3,1,34,22,12,27,10,17
55274704,108,58,50,6,3,3,14,9,5,49,28,21,39,18,21
55274705,44,22,22,5,2,3,5,2,3,17,9,8,17,9,8
55276301,322,165,157,27,16,11,57,30,27,117,63,54,121,56,65
56345501,85,47,38,16,9,7,8,5,3,24,15,9,37,18,19
56345503,63,32,31,7,2,5,12,6,6,18,11,7,26,13,13
56345504,51,29,22,5,3,2,4,2,2,27,16,11,15,8,7
55279801,30,15,15,7,3,4,6,1,5,13,8,5,4,3,1
55279802,201,105,96,17,9,8,28,13,15,77,45,32,79,38,41
55280101,851,437,414,96,51,45,98,46,52,373,196,177,284,144,140
55280103,111,53,58,17,7,10,13,6,7,40,24,16,41,16,25
55280104,72,35,37,6,3,3,8,3,5,19,10,9,39,19,20
55280105,20,11,9,2,1,1,2,1,1,2,1,1,14,8,6
55280106,62,30,32,7,4,3,14,6,8,17,6,11,24,14,10
55280107,81,46,35,9,5,4,14,8,6,38,22,16,20,11,9
55280108,119,59,60,13,8,5,9,3,6,46,23,23,51,25,26
55282801,113,57,56,17,7,10,7,2,5,62,31,31,27,17,10
55282802,56,30,26,2,1,1,5,3,2,32,17,15,17,9,8
55282804,3012,1476,1536,278,125,153,319,142,177,1499,767,732,916,442,474
55282805,1024,486,538,96,38,58,93,38,55,548,273,275,287,137,150
55282806,29,17,12,6,4,2,2,1,1,15,9,6,6,3,3
56055301,53,25,28,1,1,0,6,2,4,24,15,9,22,7,15
55285201,71,41,30,7,4,3,12,8,4,24,12,12,28,17,11
55286103,88,49,39,12,7,5,7,4,3,26,15,11,43,23,20
55289501,46,27,19,4,2,2,2,0,2,25,18,7,15,7,8
55289502,76,33,43,3,1,2,3,1,2,48,18,30,22,13,9
55289503,121,65,56,7,2,5,6,3,3,59,32,27,49,28,21
55289504,76,39,37,5,1,4,7,3,4,31,16,15,33,19,14
56337401,78,36,42,12,6,6,11,6,5,32,16,16,23,8,15
56337402,34,20,14,3,1,2,5,3,2,17,10,7,9,6,3
55291701,24,13,11,0,0,0,2,1,1,7,2,5,15,10,5
55291702,82,38,44,9,5,4,10,4,6,22,9,13,41,20,21
55291703,52,23,29,11,4,7,8,4,4,14,5,9,19,10,9
55291704,29,16,13,3,0,3,3,1,2,10,6,4,13,9,4
55291705,262,129,133,13,4,9,15,7,8,108,60,48,126,58,68
55291706,30,15,15,9,4,5,5,2,3,4,1,3,12,8,4
55291707,51,26,25,3,1,2,3,1,2,28,14,14,17,10,7
55292501,210,114,96,17,7,10,35,21,14,87,47,40,71,39,32
56319601,62,33,29,6,2,4,13,7,6,28,17,11,15,7,8
55293301,369,190,179,25,13,12,16,7,9,203,103,100,125,67,58
55294101,30,15,15,3,1,2,4,2,2,17,8,9,6,4,2
55294102,144,78,66,24,8,16,25,14,11,61,38,23,34,18,16
55297602,177,84,93,10,2,8,22,10,12,94,47,47,51,25,26
55299201,76,40,36,7,4,3,7,5,2,31,16,15,31,15,16
55299202,49,26,23,13,6,7,6,4,2,10,4,6,20,12,8
55299204,98,49,49,9,5,4,13,8,5,42,19,23,34,17,17
55299205,429,215,214,38,19,19,27,11,16,178,91,87,186,94,92
55299206,108,53,55,20,7,13,16,9,7,36,16,20,36,21,15
56062603,93,47,46,15,9,6,10,2,8,40,21,19,28,15,13
55301801,123,64,59,16,10,6,7,3,4,55,32,23,45,19,26
55301802,35,21,14,5,2,3,6,2,4,11,7,4,13,10,3
55301803,389,215,174,38,15,23,44,18,26,172,103,69,135,79,56
56051102,99,55,44,8,3,5,11,5,6,23,17,6,57,30,27
55303402,275,133,142,28,12,16,25,9,16,143,72,71,79,40,39
59911501,55,24,31,6,3,3,3,1,2,28,14,14,18,6,12
59911502,295,156,139,34,18,16,22,13,9,138,70,68,101,55,46
59926301,172,90,82,10,3,7,14,6,8,75,40,35,73,41,32
55306901,1221,594,627,114,56,58,125,49,76,669,332,337,313,157,156
55306902,1694,833,861,149,63,86,147,64,83,863,440,423,535,266,269
55306903,1754,821,933,161,58,103,198,76,122,894,447,447,501,240,261
55306904,47,25,22,1,1,0,0,0,0,37,19,18,9,5,4
55306905,475,228,247,29,15,14,48,13,35,263,137,126,135,63,72
55306906,227,112,115,14,7,7,20,12,8,131,70,61,62,23,39
55306908,1386,713,673,130,53,77,149,60,89,729,389,340,378,211,167
55306909,28,13,15,4,2,2,0,0,0,13,6,7,11,5,6
55306910,36,17,19,2,1,1,3,2,1,27,12,15,4,2,2
55307701,122,57,65,5,1,4,7,1,6,56,27,29,54,28,26
55307702,231,120,111,26,12,14,29,14,15,82,44,38,94,50,44
55307703,85,38,47,7,4,3,21,11,10,37,14,23,20,9,11
55307704,43,21,22,8,4,4,2,1,1,22,9,13,11,7,4
55308501,67,36,31,12,6,6,28,12,16,10,6,4,17,12,5
55308502,109,50,59,13,6,7,15,6,9,41,16,25,40,22,18
56066901,44,22,22,8,3,5,17,8,9,18,10,8,1,1,0
56066902,92,53,39,7,4,3,6,2,4,43,23,20,36,24,12
59902603,38,19,19,8,4,4,9,4,5,8,4,4,13,7,6
59902604,40,17,23,4,2,2,12,4,8,11,7,4,13,4,9
59902605,31,14,17,5,3,2,9,5,4,6,2,4,11,4,7
59902606,41,22,19,2,1,1,6,3,3,20,11,9,13,7,6
59904202,496,249,247,44,21,23,43,19,24,251,129,122,158,80,78
55312303,51,27,24,6,3,3,14,4,10,15,9,6,16,11,5
55312305,118,59,59,11,7,4,18,10,8,58,29,29,31,13,18
55312306,43,23,20,2,1,1,16,6,10,7,5,2,18,11,7
55312307,60,28,32,2,2,0,2,0,2,19,9,10,37,17,20
55312309,71,33,38,4,1,3,14,8,6,24,13,11,29,11,18
3018090,0,0,0,0,0,0,0,0,0,0,0,0,0,0,0
3085870,0,0,0,0,0,0,0,0,0,0,0,0,0,0,0
55313101,190,101,89,14,9,5,23,12,11,83,46,37,70,34,36
55313102,101,45,56,12,5,7,9,3,6,29,13,16,51,24,27
55313103,964,498,466,77,29,48,57,26,31,480,260,220,350,183,167
55313104,34,19,15,4,2,2,1,0,1,10,5,5,19,12,7
55313105,40,23,17,9,4,5,2,2,0,17,10,7,12,7,5
55313106,480,230,250,25,12,13,62,26,36,237,115,122,156,77,79
55313107,42,23,19,2,1,1,0,0,0,13,8,5,27,14,13
55313108,1076,511,565,87,35,52,114,52,62,524,266,258,351,158,193
55313109,71,35,36,1,0,1,7,4,3,33,17,16,30,14,16
55313110,36,15,21,3,1,2,3,1,2,16,8,8,14,5,9
55313111,864,421,443,67,29,38,95,43,52,408,206,202,294,143,151
55313112,498,238,260,53,20,33,69,28,41,212,108,104,164,82,82
55313113,102,54,48,14,5,9,11,4,7,51,29,22,26,16,10
55313114,2303,1059,1244,194,85,109,278,102,176,1055,515,540,776,357,419
55314001,23,9,14,0,0,0,1,0,1,16,6,10,6,3,3
55314002,73,37,36,14,9,5,6,3,3,29,15,14,24,10,14
55314003,55,30,25,11,8,3,5,3,2,23,10,13,16,9,7
55314004,325,163,162,24,7,17,31,11,20,186,103,83,84,42,42
55314005,90,51,39,9,5,4,9,7,2,37,20,17,35,19,16
55316601,145,74,71,9,5,4,28,13,15,67,36,31,41,20,21
55316602,92,45,47,5,3,2,10,6,4,49,22,27,28,14,14
55316603,62,38,24,4,3,1,10,5,5,22,13,9,26,17,9
55316604,467,248,219,37,15,22,44,21,23,239,135,104,147,77,70
55317401,305,152,153,23,11,12,36,18,18,119,61,58,127,62,65
55318201,32,15,17,0,0,0,5,2,3,20,9,11,7,4,3
55318202,296,157,139,38,22,16,55,27,28,115,59,56,88,49,39
56317002,52,29,23,1,0,1,7,3,4,21,13,8,23,13,10
55320402,33,21,12,3,2,1,10,8,2,15,8,7,5,3,2
55320404,42,24,18,7,3,4,6,3,3,5,3,2,24,15,9
55320407,139,77,62,12,6,6,26,13,13,51,30,21,50,28,22
55320408,35,18,17,4,3,1,13,5,8,15,7,8,3,3,0
55320410,29,15,14,2,1,1,5,2,3,13,6,7,9,6,3
55320411,49,26,23,4,2,2,13,5,8,11,5,6,21,14,7
3085950,0,0,0,0,0,0,0,0,0,0,0,0,0,0,0
3086332,0,0,0,0,0,0,0,0,0,0,0,0,0,0,0
3212650,0,0,0,0,0,0,0,0,0,0,0,0,0,0,0
55204602,1355,663,692,139,65,74,179,77,102,656,341,315,381,180,201
55204603,180,88,92,21,8,13,38,18,20,79,40,39,42,22,20
55204604,651,338,313,57,37,20,76,38,38,314,161,153,204,102,102
55204605,29,13,16,1,1,0,4,1,3,17,7,10,7,4,3
55204606,208,112,96,16,6,10,11,6,5,122,68,54,59,32,27
55204607,393,213,180,51,24,27,14,9,5,213,123,90,115,57,58
55204608,32,19,13,2,1,1,1,0,1,23,16,7,6,2,4
55204609,912,457,455,84,37,47,149,74,75,442,231,211,237,115,122
55204610,148,77,71,11,6,5,27,9,18,79,43,36,31,19,12
55204612,37,19,18,0,0,0,13,7,6,11,7,4,13,5,8
55204613,49,20,29,5,2,3,10,4,6,17,6,11,17,8,9
55204614,28,12,16,1,1,0,4,2,2,15,6,9,8,3,5
55204615,1731,860,871,120,48,72,174,70,104,925,474,451,512,268,244
55204617,58,27,31,5,3,2,5,0,5,31,13,18,17,11,6
55204618,189,94,95,14,5,9,13,5,8,107,58,49,55,26,29
55204620,340,165,175,27,10,17,42,20,22,169,84,85,102,51,51
55204621,348,181,167,32,12,20,27,15,12,164,90,74,125,64,61
55204622,3625,1723,1902,348,134,214,371,153,218,1797,862,935,1109,574,535
55204623,1335,665,670,157,61,96,134,62,72,610,330,280,434,212,222
55204624,1825,863,962,179,77,102,151,58,93,986,496,490,509,232,277
55204625,2134,1011,1123,179,77,102,232,97,135,1075,525,550,648,312,336
55204626,3408,1579,1829,299,114,185,343,139,204,1791,867,924,975,459,516
55204627,1917,1061,856,199,88,111,201,110,91,828,447,381,689,416,273
55204628,7117,3344,3773,553,226,327,506,200,306,3815,1849,1966,2243,1069,1174
55204629,65,32,33,7,3,4,9,6,3,34,14,20,15,9,6
55204630,64,34,30,8,3,5,10,5,5,32,22,10,14,4,10
55204631,505,273,232,74,41,33,39,16,23,185,111,74,207,105,102
55204632,1925,948,977,185,79,106,237,108,129,833,431,402,670,330,340
55204633,166,42,124,21,2,19,74,15,59,61,20,41,10,5,5
55204634,408,205,203,47,18,29,56,26,30,196,101,95,109,60,49
55204635,1131,507,624,103,44,59,104,43,61,604,285,319,320,135,185
55204636,616,290,326,66,30,36,77,35,42,285,142,143,188,83,105
55204637,431,213,218,49,27,22,52,25,27,212,102,110,118,59,59
56315301,61,30,31,9,5,4,14,6,8,21,11,10,17,8,9
55323901,66,29,37,5,1,4,6,1,5,30,15,15,25,12,13
55323902,146,62,84,18,7,11,12,2,10,65,28,37,51,25,26
55323903,570,301,269,37,16,21,60,28,32,260,143,117,213,114,99
55160101,265,129,136,32,14,18,34,12,22,97,52,45,102,51,51
59912301,386,204,182,25,12,13,22,10,12,238,129,109,101,53,48
55325501,78,39,39,4,3,1,3,1,2,26,12,14,45,23,22
55325502,169,84,85,21,11,10,25,13,12,72,43,29,51,17,34
55326301,50,27,23,0,0,0,1,1,0,22,13,9,27,13,14
55326302,39,21,18,8,4,4,3,2,1,11,7,4,17,8,9
55326303,177,97,80,10,3,7,18,9,9,97,52,45,52,33,19
3275730,0,0,0,0,0,0,0,0,0,0,0,0,0,0,0
55327101,187,93,94,21,8,13,28,13,15,90,47,43,48,25,23
55327102,3728,1835,1893,308,134,174,392,183,209,1756,877,879,1272,641,631
55327104,1697,841,856,166,81,85,184,82,102,686,333,353,661,345,316
55327105,20,12,8,1,1,0,3,2,1,10,6,4,6,3,3
55327106,67,41,26,7,5,2,4,3,1,26,14,12,30,19,11
55327107,512,259,253,57,25,32,54,25,29,239,128,111,162,81,81
55328002,36,19,17,9,5,4,3,0,3,12,8,4,12,6,6
55328003,98,51,47,9,4,5,25,12,13,20,12,8,44,23,21
55329801,60,28,32,8,3,5,9,5,4,29,15,14,14,5,9
55329802,217,110,107,26,12,14,17,7,10,97,49,48,77,42,35
55329803,32,17,15,3,2,1,11,6,5,9,5,4,9,4,5
56344702,109,61,48,7,4,3,6,3,3,44,25,19,52,29,23
55331001,176,97,79,20,9,11,22,10,12,66,41,25,68,37,31
55332801,44,23,21,7,5,2,9,5,4,14,7,7,14,6,8
55332802,33,21,12,3,1,2,6,4,2,12,8,4,12,8,4
55332805,34,20,14,7,3,4,4,1,3,10,8,2,13,8,5
55332806,54,27,27,1,1,0,6,3,3,21,11,10,26,12,14
56392701,34,16,18,1,1,0,9,4,5,13,5,8,11,6,5
59900001,53,25,28,9,2,7,12,5,7,14,8,6,18,10,8
55336101,37,18,19,0,0,0,19,8,11,14,8,6,4,2,2
55336102,170,80,90,12,8,4,21,5,16,46,19,27,91,48,43
59903402,103,53,50,10,4,6,20,11,9,31,15,16,42,23,19
56043001,162,75,87,11,5,6,23,10,13,73,32,41,55,28,27
59927101,260,123,137,23,8,15,33,11,22,103,55,48,101,49,52
55340901,312,152,160,22,4,18,31,13,18,163,81,82,96,54,42
55340902,95,47,48,4,1,3,2,1,1,47,27,20,42,18,24
55341701,105,58,47,14,6,8,12,6,6,29,17,12,50,29,21
55341702,849,428,421,75,35,40,78,35,43,443,226,217,253,132,121
56389701,233,119,114,23,10,13,37,16,21,87,46,41,86,47,39
55343301,317,155,162,26,13,13,33,17,16,168,82,86,90,43,47
0016352,0,0,0,0,0,0,0,0,0,0,0,0,0,0,0
55344101,1361,678,683,67,27,40,63,29,34,728,358,370,503,264,239
55344105,34,17,17,12,6,6,0,0,0,11,5,6,11,6,5
55344106,161,85,76,13,9,4,4,1,3,84,41,43,60,34,26
55344109,103,52,51,10,5,5,8,3,5,49,25,24,36,19,17
55344110,60,27,33,4,1,3,2,1,1,35,16,19,19,9,10
55345001,1028,523,505,82,38,44,58,26,32,534,272,262,354,187,167
55345003,107,56,51,9,2,7,13,5,8,41,25,16,44,24,20
55345004,128,74,54,10,6,4,12,5,7,73,43,30,33,20,13
55345005,124,62,62,10,6,4,26,13,13,54,24,30,34,19,15
55345006,56,31,25,10,5,5,6,3,3,19,10,9,21,13,8
55345007,83,41,42,0,0,0,11,4,7,40,19,21,32,18,14
56613601,408,223,185,52,27,25,55,28,27,151,91,60,150,77,73
55351401,239,117,122,19,8,11,24,12,12,126,67,59,70,30,40
0345502,0,0,0,0,0,0,0,0,0,0,0,0,0,0,0
55354901,432,220,212,36,14,22,42,18,24,149,81,68,205,107,98
55354903,27,16,11,7,3,4,1,0,1,5,3,2,14,10,4
55354904,108,50,58,7,3,4,7,3,4,55,26,29,39,18,21
55354905,202,99,103,13,7,6,19,10,9,134,64,70,36,18,18
55354906,54,27,27,3,1,2,9,6,3,24,11,13,18,9,9
55354907,58,28,30,3,0,3,5,2,3,15,9,6,35,17,18
55355701,367,179,188,38,16,22,50,27,23,177,84,93,102,52,50
3362030,0,0,0,0,0,0,0,0,0,0,0,0,0,0,0
55342501,472,235,237,38,16,22,51,25,26,217,110,107,166,84,82
55342503,51,20,31,6,4,2,11,2,9,24,9,15,10,5,5
55342504,54,29,25,0,0,0,13,7,6,31,16,15,10,6,4
55342505,2677,1273,1404,270,110,160,264,116,148,1371,665,706,772,382,390
55342508,269,137,132,33,17,16,21,11,10,118,59,59,97,50,47
55342509,729,383,346,66,32,34,63,27,36,295,141,154,305,183,122
55342510,1173,541,632,94,42,52,176,70,106,552,272,280,351,157,194
55342511,64,33,31,0,0,0,7,2,5,36,20,16,21,11,10
55342513,2688,1210,1478,196,78,118,271,103,168,1268,630,638,953,399,554
55342514,462,227,235,41,17,24,52,27,25,189,97,92,180,86,94
55342515,703,334,369,63,28,35,64,20,44,350,174,176,226,112,114
55342516,32,15,17,2,0,2,6,3,3,9,4,5,15,8,7
55342517,1107,514,593,91,43,48,119,46,73,553,259,294,344,166,178
55342518,27,15,12,2,0,2,1,1,0,14,7,7,10,7,3
55342519,324,155,169,23,8,15,16,9,7,128,54,74,157,84,73
55342521,40,24,16,5,3,2,0,0,0,24,14,10,11,7,4
55357301,184,91,93,7,2,5,13,5,8,77,40,37,87,44,43
55358101,407,205,202,42,13,29,80,39,41,145,76,69,140,77,63
55362001,273,137,136,8,5,3,22,9,13,155,78,77,88,45,43
56664101,159,82,77,30,12,18,11,5,6,64,39,25,54,26,28
56627601,57,25,32,9,5,4,9,2,7,24,12,12,15,6,9
3018500,0,0,0,0,0,0,0,0,0,0,0,0,0,0,0
3276110,0,0,0,0,0,0,0,0,0,0,0,0,0,0,0
55367101,528,262,266,28,8,20,31,18,13,277,142,135,192,94,98
55367102,1030,504,526,90,38,52,79,34,45,520,267,253,341,165,176
55367103,1749,841,908,117,47,70,98,37,61,926,453,473,608,304,304
55367104,187,89,98,20,9,11,13,3,10,109,59,50,45,18,27
55367105,41,22,19,3,1,2,3,2,1,17,11,6,18,8,10
55367106,41,20,21,2,0,2,5,3,2,23,11,12,11,6,5
55367107,87,48,39,15,9,6,9,6,3,34,16,18,29,17,12
55367108,31,15,16,0,0,0,1,0,1,14,7,7,16,8,8
55367109,51,23,28,3,2,1,1,0,1,9,3,6,38,18,20
55367110,169,85,84,4,1,3,1,0,1,113,59,54,51,25,26
55367111,167,84,83,13,4,9,7,3,4,94,53,41,53,24,29
55367112,44,27,17,1,0,1,9,5,4,30,19,11,4,3,1
55367114,27,15,12,1,0,1,2,1,1,16,8,8,8,6,2
55367116,74,38,36,3,2,1,5,3,2,34,15,19,32,18,14
55367117,48,28,20,3,1,2,1,0,1,26,15,11,18,12,6
55367118,88,45,43,7,5,2,10,3,7,51,27,24,20,10,10
55367119,23,12,11,1,1,0,0,0,0,7,4,3,15,7,8
55367120,396,199,197,33,15,18,29,12,17,154,77,77,180,95,85
55368901,37,19,18,2,1,1,2,0,2,17,10,7,16,8,8
55368902,83,42,41,1,1,0,2,1,1,41,19,22,39,21,18
55368903,48,27,21,2,0,2,3,1,2,26,16,10,17,10,7
55368904,25,9,16,0,0,0,2,0,2,6,3,3,17,6,11
55368908,918,472,446,54,28,26,45,17,28,440,223,217,379,204,175
55368911,40,21,19,6,2,4,1,1,0,15,8,7,18,10,8
55368912,58,34,24,1,0,1,6,4,2,37,22,15,14,8,6
56617901,181,94,87,18,9,9,38,14,24,66,38,28,59,33,26
56633101,31,15,16,0,0,0,3,1,2,21,11,10,7,3,4
55372701,113,59,54,9,5,4,12,4,8,53,30,23,39,20,19
55373501,760,383,377,82,35,47,87,36,51,352,192,160,239,120,119
55374301,324,162,162,16,10,6,62,30,32,117,57,60,129,65,64
55374303,75,32,43,10,5,5,8,5,3,28,15,13,29,7,22
55375101,382,202,180,22,14,8,71,34,37,161,86,75,128,68,60
56614401,194,96,98,19,10,9,42,17,25,77,41,36,56,28,28
55377801,28,16,12,0,0,0,2,0,2,15,9,6,11,7,4
55378601,78,43,35,3,1,2,6,3,3,42,24,18,27,15,12
55378603,80,40,40,9,3,6,13,6,7,35,18,17,23,13,10
55378604,327,167,160,33,13,20,43,20,23,152,86,66,99,48,51
55378605,23,12,11,0,0,0,0,0,0,11,7,4,12,5,7
55378606,3565,1667,1898,300,130,170,553,226,327,1457,719,738,1255,592,663
55378607,310,141,169,31,10,21,28,14,14,133,58,75,118,59,59
55378609,417,203,214,31,13,18,65,27,38,175,96,79,146,67,79
55378612,83,43,40,9,3,6,10,5,5,33,21,12,31,14,17
55378613,116,56,60,9,5,4,12,4,8,35,16,19,60,31,29
55379401,44,21,23,7,1,6,0,0,0,21,14,7,16,6,10
55379403,41,20,21,5,3,2,7,6,1,16,7,9,13,4,9
55379404,1182,583,599,108,45,63,150,62,88,574,307,267,350,169,181
55381601,957,485,472,85,40,45,106,47,59,389,202,187,377,196,181
55381602,38,18,20,5,3,2,2,0,2,21,11,10,10,4,6
55382401,1008,481,527,85,36,49,117,46,71,458,234,224,348,165,183
55382402,41,22,19,6,3,3,5,2,3,22,13,9,8,4,4
55383201,137,73,64,3,2,1,13,6,7,78,44,34,43,21,22
55385901,118,57,61,9,6,3,32,15,17,19,10,9,58,26,32
55386701,123,65,58,19,5,14,19,11,8,40,24,16,45,25,20
55389101,166,89,77,12,6,6,45,24,21,42,19,23,67,40,27
55389102,224,120,104,20,9,11,51,23,28,64,38,26,89,50,39
55391301,56,29,27,2,1,1,1,1,0,26,10,16,27,17,10
55391302,71,38,33,2,0,2,2,0,2,44,25,19,23,13,10
55391303,25,12,13,0,0,0,0,0,0,15,7,8,10,5,5
55391304,658,335,323,40,11,29,56,24,32,349,191,158,213,109,104
55391305,54,24,30,3,1,2,10,5,5,17,8,9,24,10,14
55391308,29,17,12,0,0,0,3,2,1,20,12,8,6,3,3
55391309,47,25,22,2,1,1,0,0,0,20,9,11,25,15,10
55391310,255,133,122,25,14,11,22,10,12,112,61,51,96,48,48
55392101,124,66,58,20,10,10,11,6,5,54,28,26,39,22,17
55393001,25,16,9,0,0,0,0,0,0,18,11,7,7,5,2
55393002,92,48,44,13,7,6,3,0,3,58,32,26,18,9,9
55394801,23,11,12,1,0,1,12,5,7,2,1,1,8,5,3
55394802,418,209,209,54,20,34,94,42,52,115,64,51,155,83,72
55394803,144,77,67,5,3,2,32,15,17,51,25,26,56,34,22
55395601,222,117,105,9,4,5,20,6,14,103,57,46,90,50,40
55395602,85,40,45,2,2,0,3,2,1,22,8,14,58,28,30
0974970,0,0,0,0,0,0,0,0,0,0,0,0,0,0,0
56629201,143,74,69,3,1,2,9,4,5,72,38,34,59,31,28
56629202,47,27,20,5,2,3,5,3,2,18,10,8,19,12,7
56629203,25,11,14,6,2,4,0,0,0,5,3,2,14,6,8
59917401,56,30,26,1,1,0,7,4,3,26,14,12,22,11,11
55398101,29,15,14,5,2,3,8,2,6,12,8,4,4,3,1
55398102,29,14,15,0,0,0,21,10,11,2,1,1,6,3,3
55398103,71,33,38,4,1,3,27,12,15,16,8,8,24,12,12
55398104,443,229,214,36,12,24,139,72,67,125,68,57,143,77,66
55398105,447,231,216,21,9,12,184,91,93,97,58,39,145,73,72
55398106,30,11,19,4,2,2,9,3,6,12,4,8,5,2,3
55399902,215,110,105,13,6,7,7,3,4,93,45,48,102,56,46
55399905,41,18,23,5,0,5,5,1,4,25,13,12,6,4,2
1028810,0,0,0,0,0,0,0,0,0,0,0,0,0,0,0
1028900,0,0,0,0,0,0,0,0,0,0,0,0,0,0,0
1983820,0,0,0,0,0,0,0,0,0,0,0,0,0,0,0
55400601,30,17,13,0,0,0,1,0,1,22,13,9,7,4,3
55400602,151,76,75,7,4,3,9,6,3,52,27,25,83,39,44
55400603,28,13,15,0,0,0,1,0,1,12,8,4,15,5,10
55400604,26,15,11,1,1,0,1,1,0,16,8,8,8,5,3
59916602,130,66,64,13,4,9,15,6,9,68,39,29,34,17,17
55403101,176,94,82,11,5,6,65,32,33,53,32,21,47,25,22
59913101,139,70,69,8,3,5,10,6,4,61,29,32,60,32,28
55405702,215,107,108,8,5,3,20,9,11,93,44,49,94,49,45
55407302,36,19,17,4,2,2,6,2,4,19,12,7,7,3,4
55407303,600,311,289,45,20,25,58,26,32,310,160,150,187,105,82
56620901,108,56,52,15,8,7,4,4,0,66,31,35,23,13,10
59918201,136,70,66,8,2,6,20,10,10,63,31,32,45,27,18
59918202,75,44,31,5,4,1,10,5,5,23,14,9,37,21,16
55408101,95,50,45,11,8,3,29,13,16,25,14,11,30,15,15
55408102,122,60,62,10,6,4,30,16,14,47,23,24,35,15,20
55409001,217,118,99,32,19,13,26,12,14,95,53,42,64,34,30
56637301,79,40,39,5,2,3,29,17,12,31,14,17,14,7,7
55411103,48,23,25,0,0,0,4,1,3,24,14,10,20,8,12
55411104,83,44,39,8,3,5,2,0,2,41,22,19,32,19,13
55411105,1253,600,653,106,42,64,86,31,55,649,330,319,412,197,215
55411106,60,29,31,9,3,6,1,0,1,35,17,18,15,9,6
55411107,54,29,25,4,2,2,5,3,2,25,13,12,20,11,9
55412002,24,9,15,2,1,1,2,0,2,7,3,4,13,5,8
55412003,538,280,258,64,27,37,113,61,52,182,103,79,179,89,90
56636501,231,122,109,20,10,10,17,8,9,102,56,46,92,48,44
55413801,149,79,70,18,8,10,29,13,16,64,39,25,38,19,19
55413802,914,461,453,83,44,39,212,91,121,332,173,159,287,153,134
55415401,47,27,20,2,2,0,1,0,1,18,9,9,26,16,10
55415402,60,26,34,8,5,3,4,1,3,22,10,12,26,10,16
55415403,253,126,127,11,5,6,18,8,10,126,62,64,98,51,47
1439360,0,0,0,0,0,0,0,0,0,0,0,0,0,0,0
1439440,0,0,0,0,0,0,0,0,0,0,0,0,0,0,0
1439520,0,0,0,0,0,0,0,0,0,0,0,0,0,0,0
1439610,0,0,0,0,0,0,0,0,0,0,0,0,0,0,0
1439790,0,0,0,0,0,0,0,0,0,0,0,0,0,0,0
55418901,166,84,82,17,6,11,6,3,3,98,53,45,45,22,23
55420101,39,24,15,4,3,1,1,0,1,20,11,9,14,10,4
55420102,26,12,14,1,0,1,1,0,1,14,7,7,10,5,5
55420103,151,78,73,24,11,13,5,3,2,41,27,14,81,37,44
55425101,211,111,100,20,9,11,44,18,26,59,34,25,88,50,38
55426001,178,83,95,25,6,19,9,1,8,79,38,41,65,38,27
55426002,91,48,43,13,5,8,15,7,8,24,14,10,39,22,17
55426004,121,69,52,6,3,3,14,8,6,41,27,14,60,31,29
55427801,25,13,12,2,1,1,5,2,3,16,9,7,2,1,1
55427802,111,61,50,10,5,5,6,3,3,43,24,19,52,29,23
55427804,300,158,142,13,5,8,22,10,12,165,85,80,100,58,42
55427805,34,14,20,2,1,1,1,0,1,27,11,16,4,2,2
55429401,147,78,69,12,7,5,6,2,4,72,35,37,57,34,23
55429402,285,144,141,20,11,9,16,5,11,184,97,87,65,31,34
55429403,93,47,46,5,1,4,7,4,3,71,36,35,10,6,4
55429404,1504,757,747,98,50,48,121,53,68,688,364,324,597,290,307
55429405,1302,661,641,127,58,69,95,40,55,649,342,307,431,221,210
55431601,205,104,101,24,11,13,61,27,34,59,33,26,61,33,28
55434101,49,27,22,6,3,3,7,6,1,20,9,11,16,9,7
55434102,377,180,197,41,18,23,117,48,69,89,47,42,130,67,63
55435901,434,219,215,36,16,20,41,18,23,182,89,93,175,96,79
55435902,46,19,27,9,3,6,0,0,0,21,9,12,16,7,9
55435903,57,24,33,9,4,5,4,2,2,25,10,15,19,8,11
56616102,132,69,63,16,5,11,23,13,10,33,19,14,60,32,28
55438301,75,35,40,8,3,5,17,9,8,25,12,13,25,11,14
55438302,305,142,163,35,19,16,54,20,34,102,48,54,114,55,59
55438303,39,25,14,3,1,2,2,2,0,8,7,1,26,15,11
55439101,98,54,44,5,3,2,18,11,7,41,21,20,34,19,15
55440501,126,64,62,7,1,6,8,4,4,38,20,18,73,39,34
55441301,64,34,30,5,3,2,2,1,1,38,21,17,19,9,10
55441302,55,30,25,2,1,1,0,0,0,21,13,8,32,16,16
55441303,123,61,62,4,2,2,7,5,2,65,32,33,47,22,25
55442102,52,29,23,7,2,5,1,1,0,36,20,16,8,6,2
55442103,119,56,63,3,1,2,6,2,4,55,25,30,55,28,27
56625001,121,60,61,5,3,2,10,4,6,46,22,24,60,31,29
55444801,45,21,24,7,2,5,9,4,5,18,9,9,11,6,5
0504660,0,0,0,0,0,0,0,0,0,0,0,0,0,0,0
55445601,74,39,35,5,3,2,3,1,2,33,19,14,33,16,17
55445602,88,47,41,5,3,2,10,3,7,48,28,20,25,13,12
55445603,94,45,49,9,5,4,6,2,4,35,17,18,44,21,23
55445605,33,19,14,1,0,1,0,0,0,27,16,11,5,3,2
55445607,42,27,15,4,2,2,8,4,4,16,11,5,14,10,4
55445609,413,206,207,37,13,24,14,3,11,233,133,100,129,57,72
55446401,180,97,83,17,9,8,27,13,14,68,37,31,68,38,30
55446402,76,37,39,6,3,3,12,6,6,31,14,17,27,14,13
55446403,151,78,73,16,9,7,27,12,15,49,26,23,59,31,28
55446404,65,35,30,2,1,1,11,6,5,26,14,12,26,14,12
55446405,131,62,69,15,6,9,26,10,16,41,19,22,49,27,22
55446406,421,218,203,37,19,18,61,32,29,178,95,83,145,72,73
55447201,149,75,74,18,9,9,39,15,24,38,20,18,54,31,23
54184201,116,61,55,12,7,5,17,9,8,59,30,29,28,15,13
54184202,50,28,22,6,4,2,5,2,3,21,12,9,18,10,8
55579701,592,302,290,60,29,31,69,27,42,234,123,111,229,123,106
55579702,22,14,8,0,0,0,2,1,1,15,10,5,5,3,2
55579703,130,63,67,6,4,2,17,9,8,51,23,28,56,27,29
55579705,75,37,38,11,7,4,11,4,7,24,12,12,29,14,15
55580101,605,305,300,63,30,33,71,31,40,254,132,122,217,112,105
55580102,156,74,82,12,5,7,18,6,12,69,36,33,57,27,30
55580103,36,15,21,3,1,2,0,0,0,10,5,5,23,9,14
55580104,29,14,15,3,1,2,0,0,0,13,6,7,13,7,6
55580105,38,17,21,0,0,0,13,7,6,13,6,7,12,4,8
55580106,56,29,27,6,5,1,6,3,3,19,8,11,25,13,12
57808801,134,66,68,12,6,6,13,7,6,63,31,32,46,22,24
55583501,421,220,201,37,18,19,63,33,30,188,88,100,133,81,52
55583502,118,54,64,20,9,11,5,2,3,52,30,22,41,13,28
55583503,34,16,18,4,2,2,2,2,0,11,5,6,17,7,10
55583504,93,50,43,9,3,6,16,9,7,41,22,19,27,16,11
55583505,66,30,36,3,1,2,5,2,3,18,9,9,40,18,22
55583506,20,13,7,2,1,1,2,1,1,6,5,1,10,6,4
54192301,190,96,94,15,7,8,38,19,19,77,40,37,60,30,30
55589401,240,123,117,19,10,9,39,14,25,98,55,43,84,44,40
55589403,63,31,32,3,2,1,22,9,13,16,9,7,22,11,11
53008501,57,30,27,18,7,11,12,7,5,10,8,2,17,8,9
1989780,0,0,0,0,0,0,0,0,0,0,0,0,0,0,0
1991250,0,0,0,0,0,0,0,0,0,0,0,0,0,0,0
55594102,47,22,25,8,3,5,1,0,1,25,13,12,13,6,7
55594103,173,91,82,21,9,12,23,12,11,49,24,25,80,46,34
55594105,46,28,18,0,0,0,1,1,0,23,14,9,22,13,9
55594108,122,60,62,9,4,5,12,4,8,45,24,21,56,28,28
55594111,33,19,14,3,2,1,6,1,5,8,6,2,16,10,6
55594112,51,30,21,3,2,1,10,6,4,13,8,5,25,14,11
55353101,145,73,72,19,9,10,10,2,8,59,30,29,57,32,25
55353102,41,21,20,9,5,4,4,2,2,14,8,6,14,6,8
55353104,109,56,53,11,7,4,24,9,15,51,26,25,23,14,9
55353105,43,22,21,1,0,1,4,2,2,16,7,9,22,13,9
54217201,233,119,114,6,0,6,30,14,16,98,53,45,99,52,47
54202401,207,101,106,17,7,10,17,8,9,127,62,65,46,24,22
57849501,152,77,75,9,4,5,25,13,12,73,37,36,45,23,22
0256740,0,0,0,0,0,0,0,0,0,0,0,0,0,0,0
55604102,52,25,27,7,2,5,6,3,3,21,12,9,18,8,10
55604103,40,21,19,4,2,2,9,4,5,14,7,7,13,8,5
55604106,415,208,207,37,13,24,18,8,10,173,90,83,187,97,90
55604107,183,100,83,17,7,10,13,8,5,108,58,50,45,27,18
55606801,47,25,22,7,3,4,2,0,2,17,11,6,21,11,10
55606802,163,87,76,9,4,5,24,11,13,71,38,33,59,34,25
55606804,70,34,36,16,8,8,13,4,9,27,13,14,14,9,5
55606805,45,24,21,2,1,1,3,1,2,23,13,10,17,9,8
55606806,131,64,67,11,5,6,10,4,6,40,23,17,70,32,38
0265222,0,0,0,0,0,0,0,0,0,0,0,0,0,0,0
55607601,56,30,26,4,2,2,8,3,5,32,17,15,12,8,4
55607602,45,21,24,4,2,2,5,2,3,13,7,6,23,10,13
55607603,665,345,320,69,35,34,48,24,24,360,184,176,188,102,86
55607604,33,17,16,3,2,1,6,1,5,11,5,6,13,9,4
55607605,40,20,20,8,4,4,8,3,5,10,5,5,14,8,6
53012301,80,40,40,20,12,8,8,3,5,19,8,11,33,17,16
53012302,30,17,13,5,3,2,7,4,3,4,1,3,14,9,5
55610601,22,12,10,0,0,0,2,1,1,9,5,4,11,6,5
55610602,409,203,206,24,8,16,48,21,27,165,83,82,172,91,81
55610603,125,67,58,12,6,6,19,8,11,34,19,15,60,34,26
55610604,33,20,13,2,2,0,3,2,1,18,9,9,10,7,3
55610605,239,119,120,16,8,8,44,23,21,115,60,55,64,28,36
55610606,47,25,22,5,4,1,6,4,2,20,9,11,16,8,8
55610607,27,11,16,3,1,2,0,0,0,9,4,5,15,6,9
55610609,21,12,9,2,2,0,6,3,3,10,5,5,3,2,1
57851701,56,33,23,9,4,5,12,7,5,11,7,4,24,15,9
56668301,20,13,7,3,3,0,6,2,4,11,8,3,0,0,0
56668302,123,60,63,4,3,1,16,7,9,65,31,34,38,19,19
57852502,104,46,58,7,1,6,23,11,12,42,21,21,32,13,19
1927590,0,0,0,0,0,0,0,0,0,0,0,0,0,0,0
57824001,100,57,43,6,1,5,15,10,5,42,23,19,37,23,14
0373622,0,0,0,0,0,0,0,0,0,0,0,0,0,0,0
0373713,0,0,0,0,0,0,0,0,0,0,0,0,0,0,0
0374350,0,0,0,0,0,0,0,0,0,0,0,0,0,0,0
1989940,0,0,0,0,0,0,0,0,0,0,0,0,0,0,0
1990010,0,0,0,0,0,0,0,0,0,0,0,0,0,0,0
1990280,0,0,0,0,0,0,0,0,0,0,0,0,0,0,0
1990360,0,0,0,0,0,0,0,0,0,0,0,0,0,0,0
3208890,0,0,0,0,0,0,0,0,0,0,0,0,0,0,0
55618101,44,22,22,4,3,1,13,5,8,12,6,6,15,8,7
55618102,578,290,288,58,19,39,60,21,39,249,130,119,211,120,91
55618103,39,16,23,0,0,0,6,2,4,17,9,8,16,5,11
55618105,46,27,19,4,3,1,7,5,2,15,8,7,20,11,9
55618108,76,36,40,3,2,1,14,7,7,26,12,14,33,15,18
55618111,26,13,13,2,1,1,3,1,2,14,6,8,7,5,2
55618113,30,16,14,3,2,1,2,1,1,12,7,5,13,6,7
55618116,44,25,19,4,2,2,16,9,7,12,9,3,12,5,7
55618120,33,20,13,3,2,1,1,1,0,18,11,7,11,6,5
54179601,151,83,68,25,12,13,19,12,7,66,41,25,41,18,23
0391791,0,0,0,0,0,0,0,0,0,0,0,0,0,0,0
55620301,28,10,18,3,2,1,14,5,9,4,1,3,7,2,5
55620302,35,17,18,4,2,2,16,8,8,10,4,6,5,3,2
55620304,106,60,46,0,0,0,16,7,9,44,27,17,46,26,20
55620306,36,19,17,1,1,0,7,2,5,13,7,6,15,9,6
55620307,105,52,53,12,6,6,31,14,17,39,21,18,23,11,12
55620308,40,20,20,6,3,3,8,3,5,15,8,7,11,6,5
55620309,22,13,9,3,1,2,8,5,3,5,3,2,6,4,2
55620310,33,19,14,1,1,0,8,3,5,7,4,3,17,11,6
55620311,65,35,30,1,1,0,27,14,13,14,8,6,23,12,11
55620314,21,12,9,8,5,3,3,2,1,5,2,3,5,3,2
54208301,85,48,37,1,0,1,15,5,10,36,23,13,33,20,13
0419040,0,0,0,0,0,0,0,0,0,0,0,0,0,0,0
3021040,0,0,0,0,0,0,0,0,0,0,0,0,0,0,0
55625401,61,34,27,14,9,5,15,7,8,22,12,10,10,6,4
55625402,50,27,23,5,3,2,9,5,4,16,8,8,20,11,9
55625403,82,42,40,9,3,6,10,4,6,43,24,19,20,11,9
55625404,74,39,35,6,3,3,30,13,17,30,17,13,8,6,2
55625405,162,85,77,16,8,8,57,30,27,37,19,18,52,28,24
55625406,105,50,55,10,4,6,16,5,11,44,24,20,35,17,18
55625407,101,48,53,14,7,7,18,8,10,40,22,18,29,11,18
55625408,1533,698,835,182,66,116,250,98,152,586,308,278,515,226,289
55625410,268,140,128,37,15,22,41,21,20,115,68,47,75,36,39
55625411,34,18,16,3,2,1,3,2,1,15,7,8,13,7,6
55625412,637,316,321,60,26,34,84,31,53,253,132,121,240,127,113
55625413,202,92,110,22,9,13,22,8,14,79,38,41,79,37,42
55625414,730,369,361,76,36,40,92,40,52,334,169,165,228,124,104
55625415,25,14,11,1,1,0,0,0,0,11,6,5,13,7,6
55625416,21,11,10,3,1,2,14,8,6,3,2,1,1,0,1
55625417,155,79,76,12,4,8,8,3,5,62,32,30,73,40,33
55625418,747,371,376,68,30,38,113,50,63,341,180,161,225,111,114
54209101,58,27,31,12,4,8,3,1,2,14,9,5,29,13,16
55630101,150,88,62,13,7,6,24,12,12,76,45,31,37,24,13
55630102,75,39,36,5,1,4,15,8,7,22,14,8,33,16,17
55630104,106,52,54,17,8,9,24,10,14,33,16,17,32,18,14
55630105,41,23,18,0,0,0,0,0,0,20,11,9,21,12,9
55630106,709,348,361,79,38,41,135,68,67,229,112,117,266,130,136
55630107,63,30,33,2,0,2,9,4,5,34,17,17,18,9,9
55630108,120,58,62,14,8,6,19,7,12,47,24,23,40,19,21
55630109,43,21,22,6,2,4,17,8,9,9,6,3,11,5,6
55631901,59,33,26,11,5,6,16,10,6,12,7,5,20,11,9
55631902,281,145,136,16,6,10,67,35,32,87,43,44,111,61,50
55631903,78,37,41,4,2,2,43,19,24,5,2,3,26,14,12
55633501,26,14,12,3,3,0,6,3,3,13,7,6,4,1,3
55633502,64,34,30,1,0,1,8,3,5,28,15,13,27,16,11
55633503,68,33,35,8,3,5,12,8,4,33,16,17,15,6,9
55633504,61,34,27,12,5,7,14,7,7,15,10,5,20,12,8
55633505,116,56,60,5,3,2,19,7,12,46,25,21,46,21,25
55633506,20,16,4,4,3,1,4,2,2,0,0,0,12,11,1
55633507,376,201,175,45,23,22,45,20,25,143,78,65,143,80,63
55634301,139,69,70,16,7,9,16,8,8,73,39,34,34,15,19
55637802,650,318,332,59,24,35,82,34,48,286,147,139,223,113,110
55637803,53,30,23,7,3,4,2,1,1,30,19,11,14,7,7
55637804,30,13,17,3,1,2,6,1,5,14,8,6,7,3,4
0547210,0,0,0,0,0,0,0,0,0,0,0,0,0,0,0
55638601,36,18,18,4,2,2,1,1,0,6,2,4,25,13,12
55638602,76,40,36,5,1,4,7,3,4,36,19,17,28,17,11
55638603,231,131,100,16,6,10,21,9,12,104,65,39,90,51,39
55638605,173,84,89,10,4,6,11,5,6,74,39,35,78,36,42
55638607,22,8,14,1,1,0,0,0,0,10,3,7,11,4,7
55638608,55,27,28,2,1,1,5,3,2,22,11,11,26,12,14
55639401,50,26,24,10,4,6,8,5,3,25,12,13,7,5,2
55639402,108,53,55,16,5,11,11,6,5,47,24,23,34,18,16
55639403,55,25,30,3,1,2,11,3,8,23,13,10,18,8,10
55639404,59,28,31,8,2,6,5,3,2,17,10,7,29,13,16
55639405,42,20,22,9,3,6,2,1,1,13,7,6,18,9,9
55639406,1496,751,745,112,61,51,120,56,64,753,378,375,511,256,255
55639407,347,203,144,20,11,9,108,75,33,137,69,68,82,48,34
55639408,25,13,12,0,0,0,2,0,2,8,5,3,15,8,7
55639409,29,14,15,0,0,0,0,0,0,12,6,6,17,8,9
55639410,46,24,22,2,0,2,5,2,3,28,15,13,11,7,4
55639411,151,72,79,12,7,5,13,6,7,62,30,32,64,29,35
55639412,61,26,35,8,3,5,6,2,4,23,9,14,24,12,12
54186901,62,32,30,5,3,2,5,2,3,29,12,17,23,15,8
54175301,25,13,12,7,2,5,6,3,3,7,6,1,5,2,3
54175302,142,66,76,10,3,7,12,4,8,75,38,37,45,21,24
54175303,63,34,29,9,3,6,4,3,1,34,19,15,16,9,7
55643201,41,24,17,9,6,3,1,0,1,14,8,6,17,10,7
55643202,21,11,10,1,0,1,2,2,0,11,5,6,7,4,3
55643203,1190,587,603,109,47,62,152,59,93,460,243,217,469,238,231
55643204,48,22,26,8,3,5,8,4,4,12,7,5,20,8,12
55643208,26,16,10,2,1,1,5,3,2,12,7,5,7,5,2
55643209,35,16,19,5,3,2,4,2,2,14,6,8,12,5,7
54182601,108,53,55,14,4,10,21,11,10,20,13,7,53,25,28
1576012,0,0,0,0,0,0,0,0,0,0,0,0,0,0,0
3195540,0,0,0,0,0,0,0,0,0,0,0,0,0,0,0
3276620,0,0,0,0,0,0,0,0,0,0,0,0,0,0,0
3276710,0,0,0,0,0,0,0,0,0,0,0,0,0,0,0
3276890,0,0,0,0,0,0,0,0,0,0,0,0,0,0,0
3362970,0,0,0,0,0,0,0,0,0,0,0,0,0,0,0
55577101,297,142,155,24,10,14,29,14,15,146,70,76,98,48,50
55577102,45,24,21,5,2,3,6,4,2,19,11,8,15,7,8
55577103,932,445,487,84,37,47,100,35,65,418,216,202,330,157,173
55577104,85,42,43,4,1,3,6,2,4,40,23,17,35,16,19
55577106,54,29,25,7,5,2,10,6,4,22,10,12,15,8,7
55577107,104,49,55,10,6,4,5,2,3,52,23,29,37,18,19
55577108,108,60,48,16,10,6,15,8,7,33,16,17,44,26,18
55577109,34,17,17,1,1,0,5,1,4,7,4,3,21,11,10
55577110,74,35,39,6,4,2,7,3,4,30,14,16,31,14,17
55577111,53,25,28,8,4,4,6,4,2,23,11,12,16,6,10
55577112,119,63,56,11,3,8,12,5,7,64,38,26,32,17,15
55577113,330,164,166,20,8,12,45,20,25,158,81,77,107,55,52
55577114,265,129,136,26,15,11,29,12,17,129,63,66,81,39,42
55577115,108,54,54,18,8,10,5,3,2,47,24,23,38,19,19
55577116,109,52,57,5,2,3,8,2,6,43,25,18,53,23,30
55577117,306,147,159,24,12,12,41,16,25,148,77,71,93,42,51
55577118,176,93,83,11,6,5,6,3,3,97,49,48,62,35,27
55577119,35,16,19,2,0,2,1,0,1,18,9,9,14,7,7
55577120,149,78,71,14,9,5,12,8,4,95,43,52,28,18,10
55577121,60,31,29,9,3,6,4,2,2,24,13,11,23,13,10
55577122,776,427,349,63,30,33,49,23,26,233,124,109,431,250,181
55577123,321,161,160,31,11,20,42,18,24,135,68,67,113,64,49
55577125,43,22,21,1,1,0,7,2,5,24,13,11,11,6,5
55577128,977,467,510,100,54,46,106,38,68,458,215,243,313,160,153
55577129,34,22,12,5,3,2,7,5,2,17,10,7,5,4,1
55577130,34,18,16,0,0,0,1,1,0,9,6,3,24,11,13
55577131,1001,483,518,68,37,31,105,43,62,436,211,225,392,192,200
55577132,569,267,302,68,26,42,62,29,33,294,143,151,145,69,76
55577133,765,372,393,55,20,35,64,26,38,403,203,200,243,123,120
55577134,347,151,196,28,14,14,35,16,19,165,67,98,119,54,65
55577135,931,427,504,84,38,46,89,34,55,438,208,230,320,147,173
55577136,73,37,36,3,2,1,0,0,0,44,21,23,26,14,12
55577138,528,245,283,47,20,27,52,19,33,243,113,130,186,93,93
55577139,723,334,389,80,33,47,56,19,37,348,169,179,239,113,126
55577140,78,38,40,7,2,5,3,3,0,40,21,19,28,12,16
55577141,1558,750,808,157,71,86,152,69,83,738,372,366,511,238,273
55577142,2331,1053,1278,197,88,109,265,98,167,1065,518,547,804,349,455
55577143,877,415,462,96,39,57,87,29,58,431,217,214,263,130,133
55577144,496,222,274,53,20,33,48,20,28,218,110,108,177,72,105
55577145,25,14,11,1,0,1,2,1,1,13,7,6,9,6,3
55577146,781,379,402,100,43,57,123,48,75,333,176,157,225,112,113
55577147,400,206,194,33,18,15,28,14,14,214,109,105,125,65,60
55577148,300,151,149,26,12,14,24,10,14,125,65,60,125,64,61
55577149,555,252,303,46,20,26,69,26,43,263,127,136,177,79,98
55577150,1565,754,811,141,68,73,141,56,85,804,407,397,479,223,256
55577151,1067,509,558,105,44,61,142,67,75,454,218,236,366,180,186
55577153,739,343,396,65,29,36,84,29,55,368,182,186,222,103,119
55577154,242,113,129,22,9,13,12,8,4,149,68,81,59,28,31
54185101,105,59,46,10,4,6,20,11,9,37,22,15,38,22,16
55646701,42,20,22,4,2,2,5,3,2,13,6,7,20,9,11
55646705,21,13,8,2,2,0,5,2,3,6,5,1,8,4,4
55646706,29,14,15,4,2,2,7,3,4,16,9,7,2,0,2
55646707,38,17,21,2,1,1,10,4,6,16,8,8,10,4,6
55646708,723,361,362,52,28,24,80,31,49,303,159,144,288,143,145
55646709,84,37,47,10,2,8,5,2,3,38,19,19,31,14,17
55646710,28,17,11,8,4,4,2,0,2,9,7,2,9,6,3
55646712,33,19,14,1,0,1,8,4,4,13,9,4,11,6,5
55646713,97,49,48,9,3,6,13,6,7,47,25,22,28,15,13
55646714,124,67,57,5,2,3,18,11,7,54,29,25,47,25,22
55646716,33,16,17,1,0,1,4,0,4,14,7,7,14,9,5
55646718,87,48,39,7,2,5,5,2,3,31,21,10,44,23,21
55646720,39,15,24,3,2,1,10,2,8,22,9,13,4,2,2
55646721,23,12,11,0,0,0,3,1,2,6,3,3,14,8,6
57817701,76,35,41,4,2,2,17,8,9,27,14,13,28,11,17
55650501,39,23,16,2,1,1,3,1,2,27,17,10,7,4,3
55650502,101,48,53,3,2,1,8,3,5,48,23,25,42,20,22
55650503,54,26,28,4,2,2,7,4,3,14,7,7,29,13,16
54193101,129,63,66,19,8,11,18,8,10,37,20,17,55,27,28
57807001,88,43,45,9,4,5,24,13,11,33,14,19,22,12,10
57807002,46,23,23,3,0,3,7,3,4,21,12,9,15,8,7
55662901,37,17,20,3,2,1,12,4,8,15,6,9,7,5,2
55662903,150,78,72,9,3,6,33,11,22,54,33,21,54,31,23
55662904,293,155,138,39,14,25,48,23,25,95,54,41,111,64,47
57841001,39,20,19,1,0,1,10,3,7,14,9,5,14,8,6
55663701,80,42,38,4,3,1,7,5,2,43,25,18,26,9,17
55663702,21,10,11,0,0,0,0,0,0,14,8,6,7,2,5
55663703,587,271,316,56,18,38,24,10,14,288,137,151,219,106,113
55663704,61,32,29,5,3,2,12,8,4,24,9,15,20,12,8
55663705,25,15,10,7,4,3,2,1,1,16,10,6,0,0,0
55663706,40,23,17,2,0,2,1,0,1,23,14,9,14,9,5
55663707,155,83,72,6,2,4,13,7,6,68,35,33,68,39,29
55663708,104,52,52,3,1,2,3,2,1,78,39,39,20,10,10
55663709,39,19,20,0,0,0,1,1,0,18,11,7,20,7,13
57846101,61,32,29,4,2,2,9,7,2,28,12,16,20,11,9
54205901,56,32,24,4,2,2,6,3,3,26,14,12,20,13,7
0978880,0,0,0,0,0,0,0,0,0,0,0,0,0,0,0
0978960,0,0,0,0,0,0,0,0,0,0,0,0,0,0,0
54214801,33,20,13,4,2,2,4,2,2,20,12,8,5,4,1
54214802,56,32,24,3,2,1,4,3,1,24,12,12,25,15,10
55671801,40,23,17,3,1,2,6,3,3,10,7,3,21,12,9
55671802,77,42,35,11,6,5,2,1,1,35,20,15,29,15,14
55671803,31,17,14,2,1,1,1,0,1,9,6,3,19,10,9
55671804,60,32,28,2,1,1,2,2,0,30,16,14,26,13,13
55671805,84,45,39,5,2,3,2,0,2,48,27,21,29,16,13
55671806,510,251,259,43,21,22,49,21,28,187,96,91,231,113,118
55671807,144,78,66,15,9,6,17,10,7,63,35,28,49,24,25
55671808,79,39,40,2,1,1,10,5,5,45,24,21,22,9,13
55671809,91,42,49,12,3,9,2,1,1,32,18,14,45,20,25
55671811,24,14,10,1,1,0,0,0,0,8,3,5,15,10,5
55672602,134,64,70,19,8,11,31,13,18,41,24,17,43,19,24
55673401,102,53,49,9,4,5,10,3,7,47,28,19,36,18,18
55673402,47,20,27,3,2,1,8,0,8,17,10,7,19,8,11
55673403,39,18,21,2,1,1,3,1,2,9,5,4,25,11,14
55673404,218,111,107,29,11,18,34,14,20,66,33,33,89,53,36
54174501,122,56,66,8,1,7,7,4,3,61,30,31,46,21,25
55675102,52,28,24,7,3,4,6,4,2,14,8,6,25,13,12
55675103,90,46,44,10,7,3,13,5,8,18,11,7,49,23,26
55675107,30,19,11,4,1,3,7,4,3,12,9,3,7,5,2
55675108,42,20,22,9,3,6,16,8,8,10,6,4,7,3,4
55675109,69,38,31,3,1,2,21,12,9,13,7,6,32,18,14
55675110,38,19,19,7,3,4,8,4,4,12,7,5,11,5,6
55675111,119,63,56,13,8,5,18,9,9,36,19,17,52,27,25
55675112,224,116,108,20,11,9,47,18,29,62,30,32,95,57,38
55675113,252,121,131,18,8,10,53,23,30,84,40,44,97,50,47
55675114,209,109,100,25,13,12,32,17,15,54,27,27,98,52,46
57822301,65,28,37,6,4,2,4,1,3,38,15,23,17,8,9
57853301,208,104,104,21,9,12,37,22,15,67,32,35,83,41,42
1044262,0,0,0,0,0,0,0,0,0,0,0,0,0,0,0
55681501,186,89,97,30,14,16,16,7,9,55,23,32,85,45,40
55681502,62,37,25,5,3,2,8,5,3,37,21,16,12,8,4
55681503,49,27,22,4,2,2,2,1,1,16,8,8,27,16,11
55681504,26,12,14,4,1,3,2,2,0,9,4,5,11,5,6
55683101,374,226,148,19,11,8,17,8,9,125,70,55,213,137,76
55683102,54,25,29,1,0,1,4,0,4,17,10,7,32,15,17
55683104,107,54,53,9,4,5,5,3,2,52,25,27,41,22,19
55683105,3985,1907,2078,311,136,175,361,137,224,1909,963,946,1404,671,733
55683106,49,24,25,4,1,3,0,0,0,18,10,8,27,13,14
55683107,159,73,86,16,7,9,27,11,16,81,40,41,35,15,20
55683108,25,12,13,6,2,4,3,1,2,6,4,2,10,5,5
54191501,220,109,111,9,4,5,17,7,10,103,57,46,91,41,50
54195801,95,45,50,9,5,4,12,7,5,35,14,21,39,19,20
54195802,89,48,41,5,2,3,14,6,8,30,20,10,40,20,20
57806101,70,32,38,6,4,2,12,4,8,34,14,20,18,10,8
55691201,347,190,157,39,21,18,55,23,32,109,64,45,144,82,62
55691202,155,76,79,12,5,7,32,16,16,61,31,30,50,24,26
55691203,68,36,32,10,2,8,12,6,6,22,12,10,24,16,8
55691204,28,14,14,2,2,0,3,2,1,7,4,3,16,6,10
55691205,71,36,35,17,11,6,3,2,1,22,8,14,29,15,14
1199620,0,0,0,0,0,0,0,0,0,0,0,0,0,0,0
55692101,30,16,14,0,0,0,9,3,6,5,4,1,16,9,7
55692102,44,20,24,3,1,2,11,2,9,19,11,8,11,6,5
55692104,36,16,20,2,2,0,7,1,6,9,6,3,18,7,11
55692107,244,130,114,15,7,8,33,16,17,82,43,39,114,64,50
55692108,27,16,11,1,1,0,11,4,7,13,10,3,2,1,1
55692110,27,17,10,3,2,1,5,3,2,9,6,3,10,6,4
55692111,60,28,32,6,3,3,5,2,3,23,10,13,26,13,13
55692113,37,19,18,2,1,1,3,1,2,5,2,3,27,15,12
55692114,56,31,25,10,6,4,4,2,2,16,8,8,26,15,11
55692117,46,21,25,3,1,2,1,1,0,17,6,11,25,13,12
0236040,0,0,0,0,0,0,0,0,0,0,0,0,0,0,0
55695501,52,26,26,8,4,4,4,3,1,31,15,16,9,4,5
55695502,63,32,31,14,9,5,5,1,4,24,14,10,20,8,12
55695503,102,57,45,9,6,3,9,4,5,51,29,22,33,18,15
55695504,114,62,52,12,5,7,12,8,4,48,27,21,42,22,20
55695505,44,21,23,3,1,2,3,1,2,26,13,13,12,6,6
55695506,44,24,20,6,2,4,4,2,2,20,13,7,14,7,7
55695507,105,51,54,5,3,2,6,2,4,56,28,28,38,18,20
55695508,59,29,30,1,0,1,17,9,8,23,12,11,18,8,10
55695509,850,426,424,77,34,43,130,57,73,330,177,153,313,158,155
55695510,28,13,15,3,2,1,5,3,2,7,3,4,13,5,8
55695511,44,23,21,6,4,2,2,1,1,24,12,12,12,6,6
55695512,24,14,10,0,0,0,1,0,1,15,9,6,8,5,3
55168601,126,60,66,12,6,6,9,3,6,53,27,26,52,24,28
54178801,36,19,17,4,2,2,3,2,1,17,8,9,12,7,5
54178802,38,16,22,3,1,2,5,2,3,13,6,7,17,7,10
54178803,134,77,57,8,2,6,18,9,9,65,40,25,43,26,17
54178804,26,16,10,0,0,0,2,1,1,18,11,7,6,4,2
54178805,59,36,23,6,3,3,3,1,2,18,11,7,32,21,11
1989350,0,0,0,0,0,0,0,0,0,0,0,0,0,0,0
55608401,104,59,45,8,4,4,5,4,1,64,41,23,27,10,17
55608402,30,15,15,4,1,3,8,4,4,10,7,3,8,3,5
55700501,118,66,52,12,8,4,14,5,9,46,26,20,46,27,19
55700502,32,20,12,7,4,3,6,5,1,5,3,2,14,8,6
55700503,112,55,57,6,3,3,9,4,5,54,26,28,43,22,21
55700504,155,79,76,24,11,13,13,5,8,71,37,34,47,26,21
55700505,73,39,34,8,4,4,7,3,4,38,21,17,20,11,9
55700506,316,155,161,18,8,10,28,13,15,129,63,66,141,71,70
55701301,84,39,45,16,7,9,16,6,10,25,13,12,27,13,14
55701302,86,43,43,8,3,5,17,6,11,40,22,18,21,12,9
55701303,336,175,161,35,16,19,32,13,19,138,77,61,131,69,62
1400742,0,0,0,0,0,0,0,0,0,0,0,0,0,0,0
1401210,0,0,0,0,0,0,0,0,0,0,0,0,0,0,0
1990440,0,0,0,0,0,0,0,0,0,0,0,0,0,0,0
1990520,0,0,0,0,0,0,0,0,0,0,0,0,0,0,0
55702101,33,18,15,6,2,4,3,2,1,10,5,5,14,9,5
55702102,22,13,9,1,1,0,3,1,2,7,5,2,11,6,5
55702104,151,76,75,19,6,13,11,7,4,66,34,32,55,29,26
55702105,39,22,17,2,0,2,4,3,1,23,14,9,10,5,5
57843601,96,47,49,5,2,3,18,5,13,32,21,11,41,19,22
55709901,53,26,27,9,3,6,8,4,4,18,11,7,18,8,10
55709903,31,16,15,5,3,2,5,2,3,12,7,5,9,4,5
55709904,284,141,143,19,11,8,80,40,40,87,45,42,98,45,53
55709905,25,17,8,1,1,0,6,5,1,7,5,2,11,6,5
1989860,0,0,0,0,0,0,0,0,0,0,0,0,0,0,0
55711101,42,23,19,5,3,2,1,0,1,28,15,13,8,5,3
55711102,152,77,75,10,3,7,9,3,6,79,42,37,54,29,25
55711105,27,13,14,3,2,1,1,0,1,14,7,7,9,4,5
55712903,75,39,36,7,4,3,2,0,2,24,14,10,42,21,21
55712904,189,91,98,12,6,6,24,13,11,79,39,40,74,33,41
55712906,42,23,19,3,1,2,1,1,0,26,13,13,12,8,4
55713702,26,14,12,2,1,1,1,0,1,17,10,7,6,3,3
55713703,40,20,20,6,3,3,7,3,4,13,7,6,14,7,7
55713704,52,24,28,4,3,1,7,1,6,26,11,15,15,9,6
55713705,88,48,40,12,8,4,22,14,8,19,8,11,35,18,17
55713708,892,456,436,66,34,32,129,58,71,326,176,150,371,188,183
55713709,60,30,30,5,3,2,7,4,3,18,7,11,30,16,14
55713710,24,12,12,0,0,0,9,5,4,4,2,2,11,5,6
55713711,51,27,24,3,1,2,14,10,4,20,7,13,14,9,5
55713712,38,22,16,3,1,2,6,2,4,13,9,4,16,10,6
55713714,72,31,41,4,2,2,11,4,7,35,17,18,22,8,14
1597012,0,0,0,0,0,0,0,0,0,0,0,0,0,0,0
1597190,0,0,0,0,0,0,0,0,0,0,0,0,0,0,0
3066140,0,0,0,0,0,0,0,0,0,0,0,0,0,0,0
3088460,0,0,0,0,0,0,0,0,0,0,0,0,0,0,0
55715301,41,18,23,12,3,9,6,4,2,10,6,4,13,5,8
55715302,21,10,11,0,0,0,0,0,0,14,5,9,7,5,2
55715303,81,46,35,4,3,1,19,11,8,35,19,16,23,13,10
55715305,49,26,23,3,1,2,10,4,6,28,17,11,8,4,4
55715307,202,96,106,24,10,14,32,11,21,77,42,35,69,33,36
55715308,123,62,61,15,6,9,21,10,11,46,25,21,41,21,20
55715309,36,19,17,3,2,1,9,6,3,9,3,6,15,8,7
55715310,65,33,32,4,2,2,8,5,3,35,17,18,18,9,9
55715314,597,328,269,69,29,40,63,28,35,209,109,100,256,162,94
55715315,32,15,17,1,0,1,4,2,2,16,7,9,11,6,5
55715316,119,54,65,16,7,9,19,8,11,43,20,23,41,19,22
55715317,2143,1019,1124,213,84,129,286,120,166,946,483,463,698,332,366
55715318,683,331,352,58,29,29,77,25,52,319,157,162,229,120,109
55715320,447,219,228,21,6,15,92,47,45,218,107,111,116,59,57
55715321,132,67,65,22,13,9,17,7,10,45,24,21,48,23,25
55715322,133,63,70,22,9,13,11,5,6,53,25,28,47,24,23
55715323,2867,1364,1503,302,125,177,339,149,190,1296,641,655,930,449,481
55715324,1488,719,769,160,52,108,140,62,78,688,349,339,500,256,244
55715325,21,11,10,0,0,0,5,3,2,7,3,4,9,5,4
55715326,66,36,30,7,4,3,7,5,2,32,16,16,20,11,9
55715327,585,287,298,53,21,32,100,44,56,240,125,115,192,97,95
55715328,618,264,354,82,31,51,113,32,81,272,126,146,151,75,76
55716101,286,134,152,28,12,16,38,16,22,127,61,66,93,45,48
55720001,27,15,12,1,0,1,8,3,5,12,7,5,6,5,1
55720002,39,16,23,4,2,2,10,4,6,19,6,13,6,4,2
55720004,82,39,43,10,6,4,1,0,1,43,19,24,28,14,14
55720005,53,25,28,1,0,1,9,5,4,21,11,10,22,9,13
55720006,29,13,16,1,0,1,1,1,0,17,6,11,10,6,4
55720007,37,19,18,1,0,1,9,3,6,13,8,5,14,8,6
55720008,74,40,34,8,3,5,8,3,5,30,18,12,28,16,12
55720009,172,79,93,21,8,13,18,11,7,57,26,31,76,34,42
55720010,141,73,68,8,5,3,16,10,6,83,42,41,34,16,18
55720011,1011,498,513,65,24,41,129,62,67,528,277,251,289,135,154
55352201,93,49,44,1,1,0,26,11,15,24,17,7,42,20,22
54188501,39,21,18,7,5,2,7,3,4,8,6,2,17,7,10
54188502,258,132,126,17,8,9,20,8,12,139,70,69,82,46,36
54188503,32,19,13,1,0,1,0,0,0,21,14,7,10,5,5
57832101,122,66,56,17,5,12,6,3,3,60,35,25,39,23,16
0531471,0,0,0,0,0,0,0,0,0,0,0,0,0,0,0
55736601,24,11,13,1,0,1,10,4,6,3,2,1,10,5,5
55736602,96,51,45,11,3,8,21,8,13,36,22,14,28,18,10
55736603,115,55,60,9,5,4,24,9,15,28,12,16,54,29,25
55736605,36,21,15,3,3,0,17,10,7,8,4,4,8,4,4
55736606,149,78,71,17,5,12,22,9,13,52,29,23,58,35,23
55736608,404,205,199,48,24,24,76,30,46,148,78,70,132,73,59
55737401,244,122,122,20,9,11,44,16,28,94,49,45,86,48,38
55738201,84,42,42,8,3,5,7,3,4,28,15,13,41,21,20
55738202,110,62,48,8,3,5,26,13,13,35,23,12,41,23,18
55738203,340,173,167,37,18,19,59,26,33,132,70,62,112,59,53
55745501,266,124,142,25,15,10,22,11,11,147,64,83,72,34,38
55745502,171,80,91,21,8,13,16,7,9,84,40,44,50,25,25
55745503,149,80,69,12,6,6,18,8,10,62,32,30,57,34,23
55745504,301,153,148,31,12,19,35,18,17,145,77,68,90,46,44
56605501,306,160,146,31,16,15,26,12,14,148,75,73,101,57,44
55746302,28,15,13,2,2,0,7,3,4,11,5,6,8,5,3
55746304,52,23,29,9,3,6,11,5,6,24,12,12,8,3,5
55746305,44,21,23,1,0,1,4,3,1,23,9,14,16,9,7
55746307,268,143,125,31,16,15,57,32,25,97,53,44,83,42,41
55746308,32,18,14,6,3,3,4,2,2,6,5,1,16,8,8
57831201,103,55,48,6,3,3,21,10,11,29,16,13,47,26,21
55752801,37,21,16,2,1,1,1,1,0,17,9,8,17,10,7
55752802,100,56,44,11,7,4,7,4,3,63,32,31,19,13,6
55752803,227,116,111,31,17,14,18,9,9,123,64,59,55,26,29
55752804,42,21,21,5,1,4,2,2,0,9,3,6,26,15,11
55752805,1133,574,559,69,32,37,82,36,46,650,330,320,332,176,156
55752806,93,50,43,6,5,1,2,2,0,49,24,25,36,19,17
55753601,84,44,40,16,8,8,17,7,10,18,10,8,33,19,14
55753602,53,24,29,13,3,10,10,4,6,9,4,5,21,13,8
55753603,43,22,21,1,1,0,5,3,2,15,6,9,22,12,10
55753604,84,44,40,15,6,9,16,9,7,28,15,13,25,14,11
55753605,35,16,19,2,2,0,10,3,7,10,4,6,13,7,6
55753606,267,126,141,39,20,19,62,24,38,92,42,50,74,40,34
55754401,612,286,326,60,23,37,100,37,63,234,124,110,218,102,116
3023250,0,0,0,0,0,0,0,0,0,0,0,0,0,0,0
55758701,374,193,181,27,15,12,30,15,15,194,100,94,123,63,60
55758704,43,20,23,3,0,3,2,1,1,25,12,13,13,7,6
55758705,49,26,23,2,1,1,3,2,1,22,11,11,22,12,10
55758706,41,20,21,4,1,3,3,1,2,17,10,7,17,8,9
55758707,80,36,44,8,4,4,3,1,2,40,18,22,29,13,16
55758708,98,52,46,10,6,4,3,0,3,56,30,26,29,16,13
55758710,279,132,147,17,12,5,10,6,4,131,66,65,121,48,73
55758711,258,135,123,9,4,5,16,9,7,150,77,73,83,45,38
55758712,2139,1024,1115,179,67,112,152,62,90,1064,535,529,744,360,384
55758713,29,14,15,3,1,2,2,0,2,16,8,8,8,5,3
55758714,477,231,246,24,7,17,53,25,28,265,133,132,135,66,69
55758715,132,61,71,8,4,4,9,5,4,88,39,49,27,13,14
54046301,62,30,32,7,5,2,2,0,2,29,11,18,24,14,10
3301750,0,0,0,0,0,0,0,0,0,0,0,0,0,0,0
56670501,90,44,46,7,2,5,7,1,6,34,20,14,42,21,21
54215601,225,109,116,25,10,15,14,8,6,108,61,47,78,30,48
54637201,255,128,127,12,7,5,22,11,11,143,72,71,78,38,40
55350601,120,58,62,11,4,7,4,2,2,62,30,32,43,22,21
56608001,95,55,40,4,2,2,11,7,4,53,26,27,27,20,7
56609801,158,68,90,4,0,4,6,3,3,39,23,16,109,42,67
56609802,20,12,8,1,1,0,0,0,0,9,7,2,10,4,6
55764101,461,240,221,31,17,14,29,10,19,290,154,136,111,59,52
55764102,105,51,54,21,9,12,2,1,1,54,24,30,28,17,11
55765001,135,63,72,4,3,1,3,0,3,70,31,39,58,29,29
55765002,56,29,27,3,2,1,3,3,0,30,15,15,20,9,11
55765004,141,69,72,13,4,9,4,1,3,88,41,47,36,23,13
55765006,42,22,20,2,0,2,1,0,1,13,10,3,26,12,14
55765007,50,24,26,5,2,3,5,2,3,29,14,15,11,6,5
55765008,90,45,45,13,7,6,5,1,4,43,20,23,29,17,12
55765009,130,70,60,9,3,6,8,4,4,73,45,28,40,18,22
57856801,64,36,28,2,1,1,7,4,3,38,20,18,17,11,6
57856802,54,34,20,0,0,0,0,0,0,26,17,9,28,17,11
55766801,115,67,48,6,2,4,4,1,3,47,25,22,58,39,19
55766802,676,354,322,53,27,26,47,21,26,362,185,177,214,121,93
55767601,122,71,51,7,4,3,3,2,1,88,49,39,24,16,8
55767602,6313,3216,3097,458,219,239,445,235,210,3569,1837,1732,1841,925,916
55767603,117,66,51,0,0,0,6,5,1,81,47,34,30,14,16
55767604,36,20,16,3,2,1,1,1,0,24,12,12,8,5,3
55767605,383,190,193,21,9,12,22,12,10,226,119,107,114,50,64
53994501,287,147,140,11,6,5,16,6,10,156,80,76,104,55,49
55768401,608,305,303,41,21,20,38,16,22,313,155,158,216,113,103
55768402,23,12,11,2,2,0,1,0,1,11,6,5,9,4,5
55768403,88,46,42,9,3,6,2,1,1,48,24,24,29,18,11
55768404,30,20,10,4,2,2,1,0,1,18,11,7,7,7,0
55768405,160,86,74,14,7,7,3,1,2,81,43,38,62,35,27
55768406,121,58,63,6,2,4,5,2,3,79,41,38,31,13,18
54025101,39,23,16,1,1,0,5,2,3,24,15,9,9,5,4
54025102,112,60,52,4,2,2,6,3,3,53,24,29,49,31,18
55365401,73,48,25,1,0,1,2,1,1,40,22,18,30,25,5
55365402,4829,2394,2435,376,160,216,217,91,126,2720,1369,1351,1516,774,742
55365404,123,62,61,10,6,4,0,0,0,73,34,39,40,22,18
54066801,210,109,101,17,10,7,27,12,15,111,52,59,55,35,20
54066802,45,23,22,3,0,3,0,0,0,19,11,8,23,12,11
55366201,265,128,137,30,14,16,13,7,6,129,64,65,93,43,50
53982101,461,243,218,27,15,12,25,14,11,260,130,130,149,84,65
55772201,253,125,128,26,10,16,13,6,7,119,64,55,95,45,50
55772202,30,12,18,4,1,3,0,0,0,13,4,9,13,7,6
55772203,119,61,58,7,4,3,17,9,8,50,24,26,45,24,21
55773101,493,249,244,32,11,21,26,11,15,281,145,136,154,82,72
55773102,55,30,25,3,1,2,5,3,2,38,20,18,9,6,3
55774901,84,48,36,11,6,5,23,8,15,18,13,5,32,21,11
55774902,111,58,53,7,4,3,10,4,6,49,28,21,45,22,23
55774903,25,12,13,3,2,1,6,2,4,4,2,2,12,6,6
55777301,227,104,123,22,11,11,9,3,6,116,56,60,80,34,46
55778101,129,73,56,8,2,6,3,1,2,74,44,30,44,26,18
55778102,1989,995,994,122,56,66,98,41,57,1150,573,577,619,325,294
55778103,168,103,65,29,19,10,21,14,7,66,40,26,52,30,22
54030701,88,42,46,1,0,1,11,5,6,27,12,15,49,25,24
55780301,420,225,195,33,16,17,35,15,20,188,103,85,164,91,73
55780302,31,16,15,1,0,1,1,1,0,16,8,8,13,7,6
55780304,68,32,36,2,1,1,6,3,3,39,18,21,21,10,11
55780305,61,28,33,0,0,0,0,0,0,37,17,20,24,11,13
55783801,2197,1104,1093,162,67,95,112,48,64,1199,619,580,724,370,354
55783802,63,35,28,9,4,5,3,1,2,30,18,12,21,12,9
55783803,33,21,12,5,2,3,7,5,2,10,6,4,11,8,3
55783804,55,24,31,4,2,2,1,0,1,39,17,22,11,5,6
55783805,451,230,221,29,14,15,18,8,10,256,129,127,148,79,69
55783806,51,27,24,8,5,3,0,0,0,35,17,18,8,5,3
55783807,85,40,45,3,1,2,1,0,1,72,35,37,9,4,5
57854101,182,96,86,4,2,2,10,5,5,118,58,60,50,31,19
57854102,25,10,15,0,0,0,3,1,2,10,5,5,12,4,8
55786201,63,34,29,8,4,4,10,5,5,30,17,13,15,8,7
55786202,862,444,418,82,40,42,136,60,76,364,188,176,280,156,124
55786203,58,26,32,4,3,1,2,0,2,24,9,15,28,14,14
55786204,84,43,41,4,1,3,2,1,1,47,25,22,31,16,15
55786205,58,25,33,8,3,5,4,2,2,19,9,10,27,11,16
55786206,84,49,35,9,7,2,7,1,6,36,21,15,32,20,12
55786208,37,19,18,2,0,2,2,2,0,30,16,14,3,1,2
55787102,134,73,61,5,2,3,11,6,5,72,41,31,46,24,22
55787103,92,42,50,4,1,3,10,5,5,37,17,20,41,19,22
55787104,25,11,14,0,0,0,5,1,4,15,8,7,5,2,3
55787105,48,26,22,0,0,0,3,2,1,20,10,10,25,14,11
55789701,226,120,106,19,8,11,18,8,10,123,68,55,66,36,30
54063301,180,87,93,5,1,4,3,0,3,73,34,39,99,52,47
54063302,46,25,21,2,0,2,2,1,1,29,17,12,13,7,6
54063303,65,32,33,3,1,2,0,0,0,44,23,21,18,8,10
54020001,96,53,43,2,1,1,10,5,5,53,31,22,31,16,15
55794301,101,47,54,8,2,6,5,1,4,55,28,27,33,16,17
55384101,425,230,195,32,16,16,18,10,8,226,117,109,149,87,62
0805862,0,0,0,0,0,0,0,0,0,0,0,0,0,0,0
55795101,38,17,21,0,0,0,0,0,0,18,8,10,20,9,11
55795102,102,58,44,2,0,2,7,2,5,52,32,20,41,24,17
55795103,88,45,43,4,1,3,3,2,1,61,30,31,20,12,8
55795104,242,101,141,5,2,3,1,1,0,7,5,2,229,93,136
55795105,264,139,125,27,13,14,17,10,7,139,77,62,81,39,42
55795106,59,35,24,2,1,1,9,6,3,29,16,13,19,12,7
54006401,130,71,59,12,6,6,11,4,7,66,37,29,41,24,17
54061701,154,75,79,6,4,2,6,3,3,109,52,57,33,16,17
55801001,96,50,46,15,6,9,9,5,4,51,28,23,21,11,10
55802801,122,59,63,4,1,3,1,1,0,76,38,38,41,19,22
55802802,453,227,226,32,16,16,34,11,23,225,116,109,162,84,78
55802803,20,11,9,0,0,0,4,2,2,10,7,3,6,2,4
55802804,62,33,29,0,0,0,4,2,2,27,12,15,31,19,12
53971601,219,111,108,18,4,14,11,4,7,141,74,67,49,29,20
55804401,73,38,35,3,2,1,2,1,1,56,28,28,12,7,5
55804402,32,17,15,3,2,1,2,0,2,21,12,9,6,3,3
55804403,41,25,16,1,1,0,2,1,1,15,8,7,23,15,8
55804404,990,496,494,71,33,38,61,25,36,486,243,243,372,195,177
55805201,53,28,25,3,1,2,2,1,1,31,16,15,17,10,7
55805202,61,30,31,8,4,4,9,4,5,32,16,16,12,6,6
55805203,105,56,49,10,4,6,9,5,4,46,27,19,40,20,20
55805204,57,33,24,5,3,2,2,1,1,20,13,7,30,16,14
55805205,71,36,35,1,0,1,7,2,5,32,17,15,31,17,14
53014002,192,101,91,11,4,7,4,2,2,122,68,54,55,27,28
3301830,0,0,0,0,0,0,0,0,0,0,0,0,0,0,0
54639901,107,57,50,4,2,2,3,1,2,73,38,35,27,16,11
55806101,119,60,59,8,3,5,7,4,3,55,27,28,49,26,23
55806102,67,38,29,9,4,5,7,4,3,21,11,10,30,19,11
55806103,195,106,89,28,12,16,11,4,7,82,44,38,74,46,28
55806104,181,88,93,8,2,6,15,5,10,82,43,39,76,38,38
55806105,113,60,53,10,3,7,18,9,9,51,27,24,34,21,13
55807901,62,32,30,3,1,2,4,1,3,27,12,15,28,18,10
54034001,334,168,166,16,5,11,16,9,7,172,86,86,130,68,62
54034002,29,16,13,2,1,1,0,0,0,20,11,9,7,4,3
55809501,167,90,77,27,13,14,12,5,7,63,34,29,65,38,27
55810901,785,392,393,68,30,38,55,20,35,418,213,205,244,129,115
55810902,2779,1353,1426,222,94,128,221,89,132,1462,738,724,874,432,442
55811701,202,103,99,15,7,8,3,1,2,126,65,61,58,30,28
55402201,149,78,71,2,2,0,5,2,3,92,44,48,50,30,20
55812501,92,47,45,9,5,4,4,2,2,53,25,28,26,15,11
55812502,238,125,113,22,9,13,24,11,13,99,52,47,93,53,40
55812503,72,34,38,5,3,2,7,2,5,32,15,17,28,14,14
55812504,62,29,33,1,0,1,6,2,4,35,18,17,20,9,11
55812505,76,32,44,2,1,1,4,1,3,34,15,19,36,15,21
55812506,100,50,50,13,7,6,7,3,4,53,27,26,27,13,14
55812507,75,35,40,6,5,1,3,0,3,40,20,20,26,10,16
54229601,202,103,99,11,3,8,27,12,15,98,57,41,66,31,35
54010201,96,50,46,5,3,2,12,6,6,44,24,20,35,17,18
54026901,291,144,147,21,9,12,7,4,3,186,94,92,77,37,40
55817601,39,21,18,5,3,2,2,1,1,25,13,12,7,4,3
55817602,27,13,14,5,1,4,1,0,1,17,9,8,4,3,1
55817603,81,44,37,7,3,4,4,3,1,29,15,14,41,23,18
55817604,218,122,96,10,3,7,20,11,9,122,68,54,66,40,26
53978301,317,164,153,12,7,5,12,3,9,164,85,79,129,69,60
55818401,127,67,60,15,5,10,15,7,8,60,33,27,37,22,15
55818404,218,105,113,17,6,11,15,7,8,94,46,48,92,46,46
54029301,152,76,76,5,3,2,14,6,8,77,34,43,56,33,23
55356501,37,20,17,2,1,1,3,1,2,21,14,7,11,4,7
55823101,40,21,19,3,1,2,2,1,1,22,11,11,13,8,5
55823102,176,90,86,11,5,6,10,5,5,85,44,41,70,36,34
54041201,77,40,37,12,6,6,4,2,2,43,21,22,18,11,7
54041202,180,81,99,12,7,5,7,1,6,86,41,45,75,32,43
53013101,23,13,10,2,0,2,0,0,0,15,9,6,6,4,2
53013102,208,98,110,11,3,8,10,3,7,111,53,58,76,39,37
3089010,0,0,0,0,0,0,0,0,0,0,0,0,0,0,0
3089270,0,0,0,0,0,0,0,0,0,0,0,0,0,0,0
55824901,408,220,188,27,13,14,14,7,7,212,118,94,155,82,73
55824902,233,115,118,13,5,8,9,5,4,125,65,60,86,40,46
55824903,132,69,63,8,3,5,11,7,4,78,43,35,35,16,19
55824905,618,302,316,45,17,28,25,12,13,347,170,177,201,103,98
55824906,647,323,324,31,12,19,42,15,27,327,177,150,247,119,128
55824907,804,411,393,51,24,27,61,29,32,381,197,184,311,161,150
55824908,38,21,17,4,3,1,2,1,1,19,9,10,13,8,5
55824909,1734,825,909,99,40,59,130,58,72,977,477,500,528,250,278
55824910,58,22,36,4,2,2,4,1,3,36,14,22,14,5,9
55824911,1315,586,729,90,36,54,79,32,47,676,314,362,470,204,266
55824912,84,42,42,4,1,3,5,2,3,44,26,18,31,13,18
55824913,520,253,267,39,19,20,20,8,12,280,142,138,181,84,97
55825701,122,67,55,8,2,6,13,8,5,53,28,25,48,29,19
55825702,958,489,469,59,29,30,46,16,30,515,266,249,338,178,160
55825703,77,40,37,3,1,2,4,1,3,38,20,18,32,18,14
55826501,151,72,79,6,4,2,12,5,7,83,38,45,50,25,25
55826502,45,23,22,2,1,1,1,1,0,28,14,14,14,7,7
54042101,91,50,41,8,4,4,6,1,5,39,24,15,38,21,17
55829001,271,138,133,34,14,20,22,11,11,132,67,65,83,46,37
55830301,163,81,82,12,8,4,8,5,3,81,40,41,62,28,34
55830302,28,16,12,1,0,1,5,3,2,14,9,5,8,4,4
55830303,292,155,137,19,9,10,11,3,8,185,104,81,77,39,38
55830304,97,49,48,2,1,1,2,1,1,51,24,27,42,23,19
55830305,20,9,11,0,0,0,0,0,0,10,6,4,10,3,7
55830306,111,58,53,6,3,3,10,2,8,64,36,28,31,17,14
55830307,166,85,81,12,5,7,8,5,3,86,45,41,60,30,30
55831101,289,141,148,17,9,8,17,5,12,133,67,66,122,60,62
54069201,115,57,58,10,5,5,11,5,6,52,28,24,42,19,23
53993701,206,104,102,9,3,6,11,5,6,102,56,46,84,40,44
55834601,221,101,120,12,6,6,8,3,5,118,57,61,83,35,48
55834602,380,188,192,15,10,5,31,11,20,204,102,102,130,65,65
3301670,0,0,0,0,0,0,0,0,0,0,0,0,0,0,0
55836201,208,108,100,13,10,3,13,5,8,121,63,58,61,30,31
55836203,194,105,89,3,1,2,4,2,2,131,72,59,56,30,26
55836204,151,74,77,16,9,7,8,4,4,83,41,42,44,20,24
55836206,1685,839,846,105,41,64,123,53,70,961,496,465,496,249,247
55836207,36,13,23,4,2,2,6,2,4,18,7,11,8,2,6
55836208,74,37,37,11,6,5,4,2,2,25,15,10,34,14,20
55836209,196,84,112,6,1,5,10,5,5,117,47,70,63,31,32
55836210,118,67,51,9,3,6,5,2,3,57,33,24,47,29,18
55836211,113,60,53,2,2,0,13,4,9,60,37,23,38,17,21
55836212,20,8,12,4,2,2,1,0,1,11,3,8,4,3,1
54067601,133,71,62,9,3,6,13,7,6,79,41,38,32,20,12
54067602,22,12,10,1,1,0,0,0,0,10,7,3,11,4,7
55838901,97,52,45,11,4,7,10,4,6,60,35,25,16,9,7
55838902,3483,1716,1767,189,80,109,171,73,98,1979,991,988,1144,572,572
54005601,147,71,76,6,3,3,8,4,4,88,40,48,45,24,21
55840101,384,200,184,32,16,16,20,11,9,228,116,112,104,57,47
3357970,0,0,0,0,0,0,0,0,0,0,0,0,0,0,0
55843501,2225,1113,1112,136,59,77,142,66,76,1296,638,658,651,350,301
56610101,92,47,45,8,4,4,6,3,3,42,22,20,36,18,18
57861401,93,45,48,12,6,6,5,1,4,50,21,29,26,17,9
57859201,130,81,49,1,0,1,2,2,0,67,38,29,60,41,19
53992901,43,23,20,2,2,0,2,1,1,10,3,7,29,17,12
54052801,149,76,73,9,4,5,6,3,3,92,47,45,42,22,20
55848601,194,102,92,11,6,5,6,5,1,138,72,66,39,19,20
55848602,522,268,254,19,5,14,18,9,9,325,169,156,160,85,75
55849401,41,19,22,3,1,2,0,0,0,25,12,13,13,6,7
55849402,288,144,144,6,2,4,9,3,6,168,91,77,105,48,57
56669101,73,34,39,4,1,3,8,4,4,36,20,16,25,9,16
54070601,69,36,33,7,4,3,0,0,0,40,21,19,22,11,11
54070602,21,14,7,1,0,1,0,0,0,9,6,3,11,8,3
55855901,342,178,164,22,11,11,43,21,22,171,86,85,106,60,46
55856701,579,316,263,43,22,21,32,18,14,332,180,152,172,96,76
56607101,104,56,48,4,1,3,18,7,11,58,31,27,24,17,7
55858301,638,316,322,38,12,26,38,20,18,369,186,183,193,98,95
55859101,114,58,56,11,5,6,11,5,6,62,36,26,30,12,18
55859102,39,22,17,3,1,2,0,0,0,16,10,6,20,11,9
55859103,160,82,78,8,5,3,16,8,8,79,39,40,57,30,27
53018202,475,239,236,19,10,9,34,17,17,279,143,136,143,69,74
55860502,145,74,71,25,13,12,5,3,2,81,41,40,34,17,17
55860503,92,45,47,10,5,5,7,3,4,49,23,26,26,14,12
55860504,64,34,30,6,4,2,2,1,1,31,19,12,25,10,15
55860505,150,72,78,9,4,5,10,4,6,75,34,41,56,30,26
55863001,107,57,50,10,6,4,9,6,3,45,23,22,43,22,21
55863002,40,21,19,4,1,3,3,2,1,20,12,8,13,6,7
55863003,42,24,18,8,4,4,2,1,1,20,14,6,12,5,7
55863004,91,43,48,2,2,0,6,3,3,42,21,21,41,17,24
55863005,581,262,319,30,15,15,38,15,23,272,137,135,241,95,146
54013701,29,16,13,2,1,1,3,1,2,16,9,7,8,5,3
54013702,24,14,10,3,1,2,5,4,1,10,6,4,6,3,3
55885101,1427,704,723,110,54,56,122,61,61,784,382,402,411,207,204
55885103,394,206,188,34,16,18,19,10,9,220,117,103,121,63,58
55896601,1886,944,942,117,56,61,144,69,75,1079,534,545,546,285,261
55784601,62,33,29,6,3,3,10,4,6,19,11,8,27,15,12
55784602,620,317,303,27,11,16,51,27,24,345,173,172,197,106,91
55784603,83,41,42,9,5,4,5,1,4,48,20,28,21,15,6
3004110,0,0,0,0,0,0,0,0,0,0,0,0,0,0,0
55913001,1059,526,533,61,27,34,61,35,26,640,322,318,297,142,155
54056101,835,413,422,56,26,30,50,22,28,488,244,244,241,121,120
57860601,206,98,108,12,3,9,6,4,2,110,50,60,78,41,37
55800101,1424,695,729,84,32,52,70,30,40,796,396,400,474,237,237
54064101,317,146,171,15,6,9,11,4,7,195,95,100,96,41,55
55359001,243,119,124,12,3,9,5,1,4,146,79,67,80,36,44
55814101,861,416,445,80,30,50,63,31,32,478,241,237,240,114,126
55814102,276,146,130,27,13,14,7,2,5,172,88,84,70,43,27
55814103,281,141,140,20,8,12,11,3,8,179,97,82,71,33,38
3022360,0,0,0,0,0,0,0,0,0,0,0,0,0,0,0
54597001,5661,2694,2967,458,200,258,434,207,227,3077,1496,1581,1692,791,901
54597002,9283,4329,4954,744,315,429,699,293,406,5236,2481,2755,2604,1240,1364
54597003,10256,4936,5320,780,339,441,692,325,367,5895,2918,2977,2889,1354,1535
54597004,1391,694,697,111,49,62,101,41,60,773,396,377,406,208,198
54597005,252,128,124,14,7,7,18,7,11,144,76,68,76,38,38
54597007,1738,845,893,128,56,72,142,60,82,1014,506,508,454,223,231
54597008,1116,532,584,74,37,37,75,36,39,654,303,351,313,156,157
54597009,63,37,26,1,0,1,8,4,4,34,22,12,20,11,9
54597010,1891,934,957,215,96,119,151,78,73,954,478,476,571,282,289
54597011,508,263,245,66,29,37,36,20,16,298,155,143,108,59,49
54597012,28,15,13,5,3,2,1,0,1,18,9,9,4,3,1
54597013,4121,1885,2236,275,112,163,300,124,176,2210,1034,1176,1336,615,721
54597014,1133,563,570,136,66,70,120,66,54,563,278,285,314,153,161
54597015,336,167,169,23,12,11,23,12,11,216,107,109,74,36,38
54597016,234,122,112,16,7,9,23,10,13,134,73,61,61,32,29
54597017,43,23,20,0,0,0,6,1,5,32,20,12,5,2,3
54597018,326,164,162,36,20,16,39,21,18,135,64,71,116,59,57
54597019,1465,905,560,98,43,55,81,36,45,520,298,222,766,528,238
54597020,475,237,238,53,25,28,40,22,18,249,129,120,133,61,72
54597021,7496,3712,3784,728,331,397,608,305,303,4006,1982,2024,2154,1094,1060
54597022,756,320,436,40,15,25,22,7,15,287,145,142,407,153,254
55797801,1692,854,838,124,60,64,96,43,53,1066,535,531,406,216,190
1223193,0,0,0,0,0,0,0,0,0,0,0,0,0,0,0
54598801,1081,512,569,83,31,52,123,54,69,587,297,290,288,130,158
54598803,325,153,172,17,4,13,35,13,22,195,102,93,78,34,44
54598804,681,334,347,53,24,29,36,12,24,414,213,201,178,85,93
54598805,238,121,117,19,10,9,25,11,14,141,72,69,53,28,25
54598806,1057,518,539,91,48,43,82,38,44,598,297,301,286,135,151
54598807,1155,591,564,86,46,40,110,45,65,632,339,293,327,161,166
54598808,42,26,16,9,7,2,0,0,0,22,13,9,11,6,5
54598809,629,306,323,53,28,25,80,39,41,353,172,181,143,67,76
54598810,22,11,11,1,0,1,0,0,0,15,7,8,6,4,2
54598811,255,119,136,24,10,14,7,5,2,154,69,85,70,35,35
54598812,970,468,502,113,50,63,111,53,58,484,241,243,262,124,138
54598813,174,83,91,21,11,10,15,6,9,99,47,52,39,19,20
54598814,363,190,173,45,22,23,54,23,31,170,92,78,94,53,41
54598815,219,106,113,18,6,12,20,7,13,103,55,48,78,38,40
54598816,2118,1120,998,169,74,95,156,79,77,892,432,460,901,535,366
54598817,183,96,87,23,8,15,18,11,7,81,41,40,61,36,25
54598818,581,280,301,60,22,38,45,22,23,313,154,159,163,82,81
54598819,2363,1143,1220,222,101,121,204,99,105,1196,561,635,741,382,359
54598820,1438,699,739,131,61,70,140,58,82,756,363,393,411,217,194
54598821,512,265,247,34,15,19,26,12,14,301,157,144,151,81,70
54598822,788,381,407,71,29,42,86,40,46,421,206,215,210,106,104
54598823,2340,1148,1192,207,98,109,237,92,145,1129,562,567,767,396,371
54598824,7366,3696,3670,719,335,384,724,339,385,3576,1813,1763,2347,1209,1138
54598826,402,191,211,44,22,22,33,15,18,201,93,108,124,61,63
54598827,113,25,88,0,0,0,30,3,27,20,5,15,63,17,46
54598828,146,79,67,30,19,11,5,4,1,67,32,35,44,24,20
54598829,4704,2206,2498,461,194,267,409,168,241,2375,1155,1220,1459,689,770
54598830,3091,1417,1674,275,109,166,274,127,147,1544,731,813,998,450,548
54598831,162,82,80,21,8,13,16,10,6,76,39,37,49,25,24
54598832,209,111,98,16,11,5,25,12,13,92,48,44,76,40,36
54598833,964,450,514,74,32,42,92,42,50,519,241,278,279,135,144
54598834,1309,645,664,115,60,55,126,53,73,718,358,360,350,174,176
1225301,0,0,0,0,0,0,0,0,0,0,0,0,0,0,0
3293550,0,0,0,0,0,0,0,0,0,0,0,0,0,0,0
54600301,268,132,136,21,9,12,9,5,4,165,85,80,73,33,40
54600302,429,219,210,30,12,18,33,15,18,240,127,113,126,65,61
54600303,779,384,395,57,22,35,46,16,30,422,214,208,254,132,122
54600304,769,380,389,41,17,24,36,20,16,458,222,236,234,121,113
54600305,690,358,332,70,36,34,51,27,24,398,208,190,171,87,84
54600306,968,437,531,103,39,64,70,25,45,514,252,262,281,121,160
54600307,862,411,451,76,32,44,73,32,41,423,207,216,290,140,150
54600308,2702,1262,1440,248,101,147,304,119,185,1307,635,672,843,407,436
54600309,196,94,102,19,10,9,7,3,4,133,65,68,37,16,21
54600310,68,42,26,15,8,7,1,0,1,28,20,8,24,14,10
54600311,2405,1789,616,269,198,71,238,186,52,1234,928,306,664,477,187
54600312,4044,2045,1999,462,214,248,425,216,209,1785,920,865,1372,695,677
54600313,1289,670,619,141,73,68,121,60,61,552,299,253,475,238,237
54600314,2385,1181,1204,215,104,111,185,84,101,1238,617,621,747,376,371
54600315,4311,2090,2221,407,176,231,435,201,234,2075,1026,1049,1394,687,707
54600316,2231,1049,1182,198,82,116,260,113,147,1079,517,562,694,337,357
54600317,1907,973,934,231,121,110,189,94,95,855,434,421,632,324,308
54600318,238,117,121,22,13,9,17,7,10,154,76,78,45,21,24
54600319,2700,1596,1104,264,149,115,210,109,101,909,511,398,1317,827,490
54600320,130,72,58,23,8,15,10,6,4,10,6,4,87,52,35
54600321,2030,1015,1015,218,117,101,213,104,109,965,463,502,634,331,303
54600322,894,531,363,121,74,47,105,77,28,364,214,150,304,166,138
54600323,2116,1034,1082,251,100,151,211,98,113,960,501,459,694,335,359
54600324,4178,2050,2128,388,167,221,329,147,182,2101,1044,1057,1360,692,668
54600325,2796,1288,1508,217,86,131,300,129,171,1365,649,716,914,424,490
54600326,503,255,248,54,29,25,51,24,27,257,129,128,141,73,68
54600327,162,74,88,13,6,7,12,8,4,76,32,44,61,28,33
54600328,63,44,19,12,8,4,5,3,2,24,19,5,22,14,8
54600329,74,32,42,6,1,5,0,0,0,34,17,17,34,14,20
54600330,80,55,25,1,1,0,4,2,2,47,32,15,28,20,8
54600331,184,114,70,24,16,8,14,11,3,58,33,25,88,54,34
54600332,8317,3937,4380,648,276,372,710,310,400,4434,2119,2315,2525,1232,1293
54600333,37,20,17,2,1,1,1,1,0,19,9,10,15,9,6
54600334,586,294,292,38,20,18,42,16,26,301,153,148,205,105,100
54600335,369,237,132,87,53,34,33,23,10,134,84,50,115,77,38
54600336,166,86,80,11,7,4,11,6,5,112,57,55,32,16,16
54600337,336,172,164,33,17,16,25,8,17,171,93,78,107,54,53
54600338,371,186,185,31,16,15,39,18,21,181,89,92,120,63,57
54600339,1621,805,816,180,74,106,187,96,91,718,366,352,536,269,267
54600340,222,112,110,8,6,2,26,11,15,133,63,70,55,32,23
54600341,887,454,433,79,34,45,59,34,25,516,263,253,233,123,110
1226290,0,0,0,0,0,0,0,0,0,0,0,0,0,0,0
3318210,0,0,0,0,0,0,0,0,0,0,0,0,0,0,0
54620801,1228,626,602,114,42,72,118,63,55,675,354,321,321,167,154
54620802,1564,717,847,123,47,76,125,44,81,850,404,446,466,222,244
54620803,280,143,137,33,15,18,36,16,20,153,82,71,58,30,28
54620804,3079,1406,1673,271,109,162,335,128,207,1619,759,860,854,410,444
54620805,26,9,17,2,0,2,3,3,0,15,4,11,6,2,4
54620807,69,38,31,5,2,3,2,2,0,44,24,20,18,10,8
54620808,1266,618,648,84,34,50,117,54,63,669,323,346,396,207,189
54620809,149,69,80,17,6,11,2,1,1,82,40,42,48,22,26
54620810,137,59,78,14,6,8,9,5,4,92,40,52,22,8,14
54620811,1516,694,822,121,47,74,137,50,87,809,396,413,449,201,248
54620812,3519,1762,1757,271,121,150,290,118,172,1761,910,851,1197,613,584
54620813,35,19,16,1,1,0,6,5,1,13,4,9,15,9,6
54620814,532,264,268,23,13,10,41,16,25,284,137,147,184,98,86
54620815,1179,520,659,94,39,55,112,46,66,673,315,358,300,120,180
54620816,54,27,27,12,6,6,4,2,2,33,17,16,5,2,3
54620817,2270,1058,1212,183,68,115,256,115,141,1139,542,597,692,333,359
54620818,2323,1076,1247,182,80,102,227,85,142,1263,605,658,651,306,345
54620820,1817,861,956,180,76,104,127,57,70,958,473,485,552,255,297
54620821,1261,625,636,97,35,62,127,59,68,695,365,330,342,166,176
54620822,263,132,131,19,7,12,10,4,6,166,88,78,68,33,35
54620823,1076,544,532,73,36,37,83,35,48,598,300,298,322,173,149
54620824,70,40,30,1,1,0,10,5,5,31,20,11,28,14,14
54620825,106,52,54,8,3,5,5,2,3,41,19,22,52,28,24
55473101,2253,1103,1150,169,77,92,125,53,72,1226,614,612,733,359,374
55473102,176,97,79,10,4,6,9,4,5,113,65,48,44,24,20
55475801,1923,962,961,123,54,69,164,81,83,1124,574,550,512,253,259
55475802,306,165,141,22,14,8,14,6,8,207,112,95,63,33,30
55476601,1043,509,534,66,26,40,80,38,42,561,290,271,336,155,181
55476602,47,28,19,5,3,2,6,3,3,27,17,10,9,5,4
55477401,1868,916,952,141,54,87,143,62,81,1121,561,560,463,239,224
55919901,154,73,81,12,5,7,11,5,6,93,46,47,38,17,21
55919902,791,393,398,69,28,41,35,20,15,433,212,221,254,133,121
55837101,291,146,145,13,6,7,13,5,8,167,88,79,98,47,51
55837102,650,336,314,38,16,22,36,21,15,368,183,185,208,116,92
55837103,500,243,257,46,19,27,32,15,17,270,129,141,152,80,72
55837104,202,94,108,11,4,7,14,4,10,113,56,57,64,30,34
55837105,3589,1759,1830,256,115,141,320,149,171,1927,948,979,1086,547,539
55842701,101,56,45,7,3,4,0,0,0,70,40,30,24,13,11
55842702,508,237,271,27,11,16,38,17,21,286,141,145,157,68,89
55842703,105,53,52,8,5,3,17,8,9,39,19,20,41,21,20
55842704,2209,1126,1083,128,59,69,102,45,57,1238,655,583,741,367,374
53974101,309,156,153,20,10,10,14,5,9,181,94,87,94,47,47
53974102,93,51,42,4,1,3,3,1,2,53,29,24,33,20,13
53974103,236,108,128,19,7,12,12,2,10,109,58,51,96,41,55
55846001,1084,576,508,77,40,37,51,20,31,631,338,293,325,178,147
56675601,742,395,347,35,14,21,54,27,27,410,216,194,243,138,105
56675602,28,17,11,0,0,0,0,0,0,18,10,8,10,7,3
55865601,390,200,190,27,7,20,7,3,4,229,113,116,127,77,50
55865602,27,20,7,1,1,0,1,0,1,16,12,4,9,7,2
55865604,59,30,29,1,0,1,0,0,0,40,21,19,18,9,9
55865605,75,36,39,7,3,4,6,2,4,35,15,20,27,16,11
55865606,33,17,16,4,1,3,0,0,0,14,7,7,15,9,6
55865607,22,14,8,0,0,0,0,0,0,4,3,1,18,11,7
55865609,23,10,13,0,0,0,0,0,0,15,7,8,8,3,5
55865610,35,19,16,1,0,1,2,1,1,21,11,10,11,7,4
53023901,75,39,36,4,1,3,13,8,5,26,12,14,32,18,14
55867201,925,464,461,30,9,21,30,14,16,586,301,285,279,140,139
56676401,63,35,28,2,1,1,0,0,0,33,18,15,28,16,12
56647101,87,44,43,7,4,3,6,4,2,50,22,28,24,14,10
56647102,25,13,12,3,1,2,2,2,0,7,4,3,13,6,7
56648901,67,37,30,3,2,1,7,3,4,43,24,19,14,8,6
55869901,162,84,78,3,0,3,8,4,4,106,57,49,45,23,22
55871101,22,11,11,2,1,1,5,1,4,9,6,3,6,3,3
55871102,300,158,142,32,15,17,16,7,9,171,92,79,81,44,37
56663201,80,40,40,5,2,3,10,5,5,37,17,20,28,16,12
53032801,55,30,25,5,3,2,1,1,0,29,16,13,20,10,10
53032802,141,62,79,9,4,5,1,0,1,92,46,46,39,12,27
55874501,23,9,14,0,0,0,0,0,0,18,8,10,5,1,4
55874502,570,282,288,24,10,14,19,9,10,351,174,177,176,89,87
55877001,80,42,38,2,1,1,6,3,3,42,25,17,30,13,17
55877002,342,176,166,11,2,9,18,10,8,207,109,98,106,55,51
55878801,244,127,117,23,11,12,12,7,5,128,68,60,81,41,40
55878802,39,22,17,1,0,1,0,0,0,26,16,10,12,6,6
55879601,457,230,227,16,10,6,32,13,19,295,153,142,114,54,60
55880001,21,15,6,1,1,0,1,1,0,17,12,5,2,1,1
55880002,45,20,25,2,1,1,3,1,2,28,12,16,12,6,6
57866501,105,54,51,3,2,1,23,11,12,52,27,25,27,14,13
57866504,45,25,20,7,3,4,1,1,0,30,16,14,7,5,2
55883401,781,371,410,33,12,21,42,20,22,481,232,249,225,107,118
55886901,105,55,50,13,7,6,4,2,2,65,33,32,23,13,10
55886902,156,72,84,9,4,5,9,3,6,67,37,30,71,28,43
55886903,90,50,40,8,3,5,1,1,0,52,29,23,29,17,12
55886904,87,48,39,1,1,0,0,0,0,32,18,14,54,29,25
55886905,294,150,144,19,6,13,21,8,13,140,78,62,114,58,56
55886906,993,489,504,52,24,28,47,19,28,547,275,272,347,171,176
56639001,80,39,41,7,2,5,3,1,2,43,22,21,27,14,13
53022101,106,57,49,12,7,5,2,1,1,50,26,24,42,23,19
56673001,53,20,33,3,1,2,7,4,3,29,10,19,14,5,9
55887701,31,17,14,6,3,3,5,4,1,14,8,6,6,2,4
55887702,267,144,123,10,5,5,27,14,13,133,75,58,97,50,47
55887703,80,46,34,6,2,4,0,0,0,51,29,22,23,15,8
55887704,77,39,38,0,0,0,4,2,2,53,27,26,20,10,10
55887705,113,61,52,10,4,6,5,4,1,61,31,30,37,22,15
55888501,3407,1658,1749,206,92,114,155,67,88,1928,953,975,1118,546,572
55888502,698,341,357,31,11,20,44,25,19,383,183,200,240,122,118
55891501,465,245,220,30,16,14,16,7,9,274,144,130,145,78,67
55891502,134,63,71,11,5,6,5,2,3,90,44,46,28,12,16
55891503,420,214,206,18,10,8,23,11,12,264,137,127,115,56,59
55891504,43,22,21,5,2,3,1,1,0,27,14,13,10,5,5
55891505,76,37,39,5,2,3,4,2,2,53,27,26,14,6,8
55891506,93,50,43,9,5,4,4,1,3,54,29,25,26,15,11
55893101,60,28,32,3,2,1,6,3,3,33,13,20,18,10,8
55893102,189,99,90,17,10,7,24,11,13,99,50,49,49,28,21
55894001,1037,537,500,64,29,35,57,26,31,606,325,281,310,157,153
55894002,229,112,117,23,9,14,10,6,4,142,73,69,54,24,30
55897401,209,114,95,14,11,3,24,14,10,100,51,49,71,38,33
55898201,131,70,61,7,4,3,6,3,3,80,44,36,38,19,19
55899101,151,76,75,8,6,2,10,6,4,83,38,45,50,26,24
55900801,2934,1439,1495,158,64,94,123,52,71,1786,880,906,867,443,424
53818301,106,52,54,4,1,3,1,0,1,69,32,37,32,19,13
57877101,117,65,52,5,3,2,3,2,1,65,33,32,44,27,17
55902401,140,77,63,8,4,4,5,4,1,88,46,42,39,23,16
55903201,31,19,12,5,3,2,5,3,2,14,8,6,7,5,2
55903202,76,41,35,3,1,2,4,3,1,48,26,22,21,11,10
55904101,59,34,25,4,2,2,4,3,1,41,23,18,10,6,4
55904103,43,19,24,1,0,1,1,0,1,26,12,14,15,7,8
55904104,402,209,193,17,8,9,27,9,18,251,134,117,107,58,49
55904105,80,42,38,0,0,0,4,1,3,47,26,21,29,15,14
55905901,1043,517,526,70,34,36,60,28,32,602,302,300,311,153,158
55906701,57,34,23,5,2,3,2,2,0,38,21,17,12,9,3
55906702,128,66,62,2,0,2,9,4,5,61,33,28,56,29,27
55906703,38,20,18,9,4,5,0,0,0,19,12,7,10,4,6
55906704,89,42,47,0,0,0,3,2,1,41,20,21,45,20,25
55906706,1149,576,573,59,21,38,63,29,34,686,342,344,341,184,157
3023680,0,0,0,0,0,0,0,0,0,0,0,0,0,0,0
3363010,0,0,0,0,0,0,0,0,0,0,0,0,0,0,0
3363190,0,0,0,0,0,0,0,0,0,0,0,0,0,0,0
55907501,65,31,34,4,2,2,1,1,0,34,19,15,26,9,17
55907502,137,69,68,7,1,6,6,3,3,83,43,40,41,22,19
55907503,22,11,11,0,0,0,3,3,0,11,3,8,8,5,3
55907504,45,28,17,6,2,4,5,2,3,15,11,4,19,13,6
55907505,45,24,21,1,1,0,5,2,3,27,14,13,12,7,5
55907506,1453,714,739,88,42,46,77,34,43,830,416,414,458,222,236
55907507,1432,698,734,106,45,61,73,28,45,728,370,358,525,255,270
55907509,130,74,56,7,5,2,10,5,5,77,43,34,36,21,15
55907510,51,30,21,2,1,1,5,4,1,25,11,14,19,14,5
55908301,204,100,104,17,10,7,8,3,5,118,53,65,61,34,27
55908302,156,77,79,12,7,5,3,2,1,72,34,38,69,34,35
55909102,146,79,67,7,3,4,14,6,8,80,43,37,45,27,18
55909103,61,32,29,2,2,0,3,1,2,39,20,19,17,9,8
55909104,31,15,16,2,1,1,0,0,0,25,11,14,4,3,1
55909105,29,14,15,1,0,1,0,0,0,16,8,8,12,6,6
55910501,163,85,78,4,3,1,2,0,2,95,45,50,62,37,25
55910503,26,14,12,0,0,0,1,1,0,12,5,7,13,8,5
55910504,34,16,18,0,0,0,1,1,0,18,8,10,15,7,8
55912101,180,95,85,13,7,6,6,2,4,102,49,53,59,37,22
55914801,851,433,418,46,21,25,57,30,27,505,249,256,243,133,110
55916401,529,253,276,41,21,20,32,10,22,298,143,155,158,79,79
55916402,2257,1115,1142,135,68,67,107,51,56,1275,634,641,740,362,378
55917201,74,37,37,3,2,1,8,3,5,42,21,21,21,11,10
55917202,69,40,29,2,0,2,3,2,1,36,23,13,28,15,13
55917203,25,11,14,0,0,0,0,0,0,23,10,13,2,1,1
55917204,27,15,12,2,2,0,2,1,1,12,7,5,11,5,6
55917205,59,31,28,3,2,1,1,0,1,28,15,13,27,14,13
55917207,346,166,180,20,8,12,18,9,9,187,90,97,121,59,62
55917209,87,43,44,1,1,0,8,2,6,33,16,17,45,24,21
55917210,34,15,19,7,4,3,2,2,0,19,7,12,6,2,4
55917211,37,16,21,5,4,1,0,0,0,22,7,15,10,5,5
56642001,183,94,89,9,7,2,9,4,5,102,51,51,63,32,31
56642002,26,14,12,0,0,0,4,3,1,16,8,8,6,3,3
56646201,111,58,53,2,1,1,3,2,1,75,39,36,31,16,15
56644601,261,136,125,15,5,10,16,8,8,156,81,75,74,42,32
0915020,0,0,0,0,0,0,0,0,0,0,0,0,0,0,0
55920201,28,17,11,2,1,1,7,4,3,15,9,6,4,3,1
55920203,37,21,16,5,3,2,7,2,5,20,13,7,5,3,2
55920205,719,354,365,73,35,38,74,31,43,366,179,187,206,109,97
55920206,63,35,28,3,1,2,3,1,2,38,23,15,19,10,9
55920209,49,28,21,5,1,4,0,0,0,29,18,11,15,9,6
55920210,51,27,24,2,0,2,1,0,1,34,19,15,14,8,6
55920212,25,10,15,1,1,0,9,3,6,13,5,8,2,1,1
55920213,95,47,48,7,4,3,10,4,6,65,30,35,13,9,4
55920214,39,17,22,9,4,5,1,0,1,8,4,4,21,9,12
55921101,53,31,22,5,2,3,2,0,2,30,19,11,16,10,6
55921102,2085,1039,1046,114,50,64,142,74,68,1142,581,561,687,334,353
55923701,24,15,9,5,3,2,0,0,0,12,7,5,7,5,2
55923702,87,47,40,4,1,3,9,4,5,39,22,17,35,20,15
55923703,394,197,197,22,12,10,25,10,15,196,103,93,151,72,79
55923704,27,15,12,2,1,1,4,2,2,19,11,8,2,1,1
55923706,27,13,14,1,1,0,3,1,2,14,7,7,9,4,5
55924501,336,160,176,16,8,8,22,10,12,208,97,111,90,45,45
56654301,215,109,106,23,10,13,11,8,3,101,49,52,80,42,38
55925301,135,65,70,5,2,3,6,2,4,77,38,39,47,23,24
1020410,0,0,0,0,0,0,0,0,0,0,0,0,0,0,0
55926101,88,41,47,2,0,2,4,1,3,60,29,31,22,11,11
55926102,25,14,11,2,0,2,0,0,0,11,7,4,12,7,5
55926104,95,48,47,7,5,2,12,5,7,50,24,26,26,14,12
55926107,39,22,17,5,3,2,5,2,3,15,10,5,14,7,7
55926108,314,162,152,19,10,9,21,8,13,164,88,76,110,56,54
55926111,40,16,24,2,2,0,8,3,5,14,7,7,16,4,12
55927001,61,33,28,4,2,2,5,2,3,29,16,13,23,13,10
55927002,467,228,239,27,11,16,18,7,11,257,126,131,165,84,81
55928801,296,160,136,13,4,9,8,4,4,178,98,80,97,54,43
3089860,0,0,0,0,0,0,0,0,0,0,0,0,0,0,0
3312360,0,0,0,0,0,0,0,0,0,0,0,0,0,0,0
55930001,263,144,119,11,5,6,5,2,3,164,95,69,83,42,41
55930002,490,252,238,29,17,12,20,10,10,294,157,137,147,68,79
55930003,91,43,48,8,3,5,1,1,0,56,26,30,26,13,13
55930004,888,430,458,48,18,30,50,17,33,537,261,276,253,134,119
55930005,3055,1459,1596,133,49,84,125,52,73,1850,891,959,947,467,480
55930006,76,38,38,4,1,3,9,4,5,39,21,18,24,12,12
55930007,372,180,192,20,8,12,12,5,7,220,100,120,120,67,53
55930008,69,32,37,9,4,5,3,0,3,9,2,7,48,26,22
55930009,131,69,62,5,3,2,7,5,2,80,38,42,39,23,16
55930010,800,411,389,40,20,20,31,12,19,433,208,225,296,171,125
55930011,78,38,40,18,7,11,0,0,0,40,23,17,20,8,12
55930012,328,171,157,23,11,12,17,6,11,203,108,95,85,46,39
55931801,545,270,275,31,11,20,18,9,9,332,161,171,164,89,75
55932601,48,26,22,2,2,0,3,1,2,19,10,9,24,13,11
55932602,58,29,29,0,0,0,0,0,0,30,14,16,28,15,13
55932603,87,45,42,0,0,0,0,0,0,57,27,30,30,18,12
56678101,68,32,36,1,1,0,3,0,3,36,16,20,28,15,13
55933402,92,48,44,2,0,2,7,1,6,52,30,22,31,17,14
55933403,33,17,16,1,1,0,5,3,2,23,11,12,4,2,2
55933404,42,21,21,3,2,1,0,0,0,20,8,12,19,11,8
55933406,529,267,262,20,5,15,17,8,9,310,161,149,182,93,89
53033602,42,22,20,3,2,1,8,4,4,20,9,11,11,7,4
53033604,125,64,61,10,5,5,10,4,6,63,31,32,42,24,18
53033605,80,43,37,3,2,1,7,3,4,53,29,24,17,9,8
55935101,20,12,8,0,0,0,0,0,0,9,5,4,11,7,4
55935102,148,68,80,16,7,9,9,4,5,68,30,38,55,27,28
55935103,214,108,106,10,5,5,10,5,5,135,66,69,59,32,27
55935104,80,45,35,8,4,4,7,2,5,47,28,19,18,11,7
55935105,179,88,91,6,0,6,1,0,1,126,63,63,46,25,21
55935106,1891,935,956,126,55,71,97,38,59,1091,540,551,577,302,275
55935107,158,81,77,10,5,5,11,5,6,84,43,41,53,28,25
55936901,239,123,116,23,11,12,11,5,6,132,67,65,73,40,33
55936902,35,14,21,7,3,4,2,2,0,18,7,11,8,2,6
55937701,36,21,15,2,2,0,0,0,0,27,16,11,7,3,4
55937702,307,155,152,13,4,9,28,11,17,161,86,75,105,54,51
55937703,70,41,29,5,2,3,2,1,1,45,27,18,18,11,7
53024701,133,62,71,9,4,5,16,6,10,59,30,29,49,22,27
55939301,56,25,31,4,1,3,1,0,1,35,17,18,16,7,9
55939302,401,209,192,26,7,19,13,6,7,232,132,100,130,64,66
55939303,53,27,26,5,2,3,4,2,2,16,7,9,28,16,12
56708601,332,173,159,13,4,9,15,8,7,211,112,99,93,49,44
55942301,287,136,151,13,7,6,11,7,4,173,81,92,90,41,49
55943101,591,291,300,35,19,16,13,7,6,348,177,171,195,88,107
53027101,87,43,44,3,1,2,14,5,9,20,9,11,50,28,22
56674801,53,27,26,3,1,2,0,0,0,25,14,11,25,12,13
55360301,34,17,17,2,0,2,0,0,0,13,7,6,19,10,9
57879701,21,11,10,3,1,2,6,3,3,10,6,4,2,1,1
57879702,84,45,39,10,5,5,29,13,16,31,17,14,14,10,4
57898301,248,129,119,14,5,9,9,5,4,128,69,59,97,50,47
55948202,21,10,11,2,1,1,1,0,1,16,7,9,2,2,0
55948203,89,47,42,2,1,1,1,0,1,64,33,31,22,13,9
55949101,3295,1641,1654,170,74,96,143,71,72,1966,996,970,1016,500,516
55950401,986,487,499,44,20,24,25,12,13,605,302,303,312,153,159
55950402,27,16,11,5,3,2,0,0,0,10,7,3,12,6,6
55952101,231,111,120,8,2,6,17,8,9,155,75,80,51,26,25
55952102,3721,1855,1866,213,99,114,192,88,104,2203,1111,1092,1113,557,556
55952103,316,168,148,13,7,6,6,1,5,218,118,100,79,42,37
55952104,672,342,330,51,22,29,35,23,12,395,199,196,191,98,93
55952105,158,81,77,7,2,5,3,3,0,100,52,48,48,24,24
3356900,0,0,0,0,0,0,0,0,0,0,0,0,0,0,0
54641101,421,219,202,35,14,21,11,5,6,214,117,97,161,83,78
56659401,32,20,12,1,0,1,2,2,0,17,10,7,12,8,4
56659402,84,48,36,3,1,2,12,8,4,55,31,24,14,8,6
1742032,0,0,0,0,0,0,0,0,0,0,0,0,0,0,0
55955501,91,47,44,9,3,6,7,4,3,55,31,24,20,9,11
55955502,45,26,19,3,2,1,5,1,4,29,19,10,8,4,4
55955503,22,9,13,5,1,4,3,0,3,11,7,4,3,1,2
55955505,69,36,33,3,1,2,11,5,6,26,11,15,29,19,10
55955506,253,131,122,17,8,9,15,7,8,118,62,56,103,54,49
55956301,21,11,10,0,0,0,2,1,1,9,5,4,10,5,5
55956302,119,56,63,8,3,5,9,4,5,69,33,36,33,16,17
55956304,37,15,22,5,2,3,1,1,0,20,7,13,11,5,6
55956305,38,19,19,0,0,0,1,1,0,28,14,14,9,4,5
55956306,49,29,20,1,1,0,3,2,1,26,16,10,19,10,9
55956308,24,13,11,1,0,1,0,0,0,17,10,7,6,3,3
55956310,39,21,18,4,2,2,3,1,2,24,14,10,8,4,4
55956311,278,150,128,13,6,7,11,3,8,158,91,67,96,50,46
55957101,87,43,44,9,5,4,0,0,0,40,18,22,38,20,18
55957102,316,151,165,21,9,12,19,8,11,156,77,79,120,57,63
55957103,28,16,12,1,0,1,4,2,2,15,8,7,8,6,2
55958001,4479,2222,2257,310,133,177,239,107,132,2662,1320,1342,1268,662,606
57892402,80,44,36,9,5,4,0,0,0,40,26,14,31,13,18
55960101,1499,732,767,79,32,47,83,35,48,906,448,458,431,217,214
56649701,53,23,30,4,1,3,1,0,1,31,13,18,17,9,8
55962801,128,64,64,6,2,4,15,5,10,60,33,27,47,24,23
55962803,73,36,37,2,0,2,3,3,0,55,27,28,13,6,7
55962804,24,13,11,0,0,0,0,0,0,19,11,8,5,2,3
55962805,50,23,27,3,1,2,3,2,1,23,12,11,21,8,13
55962806,1286,633,653,84,36,48,74,40,34,766,381,385,362,176,186
55962807,54,31,23,6,3,3,0,0,0,37,23,14,11,5,6
56696901,352,189,163,13,5,8,33,15,18,213,116,97,93,53,40
56696902,82,36,46,5,2,3,18,7,11,49,24,25,10,3,7
53028001,181,89,92,13,8,5,5,2,3,100,49,51,63,30,33
53028002,24,10,14,2,1,1,0,0,0,12,4,8,10,5,5
57882701,61,32,29,4,3,1,2,2,0,35,14,21,20,13,7
57882702,29,13,16,0,0,0,1,1,0,18,10,8,10,2,8
57882703,43,24,19,3,2,1,1,1,0,23,13,10,16,8,8
55966101,104,52,52,5,2,3,4,2,2,72,35,37,23,13,10
55966102,148,80,68,7,1,6,2,0,2,85,45,40,54,34,20
55966103,2472,1278,1194,142,59,83,151,75,76,1463,755,708,716,389,327
1936232,0,0,0,0,0,0,0,0,0,0,0,0,0,0,0
55967901,1627,796,831,110,54,56,78,33,45,954,479,475,485,230,255
55967903,1824,908,916,113,52,61,109,49,60,1131,574,557,471,233,238
1968510,0,0,0,0,0,0,0,0,0,0,0,0,0,0,0
55969501,26,16,10,8,5,3,0,0,0,9,5,4,9,6,3
55969502,20,11,9,4,0,4,0,0,0,10,8,2,6,3,3
55969504,54,32,22,3,2,1,3,1,2,17,11,6,31,18,13
55969505,55,27,28,6,2,4,2,1,1,17,9,8,30,15,15
55969506,1049,522,527,65,24,41,53,18,35,548,270,278,383,210,173
55970901,208,105,103,17,9,8,0,0,0,116,56,60,75,40,35
55970902,262,141,121,13,7,6,10,5,5,162,89,73,77,40,37
54109501,144,72,72,8,4,4,11,5,6,89,47,42,36,16,20
55972501,571,301,270,20,11,9,28,15,13,310,162,148,213,113,100
55972502,558,257,301,28,12,16,42,17,25,312,144,168,176,84,92
55972503,27,15,12,2,1,1,5,4,1,18,9,9,2,1,1
55972504,239,120,119,9,4,5,16,6,10,141,75,66,73,35,38
55972505,25,11,14,2,1,1,1,0,1,17,8,9,5,2,3
55972506,425,213,212,29,17,12,28,13,15,225,116,109,143,67,76
55972507,274,141,133,17,7,10,4,3,1,176,93,83,77,38,39
55972508,166,88,78,4,2,2,9,7,2,112,57,55,41,22,19
55973301,372,188,184,14,6,8,21,10,11,237,120,117,100,52,48
55974101,72,38,34,1,0,1,5,2,3,43,23,20,23,13,10
55975001,353,184,169,19,10,9,11,6,5,225,121,104,98,47,51
55975002,194,96,98,19,9,10,14,8,6,112,54,58,49,25,24
55975003,96,50,46,3,1,2,10,4,6,57,30,27,26,15,11
55976801,151,81,70,3,1,2,1,1,0,114,63,51,33,16,17
54092701,23,13,10,2,2,0,1,0,1,17,10,7,3,1,2
3301160,0,0,0,0,0,0,0,0,0,0,0,0,0,0,0
55977602,1053,550,503,48,20,28,61,25,36,661,347,314,283,158,125
55977603,244,117,127,18,7,11,6,3,3,158,78,80,62,29,33
53037901,107,55,52,13,10,3,7,3,4,54,28,26,33,14,19
53037902,24,10,14,2,0,2,2,1,1,13,7,6,7,2,5
3359080,0,0,0,0,0,0,0,0,0,0,0,0,0,0,0
55979201,748,389,359,42,19,23,32,12,20,448,232,216,226,126,100
55980601,140,65,75,7,1,6,5,3,2,97,44,53,31,17,14
55980602,66,33,33,10,5,5,5,2,3,29,12,17,22,14,8
55980603,44,22,22,6,2,4,5,2,3,16,7,9,17,11,6
55980604,46,22,24,2,0,2,2,0,2,34,18,16,8,4,4
55981401,1456,734,722,99,47,52,89,48,41,893,448,445,375,191,184
3315890,0,0,0,0,0,0,0,0,0,0,0,0,0,0,0
3315970,0,0,0,0,0,0,0,0,0,0,0,0,0,0,0
55982201,767,367,400,50,20,30,29,16,13,493,238,255,195,93,102
55982202,1955,986,969,123,53,70,106,46,60,1063,533,530,663,354,309
54100101,31,15,16,1,0,1,7,3,4,6,3,3,17,9,8
55984901,27,14,13,3,2,1,1,0,1,15,8,7,8,4,4
55984902,190,96,94,11,2,9,10,4,6,118,62,56,51,28,23
55985701,713,363,350,26,8,18,8,4,4,474,248,226,205,103,102
54080301,53,25,28,8,2,6,8,4,4,28,15,13,9,4,5
54114101,71,38,33,1,0,1,2,1,1,49,27,22,19,10,9
57901701,70,36,34,3,1,2,0,0,0,45,24,21,22,11,11
57901702,21,9,12,0,0,0,0,0,0,16,7,9,5,2,3
56681101,66,36,30,3,2,1,0,0,0,34,15,19,29,19,10
54115001,746,383,363,45,15,30,41,18,23,460,242,218,200,108,92
54115002,112,56,56,11,6,5,10,5,5,63,27,36,28,18,10
55990301,69,35,34,1,1,0,2,0,2,34,18,16,32,16,16
55990302,543,280,263,24,11,13,34,11,23,345,179,166,140,79,61
55990303,47,25,22,1,1,0,5,2,3,25,14,11,16,8,8
55990304,49,25,24,2,1,1,4,3,1,29,13,16,14,8,6
53036101,56,27,29,3,0,3,0,0,0,46,23,23,7,4,3
55991101,473,233,240,25,15,10,17,8,9,337,165,172,94,45,49
55992002,113,63,50,5,3,2,12,6,6,53,28,25,43,26,17
55992003,34,22,12,1,1,0,4,3,1,11,6,5,18,12,6
57903301,239,119,120,11,5,6,16,7,9,118,59,59,94,48,46
56700101,320,161,159,25,11,14,17,8,9,168,83,85,110,59,51
55994602,60,33,27,1,0,1,2,1,1,25,16,9,32,16,16
55995401,256,124,132,14,6,8,11,4,7,84,46,38,147,68,79
55995402,31,16,15,2,1,1,1,1,0,17,10,7,11,4,7
55996201,163,83,80,11,4,7,11,7,4,103,56,47,38,16,22
55996202,29,14,15,1,0,1,0,0,0,23,11,12,5,3,2
55361101,538,277,261,38,19,19,34,15,19,308,159,149,158,84,74
57900901,261,133,128,15,4,11,19,8,11,158,77,81,69,44,25
57908401,72,35,37,4,2,2,1,0,1,42,22,20,25,11,14
3301240,0,0,0,0,0,0,0,0,0,0,0,0,0,0,0
55999701,1809,870,939,89,40,49,140,56,84,943,487,456,637,287,350
55999702,510,252,258,39,19,20,19,9,10,291,144,147,161,80,81
55999703,45,27,18,4,2,2,1,1,0,25,16,9,15,8,7
55999704,69,32,37,3,1,2,5,3,2,34,17,17,27,11,16
56000601,239,121,118,8,4,4,13,7,6,143,73,70,75,37,38
56000602,41,16,25,2,1,1,2,1,1,24,10,14,13,4,9
56000603,37,20,17,0,0,0,0,0,0,13,8,5,24,12,12
56001401,120,64,56,6,3,3,5,1,4,73,39,34,36,21,15
56001402,1416,728,688,58,28,30,90,42,48,814,415,399,454,243,211
56683701,120,55,65,6,3,3,6,3,3,76,35,41,32,14,18
56683702,51,30,21,5,2,3,4,3,1,33,18,15,9,7,2
54119201,174,84,90,7,4,3,11,4,7,111,52,59,45,24,21
56005701,1274,639,635,85,40,45,67,39,28,752,360,392,370,200,170
56005702,69,34,35,4,1,3,0,0,0,56,29,27,9,4,5
56005703,84,38,46,4,0,4,3,2,1,54,27,27,23,9,14
56699301,47,21,26,4,1,3,0,0,0,29,17,12,14,3,11
56699302,30,14,16,2,1,1,2,1,1,19,8,11,7,4,3
56699303,33,15,18,1,1,0,3,1,2,20,10,10,9,3,6
56686101,120,62,58,8,4,4,4,2,2,54,29,25,54,27,27
56008101,256,123,133,16,6,10,9,5,4,138,68,70,93,44,49
57913101,407,207,200,11,5,6,32,13,19,208,115,93,156,74,82
56011101,209,109,100,13,4,9,5,2,3,116,63,53,75,40,35
56012001,1720,871,849,102,39,63,68,30,38,967,508,459,583,294,289
56012002,28,14,14,1,0,1,1,1,0,22,11,11,4,2,2
56694201,243,123,120,17,9,8,14,6,8,144,72,72,68,36,32
1407670,0,0,0,0,0,0,0,0,0,0,0,0,0,0,0
1407752,0,0,0,0,0,0,0,0,0,0,0,0,0,0,0
1408300,0,0,0,0,0,0,0,0,0,0,0,0,0,0,0
3358190,0,0,0,0,0,0,0,0,0,0,0,0,0,0,0
55971701,48,30,18,2,1,1,0,0,0,30,19,11,16,10,6
55971702,1659,812,847,119,64,55,111,49,62,930,450,480,499,249,250
55971703,119,58,61,10,5,5,1,0,1,83,43,40,25,10,15
55971704,476,230,246,33,16,17,42,20,22,265,130,135,136,64,72
55971705,22,11,11,1,1,0,0,0,0,14,7,7,7,3,4
55971706,989,477,512,67,29,38,68,31,37,569,271,298,285,146,139
55971708,46,24,22,0,0,0,2,0,2,21,12,9,23,12,11
55971709,447,220,227,18,7,11,21,9,12,293,153,140,115,51,64
55971710,381,191,190,34,18,16,30,14,16,180,97,83,137,62,75
55971712,220,109,111,13,6,7,36,16,20,97,50,47,74,37,37
55971713,87,39,48,1,0,1,0,0,0,68,30,38,18,9,9
55971714,2374,1145,1229,199,92,107,152,73,79,1312,645,667,711,335,376
55971715,117,65,52,0,0,0,15,7,8,64,37,27,38,21,17
55971716,427,213,214,24,7,17,20,10,10,251,130,121,132,66,66
55971717,480,222,258,32,12,20,32,14,18,257,121,136,159,75,84
55971718,1070,509,561,54,27,27,86,27,59,630,302,328,300,153,147
55971720,155,82,73,21,10,11,15,10,5,89,45,44,30,17,13
55971721,449,205,244,40,22,18,45,16,29,245,110,135,119,57,62
55971724,1161,574,587,85,40,45,108,48,60,632,303,329,336,183,153
55971725,1041,496,545,62,29,33,75,33,42,627,304,323,277,130,147
55971726,425,236,189,58,31,27,62,33,29,139,76,63,166,96,70
55971727,1565,801,764,121,60,61,121,53,68,746,357,389,577,331,246
56014601,23,14,9,2,1,1,3,2,1,12,7,5,6,4,2
56014602,51,27,24,3,1,2,2,1,1,31,18,13,15,7,8
54648801,149,75,74,6,3,3,4,3,1,114,55,59,25,14,11
56684501,200,109,91,7,4,3,4,0,4,139,76,63,50,29,21
50666401,254,131,123,14,6,8,4,2,2,129,63,66,107,60,47
54072201,343,163,180,16,5,11,28,15,13,208,99,109,91,44,47
3301080,0,0,0,0,0,0,0,0,0,0,0,0,0,0,0
56016201,2440,1202,1238,159,79,80,152,75,77,1471,714,757,658,334,324
54117601,453,229,224,22,12,10,20,8,12,275,139,136,136,70,66
3301320,0,0,0,0,0,0,0,0,0,0,0,0,0,0,0
57934301,44,25,19,5,1,4,2,1,1,15,11,4,22,12,10
3300940,0,0,0,0,0,0,0,0,0,0,0,0,0,0,0
56018901,34,17,17,2,1,1,1,1,0,26,11,15,5,4,1
56018902,261,124,137,7,3,4,27,14,13,119,57,62,108,50,58
56680201,35,18,17,2,0,2,3,1,2,27,16,11,3,1,2
56680202,164,79,85,10,4,6,6,3,3,93,46,47,55,26,29
54652601,329,164,165,12,7,5,7,3,4,204,101,103,106,53,53
3301590,0,0,0,0,0,0,0,0,0,0,0,0,0,0,0
57924601,100,46,54,5,1,4,4,1,3,68,30,38,23,14,9
54653401,234,111,123,9,3,6,9,3,6,147,73,74,69,32,37
54655101,201,103,98,11,4,7,17,9,8,124,67,57,49,23,26
54655102,36,22,14,2,2,0,1,1,0,16,9,7,17,10,7
56022701,73,35,38,3,0,3,2,0,2,37,16,21,31,19,12
56022702,169,82,87,2,0,2,6,0,6,110,56,54,51,26,25
56023501,288,160,128,17,10,7,6,3,3,169,95,74,96,52,44
57928901,66,28,38,1,0,1,2,1,1,34,15,19,29,12,17
56025101,1253,638,615,64,36,28,52,23,29,744,361,383,393,218,175
56679901,283,144,139,14,7,7,11,4,7,180,94,86,78,39,39
56026002,32,18,14,0,0,0,4,2,2,11,6,5,17,10,7
56026003,29,15,14,3,1,2,4,2,2,15,7,8,7,5,2
56026004,43,22,21,3,1,2,4,1,3,22,12,10,14,8,6
56026005,1979,988,991,117,49,68,113,54,59,1135,572,563,614,313,301
56026006,159,77,82,17,6,11,9,5,4,110,55,55,23,11,12
56026007,149,72,77,12,4,8,12,9,3,71,37,34,54,22,32
56026008,29,16,13,0,0,0,0,0,0,17,10,7,12,6,6
54106101,184,59,125,13,5,8,1,0,1,136,36,100,34,18,16
54106102,20,9,11,4,2,2,0,0,0,10,4,6,6,3,3
56072301,142,67,75,1,1,0,9,3,6,65,32,33,67,31,36
56072302,60,32,28,5,3,2,9,5,4,32,18,14,14,6,8
0037270,0,0,0,0,0,0,0,0,0,0,0,0,0,0,0
56074001,770,377,393,41,18,23,36,15,21,463,220,243,230,124,106
56074003,51,28,23,1,0,1,4,3,1,29,14,15,17,11,6
56074006,49,27,22,4,3,1,5,4,1,18,10,8,22,10,12
1159672,0,0,0,0,0,0,0,0,0,0,0,0,0,0,0
56075801,50,26,24,5,3,2,0,0,0,20,11,9,25,12,13
56075802,2572,1262,1310,200,89,111,159,66,93,1368,677,691,845,430,415
56075803,86,48,38,9,5,4,9,4,5,40,26,14,28,13,15
56075804,67,36,31,0,0,0,3,2,1,27,13,14,37,21,16
56075805,69,37,32,14,7,7,8,5,3,41,22,19,6,3,3
56075806,36,17,19,3,1,2,4,3,1,24,10,14,5,3,2
56075807,38,20,18,1,1,0,2,0,2,18,10,8,17,9,8
56075809,39,20,19,1,0,1,0,0,0,23,12,11,15,8,7
56075810,89,46,43,7,2,5,2,2,0,52,27,25,28,15,13
56075812,187,93,94,30,11,19,8,6,2,93,46,47,56,30,26
56075814,151,73,78,6,2,4,8,3,5,93,48,45,44,20,24
56075815,104,46,58,10,5,5,0,0,0,24,9,15,70,32,38
56075816,45,22,23,2,0,2,2,1,1,26,12,14,15,9,6
56075818,37,19,18,6,2,4,3,0,3,19,12,7,9,5,4
56075819,37,21,16,4,2,2,1,1,0,18,12,6,14,6,8
56075820,204,138,66,52,34,18,28,20,8,40,32,8,84,52,32
56075821,167,81,86,10,5,5,5,2,3,86,42,44,66,32,34
56075822,32,19,13,1,0,1,1,1,0,17,11,6,13,7,6
56075823,291,161,130,17,9,8,29,15,14,117,69,48,128,68,60
54160501,225,117,108,10,4,6,7,4,3,137,72,65,71,37,34
54140101,149,76,73,17,7,10,11,6,5,72,38,34,49,25,24
56078202,227,117,110,10,5,5,8,4,4,127,63,64,82,45,37
57945902,294,145,149,15,7,8,13,7,6,179,88,91,87,43,44
56080401,215,115,100,10,3,7,15,10,5,123,68,55,67,34,33
56080402,57,31,26,0,0,0,14,4,10,30,16,14,13,11,2
56080403,59,30,29,12,5,7,2,2,0,29,15,14,16,8,8
0204350,0,0,0,0,0,0,0,0,0,0,0,0,0,0,0
56081201,897,452,445,60,23,37,50,24,26,482,244,238,305,161,144
56081202,45,20,25,1,0,1,0,0,0,15,9,6,29,11,18
56081205,34,16,18,1,1,0,0,0,0,20,9,11,13,6,7
56081206,23,11,12,1,1,0,2,1,1,10,4,6,10,5,5
56081207,41,20,21,0,0,0,4,2,2,28,13,15,9,5,4
56081209,91,49,42,4,2,2,11,6,5,55,29,26,21,12,9
56083901,385,199,186,20,8,12,9,5,4,198,103,95,158,83,75
56085501,33,20,13,4,2,2,3,1,2,18,11,7,8,6,2
56085503,250,137,113,12,5,7,4,2,2,115,66,49,119,64,55
56085505,51,27,24,1,0,1,1,0,1,33,19,14,16,8,8
1983910,0,0,0,0,0,0,0,0,0,0,0,0,0,0,0
56086301,61,31,30,5,4,1,9,4,5,25,13,12,22,10,12
56086302,734,373,361,33,14,19,43,16,27,407,203,204,251,140,111
56086303,30,16,14,2,1,1,1,0,1,9,5,4,18,10,8
56086304,107,56,51,6,5,1,5,3,2,55,27,28,41,21,20
54129001,76,41,35,5,3,2,3,1,2,38,18,20,30,19,11
54129002,27,14,13,5,3,2,1,0,1,15,8,7,6,3,3
54129004,92,48,44,3,1,2,0,0,0,60,33,27,29,14,15
54129005,51,26,25,2,2,0,0,0,0,38,19,19,11,5,6
56089801,328,174,154,22,8,14,38,17,21,121,71,50,147,78,69
56089803,96,54,42,10,4,6,17,9,8,34,21,13,35,20,15
0940210,0,0,0,0,0,0,0,0,0,0,0,0,0,0,0
56090101,55,33,22,4,3,1,5,3,2,21,13,8,25,14,11
56090103,1546,794,752,109,55,54,83,30,53,866,457,409,488,252,236
56090105,44,24,20,1,0,1,1,0,1,21,11,10,21,13,8
56090107,79,48,31,4,2,2,11,8,3,34,19,15,30,19,11
56090109,81,43,38,13,5,8,11,7,4,28,16,12,29,15,14
56091001,57,25,32,0,0,0,5,3,2,26,13,13,26,9,17
56091002,38,20,18,3,2,1,1,1,0,24,13,11,10,4,6
56091003,69,36,33,3,1,2,0,0,0,50,26,24,16,9,7
56091004,383,196,187,32,12,20,21,10,11,225,116,109,105,58,47
56091005,36,16,20,12,4,8,2,1,1,19,9,10,3,2,1
56091006,36,17,19,2,0,2,2,1,1,23,11,12,9,5,4
56091007,144,70,74,7,2,5,2,2,0,78,38,40,57,28,29
56092801,67,39,28,8,4,4,6,3,3,34,19,15,19,13,6
56092802,30,17,13,1,0,1,0,0,0,19,11,8,10,6,4
56092803,1279,653,626,79,34,45,79,32,47,719,373,346,402,214,188
56092804,48,26,22,2,0,2,1,0,1,30,18,12,15,8,7
56092805,45,26,19,0,0,0,1,0,1,37,23,14,7,3,4
56092806,41,20,21,5,3,2,2,1,1,24,10,14,10,6,4
56092807,47,20,27,7,3,4,0,0,0,30,11,19,10,6,4
54155901,38,18,20,0,0,0,0,0,0,28,13,15,10,5,5
54155902,185,94,91,3,1,2,14,9,5,98,48,50,70,36,34
0679462,0,0,0,0,0,0,0,0,0,0,0,0,0,0,0
54149402,213,111,102,20,11,9,10,5,5,90,44,46,93,51,42
54149403,36,18,18,0,0,0,0,0,0,22,12,10,14,6,8
3199020,0,0,0,0,0,0,0,0,0,0,0,0,0,0,0
56095201,35,19,16,1,0,1,3,1,2,14,8,6,17,10,7
56095203,22,9,13,3,1,2,0,0,0,15,7,8,4,1,3
56095204,602,297,305,51,20,31,65,25,40,306,158,148,180,94,86
56095205,39,15,24,0,0,0,0,0,0,18,6,12,21,9,12
56095206,158,82,76,13,4,9,4,3,1,92,49,43,49,26,23
56095207,39,19,20,3,1,2,7,3,4,20,12,8,9,3,6
50391601,337,174,163,23,7,16,5,3,2,174,90,84,135,74,61
50391603,101,51,50,2,2,0,2,0,2,53,28,25,44,21,23
50391605,139,68,71,7,3,4,3,0,3,90,45,45,39,20,19
50391607,28,17,11,1,1,0,0,0,0,8,6,2,19,10,9
56097901,24,17,7,1,1,0,0,0,0,13,10,3,10,6,4
56097902,196,94,102,4,1,3,0,0,0,111,51,60,81,42,39
0800470,0,0,0,0,0,0,0,0,0,0,0,0,0,0,0
0800551,0,0,0,0,0,0,0,0,0,0,0,0,0,0,0
0800552,0,0,0,0,0,0,0,0,0,0,0,0,0,0,0
0801010,0,0,0,0,0,0,0,0,0,0,0,0,0,0,0
0801100,0,0,0,0,0,0,0,0,0,0,0,0,0,0,0
56100201,404,201,203,31,12,19,71,30,41,157,83,74,145,76,69
56100202,52,29,23,5,1,4,7,2,5,36,24,12,4,2,2
56101101,37,18,19,4,2,2,2,1,1,19,7,12,12,8,4
56101102,22,12,10,6,1,5,3,2,1,10,7,3,3,2,1
56101104,262,130,132,22,10,12,27,11,16,98,52,46,115,57,58
56101105,22,9,13,3,2,1,2,0,2,11,4,7,6,3,3
56101107,44,21,23,2,0,2,2,1,1,34,17,17,6,3,3
54170201,477,232,245,25,9,16,14,6,8,312,150,162,126,67,59
0883150,0,0,0,0,0,0,0,0,0,0,0,0,0,0,0
54153201,206,120,86,15,9,6,23,8,15,100,60,40,68,43,25
54153202,44,20,24,5,1,4,0,0,0,36,18,18,3,1,2
0883580,0,0,0,0,0,0,0,0,0,0,0,0,0,0,0
54144301,158,81,77,11,4,7,15,7,8,80,38,42,52,32,20
56688801,27,16,11,4,3,1,7,4,3,6,3,3,10,6,4
56688802,48,24,24,2,1,1,8,4,4,12,8,4,26,11,15
1164081,0,0,0,0,0,0,0,0,0,0,0,0,0,0,0
54168103,145,76,69,16,5,11,14,6,8,60,34,26,55,31,24
1185320,0,0,0,0,0,0,0,0,0,0,0,0,0,0,0
3361310,0,0,0,0,0,0,0,0,0,0,0,0,0,0,0
3361570,0,0,0,0,0,0,0,0,0,0,0,0,0,0,0
3361650,0,0,0,0,0,0,0,0,0,0,0,0,0,0,0
56113401,33,17,16,4,2,2,4,2,2,14,7,7,11,6,5
56113402,35,20,15,6,5,1,2,1,1,15,8,7,12,6,6
56113403,33,13,20,2,1,1,2,1,1,19,8,11,10,3,7
56113404,40,23,17,8,3,5,2,1,1,9,8,1,21,11,10
56113405,64,30,34,11,6,5,1,1,0,38,18,20,14,5,9
56113407,4785,2337,2448,352,150,202,273,123,150,2679,1317,1362,1481,747,734
56113408,84,42,42,4,4,0,8,3,5,48,21,27,24,14,10
56113409,49,28,21,3,2,1,4,1,3,21,11,10,21,14,7
56113410,24,11,13,2,0,2,0,0,0,20,11,9,2,0,2
56113411,26,12,14,3,2,1,6,3,3,9,4,5,8,3,5
56113412,70,35,35,0,0,0,3,1,2,28,17,11,39,17,22
56113414,22,12,10,0,0,0,0,0,0,10,6,4,12,6,6
56113415,27,15,12,7,4,3,5,4,1,11,6,5,4,1,3
54148601,105,59,46,7,3,4,3,1,2,54,30,24,41,25,16
54148602,49,28,21,5,2,3,1,1,0,23,12,11,20,13,7
56115102,816,416,400,77,34,43,28,12,16,391,210,181,320,160,160
56115103,36,21,15,2,1,1,5,2,3,16,10,6,13,8,5
56115104,102,58,44,3,2,1,2,1,1,40,23,17,57,32,25
56115105,32,15,17,4,1,3,1,0,1,19,10,9,8,4,4
56115106,115,65,50,9,6,3,7,3,4,80,45,35,19,11,8
56115107,53,28,25,3,0,3,1,1,0,29,17,12,20,10,10
56115108,32,15,17,0,0,0,0,0,0,22,10,12,10,5,5
56115109,218,111,107,13,5,8,5,3,2,80,44,36,120,59,61
1426540,0,0,0,0,0,0,0,0,0,0,0,0,0,0,0
56116902,53,22,31,5,1,4,9,3,6,26,13,13,13,5,8
56116903,52,24,28,4,2,2,8,2,6,29,14,15,11,6,5
56116907,625,301,324,57,27,30,53,20,33,313,163,150,202,91,111
57946702,61,30,31,2,1,1,2,1,1,30,12,18,27,16,11
57946703,56,26,30,3,2,1,0,0,0,24,10,14,29,14,15
0788410,0,0,0,0,0,0,0,0,0,0,0,0,0,0,0
56118501,98,59,39,6,2,4,18,9,9,48,30,18,26,18,8
56118502,42,24,18,9,5,4,0,0,0,15,9,6,18,10,8
56118503,129,66,63,17,7,10,9,6,3,72,36,36,31,17,14
56118504,745,377,368,46,17,29,58,31,27,308,162,146,333,167,166
56118505,176,93,83,19,7,12,15,6,9,77,47,30,65,33,32
56119301,62,35,27,9,5,4,4,3,1,36,23,13,13,4,9
56119302,62,26,36,4,2,2,2,0,2,40,17,23,16,7,9
56119303,126,66,60,9,6,3,5,1,4,77,36,41,35,23,12
3361810,0,0,0,0,0,0,0,0,0,0,0,0,0,0,0
56120701,90,48,42,4,1,3,5,2,3,53,29,24,28,16,12
56120702,42,24,18,5,3,2,2,1,1,21,11,10,14,9,5
56120704,37,21,16,4,1,3,0,0,0,28,17,11,5,3,2
56120705,57,30,27,7,3,4,3,2,1,31,16,15,16,9,7
56120706,41,20,21,3,1,2,4,2,2,17,11,6,17,6,11
56120707,29,14,15,1,0,1,5,2,3,13,8,5,10,4,6
56120708,42,20,22,5,1,4,4,2,2,20,11,9,13,6,7
56120709,49,22,27,2,2,0,3,2,1,31,13,18,13,5,8
56120710,791,402,389,58,29,29,43,23,20,433,215,218,257,135,122
56120711,25,14,11,2,2,0,2,1,1,8,4,4,13,7,6
3024810,0,0,0,0,0,0,0,0,0,0,0,0,0,0,0
56121501,80,41,39,10,5,5,2,1,1,34,19,15,34,16,18
56121502,89,47,42,9,6,3,1,0,1,40,19,21,39,22,17
56121503,30,17,13,3,1,2,0,0,0,22,14,8,5,2,3
56121504,37,22,15,7,5,2,1,0,1,19,11,8,10,6,4
56121505,136,72,64,7,1,6,15,6,9,64,39,25,50,26,24
56121508,1331,612,719,99,40,59,91,32,59,717,345,372,424,195,229
56121510,735,368,367,66,27,39,49,25,24,404,208,196,216,108,108
56121511,1381,703,678,96,46,50,83,40,43,756,390,366,446,227,219
56121512,1120,593,527,89,52,37,89,43,46,556,297,259,386,201,185
56121514,641,324,317,46,24,22,49,19,30,402,210,192,144,71,73
56121515,1006,490,516,71,28,43,40,21,19,596,292,304,299,149,150
56121518,933,438,495,56,31,25,74,26,48,524,252,272,279,129,150
56122301,504,263,241,31,16,15,25,15,10,312,155,157,136,77,59
56123101,214,109,105,11,5,6,16,10,6,125,60,65,62,34,28
56125803,56,29,27,3,2,1,2,1,1,27,16,11,24,10,14
56125804,382,184,198,23,7,16,33,16,17,171,86,85,155,75,80
55708101,254,124,130,9,5,4,8,6,2,136,65,71,101,48,53
56071501,73,39,34,8,2,6,1,1,0,46,26,20,18,10,8
56071502,48,25,23,2,0,2,2,2,0,30,18,12,14,5,9
56071504,161,86,75,19,6,13,13,6,7,65,37,28,64,37,27
56071506,76,44,32,6,3,3,3,3,0,42,22,20,25,16,9
56071507,171,91,80,9,4,5,7,4,3,101,51,50,54,32,22
56071509,58,27,31,5,3,2,5,2,3,41,19,22,7,3,4
56071510,35,22,13,2,2,0,2,0,2,13,8,5,18,12,6
56071511,2789,1284,1505,243,109,134,204,93,111,1408,657,751,934,425,509
56071512,690,349,341,46,19,27,45,18,27,402,210,192,197,102,95
56071513,1136,564,572,89,41,48,101,58,43,620,314,306,326,151,175
56071514,996,559,437,99,51,48,52,25,27,388,217,171,457,266,191
56071517,1376,665,711,147,63,84,84,40,44,748,358,390,397,204,193
56071519,2664,1250,1414,214,83,131,140,57,83,1441,687,754,869,423,446
56071520,882,450,432,73,37,36,66,29,37,515,268,247,228,116,112
56071521,264,122,142,19,6,13,16,6,10,144,72,72,85,38,47
56071522,449,222,227,41,19,22,35,16,19,278,138,140,95,49,46
56071523,380,200,180,22,14,8,46,21,25,187,108,79,125,57,68
56071524,262,123,139,19,5,14,14,5,9,151,73,78,78,40,38
54162101,44,22,22,5,4,1,5,1,4,16,8,8,18,9,9
54162102,62,32,30,2,0,2,2,0,2,31,18,13,27,14,13
54162103,242,125,117,12,7,5,12,3,9,124,65,59,94,50,44
54162104,71,36,35,6,3,3,1,1,0,31,15,16,33,17,16
54162105,22,13,9,2,2,0,0,0,0,14,8,6,6,3,3
56129101,38,17,21,0,0,0,5,4,1,18,6,12,15,7,8
56129102,194,102,92,15,6,9,5,2,3,100,52,48,74,42,32
56130401,42,27,15,3,2,1,2,1,1,27,17,10,10,7,3
56130402,80,46,34,1,0,1,1,1,0,58,31,27,20,14,6
56130403,28,13,15,1,1,0,1,1,0,11,5,6,15,6,9
56130404,38,20,18,3,2,1,2,1,1,24,12,12,9,5,4
56130405,167,85,82,6,2,4,4,1,3,120,58,62,37,24,13
54143501,138,70,68,3,0,3,12,3,9,68,34,34,55,33,22
57949101,69,36,33,1,0,1,4,2,2,41,20,21,23,14,9
57949102,122,62,60,4,2,2,7,3,4,70,38,32,41,19,22
54136201,48,28,20,4,2,2,0,0,0,32,20,12,12,6,6
54136202,173,86,87,28,14,14,17,8,9,66,31,35,62,33,29
54166401,398,198,200,30,9,21,20,9,11,206,104,102,142,76,66
54146001,141,70,71,6,4,2,6,3,3,70,33,37,59,30,29
0004850,0,0,0,0,0,0,0,0,0,0,0,0,0,0,0
55449901,83,43,40,7,5,2,8,3,5,43,20,23,25,15,10
55449902,123,64,59,4,2,2,12,5,7,68,39,29,39,18,21
55449903,527,284,243,50,24,26,26,14,12,316,177,139,135,69,66
55449904,27,16,11,1,1,0,1,1,0,18,10,8,7,4,3
55449905,32,14,18,0,0,0,0,0,0,23,9,14,9,5,4
55449906,58,27,31,5,3,2,6,3,3,29,11,18,18,10,8
55449907,71,35,36,2,2,0,1,0,1,43,22,21,25,11,14
55449908,155,83,72,24,11,13,12,5,7,63,36,27,56,31,25
55449909,2766,1371,1395,239,101,138,233,103,130,1541,780,761,753,387,366
55449911,4298,2066,2232,293,131,162,317,137,180,2222,1085,1137,1466,713,753
55449912,599,292,307,39,23,16,36,18,18,257,116,141,267,135,132
55449913,261,127,134,11,3,8,12,5,7,127,59,68,111,60,51
55449914,1106,548,558,82,37,45,76,39,37,579,275,304,369,197,172
55449915,1121,560,561,67,34,33,63,27,36,563,281,282,428,218,210
55449916,637,320,317,41,15,26,35,18,17,351,187,164,210,100,110
55449917,36,18,18,4,2,2,5,2,3,24,12,12,3,2,1
55449918,357,181,176,30,14,16,9,4,5,203,107,96,115,56,59
0304222,0,0,0,0,0,0,0,0,0,0,0,0,0,0,0
55450201,802,410,392,57,22,35,50,21,29,422,225,197,273,142,131
55450203,87,42,45,7,2,5,6,5,1,48,21,27,26,14,12
55450204,61,33,28,3,2,1,4,2,2,37,21,16,17,8,9
55450205,40,22,18,0,0,0,0,0,0,15,7,8,25,15,10
55450206,76,37,39,4,3,1,12,5,7,40,20,20,20,9,11
55450207,66,28,38,5,1,4,4,1,3,37,18,19,20,8,12
55451101,987,496,491,57,28,29,57,23,34,590,294,296,283,151,132
0346494,0,0,0,0,0,0,0,0,0,0,0,0,0,0,0
0346495,0,0,0,0,0,0,0,0,0,0,0,0,0,0,0
0346812,0,0,0,0,0,0,0,0,0,0,0,0,0,0,0
55452901,2986,1413,1573,259,109,150,262,96,166,1504,745,759,961,463,498
55452902,890,431,459,72,27,45,101,37,64,446,228,218,271,139,132
55452904,47,20,27,5,1,4,1,0,1,29,12,17,12,7,5
55452905,416,211,205,37,21,16,34,13,21,212,110,102,133,67,66
55452906,47,21,26,1,1,0,4,2,2,39,15,24,3,3,0
55452907,308,154,154,20,9,11,17,7,10,158,87,71,113,51,62
55452908,44,20,24,1,1,0,1,0,1,22,10,12,20,9,11
55452910,59,25,34,4,1,3,5,3,2,35,15,20,15,6,9
55452911,235,116,119,18,7,11,19,7,12,140,74,66,58,28,30
55454501,155,80,75,15,6,9,8,3,5,95,50,45,37,21,16
55454502,1118,576,542,72,31,41,107,48,59,554,287,267,385,210,175
55454504,24,12,12,1,0,1,1,0,1,12,8,4,10,4,6
55454505,34,16,18,1,1,0,2,0,2,21,9,12,10,6,4
55454506,24,14,10,1,1,0,0,0,0,13,5,8,10,8,2
55454507,25,11,14,3,1,2,1,0,1,16,8,8,5,2,3
55454508,34,19,15,1,0,1,5,2,3,20,14,6,8,3,5
55454509,78,35,43,3,0,3,6,2,4,50,21,29,19,12,7
55455301,73,39,34,13,5,8,0,0,0,35,20,15,25,14,11
55455302,97,42,55,7,3,4,13,4,9,44,22,22,33,13,20
55455303,1473,726,747,73,31,42,73,31,42,808,401,407,519,263,256
55455305,24,14,10,4,1,3,0,0,0,14,8,6,6,5,1
55455307,73,40,33,12,4,8,7,3,4,39,22,17,15,11,4
55455308,201,101,100,11,4,7,10,7,3,108,54,54,72,36,36
55455309,57,31,26,4,1,3,3,2,1,29,16,13,21,12,9
0510802,0,0,0,0,0,0,0,0,0,0,0,0,0,0,0
0510980,0,0,0,0,0,0,0,0,0,0,0,0,0,0,0
3018680,0,0,0,0,0,0,0,0,0,0,0,0,0,0,0
3018840,0,0,0,0,0,0,0,0,0,0,0,0,0,0,0
3364410,0,0,0,0,0,0,0,0,0,0,0,0,0,0,0
55448101,25,13,12,0,0,0,0,0,0,21,12,9,4,1,3
55448102,70,37,33,4,1,3,4,4,0,37,19,18,25,13,12
55448103,52,31,21,3,2,1,1,1,0,23,12,11,25,16,9
55448104,111,57,54,3,2,1,0,0,0,57,24,33,51,31,20
55448105,919,457,462,58,28,30,81,35,46,568,286,282,212,108,104
55448106,47,23,24,0,0,0,2,0,2,27,12,15,18,11,7
55448107,104,53,51,13,8,5,7,5,2,62,30,32,22,10,12
55448108,142,75,67,8,3,5,4,2,2,89,45,44,41,25,16
55448109,41,26,15,3,1,2,1,1,0,17,11,6,20,13,7
55448110,144,73,71,16,10,6,10,5,5,101,49,52,17,9,8
55448111,84,43,41,6,2,4,1,1,0,57,30,27,20,10,10
55448112,172,78,94,13,7,6,8,3,5,80,37,43,71,31,40
55448113,49,28,21,5,3,2,4,1,3,29,17,12,11,7,4
55448114,57,26,31,1,0,1,1,0,1,34,16,18,21,10,11
55448115,24,15,9,1,1,0,0,0,0,12,8,4,11,6,5
55448116,26,16,10,2,1,1,0,0,0,18,12,6,6,3,3
55448117,553,287,266,44,15,29,41,19,22,364,200,164,104,53,51
55448118,112,64,48,10,6,4,7,5,2,58,32,26,37,21,16
55448119,28,12,16,0,0,0,4,2,2,20,8,12,4,2,2
55448120,23,11,12,2,1,1,1,1,0,17,8,9,3,1,2
55448121,209,110,99,18,9,9,9,4,5,138,75,63,44,22,22
55448123,86,44,42,4,2,2,2,0,2,61,32,29,19,10,9
55448124,109,58,51,9,4,5,4,2,2,53,31,22,43,21,22
55448125,206,102,104,15,3,12,11,7,4,122,57,65,58,35,23
55448126,366,206,160,31,16,15,36,32,4,150,79,71,149,79,70
55448127,72,39,33,3,2,1,3,0,3,45,26,19,21,11,10
55448128,114,58,56,7,3,4,6,4,2,50,23,27,51,28,23
55448129,2186,1013,1173,162,61,101,168,60,108,1193,570,623,663,322,341
55448130,1906,897,1009,111,52,59,155,64,91,880,432,448,760,349,411
55448131,1824,896,928,122,61,61,119,59,60,949,460,489,634,316,318
55448132,2476,1183,1293,176,71,105,139,58,81,1408,681,727,753,373,380
55448133,2310,1248,1062,140,62,78,146,69,77,1087,562,525,937,555,382
55448134,1866,913,953,159,69,90,131,61,70,990,475,515,586,308,278
55448136,3843,1784,2059,247,91,156,294,129,165,2118,1017,1101,1184,547,637
55448138,29,14,15,3,2,1,0,0,0,15,7,8,11,5,6
55448139,802,399,403,73,32,41,55,21,34,386,205,181,288,141,147
55448140,565,286,279,38,15,23,48,20,28,307,160,147,172,91,81
55448141,681,350,331,67,34,33,55,34,21,342,158,184,217,124,93
55448142,2601,1250,1351,188,80,108,147,63,84,1428,682,746,838,425,413
55448143,4062,1929,2133,274,119,155,321,142,179,2231,1070,1161,1236,598,638
55448144,840,418,422,76,33,43,64,33,31,481,240,241,219,112,107
55448145,225,118,107,24,11,13,13,8,5,130,67,63,58,32,26
0733770,0,0,0,0,0,0,0,0,0,0,0,0,0,0,0
53879501,48,24,24,2,1,1,3,2,1,29,16,13,14,5,9
53879502,518,264,254,29,10,19,29,13,16,320,169,151,140,72,68
0766600,0,0,0,0,0,0,0,0,0,0,0,0,0,0,0
55459601,224,111,113,14,5,9,14,6,8,105,56,49,91,44,47
55459602,38,19,19,0,0,0,6,4,2,19,9,10,13,6,7
55460002,47,20,27,3,0,3,3,1,2,20,8,12,21,11,10
55460003,1346,648,698,102,45,57,89,37,52,690,347,343,465,219,246
0815910,0,0,0,0,0,0,0,0,0,0,0,0,0,0,0
0816210,0,0,0,0,0,0,0,0,0,0,0,0,0,0,0
0816470,0,0,0,0,0,0,0,0,0,0,0,0,0,0,0
0816550,0,0,0,0,0,0,0,0,0,0,0,0,0,0,0
55461801,43,24,19,4,2,2,4,3,1,21,12,9,14,7,7
55461802,60,35,25,5,3,2,1,1,0,29,15,14,25,16,9
55461803,676,340,336,28,11,17,44,20,24,402,207,195,202,102,100
0844680,0,0,0,0,0,0,0,0,0,0,0,0,0,0,0
0845060,0,0,0,0,0,0,0,0,0,0,0,0,0,0,0
55462601,28,13,15,4,3,1,2,1,1,16,8,8,6,1,5
55462602,33,17,16,0,0,0,0,0,0,26,15,11,7,2,5
55462604,44,27,17,2,2,0,6,4,2,27,16,11,9,5,4
55462605,35,20,15,1,1,0,1,1,0,22,11,11,11,7,4
55462606,321,163,158,15,4,11,15,9,6,198,101,97,93,49,44
55462607,46,24,22,12,5,7,5,2,3,22,14,8,7,3,4
55462608,28,17,11,2,1,1,1,0,1,14,9,5,11,7,4
55462610,92,51,41,6,2,4,1,1,0,56,33,23,29,15,14
55462612,57,26,31,2,0,2,1,0,1,34,16,18,20,10,10
0881700,0,0,0,0,0,0,0,0,0,0,0,0,0,0,0
55463401,21,9,12,1,1,0,2,1,1,3,1,2,15,6,9
55463402,50,22,28,2,0,2,11,3,8,32,15,17,5,4,1
55463403,1884,943,941,98,46,52,128,65,63,1027,512,515,631,320,311
55463407,57,30,27,2,0,2,1,0,1,20,8,12,34,22,12
0916340,0,0,0,0,0,0,0,0,0,0,0,0,0,0,0
0916690,0,0,0,0,0,0,0,0,0,0,0,0,0,0,0
55464201,32,19,13,2,1,1,2,0,2,18,12,6,10,6,4
55464202,109,61,48,16,10,6,10,3,7,47,27,20,36,21,15
55464204,888,416,472,69,31,38,65,28,37,448,210,238,306,147,159
55464205,672,310,362,77,34,43,85,35,50,328,158,170,182,83,99
55464206,132,65,67,9,6,3,16,10,6,66,33,33,41,16,25
55464207,2549,1072,1477,239,100,139,254,91,163,1220,542,678,836,339,497
55464208,1720,813,907,155,69,86,139,47,92,897,446,451,529,251,278
55464211,660,303,357,66,27,39,89,36,53,318,157,161,187,83,104
55464212,71,37,34,8,4,4,4,2,2,38,18,20,21,13,8
55464213,80,38,42,1,0,1,8,2,6,47,26,21,24,10,14
55464214,29,19,10,0,0,0,3,2,1,10,6,4,16,11,5
55464215,1308,649,659,124,52,72,121,52,69,626,322,304,437,223,214
55464216,577,275,302,59,24,35,73,32,41,220,98,122,225,121,104
55464217,2059,974,1085,230,100,130,215,86,129,1004,490,514,610,298,312
55464218,1093,575,518,103,46,57,89,43,46,419,217,202,482,269,213
0948380,0,0,0,0,0,0,0,0,0,0,0,0,0,0,0
55465101,38,16,22,2,1,1,0,0,0,17,8,9,19,7,12
55465104,260,132,128,17,7,10,10,4,6,127,68,59,106,53,53
55465105,21,13,8,4,3,1,0,0,0,9,4,5,8,6,2
53890601,74,41,33,7,4,3,4,2,2,42,26,16,21,9,12
53890602,155,79,76,16,6,10,12,4,8,94,51,43,33,18,15
53890603,42,21,21,1,1,0,4,3,1,20,6,14,17,11,6
53890606,27,11,16,1,0,1,6,4,2,6,2,4,14,5,9
55467701,195,76,119,12,6,6,6,3,3,80,40,40,97,27,70
55467702,66,35,31,0,0,0,2,1,1,38,19,19,26,15,11
55467703,98,47,51,12,6,6,6,3,3,55,30,25,25,8,17
55469301,23,12,11,2,1,1,1,0,1,14,9,5,6,2,4
55469304,320,158,162,10,5,5,13,6,7,188,89,99,109,58,51
0692050,0,0,0,0,0,0,0,0,0,0,0,0,0,0,0
1077270,0,0,0,0,0,0,0,0,0,0,0,0,0,0,0
55470701,65,38,27,5,3,2,8,4,4,29,17,12,23,14,9
55470704,32,15,17,0,0,0,1,0,1,22,11,11,9,4,5
55470706,33,15,18,1,0,1,0,0,0,25,12,13,7,3,4
55470708,57,30,27,5,1,4,1,1,0,32,17,15,19,11,8
55470710,271,133,138,20,7,13,10,5,5,126,62,64,115,59,56
55470712,28,18,10,4,2,2,2,0,2,13,8,5,9,8,1
53955401,22,14,8,1,1,0,3,3,0,12,5,7,6,5,1
53955403,41,18,23,2,1,1,4,2,2,29,12,17,6,3,3
53955404,38,21,17,6,3,3,2,0,2,20,12,8,10,6,4
53955405,73,35,38,0,0,0,3,2,1,37,15,22,33,18,15
53955406,49,25,24,0,0,0,2,1,1,30,15,15,17,9,8
53892201,62,33,29,7,2,5,6,3,3,38,21,17,11,7,4
53892202,189,94,95,6,0,6,15,8,7,105,52,53,63,34,29
1171450,0,0,0,0,0,0,0,0,0,0,0,0,0,0,0
53947301,128,69,59,12,6,6,15,6,9,64,38,26,37,19,18
55474001,103,51,52,4,2,2,9,3,6,47,24,23,43,22,21
55474002,1423,712,711,85,35,50,57,25,32,783,397,386,498,255,243
55474003,332,163,169,29,12,17,26,9,17,188,96,92,89,46,43
53881701,195,100,95,28,16,12,9,7,2,76,37,39,82,40,42
53886801,119,63,56,5,1,4,5,1,4,71,42,29,38,19,19
53886803,86,44,42,7,3,4,4,1,3,54,30,24,21,10,11
53886804,100,56,44,2,0,2,1,1,0,69,37,32,28,18,10
57797901,80,41,39,4,3,1,1,0,1,55,29,26,20,9,11
57797902,79,42,37,4,2,2,2,2,0,53,30,23,20,8,12
53953801,92,51,41,7,3,4,4,2,2,44,23,21,37,23,14
1481300,0,0,0,0,0,0,0,0,0,0,0,0,0,0,0
1481480,0,0,0,0,0,0,0,0,0,0,0,0,0,0,0
55481201,41,21,20,3,1,2,2,0,2,27,14,13,9,6,3
55481203,1610,792,818,122,48,74,194,89,105,813,415,398,481,240,241
55481204,160,85,75,7,3,4,10,5,5,83,49,34,60,28,32
55481206,111,40,71,1,0,1,0,0,0,17,8,9,93,32,61
1540320,0,0,0,0,0,0,0,0,0,0,0,0,0,0,0
1540410,0,0,0,0,0,0,0,0,0,0,0,0,0,0,0
53911201,115,58,57,18,4,14,8,5,3,50,31,19,39,18,21
53911202,77,39,38,4,2,2,16,10,6,37,18,19,20,9,11
53911203,20,10,10,0,0,0,3,2,1,8,3,5,9,5,4
53911204,226,118,108,21,8,13,5,3,2,128,71,57,72,36,36
53911206,25,12,13,1,1,0,3,1,2,15,8,7,6,2,4
55563101,37,19,18,0,0,0,0,0,0,8,6,2,29,13,16
55563102,31,19,12,3,3,0,1,1,0,18,10,8,9,5,4
55563104,32,17,15,0,0,0,1,1,0,26,13,13,5,3,2
55563106,43,25,18,2,1,1,5,3,2,8,6,2,28,15,13
55563107,42,24,18,7,5,2,5,3,2,26,13,13,4,3,1
55563111,40,21,19,2,1,1,3,2,1,17,9,8,18,9,9
55563113,43,20,23,0,0,0,0,0,0,25,12,13,18,8,10
55563114,20,10,10,0,0,0,2,1,1,7,4,3,11,5,6
55563116,65,38,27,3,2,1,3,2,1,21,11,10,38,23,15
55563117,59,30,29,1,0,1,1,1,0,11,5,6,46,24,22
55563118,34,15,19,5,3,2,0,0,0,17,6,11,12,6,6
55563119,41,19,22,3,1,2,3,2,1,24,12,12,11,4,7
55563120,26,18,8,3,1,2,0,0,0,12,9,3,11,8,3
55563123,103,54,49,15,7,8,12,8,4,36,20,16,40,19,21
55563125,30,18,12,4,2,2,1,1,0,16,9,7,9,6,3
55563126,112,58,54,7,2,5,1,0,1,54,29,25,50,27,23
55563127,2047,1013,1034,133,54,79,185,76,109,972,493,479,757,390,367
55563128,54,30,24,4,1,3,4,1,3,23,14,9,23,14,9
1688400,0,0,0,0,0,0,0,0,0,0,0,0,0,0,0
55485501,73,39,34,4,2,2,7,4,3,46,23,23,16,10,6
55485502,295,155,140,13,6,7,29,16,13,186,96,90,67,37,30
53902301,33,18,15,1,0,1,0,0,0,20,13,7,12,5,7
53902302,28,12,16,1,0,1,0,0,0,20,9,11,7,3,4
53902303,63,30,33,9,4,5,6,3,3,30,13,17,18,10,8
53902305,37,21,16,1,1,0,0,0,0,17,11,6,19,9,10
53902306,45,27,18,4,1,3,0,0,0,29,19,10,12,7,5
53902308,203,96,107,14,3,11,10,3,7,132,61,71,47,29,18
53902310,40,21,19,3,1,2,1,0,1,28,15,13,8,5,3
55488001,21,9,12,2,0,2,2,1,1,8,4,4,9,4,5
55488002,114,58,56,7,2,5,9,4,5,64,33,31,34,19,15
55488003,301,141,160,30,16,14,24,13,11,157,76,81,90,36,54
55488004,51,25,26,5,1,4,3,1,2,32,18,14,11,5,6
55488005,179,95,84,11,5,6,20,8,12,75,40,35,73,42,31
55488006,245,122,123,12,6,6,27,12,15,122,65,57,84,39,45
1718082,0,0,0,0,0,0,0,0,0,0,0,0,0,0,0
53961901,35,18,17,2,1,1,0,0,0,26,13,13,7,4,3
53961902,44,24,20,4,3,1,0,0,0,33,18,15,7,3,4
53961903,50,25,25,4,2,2,2,0,2,30,17,13,14,6,8
53948101,468,234,234,45,20,25,21,9,12,226,114,112,176,91,85
53927901,601,299,302,32,15,17,26,14,12,334,162,172,209,108,101
53927903,20,11,9,1,0,1,1,0,1,13,8,5,5,3,2
53927904,1632,815,817,125,54,71,160,71,89,840,434,406,507,256,251
57800201,162,89,73,18,10,8,6,4,2,96,47,49,42,28,14
53937601,21,12,9,1,1,0,3,1,2,13,7,6,4,3,1
53937602,104,51,53,0,0,0,8,3,5,57,30,27,39,18,21
53907401,29,13,16,1,0,1,2,2,0,22,10,12,4,1,3
53907402,50,20,30,3,1,2,2,1,1,24,10,14,21,8,13
53907403,70,42,28,8,4,4,0,0,0,37,21,16,25,17,8
53907404,72,42,30,6,3,3,3,3,0,45,23,22,18,13,5
53943101,46,23,23,1,1,0,4,3,1,30,14,16,11,5,6
53943102,196,105,91,24,6,18,8,3,5,97,55,42,67,41,26
53943103,89,46,43,6,3,3,10,5,5,46,26,20,27,12,15
55497901,759,400,359,44,20,24,62,32,30,406,201,205,247,147,100
55497902,54,26,28,10,3,7,5,2,3,27,14,13,12,7,5
53800101,390,190,200,23,13,10,24,11,13,214,101,113,129,65,64
55499501,754,399,355,45,18,27,62,27,35,430,236,194,217,118,99
55499502,84,35,49,1,1,0,5,2,3,57,22,35,21,10,11
55499503,71,32,39,3,1,2,1,0,1,57,27,30,10,4,6
0716410,0,0,0,0,0,0,0,0,0,0,0,0,0,0,0
0716500,0,0,0,0,0,0,0,0,0,0,0,0,0,0,0
1987220,0,0,0,0,0,0,0,0,0,0,0,0,0,0,0
55502901,1177,591,586,69,26,43,93,42,51,554,288,266,461,235,226
55502903,28,12,16,0,0,0,0,0,0,18,6,12,10,6,4
55502904,38,20,18,5,1,4,1,1,0,25,14,11,7,4,3
55502905,46,24,22,3,2,1,1,1,0,26,14,12,16,7,9
55502907,92,47,45,8,6,2,6,4,2,56,25,31,22,12,10
55502909,71,40,31,3,2,1,4,1,3,43,23,20,21,14,7
55502910,22,9,13,2,0,2,0,0,0,10,4,6,10,5,5
55502911,28,12,16,2,1,1,0,0,0,15,6,9,11,5,6
55502912,79,40,39,6,5,1,2,0,2,42,20,22,29,15,14
55502913,84,38,46,4,1,3,1,1,0,42,17,25,37,19,18
55502914,28,15,13,4,3,1,4,2,2,11,6,5,9,4,5
55502915,26,14,12,7,3,4,1,1,0,15,8,7,3,2,1
55502917,99,53,46,5,2,3,5,3,2,50,27,23,39,21,18
50648601,201,102,99,24,12,12,19,10,9,114,56,58,44,24,20
55504501,604,311,293,34,17,17,13,4,9,364,181,183,193,109,84
3300430,0,0,0,0,0,0,0,0,0,0,0,0,0,0,0
3909250,0,0,0,0,0,0,0,0,0,0,0,0,0,0,0
50010101,212,115,97,12,7,5,11,6,5,132,63,69,57,39,18
53787001,532,261,271,38,21,17,55,23,32,313,155,158,126,62,64
53801901,112,67,45,4,4,0,4,2,2,61,34,27,43,27,16
53801902,185,100,85,26,11,15,4,2,2,122,68,54,33,19,14
50662101,117,58,59,3,2,1,3,1,2,78,35,43,33,20,13
50662104,47,25,22,4,2,2,1,1,0,23,13,10,19,9,10
53791801,41,23,18,1,1,0,1,1,0,26,15,11,13,6,7
53791802,1142,580,562,57,24,33,46,20,26,678,332,346,361,204,157
53791803,189,99,90,11,6,5,12,9,3,91,46,45,75,38,37
53791804,132,60,72,14,7,7,2,1,1,73,31,42,43,21,22
53791805,92,42,50,2,0,2,1,0,1,59,29,30,30,13,17
53791806,292,154,138,22,14,8,30,13,17,158,80,78,82,47,35
53811601,309,170,139,16,7,9,17,8,9,192,106,86,84,49,35
53811602,103,56,47,7,3,4,3,3,0,56,32,24,37,18,19
3907980,0,0,0,0,0,0,0,0,0,0,0,0,0,0,0
50012701,60,34,26,1,1,0,6,2,4,32,19,13,21,12,9
50012702,67,40,27,5,3,2,1,0,1,38,23,15,23,14,9
50012703,20,12,8,3,1,2,0,0,0,12,6,6,5,5,0
53815901,572,292,280,44,18,26,30,12,18,331,178,153,167,84,83
53815902,56,29,27,4,1,3,3,1,2,26,15,11,23,12,11
53815903,23,14,9,3,1,2,3,2,1,12,8,4,5,3,2
55516901,349,184,165,16,8,8,30,13,17,189,104,85,114,59,55
55165101,364,181,183,20,9,11,24,12,12,233,112,121,87,48,39
3300860,0,0,0,0,0,0,0,0,0,0,0,0,0,0,0
3903210,0,0,0,0,0,0,0,0,0,0,0,0,0,0,0
3903810,0,0,0,0,0,0,0,0,0,0,0,0,0,0,0
3908360,0,0,0,0,0,0,0,0,0,0,0,0,0,0,0
3911070,0,0,0,0,0,0,0,0,0,0,0,0,0,0,0
3912470,0,0,0,0,0,0,0,0,0,0,0,0,0,0,0
3923160,0,0,0,0,0,0,0,0,0,0,0,0,0,0,0
55518501,87,42,45,1,0,1,2,1,1,60,30,30,24,11,13
55518502,95,50,45,1,0,1,4,4,0,49,24,25,41,22,19
55518503,1439,728,711,97,43,54,66,28,38,815,421,394,461,236,225
55518504,43,22,21,1,0,1,0,0,0,26,13,13,16,9,7
55518505,351,171,180,19,6,13,13,8,5,225,112,113,94,45,49
57801101,104,61,43,3,2,1,12,8,4,61,32,29,28,19,9
0555141,0,0,0,0,0,0,0,0,0,0,0,0,0,0,0
0555220,0,0,0,0,0,0,0,0,0,0,0,0,0,0,0
55520702,461,244,217,34,13,21,16,5,11,254,146,108,157,80,77
55520705,31,17,14,3,2,1,2,1,1,23,13,10,3,1,2
55520707,40,23,17,2,1,1,1,0,1,21,12,9,16,10,6
55520708,20,10,10,0,0,0,2,1,1,13,6,7,5,3,2
0564720,0,0,0,0,0,0,0,0,0,0,0,0,0,0,0
55521501,230,65,165,10,4,6,10,6,4,44,17,27,166,38,128
55521502,55,29,26,7,1,6,1,1,0,19,12,7,28,15,13
55521503,69,35,34,5,4,1,0,0,0,45,21,24,19,10,9
55521505,128,56,72,9,6,3,6,1,5,70,36,34,43,13,30
55521506,536,268,268,26,12,14,19,6,13,319,157,162,172,93,79
55521508,523,252,271,36,16,20,32,11,21,284,145,139,171,80,91
55521510,666,340,326,44,17,27,60,27,33,310,161,149,252,135,117
53792601,758,373,385,45,18,27,27,11,16,499,252,247,187,92,95
53792603,313,141,172,33,16,17,52,20,32,156,76,80,72,29,43
0636060,0,0,0,0,0,0,0,0,0,0,0,0,0,0,0
0636650,0,0,0,0,0,0,0,0,0,0,0,0,0,0,0
0636730,0,0,0,0,0,0,0,0,0,0,0,0,0,0,0
3196010,0,0,0,0,0,0,0,0,0,0,0,0,0,0,0
55496102,2065,982,1083,162,63,99,197,85,112,1162,564,598,544,270,274
55496103,80,41,39,12,6,6,8,3,5,42,23,19,18,9,9
55496104,951,456,495,86,41,45,73,32,41,535,238,297,257,145,112
55496105,33,25,8,5,5,0,2,1,1,12,11,1,14,8,6
55496107,46,19,27,4,3,1,3,1,2,17,8,9,22,7,15
55496108,1805,885,920,129,57,72,138,59,79,1006,485,521,532,284,248
55496109,1863,831,1032,151,66,85,143,50,93,1032,472,560,537,243,294
55496110,542,252,290,56,29,27,32,15,17,304,136,168,150,72,78
55496111,3621,1682,1939,290,130,160,275,125,150,2010,953,1057,1046,474,572
55496112,3178,1509,1669,251,105,146,286,122,164,1721,821,900,920,461,459
55496113,1339,662,677,98,48,50,129,60,69,749,388,361,363,166,197
55496114,656,347,309,82,42,40,64,34,30,338,177,161,172,94,78
55496115,322,144,178,31,11,20,29,13,16,182,83,99,80,37,43
55496116,375,185,190,23,4,19,25,12,13,236,124,112,91,45,46
55496118,110,58,52,3,1,2,5,1,4,75,40,35,27,16,11
55496119,570,284,286,54,23,31,36,20,16,313,158,155,167,83,84
55496120,325,169,156,30,14,16,25,12,13,188,96,92,82,47,35
55496121,185,91,94,15,6,9,14,3,11,101,55,46,55,27,28
55496122,629,311,318,47,21,26,34,17,17,361,179,182,187,94,93
55496123,1174,595,579,96,48,48,79,40,39,702,364,338,297,143,154
55496124,292,140,152,10,4,6,17,6,11,134,76,58,131,54,77
55496125,1369,605,764,122,48,74,126,52,74,774,341,433,347,164,183
55496126,4150,1846,2304,352,146,206,315,117,198,2385,1103,1282,1098,480,618
55496127,304,147,157,51,19,32,42,21,21,144,71,73,67,36,31
55496129,835,387,448,80,30,50,83,42,41,429,206,223,243,109,134
55496131,1685,764,921,160,64,96,184,73,111,903,427,476,438,200,238
55496132,3072,1419,1653,319,132,187,311,120,191,1497,692,805,945,475,470
55496133,47,23,24,4,3,1,7,3,4,25,14,11,11,3,8
55496134,1164,538,626,96,40,56,118,50,68,592,278,314,358,170,188
55496135,432,228,204,54,23,31,58,30,28,144,85,59,176,90,86
55496137,177,86,91,23,13,10,19,9,10,92,39,53,43,25,18
55496138,1388,681,707,159,65,94,166,79,87,543,275,268,520,262,258
55496139,2619,1147,1472,258,99,159,216,86,130,1328,598,730,817,364,453
55496140,22,14,8,0,0,0,0,0,0,2,1,1,20,13,7
55496141,447,211,236,58,25,33,26,11,15,252,118,134,111,57,54
55496142,2416,1378,1038,184,91,93,191,98,93,923,503,420,1118,686,432
55496143,1622,746,876,192,84,108,202,89,113,693,328,365,535,245,290
55496144,726,366,360,105,48,57,60,24,36,337,173,164,224,121,103
55496146,1205,566,639,90,41,49,105,42,63,573,257,316,437,226,211
55496148,25,16,9,3,2,1,2,1,1,14,9,5,6,4,2
55496149,457,222,235,43,17,26,73,28,45,183,98,85,158,79,79
55525801,182,94,88,19,7,12,10,5,5,87,48,39,66,34,32
55525802,637,321,316,38,18,20,67,33,34,370,185,185,162,85,77
55530401,324,162,162,15,10,5,22,9,13,185,92,93,102,51,51
55530402,55,24,31,2,0,2,6,2,4,21,11,10,26,11,15
0739460,0,0,0,0,0,0,0,0,0,0,0,0,0,0,0
0739540,0,0,0,0,0,0,0,0,0,0,0,0,0,0,0
57804501,32,16,16,2,0,2,0,0,0,22,12,10,8,4,4
57804502,31,16,15,1,0,1,1,1,0,22,13,9,7,2,5
57804503,235,108,127,9,3,6,2,1,1,143,66,77,81,38,43
57804505,20,12,8,3,2,1,4,2,2,8,5,3,5,3,2
55534701,28,15,13,4,2,2,2,1,1,12,6,6,10,6,4
55534702,50,25,25,6,1,5,0,0,0,34,18,16,10,6,4
55534703,715,381,334,57,25,32,25,9,16,433,225,208,200,122,78
55536301,34,16,18,7,3,4,4,1,3,11,5,6,12,7,5
55536302,746,368,378,57,28,29,33,17,16,416,200,216,240,123,117
55536303,36,20,16,8,4,4,3,2,1,17,10,7,8,4,4
55536304,74,41,33,4,3,1,2,1,1,49,26,23,19,11,8
53793401,253,132,121,19,8,11,7,3,4,157,86,71,70,35,35
53793402,68,32,36,2,2,0,1,0,1,49,23,26,16,7,9
3020400,0,0,0,0,0,0,0,0,0,0,0,0,0,0,0
55538001,91,48,43,5,4,1,6,3,3,48,26,22,32,15,17
55538002,43,22,21,1,1,0,2,2,0,33,16,17,7,3,4
55538003,34,20,14,3,2,1,8,4,4,17,9,8,6,5,1
55538004,312,157,155,14,6,8,14,4,10,207,107,100,77,40,37
55538006,270,145,125,12,4,8,15,6,9,170,96,74,73,39,34
55538007,55,29,26,1,1,0,1,1,0,36,19,17,17,8,9
55538009,146,78,68,11,8,3,14,8,6,102,51,51,19,11,8
55538010,142,70,72,6,2,4,8,4,4,80,41,39,48,23,25
55538011,156,75,81,12,6,6,3,2,1,93,45,48,48,22,26
55538012,1034,498,536,74,29,45,101,48,53,548,277,271,311,144,167
55538013,2238,1042,1196,181,77,104,148,57,91,1226,565,661,683,343,340
55538014,364,187,177,30,15,15,21,11,10,196,100,96,117,61,56
55538015,855,419,436,62,23,39,67,31,36,490,237,253,236,128,108
55538016,1649,848,801,116,48,68,131,53,78,767,395,372,635,352,283
55538017,212,105,107,23,11,12,23,11,12,118,55,63,48,28,20
55539801,137,75,62,4,2,2,5,3,2,89,49,40,39,21,18
55539802,662,335,327,50,24,26,31,13,18,374,188,186,207,110,97
55539803,3247,1562,1685,188,84,104,169,72,97,1925,937,988,965,469,496
50649402,314,165,149,35,19,16,25,11,14,155,81,74,99,54,45
0782800,0,0,0,0,0,0,0,0,0,0,0,0,0,0,0
3365050,0,0,0,0,0,0,0,0,0,0,0,0,0,0,0
3365130,0,0,0,0,0,0,0,0,0,0,0,0,0,0,0
3365480,0,0,0,0,0,0,0,0,0,0,0,0,0,0,0
55542801,102,52,50,5,3,2,7,4,3,61,30,31,29,15,14
55542803,234,124,110,9,4,5,9,5,4,152,77,75,64,38,26
55542804,166,88,78,7,3,4,10,6,4,80,42,38,69,37,32
55542805,20,10,10,6,4,2,0,0,0,14,6,8,0,0,0
55542807,236,123,113,17,8,9,8,4,4,168,87,81,43,24,19
55542808,1203,1153,50,187,183,4,180,180,0,631,612,19,205,178,27
55542809,206,105,101,17,9,8,14,10,4,113,53,60,62,33,29
55542810,26,13,13,4,2,2,2,1,1,12,5,7,8,5,3
55542811,68,38,30,3,3,0,1,1,0,36,16,20,28,18,10
55542813,2769,1332,1437,202,89,113,156,60,96,1642,821,821,769,362,407
55542814,150,69,81,6,4,2,7,4,3,95,40,55,42,21,21
55542815,58,34,24,4,3,1,3,1,2,31,16,15,20,14,6
55542816,1323,745,578,64,38,26,67,31,36,636,332,304,556,344,212
55542817,4163,1941,2222,259,96,163,254,98,156,2491,1197,1294,1159,550,609
55542818,4954,2335,2619,329,135,194,272,118,154,2868,1372,1496,1485,710,775
55542819,154,73,81,7,3,4,1,1,0,74,38,36,72,31,41
55542820,43,22,21,2,1,1,1,1,0,34,16,18,6,4,2
55542821,796,402,394,84,33,51,36,19,17,467,240,227,209,110,99
53796901,224,101,123,10,4,6,10,5,5,152,69,83,52,23,29
53796902,761,371,390,57,25,32,41,22,19,483,231,252,180,93,87
55544401,80,39,41,6,2,4,6,3,3,49,25,24,19,9,10
55544402,45,22,23,6,2,4,5,2,3,21,12,9,13,6,7
55544403,215,113,102,17,5,12,16,7,9,104,54,50,78,47,31
55544404,30,14,16,1,0,1,2,1,1,12,6,6,15,7,8
55544405,20,9,11,1,0,1,0,0,0,17,9,8,2,0,2
1193181,0,0,0,0,0,0,0,0,0,0,0,0,0,0,0
55545201,597,300,297,37,22,15,48,18,30,330,177,153,182,83,99
55694701,549,271,278,41,19,22,39,14,25,335,170,165,134,68,66
55547901,351,185,166,9,4,5,12,6,6,238,127,111,92,48,44
55547902,43,22,21,1,1,0,0,0,0,29,14,15,13,7,6
55552501,43,22,21,2,0,2,0,0,0,31,16,15,10,6,4
55552502,74,34,40,2,1,1,13,6,7,33,18,15,26,9,17
55552503,225,118,107,6,3,3,8,2,6,82,44,38,129,69,60
55552504,23,12,11,1,1,0,0,0,0,12,7,5,10,4,6
55552505,34,17,17,0,0,0,0,0,0,25,14,11,9,3,6
55552507,122,69,53,6,2,4,3,3,0,73,38,35,40,26,14
55552508,27,11,16,1,0,1,0,0,0,22,9,13,4,2,2
55553301,313,150,163,18,10,8,15,9,6,205,91,114,75,40,35
55553302,45,21,24,2,2,0,1,1,0,27,12,15,15,6,9
55553303,149,72,77,7,3,4,11,4,7,91,43,48,40,22,18
55553304,312,164,148,29,12,17,16,6,10,156,86,70,111,60,51
55553305,37,22,15,3,2,1,1,0,1,20,13,7,13,7,6
55553306,98,53,45,5,4,1,4,2,2,54,27,27,35,20,15
55553307,79,45,34,12,7,5,1,1,0,33,20,13,33,17,16
55553308,55,25,30,2,1,1,4,1,3,39,18,21,10,5,5
55553309,219,119,100,22,9,13,13,5,8,125,67,58,59,38,21
53802701,230,123,107,20,10,10,3,3,0,143,71,72,64,39,25
55555001,108,58,50,5,3,2,7,4,3,47,29,18,49,22,27
55555002,35,18,17,8,4,4,2,2,0,21,11,10,4,1,3
55555003,306,157,149,10,4,6,14,6,8,153,76,77,129,71,58
55555005,122,63,59,14,4,10,4,0,4,71,42,29,33,17,16
55558401,58,29,29,4,3,1,0,0,0,45,22,23,9,4,5
55558402,27,13,14,2,2,0,2,1,1,19,8,11,4,2,2
55558405,54,29,25,5,3,2,1,1,0,27,12,15,21,13,8
55558406,35,18,17,1,0,1,0,0,0,16,8,8,18,10,8
55558407,34,15,19,1,1,0,2,1,1,20,10,10,11,3,8
55558408,310,162,148,15,9,6,9,4,5,121,61,60,165,88,77
55558409,35,17,18,1,0,1,8,4,4,15,7,8,11,6,5
55559201,81,40,41,5,2,3,6,4,2,49,25,24,21,9,12
55559202,33,15,18,3,1,2,1,1,0,16,5,11,13,8,5
55559203,284,147,137,14,5,9,11,4,7,155,82,73,104,56,48
55559204,141,68,73,3,0,3,5,2,3,72,37,35,61,29,32
55561401,195,109,86,10,6,4,14,5,9,118,67,51,53,31,22
55561402,60,31,29,1,1,0,2,1,1,45,23,22,12,6,6
55561403,207,109,98,6,2,4,11,7,4,118,62,56,72,38,34
55561404,87,37,50,2,1,1,5,2,3,52,23,29,28,11,17
55561405,99,53,46,7,5,2,2,1,1,68,34,34,22,13,9
55562201,43,22,21,1,1,0,7,4,3,21,11,10,14,6,8
55562202,49,27,22,1,1,0,1,0,1,36,19,17,11,7,4
55562203,83,41,42,4,0,4,1,0,1,34,19,15,44,22,22
55562206,234,129,105,13,8,5,26,11,15,94,54,40,101,56,45
55562208,79,36,43,2,1,1,6,3,3,53,25,28,18,7,11
53784501,113,57,56,4,2,2,9,4,5,72,40,32,28,11,17
0270490,0,0,0,0,0,0,0,0,0,0,0,0,0,0,0
1679320,0,0,0,0,0,0,0,0,0,0,0,0,0,0,0
3020740,0,0,0,0,0,0,0,0,0,0,0,0,0,0,0
55565702,110,69,41,7,3,4,29,26,3,60,31,29,14,9,5
55565703,74,42,32,0,0,0,1,0,1,52,29,23,21,13,8
55565705,166,73,93,10,4,6,6,1,5,77,34,43,73,34,39
55565706,45,25,20,1,1,0,5,2,3,33,19,14,6,3,3
55565707,55,29,26,4,2,2,4,0,4,21,13,8,26,14,12
55565708,69,35,34,1,0,1,0,0,0,51,25,26,17,10,7
55565709,57,25,32,0,0,0,0,0,0,44,18,26,13,7,6
55565711,43,20,23,7,3,4,1,0,1,26,12,14,9,5,4
55565712,47,23,24,3,1,2,1,1,0,37,18,19,6,3,3
55565713,92,50,42,6,4,2,6,2,4,69,38,31,11,6,5
55565714,177,84,93,4,0,4,8,3,5,95,45,50,70,36,34
55565716,1492,730,762,103,40,63,56,22,34,883,429,454,450,239,211
55565717,482,248,234,20,7,13,15,10,5,297,150,147,150,81,69
55565718,109,50,59,1,0,1,6,3,3,66,30,36,36,17,19
55565719,439,205,234,22,11,11,24,7,17,228,111,117,165,76,89
55568102,68,30,38,10,5,5,7,3,4,37,16,21,14,6,8
55568103,64,31,33,6,3,3,5,1,4,45,23,22,8,4,4
55568104,43,20,23,0,0,0,5,2,3,25,13,12,13,5,8
55568106,432,219,213,20,6,14,23,12,11,235,119,116,154,82,72
3923910,0,0,0,0,0,0,0,0,0,0,0,0,0,0,0
55569001,46,22,24,2,1,1,2,1,1,31,15,16,11,5,6
55569002,21,11,10,0,0,0,0,0,0,13,6,7,8,5,3
55569003,35,17,18,4,1,3,12,6,6,10,6,4,9,4,5
55569005,261,142,119,26,9,17,18,11,7,137,77,60,80,45,35
55570301,398,204,194,24,10,14,18,8,10,228,120,108,128,66,62
55570302,79,40,39,6,2,4,5,2,3,46,24,22,22,12,10
55571101,59,30,29,0,0,0,6,4,2,25,12,13,28,14,14
55571102,30,16,14,11,7,4,1,0,1,10,5,5,8,4,4
55571104,52,22,30,0,0,0,0,0,0,38,16,22,14,6,8
55571105,28,17,11,1,1,0,4,3,1,14,8,6,9,5,4
55571106,181,93,88,4,3,1,11,3,8,74,33,41,92,54,38
55571108,98,52,46,14,8,6,2,0,2,43,23,20,39,21,18
55573801,220,114,106,10,5,5,8,3,5,136,71,65,66,35,31
55573802,329,176,153,10,5,5,7,5,2,197,94,103,115,72,43
55573803,33,22,11,0,0,0,0,0,0,24,16,8,9,6,3
56667501,49,22,27,1,1,0,1,0,1,34,16,18,13,5,8
56667503,130,60,70,7,2,5,8,3,5,72,38,34,43,17,26
57802901,221,89,132,13,5,8,9,3,6,115,50,65,84,31,53
57802902,126,57,69,5,2,3,7,3,4,88,41,47,26,11,15
1977340,0,0,0,0,0,0,0,0,0,0,0,0,0,0,0
1977420,0,0,0,0,0,0,0,0,0,0,0,0,0,0,0
1977770,0,0,0,0,0,0,0,0,0,0,0,0,0,0,0
55576203,69,34,35,3,0,3,5,2,3,40,22,18,21,10,11
55576205,32,16,16,2,1,1,5,1,4,13,5,8,12,9,3
55576206,52,28,24,3,1,2,1,1,0,29,14,15,19,12,7
55576207,32,15,17,3,1,2,1,0,1,9,5,4,19,9,10
55576208,1973,981,992,133,52,81,109,45,64,1106,571,535,625,313,312
0146640,0,0,0,0,0,0,0,0,0,0,0,0,0,0,0
0704590,0,0,0,0,0,0,0,0,0,0,0,0,0,0,0
0704670,0,0,0,0,0,0,0,0,0,0,0,0,0,0,0
0704750,0,0,0,0,0,0,0,0,0,0,0,0,0,0,0
0704830,0,0,0,0,0,0,0,0,0,0,0,0,0,0,0
0705050,0,0,0,0,0,0,0,0,0,0,0,0,0,0,0
56029401,2240,1076,1164,173,71,102,96,35,61,1340,646,694,631,324,307
56029402,81,44,37,5,3,2,3,2,1,41,20,21,32,19,13
56029403,36,19,17,4,2,2,3,1,2,27,16,11,2,0,2
56029407,33,15,18,0,0,0,2,1,1,23,10,13,8,4,4
56029409,52,25,27,1,0,1,1,0,1,30,17,13,20,8,12
56029410,135,70,65,8,3,5,12,6,6,90,46,44,25,15,10
56030801,362,195,167,17,8,9,19,12,7,212,113,99,114,62,52
56031601,1438,725,713,99,45,54,54,23,31,751,378,373,534,279,255
56032401,677,333,344,39,14,25,22,10,12,393,194,199,223,115,108
56032402,158,83,75,7,3,4,4,1,3,98,52,46,49,27,22
56033201,255,138,117,13,6,7,7,4,3,119,60,59,116,68,48
56034101,57,30,27,4,2,2,1,0,1,38,22,16,14,6,8
56034102,160,85,75,5,1,4,11,4,7,69,39,30,75,41,34
56034103,76,36,40,13,6,7,7,5,2,47,22,25,9,3,6
56034104,48,29,19,4,3,1,1,0,1,30,17,13,13,9,4
53859101,1294,643,651,102,37,65,79,34,45,748,371,377,365,201,164
56035901,3613,1801,1812,210,97,113,157,76,81,2073,1011,1062,1173,617,556
56035902,603,286,317,61,25,36,48,19,29,346,169,177,148,73,75
56035903,65,33,32,6,2,4,3,1,2,37,20,17,19,10,9
56035904,22,13,9,1,1,0,1,0,1,14,8,6,6,4,2
56035905,93,47,46,5,3,2,4,2,2,58,29,29,26,13,13
56035906,87,39,48,5,3,2,11,3,8,48,23,25,23,10,13
56036702,67,34,33,7,4,3,2,1,1,42,20,22,16,9,7
56036703,73,52,21,0,0,0,0,0,0,10,5,5,63,47,16
56036704,1325,665,660,69,24,45,85,40,45,708,356,352,463,245,218
56036705,216,117,99,6,2,4,15,7,8,108,62,46,87,46,41
56036706,1418,723,695,77,33,44,53,29,24,762,363,399,526,298,228
56036707,57,33,24,4,1,3,5,3,2,22,13,9,26,16,10
56036708,510,246,264,24,11,13,19,6,13,327,168,159,140,61,79
56036709,67,33,34,7,3,4,3,2,1,27,12,15,30,16,14
56036712,521,279,242,23,12,11,10,5,5,272,145,127,216,117,99
56036713,692,680,12,54,54,0,45,45,0,91,86,5,502,495,7
56036715,805,388,417,31,12,19,39,21,18,505,238,267,230,117,113
56037501,266,134,132,15,8,7,22,8,14,124,65,59,105,53,52
1537700,0,0,0,0,0,0,0,0,0,0,0,0,0,0,0
56038301,297,155,142,17,8,9,17,7,10,199,104,95,64,36,28
56038302,1638,877,761,107,50,57,84,38,46,868,457,411,579,332,247
56038304,52,31,21,13,7,6,0,0,0,19,12,7,20,12,8
56038305,193,99,94,17,7,10,17,9,8,57,31,26,102,52,50
56038306,3785,1836,1949,270,115,155,213,89,124,2058,1000,1058,1244,632,612
56038308,171,93,78,5,1,4,8,3,5,108,59,49,50,30,20
56038309,935,444,491,57,17,40,38,16,22,600,293,307,240,118,122
56038310,2021,959,1062,130,53,77,100,42,58,1239,599,640,552,265,287
56038311,2077,1015,1062,117,50,67,147,59,88,1229,607,622,584,299,285
56038312,1282,585,697,74,22,52,65,20,45,781,366,415,362,177,185
0604880,0,0,0,0,0,0,0,0,0,0,0,0,0,0,0
56041301,41,21,20,2,1,1,1,1,0,28,14,14,10,5,5
56041302,61,33,28,4,3,1,11,7,4,31,16,15,15,7,8
56041303,42,26,16,6,5,1,2,1,1,12,7,5,22,13,9
56041305,38,21,17,1,0,1,6,2,4,27,16,11,4,3,1
56041307,312,164,148,29,13,16,30,11,19,153,82,71,100,58,42
51158701,57,31,26,4,1,3,2,1,1,33,19,14,18,10,8
51158702,56,27,29,1,0,1,1,1,0,40,21,19,14,5,9
51158703,26,10,16,1,0,1,2,0,2,15,6,9,8,4,4
51158704,103,48,55,10,5,5,5,0,5,63,33,30,25,10,15
51158705,139,67,72,10,5,5,8,3,5,72,35,37,49,24,25
56042101,151,75,76,10,5,5,14,6,8,71,33,38,56,31,25
56042102,237,126,111,17,12,5,10,4,6,140,74,66,70,36,34
0722810,0,0,0,0,0,0,0,0,0,0,0,0,0,0,0
0723030,0,0,0,0,0,0,0,0,0,0,0,0,0,0,0
56045601,38,20,18,7,3,4,0,0,0,17,8,9,14,9,5
56045602,28,16,12,2,2,0,2,1,1,19,9,10,5,4,1
56045603,22,12,10,1,0,1,0,0,0,13,6,7,8,6,2
56045604,724,367,357,47,20,27,49,27,22,442,221,221,186,99,87
56045605,43,22,21,5,1,4,2,1,1,26,16,10,10,4,6
56045606,41,20,21,6,3,3,3,2,1,24,11,13,8,4,4
0726812,0,0,0,0,0,0,0,0,0,0,0,0,0,0,0
56046401,893,434,459,58,24,34,40,16,24,442,234,208,353,160,193
0733260,0,0,0,0,0,0,0,0,0,0,0,0,0,0,0
3091410,0,0,0,0,0,0,0,0,0,0,0,0,0,0,0
56047201,44,22,22,1,0,1,3,2,1,25,15,10,15,5,10
56047202,29,13,16,4,2,2,2,1,1,12,4,8,11,6,5
56047205,38,21,17,0,0,0,0,0,0,26,14,12,12,7,5
56047207,88,50,38,5,2,3,6,2,4,59,34,25,18,12,6
56047208,135,76,59,5,3,2,4,3,1,80,42,38,46,28,18
56047209,45,23,22,4,2,2,0,0,0,31,17,14,10,4,6
56047210,42,19,23,6,5,1,4,2,2,20,9,11,12,3,9
56047213,31,16,15,5,2,3,5,2,3,11,6,5,10,6,4
56047214,455,236,219,22,11,11,29,14,15,290,145,145,114,66,48
56047215,587,296,291,45,17,28,50,27,23,312,162,150,180,90,90
56047216,61,28,33,4,0,4,5,2,3,34,17,17,18,9,9
56047217,971,455,516,53,17,36,53,24,29,526,246,280,339,168,171
56047218,1617,797,820,111,51,60,100,39,61,821,408,413,585,299,286
56047219,609,318,291,26,13,13,51,24,27,363,190,173,169,91,78
56047220,1534,750,784,125,62,63,92,50,42,798,392,406,519,246,273
56047221,20,8,12,1,0,1,3,1,2,14,6,8,2,1,1
0738220,0,0,0,0,0,0,0,0,0,0,0,0,0,0,0
53833701,31,17,14,7,4,3,0,0,0,18,10,8,6,3,3
53833702,47,24,23,6,3,3,1,0,1,30,16,14,10,5,5
53833703,589,303,286,22,7,15,45,16,29,352,195,157,170,85,85
56049901,54,23,31,3,1,2,3,2,1,24,9,15,24,11,13
56049902,39,18,21,2,2,0,0,0,0,25,12,13,12,4,8
56049903,3790,1846,1944,248,109,139,237,104,133,2025,988,1037,1280,645,635
56049904,172,85,87,15,6,9,11,6,5,101,49,52,45,24,21
56049906,65,31,34,1,1,0,20,11,9,32,13,19,12,6,6
56049907,45,24,21,4,3,1,1,1,0,29,14,15,11,6,5
56049908,584,531,53,7,2,5,130,124,6,97,80,17,350,325,25
56049909,236,89,147,22,9,13,46,9,37,126,53,73,42,18,24
56050201,37,17,20,1,0,1,3,0,3,24,12,12,9,5,4
56050202,452,221,231,34,12,22,30,11,19,245,129,116,143,69,74
56053701,21,9,12,2,2,0,2,1,1,8,4,4,9,2,7
56053702,1155,552,603,77,33,44,61,21,40,712,338,374,305,160,145
56053703,567,311,256,52,29,23,33,16,17,319,167,152,163,99,64
56053705,759,397,362,45,19,26,36,19,17,439,231,208,239,128,111
56053706,274,131,143,16,7,9,21,5,16,137,64,73,100,55,45
56053707,68,35,33,3,0,3,4,2,2,45,25,20,16,8,8
56053708,92,49,43,1,1,0,5,3,2,41,20,21,45,25,20
56054501,773,400,373,39,15,24,34,16,18,497,253,244,203,116,87
56054502,512,251,261,20,6,14,15,7,8,342,175,167,135,63,72
56056101,48,26,22,2,1,1,5,3,2,13,7,6,28,15,13
56056102,135,71,64,11,5,6,4,2,2,49,25,24,71,39,32
56057001,49,27,22,0,0,0,0,0,0,37,20,17,12,7,5
56057002,186,94,92,18,6,12,5,2,3,107,59,48,56,27,29
56057003,140,69,71,8,2,6,4,2,2,90,44,46,38,21,17
56057004,507,261,246,29,16,13,50,18,32,271,140,131,157,87,70
56057005,983,488,495,67,28,39,73,35,38,489,249,240,354,176,178
56057006,657,343,314,36,17,19,28,10,18,404,209,195,189,107,82
56058801,83,46,37,6,2,4,3,1,2,43,26,17,31,17,14
56058802,703,352,351,61,26,35,43,17,26,261,135,126,338,174,164
56058804,512,245,267,33,14,19,51,23,28,235,116,119,193,92,101
56058805,192,100,92,16,8,8,12,7,5,87,43,44,77,42,35
56058806,46,21,25,4,1,3,0,0,0,38,18,20,4,2,2
56058807,21,11,10,0,0,0,1,1,0,12,6,6,8,4,4
1341470,0,0,0,0,0,0,0,0,0,0,0,0,0,0,0
1341550,0,0,0,0,0,0,0,0,0,0,0,0,0,0,0
56059601,64,33,31,5,2,3,2,1,1,30,18,12,27,12,15
56060001,30,16,14,1,0,1,1,1,0,14,9,5,14,6,8
56060002,213,109,104,5,2,3,15,9,6,127,62,65,66,36,30
56060003,2140,1046,1094,149,61,88,191,77,114,968,478,490,832,430,402
56060004,200,106,94,16,8,8,17,11,6,82,44,38,85,43,42
56060005,53,26,27,3,1,2,3,2,1,24,14,10,23,9,14
1421820,0,0,0,0,0,0,0,0,0,0,0,0,0,0,0
56061803,41,22,19,1,1,0,6,1,5,21,12,9,13,8,5
56061805,189,103,86,12,6,6,30,14,16,65,41,24,82,42,40
56061806,34,15,19,7,2,5,4,1,3,17,8,9,6,4,2
3024570,0,0,0,0,0,0,0,0,0,0,0,0,0,0,0
56028601,90,48,42,8,4,4,3,3,0,51,26,25,28,15,13
56028603,200,103,97,10,6,4,11,4,7,122,59,63,57,34,23
56028605,1608,796,812,79,31,48,95,42,53,826,403,423,608,320,288
56028606,969,578,391,51,22,29,57,27,30,402,222,180,459,307,152
56028607,1771,844,927,124,50,74,126,56,70,1041,496,545,480,242,238
56028608,5875,2787,3088,361,148,213,285,124,161,3442,1671,1771,1787,844,943
56028609,2649,1254,1395,141,56,85,187,75,112,1468,688,780,853,435,418
56028610,3249,1544,1705,254,109,145,150,67,83,1996,952,1044,849,416,433
56028611,566,281,285,60,28,32,29,16,13,353,175,178,124,62,62
56028612,22,17,5,0,0,0,3,3,0,6,5,1,13,9,4
56028613,998,472,526,72,27,45,44,21,23,622,297,325,260,127,133
56028615,1679,773,906,118,41,77,90,32,58,1008,491,517,463,209,254
56028616,1010,493,517,85,32,53,59,24,35,605,303,302,261,134,127
56028617,129,61,68,7,2,5,3,1,2,100,47,53,19,11,8
56028618,669,349,320,57,26,31,80,36,44,179,101,78,353,186,167
56064201,779,406,373,38,17,21,56,24,32,474,252,222,211,113,98
1576510,0,0,0,0,0,0,0,0,0,0,0,0,0,0,0
56065101,483,249,234,14,8,6,22,12,10,304,151,153,143,78,65
53843401,1338,661,677,78,27,51,56,27,29,767,376,391,437,231,206
53843402,34,18,16,1,1,0,2,0,2,22,12,10,9,5,4
53843403,274,133,141,23,7,16,9,6,3,197,101,96,45,19,26
53839601,331,160,171,20,10,10,13,7,6,217,107,110,81,36,45
1625580,0,0,0,0,0,0,0,0,0,0,0,0,0,0,0
56067701,104,55,49,5,2,3,8,4,4,68,35,33,23,14,9
56067702,60,32,28,5,2,3,8,5,3,24,12,12,23,13,10
56067704,55,31,24,6,3,3,5,2,3,30,18,12,14,8,6
56067705,90,49,41,5,3,2,2,1,1,63,33,30,20,12,8
53866301,160,85,75,13,6,7,3,1,2,92,49,43,52,29,23
57936001,261,133,128,10,7,3,19,14,5,160,77,83,72,35,37
56068501,1175,587,588,82,31,51,86,41,45,636,309,327,371,206,165
3313090,0,0,0,0,0,0,0,0,0,0,0,0,0,0,0
56070701,360,201,159,53,26,27,21,11,10,159,89,70,127,75,52
56234301,390,199,191,20,9,11,13,9,4,247,123,124,110,58,52
56235101,54,26,28,5,2,3,2,1,1,26,12,14,21,11,10
56235102,353,168,185,7,3,4,17,8,9,223,108,115,106,49,57
56235103,106,52,54,6,4,2,1,0,1,53,23,30,46,25,21
56235104,112,59,53,6,2,4,12,6,6,57,28,29,37,23,14
56235105,455,231,224,14,5,9,18,10,8,297,153,144,126,63,63
56235106,495,271,224,12,5,7,7,4,3,315,164,151,161,98,63
56235109,938,436,502,34,12,22,32,17,15,648,305,343,224,102,122
56235110,33,20,13,2,1,1,0,0,0,23,14,9,8,5,3
56235111,224,112,112,17,7,10,6,4,2,115,57,58,86,44,42
56235113,91,42,49,9,4,5,2,2,0,62,28,34,18,8,10
56235114,679,346,333,29,13,16,25,10,15,400,201,199,225,122,103
54464701,335,172,163,7,5,2,8,4,4,211,109,102,109,54,55
0213512,0,0,0,0,0,0,0,0,0,0,0,0,0,0,0
3098690,0,0,0,0,0,0,0,0,0,0,0,0,0,0,0
56239401,765,378,387,57,24,33,36,15,21,431,213,218,241,126,115
56239402,94,43,51,3,2,1,2,1,1,57,25,32,32,15,17
56239403,131,44,87,13,4,9,7,1,6,68,22,46,43,17,26
56239404,40,23,17,3,1,2,12,6,6,11,6,5,14,10,4
56239405,311,155,156,14,6,8,9,6,3,176,84,92,112,59,53
56239406,43,24,19,0,0,0,0,0,0,20,10,10,23,14,9
56239407,195,91,104,2,0,2,6,3,3,123,55,68,64,33,31
56239409,63,28,35,1,0,1,11,3,8,37,18,19,14,7,7
56239410,69,40,29,3,1,2,5,4,1,40,23,17,21,12,9
56239411,164,84,80,10,5,5,8,4,4,76,40,36,70,35,35
56239412,136,76,60,6,4,2,0,0,0,93,47,46,37,25,12
56239413,82,44,38,4,2,2,3,2,1,52,28,24,23,12,11
56239414,30,13,17,0,0,0,1,1,0,20,9,11,9,3,6
56239415,82,38,44,5,3,2,1,1,0,47,20,27,29,14,15
56239416,208,106,102,16,6,10,6,3,3,143,74,69,43,23,20
56239417,92,45,47,9,5,4,0,0,0,55,22,33,28,18,10
56239418,457,210,247,13,2,11,30,15,15,245,114,131,169,79,90
56239419,509,266,243,28,10,18,18,9,9,324,174,150,139,73,66
56239420,1237,626,611,107,46,61,54,28,26,588,296,292,488,256,232
56239421,387,176,211,26,10,16,27,6,21,243,122,121,91,38,53
0250032,0,0,0,0,0,0,0,0,0,0,0,0,0,0,0
0250540,0,0,0,0,0,0,0,0,0,0,0,0,0,0,0
0252670,0,0,0,0,0,0,0,0,0,0,0,0,0,0,0
0252830,0,0,0,0,0,0,0,0,0,0,0,0,0,0,0
0252910,0,0,0,0,0,0,0,0,0,0,0,0,0,0,0
3099230,0,0,0,0,0,0,0,0,0,0,0,0,0,0,0
3194650,0,0,0,0,0,0,0,0,0,0,0,0,0,0,0
3194730,0,0,0,0,0,0,0,0,0,0,0,0,0,0,0
3368150,0,0,0,0,0,0,0,0,0,0,0,0,0,0,0
3368310,0,0,0,0,0,0,0,0,0,0,0,0,0,0,0
56233501,85,44,41,8,4,4,0,0,0,41,20,21,36,20,16
56233502,76,39,37,5,1,4,3,1,2,55,31,24,13,6,7
56233503,51,27,24,4,2,2,4,3,1,34,16,18,9,6,3
56233506,181,86,95,7,2,5,8,4,4,129,63,66,37,17,20
56233507,4330,2024,2306,255,119,136,216,98,118,2606,1189,1417,1253,618,635
56233509,86,50,36,7,4,3,4,2,2,45,29,16,30,15,15
56233510,3335,1529,1806,178,79,99,170,65,105,2068,946,1122,919,439,480
56233512,2527,1252,1275,157,63,94,99,48,51,1524,751,773,747,390,357
56233514,31,15,16,2,0,2,0,0,0,16,8,8,13,7,6
56233516,157,80,77,9,4,5,3,2,1,105,54,51,40,20,20
56233517,3499,1608,1891,214,88,126,152,59,93,2073,956,1117,1060,505,555
56233520,4581,2386,2195,326,154,172,189,87,102,2371,1170,1201,1695,975,720
56233521,456,218,238,25,10,15,26,12,14,276,136,140,129,60,69
56233522,339,171,168,18,7,11,19,8,11,215,105,110,87,51,36
56233523,342,166,176,34,13,21,9,4,5,128,59,69,171,90,81
56233526,2896,1430,1466,172,63,109,134,63,71,1746,877,869,844,427,417
56233527,4161,1929,2232,268,115,153,184,72,112,2499,1154,1345,1210,588,622
56233528,445,199,246,27,13,14,17,6,11,299,130,169,102,50,52
56233529,1252,635,617,82,40,42,43,22,21,801,406,395,326,167,159
56233530,704,352,352,42,19,23,23,13,10,370,191,179,269,129,140
56233532,3670,1792,1878,173,66,107,154,65,89,2292,1164,1128,1051,497,554
56233533,907,447,460,56,27,29,32,18,14,554,272,282,265,130,135
56233534,292,153,139,16,11,5,7,5,2,184,98,86,85,39,46
56233536,277,141,136,7,3,4,19,9,10,181,90,91,70,39,31
56233537,166,84,82,4,3,1,11,6,5,111,52,59,40,23,17
56233538,1757,835,922,59,27,32,53,20,33,1138,559,579,507,229,278
56233539,333,174,159,8,4,4,12,6,6,246,122,124,67,42,25
56233540,141,82,59,15,8,7,6,4,2,83,49,34,37,21,16
56233542,594,288,306,17,9,8,20,10,10,402,192,210,155,77,78
56233543,185,87,98,10,3,7,4,3,1,119,52,67,52,29,23
56233544,232,119,113,12,5,7,8,4,4,138,68,70,74,42,32
56233545,97,51,46,3,1,2,1,0,1,70,40,30,23,10,13
56233546,559,285,274,36,21,15,35,16,19,367,181,186,121,67,54
56233547,100,53,47,11,6,5,1,0,1,62,35,27,26,12,14
56233548,195,95,100,9,4,5,13,9,4,113,53,60,60,29,31
56233549,218,113,105,13,4,9,6,4,2,149,80,69,50,25,25
56233550,445,224,221,18,7,11,13,8,5,299,154,145,115,55,60
56233551,306,149,157,20,7,13,9,5,4,216,105,111,61,32,29
56233552,175,81,94,11,5,6,8,5,3,122,53,69,34,18,16
56233553,297,156,141,15,8,7,8,3,5,202,104,98,72,41,31
56233555,4437,2153,2284,291,126,165,200,81,119,2332,1165,1167,1614,781,833
56233556,58,41,17,14,13,1,1,1,0,14,7,7,29,20,9
56233557,269,136,133,17,8,9,14,4,10,176,87,89,62,37,25
56233558,401,209,192,25,10,15,9,6,3,283,147,136,84,46,38
56233559,30,14,16,0,0,0,0,0,0,24,11,13,6,3,3
56233560,282,149,133,11,7,4,10,6,4,164,87,77,97,49,48
56233561,152,77,75,9,4,5,4,2,2,97,51,46,42,20,22
56233563,93,52,41,5,4,1,1,1,0,69,39,30,18,8,10
56233564,45,29,16,0,0,0,6,4,2,32,20,12,7,5,2
56233565,90,43,47,11,5,6,1,1,0,55,27,28,23,10,13
56240801,551,289,262,25,10,15,18,8,10,305,162,143,203,109,94
56240802,84,45,39,5,1,4,6,4,2,53,26,27,20,14,6
54578301,51,28,23,1,0,1,1,0,1,40,23,17,9,5,4
54578302,371,202,169,10,5,5,5,2,3,190,106,84,166,89,77
54585601,559,272,287,21,8,13,16,5,11,345,179,166,177,80,97
56243201,1090,543,547,93,44,49,86,32,54,571,297,274,340,170,170
56243202,95,47,48,2,1,1,4,2,2,56,28,28,33,16,17
56244101,1238,606,632,57,24,33,48,16,32,676,324,352,457,242,215
56244102,248,143,105,15,6,9,15,9,6,144,83,61,74,45,29
56244103,53,21,32,0,0,0,7,2,5,30,12,18,16,7,9
56244105,44,26,18,2,1,1,1,0,1,27,19,8,14,6,8
53041701,114,56,58,8,3,5,8,3,5,71,36,35,27,14,13
54589901,165,84,81,7,3,4,6,3,3,100,55,45,52,23,29
54589902,218,111,107,7,1,6,3,1,2,166,84,82,42,25,17
56248301,47,27,20,5,4,1,2,2,0,31,17,14,9,4,5
56248302,142,77,65,13,8,5,4,3,1,87,44,43,38,22,16
56248303,274,140,134,12,4,8,11,5,6,159,87,72,92,44,48
54592901,408,207,201,17,5,12,14,4,10,256,134,122,121,64,57
56250501,694,356,338,27,11,16,26,15,11,412,206,206,229,124,105
56250502,22,13,9,0,0,0,0,0,0,19,10,9,3,3,0
56250504,83,40,43,1,0,1,2,1,1,39,19,20,41,20,21
56251301,175,96,79,12,8,4,5,2,3,102,50,52,56,36,20
56251302,49,29,20,2,0,2,2,1,1,28,16,12,17,12,5
56252101,366,190,176,12,6,6,10,6,4,231,122,109,113,56,57
56252102,113,55,58,10,4,6,2,1,1,78,38,40,23,12,11
56252103,33,19,14,2,2,0,1,0,1,24,12,12,6,5,1
56252104,107,51,56,4,1,3,5,2,3,57,27,30,41,21,20
56252105,68,37,31,3,1,2,0,0,0,53,29,24,12,7,5
56252106,88,43,45,1,1,0,7,3,4,64,31,33,16,8,8
56253001,382,210,172,29,12,17,5,2,3,180,97,83,168,99,69
56253002,210,104,106,17,9,8,16,6,10,106,47,59,71,42,29
56253003,620,310,310,42,19,23,15,6,9,343,170,173,220,115,105
56253004,141,67,74,12,4,8,4,1,3,80,39,41,45,23,22
54468001,315,147,168,14,6,8,10,2,8,222,110,112,69,29,40
53039501,205,106,99,4,0,4,0,0,0,127,69,58,74,37,37
0592690,0,0,0,0,0,0,0,0,0,0,0,0,0,0,0
56255602,147,77,70,10,6,4,3,2,1,95,49,46,39,20,19
56255603,42,24,18,4,2,2,1,1,0,30,17,13,7,4,3
56255604,73,41,32,6,4,2,3,1,2,47,26,21,17,10,7
56255605,110,49,61,6,2,4,0,0,0,75,33,42,29,14,15
3099910,0,0,0,0,0,0,0,0,0,0,0,0,0,0,0
3100000,0,0,0,0,0,0,0,0,0,0,0,0,0,0,0
56256401,345,173,172,12,4,8,22,9,13,213,110,103,98,50,48
56256402,555,285,270,22,15,7,16,4,12,344,176,168,173,90,83
56256403,370,176,194,16,5,11,9,4,5,235,108,127,110,59,51
56256404,102,53,49,12,5,7,1,1,0,66,37,29,23,10,13
56256405,1601,765,836,62,24,38,41,20,21,1038,498,540,460,223,237
56256406,574,276,298,26,10,16,20,10,10,401,193,208,127,63,64
56256407,217,113,104,6,2,4,10,6,4,151,80,71,50,25,25
56256408,489,263,226,24,17,7,12,7,5,330,175,155,123,64,59
56256409,373,209,164,15,7,8,10,7,3,228,110,118,120,85,35
56256410,309,159,150,15,11,4,13,2,11,203,101,102,78,45,33
56257202,639,307,332,33,16,17,62,25,37,317,166,151,227,100,127
56257205,43,27,16,1,1,0,0,0,0,21,13,8,21,13,8
56258101,401,186,215,23,11,12,43,15,28,213,99,114,122,61,61
56258102,143,72,71,12,4,8,9,4,5,91,45,46,31,19,12
56258103,2758,1385,1373,159,75,84,125,56,69,1404,709,695,1070,545,525
56258104,82,41,41,5,3,2,2,1,1,47,24,23,28,13,15
56258105,76,35,41,1,0,1,3,2,1,45,21,24,27,12,15
54645301,259,140,119,8,3,5,5,3,2,132,71,61,114,63,51
56261102,33,16,17,2,1,1,0,0,0,20,11,9,11,4,7
56261103,46,24,22,3,1,2,6,4,2,18,9,9,19,10,9
56261104,2993,1488,1505,256,119,137,174,71,103,1682,845,837,881,453,428
56261105,90,46,44,6,4,2,6,4,2,48,23,25,30,15,15
56261106,28,17,11,4,2,2,0,0,0,19,11,8,5,4,1
56261107,31,13,18,3,1,2,1,1,0,19,7,12,8,4,4
56261108,115,52,63,8,2,6,9,5,4,64,36,28,34,9,25
56261109,46,24,22,5,2,3,5,2,3,24,14,10,12,6,6
54633001,196,96,100,11,5,6,13,5,8,87,40,47,85,46,39
54633002,20,9,11,3,1,2,0,0,0,12,5,7,5,3,2
54633003,22,12,10,2,1,1,0,0,0,13,7,6,7,4,3
56264501,103,65,38,12,7,5,2,1,1,68,47,21,21,10,11
56264502,186,97,89,29,12,17,14,4,10,69,37,32,74,44,30
56264503,85,46,39,7,4,3,6,5,1,49,26,23,23,11,12
56264504,44,17,27,3,0,3,2,0,2,22,11,11,17,6,11
56264506,67,31,36,6,2,4,7,6,1,40,16,24,14,7,7
54470101,229,122,107,8,4,4,15,9,6,159,83,76,47,26,21
56266102,639,299,340,50,20,30,33,6,27,334,158,176,222,115,107
54570801,225,124,101,6,5,1,3,2,1,107,56,51,109,61,48
54570802,43,20,23,1,0,1,1,0,1,22,10,12,19,10,9
54649601,910,473,437,29,12,17,25,12,13,620,320,300,236,129,107
56270001,132,67,65,5,1,4,3,1,2,93,49,44,31,16,15
56270002,212,106,106,9,6,3,3,1,2,150,68,82,50,31,19
56270003,120,60,60,7,4,3,1,1,0,86,42,44,26,13,13
56271801,34,16,18,2,0,2,2,0,2,19,8,11,11,8,3
56271802,47,27,20,2,1,1,0,0,0,22,12,10,23,14,9
56271803,129,60,69,12,7,5,4,1,3,73,31,42,40,21,19
56271804,69,43,26,5,3,2,0,0,0,53,33,20,11,7,4
56271805,539,269,270,15,5,10,7,1,6,374,197,177,143,66,77
56271806,27,12,15,0,0,0,0,0,0,15,6,9,12,6,6
56271807,61,30,31,4,0,4,0,0,0,26,14,12,31,16,15
54567801,692,351,341,20,8,12,27,13,14,441,222,219,204,108,96
54579101,215,113,102,24,13,11,15,9,6,86,44,42,90,47,43
56275101,398,197,201,19,9,10,75,40,35,188,94,94,116,54,62
56275102,1501,768,733,69,29,40,94,41,53,813,428,385,525,270,255
56275103,28,16,12,0,0,0,1,0,1,15,9,6,12,7,5
56275104,71,32,39,8,3,5,5,1,4,33,16,17,25,12,13
1435530,0,0,0,0,0,0,0,0,0,0,0,0,0,0,0
3028130,0,0,0,0,0,0,0,0,0,0,0,0,0,0,0
3100690,0,0,0,0,0,0,0,0,0,0,0,0,0,0,0
3280650,0,0,0,0,0,0,0,0,0,0,0,0,0,0,0
56277701,219,119,100,10,3,7,6,4,2,141,77,64,62,35,27
56277702,50,25,25,4,3,1,4,2,2,22,11,11,20,9,11
56277703,232,114,118,3,2,1,11,3,8,126,65,61,92,44,48
56277704,443,218,225,27,13,14,11,4,7,283,135,148,122,66,56
56277705,28,13,15,2,1,1,1,0,1,12,6,6,13,6,7
56277706,27,23,4,6,4,2,6,6,0,11,10,1,4,3,1
56277707,709,351,358,37,18,19,29,13,16,451,234,217,192,86,106
56277708,278,133,145,18,7,11,12,7,5,194,98,96,54,21,33
56277709,171,86,85,12,7,5,11,5,6,124,61,63,24,13,11
56277710,429,206,223,22,12,10,27,11,16,288,137,151,92,46,46
56277711,899,473,426,39,18,21,45,18,27,496,245,251,319,192,127
56277712,87,46,41,4,2,2,3,1,2,63,34,29,17,9,8
56277713,578,275,303,37,16,21,22,7,15,349,171,178,170,81,89
56277714,142,72,70,16,8,8,7,6,1,82,39,43,37,19,18
56277715,346,179,167,25,11,14,31,13,18,212,110,102,78,45,33
56277716,37,23,14,0,0,0,0,0,0,22,15,7,15,8,7
56277717,2899,1364,1535,183,77,106,131,51,80,1549,742,807,1036,494,542
56277718,517,261,256,21,10,11,31,15,16,272,140,132,193,96,97
56277719,1792,833,959,92,34,58,96,43,53,1018,478,540,586,278,308
56277720,498,231,267,18,5,13,27,15,12,321,151,170,132,60,72
56690002,26,14,12,1,0,1,0,0,0,19,11,8,6,3,3
56690003,525,280,245,25,15,10,26,15,11,339,178,161,135,72,63
56279301,94,53,41,16,8,8,5,4,1,46,25,21,27,16,11
56279302,574,299,275,38,17,21,26,14,12,323,158,165,187,110,77
54634801,264,136,128,20,13,7,27,14,13,148,71,77,69,38,31
56282301,209,123,86,10,6,4,9,3,6,117,69,48,73,45,28
56282304,691,355,336,34,16,18,36,13,23,388,205,183,233,121,112
56282305,39,18,21,0,0,0,1,0,1,18,8,10,20,10,10
56282306,202,90,112,5,2,3,11,5,6,118,55,63,68,28,40
54553801,151,85,66,2,2,0,2,1,1,103,55,48,44,27,17
54553802,51,25,26,2,0,2,5,4,1,23,12,11,21,9,12
0727020,0,0,0,0,0,0,0,0,0,0,0,0,0,0,0
3101400,0,0,0,0,0,0,0,0,0,0,0,0,0,0,0
3102210,0,0,0,0,0,0,0,0,0,0,0,0,0,0,0
56285801,21,9,12,3,0,3,0,0,0,16,9,7,2,0,2
56285802,37,18,19,3,3,0,1,0,1,25,11,14,8,4,4
56285803,103,51,52,13,7,6,3,1,2,53,27,26,34,16,18
56285804,124,64,60,4,2,2,5,4,1,70,33,37,45,25,20
56285805,35,18,17,1,0,1,0,0,0,9,5,4,25,13,12
56285807,217,114,103,17,9,8,12,7,5,134,69,65,54,29,25
56285808,104,57,47,4,2,2,32,20,12,47,23,24,21,12,9
56285809,178,91,87,5,1,4,5,2,3,100,51,49,68,37,31
56285810,198,101,97,13,7,6,5,2,3,93,47,46,87,45,42
56285811,464,227,237,23,9,14,19,5,14,315,157,158,107,56,51
56285812,535,241,294,31,9,22,25,9,16,290,136,154,189,87,102
56285814,624,321,303,50,22,28,31,17,14,278,135,143,265,147,118
56285815,483,240,243,26,13,13,21,8,13,292,147,145,144,72,72
56285816,247,109,138,13,6,7,14,6,8,106,49,57,114,48,66
56285817,1331,662,669,108,50,58,55,26,29,456,234,222,712,352,360
56285818,222,120,102,15,7,8,5,3,2,121,61,60,81,49,32
56285820,465,237,228,27,13,14,20,9,11,263,138,125,155,77,78
56285821,102,58,44,4,3,1,1,1,0,66,36,30,31,18,13
55519301,48,20,28,8,0,8,2,1,1,33,17,16,5,2,3
55519303,47,24,23,15,6,9,0,0,0,22,11,11,10,7,3
55519304,55,26,29,1,1,0,1,0,1,37,19,18,16,6,10
55519305,364,190,174,9,4,5,14,7,7,208,109,99,133,70,63
1766130,0,0,0,0,0,0,0,0,0,0,0,0,0,0,0
56287401,374,201,173,11,5,6,13,7,6,234,127,107,116,62,54
1770410,0,0,0,0,0,0,0,0,0,0,0,0,0,0,0
1770830,0,0,0,0,0,0,0,0,0,0,0,0,0,0,0
1771130,0,0,0,0,0,0,0,0,0,0,0,0,0,0,0
3028300,0,0,0,0,0,0,0,0,0,0,0,0,0,0,0
56288201,341,183,158,12,7,5,16,6,10,215,116,99,98,54,44
56288202,1333,642,691,78,35,43,73,28,45,836,403,433,346,176,170
56288204,1013,489,524,56,24,32,59,31,28,583,276,307,315,158,157
56288205,569,278,291,46,19,27,26,15,11,291,144,147,206,100,106
56288206,769,370,399,44,15,29,40,16,24,392,200,192,293,139,154
56288207,468,244,224,19,4,15,18,10,8,265,137,128,166,93,73
56288208,797,392,405,43,20,23,46,18,28,454,233,221,254,121,133
56288209,499,255,244,48,28,20,25,16,9,293,150,143,133,61,72
56288210,1119,530,589,84,30,54,38,13,25,567,279,288,430,208,222
56288211,1676,759,917,119,46,73,89,30,59,926,433,493,542,250,292
56288212,1126,515,611,50,22,28,46,16,30,668,313,355,362,164,198
56288213,821,406,415,60,21,39,46,22,24,458,228,230,257,135,122
56288214,1110,540,570,82,33,49,40,22,18,490,224,266,498,261,237
56288215,636,308,328,41,15,26,33,14,19,337,162,175,225,117,108
56288216,53,26,27,3,1,2,3,1,2,31,15,16,16,9,7
56288217,635,308,327,27,10,17,24,9,15,374,184,190,210,105,105
56288218,763,418,345,23,11,12,30,8,22,397,197,200,313,202,111
56288220,627,299,328,43,16,27,14,8,6,382,186,196,188,89,99
56288221,35,17,18,1,0,1,0,0,0,19,8,11,15,9,6
56289101,167,76,91,4,2,2,2,1,1,110,51,59,51,22,29
56289102,64,31,33,5,3,2,2,1,1,46,22,24,11,5,6
56289103,272,137,135,6,2,4,3,2,1,183,98,85,80,35,45
56291201,53,27,26,9,4,5,5,2,3,24,13,11,15,8,7
56291203,67,36,31,3,0,3,4,3,1,38,21,17,22,12,10
56291205,1308,655,653,55,24,31,48,25,23,725,351,374,480,255,225
56291206,461,225,236,26,11,15,19,8,11,263,130,133,153,76,77
56292102,89,49,40,5,2,3,1,0,1,67,39,28,16,8,8
56292104,81,44,37,2,0,2,3,1,2,52,30,22,24,13,11
56292105,94,54,40,4,3,1,3,3,0,63,36,27,24,12,12
56292106,32,17,15,2,0,2,4,2,2,20,13,7,6,2,4
56292107,878,441,437,32,17,15,18,8,10,609,298,311,219,118,101
56293901,347,181,166,5,1,4,6,2,4,233,129,104,103,49,54
56294701,884,407,477,61,25,36,54,16,38,490,239,251,279,127,152
56298001,126,66,60,7,2,5,2,1,1,82,42,40,35,21,14
56298002,102,50,52,12,5,7,8,4,4,57,25,32,25,16,9
56299801,62,31,31,4,0,4,0,0,0,51,27,24,7,4,3
56299802,249,129,120,12,8,4,10,1,9,165,87,78,62,33,29
56299803,64,35,29,0,0,0,1,0,1,48,26,22,15,9,6
56299804,23,11,12,1,0,1,2,1,1,9,4,5,11,6,5
56299805,49,27,22,1,0,1,1,1,0,43,24,19,4,2,2
56299806,33,13,20,2,0,2,1,1,0,24,9,15,6,3,3
56299807,51,29,22,5,2,3,1,1,0,31,16,15,14,10,4
56299808,64,34,30,6,3,3,1,0,1,42,22,20,15,9,6
56300501,206,117,89,10,5,5,5,3,2,141,78,63,50,31,19
56300502,81,42,39,1,0,1,3,2,1,55,27,28,22,13,9
56300503,23,13,10,1,0,1,0,0,0,14,9,5,8,4,4
56301301,1152,568,584,39,16,23,46,17,29,754,386,368,313,149,164
56301303,20,14,6,2,1,1,0,0,0,9,7,2,9,6,3
56301304,79,38,41,11,6,5,0,0,0,50,22,28,18,10,8
56301305,28,14,14,0,0,0,4,2,2,12,6,6,12,6,6
56301306,100,49,51,9,4,5,11,7,4,51,29,22,29,9,20
56301307,31,17,14,2,1,1,1,0,1,20,11,9,8,5,3
56302101,622,304,318,27,12,15,13,8,5,446,215,231,136,69,67
0307320,0,0,0,0,0,0,0,0,0,0,0,0,0,0,0
56304802,75,43,32,3,2,1,3,1,2,45,22,23,24,18,6
56304803,98,44,54,4,3,1,0,0,0,51,25,26,43,16,27
56305601,801,399,402,27,8,19,51,25,26,516,253,263,207,113,94
0418230,0,0,0,0,0,0,0,0,0,0,0,0,0,0,0
56306401,113,55,58,5,2,3,3,1,2,82,41,41,23,11,12
56306402,196,109,87,16,6,10,5,2,3,99,55,44,76,46,30
56307201,430,223,207,19,12,7,20,12,8,242,125,117,149,74,75
56307202,50,27,23,3,0,3,3,2,1,29,14,15,15,11,4
56308101,280,146,134,9,4,5,22,8,14,139,70,69,110,64,46
56308102,31,14,17,0,0,0,0,0,0,25,11,14,6,3,3
56308104,21,11,10,0,0,0,4,2,2,10,6,4,7,3,4
56308105,79,39,40,5,3,2,1,0,1,44,24,20,29,12,17
56308106,23,14,9,1,0,1,2,1,1,17,12,5,3,1,2
56308108,160,86,74,9,2,7,9,5,4,95,54,41,47,25,22
0525230,0,0,0,0,0,0,0,0,0,0,0,0,0,0,0
0525910,0,0,0,0,0,0,0,0,0,0,0,0,0,0,0
3366020,0,0,0,0,0,0,0,0,0,0,0,0,0,0,0
56297101,1142,533,609,70,26,44,56,23,33,722,349,373,294,135,159
56297103,4669,2240,2429,310,130,180,242,103,139,2539,1242,1297,1578,765,813
56297104,2869,1370,1499,175,68,107,147,69,78,1737,835,902,810,398,412
56297105,100,56,44,12,6,6,25,18,7,47,21,26,16,11,5
56297106,444,218,226,19,7,12,15,8,7,307,149,158,103,54,49
56297107,801,369,432,68,28,40,41,15,26,485,229,256,207,97,110
56297108,205,99,106,15,7,8,18,8,10,110,53,57,62,31,31
56297109,1266,614,652,66,20,46,74,38,36,882,429,453,244,127,117
56297110,147,79,68,5,2,3,0,0,0,118,66,52,24,11,13
56297111,56,20,36,4,1,3,7,1,6,32,13,19,13,5,8
56297112,349,183,166,30,17,13,41,16,25,133,76,57,145,74,71
56297113,3075,1468,1607,177,77,100,157,60,97,2027,987,1040,714,344,370
56297114,1334,648,686,90,38,52,88,41,47,729,366,363,427,203,224
56297115,694,330,364,35,11,24,38,24,14,469,226,243,152,69,83
56297116,2998,1410,1588,239,108,131,189,87,102,1489,699,790,1081,516,565
56297117,428,203,225,36,14,22,43,28,15,249,115,134,100,46,54
56297118,54,31,23,5,5,0,2,1,1,24,13,11,23,12,11
56297119,175,82,93,10,4,6,13,6,7,116,60,56,36,12,24
56297120,482,223,259,37,13,24,18,9,9,287,142,145,140,59,81
56297121,1241,599,642,73,35,38,65,24,41,748,367,381,355,173,182
56297122,1945,951,994,130,56,74,100,48,52,1211,594,617,504,253,251
56297123,3601,1760,1841,153,60,93,161,69,92,2294,1130,1164,993,501,492
56297124,4429,2085,2344,281,128,153,293,132,161,2652,1228,1424,1203,597,606
56297125,2480,1382,1098,136,64,72,103,54,49,1248,649,599,993,615,378
56297126,7182,3432,3750,463,199,264,374,179,195,3936,1868,2068,2409,1186,1223
56297127,3266,1527,1739,297,124,173,210,80,130,1562,751,811,1197,572,625
56297128,23,14,9,1,1,0,3,1,2,12,8,4,7,4,3
56297129,51,23,28,2,0,2,2,0,2,26,14,12,21,9,12
56297130,43,37,6,0,0,0,5,3,2,35,31,4,3,3,0
0608440,0,0,0,0,0,0,0,0,0,0,0,0,0,0,0
56309902,119,61,58,6,3,3,4,2,2,84,47,37,25,9,16
56309903,428,220,208,30,19,11,18,10,8,287,139,148,93,52,41
56309904,121,56,65,9,6,3,4,3,1,78,37,41,30,10,20
56309905,25,16,9,3,1,2,1,1,0,19,12,7,2,2,0
56309906,137,69,68,13,7,6,3,0,3,90,50,40,31,12,19
56309907,28,14,14,1,0,1,1,0,1,24,14,10,2,0,2
56309908,1751,851,900,75,35,40,75,38,37,1122,548,574,479,230,249
56309909,2565,1256,1309,159,77,82,107,48,59,1535,764,771,764,367,397
56309910,401,210,191,34,20,14,12,7,5,221,114,107,134,69,65
56309911,1497,727,770,72,35,37,73,34,39,908,442,466,444,216,228
56309912,1136,531,605,67,29,38,65,28,37,730,355,375,274,119,155
56309913,3465,1757,1708,213,96,117,195,87,108,1992,972,1020,1065,602,463
56309914,119,56,63,6,4,2,2,0,2,89,44,45,22,8,14
56309916,2839,1406,1433,205,95,110,119,47,72,1199,573,626,1316,691,625
56309917,3259,1603,1656,233,108,125,144,63,81,1913,950,963,969,482,487
56309918,467,224,243,13,5,8,25,9,16,302,149,153,127,61,66
56309919,30,14,16,3,1,2,0,0,0,17,9,8,10,4,6
1718910,0,0,0,0,0,0,0,0,0,0,0,0,0,0,0
1732820,0,0,0,0,0,0,0,0,0,0,0,0,0,0,0
3218340,0,0,0,0,0,0,0,0,0,0,0,0,0,0,0
3218420,0,0,0,0,0,0,0,0,0,0,0,0,0,0,0
3281110,0,0,0,0,0,0,0,0,0,0,0,0,0,0,0
3366450,0,0,0,0,0,0,0,0,0,0,0,0,0,0,0
3366530,0,0,0,0,0,0,0,0,0,0,0,0,0,0,0
56310201,52,26,26,7,1,6,1,1,0,24,13,11,20,11,9
56310205,22,12,10,1,1,0,2,1,1,7,2,5,12,8,4
56310206,78,46,32,4,2,2,4,0,4,56,33,23,14,11,3
56310207,157,85,72,6,3,3,9,5,4,62,35,27,80,42,38
56310208,168,91,77,10,4,6,15,9,6,108,57,51,35,21,14
56310209,183,89,94,9,4,5,57,26,31,39,21,18,78,38,40
56310210,20,10,10,0,0,0,0,0,0,13,8,5,7,2,5
56310211,114,60,54,3,1,2,8,5,3,73,40,33,30,14,16
56310212,113,60,53,4,2,2,7,2,5,81,45,36,21,11,10
56310214,1995,1019,976,154,76,78,157,73,84,946,490,456,738,380,358
56310215,1294,624,670,99,50,49,74,28,46,687,337,350,434,209,225
56310216,3771,1823,1948,243,100,143,227,95,132,2038,1008,1030,1263,620,643
56310217,1378,680,698,95,46,49,91,53,38,753,361,392,439,220,219
56310218,508,256,252,40,20,20,27,13,14,347,170,177,94,53,41
56310219,3054,1454,1600,176,85,91,160,69,91,1780,840,940,938,460,478
56310220,29,12,17,3,1,2,5,2,3,15,7,8,6,2,4
56310221,269,133,136,14,8,6,12,5,7,195,91,104,48,29,19
56310222,35,20,15,5,2,3,3,2,1,16,9,7,11,7,4
56310223,249,121,128,14,7,7,15,9,6,153,70,83,67,35,32
56310224,105,54,51,15,10,5,20,7,13,48,26,22,22,11,11
56310225,130,65,65,9,5,4,12,4,8,82,44,38,27,12,15
56310226,644,320,324,39,22,17,33,11,22,381,185,196,191,102,89
56310228,94,45,49,4,1,3,4,4,0,59,29,30,27,11,16
56310229,1320,706,614,83,48,35,89,49,40,724,365,359,424,244,180
56310231,1604,775,829,97,44,53,82,36,46,969,459,510,456,236,220
0621380,0,0,0,0,0,0,0,0,0,0,0,0,0,0,0
0621460,0,0,0,0,0,0,0,0,0,0,0,0,0,0,0
56311101,102,53,49,5,3,2,3,1,2,62,32,30,32,17,15
56311102,46,28,18,6,4,2,3,3,0,26,14,12,11,7,4
56311103,80,41,39,3,0,3,1,1,0,60,33,27,16,7,9
0656920,0,0,0,0,0,0,0,0,0,0,0,0,0,0,0
1802030,0,0,0,0,0,0,0,0,0,0,0,0,0,0,0
1802110,0,0,0,0,0,0,0,0,0,0,0,0,0,0,0
1984980,0,0,0,0,0,0,0,0,0,0,0,0,0,0,0
3029020,0,0,0,0,0,0,0,0,0,0,0,0,0,0,0
3029290,0,0,0,0,0,0,0,0,0,0,0,0,0,0,0
56312901,98,52,46,8,4,4,3,0,3,71,38,33,16,10,6
56312903,89,44,45,7,2,5,11,5,6,39,20,19,32,17,15
56312904,64,30,34,5,2,3,3,2,1,47,22,25,9,4,5
56312905,138,65,73,7,1,6,9,6,3,84,40,44,38,18,20
56312907,271,135,136,10,3,7,13,6,7,195,98,97,53,28,25
56312908,136,71,65,8,6,2,7,2,5,77,41,36,44,22,22
56312909,30,16,14,0,0,0,1,0,1,18,11,7,11,5,6
56312911,37,18,19,1,1,0,0,0,0,28,13,15,8,4,4
56312912,2338,1101,1237,122,58,64,104,35,69,1367,648,719,745,360,385
56312913,936,530,406,36,19,17,35,23,12,474,252,222,391,236,155
56312915,1841,905,936,119,50,69,82,39,43,934,471,463,706,345,361
56312916,359,175,184,21,9,12,18,6,12,226,115,111,94,45,49
56312917,1409,687,722,77,35,42,66,29,37,864,428,436,402,195,207
56312918,1965,969,996,143,66,77,104,40,64,1091,542,549,627,321,306
56312920,28,14,14,4,1,3,3,2,1,11,5,6,10,6,4
56312922,1596,801,795,105,54,51,84,39,45,957,462,495,450,246,204
56312923,85,52,33,10,6,4,4,2,2,52,30,22,19,14,5
56312924,2409,1135,1274,124,64,60,101,44,57,1450,675,775,734,352,382
56313701,940,492,448,30,14,16,45,23,22,611,325,286,254,130,124
1361660,0,0,0,0,0,0,0,0,0,0,0,0,0,0,0
1362120,0,0,0,0,0,0,0,0,0,0,0,0,0,0,0
56331502,131,101,30,5,3,2,13,7,6,36,22,14,77,69,8
56331505,31,16,15,2,1,1,6,3,3,18,8,10,5,4,1
0762520,0,0,0,0,0,0,0,0,0,0,0,0,0,0,0
56316101,39,19,20,0,0,0,3,1,2,24,10,14,12,8,4
56316102,82,44,38,1,1,0,4,2,2,58,31,27,19,10,9
56316103,163,103,60,9,5,4,10,4,6,71,45,26,73,49,24
56316104,51,24,27,1,0,1,0,0,0,38,15,23,12,9,3
56316105,47,23,24,3,0,3,1,0,1,36,18,18,7,5,2
56318801,35,14,21,1,0,1,7,2,5,20,9,11,7,3,4
56318802,199,100,99,8,3,5,5,1,4,133,69,64,53,27,26
54651801,53,29,24,7,4,3,6,3,3,24,12,12,16,10,6
54651802,40,26,14,2,1,1,0,0,0,26,16,10,12,9,3
0729230,0,0,0,0,0,0,0,0,0,0,0,0,0,0,0
0910060,0,0,0,0,0,0,0,0,0,0,0,0,0,0,0
56320001,67,27,40,5,1,4,1,0,1,34,16,18,27,10,17
56320002,152,76,76,9,5,4,3,2,1,98,53,45,42,16,26
56320003,579,304,275,18,10,8,12,6,6,367,191,176,182,97,85
56320004,36,20,16,2,1,1,0,0,0,28,15,13,6,4,2
56320005,44,20,24,0,0,0,0,0,0,32,14,18,12,6,6
56320007,50,26,24,4,2,2,5,3,2,35,18,17,6,3,3
0922740,0,0,0,0,0,0,0,0,0,0,0,0,0,0,0
56321802,600,295,305,27,10,17,39,15,24,345,173,172,189,97,92
56322601,23,12,11,3,0,3,0,0,0,18,10,8,2,2,0
56322603,118,60,58,9,6,3,5,2,3,84,41,43,20,11,9
56324201,120,66,54,4,3,1,5,1,4,79,43,36,32,19,13
56324202,264,142,122,14,7,7,17,7,10,168,92,76,65,36,29
56324203,39,23,16,4,1,3,2,0,2,30,20,10,3,2,1
54616001,151,85,66,11,6,5,3,1,2,91,51,40,46,27,19
54616002,98,49,49,2,1,1,2,1,1,75,34,41,19,13,6
3300350,0,0,0,0,0,0,0,0,0,0,0,0,0,0,0
56326901,146,76,70,11,4,7,4,1,3,108,59,49,23,12,11
56326903,221,130,91,10,3,7,11,6,5,144,85,59,56,36,20
56326904,30,14,16,1,0,1,0,0,0,22,10,12,7,4,3
56327701,687,354,333,40,18,22,26,10,16,459,233,226,162,93,69
56328502,126,62,64,13,5,8,3,1,2,84,45,39,26,11,15
56328503,177,91,86,12,5,7,7,3,4,102,54,48,56,29,27
56328504,42,15,27,0,0,0,5,2,3,25,10,15,12,3,9
56328505,602,313,289,28,12,16,26,13,13,410,213,197,138,75,63
56328506,115,61,54,3,1,2,8,6,2,71,35,36,33,19,14
56328507,38,21,17,6,2,4,3,2,1,25,16,9,4,1,3
56328508,50,28,22,3,2,1,0,0,0,36,19,17,11,7,4
54606201,189,94,95,7,6,1,5,3,2,113,54,59,64,31,33
56329301,189,107,82,10,7,3,4,1,3,110,63,47,65,36,29
54607101,387,199,188,23,8,15,19,8,11,273,141,132,72,42,30
1824512,0,0,0,0,0,0,0,0,0,0,0,0,0,0,0
56332301,36,20,16,1,0,1,1,1,0,25,14,11,9,5,4
56332302,34,20,14,2,0,2,0,0,0,25,15,10,7,5,2
56332303,868,433,435,60,19,41,27,10,17,539,288,251,242,116,126
56332307,55,32,23,0,0,0,2,1,1,27,15,12,26,16,10
56332308,37,20,17,0,0,0,6,3,3,17,8,9,14,9,5
56332309,106,56,50,1,1,0,7,2,5,80,43,37,18,10,8
56332311,27,15,12,0,0,0,0,0,0,16,9,7,11,6,5
56333101,49,25,24,4,2,2,0,0,0,34,18,16,11,5,6
56333102,178,82,96,22,6,16,4,3,1,78,43,35,74,30,44
56333104,47,23,24,2,0,2,2,1,1,25,15,10,18,7,11
56333105,59,37,22,1,0,1,7,4,3,25,15,10,26,18,8
56333106,55,23,32,1,0,1,3,1,2,24,9,15,27,13,14
0742760,0,0,0,0,0,0,0,0,0,0,0,0,0,0,0
56334001,1433,742,691,70,33,37,60,31,29,949,488,461,354,190,164
56335801,146,74,72,9,3,6,1,0,1,106,52,54,30,19,11
56335802,785,394,391,36,19,17,31,12,19,537,265,272,181,98,83
56335803,55,30,25,1,0,1,1,0,1,40,23,17,13,7,6
56335804,64,34,30,5,3,2,13,5,8,40,23,17,6,3,3
56338201,139,72,67,7,3,4,5,2,3,106,57,49,21,10,11
56338202,1069,541,528,49,20,29,65,32,33,653,335,318,302,154,148
56340401,44,28,16,4,3,1,3,1,2,22,13,9,15,11,4
56340402,138,69,69,14,9,5,11,6,5,64,28,36,49,26,23
56340403,2513,1278,1235,128,63,65,175,78,97,1313,670,643,897,467,430
56341201,26,15,11,2,0,2,0,0,0,12,7,5,12,8,4
56341202,96,46,50,1,0,1,2,1,1,58,26,32,35,19,16
56341203,92,41,51,9,5,4,5,0,5,41,20,21,37,16,21
56341204,56,32,24,5,3,2,7,4,3,29,17,12,15,8,7
56341205,44,26,18,3,2,1,3,2,1,31,18,13,7,4,3
56343901,441,226,215,26,14,12,27,10,17,270,142,128,118,60,58
56343902,21,11,10,0,0,0,0,0,0,13,7,6,8,4,4
56343903,67,31,36,4,2,2,0,0,0,41,21,20,22,8,14
56343904,61,36,25,1,1,0,2,1,1,37,22,15,21,12,9
1067210,0,0,0,0,0,0,0,0,0,0,0,0,0,0,0
56346302,184,96,88,6,5,1,5,3,2,121,57,64,52,31,21
56346303,127,63,64,7,2,5,7,3,4,85,44,41,28,14,14
56347101,535,462,73,11,6,5,2,2,0,87,43,44,435,411,24
56348001,176,80,96,11,3,8,2,1,1,114,52,62,49,24,25
1878280,0,0,0,0,0,0,0,0,0,0,0,0,0,0,0
56349803,35,20,15,7,3,4,0,0,0,20,14,6,8,3,5
56349804,227,121,106,8,4,4,7,2,5,138,75,63,74,40,34
1881070,0,0,0,0,0,0,0,0,0,0,0,0,0,0,0
56350101,73,35,38,2,1,1,2,0,2,50,25,25,19,9,10
56350102,201,100,101,7,3,4,4,1,3,129,64,65,61,32,29
56350104,789,394,395,37,17,20,20,10,10,570,283,287,162,84,78
56457502,754,366,388,37,15,22,42,24,18,456,225,231,219,102,117
56457503,103,53,50,2,1,1,6,4,2,57,28,29,38,20,18
56457504,396,185,211,14,3,11,16,4,12,255,125,130,111,53,58
56459101,2078,1011,1067,121,51,70,148,63,85,1257,620,637,552,277,275
56459102,337,165,172,14,5,9,43,18,25,207,104,103,73,38,35
56461301,436,224,212,12,7,5,22,10,12,244,123,121,158,84,74
56462101,1139,555,584,68,31,37,70,22,48,624,302,322,377,200,177
56462102,88,48,40,2,1,1,8,4,4,61,33,28,17,10,7
54675501,89,48,41,3,3,0,6,3,3,50,26,24,30,16,14
56464801,438,233,205,27,18,9,11,7,4,277,138,139,123,70,53
56465601,20,12,8,0,0,0,1,0,1,4,3,1,15,9,6
56465602,122,62,60,7,2,5,7,5,2,77,37,40,31,18,13
56465603,1374,687,687,92,45,47,79,36,43,712,348,364,491,258,233
56465604,188,96,92,26,11,15,14,6,8,94,47,47,54,32,22
56465605,84,43,41,5,2,3,3,1,2,60,32,28,16,8,8
56465606,24,13,11,3,0,3,3,2,1,18,11,7,0,0,0
56465607,122,62,60,1,1,0,4,1,3,64,33,31,53,27,26
56465608,98,54,44,5,1,4,4,2,2,73,42,31,16,9,7
56465609,94,52,42,2,1,1,3,2,1,63,34,29,26,15,11
54678001,220,113,107,17,7,10,1,1,0,131,69,62,71,36,35
54678002,80,40,40,3,0,3,3,2,1,43,24,19,31,14,17
56467201,353,174,179,18,9,9,17,9,8,224,111,113,94,45,49
54685201,223,111,112,15,6,9,13,6,7,139,71,68,56,28,28
56469901,130,70,60,5,4,1,1,0,1,76,38,38,48,28,20
54242301,315,168,147,24,13,11,26,12,14,178,101,77,87,42,45
3315460,0,0,0,0,0,0,0,0,0,0,0,0,0,0,0
56471101,1304,624,680,80,32,48,84,29,55,734,354,380,406,209,197
56471102,96,48,48,4,2,2,2,0,2,62,30,32,28,16,12
56472901,127,72,55,3,2,1,11,5,6,62,33,29,51,32,19
56472902,41,21,20,3,1,2,1,0,1,21,11,10,16,9,7
56472903,38,18,20,4,2,2,0,0,0,26,13,13,8,3,5
56472904,173,90,83,10,5,5,11,4,7,89,45,44,63,36,27
56473701,170,83,87,15,6,9,9,3,6,50,27,23,96,47,49
56474501,536,279,257,29,14,15,17,8,9,383,199,184,107,58,49
56475301,447,206,241,24,11,13,37,10,27,283,129,154,103,56,47
55364601,281,160,121,16,6,10,10,6,4,170,98,72,85,50,35
56477001,44,23,21,1,1,0,1,0,1,26,15,11,16,7,9
56477002,211,102,109,8,2,6,3,2,1,131,63,68,69,35,34
56477004,28,16,12,4,2,2,1,0,1,20,12,8,3,2,1
56481801,412,218,194,25,16,9,15,7,8,252,133,119,120,62,58
56483401,249,137,112,19,8,11,8,5,3,119,66,53,103,58,45
56483402,32,16,16,4,2,2,2,1,1,17,8,9,9,5,4
56484201,127,61,66,19,6,13,11,5,6,55,30,25,42,20,22
56484203,82,40,42,3,0,3,3,1,2,55,30,25,21,9,12
56484204,88,42,46,8,3,5,1,1,0,55,25,30,24,13,11
56485101,1195,651,544,80,49,31,72,45,27,637,319,318,406,238,168
54676301,99,46,53,5,1,4,10,2,8,56,30,26,28,13,15
56487701,836,426,410,22,10,12,44,22,22,535,273,262,235,121,114
56487702,605,314,291,24,13,11,38,16,22,353,179,174,190,106,84
56487703,167,83,84,2,1,1,20,8,12,91,48,43,54,26,28
56487704,99,53,46,6,3,3,10,6,4,60,32,28,23,12,11
56489301,431,227,204,25,13,12,18,11,7,275,144,131,113,59,54
56489302,271,130,141,33,14,19,12,6,6,140,68,72,86,42,44
56492301,348,175,173,17,5,12,13,7,6,215,112,103,103,51,52
56492302,322,160,162,27,8,19,19,8,11,158,89,69,118,55,63
56493101,151,76,75,6,3,3,14,8,6,91,49,42,40,16,24
56494001,537,301,236,26,14,12,19,11,8,287,147,140,205,129,76
56495801,289,151,138,19,11,8,10,6,4,175,91,84,85,43,42
56496601,155,83,72,6,2,4,15,6,9,85,43,42,49,32,17
56496602,53,26,27,2,0,2,1,1,0,39,20,19,11,5,6
54681001,130,66,64,2,2,0,5,1,4,71,38,33,52,25,27
54681002,46,22,24,9,5,4,8,2,6,15,8,7,14,7,7
50552801,313,164,149,19,9,10,28,14,14,165,86,79,101,55,46
54677101,180,98,82,11,5,6,12,6,6,109,61,48,48,26,22
56501601,369,185,184,19,10,9,19,8,11,203,102,101,128,65,63
56502401,474,247,227,28,14,14,41,21,20,269,134,135,136,78,58
56503201,560,291,269,23,10,13,16,12,4,336,171,165,185,98,87
56505901,414,219,195,19,11,8,22,11,11,252,132,120,121,65,56
56506701,436,205,231,27,13,14,44,22,22,238,119,119,127,51,76
56506702,400,178,222,24,11,13,30,9,21,214,110,104,132,48,84
56506703,86,43,43,4,2,2,4,2,2,52,27,25,26,12,14
56507501,253,130,123,11,7,4,17,10,7,173,86,87,52,27,25
56507503,96,52,44,3,2,1,4,2,2,59,33,26,30,15,15
56508301,817,422,395,45,19,26,43,18,25,504,268,236,225,117,108
56508302,142,72,70,6,1,5,6,2,4,89,47,42,41,22,19
56508303,127,68,59,7,2,5,9,6,3,81,45,36,30,15,15
56508304,35,21,14,1,0,1,2,2,0,15,9,6,17,10,7
56508305,313,173,140,15,6,9,8,6,2,199,114,85,91,47,44
56509101,287,144,143,13,7,6,9,4,5,192,95,97,73,38,35
56510501,28,14,14,2,1,1,1,0,1,19,10,9,6,3,3
56510502,96,53,43,6,2,4,6,2,4,56,31,25,28,18,10
56510504,22,13,9,2,1,1,2,1,1,10,7,3,8,4,4
56511301,364,215,149,16,7,9,48,38,10,203,108,95,97,62,35
1516452,0,0,0,0,0,0,0,0,0,0,0,0,0,0,0
56512101,90,44,46,3,1,2,4,2,2,51,22,29,32,19,13
56512102,72,37,35,2,0,2,3,2,1,51,27,24,16,8,8
56512104,54,28,26,3,1,2,0,0,0,34,17,17,17,10,7
56512105,751,387,364,30,8,22,41,22,19,462,237,225,218,120,98
56512106,29,10,19,1,0,1,2,1,1,17,5,12,9,4,5
56512107,81,45,36,5,4,1,6,3,3,48,26,22,22,12,10
56512108,52,28,24,1,1,0,3,2,1,29,16,13,19,9,10
56512109,46,26,20,3,1,2,9,3,6,23,14,9,11,8,3
56512110,26,14,12,1,1,0,2,1,1,18,10,8,5,2,3
56512111,24,10,14,1,0,1,1,1,0,14,6,8,8,3,5
56512112,160,86,74,13,5,8,10,8,2,93,52,41,44,21,23
56512113,65,33,32,4,1,3,4,3,1,38,18,20,19,11,8
56514801,540,254,286,31,11,20,33,14,19,294,142,152,182,87,95
56515601,484,244,240,29,13,16,21,10,11,314,165,149,120,56,64
56515602,73,41,32,2,1,1,2,1,1,44,25,19,25,14,11
56516401,189,87,102,19,7,12,8,5,3,114,53,61,48,22,26
56516402,2813,1364,1449,202,80,122,190,78,112,1575,784,791,846,422,424
56516403,389,194,195,35,15,20,12,4,8,276,142,134,66,33,33
56517201,426,207,219,22,12,10,9,5,4,290,142,148,105,48,57
0855960,0,0,0,0,0,0,0,0,0,0,0,0,0,0,0
0856000,0,0,0,0,0,0,0,0,0,0,0,0,0,0,0
0856690,0,0,0,0,0,0,0,0,0,0,0,0,0,0,0
56456701,20,9,11,0,0,0,1,0,1,15,8,7,4,1,3
56456702,2658,1301,1357,131,52,79,164,74,90,1679,829,850,684,346,338
56456703,551,281,270,46,23,23,38,21,17,342,173,169,125,64,61
56456705,200,102,98,12,2,10,13,6,7,127,66,61,48,28,20
56456706,197,103,94,15,6,9,8,4,4,135,72,63,39,21,18
56456707,802,376,426,51,14,37,60,27,33,489,236,253,202,99,103
56456708,1062,681,381,98,73,25,134,92,42,560,345,215,270,171,99
56456709,1934,919,1015,155,70,85,130,58,72,1160,551,609,489,240,249
56456710,55,31,24,2,1,1,5,4,1,27,15,12,21,11,10
56456711,107,42,65,4,1,3,27,9,18,28,15,13,48,17,31
56456712,80,36,44,8,4,4,1,0,1,57,26,31,14,6,8
56456713,49,39,10,1,1,0,11,10,1,26,20,6,11,8,3
56456714,99,46,53,10,5,5,5,1,4,52,27,25,32,13,19
56456715,2100,1005,1095,131,53,78,144,60,84,1243,620,623,582,272,310
56456716,1458,678,780,126,56,70,115,41,74,845,399,446,372,182,190
56456717,59,29,30,3,1,2,1,1,0,40,20,20,15,7,8
56456718,4089,1879,2210,283,100,183,241,99,142,2445,1148,1297,1120,532,588
56456719,66,36,30,3,2,1,5,2,3,38,18,20,20,14,6
56456720,1907,884,1023,123,49,74,87,37,50,1163,543,620,534,255,279
56456722,2776,1340,1436,118,42,76,104,52,52,1762,850,912,792,396,396
56456723,129,66,63,8,5,3,9,3,6,65,33,32,47,25,22
56456724,24,8,16,4,1,3,1,0,1,13,5,8,6,2,4
56456725,1007,500,507,56,22,34,68,29,39,645,334,311,238,115,123
56456726,500,243,257,44,20,24,24,14,10,341,163,178,91,46,45
56456727,1503,853,650,81,35,46,114,55,59,696,378,318,612,385,227
54669101,187,100,87,9,6,3,1,0,1,102,55,47,75,39,36
56521101,23,9,14,1,0,1,0,0,0,13,6,7,9,3,6
56521102,268,127,141,10,6,4,18,8,10,169,80,89,71,33,38
56521103,66,34,32,2,1,1,0,0,0,46,23,23,18,10,8
56521104,56,28,28,5,2,3,3,0,3,34,17,17,14,9,5
56521105,20,13,7,0,0,0,1,1,0,15,10,5,4,2,2
56521107,61,26,35,10,5,5,4,1,3,22,9,13,25,11,14
56521108,99,53,46,4,1,3,2,1,1,51,32,19,42,19,23
0877420,0,0,0,0,0,0,0,0,0,0,0,0,0,0,0
0878230,0,0,0,0,0,0,0,0,0,0,0,0,0,0,0
0878310,0,0,0,0,0,0,0,0,0,0,0,0,0,0,0
56522901,328,160,168,12,5,7,16,10,6,189,90,99,111,55,56
56522902,2117,1036,1081,114,49,65,125,56,69,1122,531,591,756,400,356
56522903,181,84,97,10,4,6,20,3,17,91,45,46,60,32,28
56522906,35,17,18,3,1,2,2,1,1,16,8,8,14,7,7
56522907,2238,1054,1184,99,36,63,129,52,77,1255,623,632,755,343,412
56522908,348,173,175,21,12,9,25,12,13,233,118,115,69,31,38
56522910,979,488,491,63,25,38,91,44,47,578,292,286,247,127,120
56522911,2349,1063,1286,139,49,90,102,43,59,1386,627,759,722,344,378
56522912,71,39,32,1,0,1,2,1,1,55,32,23,13,6,7
56523701,348,180,168,13,6,7,17,9,8,187,95,92,131,70,61
56524501,684,339,345,20,10,10,37,16,21,429,213,216,198,100,98
54249101,132,69,63,0,0,0,2,2,0,87,49,38,43,18,25
54249102,45,25,20,5,2,3,2,2,0,29,14,15,9,7,2
56525301,247,124,123,18,8,10,16,5,11,172,93,79,41,18,23
56525302,81,41,40,5,2,3,6,3,3,56,30,26,14,6,8
56525303,243,131,112,13,3,10,12,9,3,167,93,74,51,26,25
56525304,229,115,114,9,5,4,18,8,10,135,68,67,67,34,33
54252101,153,82,71,6,2,4,7,2,5,110,62,48,30,16,14
53050601,209,111,98,8,3,5,13,10,3,132,69,63,56,29,27
56529601,232,110,122,14,9,5,10,5,5,128,58,70,80,38,42
56530001,550,278,272,32,16,16,51,21,30,308,155,153,159,86,73
3306980,0,0,0,0,0,0,0,0,0,0,0,0,0,0,0
56531801,890,457,433,44,23,21,26,8,18,564,287,277,256,139,117
56531802,217,110,107,14,5,9,11,3,8,158,86,72,34,16,18
56531803,209,115,94,17,9,8,1,1,0,140,76,64,51,29,22
56531804,62,31,31,7,3,4,4,1,3,33,19,14,18,8,10
56531805,31,15,16,2,0,2,0,0,0,20,10,10,9,5,4
56531806,119,60,59,11,4,7,5,2,3,60,31,29,43,23,20
56531807,29,17,12,0,0,0,3,2,1,17,9,8,9,6,3
56531808,225,118,107,14,2,12,20,13,7,139,77,62,52,26,26
56534201,166,91,75,7,2,5,12,6,6,95,52,43,52,31,21
56534202,229,112,117,14,9,5,8,4,4,142,67,75,65,32,33
54244001,100,55,45,2,1,1,4,2,2,64,35,29,30,17,13
54253901,207,109,98,12,4,8,11,5,6,115,60,55,69,40,29
56539301,313,152,161,7,3,4,5,2,3,206,98,108,95,49,46
56539302,67,30,37,6,2,4,1,0,1,43,19,24,17,9,8
56539304,34,20,14,3,1,2,2,2,0,25,14,11,4,3,1
56539305,49,28,21,0,0,0,10,6,4,33,19,14,6,3,3
56541502,161,80,81,12,5,7,15,6,9,105,52,53,29,17,12
56541503,28,14,14,1,0,1,1,0,1,10,8,2,16,6,10
56541504,68,41,27,2,0,2,2,2,0,40,25,15,24,14,10
56541505,391,182,209,13,4,9,28,11,17,242,110,132,108,57,51
56543101,47,21,26,2,1,1,1,0,1,30,14,16,14,6,8
56543102,137,70,67,9,4,5,10,5,5,72,41,31,46,20,26
56543104,55,27,28,2,1,1,1,1,0,37,17,20,15,8,7
56543105,96,48,48,1,0,1,1,1,0,71,35,36,23,12,11
56543107,173,92,81,10,4,6,5,2,3,108,60,48,50,26,24
56543108,81,38,43,0,0,0,7,3,4,44,21,23,30,14,16
56543109,680,334,346,32,12,20,30,18,12,411,198,213,207,106,101
56545801,246,127,119,12,5,7,8,4,4,159,76,83,67,42,25
56545802,388,197,191,19,10,9,15,9,6,228,117,111,126,61,65
56547401,288,143,145,15,9,6,31,14,17,151,71,80,91,49,42
56548201,355,179,176,11,3,8,16,7,9,235,113,122,93,56,37
56549101,601,306,295,43,20,23,31,15,16,320,169,151,207,102,105
56552101,482,247,235,19,9,10,8,4,4,298,152,146,157,82,75
56554701,153,77,76,3,1,2,6,4,2,84,42,42,60,30,30
1417210,0,0,0,0,0,0,0,0,0,0,0,0,0,0,0
1417800,0,0,0,0,0,0,0,0,0,0,0,0,0,0,0
56555501,870,438,432,44,21,23,39,19,20,568,291,277,219,107,112
56555503,56,28,28,1,1,0,1,1,0,31,15,16,23,11,12
56555504,1100,549,551,86,40,46,88,41,47,609,306,303,317,162,155
56555505,1229,576,653,96,42,54,65,26,39,730,357,373,338,151,187
56555506,95,51,44,8,5,3,4,2,2,61,32,29,22,12,10
56555507,77,39,38,7,5,2,4,1,3,42,18,24,24,15,9
56555508,1231,581,650,78,34,44,106,43,63,755,365,390,292,139,153
56555509,455,222,233,26,14,12,34,15,19,297,144,153,98,49,49
56555511,113,64,49,10,8,2,8,5,3,54,29,25,41,22,19
56555512,2878,1317,1561,187,74,113,198,78,120,1612,763,849,881,402,479
56555513,1185,630,555,81,37,44,91,43,48,607,308,299,406,242,164
56555514,805,378,427,56,24,32,63,30,33,495,232,263,191,92,99
56555515,165,84,81,15,7,8,18,8,10,99,48,51,33,21,12
56555516,1440,712,728,92,37,55,109,55,54,883,447,436,356,173,183
56555517,29,16,13,1,0,1,1,1,0,20,12,8,7,3,4
56555518,367,176,191,31,12,19,48,18,30,180,94,86,108,52,56
56555519,277,133,144,23,11,12,38,16,22,158,81,77,58,25,33
54672101,213,112,101,2,1,1,1,0,1,145,75,70,65,36,29
56559801,260,132,128,3,2,1,3,1,2,171,82,89,83,47,36
56560101,253,129,124,9,2,7,10,5,5,146,77,69,88,45,43
56561001,73,40,33,2,0,2,0,0,0,44,25,19,27,15,12
56561002,268,143,125,5,2,3,8,4,4,134,69,65,121,68,53
56561003,115,64,51,8,4,4,3,1,2,63,36,27,41,23,18
56561004,26,14,12,5,2,3,3,2,1,11,6,5,7,4,3
56561005,49,22,27,2,0,2,2,0,2,30,13,17,15,9,6
56561006,26,14,12,2,0,2,2,1,1,15,9,6,7,4,3
56561008,139,72,67,5,2,3,3,1,2,94,50,44,37,19,18
56561009,82,41,41,4,1,3,0,0,0,52,26,26,26,14,12
54682801,28,17,11,3,1,2,2,2,0,11,6,5,12,8,4
56567901,632,304,328,16,4,12,40,14,26,360,174,186,216,112,104
56567902,409,198,211,15,6,9,5,4,1,259,123,136,130,65,65
3315380,0,0,0,0,0,0,0,0,0,0,0,0,0,0,0
56569501,691,365,326,29,13,16,41,19,22,427,234,193,194,99,95
3111620,0,0,0,0,0,0,0,0,0,0,0,0,0,0,0
3111970,0,0,0,0,0,0,0,0,0,0,0,0,0,0,0
56570901,223,118,105,11,7,4,9,2,7,131,72,59,72,37,35
56570902,259,132,127,9,1,8,8,2,6,148,80,68,94,49,45
56570903,40,18,22,10,2,8,1,1,0,19,9,10,10,6,4
56570904,35,20,15,8,5,3,3,2,1,17,9,8,7,4,3
56570905,137,76,61,5,4,1,4,3,1,98,53,45,30,16,14
56570906,59,26,33,7,4,3,1,0,1,27,11,16,24,11,13
56570907,240,123,117,18,9,9,3,0,3,132,68,64,87,46,41
56570908,191,95,96,13,9,4,10,4,6,126,60,66,42,22,20
56570910,107,56,51,5,4,1,2,1,1,72,39,33,28,12,16
56570911,954,451,503,56,23,33,47,25,22,542,252,290,309,151,158
56570912,742,366,376,29,13,16,59,27,32,436,219,217,218,107,111
56570913,723,357,366,35,13,22,31,17,14,462,229,233,195,98,97
56570914,31,17,14,1,0,1,1,1,0,20,12,8,9,4,5
56570915,691,322,369,38,18,20,34,12,22,409,188,221,210,104,106
56570916,1616,751,865,88,42,46,68,29,39,963,439,524,497,241,256
56570917,1628,812,816,84,41,43,89,43,46,900,423,477,555,305,250
56570918,550,283,267,35,17,18,58,30,28,297,153,144,160,83,77
56570921,94,41,53,3,0,3,6,2,4,70,35,35,15,4,11
56571701,551,277,274,49,22,27,52,26,26,281,140,141,169,89,80
56571702,139,72,67,8,6,2,15,8,7,75,35,40,41,23,18
56571703,43,21,22,1,0,1,1,0,1,32,16,16,9,5,4
56571704,327,163,164,11,4,7,9,4,5,215,113,102,92,42,50
56571705,27,15,12,3,1,2,3,1,2,7,4,3,14,9,5
56571707,1656,814,842,85,41,44,115,47,68,861,428,433,595,298,297
56571710,219,90,129,23,7,16,32,15,17,110,49,61,54,19,35
56574101,83,45,38,11,4,7,6,1,5,52,32,20,14,8,6
56574102,512,252,260,22,10,12,23,9,14,278,135,143,189,98,91
54240701,300,152,148,16,6,10,16,6,10,182,101,81,86,39,47
54240702,116,55,61,7,4,3,9,4,5,64,27,37,36,20,16
56576802,21,11,10,5,2,3,0,0,0,12,8,4,4,1,3
56576803,132,61,71,9,3,6,10,6,4,69,36,33,44,16,28
56576804,54,27,27,5,2,3,2,2,0,41,20,21,6,3,3
56576805,92,46,46,4,1,3,7,3,4,53,26,27,28,16,12
56576806,75,34,41,6,3,3,5,3,2,34,15,19,30,13,17
56576807,1412,714,698,92,36,56,71,32,39,874,441,433,375,205,170
56576808,67,33,34,6,2,4,6,2,4,35,17,18,20,12,8
56576809,23,9,14,4,2,2,0,0,0,16,5,11,3,2,1
56577602,106,51,55,3,1,2,4,2,2,62,33,29,37,15,22
56577603,21,10,11,0,0,0,2,1,1,12,6,6,7,3,4
56577604,38,19,19,0,0,0,0,0,0,25,14,11,13,5,8
56577605,22,12,10,1,1,0,0,0,0,9,5,4,12,6,6
56577606,69,36,33,1,0,1,1,0,1,35,18,17,32,18,14
56577607,49,23,26,2,1,1,3,1,2,31,15,16,13,6,7
56577608,508,240,268,32,16,16,34,11,23,302,148,154,140,65,75
56579201,57,32,25,3,2,1,0,0,0,41,23,18,13,7,6
56579202,48,24,24,5,4,1,1,0,1,30,12,18,12,8,4
56579203,36,21,15,3,1,2,1,1,0,19,10,9,13,9,4
56579205,77,40,37,3,2,1,2,0,2,52,27,25,20,11,9
56579206,372,191,181,37,15,22,23,15,8,192,95,97,120,66,54
56580601,272,139,133,10,5,5,10,7,3,153,73,80,99,54,45
1980052,0,0,0,0,0,0,0,0,0,0,0,0,0,0,0
56581402,28,16,12,0,0,0,0,0,0,21,12,9,7,4,3
56581403,122,59,63,6,2,4,6,4,2,84,40,44,26,13,13
56581404,40,20,20,3,2,1,4,2,2,20,9,11,13,7,6
56581405,37,18,19,1,0,1,0,0,0,26,16,10,10,2,8
56581406,69,33,36,5,3,2,4,2,2,37,18,19,23,10,13
56581407,33,17,16,2,2,0,0,0,0,17,8,9,14,7,7
56581409,56,31,25,4,2,2,2,2,0,33,16,17,17,11,6
56581410,142,81,61,4,2,2,9,5,4,64,38,26,65,36,29
56581411,33,18,15,8,4,4,5,3,2,16,8,8,4,3,1
56581412,64,35,29,0,0,0,1,1,0,45,24,21,18,10,8
56581413,60,30,30,4,1,3,1,1,0,29,14,15,26,14,12
56581414,137,66,71,5,3,2,1,1,0,74,34,40,57,28,29
56581415,22,11,11,0,0,0,0,0,0,17,8,9,5,3,2
56581416,78,35,43,3,1,2,2,2,0,45,17,28,28,15,13
56581418,39,18,21,4,2,2,7,3,4,16,6,10,12,7,5
56581419,102,51,51,9,4,5,7,4,3,46,24,22,40,19,21
56581421,53,27,26,1,1,0,1,0,1,39,20,19,12,6,6
56581422,88,42,46,1,0,1,1,1,0,54,25,29,32,16,16
56581423,415,228,187,11,3,8,5,3,2,225,116,109,174,106,68
56581424,330,171,159,17,8,9,37,26,11,176,83,93,100,54,46
56581425,777,371,406,23,11,12,28,14,14,455,217,238,271,129,142
56581426,27,13,14,3,2,1,2,0,2,15,8,7,7,3,4
56583101,608,313,295,41,16,25,53,27,26,350,182,168,164,88,76
56583102,292,145,147,14,5,9,16,6,10,176,93,83,86,41,45
56584901,88,51,37,1,0,1,1,0,1,45,24,21,41,27,14
56584902,81,40,41,4,0,4,0,0,0,51,25,26,26,15,11
56584903,33,21,12,1,1,0,2,1,1,9,7,2,21,12,9
56584904,58,29,29,0,0,0,3,1,2,36,20,16,19,8,11
56584905,39,21,18,4,1,3,6,2,4,19,11,8,10,7,3
56584906,60,33,27,8,5,3,2,2,0,27,14,13,23,12,11
56584907,95,41,54,0,0,0,6,2,4,63,28,35,26,11,15
56584908,31,14,17,4,2,2,2,1,1,20,7,13,5,4,1
56584909,316,147,169,25,6,19,4,3,1,208,100,108,79,38,41
56584911,129,65,64,12,6,6,17,8,9,58,34,24,42,17,25
56584912,106,55,51,10,7,3,4,1,3,69,34,35,23,13,10
56584913,645,334,311,21,12,9,14,3,11,389,201,188,221,118,103
56585701,480,249,231,13,6,7,39,17,22,281,147,134,147,79,68
56586501,48,30,18,3,2,1,5,3,2,33,19,14,7,6,1
56586502,229,108,121,12,2,10,16,8,8,138,68,70,63,30,33
56587301,178,82,96,14,4,10,13,5,8,102,47,55,49,26,23
56588101,405,218,187,14,7,7,9,1,8,251,136,115,131,74,57
56589002,266,123,143,10,4,6,14,4,10,176,91,85,66,24,42
56589003,268,138,130,16,8,8,11,6,5,148,77,71,93,47,46
56590301,301,153,148,5,3,2,13,6,7,172,88,84,111,56,55
56591101,98,47,51,2,0,2,0,0,0,63,32,31,33,15,18
56591102,220,112,108,11,3,8,20,12,8,132,65,67,57,32,25
54248201,69,32,37,1,0,1,5,4,1,52,24,28,11,4,7
54248202,154,73,81,14,3,11,0,0,0,83,42,41,57,28,29
56593801,268,135,133,33,18,15,12,6,6,171,86,85,52,25,27
56594601,505,259,246,34,13,21,23,8,15,328,174,154,120,64,56
56595401,402,209,193,14,5,9,18,7,11,245,131,114,125,66,59
56596201,476,245,231,15,5,10,9,5,4,306,165,141,146,70,76
56596202,293,163,130,14,11,3,8,4,4,117,54,63,154,94,60
56596203,838,420,418,51,22,29,60,32,28,500,246,254,227,120,107
56599701,267,135,132,12,5,7,18,9,9,139,74,65,98,47,51
56599702,48,25,23,2,1,1,0,0,0,25,11,14,21,13,8
56599703,63,34,29,4,1,3,4,2,2,41,23,18,14,8,6
56599704,40,18,22,4,0,4,0,0,0,26,15,11,10,3,7
56600401,396,189,207,18,9,9,23,11,12,256,128,128,99,41,58
56600402,82,43,39,2,0,2,7,5,2,52,27,25,21,11,10
56601201,279,134,145,6,5,1,10,6,4,179,86,93,84,37,47
56602101,407,226,181,18,12,6,18,7,11,242,133,109,129,74,55
56602102,35,19,16,3,1,2,5,4,1,13,7,6,14,7,7
56602103,149,72,77,12,7,5,13,4,9,65,34,31,59,27,32
56602104,68,41,27,6,3,3,5,3,2,41,26,15,16,9,7
56602105,119,56,63,6,0,6,0,0,0,80,39,41,33,17,16
56602106,151,77,74,10,4,6,9,5,4,92,48,44,40,20,20
54254701,392,207,185,12,5,7,3,2,1,288,159,129,89,41,48
54689501,78,40,38,5,2,3,2,2,0,50,28,22,21,8,13
56606301,304,152,152,16,4,12,1,1,0,176,91,85,111,56,55
54257101,1022,537,485,45,20,25,40,18,22,610,333,277,327,166,161
53058101,273,139,134,8,2,6,6,1,5,180,89,91,79,47,32
53058102,29,17,12,5,3,2,0,0,0,13,5,8,11,9,2
54262801,1140,554,586,54,26,28,37,17,20,725,360,365,324,151,173
54262802,135,68,67,14,9,5,3,1,2,80,38,42,38,20,18
56612801,168,87,81,4,3,1,18,11,7,97,50,47,49,23,26
56612802,34,21,13,4,2,2,3,2,1,21,14,7,6,3,3
54686101,1388,706,682,70,36,34,44,20,24,942,473,469,332,177,155
56615201,459,238,221,21,8,13,31,16,15,256,126,130,151,88,63
56615202,179,93,86,15,5,10,6,2,4,96,52,44,62,34,28
56618701,385,201,184,14,10,4,9,5,4,254,128,126,108,58,50
56618702,48,25,23,5,3,2,3,2,1,22,12,10,18,8,10
56618703,86,45,41,2,1,1,4,1,3,56,31,25,24,12,12
56618704,84,44,40,7,2,5,1,0,1,54,30,24,22,12,10
56619501,69,33,36,4,3,1,4,0,4,43,18,25,18,12,6
56619502,343,172,171,8,4,4,13,6,7,199,103,96,123,59,64
56621701,352,172,180,25,7,18,20,10,10,229,108,121,78,47,31
56621702,63,33,30,3,1,2,3,0,3,46,29,17,11,3,8
56621703,206,109,97,7,4,3,8,4,4,130,66,64,61,35,26
56623301,362,185,177,16,5,11,9,4,5,219,110,109,118,66,52
56623302,193,86,107,11,5,6,8,4,4,131,56,75,43,21,22
56624101,281,151,130,13,5,8,6,2,4,174,90,84,88,54,34
56624102,97,55,42,10,6,4,3,1,2,54,31,23,30,17,13
56624103,139,70,69,1,0,1,3,1,2,69,30,39,66,39,27
54642901,123,66,57,10,5,5,3,2,1,73,38,35,37,21,16
54601101,49,30,19,7,3,4,1,1,0,17,11,6,24,15,9
54601102,234,113,121,8,3,5,15,3,12,147,72,75,64,35,29
54601103,162,84,78,9,4,5,9,6,3,80,40,40,64,34,30
54601104,422,224,198,7,2,5,18,9,9,312,163,149,85,50,35
56628401,410,209,201,19,10,9,17,9,8,240,115,125,134,75,59
56628402,23,11,12,3,1,2,0,0,0,12,5,7,8,5,3
56628404,66,30,36,3,0,3,1,0,1,33,15,18,29,15,14
56628405,56,27,29,2,0,2,5,2,3,38,19,19,11,6,5
56628406,45,22,23,3,0,3,2,1,1,22,13,9,18,8,10
53055701,125,63,62,7,4,3,0,0,0,75,40,35,43,19,24
56630601,59,27,32,4,2,2,6,1,5,31,16,15,18,8,10
56630602,22,13,9,0,0,0,0,0,0,12,8,4,10,5,5
56630603,59,30,29,2,1,1,5,1,4,42,23,19,10,5,5
56630604,419,206,213,30,17,13,23,11,12,226,109,117,140,69,71
56630605,35,18,17,8,3,5,1,0,1,11,8,3,15,7,8
56630606,34,15,19,1,0,1,1,0,1,9,4,5,23,11,12
56631401,1842,900,942,85,38,47,116,49,67,1022,503,519,619,310,309
56631402,139,71,68,7,5,2,6,3,3,85,38,47,41,25,16
56631403,117,58,59,4,1,3,3,1,2,71,38,33,39,18,21
56631404,202,92,110,9,1,8,4,2,2,127,60,67,62,29,33
56632201,1366,668,698,74,28,46,45,22,23,878,442,436,369,176,193
56634901,97,49,48,0,0,0,2,1,1,64,32,32,31,16,15
56634902,49,27,22,1,0,1,0,0,0,33,18,15,15,9,6
56634903,72,41,31,10,5,5,2,2,0,39,23,16,21,11,10
56634906,41,22,19,3,2,1,0,0,0,23,12,11,15,8,7
56634907,49,24,25,4,2,2,2,0,2,32,14,18,11,8,3
56634909,511,266,245,27,8,19,27,16,11,272,139,133,185,103,82
56634910,54,28,26,3,1,2,10,3,7,26,16,10,15,8,7
56634911,32,16,16,0,0,0,1,1,0,16,7,9,15,8,7
56635701,114,56,58,2,0,2,12,9,3,84,37,47,16,10,6
56635702,38,20,18,3,1,2,0,0,0,22,12,10,13,7,6
56635703,116,60,56,8,4,4,9,4,5,81,41,40,18,11,7
56635704,279,145,134,16,5,11,17,6,11,156,83,73,90,51,39
56635705,147,79,68,5,2,3,15,8,7,73,38,35,54,31,23
56635706,40,21,19,2,1,1,3,1,2,23,13,10,12,6,6
53059001,497,249,248,17,8,9,24,9,15,320,163,157,136,69,67
56638101,266,129,137,13,6,7,24,13,11,140,67,73,89,43,46
56638102,64,37,27,5,4,1,1,0,1,46,28,18,12,5,7
56640301,205,100,105,14,1,13,14,6,8,124,65,59,53,28,25
56640302,69,36,33,3,2,1,8,2,6,33,19,14,25,13,12
56640303,306,154,152,8,5,3,13,4,9,194,102,92,91,43,48
56641101,149,79,70,3,1,2,3,2,1,91,43,48,52,33,19
54687901,457,232,225,4,4,0,12,6,6,303,148,155,138,74,64
0874410,0,0,0,0,0,0,0,0,0,0,0,0,0,0,0
0874910,0,0,0,0,0,0,0,0,0,0,0,0,0,0,0
56597101,143,77,66,7,3,4,5,1,4,83,48,35,48,25,23
56597102,102,55,47,3,1,2,0,0,0,66,34,32,33,20,13
56597103,22,13,9,1,0,1,2,1,1,14,9,5,5,3,2
56597104,2385,1099,1286,173,70,103,131,50,81,1319,621,698,762,358,404
56597105,181,47,134,10,1,9,42,5,37,84,27,57,45,14,31
56597108,928,427,501,40,16,24,37,13,24,552,252,300,299,146,153
56597109,2064,1027,1037,115,53,62,99,44,55,1344,688,656,506,242,264
56597110,82,45,37,5,3,2,10,4,6,47,27,20,20,11,9
56597111,100,47,53,8,4,4,7,2,5,55,28,27,30,13,17
56597112,28,15,13,1,1,0,1,1,0,18,9,9,8,4,4
56597113,1695,786,909,99,41,58,86,38,48,1023,482,541,487,225,262
56597114,934,454,480,59,28,31,76,36,40,551,279,272,248,111,137
56597115,887,522,365,70,39,31,69,40,29,359,201,158,389,242,147
56597116,588,293,295,25,12,13,22,10,12,393,200,193,148,71,77
56597118,747,376,371,44,21,23,54,29,25,427,212,215,222,114,108
56597119,1060,512,548,69,29,40,67,28,39,511,249,262,413,206,207
56597121,49,22,27,6,2,4,2,2,0,24,13,11,17,5,12
56597122,3901,1764,2137,229,94,135,176,71,105,2389,1108,1281,1107,491,616
56597123,45,23,22,1,0,1,2,2,0,19,9,10,23,12,11
56597125,29,14,15,4,3,1,1,0,1,18,8,10,6,3,3
56597126,1405,694,711,76,31,45,74,33,41,858,425,433,397,205,192
56597127,188,101,87,9,4,5,9,3,6,110,60,50,60,34,26
0878820,0,0,0,0,0,0,0,0,0,0,0,0,0,0,0
56643801,301,61,240,43,2,41,31,2,29,103,16,87,124,41,83
56643802,90,44,46,6,3,3,2,1,1,46,21,25,36,19,17
56643804,24,13,11,5,2,3,1,0,1,8,3,5,10,8,2
56643805,42,25,17,4,1,3,1,1,0,22,13,9,15,10,5
56643806,87,39,48,4,2,2,6,2,4,42,21,21,35,14,21
56643807,961,489,472,69,35,34,50,19,31,577,291,286,265,144,121
56643809,23,10,13,3,2,1,0,0,0,9,4,5,11,4,7
56645401,442,223,219,36,15,21,25,9,16,218,118,100,163,81,82
56645402,43,23,20,2,1,1,3,1,2,13,6,7,25,15,10
56645403,237,116,121,12,1,11,11,4,7,139,83,56,75,28,47
56645404,208,109,99,15,4,11,13,7,6,101,57,44,79,41,38
56650102,55,23,32,2,1,1,3,2,1,24,7,17,26,13,13
56650104,376,197,179,15,9,6,32,19,13,222,110,112,107,59,48
54263601,116,60,56,8,3,5,3,1,2,74,39,35,31,17,14
56651901,54,27,27,0,0,0,0,0,0,36,16,20,18,11,7
56651904,724,560,164,96,87,9,81,67,14,376,278,98,171,128,43
56651905,124,59,65,10,4,6,4,1,3,54,23,31,56,31,25
56651906,47,26,21,6,5,1,1,0,1,30,15,15,10,6,4
54258001,434,209,225,27,15,12,14,5,9,265,122,143,128,67,61
56652701,307,165,142,20,6,14,14,7,7,160,86,74,113,66,47
56652702,53,25,28,4,1,3,4,2,2,27,15,12,18,7,11
54255501,116,58,58,6,1,5,18,10,8,72,36,36,20,11,9
56653501,415,218,197,22,9,13,13,7,6,276,141,135,104,61,43
56655101,226,110,116,10,4,6,6,3,3,139,70,69,71,33,38
56655102,215,109,106,20,9,11,16,5,11,134,72,62,45,23,22
56655103,196,89,107,16,7,9,9,3,6,112,52,60,59,27,32
56655104,181,89,92,12,7,5,16,8,8,111,51,60,42,23,19
56655105,227,118,109,8,4,4,3,2,1,150,80,70,66,32,34
56655107,909,468,441,30,17,13,57,25,32,568,286,282,254,140,114
56655108,359,177,182,17,9,8,10,4,6,206,101,105,126,63,63
56656001,56,31,25,2,1,1,1,0,1,27,14,13,26,16,10
56656002,140,70,70,5,2,3,11,5,6,73,41,32,51,22,29
56656003,175,88,87,13,6,7,2,1,1,110,56,54,50,25,25
56656004,307,174,133,19,8,11,21,9,12,185,116,69,82,41,41
56657801,141,67,74,14,8,6,2,0,2,79,36,43,46,23,23
56657802,209,103,106,8,4,4,11,6,5,152,71,81,38,22,16
56658601,85,47,38,0,0,0,3,1,2,48,27,21,34,19,15
56658602,119,56,63,6,2,4,6,4,2,86,39,47,21,11,10
56658603,92,48,44,7,3,4,2,2,0,50,25,25,33,18,15
56660801,154,79,75,21,11,10,3,2,1,76,37,39,54,29,25
1232770,0,0,0,0,0,0,0,0,0,0,0,0,0,0,0
3113590,0,0,0,0,0,0,0,0,0,0,0,0,0,0,0
56661601,380,211,169,26,13,13,18,12,6,209,113,96,127,73,54
56661603,61,34,27,2,0,2,1,1,0,37,20,17,21,13,8
56661605,92,46,46,2,1,1,4,3,1,62,30,32,24,12,12
56661606,58,29,29,4,2,2,1,1,0,22,10,12,31,16,15
56661607,26,13,13,1,0,1,1,0,1,12,6,6,12,7,5
56661610,383,206,177,20,9,11,11,6,5,245,135,110,107,56,51
56661611,146,70,76,3,1,2,15,8,7,80,36,44,48,25,23
56661613,30,15,15,3,2,1,0,0,0,21,11,10,6,2,4
56661614,77,43,34,2,2,0,2,2,0,27,12,15,46,27,19
56661615,107,47,60,15,6,9,11,4,7,40,20,20,41,17,24
56661616,1322,701,621,82,36,46,101,48,53,755,395,360,384,222,162
56661617,2351,1064,1287,132,63,69,187,56,131,1258,592,666,774,353,421
56661619,399,209,190,23,12,11,23,11,12,236,117,119,117,69,48
56661621,88,44,44,5,1,4,0,0,0,64,32,32,19,11,8
56661622,47,25,22,5,2,3,1,1,0,35,18,17,6,4,2
56661623,465,223,242,51,22,29,38,15,23,250,123,127,126,63,63
56661624,283,135,148,11,5,6,31,13,18,163,82,81,78,35,43
56662401,157,72,85,12,7,5,7,3,4,65,28,37,73,34,39
56662402,163,77,86,3,1,2,14,6,8,87,40,47,59,30,29
56662403,34,17,17,5,2,3,0,0,0,9,5,4,20,10,10
56662404,42,23,19,7,4,3,3,1,2,21,12,9,11,6,5
56662405,76,43,33,5,4,1,1,0,1,33,17,16,37,22,15
56662407,67,34,33,2,2,0,0,0,0,46,23,23,19,9,10
56662408,137,69,68,6,4,2,8,3,5,87,44,43,36,18,18
56662409,34,17,17,3,1,2,3,2,1,19,10,9,9,4,5
56662410,138,66,72,3,2,1,7,3,4,69,34,35,59,27,32
56662411,140,75,65,6,2,4,13,7,6,72,38,34,49,28,21
56662412,46,28,18,2,2,0,0,0,0,31,19,12,13,7,6
56662413,112,57,55,5,3,2,0,0,0,89,44,45,18,10,8
56662414,44,22,22,0,0,0,5,4,1,24,11,13,15,7,8
56662415,52,31,21,1,0,1,2,1,1,31,20,11,18,10,8
56662417,221,120,101,15,7,8,7,3,4,115,63,52,84,47,37
56662418,1596,804,792,92,43,49,119,56,63,844,407,437,541,298,243
56662420,540,273,267,49,25,24,44,22,22,292,143,149,155,83,72
56662422,499,252,247,29,14,15,41,14,27,214,109,105,215,115,100
56662424,561,284,277,31,16,15,51,26,25,273,131,142,206,111,95
56665902,228,117,111,18,5,13,9,4,5,135,70,65,66,38,28
56666701,53,25,28,0,0,0,5,1,4,39,20,19,9,4,5
56666703,448,225,223,24,9,15,27,11,16,296,152,144,101,53,48
56666704,57,27,30,0,0,0,1,1,0,32,15,17,24,11,13
56671301,22,11,11,2,1,1,0,0,0,15,7,8,5,3,2
56671302,587,296,291,13,5,8,22,10,12,368,185,183,184,96,88
56672101,437,212,225,32,15,17,9,5,4,308,150,158,88,42,46
56672102,20,9,11,1,1,0,2,0,2,13,5,8,4,3,1
1536212,0,0,0,0,0,0,0,0,0,0,0,0,0,0,0
54312801,796,395,401,26,10,16,23,13,10,476,234,242,271,138,133
54312802,61,30,31,7,2,5,2,1,1,39,19,20,13,8,5
54312803,163,86,77,10,5,5,10,5,5,99,53,46,44,23,21
56682901,85,43,42,4,0,4,2,2,0,48,26,22,31,15,16
56682902,43,22,21,4,3,1,3,3,0,26,12,14,10,4,6
56682903,140,77,63,6,3,3,4,3,1,83,44,39,47,27,20
56685301,34,19,15,3,1,2,1,0,1,25,16,9,5,2,3
56685302,59,32,27,5,2,3,11,7,4,32,17,15,11,6,5
56685304,100,50,50,8,3,5,7,2,5,56,28,28,29,17,12
56685305,484,264,220,16,7,9,18,9,9,322,177,145,128,71,57
54617801,84,39,45,6,4,2,8,1,7,58,27,31,12,7,5
3376760,0,0,0,0,0,0,0,0,0,0,0,0,0,0,0
56687001,25,15,10,5,3,2,1,1,0,14,8,6,5,3,2
56687002,50,27,23,8,4,4,1,0,1,18,11,7,23,12,11
56687003,235,125,110,13,3,10,15,9,6,89,54,35,118,59,59
56687004,37,21,16,0,0,0,0,0,0,25,14,11,12,7,5
56689601,424,201,223,29,8,21,13,3,10,245,117,128,137,73,64
56691801,94,47,47,7,4,3,4,1,3,61,29,32,22,13,9
56691802,149,73,76,4,2,2,8,4,4,84,45,39,53,22,31
56692601,190,97,93,14,5,9,5,2,3,99,50,49,72,40,32
56693401,29,14,15,3,0,3,2,1,1,17,9,8,7,4,3
56693402,59,30,29,4,1,3,7,2,5,31,18,13,17,9,8
56693404,32,18,14,1,1,0,0,0,0,19,8,11,12,9,3
56693405,21,14,7,2,1,1,0,0,0,9,6,3,10,7,3
56693407,111,58,53,2,1,1,4,2,2,58,28,30,47,27,20
56693408,1538,764,774,82,37,45,79,40,39,906,436,470,471,251,220
54688701,261,124,137,4,3,1,7,3,4,166,75,91,84,43,41
1711310,0,0,0,0,0,0,0,0,0,0,0,0,0,0,0
56695101,105,56,49,2,2,0,13,6,7,62,34,28,28,14,14
56695102,44,24,20,1,1,0,0,0,0,33,18,15,10,5,5
56695103,328,164,164,15,11,4,10,5,5,215,104,111,88,44,44
53060301,28,13,15,0,0,0,0,0,0,20,10,10,8,3,5
53060302,31,17,14,2,0,2,0,0,0,23,14,9,6,3,3
53060303,37,18,19,1,0,1,0,0,0,26,13,13,10,5,5
56697701,115,53,62,6,0,6,5,2,3,64,35,29,40,16,24
56697702,102,50,52,3,2,1,3,1,2,64,35,29,32,12,20
56697703,35,21,14,4,2,2,0,0,0,27,16,11,4,3,1
56697705,143,70,73,6,3,3,10,3,7,96,52,44,31,12,19
1949300,0,0,0,0,0,0,0,0,0,0,0,0,0,0,0
3369980,0,0,0,0,0,0,0,0,0,0,0,0,0,0,0
56698501,79,41,38,4,1,3,1,0,1,55,25,30,19,15,4
56698502,259,135,124,15,5,10,13,5,8,172,96,76,59,29,30
56698503,26,13,13,0,0,0,2,1,1,19,9,10,5,3,2
56698504,97,48,49,6,3,3,7,2,5,58,34,24,26,9,17
56698505,141,73,68,12,7,5,33,19,14,60,26,34,36,21,15
56698506,86,47,39,3,3,0,8,4,4,46,23,23,29,17,12
56698507,50,27,23,3,3,0,10,4,6,23,12,11,14,8,6
56698508,177,84,93,10,4,6,9,4,5,117,55,62,41,21,20
56698511,3169,1510,1659,194,82,112,239,94,145,1932,953,979,804,381,423
56698512,1473,655,818,105,49,56,102,37,65,765,327,438,501,242,259
56698513,572,280,292,53,24,29,53,22,31,320,163,157,146,71,75
56698514,25,16,9,1,1,0,1,1,0,17,11,6,6,3,3
56698515,2227,1136,1091,162,78,84,125,68,57,1053,528,525,887,462,425
56698516,1995,913,1082,156,65,91,119,45,74,1082,495,587,638,308,330
56698517,37,22,15,2,1,1,1,1,0,21,12,9,13,8,5
56698519,53,28,25,1,0,1,5,4,1,31,16,15,16,8,8
56698520,2244,1061,1183,157,62,95,143,52,91,1223,585,638,721,362,359
56698521,34,17,17,1,0,1,1,0,1,27,14,13,5,3,2
56698522,467,229,238,32,13,19,37,17,20,287,153,134,111,46,65
56698524,73,39,34,9,3,6,0,0,0,43,22,21,21,14,7
56698525,1935,937,998,117,46,71,132,58,74,1075,526,549,611,307,304
56698526,177,86,91,12,4,8,7,4,3,99,46,53,59,32,27
56698527,2385,1152,1233,156,69,87,170,81,89,1376,674,702,683,328,355
56698528,65,30,35,1,0,1,9,5,4,37,19,18,18,6,12
56698529,247,124,123,13,7,6,20,9,11,155,76,79,59,32,27
56698530,39,20,19,1,0,1,0,0,0,29,17,12,9,3,6
56698531,335,172,163,22,11,11,14,8,6,161,82,79,138,71,67
53056501,95,44,51,5,1,4,5,2,3,46,21,25,39,20,19
54301201,205,99,106,10,6,4,8,4,4,120,57,63,67,32,35
56701902,101,50,51,6,2,4,8,2,6,49,26,23,38,20,18
56701903,74,35,39,6,3,3,9,3,6,43,22,21,16,7,9
56701904,209,103,106,14,8,6,21,10,11,88,45,43,86,40,46
1968010,0,0,0,0,0,0,0,0,0,0,0,0,0,0,0
1968190,0,0,0,0,0,0,0,0,0,0,0,0,0,0,0
1968270,0,0,0,0,0,0,0,0,0,0,0,0,0,0,0
56704301,1301,641,660,60,24,36,30,16,14,748,364,384,463,237,226
56704302,31,17,14,5,3,2,0,0,0,25,13,12,1,1,0
56704303,30,17,13,0,0,0,0,0,0,17,10,7,13,7,6
56705101,28,14,14,1,1,0,1,0,1,21,10,11,5,3,2
56705102,709,657,52,102,101,1,115,112,3,322,289,33,170,155,15
56705103,61,32,29,1,0,1,2,1,1,33,18,15,25,13,12
56706001,1147,588,559,47,21,26,26,12,14,799,400,399,275,155,120
56706002,27,14,13,0,0,0,0,0,0,21,12,9,6,2,4
56707801,270,138,132,14,6,8,3,1,2,170,85,85,83,46,37
56710801,98,48,50,1,1,0,6,4,2,70,33,37,21,10,11
3237810,0,0,0,0,0,0,0,0,0,0,0,0,0,0,0
56714101,430,222,208,22,12,10,17,6,11,271,131,140,120,73,47
56714102,77,44,33,5,3,2,3,1,2,52,33,19,17,7,10
56714103,121,63,58,7,3,4,5,3,2,84,47,37,25,10,15
1984800,0,0,0,0,0,0,0,0,0,0,0,0,0,0,0
56716701,433,228,205,24,11,13,26,9,17,282,155,127,101,53,48
56716703,23,15,8,6,5,1,1,1,0,15,8,7,1,1,0
0000940,0,0,0,0,0,0,0,0,0,0,0,0,0,0,0
0001080,0,0,0,0,0,0,0,0,0,0,0,0,0,0,0
0292540,0,0,0,0,0,0,0,0,0,0,0,0,0,0,0
56717502,232,121,111,12,7,5,4,2,2,157,83,74,59,29,30
56717503,1811,923,888,81,35,46,56,30,26,1194,605,589,480,253,227
56717504,47,20,27,2,2,0,2,1,1,30,12,18,13,5,8
56719101,31,16,15,5,2,3,0,0,0,23,11,12,3,3,0
56719102,47,17,30,0,0,0,0,0,0,33,14,19,14,3,11
56719103,39,22,17,3,1,2,0,0,0,32,18,14,4,3,1
56719104,53,28,25,9,4,5,0,0,0,29,17,12,15,7,8
56722101,174,92,82,7,3,4,6,3,3,115,55,60,46,31,15
56722102,49,29,20,0,0,0,0,0,0,29,19,10,20,10,10
56724801,38,23,15,0,0,0,0,0,0,14,9,5,24,14,10
56724802,122,59,63,14,6,8,5,3,2,61,26,35,42,24,18
56724803,38,25,13,0,0,0,1,1,0,25,16,9,12,8,4
0861420,0,0,0,0,0,0,0,0,0,0,0,0,0,0,0
0861930,0,0,0,0,0,0,0,0,0,0,0,0,0,0,0
3367340,0,0,0,0,0,0,0,0,0,0,0,0,0,0,0
3367420,0,0,0,0,0,0,0,0,0,0,0,0,0,0,0
56725601,1641,806,835,77,33,44,38,15,23,1070,541,529,456,217,239
56725602,226,114,112,18,6,12,10,3,7,141,77,64,57,28,29
56725603,3095,1525,1570,239,107,132,199,84,115,1306,624,682,1351,710,641
56725604,573,294,279,40,18,22,23,6,17,329,157,172,181,113,68
56725606,117,65,52,18,8,10,3,1,2,64,32,32,32,24,8
56725607,57,33,24,7,4,3,1,0,1,34,22,12,15,7,8
56725608,54,34,20,4,3,1,0,0,0,29,17,12,21,14,7
56725609,1356,695,661,65,31,34,57,28,29,890,455,435,344,181,163
56725610,87,56,31,5,4,1,2,2,0,40,24,16,40,26,14
56725611,61,31,30,2,2,0,1,0,1,44,20,24,14,9,5
56725612,25,12,13,5,0,5,6,4,2,11,7,4,3,1,2
56725615,38,21,17,1,1,0,2,0,2,16,9,7,19,11,8
56725616,29,17,12,0,0,0,0,0,0,23,13,10,6,4,2
56725617,1993,992,1001,117,60,57,75,36,39,1278,637,641,523,259,264
56725618,2303,1202,1101,92,47,45,80,34,46,1247,619,628,884,502,382
56725619,76,39,37,7,4,3,1,0,1,54,28,26,14,7,7
56725620,47,22,25,3,2,1,0,0,0,39,18,21,5,2,3
56725621,802,407,395,30,14,16,29,19,10,503,246,257,240,128,112
56725622,514,241,273,18,10,8,21,10,11,342,154,188,133,67,66
56725623,2695,1231,1464,164,70,94,118,46,72,1602,743,859,811,372,439
56725624,45,19,26,4,1,3,2,1,1,27,13,14,12,4,8
56725625,43,26,17,0,0,0,0,0,0,31,18,13,12,8,4
56725626,1878,907,971,98,39,59,62,23,39,1230,594,636,488,251,237
56725627,1723,796,927,95,43,52,70,38,32,1117,506,611,441,209,232
56725628,2910,1420,1490,152,78,74,104,45,59,1786,853,933,868,444,424
56726401,1941,971,970,115,52,63,42,18,24,1136,558,578,648,343,305
56726402,803,378,425,42,15,27,19,9,10,551,265,286,191,89,102
56726403,872,440,432,46,19,27,16,6,10,572,285,287,238,130,108
56727201,663,344,319,33,11,22,25,11,14,420,222,198,185,100,85
56728101,457,226,231,40,16,24,14,10,4,280,137,143,123,63,60
56728102,91,49,42,11,6,5,1,1,0,47,25,22,32,17,15
0165350,0,0,0,0,0,0,0,0,0,0,0,0,0,0,0
0409590,0,0,0,0,0,0,0,0,0,0,0,0,0,0,0
56729901,195,102,93,6,0,6,5,3,2,142,77,65,42,22,20
56729902,30,17,13,3,1,2,0,0,0,23,13,10,4,3,1
0829611,0,0,0,0,0,0,0,0,0,0,0,0,0,0,0
56730201,463,250,213,27,10,17,17,8,9,305,169,136,114,63,51
3115880,0,0,0,0,0,0,0,0,0,0,0,0,0,0,0
56731101,1743,844,899,83,46,37,51,26,25,1120,537,583,489,235,254
56731103,1071,505,566,44,20,24,36,15,21,687,325,362,304,145,159
56731104,1855,873,982,86,39,47,53,11,42,1171,540,631,545,283,262
0165510,0,0,0,0,0,0,0,0,0,0,0,0,0,0,0
0330900,0,0,0,0,0,0,0,0,0,0,0,0,0,0,0
0450120,0,0,0,0,0,0,0,0,0,0,0,0,0,0,0
0688880,0,0,0,0,0,0,0,0,0,0,0,0,0,0,0
0693290,0,0,0,0,0,0,0,0,0,0,0,0,0,0,0
0693370,0,0,0,0,0,0,0,0,0,0,0,0,0,0,0
0693450,0,0,0,0,0,0,0,0,0,0,0,0,0,0,0
0993500,0,0,0,0,0,0,0,0,0,0,0,0,0,0,0
0994570,0,0,0,0,0,0,0,0,0,0,0,0,0,0,0
0994730,0,0,0,0,0,0,0,0,0,0,0,0,0,0,0
0995710,0,0,0,0,0,0,0,0,0,0,0,0,0,0,0
0996780,0,0,0,0,0,0,0,0,0,0,0,0,0,0,0
0996940,0,0,0,0,0,0,0,0,0,0,0,0,0,0,0
0997410,0,0,0,0,0,0,0,0,0,0,0,0,0,0,0
1492090,0,0,0,0,0,0,0,0,0,0,0,0,0,0,0
1705420,0,0,0,0,0,0,0,0,0,0,0,0,0,0,0
3115960,0,0,0,0,0,0,0,0,0,0,0,0,0,0,0
3116000,0,0,0,0,0,0,0,0,0,0,0,0,0,0,0
3189900,0,0,0,0,0,0,0,0,0,0,0,0,0,0,0
3190070,0,0,0,0,0,0,0,0,0,0,0,0,0,0,0
3190400,0,0,0,0,0,0,0,0,0,0,0,0,0,0,0
3367000,0,0,0,0,0,0,0,0,0,0,0,0,0,0,0
3367510,0,0,0,0,0,0,0,0,0,0,0,0,0,0,0
3367690,0,0,0,0,0,0,0,0,0,0,0,0,0,0,0
3367770,0,0,0,0,0,0,0,0,0,0,0,0,0,0,0
3367850,0,0,0,0,0,0,0,0,0,0,0,0,0,0,0
3367930,0,0,0,0,0,0,0,0,0,0,0,0,0,0,0
56702701,462,235,227,23,12,11,12,10,2,315,156,159,112,57,55
56702704,41,20,21,3,1,2,0,0,0,17,9,8,21,10,11
56702705,234,118,116,21,12,9,8,4,4,144,68,76,61,34,27
56702706,29,16,13,1,1,0,3,2,1,17,8,9,8,5,3
56702707,198,150,48,11,8,3,26,24,2,108,79,29,53,39,14
56702710,261,130,131,15,7,8,8,6,2,182,87,95,56,30,26
56702711,286,139,147,14,9,5,6,2,4,208,100,108,58,28,30
56702712,840,407,433,42,19,23,23,12,11,601,288,313,174,88,86
56702713,8466,4102,4364,431,199,232,295,142,153,5458,2644,2814,2282,1117,1165
56702714,1149,570,579,61,26,35,38,18,20,718,351,367,332,175,157
56702716,688,350,338,84,33,51,38,24,14,246,125,121,320,168,152
56702718,3948,1913,2035,207,82,125,187,79,108,2258,1096,1162,1296,656,640
56702719,25,19,6,3,3,0,3,3,0,7,5,2,12,8,4
56702721,3567,1713,1854,238,101,137,154,71,83,1856,851,1005,1319,690,629
56702722,426,205,221,26,11,15,31,16,15,287,142,145,82,36,46
56702724,276,137,139,12,5,7,9,5,4,198,100,98,57,27,30
56702725,130,61,69,6,2,4,11,5,6,79,34,45,34,20,14
56702726,666,347,319,46,23,23,15,8,7,473,244,229,132,72,60
56702727,4617,2122,2495,265,116,149,169,70,99,2669,1256,1413,1514,680,834
56702728,4653,2187,2466,266,115,151,199,83,116,2801,1317,1484,1387,672,715
56702730,2271,1068,1203,116,46,70,97,37,60,1407,657,750,651,328,323
56702731,55,28,27,1,1,0,5,3,2,46,24,22,3,0,3
56702732,772,378,394,54,18,36,39,17,22,451,217,234,228,126,102
56702733,825,640,185,40,32,8,10,7,3,274,209,65,501,392,109
56702734,6158,2871,3287,375,149,226,273,116,157,3585,1674,1911,1925,932,993
56702735,188,102,86,12,6,6,12,4,8,129,69,60,35,23,12
56702736,7005,3292,3713,365,163,202,270,117,153,4447,2091,2356,1923,921,1002
56702737,342,116,226,18,5,13,10,5,5,84,40,44,230,66,164
56702738,24,11,13,3,2,1,0,0,0,16,7,9,5,2,3
56702739,3679,1744,1935,227,94,133,127,54,73,2264,1071,1193,1061,525,536
56702740,2823,1388,1435,204,105,99,161,78,83,1352,662,690,1106,543,563
56702741,6024,2878,3146,325,152,173,274,125,149,3590,1687,1903,1835,914,921
56702742,178,96,82,6,4,2,4,3,1,142,72,70,26,17,9
56732902,102,54,48,6,2,4,1,1,0,70,36,34,25,15,10
56732903,28,15,13,0,0,0,0,0,0,16,9,7,12,6,6
56732904,315,159,156,21,14,7,8,3,5,202,91,111,84,51,33
56733701,184,92,92,6,4,2,10,6,4,117,57,60,51,25,26
56733702,69,35,34,2,2,0,3,1,2,40,18,22,24,14,10
56733703,1604,823,781,173,81,92,51,23,28,597,312,285,783,407,376
56734501,457,224,233,22,10,12,38,16,22,314,157,157,83,41,42
56735301,226,121,105,8,6,2,11,6,5,154,79,75,53,30,23
56736101,68,36,32,4,1,3,0,0,0,54,27,27,10,8,2
56736102,45,23,22,3,1,2,0,0,0,37,20,17,5,2,3
56736103,154,82,72,5,4,1,9,6,3,96,46,50,44,26,18
3308330,0,0,0,0,0,0,0,0,0,0,0,0,0,0,0
54643701,115,56,59,11,3,8,4,2,2,78,40,38,22,11,11
56742601,128,65,63,6,3,3,5,3,2,95,45,50,22,14,8
56742602,325,178,147,6,4,2,8,5,3,215,116,99,96,53,43
0043590,0,0,0,0,0,0,0,0,0,0,0,0,0,0,0
0148510,0,0,0,0,0,0,0,0,0,0,0,0,0,0,0
0584750,0,0,0,0,0,0,0,0,0,0,0,0,0,0,0
3116260,0,0,0,0,0,0,0,0,0,0,0,0,0,0,0
3190740,0,0,0,0,0,0,0,0,0,0,0,0,0,0,0
56745101,154,84,70,10,6,4,7,4,3,113,61,52,24,13,11
56745103,41,27,14,2,1,1,1,0,1,26,17,9,12,9,3
56745105,332,166,166,22,8,14,12,6,6,198,103,95,100,49,51
56745106,434,217,217,23,11,12,27,10,17,287,140,147,97,56,41
56745107,403,200,203,28,11,17,22,12,10,247,124,123,106,53,53
56745108,56,30,26,1,1,0,3,2,1,35,20,15,17,7,10
56745109,920,421,499,60,28,32,42,16,26,499,227,272,319,150,169
56745110,800,366,434,52,21,31,34,11,23,534,247,287,180,87,93
56745111,1041,523,518,35,18,17,31,13,18,680,338,342,295,154,141
56745112,1822,912,910,126,56,70,98,45,53,557,255,302,1041,556,485
56745113,3376,1597,1779,199,99,100,155,61,94,1947,926,1021,1075,511,564
56745115,2121,1045,1076,130,69,61,78,35,43,1293,623,670,620,318,302
56745116,109,53,56,6,3,3,1,0,1,79,39,40,23,11,12
56745119,537,321,216,20,12,8,18,12,6,260,144,116,239,153,86
56745120,1916,959,957,84,39,45,70,36,34,1218,604,614,544,280,264
56745121,42,24,18,0,0,0,1,1,0,28,15,13,13,8,5
56746901,48,22,26,1,0,1,6,3,3,28,14,14,13,5,8
56746902,357,180,177,25,13,12,14,4,10,224,112,112,94,51,43
56747702,520,224,296,25,11,14,10,4,6,227,114,113,258,95,163
56747703,73,34,39,2,1,1,6,1,5,50,25,25,15,7,8
56747704,102,55,47,2,1,1,0,0,0,75,42,33,25,12,13
56747705,56,29,27,4,2,2,3,1,2,22,11,11,27,15,12
56747706,548,266,282,29,10,19,31,14,17,315,156,159,173,86,87
56747707,465,232,233,23,12,11,21,9,12,307,155,152,114,56,58
56747708,63,35,28,8,5,3,4,2,2,33,17,16,18,11,7
56747709,71,39,32,2,0,2,7,4,3,42,24,18,20,11,9
56748501,69,31,38,2,1,1,5,2,3,47,19,28,15,9,6
56748502,204,109,95,10,4,6,9,6,3,135,73,62,50,26,24
56748503,98,47,51,3,1,2,1,0,1,55,27,28,39,19,20
56748504,71,35,36,6,5,1,2,1,1,45,22,23,18,7,11
56748505,93,49,44,5,2,3,3,1,2,64,34,30,21,12,9
56748506,203,104,99,15,6,9,9,4,5,141,74,67,38,20,18
56748507,105,52,53,12,4,8,5,2,3,64,34,30,24,12,12
56748508,41,24,17,2,2,0,0,0,0,27,14,13,12,8,4
0334480,0,0,0,0,0,0,0,0,0,0,0,0,0,0,0
0334810,0,0,0,0,0,0,0,0,0,0,0,0,0,0,0
56750701,120,61,59,7,4,3,4,2,2,71,34,37,38,21,17
56750702,345,174,171,17,9,8,7,2,5,197,99,98,124,64,60
56750703,268,130,138,17,5,12,15,7,8,167,85,82,69,33,36
56750704,508,243,265,26,10,16,20,11,9,292,144,148,170,78,92
56750705,676,328,348,45,25,20,37,17,20,432,207,225,162,79,83
56750706,227,109,118,19,11,8,11,4,7,143,70,73,54,24,30
56750707,77,36,41,0,0,0,3,1,2,48,20,28,26,15,11
56750709,248,126,122,6,2,4,4,2,2,159,83,76,79,39,40
56750710,236,107,129,5,2,3,18,8,10,100,44,56,113,53,60
56750711,934,476,458,88,41,47,76,39,37,445,235,210,325,161,164
56750712,563,273,290,22,8,14,31,15,16,370,190,180,140,60,80
56750713,1587,722,865,77,27,50,92,35,57,837,401,436,581,259,322
56750714,1707,856,851,78,37,41,59,25,34,1001,497,504,569,297,272
56750715,64,33,31,6,3,3,2,1,1,39,18,21,17,11,6
0337740,0,0,0,0,0,0,0,0,0,0,0,0,0,0,0
0848240,0,0,0,0,0,0,0,0,0,0,0,0,0,0,0
1986760,0,0,0,0,0,0,0,0,0,0,0,0,0,0,0
56751501,218,112,106,4,3,1,2,1,1,117,62,55,95,46,49
56751502,184,99,85,7,5,2,9,2,7,127,70,57,41,22,19
56751503,750,420,330,51,31,20,16,8,8,321,163,158,362,218,144
56751504,67,34,33,3,2,1,3,1,2,29,17,12,32,14,18
56751505,1326,684,642,97,48,49,51,23,28,562,297,265,616,316,300
56751506,61,31,30,4,2,2,8,4,4,31,17,14,18,8,10
56751507,1313,615,698,62,26,36,33,12,21,839,393,446,379,184,195
56751508,1783,857,926,98,45,53,68,38,30,1142,543,599,475,231,244
56751509,1470,710,760,72,38,34,47,20,27,922,440,482,429,212,217
56751510,1334,612,722,47,21,26,47,18,29,747,353,394,493,220,273
56752301,181,91,90,17,9,8,2,1,1,124,59,65,38,22,16
56752302,1140,595,545,44,24,20,26,13,13,739,366,373,331,192,139
56753101,1173,596,577,91,46,45,74,41,33,635,315,320,373,194,179
56755801,1331,659,672,60,30,30,50,27,23,924,450,474,297,152,145
56755802,140,74,66,9,4,5,2,1,1,101,56,45,28,13,15
56755803,127,69,58,8,6,2,1,0,1,74,38,36,44,25,19
56755804,355,182,173,17,8,9,12,4,8,215,109,106,111,61,50
1387110,0,0,0,0,0,0,0,0,0,0,0,0,0,0,0
1387200,0,0,0,0,0,0,0,0,0,0,0,0,0,0,0
1387380,0,0,0,0,0,0,0,0,0,0,0,0,0,0,0
56756601,363,186,177,14,4,10,13,7,6,242,125,117,94,50,44
56756602,64,35,29,4,1,3,3,1,2,44,26,18,13,7,6
56756603,39,21,18,5,2,3,4,2,2,21,10,11,9,7,2
56756604,118,56,62,5,2,3,5,2,3,60,30,30,48,22,26
56756605,55,28,27,2,0,2,0,0,0,45,24,21,8,4,4
56756606,184,93,91,7,3,4,2,1,1,132,68,64,43,21,22
56756607,36,20,16,3,1,2,0,0,0,22,14,8,11,5,6
56756608,78,42,36,1,1,0,0,0,0,51,28,23,26,13,13
56756610,94,44,50,2,1,1,3,0,3,60,25,35,29,18,11
0583270,0,0,0,0,0,0,0,0,0,0,0,0,0,0,0
56758201,315,167,148,16,6,10,18,9,9,209,111,98,72,41,31
56758202,593,304,289,30,15,15,23,12,11,347,173,174,193,104,89
56760401,430,221,209,24,11,13,4,2,2,270,132,138,132,76,56
56761202,932,478,454,33,13,20,25,11,14,619,306,313,255,148,107
56762101,1767,868,899,96,43,53,62,32,30,1059,518,541,550,275,275
56762102,1268,592,676,51,23,28,42,16,26,836,392,444,339,161,178
56762103,103,57,46,7,5,2,10,6,4,62,33,29,24,13,11
0753290,0,0,0,0,0,0,0,0,0,0,0,0,0,0,0
0753612,0,0,0,0,0,0,0,0,0,0,0,0,0,0,0
0753960,0,0,0,0,0,0,0,0,0,0,0,0,0,0,0
3157530,0,0,0,0,0,0,0,0,0,0,0,0,0,0,0
3418780,0,0,0,0,0,0,0,0,0,0,0,0,0,0,0
3418860,0,0,0,0,0,0,0,0,0,0,0,0,0,0,0
3418940,0,0,0,0,0,0,0,0,0,0,0,0,0,0,0
56763901,2844,1415,1429,167,68,99,150,70,80,1660,813,847,867,464,403
56763902,962,456,506,47,19,28,59,27,32,609,291,318,247,119,128
56763903,205,110,95,13,7,6,12,5,7,108,56,52,72,42,30
56763904,3149,1539,1610,247,115,132,179,75,104,1370,663,707,1353,686,667
56763905,373,187,186,26,15,11,16,9,7,248,125,123,83,38,45
56763906,100,52,48,0,0,0,3,0,3,80,42,38,17,10,7
56763907,796,393,403,38,17,21,43,21,22,534,269,265,181,86,95
56763908,96,52,44,11,5,6,4,1,3,63,37,26,18,9,9
56763909,793,421,372,39,19,20,43,25,18,488,257,231,223,120,103
56763910,54,32,22,3,0,3,0,0,0,29,19,10,22,13,9
56763912,291,140,151,34,18,16,9,3,6,169,84,85,79,35,44
56763913,137,74,63,3,1,2,6,3,3,96,51,45,32,19,13
56763914,1556,725,831,99,39,60,102,44,58,882,422,460,473,220,253
56763915,750,363,387,43,17,26,33,10,23,418,212,206,256,124,132
56764701,689,345,344,28,9,19,28,13,15,456,222,234,177,101,76
56765501,508,254,254,17,6,11,6,5,1,314,151,163,171,92,79
54690901,68,36,32,4,3,1,3,1,2,46,25,21,15,7,8
54690902,73,39,34,4,1,3,1,0,1,49,29,20,19,9,10
56769801,248,121,127,3,1,2,8,4,4,152,78,74,85,38,47
56769802,53,27,26,3,1,2,2,0,2,42,23,19,6,3,3
56770101,220,110,110,19,6,13,13,6,7,127,72,55,61,26,35
56771001,287,142,145,16,9,7,23,11,12,173,89,84,75,33,42
56771002,82,40,42,5,2,3,4,1,3,59,30,29,14,7,7
56771003,356,196,160,11,4,7,9,5,4,233,128,105,103,59,44
56771004,79,44,35,1,0,1,3,2,1,57,32,25,18,10,8
56771005,20,9,11,2,2,0,0,0,0,16,6,10,2,1,1
56771006,206,107,99,7,2,5,3,2,1,130,65,65,66,38,28
0983290,0,0,0,0,0,0,0,0,0,0,0,0,0,0,0
0983370,0,0,0,0,0,0,0,0,0,0,0,0,0,0,0
56772801,132,79,53,5,4,1,6,4,2,63,34,29,58,37,21
56772802,40,21,19,1,1,0,1,0,1,32,17,15,6,3,3
56775201,2054,1028,1026,114,56,58,81,41,40,1210,597,613,649,334,315
56776101,111,55,56,2,0,2,0,0,0,64,34,30,45,21,24
56776102,244,121,123,6,4,2,3,1,2,136,63,73,99,53,46
56776103,23,10,13,0,0,0,0,0,0,11,3,8,12,7,5
56776104,32,16,16,0,0,0,0,0,0,27,13,14,5,3,2
56776105,140,68,72,1,1,0,1,0,1,114,55,59,24,12,12
56776106,202,94,108,3,2,1,7,2,5,120,51,69,72,39,33
1129760,0,0,0,0,0,0,0,0,0,0,0,0,0,0,0
1129920,0,0,0,0,0,0,0,0,0,0,0,0,0,0,0
3117310,0,0,0,0,0,0,0,0,0,0,0,0,0,0,0
3117400,0,0,0,0,0,0,0,0,0,0,0,0,0,0,0
3117580,0,0,0,0,0,0,0,0,0,0,0,0,0,0,0
56777901,24,12,12,0,0,0,0,0,0,20,9,11,4,3,1
56777902,60,30,30,0,0,0,1,0,1,38,21,17,21,9,12
56777903,1501,692,809,64,28,36,40,19,21,1013,464,549,384,181,203
56777904,893,464,429,48,21,27,37,21,16,560,288,272,248,134,114
56777905,1170,578,592,48,23,25,28,11,17,838,409,429,256,135,121
56777906,884,457,427,36,16,20,14,7,7,591,300,291,243,134,109
56778701,2383,1217,1166,130,63,67,123,56,67,1503,763,740,627,335,292
56778702,233,117,116,13,7,6,12,4,8,160,79,81,48,27,21
56780901,64,32,32,3,2,1,2,0,2,36,16,20,23,14,9
56780902,63,31,32,0,0,0,0,0,0,44,19,25,19,12,7
56780903,402,212,190,18,9,9,22,12,10,225,111,114,137,80,57
56780904,120,63,57,4,2,2,2,1,1,83,43,40,31,17,14
56780905,107,56,51,9,5,4,8,3,5,72,39,33,18,9,9
56780906,39,21,18,4,1,3,0,0,0,32,18,14,3,2,1
56783301,284,141,143,13,9,4,6,2,4,202,100,102,63,30,33
56783302,174,95,79,10,3,7,7,6,1,115,67,48,42,19,23
1603420,0,0,0,0,0,0,0,0,0,0,0,0,0,0,0
56784101,226,112,114,10,4,6,14,5,9,158,79,79,44,24,20
56784102,82,41,41,2,1,1,1,1,0,46,20,26,33,19,14
56784103,183,90,93,8,4,4,2,1,1,129,65,64,44,20,24
56784104,275,132,143,8,2,6,10,7,3,153,74,79,104,49,55
56784105,166,95,71,11,8,3,3,2,1,92,52,40,60,33,27
56784106,59,37,22,0,0,0,5,3,2,34,20,14,20,14,6
1661970,0,0,0,0,0,0,0,0,0,0,0,0,0,0,0
1662270,0,0,0,0,0,0,0,0,0,0,0,0,0,0,0
1662350,0,0,0,0,0,0,0,0,0,0,0,0,0,0,0
56744201,85,50,35,3,2,1,7,6,1,46,26,20,29,16,13
56744202,566,286,280,24,10,14,26,12,14,380,196,184,136,68,68
56744203,1144,576,568,59,27,32,46,22,24,724,363,361,315,164,151
56744204,46,28,18,2,0,2,0,0,0,31,19,12,13,9,4
56744205,68,28,40,2,1,1,9,3,6,39,16,23,18,8,10
56744206,3902,1909,1993,397,243,154,212,86,126,2242,1048,1194,1051,532,519
56744207,799,391,408,70,26,44,66,30,36,422,216,206,241,119,122
56744208,2560,1224,1336,266,120,146,267,116,151,1168,556,612,859,432,427
56744209,41,23,18,4,2,2,1,0,1,20,13,7,16,8,8
56744210,4799,2262,2537,338,150,188,239,98,141,2928,1369,1559,1294,645,649
56744211,4817,2254,2563,382,151,231,254,105,149,2718,1299,1419,1463,699,764
56744212,662,311,351,43,13,30,34,11,23,438,213,225,147,74,73
56744213,4692,2263,2429,294,114,180,215,92,123,2941,1429,1512,1242,628,614
56744214,267,134,133,10,7,3,26,10,16,163,85,78,68,32,36
56744215,2816,1380,1436,253,116,137,200,94,106,1503,753,750,860,417,443
56744216,408,202,206,28,14,14,22,12,10,246,112,134,112,64,48
56744218,1315,653,662,80,40,40,56,26,30,838,417,421,341,170,171
56744219,1130,556,574,92,38,54,136,68,68,564,279,285,338,171,167
56744220,2139,1048,1091,183,79,104,141,71,70,1215,590,625,600,308,292
56744221,111,58,53,1,1,0,6,2,4,69,38,31,35,17,18
56744222,1076,515,561,85,38,47,68,34,34,662,319,343,261,124,137
56744223,1741,880,861,167,79,88,120,63,57,873,445,428,581,293,288
56744224,2295,1233,1062,182,74,108,154,74,80,975,496,479,984,589,395
56744225,1040,491,549,84,37,47,124,50,74,482,220,262,350,184,166
56744227,2462,1190,1272,210,93,117,147,78,69,1401,661,740,704,358,346
56744228,22,11,11,1,0,1,1,1,0,16,9,7,4,1,3
56744229,1646,791,855,123,49,74,101,47,54,1064,512,552,358,183,175
56744231,368,198,170,15,5,10,25,12,13,146,82,64,182,99,83
56744232,1688,816,872,165,75,90,102,47,55,969,472,497,452,222,230
56744233,908,429,479,50,22,28,59,26,33,529,250,279,270,131,139
56744234,2057,963,1094,125,48,77,136,56,80,1256,598,658,540,261,279
56744235,758,364,394,49,19,30,72,35,37,443,210,233,194,100,94
56785002,60,29,31,0,0,0,3,1,2,37,19,18,20,9,11
56785003,771,384,387,45,20,25,20,6,14,499,245,254,207,113,94
56786801,138,70,68,9,5,4,3,1,2,98,48,50,28,16,12
56786802,267,138,129,10,5,5,15,8,7,178,85,93,64,40,24
56786803,65,38,27,3,1,2,0,0,0,45,27,18,17,10,7
56786804,387,188,199,19,6,13,8,5,3,236,116,120,124,61,63
56786806,280,145,135,9,3,6,4,2,2,184,92,92,83,48,35
56787602,79,40,39,18,10,8,2,1,1,51,24,27,8,5,3
56787603,432,219,213,24,9,15,16,9,7,305,153,152,87,48,39
56788401,23,14,9,0,0,0,0,0,0,17,11,6,6,3,3
56788402,192,100,92,6,5,1,12,7,5,116,59,57,58,29,29
56793101,539,276,263,23,15,8,29,14,15,343,174,169,144,73,71
56795701,206,105,101,8,6,2,10,4,6,134,68,66,54,27,27
56797301,39,21,18,1,0,1,1,0,1,35,19,16,2,2,0
56797302,30,14,16,1,0,1,4,2,2,21,11,10,4,1,3
56797304,31,14,17,3,1,2,1,0,1,22,11,11,5,2,3
56797305,138,74,64,0,0,0,2,2,0,88,42,46,48,30,18
56797306,85,43,42,0,0,0,0,0,0,54,26,28,31,17,14
56797307,37,19,18,1,0,1,0,0,0,11,7,4,25,12,13
56797308,35,13,22,2,1,1,1,1,0,20,7,13,12,4,8
1876310,0,0,0,0,0,0,0,0,0,0,0,0,0,0,0
56800701,2166,1043,1123,116,50,66,117,63,54,1322,630,692,611,300,311
56800703,294,149,145,31,15,16,11,8,3,184,90,94,68,36,32
56801501,83,38,45,3,0,3,2,1,1,55,27,28,23,10,13
56801502,49,27,22,3,1,2,1,1,0,37,20,17,8,5,3
56801504,3443,1665,1778,197,88,109,119,57,62,2204,1062,1142,923,458,465
56801505,355,181,174,23,9,14,10,3,7,264,142,122,58,27,31
56801506,241,114,127,7,5,2,14,7,7,167,77,90,53,25,28
56802301,97,55,42,2,1,1,2,1,1,63,34,29,30,19,11
56802302,488,231,257,19,7,12,15,6,9,299,140,159,155,78,77
56802303,88,43,45,9,6,3,7,3,4,48,24,24,24,10,14
56802304,27,16,11,2,1,1,1,0,1,20,12,8,4,3,1
56802305,23,12,11,0,0,0,0,0,0,19,10,9,4,2,2
56802306,137,67,70,2,2,0,5,1,4,73,37,36,57,27,30
56802307,34,20,14,4,2,2,1,1,0,22,12,10,7,5,2
56802308,87,44,43,2,1,1,2,0,2,62,33,29,21,10,11
56802309,89,50,39,9,4,5,5,2,3,66,38,28,9,6,3
56805801,93,51,42,2,1,1,3,2,1,62,32,30,26,16,10
56805802,27,14,13,1,1,0,0,0,0,15,7,8,11,6,5
56805803,1628,822,806,76,32,44,36,15,21,1081,547,534,435,228,207
56805804,56,30,26,2,0,2,1,0,1,41,21,20,12,9,3
56805805,30,16,14,4,2,2,0,0,0,26,14,12,0,0,0
56809102,131,68,63,5,2,3,1,1,0,85,44,41,40,21,19
56809103,365,182,183,28,7,21,8,4,4,239,118,121,90,53,37
56810402,115,57,58,1,1,0,2,1,1,72,36,36,40,19,21
56810403,366,193,173,10,6,4,15,5,10,238,125,113,103,57,46
56810404,25,14,11,1,1,0,3,2,1,18,10,8,3,1,2
56810405,41,19,22,0,0,0,0,0,0,29,14,15,12,5,7
56810406,87,49,38,6,2,4,3,2,1,44,25,19,34,20,14
56810407,24,16,8,0,0,0,7,4,3,14,9,5,3,3,0
56810408,82,48,34,4,3,1,5,4,1,50,27,23,23,14,9
56810409,44,21,23,1,0,1,2,1,1,32,17,15,9,3,6
56810410,67,34,33,1,0,1,0,0,0,36,18,18,30,16,14
56814701,153,85,68,9,6,3,7,6,1,102,53,49,35,20,15
56814704,726,375,351,35,17,18,28,14,14,450,226,224,213,118,95
56815501,33,19,14,0,0,0,0,0,0,20,13,7,13,6,7
56815502,75,35,40,1,1,0,2,0,2,58,26,32,14,8,6
56815503,24,11,13,0,0,0,0,0,0,15,8,7,9,3,6
56815504,628,311,317,25,12,13,37,19,18,407,200,207,159,80,79
56815507,36,18,18,0,0,0,2,2,0,23,9,14,11,7,4
56815508,1218,613,605,48,26,22,40,18,22,811,406,405,319,163,156
56815509,34,21,13,3,2,1,0,0,0,19,12,7,12,7,5
56815510,50,28,22,2,1,1,0,0,0,36,18,18,12,9,3
56815511,117,56,61,5,2,3,2,1,1,78,38,40,32,15,17
3419320,0,0,0,0,0,0,0,0,0,0,0,0,0,0,0
53062001,471,246,225,28,14,14,17,7,10,338,175,163,88,50,38
54618601,197,91,106,8,4,4,5,3,2,127,57,70,57,27,30
0864360,0,0,0,0,0,0,0,0,0,0,0,0,0,0,0
1450250,0,0,0,0,0,0,0,0,0,0,0,0,0,0,0
56820101,291,140,151,8,4,4,5,1,4,204,101,103,74,34,40
56820102,46,23,23,1,0,1,3,2,1,25,13,12,17,8,9
56820103,94,44,50,3,3,0,4,1,3,62,30,32,25,10,15
56820104,129,55,74,6,2,4,4,1,3,89,38,51,30,14,16
56820105,77,45,32,5,4,1,3,1,2,43,26,17,26,14,12
56820106,459,239,220,30,18,12,23,11,12,251,131,120,155,79,76
56820107,148,83,65,8,4,4,6,2,4,108,62,46,26,15,11
56820108,147,76,71,10,5,5,3,1,2,95,50,45,39,20,19
54692501,95,53,42,0,0,0,6,2,4,52,29,23,37,22,15
54692502,65,38,27,1,0,1,1,1,0,31,17,14,32,20,12
54692503,66,31,35,4,2,2,4,2,2,34,16,18,24,11,13
54692504,139,70,69,8,2,6,0,0,0,90,43,47,41,25,16
54692505,70,32,38,4,2,2,1,1,0,53,23,30,12,6,6
56828701,137,64,73,3,3,0,6,3,3,93,42,51,35,16,19
56829501,75,37,38,0,0,0,8,5,3,47,21,26,20,11,9
56829503,25,18,7,4,2,2,0,0,0,13,10,3,8,6,2
56829504,197,98,99,7,1,6,5,1,4,129,66,63,56,30,26
56829505,305,156,149,16,8,8,7,4,3,214,111,103,68,33,35
56829506,87,50,37,4,1,3,0,0,0,72,41,31,11,8,3
56830902,27,17,10,2,1,1,0,0,0,14,9,5,11,7,4
56830903,25,12,13,1,0,1,3,2,1,19,9,10,2,1,1
56830904,936,492,444,69,32,37,47,25,22,558,289,269,262,146,116
3181750,0,0,0,0,0,0,0,0,0,0,0,0,0,0,0
55369701,369,184,185,9,5,4,10,6,4,216,113,103,134,60,74
55369702,83,42,41,1,0,1,3,2,1,43,22,21,36,18,18
55369704,2645,1331,1314,253,110,143,294,152,142,1082,546,536,1016,523,493
1484822,0,0,0,0,0,0,0,0,0,0,0,0,0,0,0
1713610,0,0,0,0,0,0,0,0,0,0,0,0,0,0,0
1749040,0,0,0,0,0,0,0,0,0,0,0,0,0,0,0
1749630,0,0,0,0,0,0,0,0,0,0,0,0,0,0,0
1749980,0,0,0,0,0,0,0,0,0,0,0,0,0,0,0
1758971,0,0,0,0,0,0,0,0,0,0,0,0,0,0,0
1758972,0,0,0,0,0,0,0,0,0,0,0,0,0,0,0
3034020,0,0,0,0,0,0,0,0,0,0,0,0,0,0,0
3118550,0,0,0,0,0,0,0,0,0,0,0,0,0,0,0
3119280,0,0,0,0,0,0,0,0,0,0,0,0,0,0,0
3191550,0,0,0,0,0,0,0,0,0,0,0,0,0,0,0
56789201,496,242,254,32,7,25,17,7,10,331,173,158,116,55,61
56789202,395,195,200,6,3,3,9,5,4,294,142,152,86,45,41
56789203,50,28,22,2,1,1,7,4,3,28,16,12,13,7,6
56789204,184,87,97,8,3,5,4,2,2,126,62,64,46,20,26
56789205,249,118,131,7,4,3,4,1,3,175,84,91,63,29,34
56789206,1379,682,697,74,36,38,113,52,61,879,439,440,313,155,158
56789208,314,154,160,16,4,12,10,2,8,220,116,104,68,32,36
56789209,104,52,52,6,4,2,8,4,4,37,19,18,53,25,28
56789210,1126,569,557,148,71,77,153,83,70,278,140,138,547,275,272
56789211,201,126,75,49,28,21,15,10,5,79,53,26,58,35,23
56789212,27,13,14,0,0,0,10,6,4,8,5,3,9,2,7
56789213,1733,831,902,118,62,56,86,43,43,1111,522,589,418,204,214
56789215,209,108,101,13,6,7,11,3,8,102,52,50,83,47,36
56789216,321,167,154,20,8,12,16,10,6,157,84,73,128,65,63
56789217,4250,2063,2187,289,129,160,222,105,117,2587,1257,1330,1152,572,580
56789218,33,19,14,3,3,0,4,2,2,20,9,11,6,5,1
56789219,170,85,85,11,6,5,7,3,4,116,58,58,36,18,18
56789220,1280,614,666,65,31,34,50,24,26,827,399,428,338,160,178
56789221,1474,668,806,75,38,37,49,21,28,952,416,536,398,193,205
56789222,116,61,55,8,5,3,5,5,0,55,25,30,48,26,22
56789224,755,371,384,43,22,21,27,13,14,440,215,225,245,121,124
56789225,189,82,107,13,5,8,3,1,2,122,56,66,51,20,31
56789226,1897,881,1016,99,40,59,115,49,66,1200,564,636,483,228,255
56789227,2802,1386,1416,186,93,93,138,62,76,1571,758,813,907,473,434
56789228,246,130,116,20,13,7,12,5,7,135,66,69,79,46,33
56789229,175,75,100,31,8,23,11,3,8,47,25,22,86,39,47
56789230,45,20,25,7,3,4,6,2,4,22,12,10,10,3,7
56789231,781,381,400,65,34,31,62,31,31,456,211,245,198,105,93
56789233,3648,1736,1912,252,100,152,242,104,138,2191,1067,1124,963,465,498
56789235,52,29,23,2,1,1,5,3,2,33,17,16,12,8,4
56789236,565,297,268,67,29,38,20,10,10,146,79,67,332,179,153
56789237,700,335,365,52,16,36,22,9,13,400,197,203,226,113,113
56789238,135,76,59,6,4,2,9,6,3,65,35,30,55,31,24
56789239,1268,604,664,128,62,66,93,40,53,643,318,325,404,184,220
56789240,1658,920,738,135,58,77,94,49,45,688,352,336,741,461,280
56789241,3640,1652,1988,222,88,134,162,59,103,2254,1052,1202,1002,453,549
56789242,943,453,490,60,28,32,49,22,27,610,286,324,224,117,107
56789243,266,137,129,20,6,14,21,9,12,179,93,86,46,29,17
56789244,1139,534,605,63,30,33,81,36,45,655,312,343,340,156,184
50208101,1939,908,1031,90,37,53,69,28,41,1253,578,675,527,265,262
50208102,2019,973,1046,204,92,112,129,69,60,577,276,301,1109,536,573
50208103,264,134,130,10,5,5,21,9,12,157,80,77,76,40,36
50208105,1878,900,978,130,63,67,79,36,43,1131,529,602,538,272,266
50208106,3631,1870,1761,180,77,103,134,64,70,2097,1055,1042,1220,674,546
50208107,118,58,60,5,0,5,1,1,0,73,34,39,39,23,16
50208108,355,198,157,20,8,12,20,13,7,100,57,43,215,120,95
50208109,342,190,152,33,17,16,25,12,13,164,90,74,120,71,49
50208110,2541,1230,1311,157,74,83,159,72,87,1405,685,720,820,399,421
50208113,6761,3258,3503,582,254,328,486,230,256,3443,1687,1756,2250,1087,1163
50208114,1698,815,883,110,50,60,117,66,51,926,433,493,545,266,279
50208115,602,307,295,51,27,24,36,19,17,238,117,121,277,144,133
50129801,249,123,126,22,8,14,15,9,6,156,82,74,56,24,32
50129802,8864,4136,4728,519,228,291,402,173,229,5525,2549,2976,2418,1186,1232
50129803,40,21,19,0,0,0,1,1,0,38,19,19,1,1,0
50129804,4921,2330,2591,292,141,151,209,108,101,3102,1489,1613,1318,592,726
50129805,195,137,58,9,7,2,10,7,3,127,90,37,49,33,16
50129806,3652,1687,1965,243,93,150,203,96,107,2217,1039,1178,989,459,530
50129807,83,37,46,8,3,5,2,1,1,49,23,26,24,10,14
50129808,351,178,173,22,16,6,21,11,10,237,113,124,71,38,33
50129809,441,208,233,20,11,9,24,12,12,270,123,147,127,62,65
50129810,32,15,17,1,0,1,3,2,1,22,8,14,6,5,1
50129811,137,69,68,14,8,6,4,2,2,97,49,48,22,10,12
1752420,0,0,0,0,0,0,0,0,0,0,0,0,0,0,0
3119360,0,0,0,0,0,0,0,0,0,0,0,0,0,0,0
3294950,0,0,0,0,0,0,0,0,0,0,0,0,0,0,0
50231601,1308,652,656,74,35,39,71,31,40,836,429,407,327,157,170
50231602,129,66,63,6,2,4,4,3,1,91,47,44,28,14,14
50231603,179,87,92,7,2,5,6,2,4,114,61,53,52,22,30
50231604,503,256,247,20,10,10,16,5,11,342,176,166,125,65,60
50231605,89,46,43,4,3,1,6,3,3,50,23,27,29,17,12
50231606,833,406,427,54,27,27,26,11,15,509,245,264,244,123,121
50231607,20,9,11,3,3,0,0,0,0,17,6,11,0,0,0
50231608,275,139,136,17,5,12,10,5,5,170,93,77,78,36,42
50231609,2277,1100,1177,149,69,80,103,48,55,1368,667,701,657,316,341
50231610,139,68,71,7,4,3,7,4,3,82,38,44,43,22,21
50231611,1371,634,737,110,49,61,63,23,40,790,369,421,408,193,215
50231612,635,320,315,41,16,25,20,11,9,425,215,210,149,78,71
50231613,2461,1187,1274,174,70,104,149,84,65,1365,640,725,773,393,380
50231614,174,96,78,10,3,7,2,1,1,100,55,45,62,37,25
50231615,1907,897,1010,85,32,53,76,32,44,1143,538,605,603,295,308
50231616,25,16,9,0,0,0,2,1,1,12,9,3,11,6,5
50231617,1260,686,574,71,35,36,53,22,31,609,316,293,527,313,214
56835001,408,204,204,31,17,14,12,6,6,283,139,144,82,42,40
56835002,250,126,124,12,6,6,4,1,3,181,92,89,53,27,26
56835003,234,118,116,10,4,6,5,3,2,157,84,73,62,27,35
56835004,1424,668,756,87,37,50,90,44,46,860,396,464,387,191,196
55522301,69,37,32,6,3,3,4,2,2,46,26,20,13,6,7
55522302,144,72,72,3,2,1,3,1,2,95,48,47,43,21,22
55522303,51,26,25,1,0,1,0,0,0,39,22,17,11,4,7
55522304,110,59,51,2,1,1,0,0,0,73,40,33,35,18,17
55522305,341,164,177,12,5,7,3,1,2,248,116,132,78,42,36
55522306,86,41,45,0,0,0,0,0,0,59,27,32,27,14,13
56838401,63,32,31,3,2,1,2,2,0,28,14,14,30,14,16
56838402,167,81,86,5,4,1,4,1,3,119,58,61,39,18,21
56139801,358,178,180,20,9,11,24,8,16,212,114,98,102,47,55
56140102,66,32,34,11,5,6,4,2,2,29,13,16,22,12,10
56140105,22,11,11,0,0,0,4,2,2,16,8,8,2,1,1
56140106,50,30,20,2,1,1,3,2,1,25,15,10,20,12,8
56141001,415,211,204,16,5,11,5,2,3,263,138,125,131,66,65
56141003,56,33,23,3,1,2,3,2,1,31,20,11,19,10,9
56141004,118,57,61,8,4,4,1,1,0,79,36,43,30,16,14
56142801,234,118,116,9,2,7,7,3,4,161,83,78,57,30,27
56144401,471,250,221,17,8,9,16,7,9,293,152,141,145,83,62
56144402,207,98,109,9,3,6,7,1,6,133,64,69,58,30,28
56144403,108,56,52,2,1,1,3,2,1,59,33,26,44,20,24
56144404,111,56,55,9,3,6,3,2,1,80,42,38,19,9,10
56144405,58,34,24,4,3,1,0,0,0,42,23,19,12,8,4
56144406,370,187,183,16,7,9,16,6,10,205,106,99,133,68,65
0838442,0,0,0,0,0,0,0,0,0,0,0,0,0,0,0
56147901,185,87,98,14,5,9,13,5,8,115,55,60,43,22,21
56147902,37,23,14,3,2,1,3,0,3,14,8,6,17,13,4
56147903,37,20,17,3,2,1,3,1,2,22,10,12,9,7,2
56147904,386,201,185,16,5,11,12,2,10,232,119,113,126,75,51
56147905,21,10,11,2,1,1,1,0,1,12,7,5,6,2,4
56147906,992,496,496,36,14,22,44,22,22,564,277,287,348,183,165
56147907,2676,1314,1362,154,78,76,116,50,66,1582,776,806,824,410,414
0214660,0,0,0,0,0,0,0,0,0,0,0,0,0,0,0
0214820,0,0,0,0,0,0,0,0,0,0,0,0,0,0,0
0215120,0,0,0,0,0,0,0,0,0,0,0,0,0,0,0
3025890,0,0,0,0,0,0,0,0,0,0,0,0,0,0,0
3025970,0,0,0,0,0,0,0,0,0,0,0,0,0,0,0
3026010,0,0,0,0,0,0,0,0,0,0,0,0,0,0,0
3026190,0,0,0,0,0,0,0,0,0,0,0,0,0,0,0
3026270,0,0,0,0,0,0,0,0,0,0,0,0,0,0,0
56138002,331,169,162,9,5,4,15,8,7,233,120,113,74,36,38
56138004,354,192,162,16,7,9,31,21,10,181,91,90,126,73,53
56138005,53,30,23,3,2,1,4,2,2,24,13,11,22,13,9
56138006,551,275,276,24,13,11,12,2,10,368,184,184,147,76,71
56138007,258,114,144,7,3,4,19,9,10,178,80,98,54,22,32
56138008,109,49,60,6,2,4,2,1,1,75,33,42,26,13,13
56138009,383,190,193,17,6,11,14,4,10,212,111,101,140,69,71
56138010,90,43,47,2,0,2,8,5,3,45,21,24,35,17,18
56138011,68,34,34,3,1,2,2,2,0,42,20,22,21,11,10
56138012,83,41,42,3,2,1,5,3,2,50,23,27,25,13,12
56138013,40,18,22,3,2,1,2,1,1,26,10,16,9,5,4
56138014,95,49,46,6,3,3,1,1,0,55,29,26,33,16,17
56138015,28,12,16,0,0,0,0,0,0,23,10,13,5,2,3
56138016,129,62,67,2,1,1,3,1,2,106,54,52,18,6,12
56138017,290,153,137,20,9,11,13,5,8,177,96,81,80,43,37
56138019,3163,1519,1644,181,82,99,103,48,55,1908,908,1000,971,481,490
56138021,73,51,22,11,8,3,9,4,5,23,16,7,30,23,7
56138022,112,62,50,1,0,1,16,11,5,51,27,24,44,24,20
56138023,1674,793,881,114,47,67,80,28,52,1119,545,574,361,173,188
56138024,2495,1157,1338,140,60,80,134,49,85,1465,688,777,756,360,396
56138025,367,187,180,7,2,5,17,7,10,246,127,119,97,51,46
56138026,1597,789,808,107,42,65,100,53,47,892,442,450,498,252,246
56138027,200,119,81,21,8,13,39,36,3,74,38,36,66,37,29
56138028,456,230,226,24,7,17,7,5,2,272,134,138,153,84,69
56138029,401,203,198,23,9,14,26,11,15,237,120,117,115,63,52
56138030,1325,649,676,90,35,55,61,32,29,800,387,413,374,195,179
56138031,98,39,59,4,2,2,1,0,1,83,32,51,10,5,5
56138032,3586,1730,1856,183,76,107,152,67,85,2312,1131,1181,939,456,483
56138033,818,383,435,45,16,29,45,23,22,469,223,246,259,121,138
56138034,1853,1068,785,103,56,47,84,39,45,775,410,365,891,563,328
56138035,720,350,370,51,31,20,68,32,36,303,142,161,298,145,153
56138036,1318,626,692,81,48,33,66,30,36,759,357,402,412,191,221
56138037,1801,889,912,92,49,43,94,44,50,1073,522,551,542,274,268
56138038,4686,2262,2424,284,120,164,188,81,107,2865,1388,1477,1349,673,676
56138039,2317,1068,1249,148,67,81,131,48,83,1332,616,716,706,337,369
56138040,3968,1891,2077,226,100,126,193,91,102,2323,1109,1214,1226,591,635
3093540,0,0,0,0,0,0,0,0,0,0,0,0,0,0,0
3094010,0,0,0,0,0,0,0,0,0,0,0,0,0,0,0
3094190,0,0,0,0,0,0,0,0,0,0,0,0,0,0,0
3094270,0,0,0,0,0,0,0,0,0,0,0,0,0,0,0
3094430,0,0,0,0,0,0,0,0,0,0,0,0,0,0,0
56149502,65,29,36,10,3,7,2,2,0,43,19,24,10,5,5
56149503,496,267,229,28,12,16,32,19,13,281,154,127,155,82,73
56149504,30,15,15,1,0,1,3,0,3,18,10,8,8,5,3
56149505,219,111,108,7,2,5,13,7,6,121,67,54,78,35,43
56149506,145,72,73,6,2,4,4,2,2,101,53,48,34,15,19
56149507,56,29,27,8,4,4,6,3,3,31,17,14,11,5,6
56149509,99,47,52,9,5,4,0,0,0,69,34,35,21,8,13
56149510,593,293,300,35,18,17,44,22,22,365,181,184,149,72,77
56149511,484,233,251,37,15,22,24,11,13,257,131,126,166,76,90
56149512,466,230,236,27,12,15,22,9,13,280,144,136,137,65,72
56149514,849,395,454,51,24,27,38,21,17,508,231,277,252,119,133
56149515,42,19,23,0,0,0,0,0,0,17,7,10,25,12,13
56149516,561,307,254,31,12,19,16,7,9,260,143,117,254,145,109
56149518,63,35,28,3,3,0,6,2,4,35,18,17,19,12,7
56149519,1009,458,551,51,22,29,50,21,29,558,269,289,350,146,204
56153301,108,57,51,8,4,4,2,1,1,58,30,28,40,22,18
56153302,21,11,10,3,1,2,3,1,2,15,9,6,0,0,0
56153304,1137,553,584,53,24,29,45,17,28,643,308,335,396,204,192
56153305,28,14,14,5,3,2,5,2,3,12,7,5,6,2,4
56153306,35,19,16,0,0,0,1,1,0,31,16,15,3,2,1
56153307,30,17,13,2,2,0,1,0,1,11,7,4,16,8,8
56153308,37,21,16,0,0,0,0,0,0,32,19,13,5,2,3
56153311,26,15,11,2,1,1,0,0,0,10,6,4,14,8,6
56153312,31,16,15,4,2,2,1,0,1,16,9,7,10,5,5
56153315,102,51,51,5,2,3,2,1,1,49,24,25,46,24,22
56153316,85,45,40,5,3,2,5,4,1,53,27,26,22,11,11
56153318,41,22,19,4,2,2,0,0,0,22,13,9,15,7,8
56154101,627,333,294,24,9,15,10,5,5,405,225,180,188,94,94
54433701,220,122,98,18,8,10,6,3,3,107,64,43,89,47,42
54433702,139,75,64,10,7,3,0,0,0,98,52,46,31,16,15
54433703,30,13,17,5,1,4,1,1,0,20,10,10,4,1,3
54433704,41,20,21,2,1,1,8,4,4,26,13,13,5,2,3
56158401,450,235,215,33,18,15,12,6,6,257,132,125,148,79,69
56158403,51,22,29,2,0,2,1,0,1,27,10,17,21,12,9
56158405,31,15,16,4,1,3,1,1,0,13,8,5,13,5,8
56158407,26,13,13,2,0,2,0,0,0,11,5,6,13,8,5
56159201,808,417,391,33,15,18,46,22,24,535,280,255,194,100,94
0438263,0,0,0,0,0,0,0,0,0,0,0,0,0,0,0
56160601,649,333,316,32,17,15,24,11,13,394,198,196,199,107,92
56160602,63,33,30,8,4,4,0,0,0,44,23,21,11,6,5
56161401,46,24,22,0,0,0,2,0,2,31,17,14,13,7,6
56161402,221,119,102,10,8,2,13,5,8,141,73,68,57,33,24
56162201,175,80,95,11,4,7,9,3,6,97,47,50,58,26,32
56166501,641,326,315,18,11,7,21,12,9,381,194,187,221,109,112
56166502,46,25,21,2,1,1,3,1,2,32,18,14,9,5,4
56166503,80,37,43,5,1,4,3,2,1,61,29,32,11,5,6
56168101,3389,1697,1692,202,82,120,153,70,83,1968,980,988,1066,565,501
56168102,407,212,195,22,9,13,28,14,14,225,125,100,132,64,68
54623201,146,75,71,4,2,2,1,0,1,108,53,55,33,20,13
56172001,110,54,56,11,5,6,16,8,8,55,29,26,28,12,16
56172002,522,272,250,24,11,13,19,6,13,304,160,144,175,95,80
56172003,39,20,19,3,2,1,2,1,1,16,8,8,18,9,9
56172004,28,12,16,0,0,0,0,0,0,16,8,8,12,4,8
56172005,32,16,16,1,0,1,0,0,0,22,12,10,9,4,5
56172006,36,18,18,0,0,0,0,0,0,25,12,13,11,6,5
56173801,163,80,83,10,2,8,20,7,13,71,39,32,62,32,30
56173803,39,20,19,3,2,1,2,2,0,18,10,8,16,6,10
56174601,598,299,299,38,19,19,30,13,17,348,178,170,182,89,93
54625901,40,20,20,0,0,0,0,0,0,24,12,12,16,8,8
54625902,188,97,91,9,2,7,7,4,3,119,60,59,53,31,22
51416101,95,46,49,2,1,1,0,0,0,47,24,23,46,21,25
56182701,65,33,32,6,3,3,0,0,0,33,20,13,26,10,16
56182702,34,20,14,3,2,1,0,0,0,22,11,11,9,7,2
56182704,187,83,104,14,6,8,8,4,4,104,45,59,61,28,33
56182705,36,22,14,4,3,1,3,1,2,21,14,7,8,4,4
3095670,0,0,0,0,0,0,0,0,0,0,0,0,0,0,0
56183502,116,54,62,2,0,2,7,4,3,73,35,38,34,15,19
56183503,364,175,189,16,7,9,19,9,10,219,104,115,110,55,55
56183505,607,292,315,35,14,21,23,6,17,349,175,174,200,97,103
56183507,1684,799,885,83,39,44,66,18,48,1032,496,536,503,246,257
56183508,696,354,342,45,20,25,23,9,14,422,219,203,206,106,100
56183509,237,116,121,17,10,7,20,9,11,116,54,62,84,43,41
56183511,91,49,42,8,3,5,3,2,1,53,29,24,27,15,12
56183512,469,268,201,26,13,13,6,4,2,241,126,115,196,125,71
56183515,1081,537,544,51,26,25,39,22,17,667,321,346,324,168,156
56183516,151,71,80,6,2,4,1,0,1,95,44,51,49,25,24
56183517,69,38,31,1,0,1,8,6,2,33,19,14,27,13,14
56183518,511,265,246,18,12,6,27,10,17,312,161,151,154,82,72
56183519,25,13,12,1,0,1,0,0,0,17,9,8,7,4,3
3316940,0,0,0,0,0,0,0,0,0,0,0,0,0,0,0
56185101,297,148,149,9,4,5,17,5,12,180,91,89,91,48,43
3027160,0,0,0,0,0,0,0,0,0,0,0,0,0,0,0
3027590,0,0,0,0,0,0,0,0,0,0,0,0,0,0,0
3370640,0,0,0,0,0,0,0,0,0,0,0,0,0,0,0
56186001,65,30,35,2,1,1,2,0,2,35,16,19,26,13,13
56186002,117,53,64,4,2,2,7,4,3,71,32,39,35,15,20
56186003,375,185,190,26,15,11,21,9,12,240,121,119,88,40,48
56186004,492,247,245,42,18,24,14,5,9,294,153,141,142,71,71
56186005,222,103,119,21,12,9,14,5,9,127,56,71,60,30,30
56186007,23,14,9,1,1,0,1,1,0,11,5,6,10,7,3
56186008,983,481,502,69,29,40,62,36,26,576,284,292,276,132,144
56186009,504,224,280,41,13,28,32,11,21,278,134,144,153,66,87
56186010,626,311,315,33,16,17,36,12,24,406,205,201,151,78,73
56186011,548,264,284,34,17,17,42,22,20,324,159,165,148,66,82
56186012,462,212,250,32,11,21,25,6,19,271,126,145,134,69,65
56186015,133,58,75,16,9,7,16,9,7,27,11,16,74,29,45
56186016,746,370,376,49,20,29,42,20,22,460,227,233,195,103,92
56186017,331,150,181,22,9,13,18,9,9,188,84,104,103,48,55
56186018,1949,972,977,112,49,63,111,49,62,982,481,501,744,393,351
56186019,405,187,218,25,13,12,20,9,11,238,107,131,122,58,64
56186020,372,176,196,36,14,22,15,5,10,224,113,111,97,44,53
56186021,168,86,82,15,5,10,10,4,6,98,56,42,45,21,24
56186022,1015,480,535,58,25,33,65,25,40,559,266,293,333,164,169
56186023,1370,651,719,95,44,51,69,30,39,807,394,413,399,183,216
56186024,316,161,155,11,7,4,11,5,6,171,89,82,123,60,63
56186025,211,107,104,11,6,5,4,3,1,128,65,63,68,33,35
56187801,370,186,184,13,9,4,9,4,5,233,116,117,115,57,58
56187802,397,194,203,17,7,10,7,3,4,275,134,141,98,50,48
56188601,300,159,141,13,3,10,20,8,12,159,88,71,108,60,48
56189401,537,283,254,42,20,22,25,9,16,295,159,136,175,95,80
51427601,417,217,200,11,4,7,19,10,9,242,125,117,145,78,67
56195901,445,216,229,32,14,18,14,5,9,221,108,113,178,89,89
56198301,660,335,325,38,23,15,28,12,16,370,181,189,224,119,105
56198302,62,34,28,1,1,0,1,0,1,39,20,19,21,13,8
56199101,177,90,87,5,2,3,4,1,3,122,63,59,46,24,22
56199102,177,87,90,8,2,6,9,4,5,117,61,56,43,20,23
56199103,105,51,54,5,2,3,2,1,1,71,36,35,27,12,15
53038701,90,44,46,8,4,4,0,0,0,46,24,22,36,16,20
53038702,167,78,89,9,4,5,13,5,8,96,48,48,49,21,28
1991090,0,0,0,0,0,0,0,0,0,0,0,0,0,0,0
56201701,606,331,275,53,26,27,33,14,19,273,155,118,247,136,111
56201703,65,39,26,2,1,1,2,1,1,44,25,19,17,12,5
56201704,41,20,21,3,2,1,0,0,0,33,15,18,5,3,2
56201705,156,84,72,7,4,3,3,2,1,99,52,47,47,26,21
56201706,124,68,56,20,11,9,11,7,4,34,17,17,59,33,26
56201707,830,413,417,76,34,42,107,48,59,313,157,156,334,174,160
56201708,125,69,56,8,4,4,7,4,3,72,37,35,38,24,14
56201709,140,75,65,5,2,3,2,1,1,101,56,45,32,16,16
56202501,70,37,33,6,4,2,0,0,0,43,23,20,21,10,11
56202502,1454,761,693,83,38,45,42,20,22,877,467,410,452,236,216
51389001,168,84,84,9,4,5,5,3,2,110,59,51,44,18,26
56205001,724,362,362,54,23,31,41,19,22,405,206,199,224,114,110
54627501,144,76,68,15,6,9,5,1,4,81,45,36,43,24,19
56207601,677,338,339,26,15,11,31,10,21,447,231,216,173,82,91
3316860,0,0,0,0,0,0,0,0,0,0,0,0,0,0,0
56209201,4377,2463,1914,311,193,118,267,181,86,2434,1362,1072,1365,727,638
56210601,56,33,23,2,1,1,7,5,2,32,18,14,15,9,6
56210602,295,152,143,7,2,5,9,3,6,203,103,100,76,44,32
56210604,614,307,307,29,16,13,14,7,7,366,175,191,205,109,96
1586402,0,0,0,0,0,0,0,0,0,0,0,0,0,0,0
56211403,253,131,122,12,7,5,17,11,6,145,70,75,79,43,36
56211405,30,14,16,3,2,1,6,2,4,5,3,2,16,7,9
56211406,28,17,11,0,0,0,8,5,3,14,7,7,6,5,1
54628301,238,123,115,23,8,15,11,7,4,160,84,76,44,24,20
54628302,21,10,11,1,0,1,0,0,0,15,8,7,5,2,3
56213101,54,30,24,3,1,2,5,3,2,29,16,13,17,10,7
56213102,577,292,285,25,7,18,22,11,11,350,180,170,180,94,86
55363801,198,107,91,8,2,6,10,4,6,93,51,42,87,50,37
54626701,28,14,14,0,0,0,7,4,3,14,7,7,7,3,4
54626702,22,13,9,2,1,1,3,2,1,11,7,4,6,3,3
54626703,48,23,25,5,3,2,3,1,2,22,10,12,18,9,9
54626704,189,107,82,8,3,5,9,4,5,95,51,44,77,49,28
56217301,170,92,78,12,7,5,2,1,1,99,53,46,57,31,26
56220301,23,13,10,0,0,0,3,1,2,16,10,6,4,2,2
56220302,115,55,60,2,1,1,4,1,3,88,43,45,21,10,11
56220303,47,22,25,3,1,2,2,0,2,24,11,13,18,10,8
56222001,54,30,24,1,0,1,1,0,1,27,16,11,25,14,11
56222002,652,328,324,43,22,21,28,12,16,368,192,176,213,102,111
56223801,107,55,52,12,6,6,3,1,2,48,25,23,44,23,21
56224601,52,27,25,2,1,1,5,2,3,22,10,12,23,14,9
56224603,567,297,270,33,17,16,25,13,12,346,176,170,163,91,72
56224604,62,34,28,0,0,0,2,1,1,28,11,17,32,22,10
56226201,112,58,54,8,2,6,3,1,2,68,40,28,33,15,18
56226202,36,17,19,0,0,0,0,0,0,28,14,14,8,3,5
56226203,159,79,80,5,2,3,3,0,3,99,52,47,52,25,27
56226204,220,117,103,7,2,5,1,0,1,130,68,62,82,47,35
56226205,81,34,47,6,2,4,7,1,6,55,25,30,13,6,7
56226206,1669,834,835,71,34,37,60,27,33,1019,506,513,519,267,252
56226207,498,238,260,48,18,30,31,7,24,232,112,120,187,101,86
56226208,34,15,19,1,0,1,0,0,0,23,10,13,10,5,5
56226209,28,13,15,3,3,0,0,0,0,22,8,14,3,2,1
56229701,135,73,62,6,2,4,4,2,2,78,40,38,47,29,18
56229702,97,49,48,5,1,4,7,4,3,52,27,25,33,17,16
56229703,148,74,74,9,4,5,2,1,1,87,45,42,50,24,26
56229704,37,19,18,7,4,3,1,0,1,22,13,9,7,2,5
56229705,54,29,25,2,0,2,3,2,1,38,22,16,11,5,6
56229706,1352,649,703,38,18,20,73,29,44,776,381,395,465,221,244
56229707,21,12,9,1,1,0,0,0,0,14,8,6,6,3,3
51419501,26,13,13,1,1,0,0,0,0,11,4,7,14,8,6
51419502,92,50,42,1,0,1,4,1,3,55,29,26,32,20,12
56352801,295,152,143,18,8,10,27,12,15,152,79,73,98,53,45
56352802,37,19,18,4,2,2,4,2,2,18,10,8,11,5,6
56353601,335,171,164,29,13,16,13,7,6,180,90,90,113,61,52
53042501,208,110,98,11,5,6,9,3,6,113,64,49,75,38,37
56355201,106,52,54,7,2,5,5,1,4,65,32,33,29,17,12
56355202,632,309,323,34,8,26,27,14,13,378,187,191,193,100,93
56355203,174,92,82,15,6,9,13,5,8,95,52,43,51,29,22
56355205,74,37,37,0,0,0,1,1,0,36,18,18,37,18,19
56355206,1151,542,609,74,31,43,52,22,30,654,304,350,371,185,186
56355207,99,53,46,3,2,1,3,1,2,47,25,22,46,25,21
56355208,138,70,68,8,4,4,7,3,4,71,37,34,52,26,26
56355212,380,184,196,22,7,15,23,9,14,213,109,104,122,59,63
56355213,95,51,44,15,10,5,4,2,2,46,22,24,30,17,13
56355214,114,59,55,15,6,9,14,9,5,49,24,25,36,20,16
56356101,569,285,284,47,18,29,43,19,24,316,163,153,163,85,78
0352032,0,0,0,0,0,0,0,0,0,0,0,0,0,0,0
3373400,0,0,0,0,0,0,0,0,0,0,0,0,0,0,0
56357901,125,60,65,11,5,6,8,3,5,76,38,38,30,14,16
56357902,63,33,30,2,1,1,2,1,1,39,21,18,20,10,10
56357903,67,32,35,4,1,3,10,4,6,29,15,14,24,12,12
56357904,259,132,127,18,8,10,10,5,5,149,70,79,82,49,33
56357905,51,28,23,2,0,2,0,0,0,20,12,8,29,16,13
56357906,44,25,19,2,0,2,2,1,1,29,16,13,11,8,3
56357907,95,46,49,5,2,3,2,0,2,42,22,20,46,22,24
56357908,146,68,78,4,2,2,8,2,6,92,42,50,42,22,20
57708101,503,250,253,45,19,26,31,17,14,276,140,136,151,74,77
57708102,39,20,19,3,2,1,1,0,1,29,15,14,6,3,3
57708104,804,393,411,43,18,25,33,11,22,479,238,241,249,126,123
3104760,0,0,0,0,0,0,0,0,0,0,0,0,0,0,0
3105570,0,0,0,0,0,0,0,0,0,0,0,0,0,0,0
3105900,0,0,0,0,0,0,0,0,0,0,0,0,0,0,0
56351001,1110,512,598,63,21,42,64,22,42,655,320,335,328,149,179
56351002,1179,545,634,78,29,49,56,20,36,671,316,355,374,180,194
56351003,261,122,139,21,7,14,6,4,2,167,81,86,67,30,37
56351004,49,26,23,2,1,1,2,0,2,27,16,11,18,9,9
56351005,720,362,358,47,13,34,35,18,17,432,229,203,206,102,104
56351007,612,309,303,42,20,22,36,18,18,348,184,164,186,87,99
56351008,272,140,132,11,6,5,6,3,3,179,94,85,76,37,39
56351009,928,460,468,60,28,32,57,30,27,593,296,297,218,106,112
56351010,778,384,394,68,30,38,52,24,28,468,230,238,190,100,90
56351011,350,176,174,31,15,16,15,5,10,211,108,103,93,48,45
56351012,792,404,388,64,26,38,56,32,24,440,226,214,232,120,112
56351013,1340,628,712,92,45,47,92,47,45,770,342,428,386,194,192
56351014,83,51,32,3,2,1,12,6,6,55,35,20,13,8,5
56351015,100,44,56,7,3,4,6,0,6,55,28,27,32,13,19
56351016,1408,649,759,124,55,69,110,43,67,769,365,404,405,186,219
56351017,2939,1659,1280,223,114,109,204,99,105,1223,669,554,1289,777,512
56351018,322,165,157,42,19,23,33,17,16,171,94,77,76,35,41
56351019,2308,1066,1242,202,86,116,171,81,90,1176,544,632,759,355,404
56351020,739,339,400,49,24,25,56,23,33,467,208,259,167,84,83
56351021,1160,566,594,75,34,41,77,46,31,735,356,379,273,130,143
56351022,1914,877,1037,131,53,78,120,54,66,1138,536,602,525,234,291
56351023,1974,909,1065,154,60,94,155,70,85,1090,516,574,575,263,312
56351024,1563,719,844,137,64,73,119,44,75,873,391,482,434,220,214
56351025,130,59,71,11,5,6,6,2,4,68,31,37,45,21,24
56351026,2028,990,1038,179,78,101,187,85,102,1029,517,512,633,310,323
56351027,1309,629,680,79,25,54,92,45,47,751,369,382,387,190,197
56351028,1545,746,799,111,46,65,93,40,53,959,473,486,382,187,195
56351029,2713,1306,1407,195,83,112,189,90,99,1486,720,766,843,413,430
56351030,335,181,154,28,14,14,20,7,13,202,112,90,85,48,37
56351031,28,13,15,1,0,1,2,1,1,18,9,9,7,3,4
56351032,544,263,281,45,19,26,44,22,22,275,131,144,180,91,89
56351033,491,247,244,31,18,13,34,18,16,300,147,153,126,64,62
56351034,69,37,32,4,1,3,6,3,3,46,29,17,13,4,9
56351035,1936,897,1039,151,61,90,102,41,61,1136,549,587,547,246,301
56351037,1612,762,850,109,49,60,79,33,46,941,445,496,483,235,248
56351038,2007,941,1066,129,50,79,139,58,81,1248,602,646,491,231,260
56351039,151,76,75,3,0,3,6,3,3,93,52,41,49,21,28
56351040,224,115,109,12,3,9,7,2,5,159,88,71,46,22,24
56351041,1813,810,1003,100,41,59,126,46,80,1080,488,592,507,235,272
56351042,125,30,95,8,2,6,1,0,1,20,12,8,96,16,80
56351043,486,471,15,53,51,2,40,40,0,149,142,7,244,238,6
56351044,1457,692,765,107,54,53,93,37,56,858,416,442,399,185,214
56351045,243,118,125,20,7,13,8,2,6,164,85,79,51,24,27
56351046,354,173,181,11,4,7,21,10,11,218,104,114,104,55,49
56351047,298,153,145,17,11,6,22,10,12,170,86,84,89,46,43
56351048,915,460,455,59,30,29,75,37,38,521,256,265,260,137,123
56351049,84,43,41,3,0,3,3,2,1,67,33,34,11,8,3
56351050,688,329,359,47,20,27,37,18,19,388,187,201,216,104,112
56359501,506,261,245,24,8,16,36,16,20,289,156,133,157,81,76
56359502,631,332,299,40,25,15,47,22,25,350,176,174,194,109,85
56359503,255,133,122,21,12,9,11,5,6,163,87,76,60,29,31
56359504,36,16,20,16,7,9,4,2,2,15,7,8,1,0,1
56360901,342,177,165,16,6,10,18,8,10,200,108,92,108,55,53
56360902,639,317,322,31,13,18,23,11,12,378,191,187,207,102,105
56360903,232,121,111,6,2,4,1,0,1,154,81,73,71,38,33
56361701,214,104,110,6,5,1,6,2,4,125,59,66,77,38,39
54658501,427,222,205,40,18,22,21,10,11,247,136,111,119,58,61
56363301,190,100,90,7,4,3,15,7,8,105,56,49,63,33,30
56363302,246,125,121,21,8,13,14,5,9,126,64,62,85,48,37
56363303,419,224,195,28,15,13,24,17,7,210,103,107,157,89,68
56363304,44,27,17,7,4,3,3,2,1,22,14,8,12,7,5
56364101,106,48,58,11,5,6,5,1,4,62,29,33,28,13,15
56364102,37,22,15,6,4,2,2,0,2,9,5,4,20,13,7
56364103,35,18,17,2,2,0,2,0,2,20,11,9,11,5,6
56364104,555,278,277,37,13,24,34,12,22,287,145,142,197,108,89
56364105,98,43,55,8,4,4,7,5,2,57,22,35,26,12,14
56364107,101,45,56,15,3,12,2,1,1,55,27,28,29,14,15
56364108,34,14,20,5,1,4,3,1,2,15,7,8,11,5,6
56366801,184,98,86,5,1,4,9,5,4,111,66,45,59,26,33
56366803,58,29,29,10,4,6,10,7,3,21,9,12,17,9,8
56366805,25,12,13,2,0,2,1,0,1,10,6,4,12,6,6
56366807,170,87,83,17,10,7,4,2,2,103,52,51,46,23,23
56366809,34,14,20,8,3,5,2,1,1,13,5,8,11,5,6
56366810,133,56,77,12,4,8,5,2,3,83,36,47,33,14,19
56366811,24,16,8,0,0,0,0,0,0,13,8,5,11,8,3
56366812,236,127,109,23,11,12,16,10,6,117,62,55,80,44,36
56367601,226,114,112,9,4,5,7,3,4,112,57,55,98,50,48
56367602,36,19,17,2,0,2,2,0,2,26,16,10,6,3,3
56368401,220,116,104,12,8,4,18,8,10,111,59,52,79,41,38
56369201,160,106,54,35,28,7,28,22,6,75,47,28,22,9,13
56369202,149,85,64,16,6,10,7,2,5,94,58,36,32,19,13
56369203,1476,749,727,100,42,58,81,39,42,809,425,384,486,243,243
56369204,35,15,20,7,4,3,1,1,0,22,8,14,5,2,3
56369206,132,68,64,7,2,5,6,2,4,62,32,30,57,32,25
56370602,48,20,28,2,0,2,3,1,2,29,14,15,14,5,9
56370603,60,36,24,3,1,2,15,10,5,27,18,9,15,7,8
56370604,127,60,67,15,6,9,13,3,10,59,28,31,40,23,17
56370605,153,73,80,17,6,11,3,1,2,66,33,33,67,33,34
56370606,422,207,215,27,12,15,27,11,16,222,113,109,146,71,75
56370607,138,73,65,11,6,5,12,5,7,81,45,36,34,17,17
56370608,44,23,21,3,2,1,6,4,2,22,14,8,13,3,10
56370609,154,76,78,14,6,8,8,5,3,92,44,48,40,21,19
56370610,39,17,22,2,0,2,0,0,0,30,14,16,7,3,4
56371401,66,32,34,3,3,0,10,5,5,45,22,23,8,2,6
56371402,536,274,262,29,15,14,23,10,13,317,167,150,167,82,85
56373101,38,21,17,8,4,4,8,6,2,12,5,7,10,6,4
56373102,786,419,367,42,19,23,36,16,20,473,266,207,235,118,117
56374901,36,17,19,6,0,6,0,0,0,29,17,12,1,0,1
56374902,527,250,277,33,18,15,46,19,27,309,154,155,139,59,80
56374903,335,169,166,20,8,12,18,8,10,203,106,97,94,47,47
56374904,127,63,64,11,6,5,6,1,5,55,30,25,55,26,29
56374905,307,155,152,25,13,12,18,10,8,192,96,96,72,36,36
56374906,337,175,162,16,5,11,15,9,6,212,110,102,94,51,43
56374907,140,83,57,6,0,6,13,9,4,62,33,29,59,41,18
56374908,167,78,89,23,12,11,17,7,10,78,36,42,49,23,26
56375701,488,246,242,29,13,16,26,9,17,304,157,147,129,67,62
56375702,524,271,253,40,14,26,31,13,18,265,144,121,188,100,88
54657702,391,186,205,20,11,9,15,6,9,255,118,137,101,51,50
54657703,63,33,30,3,0,3,1,1,0,52,27,25,7,5,2
56377301,182,100,82,8,3,5,6,4,2,119,64,55,49,29,20
56378101,55,26,29,6,3,3,6,2,4,37,19,18,6,2,4
56378102,39,17,22,0,0,0,2,1,1,14,8,6,23,8,15
56378103,838,420,418,65,33,32,39,23,16,506,257,249,228,107,121
56379001,52,29,23,10,5,5,7,5,2,20,11,9,15,8,7
56379003,2545,1297,1248,168,83,85,118,55,63,1549,785,764,710,374,336
56379005,126,67,59,5,2,3,2,1,1,85,47,38,34,17,17
56380301,215,101,114,22,11,11,12,7,5,122,54,68,59,29,30
56380302,379,197,182,28,11,17,12,6,6,229,120,109,110,60,50
56381101,436,219,217,29,18,11,33,15,18,224,107,117,150,79,71
56381102,566,279,287,37,16,21,37,13,24,303,155,148,189,95,94
56381103,70,37,33,2,1,1,6,3,3,34,20,14,28,13,15
56381105,1054,545,509,80,32,48,47,26,21,613,312,301,314,175,139
56381106,383,186,197,22,11,11,9,4,5,231,111,120,121,60,61
56381107,60,38,22,1,1,0,2,1,1,29,18,11,28,18,10
56381108,576,293,283,33,14,19,28,19,9,394,201,193,121,59,62
56381109,626,315,311,52,27,25,35,21,14,312,148,164,227,119,108
3030970,0,0,0,0,0,0,0,0,0,0,0,0,0,0,0
56382001,251,127,124,24,10,14,14,4,10,132,74,58,81,39,42
56382002,79,35,44,1,1,0,3,1,2,31,17,14,44,16,28
56382003,405,190,215,21,8,13,25,6,19,287,141,146,72,35,37
56382004,62,27,35,5,4,1,1,0,1,34,14,20,22,9,13
56382005,985,463,522,99,42,57,72,30,42,533,260,273,281,131,150
56382006,61,31,30,5,4,1,5,3,2,33,15,18,18,9,9
56382007,3028,1461,1567,214,87,127,208,80,128,1638,801,837,968,493,475
56382008,374,225,149,31,16,15,14,9,5,147,86,61,182,114,68
56382009,79,38,41,3,2,1,5,2,3,44,20,24,27,14,13
56382010,386,194,192,16,9,7,15,8,7,231,113,118,124,64,60
56382011,115,59,56,9,5,4,4,1,3,66,40,26,36,13,23
56383801,153,74,79,9,5,4,6,3,3,92,45,47,46,21,25
56383802,118,56,62,12,5,7,10,3,7,58,31,27,38,17,21
56383803,427,206,221,35,14,21,38,15,23,225,118,107,129,59,70
56383804,1811,849,962,120,45,75,109,37,72,1034,496,538,548,271,277
56383805,108,56,52,4,2,2,1,0,1,60,28,32,43,26,17
56384601,113,62,51,6,4,2,6,3,3,70,40,30,31,15,16
56385401,844,409,435,70,32,38,56,26,30,465,236,229,253,115,138
56385402,28,14,14,0,0,0,1,1,0,24,11,13,3,2,1
56386201,37,18,19,4,2,2,1,1,0,18,9,9,14,6,8
56386202,36,21,15,3,1,2,3,1,2,12,8,4,18,11,7
56386204,185,92,93,14,7,7,7,4,3,104,53,51,60,28,32
56386205,238,113,125,14,5,9,7,2,5,129,67,62,88,39,49
3107270,0,0,0,0,0,0,0,0,0,0,0,0,0,0,0
3107350,0,0,0,0,0,0,0,0,0,0,0,0,0,0,0
56387101,113,55,58,7,2,5,10,5,5,56,24,32,40,24,16
56387102,208,111,97,13,6,7,5,2,3,126,69,57,64,34,30
56387103,42,19,23,4,1,3,1,1,0,32,16,16,5,1,4
56387104,283,141,142,23,11,12,33,17,16,139,70,69,88,43,45
56387105,267,134,133,29,10,19,13,6,7,133,68,65,92,50,42
56387106,147,74,73,6,2,4,18,11,7,95,48,47,28,13,15
56387107,58,32,26,1,0,1,6,4,2,37,21,16,14,7,7
56387108,134,62,72,5,2,3,6,2,4,82,35,47,41,23,18
56387109,45,25,20,3,2,1,1,1,0,33,19,14,8,3,5
56387110,203,94,109,23,10,13,5,1,4,120,58,62,55,25,30
56387111,37,21,16,4,1,3,0,0,0,26,15,11,7,5,2
56387112,179,84,95,16,5,11,17,4,13,90,48,42,56,27,29
56387113,57,25,32,11,5,6,6,4,2,23,8,15,17,8,9
56387115,42,18,24,9,3,6,1,1,0,11,4,7,21,10,11
56387116,368,179,189,42,18,24,46,16,30,147,78,69,133,67,66
56387117,802,404,398,65,25,40,75,31,44,402,205,197,260,143,117
56387118,69,31,38,5,2,3,10,4,6,34,15,19,20,10,10
56387119,757,338,419,46,24,22,53,19,34,394,178,216,264,117,147
56387120,354,166,188,34,12,22,25,11,14,186,90,96,109,53,56
56387121,1195,584,611,85,31,54,108,52,56,619,324,295,383,177,206
56387122,374,176,198,40,12,28,53,25,28,180,85,95,101,54,47
56390101,315,157,158,21,11,10,23,10,13,166,80,86,105,56,49
56390103,212,96,116,18,12,6,13,6,7,112,50,62,69,28,41
56390105,67,34,33,3,1,2,12,4,8,33,18,15,19,11,8
56390106,29,17,12,3,1,2,6,3,3,14,7,7,6,6,0
56390107,25,12,13,2,2,0,7,3,4,13,5,8,3,2,1
56390108,39,21,18,3,2,1,7,4,3,11,5,6,18,10,8
56390109,58,30,28,5,3,2,4,1,3,37,20,17,12,6,6
56390110,45,20,25,2,1,1,3,2,1,25,11,14,15,6,9
56390111,136,74,62,6,3,3,17,6,11,71,41,30,42,24,18
56390112,28,17,11,5,3,2,2,1,1,12,9,3,9,4,5
56391901,988,513,475,48,19,29,25,9,16,619,315,304,296,170,126
56391902,20,12,8,0,0,0,3,1,2,16,11,5,1,0,1
56391903,55,25,30,1,0,1,2,1,1,45,21,24,7,3,4
54663101,694,348,346,43,18,25,49,25,24,362,185,177,240,120,120
56393501,329,163,166,43,20,23,33,13,20,129,69,60,124,61,63
56393502,552,291,261,24,9,15,32,14,18,300,168,132,196,100,96
56393503,49,23,26,4,1,3,8,6,2,21,9,12,16,7,9
56394302,37,15,22,4,2,2,3,2,1,18,7,11,12,4,8
56394304,64,36,28,2,1,1,3,1,2,52,32,20,7,2,5
56394306,20,11,9,0,0,0,0,0,0,13,9,4,7,2,5
54599601,75,41,34,3,1,2,4,1,3,50,27,23,18,12,6
54599602,90,46,44,4,2,2,3,2,1,50,26,24,33,16,17
54599603,70,33,37,6,3,3,0,0,0,25,8,17,39,22,17
54599604,77,41,36,6,3,3,8,3,5,46,26,20,17,9,8
56396001,67,36,31,5,1,4,14,6,8,30,21,9,18,8,10
56396002,101,53,48,2,1,1,3,0,3,66,37,29,30,15,15
56396003,53,32,21,4,1,3,5,2,3,36,22,14,8,7,1
56396004,33,16,17,3,2,1,7,4,3,14,8,6,9,2,7
56396005,103,52,51,10,6,4,10,5,5,62,30,32,21,11,10
56396006,90,46,44,12,6,6,7,1,6,44,24,20,27,15,12
56396007,35,22,13,1,1,0,1,0,1,22,16,6,11,5,6
56396008,22,11,11,8,4,4,0,0,0,10,4,6,4,3,1
56396009,34,18,16,6,1,5,8,3,5,13,10,3,7,4,3
56396010,61,33,28,5,3,2,9,4,5,20,10,10,27,16,11
56396011,60,34,26,5,1,4,4,2,2,35,21,14,16,10,6
56396012,30,18,12,2,1,1,2,1,1,17,11,6,9,5,4
56396013,141,69,72,5,2,3,11,3,8,83,46,37,42,18,24
56396014,215,112,103,25,13,12,28,11,17,87,42,45,75,46,29
56396015,360,185,175,38,11,27,36,18,18,163,87,76,123,69,54
56396016,1057,492,565,123,42,81,109,45,64,544,267,277,281,138,143
56396017,290,147,143,23,5,18,33,13,20,156,84,72,78,45,33
54453101,231,118,113,9,5,4,17,6,11,153,78,75,52,29,23
54453102,25,14,11,1,1,0,2,1,1,14,8,6,8,4,4
54453103,307,154,153,22,11,11,14,4,10,162,82,80,109,57,52
54660701,696,348,348,25,10,15,22,5,17,423,210,213,226,123,103
53046801,881,461,420,42,21,21,41,22,19,506,272,234,292,146,146
53046802,66,33,33,3,2,1,4,1,3,40,23,17,19,7,12
56399401,542,273,269,20,9,11,31,19,12,333,159,174,158,86,72
3031600,0,0,0,0,0,0,0,0,0,0,0,0,0,0,0
3031860,0,0,0,0,0,0,0,0,0,0,0,0,0,0,0
56402801,113,53,60,5,2,3,3,1,2,76,35,41,29,15,14
56402802,46,23,23,4,1,3,0,0,0,27,16,11,15,6,9
56402803,69,35,34,6,4,2,0,0,0,38,18,20,25,13,12
56402804,50,24,26,4,3,1,0,0,0,29,14,15,17,7,10
56402805,1487,691,796,67,28,39,98,32,66,925,440,485,397,191,206
56402806,40,19,21,1,0,1,1,0,1,26,13,13,12,6,6
56402807,251,137,114,20,7,13,8,4,4,109,60,49,114,66,48
56402808,1407,646,761,83,28,55,86,31,55,759,361,398,479,226,253
56402809,59,28,31,2,2,0,2,1,1,32,13,19,23,12,11
56402810,1051,545,506,95,48,47,72,38,34,519,263,256,365,196,169
56402811,1387,696,691,79,37,42,67,33,34,865,435,430,376,191,185
56402812,346,177,169,31,10,21,23,11,12,186,104,82,106,52,54
56402813,209,112,97,5,1,4,10,5,5,132,70,62,62,36,26
56402814,445,224,221,24,9,15,31,16,15,296,151,145,94,48,46
56402815,77,45,32,9,4,5,6,2,4,28,18,10,34,21,13
56402817,178,92,86,7,4,3,13,4,9,97,50,47,61,34,27
56402818,40,19,21,1,1,0,0,0,0,39,18,21,0,0,0
56403601,424,215,209,22,10,12,25,6,19,245,130,115,132,69,63
56403602,35,18,17,4,2,2,2,1,1,20,10,10,9,5,4
56404401,274,146,128,16,8,8,26,9,17,176,94,82,56,35,21
56404402,2360,1176,1184,160,68,92,170,71,99,1263,657,606,767,380,387
0260260,0,0,0,0,0,0,0,0,0,0,0,0,0,0,0
54435301,173,93,80,4,2,2,3,1,2,97,48,49,69,42,27
54435302,96,51,45,5,2,3,5,4,1,71,36,35,15,9,6
56405201,109,46,63,8,4,4,8,2,6,64,25,39,29,15,14
56405202,29,13,16,2,0,2,4,2,2,14,7,7,9,4,5
56405204,82,43,39,1,0,1,5,2,3,54,26,28,22,15,7
56406101,153,71,82,4,2,2,3,1,2,91,44,47,55,24,31
56406102,2585,1295,1290,174,70,104,156,75,81,1502,755,747,753,395,358
56406103,29,15,14,2,1,1,2,2,0,8,5,3,17,7,10
56406105,156,81,75,10,5,5,9,6,3,73,39,34,64,31,33
56406106,21,7,14,4,1,3,0,0,0,13,5,8,4,1,3
56407901,195,108,87,13,6,7,11,6,5,116,68,48,55,28,27
56407902,41,23,18,2,1,1,1,1,0,11,6,5,27,15,12
3108670,0,0,0,0,0,0,0,0,0,0,0,0,0,0,0
56409501,164,81,83,9,4,5,4,2,2,110,57,53,41,18,23
56409502,56,30,26,0,0,0,1,1,0,24,12,12,31,17,14
56409504,968,465,503,65,31,34,42,19,23,621,299,322,240,116,124
56409505,76,36,40,5,4,1,0,0,0,46,22,24,25,10,15
56409506,30,13,17,0,0,0,5,2,3,13,7,6,12,4,8
56409507,160,88,72,5,3,2,9,3,6,87,49,38,59,33,26
56409508,107,56,51,5,2,3,2,1,1,71,35,36,29,18,11
56409509,219,110,109,11,7,4,14,7,7,134,67,67,60,29,31
56409510,51,26,25,3,1,2,2,1,1,43,22,21,3,2,1
56409511,463,222,241,33,16,17,27,11,16,237,118,119,166,77,89
56409512,59,27,32,4,1,3,1,1,0,27,10,17,27,15,12
56409513,749,375,374,47,21,26,20,11,9,432,217,215,250,126,124
56409515,37,20,17,4,3,1,2,1,1,17,9,8,14,7,7
56409516,503,244,259,45,20,25,25,10,15,284,141,143,149,73,76
56409517,1561,794,767,98,56,42,76,39,37,806,390,416,581,309,272
56409518,993,479,514,57,25,32,57,25,32,604,291,313,275,138,137
56409520,210,113,97,3,1,2,14,5,9,131,72,59,62,35,27
56409521,622,314,308,24,9,15,21,8,13,399,205,194,178,92,86
56409522,161,82,79,4,3,1,3,1,2,125,61,64,29,17,12
56409523,217,114,103,7,4,3,8,3,5,119,63,56,83,44,39
56409524,205,101,104,14,5,9,10,5,5,105,52,53,76,39,37
56410901,107,53,54,3,1,2,2,1,1,69,35,34,33,16,17
56410902,880,431,449,46,19,27,28,11,17,542,262,280,264,139,125
56411701,353,179,174,22,12,10,18,11,7,223,116,107,90,40,50
56411702,524,259,265,29,12,17,21,11,10,327,161,166,147,75,72
56411703,52,28,24,0,0,0,1,0,1,37,20,17,14,8,6
56411704,44,25,19,7,2,5,1,0,1,25,16,9,11,7,4
56411705,278,151,127,7,3,4,8,5,3,173,92,81,90,51,39
56411706,123,63,60,6,3,3,1,0,1,67,29,38,49,31,18
56411707,256,130,126,18,6,12,15,6,9,143,75,68,80,43,37
56411708,315,167,148,17,11,6,27,13,14,196,101,95,75,42,33
56411709,124,56,68,11,3,8,5,2,3,81,39,42,27,12,15
56411710,1125,538,587,82,38,44,75,34,41,636,319,317,332,147,185
56411711,1072,542,530,60,23,37,65,33,32,580,276,304,367,210,157
56411712,149,73,76,23,8,15,6,1,5,93,51,42,27,13,14
56411713,44,21,23,2,1,1,13,4,9,26,14,12,3,2,1
56411714,590,284,306,43,19,24,30,14,16,355,178,177,162,73,89
56411715,334,149,185,18,8,10,23,9,14,219,101,118,74,31,43
56411716,579,289,290,43,19,24,35,16,19,316,170,146,185,84,101
56411717,65,32,33,4,2,2,0,0,0,44,21,23,17,9,8
56411718,40,20,20,1,0,1,0,0,0,25,14,11,14,6,8
56411719,24,14,10,0,0,0,1,1,0,19,11,8,4,2,2
56163101,251,140,111,18,12,6,5,1,4,168,90,78,60,37,23
56163102,139,66,73,7,2,5,10,6,4,73,34,39,49,24,25
56163103,1573,772,801,105,39,66,77,32,45,880,438,442,511,263,248
56163104,30,15,15,1,1,0,4,1,3,17,9,8,8,4,4
56163105,963,481,482,52,26,26,50,20,30,603,307,296,258,128,130
56163106,33,16,17,1,0,1,0,0,0,22,11,11,10,5,5
56163107,143,78,65,7,5,2,1,0,1,98,52,46,37,21,16
56163108,28,14,14,6,2,4,1,1,0,14,7,7,7,4,3
56163109,82,38,44,3,2,1,5,2,3,51,23,28,23,11,12
56163110,25,14,11,2,1,1,0,0,0,19,10,9,4,3,1
56163112,168,96,72,9,3,6,7,4,3,83,48,35,69,41,28
56163113,135,73,62,6,3,3,2,1,1,80,40,40,47,29,18
56163115,55,32,23,0,0,0,0,0,0,22,11,11,33,21,12
56165701,95,48,47,7,3,4,8,3,5,58,30,28,22,12,10
54665801,170,87,83,10,3,7,3,1,2,108,56,52,49,27,22
53048401,396,208,188,32,14,18,11,4,7,227,124,103,126,66,60
53048402,179,95,84,8,5,3,1,0,1,128,68,60,42,22,20
56413301,39,18,21,2,1,1,0,0,0,28,13,15,9,4,5
56413302,573,267,306,57,12,45,54,20,34,241,121,120,221,114,107
56414101,86,45,41,4,1,3,1,0,1,66,36,30,15,8,7
56414102,60,29,31,0,0,0,3,2,1,49,22,27,8,5,3
56414103,51,25,26,0,0,0,2,0,2,33,16,17,16,9,7
56414104,60,34,26,2,1,1,3,3,0,27,14,13,28,16,12
56414105,35,20,15,3,3,0,2,1,1,24,13,11,6,3,3
56414107,33,16,17,6,2,4,3,1,2,13,8,5,11,5,6
56414108,29,11,18,0,0,0,3,0,3,10,6,4,16,5,11
56416801,449,224,225,21,10,11,23,11,12,244,120,124,161,83,78
56417601,308,168,140,25,9,16,25,16,9,145,83,62,113,60,53
56417602,80,40,40,8,5,3,10,4,6,48,25,23,14,6,8
56418401,562,285,277,40,15,25,24,13,11,318,157,161,180,100,80
56418402,287,148,139,13,3,10,5,3,2,187,96,91,82,46,36
53043301,365,203,162,16,5,11,25,14,11,220,126,94,104,58,46
56420601,449,226,223,32,21,11,39,18,21,282,138,144,96,49,47
54593701,212,96,116,13,5,8,8,2,6,136,69,67,55,20,35
0820403,0,0,0,0,0,0,0,0,0,0,0,0,0,0,0
0821390,0,0,0,0,0,0,0,0,0,0,0,0,0,0,0
3186800,0,0,0,0,0,0,0,0,0,0,0,0,0,0,0
3187440,0,0,0,0,0,0,0,0,0,0,0,0,0,0,0
55690401,1736,1141,595,111,66,45,74,39,35,490,287,203,1061,749,312
55690402,193,97,96,24,13,11,21,11,10,87,44,43,61,29,32
55690403,1394,695,699,122,52,70,96,53,43,684,328,356,492,262,230
55690404,89,41,48,5,2,3,5,3,2,49,25,24,30,11,19
55690405,2369,1114,1255,207,88,119,163,75,88,1293,605,688,706,346,360
55690406,28,14,14,3,1,2,1,0,1,19,10,9,5,3,2
55690408,2655,1297,1358,203,88,115,178,75,103,1386,702,684,888,432,456
55690409,78,38,40,18,8,10,6,1,5,23,14,9,31,15,16
55690410,1251,609,642,118,52,66,111,53,58,635,308,327,387,196,191
55690411,1558,687,871,114,43,71,115,40,75,956,427,529,373,177,196
55690412,3232,1507,1725,242,107,135,222,97,125,1853,880,973,915,423,492
55690413,3035,1446,1589,243,113,130,191,81,110,1746,827,919,855,425,430
55690414,400,202,198,29,13,16,20,8,12,238,120,118,113,61,52
55690416,1072,529,543,98,46,52,72,34,38,552,278,274,350,171,179
55690417,1829,856,973,127,51,76,93,47,46,1062,496,566,547,262,285
55690418,87,54,33,4,3,1,9,7,2,22,13,9,52,31,21
55690419,76,43,33,7,3,4,7,4,3,29,16,13,33,20,13
55690420,5979,2872,3107,417,178,239,504,236,268,3334,1627,1707,1724,831,893
55690421,1486,741,745,104,50,54,86,41,45,828,411,417,468,239,229
55690422,656,354,302,43,27,16,38,23,15,346,171,175,229,133,96
55690423,1019,495,524,81,33,48,67,25,42,577,284,293,294,153,141
55690424,32,18,14,1,0,1,1,0,1,19,12,7,11,6,5
55690425,237,127,110,17,6,11,24,17,7,119,61,58,77,43,34
55690426,2165,1064,1101,143,72,71,150,79,71,1367,656,711,505,257,248
55690427,193,105,88,22,13,9,9,6,3,110,55,55,52,31,21
55690428,202,97,105,9,3,6,10,5,5,134,64,70,49,25,24
55690429,870,434,436,58,24,34,67,32,35,484,252,232,261,126,135
55690430,3676,1774,1902,276,119,157,252,113,139,2046,1026,1020,1102,516,586
55690431,1679,817,862,134,53,81,106,52,54,959,473,486,480,239,241
55690434,67,31,36,9,7,2,4,2,2,40,16,24,14,6,8
55690435,480,232,248,29,13,16,44,19,25,283,142,141,124,58,66
55690436,55,31,24,1,1,0,0,0,0,32,16,16,22,14,8
55690437,777,366,411,59,25,34,64,32,32,477,221,256,177,88,89
55690438,689,333,356,45,22,23,39,19,20,448,215,233,157,77,80
55690439,3217,1544,1673,184,68,116,196,95,101,1919,925,994,918,456,462
55690440,2578,1164,1414,175,68,107,161,61,100,1537,724,813,705,311,394
55690442,1844,899,945,155,71,84,133,64,69,1095,548,547,461,216,245
55690443,2189,1029,1160,163,77,86,164,62,102,1262,609,653,600,281,319
55690444,3318,1502,1816,253,99,154,245,108,137,1887,880,1007,933,415,518
55690445,1078,519,559,95,54,41,79,36,43,635,299,336,269,130,139
55690446,237,115,122,29,10,19,24,13,11,130,64,66,54,28,26
55690447,532,234,298,73,30,43,50,18,32,273,121,152,136,65,71
55690448,137,68,69,13,6,7,14,7,7,70,34,36,40,21,19
55690449,3101,1446,1655,237,101,136,223,93,130,1849,881,968,792,371,421
55690450,1095,506,589,83,33,50,97,38,59,601,282,319,314,153,161
55690451,1988,1042,946,205,88,117,183,99,84,1049,553,496,551,302,249
55690452,377,178,199,15,5,10,16,6,10,257,121,136,89,46,43
55690453,540,297,243,60,37,23,35,14,21,273,145,128,172,101,71
55690454,539,259,280,31,11,20,36,18,18,357,173,184,115,57,58
55690456,1490,749,741,108,49,59,100,50,50,881,438,443,401,212,189
55690457,155,73,82,27,10,17,6,2,4,76,37,39,46,24,22
55690458,672,331,341,30,16,14,19,9,10,392,189,203,231,117,114
55690459,490,247,243,27,12,15,16,9,7,353,178,175,94,48,46
55690460,574,285,289,31,12,19,29,16,13,384,193,191,130,64,66
55690461,2357,1159,1198,159,73,86,124,49,75,1484,749,735,590,288,302
55690462,29,12,17,0,0,0,1,0,1,20,9,11,8,3,5
55690463,21,9,12,1,0,1,5,2,3,11,6,5,4,1,3
55690464,642,307,335,43,21,22,35,17,18,385,184,201,179,85,94
55690465,967,472,495,57,16,41,51,19,32,562,300,262,297,137,160
55690466,704,363,341,46,20,26,29,19,10,445,229,216,184,95,89
55690467,109,55,54,5,3,2,2,1,1,69,32,37,33,19,14
55690468,172,87,85,8,4,4,12,3,9,99,53,46,53,27,26
55690469,1050,524,526,65,29,36,53,26,27,656,328,328,276,141,135
55690470,115,58,57,7,2,5,3,1,2,85,45,40,20,10,10
55690471,200,105,95,8,1,7,9,5,4,137,73,64,46,26,20
55690472,153,82,71,9,5,4,11,4,7,83,42,41,50,31,19
55690473,4154,1995,2159,248,111,137,241,110,131,2526,1219,1307,1139,555,584
55690475,172,90,82,16,6,10,8,7,1,94,48,46,54,29,25
55690476,950,496,454,77,32,45,94,51,43,478,252,226,301,161,140
55690477,2029,1178,851,164,84,80,208,130,78,1065,627,438,592,337,255
55690478,342,185,157,41,25,16,28,16,12,132,71,61,141,73,68
55690479,1713,787,926,150,60,90,140,64,76,893,405,488,530,258,272
55690480,60,38,22,3,1,2,2,2,0,16,9,7,39,26,13
55690481,2670,1279,1391,182,88,94,218,86,132,1356,674,682,914,431,483
55690482,872,453,419,49,22,27,75,29,46,470,250,220,278,152,126
55690483,358,157,201,33,12,21,35,12,23,174,81,93,116,52,64
55690484,1924,937,987,182,75,107,155,70,85,1016,509,507,571,283,288
55690485,773,397,376,71,35,36,87,42,45,337,173,164,278,147,131
55690486,62,34,28,6,3,3,12,4,8,27,17,10,17,10,7
55690487,2456,1104,1352,202,70,132,204,75,129,1328,635,693,722,324,398
55690488,34,23,11,7,4,3,0,0,0,20,15,5,7,4,3
55690489,1849,905,944,153,65,88,175,88,87,1042,507,535,479,245,234
55690491,132,73,59,11,5,6,4,2,2,73,43,30,44,23,21
55690492,841,413,428,76,30,46,74,38,36,511,245,266,180,100,80
55689101,85,41,44,5,1,4,9,5,4,35,18,17,36,17,19
55689102,95,54,41,8,3,5,3,2,1,67,39,28,17,10,7
55689103,38,16,22,0,0,0,0,0,0,31,15,16,7,1,6
55689104,2704,1288,1416,201,87,114,207,91,116,1483,706,777,813,404,409
55689105,412,201,211,21,11,10,19,11,8,240,114,126,132,65,67
55689106,761,377,384,54,24,30,56,29,27,477,246,231,174,78,96
55689107,768,379,389,48,24,24,60,24,36,422,213,209,238,118,120
55689108,683,300,383,39,15,24,32,14,18,357,160,197,255,111,144
55689109,1651,767,884,114,47,67,131,58,73,914,424,490,492,238,254
55689110,1738,877,861,145,59,86,100,46,54,1081,569,512,412,203,209
56423101,49,23,26,5,2,3,0,0,0,28,13,15,16,8,8
56423102,277,152,125,29,12,17,17,9,8,159,87,72,72,44,28
56423103,1313,668,645,71,33,38,71,38,33,806,400,406,365,197,168
54659301,45,22,23,3,2,1,1,0,1,40,19,21,1,1,0
54659302,723,374,349,38,18,20,26,13,13,434,218,216,225,125,100
54659303,47,30,17,1,0,1,8,5,3,31,21,10,7,4,3
54659304,99,44,55,8,4,4,2,0,2,58,27,31,31,13,18
56426501,114,59,55,7,4,3,6,2,4,59,31,28,42,22,20
56426502,89,40,49,8,2,6,0,0,0,52,23,29,29,15,14
56426503,138,67,71,8,4,4,4,2,2,86,42,44,40,19,21
56426504,33,14,19,3,1,2,0,0,0,23,8,15,7,5,2
56426505,3122,1538,1584,207,86,121,286,134,152,1623,814,809,1006,504,502
56428101,692,347,345,59,31,28,43,24,19,345,170,175,245,122,123
56428102,87,45,42,3,1,2,8,5,3,60,33,27,16,6,10
56429001,152,85,67,6,4,2,3,2,1,86,50,36,57,29,28
56429002,56,33,23,6,3,3,1,1,0,36,22,14,13,7,6
56429003,38,18,20,3,1,2,2,2,0,24,11,13,9,4,5
56429004,34,15,19,1,1,0,0,0,0,16,7,9,17,7,10
56429005,438,227,211,14,8,6,15,8,7,283,148,135,126,63,63
56429006,407,197,210,30,12,18,28,12,16,208,104,104,141,69,72
56429007,21,11,10,0,0,0,0,0,0,10,5,5,11,6,5
54595301,132,66,66,17,6,11,14,4,10,60,35,25,41,21,20
54595303,165,82,83,11,4,7,13,6,7,93,46,47,48,26,22
54595304,58,30,28,0,0,0,3,1,2,28,15,13,27,14,13
56430301,50,23,27,3,1,2,6,1,5,28,14,14,13,7,6
56430302,59,28,31,5,2,3,0,0,0,44,21,23,10,5,5
56430303,37,20,17,0,0,0,4,3,1,20,9,11,13,8,5
56430304,275,141,134,15,5,10,29,16,13,141,68,73,90,52,38
56430306,180,97,83,6,5,1,4,2,2,122,64,58,48,26,22
56430307,80,38,42,5,1,4,2,0,2,44,22,22,29,15,14
56430309,26,15,11,1,0,1,6,2,4,16,11,5,3,2,1
56431101,184,89,95,10,4,6,12,5,7,109,54,55,53,26,27
56431102,96,49,47,5,3,2,1,0,1,60,28,32,30,18,12
54434501,75,41,34,7,5,2,7,4,3,42,25,17,19,7,12
54434503,244,122,122,20,12,8,11,5,6,154,74,80,59,31,28
54434504,74,39,35,5,2,3,5,1,4,45,25,20,19,11,8
54434505,25,11,14,0,0,0,0,0,0,19,9,10,6,2,4
56435401,1238,606,632,88,37,51,91,38,53,703,346,357,356,185,171
54458201,395,178,217,74,20,54,26,14,12,203,99,104,92,45,47
56437101,32,18,14,1,1,0,3,2,1,17,11,6,11,4,7
56437102,2698,1346,1352,164,73,91,136,65,71,1455,738,717,943,470,473
56439701,201,96,105,8,4,4,11,4,7,116,58,58,66,30,36
56439702,25,10,15,2,1,1,0,0,0,16,7,9,7,2,5
56439703,79,38,41,4,0,4,5,4,1,44,21,23,26,13,13
56439704,454,235,219,30,13,17,15,9,6,257,133,124,152,80,72
56439705,28,16,12,1,0,1,3,2,1,18,10,8,6,4,2
56440102,35,20,15,1,1,0,0,0,0,22,13,9,12,6,6
56440103,124,65,59,4,1,3,4,2,2,88,45,43,28,17,11
54447701,2254,1137,1117,158,70,88,107,48,59,1349,688,661,640,331,309
54447702,87,39,48,6,2,4,8,4,4,47,21,26,26,12,14
56442701,371,189,182,35,18,17,48,26,22,204,99,105,84,46,38
56442703,148,76,72,6,3,3,12,6,6,97,49,48,33,18,15
56442704,80,40,40,4,1,3,2,1,1,55,32,23,19,6,13
56442705,101,57,44,11,9,2,21,11,10,45,23,22,24,14,10
56442707,101,45,56,16,9,7,7,3,4,46,18,28,32,15,17
56442710,150,73,77,14,6,8,26,11,15,63,31,32,47,25,22
56443501,34,17,17,0,0,0,0,0,0,17,9,8,17,8,9
56443502,402,208,194,14,6,8,10,5,5,237,117,120,141,80,61
56444301,167,81,86,8,4,4,7,5,2,108,54,54,44,18,26
56444302,194,112,82,13,6,7,13,8,5,115,62,53,53,36,17
56445101,55,31,24,5,2,3,4,3,1,31,16,15,15,10,5
56445102,72,40,32,4,2,2,5,2,3,35,22,13,28,14,14
56445103,33,18,15,4,2,2,1,1,0,18,9,9,10,6,4
56445104,48,23,25,4,2,2,1,1,0,22,11,11,21,9,12
56445105,27,15,12,3,2,1,2,0,2,17,9,8,5,4,1
56446001,1135,588,547,76,37,39,62,30,32,699,370,329,298,151,147
56446002,60,28,32,8,4,4,4,1,3,32,15,17,16,8,8
56446003,219,108,111,13,7,6,13,9,4,120,57,63,73,35,38
56449401,119,63,56,6,3,3,4,2,2,71,38,33,38,20,18
56449402,25,13,12,1,1,0,4,1,3,20,11,9,0,0,0
56449403,26,15,11,2,1,1,2,2,0,19,9,10,3,3,0
56449405,128,69,59,5,3,2,9,3,6,86,49,37,28,14,14
56449406,153,71,82,1,0,1,8,3,5,109,53,56,35,15,20
56449407,159,82,77,8,4,4,2,1,1,91,48,43,58,29,29
56449408,148,79,69,4,1,3,4,3,1,77,42,35,63,33,30
56449409,530,286,244,35,13,22,10,6,4,293,170,123,192,97,95
56451601,119,60,59,8,4,4,3,2,1,75,38,37,33,16,17
56451602,46,23,23,10,5,5,3,1,2,14,7,7,19,10,9
56451603,189,92,97,15,3,12,9,4,5,108,53,55,57,32,25
56453202,31,15,16,0,0,0,1,0,1,11,6,5,19,9,10
56453203,22,10,12,0,0,0,0,0,0,10,4,6,12,6,6
56453205,65,32,33,2,1,1,0,0,0,19,7,12,44,24,20
56453206,35,18,17,6,2,4,5,4,1,19,10,9,5,2,3
56453207,40,18,22,3,0,3,2,0,2,19,9,10,16,9,7
56453208,25,10,15,2,1,1,3,0,3,15,6,9,5,3,2
56453209,84,39,45,2,1,1,5,1,4,56,31,25,21,6,15
56453210,220,124,96,12,6,6,18,11,7,128,74,54,62,33,29
56453211,73,39,34,3,2,1,2,1,1,32,18,14,36,18,18
56454101,282,145,137,35,16,19,18,9,9,155,74,81,74,46,28
54460401,162,81,81,7,3,4,6,3,3,111,55,56,38,20,18
57697201,260,140,120,19,8,11,67,31,36,108,61,47,66,40,26
57698101,338,170,168,45,22,23,70,33,37,132,67,65,91,48,43
57698102,336,162,174,35,13,22,55,23,32,123,66,57,123,60,63
57698103,79,49,30,8,4,4,14,7,7,21,15,6,36,23,13
57698104,23,13,10,0,0,0,5,3,2,14,7,7,4,3,1
57698105,163,83,80,21,12,9,17,6,11,74,40,34,51,25,26
57698106,57,27,30,4,2,2,14,5,9,18,10,8,21,10,11
57698107,75,37,38,4,4,0,20,10,10,26,11,15,25,12,13
57699901,303,155,148,27,11,16,9,5,4,177,84,93,90,55,35
57699902,63,31,32,6,1,5,2,1,1,34,17,17,21,12,9
57699903,84,45,39,5,1,4,8,4,4,43,24,19,28,16,12
57699904,352,177,175,27,8,19,35,15,20,174,88,86,116,66,50
57700601,76,40,36,6,2,4,7,5,2,35,20,15,28,13,15
57700602,498,264,234,34,18,16,75,37,38,229,115,114,160,94,66
57701401,236,114,122,21,10,11,11,3,8,146,75,71,58,26,32
57703101,202,108,94,14,3,11,27,17,10,83,39,44,78,49,29
57704901,126,69,57,7,2,5,4,2,2,63,34,29,52,31,21
57705701,563,289,274,50,19,31,59,26,33,281,147,134,173,97,76
57707301,294,144,150,27,11,16,24,6,18,154,81,73,89,46,43
57707302,59,28,31,6,2,4,9,5,4,31,15,16,13,6,7
57707303,150,83,67,17,9,8,16,9,7,75,43,32,42,22,20
57707304,121,57,64,6,3,3,21,9,12,60,27,33,34,18,16
57711101,96,50,46,3,3,0,9,5,4,39,20,19,45,22,23
57420101,141,75,66,14,8,6,14,7,7,69,36,33,44,24,20
57420102,103,57,46,12,4,8,13,7,6,24,13,11,54,33,21
57712001,1298,651,647,78,33,45,133,57,76,643,325,318,444,236,208
57712002,540,273,267,43,14,29,56,24,32,255,134,121,186,101,85
57714601,27,17,10,1,1,0,2,2,0,17,10,7,7,4,3
57714602,104,54,50,19,9,10,7,0,7,52,28,24,26,17,9
57714604,91,46,45,6,2,4,5,3,2,62,33,29,18,8,10
57714605,35,22,13,3,1,2,0,0,0,27,17,10,5,4,1
57714606,292,152,140,25,14,11,21,11,10,151,83,68,95,44,51
57714607,36,17,19,5,3,2,4,2,2,17,6,11,10,6,4
57714608,24,15,9,1,0,1,4,3,1,5,3,2,14,9,5
57715401,708,363,345,44,20,24,57,20,37,392,212,180,215,111,104
57715403,95,46,49,10,4,6,6,1,5,45,23,22,34,18,16
57715404,22,10,12,2,0,2,9,5,4,11,5,6,0,0,0
57715405,45,23,22,0,0,0,8,4,4,30,15,15,7,4,3
57715406,49,23,26,1,0,1,2,1,1,28,15,13,18,7,11
57715407,37,19,18,3,2,1,2,1,1,22,10,12,10,6,4
0559212,0,0,0,0,0,0,0,0,0,0,0,0,0,0,0
3372770,0,0,0,0,0,0,0,0,0,0,0,0,0,0,0
57716201,62,26,36,3,1,2,3,0,3,49,24,25,7,1,6
57716203,24,10,14,1,1,0,8,3,5,12,4,8,3,2,1
57716204,25,14,11,0,0,0,1,0,1,17,10,7,7,4,3
57716205,29,17,12,1,1,0,4,4,0,13,6,7,11,6,5
57716206,31,15,16,4,2,2,2,2,0,16,8,8,9,3,6
57716207,61,25,36,5,0,5,11,4,7,31,14,17,14,7,7
57716208,969,483,486,87,29,58,83,31,52,551,286,265,248,137,111
57716209,26,13,13,4,2,2,3,0,3,17,11,6,2,0,2
57716210,33,21,12,3,2,1,19,11,8,6,5,1,5,3,2
57716212,114,55,59,10,3,7,11,5,6,66,36,30,27,11,16
57716213,36,17,19,3,2,1,3,1,2,18,9,9,12,5,7
57716214,81,36,45,3,2,1,6,2,4,43,24,19,29,8,21
57717102,463,247,216,30,11,19,65,29,36,235,129,106,133,78,55
57718901,51,23,28,2,1,1,0,0,0,34,12,22,15,10,5
57718903,46,27,19,2,1,1,11,6,5,20,14,6,13,6,7
57718905,130,72,58,12,7,5,32,18,14,37,21,16,49,26,23
3037120,0,0,0,0,0,0,0,0,0,0,0,0,0,0,0
3037210,0,0,0,0,0,0,0,0,0,0,0,0,0,0,0
3125170,0,0,0,0,0,0,0,0,0,0,0,0,0,0,0
3125250,0,0,0,0,0,0,0,0,0,0,0,0,0,0,0
57719701,704,370,334,63,28,35,74,36,38,337,184,153,230,122,108
57719703,489,254,235,35,16,19,53,22,31,292,152,140,109,64,45
57719705,706,355,351,47,26,21,70,28,42,343,170,173,246,131,115
57719706,585,295,290,63,27,36,58,23,35,281,145,136,183,100,83
57719707,786,358,428,82,30,52,89,44,45,375,176,199,240,108,132
57719708,1977,948,1029,154,65,89,220,98,122,1018,509,509,585,276,309
57720101,208,111,97,9,4,5,13,8,5,117,59,58,69,40,29
0633550,0,0,0,0,0,0,0,0,0,0,0,0,0,0,0
57721901,47,24,23,6,3,3,4,2,2,15,7,8,22,12,10
57721902,364,181,183,24,8,16,28,11,17,214,116,98,98,46,52
57721903,85,46,39,3,0,3,9,4,5,33,21,12,40,21,19
57721904,194,98,96,4,2,2,10,3,7,115,60,55,65,33,32
57721905,83,44,39,4,1,3,8,5,3,41,24,17,30,14,16
57722701,158,89,69,10,6,4,13,6,7,79,45,34,56,32,24
57722702,26,16,10,2,1,1,4,3,1,17,12,5,3,0,3
57723501,43,23,20,11,5,6,7,3,4,15,8,7,10,7,3
57723503,1207,587,620,97,45,52,84,31,53,611,301,310,415,210,205
57723505,340,155,185,33,14,19,29,13,16,165,73,92,113,55,58
57724301,462,246,216,31,12,19,36,17,19,271,148,123,124,69,55
54748401,176,95,81,13,5,8,15,7,8,100,54,46,48,29,19
54748402,28,14,14,0,0,0,1,0,1,12,6,6,15,8,7
57737501,276,141,135,22,8,14,44,21,23,123,64,59,87,48,39
57737502,64,31,33,9,6,3,12,4,8,22,10,12,21,11,10
57729401,918,463,455,62,30,32,157,72,85,431,226,205,268,135,133
57730801,49,28,21,0,0,0,2,1,1,26,17,9,21,10,11
57730802,76,40,36,8,3,5,4,1,3,35,20,15,29,16,13
57730803,65,32,33,12,7,5,3,2,1,31,12,19,19,11,8
57730804,4621,2305,2316,337,142,195,370,149,221,2519,1289,1230,1395,725,670
57730805,26,16,10,1,0,1,3,0,3,14,9,5,8,7,1
57730806,246,118,128,28,9,19,17,7,10,124,59,65,77,43,34
57730808,60,27,33,2,1,1,4,2,2,24,8,16,30,16,14
57730809,47,22,25,4,2,2,4,1,3,27,14,13,12,5,7
57730810,52,31,21,4,2,2,1,0,1,24,15,9,23,14,9
57730811,70,38,32,8,3,5,5,2,3,37,23,14,20,10,10
57730812,58,22,36,2,0,2,5,2,3,41,16,25,10,4,6
57730813,21,13,8,1,1,0,0,0,0,8,4,4,12,8,4
57730814,24,14,10,2,1,1,2,1,1,15,10,5,5,2,3
57340001,170,82,88,8,3,5,15,4,11,98,53,45,49,22,27
57341801,617,327,290,40,15,25,44,22,22,335,181,154,198,109,89
57731601,126,66,60,5,3,2,7,2,5,66,34,32,48,27,21
57731602,182,79,103,11,3,8,10,3,7,117,52,65,44,21,23
57731603,94,50,44,7,4,3,8,2,6,44,27,17,35,17,18
57731604,31,15,16,5,2,3,4,2,2,17,9,8,5,2,3
57731605,51,25,26,4,3,1,5,1,4,25,10,15,17,11,6
57731606,31,17,14,3,2,1,1,0,1,18,9,9,9,6,3
57731607,47,22,25,5,3,2,6,3,3,18,8,10,18,8,10
57731608,88,50,38,6,4,2,3,1,2,58,35,23,21,10,11
57731609,46,24,22,7,4,3,5,3,2,29,14,15,5,3,2
57731610,38,21,17,1,1,0,5,4,1,19,10,9,13,6,7
57731611,32,18,14,1,1,0,0,0,0,22,12,10,9,5,4
57731612,200,101,99,6,1,5,20,7,13,121,66,55,53,27,26
57731613,112,54,58,8,4,4,7,3,4,56,30,26,41,17,24
57731614,49,25,24,2,2,0,4,1,3,12,6,6,31,16,15
57731615,39,17,22,2,1,1,0,0,0,15,8,7,22,8,14
57731616,42,22,20,5,0,5,4,2,2,27,17,10,6,3,3
57731617,56,24,32,4,2,2,2,0,2,33,17,16,17,5,12
57731618,138,67,71,7,2,5,10,4,6,68,37,31,53,24,29
57731619,20,10,10,1,1,0,2,0,2,17,9,8,0,0,0
57731620,111,53,58,4,1,3,9,1,8,68,35,33,30,16,14
57731621,216,108,108,13,5,8,19,8,11,117,62,55,67,33,34
57732401,235,123,112,15,5,10,17,10,7,141,74,67,62,34,28
57732402,213,109,104,7,3,4,17,8,9,126,67,59,63,31,32
57733201,588,311,277,40,20,20,36,19,17,315,159,156,197,113,84
57734101,625,311,314,70,36,34,74,31,43,291,143,148,190,101,89
57735901,1088,540,548,56,27,29,45,17,28,651,325,326,336,171,165
57736702,163,85,78,8,4,4,14,7,7,91,49,42,50,25,25
57736703,52,28,24,1,0,1,2,0,2,36,23,13,13,5,8
54747601,147,71,76,9,6,3,7,4,3,92,41,51,39,20,19
54747602,69,40,29,3,2,1,8,5,3,30,15,15,28,18,10
54747603,39,17,22,3,0,3,4,3,1,21,9,12,11,5,6
57739101,272,139,133,16,4,12,30,15,15,163,85,78,63,35,28
57740501,31,19,12,0,0,0,2,1,1,8,5,3,21,13,8
57740502,23,13,10,4,2,2,0,0,0,12,7,5,7,4,3
57740504,130,59,71,11,5,6,15,7,8,58,28,30,46,19,27
57740505,861,442,419,57,23,34,64,26,38,448,243,205,292,150,142
57741301,848,428,420,71,37,34,75,35,40,446,219,227,256,137,119
57741302,116,60,56,7,3,4,8,2,6,60,32,28,41,23,18
57742101,181,97,84,13,8,5,7,4,3,105,57,48,56,28,28
57742102,60,31,29,1,0,1,17,11,6,23,8,15,19,12,7
57743001,72,37,35,7,6,1,2,1,1,42,20,22,21,10,11
57743003,173,97,76,14,9,5,26,13,13,80,48,32,53,27,26
57743004,111,56,55,17,6,11,6,3,3,45,23,22,43,24,19
57743005,88,49,39,2,1,1,15,5,10,34,21,13,37,22,15
57744801,97,60,37,4,2,2,6,4,2,62,40,22,25,14,11
1409702,0,0,0,0,0,0,0,0,0,0,0,0,0,0,0
57745601,797,382,415,50,20,30,82,30,52,422,221,201,243,111,132
57745602,77,36,41,6,2,4,3,2,1,58,27,31,10,5,5
57745604,58,35,23,0,0,0,10,5,5,36,23,13,12,7,5
57745605,1454,737,717,141,63,78,150,69,81,791,401,390,372,204,168
57745607,73,39,34,5,2,3,6,1,5,45,27,18,17,9,8
57745609,23,12,11,2,1,1,0,0,0,6,3,3,15,8,7
57746401,269,133,136,39,19,20,30,14,16,105,53,52,95,47,48
57747201,33,13,20,9,3,6,1,1,0,11,5,6,12,4,8
57747202,47,24,23,11,5,6,3,1,2,19,9,10,14,9,5
57747203,40,19,21,3,1,2,12,7,5,18,9,9,7,2,5
57747204,21,8,13,1,0,1,1,1,0,16,5,11,3,2,1
57747205,1108,559,549,69,22,47,68,32,36,583,309,274,388,196,192
57747206,45,27,18,4,2,2,2,2,0,22,11,11,17,12,5
57749901,1055,520,535,90,41,49,133,55,78,549,290,259,283,134,149
57748101,97,47,50,11,4,7,7,4,3,48,20,28,31,19,12
57748102,22,12,10,2,2,0,3,1,2,8,5,3,9,4,5
57696401,326,160,166,28,12,16,19,10,9,203,101,102,76,37,39
57696402,2195,1015,1180,166,70,96,187,75,112,1077,543,534,765,327,438
57696403,1151,513,638,100,41,59,137,52,85,486,222,264,428,198,230
57696404,364,184,180,30,13,17,37,16,21,180,94,86,117,61,56
57696405,144,75,69,8,3,5,18,11,7,65,30,35,53,31,22
57696406,809,371,438,68,24,44,82,34,48,376,176,200,283,137,146
57696407,336,179,157,27,10,17,22,5,17,154,88,66,133,76,57
57696408,38,22,16,1,0,1,1,0,1,28,17,11,8,5,3
57696409,40,24,16,2,1,1,8,4,4,26,17,9,4,2,2
57696410,41,23,18,1,1,0,5,2,3,29,16,13,6,4,2
57696411,139,66,73,4,3,1,13,8,5,92,43,49,30,12,18
57696412,465,222,243,30,10,20,34,13,21,246,125,121,155,74,81
57696413,205,97,108,20,7,13,23,13,10,108,53,55,54,24,30
57696414,1036,551,485,97,40,57,108,50,58,512,273,239,319,188,131
57696415,66,35,31,9,6,3,4,2,2,37,19,18,16,8,8
57696416,54,25,29,9,5,4,3,0,3,27,13,14,15,7,8
57696417,589,300,289,45,14,31,71,31,40,334,176,158,139,79,60
57752901,116,65,51,8,4,4,10,4,6,69,40,29,29,17,12
57752902,87,46,41,7,2,5,7,3,4,41,23,18,32,18,14
57752903,70,37,33,5,2,3,16,9,7,35,19,16,14,7,7
57752904,185,86,99,18,9,9,6,3,3,93,41,52,68,33,35
57752905,50,24,26,3,0,3,2,0,2,27,15,12,18,9,9
57752906,158,80,78,6,2,4,13,4,9,77,40,37,62,34,28
57752908,24,11,13,5,1,4,0,0,0,15,7,8,4,3,1
57754502,48,26,22,4,1,3,3,2,1,31,18,13,10,5,5
57754503,509,255,254,34,13,21,43,18,25,278,148,130,154,76,78
57754504,104,54,50,7,3,4,4,2,2,54,31,23,39,18,21
57755301,173,84,89,10,3,7,17,7,10,91,46,45,55,28,27
57755302,1246,616,630,95,38,57,402,195,207,441,226,215,308,157,151
57755303,435,221,214,30,7,23,42,20,22,221,123,98,142,71,71
57756101,99,56,43,13,6,7,24,12,12,24,15,9,38,23,15
57756102,62,34,28,7,3,4,2,0,2,23,14,9,30,17,13
57757001,147,79,68,13,8,5,18,8,10,72,40,32,44,23,21
57757003,81,42,39,9,5,4,7,3,4,37,16,21,28,18,10
57759601,459,228,231,43,19,24,24,7,17,252,131,121,140,71,69
57759602,28,13,15,0,0,0,0,0,0,9,5,4,19,8,11
57759603,53,27,26,2,0,2,6,3,3,26,13,13,19,11,8
57759604,27,14,13,2,1,1,2,2,0,19,9,10,4,2,2
57760002,26,12,14,5,1,4,2,0,2,13,6,7,6,5,1
57760003,71,38,33,2,1,1,13,5,8,37,20,17,19,12,7
1717270,0,0,0,0,0,0,0,0,0,0,0,0,0,0,0
57762601,131,70,61,13,8,5,7,4,3,61,32,29,50,26,24
57762602,42,17,25,3,0,3,5,2,3,30,14,16,4,1,3
57762604,308,167,141,23,9,14,13,6,7,188,105,83,84,47,37
57762607,1148,549,599,80,33,47,117,52,65,625,305,320,326,159,167
57762608,535,260,275,39,20,19,23,11,12,336,163,173,137,66,71
57762610,115,54,61,8,2,6,9,3,6,69,36,33,29,13,16
57762611,94,47,47,9,1,8,12,7,5,48,25,23,25,14,11
57762612,92,40,52,6,4,2,0,0,0,64,29,35,22,7,15
57762613,269,129,140,26,10,16,16,6,10,159,77,82,68,36,32
57762614,45,19,26,7,2,5,1,1,0,19,7,12,18,9,9
57762615,39,20,19,3,1,2,2,2,0,28,12,16,6,5,1
57762616,28,15,13,2,0,2,7,4,3,19,11,8,0,0,0
57762617,98,51,47,4,3,1,6,3,3,63,33,30,25,12,13
57762618,1110,535,575,100,40,60,68,31,37,672,350,322,270,114,156
57762619,24,17,7,0,0,0,2,1,1,18,12,6,4,4,0
57762620,2553,1213,1340,217,86,131,206,83,123,1303,630,673,827,414,413
57762621,166,81,85,9,4,5,13,8,5,109,50,59,35,19,16
57762622,1703,882,821,192,94,98,136,63,73,812,407,405,563,318,245
57762623,117,50,67,10,3,7,12,8,4,59,26,33,36,13,23
57762624,2147,1012,1135,175,63,112,177,73,104,1135,561,574,660,315,345
57762625,425,208,217,19,8,11,22,12,10,250,122,128,134,66,68
57762626,2890,1364,1526,240,97,143,204,85,119,1576,765,811,870,417,453
57762627,109,51,58,6,5,1,1,0,1,72,33,39,30,13,17
57762628,54,27,27,0,0,0,0,0,0,34,16,18,20,11,9
1805562,0,0,0,0,0,0,0,0,0,0,0,0,0,0,0
57764202,70,34,36,2,0,2,2,0,2,33,14,19,33,20,13
57764203,101,53,48,14,10,4,10,2,8,45,24,21,32,17,15
57764204,28,15,13,2,2,0,6,2,4,11,6,5,9,5,4
57764205,33,12,21,3,1,2,3,2,1,12,5,7,15,4,11
57765101,214,108,106,19,7,12,18,6,12,109,61,48,68,34,34
57765102,578,278,300,52,19,33,68,25,43,241,129,112,217,105,112
57765103,74,37,37,8,4,4,6,1,5,32,18,14,28,14,14
57766903,309,161,148,25,11,14,28,16,12,152,82,70,104,52,52
57766904,36,17,19,5,2,3,0,0,0,18,9,9,13,6,7
57767701,103,53,50,4,2,2,4,3,1,56,29,27,39,19,20
57767702,93,42,51,6,3,3,4,1,3,49,26,23,34,12,22
57767703,398,202,196,31,18,13,16,8,8,238,113,125,113,63,50
57768501,35,17,18,3,2,1,0,0,0,25,13,12,7,2,5
57768503,74,39,35,5,2,3,3,2,1,44,22,22,22,13,9
57768504,307,158,149,19,6,13,28,18,10,150,77,73,110,57,53
57769301,36,18,18,2,0,2,3,2,1,25,13,12,6,3,3
57769302,178,91,87,20,9,11,15,5,10,66,33,33,77,44,33
57769303,56,27,29,2,0,2,11,2,9,32,18,14,11,7,4
57769304,131,70,61,12,5,7,8,4,4,66,37,29,45,24,21
57769305,819,417,402,68,33,35,85,41,44,396,199,197,270,144,126
57770701,77,43,34,6,4,2,7,4,3,39,22,17,25,13,12
57770702,81,47,34,4,2,2,2,1,1,36,19,17,39,25,14
57770703,52,31,21,5,4,1,2,1,1,30,16,14,15,10,5
57770704,182,81,101,12,4,8,14,7,7,94,44,50,62,26,36
57770705,97,52,45,5,3,2,8,3,5,55,30,25,29,16,13
57772301,89,42,47,2,0,2,0,0,0,45,19,26,42,23,19
57772302,81,41,40,6,3,3,18,7,11,34,17,17,23,14,9
56982801,159,81,78,19,10,9,10,4,6,78,39,39,52,28,24
56982802,20,11,9,1,0,1,0,0,0,3,3,0,16,8,8
56983601,272,141,131,21,8,13,16,9,7,141,76,65,94,48,46
56985201,413,205,208,31,13,18,39,21,18,236,120,116,107,51,56
56986101,120,65,55,20,9,11,15,6,9,44,24,20,41,26,15
56987901,432,213,219,31,16,15,23,9,14,251,123,128,127,65,62
56988701,198,98,100,9,2,7,22,7,15,102,53,49,65,36,29
56988702,218,116,102,19,9,10,11,6,5,129,70,59,59,31,28
56988703,99,49,50,8,6,2,11,4,7,42,23,19,38,16,22
56988705,69,34,35,2,1,1,7,3,4,48,24,24,12,6,6
56991701,163,89,74,13,7,6,10,6,4,100,48,52,40,28,12
56991702,1885,935,950,135,62,73,218,90,128,997,502,495,535,281,254
56991703,216,117,99,8,4,4,17,10,7,101,49,52,90,54,36
56992501,1100,521,579,118,54,64,79,27,52,471,249,222,432,191,241
56993301,170,88,82,9,3,6,17,5,12,96,50,46,48,30,18
56994101,248,127,121,32,14,18,18,10,8,120,61,59,78,42,36
56996801,488,252,236,25,10,15,23,12,11,316,153,163,124,77,47
56996802,73,31,42,8,4,4,5,2,3,38,17,21,22,8,14
56997601,193,100,93,11,3,8,4,2,2,133,70,63,45,25,20
56997602,67,32,35,13,6,7,16,7,9,22,11,11,16,8,8
56997603,91,44,47,3,2,1,14,6,8,46,23,23,28,13,15
56997604,75,35,40,0,0,0,7,3,4,27,14,13,41,18,23
56998401,370,192,178,39,20,19,21,9,12,215,110,105,95,53,42
56998403,61,34,27,1,1,0,2,2,0,50,26,24,8,5,3
56998405,121,63,58,14,7,7,8,2,6,69,41,28,30,13,17
56998406,216,109,107,10,4,6,13,10,3,120,58,62,73,37,36
56999201,322,177,145,25,11,14,36,20,16,156,92,64,105,54,51
57000101,428,206,222,28,14,14,19,8,11,214,100,114,167,84,83
57000102,244,120,124,15,6,9,9,2,7,112,58,54,108,54,54
57001001,161,83,78,9,4,5,10,4,6,72,41,31,70,34,36
57002801,531,263,268,50,24,26,40,17,23,286,141,145,155,81,74
57002802,358,175,183,27,16,11,25,14,11,208,101,107,98,44,54
57004401,489,239,250,38,15,23,46,19,27,241,123,118,164,82,82
57004402,21,11,10,3,2,1,1,0,1,11,7,4,6,2,4
57004403,59,30,29,1,1,0,10,5,5,25,13,12,23,11,12
57004404,116,61,55,9,4,5,16,5,11,53,29,24,38,23,15
0469903,0,0,0,0,0,0,0,0,0,0,0,0,0,0,0
3034452,0,0,0,0,0,0,0,0,0,0,0,0,0,0,0
3034960,0,0,0,0,0,0,0,0,0,0,0,0,0,0,0
3035180,0,0,0,0,0,0,0,0,0,0,0,0,0,0,0
3067380,0,0,0,0,0,0,0,0,0,0,0,0,0,0,0
3120700,0,0,0,0,0,0,0,0,0,0,0,0,0,0,0
3121000,0,0,0,0,0,0,0,0,0,0,0,0,0,0,0
3213710,0,0,0,0,0,0,0,0,0,0,0,0,0,0,0
3214011,0,0,0,0,0,0,0,0,0,0,0,0,0,0,0
3214782,0,0,0,0,0,0,0,0,0,0,0,0,0,0,0
3214940,0,0,0,0,0,0,0,0,0,0,0,0,0,0,0
3309220,0,0,0,0,0,0,0,0,0,0,0,0,0,0,0
56981001,346,184,162,23,11,12,34,19,15,170,91,79,119,63,56
56981002,24,14,10,1,0,1,0,0,0,19,11,8,4,3,1
56981003,529,258,271,58,21,37,30,12,18,310,161,149,131,64,67
56981004,3279,1493,1786,268,104,164,312,108,204,1771,858,913,928,423,505
56981005,1208,583,625,89,34,55,113,39,74,698,355,343,308,155,153
56981006,2987,1411,1576,272,125,147,283,119,164,1594,782,812,838,385,453
56981007,88,40,48,8,3,5,10,5,5,54,26,28,16,6,10
56981008,2369,1075,1294,172,66,106,189,72,117,1352,642,710,656,295,361
56981009,74,34,40,12,5,7,8,3,5,42,18,24,12,8,4
56981010,163,80,83,12,6,6,23,11,12,87,43,44,41,20,21
56981011,1882,874,1008,150,60,90,219,75,144,1047,525,522,466,214,252
56981012,1590,742,848,136,60,76,159,65,94,839,409,430,456,208,248
56981013,4570,2183,2387,305,123,182,394,185,209,2619,1290,1329,1252,585,667
56981015,2710,1289,1421,194,77,117,192,83,109,1595,772,823,729,357,372
56981017,1538,744,794,144,63,81,118,60,58,877,433,444,399,188,211
56981018,52,30,22,3,1,2,3,3,0,27,16,11,19,10,9
56981019,1954,961,993,167,73,94,187,90,97,1040,514,526,560,284,276
56981021,611,318,293,54,25,29,52,28,24,280,139,141,225,126,99
56981022,869,428,441,57,31,26,66,37,29,521,248,273,225,112,113
56981023,1108,525,583,75,33,42,78,37,41,622,297,325,333,158,175
56981024,670,341,329,56,26,30,56,20,36,358,186,172,200,109,91
56981025,67,31,36,5,3,2,2,1,1,43,21,22,17,6,11
56981028,1812,894,918,146,69,77,156,72,84,959,481,478,551,272,279
56981029,275,141,134,13,5,8,36,21,15,151,73,78,75,42,33
56981030,186,100,86,18,11,7,27,11,16,91,50,41,50,28,22
56981031,71,29,42,6,2,4,9,5,4,36,18,18,20,4,16
56981032,1703,834,869,130,55,75,227,105,122,924,462,462,422,212,210
56981034,233,215,18,21,18,3,15,12,3,34,29,5,163,156,7
56981036,2354,1126,1228,185,75,110,262,126,136,1321,644,677,586,281,305
56981038,24,16,8,2,2,0,2,0,2,8,4,4,12,10,2
56981039,58,32,26,3,0,3,5,1,4,29,19,10,21,12,9
56981040,873,448,425,81,39,42,72,38,34,488,252,236,232,119,113
56981041,411,211,200,27,16,11,45,21,24,223,116,107,116,58,58
56981042,742,381,361,49,25,24,49,27,22,428,222,206,216,107,109
56981043,826,408,418,68,28,40,85,43,42,441,225,216,232,112,120
56981044,238,107,131,15,8,7,13,8,5,150,65,85,60,26,34
56981045,2464,1210,1254,200,84,116,220,96,124,1384,697,687,660,333,327
56981046,168,83,85,14,7,7,24,10,14,87,43,44,43,23,20
56981047,177,79,98,14,7,7,14,8,6,95,44,51,54,20,34
56981048,1665,1018,647,111,58,53,118,56,62,562,323,239,874,581,293
56981050,1223,546,677,106,46,60,79,25,54,685,312,373,353,163,190
56981051,2416,1227,1189,237,110,127,305,144,161,1267,693,574,607,280,327
56981052,1252,603,649,119,60,59,122,61,61,615,286,329,396,196,200
56981054,872,398,474,97,36,61,56,19,37,468,225,243,251,118,133
56981055,1308,664,644,155,67,88,192,97,95,574,294,280,387,206,181
56981056,3744,1806,1938,358,176,182,383,155,228,1870,911,959,1133,564,569
56981057,245,119,126,20,9,11,18,7,11,104,52,52,103,51,52
56981058,861,370,491,89,33,56,127,44,83,391,178,213,254,115,139
56981059,111,52,59,12,3,9,20,6,14,49,26,23,30,17,13
56981061,908,426,482,91,41,50,74,30,44,516,252,264,227,103,124
56981062,2557,1255,1302,249,108,141,274,132,142,1358,683,675,676,332,344
56981063,65,30,35,9,5,4,1,1,0,35,19,16,20,5,15
56981064,723,340,383,50,21,29,82,37,45,395,192,203,196,90,106
56981065,4238,1884,2354,398,162,236,360,147,213,2316,1060,1256,1164,515,649
56981066,2978,1439,1539,231,93,138,317,149,168,1685,847,838,745,350,395
56981067,501,256,245,56,24,32,51,28,23,232,122,110,162,82,80
56981068,2129,1020,1109,171,73,98,235,106,129,1163,569,594,560,272,288
56981069,2237,1075,1162,222,97,125,192,87,105,1117,538,579,706,353,353
56981070,174,82,92,16,7,9,6,2,4,115,56,59,37,17,20
56981071,1908,879,1029,173,65,108,202,87,115,1041,484,557,492,243,249
56981072,131,63,68,7,3,4,11,7,4,80,37,43,33,16,17
56981073,151,87,64,8,6,2,19,15,4,85,46,39,39,20,19
56981074,2149,1000,1149,193,83,110,212,95,117,1171,548,623,573,274,299
56981075,193,89,104,8,2,6,23,9,14,114,52,62,48,26,22
56981076,4416,2045,2371,380,155,225,482,197,285,2479,1184,1295,1075,509,566
56981078,523,244,279,45,19,26,44,23,21,300,136,164,134,66,68
56981079,2023,1006,1017,186,74,112,148,80,68,1153,590,563,536,262,274
56981080,286,143,143,26,10,16,20,9,11,163,91,72,77,33,44
56981081,1401,674,727,81,33,48,132,54,78,823,411,412,365,176,189
56981082,2776,1308,1468,211,88,123,256,113,143,1537,757,780,772,350,422
56981083,31,26,5,3,3,0,3,2,1,0,0,0,25,21,4
56981084,185,89,96,14,5,9,22,11,11,91,44,47,58,29,29
56981085,4966,2316,2650,363,157,206,404,165,239,2727,1325,1402,1472,669,803
57005201,172,93,79,13,4,9,11,6,5,96,53,43,52,30,22
57008701,408,188,220,32,10,22,52,13,39,182,91,91,142,74,68
57362101,217,114,103,13,6,7,33,16,17,130,73,57,41,19,22
57362102,42,21,21,2,0,2,9,5,4,17,9,8,14,7,7
57010901,109,56,53,12,3,9,4,2,2,59,33,26,34,18,16
57010902,98,49,49,6,3,3,2,0,2,46,23,23,44,23,21
57010903,172,86,86,13,5,8,20,8,12,86,43,43,53,30,23
57010904,116,62,54,8,2,6,4,3,1,65,34,31,39,23,16
57010905,733,396,337,73,37,36,33,15,18,335,176,159,292,168,124
57010906,221,109,112,19,8,11,13,7,6,119,62,57,70,32,38
57010907,386,165,221,23,6,17,44,15,29,167,85,82,152,59,93
57010908,785,392,393,47,19,28,32,12,20,457,235,222,249,126,123
57010909,2932,1425,1507,218,97,121,220,98,122,1618,792,826,876,438,438
57012501,270,136,134,12,6,6,17,8,9,148,75,73,93,47,46
57013301,492,250,242,24,8,16,45,22,23,264,143,121,159,77,82
57635201,320,169,151,14,8,6,34,18,16,156,82,74,116,61,55
57015001,188,98,90,12,4,8,8,4,4,119,66,53,49,24,25
57016801,321,156,165,13,7,6,19,8,11,167,82,85,122,59,63
57016802,70,35,35,9,3,6,4,2,2,40,20,20,17,10,7
57371001,263,131,132,18,6,12,9,4,5,128,68,60,108,53,55
57017601,353,186,167,49,28,21,14,5,9,197,106,91,93,47,46
57018401,334,171,163,25,9,16,11,4,7,192,97,95,106,61,45
57019201,41,21,20,0,0,0,2,1,1,31,16,15,8,4,4
57019202,189,93,96,5,3,2,13,5,8,113,55,58,58,30,28
57019203,88,46,42,3,2,1,6,4,2,57,29,28,22,11,11
57019204,54,24,30,6,3,3,2,1,1,35,15,20,11,5,6
57020601,554,271,283,17,9,8,38,17,21,329,168,161,170,77,93
57020602,62,32,30,5,3,2,2,0,2,29,16,13,26,13,13
57021401,377,186,191,16,6,10,19,9,10,226,108,118,116,63,53
57643301,57,23,34,5,4,1,18,6,12,21,10,11,13,3,10
57643302,242,122,120,13,5,8,35,17,18,111,56,55,83,44,39
57643303,35,15,20,4,2,2,10,4,6,15,6,9,6,3,3
57022201,212,108,104,18,4,14,18,9,9,118,68,50,58,27,31
57023101,92,41,51,6,3,3,4,1,3,49,21,28,33,16,17
57023102,872,433,439,56,27,29,81,41,40,495,249,246,240,116,124
57024901,777,398,379,42,16,26,52,21,31,425,230,195,258,131,127
57024902,91,47,44,10,5,5,3,2,1,44,22,22,34,18,16
57025701,28,12,16,2,1,1,6,4,2,6,3,3,14,4,10
57025702,28,14,14,1,0,1,6,3,3,14,7,7,7,4,3
57025703,113,50,63,14,5,9,15,4,11,46,27,19,38,14,24
57026501,555,280,275,41,17,24,46,19,27,299,153,146,169,91,78
57027301,300,151,149,15,6,9,50,20,30,140,79,61,95,46,49
57029001,126,70,56,14,6,8,8,3,5,52,27,25,52,34,18
57029002,42,22,20,3,0,3,1,1,0,24,14,10,14,7,7
57030301,45,22,23,1,0,1,0,0,0,30,14,16,14,8,6
57030302,385,200,185,19,6,13,13,4,9,236,126,110,117,64,53
57031101,622,313,309,57,25,32,77,29,48,290,155,135,198,104,94
57032001,646,322,324,46,17,29,59,22,37,321,163,158,220,120,100
57035402,124,60,64,20,7,13,12,4,8,55,29,26,37,20,17
57036201,492,235,257,36,8,28,44,18,26,271,145,126,141,64,77
57377901,205,103,102,19,11,8,17,8,9,115,56,59,54,28,26
57039701,77,42,35,5,3,2,7,2,5,48,28,20,17,9,8
57039702,145,78,67,9,6,3,11,5,6,94,48,46,31,19,12
57039704,369,196,173,28,15,13,24,10,14,181,94,87,136,77,59
57040101,224,110,114,10,5,5,18,10,8,135,67,68,61,28,33
57041901,356,197,159,14,6,8,24,14,10,201,112,89,117,65,52
57042701,174,85,89,10,3,7,3,1,2,117,58,59,44,23,21
57043501,49,27,22,4,1,3,6,5,1,25,15,10,14,6,8
57043502,257,120,137,25,14,11,10,5,5,146,63,83,76,38,38
57043503,55,27,28,11,5,6,6,3,3,33,17,16,5,2,3
57043504,49,23,26,0,0,0,3,2,1,31,14,17,15,7,8
57044301,295,145,150,24,10,14,14,4,10,142,72,70,115,59,56
57044302,80,40,40,15,8,7,5,1,4,43,22,21,17,9,8
57045101,27,14,13,0,0,0,0,0,0,22,12,10,5,2,3
57045102,202,109,93,22,10,12,13,4,9,90,47,43,77,48,29
57045103,1361,660,701,107,40,67,94,42,52,711,365,346,449,213,236
57045104,357,184,173,18,6,12,20,11,9,198,103,95,121,64,57
57045105,38,20,18,0,0,0,3,0,3,25,13,12,10,7,3
57045106,72,32,40,4,2,2,14,6,8,27,12,15,27,12,15
57045107,192,96,96,11,2,9,10,5,5,91,50,41,80,39,41
57045108,142,67,75,10,4,6,9,3,6,81,40,41,42,20,22
57047801,96,48,48,6,2,4,6,2,4,37,17,20,47,27,20
57047802,720,350,370,31,12,19,44,20,24,418,207,211,227,111,116
57047803,140,68,72,10,3,7,4,1,3,89,44,45,37,20,17
57049401,390,198,192,25,13,12,16,5,11,235,120,115,114,60,54
1072550,0,0,0,0,0,0,0,0,0,0,0,0,0,0,0
3035260,0,0,0,0,0,0,0,0,0,0,0,0,0,0,0
3213540,0,0,0,0,0,0,0,0,0,0,0,0,0,0,0
3213620,0,0,0,0,0,0,0,0,0,0,0,0,0,0,0
3284130,0,0,0,0,0,0,0,0,0,0,0,0,0,0,0
57050801,47,27,20,0,0,0,9,6,3,15,7,8,23,14,9
57050802,457,216,241,38,18,20,46,16,30,240,123,117,133,59,74
57050803,325,160,165,18,9,9,18,10,8,171,86,85,118,55,63
57050804,220,110,110,6,1,5,12,7,5,114,58,56,88,44,44
57050806,62,28,34,1,0,1,0,0,0,29,14,15,32,14,18
57050807,129,64,65,3,0,3,6,4,2,75,36,39,45,24,21
57050808,76,38,38,4,1,3,8,3,5,24,14,10,40,20,20
57050809,624,298,326,50,17,33,35,13,22,302,152,150,237,116,121
57050810,1305,621,684,89,32,57,74,31,43,630,310,320,512,248,264
57050811,1310,632,678,97,47,50,85,42,43,676,328,348,452,215,237
57050812,1913,943,970,125,54,71,167,72,95,959,498,461,662,319,343
57050813,272,144,128,28,12,16,21,8,13,143,80,63,80,44,36
57050815,157,83,74,11,6,5,13,8,5,57,28,29,76,41,35
54806501,308,167,141,27,13,14,19,8,11,154,86,68,108,60,48
57051602,329,167,162,33,18,15,24,9,15,160,83,77,112,57,55
57052401,86,43,43,7,2,5,3,1,2,43,23,20,33,17,16
57052402,295,147,148,20,8,12,19,6,13,163,86,77,93,47,46
57053201,342,168,174,17,7,10,16,8,8,210,108,102,99,45,54
57053202,106,57,49,4,2,2,7,4,3,41,21,20,54,30,24
57053203,74,40,34,4,1,3,2,1,1,27,16,11,41,22,19
57054101,148,76,72,12,7,5,9,5,4,83,42,41,44,22,22
57056702,290,139,151,14,3,11,9,4,5,209,101,108,58,31,27
57057501,261,122,139,20,6,14,13,6,7,156,78,78,72,32,40
57064801,606,319,287,49,17,32,61,27,34,257,146,111,239,129,110
57065601,607,302,305,54,21,33,26,12,14,344,176,168,183,93,90
57065602,131,70,61,12,4,8,7,4,3,83,45,38,29,17,12
57065603,86,38,48,10,6,4,5,2,3,51,21,30,20,9,11
57065604,249,119,130,18,8,10,8,3,5,121,58,63,102,50,52
57067201,1779,873,906,137,64,73,125,49,76,1013,511,502,504,249,255
57068101,333,160,173,27,15,12,15,7,8,194,91,103,97,47,50
53067101,67,31,36,10,2,8,4,1,3,41,20,21,12,8,4
57353101,110,53,57,17,6,11,1,0,1,56,30,26,36,17,19
57070201,151,85,66,5,3,2,25,15,10,81,46,35,40,21,19
57071101,216,110,106,11,4,7,5,2,3,140,71,69,60,33,27
57072901,97,49,48,10,6,4,0,0,0,57,29,28,30,14,16
57072902,40,22,18,4,3,1,2,2,0,20,9,11,14,8,6
57074501,656,328,328,48,20,28,32,15,17,398,204,194,178,89,89
57319101,319,152,167,24,8,16,18,8,10,187,89,98,90,47,43
57079601,415,211,204,40,22,18,36,15,21,216,112,104,123,62,61
57080002,128,60,68,7,1,6,18,7,11,64,31,33,39,21,18
57080003,296,154,142,24,11,13,29,12,17,162,86,76,81,45,36
57080004,240,124,116,13,6,7,20,8,12,136,68,68,71,42,29
57083401,1064,503,561,68,29,39,65,31,34,614,281,333,317,162,155
57085101,491,248,243,37,18,19,21,7,14,303,157,146,130,66,64
57086901,299,181,118,13,7,6,14,10,4,183,124,59,89,40,49
57086902,203,109,94,14,7,7,1,0,1,134,69,65,54,33,21
57086903,96,47,49,8,4,4,3,1,2,54,27,27,31,15,16
57086904,105,54,51,10,6,4,3,1,2,59,31,28,33,16,17
57086905,823,423,400,44,19,25,52,25,27,375,192,183,352,187,165
57087701,206,107,99,10,5,5,37,15,22,78,44,34,81,43,38
57087703,2590,1312,1278,196,102,94,202,85,117,1312,655,657,880,470,410
57088501,141,79,62,5,4,1,22,11,11,53,31,22,61,33,28
57088502,392,208,184,17,8,9,32,16,16,207,111,96,136,73,63
57090701,74,41,33,9,2,7,3,2,1,44,27,17,18,10,8
57090702,150,74,76,6,3,3,7,2,5,77,37,40,60,32,28
57091501,134,70,64,19,7,12,14,7,7,71,40,31,30,16,14
57313201,410,201,209,25,14,11,17,7,10,238,119,119,130,61,69
57093101,170,84,86,17,11,6,1,1,0,83,40,43,69,32,37
57093102,1487,716,771,119,52,67,124,60,64,841,413,428,403,191,212
57093103,26,12,14,6,0,6,0,0,0,20,12,8,0,0,0
57093104,429,205,224,35,17,18,24,12,12,230,106,124,140,70,70
57095801,39,20,19,1,0,1,2,1,1,30,16,14,6,3,3
57095802,250,138,112,20,8,12,19,11,8,146,84,62,65,35,30
0266202,0,0,0,0,0,0,0,0,0,0,0,0,0,0,0
57096601,99,44,55,11,4,7,5,1,4,46,19,27,37,20,17
57096602,269,126,143,22,11,11,22,7,15,159,78,81,66,30,36
54815401,323,171,152,47,24,23,46,23,23,150,77,73,80,47,33
57100801,424,227,197,26,11,15,15,9,6,248,132,116,135,75,60
57101601,112,62,50,3,0,3,10,6,4,56,29,27,43,27,16
57102401,363,187,176,33,16,17,26,12,14,215,105,110,89,54,35
57104101,350,172,178,22,11,11,36,16,20,215,109,106,77,36,41
57104102,96,49,47,5,3,2,12,6,6,45,25,20,34,15,19
57104103,223,109,114,11,4,7,12,5,7,113,61,52,87,39,48
57104104,53,26,27,3,1,2,6,3,3,28,15,13,16,7,9
57104105,225,112,113,15,7,8,14,4,10,136,71,65,60,30,30
57104106,56,30,26,3,0,3,0,0,0,30,17,13,23,13,10
57104107,4631,2261,2370,327,146,181,439,192,247,2343,1176,1167,1522,747,775
57105901,72,36,36,4,3,1,4,2,2,48,24,24,16,7,9
57105902,205,102,103,11,5,6,5,2,3,114,57,57,75,38,37
51371701,287,149,138,10,4,6,8,1,7,196,101,95,73,43,30
57108301,73,37,36,1,1,0,2,0,2,46,25,21,24,11,13
57108302,73,39,34,8,3,5,1,1,0,22,13,9,42,22,20
57108303,106,47,59,7,3,4,3,1,2,47,19,28,49,24,25
57108304,190,92,98,12,1,11,13,3,10,91,49,42,74,39,35
54805701,63,30,33,2,0,2,9,3,6,24,16,8,28,11,17
57109101,220,113,107,16,9,7,17,11,6,92,43,49,95,50,45
57109102,160,76,84,8,4,4,7,5,2,91,43,48,54,24,30
57109103,240,109,131,14,3,11,34,11,23,121,62,59,71,33,38
57109104,234,116,118,21,10,11,13,6,7,126,61,65,74,39,35
57109105,175,83,92,16,5,11,12,7,5,101,50,51,46,21,25
57109106,663,329,334,55,23,32,72,34,38,348,179,169,188,93,95
57110501,39,24,15,0,0,0,0,0,0,31,19,12,8,5,3
57110502,379,192,187,26,12,14,38,17,21,160,87,73,155,76,79
57111301,1794,903,891,143,58,85,128,59,69,1075,563,512,448,223,225
54867701,97,56,41,10,7,3,21,9,12,47,30,17,19,10,9
57113001,245,119,126,18,9,9,3,2,1,147,71,76,77,37,40
57374401,157,83,74,13,6,7,8,1,7,86,50,36,50,26,24
55370101,126,68,58,7,0,7,6,4,2,69,40,29,44,24,20
55370102,35,21,14,3,1,2,1,0,1,23,14,9,8,6,2
57266701,203,103,100,14,9,5,8,1,7,106,62,44,75,31,44
57267501,20,11,9,2,2,0,1,0,1,5,3,2,12,6,6
57267502,217,113,104,19,11,8,11,4,7,98,52,46,89,46,43
54890101,94,42,52,2,1,1,7,3,4,69,31,38,16,7,9
54890102,31,17,14,1,1,0,3,1,2,12,8,4,15,7,8
0059322,0,0,0,0,0,0,0,0,0,0,0,0,0,0,0
57270501,56,25,31,2,2,0,5,2,3,19,9,10,30,12,18
57270502,51,25,26,10,5,5,6,3,3,19,8,11,16,9,7
57270503,99,57,42,16,8,8,3,2,1,52,31,21,28,16,12
57270504,43,22,21,1,1,0,4,2,2,20,10,10,18,9,9
54897901,34,19,15,3,2,1,1,1,0,23,14,9,7,2,5
54897902,42,23,19,7,3,4,2,1,1,10,5,5,23,14,9
54897903,23,11,12,8,4,4,3,1,2,2,1,1,10,5,5
54910001,30,15,15,3,1,2,0,0,0,16,10,6,11,4,7
54910002,66,34,32,4,2,2,2,1,1,52,27,25,8,4,4
54910003,88,44,44,7,4,3,5,3,2,66,32,34,10,5,5
54907001,131,65,66,12,6,6,13,8,5,62,29,33,44,22,22
54885501,238,120,118,10,3,7,6,1,5,149,79,70,73,37,36
54895201,148,69,79,9,4,5,7,2,5,66,31,35,66,32,34
57335301,115,58,57,16,7,9,1,0,1,67,36,31,31,15,16
57335302,34,15,19,2,1,1,3,1,2,23,11,12,6,2,4
54928201,253,122,131,17,5,12,6,2,4,148,73,75,82,42,40
57277201,313,150,163,22,13,9,24,13,11,171,87,84,96,37,59
57277202,25,12,13,8,4,4,0,0,0,14,7,7,3,1,2
57278101,586,295,291,36,10,26,23,9,14,339,170,169,188,106,82
57278103,193,88,105,14,5,9,9,4,5,106,54,52,64,25,39
54899501,138,63,75,15,8,7,17,5,12,67,32,35,39,18,21
54899502,22,12,10,4,3,1,2,1,1,6,3,3,10,5,5
57281101,165,87,78,9,4,5,10,4,6,79,47,32,67,32,35
57281102,77,33,44,1,0,1,7,6,1,38,15,23,31,12,19
57282901,124,59,65,11,4,7,6,3,3,65,34,31,42,18,24
57282902,353,170,183,15,6,9,16,6,10,201,96,105,121,62,59
57282903,214,113,101,14,8,6,15,8,7,124,62,62,61,35,26
54911801,67,31,36,6,2,4,6,4,2,40,18,22,15,7,8
57283701,288,153,135,15,5,10,23,10,13,167,96,71,83,42,41
57283702,291,142,149,8,2,6,12,6,6,159,76,83,112,58,54
54908801,47,20,27,5,1,4,0,0,0,21,10,11,21,9,12
57333701,209,100,109,8,2,6,10,3,7,130,62,68,61,33,28
57333702,51,27,24,8,3,5,5,3,2,25,15,10,13,6,7
57290001,335,172,163,31,17,14,34,11,23,178,92,86,92,52,40
57290002,52,26,26,5,2,3,4,1,3,16,9,7,27,14,13
57290003,102,51,51,12,4,8,5,3,2,70,37,33,15,7,8
57290004,128,67,61,11,6,5,9,4,5,60,32,28,48,25,23
57291801,256,135,121,19,8,11,15,7,8,145,81,64,77,39,38
57291802,30,15,15,3,1,2,4,2,2,14,8,6,9,4,5
57291803,232,108,124,14,8,6,19,7,12,141,69,72,58,24,34
0147962,0,0,0,0,0,0,0,0,0,0,0,0,0,0,0
0311512,0,0,0,0,0,0,0,0,0,0,0,0,0,0,0
0452252,0,0,0,0,0,0,0,0,0,0,0,0,0,0,0
3198302,0,0,0,0,0,0,0,0,0,0,0,0,0,0,0
57292601,92,46,46,2,1,1,3,1,2,55,27,28,32,17,15
57292602,25,18,7,1,1,0,1,1,0,9,5,4,14,11,3
57292603,31,16,15,0,0,0,2,2,0,18,10,8,11,4,7
57292604,154,75,79,8,2,6,7,4,3,90,44,46,49,25,24
57292605,73,33,40,8,1,7,7,4,3,47,22,25,11,6,5
57292606,47,25,22,2,2,0,10,5,5,17,7,10,18,11,7
57292607,63,34,29,4,2,2,11,6,5,24,14,10,24,12,12
57292608,124,64,60,7,2,5,14,9,5,53,28,25,50,25,25
57292609,751,368,383,50,19,31,49,27,22,431,211,220,221,111,110
57292610,39,17,22,2,1,1,1,0,1,25,11,14,11,5,6
57292611,1216,593,623,93,41,52,103,42,61,682,341,341,338,169,169
57292612,962,486,476,76,32,44,54,25,29,492,248,244,340,181,159
57292613,198,106,92,14,7,7,16,7,9,102,56,46,66,36,30
57292614,217,102,115,20,10,10,11,4,7,140,65,75,46,23,23
57292615,1798,862,936,159,67,92,134,55,79,1005,498,507,500,242,258
57292616,432,216,216,31,15,16,26,11,15,275,142,133,100,48,52
57292618,1794,802,992,150,61,89,170,66,104,926,427,499,548,248,300
57292619,67,37,30,11,4,7,5,3,2,31,18,13,20,12,8
57292620,102,58,44,2,1,1,16,6,10,24,11,13,60,40,20
54935501,221,109,112,7,3,4,14,7,7,122,63,59,78,36,42
57296901,399,205,194,18,8,10,19,9,10,203,103,100,159,85,74
57296902,43,17,26,3,1,2,3,0,3,21,8,13,16,8,8
57296903,155,65,90,6,3,3,20,8,12,90,41,49,39,13,26
54903701,199,103,96,8,2,6,30,15,15,106,56,50,55,30,25
54922301,172,86,86,8,4,4,20,12,8,73,38,35,71,32,39
57299301,93,47,46,3,3,0,3,1,2,58,27,31,29,16,13
57299302,292,147,145,15,7,8,11,3,8,169,87,82,97,50,47
3122580,0,0,0,0,0,0,0,0,0,0,0,0,0,0,0
3380010,0,0,0,0,0,0,0,0,0,0,0,0,0,0,0
57265901,299,147,152,25,10,15,20,7,13,158,86,72,96,44,52
57265902,239,123,116,29,20,9,30,14,16,104,54,50,76,35,41
57265903,791,386,405,75,38,37,73,35,38,428,214,214,215,99,116
57265904,579,279,300,47,24,23,52,23,29,338,159,179,142,73,69
57265905,105,53,52,11,3,8,6,4,2,63,32,31,25,14,11
57265906,4659,2266,2393,392,195,197,324,128,196,2626,1304,1322,1317,639,678
57265908,216,104,112,16,5,11,18,8,10,125,64,61,57,27,30
57265909,405,220,185,30,18,12,42,18,24,232,126,106,101,58,43
57265910,33,19,14,3,2,1,3,1,2,16,9,7,11,7,4
57265912,548,280,268,33,18,15,46,23,23,289,149,140,180,90,90
57265913,68,36,32,3,1,2,2,1,1,43,24,19,20,10,10
57265914,30,17,13,1,1,0,5,3,2,18,10,8,6,3,3
57265915,214,109,105,34,15,19,7,3,4,120,66,54,53,25,28
57265916,85,38,47,10,5,5,2,1,1,48,22,26,25,10,15
57265917,124,62,62,14,6,8,4,2,2,55,31,24,51,23,28
57265918,507,239,268,48,21,27,26,8,18,231,108,123,202,102,100
57265919,773,411,362,53,21,32,62,28,34,443,230,213,215,132,83
57265920,1144,541,603,104,47,57,116,49,67,610,297,313,314,148,166
57265921,956,469,487,70,33,37,77,36,41,518,252,266,291,148,143
57265922,80,42,38,12,5,7,1,0,1,41,19,22,26,18,8
57265924,931,444,487,85,40,45,86,44,42,498,239,259,262,121,141
57265925,380,226,154,34,14,20,14,7,7,130,74,56,202,131,71
57265926,2694,1242,1452,207,80,127,175,76,99,1465,696,769,847,390,457
57265927,44,23,21,1,0,1,3,1,2,29,15,14,11,7,4
57300101,44,25,19,2,2,0,3,2,1,30,17,13,9,4,5
57300102,40,17,23,1,0,1,2,0,2,19,9,10,18,8,10
57300103,76,32,44,5,2,3,6,4,2,26,10,16,39,16,23
57300104,343,187,156,23,8,15,18,11,7,182,97,85,120,71,49
57300105,55,30,25,7,4,3,4,2,2,25,13,12,19,11,8
57300106,34,20,14,0,0,0,2,1,1,18,11,7,14,8,6
54915101,142,69,73,6,2,4,8,3,5,91,46,45,37,18,19
54915102,48,26,22,2,2,0,0,0,0,35,16,19,11,8,3
54931201,138,71,67,13,8,5,4,0,4,78,41,37,43,22,21
54931202,34,17,17,3,1,2,1,0,1,23,11,12,7,5,2
54916901,67,34,33,2,0,2,1,0,1,48,24,24,16,10,6
54916902,152,73,79,12,6,6,4,1,3,96,50,46,40,16,24
57304302,23,13,10,4,2,2,0,0,0,10,5,5,9,6,3
57304303,252,137,115,24,13,11,24,9,15,130,69,61,74,46,28
57305101,126,67,59,3,1,2,10,6,4,85,44,41,28,16,12
57305102,299,150,149,12,3,9,20,11,9,192,100,92,75,36,39
57306001,80,44,36,3,1,2,13,5,8,39,23,16,25,15,10
57306002,141,73,68,13,5,8,13,3,10,59,38,21,56,27,29
57306003,1739,890,849,157,71,86,121,50,71,861,452,409,600,317,283
57306005,79,38,41,8,4,4,7,3,4,40,21,19,24,10,14
54892801,37,16,21,1,0,1,1,0,1,25,10,15,10,6,4
54894401,137,70,67,4,4,0,5,1,4,74,41,33,54,24,30
57213601,179,94,85,10,5,5,8,2,6,93,50,43,68,37,31
57204701,75,36,39,1,0,1,3,1,2,40,20,20,31,15,16
57309402,51,25,26,7,5,2,4,2,2,18,8,10,22,10,12
57309403,137,76,61,20,10,10,8,6,2,63,33,30,46,27,19
57309404,301,145,156,31,17,14,31,14,17,159,69,90,80,45,35
57309405,580,297,283,62,28,34,35,16,19,302,160,142,181,93,88
57309406,97,56,41,4,2,2,5,1,4,49,30,19,39,23,16
57309407,174,93,81,4,1,3,10,5,5,77,39,38,83,48,35
57309408,1924,975,949,145,65,80,161,61,100,1017,549,468,601,300,301
57309409,317,160,157,29,13,16,36,18,18,137,73,64,115,56,59
57310801,33,18,15,3,2,1,4,2,2,17,10,7,9,4,5
57310802,1584,806,778,145,81,64,120,57,63,753,378,375,566,290,276
57310803,54,32,22,7,4,3,3,2,1,36,22,14,8,4,4
57310804,130,67,63,10,2,8,13,6,7,61,36,25,46,23,23
57310805,49,23,26,2,1,1,10,4,6,20,10,10,17,8,9
57311601,36,20,16,2,1,1,1,0,1,23,15,8,10,4,6
57311602,307,152,155,18,8,10,10,7,3,166,85,81,113,52,61
57311606,37,17,20,4,3,1,4,3,1,22,8,14,7,3,4
57311607,23,12,11,3,1,2,1,1,0,18,9,9,1,1,0
57311608,36,20,16,3,2,1,4,2,2,16,10,6,13,6,7
57311609,44,23,21,2,1,1,2,1,1,29,13,16,11,8,3
57311610,31,15,16,1,1,0,5,2,3,19,9,10,6,3,3
57311611,47,22,25,5,4,1,2,1,1,28,11,17,12,6,6
57312401,100,50,50,10,5,5,11,3,8,54,30,24,25,12,13
57312402,46,23,23,11,4,7,7,3,4,18,10,8,10,6,4
57312404,37,23,14,2,2,0,5,2,3,14,7,7,16,12,4
57312405,486,247,239,33,15,18,19,9,10,232,121,111,202,102,100
57312406,100,42,58,6,2,4,3,0,3,66,29,37,25,11,14
57308601,141,67,74,4,0,4,0,0,0,85,41,44,52,26,26
57308602,72,37,35,2,1,1,9,2,7,44,24,20,17,10,7
57314102,31,17,14,4,2,2,3,0,3,10,7,3,14,8,6
57314103,277,140,137,30,12,18,42,24,18,160,78,82,45,26,19
57315901,571,287,284,45,20,25,32,11,21,316,159,157,178,97,81
57316701,67,32,35,13,4,9,2,1,1,19,9,10,33,18,15
57316703,201,101,100,17,5,12,14,5,9,119,59,60,51,32,19
57316706,78,34,44,9,3,6,0,0,0,58,26,32,11,5,6
57316707,68,34,34,5,2,3,3,1,2,35,21,14,25,10,15
57316708,52,27,25,7,4,3,2,2,0,33,15,18,10,6,4
57316709,39,21,18,11,6,5,0,0,0,19,9,10,9,6,3
57317501,45,26,19,9,6,3,6,1,5,26,15,11,4,4,0
57317502,857,435,422,71,27,44,75,28,47,448,230,218,263,150,113
54886301,289,140,149,18,8,10,13,4,9,170,82,88,88,46,42
0969032,0,0,0,0,0,0,0,0,0,0,0,0,0,0,0
57320501,52,27,25,5,1,4,4,2,2,24,15,9,19,9,10
57320502,32,17,15,1,1,0,3,1,2,19,9,10,9,6,3
57320503,239,122,117,21,9,12,18,8,10,112,55,57,88,50,38
57320504,35,17,18,0,0,0,6,2,4,24,13,11,5,2,3
57320506,97,52,45,2,0,2,3,1,2,59,32,27,33,19,14
57320507,38,15,23,2,2,0,3,0,3,27,9,18,6,4,2
57321302,551,262,289,46,14,32,57,19,38,304,150,154,144,79,65
57323001,20,10,10,1,1,0,0,0,0,11,6,5,8,3,5
57323002,324,156,168,13,4,9,16,5,11,166,79,87,129,68,61
54920701,177,88,89,10,4,6,3,1,2,95,51,44,69,32,37
57324801,55,29,26,5,2,3,6,4,2,35,17,18,9,6,3
57324802,64,28,36,7,4,3,5,2,3,32,14,18,20,8,12
57324803,102,55,47,11,4,7,7,5,2,67,37,30,17,9,8
57324804,69,35,34,11,6,5,13,4,9,28,14,14,17,11,6
57324805,155,77,78,6,3,3,1,1,0,102,51,51,46,22,24
57324806,201,96,105,21,7,14,21,9,12,107,52,55,52,28,24
57324807,209,102,107,7,3,4,18,10,8,121,61,60,63,28,35
57324808,46,23,23,3,2,1,5,0,5,12,7,5,26,14,12
57324809,75,40,35,7,3,4,6,2,4,40,24,16,22,11,11
57324810,308,155,153,17,6,11,28,11,17,171,90,81,92,48,44
57324811,68,29,39,3,1,2,4,0,4,33,14,19,28,14,14
57324813,125,59,66,6,4,2,8,3,5,68,30,38,43,22,21
57324814,355,181,174,34,17,17,28,12,16,169,86,83,124,66,58
57324815,26,11,15,3,1,2,0,0,0,18,8,10,5,2,3
57324816,1581,779,802,110,48,62,177,88,89,707,358,349,587,285,302
57324817,265,134,131,31,14,17,14,4,10,145,76,69,75,40,35
57324818,1384,696,688,100,40,60,143,62,81,736,388,348,405,206,199
57324819,2020,935,1085,141,52,89,197,84,113,1082,531,551,600,268,332
57324820,362,188,174,28,15,13,34,14,20,197,103,94,103,56,47
57324821,700,333,367,70,29,41,89,35,54,307,153,154,234,116,118
57324822,219,101,118,13,5,8,29,8,21,114,54,60,63,34,29
57324823,141,66,75,17,8,9,11,5,6,71,32,39,42,21,21
54918501,73,35,38,4,3,1,5,1,4,36,18,18,28,13,15
54891001,118,55,63,15,6,9,4,1,3,65,34,31,34,14,20
57326401,228,115,113,5,3,2,3,1,2,138,70,68,82,41,41
57327201,99,46,53,4,1,3,13,5,8,46,24,22,36,16,20
57327202,45,24,21,0,0,0,0,0,0,33,17,16,12,7,5
57327203,48,28,20,4,1,3,7,4,3,17,11,6,20,12,8
57327204,1124,577,547,71,35,36,52,24,28,635,328,307,366,190,176
57328101,103,59,44,7,3,4,11,7,4,55,32,23,30,17,13
57329901,188,95,93,7,2,5,16,9,7,100,53,47,65,31,34
57329902,45,24,21,6,3,3,1,1,0,27,13,14,11,7,4
57329904,47,24,23,1,0,1,3,2,1,20,11,9,23,11,12
57329905,61,26,35,5,3,2,9,3,6,29,13,16,18,7,11
57329906,686,331,355,39,18,21,76,36,40,333,163,170,238,114,124
57329908,125,68,57,6,3,3,12,6,6,46,22,24,61,37,24
57329909,46,25,21,4,1,3,2,0,2,21,16,5,19,8,11
57329910,73,41,32,6,4,2,8,5,3,41,23,18,18,9,9
54887101,47,24,23,7,3,4,0,0,0,23,13,10,17,8,9
57331101,259,129,130,14,4,10,0,0,0,161,80,81,84,45,39
57331102,344,172,172,23,8,15,12,6,6,176,97,79,133,61,72
57332902,79,35,44,8,4,4,3,1,2,48,25,23,20,5,15
57332903,162,80,82,16,8,8,9,5,4,93,46,47,44,21,23
57332905,95,48,47,5,1,4,4,2,2,72,37,35,14,8,6
57332906,115,58,57,14,8,6,5,1,4,50,28,22,46,21,25
57332907,42,20,22,3,1,2,1,0,1,22,12,10,16,7,9
57334501,26,13,13,4,1,3,2,2,0,17,9,8,3,1,2
57334502,211,110,101,9,4,5,19,8,11,128,72,56,55,26,29
57337002,246,118,128,10,3,7,27,14,13,157,73,84,52,28,24
57337003,89,40,49,5,2,3,3,1,2,64,30,34,17,7,10
57337004,46,24,22,2,1,1,0,0,0,27,14,13,17,9,8
57337005,34,15,19,4,2,2,3,0,3,16,6,10,11,7,4
54927401,108,56,52,6,3,3,8,7,1,65,32,33,29,14,15
57322101,321,160,161,23,8,15,27,13,14,166,87,79,105,52,53
54889801,73,39,34,9,5,4,5,3,2,44,24,20,15,7,8
54889802,50,23,27,1,0,1,1,1,0,24,9,15,24,13,11
57344201,39,16,23,3,1,2,4,2,2,18,10,8,14,3,11
57344203,31,14,17,4,1,3,7,4,3,11,5,6,9,4,5
57344205,28,17,11,0,0,0,0,0,0,15,8,7,13,9,4
57344206,25,11,14,5,0,5,2,1,1,12,7,5,6,3,3
57344207,136,71,65,5,2,3,11,7,4,89,48,41,31,14,17
57345101,66,34,32,7,3,4,2,1,1,26,13,13,31,17,14
57345102,237,119,118,11,6,5,23,13,10,101,50,51,102,50,52
57345103,27,16,11,1,1,0,2,1,1,19,11,8,5,3,2
54896101,103,54,49,13,5,8,11,5,6,22,13,9,57,31,26
57214401,116,64,52,8,5,3,10,3,7,64,36,28,34,20,14
57346901,122,52,70,2,1,1,2,0,2,37,20,17,81,31,50
57346902,77,37,40,3,0,3,1,1,0,42,21,21,31,15,16
57346903,345,167,178,18,10,8,22,9,13,187,91,96,118,57,61
57218701,127,69,58,8,2,6,3,1,2,90,53,37,26,13,13
57347701,286,155,131,16,9,7,12,5,7,158,83,75,100,58,42
57336101,93,48,45,7,2,5,5,2,3,47,25,22,34,19,15
0646372,0,0,0,0,0,0,0,0,0,0,0,0,0,0,0
57349301,49,23,26,5,0,5,3,2,1,21,11,10,20,10,10
57349303,48,24,24,3,1,2,4,2,2,25,15,10,16,6,10
57349304,23,12,11,6,3,3,0,0,0,10,6,4,7,3,4
57349305,1986,979,1007,121,50,71,138,53,85,1145,592,553,582,284,298
57349306,58,34,24,3,2,1,3,0,3,40,27,13,12,5,7
57349307,74,33,41,0,0,0,1,0,1,50,23,27,23,10,13
57349308,28,13,15,0,0,0,0,0,0,16,10,6,12,3,9
57349309,34,16,18,1,1,0,0,0,0,20,9,11,13,6,7
57350701,129,69,60,7,4,3,14,7,7,58,32,26,50,26,24
57350702,34,18,16,3,1,2,5,2,3,16,10,6,10,5,5
57350703,55,27,28,12,5,7,10,4,6,11,6,5,22,12,10
57350704,162,80,82,7,6,1,19,10,9,78,40,38,58,24,34
57350705,172,85,87,17,6,11,9,4,5,93,49,44,53,26,27
57350706,1412,711,701,90,45,45,121,60,61,697,339,358,504,267,237
57350707,24,14,10,3,1,2,3,2,1,14,7,7,4,4,0
53073501,165,85,80,17,8,9,11,6,5,97,48,49,40,23,17
53073502,21,13,8,2,1,1,1,1,0,9,6,3,9,5,4
54909601,305,147,158,21,8,13,25,9,16,165,81,84,94,49,45
57352301,246,123,123,7,2,5,7,3,4,118,60,58,114,58,56
57354001,58,27,31,4,1,3,1,1,0,25,11,14,28,14,14
57354002,67,37,30,6,3,3,7,5,2,30,18,12,24,11,13
57354003,163,74,89,6,2,4,2,0,2,94,49,45,61,23,38
57354004,26,14,12,0,0,0,4,3,1,16,7,9,6,4,2
54888002,243,125,118,12,4,8,13,7,6,149,82,67,69,32,37
57330201,95,50,45,5,1,4,17,7,10,41,24,17,32,18,14
57325602,161,80,81,12,3,9,15,4,11,68,36,32,66,37,29
57325603,20,9,11,3,1,2,3,1,2,11,6,5,3,1,2
57275601,54,29,25,6,4,2,7,4,3,28,16,12,13,5,8
57275602,51,25,26,6,4,2,2,1,1,21,10,11,22,10,12
57275603,53,29,24,2,0,2,2,0,2,11,7,4,38,22,16
57361201,46,20,26,3,0,3,0,0,0,24,11,13,19,9,10
57361202,190,100,90,17,6,11,8,5,3,94,51,43,71,38,33
57361203,25,14,11,2,1,1,0,0,0,6,4,2,17,9,8
57363901,334,172,162,7,3,4,14,8,6,209,106,103,104,55,49
57364701,128,64,64,7,3,4,5,3,2,79,41,38,37,17,20
57365501,31,17,14,1,0,1,0,0,0,15,8,7,15,9,6
57365503,115,57,58,16,7,9,7,4,3,52,28,24,40,18,22
57365504,24,12,12,1,1,0,3,2,1,17,8,9,3,1,2
57365505,184,96,88,10,3,7,18,8,10,103,55,48,53,30,23
57365506,101,52,49,10,2,8,9,6,3,44,26,18,38,18,20
57366301,78,40,38,13,6,7,5,3,2,30,19,11,30,12,18
57366302,26,11,15,0,0,0,4,2,2,13,5,8,9,4,5
57366303,143,63,80,5,3,2,5,2,3,85,38,47,48,20,28
57366304,74,35,39,8,2,6,1,0,1,15,8,7,50,25,25
57367101,37,18,19,7,3,4,4,2,2,19,10,9,7,3,4
57367102,50,25,25,1,0,1,4,2,2,31,14,17,14,9,5
57367103,45,19,26,1,0,1,6,3,3,25,9,16,13,7,6
57368001,23,11,12,4,2,2,2,2,0,12,6,6,5,1,4
57368002,89,43,46,4,1,3,7,4,3,55,27,28,23,11,12
57368003,80,43,37,6,2,4,2,1,1,40,20,20,32,20,12
57368004,115,61,54,5,1,4,6,3,3,67,37,30,37,20,17
57369801,37,15,22,3,1,2,2,1,1,18,8,10,14,5,9
57369802,280,147,133,17,11,6,14,6,8,156,82,74,93,48,45
57370101,2373,1725,648,239,191,48,252,224,28,1244,887,357,638,423,215
57372801,138,70,68,10,4,6,16,8,8,78,45,33,34,13,21
57372802,55,30,25,1,0,1,0,0,0,28,17,11,26,13,13
57373601,54,26,28,4,2,2,2,1,1,35,15,20,13,8,5
57373602,286,155,131,19,10,9,30,15,15,142,82,60,95,48,47
57375201,30,11,19,4,1,3,0,0,0,21,8,13,5,2,3
57375202,255,124,131,13,2,11,8,5,3,129,67,62,105,50,55
57375203,45,24,21,6,3,3,1,0,1,32,17,15,6,4,2
57376101,232,121,111,24,10,14,6,2,4,139,71,68,63,38,25
57212801,48,25,23,6,3,3,3,1,2,28,12,16,11,9,2
57212802,114,63,51,4,2,2,9,4,5,65,35,30,36,22,14
57379501,218,113,105,18,9,9,25,8,17,100,52,48,75,44,31
54902901,99,59,40,11,7,4,8,5,3,44,23,21,36,24,12
57380901,61,35,26,7,5,2,2,1,1,27,16,11,25,13,12
57380902,662,336,326,74,35,39,32,12,20,313,153,160,243,136,107
57380903,151,73,78,19,11,8,9,4,5,65,27,38,58,31,27
54919302,106,61,45,7,4,3,7,3,4,69,40,29,23,14,9
54919304,22,11,11,0,0,0,1,0,1,13,7,6,8,4,4
57318302,48,24,24,2,1,1,4,1,3,26,13,13,16,9,7
57318303,114,60,54,8,6,2,6,4,2,52,27,25,48,23,25
57382502,72,38,34,5,2,3,0,0,0,35,20,15,32,16,16
57382503,24,14,10,0,0,0,1,0,1,15,9,6,8,5,3
57382504,37,19,18,4,2,2,2,1,1,26,14,12,5,2,3
57382505,42,25,17,1,1,0,1,1,0,24,12,12,16,11,5
57382506,1109,557,552,68,32,36,76,36,40,578,287,291,387,202,185
57382507,20,10,10,0,0,0,0,0,0,13,6,7,7,4,3
57383302,52,25,27,2,0,2,1,0,1,25,12,13,24,13,11
57383304,207,102,105,15,5,10,9,5,4,117,60,57,66,32,34
57384101,95,53,42,7,5,2,3,2,1,51,30,21,34,16,18
57385001,228,104,124,11,3,8,18,11,7,122,57,65,77,33,44
54778601,131,69,62,12,6,6,17,7,10,77,43,34,25,13,12
54778602,337,161,176,22,6,16,18,5,13,172,86,86,125,64,61
57388401,608,323,285,50,23,27,113,61,52,215,114,101,230,125,105
0064750,0,0,0,0,0,0,0,0,0,0,0,0,0,0,0
57389201,984,499,485,85,38,47,170,74,96,398,210,188,331,177,154
57390601,196,102,94,20,11,9,30,11,19,58,29,29,88,51,37
57391401,332,157,175,39,19,20,30,12,18,197,96,101,66,30,36
57392201,1104,548,556,98,41,57,79,37,42,526,268,258,401,202,199
57392202,122,67,55,16,9,7,14,6,8,52,30,22,40,22,18
57392204,41,21,20,1,0,1,4,2,2,18,9,9,18,10,8
57392205,1025,473,552,76,29,47,98,35,63,587,287,300,264,122,142
57392206,63,31,32,2,0,2,4,2,2,30,15,15,27,14,13
57392207,35,19,16,5,1,4,7,3,4,15,9,6,8,6,2
57392208,508,236,272,40,17,23,38,14,24,279,135,144,151,70,81
57392210,675,340,335,43,22,21,45,15,30,315,162,153,272,141,131
57392211,343,165,178,31,9,22,26,10,16,109,60,49,177,86,91
57392212,106,50,56,22,10,12,9,2,7,51,28,23,24,10,14
57392214,162,78,84,12,6,6,12,3,9,85,45,40,53,24,29
57392215,979,493,486,74,37,37,60,20,40,448,229,219,397,207,190
57392216,1093,523,570,75,30,45,110,49,61,571,283,288,337,161,176
57392217,213,107,106,13,6,7,6,3,3,141,75,66,53,23,30
57392218,405,180,225,30,15,15,37,12,25,207,85,122,131,68,63
0134710,0,0,0,0,0,0,0,0,0,0,0,0,0,0,0
57393102,171,91,80,10,4,6,26,12,14,82,49,33,53,26,27
57393104,80,46,34,6,4,2,9,4,5,29,19,10,36,19,17
54775101,340,180,160,25,12,13,51,26,25,155,85,70,109,57,52
57395701,445,223,222,42,24,18,94,46,48,163,81,82,146,72,74
50509901,198,100,98,18,6,12,38,18,20,80,44,36,62,32,30
57396501,213,108,105,10,5,5,48,22,26,96,49,47,59,32,27
57396502,5087,2486,2601,394,151,243,1033,456,577,2247,1154,1093,1413,725,688
57396503,662,334,328,56,26,30,117,60,57,299,155,144,190,93,97
57396504,1114,528,586,94,43,51,258,111,147,436,217,219,326,157,169
57396505,93,49,44,3,0,3,29,15,14,27,17,10,34,17,17
57396506,34,19,15,7,3,4,4,1,3,18,13,5,5,2,3
57396507,161,76,85,6,3,3,30,14,16,78,34,44,47,25,22
57396508,34,18,16,1,0,1,9,5,4,9,5,4,15,8,7
57396509,559,296,263,45,26,19,133,67,66,224,119,105,157,84,73
57396510,59,29,30,3,2,1,9,4,5,24,13,11,23,10,13
57397301,465,227,238,34,18,16,114,50,64,171,86,85,146,73,73
57398101,165,78,87,12,5,7,18,7,11,99,48,51,36,18,18
57398102,42,21,21,3,0,3,1,0,1,22,13,9,16,8,8
57398104,78,41,37,3,1,2,3,2,1,37,22,15,35,16,19
57399001,335,159,176,31,14,17,56,26,30,155,75,80,93,44,49
57399002,3119,1466,1653,266,111,155,362,149,213,1408,718,690,1083,488,595
57399003,51,26,25,3,1,2,4,3,1,9,5,4,35,17,18
57399004,942,462,480,69,31,38,96,46,50,445,223,222,332,162,170
57399006,75,37,38,9,5,4,3,1,2,37,17,20,26,14,12
57399007,203,103,100,25,12,13,20,8,12,112,62,50,46,21,25
57399008,207,104,103,22,9,13,26,14,12,90,48,42,69,33,36
57401501,158,80,78,9,6,3,17,12,5,85,39,46,47,23,24
57401502,232,124,108,18,9,9,23,8,15,132,69,63,59,38,21
57401503,65,34,31,5,4,1,2,1,1,28,15,13,30,14,16
57401504,36,20,16,2,1,1,7,2,5,18,11,7,9,6,3
57401505,158,72,86,10,5,5,16,6,10,90,41,49,42,20,22
57402301,704,348,356,70,36,34,90,44,46,286,144,142,258,124,134
57403101,573,280,293,27,11,16,52,26,26,332,161,171,162,82,80
57404001,60,29,31,5,3,2,5,2,3,34,17,17,16,7,9
57404002,106,48,58,9,6,3,6,1,5,58,27,31,33,14,19
57404003,146,75,71,5,2,3,6,4,2,83,43,40,52,26,26
57404004,88,46,42,4,1,3,4,1,3,47,25,22,33,19,14
0386012,0,0,0,0,0,0,0,0,0,0,0,0,0,0,0
57405801,64,32,32,6,0,6,2,0,2,41,24,17,15,8,7
57405802,395,205,190,12,6,6,12,4,8,235,126,109,136,69,67
57405803,23,12,11,4,2,2,0,0,0,12,6,6,7,4,3
57406601,29,13,16,5,1,4,1,0,1,17,9,8,6,3,3
57406602,400,201,199,37,16,21,51,22,29,166,84,82,146,79,67
57406603,70,36,34,7,3,4,3,1,2,32,17,15,28,15,13
54753101,152,80,72,3,3,0,14,5,9,81,43,38,54,29,25
57407401,386,192,194,41,20,21,49,22,27,150,78,72,146,72,74
57407402,67,37,30,8,4,4,4,2,2,31,16,15,24,15,9
57407403,25,12,13,0,0,0,6,2,4,12,7,5,7,3,4
57407404,75,34,41,15,6,9,8,3,5,30,14,16,22,11,11
3123040,0,0,0,0,0,0,0,0,0,0,0,0,0,0,0
3382570,0,0,0,0,0,0,0,0,0,0,0,0,0,0,0
57408201,1842,875,967,184,77,107,221,90,131,897,444,453,540,264,276
57408202,188,88,100,14,6,8,23,8,15,89,46,43,62,28,34
57408203,842,425,417,61,27,34,94,41,53,324,172,152,363,185,178
57408204,856,388,468,96,43,53,155,58,97,384,188,196,221,99,122
57408205,28,14,14,1,1,0,1,0,1,18,8,10,8,5,3
57408206,946,467,479,72,33,39,113,60,53,442,218,224,319,156,163
57408207,20,9,11,1,0,1,0,0,0,11,7,4,8,2,6
57408208,42,21,21,0,0,0,5,3,2,29,12,17,8,6,2
57408209,694,351,343,59,28,31,89,43,46,346,178,168,200,102,98
57408210,150,74,76,18,8,10,15,5,10,67,35,32,50,26,24
57408211,274,127,147,33,12,21,33,15,18,111,57,54,97,43,54
57408212,134,51,83,12,5,7,29,7,22,62,27,35,31,12,19
57416301,178,99,79,6,3,3,4,2,2,106,57,49,62,37,25
57411201,382,190,192,28,10,18,34,17,17,185,90,95,135,73,62
57411202,24,13,11,0,0,0,2,1,1,13,8,5,9,4,5
57411203,22,11,11,0,0,0,0,0,0,15,7,8,7,4,3
57411204,148,77,71,8,2,6,7,2,5,72,39,33,61,34,27
57411205,30,19,11,4,3,1,1,1,0,15,10,5,10,5,5
57411206,105,50,55,10,5,5,6,1,5,63,35,28,26,9,17
57411207,37,18,19,0,0,0,4,2,2,24,12,12,9,4,5
0574013,0,0,0,0,0,0,0,0,0,0,0,0,0,0,0
57412102,114,54,60,4,1,3,12,4,8,59,29,30,39,20,19
57412104,1743,882,861,155,66,89,103,43,60,1017,532,485,468,241,227
57412105,1099,527,572,72,30,42,81,35,46,594,298,296,352,164,188
57412107,231,123,108,32,16,16,17,5,12,96,54,42,86,48,38
57412108,2745,1312,1433,226,103,123,236,89,147,1428,695,733,855,425,430
57412109,566,290,276,39,21,18,52,17,35,320,175,145,155,77,78
57412110,1291,612,679,109,45,64,146,71,75,694,325,369,342,171,171
57412111,123,65,58,10,5,5,9,3,6,61,33,28,43,24,19
57412112,22,9,13,0,0,0,2,0,2,17,8,9,3,1,2
57412113,483,235,248,32,13,19,43,19,24,265,133,132,143,70,73
57412114,237,119,118,13,8,5,23,13,10,156,77,79,45,21,24
57412115,204,104,100,26,15,11,11,5,6,93,42,51,74,42,32
57412116,1537,776,761,160,79,81,128,60,68,581,293,288,668,344,324
57412117,465,244,221,34,16,18,50,26,24,255,135,120,126,67,59
57412118,249,125,124,18,9,9,29,10,19,122,67,55,80,39,41
57412119,283,131,152,17,7,10,32,11,21,128,61,67,106,52,54
57412120,165,87,78,13,5,8,15,7,8,87,46,41,50,29,21
57412122,423,256,167,31,17,14,22,11,11,145,80,65,225,148,77
57413901,736,375,361,58,28,30,88,40,48,342,187,155,248,120,128
57414701,132,76,56,5,4,1,42,22,20,37,24,13,48,26,22
57415501,421,228,193,26,15,11,35,13,22,226,132,94,134,68,66
57454601,192,102,90,8,5,3,11,3,8,125,67,58,48,27,21
57454602,560,288,272,58,30,28,68,33,35,245,123,122,189,102,87
57454603,121,65,56,14,6,8,16,8,8,69,40,29,22,11,11
57454604,74,37,37,2,1,1,15,6,9,47,26,21,10,4,6
57454605,57,29,28,3,0,3,3,1,2,36,21,15,15,7,8
57417101,424,222,202,36,15,21,42,18,24,216,117,99,130,72,58
57418001,142,75,67,20,8,12,8,4,4,47,24,23,67,39,28
57418002,63,36,27,5,4,1,9,3,6,25,15,10,24,14,10
57418003,63,31,32,7,5,2,8,1,7,21,12,9,27,13,14
54770101,61,31,30,7,3,4,8,3,5,14,8,6,32,17,15
57338801,93,47,46,3,1,2,18,8,10,31,20,11,41,18,23
57421002,123,66,57,7,5,2,33,16,17,43,25,18,40,20,20
57421003,492,246,246,46,20,26,98,49,49,193,95,98,155,82,73
57421004,109,53,56,9,3,6,24,13,11,45,23,22,31,14,17
57421005,318,150,168,23,10,13,81,34,47,114,59,55,100,47,53
57422801,475,232,243,30,14,16,54,32,22,236,113,123,155,73,82
57423601,126,61,65,14,5,9,30,13,17,56,28,28,26,15,11
57424401,222,116,106,26,15,11,29,13,16,99,55,44,68,33,35
57425201,105,56,49,2,1,1,3,1,2,55,29,26,45,25,20
57425202,250,127,123,14,5,9,14,7,7,137,74,63,85,41,44
57425203,1187,550,637,58,19,39,78,25,53,630,313,317,421,193,228
57425204,109,57,52,3,2,1,5,2,3,71,39,32,30,14,16
57425206,75,42,33,10,6,4,5,3,2,44,25,19,16,8,8
57425207,239,130,109,12,5,7,26,9,17,129,74,55,72,42,30
57425208,266,135,131,15,9,6,18,9,9,146,72,74,87,45,42
57426101,54,34,20,4,2,2,8,6,2,30,17,13,12,9,3
57426102,32,17,15,4,2,2,2,1,1,13,7,6,13,7,6
57426103,79,44,35,4,3,1,18,10,8,24,11,13,33,20,13
57426104,36,19,17,1,0,1,3,3,0,18,10,8,14,6,8
57426105,371,190,181,35,17,18,45,18,27,195,108,87,96,47,49
57386801,113,64,49,4,3,1,26,11,15,51,33,18,32,17,15
57386803,246,114,132,16,7,9,32,14,18,95,47,48,103,46,57
57386804,402,204,198,45,21,24,65,30,35,172,88,84,120,65,55
57386805,548,278,270,44,24,20,48,30,18,281,139,142,175,85,90
57386806,87,45,42,11,4,7,5,2,3,48,28,20,23,11,12
57386809,1306,636,670,103,46,57,174,81,93,647,329,318,382,180,202
57386810,257,134,123,31,18,13,41,17,24,111,63,48,74,36,38
57386811,99,49,50,5,4,1,17,8,9,42,18,24,35,19,16
57386812,488,234,254,46,19,27,95,45,50,229,116,113,118,54,64
57386813,1502,727,775,147,65,82,138,54,84,738,368,370,479,240,239
57386815,502,225,277,42,16,26,75,31,44,261,114,147,124,64,60
57386816,436,193,243,28,15,13,39,9,30,210,96,114,159,73,86
57386817,507,255,252,46,19,27,63,34,29,242,126,116,156,76,80
57386818,246,116,130,15,5,10,26,11,15,137,67,70,68,33,35
57386819,194,99,95,17,9,8,25,11,14,78,41,37,74,38,36
57386820,1150,571,579,117,46,71,152,71,81,598,310,288,283,144,139
57386821,1618,849,769,134,67,67,159,66,93,698,378,320,627,338,289
57386822,64,32,32,4,2,2,3,2,1,35,17,18,22,11,11
57386824,441,212,229,31,11,20,47,16,31,197,106,91,166,79,87
57386825,1829,869,960,163,72,91,143,65,78,961,446,515,562,286,276
57386826,2401,1108,1293,222,84,138,257,113,144,1096,510,586,826,401,425
57386827,716,339,377,76,34,42,98,46,52,333,161,172,209,98,111
57386828,1048,486,562,100,37,63,121,42,79,482,223,259,345,184,161
57386829,1045,483,562,94,41,53,159,59,100,480,241,239,312,142,170
57386831,1470,672,798,143,73,70,222,88,134,620,303,317,485,208,277
57386832,78,40,38,3,1,2,1,1,0,20,11,9,54,27,27
57386833,268,137,131,22,10,12,38,20,18,153,81,72,55,26,29
3202260,0,0,0,0,0,0,0,0,0,0,0,0,0,0,0
3316510,0,0,0,0,0,0,0,0,0,0,0,0,0,0,0
3381170,0,0,0,0,0,0,0,0,0,0,0,0,0,0,0
57427902,1374,685,689,122,60,62,218,94,124,648,328,320,386,203,183
57427903,103,52,51,7,3,4,6,2,4,63,33,30,27,14,13
57427904,235,119,116,19,11,8,35,14,21,129,63,66,52,31,21
57427905,445,211,234,40,12,28,79,36,43,209,100,109,117,63,54
57427906,252,125,127,21,9,12,33,12,21,122,67,55,76,37,39
57427907,1028,471,557,89,39,50,163,69,94,443,206,237,333,157,176
57427908,1472,689,783,160,64,96,203,77,126,682,349,333,427,199,228
57427909,1082,543,539,88,41,47,168,67,101,429,228,201,397,207,190
57427910,140,71,69,8,5,3,13,6,7,70,37,33,49,23,26
57427911,2563,1260,1303,268,118,150,383,166,217,1195,630,565,717,346,371
57427912,127,65,62,11,4,7,22,10,12,62,31,31,32,20,12
57427913,52,32,20,2,2,0,2,0,2,25,16,9,23,14,9
1073102,0,0,0,0,0,0,0,0,0,0,0,0,0,0,0
1073360,0,0,0,0,0,0,0,0,0,0,0,0,0,0,0
57428703,763,375,388,83,38,45,157,71,86,337,175,162,186,91,95
57428704,33,19,14,3,1,2,4,2,2,17,10,7,9,6,3
57429501,337,167,170,21,10,11,54,25,29,153,77,76,109,55,54
57431701,335,167,168,28,16,12,20,9,11,183,89,94,104,53,51
57434101,131,69,62,9,5,4,21,10,11,65,37,28,36,17,19
57434102,60,27,33,6,2,4,5,2,3,35,15,20,14,8,6
57434104,224,115,109,21,12,9,37,15,22,100,54,46,66,34,32
57434105,1172,595,577,104,46,58,142,64,78,514,280,234,412,205,207
57434106,61,27,34,7,4,3,10,4,6,25,12,13,19,7,12
57434107,2244,1074,1170,209,91,118,309,111,198,1104,567,537,622,305,317
1339063,0,0,0,0,0,0,0,0,0,0,0,0,0,0,0
1339140,0,0,0,0,0,0,0,0,0,0,0,0,0,0,0
57435001,140,71,69,9,5,4,15,9,6,84,40,44,32,17,15
57435002,356,180,176,21,11,10,39,19,20,176,89,87,120,61,59
57435003,29,15,14,2,1,1,7,3,4,13,7,6,7,4,3
57435004,76,43,33,3,2,1,18,10,8,35,20,15,20,11,9
57435005,25,12,13,1,0,1,22,11,11,2,1,1,0,0,0
57435007,566,290,276,31,12,19,139,76,63,214,119,95,182,83,99
57436801,185,96,89,16,5,11,22,12,10,67,38,29,80,41,39
57437601,72,39,33,6,3,3,17,9,8,37,22,15,12,5,7
57437603,600,287,313,49,24,25,60,26,34,304,146,158,187,91,96
57438401,172,89,83,12,4,8,19,10,9,95,52,43,46,23,23
57438402,193,101,92,13,5,8,23,12,11,94,49,45,63,35,28
57440601,70,31,39,6,2,4,4,2,2,37,15,22,23,12,11
57440602,303,150,153,28,9,19,32,13,19,143,82,61,100,46,54
57440603,239,114,125,21,8,13,29,13,16,113,58,55,76,35,41
53078601,224,109,115,14,6,8,22,11,11,111,57,54,77,35,42
54772701,117,58,59,10,5,5,27,13,14,34,20,14,46,20,26
57442202,45,24,21,2,0,2,11,7,4,22,11,11,10,6,4
57442203,267,135,132,29,15,14,54,28,26,120,64,56,64,28,36
57443101,257,134,123,25,12,13,45,19,26,104,55,49,83,48,35
57445701,58,23,35,1,0,1,17,6,11,26,13,13,14,4,10
57445702,244,121,123,19,9,10,53,22,31,95,50,45,77,40,37
57446501,90,47,43,6,2,4,9,5,4,43,22,21,32,18,14
57446502,75,40,35,6,3,3,9,5,4,39,21,18,21,11,10
57446503,41,21,20,3,1,2,2,1,1,24,13,11,12,6,6
57446504,407,203,204,36,13,23,32,15,17,186,96,90,153,79,74
57448101,47,22,25,1,0,1,19,9,10,20,9,11,7,4,3
57448102,39,20,19,7,3,4,6,4,2,13,6,7,13,7,6
57448103,150,81,69,12,8,4,16,6,10,89,47,42,33,20,13
57448104,359,177,182,32,12,20,48,17,31,160,82,78,119,66,53
57448105,38,25,13,1,1,0,2,0,2,15,12,3,20,12,8
57448106,57,33,24,4,2,2,15,8,7,13,8,5,25,15,10
57448107,295,144,151,23,12,11,28,12,16,164,84,80,80,36,44
57448108,94,45,49,2,2,0,11,4,7,52,25,27,29,14,15
57449001,50,29,21,12,7,5,10,6,4,15,7,8,13,9,4
57449002,329,172,157,32,15,17,48,20,28,127,64,63,122,73,49
54765401,38,20,18,1,0,1,12,5,7,19,12,7,6,3,3
54765402,140,73,67,16,4,12,8,5,3,64,34,30,52,30,22
57451101,284,143,141,13,7,6,9,5,4,162,78,84,100,53,47
57453801,60,34,26,4,2,2,2,1,1,40,23,17,14,8,6
57453802,40,27,13,5,3,2,1,1,0,17,12,5,17,11,6
57453803,235,120,115,23,11,12,9,3,6,135,70,65,68,36,32
57453804,110,52,58,9,5,4,16,5,11,52,30,22,33,12,21
57453805,59,33,26,4,4,0,4,1,3,25,16,9,26,12,14
57453806,89,48,41,7,2,5,7,3,4,58,34,24,17,9,8
57453810,20,9,11,2,1,1,0,0,0,16,7,9,2,1,1
57453811,786,411,375,79,35,44,61,23,38,413,226,187,233,127,106
57453812,168,89,79,21,8,13,11,6,5,79,41,38,57,34,23
57455401,195,101,94,21,9,12,15,7,8,113,62,51,46,23,23
57455402,527,260,267,47,17,30,56,31,25,256,122,134,168,90,78
57456201,632,319,313,68,29,39,109,43,66,243,132,111,212,115,97
57456203,35,19,16,4,2,2,4,1,3,21,13,8,6,3,3
57456204,44,27,17,0,0,0,5,3,2,19,11,8,20,13,7
57457101,24,14,10,2,1,1,8,5,3,11,6,5,3,2,1
57457102,321,171,150,19,8,11,37,19,18,149,81,68,116,63,53
57457103,50,25,25,2,1,1,4,1,3,21,14,7,23,9,14
54764601,2196,1075,1121,213,95,118,353,165,188,1010,513,497,620,302,318
57458901,313,169,144,29,14,15,37,22,15,157,84,73,90,49,41
54774301,303,155,148,31,17,14,26,14,12,161,80,81,85,44,41
54756502,139,71,68,13,4,9,8,4,4,74,43,31,44,20,24
54756503,43,20,23,5,0,5,1,1,0,25,15,10,12,4,8
57460101,69,31,38,12,5,7,7,4,3,31,13,18,19,9,10
57460102,305,150,155,30,14,16,45,20,25,134,71,63,96,45,51
57462701,137,70,67,5,3,2,17,10,7,71,39,32,44,18,26
57463501,190,103,87,17,9,8,21,13,8,80,45,35,72,36,36
57463503,91,50,41,18,8,10,26,14,12,31,17,14,16,11,5
57464301,482,245,237,59,31,28,69,30,39,234,117,117,120,67,53
57465101,216,115,101,18,10,8,44,20,24,101,56,45,53,29,24
57465102,177,97,80,22,10,12,22,10,12,74,45,29,59,32,27
57465103,97,52,45,12,5,7,19,8,11,27,14,13,39,25,14
57465104,54,30,24,9,4,5,17,12,5,18,10,8,10,4,6
57466001,29,17,12,3,2,1,4,2,2,18,11,7,4,2,2
57466002,110,52,58,9,4,5,3,1,2,49,26,23,49,21,28
57466003,164,91,73,8,3,5,17,11,6,87,50,37,52,27,25
57466005,138,74,64,3,1,2,7,3,4,87,44,43,41,26,15
57468601,626,315,311,49,21,28,78,35,43,299,162,137,200,97,103
57469402,563,272,291,34,17,17,92,39,53,268,136,132,169,80,89
57470802,277,147,130,28,16,12,44,20,24,132,70,62,73,41,32
57607701,1044,502,542,58,23,35,50,21,29,551,283,268,385,175,210
3178960,0,0,0,0,0,0,0,0,0,0,0,0,0,0,0
57608501,316,167,149,42,25,17,52,22,30,128,70,58,94,50,44
57608502,52,30,22,6,2,4,8,5,3,16,10,6,22,13,9
0010310,0,0,0,0,0,0,0,0,0,0,0,0,0,0,0
57609301,115,56,59,11,3,8,13,7,6,56,27,29,35,19,16
57609304,78,42,36,1,1,0,31,17,14,28,14,14,18,10,8
57610701,305,160,145,12,5,7,43,22,21,139,75,64,111,58,53
57610702,259,131,128,43,17,26,24,8,16,93,50,43,99,56,43
57610703,58,29,29,5,2,3,3,1,2,22,12,10,28,14,14
57610704,68,31,37,5,3,2,11,3,8,20,8,12,32,17,15
57611501,171,78,93,14,4,10,43,12,31,64,36,28,50,26,24
57611502,22,11,11,1,1,0,6,3,3,12,5,7,3,2,1
57612301,381,190,191,29,15,14,41,18,23,184,94,90,127,63,64
57612302,96,47,49,4,1,3,3,2,1,57,29,28,32,15,17
57612303,120,62,58,7,5,2,20,11,9,57,32,25,36,14,22
57613101,1944,933,1011,134,46,88,150,61,89,908,479,429,752,347,405
57613102,81,44,37,10,6,4,4,1,3,38,20,18,29,17,12
57614001,153,80,73,10,4,6,15,6,9,71,39,32,57,31,26
57614003,130,64,66,9,4,5,13,7,6,63,29,34,45,24,21
57614004,114,64,50,6,2,4,1,1,0,58,33,25,49,28,21
57616602,258,139,119,23,11,12,70,36,34,82,43,39,83,49,34
57617401,220,108,112,13,6,7,45,20,25,68,34,34,94,48,46
57618201,1671,887,784,135,79,56,147,65,82,822,433,389,567,310,257
57619101,24,9,15,4,1,3,2,1,1,16,7,9,2,0,2
57619102,608,282,326,49,21,28,40,14,26,351,174,177,168,73,95
57619104,294,149,145,25,14,11,10,3,7,178,88,90,81,44,37
57619105,102,49,53,10,5,5,2,0,2,47,25,22,43,19,24
57620401,662,342,320,75,31,44,96,46,50,248,127,121,243,138,105
57620402,145,72,73,16,10,6,9,3,6,74,34,40,46,25,21
57621201,25,12,13,4,1,3,0,0,0,13,7,6,8,4,4
57621202,1681,822,859,148,60,88,201,97,104,728,379,349,604,286,318
57621203,87,40,47,2,0,2,8,4,4,22,12,10,55,24,31
57621204,116,57,59,26,14,12,11,4,7,57,28,29,22,11,11
57621206,32,19,13,3,2,1,8,5,3,5,3,2,16,9,7
57622102,497,253,244,54,28,26,46,21,25,242,124,118,155,80,75
57622103,61,29,32,0,0,0,2,0,2,36,17,19,23,12,11
3381920,0,0,0,0,0,0,0,0,0,0,0,0,0,0,0
57624701,40,24,16,1,1,0,14,10,4,11,4,7,14,9,5
57624702,67,31,36,6,3,3,7,4,3,32,11,21,22,13,9
57624704,393,189,204,42,24,18,44,19,25,198,87,111,109,59,50
57624705,22,13,9,3,1,2,3,2,1,15,10,5,1,0,1
57624706,20,8,12,0,0,0,4,1,3,4,2,2,12,5,7
57624707,22,12,10,2,0,2,1,1,0,7,6,1,12,5,7
57626301,548,274,274,30,19,11,72,28,44,247,126,121,199,101,98
57626302,106,54,52,10,6,4,16,8,8,46,24,22,34,16,18
57626304,108,54,54,13,8,5,17,6,11,28,12,16,50,28,22
57626305,48,23,25,14,5,9,4,2,2,18,9,9,12,7,5
57626306,25,12,13,2,1,1,5,2,3,6,4,2,12,5,7
0275880,0,0,0,0,0,0,0,0,0,0,0,0,0,0,0
3036820,0,0,0,0,0,0,0,0,0,0,0,0,0,0,0
3036910,0,0,0,0,0,0,0,0,0,0,0,0,0,0,0
3216300,0,0,0,0,0,0,0,0,0,0,0,0,0,0,0
57627101,128,64,64,8,3,5,17,7,10,76,41,35,27,13,14
57627103,260,142,118,28,13,15,37,19,18,117,63,54,78,47,31
57627104,220,110,110,24,10,14,37,16,21,89,47,42,70,37,33
57627105,84,42,42,7,3,4,23,10,13,24,13,11,30,16,14
57627106,66,35,31,4,2,2,18,10,8,34,19,15,10,4,6
57627107,67,35,32,9,6,3,6,3,3,22,12,10,30,14,16
57627108,222,117,105,18,11,7,46,25,21,71,36,35,87,45,42
57627109,54,27,27,6,2,4,14,6,8,26,14,12,8,5,3
57627110,47,26,21,5,2,3,6,3,3,18,9,9,18,12,6
57627111,25,13,12,5,3,2,4,0,4,6,3,3,10,7,3
57627112,104,51,53,3,1,2,16,4,12,50,28,22,35,18,17
57627113,1657,775,882,148,60,88,212,72,140,804,401,403,493,242,251
57627114,690,343,347,59,26,33,111,52,59,319,159,160,201,106,95
57627115,668,333,335,43,19,24,97,45,52,288,149,139,240,120,120
57627116,1446,711,735,121,62,59,200,87,113,687,350,337,438,212,226
57627117,657,301,356,61,23,38,97,38,59,307,147,160,192,93,99
57628001,128,66,62,14,4,10,19,7,12,60,36,24,35,19,16
57630101,1522,738,784,104,34,70,122,53,69,780,397,383,516,254,262
57630102,114,66,48,8,3,5,13,5,8,60,40,20,33,18,15
57630103,63,32,31,5,2,3,3,2,1,36,17,19,19,11,8
54864201,84,40,44,9,3,6,11,6,5,39,17,22,25,14,11
54864202,74,37,37,7,2,5,3,3,0,35,16,19,29,16,13
54864203,105,65,40,7,4,3,8,3,5,63,40,23,27,18,9
54864204,95,47,48,17,6,11,8,2,6,39,23,16,31,16,15
57631001,195,102,93,28,15,13,39,21,18,58,30,28,70,36,34
54879101,77,40,37,4,2,2,9,3,6,21,11,10,43,24,19
54878201,110,53,57,5,1,4,11,6,5,71,32,39,23,14,9
57632801,62,34,28,6,3,3,31,18,13,20,10,10,5,3,2
57632802,36,16,20,3,3,0,12,4,8,11,6,5,10,3,7
0578272,0,0,0,0,0,0,0,0,0,0,0,0,0,0,0
57633601,63,32,31,7,3,4,12,6,6,27,15,12,17,8,9
57633602,934,476,458,85,46,39,81,37,44,461,243,218,307,150,157
57633603,37,19,18,2,1,1,4,2,2,24,11,13,7,5,2
57633604,32,18,14,4,2,2,0,0,0,18,11,7,10,5,5
57636101,5675,2766,2909,478,229,249,551,245,306,2915,1450,1465,1731,842,889
57636102,84,44,40,8,1,7,6,2,4,46,30,16,24,11,13
57636103,282,145,137,12,6,6,31,12,19,176,94,82,63,33,30
57636104,66,35,31,13,5,8,7,3,4,35,21,14,11,6,5
57638701,149,82,67,17,10,7,21,9,12,66,36,30,45,27,18
57639501,26,11,15,0,0,0,5,0,5,12,5,7,9,6,3
57639502,74,35,39,8,3,5,22,11,11,34,15,19,10,6,4
57639503,43,20,23,11,6,5,11,3,8,14,9,5,7,2,5
57639505,75,44,31,5,5,0,21,10,11,22,11,11,27,18,9
57640901,260,127,133,17,9,8,33,15,18,101,53,48,109,50,59
54868502,99,56,43,4,3,1,14,5,9,50,30,20,31,18,13
57642501,36,35,1,0,0,0,0,0,0,2,2,0,34,33,1
57642502,1617,903,714,149,83,66,164,77,87,779,433,346,525,310,215
57644101,134,69,65,17,8,9,16,11,5,61,27,34,40,23,17
57644102,209,104,105,27,11,16,17,7,10,73,40,33,92,46,46
54865101,159,83,76,14,7,7,6,2,4,83,39,44,56,35,21
57645001,87,43,44,10,2,8,6,3,3,51,28,23,20,10,10
57645002,159,86,73,12,6,6,5,3,2,77,44,33,65,33,32
57645003,193,106,87,13,8,5,16,6,10,79,45,34,85,47,38
57645004,62,28,34,1,0,1,4,1,3,22,11,11,35,16,19
57645005,42,24,18,6,3,3,6,2,4,20,12,8,10,7,3
57645006,27,18,9,1,0,1,1,1,0,24,17,7,1,0,1
57645008,116,61,55,11,6,5,7,3,4,42,25,17,56,27,29
57646801,513,252,261,58,26,32,88,40,48,202,107,95,165,79,86
57646802,78,39,39,7,3,4,23,8,15,24,16,8,24,12,12
57646803,43,23,20,4,2,2,4,3,1,9,5,4,26,13,13
57647601,52,31,21,1,0,1,5,3,2,33,20,13,13,8,5
57647602,526,272,254,42,21,21,25,14,11,311,157,154,148,80,68
57649201,613,320,293,45,25,20,39,13,26,318,175,143,211,107,104
57650601,273,136,137,31,14,17,19,7,12,145,74,71,78,41,37
57652201,38,20,18,1,0,1,7,4,3,22,12,10,8,4,4
57652202,134,68,66,16,8,8,5,2,3,68,36,32,45,22,23
57654901,27,14,13,3,2,1,0,0,0,24,12,12,0,0,0
57654902,194,101,93,12,7,5,9,3,6,120,61,59,53,30,23
57655701,38,21,17,1,0,1,3,3,0,16,7,9,18,11,7
57655702,179,92,87,18,10,8,18,8,10,93,44,49,50,30,20
57656501,471,239,232,38,20,18,98,47,51,179,90,89,156,82,74
57656502,45,25,20,3,2,1,3,1,2,23,14,9,16,8,8
57658101,89,41,48,1,0,1,5,2,3,34,15,19,49,24,25
57658102,381,201,180,40,22,18,25,11,14,197,104,93,119,64,55
57657302,392,198,194,38,18,20,54,26,28,184,92,92,116,62,54
57659001,241,125,116,37,18,19,42,20,22,100,52,48,62,35,27
57659002,42,19,23,5,2,3,7,3,4,25,11,14,5,3,2
57659003,403,190,213,21,9,12,41,17,24,211,108,103,130,56,74
57659004,2419,1167,1252,244,101,143,312,132,180,1105,552,553,758,382,376
1122080,0,0,0,0,0,0,0,0,0,0,0,0,0,0,0
57660301,158,87,71,20,9,11,16,9,7,67,40,27,55,29,26
57660305,25,10,15,4,0,4,1,0,1,7,2,5,13,8,5
57661101,69,31,38,2,1,1,8,4,4,38,14,24,21,12,9
57661102,167,84,83,16,10,6,35,15,20,53,30,23,63,29,34
57661103,58,25,33,8,2,6,12,6,6,24,12,12,14,5,9
57662001,447,223,224,44,21,23,49,18,31,217,113,104,137,71,66
57665401,50,28,22,8,4,4,5,4,1,23,12,11,14,8,6
57665403,354,186,168,38,19,19,92,47,45,134,73,61,90,47,43
57665404,85,43,42,5,2,3,16,8,8,26,13,13,38,20,18
57665405,91,51,40,20,12,8,19,9,10,21,14,7,31,16,15
57666201,658,324,334,55,24,31,67,32,35,316,156,160,220,112,108
54872302,136,62,74,6,2,4,18,10,8,68,29,39,44,21,23
57667101,143,74,69,11,3,8,17,6,11,61,30,31,54,35,19
57667102,831,407,424,42,20,22,100,40,60,423,217,206,266,130,136
54875801,49,26,23,4,2,2,5,3,2,19,11,8,21,10,11
57668901,667,317,350,89,38,51,115,51,64,262,134,128,201,94,107
54866902,279,142,137,28,16,12,45,20,25,121,59,62,85,47,38
57670101,73,41,32,5,2,3,9,6,3,33,17,16,26,16,10
57670104,1668,846,822,141,62,79,148,60,88,872,448,424,507,276,231
57670105,50,25,25,7,1,6,7,4,3,24,12,12,12,8,4
57670106,84,43,41,6,1,5,3,1,2,43,25,18,32,16,16
57670107,51,30,21,4,2,2,7,4,3,25,16,9,15,8,7
57672701,294,149,145,24,11,13,27,10,17,147,78,69,96,50,46
57672702,36,18,18,3,0,3,14,7,7,15,9,6,4,2,2
57672703,84,43,41,7,4,3,8,2,6,38,23,15,31,14,17
1441690,0,0,0,0,0,0,0,0,0,0,0,0,0,0,0
1441770,0,0,0,0,0,0,0,0,0,0,0,0,0,0,0
1441850,0,0,0,0,0,0,0,0,0,0,0,0,0,0,0
3216050,0,0,0,0,0,0,0,0,0,0,0,0,0,0,0
3312440,0,0,0,0,0,0,0,0,0,0,0,0,0,0,0
3380950,0,0,0,0,0,0,0,0,0,0,0,0,0,0,0
57606901,23,10,13,4,3,1,1,1,0,16,4,12,2,2,0
57606902,525,260,265,44,18,26,38,17,21,299,152,147,144,73,71
57606904,47,20,27,6,0,6,2,1,1,22,12,10,17,7,10
57606905,310,156,154,23,9,14,26,14,12,171,87,84,90,46,44
57606906,89,46,43,6,2,4,11,5,6,54,31,23,18,8,10
57606907,110,53,57,14,7,7,7,4,3,56,30,26,33,12,21
57606908,310,153,157,28,12,16,19,9,10,174,88,86,89,44,45
57606909,126,70,56,9,3,6,4,1,3,73,43,30,40,23,17
57606910,265,151,114,17,10,7,29,17,12,119,70,49,100,54,46
57606911,1031,487,544,102,43,59,101,42,59,542,255,287,286,147,139
57606912,1111,525,586,115,58,57,125,65,60,454,232,222,417,170,247
57606913,851,422,429,72,31,41,81,40,41,481,248,233,217,103,114
57606914,1617,810,807,150,64,86,158,66,92,770,397,373,539,283,256
57606915,4102,1919,2183,339,145,194,374,152,222,2105,1022,1083,1284,600,684
57606916,71,38,33,1,0,1,12,8,4,41,20,21,17,10,7
57673501,102,54,48,11,5,6,16,8,8,55,30,25,20,11,9
57674302,222,114,108,16,10,6,54,24,30,46,25,21,106,55,51
57675102,416,210,206,46,17,29,39,18,21,201,111,90,130,64,66
57677801,202,100,102,25,13,12,35,16,19,95,46,49,47,25,22
57677802,23,11,12,4,1,3,5,2,3,7,3,4,7,5,2
57677803,82,41,41,8,5,3,19,9,10,35,18,17,20,9,11
57677804,79,40,39,6,2,4,11,4,7,33,19,14,29,15,14
57677805,86,45,41,7,1,6,13,7,6,44,27,17,22,10,12
57677806,29,15,14,8,5,3,4,2,2,11,4,7,6,4,2
57677807,28,13,15,2,0,2,1,0,1,13,7,6,12,6,6
57677808,39,19,20,3,1,2,4,1,3,17,9,8,15,8,7
57677809,513,251,262,40,17,23,74,30,44,232,115,117,167,89,78
57678601,846,439,407,67,27,40,140,65,75,342,186,156,297,161,136
57679401,136,59,77,7,4,3,27,9,18,56,25,31,46,21,25
57680801,270,144,126,33,17,16,14,4,10,115,64,51,108,59,49
57680802,1918,998,920,178,86,92,196,85,111,921,490,431,623,337,286
54869301,42,21,21,1,1,0,2,2,0,25,12,13,14,6,8
54869302,123,61,62,8,4,4,19,9,10,53,27,26,43,21,22
57681601,49,29,20,0,0,0,5,1,4,27,18,9,17,10,7
57681602,155,83,72,11,7,4,16,8,8,61,30,31,67,38,29
57681603,216,101,115,19,11,8,22,5,17,102,50,52,73,35,38
57682401,272,135,137,20,9,11,49,23,26,120,58,62,83,45,38
57682402,242,124,118,21,10,11,25,9,16,111,60,51,85,45,40
57682403,57,26,31,5,3,2,5,2,3,29,14,15,18,7,11
57682404,95,47,48,4,2,2,14,6,8,34,15,19,43,24,19
57682405,70,36,34,3,3,0,25,11,14,27,14,13,15,8,7
57683201,289,154,135,17,7,10,53,23,30,119,69,50,100,55,45
57684101,63,30,33,2,1,1,4,1,3,25,15,10,32,13,19
57684102,285,139,146,21,9,12,9,0,9,143,75,68,112,55,57
57685902,256,121,135,18,6,12,10,3,7,147,76,71,81,36,45
57685904,187,101,86,11,7,4,26,11,15,82,45,37,68,38,30
57685905,218,108,110,12,4,8,15,4,11,131,64,67,60,36,24
57685906,152,72,80,19,7,12,15,4,11,90,49,41,28,12,16
57685907,4918,2391,2527,360,142,218,359,157,202,2634,1308,1326,1565,784,781
57685908,181,85,96,13,7,6,11,3,8,105,48,57,52,27,25
57687501,80,41,39,10,5,5,16,6,10,36,17,19,18,13,5
57687502,220,113,107,31,18,13,57,25,32,63,33,30,69,37,32
57688301,291,141,150,33,15,18,22,8,14,155,72,83,81,46,35
57688302,22,11,11,0,0,0,4,1,3,4,2,2,14,8,6
57688303,26,12,14,1,0,1,1,0,1,20,8,12,4,4,0
57688305,30,19,11,4,2,2,2,2,0,13,9,4,11,6,5
57688306,286,148,138,17,6,11,24,12,12,157,83,74,88,47,41
57688307,3760,1849,1911,310,125,185,335,141,194,1838,916,922,1277,667,610
57688308,65,33,32,10,4,6,2,1,1,43,23,20,10,5,5
57689101,38,20,18,6,1,5,1,1,0,8,5,3,23,13,10
57689102,87,38,49,12,6,6,11,4,7,27,12,15,37,16,21
57689103,77,36,41,12,5,7,12,5,7,37,19,18,16,7,9
57689104,156,80,76,14,7,7,25,10,15,64,38,26,53,25,28
57689105,305,162,143,34,21,13,77,38,39,59,35,24,135,68,67
57689106,43,21,22,4,2,2,15,7,8,15,9,6,9,3,6
54870701,30,14,16,0,0,0,16,9,7,11,5,6,3,0,3
54870702,124,67,57,6,1,5,17,8,9,78,47,31,23,11,12
57692101,584,300,284,41,18,23,47,17,30,296,159,137,200,106,94
57693001,255,128,127,22,7,15,19,13,6,140,74,66,74,34,40
57694801,31,19,12,5,3,2,4,2,2,7,4,3,15,10,5
57694802,38,25,13,5,3,2,2,1,1,17,10,7,14,11,3
57694804,58,27,31,5,3,2,8,3,5,20,9,11,25,12,13
57694805,29,16,13,4,1,3,6,4,2,5,3,2,14,8,6
57695601,25,13,12,1,1,0,1,0,1,23,12,11,0,0,0
57695602,33,18,15,1,0,1,4,3,1,13,6,7,15,9,6
57695603,451,222,229,44,15,29,19,10,9,254,128,126,134,69,65
57904101,122,69,53,10,6,4,15,6,9,57,31,26,40,26,14
57904102,629,332,297,50,23,27,91,43,48,269,141,128,219,125,94
57905003,772,390,382,49,18,31,40,18,22,417,223,194,266,131,135
57905004,34,17,17,0,0,0,0,0,0,19,11,8,15,6,9
57905005,61,33,28,3,1,2,3,1,2,40,22,18,15,9,6
57906801,61,29,32,6,4,2,4,1,3,22,6,16,29,18,11
57906802,1072,534,538,83,30,53,85,36,49,588,308,280,316,160,156
57906803,51,27,24,5,3,2,8,4,4,22,10,12,16,10,6
57906804,128,72,56,13,7,6,4,2,2,80,44,36,31,19,12
57907601,162,80,82,6,4,2,13,6,7,84,42,42,59,28,31
57909201,342,183,159,29,11,18,37,15,22,192,110,82,84,47,37
54882101,183,103,80,14,7,7,14,6,8,110,63,47,45,27,18
57910601,397,207,190,21,13,8,13,6,7,253,121,132,110,67,43
57911401,334,172,162,21,10,11,32,13,19,218,121,97,63,28,35
57911402,274,131,143,14,6,8,21,8,13,156,76,80,83,41,42
57911403,110,53,57,14,6,8,0,0,0,47,25,22,49,22,27
57912201,949,480,469,56,24,32,67,32,35,519,270,249,307,154,153
55486302,389,207,182,31,12,19,30,14,16,221,124,97,107,57,50
57914901,249,135,114,32,17,15,18,8,10,148,83,65,51,27,24
57915701,538,267,271,33,13,20,62,27,35,272,142,130,171,85,86
57915702,128,67,61,8,3,5,15,8,7,65,34,31,40,22,18
57916501,788,384,404,47,21,26,54,18,36,427,204,223,260,141,119
57917301,188,99,89,11,6,5,8,3,5,92,53,39,77,37,40
57917302,100,50,50,8,4,4,12,4,8,62,34,28,18,8,10
57917303,56,25,31,5,1,4,1,1,0,33,14,19,17,9,8
57917304,25,12,13,3,2,1,3,1,2,7,4,3,12,5,7
57918101,300,154,146,26,12,14,19,11,8,167,85,82,88,46,42
57918102,28,13,15,0,0,0,3,1,2,16,9,7,9,3,6
57918103,37,15,22,4,1,3,1,1,0,27,11,16,5,2,3
57919001,648,306,342,57,28,29,32,9,23,380,182,198,179,87,92
3126810,0,0,0,0,0,0,0,0,0,0,0,0,0,0,0
57920301,165,89,76,7,5,2,2,2,0,98,46,52,58,36,22
57920302,329,160,169,24,10,14,35,13,22,169,82,87,101,55,46
57920303,152,85,67,6,3,3,11,6,5,97,53,44,38,23,15
57920304,225,121,104,19,9,10,13,8,5,138,75,63,55,29,26
57920305,393,200,193,28,13,15,15,7,8,253,129,124,97,51,46
57920306,164,83,81,5,2,3,16,6,10,97,52,45,46,23,23
57920307,47,26,21,2,1,1,2,1,1,18,8,10,25,16,9
57920308,237,121,116,19,9,10,9,3,6,159,82,77,50,27,23
57920309,76,36,40,7,2,5,8,3,5,43,22,21,18,9,9
57920310,508,238,270,37,17,20,42,15,27,257,127,130,172,79,93
57920311,835,422,413,39,15,24,77,42,35,496,252,244,223,113,110
57920312,1798,915,883,99,43,56,111,51,60,938,446,492,650,375,275
57920313,1888,916,972,127,51,76,139,53,86,1119,566,553,503,246,257
57920314,129,60,69,7,2,5,11,3,8,65,29,36,46,26,20
57920315,1225,616,609,86,41,45,56,22,34,698,355,343,385,198,187
57920316,2197,1028,1169,117,46,71,174,55,119,1142,566,576,764,361,403
57920317,1176,515,661,71,28,43,91,36,55,675,301,374,339,150,189
57920318,294,130,164,26,14,12,15,6,9,145,70,75,108,40,68
57920319,20,12,8,2,1,1,1,1,0,8,3,5,9,7,2
57920320,1198,581,617,69,30,39,77,34,43,679,332,347,373,185,188
57920321,197,99,98,22,13,9,5,3,2,109,52,57,61,31,30
57920322,151,80,71,8,3,5,7,5,2,96,51,45,40,21,19
57920324,1546,720,826,101,43,58,121,50,71,915,440,475,409,187,222
57921101,541,298,243,37,17,20,16,6,10,260,135,125,228,140,88
57921102,20,9,11,3,1,2,0,0,0,8,4,4,9,4,5
57921104,34,17,17,5,2,3,0,0,0,20,10,10,9,5,4
57921105,227,104,123,12,4,8,16,7,9,130,62,68,69,31,38
57921106,27,14,13,3,2,1,2,2,0,18,8,10,4,2,2
57921108,59,25,34,5,3,2,1,0,1,31,11,20,22,11,11
57921109,50,25,25,8,3,5,1,0,1,17,10,7,24,12,12
57921110,60,31,29,3,0,3,3,1,2,29,18,11,25,12,13
57922001,45,21,24,1,0,1,3,3,0,23,11,12,18,7,11
57922002,59,32,27,5,2,3,18,9,9,25,16,9,11,5,6
57922003,830,419,411,59,22,37,76,35,41,484,256,228,211,106,105
57923801,428,230,198,33,17,16,16,9,7,227,120,107,152,84,68
57925401,356,179,177,33,14,19,40,14,26,189,98,91,94,53,41
57926202,34,21,13,1,0,1,3,3,0,16,8,8,14,10,4
57926203,39,20,19,5,3,2,4,3,1,23,11,12,7,3,4
57926206,139,73,66,7,2,5,11,4,7,74,43,31,47,24,23
57926207,597,306,291,44,14,30,49,27,22,309,163,146,195,102,93
57926209,117,75,42,17,6,11,4,3,1,71,51,20,25,15,10
57927101,64,34,30,3,2,1,1,0,1,32,16,16,28,16,12
57927102,126,71,55,2,2,0,13,6,7,71,39,32,40,24,16
57927103,60,25,35,1,0,1,6,3,3,38,14,24,15,8,7
57927104,41,24,17,1,1,0,9,6,3,19,11,8,12,6,6
57929701,4128,2024,2104,275,112,163,222,93,129,2391,1190,1201,1240,629,611
57930102,168,86,82,9,5,4,16,7,9,96,52,44,47,22,25
57930103,39,20,19,3,1,2,2,2,0,27,14,13,7,3,4
57931901,663,340,323,17,9,8,27,13,14,392,203,189,227,115,112
57931902,227,117,110,12,6,6,13,7,6,122,61,61,80,43,37
57931903,71,36,35,7,3,4,1,0,1,41,21,20,22,12,10
57932701,30,18,12,2,2,0,3,0,3,7,3,4,18,13,5
57932702,51,29,22,8,4,4,3,2,1,29,17,12,11,6,5
57932703,467,234,233,40,17,23,44,21,23,251,119,132,132,77,55
57933501,479,257,222,35,12,23,30,15,15,279,153,126,135,77,58
57933502,159,78,81,16,6,10,13,5,8,84,43,41,46,24,22
57935103,34,16,18,3,1,2,2,1,1,27,13,14,2,1,1
57935104,60,33,27,2,1,1,3,0,3,51,30,21,4,2,2
57935105,118,58,60,5,3,2,9,2,7,78,40,38,26,13,13
57935106,444,220,224,35,14,21,48,17,31,203,112,91,158,77,81
57937801,24,14,10,1,0,1,2,2,0,11,6,5,10,6,4
57937802,39,22,17,8,2,6,1,1,0,23,16,7,7,3,4
57937803,251,122,129,21,10,11,6,2,4,143,72,71,81,38,43
57937804,45,30,15,2,1,1,3,2,1,31,20,11,9,7,2
57937805,126,67,59,9,3,6,16,7,9,67,39,28,34,18,16
57937807,50,24,26,4,2,2,0,0,0,22,10,12,24,12,12
57938601,220,107,113,15,6,9,13,5,8,148,75,73,44,21,23
57939401,263,136,127,25,13,12,8,3,5,156,81,75,74,39,35
57939402,43,25,18,2,2,0,0,0,0,22,14,8,19,9,10
57939403,194,103,91,7,4,3,11,7,4,105,60,45,71,32,39
57940801,40,19,21,3,1,2,2,0,2,21,13,8,14,5,9
57940803,170,88,82,4,2,2,3,2,1,100,53,47,63,31,32
57940804,53,30,23,4,1,3,1,1,0,33,20,13,15,8,7
53080801,160,82,78,12,7,5,15,6,9,90,45,45,43,24,19
57941602,70,32,38,10,4,6,2,1,1,39,17,22,19,10,9
57941603,187,97,90,11,5,6,11,5,6,112,58,54,53,29,24
57942401,540,274,266,34,13,21,23,10,13,337,174,163,146,77,69
54880401,362,157,205,6,4,2,19,10,9,177,83,94,160,60,100
57943201,451,225,226,31,17,14,13,5,8,251,130,121,156,73,83
57943202,1290,671,619,96,48,48,40,18,22,811,420,391,343,185,158
57944101,82,40,42,8,3,5,6,1,5,47,26,21,21,10,11
57944102,46,23,23,4,3,1,5,1,4,27,16,11,10,3,7
57944103,37,19,18,2,2,0,7,3,4,19,9,10,9,5,4
57944104,38,16,22,3,1,2,2,1,1,28,11,17,5,3,2
57947501,310,160,150,26,18,8,36,15,21,139,69,70,109,58,51
57947502,50,24,26,5,1,4,1,0,1,33,17,16,11,6,5
57948301,139,73,66,7,2,5,7,3,4,71,38,33,54,30,24
57948302,20,12,8,0,0,0,3,1,2,13,7,6,4,4,0
54647001,113,61,52,8,4,4,8,2,6,61,34,27,36,21,15
54647002,64,35,29,6,4,2,8,4,4,33,17,16,17,10,7
57950501,80,44,36,9,4,5,8,4,4,40,22,18,23,14,9
57950502,77,45,32,8,3,5,7,4,3,39,21,18,23,17,6
57951301,1197,596,601,112,49,63,132,58,74,616,322,294,337,167,170
57951302,307,274,33,16,16,0,25,22,3,135,120,15,131,116,15
57951303,73,36,37,3,1,2,4,3,1,21,11,10,45,21,24
57951304,99,52,47,8,5,3,9,4,5,39,22,17,43,21,22
57953001,171,86,85,12,7,5,25,9,16,87,46,41,47,24,23
57954801,181,99,82,11,6,5,8,5,3,103,57,46,59,31,28
57954802,289,141,148,12,6,6,16,7,9,171,88,83,90,40,50
57954803,1758,897,861,120,51,69,117,59,58,980,512,468,541,275,266
57955601,26,15,11,4,1,3,9,6,3,9,5,4,4,3,1
57955602,54,32,22,0,0,0,3,1,2,31,18,13,20,13,7
57955603,647,327,320,25,11,14,52,24,28,393,189,204,177,103,74
57955604,138,74,64,8,3,5,7,3,4,74,40,34,49,28,21
57955606,151,79,72,14,7,7,15,6,9,66,37,29,56,29,27
57955607,60,31,29,9,3,6,3,2,1,32,17,15,16,9,7
57955608,82,39,43,6,3,3,4,0,4,53,25,28,19,11,8
57956401,417,215,202,27,15,12,18,5,13,257,135,122,115,60,55
57956402,121,59,62,13,4,9,6,4,2,69,36,33,33,15,18
57956403,81,39,42,1,1,0,3,2,1,53,25,28,24,11,13
57956404,168,82,86,17,8,9,9,4,5,100,48,52,42,22,20
57958102,366,201,165,28,14,14,18,10,8,227,123,104,93,54,39
57958103,109,52,57,8,5,3,14,5,9,61,32,29,26,10,16
57958104,185,98,87,17,9,8,18,10,8,100,54,46,50,25,25
57959901,708,342,366,47,25,22,52,20,32,392,184,208,217,113,104
57959902,200,95,105,6,2,4,21,9,12,107,53,54,66,31,35
57959903,194,95,99,16,9,7,7,3,4,109,56,53,62,27,35
57959904,80,41,39,4,2,2,3,3,0,47,21,26,26,15,11
57960201,587,302,285,25,14,11,22,10,12,390,205,185,150,73,77
57962901,882,423,459,53,19,34,44,18,26,529,264,265,256,122,134
57962902,34,19,15,2,2,0,7,2,5,17,10,7,8,5,3
57963701,2876,1417,1459,220,100,120,406,178,228,1414,733,681,836,406,430
57964501,126,72,54,3,2,1,4,2,2,90,47,43,29,21,8
57964502,288,142,146,17,6,11,6,4,2,157,81,76,108,51,57
57964504,89,45,44,4,0,4,3,2,1,68,37,31,14,6,8
57964505,486,253,233,31,17,14,27,13,14,293,151,142,135,72,63
57964506,256,131,125,20,6,14,13,6,7,128,67,61,95,52,43
57964507,48,24,24,3,1,2,1,0,1,29,14,15,15,9,6
57964508,83,38,45,7,4,3,3,1,2,34,16,18,39,17,22
57964509,635,332,303,32,11,21,20,6,14,348,196,152,235,119,116
54881201,57,26,31,3,1,2,9,3,6,38,16,22,7,6,1
57966101,125,59,66,14,4,10,3,1,2,60,28,32,48,26,22
57966102,52,28,24,2,1,1,5,2,3,33,19,14,12,6,6
57966103,110,53,57,4,2,2,3,2,1,71,32,39,32,17,15
57966104,292,157,135,10,4,6,12,8,4,187,100,87,83,45,38
57966105,33,15,18,1,0,1,1,1,0,14,7,7,17,7,10
57969602,178,91,87,10,6,4,15,8,7,118,59,59,35,18,17
57972601,361,182,179,35,15,20,52,25,27,179,91,88,95,51,44
57973401,159,81,78,11,5,6,12,4,8,85,45,40,51,27,24
57973402,1072,505,567,83,42,41,91,31,60,476,238,238,422,194,228
57973403,706,343,363,48,19,29,70,32,38,388,196,192,200,96,104
57974202,599,274,325,44,21,23,54,25,29,333,153,180,168,75,93
57974204,76,41,35,7,2,5,2,1,1,48,30,18,19,8,11
57974205,41,23,18,2,1,1,10,5,5,13,8,5,16,9,7
57974209,61,38,23,2,2,0,6,3,3,32,22,10,21,11,10
57974212,254,138,116,16,11,5,29,14,15,137,74,63,72,39,33
57974213,28,15,13,0,0,0,3,1,2,16,9,7,9,5,4
57975101,91,46,45,8,2,6,8,3,5,39,22,17,36,19,17
1690990,0,0,0,0,0,0,0,0,0,0,0,0,0,0,0
1691290,0,0,0,0,0,0,0,0,0,0,0,0,0,0,0
1691700,0,0,0,0,0,0,0,0,0,0,0,0,0,0,0
3126900,0,0,0,0,0,0,0,0,0,0,0,0,0,0,0
3200300,0,0,0,0,0,0,0,0,0,0,0,0,0,0,0
57902501,124,67,57,16,7,9,11,5,6,55,31,24,42,24,18
57902502,74,32,42,5,2,3,2,1,1,43,18,25,24,11,13
57902503,122,67,55,14,6,8,6,4,2,71,40,31,31,17,14
57902504,120,62,58,12,7,5,8,2,6,61,33,28,39,20,19
57902505,35,18,17,3,2,1,9,5,4,12,5,7,11,6,5
57902506,76,38,38,5,2,3,1,1,0,51,24,27,19,11,8
57902508,227,115,112,17,12,5,15,8,7,115,58,57,80,37,43
57902510,22,11,11,0,0,0,2,0,2,8,5,3,12,6,6
57902511,31,16,15,2,1,1,0,0,0,18,8,10,11,7,4
57902512,311,166,145,6,2,4,14,7,7,183,102,81,108,55,53
57902513,64,27,37,3,1,2,3,2,1,34,13,21,24,11,13
57902514,98,51,47,2,1,1,3,1,2,56,28,28,37,21,16
57902515,84,47,37,2,1,1,5,3,2,61,35,26,16,8,8
57902516,64,33,31,1,0,1,18,9,9,27,14,13,18,10,8
57902517,337,156,181,26,12,14,22,7,15,191,88,103,98,49,49
57902518,2277,1023,1254,169,59,110,185,72,113,1245,582,663,678,310,368
57902519,31,16,15,0,0,0,1,1,0,23,11,12,7,4,3
57902520,1227,584,643,95,40,55,77,36,41,716,337,379,339,171,168
57902522,1252,586,666,87,25,62,84,33,51,743,361,382,338,167,171
57902523,1443,687,756,78,37,41,86,34,52,822,391,431,457,225,232
57902524,926,451,475,85,42,43,76,31,45,562,273,289,203,105,98
57902526,920,417,503,84,36,48,67,18,49,547,265,282,222,98,124
57902528,246,122,124,33,16,17,13,4,9,146,72,74,54,30,24
57902529,1128,517,611,62,30,32,78,29,49,700,330,370,288,128,160
57902530,1240,587,653,83,41,42,76,20,56,711,350,361,370,176,194
57902531,31,14,17,3,1,2,1,1,0,15,7,8,12,5,7
57902532,275,143,132,22,10,12,26,11,15,157,79,78,70,43,27
57902533,26,12,14,0,0,0,4,2,2,12,6,6,10,4,6
57902534,919,439,480,74,31,43,80,42,38,532,251,281,233,115,118
57902535,2945,1399,1546,251,108,143,205,84,121,1675,811,864,814,396,418
57902536,546,281,265,28,14,14,29,11,18,312,158,154,177,98,79
57902537,154,78,76,14,7,7,4,1,3,92,48,44,44,22,22
57902538,412,218,194,31,11,20,17,8,9,204,112,92,160,87,73
57902539,245,116,129,12,3,9,7,1,6,172,91,81,54,21,33
57902540,1549,753,796,115,48,67,130,63,67,846,420,426,458,222,236
57902541,3904,1856,2048,271,109,162,229,110,119,2272,1111,1161,1132,526,606
57902542,160,82,78,17,7,10,7,6,1,96,47,49,40,22,18
57902544,1454,702,752,91,39,52,85,37,48,826,400,426,452,226,226
57902545,240,114,126,17,7,10,18,8,10,148,68,80,57,31,26
57902546,153,82,71,10,3,7,15,8,7,76,41,35,52,30,22
57902547,1279,612,667,60,23,37,71,29,42,700,336,364,448,224,224
57902548,146,71,75,10,3,7,18,8,10,68,36,32,50,24,26
57902549,128,64,64,6,3,3,3,2,1,74,39,35,45,20,25
57902551,288,141,147,20,6,14,29,18,11,145,68,77,94,49,45
57902552,131,67,64,9,2,7,6,3,3,78,39,39,38,23,15
57902553,350,177,173,26,13,13,32,18,14,198,97,101,94,49,45
57902554,53,26,27,2,0,2,1,0,1,35,17,18,15,9,6
57902555,1187,719,468,64,31,33,47,26,21,552,304,248,524,358,166
57976902,36,20,16,3,0,3,7,3,4,20,13,7,6,4,2
57976903,46,26,20,2,2,0,2,0,2,30,17,13,12,7,5
57976904,49,28,21,4,2,2,0,0,0,33,20,13,12,6,6
57976905,22,11,11,2,0,2,4,2,2,12,7,5,4,2,2
57976906,289,145,144,25,12,13,24,9,15,146,76,70,94,48,46
57977701,346,172,174,13,2,11,17,7,10,217,112,105,99,51,48
57977702,4992,2359,2633,454,215,239,508,213,295,2438,1168,1270,1592,763,829
57978501,128,65,63,2,0,2,11,3,8,61,34,27,54,28,26
57978503,214,111,103,16,4,12,13,5,8,106,65,41,79,37,42
57978504,877,446,431,52,15,37,103,41,62,414,228,186,308,162,146
57979301,82,42,40,12,8,4,10,4,6,41,19,22,19,11,8
57979302,144,77,67,8,4,4,30,18,12,73,36,37,33,19,14
57979303,28,15,13,4,1,3,3,2,1,16,9,7,5,3,2
57459701,21,11,10,5,1,4,4,1,3,7,6,1,5,3,2
57459702,163,85,78,14,8,6,18,10,8,85,46,39,46,21,25
57981501,37,18,19,1,1,0,3,2,1,22,10,12,11,5,6
57981502,445,223,222,19,10,9,19,12,7,259,126,133,148,75,73
57981503,84,44,40,3,2,1,0,0,0,52,29,23,29,13,16
57981504,580,303,277,21,10,11,22,10,12,295,144,151,242,139,103
57981506,247,126,121,7,3,4,13,9,4,152,76,76,75,38,37
57981508,40,20,20,3,1,2,0,0,0,20,11,9,17,8,9
57981509,24,12,12,0,0,0,1,1,0,15,7,8,8,4,4
57982302,542,275,267,29,12,17,19,8,11,302,158,144,192,97,95
57983101,144,70,74,15,4,11,11,6,5,88,46,42,30,14,16
57983102,214,112,102,13,8,5,8,4,4,108,55,53,85,45,40
3038790,0,0,0,0,0,0,0,0,0,0,0,0,0,0,0
3127620,0,0,0,0,0,0,0,0,0,0,0,0,0,0,0
57985802,246,126,120,6,4,2,14,7,7,158,76,82,68,39,29
57985803,1438,704,734,93,45,48,87,35,52,810,405,405,448,219,229
57985804,893,446,447,64,32,32,59,31,28,496,244,252,274,139,135
57985806,196,105,91,14,9,5,3,2,1,121,66,55,58,28,30
57985808,147,69,78,6,3,3,2,1,1,102,47,55,37,18,19
57985809,610,287,323,38,14,24,34,17,17,335,166,169,203,90,113
57985810,2088,962,1126,159,48,111,190,68,122,1075,518,557,664,328,336
57985811,734,342,392,42,16,26,50,22,28,453,213,240,189,91,98
57985813,2216,1129,1087,178,84,94,171,79,92,1137,575,562,730,391,339
57985814,2146,1002,1144,157,67,90,131,49,82,1210,586,624,648,300,348
57985815,99,50,49,2,1,1,3,2,1,60,30,30,34,17,17
57985816,26,14,12,3,2,1,0,0,0,17,7,10,6,5,1
57985817,1089,508,581,80,30,50,75,31,44,595,290,305,339,157,182
54883901,55,27,28,1,0,1,1,1,0,39,18,21,14,8,6
54883902,27,14,13,0,0,0,0,0,0,21,11,10,6,3,3
54883903,55,24,31,4,1,3,5,1,4,21,10,11,25,12,13
54884701,134,64,70,17,6,11,18,5,13,62,30,32,37,23,14
57986601,213,110,103,14,9,5,7,3,4,121,62,59,71,36,35
1942550,0,0,0,0,0,0,0,0,0,0,0,0,0,0,0
57987401,228,119,109,16,9,7,13,6,7,135,68,67,64,36,28
57987403,21,12,9,1,0,1,0,0,0,7,3,4,13,9,4
57987407,2644,1288,1356,157,64,93,166,63,103,1523,754,769,798,407,391
57118101,89,46,43,2,1,1,18,9,9,40,20,20,29,16,13
57118102,171,92,79,18,8,10,25,12,13,68,36,32,60,36,24
57118103,74,36,38,6,3,3,5,1,4,41,22,19,22,10,12
57118104,35,16,19,1,0,1,7,3,4,18,9,9,9,4,5
57118105,38,21,17,1,1,0,14,7,7,11,8,3,12,5,7
57118106,47,25,22,5,3,2,6,2,4,10,5,5,26,15,11
57118108,80,42,38,4,2,2,8,2,6,24,12,12,44,26,18
57394901,79,40,39,8,3,5,3,2,1,33,17,16,35,18,17
50500501,25,10,15,4,1,3,3,2,1,14,5,9,4,2,2
50500502,414,214,200,33,12,21,43,20,23,195,111,84,143,71,72
57120201,247,123,124,16,8,8,51,20,31,89,53,36,91,42,49
57120202,104,59,45,10,5,5,27,14,13,29,17,12,38,23,15
57120203,28,13,15,5,2,3,3,1,2,14,8,6,6,2,4
57120204,76,29,47,5,2,3,30,9,21,18,7,11,23,11,12
57120205,91,50,41,6,3,3,24,11,13,29,17,12,32,19,13
57120206,25,15,10,5,4,1,5,2,3,4,4,0,11,5,6
57120207,20,11,9,2,1,1,6,4,2,7,4,3,5,2,3
57120208,28,14,14,4,1,3,13,9,4,7,1,6,4,3,1
54786701,140,76,64,16,8,8,21,11,10,39,22,17,64,35,29
57122901,145,77,68,9,5,4,8,3,5,74,39,35,54,30,24
57122902,51,27,24,4,3,1,5,2,3,16,8,8,26,14,12
57123701,185,94,91,12,7,5,21,6,15,78,45,33,74,36,38
57123702,34,15,19,8,4,4,1,0,1,21,9,12,4,2,2
57124501,444,228,216,25,13,12,31,14,17,226,115,111,162,86,76
57125301,46,23,23,4,2,2,6,3,3,21,9,12,15,9,6
57125302,27,11,16,3,2,1,1,0,1,20,9,11,3,0,3
57125303,38,20,18,4,2,2,1,0,1,21,11,10,12,7,5
57125304,43,23,20,4,2,2,3,1,2,18,9,9,18,11,7
57125305,27,13,14,1,1,0,3,2,1,18,8,10,5,2,3
57125306,65,32,33,7,3,4,5,2,3,15,9,6,38,18,20
57127001,377,188,189,25,7,18,51,21,30,178,98,80,123,62,61
57129602,21,10,11,1,1,0,3,0,3,4,1,3,13,8,5
57129603,47,25,22,6,3,3,4,3,1,16,12,4,21,7,14
57129604,45,25,20,2,2,0,17,6,11,7,4,3,19,13,6
57130001,132,73,59,16,10,6,52,24,28,47,28,19,17,11,6
50503001,225,117,108,16,7,9,23,11,12,121,63,58,65,36,29
50430101,430,214,216,27,12,15,28,13,15,249,123,126,126,66,60
50495501,162,87,75,18,6,12,16,12,4,67,31,36,61,38,23
57137701,221,108,113,17,7,10,27,14,13,83,42,41,94,45,49
57138501,4193,1973,2220,292,117,175,441,184,257,1971,985,986,1489,687,802
57138502,25,12,13,5,3,2,3,1,2,13,6,7,4,2,2
57138503,72,40,32,4,2,2,6,3,3,39,21,18,23,14,9
57138504,258,133,125,22,8,14,16,5,11,155,85,70,65,35,30
57138505,46,20,26,6,3,3,10,4,6,23,10,13,7,3,4
57138506,140,64,76,15,9,6,10,4,6,55,25,30,60,26,34
57138507,35,21,14,3,1,2,3,1,2,18,12,6,11,7,4
3218930,0,0,0,0,0,0,0,0,0,0,0,0,0,0,0
3222880,0,0,0,0,0,0,0,0,0,0,0,0,0,0,0
57139302,569,297,272,57,21,36,103,51,52,224,126,98,185,99,86
57139303,107,57,50,4,1,3,27,14,13,32,20,12,44,22,22
57139304,266,134,132,21,12,9,30,15,15,137,67,70,78,40,38
57139305,261,134,127,23,9,14,79,39,40,104,56,48,55,30,25
57139306,262,143,119,21,9,12,34,15,19,120,71,49,87,48,39
57139308,2045,995,1050,167,68,99,390,163,227,850,447,403,638,317,321
57139309,83,40,43,3,1,2,10,5,5,39,18,21,31,16,15
57139310,929,433,496,100,38,62,121,46,75,383,187,196,325,162,163
57139312,123,54,69,2,0,2,20,11,9,65,27,38,36,16,20
57139313,650,347,303,49,33,16,140,63,77,236,125,111,225,126,99
57139314,78,38,40,7,2,5,14,6,8,38,18,20,19,12,7
57139315,756,386,370,70,32,38,129,65,64,336,178,158,221,111,110
57139316,3142,1446,1696,272,112,160,447,175,272,1372,673,699,1051,486,565
57140701,141,75,66,9,6,3,48,27,21,19,9,10,65,33,32
57140702,36,16,20,6,2,4,17,10,7,5,1,4,8,3,5
54779401,73,37,36,8,4,4,16,5,11,31,17,14,18,11,7
57144001,348,174,174,35,17,18,45,21,24,152,79,73,116,57,59
57144002,463,238,225,42,15,27,59,31,28,221,121,100,141,71,70
57145801,97,50,47,16,8,8,17,11,6,30,13,17,34,18,16
57145802,71,40,31,13,6,7,6,3,3,37,24,13,15,7,8
57146601,69,36,33,9,3,6,2,1,1,27,14,13,31,18,13
57146602,325,160,165,37,14,23,28,6,22,150,82,68,110,58,52
57146603,29,13,16,5,4,1,9,4,5,10,4,6,5,1,4
57147401,107,50,57,3,1,2,16,6,10,46,25,21,42,18,24
57147403,28,13,15,3,1,2,5,2,3,15,6,9,5,4,1
57147404,73,35,38,4,1,3,9,3,6,38,21,17,22,10,12
57147405,40,21,19,6,4,2,2,1,1,12,7,5,20,9,11
57147407,57,36,21,9,6,3,7,4,3,26,18,8,15,8,7
57147408,125,63,62,7,3,4,7,2,5,49,25,24,62,33,29
57148201,26,15,11,1,0,1,7,4,3,9,5,4,9,6,3
57148202,117,64,53,11,6,5,12,7,5,42,22,20,52,29,23
57149101,75,47,28,6,4,2,18,11,7,31,18,13,20,14,6
57149102,29,16,13,0,0,0,4,2,2,15,9,6,10,5,5
57149103,1580,802,778,100,47,53,228,100,128,716,340,376,536,315,221
57149104,21,11,10,0,0,0,5,2,3,12,6,6,4,3,1
57149105,268,133,135,16,7,9,44,20,24,106,52,54,102,54,48
57150401,333,168,165,22,8,14,29,13,16,148,75,73,134,72,62
57153901,241,120,121,25,12,13,28,11,17,82,45,37,106,52,54
57153902,135,64,71,12,4,8,13,8,5,74,39,35,36,13,23
57153903,2325,1132,1193,212,92,120,309,136,173,1109,574,535,695,330,365
57153904,319,169,150,20,6,14,34,16,18,148,86,62,117,61,56
57153905,74,40,34,6,4,2,12,4,8,26,15,11,30,17,13
57154701,20,9,11,1,1,0,0,0,0,15,7,8,4,1,3
57154702,78,41,37,6,2,4,6,2,4,41,22,19,25,15,10
57154703,692,343,349,45,26,19,57,21,36,330,163,167,260,133,127
57154704,103,54,49,5,2,3,10,6,4,51,23,28,37,23,14
57154705,43,21,22,1,1,0,3,1,2,26,13,13,13,6,7
57154706,212,107,105,4,1,3,18,8,10,118,65,53,72,33,39
57154707,45,21,24,4,2,2,3,1,2,26,15,11,12,3,9
0543560,0,0,0,0,0,0,0,0,0,0,0,0,0,0,0
0543990,0,0,0,0,0,0,0,0,0,0,0,0,0,0,0
1987730,0,0,0,0,0,0,0,0,0,0,0,0,0,0,0
3298510,0,0,0,0,0,0,0,0,0,0,0,0,0,0,0
57116401,110,57,53,4,2,2,10,4,6,75,39,36,21,12,9
57116402,222,125,97,18,10,8,32,15,17,95,59,36,77,41,36
57116403,601,300,301,51,20,31,56,31,25,276,143,133,218,106,112
57116404,172,89,83,13,7,6,23,12,11,92,47,45,44,23,21
57116405,693,418,275,47,24,23,51,27,24,276,168,108,319,199,120
57116406,1332,628,704,104,52,52,110,41,69,713,343,370,405,192,213
57116408,528,252,276,38,17,21,49,23,26,287,139,148,154,73,81
57116409,51,23,28,2,0,2,7,2,5,32,14,18,10,7,3
57116410,1588,769,819,114,49,65,248,106,142,808,405,403,418,209,209
57116411,586,274,312,41,19,22,56,23,33,326,158,168,163,74,89
57116412,933,477,456,71,33,38,87,44,43,513,270,243,262,130,132
57116413,182,83,99,16,6,10,20,4,16,100,54,46,46,19,27
57116414,81,42,39,12,8,4,2,0,2,40,19,21,27,15,12
57116415,34,15,19,10,5,5,2,0,2,14,7,7,8,3,5
57116416,1235,601,634,85,37,48,109,48,61,662,325,337,379,191,188
57116417,1376,637,739,118,44,74,98,39,59,715,344,371,445,210,235
57116418,3279,1516,1763,255,92,163,357,132,225,1734,860,874,933,432,501
57116419,93,51,42,5,3,2,13,5,8,53,30,23,22,13,9
57116420,162,69,93,10,5,5,48,15,33,87,39,48,17,10,7
57116421,30,19,11,2,1,1,0,0,0,17,10,7,11,8,3
57116422,281,153,128,23,12,11,15,7,8,169,96,73,74,38,36
57116423,235,125,110,11,4,7,22,9,13,106,57,49,96,55,41
57116424,1094,541,553,92,41,51,92,35,57,607,310,297,303,155,148
57116425,92,69,23,17,15,2,34,27,7,22,13,9,19,14,5
57116426,1575,772,803,137,62,75,115,43,72,796,401,395,527,266,261
57116427,974,452,522,70,26,44,77,36,41,536,265,271,291,125,166
57116428,923,449,474,60,30,30,123,52,71,496,248,248,244,119,125
57116429,757,338,419,40,22,18,79,32,47,376,185,191,262,99,163
57116430,88,45,43,10,6,4,5,2,3,44,20,24,29,17,12
57116431,815,405,410,64,29,35,69,35,34,486,242,244,196,99,97
57116432,214,101,113,26,16,10,24,8,16,118,54,64,46,23,23
57116433,2367,1151,1216,163,67,96,212,87,125,1312,674,638,680,323,357
57116434,170,92,78,16,7,9,36,21,15,82,47,35,36,17,19
54781601,446,218,228,32,15,17,207,97,110,74,40,34,133,66,67
57156301,209,98,111,16,8,8,20,8,12,117,52,65,56,30,26
57156302,50,25,25,5,1,4,0,0,0,26,13,13,19,11,8
57156303,66,29,37,5,1,4,2,2,0,22,10,12,37,16,21
57156304,31,20,11,0,0,0,9,5,4,8,7,1,14,8,6
57156305,66,34,32,9,4,5,1,0,1,36,18,18,20,12,8
57157101,77,42,35,10,4,6,32,20,12,9,5,4,26,13,13
57157102,29,19,10,2,1,1,17,11,6,6,5,1,4,2,2
57157103,662,330,332,59,27,32,284,137,147,148,77,71,171,89,82
57158001,249,124,125,14,8,6,66,28,38,74,43,31,95,45,50
57378701,327,172,155,20,8,12,18,7,11,189,105,84,100,52,48
57378702,71,33,38,2,2,0,4,3,1,44,21,23,21,7,14
57400701,135,69,66,19,6,13,19,7,12,65,39,26,32,17,15
57161001,690,353,337,49,21,28,70,38,32,370,194,176,201,100,101
57162801,312,158,154,27,10,17,26,12,14,164,93,71,95,43,52
57162802,48,20,28,3,1,2,4,2,2,26,10,16,15,7,8
57165202,79,43,36,9,4,5,5,3,2,40,21,19,25,15,10
57165203,74,35,39,5,1,4,6,2,4,27,13,14,36,19,17
57166101,74,36,38,15,6,9,15,8,7,30,13,17,14,9,5
57166102,43,22,21,5,5,0,10,4,6,14,5,9,14,8,6
57166103,953,493,460,79,39,40,231,112,119,341,187,154,302,155,147
57166104,114,60,54,8,5,3,28,13,15,31,16,15,47,26,21
57166105,195,92,103,26,10,16,57,24,33,48,29,19,64,29,35
54782401,30,15,15,1,0,1,2,1,1,16,8,8,11,6,5
54782402,93,48,45,5,2,3,25,10,15,23,14,9,40,22,18
50480701,54,28,26,1,0,1,6,3,3,41,22,19,6,3,3
50480702,242,114,128,21,11,10,11,6,5,138,61,77,72,36,36
57170901,150,75,75,3,3,0,19,8,11,71,39,32,57,25,32
57172501,84,49,35,10,7,3,16,9,7,30,18,12,28,15,13
57173301,114,62,52,13,7,6,31,14,17,41,21,20,29,20,9
57173302,26,14,12,2,1,1,3,2,1,11,6,5,10,5,5
57173304,26,13,13,1,0,1,4,1,3,12,9,3,9,3,6
54783201,146,71,75,14,9,5,52,21,31,35,19,16,45,22,23
54783202,103,48,55,11,7,4,20,9,11,29,10,19,43,22,21
54787501,121,67,54,2,0,2,17,10,7,51,30,21,51,27,24
54787502,124,58,66,6,2,4,16,8,8,49,26,23,53,22,31
57175001,152,79,73,7,5,2,12,5,7,85,45,40,48,24,24
57176801,430,220,210,26,10,16,35,15,20,200,106,94,169,89,80
57176802,234,112,122,12,2,10,26,8,18,116,58,58,80,44,36
57176803,115,55,60,9,4,5,8,3,5,54,31,23,44,17,27
57176805,49,20,29,1,1,0,2,1,1,28,11,17,18,7,11
57176806,40,22,18,2,1,1,11,5,6,17,11,6,10,5,5
57177601,228,113,115,12,4,8,31,11,20,101,52,49,84,46,38
57177602,88,39,49,6,0,6,4,2,2,38,17,21,40,20,20
57177603,41,20,21,4,0,4,12,2,10,19,14,5,6,4,2
57177604,75,38,37,8,5,3,27,10,17,18,9,9,22,14,8
57177605,27,13,14,8,3,5,8,3,5,9,6,3,2,1,1
57177606,1449,732,717,130,55,75,196,86,110,613,316,297,510,275,235
57177607,46,24,22,9,3,6,7,6,1,14,5,9,16,10,6
57177608,299,130,169,25,5,20,64,23,41,143,62,81,67,40,27
57177609,66,32,34,17,8,9,5,3,2,27,15,12,17,6,11
57177610,28,11,17,2,0,2,8,1,7,4,3,1,14,7,7
57177611,51,25,26,5,4,1,23,9,14,15,8,7,8,4,4
57177612,226,115,111,18,9,9,24,5,19,121,67,54,63,34,29
57182202,147,73,74,10,5,5,4,2,2,84,43,41,49,23,26
57182204,70,33,37,2,1,1,13,4,9,35,19,16,20,9,11
57182205,53,27,26,2,0,2,7,4,3,29,17,12,15,6,9
0959233,0,0,0,0,0,0,0,0,0,0,0,0,0,0,0
57183101,43,23,20,3,1,2,6,3,3,19,9,10,15,10,5
57183102,27,16,11,0,0,0,2,1,1,11,7,4,14,8,6
57183103,24,13,11,5,3,2,2,1,1,12,7,5,5,2,3
57183104,71,29,42,4,1,3,20,9,11,30,13,17,17,6,11
57183105,128,63,65,23,9,14,8,3,5,49,27,22,48,24,24
57183106,70,35,35,14,6,8,6,4,2,38,18,20,12,7,5
57183107,35,22,13,3,1,2,5,3,2,14,8,6,13,10,3
57183108,548,284,264,61,27,34,64,31,33,249,130,119,174,96,78
57183109,30,15,15,4,2,2,0,0,0,20,10,10,6,3,3
57183110,131,61,70,19,5,14,19,10,9,57,27,30,36,19,17
57183111,23,11,12,1,0,1,4,2,2,11,5,6,7,4,3
57183112,48,22,26,2,0,2,0,0,0,23,11,12,23,11,12
57183113,38,20,18,3,1,2,6,3,3,13,7,6,16,9,7
57183114,52,28,24,5,2,3,4,2,2,23,13,10,20,11,9
0970552,0,0,0,0,0,0,0,0,0,0,0,0,0,0,0
57185701,80,37,43,3,1,2,11,4,7,29,15,14,37,17,20
57185702,49,22,27,3,1,2,15,7,8,17,8,9,14,6,8
57185703,53,26,27,8,3,5,8,3,5,16,8,8,21,12,9
57185704,29,13,16,1,1,0,14,5,9,12,6,6,2,1,1
57185705,48,23,25,9,2,7,8,4,4,11,8,3,20,9,11
57185706,59,35,24,7,5,2,6,3,3,31,18,13,15,9,6
57185707,35,17,18,3,2,1,6,1,5,12,5,7,14,9,5
57187301,105,57,48,7,1,6,2,1,1,77,45,32,19,10,9
57187302,142,79,63,18,10,8,20,7,13,56,33,23,48,29,19
57187303,338,176,162,22,9,13,32,13,19,148,84,64,136,70,66
57187304,89,44,45,7,2,5,12,2,10,44,25,19,26,15,11
57187305,74,35,39,3,1,2,6,2,4,43,22,21,22,10,12
55484701,287,150,137,14,8,6,68,26,42,93,57,36,112,59,53
55484702,30,15,15,1,0,1,14,6,8,3,2,1,12,7,5
57189001,125,63,62,29,11,18,17,8,9,37,21,16,42,23,19
57190301,128,65,63,5,2,3,6,2,4,63,33,30,54,28,26
57190302,506,259,247,42,20,22,17,6,11,299,154,145,148,79,69
57191101,1202,577,625,73,30,43,155,69,86,558,280,278,416,198,218
57191103,34,17,17,6,1,5,3,2,1,15,9,6,10,5,5
57191104,62,36,26,4,3,1,3,0,3,34,22,12,21,11,10
57191105,161,83,78,10,7,3,18,10,8,87,44,43,46,22,24
57191106,39,19,20,12,5,7,2,1,1,17,8,9,8,5,3
57191107,73,41,32,6,4,2,12,7,5,25,12,13,30,18,12
57191108,55,28,27,4,1,3,3,1,2,35,18,17,13,8,5
57196201,771,400,371,51,22,29,61,27,34,421,217,204,238,134,104
57410401,193,101,92,6,1,5,18,11,7,108,53,55,61,36,25
55495201,276,159,117,33,16,17,56,28,28,79,54,25,108,61,47
57200401,44,25,19,4,0,4,11,6,5,15,11,4,14,8,6
57200402,196,93,103,14,8,6,50,24,26,83,39,44,49,22,27
57203901,40,20,20,7,2,5,2,2,0,6,2,4,25,14,11
57203902,44,21,23,4,0,4,6,3,3,24,14,10,10,4,6
57203903,162,89,73,18,12,6,18,7,11,77,44,33,49,26,23
57206301,251,134,117,18,12,6,71,36,35,69,41,28,93,45,48
3316600,0,0,0,0,0,0,0,0,0,0,0,0,0,0,0
57207101,1367,685,682,88,39,49,112,45,67,779,410,369,388,191,197
57208001,209,107,102,16,9,7,35,18,17,88,46,42,70,34,36
57208002,45,24,21,2,2,0,3,2,1,20,10,10,20,10,10
57208003,88,44,44,15,8,7,21,10,11,27,14,13,25,12,13
57208004,59,27,32,3,2,1,10,3,7,17,8,9,29,14,15
57208005,173,87,86,10,4,6,57,29,28,62,34,28,44,20,24
57208006,1029,511,518,91,37,54,263,120,143,338,181,157,337,173,164
57208007,389,196,193,33,15,18,86,38,48,144,79,65,126,64,62
57209801,91,50,41,11,2,9,2,1,1,46,28,18,32,19,13
57209802,38,21,17,1,1,0,9,4,5,6,4,2,22,12,10
57209803,60,28,32,3,1,2,6,4,2,22,9,13,29,14,15
57209804,595,289,306,66,28,38,79,31,48,264,139,125,186,91,95
57210101,361,189,172,38,22,16,81,47,34,98,47,51,144,73,71
57211001,214,120,94,16,6,10,26,9,17,81,45,36,91,60,31
55688201,61,28,33,5,3,2,7,1,6,29,14,15,20,10,10
55688202,609,300,309,49,18,31,64,26,38,307,156,151,189,100,89
55688203,161,76,85,28,14,14,25,12,13,51,23,28,57,27,30
57215201,76,37,39,4,3,1,43,21,22,14,5,9,15,8,7
57215202,70,37,33,7,4,3,6,2,4,22,11,11,35,20,15
57215203,207,113,94,16,9,7,66,35,31,63,33,30,62,36,26
57216101,69,31,38,4,1,3,9,3,6,26,12,14,30,15,15
57216102,127,62,65,12,4,8,9,3,6,70,37,33,36,18,18
57216103,1435,720,715,171,80,91,173,82,91,649,337,312,442,221,221
57217901,955,476,479,60,29,31,129,53,76,447,227,220,319,167,152
57217902,117,56,61,12,4,8,12,6,6,37,18,19,56,28,28
57217903,117,62,55,4,2,2,2,1,1,66,34,32,45,25,20
57217904,135,68,67,18,7,11,9,4,5,77,40,37,31,17,14
54780801,287,155,132,15,6,9,20,10,10,133,69,64,119,70,49
57221701,481,247,234,38,18,20,80,41,39,217,114,103,146,74,72
57222502,51,27,24,2,1,1,12,3,9,21,13,8,16,10,6
57222503,58,31,27,7,2,5,8,4,4,26,13,13,17,12,5
57222505,44,23,21,2,1,1,3,1,2,30,18,12,9,3,6
57222506,173,92,81,23,12,11,10,4,6,73,40,33,67,36,31
57222508,54,29,25,6,3,3,4,2,2,31,18,13,13,6,7
57222510,590,303,287,48,22,26,43,17,26,333,175,158,166,89,77
57222511,638,316,322,43,12,31,96,46,50,300,170,130,199,88,111
57222512,36,20,16,4,2,2,1,1,0,22,12,10,9,5,4
57222513,125,66,59,7,3,4,14,4,10,79,46,33,25,13,12
57222515,82,39,43,12,6,6,5,1,4,45,22,23,20,10,10
57222516,44,23,21,7,3,4,5,2,3,22,13,9,10,5,5
57224101,62,34,28,8,3,5,18,10,8,20,12,8,16,9,7
57224102,50,25,25,3,2,1,18,6,12,14,8,6,15,9,6
57224103,110,53,57,8,4,4,14,5,9,61,30,31,27,14,13
57224104,41,21,20,8,5,3,5,1,4,9,4,5,19,11,8
57224105,226,113,113,22,13,9,58,27,31,72,37,35,74,36,38
57224107,69,38,31,4,2,2,5,2,3,36,21,15,24,13,11
57224109,3675,1769,1906,338,153,185,575,234,341,1534,777,757,1228,605,623
57224110,152,81,71,10,4,6,27,9,18,61,34,27,54,34,20
57224111,62,31,31,3,2,1,15,7,8,12,6,6,32,16,16
57224113,176,93,83,15,6,9,33,13,20,73,42,31,55,32,23
57224114,107,55,52,8,4,4,11,4,7,40,23,17,48,24,24
57224115,177,91,86,18,8,10,30,15,15,85,47,38,44,21,23
57224116,129,61,68,13,6,7,25,12,13,56,25,31,35,18,17
57226801,99,48,51,1,0,1,9,8,1,57,28,29,32,12,20
57226802,46,23,23,2,2,0,5,3,2,22,13,9,17,5,12
57226803,46,24,22,2,1,1,3,2,1,26,12,14,15,9,6
57226804,3037,1528,1509,231,101,130,351,154,197,1531,766,765,924,507,417
57226805,490,247,243,48,18,30,38,20,18,287,148,139,117,61,56
57226806,251,125,126,24,10,14,17,6,11,127,64,63,83,45,38
57381701,131,63,68,21,12,9,8,3,5,64,30,34,38,18,20
57227601,54,28,26,4,2,2,5,3,2,27,15,12,18,8,10
57227602,388,198,190,23,9,14,62,31,31,206,103,103,97,55,42
57227603,581,291,290,45,20,25,60,29,31,297,153,144,179,89,90
54789101,364,177,187,40,21,19,44,21,23,144,67,77,136,68,68
57231401,58,29,29,7,3,4,12,5,7,25,13,12,14,8,6
57231402,103,52,51,11,6,5,27,12,15,26,17,9,39,17,22
57232201,36,16,20,4,2,2,11,3,8,9,6,3,12,5,7
57232202,371,188,183,44,22,22,119,57,62,84,42,42,124,67,57
57232203,44,27,17,8,6,2,11,5,6,16,9,7,9,7,2
57233101,48,22,26,1,0,1,7,3,4,22,12,10,18,7,11
57233102,373,199,174,30,17,13,27,12,15,195,106,89,121,64,57
57234902,883,442,441,76,39,37,199,89,110,320,172,148,288,142,146
57238101,125,69,56,12,6,6,8,4,4,45,26,19,60,33,27
57238102,77,36,41,8,3,5,22,6,16,15,10,5,32,17,15
57238104,67,30,37,16,7,9,5,2,3,21,11,10,25,10,15
57238105,47,27,20,8,6,2,18,11,7,8,4,4,13,6,7
1680762,0,0,0,0,0,0,0,0,0,0,0,0,0,0,0
57239001,23,9,14,2,1,1,3,0,3,10,4,6,8,4,4
57239002,30,16,14,5,1,4,8,4,4,9,5,4,8,6,2
57239004,94,47,47,3,1,2,8,5,3,62,31,31,21,10,11
57239005,772,387,385,66,35,31,97,41,56,373,194,179,236,117,119
57240301,180,93,87,10,4,6,40,21,19,87,42,45,43,26,17
3388770,0,0,0,0,0,0,0,0,0,0,0,0,0,0,0
57241101,66,31,35,7,1,6,4,2,2,41,19,22,14,9,5
57241103,99,55,44,8,3,5,9,5,4,40,24,16,42,23,19
57241104,30,18,12,2,1,1,6,4,2,18,11,7,4,2,2
57241105,70,34,36,9,5,4,5,2,3,32,18,14,24,9,15
57241107,2506,1245,1261,251,125,126,213,76,137,1207,628,579,835,416,419
57241109,133,71,62,11,4,7,31,11,20,61,39,22,30,17,13
50492101,299,152,147,24,10,14,18,10,8,139,73,66,118,59,59
57242001,614,306,308,52,22,30,68,28,40,307,161,146,187,95,92
53069701,94,52,42,6,4,2,15,6,9,43,28,15,30,14,16
53069702,46,23,23,3,2,1,0,0,0,23,13,10,20,8,12
57244601,460,224,236,19,9,10,43,16,27,253,125,128,145,74,71
57245402,40,19,21,3,0,3,5,1,4,23,11,12,9,7,2
57245403,271,137,134,25,8,17,32,16,16,124,67,57,90,46,44
57246201,59,31,28,2,0,2,6,2,4,41,21,20,10,8,2
57246202,63,31,32,4,1,3,10,5,5,34,19,15,15,6,9
57246203,37,20,17,6,2,4,1,1,0,21,12,9,9,5,4
57246204,280,142,138,38,18,20,44,18,26,104,56,48,94,50,44
57246206,37,18,19,1,0,1,10,4,6,16,11,5,10,3,7
57246207,54,27,27,3,2,1,19,8,11,7,5,2,25,12,13
57247101,287,141,146,22,7,15,25,10,15,153,79,74,87,45,42
57249701,94,51,43,14,8,6,15,7,8,38,22,16,27,14,13
57249702,355,172,183,22,8,14,44,17,27,159,76,83,130,71,59
57250101,364,191,173,19,13,6,126,62,64,71,35,36,148,81,67
57250102,26,11,15,3,2,1,3,1,2,4,1,3,16,7,9
57252701,26,15,11,1,1,0,11,6,5,10,5,5,4,3,1
57252702,196,88,108,15,7,8,37,17,20,54,28,26,90,36,54
57253502,49,23,26,4,1,3,9,3,6,20,12,8,16,7,9
57253503,37,19,18,2,0,2,5,2,3,18,9,9,12,8,4
57253504,268,136,132,22,8,14,36,13,23,149,88,61,61,27,34
57254301,24,13,11,1,1,0,7,4,3,3,2,1,13,6,7
57254302,30,16,14,0,0,0,4,3,1,17,8,9,9,5,4
57254303,95,46,49,8,4,4,10,4,6,43,20,23,34,18,16
57255101,74,39,35,7,3,4,4,2,2,32,17,15,31,17,14
57255102,139,67,72,9,4,5,27,12,15,44,23,21,59,28,31
57255103,347,178,169,25,8,17,44,19,25,142,78,64,136,73,63
57255105,46,22,24,9,3,6,3,1,2,32,16,16,2,2,0
57255106,31,18,13,5,2,3,7,4,3,10,6,4,9,6,3
57255109,35,21,14,5,3,2,5,3,2,21,12,9,4,3,1
54784101,65,33,32,2,1,1,10,5,5,33,20,13,20,7,13
54784102,151,71,80,16,8,8,7,3,4,79,33,46,49,27,22
57257802,1025,531,494,82,40,42,88,44,44,507,265,242,348,182,166
54785901,96,52,44,7,2,5,12,7,5,53,27,26,24,16,8
57387601,265,127,138,13,9,4,61,25,36,68,30,38,123,63,60
57409102,140,68,72,16,7,9,19,8,11,70,35,35,35,18,17
57264101,30,17,13,3,0,3,2,1,1,18,11,7,7,5,2
57264103,234,123,111,29,12,17,36,17,19,85,47,38,84,47,37
57472401,289,143,146,13,5,8,11,6,5,172,79,93,93,53,40
57474101,342,175,167,22,11,11,25,12,13,186,95,91,109,57,52
57478301,286,137,149,20,6,14,17,8,9,161,81,80,88,42,46
57479101,40,22,18,5,2,3,3,0,3,22,13,9,10,7,3
57479102,187,91,96,7,4,3,11,4,7,91,45,46,78,38,40
57480501,1028,525,503,73,25,48,58,23,35,596,324,272,301,153,148
57480502,49,24,25,6,2,4,4,1,3,28,15,13,11,6,5
57481301,240,118,122,20,10,10,18,8,10,125,64,61,77,36,41
57482101,88,40,48,3,2,1,12,5,7,38,16,22,35,17,18
57483001,252,119,133,15,5,10,42,16,26,121,63,58,74,35,39
57483002,130,63,67,11,5,6,20,9,11,71,38,33,28,11,17
57484801,261,133,128,29,12,17,24,9,15,155,86,69,53,26,27
57484802,124,61,63,13,5,8,11,6,5,75,36,39,25,14,11
57484803,838,433,405,86,38,48,94,48,46,404,215,189,254,132,122
57484804,94,44,50,8,2,6,10,5,5,49,27,22,27,10,17
57484805,212,105,107,24,11,13,14,9,5,129,65,64,45,20,25
57484806,157,81,76,18,9,9,20,9,11,75,44,31,44,19,25
57279901,221,110,111,11,6,5,12,5,7,141,69,72,57,30,27
0195770,0,0,0,0,0,0,0,0,0,0,0,0,0,0,0
57485602,67,38,29,1,1,0,1,0,1,43,21,22,22,16,6
57485603,1118,556,562,64,31,33,73,37,36,684,335,349,297,153,144
57486401,448,234,214,18,4,14,40,19,21,238,128,110,152,83,69
57289601,688,342,346,35,16,19,29,13,16,448,231,217,176,82,94
57489901,1698,885,813,105,39,66,138,84,54,924,482,442,531,280,251
57489902,95,53,42,3,2,1,15,7,8,51,31,20,26,13,13
57489903,25,14,11,2,1,1,2,0,2,13,8,5,8,5,3
57489904,178,94,84,16,7,9,17,7,10,94,53,41,51,27,24
57489905,173,91,82,14,8,6,13,7,6,91,46,45,55,30,25
57489906,42,24,18,1,1,0,1,0,1,30,17,13,10,6,4
57490201,395,205,190,27,11,16,14,7,7,222,119,103,132,68,64
57491101,879,423,456,80,30,50,63,26,37,452,231,221,284,136,148
57491102,610,307,303,54,23,31,61,27,34,274,147,127,221,110,111
57491103,214,108,106,14,6,8,24,11,13,105,56,49,71,35,36
57491104,290,150,140,24,11,13,24,8,16,164,89,75,78,42,36
57492901,982,475,507,46,21,25,55,23,32,617,299,318,264,132,132
57495301,588,291,297,39,21,18,38,14,24,319,167,152,192,89,103
57297701,318,151,167,35,14,21,23,10,13,195,96,99,65,31,34
57496101,265,131,134,15,5,10,19,9,10,171,89,82,60,28,32
3124360,0,0,0,0,0,0,0,0,0,0,0,0,0,0,0
57498802,1193,594,599,106,48,58,90,40,50,630,321,309,367,185,182
57498803,128,62,66,5,1,4,7,4,3,70,38,32,46,19,27
57498804,253,121,132,12,6,6,18,5,13,151,75,76,72,35,37
57498805,95,53,42,9,5,4,8,4,4,45,26,19,33,18,15
57498806,487,239,248,25,10,15,38,17,21,288,144,144,136,68,68
57498807,180,91,89,12,7,5,13,3,10,121,64,57,34,17,17
57498808,1793,876,917,102,40,62,138,55,83,974,496,478,579,285,294
57498809,2306,1093,1213,157,68,89,178,78,100,1226,620,606,745,327,418
57498810,31,17,14,6,2,4,1,0,1,14,8,6,10,7,3
57498811,36,17,19,6,3,3,2,1,1,17,8,9,11,5,6
57498812,188,102,86,17,7,10,24,12,12,101,57,44,46,26,20
57498813,55,31,24,5,3,2,1,1,0,35,18,17,14,9,5
57301901,62,31,31,3,1,2,6,3,3,36,18,18,17,9,8
57499601,139,75,64,11,4,7,10,5,5,83,45,38,35,21,14
57499602,1898,941,957,147,71,76,227,97,130,954,484,470,570,289,281
57501101,1023,522,501,63,28,35,55,28,27,551,286,265,354,180,174
3313500,0,0,0,0,0,0,0,0,0,0,0,0,0,0,0
57504601,230,105,125,10,5,5,13,5,8,131,63,68,76,32,44
57505402,1116,540,576,66,29,37,93,33,60,633,314,319,324,164,160
57505404,58,32,26,3,0,3,4,3,1,29,17,12,22,12,10
57506201,359,186,173,16,5,11,6,3,3,235,120,115,102,58,44
57276401,108,50,58,10,4,6,5,2,3,50,20,30,43,24,19
3308410,0,0,0,0,0,0,0,0,0,0,0,0,0,0,0
57507101,118,57,61,7,3,4,11,6,5,55,26,29,45,22,23
57507102,2666,1306,1360,134,64,70,180,69,111,1512,746,766,840,427,413
57507103,22,10,12,3,1,2,0,0,0,7,3,4,12,6,6
57508901,727,376,351,54,28,26,94,43,51,343,174,169,236,131,105
57509701,207,104,103,17,7,10,11,3,8,108,63,45,71,31,40
57510101,150,75,75,20,12,8,20,7,13,74,34,40,36,22,14
57510102,94,49,45,5,2,3,7,3,4,48,26,22,34,18,16
57510103,79,40,39,4,1,3,4,0,4,38,24,14,33,15,18
57511901,219,103,116,11,4,7,12,6,6,126,60,66,70,33,37
57512701,136,72,64,3,1,2,8,3,5,80,43,37,45,25,20
57512702,27,14,13,3,2,1,0,0,0,13,8,5,11,4,7
57513501,237,125,112,12,6,6,17,8,9,127,65,62,81,46,35
57514301,388,201,187,27,15,12,26,11,15,236,122,114,99,53,46
57515101,125,58,67,3,3,0,8,2,6,67,31,36,47,22,25
57515102,72,40,32,2,0,2,0,0,0,48,27,21,22,13,9
57517801,117,61,56,10,5,5,10,4,6,68,33,35,29,19,10
57517802,337,162,175,12,5,7,22,10,12,161,77,84,142,70,72
57517803,108,58,50,9,4,5,3,0,3,60,35,25,36,19,17
57517804,59,24,35,7,3,4,9,4,5,23,10,13,20,7,13
57519401,430,226,204,14,8,6,12,3,9,238,131,107,166,84,82
57523201,547,283,264,32,12,20,47,23,24,306,165,141,162,83,79
57286101,226,124,102,9,4,5,9,5,4,106,57,49,102,58,44
57351501,345,190,155,21,8,13,19,9,10,188,107,81,117,66,51
57525901,237,112,125,13,8,5,12,6,6,131,62,69,81,36,45
57284501,136,73,63,17,11,6,16,10,6,58,29,29,45,23,22
57476701,3407,1695,1712,213,93,120,301,138,163,1899,982,917,994,482,512
57530501,647,333,314,46,22,24,26,14,12,398,204,194,177,93,84
57531301,344,172,172,23,12,11,35,10,25,190,97,93,96,53,43
57531302,73,41,32,5,4,1,6,4,2,40,21,19,22,12,10
57533002,58,32,26,4,2,2,0,0,0,28,17,11,26,13,13
57533003,103,55,48,3,1,2,7,4,3,76,41,35,17,9,8
57280201,124,60,64,13,7,6,11,2,9,72,38,34,28,13,15
57537201,260,137,123,33,17,16,13,6,7,156,84,72,58,30,28
57537202,42,21,21,4,1,3,0,0,0,18,10,8,20,10,10
57537203,1008,493,515,65,38,27,79,32,47,568,275,293,296,148,148
57537204,35,21,14,2,1,1,1,0,1,24,14,10,8,6,2
57538101,178,84,94,9,4,5,14,7,7,90,41,49,65,32,33
57303501,83,40,43,8,3,5,13,3,10,40,20,20,22,14,8
57539901,56,29,27,3,2,1,3,2,1,32,18,14,18,7,11
57539902,95,51,44,5,3,2,7,4,3,55,26,29,28,18,10
57539903,1103,527,576,93,31,62,91,26,65,576,296,280,343,174,169
57539904,148,69,79,7,4,3,12,4,8,106,49,57,23,12,11
57539905,231,118,113,9,3,6,22,10,12,130,68,62,70,37,33
57539906,130,65,65,6,2,4,10,4,6,60,31,29,54,28,26
57539907,21,11,10,2,1,1,0,0,0,15,8,7,4,2,2
57287001,581,296,285,45,21,24,47,22,25,366,194,172,123,59,64
57287002,180,101,79,12,8,4,16,11,5,108,57,51,44,25,19
57307801,76,41,35,3,2,1,4,3,1,43,22,21,26,14,12
57307802,90,43,47,13,8,5,1,0,1,59,29,30,17,6,11
3309490,0,0,0,0,0,0,0,0,0,0,0,0,0,0,0
57542901,2195,1082,1113,191,89,102,129,60,69,1297,640,657,578,293,285
57542902,591,293,298,34,14,20,29,12,17,364,192,172,164,75,89
57543701,67,33,34,2,0,2,2,0,2,29,16,13,34,17,17
57543702,1028,511,517,66,29,37,59,27,32,563,285,278,340,170,170
57544501,724,361,363,70,31,39,66,27,39,359,183,176,229,120,109
57544502,168,88,80,22,13,9,6,3,3,83,42,41,57,30,27
1179010,0,0,0,0,0,0,0,0,0,0,0,0,0,0,0
3290880,0,0,0,0,0,0,0,0,0,0,0,0,0,0,0
57471601,1471,997,474,71,43,28,80,47,33,399,261,138,921,646,275
57471602,85,38,47,2,1,1,2,1,1,54,24,30,27,12,15
57471603,26,12,14,4,1,3,0,0,0,13,7,6,9,4,5
57471604,251,130,121,19,15,4,19,10,9,152,72,80,61,33,28
57471605,227,109,118,27,13,14,18,8,10,110,57,53,72,31,41
57471606,1246,606,640,116,56,60,145,60,85,611,292,319,374,198,176
57471607,2324,1121,1203,200,89,111,277,118,159,1160,560,600,687,354,333
57471608,2402,1126,1276,199,88,111,190,94,96,1151,554,597,862,390,472
57471610,20,12,8,2,2,0,3,2,1,7,5,2,8,3,5
57471612,5980,2992,2988,527,245,282,534,261,273,3206,1613,1593,1713,873,840
57471613,2453,1180,1273,216,85,131,200,90,110,1340,652,688,697,353,344
57471614,4443,2210,2233,369,176,193,425,207,218,2305,1148,1157,1344,679,665
3223690,0,0,0,0,0,0,0,0,0,0,0,0,0,0,0
55512601,30,20,10,2,1,1,1,1,0,20,13,7,7,5,2
55512602,302,145,157,16,7,9,29,15,14,189,90,99,68,33,35
55512603,204,107,97,12,7,5,22,9,13,120,63,57,50,28,22
55512604,1545,768,777,145,70,75,101,41,60,830,429,401,469,228,241
55512606,3281,1521,1760,280,113,167,330,147,183,1765,834,931,906,427,479
55512607,2660,1387,1273,212,101,111,223,103,120,1364,672,692,861,511,350
55512608,3728,1742,1986,323,139,184,361,166,195,1953,914,1039,1091,523,568
55512609,555,292,263,74,38,36,48,21,27,245,129,116,188,104,84
55512611,2487,1175,1312,210,92,118,210,80,130,1357,652,705,710,351,359
55512612,3272,1520,1752,264,110,154,287,113,174,1734,831,903,987,466,521
3290450,0,0,0,0,0,0,0,0,0,0,0,0,0,0,0
55706402,618,618,0,78,78,0,103,103,0,245,245,0,192,192,0
55706403,100,59,41,12,6,6,7,3,4,55,32,23,26,18,8
55706404,1760,847,913,156,73,83,170,80,90,981,487,494,453,207,246
55706406,1961,896,1065,162,63,99,205,86,119,1070,498,572,524,249,275
55706407,335,204,131,47,27,20,17,9,8,30,16,14,241,152,89
55706408,8003,3776,4227,613,237,376,652,249,403,4640,2294,2346,2098,996,1102
55706410,458,232,226,30,15,15,53,23,30,284,143,141,91,51,40
55706411,1327,640,687,92,37,55,114,57,57,762,379,383,359,167,192
55706412,713,327,386,67,34,33,72,27,45,370,179,191,204,87,117
1178112,0,0,0,0,0,0,0,0,0,0,0,0,0,0,0
3181831,0,0,0,0,0,0,0,0,0,0,0,0,0,0,0
3181832,0,0,0,0,0,0,0,0,0,0,0,0,0,0,0
3213380,0,0,0,0,0,0,0,0,0,0,0,0,0,0,0
3317240,0,0,0,0,0,0,0,0,0,0,0,0,0,0,0
3317320,0,0,0,0,0,0,0,0,0,0,0,0,0,0,0
55509601,962,486,476,67,33,34,60,26,34,552,285,267,283,142,141
55509602,103,57,46,11,5,6,5,2,3,63,36,27,24,14,10
55509603,364,179,185,23,11,12,31,14,17,193,93,100,117,61,56
55509604,215,108,107,17,9,8,18,7,11,119,60,59,61,32,29
55509606,47,26,21,0,0,0,8,3,5,15,10,5,24,13,11
55509607,1228,600,628,97,43,54,71,36,35,732,374,358,328,147,181
55509608,66,34,32,6,3,3,3,2,1,42,22,20,15,7,8
55509609,22,9,13,4,0,4,1,0,1,11,7,4,6,2,4
55509610,38,24,14,2,1,1,0,0,0,23,13,10,13,10,3
55509611,1522,762,760,117,51,66,151,70,81,918,471,447,336,170,166
55509612,445,221,224,33,9,24,26,11,15,247,126,121,139,75,64
55509613,220,106,114,32,10,22,30,12,18,94,47,47,64,37,27
0322552,0,0,0,0,0,0,0,0,0,0,0,0,0,0,0
1177490,0,0,0,0,0,0,0,0,0,0,0,0,0,0,0
1180872,0,0,0,0,0,0,0,0,0,0,0,0,0,0,0
55707201,677,338,339,72,39,33,46,23,23,345,165,180,214,111,103
55707202,582,288,294,48,20,28,44,21,23,339,178,161,151,69,82
55707203,231,138,93,26,11,15,22,17,5,103,68,35,80,42,38
55707205,580,284,296,45,22,23,25,12,13,376,190,186,134,60,74
55707207,3884,1943,1941,340,149,191,341,162,179,2001,1011,990,1202,621,581
55707208,1660,788,872,183,84,99,125,57,68,932,443,489,420,204,216
55707210,5306,2511,2795,453,196,257,405,161,244,2976,1442,1534,1472,712,760
55707211,396,200,196,37,18,19,30,12,18,228,117,111,101,53,48
55707212,3189,1499,1690,290,135,155,279,114,165,1705,811,894,915,439,476
1180520,0,0,0,0,0,0,0,0,0,0,0,0,0,0,0
1180610,0,0,0,0,0,0,0,0,0,0,0,0,0,0,0
1180790,0,0,0,0,0,0,0,0,0,0,0,0,0,0,0
3290290,0,0,0,0,0,0,0,0,0,0,0,0,0,0,0
3317590,0,0,0,0,0,0,0,0,0,0,0,0,0,0,0
55510001,433,215,218,28,14,14,35,14,21,240,118,122,130,69,61
55510002,249,123,126,17,6,11,12,7,5,142,71,71,78,39,39
55510003,121,80,41,22,11,11,10,6,4,34,21,13,55,42,13
55510004,3944,1940,2004,255,118,137,316,150,166,2362,1175,1187,1011,497,514
55510006,1164,594,570,76,32,44,79,44,35,690,351,339,319,167,152
55510007,472,231,241,38,17,21,32,12,20,270,141,129,132,61,71
1180100,0,0,0,0,0,0,0,0,0,0,0,0,0,0,0
1412161,0,0,0,0,0,0,0,0,0,0,0,0,0,0,0
3213200,0,0,0,0,0,0,0,0,0,0,0,0,0,0,0
55511801,2124,1099,1025,142,72,70,139,68,71,1146,565,581,697,394,303
55511803,1236,618,618,99,43,56,112,62,50,718,361,357,307,152,155
55511804,870,407,463,87,31,56,54,17,37,507,254,253,222,105,117
55511805,641,324,317,61,34,27,52,23,29,398,203,195,130,64,66
55511806,1514,728,786,117,52,65,106,42,64,893,435,458,398,199,199
55511807,481,243,238,23,9,14,32,18,14,300,149,151,126,67,59
55511809,91,71,20,13,12,1,3,3,0,15,12,3,60,44,16
57502001,275,133,142,8,4,4,13,6,7,146,71,75,108,52,56
57294201,110,57,53,9,3,6,21,13,8,60,34,26,20,7,13
57546101,280,151,129,15,6,9,11,3,8,165,93,72,89,49,40
57547001,120,63,57,11,5,6,0,0,0,66,34,32,43,24,19
57295101,159,77,82,12,8,4,12,3,9,94,45,49,41,21,20
57285301,113,59,54,9,3,6,1,1,0,62,33,29,41,22,19
1346190,0,0,0,0,0,0,0,0,0,0,0,0,0,0,0
3389150,0,0,0,0,0,0,0,0,0,0,0,0,0,0,0
57550001,22,11,11,0,0,0,1,0,1,10,5,5,11,6,5
57550002,162,76,86,11,6,5,9,3,6,92,44,48,50,23,27
57550003,169,85,84,15,4,11,7,3,4,95,54,41,52,24,28
57550004,94,49,45,5,3,2,12,7,5,41,18,23,36,21,15
57550005,276,139,137,13,7,6,11,5,6,166,87,79,86,40,46
57550006,190,88,102,9,2,7,5,2,3,116,57,59,60,27,33
57550007,133,68,65,11,3,8,10,7,3,87,48,39,25,10,15
57550008,70,40,30,8,2,6,3,2,1,32,21,11,27,15,12
57550009,171,85,86,14,6,8,17,8,9,94,51,43,46,20,26
57550010,934,450,484,82,39,43,69,34,35,496,239,257,287,138,149
57550011,2005,978,1027,161,75,86,131,68,63,1098,519,579,615,316,299
57550013,1157,610,547,62,26,36,78,41,37,539,282,257,478,261,217
57550014,1805,853,952,107,48,59,169,62,107,872,440,432,657,303,354
57550015,1401,683,718,75,32,43,112,56,56,806,411,395,408,184,224
57550016,366,192,174,16,7,9,22,9,13,197,103,94,131,73,58
57550017,321,214,107,31,19,12,21,12,9,77,52,25,192,131,61
57551801,219,111,108,28,14,14,10,4,6,104,57,47,77,36,41
57552601,81,43,38,11,8,3,16,8,8,29,17,12,25,10,15
57553401,575,293,282,32,10,22,34,14,20,289,142,147,220,127,93
57555101,592,287,305,40,17,23,63,28,35,276,137,139,213,105,108
57556901,259,137,122,11,6,5,15,8,7,125,66,59,108,57,51
57557701,168,86,82,7,2,5,15,8,7,102,50,52,44,26,18
57557702,37,22,15,1,0,1,9,6,3,23,14,9,4,2,2
57557703,45,22,23,1,1,0,10,4,6,30,15,15,4,2,2
57557704,625,330,295,57,31,26,57,28,29,328,179,149,183,92,91
3310740,0,0,0,0,0,0,0,0,0,0,0,0,0,0,0
57559301,1345,638,707,92,34,58,73,33,40,756,366,390,424,205,219
57560701,216,114,102,16,6,10,20,7,13,105,61,44,75,40,35
57560702,1128,558,570,86,39,47,72,33,39,628,307,321,342,179,163
57561501,144,71,73,7,3,4,10,5,5,89,44,45,38,19,19
57562301,594,291,303,47,23,24,58,21,37,311,154,157,178,93,85
57564001,111,51,60,11,5,6,30,15,15,38,17,21,32,14,18
57564002,193,96,97,7,3,4,31,14,17,120,60,60,35,19,16
57564003,64,36,28,8,4,4,11,6,5,34,19,15,11,7,4
57564004,128,68,60,5,2,3,7,3,4,70,39,31,46,24,22
57564006,171,87,84,15,5,10,10,6,4,100,51,49,46,25,21
57564007,2754,1378,1376,180,77,103,251,108,143,1514,772,742,809,421,388
57564008,92,42,50,4,2,2,4,1,3,55,27,28,29,12,17
57564009,29,17,12,0,0,0,1,1,0,20,12,8,8,4,4
57564010,161,77,84,13,4,9,14,4,10,102,53,49,32,16,16
57564011,384,196,188,36,15,21,50,30,20,198,103,95,100,48,52
57565801,27,16,11,0,0,0,3,0,3,17,12,5,7,4,3
57565802,40,21,19,2,1,1,1,0,1,19,10,9,18,10,8
57565803,26,9,17,1,0,1,1,0,1,18,7,11,6,2,4
57565804,331,172,159,25,10,15,22,6,16,193,104,89,91,52,39
57566601,284,154,130,13,4,9,15,5,10,162,92,70,94,53,41
57302701,115,61,54,1,1,0,15,9,6,60,31,29,39,20,19
57419801,587,296,291,29,8,21,75,44,31,335,170,165,148,74,74
57568201,224,110,114,6,1,5,19,10,9,114,56,58,85,43,42
57568202,145,76,69,6,2,4,11,6,5,92,49,43,36,19,17
57568203,1316,652,664,102,43,59,80,34,46,808,407,401,326,168,158
55371901,827,416,411,50,27,23,42,20,22,504,250,254,231,119,112
57570401,433,233,200,34,13,21,31,16,15,258,143,115,110,61,49
57570402,83,38,45,9,4,5,9,3,6,56,26,30,9,5,4
57570403,261,132,129,11,6,5,12,5,7,155,79,76,83,42,41
57570404,80,41,39,5,2,3,5,2,3,67,37,30,3,0,3
57570405,1093,536,557,81,32,49,83,40,43,656,322,334,273,142,131
57571201,477,247,230,44,21,23,42,18,24,257,141,116,134,67,67
57572101,648,353,295,46,25,21,45,17,28,318,170,148,239,141,98
57573901,808,412,396,64,28,36,51,19,32,461,244,217,232,121,111
57293401,282,149,133,20,11,9,10,4,6,174,94,80,78,40,38
57575501,216,105,111,24,8,16,16,7,9,122,66,56,54,24,30
57576301,325,167,158,31,16,15,45,20,25,120,62,58,129,69,60
57577101,59,27,32,4,1,3,3,1,2,38,18,20,14,7,7
57577102,59,32,27,0,0,0,2,2,0,35,18,17,22,12,10
57577103,336,171,165,25,11,14,26,10,16,178,94,84,107,56,51
57577104,42,20,22,2,2,0,4,2,2,19,9,10,17,7,10
57578001,51,27,24,5,1,4,4,2,2,30,17,13,12,7,5
57578002,203,101,102,9,2,7,7,3,4,125,64,61,62,32,30
57578003,22,12,10,3,1,2,0,0,0,18,10,8,1,1,0
57581001,177,92,85,9,3,6,6,2,4,101,52,49,61,35,26
3308500,0,0,0,0,0,0,0,0,0,0,0,0,0,0,0
53079401,209,98,111,7,2,5,19,6,13,135,66,69,48,24,24
57582801,38,14,24,6,3,3,4,0,4,5,2,3,23,9,14
57582802,58,34,24,2,1,1,2,1,1,34,20,14,20,12,8
57582803,126,67,59,12,6,6,5,0,5,80,45,35,29,16,13
57298501,272,135,137,29,13,16,40,17,23,149,82,67,54,23,31
57584401,47,21,26,5,4,1,1,0,1,30,13,17,11,4,7
57584402,31,16,15,4,3,1,3,2,1,20,8,12,4,3,1
57584403,212,107,105,9,5,4,18,7,11,106,56,50,79,39,40
57587901,296,153,143,16,8,8,18,9,9,151,73,78,111,63,48
57588701,298,150,148,19,7,12,9,3,6,197,103,94,73,37,36
57590901,233,111,122,13,7,6,8,1,7,132,67,65,80,36,44
57288801,207,101,106,20,10,10,25,10,15,108,53,55,54,28,26
57591701,63,32,31,4,1,3,7,2,5,32,16,16,20,13,7
57592501,450,223,227,17,10,7,13,7,6,277,134,143,143,72,71
57593301,132,73,59,5,2,3,6,3,3,78,41,37,43,27,16
57594101,476,233,243,33,11,22,37,18,19,298,148,150,108,56,52
57596801,356,179,177,23,11,12,17,5,12,189,98,91,127,65,62
57598401,311,150,161,31,18,13,32,12,20,152,80,72,96,40,56
57599201,315,156,159,14,6,8,40,17,23,161,79,82,100,54,46
57599202,52,25,27,12,5,7,1,0,1,15,7,8,24,13,11
57600001,428,204,224,45,19,26,47,24,23,211,107,104,125,54,71
57601801,249,127,122,22,10,12,16,7,9,146,78,68,65,32,33
1922521,0,0,0,0,0,0,0,0,0,0,0,0,0,0,0
57602601,133,72,61,6,2,4,2,1,1,74,42,32,51,27,24
57602602,476,231,245,42,11,31,38,19,19,252,136,116,144,65,79
57604201,120,68,52,10,4,6,7,3,4,65,38,27,38,23,15
57605101,150,72,78,12,6,6,8,3,5,101,49,52,29,14,15
57605102,153,71,82,9,6,3,10,4,6,94,40,54,40,21,19
57605103,642,312,330,39,19,20,79,34,45,332,175,157,192,84,108
57256001,280,136,144,21,9,12,54,22,32,93,49,44,112,56,56
57258601,417,199,218,56,22,34,64,21,43,177,85,92,120,71,49
57258602,68,36,32,7,2,5,5,2,3,29,16,13,27,16,11
50539101,242,121,121,30,15,15,29,14,15,113,58,55,70,34,36
50539102,34,17,17,6,3,3,11,5,6,8,4,4,9,5,4
50539103,55,29,26,10,3,7,9,4,5,24,18,6,12,4,8
57777401,374,171,203,19,9,10,46,23,23,181,83,98,128,56,72
57430901,128,65,63,8,5,3,42,17,25,41,23,18,37,20,17
57430902,39,23,16,9,6,3,7,3,4,15,10,5,8,4,4
57251901,432,216,216,36,12,24,45,15,30,186,103,83,165,86,79
57251902,38,23,15,5,3,2,5,3,2,14,8,6,14,9,5
57781201,133,71,62,23,11,12,44,23,21,32,17,15,34,20,14
57782101,111,53,58,6,2,4,30,11,19,43,26,17,32,14,18
57783901,71,35,36,3,2,1,18,8,10,16,8,8,34,17,17
57783902,847,424,423,70,37,33,210,100,110,259,125,134,308,162,146
57783903,79,40,39,7,1,6,15,5,10,34,24,10,23,10,13
57263201,44,18,26,7,3,4,2,2,0,21,8,13,14,5,9
57263202,101,58,43,10,5,5,11,5,6,55,32,23,25,16,9
57263203,20,11,9,4,3,1,0,0,0,13,5,8,3,3,0
57786301,391,181,210,28,10,18,81,29,52,170,83,87,112,59,53
57786302,68,36,32,5,2,3,4,3,1,32,17,15,27,14,13
57786303,145,72,73,17,7,10,16,6,10,77,44,33,35,15,20
57786304,583,288,295,45,22,23,80,34,46,244,130,114,214,102,112
57786305,24,17,7,3,2,1,2,2,0,9,6,3,10,7,3
57787101,260,134,126,15,5,10,34,18,16,143,75,68,68,36,32
57787102,42,20,22,3,1,2,4,2,2,13,8,5,22,9,13
57225001,85,44,41,14,7,7,18,8,10,26,14,12,27,15,12
57225002,35,18,17,6,3,3,5,2,3,18,9,9,6,4,2
57789801,143,75,68,7,2,5,26,14,12,53,29,24,57,30,27
0147530,0,0,0,0,0,0,0,0,0,0,0,0,0,0,0
50514501,1147,559,588,109,47,62,140,60,80,525,261,264,373,191,182
50514502,147,73,74,6,5,1,14,8,6,80,39,41,47,21,26
50514503,53,26,27,2,0,2,1,0,1,26,14,12,24,12,12
50514504,219,111,108,13,7,6,31,12,19,111,62,49,64,30,34
57791001,446,244,202,46,23,23,114,64,50,114,65,49,172,92,80
57792801,1426,694,732,111,50,61,476,190,286,379,205,174,460,249,211
57792802,37,23,14,2,1,1,3,1,2,27,17,10,5,4,1
57793601,678,340,338,68,37,31,117,54,63,275,134,141,218,115,103
57793602,95,42,53,12,5,7,9,5,4,35,16,19,39,16,23
57794401,944,471,473,72,27,45,118,52,66,412,220,192,342,172,170
57235701,373,203,170,40,27,13,131,64,67,111,63,48,91,49,42
57796101,80,41,39,9,4,5,8,4,4,37,20,17,26,13,13
57796102,54,31,23,4,3,1,8,5,3,25,16,9,17,7,10
57796103,196,107,89,15,6,9,30,17,13,80,47,33,71,37,34
57268301,180,91,89,17,6,11,15,6,9,87,53,34,61,26,35
57798701,543,274,269,28,13,15,45,20,25,292,157,135,178,84,94
57799501,1747,858,889,171,85,86,544,242,302,498,272,226,534,259,275
57799502,93,49,44,8,5,3,26,13,13,32,16,16,27,15,12
57799503,20,8,12,0,0,0,5,2,3,13,5,8,2,1,1
57432501,176,95,81,17,8,9,19,10,9,87,48,39,53,29,24
57432502,56,28,28,7,4,3,2,2,0,28,15,13,19,7,12
57228401,54,31,23,7,5,2,13,6,7,11,6,5,23,14,9
57803701,271,137,134,27,14,13,116,53,63,52,26,26,76,44,32
57805301,131,65,66,8,6,2,16,6,10,61,30,31,46,23,23
57236501,211,111,100,13,8,5,73,39,34,53,30,23,72,34,38
57236502,94,43,51,10,4,6,48,20,28,15,8,7,21,11,10
57236503,88,49,39,4,1,3,37,20,17,22,15,7,25,13,12
57269101,1611,809,802,113,55,58,215,86,129,720,379,341,563,289,274
57273001,172,83,89,16,5,11,25,12,13,67,37,30,64,29,35
57809601,672,336,336,71,27,44,74,34,40,260,138,122,267,137,130
57809602,124,63,61,21,10,11,17,8,9,47,26,21,39,19,20
57810001,67,34,33,5,0,5,24,14,10,20,11,9,18,9,9
57810002,56,29,27,1,1,0,15,7,8,17,7,10,23,14,9
57811801,129,65,64,10,5,5,44,21,23,34,20,14,41,19,22
57812601,115,57,58,6,1,5,38,15,23,27,20,7,44,21,23
57812602,84,45,39,18,10,8,12,6,6,27,15,12,27,14,13
57813401,47,24,23,10,4,6,8,3,5,18,10,8,11,7,4
57813402,859,423,436,59,28,31,71,27,44,431,210,221,298,158,140
57813403,61,16,45,0,0,0,33,1,32,13,6,7,15,9,6
57814201,56,29,27,9,6,3,4,3,1,23,9,14,20,11,9
57815101,1113,575,538,140,69,71,187,73,114,456,256,200,330,177,153
57815102,44,20,24,10,4,6,10,4,6,16,9,7,8,3,5
57816901,179,97,82,13,8,5,68,32,36,37,20,17,61,37,24
57271301,402,199,203,34,15,19,31,15,16,229,118,111,108,51,57
57818501,995,480,515,83,34,49,214,90,124,308,161,147,390,195,195
57818502,25,15,10,1,0,1,0,0,0,16,9,7,8,6,2
3385590,0,0,0,0,0,0,0,0,0,0,0,0,0,0,0
57819301,64,35,29,7,2,5,2,2,0,35,20,15,20,11,9
57819303,582,292,290,62,32,30,95,34,61,277,147,130,148,79,69
57819304,2031,970,1061,273,118,155,334,133,201,812,414,398,612,305,307
57819305,65,32,33,2,0,2,8,4,4,26,12,14,29,16,13
57820701,532,268,264,51,23,28,160,85,75,150,79,71,171,81,90
57821501,236,116,120,12,5,7,6,2,4,127,64,63,91,45,46
57821502,59,30,29,1,1,0,5,3,2,38,15,23,15,11,4
57274801,304,150,154,32,15,17,37,16,21,158,82,76,77,37,40
57274802,88,43,45,7,5,2,9,3,6,44,21,23,28,14,14
57823101,20,9,11,0,0,0,3,1,2,12,6,6,5,2,3
57823102,651,320,331,59,19,40,109,44,65,326,176,150,157,81,76
0695400,0,0,0,0,0,0,0,0,0,0,0,0,0,0,0
57825801,724,362,362,68,31,37,206,102,104,195,103,92,255,126,129
57825802,37,15,22,1,0,1,8,3,5,2,2,0,26,10,16
57826601,144,73,71,13,4,9,12,6,6,72,41,31,47,22,25
57827401,384,204,180,32,12,20,37,18,19,172,94,78,143,80,63
57259401,73,35,38,7,2,5,6,3,3,34,19,15,26,11,15
57828201,929,478,451,82,34,48,50,23,27,476,254,222,321,167,154
57828202,369,185,184,31,15,16,20,8,12,159,81,78,159,81,78
57829101,111,57,54,8,4,4,16,5,11,58,31,27,29,17,12
57829102,258,143,115,15,6,9,24,11,13,104,64,40,115,62,53
57830401,112,65,47,6,3,3,7,3,4,67,41,26,32,18,14
57833901,590,297,293,53,24,29,40,14,26,293,155,138,204,104,100
0857740,0,0,0,0,0,0,0,0,0,0,0,0,0,0,0
0857820,0,0,0,0,0,0,0,0,0,0,0,0,0,0,0
0857910,0,0,0,0,0,0,0,0,0,0,0,0,0,0,0
0858120,0,0,0,0,0,0,0,0,0,0,0,0,0,0,0
3125760,0,0,0,0,0,0,0,0,0,0,0,0,0,0,0
3316430,0,0,0,0,0,0,0,0,0,0,0,0,0,0,0
57834701,137,72,65,9,5,4,23,15,8,69,34,35,36,18,18
57834702,441,221,220,39,19,20,119,55,64,163,80,83,120,67,53
57834704,1147,563,584,123,52,71,205,94,111,500,265,235,319,152,167
57834705,1130,561,569,113,52,61,245,113,132,489,267,222,283,129,154
57834707,270,153,117,52,28,24,46,21,25,47,29,18,125,75,50
57834708,256,123,133,14,5,9,41,16,25,107,59,48,94,43,51
57834709,101,51,50,8,2,6,14,6,8,35,22,13,44,21,23
57834710,130,65,65,11,5,6,7,3,4,80,44,36,32,13,19
57834711,290,142,148,24,11,13,93,41,52,90,45,45,83,45,38
57834713,1453,678,775,149,61,88,213,78,135,604,312,292,487,227,260
57834714,382,186,196,30,11,19,74,35,39,161,84,77,117,56,61
57834717,3130,1478,1652,315,137,178,484,215,269,1369,661,708,962,465,497
57834718,751,367,384,74,38,36,174,83,91,262,131,131,241,115,126
57834719,310,154,156,32,13,19,41,22,19,130,65,65,107,54,53
57834720,99,51,48,11,5,6,24,11,13,39,23,16,25,12,13
57835501,892,458,434,97,44,53,283,135,148,222,124,98,290,155,135
57836301,305,155,150,24,14,10,107,50,57,74,37,37,100,54,46
57837101,100,57,43,11,8,3,20,7,13,31,20,11,38,22,16
57838001,38,20,18,3,2,1,19,9,10,10,5,5,6,4,2
57838002,132,75,57,15,7,8,12,5,7,55,32,23,50,31,19
57838003,538,282,256,39,15,24,93,51,42,236,125,111,170,91,79
57838004,45,26,19,3,1,2,3,1,2,22,16,6,17,8,9
57838005,233,118,115,25,12,13,51,19,32,95,55,40,62,32,30
57838006,50,26,24,8,3,5,7,4,3,25,13,12,10,6,4
57838008,36,19,17,7,2,5,4,1,3,14,10,4,11,6,5
57838009,77,35,42,8,3,5,28,10,18,18,11,7,23,11,12
57838011,48,25,23,1,1,0,14,8,6,12,7,5,21,9,12
57838012,52,25,27,6,2,4,4,2,2,21,10,11,21,11,10
57838014,56,31,25,7,4,3,2,0,2,29,16,13,18,11,7
57839801,272,133,139,22,9,13,22,9,13,150,78,72,78,37,41
57840101,429,211,218,38,21,17,35,10,25,173,84,89,183,96,87
57842801,49,24,25,5,3,2,4,1,3,22,11,11,18,9,9
57842802,453,230,223,46,22,24,106,49,57,182,99,83,119,60,59
57842803,174,93,81,20,11,9,36,15,21,72,43,29,46,24,22
57842804,25,11,14,4,2,2,8,3,5,6,3,3,7,3,4
0988840,0,0,0,0,0,0,0,0,0,0,0,0,0,0,0
3385320,0,0,0,0,0,0,0,0,0,0,0,0,0,0,0
57844402,645,335,310,85,37,48,70,25,45,260,155,105,230,118,112
57844403,262,140,122,22,10,12,18,9,9,146,78,68,76,43,33
57844405,507,254,253,39,17,22,32,14,18,272,146,126,164,77,87
57844406,1064,564,500,107,44,63,112,61,51,459,238,221,386,221,165
57844407,3797,1696,2101,324,113,211,501,177,324,1909,923,986,1063,483,580
57844408,803,397,406,61,24,37,73,26,47,435,224,211,234,123,111
57844409,1468,712,756,136,57,79,195,87,108,738,364,374,399,204,195
57844410,1059,526,533,100,34,66,116,54,62,577,306,271,266,132,134
57844412,22,9,13,1,1,0,6,1,5,14,6,8,1,1,0
57845201,200,105,95,24,10,14,64,32,32,44,27,17,68,36,32
58069401,485,247,238,52,26,26,58,28,30,198,101,97,177,92,85
58069403,287,133,154,29,10,19,25,12,13,157,78,79,76,33,43
58069404,238,121,117,33,13,20,37,14,23,103,55,48,65,39,26
57260801,191,96,95,11,6,5,30,13,17,79,41,38,71,36,35
57260802,47,25,22,0,0,0,5,3,2,18,9,9,24,13,11
57243801,59,32,27,4,2,2,13,6,7,24,11,13,18,13,5
57847901,46,25,21,3,2,1,21,9,12,6,4,2,16,10,6
57847902,557,285,272,53,23,30,175,83,92,137,78,59,192,101,91
57848701,1086,561,525,59,27,32,108,46,62,539,286,253,380,202,178
57848702,40,23,17,5,1,4,6,3,3,15,12,3,14,7,7
57272101,72,37,35,7,4,3,12,6,6,31,17,14,22,10,12
57272102,27,16,11,0,0,0,0,0,0,12,7,5,15,9,6
57272103,328,173,155,32,20,12,35,14,21,162,89,73,99,50,49
57272104,267,129,138,18,6,12,7,1,6,170,86,84,72,36,36
57850901,954,480,474,79,35,44,195,97,98,405,209,196,275,139,136
57855001,204,110,94,21,7,14,12,6,6,90,56,34,81,41,40
57855002,89,48,41,2,0,2,11,6,5,55,30,25,21,12,9
1254070,0,0,0,0,0,0,0,0,0,0,0,0,0,0,0
1254150,0,0,0,0,0,0,0,0,0,0,0,0,0,0,0
1254230,0,0,0,0,0,0,0,0,0,0,0,0,0,0,0
57857601,215,105,110,14,7,7,71,31,40,60,36,24,70,31,39
57857602,137,76,61,15,8,7,16,9,7,52,33,19,54,26,28
57857603,33,23,10,1,1,0,9,8,1,12,8,4,11,6,5
57857604,94,50,44,12,5,7,8,4,4,50,28,22,24,13,11
57857605,1789,857,932,157,62,95,325,134,191,730,379,351,577,282,295
57857606,88,43,45,8,2,6,6,2,4,35,19,16,39,20,19
57857607,3249,1498,1751,301,137,164,617,252,365,1339,660,679,992,449,543
57857608,428,200,228,36,12,24,53,26,27,165,91,74,174,71,103
57857609,89,45,44,15,9,6,14,4,10,35,19,16,25,13,12
57857610,1643,814,829,133,63,70,246,108,138,722,377,345,542,266,276
57857612,113,53,60,12,5,7,22,7,15,37,18,19,42,23,19
57857613,176,86,90,16,9,7,32,11,21,47,20,27,81,46,35
57857614,568,300,268,49,23,26,79,37,42,247,134,113,193,106,87
57858401,1251,651,600,120,47,73,186,90,96,525,295,230,420,219,201
57237301,90,48,42,4,3,1,27,13,14,32,18,14,27,14,13
57237302,322,173,149,26,15,11,95,49,46,94,49,45,107,60,47
57237303,93,54,39,7,4,3,20,8,12,18,12,6,48,30,18
57862201,158,78,80,8,4,4,68,30,38,30,17,13,52,27,25
57863101,35,14,21,3,1,2,9,5,4,9,3,6,14,5,9
57863102,275,138,137,22,13,9,71,33,38,60,29,31,122,63,59
57864901,29,15,14,2,0,2,9,4,5,12,7,5,6,4,2
57864903,35,14,21,2,1,1,5,2,3,13,7,6,15,4,11
57864904,89,50,39,9,4,5,27,14,13,26,16,10,27,16,11
57865701,1113,560,553,103,42,61,139,59,80,545,282,263,326,177,149
57433301,116,60,56,12,5,7,8,5,3,53,29,24,43,21,22
57867302,606,292,314,52,21,31,101,38,63,242,123,119,211,110,101
57868101,90,45,45,6,3,3,27,13,14,33,16,17,24,13,11
57868102,140,79,61,17,11,6,34,16,18,55,34,21,34,18,16
57868103,78,35,43,17,8,9,24,10,14,23,9,14,14,8,6
57869001,239,123,116,24,16,8,31,13,18,115,57,58,69,37,32
57870301,62,32,30,3,2,1,6,1,5,31,17,14,22,12,10
57870302,82,40,42,15,6,9,9,3,6,16,11,5,42,20,22
57871101,600,318,282,45,19,26,66,32,34,273,152,121,216,115,101
57223301,60,33,27,1,0,1,14,6,8,23,13,10,22,14,8
57872001,539,266,273,47,16,31,151,79,72,177,89,88,164,82,82
57873801,354,185,169,32,16,16,148,77,71,91,48,43,83,44,39
57873802,499,246,253,44,19,25,207,104,103,97,44,53,151,79,72
57873803,73,33,40,5,2,3,28,10,18,24,14,10,16,7,9
57874601,223,118,105,16,9,7,32,17,15,104,52,52,71,40,31
57875401,211,106,105,8,1,7,19,8,11,109,59,50,75,38,37
1496670,0,0,0,0,0,0,0,0,0,0,0,0,0,0,0
57876201,147,68,79,18,10,8,25,9,16,60,28,32,44,21,23
58032501,645,329,316,53,23,30,181,83,98,203,115,88,208,108,100
58032502,1072,511,561,96,42,54,280,125,155,305,156,149,391,188,203
57878901,28,13,15,3,1,2,5,2,3,12,3,9,8,7,1
57878902,31,14,17,2,1,1,3,1,2,14,7,7,12,5,7
57878903,120,61,59,11,4,7,17,5,12,65,38,27,27,14,13
57878904,72,39,33,3,1,2,12,6,6,42,24,18,15,8,7
57878905,721,372,349,62,30,32,73,33,40,337,183,154,249,126,123
57880101,242,123,119,18,11,7,38,16,22,104,52,52,82,44,38
57881901,245,122,123,21,7,14,53,20,33,92,51,41,79,44,35
57883501,91,46,45,8,4,4,25,11,14,32,16,16,26,15,11
1610210,0,0,0,0,0,0,0,0,0,0,0,0,0,0,0
1610550,0,0,0,0,0,0,0,0,0,0,0,0,0,0,0
1610630,0,0,0,0,0,0,0,0,0,0,0,0,0,0,0
3386990,0,0,0,0,0,0,0,0,0,0,0,0,0,0,0
57773101,753,367,386,68,27,41,86,34,52,361,189,172,238,117,121
57773103,214,92,122,12,5,7,23,9,14,93,42,51,86,36,50
57773104,60,31,29,6,4,2,4,3,1,33,18,15,17,6,11
57773105,2947,1405,1542,223,93,130,277,122,155,1666,823,843,781,367,414
57773106,1737,801,936,124,50,74,148,53,95,894,439,455,571,259,312
57773107,493,238,255,32,14,18,78,35,43,227,113,114,156,76,80
57773108,626,320,306,56,26,30,43,21,22,311,169,142,216,104,112
57773109,518,259,259,60,28,32,39,15,24,249,131,118,170,85,85
57773110,1188,548,640,103,45,58,127,45,82,597,287,310,361,171,190
57773111,1472,682,790,93,35,58,168,73,95,697,344,353,514,230,284
57773112,2002,932,1070,185,75,110,163,58,105,1089,529,560,565,270,295
57773113,2524,1259,1265,203,94,109,204,74,130,1290,646,644,827,445,382
57773114,171,79,92,13,6,7,9,2,7,81,38,43,68,33,35
57773116,1472,685,787,140,60,80,176,68,108,705,356,349,451,201,250
57773117,65,42,23,2,0,2,22,12,10,34,25,9,7,5,2
57884301,32,16,16,2,1,1,11,4,7,14,7,7,5,4,1
57884303,57,27,30,3,2,1,19,7,12,15,8,7,20,10,10
57884304,33,16,17,2,1,1,15,8,7,12,6,6,4,1,3
57884305,123,64,59,18,7,11,31,13,18,47,28,19,27,16,11
57884306,41,20,21,4,3,1,11,4,7,13,6,7,13,7,6
57884307,90,39,51,9,4,5,18,6,12,38,19,19,25,10,15
57885101,398,210,188,39,24,15,121,51,70,121,66,55,117,69,48
57886001,103,50,53,7,3,4,16,7,9,40,18,22,40,22,18
57887801,418,220,198,21,7,14,113,54,59,132,77,55,152,82,70
57888601,55,30,25,3,1,2,21,12,9,12,7,5,19,10,9
57888602,357,175,182,31,14,17,131,52,79,74,44,30,121,65,56
57889401,510,270,240,43,19,24,97,49,48,201,110,91,169,92,77
57261601,157,85,72,17,8,9,32,18,14,58,32,26,50,27,23
57890801,863,433,430,77,35,42,57,21,36,369,202,167,360,175,185
57891601,123,57,66,15,6,9,15,7,8,51,23,28,42,21,21
57262401,329,168,161,30,10,20,42,22,20,174,100,74,83,36,47
57893201,943,472,471,73,31,42,71,31,40,513,265,248,286,145,141
57894101,292,147,145,35,17,18,68,30,38,92,50,42,97,50,47
57895901,157,78,79,15,6,9,12,4,8,44,29,15,86,39,47
57896701,394,205,189,45,24,21,72,26,46,129,66,63,148,89,59
58112701,100,54,46,16,9,7,19,10,9,44,24,20,21,11,10
57897502,194,100,94,33,17,16,24,11,13,62,35,27,75,37,38
57897503,231,114,117,30,18,12,33,14,19,84,40,44,84,42,42
57229201,64,36,28,8,4,4,23,13,10,24,14,10,9,5,4
57899101,42,21,21,4,3,1,19,10,9,8,2,6,11,6,5
57219502,37,19,18,2,0,2,1,1,0,24,12,12,10,6,4
54798101,452,227,225,25,7,18,45,14,31,212,115,97,170,91,79
57342601,184,78,106,3,1,2,43,18,25,60,31,29,78,28,50
55376001,407,208,199,20,13,7,49,26,23,209,106,103,129,63,66
54800601,96,50,46,4,1,3,6,4,2,43,24,19,43,21,22
57994701,1277,625,652,106,46,60,132,52,80,673,347,326,366,180,186
57996301,241,115,126,21,11,10,68,22,46,92,53,39,60,29,31
57997101,1057,528,529,138,66,72,278,127,151,369,190,179,272,145,127
57997102,64,34,30,8,2,6,23,13,10,12,6,6,21,13,8
57998001,265,133,132,17,9,8,53,22,31,67,34,33,128,68,60
57998002,29,15,14,6,4,2,6,1,5,5,4,1,12,6,6
57998003,43,21,22,5,3,2,15,8,7,9,4,5,14,6,8
57998004,26,17,9,0,0,0,3,1,2,7,4,3,16,12,4
57999801,180,91,89,13,7,6,36,18,18,63,34,29,68,32,36
58001501,115,58,57,10,3,7,17,5,12,42,27,15,46,23,23
58001502,62,26,36,5,1,4,8,2,6,36,17,19,13,6,7
58001503,1880,883,997,165,85,80,250,106,144,777,375,402,688,317,371
58001504,341,175,166,27,10,17,33,16,17,159,80,79,122,69,53
58001505,170,92,78,8,3,5,16,7,9,87,49,38,59,33,26
58001506,25,15,10,5,4,1,4,2,2,8,4,4,8,5,3
58001508,92,46,46,15,8,7,22,12,10,23,11,12,32,15,17
58001509,68,33,35,7,4,3,10,5,5,32,13,19,19,11,8
58001510,116,56,60,18,10,8,5,1,4,71,38,33,22,7,15
58002301,373,189,184,47,22,25,55,25,30,141,72,69,130,70,60
0218570,0,0,0,0,0,0,0,0,0,0,0,0,0,0,0
0218650,0,0,0,0,0,0,0,0,0,0,0,0,0,0,0
0218900,0,0,0,0,0,0,0,0,0,0,0,0,0,0,0
3127970,0,0,0,0,0,0,0,0,0,0,0,0,0,0,0
3216810,0,0,0,0,0,0,0,0,0,0,0,0,0,0,0
58003101,1426,697,729,98,48,50,107,51,56,796,396,400,425,202,223
58003102,511,246,265,36,18,18,51,24,27,287,133,154,137,71,66
58003103,652,325,327,34,19,15,33,16,17,395,198,197,190,92,98
58003104,120,67,53,7,3,4,11,5,6,75,47,28,27,12,15
58003105,116,58,58,5,1,4,18,12,6,54,27,27,39,18,21
58003106,1345,621,724,118,38,80,97,42,55,747,372,375,383,169,214
58003107,336,160,176,19,5,14,34,17,17,192,92,100,91,46,45
58003108,206,103,103,6,3,3,5,2,3,133,64,69,62,34,28
58003109,56,28,28,5,4,1,10,5,5,25,12,13,16,7,9
58003110,822,448,374,71,31,40,59,29,30,343,184,159,349,204,145
58003111,67,44,23,4,3,1,0,0,0,36,21,15,27,20,7
58003113,2889,1373,1516,248,106,142,272,105,167,1524,768,756,845,394,451
58003114,1448,726,722,108,51,57,118,53,65,810,416,394,412,206,206
58003115,1404,675,729,107,50,57,137,54,83,768,389,379,392,182,210
58003116,714,352,362,115,47,68,51,26,25,282,153,129,266,126,140
58003117,1662,804,858,109,53,56,187,73,114,882,426,456,484,252,232
58003118,1092,527,565,59,25,34,111,43,68,597,312,285,325,147,178
58004001,28,16,12,4,3,1,13,6,7,8,5,3,3,2,1
58004002,414,208,206,31,11,20,78,31,47,177,98,79,128,68,60
58004003,82,42,40,4,3,1,11,6,5,44,23,21,23,10,13
58004004,75,33,42,4,1,3,13,3,10,37,20,17,21,9,12
58005801,562,284,278,43,23,20,68,29,39,238,123,115,213,109,104
58005802,44,23,21,9,4,5,13,8,5,17,8,9,5,3,2
58006601,152,81,71,11,9,2,31,12,19,59,34,25,51,26,25
58007401,649,324,325,36,14,22,34,14,20,324,159,165,255,137,118
54801401,1256,619,637,93,45,48,91,43,48,690,344,346,382,187,195
54803101,814,407,407,78,31,47,73,30,43,422,230,192,241,116,125
58009101,470,230,240,33,15,18,47,20,27,237,121,116,153,74,79
58009102,77,42,35,5,2,3,5,2,3,52,30,22,15,8,7
58011201,1210,590,620,77,35,42,336,152,184,445,232,213,352,171,181
58011202,114,57,57,6,2,4,14,5,9,52,30,22,42,20,22
58012101,2055,1064,991,177,94,83,592,280,312,705,380,325,581,310,271
58012102,257,135,122,24,13,11,44,16,28,122,65,57,67,41,26
58012103,128,67,61,16,10,6,32,20,12,47,23,24,33,14,19
58016301,94,52,42,7,3,4,10,4,6,29,17,12,48,28,20
58016302,20,10,10,3,2,1,0,0,0,14,5,9,3,3,0
58016303,258,130,128,31,14,17,16,7,9,133,66,67,78,43,35
58021001,364,184,180,31,14,17,51,24,27,158,78,80,124,68,56
58022801,205,100,105,19,5,14,16,9,7,94,47,47,76,39,37
54804901,488,258,230,59,24,35,51,29,22,246,132,114,132,73,59
54804902,25,13,12,8,5,3,0,0,0,9,4,5,8,4,4
58026101,786,376,410,65,30,35,99,37,62,408,208,200,214,101,113
58027901,812,406,406,71,34,37,154,74,80,330,172,158,257,126,131
58027902,46,24,22,3,0,3,10,6,4,13,7,6,20,11,9
58027903,94,50,44,14,4,10,16,8,8,41,27,14,23,11,12
58029501,29,20,9,7,5,2,8,5,3,5,3,2,9,7,2
58029503,96,49,47,6,4,2,30,13,17,23,11,12,37,21,16
58029504,304,142,162,31,13,18,65,31,34,100,45,55,108,53,55
58033301,611,307,304,48,26,22,97,42,55,288,142,146,178,97,81
54797201,103,58,45,10,5,5,4,2,2,55,33,22,34,18,16
58034101,20,9,11,1,1,0,2,1,1,5,3,2,12,4,8
58034102,348,186,162,27,11,16,37,19,18,152,86,66,132,70,62
3128430,0,0,0,0,0,0,0,0,0,0,0,0,0,0,0
3128600,0,0,0,0,0,0,0,0,0,0,0,0,0,0,0
3128780,0,0,0,0,0,0,0,0,0,0,0,0,0,0,0
3216990,0,0,0,0,0,0,0,0,0,0,0,0,0,0,0
58035001,187,92,95,21,9,12,26,13,13,95,49,46,45,21,24
58035002,39,20,19,2,1,1,8,4,4,28,14,14,1,1,0
58035004,46,23,23,2,1,1,6,1,5,25,14,11,13,7,6
58035005,118,64,54,7,4,3,33,13,20,37,21,16,41,26,15
58035007,104,52,52,6,1,5,7,3,4,50,24,26,41,24,17
58035009,511,258,253,30,10,20,75,29,46,233,126,107,173,93,80
58035010,2877,1360,1517,225,98,127,294,123,171,1455,691,764,903,448,455
58035013,33,15,18,4,1,3,3,2,1,16,8,8,10,4,6
58035014,309,165,144,33,18,15,41,21,20,177,95,82,58,31,27
58035015,3222,1575,1647,262,123,139,362,152,210,1534,776,758,1064,524,540
58035016,24,15,9,0,0,0,1,1,0,21,12,9,2,2,0
58035017,299,154,145,22,14,8,36,17,19,166,85,81,75,38,37
58035018,653,326,327,41,23,18,129,59,70,321,161,160,162,83,79
58037601,2850,1393,1457,294,135,159,484,201,283,1117,568,549,955,489,466
58037602,55,26,29,5,2,3,8,3,5,11,7,4,31,14,17
58039201,691,362,329,66,32,34,131,64,67,259,133,126,235,133,102
58040601,246,127,119,29,13,16,46,21,25,96,54,42,75,39,36
58041401,303,149,154,19,9,10,40,19,21,165,84,81,79,37,42
58042201,311,152,159,30,12,18,40,16,24,137,70,67,104,54,50
58043102,37,22,15,4,1,3,10,9,1,6,4,2,17,8,9
58043103,634,330,304,55,22,33,105,54,51,301,158,143,173,96,77
58043104,136,73,63,12,4,8,46,23,23,46,27,19,32,19,13
58043106,81,44,37,5,3,2,10,4,6,34,20,14,32,17,15
58046501,126,67,59,10,5,5,9,6,3,78,40,38,29,16,13
58046502,239,118,121,13,6,7,20,7,13,127,67,60,79,38,41
57444901,171,88,83,5,3,2,14,5,9,116,61,55,36,19,17
58048102,192,98,94,11,5,6,9,2,7,105,54,51,67,37,30
58048103,105,52,53,6,1,5,7,5,2,64,34,30,28,12,16
58048104,83,42,41,12,8,4,4,2,2,36,17,19,31,15,16
58048105,76,40,36,4,3,1,15,8,7,29,14,15,28,15,13
58048106,80,44,36,17,9,8,16,7,9,20,12,8,27,16,11
58048107,3128,1524,1604,301,129,172,285,114,171,1569,805,764,973,476,497
58048108,69,37,32,6,4,2,14,7,7,29,16,13,20,10,10
58048109,143,74,69,18,9,9,18,7,11,70,38,32,37,20,17
58049001,292,151,141,21,10,11,17,7,10,122,67,55,132,67,65
58050302,70,29,41,5,2,3,13,2,11,26,11,15,26,14,12
58050303,28,15,13,3,0,3,6,3,3,6,5,1,13,7,6
58050304,20,11,9,0,0,0,8,5,3,12,6,6,0,0,0
58050305,772,387,385,76,34,42,162,66,96,310,166,144,224,121,103
0789720,0,0,0,0,0,0,0,0,0,0,0,0,0,0,0
0790060,0,0,0,0,0,0,0,0,0,0,0,0,0,0,0
3385160,0,0,0,0,0,0,0,0,0,0,0,0,0,0,0
58051101,705,338,367,71,30,41,68,26,42,355,180,175,211,102,109
58051102,142,63,79,8,4,4,9,1,8,74,35,39,51,23,28
58051103,1304,609,695,111,50,61,153,68,85,665,310,355,375,181,194
58051104,165,82,83,11,7,4,13,7,6,89,43,46,52,25,27
58051105,354,167,187,39,16,23,29,11,18,194,94,100,92,46,46
58051107,422,207,215,21,8,13,51,19,32,207,104,103,143,76,67
58051108,2168,1056,1112,164,66,98,261,116,145,1147,578,569,596,296,300
58051109,2529,1182,1347,203,84,119,305,128,177,1263,604,659,758,366,392
58051110,200,99,101,10,6,4,17,6,11,111,55,56,62,32,30
58051112,118,51,67,2,1,1,1,0,1,34,17,17,81,33,48
58051113,90,46,44,13,5,8,15,5,10,37,21,16,25,15,10
58051114,295,148,147,23,10,13,33,16,17,141,69,72,98,53,45
58051115,490,255,235,40,24,16,67,33,34,199,104,95,184,94,90
58051116,488,259,229,45,21,24,48,22,26,216,105,111,179,111,68
57169501,85,50,35,4,1,3,5,2,3,45,28,17,31,19,12
57169502,61,32,29,4,3,1,13,6,7,36,17,19,8,6,2
57169503,148,67,81,6,1,5,45,18,27,57,25,32,40,23,17
57169504,41,24,17,6,2,4,7,6,1,12,5,7,16,11,5
58053801,122,55,67,15,6,9,20,6,14,62,33,29,25,10,15
58053802,83,45,38,3,0,3,16,9,7,42,21,21,22,15,7
58053803,20,9,11,3,2,1,8,4,4,7,3,4,2,0,2
58053804,996,507,489,82,38,44,285,139,146,384,216,168,245,114,131
58053805,3921,1938,1983,398,182,216,588,255,333,1747,908,839,1188,593,595
58053806,1028,496,532,115,49,66,292,142,150,383,188,195,238,117,121
58056201,39,20,19,5,2,3,3,1,2,19,12,7,12,5,7
58056204,143,76,67,15,7,8,41,20,21,48,29,19,39,20,19
58014701,978,493,485,89,37,52,105,48,57,508,259,249,276,149,127
58014702,502,246,256,41,17,24,51,24,27,257,137,120,153,68,85
58014703,254,137,117,13,5,8,23,14,9,126,74,52,92,44,48
58057101,491,243,248,34,21,13,61,21,40,228,117,111,168,84,84
58058901,53,26,27,6,2,4,2,1,1,13,8,5,32,15,17
58058902,691,354,337,68,35,33,103,45,58,272,142,130,248,132,116
58061901,363,186,177,38,13,25,57,33,24,116,65,51,152,75,77
58062701,1153,566,587,127,64,63,191,86,105,517,268,249,318,148,170
58063501,109,56,53,4,2,2,23,12,11,36,18,18,46,24,22
58063502,626,314,312,34,16,18,60,23,37,336,175,161,196,100,96
58064301,575,308,267,66,31,35,128,61,67,218,124,94,163,92,71
58065101,399,200,199,32,15,17,54,23,31,205,106,99,108,56,52
58065103,107,52,55,12,4,8,10,6,4,61,27,34,24,15,9
58066001,208,108,100,21,11,10,18,11,7,82,40,42,87,46,41
58066002,53,29,24,1,1,0,5,2,3,33,18,15,14,8,6
58067801,137,71,66,8,4,4,23,10,13,62,34,28,44,23,21
58068601,62,31,31,3,1,2,16,7,9,27,16,11,16,7,9
58068602,863,442,421,54,24,30,235,109,126,323,177,146,251,132,119
57192001,74,41,33,18,8,10,16,8,8,23,13,10,17,12,5
57192002,36,18,18,5,3,2,7,3,4,13,6,7,11,6,5
57192003,194,101,93,16,6,10,31,19,12,90,47,43,57,29,28
58071601,75,39,36,3,0,3,6,4,2,39,18,21,27,17,10
58071603,44,22,22,4,2,2,5,2,3,20,9,11,15,9,6
58071604,112,55,57,8,4,4,17,7,10,57,30,27,30,14,16
58071605,339,170,169,25,12,13,67,30,37,158,84,74,89,44,45
58071606,38,21,17,3,2,1,6,4,2,20,11,9,9,4,5
58071607,30,15,15,4,2,2,3,3,0,16,9,7,7,1,6
58072401,269,141,128,19,12,7,56,28,28,94,46,48,100,55,45
58073201,632,335,297,58,25,33,48,26,22,278,148,130,248,136,112
58074101,230,116,114,23,12,11,29,13,16,106,56,50,72,35,37
58075901,26,15,11,6,4,2,6,3,3,6,3,3,8,5,3
58075902,166,81,85,32,16,16,45,15,30,57,34,23,32,16,16
58075904,58,28,30,6,4,2,19,8,11,16,8,8,17,8,9
58075905,100,48,52,9,5,4,25,9,16,26,15,11,40,19,21
58076701,249,123,126,21,13,8,113,50,63,79,41,38,36,19,17
58077501,551,283,268,50,24,26,66,29,37,224,119,105,211,111,100
58078301,66,35,31,8,5,3,5,1,4,32,17,15,21,12,9
58080501,136,65,71,14,6,8,21,8,13,62,31,31,39,20,19
58080502,122,65,57,9,6,3,22,11,11,58,27,31,33,21,12
58082101,50,21,29,3,0,3,9,4,5,34,15,19,4,2,2
58082102,301,150,151,14,5,9,27,12,15,182,92,90,78,41,37
58083001,71,39,32,5,2,3,16,7,9,31,19,12,19,11,8
57554201,96,49,47,6,2,4,9,3,6,45,25,20,36,19,17
57554202,61,31,30,6,3,3,7,3,4,24,12,12,24,13,11
58084801,970,510,460,54,28,26,57,24,33,501,268,233,358,190,168
58084802,70,39,31,4,3,1,8,4,4,40,23,17,18,9,9
58084803,806,367,439,59,22,37,63,21,42,384,186,198,300,138,162
54790501,811,411,400,45,24,21,47,24,23,454,235,219,265,128,137
57220901,47,27,20,4,1,3,6,3,3,19,14,5,18,9,9
57220902,47,24,23,5,3,2,3,1,2,35,18,17,4,2,2
57220903,283,152,131,25,9,16,38,16,22,139,83,56,81,44,37
58087201,26,10,16,1,0,1,2,1,1,14,5,9,9,4,5
58087202,623,313,310,32,11,21,75,35,40,319,164,155,197,103,94
58088101,244,121,123,22,10,12,46,21,25,105,54,51,71,36,35
57439201,569,294,275,39,15,24,45,22,23,284,146,138,201,111,90
58090201,144,78,66,16,9,7,21,12,9,56,31,25,51,26,25
55524001,602,301,301,32,15,17,34,11,23,336,176,160,200,99,101
58092901,373,193,180,31,17,14,29,10,19,199,108,91,114,58,56
58094501,430,204,226,22,6,16,33,14,19,234,108,126,141,76,65
54796401,226,117,109,18,11,7,65,31,34,76,36,40,67,39,28
58096101,864,442,422,96,41,55,101,46,55,410,214,196,257,141,116
58097001,25,10,15,0,0,0,0,0,0,16,6,10,9,4,5
58097002,541,284,257,32,16,16,53,21,32,316,176,140,140,71,69
57230601,183,100,83,14,8,6,27,15,12,96,55,41,46,22,24
58098801,113,56,57,12,5,7,23,13,10,31,14,17,47,24,23
58099601,71,33,38,5,3,2,22,6,16,32,17,15,12,7,5
58099602,113,58,55,12,8,4,29,14,15,33,16,17,39,20,19
58100301,131,75,56,15,5,10,8,5,3,69,42,27,39,23,16
58101101,169,79,90,17,8,9,21,10,11,74,32,42,57,29,28
58070801,72,34,38,0,0,0,12,5,7,42,21,21,18,8,10
58070802,200,105,95,15,6,9,24,12,12,104,58,46,57,29,28
58103801,195,102,93,23,11,12,77,40,37,53,28,25,42,23,19
58104601,831,438,393,69,34,35,140,64,76,339,181,158,283,159,124
58105401,111,62,49,7,3,4,13,7,6,51,31,20,40,21,19
58105403,472,240,232,49,27,22,73,31,42,236,130,106,114,52,62
58106201,113,55,58,10,3,7,17,7,10,59,33,26,27,12,15
58106202,363,189,174,34,22,12,73,33,40,128,68,60,128,66,62
58106203,86,42,44,11,5,6,15,8,7,42,19,23,18,10,8
54792101,91,49,42,8,4,4,3,2,1,51,29,22,29,14,15
58107101,733,370,363,37,19,18,53,22,31,414,209,205,229,120,109
57586101,152,75,77,7,4,3,8,4,4,103,54,49,34,13,21
58108901,110,58,52,12,6,6,8,4,4,65,34,31,25,14,11
58108902,26,11,15,2,1,1,1,0,1,15,7,8,8,3,5
58108903,181,86,95,10,2,8,13,4,9,95,49,46,63,31,32
1753740,0,0,0,0,0,0,0,0,0,0,0,0,0,0,0
1753910,0,0,0,0,0,0,0,0,0,0,0,0,0,0,0
3038870,0,0,0,0,0,0,0,0,0,0,0,0,0,0,0
57989101,295,149,146,31,14,17,34,14,20,123,65,58,107,56,51
57989102,52,28,24,2,2,0,8,4,4,28,16,12,14,6,8
57989103,48,23,25,3,1,2,1,0,1,29,17,12,15,5,10
57989104,326,173,153,9,5,4,18,6,12,220,119,101,79,43,36
57989106,827,404,423,82,44,38,82,33,49,449,224,225,214,103,111
57989107,25,12,13,2,1,1,6,2,4,17,9,8,0,0,0
57989108,2165,1105,1060,167,81,86,240,132,108,1151,581,570,607,311,296
57989110,758,366,392,75,33,42,64,30,34,434,217,217,185,86,99
57989111,130,67,63,8,3,5,19,8,11,55,29,26,48,27,21
57989112,103,52,51,8,4,4,21,8,13,38,20,18,36,20,16
57989113,58,31,27,5,2,3,16,9,7,27,14,13,10,6,4
57989114,193,90,103,31,16,15,20,11,9,107,49,58,35,14,21
57989115,1483,716,767,111,44,67,211,96,115,792,384,408,369,192,177
57989116,969,481,488,70,32,38,170,73,97,508,267,241,221,109,112
57989118,4172,1902,2270,352,125,227,423,157,266,2310,1113,1197,1087,507,580
57989119,669,383,286,51,25,26,68,34,34,307,164,143,243,160,83
57989120,1513,744,769,137,56,81,167,70,97,778,395,383,431,223,208
57989122,172,55,117,8,6,2,1,1,0,30,15,15,133,33,100
58110101,28,16,12,2,1,1,2,1,1,16,8,8,8,6,2
58110102,228,124,104,14,7,7,43,21,22,87,49,38,84,47,37
58111901,720,359,361,56,32,24,133,59,74,321,162,159,210,106,104
57248901,132,65,67,13,5,8,11,3,8,67,33,34,41,24,17
58114301,117,65,52,5,2,3,43,25,18,44,26,18,25,12,13
58114302,206,105,101,19,8,11,38,20,18,85,45,40,64,32,32
58115101,147,70,77,14,6,8,11,4,7,65,29,36,57,31,26
58115102,62,32,30,0,0,0,8,5,3,26,11,15,28,16,12
58115103,547,278,269,52,22,30,71,34,37,232,120,112,192,102,90
54802201,78,40,38,7,3,4,10,4,6,26,17,9,35,16,19
54802202,73,37,36,4,2,2,7,5,2,32,16,16,30,14,16
0673930,0,0,0,0,0,0,0,0,0,0,0,0,0,0,0
58117801,97,47,50,6,3,3,25,10,15,32,16,16,34,18,16
58117803,845,433,412,76,39,37,171,74,97,270,150,120,328,170,158
1882710,0,0,0,0,0,0,0,0,0,0,0,0,0,0,0
1882980,0,0,0,0,0,0,0,0,0,0,0,0,0,0,0
3038950,0,0,0,0,0,0,0,0,0,0,0,0,0,0,0
58118601,98,55,43,13,7,6,12,7,5,53,32,21,20,9,11
58118602,166,87,79,13,4,9,20,8,12,79,48,31,54,27,27
58118603,46,24,22,6,3,3,2,1,1,26,15,11,12,5,7
58118604,102,55,47,11,5,6,8,5,3,49,27,22,34,18,16
58118605,85,46,39,8,4,4,9,4,5,39,21,18,29,17,12
58118606,107,55,52,4,2,2,10,6,4,52,26,26,41,21,20
58118607,156,83,73,12,5,7,16,6,10,71,38,33,57,34,23
58118608,45,33,12,4,4,0,18,10,8,6,3,3,17,16,1
58118609,249,117,132,15,5,10,20,9,11,130,68,62,84,35,49
58118610,212,104,108,5,1,4,25,14,11,110,56,54,72,33,39
58118612,1015,519,496,78,36,42,154,73,81,470,251,219,313,159,154
58118613,1988,973,1015,191,92,99,272,125,147,966,469,497,559,287,272
58118614,2316,1098,1218,192,82,110,224,95,129,1150,555,595,750,366,384
58118615,43,21,22,6,3,3,6,4,2,21,11,10,10,3,7
58118616,1376,653,723,100,48,52,172,69,103,687,333,354,417,203,214
58118617,48,28,20,2,2,0,4,2,2,30,16,14,12,8,4
58118618,263,132,131,24,7,17,33,15,18,143,79,64,63,31,32
58118619,241,118,123,8,4,4,97,43,54,9,5,4,127,66,61
58118620,807,432,375,64,31,33,105,47,58,339,178,161,299,176,123
58118621,936,471,465,74,33,41,112,61,51,491,249,242,259,128,131
58118623,24,13,11,2,1,1,4,1,3,12,7,5,6,4,2
58118625,73,41,32,9,6,3,14,7,7,32,18,14,18,10,8
58118626,1673,831,842,132,64,68,210,90,120,758,388,370,573,289,284
58119401,40,25,15,4,2,2,10,6,4,13,7,6,13,10,3
58119402,52,28,24,7,4,3,7,4,3,18,9,9,20,11,9
58120801,152,74,78,13,7,6,28,12,16,57,29,28,54,26,28
58120802,133,72,61,6,2,4,12,8,4,43,21,22,72,41,31
58120803,28,13,15,2,1,1,1,0,1,18,9,9,7,3,4
58120804,423,210,213,35,14,21,44,15,29,205,107,98,139,74,65
58121601,67,36,31,8,4,4,6,5,1,22,12,10,31,15,16
58121602,167,84,83,14,3,11,23,9,14,56,28,28,74,44,30
58122401,41,16,25,2,1,1,1,0,1,15,4,11,23,11,12
58122402,58,25,33,3,2,1,2,1,1,33,13,20,20,9,11
58122403,184,99,85,13,7,6,11,4,7,123,65,58,37,23,14
58122404,60,33,27,1,1,0,6,3,3,24,15,9,29,14,15
58122405,374,185,189,23,9,14,22,8,14,227,117,110,102,51,51
58123201,208,96,112,16,8,8,32,13,19,91,48,43,69,27,42
58125901,2112,1021,1091,184,78,106,243,99,144,1105,570,535,580,274,306
58125902,730,372,358,47,25,22,78,36,42,349,178,171,256,133,123
58125903,139,74,65,18,8,10,21,10,11,67,41,26,33,15,18
58125904,85,47,38,11,5,6,5,3,2,37,26,11,32,13,19
58125905,423,214,209,38,17,21,50,21,29,209,107,102,126,69,57
58125906,902,425,477,99,39,60,117,43,74,399,204,195,287,139,148
58125907,36,19,17,2,1,1,11,5,6,13,8,5,10,5,5
58125909,131,68,63,21,10,11,12,6,6,78,40,38,20,12,8
58125910,1230,599,631,116,48,68,115,47,68,641,326,315,358,178,180
58126701,39,19,20,0,0,0,5,1,4,7,5,2,27,13,14
58126702,253,157,96,29,17,12,19,6,13,55,24,31,150,110,40
58127501,971,484,487,70,39,31,98,38,60,517,263,254,286,144,142
54619401,121,60,61,9,6,3,20,8,12,38,20,18,54,26,28
54826001,155,90,65,16,8,8,14,8,6,85,51,34,40,23,17
57356601,162,84,78,13,8,5,34,18,16,60,30,30,55,28,27
57356602,52,27,25,7,2,5,3,1,2,30,17,13,12,7,5
54843001,225,118,107,19,9,10,29,13,16,77,47,30,100,49,51
56845701,174,92,82,25,9,16,34,19,15,64,33,31,51,31,20
56845702,62,28,34,8,2,6,13,5,8,27,14,13,14,7,7
56845703,54,27,27,7,2,5,10,4,6,17,9,8,20,12,8
57355802,66,32,34,11,3,8,10,4,6,37,20,17,8,5,3
56846501,51,25,26,2,2,0,11,4,7,17,7,10,21,12,9
56846502,73,36,37,5,4,1,9,3,6,22,10,12,37,19,18
54827801,168,79,89,19,9,10,26,7,19,51,24,27,72,39,33
56849001,161,87,74,8,4,4,48,26,22,55,30,25,50,27,23
54837501,87,42,45,11,6,5,9,4,5,34,18,16,33,14,19
56850301,67,32,35,2,1,1,16,5,11,14,8,6,35,18,17
56850302,980,499,481,104,48,56,165,74,91,395,220,175,316,157,159
56852001,149,76,73,12,5,7,31,15,16,55,28,27,51,28,23
56852002,49,25,24,8,3,5,4,2,2,17,8,9,20,12,8
56852003,35,21,14,0,0,0,14,7,7,15,11,4,6,3,3
56852004,69,34,35,2,1,1,13,7,6,17,10,7,37,16,21
56852005,32,17,15,1,0,1,6,3,3,10,6,4,15,8,7
56853801,425,208,217,57,29,28,75,30,45,136,70,66,157,79,78
56859701,378,194,184,47,21,26,52,21,31,149,84,65,130,68,62
56859702,27,11,16,4,1,3,2,1,1,10,5,5,11,4,7
56860101,747,387,360,54,22,32,122,59,63,327,176,151,244,130,114
56860103,57,27,30,7,5,2,13,2,11,24,12,12,13,8,5
56860104,38,16,22,3,0,3,4,1,3,10,6,4,21,9,12
56860105,63,32,31,9,4,5,17,9,8,25,14,11,12,5,7
54844801,92,41,51,6,2,4,9,3,6,50,29,21,27,7,20
56861901,171,81,90,16,6,10,23,11,12,92,47,45,40,17,23
56863502,2268,1133,1135,246,104,142,243,106,137,1023,536,487,756,387,369
56863504,64,28,36,6,2,4,1,1,0,39,18,21,18,7,11
56863505,52,29,23,6,5,1,5,2,3,8,5,3,33,17,16
56863507,60,26,34,6,4,2,10,2,8,9,4,5,35,16,19
56863508,21,11,10,5,2,3,5,1,4,9,7,2,2,1,1
56863509,76,35,41,7,2,5,16,7,9,28,13,15,25,13,12
56863510,52,27,25,8,3,5,8,4,4,22,13,9,14,7,7
56865101,27,15,12,2,1,1,6,3,3,9,5,4,10,6,4
56865102,163,108,55,12,4,8,35,19,16,33,18,15,83,67,16
56865103,97,52,45,9,5,4,7,2,5,34,20,14,47,25,22
56865104,983,489,494,128,65,63,141,63,78,388,201,187,326,160,166
56866001,892,448,444,82,41,41,243,108,135,272,144,128,295,155,140
56866002,54,26,28,5,2,3,5,2,3,20,9,11,24,13,11
56866003,20,12,8,5,3,2,4,2,2,4,3,1,7,4,3
56841401,70,37,33,17,10,7,18,9,9,27,13,14,8,5,3
56841402,54,23,31,6,2,4,12,6,6,15,6,9,21,9,12
56841403,432,217,215,35,21,14,61,25,36,171,96,75,165,75,90
56841404,95,51,44,8,3,5,12,7,5,48,28,20,27,13,14
56841405,395,208,187,36,16,20,55,28,27,197,107,90,107,57,50
56841406,25,12,13,6,4,2,11,5,6,6,2,4,2,1,1
56841407,67,36,31,15,9,6,7,2,5,28,15,13,17,10,7
56841409,132,68,64,22,13,9,23,10,13,44,22,22,43,23,20
56841410,61,37,24,8,5,3,5,4,1,30,15,15,18,13,5
56841411,86,47,39,14,7,7,7,3,4,27,15,12,38,22,16
56841412,234,121,113,21,8,13,16,6,10,122,66,56,75,41,34
56841413,74,39,35,5,3,2,8,4,4,36,20,16,25,12,13
56841414,126,68,58,10,5,5,20,7,13,57,33,24,39,23,16
56841415,212,101,111,13,5,8,27,13,14,83,40,43,89,43,46
56841416,71,34,37,9,3,6,11,5,6,35,18,17,16,8,8
56841417,291,152,139,32,16,16,46,26,20,140,70,70,73,40,33
56841418,251,130,121,24,8,16,28,12,16,127,70,57,72,40,32
56841419,429,208,221,34,14,20,50,19,31,199,103,96,146,72,74
56841420,1799,923,876,151,61,90,185,84,101,763,394,369,700,384,316
56841421,306,151,155,18,5,13,38,16,22,157,83,74,93,47,46
56841423,1078,512,566,92,40,52,100,45,55,572,285,287,314,142,172
56841424,1624,778,846,136,55,81,140,52,88,850,427,423,498,244,254
56841425,2470,1198,1272,263,112,151,339,142,197,1175,610,565,693,334,359
56841426,1126,510,616,93,36,57,95,38,57,557,254,303,381,182,199
56841429,1679,784,895,154,66,88,277,108,169,708,369,339,540,241,299
56841430,335,165,170,30,10,20,36,17,19,149,80,69,120,58,62
56841431,75,34,41,7,4,3,5,1,4,43,19,24,20,10,10
56841432,1051,523,528,91,38,53,113,46,67,561,289,272,286,150,136
56841433,292,171,121,30,17,13,39,15,24,77,49,28,146,90,56
56841434,1343,630,713,141,57,84,150,65,85,621,304,317,431,204,227
56841435,904,441,463,71,25,46,122,54,68,457,241,216,254,121,133
56841436,199,111,88,24,13,11,24,11,13,103,63,40,48,24,24
56841437,862,424,438,78,39,39,84,38,46,390,197,193,310,150,160
56841438,817,410,407,68,39,29,146,71,75,356,169,187,247,131,116
56841439,2263,1040,1223,186,81,105,238,97,141,1085,539,546,754,323,431
56841440,877,413,464,62,25,37,92,30,62,428,225,203,295,133,162
56841441,276,153,123,20,8,12,37,21,16,141,80,61,78,44,34
56841442,346,180,166,35,24,11,38,18,20,170,84,86,103,54,49
56841443,93,48,45,3,2,1,10,4,6,40,21,19,40,21,19
56867801,589,304,285,37,13,24,46,19,27,246,134,112,260,138,122
56867802,57,25,32,7,1,6,10,6,4,30,12,18,10,6,4
56867803,66,33,33,7,4,3,7,2,5,28,15,13,24,12,12
56867804,133,64,69,11,3,8,3,0,3,72,41,31,47,20,27
56867805,21,11,10,3,3,0,3,1,2,10,4,6,5,3,2
56867806,81,39,42,7,2,5,6,2,4,39,21,18,29,14,15
56867807,68,36,32,11,5,6,8,3,5,37,22,15,12,6,6
56867808,64,37,27,9,5,4,11,8,3,11,6,5,33,18,15
54859602,51,24,27,6,2,4,5,2,3,23,11,12,17,9,8
0400700,0,0,0,0,0,0,0,0,0,0,0,0,0,0,0
56869401,24,13,11,0,0,0,8,6,2,11,4,7,5,3,2
56869402,380,193,187,42,22,20,67,33,34,138,67,71,133,71,62
56869403,69,37,32,7,4,3,17,8,9,16,8,8,29,17,12
56869404,64,33,31,7,4,3,9,3,6,22,13,9,26,13,13
56869406,77,42,35,6,2,4,15,10,5,26,15,11,30,15,15
0431502,0,0,0,0,0,0,0,0,0,0,0,0,0,0,0
56870801,468,248,220,47,22,25,183,95,88,149,81,68,89,50,39
56870803,43,23,20,9,3,6,20,10,10,8,5,3,6,5,1
56870804,58,26,32,5,2,3,28,10,18,8,6,2,17,8,9
54824301,68,40,28,5,3,2,25,14,11,21,14,7,17,9,8
56872401,30,12,18,4,1,3,10,4,6,3,1,2,13,6,7
56872402,166,90,76,13,7,6,35,17,18,70,36,34,48,30,18
56872403,43,22,21,10,6,4,14,9,5,7,2,5,12,5,7
53064601,241,127,114,22,13,9,26,12,14,77,43,34,116,59,57
0529140,0,0,0,0,0,0,0,0,0,0,0,0,0,0,0
1359842,0,0,0,0,0,0,0,0,0,0,0,0,0,0,0
56875901,266,142,124,19,8,11,35,19,16,121,65,56,91,50,41
56875902,69,30,39,11,4,7,14,4,10,23,10,13,21,12,9
56875904,113,59,54,10,6,4,13,6,7,48,27,21,42,20,22
56875905,136,70,66,22,12,10,19,9,10,56,32,24,39,17,22
56875906,74,42,32,6,3,3,6,5,1,42,22,20,20,12,8
56875907,91,48,43,14,9,5,17,9,8,18,8,10,42,22,20
56875908,139,69,70,10,4,6,15,5,10,75,37,38,39,23,16
56875909,23,15,8,3,1,2,6,3,3,8,6,2,6,5,1
56875910,101,48,53,16,8,8,22,10,12,36,18,18,27,12,15
56875911,235,123,112,20,8,12,30,15,15,92,49,43,93,51,42
56875912,670,327,343,71,32,39,126,56,70,282,144,138,191,95,96
56875913,376,180,196,37,12,25,51,26,25,204,105,99,84,37,47
56875914,732,361,371,91,46,45,68,25,43,330,177,153,243,113,130
56875916,39,24,15,1,1,0,2,1,1,24,14,10,12,8,4
56875917,633,305,328,51,20,31,93,37,56,312,159,153,177,89,88
56875918,247,124,123,27,13,14,20,11,9,157,78,79,43,22,21
56875921,28,18,10,5,1,4,4,3,1,17,12,5,2,2,0
56875922,1510,745,765,151,63,88,169,64,105,638,331,307,552,287,265
56875923,38,18,20,7,3,4,3,1,2,15,9,6,13,5,8
56875924,1482,719,763,149,66,83,214,99,115,598,312,286,521,242,279
56875927,1785,860,925,146,67,79,161,64,97,924,466,458,554,263,291
56876701,114,63,51,9,6,3,7,3,4,51,29,22,47,25,22
57357401,37,14,23,4,1,3,7,2,5,20,9,11,6,2,4
57357402,111,63,48,11,5,6,28,15,13,42,26,16,30,17,13
56878301,38,16,22,6,1,5,7,3,4,15,8,7,10,4,6
56878302,45,26,19,4,1,3,1,0,1,12,7,5,28,18,10
56880501,48,25,23,2,2,0,3,2,1,21,10,11,22,11,11
56880502,148,78,70,14,7,7,25,11,14,58,32,26,51,28,23
56880504,54,26,28,3,1,2,7,3,4,22,11,11,22,11,11
54841301,117,60,57,13,6,7,18,9,9,48,25,23,38,20,18
54621601,226,113,113,18,6,12,35,19,16,103,52,51,70,36,34
56882101,70,41,29,9,6,3,22,11,11,16,10,6,23,14,9
56882102,264,128,136,16,7,9,45,19,26,94,47,47,109,55,54
56882103,46,22,24,4,3,1,4,3,1,25,10,15,13,6,7
56884801,259,132,127,35,18,17,35,14,21,105,55,50,84,45,39
56885601,77,40,37,7,4,3,6,3,3,54,30,24,10,3,7
56885603,36,20,16,5,4,1,8,3,5,13,6,7,10,7,3
54828601,62,32,30,3,2,1,16,6,10,27,15,12,16,9,7
54828602,261,131,130,27,8,19,33,14,19,112,61,51,89,48,41
54828603,23,11,12,1,0,1,7,5,2,4,2,2,11,4,7
54828604,85,44,41,6,3,3,16,9,7,30,18,12,33,14,19
54852901,177,81,96,26,10,16,25,13,12,60,26,34,66,32,34
56888101,157,79,78,14,9,5,29,13,16,68,33,35,46,24,22
54818901,197,98,99,28,15,13,25,10,15,82,43,39,62,30,32
56889901,81,40,41,4,1,3,23,10,13,28,14,14,26,15,11
56889902,20,10,10,2,2,0,8,3,5,8,4,4,2,1,1
56889903,24,13,11,2,1,1,9,5,4,7,4,3,6,3,3
56889905,75,31,44,4,2,2,3,1,2,34,16,18,34,12,22
56890201,140,74,66,14,5,9,19,9,10,57,33,24,50,27,23
56890203,578,289,289,45,20,25,87,36,51,234,131,103,212,102,110
56890204,82,40,42,8,3,5,13,7,6,29,13,16,32,17,15
54861801,51,25,26,5,3,2,2,1,1,20,10,10,24,11,13
54861802,58,29,29,6,5,1,11,6,5,17,7,10,24,11,13
56892901,49,27,22,0,0,0,11,4,7,17,10,7,21,13,8
56892903,83,41,42,6,3,3,8,3,5,31,15,16,38,20,18
56892904,38,21,17,2,1,1,6,3,3,20,11,9,10,6,4
56892905,52,27,25,4,3,1,1,1,0,21,12,9,26,11,15
56892907,23,12,11,0,0,0,1,0,1,9,5,4,13,7,6
56892908,176,92,84,22,7,15,28,13,15,87,49,38,39,23,16
56892909,31,15,16,4,2,2,5,2,3,9,4,5,13,7,6
56892910,46,24,22,7,5,2,9,4,5,10,6,4,20,9,11
56892911,21,11,10,1,0,1,5,3,2,7,5,2,8,3,5
56893701,119,60,59,14,4,10,10,2,8,50,28,22,45,26,19
56894501,67,31,36,8,4,4,13,7,6,26,11,15,20,9,11
56894502,1268,648,620,116,55,61,319,152,167,505,275,230,328,166,162
56894503,183,100,83,15,7,8,11,6,5,94,52,42,63,35,28
54857001,109,61,48,10,3,7,26,14,12,43,26,17,30,18,12
56895302,157,85,72,16,6,10,19,8,11,69,42,27,53,29,24
56895303,64,33,31,12,6,6,13,6,7,20,11,9,19,10,9
54830801,118,66,52,10,3,7,7,5,2,52,31,21,49,27,22
54830802,28,18,10,2,1,1,1,0,1,12,8,4,13,9,4
56897001,95,47,48,9,4,5,30,14,16,34,16,18,22,13,9
54848101,25,15,10,0,0,0,0,0,0,8,5,3,17,10,7
54848102,29,15,14,0,0,0,5,3,2,9,4,5,15,8,7
3120450,0,0,0,0,0,0,0,0,0,0,0,0,0,0,0
56898801,201,102,99,11,6,5,29,10,19,88,49,39,73,37,36
56898802,91,44,47,16,7,9,25,13,12,26,11,15,24,13,11
56898803,45,21,24,7,5,2,10,2,8,15,8,7,13,6,7
56898804,486,244,242,52,25,27,83,36,47,200,104,96,151,79,72
56898805,485,253,232,51,26,25,73,34,39,210,114,96,151,79,72
56898806,659,320,339,75,41,34,114,39,75,276,140,136,194,100,94
56898807,89,63,26,4,2,2,11,5,6,21,13,8,53,43,10
56898808,1138,571,567,122,58,64,221,96,125,417,230,187,378,187,191
56898809,1614,745,869,169,67,102,236,107,129,693,333,360,516,238,278
56899601,83,39,44,7,3,4,24,9,15,35,16,19,17,11,6
56901101,64,31,33,15,5,10,13,6,7,21,12,9,15,8,7
56901102,368,182,186,30,11,19,52,22,30,151,81,70,135,68,67
56901103,40,22,18,8,4,4,13,8,5,4,2,2,15,8,7
56901104,41,19,22,5,3,2,8,4,4,10,6,4,18,6,12
56902003,61,28,33,9,2,7,2,1,1,24,14,10,26,11,15
56902004,49,25,24,10,4,6,3,3,0,19,9,10,17,9,8
56902007,59,33,26,9,3,6,13,7,6,16,11,5,21,12,9
56902008,571,281,290,48,19,29,72,30,42,228,117,111,223,115,108
56902009,83,45,38,10,6,4,11,5,6,36,21,15,26,13,13
56903801,160,84,76,21,13,8,32,13,19,49,26,23,58,32,26
56903802,31,13,18,0,0,0,9,3,6,5,3,2,17,7,10
56903803,811,401,410,110,51,59,60,30,30,351,170,181,290,150,140
56903804,136,68,68,6,3,3,26,12,14,57,29,28,47,24,23
56904601,29,16,13,2,1,1,2,2,0,13,5,8,12,8,4
56904602,537,292,245,45,21,24,64,29,35,229,125,104,199,117,82
56904603,32,18,14,1,1,0,7,2,5,14,10,4,10,5,5
56906201,29,10,19,1,0,1,14,2,12,6,3,3,8,5,3
56906202,555,288,267,39,18,21,93,45,48,260,144,116,163,81,82
56906203,28,13,15,4,3,1,4,1,3,13,7,6,7,2,5
56907101,201,101,100,9,2,7,27,10,17,79,39,40,86,50,36
56908901,40,22,18,2,1,1,9,2,7,17,12,5,12,7,5
56908903,25,12,13,1,1,0,4,2,2,11,4,7,9,5,4
56908904,55,34,21,3,2,1,4,2,2,26,18,8,22,12,10
56908905,26,12,14,7,2,5,0,0,0,13,6,7,6,4,2
56908906,425,208,217,34,16,18,77,33,44,182,89,93,132,70,62
56908907,33,17,16,3,0,3,9,4,5,12,8,4,9,5,4
54831601,224,119,105,12,6,6,46,24,22,97,49,48,69,40,29
56912701,155,79,76,15,7,8,50,22,28,33,17,16,57,33,24
54819701,66,31,35,6,3,3,9,2,7,19,9,10,32,17,15
56916001,499,252,247,24,12,12,62,25,37,197,103,94,216,112,104
56916002,41,21,20,5,3,2,6,2,4,17,8,9,13,8,5
56915101,114,54,60,18,5,13,10,6,4,38,19,19,48,24,24
55526601,504,250,254,35,15,20,59,26,33,246,130,116,164,79,85
55526602,26,17,9,2,1,1,3,1,2,9,6,3,12,9,3
56918601,187,95,92,25,15,10,39,16,23,59,34,25,64,30,34
56918602,755,380,375,72,28,44,82,32,50,308,170,138,293,150,143
56918603,54,26,28,2,1,1,10,4,6,24,12,12,18,9,9
56918604,137,63,74,14,5,9,9,2,7,64,32,32,50,24,26
56918605,118,55,63,10,4,6,27,11,16,49,25,24,32,15,17
56918606,82,36,46,13,6,7,6,2,4,39,20,19,24,8,16
56918607,25,14,11,0,0,0,3,2,1,18,10,8,4,2,2
54858801,248,123,125,23,11,12,25,9,16,120,64,56,80,39,41
54858802,26,12,14,3,2,1,4,2,2,12,4,8,7,4,3
56920801,192,96,96,15,9,6,87,41,46,24,14,10,66,32,34
56921601,379,182,197,31,13,18,64,27,37,127,69,58,157,73,84
54835901,146,73,73,21,9,12,46,21,25,40,20,20,39,23,16
56922401,353,175,178,44,17,27,93,43,50,122,69,53,94,46,48
56923201,175,88,87,12,6,6,24,11,13,60,32,28,79,39,40
56924102,120,64,56,3,1,2,21,12,9,43,21,22,53,30,23
54863402,52,29,23,5,2,3,6,3,3,29,18,11,12,6,6
54863403,78,42,36,5,4,1,17,6,11,19,11,8,37,21,16
54825101,123,64,59,9,5,4,25,12,13,39,19,20,50,28,22
56929101,595,292,303,55,22,33,66,38,28,297,139,158,177,93,84
56929102,41,23,18,3,1,2,7,4,3,19,14,5,12,4,8
56929103,60,30,30,7,3,4,18,7,11,14,9,5,21,11,10
57359101,75,39,36,7,4,3,13,5,8,32,17,15,23,13,10
56931301,54,26,28,16,10,6,10,4,6,9,3,6,19,9,10
56931302,49,25,24,1,1,0,14,5,9,24,15,9,10,4,6
56931303,36,15,21,3,2,1,21,6,15,4,3,1,8,4,4
56932101,101,47,54,3,2,1,48,24,24,12,6,6,38,15,23
56932102,165,95,70,16,8,8,39,20,19,65,40,25,45,27,18
56932103,198,101,97,21,11,10,65,31,34,57,33,24,55,26,29
56932104,97,53,44,6,6,0,56,28,28,14,8,6,21,11,10
56932105,83,41,42,7,4,3,37,17,20,25,10,15,14,10,4
56932106,90,42,48,18,10,8,29,14,15,23,11,12,20,7,13
56932107,32,12,20,5,2,3,11,3,8,9,4,5,7,3,4
56932108,2845,1411,1434,325,134,191,741,324,417,957,523,434,822,430,392
56932109,49,23,26,2,1,1,25,9,16,12,6,6,10,7,3
56932110,110,56,54,15,5,10,6,2,4,48,25,23,41,24,17
56932111,53,28,25,6,4,2,18,10,8,11,6,5,18,8,10
56934801,417,209,208,47,19,28,44,19,25,168,86,82,158,85,73
56936401,159,85,74,20,11,9,28,12,16,49,28,21,62,34,28
56939901,31,15,16,6,2,4,16,8,8,3,1,2,6,4,2
56939902,449,230,219,36,13,23,88,44,44,191,108,83,134,65,69
56940201,29,14,15,2,1,1,3,1,2,13,6,7,11,6,5
56940202,136,69,67,8,3,5,21,6,15,75,46,29,32,14,18
56941101,69,36,33,3,2,1,8,3,5,33,18,15,25,13,12
56942901,309,163,146,19,9,10,87,38,49,81,49,32,122,67,55
54842101,168,86,82,8,5,3,54,25,29,43,21,22,63,35,28
54842102,113,54,59,9,5,4,43,17,26,29,16,13,32,16,16
54832401,90,46,44,14,7,7,7,3,4,19,10,9,50,26,24
56946102,95,47,48,10,2,8,13,5,8,43,24,19,29,16,13
56946103,78,35,43,3,3,0,6,2,4,37,17,20,32,13,19
56947001,290,148,142,21,10,11,88,45,43,113,56,57,68,37,31
54855301,113,64,49,5,3,2,32,12,20,29,18,11,47,31,16
1501770,0,0,0,0,0,0,0,0,0,0,0,0,0,0,0
56948801,25,13,12,4,2,2,1,0,1,13,9,4,7,2,5
56948804,128,70,58,14,6,8,35,18,17,49,32,17,30,14,16
56948805,141,71,70,12,3,9,29,12,17,54,34,20,46,22,24
54834101,67,38,29,7,4,3,10,5,5,25,14,11,25,15,10
54849901,41,21,20,1,0,1,7,2,5,13,5,8,20,14,6
57360401,76,41,35,16,6,10,14,8,6,21,15,6,25,12,13
57360402,66,27,39,6,3,3,11,5,6,30,16,14,19,3,16
56951801,20,13,7,2,1,1,0,0,0,12,8,4,6,4,2
56951802,630,324,306,51,23,28,47,20,27,312,163,149,220,118,102
56951803,60,31,29,4,2,2,16,6,10,22,13,9,18,10,8
56953401,253,132,121,28,14,14,44,25,19,89,48,41,92,45,47
56956902,52,26,26,4,2,2,3,0,3,35,20,15,10,4,6
56956904,59,28,31,8,5,3,16,5,11,30,16,14,5,2,3
56956905,138,63,75,8,2,6,21,10,11,56,28,28,53,23,30
56956906,77,41,36,7,3,4,10,3,7,31,17,14,29,18,11
56956907,59,30,29,7,4,3,13,6,7,23,14,9,16,6,10
56956908,106,51,55,9,3,6,8,4,4,65,33,32,24,11,13
56956909,64,30,34,3,1,2,1,0,1,19,10,9,41,19,22
56956910,30,15,15,5,3,2,2,1,1,8,4,4,15,7,8
56956911,38,21,17,4,2,2,1,0,1,8,4,4,25,15,10
56956912,159,77,82,18,10,8,9,4,5,59,30,29,73,33,40
56956913,125,67,58,18,10,8,6,2,4,63,37,26,38,18,20
56956914,221,113,108,18,7,11,24,13,11,104,53,51,75,40,35
56956915,43,21,22,1,0,1,4,1,3,24,12,12,14,8,6
56956916,87,44,43,3,2,1,9,4,5,38,19,19,37,19,18
56956918,108,55,53,9,4,5,5,0,5,54,29,25,40,22,18
56956919,4579,2203,2376,384,160,224,527,243,284,2107,1062,1045,1561,738,823
56956920,909,99,810,127,1,126,131,0,131,273,4,269,378,94,284
56956921,104,51,53,5,2,3,11,5,6,54,27,27,34,17,17
56956922,99,52,47,9,4,5,7,3,4,39,23,16,44,22,22
56956923,31,17,14,0,0,0,3,1,2,20,11,9,8,5,3
56956924,49,23,26,5,3,2,2,0,2,18,7,11,24,13,11
56958501,52,29,23,3,1,2,18,12,6,12,6,6,19,10,9
56958502,42,20,22,6,2,4,1,1,0,19,9,10,16,8,8
56958503,682,350,332,60,26,34,74,33,41,325,172,153,223,119,104
56959301,107,54,53,8,3,5,5,2,3,56,31,25,38,18,20
56959302,97,51,46,7,3,4,7,5,2,42,21,21,41,22,19
56959303,110,56,54,20,6,14,13,9,4,43,22,21,34,19,15
56959304,78,40,38,7,4,3,4,3,1,31,16,15,36,17,19
56959305,1394,703,691,151,62,89,142,53,89,712,380,332,389,208,181
56959306,117,62,55,5,2,3,8,2,6,87,47,40,17,11,6
56961501,76,37,39,11,4,7,14,8,6,14,6,8,37,19,18
56961502,292,150,142,35,16,19,67,34,33,99,54,45,91,46,45
56962301,26,14,12,0,0,0,0,0,0,7,3,4,19,11,8
56962302,52,28,24,6,3,3,8,4,4,22,11,11,16,10,6
56962303,52,28,24,4,1,3,8,4,4,23,14,9,17,9,8
56962304,36,15,21,0,0,0,10,4,6,15,6,9,11,5,6
56964001,32,17,15,2,1,1,2,0,2,16,9,7,12,7,5
56964002,62,29,33,8,5,3,19,6,13,17,10,7,18,8,10
56964003,91,46,45,17,6,11,21,10,11,29,16,13,24,14,10
56964004,320,162,158,29,16,13,58,25,33,144,75,69,89,46,43
54853701,48,24,24,3,1,2,11,4,7,19,11,8,15,8,7
56965801,83,43,40,5,2,3,8,4,4,30,18,12,40,19,21
56965802,20,12,8,1,1,0,5,3,2,5,4,1,9,4,5
56965803,573,283,290,53,21,32,100,44,56,217,116,101,203,102,101
56967401,74,31,43,11,6,5,25,9,16,9,5,4,29,11,18
56967402,242,108,134,28,12,16,50,20,30,104,49,55,60,27,33
56968201,580,293,287,43,26,17,78,32,46,258,130,128,201,105,96
56969101,40,18,22,2,1,1,4,1,3,7,5,2,27,11,16
56969102,99,52,47,6,1,5,10,5,5,58,34,24,25,12,13
56969103,99,54,45,12,4,8,12,7,5,33,21,12,42,22,20
56969105,572,292,280,43,25,18,80,37,43,270,134,136,179,96,83
56970401,161,81,80,23,15,8,31,14,17,56,29,27,51,23,28
56970402,249,120,129,12,6,6,90,43,47,64,32,32,83,39,44
56971201,32,14,18,2,1,1,11,4,7,11,6,5,8,3,5
56971203,65,31,34,18,8,10,16,8,8,15,7,8,16,8,8
56971205,195,94,101,19,8,11,30,13,17,64,30,34,82,43,39
56971206,516,254,262,41,18,23,71,29,42,204,105,99,200,102,98
56971207,36,17,19,7,4,3,7,1,6,15,8,7,7,4,3
56971208,27,12,15,4,2,2,1,0,1,15,8,7,7,2,5
56971209,60,25,35,5,2,3,13,6,7,26,9,17,16,8,8
56972101,256,128,128,19,9,10,55,25,30,96,49,47,86,45,41
57358201,169,86,83,9,3,6,31,15,16,80,43,37,49,25,24
56973901,42,23,19,4,3,1,3,3,0,8,2,6,27,15,12
53065402,51,25,26,8,4,4,4,1,3,34,17,17,5,3,2
53065403,198,97,101,24,6,18,5,5,0,92,46,46,77,40,37
54862601,69,30,39,3,2,1,6,2,4,30,13,17,30,13,17
53066201,145,70,75,10,2,8,27,10,17,51,27,24,57,31,26
3395800,0,0,0,0,0,0,0,0,0,0,0,0,0,0,0
56978001,235,117,118,28,8,20,21,11,10,106,58,48,80,40,40
56978002,116,55,61,10,7,3,19,5,14,44,20,24,43,23,20
56978003,36,23,13,5,4,1,7,4,3,12,7,5,12,8,4
56978004,93,45,48,7,4,3,10,4,6,40,21,19,36,16,20
56978005,141,65,76,8,4,4,38,17,21,45,22,23,50,22,28
56978006,89,43,46,14,5,9,6,2,4,51,27,24,18,9,9
56978007,93,50,43,3,1,2,12,5,7,32,20,12,46,24,22
56978008,2166,1051,1115,193,84,109,286,119,167,934,471,463,753,377,376
56978009,25,13,12,5,4,1,1,0,1,13,8,5,6,1,5
56980101,35,15,20,0,0,0,14,6,8,6,3,3,15,6,9
56980103,348,167,181,41,25,16,64,27,37,92,46,46,151,69,82
58685401,174,91,83,26,15,11,60,29,31,32,18,14,56,29,27
58686201,157,75,82,9,4,5,23,13,10,79,38,41,46,20,26
58686202,1626,819,807,153,80,73,315,142,173,620,314,306,538,283,255
58686203,98,50,48,14,8,6,8,4,4,38,17,21,38,21,17
58686204,102,56,46,9,3,6,42,23,19,25,17,8,26,13,13
58686205,188,95,93,13,3,10,69,37,32,45,24,21,61,31,30
58686206,105,53,52,12,6,6,19,9,10,37,22,15,37,16,21
58688901,289,146,143,27,15,12,33,18,15,156,78,78,73,35,38
58689701,21,10,11,8,5,3,3,1,2,10,4,6,0,0,0
58689702,105,54,51,12,7,5,27,12,15,39,20,19,27,15,12
58689703,208,106,102,19,8,11,56,25,31,63,33,30,70,40,30
58689704,69,32,37,5,3,2,8,3,5,20,9,11,36,17,19
58690101,118,69,49,6,2,4,41,25,16,24,14,10,47,28,19
58718401,77,38,39,2,0,2,10,6,4,35,15,20,30,17,13
58692701,31,17,14,1,0,1,14,8,6,12,7,5,4,2,2
58692702,127,59,68,22,7,15,31,14,17,48,26,22,26,12,14
58694301,2385,1178,1207,243,123,120,496,213,283,915,472,443,731,370,361
58694302,138,70,68,12,9,3,32,14,18,33,17,16,61,30,31
58694303,83,44,39,5,3,2,35,17,18,28,16,12,15,8,7
58694304,86,48,38,1,1,0,31,18,13,26,14,12,28,15,13
58694305,29,15,14,2,1,1,4,2,2,11,5,6,12,7,5
58694306,218,115,103,26,15,11,104,56,48,42,21,21,46,23,23
58694307,238,122,116,16,10,6,68,34,34,87,42,45,67,36,31
58694308,55,29,26,1,0,1,19,8,11,26,16,10,9,5,4
58694309,71,37,34,8,2,6,17,8,9,23,13,10,23,14,9
58694310,320,161,159,24,11,13,143,65,78,68,40,28,85,45,40
58694311,89,47,42,9,4,5,22,11,11,39,21,18,19,11,8
59037101,97,47,50,8,2,6,21,10,11,42,20,22,26,15,11
58695101,304,152,152,29,11,18,92,47,45,76,44,32,107,50,57
58697802,489,245,244,46,14,32,43,16,27,241,131,110,159,84,75
58697803,27,12,15,0,0,0,2,1,1,16,6,10,9,5,4
58698601,122,59,63,11,7,4,8,3,5,76,36,40,27,13,14
58698602,74,35,39,4,3,1,4,1,3,39,18,21,27,13,14
58700101,61,33,28,2,0,2,19,10,9,29,17,12,11,6,5
58700102,30,17,13,1,1,0,16,8,8,8,6,2,5,2,3
58700103,20,11,9,0,0,0,14,8,6,0,0,0,6,3,3
58711701,70,36,34,12,6,6,17,9,8,31,14,17,10,7,3
58711702,136,62,74,5,3,2,13,5,8,62,29,33,56,25,31
58711703,80,41,39,6,2,4,11,6,5,48,26,22,15,7,8
58701001,372,196,176,23,15,8,99,53,46,121,64,57,129,64,65
58702801,1384,689,695,119,49,70,114,50,64,738,373,365,413,217,196
58702802,37,21,16,1,0,1,5,3,2,22,12,10,9,6,3
58702803,379,199,180,33,14,19,48,24,24,168,95,73,130,66,64
58703601,282,142,140,43,20,23,75,34,41,80,44,36,84,44,40
58704401,890,451,439,85,42,43,116,41,75,393,214,179,296,154,142
58704402,252,129,123,15,7,8,25,12,13,125,68,57,87,42,45
58704403,76,40,36,11,5,6,19,10,9,31,18,13,15,7,8
58706101,99,46,53,8,4,4,55,26,29,18,9,9,18,7,11
58707901,96,49,47,10,5,5,14,4,10,40,22,18,32,18,14
58708701,34,18,16,11,6,5,6,3,3,11,6,5,6,3,3
58708702,141,77,64,4,3,1,18,9,9,64,36,28,55,29,26
58709501,463,237,226,33,19,14,94,43,51,182,91,91,154,84,70
50672901,215,107,108,23,10,13,37,16,21,88,49,39,67,32,35
58710901,28,12,16,3,1,2,10,4,6,13,6,7,2,1,1
58710902,52,27,25,3,1,2,18,7,11,16,10,6,15,9,6
58710903,27,13,14,0,0,0,16,8,8,0,0,0,11,5,6
58710904,24,14,10,3,1,2,6,4,2,8,4,4,7,5,2
58712501,170,96,74,14,5,9,36,21,15,75,42,33,45,28,17
58714101,682,330,352,56,23,33,114,52,62,266,132,134,246,123,123
58715001,76,37,39,8,3,5,13,5,8,20,14,6,35,15,20
58715002,42,26,16,7,3,4,8,4,4,23,15,8,4,4,0
58715003,27,14,13,5,2,3,4,1,3,11,7,4,7,4,3
58716801,309,172,137,31,18,13,27,13,14,134,78,56,117,63,54
58716802,197,108,89,15,8,7,35,18,17,80,44,36,67,38,29
58716803,44,19,25,2,1,1,1,0,1,19,8,11,22,10,12
58720601,88,46,42,19,14,5,17,7,10,25,12,13,27,13,14
58719201,66,37,29,5,3,2,8,4,4,27,14,13,26,16,10
58719202,58,32,26,6,3,3,7,4,3,26,16,10,19,9,10
59068101,104,52,52,13,5,8,19,11,8,41,21,20,31,15,16
58722201,60,33,27,3,2,1,19,10,9,14,8,6,24,13,11
58722202,73,37,36,6,3,3,9,4,5,33,16,17,25,14,11
55028101,55,23,32,10,2,8,2,0,2,28,13,15,15,8,7
55028102,30,11,19,1,0,1,1,1,0,17,6,11,11,4,7
55028103,389,197,192,31,19,12,25,7,18,191,96,95,142,75,67
58724902,555,281,274,53,26,27,163,64,99,172,102,70,167,89,78
58726501,167,85,82,23,14,9,57,29,28,44,23,21,43,19,24
58727301,236,123,113,28,18,10,32,12,20,110,61,49,66,32,34
58728101,112,61,51,8,3,5,13,5,8,64,39,25,27,14,13
0597492,0,0,0,0,0,0,0,0,0,0,0,0,0,0,0
0598712,0,0,0,0,0,0,0,0,0,0,0,0,0,0,0
3041400,0,0,0,0,0,0,0,0,0,0,0,0,0,0,0
3041820,0,0,0,0,0,0,0,0,0,0,0,0,0,0,0
3285110,0,0,0,0,0,0,0,0,0,0,0,0,0,0,0
58684601,201,93,108,6,3,3,20,10,10,110,49,61,65,31,34
58684603,404,192,212,44,23,21,49,20,29,213,107,106,98,42,56
58684604,1743,844,899,190,88,102,223,88,135,873,447,426,457,221,236
58684605,1648,803,845,137,53,84,179,79,100,842,419,423,490,252,238
58684606,145,75,70,17,7,10,17,8,9,76,44,32,35,16,19
58684607,32,14,18,1,0,1,4,2,2,23,11,12,4,1,3
58684608,180,85,95,29,13,16,13,4,9,87,41,46,51,27,24
58684610,606,322,284,39,21,18,59,25,34,315,167,148,193,109,84
58684611,639,312,327,52,24,28,93,42,51,328,174,154,166,72,94
58684612,397,196,201,48,23,25,28,14,14,214,110,104,107,49,58
58684613,111,55,56,8,2,6,7,3,4,61,33,28,35,17,18
58684614,1015,504,511,100,49,51,143,64,79,486,255,231,286,136,150
58684616,46,24,22,5,3,2,13,5,8,20,12,8,8,4,4
58684617,249,138,111,18,9,9,15,7,8,117,64,53,99,58,41
58684618,170,89,81,13,6,7,12,6,6,79,41,38,66,36,30
58684619,112,51,61,5,1,4,12,6,6,59,26,33,36,18,18
58684620,40,16,24,8,4,4,8,2,6,16,8,8,8,2,6
58684621,122,64,58,15,7,8,8,3,5,63,33,30,36,21,15
58684622,72,36,36,6,3,3,4,1,3,30,16,14,32,16,16
58684623,254,126,128,23,11,12,45,21,24,128,69,59,58,25,33
58684624,458,251,207,37,20,17,37,19,18,208,115,93,176,97,79
58684625,119,62,57,9,5,4,5,1,4,73,39,34,32,17,15
58684626,211,105,106,21,11,10,20,9,11,97,51,46,73,34,39
58684627,7100,3411,3689,646,278,368,733,300,433,3642,1810,1832,2079,1023,1056
58684628,23,12,11,2,2,0,2,2,0,11,4,7,8,4,4
58684629,458,216,242,45,18,27,45,21,24,199,102,97,169,75,94
58684630,3349,1565,1784,366,148,218,423,163,260,1654,817,837,906,437,469
58684631,294,151,143,35,18,17,19,8,11,151,78,73,89,47,42
58684632,73,39,34,7,2,5,4,1,3,40,24,16,22,12,10
58684633,3890,1921,1969,376,161,215,520,241,279,1941,1016,925,1053,503,550
58684634,2886,1397,1489,253,101,152,413,184,229,1421,730,691,799,382,417
58684635,302,117,185,34,12,22,65,26,39,94,45,49,109,34,75
58684638,3170,1613,1557,312,165,147,390,171,219,1545,791,754,923,486,437
58684639,44,20,24,10,3,7,3,2,1,21,10,11,10,5,5
58684640,792,386,406,72,30,42,113,44,69,425,218,207,182,94,88
58684641,264,153,111,4,2,2,3,1,2,13,10,3,244,140,104
58684643,223,109,114,33,14,19,18,10,8,112,57,55,60,28,32
58684644,2276,1123,1153,213,94,119,254,110,144,1127,587,540,682,332,350
58684645,144,64,80,15,6,9,13,6,7,85,41,44,31,11,20
58684646,881,432,449,94,42,52,131,48,83,395,202,193,261,140,121
58684647,71,44,27,7,4,3,4,3,1,37,25,12,23,12,11
58684649,717,351,366,67,36,31,83,37,46,395,190,205,172,88,84
58684650,3245,1550,1695,334,134,200,358,138,220,1591,810,781,962,468,494
58684651,3695,1772,1923,388,165,223,501,214,287,1811,902,909,995,491,504
58684653,4130,2235,1895,381,169,212,403,206,197,1616,864,752,1730,996,734
58684654,125,65,60,12,4,8,15,7,8,75,43,32,23,11,12
58684655,3113,1415,1698,327,136,191,407,156,251,1484,708,776,895,415,480
58684657,284,143,141,24,12,12,29,16,13,150,81,69,81,34,47
58729001,188,98,90,23,11,12,35,18,17,70,37,33,60,32,28
58730301,88,48,40,4,3,1,38,19,19,7,3,4,39,23,16
58732001,120,63,57,11,6,5,29,13,16,48,27,21,32,17,15
58733802,144,75,69,19,8,11,23,10,13,64,37,27,38,20,18
58734601,1361,714,647,114,56,58,381,177,204,400,245,155,466,236,230
58734602,59,27,32,2,1,1,25,11,14,18,9,9,14,6,8
58734603,186,93,93,12,7,5,56,29,27,71,36,35,47,21,26
58734604,290,146,144,41,21,20,45,21,24,113,56,57,91,48,43
58736201,173,83,90,17,9,8,27,10,17,85,41,44,44,23,21
58737101,71,31,40,7,3,4,8,3,5,40,17,23,16,8,8
0670322,0,0,0,0,0,0,0,0,0,0,0,0,0,0,0
59084301,132,64,68,21,11,10,40,19,21,35,17,18,36,17,19
59084303,1082,569,513,113,61,52,369,185,184,282,147,135,318,176,142
59084305,107,52,55,16,6,10,25,14,11,38,20,18,28,12,16
58738902,175,85,90,33,16,17,70,33,37,36,20,16,36,16,20
58740101,900,477,423,102,51,51,87,38,49,422,233,189,289,155,134
58741901,73,38,35,15,11,4,13,5,8,31,15,16,14,7,7
58742701,450,232,218,32,17,15,90,43,47,156,91,65,172,81,91
58743501,612,308,304,44,23,21,81,24,57,265,150,115,222,111,111
58744301,197,102,95,14,9,5,66,31,35,39,24,15,78,38,40
58745101,94,50,44,16,7,9,18,10,8,29,16,13,31,17,14
58747802,2812,1416,1396,248,107,141,609,280,329,1111,595,516,844,434,410
58747803,87,46,41,5,2,3,27,15,12,24,14,10,31,15,16
58747805,29,17,12,6,5,1,5,2,3,5,2,3,13,8,5
58747806,30,15,15,2,1,1,12,5,7,7,6,1,9,3,6
58748601,568,282,286,43,19,24,101,47,54,232,114,118,192,102,90
58749401,180,95,85,21,9,12,76,34,42,36,24,12,47,28,19
58750801,266,130,136,21,8,13,37,20,17,128,66,62,80,36,44
58752401,138,73,65,13,5,8,41,21,20,31,19,12,53,28,25
58753201,75,43,32,8,5,3,23,12,11,30,14,16,14,12,2
58753202,83,44,39,3,2,1,6,3,3,54,29,25,20,10,10
58754101,61,38,23,2,1,1,25,15,10,6,5,1,28,17,11
58754102,742,371,371,80,40,40,122,46,76,273,138,135,267,147,120
58754103,43,22,21,7,4,3,18,7,11,9,5,4,9,6,3
58755901,118,62,56,7,4,3,22,9,13,48,30,18,41,19,22
58756701,204,107,97,17,4,13,66,36,30,74,43,31,47,24,23
58757501,192,96,96,15,6,9,58,25,33,45,27,18,74,38,36
58758301,225,121,104,15,6,9,49,26,23,69,39,30,92,50,42
58759101,811,416,395,78,39,39,265,124,141,218,125,93,250,128,122
58761301,84,40,44,6,4,2,45,19,26,12,6,6,21,11,10
58721401,65,34,31,8,6,2,20,10,10,20,10,10,17,8,9
58762101,198,102,96,21,10,11,48,19,29,71,45,26,58,28,30
58763001,66,35,31,7,4,3,28,15,13,3,1,2,28,15,13
58764801,83,38,45,21,6,15,9,5,4,32,19,13,21,8,13
58765601,206,101,105,22,12,10,55,22,33,67,39,28,62,28,34
58767201,37,16,21,2,0,2,16,7,9,5,3,2,14,6,8
58767202,83,48,35,5,2,3,20,10,10,29,18,11,29,18,11
58768101,44,22,22,9,4,5,7,3,4,15,7,8,13,8,5
58768102,324,166,158,32,19,13,83,34,49,88,52,36,121,61,60
58768103,25,14,11,1,1,0,4,2,2,16,8,8,4,3,1
58770201,187,90,97,18,9,9,21,11,10,105,54,51,43,16,27
58771101,278,136,142,29,17,12,56,27,29,54,27,27,139,65,74
58771102,171,78,93,26,9,17,50,19,31,48,24,24,47,26,21
58771103,20,8,12,2,1,1,7,2,5,5,3,2,6,2,4
58771104,148,71,77,14,5,9,18,10,8,72,33,39,44,23,21
58771105,663,343,320,69,34,35,132,62,70,267,148,119,195,99,96
58771106,547,280,267,45,19,26,105,41,64,242,134,108,155,86,69
58771108,1021,524,497,89,35,54,165,69,96,446,254,192,321,166,155
58771109,622,314,308,65,28,37,97,41,56,243,139,104,217,106,111
58771110,1584,764,820,146,59,87,264,112,152,689,354,335,485,239,246
58771111,35,18,17,5,2,3,3,1,2,11,7,4,16,8,8
58774502,657,354,303,34,13,21,97,39,58,300,176,124,226,126,100
58774503,46,21,25,4,1,3,7,3,4,31,16,15,4,1,3
58774504,126,58,68,9,6,3,16,6,10,53,26,27,48,20,28
58776101,224,118,106,12,7,5,56,24,32,62,30,32,94,57,37
58717601,452,240,212,48,28,20,57,30,27,195,102,93,152,80,72
58778801,396,211,185,39,16,23,39,19,20,208,117,91,110,59,51
58778802,60,28,32,5,3,2,2,0,2,42,19,23,11,6,5
58779602,397,188,209,46,18,28,88,37,51,153,80,73,110,53,57
58780001,137,76,61,15,7,8,42,20,22,40,26,14,40,23,17
58781801,331,180,151,44,23,21,90,46,44,101,57,44,96,54,42
58782601,126,62,64,6,4,2,51,28,23,23,10,13,46,20,26
58783401,236,123,113,34,18,16,47,21,26,88,49,39,67,35,32
58785101,86,39,47,13,5,8,7,2,5,43,22,21,23,10,13
58787701,56,29,27,6,3,3,16,8,8,15,9,6,19,9,10
58788501,294,144,150,17,6,11,81,31,50,84,46,38,112,61,51
55029901,280,141,139,47,22,25,14,4,10,124,66,58,95,49,46
55029902,64,32,32,1,0,1,11,6,5,29,15,14,23,11,12
55029903,111,57,54,13,9,4,9,6,3,56,23,33,33,19,14
58791501,167,86,81,9,5,4,85,45,40,25,13,12,48,23,25
58792302,600,314,286,50,25,25,212,102,110,132,77,55,206,110,96
58793102,1070,519,551,99,41,58,187,81,106,482,243,239,302,154,148
58794001,93,46,47,4,2,2,19,9,10,30,15,15,40,20,20
58795802,457,237,220,36,15,21,66,34,32,196,101,95,159,87,72
58798201,46,22,24,7,2,5,9,6,3,19,9,10,11,5,6
58798202,86,43,43,9,2,7,8,6,2,51,27,24,18,8,10
58798203,118,59,59,15,5,10,19,6,13,43,26,17,41,22,19
58799101,43,20,23,4,1,3,16,6,10,6,4,2,17,9,8
58800801,215,108,107,13,8,5,21,9,12,112,56,56,69,35,34
54725501,75,33,42,7,3,4,29,12,17,24,9,15,15,9,6
1656380,0,0,0,0,0,0,0,0,0,0,0,0,0,0,0
1656710,0,0,0,0,0,0,0,0,0,0,0,0,0,0,0
58802401,78,41,37,4,4,0,31,14,17,11,6,5,32,17,15
58802402,260,147,113,18,10,8,37,15,22,62,34,28,143,88,55
58802403,79,41,38,12,6,6,11,5,6,28,17,11,28,13,15
58802404,77,38,39,6,2,4,13,5,8,25,11,14,33,20,13
58802405,328,152,176,31,9,22,67,35,32,116,54,62,114,54,60
58802406,486,242,244,60,31,29,116,50,66,170,92,78,140,69,71
58802408,25,15,10,3,1,2,12,7,5,5,4,1,5,3,2
58802409,809,388,421,95,44,51,171,67,104,305,162,143,238,115,123
58802410,224,93,131,12,4,8,43,20,23,45,24,21,124,45,79
58802411,356,173,183,37,14,23,104,51,53,99,50,49,116,58,58
58802413,1186,574,612,100,50,50,303,136,167,451,227,224,332,161,171
58802414,37,20,17,9,6,3,4,3,1,14,7,7,10,4,6
58802415,1206,564,642,96,38,58,256,100,156,461,233,228,393,193,200
58803201,91,38,53,11,5,6,17,8,9,17,7,10,46,18,28
58803202,129,67,62,8,4,4,22,10,12,53,27,26,46,26,20
58803203,173,90,83,10,5,5,17,7,10,83,43,40,63,35,28
58803204,175,95,80,10,4,6,30,14,16,81,47,34,54,30,24
58803205,33,17,16,1,1,0,2,1,1,15,9,6,15,6,9
58803206,2130,1051,1079,167,81,86,277,121,156,903,449,454,783,400,383
58803208,210,104,106,18,9,9,44,20,24,98,48,50,50,27,23
58803209,347,183,164,26,14,12,70,36,34,142,81,61,109,52,57
58803210,2163,1071,1092,227,99,128,381,172,209,927,490,437,628,310,318
58804101,156,83,73,12,7,5,26,16,10,66,37,29,52,23,29
58806701,121,54,67,19,6,13,38,15,23,25,12,13,39,21,18
58807502,210,112,98,34,15,19,18,7,11,103,57,46,55,33,22
58808301,89,45,44,5,3,2,16,6,10,44,22,22,24,14,10
3390240,0,0,0,0,0,0,0,0,0,0,0,0,0,0,0
58809101,35,17,18,10,2,8,6,1,5,15,11,4,4,3,1
58810501,40,19,21,2,1,1,11,5,6,7,4,3,20,9,11
1981700,0,0,0,0,0,0,0,0,0,0,0,0,0,0,0
58811301,49,24,25,3,3,0,10,6,4,20,8,12,16,7,9
58811303,61,33,28,1,1,0,16,10,6,31,14,17,13,8,5
58811304,858,438,420,72,31,41,150,70,80,397,210,187,239,127,112
58811305,23,9,14,1,1,0,1,0,1,14,5,9,7,3,4
58811306,253,132,121,12,5,7,41,22,19,123,62,61,77,43,34
58812102,620,307,313,49,22,27,67,32,35,301,151,150,203,102,101
58813001,148,73,75,13,6,7,37,13,24,33,18,15,65,36,29
58814801,134,72,62,14,6,8,28,14,14,50,29,21,42,23,19
58815601,55,28,27,4,2,2,5,2,3,30,16,14,16,8,8
58815602,249,133,116,15,6,9,27,9,18,126,72,54,81,46,35
58816401,68,34,34,4,3,1,8,5,3,24,11,13,32,15,17
58817201,78,36,42,3,2,1,6,2,4,46,21,25,23,11,12
58817202,157,78,79,30,13,17,8,4,4,64,29,35,55,32,23
58817203,161,89,72,14,7,7,8,0,8,103,61,42,36,21,15
58817205,521,253,268,32,14,18,71,26,45,273,141,132,145,72,73
58818101,407,210,197,46,22,24,108,46,62,118,66,52,135,76,59
58819901,112,47,65,11,4,7,36,15,21,27,14,13,38,14,24
58820201,254,134,120,26,13,13,79,34,45,64,36,28,85,51,34
58723101,46,21,25,4,1,3,15,7,8,6,3,3,21,10,11
58821101,220,113,107,22,10,12,43,18,25,86,42,44,69,43,26
58822901,100,49,51,4,1,3,15,7,8,50,27,23,31,14,17
58824501,48,29,19,3,2,1,7,3,4,21,14,7,17,10,7
58825301,426,213,213,41,21,20,127,53,74,132,73,59,126,66,60
58826101,80,40,40,1,1,0,31,14,17,24,13,11,24,12,12
58827001,110,57,53,11,6,5,22,11,11,32,18,14,45,22,23
58828801,496,203,293,41,12,29,127,31,96,225,107,118,103,53,50
50938801,87,43,44,12,7,5,13,4,9,15,7,8,47,25,22
56111801,82,44,38,16,8,8,17,11,6,21,12,9,28,13,15
56112601,47,23,24,6,2,4,10,3,7,6,3,3,25,15,10
54754901,170,85,85,15,5,10,6,2,4,79,41,38,70,37,33
56124001,67,31,36,1,0,1,18,6,12,20,11,9,28,14,14
50941801,102,52,50,13,7,6,11,5,6,51,27,24,27,13,14
54758101,611,302,309,54,26,28,114,50,64,195,105,90,248,121,127
54758102,20,11,9,4,2,2,12,6,6,2,2,0,2,1,1
54760301,138,74,64,14,7,7,33,16,17,24,11,13,67,40,27
54763801,283,149,134,30,15,15,33,13,20,97,55,42,123,66,57
54763802,45,23,22,3,1,2,8,4,4,25,14,11,9,4,5
56131201,44,23,21,7,5,2,11,5,6,12,6,6,14,7,7
56131202,114,57,57,13,5,8,11,3,8,32,19,13,58,30,28
56131205,49,26,23,5,2,3,21,10,11,15,9,6,8,5,3
56180101,121,66,55,14,7,7,18,11,7,58,34,24,31,14,17
54766201,35,20,15,6,3,3,7,4,3,11,6,5,11,7,4
54766202,267,140,127,27,12,15,35,18,17,101,50,51,104,60,44
54768901,50,29,21,5,3,2,18,8,10,10,8,2,17,10,7
54768903,27,15,12,2,1,1,8,5,3,7,2,5,10,7,3
54768904,31,13,18,2,2,0,6,2,4,11,5,6,12,4,8
54771901,59,27,32,6,4,2,13,4,9,17,7,10,23,12,11
54771902,354,182,172,36,18,18,68,32,36,141,75,66,109,57,52
54771904,30,15,15,4,2,2,6,4,2,13,8,5,7,1,6
54771905,144,63,81,7,3,4,13,4,9,79,40,39,45,16,29
54771906,46,23,23,5,3,2,14,6,8,10,5,5,17,9,8
54773501,566,302,264,25,12,13,68,33,35,249,133,116,224,124,100
54773502,29,15,14,3,1,2,0,0,0,23,13,10,3,1,2
52982601,89,45,44,6,4,2,26,12,14,19,9,10,38,20,18
56114201,120,55,65,22,9,13,30,12,18,19,10,9,49,24,25
0268410,0,0,0,0,0,0,0,0,0,0,0,0,0,0,0
54776001,69,31,38,10,3,7,7,3,4,24,12,12,28,13,15
54776002,1420,709,711,127,61,66,151,61,90,683,352,331,459,235,224
54776004,26,16,10,5,3,2,3,2,1,15,8,7,3,3,0
54776005,56,29,27,10,2,8,5,2,3,22,15,7,19,10,9
54776006,21,12,9,2,1,1,4,1,3,8,6,2,7,4,3
54776007,84,40,44,4,3,1,8,2,6,47,23,24,25,12,13
54776009,52,28,24,2,1,1,3,3,0,25,13,12,22,11,11
54777802,837,418,419,93,45,48,149,69,80,275,141,134,320,163,157
54777804,83,41,42,8,3,5,14,7,7,23,16,7,38,15,23
54777805,32,15,17,1,1,0,12,5,7,6,4,2,13,5,8
54777806,63,31,32,12,7,5,11,4,7,25,15,10,15,5,10
59870401,137,70,67,12,3,9,29,15,14,49,25,24,47,27,20
56192401,33,17,16,0,0,0,12,6,6,5,1,4,16,10,6
56192403,44,19,25,4,2,2,9,3,6,20,9,11,11,5,6
56192404,39,16,23,4,2,2,12,5,7,12,4,8,11,5,6
56193201,123,59,64,24,10,14,24,11,13,26,15,11,49,23,26
56193202,24,14,10,0,0,0,9,4,5,8,5,3,7,5,2
56193203,34,18,16,3,1,2,8,6,2,8,4,4,15,7,8
56176201,89,48,41,11,4,7,25,14,11,31,17,14,22,13,9
55154601,77,40,37,5,3,2,12,7,5,32,20,12,28,10,18
52986901,24,16,8,2,1,1,2,1,1,6,5,1,14,9,5
52986902,27,13,14,2,1,1,7,4,3,10,5,5,8,3,5
56175401,54,29,25,5,3,2,10,6,4,20,13,7,19,7,12
54788301,109,54,55,3,1,2,12,4,8,32,20,12,62,29,33
56109601,75,37,38,4,1,3,18,7,11,29,16,13,24,13,11
54791301,1316,653,663,131,60,71,272,115,157,439,235,204,474,243,231
54791302,241,117,124,34,18,16,49,21,28,72,39,33,86,39,47
54791303,61,30,31,13,7,6,4,1,3,24,12,12,20,10,10
54791304,93,48,45,9,6,3,14,7,7,47,26,21,23,9,14
54791305,20,12,8,5,4,1,5,2,3,4,2,2,6,4,2
55158901,158,82,76,11,4,7,44,20,24,53,32,21,50,26,24
54793001,25,13,12,5,2,3,4,2,2,9,4,5,7,5,2
54793002,284,141,143,30,6,24,42,14,28,110,66,44,102,55,47
54794801,21,11,10,5,2,3,3,2,1,3,1,2,10,6,4
54794802,580,285,295,64,28,36,92,35,57,200,108,92,224,114,110
54795601,128,60,68,11,7,4,28,9,19,30,16,14,59,28,31
54795603,60,29,31,11,3,8,19,8,11,18,12,6,12,6,6
54799901,391,203,188,41,18,23,45,23,22,168,89,79,137,73,64
54799902,293,141,152,30,13,17,17,8,9,141,70,71,105,50,55
54799903,245,125,120,20,9,11,20,9,11,111,60,51,94,47,47
54799904,33,21,12,0,0,0,2,1,1,8,5,3,23,15,8
54799905,179,86,93,15,6,9,23,11,12,47,27,20,94,42,52
54799906,263,120,143,30,9,21,21,8,13,117,56,61,95,47,48
54799907,36,17,19,7,4,3,8,4,4,13,6,7,8,3,5
54799908,167,91,76,23,12,11,30,12,18,55,35,20,59,32,27
54799909,173,81,92,20,7,13,16,5,11,71,33,38,66,36,30
54799910,171,78,93,26,9,17,7,3,4,69,33,36,69,33,36
54799911,65,37,28,10,6,4,5,4,1,32,18,14,18,9,9
54799912,805,400,405,70,34,36,104,44,60,300,145,155,331,177,154
54799913,1902,934,968,204,95,109,310,139,171,709,361,348,679,339,340
54799915,553,272,281,87,39,48,86,42,44,246,125,121,134,66,68
54799916,24,15,9,10,8,2,6,4,2,8,3,5,0,0,0
54799917,1044,507,537,123,57,66,172,68,104,408,205,203,341,177,164
54799919,201,98,103,18,6,12,34,17,17,83,40,43,66,35,31
54799920,2704,1338,1366,266,110,156,368,154,214,1095,559,536,975,515,460
54799921,37,30,7,4,4,0,6,5,1,6,3,3,21,18,3
54799922,1331,646,685,126,61,65,203,85,118,535,270,265,467,230,237
54799923,50,25,25,5,2,3,8,4,4,21,10,11,16,9,7
54799924,120,51,69,4,1,3,41,9,32,42,25,17,33,16,17
54799925,48,26,22,3,2,1,1,1,0,13,9,4,31,14,17
56133901,39,20,19,2,0,2,10,6,4,17,9,8,10,5,5
56132101,87,48,39,3,1,2,19,11,8,40,24,16,25,12,13
56146101,36,18,18,1,1,0,5,1,4,12,6,6,18,10,8
54807301,74,40,34,16,6,10,19,10,9,13,8,5,26,16,10
54808101,796,407,389,105,54,51,102,43,59,285,152,133,304,158,146
54808102,25,13,12,4,4,0,11,3,8,7,5,2,3,1,2
54808103,111,59,52,15,7,8,21,7,14,51,30,21,24,15,9
54809001,32,18,14,5,4,1,12,4,8,12,8,4,3,2,1
54809002,20,10,10,0,0,0,3,2,1,10,5,5,7,3,4
54809003,281,153,128,30,17,13,68,28,40,89,48,41,94,60,34
54809004,30,17,13,2,0,2,5,3,2,14,9,5,9,5,4
54810301,240,121,119,21,10,11,53,19,34,96,52,44,70,40,30
54810302,23,8,15,0,0,0,2,1,1,7,4,3,14,3,11
1330012,0,0,0,0,0,0,0,0,0,0,0,0,0,0,0
3013610,0,0,0,0,0,0,0,0,0,0,0,0,0,0,0
54811101,68,32,36,7,4,3,5,3,2,22,11,11,34,14,20
54811102,81,40,41,8,2,6,13,6,7,24,13,11,36,19,17
54811104,151,81,70,16,8,8,16,8,8,86,46,40,33,19,14
54811105,57,31,26,7,3,4,6,3,3,16,11,5,28,14,14
54811107,69,36,33,10,4,6,17,8,9,9,6,3,33,18,15
54811108,1114,569,545,95,47,48,143,67,76,466,241,225,410,214,196
54811111,2063,1004,1059,187,82,105,197,78,119,925,475,450,754,369,385
54812001,433,214,219,23,6,17,52,23,29,172,86,86,186,99,87
54814601,42,21,21,3,2,1,13,5,8,8,5,3,18,9,9
54814602,131,67,64,21,8,13,23,12,11,60,33,27,27,14,13
59871201,92,51,41,7,6,1,46,25,21,26,14,12,13,6,7
59871202,248,118,130,25,16,9,68,25,43,77,38,39,78,39,39
54816201,188,103,85,22,13,9,70,37,33,45,28,17,51,25,26
54817101,693,335,358,71,25,46,124,53,71,227,122,105,271,135,136
56137101,131,69,62,10,5,5,49,24,25,23,16,7,49,24,25
54820101,229,117,112,40,22,18,51,24,27,47,24,23,91,47,44
54821903,57,32,25,4,1,3,16,7,9,17,10,7,20,14,6
54821905,282,144,138,25,10,15,67,34,33,101,54,47,89,46,43
54822701,29,13,16,2,1,1,11,5,6,9,5,4,7,2,5
54822704,87,43,44,9,7,2,17,5,12,28,15,13,33,16,17
54822705,44,22,22,2,2,0,15,7,8,11,4,7,16,9,7
54823501,100,55,45,7,1,6,22,10,12,37,22,15,34,22,12
56204101,62,29,33,10,5,5,23,11,12,22,9,13,7,4,3
56128202,89,49,40,15,6,9,6,1,5,47,27,20,21,15,6
59872101,211,106,105,29,19,10,67,27,40,47,27,20,68,33,35
59872102,47,22,25,1,0,1,1,1,0,19,10,9,26,11,15
56110002,233,155,78,24,13,11,17,9,8,62,30,32,130,103,27
56110004,36,16,20,8,4,4,6,2,4,17,8,9,5,2,3
56126601,68,35,33,6,4,2,11,5,6,33,17,16,18,9,9
54833201,32,13,19,2,1,1,7,2,5,9,4,5,14,6,8
54833202,840,438,402,82,40,42,223,106,117,225,129,96,310,163,147
54833203,44,25,19,5,4,1,20,9,11,5,4,1,14,8,6
54833204,23,10,13,0,0,0,12,4,8,5,3,2,6,3,3
56134701,53,22,31,4,1,3,23,13,10,9,3,6,17,5,12
54836701,25,15,10,4,2,2,12,7,5,7,5,2,2,1,1
54836702,47,24,23,12,6,6,6,2,4,18,10,8,11,6,5
54836703,42,23,19,7,4,3,12,5,7,17,10,7,6,4,2
52983401,98,52,46,8,3,5,23,14,9,36,18,18,31,17,14
52983402,42,21,21,6,4,2,6,2,4,20,9,11,10,6,4
54838301,25,12,13,3,2,1,0,0,0,7,2,5,15,8,7
54838302,156,81,75,12,8,4,52,27,25,42,18,24,50,28,22
54838303,75,34,41,7,5,2,22,9,13,32,13,19,14,7,7
54839102,96,52,44,14,7,7,5,2,3,48,30,18,29,13,16
54839103,43,19,24,5,2,3,4,1,3,21,9,12,13,7,6
54839104,24,11,13,5,1,4,1,0,1,15,8,7,3,2,1
54839106,208,98,110,16,5,11,26,11,15,86,42,44,80,40,40
54839107,27,14,13,4,2,2,3,1,2,15,7,8,5,4,1
54840501,177,96,81,19,7,12,27,10,17,49,33,16,82,46,36
56181901,113,54,59,9,5,4,33,16,17,30,14,16,41,19,22
56117701,129,61,68,6,4,2,36,18,18,29,14,15,58,25,33
54845601,84,44,40,12,7,5,29,14,15,12,5,7,31,18,13
54845602,31,18,13,1,1,0,23,12,11,4,2,2,3,3,0
54845603,24,12,12,6,2,4,7,3,4,8,6,2,3,1,2
54845604,53,26,27,7,3,4,9,5,4,23,12,11,14,6,8
54845605,720,358,362,78,35,43,108,54,54,270,141,129,264,128,136
54845606,55,26,29,5,2,3,23,12,11,20,10,10,7,2,5
54845607,185,87,98,16,7,9,87,30,57,37,23,14,45,27,18
54846401,78,36,42,11,4,7,17,9,8,27,12,15,23,11,12
54846402,30,14,16,1,1,0,17,8,9,6,3,3,6,2,4
54846403,690,360,330,63,32,31,144,67,77,233,130,103,250,131,119
54846404,57,31,26,12,8,4,12,5,7,17,9,8,16,9,7
54846406,142,73,69,10,6,4,31,16,15,57,29,28,44,22,22
54847202,67,34,33,10,5,5,5,1,4,35,19,16,17,9,8
54847203,546,268,278,53,22,31,65,28,37,203,101,102,225,117,108
54847204,35,17,18,6,3,3,6,0,6,15,10,5,8,4,4
54847205,42,24,18,5,2,3,11,6,5,17,11,6,9,5,4
54847207,64,31,33,4,3,1,5,3,2,26,10,16,29,15,14
56196701,46,25,21,2,2,0,7,3,4,19,11,8,18,9,9
56196702,352,173,179,48,22,26,105,46,59,101,56,45,98,49,49
56196703,64,36,28,2,2,0,23,10,13,16,8,8,23,16,7
56196704,82,36,46,1,0,1,27,10,17,33,17,16,21,9,12
53769101,160,88,72,7,4,3,51,25,26,53,32,21,49,27,22
54850202,192,89,103,21,11,10,74,32,42,50,20,30,47,26,21
54850203,41,22,19,9,5,4,14,8,6,3,2,1,15,7,8
1172340,0,0,0,0,0,0,0,0,0,0,0,0,0,0,0
1172510,0,0,0,0,0,0,0,0,0,0,0,0,0,0,0
54851101,167,85,82,27,14,13,48,24,24,31,17,14,61,30,31
54851102,109,59,50,14,6,8,6,3,3,51,30,21,38,20,18
54851103,31,19,12,2,0,2,5,3,2,16,10,6,8,6,2
54851104,46,18,28,9,4,5,17,5,12,11,6,5,9,3,6
54851105,81,42,39,4,1,3,14,6,8,32,16,16,31,19,12
54851106,25,12,13,7,1,6,4,2,2,5,3,2,9,6,3
54851107,1695,834,861,184,86,98,250,114,136,689,350,339,572,284,288
54851108,61,33,28,9,6,3,6,3,3,27,13,14,19,11,8
54851109,701,339,362,62,32,30,116,44,72,257,132,125,266,131,135
54851111,41,18,23,5,2,3,6,2,4,17,7,10,13,7,6
54851113,1624,767,857,165,76,89,248,86,162,656,336,320,555,269,286
56191601,119,61,58,22,11,11,28,12,16,47,29,18,22,9,13
1007142,0,0,0,0,0,0,0,0,0,0,0,0,0,0,0
54749201,49,22,27,3,2,1,11,5,6,21,8,13,14,7,7
54749202,46,24,22,5,3,2,5,2,3,18,9,9,18,10,8
54749203,62,28,34,4,1,3,18,5,13,11,6,5,29,16,13
54749204,36,19,17,2,1,1,5,3,2,7,5,2,22,10,12
54749205,52,24,28,7,4,3,7,3,4,17,8,9,21,9,12
54749206,69,34,35,11,5,6,25,13,12,13,8,5,20,8,12
54749208,69,38,31,8,4,4,35,18,17,9,5,4,17,11,6
54749209,26,17,9,0,0,0,8,5,3,6,4,2,12,8,4
54749210,60,29,31,3,1,2,31,12,19,12,9,3,14,7,7
54749211,91,44,47,6,4,2,62,27,35,4,3,1,19,10,9
54749213,51,25,26,2,0,2,23,11,12,17,8,9,9,6,3
54749214,71,39,32,10,7,3,24,12,12,22,11,11,15,9,6
54749215,29,13,16,1,1,0,8,2,6,9,5,4,11,5,6
54749216,56,26,30,1,1,0,22,8,14,18,10,8,15,7,8
54749217,37,18,19,2,0,2,10,4,6,13,8,5,12,6,6
54749218,143,71,72,20,9,11,8,2,6,71,36,35,44,24,20
54749219,59,34,25,7,4,3,19,8,11,7,3,4,26,19,7
54749220,50,30,20,5,2,3,10,4,6,19,14,5,16,10,6
54749221,21,11,10,1,1,0,14,6,8,3,2,1,3,2,1
54749222,181,85,96,18,4,14,26,12,14,78,38,40,59,31,28
54749223,328,169,159,27,10,17,54,27,27,144,82,62,103,50,53
54749224,22,13,9,2,2,0,10,5,5,5,2,3,5,4,1
54749225,170,89,81,3,0,3,52,26,26,51,30,21,64,33,31
54749226,104,54,50,13,10,3,17,7,10,43,25,18,31,12,19
54749227,745,359,386,69,36,33,149,64,85,305,155,150,222,104,118
54749228,696,311,385,50,22,28,191,58,133,217,122,95,238,109,129
54749229,1240,608,632,133,58,75,300,135,165,415,215,200,392,200,192
54749230,485,276,209,43,20,23,64,36,28,163,94,69,215,126,89
54749232,35,13,22,3,1,2,9,4,5,7,2,5,16,6,10
54749233,41,21,20,7,2,5,4,2,2,17,10,7,13,7,6
54749234,321,171,150,26,13,13,25,11,14,120,61,59,150,86,64
54749235,491,246,245,60,27,33,78,38,40,205,109,96,148,72,76
54749236,2000,922,1078,202,90,112,377,162,215,799,391,408,622,279,343
54749237,4567,2181,2386,405,171,234,757,318,439,1902,963,939,1503,729,774
54749239,1721,819,902,205,89,116,411,179,232,657,329,328,448,222,226
54749240,790,410,380,78,38,40,142,65,77,290,154,136,280,153,127
54749242,563,280,283,68,34,34,123,54,69,229,117,112,143,75,68
54854501,45,23,22,5,2,3,4,1,3,12,8,4,24,12,12
54854502,34,18,16,2,1,1,15,7,8,5,4,1,12,6,6
54856102,41,23,18,3,2,1,18,9,9,13,8,5,7,4,3
54856103,42,25,17,5,3,2,6,3,3,21,14,7,10,5,5
54856104,2301,1112,1189,213,90,123,349,144,205,910,462,448,829,416,413
54856105,31,18,13,3,1,2,2,1,1,6,4,2,20,12,8
54856106,90,48,42,11,6,5,25,12,13,37,21,16,17,9,8
56143601,98,52,46,8,6,2,32,12,20,26,15,11,32,19,13
54860002,139,69,70,9,6,3,21,8,13,68,35,33,41,20,21
54860003,132,64,68,12,8,4,7,2,5,25,15,10,88,39,49
54860004,24,13,11,1,0,1,5,3,2,5,2,3,13,8,5
53782901,72,36,36,17,8,9,13,6,7,16,9,7,26,13,13
56194101,89,42,47,7,4,3,15,7,8,23,10,13,44,21,23
59875501,266,139,127,31,15,16,71,32,39,103,58,45,61,34,27
56178901,212,112,100,30,13,17,30,12,18,89,47,42,63,40,23
56127401,56,27,29,5,1,4,12,5,7,23,13,10,16,8,8
56200901,635,326,309,80,41,39,159,69,90,230,128,102,166,88,78
54871502,57,29,28,16,6,10,10,5,5,24,14,10,7,4,3
54871504,54,30,24,8,4,4,14,7,7,12,6,6,20,13,7
54871505,37,19,18,0,0,0,15,8,7,14,8,6,8,3,5
54873101,99,47,52,12,8,4,25,9,16,23,11,12,39,19,20
54873102,28,15,13,2,2,0,3,2,1,8,5,3,15,6,9
54874001,59,31,28,8,4,4,15,8,7,16,8,8,20,11,9
54874002,88,43,45,5,3,2,9,5,4,32,12,20,42,23,19
54876601,150,81,69,17,10,7,32,13,19,36,25,11,65,33,32
54877401,20,10,10,1,0,1,0,0,0,14,6,8,5,4,1
54877402,27,11,16,2,0,2,4,1,3,9,5,4,12,5,7
54877403,732,362,370,76,37,39,107,49,58,243,122,121,306,154,152
54877405,38,19,19,11,6,5,6,1,5,9,5,4,12,7,5
56184301,72,35,37,4,2,2,6,2,4,36,21,15,26,10,16
56145201,107,57,50,5,1,4,17,8,9,51,28,23,34,20,14
53759401,28,17,11,4,3,1,5,3,2,8,4,4,11,7,4
53759403,72,35,37,2,0,2,22,9,13,21,12,9,27,14,13
56148702,63,35,28,11,4,7,14,8,6,23,14,9,15,9,6
59876301,123,64,59,14,5,9,20,12,8,48,25,23,41,22,19
59877101,49,26,23,8,5,3,11,3,8,18,11,7,12,7,5
56135501,59,34,25,5,4,1,13,8,5,19,9,10,22,13,9
54893601,45,21,24,3,1,2,11,5,6,20,9,11,11,6,5
54893602,24,11,13,5,3,2,2,1,1,4,2,2,13,5,8
54893603,54,33,21,2,1,1,3,2,1,27,15,12,22,15,7
54893605,264,136,128,25,11,14,45,20,25,98,57,41,96,48,48
53760801,252,128,124,25,14,11,55,26,29,99,52,47,73,36,37
54898701,55,31,24,3,1,2,13,6,7,9,6,3,30,18,12
56203301,104,52,52,4,1,3,25,12,13,30,16,14,45,23,22
53773001,65,35,30,3,2,1,14,6,8,21,13,8,27,14,13
54900201,236,120,116,37,19,18,10,6,4,112,50,62,77,45,32
54901101,259,135,124,27,9,18,56,27,29,96,58,38,80,41,39
54904501,192,97,95,24,11,13,31,11,20,88,48,40,49,27,22
54905301,219,103,116,21,9,12,78,35,43,60,28,32,60,31,29
54906101,40,21,19,6,3,3,13,5,8,9,4,5,12,9,3
54906102,88,48,40,11,6,5,23,13,10,14,8,6,40,21,19
54912601,85,42,43,9,2,7,30,13,17,24,14,10,22,13,9
59923901,197,104,93,19,10,9,38,18,20,83,48,35,57,28,29
54913401,44,20,24,5,3,2,12,4,8,15,8,7,12,5,7
54913406,96,49,47,12,8,4,13,7,6,29,15,14,42,19,23
54914201,48,24,24,0,0,0,7,4,3,14,6,8,27,14,13
54914202,72,33,39,8,3,5,26,13,13,13,6,7,25,11,14
54914203,572,286,286,62,28,34,113,53,60,231,114,117,166,91,75
56177101,16,7,9,0,0,0,8,3,5,6,3,3,2,1,1
56179701,277,138,139,20,11,9,53,24,29,96,49,47,108,54,54
54917701,43,25,18,2,2,0,11,4,7,14,11,3,16,8,8
54917702,171,83,88,13,9,4,39,16,23,73,34,39,46,24,22
54917703,20,10,10,2,1,1,9,3,6,9,6,3,0,0,0
56197501,44,19,25,2,0,2,14,4,10,15,8,7,13,7,6
56197502,172,91,81,13,4,9,40,19,21,65,41,24,54,27,27
56136301,103,56,47,20,7,13,21,10,11,31,18,13,31,21,10
59866601,43,21,22,2,1,1,13,4,9,18,8,10,10,8,2
54921501,32,17,15,2,1,1,4,1,3,16,10,6,10,5,5
54921502,91,44,47,8,4,4,15,8,7,25,13,12,43,19,24
54921503,51,25,26,5,3,2,12,4,8,27,15,12,7,3,4
54921504,22,12,10,2,1,1,6,2,4,10,7,3,4,2,2
54921506,36,23,13,1,0,1,7,3,4,17,11,6,11,9,2
54921508,103,49,54,12,6,6,36,16,20,18,8,10,37,19,18
54921509,754,375,379,69,31,38,135,63,72,303,159,144,247,122,125
54921510,36,15,21,3,2,1,4,1,3,16,6,10,13,6,7
56190801,84,42,42,5,3,2,18,9,9,27,12,15,34,18,16
54923101,45,25,20,3,1,2,0,0,0,31,19,12,11,5,6
54923102,90,49,41,12,7,5,11,3,8,37,21,16,30,18,12
54923103,133,70,63,6,1,5,21,10,11,55,29,26,51,30,21
54923104,100,50,50,14,5,9,2,0,2,39,23,16,45,22,23
54923105,45,21,24,6,4,2,6,3,3,21,9,12,12,5,7
54923106,2348,1176,1172,215,85,130,235,118,117,1015,533,482,883,440,443
59027401,128,61,67,4,1,3,52,23,29,14,7,7,58,30,28
59027402,58,31,27,4,2,2,21,12,9,13,7,6,20,10,10
59028201,124,57,67,20,7,13,32,10,22,35,22,13,37,18,19
59028202,73,29,44,10,2,8,11,3,8,29,14,15,23,10,13
54483301,93,49,44,15,7,8,34,19,15,29,14,15,15,9,6
59030401,140,74,66,11,7,4,64,33,31,22,15,7,43,19,24
59030402,51,23,28,2,1,1,32,14,18,5,2,3,12,6,6
59031201,214,114,100,15,9,6,29,10,19,81,48,33,89,47,42
59031202,46,24,22,2,1,1,10,6,4,21,10,11,13,7,6
59032101,356,184,172,33,18,15,88,44,44,117,61,56,118,61,57
55040001,123,58,65,12,4,8,40,16,24,30,16,14,41,22,19
59034701,47,24,23,2,1,1,21,9,12,7,5,2,17,9,8
59034702,91,46,45,12,7,5,46,23,23,16,9,7,17,7,10
59036301,222,113,109,26,14,12,90,38,52,37,27,10,69,34,35
59038001,685,344,341,68,38,30,171,72,99,248,133,115,198,101,97
59040101,65,30,35,5,3,2,19,8,11,13,7,6,28,12,16
59040102,61,36,25,3,2,1,11,7,4,16,8,8,31,19,12
59040103,973,501,472,110,45,65,246,103,143,361,216,145,256,137,119
59040104,49,25,24,7,4,3,12,5,7,13,5,8,17,11,6
59040105,58,27,31,2,1,1,12,5,7,20,10,10,24,11,13
59041001,361,179,182,36,19,17,125,57,68,113,59,54,87,44,43
59042801,84,48,36,2,1,1,34,19,15,23,14,9,25,14,11
59043601,508,257,251,53,25,28,113,55,58,168,91,77,174,86,88
59043602,21,11,10,7,4,3,2,1,1,8,4,4,4,2,2
55396401,171,92,79,23,15,8,45,19,26,52,31,21,51,27,24
59044401,298,135,163,29,10,19,26,9,17,146,72,74,97,44,53
59044402,24,12,12,4,3,1,2,1,1,8,4,4,10,4,6
59045201,296,155,141,31,18,13,91,43,48,58,30,28,116,64,52
59046101,177,88,89,9,4,5,65,26,39,45,25,20,58,33,25
59047901,221,104,117,18,9,9,49,20,29,52,23,29,102,52,50
59048701,123,63,60,12,7,5,25,8,17,29,16,13,57,32,25
59048702,93,52,41,9,5,4,15,8,7,33,18,15,36,21,15
59049501,176,88,88,22,7,15,23,8,15,60,39,21,71,34,37
59050901,191,98,93,12,4,8,51,23,28,71,38,33,57,33,24
59051701,529,268,261,46,20,26,146,65,81,173,95,78,164,88,76
59052501,114,54,60,15,6,9,24,11,13,41,23,18,34,14,20
59053301,120,61,59,6,3,3,54,24,30,28,17,11,32,17,15
59053302,287,149,138,38,18,20,95,42,53,71,41,30,83,48,35
58766401,145,79,66,19,7,12,34,20,14,29,17,12,63,35,28
59055001,399,192,207,43,17,26,79,31,48,134,73,61,143,71,72
59056801,318,161,157,31,12,19,99,43,56,106,64,42,82,42,40
1488490,0,0,0,0,0,0,0,0,0,0,0,0,0,0,0
1488570,0,0,0,0,0,0,0,0,0,0,0,0,0,0,0
59057601,843,422,421,86,43,43,164,79,85,324,175,149,269,125,144
59058401,533,276,257,53,25,28,144,72,72,162,87,75,174,92,82
59059201,297,148,149,35,14,21,79,38,41,67,38,29,116,58,58
59059202,46,26,20,9,6,3,20,10,10,4,2,2,13,8,5
59061401,191,95,96,16,6,10,35,11,24,63,41,22,77,37,40
59062201,301,157,144,32,17,15,140,70,70,45,27,18,84,43,41
59063101,141,68,73,15,7,8,51,23,28,32,18,14,43,20,23
55061201,50,22,28,4,2,2,19,8,11,12,5,7,15,7,8
59064901,260,127,133,36,16,20,81,37,44,85,45,40,58,29,29
59065701,80,36,44,3,2,1,30,13,17,25,13,12,22,8,14
59066501,61,29,32,7,3,4,41,19,22,3,1,2,10,6,4
59067301,1729,867,862,166,80,86,386,180,206,617,322,295,560,285,275
55063901,111,58,53,6,3,3,47,21,26,24,15,9,34,19,15
59069001,108,54,54,10,4,6,14,5,9,48,22,26,36,23,13
59070301,297,151,146,29,14,15,118,59,59,49,25,24,101,53,48
59071101,148,70,78,10,2,8,81,37,44,25,13,12,32,18,14
55047701,101,51,50,11,5,6,38,17,21,23,15,8,29,14,15
59074601,626,312,314,67,34,33,175,80,95,204,110,94,180,88,92
59075401,184,96,88,17,9,8,23,11,12,51,28,23,93,48,45
59075402,81,35,46,12,6,6,17,4,13,28,14,14,24,11,13
59075403,73,37,36,11,6,5,20,10,10,20,9,11,22,12,10
59075404,110,62,48,13,8,5,27,15,12,34,16,18,36,23,13
59075405,216,108,108,15,8,7,62,29,33,86,42,44,53,29,24
59075406,204,100,104,18,12,6,59,28,31,61,27,34,66,33,33
59075407,910,442,468,119,50,69,165,78,87,330,167,163,296,147,149
59075409,1295,627,668,146,69,77,297,110,187,451,244,207,401,204,197
59075411,455,220,235,69,33,36,96,44,52,171,77,94,119,66,53
59075412,381,198,183,35,18,17,68,32,36,137,76,61,141,72,69
59076201,176,88,88,36,19,17,54,22,32,39,22,17,47,25,22
3145520,0,0,0,0,0,0,0,0,0,0,0,0,0,0,0
3393180,0,0,0,0,0,0,0,0,0,0,0,0,0,0,0
59078901,76,36,40,5,3,2,35,16,19,14,7,7,22,10,12
59078902,81,41,40,10,6,4,17,10,7,24,12,12,30,13,17
59078903,542,257,285,63,27,36,113,46,67,194,100,94,172,84,88
59078904,408,208,200,42,19,23,76,28,48,138,85,53,152,76,76
59078906,555,271,284,46,18,28,117,56,61,195,114,81,197,83,114
59078907,1352,638,714,140,55,85,314,131,183,478,247,231,420,205,215
59078908,324,159,165,46,21,25,88,37,51,101,56,45,89,45,44
59078910,570,298,272,62,27,35,141,64,77,196,110,86,171,97,74
59079701,228,115,113,28,9,19,49,19,30,78,47,31,73,40,33
55059101,71,37,34,5,2,3,41,21,20,5,4,1,20,10,10
59080101,187,89,98,9,5,4,59,27,32,58,27,31,61,30,31
59080102,22,14,8,2,2,0,10,4,6,7,5,2,3,3,0
59081901,120,63,57,9,5,4,33,16,17,31,18,13,47,24,23
59082701,190,98,92,23,12,11,44,20,24,56,34,22,67,32,35
59083501,172,90,82,19,11,8,35,16,19,82,41,41,36,22,14
59085101,182,94,88,8,5,3,56,27,29,38,25,13,80,37,43
59085102,108,27,81,10,4,6,76,13,63,13,5,8,9,5,4
51064501,85,44,41,11,5,6,26,12,14,39,23,16,9,4,5
59086001,424,225,199,54,23,31,85,39,46,162,99,63,123,64,59
59087801,105,54,51,21,8,13,18,7,11,22,11,11,44,28,16
59088602,490,254,236,62,24,38,144,73,71,140,84,56,144,73,71
59089401,181,90,91,36,20,16,57,26,31,38,21,17,50,23,27
59090801,367,182,185,37,19,18,158,75,83,81,40,41,91,48,43
59091601,111,54,57,10,4,6,27,11,16,22,10,12,52,29,23
59091602,28,15,13,4,3,1,13,6,7,5,3,2,6,3,3
54530901,440,221,219,35,14,21,91,43,48,182,98,84,132,66,66
55071001,274,130,144,18,8,10,59,23,36,108,56,52,89,43,46
59094101,123,68,55,24,13,11,24,12,12,36,22,14,39,21,18
59094102,883,454,429,118,58,60,174,77,97,350,193,157,241,126,115
59095901,109,53,56,5,3,2,34,12,22,39,20,19,31,18,13
59095902,24,15,9,0,0,0,2,1,1,13,8,5,9,6,3
59096701,167,85,82,19,12,7,59,27,32,38,22,16,51,24,27
59097501,219,110,109,32,14,18,35,15,20,70,40,30,82,41,41
55030201,41,26,15,12,8,4,8,6,2,7,4,3,14,8,6
55030202,118,66,52,14,7,7,18,7,11,37,24,13,49,28,21
51055601,272,132,140,27,14,13,100,44,56,52,26,26,93,48,45
59098301,55,35,20,4,1,3,6,3,3,19,14,5,26,17,9
59098302,42,26,16,5,3,2,8,5,3,11,7,4,18,11,7
59099101,797,743,54,134,128,6,155,138,17,417,405,12,91,72,19
59100902,25,11,14,1,0,1,4,2,2,4,1,3,16,8,8
59100903,452,247,205,33,13,20,105,51,54,175,105,70,139,78,61
57348501,77,45,32,22,13,9,23,14,9,21,12,9,11,6,5
59102501,164,81,83,20,6,14,41,20,21,52,33,19,51,22,29
54487601,149,83,66,11,8,3,39,16,23,35,17,18,64,42,22
59104101,387,196,191,61,31,30,112,48,64,124,69,55,90,48,42
55050701,531,269,262,36,18,18,114,48,66,204,119,85,177,84,93
59106801,120,57,63,18,8,10,32,12,20,25,15,10,45,22,23
58760501,135,69,66,12,9,3,52,24,28,31,12,19,40,24,16
59109201,112,54,58,11,5,6,19,7,12,42,21,21,40,21,19
54495701,63,30,33,5,2,3,33,14,19,8,6,2,17,8,9
55056601,217,106,111,23,6,17,39,22,17,80,42,38,75,36,39
55056602,159,83,76,10,2,8,36,18,18,56,31,25,57,32,25
59111401,278,141,137,28,13,15,58,23,35,116,63,53,76,42,34
55038801,227,125,102,24,16,8,98,48,50,66,37,29,39,24,15
59112201,189,93,96,23,10,13,43,19,24,68,36,32,55,28,27
54503101,127,63,64,17,10,7,45,17,28,22,13,9,43,23,20
59114901,76,38,38,2,1,1,18,8,10,22,10,12,34,19,15
59115701,209,105,104,23,10,13,45,22,23,67,36,31,74,37,37
59116501,327,165,162,31,18,13,133,63,70,55,28,27,108,56,52
59116502,46,21,25,0,0,0,15,6,9,17,7,10,14,8,6
59117301,1307,655,652,165,75,90,262,117,145,508,271,237,372,192,180
0989810,0,0,0,0,0,0,0,0,0,0,0,0,0,0,0
3145790,0,0,0,0,0,0,0,0,0,0,0,0,0,0,0
3145950,0,0,0,0,0,0,0,0,0,0,0,0,0,0,0
59118101,112,52,60,16,6,10,7,2,5,47,24,23,42,20,22
59118102,38,19,19,9,6,3,2,1,1,16,8,8,11,4,7
59118103,173,89,84,15,7,8,49,21,28,64,36,28,45,25,20
59118104,114,60,54,14,7,7,26,12,14,48,27,21,26,14,12
59118105,115,54,61,21,11,10,46,18,28,21,11,10,27,14,13
59118106,2068,963,1105,245,110,135,480,189,291,719,370,349,624,294,330
59118107,57,31,26,5,3,2,12,4,8,23,15,8,17,9,8
59118108,97,56,41,17,10,7,11,6,5,54,33,21,15,7,8
59118109,377,186,191,36,16,20,53,24,29,167,81,86,121,65,56
59118112,626,294,332,90,38,52,123,44,79,229,121,108,184,91,93
59118113,753,388,365,59,25,34,128,61,67,300,159,141,266,143,123
59118114,33,18,15,7,4,3,6,3,3,9,6,3,11,5,6
59118115,401,196,205,58,28,30,104,43,61,139,77,62,100,48,52
59118117,659,334,325,74,36,38,154,78,76,272,147,125,159,73,86
59118118,1444,687,757,176,78,98,265,107,158,571,281,290,432,221,211
59118119,26,13,13,1,0,1,13,5,8,9,6,3,3,2,1
59119001,749,352,397,57,28,29,126,48,78,229,126,103,337,150,187
55077901,164,83,81,18,9,9,57,26,31,51,26,25,38,22,16
3146330,0,0,0,0,0,0,0,0,0,0,0,0,0,0,0
3146410,0,0,0,0,0,0,0,0,0,0,0,0,0,0,0
3295500,0,0,0,0,0,0,0,0,0,0,0,0,0,0,0
3389580,0,0,0,0,0,0,0,0,0,0,0,0,0,0,0
3389660,0,0,0,0,0,0,0,0,0,0,0,0,0,0,0
59121101,71,33,38,5,1,4,12,6,6,25,14,11,29,12,17
59121102,52,26,26,0,0,0,10,5,5,17,9,8,25,12,13
59121103,100,50,50,6,3,3,36,19,17,22,9,13,36,19,17
59121104,493,260,233,54,32,22,70,33,37,244,129,115,125,66,59
59121105,779,380,399,111,52,59,163,67,96,293,150,143,212,111,101
59121106,436,219,217,40,16,24,64,33,31,187,92,95,145,78,67
59121107,1590,736,854,157,56,101,219,90,129,735,382,353,479,208,271
59121108,1184,597,587,114,56,58,196,88,108,550,296,254,324,157,167
59122001,340,171,169,39,17,22,104,47,57,78,41,37,119,66,53
59123801,52,28,24,6,5,1,19,8,11,12,6,6,15,9,6
59124601,211,110,101,21,9,12,68,32,36,62,36,26,60,33,27
59124602,35,16,19,1,0,1,8,5,3,17,8,9,9,3,6
59125401,120,64,56,13,7,6,27,10,17,35,22,13,45,25,20
59125402,747,385,362,67,23,44,139,64,75,241,138,103,300,160,140
59126201,92,51,41,11,5,6,24,12,12,20,11,9,37,23,14
51098001,317,146,171,55,22,33,76,29,47,113,58,55,73,37,36
59128901,101,49,52,10,5,5,27,9,18,19,12,7,45,23,22
59129701,108,50,58,14,4,10,9,4,5,44,20,24,41,22,19
54693301,189,93,96,16,6,10,68,33,35,39,18,21,66,36,30
59130101,278,144,134,22,11,11,60,28,32,111,56,55,85,49,36
59130102,1682,835,847,197,95,102,325,138,187,585,320,265,575,282,293
59131901,737,360,377,81,35,46,136,57,79,256,136,120,264,132,132
59132701,177,92,85,12,9,3,82,38,44,41,25,16,42,20,22
59133501,157,88,69,17,9,8,55,28,27,44,25,19,41,26,15
55046901,161,92,69,16,11,5,44,22,22,42,23,19,59,36,23
59136001,399,198,201,37,19,18,70,30,40,165,88,77,127,61,66
59137801,126,67,59,20,6,14,24,16,8,38,18,20,44,27,17
55037001,113,58,55,4,1,3,41,20,21,36,23,13,32,14,18
59139401,337,164,173,26,16,10,120,52,68,103,54,49,88,42,46
59140801,67,35,32,5,3,2,19,6,13,19,14,5,24,12,12
59141601,21,11,10,0,0,0,2,1,1,8,4,4,11,6,5
59141602,136,71,65,19,12,7,43,16,27,25,15,10,49,28,21
59142401,73,35,38,2,0,2,57,28,29,3,2,1,11,5,6
59143201,38,17,21,5,2,3,5,3,2,10,5,5,18,7,11
59143202,614,308,306,61,27,34,88,42,46,268,138,130,197,101,96
59144101,134,67,67,15,8,7,32,16,16,55,30,25,32,13,19
59145901,780,395,385,88,48,40,202,93,109,272,141,131,218,113,105
54475201,245,124,121,26,14,12,43,18,25,86,50,36,90,42,48
59149102,153,77,76,15,8,7,45,16,29,42,22,20,51,31,20
59150501,386,190,196,35,12,23,173,87,86,77,38,39,101,53,48
59150502,79,40,39,10,4,6,34,18,16,14,8,6,21,10,11
51130701,118,60,58,18,9,9,55,29,26,26,15,11,19,7,12
59152101,82,42,40,14,5,9,12,5,7,27,15,12,29,17,12
55049301,137,74,63,11,5,6,52,27,25,30,17,13,44,25,19
59154801,305,154,151,27,13,14,88,43,45,102,52,50,88,46,42
59155601,79,40,39,11,6,5,22,10,12,27,16,11,19,8,11
59156401,159,82,77,12,5,7,69,34,35,21,12,9,57,31,26
54504001,98,51,47,11,5,6,45,19,26,23,15,8,19,12,7
59158101,517,270,247,61,29,32,118,57,61,193,110,83,145,74,71
59160201,111,59,52,12,6,6,28,12,16,38,23,15,33,18,15
59161101,817,417,400,69,32,37,280,130,150,255,141,114,213,114,99
0385390,0,0,0,0,0,0,0,0,0,0,0,0,0,0,0
59162901,1043,526,517,107,51,56,233,103,130,394,213,181,309,159,150
59162902,75,37,38,5,2,3,14,7,7,27,15,12,29,13,16
59163701,665,332,333,107,52,55,197,85,112,172,99,73,189,96,93
59164501,430,214,216,34,14,20,98,41,57,129,73,56,169,86,83
51108101,245,125,120,32,15,17,65,34,31,66,31,35,82,45,37
59168801,217,106,111,36,12,24,53,23,30,52,29,23,76,42,34
59170001,61,30,31,6,4,2,17,7,10,23,12,11,15,7,8
59170002,70,37,33,5,3,2,21,9,12,30,18,12,14,7,7
59170003,144,71,73,4,1,3,25,10,15,45,22,23,70,38,32
54518001,183,91,92,22,8,14,49,25,24,42,23,19,70,35,35
59172601,251,128,123,45,23,22,48,25,23,92,47,45,66,33,33
59174201,81,35,46,20,7,13,13,6,7,27,15,12,21,7,14
59174202,170,90,80,12,7,5,34,18,16,65,36,29,59,29,30
59174203,1338,661,677,163,65,98,220,97,123,515,284,231,440,215,225
58746001,123,66,57,16,9,7,23,13,10,33,19,14,51,25,26
3398310,0,0,0,0,0,0,0,0,0,0,0,0,0,0,0
55487101,537,287,250,80,40,40,111,56,55,189,105,84,157,86,71
59176901,509,260,249,61,30,31,132,52,80,172,98,74,144,80,64
59176902,61,33,28,3,1,2,9,5,4,30,17,13,19,10,9
59177701,133,65,68,12,7,5,36,11,25,37,21,16,48,26,22
59178501,343,178,165,27,15,12,67,30,37,160,82,78,89,51,38
59179301,230,127,103,17,10,7,89,46,43,56,33,23,68,38,30
59180701,420,208,212,60,34,26,147,64,83,83,42,41,130,68,62
59180702,37,17,20,6,3,3,4,1,3,9,5,4,18,8,10
59181501,289,145,144,27,11,16,76,31,45,95,53,42,91,50,41
59182301,113,56,57,6,3,3,55,26,29,20,8,12,32,19,13
59184001,31,15,16,3,2,1,13,4,9,11,6,5,4,3,1
59184002,671,347,324,62,27,35,173,78,95,237,134,103,199,108,91
59185801,394,204,190,46,24,22,151,74,77,81,38,43,116,68,48
59186601,45,19,26,10,6,4,9,3,6,10,5,5,16,5,11
59186602,71,42,29,5,2,3,20,13,7,6,4,2,40,23,17
59186603,321,156,165,22,10,12,103,52,51,89,42,47,107,52,55
1697730,0,0,0,0,0,0,0,0,0,0,0,0,0,0,0
1698460,0,0,0,0,0,0,0,0,0,0,0,0,0,0,0
1699600,0,0,0,0,0,0,0,0,0,0,0,0,0,0,0
59026601,245,129,116,18,7,11,91,46,45,78,45,33,58,31,27
59026602,181,88,93,21,10,11,43,16,27,74,42,32,43,20,23
59026603,208,96,112,21,12,9,61,28,33,54,25,29,72,31,41
59026604,154,89,65,12,4,8,33,19,14,53,33,20,56,33,23
59026605,272,133,139,32,13,19,67,31,36,106,55,51,67,34,33
59026606,109,57,52,12,7,5,22,12,10,40,20,20,35,18,17
59026609,531,266,265,45,22,23,62,30,32,310,164,146,114,50,64
59026610,1649,762,887,131,54,77,197,74,123,808,396,412,513,238,275
59026611,29,16,13,0,0,0,6,2,4,16,12,4,7,2,5
59026612,1044,521,523,106,47,59,114,52,62,545,279,266,279,143,136
59026613,1849,916,933,185,81,104,222,97,125,931,471,460,511,267,244
59026614,164,76,88,16,4,12,17,8,9,64,34,30,67,30,37
59026615,69,30,39,8,5,3,11,4,7,29,12,17,21,9,12
59026617,89,50,39,5,2,3,15,7,8,52,30,22,17,11,6
59026619,1191,592,599,123,67,56,244,103,141,520,281,239,304,141,163
59026620,459,227,232,44,13,31,83,42,41,197,105,92,135,67,68
59026621,48,25,23,10,4,6,3,1,2,20,11,9,15,9,6
59026622,1511,712,799,170,73,97,335,144,191,585,302,283,421,193,228
59026624,299,146,153,26,7,19,53,18,35,140,78,62,80,43,37
59026625,117,60,57,6,3,3,17,6,11,61,34,27,33,17,16
59026626,1509,712,797,152,66,86,284,120,164,654,342,312,419,184,235
59026627,708,469,239,43,28,15,58,27,31,214,146,68,393,268,125
59026628,336,164,172,35,14,21,74,31,43,134,73,61,93,46,47
59026631,21,13,8,2,1,1,4,3,1,9,6,3,6,3,3
59026632,1330,652,678,127,58,69,194,83,111,655,328,327,354,183,171
59026633,242,94,148,37,8,29,52,13,39,41,30,11,112,43,69
59026634,128,64,64,12,4,8,25,15,10,54,27,27,37,18,19
59026635,2310,1130,1180,219,107,112,250,105,145,1192,616,576,649,302,347
59026636,4191,2026,2165,405,168,237,543,227,316,2039,1052,987,1204,579,625
59026637,910,412,498,77,35,42,151,61,90,425,201,224,257,115,142
59026638,3350,1581,1769,309,125,184,481,197,284,1513,770,743,1047,489,558
59026639,2569,1202,1367,281,123,158,433,185,248,1149,572,577,706,322,384
59026641,227,109,118,25,12,13,44,17,27,85,40,45,73,40,33
59026642,554,283,271,66,27,39,79,35,44,257,141,116,152,80,72
59026643,3853,1777,2076,391,159,232,789,327,462,1573,800,773,1100,491,609
59026645,327,172,155,34,15,19,68,34,34,123,68,55,102,55,47
59026646,1072,507,565,112,45,67,131,55,76,563,262,301,266,145,121
59026647,192,97,95,21,9,12,43,17,26,77,43,34,51,28,23
59026648,197,99,98,20,6,14,39,19,20,81,48,33,57,26,31
59026649,124,65,59,17,10,7,12,6,6,68,35,33,27,14,13
55031101,101,48,53,10,5,5,28,13,15,21,10,11,42,20,22
58769901,110,52,58,8,3,5,18,7,11,44,23,21,40,19,21
59187401,816,402,414,79,41,38,249,105,144,285,155,130,203,101,102
58834201,190,99,91,14,4,10,37,18,19,83,46,37,56,31,25
51124201,404,200,204,33,16,17,101,47,54,145,78,67,125,59,66
59190401,66,30,36,3,1,2,21,11,10,21,8,13,21,10,11
59190402,187,97,90,23,9,14,50,23,27,45,28,17,69,37,32
59190403,891,458,433,104,50,54,132,60,72,394,212,182,261,136,125
59191201,139,69,70,13,5,8,67,30,37,35,20,15,24,14,10
59193901,141,72,69,16,6,10,35,23,12,56,29,27,34,14,20
59193902,691,355,336,62,29,33,199,97,102,225,122,103,205,107,98
59194701,53,29,24,2,1,1,11,7,4,12,7,5,28,14,14
59194703,80,43,37,1,0,1,40,23,17,18,9,9,21,11,10
59195501,118,64,54,7,4,3,34,14,20,43,30,13,34,16,18
59196301,21,9,12,2,1,1,1,0,1,13,6,7,5,2,3
59196302,93,52,41,11,6,5,20,10,10,26,16,10,36,20,16
59198001,209,103,106,25,12,13,65,27,38,40,21,19,79,43,36
59199801,179,93,86,25,7,18,44,25,19,44,25,19,66,36,30
59199802,162,82,80,12,6,6,45,21,24,51,26,25,54,29,25
59199803,145,80,65,16,8,8,44,20,24,27,18,9,58,34,24
59199804,952,477,475,115,49,66,212,97,115,352,197,155,273,134,139
59521701,133,68,65,17,5,12,28,15,13,39,22,17,49,26,23
59524101,188,90,98,11,3,8,68,35,33,46,23,23,63,29,34
59524102,85,43,42,7,1,6,22,13,9,23,12,11,33,17,16
59525001,248,121,127,16,6,10,157,74,83,22,15,7,53,26,27
59525002,78,37,41,10,5,5,21,10,11,11,6,5,36,16,20
59526801,543,276,267,64,31,33,164,77,87,127,77,50,188,91,97
59526802,329,170,159,42,28,14,124,54,70,62,33,29,101,55,46
59527601,238,127,111,13,7,6,140,70,70,31,18,13,54,32,22
59528401,267,145,122,43,28,15,96,40,56,51,32,19,77,45,32
59529201,922,462,460,85,38,47,334,156,178,212,107,105,291,161,130
59529202,194,104,90,15,9,6,52,26,26,52,28,24,75,41,34
59530601,211,105,106,11,5,6,103,47,56,34,17,17,63,36,27
59530602,43,21,22,5,2,3,9,3,6,16,9,7,13,7,6
59532201,171,78,93,12,8,4,45,20,25,48,16,32,66,34,32
59564101,377,181,196,40,21,19,173,77,96,57,29,28,107,54,53
59564102,48,25,23,7,4,3,17,7,10,13,8,5,11,6,5
59564103,319,151,168,50,20,30,146,61,85,63,38,25,60,32,28
59534901,150,80,70,14,6,8,56,26,30,28,16,12,52,32,20
59535701,150,76,74,8,4,4,82,41,41,35,19,16,25,12,13
59535702,26,12,14,2,0,2,9,4,5,6,6,0,9,2,7
59536501,23,10,13,1,0,1,7,4,3,7,5,2,8,1,7
59536502,275,150,125,27,15,12,129,70,59,47,23,24,72,42,30
59538101,152,82,70,11,8,3,66,33,33,43,24,19,32,17,15
59538102,23,13,10,2,1,1,9,5,4,3,2,1,9,5,4
59539001,166,81,85,15,6,9,71,34,37,34,18,16,46,23,23
59540301,168,90,78,14,5,9,66,35,31,23,16,7,65,34,31
0170270,0,0,0,0,0,0,0,0,0,0,0,0,0,0,0
59541101,78,47,31,7,2,5,19,11,8,15,8,7,37,26,11
59541102,81,38,43,13,5,8,28,14,14,20,10,10,20,9,11
59541103,122,61,61,15,7,8,28,13,15,39,20,19,40,21,19
59541104,293,157,136,21,6,15,118,64,54,59,37,22,95,50,45
59541105,33,16,17,4,2,2,16,8,8,5,2,3,8,4,4
59541106,96,47,49,6,3,3,39,16,23,18,9,9,33,19,14
59541107,71,29,42,6,3,3,21,7,14,23,12,11,21,7,14
59541108,107,56,51,6,4,2,58,30,28,18,8,10,25,14,11
59541109,62,31,31,6,3,3,42,20,22,9,6,3,5,2,3
59541110,194,105,89,14,4,10,103,53,50,32,22,10,45,26,19
59541111,97,45,52,10,5,5,43,21,22,21,10,11,23,9,14
59541112,37,17,20,4,2,2,6,3,3,21,9,12,6,3,3
59541113,935,451,484,84,37,47,165,60,105,407,214,193,279,140,139
59541114,1698,800,898,154,68,86,313,126,187,697,352,345,534,254,280
59541115,41,22,19,8,5,3,10,5,5,8,5,3,15,7,8
59541116,671,327,344,73,32,41,150,61,89,258,146,112,190,88,102
59541117,80,44,36,7,3,4,20,9,11,27,18,9,26,14,12
59541118,1202,569,633,111,40,71,235,78,157,501,274,227,355,177,178
59541119,663,323,340,66,31,35,181,77,104,247,121,126,169,94,75
59541120,121,60,61,6,3,3,23,11,12,51,26,25,41,20,21
59541122,810,441,369,65,34,31,175,74,101,281,152,129,289,181,108
59542001,90,44,46,4,1,3,29,12,17,27,13,14,30,18,12
59542002,72,37,35,8,2,6,30,17,13,23,12,11,11,6,5
58801601,102,55,47,9,3,6,10,5,5,47,27,20,36,20,16
59543801,240,123,117,20,10,10,103,47,56,38,23,15,79,43,36
59543802,48,30,18,13,8,5,18,7,11,10,10,0,7,5,2
59545401,526,269,257,32,13,19,197,100,97,124,68,56,173,88,85
59545402,38,19,19,2,1,1,16,7,9,13,8,5,7,3,4
59545403,77,42,35,8,3,5,24,10,14,27,21,6,18,8,10
59546202,154,73,81,12,5,7,44,16,28,54,31,23,44,21,23
59547101,254,123,131,10,4,6,148,68,80,22,18,4,74,33,41
59548901,346,179,167,21,12,9,173,77,96,65,43,22,87,47,40
59550101,455,218,237,62,31,31,164,74,90,99,53,46,130,60,70
59550102,36,17,19,5,1,4,16,8,8,5,1,4,10,7,3
59551901,141,68,73,11,7,4,57,24,33,21,12,9,52,25,27
59553501,568,294,274,44,21,23,115,49,66,226,126,100,183,98,85
59553502,41,21,20,6,3,3,14,6,8,13,7,6,8,5,3
59557801,321,164,157,20,10,10,109,52,57,79,43,36,113,59,54
59558601,1163,575,588,93,39,54,182,84,98,532,293,239,356,159,197
59558602,249,116,133,16,6,10,45,16,29,109,57,52,79,37,42
59558603,106,46,60,9,3,6,15,8,7,32,19,13,50,16,34
0383342,0,0,0,0,0,0,0,0,0,0,0,0,0,0,0
59559401,804,407,397,78,38,40,236,104,132,238,132,106,252,133,119
59559402,73,42,31,1,0,1,17,7,10,20,11,9,35,24,11
59559403,71,33,38,10,4,6,23,12,11,14,6,8,24,11,13
59559405,348,175,173,54,26,28,86,42,44,101,52,49,107,55,52
59560801,21,11,10,0,0,0,18,10,8,2,0,2,1,1,0
59560802,188,95,93,20,9,11,93,47,46,28,16,12,47,23,24
59562401,148,75,73,24,15,9,46,22,24,32,16,16,46,22,24
59565901,170,89,81,22,13,9,65,33,32,23,16,7,60,27,33
59565902,22,10,12,3,1,2,14,6,8,0,0,0,5,3,2
59567501,83,40,43,9,5,4,24,10,14,18,7,11,32,18,14
59568301,67,39,28,6,4,2,30,17,13,18,11,7,13,7,6
59571301,169,92,77,22,10,12,42,19,23,39,25,14,66,38,28
59572101,210,104,106,22,12,10,50,21,29,63,35,28,75,36,39
59570501,40,20,20,6,1,5,17,7,10,7,7,0,10,5,5
59573001,329,175,154,25,13,12,136,66,70,66,42,24,102,54,48
59575601,606,315,291,66,39,27,320,159,161,96,47,49,124,70,54
59574801,108,54,54,11,4,7,41,20,21,25,13,12,31,17,14
0602322,0,0,0,0,0,0,0,0,0,0,0,0,0,0,0
59577201,208,103,105,18,7,11,64,29,35,69,38,31,57,29,28
59577202,650,313,337,45,25,20,250,102,148,186,90,96,169,96,73
59577203,109,52,57,11,6,5,34,11,23,30,16,14,34,19,15
59577204,60,32,28,3,0,3,31,17,14,15,9,6,11,6,5
59577205,89,49,40,8,4,4,24,12,12,23,14,9,34,19,15
59580201,275,140,135,32,14,18,139,64,75,35,23,12,69,39,30
59581101,172,87,85,16,5,11,62,31,31,32,15,17,62,36,26
59582901,153,87,66,15,8,7,27,16,11,58,35,23,53,28,25
59584501,109,57,52,9,4,5,12,4,8,56,34,22,32,15,17
59585301,153,82,71,6,4,2,78,36,42,41,25,16,28,17,11
59586101,31,17,14,4,2,2,4,2,2,11,6,5,12,7,5
59586102,171,92,79,14,6,8,43,24,19,57,33,24,57,29,28
59586103,51,30,21,1,1,0,4,1,3,23,14,9,23,14,9
59587001,103,51,52,5,4,1,61,28,33,12,6,6,25,13,12
59588801,172,85,87,25,8,17,52,23,29,37,23,14,58,31,27
59589601,101,46,55,10,4,6,15,7,8,38,17,21,38,18,20
59590001,270,135,135,25,15,10,179,85,94,23,13,10,43,22,21
58784201,368,188,180,27,12,15,156,72,84,66,36,30,119,68,51
59591801,76,33,43,6,2,4,9,5,4,22,11,11,39,15,24
59591802,273,131,142,29,16,13,76,34,42,102,49,53,66,32,34
59591803,25,13,12,5,1,4,9,4,5,5,3,2,6,5,1
59592601,29,15,14,0,0,0,19,10,9,2,1,1,8,4,4
59592602,1744,880,864,245,115,130,573,286,287,428,222,206,498,257,241
59595101,615,310,305,73,31,42,175,82,93,185,99,86,182,98,84
59596901,87,44,43,6,2,4,31,15,16,36,22,14,14,5,9
59596902,104,49,55,19,9,10,14,5,9,47,24,23,24,11,13
59597701,168,87,81,21,10,11,59,28,31,37,23,14,51,26,25
59600101,45,23,22,5,3,2,29,14,15,6,4,2,5,2,3
59601901,527,270,257,43,16,27,260,136,124,113,68,45,111,50,61
59601902,88,51,37,2,1,1,61,36,25,5,2,3,20,12,8
59603501,228,127,101,20,11,9,62,34,28,59,34,25,87,48,39
59605101,364,201,163,19,11,8,197,100,97,93,62,31,55,28,27
59605103,28,14,14,0,0,0,17,9,8,6,3,3,5,2,3
59606001,55,25,30,5,2,3,19,8,11,14,7,7,17,8,9
59608601,258,133,125,7,6,1,136,65,71,38,19,19,77,43,34
59609401,27,12,15,5,3,2,16,6,10,2,2,0,4,1,3
59609402,423,203,220,28,16,12,197,83,114,57,31,26,141,73,68
59610801,195,92,103,21,9,12,66,30,36,51,28,23,57,25,32
59611601,1840,941,899,223,102,121,690,320,370,396,240,156,531,279,252
59611602,147,77,70,11,6,5,51,25,26,26,12,14,59,34,25
58751601,167,79,88,20,9,11,68,25,43,27,16,11,52,29,23
54983501,48,26,22,8,3,5,11,3,8,12,9,3,17,11,6
58777001,72,41,31,9,5,4,28,17,11,2,1,1,33,18,15
59613201,121,66,55,30,17,13,43,19,24,18,12,6,30,18,12
59614101,650,306,344,83,37,46,260,96,164,123,74,49,184,99,85
59615901,24,14,10,3,1,2,10,6,4,2,2,0,9,5,4
59615902,20,11,9,1,1,0,6,4,2,7,3,4,6,3,3
59618301,23,13,10,1,0,1,9,5,4,1,1,0,12,7,5
59618302,299,145,154,37,18,19,137,57,80,40,25,15,85,45,40
59618303,26,12,14,0,0,0,14,6,8,1,1,0,11,5,6
59620501,150,74,76,4,2,2,96,44,52,11,8,3,39,20,19
59620502,734,372,362,67,33,34,316,156,160,151,82,69,200,101,99
59620503,39,24,15,3,2,1,19,11,8,11,7,4,6,4,2
59621301,153,71,82,25,9,16,84,39,45,16,8,8,28,15,13
59622101,631,321,310,33,15,18,401,199,202,46,29,17,151,78,73
58797401,308,155,153,35,18,17,87,37,50,93,51,42,93,49,44
59623001,166,90,76,16,7,9,92,52,40,19,10,9,39,21,18
59623002,235,123,112,18,8,10,117,55,62,30,19,11,70,41,29
59623003,246,122,124,17,10,7,87,42,45,67,30,37,75,40,35
59623004,462,231,231,48,24,24,138,64,74,145,72,73,131,71,60
59623005,241,124,117,15,11,4,111,47,64,58,32,26,57,34,23
59623006,211,111,100,13,8,5,87,44,43,48,26,22,63,33,30
59623007,215,102,113,22,13,9,78,30,48,54,29,25,61,30,31
59623008,31,14,17,1,0,1,12,6,6,4,2,2,14,6,8
59623009,431,227,204,33,17,16,149,71,78,133,69,64,116,70,46
59623010,1078,531,547,119,56,63,259,111,148,403,214,189,297,150,147
59623011,654,294,360,61,21,40,256,103,153,196,100,96,141,70,71
59623012,188,98,90,17,10,7,63,32,31,61,32,29,47,24,23
59623013,105,49,56,16,6,10,21,9,12,41,20,21,27,14,13
59623015,355,166,189,35,15,20,105,50,55,120,53,67,95,48,47
59623016,22,11,11,6,4,2,3,2,1,12,4,8,1,1,0
59623017,702,364,338,54,19,35,196,91,105,221,109,112,231,145,86
59623018,760,357,403,53,24,29,151,62,89,367,184,183,189,87,102
59623019,344,163,181,30,14,16,90,40,50,116,61,55,108,48,60
59623020,243,110,133,32,13,19,47,21,26,97,45,52,67,31,36
59623022,804,391,413,81,42,39,244,100,144,312,162,150,167,87,80
59623023,99,56,43,7,6,1,32,18,14,34,19,15,26,13,13
59623026,807,390,417,68,33,35,224,96,128,303,159,144,212,102,110
59623027,1089,526,563,119,56,63,252,104,148,382,198,184,336,168,168
59624801,260,128,132,37,19,18,71,31,40,70,39,31,82,39,43
59625601,1295,643,652,128,64,64,438,195,243,359,191,168,370,193,177
59626401,23,14,9,2,1,1,6,3,3,4,3,1,11,7,4
59626402,38,15,23,2,1,1,14,4,10,17,7,10,5,3,2
59627201,169,91,78,21,12,9,86,42,44,28,17,11,34,20,14
59628101,413,212,201,38,12,26,207,106,101,51,34,17,117,60,57
59632901,224,118,106,16,10,6,102,54,48,34,14,20,72,40,32
59632902,87,41,46,15,10,5,25,9,16,23,9,14,24,13,11
59633701,659,337,322,99,51,48,199,88,111,186,104,82,175,94,81
51141201,137,74,63,12,8,4,59,32,27,29,17,12,37,17,20
59634501,33,16,17,6,4,2,6,2,4,13,8,5,8,2,6
59634502,902,426,476,103,52,51,274,121,153,255,117,138,270,136,134
59635301,95,47,48,19,9,10,32,13,19,23,14,9,21,11,10
59636101,895,447,448,104,49,55,337,151,186,166,101,65,288,146,142
59636102,30,18,12,3,2,1,12,4,8,8,6,2,7,6,1
59637001,54,28,26,8,5,3,35,17,18,1,1,0,10,5,5
59637002,186,96,90,10,8,2,56,27,29,38,20,18,82,41,41
59637003,86,42,44,15,11,4,38,18,20,6,3,3,27,10,17
0932620,0,0,0,0,0,0,0,0,0,0,0,0,0,0,0
59638801,250,132,118,11,4,7,156,79,77,37,23,14,46,26,20
59639601,326,173,153,35,21,14,143,74,69,55,30,25,93,48,45
59641801,244,133,111,23,13,10,89,44,45,64,40,24,68,36,32
59641802,51,26,25,3,0,3,13,6,7,18,10,8,17,10,7
54991601,314,164,150,33,16,17,155,78,77,38,21,17,88,49,39
59643401,157,79,78,17,8,9,49,22,27,38,22,16,53,27,26
59644201,241,119,122,20,5,15,48,25,23,75,39,36,98,50,48
59645101,253,135,118,15,10,5,99,53,46,67,36,31,72,36,36
59646901,88,47,41,4,2,2,33,13,20,12,6,6,39,26,13
59647702,146,79,67,15,7,8,57,28,29,24,14,10,50,30,20
59648501,94,41,53,6,3,3,19,6,13,43,20,23,26,12,14
59648502,702,354,348,68,32,36,112,49,63,327,170,157,195,103,92
59649301,55,26,29,5,2,3,24,10,14,4,3,1,22,11,11
59649302,102,56,46,10,6,4,40,20,20,22,14,8,30,16,14
59649303,192,98,94,16,8,8,63,32,31,38,21,17,75,37,38
59650701,51,26,25,5,3,2,14,6,8,1,1,0,31,16,15
58805901,129,77,52,3,0,3,31,17,14,61,40,21,34,20,14
59651501,173,83,90,17,8,9,63,26,37,37,23,14,56,26,30
59652301,123,61,62,6,3,3,55,23,32,37,20,17,25,15,10
59653101,599,308,291,43,26,17,261,123,138,146,85,61,149,74,75
54992401,111,60,51,13,7,6,45,23,22,10,7,3,43,23,20
54992402,45,22,23,10,6,4,20,7,13,7,3,4,8,6,2
59654001,95,53,42,2,1,1,49,26,23,22,16,6,22,10,12
59655801,287,142,145,30,11,19,150,74,76,40,24,16,67,33,34
59656601,144,70,74,13,5,8,11,4,7,78,40,38,42,21,21
59657401,886,453,433,51,28,23,567,292,275,87,46,41,181,87,94
59657402,28,17,11,0,0,0,18,10,8,2,2,0,8,5,3
58773701,99,45,54,16,7,9,35,17,18,26,12,14,22,9,13
54994101,41,19,22,1,1,0,27,10,17,10,5,5,3,3,0
59660401,31,17,14,4,2,2,11,6,5,6,5,1,10,4,6
59660402,77,42,35,3,1,2,14,7,7,14,7,7,46,27,19
59661201,62,33,29,2,1,1,30,18,12,12,4,8,18,10,8
59661202,553,270,283,44,16,28,178,83,95,187,95,92,144,76,68
59663901,87,41,46,14,9,5,46,21,25,12,5,7,15,6,9
59664701,80,46,34,10,6,4,19,11,8,34,19,15,17,10,7
59664702,40,24,16,1,1,0,17,10,7,5,4,1,17,9,8
59664703,81,45,36,12,7,5,40,19,21,15,11,4,14,8,6
59664704,430,211,219,49,24,25,180,80,100,102,53,49,99,54,45
59664705,20,9,11,1,0,1,2,0,2,7,3,4,10,6,4
59665501,68,33,35,10,5,5,20,8,12,22,15,7,16,5,11
59665502,505,259,246,45,25,20,137,70,67,174,87,87,149,77,72
59665503,23,11,12,0,0,0,15,7,8,5,2,3,3,2,1
59665504,164,91,73,12,6,6,49,25,24,40,22,18,63,38,25
59666301,36,21,15,2,1,1,16,8,8,6,4,2,12,8,4
59666302,346,190,156,19,10,9,154,76,78,70,44,26,103,60,43
59667101,211,104,107,12,6,6,86,40,46,60,34,26,53,24,29
59668001,454,224,230,22,7,15,244,121,123,54,31,23,134,65,69
59670101,35,17,18,2,1,1,8,3,5,21,12,9,4,1,3
59670102,578,292,286,45,24,21,183,95,88,164,81,83,186,92,94
59670103,24,10,14,0,0,0,20,8,12,3,1,2,1,1,0
58823701,265,130,135,30,15,15,114,53,61,59,31,28,62,31,31
59671001,42,14,28,4,1,3,17,6,11,14,6,8,7,1,6
59671002,98,54,44,13,10,3,23,10,13,17,11,6,45,23,22
59671003,32,15,17,4,2,2,13,6,7,7,4,3,8,3,5
59672801,271,146,125,29,19,10,142,70,72,42,23,19,58,34,24
59673601,99,48,51,16,6,10,20,10,10,37,20,17,26,12,14
59674401,215,102,113,27,14,13,78,35,43,33,15,18,77,38,39
59675201,104,54,50,9,3,6,19,11,8,37,21,16,39,19,20
59675202,28,15,13,4,2,2,0,0,0,10,5,5,14,8,6
59676101,154,82,72,17,10,7,44,22,22,41,27,14,52,23,29
59678701,21,13,8,0,0,0,6,4,2,14,8,6,1,1,0
59678702,21,10,11,2,1,1,2,1,1,11,6,5,6,2,4
59678703,46,28,18,4,2,2,6,4,2,9,5,4,27,17,10
59678704,48,30,18,5,3,2,8,3,5,23,17,6,12,7,5
59678706,541,258,283,56,23,33,142,62,80,176,93,83,167,80,87
59678707,41,21,20,3,3,0,9,5,4,15,8,7,14,5,9
59679501,26,16,10,1,1,0,6,2,4,7,6,1,12,7,5
59680901,122,64,58,13,6,7,29,8,21,31,19,12,49,31,18
59681701,47,28,19,0,0,0,32,19,13,5,4,1,10,5,5
59681702,106,52,54,5,1,4,62,30,32,6,4,2,33,17,16
59681703,37,21,16,2,1,1,12,6,6,11,6,5,12,8,4
59681704,400,201,199,35,21,14,134,57,77,92,48,44,139,75,64
59682501,73,37,36,3,3,0,42,19,23,11,6,5,17,9,8
59682503,140,67,73,2,1,1,83,41,42,23,10,13,32,15,17
59682504,139,45,94,7,2,5,62,10,52,23,12,11,47,21,26
59682505,37,17,20,1,1,0,21,10,11,3,0,3,12,6,6
59682506,486,236,250,63,26,37,148,77,71,112,62,50,163,71,92
54988601,100,50,50,3,2,1,38,16,22,23,14,9,36,18,18
59683301,45,22,23,3,2,1,23,8,15,7,7,0,12,5,7
59683302,95,48,47,13,4,9,50,28,22,9,5,4,23,11,12
59684101,414,207,207,48,18,30,70,33,37,130,67,63,166,89,77
59684102,26,12,14,2,1,1,6,2,4,4,2,2,14,7,7
59685001,110,57,53,2,2,0,54,28,26,14,7,7,40,20,20
59686801,76,44,32,8,3,5,19,9,10,36,25,11,13,7,6
59686803,151,82,69,16,7,9,45,23,22,53,33,20,37,19,18
59686804,1102,549,553,70,28,42,274,119,155,453,250,203,305,152,153
59687601,670,333,337,78,40,38,98,32,66,281,157,124,213,104,109
59688401,120,58,62,14,6,8,43,22,21,45,23,22,18,7,11
59688402,39,17,22,8,1,7,4,2,2,13,7,6,14,7,7
59688403,487,256,231,49,22,27,109,44,65,158,90,68,171,100,71
59688404,48,21,27,2,1,1,22,8,14,9,4,5,15,8,7
59183101,654,337,317,84,41,43,182,89,93,190,105,85,198,102,96
58775301,109,55,54,7,2,5,38,16,22,41,23,18,23,14,9
54995901,80,39,41,5,2,3,36,17,19,9,4,5,30,16,14
59690601,32,18,14,4,2,2,23,12,11,2,2,0,3,2,1
59690602,344,190,154,24,14,10,150,76,74,84,50,34,86,50,36
59691401,80,37,43,6,3,3,26,10,16,24,12,12,24,12,12
59691403,39,19,20,1,0,1,11,5,6,5,1,4,22,13,9
59691404,105,51,54,3,2,1,61,27,34,11,5,6,30,17,13
59691405,161,82,79,17,8,9,53,25,28,50,27,23,41,22,19
59691406,79,42,37,8,4,4,18,7,11,28,15,13,25,16,9
59692201,263,139,124,12,6,6,129,69,60,54,26,28,68,38,30
59693101,188,95,93,14,5,9,51,25,26,58,33,25,65,32,33
59694901,317,164,153,17,9,8,69,33,36,107,55,52,124,67,57
59695701,91,44,47,8,3,5,40,18,22,20,8,12,23,15,8
59695702,92,54,38,3,2,1,48,27,21,14,7,7,27,18,9
59695703,104,56,48,9,4,5,48,23,25,26,16,10,21,13,8
59695704,133,72,61,14,10,4,25,13,12,50,26,24,44,23,21
59695705,218,107,111,16,7,9,100,44,56,44,28,16,58,28,30
59695707,32,20,12,0,0,0,11,6,5,12,9,3,9,5,4
59696501,311,158,153,25,13,12,124,54,70,75,43,32,87,48,39
3149780,0,0,0,0,0,0,0,0,0,0,0,0,0,0,0
3181410,0,0,0,0,0,0,0,0,0,0,0,0,0,0,0
3296900,0,0,0,0,0,0,0,0,0,0,0,0,0,0,0
3394580,0,0,0,0,0,0,0,0,0,0,0,0,0,0,0
59697301,72,36,36,7,5,2,40,20,20,11,5,6,14,6,8
59697302,127,70,57,21,10,11,44,24,20,20,10,10,42,26,16
59697303,156,75,81,25,12,13,55,26,29,31,11,20,45,26,19
59697304,80,43,37,7,3,4,19,9,10,22,16,6,32,15,17
59697305,50,23,27,2,1,1,9,4,5,18,7,11,21,11,10
59697306,78,38,40,7,4,3,37,19,18,21,9,12,13,6,7
59697308,188,98,90,31,20,11,49,19,30,61,33,28,47,26,21
59697309,42,20,22,7,5,2,8,2,6,21,9,12,6,4,2
59697310,436,212,224,34,19,15,135,57,78,117,59,58,150,77,73
59697311,281,159,122,33,18,15,59,28,31,80,49,31,109,64,45
59697312,2233,1079,1154,290,137,153,561,244,317,720,372,348,662,326,336
59697313,549,277,272,50,21,29,167,81,86,187,94,93,145,81,64
59697315,848,416,432,117,52,65,212,88,124,296,168,128,223,108,115
59698101,67,32,35,3,0,3,33,12,21,17,11,6,14,9,5
59698102,1090,559,531,82,38,44,444,207,237,238,136,102,326,178,148
59699001,132,70,62,3,2,1,60,32,28,31,17,14,38,19,19
3048590,0,0,0,0,0,0,0,0,0,0,0,0,0,0,0
59700701,165,88,77,16,8,8,55,29,26,36,20,16,58,31,27
59700702,116,59,57,13,8,5,58,26,32,23,11,12,22,14,8
59700703,89,46,43,17,8,9,39,20,19,13,6,7,20,12,8
59700704,83,43,40,12,7,5,42,23,19,18,9,9,11,4,7
59700705,271,138,133,21,11,10,84,40,44,66,32,34,100,55,45
59700706,42,17,25,4,3,1,4,3,1,11,3,8,23,8,15
59700707,530,284,246,51,29,22,212,103,109,108,65,43,159,87,72
59700708,272,154,118,37,22,15,112,58,54,33,23,10,90,51,39
59700709,845,427,418,92,39,53,235,98,137,284,162,122,234,128,106
59700710,31,14,17,0,0,0,15,6,9,9,5,4,7,3,4
59700711,2808,1325,1483,357,156,201,641,270,371,945,486,459,865,413,452
59700712,168,90,78,9,5,4,58,29,29,41,20,21,60,36,24
59700714,26,12,14,1,0,1,6,2,4,15,7,8,4,3,1
59700715,20,12,8,5,4,1,3,3,0,6,1,5,6,4,2
59700716,1496,695,801,165,76,89,457,185,272,454,228,226,420,206,214
59700717,467,230,237,48,24,24,111,46,65,162,84,78,146,76,70
59700718,99,55,44,19,13,6,40,15,25,28,17,11,12,10,2
59700719,1099,547,552,129,60,69,238,99,139,347,176,171,385,212,173
59700720,1492,694,798,206,89,117,392,165,227,453,233,220,441,207,234
59700721,797,382,415,89,34,55,235,108,127,249,141,108,224,99,125
59700722,417,208,209,47,20,27,104,41,63,148,85,63,118,62,56
59700723,29,16,13,3,2,1,4,1,3,12,7,5,10,6,4
59700724,47,28,19,2,2,0,8,5,3,21,11,10,16,10,6
58789301,106,51,55,12,6,6,39,14,25,35,23,12,20,8,12
59701501,420,237,183,21,11,10,202,111,91,49,29,20,148,86,62
59703101,81,39,42,8,3,5,12,6,6,32,17,15,29,13,16
59703102,35,19,16,2,1,1,11,4,7,11,7,4,11,7,4
59703103,43,18,25,1,1,0,23,8,15,13,7,6,6,2,4
59704001,41,22,19,5,3,2,13,4,9,19,13,6,4,2,2
59704002,30,16,14,1,0,1,19,11,8,5,3,2,5,2,3
59704003,173,80,93,8,5,3,52,21,31,63,28,35,50,26,24
59705801,411,210,201,46,24,22,192,89,103,80,48,32,93,49,44
59705802,43,22,21,0,0,0,34,17,17,6,3,3,3,2,1
59706601,164,82,82,21,10,11,79,38,41,19,10,9,45,24,21
59707401,560,271,289,41,13,28,106,41,65,262,142,120,151,75,76
59707402,111,51,60,12,7,5,11,5,6,39,16,23,49,23,26
58786902,139,73,66,13,8,5,41,19,22,63,34,29,22,12,10
59708201,41,22,19,2,1,1,8,4,4,11,6,5,20,11,9
59708202,232,118,114,16,9,7,120,54,66,37,22,15,59,33,26
59709102,753,383,370,65,35,30,143,67,76,330,172,158,215,109,106
58833401,194,101,93,31,19,12,41,20,21,76,40,36,46,22,24
59711201,265,133,132,28,16,12,86,39,47,85,45,40,66,33,33
59712101,134,68,66,11,4,7,78,38,40,15,9,6,30,17,13
59713901,206,106,100,22,12,10,131,65,66,15,9,6,38,20,18
59714702,509,258,251,46,23,23,194,97,97,137,74,63,132,64,68
59715501,218,111,107,8,5,3,123,62,61,23,8,15,64,36,28
59715502,99,49,50,3,1,2,26,12,14,25,12,13,45,24,21
59715503,329,176,153,33,16,17,118,54,64,76,49,27,102,57,45
59716301,231,109,122,27,14,13,72,35,37,61,26,35,71,34,37
1953240,0,0,0,0,0,0,0,0,0,0,0,0,0,0,0
1953590,0,0,0,0,0,0,0,0,0,0,0,0,0,0,0
1954300,0,0,0,0,0,0,0,0,0,0,0,0,0,0,0
3149940,0,0,0,0,0,0,0,0,0,0,0,0,0,0,0
59520901,266,134,132,35,18,17,44,16,28,113,62,51,74,38,36
59520902,163,84,79,20,10,10,53,28,25,56,30,26,34,16,18
59520903,127,63,64,12,7,5,27,17,10,57,26,31,31,13,18
59520905,63,29,34,6,3,3,16,7,9,15,6,9,26,13,13
59520906,76,39,37,1,0,1,21,11,10,33,17,16,21,11,10
59520908,261,129,132,26,11,15,62,27,35,101,52,49,72,39,33
59520909,1994,928,1066,201,77,124,366,147,219,905,454,451,522,250,272
59520910,581,305,276,69,33,36,130,61,69,217,121,96,165,90,75
59520913,38,19,19,4,4,0,3,3,0,10,2,8,21,10,11
59520914,28,13,15,0,0,0,4,1,3,15,7,8,9,5,4
59520915,335,246,89,14,10,4,20,11,9,70,51,19,231,174,57
59520916,604,344,260,64,35,29,140,73,67,243,149,94,157,87,70
59520917,68,43,25,4,3,1,11,5,6,39,27,12,14,8,6
59520918,23,11,12,1,1,0,7,3,4,10,5,5,5,2,3
59520919,165,83,82,11,5,6,24,10,14,72,35,37,58,33,25
59520920,1951,938,1013,201,91,110,441,181,260,823,426,397,486,240,246
59520922,633,323,310,62,32,30,141,65,76,261,136,125,169,90,79
59520923,2676,1273,1403,293,122,171,342,136,206,1274,645,629,767,370,397
59520924,1455,680,775,120,52,68,272,110,162,635,326,309,428,192,236
59520925,2608,1189,1419,258,106,152,552,223,329,1073,527,546,725,333,392
59520926,1598,765,833,154,68,86,417,175,242,618,323,295,409,199,210
59520927,1342,643,699,91,43,48,311,134,177,593,303,290,347,163,184
59520928,3069,1450,1619,291,124,167,634,265,369,1265,645,620,879,416,463
58129102,2141,1021,1120,221,102,119,271,120,151,1077,531,546,572,268,304
58129103,1778,884,894,201,95,106,265,113,152,728,375,353,584,301,283
58129104,312,168,144,43,15,28,56,29,27,145,84,61,68,40,28
58129105,215,111,104,33,15,18,23,10,13,93,57,36,66,29,37
58131301,231,118,113,26,14,12,78,32,46,70,37,33,57,35,22
58133001,104,48,56,15,7,8,28,13,15,26,11,15,35,17,18
58133002,525,264,261,39,22,17,224,107,117,100,55,45,162,80,82
3202420,0,0,0,0,0,0,0,0,0,0,0,0,0,0,0
3401620,0,0,0,0,0,0,0,0,0,0,0,0,0,0,0
58128301,565,275,290,81,37,44,59,24,35,269,139,130,156,75,81
58128302,435,217,218,44,16,28,50,20,30,229,120,109,112,61,51
58128303,615,292,323,58,26,32,54,29,25,346,166,180,157,71,86
58128304,420,213,207,40,18,22,88,40,48,170,87,83,122,68,54
58128305,115,54,61,6,4,2,16,5,11,43,24,19,50,21,29
58128306,146,72,74,13,6,7,24,14,10,68,33,35,41,19,22
58128308,37,19,18,1,1,0,4,2,2,19,7,12,13,9,4
58128309,213,104,109,32,13,19,20,8,12,116,63,53,45,20,25
58128310,470,243,227,48,24,24,51,28,23,224,114,110,147,77,70
58128311,385,206,179,57,27,30,36,16,20,194,109,85,98,54,44
58128312,73,39,34,3,2,1,10,6,4,26,16,10,34,15,19
58128315,197,103,94,27,15,12,24,12,12,72,40,32,74,36,38
58128316,507,239,268,61,27,34,51,21,30,281,138,143,114,53,61
58128319,51,34,17,10,5,5,6,3,3,19,12,7,16,14,2
58128321,2875,1395,1480,323,139,184,473,203,270,1272,657,615,807,396,411
58128322,476,243,233,51,22,29,74,30,44,214,117,97,137,74,63
58128324,1286,635,651,131,62,69,177,72,105,603,322,281,375,179,196
58128325,1526,774,752,168,81,87,226,93,133,658,329,329,474,271,203
58128326,1371,612,759,190,58,132,221,97,124,596,291,305,364,166,198
58128327,1982,927,1055,230,92,138,252,101,151,943,477,466,557,257,300
58128328,1815,811,1004,211,74,137,210,77,133,854,408,446,540,252,288
58128330,2537,1208,1329,271,128,143,386,151,235,1136,575,561,744,354,390
58128331,93,49,44,10,8,2,5,2,3,59,33,26,19,6,13
58128332,169,84,85,29,13,16,29,13,16,78,43,35,33,15,18
58128334,21,9,12,3,1,2,5,2,3,8,3,5,5,3,2
58128335,1520,747,773,139,59,80,306,132,174,643,340,303,432,216,216
58135601,417,179,238,57,19,38,94,36,58,137,63,74,129,61,68
58136401,1228,609,619,175,80,95,322,136,186,392,209,183,339,184,155
58137201,81,37,44,8,5,3,33,14,19,26,12,14,14,6,8
58137202,212,105,107,24,15,9,43,21,22,56,30,26,89,39,50
58137203,353,184,169,37,13,24,61,26,35,156,96,60,99,49,50
58137204,247,136,111,22,12,10,94,43,51,59,36,23,72,45,27
58137205,44,23,21,6,3,3,9,4,5,10,6,4,19,10,9
58137206,1039,511,528,114,48,66,231,104,127,352,176,176,342,183,159
58137207,107,47,60,23,9,14,12,4,8,23,8,15,49,26,23
58137208,1666,757,909,192,80,112,363,151,212,562,297,265,549,229,320
58137209,458,227,231,59,28,31,100,48,52,164,85,79,135,66,69
58137210,318,149,169,45,22,23,76,31,45,111,54,57,86,42,44
58137211,2642,1201,1441,292,109,183,556,235,321,987,483,504,807,374,433
58137212,1030,544,486,129,58,71,164,68,96,391,218,173,346,200,146
58137213,321,158,163,34,17,17,65,31,34,144,71,73,78,39,39
58137214,1535,703,832,162,69,93,306,113,193,638,308,330,429,213,216
58137216,81,42,39,10,5,5,18,10,8,30,19,11,23,8,15
58137217,274,143,131,41,20,21,57,33,24,90,49,41,86,41,45
58137219,388,195,193,50,21,29,92,42,50,146,79,67,100,53,47
58137220,1037,501,536,117,53,64,163,71,92,405,195,210,352,182,170
58137221,86,42,44,7,3,4,13,6,7,46,25,21,20,8,12
58138101,265,131,134,41,21,20,64,27,37,80,45,35,80,38,42
58138102,76,38,38,11,7,4,39,16,23,14,8,6,12,7,5
58144501,466,235,231,49,26,23,103,54,49,169,89,80,145,66,79
58145301,614,310,304,78,36,42,112,50,62,251,139,112,173,85,88
58146101,253,127,126,18,6,12,77,39,38,84,48,36,74,34,40
58147001,707,363,344,74,34,40,227,104,123,166,96,70,240,129,111
55416201,167,90,77,29,15,14,54,28,26,49,27,22,35,20,15
58149601,389,206,183,39,19,20,59,33,26,172,90,82,119,64,55
58149602,1812,839,973,189,78,111,361,142,219,817,398,419,445,221,224
58150001,369,195,174,52,31,21,169,84,85,58,34,24,90,46,44
58151801,154,74,80,5,1,4,50,22,28,41,23,18,58,28,30
58151802,69,35,34,3,3,0,21,7,14,23,11,12,22,14,8
58152601,141,79,62,25,12,13,44,22,22,36,23,13,36,22,14
58154201,1090,576,514,135,72,63,184,78,106,425,230,195,346,196,150
58154202,217,115,102,28,16,12,40,19,21,94,49,45,55,31,24
58155101,1321,660,661,139,63,76,416,190,226,363,201,162,403,206,197
58156902,456,228,228,52,21,31,117,56,61,160,83,77,127,68,59
58159301,118,58,60,18,8,10,48,27,21,23,12,11,29,11,18
58161501,153,74,79,29,16,13,41,17,24,56,29,27,27,12,15
58163101,261,141,120,18,7,11,118,59,59,46,34,12,79,41,38
51369501,20,9,11,1,0,1,3,0,3,9,5,4,7,4,3
51369502,102,51,51,4,1,3,40,19,21,27,16,11,31,15,16
58153401,211,115,96,20,11,9,54,26,28,71,41,30,66,37,29
58166601,386,198,188,52,29,23,94,51,43,108,55,53,132,63,69
58168201,2746,1355,1391,306,141,165,650,285,365,1145,594,551,645,335,310
58172101,44,27,17,5,3,2,14,8,6,19,13,6,6,3,3
58172102,115,64,51,7,2,5,65,37,28,16,11,5,27,14,13
58173901,868,426,442,79,36,43,299,131,168,240,135,105,250,124,126
58175501,338,181,157,31,17,14,112,49,63,114,68,46,81,47,34
58176301,904,454,450,110,55,55,272,123,149,277,151,126,245,125,120
58177101,113,53,60,19,7,12,45,24,21,28,12,16,21,10,11
58178001,457,233,224,59,29,30,68,33,35,182,97,85,148,74,74
58179801,143,75,68,29,16,13,24,10,14,46,28,18,44,21,23
58180101,33,17,16,4,3,1,15,4,11,9,5,4,5,5,0
58180102,453,223,230,63,34,29,151,65,86,89,50,39,150,74,76
58181001,196,99,97,19,10,9,67,36,31,57,28,29,53,25,28
58182801,874,425,449,125,52,73,196,85,111,348,184,164,205,104,101
58183601,160,86,74,22,8,14,45,20,25,45,32,13,48,26,22
58184401,63,33,30,7,4,3,13,5,8,16,9,7,27,15,12
58185201,195,97,98,27,15,12,62,31,31,60,26,34,46,25,21
58186101,280,138,142,41,17,24,50,24,26,103,52,51,86,45,41
58187901,61,29,32,6,3,3,26,14,12,17,7,10,12,5,7
58187902,1903,921,982,236,97,139,468,207,261,637,330,307,562,287,275
58187903,242,121,121,23,9,14,115,54,61,48,24,24,56,34,22
58187904,288,137,151,36,19,17,72,27,45,86,48,38,94,43,51
58187905,215,104,111,29,12,17,47,23,24,52,25,27,87,44,43
58187906,25,15,10,2,2,0,8,3,5,7,5,2,8,5,3
58188701,175,87,88,24,11,13,28,13,15,56,35,21,67,28,39
58190901,421,201,220,45,19,26,78,31,47,170,90,80,128,61,67
58191701,50,25,25,6,4,2,19,9,10,13,7,6,12,5,7
58191702,49,26,23,7,2,5,20,9,11,3,3,0,19,12,7
58191703,62,31,31,7,3,4,19,7,12,14,10,4,22,11,11
58191704,34,15,19,3,1,2,16,7,9,8,4,4,7,3,4
58191705,71,39,32,7,3,4,10,4,6,23,15,8,31,17,14
58191706,143,69,74,13,4,9,46,20,26,47,25,22,37,20,17
58191707,92,44,48,8,4,4,40,17,23,14,8,6,30,15,15
58191708,29,16,13,4,1,3,5,3,2,15,9,6,5,3,2
58191709,55,27,28,2,2,0,6,4,2,23,12,11,24,9,15
58191710,71,36,35,9,4,5,17,6,11,16,11,5,29,15,14
58191711,402,206,196,48,26,22,106,47,59,125,62,63,123,71,52
58191713,606,301,305,58,33,25,164,76,88,190,107,83,194,85,109
58191714,126,66,60,10,5,5,15,9,6,71,36,35,30,16,14
58191715,190,97,93,34,15,19,53,24,29,39,23,16,64,35,29
58191716,83,44,39,7,3,4,13,4,9,37,21,16,26,16,10
58191717,53,26,27,6,3,3,15,7,8,19,11,8,13,5,8
58191718,29,17,12,6,5,1,5,2,3,12,7,5,6,3,3
58191720,112,57,55,8,1,7,24,11,13,49,27,22,31,18,13
58191721,35,18,17,3,2,1,7,2,5,14,10,4,11,4,7
58191722,102,51,51,20,10,10,21,11,10,20,12,8,41,18,23
58191723,893,447,446,94,39,55,266,121,145,258,138,120,275,149,126
58191724,180,98,82,7,3,4,55,29,26,62,39,23,56,27,29
58191725,251,133,118,28,14,14,75,32,43,63,35,28,85,52,33
58191726,32,22,10,3,2,1,10,6,4,7,5,2,12,9,3
58191727,1908,883,1025,200,91,109,431,157,274,640,332,308,637,303,334
58191729,93,50,43,6,3,3,24,9,15,35,23,12,28,15,13
58191730,23,12,11,6,3,3,7,5,2,3,0,3,7,4,3
58191732,379,192,187,32,17,15,80,30,50,111,54,57,156,91,65
58191733,451,236,215,44,23,21,80,34,46,157,82,75,170,97,73
58192501,421,214,207,45,21,24,97,49,48,138,67,71,141,77,64
58193301,128,67,61,22,10,12,45,23,22,27,16,11,34,18,16
58194101,42,23,19,6,3,3,16,8,8,17,10,7,3,2,1
58195001,1094,542,552,122,60,62,334,142,192,275,152,123,363,188,175
58195002,51,29,22,7,5,2,5,2,3,8,6,2,31,16,15
58196801,1461,718,743,173,73,100,270,105,165,598,325,273,420,215,205
55387501,57,28,29,1,0,1,16,6,10,13,7,6,27,15,12
58199201,96,47,49,6,3,3,51,22,29,21,11,10,18,11,7
53100601,326,165,161,43,24,19,149,74,75,62,33,29,72,34,38
58201801,1853,912,941,232,106,126,509,236,273,611,335,276,501,235,266
58202601,45,23,22,9,4,5,10,7,3,7,3,4,19,9,10
58203401,161,86,75,19,9,10,50,26,24,54,30,24,38,21,17
58204201,94,43,51,6,4,2,14,8,6,23,10,13,51,21,30
58204202,92,46,46,13,8,5,22,13,9,31,14,17,26,11,15
58206901,173,91,82,11,8,3,42,17,25,74,41,33,46,25,21
58207701,170,82,88,20,9,11,10,4,6,85,44,41,55,25,30
58208501,448,233,215,37,12,25,122,62,60,142,80,62,147,79,68
58210701,216,101,115,24,6,18,51,22,29,61,35,26,80,38,42
58211501,45,26,19,4,1,3,6,4,2,19,12,7,16,9,7
58211502,293,143,150,49,26,23,37,15,22,94,47,47,113,55,58
58213101,580,294,286,52,27,25,237,113,124,117,63,54,174,91,83
58215801,1609,799,810,156,71,85,615,277,338,434,227,207,404,224,180
58216601,1050,541,509,118,54,64,186,86,100,459,249,210,287,152,135
58218201,1082,538,544,145,63,82,241,100,141,404,235,169,292,140,152
58219101,189,102,87,19,10,9,82,45,37,27,14,13,61,33,28
58219102,66,34,32,1,0,1,35,17,18,15,10,5,15,7,8
58220401,128,63,65,18,9,9,58,24,34,7,4,3,45,26,19
58221201,633,319,314,76,36,40,145,71,74,204,105,99,208,107,101
58222101,257,145,112,23,12,11,93,50,43,66,39,27,75,44,31
58223901,210,105,105,11,4,7,38,17,21,80,47,33,81,37,44
58223902,88,42,46,11,5,6,15,5,10,32,18,14,30,14,16
58223903,958,451,507,88,31,57,172,77,95,452,227,225,246,116,130
58223904,2349,1192,1157,268,126,142,397,169,228,1054,566,488,630,331,299
58224701,1335,671,664,157,75,82,193,75,118,584,314,270,401,207,194
51370901,107,48,59,12,6,6,50,21,29,19,11,8,26,10,16
58227101,546,289,257,42,28,14,319,155,164,84,44,40,101,62,39
58228001,131,65,66,8,3,5,43,22,21,39,25,14,41,15,26
58229801,961,481,480,125,59,66,180,78,102,388,211,177,268,133,135
58231001,561,305,256,40,22,18,166,72,94,181,104,77,174,107,67
58231002,66,33,33,12,4,8,11,4,7,25,16,9,18,9,9
58232801,568,277,291,47,23,24,232,103,129,142,77,65,147,74,73
58233601,606,298,308,81,34,47,141,59,82,209,117,92,175,88,87
58234401,35,14,21,2,1,1,16,6,10,10,4,6,7,3,4
58234402,81,38,43,8,4,4,25,10,15,12,5,7,36,19,17
58235201,941,461,480,104,45,59,261,118,143,316,160,156,260,138,122
55696301,625,326,299,59,28,31,81,43,38,317,167,150,168,88,80
58262001,60,29,31,2,1,1,13,5,8,16,6,10,29,17,12
58262002,51,25,26,8,3,5,24,8,16,13,9,4,6,5,1
58262003,54,28,26,8,4,4,15,8,7,19,10,9,12,6,6
58239501,472,236,236,46,22,24,108,44,64,160,85,75,158,85,73
58240901,402,202,200,73,32,41,123,56,67,86,48,38,120,66,54
58240902,38,16,22,4,2,2,8,4,4,16,6,10,10,4,6
58241701,178,86,92,7,5,2,104,49,55,19,6,13,48,26,22
58241702,113,53,60,15,4,11,47,22,25,12,10,2,39,17,22
58606401,235,125,110,20,11,9,58,30,28,86,48,38,71,36,35
58243301,409,209,200,45,17,28,77,39,38,168,90,78,119,63,56
58244101,102,49,53,15,7,8,6,4,2,55,26,29,26,12,14
58244102,1655,790,865,182,81,101,289,119,170,684,360,324,500,230,270
58246801,856,363,493,69,30,39,227,70,157,305,153,152,255,110,145
58247601,207,101,106,21,8,13,19,8,11,123,62,61,44,23,21
58247602,615,299,316,94,39,55,86,37,49,281,145,136,154,78,76
58248401,615,326,289,76,39,37,219,90,129,163,109,54,157,88,69
58248402,36,18,18,8,3,5,4,1,3,17,10,7,7,4,3
58249201,64,28,36,11,4,7,7,5,2,20,9,11,26,10,16
58249202,122,65,57,14,6,8,38,20,18,25,12,13,45,27,18
58250601,71,37,34,10,5,5,32,17,15,12,5,7,17,10,7
58253101,293,133,160,26,10,16,62,25,37,88,46,42,117,52,65
53469201,451,228,223,35,17,18,89,41,48,155,86,69,172,84,88
58255701,279,130,149,31,13,18,63,28,35,117,60,57,68,29,39
58257301,432,210,222,50,24,26,95,39,56,167,89,78,120,58,62
55388301,43,22,21,2,1,1,9,6,3,10,4,6,22,11,11
58258101,445,229,216,58,31,27,132,54,78,131,75,56,124,69,55
58259001,129,59,70,11,5,6,46,21,25,37,20,17,35,13,22
58259002,408,197,211,29,14,15,111,45,66,165,86,79,103,52,51
58260301,45,23,22,3,1,2,10,6,4,22,12,10,10,4,6
58260302,135,69,66,18,9,9,18,7,11,39,23,16,60,30,30
58260303,390,209,181,51,25,26,103,52,51,123,68,55,113,64,49
58260304,274,125,149,28,12,16,39,17,22,145,65,80,62,31,31
58261101,244,124,120,30,14,16,76,31,45,57,31,26,81,48,33
53082401,188,97,91,31,15,16,64,34,30,37,24,13,56,24,32
53082402,61,31,30,10,4,6,15,7,8,22,11,11,14,9,5
3131810,0,0,0,0,0,0,0,0,0,0,0,0,0,0,0
3131900,0,0,0,0,0,0,0,0,0,0,0,0,0,0,0
3132030,0,0,0,0,0,0,0,0,0,0,0,0,0,0,0
3132110,0,0,0,0,0,0,0,0,0,0,0,0,0,0,0
58264601,55,29,26,7,4,3,8,4,4,19,9,10,21,12,9
58264602,81,44,37,9,5,4,19,12,7,24,13,11,29,14,15
58264603,40,23,17,2,1,1,10,5,5,7,4,3,21,13,8
58264604,42,20,22,6,3,3,25,10,15,5,2,3,6,5,1
58264605,95,46,49,11,5,6,29,13,16,30,14,16,25,14,11
58264607,82,62,20,4,3,1,0,0,0,19,16,3,59,43,16
58264608,983,468,515,83,38,45,166,66,100,423,212,211,311,152,159
58264611,746,378,368,78,41,37,142,64,78,304,159,145,222,114,108
58264612,1340,673,667,157,71,86,184,69,115,557,284,273,442,249,193
1820280,0,0,0,0,0,0,0,0,0,0,0,0,0,0,0
58265401,310,160,150,37,22,15,68,28,40,97,55,42,108,55,53
58266201,262,137,125,28,10,18,103,46,57,72,46,26,59,35,24
58267101,529,259,270,51,22,29,109,46,63,201,104,97,168,87,81
58268901,392,194,198,32,13,19,90,43,47,136,72,64,134,66,68
58270101,189,89,100,12,5,7,64,31,33,53,29,24,60,24,36
58270102,556,285,271,65,37,28,154,72,82,160,82,78,177,94,83
58600501,143,71,72,17,9,8,29,11,18,63,31,32,34,20,14
58272701,213,103,110,31,14,17,56,24,32,57,30,27,69,35,34
58274301,382,195,187,34,14,20,76,34,42,105,58,47,167,89,78
58275101,746,365,381,70,30,40,227,102,125,184,95,89,265,138,127
58276001,257,139,118,34,16,18,63,27,36,105,62,43,55,34,21
58277801,81,38,43,10,4,6,24,11,13,22,14,8,25,9,16
55108201,1106,788,318,182,141,41,200,128,72,421,304,117,303,215,88
55108202,3696,1740,1956,429,181,248,556,241,315,1787,863,924,924,455,469
55108203,4604,2256,2348,540,239,301,688,322,366,2196,1110,1086,1180,585,595
55108204,37,21,16,7,4,3,3,1,2,16,9,7,11,7,4
55108205,4556,2080,2476,558,217,341,879,376,503,2089,1025,1064,1030,462,568
55108206,213,112,101,31,14,17,40,18,22,103,57,46,39,23,16
3039680,0,0,0,0,0,0,0,0,0,0,0,0,0,0,0
55132501,330,172,158,54,29,25,60,29,31,157,84,73,59,30,29
55132502,2272,1103,1169,282,119,163,469,227,242,858,442,416,663,315,348
0118780,0,0,0,0,0,0,0,0,0,0,0,0,0,0,0
55119801,3996,1907,2089,439,177,262,574,247,327,1924,959,965,1059,524,535
55119802,37,21,16,10,5,5,2,1,1,18,11,7,7,4,3
55119803,857,446,411,103,51,52,113,58,55,446,235,211,195,102,93
55119804,722,365,357,88,39,49,98,54,44,349,174,175,187,98,89
55119805,299,166,133,33,13,20,42,20,22,134,80,54,90,53,37
55119807,1253,592,661,136,53,83,201,88,113,537,272,265,379,179,200
55119809,2661,1223,1438,299,120,179,405,164,241,1230,601,629,727,338,389
55119810,53,26,27,3,1,2,15,5,10,34,19,15,1,1,0
55119811,1653,814,839,201,97,104,304,131,173,719,380,339,429,206,223
55119812,3480,1611,1869,369,149,220,511,223,288,1703,819,884,897,420,477
55119813,116,63,53,21,10,11,14,5,9,56,35,21,25,13,12
55119814,1684,765,919,214,86,128,251,103,148,758,369,389,461,207,254
55119816,2119,999,1120,256,118,138,280,117,163,1072,536,536,511,228,283
55119817,5614,2587,3027,619,252,367,755,316,439,2765,1340,1425,1475,679,796
55119818,170,85,85,24,10,14,13,8,5,75,37,38,58,30,28
0112910,0,0,0,0,0,0,0,0,0,0,0,0,0,0,0
55106601,2260,1059,1201,245,115,130,268,112,156,1089,535,554,658,297,361
55106602,443,267,176,55,24,31,52,22,30,100,58,42,236,163,73
55106603,2129,1010,1119,262,118,144,379,164,215,984,492,492,504,236,268
55106606,652,331,321,79,34,45,104,55,49,285,149,136,184,93,91
55106607,651,313,338,87,44,43,91,44,47,299,148,151,174,77,97
55106608,2203,1064,1139,271,116,155,356,155,201,1054,536,518,522,257,265
55106609,36,26,10,7,4,3,6,4,2,13,10,3,10,8,2
3039760,0,0,0,0,0,0,0,0,0,0,0,0,0,0,0
55131701,3490,1736,1754,396,176,220,722,333,389,1426,724,702,946,503,443
55131702,123,84,39,17,9,8,36,29,7,53,34,19,17,12,5
55137601,1915,933,982,192,82,110,388,186,202,849,445,404,486,220,266
55137602,82,44,38,13,6,7,3,2,1,48,27,21,18,9,9
55140601,1090,528,562,149,69,80,180,81,99,436,220,216,325,158,167
0110370,0,0,0,0,0,0,0,0,0,0,0,0,0,0,0
55107401,43,21,22,7,4,3,4,1,3,22,12,10,10,4,6
55107402,735,388,347,67,27,40,122,65,57,323,165,158,223,131,92
55107403,35,26,9,5,3,2,9,7,2,11,8,3,10,8,2
55107404,145,75,70,15,8,7,9,4,5,89,47,42,32,16,16
55107405,199,128,71,34,19,15,27,15,12,76,57,19,62,37,25
55107406,842,406,436,89,36,53,149,68,81,375,193,182,229,109,120
55107407,1499,761,738,174,79,95,186,86,100,704,366,338,435,230,205
55107408,390,215,175,62,29,33,42,20,22,156,95,61,130,71,59
55107409,2706,1299,1407,349,152,197,332,138,194,1273,648,625,752,361,391
55107410,29,19,10,2,1,1,11,6,5,8,4,4,8,8,0
55107411,364,183,181,31,14,17,76,50,26,168,79,89,89,40,49
55107412,46,22,24,9,3,6,11,6,5,16,9,7,10,4,6
55107413,335,168,167,35,12,23,57,25,32,150,77,73,93,54,39
55107414,602,324,278,70,37,33,101,56,45,234,127,107,197,104,93
55107415,274,137,137,39,18,21,49,24,25,127,60,67,59,35,24
55107416,557,284,273,71,37,34,62,26,36,258,137,121,166,84,82
55107417,300,166,134,30,14,16,33,12,21,139,81,58,98,59,39
55107418,157,95,62,25,11,14,44,21,23,48,36,12,40,27,13
0105700,0,0,0,0,0,0,0,0,0,0,0,0,0,0,0
55117101,75,49,26,8,5,3,12,9,3,21,10,11,34,25,9
55117102,1387,652,735,190,85,105,238,91,147,592,301,291,367,175,192
55117103,1115,533,582,127,57,70,176,79,97,559,273,286,253,124,129
55117104,1741,858,883,201,93,108,273,129,144,839,427,412,428,209,219
55117105,127,64,63,13,4,9,11,5,6,82,41,41,21,14,7
55117106,172,79,93,25,4,21,30,12,18,74,45,29,43,18,25
0119410,0,0,0,0,0,0,0,0,0,0,0,0,0,0,0
0119590,0,0,0,0,0,0,0,0,0,0,0,0,0,0,0
55121002,884,438,446,88,35,53,160,80,80,410,211,199,226,112,114
55121003,68,37,31,9,5,4,3,1,2,35,18,17,21,13,8
55121004,153,74,79,15,7,8,15,9,6,83,40,43,40,18,22
55114701,5579,2632,2947,634,275,359,883,397,486,2621,1303,1318,1441,657,784
55114702,5994,2791,3203,738,328,410,961,383,578,2692,1331,1361,1603,749,854
55114704,505,259,246,78,39,39,105,47,58,200,107,93,122,66,56
55122801,1349,642,707,157,68,89,276,113,163,564,294,270,352,167,185
55122803,3990,1883,2107,482,208,274,685,293,392,1745,867,878,1078,515,563
55122804,1238,597,641,162,71,91,205,90,115,586,297,289,285,139,146
55122805,561,276,285,66,33,33,135,55,80,190,103,87,170,85,85
55122807,76,42,34,4,3,1,10,5,5,53,29,24,9,5,4
55122809,770,372,398,85,37,48,165,68,97,354,185,169,166,82,84
0113800,0,0,0,0,0,0,0,0,0,0,0,0,0,0,0
55100701,1536,740,796,206,98,108,210,92,118,764,384,380,356,166,190
55100702,2083,994,1089,243,108,135,352,152,200,956,464,492,532,270,262
55100703,89,57,32,11,7,4,6,5,1,29,15,14,43,30,13
55100704,4337,2110,2227,552,231,321,705,319,386,1949,1015,934,1131,545,586
55100705,3330,1639,1691,388,174,214,579,257,322,1461,763,698,902,445,457
55100706,1198,598,600,165,74,91,179,90,89,572,294,278,282,140,142
55100707,4645,2164,2481,537,225,312,833,356,477,2061,1035,1026,1214,548,666
55100708,951,468,483,119,55,64,147,69,78,487,251,236,198,93,105
55100709,42,35,7,10,8,2,3,1,2,1,1,0,28,25,3
55100710,980,609,371,155,93,62,162,97,65,417,273,144,246,146,100
55100711,1928,943,985,222,96,126,305,145,160,863,460,403,538,242,296
55100713,3762,1777,1985,433,184,249,635,279,356,1802,897,905,892,417,475
55100714,438,219,219,62,28,34,73,36,37,187,94,93,116,61,55
55100715,1656,814,842,198,89,109,242,111,131,772,393,379,444,221,223
55100716,961,485,476,142,54,88,125,62,63,449,234,215,245,135,110
55100717,30,16,14,3,1,2,0,0,0,18,9,9,9,6,3
55100718,47,25,22,11,4,7,6,4,2,18,10,8,12,7,5
55100719,1339,674,665,181,89,92,201,91,110,639,328,311,318,166,152
55100720,442,137,305,51,15,36,113,28,85,117,50,67,161,44,117
55100721,361,189,172,60,26,34,52,24,28,145,82,63,104,57,47
0124750,0,0,0,0,0,0,0,0,0,0,0,0,0,0,0
55128701,155,75,80,15,7,8,27,11,16,62,33,29,51,24,27
55128702,1864,903,961,245,101,144,315,152,163,794,419,375,510,231,279
55128703,2358,1139,1219,312,130,182,459,203,256,1000,516,484,587,290,297
55128704,678,340,338,77,41,36,90,41,49,329,165,164,182,93,89
55128706,5665,2779,2886,590,266,324,780,351,429,2842,1463,1379,1453,699,754
55128707,87,34,53,6,3,3,16,4,12,37,15,22,28,12,16
55128708,1353,646,707,150,69,81,188,76,112,701,356,345,314,145,169
55128709,91,44,47,7,1,6,15,8,7,42,23,19,27,12,15
55128710,10556,5078,5478,1069,451,618,1446,652,794,5307,2686,2621,2734,1289,1445
55128711,403,236,167,58,31,27,31,13,18,103,62,41,211,130,81
55128712,944,464,480,149,68,81,164,73,91,425,220,205,206,103,103
55128714,2112,1041,1071,238,109,129,323,146,177,1069,548,521,482,238,244
0125720,0,0,0,0,0,0,0,0,0,0,0,0,0,0,0
55125201,908,463,445,91,45,46,157,73,84,428,223,205,232,122,110
55125202,141,71,70,28,14,14,28,13,15,31,18,13,54,26,28
55125203,765,364,401,83,42,41,129,49,80,328,163,165,225,110,115
55125204,225,125,100,37,21,16,28,15,13,84,47,37,76,42,34
55125205,176,86,90,14,8,6,21,7,14,89,40,49,52,31,21
55125206,1147,559,588,107,43,64,202,77,125,508,270,238,330,169,161
55125207,1768,865,903,213,88,125,240,100,140,904,473,431,411,204,207
55125208,237,119,118,29,14,15,31,10,21,125,67,58,52,28,24
55125209,81,40,41,8,5,3,10,4,6,43,19,24,20,12,8
55125210,928,448,480,141,49,92,137,60,77,445,235,210,205,104,101
55123602,3077,1514,1563,325,144,181,455,218,237,1526,775,751,771,377,394
55123603,839,399,440,106,46,60,148,69,79,388,194,194,197,90,107
55123604,63,39,24,10,6,4,9,4,5,17,10,7,27,19,8
55123605,2124,992,1132,278,111,167,334,142,192,991,498,493,521,241,280
3308170,0,0,0,0,0,0,0,0,0,0,0,0,0,0,0
55111201,1037,527,510,142,68,74,178,87,91,503,262,241,214,110,104
55111202,6344,3044,3300,758,310,448,1012,450,562,2925,1464,1461,1649,820,829
55111203,2903,1354,1549,358,155,203,423,183,240,1279,637,642,843,379,464
55142201,607,307,300,60,24,36,123,58,65,280,152,128,144,73,71
55124401,3554,1605,1949,425,165,260,516,207,309,1658,788,870,955,445,510
55124402,50,24,26,7,2,5,8,2,6,22,12,10,13,8,5
55124403,53,25,28,5,4,1,9,2,7,14,8,6,25,11,14
55124405,2439,1146,1293,257,101,156,442,190,252,1101,560,541,639,295,344
55124406,3062,1472,1590,351,164,187,692,283,409,1310,667,643,709,358,351
55124407,1682,832,850,213,98,115,355,155,200,656,335,321,458,244,214
55124408,1532,737,795,183,80,103,251,112,139,677,336,341,421,209,212
55124409,613,312,301,96,49,47,105,53,52,280,147,133,132,63,69
55124411,478,237,241,56,26,30,97,50,47,202,107,95,123,54,69
55124412,799,367,432,95,53,42,174,67,107,317,142,175,213,105,108
55124413,865,433,432,120,54,66,173,90,83,374,196,178,198,93,105
3132890,0,0,0,0,0,0,0,0,0,0,0,0,0,0,0
55103101,1978,962,1016,233,103,130,384,177,207,882,450,432,479,232,247
55103102,2080,1039,1041,276,128,148,349,172,177,863,428,435,592,311,281
55103103,524,280,244,97,53,44,68,33,35,249,139,110,110,55,55
55103104,2333,1208,1125,331,166,165,450,235,215,891,456,435,661,351,310
55103105,6196,2847,3349,710,300,410,1159,457,702,2674,1287,1387,1653,803,850
55103106,3503,1656,1847,379,168,211,572,244,328,1586,775,811,966,469,497
55103107,497,241,256,75,36,39,75,38,37,247,129,118,100,38,62
55103108,4106,1843,2263,470,204,266,758,280,478,1825,872,953,1053,487,566
55103109,1679,786,893,228,98,130,324,141,183,698,352,346,429,195,234
55103110,2494,1210,1284,303,130,173,486,228,258,1132,569,563,573,283,290
55103111,2241,1006,1235,252,99,153,337,138,199,1044,504,540,608,265,343
55103112,2201,1050,1151,277,127,150,351,160,191,1087,534,553,486,229,257
55103113,3220,1524,1696,366,162,204,563,252,311,1424,705,719,867,405,462
55103114,4437,2119,2318,523,238,285,704,304,400,2139,1070,1069,1071,507,564
55103115,2421,1136,1285,317,123,194,361,150,211,1149,582,567,594,281,313
55103116,1172,555,617,143,58,85,182,82,100,508,260,248,339,155,184
55103117,2006,987,1019,259,109,150,323,150,173,915,477,438,509,251,258
55103118,49,48,1,1,1,0,3,2,1,8,8,0,37,37,0
55103119,434,233,201,78,41,37,56,25,31,141,82,59,159,85,74
55103120,2734,1329,1405,394,172,222,427,217,210,1027,525,502,886,415,471
55103121,1645,884,761,276,144,132,291,145,146,532,289,243,546,306,240
55103122,432,208,224,77,39,38,48,17,31,172,96,76,135,56,79
55129502,1831,861,970,198,80,118,228,90,138,898,455,443,507,236,271
55129503,227,117,110,17,8,9,45,26,19,97,49,48,68,34,34
55129504,2427,1217,1210,297,130,167,344,154,190,1123,590,533,663,343,320
55129505,54,27,27,5,1,4,13,7,6,22,13,9,14,6,8
55129506,520,266,254,48,22,26,61,25,36,291,161,130,120,58,62
55129507,3431,1632,1799,348,150,198,446,191,255,1706,839,867,931,452,479
55129508,499,254,245,53,24,29,59,23,36,248,130,118,139,77,62
55129509,883,444,439,83,48,35,142,60,82,443,233,210,215,103,112
55129510,1232,623,609,104,39,65,131,65,66,669,363,306,328,156,172
0120500,0,0,0,0,0,0,0,0,0,0,0,0,0,0,0
3308090,0,0,0,0,0,0,0,0,0,0,0,0,0,0,0
55109101,1382,677,705,150,73,77,298,135,163,580,300,280,354,169,185
55109102,1144,549,595,133,57,76,158,73,85,542,263,279,311,156,155
55109103,3016,1411,1605,352,135,217,378,162,216,1517,741,776,769,373,396
55109105,7240,3298,3942,854,342,512,1000,395,605,3471,1694,1777,1915,867,1048
0101890,0,0,0,0,0,0,0,0,0,0,0,0,0,0,0
0102430,0,0,0,0,0,0,0,0,0,0,0,0,0,0,0
0106850,0,0,0,0,0,0,0,0,0,0,0,0,0,0,0
55097301,1266,650,616,184,87,97,213,111,102,490,251,239,379,201,178
55097302,1411,748,663,207,114,93,263,129,134,499,263,236,442,242,200
55097303,1990,1000,990,264,123,141,356,187,169,782,402,380,588,288,300
55097304,633,314,319,93,46,47,127,54,73,249,122,127,164,92,72
55097305,3182,1514,1668,430,194,236,516,234,282,1353,662,691,883,424,459
55097307,2658,1287,1371,351,146,205,515,229,286,1142,595,547,650,317,333
55097308,8289,5446,2843,677,392,285,622,359,263,2374,1501,873,4616,3194,1422
55097309,1666,806,860,219,96,123,301,129,172,730,377,353,416,204,212
55097310,1324,686,638,165,76,89,248,107,141,570,315,255,341,188,153
55097311,521,256,265,54,23,31,69,33,36,292,157,135,106,43,63
55097312,39,21,18,7,4,3,5,2,3,20,10,10,7,5,2
55097313,2409,1148,1261,263,115,148,394,165,229,1114,548,566,638,320,318
55097314,40,32,8,12,7,5,8,7,1,18,16,2,2,2,0
55097315,3475,1678,1797,412,172,240,659,275,384,1457,774,683,947,457,490
55097316,1889,955,934,287,119,168,306,149,157,839,456,383,457,231,226
55097317,813,404,409,88,42,46,147,67,80,331,167,164,247,128,119
55097319,115,55,60,15,6,9,11,6,5,62,34,28,27,9,18
55097320,661,311,350,75,32,43,163,61,102,260,130,130,163,88,75
55097321,112,52,60,11,3,8,25,10,15,58,28,30,18,11,7
55097323,450,206,244,64,22,42,76,35,41,187,95,92,123,54,69
55097324,604,296,308,101,47,54,103,53,50,256,121,135,144,75,69
55097325,1778,854,924,206,94,112,515,226,289,678,353,325,379,181,198
55097326,1161,565,596,140,62,78,273,119,154,473,252,221,275,132,143
55097327,1613,772,841,195,69,126,358,165,193,648,335,313,412,203,209
55097328,30,18,12,6,4,2,2,1,1,10,7,3,12,6,6
55097329,3465,1694,1771,443,208,235,483,222,261,1618,800,818,921,464,457
55097330,5630,2752,2878,707,304,403,968,435,533,2501,1276,1225,1454,737,717
55097331,2115,1073,1042,259,112,147,326,155,171,928,478,450,602,328,274
55097332,4137,2023,2114,535,252,283,647,277,370,1918,977,941,1037,517,520
55097333,5090,2543,2547,656,292,364,902,425,477,2277,1191,1086,1255,635,620
55097334,1214,563,651,176,78,98,231,104,127,341,163,178,466,218,248
55097335,1351,740,611,215,105,110,179,95,84,471,264,207,486,276,210
55097336,58,28,30,7,3,4,9,1,8,25,16,9,17,8,9
55097337,1011,550,461,165,85,80,184,99,85,287,168,119,375,198,177
55097338,2081,1061,1020,308,139,169,286,149,137,848,456,392,639,317,322
55097339,2304,1149,1155,298,123,175,331,150,181,1026,536,490,649,340,309
55097340,37,21,16,7,4,3,2,1,1,13,7,6,15,9,6
55097341,1275,724,551,187,107,80,145,67,78,510,274,236,433,276,157
55097342,1267,682,585,181,93,88,201,104,97,532,294,238,353,191,162
55097343,1298,665,633,177,86,91,166,77,89,544,283,261,411,219,192
55097344,395,207,188,52,29,23,54,29,25,104,53,51,185,96,89
0121900,0,0,0,0,0,0,0,0,0,0,0,0,0,0,0
55130901,33,20,13,4,3,1,1,0,1,16,9,7,12,8,4
55130902,2638,1272,1366,301,144,157,609,275,334,1068,540,528,660,313,347
55130904,1404,694,710,146,66,80,262,112,150,603,325,278,393,191,202
55130905,77,45,32,3,2,1,37,20,17,34,20,14,3,3,0
55130906,380,187,193,36,15,21,53,24,29,170,84,86,121,64,57
55130907,1142,558,584,148,68,80,223,96,127,478,261,217,293,133,160
55143101,920,449,471,117,57,60,138,66,72,448,231,217,217,95,122
55127901,12172,5716,6456,1209,492,717,1823,756,1067,5932,2994,2938,3208,1474,1734
55099001,26,16,10,3,2,1,5,3,2,11,7,4,7,4,3
55099002,1958,893,1065,243,103,140,364,126,238,881,443,438,470,221,249
55099003,1272,601,671,153,62,91,161,70,91,619,314,305,339,155,184
55099004,1647,773,874,200,88,112,294,133,161,729,356,373,424,196,228
55099005,2919,1387,1532,350,137,213,593,267,326,1277,653,624,699,330,369
55099006,1827,837,990,229,96,133,333,137,196,827,406,421,438,198,240
55099007,1100,532,568,164,75,89,277,112,165,415,226,189,244,119,125
55099008,2223,1091,1132,271,126,145,432,190,242,936,480,456,584,295,289
55099009,2489,1147,1342,290,136,154,403,157,246,1153,575,578,643,279,364
55099010,724,355,369,88,39,49,150,65,85,309,166,143,177,85,92
55099011,2104,1007,1097,268,129,139,348,139,209,946,471,475,542,268,274
55099012,1818,878,940,248,110,138,290,121,169,841,430,411,439,217,222
55099013,1155,565,590,129,54,75,229,107,122,513,277,236,284,127,157
3132460,0,0,0,0,0,0,0,0,0,0,0,0,0,0,0
3132540,0,0,0,0,0,0,0,0,0,0,0,0,0,0,0
3132620,0,0,0,0,0,0,0,0,0,0,0,0,0,0,0
55136801,2096,1021,1075,241,103,138,255,105,150,1046,549,497,554,264,290
55136802,4126,2029,2097,508,232,276,821,379,442,1757,902,855,1040,516,524
55105801,1533,745,788,173,77,96,300,132,168,671,349,322,389,187,202
55105802,1487,668,819,160,63,97,258,111,147,758,350,408,311,144,167
55105803,2833,1387,1446,320,130,190,547,256,291,1290,671,619,676,330,346
55105804,75,36,39,8,2,6,14,7,7,30,17,13,23,10,13
55105805,2787,1351,1436,329,142,187,513,224,289,1267,644,623,678,341,337
55105806,2832,1290,1542,302,109,193,371,163,208,1432,682,750,727,336,391
55105807,508,263,245,57,23,34,84,44,40,221,114,107,146,82,64
55105808,3123,1594,1529,448,214,234,523,235,288,1355,728,627,797,417,380
55105809,55,32,23,4,1,3,6,4,2,25,14,11,20,13,7
55105810,234,121,113,46,19,27,27,15,12,95,46,49,66,41,25
55105811,1753,837,916,200,94,106,273,118,155,810,399,411,470,226,244
55105812,2570,1300,1270,285,124,161,532,250,282,1058,562,496,695,364,331
55105813,1111,541,570,143,60,83,102,43,59,439,222,217,427,216,211
55105814,1672,830,842,241,115,126,209,106,103,740,378,362,482,231,251
58279401,1383,694,689,134,60,74,216,95,121,641,335,306,392,204,188
58280801,602,292,310,52,29,23,67,21,46,312,160,152,171,82,89
58280802,196,92,104,20,4,16,15,7,8,124,64,60,37,17,20
58132101,137,71,66,8,2,6,37,19,18,36,20,16,56,30,26
58132102,54,26,28,7,4,3,32,13,19,11,8,3,4,1,3
58282401,3868,1907,1961,418,186,232,680,308,372,1849,968,881,921,445,476
58283201,179,87,92,27,10,17,22,12,10,70,37,33,60,28,32
58284101,1234,622,612,102,59,43,442,202,240,387,201,186,303,160,143
58285901,2203,1091,1112,271,128,143,404,156,248,858,471,387,670,336,334
59531401,278,142,136,42,25,17,53,24,29,78,43,35,105,50,55
59531402,87,47,40,9,4,5,20,7,13,39,26,13,19,10,9
59533101,108,47,61,13,4,9,38,16,22,22,11,11,35,16,19
58287501,198,92,106,36,15,21,52,25,27,43,24,19,67,28,39
59383401,590,311,279,85,37,48,115,54,61,230,132,98,160,88,72
58288301,677,342,335,78,43,35,113,49,64,281,155,126,205,95,110
58140201,250,129,121,21,11,10,123,59,64,45,22,23,61,37,24
58142901,570,288,282,72,27,45,127,62,65,234,124,110,137,75,62
58142902,528,247,281,60,25,35,110,44,66,211,107,104,147,71,76
58289101,343,168,175,41,20,21,62,22,40,162,89,73,78,37,41
58143701,89,45,44,14,8,6,18,7,11,38,21,17,19,9,10
55027201,645,326,319,52,25,27,102,43,59,266,141,125,225,117,108
58291301,1850,912,938,209,93,116,393,177,216,692,355,337,556,287,269
59544601,146,77,69,16,6,10,41,18,23,51,30,21,38,23,15
58292101,1061,527,534,144,65,79,180,77,103,472,251,221,265,134,131
58293001,428,219,209,36,18,18,83,34,49,185,100,85,124,67,57
58294801,1058,538,520,122,52,70,305,140,165,314,178,136,317,168,149
58295601,122,59,63,16,9,7,17,9,8,54,24,30,35,17,18
58295602,2092,1055,1037,215,89,126,207,87,120,900,475,425,770,404,366
58295603,171,77,94,14,3,11,21,6,15,80,40,40,56,28,28
59552701,54,28,26,6,3,3,15,5,10,17,10,7,16,10,6
59552702,967,487,480,121,49,72,249,115,134,313,175,138,284,148,136
59552703,82,36,46,11,6,5,23,10,13,24,10,14,24,10,14
59552704,173,87,86,18,8,10,67,34,33,46,23,23,42,22,20
58296401,662,347,315,70,33,37,141,69,72,268,147,121,183,98,85
59555101,792,407,385,82,41,41,222,101,121,258,136,122,230,129,101
59556001,121,69,52,10,6,4,35,19,16,34,22,12,42,22,20
58297201,2022,1002,1020,204,88,116,339,157,182,899,464,435,580,293,287
58299901,690,346,344,60,28,32,82,39,43,327,172,155,221,107,114
58301401,170,85,85,17,6,11,29,17,12,57,25,32,67,37,30
58301402,57,26,31,9,5,4,6,3,3,24,11,13,18,7,11
58302201,302,153,149,33,14,19,59,26,33,98,53,45,112,60,52
58157701,93,50,43,17,9,8,22,12,10,43,22,21,11,7,4
58303101,1282,663,619,133,71,62,194,95,99,583,310,273,372,187,185
59566701,28,15,13,6,2,4,1,1,0,12,6,6,9,6,3
59566702,271,140,131,35,16,19,83,37,46,82,52,30,71,35,36
58305701,821,411,410,103,48,55,99,45,54,401,208,193,218,110,108
58305702,20,11,9,0,0,0,4,1,3,8,5,3,8,5,3
58306501,669,333,336,84,38,46,106,53,53,263,133,130,216,109,107
0488440,0,0,0,0,0,0,0,0,0,0,0,0,0,0,0
58308102,54,26,28,9,4,5,6,2,4,16,8,8,23,12,11
58308103,1850,898,952,219,93,126,255,110,145,809,415,394,567,280,287
58308104,1594,784,810,164,80,84,252,115,137,707,353,354,471,236,235
58309001,346,168,178,58,26,32,55,22,33,162,81,81,71,39,32
58311101,1008,520,488,87,41,46,208,104,104,432,238,194,281,137,144
58451701,722,359,363,62,32,30,169,74,95,280,141,139,211,112,99
0558080,0,0,0,0,0,0,0,0,0,0,0,0,0,0,0
3040420,0,0,0,0,0,0,0,0,0,0,0,0,0,0,0
58312002,56,31,25,1,0,1,8,5,3,35,19,16,12,7,5
58312003,263,132,131,34,10,24,20,9,11,135,71,64,74,42,32
58312004,246,124,122,30,12,18,32,14,18,112,64,48,72,34,38
58312005,33,17,16,7,0,7,1,1,0,20,12,8,5,4,1
58312006,708,361,347,67,27,40,79,39,40,358,186,172,204,109,95
58312007,535,273,262,27,7,20,29,14,15,333,189,144,146,63,83
58312009,587,294,293,44,22,22,77,30,47,296,152,144,170,90,80
58312010,346,161,185,42,19,23,33,14,19,155,78,77,116,50,66
58312011,543,259,284,49,16,33,56,19,37,280,149,131,158,75,83
58312012,501,241,260,32,12,20,50,24,26,254,121,133,165,84,81
58312013,1507,700,807,126,55,71,137,54,83,783,380,403,461,211,250
58312014,1100,527,573,95,42,53,141,54,87,565,283,282,299,148,151
58312015,103,65,38,9,6,3,9,6,3,61,41,20,24,12,12
58312016,962,511,451,92,38,54,89,38,51,395,213,182,386,222,164
58312017,1178,568,610,121,54,67,110,48,62,586,292,294,361,174,187
58312018,948,467,481,70,28,42,119,50,69,531,289,242,228,100,128
58312019,82,43,39,8,4,4,13,5,8,44,23,21,17,11,6
58315402,340,171,169,42,22,20,54,23,31,145,73,72,99,53,46
58317101,783,413,370,98,55,43,94,46,48,377,196,181,214,116,98
58318901,949,461,488,85,47,38,397,178,219,274,148,126,193,88,105
59583701,194,93,101,21,10,11,47,22,25,76,35,41,50,26,24
59583702,99,52,47,17,7,10,26,15,11,31,17,14,25,13,12
58319701,1099,541,558,124,44,80,171,84,87,513,274,239,291,139,152
58790701,265,140,125,11,6,5,98,43,55,59,37,22,97,54,43
58320101,618,298,320,72,31,41,131,61,70,276,142,134,139,64,75
58321901,1157,560,597,147,77,70,230,102,128,441,226,215,339,155,184
58322701,26,13,13,3,1,2,2,1,1,13,6,7,8,5,3
58322702,640,317,323,69,32,37,228,109,119,202,110,92,141,66,75
58323501,466,235,231,37,19,18,58,23,35,248,124,124,123,69,54
59593401,225,122,103,24,8,16,75,40,35,70,40,30,56,34,22
58324301,353,184,169,23,12,11,28,11,17,176,98,78,126,63,63
3401890,0,0,0,0,0,0,0,0,0,0,0,0,0,0,0
58325101,3440,1718,1722,368,162,206,448,211,237,1745,897,848,879,448,431
58325103,1844,862,982,165,74,91,254,117,137,881,420,461,544,251,293
58325105,509,244,265,63,26,37,63,25,38,249,130,119,134,63,71
58325106,2876,1408,1468,314,121,193,381,169,212,1350,691,659,831,427,404
58325108,590,581,9,60,60,0,90,88,2,276,275,1,164,158,6
58325109,551,280,271,50,25,25,85,42,43,264,141,123,152,72,80
58325111,91,58,33,22,11,11,16,13,3,44,26,18,9,8,1
58325112,1584,761,823,164,72,92,255,109,146,711,363,348,454,217,237
59598502,138,69,69,29,14,15,53,26,27,28,13,15,28,16,12
59599302,190,90,100,29,14,15,58,28,30,54,28,26,49,20,29
58326001,52,28,24,9,5,4,12,7,5,21,11,10,10,5,5
58326003,659,322,337,86,44,42,193,85,108,185,96,89,195,97,98
58327801,213,106,107,23,13,10,33,13,20,82,43,39,75,37,38
58328601,1889,930,959,227,100,127,321,157,164,856,432,424,485,241,244
58329401,288,149,139,34,14,20,51,23,28,134,74,60,69,38,31
58330801,128,66,62,15,8,7,17,8,9,51,28,23,45,22,23
59437701,549,289,260,40,19,21,108,51,57,206,111,95,195,108,87
58197601,74,40,34,11,7,4,39,20,19,14,7,7,10,6,4
58197602,60,32,28,16,8,8,32,15,17,3,2,1,9,7,2
58197603,48,25,23,4,1,3,23,11,12,8,5,3,13,8,5
58197604,1243,610,633,145,63,82,429,185,244,307,171,136,362,191,171
58331601,562,275,287,63,35,28,108,47,61,253,123,130,138,70,68
59607801,50,21,29,3,2,1,25,9,16,16,7,9,6,3,3
58332401,627,302,325,50,23,27,85,37,48,297,146,151,195,96,99
58333201,725,355,370,68,38,30,72,32,40,348,173,175,237,112,125
58334101,823,412,411,83,39,44,218,101,117,286,150,136,236,122,114
58334102,161,81,80,33,15,18,19,8,11,58,29,29,51,29,22
58335901,526,259,267,46,28,18,127,59,68,160,80,80,193,92,101
58336701,858,425,433,90,41,49,118,56,62,338,166,172,312,162,150
58337501,479,239,240,57,26,31,132,62,70,169,85,84,121,66,55
58338301,1809,895,914,176,81,95,347,148,199,652,359,293,634,307,327
58338302,39,19,20,6,2,4,8,4,4,16,9,7,9,4,5
3257670,0,0,0,0,0,0,0,0,0,0,0,0,0,0,0
58339101,4992,2519,2473,546,248,298,785,355,430,2258,1153,1105,1403,763,640
58339103,495,254,241,54,27,27,67,36,31,222,111,111,152,80,72
58340501,85,39,46,6,1,5,22,10,12,36,17,19,21,11,10
58340502,825,400,425,106,51,55,107,48,59,357,179,178,255,122,133
58340503,1794,860,934,201,96,105,317,128,189,811,414,397,465,222,243
58341301,26,17,9,7,5,2,2,2,0,10,4,6,7,6,1
58341302,938,475,463,109,58,51,139,70,69,455,227,228,235,120,115
58341303,2634,1270,1364,305,126,179,380,173,207,1185,605,580,764,366,398
58342101,915,461,454,108,58,50,144,61,83,367,189,178,296,153,143
58342102,37,20,17,9,4,5,8,5,3,17,10,7,3,1,2
58343001,1095,558,537,118,46,72,206,100,106,488,259,229,283,153,130
58344801,1104,569,535,98,51,47,501,238,263,272,160,112,233,120,113
58345601,186,91,95,21,10,11,23,10,13,87,46,41,55,25,30
58345602,655,312,343,64,32,32,117,54,63,303,143,160,171,83,88
59617501,1215,599,616,146,64,82,258,115,143,436,246,190,375,174,201
59617502,50,24,26,7,2,5,10,6,4,24,12,12,9,4,5
58346402,104,36,68,9,4,5,55,12,43,19,10,9,21,10,11
58347201,314,151,163,23,11,12,38,16,22,167,84,83,86,40,46
58348101,919,452,467,83,39,44,124,52,72,425,212,213,287,149,138
58349901,306,154,152,27,13,14,90,46,44,98,52,46,91,43,48
59619101,244,122,122,17,10,7,135,66,69,46,24,22,46,22,24
58472001,1306,662,644,123,67,56,462,216,246,410,221,189,311,158,153
58350201,788,379,409,62,25,37,69,33,36,432,213,219,225,108,117
58351101,700,337,363,82,38,44,75,32,43,295,147,148,248,120,128
58352901,248,125,123,29,13,16,18,9,9,93,48,45,108,55,53
58353701,1546,787,759,169,72,97,317,145,172,650,361,289,410,209,201
58212301,116,57,59,15,7,8,53,26,27,20,11,9,28,13,15
59630201,48,27,21,9,5,4,16,8,8,12,9,3,11,5,6
59630202,102,51,51,10,6,4,52,27,25,13,7,6,27,11,16
59630203,176,84,92,10,3,7,79,37,42,39,22,17,48,22,26
58354501,850,430,420,79,36,43,144,66,78,413,217,196,214,111,103
58355301,1114,545,569,108,58,50,222,93,129,446,228,218,338,166,172
58356101,2754,1390,1364,359,180,179,624,280,344,1023,533,490,748,397,351
58217401,130,67,63,14,9,5,51,23,28,20,12,8,45,23,22
58358801,596,313,283,38,16,22,37,18,19,355,197,158,166,82,84
58358802,1501,772,729,120,54,66,110,52,58,846,447,399,425,219,206
58358803,182,91,91,13,6,7,16,4,12,96,45,51,57,36,21
58358805,133,76,57,13,7,6,8,6,2,68,43,25,44,20,24
58358806,57,27,30,5,1,4,1,1,0,37,20,17,14,5,9
58358807,2210,1099,1111,146,50,96,162,77,85,1191,603,588,711,369,342
58359601,1786,912,874,226,118,108,382,173,209,765,412,353,413,209,204
58359602,40,23,17,6,4,2,5,4,1,21,11,10,8,4,4
58360001,789,415,374,99,53,46,169,78,91,295,165,130,226,119,107
50669901,374,191,183,49,26,23,97,46,51,115,60,55,113,59,54
58476202,687,348,339,79,35,44,80,38,42,368,195,173,160,80,80
59640001,23,10,13,0,0,0,3,3,0,10,2,8,10,5,5
59640002,61,33,28,8,4,4,29,16,13,8,5,3,16,8,8
59640003,51,24,27,4,2,2,24,14,10,10,4,6,13,4,9
59640004,58,33,25,1,0,1,22,12,10,24,15,9,11,6,5
3258050,0,0,0,0,0,0,0,0,0,0,0,0,0,0,0
58363401,1418,732,686,174,86,88,283,137,146,600,320,280,361,189,172
3398900,0,0,0,0,0,0,0,0,0,0,0,0,0,0,0
58480101,351,175,176,35,11,24,38,19,19,162,83,79,116,62,54
58480102,223,126,97,11,3,8,25,12,13,95,59,36,92,52,40
58480103,4405,2144,2261,508,217,291,558,260,298,2028,1016,1012,1311,651,660
58480104,282,132,150,29,14,15,37,15,22,99,47,52,117,56,61
54973801,419,207,212,39,18,21,110,45,65,151,82,69,119,62,57
58365101,361,172,189,50,24,26,66,28,38,122,62,60,123,58,65
58366901,191,98,93,19,10,9,23,7,16,89,52,37,60,29,31
58366902,559,285,274,57,24,33,85,42,43,256,141,115,161,78,83
58366903,1048,517,531,113,56,57,146,66,80,567,288,279,222,107,115
58367701,2279,1147,1132,235,121,114,513,238,275,866,454,412,665,334,331
58368501,911,462,449,89,46,43,280,122,158,324,177,147,218,117,101
58369301,653,348,305,82,42,40,55,25,30,255,144,111,261,137,124
58370701,936,464,472,100,51,49,169,73,96,356,184,172,311,156,155
58370702,23,12,11,2,0,2,7,3,4,9,5,4,5,4,1
54974601,1456,697,759,208,92,116,251,109,142,577,299,278,420,197,223
58484301,1012,507,505,118,56,62,234,109,125,350,185,165,310,157,153
58371501,646,315,331,52,24,28,138,63,75,286,139,147,170,89,81
58372301,467,234,233,45,19,26,61,32,29,169,91,78,192,92,100
58372302,67,34,33,10,4,6,3,0,3,20,10,10,34,20,14
58373101,851,420,431,86,39,47,192,87,105,352,186,166,221,108,113
58374001,760,395,365,78,36,42,97,40,57,374,200,174,211,119,92
58375801,71,36,35,12,6,6,22,15,7,23,10,13,14,5,9
58375802,4110,1994,2116,561,246,315,747,333,414,1676,830,846,1126,585,541
58376601,1479,729,750,169,75,94,256,109,147,628,316,312,426,229,197
58225501,248,130,118,32,18,14,81,39,42,60,30,30,75,43,32
58377401,1087,538,549,118,53,65,139,72,67,495,240,255,335,173,162
58226301,223,108,115,27,16,11,42,20,22,73,30,43,81,42,39
59658201,78,43,35,3,2,1,26,13,13,30,15,15,19,13,6
1412590,0,0,0,0,0,0,0,0,0,0,0,0,0,0,0
1413130,0,0,0,0,0,0,0,0,0,0,0,0,0,0,0
1413480,0,0,0,0,0,0,0,0,0,0,0,0,0,0,0
3400650,0,0,0,0,0,0,0,0,0,0,0,0,0,0,0
58378201,36,18,18,6,3,3,3,1,2,19,8,11,8,6,2
58378202,660,317,343,89,46,43,86,41,45,307,155,152,178,75,103
58378203,1275,625,650,116,53,63,149,64,85,676,341,335,334,167,167
58378204,1291,612,679,143,65,78,142,53,89,618,303,315,388,191,197
58378205,63,38,25,5,3,2,6,2,4,35,21,14,17,12,5
58378209,1101,545,556,112,37,75,117,58,59,562,295,267,310,155,155
58378210,57,25,32,5,1,4,8,4,4,33,16,17,11,4,7
58378211,365,174,191,37,17,20,55,23,32,193,92,101,80,42,38
58378212,774,384,390,83,37,46,57,25,32,424,220,204,210,102,108
58378213,978,503,475,76,25,51,95,39,56,494,268,226,313,171,142
58379101,1087,541,546,117,60,57,185,76,109,509,266,243,276,139,137
58380401,401,198,203,44,21,23,115,54,61,129,65,64,113,58,55
58382101,824,416,408,101,47,54,116,56,60,403,204,199,204,109,95
58383901,2074,1021,1053,257,114,143,322,130,192,981,514,467,514,263,251
54978901,420,204,216,37,18,19,41,17,24,222,107,115,120,62,58
59669801,52,24,28,14,7,7,28,12,16,5,2,3,5,3,2
59166101,373,197,176,27,14,13,81,30,51,150,82,68,115,71,44
58384701,664,327,337,99,51,48,150,69,81,222,110,112,193,97,96
58385501,830,415,415,101,50,51,171,66,105,342,184,158,216,115,101
3316780,0,0,0,0,0,0,0,0,0,0,0,0,0,0,0
58386301,1075,523,552,92,42,50,450,212,238,280,147,133,253,122,131
54529501,170,94,76,9,4,5,29,11,18,61,36,25,71,43,28
54989402,70,38,32,8,6,2,18,10,8,14,8,6,30,14,16
58388001,607,299,308,72,29,43,117,51,66,242,126,116,176,93,83
58389801,2417,1186,1231,264,123,141,496,203,293,1024,530,494,633,330,303
58390101,388,193,195,51,19,32,114,54,60,131,73,58,92,47,45
58237901,103,46,57,12,8,4,43,16,27,21,12,9,27,10,17
58237902,31,16,15,5,2,3,14,5,9,3,2,1,9,7,2
58391001,3046,1547,1499,300,138,162,877,415,462,1043,525,518,826,469,357
58392801,433,224,209,53,24,29,120,52,68,121,72,49,139,76,63
58245002,122,68,54,6,3,3,49,26,23,30,17,13,37,22,15
58393601,1917,1001,916,191,84,107,384,189,195,803,427,376,539,301,238
58394401,349,172,177,31,18,13,62,24,38,137,75,62,119,55,64
3135210,0,0,0,0,0,0,0,0,0,0,0,0,0,0,0
3402430,0,0,0,0,0,0,0,0,0,0,0,0,0,0,0
58395201,339,176,163,38,15,23,97,54,43,117,64,53,87,43,44
58395203,1470,758,712,148,73,75,355,166,189,597,328,269,370,191,179
58395205,50,30,20,6,5,1,8,4,4,22,12,10,14,9,5
58395206,3018,1442,1576,363,160,203,501,205,296,1347,676,671,807,401,406
58395207,1757,849,908,208,92,116,289,127,162,816,407,409,444,223,221
58395208,1165,569,596,146,65,81,196,86,110,552,283,269,271,135,136
58396101,495,257,238,66,34,32,72,34,38,207,115,92,150,74,76
59490301,281,149,132,17,13,4,44,21,23,144,74,70,76,41,35
58397901,299,142,157,30,11,19,52,25,27,125,65,60,92,41,51
58397902,1343,672,671,160,77,83,293,124,169,503,270,233,387,201,186
58399501,1260,627,633,144,74,70,349,156,193,442,239,203,325,158,167
58398701,1135,552,583,100,41,59,155,65,90,580,289,291,300,157,143
1674010,0,0,0,0,0,0,0,0,0,0,0,0,0,0,0
1674100,0,0,0,0,0,0,0,0,0,0,0,0,0,0,0
1675250,0,0,0,0,0,0,0,0,0,0,0,0,0,0,0
58400201,68,34,34,6,2,4,12,5,7,25,13,12,25,14,11
58400202,48,21,27,10,4,6,5,3,2,16,6,10,17,8,9
58400203,93,55,38,22,11,11,15,8,7,26,16,10,30,20,10
58400204,63,30,33,6,3,3,3,2,1,27,15,12,27,10,17
58400205,21,8,13,2,1,1,5,2,3,13,5,8,1,0,1
58400206,901,458,443,112,49,63,169,70,99,321,171,150,299,168,131
58400207,1646,797,849,203,86,117,303,121,182,682,343,339,458,247,211
58400209,131,68,63,12,7,5,40,22,18,54,25,29,25,14,11
58400210,132,68,64,22,10,12,27,12,15,49,27,22,34,19,15
58400211,833,390,443,83,38,45,202,83,119,322,156,166,226,113,113
58400212,1472,656,816,158,53,105,255,104,151,618,294,324,441,205,236
58400213,1292,610,682,153,64,89,313,137,176,486,248,238,340,161,179
58400214,1855,873,982,239,103,136,338,143,195,755,389,366,523,238,285
58400215,270,134,136,41,19,22,56,25,31,85,46,39,88,44,44
58400216,420,213,207,58,32,26,75,35,40,179,101,78,108,45,63
59689201,101,48,53,13,4,9,52,27,25,17,8,9,19,9,10
58401101,384,196,188,48,26,22,97,36,61,143,82,61,96,52,44
59496201,654,324,330,80,35,45,86,32,54,298,161,137,190,96,94
58402901,519,243,276,65,26,39,80,32,48,224,120,104,150,65,85
58402902,1215,583,632,166,77,89,273,114,159,453,236,217,323,156,167
58402903,648,336,312,84,41,43,108,52,56,293,163,130,163,80,83
58403701,1286,630,656,148,61,87,466,230,236,386,197,189,286,142,144
58404501,3288,1570,1718,379,158,221,953,398,555,1221,645,576,735,369,366
58405301,278,144,134,36,20,16,68,32,36,98,54,44,76,38,38
54990801,134,69,65,14,6,8,35,15,20,52,28,24,33,20,13
58256501,221,108,113,29,13,16,38,16,22,109,59,50,45,20,25
58406101,737,374,363,63,30,33,175,79,96,339,184,155,160,81,79
58407001,58,25,33,7,4,3,9,5,4,23,10,13,19,6,13
58407002,65,36,29,6,5,1,17,8,9,17,9,8,25,14,11
58409601,756,370,386,70,28,42,264,128,136,246,130,116,176,84,92
58410001,3293,1584,1709,387,167,220,630,280,350,1385,702,683,891,435,456
58410002,70,36,34,1,0,1,1,1,0,44,23,21,24,12,12
58411801,956,487,469,117,49,68,123,51,72,459,248,211,257,139,118
58412601,1357,683,674,156,59,97,305,145,160,562,304,258,334,175,159
58502501,870,434,436,85,34,51,140,67,73,376,195,181,269,138,131
58413401,197,97,100,35,15,20,15,4,11,82,42,40,65,36,29
58414201,36,19,17,8,4,4,1,0,1,23,12,11,4,3,1
58414202,1171,585,586,139,70,69,184,80,104,504,265,239,344,170,174
58415101,916,454,462,93,47,46,215,104,111,375,202,173,233,101,132
58503301,2486,1226,1260,261,110,151,411,190,221,1063,553,510,751,373,378
59710401,85,47,38,9,6,3,51,27,24,11,6,5,14,8,6
58416901,304,156,148,24,11,13,42,21,21,158,80,78,80,44,36
58417701,746,372,374,84,34,50,185,81,104,259,150,109,218,107,111
58418501,765,370,395,68,37,31,119,54,65,367,180,187,211,99,112
58419301,55,27,28,4,1,3,19,8,11,15,8,7,17,10,7
58420701,212,103,109,11,5,6,21,12,9,129,61,68,51,25,26
58420702,1707,780,927,137,55,82,160,63,97,808,400,408,602,262,340
58420703,665,330,335,73,29,44,103,51,52,326,171,155,163,79,84
58421501,152,72,80,18,6,12,12,4,8,76,42,34,46,20,26
58421502,1077,541,536,125,62,63,243,108,135,389,205,184,320,166,154
58422301,176,78,98,13,2,11,11,5,6,103,45,58,49,26,23
58422302,139,72,67,15,8,7,15,7,8,85,42,43,24,15,9
58422303,3341,1640,1701,263,109,154,243,101,142,1883,946,937,952,484,468
58273501,74,37,37,10,5,5,34,15,19,16,9,7,14,8,6
58423101,1427,709,718,153,71,82,273,123,150,595,312,283,406,203,203
58423102,147,72,75,11,7,4,25,9,16,62,31,31,49,25,24
58424001,907,466,441,108,47,61,308,143,165,285,168,117,206,108,98
59717101,27,14,13,1,1,0,14,7,7,9,4,5,3,2,1
59717103,320,176,144,35,21,14,154,73,81,64,39,25,67,43,24
58426601,1803,891,912,211,86,125,302,141,161,761,388,373,529,276,253
58427401,509,247,262,54,28,26,137,57,80,191,99,92,127,63,64
58428201,905,450,455,119,56,63,140,72,68,377,200,177,269,122,147
58428202,849,408,441,109,41,68,201,88,113,347,194,153,192,85,107
58428203,581,290,291,64,29,35,86,37,49,286,155,131,145,69,76
58428204,21,9,12,0,0,0,5,2,3,9,5,4,7,2,5
58428205,1052,495,557,105,42,63,190,67,123,441,216,225,316,170,146
58428209,294,137,157,39,17,22,45,19,26,133,64,69,77,37,40
58430401,388,190,198,32,16,16,50,20,30,178,82,96,128,72,56
58432101,901,425,476,111,47,64,310,131,179,263,142,121,217,105,112
58433901,834,435,399,106,53,53,216,113,103,244,130,114,268,139,129
58434701,1238,615,623,128,62,66,420,180,240,330,195,135,360,178,182
58435501,541,258,283,74,36,38,50,21,29,243,125,118,174,76,98
58436301,1005,499,506,138,66,72,358,171,187,276,141,135,233,121,112
0136760,0,0,0,0,0,0,0,0,0,0,0,0,0,0,0
1263650,0,0,0,0,0,0,0,0,0,0,0,0,0,0,0
58429101,1687,832,855,208,95,113,321,128,193,704,373,331,454,236,218
58429103,3331,1560,1771,319,132,187,303,111,192,1763,855,908,946,462,484
58429105,24,15,9,3,2,1,3,1,2,8,6,2,10,6,4
58429106,45,24,21,8,4,4,2,2,0,26,13,13,9,5,4
58429107,1660,836,824,207,103,104,248,111,137,793,420,373,412,202,210
58429108,2692,1272,1420,261,104,157,376,149,227,1345,679,666,710,340,370
58429109,115,107,8,17,17,0,19,19,0,70,62,8,9,9,0
58429110,1430,650,780,133,51,82,258,81,177,643,322,321,396,196,200
58429111,1131,690,441,117,68,49,146,76,70,371,235,136,497,311,186
58429112,2070,997,1073,218,85,133,231,101,130,1071,550,521,550,261,289
58429114,45,27,18,3,2,1,8,4,4,24,15,9,10,6,4
58429115,426,216,210,55,25,30,71,32,39,180,97,83,120,62,58
58429116,981,453,528,98,36,62,137,50,87,467,244,223,279,123,156
58429118,1053,526,527,110,39,71,172,74,98,486,262,224,285,151,134
58429119,406,200,206,39,19,20,48,23,25,204,103,101,115,55,60
58429120,1286,615,671,135,57,78,202,90,112,610,312,298,339,156,183
58429122,3077,1431,1646,340,150,190,416,167,249,1437,695,742,884,419,465
58429123,323,160,163,48,20,28,51,26,25,169,88,81,55,26,29
58429124,65,38,27,6,4,2,13,6,7,21,14,7,25,14,11
58429127,1810,860,950,203,95,108,290,121,169,834,419,415,483,225,258
58429129,599,292,307,73,25,48,116,51,65,260,143,117,150,73,77
58429131,62,19,43,10,7,3,17,2,15,26,10,16,9,0,9
58437101,1626,822,804,119,52,67,161,72,89,916,468,448,430,230,200
58438001,701,356,345,73,29,44,60,24,36,332,179,153,236,124,112
58440101,523,266,257,52,27,25,144,62,82,203,113,90,124,64,60
58441001,452,219,233,40,17,23,40,18,22,186,100,86,186,84,102
58442801,1628,829,799,182,85,97,238,99,139,775,422,353,433,223,210
58443601,279,154,125,26,11,15,21,11,10,123,75,48,109,57,52
58444401,1796,919,877,158,76,82,190,81,109,894,459,435,554,303,251
58445201,1290,629,661,154,74,80,365,154,211,420,229,191,351,172,179
58446101,628,298,330,76,26,50,159,65,94,173,97,76,220,110,110
58447901,480,243,237,56,25,31,56,24,32,252,134,118,116,60,56
58448702,1616,795,821,151,67,84,356,173,183,666,338,328,443,217,226
0499300,0,0,0,0,0,0,0,0,0,0,0,0,0,0,0
0499560,0,0,0,0,0,0,0,0,0,0,0,0,0,0,0
0499640,0,0,0,0,0,0,0,0,0,0,0,0,0,0,0
3399380,0,0,0,0,0,0,0,0,0,0,0,0,0,0,0
3399460,0,0,0,0,0,0,0,0,0,0,0,0,0,0,0
58449501,30,14,16,6,2,4,3,2,1,12,7,5,9,3,6
58449502,791,412,379,67,31,36,113,50,63,320,174,146,291,157,134
58449503,54,34,20,4,2,2,7,4,3,17,12,5,26,16,10
58449504,425,204,221,42,17,25,57,23,34,216,104,112,110,60,50
58449505,1884,892,992,190,82,108,321,130,191,888,447,441,485,233,252
58449506,372,188,184,34,16,18,55,24,31,152,78,74,131,70,61
58449508,47,24,23,4,1,3,1,0,1,33,18,15,9,5,4
58449509,2473,1175,1298,263,119,144,453,199,254,1130,552,578,627,305,322
58452501,681,337,344,53,18,35,75,31,44,294,156,138,259,132,127
55025601,205,101,104,29,15,14,46,21,25,87,41,46,43,24,19
58454101,484,221,263,46,21,25,53,23,30,292,124,168,93,53,40
58455001,219,120,99,17,11,6,68,31,37,62,41,21,72,37,35
58455002,2178,1111,1067,246,116,130,568,245,323,837,464,373,527,286,241
58455003,23,14,9,0,0,0,3,1,2,12,8,4,8,5,3
58456801,1893,936,957,248,114,134,549,241,308,543,288,255,553,293,260
58457601,1787,896,891,187,94,93,348,151,197,735,390,345,517,261,256
58458401,1209,596,613,113,53,60,263,110,153,487,254,233,346,179,167
58458402,22,10,12,8,3,5,2,1,1,5,4,1,7,2,5
58459201,1257,638,619,139,81,58,470,215,255,291,158,133,357,184,173
55528201,435,228,207,45,22,23,73,35,38,175,97,78,142,74,68
55844301,1181,572,609,167,70,97,269,109,160,429,227,202,316,166,150
58462201,3437,1653,1784,430,200,230,1091,459,632,1000,514,486,916,480,436
58463101,1858,908,950,232,97,135,242,112,130,822,416,406,562,283,279
58463102,213,114,99,17,7,10,47,21,26,92,53,39,57,33,24
0943070,0,0,0,0,0,0,0,0,0,0,0,0,0,0,0
0943310,0,0,0,0,0,0,0,0,0,0,0,0,0,0,0
0943400,0,0,0,0,0,0,0,0,0,0,0,0,0,0,0
3399030,0,0,0,0,0,0,0,0,0,0,0,0,0,0,0
58464901,1308,611,697,128,47,81,95,36,59,660,313,347,425,215,210
58464902,329,156,173,47,19,28,55,30,25,143,69,74,84,38,46
58464903,28,14,14,3,2,1,2,1,1,10,5,5,13,6,7
58464905,499,229,270,50,15,35,71,33,38,255,122,133,123,59,64
58464906,597,289,308,71,30,41,49,23,26,338,173,165,139,63,76
58464908,972,469,503,78,35,43,152,58,94,513,261,252,229,115,114
58464909,234,112,122,26,11,15,15,6,9,131,66,65,62,29,33
58464910,733,329,404,66,27,39,64,23,41,402,182,220,201,97,104
58464911,127,50,77,12,6,6,35,10,25,58,23,35,22,11,11
58464912,46,19,27,5,1,4,2,0,2,20,11,9,19,7,12
58464913,392,192,200,39,22,17,52,24,28,216,104,112,85,42,43
58464914,1055,521,534,145,67,78,144,67,77,461,229,232,305,158,147
58464915,1141,572,569,106,44,62,126,56,70,512,251,261,397,221,176
58465701,454,221,233,38,15,23,47,19,28,218,114,104,151,73,78
58466501,2495,1208,1287,274,115,159,550,238,312,911,474,437,760,381,379
58467301,1400,708,692,150,70,80,430,216,214,394,205,189,426,217,209
58468101,473,250,223,68,38,30,76,34,42,192,103,89,137,75,62
58470301,707,350,357,88,46,42,192,79,113,230,131,99,197,94,103
58471101,731,373,358,61,36,25,269,117,152,223,125,98,178,95,83
58471102,29,14,15,2,0,2,3,0,3,5,3,2,19,11,8
58474601,1249,618,631,89,42,47,188,69,119,577,284,293,395,223,172
58475401,343,170,173,33,16,17,26,9,17,184,96,88,100,49,51
58477101,583,287,296,93,36,57,62,26,36,273,146,127,155,79,76
58478901,772,392,380,60,25,35,141,64,77,319,164,155,252,139,113
58479701,2887,1441,1446,351,142,209,506,230,276,1205,649,556,825,420,405
58481901,973,476,497,97,43,54,257,113,144,368,196,172,251,124,127
58483501,123,66,57,6,2,4,16,4,12,61,34,27,40,26,14
58483502,623,315,308,69,21,48,75,37,38,243,133,110,236,124,112
58485101,126,61,65,14,8,6,10,6,4,73,36,37,29,11,18
58485102,614,309,305,59,24,35,46,18,28,306,165,141,203,102,101
58486001,26,13,13,4,2,2,1,1,0,11,5,6,10,5,5
58486002,2077,1054,1023,252,125,127,303,136,167,987,527,460,535,266,269
58487801,109,55,54,5,3,2,13,4,9,48,25,23,43,23,20
58487802,684,353,331,67,30,37,75,31,44,331,176,155,211,116,95
58489401,888,433,455,96,47,49,177,71,106,366,191,175,249,124,125
58490801,876,464,412,109,46,63,118,49,69,342,201,141,307,168,139
58491601,780,391,389,88,43,45,75,31,44,446,219,227,171,98,73
58492401,1483,730,753,198,84,114,355,149,206,489,271,218,441,226,215
58493201,2061,1046,1015,185,95,90,1051,504,547,404,225,179,421,222,199
58494101,2019,1009,1010,271,119,152,415,175,240,762,416,346,571,299,272
58495901,1020,505,515,95,42,53,237,104,133,395,207,188,293,152,141
58496701,1073,526,547,131,56,75,374,166,208,266,151,115,302,153,149
58497501,172,92,80,14,4,10,22,16,6,75,42,33,61,30,31
58497502,3353,1627,1726,359,146,213,482,208,274,1488,754,734,1024,519,505
58498301,28,16,12,2,2,0,0,0,0,11,5,6,15,9,6
58498302,3749,1826,1923,473,225,248,1438,636,802,947,495,452,891,470,421
58499101,493,239,254,50,22,28,98,44,54,221,111,110,124,62,62
58500901,1724,871,853,182,100,82,673,302,371,473,274,199,396,195,201
58500902,24,10,14,5,2,3,2,1,1,11,4,7,6,3,3
58501701,3070,1511,1559,372,178,194,693,297,396,1112,585,527,893,451,442
58504101,1043,527,516,156,77,79,354,154,200,247,147,100,286,149,137
58505001,1454,727,727,120,51,69,122,57,65,759,395,364,453,224,229
58603001,842,428,414,98,55,43,314,139,175,196,116,80,234,118,116
58604801,1865,926,939,247,119,128,844,367,477,310,193,117,464,247,217
58605601,397,212,185,50,25,25,193,96,97,59,39,20,95,52,43
58607201,665,330,335,95,42,53,178,73,105,194,111,83,198,104,94
3139390,0,0,0,0,0,0,0,0,0,0,0,0,0,0,0
58608101,80,37,43,15,9,6,7,1,6,38,18,20,20,9,11
58608103,225,119,106,25,12,13,34,15,19,109,65,44,57,27,30
58608104,1385,699,686,176,83,93,298,125,173,445,241,204,466,250,216
58608105,1088,509,579,151,61,90,233,92,141,393,208,185,311,148,163
58608106,1422,700,722,185,81,104,315,141,174,518,270,248,404,208,196
58608108,94,43,51,17,6,11,6,4,2,45,18,27,26,15,11
58609901,1181,601,580,116,56,60,268,118,150,452,252,200,345,175,170
58610201,2310,1150,1160,253,135,118,1103,503,600,432,241,191,522,271,251
58611101,385,186,199,65,26,39,120,51,69,127,71,56,73,38,35
58611102,24,15,9,2,1,1,6,3,3,11,8,3,5,3,2
58612901,1414,705,709,135,61,74,628,293,335,292,164,128,359,187,172
58613701,2897,1467,1430,225,110,115,1789,850,939,306,188,118,577,319,258
58614501,988,489,499,146,74,72,283,130,153,276,147,129,283,138,145
58615301,251,124,127,28,17,11,71,29,42,89,41,48,63,37,26
58616101,218,120,98,22,8,14,15,6,9,99,61,38,82,45,37
58616103,2144,1064,1080,273,120,153,471,199,272,864,465,399,536,280,256
58616104,3578,1762,1816,406,184,222,501,198,303,1547,806,741,1124,574,550
58616105,77,38,39,4,3,1,7,3,4,37,22,15,29,10,19
0405170,0,0,0,0,0,0,0,0,0,0,0,0,0,0,0
0405410,0,0,0,0,0,0,0,0,0,0,0,0,0,0,0
3399110,0,0,0,0,0,0,0,0,0,0,0,0,0,0,0
58602101,1809,867,942,219,91,128,249,101,148,857,440,417,484,235,249
58602102,6585,3130,3455,770,334,436,929,362,567,3050,1539,1511,1836,895,941
58602103,2151,974,1177,230,91,139,311,109,202,972,473,499,638,301,337
58602104,1573,743,830,202,85,117,245,96,149,653,343,310,473,219,254
58602105,1901,1026,875,202,90,112,246,98,148,700,384,316,753,454,299
58602106,193,107,86,33,18,15,20,10,10,88,45,43,52,34,18
58602107,131,60,71,5,1,4,22,6,16,59,29,30,45,24,21
58602108,93,47,46,15,7,8,8,5,3,30,16,14,40,19,21
58602109,4318,2068,2250,482,218,264,619,243,376,1936,975,961,1281,632,649
58602110,591,271,320,65,24,41,134,55,79,207,108,99,185,84,101
58602111,56,50,6,2,0,2,6,6,0,37,34,3,11,10,1
58602112,2665,1305,1360,358,162,196,451,181,270,1100,573,527,756,389,367
58602114,123,65,58,17,7,10,7,3,4,50,27,23,49,28,21
58602115,33,19,14,1,0,1,3,1,2,20,13,7,9,5,4
58602118,1878,868,1010,215,79,136,298,117,181,839,430,409,526,242,284
58617001,2124,1020,1104,213,102,111,848,364,484,557,312,245,506,242,264
58618801,1129,568,561,92,47,45,565,258,307,132,77,55,340,186,154
58619601,539,257,282,43,23,20,300,135,165,48,29,19,148,70,78
58619602,30,14,16,3,1,2,14,6,8,5,3,2,8,4,4
58620001,383,187,196,55,29,26,80,35,45,119,61,58,129,62,67
58621801,25,12,13,3,3,0,18,8,10,3,0,3,1,1,0
58621802,627,316,311,68,36,32,279,128,151,139,78,61,141,74,67
58622601,659,332,327,104,52,52,171,68,103,186,108,78,198,104,94
58623401,429,231,198,49,32,17,170,85,85,105,54,51,105,60,45
58624201,197,97,100,17,7,10,62,23,39,66,38,28,52,29,23
58625101,29,14,15,7,3,4,2,1,1,19,9,10,1,1,0
58625102,196,98,98,22,10,12,32,13,19,81,46,35,61,29,32
58626901,1036,521,515,105,56,49,530,237,293,125,72,53,276,156,120
58627701,861,451,410,84,45,39,262,114,148,283,160,123,232,132,100
58628501,507,252,255,43,22,21,293,139,154,73,40,33,98,51,47
58629301,386,201,185,33,17,16,207,97,110,51,34,17,95,53,42
0784760,0,0,0,0,0,0,0,0,0,0,0,0,0,0,0
0784920,0,0,0,0,0,0,0,0,0,0,0,0,0,0,0
0785310,0,0,0,0,0,0,0,0,0,0,0,0,0,0,0
58630701,645,346,299,80,38,42,126,53,73,265,157,108,174,98,76
58630702,1737,862,875,220,96,124,450,192,258,654,353,301,413,221,192
58630703,716,354,362,97,43,54,172,78,94,254,136,118,193,97,96
58630706,1870,939,931,207,88,119,344,141,203,727,380,347,592,330,262
58630707,88,52,36,9,5,4,22,11,11,49,31,18,8,5,3
58630708,1872,849,1023,243,105,138,441,165,276,700,363,337,488,216,272
58630709,1017,487,530,114,50,64,216,93,123,452,230,222,235,114,121
58630710,991,445,546,121,40,81,195,67,128,387,198,189,288,140,148
58630711,501,291,210,33,9,24,119,28,91,92,44,48,257,210,47
58630712,1565,723,842,223,98,125,325,120,205,609,316,293,408,189,219
58631501,149,75,74,18,8,10,22,12,10,49,28,21,60,27,33
58632301,1362,677,685,112,53,59,685,319,366,225,133,92,340,172,168
58633101,877,457,420,63,41,22,467,233,234,123,66,57,224,117,107
58634001,811,400,411,88,42,46,306,143,163,194,100,94,223,115,108
58635801,2804,1386,1418,347,158,189,508,207,301,1120,605,515,829,416,413
58636601,150,81,69,16,6,10,65,32,33,31,19,12,38,24,14
58637401,974,488,486,119,58,61,171,84,87,401,202,199,283,144,139
58637402,921,446,475,91,43,48,146,56,90,427,220,207,257,127,130
58638201,1771,895,876,192,96,96,735,324,411,404,225,179,440,250,190
58639101,76,37,39,12,5,7,26,9,17,25,14,11,13,9,4
58639102,631,335,296,61,25,36,189,84,105,222,135,87,159,91,68
58640401,1736,830,906,182,87,95,406,169,237,607,305,302,541,269,272
58640402,217,118,99,28,14,14,38,17,21,88,50,38,63,37,26
59335402,301,153,148,35,12,23,40,22,18,120,68,52,106,51,55
58641201,3529,1789,1740,396,201,195,1423,662,761,749,410,339,961,516,445
58642101,842,423,419,95,49,46,372,172,200,179,91,88,196,111,85
58643901,323,159,164,43,19,24,85,40,45,108,54,54,87,46,41
58644701,471,228,243,55,27,28,168,70,98,121,68,53,127,63,64
58645501,20,11,9,2,1,1,10,5,5,4,3,1,4,2,2
58645502,443,243,200,39,19,20,222,122,100,49,29,20,133,73,60
58645503,49,22,27,3,3,0,24,10,14,10,3,7,12,6,6
58645504,75,37,38,4,1,3,54,23,31,6,5,1,11,8,3
58645505,24,12,12,6,3,3,5,3,2,4,2,2,9,4,5
58646301,228,114,114,22,11,11,98,39,59,58,35,23,50,29,21
58647101,222,105,117,24,11,13,69,25,44,82,46,36,47,23,24
58648001,1272,630,642,152,69,83,471,206,265,285,166,119,364,189,175
58649801,2105,1046,1059,222,101,121,641,276,365,633,366,267,609,303,306
58650101,826,426,400,105,53,52,251,109,142,256,148,108,214,116,98
58651001,3666,1792,1874,432,202,230,1228,499,729,1008,578,430,998,513,485
58651002,101,48,53,13,6,7,10,1,9,41,22,19,37,19,18
58652801,166,80,86,28,12,16,35,20,15,62,30,32,41,18,23
58652802,125,63,62,16,7,9,22,9,13,48,25,23,39,22,17
58652803,2392,1203,1189,304,134,170,498,210,288,919,503,416,671,356,315
58652804,592,296,296,66,30,36,64,24,40,256,136,120,206,106,100
58653601,134,70,64,14,7,7,33,15,18,28,19,9,59,29,30
58654401,483,243,240,59,30,29,187,82,105,102,56,46,135,75,60
58655201,788,383,405,87,37,50,283,116,167,205,120,85,213,110,103
58656101,931,468,463,111,57,54,402,178,224,198,114,84,220,119,101
58657901,352,177,175,44,22,22,105,45,60,108,62,46,95,48,47
3140810,0,0,0,0,0,0,0,0,0,0,0,0,0,0,0
3400060,0,0,0,0,0,0,0,0,0,0,0,0,0,0,0
58658702,127,73,54,15,7,8,51,28,23,49,32,17,12,6,6
58658703,23,13,10,0,0,0,3,3,0,11,6,5,9,4,5
58658704,2539,1206,1333,295,132,163,800,326,474,759,407,352,685,341,344
58658705,1477,734,743,189,99,90,623,288,335,353,188,165,312,159,153
58658706,60,30,30,7,4,3,13,6,7,22,12,10,18,8,10
58658707,1086,543,543,153,85,68,525,246,279,183,101,82,225,111,114
58658709,29,13,16,9,4,5,7,2,5,11,6,5,2,1,1
58659501,584,305,279,78,38,40,185,81,104,180,108,72,141,78,63
58660901,1199,582,617,125,58,67,524,229,295,210,118,92,340,177,163
58661701,369,186,183,34,14,20,161,78,83,65,37,28,109,57,52
58661702,103,49,54,4,1,3,69,33,36,2,0,2,28,15,13
58662501,1492,747,745,133,61,72,586,261,325,361,215,146,412,210,202
58662502,1902,964,938,205,96,109,519,215,304,643,365,278,535,288,247
58663301,341,181,160,44,17,27,109,52,57,67,45,22,121,67,54
58664101,2096,1033,1063,247,110,137,618,259,359,585,327,258,646,337,309
58665001,524,256,268,53,31,22,256,116,140,70,40,30,145,69,76
58666801,866,418,448,107,59,48,323,133,190,196,111,85,240,115,125
58667601,372,183,189,45,26,19,111,46,65,121,63,58,95,48,47
58668401,47,26,21,2,1,1,13,6,7,17,9,8,15,10,5
58668402,834,414,420,86,41,45,368,164,204,156,87,69,224,122,102
58669201,736,359,377,64,28,36,350,164,186,168,91,77,154,76,78
58670601,2087,1050,1037,207,97,110,843,377,466,420,247,173,617,329,288
58671401,2732,1354,1378,310,166,144,1104,498,606,508,279,229,810,411,399
1807000,0,0,0,0,0,0,0,0,0,0,0,0,0,0,0
3217450,0,0,0,0,0,0,0,0,0,0,0,0,0,0,0
3217530,0,0,0,0,0,0,0,0,0,0,0,0,0,0,0
58672203,730,364,366,78,39,39,250,117,133,225,117,108,177,91,86
58672204,803,408,395,100,49,51,320,151,169,140,80,60,243,128,115
58672206,27,15,12,3,1,2,3,0,3,17,10,7,4,4,0
58672207,87,40,47,4,1,3,22,8,14,30,16,14,31,15,16
58672208,521,252,269,66,27,39,109,42,67,192,107,85,154,76,78
58672209,2535,1171,1364,349,152,197,556,215,341,895,453,442,735,351,384
58672210,3655,1775,1880,460,203,257,977,424,553,1255,678,577,963,470,493
58672211,1767,878,889,214,100,114,484,205,279,494,254,240,575,319,256
58672212,230,110,120,25,11,14,62,26,36,71,36,35,72,37,35
58673101,470,245,225,61,32,29,160,74,86,116,72,44,133,67,66
58674901,997,503,494,134,65,69,332,139,193,255,150,105,276,149,127
58675701,783,382,401,97,53,44,398,176,222,121,72,49,167,81,86
58675702,2036,998,1038,204,107,97,980,448,532,328,162,166,524,281,243
58676501,4399,2149,2250,627,254,373,1022,430,592,1592,868,724,1158,597,561
58677301,566,288,278,66,33,33,135,61,74,177,95,82,188,99,89
58678101,702,368,334,83,46,37,189,87,102,217,116,101,213,119,94
58679001,55,25,30,5,2,3,16,7,9,13,7,6,21,9,12
58679002,27,16,11,4,2,2,0,0,0,15,8,7,8,6,2
58679003,993,492,501,88,38,50,469,218,251,227,118,109,209,118,91
58680301,2455,1229,1226,269,126,143,569,262,307,926,505,421,691,336,355
58681101,482,234,248,48,26,22,173,77,96,118,61,57,143,70,73
58682001,924,453,471,124,61,63,316,138,178,235,127,108,249,127,122
58683801,176,90,86,25,12,13,97,52,45,19,9,10,35,17,18
59289701,236,113,123,16,8,8,41,14,27,102,53,49,77,38,39
59290101,506,248,258,54,30,24,113,50,63,206,97,109,133,71,62
59290102,192,101,91,26,13,13,69,31,38,64,40,24,33,17,16
59290103,147,71,76,15,6,9,42,19,23,60,29,31,30,17,13
59291901,1239,617,622,117,57,60,256,110,146,464,247,217,402,203,199
59292701,877,435,442,94,35,59,173,79,94,389,209,180,221,112,109
0141250,0,0,0,0,0,0,0,0,0,0,0,0,0,0,0
3299410,0,0,0,0,0,0,0,0,0,0,0,0,0,0,0
3918670,0,0,0,0,0,0,0,0,0,0,0,0,0,0,0
3918750,0,0,0,0,0,0,0,0,0,0,0,0,0,0,0
3918830,0,0,0,0,0,0,0,0,0,0,0,0,0,0,0
3918910,0,0,0,0,0,0,0,0,0,0,0,0,0,0,0
3919050,0,0,0,0,0,0,0,0,0,0,0,0,0,0,0
3148110,0,0,0,0,0,0,0,0,0,0,0,0,0,0,0
3399620,0,0,0,0,0,0,0,0,0,0,0,0,0,0,0
3399710,0,0,0,0,0,0,0,0,0,0,0,0,0,0,0
3399890,0,0,0,0,0,0,0,0,0,0,0,0,0,0,0
59294301,758,380,378,100,42,58,126,61,65,340,186,154,192,91,101
59294302,359,185,174,59,28,31,44,22,22,158,86,72,98,49,49
59294303,549,268,281,54,24,30,56,24,32,213,117,96,226,103,123
59294304,372,193,179,26,9,17,60,34,26,151,79,72,135,71,64
59294305,684,318,366,71,27,44,121,50,71,300,147,153,192,94,98
59294306,858,428,430,88,39,49,127,57,70,418,216,202,225,116,109
59294307,140,69,71,23,13,10,26,7,19,34,20,14,57,29,28
59294308,1856,930,926,172,78,94,238,89,149,845,447,398,601,316,285
59294309,431,207,224,46,21,25,41,25,16,225,105,120,119,56,63
59294310,437,217,220,32,15,17,64,25,39,217,109,108,124,68,56
59297801,283,143,140,28,19,9,102,43,59,86,53,33,67,28,39
59298601,231,115,116,12,5,7,85,45,40,87,42,45,47,23,24
59299401,937,457,480,90,44,46,228,92,136,309,175,134,310,146,164
59300101,2382,1194,1188,214,89,125,377,151,226,1064,575,489,727,379,348
59301001,619,301,318,52,19,33,65,29,36,282,145,137,220,108,112
59302802,932,479,453,84,37,47,143,67,76,379,213,166,326,162,164
55021302,850,424,426,86,41,45,190,84,106,340,172,168,234,127,107
59303601,444,220,224,35,20,15,56,19,37,228,123,105,125,58,67
59303602,48,22,26,0,0,0,4,2,2,33,15,18,11,5,6
59304401,1044,493,551,115,56,59,225,84,141,424,211,213,280,142,138
55082501,311,156,155,31,16,15,98,50,48,104,54,50,78,36,42
55082502,1046,535,511,82,39,43,209,99,110,481,253,228,274,144,130
55082503,176,89,87,17,8,9,39,22,17,68,36,32,52,23,29
59305201,828,413,415,108,50,58,159,78,81,359,183,176,202,102,100
59306101,370,193,177,20,7,13,73,38,35,149,78,71,128,70,58
59306102,249,127,122,17,6,11,59,24,35,94,49,45,79,48,31
59307901,777,380,397,83,39,44,170,76,94,327,160,167,197,105,92
59308701,524,255,269,39,18,21,49,20,29,174,89,85,262,128,134
59308703,79,38,41,2,1,1,24,10,14,27,14,13,26,13,13
59309501,257,132,125,22,12,10,63,25,38,94,52,42,78,43,35
59311701,509,256,253,61,29,32,143,58,85,188,106,82,117,63,54
59311702,2388,1155,1233,241,116,125,312,137,175,1053,508,545,782,394,388
59312502,376,187,189,38,19,19,65,29,36,151,82,69,122,57,65
59314101,712,360,352,41,21,20,167,76,91,296,153,143,208,110,98
59315001,261,138,123,29,12,17,22,9,13,143,80,63,67,37,30
59315002,101,51,50,7,2,5,19,8,11,41,21,20,34,20,14
59316801,722,364,358,80,35,45,116,51,65,294,162,132,232,116,116
55010801,357,190,167,34,16,18,65,30,35,159,93,66,99,51,48
59318401,112,61,51,13,9,4,12,6,6,36,21,15,51,25,26
3207650,0,0,0,0,0,0,0,0,0,0,0,0,0,0,0
59319201,383,189,194,47,21,26,119,49,70,135,76,59,82,43,39
59321401,1905,967,938,230,99,131,441,193,248,804,444,360,430,231,199
59322201,795,403,392,63,25,38,173,79,94,287,155,132,272,144,128
59323101,140,69,71,12,3,9,23,9,14,65,33,32,40,24,16
59324901,458,220,238,33,16,17,63,24,39,191,97,94,171,83,88
59325701,1313,643,670,121,53,68,186,78,108,648,328,320,358,184,174
59326501,722,360,362,76,39,37,164,71,93,278,141,137,204,109,95
59327301,948,480,468,98,49,49,169,78,91,442,238,204,239,115,124
59328101,280,148,132,19,7,12,43,18,25,129,70,59,89,53,36
59329001,130,73,57,6,3,3,36,20,16,39,23,16,49,27,22
55014101,355,166,189,46,21,25,46,19,27,141,71,70,122,55,67
59332001,684,354,330,70,30,40,157,73,84,251,141,110,206,110,96
59333801,21,10,11,0,0,0,0,0,0,8,4,4,13,6,7
59333802,319,165,154,32,15,17,75,32,43,113,66,47,99,52,47
59334601,552,278,274,58,30,28,79,30,49,225,122,103,190,96,94
55704801,462,235,227,30,18,12,70,29,41,224,118,106,138,70,68
59337101,800,398,402,92,45,47,210,86,124,310,167,143,188,100,88
59338901,302,151,151,24,12,12,52,22,30,107,58,49,119,59,60
59339701,737,375,362,93,47,46,142,75,67,317,156,161,185,97,88
59340101,401,210,191,46,22,24,76,34,42,177,103,74,102,51,51
59341901,333,170,163,35,14,21,31,16,15,179,90,89,88,50,38
59341902,298,155,143,25,8,17,51,22,29,114,62,52,108,63,45
59341903,164,88,76,27,14,13,17,8,9,75,45,30,45,21,24
59341904,256,133,123,30,10,20,61,27,34,79,48,31,86,48,38
59342701,35,21,14,4,3,1,11,6,5,14,9,5,6,3,3
59342702,373,186,187,46,26,20,84,37,47,116,60,56,127,63,64
59343501,750,368,382,62,31,31,125,54,71,367,181,186,196,102,94
59344301,43,25,18,5,3,2,14,9,5,10,6,4,14,7,7
59344302,57,29,28,13,5,8,10,5,5,6,3,3,28,16,12
55013201,581,305,276,51,25,26,69,31,38,299,163,136,162,86,76
55013202,54,28,26,6,4,2,13,4,9,26,15,11,9,5,4
59346001,333,171,162,48,22,26,108,52,56,82,42,40,95,55,40
59347801,1567,799,768,131,59,72,261,118,143,704,375,329,471,247,224
55079501,239,116,123,24,13,11,42,20,22,83,38,45,90,45,45
3303610,0,0,0,0,0,0,0,0,0,0,0,0,0,0,0
59348601,169,88,81,16,7,9,31,12,19,52,33,19,70,36,34
55017501,421,207,214,37,14,23,104,46,58,156,86,70,124,61,63
59349401,71,36,35,8,2,6,7,3,4,19,10,9,37,21,16
59349402,561,294,267,60,26,34,110,47,63,236,131,105,155,90,65
59350801,771,386,385,82,36,46,156,77,79,318,157,161,215,116,99
59350802,1049,522,527,94,43,51,177,74,103,515,270,245,263,135,128
59351601,552,286,266,60,27,33,37,18,19,296,158,138,159,83,76
59351602,683,345,338,44,14,30,63,33,30,349,178,171,227,120,107
59352401,311,163,148,24,13,11,30,14,16,143,79,64,114,57,57
59352402,94,51,43,7,3,4,1,0,1,61,33,28,25,15,10
59353201,679,353,326,75,31,44,159,78,81,232,133,99,213,111,102
55489801,364,183,181,39,19,20,40,18,22,162,81,81,123,65,58
55489802,163,82,81,8,4,4,15,6,9,73,40,33,67,32,35
3148710,0,0,0,0,0,0,0,0,0,0,0,0,0,0,0
3148890,0,0,0,0,0,0,0,0,0,0,0,0,0,0,0
3149010,0,0,0,0,0,0,0,0,0,0,0,0,0,0,0
3149190,0,0,0,0,0,0,0,0,0,0,0,0,0,0,0
59355901,430,207,223,19,9,10,72,32,40,177,83,94,162,83,79
59355902,303,152,151,19,9,10,55,30,25,119,55,64,110,58,52
59355903,744,358,386,83,35,48,126,61,65,334,161,173,201,101,100
59355904,671,330,341,65,30,35,149,60,89,297,160,137,160,80,80
59355905,42,27,15,9,4,5,4,3,1,12,9,3,17,11,6
59355906,138,68,70,18,7,11,38,19,19,44,25,19,38,17,21
59355907,503,239,264,73,31,42,107,50,57,195,96,99,128,62,66
59355908,319,154,165,44,23,21,77,34,43,85,43,42,113,54,59
59355909,389,186,203,40,19,21,66,23,43,167,83,84,116,61,55
59355910,1014,478,536,106,46,60,129,50,79,426,219,207,353,163,190
59355911,424,224,200,49,22,27,76,31,45,178,98,80,121,73,48
59355912,740,367,373,88,42,46,120,48,72,318,168,150,214,109,105
59356701,604,312,292,53,29,24,155,65,90,208,119,89,188,99,89
55397201,128,65,63,8,4,4,9,4,5,79,38,41,32,19,13
55397202,138,72,66,13,7,6,18,9,9,81,42,39,26,14,12
3045220,0,0,0,0,0,0,0,0,0,0,0,0,0,0,0
3045730,0,0,0,0,0,0,0,0,0,0,0,0,0,0,0
3045900,0,0,0,0,0,0,0,0,0,0,0,0,0,0,0
3046380,0,0,0,0,0,0,0,0,0,0,0,0,0,0,0
3046460,0,0,0,0,0,0,0,0,0,0,0,0,0,0,0
59358301,872,413,459,112,39,73,147,63,84,399,213,186,214,98,116
59358302,1816,873,943,176,74,102,415,171,244,765,393,372,460,235,225
59358303,64,34,30,6,2,4,10,5,5,33,20,13,15,7,8
59358304,621,297,324,61,33,28,82,40,42,311,145,166,167,79,88
59358305,21,11,10,5,2,3,5,2,3,11,7,4,0,0,0
59358306,882,424,458,76,42,34,209,87,122,340,173,167,257,122,135
59358307,1098,551,547,99,40,59,187,80,107,463,248,215,349,183,166
59358308,1181,566,615,127,56,71,186,76,110,520,281,239,348,153,195
59358309,518,241,277,51,21,30,76,36,40,233,113,120,158,71,87
59359101,317,158,159,34,13,21,30,13,17,178,99,79,75,33,42
59360501,61,35,26,7,4,3,14,8,6,24,12,12,16,11,5
59360502,400,197,203,60,29,31,79,38,41,147,73,74,114,57,57
59361301,1043,503,540,93,42,51,253,112,141,362,180,182,335,169,166
59362101,991,499,492,110,50,60,294,142,152,335,170,165,252,137,115
59363001,342,168,174,30,14,16,49,17,32,162,85,77,101,52,49
59364801,573,295,278,53,22,31,83,42,41,238,130,108,199,101,98
55019101,242,125,117,24,15,9,54,19,35,80,44,36,84,47,37
59365601,432,226,206,40,19,21,96,51,45,160,86,74,136,70,66
59366401,741,371,370,68,27,41,112,53,59,330,178,152,231,113,118
59368101,1211,622,589,132,60,72,236,118,118,482,253,229,361,191,170
1886110,0,0,0,0,0,0,0,0,0,0,0,0,0,0,0
1886200,0,0,0,0,0,0,0,0,0,0,0,0,0,0,0
1886380,0,0,0,0,0,0,0,0,0,0,0,0,0,0,0
1886710,0,0,0,0,0,0,0,0,0,0,0,0,0,0,0
1887600,0,0,0,0,0,0,0,0,0,0,0,0,0,0,0
1887860,0,0,0,0,0,0,0,0,0,0,0,0,0,0,0
1888080,0,0,0,0,0,0,0,0,0,0,0,0,0,0,0
3404300,0,0,0,0,0,0,0,0,0,0,0,0,0,0,0
59288901,380,181,199,48,17,31,42,18,24,172,87,85,118,59,59
59288904,368,177,191,34,11,23,27,14,13,197,99,98,110,53,57
59288905,35,16,19,6,2,4,1,0,1,16,8,8,12,6,6
59288906,576,286,290,57,27,30,92,41,51,230,123,107,197,95,102
59288907,338,165,173,34,15,19,46,23,23,169,83,86,89,44,45
59288909,1383,671,712,130,57,73,178,71,107,722,357,365,353,186,167
59288910,551,250,301,55,20,35,42,15,27,293,137,156,161,78,83
59288911,2019,970,1049,181,81,100,185,72,113,1107,550,557,546,267,279
59288912,88,37,51,10,3,7,10,4,6,41,15,26,27,15,12
59288913,1709,791,918,175,79,96,207,70,137,849,426,423,478,216,262
59288914,1301,661,640,126,61,65,160,68,92,644,344,300,371,188,183
59288915,367,184,183,32,12,20,25,11,14,199,105,94,111,56,55
59288916,584,284,300,66,30,36,88,38,50,288,153,135,142,63,79
59288917,424,141,283,34,12,22,119,28,91,128,61,67,143,40,103
59288918,736,343,393,68,34,34,110,40,70,357,175,182,201,94,107
59288919,1111,561,550,113,49,64,121,41,80,560,306,254,317,165,152
59288920,558,289,269,59,27,32,82,39,43,262,142,120,155,81,74
59288921,681,396,285,53,25,28,78,39,39,212,127,85,338,205,133
59288922,389,192,197,32,15,17,52,23,29,207,104,103,98,50,48
59288923,150,87,63,16,8,8,31,15,16,45,29,16,58,35,23
59288924,172,83,89,13,8,5,29,11,18,88,44,44,42,20,22
59288925,65,36,29,10,5,5,13,7,6,32,19,13,10,5,5
59288926,182,103,79,26,9,17,36,16,20,8,3,5,112,75,37
59288927,4411,2072,2339,415,176,239,561,214,347,2216,1106,1110,1219,576,643
59288928,1445,661,784,137,58,79,211,81,130,709,342,367,388,180,208
59288929,281,129,152,14,6,8,39,17,22,138,67,71,90,39,51
59369901,720,359,361,78,38,40,83,32,51,319,172,147,240,117,123
59370201,297,149,148,29,11,18,45,20,25,110,59,51,113,59,54
59372901,286,144,142,33,18,15,84,41,43,100,54,46,69,31,38
59373701,173,91,82,12,4,8,58,30,28,59,33,26,44,24,20
59373702,82,47,35,4,2,2,29,15,14,31,20,11,18,10,8
59373703,101,52,49,13,7,6,29,14,15,24,14,10,35,17,18
59374501,207,107,100,26,14,12,66,30,36,48,28,20,67,35,32
59375301,100,48,52,12,4,8,31,14,17,19,11,8,38,19,19
59375302,38,23,15,4,3,1,18,9,9,7,6,1,9,5,4
59376101,76,41,35,6,3,3,11,5,6,29,16,13,30,17,13
59377001,434,222,212,44,23,21,81,36,45,182,105,77,127,58,69
59377002,734,373,361,71,35,36,129,59,70,278,149,129,256,130,126
59378801,645,317,328,77,33,44,108,50,58,274,138,136,186,96,90
59379601,180,102,78,17,11,6,17,6,11,74,42,32,72,43,29
59380001,406,217,189,63,29,34,50,24,26,150,79,71,143,85,58
59381801,161,86,75,16,5,11,34,13,21,49,29,20,62,39,23
59382601,37,19,18,1,0,1,3,3,0,17,9,8,16,7,9
59382602,63,34,29,10,7,3,6,2,4,23,10,13,24,15,9
59382603,43,23,20,2,1,1,3,3,0,15,7,8,23,12,11
59382604,930,464,466,88,37,51,112,52,60,414,205,209,316,170,146
59382605,526,252,274,52,26,26,112,43,69,203,104,99,159,79,80
59384201,775,369,406,86,38,48,104,42,62,292,149,143,293,140,153
59385101,592,293,299,72,34,38,108,46,62,190,104,86,222,109,113
59386901,283,141,142,34,12,22,75,30,45,92,52,40,82,47,35
59387701,221,117,104,36,17,19,51,20,31,78,47,31,56,33,23
59388501,88,41,47,11,7,4,27,10,17,27,12,15,23,12,11
59389301,155,89,66,20,12,8,34,19,15,61,37,24,40,21,19
59390701,346,175,171,34,14,20,55,25,30,133,75,58,124,61,63
59392301,251,126,125,19,9,10,77,36,41,100,52,48,55,29,26
59393101,380,189,191,40,20,20,115,51,64,124,67,57,101,51,50
54694101,2263,1122,1141,221,108,113,245,106,139,1162,589,573,635,319,316
59395801,138,62,76,17,5,12,25,10,15,44,25,19,52,22,30
59396601,479,239,240,41,21,20,183,81,102,152,83,69,103,54,49
59397401,848,437,411,84,36,48,118,45,73,381,213,168,265,143,122
59398201,576,282,294,38,13,25,79,34,45,290,151,139,169,84,85
59399101,492,244,248,32,19,13,56,24,32,255,117,138,149,84,65
59400801,143,70,73,15,7,8,40,20,20,52,23,29,36,20,16
59401601,195,101,94,15,6,9,46,22,24,68,41,27,66,32,34
59402401,301,152,149,31,11,20,43,16,27,148,84,64,79,41,38
59403201,1332,672,660,100,37,63,140,59,81,659,346,313,433,230,203
59404101,836,425,411,95,49,46,161,79,82,343,177,166,237,120,117
59405901,330,158,172,23,11,12,84,33,51,122,61,61,101,53,48
59406701,1672,839,833,146,65,81,170,67,103,829,434,395,527,273,254
59407501,50,26,24,11,4,7,5,2,3,23,13,10,11,7,4
59407502,202,103,99,27,12,15,27,12,15,87,49,38,61,30,31
59408301,277,140,137,42,21,21,83,39,44,92,46,46,60,34,26
59409101,243,116,127,30,13,17,48,17,31,75,40,35,90,46,44
59409102,362,188,174,27,10,17,109,56,53,133,77,56,93,45,48
59410501,285,147,138,19,12,7,116,50,66,61,36,25,89,49,40
59411301,1009,523,486,86,50,36,111,47,64,447,242,205,365,184,181
59411302,213,101,112,16,7,9,17,9,8,109,49,60,71,36,35
59411303,126,65,61,9,3,6,18,10,8,54,30,24,45,22,23
59411304,274,132,142,21,6,15,43,18,25,142,73,69,68,35,33
59412101,436,208,228,44,19,25,88,38,50,133,68,65,171,83,88
59413002,826,424,402,72,26,46,91,38,53,399,223,176,264,137,127
59414801,917,471,446,97,34,63,122,60,62,394,211,183,304,166,138
59415602,3054,1496,1558,240,97,143,338,134,204,1520,779,741,956,486,470
59415603,132,81,51,9,4,5,17,11,6,55,32,23,51,34,17
59416402,102,59,43,15,8,7,13,5,8,42,24,18,32,22,10
3314900,0,0,0,0,0,0,0,0,0,0,0,0,0,0,0
59417201,626,300,326,59,31,28,111,47,64,296,148,148,160,74,86
59418101,433,228,205,42,20,22,140,67,73,131,80,51,120,61,59
59419901,1207,612,595,120,60,60,137,63,74,505,252,253,445,237,208
59420201,35,16,19,3,1,2,5,3,2,14,8,6,13,4,9
59420202,1115,545,570,137,64,73,259,109,150,423,226,197,296,146,150
59421101,485,240,245,42,22,20,101,46,55,194,102,92,148,70,78
59421102,291,145,146,13,9,4,89,44,45,117,57,60,72,35,37
59422901,451,226,225,44,19,25,58,25,33,223,118,105,126,64,62
55084101,52,26,26,13,5,8,4,2,2,17,9,8,18,10,8
59423701,150,71,79,13,6,7,41,17,24,56,29,27,40,19,21
59425301,145,73,72,25,12,13,22,11,11,45,26,19,53,24,29
59426101,557,276,281,74,25,49,61,28,33,213,111,102,209,112,97
59427001,581,283,298,58,26,32,41,17,24,295,147,148,187,93,94
59428801,104,57,47,6,5,1,45,23,22,25,13,12,28,16,12
55008601,242,121,121,28,13,15,35,12,23,106,56,50,73,40,33
59429601,176,87,89,13,3,10,19,8,11,87,54,33,57,22,35
59430001,881,426,455,96,37,59,185,80,105,354,182,172,246,127,119
59431801,139,63,76,4,2,2,44,16,28,43,21,22,48,24,24
59432602,203,104,99,28,14,14,37,14,23,52,34,18,86,42,44
59433401,428,214,214,49,24,25,83,34,49,171,98,73,125,58,67
59433402,102,54,48,6,3,3,15,7,8,51,25,26,30,19,11
59434201,241,125,116,25,11,14,38,13,25,107,60,47,71,41,30
59435101,239,124,115,17,11,6,56,27,29,102,51,51,64,35,29
59436901,477,242,235,41,20,21,83,40,43,163,87,76,190,95,95
59438501,56,29,27,12,5,7,11,5,6,13,7,6,20,12,8
59439301,254,131,123,36,18,18,30,16,14,119,59,60,69,38,31
59440701,362,183,179,40,20,20,53,23,30,154,84,70,115,56,59
59441501,509,254,255,80,37,43,106,42,64,167,94,73,156,81,75
59442301,161,84,77,13,6,7,27,17,10,62,31,31,59,30,29
59443101,620,318,302,83,43,40,153,69,84,209,119,90,175,87,88
59444001,202,107,95,13,6,7,18,8,10,94,50,44,77,43,34
59445801,146,79,67,11,3,8,20,10,10,65,35,30,50,31,19
59445802,2835,1399,1436,270,113,157,488,227,261,1359,698,661,718,361,357
59446601,327,157,170,28,9,19,70,23,47,130,79,51,99,46,53
59447401,232,112,120,24,12,12,77,30,47,70,40,30,61,30,31
3405020,0,0,0,0,0,0,0,0,0,0,0,0,0,0,0
59448201,466,227,239,34,13,21,88,38,50,183,97,86,161,79,82
59448202,293,139,154,30,11,19,44,23,21,135,69,66,84,36,48
59448205,155,75,80,20,12,8,16,6,10,72,35,37,47,22,25
59448206,462,235,227,39,19,20,84,40,44,207,106,101,132,70,62
59448207,21,9,12,4,2,2,5,2,3,10,5,5,2,0,2
59448209,1108,508,600,98,40,58,214,84,130,438,223,215,358,161,197
59448210,29,17,12,3,2,1,3,3,0,13,6,7,10,6,4
59448211,809,388,421,84,29,55,143,49,94,316,160,156,266,150,116
59448212,36,18,18,3,1,2,1,0,1,25,12,13,7,5,2
59448213,2274,1091,1183,260,99,161,350,151,199,998,525,473,666,316,350
59451201,179,94,85,18,10,8,15,6,9,73,38,35,73,40,33
59452101,81,43,38,9,4,5,22,12,10,26,14,12,24,13,11
58772901,1102,552,550,105,49,56,124,52,72,559,288,271,314,163,151
58772902,566,281,285,44,14,30,54,25,29,294,154,140,174,88,86
59455501,513,258,255,63,30,33,58,19,39,214,112,102,178,97,81
59456301,1137,586,551,131,71,60,157,66,91,474,251,223,375,198,177
59457101,637,322,315,69,33,36,88,36,52,265,146,119,215,107,108
59458001,42,23,19,2,1,1,1,1,0,17,9,8,22,12,10
59458002,23,11,12,2,1,1,4,3,1,12,5,7,5,2,3
59459801,69,34,35,11,4,7,25,14,11,15,9,6,18,7,11
59460101,476,240,236,37,19,18,129,58,71,163,82,81,147,81,66
59461001,387,194,193,37,19,18,138,62,76,122,67,55,90,46,44
59462801,490,226,264,54,27,27,89,39,50,138,67,71,209,93,116
55005101,347,172,175,54,23,31,100,47,53,89,47,42,104,55,49
59463602,59,30,29,12,8,4,8,2,6,22,12,10,17,8,9
59464401,168,89,79,26,15,11,42,18,24,53,30,23,47,26,21
59465201,103,59,44,5,2,3,5,2,3,63,35,28,30,20,10
59467901,771,379,392,86,35,51,153,65,88,275,156,119,257,123,134
59468701,360,188,172,35,16,19,34,15,19,156,88,68,135,69,66
59469501,86,48,38,12,5,7,10,7,3,35,20,15,29,16,13
59470901,849,412,437,71,31,40,114,43,71,400,200,200,264,138,126
55007801,95,52,43,12,3,9,41,23,18,14,9,5,28,17,11
59472502,327,174,153,26,14,12,105,48,57,101,59,42,95,53,42
59473301,161,72,89,11,2,9,23,6,17,76,41,35,51,23,28
59474101,100,52,48,13,5,8,20,8,12,43,25,18,24,14,10
59475001,427,218,209,40,21,19,85,37,48,173,91,82,129,69,60
59476801,535,236,299,46,16,30,135,61,74,143,67,76,211,92,119
59477601,229,106,123,14,6,8,59,27,32,92,44,48,64,29,35
59478401,75,40,35,15,5,10,6,4,2,30,17,13,24,14,10
59478402,419,215,204,42,17,25,57,27,30,187,101,86,133,70,63
59479201,108,58,50,9,3,6,12,5,7,60,34,26,27,16,11
59480601,82,43,39,6,4,2,20,9,11,29,17,12,27,13,14
59480603,29,16,13,3,2,1,7,4,3,7,5,2,12,5,7
59480604,111,51,60,17,6,11,30,15,15,35,19,16,29,11,18
59481401,302,157,145,16,9,7,32,16,16,122,63,59,132,69,63
59482201,561,277,284,49,19,30,46,17,29,306,151,155,160,90,70
59482202,443,229,214,43,23,20,66,27,39,182,97,85,152,82,70
59483101,161,77,84,18,7,11,28,11,17,73,36,37,42,23,19
55523101,1369,701,668,129,55,74,149,71,78,700,375,325,391,200,191
59484901,486,254,232,42,24,18,65,32,33,235,120,115,144,78,66
59486501,135,71,64,14,7,7,19,9,10,66,36,30,36,19,17
59487301,33,17,16,1,0,1,1,1,0,22,12,10,9,4,5
59487302,67,63,4,13,13,0,3,3,0,47,44,3,4,3,1
59487303,617,298,319,46,18,28,56,26,30,320,159,161,195,95,100
59487304,893,420,473,74,30,44,75,29,46,377,203,174,367,158,209
59488101,1082,528,554,110,49,61,118,52,66,517,262,255,337,165,172
59489002,581,294,287,70,35,35,73,23,50,191,107,84,247,129,118
59491101,592,293,299,57,28,29,125,51,74,218,117,101,192,97,95
59492001,1303,669,634,152,64,88,204,83,121,615,345,270,332,177,155
59493801,80,37,43,4,2,2,27,12,15,20,10,10,29,13,16
59493802,516,284,232,48,30,18,97,45,52,147,74,73,224,135,89
59494601,568,295,273,47,23,24,121,62,59,209,114,95,191,96,95
59495401,118,54,64,10,3,7,14,4,10,45,24,21,49,23,26
59497101,533,270,263,50,26,24,160,74,86,161,85,76,162,85,77
59498901,193,87,106,16,7,9,33,12,21,70,37,33,74,31,43
59499701,416,206,210,38,21,17,57,19,38,157,85,72,164,81,83
59500401,278,136,142,38,23,15,35,14,21,110,53,57,95,46,49
59500403,57,33,24,10,4,6,10,5,5,14,9,5,23,15,8
59501201,73,37,36,6,3,3,15,7,8,28,15,13,24,12,12
59502101,1291,663,628,157,71,86,285,124,161,501,281,220,348,187,161
59503901,33,13,20,4,2,2,2,1,1,23,8,15,4,2,2
59503902,352,183,169,26,12,14,46,19,27,167,98,69,113,54,59
59504701,49,24,25,10,6,4,10,3,7,20,10,10,9,5,4
59504702,405,207,198,37,16,21,114,55,59,159,89,70,95,47,48
59504703,407,205,202,52,22,30,72,33,39,151,87,64,132,63,69
54532501,377,181,196,29,11,18,66,22,44,164,87,77,118,61,57
59505501,672,352,320,72,35,37,142,64,78,254,145,109,204,108,96
59506301,67,36,31,7,5,2,19,7,12,23,14,9,18,10,8
59507101,1076,540,536,137,66,71,351,154,197,328,180,148,260,140,120
59508001,229,115,114,22,11,11,74,30,44,73,45,28,60,29,31
55001901,198,87,111,26,13,13,28,10,18,83,33,50,61,31,30
3260890,0,0,0,0,0,0,0,0,0,0,0,0,0,0,0
59509802,56,27,29,8,3,5,10,5,5,29,15,14,9,4,5
59509803,682,350,332,68,33,35,104,48,56,281,155,126,229,114,115
59510102,264,131,133,28,14,14,50,19,31,98,48,50,88,50,38
59511001,272,139,133,36,18,18,44,19,25,106,61,45,86,41,45
1988380,0,0,0,0,0,0,0,0,0,0,0,0,0,0,0
59512801,148,71,77,14,5,9,3,1,2,90,48,42,41,17,24
59512802,988,509,479,85,32,53,140,60,80,446,258,188,317,159,158
59513601,166,88,78,11,6,5,20,8,12,84,49,35,51,25,26
59514401,94,43,51,13,7,6,24,7,17,30,14,16,27,15,12
59515201,154,75,79,11,3,8,18,7,11,54,32,22,71,33,38
59516101,35,17,18,16,8,8,7,3,4,2,2,0,10,4,6
1935850,0,0,0,0,0,0,0,0,0,0,0,0,0,0,0
59371101,114,55,59,14,5,9,3,2,1,77,37,40,20,11,9
59371102,383,187,196,39,17,22,56,24,32,161,86,75,127,60,67
59371103,187,90,97,28,11,17,25,12,13,86,45,41,48,22,26
59371104,158,77,81,15,6,9,35,16,19,55,32,23,53,23,30
59371105,397,203,194,40,18,22,83,39,44,133,76,57,141,70,71
59371106,340,174,166,47,19,28,43,19,24,160,90,70,90,46,44
59371107,78,37,41,11,6,5,6,3,3,38,15,23,23,13,10
59371109,1221,610,611,145,68,77,136,52,84,594,318,276,346,172,174
59371110,4224,2051,2173,435,187,248,551,245,306,1984,1004,980,1254,615,639
59371112,721,339,382,69,22,47,101,43,58,342,174,168,209,100,109
59371113,129,64,65,15,6,9,27,13,14,47,25,22,40,20,20
59371114,6085,2824,3261,631,263,368,790,289,501,2962,1488,1474,1702,784,918
59371115,1534,714,820,161,71,90,199,82,117,707,350,357,467,211,256
59371116,676,295,381,67,30,37,130,37,93,286,143,143,193,85,108
59371117,294,141,153,38,14,24,55,22,33,119,66,53,82,39,43
59371118,3885,1802,2083,439,176,263,503,212,291,1759,863,896,1184,551,633
59371119,174,77,97,16,7,9,25,8,17,79,37,42,54,25,29
59371120,277,225,52,49,36,13,41,32,9,111,96,15,76,61,15
59371121,1595,761,834,159,79,80,183,71,112,820,386,434,433,225,208
59371122,90,46,44,8,5,3,15,7,8,44,22,22,23,12,11
59371123,371,176,195,57,28,29,61,26,35,151,72,79,102,50,52
59371124,2215,1025,1190,183,67,116,266,103,163,1056,530,526,710,325,385
59371125,1403,643,760,159,65,94,161,46,115,648,326,322,435,206,229
59371126,273,141,132,29,14,15,18,9,9,124,67,57,102,51,51
59371127,127,64,63,7,6,1,9,2,7,64,35,29,47,21,26
59371128,2715,1451,1264,255,117,138,314,143,171,1062,567,495,1084,624,460
59371129,144,75,69,28,13,15,23,13,10,60,36,24,33,13,20
59371131,525,281,244,50,23,27,94,55,39,251,134,117,130,69,61
59371132,213,102,111,24,10,14,16,9,7,119,61,58,54,22,32
59371133,3188,1439,1749,381,140,241,491,187,304,1354,649,705,962,463,499
59517901,297,147,150,28,12,16,62,28,34,112,63,49,95,44,51
59518701,355,183,172,50,24,26,102,49,53,71,44,27,132,66,66
59519501,263,137,126,16,6,10,54,22,32,110,63,47,83,46,37
52391701,733,365,368,58,23,35,72,32,40,400,210,190,203,100,103
52391703,845,438,407,69,37,32,122,52,70,411,219,192,243,130,113
52391704,22,11,11,4,2,2,7,2,5,5,3,2,6,4,2
52489101,675,343,332,67,26,41,70,30,40,299,157,142,239,130,109
52489102,63,33,30,6,3,3,3,2,1,23,13,10,31,15,16
52489103,22,15,7,0,0,0,4,2,2,15,10,5,3,3,0
52489104,23,11,12,2,0,2,1,0,1,14,9,5,6,2,4
52522701,27,10,17,9,3,6,1,0,1,10,5,5,7,2,5
52522702,67,38,29,0,0,0,6,3,3,11,4,7,50,31,19
52522703,214,107,107,15,6,9,37,17,20,27,15,12,135,69,66
52522704,62,35,27,7,4,3,2,1,1,31,20,11,22,10,12
53349102,58,31,27,13,7,6,7,4,3,28,15,13,10,5,5
53349104,458,232,226,56,19,37,40,19,21,214,119,95,148,75,73
56935601,2332,1144,1188,212,101,111,297,117,180,1158,575,583,665,351,314
55330101,136,63,73,16,7,9,15,5,10,61,33,28,44,18,26
55330102,227,109,118,30,15,15,35,15,20,88,44,44,74,35,39
1983400,0,0,0,0,0,0,0,0,0,0,0,0,0,0,0
53614802,219,107,112,18,9,9,17,5,12,129,67,62,55,26,29
53614803,54,29,25,5,3,2,15,5,10,23,16,7,11,5,6
53614804,56,29,27,11,3,8,1,1,0,22,13,9,22,12,10
53614805,25,14,11,4,3,1,3,2,1,7,2,5,11,7,4
53614807,1029,500,529,111,54,57,143,55,88,453,225,228,322,166,156
53614809,1111,533,578,104,48,56,131,50,81,554,275,279,322,160,162
0588580,0,0,0,0,0,0,0,0,0,0,0,0,0,0,0
0588740,0,0,0,0,0,0,0,0,0,0,0,0,0,0,0
0589120,0,0,0,0,0,0,0,0,0,0,0,0,0,0,0
3406690,0,0,0,0,0,0,0,0,0,0,0,0,0,0,0
3406850,0,0,0,0,0,0,0,0,0,0,0,0,0,0,0
53638501,775,388,387,82,33,49,46,20,26,430,233,197,217,102,115
53638502,148,76,72,9,6,3,8,4,4,93,48,45,38,18,20
53638503,623,296,327,62,25,37,89,42,47,325,160,165,147,69,78
53638504,63,30,33,5,2,3,2,1,1,39,19,20,17,8,9
53638505,65,32,33,10,4,6,14,6,8,20,11,9,21,11,10
53638506,938,440,498,64,27,37,91,31,60,513,247,266,270,135,135
53638507,30,17,13,3,0,3,0,0,0,23,14,9,4,3,1
53638508,142,70,72,13,7,6,17,9,8,80,39,41,32,15,17
53638509,743,340,403,65,24,41,67,25,42,399,202,197,212,89,123
53638511,1463,746,717,109,40,69,98,48,50,765,375,390,491,283,208
53638512,104,52,52,16,9,7,9,5,4,34,14,20,45,24,21
53638513,356,169,187,33,14,19,31,7,24,148,76,72,144,72,72
53638514,120,57,63,20,5,15,16,7,9,51,27,24,33,18,15
53638515,711,384,327,78,42,36,69,35,34,389,222,167,175,85,90
53638516,25,12,13,5,3,2,4,2,2,6,2,4,10,5,5
53638517,476,238,238,52,22,30,49,21,28,253,133,120,122,62,60
53638518,1820,810,1010,185,75,110,186,66,120,942,421,521,507,248,259
53638519,1941,897,1044,168,58,110,218,87,131,995,480,515,560,272,288
55721801,366,166,200,23,9,14,85,26,59,159,91,68,99,40,59
54003002,294,151,143,23,12,11,35,17,18,149,77,72,87,45,42
54003003,1674,817,857,149,60,89,126,46,80,870,445,425,529,266,263
54038201,28,11,17,1,1,0,3,0,3,21,9,12,3,1,2
54038202,51,29,22,8,5,3,5,1,4,22,14,8,16,9,7
54038204,1993,992,1001,168,67,101,227,97,130,977,495,482,621,333,288
54038205,306,156,150,30,18,12,36,12,24,148,79,69,92,47,45
1162112,0,0,0,0,0,0,0,0,0,0,0,0,0,0,0
56933001,126,64,62,14,8,6,10,3,7,61,36,25,41,17,24
56933002,28,15,13,2,2,0,2,0,2,19,11,8,5,2,3
56933003,26,18,8,4,1,3,8,6,2,12,9,3,2,2,0
54068402,786,389,397,73,30,43,103,42,61,363,187,176,247,130,117
54068403,129,68,61,18,8,10,15,8,7,52,27,25,44,25,19
55348401,51,24,27,5,1,4,8,4,4,18,10,8,20,9,11
55348402,88,41,47,5,2,3,26,10,16,30,14,16,27,15,12
55348403,130,63,67,13,6,7,25,11,14,59,28,31,33,18,15
55348404,363,186,177,34,15,19,50,20,30,170,91,79,109,60,49
55348406,38,20,18,0,0,0,16,9,7,13,7,6,9,4,5
54103601,191,105,86,20,10,10,16,6,10,89,52,37,66,37,29
54103602,24,10,14,1,0,1,1,1,0,13,7,6,9,2,7
54103603,345,174,171,29,9,20,39,15,24,180,103,77,97,47,50
54111701,611,315,296,58,26,32,76,31,45,299,160,139,178,98,80
54121401,43,21,22,2,0,2,10,5,5,20,8,12,11,8,3
54121402,43,21,22,5,3,2,4,0,4,16,10,6,18,8,10
54121403,337,172,165,42,18,24,28,10,18,162,88,74,105,56,49
54121404,54,27,27,6,1,5,8,4,4,35,18,17,5,4,1
54124901,21,10,11,5,2,3,6,3,3,1,1,0,9,4,5
54124903,1114,580,534,97,41,56,122,51,71,572,311,261,323,177,146
55346801,64,30,34,9,5,4,5,4,1,30,15,15,20,6,14
55346802,318,169,149,21,9,12,12,4,8,162,91,71,123,65,58
55346803,187,96,91,8,3,5,42,21,21,83,43,40,54,29,25
55346804,108,46,62,7,3,4,10,4,6,55,22,33,36,17,19
56945301,20,10,10,1,0,1,6,5,1,11,4,7,2,1,1
56945302,41,21,20,3,0,3,3,2,1,25,14,11,10,5,5
56945303,427,224,203,30,14,16,46,14,32,223,123,100,128,73,55
54130301,1134,547,587,115,50,65,110,45,65,494,249,245,415,203,212
54130302,25,12,13,3,2,1,3,1,2,13,6,7,6,3,3
54134601,46,23,23,7,3,4,7,3,4,13,9,4,19,8,11
54134603,326,164,162,35,13,22,52,23,29,121,64,57,118,64,54
59799601,45,25,20,10,5,5,6,3,3,24,14,10,5,3,2
59799603,243,125,118,25,12,13,14,4,10,146,71,75,58,38,20
59799604,81,44,37,11,6,5,11,5,6,45,24,21,14,9,5
59799605,33,16,17,7,4,3,10,4,6,11,5,6,5,3,2
59799606,27,9,18,7,3,4,3,0,3,16,5,11,1,1,0
59799607,2984,1496,1488,234,88,146,200,86,114,1533,802,731,1017,520,497
54157502,163,82,81,9,2,7,5,3,2,89,46,43,60,31,29
54157503,894,436,458,72,30,42,76,27,49,421,216,205,325,163,162
54157504,44,23,21,1,1,0,5,1,4,22,9,13,16,12,4
55235601,457,226,231,30,11,19,34,15,19,245,119,126,148,81,67
50052601,1017,533,484,97,50,47,112,53,59,469,248,221,339,182,157
50052602,1254,627,627,116,44,72,155,75,80,602,313,289,381,195,186
50062301,158,86,72,8,4,4,18,9,9,85,49,36,47,24,23
50062302,121,59,62,17,8,9,26,10,16,48,24,24,30,17,13
50062303,139,74,65,20,10,10,53,26,27,32,20,12,34,18,16
50062304,92,45,47,3,0,3,15,7,8,41,20,21,33,18,15
50062305,166,88,78,15,7,8,15,5,10,82,50,32,54,26,28
50062306,33,16,17,3,2,1,7,2,5,16,9,7,7,3,4
50062307,119,56,63,11,3,8,14,4,10,54,33,21,40,16,24
50062308,278,144,134,37,15,22,30,12,18,145,81,64,66,36,30
55206201,237,124,113,19,6,13,83,41,42,55,31,24,80,46,34
50080101,582,293,289,62,24,38,80,34,46,261,141,120,179,94,85
50080102,65,39,26,5,2,3,10,4,6,32,23,9,18,10,8
50085201,1121,570,551,115,47,68,162,75,87,500,269,231,344,179,165
50085202,460,233,227,56,27,29,57,31,26,211,108,103,136,67,69
50085203,802,386,416,77,35,42,145,65,80,369,185,184,211,101,110
50086101,35,21,14,10,4,6,7,5,2,11,7,4,7,5,2
50086102,518,259,259,46,20,26,116,54,62,214,107,107,142,78,64
50086104,25,12,13,1,0,1,4,1,3,17,10,7,3,1,2
50086105,115,49,66,11,3,8,18,5,13,37,20,17,49,21,28
50086106,87,46,41,5,2,3,13,6,7,49,28,21,20,10,10
50086107,72,35,37,8,4,4,12,3,9,17,10,7,35,18,17
50086108,46,24,22,8,4,4,14,6,8,14,9,5,10,5,5
50086110,80,41,39,9,6,3,6,2,4,37,21,16,28,12,16
50086111,43,20,23,3,2,1,12,6,6,23,9,14,5,3,2
50086112,89,53,36,8,5,3,12,6,6,54,29,25,15,13,2
50086113,136,75,61,18,11,7,32,18,14,39,22,17,47,24,23
50086114,179,86,93,9,5,4,13,3,10,85,44,41,72,34,38
55240201,640,330,310,62,34,28,115,50,65,256,142,114,207,104,103
50087901,647,327,320,67,28,39,62,27,35,298,156,142,220,116,104
50087902,195,97,98,21,10,11,27,11,16,109,56,53,38,20,18
54702601,979,494,485,108,46,62,158,76,82,441,226,215,272,146,126
55218601,1490,724,766,122,52,70,241,101,140,608,317,291,519,254,265
55244501,600,295,305,53,25,28,79,31,48,303,163,140,165,76,89
50147601,299,147,152,32,12,20,24,9,15,154,76,78,89,50,39
50147602,1348,680,668,136,67,69,126,49,77,784,402,382,302,162,140
50147603,39,19,20,4,1,3,1,0,1,25,13,12,9,5,4
50147604,27,13,14,0,0,0,3,1,2,20,9,11,4,3,1
50147605,195,99,96,30,14,16,11,6,5,83,47,36,71,32,39
50164601,70,36,34,11,3,8,6,2,4,38,20,18,15,11,4
50164602,2204,1117,1087,198,85,113,356,162,194,1012,544,468,638,326,312
50164603,255,123,132,35,14,21,37,18,19,113,53,60,70,38,32
50164604,222,110,112,24,11,13,29,16,13,111,54,57,58,29,29
50164605,31,15,16,0,0,0,3,2,1,21,9,12,7,4,3
56839201,1293,639,654,165,81,84,287,134,153,509,262,247,332,162,170
54527901,450,225,225,41,21,20,29,11,18,234,120,114,146,73,73
55231301,318,167,151,19,11,8,25,9,16,147,81,66,127,66,61
50175101,967,496,471,94,46,48,145,60,85,437,234,203,291,156,135
50175102,41,21,20,14,4,10,4,1,3,9,6,3,14,10,4
50175103,117,62,55,17,11,6,20,10,10,36,19,17,44,22,22
50175104,348,186,162,53,20,33,66,34,32,119,76,43,110,56,54
50175105,258,123,135,40,19,21,51,20,31,114,58,56,53,26,27
50179401,413,205,208,55,26,29,48,17,31,202,106,96,108,56,52
50179402,183,89,94,21,11,10,18,6,12,85,40,45,59,32,27
50179403,938,457,481,102,42,60,181,82,99,364,188,176,291,145,146
55207101,268,129,139,27,14,13,82,38,44,80,41,39,79,36,43
50184101,1473,717,756,172,81,91,177,80,97,686,332,354,438,224,214
55217801,335,165,170,41,22,19,57,17,40,174,97,77,63,29,34
55217802,91,51,40,5,3,2,18,8,10,35,21,14,33,19,14
55233001,234,119,115,9,5,4,58,28,30,125,68,57,42,18,24
50214601,1423,687,736,127,57,70,117,53,64,754,382,372,425,195,230
50214602,603,316,287,53,17,36,50,26,24,335,178,157,165,95,70
50214603,301,146,155,28,12,16,19,8,11,100,59,41,154,67,87
50214604,1717,832,885,171,80,91,171,76,95,898,455,443,477,221,256
50214605,98,52,46,4,1,3,13,6,7,51,28,23,30,17,13
55202001,1018,515,503,87,42,45,117,57,60,514,257,257,300,159,141
50223501,1808,903,905,183,96,87,236,107,129,829,407,422,560,293,267
50240501,621,306,315,59,31,28,97,36,61,266,145,121,199,94,105
50254501,2021,1010,1011,166,79,87,249,109,140,1065,556,509,541,266,275
50254502,504,263,241,38,21,17,45,15,30,299,161,138,122,66,56
56979802,300,149,151,23,9,14,20,9,11,149,70,79,108,61,47
54697601,133,73,60,7,3,4,17,9,8,64,34,30,45,27,18
59741401,122,59,63,20,9,11,6,3,3,60,33,27,36,14,22
59741402,415,211,204,22,9,13,34,14,20,200,97,103,159,91,68
56887201,178,81,97,16,8,8,55,22,33,74,35,39,33,16,17
56887202,290,141,149,29,14,15,51,24,27,130,61,69,80,42,38
56887203,403,203,200,48,23,25,96,46,50,148,76,72,111,58,53
50283901,693,343,350,84,40,44,145,55,90,267,148,119,197,100,97
50314201,570,286,284,72,28,44,60,28,32,281,141,140,157,89,68
54712301,257,114,143,20,8,12,33,19,14,65,40,25,139,47,92
50013501,80,38,42,11,3,8,7,4,3,42,21,21,20,10,10
50013502,76,44,32,4,1,3,2,0,2,48,28,20,22,15,7
50013503,64,30,34,5,3,2,1,1,0,31,14,17,27,12,15
50330401,528,266,262,47,19,28,109,40,69,216,123,93,156,84,72
50330402,307,149,158,23,10,13,39,20,19,138,65,73,107,54,53
55243701,488,232,256,50,23,27,59,22,37,241,115,126,138,72,66
55490101,240,120,120,17,10,7,32,14,18,132,67,65,59,29,30
55490102,1516,746,770,143,69,74,199,90,109,736,371,365,438,216,222
3305150,0,0,0,0,0,0,0,0,0,0,0,0,0,0,0
3305230,0,0,0,0,0,0,0,0,0,0,0,0,0,0,0
3305740,0,0,0,0,0,0,0,0,0,0,0,0,0,0,0
3900710,0,0,0,0,0,0,0,0,0,0,0,0,0,0,0
3901940,0,0,0,0,0,0,0,0,0,0,0,0,0,0,0
3902590,0,0,0,0,0,0,0,0,0,0,0,0,0,0,0
56900301,81,40,41,4,2,2,14,9,5,24,14,10,39,15,24
56900302,521,261,260,51,22,29,56,24,32,254,127,127,160,88,72
55230501,49,26,23,4,2,2,9,5,4,20,12,8,16,7,9
55230502,109,62,47,8,4,4,13,7,6,56,33,23,32,18,14
54000501,184,93,91,27,9,18,25,13,12,70,39,31,62,32,30
3068010,0,0,0,0,0,0,0,0,0,0,0,0,0,0,0
3068190,0,0,0,0,0,0,0,0,0,0,0,0,0,0,0
3287070,0,0,0,0,0,0,0,0,0,0,0,0,0,0,0
3287150,0,0,0,0,0,0,0,0,0,0,0,0,0,0,0
50344401,254,126,128,23,11,12,50,25,25,102,54,48,79,36,43
50344402,213,112,101,14,7,7,33,15,18,119,66,53,47,24,23
50344403,394,198,196,38,17,21,82,36,46,175,97,78,99,48,51
50344404,438,220,218,41,18,23,56,29,27,210,114,96,131,59,72
50344405,204,100,104,25,12,13,24,10,14,85,44,41,70,34,36
50344406,91,45,46,18,8,10,13,4,9,44,22,22,16,11,5
50344408,129,66,63,9,6,3,34,14,20,51,29,22,35,17,18
50344409,205,96,109,17,7,10,22,9,13,118,55,63,48,25,23
50344410,243,115,128,31,13,18,50,24,26,91,42,49,71,36,35
50344411,378,184,194,39,14,25,59,29,30,167,86,81,113,55,58
50344413,190,90,100,11,6,5,7,2,5,101,47,54,71,35,36
50344414,134,65,69,15,7,8,25,13,12,63,30,33,31,15,16
50344415,29,16,13,2,1,1,5,4,1,7,2,5,15,9,6
50344416,325,155,170,35,15,20,32,12,20,174,91,83,84,37,47
50344417,1898,917,981,163,76,87,249,98,151,925,469,456,561,274,287
50344418,2056,977,1079,160,67,93,255,97,158,1000,493,507,641,320,321
50344419,1125,570,555,139,47,92,128,43,85,412,230,182,446,250,196
50344420,778,367,411,59,30,29,126,58,68,396,197,199,197,82,115
50344423,47,27,20,6,3,3,6,3,3,22,14,8,13,7,6
50344424,328,154,174,14,5,9,54,25,29,135,65,70,125,59,66
55223201,617,319,298,69,37,32,136,51,85,229,131,98,183,100,83
55203801,196,100,96,23,10,13,28,13,15,71,39,32,74,38,36
55221601,466,227,239,56,25,31,77,36,41,184,93,91,149,73,76
50362201,22,11,11,3,1,2,6,3,3,8,6,2,5,1,4
50362202,42,23,19,3,2,1,4,3,1,13,6,7,22,12,10
50362203,529,247,282,57,22,35,89,38,51,194,99,95,189,88,101
50362204,26,16,10,2,1,1,10,5,5,8,6,2,6,4,2
50362205,153,73,80,11,6,5,32,13,19,33,20,13,77,34,43
50362206,74,40,34,14,6,8,13,7,6,20,9,11,27,18,9
50365701,43,29,14,2,1,1,6,4,2,24,16,8,11,8,3
50365702,2227,1115,1112,186,83,103,308,145,163,1014,515,499,719,372,347
50365703,773,379,394,68,31,37,102,38,64,381,203,178,222,107,115
56984401,386,191,195,28,10,18,23,12,11,215,108,107,120,61,59
50373801,1148,573,575,101,41,60,148,65,83,572,290,282,327,177,150
55237201,181,85,96,18,8,10,18,6,12,94,49,45,51,22,29
55237202,252,133,119,28,13,15,15,8,7,119,62,57,90,50,40
55237203,999,503,496,74,25,49,142,49,93,461,255,206,322,174,148
55237204,141,65,76,6,2,4,58,22,36,48,25,23,29,16,13
56891101,252,119,133,23,9,14,68,34,34,90,46,44,71,30,41
3305310,0,0,0,0,0,0,0,0,0,0,0,0,0,0,0
3305400,0,0,0,0,0,0,0,0,0,0,0,0,0,0,0
50016001,441,229,212,28,14,14,29,13,16,278,146,132,106,56,50
50016002,88,49,39,13,7,6,3,0,3,32,21,11,40,21,19
50424601,421,213,208,36,15,21,69,31,38,202,106,96,114,61,53
50424603,231,117,114,19,9,10,30,12,18,105,54,51,77,42,35
50424604,102,92,10,0,0,0,0,0,0,9,7,2,93,85,8
55234801,573,298,275,51,28,23,70,32,38,294,154,140,158,84,74
55234802,101,51,50,7,3,4,6,2,4,42,20,22,46,26,20
59767801,29,16,13,5,2,3,1,1,0,18,11,7,5,2,3
59767802,2549,1278,1271,224,95,129,242,92,150,1222,657,565,861,434,427
59767803,30,18,12,2,1,1,2,1,1,17,10,7,9,6,3
59767804,82,40,42,22,11,11,1,1,0,28,14,14,31,14,17
59767805,95,49,46,2,1,1,11,6,5,55,31,24,27,11,16
55494401,164,87,77,5,1,4,12,7,5,90,47,43,57,32,25
55494402,489,244,245,35,15,20,49,14,35,250,136,114,155,79,76
54709301,48,26,22,6,2,4,3,1,2,15,8,7,24,15,9
50444102,114,56,58,6,3,3,18,8,10,51,28,23,39,17,22
50444103,353,170,183,41,20,21,62,27,35,168,86,82,82,37,45
50444104,961,470,491,79,29,50,172,70,102,429,222,207,281,149,132
50450501,116,68,48,5,1,4,28,16,12,49,28,21,34,23,11
50450502,2011,979,1032,205,81,124,326,131,195,862,442,420,618,325,293
59768601,102,55,47,6,3,3,4,0,4,65,35,30,27,17,10
59768602,21,10,11,0,0,0,3,1,2,9,6,3,9,3,6
59768604,120,65,55,14,7,7,8,2,6,46,26,20,52,30,22
55238101,393,195,198,33,17,16,74,28,46,192,107,85,94,43,51
55238102,318,162,156,25,10,15,28,11,17,169,95,74,96,46,50
55225901,220,105,115,13,8,5,41,14,27,89,42,47,77,41,36
1106550,0,0,0,0,0,0,0,0,0,0,0,0,0,0,0
3052010,0,0,0,0,0,0,0,0,0,0,0,0,0,0,0
3052940,0,0,0,0,0,0,0,0,0,0,0,0,0,0,0
3053160,0,0,0,0,0,0,0,0,0,0,0,0,0,0,0
3207060,0,0,0,0,0,0,0,0,0,0,0,0,0,0,0
50049601,1340,659,681,140,67,73,205,95,110,622,314,308,373,183,190
50049602,634,328,306,62,24,38,48,29,19,305,169,136,219,106,113
50049603,79,42,37,7,4,3,4,2,2,39,23,16,29,13,16
50049604,3117,1539,1578,346,166,180,348,166,182,1518,766,752,905,441,464
50049606,418,211,207,46,27,19,65,39,26,179,86,93,128,59,69
50049607,1070,530,540,88,37,51,94,39,55,600,312,288,288,142,146
50049608,801,371,430,91,40,51,164,69,95,335,155,180,211,107,104
50049609,732,372,360,76,35,41,122,59,63,307,161,146,227,117,110
50049610,538,272,266,40,17,23,53,23,30,311,167,144,134,65,69
50049611,1312,649,663,111,53,58,145,71,74,710,352,358,346,173,173
50049613,1341,622,719,142,61,81,159,68,91,685,329,356,355,164,191
50049614,446,224,222,49,19,30,58,27,31,218,109,109,121,69,52
50049615,25,12,13,4,2,2,0,0,0,15,7,8,6,3,3
50049617,985,481,504,95,39,56,122,51,71,515,260,255,253,131,122
50049618,5871,2786,3085,629,261,368,790,325,465,2909,1452,1457,1543,748,795
50049619,643,314,329,58,33,25,122,58,64,317,156,161,146,67,79
50049620,1996,966,1030,215,89,126,222,97,125,1058,531,527,501,249,252
50049621,217,102,115,43,16,27,19,11,8,96,44,52,59,31,28
50049623,1927,853,1074,195,81,114,246,97,149,942,433,509,544,242,302
50049624,1871,914,957,210,94,116,306,143,163,749,376,373,606,301,305
50049625,3464,1593,1871,326,127,199,423,168,255,1702,829,873,1013,469,544
50049626,1666,764,902,201,95,106,240,85,155,741,359,382,484,225,259
50049628,3899,1773,2126,447,181,266,547,221,326,1862,882,980,1043,489,554
50049629,850,375,475,102,34,68,113,43,70,376,190,186,259,108,151
50049630,28,17,11,5,3,2,3,2,1,15,7,8,5,5,0
50049631,93,56,37,8,4,4,15,9,6,42,25,17,28,18,10
50049632,61,31,30,6,5,1,3,0,3,26,12,14,26,14,12
50049633,3014,1406,1608,308,119,189,475,200,275,1398,687,711,833,400,433
50049634,499,240,259,51,21,30,56,23,33,248,125,123,144,71,73
50049635,72,34,38,5,2,3,11,3,8,41,23,18,15,6,9
50049636,48,33,15,6,5,1,4,3,1,24,18,6,14,7,7
50049637,1904,839,1065,164,77,87,423,153,270,814,378,436,503,231,272
50049638,39,29,10,11,8,3,3,2,1,17,14,3,8,5,3
50049640,335,156,179,31,11,20,57,26,31,148,70,78,99,49,50
50049641,947,462,485,131,62,69,91,39,52,494,242,252,231,119,112
50049642,484,245,239,38,18,20,39,16,23,271,141,130,136,70,66
50049643,34,32,2,0,0,0,2,2,0,24,24,0,8,6,2
50049644,737,365,372,81,38,43,99,54,45,370,185,185,187,88,99
50049645,1786,857,929,209,92,117,163,79,84,933,462,471,481,224,257
50049646,104,49,55,8,1,7,10,5,5,61,31,30,25,12,13
50049647,382,186,196,45,28,17,48,19,29,173,87,86,116,52,64
50049648,43,27,16,4,3,1,4,3,1,16,11,5,19,10,9
50049651,2804,1338,1466,294,138,156,309,141,168,1401,689,712,800,370,430
50049652,361,172,189,42,15,27,53,25,28,191,93,98,75,39,36
50049653,475,243,232,38,15,23,55,27,28,285,152,133,97,49,48
50049654,187,94,93,25,5,20,17,10,7,77,40,37,68,39,29
50049655,647,325,322,78,33,45,95,48,47,272,150,122,202,94,108
50049656,967,451,516,118,50,68,159,61,98,429,203,226,261,137,124
50049657,94,47,47,8,4,4,11,2,9,57,31,26,18,10,8
50049658,1741,849,892,199,89,110,218,97,121,898,456,442,426,207,219
50049659,2833,1320,1513,358,150,208,449,190,259,1334,652,682,692,328,364
50049660,827,375,452,84,32,52,92,47,45,474,206,268,177,90,87
50049662,2832,1262,1570,246,95,151,360,131,229,1479,713,766,747,323,424
50049663,102,50,52,5,3,2,11,6,5,62,31,31,24,10,14
50049664,2688,1254,1434,333,137,196,436,184,252,1204,583,621,715,350,365
50049665,165,79,86,29,12,17,40,16,24,69,38,31,27,13,14
50049666,3322,1483,1839,343,134,209,444,182,262,1633,773,860,902,394,508
50049667,870,421,449,88,39,49,118,51,67,462,228,234,202,103,99
50049668,2773,1251,1522,300,119,181,410,157,253,1321,630,691,742,345,397
50049669,291,144,147,38,19,19,49,19,30,128,68,60,76,38,38
50049670,5942,2808,3134,571,259,312,707,306,401,3163,1533,1630,1501,710,791
50049671,4287,2016,2271,408,177,231,483,198,285,2204,1068,1136,1192,573,619
50049672,298,160,138,28,12,16,33,15,18,142,77,65,95,56,39
50049673,22,12,10,1,1,0,1,0,1,10,3,7,10,8,2
50049674,2684,1274,1410,311,130,181,387,176,211,1294,650,644,692,318,374
50049675,883,424,459,98,37,61,106,42,64,399,198,201,280,147,133
50049676,232,103,129,37,10,27,49,20,29,85,45,40,61,28,33
50049677,5724,3251,2473,582,285,297,781,400,381,2069,1147,922,2292,1419,873
50049678,1888,1012,876,226,111,115,305,167,138,812,432,380,545,302,243
50049679,261,129,132,26,14,12,32,15,17,125,59,66,78,41,37
50049680,1366,673,693,143,64,79,169,82,87,701,363,338,353,164,189
50049681,3092,1463,1629,381,167,214,453,206,247,1425,701,724,833,389,444
50049682,249,112,137,42,16,26,29,12,17,130,61,69,48,23,25
50049683,6590,3029,3561,647,257,390,758,338,420,3389,1638,1751,1796,796,1000
50049684,136,54,82,15,7,8,23,9,14,56,20,36,42,18,24
50049685,1402,661,741,162,77,85,149,54,95,735,361,374,356,169,187
50049686,1176,551,625,109,45,64,116,56,60,618,293,325,333,157,176
50478501,29,17,12,1,0,1,2,1,1,19,13,6,7,3,4
50478502,284,141,143,16,6,10,27,6,21,135,69,66,106,60,46
50478503,1000,512,488,92,49,43,112,54,58,497,258,239,299,151,148
55216001,994,498,496,108,55,53,172,73,99,418,213,205,296,157,139
55241101,49,23,26,3,2,1,10,3,7,16,9,7,20,9,11
55241102,1388,721,667,129,63,66,167,72,95,663,367,296,429,219,210
50501301,333,160,173,34,16,18,23,11,12,176,82,94,100,51,49
50501302,952,465,487,88,41,47,115,47,68,422,215,207,327,162,165
55410301,184,103,81,20,7,13,22,14,8,99,56,43,43,26,17
54707701,1343,656,687,142,62,80,220,89,131,644,332,312,337,173,164
50508101,228,111,117,26,12,14,54,26,28,92,48,44,56,25,31
50508102,1268,623,645,111,45,66,269,119,150,526,269,257,362,190,172
50508103,211,106,105,21,14,7,48,22,26,79,35,44,63,35,28
55226701,331,157,174,24,7,17,85,35,50,136,73,63,86,42,44
55215101,1116,543,573,132,48,84,150,72,78,493,260,233,341,163,178
50511101,366,190,176,45,19,26,58,25,33,154,88,66,109,58,51
50511102,1164,592,572,135,56,79,190,77,113,548,301,247,291,158,133
55219401,188,95,93,19,8,11,38,16,22,58,30,28,73,41,32
56905401,158,84,74,24,11,13,42,23,19,39,22,17,53,28,25
54701801,582,309,273,34,16,18,66,29,37,278,142,136,204,122,82
56977101,163,78,85,4,0,4,45,18,27,64,33,31,50,27,23
55242901,225,119,106,19,9,10,36,18,18,89,49,40,81,43,38
55201101,824,421,403,81,43,38,116,49,67,380,203,177,247,126,121
50516101,108,47,61,14,7,7,6,2,4,61,30,31,27,8,19
50516102,107,54,53,7,3,4,34,19,15,36,17,19,30,15,15
50516104,362,174,188,45,21,24,54,26,28,169,80,89,94,47,47
50516105,307,152,155,20,7,13,49,23,26,159,83,76,79,39,40
50516106,2444,1189,1255,252,103,149,241,102,139,1225,625,600,726,359,367
50516107,61,31,30,8,4,4,10,4,6,30,17,13,13,6,7
1636510,0,0,0,0,0,0,0,0,0,0,0,0,0,0,0
3417970,0,0,0,0,0,0,0,0,0,0,0,0,0,0,0
50518801,90,47,43,3,1,2,5,1,4,38,16,22,44,29,15
50518802,30,18,12,4,2,2,0,0,0,22,13,9,4,3,1
50518803,136,79,57,19,9,10,10,4,6,58,41,17,49,25,24
50518804,144,69,75,16,7,9,7,3,4,71,33,38,50,26,24
50518805,104,54,50,9,5,4,23,11,12,46,25,21,26,13,13
50518806,978,452,526,107,44,63,104,33,71,495,246,249,272,129,143
50518807,1305,606,699,130,52,78,137,53,84,642,312,330,396,189,207
50518808,1448,640,808,154,60,94,153,50,103,686,322,364,455,208,247
50518809,1094,562,532,92,36,56,71,28,43,491,243,248,440,255,185
50518810,139,66,73,12,6,6,10,6,4,68,32,36,49,22,27
50518811,47,26,21,11,7,4,2,1,1,28,16,12,6,2,4
50518812,108,49,59,6,3,3,7,2,5,51,25,26,44,19,25
50518813,1746,856,890,178,76,102,152,69,83,835,413,422,581,298,283
50518815,857,409,448,74,37,37,99,38,61,493,245,248,191,89,102
50518816,757,353,404,81,34,47,85,39,46,389,183,206,202,97,105
50518817,299,148,151,21,9,12,68,33,35,158,80,78,52,26,26
50518818,764,373,391,59,21,38,67,23,44,412,209,203,226,120,106
50518819,1095,539,556,93,38,55,110,53,57,618,319,299,274,129,145
50518820,1540,746,794,151,62,89,111,48,63,807,402,405,471,234,237
50518821,44,23,21,5,2,3,0,0,0,24,13,11,15,8,7
50518822,41,26,15,3,1,2,3,2,1,20,15,5,15,8,7
50518823,241,124,117,30,14,16,28,10,18,101,54,47,82,46,36
50521801,312,157,155,22,10,12,28,14,14,169,88,81,93,45,48
50521802,1265,646,619,130,63,67,180,77,103,505,274,231,450,232,218
50526901,257,116,141,16,7,9,54,26,28,125,56,69,62,27,35
50526902,672,354,318,58,27,31,129,61,68,278,148,130,207,118,89
50526903,349,179,170,23,10,13,84,37,47,137,77,60,105,55,50
55208901,618,302,316,64,32,32,85,36,49,315,150,165,154,84,70
50529301,198,98,100,15,6,9,40,19,21,73,43,30,70,30,40
50529302,56,26,30,5,3,2,14,7,7,27,12,15,10,4,6
50529303,236,104,132,28,10,18,29,15,14,137,57,80,42,22,20
50529304,1101,534,567,93,39,54,185,76,109,480,234,246,343,185,158
50529305,155,77,78,8,4,4,18,8,10,97,45,52,32,20,12
50536601,118,62,56,5,2,3,27,13,14,50,27,23,36,20,16
50536602,235,124,111,19,10,9,34,15,19,101,55,46,81,44,37
50536603,112,60,52,13,6,7,6,3,3,56,31,25,37,20,17
50536604,1061,522,539,120,54,66,126,48,78,503,266,237,312,154,158
50536605,153,78,75,25,14,11,25,12,13,56,31,25,47,21,26
50536606,82,40,42,8,4,4,24,10,14,24,13,11,26,13,13
50550101,128,66,62,23,8,15,25,12,13,45,30,15,35,16,19
50550102,223,116,107,19,7,12,18,8,10,104,59,45,82,42,40
50550103,1053,539,514,82,32,50,161,70,91,481,259,222,329,178,151
1745480,0,0,0,0,0,0,0,0,0,0,0,0,0,0,0
1746020,0,0,0,0,0,0,0,0,0,0,0,0,0,0,0
1746290,0,0,0,0,0,0,0,0,0,0,0,0,0,0,0
3405700,0,0,0,0,0,0,0,0,0,0,0,0,0,0,0
50558701,295,140,155,33,12,21,40,9,31,135,71,64,87,48,39
50558702,119,63,56,16,8,8,13,3,10,51,31,20,39,21,18
50558703,112,57,55,11,6,5,11,5,6,59,28,31,31,18,13
50558704,122,61,61,8,2,6,17,8,9,61,33,28,36,18,18
50558705,192,92,100,15,8,7,34,15,19,75,41,34,68,28,40
50558706,204,104,100,21,11,10,29,15,14,90,44,46,64,34,30
50558707,396,198,198,26,7,19,55,22,33,199,103,96,116,66,50
50558709,104,51,53,15,9,6,9,2,7,67,32,35,13,8,5
50558710,215,113,102,18,12,6,24,11,13,100,52,48,73,38,35
50558711,2763,1300,1463,301,117,184,253,102,151,1279,632,647,930,449,481
50558712,1529,750,779,122,48,74,157,64,93,818,422,396,432,216,216
50558713,434,214,220,41,20,21,77,35,42,182,96,86,134,63,71
50558714,36,17,19,4,3,1,0,0,0,30,14,16,2,0,2
50558715,1236,618,618,116,57,59,143,60,83,593,299,294,384,202,182
50558716,448,216,232,53,22,31,40,19,21,240,119,121,115,56,59
50558717,1523,697,826,162,56,106,197,70,127,745,366,379,419,205,214
50558718,1209,641,568,117,59,58,103,38,65,541,284,257,448,260,188
50558719,27,14,13,1,1,0,2,1,1,14,7,7,10,5,5
55236401,451,233,218,38,15,23,86,41,45,168,91,77,159,86,73
50560901,3470,1737,1733,325,153,172,493,214,279,1684,901,783,968,469,499
50565001,345,182,163,30,13,17,57,26,31,143,78,65,115,65,50
50565002,2341,1139,1202,239,102,137,313,132,181,1111,564,547,678,341,337
50565003,349,178,171,42,16,26,60,29,31,159,88,71,88,45,43
50566801,1359,679,680,167,71,96,164,73,91,629,339,290,399,196,203
55211901,375,184,191,37,17,20,105,52,53,142,68,74,91,47,44
55211902,415,212,203,37,17,20,68,24,44,217,122,95,93,49,44
55211903,570,292,278,65,35,30,115,53,62,251,132,119,139,72,67
56896101,418,220,198,44,24,20,116,57,59,136,74,62,122,65,57
55239901,219,102,117,28,16,12,46,20,26,97,43,54,48,23,25
50586201,422,216,206,44,18,26,99,42,57,155,85,70,124,71,53
50676101,261,121,140,42,15,27,25,9,16,124,64,60,70,33,37
58926801,1099,561,538,119,56,63,128,70,58,506,259,247,346,176,170
58927601,39,20,19,4,2,2,4,1,3,28,16,12,3,1,2
58927602,292,157,135,36,13,23,40,23,17,93,55,38,123,66,57
58927603,171,82,89,15,6,9,48,21,27,70,35,35,38,20,18
58928401,292,144,148,31,14,17,33,12,21,115,64,51,113,54,59
58929201,448,196,252,46,20,26,137,47,90,129,60,69,136,69,67
58930601,99,45,54,13,6,7,12,4,8,32,16,16,42,19,23
58930602,27,17,10,1,0,1,5,2,3,16,11,5,5,4,1
58931401,125,64,61,10,6,4,36,15,21,41,24,17,38,19,19
58931402,575,280,295,74,29,45,133,57,76,204,112,92,164,82,82
58931403,80,41,39,8,4,4,6,3,3,20,11,9,46,23,23
58932202,1292,636,656,148,64,84,204,91,113,501,270,231,439,211,228
58932203,126,60,66,22,9,13,10,4,6,54,28,26,40,19,21
58933101,184,100,84,20,10,10,38,17,21,57,35,22,69,38,31
58934901,303,169,134,41,21,20,94,50,44,101,55,46,67,43,24
58934902,65,33,32,8,5,3,13,5,8,26,14,12,18,9,9
58934903,42,19,23,6,2,4,1,0,1,23,12,11,12,5,7
58935701,285,139,146,28,15,13,123,53,70,55,33,22,79,38,41
58936501,481,248,233,74,43,31,61,25,36,201,103,98,145,77,68
58938101,1003,497,506,97,51,46,145,54,91,489,255,234,272,137,135
58939001,489,254,235,66,31,35,62,30,32,188,105,83,173,88,85
58940301,1004,502,502,103,46,57,111,53,58,486,244,242,304,159,145
58940302,121,62,59,11,5,6,14,6,8,58,32,26,38,19,19
58940303,162,75,87,14,5,9,30,12,18,59,26,33,59,32,27
58942001,535,262,273,56,24,32,111,51,60,199,105,94,169,82,87
58943801,330,176,154,33,17,16,79,37,42,120,65,55,98,57,41
58944601,782,392,390,82,38,44,177,78,99,259,139,120,264,137,127
58945401,386,196,190,33,12,21,48,24,24,190,95,95,115,65,50
58945402,114,55,59,9,4,5,23,7,16,59,29,30,23,15,8
58946201,487,252,235,52,31,21,101,43,58,161,83,78,173,95,78
55841901,26,14,12,3,1,2,7,3,4,16,10,6,0,0,0
55841902,1379,689,690,158,76,82,209,90,119,583,302,281,429,221,208
58948901,454,227,227,61,24,37,57,25,32,197,101,96,139,77,62
58949701,219,108,111,27,15,12,59,26,33,61,32,29,72,35,37
54996701,111,57,54,14,8,6,30,13,17,24,13,11,43,23,20
58950102,320,164,156,26,12,14,45,16,29,154,91,63,95,45,50
58951901,667,342,325,92,45,47,195,92,103,122,63,59,258,142,116
58951902,88,43,45,9,8,1,30,13,17,12,7,5,37,15,22
58951903,87,44,43,5,3,2,30,13,17,17,10,7,35,18,17
58952701,221,110,111,26,10,16,49,26,23,68,34,34,78,40,38
58952702,171,80,91,29,14,15,16,6,10,72,34,38,54,26,28
58953501,206,114,92,20,8,12,43,20,23,81,47,34,62,39,23
58954301,691,347,344,81,34,47,93,42,51,279,145,134,238,126,112
58954302,90,48,42,8,3,5,22,12,10,32,17,15,28,16,12
54354301,236,122,114,22,12,10,46,20,26,69,36,33,99,54,45
58956001,388,210,178,51,29,22,104,45,59,115,70,45,118,66,52
58956002,99,47,52,12,4,8,20,7,13,51,27,24,16,9,7
58956003,20,9,11,3,2,1,5,3,2,3,2,1,9,2,7
58956004,113,61,52,13,6,7,32,16,16,40,24,16,28,15,13
58957801,427,221,206,35,18,17,70,32,38,202,110,92,120,61,59
58958601,311,163,148,30,16,14,79,33,46,74,49,25,128,65,63
58959402,336,163,173,38,20,18,106,43,63,99,50,49,93,50,43
58960801,814,394,420,89,43,46,116,56,60,352,165,187,257,130,127
58961601,280,153,127,34,18,16,35,15,20,113,62,51,98,58,40
58962401,90,49,41,12,3,9,22,13,9,26,18,8,30,15,15
58962402,165,87,78,17,9,8,49,22,27,46,24,22,53,32,21
58962404,110,58,52,15,7,8,16,7,9,49,25,24,30,19,11
58962405,40,22,18,2,1,1,9,5,4,12,6,6,17,10,7
58962406,1940,930,1010,215,84,131,413,188,225,700,357,343,612,301,311
58962407,145,73,72,7,2,5,37,13,24,46,28,18,55,30,25
58962408,115,59,56,15,7,8,23,11,12,54,27,27,23,14,9
58963201,2838,1350,1488,273,118,155,461,190,271,1232,618,614,872,424,448
58964101,154,85,69,18,7,11,56,26,30,40,28,12,40,24,16
58964102,103,55,48,5,3,2,35,15,20,42,26,16,21,11,10
58965901,278,141,137,31,9,22,32,11,21,136,74,62,79,47,32
58965902,1258,642,616,149,71,78,201,98,103,530,281,249,378,192,186
58965903,28,15,13,5,1,4,6,2,4,14,10,4,3,2,1
58965904,93,43,50,3,1,2,22,10,12,38,18,20,30,14,16
58966701,545,274,271,44,22,22,92,39,53,219,122,97,190,91,99
58967501,75,41,34,11,4,7,19,10,9,30,17,13,15,10,5
58967502,101,50,51,11,7,4,37,16,21,35,18,17,18,9,9
58967503,89,40,49,8,3,5,22,8,14,19,13,6,40,16,24
58967504,282,139,143,22,13,9,107,52,55,79,37,42,74,37,37
58968301,353,179,174,32,18,14,52,18,34,159,79,80,110,64,46
58969101,197,104,93,22,11,11,59,26,33,67,40,27,49,27,22
58969102,368,188,180,39,20,19,155,75,80,75,44,31,99,49,50
58969103,82,43,39,5,1,4,25,11,14,15,8,7,37,23,14
58969104,23,12,11,1,1,0,13,6,7,6,3,3,3,2,1
58970501,49,21,28,8,4,4,9,2,7,14,9,5,18,6,12
58970502,175,79,96,14,6,8,55,18,37,57,31,26,49,24,25
58970503,68,40,28,4,1,3,17,11,6,25,17,8,22,11,11
58970504,67,35,32,3,2,1,21,9,12,16,8,8,27,16,11
58970505,134,63,71,22,10,12,66,27,39,18,10,8,28,16,12
58971301,367,185,182,29,13,16,116,48,68,114,64,50,108,60,48
58972101,494,264,230,62,34,28,75,38,37,185,100,85,172,92,80
58973001,842,421,421,88,41,47,94,40,54,411,218,193,249,122,127
58973002,570,290,280,74,27,47,64,33,31,273,145,128,159,85,74
58973003,129,61,68,20,11,9,12,7,5,60,29,31,37,14,23
58973004,30,13,17,2,0,2,1,1,0,20,10,10,7,2,5
58974801,103,52,51,12,4,8,18,10,8,43,26,17,30,12,18
58974802,167,89,78,16,10,6,31,18,13,75,37,38,45,24,21
58974803,355,179,176,34,17,17,61,29,32,158,78,80,102,55,47
58975601,1854,908,946,182,85,97,450,198,252,612,321,291,610,304,306
58976401,1414,749,665,118,48,70,309,157,152,574,343,231,413,201,212
58976402,65,39,26,9,4,5,5,3,2,25,17,8,26,15,11
58977201,326,158,168,39,17,22,65,28,37,88,50,38,134,63,71
58979901,270,134,136,28,13,15,44,19,25,117,62,55,81,40,41
58980201,28,15,13,5,3,2,12,6,6,5,3,2,6,3,3
58980202,414,209,205,40,17,23,101,42,59,162,86,76,111,64,47
58981101,184,93,91,13,7,6,83,39,44,42,24,18,46,23,23
58982901,171,80,91,16,7,9,21,8,13,82,42,40,52,23,29
58982902,1606,792,814,139,61,78,220,106,114,737,373,364,510,252,258
58983701,322,172,150,37,20,17,88,41,47,121,70,51,76,41,35
58984502,945,468,477,111,53,58,146,63,83,377,199,178,311,153,158
58984503,340,167,173,40,18,22,73,36,37,123,59,64,104,54,50
58985301,258,135,123,27,14,13,70,28,42,87,56,31,74,37,37
55719601,194,101,93,25,12,13,48,25,23,65,31,34,56,33,23
55719602,64,28,36,4,2,2,8,4,4,23,11,12,29,11,18
58987001,733,368,365,89,39,50,165,75,90,233,129,104,246,125,121
58988801,695,347,348,67,34,33,157,72,85,252,128,124,219,113,106
58989601,1619,793,826,166,72,94,216,91,125,792,413,379,445,217,228
58989602,301,131,170,23,9,14,41,17,24,130,69,61,107,36,71
58989603,143,80,63,20,10,10,31,12,19,65,43,22,27,15,12
58989604,194,98,96,23,7,16,14,6,8,105,58,47,52,27,25
54998301,138,69,69,12,3,9,48,25,23,31,15,16,47,26,21
1335400,0,0,0,0,0,0,0,0,0,0,0,0,0,0,0
3043790,0,0,0,0,0,0,0,0,0,0,0,0,0,0,0
3204120,0,0,0,0,0,0,0,0,0,0,0,0,0,0,0
3204390,0,0,0,0,0,0,0,0,0,0,0,0,0,0,0
3204550,0,0,0,0,0,0,0,0,0,0,0,0,0,0,0
3407070,0,0,0,0,0,0,0,0,0,0,0,0,0,0,0
58925002,1515,745,770,162,75,87,219,106,113,780,397,383,354,167,187
58925004,60,27,33,12,7,5,5,2,3,27,13,14,16,5,11
58925005,1098,525,573,115,48,67,112,47,65,559,293,266,312,137,175
58925007,2318,1106,1212,254,126,128,245,93,152,1132,552,580,687,335,352
58925010,376,176,200,41,18,23,47,15,32,202,108,94,86,35,51
58925011,143,74,69,19,10,9,24,9,15,68,38,30,32,17,15
58925012,3372,1647,1725,347,144,203,455,189,266,1507,800,707,1063,514,549
58925013,337,160,177,34,14,20,56,22,34,130,70,60,117,54,63
58925014,26,13,13,4,3,1,2,1,1,15,6,9,5,3,2
58925015,4860,2257,2603,556,226,330,630,247,383,2302,1137,1165,1372,647,725
58925017,69,41,28,6,5,1,8,3,5,23,11,12,32,22,10
58925018,2335,1035,1300,227,83,144,313,128,185,1137,539,598,658,285,373
58925019,3036,1388,1648,368,162,206,339,125,214,1392,654,738,937,447,490
58925020,3927,1887,2040,488,218,270,495,219,276,1849,925,924,1095,525,570
58925022,349,137,212,59,17,42,63,17,46,143,63,80,84,40,44
58925024,4460,2156,2304,439,196,243,510,209,301,2232,1134,1098,1279,617,662
58925025,2140,1050,1090,221,103,118,201,82,119,1119,561,558,599,304,295
58925026,3916,1754,2162,425,167,258,431,157,274,1940,929,1011,1120,501,619
58925027,2252,1230,1022,203,93,110,249,112,137,866,459,407,934,566,368
58925029,106,60,46,9,2,7,24,13,11,33,23,10,40,22,18
58925030,30,17,13,3,2,1,2,1,1,19,10,9,6,4,2
58925031,2161,959,1202,229,89,140,308,110,198,985,485,500,639,275,364
58925032,2166,1025,1141,243,106,137,299,127,172,1013,494,519,611,298,313
58925033,276,79,197,13,2,11,46,15,31,74,33,41,143,29,114
58925034,58,44,14,8,5,3,8,5,3,31,25,6,11,9,2
58925035,2280,1100,1180,265,107,158,270,123,147,996,500,496,749,370,379
58991801,306,163,143,25,9,16,42,22,20,139,78,61,100,54,46
58992601,1012,496,516,101,57,44,450,204,246,168,95,73,293,140,153
58993401,1073,551,522,109,50,59,211,85,126,406,222,184,347,194,153
58993402,128,65,63,15,7,8,41,21,20,39,22,17,33,15,18
58994201,34,18,16,2,0,2,12,6,6,9,4,5,11,8,3
58994202,714,374,340,73,29,44,241,116,125,190,106,84,210,123,87
58994203,101,55,46,2,1,1,27,12,15,54,31,23,18,11,7
58994204,197,102,95,21,9,12,47,19,28,60,37,23,69,37,32
58995101,194,86,108,21,9,12,45,18,27,74,34,40,54,25,29
58996901,94,48,46,12,3,9,13,8,5,44,24,20,25,13,12
58997701,104,52,52,13,5,8,9,3,6,51,29,22,31,15,16
58997702,534,280,254,60,31,29,129,55,74,178,106,72,167,88,79
50677001,508,253,255,62,28,34,101,46,55,203,100,103,142,79,63
58999301,263,131,132,30,15,15,56,26,30,118,59,59,59,31,28
59000201,305,157,148,32,16,16,51,23,28,109,61,48,113,57,56
59001101,577,293,284,86,47,39,89,41,48,216,111,105,186,94,92
59002901,1539,792,747,159,72,87,213,90,123,656,348,308,511,282,229
59004501,83,49,34,6,4,2,18,10,8,17,13,4,42,22,20
59005301,176,77,99,30,11,19,12,6,6,65,29,36,69,31,38
59005302,366,188,178,51,25,26,39,16,23,151,78,73,125,69,56
3242720,0,0,0,0,0,0,0,0,0,0,0,0,0,0,0
59006101,158,81,77,11,6,5,59,21,38,17,11,6,71,43,28
59007002,117,57,60,7,2,5,19,9,10,46,21,25,45,25,20
59007003,100,45,55,8,3,5,17,7,10,20,11,9,55,24,31
59007004,43,25,18,8,5,3,9,4,5,17,11,6,9,5,4
59007005,157,78,79,16,6,10,21,9,12,73,39,34,47,24,23
59008801,176,99,77,14,9,5,75,38,37,25,15,10,62,37,25
59008802,53,29,24,2,1,1,20,9,11,16,10,6,15,9,6
59008803,308,166,142,20,9,11,137,63,74,71,44,27,80,50,30
59009601,64,32,32,5,1,4,11,4,7,18,12,6,30,15,15
59009602,180,90,90,17,8,9,45,18,27,52,26,26,66,38,28
59010001,434,225,209,53,24,29,106,53,53,170,83,87,105,65,40
59011801,272,130,142,26,12,14,57,22,35,104,59,45,85,37,48
59012601,1314,644,670,134,58,76,205,96,109,532,260,272,443,230,213
59013401,608,347,261,99,81,18,54,21,33,181,96,85,274,149,125
59014201,532,262,270,56,27,29,101,51,50,185,100,85,190,84,106
54471001,113,52,61,19,8,11,28,9,19,43,23,20,23,12,11
59015101,178,85,93,28,15,13,19,6,13,75,41,34,56,23,33
59017701,327,169,158,34,16,18,64,31,33,130,73,57,99,49,50
59017702,246,123,123,22,11,11,51,21,30,108,59,49,65,32,33
59018501,571,285,286,62,30,32,68,32,36,292,145,147,149,78,71
59018502,322,153,169,45,20,25,44,14,30,141,73,68,92,46,46
59018503,821,409,412,101,51,50,119,52,67,344,176,168,257,130,127
59019301,117,50,67,12,5,7,13,4,9,65,27,38,27,14,13
59019302,466,231,235,67,33,34,71,32,39,218,110,108,110,56,54
59020701,540,263,277,62,26,36,168,75,93,177,93,84,133,69,64
59021501,503,249,254,39,22,17,87,40,47,232,118,114,145,69,76
59022301,30,20,10,4,3,1,2,2,0,13,9,4,11,6,5
59022302,330,162,168,29,16,13,63,21,42,136,73,63,102,52,50
59024001,551,280,271,69,33,36,114,51,63,206,114,92,162,82,80
51223101,1232,642,590,140,72,68,184,79,105,528,280,248,380,211,169
51223102,259,131,128,30,16,14,30,13,17,107,59,48,92,43,49
51223103,107,52,55,23,12,11,10,4,6,54,27,27,20,9,11
51223104,150,74,76,24,12,12,19,8,11,58,31,27,49,23,26
51228101,548,275,273,76,41,35,124,55,69,172,87,85,176,92,84
51228102,81,43,38,7,6,1,12,4,8,37,19,18,25,14,11
51240101,169,82,87,18,7,11,46,23,23,56,30,26,49,22,27
56917801,307,146,161,44,16,28,57,28,29,121,59,62,85,43,42
51253202,927,461,466,97,43,54,176,77,99,344,189,155,310,152,158
51280001,1626,795,831,150,74,76,200,71,129,780,398,382,496,252,244
51280002,186,92,94,17,9,8,33,15,18,70,30,40,66,38,28
51282601,364,201,163,49,25,24,54,27,27,162,88,74,99,61,38
51287701,368,185,183,35,19,16,127,54,73,87,48,39,119,64,55
56913501,290,145,145,33,22,11,58,28,30,99,48,51,100,47,53
51298201,500,249,251,55,25,30,118,47,71,171,97,74,156,80,76
55277101,286,142,144,29,10,19,67,33,34,110,62,48,80,37,43
51305901,130,64,66,17,4,13,15,7,8,56,30,26,42,23,19
51306701,488,245,243,49,22,27,149,64,85,163,91,72,127,68,59
51306703,220,108,112,47,22,25,73,31,42,72,40,32,28,15,13
51310501,214,108,106,23,9,14,46,17,29,68,40,28,77,42,35
56925901,246,121,125,30,17,13,79,38,41,62,31,31,75,35,40
55298401,70,25,45,11,4,7,27,8,19,17,6,11,15,7,8
51319901,524,268,256,42,20,22,111,44,67,172,98,74,199,106,93
51319902,337,176,161,36,17,19,33,18,15,177,89,88,91,52,39
51319903,291,145,146,26,12,14,28,14,14,143,68,75,94,51,43
51321101,502,254,248,58,30,28,96,42,54,198,103,95,150,79,71
51322901,1451,756,695,182,81,101,282,120,162,468,255,213,519,300,219
56919401,145,69,76,11,5,6,23,7,16,64,33,31,47,24,23
56926701,225,108,117,26,16,10,61,26,35,61,26,35,77,40,37
51349101,1623,810,813,166,69,97,273,116,157,683,352,331,501,273,228
56927501,216,116,100,40,23,17,52,29,23,56,30,26,68,34,34
55296801,139,69,70,13,5,8,58,25,33,36,22,14,32,17,15
56954201,403,206,197,54,27,27,167,79,88,72,47,25,110,53,57
51363601,295,149,146,29,13,16,38,18,20,116,61,55,112,57,55
51373301,296,144,152,41,22,19,84,37,47,121,59,62,50,26,24
0477910,0,0,0,0,0,0,0,0,0,0,0,0,0,0,0
0478300,0,0,0,0,0,0,0,0,0,0,0,0,0,0,0
3055610,0,0,0,0,0,0,0,0,0,0,0,0,0,0,0
3408550,0,0,0,0,0,0,0,0,0,0,0,0,0,0,0
51375001,1780,875,905,190,89,101,261,110,151,842,422,420,487,254,233
51375002,21,14,7,0,0,0,2,1,1,4,1,3,15,12,3
51375003,850,408,442,98,41,57,151,66,85,408,208,200,193,93,100
51375004,785,357,428,96,38,58,138,50,88,327,168,159,224,101,123
51375005,41,30,11,11,7,4,6,5,1,14,11,3,10,7,3
51375008,26,14,12,1,1,0,7,4,3,13,7,6,5,2,3
51375009,1227,576,651,117,55,62,189,82,107,495,239,256,426,200,226
51375010,54,29,25,11,6,5,8,3,5,29,16,13,6,4,2
51375012,474,227,247,52,20,32,102,43,59,199,107,92,121,57,64
51375013,1421,659,762,177,79,98,210,77,133,599,295,304,435,208,227
51375014,1263,608,655,129,49,80,137,55,82,598,308,290,399,196,203
51375015,788,378,410,90,41,49,119,49,70,364,187,177,215,101,114
51375016,1867,879,988,180,72,108,260,96,164,873,435,438,554,276,278
51375017,593,294,299,74,36,38,111,49,62,249,130,119,159,79,80
51375018,2465,1157,1308,286,122,164,351,136,215,1096,556,540,732,343,389
51375019,991,559,432,79,40,39,112,51,61,343,183,160,457,285,172
51375020,73,36,37,7,2,5,5,1,4,42,22,20,19,11,8
51375021,25,12,13,4,2,2,1,0,1,5,3,2,15,7,8
51375022,92,55,37,12,7,5,9,6,3,55,31,24,16,11,5
51375024,1514,767,747,176,78,98,301,130,171,633,347,286,404,212,192
51375025,25,16,9,2,1,1,12,8,4,9,5,4,2,2,0
51375026,254,118,136,20,7,13,35,18,17,102,51,51,97,42,55
51375027,44,25,19,3,2,1,6,4,2,15,8,7,20,11,9
51375028,71,32,39,12,4,8,9,2,7,38,20,18,12,6,6
51375029,56,31,25,6,4,2,11,6,5,33,17,16,6,4,2
51375030,135,68,67,5,0,5,18,5,13,59,32,27,53,31,22
51375031,91,44,47,6,1,5,7,2,5,30,17,13,48,24,24
51375032,443,220,223,55,22,33,102,48,54,147,82,65,139,68,71
51376801,1227,594,633,152,69,83,402,170,232,342,181,161,331,174,157
51376802,225,108,117,23,14,9,109,49,60,30,19,11,63,26,37
51376803,58,33,25,5,2,3,14,7,7,21,16,5,18,8,10
51376804,185,100,85,7,4,3,82,37,45,44,27,17,52,32,20
55699801,86,44,42,8,3,5,6,1,5,34,16,18,38,24,14
55699802,565,283,282,70,34,36,102,39,63,214,119,95,179,91,88
51387301,458,225,233,65,33,32,202,93,109,101,49,52,90,50,40
56928301,135,58,77,21,7,14,29,14,15,61,26,35,24,11,13
51404701,242,118,124,28,14,14,53,23,30,99,47,52,62,34,28
51405501,5378,2650,2728,581,253,328,728,314,414,2223,1161,1062,1846,922,924
51405502,147,80,67,11,6,5,13,8,5,71,38,33,52,28,24
51405503,166,78,88,19,8,11,22,13,9,83,43,40,42,14,28
51415201,1114,530,584,96,41,55,164,71,93,440,236,204,414,182,232
56914301,421,213,208,59,27,32,111,53,58,127,73,54,124,60,64
55278001,412,201,211,60,26,34,123,52,71,143,80,63,86,43,43
51444601,153,71,82,16,4,12,12,3,9,90,43,47,35,21,14
51444602,32,21,11,2,1,1,2,1,1,17,11,6,11,8,3
51447102,530,276,254,60,29,31,56,27,29,254,135,119,160,85,75
51449701,298,142,156,33,16,17,99,42,57,78,41,37,88,43,45
51452701,75,42,33,10,4,6,9,7,2,40,24,16,16,7,9
3409280,0,0,0,0,0,0,0,0,0,0,0,0,0,0,0
51470501,50,26,24,8,3,5,11,6,5,19,11,8,12,6,6
51470502,2407,1136,1271,267,110,157,277,114,163,1149,566,583,714,346,368
51470503,53,33,20,5,2,3,3,3,0,34,20,14,11,8,3
51470504,49,27,22,15,7,8,4,2,2,19,11,8,11,7,4
51470505,911,424,487,112,46,66,124,51,73,389,194,195,286,133,153
51470506,42,23,19,2,0,2,4,1,3,26,16,10,10,6,4
51470507,1740,844,896,212,98,114,239,92,147,801,411,390,488,243,245
51470508,61,33,28,7,4,3,3,2,1,22,14,8,29,13,16
51470510,1265,662,603,153,77,76,157,78,79,428,231,197,527,276,251
51470511,29,17,12,2,2,0,5,4,1,10,5,5,12,6,6
51470512,460,242,218,51,25,26,109,51,58,163,90,73,137,76,61
51470513,220,109,111,20,8,12,48,22,26,74,40,34,78,39,39
51470514,308,151,157,30,18,12,102,45,57,86,46,40,90,42,48
51470515,115,52,63,17,6,11,5,0,5,54,29,25,39,17,22
51477201,261,129,132,28,12,16,67,30,37,86,46,40,80,41,39
51480201,244,127,117,36,18,18,70,33,37,78,47,31,60,29,31
51519101,612,327,285,79,40,39,76,33,43,247,143,104,210,111,99
51519102,39,15,24,1,0,1,5,1,4,14,6,8,19,8,11
51519103,37,17,20,2,0,2,10,3,7,12,6,6,13,8,5
50015101,105,57,48,8,4,4,16,7,9,52,32,20,29,14,15
51532901,352,186,166,44,21,23,155,74,81,54,35,19,99,56,43
55290901,657,327,330,54,25,29,210,99,111,157,78,79,236,125,111
51541801,413,194,219,35,15,20,37,11,26,172,81,91,169,87,82
51547702,282,153,129,41,20,21,89,50,39,89,49,40,63,34,29
55281001,151,74,77,24,13,11,28,8,20,38,22,16,61,31,30
51578701,198,90,108,37,15,22,28,9,19,68,34,34,65,32,33
51582501,113,56,57,9,4,5,28,9,19,41,25,16,35,18,17
55284401,33,18,15,9,5,4,6,3,3,12,7,5,6,3,3
55284402,472,236,236,70,34,36,73,33,40,152,77,75,177,92,85
51620101,774,397,377,108,51,57,165,77,88,273,145,128,228,124,104
55300001,298,155,143,23,9,14,51,22,29,126,68,58,98,56,42
51635001,85,42,43,16,11,5,27,12,15,24,11,13,18,8,10
51661901,1250,618,632,131,64,67,236,101,135,514,252,262,369,201,168
51663501,394,200,194,44,22,22,141,63,78,106,61,45,103,54,49
51668601,480,247,233,70,35,35,169,81,88,96,55,41,145,76,69
51669401,621,306,315,40,19,21,173,74,99,210,108,102,198,105,93
51669402,90,46,44,8,4,4,33,14,19,26,18,8,23,10,13
51686401,189,89,100,18,9,9,27,10,17,69,38,31,75,32,43
51689901,485,240,245,45,19,26,89,40,49,197,101,96,154,80,74
51691101,274,139,135,36,18,18,33,16,17,124,66,58,81,39,42
51710101,96,47,49,7,3,4,13,4,9,30,14,16,46,26,20
51710102,105,58,47,13,8,5,14,6,8,43,28,15,35,16,19
51710103,153,75,78,10,6,4,14,5,9,77,37,40,52,27,25
51710104,93,47,46,7,4,3,11,4,7,40,21,19,35,18,17
51710105,617,322,295,65,31,34,104,38,66,248,142,106,200,111,89
51710106,67,34,33,5,1,4,10,7,3,35,19,16,17,7,10
51715101,375,179,196,40,21,19,79,27,52,141,75,66,115,56,59
51715102,319,163,156,28,16,12,54,29,25,128,64,64,109,54,55
51715103,58,27,31,7,4,3,1,0,1,15,8,7,35,15,20
51720801,150,81,69,23,12,11,42,19,23,52,29,23,33,21,12
1349370,0,0,0,0,0,0,0,0,0,0,0,0,0,0,0
1349960,0,0,0,0,0,0,0,0,0,0,0,0,0,0,0
3055960,0,0,0,0,0,0,0,0,0,0,0,0,0,0,0
3408980,0,0,0,0,0,0,0,0,0,0,0,0,0,0,0
51138201,589,300,289,69,32,37,77,33,44,299,156,143,144,79,65
51138202,481,237,244,44,14,30,72,32,40,232,124,108,133,67,66
51138205,29,14,15,3,0,3,8,5,3,14,6,8,4,3,1
51138206,2276,1094,1182,255,108,147,214,87,127,1192,609,583,615,290,325
51138207,1402,669,733,135,58,77,183,70,113,648,331,317,436,210,226
51138209,285,142,143,24,9,15,60,29,31,134,71,63,67,33,34
51138210,872,407,465,110,46,64,119,40,79,396,203,193,247,118,129
51138211,4660,2179,2481,474,198,276,601,252,349,2293,1106,1187,1292,623,669
51138213,1383,666,717,167,72,95,185,84,101,670,335,335,361,175,186
51138214,337,191,146,27,11,16,56,32,24,90,54,36,164,94,70
51138216,2779,1330,1449,274,116,158,299,120,179,1308,657,651,898,437,461
51138217,2322,1100,1222,252,109,143,345,148,197,895,430,465,830,413,417
51138218,2231,1067,1164,224,90,134,279,114,165,1093,564,529,635,299,336
51138219,1242,596,646,149,67,82,153,66,87,558,282,276,382,181,201
51138220,53,28,25,10,2,8,5,2,3,9,5,4,29,19,10
51138221,3972,1859,2113,398,157,241,486,198,288,2005,982,1023,1083,522,561
51138222,2713,1502,1211,243,103,140,283,133,150,1013,565,448,1174,701,473
51138223,229,83,146,34,10,24,50,15,35,89,41,48,56,17,39
51138225,1491,707,784,164,81,83,177,68,109,759,378,381,391,180,211
51138227,1912,890,1022,214,86,128,230,88,142,852,412,440,616,304,312
51138228,2348,1119,1229,268,101,167,287,116,171,1116,563,553,677,339,338
51138229,108,54,54,25,10,15,36,20,16,6,3,3,41,21,20
51138230,2771,1282,1489,322,138,184,332,121,211,1321,638,683,796,385,411
51138232,38,17,21,8,5,3,1,0,1,22,9,13,7,3,4
51138233,66,36,30,3,3,0,1,0,1,37,18,19,25,15,10
51138234,55,26,29,1,1,0,9,4,5,32,18,14,13,3,10
51138235,649,319,330,78,31,47,68,29,39,296,149,147,207,110,97
51138236,349,176,173,57,26,31,41,15,26,132,78,54,119,57,62
51138237,436,228,208,45,22,23,69,32,37,157,89,68,165,85,80
51138238,77,34,43,15,4,11,5,2,3,29,14,15,28,14,14
51138239,868,431,437,91,38,53,112,50,62,381,200,181,284,143,141
51138241,187,95,92,23,11,12,16,10,6,67,32,35,81,42,39
51138242,242,121,121,21,10,11,53,21,32,116,64,52,52,26,26
51138243,39,19,20,5,2,3,2,1,1,23,10,13,9,6,3
51138244,672,319,353,74,28,46,73,41,32,338,162,176,187,88,99
51138245,44,22,22,9,5,4,8,3,5,16,7,9,11,7,4
51138246,518,281,237,67,36,31,74,35,39,230,125,105,147,85,62
51138247,152,82,70,17,7,10,31,15,16,63,34,29,41,26,15
51138249,142,74,68,15,5,10,16,7,9,64,35,29,47,27,20
51722401,255,136,119,32,17,15,45,22,23,96,54,42,82,43,39
51727501,158,81,77,13,8,5,21,9,12,72,40,32,52,24,28
51732101,281,97,184,8,4,4,98,31,67,77,37,40,98,25,73
51743701,141,76,65,16,9,7,42,18,24,39,26,13,44,23,21
51744501,171,86,85,20,9,11,75,36,39,30,17,13,46,24,22
51753401,1081,544,537,121,58,63,215,101,114,427,220,207,318,165,153
51756901,262,131,131,27,9,18,34,9,25,118,72,46,83,41,42
51758501,381,195,186,56,26,30,118,57,61,139,75,64,68,37,31
51760701,1529,715,814,207,81,126,345,158,187,517,263,254,460,213,247
51761501,263,127,136,25,11,14,106,46,60,63,37,26,69,33,36
51766601,436,216,220,66,33,33,86,43,43,112,59,53,172,81,91
51774701,634,283,351,65,30,35,174,78,96,262,104,158,133,71,62
51784401,572,298,274,70,38,32,126,57,69,195,110,85,181,93,88
51783601,155,79,76,10,3,7,13,3,10,83,48,35,49,25,24
51788701,584,290,294,67,31,36,102,45,57,228,121,107,187,93,94
55288701,236,115,121,24,13,11,27,12,15,116,54,62,69,36,33
51790901,814,392,422,107,49,58,244,112,132,216,114,102,247,117,130
51802601,290,137,153,40,15,25,65,30,35,111,61,50,74,31,43
55295001,207,101,106,21,12,9,28,9,19,90,48,42,68,32,36
57006101,275,135,140,27,13,14,77,35,42,100,56,44,71,31,40
51903101,412,204,208,64,28,36,61,29,32,186,96,90,101,51,50
51914601,116,59,57,10,4,6,9,5,4,71,36,35,26,14,12
51914602,2305,1114,1191,218,97,121,301,136,165,934,491,443,852,390,462
51965101,1935,957,978,241,113,128,435,175,260,693,378,315,566,291,275
52004701,424,199,225,51,29,22,101,41,60,159,80,79,113,49,64
55283601,208,109,99,28,12,16,56,28,28,65,35,30,59,34,25
57007901,751,383,368,93,39,54,149,68,81,288,155,133,221,121,100
55287901,508,265,243,63,27,36,88,49,39,188,98,90,169,91,78
52030601,526,274,252,56,35,21,235,117,118,104,55,49,131,67,64
52042001,148,73,75,17,7,10,19,7,12,72,40,32,40,19,21
52042002,690,357,333,70,41,29,128,61,67,254,131,123,238,124,114
52042003,22,11,11,0,0,0,0,0,0,17,8,9,5,3,2
55275501,202,104,98,22,11,11,36,16,20,56,32,24,88,45,43
54743301,125,61,64,6,3,3,35,15,20,45,23,22,39,20,19
54743302,518,271,247,52,28,24,184,82,102,150,87,63,132,74,58
52153101,827,408,419,110,51,59,244,109,135,242,129,113,231,119,112
54745001,264,131,133,25,11,14,31,15,16,125,67,58,83,38,45
54751401,170,79,91,9,4,5,30,13,17,84,42,42,47,20,27
52277502,230,116,114,9,5,4,107,55,52,44,20,24,70,36,34
52345301,239,123,116,37,19,18,66,33,33,73,38,35,63,33,30
52364001,522,261,261,53,30,23,80,31,49,222,121,101,167,79,88
52558801,2923,1449,1474,259,112,147,476,208,268,1360,711,649,828,418,410
52558802,23,12,11,2,1,1,3,1,2,5,2,3,13,8,5
52580401,663,332,331,62,26,36,75,36,39,321,167,154,205,103,102
52580402,28,17,11,2,1,1,6,4,2,13,8,5,7,4,3
52580403,136,73,63,13,4,9,29,15,14,67,37,30,27,17,10
52580404,102,53,49,13,8,5,12,5,7,56,28,28,21,12,9
52580405,293,148,145,21,10,11,38,17,21,120,64,56,114,57,57
52588001,491,248,243,42,14,28,91,43,48,219,121,98,139,70,69
52597901,709,349,360,68,28,40,114,43,71,303,165,138,224,113,111
52616901,272,140,132,22,10,12,24,15,9,144,73,71,82,42,40
56943701,604,306,298,48,23,25,52,21,31,364,191,173,140,71,69
56943702,25,14,11,1,0,1,1,1,0,8,5,3,15,8,7
53072701,167,85,82,9,6,3,23,13,10,81,37,44,54,29,25
53072702,182,93,89,22,7,15,24,14,10,103,56,47,33,16,17
53072703,212,108,104,33,13,20,26,13,13,92,48,44,61,34,27
53072704,80,46,34,4,2,2,11,7,4,48,27,21,17,10,7
53289401,25,14,11,6,4,2,4,2,2,6,3,3,9,5,4
53289402,335,178,157,23,13,10,86,36,50,131,74,57,95,55,40
53368801,51,23,28,3,1,2,6,3,3,22,12,10,20,7,13
53368802,407,204,203,37,13,24,62,30,32,168,94,74,140,67,73
55337901,1001,483,518,115,51,64,105,40,65,503,259,244,278,133,145
55337902,106,52,54,10,5,5,13,6,7,57,26,31,26,15,11
55337903,207,97,110,15,6,9,24,8,16,111,55,56,57,28,29
57014102,339,168,171,19,10,9,95,40,55,114,67,47,111,51,60
53492701,1076,507,569,89,41,48,201,85,116,450,223,227,336,158,178
53553201,2522,1248,1274,231,107,124,228,96,132,1214,603,611,849,442,407
53553203,89,43,46,5,2,3,10,6,4,30,15,15,44,20,24
53553204,73,29,44,7,2,5,2,1,1,33,14,19,31,12,19
53553205,29,17,12,0,0,0,6,4,2,13,8,5,10,5,5
53553206,69,35,34,2,1,1,17,9,8,39,19,20,11,6,5
53553207,37,16,21,1,1,0,11,4,7,5,2,3,20,9,11
53577001,342,178,164,19,10,9,104,54,50,99,49,50,120,65,55
53588501,413,199,214,24,12,12,97,46,51,168,85,83,124,56,68
55338701,148,73,75,23,16,7,17,6,11,66,30,36,42,21,21
55338702,32,17,15,6,3,3,7,5,2,13,5,8,6,4,2
53609101,765,399,366,71,37,34,83,32,51,393,212,181,218,118,100
55322102,637,318,319,57,24,33,95,34,61,300,163,137,185,97,88
53611301,89,55,34,11,6,5,6,3,3,43,30,13,29,16,13
53611303,41,22,19,4,3,1,4,1,3,20,12,8,13,6,7
53611304,49,24,25,3,1,2,5,3,2,17,8,9,24,12,12
56930501,545,267,278,54,24,30,201,90,111,177,95,82,113,58,55
55334401,206,110,96,16,9,7,41,20,21,79,38,41,70,43,27
55321201,37,17,20,1,1,0,5,3,2,12,5,7,19,8,11
53628801,665,323,342,75,41,34,174,69,105,181,103,78,235,110,125
53639301,168,81,87,19,10,9,27,13,14,72,37,35,50,21,29
53639302,358,180,178,26,11,15,73,30,43,164,95,69,95,44,51
53639303,143,76,67,6,3,3,14,7,7,65,40,25,58,26,32
1983580,0,0,0,0,0,0,0,0,0,0,0,0,0,0,0
53652101,68,39,29,4,3,1,12,6,6,27,16,11,25,14,11
53652102,43,19,24,0,0,0,2,0,2,32,14,18,9,5,4
53652103,84,43,41,9,4,5,6,3,3,34,18,16,35,18,17
53652104,161,82,79,15,6,9,15,8,7,85,44,41,46,24,22
53652105,409,217,192,19,8,11,45,23,22,199,103,96,146,83,63
53652106,155,75,80,12,4,8,18,4,14,78,41,37,47,26,21
53652109,124,64,60,12,7,5,12,5,7,50,26,24,50,26,24
53657101,480,244,236,47,19,28,64,29,35,223,122,101,146,74,72
53668701,459,221,238,42,18,24,28,10,18,238,114,124,151,79,72
53668702,123,62,61,13,8,5,25,14,11,58,24,34,27,16,11
53673301,666,348,318,64,33,31,78,31,47,325,181,144,199,103,96
55324701,261,147,114,33,13,20,33,18,15,92,57,35,103,59,44
55324702,21,10,11,4,2,2,2,1,1,7,3,4,8,4,4
53681401,23,14,9,0,0,0,1,0,1,11,7,4,11,7,4
53681402,276,136,140,15,6,9,66,38,28,111,52,59,84,40,44
56937201,164,87,77,16,8,8,3,3,0,84,48,36,61,28,33
53728401,615,317,298,43,21,22,121,54,67,274,147,127,177,95,82
53771301,1221,609,612,108,52,56,166,66,100,561,301,260,386,190,196
53996101,517,275,242,44,21,23,54,24,30,274,153,121,145,77,68
53996102,161,75,86,12,5,7,3,1,2,83,38,45,63,31,32
53996103,23,11,12,4,2,2,0,0,0,13,7,6,6,2,4
53996104,2449,1248,1201,212,95,117,234,100,134,1223,646,577,780,407,373
54016101,212,104,108,21,8,13,21,7,14,77,40,37,93,49,44
54016102,168,90,78,11,4,7,21,6,15,89,55,34,47,25,22
54019601,155,78,77,12,4,8,12,6,6,69,38,31,62,30,32
54019602,2516,1243,1273,219,94,125,407,158,249,1274,672,602,616,319,297
54019603,187,95,92,18,5,13,21,6,15,95,51,44,53,33,20
54022601,174,79,95,10,6,4,23,7,16,88,43,45,53,23,30
54022603,117,61,56,12,6,6,34,16,18,43,25,18,28,14,14
54022604,482,237,245,47,16,31,55,21,34,208,104,104,172,96,76
54022606,359,187,172,28,10,18,37,15,22,167,95,72,127,67,60
54022607,268,137,131,16,7,9,38,22,16,133,68,65,81,40,41
54023401,533,282,251,47,17,30,76,36,40,256,141,115,154,88,66
54023402,202,96,106,15,7,8,13,4,9,69,35,34,105,50,55
54023403,75,39,36,8,1,7,7,3,4,42,26,16,18,9,9
54033101,162,80,82,14,6,8,15,6,9,65,36,29,68,32,36
54033102,39,22,17,7,2,5,1,0,1,27,18,9,4,2,2
54033104,107,55,52,14,5,9,18,5,13,55,32,23,20,13,7
54033106,78,40,38,21,10,11,5,1,4,22,14,8,30,15,15
54033108,34,19,15,3,2,1,8,6,2,6,3,3,17,8,9
54033109,95,47,48,14,5,9,16,7,9,44,25,19,21,10,11
54036601,26,15,11,5,2,3,1,0,1,4,3,1,16,10,6
54036603,366,199,167,25,11,14,32,16,16,194,109,85,115,63,52
56938102,717,565,152,75,61,14,103,88,15,345,266,79,194,150,44
56938103,43,20,23,0,0,0,5,3,2,17,9,8,21,8,13
54047101,157,83,74,10,3,7,25,13,12,74,45,29,48,22,26
54047102,134,70,64,11,6,5,4,1,3,77,41,36,42,22,20
54047103,212,101,111,28,12,16,43,15,28,84,46,38,57,28,29
54047104,44,22,22,0,0,0,8,4,4,18,9,9,18,9,9
54047105,346,171,175,20,5,15,18,5,13,200,109,91,108,52,56
54047106,154,83,71,12,6,6,13,5,8,68,40,28,61,32,29
54047107,151,80,71,16,8,8,46,20,26,44,29,15,45,23,22
54047109,25,13,12,7,5,2,1,1,0,14,6,8,3,1,2
54047110,201,103,98,13,6,7,16,7,9,83,46,37,89,44,45
54047111,125,63,62,12,6,6,11,5,6,70,35,35,32,17,15
54047112,36,19,17,1,0,1,2,2,0,21,12,9,12,5,7
54047113,552,279,273,40,12,28,79,38,41,314,165,149,119,64,55
54047114,1923,942,981,157,62,95,216,80,136,1078,553,525,472,247,225
54047116,3928,1868,2060,344,151,193,324,117,207,2138,1059,1079,1122,541,581
54047117,313,149,164,36,13,23,22,10,12,174,92,82,81,34,47
54047118,35,22,13,2,1,1,2,2,0,27,16,11,4,3,1
54047120,761,412,349,55,27,28,64,33,31,353,181,172,289,171,118
54047121,44,26,18,6,6,0,3,1,2,30,17,13,5,2,3
54048001,138,67,71,10,4,6,17,6,11,57,31,26,54,26,28
54048002,57,29,28,6,4,2,6,1,5,36,19,17,9,5,4
54048003,1045,523,522,90,45,45,167,73,94,492,251,241,296,154,142
55347601,128,59,69,9,2,7,10,4,6,65,31,34,44,22,22
55347602,303,149,154,43,19,24,68,31,37,118,62,56,74,37,37
55347603,223,115,108,22,9,13,43,23,20,77,40,37,81,43,38
54050101,225,115,110,16,3,13,12,6,6,146,83,63,51,23,28
54050102,214,111,103,12,4,8,23,10,13,114,61,53,65,36,29
54050103,2975,1532,1443,257,108,149,325,141,184,1570,843,727,823,440,383
54050104,53,30,23,7,2,5,7,5,2,23,13,10,16,10,6
54051001,215,103,112,20,12,8,67,32,35,67,33,34,61,26,35
54051002,808,420,388,69,29,40,155,63,92,344,175,169,240,153,87
54054401,110,58,52,20,11,9,18,8,10,46,23,23,26,16,10
54054402,242,125,117,19,8,11,26,13,13,116,62,54,81,42,39
54054403,86,44,42,5,2,3,10,4,6,43,23,20,28,15,13
54054404,592,294,298,32,13,19,56,30,26,320,175,145,184,76,108
54054405,130,59,71,5,1,4,10,6,4,73,30,43,42,22,20
54054406,111,58,53,14,8,6,17,6,11,45,25,20,35,19,16
54059501,331,171,160,44,20,24,32,16,16,149,74,75,106,61,45
54060901,90,45,45,17,7,10,4,1,3,40,19,21,29,18,11
54060902,76,34,42,6,3,3,9,2,7,45,21,24,16,8,8
54060903,235,119,116,29,15,14,37,20,17,113,55,58,56,29,27
54060904,78,37,41,15,9,6,10,4,6,29,14,15,24,10,14
54060905,92,49,43,7,4,3,10,5,5,44,23,21,31,17,14
54060907,81,46,35,5,2,3,12,5,7,38,21,17,26,18,8
50002001,1074,535,539,91,47,44,127,60,67,532,275,257,324,153,171
50002002,121,57,64,21,12,9,29,11,18,55,25,30,16,9,7
54065001,103,51,52,4,2,2,7,2,5,53,27,26,39,20,19
54065002,574,275,299,49,21,28,137,68,69,194,99,95,194,87,107
54073101,205,109,96,16,8,8,19,5,14,85,49,36,85,47,38
54077301,2832,1361,1471,295,131,164,495,205,290,1298,657,641,744,368,376
55335201,300,143,157,36,20,16,65,25,40,106,49,57,93,49,44
54085401,489,238,251,42,24,18,136,61,75,167,78,89,144,75,69
54086201,3002,1501,1501,261,115,146,309,124,185,1536,801,735,896,461,435
54086202,44,23,21,17,10,7,3,2,1,12,6,6,12,5,7
55339501,164,83,81,25,11,14,13,6,7,86,43,43,40,23,17
54087101,129,56,73,17,5,12,20,7,13,61,29,32,31,15,16
54087102,66,38,28,4,3,1,9,5,4,27,15,12,26,15,11
54087103,389,207,182,28,19,9,47,20,27,208,109,99,106,59,47
54091901,770,377,393,86,41,45,152,62,90,297,161,136,235,113,122
54097801,114,63,51,6,3,3,33,15,18,54,33,21,21,12,9
54097802,96,49,47,5,4,1,13,7,6,43,24,19,35,14,21
54097803,671,332,339,68,28,40,123,48,75,313,171,142,167,85,82
54097804,36,21,15,8,3,5,7,3,4,8,7,1,13,8,5
54097805,379,184,195,31,18,13,108,50,58,126,56,70,114,60,54
54097806,1025,517,508,70,28,42,166,77,89,453,226,227,336,186,150
54097807,78,40,38,4,2,2,20,10,10,48,25,23,6,3,3
54098602,95,50,45,14,6,8,17,9,8,45,24,21,19,11,8
54098603,995,489,506,86,31,55,94,44,50,433,229,204,382,185,197
1545390,0,0,0,0,0,0,0,0,0,0,0,0,0,0,0
54107902,60,32,28,8,4,4,6,3,3,24,15,9,22,10,12
54107903,51,31,20,2,1,1,8,4,4,28,18,10,13,8,5
54107904,1351,673,678,121,53,68,141,59,82,643,324,319,446,237,209
54107905,21,11,10,8,4,4,3,1,2,6,3,3,4,3,1
54107908,43,25,18,7,5,2,3,2,1,15,6,9,18,12,6
54107909,37,24,13,2,2,0,9,5,4,18,12,6,8,5,3
57028101,127,66,61,7,4,3,2,0,2,63,36,27,55,26,29
54110901,1127,566,561,97,40,57,108,48,60,550,292,258,372,186,186
54112501,392,196,196,36,13,23,156,77,79,77,45,32,123,61,62
57011701,26,15,11,6,2,4,3,2,1,7,6,1,10,5,5
54116801,72,37,35,9,6,3,14,8,6,14,7,7,35,16,19
54116802,92,48,44,7,2,5,21,12,9,37,18,19,27,16,11
54116803,1514,766,748,173,78,95,297,136,161,521,274,247,523,278,245
54116806,134,72,62,9,1,8,15,6,9,53,32,21,57,33,24
54116807,101,50,51,3,0,3,7,4,3,51,22,29,40,24,16
1644370,0,0,0,0,0,0,0,0,0,0,0,0,0,0,0
1644700,0,0,0,0,0,0,0,0,0,0,0,0,0,0,0
1644880,0,0,0,0,0,0,0,0,0,0,0,0,0,0,0
3156480,0,0,0,0,0,0,0,0,0,0,0,0,0,0,0
52370401,170,116,54,12,7,5,26,18,8,68,47,21,64,44,20
52370405,1497,673,824,134,49,85,140,58,82,757,343,414,466,223,243
52370406,1785,832,953,184,81,103,231,102,129,909,430,479,461,219,242
52370407,142,76,66,16,11,5,13,7,6,72,38,34,41,20,21
52370408,796,323,473,74,30,44,119,36,83,313,144,169,290,113,177
52370409,36,19,17,3,1,2,1,0,1,18,10,8,14,8,6
52370410,648,324,324,64,27,37,61,27,34,326,171,155,197,99,98
52370411,298,140,158,26,18,8,35,14,21,161,78,83,76,30,46
52370412,976,452,524,68,23,45,83,37,46,487,233,254,338,159,179
52370413,2946,1377,1569,296,121,175,246,99,147,1543,761,782,861,396,465
52370414,1184,698,486,96,44,52,81,42,39,483,275,208,524,337,187
52370415,2696,1229,1467,290,115,175,244,90,154,1381,662,719,781,362,419
52370416,2417,1114,1303,203,77,126,252,107,145,1262,600,662,700,330,370
52370417,1639,756,883,139,44,95,142,52,90,864,418,446,494,242,252
52370418,1281,608,673,111,50,61,121,58,63,674,304,370,375,196,179
52370419,1161,543,618,116,46,70,145,58,87,643,313,330,257,126,131
52370420,103,50,53,10,4,6,13,7,6,40,20,20,40,19,21
52370421,1207,567,640,116,39,77,134,50,84,625,320,305,332,158,174
52370422,1073,486,587,111,51,60,100,33,67,552,274,278,310,128,182
52370423,54,22,32,4,2,2,0,0,0,28,11,17,22,9,13
52370424,1057,530,527,89,36,53,76,36,40,539,269,270,353,189,164
52370425,2016,936,1080,196,78,118,295,122,173,968,483,485,557,253,304
55333601,394,205,189,30,11,19,54,23,31,214,116,98,96,55,41
54122201,37,17,20,2,2,0,7,2,5,13,4,9,15,9,6
54122202,35,16,19,2,1,1,4,2,2,14,5,9,15,8,7
54122203,82,46,36,11,5,6,7,2,5,39,23,16,25,16,9
54122204,933,461,472,73,30,43,84,36,48,481,246,235,295,149,146
1983660,0,0,0,0,0,0,0,0,0,0,0,0,0,0,0
54126501,79,41,38,8,5,3,6,3,3,31,14,17,34,19,15
54126502,170,84,86,13,9,4,21,9,12,95,48,47,41,18,23
54126503,35,20,15,4,1,3,1,0,1,16,12,4,14,7,7
54126504,2077,1018,1059,206,82,124,234,83,151,1045,546,499,592,307,285
54126505,28,18,10,0,0,0,3,1,2,7,5,2,18,12,6
54126506,89,47,42,8,5,3,13,6,7,34,18,16,34,18,16
55414601,200,102,98,23,13,10,21,6,15,91,50,41,65,33,32
55319101,78,45,33,7,4,3,7,3,4,25,14,11,39,24,15
56944501,2177,1067,1110,183,78,105,249,103,146,1079,556,523,666,330,336
57009501,247,122,125,31,17,14,33,15,18,96,50,46,87,40,47
1894990,0,0,0,0,0,0,0,0,0,0,0,0,0,0,0
54135401,203,107,96,14,8,6,53,29,24,85,44,41,51,26,25
54135402,37,23,14,2,1,1,2,1,1,19,12,7,14,9,5
54135403,66,34,32,13,4,9,23,12,11,11,6,5,19,12,7
54135404,191,96,95,18,6,12,26,10,16,84,47,37,63,33,30
54135405,283,146,137,32,15,17,48,24,24,124,67,57,79,40,39
54135406,447,178,269,32,17,15,53,25,28,140,69,71,222,67,155
54135407,2754,1274,1480,248,101,147,361,149,212,1326,643,683,819,381,438
54135409,997,418,579,98,37,61,148,49,99,450,210,240,301,122,179
54135410,1345,677,668,125,51,74,177,74,103,546,283,263,497,269,228
54135411,968,484,484,99,39,60,119,52,67,441,237,204,309,156,153
54135412,417,225,192,49,24,25,58,30,28,188,97,91,122,74,48
54135413,1346,653,693,114,57,57,236,110,126,569,280,289,427,206,221
54135414,105,59,46,10,6,4,21,13,8,58,29,29,16,11,5
54135415,513,255,258,50,23,27,129,54,75,207,117,90,127,61,66
54135417,495,245,250,68,30,38,90,44,46,214,111,103,123,60,63
54135418,834,417,417,86,38,48,122,57,65,378,206,172,248,116,132
54135419,1005,492,513,118,53,65,211,90,121,409,220,189,267,129,138
54135420,80,38,42,12,3,9,8,3,5,33,16,17,27,16,11
54135422,1393,639,754,156,63,93,145,53,92,686,331,355,406,192,214
57033801,209,107,102,20,12,8,59,30,29,52,24,28,78,41,37
54147801,798,390,408,74,30,44,132,54,78,395,205,190,197,101,96
58830001,245,133,112,28,14,14,48,21,27,114,65,49,55,33,22
58830002,202,104,98,25,12,13,53,26,27,68,33,35,56,33,23
58832601,484,237,247,50,20,30,70,30,40,225,123,102,139,64,75
54231801,197,98,99,18,12,6,60,24,36,52,28,24,67,34,33
54969001,200,105,95,15,7,8,57,28,29,65,31,34,63,39,24
58837701,330,164,166,39,14,25,80,38,42,117,63,54,94,49,45
58838501,953,470,483,105,52,53,306,140,166,267,134,133,275,144,131
58839301,258,134,124,23,9,14,79,40,39,66,39,27,90,46,44
58839303,913,469,444,128,60,68,180,83,97,336,189,147,269,137,132
58839304,290,143,147,27,15,12,84,33,51,83,49,34,96,46,50
58839305,130,69,61,10,4,6,43,22,21,36,19,17,41,24,17
58839306,692,330,362,96,48,48,97,40,57,299,149,150,200,93,107
58839307,517,250,267,56,26,30,106,50,56,215,110,105,140,64,76
58839308,2472,1094,1378,351,142,209,505,187,318,903,447,456,713,318,395
58839309,380,203,177,41,21,20,72,31,41,171,99,72,96,52,44
58839310,766,417,349,86,35,51,117,53,64,269,157,112,294,172,122
58839311,735,333,402,84,34,50,198,77,121,237,127,110,216,95,121
58839313,647,308,339,90,44,46,125,53,72,238,119,119,194,92,102
58839314,61,30,31,5,3,2,12,4,8,28,14,14,16,9,7
58840701,228,117,111,36,17,19,45,20,25,43,25,18,104,55,49
58843101,416,211,205,37,18,19,80,38,42,176,93,83,123,62,61
0410330,0,0,0,0,0,0,0,0,0,0,0,0,0,0,0
3142260,0,0,0,0,0,0,0,0,0,0,0,0,0,0,0
3142340,0,0,0,0,0,0,0,0,0,0,0,0,0,0,0
58845801,438,221,217,49,21,28,90,42,48,162,84,78,137,74,63
58845802,60,32,28,3,2,1,26,13,13,13,5,8,18,12,6
58845803,1938,942,996,234,107,127,353,145,208,797,428,369,554,262,292
58845804,344,168,176,44,23,21,69,31,38,130,66,64,101,48,53
58845805,406,194,212,46,22,24,120,55,65,116,61,55,124,56,68
58845806,451,233,218,48,21,27,75,31,44,179,97,82,149,84,65
58845807,35,20,15,3,1,2,11,7,4,19,10,9,2,2,0
58845808,415,197,218,59,29,30,78,34,44,182,86,96,96,48,48
58845809,97,51,46,7,4,3,15,8,7,32,13,19,43,26,17
58845810,2249,1032,1217,292,119,173,416,163,253,900,439,461,641,311,330
58845811,766,386,380,85,37,48,136,62,74,301,159,142,244,128,116
58845812,780,361,419,97,41,56,129,51,78,349,172,177,205,97,108
58845813,914,470,444,96,33,63,117,44,73,369,208,161,332,185,147
58845815,46,21,25,7,2,5,5,2,3,15,8,7,19,9,10
58845816,1064,470,594,99,42,57,243,80,163,408,212,196,314,136,178
58845817,524,264,260,60,27,33,104,43,61,204,106,98,156,88,68
58845819,992,456,536,111,43,68,198,79,119,399,202,197,284,132,152
54234201,75,43,32,6,3,3,8,5,3,39,24,15,22,11,11
58847401,254,139,115,33,17,16,93,45,48,64,38,26,64,39,25
58848201,157,88,69,20,13,7,34,14,20,39,24,15,64,37,27
3142690,0,0,0,0,0,0,0,0,0,0,0,0,0,0,0
3287820,0,0,0,0,0,0,0,0,0,0,0,0,0,0,0
58849101,92,44,48,5,2,3,22,10,12,48,24,24,17,8,9
58849102,327,165,162,30,14,16,99,41,58,101,59,42,97,51,46
58849103,28,16,12,6,2,4,2,1,1,16,10,6,4,3,1
58849104,33,17,16,4,1,3,9,6,3,5,2,3,15,8,7
58849105,3104,1493,1611,390,159,231,448,181,267,1409,738,671,857,415,442
58849107,1907,1013,894,215,109,106,380,174,206,746,404,342,566,326,240
58849108,829,402,427,104,39,65,106,52,54,367,186,181,252,125,127
58850401,357,174,183,39,19,20,118,55,63,90,51,39,110,49,61
58851201,210,97,113,22,11,11,26,11,15,93,40,53,69,35,34
58851205,322,155,167,22,6,16,45,20,25,135,69,66,120,60,60
58851206,601,286,315,55,27,28,75,28,47,294,150,144,177,81,96
58851207,1012,511,501,114,52,62,154,73,81,460,239,221,284,147,137
58851209,2442,1172,1270,215,82,133,236,98,138,1245,644,601,746,348,398
50673701,997,468,529,131,56,75,193,88,105,372,199,173,301,125,176
50673702,79,35,44,19,8,11,16,6,10,29,13,16,15,8,7
50673703,463,241,222,51,23,28,100,54,46,175,89,86,137,75,62
58854701,181,92,89,27,13,14,54,28,26,41,19,22,59,32,27
58854702,43,22,21,7,2,5,17,7,10,17,12,5,2,1,1
58855501,379,193,186,39,21,18,88,35,53,134,82,52,118,55,63
58856301,306,156,150,33,18,15,53,23,30,141,76,65,79,39,40
58735401,237,119,118,18,9,9,77,31,46,78,44,34,64,35,29
58859801,270,128,142,22,11,11,106,51,55,54,26,28,88,40,48
58860101,257,128,129,43,22,21,37,18,19,86,47,39,91,41,50
58860102,206,104,102,30,14,16,33,14,19,78,43,35,65,33,32
58860103,1925,934,991,210,92,118,277,116,161,773,405,368,665,321,344
58860104,272,135,137,37,15,22,46,26,20,123,60,63,66,34,32
58852101,422,220,202,72,29,43,67,30,37,169,100,69,114,61,53
58852102,77,45,32,5,2,3,24,14,10,31,17,14,17,12,5
58852103,111,57,54,12,6,6,19,10,9,44,18,26,36,23,13
58861001,122,64,58,10,6,4,39,19,20,21,12,9,52,27,25
58861002,819,405,414,80,37,43,281,122,159,229,128,101,229,118,111
58861003,41,20,21,3,1,2,16,8,8,8,3,5,14,8,6
0040312,0,0,0,0,0,0,0,0,0,0,0,0,0,0,0
0748960,0,0,0,0,0,0,0,0,0,0,0,0,0,0,0
0749690,0,0,0,0,0,0,0,0,0,0,0,0,0,0,0
0749932,0,0,0,0,0,0,0,0,0,0,0,0,0,0,0
58829601,323,162,161,30,15,15,52,28,24,141,70,71,100,49,51
58829602,226,114,112,19,9,10,40,18,22,109,55,54,58,32,26
58829603,155,87,68,17,11,6,27,12,15,82,46,36,29,18,11
58829604,1174,538,636,124,51,73,224,79,145,546,269,277,280,139,141
58829605,221,114,107,21,8,13,16,6,10,114,64,50,70,36,34
58829606,364,183,181,48,25,23,43,20,23,185,94,91,88,44,44
58829607,234,116,118,22,8,14,29,12,17,103,58,45,80,38,42
58829608,419,214,205,77,40,37,66,31,35,144,73,71,132,70,62
58829609,427,220,207,45,20,25,75,30,45,208,119,89,99,51,48
58829610,174,84,90,29,15,14,23,8,15,88,48,40,34,13,21
58829611,148,74,74,19,7,12,16,6,10,57,34,23,56,27,29
58829612,3234,1477,1757,372,146,226,454,177,277,1531,744,787,877,410,467
58829613,2634,1198,1436,305,119,186,601,231,370,1044,517,527,684,331,353
58829614,59,26,33,13,4,9,5,2,3,28,16,12,13,4,9
58829616,237,118,119,29,12,17,31,13,18,111,60,51,66,33,33
58829617,372,188,184,39,14,25,50,24,26,185,102,83,98,48,50
58829618,2559,1248,1311,281,112,169,319,143,176,1274,663,611,685,330,355
58829619,732,344,388,96,40,56,127,59,68,284,143,141,225,102,123
58829620,2210,1110,1100,229,100,129,359,137,222,935,480,455,687,393,294
58829621,1142,529,613,151,65,86,180,78,102,550,263,287,261,123,138
58829622,42,25,17,7,3,4,2,1,1,20,14,6,13,7,6
58829623,1011,518,493,38,15,23,73,32,41,147,78,69,753,393,360
58829624,35,20,15,7,4,3,1,0,1,13,6,7,14,10,4
58829625,184,91,93,17,8,9,34,16,18,106,57,49,27,10,17
58829626,1858,851,1007,226,91,135,323,122,201,819,394,425,490,244,246
58829627,3730,1758,1972,424,158,266,522,216,306,1812,931,881,972,453,519
58829628,428,224,204,52,22,30,60,32,28,218,114,104,98,56,42
58829630,3948,1811,2137,456,180,276,586,205,381,1798,898,900,1108,528,580
58862801,80,40,40,7,5,2,7,1,6,48,22,26,18,12,6
58863601,254,135,119,29,15,14,74,34,40,64,34,30,87,52,35
58864401,2139,1085,1054,243,120,123,410,168,242,896,486,410,590,311,279
58865201,469,233,236,42,19,23,113,54,59,159,85,74,155,75,80
58866101,405,212,193,43,22,21,122,52,70,142,83,59,98,55,43
58869501,363,179,184,31,11,20,79,34,45,124,68,56,129,66,63
58869502,88,46,42,8,4,4,22,9,13,24,14,10,34,19,15
58870901,212,115,97,19,11,8,68,35,33,67,37,30,58,32,26
58870902,677,352,325,90,45,45,199,89,110,154,92,62,234,126,108
58871701,455,225,230,50,20,30,66,25,41,210,116,94,129,64,65
58872501,479,233,246,60,21,39,160,71,89,111,66,45,148,75,73
58873301,372,187,185,22,8,14,86,35,51,148,79,69,116,65,51
58873302,182,91,91,21,10,11,35,19,16,81,37,44,45,25,20
58874101,811,421,390,103,52,51,220,101,119,260,149,111,228,119,109
58875001,686,333,353,78,37,41,208,91,117,184,97,87,216,108,108
58876801,2374,1168,1206,239,108,131,366,150,216,1093,566,527,676,344,332
58876802,24,14,10,2,2,0,7,2,5,7,5,2,8,5,3
58876803,24,13,11,1,1,0,1,0,1,14,8,6,8,4,4
58876804,355,179,176,50,25,25,34,12,22,170,82,88,101,60,41
55390501,268,135,133,32,18,14,57,21,36,80,41,39,99,55,44
58878401,335,169,166,38,17,21,80,35,45,102,58,44,115,59,56
58880601,217,110,107,33,13,20,28,11,17,63,39,24,93,47,46
58881401,420,214,206,55,22,33,59,29,30,178,95,83,128,68,60
58882201,171,86,85,31,16,15,42,17,25,37,21,16,61,32,29
58882202,246,133,113,33,16,17,58,29,29,60,31,29,95,57,38
58883101,212,109,103,32,16,16,65,32,33,51,26,25,64,35,29
58884901,175,85,90,17,8,9,27,11,16,66,36,30,65,30,35
58884902,463,216,247,48,23,25,92,41,51,136,69,67,187,83,104
58884903,214,106,108,33,17,16,39,17,22,70,39,31,72,33,39
58886501,457,222,235,38,20,18,93,43,50,194,95,99,132,64,68
58886502,227,112,115,16,8,8,55,24,31,95,53,42,61,27,34
58887301,430,223,207,41,26,15,146,67,79,107,63,44,136,67,69
58739701,259,134,125,21,10,11,63,22,41,77,45,32,98,57,41
58889001,676,352,324,81,41,40,137,62,75,236,132,104,222,117,105
58890301,1147,566,581,139,66,73,437,205,232,278,136,142,293,159,134
54972001,962,474,488,125,60,65,242,110,132,336,174,162,259,130,129
58892001,54,33,21,6,5,1,0,0,0,25,15,10,23,13,10
58892002,21,11,10,1,1,0,7,5,2,7,3,4,6,2,4
58892003,382,201,181,54,27,27,88,44,44,113,68,45,127,62,65
58892004,21,11,10,1,1,0,7,2,5,6,4,2,7,4,3
58892005,21,11,10,1,0,1,3,2,1,7,3,4,10,6,4
58893801,483,234,249,41,15,26,101,45,56,219,120,99,122,54,68
58893802,446,225,221,52,26,26,94,42,52,176,89,87,124,68,56
58893803,214,107,107,27,12,15,33,13,20,100,54,46,54,28,26
58894601,643,322,321,58,31,27,223,92,131,182,100,82,180,99,81
58895401,65,31,34,12,5,7,20,10,10,20,10,10,13,6,7
58895403,589,296,293,98,46,52,87,38,49,218,121,97,186,91,95
58896201,58,30,28,3,2,1,13,6,7,29,16,13,13,6,7
58896202,488,259,229,36,21,15,135,69,66,169,91,78,148,78,70
58897101,569,269,300,51,26,25,217,98,119,160,86,74,141,59,82
58898901,357,184,173,38,17,21,60,32,28,144,80,64,115,55,60
58899701,30,15,15,2,1,1,9,4,5,11,6,5,8,4,4
58899702,596,294,302,72,36,36,116,48,68,204,99,105,204,111,93
58900401,146,70,76,20,11,9,39,16,23,38,20,18,49,23,26
58900402,74,44,30,7,4,3,17,7,10,34,21,13,16,12,4
58900403,134,71,63,19,10,9,32,13,19,51,32,19,32,16,16
58903901,595,312,283,65,32,33,200,91,109,160,87,73,170,102,68
58904701,233,132,101,21,10,11,46,23,23,121,70,51,45,29,16
58905501,144,74,70,22,11,11,39,19,20,36,18,18,47,26,21
55718801,352,180,172,34,18,16,84,34,50,131,67,64,103,61,42
58908001,277,145,132,19,8,11,66,32,34,91,52,39,101,53,48
58908002,139,67,72,11,4,7,41,19,22,48,23,25,39,21,18
58909801,227,112,115,20,8,12,46,22,24,88,44,44,73,38,35
58909802,29,17,12,3,3,0,5,3,2,11,6,5,10,5,5
58911001,169,77,92,20,8,12,14,4,10,79,37,42,56,28,28
58912801,333,157,176,31,16,15,59,22,37,121,65,56,122,54,68
58912802,73,36,37,12,7,5,13,5,8,18,11,7,30,13,17
58913601,386,203,183,37,17,20,151,81,70,59,31,28,139,74,65
54239301,190,97,93,29,17,12,56,25,31,77,39,38,28,16,12
58915201,304,153,151,42,23,19,114,50,64,73,42,31,75,38,37
58916101,27,14,13,3,1,2,5,2,3,7,5,2,12,6,6
58916102,657,307,350,86,35,51,76,27,49,294,144,150,201,101,100
58725701,137,75,62,34,18,16,37,20,17,39,22,17,27,15,12
58918701,194,100,94,14,6,8,39,20,19,56,33,23,85,41,44
58918702,1170,575,595,112,52,60,205,80,125,484,244,240,369,199,170
58919501,142,80,62,22,12,10,35,15,20,56,36,20,29,17,12
58919502,231,120,111,23,14,9,43,20,23,90,46,44,75,40,35
58919503,124,63,61,12,6,6,41,21,20,37,20,17,34,16,18
58919505,160,81,79,18,8,10,33,18,15,63,32,31,46,23,23
58919506,1313,659,654,113,53,60,305,132,173,474,250,224,421,224,197
58921701,150,77,73,15,10,5,23,11,12,85,45,40,27,11,16
58921702,446,224,222,35,16,19,99,45,54,190,94,96,122,69,53
58922501,547,259,288,58,27,31,173,76,97,174,90,84,142,66,76
58923301,800,391,409,73,33,40,366,177,189,185,100,85,176,81,95
59201301,1720,837,883,236,101,135,400,176,224,622,336,286,462,224,238
59202101,2051,1023,1028,186,88,98,972,454,518,303,171,132,590,310,280
59203001,1494,743,751,186,81,105,464,207,257,437,240,197,407,215,192
59203002,375,184,191,44,24,20,182,82,100,62,35,27,87,43,44
59204801,305,164,141,47,27,20,76,39,37,66,39,27,116,59,57
59204802,223,105,118,27,17,10,62,20,42,63,30,33,71,38,33
59204803,148,77,71,27,17,10,40,15,25,45,27,18,36,18,18
59204804,1024,508,516,128,59,69,313,147,166,289,149,140,294,153,141
59204806,187,99,88,24,10,14,29,14,15,71,39,32,63,36,27
59204808,1818,880,938,261,111,150,531,222,309,510,273,237,516,274,242
59204809,546,262,284,60,26,34,139,54,85,187,99,88,160,83,77
59206401,2085,1046,1039,293,135,158,791,346,445,507,296,211,494,269,225
59205601,780,391,389,65,33,32,422,196,226,63,37,26,230,125,105
59207201,698,346,352,99,50,49,180,76,104,220,120,100,199,100,99
59207202,103,52,51,22,6,16,21,9,12,37,22,15,23,15,8
59208101,1664,846,818,212,101,111,455,197,258,507,283,224,490,265,225
59209901,933,479,454,86,46,40,484,235,249,81,50,31,282,148,134
59210201,24,12,12,5,3,2,2,1,1,10,6,4,7,2,5
59210202,51,31,20,2,2,0,11,4,7,19,13,6,19,12,7
59210203,48,27,21,3,0,3,17,10,7,15,9,6,13,8,5
59210204,48,24,24,3,1,2,14,6,8,12,7,5,19,10,9
59210205,1994,938,1056,276,122,154,660,252,408,587,324,263,471,240,231
59210206,241,131,110,35,19,16,61,29,32,90,52,38,55,31,24
59211101,764,374,390,97,51,46,342,163,179,115,62,53,210,98,112
59211102,22,14,8,4,2,2,6,5,1,6,4,2,6,3,3
59213701,366,178,188,49,24,25,156,69,87,60,39,21,101,46,55
59214501,2761,1394,1367,372,193,179,1302,604,698,385,233,152,702,364,338
59215301,481,245,236,66,33,33,253,115,138,94,59,35,68,38,30
59217002,4130,2016,2114,537,271,266,1634,691,943,850,463,387,1109,591,518
59218801,784,401,383,133,66,67,272,125,147,154,91,63,225,119,106
59219601,28,16,12,2,1,1,8,4,4,8,6,2,10,5,5
55073601,211,114,97,19,12,7,107,48,59,30,19,11,55,35,20
59220001,678,359,319,69,38,31,333,156,177,92,61,31,184,104,80
59220002,280,137,143,20,9,11,184,86,98,34,22,12,42,20,22
59221801,945,470,475,137,58,79,286,129,157,312,171,141,210,112,98
59222601,1747,874,873,237,120,117,568,250,318,475,274,201,467,230,237
59223401,432,227,205,82,41,41,119,56,63,82,54,28,149,76,73
59226901,1074,552,522,104,58,46,416,186,230,263,147,116,291,161,130
59227701,521,252,269,64,32,32,195,86,109,117,68,49,145,66,79
59228501,899,450,449,114,57,57,414,183,231,147,91,56,224,119,105
59229301,843,426,417,86,46,40,246,98,148,265,151,114,246,131,115
59230701,35,19,16,7,4,3,7,4,3,12,6,6,9,5,4
59230703,376,191,185,39,19,20,53,23,30,142,83,59,142,66,76
59232301,145,74,71,11,6,5,36,18,18,51,28,23,47,22,25
59232302,788,389,399,125,55,70,206,93,113,238,127,111,219,114,105
3044330,0,0,0,0,0,0,0,0,0,0,0,0,0,0,0
55074401,2799,1330,1469,409,181,228,864,364,500,789,418,371,737,367,370
55074402,27,20,7,17,13,4,4,3,1,1,1,0,5,3,2
55074403,2410,1169,1241,338,162,176,760,325,435,691,380,311,621,302,319
55074404,101,55,46,2,2,0,8,4,4,20,10,10,71,39,32
59234002,235,123,112,22,14,8,76,34,42,36,21,15,101,54,47
59236601,446,234,212,67,32,35,126,64,62,126,70,56,127,68,59
0960910,0,0,0,0,0,0,0,0,0,0,0,0,0,0,0
59238201,152,81,71,15,12,3,31,15,16,45,24,21,61,30,31
59238202,988,503,485,100,49,51,438,192,246,203,122,81,247,140,107
59239101,680,335,345,89,44,45,229,100,129,201,115,86,161,76,85
59240401,759,377,382,76,35,41,322,139,183,178,101,77,183,102,81
59241201,1535,749,786,217,96,121,493,201,292,408,221,187,417,231,186
59242101,760,359,401,107,44,63,209,70,139,216,126,90,228,119,109
59243901,3217,1589,1628,307,155,152,1647,753,894,465,267,198,798,414,384
59244701,729,368,361,73,38,35,276,124,152,188,104,84,192,102,90
59245501,1359,684,675,108,54,54,649,309,340,306,165,141,296,156,140
1161900,0,0,0,0,0,0,0,0,0,0,0,0,0,0,0
59246301,794,408,386,100,48,52,239,104,135,243,147,96,212,109,103
59246303,2463,1213,1250,371,174,197,731,317,414,651,376,275,710,346,364
59247101,95,47,48,11,5,6,11,5,6,41,21,20,32,16,16
59247102,762,385,377,112,55,57,192,83,109,213,117,96,245,130,115
59248001,666,337,329,80,43,37,287,131,156,108,64,44,191,99,92
59249801,28,13,15,3,1,2,17,8,9,1,1,0,7,3,4
59249802,837,421,416,91,47,44,350,169,181,165,88,77,231,117,114
59250101,851,417,434,112,60,52,274,109,165,257,133,124,208,115,93
59251001,1939,952,987,207,94,113,863,397,466,359,197,162,510,264,246
59252801,997,491,506,133,65,68,465,209,256,219,123,96,180,94,86
59253601,709,351,358,49,25,24,387,184,203,75,46,29,198,96,102
59253602,108,54,54,9,4,5,44,18,26,26,17,9,29,15,14
59253603,173,91,82,14,6,8,94,48,46,35,22,13,30,15,15
59255201,429,222,207,62,30,32,149,58,91,73,41,32,145,93,52
59256101,394,210,184,52,25,27,104,50,54,128,73,55,110,62,48
59257901,671,330,341,84,45,39,188,81,107,157,86,71,242,118,124
59258701,126,68,58,16,7,9,21,10,11,50,25,25,39,26,13
55075201,54,28,26,5,4,1,7,2,5,24,16,8,18,6,12
55075202,84,43,41,19,7,12,19,10,9,28,16,12,18,10,8
55075203,2703,1260,1443,345,144,201,696,290,406,912,480,432,750,346,404
55075204,3636,1808,1828,498,230,268,1070,485,585,1113,605,508,955,488,467
55075205,28,17,11,3,3,0,2,0,2,8,6,2,15,8,7
55075208,21,10,11,1,0,1,2,1,1,10,6,4,8,3,5
59260901,41,23,18,8,4,4,15,7,8,3,2,1,15,10,5
59260902,723,359,364,72,38,34,382,172,210,94,48,46,175,101,74
59261701,2121,1056,1065,135,77,58,1334,633,701,153,86,67,499,260,239
59261702,1104,526,578,91,51,40,504,211,293,216,112,104,293,152,141
59262501,359,174,185,59,24,35,95,38,57,61,34,27,144,78,66
59262502,37,23,14,7,6,1,10,5,5,14,7,7,6,5,1
59263301,151,85,66,24,9,15,21,9,12,69,46,23,37,21,16
59264101,1078,550,528,66,38,28,625,292,333,96,60,36,291,160,131
59265001,586,300,286,66,34,32,208,94,114,154,85,69,158,87,71
59265002,55,33,22,8,6,2,11,6,5,19,11,8,17,10,7
59266801,217,107,110,30,13,17,76,33,43,34,18,16,77,43,34
59267601,1561,784,777,174,89,85,720,318,402,262,148,114,405,229,176
59269201,1530,770,760,164,74,90,546,259,287,423,222,201,397,215,182
59270601,1115,542,573,153,80,73,309,131,178,305,164,141,348,167,181
59271401,232,114,118,25,11,14,102,49,53,49,26,23,56,28,28
59272201,1095,550,545,161,68,93,343,164,179,296,168,128,295,150,145
1729010,0,0,0,0,0,0,0,0,0,0,0,0,0,0,0
1729440,0,0,0,0,0,0,0,0,0,0,0,0,0,0,0
59200501,2120,1014,1106,324,157,167,595,251,344,647,339,308,554,267,287
59200502,814,398,416,110,55,55,341,142,199,194,115,79,169,86,83
59200503,1075,527,548,113,49,64,395,168,227,325,186,139,242,124,118
59200504,534,277,257,78,36,42,99,52,47,220,123,97,137,66,71
59200505,2735,1349,1386,417,202,215,514,240,274,1027,550,477,777,357,420
59200506,3532,1731,1801,466,223,243,933,404,529,1267,666,601,866,438,428
59200507,566,280,286,63,27,36,104,44,60,186,98,88,213,111,102
59200508,58,29,29,8,3,5,14,6,8,18,12,6,18,8,10
59200509,613,280,333,88,46,42,187,63,124,150,82,68,188,89,99
59200510,258,123,135,34,12,22,31,12,19,130,68,62,63,31,32
59200511,2346,1157,1189,306,120,186,484,196,288,782,428,354,774,413,361
59200512,321,149,172,52,19,33,59,25,34,101,50,51,109,55,54
59200513,932,415,517,138,53,85,207,63,144,368,200,168,219,99,120
59200514,477,209,268,65,27,38,123,41,82,156,80,76,133,61,72
59200515,52,36,16,6,6,0,10,5,5,8,5,3,28,20,8
59200516,26,12,14,8,3,5,6,3,3,11,6,5,1,0,1
59200517,3422,1553,1869,502,212,290,734,286,448,1287,666,621,899,389,510
59200518,1377,634,743,205,86,119,314,121,193,511,261,250,347,166,181
59200519,2059,940,1119,275,116,159,418,153,265,801,400,401,565,271,294
59200520,794,381,413,101,42,59,144,62,82,308,162,146,241,115,126
59200521,908,401,507,126,52,74,193,69,124,366,175,191,223,105,118
1730370,0,0,0,0,0,0,0,0,0,0,0,0,0,0,0
1731000,0,0,0,0,0,0,0,0,0,0,0,0,0,0,0
59273101,65,30,35,7,3,4,26,10,16,16,10,6,16,7,9
59273102,739,361,378,77,37,40,322,145,177,156,83,73,184,96,88
59273104,23,11,12,7,3,4,9,5,4,4,2,2,3,1,2
59273105,230,117,113,26,13,13,126,57,69,45,27,18,33,20,13
59273106,745,369,376,60,23,37,403,193,210,109,59,50,173,94,79
59273107,1024,520,504,99,49,50,540,251,289,175,102,73,210,118,92
59273108,33,20,13,1,1,0,15,8,7,7,6,1,10,5,5
59273110,92,48,44,19,11,8,32,15,17,23,12,11,18,10,8
59273112,940,433,507,110,52,58,302,121,181,282,149,133,246,111,135
59273113,4495,2104,2391,626,285,341,1281,506,775,1273,651,622,1315,662,653
59273114,2132,1096,1036,258,127,131,666,300,366,674,367,307,534,302,232
59273115,858,434,424,109,56,53,286,130,156,212,120,92,251,128,123
59273117,2209,1094,1115,252,110,142,783,371,412,537,304,233,637,309,328
59273119,2463,1222,1241,314,144,170,741,331,410,757,412,345,651,335,316
59273120,45,34,11,4,3,1,6,6,0,17,11,6,18,14,4
59274901,517,255,262,53,23,30,137,61,76,186,104,82,141,67,74
59274902,2474,1190,1284,317,132,185,639,258,381,848,478,370,670,322,348
59274903,1106,563,543,184,88,96,240,104,136,357,200,157,325,171,154
59275701,236,119,117,39,21,18,57,24,33,58,34,24,82,40,42
59277301,51,32,19,5,2,3,26,17,9,11,6,5,9,7,2
59277303,47,26,21,2,2,0,30,15,15,3,2,1,12,7,5
59277304,85,46,39,2,0,2,49,27,22,14,8,6,20,11,9
59278101,403,203,200,41,22,19,176,82,94,77,40,37,109,59,50
59279001,1099,527,572,113,54,59,419,178,241,353,187,166,214,108,106
59280301,522,269,253,61,33,28,256,119,137,89,59,30,116,58,58
59282001,2810,1409,1401,318,163,155,1188,539,649,549,300,249,755,407,348
59283801,96,54,42,12,6,6,24,15,9,15,8,7,45,25,20
59283802,32,22,10,5,3,2,6,3,3,12,9,3,9,7,2
59283803,25,13,12,0,0,0,12,6,6,1,1,0,12,6,6
59284601,947,487,460,100,52,48,356,154,202,216,129,87,275,152,123
59285401,321,166,155,45,25,20,124,57,67,61,36,25,91,48,43
59286201,1587,794,793,212,109,103,526,231,295,398,221,177,451,233,218
59287102,42,20,22,6,2,4,25,11,14,3,2,1,8,5,3
59287105,128,64,64,17,8,9,62,29,33,4,2,2,45,25,20
54164801,49,32,17,3,1,2,11,6,5,15,12,3,20,13,7
54164802,923,478,445,137,70,67,192,83,109,290,165,125,304,160,144
54171101,108,55,53,14,7,7,22,11,11,25,11,14,47,26,21
54171102,171,82,89,23,10,13,32,14,18,63,33,30,53,25,28
54171103,30,14,16,1,1,0,5,1,4,13,6,7,11,6,5
54171104,696,344,352,64,31,33,143,60,83,277,139,138,212,114,98
0285680,0,0,0,0,0,0,0,0,0,0,0,0,0,0,0
54180001,31,18,13,2,2,0,19,11,8,8,4,4,2,1,1
54180002,65,31,34,15,9,6,6,1,5,29,14,15,15,7,8
54180003,20,9,11,1,1,0,11,3,8,5,4,1,3,1,2
54180004,1679,841,838,170,85,85,579,269,310,352,183,169,578,304,274
54180006,36,18,18,5,2,3,23,10,13,1,1,0,7,5,2
54264402,81,45,36,7,6,1,38,21,17,6,2,4,30,16,14
54264403,1269,641,628,90,45,45,616,290,326,139,83,56,424,223,201
54264404,72,43,29,17,12,5,22,9,13,7,5,2,26,17,9
54267901,1164,552,612,121,57,64,376,154,222,268,144,124,399,197,202
54267902,193,97,96,28,15,13,47,22,25,41,20,21,77,40,37
54267903,208,103,105,11,6,5,80,40,40,41,19,22,76,38,38
54267904,115,57,58,9,4,5,63,33,30,11,7,4,32,13,19
54267905,75,38,37,3,1,2,28,14,14,10,6,4,34,17,17
54267906,95,46,49,17,8,9,44,19,25,20,12,8,14,7,7
54267907,87,48,39,9,4,5,40,19,21,9,7,2,29,18,11
54267908,242,130,112,32,19,13,64,30,34,54,30,24,92,51,41
54267909,137,69,68,10,3,7,73,36,37,7,4,3,47,26,21
54268702,152,76,76,24,9,15,24,10,14,59,34,25,45,23,22
54268703,23,12,11,2,1,1,0,0,0,1,1,0,20,10,10
54268704,57,30,27,3,1,2,8,3,5,18,10,8,28,16,12
54268706,442,219,223,51,24,27,84,34,50,147,79,68,160,82,78
54268707,57,31,26,8,4,4,12,5,7,21,12,9,16,10,6
54268710,41,23,18,4,1,3,3,1,2,24,15,9,10,6,4
54268711,32,13,19,3,1,2,6,2,4,11,5,6,12,5,7
54268712,45,23,22,4,2,2,16,7,9,6,5,1,19,9,10
54268713,27,11,16,1,0,1,5,2,3,11,6,5,10,3,7
54268714,51,23,28,2,1,1,13,6,7,14,7,7,22,9,13
54268715,64,33,31,14,8,6,14,5,9,20,11,9,16,9,7
54268716,275,145,130,26,16,10,76,33,43,60,33,27,113,63,50
54268717,187,90,97,24,12,12,56,25,31,35,19,16,72,34,38
54268718,926,479,447,127,65,62,274,124,150,231,138,93,294,152,142
54272501,1291,661,630,100,46,54,750,367,383,147,90,57,294,158,136
54275001,2013,993,1020,200,101,99,667,299,368,562,294,268,584,299,285
54275002,39,20,19,4,2,2,18,8,10,5,2,3,12,8,4
54275003,124,63,61,12,8,4,41,19,22,21,13,8,50,23,27
54276801,1577,796,781,140,61,79,625,290,335,284,160,124,528,285,243
54276802,79,34,45,8,2,6,40,18,22,11,5,6,20,9,11
54276803,561,264,297,41,18,23,199,89,110,138,69,69,183,88,95
54276804,36,17,19,12,6,6,8,3,5,6,4,2,10,4,6
54278401,63,30,33,11,3,8,23,11,12,14,10,4,15,6,9
54278402,32,13,19,4,0,4,12,5,7,4,2,2,12,6,6
54278403,39,19,20,6,2,4,14,6,8,9,6,3,10,5,5
54278404,56,25,31,9,3,6,27,11,16,5,3,2,15,8,7
54278407,343,181,162,24,13,11,128,59,69,69,41,28,122,68,54
54278408,109,56,53,6,2,4,40,20,20,43,22,21,20,12,8
54278409,132,64,68,12,6,6,45,17,28,39,23,16,36,18,18
54278410,106,54,52,4,2,2,50,24,26,26,15,11,26,13,13
54278411,666,322,344,57,27,30,319,146,173,94,53,41,196,96,100
54278412,297,148,149,37,20,17,89,38,51,69,36,33,102,54,48
54278413,46,28,18,6,2,4,17,11,6,11,6,5,12,9,3
54278414,195,104,91,13,10,3,70,36,34,51,28,23,61,30,31
54281401,737,369,368,80,37,43,202,86,116,174,93,81,281,153,128
54281402,43,19,24,3,1,2,20,10,10,4,2,2,16,6,10
54281403,162,72,90,10,4,6,58,21,37,41,22,19,53,25,28
54281404,108,55,53,9,5,4,45,21,24,24,15,9,30,14,16
54281405,43,26,17,1,0,1,20,11,9,6,5,1,16,10,6
54281406,747,368,379,103,46,57,222,99,123,206,109,97,216,114,102
54281407,29,15,14,0,0,0,16,7,9,3,3,0,10,5,5
54281408,60,28,32,13,5,8,17,8,9,4,3,1,26,12,14
54283101,21,11,10,2,1,1,0,0,0,3,1,2,16,9,7
54283102,718,356,362,82,38,44,209,88,121,179,105,74,248,125,123
54286501,1905,964,941,188,86,102,359,162,197,751,397,354,607,319,288
54286504,43,29,14,4,3,1,13,7,6,14,10,4,12,9,3
57034601,744,366,378,73,30,43,161,77,84,275,145,130,235,114,121
54290301,514,257,257,69,27,42,71,33,38,214,122,92,160,75,85
54290302,82,41,41,7,4,3,7,5,2,30,15,15,38,17,21
54290303,103,55,48,12,5,7,17,10,7,48,26,22,26,14,12
54290305,132,73,59,20,9,11,36,19,17,49,30,19,27,15,12
54291101,179,96,83,16,7,9,44,23,21,34,17,17,85,49,36
54291103,52,32,20,8,5,3,14,6,8,13,10,3,17,11,6
54291104,2169,1079,1090,205,92,113,521,221,300,528,296,232,915,470,445
54291105,58,29,29,1,1,0,32,15,17,9,3,6,16,10,6
54294602,50,25,25,5,2,3,13,6,7,25,11,14,7,6,1
54294603,976,522,454,68,34,34,321,157,164,279,165,114,308,166,142
54298901,101,49,52,14,9,5,48,21,27,8,6,2,31,13,18
54298902,150,78,72,13,4,9,50,24,26,40,24,16,47,26,21
54298903,137,75,62,20,10,10,32,15,17,56,35,21,29,15,14
54298904,254,131,123,15,10,5,127,60,67,36,21,15,76,40,36
54298905,1188,602,586,117,59,58,423,201,222,360,198,162,288,144,144
54298906,748,374,374,64,28,36,401,191,210,149,82,67,134,73,61
54299701,451,235,216,43,20,23,181,76,105,94,59,35,133,80,53
50006201,1821,910,911,209,96,113,385,179,206,648,347,301,579,288,291
50006202,199,101,98,15,8,7,56,26,30,79,42,37,49,25,24
54302101,46,28,18,8,6,2,16,10,6,6,4,2,16,8,8
54302102,575,304,271,61,29,32,233,107,126,109,73,36,172,95,77
54309801,829,408,421,44,28,16,569,262,307,63,38,25,153,80,73
54426401,633,318,315,55,21,34,189,93,96,141,76,65,248,128,120
54430201,394,205,189,32,10,22,115,52,63,99,62,37,148,81,67
54430202,719,355,364,98,38,60,174,76,98,256,137,119,191,104,87
54430203,214,110,104,24,11,13,48,21,27,82,45,37,60,33,27
54430204,143,62,81,13,8,5,48,16,32,43,21,22,39,17,22
54430206,254,123,131,23,8,15,100,46,54,53,31,22,78,38,40
54430207,113,54,59,7,2,5,23,9,14,30,19,11,53,24,29
54430208,170,86,84,13,6,7,43,19,24,45,25,20,69,36,33
55686601,42,19,23,4,2,2,12,7,5,4,4,0,22,6,16
55686602,691,351,340,59,25,34,149,65,84,242,131,111,241,130,111
54437001,1685,853,832,90,49,41,1158,557,601,108,71,37,329,176,153
54437003,34,19,15,0,0,0,24,11,13,4,4,0,6,4,2
54439601,26,11,15,5,3,2,7,2,5,3,2,1,11,4,7
54439602,29,14,15,5,4,1,14,4,10,7,4,3,3,2,1
54439603,50,23,27,8,4,4,16,7,9,7,2,5,19,10,9
54439604,1307,627,680,100,46,54,391,178,213,385,204,181,431,199,232
54439605,65,32,33,8,2,6,35,18,17,2,1,1,20,11,9
54441801,127,60,67,16,7,9,21,7,14,51,26,25,39,20,19
54441802,665,315,350,63,34,29,168,68,100,207,106,101,227,107,120
54443402,63,31,32,9,6,3,22,10,12,10,4,6,22,11,11
54443405,517,251,266,49,20,29,248,120,128,82,47,35,138,64,74
54446901,53,25,28,6,2,4,24,10,14,7,5,2,16,8,8
54446902,216,112,104,12,6,6,70,33,37,57,33,24,77,40,37
54450701,31,20,11,5,3,2,7,3,4,9,8,1,10,6,4
54450702,30,16,14,9,4,5,3,2,1,5,4,1,13,6,7
54450703,721,372,349,80,44,36,125,53,72,257,146,111,259,129,130
54450704,23,11,12,3,0,3,6,3,3,8,6,2,6,2,4
54456601,30,18,12,6,5,1,10,4,6,1,1,0,13,8,5
54456602,1801,920,881,181,90,91,674,314,360,379,212,167,567,304,263
54456603,501,262,239,57,30,27,155,76,79,79,41,38,210,115,95
54456604,65,33,32,8,5,3,26,11,15,4,3,1,27,14,13
54457401,333,171,162,42,21,21,69,29,40,148,82,66,74,39,35
54457402,64,34,30,8,3,5,21,13,8,16,7,9,19,11,8
54457403,62,28,34,13,6,7,7,2,5,22,12,10,20,8,12
56949601,252,144,108,37,24,13,63,29,34,57,33,24,95,58,37
54462101,569,282,287,56,31,25,159,69,90,152,80,72,202,102,100
50007101,1716,875,841,175,82,93,336,156,180,654,346,308,551,291,260
54465501,559,272,287,48,22,26,246,105,141,95,57,38,170,88,82
54467101,456,237,219,35,16,19,191,85,106,93,58,35,137,78,59
54467102,46,24,22,0,0,0,16,8,8,14,5,9,16,11,5
54469801,314,157,157,37,17,20,114,56,58,80,45,35,83,39,44
54469802,110,52,58,8,4,4,27,10,17,30,15,15,45,23,22
54469803,67,35,32,6,2,4,13,6,7,28,17,11,20,10,10
54469805,80,40,40,7,3,4,15,7,8,27,16,11,31,14,17
54469806,1140,559,581,152,68,84,356,143,213,285,163,122,347,185,162
54472801,79,46,33,14,7,7,17,9,8,21,15,6,27,15,12
54472803,564,292,272,61,38,23,157,67,90,147,74,73,199,113,86
54478701,1719,872,847,139,65,74,478,216,262,569,306,263,533,285,248
54478702,55,23,32,8,3,5,14,8,6,14,6,8,19,6,13
54484101,1498,716,782,178,62,116,282,117,165,563,303,260,475,234,241
54484103,81,35,46,15,6,9,9,3,6,35,16,19,22,10,12
54484104,1125,536,589,139,60,79,206,81,125,426,229,197,354,166,188
54484105,1668,816,852,175,78,97,386,131,255,537,292,245,570,315,255
54484106,146,71,75,25,9,16,23,12,11,38,22,16,60,28,32
54484108,27,12,15,6,3,3,6,3,3,4,2,2,11,4,7
54484109,418,209,209,59,24,35,145,71,74,116,64,52,98,50,48
54484110,731,354,377,112,58,54,159,70,89,282,137,145,178,89,89
54484111,148,71,77,16,8,8,32,16,16,54,27,27,46,20,26
54484112,130,65,65,9,3,6,40,14,26,45,28,17,36,20,16
54484113,1652,773,879,231,99,132,323,124,199,574,313,261,524,237,287
54484114,2083,974,1109,270,117,153,414,156,258,808,421,387,591,280,311
54484115,1240,606,634,141,63,78,350,163,187,401,204,197,348,176,172
54484116,2360,1103,1257,289,115,174,535,224,311,799,410,389,737,354,383
54484117,390,180,210,35,15,20,126,61,65,104,53,51,125,51,74
54484119,182,95,87,19,12,7,36,13,23,67,39,28,60,31,29
54484120,649,323,326,96,48,48,149,68,81,220,120,100,184,87,97
54484121,317,158,159,47,18,29,82,37,45,104,59,45,84,44,40
54484122,91,45,46,11,6,5,14,6,8,38,21,17,28,12,16
54484123,1069,528,541,127,50,77,270,118,152,305,163,142,367,197,170
54485002,658,329,329,54,29,25,164,64,100,204,105,99,236,131,105
54485003,69,31,38,8,4,4,18,5,13,20,11,9,23,11,12
54485004,88,46,42,8,4,4,25,12,13,26,14,12,29,16,13
54485005,77,35,42,7,3,4,11,4,7,33,14,19,26,14,12
54490601,292,152,140,25,17,8,95,47,48,81,38,43,91,50,41
54491401,533,268,265,28,18,10,324,153,171,41,24,17,140,73,67
54492201,844,430,414,72,35,37,222,97,125,299,167,132,251,131,120
57037101,577,282,295,53,20,33,113,44,69,216,115,101,195,103,92
54494902,336,168,168,24,13,11,131,67,64,72,39,33,109,49,60
54494903,641,315,326,33,14,19,271,116,155,138,77,61,199,108,91
54494904,75,40,35,6,3,3,27,15,12,13,7,6,29,15,14
54494905,76,39,37,8,3,5,40,21,19,12,5,7,16,10,6
54494906,66,30,36,9,3,6,30,11,19,7,5,2,20,11,9
54494907,206,107,99,22,11,11,67,28,39,49,30,19,68,38,30
54494908,446,201,245,41,17,24,186,81,105,55,27,28,164,76,88
54494909,74,38,36,4,2,2,34,16,18,6,4,2,30,16,14
54494910,241,124,117,26,11,15,77,34,43,52,28,24,86,51,35
54499001,1256,635,621,104,46,58,532,247,285,224,130,94,396,212,184
54499002,153,80,73,11,7,4,56,27,29,25,14,11,61,32,29
55302601,408,194,214,15,8,7,237,109,128,55,30,25,101,47,54
54505801,640,332,308,79,30,49,110,51,59,232,132,100,219,119,100
54505802,964,476,488,104,43,61,229,101,128,318,175,143,313,157,156
54505803,218,109,109,33,14,19,58,27,31,75,41,34,52,27,25
54505804,258,131,127,14,6,8,48,19,29,101,52,49,95,54,41
54505805,231,119,112,17,6,11,100,49,51,77,42,35,37,22,15
54505806,3016,1365,1651,304,125,179,607,235,372,1147,561,586,958,444,514
54505807,193,94,99,31,14,17,46,21,25,71,34,37,45,25,20
54505808,90,44,46,12,3,9,8,2,6,46,24,22,24,15,9
54505809,288,151,137,24,12,12,58,23,35,109,62,47,97,54,43
54505810,2497,1163,1334,334,144,190,483,195,288,859,434,425,821,390,431
54505811,641,321,320,74,33,41,103,41,62,217,117,100,247,130,117
54505812,276,139,137,35,18,17,50,17,33,110,59,51,81,45,36
54505813,55,47,8,14,11,3,17,14,3,16,15,1,8,7,1
54505814,2456,1205,1251,262,118,144,569,258,311,960,512,448,665,317,348
54505815,2321,1132,1189,276,109,167,434,187,247,919,477,442,692,359,333
54505816,301,154,147,32,9,23,82,36,46,95,58,37,92,51,41
54505817,1944,896,1048,212,90,122,397,158,239,813,412,401,522,236,286
54505818,90,48,42,9,5,4,8,4,4,60,33,27,13,6,7
54505820,898,497,401,69,29,40,117,51,66,294,154,140,418,263,155
54505821,294,135,159,28,14,14,65,25,40,108,57,51,93,39,54
54505822,459,219,240,44,18,26,81,36,45,227,113,114,107,52,55
54505823,1638,789,849,217,91,126,334,138,196,583,316,267,504,244,260
54505825,218,113,105,23,12,11,41,22,19,79,42,37,75,37,38
54505826,240,102,138,19,9,10,77,33,44,70,30,40,74,30,44
54505828,1355,685,670,144,63,81,304,144,160,531,289,242,376,189,187
54505829,128,65,63,11,2,9,33,15,18,32,20,12,52,28,24
54514701,101,52,49,6,5,1,57,28,29,12,7,5,26,12,14
54514702,97,52,45,7,5,2,52,27,25,12,8,4,26,12,14
54514703,87,42,45,7,2,5,35,19,16,22,11,11,23,10,13
54514704,192,96,96,17,6,11,67,32,35,44,26,18,64,32,32
54516301,227,116,111,40,20,20,66,26,40,46,28,18,75,42,33
54516302,1080,515,565,156,75,81,355,159,196,226,115,111,343,166,177
54516303,68,36,32,17,11,6,21,9,12,16,9,7,14,7,7
54516304,41,22,19,11,5,6,19,9,10,5,3,2,6,5,1
54516306,41,22,19,2,2,0,11,7,4,5,2,3,23,11,12
54516307,33,14,19,4,3,1,7,0,7,10,5,5,12,6,6
54516308,229,118,111,35,18,17,69,31,38,51,30,21,74,39,35
54516310,208,114,94,22,9,13,77,45,32,38,22,16,71,38,33
54516312,24,13,11,0,0,0,9,4,5,1,0,1,14,9,5
54516313,90,49,41,5,2,3,51,28,23,6,3,3,28,16,12
54516314,114,63,51,9,5,4,39,19,20,30,22,8,36,17,19
54516315,58,25,33,6,2,4,24,9,15,12,4,8,16,10,6
54519801,161,82,79,30,18,12,36,12,24,53,31,22,42,21,21
54519802,1378,678,700,174,79,95,435,196,239,353,188,165,416,215,201
54519803,96,53,43,7,2,5,46,21,25,17,11,6,26,19,7
54519804,38,20,18,1,1,0,11,6,5,17,7,10,9,6,3
54521001,1061,523,538,107,61,46,312,133,179,318,161,157,324,168,156
3311710,0,0,0,0,0,0,0,0,0,0,0,0,0,0,0
3410700,0,0,0,0,0,0,0,0,0,0,0,0,0,0,0
54163001,2166,1011,1155,216,103,113,363,141,222,955,476,479,632,291,341
54163002,33,18,15,2,1,1,2,1,1,20,10,10,9,6,3
54163004,95,47,48,11,7,4,15,5,10,29,17,12,40,18,22
54163005,1168,581,587,144,67,77,196,85,111,433,226,207,395,203,192
54163006,295,132,163,26,9,17,73,30,43,113,54,59,83,39,44
54163008,780,408,372,84,47,37,194,96,98,290,157,133,212,108,104
54163009,111,54,57,3,1,2,27,14,13,30,13,17,51,26,25
54163010,445,219,226,46,13,33,88,37,51,146,83,63,165,86,79
54163011,2696,1295,1401,257,103,154,444,206,238,1096,564,532,899,422,477
54163012,618,288,330,100,44,56,124,46,78,216,104,112,178,94,84
54163013,335,175,160,28,13,15,55,28,27,144,78,66,108,56,52
54163014,2413,1118,1295,249,117,132,493,185,308,952,477,475,719,339,380
54163015,2577,1193,1384,273,105,168,475,187,288,1097,554,543,732,347,385
54163016,2363,1095,1268,238,102,136,412,169,243,1011,498,513,702,326,376
54163018,506,246,260,60,28,32,89,40,49,193,96,97,164,82,82
54163019,1050,499,551,103,49,54,261,103,158,383,198,185,303,149,154
54163020,2194,1021,1173,200,90,110,444,160,284,812,407,405,738,364,374
54163021,515,243,272,115,54,61,87,41,46,109,45,64,204,103,101
54163022,142,106,36,14,10,4,22,15,7,2,2,0,104,79,25
54163023,169,80,89,19,8,11,37,13,24,63,36,27,50,23,27
54163024,951,469,482,100,42,58,198,87,111,346,181,165,307,159,148
54163026,459,214,245,41,20,21,77,28,49,167,88,79,174,78,96
54163027,69,37,32,8,5,3,20,8,12,16,8,8,25,16,9
54163028,2159,1127,1032,211,97,114,359,161,198,755,400,355,834,469,365
54163029,649,295,354,62,22,40,180,78,102,229,118,111,178,77,101
54523601,526,268,258,62,29,33,216,99,117,122,71,51,126,69,57
54523602,2381,1196,1185,259,120,139,699,315,384,731,389,342,692,372,320
54523603,64,31,33,4,2,2,10,3,7,28,15,13,22,11,11
54524401,484,224,260,69,30,39,195,84,111,72,41,31,148,69,79
54524403,41,17,24,6,1,5,7,4,3,5,3,2,23,9,14
54525201,86,42,44,9,5,4,35,16,19,7,4,3,35,17,18
54525202,111,58,53,13,6,7,25,13,12,21,13,8,52,26,26
54525203,789,402,387,98,43,55,268,133,135,184,105,79,239,121,118
54525204,4346,2167,2179,508,247,261,1192,531,661,1259,689,570,1387,700,687
58831801,317,157,160,34,13,21,44,16,28,145,80,65,94,48,46
58507601,646,320,326,70,37,33,221,96,125,132,77,55,223,110,113
55710201,362,182,180,36,21,15,189,88,101,49,29,20,88,44,44
58509201,748,368,380,88,38,50,219,92,127,209,120,89,232,118,114
58510601,44,21,23,1,1,0,13,9,4,15,6,9,15,5,10
58510602,612,315,297,56,28,28,230,113,117,179,91,88,147,83,64
58510603,89,45,44,9,3,6,29,14,15,31,19,12,20,9,11
3136450,0,0,0,0,0,0,0,0,0,0,0,0,0,0,0
58511402,36,19,17,4,2,2,14,9,5,6,3,3,12,5,7
58511403,1122,576,546,116,63,53,605,269,336,141,89,52,260,155,105
58511404,644,324,320,44,26,18,364,174,190,72,42,30,164,82,82
58511405,76,38,38,7,5,2,32,18,14,6,2,4,31,13,18
58511406,160,85,75,8,6,2,76,34,42,8,5,3,68,40,28
58511407,276,153,123,41,26,15,136,67,69,32,23,9,67,37,30
58511408,1344,656,688,149,65,84,556,240,316,216,129,87,423,222,201
58511409,67,37,30,7,3,4,20,10,10,12,9,3,28,15,13
58511410,513,265,248,53,30,23,264,117,147,63,37,26,133,81,52
58511411,953,471,482,110,57,53,421,200,221,143,67,76,279,147,132
53874401,1227,600,627,136,55,81,385,176,209,416,232,184,290,137,153
53874402,85,48,37,22,12,10,15,6,9,19,13,6,29,17,12
53874403,30,17,13,3,1,2,7,4,3,12,6,6,8,6,2
3411420,0,0,0,0,0,0,0,0,0,0,0,0,0,0,0
58513101,503,246,257,61,30,31,185,91,94,85,40,45,172,85,87
58514901,668,344,324,75,38,37,200,76,124,155,91,64,238,139,99
58514902,25,14,11,0,0,0,5,1,4,8,6,2,12,7,5
58515701,190,92,98,15,9,6,103,47,56,28,15,13,44,21,23
58516501,223,111,112,23,11,12,98,45,53,32,19,13,70,36,34
58517301,638,311,327,61,32,29,363,168,195,79,39,40,135,72,63
58518101,578,296,282,66,32,34,188,92,96,142,81,61,182,91,91
58519001,406,215,191,24,14,10,253,120,133,37,20,17,92,61,31
58520301,335,177,158,32,12,20,108,57,51,85,50,35,110,58,52
58521101,35,15,20,3,1,2,2,0,2,21,11,10,9,3,6
58521103,311,158,153,30,12,18,98,44,54,95,55,40,88,47,41
58521105,101,52,49,18,9,9,43,20,23,8,7,1,32,16,16
58521106,66,35,31,6,3,3,9,5,4,31,14,17,20,13,7
58521107,1470,713,757,169,67,102,414,172,242,501,280,221,386,194,192
58521108,1319,668,651,164,78,86,354,163,191,417,224,193,384,203,181
58521109,84,41,43,20,12,8,25,13,12,19,9,10,20,7,13
58521110,275,144,131,27,10,17,64,34,30,88,50,38,96,50,46
58522001,86,41,45,13,4,9,16,6,10,26,13,13,31,18,13
58522002,586,293,293,93,36,57,96,42,54,232,126,106,165,89,76
58522003,1070,542,528,96,45,51,197,77,120,415,231,184,362,189,173
58522004,109,61,48,12,6,6,23,13,10,44,25,19,30,17,13
58522005,57,33,24,15,9,6,8,5,3,21,12,9,13,7,6
58523801,83,44,39,18,12,6,16,6,10,18,9,9,31,17,14
58524601,565,277,288,94,49,45,238,111,127,100,53,47,133,64,69
58525401,287,157,130,46,22,24,73,37,36,90,56,34,78,42,36
58525402,243,128,115,20,9,11,92,44,48,60,34,26,71,41,30
58526201,20,9,11,6,3,3,4,1,3,8,4,4,2,1,1
58526202,444,221,223,69,34,35,150,67,83,111,59,52,114,61,53
58527101,528,265,263,58,33,25,225,103,122,80,48,32,165,81,84
58528901,1299,652,647,127,59,68,390,176,214,373,207,166,409,210,199
58530101,897,448,449,83,33,50,249,122,127,313,176,137,252,117,135
58531901,257,137,120,18,12,6,145,74,71,30,14,16,64,37,27
58532701,261,129,132,19,10,9,109,47,62,52,33,19,81,39,42
58705201,236,122,114,27,15,12,74,32,42,58,35,23,77,40,37
58534301,893,451,442,77,38,39,386,181,205,152,89,63,278,143,135
59225101,152,83,69,19,8,11,71,40,31,30,17,13,32,18,14
54943601,293,149,144,26,12,14,81,33,48,107,59,48,79,45,34
58696001,181,93,88,21,13,8,75,35,40,30,19,11,55,26,29
57343401,882,451,431,95,50,45,368,161,207,227,121,106,192,119,73
54955001,248,122,126,43,18,25,68,29,39,84,46,38,53,29,24
54962201,791,390,401,102,57,45,228,93,135,221,116,105,240,124,116
54962203,37,19,18,7,4,3,2,1,1,14,7,7,14,7,7
58687101,336,176,160,26,12,14,153,67,86,73,42,31,84,55,29
1984550,0,0,0,0,0,0,0,0,0,0,0,0,0,0,0
58543201,495,217,278,45,22,23,279,110,169,40,23,17,131,62,69
58544101,628,307,321,66,38,28,213,95,118,135,75,60,214,99,115
58544102,59,29,30,4,1,3,39,20,19,7,3,4,9,5,4
58545901,192,100,92,25,15,10,68,31,37,39,22,17,60,32,28
58545902,4160,1969,2191,528,210,318,1305,555,750,1282,688,594,1045,516,529
58545903,257,140,117,37,16,21,76,44,32,63,37,26,81,43,38
58545904,233,124,109,16,8,8,108,56,52,43,20,23,66,40,26
58546701,1726,815,911,196,91,105,686,265,421,429,239,190,415,220,195
55714501,460,236,224,52,23,29,120,53,67,185,102,83,103,58,45
58548301,312,153,159,33,15,18,79,33,46,124,62,62,76,43,33
58548302,99,42,57,8,2,6,17,6,11,27,13,14,47,21,26
58549101,641,321,320,53,24,29,163,70,93,231,129,102,194,98,96
58550501,676,343,333,65,36,29,201,92,109,204,112,92,206,103,103
58551304,879,456,423,97,41,56,122,50,72,357,192,165,303,173,130
58551305,79,39,40,9,3,6,9,6,3,28,15,13,33,15,18
58551306,67,36,31,4,2,2,4,2,2,41,24,17,18,8,10
58551308,1961,954,1007,241,108,133,263,90,173,834,446,388,623,310,313
58551309,20,12,8,2,1,1,5,2,3,8,5,3,5,4,1
58551310,144,74,70,14,6,8,17,8,9,67,38,29,46,22,24
58551311,37,22,15,9,6,3,6,1,5,11,7,4,11,8,3
58551313,205,98,107,16,7,9,24,10,14,104,53,51,61,28,33
58551314,509,249,260,89,41,48,85,35,50,190,100,90,145,73,72
58551315,49,24,25,7,3,4,4,2,2,21,12,9,17,7,10
58551316,417,216,201,36,18,18,55,25,30,202,110,92,124,63,61
58551317,1084,500,584,136,56,80,208,79,129,437,224,213,303,141,162
58551318,1477,727,750,172,77,95,250,110,140,649,338,311,406,202,204
58552101,678,335,343,37,23,14,472,223,249,47,31,16,122,58,64
58553001,1315,681,634,41,26,15,1060,528,532,37,18,19,177,109,68
58554801,532,274,258,21,13,8,396,197,199,11,7,4,104,57,47
58554802,112,61,51,0,0,0,75,43,32,0,0,0,37,18,19
58555601,451,216,235,43,19,24,150,63,87,123,62,61,135,72,63
54944401,382,196,186,45,21,24,90,43,47,126,68,58,121,64,57
55717001,405,214,191,35,16,19,140,71,69,102,53,49,128,74,54
1167930,0,0,0,0,0,0,0,0,0,0,0,0,0,0,0
1168070,0,0,0,0,0,0,0,0,0,0,0,0,0,0,0
1168150,0,0,0,0,0,0,0,0,0,0,0,0,0,0,0
3412230,0,0,0,0,0,0,0,0,0,0,0,0,0,0,0
58559901,911,455,456,102,53,49,176,64,112,406,220,186,227,118,109
58559903,3829,1795,2034,399,147,252,563,219,344,1735,882,853,1132,547,585
58559904,732,379,353,77,30,47,107,45,62,368,212,156,180,92,88
58559905,82,40,42,9,4,5,13,4,9,42,21,21,18,11,7
58559908,31,21,10,1,1,0,0,0,0,2,2,0,28,18,10
58559909,4734,2312,2422,514,234,280,568,236,332,2366,1218,1148,1286,624,662
58559910,49,37,12,7,7,0,7,6,1,13,8,5,22,16,6
58559912,2390,1143,1247,287,129,158,312,113,199,1092,551,541,699,350,349
58559913,822,400,422,99,48,51,204,85,119,307,163,144,212,104,108
58559914,3517,1781,1736,398,172,226,486,207,279,1454,777,677,1179,625,554
58559915,34,14,20,2,1,1,5,1,4,18,7,11,9,5,4
55687401,305,139,166,22,10,12,149,63,86,66,37,29,68,29,39
53481101,193,99,94,17,8,9,105,53,52,24,13,11,47,25,22
58561101,317,174,143,24,11,13,136,66,70,58,35,23,99,62,37
54946101,859,415,444,96,50,46,217,91,126,298,157,141,248,117,131
54953301,708,370,338,39,20,19,444,220,224,56,37,19,169,93,76
54940101,1202,596,606,146,68,78,535,257,278,253,129,124,268,142,126
54940102,77,38,39,13,7,6,26,12,14,26,14,12,12,5,7
58566101,58,26,32,11,5,6,14,7,7,18,6,12,15,8,7
58566102,713,356,357,80,34,46,345,162,183,133,78,55,155,82,73
58567001,818,420,398,99,57,42,272,133,139,266,145,121,181,85,96
55698001,51,24,27,2,1,1,16,7,9,8,4,4,25,12,13
55698002,502,251,251,64,34,30,246,106,140,63,37,26,129,74,55
58691901,244,130,114,39,22,17,72,35,37,73,39,34,60,34,26
58572601,751,378,373,85,41,44,209,91,118,258,145,113,199,101,98
58573401,637,305,332,64,33,31,368,162,206,97,56,41,108,54,54
3138580,0,0,0,0,0,0,0,0,0,0,0,0,0,0,0
3138660,0,0,0,0,0,0,0,0,0,0,0,0,0,0,0
3411510,0,0,0,0,0,0,0,0,0,0,0,0,0,0,0
58575101,460,227,233,41,22,19,264,116,148,59,39,20,96,50,46
58575103,287,145,142,35,19,16,124,56,68,58,33,25,70,37,33
58575104,150,61,89,23,10,13,85,28,57,21,14,7,21,9,12
58575105,579,284,295,65,30,35,242,103,139,138,78,60,134,73,61
58575106,781,389,392,79,41,38,333,153,180,176,98,78,193,97,96
58575107,1689,817,872,226,111,115,555,242,313,409,211,198,499,253,246
58575109,1028,497,531,125,63,62,427,175,252,214,128,86,262,131,131
58575110,1062,514,548,132,66,66,357,157,200,290,150,140,283,141,142
58576901,541,266,275,48,21,27,345,174,171,61,28,33,87,43,44
58577701,2825,1380,1445,354,162,192,876,387,489,706,374,332,889,457,432
58579301,1643,817,826,196,92,104,440,201,239,597,310,287,410,214,196
58580701,436,227,209,40,24,16,204,95,109,48,31,17,144,77,67
58581501,248,113,135,24,11,13,72,33,39,96,42,54,56,27,29
58583101,448,218,230,38,19,19,302,142,160,32,13,19,76,44,32
58583102,1522,772,750,98,57,41,884,423,461,123,85,38,417,207,210
58583103,41,22,19,2,2,0,23,11,12,0,0,0,16,9,7
58583105,32,16,16,3,1,2,14,6,8,5,4,1,10,5,5
54493101,469,249,220,45,28,17,245,121,124,38,25,13,141,75,66
54964901,1349,701,648,163,74,89,291,132,159,539,293,246,356,202,154
53518401,20,9,11,8,5,3,12,4,8,0,0,0,0,0,0
53518402,278,147,131,34,16,18,166,82,84,24,14,10,54,35,19
58585801,2223,1134,1089,227,110,117,410,198,212,859,453,406,727,373,354
58585802,127,78,49,12,8,4,18,8,10,64,41,23,33,21,12
58586601,1133,580,553,104,52,52,485,226,259,169,98,71,375,204,171
58587401,280,142,138,24,10,14,62,27,35,108,59,49,86,46,40
58588201,1143,565,578,102,54,48,624,285,339,162,96,66,255,130,125
58589101,219,112,107,20,10,10,108,50,58,31,22,9,60,30,30
58589102,318,162,156,17,10,7,183,89,94,9,7,2,109,56,53
58589103,86,45,41,6,3,3,58,29,29,6,4,2,16,9,7
58589104,860,417,443,117,53,64,375,166,209,152,81,71,216,117,99
58589105,24,14,10,1,0,1,13,7,6,2,1,1,8,6,2
58589107,1301,644,657,130,55,75,656,301,355,181,113,68,334,175,159
58589109,1610,783,827,154,87,67,705,308,397,262,145,117,489,243,246
58589110,289,140,149,18,8,10,133,57,76,52,26,26,86,49,37
54511201,305,158,147,24,14,10,155,72,83,32,20,12,94,52,42
58591201,719,345,374,70,34,36,375,174,201,116,54,62,158,83,75
58592101,788,392,396,96,43,53,229,102,127,244,141,103,219,106,113
3411260,0,0,0,0,0,0,0,0,0,0,0,0,0,0,0
58593901,192,95,97,16,6,10,50,24,26,63,35,28,63,30,33
58593902,1320,602,718,151,60,91,307,118,189,449,233,216,413,191,222
58593903,1217,589,628,117,45,72,314,142,172,469,249,220,317,153,164
58593904,52,24,28,4,2,2,13,5,8,21,12,9,14,5,9
58593905,698,352,346,78,37,41,191,88,103,225,119,106,204,108,96
58593906,35,16,19,1,0,1,5,3,2,23,12,11,6,1,5
58593907,135,64,71,10,5,5,43,21,22,47,22,25,35,16,19
58593908,79,42,37,12,7,5,17,10,7,30,17,13,20,8,12
58593909,1077,536,541,130,54,76,258,115,143,395,205,190,294,162,132
58593911,46,22,24,1,0,1,8,3,5,24,12,12,13,7,6
58699401,200,101,99,17,7,10,116,56,60,12,9,3,55,29,26
58595501,1042,517,525,115,51,64,585,275,310,88,52,36,254,139,115
58595502,343,165,178,20,14,6,194,82,112,30,16,14,99,53,46
58596301,394,202,192,50,26,24,174,89,85,84,44,40,86,43,43
58597101,1097,540,557,109,52,57,551,253,298,150,87,63,287,148,139
58598001,811,420,391,54,33,21,460,223,237,82,44,38,215,120,95
58599801,215,113,102,28,13,15,50,25,25,62,33,29,75,42,33
58599802,1065,558,507,89,38,51,290,134,156,368,208,160,318,178,140
58599803,80,39,41,10,7,3,18,8,10,35,15,20,17,9,8
58599804,88,43,45,19,8,11,8,3,5,34,18,16,27,14,13
0359390,0,0,0,0,0,0,0,0,0,0,0,0,0,0,0
0360640,0,0,0,0,0,0,0,0,0,0,0,0,0,0,0
0360720,0,0,0,0,0,0,0,0,0,0,0,0,0,0,0
0361290,0,0,0,0,0,0,0,0,0,0,0,0,0,0,0
3318560,0,0,0,0,0,0,0,0,0,0,0,0,0,0,0
58506802,565,258,307,68,23,45,121,56,65,238,119,119,138,60,78
58506803,640,322,318,49,27,22,161,71,90,277,146,131,153,78,75
58506804,805,406,399,102,50,52,178,83,95,323,177,146,202,96,106
58506805,830,379,451,98,40,58,195,74,121,326,164,162,211,101,110
58506806,47,19,28,3,1,2,4,0,4,21,12,9,19,6,13
58506807,44,20,24,11,5,6,10,3,7,7,5,2,16,7,9
58506809,26,17,9,3,3,0,1,1,0,16,8,8,6,5,1
58506810,82,41,41,12,7,5,21,8,13,29,16,13,20,10,10
58506811,714,341,373,94,44,50,158,58,100,257,137,120,205,102,103
58506812,376,181,195,33,16,17,85,36,49,125,68,57,133,61,72
58506813,1677,837,840,201,87,114,341,170,171,707,373,334,428,207,221
58506814,142,74,68,18,13,5,38,16,22,56,28,28,30,17,13
58506815,235,111,124,27,11,16,59,28,31,81,38,43,68,34,34
58506816,144,69,75,10,4,6,14,5,9,70,40,30,50,20,30
58506817,249,121,128,29,7,22,46,21,25,134,72,62,40,21,19
58506818,778,388,390,104,49,55,144,71,73,302,158,144,228,110,118
58506820,25,15,10,3,2,1,5,1,4,9,7,2,8,5,3
58506821,1078,522,556,143,60,83,170,68,102,467,257,210,298,137,161
58506822,55,28,27,1,1,0,8,4,4,30,18,12,16,5,11
58506823,2187,1019,1168,281,120,161,439,182,257,886,431,455,581,286,295
58506825,60,28,32,8,3,5,6,2,4,28,15,13,18,8,10
58506826,53,31,22,2,1,1,9,6,3,26,14,12,16,10,6
58506827,1214,572,642,132,54,78,236,108,128,532,267,265,314,143,171
58506828,1198,576,622,111,51,60,160,65,95,550,279,271,377,181,196
58506829,332,157,175,49,20,29,90,45,45,103,54,49,90,38,52
58506831,1909,935,974,238,106,132,527,233,294,701,381,320,443,215,228
58506832,1798,864,934,173,77,96,446,194,252,650,327,323,529,266,263
58506834,195,98,97,31,14,17,57,23,34,38,23,15,69,38,31
58506835,613,319,294,60,24,36,192,94,98,192,113,79,169,88,81
58506837,634,308,326,69,33,36,172,78,94,222,106,116,171,91,80
58506838,34,21,13,6,4,2,4,1,3,16,10,6,8,6,2
58506840,1474,741,733,163,79,84,335,155,180,640,347,293,336,160,176
58506841,3960,1805,2155,520,220,300,703,271,432,1711,836,875,1026,478,548
58506842,157,78,79,19,7,12,27,10,17,73,39,34,38,22,16
58506843,1502,750,752,203,89,114,277,120,157,615,347,268,407,194,213
58506844,29,18,11,2,2,0,1,1,0,11,8,3,15,7,8
58506845,449,230,219,57,26,31,90,39,51,185,102,83,117,63,54
58506847,109,53,56,19,6,13,12,7,5,42,22,20,36,18,18
58506848,1169,551,618,122,46,76,219,97,122,543,281,262,285,127,158
58506850,254,126,128,33,15,18,54,30,24,102,52,50,65,29,36
58506851,2824,1266,1558,354,146,208,460,180,280,1273,625,648,737,315,422
58506852,1017,448,569,115,53,62,176,66,110,466,218,248,260,111,149
58506853,11899,5669,6230,1357,574,783,1915,828,1087,5339,2738,2601,3288,1529,1759
58506854,35,19,16,10,3,7,3,1,2,12,8,4,10,7,3
58506855,1212,585,627,148,66,82,237,100,137,520,271,249,307,148,159
58506856,1882,842,1040,266,109,157,402,152,250,763,371,392,451,210,241
58506857,3812,1867,1945,444,205,239,611,283,328,1726,879,847,1031,500,531
58506858,3309,1846,1463,365,182,183,505,222,283,1199,640,559,1240,802,438
58506859,1385,681,704,195,91,104,223,101,122,622,324,298,345,165,180
58506860,523,249,274,57,27,30,131,60,71,202,102,100,133,60,73
58506861,28,16,12,12,6,6,2,0,2,10,7,3,4,3,1
58506862,104,72,32,18,11,7,13,8,5,52,39,13,21,14,7
58506863,1208,578,630,164,76,88,231,87,144,492,249,243,321,166,155
58506864,461,228,233,52,27,25,107,51,56,194,93,101,108,57,51
58506865,1560,741,819,192,79,113,212,88,124,737,376,361,419,198,221
58506866,1951,895,1056,254,104,150,293,109,184,905,439,466,499,243,256
58506867,2936,1447,1489,382,166,216,463,213,250,1323,687,636,768,381,387
58506868,2119,975,1144,252,104,148,356,139,217,917,440,477,594,292,302
58506869,6907,3223,3684,807,349,458,1172,471,701,2941,1474,1467,1987,929,1058
58506870,1164,573,591,173,73,100,207,94,113,498,267,231,286,139,147
50001101,446,234,212,52,29,23,113,51,62,142,86,56,139,68,71
50001102,1371,675,696,178,89,89,376,170,206,425,219,206,392,197,195
58601301,147,72,75,17,12,5,22,9,13,67,32,35,41,19,22
58601302,1004,500,504,106,37,69,159,75,84,433,233,200,306,155,151
55192901,361,176,185,27,12,15,38,14,24,179,97,82,117,53,64
59719801,186,97,89,12,6,6,17,8,9,100,48,52,57,35,22
59719802,22,13,9,2,0,2,1,0,1,13,8,5,6,5,1
0066450,0,0,0,0,0,0,0,0,0,0,0,0,0,0,0
59720101,236,130,106,23,8,15,39,16,23,84,53,31,90,53,37
59720103,33,18,15,5,3,2,10,6,4,7,4,3,11,5,6
59720105,94,51,43,5,3,2,12,3,9,34,21,13,43,24,19
59721001,1117,579,538,80,35,45,76,29,47,607,319,288,354,196,158
59721002,219,105,114,15,7,8,28,16,12,114,55,59,62,27,35
0132260,0,0,0,0,0,0,0,0,0,0,0,0,0,0,0
59718002,34,14,20,3,1,2,1,0,1,16,8,8,14,5,9
59718003,584,282,302,56,24,32,42,17,25,249,122,127,237,119,118
59718004,913,457,456,83,34,49,62,32,30,211,102,109,557,289,268
59718005,311,137,174,30,10,20,41,15,26,162,77,85,78,35,43
59718006,20,16,4,1,0,1,1,1,0,7,7,0,11,8,3
59718007,3013,1495,1518,259,107,152,251,105,146,1324,661,663,1179,622,557
59718008,577,242,335,77,28,49,72,20,52,265,124,141,163,70,93
59718009,1824,888,936,188,75,113,134,50,84,951,492,459,551,271,280
59718010,2538,1167,1371,229,78,151,210,77,133,1297,628,669,802,384,418
59718012,300,154,146,37,25,12,23,10,13,148,71,77,92,48,44
59718013,3593,1693,1900,276,98,178,271,109,162,1935,961,974,1111,525,586
59718014,1229,611,618,112,48,64,111,45,66,674,339,335,332,179,153
59722801,35,18,17,0,0,0,4,3,1,14,9,5,17,6,11
59722802,2650,1332,1318,219,90,129,262,103,159,1300,664,636,869,475,394
59722803,115,56,59,5,3,2,15,6,9,60,28,32,35,19,16
59722804,32,11,21,2,0,2,5,2,3,7,4,3,18,5,13
56960701,130,63,67,11,4,7,8,4,4,76,35,41,35,20,15
56960702,37,16,21,2,1,1,1,1,0,18,8,10,16,6,10
55200301,300,149,151,20,8,12,41,16,25,159,84,75,80,41,39
59725201,406,209,197,30,12,18,21,10,11,231,120,111,124,67,57
55186401,202,105,97,17,7,10,13,4,9,103,60,43,69,34,35
55186403,62,27,35,4,1,3,2,0,2,25,12,13,31,14,17
55170801,83,42,41,3,1,2,9,4,5,40,22,18,31,15,16
59728701,241,111,130,37,8,29,24,9,15,101,52,49,79,42,37
59728702,153,81,72,8,6,2,13,7,6,76,38,38,56,30,26
59731701,1223,583,640,104,47,57,101,32,69,586,291,295,432,213,219
59732501,286,141,145,32,15,17,38,15,23,141,70,71,75,41,34
55187201,152,72,80,11,4,7,15,9,6,73,33,40,53,26,27
55187202,29,14,15,2,0,2,1,1,0,15,5,10,11,8,3
59734102,132,67,65,14,6,8,4,2,2,80,39,41,34,20,14
59734103,327,177,150,17,9,8,19,7,12,186,102,84,105,59,46
59734104,41,26,15,2,2,0,1,0,1,26,15,11,12,9,3
59734105,63,33,30,4,1,3,8,4,4,33,18,15,18,10,8
59734107,89,48,41,14,8,6,7,3,4,42,22,20,26,15,11
59735001,1861,916,945,170,72,98,153,60,93,950,477,473,588,307,281
59735002,315,177,138,22,9,13,13,7,6,182,106,76,98,55,43
59736801,44,24,20,11,7,4,2,1,1,20,9,11,11,7,4
59736802,547,277,270,55,20,35,58,21,37,249,138,111,185,98,87
59736803,51,29,22,3,2,1,3,1,2,23,12,11,22,14,8
59736804,37,14,23,0,0,0,5,3,2,21,10,11,11,1,10
59736805,101,52,49,8,4,4,15,5,10,41,24,17,37,19,18
55180501,329,170,159,34,23,11,51,26,25,128,68,60,116,53,63
59739201,303,165,138,26,7,19,26,13,13,142,78,64,109,67,42
59739202,28,14,14,1,0,1,5,2,3,22,12,10,0,0,0
59739203,69,36,33,8,3,5,2,1,1,32,19,13,27,13,14
59739204,183,90,93,20,8,12,16,8,8,99,50,49,48,24,24
59743101,261,137,124,18,9,9,17,10,7,150,80,70,76,38,38
59744901,52,26,26,8,4,4,2,0,2,22,11,11,20,11,9
59744902,1063,532,531,94,46,48,50,16,34,582,297,285,337,173,164
59745701,148,80,68,11,4,7,10,2,8,64,38,26,63,36,27
59745702,40,19,21,9,4,5,5,2,3,14,9,5,12,4,8
59745703,31,18,13,4,3,1,6,4,2,17,7,10,4,4,0
59745704,51,29,22,11,7,4,4,2,2,16,6,10,20,14,6
59745705,41,23,18,6,4,2,2,0,2,21,12,9,12,7,5
59747301,138,71,67,16,9,7,21,8,13,73,36,37,28,18,10
0634010,0,0,0,0,0,0,0,0,0,0,0,0,0,0,0
59748101,163,83,80,13,4,9,7,3,4,86,45,41,57,31,26
59748102,680,359,321,46,20,26,70,27,43,338,181,157,226,131,95
59748103,128,61,67,7,2,5,10,4,6,72,37,35,39,18,21
59751101,344,182,162,21,8,13,33,11,22,187,101,86,103,62,41
3048830,0,0,0,0,0,0,0,0,0,0,0,0,0,0,0
3219150,0,0,0,0,0,0,0,0,0,0,0,0,0,0,0
3413040,0,0,0,0,0,0,0,0,0,0,0,0,0,0,0
59752001,300,149,151,20,10,10,20,8,12,167,88,79,93,43,50
59752002,273,134,139,23,12,11,21,10,11,139,72,67,90,40,50
59752003,67,38,29,3,2,1,2,0,2,43,25,18,19,11,8
59752004,2060,883,1177,160,57,103,210,70,140,1010,471,539,680,285,395
59752005,223,108,115,15,8,7,27,12,15,107,51,56,74,37,37
59752006,246,126,120,18,7,11,19,10,9,134,69,65,75,40,35
59752007,548,272,276,64,29,35,64,27,37,307,161,146,113,55,58
59752008,1868,1010,858,151,70,81,122,51,71,853,453,400,742,436,306
59752012,21,9,12,0,0,0,0,0,0,15,6,9,6,3,3
59752013,971,472,499,76,30,46,111,53,58,529,273,256,255,116,139
59752014,1389,680,709,112,53,59,142,64,78,681,349,332,454,214,240
59752016,1553,751,802,153,64,89,176,82,94,772,364,408,452,241,211
59752017,708,349,359,54,21,33,54,21,33,388,203,185,212,104,108
59752018,876,391,485,75,33,42,88,39,49,439,190,249,274,129,145
59752019,158,80,78,18,12,6,10,3,7,104,51,53,26,14,12
59752020,1653,759,894,147,65,82,190,64,126,885,438,447,431,192,239
59752021,2104,970,1134,173,67,106,173,78,95,1120,537,583,638,288,350
59752022,204,100,104,19,8,11,17,5,12,119,69,50,49,18,31
59752023,39,19,20,1,0,1,4,2,2,18,9,9,16,8,8
59752024,1624,754,870,134,46,88,131,56,75,858,407,451,501,245,256
59752025,82,39,43,7,3,4,2,0,2,52,24,28,21,12,9
59752026,142,83,59,17,10,7,8,3,5,66,42,24,51,28,23
59752027,185,88,97,18,4,14,14,8,6,111,57,54,42,19,23
59752029,322,164,158,40,19,21,24,10,14,166,83,83,92,52,40
59752030,1082,532,550,125,57,68,101,45,56,533,274,259,323,156,167
59752031,1356,611,745,123,42,81,124,45,79,714,347,367,395,177,218
59752032,551,259,292,39,18,21,43,19,24,302,144,158,167,78,89
59752033,405,171,234,31,8,23,30,15,15,227,101,126,117,47,70
59752034,87,52,35,5,2,3,12,7,5,28,15,13,42,28,14
59752035,1020,528,492,95,50,45,116,44,72,497,271,226,312,163,149
59753801,221,113,108,10,6,4,27,9,18,96,52,44,88,46,42
59754601,377,183,194,36,18,18,35,13,22,193,100,93,113,52,61
59755401,112,57,55,4,2,2,10,2,8,70,39,31,28,14,14
59755402,895,453,442,60,31,29,65,24,41,494,264,230,276,134,142
59757101,35,16,19,4,1,3,2,1,1,19,11,8,10,3,7
59757102,49,26,23,5,4,1,9,4,5,18,9,9,17,9,8
59757103,342,165,177,26,12,14,30,11,19,148,74,74,138,68,70
59758901,402,197,205,34,14,20,71,32,39,184,92,92,113,59,54
59758902,80,41,39,8,3,5,6,4,2,47,26,21,19,8,11
55199601,260,139,121,22,9,13,17,4,13,158,92,66,63,34,29
0902392,0,0,0,0,0,0,0,0,0,0,0,0,0,0,0
59760101,60,35,25,6,3,3,9,4,5,23,14,9,22,14,8
59760102,526,270,256,45,17,28,69,34,35,264,144,120,148,75,73
55190201,113,59,54,13,5,8,9,4,5,57,30,27,34,20,14
0933942,0,0,0,0,0,0,0,0,0,0,0,0,0,0,0
59763502,399,199,200,31,12,19,42,15,27,189,105,84,137,67,70
59763504,47,29,18,7,4,3,1,0,1,24,15,9,15,10,5
59763505,175,97,78,6,4,2,12,5,7,74,41,33,83,47,36
59763506,120,61,59,13,6,7,15,8,7,72,38,34,20,9,11
59763507,45,22,23,10,4,6,2,1,1,22,12,10,11,5,6
59763509,2484,1208,1276,229,88,141,247,83,164,1259,656,603,749,381,368
59763510,34,16,18,4,3,1,6,3,3,11,5,6,13,5,8
59763512,83,36,47,13,4,9,10,2,8,45,24,21,15,6,9
55172401,394,214,180,40,21,19,23,10,13,224,125,99,107,58,49
56952601,122,68,54,14,8,6,10,4,6,63,34,29,35,22,13
56952602,253,131,122,11,5,6,28,12,16,113,63,50,101,51,50
55173201,120,59,61,10,5,5,5,2,3,73,38,35,32,14,18
55173202,437,225,212,30,16,14,32,12,20,258,137,121,117,60,57
54695001,58,31,27,9,4,5,3,0,3,38,21,17,8,6,2
56955101,93,49,44,5,2,3,3,1,2,50,27,23,35,19,16
56955102,236,119,117,25,15,10,9,4,5,137,61,76,65,39,26
56957701,426,223,203,42,16,26,29,9,20,216,118,98,139,80,59
1133100,0,0,0,0,0,0,0,0,0,0,0,0,0,0,0
59771601,978,485,493,86,39,47,81,29,52,411,212,199,400,205,195
55184801,122,62,60,16,7,9,18,7,11,43,26,17,45,22,23
59772401,476,251,225,39,20,19,47,24,23,244,124,120,146,83,63
59774101,195,102,93,10,5,5,26,11,15,77,46,31,82,40,42
55194501,37,24,13,0,0,0,5,3,2,14,9,5,18,12,6
55194502,330,173,157,36,16,20,33,14,19,162,83,79,99,60,39
59777501,26,13,13,4,2,2,8,4,4,5,2,3,9,5,4
59777503,121,59,62,20,8,12,11,4,7,55,28,27,35,19,16
1444870,0,0,0,0,0,0,0,0,0,0,0,0,0,0,0
3048910,0,0,0,0,0,0,0,0,0,0,0,0,0,0,0
3049130,0,0,0,0,0,0,0,0,0,0,0,0,0,0,0
3413550,0,0,0,0,0,0,0,0,0,0,0,0,0,0,0
59778301,36,18,18,6,4,2,7,4,3,12,6,6,11,4,7
59778302,340,177,163,26,13,13,38,19,19,176,95,81,100,50,50
59778303,28,14,14,1,0,1,0,0,0,22,12,10,5,2,3
59778304,475,234,241,32,13,19,30,13,17,247,125,122,166,83,83
59778305,137,69,68,19,10,9,11,5,6,65,33,32,42,21,21
59778307,179,88,91,28,11,17,26,11,15,70,39,31,55,27,28
59778308,142,61,81,13,6,7,34,16,18,50,20,30,45,19,26
59778309,60,32,28,3,1,2,7,5,2,32,14,18,18,12,6
59778310,21,13,8,5,3,2,0,0,0,10,7,3,6,3,3
59778311,1381,653,728,165,67,98,148,53,95,704,367,337,364,166,198
59778312,143,68,75,18,10,8,12,5,7,76,37,39,37,16,21
59778313,1330,660,670,150,63,87,121,41,80,688,351,337,371,205,166
59778314,1061,541,520,93,41,52,85,37,48,572,293,279,311,170,141
59778315,786,376,410,82,35,47,75,32,43,395,209,186,234,100,134
59778317,213,105,108,11,4,7,11,5,6,134,69,65,57,27,30
59778318,29,15,14,3,2,1,7,3,4,15,8,7,4,2,2
59778319,1210,616,594,124,64,60,89,36,53,586,296,290,411,220,191
59779101,600,309,291,50,20,30,75,35,40,264,145,119,211,109,102
55188101,163,80,83,24,12,12,22,5,17,53,28,25,64,35,29
1505680,0,0,0,0,0,0,0,0,0,0,0,0,0,0,0
59781301,30,16,14,0,0,0,5,1,4,13,9,4,12,6,6
59781302,30,15,15,6,4,2,1,1,0,15,8,7,8,2,6
59781303,170,98,72,11,5,6,40,19,21,75,49,26,44,25,19
59781305,250,131,119,7,3,4,20,9,11,117,62,55,106,57,49
55191101,427,224,203,54,24,30,41,17,24,208,114,94,124,69,55
55191102,36,17,19,11,5,6,5,2,3,13,6,7,7,4,3
55181301,190,94,96,21,10,11,14,6,8,96,48,48,59,30,29
55176701,736,378,358,64,23,41,45,19,26,375,205,170,252,131,121
55176702,107,53,54,10,6,4,10,5,5,56,26,30,31,16,15
59787201,92,54,38,27,13,14,22,11,11,20,13,7,23,17,6
59787202,102,53,49,17,6,11,4,1,3,52,29,23,29,17,12
59787203,62,32,30,14,6,8,5,2,3,27,13,14,16,11,5
59787204,60,31,29,6,2,4,1,1,0,39,19,20,14,9,5
59787205,1024,511,513,68,34,34,89,28,61,514,254,260,353,195,158
59788101,507,257,250,43,21,22,60,24,36,235,129,106,169,83,86
59789901,22,11,11,1,0,1,7,4,3,11,5,6,3,2,1
59789902,38,20,18,2,2,0,2,1,1,22,12,10,12,5,7
59789903,109,57,52,17,9,8,8,3,5,57,31,26,27,14,13
59789904,359,188,171,31,14,17,18,5,13,207,113,94,103,56,47
59791102,145,73,72,16,7,9,10,4,6,79,43,36,40,19,21
59791103,709,383,326,56,21,35,54,25,29,364,209,155,235,128,107
55182101,22,12,10,3,2,1,3,2,1,9,6,3,7,2,5
55182102,78,43,35,7,3,4,7,3,4,35,20,15,29,17,12
55182104,127,65,62,9,3,6,5,2,3,74,40,34,39,20,19
59793701,928,470,458,90,44,46,84,33,51,485,256,229,269,137,132
59794501,140,77,63,12,4,8,14,7,7,66,38,28,48,28,20
59794503,327,166,161,12,7,5,14,7,7,132,69,63,169,83,86
55178301,235,125,110,28,9,19,10,4,6,120,67,53,77,45,32
55169401,316,171,145,33,20,13,28,11,17,140,75,65,115,65,50
59796102,703,346,357,62,35,27,53,22,31,336,174,162,252,115,137
59796103,25,14,11,5,2,3,1,0,1,10,7,3,9,5,4
59796104,3680,1801,1879,319,131,188,319,139,180,1846,912,934,1196,619,577
59796105,332,170,162,41,14,27,30,13,17,168,92,76,93,51,42
59797001,55,26,29,13,6,7,11,4,7,24,10,14,7,6,1
59797002,79,44,35,8,3,5,9,6,3,36,19,17,26,16,10
59797003,133,70,63,7,5,2,8,3,5,57,27,30,61,35,26
59798801,568,279,289,51,24,27,36,15,21,305,142,163,176,98,78
59798802,528,276,252,27,13,14,47,19,28,299,160,139,155,84,71
59801101,117,61,56,10,4,6,26,11,15,63,35,28,18,11,7
59801102,1733,874,859,176,88,88,256,112,144,790,394,396,511,280,231
59801103,728,353,375,77,30,47,128,58,70,352,181,171,171,84,87
59801104,165,85,80,16,9,7,27,11,16,69,36,33,53,29,24
59801105,1139,580,559,113,50,63,194,95,99,542,288,254,290,147,143
59802001,143,75,68,20,9,11,29,13,16,49,25,24,45,28,17
59802002,43,20,23,6,2,4,18,8,10,5,4,1,14,6,8
59802003,56,32,24,9,3,6,11,5,6,16,13,3,20,11,9
51163301,449,226,223,29,12,17,260,127,133,52,24,28,108,63,45
59803801,4111,1992,2119,416,197,219,488,193,295,1941,992,949,1266,610,656
59804601,151,79,72,16,10,6,37,15,22,63,36,27,35,18,17
59804602,26,14,12,1,1,0,7,4,3,12,6,6,6,3,3
59804603,806,415,391,60,32,28,154,66,88,322,163,159,270,154,116
51193501,49,26,23,2,0,2,33,15,18,6,5,1,8,6,2
51193502,1276,651,625,81,46,35,931,458,473,79,50,29,185,97,88
59806201,4102,1988,2114,492,253,239,1763,734,1029,845,470,375,1002,531,471
59806202,863,411,452,99,49,50,406,173,233,187,105,82,171,84,87
59806203,210,103,107,37,20,17,98,42,56,35,23,12,40,18,22
59807101,124,62,62,20,10,10,11,4,7,53,28,25,40,20,20
59807102,563,276,287,76,30,46,89,43,46,227,115,112,171,88,83
59807103,37,23,14,4,2,2,4,3,1,19,13,6,10,5,5
59807104,2247,1130,1117,292,128,164,365,167,198,904,478,426,686,357,329
59808901,3049,1528,1521,351,162,189,673,292,381,1238,647,591,787,427,360
55254201,92,45,47,17,6,11,18,9,9,40,22,18,17,8,9
55254202,152,76,76,23,8,15,45,22,23,47,25,22,37,21,16
55254203,250,123,127,45,20,25,67,29,38,73,38,35,65,36,29
55254204,746,366,380,79,35,44,216,100,116,241,126,115,210,105,105
55254205,64,30,34,9,4,5,19,8,11,24,12,12,12,6,6
59810101,332,157,175,38,18,20,49,20,29,158,84,74,87,35,52
59810102,830,424,406,102,49,53,252,129,123,262,132,130,214,114,100
59810103,231,114,117,19,10,9,75,32,43,67,38,29,70,34,36
51195101,239,117,122,29,14,15,133,60,73,34,21,13,43,22,21
51195102,65,31,34,7,4,3,28,13,15,12,6,6,18,8,10
51195103,451,227,224,38,22,16,242,118,124,86,46,40,85,41,44
51195104,131,70,61,12,10,2,55,29,26,26,11,15,38,20,18
55260701,371,183,188,36,15,21,101,51,50,123,59,64,111,58,53
59813501,2241,1109,1132,222,101,121,338,140,198,1028,532,496,653,336,317
59813502,51,23,28,1,0,1,10,3,7,22,10,12,18,10,8
0350410,0,0,0,0,0,0,0,0,0,0,0,0,0,0,0
3151330,0,0,0,0,0,0,0,0,0,0,0,0,0,0,0
59800301,1584,1057,527,121,60,61,151,71,80,475,308,167,837,618,219
59800302,7811,3735,4076,917,414,503,1104,431,673,3530,1786,1744,2260,1104,1156
59800303,3207,1593,1614,334,155,179,456,200,256,1469,771,698,948,467,481
59800304,459,248,211,49,20,29,58,29,29,209,118,91,143,81,62
59800305,3697,1761,1936,402,164,238,562,225,337,1525,775,750,1208,597,611
59800306,7996,3877,4119,793,325,468,926,403,523,3743,1919,1824,2534,1230,1304
59800307,212,109,103,28,15,13,24,12,12,119,57,62,41,25,16
59800308,370,199,171,28,12,16,81,46,35,148,82,66,113,59,54
59800310,1135,540,595,124,47,77,230,91,139,486,260,226,295,142,153
59800311,92,50,42,9,3,6,4,2,2,36,23,13,43,22,21
59800312,837,422,415,91,42,49,170,82,88,380,201,179,196,97,99
59800313,129,53,76,21,10,11,42,14,28,45,16,29,21,13,8
59800314,33,16,17,0,0,0,0,0,0,12,6,6,21,10,11
59800315,638,326,312,62,29,33,133,67,66,287,151,136,156,79,77
59800316,808,406,402,75,30,45,186,92,94,335,170,165,212,114,98
59800317,1544,786,758,179,73,106,224,112,112,690,369,321,451,232,219
59800318,331,161,170,37,17,20,55,22,33,134,66,68,105,56,49
59800319,289,137,152,33,12,21,57,30,27,128,63,65,71,32,39
59800320,985,481,504,116,59,57,198,92,106,345,176,169,326,154,172
59800321,25,12,13,2,1,1,4,3,1,5,3,2,14,5,9
59800322,60,28,32,8,5,3,4,1,3,25,14,11,23,8,15
59800323,475,245,230,61,31,30,50,23,27,245,131,114,119,60,59
59800324,276,133,143,34,16,18,45,20,25,116,60,56,81,37,44
59800325,252,119,133,24,10,14,68,33,35,111,55,56,49,21,28
59800326,476,244,232,56,29,27,73,36,37,216,108,108,131,71,60
59800327,211,112,99,18,9,9,27,15,12,126,64,62,40,24,16
59800328,2737,1245,1492,282,126,156,386,149,237,1213,597,616,856,373,483
59800329,4385,2129,2256,407,188,219,632,260,372,1892,953,939,1454,728,726
59800330,296,145,151,27,12,15,66,32,34,127,63,64,76,38,38
59800331,167,84,83,21,7,14,34,19,15,78,40,38,34,18,16
59800332,467,219,248,47,22,25,135,58,77,171,87,84,114,52,62
59800333,4993,2352,2641,539,228,311,638,257,381,2296,1151,1145,1520,716,804
59800334,1122,572,550,114,50,64,198,93,105,507,281,226,303,148,155
59800335,27,18,9,0,0,0,0,0,0,10,6,4,17,12,5
59800336,4691,2115,2576,479,199,280,760,263,497,2015,989,1026,1437,664,773
59800337,881,417,464,84,23,61,196,85,111,378,207,171,223,102,121
59814301,545,259,286,54,24,30,121,48,73,217,108,109,153,79,74
59814302,111,55,56,11,7,4,18,8,10,49,22,27,33,18,15
59814303,1287,637,650,149,65,84,226,101,125,598,305,293,314,166,148
59814304,1633,808,825,178,80,98,271,111,160,731,380,351,453,237,216
59814305,429,217,212,53,29,24,79,39,40,194,99,95,103,50,53
59814306,2492,1195,1297,286,118,168,463,196,267,1028,530,498,715,351,364
59814307,2073,915,1158,225,90,135,365,139,226,820,402,418,663,284,379
59814308,441,216,225,58,26,32,75,33,42,167,90,77,141,67,74
59814309,632,296,336,107,50,57,116,47,69,261,125,136,148,74,74
59814310,27,15,12,3,2,1,2,0,2,16,9,7,6,4,2
59814311,119,61,58,17,10,7,20,10,10,59,28,31,23,13,10
59816001,1439,692,747,132,74,58,589,255,334,335,174,161,383,189,194
51219201,155,81,74,10,7,3,40,18,22,42,24,18,63,32,31
51219202,465,229,236,44,20,24,92,46,46,189,99,90,140,64,76
51219203,103,53,50,11,4,7,32,13,19,25,15,10,35,21,14
51219204,255,133,122,20,9,11,69,35,34,92,52,40,74,37,37
51198601,228,124,104,19,6,13,138,76,62,25,14,11,46,28,18
51198602,101,58,43,8,3,5,59,29,30,15,13,2,19,13,6
55263101,207,100,107,24,11,13,59,27,32,69,32,37,55,30,25
55263102,448,227,221,56,26,30,116,57,59,136,74,62,140,70,70
51217601,1734,862,872,180,93,87,840,382,458,360,205,155,354,182,172
51217602,60,28,32,10,2,8,31,14,17,13,6,7,6,6,0
59823202,22,11,11,0,0,0,12,6,6,3,1,2,7,4,3
59823203,194,102,92,10,3,7,117,57,60,6,4,2,61,38,23
59869101,519,269,250,49,22,27,132,64,68,213,111,102,125,72,53
59869102,67,31,36,5,3,2,3,1,2,28,12,16,31,15,16
59869103,205,106,99,25,13,12,62,28,34,82,43,39,36,22,14
59869104,542,276,266,56,28,28,94,36,58,251,131,120,141,81,60
59869105,683,335,348,75,33,42,145,66,79,249,133,116,214,103,111
59869106,89,43,46,10,4,6,17,8,9,44,21,23,18,10,8
59825901,156,79,77,20,10,10,83,41,42,25,16,9,28,12,16
59825902,480,191,289,25,12,13,350,122,228,45,26,19,60,31,29
59825903,304,152,152,21,15,6,192,85,107,43,25,18,48,27,21
59825904,236,105,131,35,14,21,97,41,56,44,26,18,60,24,36
59825905,238,122,116,30,19,11,120,50,70,43,27,16,45,26,19
59825906,2952,1413,1539,324,170,154,1426,607,819,494,279,215,708,357,351
59825907,236,126,110,25,15,10,141,75,66,27,15,12,43,21,22
59825908,173,86,87,17,7,10,89,40,49,27,17,10,40,22,18
59825909,532,270,262,51,25,26,313,145,168,61,36,25,107,64,43
50742301,468,236,232,39,16,23,112,51,61,151,79,72,166,90,76
50742302,76,37,39,12,7,5,18,6,12,24,13,11,22,11,11
50742303,1360,672,688,159,76,83,266,112,154,545,286,259,390,198,192
59827501,338,165,173,49,22,27,57,23,34,145,76,69,87,44,43
50723701,1215,608,607,139,69,70,543,249,294,301,166,135,232,124,108
50723702,235,119,116,22,14,8,89,43,46,75,39,36,49,23,26
50723703,71,36,35,6,4,2,20,10,10,25,13,12,20,9,11
50745801,73,37,36,6,3,3,26,13,13,15,7,8,26,14,12
50745802,270,145,125,30,15,15,124,67,57,35,20,15,81,43,38
59832101,44,21,23,3,2,1,13,6,7,15,7,8,13,6,7
59832102,126,62,64,16,7,9,45,21,24,38,19,19,27,15,12
59832103,29,12,17,4,2,2,5,2,3,8,3,5,12,5,7
59832104,43,25,18,5,2,3,9,4,5,14,9,5,15,10,5
59832105,2519,1242,1277,239,108,131,886,425,461,708,382,326,686,327,359
59832106,224,110,114,23,13,10,60,28,32,68,36,32,73,33,40
54967301,228,117,111,16,8,8,63,27,36,68,39,29,81,43,38
54967302,106,54,52,15,6,9,12,6,6,42,24,18,37,18,19
54967303,47,27,20,5,2,3,5,2,3,24,15,9,13,8,5
54967304,51,24,27,4,2,2,10,3,7,18,9,9,19,10,9
54967305,216,101,115,31,15,16,46,17,29,76,35,41,63,34,29
59834801,2289,1105,1184,235,104,131,297,133,164,1187,585,602,570,283,287
59835601,1013,519,494,101,51,50,205,90,115,389,207,182,318,171,147
59835602,358,179,179,47,25,22,32,10,22,185,99,86,94,45,49
59835603,514,256,258,77,33,44,102,43,59,192,106,86,143,74,69
59835604,86,41,45,17,7,10,17,8,9,29,15,14,23,11,12
59835605,350,168,182,23,9,14,48,19,29,183,94,89,96,46,50
59836401,543,266,277,73,33,40,117,51,66,183,92,91,170,90,80
59839901,1305,663,642,137,61,76,188,80,108,592,318,274,388,204,184
59839902,172,88,84,19,9,10,25,11,14,75,42,33,53,26,27
55259301,97,46,51,12,4,8,26,14,12,36,19,17,23,9,14
55259302,173,94,79,25,13,12,34,21,13,78,40,38,36,20,16
55259303,433,222,211,61,26,35,97,46,51,199,105,94,76,45,31
55259304,76,39,37,5,3,2,13,8,5,34,18,16,24,10,14
51218401,1705,854,851,199,93,106,375,168,207,614,325,289,517,268,249
50754701,38,19,19,4,2,2,28,14,14,4,2,2,2,1,1
50754702,1264,639,625,120,62,58,709,330,379,165,97,68,270,150,120
59844501,59,33,26,6,2,4,12,7,5,22,14,8,19,10,9
59844505,132,75,57,18,8,10,24,13,11,61,38,23,29,16,13
59844506,56,31,25,14,7,7,16,9,7,26,15,11,0,0,0
59844507,590,301,289,73,34,39,157,77,80,176,93,83,184,97,87
59844509,290,148,142,31,14,17,65,33,32,110,58,52,84,43,41
59844511,62,28,34,9,6,3,3,1,2,27,13,14,23,8,15
59845301,56,24,32,4,2,2,39,16,23,7,5,2,6,1,5
59845302,409,201,208,60,33,27,162,69,93,71,36,35,116,63,53
59845303,3174,1595,1579,339,161,178,1680,786,894,512,306,206,643,342,301
59845304,23,12,11,2,1,1,18,9,9,0,0,0,3,2,1
55401401,2955,1451,1504,280,143,137,1468,647,821,492,288,204,715,373,342
55401402,744,372,372,58,26,32,394,186,208,124,70,54,168,90,78
55401403,34,16,18,4,2,2,15,6,9,8,3,5,7,5,2
55252601,218,103,115,29,8,21,54,22,32,84,46,38,51,27,24
55252602,72,34,38,11,6,5,26,9,17,25,14,11,10,5,5
55251801,164,84,80,3,2,1,60,26,34,70,36,34,31,20,11
55251802,33,15,18,4,2,2,11,5,6,15,5,10,3,3,0
55251803,775,377,398,92,40,52,147,57,90,315,166,149,221,114,107
1081970,0,0,0,0,0,0,0,0,0,0,0,0,0,0,0
50709101,157,77,80,14,7,7,79,36,43,22,12,10,42,22,20
50709102,226,122,104,23,11,12,108,57,51,46,26,20,49,28,21
50709103,1405,693,712,139,71,68,631,282,349,349,176,173,286,164,122
50709104,303,143,160,34,14,20,141,56,85,51,33,18,77,40,37
59854202,59,26,33,4,1,3,10,6,4,31,12,19,14,7,7
59854203,59,30,29,10,3,7,4,3,1,24,14,10,21,10,11
59854204,470,229,241,67,32,35,78,34,44,197,97,100,128,66,62
59854205,1074,555,519,123,54,69,165,66,99,456,250,206,330,185,145
59854206,706,343,363,65,31,34,128,56,72,303,155,148,210,101,109
59854207,120,66,54,20,10,10,22,12,10,43,24,19,35,20,15
59855101,25,14,11,8,3,5,1,0,1,11,8,3,5,3,2
59855102,435,216,219,41,20,21,107,45,62,164,87,77,123,64,59
59855103,51,29,22,6,5,1,9,4,5,23,12,11,13,8,5
59855104,2619,1328,1291,265,127,138,449,187,262,1116,604,512,789,410,379
59855105,23,13,10,6,3,3,6,3,3,9,6,3,2,1,1
59855108,213,103,110,21,13,8,55,28,27,77,33,44,60,29,31
3416220,0,0,0,0,0,0,0,0,0,0,0,0,0,0,0
59856901,289,137,152,36,12,24,45,19,26,138,72,66,70,34,36
59856903,3390,1660,1730,332,145,187,390,154,236,1716,872,844,952,489,463
55250001,322,166,156,34,19,15,86,45,41,98,49,49,104,53,51
55722601,94,42,52,10,3,7,51,23,28,7,5,2,26,11,15
55722602,888,439,449,86,46,40,528,244,284,117,69,48,157,80,77
51202801,1587,791,796,141,77,64,921,433,488,210,118,92,315,163,152
51202803,209,105,104,23,11,12,111,53,58,39,26,13,36,15,21
56881301,878,432,446,95,46,49,238,104,134,298,156,142,247,126,121
50718101,1082,592,490,116,58,58,187,82,105,402,201,201,377,251,126
55257701,1020,522,498,110,47,63,134,60,74,509,273,236,267,142,125
54966501,152,76,76,10,2,8,28,15,13,45,27,18,69,32,37
54966502,134,67,67,16,8,8,36,19,17,40,19,21,42,21,21
54966503,191,90,101,9,2,7,45,20,25,89,46,43,48,22,26
54966504,1351,637,714,150,55,95,235,95,140,448,243,205,518,244,274
54966505,159,81,78,19,6,13,39,24,15,68,36,32,33,15,18
55697101,1361,653,708,141,65,76,546,244,302,327,177,150,347,167,180
55697102,257,116,141,24,9,15,111,48,63,51,26,25,71,33,38
55264001,543,274,269,58,25,33,215,89,126,126,81,45,144,79,65
56883001,1635,831,804,150,75,75,284,131,153,752,413,339,449,212,237
56883002,216,108,108,11,7,4,23,10,13,114,59,55,68,32,36
59867401,971,502,469,83,34,49,177,85,92,388,207,181,323,176,147
59867402,335,166,169,39,19,20,80,36,44,146,77,69,70,34,36
59867403,200,98,102,27,13,14,22,12,10,83,42,41,68,31,37
59867404,81,43,38,5,4,1,14,6,8,39,22,17,23,11,12
55265801,210,114,96,19,12,7,112,57,55,25,13,12,54,32,22
55265802,642,345,297,86,40,46,203,102,101,190,112,78,163,91,72
56879101,32,18,14,2,2,0,1,1,0,20,11,9,9,4,5
56879102,200,102,98,16,8,8,36,19,17,74,36,38,74,39,35
56879103,722,350,372,68,37,31,124,59,65,328,166,162,202,88,114
1542110,0,0,0,0,0,0,0,0,0,0,0,0,0,0,0
59874701,29,20,9,2,1,1,7,6,1,6,4,2,14,9,5
59874704,48,29,19,11,5,6,1,0,1,21,14,7,15,10,5
59874706,229,115,114,27,13,14,62,27,35,66,37,29,74,38,36
59874708,111,58,53,12,6,6,29,15,14,32,19,13,38,18,20
59874711,114,65,49,13,6,7,22,10,12,47,29,18,32,20,12
3151170,0,0,0,0,0,0,0,0,0,0,0,0,0,0,0
3416310,0,0,0,0,0,0,0,0,0,0,0,0,0,0,0
55255102,1007,489,518,116,45,71,199,93,106,432,225,207,260,126,134
55255103,49,30,19,3,0,3,15,7,8,18,13,5,13,10,3
55255104,384,189,195,58,23,35,72,31,41,153,85,68,101,50,51
3067620,0,0,0,0,0,0,0,0,0,0,0,0,0,0,0
55256901,2098,1045,1053,223,97,126,324,141,183,911,483,428,640,324,316
55267401,996,497,499,118,56,62,425,193,232,246,143,103,207,105,102
56963102,2106,1059,1047,229,106,123,332,132,200,1016,539,477,529,282,247
55262301,48,24,24,9,3,6,27,13,14,5,3,2,7,5,2
55262302,81,39,42,11,5,6,27,13,14,22,11,11,21,10,11
55262303,389,190,199,23,10,13,168,76,92,114,58,56,84,46,38
55262304,413,214,199,50,30,20,209,99,110,92,51,41,62,34,28
55262305,114,55,59,10,4,6,52,26,26,44,21,23,8,4,4
1710262,0,0,0,0,0,0,0,0,0,0,0,0,0,0,0
59881001,441,216,225,32,18,14,234,112,122,88,45,43,87,41,46
59881002,223,118,105,30,13,17,91,44,47,46,28,18,56,33,23
59881003,172,91,81,17,7,10,78,35,43,45,30,15,32,19,13
59881004,787,379,408,100,49,51,281,131,150,155,83,72,251,116,135
59881005,1848,905,943,225,103,122,708,312,396,482,275,207,433,215,218
59881006,105,51,54,19,8,11,39,15,24,13,5,8,34,23,11
59881007,961,476,485,123,59,64,376,172,204,236,138,98,226,107,119
59881008,474,245,229,65,30,35,213,107,106,107,61,46,89,47,42
59881009,865,431,434,116,60,56,351,161,190,220,118,102,178,92,86
59881010,713,340,373,72,32,40,338,151,187,167,88,79,136,69,67
59881011,1044,533,511,135,70,65,323,129,194,321,185,136,265,149,116
59881013,1014,508,506,115,64,51,389,182,207,245,139,106,265,123,142
59881014,61,32,29,18,9,9,16,7,9,9,7,2,18,9,9
59881015,560,277,283,67,34,33,221,103,118,131,67,64,141,73,68
59881016,446,230,216,51,28,23,199,94,105,90,50,40,106,58,48
59881017,400,199,201,38,20,18,157,71,86,103,51,52,102,57,45
59881018,342,175,167,39,16,23,138,71,67,93,50,43,72,38,34
59881019,2471,1186,1285,284,135,149,759,352,407,755,396,359,673,303,370
59881020,711,349,362,121,52,69,277,131,146,157,89,68,156,77,79
59881022,415,204,211,48,20,28,115,53,62,91,43,48,161,88,73
59881023,465,235,230,68,39,29,174,76,98,125,68,57,98,52,46
59881024,58,24,34,3,1,2,20,9,11,10,4,6,25,10,15
59881025,1504,726,778,199,87,112,368,146,222,433,261,172,504,232,272
59881026,1792,1043,749,154,77,77,404,191,213,515,315,200,719,460,259
59881027,26,14,12,2,1,1,9,6,3,3,2,1,12,5,7
59881029,659,342,317,97,46,51,192,100,92,233,126,107,137,70,67
59881030,40,21,19,7,4,3,8,2,6,8,6,2,17,9,8
59881031,372,185,187,59,26,33,96,41,55,135,72,63,82,46,36
59881032,24,18,6,0,0,0,4,3,1,2,2,0,18,13,5
59881033,322,155,167,45,19,26,97,40,57,99,55,44,81,41,40
59881034,3694,1725,1969,504,228,276,926,364,562,1212,617,595,1052,516,536
59881035,1197,578,619,187,83,104,345,160,185,365,187,178,300,148,152
59881036,82,42,40,8,5,3,20,6,14,26,15,11,28,16,12
59881037,730,368,362,103,55,48,270,130,140,210,114,96,147,69,78
59881038,2968,1382,1586,407,179,228,868,344,524,971,511,460,722,348,374
59881039,546,277,269,76,37,39,160,82,78,195,98,97,115,60,55
59881040,2382,1092,1290,299,145,154,643,235,408,757,395,362,683,317,366
59881041,2868,1329,1539,379,162,217,740,301,439,955,478,477,794,388,406
55261501,294,143,151,42,15,27,128,59,69,70,39,31,54,30,24
55492801,786,384,402,141,68,73,312,140,172,199,114,85,134,62,72
55492802,705,352,353,101,42,59,293,139,154,166,92,74,145,79,66
55492803,2188,1103,1085,266,129,137,942,437,505,501,281,220,479,256,223
55492804,704,347,357,87,42,45,287,140,147,163,86,77,167,79,88
55248801,710,361,349,77,32,45,152,70,82,245,135,110,236,124,112
55268201,474,262,212,52,29,23,97,47,50,190,113,77,135,73,62
55268202,34,20,14,4,2,2,4,2,2,12,7,5,14,9,5
55268203,49,25,24,5,2,3,11,4,7,15,7,8,18,12,6
55268204,105,53,52,10,4,6,29,16,13,44,19,25,22,14,8
55268205,179,91,88,22,11,11,38,17,21,65,34,31,54,29,25
55269101,899,454,445,59,35,24,129,57,72,459,233,226,252,129,123
56816301,357,175,182,31,16,15,59,24,35,154,82,72,113,53,60
59892501,560,280,280,62,30,32,144,61,83,216,123,93,138,66,72
59892502,245,125,120,37,15,22,69,35,34,66,36,30,73,39,34
59892503,311,155,156,36,16,20,75,36,39,138,77,61,62,26,36
59892504,388,198,190,52,23,29,105,50,55,147,82,65,84,43,41
59892505,2238,1119,1119,199,79,120,609,262,347,936,506,430,494,272,222
1367430,0,0,0,0,0,0,0,0,0,0,0,0,0,0,0
3153540,0,0,0,0,0,0,0,0,0,0,0,0,0,0,0
3414360,0,0,0,0,0,0,0,0,0,0,0,0,0,0,0
59905101,77,44,33,10,4,6,8,5,3,42,24,18,17,11,6
59905102,497,253,244,41,17,24,109,50,59,185,105,80,162,81,81
59905103,442,228,214,35,18,17,70,29,41,195,110,85,142,71,71
59905104,321,151,170,37,15,22,58,29,29,166,84,82,60,23,37
59905105,283,140,143,28,13,15,38,16,22,63,37,26,154,74,80
59905106,334,158,176,42,17,25,50,18,32,139,73,66,103,50,53
59905108,2168,1101,1067,206,94,112,298,147,151,1007,521,486,657,339,318
59905109,65,35,30,10,4,6,10,7,3,22,13,9,23,11,12
59905110,423,205,218,43,18,25,99,43,56,165,87,78,116,57,59
59905111,860,393,467,67,26,41,221,76,145,326,177,149,246,114,132
59905112,433,206,227,35,12,23,47,23,24,187,91,96,164,80,84
59905113,868,456,412,71,36,35,73,29,44,431,240,191,293,151,142
59905114,1255,621,634,134,51,83,168,79,89,622,326,296,331,165,166
59905115,2905,1390,1515,320,149,171,415,161,254,1341,697,644,829,383,446
59905116,630,327,303,64,32,32,71,39,32,283,148,135,212,108,104
59905117,68,36,32,5,1,4,11,5,6,25,15,10,27,15,12
59905118,43,23,20,1,1,0,12,7,5,16,6,10,14,9,5
59905119,3764,1754,2010,373,154,219,537,204,333,1696,856,840,1158,540,618
59905121,3643,1862,1781,356,148,208,394,166,228,1526,806,720,1367,742,625
59905123,959,468,491,106,46,60,138,55,83,414,224,190,301,143,158
59893301,718,349,369,93,54,39,319,142,177,143,67,76,163,86,77
59893302,600,305,295,73,37,36,248,120,128,139,79,60,140,69,71
59893303,850,446,404,95,49,46,338,162,176,221,123,98,196,112,84
59893304,356,174,182,42,18,24,113,52,61,109,55,54,92,49,43
59893305,567,292,275,85,45,40,204,95,109,149,84,65,129,68,61
59893306,115,57,58,12,5,7,47,21,26,35,18,17,21,13,8
59893307,310,142,168,51,21,30,120,51,69,58,29,29,81,41,40
59893308,828,404,424,86,40,46,317,150,167,226,118,108,199,96,103
59893309,195,94,101,28,13,15,76,34,42,41,22,19,50,25,25
59893310,367,178,189,22,15,7,170,75,95,94,48,46,81,40,41
59893311,1623,763,860,194,89,105,458,174,284,517,279,238,454,221,233
59893312,505,208,297,81,24,57,156,60,96,153,69,84,115,55,60
59893313,1154,535,619,130,64,66,335,130,205,341,178,163,348,163,185
59893314,4869,2331,2538,489,217,272,1168,504,664,1762,905,857,1450,705,745
59893315,2630,1232,1398,282,123,159,885,366,519,794,411,383,669,332,337
59893316,1909,901,1008,209,86,123,622,262,360,614,332,282,464,221,243
59893317,36,15,21,8,2,6,6,2,4,10,6,4,12,5,7
59893319,681,331,350,42,20,22,310,138,172,172,91,81,157,82,75
59893320,745,360,385,72,37,35,228,101,127,238,117,121,207,105,102
59893321,586,276,310,74,34,40,219,94,125,159,76,83,134,72,62
59893322,2873,1472,1401,332,155,177,767,348,419,813,438,375,961,531,430
59893323,613,294,319,74,29,45,201,95,106,198,104,94,140,66,74
3309900,0,0,0,0,0,0,0,0,0,0,0,0,0,0,0
59894101,3884,1933,1951,380,176,204,497,206,291,1949,1011,938,1058,540,518
59894102,231,119,112,17,10,7,54,27,27,98,48,50,62,34,28
59896801,4414,2189,2225,451,206,245,650,274,376,2127,1109,1018,1186,600,586
59896802,636,301,335,46,18,28,251,107,144,160,86,74,179,90,89
56886401,1142,590,552,103,48,55,125,52,73,529,278,251,385,212,173
0377880,0,0,0,0,0,0,0,0,0,0,0,0,0,0,0
0377960,0,0,0,0,0,0,0,0,0,0,0,0,0,0,0
55508801,580,292,288,68,34,34,109,56,53,255,127,128,148,75,73
55508802,5485,2571,2914,465,193,272,662,264,398,2830,1366,1464,1528,748,780
55508803,1669,810,859,168,72,96,192,82,110,868,439,429,441,217,224
55508804,6506,3017,3489,628,250,378,799,289,510,3209,1577,1632,1870,901,969
55508805,1308,676,632,147,68,79,242,114,128,662,356,306,257,138,119
55508806,1809,864,945,168,71,97,412,176,236,797,404,393,432,213,219
55508807,308,138,170,20,10,10,68,26,42,140,67,73,80,35,45
55508808,499,256,243,44,21,23,112,55,57,247,138,109,96,42,54
55508809,730,363,367,76,32,44,116,51,65,359,188,171,179,92,87
55508810,3617,1776,1841,329,146,183,367,157,210,1844,928,916,1077,545,532
55508811,4551,2225,2326,377,170,207,435,195,240,2424,1219,1205,1315,641,674
55508812,543,252,291,50,22,28,97,33,64,303,151,152,93,46,47
55508813,686,282,404,58,17,41,168,51,117,287,137,150,173,77,96
55508814,1779,833,946,134,54,80,191,84,107,928,453,475,526,242,284
55508815,3762,1912,1850,375,155,220,380,176,204,1215,632,583,1792,949,843
55508816,50,28,22,4,2,2,4,3,1,33,18,15,9,5,4
55508817,2510,1336,1174,209,83,126,291,120,171,1131,615,516,879,518,361
55508818,723,351,372,59,31,28,84,39,45,305,156,149,275,125,150
55508819,1156,567,589,118,52,66,215,90,125,587,312,275,236,113,123
55508820,957,502,455,94,45,49,188,90,98,487,270,217,188,97,91
55508821,54,29,25,14,5,9,7,4,3,27,15,12,6,5,1
55508822,147,78,69,18,7,11,17,10,7,61,34,27,51,27,24
55508823,4849,2345,2504,375,163,212,438,179,259,2699,1328,1371,1337,675,662
55508824,3557,1654,1903,310,114,196,439,163,276,1849,935,914,959,442,517
55508825,454,232,222,35,14,21,116,56,60,224,123,101,79,39,40
55508826,72,32,40,2,2,0,11,4,7,27,8,19,32,18,14
55508827,4878,2550,2328,435,186,249,397,168,229,2384,1240,1144,1662,956,706
55508828,36,18,18,6,2,4,1,0,1,19,10,9,10,6,4
55508829,3522,1690,1832,314,137,177,410,152,258,1808,924,884,990,477,513
55508830,4144,1963,2181,348,151,197,471,177,294,2179,1079,1100,1146,556,590
55508831,2036,945,1091,161,55,106,208,84,124,1051,508,543,616,298,318
55508832,5176,2445,2731,471,200,271,576,235,341,2656,1296,1360,1473,714,759
59817801,869,429,440,105,46,59,149,61,88,368,195,173,247,127,120
59817802,259,124,135,33,18,15,44,18,26,136,69,67,46,19,27
59817803,297,140,157,24,7,17,29,13,16,130,64,66,114,56,58
59817804,316,155,161,21,9,12,59,24,35,143,75,68,93,47,46
59817805,736,373,363,60,27,33,134,64,70,364,189,175,178,93,85
55273901,754,387,367,89,42,47,250,113,137,298,171,127,117,61,56
55273902,3356,1708,1648,340,158,182,549,235,314,1548,821,727,919,494,425
55273903,121,67,54,7,4,3,8,5,3,52,24,28,54,34,20
55529101,110,52,58,14,3,11,31,19,12,33,15,18,32,15,17
55529102,48,21,27,2,0,2,29,14,15,4,2,2,13,5,8
55529103,612,312,300,59,25,34,239,111,128,191,109,82,123,67,56
55529104,559,280,279,68,38,30,199,95,104,142,70,72,150,77,73
0638430,0,0,0,0,0,0,0,0,0,0,0,0,0,0,0
0639590,0,0,0,0,0,0,0,0,0,0,0,0,0,0,0
0640092,0,0,0,0,0,0,0,0,0,0,0,0,0,0,0
0640680,0,0,0,0,0,0,0,0,0,0,0,0,0,0,0
0640760,0,0,0,0,0,0,0,0,0,0,0,0,0,0,0
0640840,0,0,0,0,0,0,0,0,0,0,0,0,0,0,0
0640920,0,0,0,0,0,0,0,0,0,0,0,0,0,0,0
0641220,0,0,0,0,0,0,0,0,0,0,0,0,0,0,0
0641310,0,0,0,0,0,0,0,0,0,0,0,0,0,0,0
0641570,0,0,0,0,0,0,0,0,0,0,0,0,0,0,0
0641650,0,0,0,0,0,0,0,0,0,0,0,0,0,0,0
0641730,0,0,0,0,0,0,0,0,0,0,0,0,0,0,0
0873270,0,0,0,0,0,0,0,0,0,0,0,0,0,0,0
3312790,0,0,0,0,0,0,0,0,0,0,0,0,0,0,0
59891702,6234,2965,3269,695,290,405,812,320,492,2904,1490,1414,1823,865,958
59891703,837,434,403,105,49,56,159,70,89,352,206,146,221,109,112
59891704,354,175,179,45,22,23,79,38,41,130,65,65,100,50,50
59891705,273,140,133,29,12,17,40,18,22,129,73,56,75,37,38
59891706,244,121,123,29,11,18,77,36,41,67,41,26,71,33,38
59891707,137,74,63,12,4,8,40,19,21,43,29,14,42,22,20
59891711,1332,904,428,71,43,28,137,71,66,288,200,88,836,590,246
59891712,251,120,131,32,11,21,59,23,36,94,50,44,66,36,30
59891713,524,331,193,55,28,27,114,63,51,227,155,72,128,85,43
59891714,228,108,120,33,14,19,68,30,38,81,41,40,46,23,23
59891715,112,58,54,4,1,3,13,5,8,51,31,20,44,21,23
59891716,368,155,213,45,19,26,124,46,78,135,58,77,64,32,32
59891719,5420,2652,2768,535,230,305,650,259,391,2558,1328,1230,1677,835,842
59891720,955,473,482,106,52,54,261,115,146,386,200,186,202,106,96
59891721,4220,2018,2202,446,180,266,630,237,393,1994,1040,954,1150,561,589
59891723,220,116,104,28,13,15,44,22,22,96,56,40,52,25,27
59891725,3146,1551,1595,353,158,195,372,144,228,794,405,389,1627,844,783
59891726,4018,1896,2122,402,180,222,533,208,325,1844,912,932,1239,596,643
59891728,1287,659,628,154,71,83,136,59,77,393,209,184,604,320,284
59891729,3860,1821,2039,408,171,237,492,173,319,1809,910,899,1151,567,584
59891730,5574,2661,2913,512,215,297,697,249,448,2634,1326,1308,1731,871,860
59891731,1169,517,652,126,50,76,181,67,114,505,235,270,357,165,192
59891732,20,11,9,6,2,4,2,1,1,7,5,2,5,3,2
59891733,48,22,26,10,5,5,9,6,3,25,9,16,4,2,2
59891734,5037,2355,2682,509,204,305,686,259,427,2435,1210,1225,1407,682,725
59891735,1682,831,851,170,81,89,419,182,237,630,344,286,463,224,239
59891736,923,466,457,118,57,61,242,111,131,340,181,159,223,117,106
1124110,0,0,0,0,0,0,0,0,0,0,0,0,0,0,0
1124610,0,0,0,0,0,0,0,0,0,0,0,0,0,0,0
3415680,0,0,0,0,0,0,0,0,0,0,0,0,0,0,0
59906901,333,156,177,30,14,16,52,17,35,167,80,87,84,45,39
59906902,489,240,249,34,16,18,111,51,60,216,109,107,128,64,64
59906903,3355,1531,1824,279,107,172,353,124,229,1693,805,888,1030,495,535
59906904,541,250,291,31,12,19,119,55,64,246,111,135,145,72,73
59906905,318,154,164,23,8,15,59,24,35,144,72,72,92,50,42
59906906,4948,2460,2488,435,195,240,466,206,260,2534,1289,1245,1513,770,743
59906907,2665,1292,1373,244,100,144,270,116,154,1453,725,728,698,351,347
59906908,3544,1689,1855,306,120,186,327,142,185,1860,920,940,1051,507,544
59906909,3868,1939,1929,302,121,181,352,138,214,1896,941,955,1318,739,579
59906910,489,230,259,52,22,30,61,23,38,256,133,123,120,52,68
59906911,293,144,149,23,11,12,51,21,30,154,77,77,65,35,30
59906912,55,14,41,4,1,3,3,0,3,47,13,34,1,0,1
59906914,262,119,143,12,7,5,23,12,11,156,69,87,71,31,40
59906915,67,36,31,11,5,6,11,5,6,37,22,15,8,4,4
59906916,735,364,371,63,28,35,79,30,49,319,165,154,274,141,133
59906917,171,84,87,29,9,20,20,11,9,38,21,17,84,43,41
59906919,21,13,8,2,1,1,2,1,1,11,8,3,6,3,3
59906920,76,45,31,6,4,2,12,8,4,46,25,21,12,8,4
59906921,73,35,38,5,2,3,11,4,7,26,13,13,31,16,15
59906922,2105,1075,1030,177,86,91,140,58,82,845,427,418,943,504,439
59906923,1549,769,780,131,54,77,155,69,86,819,428,391,444,218,226
59906924,105,56,49,4,2,2,11,4,7,52,27,25,38,23,15
59906925,595,301,294,47,23,24,57,24,33,324,168,156,167,86,81
59906926,404,200,204,23,10,13,39,18,21,238,121,117,104,51,53
59906927,520,262,258,52,26,26,38,17,21,140,73,67,290,146,144
59907701,1063,609,454,105,54,51,193,88,105,375,199,176,390,268,122
59907702,413,196,217,44,19,25,116,55,61,136,70,66,117,52,65
59907703,1979,987,992,177,84,93,497,219,278,763,399,364,542,285,257
59907704,117,64,53,5,2,3,51,24,27,30,20,10,31,18,13
59907705,540,258,282,67,34,33,135,59,76,219,108,111,119,57,62
59907706,723,363,360,93,40,53,141,61,80,305,168,137,184,94,90
59908501,7460,3658,3802,598,243,355,694,289,405,3910,1980,1930,2258,1146,1112
59910701,3459,1729,1730,262,125,137,471,190,281,1655,859,796,1071,555,516
59910702,3997,1970,2027,328,137,191,442,198,244,2104,1053,1051,1123,582,541
3417030,0,0,0,0,0,0,0,0,0,0,0,0,0,0,0
3417110,0,0,0,0,0,0,0,0,0,0,0,0,0,0,0
3417200,0,0,0,0,0,0,0,0,0,0,0,0,0,0,0
3417380,0,0,0,0,0,0,0,0,0,0,0,0,0,0,0
59914001,196,99,97,28,12,16,24,12,12,84,46,38,60,29,31
59914002,1290,641,649,108,56,52,297,135,162,528,272,256,357,178,179
59914003,215,105,110,22,8,14,65,32,33,71,37,34,57,28,29
59914004,20,11,9,0,0,0,7,2,5,3,2,1,10,7,3
59915801,743,373,370,84,43,41,242,121,121,248,128,120,169,81,88
59915802,181,90,91,25,11,14,58,27,31,71,38,33,27,14,13
59915803,70,35,35,11,4,7,24,11,13,22,14,8,13,6,7
59915804,450,232,218,52,28,24,88,35,53,204,108,96,106,61,45
59915805,191,98,93,18,9,9,84,44,40,48,23,25,41,22,19
59915806,2164,1072,1092,244,109,135,455,193,262,950,508,442,515,262,253
59915807,171,83,88,8,5,3,56,22,34,66,33,33,41,23,18
59915808,257,130,127,20,12,8,71,35,36,104,57,47,62,26,36
59915809,419,204,215,53,25,28,80,35,45,169,92,77,117,52,65
56874101,667,329,338,40,19,21,141,61,80,309,159,150,177,90,87
59921201,1334,667,667,109,46,63,114,54,60,722,368,354,389,199,190
59921202,348,181,167,30,10,20,52,24,28,187,103,84,79,44,35
56848101,941,491,450,87,42,45,319,159,160,291,156,135,244,134,110
54698401,594,313,281,56,21,35,71,32,39,248,128,120,219,132,87
0044480,0,0,0,0,0,0,0,0,0,0,0,0,0,0,0
0044560,0,0,0,0,0,0,0,0,0,0,0,0,0,0,0
3050310,0,0,0,0,0,0,0,0,0,0,0,0,0,0,0
3201290,0,0,0,0,0,0,0,0,0,0,0,0,0,0,0
59924701,27,10,17,0,0,0,8,3,5,4,2,2,15,5,10
59924702,262,130,132,40,21,19,22,6,16,94,56,38,106,47,59
59924703,119,62,57,3,2,1,12,3,9,53,32,21,51,25,26
59924704,388,189,199,65,32,33,105,45,60,126,70,56,92,42,50
59924705,64,26,38,8,4,4,21,7,14,18,6,12,17,9,8
59924706,227,105,122,28,13,15,89,39,50,73,37,36,37,16,21
59924707,593,313,280,61,29,32,66,26,40,259,141,118,207,117,90
59924709,145,72,73,10,7,3,26,12,14,59,31,28,50,22,28
59924710,847,405,442,105,41,64,93,42,51,389,193,196,260,129,131
59924711,91,43,48,12,7,5,16,7,9,46,21,25,17,8,9
59924712,1453,706,747,146,62,84,175,71,104,659,339,320,473,234,239
59924713,1105,557,548,132,51,81,122,48,74,452,238,214,399,220,179
59924715,101,47,54,7,2,5,18,7,11,62,30,32,14,8,6
59924716,107,57,50,11,7,4,18,9,9,38,19,19,40,22,18
59924717,918,424,494,111,38,73,129,49,80,404,205,199,274,132,142
59924718,179,94,85,13,6,7,27,9,18,82,49,33,57,30,27
59924719,533,262,271,52,27,25,92,39,53,263,137,126,126,59,67
55493601,466,234,232,51,29,22,98,43,55,202,102,100,115,60,55
56843101,77,41,36,8,5,3,14,6,8,23,14,9,32,16,16
56843102,540,262,278,56,24,32,121,52,69,209,116,93,154,70,84
55685801,953,505,448,75,33,42,89,42,47,482,271,211,307,159,148
59934401,173,90,83,13,4,9,12,6,6,101,55,46,47,25,22
59934402,1307,666,641,140,68,72,164,70,94,545,279,266,458,249,209
59934403,593,301,292,56,25,31,112,42,70,255,135,120,170,99,71
59934404,896,408,488,90,39,51,119,52,67,432,203,229,255,114,141
59934405,1057,527,530,130,62,68,186,77,109,462,249,213,279,139,140
59934406,115,59,56,22,11,11,12,7,5,48,25,23,33,16,17
59934408,1383,658,725,141,63,78,207,78,129,627,315,312,408,202,206
59934409,79,43,36,3,0,3,26,15,11,20,9,11,30,19,11
59934410,1580,810,770,180,89,91,209,83,126,696,368,328,495,270,225
59934411,2316,1085,1231,218,91,127,278,106,172,1059,521,538,761,367,394
59934412,1004,469,535,137,64,73,167,52,115,448,230,218,252,123,129
59934413,73,43,30,8,5,3,14,7,7,38,21,17,13,10,3
59935201,363,188,175,20,8,12,122,57,65,121,70,51,100,53,47
59935202,98,47,51,10,5,5,30,11,19,28,16,12,30,15,15
59935203,593,302,291,60,27,33,44,15,29,304,156,148,185,104,81
59935204,136,70,66,5,2,3,12,5,7,68,38,30,51,25,26
59935205,68,34,34,3,2,1,26,11,15,18,13,5,21,8,13
59935206,54,31,23,10,4,6,0,0,0,31,20,11,13,7,6
59935207,372,180,192,34,17,17,143,66,77,111,53,58,84,44,40
59935208,445,217,228,51,26,25,121,52,69,124,68,56,149,71,78
59935209,124,64,60,22,9,13,26,10,16,47,29,18,29,16,13
59935210,2801,1372,1429,267,112,155,400,163,237,1270,664,606,864,433,431
59935211,135,62,73,17,8,9,25,13,12,49,21,28,44,20,24
59935212,167,86,81,18,7,11,18,8,10,72,44,28,59,27,32
56856201,295,153,142,29,17,12,84,37,47,90,53,37,92,46,46
56856202,60,34,26,8,5,3,12,7,5,23,13,10,17,9,8
56857101,172,85,87,19,12,7,15,4,11,85,41,44,53,28,25
56966601,147,70,77,18,7,11,28,10,18,60,33,27,41,20,21
56966602,794,407,387,99,42,57,199,90,109,281,164,117,215,111,104
59940901,1614,799,815,181,77,104,495,217,278,546,291,255,392,214,178
56851101,765,383,382,75,39,36,218,89,129,270,146,124,202,109,93
55406501,618,295,323,59,23,36,62,23,39,287,151,136,210,98,112
59946801,177,78,99,14,7,7,25,8,17,65,31,34,73,32,41
59946802,317,165,152,31,14,17,88,44,44,111,62,49,87,45,42
59946803,55,26,29,9,2,7,8,5,3,19,9,10,19,10,9
59946804,996,504,492,99,41,58,212,88,124,390,216,174,295,159,136
59946806,247,128,119,32,14,18,33,15,18,90,45,45,92,54,38
59950601,432,216,216,52,23,29,44,20,24,225,118,107,111,55,56
59950602,1190,605,585,105,48,57,138,58,80,602,316,286,345,183,162
56864301,686,335,351,69,30,39,81,33,48,331,171,160,205,101,104
0694420,0,0,0,0,0,0,0,0,0,0,0,0,0,0,0
3311470,0,0,0,0,0,0,0,0,0,0,0,0,0,0,0
59956501,788,397,391,101,49,52,211,97,114,257,140,117,219,111,108
59956502,604,317,287,62,33,29,108,50,58,262,148,114,172,86,86
59956503,3241,1668,1573,296,128,168,432,179,253,1410,748,662,1103,613,490
59956504,378,197,181,43,24,19,51,22,29,185,98,87,99,53,46
59956505,2162,1032,1130,208,88,120,240,109,131,1019,503,516,695,332,363
59956506,135,71,64,7,4,3,18,8,10,77,41,36,33,18,15
59956507,571,276,295,65,31,34,103,46,57,252,128,124,151,71,80
59956508,84,64,20,6,4,2,7,5,2,31,24,7,40,31,9
59956511,264,135,129,19,8,11,47,23,24,123,63,60,75,41,34
59956512,5331,2644,2687,490,229,261,559,243,316,2736,1390,1346,1546,782,764
59956513,332,170,162,31,15,16,48,23,25,170,87,83,83,45,38
59956514,234,117,117,13,5,8,30,8,22,102,63,39,89,41,48
59956515,254,121,133,25,11,14,38,19,19,140,62,78,51,29,22
59956516,2796,1303,1493,315,130,185,319,124,195,1349,666,683,813,383,430
59956517,1995,973,1022,189,81,108,223,106,117,962,489,473,621,297,324
59956518,721,356,365,77,34,43,160,78,82,293,149,144,191,95,96
59956519,701,360,341,85,40,45,142,69,73,282,155,127,192,96,96
59956520,428,215,213,23,13,10,119,59,60,165,83,82,121,60,61
55531201,519,270,249,57,25,32,64,27,37,213,120,93,185,98,87
56854601,1811,880,931,184,83,101,286,119,167,766,399,367,575,279,296
50004601,1699,855,844,172,86,86,270,124,146,750,385,365,507,260,247
59960301,69,34,35,7,2,5,15,8,7,20,11,9,27,13,14
59960302,145,73,72,11,5,6,2,0,2,86,46,40,46,22,24
59960303,1299,684,615,134,70,64,287,151,136,531,291,240,347,172,175
59964601,45,24,21,8,4,4,18,8,10,5,3,2,14,9,5
59964602,328,167,161,34,18,16,72,36,36,116,58,58,106,55,51
56858901,535,266,269,48,25,23,74,35,39,224,112,112,189,94,95
59968901,2328,1171,1157,176,87,89,852,368,484,622,347,275,678,369,309
59968902,43,21,22,4,1,3,15,8,7,15,8,7,9,4,5
3414100,0,0,0,0,0,0,0,0,0,0,0,0,0,0,0
3414280,0,0,0,0,0,0,0,0,0,0,0,0,0,0,0
56868601,425,226,199,29,13,16,63,29,34,222,123,99,111,61,50
56868602,324,156,168,26,10,16,38,17,21,141,72,69,119,57,62
1075060,0,0,0,0,0,0,0,0,0,0,0,0,0,0,0
1075570,0,0,0,0,0,0,0,0,0,0,0,0,0,0,0
3200810,0,0,0,0,0,0,0,0,0,0,0,0,0,0,0
59919101,391,203,188,43,19,24,60,30,30,182,100,82,106,54,52
59919102,195,94,101,22,11,11,42,16,26,69,34,35,62,33,29
59919103,2009,984,1025,162,78,84,220,98,122,1023,512,511,604,296,308
59919104,960,483,477,86,37,49,160,75,85,433,233,200,281,138,143
59919106,28,11,17,2,0,2,2,2,0,20,7,13,4,2,2
59919107,489,227,262,47,20,27,179,70,109,159,82,77,104,55,49
59919108,22,9,13,6,2,4,3,2,1,7,2,5,6,3,3
59919109,5066,2371,2695,500,216,284,643,266,377,2438,1214,1224,1485,675,810
59919110,928,561,367,63,25,38,68,37,31,265,152,113,532,347,185
59919111,734,376,358,71,32,39,96,43,53,338,180,158,229,121,108
59919112,3316,1565,1751,321,138,183,404,175,229,1469,698,771,1122,554,568
59919113,117,61,56,8,4,4,16,8,8,29,18,11,64,31,33
59919114,691,333,358,75,38,37,78,28,50,350,176,174,188,91,97
59919115,2440,1128,1312,247,96,151,375,151,224,1107,554,553,711,327,384
59919116,1442,704,738,196,85,111,223,97,126,627,319,308,396,203,193
59919117,1924,906,1018,163,69,94,272,116,156,808,409,399,681,312,369
59919119,168,80,88,19,9,10,20,11,9,63,29,34,66,31,35
59919120,810,425,385,94,47,47,81,32,49,379,209,170,256,137,119
59919121,926,447,479,98,38,60,127,56,71,415,205,210,286,148,138
59970101,211,107,104,35,16,19,37,16,21,73,42,31,66,33,33
59970103,150,80,70,6,2,4,39,21,18,66,32,34,39,25,14
59970104,502,247,255,41,13,28,68,33,35,229,123,106,164,78,86
59970105,155,79,76,22,10,12,11,5,6,55,32,23,67,32,35
59970106,153,86,67,5,3,2,28,13,15,47,29,18,73,41,32
59970107,209,109,100,23,10,13,12,6,6,116,65,51,58,28,30
59970108,188,100,88,20,9,11,23,13,10,99,56,43,46,22,24
59970109,232,123,109,45,24,21,51,24,27,98,52,46,38,23,15
59970110,1461,765,696,136,67,69,165,68,97,657,347,310,503,283,220
59970111,45,22,23,8,3,5,11,7,4,14,5,9,12,7,5
59970112,161,76,85,22,7,15,16,8,8,87,41,46,36,20,16
59970113,1235,597,638,114,47,67,150,55,95,562,294,268,409,201,208
59970114,683,321,362,56,26,30,82,31,51,344,165,179,201,99,102
59970115,382,176,206,29,10,19,26,11,15,215,107,108,112,48,64
59970116,1206,579,627,129,54,75,170,69,101,572,299,273,335,157,178
59970118,36,21,15,2,0,2,2,0,2,15,12,3,17,9,8
1205110,0,0,0,0,0,0,0,0,0,0,0,0,0,0,0
59974301,120,54,66,16,3,13,13,5,8,57,28,29,34,18,16
59974302,1278,631,647,141,58,83,197,98,99,599,304,295,341,171,170
59974303,252,116,136,18,8,10,49,17,32,124,64,60,61,27,34
1353810,0,0,0,0,0,0,0,0,0,0,0,0,0,0,0
3051620,0,0,0,0,0,0,0,0,0,0,0,0,0,0,0
59980801,494,248,246,45,18,27,133,62,71,186,101,85,130,67,63
59980802,264,124,140,25,11,14,55,19,36,121,62,59,63,32,31
59980803,716,405,311,58,31,27,104,48,56,282,166,116,272,160,112
59980804,505,247,258,52,24,28,121,54,67,221,115,106,111,54,57
59980806,1359,663,696,132,59,73,124,63,61,675,347,328,428,194,234
59980807,525,278,247,34,16,18,52,23,29,248,143,105,191,96,95
59980808,338,164,174,40,21,19,52,23,29,142,67,75,104,53,51
59980809,739,332,407,63,24,39,121,50,71,295,140,155,260,118,142
59980810,502,246,256,51,19,32,72,31,41,224,115,109,155,81,74
59980811,2407,1128,1279,244,100,144,304,120,184,1113,537,576,746,371,375
59980812,42,24,18,5,2,3,18,12,6,15,8,7,4,2,2
59980813,331,169,162,38,21,17,43,22,21,161,87,74,89,39,50
56877501,940,459,481,92,43,49,154,68,86,427,215,212,267,133,134
56855401,1182,589,593,108,46,62,325,159,166,440,236,204,309,148,161
59983201,1612,779,833,149,61,88,158,69,89,831,411,420,474,238,236
59983202,26,12,14,6,4,2,1,0,1,7,3,4,12,5,7
56871601,549,267,282,68,29,39,67,28,39,236,122,114,178,88,90
56871602,277,143,134,30,12,18,13,6,7,146,80,66,88,45,43
56840601,116,54,62,18,7,11,21,6,15,48,26,22,29,15,14
56840602,640,316,324,60,24,36,117,55,62,275,149,126,188,88,100
59986702,860,440,420,82,42,40,252,114,138,279,156,123,247,128,119
59990501,119,58,61,21,8,13,20,9,11,53,28,25,25,13,12
59990502,138,73,65,10,4,6,35,17,18,56,30,26,37,22,15
59990503,276,136,140,30,16,14,90,44,46,52,25,27,104,51,53
59990504,249,119,130,21,10,11,60,24,36,70,36,34,98,49,49
59990505,231,121,110,29,17,12,61,26,35,60,34,26,81,44,37
59990506,230,117,113,24,14,10,104,53,51,47,24,23,55,26,29
59990507,400,193,207,27,10,17,101,44,57,145,69,76,127,70,57
59990508,404,195,209,31,13,18,101,42,59,162,83,79,110,57,53
59990509,29,15,14,2,1,1,12,5,7,12,7,5,3,2,1
59990510,741,364,377,90,42,48,203,92,111,234,118,116,214,112,102
1584020,0,0,0,0,0,0,0,0,0,0,0,0,0,0,0
1584290,0,0,0,0,0,0,0,0,0,0,0,0,0,0,0
3154350,0,0,0,0,0,0,0,0,0,0,0,0,0,0,0
3154430,0,0,0,0,0,0,0,0,0,0,0,0,0,0,0
59992101,202,97,105,22,7,15,31,15,16,87,42,45,62,33,29
59992102,44,25,19,1,0,1,0,0,0,8,6,2,35,19,16
59992103,381,206,175,31,15,16,52,29,23,156,93,63,142,69,73
59992104,3538,1709,1829,278,109,169,309,121,188,1729,846,883,1222,633,589
59992105,1085,525,560,98,47,51,141,52,89,504,261,243,342,165,177
59992106,789,380,409,81,32,49,76,29,47,392,199,193,240,120,120
59992107,201,101,100,14,8,6,17,10,7,87,40,47,83,43,40
59992108,1397,703,694,143,72,71,158,66,92,715,383,332,381,182,199
59992109,213,95,118,21,10,11,13,4,9,110,51,59,69,30,39
59992110,1131,561,570,73,30,43,127,56,71,603,307,296,328,168,160
59993001,200,106,94,20,6,14,11,5,6,76,43,33,93,52,41
59993002,2030,991,1039,168,80,88,331,143,188,913,465,448,618,303,315
59993003,311,159,152,23,12,11,37,10,27,154,80,74,97,57,40
3414440,0,0,0,0,0,0,0,0,0,0,0,0,0,0,0
55417101,1376,651,725,129,57,72,179,73,106,646,318,328,422,203,219
55417102,549,255,294,49,19,30,56,20,36,250,121,129,194,95,99
55417103,76,39,37,9,4,5,14,6,8,30,14,16,23,15,8
1640890,0,0,0,0,0,0,0,0,0,0,0,0,0,0,0
59994801,1251,598,653,131,52,79,139,57,82,603,302,301,378,187,191
59994802,187,89,98,15,7,8,30,18,12,57,33,24,85,31,54
59994803,1903,966,937,180,85,95,434,211,223,776,395,381,513,275,238
59995601,1554,781,773,184,86,98,386,185,201,529,270,259,455,240,215
59995602,232,116,116,37,17,20,18,10,8,102,53,49,75,36,39
59995603,27,11,16,4,1,3,2,0,2,6,4,2,15,6,9
59996401,93,44,49,10,6,4,23,9,14,20,9,11,40,20,20
59996402,869,431,438,92,45,47,210,92,118,358,185,173,209,109,100
56975501,25,12,13,4,2,2,7,2,5,11,6,5,3,2,1
56975502,701,357,344,59,30,29,66,31,35,410,215,195,166,81,85
59999902,1554,804,750,189,89,100,212,99,113,685,350,335,468,266,202
59999903,412,198,214,40,20,20,44,21,23,186,98,88,142,59,83
59999904,176,91,85,24,14,10,32,14,18,58,32,26,62,31,31
59999905,412,203,209,47,15,32,76,41,35,160,79,81,129,68,61
56842201,1119,547,572,111,50,61,108,46,62,582,297,285,318,154,164
50025901,1914,948,966,258,104,154,504,230,274,652,374,278,500,240,260
55491001,548,278,270,39,17,22,105,48,57,195,105,90,209,108,101
55491002,45,24,21,6,4,2,7,1,6,28,17,11,4,2,2
55491003,197,110,87,18,10,8,31,17,14,76,43,33,72,40,32
56974701,213,98,115,20,7,13,37,13,24,85,46,39,71,32,39
56847301,910,459,451,64,31,33,199,93,106,359,195,164,288,140,148
56847302,113,62,51,9,3,6,20,11,9,57,34,23,27,14,13
56873201,1058,530,528,110,43,67,159,73,86,481,254,227,308,160,148
54700001,609,309,300,63,34,29,176,86,90,184,94,90,186,95,91
51297401,646,301,345,59,31,28,339,145,194,97,55,42,151,70,81
50619201,1706,844,862,98,63,35,1046,485,561,198,111,87,364,185,179
50621401,3689,1813,1876,408,208,200,1826,825,1001,588,343,245,867,437,430
50621402,685,341,344,90,45,45,329,153,176,140,83,57,126,60,66
55419701,1017,502,515,121,58,63,196,91,105,366,181,185,334,172,162
55310701,157,84,73,32,18,14,27,10,17,62,32,30,36,24,12
50632001,866,448,418,94,48,46,102,49,53,389,213,176,281,138,143
50632002,22,13,9,2,0,2,0,0,0,18,12,6,2,1,1
50632003,24,10,14,1,0,1,0,0,0,8,3,5,15,7,8
50632004,80,40,40,3,1,2,7,3,4,51,27,24,19,9,10
50632005,325,159,166,26,8,18,34,12,22,155,83,72,110,56,54
50632007,147,81,66,6,1,5,8,6,2,89,50,39,44,24,20
50645101,489,253,236,43,26,17,184,87,97,115,59,56,147,81,66
50645102,109,60,49,8,3,5,27,13,14,41,23,18,33,21,12
50645103,171,82,89,6,4,2,90,39,51,26,13,13,49,26,23
50645104,293,145,148,25,15,10,92,45,47,89,46,43,87,39,48
50645105,261,142,119,14,5,9,116,68,48,37,21,16,94,48,46
0155470,0,0,0,0,0,0,0,0,0,0,0,0,0,0,0
1983740,0,0,0,0,0,0,0,0,0,0,0,0,0,0,0
3305580,0,0,0,0,0,0,0,0,0,0,0,0,0,0,0
50646001,2407,1168,1239,225,89,136,212,77,135,1059,535,524,911,467,444
50646002,78,41,37,13,6,7,3,0,3,32,20,12,30,15,15
50646003,190,101,89,11,4,7,21,10,11,107,58,49,51,29,22
50646004,109,49,60,11,4,7,51,19,32,28,18,10,19,8,11
50646005,36,18,18,2,2,0,5,2,3,24,11,13,5,3,2
56826101,709,344,365,60,21,39,160,72,88,319,165,154,170,86,84
56826102,60,26,34,7,2,5,6,2,4,36,17,19,11,5,6
56995001,354,177,177,35,19,16,44,18,26,115,63,52,160,77,83
56822801,1291,613,678,112,60,52,685,304,381,216,113,103,278,136,142
56823601,20,12,8,3,2,1,5,3,2,6,4,2,6,3,3
56823602,701,349,352,77,35,42,117,57,60,307,158,149,200,99,101
56989502,754,358,396,89,34,55,150,64,86,307,156,151,208,104,104
50670201,27,14,13,4,2,2,10,3,7,6,5,1,7,4,3
50670202,3167,1564,1603,343,171,172,1340,607,733,599,337,262,885,449,436
50670204,694,344,350,56,31,25,359,164,195,104,52,52,175,97,78
55305101,918,477,441,111,56,55,261,118,143,241,124,117,305,179,126
55305102,115,61,54,8,3,5,42,20,22,29,18,11,36,20,16
50675301,1254,626,628,123,55,68,245,98,147,527,280,247,359,193,166
50675302,571,260,311,84,31,53,126,43,83,250,136,114,111,50,61
50675303,365,177,188,48,23,25,82,32,50,126,63,63,109,59,50
50675304,318,151,167,46,22,24,49,17,32,132,69,63,91,43,48
50675305,595,284,311,87,38,49,119,49,70,248,129,119,141,68,73
50675306,76,36,40,5,1,4,9,4,5,32,15,17,30,16,14
56821001,2474,1214,1260,211,117,94,1289,586,703,428,226,202,546,285,261
55309301,634,333,301,68,30,38,152,73,79,187,105,82,227,125,102
56836802,572,290,282,60,29,31,152,57,95,188,112,76,172,92,80
0397480,0,0,0,0,0,0,0,0,0,0,0,0,0,0,0
0398530,0,0,0,0,0,0,0,0,0,0,0,0,0,0,0
0398880,0,0,0,0,0,0,0,0,0,0,0,0,0,0,0
3154860,0,0,0,0,0,0,0,0,0,0,0,0,0,0,0
50701601,1295,640,655,181,83,98,374,165,209,410,219,191,330,173,157
50701603,1311,634,677,166,86,80,509,228,281,299,145,154,337,175,162
50701604,46,27,19,6,4,2,6,3,3,20,13,7,14,7,7
50701605,503,250,253,56,34,22,193,87,106,132,74,58,122,55,67
50701606,85,39,46,5,3,2,30,14,16,23,9,14,27,13,14
50701607,867,411,456,89,40,49,195,80,115,303,159,144,280,132,148
50701608,1695,818,877,200,84,116,342,141,201,584,315,269,569,278,291
50701610,125,27,98,7,2,5,84,13,71,16,5,11,18,7,11
50701611,1937,899,1038,231,93,138,436,175,261,741,365,376,529,266,263
50701612,232,111,121,16,9,7,101,48,53,67,33,34,48,21,27
50701613,74,37,37,6,3,3,27,14,13,23,11,12,18,9,9
50701614,445,211,234,70,32,38,134,64,70,132,65,67,109,50,59
50701615,1849,893,956,234,111,123,581,253,328,504,254,250,530,275,255
50701616,1989,1010,979,248,108,140,416,179,237,602,319,283,723,404,319
50701617,1181,577,604,144,75,69,275,123,152,403,204,199,359,175,184
50710501,961,478,483,70,37,33,592,280,312,128,69,59,171,92,79
50711301,690,338,352,102,37,65,94,43,51,277,151,126,217,107,110
50711302,143,69,74,8,3,5,34,13,21,49,25,24,52,28,24
50711303,386,195,191,53,25,28,66,32,34,158,85,73,109,53,56
50711304,94,48,46,7,3,4,26,11,15,22,15,7,39,19,20
50726101,704,342,362,75,34,41,127,52,75,312,162,150,190,94,96
50726102,393,200,193,41,21,20,109,57,52,140,81,59,103,41,62
50726103,121,62,59,17,7,10,24,11,13,48,26,22,32,18,14
50727001,27,11,16,3,1,2,3,2,1,17,7,10,4,1,3
50727002,212,102,110,25,11,14,50,23,27,82,40,42,55,28,27
50727003,333,163,170,41,19,22,101,45,56,90,48,42,101,51,50
50727005,246,120,126,28,11,17,96,47,49,63,35,28,59,27,32
50727006,77,36,41,8,4,4,27,10,17,27,15,12,15,7,8
50727007,2814,1378,1436,304,130,174,630,268,362,1069,553,516,811,427,384
50727009,317,160,157,41,18,23,116,54,62,82,45,37,78,43,35
50727010,491,233,258,68,32,36,143,56,87,117,61,56,163,84,79
50727011,767,368,399,75,38,37,217,99,118,254,120,134,221,111,110
51292301,1157,557,600,144,72,72,527,236,291,230,126,104,256,123,133
50733401,60,28,32,7,4,3,25,9,16,11,6,5,17,9,8
50733402,1118,555,563,119,67,52,493,219,274,231,135,96,275,134,141
56990901,678,334,344,63,27,36,171,79,92,213,106,107,231,122,109
0450470,0,0,0,0,0,0,0,0,0,0,0,0,0,0,0
0450550,0,0,0,0,0,0,0,0,0,0,0,0,0,0,0
50737701,200,97,103,20,9,11,9,4,5,93,43,50,78,41,37
50737702,49,23,26,15,8,7,3,1,2,25,13,12,6,1,5
50737703,241,129,112,26,15,11,17,6,11,95,54,41,103,54,49
50737704,34,19,15,1,0,1,4,2,2,17,10,7,12,7,5
50737705,139,72,67,6,3,3,13,5,8,63,33,30,57,31,26
50737706,356,192,164,33,15,18,38,15,23,156,89,67,129,73,56
54719101,226,115,111,30,15,15,104,50,54,31,16,15,61,34,27
50750401,3137,1561,1576,224,118,106,1958,926,1032,291,172,119,664,345,319
54718201,1843,882,961,181,95,86,832,353,479,328,168,160,502,266,236
50758001,322,160,162,42,21,21,92,41,51,96,54,42,92,44,48
50758002,1630,806,824,169,96,73,868,407,461,226,117,109,367,186,181
50758003,20,10,10,2,1,1,10,4,6,5,3,2,3,2,1
50758004,4565,2270,2295,437,235,202,2398,1075,1323,634,362,272,1096,598,498
56818001,114,56,58,11,3,8,21,9,12,62,34,28,20,10,10
56818002,131,71,60,23,15,8,17,5,12,46,26,20,45,25,20
51290701,53,25,28,1,0,1,6,3,3,36,18,18,10,4,6
51290702,828,409,419,103,51,52,220,86,134,291,163,128,214,109,105
55311501,129,68,61,17,6,11,15,8,7,39,23,16,58,31,27
55311502,83,38,45,13,7,6,19,8,11,30,12,18,21,11,10
50792001,82,43,39,5,2,3,25,13,12,13,5,8,39,23,16
50792002,72,36,36,4,2,2,9,2,7,32,17,15,27,15,12
50792003,782,381,401,82,37,45,182,79,103,291,153,138,227,112,115
50797101,4314,2121,2193,482,245,237,1418,627,791,1214,636,578,1200,613,587
50797102,513,259,254,66,34,32,148,73,75,141,71,70,158,81,77
50812801,2121,1065,1056,236,124,112,747,343,404,532,293,239,606,305,301
50814401,652,327,325,49,19,30,135,62,73,244,139,105,224,107,117
56827901,265,144,121,33,14,19,86,45,41,68,41,27,78,44,34
55304202,135,73,62,11,5,6,24,12,12,32,21,11,68,35,33
50837301,1096,547,549,166,91,75,281,119,162,359,179,180,290,158,132
56909701,191,102,89,16,5,11,59,27,32,60,42,18,56,28,28
56909702,35,23,12,4,3,1,8,5,3,10,6,4,13,9,4
55315801,808,382,426,110,54,56,199,85,114,258,126,132,241,117,124
55315802,102,55,47,13,4,9,30,17,13,32,18,14,27,16,11
51289301,177,92,85,27,11,16,50,24,26,39,21,18,61,36,25
55527401,481,246,235,63,25,38,125,63,62,187,102,85,106,56,50
50957401,1383,673,710,156,74,82,631,284,347,250,141,109,346,174,172
55535501,246,123,123,28,12,16,45,20,25,103,59,44,70,32,38
55535502,933,450,483,104,49,55,230,95,135,355,181,174,244,125,119
55535503,24,13,11,0,0,0,4,3,1,16,8,8,4,2,2
55535505,120,58,62,21,8,13,26,13,13,42,21,21,31,16,15
1119020,0,0,0,0,0,0,0,0,0,0,0,0,0,0,0
55533901,1654,822,832,209,98,111,479,214,265,470,252,218,496,258,238
55533902,56,32,24,2,1,1,14,6,8,18,12,6,22,13,9
55543601,305,155,150,30,15,15,109,56,53,78,39,39,88,45,43
1117080,0,0,0,0,0,0,0,0,0,0,0,0,0,0,0
1117410,0,0,0,0,0,0,0,0,0,0,0,0,0,0,0
1117830,0,0,0,0,0,0,0,0,0,0,0,0,0,0,0
1118210,0,0,0,0,0,0,0,0,0,0,0,0,0,0,0
55532101,668,316,352,89,45,44,157,68,89,299,146,153,123,57,66
55532102,1514,756,758,186,84,102,254,116,138,669,349,320,405,207,198
55532104,6600,3079,3521,761,306,455,905,341,564,3003,1512,1491,1931,920,1011
55532105,3054,1408,1646,375,161,214,446,171,275,1301,624,677,932,452,480
55532106,1240,605,635,145,69,76,169,70,99,529,266,263,397,200,197
55532107,34,15,19,2,0,2,10,5,5,11,4,7,11,6,5
55532109,802,401,401,97,50,47,208,99,109,299,152,147,198,100,98
55532110,1065,493,572,148,65,83,231,92,139,439,222,217,247,114,133
55532111,4067,1958,2109,513,238,275,608,264,344,1826,932,894,1120,524,596
55532112,1536,739,797,201,78,123,214,90,124,698,375,323,423,196,227
55532113,836,395,441,133,59,74,125,54,71,389,196,193,189,86,103
55532114,872,435,437,114,50,64,130,58,72,396,212,184,232,115,117
55532115,3485,1872,1613,364,151,213,455,197,258,1262,691,571,1404,833,571
55532116,1038,499,539,76,28,48,145,71,74,429,204,225,388,196,192
55532117,207,101,106,27,11,16,30,16,14,106,52,54,44,22,22
55532118,33,12,21,2,1,1,13,4,9,9,5,4,9,2,7
55532119,4352,2117,2235,531,228,303,580,257,323,2012,1038,974,1229,594,635
55532120,2229,1045,1184,299,134,165,355,138,217,970,487,483,605,286,319
55532121,2006,914,1092,238,99,139,322,115,207,834,394,440,612,306,306
55532122,2929,1352,1577,369,136,233,410,168,242,1357,688,669,793,360,433
55532124,66,29,37,6,2,4,4,1,3,38,20,18,18,6,12
55532125,2511,1111,1400,285,109,176,328,140,188,1194,580,614,704,282,422
55532126,2246,1062,1184,277,121,156,312,115,197,971,487,484,686,339,347
55532127,2105,992,1113,298,124,174,388,154,234,924,469,455,495,245,250
55532128,1473,710,763,143,70,73,209,88,121,691,338,353,430,214,216
55532129,1017,472,545,126,58,68,142,50,92,454,233,221,295,131,164
55540101,155,74,81,25,11,14,39,18,21,40,23,17,51,22,29
55540102,423,215,208,55,28,27,114,51,63,117,62,55,137,74,63
55540103,141,66,75,16,10,6,26,12,14,60,25,35,39,19,20
55540104,35,19,16,6,3,3,7,5,2,8,5,3,14,6,8
55537101,1034,508,526,136,72,64,222,85,137,410,220,190,266,131,135
3054210,0,0,0,0,0,0,0,0,0,0,0,0,0,0,0
3054480,0,0,0,0,0,0,0,0,0,0,0,0,0,0,0
55670001,110,60,50,8,5,3,21,12,9,49,27,22,32,16,16
55670002,161,81,80,11,6,5,46,23,23,49,22,27,55,30,25
55670003,735,359,376,90,41,49,162,76,86,289,141,148,194,101,93
55670004,30,17,13,5,4,1,6,3,3,11,7,4,8,3,5
55670005,237,119,118,47,23,24,40,16,24,72,40,32,78,40,38
55670006,44,24,20,10,6,4,6,1,5,20,14,6,8,3,5
55546101,174,90,84,24,12,12,50,22,28,60,33,27,40,23,17
55546102,211,105,106,45,20,25,55,25,30,62,35,27,49,25,24
55541001,333,169,164,27,11,16,135,67,68,69,40,29,102,51,51
50961201,1353,658,695,168,74,94,210,91,119,545,279,266,430,214,216
50961202,40,19,21,0,0,0,12,7,5,8,2,6,20,10,10
50964701,1946,959,987,156,79,77,952,446,506,350,184,166,488,250,238
50964702,34,18,16,6,4,2,2,0,2,14,8,6,12,6,6
50964703,31,15,16,0,0,0,12,6,6,13,6,7,6,3,3
50973601,1332,647,685,146,63,83,369,157,212,506,259,247,311,168,143
56831701,119,63,56,12,7,5,6,0,6,37,17,20,64,39,25
56831702,359,182,177,23,10,13,63,27,36,136,71,65,137,74,63
56831703,23,14,9,7,4,3,4,2,2,6,6,0,6,2,4
50984101,1142,575,567,152,69,83,197,90,107,488,258,230,305,158,147
56837601,598,296,302,35,16,19,383,183,200,62,37,25,118,60,58
51013101,287,139,148,34,16,18,116,52,64,56,32,24,81,39,42
51013103,692,349,343,87,43,44,210,98,112,213,122,91,182,86,96
51028901,1952,977,975,222,101,121,488,221,267,690,369,321,552,286,266
51028902,81,37,44,9,5,4,23,9,14,35,18,17,14,5,9
51029701,683,336,347,79,40,39,282,127,155,143,87,56,179,82,97
51029702,127,59,68,12,5,7,62,29,33,32,15,17,21,10,11
59782101,387,191,196,37,17,20,52,19,33,178,94,84,120,61,59
0754260,0,0,0,0,0,0,0,0,0,0,0,0,0,0,0
56819801,126,69,57,14,7,7,9,5,4,70,41,29,33,16,17
51034301,271,139,132,35,18,17,89,42,47,77,43,34,70,36,34
51034302,105,64,41,8,5,3,27,16,11,18,8,10,52,35,17
51034303,134,71,63,28,12,16,31,15,16,32,19,13,43,25,18
51034304,881,436,445,95,49,46,369,164,205,197,118,79,220,105,115
51286901,814,414,400,45,25,20,541,266,275,46,29,17,182,94,88
51286902,32,17,15,0,0,0,22,10,12,1,1,0,9,6,3
51037801,604,302,302,56,25,31,296,140,156,92,52,40,160,85,75
54713101,251,130,121,26,12,14,48,22,26,99,58,41,78,38,40
51043201,29,11,18,0,0,0,12,6,6,5,2,3,12,3,9
51043202,1543,783,760,138,69,69,701,316,385,318,200,118,386,198,188
56833301,33,16,17,0,0,0,3,1,2,15,8,7,15,7,8
56833302,607,313,294,62,31,31,169,83,86,191,101,90,185,98,87
51048301,65,34,31,1,1,0,46,23,23,6,3,3,12,7,5
51048302,227,113,114,29,15,14,104,50,54,48,22,26,46,26,20
51048303,86,43,43,7,5,2,22,9,13,23,10,13,34,19,15
51048304,2687,1301,1386,248,130,118,1586,717,869,260,143,117,593,311,282
51049101,1265,622,643,146,66,80,335,143,192,458,248,210,326,165,161
51274501,800,378,422,114,49,65,317,130,187,185,108,77,184,91,93
56910101,221,115,106,19,8,11,54,22,32,65,40,25,83,45,38
56834101,360,175,185,52,27,25,85,35,50,127,69,58,96,44,52
51089101,75,39,36,5,1,4,15,7,8,27,17,10,28,14,14
51089102,189,95,94,30,15,15,24,9,15,92,51,41,43,20,23
51089103,66,40,26,1,0,1,9,6,3,23,13,10,33,21,12
51089104,188,104,84,18,11,7,34,14,20,60,35,25,76,44,32
51089105,77,41,36,6,3,3,9,5,4,36,22,14,26,11,15
51089107,986,469,517,127,55,72,152,69,83,392,188,204,315,157,158
1788110,0,0,0,0,0,0,0,0,0,0,0,0,0,0,0
51093901,1772,867,905,182,92,90,794,352,442,341,187,154,455,236,219
57003601,25,12,13,0,0,0,9,4,5,5,3,2,11,5,6
57003602,678,359,319,72,37,35,292,147,145,130,74,56,184,101,83
1830080,0,0,0,0,0,0,0,0,0,0,0,0,0,0,0
1830410,0,0,0,0,0,0,0,0,0,0,0,0,0,0,0
1830670,0,0,0,0,0,0,0,0,0,0,0,0,0,0,0
3305660,0,0,0,0,0,0,0,0,0,0,0,0,0,0,0
51102101,75,42,33,7,6,1,13,5,8,26,15,11,29,16,13
51102102,67,38,29,9,5,4,10,6,4,24,13,11,24,14,10
51102103,56,34,22,1,1,0,4,2,2,33,19,14,18,12,6
51102104,97,49,48,10,4,6,24,11,13,30,17,13,33,17,16
51102105,67,39,28,5,4,1,8,5,3,30,16,14,24,14,10
51102106,109,60,49,16,6,10,10,5,5,39,20,19,44,29,15
51102107,450,222,228,43,19,24,42,16,26,232,123,109,133,64,69
51102108,42,17,25,2,1,1,0,0,0,29,10,19,11,6,5
51102109,1073,540,533,125,50,75,123,49,74,448,228,220,377,213,164
51102111,2187,1034,1153,216,82,134,254,94,160,1006,502,504,711,356,355
51102112,1162,551,611,113,48,65,172,70,102,552,276,276,325,157,168
51116101,499,259,240,60,26,34,113,56,57,186,107,79,140,70,70
56824401,1608,791,817,150,81,69,683,304,379,408,218,190,367,188,179
55349201,573,276,297,65,37,28,313,141,172,73,39,34,122,59,63
56911901,488,234,254,47,22,25,107,44,63,229,114,115,105,54,51
50671101,1430,709,721,154,64,90,261,123,138,671,339,332,344,183,161
56950001,621,306,315,67,26,41,73,30,43,288,157,131,193,93,100
56950002,192,96,96,25,13,12,19,9,10,107,50,57,41,24,17
3308680,0,0,0,0,0,0,0,0,0,0,0,0,0,0,0
59954901,246,118,128,19,7,12,50,28,22,109,49,60,68,34,34
59954902,317,155,162,32,16,16,47,22,25,147,70,77,91,47,44
59954903,92,45,47,9,4,5,7,2,5,54,28,26,22,11,11
59954904,141,71,70,7,3,4,36,13,23,57,32,25,41,23,18
59954905,3053,1485,1568,331,144,187,422,183,239,1460,740,720,840,418,422
59954906,124,60,64,13,7,6,10,6,4,74,31,43,27,16,11
59954907,333,167,166,28,11,17,55,26,29,138,72,66,112,58,54
55404901,32,15,17,3,0,3,12,6,6,12,6,6,5,3,2
55404902,23,14,9,1,1,0,0,0,0,15,9,6,7,4,3
55404904,642,328,314,59,27,32,158,73,85,244,127,117,181,101,80
55433201,167,79,88,33,17,16,15,8,7,77,34,43,42,20,22
55433202,1516,755,761,203,100,103,388,170,218,566,305,261,359,180,179
55466901,136,73,63,20,10,10,16,6,10,56,33,23,44,24,20
55466904,1528,742,786,124,45,79,142,63,79,847,428,419,415,206,209
55466905,20,10,10,1,0,1,3,2,1,16,8,8,0,0,0
55466906,1958,960,998,163,75,88,259,100,159,1004,517,487,532,268,264
55466907,116,56,60,13,7,6,16,3,13,61,32,29,26,14,12
55456101,2652,1293,1359,290,127,163,446,186,260,1190,619,571,726,361,365
55432401,1333,642,691,152,70,82,253,114,139,552,290,262,376,168,208
1138410,0,0,0,0,0,0,0,0,0,0,0,0,0,0,0
1138910,0,0,0,0,0,0,0,0,0,0,0,0,0,0,0
1139050,0,0,0,0,0,0,0,0,0,0,0,0,0,0,0
1139130,0,0,0,0,0,0,0,0,0,0,0,0,0,0,0
1139210,0,0,0,0,0,0,0,0,0,0,0,0,0,0,0
55428601,625,343,282,58,31,27,55,21,34,265,142,123,247,149,98
55428602,470,230,240,33,17,16,46,19,27,227,121,106,164,73,91
55428603,795,358,437,67,27,40,100,29,71,354,168,186,274,134,140
55428604,5797,2762,3035,531,218,313,652,278,374,2798,1372,1426,1816,894,922
55428605,298,149,149,5,2,3,14,6,8,38,21,17,241,120,121
55428606,132,49,83,9,5,4,53,21,32,34,16,18,36,7,29
55428607,667,342,325,83,40,43,58,28,30,303,162,141,223,112,111
55428608,1931,995,936,183,88,95,262,114,148,902,461,441,584,332,252
55428609,806,473,333,105,74,31,78,51,27,394,219,175,229,129,100
55428610,83,45,38,3,2,1,19,8,11,24,14,10,37,21,16
55428612,25,10,15,3,1,2,5,1,4,11,4,7,6,4,2
55457001,241,123,118,24,11,13,37,18,19,139,70,69,41,24,17
55457004,232,120,112,30,15,15,39,14,25,106,60,46,57,31,26
55457005,726,368,358,75,33,42,111,49,62,349,185,164,191,101,90
55443001,912,482,430,103,54,49,89,41,48,394,215,179,326,172,154
55443002,1642,814,828,133,64,69,225,106,119,873,431,442,411,213,198
55443003,691,353,338,58,28,30,56,25,31,340,168,172,237,132,105
1135810,0,0,0,0,0,0,0,0,0,0,0,0,0,0,0
1135900,0,0,0,0,0,0,0,0,0,0,0,0,0,0,0
1136890,0,0,0,0,0,0,0,0,0,0,0,0,0,0,0
1137510,0,0,0,0,0,0,0,0,0,0,0,0,0,0,0
1137940,0,0,0,0,0,0,0,0,0,0,0,0,0,0,0
1141540,0,0,0,0,0,0,0,0,0,0,0,0,0,0,0
54591101,40,23,17,6,4,2,2,1,1,19,12,7,13,6,7
54591102,1916,909,1007,185,77,108,192,73,119,999,483,516,540,276,264
54591103,1222,815,407,214,147,67,185,132,53,570,382,188,253,154,99
54591105,376,192,184,58,32,26,24,12,12,196,99,97,98,49,49
54591106,1805,854,951,161,68,93,217,91,126,854,429,425,573,266,307
54591107,2284,1066,1218,250,104,146,222,93,129,1138,558,580,674,311,363
54591110,1029,463,566,144,54,90,95,34,61,501,233,268,289,142,147
54591111,757,381,376,98,41,57,73,32,41,349,181,168,237,127,110
54591112,121,64,57,16,8,8,10,3,7,33,20,13,62,33,29
54591113,2559,1405,1154,259,116,143,244,121,123,958,522,436,1098,646,452
54591114,836,430,406,104,57,47,80,35,45,385,203,182,267,135,132
54591115,2583,1193,1390,280,122,158,299,131,168,1216,580,636,788,360,428
54591116,633,309,324,68,31,37,70,26,44,274,145,129,221,107,114
54591117,1060,543,517,119,60,59,102,52,50,276,134,142,563,297,266
54591118,1952,966,986,232,103,129,213,94,119,963,481,482,544,288,256
54591119,137,72,65,10,6,4,17,11,6,74,39,35,36,16,20
54591120,1282,584,698,141,57,84,155,54,101,624,314,310,362,159,203
54591122,1610,776,834,193,75,118,195,85,110,697,341,356,525,275,250
54591125,555,290,265,42,22,20,49,24,25,228,122,106,236,122,114
54591126,1851,889,962,170,65,105,213,94,119,903,452,451,565,278,287
54591127,3921,1861,2060,385,168,217,485,198,287,1949,969,980,1102,526,576
54591128,5429,2609,2820,537,220,317,575,225,350,2725,1356,1369,1592,808,784
54591129,791,388,403,81,37,44,103,49,54,244,120,124,363,182,181
54591131,21,15,6,3,2,1,6,4,2,3,3,0,9,6,3
54591132,1615,817,798,180,83,97,149,68,81,378,212,166,908,454,454
54591134,1470,728,742,144,68,76,171,70,101,577,292,285,578,298,280
55421901,290,138,152,30,16,14,15,7,8,186,91,95,59,24,35
55421902,39,18,21,6,2,4,10,4,6,20,11,9,3,1,2
55421903,32,17,15,8,3,5,1,0,1,17,12,5,6,2,4
55421904,1846,919,927,167,76,91,326,139,187,838,453,385,515,251,264
55436701,286,145,141,24,12,12,52,23,29,137,73,64,73,37,36
55436702,461,248,213,41,23,18,46,19,27,231,127,104,143,79,64
1143410,0,0,0,0,0,0,0,0,0,0,0,0,0,0,0
1143590,0,0,0,0,0,0,0,0,0,0,0,0,0,0,0
1144210,0,0,0,0,0,0,0,0,0,0,0,0,0,0,0
1144300,0,0,0,0,0,0,0,0,0,0,0,0,0,0,0
1145110,0,0,0,0,0,0,0,0,0,0,0,0,0,0,0
1156310,0,0,0,0,0,0,0,0,0,0,0,0,0,0,0
54613501,5026,2463,2563,416,186,230,367,171,196,2703,1348,1355,1540,758,782
54613502,2631,1284,1347,228,92,136,189,76,113,1466,761,705,748,355,393
54613503,4932,2395,2537,398,180,218,410,184,226,2590,1304,1286,1534,727,807
54613504,32,20,12,3,2,1,0,0,0,14,7,7,15,11,4
54613505,3918,1811,2107,368,169,199,423,156,267,1945,947,998,1182,539,643
54613506,5676,2726,2950,510,206,304,578,240,338,2835,1397,1438,1753,883,870
54613507,2090,975,1115,215,90,125,230,92,138,1001,486,515,644,307,337
54613508,3982,2385,1597,257,112,145,228,107,121,1373,759,614,2124,1407,717
54613509,2314,1045,1269,214,88,126,229,84,145,1187,556,631,684,317,367
54613510,2628,1268,1360,254,122,132,215,93,122,1395,691,704,764,362,402
54613511,691,323,368,59,21,38,56,17,39,357,174,183,219,111,108
54613512,4607,2149,2458,444,170,274,450,202,248,2406,1151,1255,1307,626,681
54613513,1649,780,869,145,57,88,195,72,123,783,394,389,526,257,269
54613514,227,105,122,24,9,15,24,10,14,125,59,66,54,27,27
54613515,304,138,166,31,11,20,21,11,10,153,69,84,99,47,52
54613516,4472,2135,2337,413,170,243,464,189,275,2328,1176,1152,1267,600,667
54613517,5233,2544,2689,490,207,283,455,201,254,2815,1401,1414,1473,735,738
54613518,2091,1021,1070,216,91,125,199,99,100,1116,557,559,560,274,286
54613519,962,468,494,83,32,51,151,66,85,465,243,222,263,127,136
54613520,63,27,36,3,0,3,2,1,1,40,18,22,18,8,10
54613522,1280,655,625,122,64,58,122,60,62,635,314,321,401,217,184
54613523,6000,2814,3186,528,208,320,626,248,378,2933,1490,1443,1913,868,1045
54613524,5341,2601,2740,474,204,270,602,261,341,2732,1370,1362,1533,766,767
54613526,4647,2259,2388,363,144,219,366,155,211,2215,1130,1085,1703,830,873
54613527,3588,1780,1808,325,138,187,285,119,166,1923,967,956,1055,556,499
54613528,2093,1006,1087,225,103,122,184,84,100,1088,529,559,596,290,306
54613529,4346,2099,2247,386,174,212,498,195,303,1917,995,922,1545,735,810
54613530,3444,1626,1818,317,124,193,342,128,214,1729,857,872,1056,517,539
54613531,957,470,487,87,41,46,126,60,66,450,220,230,294,149,145
54613532,2903,1298,1605,264,106,158,334,130,204,1400,662,738,905,400,505
54613533,1672,814,858,177,69,108,210,105,105,881,434,447,404,206,198
54613534,1668,804,864,154,71,83,144,66,78,901,445,456,469,222,247
54613535,1092,521,571,86,33,53,101,52,49,580,276,304,325,160,165
54613536,4312,2042,2270,376,162,214,363,157,206,2298,1117,1181,1275,606,669
55430801,3096,1504,1592,386,173,213,600,239,361,1261,658,603,849,434,415
55430802,44,23,21,3,1,2,14,8,6,16,8,8,11,6,5
55472301,354,169,185,38,16,22,49,20,29,159,76,83,108,57,51
55472302,783,398,385,71,36,35,175,76,99,315,161,154,222,125,97
55472303,359,174,185,45,20,25,46,23,23,176,80,96,92,51,41
55458801,672,322,350,61,29,32,76,29,47,358,174,184,177,90,87
55458802,78,50,28,9,7,2,5,2,3,43,26,17,21,15,6
55458804,4148,2066,2082,352,157,195,540,231,309,2054,1062,992,1202,616,586
1152740,0,0,0,0,0,0,0,0,0,0,0,0,0,0,0
1153210,0,0,0,0,0,0,0,0,0,0,0,0,0,0,0
1155410,0,0,0,0,0,0,0,0,0,0,0,0,0,0,0
54622401,1376,949,427,69,40,29,98,52,46,413,275,138,796,582,214
54622402,2690,1223,1467,293,108,185,334,130,204,1335,664,671,728,321,407
54622403,2697,1265,1432,255,97,158,280,118,162,1410,692,718,752,358,394
54622404,2712,1237,1475,286,115,171,277,110,167,1419,673,746,730,339,391
54622405,3448,1650,1798,292,120,172,370,154,216,1826,908,918,960,468,492
54622406,1256,615,641,143,68,75,206,97,109,600,302,298,307,148,159
54622407,2876,1357,1519,262,100,162,270,124,146,1566,752,814,778,381,397
54622408,672,328,344,63,27,36,119,48,71,329,179,150,161,74,87
54622409,3274,1464,1810,272,110,162,391,144,247,1591,759,832,1020,451,569
54622411,1873,894,979,181,86,95,181,75,106,967,467,500,544,266,278
54622412,2917,1389,1528,319,128,191,299,132,167,1461,725,736,838,404,434
54622413,3852,1799,2053,407,180,227,447,177,270,1959,953,1006,1039,489,550
54622414,8272,3811,4461,754,288,466,997,399,598,4194,2033,2161,2327,1091,1236
54622415,8800,4064,4736,805,295,510,934,372,562,4618,2251,2367,2443,1146,1297
54622416,1878,905,973,158,80,78,160,64,96,1074,539,535,486,222,264
54622417,1856,911,945,237,92,145,216,91,125,742,393,349,661,335,326
54622418,4931,2288,2643,510,202,308,548,222,326,2396,1168,1228,1477,696,781
54622419,2673,1202,1471,282,111,171,340,125,215,1350,640,710,701,326,375
54622420,354,80,274,30,1,29,71,15,56,143,43,100,110,21,89
54622421,422,272,150,48,27,21,57,35,22,176,119,57,141,91,50
54622422,3110,1450,1660,293,115,178,346,130,216,1600,786,814,871,419,452
3055290,0,0,0,0,0,0,0,0,0,0,0,0,0,0,0
55437501,1204,605,599,96,52,44,121,58,63,672,341,331,315,154,161
55424301,1312,641,671,128,55,73,230,107,123,562,282,280,392,197,195
1150450,0,0,0,0,0,0,0,0,0,0,0,0,0,0,0
1150610,0,0,0,0,0,0,0,0,0,0,0,0,0,0,0
3199700,0,0,0,0,0,0,0,0,0,0,0,0,0,0,0
55453701,876,422,454,60,31,29,105,40,65,469,236,233,242,115,127
55453702,83,45,38,11,5,6,18,8,10,34,22,12,20,10,10
55453703,400,207,193,35,20,15,34,14,20,208,106,102,123,67,56
55453704,648,320,328,66,28,38,83,37,46,322,169,153,177,86,91
55453706,23,14,9,7,4,3,4,2,2,6,4,2,6,4,2
55453707,1492,735,757,130,64,66,177,82,95,679,320,359,506,269,237
55453708,1306,663,643,95,48,47,157,75,82,615,323,292,439,217,222
55453710,268,136,132,30,15,15,28,13,15,111,53,58,99,55,44
55453711,314,151,163,37,18,19,48,25,23,129,62,67,100,46,54
55453712,484,243,241,39,15,24,50,26,24,249,126,123,146,76,70
55453713,295,133,162,38,13,25,44,15,29,125,60,65,88,45,43
1146770,0,0,0,0,0,0,0,0,0,0,0,0,0,0,0
1146850,0,0,0,0,0,0,0,0,0,0,0,0,0,0,0
1147740,0,0,0,0,0,0,0,0,0,0,0,0,0,0,0
1148120,0,0,0,0,0,0,0,0,0,0,0,0,0,0,0
1148390,0,0,0,0,0,0,0,0,0,0,0,0,0,0,0
1148630,0,0,0,0,0,0,0,0,0,0,0,0,0,0,0
1148710,0,0,0,0,0,0,0,0,0,0,0,0,0,0,0
1148980,0,0,0,0,0,0,0,0,0,0,0,0,0,0,0
1149010,0,0,0,0,0,0,0,0,0,0,0,0,0,0,0
1149950,0,0,0,0,0,0,0,0,0,0,0,0,0,0,0
3054810,0,0,0,0,0,0,0,0,0,0,0,0,0,0,0
54604601,252,119,133,22,12,10,93,43,50,81,39,42,56,25,31
54604602,724,353,371,51,16,35,69,24,45,372,191,181,232,122,110
54604603,1951,944,1007,186,84,102,237,94,143,878,439,439,650,327,323
54604604,90,50,40,12,6,6,1,0,1,47,26,21,30,18,12
54604605,245,123,122,25,14,11,36,15,21,119,67,52,65,27,38
54604606,1037,497,540,99,41,58,97,44,53,334,172,162,507,240,267
54604607,3181,1554,1627,300,125,175,368,158,210,1581,814,767,932,457,475
54604609,484,247,237,37,14,23,42,18,24,243,132,111,162,83,79
54604610,504,244,260,47,17,30,44,15,29,225,124,101,188,88,100
54604611,1616,890,726,122,57,65,128,63,65,627,315,312,739,455,284
54604612,272,137,135,27,12,15,23,12,11,138,66,72,84,47,37
54604613,585,284,301,44,18,26,70,32,38,288,144,144,183,90,93
54604614,1391,672,719,131,57,74,157,71,86,622,313,309,481,231,250
54604615,25,13,12,6,2,4,2,2,0,7,5,2,10,4,6
54604616,1451,613,838,127,58,69,139,56,83,550,244,306,635,255,380
54604617,194,100,94,21,9,12,15,4,11,63,33,30,95,54,41
54604618,186,98,88,22,9,13,19,11,8,82,42,40,63,36,27
54604619,846,419,427,92,42,50,56,27,29,385,188,197,313,162,151
54604620,256,118,138,27,12,15,26,10,16,121,60,61,82,36,46
54604621,43,20,23,7,5,2,1,0,1,17,8,9,18,7,11
54604622,90,53,37,1,1,0,2,1,1,15,9,6,72,42,30
54604623,786,784,2,128,128,0,144,144,0,242,242,0,272,270,2
54604624,965,509,456,145,69,76,97,54,43,317,172,145,406,214,192
54604625,428,213,215,62,26,36,58,28,30,96,47,49,212,112,100
54604626,264,127,137,28,13,15,42,19,23,128,61,67,66,34,32
54604628,787,375,412,98,51,47,175,75,100,292,144,148,222,105,117
54604629,297,146,151,21,6,15,40,18,22,108,57,51,128,65,63
54604630,1069,553,516,150,66,84,107,55,52,242,134,108,570,298,272
54604631,185,93,92,21,10,11,22,10,12,82,38,44,60,35,25
54604632,276,139,137,30,13,17,24,10,14,150,80,70,72,36,36
54604636,51,20,31,2,1,1,11,4,7,24,10,14,14,5,9
54604637,129,66,63,23,10,13,11,7,4,63,30,33,32,19,13
54604638,57,42,15,6,3,3,0,0,0,12,8,4,39,31,8
54604639,559,305,254,47,26,21,59,34,25,271,144,127,182,101,81
54604640,99,64,35,7,4,3,14,6,8,52,36,16,26,18,8
55423501,3958,1959,1999,325,154,171,839,398,441,1828,911,917,966,496,470
55423502,22,11,11,4,2,2,6,4,2,8,3,5,4,2,2
1154790,0,0,0,0,0,0,0,0,0,0,0,0,0,0,0
55468501,150,81,69,18,6,12,5,4,1,66,38,28,61,33,28
55468502,564,279,285,49,19,30,77,35,42,306,160,146,132,65,67
55468504,90,36,54,2,0,2,5,2,3,61,25,36,22,9,13
55468505,194,102,92,15,7,8,41,18,23,100,53,47,38,24,14
55468506,125,62,63,11,4,7,20,8,12,60,34,26,34,16,18
55468509,3134,1537,1597,317,150,167,477,216,261,1500,753,747,840,418,422
1154440,0,0,0,0,0,0,0,0,0,0,0,0,0,0,0
55471501,1828,883,945,163,66,97,374,177,197,816,406,410,475,234,241
1140570,0,0,0,0,0,0,0,0,0,0,0,0,0,0,0
1140650,0,0,0,0,0,0,0,0,0,0,0,0,0,0,0
55422701,3041,1558,1483,374,195,179,324,158,166,905,462,443,1438,743,695
55422702,340,108,232,12,0,12,35,8,27,32,10,22,261,90,171
55422704,980,481,499,66,28,38,76,29,47,479,247,232,359,177,182
55422706,1692,914,778,165,68,97,129,60,69,671,375,296,727,411,316
55422709,55,30,25,3,2,1,2,2,0,34,19,15,16,7,9
55422710,250,126,124,24,10,14,19,6,13,97,58,39,110,52,58
55422711,1269,631,638,99,44,55,102,49,53,509,251,258,559,287,272
55422712,26,15,11,7,4,3,3,1,2,5,3,2,11,7,4
59873901,343,166,177,33,12,21,53,21,32,156,81,75,101,52,49
59873902,74,38,36,10,5,5,6,1,5,46,26,20,12,6,6
59873903,2336,1183,1153,240,111,129,338,147,191,1126,602,524,632,323,309
59879801,1075,536,539,98,49,49,215,94,121,499,261,238,263,132,131
59879802,859,421,438,75,35,40,131,53,78,428,228,200,225,105,120
59879803,589,311,278,39,15,24,115,52,63,294,162,132,141,82,59
59879804,3755,1859,1896,342,140,202,557,228,329,1900,1007,893,956,484,472
59883601,2026,1012,1014,213,97,116,354,157,197,946,488,458,513,270,243
3250910,0,0,0,0,0,0,0,0,0,0,0,0,0,0,0
51088201,1989,973,1016,205,99,106,259,104,155,978,488,490,547,282,265
59887901,1717,836,881,152,68,84,198,85,113,898,452,446,469,231,238
59887902,797,393,404,75,26,49,62,38,24,429,227,202,231,102,129
59887903,4747,2323,2424,402,176,226,581,225,356,2404,1227,1177,1360,695,665
50029101,68,35,33,5,2,3,8,3,5,16,9,7,39,21,18
50029102,666,320,346,55,25,30,117,54,63,331,165,166,163,76,87
50029103,1997,1012,985,241,111,130,357,164,193,893,471,422,506,266,240
56844901,579,295,284,61,37,24,150,70,80,210,113,97,158,75,83
56844902,56,27,29,9,3,6,15,6,9,9,5,4,23,13,10
