kod_nadzsj_d,Obyvatelstvo celkem,Obyvatelstvo celkem - muži,Obyvatelstvo celkem - ženy,Obyvatelstvo - s trvalým pobytem - celkem,Obyvatelstvo - s trvalým pobytem - muži, Obyvatelstvo - s trvalým pobytem - ženy,Obyvatelstvo - s dlouhodobým pobytem - celkem,Obyvatelstvo - s dlouhodobým pobytem - muži,Obyvatelstvo - s dlouhodobým pobytem - ženy,Obyvatelstvo - bydliště po narození v obci obvyklého bydliště -  celkem,Obyvatelstvo - bydliště po narození v obci obvyklého bydliště - muži,Obyvatelstvo - bydliště po narození v obci obvyklého bydliště - ženy,Obyvatelstvo - bydlící před rokem ve stejné obci - celkem,Obyvatelstvo - bydlící před rokem ve stejné obci - muži,Obyvatelstvo - bydlící před rokem ve stejné obci - ženy,Obyvatelstvo - bydlící v bytech - celkem,Obyvatelstvo - bydlící v bytech - muži,Obyvatelstvo - bydlící v bytech - ženy,Obyvatelstvo - bydlící v zařízeních - celkem,Obyvatelstvo - bydlící v zařízeních - muži,Obyvatelstvo - bydlící v zařízeních - ženy,Obyvatelstvo - bydlící mimo byty a zařízení - celkem,Obyvatelstvo - bydlící mimo byty a zařízení - muži,Obyvatelstvo - bydlící mimo byty a zařízení - ženy
1270600,0,0,0,0,0,0,0,0,0,0,0,0,0,0,0,0,0,0,0,0,0,0,0,0
1271590,0,0,0,0,0,0,0,0,0,0,0,0,0,0,0,0,0,0,0,0,0,0,0,0
3182130,0,0,0,0,0,0,0,0,0,0,0,0,0,0,0,0,0,0,0,0,0,0,0,0
3182640,0,0,0,0,0,0,0,0,0,0,0,0,0,0,0,0,0,0,0,0,0,0,0,0
50005401,977,500,477,873,438,435,94,56,38,471,257,214,903,460,443,976,499,477,1,1,0,0,0,0
50005402,1895,973,922,1641,838,803,217,119,98,801,392,409,1767,903,864,1847,947,900,43,21,22,5,5,0
50005403,1691,885,806,1480,775,705,173,87,86,744,398,346,1574,821,753,1654,862,792,32,19,13,5,4,1
50005404,2686,1408,1278,2238,1155,1083,381,212,169,1178,612,566,2464,1275,1189,2614,1364,1250,66,39,27,6,5,1
50005405,2343,1146,1197,2012,981,1031,251,120,131,1038,530,508,2152,1050,1102,2310,1136,1174,31,9,22,2,1,1
50005407,3178,1598,1580,2731,1363,1368,382,201,181,1450,737,713,2933,1469,1464,3130,1568,1562,46,28,18,2,2,0
50005408,4365,2377,1988,3546,1948,1598,698,360,338,1653,913,740,3921,2149,1772,3900,2021,1879,75,55,20,390,301,89
50005409,1655,860,795,1381,700,681,199,114,85,672,336,336,1525,789,736,1571,808,763,62,34,28,22,18,4
50005411,1377,638,739,1264,593,671,92,38,54,672,319,353,1283,590,693,1331,619,712,44,17,27,2,2,0
50005412,2101,1058,1043,1940,966,974,127,73,54,1055,529,526,1965,986,979,2075,1039,1036,22,15,7,4,4,0
50005413,28,16,12,28,16,12,0,0,0,24,15,9,27,16,11,27,15,12,0,0,0,1,1,0
50005414,90,51,39,86,49,37,3,1,2,45,23,22,86,47,39,87,48,39,0,0,0,3,3,0
50005416,581,314,267,548,289,259,26,18,8,318,172,146,549,293,256,545,279,266,36,35,1,0,0,0
1318060,0,0,0,0,0,0,0,0,0,0,0,0,0,0,0,0,0,0,0,0,0,0,0,0
1318570,0,0,0,0,0,0,0,0,0,0,0,0,0,0,0,0,0,0,0,0,0,0,0,0
1324620,0,0,0,0,0,0,0,0,0,0,0,0,0,0,0,0,0,0,0,0,0,0,0,0
1324710,0,0,0,0,0,0,0,0,0,0,0,0,0,0,0,0,0,0,0,0,0,0,0,0
3174620,0,0,0,0,0,0,0,0,0,0,0,0,0,0,0,0,0,0,0,0,0,0,0,0
3183960,0,0,0,0,0,0,0,0,0,0,0,0,0,0,0,0,0,0,0,0,0,0,0,0
50022401,42,6,36,42,6,36,0,0,0,22,3,19,42,6,36,0,0,0,42,6,36,0,0,0
50022402,2058,1008,1050,1713,829,884,275,146,129,891,429,462,1936,942,994,2056,1006,1050,0,0,0,2,2,0
50022404,1094,538,556,1019,494,525,61,37,24,690,347,343,1044,512,532,1093,537,556,0,0,0,1,1,0
50022405,541,265,276,469,228,241,60,28,32,239,119,120,502,241,261,532,262,270,9,3,6,0,0,0
50022406,918,427,491,859,396,463,49,25,24,466,221,245,859,392,467,916,425,491,1,1,0,1,1,0
50022407,333,177,156,232,129,103,90,42,48,123,67,56,299,157,142,333,177,156,0,0,0,0,0,0
50022408,5734,2776,2958,5146,2470,2676,493,258,235,2623,1291,1332,5400,2615,2785,5644,2746,2898,83,25,58,7,5,2
50022409,97,56,41,91,52,39,6,4,2,50,28,22,92,53,39,81,43,38,16,13,3,0,0,0
50022410,316,152,164,309,148,161,6,3,3,223,108,115,313,150,163,315,151,164,1,1,0,0,0,0
50022411,4429,2040,2389,4114,1884,2230,260,134,126,2402,1120,1282,4206,1933,2273,4424,2038,2386,0,0,0,5,2,3
50022413,5328,2506,2822,4993,2337,2656,296,155,141,3080,1516,1564,5064,2376,2688,5326,2505,2821,0,0,0,2,1,1
50022414,3086,1765,1321,2958,1692,1266,116,67,49,1368,797,571,2934,1686,1248,1885,865,1020,0,0,0,1201,900,301
50022415,3828,1808,2020,3501,1650,1851,278,133,145,1847,870,977,3604,1710,1894,3771,1795,1976,55,11,44,2,2,0
50022416,4829,2317,2512,4331,2075,2256,418,200,218,2350,1135,1215,4542,2170,2372,4778,2292,2486,49,23,26,2,2,0
50022417,2265,1050,1215,2144,995,1149,97,45,52,1249,595,654,2152,991,1161,2260,1046,1214,3,3,0,2,1,1
50022418,2828,1423,1405,2360,1188,1172,386,199,187,1153,592,561,2629,1320,1309,2792,1420,1372,36,3,33,0,0,0
50022419,3736,1765,1971,3309,1564,1745,360,167,193,1797,857,940,3512,1652,1860,3736,1765,1971,0,0,0,0,0,0
50022421,27,22,5,24,19,5,3,3,0,12,9,3,23,19,4,15,10,5,4,4,0,8,8,0
50022422,2798,1314,1484,2661,1239,1422,118,67,51,1764,866,898,2687,1257,1430,2794,1311,1483,3,2,1,1,1,0
50022424,156,87,69,149,82,67,2,2,0,72,43,29,147,83,64,57,26,31,91,55,36,8,6,2
50022425,250,125,125,245,122,123,5,3,2,172,92,80,243,123,120,246,121,125,1,1,0,3,3,0
50022426,1219,593,626,1025,496,529,169,87,82,446,215,231,1114,544,570,1218,592,626,0,0,0,1,1,0
50022427,4497,2170,2327,4291,2061,2230,177,97,80,2655,1338,1317,4274,2041,2233,4494,2168,2326,0,0,0,3,2,1
50022428,2945,1407,1538,2751,1295,1456,166,99,67,1692,821,871,2785,1309,1476,2849,1339,1510,96,68,28,0,0,0
50022429,1436,643,793,1373,610,763,56,28,28,840,382,458,1380,611,769,1436,643,793,0,0,0,0,0,0
50022430,3908,1844,2064,3803,1790,2013,89,45,44,2633,1279,1354,3767,1762,2005,3904,1842,2062,4,2,2,0,0,0
50022431,1077,483,594,1046,465,581,29,16,13,614,281,333,1027,460,567,1067,476,591,10,7,3,0,0,0
50022432,4072,1927,2145,3797,1783,2014,239,128,111,2214,1082,1132,3861,1815,2046,4061,1922,2139,10,5,5,1,0,1
50022433,2303,1107,1196,2199,1051,1148,87,50,37,1355,659,696,2191,1048,1143,2302,1106,1196,1,1,0,0,0,0
50022434,4594,2192,2402,4326,2044,2282,220,121,99,2548,1267,1281,4351,2075,2276,4591,2190,2401,0,0,0,3,2,1
50022436,1194,573,621,1146,549,597,38,16,22,794,384,410,1148,551,597,1188,571,617,6,2,4,0,0,0
50022437,4021,1882,2139,3798,1767,2031,198,104,94,2410,1145,1265,3843,1789,2054,4018,1880,2138,0,0,0,3,2,1
50022438,2118,1001,1117,2046,962,1084,61,32,29,1333,640,693,2039,965,1074,2049,990,1059,69,11,58,0,0,0
50022439,165,128,37,126,93,33,35,33,2,66,46,20,149,118,31,5,1,4,157,124,33,3,3,0
50022440,7519,3399,4120,7052,3176,3876,405,194,211,4262,2011,2251,7141,3212,3929,7467,3370,4097,49,26,23,3,3,0
50022441,580,263,317,576,260,316,3,2,1,388,183,205,562,255,307,573,259,314,5,3,2,2,1,1
50022442,2849,1268,1581,2736,1211,1525,100,52,48,1649,762,887,2748,1215,1533,2639,1234,1405,207,33,174,3,1,2
50022443,117,77,40,111,73,38,2,2,0,65,39,26,110,72,38,12,8,4,100,64,36,5,5,0
50022444,2041,993,1048,1846,887,959,178,96,82,876,420,456,1921,931,990,2041,993,1048,0,0,0,0,0,0
50022445,4424,2071,2353,4061,1863,2198,331,189,142,2430,1163,1267,4209,1955,2254,4300,1991,2309,121,77,44,3,3,0
50022446,74,43,31,64,35,29,9,7,2,49,27,22,69,38,31,52,27,25,22,16,6,0,0,0
50022447,4492,2158,2334,4301,2053,2248,175,93,82,2782,1357,1425,4329,2082,2247,4437,2146,2291,53,10,43,2,2,0
50022448,5487,2717,2770,5049,2469,2580,394,223,171,3016,1531,1485,5195,2577,2618,5406,2668,2738,70,41,29,11,8,3
50022449,121,51,70,119,50,69,0,0,0,93,42,51,119,51,68,120,50,70,0,0,0,1,1,0
50022450,2398,1080,1318,2276,1020,1256,110,54,56,1341,611,730,2311,1040,1271,2209,1034,1175,189,46,143,0,0,0
50022451,3274,1548,1726,3105,1454,1651,148,81,67,1864,914,950,3131,1472,1659,3267,1544,1723,7,4,3,0,0,0
50022452,615,310,305,562,285,277,43,21,22,263,130,133,585,296,289,595,297,298,14,9,5,6,4,2
50022453,1888,889,999,1715,796,919,151,82,69,995,476,519,1793,830,963,1883,885,998,2,1,1,3,3,0
50022454,54,28,26,53,27,26,1,1,0,37,18,19,51,26,25,31,19,12,0,0,0,23,9,14
50022455,202,104,98,195,100,95,6,4,2,140,76,64,192,99,93,144,76,68,53,24,29,5,4,1
1282440,0,0,0,0,0,0,0,0,0,0,0,0,0,0,0,0,0,0,0,0,0,0,0,0
3157700,0,0,0,0,0,0,0,0,0,0,0,0,0,0,0,0,0,0,0,0,0,0,0,0
54703402,2799,1386,1413,2608,1270,1338,176,110,66,1600,816,784,2686,1320,1366,2769,1367,1402,30,19,11,0,0,0
54703403,1023,457,566,967,422,545,52,33,19,538,241,297,976,436,540,969,434,535,54,23,31,0,0,0
54703404,5267,2484,2783,5099,2385,2714,143,80,63,3218,1570,1648,5083,2390,2693,5267,2484,2783,0,0,0,0,0,0
54703405,1873,934,939,1792,890,902,72,42,30,1318,676,642,1802,897,905,1870,933,937,1,0,1,2,1,1
54703407,7674,3527,4147,7333,3350,3983,291,150,141,4786,2238,2548,7449,3417,4032,7673,3526,4147,0,0,0,1,1,0
54703408,4893,2300,2593,4707,2206,2501,156,77,79,3075,1486,1589,4762,2234,2528,4891,2298,2593,1,1,0,1,1,0
54703409,5651,2739,2912,5356,2572,2784,260,146,114,3163,1577,1586,5458,2635,2823,5650,2739,2911,0,0,0,1,0,1
54703410,5529,2660,2869,5278,2529,2749,216,111,105,3139,1562,1577,5331,2550,2781,5528,2659,2869,0,0,0,1,1,0
54703411,108,51,57,101,46,55,6,4,2,56,30,26,100,48,52,106,50,56,2,1,1,0,0,0
54703412,323,221,102,285,196,89,38,25,13,9,3,6,316,218,98,10,3,7,2,1,1,311,217,94
54703413,5984,2849,3135,5630,2668,2962,317,162,155,3273,1620,1653,5737,2724,3013,5977,2844,3133,5,4,1,2,1,1
54703414,2979,1453,1526,2797,1338,1459,166,104,62,1659,803,856,2831,1373,1458,2930,1438,1492,44,11,33,5,4,1
54703415,4123,1909,2214,3933,1810,2123,164,82,82,2382,1127,1255,3983,1842,2141,4113,1902,2211,0,0,0,10,7,3
54703417,1817,819,998,1752,791,961,56,25,31,1158,533,625,1763,799,964,1599,773,826,218,46,172,0,0,0
54703418,5336,2720,2616,5132,2616,2516,168,87,81,2952,1527,1425,5164,2630,2534,4617,2176,2441,595,459,136,124,85,39
54703419,2042,1007,1035,1887,929,958,127,61,66,1073,544,529,1945,955,990,2042,1007,1035,0,0,0,0,0,0
54703420,4899,2314,2585,4702,2202,2500,165,95,70,2859,1380,1479,4714,2219,2495,4827,2259,2568,70,54,16,2,1,1
54703421,6262,3040,3222,6000,2888,3112,225,125,100,3761,1883,1878,6035,2913,3122,6262,3040,3222,0,0,0,0,0,0
54703422,3520,1576,1944,3397,1513,1884,108,54,54,2049,963,1086,3415,1527,1888,3277,1533,1744,243,43,200,0,0,0
1284490,0,0,0,0,0,0,0,0,0,0,0,0,0,0,0,0,0,0,0,0,0,0,0,0
1284570,0,0,0,0,0,0,0,0,0,0,0,0,0,0,0,0,0,0,0,0,0,0,0,0
1284730,0,0,0,0,0,0,0,0,0,0,0,0,0,0,0,0,0,0,0,0,0,0,0,0
1285380,0,0,0,0,0,0,0,0,0,0,0,0,0,0,0,0,0,0,0,0,0,0,0,0
1285540,0,0,0,0,0,0,0,0,0,0,0,0,0,0,0,0,0,0,0,0,0,0,0,0
1285970,0,0,0,0,0,0,0,0,0,0,0,0,0,0,0,0,0,0,0,0,0,0,0,0
3158000,0,0,0,0,0,0,0,0,0,0,0,0,0,0,0,0,0,0,0,0,0,0,0,0
3158420,0,0,0,0,0,0,0,0,0,0,0,0,0,0,0,0,0,0,0,0,0,0,0,0
3161720,0,0,0,0,0,0,0,0,0,0,0,0,0,0,0,0,0,0,0,0,0,0,0,0
3162700,0,0,0,0,0,0,0,0,0,0,0,0,0,0,0,0,0,0,0,0,0,0,0,0
3162880,0,0,0,0,0,0,0,0,0,0,0,0,0,0,0,0,0,0,0,0,0,0,0,0
3163180,0,0,0,0,0,0,0,0,0,0,0,0,0,0,0,0,0,0,0,0,0,0,0,0
3298270,0,0,0,0,0,0,0,0,0,0,0,0,0,0,0,0,0,0,0,0,0,0,0,0
54710701,73,35,38,73,35,38,0,0,0,55,27,28,73,35,38,53,23,30,0,0,0,20,12,8
54710702,22,13,9,22,13,9,0,0,0,16,11,5,22,13,9,21,12,9,0,0,0,1,1,0
54710703,1038,531,507,1021,522,499,13,8,5,712,366,346,994,502,492,1021,518,503,10,9,1,7,4,3
54710707,870,416,454,863,411,452,6,4,2,605,306,299,847,401,446,812,389,423,0,0,0,58,27,31
54710708,4595,2153,2442,4429,2058,2371,144,81,63,2610,1270,1340,4468,2081,2387,4572,2148,2424,22,5,17,1,0,1
54710710,3234,1492,1742,3143,1450,1693,77,36,41,2026,979,1047,3127,1431,1696,3231,1489,1742,0,0,0,3,3,0
54710711,5021,2370,2651,4693,2208,2485,287,142,145,2808,1362,1446,4801,2263,2538,5019,2369,2650,2,1,1,0,0,0
54710712,974,463,511,937,447,490,35,15,20,552,268,284,948,450,498,974,463,511,0,0,0,0,0,0
54710713,5305,2477,2828,5096,2355,2741,189,109,80,2987,1443,1544,5138,2405,2733,5291,2467,2824,9,6,3,5,4,1
54710714,26,13,13,26,13,13,0,0,0,21,10,11,26,13,13,25,12,13,0,0,0,1,1,0
54710715,1304,633,671,1211,581,630,85,49,36,708,342,366,1201,585,616,1303,632,671,0,0,0,1,1,0
54710716,513,239,274,500,234,266,13,5,8,361,173,188,493,231,262,512,239,273,0,0,0,1,0,1
54710717,2028,953,1075,1996,937,1059,31,16,15,1330,627,703,1954,920,1034,1901,918,983,126,35,91,1,0,1
54710718,4427,2161,2266,4244,2052,2192,164,100,64,2560,1291,1269,4292,2080,2212,4427,2161,2266,0,0,0,0,0,0
54710719,335,165,170,323,159,164,10,5,5,238,126,112,323,159,164,333,164,169,0,0,0,2,1,1
54710720,173,89,84,163,85,78,7,3,4,91,47,44,158,80,78,173,89,84,0,0,0,0,0,0
54710721,506,250,256,493,243,250,12,6,6,323,174,149,495,244,251,489,240,249,1,1,0,16,9,7
54710722,146,75,71,144,74,70,2,1,1,102,56,46,141,74,67,135,71,64,0,0,0,11,4,7
54710723,4802,2284,2518,4616,2179,2437,161,89,72,2759,1349,1410,4644,2210,2434,4799,2282,2517,0,0,0,3,2,1
54710724,2639,1475,1164,2546,1420,1126,82,49,33,1610,877,733,2568,1437,1131,2032,997,1035,0,0,0,607,478,129
54710725,5598,2682,2916,5417,2575,2842,157,91,66,3300,1631,1669,5422,2599,2823,5591,2677,2914,1,1,0,6,4,2
54710726,4864,2422,2442,4320,2037,2283,474,336,138,2625,1269,1356,4535,2201,2334,4408,2076,2332,456,346,110,0,0,0
54710728,677,345,332,559,283,276,103,53,50,246,123,123,601,305,296,673,341,332,4,4,0,0,0,0
54710729,2831,1342,1489,2701,1274,1427,108,58,50,1616,807,809,2694,1275,1419,2823,1337,1486,7,4,3,1,1,0
54710730,731,379,352,685,355,330,39,22,17,387,212,175,667,346,321,731,379,352,0,0,0,0,0,0
54710731,1974,965,1009,1901,925,976,65,36,29,1328,654,674,1911,936,975,1974,965,1009,0,0,0,0,0,0
54710734,1854,896,958,1826,883,943,26,12,14,1247,618,629,1799,867,932,1843,891,952,3,2,1,8,3,5
54710735,31,18,13,30,18,12,1,0,1,18,10,8,30,17,13,10,5,5,0,0,0,21,13,8
3163690,0,0,0,0,0,0,0,0,0,0,0,0,0,0,0,0,0,0,0,0,0,0,0,0
3168650,0,0,0,0,0,0,0,0,0,0,0,0,0,0,0,0,0,0,0,0,0,0,0,0
3168730,0,0,0,0,0,0,0,0,0,0,0,0,0,0,0,0,0,0,0,0,0,0,0,0
3168810,0,0,0,0,0,0,0,0,0,0,0,0,0,0,0,0,0,0,0,0,0,0,0,0
3168900,0,0,0,0,0,0,0,0,0,0,0,0,0,0,0,0,0,0,0,0,0,0,0,0
3169030,0,0,0,0,0,0,0,0,0,0,0,0,0,0,0,0,0,0,0,0,0,0,0,0
3182210,0,0,0,0,0,0,0,0,0,0,0,0,0,0,0,0,0,0,0,0,0,0,0,0
3183700,0,0,0,0,0,0,0,0,0,0,0,0,0,0,0,0,0,0,0,0,0,0,0,0
3205520,0,0,0,0,0,0,0,0,0,0,0,0,0,0,0,0,0,0,0,0,0,0,0,0
53969401,38,19,19,38,19,19,0,0,0,29,14,15,35,17,18,38,19,19,0,0,0,0,0,0
53969402,4950,2333,2617,4692,2198,2494,225,118,107,2683,1316,1367,4750,2231,2519,4947,2332,2615,3,1,2,0,0,0
53969403,97,46,51,97,46,51,0,0,0,63,32,31,97,46,51,97,46,51,0,0,0,0,0,0
53969404,5275,2689,2586,4779,2435,2344,453,229,224,2265,1170,1095,5014,2546,2468,4646,2217,2429,0,0,0,629,472,157
53969405,6011,2871,3140,5699,2691,3008,271,156,115,3167,1546,1621,5787,2747,3040,6008,2868,3140,0,0,0,3,3,0
53969406,2805,1392,1413,2561,1250,1311,219,128,91,1326,661,665,2655,1309,1346,2799,1388,1411,0,0,0,6,4,2
53969407,1901,906,995,1600,759,841,266,131,135,694,341,353,1743,829,914,1900,906,994,0,0,0,1,0,1
53969408,4452,2068,2384,4302,1986,2316,139,77,62,2586,1259,1327,4295,2000,2295,4448,2065,2383,1,1,0,3,2,1
53969410,335,173,162,322,167,155,11,5,6,169,91,78,320,166,154,331,171,160,0,0,0,4,2,2
53969411,391,321,70,100,70,30,273,235,38,33,22,11,254,200,54,68,42,26,320,276,44,3,3,0
53969412,4523,2184,2339,4240,2022,2218,239,141,98,2401,1204,1197,4314,2073,2241,4505,2173,2332,16,9,7,2,2,0
53969413,10255,4894,5361,9619,4564,5055,577,304,273,5584,2731,2853,9815,4656,5159,10249,4890,5359,0,0,0,6,4,2
53969414,689,328,361,636,301,335,48,25,23,324,152,172,632,303,329,648,316,332,41,12,29,0,0,0
53969415,171,86,85,151,77,74,16,8,8,85,47,38,165,83,82,171,86,85,0,0,0,0,0,0
53969416,2294,1149,1145,2217,1107,1110,70,39,31,1542,803,739,2211,1099,1112,2291,1147,1144,1,0,1,2,2,0
53969417,1098,557,541,1016,511,505,67,38,29,672,357,315,1055,533,522,1088,551,537,0,0,0,10,6,4
53969419,5969,2854,3115,5771,2755,3016,167,82,85,3395,1701,1694,5770,2762,3008,5952,2847,3105,17,7,10,0,0,0
53969420,4802,2386,2416,4161,2038,2123,586,314,272,2233,1144,1089,4549,2257,2292,4794,2383,2411,8,3,5,0,0,0
53969421,2914,1444,1470,2552,1233,1319,316,184,132,1200,620,580,2749,1365,1384,2912,1443,1469,2,1,1,0,0,0
53969422,565,272,293,546,263,283,13,7,6,384,197,187,548,261,287,565,272,293,0,0,0,0,0,0
53969423,145,74,71,140,70,70,5,4,1,108,52,56,139,69,70,119,61,58,0,0,0,26,13,13
53969424,441,229,212,417,215,202,23,13,10,297,163,134,420,218,202,441,229,212,0,0,0,0,0,0
53969425,30,15,15,29,14,15,1,1,0,22,12,10,28,13,15,30,15,15,0,0,0,0,0,0
53969426,38,30,8,8,2,6,30,28,2,7,5,2,34,28,6,38,30,8,0,0,0,0,0,0
1316610,0,0,0,0,0,0,0,0,0,0,0,0,0,0,0,0,0,0,0,0,0,0,0,0
1316950,0,0,0,0,0,0,0,0,0,0,0,0,0,0,0,0,0,0,0,0,0,0,0,0
3065250,0,0,0,0,0,0,0,0,0,0,0,0,0,0,0,0,0,0,0,0,0,0,0,0
3170120,0,0,0,0,0,0,0,0,0,0,0,0,0,0,0,0,0,0,0,0,0,0,0,0
3170550,0,0,0,0,0,0,0,0,0,0,0,0,0,0,0,0,0,0,0,0,0,0,0,0
3172090,0,0,0,0,0,0,0,0,0,0,0,0,0,0,0,0,0,0,0,0,0,0,0,0
54736101,251,126,125,248,124,124,2,1,1,139,75,64,243,124,119,206,102,104,3,3,0,42,21,21
54736102,266,129,137,260,126,134,4,2,2,183,92,91,259,125,134,249,123,126,0,0,0,17,6,11
54736103,173,91,82,136,69,67,31,19,12,69,31,38,154,81,73,171,90,81,0,0,0,2,1,1
54736104,3913,1897,2016,3673,1769,1904,216,116,100,2174,1106,1068,3748,1803,1945,3910,1894,2016,3,3,0,0,0,0
54736105,3670,1841,1829,3143,1539,1604,471,270,201,1740,874,866,3356,1663,1693,3244,1551,1693,426,290,136,0,0,0
54736106,2255,1132,1123,2101,1044,1057,141,84,57,1301,662,639,2143,1071,1072,2253,1132,1121,0,0,0,2,0,2
54736109,138,70,68,125,65,60,12,5,7,38,24,14,118,57,61,135,67,68,3,3,0,0,0,0
54736110,51,29,22,47,27,20,4,2,2,28,16,12,47,26,21,8,4,4,21,13,8,22,12,10
54736111,5960,2968,2992,5595,2769,2826,334,183,151,3189,1692,1497,5719,2837,2882,5955,2965,2990,0,0,0,5,3,2
54736112,3570,1675,1895,3518,1645,1873,40,27,13,2327,1119,1208,3473,1630,1843,3533,1654,1879,35,19,16,2,2,0
54736113,718,360,358,637,312,325,79,46,33,279,131,148,675,335,340,718,360,358,0,0,0,0,0,0
54736114,6778,3252,3526,6367,3024,3343,368,204,164,3754,1797,1957,6488,3114,3374,6702,3211,3491,74,39,35,2,2,0
54736115,1050,518,532,939,461,478,98,55,43,396,196,200,970,480,490,1049,517,532,1,1,0,0,0,0
54736116,4390,2324,2066,4137,2183,1954,212,119,93,2248,1194,1054,4229,2239,1990,3536,1727,1809,24,2,22,830,595,235
54736117,43,24,19,35,20,15,8,4,4,10,4,6,41,23,18,19,8,11,24,16,8,0,0,0
54736118,3015,1521,1494,2739,1362,1377,244,143,101,1489,767,722,2859,1436,1423,2977,1505,1472,0,0,0,38,16,22
54736119,283,139,144,275,133,142,7,5,2,188,92,96,271,133,138,249,121,128,31,16,15,3,2,1
54736120,208,179,29,48,37,11,155,138,17,17,12,5,154,139,15,0,0,0,206,177,29,2,2,0
54736121,1394,710,684,1318,671,647,65,32,33,826,428,398,1333,672,661,1394,710,684,0,0,0,0,0,0
54736122,1605,820,785,1412,714,698,173,95,78,657,340,317,1468,753,715,1605,820,785,0,0,0,0,0,0
54736123,2247,1131,1116,2170,1083,1087,70,46,24,1413,724,689,2151,1081,1070,2208,1101,1107,36,28,8,3,2,1
54736124,49,44,5,17,13,4,31,30,1,3,3,0,38,33,5,0,0,0,49,44,5,0,0,0
54736125,1187,575,612,1128,540,588,58,34,24,793,396,397,1143,555,588,1182,571,611,5,4,1,0,0,0
54736126,2478,1239,1239,2350,1169,1181,114,64,50,1409,727,682,2359,1175,1184,2453,1224,1229,23,14,9,2,1,1
54736127,1322,642,680,1249,595,654,63,43,20,868,436,432,1286,623,663,1320,641,679,0,0,0,2,1,1
1318650,0,0,0,0,0,0,0,0,0,0,0,0,0,0,0,0,0,0,0,0,0,0,0,0
3060450,0,0,0,0,0,0,0,0,0,0,0,0,0,0,0,0,0,0,0,0,0,0,0,0
3174200,0,0,0,0,0,0,0,0,0,0,0,0,0,0,0,0,0,0,0,0,0,0,0,0
3183880,0,0,0,0,0,0,0,0,0,0,0,0,0,0,0,0,0,0,0,0,0,0,0,0
54738701,58,32,26,55,30,25,1,1,0,35,19,16,55,31,24,49,26,23,5,3,2,4,3,1
54738702,1915,928,987,1847,888,959,55,32,23,1302,637,665,1858,897,961,1862,899,963,52,29,23,1,0,1
54738703,138,74,64,129,67,62,7,5,2,70,40,30,133,69,64,137,73,64,0,0,0,1,1,0
54738704,68,43,25,66,41,25,2,2,0,41,28,13,67,42,25,49,26,23,10,9,1,9,8,1
54738705,184,112,72,138,73,65,25,21,4,85,47,38,158,92,66,148,80,68,34,31,3,2,1,1
54738707,3899,1851,2048,3643,1708,1935,233,130,103,2195,1052,1143,3728,1761,1967,3863,1815,2048,34,34,0,2,2,0
54738708,4949,2366,2583,4507,2120,2387,399,222,177,2775,1353,1422,4675,2215,2460,4644,2199,2445,300,164,136,5,3,2
54738709,509,257,252,488,244,244,21,13,8,339,176,163,494,250,244,505,254,251,0,0,0,4,3,1
54738710,1551,746,805,1488,713,775,53,30,23,913,456,457,1499,722,777,1543,742,801,1,1,0,7,3,4
54738711,3488,1662,1826,3349,1583,1766,129,74,55,1986,975,1011,3378,1599,1779,3487,1662,1825,1,0,1,0,0,0
54738713,2402,1186,1216,2167,1055,1112,209,116,93,1128,555,573,2257,1101,1156,2402,1186,1216,0,0,0,0,0,0
54738714,5140,2455,2685,4970,2360,2610,146,84,62,3146,1570,1576,4945,2358,2587,5133,2450,2683,5,4,1,2,1,1
54738715,1805,882,923,1549,752,797,240,121,119,760,386,374,1645,798,847,1805,882,923,0,0,0,0,0,0
54738716,3458,1774,1684,3368,1724,1644,81,47,34,2066,1063,1003,3357,1726,1631,3116,1511,1605,0,0,0,342,263,79
54738717,161,86,75,149,76,73,12,10,2,76,40,36,151,79,72,161,86,75,0,0,0,0,0,0
54738719,5442,2515,2927,5309,2445,2864,111,56,55,3254,1576,1678,5281,2442,2839,5419,2507,2912,23,8,15,0,0,0
3061850,0,0,0,0,0,0,0,0,0,0,0,0,0,0,0,0,0,0,0,0,0,0,0,0
53960102,40,26,14,22,16,6,14,9,5,7,6,1,34,22,12,15,12,3,23,12,11,2,2,0
53960103,5585,2784,2801,5341,2633,2708,214,131,83,3408,1706,1702,5405,2695,2710,5400,2685,2715,170,87,83,15,12,3
53960104,21,11,10,20,11,9,1,0,1,10,7,3,20,10,10,21,11,10,0,0,0,0,0,0
53960106,27,12,15,25,12,13,2,0,2,15,7,8,26,12,14,16,7,9,11,5,6,0,0,0
53960107,184,100,84,175,93,82,8,6,2,105,58,47,180,96,84,173,92,81,5,5,0,6,3,3
53960108,2095,1019,1076,2053,992,1061,42,27,15,1348,675,673,2016,978,1038,2066,993,1073,19,19,0,10,7,3
53960110,510,295,215,506,293,213,2,1,1,330,188,142,502,290,212,393,204,189,7,3,4,110,88,22
54717401,6045,2850,3195,5916,2781,3135,110,61,49,3459,1708,1751,5884,2757,3127,6043,2850,3193,0,0,0,2,0,2
54717402,45,30,15,39,28,11,6,2,4,18,11,7,43,29,14,21,7,14,24,23,1,0,0,0
54717403,2007,959,1048,1944,930,1014,57,27,30,1303,654,649,1922,917,1005,2004,957,1047,2,1,1,1,1,0
54717404,798,363,435,768,352,416,28,11,17,505,259,246,763,351,412,713,354,359,80,6,74,5,3,2
54717405,7203,3524,3679,6985,3410,3575,190,97,93,4180,2132,2048,6965,3401,3564,6918,3312,3606,2,2,0,283,210,73
54717406,595,297,298,494,240,254,95,54,41,288,151,137,559,278,281,595,297,298,0,0,0,0,0,0
54717407,5768,2792,2976,5509,2649,2860,223,122,101,3002,1487,1515,5583,2685,2898,5684,2731,2953,81,59,22,3,2,1
1311720,0,0,0,0,0,0,0,0,0,0,0,0,0,0,0,0,0,0,0,0,0,0,0,0
1314400,0,0,0,0,0,0,0,0,0,0,0,0,0,0,0,0,0,0,0,0,0,0,0,0
54741701,54,26,28,54,26,28,0,0,0,27,12,15,52,25,27,54,26,28,0,0,0,0,0,0
54741702,377,207,170,362,199,163,13,7,6,202,116,86,353,193,160,377,207,170,0,0,0,0,0,0
54741703,325,150,175,266,119,147,52,29,23,106,53,53,305,140,165,323,149,174,1,0,1,1,1,0
54741704,10945,5319,5626,10152,4866,5286,699,404,295,5351,2673,2678,10464,5071,5393,10921,5306,5615,19,8,11,5,5,0
54741705,3822,1921,1901,3697,1848,1849,112,63,49,2228,1132,1096,3681,1846,1835,3613,1768,1845,3,2,1,206,151,55
54741706,4358,2158,2200,3744,1840,1904,553,289,264,1721,882,839,4028,1994,2034,4358,2158,2200,0,0,0,0,0,0
54741707,29,21,8,17,12,5,12,9,3,8,6,2,21,14,7,8,4,4,15,14,1,6,3,3
54741708,1668,808,860,1493,721,772,157,83,74,712,361,351,1565,756,809,1668,808,860,0,0,0,0,0,0
54741709,124,62,62,120,59,61,3,2,1,82,44,38,122,62,60,123,61,62,0,0,0,1,1,0
1311990,0,0,0,0,0,0,0,0,0,0,0,0,0,0,0,0,0,0,0,0,0,0,0,0
3170390,0,0,0,0,0,0,0,0,0,0,0,0,0,0,0,0,0,0,0,0,0,0,0,0
54734401,230,110,120,224,108,116,5,1,4,149,76,73,220,104,116,229,110,119,1,0,1,0,0,0
54734402,860,440,420,839,425,414,20,15,5,559,286,273,828,425,403,796,392,404,0,0,0,64,48,16
54734404,205,106,99,180,95,85,20,9,11,71,34,37,146,75,71,202,103,99,0,0,0,3,3,0
54734405,21,10,11,21,10,11,0,0,0,16,8,8,20,9,11,21,10,11,0,0,0,0,0,0
54734406,2535,1247,1288,2430,1177,1253,89,63,26,1550,772,778,2448,1196,1252,2530,1244,1286,3,2,1,2,1,1
54734407,3365,1632,1733,3259,1570,1689,94,58,36,2062,1022,1040,3241,1568,1673,3361,1630,1731,0,0,0,4,2,2
1272300,0,0,0,0,0,0,0,0,0,0,0,0,0,0,0,0,0,0,0,0,0,0,0,0
3057910,0,0,0,0,0,0,0,0,0,0,0,0,0,0,0,0,0,0,0,0,0,0,0,0
3058040,0,0,0,0,0,0,0,0,0,0,0,0,0,0,0,0,0,0,0,0,0,0,0,0
3182050,0,0,0,0,0,0,0,0,0,0,0,0,0,0,0,0,0,0,0,0,0,0,0,0
50008901,1651,821,830,1438,717,721,184,91,93,785,390,395,1546,770,776,1606,796,810,45,25,20,0,0,0
50008902,685,355,330,490,243,247,169,93,76,246,122,124,585,298,287,647,330,317,29,16,13,9,9,0
50008903,2662,1286,1376,2250,1078,1172,334,174,160,1132,575,557,2480,1203,1277,2541,1224,1317,118,60,58,3,2,1
50008904,1497,779,718,1099,571,528,332,172,160,569,307,262,1327,696,631,1458,749,709,38,29,9,1,1,0
50008905,2606,1294,1312,2308,1134,1174,234,123,111,1359,666,693,2455,1204,1251,2601,1290,1311,4,3,1,1,1,0
50008906,2950,1479,1471,2405,1175,1230,429,237,192,1354,695,659,2716,1361,1355,2852,1414,1438,95,62,33,3,3,0
50008907,1944,942,1002,1712,819,893,202,104,98,941,470,471,1818,882,936,1944,942,1002,0,0,0,0,0,0
50008908,4353,2215,2138,3688,1846,1842,534,292,242,2005,1032,973,4062,2059,2003,4171,2122,2049,175,89,86,7,4,3
50008909,6303,3252,3051,5192,2660,2532,916,499,417,2715,1403,1312,5912,3040,2872,5824,2904,2920,49,26,23,430,322,108
50008910,2938,1420,1518,2453,1175,1278,390,200,190,1378,677,701,2761,1333,1428,2902,1399,1503,35,20,15,1,1,0
50008912,4203,2105,2098,3598,1772,1826,484,265,219,2039,1010,1029,3939,1968,1971,4194,2098,2096,8,6,2,1,1,0
50008913,4858,2347,2511,4257,2024,2233,488,268,220,2409,1161,1248,4553,2196,2357,4846,2339,2507,7,3,4,5,5,0
50008914,56,50,6,44,39,5,1,1,0,14,13,1,44,40,4,3,2,1,7,6,1,46,42,4
50008916,2547,1262,1285,2056,1005,1051,391,213,178,1124,546,578,2354,1160,1194,2544,1259,1285,2,2,0,1,1,0
50008917,2003,1006,997,1658,814,844,294,164,130,874,419,455,1833,917,916,1997,1004,993,6,2,4,0,0,0
50008918,4149,2089,2060,3641,1804,1837,431,241,190,1921,960,961,3858,1946,1912,4143,2084,2059,4,3,1,2,2,0
3065170,0,0,0,0,0,0,0,0,0,0,0,0,0,0,0,0,0,0,0,0,0,0,0,0
3170710,0,0,0,0,0,0,0,0,0,0,0,0,0,0,0,0,0,0,0,0,0,0,0,0
3170980,0,0,0,0,0,0,0,0,0,0,0,0,0,0,0,0,0,0,0,0,0,0,0,0
3172330,0,0,0,0,0,0,0,0,0,0,0,0,0,0,0,0,0,0,0,0,0,0,0,0
3172680,0,0,0,0,0,0,0,0,0,0,0,0,0,0,0,0,0,0,0,0,0,0,0,0
3249060,0,0,0,0,0,0,0,0,0,0,0,0,0,0,0,0,0,0,0,0,0,0,0,0
53821301,3280,1595,1685,3145,1520,1625,126,70,56,1773,894,879,3124,1503,1621,3280,1595,1685,0,0,0,0,0,0
53821302,38,28,10,20,13,7,18,15,3,7,2,5,27,18,9,11,4,7,13,11,2,14,13,1
53821304,37,22,15,32,18,14,5,4,1,19,8,11,35,20,15,27,14,13,5,5,0,5,3,2
53821307,36,24,12,35,23,12,1,1,0,23,15,8,36,24,12,32,20,12,3,3,0,1,1,0
53821308,7273,3580,3693,7008,3406,3602,231,151,80,4501,2248,2253,7039,3443,3596,6992,3393,3599,53,17,36,228,170,58
53821309,331,201,130,87,66,21,215,122,93,52,31,21,274,166,108,66,42,24,258,152,106,7,7,0
53821310,329,167,162,326,164,162,3,3,0,204,104,100,316,159,157,328,166,162,0,0,0,1,1,0
53821311,3890,1897,1993,3611,1738,1873,248,143,105,2372,1194,1178,3680,1792,1888,3810,1861,1949,68,31,37,12,5,7
53821312,89,44,45,89,44,45,0,0,0,59,30,29,85,42,43,85,42,43,0,0,0,4,2,2
3173220,0,0,0,0,0,0,0,0,0,0,0,0,0,0,0,0,0,0,0,0,0,0,0,0
53894901,36,19,17,36,19,17,0,0,0,18,11,7,36,19,17,35,18,17,1,1,0,0,0,0
53894902,7183,3598,3585,6970,3464,3506,196,124,72,4578,2313,2265,6972,3480,3492,7014,3495,3519,16,9,7,153,94,59
53894903,2261,1101,1160,2221,1076,1145,39,24,15,1305,660,645,2185,1063,1122,2248,1093,1155,13,8,5,0,0,0
53894904,949,457,492,920,446,474,28,11,17,525,267,258,922,448,474,949,457,492,0,0,0,0,0,0
3175010,0,0,0,0,0,0,0,0,0,0,0,0,0,0,0,0,0,0,0,0,0,0,0,0
3175510,0,0,0,0,0,0,0,0,0,0,0,0,0,0,0,0,0,0,0,0,0,0,0,0
3176410,0,0,0,0,0,0,0,0,0,0,0,0,0,0,0,0,0,0,0,0,0,0,0,0
3297540,0,0,0,0,0,0,0,0,0,0,0,0,0,0,0,0,0,0,0,0,0,0,0,0
53893101,703,357,346,696,353,343,6,3,3,478,244,234,690,351,339,701,355,346,2,2,0,0,0,0
53893103,77,39,38,76,38,38,0,0,0,49,21,28,76,38,38,77,39,38,0,0,0,0,0,0
53893104,2495,1203,1292,2259,1084,1175,217,107,110,1184,587,597,2294,1105,1189,2488,1200,1288,7,3,4,0,0,0
53893106,81,46,35,81,46,35,0,0,0,49,26,23,77,43,34,71,36,35,7,7,0,3,3,0
53893107,5957,2994,2963,5695,2836,2859,238,149,89,3583,1837,1746,5708,2859,2849,5682,2822,2860,139,76,63,136,96,40
53893109,2382,1137,1245,2276,1077,1199,92,56,36,1256,618,638,2254,1064,1190,2382,1137,1245,0,0,0,0,0,0
53893110,861,392,469,743,336,407,107,51,56,424,190,234,788,360,428,804,379,425,57,13,44,0,0,0
53893111,1347,656,691,1233,600,633,101,53,48,643,314,329,1276,614,662,1347,656,691,0,0,0,0,0,0
1274000,0,0,0,0,0,0,0,0,0,0,0,0,0,0,0,0,0,0,0,0,0,0,0,0
50009701,32,19,13,32,19,13,0,0,0,22,11,11,28,18,10,17,10,7,14,8,6,1,1,0
50009702,1476,721,755,1246,621,625,189,81,108,709,355,354,1367,664,703,1210,591,619,257,125,132,9,5,4
50009703,128,70,58,112,58,54,12,9,3,54,30,24,113,61,52,109,59,50,18,10,8,1,1,0
50009704,5783,2773,3010,5050,2393,2657,609,318,291,2790,1369,1421,5481,2609,2872,5772,2763,3009,10,10,0,1,0,1
50009705,3528,1974,1554,3060,1722,1338,409,218,191,1483,831,652,3312,1852,1460,2635,1336,1299,7,4,3,886,634,252
50009706,51,29,22,45,25,20,5,3,2,19,13,6,44,26,18,50,28,22,1,1,0,0,0,0
50009707,51,38,13,48,35,13,3,3,0,29,20,9,47,35,12,16,11,5,30,23,7,5,4,1
50009708,3012,1447,1565,2826,1339,1487,164,94,70,1696,832,864,2871,1362,1509,3010,1446,1564,0,0,0,2,1,1
50009709,5402,2597,2805,4978,2371,2607,368,196,172,2738,1345,1393,5123,2449,2674,5397,2596,2801,0,0,0,5,1,4
50009710,3329,1504,1825,3066,1358,1708,230,125,105,1708,780,928,3179,1430,1749,3189,1463,1726,132,38,94,8,3,5
50009711,3658,1775,1883,3266,1584,1682,314,158,156,1861,908,953,3468,1691,1777,3587,1742,1845,69,31,38,2,2,0
50009712,1108,542,566,920,458,462,172,76,96,410,202,208,1045,513,532,1106,540,566,2,2,0,0,0,0
50009713,5372,2700,2672,4310,2146,2164,885,455,430,2208,1137,1071,4945,2493,2452,5323,2675,2648,45,21,24,4,4,0
50009714,2494,1190,1304,2364,1123,1241,104,55,49,1371,666,705,2404,1150,1254,2464,1165,1299,16,13,3,14,12,2
50009715,2297,1069,1228,1918,885,1033,340,159,181,1078,519,559,2168,999,1169,2051,952,1099,238,110,128,8,7,1
50009716,4273,2227,2046,3413,1774,1639,707,376,331,1562,839,723,3929,2035,1894,4154,2144,2010,99,64,35,20,19,1
50009717,7102,3501,3601,6152,3028,3124,831,419,412,3191,1562,1629,6717,3296,3421,7060,3482,3578,35,16,19,7,3,4
50009718,4239,2076,2163,3753,1808,1945,415,225,190,2003,995,1008,3995,1946,2049,4167,2052,2115,63,18,45,9,6,3
50009719,1965,991,974,1406,701,705,507,264,243,596,302,294,1788,897,891,1963,990,973,0,0,0,2,1,1
50009720,2957,1391,1566,2811,1314,1497,127,69,58,1725,854,871,2837,1337,1500,2952,1386,1566,5,5,0,0,0,0
50009721,2916,1357,1559,2648,1233,1415,219,102,117,1454,687,767,2751,1265,1486,2904,1355,1549,7,1,6,5,1,4
50009722,3954,1934,2020,3445,1650,1795,427,242,185,1880,955,925,3701,1796,1905,3940,1926,2014,13,7,6,1,1,0
50009723,3726,1835,1891,3233,1584,1649,393,206,187,1821,912,909,3507,1736,1771,3717,1830,1887,9,5,4,0,0,0
50009724,4377,2061,2316,3934,1843,2091,347,169,178,2199,1062,1137,4143,1948,2195,4361,2051,2310,6,5,1,10,5,5
50009725,1077,536,541,878,437,441,182,89,93,374,191,183,989,490,499,1073,533,540,1,0,1,3,3,0
1276710,0,0,0,0,0,0,0,0,0,0,0,0,0,0,0,0,0,0,0,0,0,0,0,0
1279140,0,0,0,0,0,0,0,0,0,0,0,0,0,0,0,0,0,0,0,0,0,0,0,0
1281040,0,0,0,0,0,0,0,0,0,0,0,0,0,0,0,0,0,0,0,0,0,0,0,0
3058120,0,0,0,0,0,0,0,0,0,0,0,0,0,0,0,0,0,0,0,0,0,0,0,0
3058470,0,0,0,0,0,0,0,0,0,0,0,0,0,0,0,0,0,0,0,0,0,0,0,0
3069160,0,0,0,0,0,0,0,0,0,0,0,0,0,0,0,0,0,0,0,0,0,0,0,0
3157960,0,0,0,0,0,0,0,0,0,0,0,0,0,0,0,0,0,0,0,0,0,0,0,0
3158180,0,0,0,0,0,0,0,0,0,0,0,0,0,0,0,0,0,0,0,0,0,0,0,0
3159150,0,0,0,0,0,0,0,0,0,0,0,0,0,0,0,0,0,0,0,0,0,0,0,0
3159230,0,0,0,0,0,0,0,0,0,0,0,0,0,0,0,0,0,0,0,0,0,0,0,0
3159310,0,0,0,0,0,0,0,0,0,0,0,0,0,0,0,0,0,0,0,0,0,0,0,0
3160410,0,0,0,0,0,0,0,0,0,0,0,0,0,0,0,0,0,0,0,0,0,0,0,0
3205100,0,0,0,0,0,0,0,0,0,0,0,0,0,0,0,0,0,0,0,0,0,0,0,0
3207810,0,0,0,0,0,0,0,0,0,0,0,0,0,0,0,0,0,0,0,0,0,0,0,0
50011901,274,143,131,247,127,120,22,14,8,126,69,57,243,129,114,268,139,129,2,2,0,4,2,2
50011902,2797,1379,1418,2667,1311,1356,113,61,52,1667,844,823,2687,1328,1359,2795,1377,1418,0,0,0,2,2,0
50011903,885,391,494,855,374,481,23,12,11,539,260,279,840,380,460,853,390,463,32,1,31,0,0,0
50011905,64,56,8,58,50,8,2,2,0,29,24,5,53,46,7,0,0,0,30,25,5,34,31,3
50011906,55,41,14,53,40,13,2,1,1,20,16,4,54,40,14,54,40,14,1,1,0,0,0,0
50011907,8389,3962,4427,7952,3719,4233,368,195,173,4733,2293,2440,8039,3783,4256,8254,3871,4383,130,88,42,5,3,2
50011908,1411,654,757,1347,625,722,53,25,28,832,383,449,1347,626,721,1391,650,741,20,4,16,0,0,0
50011909,2998,1442,1556,2956,1420,1536,38,22,16,2093,1046,1047,2919,1397,1522,2995,1440,1555,1,1,0,2,1,1
50011911,2687,1288,1399,2600,1245,1355,74,39,35,1706,857,849,2587,1240,1347,2687,1288,1399,0,0,0,0,0,0
50011912,209,104,105,8,6,2,199,96,103,8,7,1,159,74,85,1,1,0,208,103,105,0,0,0
50011913,354,171,183,337,165,172,16,5,11,247,127,120,338,165,173,354,171,183,0,0,0,0,0,0
50011914,1706,852,854,1634,806,828,61,41,20,976,476,500,1619,807,812,1499,696,803,204,154,50,3,2,1
50011915,736,364,372,684,336,348,44,24,20,379,199,180,696,342,354,736,364,372,0,0,0,0,0,0
50011916,699,358,341,650,327,323,37,25,12,432,217,215,669,336,333,699,358,341,0,0,0,0,0,0
50011917,483,244,239,458,223,235,23,19,4,288,142,146,464,232,232,483,244,239,0,0,0,0,0,0
50011918,3796,1773,2023,3540,1638,1902,222,120,102,2073,994,1079,3626,1695,1931,3793,1771,2022,2,1,1,1,1,0
50011919,51,22,29,20,8,12,25,11,14,5,2,3,34,13,21,51,22,29,0,0,0,0,0,0
50011920,7270,3289,3981,6912,3092,3820,310,174,136,4136,1926,2210,6999,3166,3833,7231,3262,3969,37,25,12,2,2,0
50011921,59,9,50,20,4,16,35,4,31,3,0,3,52,9,43,0,0,0,59,9,50,0,0,0
50011922,3388,1607,1781,3121,1474,1647,235,115,120,1876,895,981,3200,1518,1682,3372,1593,1779,0,0,0,16,14,2
50011923,2668,1282,1386,2557,1224,1333,94,50,44,1656,812,844,2562,1226,1336,2665,1279,1386,1,1,0,2,2,0
50011924,1965,934,1031,1831,855,976,114,65,49,1070,515,555,1887,894,993,1927,911,1016,37,22,15,1,1,0
50011926,1494,1024,470,1474,1011,463,17,12,5,652,418,234,1439,993,446,204,106,98,0,0,0,1290,918,372
50011927,1176,531,645,995,449,546,165,78,87,451,221,230,1083,477,606,913,445,468,260,84,176,3,2,1
50011928,1737,865,872,1682,830,852,49,32,17,889,451,438,1662,829,833,1719,854,865,15,9,6,3,2,1
50011930,2418,1186,1232,2262,1090,1172,139,85,54,1427,712,715,2281,1102,1179,2386,1164,1222,26,17,9,6,5,1
50011931,140,76,64,114,61,53,22,13,9,48,27,21,128,70,58,140,76,64,0,0,0,0,0,0
50011932,270,122,148,261,117,144,7,4,3,159,70,89,253,116,137,270,122,148,0,0,0,0,0,0
50011933,394,196,198,329,166,163,55,26,29,148,81,67,355,176,179,392,195,197,1,1,0,1,0,1
50011934,5226,2442,2784,4770,2203,2567,364,193,171,2687,1260,1427,4954,2305,2649,5215,2435,2780,7,4,3,4,3,1
50011936,4514,2166,2348,4017,1919,2098,439,224,215,2131,1051,1080,4219,2016,2203,4367,2118,2249,131,36,95,16,12,4
50011937,238,107,131,209,95,114,26,12,14,106,54,52,222,101,121,238,107,131,0,0,0,0,0,0
50011938,4585,2196,2389,4319,2039,2280,225,130,95,2621,1281,1340,4369,2087,2282,4559,2178,2381,20,12,8,6,6,0
50011941,3416,1641,1775,3148,1503,1645,240,122,118,1509,746,763,3237,1551,1686,3403,1631,1772,10,7,3,3,3,0
50011943,5330,2567,2763,4966,2378,2588,297,154,143,2741,1346,1395,5057,2433,2624,5311,2557,2754,19,10,9,0,0,0
50011944,3900,1805,2095,3611,1656,1955,251,132,119,2082,988,1094,3727,1721,2006,3897,1802,2095,2,2,0,1,1,0
50011945,2398,1162,1236,2176,1047,1129,189,93,96,1122,555,567,2262,1094,1168,2397,1161,1236,1,1,0,0,0,0
50011947,109,53,56,87,37,50,22,16,6,38,14,24,94,44,50,109,53,56,0,0,0,0,0,0
50011948,5449,2582,2867,5032,2370,2662,361,184,177,2784,1345,1439,5124,2417,2707,5449,2582,2867,0,0,0,0,0,0
50011949,1301,1065,236,1196,967,229,15,13,2,633,510,123,1042,837,205,366,175,191,935,890,45,0,0,0
50011950,4366,2080,2286,3972,1875,2097,322,164,158,2234,1095,1139,4113,1947,2166,4364,2080,2284,0,0,0,2,0,2
50011951,5917,2911,3006,5209,2545,2664,595,304,291,2626,1317,1309,5498,2699,2799,5893,2898,2995,19,9,10,5,4,1
50011952,2247,1094,1153,1941,925,1016,251,143,108,1042,525,517,2092,1018,1074,2231,1085,1146,13,7,6,3,2,1
50011953,4647,2269,2378,4326,2084,2242,262,150,112,2539,1269,1270,4456,2175,2281,4613,2259,2354,33,9,24,1,1,0
50011954,25,15,10,25,15,10,0,0,0,22,14,8,25,15,10,24,14,10,0,0,0,1,1,0
50011955,2764,1293,1471,2627,1225,1402,112,52,60,1623,776,847,2639,1228,1411,2764,1293,1471,0,0,0,0,0,0
50011956,2427,1224,1203,2153,1068,1085,242,136,106,1323,686,637,2306,1157,1149,2189,1075,1114,238,149,89,0,0,0
50011957,2154,1001,1153,2051,953,1098,90,42,48,1286,605,681,2072,959,1113,2153,1001,1152,1,0,1,0,0,0
50011958,1548,722,826,1474,678,796,61,36,25,882,415,467,1494,692,802,1548,722,826,0,0,0,0,0,0
50011959,46,25,21,41,21,20,4,3,1,24,14,10,45,24,21,46,25,21,0,0,0,0,0,0
50011960,2837,1296,1541,2729,1236,1493,85,49,36,1675,783,892,2725,1253,1472,2835,1294,1541,0,0,0,2,2,0
50011961,24,15,9,22,14,8,2,1,1,9,6,3,22,15,7,16,9,7,7,5,2,1,1,0
50011962,2581,1226,1355,2459,1151,1308,109,65,44,1492,709,783,2472,1162,1310,2581,1226,1355,0,0,0,0,0,0
50011963,762,373,389,733,353,380,28,19,9,491,249,242,746,362,384,747,365,382,15,8,7,0,0,0
50011965,109,51,58,90,41,49,19,10,9,39,18,21,100,48,52,72,38,34,30,10,20,7,3,4
50011966,2398,1134,1264,2351,1105,1246,43,26,17,1537,732,805,2327,1095,1232,2389,1127,1262,7,5,2,2,2,0
50011967,2810,1336,1474,2709,1286,1423,87,40,47,1762,883,879,2709,1279,1430,2801,1331,1470,7,4,3,2,1,1
50011969,3753,1750,2003,3509,1615,1894,208,120,88,2036,979,1057,3570,1653,1917,3656,1712,1944,90,35,55,7,3,4
50011970,2503,1206,1297,2402,1156,1246,89,45,44,1571,782,789,2397,1150,1247,2495,1204,1291,6,1,5,2,1,1
1287240,0,0,0,0,0,0,0,0,0,0,0,0,0,0,0,0,0,0,0,0,0,0,0,0
3058710,0,0,0,0,0,0,0,0,0,0,0,0,0,0,0,0,0,0,0,0,0,0,0,0
3058800,0,0,0,0,0,0,0,0,0,0,0,0,0,0,0,0,0,0,0,0,0,0,0,0
3058980,0,0,0,0,0,0,0,0,0,0,0,0,0,0,0,0,0,0,0,0,0,0,0,0
3059010,0,0,0,0,0,0,0,0,0,0,0,0,0,0,0,0,0,0,0,0,0,0,0,0
3163420,0,0,0,0,0,0,0,0,0,0,0,0,0,0,0,0,0,0,0,0,0,0,0,0
3207730,0,0,0,0,0,0,0,0,0,0,0,0,0,0,0,0,0,0,0,0,0,0,0,0
50014301,1078,524,554,916,445,471,135,67,68,540,271,269,984,484,500,1069,521,548,9,3,6,0,0,0
50014302,239,117,122,214,101,113,19,13,6,99,47,52,217,107,110,237,115,122,1,1,0,1,1,0
50014303,424,205,219,407,200,207,15,4,11,265,143,122,406,199,207,424,205,219,0,0,0,0,0,0
50014304,3555,1733,1822,3376,1631,1745,163,94,69,1935,992,943,3411,1669,1742,3553,1732,1821,2,1,1,0,0,0
50014305,877,422,455,835,403,432,38,19,19,497,246,251,839,401,438,871,422,449,6,0,6,0,0,0
50014306,3801,1808,1993,3676,1734,1942,105,61,44,2261,1104,1157,3642,1720,1922,3800,1807,1993,0,0,0,1,1,0
50014307,1694,815,879,1524,720,804,151,83,68,748,381,367,1572,753,819,1641,787,854,53,28,25,0,0,0
50014309,2280,1083,1197,2087,990,1097,154,76,78,999,483,516,2108,991,1117,2280,1083,1197,0,0,0,0,0,0
50014310,77,39,38,76,38,38,1,1,0,58,31,27,75,37,38,77,39,38,0,0,0,0,0,0
50014311,65,28,37,64,28,36,1,0,1,44,19,25,65,28,37,55,24,31,0,0,0,10,4,6
50014312,650,309,341,615,285,330,29,21,8,388,190,198,633,299,334,650,309,341,0,0,0,0,0,0
50014313,3519,1664,1855,3379,1594,1785,124,61,63,2057,995,1062,3379,1598,1781,3518,1663,1855,0,0,0,1,1,0
50014314,25,12,13,25,12,13,0,0,0,16,7,9,24,12,12,25,12,13,0,0,0,0,0,0
50014315,1863,893,970,1800,860,940,53,27,26,1160,580,580,1776,847,929,1863,893,970,0,0,0,0,0,0
50014317,448,215,233,403,190,213,43,24,19,198,95,103,416,204,212,448,215,233,0,0,0,0,0,0
50014318,3264,1543,1721,3121,1473,1648,127,61,66,1754,865,889,3143,1479,1664,3240,1534,1706,23,8,15,1,1,0
50014319,680,325,355,657,308,349,20,15,5,428,193,235,651,307,344,674,321,353,0,0,0,6,4,2
50014321,604,296,308,585,289,296,17,7,10,301,165,136,573,278,295,602,294,308,0,0,0,2,2,0
50014322,1348,662,686,1247,607,640,93,50,43,780,385,395,1287,636,651,1348,662,686,0,0,0,0,0,0
50014323,2386,1122,1264,2188,1017,1171,159,80,79,1287,593,694,2257,1056,1201,2268,1095,1173,118,27,91,0,0,0
50014324,4279,2077,2202,3930,1897,2033,307,157,150,2434,1222,1212,4073,1964,2109,4272,2073,2199,3,2,1,4,2,2
50014325,3429,1799,1630,2730,1376,1354,605,373,232,1205,624,581,3146,1640,1506,3416,1791,1625,11,6,5,2,2,0
50014326,595,295,300,521,251,270,62,36,26,234,112,122,570,283,287,595,295,300,0,0,0,0,0,0
50014327,305,160,145,279,147,132,19,9,10,150,84,66,294,152,142,302,157,145,2,2,0,1,1,0
50014328,284,156,128,167,97,70,105,53,52,70,38,32,251,140,111,254,141,113,30,15,15,0,0,0
50014329,125,69,56,23,11,12,96,55,41,12,6,6,97,56,41,5,3,2,120,66,54,0,0,0
50014330,2817,1375,1442,2271,1095,1176,455,228,227,1085,520,565,2554,1255,1299,2799,1363,1436,15,9,6,3,3,0
50014331,32,14,18,32,14,18,0,0,0,11,4,7,31,14,17,32,14,18,0,0,0,0,0,0
50014332,29,19,10,29,19,10,0,0,0,19,14,5,28,18,10,0,0,0,2,1,1,27,18,9
50014333,2441,1188,1253,2171,1045,1126,242,130,112,1093,544,549,2261,1091,1170,2430,1180,1250,7,6,1,4,2,2
50014334,1255,631,624,1060,526,534,171,95,76,536,265,271,1140,569,571,1246,625,621,7,4,3,2,2,0
50014335,2015,953,1062,1860,861,999,135,80,55,1094,510,584,1909,887,1022,2012,951,1061,2,1,1,1,1,0
50014336,4389,2115,2274,3812,1813,1999,501,268,233,1887,913,974,4069,1961,2108,4367,2104,2263,16,7,9,6,4,2
50014338,4738,2525,2213,4133,2194,1939,494,278,216,2090,1077,1013,4442,2368,2074,3856,1868,1988,0,0,0,882,657,225
50014339,1285,625,660,1085,515,570,155,89,66,574,288,286,1218,593,625,1262,617,645,23,8,15,0,0,0
50014340,1695,848,847,1610,804,806,72,37,35,1014,522,492,1629,809,820,1660,835,825,31,12,19,4,1,3
50014341,108,79,29,56,42,14,47,34,13,27,17,10,89,66,23,6,3,3,102,76,26,0,0,0
50014342,2484,1207,1277,2334,1121,1213,130,71,59,1477,742,735,2345,1141,1204,2481,1205,1276,1,1,0,2,1,1
50014343,296,179,117,254,149,105,28,18,10,127,71,56,271,164,107,211,107,104,37,36,1,48,36,12
50014344,2891,1341,1550,2530,1153,1377,310,158,152,1388,646,742,2716,1246,1470,2890,1340,1550,0,0,0,1,1,0
50014345,674,346,328,617,319,298,50,23,27,282,154,128,605,308,297,674,346,328,0,0,0,0,0,0
50014346,3239,1565,1674,2760,1325,1435,427,224,203,1284,637,647,3027,1453,1574,3144,1542,1602,94,23,71,1,0,1
50014348,4665,2250,2415,4474,2144,2330,159,84,75,2903,1438,1465,4481,2164,2317,4645,2239,2406,20,11,9,0,0,0
50014349,821,391,430,770,357,413,46,31,15,431,214,217,787,372,415,819,389,430,1,1,0,1,1,0
50014350,3855,1849,2006,3630,1730,1900,194,106,88,2235,1091,1144,3689,1763,1926,3854,1849,2005,1,0,1,0,0,0
50014352,53,23,30,33,16,17,20,7,13,7,3,4,43,18,25,0,0,0,51,23,28,2,0,2
50014353,3588,1810,1778,3301,1656,1645,246,137,109,1926,976,950,3414,1704,1710,3537,1780,1757,38,22,16,13,8,5
50014355,1221,597,624,958,467,491,229,115,114,401,196,205,1085,525,560,1208,590,618,13,7,6,0,0,0
50014357,25,13,12,25,13,12,0,0,0,21,10,11,25,13,12,25,13,12,0,0,0,0,0,0
50014358,52,31,21,51,30,21,0,0,0,23,13,10,51,30,21,37,19,18,11,9,2,4,3,1
50014360,2472,1224,1248,2075,1012,1063,339,179,160,986,476,510,2279,1120,1159,2470,1222,1248,1,1,0,1,1,0
50014361,28,13,15,28,13,15,0,0,0,22,10,12,26,12,14,28,13,15,0,0,0,0,0,0
50014362,245,121,124,211,103,108,32,17,15,113,59,54,227,108,119,245,121,124,0,0,0,0,0,0
50014363,717,358,359,659,328,331,52,28,24,304,172,132,670,336,334,591,289,302,124,68,56,2,1,1
50014364,24,13,11,15,8,7,7,5,2,8,4,4,22,12,10,12,6,6,11,6,5,1,1,0
50014365,2959,1353,1606,2852,1298,1554,88,45,43,1726,802,924,2853,1296,1557,2893,1320,1573,63,30,33,3,3,0
1294370,0,0,0,0,0,0,0,0,0,0,0,0,0,0,0,0,0,0,0,0,0,0,0,0
1296400,0,0,0,0,0,0,0,0,0,0,0,0,0,0,0,0,0,0,0,0,0,0,0,0
1297390,0,0,0,0,0,0,0,0,0,0,0,0,0,0,0,0,0,0,0,0,0,0,0,0
1297470,0,0,0,0,0,0,0,0,0,0,0,0,0,0,0,0,0,0,0,0,0,0,0,0
1298520,0,0,0,0,0,0,0,0,0,0,0,0,0,0,0,0,0,0,0,0,0,0,0,0
3059360,0,0,0,0,0,0,0,0,0,0,0,0,0,0,0,0,0,0,0,0,0,0,0,0
3248920,0,0,0,0,0,0,0,0,0,0,0,0,0,0,0,0,0,0,0,0,0,0,0,0
3327980,0,0,0,0,0,0,0,0,0,0,0,0,0,0,0,0,0,0,0,0,0,0,0,0
50017801,260,126,134,232,111,121,24,13,11,144,68,76,238,116,122,250,117,133,7,7,0,3,2,1
50017802,843,413,430,772,376,396,56,28,28,462,229,233,800,391,409,842,412,430,0,0,0,1,1,0
50017804,745,359,386,710,339,371,25,13,12,420,209,211,698,333,365,742,357,385,1,0,1,2,2,0
50017805,352,177,175,348,175,173,3,1,2,220,111,109,342,174,168,352,177,175,0,0,0,0,0,0
50017806,20,9,11,18,8,10,2,1,1,11,7,4,20,9,11,20,9,11,0,0,0,0,0,0
50017807,190,120,70,165,99,66,21,18,3,77,47,30,174,109,65,116,60,56,74,60,14,0,0,0
50017808,3720,1742,1978,3585,1667,1918,122,70,52,2117,1017,1100,3595,1671,1924,3716,1740,1976,1,0,1,3,2,1
50017809,141,76,65,117,63,54,20,10,10,22,8,14,121,66,55,15,11,4,125,64,61,1,1,0
50017810,3020,1687,1333,2908,1619,1289,71,34,37,1755,957,798,2659,1401,1258,2463,1186,1277,556,500,56,1,1,0
50017811,20,9,11,20,9,11,0,0,0,10,5,5,18,8,10,20,9,11,0,0,0,0,0,0
50017812,2024,996,1028,1914,930,984,98,59,39,1184,605,579,1937,952,985,1944,972,972,79,24,55,1,0,1
50017813,2118,1017,1101,2012,962,1050,99,52,47,1250,604,646,2009,958,1051,2117,1016,1101,1,1,0,0,0,0
50017814,761,366,395,724,350,374,37,16,21,468,224,244,739,357,382,761,366,395,0,0,0,0,0,0
50017815,57,24,33,57,24,33,0,0,0,42,19,23,54,23,31,18,9,9,0,0,0,39,15,24
50017816,2792,1288,1504,2693,1237,1456,83,45,38,1683,794,889,2684,1226,1458,2767,1280,1487,25,8,17,0,0,0
50017817,611,292,319,554,260,294,49,27,22,351,167,184,580,279,301,569,269,300,42,23,19,0,0,0
50017818,263,142,121,235,126,109,27,15,12,125,74,51,248,134,114,256,136,120,7,6,1,0,0,0
50017819,630,300,330,610,289,321,17,9,8,395,189,206,601,279,322,630,300,330,0,0,0,0,0,0
50017820,1598,784,814,1526,741,785,54,34,20,1025,523,502,1527,745,782,1556,773,783,42,11,31,0,0,0
50017821,38,23,15,38,23,15,0,0,0,20,9,11,36,22,14,26,11,15,12,12,0,0,0,0
50017822,745,303,442,586,228,358,109,48,61,241,103,138,691,277,414,397,184,213,346,118,228,2,1,1
50017823,6510,3143,3367,6078,2930,3148,349,169,180,3648,1772,1876,6161,2972,3189,6492,3129,3363,8,6,2,10,8,2
50017824,1903,889,1014,1846,863,983,41,19,22,1053,521,532,1837,854,983,1901,888,1013,0,0,0,2,1,1
50017825,1110,789,321,320,219,101,724,525,199,93,63,30,972,694,278,78,38,40,1028,747,281,4,4,0
50017826,1528,721,807,1454,686,768,63,28,35,863,416,447,1460,685,775,1513,718,795,14,3,11,1,0,1
50017827,92,32,60,89,31,58,3,1,2,37,13,24,89,30,59,44,17,27,48,15,33,0,0,0
50017828,5223,2399,2824,4969,2267,2702,222,110,112,2766,1302,1464,4958,2263,2695,5221,2397,2824,1,1,0,1,1,0
50017829,2713,1306,1407,2169,1005,1164,485,271,214,1169,577,592,2456,1167,1289,2163,1008,1155,544,295,249,6,3,3
50017830,2420,1128,1292,2246,1038,1208,154,80,74,1544,741,803,2313,1077,1236,2415,1127,1288,5,1,4,0,0,0
50017831,4172,1981,2191,3886,1827,2059,255,136,119,2384,1182,1202,3970,1877,2093,4164,1975,2189,5,4,1,3,2,1
50017832,4389,2043,2346,4073,1885,2188,275,139,136,2200,1058,1142,4134,1911,2223,4162,1942,2220,218,96,122,9,5,4
50017833,1082,509,573,996,461,535,68,37,31,554,275,279,1029,483,546,999,464,535,82,44,38,1,1,0
50017834,1143,574,569,1019,511,508,109,57,52,628,328,300,1073,541,532,1131,565,566,12,9,3,0,0,0
50017835,3041,1416,1625,2763,1256,1507,255,145,110,1551,721,830,2848,1317,1531,3037,1412,1625,0,0,0,4,4,0
50017836,35,19,16,26,17,9,8,2,6,17,9,8,30,15,15,26,14,12,3,2,1,6,3,3
50017837,113,56,57,109,54,55,3,1,2,65,34,31,111,56,55,113,56,57,0,0,0,0,0,0
50017838,5063,2363,2700,4718,2176,2542,289,157,132,2644,1237,1407,4812,2241,2571,5049,2353,2696,9,8,1,5,2,3
50017839,2831,1381,1450,2592,1257,1335,219,115,104,1615,804,811,2693,1318,1375,2831,1381,1450,0,0,0,0,0,0
50017840,1948,925,1023,1849,872,977,79,42,37,1113,553,560,1866,882,984,1936,924,1012,11,0,11,1,1,0
50017842,73,38,35,70,36,34,3,2,1,37,19,18,70,38,32,70,36,34,1,1,0,2,1,1
50017843,278,156,122,79,46,33,179,99,80,36,20,16,232,125,107,60,33,27,215,121,94,3,2,1
50017844,3886,1908,1978,3563,1746,1817,260,125,135,1991,970,1021,3670,1796,1874,3881,1905,1976,0,0,0,5,3,2
50017845,4046,1927,2119,3766,1786,1980,243,120,123,2265,1092,1173,3863,1837,2026,4024,1912,2112,22,15,7,0,0,0
50017847,148,83,65,125,66,59,23,17,6,82,44,38,144,81,63,148,83,65,0,0,0,0,0,0
50017848,377,190,187,360,179,181,13,8,5,242,123,119,365,186,179,369,182,187,7,7,0,1,1,0
50017849,1482,708,774,1232,572,660,226,124,102,617,298,319,1376,653,723,1426,666,760,56,42,14,0,0,0
50017850,401,184,217,345,159,186,51,23,28,212,100,112,365,172,193,384,175,209,0,0,0,17,9,8
50017852,2399,1147,1252,2142,986,1156,223,137,86,1228,588,640,2265,1080,1185,2107,1014,1093,290,132,158,2,1,1
50017853,1371,651,720,1320,625,695,40,18,22,883,419,464,1325,630,695,1371,651,720,0,0,0,0,0,0
50017854,6992,3329,3663,6663,3176,3487,276,133,143,4333,2138,2195,6741,3208,3533,6991,3329,3662,1,0,1,0,0,0
50017855,9219,4659,4560,8549,4303,4246,569,297,272,4924,2485,2439,8806,4456,4350,8342,4034,4308,114,60,54,763,565,198
50017856,5229,2508,2721,4834,2299,2535,344,180,164,2920,1431,1489,4965,2364,2601,5145,2463,2682,84,45,39,0,0,0
50017857,566,290,276,431,214,217,115,68,47,245,129,116,527,271,256,564,290,274,2,0,2,0,0,0
50017858,197,103,94,191,100,91,6,3,3,86,45,41,182,94,88,189,100,89,7,2,5,1,1,0
50017859,301,150,151,291,144,147,10,6,4,179,90,89,293,146,147,296,148,148,0,0,0,5,2,3
50017860,25,16,9,21,13,8,4,3,1,12,8,4,25,16,9,23,14,9,0,0,0,2,2,0
1302220,0,0,0,0,0,0,0,0,0,0,0,0,0,0,0,0,0,0,0,0,0,0,0,0
1303200,0,0,0,0,0,0,0,0,0,0,0,0,0,0,0,0,0,0,0,0,0,0,0,0
3059440,0,0,0,0,0,0,0,0,0,0,0,0,0,0,0,0,0,0,0,0,0,0,0,0
3327630,0,0,0,0,0,0,0,0,0,0,0,0,0,0,0,0,0,0,0,0,0,0,0,0
50018601,5429,2662,2767,4965,2413,2552,353,192,161,2950,1426,1524,5176,2518,2658,5408,2652,2756,2,0,2,19,10,9
50018602,5675,2807,2868,5132,2520,2612,455,239,216,2665,1350,1315,5326,2630,2696,5309,2579,2730,69,20,49,297,208,89
50018604,4752,2314,2438,4290,2085,2205,390,195,195,2107,1019,1088,4423,2156,2267,4730,2303,2427,16,7,9,6,4,2
50018605,4690,2292,2398,4213,2054,2159,393,197,196,2382,1207,1175,4421,2148,2273,4671,2284,2387,16,5,11,3,3,0
50018606,700,388,312,589,327,262,93,49,44,247,139,108,618,339,279,542,273,269,32,24,8,126,91,35
50018607,5556,2720,2836,4918,2376,2542,545,302,243,2658,1326,1332,5182,2520,2662,5344,2562,2782,195,145,50,17,13,4
50018608,572,327,245,427,237,190,127,82,45,210,119,91,503,286,217,413,228,185,153,95,58,6,4,2
50018610,22,10,12,13,7,6,9,3,6,7,5,2,18,9,9,19,10,9,3,0,3,0,0,0
50018611,1806,948,858,1523,796,727,246,131,115,631,337,294,1644,857,787,1768,915,853,23,20,3,15,13,2
50018612,8462,4120,4342,7714,3715,3999,615,341,274,4526,2241,2285,8049,3913,4136,8339,4068,4271,113,46,67,10,6,4
50018616,64,38,26,62,37,25,1,0,1,34,19,15,60,36,24,53,29,24,11,9,2,0,0,0
50018617,6714,3275,3439,6099,2930,3169,505,283,222,3433,1695,1738,6373,3095,3278,6694,3263,3431,16,9,7,4,3,1
1303380,0,0,0,0,0,0,0,0,0,0,0,0,0,0,0,0,0,0,0,0,0,0,0,0
1303620,0,0,0,0,0,0,0,0,0,0,0,0,0,0,0,0,0,0,0,0,0,0,0,0
1305670,0,0,0,0,0,0,0,0,0,0,0,0,0,0,0,0,0,0,0,0,0,0,0,0
1305750,0,0,0,0,0,0,0,0,0,0,0,0,0,0,0,0,0,0,0,0,0,0,0,0
1305830,0,0,0,0,0,0,0,0,0,0,0,0,0,0,0,0,0,0,0,0,0,0,0,0
1307960,0,0,0,0,0,0,0,0,0,0,0,0,0,0,0,0,0,0,0,0,0,0,0,0
1309230,0,0,0,0,0,0,0,0,0,0,0,0,0,0,0,0,0,0,0,0,0,0,0,0
1309310,0,0,0,0,0,0,0,0,0,0,0,0,0,0,0,0,0,0,0,0,0,0,0,0
1309740,0,0,0,0,0,0,0,0,0,0,0,0,0,0,0,0,0,0,0,0,0,0,0,0
3059870,0,0,0,0,0,0,0,0,0,0,0,0,0,0,0,0,0,0,0,0,0,0,0,0
3169890,0,0,0,0,0,0,0,0,0,0,0,0,0,0,0,0,0,0,0,0,0,0,0,0
50020801,1886,876,1010,1803,836,967,69,31,38,1099,523,576,1805,840,965,1883,875,1008,0,0,0,3,1,2
50020802,1236,578,658,1165,550,615,63,26,37,592,300,292,1193,564,629,1236,578,658,0,0,0,0,0,0
50020803,3824,1793,2031,3700,1724,1976,109,60,49,2227,1088,1139,3718,1739,1979,3821,1791,2030,0,0,0,3,2,1
50020804,475,245,230,449,228,221,23,14,9,312,159,153,462,239,223,469,241,228,0,0,0,6,4,2
50020805,5415,2590,2825,5148,2462,2686,237,115,122,2870,1425,1445,5193,2478,2715,5414,2589,2825,0,0,0,1,1,0
50020806,1807,758,1049,1771,737,1034,32,18,14,995,456,539,1771,742,1029,1560,703,857,241,51,190,6,4,2
50020807,6613,3126,3487,6438,3037,3401,142,73,69,3950,1952,1998,6428,3030,3398,6610,3124,3486,0,0,0,3,2,1
50020808,6339,2929,3410,6162,2836,3326,149,83,66,3759,1784,1975,6138,2825,3313,6339,2929,3410,0,0,0,0,0,0
50020809,498,286,212,487,278,209,6,4,2,233,143,90,404,220,184,213,93,120,272,180,92,13,13,0
50020810,1127,543,584,1110,532,578,13,9,4,750,376,374,1101,528,573,1097,530,567,30,13,17,0,0,0
50020812,60,29,31,59,28,31,1,1,0,32,19,13,59,29,30,58,29,29,0,0,0,2,0,2
50020816,6219,2911,3308,6075,2833,3242,113,63,50,3876,1877,1999,6035,2816,3219,6196,2897,3299,11,6,5,12,8,4
50020817,357,170,187,341,164,177,15,6,9,219,103,116,345,166,179,357,170,187,0,0,0,0,0,0
50020818,2262,1063,1199,2151,993,1158,101,63,38,1225,575,650,2186,1025,1161,2262,1063,1199,0,0,0,0,0,0
50020819,740,375,365,660,332,328,77,41,36,369,190,179,698,350,348,718,361,357,20,12,8,2,2,0
50020821,2622,1224,1398,2479,1141,1338,125,72,53,1479,691,788,2507,1163,1344,2540,1187,1353,76,32,44,6,5,1
50020822,2353,1155,1198,2235,1104,1131,105,46,59,1506,783,723,2258,1110,1148,2340,1151,1189,8,1,7,5,3,2
50020823,4825,2247,2578,4538,2095,2443,245,132,113,2792,1291,1501,4640,2151,2489,4756,2196,2560,66,49,17,3,2,1
50020824,1913,862,1051,1850,821,1029,55,37,18,1096,509,587,1860,832,1028,1757,832,925,156,30,126,0,0,0
50020826,2829,1268,1561,2718,1209,1509,96,52,44,1695,767,928,2730,1223,1507,2825,1266,1559,0,0,0,4,2,2
50020827,640,311,329,605,294,311,29,15,14,421,213,208,617,303,314,640,311,329,0,0,0,0,0,0
50020828,2432,1114,1318,2348,1071,1277,69,35,34,1389,660,729,2339,1067,1272,2262,1069,1193,170,45,125,0,0,0
50020829,4032,1855,2177,3822,1753,2069,184,88,96,2397,1168,1229,3895,1786,2109,4031,1854,2177,0,0,0,1,1,0
50020830,410,186,224,398,183,215,9,2,7,266,122,144,402,185,217,410,186,224,0,0,0,0,0,0
50020831,4984,2216,2768,4775,2103,2672,186,100,86,2838,1293,1545,4823,2126,2697,4830,2152,2678,148,60,88,6,4,2
50020832,1332,938,394,1325,933,392,5,3,2,582,413,169,1288,910,378,110,57,53,5,3,2,1217,878,339
50020833,3660,1827,1833,3318,1644,1674,291,151,140,1696,886,810,3436,1705,1731,3620,1794,1826,34,28,6,6,5,1
50020834,4205,2118,2087,3674,1817,1857,443,253,190,1842,910,932,3884,1947,1937,4186,2100,2086,14,14,0,5,4,1
50020835,2042,1007,1035,1864,916,948,165,84,81,1017,497,520,1954,960,994,2026,997,1029,15,9,6,1,1,0
50020836,429,233,196,307,140,167,107,84,23,168,83,85,344,167,177,236,113,123,192,119,73,1,1,0
50020837,4544,2279,2265,4039,2022,2017,411,207,204,2128,1094,1034,4267,2139,2128,4492,2247,2245,33,21,12,19,11,8
50020838,2989,1448,1541,2755,1324,1431,199,101,98,1629,801,828,2797,1351,1446,2943,1430,1513,46,18,28,0,0,0
50020839,893,443,450,715,352,363,150,75,75,361,181,180,803,397,406,647,308,339,236,130,106,10,5,5
50020840,63,40,23,52,30,22,10,9,1,17,7,10,58,35,23,49,28,21,14,12,2,0,0,0
50020841,2625,1288,1337,2347,1137,1210,242,136,106,1401,691,710,2488,1210,1278,2517,1207,1310,107,80,27,1,1,0
50020842,128,73,55,119,67,52,8,5,3,67,32,35,125,71,54,127,72,55,0,0,0,1,1,0
50020843,525,276,249,359,182,177,154,89,65,140,68,72,463,239,224,514,266,248,9,8,1,2,2,0
50020844,3327,1605,1722,2990,1448,1542,286,133,153,1457,733,724,3107,1497,1610,3306,1592,1714,15,9,6,6,4,2
50020845,982,517,465,676,352,324,270,147,123,227,114,113,852,449,403,976,515,461,6,2,4,0,0,0
50020846,4174,2063,2111,3600,1766,1834,453,234,219,1887,951,936,3877,1924,1953,4070,2003,2067,72,40,32,32,20,12
50020847,4633,2338,2295,3949,1940,2009,578,332,246,2055,1045,1010,4305,2167,2138,4598,2320,2278,32,15,17,3,3,0
50020849,2472,1209,1263,2127,1013,1114,288,167,121,1178,554,624,2300,1117,1183,2466,1204,1262,6,5,1,0,0,0
1311640,0,0,0,0,0,0,0,0,0,0,0,0,0,0,0,0,0,0,0,0,0,0,0,0
50021601,37,20,17,30,17,13,7,3,4,13,7,6,33,17,16,37,20,17,0,0,0,0,0,0
50021602,2870,1386,1484,2381,1142,1239,435,216,219,1059,522,537,2696,1284,1412,2870,1386,1484,0,0,0,0,0,0
50021603,4710,2135,2575,4456,1990,2466,225,129,96,2663,1234,1429,4511,2044,2467,4675,2126,2549,34,8,26,1,1,0
50021604,3393,1545,1848,3196,1445,1751,165,86,79,1894,846,1048,3255,1475,1780,3369,1533,1836,24,12,12,0,0,0
50021605,1693,782,911,1628,746,882,57,32,25,997,472,525,1640,763,877,1680,782,898,13,0,13,0,0,0
50021606,3725,1760,1965,3441,1619,1822,255,130,125,1891,923,968,3548,1668,1880,3724,1759,1965,0,0,0,1,1,0
50021607,795,382,413,721,344,377,70,37,33,368,175,193,753,359,394,789,378,411,4,3,1,2,1,1
50021608,233,114,119,177,84,93,53,27,26,53,31,22,207,101,106,206,94,112,27,20,7,0,0,0
50021609,228,129,99,177,98,79,44,25,19,54,32,22,212,118,94,227,128,99,0,0,0,1,1,0
50021610,4266,2105,2161,3761,1816,1945,442,247,195,1796,863,933,4015,1969,2046,4050,1942,2108,214,161,53,2,2,0
50021611,142,72,70,133,67,66,8,4,4,82,46,36,140,72,68,138,70,68,0,0,0,4,2,2
50021612,570,274,296,496,242,254,59,25,34,218,105,113,483,234,249,556,267,289,13,7,6,1,0,1
50021613,313,152,161,285,137,148,27,14,13,157,77,80,303,147,156,298,145,153,13,6,7,2,1,1
50021614,1221,623,598,1015,514,501,181,99,82,449,232,217,1131,573,558,1189,608,581,28,12,16,4,3,1
50021616,6627,3345,3282,6143,3092,3051,417,217,200,3287,1677,1610,6240,3143,3097,5974,2892,3082,91,25,66,562,428,134
50021617,108,62,46,97,58,39,11,4,7,43,29,14,102,59,43,107,61,46,1,1,0,0,0,0
50021618,955,469,486,904,440,464,46,25,21,549,281,268,911,445,466,955,469,486,0,0,0,0,0,0
50021619,697,371,326,552,290,262,128,72,56,174,97,77,603,323,280,697,371,326,0,0,0,0,0,0
50021620,27,13,14,26,12,14,1,1,0,16,8,8,26,13,13,26,12,14,0,0,0,1,1,0
50021622,249,184,65,149,99,50,94,80,14,60,37,23,194,142,52,88,46,42,156,134,22,5,4,1
50021623,4329,2128,2201,3722,1810,1912,531,277,254,1505,749,756,3978,1936,2042,4328,2127,2201,0,0,0,1,1,0
50021624,1892,929,963,1658,793,865,206,123,83,858,434,424,1798,874,924,1691,830,861,201,99,102,0,0,0
50021625,109,47,62,106,45,61,3,2,1,57,23,34,100,44,56,102,42,60,0,0,0,7,5,2
50021626,336,168,168,291,142,149,38,22,16,124,64,60,312,153,159,335,168,167,1,0,1,0,0,0
50021628,179,78,101,172,75,97,3,0,3,95,44,51,172,73,99,179,78,101,0,0,0,0,0,0
50021629,5753,2622,3131,5342,2410,2932,365,190,175,3151,1463,1688,5517,2510,3007,5736,2610,3126,11,7,4,6,5,1
50021630,7685,3622,4063,7305,3408,3897,343,195,148,4227,2020,2207,7379,3451,3928,7682,3620,4062,2,1,1,1,1,0
50021631,1316,655,661,1211,607,604,92,46,46,675,347,328,1265,631,634,1309,650,659,7,5,2,0,0,0
50021632,1917,936,981,1831,893,938,73,34,39,1132,572,560,1849,900,949,1894,914,980,22,22,0,1,0,1
50021635,1886,965,921,1620,833,787,229,116,113,810,415,395,1791,915,876,1884,965,919,2,0,2,0,0,0
50021636,1033,497,536,956,455,501,67,35,32,555,271,284,984,474,510,1022,494,528,10,2,8,1,1,0
50021637,578,330,248,473,255,218,97,70,27,184,104,80,528,299,229,402,192,210,172,134,38,4,4,0
50021638,1316,657,659,1148,576,572,153,75,78,479,244,235,1184,598,586,1316,657,659,0,0,0,0,0,0
50021639,967,471,496,873,421,452,84,44,40,367,190,177,888,428,460,967,471,496,0,0,0,0,0,0
50021640,471,235,236,460,227,233,10,8,2,321,158,163,448,222,226,462,229,233,3,3,0,6,3,3
50021641,25,15,10,22,13,9,3,2,1,17,10,7,24,14,10,25,15,10,0,0,0,0,0,0
3173900,0,0,0,0,0,0,0,0,0,0,0,0,0,0,0,0,0,0,0,0,0,0,0,0
53806001,662,364,298,599,311,288,58,50,8,428,223,205,634,344,290,662,364,298,0,0,0,0,0,0
53806002,145,116,29,101,79,22,34,29,5,30,24,6,126,104,22,4,3,1,138,110,28,3,3,0
53806003,1563,774,789,1493,727,766,60,39,21,1011,517,494,1505,744,761,1534,757,777,4,0,4,25,17,8
53806005,44,23,21,41,22,19,3,1,2,26,16,10,43,23,20,44,23,21,0,0,0,0,0,0
3176590,0,0,0,0,0,0,0,0,0,0,0,0,0,0,0,0,0,0,0,0,0,0,0,0
53807802,729,356,373,713,348,365,16,8,8,407,199,208,697,339,358,721,348,373,0,0,0,8,8,0
53812403,1821,910,911,1698,838,860,106,59,47,1027,536,491,1750,871,879,1810,905,905,1,1,0,10,4,6
1314820,0,0,0,0,0,0,0,0,0,0,0,0,0,0,0,0,0,0,0,0,0,0,0,0
1314910,0,0,0,0,0,0,0,0,0,0,0,0,0,0,0,0,0,0,0,0,0,0,0,0
1315040,0,0,0,0,0,0,0,0,0,0,0,0,0,0,0,0,0,0,0,0,0,0,0,0
1315800,0,0,0,0,0,0,0,0,0,0,0,0,0,0,0,0,0,0,0,0,0,0,0,0
3170470,0,0,0,0,0,0,0,0,0,0,0,0,0,0,0,0,0,0,0,0,0,0,0,0
54731002,167,74,93,163,74,89,3,0,3,98,42,56,154,69,85,167,74,93,0,0,0,0,0,0
54731003,1619,769,850,1591,750,841,23,15,8,1041,491,550,1565,744,821,1604,760,844,15,9,6,0,0,0
54731004,199,136,63,158,100,58,37,32,5,54,33,21,174,113,61,1,1,0,197,134,63,1,1,0
54731005,3577,1769,1808,3363,1647,1716,185,107,78,1849,938,911,3349,1669,1680,3577,1769,1808,0,0,0,0,0,0
54731006,138,67,71,133,65,68,4,2,2,83,39,44,133,63,70,135,65,70,0,0,0,3,2,1
54731007,3049,1469,1580,2968,1427,1541,66,34,32,1863,908,955,2938,1411,1527,2927,1377,1550,10,8,2,112,84,28
54731008,1844,891,953,1804,861,943,38,30,8,1252,620,632,1809,874,935,1838,885,953,6,6,0,0,0,0
54731009,24,13,11,24,13,11,0,0,0,20,10,10,20,13,7,24,13,11,0,0,0,0,0,0
54731010,1367,668,699,1323,641,682,40,24,16,860,435,425,1318,641,677,1355,661,694,12,7,5,0,0,0
1304270,0,0,0,0,0,0,0,0,0,0,0,0,0,0,0,0,0,0,0,0,0,0,0,0
1304350,0,0,0,0,0,0,0,0,0,0,0,0,0,0,0,0,0,0,0,0,0,0,0,0
3327800,0,0,0,0,0,0,0,0,0,0,0,0,0,0,0,0,0,0,0,0,0,0,0,0
54729801,22,12,10,19,10,9,1,1,0,9,6,3,19,11,8,21,12,9,1,0,1,0,0,0
54729802,3084,1541,1543,2964,1457,1507,103,74,29,1997,1010,987,2968,1470,1498,3031,1506,1525,13,11,2,40,24,16
54729804,265,131,134,263,130,133,2,1,1,154,80,74,255,127,128,262,131,131,0,0,0,3,0,3
54729807,187,98,89,171,88,83,14,10,4,104,51,53,168,86,82,187,98,89,0,0,0,0,0,0
54729808,192,86,106,178,78,100,10,6,4,116,50,66,179,81,98,192,86,106,0,0,0,0,0,0
1303460,0,0,0,0,0,0,0,0,0,0,0,0,0,0,0,0,0,0,0,0,0,0,0,0
3311120,0,0,0,0,0,0,0,0,0,0,0,0,0,0,0,0,0,0,0,0,0,0,0,0
54730101,1709,846,863,1658,811,847,43,33,10,1128,571,557,1645,814,831,1709,846,863,0,0,0,0,0,0
54730102,28,11,17,28,11,17,0,0,0,19,8,11,28,11,17,26,9,17,0,0,0,2,2,0
54730104,909,451,458,852,418,434,49,31,18,458,250,208,842,420,422,908,450,458,0,0,0,1,1,0
54730105,2389,1201,1188,2350,1181,1169,32,16,16,1500,776,724,2325,1167,1158,2354,1175,1179,3,2,1,32,24,8
1325270,0,0,0,0,0,0,0,0,0,0,0,0,0,0,0,0,0,0,0,0,0,0,0,0
54737901,35,23,12,35,23,12,0,0,0,15,8,7,34,22,12,10,5,5,25,18,7,0,0,0
54737902,37,22,15,32,18,14,5,4,1,17,10,7,32,20,12,31,18,13,5,4,1,1,0,1
54737903,2215,1106,1109,2071,1025,1046,137,77,60,1340,678,662,2101,1035,1066,2165,1070,1095,34,25,9,16,11,5
54737905,1769,848,921,1584,752,832,167,87,80,753,380,373,1557,745,812,1687,833,854,82,15,67,0,0,0
54737907,76,33,43,74,32,42,2,1,1,36,11,25,74,33,41,76,33,43,0,0,0,0,0,0
3173730,0,0,0,0,0,0,0,0,0,0,0,0,0,0,0,0,0,0,0,0,0,0,0,0
3173810,0,0,0,0,0,0,0,0,0,0,0,0,0,0,0,0,0,0,0,0,0,0,0,0
3174030,0,0,0,0,0,0,0,0,0,0,0,0,0,0,0,0,0,0,0,0,0,0,0,0
53817502,1453,723,730,1394,700,694,55,21,34,950,502,448,1391,693,698,1445,719,726,5,2,3,3,2,1
53817503,457,232,225,446,227,219,9,5,4,298,161,137,449,228,221,452,228,224,0,0,0,5,4,1
53817504,892,464,428,855,438,417,36,26,10,576,289,287,861,454,407,814,417,397,44,25,19,34,22,12
53820502,40,19,21,37,18,19,2,0,2,23,12,11,40,19,21,15,7,8,0,0,0,25,12,13
53820503,4135,2058,2077,3987,1949,2038,143,106,37,2781,1382,1399,3974,1960,2014,4083,2028,2055,23,7,16,29,23,6
53830201,3511,1740,1771,3280,1600,1680,212,131,81,2161,1092,1069,3317,1629,1688,3245,1577,1668,204,122,82,62,41,21
3173490,0,0,0,0,0,0,0,0,0,0,0,0,0,0,0,0,0,0,0,0,0,0,0,0
53835301,1573,795,778,1493,739,754,76,54,22,988,510,478,1507,759,748,1561,790,771,0,0,0,12,5,7
53835302,53,26,27,53,26,27,0,0,0,43,20,23,53,26,27,53,26,27,0,0,0,0,0,0
3176240,0,0,0,0,0,0,0,0,0,0,0,0,0,0,0,0,0,0,0,0,0,0,0,0
53836101,34,16,18,34,16,18,0,0,0,21,11,10,33,16,17,29,14,15,0,0,0,5,2,3
53836103,3609,1749,1860,3539,1712,1827,66,34,32,2270,1139,1131,3475,1680,1795,3568,1730,1838,19,5,14,22,14,8
53836104,301,140,161,292,136,156,6,2,4,199,97,102,294,137,157,299,139,160,0,0,0,2,1,1
3175780,0,0,0,0,0,0,0,0,0,0,0,0,0,0,0,0,0,0,0,0,0,0,0,0
53838802,438,231,207,420,222,198,11,7,4,278,153,125,414,216,198,438,231,207,0,0,0,0,0,0
53840001,42,21,21,41,20,21,0,0,0,25,10,15,37,17,20,34,17,17,0,0,0,8,4,4
53840003,1131,564,567,1103,549,554,27,15,12,706,357,349,1090,541,549,1129,562,567,0,0,0,2,2,0
3159910,0,0,0,0,0,0,0,0,0,0,0,0,0,0,0,0,0,0,0,0,0,0,0,0
3161480,0,0,0,0,0,0,0,0,0,0,0,0,0,0,0,0,0,0,0,0,0,0,0,0
54704201,127,60,67,118,56,62,9,4,5,73,38,35,123,57,66,123,59,64,0,0,0,4,1,3
54704202,180,90,90,178,88,90,2,2,0,124,64,60,177,89,88,180,90,90,0,0,0,0,0,0
54704203,97,44,53,94,43,51,2,0,2,48,20,28,89,41,48,97,44,53,0,0,0,0,0,0
54704204,1843,908,935,1805,887,918,33,17,16,1273,627,646,1795,883,912,1770,853,917,0,0,0,73,55,18
54704206,181,89,92,161,79,82,19,9,10,115,56,59,167,79,88,152,75,77,7,4,3,22,10,12
54704207,219,115,104,209,109,100,9,6,3,127,65,62,210,110,100,203,103,100,10,6,4,6,6,0
54704208,23,10,13,23,10,13,0,0,0,16,8,8,23,10,13,23,10,13,0,0,0,0,0,0
54704209,2115,1028,1087,1943,943,1000,146,75,71,1045,533,512,2009,981,1028,2060,1003,1057,55,25,30,0,0,0
54704211,2396,1120,1276,2287,1056,1231,97,57,40,1337,631,706,2304,1080,1224,2253,1089,1164,143,31,112,0,0,0
54704212,1722,867,855,1695,854,841,24,12,12,1173,606,567,1684,849,835,1715,863,852,0,0,0,7,4,3
54704213,21,15,6,18,12,6,2,2,0,13,8,5,20,14,6,19,13,6,1,1,0,1,1,0
54704214,1167,545,622,181,101,80,713,316,397,34,13,21,929,444,485,14,7,7,1150,536,614,3,2,1
3061420,0,0,0,0,0,0,0,0,0,0,0,0,0,0,0,0,0,0,0,0,0,0,0,0
3158340,0,0,0,0,0,0,0,0,0,0,0,0,0,0,0,0,0,0,0,0,0,0,0,0
3161560,0,0,0,0,0,0,0,0,0,0,0,0,0,0,0,0,0,0,0,0,0,0,0,0
3161990,0,0,0,0,0,0,0,0,0,0,0,0,0,0,0,0,0,0,0,0,0,0,0,0
3162530,0,0,0,0,0,0,0,0,0,0,0,0,0,0,0,0,0,0,0,0,0,0,0,0
54705101,2169,1026,1143,2035,956,1079,122,64,58,1303,637,666,2085,984,1101,2168,1026,1142,0,0,0,1,0,1
54705103,2328,1127,1201,2172,1041,1131,145,82,63,1202,600,602,2221,1067,1154,2324,1124,1200,3,2,1,1,1,0
54705105,39,20,19,5,2,3,33,18,15,2,2,0,28,14,14,0,0,0,39,20,19,0,0,0
54705107,1068,530,538,977,483,494,73,41,32,551,280,271,997,495,502,1027,498,529,40,31,9,1,1,0
54705108,1296,678,618,1214,634,580,77,43,34,727,382,345,1238,640,598,1196,606,590,1,0,1,99,72,27
54705109,45,10,35,45,10,35,0,0,0,25,5,20,41,8,33,33,9,24,12,1,11,0,0,0
54705110,565,283,282,543,273,270,20,9,11,394,204,190,551,278,273,565,283,282,0,0,0,0,0,0
54705111,2527,1218,1309,2346,1128,1218,159,77,82,1460,713,747,2421,1166,1255,2513,1208,1305,11,8,3,3,2,1
53944901,616,316,300,598,306,292,17,10,7,409,220,189,595,304,291,369,185,184,0,0,0,247,131,116
53944902,23,11,12,23,11,12,0,0,0,16,9,7,19,9,10,4,2,2,0,0,0,19,9,10
53944903,1312,651,661,1284,636,648,27,14,13,866,436,430,1282,637,645,1312,651,661,0,0,0,0,0,0
53944904,869,452,417,856,446,410,12,5,7,621,324,297,833,435,398,843,435,408,0,0,0,26,17,9
53944905,150,81,69,141,76,65,9,5,4,103,56,47,132,70,62,122,67,55,0,0,0,28,14,14
3164150,0,0,0,0,0,0,0,0,0,0,0,0,0,0,0,0,0,0,0,0,0,0,0,0
3166610,0,0,0,0,0,0,0,0,0,0,0,0,0,0,0,0,0,0,0,0,0,0,0,0
3166950,0,0,0,0,0,0,0,0,0,0,0,0,0,0,0,0,0,0,0,0,0,0,0,0
53946501,874,428,446,855,416,439,15,10,5,594,302,292,843,415,428,860,417,443,0,0,0,14,11,3
54714002,166,76,90,126,59,67,32,12,20,61,29,32,151,69,82,163,75,88,1,0,1,2,1,1
54714003,1318,670,648,1251,628,623,60,38,22,768,394,374,1273,644,629,1300,661,639,11,3,8,7,6,1
54715801,465,221,244,310,145,165,128,67,61,151,68,83,427,204,223,465,221,244,0,0,0,0,0,0
54715802,53,25,28,45,22,23,8,3,5,25,11,14,50,25,25,50,22,28,0,0,0,3,3,0
54715804,2216,1116,1100,1966,973,993,217,123,94,1351,694,657,2118,1064,1054,2170,1086,1084,25,16,9,21,14,7
3176080,0,0,0,0,0,0,0,0,0,0,0,0,0,0,0,0,0,0,0,0,0,0,0,0
53853101,366,184,182,348,172,176,15,11,4,243,124,119,350,173,177,337,167,170,27,15,12,2,2,0
3174970,0,0,0,0,0,0,0,0,0,0,0,0,0,0,0,0,0,0,0,0,0,0,0,0
54739501,1373,680,693,1346,666,680,26,14,12,930,458,472,1342,664,678,1292,617,675,0,0,0,81,63,18
54739502,4238,2050,2188,4087,1961,2126,131,80,51,2454,1213,1241,4084,1972,2112,4237,2049,2188,0,0,0,1,1,0
54739503,142,65,77,142,65,77,0,0,0,101,48,53,136,61,75,142,65,77,0,0,0,0,0,0
3169540,0,0,0,0,0,0,0,0,0,0,0,0,0,0,0,0,0,0,0,0,0,0,0,0
53958901,628,312,316,591,289,302,36,22,14,382,188,194,601,297,304,542,259,283,11,10,1,75,43,32
3166440,0,0,0,0,0,0,0,0,0,0,0,0,0,0,0,0,0,0,0,0,0,0,0,0
3166870,0,0,0,0,0,0,0,0,0,0,0,0,0,0,0,0,0,0,0,0,0,0,0,0
3167410,0,0,0,0,0,0,0,0,0,0,0,0,0,0,0,0,0,0,0,0,0,0,0,0
3167500,0,0,0,0,0,0,0,0,0,0,0,0,0,0,0,0,0,0,0,0,0,0,0,0
3183610,0,0,0,0,0,0,0,0,0,0,0,0,0,0,0,0,0,0,0,0,0,0,0,0
53963502,123,65,58,120,64,56,2,1,1,83,41,42,121,63,58,122,65,57,1,0,1,0,0,0
53963503,22,14,8,19,11,8,3,3,0,15,7,8,20,12,8,17,9,8,4,4,0,1,1,0
53963504,184,120,64,170,107,63,9,8,1,62,42,20,169,110,59,115,71,44,56,45,11,13,4,9
53963505,3460,1742,1718,3329,1660,1669,124,79,45,2205,1120,1085,3333,1677,1656,3346,1679,1667,70,35,35,44,28,16
53963506,1063,533,530,940,455,485,112,70,42,456,228,228,985,491,494,1063,533,530,0,0,0,0,0,0
53963507,1223,614,609,968,473,495,229,128,101,434,213,221,1108,547,561,1223,614,609,0,0,0,0,0,0
3064280,0,0,0,0,0,0,0,0,0,0,0,0,0,0,0,0,0,0,0,0,0,0,0,0
3064440,0,0,0,0,0,0,0,0,0,0,0,0,0,0,0,0,0,0,0,0,0,0,0,0
53873601,2301,1169,1132,2167,1084,1083,128,83,45,1473,751,722,2194,1112,1082,2189,1081,1108,80,66,14,32,22,10
53873602,87,57,30,70,44,26,17,13,4,33,18,15,80,53,27,83,54,29,3,2,1,1,1,0
3062150,0,0,0,0,0,0,0,0,0,0,0,0,0,0,0,0,0,0,0,0,0,0,0,0
3167330,0,0,0,0,0,0,0,0,0,0,0,0,0,0,0,0,0,0,0,0,0,0,0,0
3167680,0,0,0,0,0,0,0,0,0,0,0,0,0,0,0,0,0,0,0,0,0,0,0,0
53967801,414,205,209,399,196,203,13,8,5,293,148,145,406,200,206,414,205,209,0,0,0,0,0,0
53967802,49,23,26,49,23,26,0,0,0,30,14,16,46,21,25,31,14,17,0,0,0,18,9,9
53967804,3146,1542,1604,3086,1510,1576,50,25,25,2088,1025,1063,3056,1493,1563,3000,1476,1524,93,27,66,53,39,14
53967805,66,33,33,65,33,32,1,0,1,41,23,18,62,31,31,19,10,9,1,1,0,46,22,24
53967806,324,174,150,320,171,149,3,2,1,208,115,93,313,167,146,313,166,147,3,3,0,8,5,3
54727102,1431,674,757,1379,652,727,46,20,26,899,437,462,1384,652,732,1430,674,756,1,0,1,0,0,0
54727103,595,290,305,555,272,283,38,16,22,241,128,113,570,280,290,593,289,304,0,0,0,2,1,1
54727105,1884,934,950,1779,873,906,86,51,35,1106,560,546,1803,891,912,1812,873,939,28,25,3,44,36,8
54727106,41,28,13,40,27,13,1,1,0,23,14,9,39,26,13,11,5,6,22,19,3,8,4,4
54727107,1768,848,920,1730,824,906,33,21,12,1241,598,643,1716,818,898,1761,846,915,0,0,0,7,2,5
54727108,551,328,223,243,127,116,284,186,98,124,71,53,469,277,192,176,87,89,375,241,134,0,0,0
54727109,569,273,296,531,248,283,28,20,8,324,158,166,548,264,284,564,272,292,4,1,3,1,0,1
3161300,0,0,0,0,0,0,0,0,0,0,0,0,0,0,0,0,0,0,0,0,0,0,0,0
3307100,0,0,0,0,0,0,0,0,0,0,0,0,0,0,0,0,0,0,0,0,0,0,0,0
3307280,0,0,0,0,0,0,0,0,0,0,0,0,0,0,0,0,0,0,0,0,0,0,0,0
53972402,1553,755,798,1486,721,765,59,30,29,1001,504,497,1503,728,775,1535,745,790,2,2,0,16,8,8
53972404,1626,806,820,1540,755,785,81,48,33,1009,499,510,1566,776,790,1608,790,818,1,1,0,17,15,2
3060370,0,0,0,0,0,0,0,0,0,0,0,0,0,0,0,0,0,0,0,0,0,0,0,0
3183450,0,0,0,0,0,0,0,0,0,0,0,0,0,0,0,0,0,0,0,0,0,0,0,0
54740901,126,64,62,115,58,57,9,5,4,89,48,41,117,61,56,125,63,62,0,0,0,1,1,0
54740903,32,18,14,30,17,13,2,1,1,16,9,7,31,17,14,31,17,14,0,0,0,1,1,0
54740904,2306,1166,1140,2153,1080,1073,141,80,61,1273,637,636,2183,1106,1077,2267,1139,1128,24,14,10,15,13,2
54732801,93,51,42,85,48,37,7,2,5,44,26,18,89,49,40,91,49,42,0,0,0,2,2,0
54732802,432,210,222,410,198,212,20,10,10,256,128,128,420,202,218,423,207,216,0,0,0,9,3,6
54732803,943,463,480,889,431,458,45,26,19,539,262,277,904,442,462,917,450,467,12,5,7,14,8,6
53979101,2683,1296,1387,2563,1236,1327,110,55,55,1588,802,786,2569,1248,1321,2666,1281,1385,0,0,0,17,15,2
53979102,873,427,446,843,407,436,29,19,10,574,298,276,840,414,426,873,427,446,0,0,0,0,0,0
53979103,273,124,149,253,109,144,18,14,4,128,54,74,260,118,142,273,124,149,0,0,0,0,0,0
1291940,0,0,0,0,0,0,0,0,0,0,0,0,0,0,0,0,0,0,0,0,0,0,0,0
3163930,0,0,0,0,0,0,0,0,0,0,0,0,0,0,0,0,0,0,0,0,0,0,0,0
3165630,0,0,0,0,0,0,0,0,0,0,0,0,0,0,0,0,0,0,0,0,0,0,0,0
3167250,0,0,0,0,0,0,0,0,0,0,0,0,0,0,0,0,0,0,0,0,0,0,0,0
54711501,289,184,105,176,91,85,98,79,19,120,67,53,236,143,93,189,99,90,89,76,13,11,9,2
54711503,229,118,111,218,113,105,3,1,2,135,68,67,221,114,107,62,31,31,1,0,1,166,87,79
54711504,37,19,18,37,19,18,0,0,0,17,11,6,37,19,18,37,19,18,0,0,0,0,0,0
54711506,114,68,46,107,62,45,7,6,1,56,33,23,97,57,40,98,57,41,16,11,5,0,0,0
54711507,2158,1073,1085,2079,1029,1050,70,41,29,1341,691,650,2085,1037,1048,2124,1049,1075,7,6,1,27,18,9
3064100,0,0,0,0,0,0,0,0,0,0,0,0,0,0,0,0,0,0,0,0,0,0,0,0
53900701,4499,2215,2284,4349,2121,2228,126,81,45,2559,1276,1283,4334,2138,2196,4438,2168,2270,2,2,0,59,45,14
53900702,29,15,14,29,15,14,0,0,0,22,12,10,29,15,14,29,15,14,0,0,0,0,0,0
3165980,0,0,0,0,0,0,0,0,0,0,0,0,0,0,0,0,0,0,0,0,0,0,0,0
3166100,0,0,0,0,0,0,0,0,0,0,0,0,0,0,0,0,0,0,0,0,0,0,0,0
53986401,128,77,51,110,61,49,15,13,2,88,57,31,118,70,48,118,70,48,0,0,0,10,7,3
53986403,253,124,129,240,112,128,12,11,1,171,84,87,242,116,126,246,122,124,6,2,4,1,0,1
53986404,140,65,75,140,65,75,0,0,0,98,46,52,136,63,73,116,52,64,0,0,0,24,13,11
53986405,65,31,34,63,31,32,2,0,2,30,14,16,58,27,31,65,31,34,0,0,0,0,0,0
53986406,1539,739,800,1487,702,785,52,37,15,829,399,430,1470,699,771,1534,736,798,4,2,2,1,1,0
53986407,4254,2024,2230,4111,1928,2183,134,89,45,2560,1230,1330,4103,1946,2157,4175,1980,2195,73,39,34,6,5,1
53986408,3068,1504,1564,2993,1461,1532,65,41,24,1897,945,952,2971,1456,1515,2945,1412,1533,28,23,5,95,69,26
53986409,118,56,62,118,56,62,0,0,0,80,39,41,113,53,60,51,25,26,0,0,0,67,31,36
53986410,575,276,299,563,269,294,10,5,5,386,193,193,560,270,290,561,267,294,4,4,0,10,5,5
3169200,0,0,0,0,0,0,0,0,0,0,0,0,0,0,0,0,0,0,0,0,0,0,0,0
3205440,0,0,0,0,0,0,0,0,0,0,0,0,0,0,0,0,0,0,0,0,0,0,0,0
3206090,0,0,0,0,0,0,0,0,0,0,0,0,0,0,0,0,0,0,0,0,0,0,0,0
53989901,677,346,331,638,328,310,31,14,17,395,206,189,649,333,316,677,346,331,0,0,0,0,0,0
53989905,593,291,302,547,269,278,38,19,19,282,143,139,562,273,289,588,288,300,0,0,0,5,3,2
53989906,4187,2030,2157,3633,1749,1884,477,245,232,1546,757,789,3879,1886,1993,4187,2030,2157,0,0,0,0,0,0
53989907,2799,1400,1399,2660,1310,1350,130,87,43,1629,835,794,2665,1326,1339,2690,1337,1353,35,10,25,74,53,21
53989908,100,51,49,83,43,40,16,8,8,41,20,21,91,47,44,99,51,48,0,0,0,1,0,1
53989909,42,24,18,38,23,15,4,1,3,21,15,6,36,22,14,40,23,17,0,0,0,2,1,1
52930301,203,94,109,198,93,105,5,1,4,94,45,49,169,76,93,203,94,109,0,0,0,0,0,0
52930304,63,36,27,63,36,27,0,0,0,24,14,10,59,33,26,63,36,27,0,0,0,0,0,0
52930305,66,40,26,66,40,26,0,0,0,27,17,10,62,37,25,65,39,26,1,1,0,0,0,0
52930307,127,64,63,127,64,63,0,0,0,75,36,39,119,58,61,127,64,63,0,0,0,0,0,0
52930308,114,60,54,110,57,53,4,3,1,67,35,32,107,55,52,96,48,48,4,4,0,14,8,6
52930309,80,41,39,79,40,39,1,1,0,46,25,21,74,39,35,60,31,29,0,0,0,20,10,10
52930310,127,55,72,125,54,71,1,0,1,62,27,35,122,53,69,121,53,68,0,0,0,6,2,4
52930311,246,134,112,246,134,112,0,0,0,147,81,66,235,128,107,246,134,112,0,0,0,0,0,0
52930312,48,24,24,48,24,24,0,0,0,24,12,12,46,22,24,44,22,22,0,0,0,4,2,2
52930313,62,32,30,62,32,30,0,0,0,37,23,14,59,31,28,57,29,28,4,2,2,1,1,0
52930316,117,66,51,117,66,51,0,0,0,79,50,29,104,59,45,107,61,46,0,0,0,10,5,5
52930317,2136,942,1194,2105,923,1182,30,19,11,981,461,520,2022,889,1133,2069,927,1142,67,15,52,0,0,0
52930318,3091,1432,1659,3036,1402,1634,52,28,24,1523,748,775,2990,1392,1598,3090,1432,1658,1,0,1,0,0,0
52930319,1092,554,538,1038,516,522,51,36,15,448,229,219,1022,508,514,994,485,509,94,67,27,4,2,2
52930320,706,334,372,694,325,369,12,9,3,335,167,168,640,300,340,662,312,350,44,22,22,0,0,0
52930321,675,329,346,665,319,346,10,10,0,378,190,188,654,321,333,666,322,344,8,6,2,1,1,0
52930322,3400,1611,1789,3257,1525,1732,128,80,48,1458,715,743,3148,1485,1663,2948,1382,1566,230,74,156,222,155,67
52930323,232,126,106,214,119,95,14,5,9,87,51,36,222,122,100,224,122,102,8,4,4,0,0,0
52930325,1387,677,710,1383,674,709,1,1,0,720,380,340,1311,642,669,1387,677,710,0,0,0,0,0,0
52930326,2397,1190,1207,2364,1170,1194,32,20,12,1158,605,553,2264,1114,1150,2373,1174,1199,14,9,5,10,7,3
53256801,225,107,118,225,107,118,0,0,0,123,63,60,220,105,115,219,105,114,0,0,0,6,2,4
53074301,188,98,90,188,98,90,0,0,0,91,52,39,182,95,87,184,96,88,1,1,0,3,1,2
53074302,43,22,21,42,22,20,1,0,1,22,15,7,42,22,20,43,22,21,0,0,0,0,0,0
53238001,98,48,50,98,48,50,0,0,0,44,29,15,94,46,48,95,47,48,0,0,0,3,1,2
53209601,86,42,44,86,42,44,0,0,0,40,18,22,82,39,43,80,39,41,0,0,0,6,3,3
53292401,753,385,368,748,382,366,5,3,2,328,172,156,715,366,349,695,357,338,2,1,1,56,27,29
52945101,2223,1095,1128,2200,1081,1119,23,14,9,1080,571,509,2108,1042,1066,2161,1048,1113,0,0,0,62,47,15
52945103,152,75,77,152,75,77,0,0,0,77,38,39,148,72,76,149,73,76,0,0,0,3,2,1
52945104,61,36,25,61,36,25,0,0,0,36,23,13,61,36,25,61,36,25,0,0,0,0,0,0
52945105,21,9,12,21,9,12,0,0,0,12,4,8,20,9,11,19,8,11,0,0,0,2,1,1
52945106,154,80,74,154,80,74,0,0,0,79,41,38,144,73,71,152,79,73,0,0,0,2,1,1
52945107,390,199,191,387,198,189,3,1,2,191,104,87,353,179,174,386,197,189,0,0,0,4,2,2
52945110,224,112,112,222,111,111,2,1,1,137,74,63,219,110,109,219,109,110,0,0,0,5,3,2
52945111,352,184,168,340,176,164,11,8,3,164,88,76,321,166,155,333,170,163,10,7,3,9,7,2
52945112,68,35,33,63,35,28,5,0,5,28,21,7,64,33,31,65,33,32,0,0,0,3,2,1
52945113,70,40,30,66,39,27,4,1,3,32,23,9,67,39,28,70,40,30,0,0,0,0,0,0
52945114,69,33,36,69,33,36,0,0,0,32,17,15,61,28,33,65,31,34,0,0,0,4,2,2
52945115,82,42,40,79,40,39,3,2,1,39,22,17,76,39,37,80,41,39,0,0,0,2,1,1
52945116,240,116,124,240,116,124,0,0,0,134,73,61,233,114,119,238,115,123,0,0,0,2,1,1
52945117,78,34,44,76,34,42,2,0,2,32,18,14,73,34,39,77,34,43,0,0,0,1,0,1
52945118,77,36,41,77,36,41,0,0,0,56,28,28,76,36,40,65,31,34,0,0,0,12,5,7
52945119,24,12,12,23,12,11,1,0,1,14,8,6,24,12,12,24,12,12,0,0,0,0,0,0
52945121,38,22,16,38,22,16,0,0,0,21,10,11,38,22,16,37,21,16,0,0,0,1,1,0
52945122,34,16,18,34,16,18,0,0,0,14,7,7,33,16,17,33,16,17,0,0,0,1,0,1
52945123,110,55,55,110,55,55,0,0,0,59,28,31,104,52,52,98,47,51,0,0,0,12,8,4
52945124,21,14,7,21,14,7,0,0,0,9,8,1,17,11,6,10,7,3,0,0,0,11,7,4
52945128,40,21,19,40,21,19,0,0,0,19,10,9,40,21,19,40,21,19,0,0,0,0,0,0
53269001,147,75,72,147,75,72,0,0,0,78,42,36,141,74,67,143,73,70,0,0,0,4,2,2
53269002,22,12,10,22,12,10,0,0,0,10,5,5,19,11,8,17,9,8,0,0,0,5,3,2
52947801,70,35,35,70,35,35,0,0,0,37,17,20,60,31,29,70,35,35,0,0,0,0,0,0
52947802,31,15,16,31,15,16,0,0,0,17,7,10,31,15,16,31,15,16,0,0,0,0,0,0
52947803,28,15,13,28,15,13,0,0,0,12,9,3,27,14,13,28,15,13,0,0,0,0,0,0
52948601,949,463,486,945,459,486,4,4,0,536,285,251,907,441,466,937,456,481,9,4,5,3,3,0
52948602,26,12,14,26,12,14,0,0,0,8,3,5,24,12,12,25,12,13,0,0,0,1,0,1
52948604,46,24,22,46,24,22,0,0,0,29,16,13,43,22,21,46,24,22,0,0,0,0,0,0
52948605,46,28,18,46,28,18,0,0,0,19,15,4,43,26,17,46,28,18,0,0,0,0,0,0
52948607,113,55,58,113,55,58,0,0,0,69,33,36,105,51,54,113,55,58,0,0,0,0,0,0
52948608,24,14,10,24,14,10,0,0,0,17,12,5,24,14,10,24,14,10,0,0,0,0,0,0
52948609,50,24,26,49,23,26,1,1,0,27,13,14,47,22,25,50,24,26,0,0,0,0,0,0
52948612,103,50,53,103,50,53,0,0,0,56,29,27,96,47,49,103,50,53,0,0,0,0,0,0
52948613,27,16,11,27,16,11,0,0,0,18,11,7,25,14,11,27,16,11,0,0,0,0,0,0
52951601,247,130,117,233,119,114,13,10,3,80,50,30,221,116,105,163,81,82,11,9,2,73,40,33
52951602,2239,1110,1129,2191,1084,1107,42,23,19,915,495,420,2119,1052,1067,2167,1058,1109,30,24,6,42,28,14
52951603,508,257,251,505,254,251,3,3,0,184,90,94,473,236,237,437,225,212,0,0,0,71,32,39
52953201,221,116,105,221,116,105,0,0,0,103,57,46,217,113,104,210,108,102,10,7,3,1,1,0
52953202,70,32,38,69,31,38,1,1,0,28,9,19,69,32,37,66,30,36,0,0,0,4,2,2
52953203,59,28,31,59,28,31,0,0,0,38,14,24,54,27,27,59,28,31,0,0,0,0,0,0
52954101,43,20,23,41,19,22,2,1,1,10,5,5,40,18,22,37,18,19,0,0,0,6,2,4
52954102,23,13,10,23,13,10,0,0,0,6,4,2,22,12,10,5,3,2,0,0,0,18,10,8
52954104,103,50,53,101,49,52,2,1,1,33,14,19,100,48,52,94,43,51,1,1,0,8,6,2
52956701,586,289,297,580,284,296,5,5,0,150,78,72,558,274,284,460,229,231,4,2,2,122,58,64
52956702,259,119,140,255,118,137,3,1,2,73,34,39,236,104,132,167,82,85,22,5,17,70,32,38
53274601,59,31,28,59,31,28,0,0,0,31,18,13,59,31,28,55,30,25,0,0,0,4,1,3
52962101,87,39,48,86,39,47,0,0,0,48,21,27,81,36,45,74,33,41,0,0,0,13,6,7
52962102,1312,654,658,1298,647,651,11,7,4,515,282,233,1240,625,615,1230,612,618,39,12,27,43,30,13
52962103,27,13,14,27,13,14,0,0,0,4,2,2,26,12,14,26,12,14,0,0,0,1,1,0
52962104,76,40,36,75,39,36,1,1,0,43,26,17,76,40,36,72,38,34,0,0,0,4,2,2
52962105,61,29,32,59,27,32,1,1,0,23,12,11,61,29,32,60,28,32,0,0,0,1,1,0
52962106,70,39,31,61,31,30,9,8,1,28,18,10,57,30,27,61,34,27,0,0,0,9,5,4
52962107,50,26,24,50,26,24,0,0,0,12,6,6,49,26,23,42,23,19,0,0,0,8,3,5
52962108,42,24,18,41,23,18,1,1,0,11,5,6,39,21,18,30,17,13,0,0,0,12,7,5
0293430,0,0,0,0,0,0,0,0,0,0,0,0,0,0,0,0,0,0,0,0,0,0,0,0
52964801,603,297,306,591,292,299,8,3,5,244,133,111,580,287,293,589,289,300,1,1,0,13,7,6
52964802,91,47,44,91,47,44,0,0,0,54,31,23,88,45,43,85,44,41,0,0,0,6,3,3
52964803,81,46,35,81,46,35,0,0,0,48,29,19,75,42,33,80,45,35,1,1,0,0,0,0
52964804,23,12,11,23,12,11,0,0,0,7,4,3,22,11,11,19,9,10,0,0,0,4,3,1
52964805,59,27,32,54,24,30,5,3,2,33,18,15,55,25,30,53,23,30,3,2,1,3,2,1
53215101,105,53,52,105,53,52,0,0,0,40,24,16,94,50,44,105,53,52,0,0,0,0,0,0
53284301,59,35,24,59,35,24,0,0,0,32,24,8,57,34,23,59,35,24,0,0,0,0,0,0
52970201,104,52,52,104,52,52,0,0,0,57,31,26,96,48,48,92,45,47,7,5,2,5,2,3
52970202,33,15,18,33,15,18,0,0,0,27,14,13,33,15,18,33,15,18,0,0,0,0,0,0
52970203,319,156,163,319,156,163,0,0,0,163,79,84,304,150,154,313,152,161,0,0,0,6,4,2
52970206,88,49,39,88,49,39,0,0,0,48,28,20,86,48,38,88,49,39,0,0,0,0,0,0
52970208,26,18,8,25,17,8,0,0,0,8,5,3,19,13,6,24,17,7,0,0,0,2,1,1
52970209,43,25,18,43,25,18,0,0,0,21,16,5,42,24,18,43,25,18,0,0,0,0,0,0
52970210,93,46,47,93,46,47,0,0,0,50,26,24,92,46,46,92,45,47,0,0,0,1,1,0
52970213,23,10,13,20,8,12,3,2,1,7,1,6,22,10,12,22,9,13,0,0,0,1,1,0
53293201,28,18,10,28,18,10,0,0,0,12,7,5,25,15,10,28,18,10,0,0,0,0,0,0
52973701,249,123,126,249,123,126,0,0,0,105,52,53,237,116,121,241,118,123,0,0,0,8,5,3
52973702,24,13,11,24,13,11,0,0,0,12,8,4,24,13,11,14,9,5,0,0,0,10,4,6
52974501,361,185,176,357,184,173,4,1,3,135,79,56,335,170,165,341,174,167,0,0,0,20,11,9
53288601,220,115,105,218,114,104,2,1,1,93,50,43,207,111,96,217,114,103,2,0,2,1,1,0
53287801,46,27,19,46,27,19,0,0,0,20,12,8,41,24,17,46,27,19,0,0,0,0,0,0
53204501,128,65,63,127,65,62,1,0,1,47,25,22,121,61,60,124,62,62,0,0,0,4,3,1
53204502,140,73,67,136,69,67,4,4,0,52,29,23,132,69,63,110,57,53,26,14,12,4,2,2
53204503,162,80,82,162,80,82,0,0,0,37,17,20,146,72,74,160,80,80,0,0,0,2,0,2
52977001,118,62,56,118,62,56,0,0,0,60,37,23,118,62,56,118,62,56,0,0,0,0,0,0
52978801,152,82,70,152,82,70,0,0,0,89,64,25,152,82,70,150,81,69,0,0,0,2,1,1
52979601,780,396,384,760,385,375,12,5,7,279,146,133,712,358,354,625,314,311,4,3,1,151,79,72
52979602,83,45,38,82,44,38,1,1,0,27,15,12,78,42,36,51,27,24,0,0,0,32,18,14
52979603,94,50,44,91,47,44,3,3,0,30,15,15,82,44,38,89,47,42,5,3,2,0,0,0
52979604,47,23,24,47,23,24,0,0,0,20,12,8,44,21,23,42,20,22,0,0,0,5,3,2
52979605,93,45,48,93,45,48,0,0,0,42,18,24,86,41,45,76,34,42,0,0,0,17,11,6
52979606,72,34,38,72,34,38,0,0,0,35,20,15,69,33,36,66,31,35,2,1,1,4,2,2
52979607,119,63,56,118,62,56,1,1,0,33,18,15,105,56,49,109,57,52,0,0,0,10,6,4
52979608,50,28,22,50,28,22,0,0,0,25,13,12,44,24,20,50,28,22,0,0,0,0,0,0
53260601,68,38,30,68,38,30,0,0,0,39,24,15,67,38,29,67,38,29,0,0,0,1,0,1
52981801,459,227,232,449,218,231,10,9,1,199,105,94,423,207,216,442,216,226,7,7,0,10,4,6
52981802,47,19,28,46,19,27,1,0,1,16,7,9,45,19,26,47,19,28,0,0,0,0,0,0
52981803,92,52,40,92,52,40,0,0,0,34,23,11,82,46,36,78,43,35,0,0,0,14,9,5
52981804,27,11,16,27,11,16,0,0,0,7,6,1,26,11,15,25,11,14,0,0,0,2,0,2
53203701,45,23,22,45,23,22,0,0,0,15,9,6,43,21,22,45,23,22,0,0,0,0,0,0
53203702,159,81,78,159,81,78,0,0,0,67,32,35,145,74,71,156,81,75,0,0,0,3,0,3
53203703,40,20,20,39,20,19,1,0,1,16,8,8,39,20,19,38,19,19,0,0,0,2,1,1
52984201,56,29,27,56,29,27,0,0,0,27,15,12,54,27,27,56,29,27,0,0,0,0,0,0
52984203,478,201,277,476,200,276,2,1,1,200,96,104,435,183,252,409,182,227,62,12,50,7,7,0
52984204,52,24,28,52,24,28,0,0,0,21,9,12,45,19,26,44,20,24,0,0,0,8,4,4
52984205,30,18,12,30,18,12,0,0,0,10,8,2,29,17,12,30,18,12,0,0,0,0,0,0
52984206,74,37,37,73,37,36,1,0,1,42,26,16,71,36,35,74,37,37,0,0,0,0,0,0
52984207,25,14,11,25,14,11,0,0,0,9,5,4,25,14,11,24,13,11,0,0,0,1,1,0
52984208,39,23,16,39,23,16,0,0,0,18,11,7,39,23,16,37,22,15,0,0,0,2,1,1
52984209,179,87,92,179,87,92,0,0,0,52,36,16,173,85,88,113,56,57,65,31,34,1,0,1
52985101,110,58,52,110,58,52,0,0,0,64,39,25,107,56,51,107,56,51,0,0,0,3,2,1
53213401,70,34,36,70,34,36,0,0,0,40,22,18,69,34,35,66,32,34,0,0,0,4,2,2
53213402,57,31,26,57,31,26,0,0,0,29,16,13,52,28,24,57,31,26,0,0,0,0,0,0
53103101,37,20,17,37,20,17,0,0,0,16,12,4,36,20,16,37,20,17,0,0,0,0,0,0
53103103,122,63,59,122,63,59,0,0,0,53,38,15,113,59,54,110,56,54,0,0,0,12,7,5
52990701,165,87,78,164,86,78,0,0,0,83,49,34,157,82,75,162,85,77,0,0,0,3,2,1
52990702,22,13,9,22,13,9,0,0,0,12,10,2,19,10,9,22,13,9,0,0,0,0,0,0
53308401,276,142,134,271,139,132,5,3,2,101,54,47,262,136,126,256,130,126,15,9,6,5,3,2
52993101,89,38,51,89,38,51,0,0,0,49,22,27,88,37,51,76,34,42,0,0,0,13,4,9
52993102,407,206,201,398,200,198,9,6,3,206,108,98,386,196,190,393,201,192,5,2,3,9,3,6
52993103,28,12,16,28,12,16,0,0,0,19,11,8,27,12,15,28,12,16,0,0,0,0,0,0
52994001,59,27,32,58,26,32,0,0,0,27,15,12,53,24,29,47,20,27,0,0,0,12,7,5
52994002,309,157,152,302,154,148,7,3,4,114,58,56,281,144,137,305,154,151,0,0,0,4,3,1
52994003,25,12,13,25,12,13,0,0,0,11,5,6,25,12,13,23,11,12,0,0,0,2,1,1
52995801,828,418,410,826,417,409,2,1,1,307,172,135,781,397,384,740,371,369,0,0,0,88,47,41
52995802,143,70,73,141,69,72,0,0,0,44,25,19,136,66,70,136,67,69,5,1,4,2,2,0
52995803,60,36,24,60,36,24,0,0,0,25,16,9,55,33,22,60,36,24,0,0,0,0,0,0
52997401,209,119,90,207,117,90,0,0,0,63,37,26,192,112,80,160,86,74,0,0,0,49,33,16
52997402,94,47,47,94,47,47,0,0,0,40,20,20,92,46,46,89,44,45,0,0,0,5,3,2
52997403,138,67,71,138,67,71,0,0,0,43,20,23,130,63,67,94,44,50,0,0,0,44,23,21
52997404,88,40,48,88,40,48,0,0,0,31,12,19,76,36,40,42,17,25,0,0,0,46,23,23
52999101,104,52,52,103,51,52,1,1,0,57,32,25,96,48,48,104,52,52,0,0,0,0,0,0
52999102,43,20,23,43,20,23,0,0,0,19,8,11,41,19,22,42,20,22,0,0,0,1,0,1
52999103,73,35,38,73,35,38,0,0,0,30,14,16,59,29,30,63,30,33,0,0,0,10,5,5
52999104,234,117,117,234,117,117,0,0,0,129,70,59,229,116,113,229,113,116,0,0,0,5,4,1
52999105,73,35,38,73,35,38,0,0,0,36,17,19,69,33,36,71,34,37,0,0,0,2,1,1
52999106,33,14,19,33,14,19,0,0,0,22,11,11,32,14,18,33,14,19,0,0,0,0,0,0
52999108,105,54,51,105,54,51,0,0,0,52,31,21,102,52,50,100,51,49,0,0,0,5,3,2
52999109,33,6,27,29,6,23,4,0,4,0,0,0,33,6,27,6,4,2,16,1,15,11,1,10
52999110,31,18,13,31,18,13,0,0,0,7,4,3,29,17,12,12,6,6,1,1,0,18,11,7
52999112,98,47,51,98,47,51,0,0,0,48,25,23,92,43,49,87,42,45,0,0,0,11,5,6
52999114,35,17,18,35,17,18,0,0,0,25,13,12,34,16,18,35,17,18,0,0,0,0,0,0
0764141,0,0,0,0,0,0,0,0,0,0,0,0,0,0,0,0,0,0,0,0,0,0,0,0
53000001,396,206,190,395,206,189,1,0,1,191,110,81,376,195,181,389,202,187,0,0,0,7,4,3
53000002,38,16,22,37,15,22,0,0,0,21,9,12,32,13,19,32,15,17,0,0,0,6,1,5
53002601,90,49,41,90,49,41,0,0,0,55,36,19,88,47,41,89,48,41,0,0,0,1,1,0
53005101,411,206,205,407,205,202,4,1,3,153,80,73,374,190,184,408,205,203,0,0,0,3,1,2
53005102,25,15,10,25,15,10,0,0,0,3,1,2,25,15,10,4,3,1,0,0,0,21,12,9
53005103,28,15,13,28,15,13,0,0,0,4,4,0,24,13,11,28,15,13,0,0,0,0,0,0
53005104,378,194,184,375,192,183,3,2,1,164,92,72,357,182,175,345,175,170,7,6,1,26,13,13
53005105,28,16,12,28,16,12,0,0,0,11,7,4,23,14,9,25,14,11,0,0,0,3,2,1
53006901,229,116,113,221,109,112,7,6,1,98,48,50,199,99,100,208,101,107,0,0,0,21,15,6
53225801,72,37,35,72,37,35,0,0,0,24,13,11,69,36,33,70,36,34,0,0,0,2,1,1
53009301,117,65,52,117,65,52,0,0,0,74,42,32,114,63,51,117,65,52,0,0,0,0,0,0
53009302,164,81,83,163,81,82,1,0,1,88,51,37,159,79,80,162,80,82,0,0,0,2,1,1
53009303,75,34,41,75,34,41,0,0,0,40,21,19,74,34,40,71,33,38,0,0,0,4,1,3
53009304,23,11,12,23,11,12,0,0,0,14,7,7,22,11,11,23,11,12,0,0,0,0,0,0
53009305,61,29,32,59,28,31,1,1,0,31,13,18,60,28,32,61,29,32,0,0,0,0,0,0
53009306,35,18,17,34,17,17,1,1,0,22,14,8,32,17,15,35,18,17,0,0,0,0,0,0
53009307,98,47,51,98,47,51,0,0,0,53,28,25,97,47,50,95,45,50,0,0,0,3,2,1
53009308,22,13,9,22,13,9,0,0,0,12,10,2,22,13,9,20,12,8,0,0,0,2,1,1
53010701,43,21,22,43,21,22,0,0,0,23,11,12,39,19,20,39,18,21,0,0,0,4,3,1
53010702,585,288,297,583,287,296,2,1,1,289,151,138,554,270,284,580,284,296,0,0,0,5,4,1
53010704,26,11,15,26,11,15,0,0,0,11,5,6,24,11,13,26,11,15,0,0,0,0,0,0
53219301,248,135,113,245,133,112,3,2,1,93,62,31,237,130,107,210,110,100,0,0,0,38,25,13
53219302,233,117,116,233,117,116,0,0,0,55,24,31,221,110,111,170,83,87,0,0,0,63,34,29
1901282,0,0,0,0,0,0,0,0,0,0,0,0,0,0,0,0,0,0,0,0,0,0,0,0
53011501,289,139,150,289,139,150,0,0,0,130,74,56,275,134,141,271,131,140,0,0,0,18,8,10
53011502,49,22,27,49,22,27,0,0,0,29,14,15,47,22,25,49,22,27,0,0,0,0,0,0
53011504,46,25,21,46,25,21,0,0,0,25,16,9,45,25,20,45,25,20,0,0,0,1,0,1
53011505,37,21,16,36,20,16,1,1,0,14,6,8,35,19,16,36,20,16,0,0,0,1,1,0
53011506,30,12,18,30,12,18,0,0,0,12,6,6,27,12,15,27,10,17,0,0,0,3,2,1
53011507,38,19,19,38,19,19,0,0,0,21,16,5,38,19,19,38,19,19,0,0,0,0,0,0
53011508,39,22,17,39,22,17,0,0,0,22,15,7,37,21,16,39,22,17,0,0,0,0,0,0
53011509,25,12,13,25,12,13,0,0,0,12,3,9,23,10,13,23,10,13,0,0,0,2,2,0
53011510,58,30,28,58,30,28,0,0,0,27,13,14,54,27,27,56,29,27,0,0,0,2,1,1
53011512,86,49,37,86,49,37,0,0,0,50,35,15,84,49,35,76,45,31,0,0,0,10,4,6
53011517,21,8,13,21,8,13,0,0,0,12,5,7,20,8,12,21,8,13,0,0,0,0,0,0
53015801,35,15,20,35,15,20,0,0,0,20,9,11,35,15,20,35,15,20,0,0,0,0,0,0
53015802,211,114,97,211,114,97,0,0,0,115,70,45,197,105,92,199,107,92,0,0,0,12,7,5
53015803,99,50,49,98,49,49,0,0,0,61,34,27,94,48,46,97,49,48,0,0,0,2,1,1
53015804,24,14,10,24,14,10,0,0,0,9,5,4,21,12,9,20,12,8,0,0,0,4,2,2
53016601,31,16,15,31,16,15,0,0,0,13,9,4,29,15,14,31,16,15,0,0,0,0,0,0
53016602,621,310,311,612,302,310,9,8,1,300,147,153,586,290,296,600,292,308,7,6,1,14,12,2
53016604,67,29,38,67,29,38,0,0,0,29,14,15,59,26,33,66,28,38,0,0,0,1,1,0
53016606,27,14,13,27,14,13,0,0,0,17,8,9,23,13,10,27,14,13,0,0,0,0,0,0
53016607,41,21,20,41,21,20,0,0,0,25,13,12,40,20,20,40,20,20,0,0,0,1,1,0
53016610,69,36,33,69,36,33,0,0,0,38,22,16,67,36,31,69,36,33,0,0,0,0,0,0
53017401,202,108,94,200,107,93,0,0,0,80,48,32,194,105,89,197,107,90,0,0,0,5,1,4
53019101,211,112,99,210,112,98,0,0,0,110,67,43,203,108,95,208,111,97,0,0,0,3,1,2
53020401,70,37,33,70,37,33,0,0,0,21,10,11,65,36,29,9,5,4,0,0,0,61,32,29
53020402,705,350,355,700,348,352,3,1,2,312,165,147,656,326,330,661,323,338,0,0,0,44,27,17
53020404,132,66,66,131,65,66,1,1,0,56,28,28,122,61,61,124,61,63,0,0,0,8,5,3
1499690,0,0,0,0,0,0,0,0,0,0,0,0,0,0,0,0,0,0,0,0,0,0,0,0
53021201,76,37,39,75,36,39,0,0,0,33,19,14,72,36,36,61,31,30,0,0,0,15,6,9
53021202,52,25,27,51,25,26,1,0,1,29,13,16,50,25,25,49,24,25,0,0,0,3,1,2
53021203,74,41,33,74,41,33,0,0,0,37,23,14,69,39,30,74,41,33,0,0,0,0,0,0
53021204,686,350,336,681,348,333,5,2,3,321,171,150,639,328,311,671,340,331,0,0,0,15,10,5
53021205,36,21,15,36,21,15,0,0,0,19,13,6,35,20,15,35,20,15,0,0,0,1,1,0
53021206,22,13,9,22,13,9,0,0,0,11,7,4,21,12,9,22,13,9,0,0,0,0,0,0
53021207,37,21,16,37,21,16,0,0,0,16,11,5,33,19,14,25,13,12,0,0,0,12,8,4
53021208,35,17,18,35,17,18,0,0,0,21,12,9,35,17,18,33,16,17,0,0,0,2,1,1
53021209,33,17,16,33,17,16,0,0,0,16,7,9,32,16,16,32,16,16,0,0,0,1,1,0
53026301,248,122,126,248,122,126,0,0,0,78,43,35,233,113,120,172,80,92,4,2,2,72,40,32
53026302,543,265,278,537,261,276,5,3,2,207,110,97,502,247,255,473,229,244,3,3,0,67,33,34
53026303,22,10,12,22,10,12,0,0,0,4,2,2,20,9,11,5,2,3,0,0,0,17,8,9
53029801,61,31,30,61,31,30,0,0,0,24,13,11,57,29,28,57,29,28,0,0,0,4,2,2
53029802,29,16,13,29,16,13,0,0,0,9,5,4,29,16,13,21,12,9,0,0,0,8,4,4
53029803,997,490,507,987,485,502,10,5,5,425,211,214,945,465,480,974,476,498,0,0,0,23,14,9
53029804,24,9,15,24,9,15,0,0,0,14,6,8,24,9,15,23,9,14,0,0,0,1,0,1
53029805,35,21,14,34,20,14,1,1,0,7,5,2,30,19,11,28,16,12,5,4,1,2,1,1
53029806,26,14,12,26,14,12,0,0,0,8,4,4,22,12,10,21,11,10,0,0,0,5,3,2
53030101,37,19,18,37,19,18,0,0,0,20,11,9,36,19,17,35,18,17,0,0,0,2,1,1
53030102,30,13,17,30,13,17,0,0,0,18,7,11,24,10,14,30,13,17,0,0,0,0,0,0
53030103,33,20,13,33,20,13,0,0,0,12,8,4,31,19,12,33,20,13,0,0,0,0,0,0
53030104,25,12,13,25,12,13,0,0,0,15,10,5,22,11,11,22,12,10,0,0,0,3,0,3
53030105,27,17,10,27,17,10,0,0,0,14,9,5,24,16,8,27,17,10,0,0,0,0,0,0
53030106,81,42,39,81,42,39,0,0,0,44,25,19,78,40,38,81,42,39,0,0,0,0,0,0
53030107,42,21,21,42,21,21,0,0,0,24,15,9,40,20,20,40,19,21,0,0,0,2,2,0
53030108,192,105,87,191,105,86,0,0,0,82,49,33,165,91,74,162,82,80,0,0,0,30,23,7
53030109,46,20,26,46,20,26,0,0,0,25,9,16,45,20,25,46,20,26,0,0,0,0,0,0
53030116,20,11,9,20,11,9,0,0,0,8,6,2,19,10,9,20,11,9,0,0,0,0,0,0
1358101,0,0,0,0,0,0,0,0,0,0,0,0,0,0,0,0,0,0,0,0,0,0,0,0
53031001,25,13,12,25,13,12,0,0,0,12,6,6,21,12,9,23,12,11,0,0,0,2,1,1
53031002,91,42,49,91,42,49,0,0,0,54,28,26,90,42,48,88,40,48,0,0,0,3,2,1
53031003,50,30,20,50,30,20,0,0,0,27,18,9,48,29,19,49,29,20,0,0,0,1,1,0
53031004,68,34,34,68,34,34,0,0,0,36,22,14,60,32,28,62,32,30,0,0,0,6,2,4
53031005,152,85,67,150,84,66,2,1,1,64,39,25,144,80,64,112,63,49,0,0,0,40,22,18
53031006,77,37,40,77,37,40,0,0,0,23,9,14,72,34,38,63,30,33,0,0,0,14,7,7
53031007,52,28,24,52,28,24,0,0,0,31,20,11,47,27,20,51,28,23,0,0,0,1,0,1
53031008,24,11,13,24,11,13,0,0,0,13,7,6,23,11,12,24,11,13,0,0,0,0,0,0
53031009,112,59,53,112,59,53,0,0,0,49,27,22,104,53,51,86,46,40,0,0,0,26,13,13
53031010,45,19,26,45,19,26,0,0,0,23,13,10,42,19,23,45,19,26,0,0,0,0,0,0
53031011,28,12,16,28,12,16,0,0,0,11,4,7,26,11,15,28,12,16,0,0,0,0,0,0
53031012,39,18,21,39,18,21,0,0,0,14,6,8,37,17,20,39,18,21,0,0,0,0,0,0
53031013,54,23,31,53,23,30,1,0,1,23,13,10,50,22,28,54,23,31,0,0,0,0,0,0
53031015,1413,692,721,1406,687,719,7,5,2,678,354,324,1344,662,682,1378,665,713,3,2,1,32,25,7
53031016,233,155,78,233,155,78,0,0,0,29,17,12,224,150,74,60,30,30,173,125,48,0,0,0
53031018,61,28,33,61,28,33,0,0,0,29,18,11,53,27,26,61,28,33,0,0,0,0,0,0
53031019,37,18,19,37,18,19,0,0,0,18,10,8,37,18,19,29,14,15,0,0,0,8,4,4
53031020,28,11,17,28,11,17,0,0,0,18,6,12,28,11,17,28,11,17,0,0,0,0,0,0
53031021,114,64,50,114,64,50,0,0,0,51,34,17,108,61,47,107,60,47,0,0,0,7,4,3
1098861,0,0,0,0,0,0,0,0,0,0,0,0,0,0,0,0,0,0,0,0,0,0,0,0
53034402,118,59,59,118,59,59,0,0,0,68,40,28,112,56,56,118,59,59,0,0,0,0,0,0
53034403,60,28,32,60,28,32,0,0,0,35,17,18,49,21,28,59,27,32,0,0,0,1,1,0
53034404,756,383,373,741,375,366,14,7,7,361,189,172,708,362,346,733,368,365,5,1,4,18,14,4
53034406,55,27,28,55,27,28,0,0,0,30,22,8,54,27,27,53,26,27,0,0,0,2,1,1
53034407,46,25,21,46,25,21,0,0,0,19,10,9,43,23,20,46,25,21,0,0,0,0,0,0
53034408,120,65,55,118,65,53,2,0,2,56,33,23,101,54,47,120,65,55,0,0,0,0,0,0
53034409,49,28,21,49,28,21,0,0,0,30,17,13,48,28,20,46,26,20,3,2,1,0,0,0
53034410,162,85,77,162,85,77,0,0,0,68,37,31,139,71,68,154,79,75,1,1,0,7,5,2
59939501,56,30,26,55,30,25,1,0,1,22,14,8,52,28,24,47,26,21,0,0,0,9,4,5
53035202,45,24,21,44,24,20,0,0,0,26,13,13,43,22,21,38,20,18,0,0,0,7,4,3
53035203,348,158,190,343,154,189,4,3,1,151,77,74,311,147,164,290,146,144,48,7,41,10,5,5
53035204,73,36,37,73,36,37,0,0,0,33,17,16,66,34,32,62,30,32,0,0,0,11,6,5
53307601,243,122,121,241,121,120,2,1,1,111,65,46,234,116,118,241,120,121,0,0,0,2,2,0
53040901,230,114,116,230,114,116,0,0,0,131,68,63,223,111,112,220,108,112,0,0,0,10,6,4
53040902,20,13,7,20,13,7,0,0,0,8,8,0,17,11,6,20,13,7,0,0,0,0,0,0
53040903,42,19,23,41,18,23,1,1,0,19,4,15,40,18,22,35,15,20,0,0,0,7,4,3
53264902,73,36,37,73,36,37,0,0,0,29,15,14,69,35,34,57,28,29,0,0,0,16,8,8
53264903,152,74,78,152,74,78,0,0,0,61,30,31,148,72,76,141,67,74,0,0,0,11,7,4
53264904,49,25,24,49,25,24,0,0,0,19,11,8,49,25,24,44,23,21,0,0,0,5,2,3
53044101,110,53,57,108,51,57,1,1,0,36,20,16,102,50,52,48,22,26,0,0,0,62,31,31
53044102,58,30,28,57,29,28,1,1,0,7,2,5,55,29,26,1,1,0,4,2,2,53,27,26
53044103,1326,678,648,1301,662,639,20,14,6,497,278,219,1206,615,591,1289,656,633,1,1,0,36,21,15
53045001,52,26,26,51,25,26,1,1,0,23,12,11,51,25,26,52,26,26,0,0,0,0,0,0
53045002,48,26,22,48,26,22,0,0,0,33,20,13,48,26,22,45,24,21,0,0,0,3,2,1
53045003,101,50,51,101,50,51,0,0,0,41,25,16,91,46,45,100,49,51,1,1,0,0,0,0
53045005,49,21,28,49,21,28,0,0,0,28,14,14,45,18,27,49,21,28,0,0,0,0,0,0
53045006,126,65,61,125,64,61,1,1,0,46,23,23,119,62,57,119,62,57,0,0,0,7,3,4
53045007,25,14,11,24,14,10,1,0,1,10,8,2,24,14,10,25,14,11,0,0,0,0,0,0
53045008,86,48,38,86,48,38,0,0,0,35,25,10,79,43,36,86,48,38,0,0,0,0,0,0
53045009,82,35,47,79,34,45,3,1,2,26,13,13,76,31,45,53,23,30,0,0,0,29,12,17
53045011,120,62,58,120,62,58,0,0,0,40,21,19,107,53,54,114,58,56,0,0,0,6,4,2
53045012,76,42,34,69,38,31,5,2,3,29,18,11,70,39,31,73,40,33,0,0,0,3,2,1
53045013,648,333,315,637,325,312,10,7,3,285,169,116,615,315,300,631,321,310,0,0,0,17,12,5
53045014,21,10,11,21,10,11,0,0,0,11,3,8,20,9,11,21,10,11,0,0,0,0,0,0
53045016,27,15,12,25,13,12,0,0,0,7,4,3,23,12,11,25,14,11,0,0,0,2,1,1
53047601,42,23,19,42,23,19,0,0,0,20,13,7,40,22,18,40,23,17,0,0,0,2,0,2
53047602,98,45,53,92,41,51,5,4,1,52,25,27,93,44,49,90,40,50,2,1,1,6,4,2
53047604,42,22,20,42,22,20,0,0,0,25,13,12,39,21,18,41,22,19,0,0,0,1,0,1
53047605,346,183,163,346,183,163,0,0,0,176,105,71,333,177,156,332,173,159,0,0,0,14,10,4
53047606,40,22,18,40,22,18,0,0,0,30,16,14,39,21,18,40,22,18,0,0,0,0,0,0
3323300,0,0,0,0,0,0,0,0,0,0,0,0,0,0,0,0,0,0,0,0,0,0,0,0
53049201,31,15,16,31,15,16,0,0,0,8,4,4,24,12,12,25,13,12,4,1,3,2,1,1
53049202,36,18,18,36,18,18,0,0,0,5,2,3,32,15,17,16,8,8,1,0,1,19,10,9
53049203,295,147,148,288,142,146,7,5,2,156,78,78,281,140,141,285,140,145,0,0,0,10,7,3
53049205,67,31,36,67,31,36,0,0,0,18,9,9,53,25,28,30,13,17,0,0,0,37,18,19
53051401,129,70,59,128,69,59,0,0,0,54,33,21,120,64,56,129,70,59,0,0,0,0,0,0
53868001,106,51,55,106,51,55,0,0,0,51,31,20,101,47,54,91,45,46,0,0,0,15,6,9
53868002,56,30,26,55,29,26,0,0,0,21,11,10,56,30,26,41,22,19,0,0,0,15,8,7
53868003,102,50,52,102,50,52,0,0,0,33,16,17,95,45,50,95,46,49,0,0,0,7,4,3
53868004,1243,603,640,1227,596,631,14,6,8,457,233,224,1133,550,583,1089,534,555,100,36,64,54,33,21
53868005,380,195,185,376,191,185,4,4,0,142,83,59,360,183,177,358,183,175,0,0,0,22,12,10
53868006,409,200,209,405,198,207,4,2,2,141,70,71,383,190,193,409,200,209,0,0,0,0,0,0
53052201,64,34,30,64,34,30,0,0,0,26,14,12,61,33,28,60,31,29,0,0,0,4,3,1
53052202,46,22,24,46,22,24,0,0,0,9,3,6,42,19,23,30,14,16,1,1,0,15,7,8
53052203,62,31,31,62,31,31,0,0,0,18,10,8,59,30,29,29,15,14,13,8,5,20,8,12
53052204,50,21,29,50,21,29,0,0,0,16,7,9,47,21,26,49,21,28,0,0,0,1,0,1
53052205,40,18,22,40,18,22,0,0,0,11,5,6,35,15,20,28,12,16,0,0,0,12,6,6
53052206,58,30,28,58,30,28,0,0,0,16,7,9,57,29,28,21,10,11,0,0,0,37,20,17
53053102,38,21,17,38,21,17,0,0,0,16,10,6,28,17,11,22,13,9,0,0,0,16,8,8
53053103,366,181,185,366,181,185,0,0,0,183,99,84,345,173,172,360,179,181,0,0,0,6,2,4
53054901,161,79,82,161,79,82,0,0,0,95,55,40,156,78,78,159,77,82,0,0,0,2,2,0
53255001,212,111,101,209,109,100,3,2,1,95,57,38,201,103,98,210,110,100,0,0,0,2,1,1
53255002,49,24,25,48,23,25,1,1,0,16,9,7,47,23,24,49,24,25,0,0,0,0,0,0
53871001,60,29,31,60,29,31,0,0,0,13,7,6,60,29,31,60,29,31,0,0,0,0,0,0
53871002,184,93,91,183,92,91,1,1,0,58,30,28,171,86,85,111,57,54,0,0,0,73,36,37
53871003,88,44,44,87,43,44,1,1,0,34,16,18,73,37,36,80,39,41,0,0,0,8,5,3
53871004,44,19,25,44,19,25,0,0,0,15,6,9,34,13,21,42,17,25,0,0,0,2,2,0
53871005,36,16,20,35,16,19,1,0,1,13,4,9,30,13,17,24,11,13,0,0,0,12,5,7
53871006,89,46,43,88,45,43,1,1,0,26,15,11,72,38,34,55,27,28,10,5,5,24,14,10
53871007,36,17,19,34,16,18,2,1,1,9,4,5,33,16,17,33,16,17,0,0,0,3,1,2
53294101,226,121,105,225,120,105,1,1,0,115,73,42,221,118,103,225,120,105,0,0,0,1,1,0
53438201,102,52,50,99,50,49,2,2,0,49,28,21,100,51,49,82,42,40,2,1,1,18,9,9
53438202,762,374,388,760,372,388,2,2,0,392,204,188,742,367,375,754,369,385,3,2,1,5,3,2
53438203,80,38,42,80,38,42,0,0,0,23,10,13,67,33,34,59,29,30,0,0,0,21,9,12
53438204,32,16,16,32,16,16,0,0,0,6,3,3,29,14,15,0,0,0,0,0,0,32,16,16
53438205,27,16,11,27,16,11,0,0,0,8,5,3,23,14,9,25,15,10,0,0,0,2,1,1
53438206,2716,1360,1356,2675,1338,1337,34,19,15,1253,674,579,2590,1285,1305,2555,1263,1292,52,27,25,109,70,39
53223101,30,17,13,30,17,13,0,0,0,12,8,4,27,15,12,26,15,11,0,0,0,4,2,2
53061101,45,22,23,45,22,23,0,0,0,24,13,11,45,22,23,45,22,23,0,0,0,0,0,0
53061102,28,13,15,28,13,15,0,0,0,13,7,6,27,13,14,28,13,15,0,0,0,0,0,0
53061103,36,17,19,36,17,19,0,0,0,18,10,8,32,16,16,22,9,13,1,1,0,13,7,6
53061104,153,83,70,153,83,70,0,0,0,82,51,31,144,78,66,144,78,66,0,0,0,9,5,4
53243601,101,55,46,101,55,46,0,0,0,50,32,18,101,55,46,101,55,46,0,0,0,0,0,0
53063801,89,44,45,89,44,45,0,0,0,32,15,17,82,41,41,85,42,43,0,0,0,4,2,2
53063802,22,13,9,22,13,9,0,0,0,8,6,2,21,13,8,22,13,9,0,0,0,0,0,0
53063803,309,158,151,305,155,150,3,2,1,130,67,63,281,146,135,306,155,151,0,0,0,3,3,0
53063804,59,24,35,59,24,35,0,0,0,22,9,13,59,24,35,59,24,35,0,0,0,0,0,0
59938701,25,13,12,25,13,12,0,0,0,11,8,3,21,11,10,15,7,8,0,0,0,10,6,4
59938702,32,16,16,32,16,16,0,0,0,20,10,10,30,15,15,30,15,15,0,0,0,2,1,1
59938703,185,93,92,185,93,92,0,0,0,77,42,35,167,82,85,172,86,86,0,0,0,13,7,6
59937901,95,55,40,94,54,40,1,1,0,49,32,17,92,52,40,92,52,40,0,0,0,3,3,0
59937902,22,9,13,22,9,13,0,0,0,9,2,7,21,9,12,21,8,13,0,0,0,1,1,0
59936101,130,65,65,130,65,65,0,0,0,61,34,27,128,63,65,129,65,64,0,0,0,1,0,1
53068901,103,53,50,103,53,50,0,0,0,50,30,20,103,53,50,103,53,50,0,0,0,0,0,0
53068902,28,13,15,28,13,15,0,0,0,11,8,3,27,13,14,26,13,13,0,0,0,2,0,2
53068903,54,28,26,54,28,26,0,0,0,23,11,12,37,19,18,50,26,24,0,0,0,4,2,2
53068905,35,17,18,35,17,18,0,0,0,18,9,9,33,17,16,35,17,18,0,0,0,0,0,0
53068906,70,36,34,68,34,34,2,2,0,23,12,11,66,34,32,64,31,33,6,5,1,0,0,0
53068907,90,44,46,89,43,46,1,1,0,33,18,15,82,40,42,90,44,46,0,0,0,0,0,0
53068908,95,49,46,93,49,44,1,0,1,28,18,10,78,40,38,95,49,46,0,0,0,0,0,0
53068909,84,43,41,83,43,40,1,0,1,42,25,17,76,40,36,84,43,41,0,0,0,0,0,0
53068910,394,212,182,394,212,182,0,0,0,188,119,69,376,204,172,383,206,177,0,0,0,11,6,5
53070101,33,16,17,33,16,17,0,0,0,12,5,7,31,15,16,33,16,17,0,0,0,0,0,0
53070103,132,68,64,132,68,64,0,0,0,52,32,20,126,64,62,131,68,63,0,0,0,1,0,1
53070104,154,87,67,154,87,67,0,0,0,69,42,27,145,81,64,141,80,61,0,0,0,13,7,6
53071901,103,50,53,103,50,53,0,0,0,38,23,15,91,45,46,101,49,52,0,0,0,2,1,1
1624340,0,0,0,0,0,0,0,0,0,0,0,0,0,0,0,0,0,0,0,0,0,0,0,0
53250901,33,16,17,33,16,17,0,0,0,14,7,7,33,16,17,33,16,17,0,0,0,0,0,0
53250902,26,15,11,26,15,11,0,0,0,13,9,4,25,15,10,26,15,11,0,0,0,0,0,0
53075101,60,28,32,60,28,32,0,0,0,32,16,16,55,24,31,44,21,23,0,0,0,16,7,9
53075102,281,138,143,275,134,141,6,4,2,98,49,49,252,124,128,262,125,137,12,9,3,7,4,3
53076001,119,63,56,119,63,56,0,0,0,57,35,22,117,62,55,119,63,56,0,0,0,0,0,0
53076002,37,17,20,37,17,20,0,0,0,15,8,7,34,16,18,37,17,20,0,0,0,0,0,0
53076003,34,18,16,33,17,16,1,1,0,16,9,7,32,17,15,32,17,15,0,0,0,2,1,1
53076004,314,166,148,312,165,147,1,1,0,156,92,64,302,159,143,293,154,139,0,0,0,21,12,9
53077802,67,39,28,67,39,28,0,0,0,39,28,11,65,38,27,64,38,26,0,0,0,3,1,2
53077804,107,56,51,107,56,51,0,0,0,66,38,28,96,48,48,106,55,51,0,0,0,1,1,0
53077805,28,19,9,28,19,9,0,0,0,14,9,5,27,18,9,28,19,9,0,0,0,0,0,0
53259201,236,119,117,236,119,117,0,0,0,93,44,49,225,115,110,233,116,117,0,0,0,3,3,0
53254101,134,65,69,134,65,69,0,0,0,72,37,35,132,64,68,126,61,65,0,0,0,8,4,4
53081601,89,43,46,89,43,46,0,0,0,36,15,21,85,40,45,79,38,41,0,0,0,10,5,5
53081602,97,54,43,97,54,43,0,0,0,49,32,17,94,52,42,97,54,43,0,0,0,0,0,0
53081603,84,41,43,84,41,43,0,0,0,42,24,18,82,40,42,81,40,41,0,0,0,3,1,2
53081604,108,52,56,108,52,56,0,0,0,47,23,24,101,47,54,97,46,51,0,0,0,11,6,5
53081606,966,487,479,899,445,454,65,41,24,453,233,220,877,433,444,881,435,446,70,42,28,15,10,5
53230401,98,51,47,97,50,47,1,1,0,34,20,14,93,49,44,86,46,40,0,0,0,12,5,7
53084101,200,99,101,197,97,100,1,1,0,98,52,46,197,97,100,193,94,99,0,0,0,7,5,2
53084102,56,30,26,56,30,26,0,0,0,24,14,10,55,29,26,28,15,13,0,0,0,28,15,13
53084103,450,219,231,448,219,229,1,0,1,261,135,126,425,205,220,411,200,211,0,0,0,39,19,20
53084104,217,117,100,217,117,100,0,0,0,100,64,36,210,113,97,178,97,81,0,0,0,39,20,19
53084105,269,141,128,269,141,128,0,0,0,96,57,39,244,128,116,213,112,101,0,0,0,56,29,27
53084106,335,174,161,331,172,159,3,2,1,125,74,51,317,166,151,335,174,161,0,0,0,0,0,0
53084107,541,267,274,539,266,273,2,1,1,276,137,139,511,252,259,494,244,250,0,0,0,47,23,24
53084108,444,221,223,440,219,221,3,2,1,149,79,70,412,204,208,438,219,219,4,1,3,2,1,1
53084109,2920,1411,1509,2897,1396,1501,17,12,5,1394,720,674,2786,1344,1442,2799,1338,1461,42,14,28,79,59,20
53084110,305,153,152,304,152,152,0,0,0,177,98,79,287,146,141,286,144,142,0,0,0,19,9,10
53206101,420,207,213,418,206,212,1,1,0,196,96,100,404,197,207,414,203,211,0,0,0,6,4,2
53206102,111,55,56,110,55,55,1,0,1,34,17,17,106,52,54,111,55,56,0,0,0,0,0,0
53206103,86,46,40,86,46,40,0,0,0,36,19,17,76,39,37,86,46,40,0,0,0,0,0,0
1781012,0,0,0,0,0,0,0,0,0,0,0,0,0,0,0,0,0,0,0,0,0,0,0,0
53086701,113,60,53,113,60,53,0,0,0,72,41,31,99,53,46,112,60,52,0,0,0,1,0,1
53086703,192,101,91,191,100,91,1,1,0,101,61,40,185,97,88,183,96,87,0,0,0,9,5,4
53086705,24,14,10,23,13,10,0,0,0,14,9,5,21,12,9,22,13,9,0,0,0,2,1,1
1834910,0,0,0,0,0,0,0,0,0,0,0,0,0,0,0,0,0,0,0,0,0,0,0,0
3070090,0,0,0,0,0,0,0,0,0,0,0,0,0,0,0,0,0,0,0,0,0,0,0,0
3340490,0,0,0,0,0,0,0,0,0,0,0,0,0,0,0,0,0,0,0,0,0,0,0,0
53088301,268,132,136,268,132,136,0,0,0,175,95,80,259,125,134,267,131,136,0,0,0,1,1,0
53088302,140,70,70,138,69,69,2,1,1,86,49,37,136,67,69,140,70,70,0,0,0,0,0,0
53088303,26,14,12,26,14,12,0,0,0,15,9,6,26,14,12,26,14,12,0,0,0,0,0,0
53088304,592,295,297,592,295,297,0,0,0,393,202,191,571,280,291,590,294,296,0,0,0,2,1,1
53088306,57,31,26,57,31,26,0,0,0,38,22,16,55,30,25,56,30,26,0,0,0,1,1,0
53088308,103,59,44,103,59,44,0,0,0,72,47,25,96,55,41,102,58,44,0,0,0,1,1,0
53088309,60,31,29,60,31,29,0,0,0,32,18,14,58,30,28,60,31,29,0,0,0,0,0,0
53088310,20,10,10,20,10,10,0,0,0,14,8,6,20,10,10,18,9,9,0,0,0,2,1,1
53088311,28,17,11,28,17,11,0,0,0,16,10,6,28,17,11,24,15,9,0,0,0,4,2,2
53088312,425,211,214,424,211,213,1,0,1,246,137,109,383,192,191,390,195,195,35,16,19,0,0,0
53088313,179,91,88,177,90,87,2,1,1,101,55,46,173,87,86,179,91,88,0,0,0,0,0,0
53088315,1174,520,654,1157,511,646,14,8,6,658,308,350,1115,493,622,1174,520,654,0,0,0,0,0,0
53088316,1911,864,1047,1880,842,1038,27,19,8,922,447,475,1784,796,988,1807,830,977,103,33,70,1,1,0
53088317,2769,1333,1436,2712,1293,1419,44,30,14,1422,726,696,2637,1277,1360,2527,1168,1359,93,54,39,149,111,38
53088318,48,28,20,48,28,20,0,0,0,33,20,13,45,26,19,48,28,20,0,0,0,0,0,0
53088321,921,465,456,908,463,445,13,2,11,575,308,267,883,447,436,920,465,455,0,0,0,1,0,1
53088323,2563,1256,1307,2551,1251,1300,11,4,7,1563,820,743,2494,1219,1275,2558,1253,1305,5,3,2,0,0,0
53261401,108,59,49,108,59,49,0,0,0,60,35,25,102,57,45,100,53,47,0,0,0,8,6,2
53089101,60,33,27,60,33,27,0,0,0,33,21,12,58,31,27,60,33,27,0,0,0,0,0,0
53089103,53,24,29,53,24,29,0,0,0,36,18,18,52,24,28,53,24,29,0,0,0,0,0,0
53089104,33,17,16,33,17,16,0,0,0,12,9,3,30,17,13,33,17,16,0,0,0,0,0,0
53089105,40,23,17,40,23,17,0,0,0,17,11,6,35,20,15,40,23,17,0,0,0,0,0,0
53089106,334,147,187,334,147,187,0,0,0,117,66,51,282,130,152,219,110,109,103,32,71,12,5,7
53089107,32,13,19,32,13,19,0,0,0,15,8,7,29,11,18,32,13,19,0,0,0,0,0,0
0152702,0,0,0,0,0,0,0,0,0,0,0,0,0,0,0,0,0,0,0,0,0,0,0,0
53090501,101,45,56,101,45,56,0,0,0,70,28,42,101,45,56,99,44,55,0,0,0,2,1,1
53090503,43,22,21,43,22,21,0,0,0,22,13,9,43,22,21,39,20,19,0,0,0,4,2,2
53090504,34,15,19,33,14,19,1,1,0,11,6,5,30,14,16,27,13,14,0,0,0,7,2,5
53090505,36,19,17,36,19,17,0,0,0,21,14,7,36,19,17,36,19,17,0,0,0,0,0,0
53090506,60,32,28,60,32,28,0,0,0,29,19,10,53,28,25,56,30,26,0,0,0,4,2,2
53090508,78,40,38,78,40,38,0,0,0,29,13,16,78,40,38,78,40,38,0,0,0,0,0,0
53090509,41,19,22,36,18,18,2,0,2,25,11,14,38,19,19,41,19,22,0,0,0,0,0,0
53090510,24,11,13,24,11,13,0,0,0,5,1,4,23,11,12,21,10,11,3,1,2,0,0,0
53090511,62,32,30,61,32,29,1,0,1,42,26,16,59,30,29,62,32,30,0,0,0,0,0,0
53090512,49,23,26,49,23,26,0,0,0,24,14,10,49,23,26,49,23,26,0,0,0,0,0,0
53090514,40,21,19,40,21,19,0,0,0,25,13,12,39,21,18,35,19,16,0,0,0,5,2,3
53090515,24,12,12,24,12,12,0,0,0,15,7,8,24,12,12,24,12,12,0,0,0,0,0,0
53090516,82,42,40,82,42,40,0,0,0,50,28,22,80,41,39,80,41,39,0,0,0,2,1,1
53090518,29,13,16,29,13,16,0,0,0,9,4,5,29,13,16,29,13,16,0,0,0,0,0,0
53090521,57,30,27,55,30,25,2,0,2,26,15,11,52,27,25,42,22,20,2,0,2,13,8,5
53090523,307,149,158,305,149,156,2,0,2,152,85,67,297,147,150,304,148,156,0,0,0,3,1,2
53090524,2321,1121,1200,2295,1109,1186,25,12,13,1153,618,535,2228,1075,1153,2317,1119,1198,4,2,2,0,0,0
53090525,477,232,245,468,228,240,8,4,4,253,141,112,450,216,234,476,231,245,1,1,0,0,0,0
53090526,459,242,217,451,238,213,8,4,4,208,118,90,443,235,208,412,212,200,0,0,0,47,30,17
53090527,47,19,28,45,19,26,2,0,2,23,6,17,37,14,23,47,19,28,0,0,0,0,0,0
53091301,108,61,47,108,61,47,0,0,0,61,43,18,105,59,46,108,61,47,0,0,0,0,0,0
53091302,284,145,139,282,145,137,2,0,2,172,95,77,271,138,133,282,143,139,0,0,0,2,2,0
1853533,0,0,0,0,0,0,0,0,0,0,0,0,0,0,0,0,0,0,0,0,0,0,0,0
53092101,83,46,37,83,46,37,0,0,0,32,21,11,72,41,31,75,42,33,0,0,0,8,4,4
53092102,94,45,49,93,44,49,1,1,0,34,18,16,84,40,44,73,35,38,0,0,0,21,10,11
53092103,165,73,92,165,73,92,0,0,0,49,30,19,154,68,86,160,71,89,0,0,0,5,2,3
53092104,107,58,49,107,58,49,0,0,0,39,26,13,96,52,44,103,56,47,0,0,0,4,2,2
1864653,0,0,0,0,0,0,0,0,0,0,0,0,0,0,0,0,0,0,0,0,0,0,0,0
53094801,27,15,12,27,15,12,0,0,0,12,8,4,23,12,11,21,13,8,0,0,0,6,2,4
53094802,51,27,24,51,27,24,0,0,0,20,11,9,43,22,21,51,27,24,0,0,0,0,0,0
53094803,42,22,20,41,21,20,1,1,0,19,9,10,37,19,18,34,18,16,5,2,3,3,2,1
53094806,32,15,17,32,15,17,0,0,0,14,8,6,32,15,17,32,15,17,0,0,0,0,0,0
53094807,24,12,12,24,12,12,0,0,0,8,5,3,24,12,12,24,12,12,0,0,0,0,0,0
53094808,51,26,25,51,26,25,0,0,0,31,15,16,50,25,25,51,26,25,0,0,0,0,0,0
53094809,799,404,395,795,402,393,4,2,2,401,212,189,760,383,377,782,392,390,6,5,1,11,7,4
53226601,110,53,57,110,53,57,0,0,0,43,21,22,105,50,55,105,49,56,0,0,0,5,4,1
51348201,70,35,35,69,35,34,1,0,1,35,23,12,65,33,32,68,34,34,0,0,0,2,1,1
51348202,115,56,59,115,56,59,0,0,0,52,31,21,109,55,54,104,49,55,0,0,0,11,7,4
57141501,54,30,24,54,30,24,0,0,0,29,19,10,54,30,24,52,30,22,0,0,0,2,0,2
53102201,514,252,262,512,250,262,2,2,0,265,150,115,493,244,249,505,246,259,1,1,0,8,5,3
0834452,0,0,0,0,0,0,0,0,0,0,0,0,0,0,0,0,0,0,0,0,0,0,0,0
53104901,27,12,15,27,12,15,0,0,0,13,8,5,21,9,12,25,11,14,0,0,0,2,1,1
53104902,20,8,12,20,8,12,0,0,0,6,2,4,19,7,12,17,7,10,0,0,0,3,1,2
53104903,82,40,42,82,40,42,0,0,0,35,18,17,75,38,37,80,39,41,0,0,0,2,1,1
53104904,91,51,40,90,50,40,0,0,0,20,10,10,88,49,39,50,27,23,41,24,17,0,0,0
53104906,37,22,15,37,22,15,0,0,0,15,10,5,31,17,14,28,16,12,0,0,0,9,6,3
53104908,148,74,74,148,74,74,0,0,0,72,45,27,139,70,69,137,67,70,0,0,0,11,7,4
0012105,0,0,0,0,0,0,0,0,0,0,0,0,0,0,0,0,0,0,0,0,0,0,0,0
53442101,228,113,115,227,112,115,1,1,0,115,61,54,208,103,105,224,110,114,0,0,0,4,3,1
53442102,29,15,14,29,15,14,0,0,0,5,4,1,22,12,10,29,15,14,0,0,0,0,0,0
53442103,46,23,23,43,21,22,3,2,1,15,8,7,44,21,23,46,23,23,0,0,0,0,0,0
53442104,96,48,48,92,47,45,4,1,3,26,12,14,89,46,43,96,48,48,0,0,0,0,0,0
3209190,0,0,0,0,0,0,0,0,0,0,0,0,0,0,0,0,0,0,0,0,0,0,0,0
53105701,921,520,401,874,493,381,43,23,20,410,234,176,847,479,368,597,291,306,1,0,1,323,229,94
53105702,238,116,122,237,115,122,1,1,0,140,70,70,234,114,120,238,116,122,0,0,0,0,0,0
53105703,324,155,169,321,154,167,3,1,2,141,65,76,309,148,161,279,129,150,0,0,0,45,26,19
53105704,122,61,61,122,61,61,0,0,0,47,25,22,115,57,58,119,60,59,0,0,0,3,1,2
53105705,1236,563,673,1224,557,667,8,5,3,630,308,322,1192,544,648,1141,539,602,82,17,65,13,7,6
53105706,77,38,39,74,35,39,2,2,0,30,10,20,74,35,39,66,30,36,1,1,0,10,7,3
53105707,957,451,506,936,438,498,17,11,6,353,170,183,897,419,478,957,451,506,0,0,0,0,0,0
53105708,34,16,18,34,16,18,0,0,0,20,8,12,33,16,17,23,10,13,0,0,0,11,6,5
53105709,493,228,265,474,219,255,16,6,10,139,66,73,262,119,143,445,211,234,48,17,31,0,0,0
53105710,329,174,155,265,128,137,55,41,14,96,50,46,259,131,128,269,128,141,60,46,14,0,0,0
53105711,70,36,34,64,33,31,6,3,3,19,8,11,63,32,31,69,35,34,0,0,0,1,1,0
53105712,206,103,103,200,99,101,6,4,2,86,44,42,190,92,98,203,103,100,0,0,0,3,0,3
53105713,710,351,359,681,333,348,28,17,11,239,126,113,619,306,313,708,350,358,0,0,0,2,1,1
53105714,3424,1616,1808,3296,1539,1757,119,72,47,1383,677,706,3195,1499,1696,3339,1584,1755,84,32,52,1,0,1
53105715,2532,1177,1355,2437,1124,1313,84,47,37,1107,539,568,2375,1100,1275,2485,1157,1328,46,19,27,1,1,0
53105716,1203,558,645,1160,539,621,39,19,20,518,257,261,1126,522,604,1203,558,645,0,0,0,0,0,0
53105717,1967,937,1030,1899,896,1003,60,38,22,784,378,406,1834,867,967,1943,920,1023,21,15,6,3,2,1
53105718,2160,1054,1106,2094,1019,1075,55,29,26,1224,634,590,2051,998,1053,2155,1052,1103,2,2,0,3,0,3
53105719,66,35,31,66,35,31,0,0,0,30,17,13,64,34,30,58,30,28,0,0,0,8,5,3
53105720,68,38,30,65,36,29,3,2,1,34,21,13,62,35,27,55,32,23,0,0,0,13,6,7
53105722,124,64,60,109,55,54,11,7,4,17,10,7,91,45,46,122,62,60,2,2,0,0,0,0
53105723,87,38,49,29,12,17,58,26,32,22,7,15,64,29,35,25,9,16,60,28,32,2,1,1
53105724,1097,529,568,1091,528,563,5,1,4,579,297,282,1039,501,538,1077,517,560,8,5,3,12,7,5
53105726,1394,674,720,1358,654,704,31,16,15,746,399,347,1289,631,658,1380,665,715,10,7,3,4,2,2
53105727,712,344,368,681,326,355,23,14,9,345,166,179,667,319,348,685,326,359,22,15,7,5,3,2
53107301,331,161,170,322,155,167,9,6,3,146,75,71,312,151,161,316,150,166,5,3,2,10,8,2
53108101,902,444,458,900,442,458,1,1,0,450,236,214,865,420,445,893,439,454,0,0,0,9,5,4
53108102,75,36,39,75,36,39,0,0,0,32,18,14,70,35,35,58,29,29,0,0,0,17,7,10
53109001,338,161,177,337,161,176,1,0,1,133,69,64,316,149,167,301,143,158,1,1,0,36,17,19
53110301,628,315,313,612,307,305,7,5,2,187,101,86,595,299,296,608,302,306,0,0,0,20,13,7
53414501,239,113,126,231,110,121,6,3,3,103,52,51,227,108,119,238,112,126,0,0,0,1,1,0
53112001,439,226,213,438,225,213,1,1,0,189,108,81,406,208,198,429,219,210,0,0,0,10,7,3
53113801,897,450,447,879,434,445,17,15,2,405,209,196,848,419,429,879,434,445,14,12,2,4,4,0
53113802,256,121,135,256,121,135,0,0,0,117,55,62,247,115,132,256,121,135,0,0,0,0,0,0
53115401,773,377,396,768,373,395,4,3,1,390,207,183,740,359,381,768,372,396,0,0,0,5,5,0
3303020,0,0,0,0,0,0,0,0,0,0,0,0,0,0,0,0,0,0,0,0,0,0,0,0
53116201,274,152,122,273,151,122,1,1,0,122,65,57,259,146,113,272,150,122,0,0,0,2,2,0
53117101,929,441,488,918,436,482,10,5,5,286,134,152,850,409,441,768,360,408,3,1,2,158,80,78
53117102,363,180,183,359,177,182,2,2,0,103,53,50,347,172,175,304,150,154,0,0,0,59,30,29
0454110,0,0,0,0,0,0,0,0,0,0,0,0,0,0,0,0,0,0,0,0,0,0,0,0
0454380,0,0,0,0,0,0,0,0,0,0,0,0,0,0,0,0,0,0,0,0,0,0,0,0
53118901,1023,524,499,965,493,472,50,28,22,430,241,189,940,475,465,937,455,482,5,5,0,81,64,17
53118902,645,341,304,577,300,277,61,37,24,279,158,121,575,303,272,614,326,288,31,15,16,0,0,0
53118903,157,82,75,152,80,72,5,2,3,68,34,34,143,73,70,157,82,75,0,0,0,0,0,0
53118904,36,14,22,36,14,22,0,0,0,19,10,9,33,13,20,36,14,22,0,0,0,0,0,0
53118905,1240,589,651,1223,580,643,14,7,7,574,297,277,1195,569,626,1159,566,593,80,22,58,1,1,0
53118906,1253,590,663,1192,553,639,57,36,21,497,246,251,1141,530,611,1252,589,663,0,0,0,1,1,0
53118907,88,44,44,86,43,43,2,1,1,43,24,19,82,40,42,88,44,44,0,0,0,0,0,0
53118908,245,133,112,198,100,98,43,30,13,91,38,53,225,121,104,192,93,99,50,38,12,3,2,1
53118909,723,342,381,706,333,373,16,8,8,405,193,212,697,328,369,723,342,381,0,0,0,0,0,0
53118910,1425,661,764,1347,620,727,74,37,37,502,255,247,1316,608,708,1425,661,764,0,0,0,0,0,0
53120101,144,79,65,142,78,64,2,1,1,58,34,24,137,74,63,143,79,64,0,0,0,1,0,1
53120102,1426,723,703,1373,688,685,50,32,18,626,319,307,1329,674,655,1378,689,689,18,12,6,30,22,8
53120103,79,28,51,79,28,51,0,0,0,8,3,5,59,20,39,12,7,5,65,19,46,2,2,0
53120104,43,20,23,43,20,23,0,0,0,24,12,12,43,20,23,43,20,23,0,0,0,0,0,0
53120105,175,90,85,171,86,85,4,4,0,65,37,28,151,77,74,175,90,85,0,0,0,0,0,0
53121901,401,213,188,400,213,187,0,0,0,189,101,88,383,202,181,374,198,176,1,0,1,26,15,11
53122702,31,19,12,30,18,12,1,1,0,5,3,2,23,15,8,31,19,12,0,0,0,0,0,0
53122703,1207,599,608,1200,594,606,6,5,1,646,344,302,1151,568,583,1187,587,600,1,1,0,19,11,8
3303290,0,0,0,0,0,0,0,0,0,0,0,0,0,0,0,0,0,0,0,0,0,0,0,0
53123501,198,105,93,198,105,93,0,0,0,85,53,32,188,99,89,193,103,90,0,0,0,5,2,3
53123502,59,32,27,59,32,27,0,0,0,24,17,7,57,31,26,57,32,25,0,0,0,2,0,2
53124301,2096,1040,1056,2064,1023,1041,22,13,9,757,388,369,1942,958,984,2007,989,1018,0,0,0,89,51,38
3303370,0,0,0,0,0,0,0,0,0,0,0,0,0,0,0,0,0,0,0,0,0,0,0,0
53125101,150,82,68,149,81,68,1,1,0,54,30,24,143,79,64,143,79,64,0,0,0,7,3,4
53125102,65,31,34,64,30,34,1,1,0,28,18,10,63,30,33,65,31,34,0,0,0,0,0,0
53125103,236,120,116,234,119,115,2,1,1,103,52,51,228,115,113,212,105,107,13,9,4,11,6,5
53125104,77,38,39,77,38,39,0,0,0,30,13,17,69,33,36,76,37,39,0,0,0,1,1,0
53445501,230,115,115,225,111,114,4,3,1,103,54,49,221,111,110,227,113,114,0,0,0,3,2,1
53444701,693,362,331,674,351,323,15,10,5,275,155,120,645,334,311,666,343,323,1,1,0,26,18,8
53367001,1074,548,526,1039,525,514,29,20,9,339,177,162,983,501,482,1039,530,509,3,3,0,32,15,17
53129401,1153,569,584,1143,563,580,8,6,2,598,307,291,1086,536,550,1122,548,574,6,3,3,25,18,7
53129402,147,80,67,146,79,67,1,1,0,39,22,17,133,72,61,11,6,5,7,2,5,129,72,57
53129403,73,42,31,73,42,31,0,0,0,21,11,10,63,36,27,72,41,31,0,0,0,1,1,0
53129404,130,62,68,129,61,68,1,1,0,64,31,33,124,57,67,130,62,68,0,0,0,0,0,0
53129405,22,11,11,22,11,11,0,0,0,11,5,6,22,11,11,18,9,9,0,0,0,4,2,2
53129406,322,153,169,321,152,169,1,1,0,132,66,66,303,145,158,261,125,136,0,0,0,61,28,33
53129407,75,35,40,72,34,38,3,1,2,27,14,13,66,32,34,71,34,37,0,0,0,4,1,3
53130801,207,105,102,201,103,98,4,2,2,93,52,41,193,96,97,207,105,102,0,0,0,0,0,0
53131601,102,46,56,101,46,55,1,0,1,43,21,22,97,44,53,101,45,56,1,1,0,0,0,0
53131602,278,151,127,276,150,126,2,1,1,112,66,46,262,144,118,258,134,124,0,0,0,20,17,3
53131603,391,192,199,388,192,196,3,0,3,179,92,87,376,183,193,380,186,194,3,1,2,8,5,3
53131604,100,49,51,100,49,51,0,0,0,37,18,19,88,42,46,99,49,50,0,0,0,1,0,1
53132401,23,12,11,23,12,11,0,0,0,11,5,6,23,12,11,23,12,11,0,0,0,0,0,0
53132402,109,52,57,109,52,57,0,0,0,46,20,26,104,50,54,109,52,57,0,0,0,0,0,0
53132403,2214,1115,1099,2131,1052,1079,71,51,20,1004,525,479,2095,1052,1043,2168,1073,1095,19,19,0,27,23,4
53133201,39,19,20,38,19,19,1,0,1,14,8,6,37,18,19,39,19,20,0,0,0,0,0,0
53133202,205,117,88,203,116,87,1,1,0,77,51,26,192,109,83,199,113,86,0,0,0,6,4,2
53379301,128,58,70,128,58,70,0,0,0,68,38,30,125,57,68,124,56,68,0,0,0,4,2,2
53407201,120,65,55,120,65,55,0,0,0,58,37,21,115,62,53,119,64,55,0,0,0,1,1,0
53407202,174,89,85,170,87,83,2,1,1,70,42,28,162,82,80,174,89,85,0,0,0,0,0,0
0730590,0,0,0,0,0,0,0,0,0,0,0,0,0,0,0,0,0,0,0,0,0,0,0,0
53320301,213,118,95,205,112,93,8,6,2,88,51,37,200,111,89,212,117,95,0,0,0,1,1,0
53320302,143,71,72,140,68,72,2,2,0,60,31,29,137,69,68,143,71,72,0,0,0,0,0,0
53320304,582,290,292,580,289,291,2,1,1,249,137,112,557,277,280,582,290,292,0,0,0,0,0,0
53320305,63,31,32,63,31,32,0,0,0,15,7,8,55,28,27,63,31,32,0,0,0,0,0,0
53320307,1375,672,703,1349,658,691,25,14,11,596,306,290,1303,639,664,1368,667,701,1,1,0,6,4,2
53320309,451,221,230,443,217,226,8,4,4,127,70,57,435,215,220,435,212,223,13,7,6,3,2,1
53320310,620,318,302,611,314,297,7,4,3,186,101,85,571,293,278,610,314,296,0,0,0,10,4,6
53320311,1429,707,722,1387,682,705,38,22,16,396,197,199,1269,620,649,1427,706,721,0,0,0,2,1,1
53320312,774,373,401,770,370,400,1,1,0,270,143,127,740,357,383,774,373,401,0,0,0,0,0,0
53320313,138,86,52,51,25,26,87,61,26,11,3,8,94,55,39,22,7,15,116,79,37,0,0,0
53320314,1279,611,668,1259,601,658,16,8,8,468,238,230,1223,584,639,1279,611,668,0,0,0,0,0,0
53320315,791,411,380,778,405,373,12,5,7,327,167,160,749,392,357,658,320,338,0,0,0,133,91,42
53320316,1260,631,629,1221,613,608,34,16,18,303,138,165,1156,583,573,1260,631,629,0,0,0,0,0,0
53320317,791,367,424,780,359,421,8,5,3,294,148,146,737,340,397,791,367,424,0,0,0,0,0,0
53320319,95,52,43,91,49,42,4,3,1,21,9,12,83,45,38,95,52,43,0,0,0,0,0,0
53137501,444,219,225,444,219,225,0,0,0,203,98,105,421,207,214,436,212,224,0,0,0,8,7,1
53137502,188,93,95,187,92,95,1,1,0,96,42,54,182,88,94,186,92,94,0,0,0,2,1,1
53393902,78,48,30,78,48,30,0,0,0,35,22,13,76,46,30,75,45,30,0,0,0,3,3,0
53393903,28,13,15,27,12,15,1,1,0,10,3,7,28,13,15,27,12,15,0,0,0,1,1,0
53333501,363,184,179,363,184,179,0,0,0,193,102,91,348,178,170,357,180,177,0,0,0,6,4,2
53144801,576,291,285,549,268,281,26,22,4,244,129,115,528,263,265,565,283,282,0,0,0,11,8,3
53144802,63,31,32,61,29,32,2,2,0,26,12,14,57,27,30,63,31,32,0,0,0,0,0,0
53145601,183,94,89,181,93,88,2,1,1,72,40,32,174,90,84,168,85,83,1,1,0,14,8,6
53145602,28,16,12,28,16,12,0,0,0,15,10,5,28,16,12,28,16,12,0,0,0,0,0,0
53145603,108,60,48,108,60,48,0,0,0,58,33,25,104,58,46,107,59,48,0,0,0,1,1,0
53145604,928,456,472,912,443,469,14,11,3,406,200,206,866,424,442,899,436,463,0,0,0,29,20,9
53146401,1676,851,825,1536,775,761,133,73,60,664,354,310,1555,788,767,1556,778,778,43,25,18,77,48,29
53146402,308,144,164,301,142,159,7,2,5,131,63,68,290,134,156,306,143,163,0,0,0,2,1,1
53147202,1109,587,522,1091,576,515,18,11,7,450,239,211,1012,539,473,1005,513,492,64,49,15,40,25,15
53147203,110,60,50,109,59,50,0,0,0,48,32,16,105,58,47,108,60,48,0,0,0,2,0,2
53147204,161,76,85,155,74,81,6,2,4,66,34,32,153,74,79,161,76,85,0,0,0,0,0,0
53440401,155,86,69,155,86,69,0,0,0,72,37,35,145,79,66,149,84,65,0,0,0,6,2,4
3303450,0,0,0,0,0,0,0,0,0,0,0,0,0,0,0,0,0,0,0,0,0,0,0,0
53331901,103,52,51,103,52,51,0,0,0,39,23,16,95,48,47,102,51,51,0,0,0,1,1,0
53421801,99,56,43,97,55,42,2,1,1,36,18,18,96,54,42,96,53,43,0,0,0,3,3,0
53152901,246,126,120,246,126,120,0,0,0,116,63,53,230,115,115,239,123,116,0,0,0,7,3,4
53152902,61,28,33,61,28,33,0,0,0,29,14,15,60,28,32,59,28,31,0,0,0,2,0,2
53153701,576,274,302,568,270,298,7,4,3,242,120,122,541,260,281,547,258,289,0,0,0,29,16,13
53154501,742,388,354,719,372,347,21,16,5,276,156,120,701,363,338,701,365,336,5,5,0,36,18,18
53154502,102,47,55,101,47,54,1,0,1,34,16,18,97,45,52,90,41,49,0,0,0,12,6,6
53391201,148,76,72,148,76,72,0,0,0,65,31,34,141,72,69,122,60,62,0,0,0,26,16,10
53391202,36,15,21,36,15,21,0,0,0,6,1,5,25,11,14,19,6,13,0,0,0,17,9,8
53360201,292,145,147,288,142,146,4,3,1,102,53,49,272,134,138,266,134,132,0,0,0,26,11,15
53426901,192,99,93,191,99,92,1,0,1,81,45,36,180,93,87,173,91,82,1,0,1,18,8,10
53158801,581,287,294,579,286,293,2,1,1,283,145,138,557,277,280,580,287,293,0,0,0,1,0,1
53159601,995,510,485,986,504,482,7,4,3,423,239,184,949,482,467,906,455,451,1,1,0,88,54,34
53159602,373,193,180,371,191,180,1,1,0,149,79,70,361,189,172,365,188,177,0,0,0,8,5,3
53159603,427,217,210,423,215,208,3,1,2,139,77,62,391,200,191,305,157,148,0,0,0,122,60,62
53159604,295,159,136,292,158,134,2,0,2,104,57,47,273,147,126,213,111,102,0,0,0,82,48,34
53160001,684,331,353,683,330,353,1,1,0,305,159,146,652,315,337,675,326,349,0,0,0,9,5,4
53160002,30,16,14,30,16,14,0,0,0,6,4,2,24,14,10,5,3,2,0,0,0,25,13,12
53162601,453,238,215,451,238,213,1,0,1,200,101,99,424,221,203,446,233,213,0,0,0,7,5,2
53163401,177,87,90,175,86,89,1,0,1,82,38,44,173,85,88,174,86,88,0,0,0,3,1,2
53163402,641,325,316,635,320,315,6,5,1,310,155,155,593,302,291,633,320,313,0,0,0,8,5,3
53164201,215,120,95,213,119,94,2,1,1,94,55,39,203,114,89,208,114,94,1,1,0,6,5,1
53164202,89,46,43,88,45,43,1,1,0,47,26,21,89,46,43,89,46,43,0,0,0,0,0,0
53411101,189,95,94,189,95,94,0,0,0,88,46,42,177,88,89,181,91,90,0,0,0,8,4,4
53166901,137,72,65,122,63,59,15,9,6,54,31,23,123,64,59,137,72,65,0,0,0,0,0,0
53166902,240,125,115,239,124,115,1,1,0,111,62,49,214,109,105,238,123,115,0,0,0,2,2,0
53166903,115,51,64,115,51,64,0,0,0,62,31,31,113,51,62,115,51,64,0,0,0,0,0,0
53428501,225,120,105,224,120,104,1,0,1,90,59,31,213,114,99,221,118,103,0,0,0,4,2,2
3303110,0,0,0,0,0,0,0,0,0,0,0,0,0,0,0,0,0,0,0,0,0,0,0,0
53168501,648,332,316,641,328,313,7,4,3,303,158,145,604,309,295,633,321,312,0,0,0,15,11,4
53169301,892,455,437,887,452,435,4,3,1,403,227,176,846,434,412,877,447,430,0,0,0,15,8,7
53171501,482,246,236,481,245,236,0,0,0,219,113,106,449,232,217,474,242,232,0,0,0,8,4,4
53396301,87,40,47,86,39,47,1,1,0,35,15,20,80,37,43,87,40,47,0,0,0,0,0,0
53396302,42,20,22,42,20,22,0,0,0,13,6,7,37,17,20,42,20,22,0,0,0,0,0,0
53174001,140,76,64,139,75,64,1,1,0,62,42,20,133,72,61,140,76,64,0,0,0,0,0,0
53174002,310,155,155,310,155,155,0,0,0,113,55,58,278,143,135,256,125,131,1,0,1,53,30,23
53174003,65,29,36,65,29,36,0,0,0,29,14,15,63,29,34,60,26,34,0,0,0,5,3,2
53174004,20,10,10,19,9,10,1,1,0,2,2,0,20,10,10,0,0,0,0,0,0,20,10,10
53174006,71,40,31,70,39,31,1,1,0,31,19,12,71,40,31,69,38,31,0,0,0,2,2,0
53175801,94,42,52,93,41,52,0,0,0,38,16,22,86,39,47,94,42,52,0,0,0,0,0,0
53175802,457,229,228,449,223,226,8,6,2,221,113,108,439,218,221,428,208,220,4,4,0,25,17,8
53176601,455,236,219,455,236,219,0,0,0,195,108,87,424,218,206,450,232,218,0,0,0,5,4,1
53178202,506,272,234,505,271,234,1,1,0,216,119,97,449,237,212,456,235,221,41,30,11,9,7,2
53179101,530,270,260,525,266,259,5,4,1,199,116,83,499,256,243,521,265,256,0,0,0,9,5,4
1602532,0,0,0,0,0,0,0,0,0,0,0,0,0,0,0,0,0,0,0,0,0,0,0,0
53180401,54,28,26,54,28,26,0,0,0,16,8,8,49,27,22,54,28,26,0,0,0,0,0,0
53180402,73,41,32,71,39,32,2,2,0,21,11,10,67,37,30,71,39,32,2,2,0,0,0,0
53180403,64,32,32,63,31,32,1,1,0,17,9,8,56,28,28,45,23,22,0,0,0,19,9,10
53181201,399,193,206,394,191,203,3,2,1,121,53,68,357,171,186,358,168,190,0,0,0,41,25,16
53181202,129,66,63,129,66,63,0,0,0,46,24,22,122,64,58,86,42,44,0,0,0,43,24,19
53181203,441,216,225,438,215,223,3,1,2,142,70,72,406,199,207,427,205,222,0,0,0,14,11,3
53183903,823,412,411,821,412,409,2,0,2,356,179,177,787,394,393,804,399,405,0,0,0,19,13,6
53184701,1043,538,505,936,461,475,98,71,27,432,207,225,971,500,471,993,510,483,45,23,22,5,5,0
53185501,143,74,69,142,73,69,1,1,0,55,33,22,139,72,67,142,73,69,0,0,0,1,1,0
53185502,1067,540,527,1056,533,523,8,5,3,437,233,204,1003,506,497,1016,523,493,32,7,25,19,10,9
53446301,256,123,133,256,123,133,0,0,0,101,55,46,225,109,116,241,113,128,0,0,0,15,10,5
53310601,578,302,276,561,291,270,14,9,5,162,88,74,536,281,255,568,296,272,1,1,0,9,5,4
53188001,195,92,103,195,92,103,0,0,0,76,37,39,187,90,97,194,92,102,0,0,0,1,0,1
53190101,680,341,339,672,336,336,7,4,3,341,176,165,643,322,321,667,329,338,2,2,0,11,10,1
53191001,208,103,105,204,102,102,2,0,2,94,48,46,204,102,102,194,93,101,0,0,0,14,10,4
53191002,30,15,15,29,14,15,1,1,0,10,5,5,25,12,13,8,5,3,0,0,0,22,10,12
53191003,191,100,91,191,100,91,0,0,0,92,46,46,171,89,82,181,94,87,6,3,3,4,3,1
53423401,118,62,56,118,62,56,0,0,0,53,33,20,113,60,53,109,58,51,0,0,0,9,4,5
53404801,276,134,142,275,133,142,0,0,0,132,70,62,258,128,130,274,132,142,0,0,0,2,2,0
53194401,192,97,95,192,97,95,0,0,0,38,18,20,177,89,88,34,15,19,0,0,0,158,82,76
53194402,739,358,381,724,352,372,14,6,8,286,150,136,709,341,368,721,346,375,2,2,0,16,10,6
53194403,304,144,160,299,142,157,4,2,2,102,48,54,287,137,150,300,142,158,0,0,0,4,2,2
53195201,449,228,221,446,226,220,3,2,1,176,100,76,417,213,204,437,219,218,2,1,1,10,8,2
53196101,249,120,129,245,118,127,3,2,1,104,54,50,235,113,122,249,120,129,0,0,0,0,0,0
53196102,190,90,100,185,86,99,5,4,1,61,34,27,166,78,88,190,90,100,0,0,0,0,0,0
53196103,1253,638,615,1184,603,581,54,28,26,259,133,126,860,436,424,1236,625,611,0,0,0,17,13,4
53197901,990,500,490,981,495,486,8,4,4,325,177,148,943,473,470,749,370,379,7,3,4,234,127,107
53199501,159,85,74,158,85,73,1,0,1,84,42,42,154,82,72,155,83,72,0,0,0,4,2,2
53199502,126,63,63,126,63,63,0,0,0,64,31,33,120,59,61,126,63,63,0,0,0,0,0,0
53199503,166,85,81,165,84,81,1,1,0,96,50,46,152,78,74,164,84,80,0,0,0,2,1,1
53199505,211,100,111,210,99,111,1,1,0,118,63,55,205,99,106,211,100,111,0,0,0,0,0,0
53199506,783,407,376,781,405,376,2,2,0,446,237,209,751,390,361,758,389,369,1,0,1,24,18,6
53200201,494,257,237,475,245,230,19,12,7,233,130,103,460,238,222,457,234,223,31,19,12,6,4,2
53201101,204,102,102,202,101,101,2,1,1,104,58,46,198,102,96,204,102,102,0,0,0,0,0,0
53201102,192,92,100,190,92,98,2,0,2,100,52,48,183,86,97,192,92,100,0,0,0,0,0,0
53201103,259,135,124,243,125,118,15,10,5,113,61,52,240,125,115,252,132,120,0,0,0,7,3,4
53201104,3460,1697,1763,3397,1653,1744,59,42,17,1613,836,777,3230,1577,1653,3295,1629,1666,96,20,76,69,48,21
53202901,95,51,44,95,51,44,0,0,0,42,27,15,90,48,42,95,51,44,0,0,0,0,0,0
53202903,2087,1030,1057,2025,998,1027,58,30,28,850,459,391,1955,964,991,2022,1004,1018,44,14,30,21,12,9
59941701,306,152,154,301,151,150,5,1,4,124,66,58,268,133,135,299,148,151,0,0,0,7,4,3
53501001,304,160,144,303,159,144,0,0,0,127,72,55,295,155,140,294,155,139,1,1,0,9,4,5
53207001,202,100,102,198,99,99,2,0,2,76,39,37,189,95,94,201,99,102,0,0,0,1,1,0
53208801,90,48,42,89,47,42,1,1,0,26,17,9,82,44,38,81,42,39,0,0,0,9,6,3
53208802,298,146,152,291,142,149,6,4,2,100,46,54,271,136,135,267,131,136,0,0,0,31,15,16
53512501,196,101,95,194,100,94,1,1,0,81,47,34,184,95,89,170,88,82,0,0,0,26,13,13
53210001,286,142,144,286,142,144,0,0,0,152,78,74,270,134,136,281,140,141,0,0,0,5,2,3
53211801,1427,690,737,1410,681,729,17,9,8,549,270,279,1330,639,691,1416,685,731,0,0,0,11,5,6
53211802,717,369,348,700,360,340,17,9,8,270,144,126,674,350,324,676,343,333,7,4,3,34,22,12
53212601,462,225,237,460,223,237,1,1,0,155,73,82,428,208,220,446,212,234,0,0,0,16,13,3
53212602,65,25,40,65,25,40,0,0,0,29,11,18,63,25,38,65,25,40,0,0,0,0,0,0
53212603,591,288,303,589,288,301,2,0,2,228,113,115,556,270,286,591,288,303,0,0,0,0,0,0
53214201,98,49,49,96,47,49,2,2,0,33,16,17,86,42,44,6,3,3,2,1,1,90,45,45
53214202,731,365,366,721,359,362,8,4,4,338,178,160,692,349,343,705,345,360,1,1,0,25,19,6
53214203,129,69,60,128,69,59,1,0,1,56,34,22,120,63,57,111,61,50,0,0,0,18,8,10
53216903,3859,1889,1970,3783,1851,1932,67,34,33,1422,716,706,3536,1728,1808,3807,1853,1954,3,2,1,49,34,15
53218501,686,345,341,676,340,336,10,5,5,277,137,140,652,330,322,674,334,340,0,0,0,12,11,1
53218502,57,27,30,56,26,30,1,1,0,19,9,10,54,25,29,55,26,29,0,0,0,2,1,1
53218503,41,20,21,40,20,20,1,0,1,8,2,6,40,20,20,41,20,21,0,0,0,0,0,0
53220701,126,63,63,126,63,63,0,0,0,35,21,14,113,56,57,110,56,54,0,0,0,16,7,9
53220702,72,38,34,71,38,33,1,0,1,17,8,9,62,32,30,59,33,26,0,0,0,13,5,8
53220703,542,263,279,535,260,275,6,3,3,241,125,116,503,248,255,512,241,271,0,0,0,30,22,8
53220704,188,95,93,188,95,93,0,0,0,83,44,39,180,90,90,183,93,90,0,0,0,5,2,3
53222301,1712,832,880,1697,826,871,14,5,9,666,322,344,1600,772,828,1691,819,872,0,0,0,21,13,8
51313001,285,141,144,275,134,141,10,7,3,91,46,45,265,133,132,271,130,141,7,6,1,7,5,2
51299101,190,92,98,190,92,98,0,0,0,83,41,42,183,88,95,190,92,98,0,0,0,0,0,0
53227401,72,40,32,71,40,31,1,0,1,15,10,5,70,39,31,4,2,2,6,4,2,62,34,28
53227402,972,493,479,970,491,479,2,2,0,429,226,203,927,472,455,944,475,469,0,0,0,28,18,10
53228201,458,227,231,455,226,229,3,1,2,203,100,103,428,214,214,441,215,226,0,0,0,17,12,5
53229101,42,19,23,42,19,23,0,0,0,10,3,7,41,19,22,39,18,21,0,0,0,3,1,2
53229102,292,152,140,286,148,138,6,4,2,118,68,50,265,136,129,278,142,136,0,0,0,14,10,4
51307501,198,106,92,197,106,91,1,0,1,72,35,37,188,101,87,191,99,92,0,0,0,7,7,0
51307502,76,37,39,76,37,39,0,0,0,21,12,9,74,35,39,74,36,38,0,0,0,2,1,1
51307503,74,32,42,74,32,42,0,0,0,22,5,17,64,27,37,74,32,42,0,0,0,0,0,0
53231201,778,371,407,767,362,405,10,8,2,225,99,126,710,330,380,764,361,403,2,1,1,12,9,3
53232101,249,128,121,247,127,120,1,0,1,112,62,50,239,122,117,248,127,121,0,0,0,1,1,0
53515001,132,65,67,132,65,67,0,0,0,46,30,16,131,65,66,131,64,67,0,0,0,1,1,0
53233901,522,265,257,512,261,251,8,4,4,210,114,96,494,248,246,504,250,254,6,3,3,12,12,0
53233902,23,12,11,23,12,11,0,0,0,9,7,2,22,11,11,19,9,10,0,0,0,4,3,1
53234701,1562,797,765,1501,761,740,54,31,23,562,300,262,1410,711,699,1549,786,763,0,0,0,13,11,2
53235501,153,71,82,153,71,82,0,0,0,69,38,31,143,69,74,144,67,77,0,0,0,9,4,5
53235502,103,48,55,103,48,55,0,0,0,34,19,15,98,47,51,103,48,55,0,0,0,0,0,0
53235503,246,124,122,244,123,121,1,1,0,104,58,46,231,118,113,246,124,122,0,0,0,0,0,0
53236301,516,266,250,515,266,249,0,0,0,197,115,82,478,246,232,500,258,242,0,0,0,16,8,8
53237101,2061,1032,1029,2043,1024,1019,14,5,9,616,332,284,1956,990,966,2008,999,1009,0,0,0,53,33,20
53237102,41,22,19,41,22,19,0,0,0,13,5,8,39,21,18,41,22,19,0,0,0,0,0,0
53239801,108,54,54,102,49,53,5,4,1,32,15,17,92,45,47,108,54,54,0,0,0,0,0,0
53239802,48,24,24,47,23,24,1,1,0,13,7,6,42,21,21,48,24,24,0,0,0,0,0,0
53239803,159,93,66,154,91,63,5,2,3,55,37,18,151,86,65,152,86,66,0,0,0,7,7,0
53240101,22,12,10,22,12,10,0,0,0,3,1,2,20,11,9,22,12,10,0,0,0,0,0,0
53240102,278,138,140,278,138,140,0,0,0,128,65,63,271,136,135,275,135,140,1,1,0,2,2,0
53241001,441,231,210,439,229,210,2,2,0,165,89,76,407,211,196,436,226,210,0,0,0,5,5,0
53242801,281,147,134,280,146,134,1,1,0,128,63,65,265,137,128,276,144,132,0,0,0,5,3,2
53244401,1195,590,605,1192,587,605,3,3,0,531,267,264,1134,557,577,1154,564,590,3,2,1,38,24,14
53245201,29,17,12,29,17,12,0,0,0,4,1,3,22,13,9,28,16,12,0,0,0,1,1,0
53245202,1279,627,652,1277,625,652,2,2,0,544,270,274,1227,605,622,1259,613,646,0,0,0,20,14,6
53245203,336,163,173,331,159,172,5,4,1,104,53,51,323,156,167,336,163,173,0,0,0,0,0,0
51303201,402,202,200,400,200,200,2,2,0,168,87,81,382,194,188,392,194,198,0,0,0,10,8,2
0649980,0,0,0,0,0,0,0,0,0,0,0,0,0,0,0,0,0,0,0,0,0,0,0,0
0651960,0,0,0,0,0,0,0,0,0,0,0,0,0,0,0,0,0,0,0,0,0,0,0,0
3071140,0,0,0,0,0,0,0,0,0,0,0,0,0,0,0,0,0,0,0,0,0,0,0,0
3071220,0,0,0,0,0,0,0,0,0,0,0,0,0,0,0,0,0,0,0,0,0,0,0,0
53205301,253,140,113,240,134,106,12,6,6,120,68,52,241,130,111,243,133,110,7,5,2,3,2,1
53205302,214,113,101,214,113,101,0,0,0,141,83,58,211,111,100,214,113,101,0,0,0,0,0,0
53205303,991,502,489,951,480,471,34,18,16,594,309,285,930,472,458,965,487,478,26,15,11,0,0,0
53205304,579,298,281,557,288,269,18,9,9,322,177,145,556,285,271,576,296,280,0,0,0,3,2,1
53205305,22,18,4,16,12,4,6,6,0,8,6,2,19,15,4,12,11,1,10,7,3,0,0,0
53205306,424,205,219,420,202,218,4,3,1,225,116,109,392,191,201,424,205,219,0,0,0,0,0,0
53205307,2913,1363,1550,2873,1342,1531,35,19,16,1589,773,816,2779,1299,1480,2898,1354,1544,10,5,5,5,4,1
53205308,514,252,262,501,247,254,12,5,7,329,169,160,481,239,242,510,250,260,4,2,2,0,0,0
53205309,4857,2277,2580,4712,2193,2519,122,68,54,2458,1195,1263,4591,2142,2449,4846,2271,2575,9,4,5,2,2,0
53205310,56,28,28,55,27,28,1,1,0,28,12,16,52,24,28,52,26,26,3,1,2,1,1,0
53205311,113,28,85,113,28,85,0,0,0,43,11,32,110,27,83,23,11,12,90,17,73,0,0,0
53205312,205,104,101,197,100,97,8,4,4,128,70,58,181,90,91,124,65,59,78,37,41,3,2,1
53205313,5368,2968,2400,5167,2873,2294,184,90,94,2295,1250,1045,5089,2826,2263,3733,1806,1927,30,21,9,1605,1141,464
53205314,1816,856,960,1764,831,933,51,25,26,887,447,440,1738,820,918,1816,856,960,0,0,0,0,0,0
53205315,1443,704,739,1412,681,731,29,22,7,982,485,497,1384,669,715,1418,682,736,11,11,0,14,11,3
53205316,446,207,239,439,205,234,6,2,4,259,120,139,423,201,222,370,185,185,76,22,54,0,0,0
53205317,1669,816,853,1638,803,835,29,12,17,988,500,488,1616,790,826,1647,805,842,22,11,11,0,0,0
53205318,1275,625,650,1248,609,639,21,12,9,756,369,387,1205,589,616,1265,621,644,7,3,4,3,1,2
53205320,1910,892,1018,1877,876,1001,30,14,16,1148,562,586,1822,851,971,1830,857,973,74,32,42,6,3,3
53205321,3578,1662,1916,3419,1573,1846,148,84,64,1741,822,919,3385,1564,1821,3527,1628,1899,51,34,17,0,0,0
53205322,4007,1932,2075,3913,1883,2030,86,44,42,1903,962,941,3861,1853,2008,4005,1930,2075,0,0,0,2,2,0
53205323,3660,1760,1900,3500,1677,1823,137,70,67,1795,885,910,3496,1669,1827,3658,1758,1900,0,0,0,2,2,0
53205325,3179,1467,1712,3012,1374,1638,157,87,70,1508,707,801,2997,1369,1628,3173,1463,1710,0,0,0,6,4,2
53205327,4031,1843,2188,3906,1779,2127,108,54,54,2009,958,1051,3841,1752,2089,4031,1843,2188,0,0,0,0,0,0
53205328,28,10,18,28,10,18,0,0,0,18,7,11,24,9,15,0,0,0,0,0,0,28,10,18
53205329,917,440,477,886,423,463,29,16,13,467,234,233,879,420,459,908,435,473,9,5,4,0,0,0
53205331,1859,888,971,1833,877,956,21,10,11,1202,572,630,1807,862,945,1851,881,970,0,0,0,8,7,1
53205332,3585,1648,1937,3475,1599,1876,97,42,55,1869,885,984,3429,1570,1859,3578,1641,1937,6,6,0,1,1,0
53205333,216,143,73,94,55,39,116,87,29,86,46,40,168,108,60,12,7,5,203,135,68,1,1,0
53205334,1319,593,726,1271,567,704,43,23,20,681,319,362,1251,563,688,1319,593,726,0,0,0,0,0,0
53205335,2835,1377,1458,2790,1354,1436,40,22,18,1853,926,927,2757,1341,1416,2803,1355,1448,31,22,9,1,0,1
53205336,103,61,42,98,58,40,5,3,2,51,32,19,98,56,42,84,48,36,13,9,4,6,4,2
53205337,880,432,448,833,409,424,40,20,20,329,155,174,767,370,397,880,432,448,0,0,0,0,0,0
53205338,3336,1544,1792,3250,1496,1754,81,45,36,1720,811,909,3180,1458,1722,3284,1516,1768,49,26,23,3,2,1
53205339,1439,714,725,1400,691,709,27,16,11,878,440,438,1360,673,687,1433,709,724,3,3,0,3,2,1
53205342,2678,1299,1379,2664,1290,1374,10,6,4,1758,867,891,2576,1245,1331,2654,1283,1371,22,14,8,2,2,0
53205343,2861,1381,1480,2827,1360,1467,32,21,11,1737,823,914,2737,1325,1412,2848,1375,1473,11,5,6,2,1,1
53205344,716,300,416,710,298,412,3,1,2,402,186,216,692,289,403,520,246,274,194,53,141,2,1,1
53205345,35,21,14,34,21,13,1,0,1,16,11,5,34,21,13,35,21,14,0,0,0,0,0,0
53205346,1426,704,722,1400,687,713,24,16,8,863,434,429,1371,673,698,1414,701,713,9,1,8,3,2,1
53246101,574,286,288,569,283,286,4,2,2,230,117,113,537,268,269,551,268,283,0,0,0,23,18,5
53246102,125,60,65,125,60,65,0,0,0,63,29,34,110,53,57,125,60,65,0,0,0,0,0,0
53246103,107,52,55,107,52,55,0,0,0,41,18,23,102,50,52,107,52,55,0,0,0,0,0,0
53246104,70,39,31,70,39,31,0,0,0,22,14,8,66,37,29,68,38,30,0,0,0,2,1,1
53246105,140,69,71,140,69,71,0,0,0,51,27,24,122,60,62,140,69,71,0,0,0,0,0,0
53247901,280,133,147,275,129,146,5,4,1,119,58,61,262,126,136,270,127,143,0,0,0,10,6,4
53248701,570,297,273,568,296,272,0,0,0,205,106,99,536,277,259,561,291,270,0,0,0,9,6,3
53249501,514,264,250,507,259,248,6,4,2,206,107,99,481,247,234,504,254,250,0,0,0,10,10,0
53249502,38,22,16,38,22,16,0,0,0,21,15,6,36,21,15,38,22,16,0,0,0,0,0,0
53249503,32,16,16,32,16,16,0,0,0,17,10,7,32,16,16,32,16,16,0,0,0,0,0,0
53510901,253,142,111,250,140,110,3,2,1,87,53,34,241,136,105,247,137,110,0,0,0,6,5,1
57151201,114,57,57,114,57,57,0,0,0,42,22,20,109,55,54,110,55,55,0,0,0,4,2,2
53251701,88,43,45,88,43,45,0,0,0,34,17,17,86,41,45,86,42,44,0,0,0,2,1,1
53252501,622,315,307,622,315,307,0,0,0,258,138,120,586,297,289,613,307,306,0,0,0,9,8,1
54199103,2046,996,1050,2024,987,1037,22,9,13,737,387,350,1951,952,999,2022,979,1043,5,2,3,19,15,4
54199104,183,87,96,183,87,96,0,0,0,84,43,41,177,84,93,178,83,95,0,0,0,5,4,1
53253301,585,310,275,576,306,270,5,2,3,164,82,82,540,288,252,541,290,251,39,18,21,5,2,3
51304101,675,322,353,673,320,353,1,1,0,296,146,150,643,309,334,668,316,352,0,0,0,7,6,1
56415001,69,33,36,69,33,36,0,0,0,27,10,17,66,32,34,67,32,35,0,0,0,2,1,1
57160101,373,188,185,372,187,185,1,1,0,153,79,74,360,181,179,373,188,185,0,0,0,0,0,0
53257601,2860,1443,1417,2828,1425,1403,27,16,11,1077,534,543,2704,1363,1341,2734,1357,1377,11,6,5,115,80,35
53257602,76,32,44,75,31,44,0,0,0,22,10,12,68,28,40,76,32,44,0,0,0,0,0,0
53257603,201,103,98,190,96,94,10,6,4,54,32,22,159,79,80,198,101,97,0,0,0,3,2,1
53258401,535,252,283,521,245,276,14,7,7,174,88,86,512,237,275,528,249,279,4,1,3,3,2,1
57155501,106,50,56,105,50,55,1,0,1,35,18,17,95,44,51,88,41,47,0,0,0,18,9,9
53509501,137,69,68,135,67,68,2,2,0,57,30,27,126,65,61,136,68,68,0,0,0,1,1,0
53262201,517,268,249,499,257,242,14,8,6,177,96,81,471,242,229,506,260,246,4,3,1,7,5,2
53263101,575,286,289,573,285,288,2,1,1,168,90,78,534,262,272,547,271,276,1,1,0,27,14,13
51311301,267,152,115,257,145,112,10,7,3,94,61,33,245,141,104,263,148,115,0,0,0,4,4,0
53265701,125,62,63,124,61,63,0,0,0,45,22,23,120,60,60,121,60,61,0,0,0,4,2,2
53265702,220,114,106,219,114,105,1,0,1,97,53,44,212,109,103,193,99,94,1,1,0,26,14,12
53265703,24,13,11,24,13,11,0,0,0,11,5,6,24,13,11,24,13,11,0,0,0,0,0,0
57152101,154,77,77,152,77,75,2,0,2,49,26,23,143,72,71,149,75,74,0,0,0,5,2,3
53266501,432,220,212,431,220,211,1,0,1,176,93,83,411,209,202,423,213,210,0,0,0,9,7,2
53268101,850,418,432,836,415,421,12,3,9,349,186,163,807,396,411,794,385,409,23,11,12,33,22,11
56419201,222,103,119,222,103,119,0,0,0,89,43,46,208,96,112,212,99,113,0,0,0,10,4,6
53271101,201,107,94,193,102,91,7,4,3,53,28,25,186,99,87,187,99,88,0,0,0,14,8,6
53272001,597,289,308,596,289,307,1,0,1,247,129,118,565,271,294,596,289,307,0,0,0,1,0,1
53272002,191,90,101,190,90,100,0,0,0,76,38,38,182,86,96,191,90,101,0,0,0,0,0,0
53272003,958,483,475,952,478,474,6,5,1,421,226,195,903,456,447,918,457,461,0,0,0,40,26,14
53272004,177,87,90,176,86,90,1,1,0,75,39,36,164,82,82,175,85,90,1,1,0,1,1,0
53273801,636,318,318,623,310,313,11,6,5,209,100,109,577,284,293,613,302,311,0,0,0,23,16,7
56412501,195,92,103,195,92,103,0,0,0,81,38,43,188,90,98,193,91,102,0,0,0,2,1,1
53275401,342,185,157,333,180,153,2,1,1,117,65,52,313,171,142,333,178,155,0,0,0,9,7,2
56408701,243,125,118,242,124,118,1,1,0,83,37,46,221,110,111,240,122,118,0,0,0,3,3,0
53276201,112,66,46,108,62,46,4,4,0,46,28,18,104,61,43,105,62,43,0,0,0,7,4,3
53276202,329,171,158,320,163,157,9,8,1,148,80,68,320,167,153,316,161,155,0,0,0,13,10,3
53277101,401,202,199,399,201,198,2,1,1,131,76,55,382,192,190,390,194,196,0,0,0,11,8,3
53279701,359,184,175,355,181,174,2,1,1,111,60,51,320,165,155,348,179,169,0,0,0,11,5,6
53280101,363,188,175,361,188,173,2,0,2,161,86,75,345,178,167,358,186,172,0,0,0,5,2,3
1494030,0,0,0,0,0,0,0,0,0,0,0,0,0,0,0,0,0,0,0,0,0,0,0,0
3071570,0,0,0,0,0,0,0,0,0,0,0,0,0,0,0,0,0,0,0,0,0,0,0,0
3347150,0,0,0,0,0,0,0,0,0,0,0,0,0,0,0,0,0,0,0,0,0,0,0,0
3347230,0,0,0,0,0,0,0,0,0,0,0,0,0,0,0,0,0,0,0,0,0,0,0,0
53281901,412,213,199,411,212,199,1,1,0,209,114,95,397,206,191,412,213,199,0,0,0,0,0,0
53281902,119,60,59,112,55,57,7,5,2,53,24,29,112,57,55,111,55,56,3,3,0,5,2,3
53281903,34,17,17,34,17,17,0,0,0,13,7,6,33,17,16,33,16,17,0,0,0,1,1,0
53281904,27,13,14,27,13,14,0,0,0,11,5,6,24,12,12,27,13,14,0,0,0,0,0,0
53281905,110,60,50,110,60,50,0,0,0,43,28,15,99,54,45,106,58,48,0,0,0,4,2,2
53281906,27,14,13,21,10,11,6,4,2,12,6,6,26,13,13,21,11,10,6,3,3,0,0,0
53281907,77,35,42,77,35,42,0,0,0,30,15,15,65,31,34,77,35,42,0,0,0,0,0,0
53281908,261,129,132,257,126,131,3,2,1,137,65,72,235,117,118,256,128,128,0,0,0,5,1,4
53281909,206,95,111,206,95,111,0,0,0,120,57,63,199,91,108,200,93,107,0,0,0,6,2,4
53281910,154,75,79,146,73,73,7,2,5,58,31,27,148,72,76,151,73,78,0,0,0,3,2,1
53281912,377,183,194,367,177,190,7,6,1,200,100,100,357,174,183,368,178,190,0,0,0,9,5,4
53281913,413,212,201,410,211,199,3,1,2,198,118,80,388,199,189,411,211,200,0,0,0,2,1,1
53281914,2476,1206,1270,2417,1171,1246,55,34,21,1090,563,527,2334,1137,1197,2474,1204,1270,1,1,0,1,1,0
53281915,770,371,399,766,369,397,4,2,2,491,249,242,741,356,385,770,371,399,0,0,0,0,0,0
53281916,1523,706,817,1473,675,798,49,31,18,684,330,354,1454,675,779,1523,706,817,0,0,0,0,0,0
53281917,37,22,15,32,17,15,2,2,0,11,5,6,36,22,14,26,15,11,0,0,0,11,7,4
53281918,45,22,23,44,21,23,0,0,0,23,11,12,42,19,23,39,18,21,1,1,0,5,3,2
53281920,1522,707,815,1491,684,807,28,22,6,659,326,333,1423,662,761,1514,699,815,8,8,0,0,0,0
53281921,209,113,96,205,111,94,4,2,2,113,64,49,192,101,91,205,110,95,3,2,1,1,1,0
53281922,1506,754,752,1394,682,712,105,70,35,584,304,280,1395,690,705,1497,746,751,8,7,1,1,1,0
53281927,67,31,36,60,26,34,7,5,2,27,14,13,58,28,30,64,30,34,0,0,0,3,1,2
53281928,662,315,347,651,310,341,10,5,5,308,146,162,620,292,328,662,315,347,0,0,0,0,0,0
53281929,898,406,492,888,397,491,8,7,1,417,202,215,862,383,479,846,390,456,52,16,36,0,0,0
53281930,2160,1048,1112,2066,982,1084,88,63,25,1025,536,489,1984,956,1028,2073,1008,1065,87,40,47,0,0,0
53281932,572,281,291,564,275,289,8,6,2,325,170,155,555,274,281,572,281,291,0,0,0,0,0,0
53281933,237,153,84,170,94,76,66,58,8,87,45,42,184,118,66,140,83,57,95,69,26,2,1,1
53281934,1044,567,477,991,532,459,49,33,16,450,234,216,974,535,439,803,392,411,1,0,1,240,175,65
53282701,667,335,332,653,328,325,12,7,5,244,133,111,624,315,309,655,330,325,0,0,0,12,5,7
53283501,1936,930,1006,1929,925,1004,6,4,2,745,368,377,1784,859,925,1705,849,856,193,55,138,38,26,12
53285101,1140,560,580,1117,551,566,20,8,12,346,188,158,1035,513,522,1124,548,576,4,3,1,12,9,3
53286001,365,181,184,355,178,177,9,3,6,165,83,82,331,160,171,349,173,176,0,0,0,16,8,8
53286002,491,230,261,488,229,259,3,1,2,222,107,115,462,215,247,491,230,261,0,0,0,0,0,0
53286004,4114,1978,2136,4085,1964,2121,18,10,8,1825,924,901,3909,1882,2027,3963,1880,2083,42,16,26,109,82,27
53286005,309,152,157,307,150,157,2,2,0,121,60,61,258,124,134,307,150,157,1,1,0,1,1,0
59944101,141,73,68,141,73,68,0,0,0,52,28,24,128,67,61,135,70,65,0,0,0,6,3,3
55145701,485,239,246,480,235,245,4,4,0,155,80,75,450,223,227,442,219,223,0,0,0,43,20,23
59943301,22,11,11,22,11,11,0,0,0,4,2,2,19,10,9,22,11,11,0,0,0,0,0,0
59943302,580,294,286,577,292,285,3,2,1,186,93,93,552,282,270,562,282,280,0,0,0,18,12,6
53290801,724,363,361,720,361,359,3,1,2,270,138,132,680,340,340,699,349,350,0,0,0,25,14,11
53291601,63,30,33,63,30,33,0,0,0,23,10,13,61,29,32,63,30,33,0,0,0,0,0,0
53291602,75,38,37,74,38,36,1,0,1,20,10,10,68,34,34,68,34,34,0,0,0,7,4,3
53291603,62,28,34,61,27,34,0,0,0,30,14,16,60,26,34,62,28,34,0,0,0,0,0,0
53295901,29,16,13,29,16,13,0,0,0,13,8,5,25,14,11,29,16,13,0,0,0,0,0,0
53295902,552,287,265,550,285,265,1,1,0,212,114,98,515,268,247,530,272,258,0,0,0,22,15,7
53296701,226,112,114,226,112,114,0,0,0,95,50,45,220,110,110,221,109,112,0,0,0,5,3,2
53297501,21,12,9,21,12,9,0,0,0,3,2,1,21,12,9,21,12,9,0,0,0,0,0,0
53297502,441,231,210,437,229,208,2,1,1,178,91,87,428,223,205,429,221,208,0,0,0,12,10,2
53298301,410,205,205,406,203,203,4,2,2,188,98,90,375,186,189,401,200,201,8,5,3,1,0,1
53298302,2261,1114,1147,2224,1088,1136,35,24,11,946,449,497,2090,1026,1064,2131,1056,1075,95,31,64,35,27,8
53298303,75,37,38,75,37,38,0,0,0,24,14,10,75,37,38,75,37,38,0,0,0,0,0,0
53217701,64,35,29,63,34,29,1,1,0,26,16,10,60,34,26,64,35,29,0,0,0,0,0,0
53217703,559,275,284,557,274,283,2,1,1,218,105,113,519,254,265,551,270,281,0,0,0,8,5,3
53300901,380,192,188,375,189,186,5,3,2,175,85,90,357,182,175,362,179,183,0,0,0,18,13,5
53301702,57,30,27,57,30,27,0,0,0,17,13,4,53,28,25,47,24,23,0,0,0,10,6,4
53301703,28,15,13,27,15,12,1,0,1,7,4,3,26,13,13,28,15,13,0,0,0,0,0,0
53301705,89,50,39,89,50,39,0,0,0,28,15,13,87,48,39,67,36,31,0,0,0,22,14,8
53301706,4556,2146,2410,4510,2127,2383,33,13,20,1691,877,814,4234,2011,2223,4258,2046,2212,241,61,180,57,39,18
53301708,431,225,206,426,223,203,4,2,2,127,79,48,387,202,185,414,213,201,7,5,2,10,7,3
53302501,1853,926,927,1825,913,912,26,11,15,616,328,288,1753,873,880,1823,905,918,0,0,0,30,21,9
53303301,997,488,509,977,482,495,14,4,10,332,169,163,937,456,481,987,481,506,3,1,2,7,6,1
53304101,166,75,91,163,73,90,3,2,1,67,32,35,151,68,83,166,75,91,0,0,0,0,0,0
53304103,256,133,123,252,132,120,2,0,2,139,73,66,248,129,119,256,133,123,0,0,0,0,0,0
53304104,21,10,11,21,10,11,0,0,0,7,5,2,19,9,10,16,8,8,0,0,0,5,2,3
53304105,92,45,47,92,45,47,0,0,0,42,20,22,92,45,47,92,45,47,0,0,0,0,0,0
53304106,2479,1226,1253,2459,1213,1246,15,9,6,1184,630,554,2354,1164,1190,2324,1146,1178,110,43,67,45,37,8
53305001,895,835,60,833,773,60,3,3,0,76,57,19,543,493,50,112,54,58,783,781,2,0,0,0
53305002,336,156,180,334,154,180,2,2,0,129,64,65,325,151,174,336,156,180,0,0,0,0,0,0
53305003,28,16,12,27,16,11,1,0,1,8,4,4,26,15,11,19,9,10,1,1,0,8,6,2
53305004,1552,771,781,1535,763,772,16,8,8,625,310,315,1490,737,753,1511,744,767,1,1,0,40,26,14
53306801,50,24,26,49,23,26,0,0,0,27,13,14,49,23,26,44,22,22,0,0,0,6,2,4
53306802,82,42,40,82,42,40,0,0,0,32,20,12,77,39,38,82,42,40,0,0,0,0,0,0
53306803,624,298,326,621,298,323,2,0,2,227,123,104,587,278,309,546,265,281,59,18,41,19,15,4
57143101,202,102,100,200,101,99,2,1,1,59,33,26,187,93,94,191,95,96,0,0,0,11,7,4
57159801,22,12,10,21,11,10,1,1,0,7,4,3,19,10,9,22,12,10,0,0,0,0,0,0
57159802,110,54,56,109,53,56,1,1,0,38,21,17,105,49,56,110,54,56,0,0,0,0,0,0
53309201,112,49,63,111,48,63,1,1,0,40,19,21,105,46,59,112,49,63,0,0,0,0,0,0
53309202,27,12,15,27,12,15,0,0,0,12,4,8,27,12,15,27,12,15,0,0,0,0,0,0
53309203,152,82,70,151,81,70,1,1,0,56,31,25,143,76,67,152,82,70,0,0,0,0,0,0
53309204,312,160,152,310,159,151,2,1,1,107,48,59,287,145,142,293,147,146,0,0,0,19,13,6
57142301,184,89,95,184,89,95,0,0,0,55,28,27,162,78,84,183,88,95,1,1,0,0,0,0
57142302,29,15,14,29,15,14,0,0,0,7,5,2,24,11,13,29,15,14,0,0,0,0,0,0
53311401,175,90,85,171,88,83,3,2,1,77,40,37,168,83,85,174,89,85,0,0,0,1,1,0
53311402,137,72,65,131,67,64,5,4,1,44,23,21,121,64,57,135,71,64,0,0,0,2,1,1
53311403,67,30,37,66,29,37,0,0,0,23,14,9,66,29,37,67,30,37,0,0,0,0,0,0
53311404,125,64,61,125,64,61,0,0,0,57,28,29,122,64,58,125,64,61,0,0,0,0,0,0
53311405,1677,819,858,1635,794,841,28,17,11,721,355,366,1564,761,803,1600,773,827,0,0,0,77,46,31
53312201,885,455,430,877,448,429,8,7,1,410,225,185,844,436,408,850,435,415,0,0,0,35,20,15
59942501,186,98,88,181,96,85,4,2,2,74,41,33,175,93,82,182,95,87,0,0,0,4,3,1
53314901,798,392,406,798,392,406,0,0,0,349,164,185,757,376,381,788,386,402,0,0,0,10,6,4
53315701,32,15,17,32,15,17,0,0,0,9,5,4,24,11,13,32,15,17,0,0,0,0,0,0
53315702,101,50,51,99,50,49,2,0,2,47,26,21,95,47,48,101,50,51,0,0,0,0,0,0
53315703,71,40,31,71,40,31,0,0,0,29,16,13,66,38,28,71,40,31,0,0,0,0,0,0
53315704,86,44,42,85,44,41,1,0,1,35,16,19,86,44,42,86,44,42,0,0,0,0,0,0
53315705,80,38,42,78,37,41,2,1,1,30,15,15,76,35,41,79,37,42,0,0,0,1,1,0
53315706,351,176,175,348,174,174,3,2,1,139,75,64,327,167,160,303,158,145,39,11,28,9,7,2
53317301,125,64,61,125,64,61,0,0,0,53,25,28,120,60,60,121,61,60,0,0,0,4,3,1
53317302,51,27,24,51,27,24,0,0,0,16,8,8,45,22,23,40,21,19,0,0,0,11,6,5
53317303,77,37,40,76,36,40,1,1,0,15,9,6,71,35,36,71,33,38,0,0,0,6,4,2
0013250,0,0,0,0,0,0,0,0,0,0,0,0,0,0,0,0,0,0,0,0,0,0,0,0
53318101,513,249,264,512,249,263,0,0,0,208,106,102,475,229,246,504,242,262,0,0,0,9,7,2
53318102,300,132,168,298,131,167,2,1,1,119,63,56,275,121,154,250,120,130,49,11,38,1,1,0
53318103,132,70,62,129,69,60,2,1,1,62,41,21,124,65,59,132,70,62,0,0,0,0,0,0
53318104,49,24,25,49,24,25,0,0,0,24,11,13,48,24,24,46,23,23,0,0,0,3,1,2
53318105,50,24,26,49,24,25,1,0,1,25,16,9,44,21,23,49,24,25,0,0,0,1,0,1
53319001,309,166,143,304,164,140,4,2,2,130,78,52,283,151,132,304,164,140,0,0,0,5,2,3
53321101,198,109,89,198,109,89,0,0,0,85,54,31,185,104,81,187,102,85,0,0,0,11,7,4
53321102,99,55,44,99,55,44,0,0,0,35,21,14,96,54,42,99,55,44,0,0,0,0,0,0
53322001,932,474,458,879,447,432,25,10,15,321,164,157,822,418,404,915,462,453,1,0,1,16,12,4
53323801,645,336,309,642,335,307,3,1,2,230,130,100,580,299,281,604,309,295,36,23,13,5,4,1
53324601,1553,765,788,1545,760,785,7,5,2,725,369,356,1467,730,737,1509,743,766,21,5,16,23,17,6
53324603,238,122,116,237,121,116,1,1,0,95,53,42,217,112,105,238,122,116,0,0,0,0,0,0
59947601,161,86,75,160,85,75,1,1,0,67,38,29,147,79,68,158,83,75,0,0,0,3,3,0
59930101,166,81,85,166,81,85,0,0,0,53,30,23,153,74,79,144,70,74,0,0,0,22,11,11
53326201,153,77,76,151,76,75,2,1,1,68,37,31,140,70,70,153,77,76,0,0,0,0,0,0
53326202,80,41,39,80,41,39,0,0,0,35,18,17,79,41,38,80,41,39,0,0,0,0,0,0
53326203,93,47,46,93,47,46,0,0,0,44,23,21,88,45,43,93,47,46,0,0,0,0,0,0
53326204,93,54,39,93,54,39,0,0,0,46,31,15,87,48,39,93,54,39,0,0,0,0,0,0
53326205,1353,677,676,1332,660,672,19,15,4,528,259,269,1253,624,629,1289,636,653,35,19,16,29,22,7
53326206,60,28,32,59,27,32,1,1,0,18,6,12,50,22,28,60,28,32,0,0,0,0,0,0
53326207,61,29,32,61,29,32,0,0,0,23,10,13,59,28,31,61,29,32,0,0,0,0,0,0
53326208,31,18,13,31,18,13,0,0,0,9,5,4,30,17,13,31,18,13,0,0,0,0,0,0
0228020,0,0,0,0,0,0,0,0,0,0,0,0,0,0,0,0,0,0,0,0,0,0,0,0
53327101,280,147,133,273,141,132,5,4,1,111,66,45,266,140,126,277,146,131,0,0,0,3,1,2
53327102,774,392,382,765,388,377,8,4,4,331,181,150,720,363,357,773,391,382,1,1,0,0,0,0
53327103,125,62,63,123,61,62,2,1,1,50,25,25,110,54,56,122,59,63,3,3,0,0,0,0
53327104,136,74,62,132,71,61,4,3,1,42,25,17,126,69,57,105,56,49,28,16,12,3,2,1
53327105,1372,652,720,1360,649,711,9,2,7,643,327,316,1289,618,671,1306,621,685,65,30,35,1,1,0
53327106,2299,1122,1177,2261,1103,1158,22,11,11,1019,534,485,2175,1052,1123,2269,1102,1167,28,19,9,2,1,1
53327108,226,116,110,217,109,108,4,3,1,109,59,50,219,112,107,214,108,106,7,6,1,5,2,3
53327109,935,434,501,928,430,498,7,4,3,452,225,227,858,404,454,856,417,439,78,16,62,1,1,0
53327110,1114,565,549,1094,553,541,15,10,5,462,229,233,1008,509,499,900,423,477,3,1,2,211,141,70
53328901,783,392,391,777,388,389,5,3,2,350,189,161,733,368,365,777,387,390,0,0,0,6,5,1
53329701,242,132,110,240,132,108,2,0,2,110,72,38,231,125,106,231,126,105,0,0,0,11,6,5
53329702,125,59,66,125,59,66,0,0,0,56,24,32,115,53,62,120,57,63,0,0,0,5,2,3
53329703,109,58,51,101,54,47,8,4,4,43,26,17,97,52,45,109,58,51,0,0,0,0,0,0
51318101,118,59,59,118,59,59,0,0,0,55,34,21,110,56,54,117,58,59,0,0,0,1,1,0
53330101,1211,577,634,1187,564,623,17,10,7,275,143,132,1024,492,532,1018,505,513,82,14,68,111,58,53
56468101,221,109,112,221,109,112,0,0,0,102,52,50,214,104,110,220,108,112,0,0,0,1,1,0
56468102,27,10,17,27,10,17,0,0,0,4,4,0,27,10,17,27,10,17,0,0,0,0,0,0
59945001,96,49,47,95,48,47,1,1,0,37,19,18,91,46,45,95,48,47,0,0,0,1,1,0
53332701,85,43,42,85,43,42,0,0,0,41,22,19,80,40,40,85,43,42,0,0,0,0,0,0
53332702,67,31,36,67,31,36,0,0,0,33,15,18,65,31,34,67,31,36,0,0,0,0,0,0
53332703,256,122,134,254,121,133,2,1,1,108,57,51,235,113,122,240,113,127,0,0,0,16,9,7
53332704,31,15,16,31,15,16,0,0,0,15,8,7,27,13,14,31,15,16,0,0,0,0,0,0
53332705,62,31,31,62,31,31,0,0,0,31,18,13,56,28,28,62,31,31,0,0,0,0,0,0
56480001,597,306,291,591,303,288,6,3,3,172,81,91,543,275,268,577,291,286,0,0,0,20,15,5
53499401,219,111,108,218,111,107,1,0,1,111,58,53,201,104,97,214,106,108,0,0,0,5,5,0
53334301,491,243,248,489,241,248,2,2,0,187,99,88,458,228,230,480,234,246,0,0,0,11,9,2
53335101,317,163,154,314,161,153,3,2,1,122,67,55,305,153,152,285,145,140,12,8,4,20,10,10
53335102,158,80,78,154,78,76,2,1,1,59,33,26,149,76,73,153,79,74,5,1,4,0,0,0
53335103,234,122,112,229,118,111,5,4,1,87,45,42,221,115,106,220,110,110,3,3,0,11,9,2
53336001,539,264,275,528,256,272,11,8,3,218,113,105,506,249,257,530,260,270,0,0,0,9,4,5
51341501,77,38,39,77,38,39,0,0,0,32,17,15,77,38,39,75,36,39,0,0,0,2,2,0
51341502,126,62,64,125,61,64,1,1,0,59,31,28,125,61,64,126,62,64,0,0,0,0,0,0
57168701,123,59,64,123,59,64,0,0,0,62,34,28,119,58,61,117,57,60,0,0,0,6,2,4
53338601,597,301,296,593,299,294,4,2,2,282,160,122,566,287,279,573,286,287,0,0,0,24,15,9
53338602,248,118,130,248,118,130,0,0,0,77,35,42,234,112,122,247,118,129,0,0,0,1,0,1
53338603,173,90,83,173,90,83,0,0,0,74,41,33,170,90,80,173,90,83,0,0,0,0,0,0
53338604,59,28,31,59,28,31,0,0,0,21,8,13,55,24,31,59,28,31,0,0,0,0,0,0
3072030,0,0,0,0,0,0,0,0,0,0,0,0,0,0,0,0,0,0,0,0,0,0,0,0
3072110,0,0,0,0,0,0,0,0,0,0,0,0,0,0,0,0,0,0,0,0,0,0,0,0
3210360,0,0,0,0,0,0,0,0,0,0,0,0,0,0,0,0,0,0,0,0,0,0,0,0
3210442,0,0,0,0,0,0,0,0,0,0,0,0,0,0,0,0,0,0,0,0,0,0,0,0
53316501,787,401,386,785,400,385,2,1,1,473,251,222,757,386,371,787,401,386,0,0,0,0,0,0
53316503,81,35,46,81,35,46,0,0,0,39,14,25,80,34,46,81,35,46,0,0,0,0,0,0
53316504,180,91,89,178,90,88,1,1,0,122,70,52,172,87,85,180,91,89,0,0,0,0,0,0
53316507,1641,802,839,1608,783,825,28,17,11,1034,530,504,1572,762,810,1611,787,824,27,13,14,3,2,1
53316508,1484,860,624,1422,822,600,56,34,22,604,363,241,1372,796,576,907,446,461,28,14,14,549,400,149
53316509,1436,693,743,1412,680,732,22,11,11,841,431,410,1377,664,713,1433,691,742,2,2,0,1,0,1
53316510,895,416,479,868,396,472,26,20,6,446,209,237,842,385,457,836,398,438,47,9,38,12,9,3
53316511,4203,2067,2136,3867,1858,2009,306,192,114,1856,901,955,3956,1950,2006,4171,2062,2109,32,5,27,0,0,0
53316512,28,13,15,28,13,15,0,0,0,16,8,8,28,13,15,26,12,14,0,0,0,2,1,1
53316513,5497,2486,3011,5347,2393,2954,127,81,46,2536,1200,1336,5237,2361,2876,5479,2485,2994,17,0,17,1,1,0
53316514,603,342,261,460,251,209,136,87,49,188,102,86,558,325,233,603,342,261,0,0,0,0,0,0
53316515,93,42,51,83,36,47,10,6,4,43,21,22,72,31,41,85,34,51,8,8,0,0,0,0
53316516,2179,1035,1144,2106,992,1114,68,40,28,1061,524,537,2048,974,1074,2178,1034,1144,1,1,0,0,0,0
53316518,244,109,135,226,101,125,17,7,10,102,51,51,221,97,124,231,105,126,13,4,9,0,0,0
53316519,70,36,34,67,35,32,1,0,1,36,19,17,66,33,33,65,32,33,5,4,1,0,0,0
53316520,451,219,232,421,199,222,28,18,10,187,88,99,402,194,208,451,219,232,0,0,0,0,0,0
53316521,375,191,184,369,186,183,6,5,1,211,112,99,360,181,179,374,190,184,0,0,0,1,1,0
53316522,233,122,111,229,118,111,2,2,0,135,78,57,222,116,106,231,121,110,2,1,1,0,0,0
53316523,84,44,40,80,42,38,1,0,1,25,14,11,79,40,39,81,42,39,1,0,1,2,2,0
53316525,784,385,399,737,356,381,46,29,17,310,158,152,689,342,347,717,362,355,66,23,43,1,0,1
53316526,2666,1422,1244,2358,1164,1194,295,250,45,1322,662,660,2405,1229,1176,2354,1156,1198,308,264,44,4,2,2
53316528,1156,557,599,1138,547,591,15,9,6,634,316,318,1110,531,579,1156,557,599,0,0,0,0,0,0
53316529,461,270,191,353,192,161,102,73,29,177,104,73,360,200,160,349,190,159,107,76,31,5,4,1
53316530,67,40,27,56,29,27,11,11,0,28,13,15,59,32,27,67,40,27,0,0,0,0,0,0
53316531,162,85,77,160,84,76,2,1,1,82,45,37,140,72,68,162,85,77,0,0,0,0,0,0
53316532,222,122,100,215,116,99,7,6,1,117,65,52,203,111,92,205,111,94,14,9,5,3,2,1
53316533,181,90,91,181,90,91,0,0,0,107,58,49,170,88,82,177,88,89,0,0,0,4,2,2
53316534,194,146,48,37,25,12,152,117,35,23,19,4,138,100,38,27,18,9,167,128,39,0,0,0
53316536,4043,1968,2075,3861,1853,2008,161,105,56,2191,1080,1111,3801,1850,1951,4024,1959,2065,16,7,9,3,2,1
53316537,444,243,201,416,223,193,27,19,8,188,110,78,404,218,186,355,189,166,89,54,35,0,0,0
53316538,600,289,311,579,275,304,19,13,6,367,181,186,573,273,300,600,289,311,0,0,0,0,0,0
53316539,406,198,208,405,197,208,0,0,0,283,135,148,396,194,202,394,193,201,12,5,7,0,0,0
53339401,852,424,428,843,420,423,8,4,4,367,181,186,805,402,403,825,408,417,0,0,0,27,16,11
53339402,34,18,16,34,18,16,0,0,0,14,8,6,31,17,14,34,18,16,0,0,0,0,0,0
53339403,93,49,44,92,48,44,1,1,0,45,23,22,85,45,40,92,49,43,0,0,0,1,0,1
53340801,211,108,103,211,108,103,0,0,0,108,57,51,207,105,102,202,102,100,0,0,0,9,6,3
53340802,261,130,131,261,130,131,0,0,0,109,56,53,243,126,117,249,120,129,0,0,0,12,10,2
53340803,147,75,72,147,75,72,0,0,0,72,38,34,140,72,68,147,75,72,0,0,0,0,0,0
53342401,26,12,14,26,12,14,0,0,0,4,1,3,23,10,13,5,2,3,4,1,3,17,9,8
53342402,1875,897,978,1866,893,973,7,4,3,796,414,382,1769,851,918,1739,845,894,92,16,76,44,36,8
53342403,69,37,32,69,37,32,0,0,0,27,15,12,66,35,31,69,37,32,0,0,0,0,0,0
53344101,106,57,49,106,57,49,0,0,0,45,26,19,99,53,46,103,56,47,0,0,0,3,1,2
53344102,772,378,394,767,376,391,4,1,3,380,197,183,721,352,369,766,373,393,0,0,0,6,5,1
53345901,374,185,189,368,182,186,6,3,3,165,86,79,352,176,176,362,179,183,0,0,0,12,6,6
53345902,34,16,18,34,16,18,0,0,0,14,6,8,31,15,16,34,16,18,0,0,0,0,0,0
59948401,104,53,51,104,53,51,0,0,0,46,26,20,97,50,47,104,53,51,0,0,0,0,0,0
53346701,115,55,60,113,53,60,2,2,0,43,20,23,100,49,51,115,55,60,0,0,0,0,0,0
53346702,373,186,187,371,186,185,2,0,2,169,88,81,361,179,182,367,182,185,0,0,0,6,4,2
53346703,48,26,22,46,24,22,1,1,0,15,9,6,41,22,19,36,22,14,0,0,0,12,4,8
57171701,246,120,126,240,117,123,4,2,2,96,46,50,234,113,121,232,110,122,0,0,0,14,10,4
53347501,294,146,148,291,144,147,3,2,1,126,63,63,281,140,141,288,141,147,0,0,0,6,5,1
53348301,292,158,134,282,149,133,10,9,1,120,70,50,277,147,130,285,154,131,2,1,1,5,3,2
51327001,182,86,96,180,86,94,1,0,1,107,53,54,177,84,93,182,86,96,0,0,0,0,0,0
53350501,112,50,62,112,50,62,0,0,0,40,16,24,107,48,59,110,49,61,0,0,0,2,1,1
53350502,206,110,96,205,109,96,1,1,0,77,47,30,201,108,93,203,108,95,0,0,0,3,2,1
53351301,128,62,66,128,62,66,0,0,0,49,23,26,126,62,64,128,62,66,0,0,0,0,0,0
53351302,250,124,126,250,124,126,0,0,0,99,54,45,239,118,121,249,123,126,0,0,0,1,1,0
56470201,112,64,48,109,64,45,2,0,2,27,19,8,101,56,45,94,54,40,0,0,0,18,10,8
51328801,177,96,81,177,96,81,0,0,0,56,31,25,164,89,75,161,85,76,0,0,0,16,11,5
53352101,354,181,173,352,180,172,2,1,1,153,89,64,338,173,165,354,181,173,0,0,0,0,0,0
53352102,378,192,186,373,188,185,5,4,1,145,73,72,344,174,170,371,188,183,0,0,0,7,4,3
57163601,371,188,183,368,186,182,2,2,0,144,77,67,349,178,171,365,184,181,0,0,0,6,4,2
53353001,808,398,410,796,390,406,10,8,2,382,186,196,776,383,393,785,383,402,0,0,0,23,15,8
53353002,507,257,250,505,256,249,1,1,0,198,100,98,486,243,243,507,257,250,0,0,0,0,0,0
53355601,294,148,146,292,148,144,1,0,1,125,72,53,275,140,135,289,145,144,0,0,0,5,3,2
3309730,0,0,0,0,0,0,0,0,0,0,0,0,0,0,0,0,0,0,0,0,0,0,0,0
53357201,841,443,398,775,380,395,58,56,2,346,180,166,770,403,367,754,365,389,71,69,2,16,9,7
51342301,343,173,170,342,173,169,0,0,0,163,83,80,320,160,160,340,170,170,0,0,0,3,3,0
53764101,4195,2057,2138,4120,2015,2105,68,40,28,1883,982,901,3943,1924,2019,4050,1986,2064,65,20,45,80,51,29
53764102,539,275,264,529,270,259,10,5,5,218,117,101,486,247,239,538,274,264,0,0,0,1,1,0
53358101,60,32,28,60,32,28,0,0,0,22,12,10,56,31,25,55,31,24,0,0,0,5,1,4
53358102,90,46,44,90,46,44,0,0,0,24,14,10,80,41,39,85,44,41,0,0,0,5,2,3
53358103,1613,802,811,1597,794,803,13,7,6,689,366,323,1543,762,781,1529,760,769,23,5,18,61,37,24
53358104,142,79,63,141,79,62,1,0,1,42,29,13,126,70,56,130,73,57,0,0,0,12,6,6
53767501,102,49,53,101,49,52,1,0,1,42,25,17,93,44,49,96,45,51,0,0,0,6,4,2
53767502,280,126,154,279,125,154,1,1,0,138,68,70,264,122,142,280,126,154,0,0,0,0,0,0
53767503,249,117,132,243,113,130,6,4,2,111,63,48,241,117,124,224,113,111,25,4,21,0,0,0
53359901,654,325,329,652,323,329,2,2,0,210,109,101,619,308,311,633,311,322,5,5,0,16,9,7
51323701,193,100,93,193,100,93,0,0,0,79,47,32,186,95,91,191,98,93,0,0,0,2,2,0
51314801,208,111,97,205,108,97,2,2,0,62,36,26,191,99,92,204,108,96,0,0,0,4,3,1
53770501,1559,761,798,1539,747,792,15,11,4,622,331,291,1483,725,758,1532,739,793,13,12,1,14,10,4
51336901,310,154,156,304,151,153,5,2,3,93,49,44,283,141,142,302,150,152,0,0,0,8,4,4
51339301,451,221,230,448,220,228,3,1,2,185,94,91,438,213,225,439,213,226,0,0,0,12,8,4
53361101,478,255,223,476,254,222,2,1,1,159,93,66,445,240,205,460,240,220,0,0,0,18,15,3
53361102,144,69,75,139,67,72,4,2,2,41,21,20,133,65,68,144,69,75,0,0,0,0,0,0
53361103,262,127,135,260,126,134,2,1,1,85,40,45,247,119,128,262,127,135,0,0,0,0,0,0
53362901,39,18,21,38,18,20,1,0,1,4,2,2,36,16,20,37,18,19,0,0,0,2,0,2
53362902,1153,583,570,1150,582,568,2,1,1,515,262,253,1094,549,545,1131,572,559,7,1,6,15,10,5
53363701,393,191,202,390,191,199,2,0,2,148,72,76,359,171,188,392,191,201,0,0,0,1,0,1
53364501,465,225,240,464,225,239,1,0,1,220,129,91,425,212,213,462,223,239,0,0,0,3,2,1
53364502,48,24,24,47,24,23,1,0,1,20,14,6,46,24,22,48,24,24,0,0,0,0,0,0
53365301,474,242,232,471,241,230,2,0,2,185,106,79,447,234,213,471,239,232,0,0,0,3,3,0
53365302,56,25,31,56,25,31,0,0,0,21,6,15,55,24,31,55,25,30,0,0,0,1,0,1
53365303,31,14,17,31,14,17,0,0,0,14,8,6,29,14,15,29,13,16,0,0,0,2,1,1
53774801,638,332,306,626,328,298,11,4,7,235,137,98,585,303,282,621,321,300,0,0,0,17,11,6
53366101,83,43,40,83,43,40,0,0,0,29,16,13,75,39,36,83,43,40,0,0,0,0,0,0
53366102,525,264,261,518,262,256,6,2,4,180,97,83,487,247,240,504,248,256,0,0,0,21,16,5
53369601,219,108,111,216,106,110,3,2,1,95,41,54,201,98,103,216,106,110,0,0,0,3,2,1
53370001,972,501,471,966,495,471,4,4,0,448,222,226,922,476,446,926,467,459,1,1,0,45,33,12
53370002,671,321,350,666,319,347,2,1,1,316,157,159,639,303,336,668,320,348,0,0,0,3,1,2
53372601,128,69,59,128,69,59,0,0,0,35,22,13,118,62,56,127,68,59,0,0,0,1,1,0
53372602,66,30,36,66,30,36,0,0,0,28,12,16,56,25,31,66,30,36,0,0,0,0,0,0
53372603,316,150,166,314,150,164,2,0,2,117,63,54,286,139,147,299,136,163,15,12,3,2,2,0
53788801,646,303,343,642,301,341,3,1,2,277,139,138,629,296,333,641,301,340,0,0,0,5,2,3
53373401,111,46,65,111,46,65,0,0,0,30,12,18,110,46,64,111,46,65,0,0,0,0,0,0
53373402,447,237,210,442,235,207,3,2,1,189,107,82,425,226,199,434,229,205,2,1,1,11,7,4
53374201,336,119,217,335,118,217,1,1,0,57,28,29,253,96,157,140,67,73,196,52,144,0,0,0
53374202,216,96,120,216,96,120,0,0,0,85,40,45,195,84,111,215,95,120,0,0,0,1,1,0
53375101,63,26,37,63,26,37,0,0,0,16,6,10,56,23,33,60,25,35,0,0,0,3,1,2
53375102,22,11,11,22,11,11,0,0,0,13,7,6,20,10,10,22,11,11,0,0,0,0,0,0
53375103,98,52,46,94,51,43,4,1,3,33,22,11,96,50,46,98,52,46,0,0,0,0,0,0
53375104,396,186,210,394,185,209,2,1,1,168,88,80,372,177,195,385,178,207,0,0,0,11,8,3
53376901,970,486,484,965,482,483,5,4,1,425,231,194,913,455,458,955,479,476,0,0,0,15,7,8
53377701,590,300,290,546,274,272,39,23,16,207,105,102,546,277,269,574,288,286,0,0,0,16,12,4
53378501,370,186,184,368,184,184,1,1,0,120,60,60,337,167,170,369,186,183,0,0,0,1,0,1
53378502,736,360,376,727,352,375,7,6,1,301,159,142,698,339,359,717,349,368,2,0,2,17,11,6
53380702,185,95,90,185,95,90,0,0,0,74,40,34,177,92,85,184,94,90,0,0,0,1,1,0
53380703,23,12,11,21,10,11,1,1,0,12,6,6,23,12,11,19,8,11,0,0,0,4,4,0
53380704,1657,800,857,1644,794,850,9,5,4,739,364,375,1548,744,804,1604,761,843,2,2,0,51,37,14
53380705,225,115,110,224,114,110,1,1,0,94,55,39,214,107,107,225,115,110,0,0,0,0,0,0
53381501,144,74,70,144,74,70,0,0,0,64,38,26,143,74,69,144,74,70,0,0,0,0,0,0
53381502,200,98,102,200,98,102,0,0,0,89,47,42,184,93,91,192,94,98,0,0,0,8,4,4
53382301,239,117,122,233,115,118,1,0,1,111,54,57,229,112,117,238,116,122,0,0,0,1,1,0
53383101,2001,1043,958,1892,943,949,105,96,9,973,518,455,1866,954,912,1920,1001,919,50,19,31,31,23,8
53383102,237,125,112,236,124,112,1,1,0,93,49,44,229,119,110,237,125,112,0,0,0,0,0,0
53384001,2419,1208,1211,2390,1190,1200,25,15,10,1018,531,487,2277,1125,1152,2383,1184,1199,5,2,3,31,22,9
53385802,468,238,230,466,237,229,2,1,1,203,104,99,436,216,220,461,236,225,0,0,0,7,2,5
53385803,950,453,497,945,450,495,4,2,2,491,231,260,912,434,478,920,434,486,0,0,0,30,19,11
53386601,107,51,56,101,45,56,5,5,0,40,17,23,104,48,56,107,51,56,0,0,0,0,0,0
53386602,368,178,190,365,176,189,2,2,0,138,75,63,340,163,177,347,167,180,1,1,0,20,10,10
53386604,196,108,88,194,106,88,2,2,0,77,47,30,189,104,85,193,106,87,0,0,0,3,2,1
53386605,165,80,85,162,77,85,2,2,0,81,42,39,158,75,83,163,78,85,0,0,0,2,2,0
53386606,31,16,15,31,16,15,0,0,0,17,9,8,29,15,14,31,16,15,0,0,0,0,0,0
53386607,241,118,123,237,114,123,4,4,0,102,55,47,219,108,111,194,95,99,0,0,0,47,23,24
53388201,510,257,253,508,255,253,2,2,0,231,127,104,474,244,230,506,254,252,0,0,0,4,3,1
56482601,248,122,126,243,119,124,4,2,2,86,40,46,242,120,122,247,121,126,0,0,0,1,1,0
53389101,413,209,204,406,206,200,4,3,1,149,73,76,382,196,186,406,202,204,0,0,0,7,7,0
51320201,34,18,16,34,18,16,0,0,0,11,7,4,30,17,13,27,15,12,0,0,0,7,3,4
51320202,85,50,35,84,50,34,1,0,1,29,15,14,80,48,32,80,47,33,0,0,0,5,3,2
53392101,175,94,81,174,94,80,0,0,0,65,35,30,163,87,76,153,78,75,14,10,4,8,6,2
53392102,69,52,17,69,52,17,0,0,0,3,2,1,58,44,14,17,8,9,49,42,7,3,2,1
53392103,109,51,58,109,51,58,0,0,0,36,18,18,100,48,52,105,48,57,1,1,0,3,2,1
53392104,147,70,77,146,70,76,1,0,1,56,31,25,137,64,73,147,70,77,0,0,0,0,0,0
53392105,21,12,9,21,12,9,0,0,0,10,5,5,20,11,9,16,8,8,0,0,0,5,4,1
53392106,1502,753,749,1487,743,744,12,7,5,704,373,331,1399,699,700,1454,725,729,0,0,0,48,28,20
51326101,244,119,125,244,119,125,0,0,0,91,50,41,225,109,116,235,113,122,0,0,0,9,6,3
51316401,351,172,179,347,168,179,4,4,0,159,78,81,340,167,173,346,168,178,0,0,0,5,4,1
53803501,370,177,193,368,176,192,2,1,1,163,79,84,344,160,184,357,168,189,1,1,0,12,8,4
53803502,77,38,39,76,37,39,1,1,0,29,14,15,74,35,39,77,38,39,0,0,0,0,0,0
53394701,152,78,74,148,76,72,3,1,2,75,41,34,146,73,73,152,78,74,0,0,0,0,0,0
53394702,415,266,149,224,108,116,182,150,32,160,95,65,326,191,135,261,145,116,146,114,32,8,7,1
53394703,36,19,17,35,19,16,1,0,1,11,7,4,34,18,16,36,19,17,0,0,0,0,0,0
53394704,151,71,80,149,70,79,1,1,0,57,27,30,148,70,78,151,71,80,0,0,0,0,0,0
53394706,864,455,409,817,420,397,37,28,9,385,205,180,799,415,384,820,420,400,22,19,3,22,16,6
53394707,78,38,40,77,37,40,1,1,0,28,13,15,74,35,39,78,38,40,0,0,0,0,0,0
53136701,131,68,63,131,68,63,0,0,0,57,34,23,121,64,57,129,67,62,0,0,0,2,1,1
53111101,169,86,83,168,85,83,1,1,0,84,47,37,165,85,80,169,86,83,0,0,0,0,0,0
53397101,323,161,162,317,157,160,6,4,2,147,77,70,304,152,152,304,147,157,8,6,2,11,8,3
53397102,124,64,60,123,64,59,1,0,1,45,27,18,116,61,55,124,64,60,0,0,0,0,0,0
53397103,122,63,59,122,63,59,0,0,0,53,36,17,122,63,59,117,60,57,0,0,0,5,3,2
53096401,19,12,7,19,12,7,0,0,0,9,7,2,19,12,7,19,12,7,0,0,0,0,0,0
53398001,257,122,135,251,117,134,6,5,1,112,59,53,240,114,126,248,115,133,1,1,0,8,6,2
53398002,41,22,19,41,22,19,0,0,0,22,15,7,38,21,17,40,21,19,0,0,0,1,1,0
53398005,73,41,32,73,41,32,0,0,0,34,21,13,68,38,30,73,41,32,0,0,0,0,0,0
53398006,32,11,21,32,11,21,0,0,0,19,8,11,29,11,18,30,11,19,0,0,0,2,0,2
53398007,25,11,14,25,11,14,0,0,0,9,4,5,24,10,14,25,11,14,0,0,0,0,0,0
53083201,65,32,33,65,32,33,0,0,0,41,21,20,60,30,30,65,32,33,0,0,0,0,0,0
53083202,60,30,30,60,30,30,0,0,0,27,12,15,59,29,30,60,30,30,0,0,0,0,0,0
53128601,383,178,205,382,177,205,1,1,0,189,94,95,361,168,193,382,177,205,0,0,0,1,1,0
53399801,630,319,311,619,312,307,10,7,3,292,148,144,600,306,294,612,303,309,0,0,0,18,16,2
53399802,628,305,323,625,303,322,3,2,1,307,159,148,613,295,318,627,305,322,0,0,0,1,0,1
0183680,0,0,0,0,0,0,0,0,0,0,0,0,0,0,0,0,0,0,0,0,0,0,0,0
0183760,0,0,0,0,0,0,0,0,0,0,0,0,0,0,0,0,0,0,0,0,0,0,0,0
0184060,0,0,0,0,0,0,0,0,0,0,0,0,0,0,0,0,0,0,0,0,0,0,0,0
0184650,0,0,0,0,0,0,0,0,0,0,0,0,0,0,0,0,0,0,0,0,0,0,0,0
0184810,0,0,0,0,0,0,0,0,0,0,0,0,0,0,0,0,0,0,0,0,0,0,0,0
53400501,182,50,132,182,50,132,0,0,0,36,15,21,144,45,99,100,47,53,81,3,78,1,0,1
53400502,29,17,12,26,15,11,3,2,1,11,7,4,29,17,12,27,15,12,0,0,0,2,2,0
53400504,221,115,106,221,115,106,0,0,0,119,64,55,217,113,104,221,115,106,0,0,0,0,0,0
53400505,2294,1079,1215,2235,1041,1194,57,37,20,1002,493,509,2175,1012,1163,2282,1070,1212,11,9,2,1,0,1
53400506,2582,1222,1360,2520,1176,1344,60,45,15,1119,543,576,2418,1146,1272,2567,1210,1357,15,12,3,0,0,0
53400507,130,65,65,130,65,65,0,0,0,67,36,31,121,61,60,130,65,65,0,0,0,0,0,0
53400508,71,37,34,71,37,34,0,0,0,33,18,15,70,36,34,71,37,34,0,0,0,0,0,0
53400509,1777,874,903,1766,868,898,10,6,4,938,501,437,1698,839,859,1777,874,903,0,0,0,0,0,0
53400510,182,94,88,180,92,88,2,2,0,65,36,29,173,89,84,180,92,88,2,2,0,0,0,0
53400511,1532,734,798,1506,720,786,24,13,11,647,336,311,1428,681,747,1520,726,794,11,8,3,1,0,1
53400512,260,102,158,256,99,157,4,3,1,93,42,51,225,92,133,167,83,84,93,19,74,0,0,0
53400513,894,467,427,876,456,420,14,9,5,400,203,197,846,443,403,785,380,405,4,3,1,105,84,21
52952401,33,20,13,33,20,13,0,0,0,12,9,3,32,19,13,33,20,13,0,0,0,0,0,0
0202732,0,0,0,0,0,0,0,0,0,0,0,0,0,0,0,0,0,0,0,0,0,0,0,0
53401301,96,50,46,96,50,46,0,0,0,47,27,20,88,44,44,93,49,44,0,0,0,3,1,2
53401302,51,23,28,51,23,28,0,0,0,10,7,3,46,21,25,21,7,14,0,0,0,30,16,14
53401303,91,48,43,91,48,43,0,0,0,34,21,13,83,44,39,86,44,42,0,0,0,5,4,1
53401304,61,35,26,61,35,26,0,0,0,25,16,9,55,32,23,60,34,26,0,0,0,1,1,0
53401305,22,13,9,22,13,9,0,0,0,8,4,4,21,12,9,22,13,9,0,0,0,0,0,0
53401306,47,26,21,47,26,21,0,0,0,25,13,12,45,25,20,46,25,21,0,0,0,1,1,0
53401308,27,13,14,26,13,13,0,0,0,6,2,4,25,12,13,27,13,14,0,0,0,0,0,0
53402101,506,255,251,506,255,251,0,0,0,241,124,117,488,245,243,480,239,241,2,1,1,24,15,9
53402104,32,16,16,32,16,16,0,0,0,10,8,2,25,13,12,31,15,16,0,0,0,1,1,0
53402105,43,21,22,43,21,22,0,0,0,22,11,11,43,21,22,43,21,22,0,0,0,0,0,0
53402106,60,30,30,60,30,30,0,0,0,19,12,7,59,30,29,56,28,28,0,0,0,4,2,2
53403001,50,23,27,50,23,27,0,0,0,32,20,12,50,23,27,50,23,27,0,0,0,0,0,0
53403002,144,71,73,144,71,73,0,0,0,66,33,33,138,69,69,140,67,73,0,0,0,4,4,0
53403003,53,27,26,53,27,26,0,0,0,32,16,16,51,25,26,53,27,26,0,0,0,0,0,0
53403004,28,18,10,28,18,10,0,0,0,13,9,4,27,17,10,28,18,10,0,0,0,0,0,0
53403005,45,23,22,44,23,21,1,0,1,15,8,7,41,20,21,43,21,22,0,0,0,2,2,0
53403006,78,36,42,78,36,42,0,0,0,39,20,19,63,29,34,71,32,39,0,0,0,7,4,3
53403007,27,19,8,27,19,8,0,0,0,13,9,4,22,16,6,27,19,8,0,0,0,0,0,0
52955902,118,62,56,113,58,55,2,1,1,58,28,30,111,61,50,116,60,56,0,0,0,2,2,0
53126001,99,50,49,99,50,49,0,0,0,36,23,13,91,45,46,97,48,49,0,0,0,2,2,0
53134101,383,186,197,379,185,194,4,1,3,156,78,78,370,178,192,375,180,195,0,0,0,8,6,2
53119701,575,291,284,569,288,281,5,2,3,233,121,112,550,279,271,572,288,284,0,0,0,3,3,0
53119702,52,27,25,52,27,25,0,0,0,18,11,7,47,25,22,52,27,25,0,0,0,0,0,0
53143001,37,19,18,37,19,18,0,0,0,20,13,7,36,18,18,37,19,18,0,0,0,0,0,0
53143002,131,66,65,130,66,64,1,0,1,65,32,33,127,64,63,127,63,64,0,0,0,4,3,1
53143003,214,109,105,212,108,104,2,1,1,105,55,50,200,103,97,214,109,105,0,0,0,0,0,0
0420480,0,0,0,0,0,0,0,0,0,0,0,0,0,0,0,0,0,0,0,0,0,0,0,0
53405601,41,23,18,41,23,18,0,0,0,27,17,10,41,23,18,41,23,18,0,0,0,0,0,0
53405602,38,21,17,38,21,17,0,0,0,19,14,5,36,20,16,38,21,17,0,0,0,0,0,0
53405603,23,8,15,23,8,15,0,0,0,11,3,8,23,8,15,0,0,0,0,0,0,23,8,15
53405604,206,101,105,206,101,105,0,0,0,93,45,48,190,91,99,204,99,105,0,0,0,2,2,0
53405605,75,36,39,75,36,39,0,0,0,47,27,20,73,34,39,73,36,37,0,0,0,2,0,2
53135901,380,187,193,378,185,193,1,1,0,151,79,72,356,174,182,370,184,186,5,1,4,5,2,3
53148101,179,88,91,174,85,89,5,3,2,73,34,39,169,84,85,174,85,89,4,2,2,1,1,0
53406401,245,134,111,243,132,111,2,2,0,92,51,41,222,121,101,242,131,111,0,0,0,3,3,0
53141301,103,54,49,103,54,49,0,0,0,42,21,21,100,52,48,102,53,49,0,0,0,1,1,0
53408102,96,45,51,95,44,51,1,1,0,45,24,21,89,42,47,87,40,47,1,1,0,8,4,4
53408103,144,75,69,141,73,68,0,0,0,51,29,22,129,66,63,132,69,63,5,3,2,7,3,4
0724271,0,0,0,0,0,0,0,0,0,0,0,0,0,0,0,0,0,0,0,0,0,0,0,0
53409901,329,169,160,325,165,160,4,4,0,165,89,76,307,153,154,323,164,159,1,1,0,5,4,1
53409902,36,17,19,36,17,19,0,0,0,16,8,8,32,15,17,36,17,19,0,0,0,0,0,0
53409903,58,31,27,58,31,27,0,0,0,33,21,12,57,30,27,55,30,25,0,0,0,3,1,2
53409904,81,40,41,81,40,41,0,0,0,47,26,21,77,37,40,81,40,41,0,0,0,0,0,0
53409905,49,28,21,49,28,21,0,0,0,26,18,8,47,28,19,49,28,21,0,0,0,0,0,0
53409906,36,16,20,36,16,20,0,0,0,16,5,11,29,13,16,35,15,20,0,0,0,1,1,0
53409907,24,14,10,24,14,10,0,0,0,7,3,4,24,14,10,24,14,10,0,0,0,0,0,0
53409908,25,14,11,25,14,11,0,0,0,8,4,4,23,12,11,24,13,11,0,0,0,1,1,0
53409909,92,44,48,92,44,48,0,0,0,37,22,15,80,37,43,91,43,48,0,0,0,1,1,0
53410201,761,402,359,760,401,359,1,1,0,343,197,146,725,385,340,742,389,353,0,0,0,19,13,6
53412903,577,290,287,574,289,285,1,0,1,239,137,102,541,274,267,557,276,281,3,2,1,17,12,5
53412904,59,31,28,59,31,28,0,0,0,21,10,11,54,27,27,43,24,19,1,1,0,15,6,9
53412906,68,36,32,68,36,32,0,0,0,31,18,13,64,33,31,68,36,32,0,0,0,0,0,0
53412907,49,27,22,49,27,22,0,0,0,22,13,9,43,23,20,44,23,21,0,0,0,5,4,1
53412908,43,19,24,43,19,24,0,0,0,23,11,12,40,17,23,41,18,23,0,0,0,2,1,1
53413701,375,200,175,374,199,175,1,1,0,169,95,74,350,187,163,372,197,175,0,0,0,3,3,0
53413702,73,42,31,73,42,31,0,0,0,31,17,14,65,36,29,73,42,31,0,0,0,0,0,0
53413703,81,36,45,80,36,44,0,0,0,39,18,21,75,34,41,77,34,43,0,0,0,4,2,2
53413704,29,13,16,29,13,16,0,0,0,8,4,4,25,11,14,29,13,16,0,0,0,0,0,0
53140501,210,98,112,208,97,111,2,1,1,84,37,47,197,93,104,209,97,112,0,0,0,1,1,0
55146501,61,28,33,61,28,33,0,0,0,24,13,11,61,28,33,60,27,33,0,0,0,1,1,0
53415302,59,28,31,59,28,31,0,0,0,30,13,17,57,28,29,52,25,27,0,0,0,7,3,4
53415303,361,166,195,361,166,195,0,0,0,161,71,90,334,157,177,358,163,195,0,0,0,3,3,0
53416101,20,9,11,20,9,11,0,0,0,9,5,4,20,9,11,20,9,11,0,0,0,0,0,0
53416102,84,38,46,83,38,45,1,0,1,39,16,23,80,37,43,84,38,46,0,0,0,0,0,0
53416103,47,27,20,47,27,20,0,0,0,25,16,9,46,26,20,47,27,20,0,0,0,0,0,0
53416104,36,19,17,35,18,17,1,1,0,18,8,10,35,19,16,36,19,17,0,0,0,0,0,0
53416105,506,259,247,502,256,246,1,1,0,259,140,119,494,253,241,502,256,246,0,0,0,4,3,1
0778101,0,0,0,0,0,0,0,0,0,0,0,0,0,0,0,0,0,0,0,0,0,0,0,0
0778610,0,0,0,0,0,0,0,0,0,0,0,0,0,0,0,0,0,0,0,0,0,0,0,0
0779330,0,0,0,0,0,0,0,0,0,0,0,0,0,0,0,0,0,0,0,0,0,0,0,0
0779500,0,0,0,0,0,0,0,0,0,0,0,0,0,0,0,0,0,0,0,0,0,0,0,0
0780002,0,0,0,0,0,0,0,0,0,0,0,0,0,0,0,0,0,0,0,0,0,0,0,0
3072460,0,0,0,0,0,0,0,0,0,0,0,0,0,0,0,0,0,0,0,0,0,0,0,0
3072540,0,0,0,0,0,0,0,0,0,0,0,0,0,0,0,0,0,0,0,0,0,0,0,0
3210950,0,0,0,0,0,0,0,0,0,0,0,0,0,0,0,0,0,0,0,0,0,0,0,0
3228062,0,0,0,0,0,0,0,0,0,0,0,0,0,0,0,0,0,0,0,0,0,0,0,0
3228063,0,0,0,0,0,0,0,0,0,0,0,0,0,0,0,0,0,0,0,0,0,0,0,0
53395501,113,63,50,97,53,44,16,10,6,62,42,20,96,54,42,113,63,50,0,0,0,0,0,0
53395502,1236,598,638,1116,509,607,115,85,30,627,299,328,1148,534,614,1226,590,636,10,8,2,0,0,0
53395503,1130,552,578,1072,515,557,52,35,17,545,269,276,1027,502,525,1098,529,569,28,22,6,4,1,3
53395504,2337,1059,1278,2223,993,1230,103,58,45,1120,534,586,2226,999,1227,2319,1047,1272,0,0,0,18,12,6
53395506,309,136,173,299,130,169,10,6,4,166,76,90,296,130,166,308,135,173,0,0,0,1,1,0
53395507,31,18,13,28,15,13,3,3,0,16,9,7,24,12,12,14,8,6,16,9,7,1,1,0
53395508,221,111,110,220,110,110,1,1,0,128,71,57,218,109,109,221,111,110,0,0,0,0,0,0
53395510,1393,682,711,1367,668,699,24,14,10,743,373,370,1331,652,679,1359,667,692,32,14,18,2,1,1
53395511,1730,830,900,1712,817,895,17,12,5,947,484,463,1675,805,870,1698,819,879,32,11,21,0,0,0
53395512,22,12,10,22,12,10,0,0,0,10,6,4,21,12,9,22,12,10,0,0,0,0,0,0
53395514,24,14,10,24,14,10,0,0,0,13,6,7,24,14,10,24,14,10,0,0,0,0,0,0
53395515,628,324,304,609,314,295,18,10,8,373,212,161,596,306,290,623,321,302,4,2,2,1,1,0
53395516,25,20,5,9,9,0,14,10,4,4,4,0,12,10,2,1,1,0,24,19,5,0,0,0
53395519,187,91,96,186,91,95,1,0,1,127,65,62,183,89,94,187,91,96,0,0,0,0,0,0
53395520,52,28,24,52,28,24,0,0,0,22,11,11,51,28,23,52,28,24,0,0,0,0,0,0
53395522,164,81,83,163,81,82,1,0,1,81,42,39,153,75,78,164,81,83,0,0,0,0,0,0
53395523,1025,496,529,980,461,519,39,29,10,602,285,317,989,476,513,993,472,521,32,24,8,0,0,0
53395526,113,65,48,84,48,36,27,15,12,57,29,28,86,52,34,95,52,43,18,13,5,0,0,0
53395527,785,393,392,781,390,391,3,2,1,475,255,220,762,384,378,785,393,392,0,0,0,0,0,0
53395528,28,14,14,28,14,14,0,0,0,14,6,8,28,14,14,28,14,14,0,0,0,0,0,0
53395529,991,490,501,985,487,498,5,3,2,607,324,283,953,473,480,991,490,501,0,0,0,0,0,0
53395530,737,382,355,703,357,346,29,21,8,328,175,153,660,346,314,584,306,278,153,76,77,0,0,0
53395531,632,313,319,551,263,288,76,47,29,271,135,136,550,269,281,595,288,307,36,24,12,1,1,0
53395532,1446,814,632,1352,752,600,92,61,31,666,362,304,1313,745,568,1013,504,509,43,30,13,390,280,110
53395533,2979,1456,1523,2857,1380,1477,107,67,40,1354,683,671,2845,1395,1450,2979,1456,1523,0,0,0,0,0,0
53395534,1306,626,680,1227,579,648,72,42,30,635,312,323,1232,578,654,1254,593,661,51,32,19,1,1,0
53395535,154,67,87,148,62,86,6,5,1,59,28,31,143,62,81,154,67,87,0,0,0,0,0,0
53395536,62,30,32,62,30,32,0,0,0,35,20,15,61,30,31,62,30,32,0,0,0,0,0,0
53395537,174,88,86,164,82,82,9,6,3,91,53,38,161,81,80,173,87,86,0,0,0,1,1,0
53395538,128,61,67,122,59,63,6,2,4,74,34,40,115,54,61,128,61,67,0,0,0,0,0,0
53417001,219,119,100,203,107,96,14,10,4,78,38,40,190,101,89,161,85,76,10,7,3,48,27,21
53418801,865,427,438,854,422,432,8,4,4,396,198,198,819,407,412,843,415,428,1,1,0,21,11,10
53418802,45,22,23,45,22,23,0,0,0,16,12,4,42,21,21,45,22,23,0,0,0,0,0,0
53418804,57,30,27,56,29,27,1,1,0,15,10,5,50,26,24,57,30,27,0,0,0,0,0,0
53418805,46,21,25,46,21,25,0,0,0,33,17,16,42,20,22,45,20,25,0,0,0,1,1,0
53420001,64,33,31,54,28,26,8,5,3,15,7,8,56,28,28,5,2,3,0,0,0,59,31,28
53420002,158,81,77,153,77,76,5,4,1,55,26,29,145,74,71,149,74,75,5,4,1,4,3,1
53420003,83,43,40,83,43,40,0,0,0,24,9,15,81,42,39,83,43,40,0,0,0,0,0,0
53420004,49,23,26,47,22,25,2,1,1,19,8,11,44,21,23,49,23,26,0,0,0,0,0,0
53420005,403,194,209,401,192,209,2,2,0,155,72,83,386,184,202,394,187,207,1,0,1,8,7,1
53420006,386,195,191,386,195,191,0,0,0,139,76,63,372,188,184,386,195,191,0,0,0,0,0,0
53099901,390,194,196,382,190,192,1,0,1,166,79,87,361,178,183,384,191,193,0,0,0,6,3,3
53422602,44,19,25,44,19,25,0,0,0,23,11,12,41,17,24,44,19,25,0,0,0,0,0,0
53422603,158,80,78,157,80,77,1,0,1,75,37,38,146,73,73,158,80,78,0,0,0,0,0,0
53424201,830,433,397,804,412,392,24,19,5,355,187,168,773,400,373,773,390,383,30,23,7,27,20,7
53424202,21,12,9,21,12,9,0,0,0,13,8,5,18,10,8,21,12,9,0,0,0,0,0,0
53425101,192,97,95,192,97,95,0,0,0,91,53,38,187,96,91,188,94,94,0,0,0,4,3,1
1113251,0,0,0,0,0,0,0,0,0,0,0,0,0,0,0,0,0,0,0,0,0,0,0,0
53427701,56,31,25,56,31,25,0,0,0,28,17,11,55,31,24,56,31,25,0,0,0,0,0,0
53427702,56,27,29,56,27,29,0,0,0,22,11,11,55,26,29,53,26,27,0,0,0,3,1,2
53427703,174,94,80,174,94,80,0,0,0,66,39,27,166,90,76,167,87,80,0,0,0,7,7,0
53427704,24,10,14,24,10,14,0,0,0,8,5,3,22,10,12,24,10,14,0,0,0,0,0,0
53095601,140,75,65,140,75,65,0,0,0,53,34,19,122,67,55,129,67,62,0,0,0,11,8,3
53127801,210,101,109,209,101,108,1,0,1,95,55,40,203,98,105,206,98,108,0,0,0,4,3,1
53430702,38,22,16,38,22,16,0,0,0,15,9,6,38,22,16,29,17,12,0,0,0,9,5,4
53430703,21,13,8,21,13,8,0,0,0,7,5,2,21,13,8,21,13,8,0,0,0,0,0,0
53430705,91,51,40,90,50,40,1,1,0,42,28,14,86,48,38,88,49,39,0,0,0,3,2,1
53431503,209,108,101,205,106,99,4,2,2,92,53,39,198,103,95,203,105,98,0,0,0,6,3,3
53431504,35,15,20,35,15,20,0,0,0,12,4,8,33,13,20,29,12,17,0,0,0,6,3,3
53431505,49,21,28,49,21,28,0,0,0,25,6,19,48,20,28,49,21,28,0,0,0,0,0,0
53432301,25,16,9,25,16,9,0,0,0,2,2,0,20,13,7,25,16,9,0,0,0,0,0,0
53432302,24,11,13,24,11,13,0,0,0,9,5,4,21,9,12,24,11,13,0,0,0,0,0,0
53432303,20,8,12,20,8,12,0,0,0,5,1,4,19,8,11,20,8,12,0,0,0,0,0,0
53432304,34,15,19,33,14,19,1,1,0,7,3,4,24,12,12,34,15,19,0,0,0,0,0,0
53432305,23,10,13,23,10,13,0,0,0,9,5,4,22,9,13,16,7,9,0,0,0,7,3,4
53432306,39,19,20,38,18,20,1,1,0,14,6,8,36,18,18,39,19,20,0,0,0,0,0,0
52819601,24,13,11,24,13,11,0,0,0,13,7,6,22,12,10,24,13,11,0,0,0,0,0,0
52819602,147,75,72,146,74,72,1,1,0,77,40,37,143,71,72,146,74,72,0,0,0,1,1,0
52819603,23,12,11,23,12,11,0,0,0,9,6,3,22,11,11,19,9,10,0,0,0,4,3,1
52819604,21,13,8,21,13,8,0,0,0,10,7,3,21,13,8,21,13,8,0,0,0,0,0,0
53433101,620,290,330,617,289,328,0,0,0,267,129,138,598,279,319,610,282,328,4,2,2,6,6,0
53434001,191,94,97,191,94,97,0,0,0,63,34,29,177,86,91,191,94,97,0,0,0,0,0,0
53434002,39,21,18,37,20,17,2,1,1,16,8,8,35,18,17,39,21,18,0,0,0,0,0,0
53434003,90,45,45,90,45,45,0,0,0,20,10,10,86,43,43,78,37,41,0,0,0,12,8,4
53434004,80,36,44,79,35,44,0,0,0,30,15,15,71,32,39,80,36,44,0,0,0,0,0,0
53435801,44,26,18,44,26,18,0,0,0,16,12,4,43,26,17,38,23,15,0,0,0,6,3,3
53435802,29,14,15,29,14,15,0,0,0,13,7,6,28,13,15,29,14,15,0,0,0,0,0,0
53435803,55,28,27,55,28,27,0,0,0,31,19,12,54,28,26,55,28,27,0,0,0,0,0,0
53435804,428,231,197,422,227,195,5,4,1,135,67,68,377,206,171,356,177,179,58,43,15,14,11,3
52662201,336,174,162,335,173,162,1,1,0,151,88,63,323,167,156,334,173,161,0,0,0,2,1,1
53436601,91,49,42,91,49,42,0,0,0,38,26,12,88,49,39,91,49,42,0,0,0,0,0,0
53436602,29,16,13,29,16,13,0,0,0,9,5,4,26,14,12,26,14,12,0,0,0,3,2,1
53436603,39,18,21,39,18,21,0,0,0,22,12,10,38,17,21,39,18,21,0,0,0,0,0,0
53436604,56,27,29,56,27,29,0,0,0,25,11,14,53,25,28,50,23,27,0,0,0,6,4,2
53437402,45,23,22,44,22,22,1,1,0,11,5,6,41,21,20,39,20,19,0,0,0,6,3,3
53437403,91,32,59,91,32,59,0,0,0,6,3,3,64,24,40,13,6,7,61,15,46,17,11,6
53437404,77,37,40,77,37,40,0,0,0,30,12,18,73,36,37,75,36,39,0,0,0,2,1,1
53437405,50,28,22,49,28,21,1,0,1,15,9,6,45,26,19,14,6,8,1,1,0,35,21,14
53085901,276,137,139,275,136,139,1,1,0,135,76,59,259,130,129,269,134,135,0,0,0,7,3,4
53138301,85,42,43,85,42,43,0,0,0,25,14,11,79,40,39,83,40,43,0,0,0,2,2,0
53439101,91,50,41,90,49,41,1,1,0,37,24,13,82,46,36,91,50,41,0,0,0,0,0,0
53439102,64,35,29,64,35,29,0,0,0,23,11,12,62,34,28,62,33,29,0,0,0,2,2,0
53429301,66,31,35,66,31,35,0,0,0,21,13,8,62,29,33,59,26,33,0,0,0,7,5,2
53429302,114,61,53,112,59,53,2,2,0,45,26,19,99,53,46,108,57,51,0,0,0,6,4,2
53106501,141,63,78,138,61,77,2,2,0,75,30,45,136,60,76,140,62,78,0,0,0,1,1,0
53441201,41,21,20,41,21,20,0,0,0,21,8,13,41,21,20,38,19,19,0,0,0,3,2,1
53441202,51,25,26,51,25,26,0,0,0,23,13,10,47,24,23,51,25,26,0,0,0,0,0,0
53441203,47,24,23,43,24,19,3,0,3,12,8,4,45,24,21,47,24,23,0,0,0,0,0,0
53441204,94,49,45,94,49,45,0,0,0,43,26,17,92,48,44,87,45,42,6,4,2,1,0,1
53441205,26,11,15,26,11,15,0,0,0,7,2,5,24,10,14,26,11,15,0,0,0,0,0,0
53087501,140,81,59,140,81,59,0,0,0,41,26,15,129,75,54,132,76,56,0,0,0,8,5,3
53139101,73,32,41,73,32,41,0,0,0,25,13,12,71,31,40,69,30,39,0,0,0,4,2,2
53443901,199,106,93,196,105,91,0,0,0,86,52,34,185,99,86,199,106,93,0,0,0,0,0,0
53443902,51,27,24,50,27,23,1,0,1,25,13,12,43,24,19,51,27,24,0,0,0,0,0,0
53443903,78,40,38,78,40,38,0,0,0,36,21,15,71,35,36,78,40,38,0,0,0,0,0,0
53443904,672,348,324,668,347,321,4,1,3,290,167,123,648,336,312,642,327,315,17,10,7,13,11,2
53443905,72,37,35,72,37,35,0,0,0,27,15,12,60,31,29,71,36,35,0,0,0,1,1,0
53419601,298,144,154,298,144,154,0,0,0,129,69,60,277,136,141,298,144,154,0,0,0,0,0,0
53419602,443,219,224,440,219,221,2,0,2,207,107,100,415,206,209,438,215,223,0,0,0,5,4,1
53419603,36,15,21,36,15,21,0,0,0,11,6,5,36,15,21,36,15,21,0,0,0,0,0,0
53419604,104,52,52,104,52,52,0,0,0,40,26,14,102,51,51,104,52,52,0,0,0,0,0,0
53142101,94,42,52,94,42,52,0,0,0,46,18,28,88,40,48,94,42,52,0,0,0,0,0,0
53093001,133,61,72,133,61,72,0,0,0,66,33,33,131,60,71,129,59,70,0,0,0,4,2,2
53098101,282,137,145,275,133,142,6,4,2,109,59,50,263,128,135,282,137,145,0,0,0,0,0,0
53097201,34,18,16,34,18,16,0,0,0,17,11,6,33,17,16,34,18,16,0,0,0,0,0,0
53097203,87,46,41,87,46,41,0,0,0,36,23,13,83,44,39,80,42,38,0,0,0,7,4,3
57174101,139,75,64,139,75,64,0,0,0,69,40,29,129,72,57,134,72,62,0,0,0,5,3,2
53448001,640,330,310,640,330,310,0,0,0,297,161,136,622,321,301,631,324,307,0,0,0,9,6,3
53449802,22,12,10,22,12,10,0,0,0,16,9,7,22,12,10,21,11,10,0,0,0,1,1,0
53449803,69,40,29,69,40,29,0,0,0,47,31,16,67,38,29,69,40,29,0,0,0,0,0,0
53449804,32,14,18,32,14,18,0,0,0,15,6,9,32,14,18,31,13,18,0,0,0,1,1,0
53449806,35,19,16,34,19,15,1,0,1,5,3,2,33,19,14,35,19,16,0,0,0,0,0,0
53449807,83,45,38,83,45,38,0,0,0,34,23,11,76,41,35,81,45,36,0,0,0,2,0,2
53449808,2830,1394,1436,2809,1384,1425,19,10,9,1310,725,585,2663,1316,1347,2643,1323,1320,147,33,114,40,38,2
53450101,69,33,36,69,33,36,0,0,0,26,10,16,63,29,34,69,33,36,0,0,0,0,0,0
53450103,94,45,49,94,45,49,0,0,0,51,26,25,87,40,47,94,45,49,0,0,0,0,0,0
53450104,100,53,47,98,51,47,2,2,0,35,21,14,93,49,44,90,48,42,0,0,0,10,5,5
53450106,51,24,27,51,24,27,0,0,0,31,15,16,48,23,25,51,24,27,0,0,0,0,0,0
53450107,181,96,85,178,96,82,1,0,1,77,47,30,175,94,81,179,94,85,0,0,0,2,2,0
1758113,0,0,0,0,0,0,0,0,0,0,0,0,0,0,0,0,0,0,0,0,0,0,0,0
53451001,33,17,16,33,17,16,0,0,0,12,5,7,33,17,16,33,17,16,0,0,0,0,0,0
53451002,96,53,43,95,52,43,1,1,0,50,32,18,88,49,39,96,53,43,0,0,0,0,0,0
53451003,42,23,19,42,23,19,0,0,0,17,12,5,42,23,19,42,23,19,0,0,0,0,0,0
53451004,108,62,46,107,61,46,1,1,0,34,20,14,102,58,44,106,61,45,0,0,0,2,1,1
53451005,107,53,54,107,53,54,0,0,0,57,30,27,102,50,52,106,52,54,0,0,0,1,1,0
53451006,121,60,61,121,60,61,0,0,0,65,35,30,121,60,61,121,60,61,0,0,0,0,0,0
53451007,76,41,35,76,41,35,0,0,0,46,28,18,76,41,35,76,41,35,0,0,0,0,0,0
53451008,127,59,68,127,59,68,0,0,0,41,25,16,108,48,60,115,52,63,0,0,0,12,7,5
53452801,319,156,163,318,155,163,1,1,0,137,70,67,309,151,158,318,156,162,0,0,0,1,0,1
53452802,187,97,90,185,96,89,2,1,1,85,55,30,178,93,85,180,91,89,0,0,0,7,6,1
53452803,85,40,45,85,40,45,0,0,0,34,17,17,77,35,42,83,39,44,0,0,0,2,1,1
53453601,34,18,16,34,18,16,0,0,0,17,11,6,32,18,14,34,18,16,0,0,0,0,0,0
53453602,42,22,20,42,22,20,0,0,0,11,6,5,38,21,17,42,22,20,0,0,0,0,0,0
53453604,56,25,31,56,25,31,0,0,0,14,7,7,48,22,26,54,24,30,0,0,0,2,1,1
53453605,52,23,29,52,23,29,0,0,0,18,9,9,48,21,27,52,23,29,0,0,0,0,0,0
53453606,84,41,43,83,40,43,1,1,0,21,11,10,73,37,36,83,40,43,0,0,0,1,1,0
53454401,165,85,80,163,84,79,2,1,1,60,36,24,155,79,76,163,83,80,0,0,0,2,2,0
53454402,94,47,47,94,47,47,0,0,0,35,18,17,86,44,42,94,47,47,0,0,0,0,0,0
53455201,31,17,14,31,17,14,0,0,0,10,6,4,29,15,14,30,17,13,0,0,0,1,0,1
53455202,213,105,108,213,105,108,0,0,0,90,45,45,201,100,101,205,100,105,0,0,0,8,5,3
53456102,40,19,21,40,19,21,0,0,0,15,10,5,40,19,21,33,17,16,0,0,0,7,2,5
53456103,72,38,34,72,38,34,0,0,0,41,23,18,69,37,32,62,32,30,0,0,0,10,6,4
53456105,34,17,17,34,17,17,0,0,0,15,10,5,30,15,15,33,16,17,0,0,0,1,1,0
53456106,243,117,126,243,117,126,0,0,0,117,56,61,230,112,118,241,116,125,0,0,0,2,1,1
53456107,21,11,10,21,11,10,0,0,0,10,6,4,21,11,10,15,8,7,0,0,0,6,3,3
53456108,30,17,13,30,17,13,0,0,0,14,8,6,27,15,12,17,9,8,0,0,0,13,8,5
53456109,33,16,17,33,16,17,0,0,0,24,13,11,31,15,16,33,16,17,0,0,0,0,0,0
53457901,148,73,75,147,73,74,0,0,0,88,50,38,142,69,73,148,73,75,0,0,0,0,0,0
53457902,69,40,29,69,40,29,0,0,0,28,17,11,67,39,28,69,40,29,0,0,0,0,0,0
53457903,391,203,188,390,202,188,0,0,0,222,123,99,378,197,181,383,197,186,0,0,0,8,6,2
53101401,81,40,41,81,40,41,0,0,0,41,18,23,80,40,40,79,39,40,2,1,1,0,0,0
53458701,822,407,415,806,396,410,14,11,3,371,205,166,774,385,389,822,407,415,0,0,0,0,0,0
53458702,35,16,19,35,16,19,0,0,0,17,6,11,35,16,19,35,16,19,0,0,0,0,0,0
53458703,306,144,162,306,144,162,0,0,0,175,92,83,289,137,152,306,144,162,0,0,0,0,0,0
53458704,1403,711,692,1388,700,688,12,10,2,657,367,290,1319,666,653,1350,679,671,0,0,0,53,32,21
53458705,71,41,30,71,41,30,0,0,0,17,9,8,59,33,26,71,41,30,0,0,0,0,0,0
53458706,144,74,70,144,74,70,0,0,0,53,31,22,138,69,69,135,72,63,0,0,0,9,2,7
53458707,64,36,28,64,36,28,0,0,0,34,22,12,64,36,28,64,36,28,0,0,0,0,0,0
53459501,113,50,63,113,50,63,0,0,0,53,27,26,109,49,60,112,50,62,0,0,0,1,0,1
53459502,722,376,346,717,373,344,1,1,0,333,173,160,690,358,332,698,361,337,0,0,0,24,15,9
53460902,48,25,23,47,25,22,1,0,1,19,11,8,40,21,19,48,25,23,0,0,0,0,0,0
53460903,42,23,19,42,23,19,0,0,0,21,13,8,39,21,18,40,21,19,0,0,0,2,2,0
53460904,63,35,28,63,35,28,0,0,0,39,24,15,62,34,28,63,35,28,0,0,0,0,0,0
53460905,86,44,42,86,44,42,0,0,0,47,25,22,81,42,39,84,43,41,0,0,0,2,1,1
53460906,242,131,111,241,131,110,1,0,1,120,70,50,227,125,102,231,123,108,0,0,0,11,8,3
53461702,57,28,29,57,28,29,0,0,0,16,10,6,53,26,27,37,19,18,0,0,0,20,9,11
53461703,31,15,16,31,15,16,0,0,0,18,11,7,30,14,16,31,15,16,0,0,0,0,0,0
53461704,62,31,31,62,31,31,0,0,0,33,18,15,61,31,30,62,31,31,0,0,0,0,0,0
53461705,39,21,18,39,21,18,0,0,0,21,11,10,39,21,18,39,21,18,0,0,0,0,0,0
53461707,32,14,18,32,14,18,0,0,0,17,8,9,28,13,15,32,14,18,0,0,0,0,0,0
53461709,36,18,18,36,18,18,0,0,0,17,11,6,35,17,18,34,17,17,2,1,1,0,0,0
53461710,38,18,20,38,18,20,0,0,0,18,8,10,34,17,17,35,16,19,0,0,0,3,2,1
53461712,22,9,13,22,9,13,0,0,0,17,8,9,22,9,13,22,9,13,0,0,0,0,0,0
53461713,30,15,15,30,15,15,0,0,0,19,9,10,29,14,15,29,14,15,0,0,0,1,1,0
53461714,1002,514,488,990,505,485,12,9,3,515,290,225,944,484,460,911,463,448,0,0,0,91,51,40
53461715,30,14,16,30,14,16,0,0,0,20,9,11,30,14,16,30,14,16,0,0,0,0,0,0
1920742,0,0,0,0,0,0,0,0,0,0,0,0,0,0,0,0,0,0,0,0,0,0,0,0
53462501,63,29,34,63,29,34,0,0,0,36,16,20,55,27,28,63,29,34,0,0,0,0,0,0
53462502,25,14,11,25,14,11,0,0,0,16,9,7,24,13,11,25,14,11,0,0,0,0,0,0
53462503,44,23,21,44,23,21,0,0,0,25,15,10,43,22,21,44,23,21,0,0,0,0,0,0
53462504,41,21,20,41,21,20,0,0,0,20,11,9,34,16,18,39,20,19,0,0,0,2,1,1
53462505,105,57,48,105,57,48,0,0,0,46,26,20,98,53,45,96,50,46,0,0,0,9,7,2
53462506,27,14,13,27,14,13,0,0,0,14,8,6,26,14,12,27,14,13,0,0,0,0,0,0
53462507,69,35,34,68,34,34,1,1,0,27,14,13,64,33,31,69,35,34,0,0,0,0,0,0
53462508,226,115,111,225,115,110,0,0,0,81,46,35,207,105,102,195,95,100,2,1,1,29,19,10
3072890,0,0,0,0,0,0,0,0,0,0,0,0,0,0,0,0,0,0,0,0,0,0,0,0
3072970,0,0,0,0,0,0,0,0,0,0,0,0,0,0,0,0,0,0,0,0,0,0,0,0
3073010,0,0,0,0,0,0,0,0,0,0,0,0,0,0,0,0,0,0,0,0,0,0,0,0
53463301,68,34,34,67,34,33,1,0,1,36,15,21,68,34,34,67,33,34,0,0,0,1,1,0
53463302,59,35,24,59,35,24,0,0,0,29,21,8,54,30,24,58,35,23,0,0,0,1,0,1
53463303,97,49,48,97,49,48,0,0,0,47,28,19,89,45,44,94,47,47,0,0,0,3,2,1
53463305,814,423,391,793,407,386,18,13,5,381,203,178,776,406,370,729,366,363,20,11,9,65,46,19
53463306,256,125,131,255,124,131,1,1,0,122,66,56,245,119,126,253,124,129,0,0,0,3,1,2
53463307,3322,1571,1751,3232,1514,1718,85,54,31,1553,839,714,3155,1502,1653,3214,1540,1674,108,31,77,0,0,0
53464101,273,130,143,272,130,142,1,0,1,129,60,69,257,123,134,258,122,136,0,0,0,15,8,7
53464102,96,50,46,96,50,46,0,0,0,33,19,14,89,45,44,96,50,46,0,0,0,0,0,0
53465001,83,41,42,83,41,42,0,0,0,29,14,15,79,40,39,83,41,42,0,0,0,0,0,0
53465002,755,381,374,753,380,373,1,1,0,302,175,127,710,361,349,745,373,372,2,1,1,8,7,1
53466801,68,30,38,68,30,38,0,0,0,29,14,15,61,27,34,68,30,38,0,0,0,0,0,0
53466802,51,26,25,48,25,23,3,1,2,19,10,9,44,22,22,51,26,25,0,0,0,0,0,0
53466803,69,34,35,69,34,35,0,0,0,21,12,9,63,31,32,69,34,35,0,0,0,0,0,0
53466804,1153,591,562,1148,590,558,5,1,4,552,306,246,1091,561,530,1124,571,553,14,8,6,15,12,3
53471401,379,208,171,374,205,169,5,3,2,107,61,46,353,193,160,366,197,169,0,0,0,13,11,2
53471402,116,63,53,108,59,49,7,4,3,47,24,23,109,57,52,114,62,52,0,0,0,2,1,1
53472201,1354,683,671,1318,665,653,35,18,17,576,297,279,1292,659,633,1285,642,643,20,10,10,49,31,18
53473101,73,44,29,69,41,28,2,2,0,19,11,8,70,42,28,72,43,29,0,0,0,1,1,0
53473102,1148,593,555,1136,586,550,9,5,4,558,305,253,1088,558,530,1112,569,543,1,1,0,35,23,12
59829101,779,399,380,763,388,375,13,9,4,218,126,92,736,376,360,771,393,378,0,0,0,8,6,2
53474901,669,345,324,660,339,321,7,5,2,286,163,123,637,330,307,661,340,321,0,0,0,8,5,3
0277232,0,0,0,0,0,0,0,0,0,0,0,0,0,0,0,0,0,0,0,0,0,0,0,0
53157001,39,20,19,39,20,19,0,0,0,12,6,6,36,18,18,37,19,18,0,0,0,2,1,1
53157002,92,49,43,90,47,43,2,2,0,41,26,15,78,43,35,84,43,41,0,0,0,8,6,2
53157003,50,29,21,47,26,21,2,2,0,12,10,2,44,26,18,44,26,18,0,0,0,6,3,3
53920101,73,37,36,73,37,36,0,0,0,20,14,6,69,34,35,70,35,35,0,0,0,3,2,1
53920102,860,424,436,853,420,433,7,4,3,401,190,211,818,403,415,827,402,425,3,1,2,30,21,9
53476501,1099,567,532,1086,560,526,10,5,5,424,219,205,1038,533,505,1043,530,513,7,7,0,49,30,19
53476502,55,29,26,55,29,26,0,0,0,10,6,4,53,28,25,55,29,26,0,0,0,0,0,0
53476503,351,173,178,345,169,176,3,1,2,155,78,77,320,162,158,351,173,178,0,0,0,0,0,0
53198701,96,49,47,96,49,47,0,0,0,51,26,25,94,48,46,90,44,46,0,0,0,6,5,1
53477301,465,242,223,460,240,220,1,0,1,182,96,86,448,232,216,457,237,220,0,0,0,8,5,3
3313330,0,0,0,0,0,0,0,0,0,0,0,0,0,0,0,0,0,0,0,0,0,0,0,0
53479001,1058,536,522,1054,536,518,3,0,3,502,277,225,995,504,491,1030,524,506,8,1,7,20,11,9
53479003,121,61,60,121,61,60,0,0,0,48,25,23,117,59,58,117,58,59,0,0,0,4,3,1
53480301,311,147,164,305,143,162,5,3,2,118,57,61,286,131,155,311,147,164,0,0,0,0,0,0
53480302,431,225,206,424,219,205,7,6,1,124,66,58,393,200,193,420,216,204,1,1,0,10,8,2
53480303,45,24,21,45,24,21,0,0,0,11,7,4,41,21,20,45,24,21,0,0,0,0,0,0
53480304,81,37,44,77,34,43,4,3,1,25,10,15,74,34,40,80,36,44,0,0,0,1,1,0
53480305,21,9,12,16,7,9,5,2,3,8,2,6,19,9,10,20,9,11,1,0,1,0,0,0
53149901,302,159,143,301,158,143,1,1,0,123,74,49,289,153,136,289,149,140,0,0,0,13,10,3
53192801,305,157,148,300,154,146,5,3,2,122,67,55,284,148,136,300,153,147,2,1,1,3,3,0
53482001,462,237,225,456,236,220,4,1,3,188,101,87,434,224,210,449,228,221,0,0,0,13,9,4
53483802,271,137,134,268,135,133,3,2,1,116,65,51,248,128,120,267,133,134,0,0,0,4,4,0
53483803,246,125,121,246,125,121,0,0,0,115,60,55,228,120,108,246,125,121,0,0,0,0,0,0
53483804,36,18,18,36,18,18,0,0,0,16,8,8,35,18,17,36,18,18,0,0,0,0,0,0
53484601,539,278,261,539,278,261,0,0,0,202,121,81,507,264,243,529,268,261,0,0,0,10,10,0
53187101,269,144,125,262,138,124,7,6,1,87,53,34,231,120,111,269,144,125,0,0,0,0,0,0
53177401,125,60,65,124,60,64,1,0,1,56,26,30,118,58,60,125,60,65,0,0,0,0,0,0
53177402,20,11,9,20,11,9,0,0,0,5,4,1,18,10,8,20,11,9,0,0,0,0,0,0
53165101,86,49,37,86,49,37,0,0,0,28,18,10,82,45,37,83,48,35,0,0,0,3,1,2
0667533,0,0,0,0,0,0,0,0,0,0,0,0,0,0,0,0,0,0,0,0,0,0,0,0
53489701,109,50,59,109,50,59,0,0,0,49,24,25,103,48,55,109,50,59,0,0,0,0,0,0
53489702,292,154,138,286,148,138,5,5,0,79,44,35,268,141,127,291,154,137,0,0,0,1,0,1
53489704,208,114,94,204,111,93,4,3,1,65,42,23,193,106,87,203,110,93,0,0,0,5,4,1
53489705,200,110,90,197,108,89,3,2,1,80,50,30,195,107,88,200,110,90,0,0,0,0,0,0
53489706,157,67,90,157,67,90,0,0,0,81,30,51,148,62,86,142,57,85,0,0,0,15,10,5
53489707,178,86,92,174,84,90,3,2,1,79,40,39,152,72,80,178,86,92,0,0,0,0,0,0
53489708,220,106,114,218,106,112,2,0,2,75,37,38,208,100,108,220,106,114,0,0,0,0,0,0
53489709,265,132,133,264,132,132,1,0,1,91,47,44,247,123,124,263,130,133,0,0,0,2,2,0
53834501,811,402,409,805,397,408,6,5,1,353,185,168,754,379,375,796,391,405,0,0,0,15,11,4
53490101,59,25,34,58,25,33,1,0,1,35,15,20,57,24,33,59,25,34,0,0,0,0,0,0
53490102,36,19,17,36,19,17,0,0,0,13,7,6,34,19,15,36,19,17,0,0,0,0,0,0
53490104,55,28,27,55,28,27,0,0,0,23,16,7,52,27,25,50,24,26,0,0,0,5,4,1
53490106,187,93,94,186,92,94,1,1,0,68,32,36,170,82,88,162,78,84,9,6,3,16,9,7
53490107,43,23,20,43,23,20,0,0,0,10,4,6,37,20,17,40,22,18,0,0,0,3,1,2
53493501,538,273,265,538,273,265,0,0,0,222,130,92,503,254,249,532,270,262,0,0,0,6,3,3
53493503,81,48,33,80,47,33,1,1,0,19,12,7,75,44,31,22,10,12,0,0,0,59,38,21
53493504,3574,1785,1789,3504,1749,1755,60,29,31,1443,735,708,3359,1672,1687,3465,1707,1758,14,7,7,95,71,24
53493505,59,32,27,59,32,27,0,0,0,29,18,11,58,31,27,58,31,27,0,0,0,1,1,0
57179202,472,247,225,464,241,223,7,5,2,180,93,87,447,234,213,458,236,222,0,0,0,14,11,3
0728000,0,0,0,0,0,0,0,0,0,0,0,0,0,0,0,0,0,0,0,0,0,0,0,0
0728180,0,0,0,0,0,0,0,0,0,0,0,0,0,0,0,0,0,0,0,0,0,0,0,0
3073270,0,0,0,0,0,0,0,0,0,0,0,0,0,0,0,0,0,0,0,0,0,0,0,0
53495101,204,103,101,203,103,100,0,0,0,130,72,58,193,95,98,204,103,101,0,0,0,0,0,0
53495102,642,314,328,634,308,326,7,5,2,347,170,177,616,301,315,638,311,327,1,1,0,3,2,1
53495104,149,74,75,148,74,74,1,0,1,75,35,40,142,71,71,149,74,75,0,0,0,0,0,0
53495106,209,97,112,207,96,111,0,0,0,122,57,65,202,92,110,207,95,112,2,2,0,0,0,0
53495107,929,464,465,920,458,462,8,5,3,521,260,261,894,448,446,926,463,463,3,1,2,0,0,0
53495108,1043,543,500,1024,536,488,16,6,10,540,303,237,969,499,470,1021,533,488,22,10,12,0,0,0
53495110,602,304,298,598,301,297,4,3,1,321,161,160,586,294,292,591,299,292,0,0,0,11,5,6
53495111,1116,608,508,1086,594,492,21,9,12,437,227,210,1003,552,451,859,428,431,57,27,30,200,153,47
53495112,737,374,363,729,371,358,7,3,4,330,170,160,707,359,348,736,373,363,0,0,0,1,1,0
53495113,27,15,12,27,15,12,0,0,0,8,6,2,25,14,11,22,13,9,5,2,3,0,0,0
53495114,2385,1154,1231,2292,1089,1203,83,56,27,1083,537,546,2245,1086,1159,2383,1153,1230,0,0,0,2,1,1
53495115,183,79,104,182,79,103,1,0,1,108,51,57,176,76,100,183,79,104,0,0,0,0,0,0
53495116,109,52,57,109,52,57,0,0,0,54,23,31,103,48,55,109,52,57,0,0,0,0,0,0
53495117,2192,1047,1145,2155,1025,1130,29,17,12,991,492,499,2087,995,1092,2191,1046,1145,0,0,0,1,1,0
53495118,20,9,11,19,9,10,1,0,1,9,3,6,18,8,10,19,9,10,0,0,0,1,0,1
53495119,1474,711,763,1372,638,734,90,65,25,556,283,273,1389,676,713,1370,661,709,104,50,54,0,0,0
53495120,184,118,66,86,49,37,96,67,29,32,20,12,87,56,31,58,36,22,126,82,44,0,0,0
53495121,330,189,141,242,125,117,72,50,22,111,63,48,265,144,121,307,173,134,23,16,7,0,0,0
53495122,125,66,59,125,66,59,0,0,0,83,44,39,123,66,57,125,66,59,0,0,0,0,0,0
53495125,1674,834,840,1599,769,830,56,47,9,716,361,355,1563,764,799,1554,737,817,118,96,22,2,1,1
53495126,1996,980,1016,1952,955,997,38,23,15,992,522,470,1888,920,968,1994,978,1016,0,0,0,2,2,0
53495128,2045,969,1076,1978,929,1049,53,32,21,970,460,510,1904,902,1002,2020,948,1072,21,18,3,4,3,1
53497801,675,347,328,673,345,328,2,2,0,300,162,138,634,327,307,665,339,326,0,0,0,10,8,2
53189801,44,24,20,44,24,20,0,0,0,15,9,6,44,24,20,30,15,15,0,0,0,14,9,5
53189802,193,93,100,191,91,100,2,2,0,61,28,33,180,84,96,177,86,91,0,0,0,16,7,9
53189803,22,11,11,22,11,11,0,0,0,6,5,1,22,11,11,19,9,10,0,0,0,3,2,1
53189804,64,30,34,64,30,34,0,0,0,23,10,13,63,29,34,64,30,34,0,0,0,0,0,0
53500101,144,77,67,144,77,67,0,0,0,41,25,16,133,71,62,133,72,61,0,0,0,11,5,6
53500102,906,457,449,887,445,442,14,10,4,355,186,169,842,421,421,843,418,425,19,10,9,44,29,15
53500103,45,22,23,44,21,23,1,1,0,12,8,4,42,20,22,45,22,23,0,0,0,0,0,0
1036320,0,0,0,0,0,0,0,0,0,0,0,0,0,0,0,0,0,0,0,0,0,0,0,0
3193920,0,0,0,0,0,0,0,0,0,0,0,0,0,0,0,0,0,0,0,0,0,0,0,0
57178401,511,258,253,505,254,251,6,4,2,175,92,83,468,236,232,489,247,242,22,11,11,0,0,0
57178403,1910,975,935,1876,948,928,31,24,7,708,380,328,1792,917,875,1870,952,918,12,2,10,28,21,7
53150201,470,227,243,469,226,243,1,1,0,194,100,94,453,222,231,460,219,241,0,0,0,10,8,2
53167701,162,83,79,159,81,78,3,2,1,42,23,19,146,75,71,153,75,78,0,0,0,9,8,1
53502801,76,40,36,74,38,36,2,2,0,36,20,16,70,37,33,76,40,36,0,0,0,0,0,0
53502802,1347,664,683,1328,654,674,17,8,9,579,311,268,1240,618,622,1292,629,663,3,1,2,52,34,18
0914212,0,0,0,0,0,0,0,0,0,0,0,0,0,0,0,0,0,0,0,0,0,0,0,0
53503601,291,137,154,290,137,153,1,0,1,106,53,53,266,125,141,291,137,154,0,0,0,0,0,0
53503602,351,179,172,349,178,171,2,1,1,140,74,66,345,176,169,334,168,166,0,0,0,17,11,6
53503603,449,210,239,447,210,237,2,0,2,198,94,104,416,195,221,442,206,236,0,0,0,7,4,3
52957503,43,22,21,43,22,21,0,0,0,10,6,4,41,21,20,43,22,21,0,0,0,0,0,0
52957504,45,24,21,45,24,21,0,0,0,8,6,2,43,22,21,42,23,19,0,0,0,3,1,2
52957505,77,43,34,77,43,34,0,0,0,21,11,10,72,40,32,71,39,32,0,0,0,6,4,2
53504401,593,307,286,584,302,282,9,5,4,209,108,101,557,288,269,571,291,280,4,2,2,18,14,4
53504402,134,70,64,134,70,64,0,0,0,47,24,23,132,69,63,134,70,64,0,0,0,0,0,0
53504403,274,134,140,272,132,140,2,2,0,103,56,47,255,121,134,274,134,140,0,0,0,0,0,0
0929750,0,0,0,0,0,0,0,0,0,0,0,0,0,0,0,0,0,0,0,0,0,0,0,0
3010270,0,0,0,0,0,0,0,0,0,0,0,0,0,0,0,0,0,0,0,0,0,0,0,0
53467601,2923,1324,1599,2879,1298,1581,39,24,15,1303,648,655,2753,1253,1500,2685,1274,1411,236,49,187,2,1,1
53467602,870,401,469,862,394,468,8,7,1,475,218,257,831,384,447,861,397,464,9,4,5,0,0,0
53467603,37,21,16,37,21,16,0,0,0,15,10,5,36,21,15,37,21,16,0,0,0,0,0,0
53467604,1924,949,975,1881,919,962,42,30,12,1059,565,494,1839,900,939,1902,932,970,14,14,0,8,3,5
53467605,95,50,45,87,44,43,8,6,2,46,21,25,82,40,42,63,33,30,29,16,13,3,1,2
53467606,432,215,217,425,208,217,5,5,0,224,113,111,417,205,212,413,205,208,9,6,3,10,4,6
53467607,49,33,16,32,21,11,17,12,5,9,6,3,40,26,14,24,14,10,25,19,6,0,0,0
53467608,1180,560,620,1173,557,616,6,3,3,688,327,361,1141,539,602,1179,559,620,0,0,0,1,1,0
53467609,101,46,55,101,46,55,0,0,0,65,29,36,100,45,55,98,44,54,0,0,0,3,2,1
53467610,2083,1011,1072,2042,989,1053,36,18,18,1096,570,526,1966,953,1013,2044,988,1056,25,15,10,14,8,6
53467611,4161,1979,2182,4075,1930,2145,78,42,36,1887,965,922,3923,1860,2063,4117,1956,2161,41,21,20,3,2,1
53467613,2704,1289,1415,2672,1263,1409,27,21,6,1303,656,647,2567,1213,1354,2685,1282,1403,19,7,12,0,0,0
53467614,953,558,395,945,552,393,6,5,1,413,243,170,900,524,376,581,280,301,2,2,0,370,276,94
53467615,260,117,143,254,114,140,6,3,3,82,43,39,225,101,124,182,97,85,78,20,58,0,0,0
53467616,192,94,98,191,93,98,1,1,0,110,57,53,187,91,96,191,93,98,1,1,0,0,0,0
53467617,411,210,201,410,209,201,1,1,0,221,116,105,387,199,188,411,210,201,0,0,0,0,0,0
53467618,833,421,412,815,411,404,18,10,8,435,223,212,776,394,382,829,419,410,0,0,0,4,2,2
53467619,380,212,168,339,179,160,40,32,8,164,97,67,319,176,143,337,188,149,43,24,19,0,0,0
53505201,1221,576,645,1218,573,645,3,3,0,565,285,280,1146,540,606,1127,542,585,74,19,55,20,15,5
53505202,54,25,29,54,25,29,0,0,0,11,5,6,53,25,28,53,24,29,0,0,0,1,1,0
53505206,137,65,72,137,65,72,0,0,0,65,32,33,131,62,69,137,65,72,0,0,0,0,0,0
53505207,39,19,20,39,19,20,0,0,0,12,6,6,35,17,18,38,19,19,0,0,0,1,0,1
53506101,407,202,205,399,195,204,7,6,1,157,84,73,387,191,196,388,189,199,8,5,3,11,8,3
53186301,308,152,156,298,148,150,10,4,6,140,76,64,281,140,141,304,149,155,0,0,0,4,3,1
53507901,204,91,113,202,89,113,2,2,0,91,43,48,191,85,106,202,90,112,0,0,0,2,1,1
53507902,44,27,17,44,27,17,0,0,0,11,7,4,43,27,16,41,25,16,0,0,0,3,2,1
53507903,349,169,180,342,166,176,6,2,4,90,39,51,322,158,164,349,169,180,0,0,0,0,0,0
53507904,496,244,252,487,238,249,7,5,2,165,86,79,463,232,231,494,243,251,0,0,0,2,1,1
53507905,37,18,19,37,18,19,0,0,0,11,7,4,30,14,16,37,18,19,0,0,0,0,0,0
53507906,981,490,491,975,486,489,4,3,1,372,193,179,915,460,455,941,473,468,4,3,1,36,14,22
53507907,50,32,18,46,29,17,2,1,1,17,14,3,43,29,14,50,32,18,0,0,0,0,0,0
3010510,0,0,0,0,0,0,0,0,0,0,0,0,0,0,0,0,0,0,0,0,0,0,0,0
53508701,298,156,142,253,122,131,43,33,10,93,52,41,264,137,127,298,156,142,0,0,0,0,0,0
53508702,382,185,197,381,184,197,0,0,0,178,90,88,349,172,177,374,180,194,3,3,0,5,2,3
53508703,813,403,410,807,397,410,6,6,0,458,227,231,780,387,393,803,396,407,0,0,0,10,7,3
53508705,620,318,302,618,316,302,2,2,0,310,170,140,594,307,287,590,303,287,0,0,0,30,15,15
53508706,1077,488,589,1035,465,570,31,16,15,416,193,223,980,439,541,986,472,514,90,15,75,1,1,0
53508707,1455,698,757,1428,684,744,24,11,13,637,320,317,1383,657,726,1455,698,757,0,0,0,0,0,0
53508708,2572,1221,1351,2535,1202,1333,35,19,16,1191,611,580,2422,1147,1275,2563,1217,1346,0,0,0,9,4,5
53508709,328,166,162,303,150,153,20,12,8,117,62,55,305,155,150,230,117,113,96,47,49,2,2,0
53508710,4428,2107,2321,4354,2070,2284,67,34,33,1785,899,886,4228,2009,2219,4428,2107,2321,0,0,0,0,0,0
53508711,2617,1300,1317,2569,1268,1301,42,28,14,1071,558,513,2498,1237,1261,2133,973,1160,0,0,0,484,327,157
53508713,1238,603,635,1234,601,633,4,2,2,631,299,332,1190,580,610,1235,602,633,3,1,2,0,0,0
53508714,38,19,19,37,18,19,1,1,0,11,8,3,35,18,17,35,17,18,0,0,0,3,2,1
1048171,0,0,0,0,0,0,0,0,0,0,0,0,0,0,0,0,0,0,0,0,0,0,0,0
53170701,62,29,33,62,29,33,0,0,0,25,10,15,55,26,29,60,29,31,0,0,0,2,0,2
53170702,135,67,68,135,67,68,0,0,0,56,31,25,119,60,59,135,67,68,0,0,0,0,0,0
53511701,416,204,212,412,200,212,4,4,0,171,91,80,401,198,203,401,192,209,0,0,0,15,12,3
53511702,78,46,32,78,46,32,0,0,0,37,22,15,74,42,32,78,46,32,0,0,0,0,0,0
53511703,149,77,72,147,77,70,2,0,2,55,32,23,139,72,67,149,77,72,0,0,0,0,0,0
53511704,264,137,127,262,136,126,1,0,1,91,52,39,250,128,122,264,137,127,0,0,0,0,0,0
53511705,157,84,73,151,80,71,5,3,2,43,23,20,143,77,66,157,84,73,0,0,0,0,0,0
1088390,0,0,0,0,0,0,0,0,0,0,0,0,0,0,0,0,0,0,0,0,0,0,0,0
53513301,39,21,18,36,18,18,3,3,0,12,8,4,37,19,18,39,21,18,0,0,0,0,0,0
53513302,1042,517,525,1023,510,513,14,6,8,410,206,204,982,488,494,1018,503,515,7,2,5,17,12,5
53513303,408,203,205,391,196,195,12,3,9,137,63,74,391,195,196,408,203,205,0,0,0,0,0,0
53513304,78,40,38,75,39,36,1,0,1,28,15,13,71,36,35,78,40,38,0,0,0,0,0,0
53267301,562,287,275,552,282,270,4,2,2,213,111,102,528,270,258,549,279,270,0,0,0,13,8,5
53514101,496,259,237,483,251,232,13,8,5,199,114,85,470,244,226,488,252,236,0,0,0,8,7,1
53864702,1817,908,909,1760,880,880,48,24,24,482,251,231,1635,814,821,1801,898,903,0,0,0,16,10,6
53516801,550,284,266,547,282,265,3,2,1,224,122,102,525,273,252,538,274,264,0,0,0,12,10,2
53516803,133,64,69,132,64,68,1,0,1,59,33,26,131,62,69,133,64,69,0,0,0,0,0,0
53519201,518,265,253,515,264,251,3,1,2,238,126,112,479,248,231,513,261,252,0,0,0,5,4,1
53173101,22,13,9,22,13,9,0,0,0,7,4,3,22,13,9,22,13,9,0,0,0,0,0,0
53173102,184,100,84,183,100,83,1,0,1,56,32,24,169,94,75,183,99,84,0,0,0,1,1,0
53521401,144,81,63,144,81,63,0,0,0,68,44,24,135,77,58,139,77,62,0,0,0,5,4,1
53521402,320,155,165,318,153,165,2,2,0,119,59,60,306,149,157,310,148,162,0,0,0,10,7,3
1673472,0,0,0,0,0,0,0,0,0,0,0,0,0,0,0,0,0,0,0,0,0,0,0,0
53522201,1168,586,582,1163,583,580,4,3,1,459,249,210,1089,546,543,1123,556,567,0,0,0,45,30,15
53522202,702,355,347,695,353,342,6,2,4,273,148,125,660,331,329,600,304,296,0,0,0,102,51,51
53522203,660,325,335,648,317,331,12,8,4,240,131,109,619,304,315,655,322,333,0,0,0,5,3,2
53156101,197,104,93,194,103,91,2,1,1,84,47,37,182,97,85,197,104,93,0,0,0,0,0,0
53156102,109,51,58,109,51,58,0,0,0,37,14,23,96,44,52,109,51,58,0,0,0,0,0,0
53156103,501,260,241,500,260,240,0,0,0,198,104,94,470,243,227,483,250,233,0,0,0,18,10,8
52958301,136,77,59,134,76,58,1,1,0,56,35,21,126,72,54,115,61,54,0,0,0,21,16,5
59949201,129,62,67,127,61,66,2,1,1,37,21,16,125,61,64,126,59,67,0,0,0,3,3,0
1758710,0,0,0,0,0,0,0,0,0,0,0,0,0,0,0,0,0,0,0,0,0,0,0,0
3265510,0,0,0,0,0,0,0,0,0,0,0,0,0,0,0,0,0,0,0,0,0,0,0,0
53525701,75,35,40,67,31,36,8,4,4,19,7,12,73,34,39,75,35,40,0,0,0,0,0,0
53525702,93,44,49,93,44,49,0,0,0,44,24,20,89,41,48,93,44,49,0,0,0,0,0,0
53525703,765,395,370,734,371,363,30,24,6,303,155,148,688,350,338,728,362,366,19,16,3,18,17,1
53526501,181,84,97,181,84,97,0,0,0,66,36,30,172,80,92,178,83,95,0,0,0,3,1,2
53526502,202,102,100,191,96,95,10,6,4,70,40,30,190,98,92,202,102,100,0,0,0,0,0,0
53526503,736,381,355,730,378,352,4,1,3,295,169,126,697,361,336,719,369,350,0,0,0,17,12,5
3194060,0,0,0,0,0,0,0,0,0,0,0,0,0,0,0,0,0,0,0,0,0,0,0,0
53527301,2193,1089,1104,2178,1077,1101,12,9,3,887,462,425,2081,1021,1060,2163,1065,1098,3,3,0,27,21,6
53527302,22,11,11,21,10,11,1,1,0,4,2,2,21,10,11,22,11,11,0,0,0,0,0,0
53527303,65,35,30,65,35,30,0,0,0,15,7,8,55,27,28,65,35,30,0,0,0,0,0,0
53193601,164,83,81,164,83,81,0,0,0,48,26,22,141,71,70,105,56,49,56,25,31,3,2,1
53529001,110,52,58,110,52,58,0,0,0,39,16,23,100,45,55,109,51,58,0,0,0,1,1,0
53529002,72,38,34,71,37,34,0,0,0,32,16,16,66,35,31,72,38,34,0,0,0,0,0,0
53529003,49,25,24,49,25,24,0,0,0,21,13,8,49,25,24,49,25,24,0,0,0,0,0,0
53529004,640,326,314,574,277,297,61,45,16,231,123,108,588,293,295,622,314,308,3,2,1,15,10,5
53530301,252,133,119,252,133,119,0,0,0,93,46,47,234,123,111,247,129,118,0,0,0,5,4,1
53530302,579,298,281,571,292,279,7,5,2,242,127,115,526,272,254,551,279,272,5,2,3,23,17,6
53530303,91,44,47,90,43,47,1,1,0,42,22,20,86,41,45,91,44,47,0,0,0,0,0,0
53531101,29,19,10,27,17,10,2,2,0,7,6,1,27,17,10,29,19,10,0,0,0,0,0,0
53531102,398,188,210,377,171,206,17,13,4,123,63,60,362,165,197,350,168,182,41,16,25,7,4,3
53532001,775,386,389,766,382,384,6,2,4,383,193,190,745,374,371,774,385,389,0,0,0,1,1,0
53532002,1567,780,787,1552,773,779,13,6,7,721,379,342,1472,734,738,1498,740,758,3,3,0,66,37,29
1879330,0,0,0,0,0,0,0,0,0,0,0,0,0,0,0,0,0,0,0,0,0,0,0,0
53533801,141,70,71,140,69,71,1,1,0,61,27,34,138,67,71,139,69,70,0,0,0,2,1,1
53533802,64,30,34,64,30,34,0,0,0,31,15,16,60,29,31,63,30,33,0,0,0,1,0,1
53533803,136,71,65,136,71,65,0,0,0,54,30,24,129,68,61,133,69,64,0,0,0,3,2,1
53533804,286,138,148,285,137,148,0,0,0,120,54,66,277,131,146,286,138,148,0,0,0,0,0,0
53533805,269,142,127,267,141,126,2,1,1,104,58,46,255,136,119,257,132,125,0,0,0,12,10,2
53535401,89,46,43,86,43,43,3,3,0,49,26,23,88,45,43,89,46,43,0,0,0,0,0,0
53535402,304,176,128,271,155,116,30,19,11,141,90,51,283,164,119,260,149,111,36,21,15,8,6,2
53535403,42,24,18,41,23,18,1,1,0,19,12,7,41,23,18,42,24,18,0,0,0,0,0,0
53151101,45,23,22,44,23,21,1,0,1,5,5,0,45,23,22,23,11,12,1,1,0,21,11,10
53151102,215,107,108,213,107,106,1,0,1,49,25,24,206,102,104,215,107,108,0,0,0,0,0,0
53151103,391,196,195,386,193,193,5,3,2,106,54,52,367,182,185,372,186,186,0,0,0,19,10,9
53538901,583,260,323,575,257,318,4,1,3,192,109,83,527,244,283,462,231,231,107,17,90,14,12,2
53539701,69,35,34,67,33,34,2,2,0,26,14,12,63,31,32,65,34,31,0,0,0,4,1,3
53539702,347,174,173,339,170,169,8,4,4,141,76,65,329,162,167,319,156,163,6,4,2,22,14,8
53539703,75,38,37,75,38,37,0,0,0,23,11,12,73,37,36,67,33,34,0,0,0,8,5,3
3228570,0,0,0,0,0,0,0,0,0,0,0,0,0,0,0,0,0,0,0,0,0,0,0,0
53542701,335,166,169,331,162,169,2,2,0,107,58,49,311,151,160,315,153,162,9,8,1,11,5,6
53542702,633,310,323,610,297,313,22,12,10,326,170,156,590,289,301,633,310,323,0,0,0,0,0,0
53542703,162,80,82,161,79,82,1,1,0,81,45,36,153,75,78,162,80,82,0,0,0,0,0,0
53542704,83,42,41,82,42,40,1,0,1,51,24,27,78,40,38,83,42,41,0,0,0,0,0,0
53542705,76,38,38,76,38,38,0,0,0,36,17,19,72,36,36,76,38,38,0,0,0,0,0,0
53542706,91,47,44,89,45,44,2,2,0,37,20,17,90,46,44,91,47,44,0,0,0,0,0,0
53542708,21,13,8,20,12,8,1,1,0,6,4,2,20,12,8,21,13,8,0,0,0,0,0,0
53542709,684,346,338,672,336,336,10,8,2,346,181,165,658,332,326,682,345,337,0,0,0,2,1,1
53542710,826,425,401,802,411,391,20,13,7,389,212,177,792,404,388,764,376,388,0,0,0,62,49,13
53542711,941,458,483,929,451,478,11,6,5,518,248,270,915,446,469,937,456,481,4,2,2,0,0,0
53542713,767,361,406,739,344,395,28,17,11,371,181,190,720,338,382,743,352,391,22,7,15,2,2,0
53542715,336,168,168,329,163,166,7,5,2,153,79,74,326,163,163,336,168,168,0,0,0,0,0,0
53542718,21,12,9,21,12,9,0,0,0,13,7,6,21,12,9,21,12,9,0,0,0,0,0,0
53544301,78,42,36,77,41,36,1,1,0,28,17,11,72,39,33,66,35,31,2,1,1,10,6,4
53544302,134,65,69,128,61,67,4,2,2,58,30,28,124,60,64,134,65,69,0,0,0,0,0,0
53544304,579,294,285,554,283,271,20,11,9,268,140,128,515,261,254,570,288,282,6,4,2,3,2,1
53544305,195,93,102,193,91,102,2,2,0,85,46,39,189,91,98,193,92,101,0,0,0,2,1,1
53544306,882,447,435,870,440,430,10,6,4,433,220,213,854,428,426,880,446,434,1,1,0,1,0,1
53544307,988,510,478,973,501,472,13,8,5,477,242,235,937,483,454,902,453,449,14,8,6,72,49,23
53544308,69,37,32,64,34,30,4,2,2,29,18,11,69,37,32,52,27,25,0,0,0,17,10,7
53544309,92,46,46,87,43,44,2,0,2,43,22,21,89,44,45,92,46,46,0,0,0,0,0,0
53544310,379,191,188,376,191,185,2,0,2,213,101,112,369,185,184,379,191,188,0,0,0,0,0,0
53544311,439,226,213,436,223,213,3,3,0,228,127,101,422,217,205,439,226,213,0,0,0,0,0,0
53544313,716,353,363,709,349,360,6,4,2,379,195,184,698,345,353,691,343,348,21,8,13,4,2,2
53544315,52,26,26,52,26,26,0,0,0,24,15,9,51,25,26,52,26,26,0,0,0,0,0,0
53544316,122,69,53,122,69,53,0,0,0,65,36,29,118,67,51,120,68,52,0,0,0,2,1,1
3075130,0,0,0,0,0,0,0,0,0,0,0,0,0,0,0,0,0,0,0,0,0,0,0,0
3075640,0,0,0,0,0,0,0,0,0,0,0,0,0,0,0,0,0,0,0,0,0,0,0,0
53545101,32,18,14,32,18,14,0,0,0,19,13,6,32,18,14,32,18,14,0,0,0,0,0,0
53545102,465,248,217,378,183,195,82,61,21,135,65,70,389,199,190,465,248,217,0,0,0,0,0,0
53545103,545,270,275,532,259,273,12,11,1,322,164,158,529,264,265,545,270,275,0,0,0,0,0,0
53545105,1188,581,607,1172,568,604,14,11,3,597,295,302,1138,548,590,1188,581,607,0,0,0,0,0,0
53545106,920,484,436,881,467,414,35,17,18,434,226,208,849,449,400,758,376,382,21,9,12,141,99,42
53545107,130,67,63,130,67,63,0,0,0,70,38,32,125,63,62,130,67,63,0,0,0,0,0,0
53545108,66,37,29,54,30,24,12,7,5,42,26,16,64,37,27,53,30,23,13,7,6,0,0,0
53545109,394,206,188,383,199,184,10,6,4,209,113,96,378,196,182,394,206,188,0,0,0,0,0,0
53545111,1841,871,970,1776,832,944,56,35,21,813,413,400,1698,797,901,1839,869,970,1,1,0,1,1,0
53545112,1574,754,820,1534,729,805,35,22,13,809,421,388,1442,692,750,1467,733,734,106,20,86,1,1,0
53545114,290,157,133,286,155,131,4,2,2,146,79,67,274,148,126,286,154,132,0,0,0,4,3,1
53547801,948,488,460,919,466,453,27,20,7,386,203,183,873,449,424,839,436,403,95,42,53,14,10,4
56575001,120,55,65,119,55,64,1,0,1,42,18,24,115,54,61,120,55,65,0,0,0,0,0,0
53548601,305,168,137,298,162,136,7,6,1,113,71,42,275,153,122,302,166,136,0,0,0,3,2,1
53548602,58,28,30,57,27,30,1,1,0,15,9,6,54,26,28,49,23,26,0,0,0,9,5,4
53548603,68,36,32,67,35,32,1,1,0,28,15,13,65,34,31,68,36,32,0,0,0,0,0,0
53550801,130,69,61,130,69,61,0,0,0,54,31,23,112,60,52,126,66,60,0,0,0,4,3,1
53550802,134,65,69,134,65,69,0,0,0,52,25,27,112,53,59,103,53,50,31,12,19,0,0,0
53551601,382,186,196,380,185,195,0,0,0,150,87,63,355,175,180,376,185,191,0,0,0,6,1,5
53551602,51,27,24,50,27,23,1,0,1,19,10,9,44,24,20,45,24,21,0,0,0,6,3,3
53551603,92,52,40,92,52,40,0,0,0,37,21,16,85,48,37,89,50,39,0,0,0,3,2,1
57078801,1372,711,661,1322,678,644,44,27,17,307,161,146,1289,672,617,1361,702,659,0,0,0,11,9,2
57194601,111,56,55,111,56,55,0,0,0,46,26,20,100,50,50,105,54,51,0,0,0,6,2,4
57194602,144,70,74,143,69,74,1,1,0,52,28,24,138,67,71,116,57,59,0,0,0,28,13,15
53555901,1065,522,543,1038,509,529,23,11,12,451,221,230,1001,494,507,1048,509,539,0,0,0,17,13,4
53556701,396,204,192,395,203,192,1,1,0,157,88,69,369,190,179,395,203,192,0,0,0,1,1,0
53556702,35,17,18,35,17,18,0,0,0,15,9,6,35,17,18,35,17,18,0,0,0,0,0,0
53558301,142,70,72,142,70,72,0,0,0,61,31,30,134,67,67,142,70,72,0,0,0,0,0,0
53558302,822,420,402,814,415,399,7,4,3,317,170,147,786,401,385,814,413,401,0,0,0,8,7,1
53558303,44,24,20,44,24,20,0,0,0,10,6,4,42,24,18,44,24,20,0,0,0,0,0,0
59951401,265,138,127,259,137,122,5,0,5,111,61,50,254,133,121,261,134,127,0,0,0,4,4,0
59951402,53,29,24,48,26,22,5,3,2,26,14,12,51,27,24,53,29,24,0,0,0,0,0,0
53560501,562,280,282,555,275,280,7,5,2,247,131,116,522,259,263,555,275,280,0,0,0,7,5,2
53560502,209,102,107,206,99,107,3,3,0,99,50,49,200,98,102,209,102,107,0,0,0,0,0,0
57099101,147,72,75,142,69,73,3,2,1,62,31,31,144,71,73,147,72,75,0,0,0,0,0,0
53562101,552,270,282,541,262,279,7,5,2,229,114,115,524,256,268,541,262,279,0,0,0,11,8,3
53562102,329,171,158,326,168,158,2,2,0,140,80,60,320,165,155,329,171,158,0,0,0,0,0,0
53563001,858,423,435,855,420,435,3,3,0,365,199,166,818,403,415,853,420,433,0,0,0,5,3,2
3418510,0,0,0,0,0,0,0,0,0,0,0,0,0,0,0,0,0,0,0,0,0,0,0,0
57081801,252,140,112,247,136,111,4,4,0,100,62,38,241,132,109,252,140,112,0,0,0,0,0,0
53565601,450,241,209,434,228,206,14,12,2,201,114,87,418,217,201,434,233,201,0,0,0,16,8,8
53567201,247,129,118,243,128,115,2,1,1,112,59,53,238,125,113,246,128,118,0,0,0,1,1,0
53567203,1962,993,969,1869,921,948,86,68,18,892,455,437,1801,900,901,1897,948,949,11,8,3,54,37,17
53567204,168,88,80,166,86,80,2,2,0,79,40,39,148,77,71,163,84,79,5,4,1,0,0,0
53567205,129,66,63,127,64,63,2,2,0,51,30,21,121,62,59,129,66,63,0,0,0,0,0,0
53567206,193,104,89,193,104,89,0,0,0,78,43,35,173,91,82,190,101,89,3,3,0,0,0,0
53567207,267,131,136,262,126,136,5,5,0,117,57,60,248,120,128,267,131,136,0,0,0,0,0,0
53567208,181,97,84,179,95,84,2,2,0,97,51,46,167,91,76,181,97,84,0,0,0,0,0,0
53567209,347,187,160,340,182,158,7,5,2,163,98,65,328,177,151,346,186,160,1,1,0,0,0,0
57198901,84,42,42,84,42,42,0,0,0,39,23,16,81,41,40,82,40,42,0,0,0,2,2,0
57198902,23,10,13,23,10,13,0,0,0,7,3,4,17,8,9,23,10,13,0,0,0,0,0,0
57198903,178,93,85,175,91,84,3,2,1,75,43,32,162,82,80,132,68,64,0,0,0,46,25,21
53570201,121,65,56,120,64,56,1,1,0,49,34,15,116,63,53,112,61,51,0,0,0,9,4,5
53570202,72,37,35,72,37,35,0,0,0,40,20,20,67,33,34,72,37,35,0,0,0,0,0,0
53570203,1858,938,920,1828,923,905,27,14,13,825,426,399,1758,895,863,1821,921,900,16,3,13,21,14,7
53570204,250,118,132,245,115,130,4,2,2,143,65,78,240,112,128,250,118,132,0,0,0,0,0,0
53570205,128,59,69,125,57,68,3,2,1,50,25,25,121,56,65,125,57,68,1,1,0,2,1,1
53570206,173,93,80,170,90,80,2,2,0,67,37,30,160,86,74,173,93,80,0,0,0,0,0,0
53570208,53,28,25,53,28,25,0,0,0,21,10,11,49,25,24,53,28,25,0,0,0,0,0,0
53570209,202,80,122,198,78,120,3,2,1,56,22,34,164,67,97,133,60,73,59,13,46,10,7,3
53571101,231,116,115,231,116,115,0,0,0,70,39,31,225,114,111,222,111,111,0,0,0,9,5,4
53572901,309,153,156,302,151,151,5,1,4,112,57,55,287,140,147,296,145,151,0,0,0,13,8,5
53572902,53,26,27,53,26,27,0,0,0,22,11,11,45,22,23,51,25,26,0,0,0,2,1,1
57094001,350,180,170,349,179,170,0,0,0,146,81,65,327,167,160,348,179,169,0,0,0,2,1,1
53574501,234,123,111,234,123,111,0,0,0,102,56,46,222,115,107,232,121,111,0,0,0,2,2,0
53574502,54,28,26,53,27,26,1,1,0,17,8,9,53,28,25,53,28,25,0,0,0,1,0,1
57106701,154,82,72,150,80,70,4,2,2,54,29,25,148,79,69,146,79,67,0,0,0,8,3,5
53581801,570,283,287,567,281,286,3,2,1,213,122,91,553,276,277,563,278,285,0,0,0,7,5,2
53583401,105,51,54,104,50,54,1,1,0,40,22,18,98,47,51,89,44,45,0,0,0,16,7,9
53583402,133,66,67,131,65,66,2,1,1,47,24,23,125,62,63,132,65,67,0,0,0,1,1,0
59953101,329,160,169,326,159,167,2,1,1,125,65,60,309,151,158,320,153,167,0,0,0,9,7,2
53586901,62,28,34,60,26,34,2,2,0,14,4,10,51,24,27,47,22,25,0,0,0,15,6,9
53586902,691,355,336,672,345,327,16,10,6,278,147,131,639,328,311,683,350,333,0,0,0,8,5,3
56573301,227,112,115,226,111,115,1,1,0,74,40,34,220,109,111,224,110,114,0,0,0,3,2,1
59952201,156,71,85,155,70,85,1,1,0,78,36,42,152,70,82,155,70,85,0,0,0,1,1,0
56578401,229,117,112,227,117,110,2,0,2,86,46,40,222,115,107,229,117,112,0,0,0,0,0,0
56578402,120,62,58,115,58,57,3,2,1,35,21,14,107,56,51,111,59,52,0,0,0,9,3,6
1414291,0,0,0,0,0,0,0,0,0,0,0,0,0,0,0,0,0,0,0,0,0,0,0,0
53592302,113,62,51,113,62,51,0,0,0,51,27,24,103,57,46,108,60,48,0,0,0,5,2,3
53592303,122,73,49,121,72,49,0,0,0,51,38,13,121,72,49,111,65,46,0,0,0,11,8,3
53592304,44,22,22,42,21,21,2,1,1,22,11,11,42,22,20,44,22,22,0,0,0,0,0,0
53592305,29,18,11,29,18,11,0,0,0,12,9,3,29,18,11,29,18,11,0,0,0,0,0,0
53592306,82,43,39,81,42,39,1,1,0,34,18,16,76,39,37,82,43,39,0,0,0,0,0,0
53592307,46,23,23,46,23,23,0,0,0,28,16,12,43,22,21,46,23,23,0,0,0,0,0,0
53593101,242,122,120,234,119,115,8,3,5,86,45,41,212,106,106,242,122,120,0,0,0,0,0,0
53593102,1105,576,529,1083,567,516,21,8,13,367,198,169,989,517,472,1074,559,515,0,0,0,31,17,14
57184901,218,105,113,217,105,112,1,0,1,86,43,43,206,99,107,211,102,109,0,0,0,7,3,4
53596601,468,240,228,456,235,221,7,3,4,148,85,63,430,223,207,430,220,210,0,0,0,38,20,18
53597401,480,244,236,474,242,232,3,1,2,209,115,94,453,231,222,475,240,235,0,0,0,5,4,1
56603901,28,15,13,28,15,13,0,0,0,13,8,5,28,15,13,28,15,13,0,0,0,0,0,0
56603902,36,15,21,36,15,21,0,0,0,14,8,6,34,14,20,36,15,21,0,0,0,0,0,0
56603903,290,140,150,285,137,148,5,3,2,126,60,66,281,134,147,285,139,146,1,1,0,4,0,4
52961301,388,202,186,375,194,181,12,8,4,133,71,62,356,186,170,379,195,184,1,1,0,8,6,2
53600802,24,12,12,24,12,12,0,0,0,9,5,4,24,12,12,24,12,12,0,0,0,0,0,0
53600803,615,313,302,607,309,298,8,4,4,240,123,117,548,277,271,601,302,299,0,0,0,14,11,3
53600804,77,43,34,77,43,34,0,0,0,36,23,13,75,42,33,72,41,31,0,0,0,5,2,3
53600805,50,28,22,50,28,22,0,0,0,26,14,12,50,28,22,50,28,22,0,0,0,0,0,0
53600806,62,36,26,62,36,26,0,0,0,18,10,8,55,31,24,62,36,26,0,0,0,0,0,0
53602401,108,57,51,108,57,51,0,0,0,38,18,20,104,56,48,107,56,51,0,0,0,1,1,0
53602402,890,450,440,876,443,433,11,5,6,363,193,170,840,428,412,875,438,437,0,0,0,15,12,3
57107501,67,33,34,67,33,34,0,0,0,24,15,9,66,33,33,65,32,33,0,0,0,2,1,1
3208712,0,0,0,0,0,0,0,0,0,0,0,0,0,0,0,0,0,0,0,0,0,0,0,0
53604101,41,20,21,41,20,21,0,0,0,13,7,6,39,19,20,39,19,20,0,0,0,2,1,1
53604102,44,22,22,44,22,22,0,0,0,29,15,14,42,20,22,42,21,21,0,0,0,2,1,1
53604103,1278,643,635,1249,618,631,23,19,4,542,274,268,1196,591,605,1261,631,630,5,2,3,12,10,2
53604104,92,47,45,92,47,45,0,0,0,42,23,19,90,46,44,87,44,43,0,0,0,5,3,2
53604105,101,48,53,97,46,51,4,2,2,33,14,19,93,43,50,101,48,53,0,0,0,0,0,0
53604106,77,38,39,76,37,39,1,1,0,29,16,13,73,36,37,76,37,39,0,0,0,1,1,0
53604107,50,24,26,48,23,25,2,1,1,22,14,8,46,21,25,50,24,26,0,0,0,0,0,0
53604108,60,32,28,59,31,28,1,1,0,22,14,8,58,30,28,58,30,28,2,2,0,0,0,0
53604110,111,53,58,110,53,57,0,0,0,61,31,30,102,50,52,109,52,57,0,0,0,2,1,1
53604111,43,23,20,43,23,20,0,0,0,22,15,7,43,23,20,43,23,20,0,0,0,0,0,0
53604112,51,27,24,50,26,24,1,1,0,26,16,10,44,24,20,51,27,24,0,0,0,0,0,0
53604113,115,62,53,110,60,50,5,2,3,50,28,22,109,59,50,115,62,53,0,0,0,0,0,0
53604114,73,39,34,72,38,34,1,1,0,27,13,14,67,35,32,59,31,28,0,0,0,14,8,6
53604115,61,31,30,61,31,30,0,0,0,34,19,15,57,29,28,61,31,30,0,0,0,0,0,0
57117201,154,78,76,153,77,76,1,1,0,64,34,30,149,77,72,149,75,74,0,0,0,5,3,2
53606701,474,246,228,470,245,225,4,1,3,222,125,97,439,234,205,452,234,218,7,2,5,15,10,5
57097401,446,238,208,425,228,197,20,10,10,151,86,65,416,223,193,446,238,208,0,0,0,0,0,0
59955701,77,40,37,74,37,37,3,3,0,27,15,12,70,37,33,75,38,37,2,2,0,0,0,0
0698920,0,0,0,0,0,0,0,0,0,0,0,0,0,0,0,0,0,0,0,0,0,0,0,0
0699140,0,0,0,0,0,0,0,0,0,0,0,0,0,0,0,0,0,0,0,0,0,0,0,0
0699310,0,0,0,0,0,0,0,0,0,0,0,0,0,0,0,0,0,0,0,0,0,0,0,0
3076290,0,0,0,0,0,0,0,0,0,0,0,0,0,0,0,0,0,0,0,0,0,0,0,0
57082601,401,203,198,398,202,196,3,1,2,187,103,84,377,194,183,401,203,198,0,0,0,0,0,0
57082602,20,9,11,20,9,11,0,0,0,5,2,3,19,9,10,20,9,11,0,0,0,0,0,0
57082603,1794,936,858,1667,839,828,122,96,26,553,287,266,1668,866,802,1733,882,851,61,54,7,0,0,0
57082604,1791,907,884,1729,862,867,55,39,16,666,340,326,1689,852,837,1743,873,870,6,6,0,42,28,14
57082605,465,246,219,359,184,175,87,52,35,68,41,27,206,111,95,109,51,58,355,195,160,1,0,1
57082606,372,306,66,104,59,45,126,115,11,32,17,15,342,282,60,109,60,49,261,244,17,2,2,0
57082607,300,146,154,287,137,150,12,8,4,70,27,43,277,137,140,297,144,153,0,0,0,3,2,1
53612101,497,252,245,491,248,243,6,4,2,208,106,102,467,234,233,487,244,243,0,0,0,10,8,2
56604701,164,78,86,163,77,86,0,0,0,68,28,40,159,77,82,155,71,84,0,0,0,9,7,2
56604702,33,17,16,31,16,15,2,1,1,7,5,2,32,16,16,0,0,0,0,0,0,33,17,16
56604703,31,17,14,30,17,13,1,0,1,12,4,8,30,17,13,31,17,14,0,0,0,0,0,0
57197101,123,63,60,123,63,60,0,0,0,54,29,25,118,62,56,123,63,60,0,0,0,0,0,0
57201201,122,65,57,121,65,56,1,0,1,51,29,22,109,58,51,118,63,55,0,0,0,4,2,2
53616401,192,99,93,189,96,93,2,2,0,80,46,34,185,95,90,190,98,92,0,0,0,2,1,1
53617201,86,46,40,83,44,39,3,2,1,40,21,19,84,44,40,77,41,36,0,0,0,9,5,4
53617202,111,58,53,106,55,51,5,3,2,33,19,14,101,53,48,100,53,47,0,0,0,11,5,6
53617203,149,78,71,147,76,71,1,1,0,48,23,25,132,68,64,111,53,58,37,25,12,1,0,1
53617204,223,120,103,218,115,103,5,5,0,79,39,40,218,116,102,223,120,103,0,0,0,0,0,0
53618101,75,34,41,75,34,41,0,0,0,35,16,19,70,30,40,75,34,41,0,0,0,0,0,0
53618102,314,171,143,310,169,141,4,2,2,120,63,57,293,157,136,311,169,142,0,0,0,3,2,1
53618103,101,47,54,101,47,54,0,0,0,39,17,22,92,43,49,101,47,54,0,0,0,0,0,0
53618104,240,115,125,236,112,124,2,1,1,84,45,39,232,112,120,238,114,124,0,0,0,2,1,1
53618105,213,110,103,210,109,101,2,1,1,82,46,36,205,106,99,192,96,96,0,0,0,21,14,7
53620201,386,199,187,377,193,184,8,5,3,148,82,66,360,185,175,353,181,172,1,1,0,32,17,15
53621101,135,64,71,133,64,69,2,0,2,65,31,34,126,58,68,134,63,71,0,0,0,1,1,0
53621102,31,18,13,31,18,13,0,0,0,11,9,2,30,18,12,31,18,13,0,0,0,0,0,0
56556301,346,183,163,344,182,162,2,1,1,118,68,50,323,170,153,333,175,158,12,7,5,1,1,0
57077001,81,41,40,81,41,40,0,0,0,20,10,10,74,38,36,81,41,40,0,0,0,0,0,0
57077003,129,66,63,128,65,63,0,0,0,44,29,15,120,62,58,128,65,63,0,0,0,1,1,0
53626101,41,20,21,41,20,21,0,0,0,20,10,10,40,19,21,39,19,20,0,0,0,2,1,1
53626102,38,17,21,37,16,21,0,0,0,10,5,5,36,16,20,37,16,21,0,0,0,1,1,0
53626103,282,143,139,281,143,138,1,0,1,120,72,48,265,137,128,275,138,137,0,0,0,7,5,2
53627001,1001,479,522,989,471,518,10,7,3,418,207,211,933,445,488,923,451,472,58,13,45,20,15,5
53627002,111,55,56,111,55,56,0,0,0,45,18,27,108,53,55,111,55,56,0,0,0,0,0,0
53627003,1161,559,602,1124,532,592,31,23,8,302,144,158,1085,522,563,1155,556,599,1,1,0,5,2,3
56564401,540,276,264,538,274,264,2,2,0,250,133,117,515,263,252,528,268,260,0,0,0,12,8,4
0965390,0,0,0,0,0,0,0,0,0,0,0,0,0,0,0,0,0,0,0,0,0,0,0,0
3229112,0,0,0,0,0,0,0,0,0,0,0,0,0,0,0,0,0,0,0,0,0,0,0,0
3334170,0,0,0,0,0,0,0,0,0,0,0,0,0,0,0,0,0,0,0,0,0,0,0,0
53541901,124,69,55,121,68,53,3,1,2,68,37,31,121,68,53,124,69,55,0,0,0,0,0,0
53541902,187,100,87,185,99,86,2,1,1,112,66,46,174,95,79,176,96,80,0,0,0,11,4,7
53541903,356,175,181,327,156,171,27,18,9,194,98,96,338,165,173,328,156,172,28,19,9,0,0,0
53541905,260,131,129,255,128,127,3,3,0,163,87,76,240,120,120,260,131,129,0,0,0,0,0,0
53541907,361,207,154,256,123,133,99,80,19,122,64,58,288,159,129,206,101,105,154,106,48,1,0,1
53541911,168,87,81,166,85,81,2,2,0,101,52,49,164,84,80,167,86,81,0,0,0,1,1,0
53541912,565,282,283,548,270,278,13,10,3,313,164,149,552,277,275,565,282,283,0,0,0,0,0,0
53541913,1145,575,570,1135,567,568,8,6,2,695,364,331,1093,548,545,1137,567,570,8,8,0,0,0,0
53541914,1237,752,485,1124,677,447,107,72,35,511,297,214,1155,691,464,748,396,352,24,9,15,465,347,118
53541915,752,391,361,698,349,349,32,26,6,434,222,212,722,380,342,726,365,361,26,26,0,0,0,0
53541916,160,79,81,144,70,74,15,9,6,92,41,51,147,72,75,160,79,81,0,0,0,0,0,0
53541917,119,56,63,106,49,57,12,6,6,53,23,30,99,47,52,119,56,63,0,0,0,0,0,0
53541918,395,196,199,381,185,196,14,11,3,237,116,121,380,189,191,395,196,199,0,0,0,0,0,0
53541919,384,187,197,377,183,194,2,1,1,242,121,121,360,178,182,379,185,194,0,0,0,5,2,3
53541920,1214,587,627,1110,520,590,101,65,36,549,254,295,1137,546,591,1199,573,626,14,13,1,1,1,0
53541921,5103,2513,2590,4607,2233,2374,441,252,189,2170,1117,1053,4839,2387,2452,5042,2481,2561,55,28,27,6,4,2
53541922,377,193,184,345,174,171,32,19,13,184,96,88,343,173,170,377,193,184,0,0,0,0,0,0
53541923,7177,3513,3664,6470,3062,3408,654,422,232,3190,1586,1604,6812,3305,3507,7108,3492,3616,58,14,44,11,7,4
53541924,1955,1017,938,1689,836,853,247,168,79,872,458,414,1819,947,872,1942,1009,933,13,8,5,0,0,0
53541925,4075,2072,2003,3682,1829,1853,352,219,133,1878,973,905,3818,1934,1884,4070,2068,2002,1,1,0,4,3,1
53541926,3653,1800,1853,3210,1515,1695,414,267,147,1670,793,877,3467,1697,1770,3578,1740,1838,75,60,15,0,0,0
53541927,280,259,21,91,83,8,178,166,12,23,20,3,243,224,19,150,138,12,128,119,9,2,2,0
53541928,1176,568,608,1064,505,559,105,59,46,556,282,274,1114,540,574,1163,562,601,13,6,7,0,0,0
53541930,1047,503,544,922,418,504,118,80,38,399,183,216,954,453,501,948,465,483,97,37,60,2,1,1
53541932,459,237,222,411,207,204,46,28,18,159,85,74,417,213,204,459,237,222,0,0,0,0,0,0
53541933,552,294,258,474,238,236,57,41,16,259,116,143,478,245,233,469,230,239,73,58,15,10,6,4
53541934,360,190,170,324,167,157,35,22,13,177,103,74,336,176,160,360,190,170,0,0,0,0,0,0
53541935,71,32,39,71,32,39,0,0,0,44,18,26,67,29,38,70,31,39,1,1,0,0,0,0
53541938,41,21,20,37,20,17,1,0,1,17,10,7,38,19,19,41,21,20,0,0,0,0,0,0
53541939,1008,512,496,917,454,463,79,50,29,506,255,251,940,476,464,996,501,495,9,8,1,3,3,0
53541941,692,358,334,618,311,307,68,44,24,272,134,138,635,330,305,657,329,328,0,0,0,35,29,6
53541942,68,39,29,63,34,29,4,4,0,37,19,18,60,34,26,58,32,26,7,5,2,3,2,1
53541943,455,242,213,387,192,195,47,31,16,160,82,78,411,213,198,430,222,208,25,20,5,0,0,0
53541944,3026,1442,1584,2761,1288,1473,247,146,101,1478,708,770,2855,1360,1495,3014,1438,1576,11,3,8,1,1,0
53541945,2677,1270,1407,2382,1097,1285,277,165,112,1240,573,667,2496,1175,1321,2655,1262,1393,21,7,14,1,1,0
53541946,134,66,68,130,64,66,4,2,2,66,37,29,122,61,61,134,66,68,0,0,0,0,0,0
53541947,24,10,14,16,6,10,8,4,4,10,2,8,22,8,14,22,10,12,2,0,2,0,0,0
53541948,287,145,142,246,118,128,41,27,14,120,59,61,256,129,127,287,145,142,0,0,0,0,0,0
53541949,412,218,194,336,167,169,70,47,23,176,95,81,362,192,170,400,211,189,9,6,3,3,1,2
3077420,0,0,0,0,0,0,0,0,0,0,0,0,0,0,0,0,0,0,0,0,0,0,0,0
53632601,56,29,27,56,29,27,0,0,0,27,12,15,54,28,26,54,28,26,0,0,0,2,1,1
53632602,149,80,69,149,80,69,0,0,0,90,54,36,137,75,62,144,78,66,0,0,0,5,2,3
53632603,103,48,55,103,48,55,0,0,0,53,28,25,102,48,54,101,47,54,0,0,0,2,1,1
53632604,91,51,40,91,51,40,0,0,0,2,0,2,82,45,37,1,0,1,90,51,39,0,0,0
53632605,264,136,128,263,136,127,1,0,1,130,71,59,256,132,124,262,134,128,0,0,0,2,2,0
53632606,112,62,50,110,60,50,2,2,0,53,29,24,107,58,49,109,61,48,0,0,0,3,1,2
53632607,597,303,294,577,291,286,17,10,7,193,106,87,536,269,267,596,302,294,0,0,0,1,1,0
53632608,22,9,13,18,8,10,4,1,3,6,3,3,21,9,12,19,7,12,0,0,0,3,2,1
53632609,34,16,18,33,16,17,1,0,1,14,6,8,34,16,18,34,16,18,0,0,0,0,0,0
53632610,82,42,40,82,42,40,0,0,0,38,19,19,79,41,38,82,42,40,0,0,0,0,0,0
53632612,667,340,327,649,325,324,18,15,3,309,164,145,629,318,311,645,324,321,15,13,2,7,3,4
53632613,81,43,38,71,34,37,10,9,1,32,17,15,75,40,35,81,43,38,0,0,0,0,0,0
53632615,1952,949,1003,1891,914,977,51,31,20,895,451,444,1857,897,960,1952,949,1003,0,0,0,0,0,0
53632616,717,357,360,697,343,354,20,14,6,332,180,152,692,343,349,598,274,324,0,0,0,119,83,36
53632617,823,395,428,810,388,422,13,7,6,390,202,188,786,379,407,821,394,427,1,1,0,1,0,1
53632618,722,358,364,694,338,356,28,20,8,371,192,179,687,341,346,722,358,364,0,0,0,0,0,0
53632620,80,35,45,75,35,40,4,0,4,30,15,15,70,32,38,77,34,43,0,0,0,3,1,2
53632622,68,41,27,56,29,27,12,12,0,18,10,8,62,37,25,59,35,24,2,2,0,7,4,3
53632624,1045,473,572,1020,457,563,22,14,8,456,222,234,977,442,535,964,455,509,81,18,63,0,0,0
53632625,873,418,455,853,406,447,15,9,6,410,211,199,840,398,442,871,417,454,2,1,1,0,0,0
53632626,125,65,60,123,63,60,2,2,0,55,31,24,117,62,55,122,63,59,0,0,0,3,2,1
53632627,27,13,14,27,13,14,0,0,0,19,11,8,26,13,13,27,13,14,0,0,0,0,0,0
53632628,47,20,27,47,20,27,0,0,0,23,12,11,43,19,24,47,20,27,0,0,0,0,0,0
56582201,95,47,48,95,47,48,0,0,0,37,16,21,92,45,47,95,47,48,0,0,0,0,0,0
57186501,72,37,35,72,37,35,0,0,0,29,16,13,62,29,33,54,28,26,0,0,0,18,9,9
57186502,96,43,53,89,39,50,7,4,3,45,19,26,89,40,49,96,43,53,0,0,0,0,0,0
57186503,32,18,14,32,18,14,0,0,0,8,7,1,32,18,14,30,16,14,0,0,0,2,2,0
53633401,199,102,97,196,101,95,1,0,1,88,48,40,191,98,93,195,100,95,0,0,0,4,2,2
57115601,145,78,67,144,77,67,1,1,0,76,43,33,141,75,66,144,77,67,0,0,0,1,1,0
3266230,0,0,0,0,0,0,0,0,0,0,0,0,0,0,0,0,0,0,0,0,0,0,0,0
53635101,449,212,237,443,208,235,6,4,2,205,93,112,433,204,229,449,212,237,0,0,0,0,0,0
57199701,70,36,34,70,36,34,0,0,0,19,11,8,70,36,34,65,34,31,0,0,0,5,2,3
57112101,167,82,85,164,80,84,3,2,1,47,24,23,152,75,77,167,82,85,0,0,0,0,0,0
57112102,37,20,17,36,19,17,0,0,0,14,7,7,31,16,15,32,17,15,0,0,0,5,3,2
57112103,129,58,71,127,58,69,2,0,2,33,20,13,119,56,63,68,34,34,48,16,32,13,8,5
53637701,262,140,122,261,140,121,1,0,1,105,69,36,247,129,118,262,140,122,0,0,0,0,0,0
53637702,30,14,16,30,14,16,0,0,0,8,4,4,30,14,16,30,14,16,0,0,0,0,0,0
57180601,291,150,141,277,138,139,14,12,2,127,68,59,259,131,128,290,149,141,0,0,0,1,1,0
57089301,70,35,35,68,34,34,2,1,1,28,19,9,69,35,34,70,35,35,0,0,0,0,0,0
57089302,174,85,89,171,83,88,3,2,1,61,29,32,158,78,80,171,83,88,0,0,0,3,2,1
53640701,248,132,116,247,131,116,1,1,0,111,65,46,237,126,111,248,132,116,0,0,0,0,0,0
57103201,202,106,96,202,106,96,0,0,0,107,60,47,198,105,93,187,98,89,0,0,0,15,8,7
59824101,34,17,17,31,16,15,3,1,2,10,4,6,32,15,17,34,17,17,0,0,0,0,0,0
59824102,53,27,26,51,25,26,1,1,0,10,6,4,43,23,20,53,27,26,0,0,0,0,0,0
53643101,41,24,17,41,24,17,0,0,0,10,4,6,38,23,15,41,24,17,0,0,0,0,0,0
53643102,302,146,156,295,142,153,6,4,2,127,69,58,280,135,145,300,145,155,0,0,0,2,1,1
53644001,872,426,446,818,390,428,52,34,18,316,159,157,813,396,417,817,388,429,42,30,12,13,8,5
53644002,158,93,65,158,93,65,0,0,0,74,51,23,149,87,62,158,93,65,0,0,0,0,0,0
53645802,341,180,161,326,168,158,13,10,3,135,72,63,322,174,148,329,173,156,6,3,3,6,4,2
53645803,139,68,71,139,68,71,0,0,0,59,30,29,132,65,67,138,67,71,0,0,0,1,1,0
56558001,257,133,124,255,132,123,2,1,1,97,56,41,228,118,110,251,128,123,0,0,0,6,5,1
57075301,94,51,43,93,51,42,1,0,1,43,28,15,91,48,43,85,47,38,0,0,0,9,4,5
53649101,40,18,22,36,15,21,4,3,1,13,5,8,35,15,20,35,15,20,3,2,1,2,1,1
53649102,896,452,444,696,355,341,185,92,93,365,206,159,830,423,407,689,342,347,198,101,97,9,9,0
57092301,111,56,55,109,55,54,2,1,1,49,27,22,110,55,55,107,54,53,0,0,0,4,2,2
57193801,51,25,26,51,25,26,0,0,0,18,7,11,48,23,25,51,25,26,0,0,0,0,0,0
57193802,20,9,11,20,9,11,0,0,0,10,5,5,20,9,11,20,9,11,0,0,0,0,0,0
57193803,96,44,52,96,44,52,0,0,0,14,5,9,85,37,48,95,43,52,0,0,0,1,1,0
57193804,52,24,28,52,24,28,0,0,0,24,14,10,50,23,27,52,24,28,0,0,0,0,0,0
57193805,22,10,12,22,10,12,0,0,0,7,3,4,20,9,11,22,10,12,0,0,0,0,0,0
57193806,44,26,18,41,24,17,2,1,1,21,11,10,42,25,17,44,26,18,0,0,0,0,0,0
56565201,55,33,22,55,33,22,0,0,0,19,11,8,55,33,22,42,25,17,0,0,0,13,8,5
56563601,259,140,119,259,140,119,0,0,0,107,61,46,253,137,116,258,139,119,0,0,0,1,1,0
52960501,193,97,96,191,95,96,2,2,0,65,38,27,183,90,93,191,95,96,1,1,0,1,1,0
52960502,143,75,68,143,75,68,0,0,0,50,32,18,118,64,54,137,72,65,0,0,0,6,3,3
57114802,153,79,74,149,76,73,3,3,0,60,37,23,140,73,67,150,76,74,0,0,0,3,3,0
3266660,0,0,0,0,0,0,0,0,0,0,0,0,0,0,0,0,0,0,0,0,0,0,0,0
53658001,768,385,383,724,351,373,41,31,10,314,149,165,725,360,365,746,373,373,7,4,3,15,8,7
56566101,79,39,40,77,38,39,2,1,1,37,19,18,78,39,39,79,39,40,0,0,0,0,0,0
52959101,238,121,117,237,120,117,1,1,0,79,40,39,228,114,114,236,119,117,0,0,0,2,2,0
53661001,729,368,361,715,359,356,9,6,3,294,170,124,697,351,346,724,365,359,0,0,0,5,3,2
59957301,108,60,48,105,58,47,3,2,1,44,24,20,102,56,46,107,59,48,0,0,0,1,1,0
53663601,382,192,190,376,188,188,6,4,2,154,84,70,357,176,181,367,187,180,1,0,1,14,5,9
55703001,158,81,77,152,77,75,6,4,2,56,29,27,146,74,72,148,77,71,2,1,1,8,3,5
55703002,58,29,29,58,29,29,0,0,0,28,15,13,55,27,28,6,3,3,0,0,0,52,26,26
55703003,157,84,73,157,84,73,0,0,0,43,26,17,150,82,68,153,82,71,0,0,0,4,2,2
55703004,354,174,180,346,171,175,5,2,3,114,61,53,329,160,169,314,154,160,0,0,0,40,20,20
53665201,91,46,45,87,44,43,4,2,2,35,17,18,80,40,40,91,46,45,0,0,0,0,0,0
53665202,238,117,121,237,116,121,1,1,0,101,55,46,230,114,116,236,116,120,0,0,0,2,1,1
53665203,199,111,88,198,111,87,1,0,1,87,56,31,186,104,82,195,108,87,0,0,0,4,3,1
53665204,109,49,60,109,49,60,0,0,0,49,21,28,101,45,56,109,49,60,0,0,0,0,0,0
53665205,75,42,33,71,38,33,4,4,0,27,17,10,73,40,33,75,42,33,0,0,0,0,0,0
53666101,29,13,16,29,13,16,0,0,0,5,2,3,29,13,16,0,0,0,0,0,0,29,13,16
53666103,543,270,273,535,266,269,7,3,4,225,122,103,528,262,266,509,252,257,0,0,0,34,18,16
56553901,332,175,157,315,166,149,17,9,8,124,67,57,287,150,137,321,167,154,8,5,3,3,3,0
53670901,303,151,152,292,145,147,11,6,5,121,67,54,289,145,144,290,145,145,0,0,0,13,6,7
57188101,62,28,34,62,28,34,0,0,0,27,13,14,55,23,32,62,28,34,0,0,0,0,0,0
57188102,72,36,36,72,36,36,0,0,0,24,13,11,63,31,32,70,35,35,0,0,0,2,1,1
53671701,200,103,97,191,96,95,8,6,2,74,35,39,186,95,91,196,99,97,0,0,0,4,4,0
56592001,99,51,48,99,51,48,0,0,0,42,27,15,98,51,47,96,49,47,0,0,0,3,2,1
53676801,69,37,32,65,34,31,3,2,1,20,12,8,63,33,30,69,37,32,0,0,0,0,0,0
53676802,311,157,154,303,151,152,7,6,1,111,55,56,292,145,147,264,130,134,6,4,2,41,23,18
57098201,76,38,38,73,36,37,2,1,1,30,18,12,69,33,36,61,32,29,0,0,0,15,6,9
57098202,376,186,190,367,182,185,7,3,4,120,55,65,329,161,168,368,180,188,0,0,0,8,6,2
57076101,118,58,60,116,56,60,1,1,0,54,31,23,108,54,54,110,55,55,0,0,0,8,3,5
53685701,74,39,35,70,36,34,2,1,1,32,18,14,65,35,30,74,39,35,0,0,0,0,0,0
53685704,206,101,105,204,100,104,2,1,1,98,48,50,196,95,101,189,95,94,0,0,0,17,6,11
53685705,88,44,44,85,43,42,3,1,2,31,12,19,83,40,43,88,44,44,0,0,0,0,0,0
53685706,22,11,11,22,11,11,0,0,0,9,4,5,22,11,11,22,11,11,0,0,0,0,0,0
56572501,130,66,64,130,66,64,0,0,0,51,29,22,128,66,62,129,66,63,0,0,0,1,0,1
56562801,309,149,160,308,149,159,1,0,1,141,77,64,298,143,155,299,144,155,3,2,1,7,3,4
57084201,266,136,130,260,132,128,5,4,1,104,54,50,256,131,125,255,128,127,0,0,0,11,8,3
56557102,429,211,218,428,210,218,0,0,0,148,76,72,398,192,206,411,200,211,2,1,1,16,10,6
57202101,151,82,69,149,81,68,1,1,0,42,23,19,139,78,61,142,75,67,0,0,0,9,7,2
53693801,347,180,167,346,180,166,1,0,1,130,72,58,328,172,156,337,171,166,0,0,0,10,9,1
53693802,327,163,164,324,162,162,3,1,2,105,52,53,309,155,154,321,160,161,0,0,0,6,3,3
57181401,611,322,289,603,316,287,6,5,1,236,127,109,582,308,274,599,313,286,1,0,1,11,9,2
53697101,35,19,16,35,19,16,0,0,0,14,6,8,35,19,16,25,10,15,0,0,0,10,9,1
53697102,59,25,34,59,25,34,0,0,0,31,14,17,57,23,34,59,25,34,0,0,0,0,0,0
53697103,783,393,390,775,387,388,8,6,2,336,189,147,747,373,374,779,390,389,2,1,1,2,2,0
53697104,29,15,14,29,15,14,0,0,0,11,6,5,27,14,13,21,10,11,2,1,1,6,4,2
53697105,87,46,41,87,46,41,0,0,0,37,19,18,76,42,34,67,33,34,0,0,0,20,13,7
53697106,278,137,141,277,136,141,1,1,0,145,80,65,268,130,138,278,137,141,0,0,0,0,0,0
53697107,189,104,85,189,104,85,0,0,0,99,61,38,177,97,80,167,89,78,0,0,0,22,15,7
53698901,381,206,175,379,205,174,2,1,1,193,117,76,373,202,171,368,198,170,0,0,0,13,8,5
53699701,384,200,184,383,200,183,1,0,1,155,81,74,361,190,171,383,199,184,1,1,0,0,0,0
53702101,444,221,223,442,220,222,2,1,1,231,124,107,422,212,210,434,213,221,0,0,0,10,8,2
53702102,64,32,32,64,32,32,0,0,0,24,11,13,53,27,26,64,32,32,0,0,0,0,0,0
53702103,52,25,27,47,21,26,5,4,1,20,10,10,51,25,26,52,25,27,0,0,0,0,0,0
53702104,229,105,124,229,105,124,0,0,0,117,55,62,220,102,118,228,104,124,0,0,0,1,1,0
53702105,61,30,31,61,30,31,0,0,0,28,15,13,58,29,29,61,30,31,0,0,0,0,0,0
53703901,638,305,333,636,303,333,1,1,0,268,137,131,613,293,320,622,295,327,0,0,0,16,10,6
53703902,217,106,111,213,104,109,4,2,2,86,48,38,205,101,104,216,105,111,0,0,0,1,1,0
53704701,373,199,174,358,188,170,13,10,3,142,87,55,350,185,165,370,198,172,0,0,0,3,1,2
53705501,355,180,175,354,180,174,1,0,1,139,73,66,344,175,169,334,163,171,0,0,0,21,17,4
53705502,114,60,54,113,60,53,0,0,0,48,28,20,109,57,52,114,60,54,0,0,0,0,0,0
53705503,159,84,75,158,83,75,1,1,0,72,39,33,137,71,66,158,83,75,0,0,0,1,1,0
59967101,219,115,104,219,115,104,0,0,0,84,46,38,211,112,99,217,115,102,0,0,0,2,0,2
53708001,511,254,257,506,251,255,5,3,2,224,127,97,494,247,247,499,245,254,0,0,0,12,9,3
53709801,216,99,117,216,99,117,0,0,0,84,45,39,199,92,107,204,93,111,0,0,0,12,6,6
53710101,108,47,61,108,47,61,0,0,0,46,19,27,102,46,56,108,47,61,0,0,0,0,0,0
53710102,137,73,64,137,73,64,0,0,0,46,29,17,124,66,58,129,69,60,0,0,0,8,4,4
53711001,376,180,196,374,179,195,2,1,1,180,89,91,364,176,188,369,173,196,0,0,0,7,7,0
53711003,171,87,84,171,87,84,0,0,0,68,41,27,161,82,79,171,87,84,0,0,0,0,0,0
53712801,69,27,42,67,26,41,0,0,0,21,8,13,64,25,39,69,27,42,0,0,0,0,0,0
53712802,675,340,335,672,338,334,3,2,1,274,139,135,634,325,309,638,316,322,12,6,6,25,18,7
53712803,108,54,54,107,53,54,0,0,0,43,21,22,104,51,53,107,53,54,0,0,0,1,1,0
53485401,164,77,87,164,77,87,0,0,0,64,31,33,153,74,79,162,77,85,0,0,0,2,0,2
53715201,795,395,400,779,386,393,16,9,7,336,168,168,740,369,371,785,386,399,4,4,0,6,5,1
53716101,274,142,132,272,141,131,2,1,1,97,55,42,255,134,121,272,140,132,0,0,0,2,2,0
53717901,550,285,265,545,283,262,3,1,2,178,102,76,483,251,232,509,264,245,5,3,2,36,18,18
53717902,263,142,121,263,142,121,0,0,0,46,27,19,244,132,112,204,109,95,0,0,0,59,33,26
59963801,578,293,285,576,292,284,2,1,1,231,127,104,534,269,265,569,286,283,1,1,0,8,6,2
59962001,42,22,20,41,21,20,1,1,0,14,8,6,36,19,17,42,22,20,0,0,0,0,0,0
59962002,407,204,203,406,203,203,1,1,0,171,92,79,385,190,195,397,196,201,0,0,0,10,8,2
53721701,43,23,20,43,23,20,0,0,0,16,11,5,42,22,20,43,23,20,0,0,0,0,0,0
53721702,389,198,191,385,194,191,4,4,0,144,78,66,374,192,182,384,194,190,0,0,0,5,4,1
53722501,34,21,13,33,20,13,0,0,0,3,3,0,33,20,13,33,20,13,0,0,0,1,1,0
53722502,181,93,88,174,91,83,6,2,4,61,35,26,161,82,79,171,85,86,0,0,0,10,8,2
53722503,22,8,14,22,8,14,0,0,0,11,5,6,20,8,12,22,8,14,0,0,0,0,0,0
53722504,21,12,9,20,12,8,1,0,1,8,5,3,17,10,7,21,12,9,0,0,0,0,0,0
53722505,87,46,41,86,45,41,1,1,0,20,14,6,72,38,34,81,43,38,0,0,0,6,3,3
53723301,536,274,262,528,271,257,4,1,3,257,154,103,509,258,251,532,271,261,0,0,0,4,3,1
53470601,176,85,91,175,85,90,1,0,1,86,42,44,166,83,83,169,81,88,0,0,0,7,4,3
53470602,24,10,14,24,10,14,0,0,0,8,4,4,23,9,14,23,9,14,0,0,0,1,1,0
53725001,331,178,153,326,175,151,4,2,2,121,71,50,296,156,140,323,172,151,0,0,0,8,6,2
59958101,1094,939,155,1038,885,153,9,7,2,109,68,41,814,683,131,314,161,153,779,777,2,1,1,0
53726801,146,77,69,145,76,69,1,1,0,58,32,26,142,76,66,143,74,69,0,0,0,3,3,0
53726802,229,115,114,227,114,113,1,0,1,89,47,42,215,106,109,229,115,114,0,0,0,0,0,0
53727601,525,268,257,511,259,252,13,8,5,229,125,104,510,259,251,514,259,255,0,0,0,11,9,2
53729201,57,27,30,56,26,30,1,1,0,26,13,13,51,25,26,55,26,29,0,0,0,2,1,1
53729202,403,188,215,403,188,215,0,0,0,212,106,106,377,177,200,388,180,208,10,5,5,5,3,2
53729203,49,25,24,49,25,24,0,0,0,19,13,6,47,24,23,49,25,24,0,0,0,0,0,0
55148102,28,15,13,27,14,13,1,1,0,7,3,4,27,15,12,27,14,13,1,1,0,0,0,0
55148103,142,69,73,142,69,73,0,0,0,67,35,32,128,63,65,131,60,71,0,0,0,11,9,2
53730601,88,42,46,88,42,46,0,0,0,30,18,12,77,37,40,88,42,46,0,0,0,0,0,0
53731401,853,438,415,837,427,410,13,8,5,374,206,168,812,413,399,841,431,410,0,0,0,12,7,5
52963001,227,119,108,226,118,108,0,0,0,75,46,29,212,113,99,221,114,107,0,0,0,6,5,1
52963002,103,49,54,102,48,54,1,1,0,30,11,19,98,47,51,99,46,53,0,0,0,4,3,1
53733101,169,85,84,169,85,84,0,0,0,73,40,33,165,82,83,169,85,84,0,0,0,0,0,0
53733102,73,34,39,73,34,39,0,0,0,25,12,13,71,34,37,72,33,39,0,0,0,1,1,0
53733103,1403,683,720,1395,679,716,7,3,4,692,363,329,1326,649,677,1384,669,715,0,0,0,19,14,5
53733104,114,58,56,114,58,56,0,0,0,53,30,23,110,56,54,114,58,56,0,0,0,0,0,0
53733105,99,50,49,99,50,49,0,0,0,45,24,21,97,49,48,99,50,49,0,0,0,0,0,0
53734901,90,52,38,89,51,38,1,1,0,33,23,10,84,47,37,89,51,38,0,0,0,1,1,0
53734903,188,90,98,186,89,97,2,1,1,93,51,42,178,86,92,183,85,98,0,0,0,5,5,0
53734905,73,39,34,72,38,34,1,1,0,24,13,11,71,38,33,73,39,34,0,0,0,0,0,0
53735701,1587,762,825,1577,757,820,8,3,5,602,292,310,1462,700,762,1572,752,820,0,0,0,15,10,5
53494301,336,172,164,332,170,162,4,2,2,143,71,72,315,162,153,325,167,158,0,0,0,11,5,6
53737301,325,158,167,323,156,167,2,2,0,143,78,65,302,148,154,325,158,167,0,0,0,0,0,0
53737302,571,277,294,560,272,288,9,4,5,225,122,103,526,255,271,552,265,287,0,0,0,19,12,7
53739001,729,375,354,727,374,353,2,1,1,291,157,134,682,349,333,715,365,350,2,2,0,12,8,4
53740301,427,223,204,421,218,203,6,5,1,163,94,69,406,212,194,421,219,202,0,0,0,6,4,2
53741101,53,28,25,52,28,24,1,0,1,23,11,12,50,25,25,51,28,23,0,0,0,2,0,2
53741102,925,469,456,915,466,449,8,2,6,444,250,194,869,445,424,904,454,450,1,1,0,20,14,6
53741103,121,63,58,121,63,58,0,0,0,59,36,23,119,62,57,121,63,58,0,0,0,0,0,0
53741104,86,45,41,86,45,41,0,0,0,38,25,13,86,45,41,86,45,41,0,0,0,0,0,0
53741105,37,18,19,37,18,19,0,0,0,8,5,3,33,17,16,37,18,19,0,0,0,0,0,0
53741106,77,41,36,77,41,36,0,0,0,37,21,16,74,38,36,77,41,36,0,0,0,0,0,0
53743801,1190,574,616,1180,567,613,10,7,3,541,274,267,1148,549,599,1146,551,595,22,10,12,22,13,9
53744601,860,413,447,856,411,445,4,2,2,333,168,165,826,399,427,828,391,437,0,0,0,32,22,10
53744602,431,216,215,430,215,215,1,1,0,181,90,91,408,203,205,417,207,210,2,1,1,12,8,4
53744603,97,47,50,97,47,50,0,0,0,32,16,16,92,45,47,96,47,49,0,0,0,1,0,1
0895670,0,0,0,0,0,0,0,0,0,0,0,0,0,0,0,0,0,0,0,0,0,0,0,0
0896052,0,0,0,0,0,0,0,0,0,0,0,0,0,0,0,0,0,0,0,0,0,0,0,0
0896300,0,0,0,0,0,0,0,0,0,0,0,0,0,0,0,0,0,0,0,0,0,0,0,0
3252950,0,0,0,0,0,0,0,0,0,0,0,0,0,0,0,0,0,0,0,0,0,0,0,0
53745401,1571,768,803,1515,732,783,46,30,16,778,391,387,1505,738,767,1523,739,784,48,29,19,0,0,0
53745402,25,16,9,21,14,7,4,2,2,8,5,3,24,15,9,13,7,6,0,0,0,12,9,3
53745403,178,96,82,177,95,82,1,1,0,79,46,33,172,93,79,178,96,82,0,0,0,0,0,0
53745406,125,61,64,124,61,63,1,0,1,54,30,24,123,60,63,72,36,36,0,0,0,53,25,28
53745408,230,117,113,226,116,110,3,1,2,107,54,53,225,115,110,230,117,113,0,0,0,0,0,0
53745409,2013,968,1045,1997,959,1038,13,8,5,923,461,462,1895,907,988,1918,932,986,92,34,58,3,2,1
53745410,1244,566,678,1197,542,655,39,21,18,479,223,256,1169,528,641,1244,566,678,0,0,0,0,0,0
53745411,1074,547,527,1058,538,520,13,7,6,411,223,188,1006,507,499,1069,544,525,0,0,0,5,3,2
53745412,1471,710,761,1457,702,755,12,6,6,683,358,325,1375,661,714,1464,706,758,1,1,0,6,3,3
53745413,40,21,19,39,20,19,1,1,0,16,8,8,40,21,19,37,19,18,3,2,1,0,0,0
53745414,1144,582,562,1129,572,557,13,9,4,544,276,268,1083,551,532,999,473,526,6,4,2,139,105,34
53745415,744,333,411,734,328,406,10,5,5,299,129,170,700,311,389,744,333,411,0,0,0,0,0,0
53746201,402,207,195,394,201,193,7,6,1,166,86,80,362,186,176,399,204,195,0,0,0,3,3,0
53748901,2649,1266,1383,2629,1259,1370,19,6,13,1312,663,649,2520,1208,1312,2608,1240,1368,1,0,1,40,26,14
53748902,59,32,27,58,32,26,1,0,1,17,11,6,53,29,24,59,32,27,0,0,0,0,0,0
53748904,86,46,40,86,46,40,0,0,0,42,25,17,83,45,38,86,46,40,0,0,0,0,0,0
53749701,291,149,142,290,148,142,1,1,0,146,77,69,286,147,139,285,144,141,0,0,0,6,5,1
53750101,335,170,165,329,167,162,4,2,2,119,63,56,312,159,153,335,170,165,0,0,0,0,0,0
53750102,3004,1456,1548,2960,1430,1530,39,21,18,1164,606,558,2860,1389,1471,2982,1446,1536,10,3,7,12,7,5
53750103,292,153,139,278,143,135,9,7,2,61,32,29,259,135,124,292,153,139,0,0,0,0,0,0
53750104,6620,3257,3363,6251,3052,3199,329,184,145,1726,860,866,5881,2875,3006,6500,3165,3335,115,91,24,5,1,4
53750105,2462,1267,1195,2378,1222,1156,65,36,29,688,353,335,2282,1169,1113,2201,1083,1118,57,31,26,204,153,51
53491901,260,131,129,260,131,129,0,0,0,114,67,47,242,122,120,257,129,128,0,0,0,3,2,1
59965401,77,43,34,76,43,33,1,0,1,33,21,12,67,39,28,75,41,34,0,0,0,2,2,0
1083750,0,0,0,0,0,0,0,0,0,0,0,0,0,0,0,0,0,0,0,0,0,0,0,0
3077690,0,0,0,0,0,0,0,0,0,0,0,0,0,0,0,0,0,0,0,0,0,0,0,0
3197830,0,0,0,0,0,0,0,0,0,0,0,0,0,0,0,0,0,0,0,0,0,0,0,0
3335810,0,0,0,0,0,0,0,0,0,0,0,0,0,0,0,0,0,0,0,0,0,0,0,0
53700401,590,291,299,590,291,299,0,0,0,345,172,173,563,277,286,568,280,288,21,10,11,1,1,0
53700402,263,137,126,258,135,123,4,2,2,86,52,34,234,119,115,263,137,126,0,0,0,0,0,0
53700406,1465,698,767,1428,677,751,29,14,15,673,329,344,1393,666,727,1422,670,752,43,28,15,0,0,0
53700407,166,83,83,165,82,83,0,0,0,85,42,43,160,81,79,166,83,83,0,0,0,0,0,0
53700408,1395,651,744,1374,637,737,19,12,7,610,306,304,1331,615,716,1395,651,744,0,0,0,0,0,0
53700409,1798,854,944,1780,845,935,17,9,8,972,479,493,1710,812,898,1798,854,944,0,0,0,0,0,0
53700410,1089,530,559,1081,527,554,6,3,3,579,308,271,1040,503,537,1055,512,543,0,0,0,34,18,16
53700411,1380,689,691,1345,667,678,26,17,9,710,369,341,1337,664,673,1136,529,607,0,0,0,244,160,84
53700412,54,26,28,48,21,27,6,5,1,24,12,12,47,21,26,38,17,21,13,8,5,3,1,2
53700413,1106,536,570,1094,530,564,7,2,5,595,293,302,1063,515,548,1101,534,567,1,1,0,4,1,3
53700414,817,390,427,813,388,425,3,2,1,425,210,215,777,371,406,817,390,427,0,0,0,0,0,0
53700415,1393,667,726,1355,648,707,31,16,15,707,371,336,1324,631,693,1367,649,718,26,18,8,0,0,0
53700418,35,20,15,35,20,15,0,0,0,17,9,8,31,17,14,32,17,15,0,0,0,3,3,0
53700419,60,45,15,33,19,14,23,22,1,18,13,5,55,40,15,29,16,13,31,29,2,0,0,0
53700420,243,121,122,239,119,120,4,2,2,116,58,58,231,116,115,233,116,117,2,0,2,8,5,3
53700421,2943,1352,1591,2879,1316,1563,54,31,23,1280,645,635,2785,1281,1504,2934,1345,1589,8,6,2,1,1,0
53755101,341,186,155,340,185,155,1,1,0,135,84,51,314,169,145,336,183,153,0,0,0,5,3,2
53756001,152,80,72,148,80,68,3,0,3,62,37,25,142,72,70,147,75,72,0,0,0,5,5,0
53756002,39,22,17,38,22,16,1,0,1,9,6,3,37,21,16,39,22,17,0,0,0,0,0,0
53757801,437,222,215,429,220,209,7,2,5,187,114,73,419,212,207,430,217,213,0,0,0,7,5,2
53758601,215,106,109,213,105,108,2,1,1,75,38,37,204,101,103,215,106,109,0,0,0,0,0,0
53758602,167,82,85,164,81,83,1,1,0,68,40,28,157,77,80,166,81,85,0,0,0,1,1,0
53758603,439,215,224,438,214,224,1,1,0,193,95,98,412,204,208,404,194,210,6,2,4,29,19,10
53758604,83,42,41,83,42,41,0,0,0,35,21,14,79,42,37,83,42,41,0,0,0,0,0,0
59966201,149,72,77,139,67,72,8,5,3,47,23,24,142,68,74,147,70,77,0,0,0,2,2,0
59966202,25,14,11,25,14,11,0,0,0,4,3,1,24,13,11,3,1,2,0,0,0,22,13,9
53761601,533,269,264,531,267,264,1,1,0,211,112,99,509,258,251,528,265,263,0,0,0,5,4,1
53762401,515,261,254,493,252,241,14,5,9,187,97,90,474,238,236,505,253,252,0,0,0,10,8,2
53762402,27,15,12,26,14,12,1,1,0,2,0,2,24,12,12,3,1,2,0,0,0,24,14,10
53762403,77,35,42,77,35,42,0,0,0,26,10,16,76,35,41,77,35,42,0,0,0,0,0,0
53763201,755,393,362,751,390,361,4,3,1,271,158,113,720,377,343,745,387,358,3,0,3,7,6,1
53765901,528,251,277,524,248,276,4,3,1,190,100,90,473,225,248,522,246,276,0,0,0,6,5,1
53766701,429,223,206,429,223,206,0,0,0,137,76,61,415,214,201,421,218,203,0,0,0,8,5,3
1235950,0,0,0,0,0,0,0,0,0,0,0,0,0,0,0,0,0,0,0,0,0,0,0,0
1236090,0,0,0,0,0,0,0,0,0,0,0,0,0,0,0,0,0,0,0,0,0,0,0,0
1236170,0,0,0,0,0,0,0,0,0,0,0,0,0,0,0,0,0,0,0,0,0,0,0,0
53768301,639,330,309,635,326,309,4,4,0,348,201,147,608,316,292,639,330,309,0,0,0,0,0,0
53768302,442,213,229,440,211,229,2,2,0,227,116,111,421,202,219,442,213,229,0,0,0,0,0,0
53768303,850,429,421,834,422,412,13,5,8,453,242,211,807,407,400,849,429,420,0,0,0,1,0,1
53768304,347,169,178,345,167,178,2,2,0,199,100,99,331,162,169,347,169,178,0,0,0,0,0,0
53768306,3518,1621,1897,3477,1598,1879,33,19,14,1656,830,826,3329,1534,1795,3518,1621,1897,0,0,0,0,0,0
53768307,773,328,445,748,314,434,18,10,8,293,145,148,692,299,393,702,309,393,71,19,52,0,0,0
53768308,592,274,318,582,269,313,8,4,4,281,135,146,546,255,291,591,273,318,0,0,0,1,1,0
53768309,1435,727,708,1248,608,640,183,117,66,618,316,302,1221,597,624,1303,629,674,132,98,34,0,0,0
53768311,537,280,257,531,276,255,6,4,2,239,131,108,510,264,246,534,279,255,0,0,0,3,1,2
53768312,57,23,34,57,23,34,0,0,0,27,9,18,54,21,33,57,23,34,0,0,0,0,0,0
53768314,274,181,93,267,175,92,7,6,1,109,78,31,255,170,85,112,58,54,6,4,2,156,119,37
53768315,199,100,99,192,97,95,7,3,4,81,45,36,177,89,88,198,100,98,1,0,1,0,0,0
53768316,2459,1131,1328,2429,1111,1318,27,17,10,1166,584,582,2354,1080,1274,2448,1124,1324,11,7,4,0,0,0
53768317,1596,751,845,1551,727,824,43,23,20,677,333,344,1498,703,795,1587,748,839,9,3,6,0,0,0
53768318,50,24,26,50,24,26,0,0,0,34,18,16,48,23,25,50,24,26,0,0,0,0,0,0
53768319,768,376,392,716,342,374,49,32,17,290,144,146,656,320,336,736,353,383,32,23,9,0,0,0
59959001,201,102,99,200,102,98,1,0,1,71,39,32,185,96,89,199,100,99,0,0,0,2,2,0
53772101,1239,613,626,1199,592,607,35,18,17,599,305,294,1186,584,602,1190,583,607,22,13,9,27,17,10
53775601,25,12,13,24,12,12,0,0,0,12,7,5,23,12,11,25,12,13,0,0,0,0,0,0
53775602,31,12,19,31,12,19,0,0,0,15,5,10,29,11,18,31,12,19,0,0,0,0,0,0
53775603,68,34,34,64,32,32,3,1,2,23,16,7,65,34,31,68,34,34,0,0,0,0,0,0
53775604,46,23,23,46,23,23,0,0,0,14,7,7,44,22,22,46,23,23,0,0,0,0,0,0
53775605,1293,618,675,1281,611,670,12,7,5,499,273,226,1168,571,597,1081,542,539,179,53,126,33,23,10
53775606,147,77,70,140,74,66,6,3,3,70,39,31,130,69,61,147,77,70,0,0,0,0,0,0
53775608,88,45,43,86,45,41,1,0,1,25,12,13,81,43,38,86,44,42,0,0,0,2,1,1
53776401,86,44,42,85,44,41,0,0,0,25,14,11,79,40,39,4,1,3,6,3,3,76,40,36
53776402,3185,1581,1604,3149,1560,1589,30,20,10,1384,705,679,3003,1489,1514,3079,1513,1566,31,17,14,75,51,24
53777201,559,277,282,554,273,281,4,4,0,269,129,140,519,255,264,557,275,282,0,0,0,2,2,0
53475701,223,114,109,222,113,109,1,1,0,59,29,30,203,107,96,207,104,103,6,5,1,10,5,5
53778101,20,6,14,20,6,14,0,0,0,6,1,5,20,6,14,0,0,0,0,0,0,20,6,14
53778102,1210,621,589,1005,501,504,194,112,82,446,245,201,1135,575,560,927,474,453,242,116,126,41,31,10
53779901,202,98,104,201,97,104,1,1,0,69,41,28,185,92,93,198,94,104,0,0,0,4,4,0
53780201,60,30,30,60,30,30,0,0,0,34,20,14,52,27,25,59,30,29,0,0,0,1,0,1
53780202,329,168,161,327,167,160,2,1,1,155,86,69,296,152,144,326,165,161,0,0,0,3,3,0
53780203,119,64,55,119,64,55,0,0,0,48,25,23,114,61,53,119,64,55,0,0,0,0,0,0
53781101,1088,552,536,1076,549,527,12,3,9,539,297,242,1037,532,505,1057,540,517,24,6,18,7,6,1
53783701,72,34,38,71,33,38,1,1,0,26,11,15,66,30,36,72,34,38,0,0,0,0,0,0
53783702,755,356,399,678,322,356,73,32,41,234,111,123,699,337,362,588,283,305,155,63,92,12,10,2
53488901,196,100,96,188,94,94,7,5,2,62,27,35,189,95,94,195,99,96,0,0,0,1,1,0
53785301,541,268,273,529,260,269,11,7,4,224,111,113,506,252,254,534,262,272,1,1,0,6,5,1
53786101,640,318,322,621,307,314,15,8,7,231,121,110,595,292,303,616,303,313,14,7,7,10,8,2
53789601,1136,597,539,935,431,504,175,141,34,376,179,197,919,439,480,932,432,500,187,152,35,17,13,4
53790002,298,156,142,298,156,142,0,0,0,113,62,51,283,148,135,290,151,139,0,0,0,8,5,3
53608301,198,107,91,196,107,89,2,0,2,71,44,27,190,105,85,197,106,91,0,0,0,1,1,0
53487101,336,165,171,329,161,168,7,4,3,134,68,66,315,154,161,321,155,166,7,5,2,8,5,3
53794201,266,137,129,265,136,129,1,1,0,123,73,50,255,130,125,259,133,126,0,0,0,7,4,3
53794202,54,26,28,54,26,28,0,0,0,27,11,16,52,24,28,54,26,28,0,0,0,0,0,0
53795101,96,44,52,95,43,52,1,1,0,36,15,21,91,40,51,93,43,50,0,0,0,3,1,2
59961101,176,92,84,173,90,83,3,2,1,68,36,32,162,85,77,174,90,84,1,1,0,1,1,0
53797701,543,273,270,537,273,264,5,0,5,216,131,85,514,260,254,534,265,269,0,0,0,9,8,1
53798501,215,109,106,214,108,106,0,0,0,84,52,32,191,97,94,215,109,106,0,0,0,0,0,0
53798502,586,289,297,584,287,297,2,2,0,186,87,99,551,272,279,579,282,297,0,0,0,7,7,0
53799301,391,200,191,387,196,191,3,3,0,138,75,63,371,185,186,381,195,186,0,0,0,10,5,5
53447102,397,216,181,396,215,181,1,1,0,180,106,74,376,208,168,388,209,179,0,0,0,9,7,2
59969701,263,126,137,263,126,137,0,0,0,95,41,54,242,114,128,244,113,131,0,0,0,19,13,6
53486201,312,151,161,295,143,152,15,7,8,110,52,58,301,146,155,289,140,149,21,10,11,2,1,1
50341001,46,25,21,46,25,21,0,0,0,14,8,6,43,23,20,46,25,21,0,0,0,0,0,0
50341002,133,66,67,130,64,66,3,2,1,50,26,24,127,63,64,129,64,65,0,0,0,4,2,2
53804301,1415,686,729,1402,681,721,11,5,6,317,149,168,1281,624,657,1302,626,676,5,4,1,108,56,52
53805101,2259,1131,1128,2172,1082,1090,78,46,32,556,279,277,2086,1050,1036,2232,1114,1118,0,0,0,27,17,10
53805102,730,388,342,705,374,331,22,12,10,209,119,90,641,342,299,726,384,342,0,0,0,4,4,0
53468401,345,169,176,335,161,174,9,8,1,108,61,47,312,152,160,307,152,155,0,0,0,38,17,21
53808601,553,268,285,536,257,279,17,11,6,174,86,88,506,243,263,531,254,277,0,0,0,22,14,8
53808602,185,85,100,168,77,91,15,7,8,46,25,21,168,78,90,182,85,97,0,0,0,3,0,3
53808603,376,162,214,360,154,206,16,8,8,114,60,54,327,141,186,320,153,167,56,9,47,0,0,0
53809401,138,80,58,131,76,55,6,3,3,61,39,22,133,77,56,121,72,49,3,2,1,14,6,8
53809402,101,60,41,100,59,41,1,1,0,38,28,10,98,58,40,101,60,41,0,0,0,0,0,0
53809403,1805,861,944,1746,829,917,53,29,24,891,441,450,1721,828,893,1777,851,926,24,7,17,4,3,1
53809404,649,324,325,630,315,315,15,8,7,328,172,156,633,316,317,646,322,324,0,0,0,3,2,1
53809405,1032,524,508,950,470,480,81,53,28,498,272,226,956,483,473,998,501,497,33,22,11,1,1,0
53809406,3058,1499,1559,2941,1435,1506,101,55,46,1351,676,675,2884,1412,1472,3032,1483,1549,20,11,9,6,5,1
53809408,272,146,126,214,117,97,54,29,25,81,43,38,238,127,111,214,111,103,54,33,21,4,2,2
53809409,3527,1657,1870,3319,1551,1768,172,86,86,1309,655,654,3286,1534,1752,3505,1640,1865,17,12,5,5,5,0
53809410,372,176,196,360,171,189,11,4,7,178,93,85,357,171,186,372,176,196,0,0,0,0,0,0
53809411,1075,539,536,1042,519,523,30,18,12,491,257,234,1027,513,514,1075,539,536,0,0,0,0,0,0
53809413,1062,600,462,1000,565,435,56,31,25,403,221,182,956,553,403,726,358,368,49,23,26,287,219,68
53809414,39,18,21,39,18,21,0,0,0,17,7,10,25,11,14,39,18,21,0,0,0,0,0,0
53809415,302,149,153,299,147,152,2,2,0,102,49,53,296,146,150,301,148,153,1,1,0,0,0,0
53809416,619,295,324,582,274,308,36,20,16,282,129,153,574,276,298,567,270,297,52,25,27,0,0,0
53809418,1775,849,926,1726,829,897,45,19,26,759,379,380,1650,792,858,1759,836,923,3,2,1,13,11,2
53809419,870,423,447,858,417,441,11,5,6,500,250,250,836,406,430,870,423,447,0,0,0,0,0,0
53809420,30,23,7,30,23,7,0,0,0,6,2,4,28,21,7,16,9,7,13,13,0,1,1,0
53809421,159,82,77,147,76,71,12,6,6,48,25,23,138,72,66,146,73,73,4,3,1,9,6,3
53809422,615,306,309,605,301,304,10,5,5,341,178,163,587,290,297,614,305,309,0,0,0,1,1,0
53809423,1008,474,534,973,454,519,33,20,13,463,224,239,958,451,507,963,464,499,41,9,32,4,1,3
53809424,521,254,267,517,251,266,4,3,1,264,134,130,506,247,259,494,240,254,0,0,0,27,14,13
53810801,102,49,53,101,48,53,1,1,0,42,22,20,87,42,45,91,47,44,9,1,8,2,1,1
53810802,397,204,193,396,204,192,0,0,0,197,104,93,387,197,190,393,201,192,0,0,0,4,3,1
53810803,242,120,122,241,119,122,1,1,0,106,51,55,229,116,113,242,120,122,0,0,0,0,0,0
56486901,692,354,338,681,347,334,7,6,1,233,122,111,637,324,313,635,326,309,0,0,0,57,28,29
0192670,0,0,0,0,0,0,0,0,0,0,0,0,0,0,0,0,0,0,0,0,0,0,0,0
0192750,0,0,0,0,0,0,0,0,0,0,0,0,0,0,0,0,0,0,0,0,0,0,0,0
53813201,718,356,362,704,350,354,11,4,7,305,164,141,688,342,346,667,330,337,3,2,1,48,24,24
53813203,180,96,84,179,96,83,1,0,1,67,39,28,177,95,82,172,91,81,0,0,0,8,5,3
53813204,98,52,46,98,52,46,0,0,0,45,24,21,93,47,46,98,52,46,0,0,0,0,0,0
53813206,367,174,193,364,173,191,3,1,2,190,101,89,347,164,183,364,172,192,0,0,0,3,2,1
53813207,2311,1152,1159,2296,1144,1152,12,6,6,1202,625,577,2251,1118,1133,2282,1134,1148,0,0,0,29,18,11
53813208,655,326,329,633,313,320,20,12,8,298,161,137,628,308,320,654,325,329,0,0,0,1,1,0
53813209,934,448,486,900,429,471,30,16,14,466,244,222,882,424,458,915,440,475,4,1,3,15,7,8
53813210,2502,1231,1271,2408,1179,1229,86,52,34,1113,562,551,2388,1168,1220,2339,1112,1227,45,33,12,118,86,32
53813211,52,22,30,50,22,28,2,0,2,25,10,15,52,22,30,44,21,23,0,0,0,8,1,7
53813212,801,395,406,791,388,403,9,7,2,371,191,180,759,373,386,797,392,405,4,3,1,0,0,0
53813213,2716,1287,1429,2624,1234,1390,78,46,32,1119,540,579,2468,1158,1310,2710,1284,1426,5,3,2,1,0,1
53813214,63,27,36,33,20,13,29,6,23,13,9,4,50,24,26,25,9,16,37,18,19,1,0,1
53813215,867,421,446,856,415,441,9,5,4,452,224,228,847,412,435,863,419,444,4,2,2,0,0,0
53325402,48,26,22,46,25,21,2,1,1,8,3,5,37,24,13,7,4,3,0,0,0,41,22,19
53325404,332,170,162,329,168,161,2,2,0,126,69,57,300,157,143,303,154,149,0,0,0,29,16,13
53814101,20,11,9,15,8,7,5,3,2,3,1,2,7,3,4,17,9,8,0,0,0,3,2,1
53814102,722,359,363,706,352,354,15,7,8,210,108,102,687,343,344,713,353,360,0,0,0,9,6,3
56500801,328,163,165,321,159,162,7,4,3,96,44,52,299,148,151,323,160,163,0,0,0,5,3,2
53816701,1235,615,620,1159,570,589,69,38,31,324,170,154,1124,554,570,1222,607,615,2,2,0,11,6,5
56488501,543,275,268,541,274,267,2,1,1,125,65,60,517,261,256,519,261,258,0,0,0,24,14,10
53819101,874,414,460,866,410,456,7,4,3,312,161,151,807,394,413,782,389,393,79,18,61,13,7,6
53478101,235,123,112,233,121,112,1,1,0,94,54,40,221,118,103,235,123,112,0,0,0,0,0,0
53478102,803,423,380,755,396,359,47,26,21,365,191,174,739,386,353,753,392,361,40,23,17,10,8,2
56491501,1106,538,568,1070,515,555,31,22,9,219,105,114,982,486,496,1104,537,567,0,0,0,2,1,1
56598901,434,227,207,394,198,196,40,29,11,163,85,78,399,207,192,391,195,196,34,25,9,9,7,2
53822101,1122,566,556,1104,557,547,17,9,8,285,148,137,1032,519,513,1093,551,542,0,0,0,29,15,14
53822102,563,286,277,544,276,268,15,8,7,195,104,91,516,264,252,551,277,274,0,0,0,12,9,3
53823001,2687,1362,1325,2652,1346,1306,29,14,15,809,429,380,2552,1294,1258,2638,1329,1309,14,9,5,35,24,11
53824801,632,317,315,627,316,311,5,1,4,232,126,106,595,300,295,518,252,266,1,1,0,113,64,49
53824802,97,43,54,95,43,52,2,0,2,21,10,11,96,43,53,24,11,13,1,1,0,72,31,41
53824803,184,94,90,184,94,90,0,0,0,69,41,28,179,91,88,149,78,71,0,0,0,35,16,19
53825601,226,119,107,223,116,107,2,2,0,76,41,35,217,114,103,204,104,100,0,0,0,22,15,7
53825602,1375,689,686,1334,667,667,34,18,16,434,216,218,1287,639,648,1330,665,665,3,2,1,42,22,20
53826401,129,69,60,124,66,58,5,3,2,48,30,18,123,67,56,113,62,51,0,0,0,16,7,9
53826402,552,239,313,540,232,308,9,6,3,157,74,83,475,202,273,414,199,215,130,37,93,8,3,5
53826403,880,418,462,834,400,434,44,18,26,212,98,114,785,375,410,880,418,462,0,0,0,0,0,0
53337801,76,40,36,75,39,36,1,1,0,23,14,9,60,29,31,76,40,36,0,0,0,0,0,0
53337802,749,374,375,741,370,371,6,3,3,215,115,100,676,339,337,658,327,331,0,0,0,91,47,44
53827201,1532,749,783,1491,731,760,32,14,18,508,249,259,1449,706,743,1497,727,770,0,0,0,35,22,13
53827202,72,47,25,40,25,15,23,18,5,11,7,4,63,41,22,24,16,8,46,29,17,2,2,0
53827203,407,210,197,396,205,191,10,4,6,113,67,46,392,204,188,407,210,197,0,0,0,0,0,0
53827204,1186,604,582,1148,580,568,34,23,11,374,212,162,1112,559,553,1169,595,574,5,3,2,12,6,6
53828101,110,64,46,105,60,45,1,1,0,33,15,18,97,55,42,54,33,21,0,0,0,56,31,25
53828103,107,51,56,106,50,56,1,1,0,40,19,21,102,48,54,99,48,51,0,0,0,8,3,5
53828104,21,13,8,21,13,8,0,0,0,6,4,2,20,12,8,4,1,3,1,1,0,16,11,5
53828105,127,74,53,126,74,52,1,0,1,33,23,10,119,70,49,80,43,37,0,0,0,47,31,16
53829901,98,44,54,98,44,54,0,0,0,20,9,11,91,42,49,98,44,54,0,0,0,0,0,0
53829902,128,56,72,124,55,69,4,1,3,48,17,31,125,55,70,123,54,69,0,0,0,5,2,3
53829903,1053,515,538,1036,503,533,15,11,4,354,181,173,982,475,507,1010,489,521,15,13,2,28,13,15
53829904,45,18,27,42,18,24,2,0,2,21,8,13,45,18,27,38,16,22,0,0,0,7,2,5
53829905,581,308,273,571,301,270,10,7,3,171,94,77,518,276,242,500,260,240,4,2,2,77,46,31
53829906,251,129,122,250,128,122,1,1,0,90,49,41,228,117,111,236,120,116,0,0,0,15,9,6
53829907,668,330,338,652,323,329,12,5,7,191,103,88,625,306,319,649,323,326,0,0,0,19,7,12
53829908,31,13,18,30,12,18,0,0,0,18,7,11,29,11,18,31,13,18,0,0,0,0,0,0
53829909,695,339,356,652,303,349,41,34,7,191,88,103,628,309,319,580,261,319,39,32,7,76,46,30
53829911,144,70,74,144,70,74,0,0,0,33,19,14,135,68,67,88,45,43,0,0,0,56,25,31
53829912,368,187,181,363,184,179,3,2,1,124,65,59,345,172,173,344,177,167,0,0,0,24,10,14
53829913,89,42,47,88,42,46,1,0,1,38,13,25,85,40,45,78,36,42,4,2,2,7,4,3
53829914,665,320,345,660,317,343,3,2,1,239,111,128,613,296,317,590,280,310,0,0,0,75,40,35
53829915,182,92,90,167,84,83,15,8,7,55,30,25,160,81,79,173,89,84,0,0,0,9,3,6
56497401,853,428,425,844,422,422,8,6,2,235,125,110,793,395,398,584,293,291,0,0,0,269,135,134
53831101,63,28,35,53,20,33,5,5,0,19,13,6,53,22,31,54,28,26,9,0,9,0,0,0
53831102,211,108,103,206,104,102,5,4,1,84,43,41,204,103,101,200,102,98,0,0,0,11,6,5
53831103,3483,1766,1717,3352,1685,1667,116,71,45,1170,627,543,3263,1640,1623,3370,1688,1682,41,22,19,72,56,16
3246210,0,0,0,0,0,0,0,0,0,0,0,0,0,0,0,0,0,0,0,0,0,0,0,0
53832901,563,302,261,511,269,242,46,32,14,155,84,71,457,242,215,489,255,234,56,34,22,18,13,5
51362801,284,146,138,283,145,138,0,0,0,110,52,58,263,134,129,270,140,130,0,0,0,14,6,8
53155301,325,172,153,319,168,151,6,4,2,144,77,67,311,164,147,324,171,153,0,0,0,1,1,0
56476101,274,149,125,274,149,125,0,0,0,118,64,54,261,140,121,267,145,122,0,0,0,7,4,3
53341602,3614,1794,1820,3536,1746,1790,71,46,25,1562,813,749,3398,1678,1720,3440,1689,1751,70,34,36,104,71,33
53341603,220,115,105,217,112,105,3,3,0,99,57,42,208,107,101,217,113,104,0,0,0,3,2,1
53837001,792,395,397,783,392,391,8,3,5,284,141,143,738,370,368,734,366,368,0,0,0,58,29,29
53613001,501,242,259,498,240,258,3,2,1,196,97,99,460,227,233,497,239,258,0,0,0,4,3,1
53343201,857,438,419,851,436,415,6,2,4,333,195,138,818,417,401,832,419,413,7,4,3,18,15,3
53343202,56,26,30,56,26,30,0,0,0,11,7,4,51,25,26,28,14,14,0,0,0,28,12,16
53343203,43,24,19,42,23,19,0,0,0,7,3,4,41,23,18,14,8,6,0,0,0,29,16,13
53496001,306,151,155,306,151,155,0,0,0,113,62,51,276,136,140,294,144,150,0,0,0,12,7,5
56499101,215,104,111,206,99,107,8,4,4,47,25,22,202,99,103,215,104,111,0,0,0,0,0,0
56499102,73,28,45,73,28,45,0,0,0,24,9,15,70,28,42,73,28,45,0,0,0,0,0,0
56499103,363,185,178,354,176,178,6,6,0,66,28,38,328,165,163,363,185,178,0,0,0,0,0,0
56499104,436,208,228,419,196,223,16,12,4,154,71,83,409,195,214,433,206,227,0,0,0,3,2,1
53841801,75,34,41,74,33,41,1,1,0,26,14,12,67,30,37,75,34,41,0,0,0,0,0,0
53841802,200,96,104,200,96,104,0,0,0,79,42,37,175,84,91,200,96,104,0,0,0,0,0,0
0772242,0,0,0,0,0,0,0,0,0,0,0,0,0,0,0,0,0,0,0,0,0,0,0,0
3247440,0,0,0,0,0,0,0,0,0,0,0,0,0,0,0,0,0,0,0,0,0,0,0,0
53842601,126,60,66,122,57,65,3,2,1,33,15,18,118,57,61,116,57,59,0,0,0,10,3,7
53842602,56,27,29,55,26,29,0,0,0,17,7,10,51,25,26,56,27,29,0,0,0,0,0,0
53842603,901,459,442,892,454,438,9,5,4,321,176,145,841,428,413,878,447,431,0,0,0,23,12,11
53842605,660,322,338,653,318,335,7,4,3,153,72,81,600,290,310,565,271,294,2,1,1,93,50,43
53842606,85,47,38,84,46,38,1,1,0,25,17,8,81,46,35,79,43,36,0,0,0,6,4,2
56498201,595,298,297,575,288,287,15,7,8,150,79,71,574,288,286,595,298,297,0,0,0,0,0,0
56498202,1610,784,826,1590,776,814,14,6,8,381,201,180,1493,727,766,1602,776,826,0,0,0,8,8,0
53891401,1460,745,715,1428,720,708,28,22,6,554,304,250,1384,703,681,1421,722,699,16,10,6,23,13,10
53498601,494,251,243,494,251,243,0,0,0,171,92,79,473,240,233,463,233,230,0,0,0,31,18,13
53844201,3214,1584,1630,3107,1528,1579,89,49,40,1021,515,506,2999,1470,1529,3182,1561,1621,3,2,1,29,21,8
53845101,495,255,240,489,253,236,6,2,4,109,59,50,457,236,221,483,246,237,0,0,0,12,9,3
53845102,747,362,385,740,358,382,7,4,3,249,140,109,696,339,357,699,342,357,2,1,1,46,19,27
53846901,388,191,197,386,191,195,1,0,1,151,84,67,353,169,184,368,180,188,1,0,1,19,11,8
53847701,1242,598,644,1207,576,631,30,20,10,325,156,169,1142,548,594,1236,593,643,0,0,0,6,5,1
53847702,905,453,452,889,440,449,13,11,2,360,196,164,799,400,399,816,406,410,60,29,31,29,18,11
53848501,113,54,59,113,54,59,0,0,0,41,19,22,104,49,55,93,43,50,0,0,0,20,11,9
53848502,1352,684,668,1217,604,613,119,72,47,482,246,236,1226,614,612,1164,582,582,107,59,48,81,43,38
0975432,0,0,0,0,0,0,0,0,0,0,0,0,0,0,0,0,0,0,0,0,0,0,0,0
53849301,673,322,351,668,319,349,3,1,2,219,116,103,638,310,328,591,277,314,0,0,0,82,45,37
53849302,3175,1548,1627,3113,1516,1597,59,30,29,1141,569,572,2940,1428,1512,2725,1321,1404,49,13,36,401,214,187
53849303,308,152,156,307,152,155,1,0,1,95,43,52,286,139,147,261,126,135,1,0,1,46,26,20
59826701,39,23,16,36,20,16,2,2,0,17,10,7,34,20,14,36,20,16,1,1,0,2,2,0
59826702,506,286,220,446,247,199,58,37,21,130,76,54,467,263,204,492,277,215,12,7,5,2,2,0
53850701,1297,655,642,1170,587,583,121,64,57,491,247,244,1204,606,598,1204,601,603,79,41,38,14,13,1
53851501,1464,745,719,1364,658,706,92,84,8,460,219,241,1350,676,674,1339,633,706,93,89,4,32,23,9
53852301,1111,561,550,1100,552,548,9,7,2,356,218,138,1029,522,507,999,510,489,35,8,27,77,43,34
53852302,386,194,192,373,184,189,11,8,3,118,65,53,339,176,163,374,188,186,1,1,0,11,5,6
53852303,39,20,19,38,20,18,1,0,1,9,3,6,33,16,17,20,9,11,0,0,0,19,11,8
53852304,1006,502,504,993,497,496,12,4,8,255,141,114,921,462,459,996,497,499,0,0,0,10,5,5
53852305,362,170,192,361,170,191,1,0,1,107,48,59,338,154,184,345,160,185,0,0,0,17,10,7
53854001,40,19,21,38,17,21,2,2,0,15,6,9,40,19,21,40,19,21,0,0,0,0,0,0
53854002,3877,1950,1927,3690,1825,1865,175,121,54,1040,520,520,3548,1770,1778,3857,1935,1922,1,1,0,19,14,5
53855801,1517,732,785,1486,713,773,30,19,11,404,207,197,1408,673,735,1505,723,782,0,0,0,12,9,3
53856601,546,262,284,535,255,280,9,5,4,159,85,74,496,236,260,486,232,254,0,0,0,60,30,30
53354801,360,178,182,359,177,182,1,1,0,141,78,63,339,170,169,352,172,180,0,0,0,8,6,2
3246980,0,0,0,0,0,0,0,0,0,0,0,0,0,0,0,0,0,0,0,0,0,0,0,0
56490701,1134,568,566,1088,538,550,42,27,15,268,139,129,1056,529,527,1134,568,566,0,0,0,0,0,0
56490702,928,475,453,880,450,430,44,23,21,242,136,106,855,440,415,918,465,453,4,4,0,6,6,0
53857402,956,462,494,948,456,492,8,6,2,426,207,219,912,438,474,943,453,490,2,2,0,11,7,4
53857403,89,45,44,88,44,44,1,1,0,33,19,14,87,44,43,89,45,44,0,0,0,0,0,0
53857404,5134,2519,2615,5013,2441,2572,100,63,37,1819,952,867,4786,2337,2449,5015,2440,2575,28,18,10,91,61,30
53857405,70,41,29,59,32,27,11,9,2,18,8,10,59,35,24,27,12,15,43,29,14,0,0,0
53356401,166,83,83,166,83,83,0,0,0,76,42,34,155,76,79,166,83,83,0,0,0,0,0,0
53356402,135,64,71,135,64,71,0,0,0,68,34,34,128,61,67,135,64,71,0,0,0,0,0,0
53356403,58,32,26,58,32,26,0,0,0,34,22,12,54,30,24,58,32,26,0,0,0,0,0,0
53356404,178,94,84,178,94,84,0,0,0,90,54,36,172,92,80,178,94,84,0,0,0,0,0,0
53356405,435,215,220,426,209,217,9,6,3,169,89,80,416,205,211,383,193,190,35,12,23,17,10,7
53858202,1201,606,595,1175,592,583,23,13,10,482,269,213,1150,581,569,1134,573,561,1,0,1,66,33,33
53858203,37,18,19,37,18,19,0,0,0,5,1,4,37,18,19,31,15,16,0,0,0,6,3,3
53858204,229,114,115,227,112,115,2,2,0,79,43,36,216,105,111,222,110,112,0,0,0,7,4,3
53858205,360,181,179,350,174,176,7,4,3,149,81,68,341,172,169,341,171,170,0,0,0,19,10,9
57167901,101,51,50,100,51,49,1,0,1,28,17,11,97,49,48,89,46,43,0,0,0,12,5,7
53860401,673,350,323,665,344,321,4,2,2,251,126,125,626,323,303,650,336,314,2,1,1,21,13,8
52965601,269,137,132,263,132,131,4,3,1,87,46,41,248,122,126,259,131,128,0,0,0,10,6,4
53861201,518,260,258,513,256,257,4,3,1,181,96,85,494,247,247,497,247,250,0,0,0,21,13,8
53861202,77,35,42,77,35,42,0,0,0,29,14,15,74,34,40,77,35,42,0,0,0,0,0,0
53862101,120,59,61,118,58,60,2,1,1,31,13,18,91,46,45,119,58,61,1,1,0,0,0,0
53862102,511,247,264,500,244,256,7,2,5,244,122,122,485,230,255,501,240,261,1,1,0,9,6,3
53863901,472,245,227,449,231,218,17,8,9,119,66,53,385,195,190,464,240,224,0,0,0,8,5,3
0277072,0,0,0,0,0,0,0,0,0,0,0,0,0,0,0,0,0,0,0,0,0,0,0,0
59922101,226,107,119,219,101,118,5,5,0,78,40,38,214,101,113,225,107,118,0,0,0,1,0,1
59922103,166,75,91,165,74,91,0,0,0,50,23,27,149,67,82,166,75,91,0,0,0,0,0,0
59922104,113,60,53,112,59,53,1,1,0,33,18,15,104,54,50,113,60,53,0,0,0,0,0,0
56478801,94,52,42,89,47,42,5,5,0,30,16,14,82,44,38,85,45,40,0,0,0,9,7,2
53865501,1292,627,665,1262,614,648,25,11,14,336,177,159,1183,573,610,1281,621,660,0,0,0,11,6,5
53867101,2247,1134,1113,2200,1107,1093,41,25,16,649,341,308,2032,1027,1005,2236,1126,1110,0,0,0,11,8,3
53869801,91,46,45,91,46,45,0,0,0,20,13,7,83,42,41,88,44,44,0,0,0,3,2,1
53869803,116,57,59,114,56,58,2,1,1,23,14,9,107,52,55,98,48,50,0,0,0,18,9,9
53869804,299,151,148,294,151,143,4,0,4,89,49,40,278,141,137,295,149,146,0,0,0,4,2,2
53869805,67,27,40,64,26,38,3,1,2,17,4,13,62,25,37,24,9,15,0,0,0,43,18,25
3247280,0,0,0,0,0,0,0,0,0,0,0,0,0,0,0,0,0,0,0,0,0,0,0,0
53870101,1166,604,562,1156,599,557,10,5,5,388,208,180,1083,559,524,1155,594,561,0,0,0,11,10,1
53872801,185,96,89,181,93,88,2,2,0,68,32,36,180,95,85,178,90,88,2,2,0,5,4,1
53872802,437,208,229,432,206,226,5,2,3,124,60,64,412,197,215,404,193,211,0,0,0,33,15,18
53872803,410,206,204,403,201,202,7,5,2,206,110,96,389,195,194,409,205,204,0,0,0,1,1,0
53872804,190,104,86,184,100,84,6,4,2,52,31,21,153,85,68,187,103,84,0,0,0,3,1,2
53872805,218,111,107,217,111,106,1,0,1,81,45,36,191,96,95,205,101,104,0,0,0,13,10,3
53872806,472,222,250,443,206,237,26,13,13,131,63,68,417,196,221,468,219,249,4,3,1,0,0,0
53872807,2060,1018,1042,1976,955,1021,79,60,19,783,404,379,1908,936,972,1947,948,999,98,62,36,15,8,7
53872808,413,179,234,405,174,231,5,3,2,99,51,48,333,146,187,288,148,140,116,25,91,9,6,3
53872810,163,82,81,159,79,80,4,3,1,67,33,34,152,76,76,154,76,78,1,1,0,8,5,3
53872811,322,142,180,322,142,180,0,0,0,119,57,62,309,138,171,322,142,180,0,0,0,0,0,0
53872812,843,428,415,825,421,404,16,7,9,262,148,114,789,399,390,798,408,390,0,0,0,45,20,25
53872813,64,30,34,58,27,31,6,3,3,15,6,9,60,28,32,64,30,34,0,0,0,0,0,0
53872814,3122,1567,1555,3052,1520,1532,64,44,20,1216,629,587,2951,1480,1471,2992,1464,1528,4,2,2,126,101,25
53872815,425,197,228,425,197,228,0,0,0,144,62,82,387,176,211,420,195,225,1,1,0,4,1,3
53872816,903,400,503,865,375,490,34,22,12,324,146,178,841,368,473,828,386,442,75,14,61,0,0,0
53872818,197,104,93,195,103,92,2,1,1,73,45,28,192,102,90,160,83,77,0,0,0,37,21,16
53872819,20,9,11,20,9,11,0,0,0,5,4,1,20,9,11,14,6,8,5,3,2,1,0,1
53872820,2210,1078,1132,2148,1029,1119,60,47,13,914,470,444,2088,1008,1080,2207,1076,1131,1,1,0,2,1,1
53872821,25,13,12,25,13,12,0,0,0,13,6,7,24,12,12,21,12,9,0,0,0,4,1,3
53872822,1644,778,866,1606,752,854,35,24,11,599,301,298,1552,736,816,1591,765,826,49,12,37,4,1,3
53872823,2121,993,1128,2084,968,1116,30,19,11,897,436,461,1997,937,1060,2114,990,1124,5,2,3,2,1,1
59828301,482,255,227,462,241,221,18,13,5,169,92,77,471,249,222,467,243,224,12,9,3,3,3,0
53875201,1309,655,654,1299,651,648,8,2,6,518,280,238,1253,626,627,1201,594,607,3,2,1,105,59,46
53876101,577,292,285,558,277,281,18,14,4,196,98,98,533,268,265,548,271,277,1,1,0,28,20,8
53876102,273,152,121,269,149,120,4,3,1,48,29,19,227,126,101,271,150,121,0,0,0,2,2,0
53876103,230,108,122,228,108,120,2,0,2,58,25,33,211,100,111,230,108,122,0,0,0,0,0,0
53877901,724,357,367,722,357,365,2,0,2,328,169,159,689,342,347,714,349,365,0,0,0,10,8,2
53878701,180,91,89,174,89,85,5,2,3,24,16,8,116,54,62,180,91,89,0,0,0,0,0,0
53878702,63,33,30,62,33,29,1,0,1,14,7,7,50,24,26,8,3,5,0,0,0,55,30,25
53878703,561,270,291,560,269,291,1,1,0,164,84,80,488,238,250,518,257,261,42,13,29,1,0,1
53880901,83,42,41,81,41,40,2,1,1,24,13,11,69,36,33,81,41,40,0,0,0,2,1,1
53880902,114,52,62,112,51,61,2,1,1,25,16,9,101,45,56,98,45,53,0,0,0,16,7,9
53880903,25,9,16,25,9,16,0,0,0,10,0,10,23,9,14,25,9,16,0,0,0,0,0,0
53880904,96,50,46,95,49,46,1,1,0,31,18,13,91,48,43,86,45,41,0,0,0,10,5,5
53880905,138,69,69,131,65,66,5,4,1,62,25,37,131,66,65,133,66,67,0,0,0,5,3,2
53880907,209,111,98,182,94,88,24,16,8,67,35,32,189,101,88,206,110,96,1,1,0,2,0,2
53880908,2053,1009,1044,1988,970,1018,60,36,24,747,381,366,1899,924,975,2012,985,1027,2,2,0,39,22,17
53882501,1003,506,497,994,502,492,8,3,5,385,200,185,917,460,457,936,469,467,0,0,0,67,37,30
53371801,76,41,35,76,41,35,0,0,0,16,11,5,68,35,33,43,24,19,0,0,0,33,17,16
53371802,168,80,88,166,79,87,2,1,1,79,36,43,159,76,83,144,65,79,0,0,0,24,15,9
53371803,47,25,22,47,25,22,0,0,0,9,7,2,38,22,16,0,0,0,0,0,0,47,25,22
53371804,238,118,120,235,117,118,3,1,2,85,42,43,224,113,111,223,111,112,0,0,0,15,7,8
53371805,29,14,15,29,14,15,0,0,0,7,3,4,27,12,15,9,4,5,0,0,0,20,10,10
53371807,844,434,410,836,432,404,7,2,5,346,187,159,799,410,389,798,400,398,0,0,0,46,34,12
53371808,87,44,43,87,44,43,0,0,0,19,8,11,77,39,38,36,19,17,0,0,0,51,25,26
53371809,36,18,18,36,18,18,0,0,0,3,1,2,31,16,15,3,2,1,0,0,0,33,16,17
57195401,518,254,264,516,253,263,2,1,1,240,127,113,488,241,247,508,250,258,0,0,0,10,4,6
53883301,313,149,164,302,143,159,11,6,5,89,43,46,282,135,147,307,147,160,0,0,0,6,2,4
53883302,305,139,166,301,136,165,4,3,1,111,47,64,279,125,154,299,137,162,0,0,0,6,2,4
53883303,959,475,484,943,465,478,11,8,3,260,120,140,863,422,441,947,469,478,0,0,0,12,6,6
53883304,564,287,277,556,283,273,6,3,3,100,43,57,504,255,249,564,287,277,0,0,0,0,0,0
53883305,331,171,160,316,162,154,14,9,5,81,44,37,305,154,151,328,169,159,0,0,0,3,2,1
59830501,574,307,267,552,289,263,19,17,2,117,64,53,553,294,259,565,301,264,0,0,0,9,6,3
53884101,1343,658,685,1327,650,677,12,6,6,431,233,198,1237,612,625,1277,632,645,20,2,18,46,24,22
53885001,1300,644,656,1290,639,651,7,3,4,388,210,178,1218,602,616,1136,562,574,0,0,0,164,82,82
53887601,4401,2169,2232,4312,2119,2193,74,43,31,1256,650,606,4138,2034,2104,4342,2135,2207,7,4,3,52,30,22
53888401,1858,885,973,1842,875,967,12,7,5,634,334,300,1721,821,900,1707,832,875,111,33,78,40,20,20
53888402,309,151,158,303,147,156,6,4,2,82,40,42,267,125,142,272,132,140,0,0,0,37,19,18
57164401,257,129,128,256,128,128,1,1,0,74,39,35,230,119,111,220,108,112,0,0,0,37,21,16
53889201,77,35,42,76,35,41,1,0,1,15,7,8,77,35,42,76,34,42,0,0,0,1,1,0
53889202,36,16,20,35,16,19,1,0,1,4,2,2,31,15,16,16,4,12,0,0,0,20,12,8
53889203,846,424,422,835,419,416,10,5,5,246,135,111,779,390,389,833,417,416,0,0,0,13,7,6
53889204,161,72,89,161,72,89,0,0,0,34,14,20,151,66,85,161,72,89,0,0,0,0,0,0
53889205,42,18,24,41,18,23,1,0,1,12,4,8,39,18,21,24,10,14,0,0,0,18,8,10
59971901,259,122,137,256,120,136,1,1,0,62,31,31,245,119,126,226,108,118,4,1,3,29,13,16
59971902,417,205,212,415,204,211,2,1,1,145,75,70,402,197,205,408,199,209,0,0,0,9,6,3
3078820,0,0,0,0,0,0,0,0,0,0,0,0,0,0,0,0,0,0,0,0,0,0,0,0
3078910,0,0,0,0,0,0,0,0,0,0,0,0,0,0,0,0,0,0,0,0,0,0,0,0
53895701,341,172,169,334,166,168,7,6,1,92,51,41,308,153,155,340,172,168,0,0,0,1,0,1
53895702,1534,755,779,1506,740,766,25,14,11,550,288,262,1454,710,744,1527,752,775,2,1,1,5,2,3
53895703,1538,756,782,1515,742,773,22,14,8,607,313,294,1363,671,692,1449,725,724,88,30,58,1,1,0
53895704,22,13,9,21,12,9,0,0,0,3,3,0,15,8,7,7,4,3,2,1,1,13,8,5
53895705,1652,836,816,1625,825,800,23,10,13,686,344,342,1558,789,769,1536,764,772,14,7,7,102,65,37
53895706,489,254,235,482,251,231,7,3,4,140,83,57,411,215,196,482,249,233,7,5,2,0,0,0
53895707,1590,764,826,1569,753,816,19,11,8,754,390,364,1525,729,796,1578,758,820,0,0,0,12,6,6
53896501,555,272,283,542,267,275,11,5,6,152,72,80,508,251,257,555,272,283,0,0,0,0,0,0
53896502,1317,662,655,1291,644,647,25,17,8,450,227,223,1206,602,604,1292,645,647,0,0,0,25,17,8
53897301,390,191,199,381,187,194,5,3,2,145,72,73,371,181,190,390,191,199,0,0,0,0,0,0
1793022,0,0,0,0,0,0,0,0,0,0,0,0,0,0,0,0,0,0,0,0,0,0,0,0
53898101,574,284,290,564,279,285,10,5,5,192,95,97,537,262,275,557,275,282,9,6,3,8,3,5
53898102,73,41,32,72,40,32,0,0,0,23,12,11,66,38,28,63,35,28,2,2,0,8,4,4
53898103,20,12,8,20,12,8,0,0,0,11,7,4,16,10,6,20,12,8,0,0,0,0,0,0
53898104,202,97,105,199,96,103,2,1,1,73,34,39,199,96,103,165,78,87,5,3,2,32,16,16
53898105,35,16,19,35,16,19,0,0,0,11,4,7,35,16,19,21,9,12,0,0,0,14,7,7
53898106,157,87,70,154,85,69,3,2,1,65,37,28,150,83,67,123,69,54,0,0,0,34,18,16
53898107,2086,1080,1006,1969,991,978,104,80,24,776,396,380,1918,977,941,1942,973,969,63,49,14,81,58,23
53898108,28,13,15,28,13,15,0,0,0,12,5,7,27,13,14,28,13,15,0,0,0,0,0,0
53898109,21,9,12,21,9,12,0,0,0,11,4,7,19,8,11,21,9,12,0,0,0,0,0,0
53899001,645,308,337,638,305,333,7,3,4,200,95,105,590,283,307,630,296,334,0,0,0,15,12,3
53387401,78,45,33,77,45,32,1,0,1,18,13,5,64,39,25,53,29,24,0,0,0,25,16,9
53387403,120,62,58,118,61,57,2,1,1,31,19,12,116,61,55,93,49,44,0,0,0,27,13,14
53387404,36,24,12,36,24,12,0,0,0,3,2,1,28,20,8,7,5,2,0,0,0,29,19,10
53901501,407,190,217,384,181,203,19,7,12,122,54,68,363,174,189,401,187,214,0,0,0,6,3,3
53901502,382,199,183,369,191,178,10,6,4,149,83,66,342,179,163,366,187,179,0,0,0,16,12,4
53903101,64,29,35,64,29,35,0,0,0,29,11,18,60,27,33,64,29,35,0,0,0,0,0,0
53903102,227,117,110,226,117,109,1,0,1,69,34,35,205,106,99,218,113,105,0,0,0,9,4,5
53903104,721,350,371,708,343,365,9,4,5,237,114,123,665,321,344,686,331,355,0,0,0,35,19,16
53904001,98,48,50,93,45,48,4,2,2,39,18,21,86,43,43,97,47,50,0,0,0,1,1,0
53904002,51,22,29,51,22,29,0,0,0,28,12,16,49,21,28,47,19,28,0,0,0,4,3,1
53904003,507,259,248,496,253,243,9,4,5,215,108,107,476,243,233,501,256,245,0,0,0,6,3,3
56479601,192,100,92,192,100,92,0,0,0,73,41,32,181,91,90,191,99,92,0,0,0,1,1,0
53390401,102,48,54,102,48,54,0,0,0,28,15,13,94,43,51,73,34,39,0,0,0,29,14,15
53390402,695,335,360,683,327,356,12,8,4,234,124,110,631,301,330,662,318,344,7,5,2,26,12,14
50578101,614,308,306,586,291,295,27,16,11,247,121,126,555,280,275,578,287,291,11,8,3,25,13,12
50578102,127,68,59,120,65,55,7,3,4,40,27,13,119,65,54,127,68,59,0,0,0,0,0,0
50578103,136,69,67,135,69,66,1,0,1,44,20,24,130,66,64,132,68,64,4,1,3,0,0,0
53536201,279,137,142,264,133,131,12,4,8,106,54,52,267,134,133,278,136,142,0,0,0,1,1,0
53536202,808,404,404,797,399,398,9,4,5,346,182,164,769,388,381,778,386,392,0,0,0,30,18,12
53905801,301,151,150,296,148,148,4,3,1,84,46,38,289,146,143,296,150,146,0,0,0,5,1,4
53905802,704,361,343,695,355,340,8,6,2,180,86,94,656,335,321,422,217,205,0,0,0,282,144,138
53905803,121,62,59,118,59,59,3,3,0,27,15,12,117,60,57,121,62,59,0,0,0,0,0,0
53905804,1132,556,576,1098,536,562,33,20,13,275,130,145,1048,517,531,1126,552,574,0,0,0,6,4,2
53905805,594,293,301,584,284,300,10,9,1,109,58,51,552,270,282,493,250,243,0,0,0,101,43,58
53905806,271,139,132,268,136,132,3,3,0,58,27,31,256,133,123,219,111,108,2,2,0,50,26,24
53905807,707,372,335,668,342,326,37,29,8,238,124,114,644,329,315,674,351,323,12,8,4,21,13,8
53905808,552,297,255,514,266,248,37,31,6,225,123,102,514,275,239,501,259,242,5,4,1,46,34,12
53906601,39,19,20,38,18,20,1,1,0,18,10,8,34,17,17,27,14,13,0,0,0,12,5,7
53906602,3128,1572,1556,3075,1535,1540,47,34,13,1074,547,527,2976,1502,1474,3074,1527,1547,6,6,0,48,39,9
51364401,469,226,243,462,221,241,3,2,1,135,64,71,427,211,216,457,222,235,0,0,0,12,4,8
53908201,1202,607,595,1146,585,561,51,21,30,272,159,113,970,497,473,1198,604,594,0,0,0,4,3,1
53909101,559,279,280,557,279,278,2,0,2,238,125,113,522,259,263,530,263,267,1,1,0,28,15,13
53909102,41,18,23,41,18,23,0,0,0,9,3,6,39,17,22,38,16,22,0,0,0,3,2,1
53910401,43,20,23,43,20,23,0,0,0,16,7,9,41,20,21,0,0,0,0,0,0,43,20,23
53910402,66,39,27,66,39,27,0,0,0,19,15,4,60,37,23,43,26,17,0,0,0,23,13,10
53910403,210,116,94,210,116,94,0,0,0,83,48,35,196,108,88,188,102,86,8,6,2,14,8,6
53910404,134,72,62,132,71,61,2,1,1,52,36,16,132,72,60,98,51,47,0,0,0,36,21,15
53910405,70,38,32,70,38,32,0,0,0,24,13,11,64,35,29,63,36,27,0,0,0,7,2,5
57119901,193,88,105,193,88,105,0,0,0,62,27,35,184,82,102,182,82,100,1,1,0,10,5,5
57119902,24,10,14,24,10,14,0,0,0,2,0,2,24,10,14,1,1,0,0,0,0,23,9,14
59973501,333,176,157,323,171,152,10,5,5,84,44,40,308,167,141,295,155,140,0,0,0,38,21,17
59973502,394,197,197,391,196,195,2,1,1,113,56,57,370,184,186,384,193,191,1,0,1,9,4,5
59973503,709,350,359,706,347,359,3,3,0,143,77,66,665,327,338,573,285,288,3,1,2,133,64,69
59973504,37,17,20,37,17,20,0,0,0,10,5,5,35,16,19,12,5,7,0,0,0,25,12,13
54004801,21,8,13,21,8,13,0,0,0,8,2,6,18,6,12,0,0,0,0,0,0,21,8,13
54004802,326,177,149,326,177,149,0,0,0,97,66,31,301,162,139,321,173,148,0,0,0,5,4,1
53912101,561,295,266,551,288,263,8,6,2,176,102,74,515,273,242,484,249,235,0,0,0,77,46,31
53913901,1776,888,888,1756,875,881,17,11,6,630,328,302,1638,826,812,1668,818,850,16,12,4,92,58,34
53913902,2104,983,1121,2081,975,1106,19,7,12,638,293,345,1916,904,1012,1946,913,1033,81,27,54,77,43,34
53913903,3827,1925,1902,3783,1896,1887,32,21,11,1298,715,583,3629,1827,1802,3517,1767,1750,10,7,3,300,151,149
53221501,1443,719,724,1415,701,714,26,17,9,516,271,245,1343,668,675,1424,705,719,0,0,0,19,14,5
53221502,90,44,46,89,43,46,1,1,0,25,15,10,88,43,45,90,44,46,0,0,0,0,0,0
53914701,120,65,55,116,63,53,3,2,1,52,34,18,110,60,50,117,63,54,3,2,1,0,0,0
53914702,196,102,94,194,100,94,2,2,0,79,39,40,183,97,86,190,97,93,0,0,0,6,5,1
53915501,346,174,172,345,174,171,0,0,0,118,59,59,326,163,163,287,143,144,0,0,0,59,31,28
53915502,819,396,423,816,394,422,2,2,0,292,158,134,769,368,401,629,305,324,1,1,0,189,90,99
53916301,944,475,469,936,471,465,8,4,4,390,207,183,886,444,442,904,447,457,0,0,0,40,28,12
53916302,186,96,90,185,96,89,0,0,0,84,47,37,179,91,88,175,89,86,0,0,0,11,7,4
53916303,304,163,141,302,162,140,1,1,0,93,47,46,271,146,125,201,105,96,0,0,0,103,58,45
53916305,440,221,219,435,218,217,5,3,2,181,88,93,412,205,207,392,195,197,0,0,0,48,26,22
53917101,613,304,309,610,304,306,3,0,3,251,134,117,578,290,288,609,301,308,0,0,0,4,3,1
53918001,459,258,201,373,187,186,83,69,14,149,79,70,386,196,190,458,257,201,0,0,0,1,1,0
53919801,1115,564,551,1109,560,549,5,4,1,375,212,163,1032,522,510,1038,525,513,0,0,0,77,39,38
53919802,2554,1258,1296,2525,1238,1287,23,16,7,950,506,444,2406,1182,1224,2493,1209,1284,5,4,1,56,45,11
53921001,3598,1813,1785,3517,1760,1757,76,50,26,1030,554,476,3320,1677,1643,3526,1757,1769,31,22,9,41,34,7
53921002,699,349,350,666,331,335,29,14,15,206,103,103,651,327,324,699,349,350,0,0,0,0,0,0
53921003,291,137,154,288,134,154,3,3,0,54,25,29,266,129,137,276,128,148,1,1,0,14,8,6
53921004,88,48,40,86,46,40,2,2,0,16,8,8,81,44,37,36,20,16,1,1,0,51,27,24
53114601,1454,738,716,1382,697,685,58,36,22,395,203,192,1311,666,645,1442,727,715,0,0,0,12,11,1
53922801,797,381,416,791,377,414,5,4,1,346,170,176,763,364,399,776,367,409,0,0,0,21,14,7
53922802,194,94,100,189,90,99,5,4,1,82,39,43,180,84,96,194,94,100,0,0,0,0,0,0
53922803,1340,649,691,1286,621,665,49,24,25,357,185,172,1240,598,642,1340,649,691,0,0,0,0,0,0
53923601,62,28,34,62,28,34,0,0,0,4,2,2,53,25,28,10,5,5,3,2,1,49,21,28
53923602,5089,2501,2588,4853,2364,2489,201,115,86,1575,812,763,4592,2257,2335,4952,2431,2521,90,36,54,47,34,13
0458372,0,0,0,0,0,0,0,0,0,0,0,0,0,0,0,0,0,0,0,0,0,0,0,0
53924401,132,68,64,126,65,61,5,3,2,54,33,21,130,67,63,125,64,61,4,3,1,3,1,2
53924402,5102,2495,2607,4984,2432,2552,96,49,47,1735,886,849,4720,2300,2420,4940,2405,2535,79,25,54,83,65,18
53924403,4523,2162,2361,4309,2035,2274,183,112,71,1349,673,676,4100,1946,2154,4513,2159,2354,8,1,7,2,2,0
53924405,30,18,12,29,18,11,1,0,1,4,3,1,28,17,11,30,18,12,0,0,0,0,0,0
53925201,371,185,186,369,185,184,2,0,2,133,64,69,348,175,173,348,173,175,0,0,0,23,12,11
53925202,1387,691,696,1379,688,691,6,2,4,463,237,226,1274,640,634,1175,579,596,5,4,1,207,108,99
53925203,443,224,219,437,220,217,5,3,2,133,70,63,412,209,203,370,181,189,0,0,0,73,43,30
53925204,280,134,146,279,133,146,0,0,0,97,54,43,265,125,140,237,113,124,0,0,0,43,21,22
53926101,615,310,305,610,309,301,4,1,3,209,102,107,558,281,277,503,253,250,0,0,0,112,57,55
53928701,351,171,180,349,170,179,2,1,1,170,85,85,339,163,176,345,166,179,0,0,0,6,5,1
53928702,20,10,10,19,10,9,1,0,1,9,7,2,18,10,8,0,0,0,0,0,0,20,10,10
53929501,1053,506,547,1012,484,528,37,19,18,324,162,162,936,451,485,1046,500,546,0,0,0,7,6,1
53930901,306,156,150,301,154,147,5,2,3,73,44,29,288,144,144,306,156,150,0,0,0,0,0,0
53930902,4375,2156,2219,4219,2078,2141,140,68,72,1086,573,513,3754,1850,1904,4340,2131,2209,2,1,1,33,24,9
51343101,468,237,231,457,230,227,11,7,4,140,64,76,438,223,215,462,231,231,0,0,0,6,6,0
53931702,1350,679,671,1337,671,666,9,5,4,544,275,269,1274,633,641,1313,655,658,7,6,1,30,18,12
53932501,926,452,474,910,446,464,13,4,9,264,135,129,876,430,446,912,442,470,0,0,0,14,10,4
53932502,266,136,130,263,136,127,3,0,3,59,30,29,251,129,122,266,136,130,0,0,0,0,0,0
53932503,5846,2840,3006,5581,2704,2877,230,114,116,1441,746,695,5355,2592,2763,5774,2794,2980,4,2,2,68,44,24
53932504,349,177,172,346,175,171,3,2,1,158,88,70,327,167,160,335,171,164,0,0,0,14,6,8
53932505,345,174,171,320,166,154,24,8,16,71,35,36,323,161,162,342,173,169,0,0,0,3,1,2
53932506,959,468,491,943,461,482,12,5,7,283,141,142,897,435,462,959,468,491,0,0,0,0,0,0
53932507,80,41,39,79,41,38,1,0,1,19,11,8,79,40,39,80,41,39,0,0,0,0,0,0
53932508,58,28,30,57,27,30,1,1,0,9,5,4,54,26,28,15,6,9,0,0,0,43,22,21
53932509,129,67,62,128,67,61,1,0,1,31,16,15,114,61,53,129,67,62,0,0,0,0,0,0
53932510,81,45,36,70,38,32,8,5,3,28,18,10,77,43,34,81,45,36,0,0,0,0,0,0
53932512,232,111,121,214,102,112,18,9,9,37,17,20,222,108,114,232,111,121,0,0,0,0,0,0
53932513,1374,672,702,1311,642,669,58,26,32,343,177,166,1302,641,661,1374,672,702,0,0,0,0,0,0
53933301,215,103,112,215,103,112,0,0,0,80,41,39,204,95,109,157,74,83,0,0,0,58,29,29
53933302,142,73,69,140,71,69,2,2,0,50,23,27,131,65,66,59,30,29,1,1,0,82,42,40
53933303,3079,1512,1567,3026,1482,1544,46,25,21,1242,635,607,2898,1419,1479,2897,1408,1489,61,29,32,121,75,46
53933304,274,135,139,268,131,137,5,4,1,86,48,38,252,124,128,160,79,81,1,0,1,113,56,57
53933305,766,381,385,760,378,382,6,3,3,293,137,156,697,347,350,721,355,366,0,0,0,45,26,19
53933307,304,147,157,301,144,157,3,3,0,113,53,60,282,138,144,220,104,116,0,0,0,84,43,41
53933308,43,21,22,43,21,22,0,0,0,14,9,5,40,21,19,7,3,4,0,0,0,36,18,18
53933309,202,111,91,200,111,89,2,0,2,95,55,40,196,108,88,182,98,84,1,1,0,19,12,7
53933310,24,14,10,23,13,10,1,1,0,10,7,3,22,13,9,13,8,5,4,3,1,7,3,4
53934101,742,381,361,706,356,350,35,25,10,212,114,98,671,343,328,695,356,339,2,2,0,45,23,22
53935001,2245,1067,1178,2182,1036,1146,50,25,25,711,353,358,2003,957,1046,2215,1046,1169,10,5,5,20,16,4
53936801,104,56,48,103,56,47,0,0,0,25,15,10,94,51,43,41,22,19,0,0,0,63,34,29
53936802,226,115,111,225,115,110,1,0,1,91,49,42,208,109,99,202,106,96,0,0,0,24,9,15
53936803,835,427,408,829,423,406,5,3,2,305,159,146,772,395,377,677,346,331,4,4,0,154,77,77
53936804,393,207,186,388,203,185,5,4,1,135,72,63,369,195,174,328,168,160,1,1,0,64,38,26
59972701,518,249,269,513,246,267,5,3,2,165,85,80,490,236,254,502,241,261,0,0,0,16,8,8
57121101,848,426,422,842,424,418,5,2,3,271,140,131,786,397,389,776,388,388,0,0,0,72,38,34
53938401,651,325,326,635,317,318,13,7,6,237,130,107,605,305,300,603,302,301,11,6,5,37,17,20
53939201,913,444,469,897,434,463,10,5,5,382,186,196,873,431,442,899,434,465,0,0,0,14,10,4
57126101,49,24,25,48,23,25,1,1,0,17,12,5,42,21,21,14,6,8,0,0,0,35,18,17
57126102,623,278,345,618,273,345,5,5,0,195,108,87,553,255,298,450,219,231,83,15,68,90,44,46
53940601,1527,737,790,1505,726,779,16,9,7,505,255,250,1425,691,734,1461,707,754,4,2,2,62,28,34
53940602,103,49,54,101,48,53,2,1,1,29,13,16,91,40,51,86,40,46,0,0,0,17,9,8
53941401,1193,592,601,1158,571,587,27,18,9,531,282,249,1117,553,564,1188,587,601,5,5,0,0,0,0
53941402,920,441,479,899,431,468,17,7,10,414,210,204,876,424,452,917,438,479,2,2,0,1,1,0
53941403,1413,732,681,1400,723,677,9,6,3,637,325,312,1351,697,654,1316,662,654,0,0,0,97,70,27
53942201,683,349,334,673,344,329,10,5,5,237,124,113,627,322,305,644,329,315,12,7,5,27,13,14
53942202,142,78,64,133,73,60,9,5,4,21,16,5,131,70,61,17,9,8,18,8,10,107,61,46
53942203,35,18,17,35,18,17,0,0,0,2,0,2,35,18,17,8,5,3,0,0,0,27,13,14
53942204,733,368,365,718,361,357,13,5,8,209,108,101,691,345,346,682,335,347,1,1,0,50,32,18
57132601,98,51,47,98,51,47,0,0,0,38,17,21,93,49,44,97,50,47,0,0,0,1,1,0
57132602,343,178,165,339,176,163,4,2,2,110,58,52,331,171,160,309,156,153,1,1,0,33,21,12
53945701,489,240,249,474,228,246,15,12,3,149,72,77,459,221,238,449,217,232,0,0,0,40,23,17
53945702,201,101,100,201,101,100,0,0,0,44,18,26,178,92,86,39,19,20,3,1,2,159,81,78
53945703,163,87,76,157,83,74,6,4,2,30,19,11,149,79,70,116,62,54,0,0,0,47,25,22
53949001,888,428,460,878,424,454,10,4,6,286,147,139,840,404,436,834,398,436,0,0,0,54,30,24
54076502,5067,2445,2622,4985,2406,2579,70,33,37,1757,913,844,4746,2294,2452,4773,2281,2492,106,47,59,188,117,71
54076503,391,194,197,387,193,194,3,1,2,133,67,66,367,184,183,364,181,183,0,0,0,27,13,14
54076504,561,279,282,555,278,277,5,1,4,178,93,85,536,270,266,481,235,246,1,0,1,79,44,35
54076505,332,163,169,330,162,168,1,0,1,89,45,44,291,139,152,242,115,127,30,15,15,60,33,27
53161801,514,264,250,506,259,247,8,5,3,189,99,90,491,250,241,505,258,247,6,5,1,3,1,2
53161803,1293,639,654,1267,625,642,23,13,10,387,196,191,1203,593,610,1276,627,649,0,0,0,17,12,5
53161804,74,35,39,71,34,37,3,1,2,15,6,9,68,33,35,4,2,2,0,0,0,70,33,37
53161805,552,280,272,549,278,271,3,2,1,145,75,70,517,265,252,551,279,272,0,0,0,1,1,0
53950301,867,444,423,855,438,417,7,4,3,233,127,106,814,414,400,848,433,415,3,3,0,16,8,8
53950302,705,368,337,700,365,335,4,2,2,168,93,75,668,350,318,644,334,310,0,0,0,61,34,27
57133401,52,26,26,50,24,26,1,1,0,9,5,4,49,25,24,24,14,10,0,0,0,28,12,16
57133402,56,29,27,54,28,26,2,1,1,17,11,6,54,28,26,55,29,26,1,0,1,0,0,0
53951101,561,292,269,551,285,266,10,7,3,211,112,99,530,277,253,532,274,258,3,3,0,26,15,11
53951102,102,58,44,102,58,44,0,0,0,33,21,12,91,53,38,65,34,31,2,2,0,35,22,13
53951103,168,89,79,164,85,79,3,3,0,39,25,14,161,85,76,122,65,57,0,0,0,46,24,22
53952001,1017,515,502,998,505,493,16,9,7,310,171,139,934,469,465,995,502,493,1,0,1,21,13,8
53954601,79,43,36,78,42,36,1,1,0,20,9,11,69,39,30,49,27,22,6,3,3,24,13,11
53954602,199,110,89,197,109,88,2,1,1,48,31,17,186,102,84,163,92,71,0,0,0,36,18,18
53954603,37,21,16,37,21,16,0,0,0,7,4,3,35,20,15,14,8,6,0,0,0,23,13,10
53954604,457,244,213,453,242,211,2,1,1,154,88,66,439,231,208,421,219,202,0,0,0,36,25,11
53954605,104,54,50,104,54,50,0,0,0,28,16,12,101,52,49,83,44,39,0,0,0,21,10,11
53956201,182,92,90,180,91,89,2,1,1,67,32,35,175,88,87,144,71,73,2,1,1,36,20,16
53956202,130,64,66,126,62,64,4,2,2,45,23,22,120,60,60,101,48,53,0,0,0,29,16,13
53956203,111,58,53,111,58,53,0,0,0,21,9,12,102,54,48,94,49,45,0,0,0,17,9,8
53957101,66,33,33,65,32,33,1,1,0,22,14,8,65,32,33,66,33,33,0,0,0,0,0,0
53957103,573,278,295,530,257,273,32,16,16,176,92,84,533,257,276,573,278,295,0,0,0,0,0,0
53957104,187,97,90,167,87,80,19,10,9,43,20,23,164,86,78,187,97,90,0,0,0,0,0,0
53957105,2097,1019,1078,1886,909,977,183,98,85,577,311,266,1930,942,988,1939,973,966,138,29,109,20,17,3
53959701,276,141,135,272,139,133,4,2,2,66,32,34,258,132,126,213,111,102,0,0,0,63,30,33
53959702,2016,973,1043,1992,959,1033,19,11,8,577,286,291,1902,919,983,1985,953,1032,27,17,10,4,3,1
53959703,504,248,256,502,247,255,2,1,1,163,88,75,461,225,236,465,219,246,0,0,0,39,29,10
53959704,1368,687,681,1348,675,673,19,11,8,420,205,215,1300,654,646,1226,602,624,103,59,44,39,26,13
53959706,125,69,56,125,69,56,0,0,0,19,11,8,117,65,52,61,30,31,0,0,0,64,39,25
53278901,950,463,487,938,456,482,11,6,5,269,134,135,887,433,454,941,458,483,0,0,0,9,5,4
53278903,61,31,30,61,31,30,0,0,0,19,9,10,58,30,28,6,1,5,0,0,0,55,30,25
57131801,83,39,44,80,38,42,3,1,2,22,9,13,76,36,40,83,39,44,0,0,0,0,0,0
57131802,164,81,83,160,80,80,4,1,3,62,27,35,147,72,75,159,77,82,0,0,0,5,4,1
3079550,0,0,0,0,0,0,0,0,0,0,0,0,0,0,0,0,0,0,0,0,0,0,0,0
53962702,741,334,407,722,323,399,16,10,6,257,128,129,687,311,376,689,325,364,51,8,43,1,1,0
53962703,3434,1691,1743,3268,1606,1662,158,84,74,1227,616,611,3162,1562,1600,3249,1576,1673,108,57,51,77,58,19
53962704,2873,1410,1463,2770,1356,1414,86,44,42,1035,526,509,2705,1321,1384,2805,1367,1438,54,37,17,14,6,8
53962706,2131,1039,1092,2087,1009,1078,37,24,13,937,469,468,2018,977,1041,2131,1039,1092,0,0,0,0,0,0
53962707,37,21,16,36,21,15,1,0,1,10,7,3,35,19,16,33,18,15,1,1,0,3,2,1
53172301,64,33,31,64,33,31,0,0,0,18,8,10,61,31,30,56,29,27,0,0,0,8,4,4
53172302,3089,1492,1597,2982,1438,1544,86,44,42,995,508,487,2869,1382,1487,3026,1476,1550,59,15,44,4,1,3
53172303,2005,1006,999,1977,995,982,23,9,14,901,468,433,1899,946,953,1960,974,986,1,0,1,44,32,12
53964301,3734,1804,1930,3698,1786,1912,27,13,14,1475,766,709,3489,1687,1802,3613,1731,1882,3,1,2,118,72,46
53965101,1464,707,757,1437,695,742,24,11,13,415,198,217,1333,647,686,1396,670,726,3,2,1,65,35,30
53966001,31,15,16,31,15,16,0,0,0,7,3,4,29,15,14,17,9,8,0,0,0,14,6,8
53966002,231,110,121,229,109,120,2,1,1,59,28,31,206,97,109,41,24,17,11,4,7,179,82,97
53966003,85,40,45,85,40,45,0,0,0,38,18,20,79,36,43,85,40,45,0,0,0,0,0,0
53966004,53,30,23,53,30,23,0,0,0,20,11,9,51,29,22,42,22,20,0,0,0,11,8,3
53966005,507,245,262,504,244,260,3,1,2,197,101,96,477,228,249,460,217,243,19,11,8,28,17,11
53968601,762,374,388,719,351,368,28,14,14,207,104,103,679,335,344,717,351,366,8,3,5,37,20,17
53968602,1141,564,577,1085,538,547,49,24,25,342,161,181,1045,520,525,1030,504,526,0,0,0,111,60,51
53970801,82,48,34,63,31,32,6,6,0,29,17,12,78,47,31,82,48,34,0,0,0,0,0,0
53970802,1173,593,580,1109,546,563,62,45,17,401,198,203,1094,553,541,1164,588,576,2,1,1,7,4,3
53970803,43,21,22,42,21,21,1,0,1,15,5,10,42,21,21,43,21,22,0,0,0,0,0,0
57134201,35,23,12,35,23,12,0,0,0,12,10,2,33,21,12,29,19,10,0,0,0,6,4,2
57134202,256,128,128,256,128,128,0,0,0,112,56,56,244,122,122,251,124,127,0,0,0,5,4,1
53973201,429,199,230,427,197,230,0,0,0,164,80,84,402,188,214,411,193,218,0,0,0,18,6,12
53973202,93,46,47,93,46,47,0,0,0,14,8,6,81,41,40,56,29,27,0,0,0,37,17,20
53973203,211,101,110,207,99,108,4,2,2,42,20,22,199,95,104,71,35,36,0,0,0,140,66,74
53973204,1221,608,613,1213,603,610,8,5,3,489,251,238,1130,564,566,1146,565,581,23,6,17,52,37,15
53973205,52,28,24,52,28,24,0,0,0,20,15,5,49,25,24,19,11,8,0,0,0,33,17,16
53973206,169,87,82,167,86,81,2,1,1,40,21,19,160,81,79,145,76,69,0,0,0,24,11,13
53182101,907,452,455,899,448,451,7,4,3,308,163,145,870,434,436,882,440,442,0,0,0,25,12,13
59831301,611,302,309,583,289,294,24,11,13,101,49,52,537,265,272,486,243,243,38,9,29,87,50,37
53975901,28,14,14,28,14,14,0,0,0,9,5,4,26,13,13,28,14,14,0,0,0,0,0,0
53975902,244,125,119,241,125,116,3,0,3,102,56,46,231,116,115,208,105,103,0,0,0,36,20,16
53975903,1334,665,669,1314,660,654,13,3,10,487,273,214,1211,598,613,1215,600,615,56,32,24,63,33,30
53976701,616,307,309,586,293,293,29,13,16,247,127,120,586,292,294,607,300,307,0,0,0,9,7,2
53976702,39,18,21,37,17,20,2,1,1,8,4,4,35,16,19,39,18,21,0,0,0,0,0,0
53976703,1087,529,558,1049,510,539,33,16,17,384,205,179,979,478,501,1087,529,558,0,0,0,0,0,0
53977501,858,405,453,841,394,447,17,11,6,289,144,145,798,377,421,838,391,447,0,0,0,20,14,6
57135101,100,54,46,100,54,46,0,0,0,28,14,14,94,52,42,96,51,45,1,1,0,3,2,1
57135102,699,356,343,678,339,339,16,12,4,254,136,118,667,335,332,675,334,341,9,9,0,15,13,2
53299101,1185,571,614,1176,566,610,6,4,2,442,223,219,1105,527,578,1172,559,613,0,0,0,13,12,1
53980501,934,457,477,908,442,466,20,10,10,268,150,118,861,421,440,924,451,473,0,0,0,10,6,4
53981301,2170,967,1203,2099,935,1164,64,30,34,492,227,265,1946,887,1059,2008,939,1069,135,10,125,27,18,9
53981302,1651,770,881,1592,735,857,51,32,19,531,259,272,1554,729,825,1632,758,874,14,9,5,5,3,2
51345801,74,38,36,70,35,35,2,1,1,23,10,13,71,37,34,74,38,36,0,0,0,0,0,0
51345802,189,95,94,181,89,92,8,6,2,32,16,16,183,92,91,189,95,94,0,0,0,0,0,0
51345803,2597,1281,1316,2450,1185,1265,134,90,44,722,343,379,2363,1161,1202,2503,1211,1292,63,49,14,31,21,10
53983001,445,227,218,440,223,217,4,3,1,162,90,72,418,212,206,419,212,207,0,0,0,26,15,11
53983002,124,62,62,123,61,62,1,1,0,42,23,19,116,59,57,108,55,53,0,0,0,16,7,9
53984801,2385,1179,1206,2356,1162,1194,23,13,10,860,430,430,2291,1129,1162,2267,1108,1159,15,10,5,103,61,42
53984802,159,84,75,157,83,74,2,1,1,35,20,15,142,76,66,95,44,51,0,0,0,64,40,24
53984803,210,106,104,210,106,104,0,0,0,85,41,44,197,99,98,183,90,93,0,0,0,27,16,11
53985601,1068,524,544,1057,518,539,9,5,4,394,209,185,1013,501,512,967,479,488,42,14,28,59,31,28
53985602,676,340,336,669,335,334,6,4,2,267,123,144,636,320,316,607,297,310,0,0,0,69,43,26
57128801,344,172,172,340,171,169,4,1,3,86,48,38,321,162,159,313,156,157,0,0,0,31,16,15
53987201,1559,754,805,1517,728,789,34,21,13,414,190,224,1395,666,729,1552,749,803,1,1,0,6,4,2
53988102,406,188,218,404,187,217,1,1,0,170,79,91,392,179,213,406,188,218,0,0,0,0,0,0
53988103,1030,517,513,1012,506,506,17,10,7,332,192,140,973,492,481,1005,499,506,10,6,4,15,12,3
53990201,196,99,97,194,97,97,2,2,0,43,26,17,182,93,89,164,81,83,2,1,1,30,17,13
53990202,442,224,218,431,215,216,10,8,2,93,45,48,418,212,206,442,224,218,0,0,0,0,0,0
53990203,1352,684,668,1314,656,658,35,27,8,452,221,231,1285,646,639,1281,637,644,37,27,10,34,20,14
52967201,155,81,74,151,79,72,4,2,2,76,45,31,148,79,69,149,77,72,0,0,0,6,4,2
56455901,29,17,12,29,17,12,0,0,0,9,7,2,27,16,11,0,0,0,0,0,0,29,17,12
56455902,33,17,16,33,17,16,0,0,0,15,7,8,30,15,15,30,15,15,0,0,0,3,2,1
56455904,147,81,66,147,81,66,0,0,0,45,30,15,132,73,59,133,71,62,5,3,2,9,7,2
53995301,558,281,277,553,278,275,3,3,0,270,149,121,517,260,257,548,275,273,2,2,0,8,4,4
53995302,139,72,67,139,72,67,0,0,0,56,32,24,128,68,60,135,69,66,0,0,0,4,3,1
53995303,236,119,117,234,117,117,2,2,0,76,39,37,231,116,115,206,99,107,0,0,0,30,20,10
53995304,654,328,326,646,323,323,8,5,3,239,121,118,610,304,306,632,318,314,0,0,0,22,10,12
53995306,155,74,81,155,74,81,0,0,0,63,29,34,151,73,78,155,74,81,0,0,0,0,0,0
53997001,144,69,75,143,69,74,0,0,0,52,29,23,141,68,73,131,61,70,0,0,0,13,8,5
53997002,71,36,35,68,35,33,2,0,2,25,14,11,64,33,31,55,28,27,0,0,0,16,8,8
53997003,111,58,53,109,57,52,0,0,0,39,17,22,104,53,51,104,54,50,2,1,1,5,3,2
53997004,83,40,43,83,40,43,0,0,0,34,16,18,73,32,41,80,39,41,0,0,0,3,1,2
53997005,25,15,10,25,15,10,0,0,0,10,7,3,25,15,10,10,6,4,0,0,0,15,9,6
3302640,0,0,0,0,0,0,0,0,0,0,0,0,0,0,0,0,0,0,0,0,0,0,0,0
53998801,93,47,46,93,47,46,0,0,0,36,18,18,85,44,41,91,46,45,0,0,0,2,1,1
53998803,219,111,108,219,111,108,0,0,0,82,46,36,211,106,105,213,106,107,0,0,0,6,5,1
0143200,0,0,0,0,0,0,0,0,0,0,0,0,0,0,0,0,0,0,0,0,0,0,0,0
0143540,0,0,0,0,0,0,0,0,0,0,0,0,0,0,0,0,0,0,0,0,0,0,0,0
0143620,0,0,0,0,0,0,0,0,0,0,0,0,0,0,0,0,0,0,0,0,0,0,0,0
54001301,67,33,34,67,33,34,0,0,0,35,18,17,60,29,31,67,33,34,0,0,0,0,0,0
54001302,45,21,24,45,21,24,0,0,0,16,9,7,41,19,22,40,19,21,0,0,0,5,2,3
54001303,49,26,23,48,25,23,1,1,0,34,20,14,49,26,23,49,26,23,0,0,0,0,0,0
54001304,51,26,25,50,26,24,1,0,1,30,16,14,50,26,24,50,26,24,1,0,1,0,0,0
54001305,24,14,10,24,14,10,0,0,0,7,5,2,23,13,10,24,14,10,0,0,0,0,0,0
54001306,414,182,232,414,182,232,0,0,0,220,104,116,395,176,219,387,175,212,27,7,20,0,0,0
54001307,753,345,408,747,340,407,2,1,1,348,170,178,731,335,396,753,345,408,0,0,0,0,0,0
54001309,25,16,9,25,16,9,0,0,0,11,7,4,24,16,8,25,16,9,0,0,0,0,0,0
54001310,123,53,70,119,49,70,4,4,0,58,25,33,117,50,67,119,49,70,4,4,0,0,0,0
54001311,627,308,319,621,303,318,6,5,1,343,182,161,610,297,313,627,308,319,0,0,0,0,0,0
54001312,180,88,92,178,86,92,2,2,0,97,42,55,170,83,87,179,87,92,0,0,0,1,1,0
54001313,279,130,149,277,129,148,1,1,0,125,65,60,254,122,132,279,130,149,0,0,0,0,0,0
54001314,796,399,397,780,390,390,16,9,7,373,200,173,743,371,372,722,355,367,5,2,3,69,42,27
54002101,26,14,12,26,14,12,0,0,0,9,4,5,26,14,12,3,2,1,0,0,0,23,12,11
54002102,21,12,9,21,12,9,0,0,0,6,4,2,14,7,7,21,12,9,0,0,0,0,0,0
54002103,421,210,211,420,209,211,1,1,0,165,80,85,387,195,192,417,207,210,0,0,0,4,3,1
56466401,52,25,27,51,25,26,1,0,1,18,8,10,48,25,23,46,21,25,1,0,1,5,4,1
56466402,28,14,14,28,14,14,0,0,0,11,4,7,26,13,13,28,14,14,0,0,0,0,0,0
56441902,148,77,71,148,77,71,0,0,0,70,43,27,140,73,67,145,75,70,0,0,0,3,2,1
54007201,394,189,205,392,188,204,2,1,1,143,72,71,374,180,194,337,167,170,36,11,25,21,11,10
54008101,67,34,33,66,34,32,1,0,1,20,10,10,60,31,29,14,6,8,1,0,1,52,28,24
54008102,320,160,160,309,154,155,11,6,5,115,71,44,292,149,143,260,129,131,26,11,15,34,20,14
54009901,270,128,142,270,128,142,0,0,0,123,62,61,244,115,129,267,125,142,0,0,0,3,3,0
54009902,158,76,82,156,75,81,2,1,1,76,41,35,153,73,80,158,76,82,0,0,0,0,0,0
51350401,441,221,220,437,219,218,3,2,1,191,105,86,411,207,204,440,220,220,0,0,0,1,1,0
54011101,369,177,192,366,174,192,2,2,0,153,66,87,330,153,177,369,177,192,0,0,0,0,0,0
54011102,63,28,35,62,27,35,1,1,0,18,8,10,45,19,26,53,24,29,0,0,0,10,4,6
54011103,149,64,85,148,64,84,1,0,1,41,19,22,87,39,48,69,31,38,80,33,47,0,0,0
54011104,46,20,26,46,20,26,0,0,0,14,3,11,44,18,26,32,14,18,0,0,0,14,6,8
54011105,605,292,313,602,291,311,3,1,2,273,144,129,563,269,294,605,292,313,0,0,0,0,0,0
54011107,67,33,34,67,33,34,0,0,0,24,14,10,66,32,34,67,33,34,0,0,0,0,0,0
54011108,1468,719,749,1456,714,742,10,5,5,597,307,290,1396,678,718,1380,674,706,0,0,0,88,45,43
54011109,70,40,30,70,40,30,0,0,0,21,16,5,69,40,29,36,20,16,0,0,0,34,20,14
54011110,1160,571,589,1156,568,588,3,3,0,670,363,307,1121,552,569,1159,570,589,0,0,0,1,1,0
54011111,2343,1122,1221,2304,1095,1209,37,26,11,1091,553,538,2197,1042,1155,2325,1107,1218,17,14,3,1,1,0
54011112,309,148,161,288,134,154,18,12,6,79,40,39,269,127,142,303,144,159,5,3,2,1,1,0
54011113,2123,1037,1086,2094,1016,1078,25,17,8,898,470,428,1977,962,1015,1905,911,994,100,37,63,118,89,29
54012901,301,148,153,298,147,151,2,1,1,147,72,75,296,146,150,288,139,149,0,0,0,13,9,4
54012903,215,107,108,215,107,108,0,0,0,105,59,46,194,95,99,214,106,108,0,0,0,1,1,0
54012904,119,54,65,118,54,64,1,0,1,48,31,17,112,49,63,106,48,58,0,0,0,13,6,7
54012905,115,52,63,115,52,63,0,0,0,62,27,35,112,49,63,109,50,59,0,0,0,6,2,4
54012906,38,22,16,38,22,16,0,0,0,19,11,8,36,21,15,38,22,16,0,0,0,0,0,0
54012907,42,22,20,42,22,20,0,0,0,20,10,10,41,21,20,42,22,20,0,0,0,0,0,0
54012908,30,16,14,30,16,14,0,0,0,10,4,6,30,16,14,30,16,14,0,0,0,0,0,0
54012909,45,21,24,45,21,24,0,0,0,26,12,14,45,21,24,43,20,23,0,0,0,2,1,1
59929801,152,74,78,149,71,78,3,3,0,78,43,35,137,67,70,148,71,77,0,0,0,4,3,1
3302480,0,0,0,0,0,0,0,0,0,0,0,0,0,0,0,0,0,0,0,0,0,0,0,0
54014501,165,82,83,165,82,83,0,0,0,60,33,27,161,79,82,165,82,83,0,0,0,0,0,0
54014502,384,193,191,381,190,191,3,3,0,154,87,67,363,180,183,383,192,191,0,0,0,1,1,0
54015301,77,35,42,77,35,42,0,0,0,29,12,17,76,35,41,77,35,42,0,0,0,0,0,0
54015302,269,128,141,269,128,141,0,0,0,138,75,63,256,123,133,267,127,140,0,0,0,2,1,1
54015304,86,43,43,84,43,41,2,0,2,37,20,17,83,41,42,86,43,43,0,0,0,0,0,0
54017001,212,112,100,209,110,99,3,2,1,82,48,34,196,107,89,184,96,88,0,0,0,28,16,12
54017002,83,42,41,83,42,41,0,0,0,32,17,15,80,41,39,81,41,40,0,0,0,2,1,1
54017003,46,22,24,46,22,24,0,0,0,16,8,8,45,22,23,46,22,24,0,0,0,0,0,0
54017004,29,15,14,29,15,14,0,0,0,19,10,9,27,15,12,27,14,13,0,0,0,2,1,1
54018801,223,114,109,223,114,109,0,0,0,91,58,33,207,106,101,218,111,107,0,0,0,5,3,2
54018802,43,21,22,43,21,22,0,0,0,23,11,12,39,19,20,43,21,22,0,0,0,0,0,0
59838101,1238,1073,165,1179,1015,164,19,18,1,161,105,56,893,742,151,270,121,149,957,944,13,11,8,3
54021801,39,21,18,39,21,18,0,0,0,22,16,6,39,21,18,34,18,16,0,0,0,5,3,2
54021802,647,352,295,644,349,295,3,3,0,345,196,149,625,339,286,623,333,290,1,1,0,23,18,5
54021804,21,15,6,21,15,6,0,0,0,4,4,0,19,14,5,8,6,2,0,0,0,13,9,4
54021805,78,34,44,78,34,44,0,0,0,45,21,24,75,34,41,71,31,40,0,0,0,7,3,4
54021806,86,41,45,86,41,45,0,0,0,41,25,16,79,39,40,85,41,44,0,0,0,1,0,1
54021807,25,17,8,24,16,8,1,1,0,14,12,2,22,16,6,12,8,4,0,0,0,13,9,4
54021808,166,85,81,161,81,80,5,4,1,78,48,30,154,79,75,152,81,71,1,0,1,13,4,9
56450801,352,172,180,352,172,180,0,0,0,134,72,62,326,160,166,344,168,176,0,0,0,8,4,4
59840201,545,278,267,542,275,267,3,3,0,173,89,84,488,243,245,534,271,263,0,0,0,11,7,4
54024201,516,267,249,514,266,248,2,1,1,198,107,91,496,256,240,490,249,241,0,0,0,26,18,8
54024202,133,61,72,132,61,71,0,0,0,45,25,20,126,60,66,130,60,70,0,0,0,3,1,2
56460501,144,74,70,144,74,70,0,0,0,72,47,25,142,72,70,142,73,69,0,0,0,2,1,1
56425701,50,29,21,50,29,21,0,0,0,16,11,5,47,27,20,50,29,21,0,0,0,0,0,0
56425702,21,15,6,21,15,6,0,0,0,9,7,2,18,13,5,19,13,6,0,0,0,2,2,0
54028501,33,16,17,33,16,17,0,0,0,22,13,9,32,16,16,33,16,17,0,0,0,0,0,0
54028502,272,140,132,271,140,131,1,0,1,134,75,59,260,132,128,250,129,121,0,0,0,22,11,11
54028503,32,20,12,31,20,11,1,0,1,14,11,3,31,20,11,0,0,0,2,2,0,30,18,12
54028504,55,30,25,55,30,25,0,0,0,23,15,8,49,27,22,43,22,21,0,0,0,12,8,4
51358001,231,116,115,231,116,115,0,0,0,122,74,48,224,113,111,226,113,113,0,0,0,5,3,2
54031501,406,203,203,404,203,201,1,0,1,187,111,76,379,195,184,366,183,183,15,6,9,25,14,11
54031502,31,13,18,31,13,18,0,0,0,13,5,8,31,13,18,26,10,16,0,0,0,5,3,2
54031504,57,29,28,57,29,28,0,0,0,26,13,13,52,26,26,56,28,28,0,0,0,1,1,0
54031506,58,23,35,58,23,35,0,0,0,27,11,16,53,21,32,58,23,35,0,0,0,0,0,0
54031507,66,35,31,65,34,31,1,1,0,28,16,12,65,34,31,53,29,24,0,0,0,13,6,7
54031508,109,59,50,104,56,48,2,1,1,46,29,17,103,58,45,106,58,48,0,0,0,3,1,2
3224230,0,0,0,0,0,0,0,0,0,0,0,0,0,0,0,0,0,0,0,0,0,0,0,0
3224310,0,0,0,0,0,0,0,0,0,0,0,0,0,0,0,0,0,0,0,0,0,0,0,0
54032301,45,23,22,45,23,22,0,0,0,17,9,8,43,21,22,25,12,13,0,0,0,20,11,9
54032302,130,72,58,130,72,58,0,0,0,48,29,19,116,63,53,110,56,54,0,0,0,20,16,4
54032303,44,25,19,44,25,19,0,0,0,18,11,7,41,24,17,43,24,19,0,0,0,1,1,0
54032304,35,20,15,32,19,13,2,1,1,13,9,4,33,19,14,30,17,13,0,0,0,5,3,2
54032306,55,26,29,55,26,29,0,0,0,21,12,9,50,23,27,51,26,25,0,0,0,4,0,4
54032307,172,92,80,169,90,79,2,1,1,61,37,24,166,88,78,162,86,76,0,0,0,10,6,4
54032308,95,50,45,95,50,45,0,0,0,40,23,17,88,46,42,94,49,45,0,0,0,1,1,0
54032309,38,17,21,38,17,21,0,0,0,5,3,2,33,15,18,13,5,8,8,4,4,17,8,9
56424901,47,22,25,47,22,25,0,0,0,18,7,11,45,22,23,47,22,25,0,0,0,0,0,0
56424902,111,50,61,110,50,60,1,0,1,34,15,19,101,45,56,108,49,59,0,0,0,3,1,2
56424904,36,21,15,36,21,15,0,0,0,12,8,4,36,21,15,36,21,15,0,0,0,0,0,0
54035801,166,79,87,166,79,87,0,0,0,56,31,25,157,74,83,163,76,87,0,0,0,3,3,0
54035802,69,33,36,68,32,36,1,1,0,20,10,10,63,31,32,69,33,36,0,0,0,0,0,0
54037401,116,60,56,115,60,55,1,0,1,56,34,22,104,53,51,116,60,56,0,0,0,0,0,0
54037403,289,151,138,289,151,138,0,0,0,131,70,61,278,145,133,276,142,134,0,0,0,13,9,4
54039101,68,38,30,68,38,30,0,0,0,41,27,14,67,37,30,68,38,30,0,0,0,0,0,0
54039102,68,34,34,68,34,34,0,0,0,36,19,17,65,32,33,68,34,34,0,0,0,0,0,0
54039103,241,123,118,241,123,118,0,0,0,122,71,51,236,121,115,238,121,117,0,0,0,3,2,1
54039104,24,12,12,24,12,12,0,0,0,18,10,8,24,12,12,24,12,12,0,0,0,0,0,0
54039105,42,21,21,42,21,21,0,0,0,23,14,9,41,20,21,42,21,21,0,0,0,0,0,0
54039106,30,17,13,30,17,13,0,0,0,18,11,7,29,16,13,29,16,13,1,1,0,0,0,0
54039108,54,27,27,54,27,27,0,0,0,22,11,11,53,26,27,52,26,26,0,0,0,2,1,1
3302720,0,0,0,0,0,0,0,0,0,0,0,0,0,0,0,0,0,0,0,0,0,0,0,0
54040401,54,29,25,54,29,25,0,0,0,17,12,5,41,21,20,46,25,21,0,0,0,8,4,4
54040402,2040,1034,1006,2006,1013,993,31,19,12,802,414,388,1903,962,941,1985,991,994,11,11,0,44,32,12
54040403,112,58,54,110,57,53,2,1,1,47,25,22,107,56,51,112,58,54,0,0,0,0,0,0
54043901,589,299,290,569,284,285,20,15,5,240,133,107,544,269,275,568,286,282,4,3,1,17,10,7
54043902,124,63,61,124,63,61,0,0,0,52,28,24,116,58,58,112,58,54,0,0,0,12,5,7
54043903,40,21,19,40,21,19,0,0,0,14,9,5,32,16,16,7,4,3,0,0,0,33,17,16
54043904,89,47,42,84,43,41,5,4,1,25,11,14,76,39,37,12,8,4,5,4,1,72,35,37
54043905,104,58,46,101,56,45,3,2,1,44,29,15,100,54,46,73,39,34,0,0,0,31,19,12
54044702,21,9,12,21,9,12,0,0,0,8,4,4,21,9,12,19,8,11,0,0,0,2,1,1
54044703,261,140,121,260,139,121,1,1,0,126,76,50,238,131,107,250,133,117,4,2,2,7,5,2
54044707,47,27,20,47,27,20,0,0,0,26,18,8,45,26,19,31,17,14,0,0,0,16,10,6
54044708,39,15,24,39,15,24,0,0,0,24,11,13,38,15,23,38,14,24,0,0,0,1,1,0
54044709,31,16,15,31,16,15,0,0,0,19,10,9,30,16,14,29,15,14,0,0,0,2,1,1
54044710,43,24,19,42,23,19,1,1,0,20,14,6,36,20,16,42,23,19,0,0,0,1,1,0
59846101,274,148,126,274,148,126,0,0,0,142,87,55,265,143,122,268,143,125,0,0,0,6,5,1
59846102,46,21,25,46,21,25,0,0,0,23,12,11,44,20,24,46,21,25,0,0,0,0,0,0
59920401,67,32,35,66,31,35,1,1,0,30,15,15,64,30,34,67,32,35,0,0,0,0,0,0
59920402,63,29,34,63,29,34,0,0,0,28,16,12,60,26,34,57,27,30,0,0,0,6,2,4
0700092,0,0,0,0,0,0,0,0,0,0,0,0,0,0,0,0,0,0,0,0,0,0,0,0
54049801,38,19,19,38,19,19,0,0,0,13,8,5,35,18,17,38,19,19,0,0,0,0,0,0
54049802,958,484,474,957,483,474,1,1,0,413,234,179,913,464,449,924,463,461,19,10,9,15,11,4
54049803,103,51,52,103,51,52,0,0,0,43,21,22,96,49,47,80,41,39,0,0,0,23,10,13
54049804,46,25,21,46,25,21,0,0,0,27,14,13,45,24,21,46,25,21,0,0,0,0,0,0
54049805,64,37,27,64,37,27,0,0,0,37,25,12,63,36,27,60,34,26,0,0,0,4,3,1
54049807,42,20,22,42,20,22,0,0,0,23,11,12,41,20,21,42,20,22,0,0,0,0,0,0
54049808,47,23,24,47,23,24,0,0,0,23,13,10,46,23,23,47,23,24,0,0,0,0,0,0
51355501,204,101,103,203,101,102,1,0,1,107,58,49,188,94,94,202,99,103,0,0,0,2,2,0
52968101,122,63,59,122,63,59,0,0,0,58,32,26,115,59,56,120,61,59,0,0,0,2,2,0
54053601,21,12,9,21,12,9,0,0,0,5,4,1,20,11,9,21,12,9,0,0,0,0,0,0
54053604,359,184,175,356,182,174,3,2,1,163,91,72,332,169,163,346,177,169,2,0,2,11,7,4
54055201,27,13,14,27,13,14,0,0,0,16,6,10,27,13,14,27,13,14,0,0,0,0,0,0
54055202,790,402,388,781,399,382,7,3,4,384,212,172,744,380,364,757,384,373,2,0,2,31,18,13
54055203,22,11,11,22,11,11,0,0,0,7,5,2,20,10,10,20,10,10,0,0,0,2,1,1
54055205,26,10,16,26,10,16,0,0,0,15,7,8,25,10,15,20,8,12,0,0,0,6,2,4
54055207,36,20,16,36,20,16,0,0,0,16,11,5,34,19,15,36,20,16,0,0,0,0,0,0
54055208,37,23,14,31,18,13,4,4,0,21,13,8,34,21,13,37,23,14,0,0,0,0,0,0
54055209,20,9,11,20,9,11,0,0,0,10,5,5,19,9,10,14,7,7,0,0,0,6,2,4
54055210,47,23,24,47,23,24,0,0,0,16,6,10,43,20,23,47,23,24,0,0,0,0,0,0
54055211,26,8,18,26,8,18,0,0,0,10,3,7,19,5,14,26,8,18,0,0,0,0,0,0
54055214,60,32,28,60,32,28,0,0,0,41,26,15,60,32,28,52,28,24,0,0,0,8,4,4
54057901,20,11,9,20,11,9,0,0,0,6,3,3,13,7,6,16,9,7,0,0,0,4,2,2
54057902,172,89,83,171,88,83,1,1,0,87,51,36,167,88,79,171,88,83,0,0,0,1,1,0
3302990,0,0,0,0,0,0,0,0,0,0,0,0,0,0,0,0,0,0,0,0,0,0,0,0
54058701,148,73,75,148,73,75,0,0,0,63,30,33,139,66,73,136,65,71,0,0,0,12,8,4
3302210,0,0,0,0,0,0,0,0,0,0,0,0,0,0,0,0,0,0,0,0,0,0,0,0
54062501,579,288,291,578,287,291,1,1,0,276,150,126,551,278,273,569,281,288,2,2,0,8,5,3
56434601,216,113,103,216,113,103,0,0,0,92,55,37,206,108,98,204,106,98,0,0,0,12,7,5
51352101,210,106,104,210,106,104,0,0,0,70,40,30,201,103,98,202,102,100,0,0,0,8,4,4
59841101,496,242,254,492,241,251,4,1,3,175,95,80,468,229,239,485,234,251,0,0,0,11,8,3
54071401,641,326,315,636,323,313,5,3,2,262,140,122,589,296,293,551,277,274,3,1,2,87,48,39
54071402,424,212,212,424,212,212,0,0,0,178,92,86,400,200,200,404,203,201,0,0,0,20,9,11
54071403,65,33,32,65,33,32,0,0,0,33,19,14,63,33,30,61,32,29,0,0,0,4,1,3
54074901,24,13,11,24,13,11,0,0,0,5,2,3,22,11,11,10,5,5,0,0,0,14,8,6
54074902,67,39,28,67,39,28,0,0,0,35,22,13,65,38,27,67,39,28,0,0,0,0,0,0
54074903,189,101,88,188,101,87,1,0,1,96,54,42,181,95,86,176,92,84,5,3,2,8,6,2
54074904,20,11,9,20,11,9,0,0,0,11,7,4,19,10,9,18,9,9,0,0,0,2,2,0
54074905,22,10,12,22,10,12,0,0,0,7,2,5,21,10,11,19,9,10,0,0,0,3,1,2
54075701,63,27,36,63,27,36,0,0,0,15,8,7,62,27,35,60,25,35,0,0,0,3,2,1
54075702,219,114,105,217,113,104,2,1,1,84,48,36,208,106,102,217,113,104,0,0,0,2,1,1
54075703,96,54,42,95,53,42,1,1,0,53,35,18,86,50,36,96,54,42,0,0,0,0,0,0
54075704,21,9,12,21,9,12,0,0,0,9,5,4,20,8,12,21,9,12,0,0,0,0,0,0
54075705,1625,789,836,1618,785,833,7,4,3,735,373,362,1531,738,793,1594,767,827,0,0,0,31,22,9
54075706,34,15,19,34,15,19,0,0,0,15,7,8,29,12,17,34,15,19,0,0,0,0,0,0
54075707,63,32,31,63,32,31,0,0,0,25,12,13,56,29,27,62,31,31,0,0,0,1,1,0
59975101,99,52,47,99,52,47,0,0,0,50,27,23,90,47,43,99,52,47,0,0,0,0,0,0
54078101,42,20,22,42,20,22,0,0,0,14,9,5,42,20,22,38,19,19,0,0,0,4,1,3
54078102,92,52,40,91,51,40,1,1,0,33,19,14,84,46,38,23,14,9,0,0,0,69,38,31
54078103,455,226,229,454,225,229,1,1,0,173,85,88,398,202,196,424,210,214,18,5,13,13,11,2
54078104,60,31,29,60,31,29,0,0,0,15,6,9,53,26,27,3,1,2,0,0,0,57,30,27
54078105,186,102,84,184,101,83,0,0,0,78,45,33,179,101,78,172,94,78,0,0,0,14,8,6
3212061,0,0,0,0,0,0,0,0,0,0,0,0,0,0,0,0,0,0,0,0,0,0,0,0
3212062,0,0,0,0,0,0,0,0,0,0,0,0,0,0,0,0,0,0,0,0,0,0,0,0
54079001,370,195,175,370,195,175,0,0,0,181,102,79,341,180,161,358,186,172,0,0,0,12,9,3
54079002,122,51,71,122,51,71,0,0,0,52,35,17,116,48,68,95,51,44,27,0,27,0,0,0
54079004,58,30,28,57,29,28,1,1,0,21,14,7,49,24,25,47,24,23,0,0,0,11,6,5
54079005,42,23,19,41,22,19,0,0,0,25,15,10,37,21,16,42,23,19,0,0,0,0,0,0
56447801,40,19,21,40,19,21,0,0,0,18,7,11,40,19,21,40,19,21,0,0,0,0,0,0
56447802,230,120,110,230,120,110,0,0,0,80,41,39,215,112,103,208,101,107,0,0,0,22,19,3
1019233,0,0,0,0,0,0,0,0,0,0,0,0,0,0,0,0,0,0,0,0,0,0,0,0
1019235,0,0,0,0,0,0,0,0,0,0,0,0,0,0,0,0,0,0,0,0,0,0,0,0
54081101,45,21,24,44,21,23,1,0,1,12,7,5,40,20,20,44,20,24,0,0,0,1,1,0
54081103,505,258,247,502,255,247,1,1,0,221,125,96,482,249,233,472,237,235,0,0,0,33,21,12
54081104,57,27,30,54,26,28,3,1,2,26,14,12,55,26,29,57,27,30,0,0,0,0,0,0
54081105,141,75,66,140,74,66,1,1,0,58,35,23,137,72,65,141,75,66,0,0,0,0,0,0
54082001,53,27,26,53,27,26,0,0,0,37,22,15,51,27,24,53,27,26,0,0,0,0,0,0
54082002,59,32,27,59,32,27,0,0,0,30,24,6,56,30,26,59,32,27,0,0,0,0,0,0
54082003,199,100,99,199,100,99,0,0,0,94,61,33,192,97,95,195,97,98,0,0,0,4,3,1
54082004,58,25,33,58,25,33,0,0,0,30,16,14,54,22,32,58,25,33,0,0,0,0,0,0
54082006,54,28,26,54,28,26,0,0,0,31,19,12,53,28,25,54,28,26,0,0,0,0,0,0
54082009,40,21,19,40,21,19,0,0,0,19,8,11,39,21,18,40,21,19,0,0,0,0,0,0
54084601,30,17,13,30,17,13,0,0,0,22,14,8,30,17,13,30,17,13,0,0,0,0,0,0
54084602,31,15,16,31,15,16,0,0,0,22,11,11,31,15,16,31,15,16,0,0,0,0,0,0
54084603,41,22,19,41,22,19,0,0,0,25,15,10,38,21,17,41,22,19,0,0,0,0,0,0
54084604,43,22,21,41,22,19,1,0,1,28,18,10,42,22,20,43,22,21,0,0,0,0,0,0
54084605,20,11,9,20,11,9,0,0,0,17,10,7,18,10,8,20,11,9,0,0,0,0,0,0
54084606,54,30,24,54,30,24,0,0,0,33,22,11,51,29,22,54,30,24,0,0,0,0,0,0
54084608,32,13,19,32,13,19,0,0,0,9,3,6,26,9,17,32,13,19,0,0,0,0,0,0
54084609,58,31,27,58,31,27,0,0,0,29,17,12,56,31,25,57,30,27,0,0,0,1,1,0
54084610,208,105,103,208,105,103,0,0,0,124,65,59,197,99,98,202,102,100,0,0,0,6,3,3
54084611,53,27,26,53,27,26,0,0,0,40,24,16,49,24,25,53,27,26,0,0,0,0,0,0
54084612,20,9,11,20,9,11,0,0,0,10,4,6,19,9,10,20,9,11,0,0,0,0,0,0
54084614,46,25,21,46,25,21,0,0,0,25,17,8,45,24,21,46,25,21,0,0,0,0,0,0
3302050,0,0,0,0,0,0,0,0,0,0,0,0,0,0,0,0,0,0,0,0,0,0,0,0
56452401,188,95,93,187,95,92,1,0,1,59,36,23,185,94,91,178,89,89,0,0,0,10,6,4
56452402,45,22,23,44,21,23,1,1,0,14,9,5,42,21,21,41,21,20,0,0,0,4,1,3
56422201,49,29,20,49,29,20,0,0,0,20,12,8,46,27,19,40,23,17,0,0,0,9,6,3
54088902,100,46,54,99,45,54,1,1,0,20,9,11,89,42,47,36,17,19,1,0,1,63,29,34
54088903,21,12,9,21,12,9,0,0,0,3,2,1,21,12,9,10,6,4,0,0,0,11,6,5
54088904,456,219,237,438,213,225,14,5,9,101,48,53,385,183,202,456,219,237,0,0,0,0,0,0
54088905,110,49,61,105,47,58,5,2,3,27,15,12,96,41,55,93,43,50,17,6,11,0,0,0
54088906,879,436,443,877,435,442,2,1,1,378,191,187,833,415,418,851,421,430,1,1,0,27,14,13
54089701,40,20,20,40,20,20,0,0,0,17,8,9,38,19,19,4,2,2,0,0,0,36,18,18
54089702,62,36,26,62,36,26,0,0,0,17,13,4,60,35,25,57,32,25,0,0,0,5,4,1
54089703,83,40,43,83,40,43,0,0,0,39,23,16,72,35,37,83,40,43,0,0,0,0,0,0
54089704,114,58,56,113,57,56,1,1,0,57,34,23,110,57,53,110,57,53,0,0,0,4,1,3
54090101,31,15,16,31,15,16,0,0,0,18,11,7,31,15,16,27,14,13,0,0,0,4,1,3
54090102,206,104,102,205,103,102,1,1,0,117,64,53,197,99,98,200,102,98,1,0,1,5,2,3
54090103,82,47,35,82,47,35,0,0,0,30,14,16,70,40,30,64,37,27,0,0,0,18,10,8
54090105,1010,494,516,992,487,505,18,7,11,478,245,233,945,463,482,988,479,509,1,1,0,21,14,7
54090106,311,157,154,309,157,152,2,0,2,175,95,80,298,151,147,304,153,151,0,0,0,7,4,3
54090107,367,182,185,365,180,185,1,1,0,183,97,86,354,175,179,366,182,184,0,0,0,1,0,1
51357101,193,95,98,188,93,95,5,2,3,72,33,39,187,92,95,190,93,97,0,0,0,3,2,1
54093502,1102,571,531,1096,566,530,5,4,1,566,307,259,1043,538,505,1081,552,529,0,0,0,21,19,2
54093503,106,52,54,106,52,54,0,0,0,43,19,24,103,51,52,106,52,54,0,0,0,0,0,0
54094301,254,131,123,252,130,122,2,1,1,113,71,42,237,124,113,246,125,121,0,0,0,8,6,2
54095101,53,23,30,52,22,30,1,1,0,25,12,13,51,22,29,53,23,30,0,0,0,0,0,0
54095102,660,353,307,656,352,304,4,1,3,305,172,133,619,328,291,631,326,305,22,21,1,7,6,1
3302810,0,0,0,0,0,0,0,0,0,0,0,0,0,0,0,0,0,0,0,0,0,0,0,0
54096001,270,139,131,269,139,130,1,0,1,119,70,49,260,133,127,269,139,130,0,0,0,1,0,1
54096002,41,25,16,41,25,16,0,0,0,22,14,8,40,24,16,41,25,16,0,0,0,0,0,0
59847001,201,108,93,199,107,92,2,1,1,96,54,42,193,105,88,197,105,92,0,0,0,4,3,1
59847003,41,22,19,41,22,19,0,0,0,17,10,7,40,21,19,41,22,19,0,0,0,0,0,0
59837201,141,72,69,141,72,69,0,0,0,51,29,22,126,64,62,133,67,66,0,0,0,8,5,3
54101001,35,19,16,35,19,16,0,0,0,14,9,5,32,17,15,35,19,16,0,0,0,0,0,0
54101002,97,45,52,97,45,52,0,0,0,53,27,26,97,45,52,89,40,49,0,0,0,8,5,3
54101003,102,51,51,102,51,51,0,0,0,41,21,20,97,51,46,102,51,51,0,0,0,0,0,0
54102801,33,19,14,32,18,14,1,1,0,6,5,1,26,14,12,29,17,12,0,0,0,4,2,2
54102802,51,27,24,51,27,24,0,0,0,24,13,11,47,25,22,51,27,24,0,0,0,0,0,0
54102803,214,116,98,213,116,97,1,0,1,92,64,28,202,109,93,212,114,98,0,0,0,2,2,0
54102804,50,11,39,50,11,39,0,0,0,13,4,9,46,9,37,25,10,15,25,1,24,0,0,0
54102805,44,23,21,44,23,21,0,0,0,18,7,11,42,21,21,44,23,21,0,0,0,0,0,0
54104401,51,27,24,51,27,24,0,0,0,24,15,9,51,27,24,51,27,24,0,0,0,0,0,0
54104402,83,41,42,82,41,41,1,0,1,47,26,21,74,38,36,83,41,42,0,0,0,0,0,0
54104403,27,18,9,27,18,9,0,0,0,18,14,4,27,18,9,24,16,8,0,0,0,3,2,1
54104404,41,23,18,41,23,18,0,0,0,22,17,5,41,23,18,41,23,18,0,0,0,0,0,0
54104406,37,21,16,37,21,16,0,0,0,24,14,10,36,21,15,37,21,16,0,0,0,0,0,0
54104407,82,46,36,82,46,36,0,0,0,49,31,18,77,43,34,79,45,34,0,0,0,3,1,2
54104410,659,326,333,654,323,331,5,3,2,351,186,165,641,316,325,651,318,333,1,1,0,7,7,0
54104412,46,27,19,46,27,19,0,0,0,26,17,9,43,25,18,45,26,19,0,0,0,1,1,0
54104413,33,16,17,33,16,17,0,0,0,17,10,7,33,16,17,32,15,17,0,0,0,1,1,0
54104414,27,15,12,27,15,12,0,0,0,15,9,6,25,14,11,21,13,8,0,0,0,6,2,4
54104416,75,43,32,75,43,32,0,0,0,50,34,16,72,41,31,75,43,32,0,0,0,0,0,0
54104417,79,40,39,79,40,39,0,0,0,46,29,17,78,39,39,76,39,37,0,0,0,3,1,2
54104418,36,23,13,35,23,12,1,0,1,23,15,8,35,23,12,36,23,13,0,0,0,0,0,0
54104420,36,20,16,36,20,16,0,0,0,25,18,7,33,18,15,35,20,15,0,0,0,1,0,1
54105202,139,60,79,139,60,79,0,0,0,61,26,35,134,57,77,138,60,78,0,0,0,1,0,1
54105203,506,262,244,496,255,241,10,7,3,224,123,101,478,243,235,479,241,238,8,5,3,19,16,3
56421401,99,51,48,99,51,48,0,0,0,46,29,17,96,50,46,95,48,47,0,0,0,4,3,1
54108702,289,155,134,289,155,134,0,0,0,142,78,64,281,151,130,285,153,132,0,0,0,4,2,2
54108703,43,24,19,43,24,19,0,0,0,22,15,7,39,21,18,41,23,18,0,0,0,2,1,1
54108704,42,22,20,42,22,20,0,0,0,27,16,11,41,21,20,42,22,20,0,0,0,0,0,0
54108705,148,73,75,148,73,75,0,0,0,83,53,30,138,68,70,148,73,75,0,0,0,0,0,0
56448601,213,105,108,213,105,108,0,0,0,79,39,40,203,102,101,212,105,107,0,0,0,1,0,1
56448602,158,74,84,158,74,84,0,0,0,48,29,19,152,71,81,158,74,84,0,0,0,0,0,0
56448603,695,359,336,692,358,334,3,1,2,305,166,139,667,342,325,657,337,320,0,0,0,38,22,16
54113302,47,30,17,47,30,17,0,0,0,24,20,4,47,30,17,47,30,17,0,0,0,0,0,0
54113303,81,39,42,81,39,42,0,0,0,27,20,7,78,39,39,79,37,42,0,0,0,2,2,0
54113304,143,66,77,141,64,77,2,2,0,73,32,41,131,62,69,137,62,75,0,0,0,6,4,2
54113305,130,58,72,129,57,72,1,1,0,64,32,32,121,55,66,118,52,66,0,0,0,12,6,6
54113306,104,51,53,104,51,53,0,0,0,57,31,26,99,49,50,104,51,53,0,0,0,0,0,0
3080130,0,0,0,0,0,0,0,0,0,0,0,0,0,0,0,0,0,0,0,0,0,0,0,0
3211682,0,0,0,0,0,0,0,0,0,0,0,0,0,0,0,0,0,0,0,0,0,0,0,0
3342940,0,0,0,0,0,0,0,0,0,0,0,0,0,0,0,0,0,0,0,0,0,0,0,0
53991103,111,51,60,107,48,59,4,3,1,73,32,41,106,49,57,95,43,52,3,2,1,13,6,7
53991104,24,12,12,24,12,12,0,0,0,14,5,9,24,12,12,24,12,12,0,0,0,0,0,0
53991105,43,24,19,43,24,19,0,0,0,30,16,14,43,24,19,42,23,19,0,0,0,1,1,0
53991106,100,51,49,99,50,49,1,1,0,64,29,35,97,51,46,100,51,49,0,0,0,0,0,0
53991107,46,27,19,44,25,19,2,2,0,21,12,9,40,24,16,46,27,19,0,0,0,0,0,0
53991108,180,98,82,179,97,82,0,0,0,101,55,46,170,93,77,180,98,82,0,0,0,0,0,0
53991109,53,24,29,53,24,29,0,0,0,27,8,19,50,22,28,41,18,23,0,0,0,12,6,6
53991110,62,31,31,62,31,31,0,0,0,43,21,22,62,31,31,62,31,31,0,0,0,0,0,0
53991111,22,9,13,22,9,13,0,0,0,14,6,8,22,9,13,10,4,6,0,0,0,12,5,7
53991112,203,107,96,202,107,95,0,0,0,112,66,46,194,104,90,184,99,85,15,5,10,4,3,1
53991113,311,155,156,310,155,155,1,0,1,183,95,88,294,147,147,310,155,155,0,0,0,1,0,1
53991114,531,254,277,530,253,277,1,1,0,338,158,180,523,250,273,531,254,277,0,0,0,0,0,0
53991115,32,16,16,32,16,16,0,0,0,21,12,9,31,15,16,32,16,16,0,0,0,0,0,0
53991117,1018,660,358,1010,656,354,5,2,3,485,311,174,973,630,343,398,200,198,38,14,24,582,446,136
53991118,315,161,154,308,157,151,7,4,3,172,91,81,299,155,144,259,132,127,56,29,27,0,0,0
53991119,1035,475,560,1021,467,554,13,8,5,492,239,253,975,438,537,1034,474,560,0,0,0,1,1,0
53991120,93,56,37,49,32,17,43,24,19,27,16,11,68,37,31,80,43,37,13,13,0,0,0,0
53991122,1302,618,684,1299,615,684,3,3,0,790,383,407,1268,606,662,1302,618,684,0,0,0,0,0,0
53991125,786,387,399,766,371,395,18,15,3,441,217,224,746,363,383,773,376,397,13,11,2,0,0,0
53991126,436,204,232,436,204,232,0,0,0,261,125,136,429,202,227,433,202,231,0,0,0,3,2,1
53991127,1272,593,679,1239,570,669,26,16,10,733,358,375,1217,566,651,1256,577,679,16,16,0,0,0,0
53991128,1778,804,974,1756,791,965,21,12,9,874,417,457,1715,771,944,1761,801,960,16,3,13,1,0,1
53991129,20,12,8,20,12,8,0,0,0,11,7,4,19,11,8,20,12,8,0,0,0,0,0,0
53991130,617,293,324,590,274,316,23,16,7,351,163,188,572,273,299,605,284,321,11,8,3,1,1,0
53991131,1013,464,549,1003,459,544,9,5,4,539,255,284,953,441,512,977,446,531,34,16,18,2,2,0
53991132,426,206,220,425,206,219,1,0,1,248,128,120,414,200,214,424,204,220,0,0,0,2,2,0
53991133,256,129,127,255,129,126,1,0,1,153,75,78,241,120,121,256,129,127,0,0,0,0,0,0
53991134,330,161,169,330,161,169,0,0,0,195,101,94,326,160,166,330,161,169,0,0,0,0,0,0
53991135,354,179,175,349,177,172,4,2,2,213,119,94,341,169,172,340,172,168,13,7,6,1,0,1
53991137,168,86,82,166,84,82,2,2,0,110,59,51,167,86,81,168,86,82,0,0,0,0,0,0
53991138,132,65,67,120,57,63,12,8,4,54,26,28,121,59,62,8,3,5,111,51,60,13,11,2
53991139,2253,1084,1169,2241,1078,1163,10,6,4,1157,607,550,2167,1047,1120,2253,1084,1169,0,0,0,0,0,0
53991141,387,184,203,387,184,203,0,0,0,225,117,108,379,182,197,387,184,203,0,0,0,0,0,0
53991142,88,47,41,86,45,41,2,2,0,49,24,25,86,45,41,88,47,41,0,0,0,0,0,0
53991143,1229,613,616,1220,607,613,8,6,2,700,381,319,1177,585,592,1161,595,566,63,15,48,5,3,2
53991145,261,138,123,251,129,122,9,8,1,119,65,54,236,126,110,148,77,71,112,60,52,1,1,0
53991146,3906,1814,2092,3811,1767,2044,88,43,45,2007,985,1022,3686,1715,1971,3702,1714,1988,203,99,104,1,1,0
53991147,3413,1577,1836,3358,1547,1811,50,27,23,1916,941,975,3213,1473,1740,3322,1528,1794,90,48,42,1,1,0
53991148,943,444,499,928,433,495,14,10,4,465,230,235,910,426,484,920,438,482,23,6,17,0,0,0
53991149,1612,755,857,1577,736,841,35,19,16,867,435,432,1533,711,822,1611,755,856,0,0,0,1,0,1
53991150,1709,820,889,1680,805,875,23,13,10,856,433,423,1648,788,860,1709,820,889,0,0,0,0,0,0
53991152,1792,804,988,1780,800,980,11,4,7,862,433,429,1721,767,954,1643,762,881,149,42,107,0,0,0
53991153,708,327,381,702,324,378,5,2,3,367,183,184,687,315,372,704,324,380,4,3,1,0,0,0
53991154,341,167,174,340,166,174,1,1,0,211,98,113,335,164,171,341,167,174,0,0,0,0,0,0
51354701,343,165,178,341,163,178,2,2,0,153,74,79,321,151,170,340,162,178,3,3,0,0,0,0
56438902,174,101,73,174,101,73,0,0,0,82,51,31,168,96,72,159,92,67,0,0,0,15,9,6
59848802,154,75,79,154,75,79,0,0,0,89,47,42,142,70,72,132,65,67,0,0,0,22,10,12
59848805,63,28,35,63,28,35,0,0,0,26,12,14,59,27,32,61,28,33,2,0,2,0,0,0
54120601,447,229,218,445,229,216,1,0,1,213,116,97,420,218,202,436,219,217,1,1,0,10,9,1
54120602,301,153,148,301,153,148,0,0,0,132,69,63,283,145,138,287,148,139,0,0,0,14,5,9
54120603,77,41,36,77,41,36,0,0,0,43,23,20,72,38,34,77,41,36,0,0,0,0,0,0
3344130,0,0,0,0,0,0,0,0,0,0,0,0,0,0,0,0,0,0,0,0,0,0,0,0
54123101,78,38,40,77,37,40,1,1,0,39,20,19,73,36,37,73,36,37,0,0,0,5,2,3
54123102,32,15,17,32,15,17,0,0,0,17,8,9,30,14,16,30,14,16,0,0,0,2,1,1
54123103,27,14,13,27,14,13,0,0,0,9,6,3,27,14,13,26,14,12,0,0,0,1,0,1
54123104,209,108,101,209,108,101,0,0,0,102,57,45,199,102,97,209,108,101,0,0,0,0,0,0
54123105,43,23,20,43,23,20,0,0,0,19,12,7,39,20,19,39,21,18,0,0,0,4,2,2
54123108,370,196,174,365,192,173,5,4,1,184,102,82,349,181,168,363,192,171,0,0,0,7,4,3
54123109,95,48,47,95,48,47,0,0,0,47,26,21,91,46,45,92,46,46,0,0,0,3,2,1
54123110,179,92,87,175,90,85,4,2,2,94,49,45,177,91,86,177,91,86,0,0,0,2,1,1
54123111,48,25,23,48,25,23,0,0,0,37,21,16,48,25,23,48,25,23,0,0,0,0,0,0
54123115,129,59,70,125,56,69,4,3,1,56,30,26,122,55,67,115,49,66,12,9,3,2,1,1
54123116,662,330,332,655,327,328,6,3,3,311,167,144,631,321,310,591,270,321,0,0,0,71,60,11
54123117,1308,629,679,1303,626,677,4,2,2,635,343,292,1240,604,636,1306,627,679,1,1,0,1,1,0
54123118,851,401,450,845,396,449,3,3,0,380,209,171,784,374,410,676,350,326,170,49,121,5,2,3
54123119,120,60,60,120,60,60,0,0,0,61,26,35,119,59,60,118,58,60,0,0,0,2,2,0
54123120,34,20,14,34,20,14,0,0,0,20,12,8,34,20,14,34,20,14,0,0,0,0,0,0
54125701,85,34,51,84,33,51,1,1,0,30,9,21,82,34,48,85,34,51,0,0,0,0,0,0
54125702,54,28,26,54,28,26,0,0,0,27,15,12,53,28,25,54,28,26,0,0,0,0,0,0
54125703,27,14,13,27,14,13,0,0,0,9,6,3,27,14,13,27,14,13,0,0,0,0,0,0
54125704,292,151,141,281,143,138,9,7,2,106,65,41,263,134,129,281,145,136,0,0,0,11,6,5
3302560,0,0,0,0,0,0,0,0,0,0,0,0,0,0,0,0,0,0,0,0,0,0,0,0
54127301,218,109,109,218,109,109,0,0,0,83,50,33,207,106,101,216,107,109,0,0,0,2,2,0
1465790,0,0,0,0,0,0,0,0,0,0,0,0,0,0,0,0,0,0,0,0,0,0,0,0
1466090,0,0,0,0,0,0,0,0,0,0,0,0,0,0,0,0,0,0,0,0,0,0,0,0
1466170,0,0,0,0,0,0,0,0,0,0,0,0,0,0,0,0,0,0,0,0,0,0,0,0
54128101,80,42,38,80,42,38,0,0,0,40,23,17,77,42,35,79,41,38,0,0,0,1,1,0
54128102,35,19,16,35,19,16,0,0,0,15,12,3,35,19,16,35,19,16,0,0,0,0,0,0
54128103,105,58,47,105,58,47,0,0,0,61,37,24,98,54,44,105,58,47,0,0,0,0,0,0
54128104,85,41,44,85,41,44,0,0,0,62,33,29,83,41,42,85,41,44,0,0,0,0,0,0
54128105,24,9,15,24,9,15,0,0,0,17,7,10,24,9,15,24,9,15,0,0,0,0,0,0
54128106,204,104,100,204,104,100,0,0,0,120,72,48,197,99,98,204,104,100,0,0,0,0,0,0
54128107,89,52,37,89,52,37,0,0,0,60,36,24,87,52,35,88,51,37,0,0,0,1,1,0
54128108,31,17,14,31,17,14,0,0,0,14,9,5,30,16,14,26,13,13,0,0,0,5,4,1
54128109,89,46,43,89,46,43,0,0,0,54,32,22,88,46,42,89,46,43,0,0,0,0,0,0
54128111,1521,643,878,1512,638,874,9,5,4,597,293,304,1414,600,814,1256,567,689,265,76,189,0,0,0
54128113,132,62,70,123,56,67,8,6,2,55,28,27,127,58,69,129,59,70,3,3,0,0,0,0
54128114,30,14,16,30,14,16,0,0,0,18,10,8,28,13,15,30,14,16,0,0,0,0,0,0
54128115,246,123,123,245,123,122,1,0,1,137,66,71,232,115,117,246,123,123,0,0,0,0,0,0
54128116,839,414,425,837,414,423,1,0,1,416,212,204,787,390,397,718,326,392,26,14,12,95,74,21
54128117,537,258,279,536,257,279,1,1,0,285,145,140,518,250,268,537,258,279,0,0,0,0,0,0
54128118,26,12,14,26,12,14,0,0,0,17,5,12,25,11,14,25,11,14,1,1,0,0,0,0
54128119,1089,521,568,1080,518,562,8,3,5,561,296,265,1054,508,546,1083,520,563,6,1,5,0,0,0
54128120,184,97,87,183,97,86,1,0,1,98,54,44,172,93,79,184,97,87,0,0,0,0,0,0
54128121,271,132,139,271,132,139,0,0,0,133,73,60,264,130,134,270,131,139,0,0,0,1,1,0
54128122,1256,580,676,1254,578,676,1,1,0,645,323,322,1198,550,648,1252,577,675,3,2,1,1,1,0
53057301,57,35,22,57,35,22,0,0,0,32,21,11,55,34,21,57,35,22,0,0,0,0,0,0
53057302,84,41,43,84,41,43,0,0,0,62,33,29,83,41,42,83,40,43,0,0,0,1,1,0
53057303,74,39,35,74,39,35,0,0,0,49,26,23,71,37,34,74,39,35,0,0,0,0,0,0
53057304,50,25,25,50,25,25,0,0,0,31,17,14,47,24,23,50,25,25,0,0,0,0,0,0
53057305,62,31,31,62,31,31,0,0,0,38,20,18,60,30,30,61,30,31,1,1,0,0,0,0
53057306,50,26,24,49,25,24,1,1,0,35,19,16,48,25,23,50,26,24,0,0,0,0,0,0
53057307,26,11,15,26,11,15,0,0,0,12,4,8,25,10,15,26,11,15,0,0,0,0,0,0
53057308,50,27,23,50,27,23,0,0,0,22,15,7,49,26,23,50,27,23,0,0,0,0,0,0
53057309,124,72,52,124,72,52,0,0,0,73,50,23,115,65,50,123,72,51,0,0,0,1,0,1
53057310,27,14,13,27,14,13,0,0,0,12,6,6,27,14,13,25,13,12,0,0,0,2,1,1
53057311,44,23,21,44,23,21,0,0,0,25,13,12,42,22,20,42,22,20,0,0,0,2,1,1
53057312,125,65,60,125,65,60,0,0,0,76,44,32,123,64,59,121,62,59,0,0,0,4,3,1
53057313,32,15,17,32,15,17,0,0,0,17,9,8,32,15,17,29,13,16,2,1,1,1,1,0
53057314,69,36,33,68,36,32,1,0,1,34,19,15,65,33,32,69,36,33,0,0,0,0,0,0
53057315,31,18,13,29,17,12,1,0,1,20,13,7,30,17,13,31,18,13,0,0,0,0,0,0
53057316,33,18,15,33,18,15,0,0,0,15,10,5,31,17,14,33,18,15,0,0,0,0,0,0
53057317,21,9,12,21,9,12,0,0,0,13,6,7,21,9,12,21,9,12,0,0,0,0,0,0
53057319,157,75,82,157,75,82,0,0,0,81,42,39,147,69,78,122,56,66,32,17,15,3,2,1
53057320,41,23,18,39,22,17,0,0,0,22,14,8,35,19,16,37,21,16,0,0,0,4,2,2
53057321,34,17,17,33,16,17,1,1,0,19,10,9,29,13,16,34,17,17,0,0,0,0,0,0
53057322,35,15,20,35,15,20,0,0,0,18,8,10,35,15,20,33,14,19,0,0,0,2,1,1
53057323,608,285,323,607,284,323,1,1,0,323,166,157,553,265,288,514,253,261,94,32,62,0,0,0
53057324,1008,520,488,1005,519,486,3,1,2,557,302,255,954,487,467,957,482,475,35,28,7,16,10,6
53057326,41,20,21,41,20,21,0,0,0,23,13,10,39,19,20,41,20,21,0,0,0,0,0,0
53057327,34,20,14,34,20,14,0,0,0,19,13,6,32,18,14,34,20,14,0,0,0,0,0,0
53057332,42,20,22,42,20,22,0,0,0,23,14,9,42,20,22,42,20,22,0,0,0,0,0,0
53057333,33,17,16,33,17,16,0,0,0,21,10,11,31,17,14,32,17,15,0,0,0,1,0,1
56463001,113,52,61,113,52,61,0,0,0,47,22,25,112,52,60,113,52,61,0,0,0,0,0,0
56463002,50,23,27,50,23,27,0,0,0,16,6,10,45,20,25,50,23,27,0,0,0,0,0,0
56463003,100,53,47,100,53,47,0,0,0,51,35,16,96,52,44,98,51,47,0,0,0,2,2,0
54131101,109,54,55,108,53,55,1,1,0,45,26,19,106,53,53,105,52,53,0,0,0,4,2,2
54131102,31,13,18,31,13,18,0,0,0,11,3,8,29,12,17,31,13,18,0,0,0,0,0,0
54131103,74,39,35,74,39,35,0,0,0,34,21,13,69,37,32,68,35,33,0,0,0,6,4,2
54131104,41,20,21,41,20,21,0,0,0,16,9,7,36,17,19,38,18,20,0,0,0,3,2,1
1523820,0,0,0,0,0,0,0,0,0,0,0,0,0,0,0,0,0,0,0,0,0,0,0,0
54132001,349,171,178,343,168,175,5,2,3,98,44,54,318,155,163,274,131,143,48,24,24,27,16,11
54132002,34,14,20,34,14,20,0,0,0,15,6,9,31,13,18,33,13,20,0,0,0,1,1,0
54133801,1587,787,800,1567,780,787,18,7,11,627,306,321,1463,729,734,1551,766,785,0,0,0,36,21,15
56458301,130,62,68,129,61,68,1,1,0,68,34,34,125,60,65,123,59,64,0,0,0,7,3,4
54137101,94,51,43,94,51,43,0,0,0,50,30,20,86,46,40,94,51,43,0,0,0,0,0,0
54137102,304,144,160,303,143,160,1,1,0,129,66,63,291,138,153,304,144,160,0,0,0,0,0,0
54138901,144,68,76,144,68,76,0,0,0,63,32,31,133,64,69,144,68,76,0,0,0,0,0,0
54138902,22,12,10,22,12,10,0,0,0,2,1,1,18,10,8,8,5,3,1,1,0,13,6,7
54138903,362,182,180,357,180,177,2,0,2,143,75,68,343,173,170,355,178,177,0,0,0,7,4,3
1601482,0,0,0,0,0,0,0,0,0,0,0,0,0,0,0,0,0,0,0,0,0,0,0,0
54139701,46,24,22,45,23,22,1,1,0,28,15,13,45,23,22,46,24,22,0,0,0,0,0,0
54139703,112,61,51,112,61,51,0,0,0,57,35,22,107,57,50,102,53,49,1,1,0,9,7,2
54139704,64,38,26,64,38,26,0,0,0,26,19,7,61,36,25,55,32,23,0,0,0,9,6,3
54139706,218,107,111,213,104,109,5,3,2,74,35,39,191,90,101,211,103,108,0,0,0,7,4,3
54139707,30,16,14,30,16,14,0,0,0,17,8,9,29,15,14,0,0,0,0,0,0,30,16,14
54139708,50,23,27,50,23,27,0,0,0,26,16,10,50,23,27,50,23,27,0,0,0,0,0,0
54139709,78,40,38,72,37,35,4,3,1,40,22,18,71,36,35,73,36,37,0,0,0,5,4,1
54139710,84,60,24,84,60,24,0,0,0,18,11,7,81,58,23,37,19,18,47,41,6,0,0,0
56427302,101,53,48,101,53,48,0,0,0,48,26,22,97,51,46,97,50,47,0,0,0,4,3,1
54141901,21,9,12,20,8,12,1,1,0,12,4,8,21,9,12,21,9,12,0,0,0,0,0,0
54141902,63,30,33,63,30,33,0,0,0,26,13,13,63,30,33,60,28,32,2,1,1,1,1,0
54141903,154,86,68,153,85,68,1,1,0,60,36,24,149,82,67,143,79,64,0,0,0,11,7,4
54141904,93,45,48,93,45,48,0,0,0,41,20,21,92,44,48,93,45,48,0,0,0,0,0,0
54141905,23,11,12,23,11,12,0,0,0,11,7,4,20,11,9,22,11,11,0,0,0,1,0,1
52966401,51,24,27,51,24,27,0,0,0,17,7,10,47,23,24,49,22,27,0,0,0,2,2,0
54142701,79,43,36,77,42,35,1,1,0,36,20,16,73,40,33,79,43,36,0,0,0,0,0,0
54142702,50,25,25,49,24,25,1,1,0,21,10,11,45,22,23,49,25,24,0,0,0,1,0,1
54142703,486,254,232,481,249,232,5,5,0,175,91,84,456,239,217,457,230,227,5,5,0,24,19,5
59842901,438,230,208,427,221,206,11,9,2,171,92,79,404,212,192,428,224,204,0,0,0,10,6,4
54145101,267,136,131,266,136,130,1,0,1,109,58,51,254,129,125,262,133,129,0,0,0,5,3,2
59833001,88,42,46,88,42,46,0,0,0,33,17,16,83,39,44,88,42,46,0,0,0,0,0,0
59833002,22,9,13,22,9,13,0,0,0,7,4,3,19,7,12,22,9,13,0,0,0,0,0,0
51353901,197,95,102,193,93,100,2,1,1,71,37,34,187,90,97,174,84,90,0,0,0,23,11,12
3301910,0,0,0,0,0,0,0,0,0,0,0,0,0,0,0,0,0,0,0,0,0,0,0,0
54150801,166,83,83,166,83,83,0,0,0,78,48,30,151,79,72,166,83,83,0,0,0,0,0,0
54150802,510,269,241,505,265,240,5,4,1,230,132,98,482,255,227,493,256,237,0,0,0,17,13,4
54151601,580,279,301,579,278,301,0,0,0,288,139,149,552,267,285,570,272,298,0,0,0,10,7,3
54151602,82,45,37,81,45,36,1,0,1,30,18,12,69,38,31,81,45,36,0,0,0,1,0,1
54152401,205,98,107,205,98,107,0,0,0,108,57,51,193,96,97,200,95,105,0,0,0,5,3,2
54152402,36,21,15,36,21,15,0,0,0,17,11,6,36,21,15,32,18,14,0,0,0,4,3,1
54152403,112,64,48,112,64,48,0,0,0,48,33,15,109,62,47,112,64,48,0,0,0,0,0,0
54154101,656,333,323,622,302,320,34,31,3,204,102,102,584,287,297,506,245,261,34,32,2,116,56,60
54154102,102,53,49,97,51,46,1,0,1,23,12,11,92,49,43,59,31,28,6,3,3,37,19,18
56436201,21,10,11,21,10,11,0,0,0,10,8,2,21,10,11,21,10,11,0,0,0,0,0,0
56436202,76,40,36,76,40,36,0,0,0,27,16,11,68,35,33,72,37,35,0,0,0,4,3,1
56436203,50,21,29,50,21,29,0,0,0,27,14,13,50,21,29,50,21,29,0,0,0,0,0,0
3302130,0,0,0,0,0,0,0,0,0,0,0,0,0,0,0,0,0,0,0,0,0,0,0,0
54156701,297,145,152,297,145,152,0,0,0,124,59,65,279,137,142,289,138,151,0,0,0,8,7,1
59843701,133,70,63,132,70,62,1,0,1,58,34,24,124,66,58,124,63,61,0,0,0,9,7,2
54158301,346,166,180,346,166,180,0,0,0,154,74,80,334,161,173,340,164,176,0,0,0,6,2,4
54159101,124,65,59,124,65,59,0,0,0,78,44,34,120,62,58,121,64,57,0,0,0,3,1,2
54159102,20,11,9,20,11,9,0,0,0,9,5,4,19,10,9,19,10,9,0,0,0,1,1,0
54159103,100,56,44,100,56,44,0,0,0,44,29,15,95,54,41,98,55,43,0,0,0,2,1,1
54159104,36,18,18,36,18,18,0,0,0,13,8,5,34,17,17,36,18,18,0,0,0,0,0,0
54159105,371,191,180,368,188,180,2,2,0,136,85,51,346,174,172,362,186,176,0,0,0,9,5,4
54159107,144,72,72,144,72,72,0,0,0,62,31,31,129,65,64,136,67,69,0,0,0,8,5,3
54161301,273,143,130,273,143,130,0,0,0,137,75,62,257,134,123,265,137,128,1,1,0,7,5,2
54161302,28,14,14,26,14,12,2,0,2,11,8,3,22,12,10,28,14,14,0,0,0,0,0,0
56432001,126,61,65,125,60,65,1,1,0,56,22,34,124,61,63,125,60,65,0,0,0,1,1,0
51351202,289,149,140,287,147,140,1,1,0,139,76,63,274,139,135,271,137,134,0,0,0,18,12,6
51351203,34,17,17,34,17,17,0,0,0,9,6,3,33,16,17,8,4,4,0,0,0,26,13,13
56433801,79,38,41,79,38,41,0,0,0,37,16,21,69,32,37,61,28,33,1,1,0,17,9,8
56542301,75,36,39,75,36,39,0,0,0,30,16,14,69,34,35,72,34,38,0,0,0,3,2,1
54167203,207,96,111,206,96,110,1,0,1,99,51,48,190,89,101,190,89,101,0,0,0,17,7,10
56504101,121,70,51,121,70,51,0,0,0,55,35,20,121,70,51,119,68,51,0,0,0,2,2,0
54169901,697,354,343,691,350,341,3,3,0,326,181,145,670,340,330,684,343,341,0,0,0,13,11,2
54169902,20,12,8,20,12,8,0,0,0,7,5,2,19,11,8,5,3,2,0,0,0,15,9,6
54169904,28,16,12,28,16,12,0,0,0,7,4,3,27,15,12,23,13,10,0,0,0,5,3,2
54169906,26,15,11,26,15,11,0,0,0,7,2,5,26,15,11,26,15,11,0,0,0,0,0,0
54169907,27,17,10,27,17,10,0,0,0,5,4,1,26,17,9,18,11,7,0,0,0,9,6,3
54169909,20,11,9,20,11,9,0,0,0,9,5,4,17,9,8,20,11,9,0,0,0,0,0,0
54169910,63,34,29,61,33,28,2,1,1,25,14,11,57,31,26,58,31,27,0,0,0,5,3,2
56518101,93,49,44,93,49,44,0,0,0,33,19,14,82,43,39,83,43,40,0,0,0,10,6,4
56518102,42,22,20,41,22,19,1,0,1,20,13,7,39,19,20,40,20,20,0,0,0,2,2,0
56518103,77,41,36,76,40,36,0,0,0,25,14,11,70,38,32,72,38,34,3,2,1,2,1,1
52971101,38,22,16,38,22,16,0,0,0,16,8,8,37,22,15,37,21,16,0,0,0,1,1,0
52971103,24,11,13,22,10,12,2,1,1,7,2,5,21,11,10,18,8,10,0,0,0,6,3,3
54172901,399,188,211,388,183,205,10,5,5,141,66,75,378,178,200,390,181,209,0,0,0,9,7,2
54173701,84,41,43,84,41,43,0,0,0,31,19,12,82,40,42,80,40,40,0,0,0,4,1,3
54173703,276,147,129,276,147,129,0,0,0,96,48,48,253,137,116,252,131,121,0,0,0,24,16,8
54173704,38,22,16,37,21,16,1,1,0,10,6,4,34,19,15,36,21,15,0,0,0,2,1,1
54173705,50,32,18,48,31,17,2,1,1,20,16,4,49,31,18,44,28,16,0,0,0,6,4,2
56520201,69,37,32,69,37,32,0,0,0,24,14,10,69,37,32,67,36,31,0,0,0,2,1,1
54176101,117,62,55,117,62,55,0,0,0,39,21,18,110,58,52,94,49,45,2,1,1,21,12,9
54176103,26,14,12,26,14,12,0,0,0,20,11,9,25,13,12,26,14,12,0,0,0,0,0,0
54176104,48,24,24,48,24,24,0,0,0,20,9,11,47,23,24,37,19,18,0,0,0,11,5,6
54176106,29,14,15,29,14,15,0,0,0,13,4,9,29,14,15,29,14,15,0,0,0,0,0,0
54176107,28,15,13,28,15,13,0,0,0,13,11,2,25,13,12,28,15,13,0,0,0,0,0,0
54177001,571,280,291,568,280,288,3,0,3,252,126,126,543,268,275,560,273,287,6,3,3,5,4,1
56533401,98,46,52,98,46,52,0,0,0,37,15,22,93,43,50,95,44,51,0,0,0,3,2,1
56533402,46,22,24,46,22,24,0,0,0,26,14,12,40,19,21,46,22,24,0,0,0,0,0,0
54181801,578,293,285,573,291,282,3,1,2,252,142,110,552,281,271,560,281,279,1,0,1,17,12,5
54181802,55,28,27,54,28,26,1,0,1,24,16,8,50,26,24,55,28,27,0,0,0,0,0,0
56527001,140,74,66,140,74,66,0,0,0,47,27,20,138,73,65,131,68,63,2,2,0,7,4,3
54183402,39,23,16,39,23,16,0,0,0,20,12,8,35,21,14,38,22,16,1,1,0,0,0,0
54183403,1473,711,762,1468,708,760,5,3,2,594,311,283,1403,670,733,1383,682,701,61,6,55,29,23,6
54183404,24,13,11,23,12,11,1,1,0,6,2,4,23,12,11,9,5,4,1,1,0,14,7,7
54183405,51,30,21,51,30,21,0,0,0,20,15,5,45,27,18,43,25,18,0,0,0,8,5,3
54183407,30,18,12,30,18,12,0,0,0,11,8,3,30,18,12,30,18,12,0,0,0,0,0,0
56544001,91,47,44,91,47,44,0,0,0,44,25,19,86,45,41,87,46,41,0,0,0,4,1,3
56544002,24,16,8,24,16,8,0,0,0,4,3,1,24,16,8,0,0,0,0,0,0,24,16,8
56528801,129,68,61,126,65,61,3,3,0,78,42,36,124,64,60,122,63,59,0,0,0,7,5,2
54187701,962,482,480,958,480,478,2,1,1,388,210,178,915,461,454,942,466,476,4,3,1,16,13,3
56519901,135,73,62,135,73,62,0,0,0,38,26,12,130,71,59,131,70,61,0,0,0,4,3,1
54189301,28,11,17,28,11,17,0,0,0,8,4,4,28,11,17,25,10,15,0,0,0,3,1,2
54189302,761,356,405,761,356,405,0,0,0,265,140,125,683,324,359,659,321,338,86,25,61,16,10,6
54189303,50,30,20,50,30,20,0,0,0,12,6,6,50,30,20,47,28,19,0,0,0,3,2,1
54190701,512,267,245,508,265,243,3,1,2,233,123,110,467,243,224,492,254,238,15,10,5,5,3,2
56538501,96,51,45,89,47,42,7,4,3,47,27,20,94,51,43,96,51,45,0,0,0,0,0,0
56535101,136,73,63,136,73,63,0,0,0,53,33,20,129,70,59,130,70,60,0,0,0,6,3,3
56536901,48,23,25,48,23,25,0,0,0,16,9,7,47,22,25,45,22,23,0,0,0,3,1,2
56536902,24,14,10,24,14,10,0,0,0,14,9,5,23,13,10,23,13,10,0,0,0,1,1,0
54194001,280,147,133,278,146,132,1,0,1,138,73,65,266,138,128,278,145,133,0,0,0,2,2,0
59850001,110,57,53,109,56,53,1,1,0,45,28,17,109,57,52,92,45,47,0,0,0,18,12,6
54196601,437,220,217,437,220,217,0,0,0,174,95,79,412,206,206,429,212,217,0,0,0,8,8,0
54197401,586,307,279,584,306,278,1,1,0,240,132,108,563,297,266,576,300,276,0,0,0,10,7,3
54198201,35,14,21,34,13,21,1,1,0,11,6,5,28,10,18,25,10,15,0,0,0,10,4,6
54198202,165,90,75,165,90,75,0,0,0,50,35,15,151,80,71,150,81,69,0,0,0,15,9,6
54198203,53,26,27,53,26,27,0,0,0,16,8,8,50,24,26,5,3,2,0,0,0,48,23,25
54198204,405,193,212,400,190,210,4,2,2,156,79,77,372,172,200,399,190,209,1,1,0,5,2,3
54198205,25,12,13,25,12,13,0,0,0,11,6,5,24,12,12,25,12,13,0,0,0,0,0,0
54200801,90,49,41,90,49,41,0,0,0,30,18,12,86,47,39,90,49,41,0,0,0,0,0,0
54200802,28,16,12,28,16,12,0,0,0,9,5,4,25,14,11,22,12,10,0,0,0,6,4,2
54201601,649,320,329,647,319,328,2,1,1,281,146,135,617,303,314,632,307,325,0,0,0,17,13,4
54203201,974,507,467,965,505,460,8,2,6,351,188,163,900,468,432,964,497,467,2,2,0,8,8,0
54203202,53,23,30,53,23,30,0,0,0,17,9,8,50,21,29,53,23,30,0,0,0,0,0,0
54204102,1275,644,631,1270,642,628,4,2,2,611,343,268,1199,606,593,1251,632,619,5,0,5,19,12,7
54204104,653,299,354,646,296,350,7,3,4,249,109,140,612,279,333,635,289,346,6,3,3,12,7,5
56537701,90,50,40,90,50,40,0,0,0,36,20,16,87,48,39,83,45,38,0,0,0,7,5,2
54206702,425,220,205,421,219,202,1,0,1,184,106,78,394,206,188,392,203,189,0,0,0,33,17,16
54207501,220,106,114,215,104,111,3,1,2,67,36,31,209,102,107,213,99,114,0,0,0,7,7,0
54207502,66,31,35,66,31,35,0,0,0,22,11,11,65,31,34,66,31,35,0,0,0,0,0,0
56546601,135,74,61,135,74,61,0,0,0,58,37,21,126,68,58,132,72,60,0,0,0,3,2,1
56546602,59,33,26,58,32,26,1,1,0,22,12,10,57,32,25,57,32,25,0,0,0,2,1,1
54210501,853,419,434,849,418,431,4,1,3,389,200,189,816,405,411,827,401,426,4,3,1,22,15,7
54210502,21,13,8,21,13,8,0,0,0,8,7,1,18,11,7,21,13,8,0,0,0,0,0,0
54211301,132,63,69,132,63,69,0,0,0,65,32,33,128,61,67,132,63,69,0,0,0,0,0,0
54211302,426,199,227,416,195,221,10,4,6,159,77,82,399,185,214,406,186,220,0,0,0,20,13,7
54211303,68,36,32,68,36,32,0,0,0,21,13,8,67,35,32,3,1,2,0,0,0,65,35,30
54212101,65,29,36,65,29,36,0,0,0,21,8,13,62,27,35,57,27,30,6,1,5,2,1,1
54212102,701,345,356,693,341,352,8,4,4,267,141,126,634,319,315,683,331,352,15,11,4,3,3,0
54213001,445,235,210,443,234,209,1,0,1,205,121,84,431,227,204,439,231,208,0,0,0,6,4,2
59858502,97,47,50,97,47,50,0,0,0,31,19,12,93,46,47,78,36,42,0,0,0,19,11,8
54216401,5243,2519,2724,5210,2506,2704,26,10,16,2272,1160,1112,4925,2374,2551,4945,2388,2557,205,65,140,93,66,27
54216402,245,125,120,245,125,120,0,0,0,97,56,41,238,120,118,205,105,100,0,0,0,40,20,20
54216403,218,116,102,203,109,94,15,7,8,106,56,50,209,108,101,192,102,90,25,14,11,1,0,1
54218101,156,76,80,152,75,77,4,1,3,53,26,27,149,72,77,155,75,80,0,0,0,1,1,0
54219901,559,298,261,559,298,261,0,0,0,224,126,98,540,287,253,550,289,261,0,0,0,9,9,0
54220201,32,17,15,32,17,15,0,0,0,4,4,0,25,13,12,26,14,12,0,0,0,6,3,3
54220202,300,160,140,300,160,140,0,0,0,123,72,51,276,145,131,292,157,135,0,0,0,8,3,5
54220203,469,458,11,448,437,11,0,0,0,9,8,1,350,339,11,23,12,11,446,446,0,0,0,0
54221101,273,142,131,273,142,131,0,0,0,128,79,49,254,134,120,264,136,128,1,1,0,8,5,3
1183202,0,0,0,0,0,0,0,0,0,0,0,0,0,0,0,0,0,0,0,0,0,0,0,0
54424801,64,32,32,64,32,32,0,0,0,33,19,14,61,32,29,62,31,31,0,0,0,2,1,1
54424802,73,34,39,73,34,39,0,0,0,34,13,21,66,30,36,67,31,36,6,3,3,0,0,0
54424803,57,28,29,56,27,29,1,1,0,25,15,10,55,27,28,55,27,28,0,0,0,2,1,1
54424804,691,345,346,686,343,343,5,2,3,339,178,161,649,330,319,679,337,342,0,0,0,12,8,4
54424805,131,70,61,131,70,61,0,0,0,79,48,31,126,68,58,125,66,59,0,0,0,6,4,2
54424806,50,26,24,50,26,24,0,0,0,22,14,8,48,24,24,49,25,24,0,0,0,1,1,0
54222901,275,142,133,275,142,133,0,0,0,100,49,51,260,137,123,267,138,129,0,0,0,8,4,4
54223701,254,130,124,246,123,123,6,5,1,120,66,54,248,126,122,250,127,123,0,0,0,4,3,1
59857702,79,37,42,75,34,41,4,3,1,32,16,16,79,37,42,77,36,41,0,0,0,2,1,1
54225301,206,108,98,205,108,97,1,0,1,86,52,34,202,106,96,200,104,96,0,0,0,6,4,2
56526101,216,105,111,216,105,111,0,0,0,91,53,38,198,96,102,208,101,107,0,0,0,8,4,4
54227001,266,129,137,266,129,137,0,0,0,93,47,46,256,126,130,259,123,136,0,0,0,7,6,1
1369480,0,0,0,0,0,0,0,0,0,0,0,0,0,0,0,0,0,0,0,0,0,0,0,0
54228802,123,65,58,122,64,58,1,1,0,68,36,32,117,62,55,121,63,58,1,1,0,1,1,0
59976001,162,87,75,160,86,74,2,1,1,72,39,33,150,79,71,112,60,52,0,0,0,50,27,23
54165601,871,489,382,843,472,371,22,12,10,437,235,202,802,456,346,618,312,306,14,6,8,239,171,68
54165602,470,215,255,456,211,245,10,3,7,218,105,113,439,201,238,470,215,255,0,0,0,0,0,0
54165603,41,24,17,41,24,17,0,0,0,23,13,10,37,21,16,37,20,17,4,4,0,0,0,0
54165604,943,442,501,907,425,482,34,16,18,476,241,235,853,393,460,934,437,497,9,5,4,0,0,0
54165605,78,39,39,78,39,39,0,0,0,45,23,22,76,37,39,78,39,39,0,0,0,0,0,0
54165606,768,323,445,759,318,441,9,5,4,358,161,197,742,312,430,689,306,383,79,17,62,0,0,0
54165607,1302,581,721,1273,561,712,26,17,9,610,270,340,1237,548,689,1302,581,721,0,0,0,0,0,0
54165609,3160,1499,1661,3130,1486,1644,26,11,15,1630,831,799,3028,1438,1590,3147,1490,1657,11,8,3,2,1,1
54165610,1397,635,762,1351,610,741,42,22,20,644,301,343,1285,578,707,1349,609,740,44,25,19,4,1,3
54165611,36,19,17,33,16,17,2,2,0,17,10,7,34,18,16,33,17,16,0,0,0,3,2,1
54165612,1807,880,927,1780,865,915,23,13,10,1010,518,492,1730,833,897,1806,879,927,0,0,0,1,1,0
54165614,2566,1231,1335,2556,1225,1331,10,6,4,1387,719,668,2455,1181,1274,2552,1228,1324,14,3,11,0,0,0
54165615,64,32,32,64,32,32,0,0,0,28,18,10,59,29,30,64,32,32,0,0,0,0,0,0
54165616,68,38,30,67,37,30,1,1,0,36,22,14,63,37,26,62,34,28,6,4,2,0,0,0
54165617,236,109,127,235,109,126,1,0,1,114,54,60,224,103,121,235,108,127,0,0,0,1,1,0
54165618,1223,561,662,1193,544,649,26,15,11,593,289,304,1162,528,634,1223,561,662,0,0,0,0,0,0
54165619,49,19,30,48,19,29,1,0,1,26,10,16,44,18,26,28,10,18,5,3,2,16,6,10
54165620,241,128,113,225,113,112,16,15,1,115,60,55,214,115,99,230,118,112,10,9,1,1,1,0
54165621,53,24,29,52,24,28,1,0,1,20,10,10,51,24,27,50,22,28,0,0,0,3,2,1
59852601,67,51,16,67,51,16,0,0,0,11,10,1,64,49,15,7,5,2,60,46,14,0,0,0
59852602,896,457,439,889,454,435,5,2,3,343,191,152,840,426,414,767,384,383,2,1,1,127,72,55
59852604,50,26,24,50,26,24,0,0,0,19,11,8,48,26,22,49,25,24,0,0,0,1,1,0
54232601,35,16,19,34,15,19,1,1,0,2,0,2,33,14,19,35,16,19,0,0,0,0,0,0
54232603,735,363,372,729,357,372,3,3,0,281,147,134,680,335,345,712,352,360,0,0,0,23,11,12
54233401,1012,531,481,1007,529,478,2,0,2,398,209,189,949,494,455,991,517,474,0,0,0,21,14,7
56550401,114,61,53,114,61,53,0,0,0,30,14,16,104,56,48,108,58,50,0,0,0,6,3,3
54235102,1278,652,626,1270,648,622,8,4,4,661,360,301,1218,620,598,1252,637,615,11,3,8,15,12,3
54235103,125,68,57,123,67,56,2,1,1,39,20,19,117,62,55,110,60,50,0,0,0,15,8,7
54236901,239,134,105,238,133,105,1,1,0,100,54,46,233,131,102,223,124,99,0,0,0,16,10,6
54237702,123,56,67,123,56,67,0,0,0,47,17,30,115,51,64,115,53,62,0,0,0,8,3,5
54237703,142,75,67,142,75,67,0,0,0,62,32,30,137,73,64,138,72,66,0,0,0,4,3,1
54237704,957,476,481,955,474,481,2,2,0,369,195,174,920,456,464,947,470,477,0,0,0,10,6,4
54238502,153,79,74,150,77,73,2,1,1,55,29,26,135,71,64,131,68,63,0,0,0,22,11,11
54241501,33,15,18,33,15,18,0,0,0,17,9,8,32,15,17,32,15,17,0,0,0,1,0,1
54241502,96,48,48,96,48,48,0,0,0,40,22,18,84,39,45,96,48,48,0,0,0,0,0,0
54241504,106,50,56,105,50,55,0,0,0,45,21,24,98,46,52,101,48,53,0,0,0,5,2,3
54241505,49,29,20,49,29,20,0,0,0,21,14,7,48,28,20,44,26,18,0,0,0,5,3,2
54241507,338,178,160,337,177,160,1,1,0,139,78,61,314,162,152,321,168,153,1,1,0,16,9,7
54241508,53,28,25,52,27,25,1,1,0,18,15,3,47,25,22,51,27,24,0,0,0,2,1,1
56540701,81,39,42,79,39,40,2,0,2,40,22,18,71,34,37,80,38,42,0,0,0,1,1,0
54243101,314,164,150,312,162,150,1,1,0,145,79,66,297,154,143,306,158,148,0,0,0,8,6,2
54245801,298,152,146,298,152,146,0,0,0,122,65,57,261,132,129,291,146,145,0,0,0,7,6,1
54245802,62,30,32,62,30,32,0,0,0,19,9,10,58,27,31,61,29,32,0,0,0,1,1,0
54246601,104,52,52,104,52,52,0,0,0,16,6,10,93,49,44,9,5,4,1,0,1,94,47,47
54246602,471,239,232,468,238,230,3,1,2,195,107,88,427,214,213,458,231,227,0,0,0,13,8,5
54247401,522,268,254,520,266,254,1,1,0,235,133,102,504,257,247,514,262,252,0,0,0,8,6,2
59849601,40,20,20,40,20,20,0,0,0,24,14,10,39,20,19,35,20,15,0,0,0,5,0,5
59849602,30,15,15,30,15,15,0,0,0,9,7,2,30,15,15,28,13,15,0,0,0,2,2,0
59849603,86,43,43,86,43,43,0,0,0,42,26,16,81,41,40,83,42,41,0,0,0,3,1,2
56532601,43,25,18,40,24,16,3,1,2,14,10,4,43,25,18,39,22,17,0,0,0,4,3,1
54250401,164,78,86,158,75,83,5,2,3,62,26,36,152,74,78,153,74,79,0,0,0,11,4,7
54251201,87,46,41,86,45,41,1,1,0,32,16,16,86,46,40,0,0,0,0,0,0,87,46,41
54251202,412,196,216,410,195,215,1,1,0,179,100,79,402,191,211,404,191,213,1,1,0,7,4,3
56551201,70,39,31,68,37,31,2,2,0,25,18,7,67,38,29,68,37,31,0,0,0,2,2,0
54256303,272,135,137,271,135,136,1,0,1,115,65,50,249,126,123,249,123,126,0,0,0,23,12,11
54256304,26,13,13,26,13,13,0,0,0,6,2,4,24,12,12,0,0,0,0,0,0,26,13,13
1783490,0,0,0,0,0,0,0,0,0,0,0,0,0,0,0,0,0,0,0,0,0,0,0,0
52969901,55,25,30,55,25,30,0,0,0,13,9,4,54,25,29,47,20,27,0,0,0,8,5,3
56513001,99,49,50,98,48,50,1,1,0,46,22,24,94,47,47,95,46,49,0,0,0,4,3,1
54259801,316,164,152,314,163,151,1,0,1,166,95,71,306,157,149,298,152,146,0,0,0,18,12,6
54260101,356,193,163,356,193,163,0,0,0,135,71,64,340,183,157,315,160,155,36,32,4,5,1,4
54261001,234,117,117,232,116,116,2,1,1,88,52,36,213,110,103,212,107,105,0,0,0,22,10,12
54261003,38,22,16,38,22,16,0,0,0,16,8,8,35,21,14,37,21,16,0,0,0,1,1,0
54261004,311,152,159,303,148,155,8,4,4,94,46,48,295,146,149,215,102,113,0,0,0,96,50,46
59851801,32,17,15,32,17,15,0,0,0,7,4,3,26,14,12,24,13,11,0,0,0,8,4,4
59851802,102,49,53,102,49,53,0,0,0,36,19,17,91,45,46,101,48,53,0,0,0,1,1,0
53582601,610,303,307,609,302,307,1,1,0,238,125,113,591,295,296,604,298,306,0,0,0,6,5,1
53582602,387,188,199,385,187,198,1,1,0,101,46,55,359,174,185,380,184,196,0,0,0,7,4,3
53615601,111,57,54,111,57,54,0,0,0,65,36,29,103,53,50,98,52,46,0,0,0,13,5,8
54427201,1521,734,787,1498,723,775,21,10,11,481,252,229,1451,698,753,1491,722,769,23,6,17,7,6,1
1684322,0,0,0,0,0,0,0,0,0,0,0,0,0,0,0,0,0,0,0,0,0,0,0,0
54428101,2828,1366,1462,2818,1360,1458,10,6,4,1346,681,665,2701,1302,1399,2776,1332,1444,2,2,0,50,32,18
54428102,418,211,207,417,210,207,1,1,0,204,119,85,399,203,196,406,206,200,0,0,0,12,5,7
54428103,41,24,17,40,23,17,0,0,0,14,10,4,41,24,17,31,19,12,0,0,0,10,5,5
54428104,143,72,71,143,72,71,0,0,0,55,33,22,134,67,67,136,69,67,0,0,0,7,3,4
54428105,250,126,124,250,126,124,0,0,0,124,60,64,233,116,117,240,121,119,0,0,0,10,5,5
54428106,94,48,46,94,48,46,0,0,0,32,19,13,90,46,44,93,48,45,0,0,0,1,0,1
54428107,102,45,57,102,45,57,0,0,0,44,19,25,98,45,53,98,43,55,0,0,0,4,2,2
54428108,164,83,81,164,83,81,0,0,0,98,51,47,160,81,79,164,83,81,0,0,0,0,0,0
53568101,21,13,8,21,13,8,0,0,0,3,3,0,21,13,8,4,2,2,0,0,0,17,11,6
53568102,87,43,44,85,42,43,2,1,1,34,18,16,83,42,41,87,43,44,0,0,0,0,0,0
53568103,42,22,20,41,21,20,1,1,0,14,7,7,36,19,17,42,22,20,0,0,0,0,0,0
54429901,959,458,501,957,457,500,2,1,1,342,166,176,915,441,474,937,440,497,0,0,0,22,18,4
54429902,286,134,152,286,134,152,0,0,0,63,31,32,265,126,139,286,134,152,0,0,0,0,0,0
54429903,37,17,20,37,17,20,0,0,0,13,9,4,32,15,17,37,17,20,0,0,0,0,0,0
54429904,580,283,297,575,279,296,2,2,0,172,82,90,538,263,275,552,267,285,28,16,12,0,0,0
54429905,30,16,14,29,15,14,0,0,0,13,9,4,30,16,14,30,16,14,0,0,0,0,0,0
54429906,23,14,9,22,13,9,1,1,0,9,4,5,22,13,9,2,2,0,0,0,0,21,12,9
54429907,127,65,62,127,65,62,0,0,0,52,25,27,122,63,59,126,64,62,0,0,0,1,1,0
53540101,213,100,113,213,100,113,0,0,0,109,60,49,201,94,107,213,100,113,0,0,0,0,0,0
55149001,271,132,139,271,132,139,0,0,0,108,52,56,257,125,132,263,127,136,0,0,0,8,5,3
53605901,46,23,23,46,23,23,0,0,0,10,4,6,42,21,21,0,0,0,0,0,0,46,23,23
53605902,126,63,63,126,63,63,0,0,0,57,28,29,123,63,60,126,63,63,0,0,0,0,0,0
53554101,197,92,105,194,91,103,1,1,0,73,36,37,181,86,95,173,78,95,0,0,0,24,14,10
53554102,66,27,39,65,26,39,1,1,0,20,6,14,56,22,34,58,25,33,0,0,0,8,2,6
53554103,29,18,11,29,18,11,0,0,0,16,12,4,29,18,11,27,16,11,0,0,0,2,2,0
54432901,389,201,188,388,200,188,1,1,0,187,114,73,367,193,174,380,197,183,0,0,0,9,4,5
59897601,62,29,33,62,29,33,0,0,0,38,21,17,60,29,31,61,29,32,0,0,0,1,0,1
0219890,0,0,0,0,0,0,0,0,0,0,0,0,0,0,0,0,0,0,0,0,0,0,0,0
0220120,0,0,0,0,0,0,0,0,0,0,0,0,0,0,0,0,0,0,0,0,0,0,0,0
0221010,0,0,0,0,0,0,0,0,0,0,0,0,0,0,0,0,0,0,0,0,0,0,0,0
0221360,0,0,0,0,0,0,0,0,0,0,0,0,0,0,0,0,0,0,0,0,0,0,0,0
0221610,0,0,0,0,0,0,0,0,0,0,0,0,0,0,0,0,0,0,0,0,0,0,0,0
0222332,0,0,0,0,0,0,0,0,0,0,0,0,0,0,0,0,0,0,0,0,0,0,0,0
0225270,0,0,0,0,0,0,0,0,0,0,0,0,0,0,0,0,0,0,0,0,0,0,0,0
3311800,0,0,0,0,0,0,0,0,0,0,0,0,0,0,0,0,0,0,0,0,0,0,0,0
54425601,3024,1735,1289,2935,1683,1252,83,49,34,1360,793,567,2887,1661,1226,1696,799,897,24,14,10,1304,922,382
54425603,190,95,95,183,93,90,6,2,4,115,60,55,181,90,91,190,95,95,0,0,0,0,0,0
54425604,1061,517,544,1025,501,524,28,14,14,532,281,251,971,474,497,1034,508,526,27,9,18,0,0,0
54425605,870,409,461,827,381,446,42,28,14,390,189,201,769,360,409,841,395,446,3,1,2,26,13,13
54425606,562,279,283,556,276,280,4,2,2,316,158,158,520,265,255,561,278,283,0,0,0,1,1,0
54425607,259,134,125,258,133,125,1,1,0,161,91,70,251,130,121,259,134,125,0,0,0,0,0,0
54425608,9428,4332,5096,9259,4237,5022,157,92,65,4444,2191,2253,9003,4141,4862,8904,4202,4702,521,129,392,3,1,2
54425609,14784,6966,7818,14426,6754,7672,327,192,135,7173,3528,3645,14126,6626,7500,14626,6922,7704,148,37,111,10,7,3
54425610,536,259,277,411,190,221,114,66,48,164,81,83,419,203,216,430,203,227,104,55,49,2,1,1
54425611,4657,2197,2460,4503,2124,2379,141,67,74,2225,1107,1118,4422,2079,2343,4628,2182,2446,26,13,13,3,2,1
54425612,25,12,13,25,12,13,0,0,0,14,7,7,24,12,12,3,1,2,0,0,0,22,11,11
54425613,170,81,89,168,79,89,2,2,0,69,34,35,157,75,82,170,81,89,0,0,0,0,0,0
54425614,1478,736,742,1460,724,736,13,8,5,885,465,420,1411,702,709,1471,729,742,7,7,0,0,0,0
54425615,1112,532,580,1107,530,577,3,2,1,596,291,305,1083,514,569,1112,532,580,0,0,0,0,0,0
54425616,909,449,460,899,445,454,8,4,4,498,248,250,857,420,437,909,449,460,0,0,0,0,0,0
54425617,3216,1594,1622,2997,1482,1515,202,102,100,1458,749,709,2954,1456,1498,3158,1564,1594,45,23,22,13,7,6
54425618,4044,1984,2060,3847,1867,1980,181,106,75,1946,959,987,3745,1832,1913,3872,1864,2008,53,22,31,119,98,21
54425619,5298,2455,2843,5174,2387,2787,106,60,46,2743,1329,1414,5079,2356,2723,5297,2454,2843,0,0,0,1,1,0
54425620,149,69,80,147,68,79,2,1,1,96,43,53,146,67,79,149,69,80,0,0,0,0,0,0
54425621,4190,2003,2187,4047,1926,2121,123,65,58,1971,967,1004,3971,1886,2085,4187,2001,2186,0,0,0,3,2,1
54425623,1933,961,972,1888,936,952,41,22,19,1122,585,537,1877,925,952,1917,952,965,12,6,6,4,3,1
54425624,3415,1503,1912,3308,1442,1866,92,53,39,1576,713,863,3219,1397,1822,3251,1465,1786,163,37,126,1,1,0
54425625,2212,1006,1206,2156,974,1182,49,27,22,1140,560,580,2078,940,1138,2203,1001,1202,8,4,4,1,1,0
54425627,543,272,271,536,267,269,7,5,2,308,157,151,518,262,256,532,268,264,11,4,7,0,0,0
54425628,568,308,260,556,298,258,12,10,2,321,174,147,536,287,249,523,275,248,27,23,4,18,10,8
54425629,528,262,266,459,213,246,65,47,18,239,112,127,484,238,246,465,227,238,62,34,28,1,1,0
54425630,138,72,66,128,64,64,9,8,1,77,37,40,136,72,64,93,51,42,42,18,24,3,3,0
54425631,92,82,10,13,9,4,77,72,5,12,10,2,63,57,6,8,4,4,83,77,6,1,1,0
54425632,341,171,170,338,168,170,3,3,0,183,91,92,330,168,162,335,169,166,4,1,3,2,1,1
54425633,46,23,23,45,22,23,0,0,0,19,11,8,44,23,21,46,23,23,0,0,0,0,0,0
54425634,804,390,414,795,387,408,8,2,6,473,246,227,770,373,397,795,385,410,3,1,2,6,4,2
54425635,50,29,21,50,29,21,0,0,0,28,17,11,49,28,21,50,29,21,0,0,0,0,0,0
54425636,475,229,246,447,215,232,26,13,13,255,125,130,450,217,233,451,218,233,23,10,13,1,1,0
54425637,146,77,69,146,77,69,0,0,0,103,60,43,146,77,69,146,77,69,0,0,0,0,0,0
54425639,2675,1297,1378,2646,1280,1366,25,15,10,1529,788,741,2552,1233,1319,2669,1294,1375,5,2,3,1,1,0
54425640,187,102,85,186,101,85,1,1,0,117,70,47,184,101,83,186,101,85,0,0,0,1,1,0
54425641,3295,1594,1701,3245,1557,1688,42,30,12,1886,960,926,3179,1542,1637,3286,1585,1701,9,9,0,0,0,0
54425642,562,280,282,557,278,279,4,2,2,288,152,136,537,266,271,562,280,282,0,0,0,0,0,0
54425643,104,52,52,94,42,52,9,9,0,57,25,32,94,44,50,104,52,52,0,0,0,0,0,0
54425644,298,164,134,297,163,134,1,1,0,169,103,66,297,164,133,298,164,134,0,0,0,0,0,0
54425645,429,205,224,428,205,223,1,0,1,257,131,126,415,198,217,429,205,224,0,0,0,0,0,0
54425646,355,193,162,253,132,121,99,58,41,106,45,61,304,163,141,194,92,102,149,92,57,12,9,3
54425647,67,34,33,67,34,33,0,0,0,43,22,21,63,32,31,67,34,33,0,0,0,0,0,0
54425649,2503,1206,1297,2436,1160,1276,59,40,19,1429,740,689,2372,1128,1244,2501,1205,1296,2,1,1,0,0,0
54425650,388,191,197,381,188,193,7,3,4,239,124,115,357,178,179,388,191,197,0,0,0,0,0,0
54425651,1726,822,904,1705,810,895,19,10,9,1057,518,539,1653,782,871,1724,820,904,2,2,0,0,0,0
54425653,852,435,417,851,435,416,1,0,1,518,287,231,828,423,405,851,434,417,0,0,0,1,1,0
54425654,384,197,187,381,195,186,2,2,0,235,123,112,370,188,182,361,185,176,0,0,0,23,12,11
54425655,2564,1263,1301,2377,1159,1218,170,94,76,1239,627,612,2370,1159,1211,2522,1230,1292,37,30,7,5,3,2
54425656,271,141,130,260,135,125,10,5,5,130,81,49,260,132,128,271,141,130,0,0,0,0,0,0
54425657,91,43,48,87,42,45,4,1,3,28,14,14,86,40,46,83,41,42,8,2,6,0,0,0
54425658,276,213,63,269,206,63,1,1,0,81,57,24,148,99,49,67,26,41,209,187,22,0,0,0
54425659,28,11,17,27,10,17,1,1,0,8,6,2,16,6,10,2,1,1,26,10,16,0,0,0
54425660,50,26,24,49,25,24,0,0,0,33,17,16,50,26,24,50,26,24,0,0,0,0,0,0
54425662,2877,1339,1538,2812,1298,1514,61,39,22,1449,682,767,2726,1257,1469,2815,1312,1503,61,26,35,1,1,0
54425663,1090,521,569,1079,517,562,9,4,5,620,310,310,1040,496,544,1085,519,566,5,2,3,0,0,0
54425664,364,181,183,359,178,181,3,2,1,230,116,114,354,177,177,364,181,183,0,0,0,0,0,0
54425665,3330,1579,1751,3288,1550,1738,36,26,10,1998,976,1022,3212,1520,1692,3322,1575,1747,0,0,0,8,4,4
54425666,3645,1728,1917,3545,1665,1880,90,58,32,1968,986,982,3445,1629,1816,3621,1715,1906,19,10,9,5,3,2
55150301,37,16,21,37,16,21,0,0,0,14,10,4,37,16,21,37,16,21,0,0,0,0,0,0
55150302,116,58,58,116,58,58,0,0,0,64,33,31,111,57,54,111,54,57,0,0,0,5,4,1
55150303,80,30,50,80,30,50,0,0,0,22,9,13,67,25,42,35,16,19,45,14,31,0,0,0
55150304,50,23,27,50,23,27,0,0,0,25,12,13,48,22,26,50,23,27,0,0,0,0,0,0
53524901,338,177,161,338,177,161,0,0,0,162,90,72,320,172,148,313,164,149,0,0,0,25,13,12
54436101,71,34,37,71,34,37,0,0,0,32,17,15,71,34,37,71,34,37,0,0,0,0,0,0
54436102,160,83,77,156,82,74,4,1,3,68,32,36,141,73,68,156,79,77,0,0,0,4,4,0
54436103,64,31,33,64,31,33,0,0,0,20,10,10,53,25,28,64,31,33,0,0,0,0,0,0
54436104,87,46,41,87,46,41,0,0,0,35,21,14,76,39,37,87,46,41,0,0,0,0,0,0
54436105,60,37,23,60,37,23,0,0,0,29,19,10,57,35,22,60,37,23,0,0,0,0,0,0
54436106,109,51,58,109,51,58,0,0,0,59,31,28,106,51,55,109,51,58,0,0,0,0,0,0
53520601,2800,1345,1455,2770,1328,1442,25,14,11,873,466,407,2573,1230,1343,2474,1238,1236,285,79,206,41,28,13
53619901,114,57,57,114,57,57,0,0,0,43,24,19,111,55,56,110,54,56,0,0,0,4,3,1
54438801,1233,613,620,1228,610,618,5,3,2,616,336,280,1177,588,589,1222,604,618,0,0,0,11,9,2
54438802,37,20,17,37,20,17,0,0,0,22,14,8,37,20,17,37,20,17,0,0,0,0,0,0
54438803,49,28,21,49,28,21,0,0,0,29,19,10,48,27,21,49,28,21,0,0,0,0,0,0
54438804,42,27,15,42,27,15,0,0,0,25,16,9,39,25,14,42,27,15,0,0,0,0,0,0
54438806,47,22,25,47,22,25,0,0,0,22,12,10,43,22,21,47,22,25,0,0,0,0,0,0
54438807,96,47,49,96,47,49,0,0,0,58,32,26,95,47,48,96,47,49,0,0,0,0,0,0
54438808,97,53,44,97,53,44,0,0,0,46,27,19,95,52,43,97,53,44,0,0,0,0,0,0
54438809,62,25,37,62,25,37,0,0,0,24,15,9,57,25,32,62,25,37,0,0,0,0,0,0
53566401,325,154,171,325,154,171,0,0,0,141,76,65,306,145,161,325,154,171,0,0,0,0,0,0
54440001,43,22,21,43,22,21,0,0,0,17,10,7,41,22,19,8,2,6,0,0,0,35,20,15
54440002,42,17,25,42,17,25,0,0,0,18,6,12,38,15,23,32,13,19,0,0,0,10,4,6
54440003,101,51,50,101,51,50,0,0,0,48,24,24,98,50,48,100,50,50,0,0,0,1,1,0
54440004,296,154,142,295,154,141,0,0,0,135,78,57,282,147,135,296,154,142,0,0,0,0,0,0
53595801,309,149,160,309,149,160,0,0,0,108,59,49,293,140,153,297,144,153,0,0,0,12,5,7
54937101,165,83,82,164,82,82,1,1,0,87,46,41,153,74,79,162,81,81,0,0,0,3,2,1
54937102,54,30,24,54,30,24,0,0,0,25,17,8,46,26,20,54,30,24,0,0,0,0,0,0
54937103,22,9,13,22,9,13,0,0,0,13,6,7,21,8,13,22,9,13,0,0,0,0,0,0
54442601,170,86,84,169,86,83,1,0,1,91,52,39,164,85,79,170,86,84,0,0,0,0,0,0
54442602,706,356,350,706,356,350,0,0,0,301,170,131,671,343,328,681,343,338,0,0,0,25,13,12
54442604,163,77,86,162,77,85,1,0,1,85,45,40,154,74,80,163,77,86,0,0,0,0,0,0
54442605,156,75,81,156,75,81,0,0,0,77,34,43,149,72,77,153,74,79,0,0,0,3,1,2
54442606,130,75,55,128,73,55,2,2,0,50,26,24,124,71,53,130,75,55,0,0,0,0,0,0
54442608,67,34,33,65,34,31,1,0,1,20,11,9,66,33,33,67,34,33,0,0,0,0,0,0
54442609,69,37,32,69,37,32,0,0,0,37,22,15,59,32,27,69,37,32,0,0,0,0,0,0
54442610,104,51,53,103,50,53,1,1,0,52,28,24,94,47,47,104,51,53,0,0,0,0,0,0
54442611,68,28,40,68,28,40,0,0,0,33,15,18,61,25,36,68,28,40,0,0,0,0,0,0
53578801,193,106,87,193,106,87,0,0,0,84,53,31,188,105,83,189,104,85,0,0,0,4,2,2
53578802,120,58,62,120,58,62,0,0,0,50,23,27,115,54,61,110,52,58,0,0,0,10,6,4
53578803,111,54,57,111,54,57,0,0,0,42,19,23,104,50,54,110,53,57,0,0,0,1,1,0
54444201,734,367,367,731,366,365,2,1,1,326,163,163,701,348,353,721,359,362,0,0,0,13,8,5
54444202,151,72,79,151,72,79,0,0,0,60,33,27,149,71,78,151,72,79,0,0,0,0,0,0
54444203,356,186,170,354,184,170,2,2,0,192,108,84,346,183,163,355,185,170,0,0,0,1,1,0
54444204,105,57,48,105,57,48,0,0,0,41,27,14,93,50,43,105,57,48,0,0,0,0,0,0
54444205,335,177,158,335,177,158,0,0,0,116,72,44,314,166,148,331,175,156,0,0,0,4,2,2
54445101,266,139,127,260,135,125,6,4,2,120,70,50,237,125,112,256,131,125,4,2,2,6,6,0
54445102,45,22,23,45,22,23,0,0,0,13,8,5,41,19,22,45,22,23,0,0,0,0,0,0
54445104,31,18,13,31,18,13,0,0,0,4,2,2,30,17,13,31,18,13,0,0,0,0,0,0
53557501,110,63,47,110,63,47,0,0,0,49,31,18,104,61,43,107,61,46,0,0,0,3,2,1
53607501,178,90,88,177,90,87,0,0,0,89,56,33,172,86,86,168,84,84,0,0,0,10,6,4
59859301,184,96,88,184,96,88,0,0,0,82,50,32,178,94,84,183,96,87,0,0,0,1,0,1
59859302,20,11,9,20,11,9,0,0,0,5,3,2,18,11,7,0,0,0,0,0,0,20,11,9
53585101,151,73,78,149,72,77,2,1,1,91,51,40,148,72,76,150,73,77,0,0,0,1,0,1
59860701,274,136,138,272,134,138,2,2,0,58,32,26,267,130,137,274,136,138,0,0,0,0,0,0
59860702,171,94,77,171,94,77,0,0,0,57,38,19,161,89,72,157,86,71,0,0,0,14,8,6
54448501,255,120,135,255,120,135,0,0,0,99,45,54,251,117,134,251,117,134,0,0,0,4,3,1
54448502,26,14,12,26,14,12,0,0,0,5,4,1,16,10,6,26,14,12,0,0,0,0,0,0
54448503,1606,777,829,1523,733,790,62,32,30,658,330,328,1529,740,789,1545,743,802,57,31,26,4,3,1
54448504,24,12,12,24,12,12,0,0,0,11,7,4,23,11,12,24,12,12,0,0,0,0,0,0
54448505,44,24,20,44,24,20,0,0,0,14,10,4,39,21,18,39,22,17,0,0,0,5,2,3
54448506,109,59,50,107,58,49,2,1,1,34,20,14,100,55,45,109,59,50,0,0,0,0,0,0
54448507,2576,1250,1326,2528,1226,1302,45,23,22,1012,528,484,2406,1169,1237,2460,1187,1273,53,14,39,63,49,14
54448508,196,97,99,194,96,98,2,1,1,75,43,32,189,94,95,188,94,94,0,0,0,8,3,5
54448509,38,21,17,38,21,17,0,0,0,23,12,11,33,18,15,34,18,16,0,0,0,4,3,1
54448510,54,22,32,54,22,32,0,0,0,25,9,16,52,21,31,54,22,32,0,0,0,0,0,0
54448512,147,70,77,143,68,75,4,2,2,56,26,30,124,62,62,123,59,64,15,7,8,9,4,5
54448513,30,19,11,29,19,10,1,0,1,10,8,2,27,18,9,30,19,11,0,0,0,0,0,0
54448514,36,16,20,36,16,20,0,0,0,13,7,6,34,15,19,36,16,20,0,0,0,0,0,0
54448515,169,89,80,169,89,80,0,0,0,85,49,36,163,85,78,169,89,80,0,0,0,0,0,0
54449301,71,33,38,71,33,38,0,0,0,31,16,15,71,33,38,71,33,38,0,0,0,0,0,0
54449302,179,93,86,177,91,86,1,1,0,80,44,36,165,85,80,179,93,86,0,0,0,0,0,0
54449303,524,266,258,523,266,257,1,0,1,180,104,76,471,241,230,498,249,249,11,6,5,15,11,4
54449304,81,38,43,81,38,43,0,0,0,27,16,11,75,34,41,64,31,33,0,0,0,17,7,10
54449305,821,409,412,820,408,412,1,1,0,307,153,154,763,381,382,821,409,412,0,0,0,0,0,0
53610501,32,15,17,32,15,17,0,0,0,22,12,10,32,15,17,32,15,17,0,0,0,0,0,0
53610502,32,12,20,32,12,20,0,0,0,13,5,8,31,12,19,31,12,19,0,0,0,1,0,1
53610503,45,19,26,45,19,26,0,0,0,25,9,16,43,18,25,44,18,26,0,0,0,1,1,0
0442291,0,0,0,0,0,0,0,0,0,0,0,0,0,0,0,0,0,0,0,0,0,0,0,0
54451501,38,21,17,35,20,15,2,0,2,20,9,11,37,20,17,36,21,15,2,0,2,0,0,0
54451502,59,35,24,59,35,24,0,0,0,22,14,8,53,32,21,59,35,24,0,0,0,0,0,0
54451503,56,11,45,50,10,40,6,1,5,5,2,3,49,11,38,22,10,12,32,1,31,2,0,2
54451504,39,19,20,39,19,20,0,0,0,10,7,3,35,17,18,38,18,20,0,0,0,1,1,0
54451505,837,429,408,816,418,398,20,11,9,456,252,204,799,410,389,818,415,403,0,0,0,19,14,5
54451506,30,19,11,29,18,11,1,1,0,16,10,6,24,15,9,29,19,10,1,0,1,0,0,0
54451507,23,14,9,23,14,9,0,0,0,12,7,5,23,14,9,19,12,7,0,0,0,4,2,2
54451509,47,30,17,47,30,17,0,0,0,26,19,7,44,28,16,47,30,17,0,0,0,0,0,0
54451512,45,24,21,45,24,21,0,0,0,28,16,12,43,23,20,45,24,21,0,0,0,0,0,0
54451513,69,38,31,69,38,31,0,0,0,38,19,19,68,37,31,69,38,31,0,0,0,0,0,0
54451514,22,14,8,22,14,8,0,0,0,10,7,3,22,14,8,19,12,7,0,0,0,3,2,1
54451519,202,104,98,200,104,96,1,0,1,108,58,50,192,99,93,193,99,94,0,0,0,9,5,4
54452301,288,141,147,288,141,147,0,0,0,130,74,56,268,131,137,281,137,144,0,0,0,7,4,3
54452302,614,323,291,609,319,290,4,3,1,255,154,101,579,307,272,599,312,287,0,0,0,15,11,4
53552402,163,81,82,163,81,82,0,0,0,77,45,32,158,80,78,159,80,79,0,0,0,4,1,3
53546001,103,47,56,102,47,55,1,0,1,41,20,21,99,45,54,77,37,40,0,0,0,26,10,16
54454001,21,12,9,21,12,9,0,0,0,9,6,3,17,11,6,21,12,9,0,0,0,0,0,0
54454002,25,16,9,25,16,9,0,0,0,9,7,2,25,16,9,25,16,9,0,0,0,0,0,0
54454005,77,44,33,76,43,33,1,1,0,39,27,12,70,39,31,70,38,32,4,3,1,3,3,0
54454006,64,29,35,60,28,32,2,1,1,33,13,20,64,29,35,64,29,35,0,0,0,0,0,0
54455801,1436,721,715,1427,715,712,7,4,3,519,267,252,1372,686,686,1415,705,710,3,2,1,18,14,4
54455802,49,26,23,49,26,23,0,0,0,17,10,7,44,23,21,49,26,23,0,0,0,0,0,0
53575301,610,315,295,610,315,295,0,0,0,248,134,114,574,295,279,606,311,295,0,0,0,4,4,0
53561301,136,66,70,136,66,70,0,0,0,52,27,25,124,60,64,133,63,70,0,0,0,3,3,0
53590701,61,32,29,61,32,29,0,0,0,22,13,9,53,28,25,48,28,20,0,0,0,13,4,9
53590702,215,116,99,211,114,97,4,2,2,100,53,47,193,105,88,209,113,96,0,0,0,6,3,3
54459102,85,44,41,84,43,41,1,1,0,44,24,20,82,42,40,71,37,34,0,0,0,14,7,7
54459104,101,47,54,101,47,54,0,0,0,61,27,34,93,44,49,101,47,54,0,0,0,0,0,0
54459105,406,202,204,404,201,203,2,1,1,213,118,95,388,195,193,391,195,196,0,0,0,15,7,8
54459106,123,73,50,123,73,50,0,0,0,72,45,27,116,69,47,123,73,50,0,0,0,0,0,0
54461201,204,102,102,204,102,102,0,0,0,124,72,52,200,100,100,196,99,97,0,0,0,8,3,5
54461202,173,89,84,173,89,84,0,0,0,66,39,27,155,81,74,163,84,79,0,0,0,10,5,5
54463901,515,266,249,515,266,249,0,0,0,229,127,102,497,254,243,469,245,224,28,10,18,18,11,7
54463902,43,16,27,43,16,27,0,0,0,13,4,9,42,16,26,43,16,27,0,0,0,0,0,0
54463903,157,78,79,157,78,79,0,0,0,73,42,31,152,76,76,157,78,79,0,0,0,0,0,0
54463904,43,23,20,43,23,20,0,0,0,20,15,5,43,23,20,41,22,19,0,0,0,2,1,1
54463905,95,46,49,95,46,49,0,0,0,41,25,16,88,43,45,87,42,45,2,0,2,6,4,2
54463907,40,15,25,40,15,25,0,0,0,18,7,11,36,15,21,40,15,25,0,0,0,0,0,0
54463908,111,56,55,111,56,55,0,0,0,57,28,29,110,56,54,111,56,55,0,0,0,0,0,0
54463909,23,9,14,23,9,14,0,0,0,6,2,4,21,8,13,18,7,11,0,0,0,5,2,3
53576101,58,31,27,56,29,27,2,2,0,20,12,8,54,28,26,52,28,24,0,0,0,6,3,3
53576102,368,190,178,362,184,178,6,6,0,109,61,48,333,172,161,302,149,153,0,0,0,66,41,25
53598201,222,112,110,219,110,109,2,2,0,117,64,53,209,106,103,216,107,109,1,1,0,5,4,1
53598202,20,10,10,20,10,10,0,0,0,4,2,2,20,10,10,12,6,6,0,0,0,8,4,4
53598203,70,34,36,67,33,34,3,1,2,26,12,14,69,34,35,69,34,35,0,0,0,1,0,1
54466301,40,19,21,39,19,20,1,0,1,16,11,5,36,18,18,37,18,19,0,0,0,3,1,2
54466302,56,24,32,56,24,32,0,0,0,39,20,19,56,24,32,56,24,32,0,0,0,0,0,0
54466303,27,12,15,27,12,15,0,0,0,12,5,7,25,12,13,27,12,15,0,0,0,0,0,0
54466304,55,28,27,55,28,27,0,0,0,23,8,15,48,24,24,55,28,27,0,0,0,0,0,0
54466305,88,40,48,88,40,48,0,0,0,24,11,13,80,36,44,88,40,48,0,0,0,0,0,0
54466306,1744,865,879,1742,863,879,2,2,0,798,407,391,1681,831,850,1718,848,870,0,0,0,26,17,9
54466307,24,16,8,24,16,8,0,0,0,5,3,2,22,15,7,0,0,0,0,0,0,24,16,8
54466308,31,14,17,31,14,17,0,0,0,15,7,8,29,14,15,29,13,16,0,0,0,2,1,1
54466310,124,58,66,123,58,65,1,0,1,56,29,27,117,54,63,119,55,64,4,3,1,1,0,1
54466311,47,23,24,45,21,24,2,2,0,21,10,11,45,22,23,47,23,24,0,0,0,0,0,0
54466312,138,64,74,138,64,74,0,0,0,60,27,33,128,60,68,103,48,55,0,0,0,35,16,19
54466313,45,28,17,44,27,17,1,1,0,12,10,2,37,24,13,29,19,10,0,0,0,16,9,7
54466314,43,20,23,42,19,23,0,0,0,11,3,8,39,17,22,43,20,23,0,0,0,0,0,0
53587702,196,92,104,196,92,104,0,0,0,97,52,45,185,86,99,179,83,96,0,0,0,17,9,8
53587703,76,38,38,76,38,38,0,0,0,22,10,12,74,37,37,76,38,38,0,0,0,0,0,0
53587705,52,30,22,52,30,22,0,0,0,22,13,9,48,28,20,52,30,22,0,0,0,0,0,0
53587706,31,18,13,31,18,13,0,0,0,8,5,3,26,15,11,31,18,13,0,0,0,0,0,0
52972901,133,69,64,133,69,64,0,0,0,55,30,25,121,59,62,119,59,60,0,0,0,14,10,4
54473601,114,62,52,114,62,52,0,0,0,66,38,28,113,62,51,114,62,52,0,0,0,0,0,0
54473602,1859,930,929,1849,925,924,10,5,5,986,547,439,1775,886,889,1777,888,889,36,12,24,46,30,16
54473604,139,73,66,139,73,66,0,0,0,63,35,28,135,70,65,139,73,66,0,0,0,0,0,0
54473605,96,49,47,96,49,47,0,0,0,40,21,19,91,47,44,96,49,47,0,0,0,0,0,0
54473606,196,95,101,195,94,101,1,1,0,108,52,56,189,91,98,186,92,94,0,0,0,10,3,7
54474401,49,24,25,49,24,25,0,0,0,20,10,10,43,22,21,0,0,0,0,0,0,49,24,25
54474402,161,85,76,158,82,76,3,3,0,89,52,37,151,80,71,154,81,73,0,0,0,7,4,3
54474403,83,47,36,83,47,36,0,0,0,22,14,8,74,44,30,83,47,36,0,0,0,0,0,0
54474404,123,62,61,122,61,61,1,1,0,52,27,25,118,59,59,120,60,60,0,0,0,3,2,1
53580001,90,40,50,89,40,49,1,0,1,39,16,23,79,35,44,90,40,50,0,0,0,0,0,0
53580002,201,110,91,201,110,91,0,0,0,43,27,16,185,103,82,97,50,47,104,60,44,0,0,0
53580003,331,168,163,331,168,163,0,0,0,110,64,46,312,158,154,331,168,163,0,0,0,0,0,0
54476101,170,87,83,170,87,83,0,0,0,80,42,38,156,81,75,159,81,78,0,0,0,11,6,5
54476102,475,239,236,473,237,236,2,2,0,236,123,113,459,227,232,461,231,230,0,0,0,14,8,6
54477901,37,16,21,36,15,21,1,1,0,11,5,6,34,15,19,37,16,21,0,0,0,0,0,0
54477902,262,128,134,262,128,134,0,0,0,148,77,71,251,123,128,262,128,134,0,0,0,0,0,0
54477903,49,23,26,49,23,26,0,0,0,29,14,15,45,23,22,49,23,26,0,0,0,0,0,0
54477904,49,29,20,48,28,20,1,1,0,23,15,8,44,25,19,49,29,20,0,0,0,0,0,0
54477905,129,60,69,128,59,69,0,0,0,78,40,38,125,59,66,123,57,66,0,0,0,6,3,3
54477906,93,48,45,93,48,45,0,0,0,56,30,26,92,48,44,93,48,45,0,0,0,0,0,0
54477907,78,46,32,78,46,32,0,0,0,40,27,13,70,42,28,78,46,32,0,0,0,0,0,0
54477908,88,45,43,88,45,43,0,0,0,44,26,18,81,43,38,85,43,42,0,0,0,3,2,1
54477909,42,20,22,42,20,22,0,0,0,25,16,9,40,18,22,42,20,22,0,0,0,0,0,0
54477910,3320,1649,1671,3288,1626,1662,31,22,9,1685,862,823,3130,1547,1583,3234,1606,1628,15,4,11,71,39,32
54477912,105,54,51,104,53,51,1,1,0,49,29,20,94,49,45,97,49,48,0,0,0,8,5,3
54477913,45,25,20,44,24,20,1,1,0,26,15,11,45,25,20,45,25,20,0,0,0,0,0,0
54477915,80,39,41,79,38,41,1,1,0,33,20,13,74,36,38,69,36,33,0,0,0,11,3,8
54477916,136,73,63,136,73,63,0,0,0,61,36,25,120,61,59,136,73,63,0,0,0,0,0,0
54479501,106,48,58,104,46,58,2,2,0,42,20,22,101,45,56,106,48,58,0,0,0,0,0,0
54479502,1101,544,557,1069,513,556,31,30,1,339,166,173,1018,495,523,1079,530,549,2,2,0,20,12,8
54479503,614,299,315,600,286,314,14,13,1,204,92,112,588,281,307,614,299,315,0,0,0,0,0,0
54479504,606,325,281,586,309,277,20,16,4,187,107,80,579,306,273,594,313,281,11,11,0,1,1,0
54479505,223,108,115,222,107,115,1,1,0,54,25,29,217,104,113,223,108,115,0,0,0,0,0,0
54480901,565,311,254,561,309,252,3,2,1,237,138,99,527,289,238,555,304,251,0,0,0,10,7,3
54480902,163,84,79,162,84,78,0,0,0,68,41,27,154,81,73,156,79,77,0,0,0,7,5,2
53594001,213,118,95,209,114,95,4,4,0,98,63,35,202,110,92,211,117,94,0,0,0,2,1,1
54481701,233,128,105,233,128,105,0,0,0,122,73,49,228,126,102,191,101,90,1,1,0,41,26,15
54481702,66,33,33,66,33,33,0,0,0,25,14,11,64,32,32,66,33,33,0,0,0,0,0,0
54481703,96,48,48,96,48,48,0,0,0,27,14,13,88,45,43,94,46,48,0,0,0,2,2,0
54481704,31,17,14,31,17,14,0,0,0,10,6,4,26,15,11,13,7,6,0,0,0,18,10,8
59861501,67,31,36,67,31,36,0,0,0,28,16,12,63,30,33,64,29,35,0,0,0,3,2,1
59861502,33,16,17,33,16,17,0,0,0,20,10,10,21,11,10,33,16,17,0,0,0,0,0,0
53584202,117,56,61,117,56,61,0,0,0,46,24,22,110,52,58,115,55,60,0,0,0,2,1,1
53528101,213,102,111,213,102,111,0,0,0,106,56,50,200,95,105,210,100,110,1,0,1,2,2,0
53528102,85,41,44,85,41,44,0,0,0,42,21,21,84,40,44,83,40,43,0,0,0,2,1,1
53537101,209,104,105,209,104,105,0,0,0,104,58,46,206,102,104,209,104,105,0,0,0,0,0,0
54482501,42,20,22,41,20,21,1,0,1,16,9,7,39,18,21,42,20,22,0,0,0,0,0,0
54482502,322,165,157,321,165,156,1,0,1,106,61,45,303,152,151,319,163,156,0,0,0,3,2,1
53543501,351,178,173,351,178,173,0,0,0,196,114,82,324,166,158,350,177,173,0,0,0,1,1,0
53564801,332,176,156,331,175,156,1,1,0,123,69,54,319,168,151,328,173,155,0,0,0,4,3,1
53564802,58,31,27,58,31,27,0,0,0,31,14,17,56,29,27,58,31,27,0,0,0,0,0,0
53564803,298,146,152,296,145,151,2,1,1,108,63,45,292,142,150,268,129,139,0,0,0,30,17,13
53564804,75,32,43,75,32,43,0,0,0,27,13,14,70,29,41,75,32,43,0,0,0,0,0,0
54486801,151,76,75,151,76,75,0,0,0,92,44,48,146,73,73,151,76,75,0,0,0,0,0,0
54486802,87,40,47,84,38,46,2,1,1,28,13,15,85,38,47,83,37,46,4,3,1,0,0,0
54486803,36,17,19,36,17,19,0,0,0,17,8,9,32,16,16,36,17,19,0,0,0,0,0,0
54486805,1889,953,936,1848,933,915,40,19,21,991,540,451,1798,912,886,1847,928,919,15,5,10,27,20,7
54486806,72,35,37,72,35,37,0,0,0,36,18,18,71,34,37,72,35,37,0,0,0,0,0,0
54486809,162,87,75,162,87,75,0,0,0,58,33,25,156,84,72,158,85,73,0,0,0,4,2,2
54486812,45,24,21,45,24,21,0,0,0,9,5,4,37,20,17,40,21,19,0,0,0,5,3,2
54488401,644,315,329,639,312,327,3,1,2,333,169,164,618,304,314,614,297,317,5,2,3,25,16,9
54488402,43,20,23,43,20,23,0,0,0,20,9,11,37,18,19,40,18,22,0,0,0,3,2,1
54488403,151,76,75,149,75,74,2,1,1,57,30,27,138,70,68,150,76,74,1,0,1,0,0,0
54489201,137,73,64,137,73,64,0,0,0,62,34,28,126,68,58,136,72,64,1,1,0,0,0,0
54489202,40,19,21,40,19,21,0,0,0,8,3,5,37,17,20,40,19,21,0,0,0,0,0,0
54489203,595,296,299,594,295,299,1,1,0,303,169,134,570,286,284,588,289,299,1,1,0,6,6,0
53523101,175,97,78,175,97,78,0,0,0,77,46,31,163,88,75,164,90,74,0,0,0,11,7,4
53569901,200,110,90,200,110,90,0,0,0,119,62,57,189,105,84,191,106,85,0,0,0,9,4,5
53569902,78,39,39,77,38,39,1,1,0,38,20,18,76,39,37,76,38,38,0,0,0,2,1,1
53599101,215,107,108,214,106,108,1,1,0,102,51,51,212,107,105,215,107,108,0,0,0,0,0,0
53599102,89,45,44,89,45,44,0,0,0,29,18,11,85,43,42,87,44,43,0,0,0,2,1,1
53599103,292,152,140,291,152,139,1,0,1,141,75,66,281,146,135,285,148,137,0,0,0,7,4,3
53599104,30,14,16,30,14,16,0,0,0,5,2,3,28,13,15,30,14,16,0,0,0,0,0,0
53517601,37,18,19,37,18,19,0,0,0,16,7,9,33,16,17,24,12,12,0,0,0,13,6,7
53517602,209,106,103,208,106,102,1,0,1,85,45,40,194,99,95,195,99,96,0,0,0,14,7,7
53534601,111,62,49,111,62,49,0,0,0,54,34,20,110,61,49,100,56,44,1,0,1,10,6,4
53534602,39,23,16,38,22,16,1,1,0,11,8,3,35,20,15,39,23,16,0,0,0,0,0,0
53534603,290,152,138,289,152,137,0,0,0,104,66,38,270,144,126,254,134,120,0,0,0,36,18,18
54496501,125,63,62,125,63,62,0,0,0,63,30,33,117,58,59,123,61,62,0,0,0,2,2,0
54496502,49,27,22,49,27,22,0,0,0,26,19,7,44,24,20,49,27,22,0,0,0,0,0,0
54497301,370,183,187,370,183,187,0,0,0,140,70,70,351,174,177,365,180,185,0,0,0,5,3,2
54497302,1019,518,501,1011,513,498,4,2,2,330,179,151,959,486,473,1006,508,498,0,0,0,13,10,3
54498101,2301,1152,1149,2277,1136,1141,23,16,7,869,460,409,2136,1067,1069,2227,1115,1112,30,8,22,44,29,15
54498102,188,97,91,186,96,90,2,1,1,90,50,40,180,93,87,188,97,91,0,0,0,0,0,0
54500701,85,48,37,85,48,37,0,0,0,50,31,19,83,47,36,85,48,37,0,0,0,0,0,0
54500704,67,31,36,66,31,35,1,0,1,21,11,10,63,29,34,48,20,28,0,0,0,19,11,8
54500705,54,30,24,54,30,24,0,0,0,12,9,3,51,29,22,11,5,6,0,0,0,43,25,18
54500708,62,37,25,61,36,25,1,1,0,29,21,8,59,34,25,62,37,25,0,0,0,0,0,0
54500709,634,312,322,623,307,316,11,5,6,253,123,130,598,292,306,624,306,318,0,0,0,10,6,4
54500710,42,21,21,42,21,21,0,0,0,23,12,11,37,18,19,42,21,21,0,0,0,0,0,0
54501501,112,55,57,112,55,57,0,0,0,44,24,20,107,53,54,112,55,57,0,0,0,0,0,0
54501502,43,19,24,43,19,24,0,0,0,30,13,17,43,19,24,42,18,24,1,1,0,0,0,0
54501503,104,50,54,104,50,54,0,0,0,48,22,26,95,46,49,102,48,54,0,0,0,2,2,0
54501504,207,99,108,207,99,108,0,0,0,103,57,46,193,92,101,202,97,105,0,0,0,5,2,3
54501505,57,32,25,57,32,25,0,0,0,35,23,12,57,32,25,57,32,25,0,0,0,0,0,0
54502301,69,34,35,69,34,35,0,0,0,32,15,17,67,34,33,59,28,31,0,0,0,10,6,4
54502302,67,36,31,67,36,31,0,0,0,35,23,12,63,35,28,61,33,28,0,0,0,6,3,3
54502303,56,24,32,55,23,32,0,0,0,11,4,7,54,24,30,51,21,30,0,0,0,5,3,2
54502304,27,16,11,27,16,11,0,0,0,9,7,2,26,15,11,27,16,11,0,0,0,0,0,0
54502305,83,50,33,83,50,33,0,0,0,44,30,14,81,49,32,82,49,33,0,0,0,1,1,0
54502306,383,194,189,375,190,185,8,4,4,154,91,63,361,177,184,367,183,184,0,0,0,16,11,5
54506601,1325,662,663,1313,657,656,11,5,6,375,192,183,1260,622,638,1325,662,663,0,0,0,0,0,0
54506602,917,466,451,910,461,449,6,4,2,287,154,133,874,446,428,904,456,448,0,0,0,13,10,3
54506603,358,175,183,356,174,182,2,1,1,96,47,49,335,165,170,355,173,182,0,0,0,3,2,1
54506604,326,158,168,323,156,167,3,2,1,114,55,59,295,139,156,326,158,168,0,0,0,0,0,0
54507401,1281,632,649,1259,617,642,21,15,6,423,216,207,1165,575,590,1240,605,635,0,0,0,41,27,14
54508201,63,30,33,63,30,33,0,0,0,21,12,9,59,28,31,60,28,32,0,0,0,3,2,1
54508202,29,15,14,29,15,14,0,0,0,12,5,7,27,14,13,29,15,14,0,0,0,0,0,0
54508203,329,167,162,327,165,162,2,2,0,138,63,75,319,161,158,319,161,158,1,1,0,9,5,4
54508204,99,47,52,98,47,51,1,0,1,32,14,18,91,46,45,0,0,0,0,0,0,99,47,52
53603201,55,30,25,55,30,25,0,0,0,24,16,8,53,29,24,48,27,21,0,0,0,7,3,4
54509101,210,106,104,209,106,103,1,0,1,76,44,32,192,98,94,190,94,96,0,0,0,20,12,8
54510401,30,16,14,30,16,14,0,0,0,12,7,5,28,14,14,25,13,12,0,0,0,5,3,2
54510402,32,12,20,32,12,20,0,0,0,7,3,4,32,12,20,32,12,20,0,0,0,0,0,0
54510404,97,52,45,97,52,45,0,0,0,34,20,14,89,48,41,96,51,45,0,0,0,1,1,0
54510406,418,214,204,418,214,204,0,0,0,177,103,74,399,204,195,411,208,203,0,0,0,7,6,1
54512101,1367,664,703,1364,661,703,2,2,0,607,309,298,1306,636,670,1330,638,692,0,0,0,37,26,11
54513901,54,27,27,54,27,27,0,0,0,11,7,4,52,27,25,54,27,27,0,0,0,0,0,0
54513902,902,478,424,898,474,424,3,3,0,410,224,186,851,452,399,891,469,422,8,6,2,3,3,0
0139430,0,0,0,0,0,0,0,0,0,0,0,0,0,0,0,0,0,0,0,0,0,0,0,0
0139780,0,0,0,0,0,0,0,0,0,0,0,0,0,0,0,0,0,0,0,0,0,0,0,0
0139860,0,0,0,0,0,0,0,0,0,0,0,0,0,0,0,0,0,0,0,0,0,0,0,0
1658160,0,0,0,0,0,0,0,0,0,0,0,0,0,0,0,0,0,0,0,0,0,0,0,0
54515502,76,44,32,76,44,32,0,0,0,31,21,10,75,43,32,74,43,31,0,0,0,2,1,1
54515503,28,13,15,28,13,15,0,0,0,16,10,6,27,13,14,26,12,14,0,0,0,2,1,1
54515504,58,34,24,58,34,24,0,0,0,27,21,6,56,34,22,56,33,23,0,0,0,2,1,1
54515505,53,27,26,53,27,26,0,0,0,18,9,9,47,24,23,53,27,26,0,0,0,0,0,0
54515506,125,65,60,123,64,59,2,1,1,64,34,30,120,63,57,125,65,60,0,0,0,0,0,0
54515507,51,28,23,51,28,23,0,0,0,17,12,5,42,21,21,50,27,23,1,1,0,0,0,0
54515508,54,32,22,51,32,19,3,0,3,27,21,6,48,31,17,52,31,21,0,0,0,2,1,1
54515509,312,159,153,312,159,153,0,0,0,134,85,49,296,153,143,295,151,144,3,0,3,14,8,6
3353630,0,0,0,0,0,0,0,0,0,0,0,0,0,0,0,0,0,0,0,0,0,0,0,0
54517101,36,21,15,36,21,15,0,0,0,17,12,5,31,19,12,36,21,15,0,0,0,0,0,0
54517102,94,46,48,94,46,48,0,0,0,55,33,22,86,44,42,94,46,48,0,0,0,0,0,0
54517103,30,17,13,30,17,13,0,0,0,12,10,2,28,17,11,30,17,13,0,0,0,0,0,0
54517104,113,55,58,112,54,58,1,1,0,58,35,23,109,52,57,113,55,58,0,0,0,0,0,0
54517105,66,33,33,66,33,33,0,0,0,35,20,15,64,32,32,62,31,31,0,0,0,4,2,2
54517106,34,17,17,34,17,17,0,0,0,16,8,8,33,16,17,33,16,17,0,0,0,1,1,0
54517107,43,23,20,43,23,20,0,0,0,18,13,5,39,21,18,43,23,20,0,0,0,0,0,0
54517108,33,19,14,32,18,14,1,1,0,10,4,6,32,19,13,33,19,14,0,0,0,0,0,0
54517109,59,32,27,58,32,26,1,0,1,22,14,8,57,30,27,57,31,26,0,0,0,2,1,1
54517110,60,30,30,60,30,30,0,0,0,35,19,16,59,29,30,58,29,29,0,0,0,2,1,1
54517111,275,135,140,270,133,137,5,2,3,158,86,72,257,128,129,257,126,131,9,4,5,9,5,4
54517112,103,50,53,103,50,53,0,0,0,60,29,31,100,50,50,103,50,53,0,0,0,0,0,0
54517114,91,51,40,91,51,40,0,0,0,49,27,22,86,48,38,91,51,40,0,0,0,0,0,0
54517115,50,27,23,50,27,23,0,0,0,26,16,10,48,26,22,50,27,23,0,0,0,0,0,0
54517116,413,204,209,413,204,209,0,0,0,212,113,99,394,196,198,413,204,209,0,0,0,0,0,0
54517117,23,11,12,23,11,12,0,0,0,7,4,3,23,11,12,23,11,12,0,0,0,0,0,0
54517119,506,249,257,505,249,256,1,0,1,287,153,134,484,238,246,505,248,257,0,0,0,1,1,0
54517120,1624,809,815,1617,808,809,7,1,6,792,408,384,1526,763,763,1574,769,805,0,0,0,50,40,10
54517121,29,15,14,29,15,14,0,0,0,21,11,10,29,15,14,29,15,14,0,0,0,0,0,0
54517122,1455,709,746,1408,681,727,46,28,18,794,409,385,1398,683,715,1377,671,706,68,32,36,10,6,4
3354520,0,0,0,0,0,0,0,0,0,0,0,0,0,0,0,0,0,0,0,0,0,0,0,0
54520101,74,40,34,74,40,34,0,0,0,46,28,18,73,40,33,74,40,34,0,0,0,0,0,0
54520102,189,99,90,189,99,90,0,0,0,95,51,44,181,95,86,149,77,72,0,0,0,40,22,18
54520104,36,18,18,36,18,18,0,0,0,24,11,13,34,16,18,36,18,18,0,0,0,0,0,0
54520105,106,50,56,105,49,56,1,1,0,69,33,36,105,50,55,106,50,56,0,0,0,0,0,0
54520107,113,58,55,113,58,55,0,0,0,61,38,23,104,51,53,97,48,49,5,3,2,11,7,4
54520108,69,30,39,69,30,39,0,0,0,38,16,22,65,28,37,61,26,35,0,0,0,8,4,4
54520111,802,393,409,802,393,409,0,0,0,443,240,203,792,384,408,777,380,397,18,10,8,7,3,4
54520112,698,368,330,696,366,330,2,2,0,321,174,147,669,352,317,551,278,273,2,1,1,145,89,56
54520113,42,23,19,42,23,19,0,0,0,14,9,5,38,20,18,40,22,18,0,0,0,2,1,1
54520114,397,202,195,395,201,194,2,1,1,210,114,96,378,193,185,389,198,191,0,0,0,8,4,4
54520116,2384,1163,1221,2371,1154,1217,11,8,3,1020,503,517,2279,1110,1169,2371,1158,1213,13,5,8,0,0,0
54520117,51,28,23,51,28,23,0,0,0,30,18,12,48,28,20,51,28,23,0,0,0,0,0,0
54520118,31,19,12,31,19,12,0,0,0,15,10,5,30,19,11,21,12,9,0,0,0,10,7,3
54520119,320,152,168,320,152,168,0,0,0,198,96,102,317,149,168,320,152,168,0,0,0,0,0,0
54520120,1399,643,756,1392,638,754,6,4,2,717,342,375,1343,617,726,1397,641,756,1,1,0,1,1,0
54520121,42,22,20,42,22,20,0,0,0,22,11,11,40,21,19,42,22,20,0,0,0,0,0,0
54520122,62,31,31,62,31,31,0,0,0,39,20,19,61,30,31,62,31,31,0,0,0,0,0,0
54520123,787,389,398,786,388,398,1,1,0,425,237,188,761,376,385,779,383,396,4,4,0,4,2,2
53549401,508,261,247,507,260,247,0,0,0,198,116,82,477,243,234,505,258,247,0,0,0,3,3,0
54522801,1451,731,720,1448,730,718,3,1,2,533,290,243,1388,698,690,1430,718,712,0,0,0,21,13,8
54522802,856,434,422,849,431,418,6,3,3,223,123,100,790,397,393,855,433,422,0,0,0,1,1,0
53573701,601,307,294,598,304,294,3,3,0,196,100,96,569,295,274,571,289,282,0,0,0,30,18,12
53589301,77,36,41,77,36,41,0,0,0,31,14,17,77,36,41,36,15,21,0,0,0,41,21,20
53589302,379,205,174,377,203,174,2,2,0,148,90,58,364,196,168,363,194,169,0,0,0,16,11,5
53591501,43,25,18,43,25,18,0,0,0,11,7,4,43,25,18,37,20,17,0,0,0,6,5,1
54526101,52,23,29,52,23,29,0,0,0,21,10,11,50,23,27,52,23,29,0,0,0,0,0,0
54526102,50,21,29,50,21,29,0,0,0,20,9,11,47,19,28,50,21,29,0,0,0,0,0,0
54526103,116,56,60,115,55,60,1,1,0,56,23,33,106,49,57,112,54,58,0,0,0,4,2,2
54526104,320,160,160,320,160,160,0,0,0,128,62,66,298,150,148,310,155,155,0,0,0,10,5,5
54526105,266,138,128,266,138,128,0,0,0,101,57,44,243,126,117,257,134,123,0,0,0,9,4,5
54526106,61,27,34,61,27,34,0,0,0,19,6,13,56,26,30,61,27,34,0,0,0,0,0,0
53579601,448,229,219,439,222,217,9,7,2,137,67,70,409,209,200,436,218,218,2,2,0,10,9,1
1872082,0,0,0,0,0,0,0,0,0,0,0,0,0,0,0,0,0,0,0,0,0,0,0,0
54528701,185,97,88,184,96,88,1,1,0,91,54,37,158,81,77,182,95,87,0,0,0,3,2,1
54528702,655,348,307,653,346,307,2,2,0,204,116,88,604,321,283,611,321,290,2,1,1,42,26,16
54528704,34,20,14,34,20,14,0,0,0,15,10,5,30,18,12,34,20,14,0,0,0,0,0,0
54528705,104,62,42,99,57,42,5,5,0,42,23,19,96,55,41,83,47,36,20,14,6,1,1,0
54528707,135,72,63,134,71,63,1,1,0,66,36,30,128,68,60,132,70,62,1,1,0,2,1,1
54531701,61,30,31,60,30,30,0,0,0,19,12,7,57,27,30,59,30,29,0,0,0,2,0,2
54531702,92,41,51,92,41,51,0,0,0,50,23,27,90,40,50,75,34,41,0,0,0,17,7,10
54531703,207,106,101,206,106,100,1,0,1,91,52,39,201,103,98,197,100,97,0,0,0,10,6,4
53601601,468,242,226,467,241,226,1,1,0,210,112,98,456,235,221,460,237,223,0,0,0,8,5,3
59977801,56,27,29,55,27,28,1,0,1,18,12,6,54,26,28,39,19,20,0,0,0,17,8,9
3081610,0,0,0,0,0,0,0,0,0,0,0,0,0,0,0,0,0,0,0,0,0,0,0,0
54534101,1683,833,850,1678,830,848,5,3,2,799,442,357,1595,790,805,1634,794,840,0,0,0,49,39,10
54534104,1654,784,870,1647,781,866,7,3,4,711,370,341,1589,759,830,1654,784,870,0,0,0,0,0,0
54534105,73,36,37,73,36,37,0,0,0,31,19,12,67,33,34,47,23,24,0,0,0,26,13,13
53559101,234,120,114,234,120,114,0,0,0,110,60,50,227,116,111,231,118,113,0,0,0,3,2,1
53559102,24,13,11,24,13,11,0,0,0,4,3,1,23,12,11,23,12,11,0,0,0,1,1,0
54536801,114,55,59,114,55,59,0,0,0,51,29,22,102,51,51,38,14,24,0,0,0,76,41,35
54536802,316,166,150,316,166,150,0,0,0,178,101,77,306,161,145,292,150,142,0,0,0,24,16,8
54537601,23,12,11,23,12,11,0,0,0,9,4,5,20,11,9,15,8,7,0,0,0,8,4,4
54537602,198,103,95,198,103,95,0,0,0,108,62,46,192,99,93,189,97,92,0,0,0,9,6,3
54537604,51,24,27,51,24,27,0,0,0,23,11,12,51,24,27,29,14,15,3,2,1,19,8,11
54537605,51,23,28,51,23,28,0,0,0,20,12,8,49,21,28,39,17,22,0,0,0,12,6,6
1970250,0,0,0,0,0,0,0,0,0,0,0,0,0,0,0,0,0,0,0,0,0,0,0,0
54538401,105,48,57,105,48,57,0,0,0,58,32,26,101,47,54,105,48,57,0,0,0,0,0,0
54538402,26,11,15,26,11,15,0,0,0,7,1,6,23,10,13,24,11,13,0,0,0,2,0,2
54538403,120,67,53,120,67,53,0,0,0,54,35,19,113,64,49,111,63,48,0,0,0,9,4,5
54538404,41,22,19,41,22,19,0,0,0,15,9,6,39,21,18,41,22,19,0,0,0,0,0,0
54538406,46,26,20,46,26,20,0,0,0,23,15,8,42,24,18,46,26,20,0,0,0,0,0,0
54538407,40,22,18,40,22,18,0,0,0,16,13,3,38,22,16,40,22,18,0,0,0,0,0,0
54538408,216,115,101,214,114,100,2,1,1,83,50,33,209,113,96,208,107,101,0,0,0,8,8,0
54540601,1058,531,527,990,495,495,61,32,29,448,248,200,983,492,491,948,471,477,84,48,36,26,12,14
54540603,24,15,9,24,15,9,0,0,0,11,7,4,23,14,9,23,14,9,1,1,0,0,0,0
54540605,62,32,30,61,31,30,1,1,0,21,10,11,57,29,28,60,31,29,0,0,0,2,1,1
54540607,101,57,44,99,55,44,2,2,0,27,16,11,92,53,39,95,53,42,0,0,0,6,4,2
54540608,36,18,18,34,17,17,2,1,1,15,7,8,32,16,16,36,18,18,0,0,0,0,0,0
54540610,27,13,14,27,13,14,0,0,0,7,3,4,26,13,13,23,11,12,0,0,0,4,2,2
54540611,42,22,20,41,22,19,1,0,1,14,9,5,41,22,19,40,21,19,2,1,1,0,0,0
54540612,54,27,27,52,27,25,2,0,2,23,13,10,48,24,24,52,26,26,0,0,0,2,1,1
54540613,38,24,14,38,24,14,0,0,0,14,9,5,36,22,14,38,24,14,0,0,0,0,0,0
54541401,767,376,391,765,374,391,2,2,0,408,213,195,724,357,367,757,367,390,0,0,0,10,9,1
54541402,46,23,23,46,23,23,0,0,0,30,16,14,44,22,22,41,21,20,0,0,0,5,2,3
53625302,89,50,39,87,49,38,2,1,1,30,16,14,86,49,37,89,50,39,0,0,0,0,0,0
53625303,39,19,20,39,19,20,0,0,0,18,9,9,36,18,18,38,19,19,0,0,0,1,0,1
53625304,29,14,15,29,14,15,0,0,0,14,6,8,27,12,15,24,12,12,0,0,0,5,2,3
53625305,132,74,58,132,74,58,0,0,0,48,30,18,131,74,57,125,70,55,0,0,0,7,4,3
0071530,0,0,0,0,0,0,0,0,0,0,0,0,0,0,0,0,0,0,0,0,0,0,0,0
3916970,0,0,0,0,0,0,0,0,0,0,0,0,0,0,0,0,0,0,0,0,0,0,0,0
3917350,0,0,0,0,0,0,0,0,0,0,0,0,0,0,0,0,0,0,0,0,0,0,0,0
3917430,0,0,0,0,0,0,0,0,0,0,0,0,0,0,0,0,0,0,0,0,0,0,0,0
3917780,0,0,0,0,0,0,0,0,0,0,0,0,0,0,0,0,0,0,0,0,0,0,0,0
3918160,0,0,0,0,0,0,0,0,0,0,0,0,0,0,0,0,0,0,0,0,0,0,0,0
3918240,0,0,0,0,0,0,0,0,0,0,0,0,0,0,0,0,0,0,0,0,0,0,0,0
54543103,819,431,388,818,430,388,0,0,0,435,243,192,785,419,366,809,425,384,2,1,1,8,5,3
54543105,76,37,39,76,37,39,0,0,0,39,18,21,71,35,36,76,37,39,0,0,0,0,0,0
54543106,26,17,9,26,17,9,0,0,0,19,12,7,24,16,8,21,13,8,0,0,0,5,4,1
54543107,30,15,15,30,15,15,0,0,0,11,6,5,27,13,14,30,15,15,0,0,0,0,0,0
54543108,44,20,24,44,20,24,0,0,0,18,9,9,37,18,19,44,20,24,0,0,0,0,0,0
54543109,79,48,31,78,47,31,1,1,0,43,27,16,78,48,30,79,48,31,0,0,0,0,0,0
54544901,357,191,166,355,189,166,2,2,0,167,97,70,322,176,146,326,170,156,0,0,0,31,21,10
54544902,23,14,9,18,10,8,5,4,1,5,3,2,20,11,9,23,14,9,0,0,0,0,0,0
54544903,86,48,38,86,48,38,0,0,0,30,17,13,82,45,37,70,40,30,1,1,0,15,7,8
54544904,60,31,29,60,31,29,0,0,0,30,15,15,59,31,28,59,30,29,0,0,0,1,1,0
54544905,37,20,17,36,20,16,1,0,1,10,6,4,31,17,14,37,20,17,0,0,0,0,0,0
0199170,0,0,0,0,0,0,0,0,0,0,0,0,0,0,0,0,0,0,0,0,0,0,0,0
54545701,24,15,9,24,15,9,0,0,0,14,10,4,24,15,9,5,2,3,0,0,0,19,13,6
54545702,47,25,22,46,25,21,1,0,1,26,14,12,47,25,22,46,24,22,0,0,0,1,1,0
54545703,33,17,16,33,17,16,0,0,0,10,4,6,33,17,16,15,7,8,2,1,1,16,9,7
54545704,615,297,318,614,296,318,1,1,0,294,151,143,593,293,300,598,285,313,3,2,1,14,10,4
54545706,25,14,11,25,14,11,0,0,0,10,6,4,22,13,9,23,12,11,0,0,0,2,2,0
54545707,45,23,22,44,22,22,1,1,0,15,10,5,40,21,19,41,21,20,0,0,0,4,2,2
0230192,0,0,0,0,0,0,0,0,0,0,0,0,0,0,0,0,0,0,0,0,0,0,0,0
0230602,0,0,0,0,0,0,0,0,0,0,0,0,0,0,0,0,0,0,0,0,0,0,0,0
3081700,0,0,0,0,0,0,0,0,0,0,0,0,0,0,0,0,0,0,0,0,0,0,0,0
54539203,777,364,413,752,357,395,22,7,15,332,167,165,730,340,390,767,362,405,9,2,7,1,0,1
54539204,402,200,202,399,198,201,2,1,1,198,99,99,387,193,194,393,197,196,1,1,0,8,2,6
54539205,2170,1018,1152,2140,1001,1139,26,13,13,1143,575,568,2089,978,1111,2149,1010,1139,20,8,12,1,0,1
54539206,434,220,214,427,215,212,5,3,2,228,117,111,406,203,203,429,216,213,5,4,1,0,0,0
54539207,1431,707,724,1415,699,716,15,7,8,801,424,377,1382,679,703,1419,699,720,6,5,1,6,3,3
54539208,408,192,216,393,185,208,15,7,8,204,103,101,376,179,197,325,161,164,82,30,52,1,1,0
54539210,618,311,307,607,303,304,11,8,3,349,178,171,582,300,282,610,307,303,6,3,3,2,1,1
54539211,2105,978,1127,2077,961,1116,26,16,10,1072,540,532,1994,926,1068,2104,977,1127,0,0,0,1,1,0
54539212,110,53,57,103,47,56,7,6,1,51,29,22,102,49,53,102,47,55,8,6,2,0,0,0
54539213,540,272,268,536,271,265,4,1,3,306,164,142,530,263,267,534,268,266,2,1,1,4,3,1
54539214,226,115,111,221,112,109,4,2,2,130,70,60,218,111,107,222,112,110,3,2,1,1,1,0
54539215,1813,874,939,1765,847,918,45,25,20,918,448,470,1739,835,904,1813,874,939,0,0,0,0,0,0
54539216,83,40,43,71,36,35,12,4,8,34,15,19,77,38,39,71,35,36,11,4,7,1,1,0
54539217,87,39,48,87,39,48,0,0,0,57,23,34,85,38,47,85,38,47,0,0,0,2,1,1
54539218,126,70,56,126,70,56,0,0,0,77,41,36,126,70,56,126,70,56,0,0,0,0,0,0
54539220,552,265,287,550,263,287,2,2,0,306,156,150,505,241,264,546,262,284,6,3,3,0,0,0
54539221,396,239,157,384,232,152,11,7,4,169,96,73,375,230,145,216,119,97,26,14,12,154,106,48
1442072,0,0,0,0,0,0,0,0,0,0,0,0,0,0,0,0,0,0,0,0,0,0,0,0
1442660,0,0,0,0,0,0,0,0,0,0,0,0,0,0,0,0,0,0,0,0,0,0,0,0
54546501,807,406,401,776,389,387,30,17,13,357,190,167,747,378,369,755,382,373,20,8,12,32,16,16
54546503,63,35,28,60,34,26,3,1,2,26,16,10,57,32,25,60,34,26,0,0,0,3,1,2
54546504,40,23,17,40,23,17,0,0,0,14,10,4,35,19,16,40,23,17,0,0,0,0,0,0
54546505,29,14,15,29,14,15,0,0,0,15,9,6,28,13,15,28,13,15,0,0,0,1,1,0
54546506,42,21,21,41,20,21,1,1,0,14,7,7,38,19,19,33,17,16,0,0,0,9,4,5
54546510,231,113,118,226,110,116,4,2,2,112,59,53,222,105,117,231,113,118,0,0,0,0,0,0
54546511,90,48,42,89,47,42,1,1,0,42,23,19,87,45,42,90,48,42,0,0,0,0,0,0
54547301,27,14,13,27,14,13,0,0,0,13,8,5,24,13,11,27,14,13,0,0,0,0,0,0
54547302,1060,510,550,1056,508,548,4,2,2,377,191,186,1014,483,531,1044,497,547,0,0,0,16,13,3
54547303,26,9,17,26,9,17,0,0,0,10,4,6,24,9,15,26,9,17,0,0,0,0,0,0
54547304,42,21,21,42,21,21,0,0,0,22,10,12,40,19,21,42,21,21,0,0,0,0,0,0
54547305,64,30,34,64,30,34,0,0,0,23,12,11,57,26,31,64,30,34,0,0,0,0,0,0
54547306,47,25,22,47,25,22,0,0,0,19,13,6,46,24,22,47,25,22,0,0,0,0,0,0
54547307,20,12,8,20,12,8,0,0,0,10,7,3,20,12,8,20,12,8,0,0,0,0,0,0
54547308,71,37,34,70,36,34,1,1,0,28,16,12,69,35,34,71,37,34,0,0,0,0,0,0
54548101,26,14,12,26,14,12,0,0,0,8,6,2,26,14,12,20,11,9,1,1,0,5,2,3
54548102,1076,531,545,1064,526,538,11,4,7,486,250,236,1008,500,508,985,484,501,18,8,10,73,39,34
54548103,25,14,11,25,14,11,0,0,0,8,4,4,24,14,10,3,2,1,0,0,0,22,12,10
54548104,26,12,14,26,12,14,0,0,0,3,1,2,24,11,13,3,2,1,0,0,0,23,10,13
54548105,45,25,20,45,25,20,0,0,0,18,12,6,45,25,20,45,25,20,0,0,0,0,0,0
54548106,28,17,11,27,17,10,1,0,1,5,4,1,20,11,9,1,1,0,0,0,0,27,16,11
0414832,0,0,0,0,0,0,0,0,0,0,0,0,0,0,0,0,0,0,0,0,0,0,0,0
54549001,90,42,48,90,42,48,0,0,0,35,15,20,85,38,47,83,39,44,0,0,0,7,3,4
54549002,565,270,295,558,267,291,6,3,3,257,120,137,542,258,284,550,263,287,3,1,2,12,6,6
54549003,35,18,17,35,18,17,0,0,0,16,7,9,33,16,17,2,1,1,0,0,0,33,17,16
54549004,150,74,76,145,71,74,4,2,2,68,35,33,142,70,72,147,72,75,2,1,1,1,1,0
54549005,27,12,15,27,12,15,0,0,0,11,6,5,24,11,13,27,12,15,0,0,0,0,0,0
54549006,86,41,45,86,41,45,0,0,0,40,25,15,86,41,45,86,41,45,0,0,0,0,0,0
54549007,125,64,61,125,64,61,0,0,0,66,39,27,116,60,56,116,57,59,0,0,0,9,7,2
54550301,120,64,56,120,64,56,0,0,0,49,27,22,114,61,53,120,64,56,0,0,0,0,0,0
54550302,304,161,143,301,160,141,3,1,2,155,92,63,288,153,135,300,159,141,0,0,0,4,2,2
3304770,0,0,0,0,0,0,0,0,0,0,0,0,0,0,0,0,0,0,0,0,0,0,0,0
3917510,0,0,0,0,0,0,0,0,0,0,0,0,0,0,0,0,0,0,0,0,0,0,0,0
54551101,35,21,14,34,20,14,1,1,0,12,7,5,35,21,14,35,21,14,0,0,0,0,0,0
54551104,62,34,28,62,34,28,0,0,0,18,12,6,59,33,26,62,34,28,0,0,0,0,0,0
54551106,1652,799,853,1643,794,849,6,3,3,695,356,339,1568,753,815,1449,700,749,167,72,95,36,27,9
54551108,22,10,12,22,10,12,0,0,0,1,0,1,21,10,11,18,8,10,0,0,0,4,2,2
54551110,43,23,20,43,23,20,0,0,0,16,8,8,42,22,20,29,14,15,2,1,1,12,8,4
54551111,78,47,31,78,47,31,0,0,0,21,14,7,74,44,30,50,31,19,9,7,2,19,9,10
54551112,32,15,17,32,15,17,0,0,0,10,4,6,32,15,17,26,11,15,0,0,0,6,4,2
54551113,43,26,17,43,26,17,0,0,0,6,4,2,43,26,17,39,23,16,0,0,0,4,3,1
54551114,42,22,20,41,21,20,1,1,0,21,12,9,41,22,19,36,20,16,0,0,0,6,2,4
0452761,0,0,0,0,0,0,0,0,0,0,0,0,0,0,0,0,0,0,0,0,0,0,0,0
1502580,0,0,0,0,0,0,0,0,0,0,0,0,0,0,0,0,0,0,0,0,0,0,0,0
54552001,671,354,317,670,354,316,1,0,1,318,187,131,629,332,297,659,347,312,3,1,2,9,6,3
54552002,57,29,28,56,28,28,0,0,0,14,7,7,55,27,28,55,28,27,0,0,0,2,1,1
54552003,43,25,18,43,25,18,0,0,0,12,9,3,40,24,16,43,25,18,0,0,0,0,0,0
54552005,45,24,21,45,24,21,0,0,0,22,12,10,43,24,19,41,22,19,0,0,0,4,2,2
53622901,62,32,30,61,31,30,1,1,0,21,14,7,59,31,28,61,31,30,1,1,0,0,0,0
53622903,39,20,19,39,20,19,0,0,0,18,8,10,38,19,19,36,18,18,0,0,0,3,2,1
0553440,0,0,0,0,0,0,0,0,0,0,0,0,0,0,0,0,0,0,0,0,0,0,0,0
3304420,0,0,0,0,0,0,0,0,0,0,0,0,0,0,0,0,0,0,0,0,0,0,0,0
54554601,102,51,51,102,51,51,0,0,0,35,19,16,96,49,47,98,49,49,0,0,0,4,2,2
54554603,99,59,40,99,59,40,0,0,0,11,6,5,38,17,21,34,16,18,62,42,20,3,1,2
54554605,1024,514,510,1020,512,508,4,2,2,488,262,226,975,490,485,1001,499,502,0,0,0,23,15,8
54555401,584,293,291,582,292,290,2,1,1,245,125,120,547,270,277,556,272,284,0,0,0,28,21,7
54555402,478,235,243,477,235,242,0,0,0,181,98,83,465,228,237,478,235,243,0,0,0,0,0,0
54555403,55,26,29,54,25,29,0,0,0,20,7,13,51,24,27,53,25,28,0,0,0,2,1,1
54555404,136,68,68,136,68,68,0,0,0,64,38,26,130,64,66,136,68,68,0,0,0,0,0,0
54555405,153,80,73,152,79,73,1,1,0,44,24,20,138,73,65,153,80,73,0,0,0,0,0,0
54555406,22,11,11,22,11,11,0,0,0,4,3,1,22,11,11,22,11,11,0,0,0,0,0,0
54555407,121,58,63,120,58,62,0,0,0,50,26,24,112,52,60,120,57,63,0,0,0,1,1,0
54555409,26,13,13,25,12,13,0,0,0,8,3,5,25,12,13,26,13,13,0,0,0,0,0,0
54555410,193,93,100,189,91,98,4,2,2,67,33,34,179,87,92,179,84,95,5,3,2,9,6,3
54555411,63,25,38,63,25,38,0,0,0,27,8,19,59,21,38,62,24,38,0,0,0,1,1,0
54555412,77,40,37,77,40,37,0,0,0,29,14,15,63,32,31,76,40,36,1,0,1,0,0,0
0631260,0,0,0,0,0,0,0,0,0,0,0,0,0,0,0,0,0,0,0,0,0,0,0,0
54556201,344,212,132,269,140,129,64,61,3,183,115,68,320,193,127,234,128,106,89,76,13,21,8,13
54556202,34,21,13,34,21,13,0,0,0,22,16,6,34,21,13,34,21,13,0,0,0,0,0,0
54556203,45,26,19,44,25,19,1,1,0,27,19,8,44,25,19,41,23,18,4,3,1,0,0,0
54556204,72,43,29,71,42,29,0,0,0,32,23,9,63,38,25,62,37,25,1,1,0,9,5,4
54556205,23,12,11,23,12,11,0,0,0,7,4,3,20,10,10,21,11,10,0,0,0,2,1,1
54556206,163,90,73,162,90,72,0,0,0,90,49,41,150,83,67,160,89,71,0,0,0,3,1,2
54556208,68,35,33,68,35,33,0,0,0,35,16,19,66,34,32,66,34,32,0,0,0,2,1,1
54556209,109,59,50,106,56,50,3,3,0,61,35,26,107,57,50,106,56,50,3,3,0,0,0,0
54556210,40,22,18,40,22,18,0,0,0,25,17,8,39,22,17,38,21,17,0,0,0,2,1,1
54556211,77,43,34,77,43,34,0,0,0,38,25,13,76,43,33,75,42,33,0,0,0,2,1,1
54556214,1134,548,586,1092,519,573,39,26,13,486,233,253,1071,509,562,1132,547,585,2,1,1,0,0,0
54556216,850,454,396,798,414,384,50,39,11,387,203,184,794,424,370,722,365,357,29,20,9,99,69,30
54556217,1019,538,481,990,517,473,27,19,8,489,283,206,974,507,467,1014,533,481,5,5,0,0,0,0
54556218,1502,728,774,1448,695,753,49,30,19,638,313,325,1427,692,735,1445,712,733,57,16,41,0,0,0
54556220,1316,677,639,1228,610,618,82,65,17,593,309,284,1215,612,603,1248,615,633,68,62,6,0,0,0
54556221,160,83,77,157,81,76,3,2,1,80,38,42,157,82,75,160,83,77,0,0,0,0,0,0
54556222,38,22,16,38,22,16,0,0,0,23,15,8,36,21,15,31,18,13,0,0,0,7,4,3
54557101,817,423,394,815,422,393,2,1,1,361,209,152,749,394,355,787,408,379,0,0,0,30,15,15
54557102,81,40,41,81,40,41,0,0,0,44,26,18,78,39,39,81,40,41,0,0,0,0,0,0
54557103,95,51,44,95,51,44,0,0,0,48,26,22,94,50,44,95,51,44,0,0,0,0,0,0
54557104,43,22,21,43,22,21,0,0,0,20,10,10,40,21,19,43,22,21,0,0,0,0,0,0
54557105,43,21,22,43,21,22,0,0,0,25,14,11,42,21,21,43,21,22,0,0,0,0,0,0
54557106,170,80,90,169,80,89,1,0,1,74,33,41,158,76,82,170,80,90,0,0,0,0,0,0
54557107,1242,605,637,1232,601,631,9,3,6,593,306,287,1174,574,600,1215,588,627,2,1,1,25,16,9
54557108,86,38,48,86,38,48,0,0,0,48,16,32,83,37,46,82,37,45,0,0,0,4,1,3
54557109,22,9,13,22,9,13,0,0,0,13,5,8,21,9,12,0,0,0,0,0,0,22,9,13
54557110,234,122,112,234,122,112,0,0,0,113,60,53,215,112,103,232,120,112,0,0,0,2,2,0
54557112,86,51,35,85,50,35,0,0,0,53,33,20,80,48,32,85,50,35,0,0,0,1,1,0
54557113,40,25,15,40,25,15,0,0,0,23,18,5,40,25,15,40,25,15,0,0,0,0,0,0
54559701,445,230,215,435,225,210,10,5,5,161,88,73,410,213,197,412,211,201,18,9,9,15,10,5
54559702,139,66,73,139,66,73,0,0,0,46,20,26,129,62,67,19,8,11,18,10,8,102,48,54
54559703,50,26,24,47,24,23,3,2,1,24,11,13,45,23,22,35,18,17,4,3,1,11,5,6
1989190,0,0,0,0,0,0,0,0,0,0,0,0,0,0,0,0,0,0,0,0,0,0,0,0
54560102,60,40,20,60,40,20,0,0,0,36,26,10,58,38,20,59,39,20,0,0,0,1,1,0
54560103,64,31,33,64,31,33,0,0,0,31,14,17,62,29,33,62,30,32,0,0,0,2,1,1
54560105,73,43,30,73,43,30,0,0,0,43,26,17,72,43,29,73,43,30,0,0,0,0,0,0
54560106,1211,601,610,1202,596,606,8,5,3,564,300,264,1139,570,569,1174,571,603,0,0,0,37,30,7
54560107,37,23,14,34,22,12,3,1,2,17,12,5,35,21,14,32,19,13,0,0,0,5,4,1
0911540,0,0,0,0,0,0,0,0,0,0,0,0,0,0,0,0,0,0,0,0,0,0,0,0
54561901,46,22,24,42,19,23,4,3,1,13,7,6,43,21,22,46,22,24,0,0,0,0,0,0
54561902,89,47,42,89,47,42,0,0,0,30,15,15,88,46,42,87,46,41,0,0,0,2,1,1
54561903,39,18,21,39,18,21,0,0,0,16,7,9,39,18,21,38,18,20,0,0,0,1,0,1
54561904,48,25,23,48,25,23,0,0,0,7,3,4,47,25,22,48,25,23,0,0,0,0,0,0
54561905,1014,530,484,1003,522,481,10,7,3,454,249,205,961,499,462,983,509,474,7,3,4,24,18,6
54561906,114,59,55,111,57,54,2,1,1,61,32,29,104,54,50,114,59,55,0,0,0,0,0,0
0871650,0,0,0,0,0,0,0,0,0,0,0,0,0,0,0,0,0,0,0,0,0,0,0,0
1157890,0,0,0,0,0,0,0,0,0,0,0,0,0,0,0,0,0,0,0,0,0,0,0,0
1157970,0,0,0,0,0,0,0,0,0,0,0,0,0,0,0,0,0,0,0,0,0,0,0,0
53629601,72,35,37,72,35,37,0,0,0,31,15,16,72,35,37,59,28,31,0,0,0,13,7,6
53629603,30,17,13,29,16,13,1,1,0,8,5,3,28,15,13,30,17,13,0,0,0,0,0,0
53629604,41,20,21,41,20,21,0,0,0,14,9,5,35,16,19,34,15,19,0,0,0,7,5,2
54562701,59,35,24,58,34,24,1,1,0,30,17,13,57,33,24,58,34,24,1,1,0,0,0,0
54562702,45,24,21,45,24,21,0,0,0,12,7,5,40,21,19,45,24,21,0,0,0,0,0,0
54562704,222,111,111,221,110,111,1,1,0,105,56,49,213,105,108,215,109,106,0,0,0,7,2,5
54562705,77,41,36,77,41,36,0,0,0,24,13,11,77,41,36,75,41,34,0,0,0,2,0,2
54562708,53,25,28,53,25,28,0,0,0,24,13,11,51,24,27,53,25,28,0,0,0,0,0,0
59862301,55,26,29,55,26,29,0,0,0,27,14,13,52,25,27,45,20,25,4,2,2,6,4,2
59862302,230,111,119,230,111,119,0,0,0,113,62,51,217,103,114,224,109,115,0,0,0,6,2,4
54564301,25,16,9,25,16,9,0,0,0,5,5,0,24,16,8,25,16,9,0,0,0,0,0,0
54564302,382,197,185,381,197,184,1,0,1,164,97,67,365,188,177,369,190,179,4,3,1,9,4,5
54564303,47,24,23,47,24,23,0,0,0,16,8,8,43,23,20,47,24,23,0,0,0,0,0,0
51366101,57,28,29,57,28,29,0,0,0,27,15,12,51,25,26,57,28,29,0,0,0,0,0,0
51366103,335,169,166,334,169,165,1,0,1,178,100,78,320,161,159,332,166,166,0,0,0,3,3,0
54566001,32,14,18,32,14,18,0,0,0,18,7,11,29,13,16,32,14,18,0,0,0,0,0,0
54566002,84,49,35,79,45,34,2,1,1,33,21,12,77,46,31,84,49,35,0,0,0,0,0,0
54566003,262,126,136,258,123,135,4,3,1,101,54,47,243,118,125,251,118,133,0,0,0,11,8,3
54566004,91,47,44,89,45,44,2,2,0,42,20,22,87,45,42,88,45,43,0,0,0,3,2,1
54566005,35,20,15,35,20,15,0,0,0,20,14,6,31,18,13,35,20,15,0,0,0,0,0,0
54566006,48,24,24,46,24,22,1,0,1,21,12,9,42,22,20,46,22,24,0,0,0,2,2,0
1248000,0,0,0,0,0,0,0,0,0,0,0,0,0,0,0,0,0,0,0,0,0,0,0,0
54569403,207,112,95,201,106,95,5,5,0,62,33,29,185,100,85,199,105,94,0,0,0,8,7,1
3307520,0,0,0,0,0,0,0,0,0,0,0,0,0,0,0,0,0,0,0,0,0,0,0,0
50019401,52,28,24,51,27,24,1,1,0,18,8,10,48,25,23,46,22,24,1,1,0,5,5,0
50019402,146,78,68,146,78,68,0,0,0,74,39,35,144,76,68,143,76,67,0,0,0,3,2,1
0353190,0,0,0,0,0,0,0,0,0,0,0,0,0,0,0,0,0,0,0,0,0,0,0,0
54571602,32,14,18,32,14,18,0,0,0,7,2,5,25,12,13,30,12,18,2,2,0,0,0,0
54571603,56,27,29,56,27,29,0,0,0,16,9,7,56,27,29,53,25,28,3,2,1,0,0,0
54571605,99,58,41,96,56,40,3,2,1,28,18,10,91,52,39,78,44,34,4,3,1,17,11,6
1359170,0,0,0,0,0,0,0,0,0,0,0,0,0,0,0,0,0,0,0,0,0,0,0,0
54572402,87,47,40,85,46,39,2,1,1,41,26,15,87,47,40,87,47,40,0,0,0,0,0,0
54572404,460,229,231,453,225,228,7,4,3,220,111,109,436,218,218,447,220,227,2,1,1,11,8,3
54572406,32,12,20,32,12,20,0,0,0,6,2,4,32,12,20,30,11,19,0,0,0,2,1,1
54572407,44,27,17,44,27,17,0,0,0,19,12,7,39,23,16,41,26,15,0,0,0,3,1,2
54572409,37,18,19,37,18,19,0,0,0,14,6,8,36,18,18,29,15,14,0,0,0,8,3,5
54573201,188,94,94,187,93,94,0,0,0,79,43,36,175,86,89,188,94,94,0,0,0,0,0,0
54576701,134,72,62,134,72,62,0,0,0,62,37,25,128,70,58,130,70,60,0,0,0,4,2,2
54576702,209,115,94,209,115,94,0,0,0,89,55,34,197,111,86,208,115,93,0,0,0,1,0,1
1428160,0,0,0,0,0,0,0,0,0,0,0,0,0,0,0,0,0,0,0,0,0,0,0,0
54577503,53,31,22,52,30,22,1,1,0,21,14,7,50,29,21,53,31,22,0,0,0,0,0,0
54577506,320,170,150,319,169,150,1,1,0,122,64,58,299,158,141,319,169,150,0,0,0,1,1,0
54577507,26,12,14,26,12,14,0,0,0,7,3,4,25,11,14,26,12,14,0,0,0,0,0,0
54580501,20,14,6,20,14,6,0,0,0,10,10,0,19,13,6,19,13,6,0,0,0,1,1,0
54580502,23,12,11,23,12,11,0,0,0,10,6,4,23,12,11,21,11,10,0,0,0,2,1,1
54580503,315,162,153,314,161,153,1,1,0,159,90,69,308,158,150,315,162,153,0,0,0,0,0,0
53624501,323,161,162,314,157,157,8,3,5,134,68,66,309,155,154,320,158,162,0,0,0,3,3,0
55153801,204,120,84,169,93,76,33,26,7,43,27,16,182,108,74,169,93,76,32,24,8,3,3,0
55153802,125,62,63,122,59,63,2,2,0,45,19,26,123,61,62,125,62,63,0,0,0,0,0,0
55153803,58,31,27,57,30,27,1,1,0,20,10,10,52,27,25,52,29,23,0,0,0,6,2,4
1606360,0,0,0,0,0,0,0,0,0,0,0,0,0,0,0,0,0,0,0,0,0,0,0,0
54581303,229,116,113,229,116,113,0,0,0,91,53,38,201,101,100,216,111,105,6,2,4,7,3,4
54582101,27,15,12,27,15,12,0,0,0,16,11,5,27,15,12,27,15,12,0,0,0,0,0,0
54582102,52,26,26,52,26,26,0,0,0,18,9,9,49,25,24,51,25,26,0,0,0,1,1,0
54582103,59,27,32,59,27,32,0,0,0,38,20,18,56,27,29,59,27,32,0,0,0,0,0,0
54582105,35,17,18,35,17,18,0,0,0,19,9,10,35,17,18,33,16,17,0,0,0,2,1,1
54582106,3445,1693,1752,3395,1658,1737,41,30,11,1416,737,679,3248,1595,1653,3326,1617,1709,75,44,31,44,32,12
54582107,160,82,78,157,79,78,3,3,0,75,44,31,155,78,77,160,82,78,0,0,0,0,0,0
54583001,32,18,14,32,18,14,0,0,0,11,8,3,31,17,14,32,18,14,0,0,0,0,0,0
54583002,45,21,24,42,20,22,2,1,1,24,11,13,43,20,23,37,18,19,0,0,0,8,3,5
54583004,36,20,16,36,20,16,0,0,0,21,12,9,34,19,15,34,19,15,0,0,0,2,1,1
54583005,22,13,9,19,11,8,3,2,1,0,0,0,19,11,8,16,10,6,0,0,0,6,3,3
54583006,88,47,41,88,47,41,0,0,0,51,27,24,78,42,36,88,47,41,0,0,0,0,0,0
54583007,3064,1555,1509,3045,1548,1497,17,7,10,1469,789,680,2907,1480,1427,2945,1479,1466,77,41,36,42,35,7
54583009,37,20,17,36,20,16,1,0,1,13,4,9,34,18,16,31,16,15,0,0,0,6,4,2
54583010,35,17,18,35,17,18,0,0,0,14,8,6,33,17,16,35,17,18,0,0,0,0,0,0
54583011,251,132,119,250,131,119,1,1,0,131,72,59,242,128,114,251,132,119,0,0,0,0,0,0
53630001,88,48,40,87,48,39,1,0,1,46,30,16,85,46,39,88,48,40,0,0,0,0,0,0
53630002,71,30,41,71,30,41,0,0,0,35,15,20,69,28,41,71,30,41,0,0,0,0,0,0
1889812,0,0,0,0,0,0,0,0,0,0,0,0,0,0,0,0,0,0,0,0,0,0,0,0
1890060,0,0,0,0,0,0,0,0,0,0,0,0,0,0,0,0,0,0,0,0,0,0,0,0
54584802,64,36,28,62,35,27,2,1,1,22,14,8,57,31,26,60,33,27,1,1,0,3,2,1
54584803,35,18,17,31,16,15,4,2,2,7,4,3,23,13,10,35,18,17,0,0,0,0,0,0
54584804,49,27,22,49,27,22,0,0,0,18,12,6,49,27,22,49,27,22,0,0,0,0,0,0
54584805,119,71,48,117,70,47,2,1,1,39,24,15,114,66,48,119,71,48,0,0,0,0,0,0
54584806,45,26,19,45,26,19,0,0,0,18,8,10,43,25,18,45,26,19,0,0,0,0,0,0
54584807,206,100,106,159,80,79,47,20,27,87,42,45,191,92,99,205,99,106,1,1,0,0,0,0
54584808,64,33,31,64,33,31,0,0,0,40,22,18,63,32,31,64,33,31,0,0,0,0,0,0
54584809,1861,938,923,1778,898,880,78,36,42,832,444,388,1766,891,875,1810,909,901,18,6,12,33,23,10
54586401,133,65,68,133,65,68,0,0,0,60,36,24,129,64,65,132,64,68,0,0,0,1,1,0
54586402,197,95,102,196,94,102,1,1,0,89,47,42,185,88,97,197,95,102,0,0,0,0,0,0
54586403,264,127,137,264,127,137,0,0,0,117,59,58,254,121,133,264,127,137,0,0,0,0,0,0
54586404,178,94,84,178,94,84,0,0,0,78,38,40,168,89,79,163,83,80,0,0,0,15,11,4
54587201,72,40,32,72,40,32,0,0,0,37,22,15,66,36,30,72,40,32,0,0,0,0,0,0
54587202,288,149,139,287,149,138,0,0,0,142,79,63,271,141,130,285,146,139,0,0,0,3,3,0
54587203,64,33,31,64,33,31,0,0,0,23,13,10,63,33,30,64,33,31,0,0,0,0,0,0
53623701,95,43,52,95,43,52,0,0,0,41,19,22,94,43,51,95,43,52,0,0,0,0,0,0
56272601,108,61,47,108,61,47,0,0,0,72,45,27,107,61,46,108,61,47,0,0,0,0,0,0
56254801,116,57,59,116,57,59,0,0,0,46,25,21,107,52,55,116,57,59,0,0,0,0,0,0
56105301,182,93,89,182,93,89,0,0,0,65,38,27,166,85,81,178,90,88,0,0,0,4,3,1
56171101,279,141,138,276,140,136,3,1,2,109,55,54,272,138,134,252,125,127,0,0,0,27,16,11
56171103,27,11,16,27,11,16,0,0,0,5,1,4,26,10,16,27,11,16,0,0,0,0,0,0
56171104,52,26,26,51,26,25,1,0,1,12,5,7,48,25,23,41,21,20,0,0,0,11,5,6
56171105,42,21,21,42,21,21,0,0,0,11,7,4,40,20,20,38,19,19,0,0,0,4,2,2
56171106,68,41,27,68,41,27,0,0,0,17,13,4,63,37,26,67,41,26,0,0,0,1,0,1
56274201,97,48,49,97,48,49,0,0,0,42,23,19,90,45,45,97,48,49,0,0,0,0,0,0
50773301,113,59,54,113,59,54,0,0,0,59,35,24,107,56,51,110,57,53,0,0,0,3,2,1
54602001,23,15,8,23,15,8,0,0,0,14,10,4,19,13,6,23,15,8,0,0,0,0,0,0
54602002,185,96,89,185,96,89,0,0,0,88,51,37,173,90,83,185,96,89,0,0,0,0,0,0
54603801,408,204,204,406,202,204,1,1,0,252,126,126,391,198,193,400,198,202,0,0,0,8,6,2
54603802,150,77,73,150,77,73,0,0,0,90,53,37,143,74,69,150,77,73,0,0,0,0,0,0
54603803,36,18,18,36,18,18,0,0,0,20,12,8,36,18,18,36,18,18,0,0,0,0,0,0
54603804,86,48,38,86,48,38,0,0,0,48,30,18,80,46,34,86,48,38,0,0,0,0,0,0
50919101,158,81,77,158,81,77,0,0,0,68,40,28,152,77,75,152,75,77,0,0,0,6,6,0
54605401,297,161,136,295,159,136,2,2,0,151,82,69,290,155,135,292,157,135,0,0,0,5,4,1
54605402,86,38,48,86,38,48,0,0,0,39,16,23,78,35,43,85,37,48,0,0,0,1,1,0
54605403,43,22,21,43,22,21,0,0,0,17,11,6,39,20,19,43,22,21,0,0,0,0,0,0
54605404,65,30,35,63,29,34,2,1,1,33,15,18,64,30,34,56,26,30,0,0,0,9,4,5
50911601,208,110,98,208,110,98,0,0,0,100,64,36,204,109,95,208,110,98,0,0,0,0,0,0
54608901,3327,1656,1671,3067,1510,1557,231,127,104,1521,774,747,3114,1549,1565,3110,1544,1566,154,72,82,63,40,23
54609701,566,290,276,563,289,274,3,1,2,266,149,117,547,278,269,558,285,273,3,1,2,5,4,1
54609703,22,11,11,21,10,11,1,1,0,4,2,2,21,10,11,20,10,10,0,0,0,2,1,1
54609705,58,29,29,58,29,29,0,0,0,26,10,16,52,27,25,56,28,28,0,0,0,2,1,1
54609706,128,62,66,128,62,66,0,0,0,78,38,40,124,61,63,123,60,63,0,0,0,5,2,3
54609707,63,28,35,63,28,35,0,0,0,22,12,10,58,25,33,61,27,34,2,1,1,0,0,0
54609711,35,18,17,35,18,17,0,0,0,15,9,6,34,17,17,35,18,17,0,0,0,0,0,0
54610101,383,206,177,383,206,177,0,0,0,216,128,88,368,202,166,358,193,165,1,1,0,24,12,12
54610102,41,22,19,41,22,19,0,0,0,17,10,7,40,21,19,41,22,19,0,0,0,0,0,0
54610103,43,20,23,43,20,23,0,0,0,20,9,11,41,19,22,41,19,22,0,0,0,2,1,1
54610104,62,33,29,61,33,28,0,0,0,23,15,8,57,32,25,57,31,26,1,0,1,4,2,2
54610106,50,26,24,50,26,24,0,0,0,27,14,13,46,24,22,50,26,24,0,0,0,0,0,0
54610107,106,49,57,106,49,57,0,0,0,49,26,23,98,45,53,102,47,55,0,0,0,4,2,2
56170301,242,122,120,241,122,119,0,0,0,124,68,56,232,115,117,229,114,115,1,1,0,12,7,5
56170303,75,39,36,75,39,36,0,0,0,34,20,14,72,38,34,69,35,34,0,0,0,6,4,2
56170304,155,80,75,155,80,75,0,0,0,92,52,40,149,76,73,154,79,75,0,0,0,1,1,0
3082180,0,0,0,0,0,0,0,0,0,0,0,0,0,0,0,0,0,0,0,0,0,0,0,0
3082260,0,0,0,0,0,0,0,0,0,0,0,0,0,0,0,0,0,0,0,0,0,0,0,0
3082340,0,0,0,0,0,0,0,0,0,0,0,0,0,0,0,0,0,0,0,0,0,0,0,0
54612701,380,194,186,379,194,185,1,0,1,248,132,116,372,191,181,380,194,186,0,0,0,0,0,0
54612702,150,80,70,150,80,70,0,0,0,82,47,35,139,73,66,150,80,70,0,0,0,0,0,0
54612703,42,21,21,42,21,21,0,0,0,25,13,12,42,21,21,42,21,21,0,0,0,0,0,0
54612704,318,162,156,314,158,156,4,4,0,207,107,100,304,154,150,318,162,156,0,0,0,0,0,0
54612705,96,41,55,96,41,55,0,0,0,63,29,34,96,41,55,96,41,55,0,0,0,0,0,0
54612706,89,45,44,88,45,43,1,0,1,59,36,23,85,45,40,77,38,39,0,0,0,12,7,5
54612707,115,56,59,115,56,59,0,0,0,67,34,33,106,52,54,115,56,59,0,0,0,0,0,0
54612708,55,29,26,55,29,26,0,0,0,37,20,17,52,28,24,55,29,26,0,0,0,0,0,0
54612709,176,93,83,175,93,82,1,0,1,109,61,48,171,90,81,176,93,83,0,0,0,0,0,0
54612710,141,66,75,141,66,75,0,0,0,95,52,43,134,64,70,140,66,74,0,0,0,1,0,1
54612711,140,68,72,140,68,72,0,0,0,95,52,43,137,66,71,136,66,70,0,0,0,4,2,2
54612712,728,349,379,722,345,377,6,4,2,401,204,197,696,337,359,617,287,330,42,9,33,69,53,16
54612713,324,157,167,323,156,167,1,1,0,147,77,70,296,147,149,247,132,115,77,25,52,0,0,0
54612714,882,434,448,881,434,447,1,0,1,538,290,248,862,423,439,861,429,432,21,5,16,0,0,0
54612715,548,271,277,545,270,275,3,1,2,324,166,158,525,260,265,548,271,277,0,0,0,0,0,0
54612716,2838,1335,1503,2825,1324,1501,10,8,2,1506,746,760,2711,1271,1440,2826,1329,1497,11,5,6,1,1,0
54614301,47,27,20,47,27,20,0,0,0,21,14,7,46,26,20,47,27,20,0,0,0,0,0,0
54614302,269,140,129,268,139,129,0,0,0,159,79,80,253,133,120,258,133,125,0,0,0,11,7,4
54614303,29,16,13,29,16,13,0,0,0,13,9,4,28,15,13,29,16,13,0,0,0,0,0,0
54614304,28,15,13,28,15,13,0,0,0,11,5,6,27,15,12,28,15,13,0,0,0,0,0,0
54614305,42,19,23,42,19,23,0,0,0,23,9,14,40,18,22,41,18,23,0,0,0,1,1,0
54614306,50,26,24,50,26,24,0,0,0,15,8,7,47,26,21,50,26,24,0,0,0,0,0,0
54614307,111,51,60,110,50,60,1,1,0,59,31,28,106,49,57,111,51,60,0,0,0,0,0,0
54615101,667,331,336,666,331,335,1,0,1,294,159,135,640,319,321,654,323,331,0,0,0,13,8,5
54615102,29,16,13,29,16,13,0,0,0,14,12,2,29,16,13,29,16,13,0,0,0,0,0,0
52975301,74,42,32,74,42,32,0,0,0,26,18,8,71,40,31,68,39,29,0,0,0,6,3,3
56241601,45,26,19,45,26,19,0,0,0,31,19,12,43,25,18,45,26,19,0,0,0,0,0,0
56246701,406,201,205,404,200,204,2,1,1,114,54,60,376,184,192,362,176,186,5,3,2,39,22,17
56260201,82,44,38,82,44,38,0,0,0,32,17,15,79,43,36,82,44,38,0,0,0,0,0,0
56260202,68,37,31,68,37,31,0,0,0,31,16,15,64,34,30,67,36,31,0,0,0,1,1,0
56284001,82,40,42,82,40,42,0,0,0,29,18,11,77,37,40,76,38,38,0,0,0,6,2,4
56284002,334,152,182,334,152,182,0,0,0,145,65,80,301,142,159,328,147,181,0,0,0,6,5,1
50761001,85,42,43,85,42,43,0,0,0,36,22,14,82,41,41,85,42,43,0,0,0,0,0,0
56098702,51,24,27,51,24,27,0,0,0,23,15,8,49,23,26,48,22,26,0,0,0,3,2,1
56281501,218,112,106,218,112,106,0,0,0,91,48,43,201,104,97,214,110,104,0,0,0,4,2,2
50914101,344,163,181,340,162,178,4,1,3,142,73,69,322,156,166,337,160,177,0,0,0,7,3,4
56263701,148,68,80,148,68,80,0,0,0,83,44,39,139,62,77,145,65,80,0,0,0,3,3,0
56269601,48,22,26,48,22,26,0,0,0,24,14,10,47,22,25,48,22,26,0,0,0,0,0,0
56280701,167,85,82,166,84,82,1,1,0,80,41,39,163,83,80,165,84,81,0,0,0,2,1,1
56238601,93,52,41,92,51,41,1,1,0,40,19,21,92,52,40,78,42,36,1,1,0,14,9,5
56238602,254,124,130,247,120,127,7,4,3,89,49,40,242,120,122,248,122,126,0,0,0,6,2,4
54629102,136,66,70,135,65,70,1,1,0,59,28,31,120,59,61,129,63,66,0,0,0,7,3,4
54629103,31,14,17,31,14,17,0,0,0,20,12,8,31,14,17,26,12,14,0,0,0,5,2,3
54629104,71,35,36,71,35,36,0,0,0,37,24,13,63,32,31,71,35,36,0,0,0,0,0,0
54630501,86,40,46,86,40,46,0,0,0,47,20,27,82,40,42,85,40,45,0,0,0,1,0,1
59865801,90,43,47,90,43,47,0,0,0,41,19,22,88,43,45,90,43,47,0,0,0,0,0,0
56278501,74,40,34,74,40,34,0,0,0,37,25,12,74,40,34,71,37,34,0,0,0,3,3,0
54636401,47,21,26,47,21,26,0,0,0,23,9,14,47,21,26,0,0,0,2,1,1,45,20,25
54636402,399,202,197,396,200,196,3,2,1,186,107,79,387,196,191,394,197,197,0,0,0,5,5,0
54636403,99,51,48,99,51,48,0,0,0,44,26,18,93,48,45,94,47,47,0,0,0,5,4,1
0439232,0,0,0,0,0,0,0,0,0,0,0,0,0,0,0,0,0,0,0,0,0,0,0,0
54638102,184,90,94,184,90,94,0,0,0,77,46,31,167,86,81,184,90,94,0,0,0,0,0,0
54638104,68,34,34,68,34,34,0,0,0,21,11,10,62,31,31,68,34,34,0,0,0,0,0,0
56106101,208,99,109,208,99,109,0,0,0,57,32,25,196,95,101,207,98,109,0,0,0,1,1,0
56231901,134,73,61,134,73,61,0,0,0,77,49,28,121,65,56,128,70,58,0,0,0,6,3,3
54640201,386,183,203,384,182,202,2,1,1,167,77,90,374,179,195,378,178,200,0,0,0,8,5,3
54640202,31,19,12,31,19,12,0,0,0,10,7,3,27,16,11,31,19,12,0,0,0,0,0,0
56283101,75,38,37,74,38,36,1,0,1,28,18,10,69,36,33,62,34,28,1,1,0,12,3,9
54644501,40,18,22,40,18,22,0,0,0,23,13,10,39,18,21,40,18,22,0,0,0,0,0,0
54644502,290,144,146,290,144,146,0,0,0,180,99,81,285,143,142,290,144,146,0,0,0,0,0,0
54646101,907,451,456,903,447,456,3,3,0,384,213,171,865,429,436,876,427,449,0,0,0,31,24,7
54646102,213,102,111,208,99,109,5,3,2,99,50,49,200,99,101,213,102,111,0,0,0,0,0,0
54646103,27,17,10,25,15,10,2,2,0,15,9,6,27,17,10,27,17,10,0,0,0,0,0,0
54646104,26,14,12,25,14,11,1,0,1,6,3,3,21,12,9,16,8,8,0,0,0,10,6,4
54646105,34,17,17,34,17,17,0,0,0,18,10,8,32,16,16,34,17,17,0,0,0,0,0,0
54646106,41,24,17,40,23,17,1,1,0,22,11,11,41,24,17,40,23,17,1,1,0,0,0,0
54646107,236,104,132,236,104,132,0,0,0,120,57,63,228,101,127,197,93,104,34,9,25,5,2,3
54646108,87,44,43,87,44,43,0,0,0,35,23,12,82,42,40,87,44,43,0,0,0,0,0,0
54646109,84,41,43,84,41,43,0,0,0,41,23,18,78,39,39,83,40,43,0,0,0,1,1,0
54646110,178,90,88,177,89,88,1,1,0,104,53,51,162,80,82,177,89,88,0,0,0,1,1,0
54650001,57,24,33,57,24,33,0,0,0,24,13,11,57,24,33,57,24,33,0,0,0,0,0,0
54650002,44,22,22,44,22,22,0,0,0,24,14,10,40,22,18,43,21,22,0,0,0,1,1,0
54650004,671,337,334,670,336,334,1,1,0,319,176,143,648,327,321,649,320,329,0,0,0,22,17,5
54650005,25,14,11,25,14,11,0,0,0,12,7,5,22,13,9,25,14,11,0,0,0,0,0,0
54650006,88,41,47,87,40,47,1,1,0,32,16,16,79,39,40,87,41,46,0,0,0,1,0,1
54650007,154,77,77,153,77,76,1,0,1,74,41,33,144,72,72,154,77,77,0,0,0,0,0,0
54650008,30,15,15,30,15,15,0,0,0,19,12,7,29,14,15,30,15,15,0,0,0,0,0,0
56276901,123,60,63,123,60,63,0,0,0,56,28,28,122,60,62,123,60,63,0,0,0,0,0,0
0606070,0,0,0,0,0,0,0,0,0,0,0,0,0,0,0,0,0,0,0,0,0,0,0,0
0606580,0,0,0,0,0,0,0,0,0,0,0,0,0,0,0,0,0,0,0,0,0,0,0,0
3082510,0,0,0,0,0,0,0,0,0,0,0,0,0,0,0,0,0,0,0,0,0,0,0,0
3378030,0,0,0,0,0,0,0,0,0,0,0,0,0,0,0,0,0,0,0,0,0,0,0,0
54588101,245,120,125,245,120,125,0,0,0,143,77,66,232,114,118,245,120,125,0,0,0,0,0,0
54588102,55,31,24,55,31,24,0,0,0,19,13,6,52,30,22,51,28,23,0,0,0,4,3,1
54588103,262,135,127,262,135,127,0,0,0,150,79,71,244,129,115,259,134,125,0,0,0,3,1,2
54588104,252,121,131,245,118,127,5,3,2,136,70,66,236,113,123,250,120,130,0,0,0,2,1,1
54588105,271,126,145,271,126,145,0,0,0,156,77,79,254,119,135,271,126,145,0,0,0,0,0,0
54588106,195,92,103,195,92,103,0,0,0,121,65,56,172,84,88,183,88,95,12,4,8,0,0,0
54588107,250,132,118,249,132,117,0,0,0,167,88,79,238,126,112,247,131,116,0,0,0,3,1,2
54588108,754,335,419,749,331,418,5,4,1,321,165,156,686,300,386,638,306,332,113,28,85,3,1,2
54588109,586,291,295,586,291,295,0,0,0,352,179,173,571,283,288,586,291,295,0,0,0,0,0,0
54588110,388,190,198,388,190,198,0,0,0,211,112,99,382,188,194,387,189,198,0,0,0,1,1,0
54588111,215,107,108,214,106,108,1,1,0,132,77,55,206,103,103,215,107,108,0,0,0,0,0,0
54588112,79,45,34,79,45,34,0,0,0,44,26,18,78,45,33,79,45,34,0,0,0,0,0,0
54588113,590,295,295,563,275,288,22,18,4,293,155,138,555,279,276,590,295,295,0,0,0,0,0,0
54588114,1074,494,580,1069,490,579,4,3,1,508,253,255,1025,474,551,1074,494,580,0,0,0,0,0,0
54588115,287,127,160,285,125,160,1,1,0,136,68,68,272,117,155,244,105,139,43,22,21,0,0,0
54588116,1296,593,703,1281,582,699,13,10,3,666,334,332,1232,560,672,1295,593,702,1,0,1,0,0,0
54588117,50,25,25,50,25,25,0,0,0,25,14,11,50,25,25,50,25,25,0,0,0,0,0,0
54588118,772,432,340,721,406,315,46,23,23,321,186,135,696,404,292,422,199,223,90,33,57,260,200,60
54588119,82,46,36,76,41,35,6,5,1,38,20,18,71,40,31,52,27,25,9,8,1,21,11,10
54588122,879,435,444,875,432,443,4,3,1,552,275,277,864,427,437,876,433,443,2,2,0,1,0,1
54588123,1139,517,622,1134,514,620,5,3,2,596,277,319,1109,502,607,1026,471,555,110,44,66,3,2,1
54588126,1254,604,650,1248,601,647,5,3,2,690,362,328,1217,581,636,1243,599,644,11,5,6,0,0,0
54588127,619,278,341,615,275,340,3,3,0,309,144,165,602,267,335,134,64,70,11,6,5,474,208,266
54588129,77,36,41,73,34,39,4,2,2,49,25,24,73,36,37,77,36,41,0,0,0,0,0,0
54588130,231,121,110,230,120,110,1,1,0,130,68,62,224,120,104,223,117,106,7,4,3,1,0,1
54588131,3060,1422,1638,3037,1407,1630,23,15,8,1511,745,766,2957,1378,1579,3060,1422,1638,0,0,0,0,0,0
54588132,1626,763,863,1610,751,859,14,11,3,735,365,370,1552,725,827,1625,762,863,0,0,0,1,1,0
54588133,76,37,39,76,37,39,0,0,0,42,16,26,75,36,39,60,34,26,0,0,0,16,3,13
54588134,27,15,12,27,15,12,0,0,0,18,8,10,27,15,12,27,15,12,0,0,0,0,0,0
54588135,33,14,19,33,14,19,0,0,0,21,8,13,32,13,19,32,13,19,1,1,0,0,0,0
54588136,1186,564,622,1181,563,618,3,0,3,693,353,340,1145,544,601,1177,557,620,4,3,1,5,4,1
54588137,159,83,76,157,82,75,2,1,1,80,46,34,157,82,75,159,83,76,0,0,0,0,0,0
54588138,2368,1083,1285,2354,1078,1276,14,5,9,1224,600,624,2303,1044,1259,2356,1082,1274,12,1,11,0,0,0
56249101,108,60,48,107,59,48,1,1,0,30,17,13,104,57,47,103,56,47,0,0,0,5,4,1
59863101,76,37,39,75,37,38,0,0,0,37,17,20,73,36,37,76,37,39,0,0,0,0,0,0
54654201,1882,938,944,1858,927,931,23,10,13,775,427,348,1769,886,883,1859,924,935,0,0,0,23,14,9
54654202,49,25,24,49,25,24,0,0,0,32,19,13,43,23,20,49,25,24,0,0,0,0,0,0
54654203,26,14,12,26,14,12,0,0,0,8,5,3,25,13,12,24,13,11,0,0,0,2,1,1
54654204,86,47,39,86,47,39,0,0,0,54,35,19,78,42,36,86,47,39,0,0,0,0,0,0
54654205,104,55,49,103,54,49,0,0,0,34,18,16,89,49,40,102,53,49,0,0,0,2,2,0
56268801,164,82,82,162,81,81,2,1,1,76,41,35,156,78,78,164,82,82,0,0,0,0,0,0
50910801,302,155,147,301,155,146,0,0,0,129,73,56,286,146,140,302,155,147,0,0,0,0,0,0
50835701,164,90,74,164,90,74,0,0,0,83,50,33,146,80,66,148,79,69,16,11,5,0,0,0
0775692,0,0,0,0,0,0,0,0,0,0,0,0,0,0,0,0,0,0,0,0,0,0,0,0
0775772,0,0,0,0,0,0,0,0,0,0,0,0,0,0,0,0,0,0,0,0,0,0,0,0
54661503,1111,562,549,1097,554,543,13,7,6,546,294,252,1058,527,531,1072,541,531,19,8,11,20,13,7
54661504,58,31,27,58,31,27,0,0,0,39,26,13,57,31,26,58,31,27,0,0,0,0,0,0
54661505,97,48,49,97,48,49,0,0,0,58,30,28,94,46,48,90,44,46,0,0,0,7,4,3
54661508,23,10,13,23,10,13,0,0,0,7,4,3,22,9,13,16,5,11,0,0,0,7,5,2
54661509,93,47,46,92,46,46,1,1,0,50,26,24,85,42,43,93,47,46,0,0,0,0,0,0
54662302,540,282,258,535,279,256,5,3,2,242,136,106,510,270,240,511,269,242,4,2,2,25,11,14
54666601,419,212,207,419,212,207,0,0,0,207,104,103,402,204,198,405,202,203,0,0,0,14,10,4
54666602,22,9,13,22,9,13,0,0,0,4,2,2,20,8,12,21,9,12,0,0,0,1,0,1
54666603,202,107,95,202,107,95,0,0,0,85,50,35,188,101,87,202,107,95,0,0,0,0,0,0
54667401,1701,829,872,1700,829,871,1,0,1,771,422,349,1615,784,831,1615,792,823,39,8,31,47,29,18
50850101,423,206,217,421,205,216,2,1,1,182,99,83,404,199,205,411,198,213,0,0,0,12,8,4
54671201,122,62,60,121,61,60,1,1,0,50,27,23,114,59,55,122,62,60,0,0,0,0,0,0
54671202,40,18,22,40,18,22,0,0,0,13,4,9,39,17,22,40,18,22,0,0,0,0,0,0
54671203,320,154,166,319,153,166,1,1,0,124,66,58,298,142,156,311,148,163,0,0,0,9,6,3
1986250,0,0,0,0,0,0,0,0,0,0,0,0,0,0,0,0,0,0,0,0,0,0,0,0
54679801,136,70,66,136,70,66,0,0,0,63,36,27,131,68,63,136,70,66,0,0,0,0,0,0
54679802,33,18,15,33,18,15,0,0,0,12,6,6,32,17,15,29,16,13,0,0,0,4,2,2
54679803,143,70,73,143,70,73,0,0,0,76,37,39,140,67,73,143,70,73,0,0,0,0,0,0
54679804,46,26,20,46,26,20,0,0,0,27,18,9,46,26,20,46,26,20,0,0,0,0,0,0
54679806,49,24,25,49,24,25,0,0,0,25,10,15,46,22,24,47,23,24,0,0,0,2,1,1
54679808,2449,1221,1228,2433,1211,1222,13,8,5,1469,761,708,2349,1173,1176,2391,1180,1211,1,1,0,57,40,17
54679809,67,35,32,63,31,32,2,2,0,37,17,20,59,29,30,62,33,29,0,0,0,5,2,3
54679811,56,29,27,55,28,27,1,1,0,33,16,17,53,27,26,56,29,27,0,0,0,0,0,0
54679812,59,32,27,59,32,27,0,0,0,23,13,10,57,31,26,59,32,27,0,0,0,0,0,0
54679814,21,10,11,21,10,11,0,0,0,3,1,2,20,9,11,21,10,11,0,0,0,0,0,0
54679815,30,17,13,30,17,13,0,0,0,13,7,6,30,17,13,30,17,13,0,0,0,0,0,0
56273401,120,61,59,118,60,58,2,1,1,49,26,23,117,59,58,120,61,59,0,0,0,0,0,0
54680101,29,16,13,29,16,13,0,0,0,19,13,6,27,14,13,29,16,13,0,0,0,0,0,0
54680103,2139,1055,1084,2128,1050,1078,10,5,5,983,517,466,2032,993,1039,2082,1015,1067,7,3,4,50,37,13
56236001,211,107,104,211,107,104,0,0,0,84,48,36,201,103,98,209,106,103,0,0,0,2,1,1
56236002,20,11,9,20,11,9,0,0,0,10,4,6,20,11,9,20,11,9,0,0,0,0,0,0
56236003,64,31,33,64,31,33,0,0,0,33,20,13,62,30,32,64,31,33,0,0,0,0,0,0
56236005,35,21,14,35,21,14,0,0,0,13,8,5,33,20,13,35,21,14,0,0,0,0,0,0
54684401,132,67,65,132,67,65,0,0,0,63,35,28,127,64,63,131,66,65,0,0,0,1,1,0
54684402,21,13,8,21,13,8,0,0,0,7,6,1,19,12,7,21,13,8,0,0,0,0,0,0
54684403,100,59,41,100,59,41,0,0,0,30,14,16,87,51,36,100,59,41,0,0,0,0,0,0
54684404,73,39,34,73,39,34,0,0,0,27,20,7,69,37,32,66,37,29,0,0,0,7,2,5
54684405,361,192,169,361,192,169,0,0,0,178,101,77,338,177,161,347,180,167,1,1,0,13,11,2
56247501,214,107,107,213,106,107,1,1,0,92,51,41,190,93,97,214,107,107,0,0,0,0,0,0
50771701,119,65,54,119,65,54,0,0,0,62,35,27,104,60,44,119,65,54,0,0,0,0,0,0
50771702,300,159,141,298,157,141,1,1,0,144,88,56,295,158,137,293,154,139,0,0,0,7,5,2
50771703,44,26,18,44,26,18,0,0,0,19,15,4,39,24,15,37,22,15,0,0,0,7,4,3
54691701,43,19,24,43,19,24,0,0,0,17,11,6,36,15,21,43,19,24,0,0,0,0,0,0
54691703,38,21,17,38,21,17,0,0,0,15,9,6,36,19,17,38,21,17,0,0,0,0,0,0
54691705,24,11,13,24,11,13,0,0,0,12,5,7,23,11,12,24,11,13,0,0,0,0,0,0
54691706,288,150,138,288,150,138,0,0,0,131,79,52,272,140,132,277,140,137,0,0,0,11,10,1
54691707,56,26,30,56,26,30,0,0,0,29,15,14,55,25,30,53,24,29,1,1,0,2,1,1
56107001,103,53,50,102,53,49,1,0,1,40,23,17,95,50,45,102,52,50,0,0,0,1,1,0
50907801,432,208,224,432,208,224,0,0,0,204,105,99,413,200,213,412,199,213,1,1,0,19,8,11
50762801,171,89,82,171,89,82,0,0,0,78,42,36,163,85,78,169,87,82,0,0,0,2,2,0
54696801,27,12,15,27,12,15,0,0,0,9,4,5,27,12,15,27,12,15,0,0,0,0,0,0
54696802,100,48,52,100,48,52,0,0,0,54,34,20,100,48,52,100,48,52,0,0,0,0,0,0
54696803,92,51,41,92,51,41,0,0,0,48,30,18,91,51,40,92,51,41,0,0,0,0,0,0
54696804,30,17,13,30,17,13,0,0,0,8,6,2,30,17,13,30,17,13,0,0,0,0,0,0
54696805,54,30,24,54,30,24,0,0,0,20,13,7,53,29,24,54,30,24,0,0,0,0,0,0
54696806,190,101,89,189,100,89,1,1,0,89,56,33,179,98,81,180,94,86,0,0,0,10,7,3
54696807,44,22,22,44,22,22,0,0,0,20,11,9,44,22,22,44,22,22,0,0,0,0,0,0
54696808,55,30,25,55,30,25,0,0,0,29,20,9,53,28,25,55,30,25,0,0,0,0,0,0
56245901,114,51,63,114,51,63,0,0,0,51,25,26,108,48,60,110,49,61,0,0,0,4,2,2
56267001,109,56,53,109,56,53,0,0,0,39,24,15,100,52,48,109,56,53,0,0,0,0,0,0
56265301,83,41,42,82,40,42,0,0,0,39,15,24,74,35,39,80,39,41,0,0,0,3,2,1
54699201,80,41,39,80,41,39,0,0,0,35,21,14,75,40,35,79,40,39,0,0,0,1,1,0
54699203,388,205,183,387,205,182,1,0,1,180,105,75,362,190,172,376,197,179,0,0,0,12,8,4
56108802,275,142,133,274,142,132,0,0,0,105,61,44,252,130,122,272,139,133,1,1,0,2,2,0
1986170,0,0,0,0,0,0,0,0,0,0,0,0,0,0,0,0,0,0,0,0,0,0,0,0
54706901,61,30,31,60,30,30,1,0,1,19,9,10,58,29,29,61,30,31,0,0,0,0,0,0
54706903,553,290,263,509,259,250,41,30,11,243,133,110,490,256,234,512,262,250,36,26,10,5,2,3
50778401,188,95,93,186,95,91,2,0,2,74,43,31,177,93,84,187,94,93,0,0,0,1,1,0
54708501,255,140,115,249,135,114,6,5,1,100,57,43,238,130,108,239,130,109,6,4,2,10,6,4
54708502,364,189,175,360,185,175,4,4,0,143,76,67,347,179,168,356,183,173,0,0,0,8,6,2
50800401,210,103,107,208,101,107,1,1,0,108,59,49,203,102,101,210,103,107,0,0,0,0,0,0
56099501,61,28,33,61,28,33,0,0,0,19,9,10,58,26,32,58,25,33,0,0,0,3,3,0
1985280,0,0,0,0,0,0,0,0,0,0,0,0,0,0,0,0,0,0,0,0,0,0,0,0
54716603,55,33,22,55,33,22,0,0,0,30,22,8,55,33,22,55,33,22,0,0,0,0,0,0
54716604,2105,1061,1044,2084,1046,1038,20,14,6,1209,633,576,2017,1018,999,2041,1021,1020,20,5,15,44,35,9
54716606,44,21,23,44,21,23,0,0,0,21,12,9,42,20,22,42,20,22,0,0,0,2,1,1
54716607,37,19,18,37,19,18,0,0,0,15,10,5,35,17,18,30,16,14,0,0,0,7,3,4
56104502,113,53,60,113,53,60,0,0,0,39,22,17,98,46,52,102,50,52,0,0,0,11,3,8
56237801,123,70,53,123,70,53,0,0,0,67,40,27,123,70,53,115,64,51,0,0,0,8,6,2
56237802,70,31,39,70,31,39,0,0,0,46,17,29,67,30,37,65,27,38,0,0,0,5,4,1
54720401,36,17,19,36,17,19,0,0,0,15,9,6,36,17,19,36,17,19,0,0,0,0,0,0
54720403,401,200,201,396,199,197,5,1,4,166,86,80,373,189,184,381,187,194,0,0,0,20,13,7
54720404,70,32,38,70,32,38,0,0,0,36,17,19,65,31,34,66,30,36,0,0,0,4,2,2
1985360,0,0,0,0,0,0,0,0,0,0,0,0,0,0,0,0,0,0,0,0,0,0,0,0
1985440,0,0,0,0,0,0,0,0,0,0,0,0,0,0,0,0,0,0,0,0,0,0,0,0
1985520,0,0,0,0,0,0,0,0,0,0,0,0,0,0,0,0,0,0,0,0,0,0,0,0
1985610,0,0,0,0,0,0,0,0,0,0,0,0,0,0,0,0,0,0,0,0,0,0,0,0
1985790,0,0,0,0,0,0,0,0,0,0,0,0,0,0,0,0,0,0,0,0,0,0,0,0
1985870,0,0,0,0,0,0,0,0,0,0,0,0,0,0,0,0,0,0,0,0,0,0,0,0
1985950,0,0,0,0,0,0,0,0,0,0,0,0,0,0,0,0,0,0,0,0,0,0,0,0
1986090,0,0,0,0,0,0,0,0,0,0,0,0,0,0,0,0,0,0,0,0,0,0,0,0
54721204,400,208,192,398,206,192,2,2,0,179,103,76,375,192,183,389,199,190,0,0,0,11,9,2
54721207,36,21,15,36,21,15,0,0,0,15,10,5,34,19,15,34,20,14,0,0,0,2,1,1
54722101,96,40,56,96,40,56,0,0,0,38,16,22,92,38,54,96,40,56,0,0,0,0,0,0
54722102,24,12,12,24,12,12,0,0,0,9,4,5,24,12,12,24,12,12,0,0,0,0,0,0
54722103,22,9,13,22,9,13,0,0,0,13,5,8,22,9,13,17,6,11,0,0,0,5,3,2
54722105,702,335,367,702,335,367,0,0,0,295,157,138,675,323,352,681,323,358,0,0,0,21,12,9
54723901,218,113,105,218,113,105,0,0,0,104,59,45,207,108,99,218,113,105,0,0,0,0,0,0
54723902,67,32,35,67,32,35,0,0,0,26,16,10,64,31,33,63,31,32,0,0,0,4,1,3
54723903,70,35,35,61,29,32,8,5,3,21,11,10,65,32,33,70,35,35,0,0,0,0,0,0
54723905,1015,507,508,1008,502,506,6,5,1,498,268,230,959,480,479,996,492,504,3,2,1,16,13,3
54724701,72,35,37,72,35,37,0,0,0,38,18,20,71,34,37,72,35,37,0,0,0,0,0,0
54724702,134,68,66,134,68,66,0,0,0,64,35,29,122,63,59,134,68,66,0,0,0,0,0,0
54724703,246,124,122,246,124,122,0,0,0,100,57,43,228,116,112,240,118,122,0,0,0,6,6,0
50815203,164,93,71,156,87,69,8,6,2,57,31,26,148,83,65,135,73,62,4,4,0,25,16,9
50815204,321,156,165,318,153,165,2,2,0,122,65,57,312,151,161,306,149,157,0,0,0,15,7,8
50815205,55,23,32,55,23,32,0,0,0,21,9,12,54,23,31,5,3,2,0,0,0,50,20,30
54726301,59,23,36,58,23,35,1,0,1,26,12,14,52,21,31,59,23,36,0,0,0,0,0,0
54726302,46,22,24,46,22,24,0,0,0,20,12,8,46,22,24,46,22,24,0,0,0,0,0,0
54726303,121,64,57,121,64,57,0,0,0,72,41,31,120,63,57,121,64,57,0,0,0,0,0,0
54726304,81,42,39,81,42,39,0,0,0,37,24,13,76,41,35,79,41,38,0,0,0,2,1,1
54726305,95,46,49,95,46,49,0,0,0,38,21,17,91,42,49,94,46,48,0,0,0,1,0,1
54726307,40,18,22,40,18,22,0,0,0,27,14,13,38,18,20,40,18,22,0,0,0,0,0,0
54726308,1579,790,789,1566,784,782,13,6,7,843,460,383,1515,762,753,1526,755,771,22,11,11,31,24,7
54726309,85,46,39,83,44,39,2,2,0,56,34,22,84,45,39,83,44,39,2,2,0,0,0,0
54726310,30,14,16,30,14,16,0,0,0,15,9,6,25,13,12,30,14,16,0,0,0,0,0,0
54726311,21,13,8,21,13,8,0,0,0,5,4,1,17,10,7,21,13,8,0,0,0,0,0,0
54728001,52,28,24,52,28,24,0,0,0,25,14,11,51,27,24,49,27,22,0,0,0,3,1,2
54728002,133,70,63,133,70,63,0,0,0,75,45,30,125,66,59,133,70,63,0,0,0,0,0,0
54728003,89,39,50,88,39,49,0,0,0,50,20,30,89,39,50,89,39,50,0,0,0,0,0,0
54728004,226,120,106,224,118,106,2,2,0,110,59,51,211,115,96,223,117,106,0,0,0,3,3,0
54728006,2629,1274,1355,2597,1254,1343,28,18,10,1431,729,702,2514,1223,1291,2566,1236,1330,30,12,18,33,26,7
54728008,67,34,33,67,34,33,0,0,0,39,16,23,63,31,32,67,34,33,0,0,0,0,0,0
54728009,43,25,18,42,24,18,1,1,0,22,14,8,40,24,16,43,25,18,0,0,0,0,0,0
54728010,246,107,139,245,106,139,1,1,0,138,64,74,233,103,130,246,107,139,0,0,0,0,0,0
56102901,133,64,69,133,64,69,0,0,0,43,23,20,123,61,62,126,61,65,6,3,3,1,0,1
56232701,319,155,164,319,155,164,0,0,0,190,97,93,311,148,163,319,155,164,0,0,0,0,0,0
1703210,0,0,0,0,0,0,0,0,0,0,0,0,0,0,0,0,0,0,0,0,0,0,0,0
3082850,0,0,0,0,0,0,0,0,0,0,0,0,0,0,0,0,0,0,0,0,0,0,0,0
54733601,33,17,16,33,17,16,0,0,0,16,9,7,31,15,16,33,17,16,0,0,0,0,0,0
54733602,335,174,161,335,174,161,0,0,0,211,121,90,328,172,156,334,173,161,0,0,0,1,1,0
54733603,733,361,372,732,360,372,1,1,0,495,256,239,707,345,362,733,361,372,0,0,0,0,0,0
54733604,55,25,30,55,25,30,0,0,0,30,14,16,53,24,29,55,25,30,0,0,0,0,0,0
54733605,26,17,9,25,16,9,1,1,0,8,6,2,26,17,9,26,17,9,0,0,0,0,0,0
54733606,120,62,58,120,62,58,0,0,0,72,35,37,118,60,58,120,62,58,0,0,0,0,0,0
54733607,24,12,12,24,12,12,0,0,0,17,9,8,24,12,12,24,12,12,0,0,0,0,0,0
54733608,110,57,53,110,57,53,0,0,0,65,41,24,108,56,52,97,52,45,1,1,0,12,4,8
54733609,228,116,112,228,116,112,0,0,0,161,86,75,220,111,109,226,115,111,2,1,1,0,0,0
54733610,214,105,109,213,104,109,0,0,0,111,58,53,204,101,103,214,105,109,0,0,0,0,0,0
54733612,361,183,178,354,177,177,5,4,1,177,99,78,342,175,167,357,181,176,2,1,1,2,1,1
54733614,887,413,474,885,413,472,2,0,2,443,237,206,842,392,450,829,396,433,58,17,41,0,0,0
54733615,24,11,13,13,6,7,10,4,6,8,3,5,20,11,9,14,5,9,8,5,3,2,1,1
54733616,97,46,51,95,44,51,1,1,0,57,29,28,91,42,49,97,46,51,0,0,0,0,0,0
54733617,746,352,394,737,343,394,8,8,0,398,206,192,722,338,384,742,349,393,4,3,1,0,0,0
54733618,203,96,107,186,91,95,15,5,10,79,44,35,192,89,103,191,89,102,12,7,5,0,0,0
54733619,2324,1077,1247,2304,1063,1241,16,12,4,1088,548,540,2215,1022,1193,2244,1021,1223,5,4,1,75,52,23
54733620,167,82,85,164,80,84,3,2,1,84,42,42,153,73,80,151,78,73,15,3,12,1,1,0
54733622,1210,596,614,1204,592,612,5,3,2,600,314,286,1158,565,593,1210,596,614,0,0,0,0,0,0
54733623,54,18,36,54,18,36,0,0,0,20,10,10,52,17,35,54,18,36,0,0,0,0,0,0
50764401,65,33,32,64,33,31,1,0,1,20,12,8,65,33,32,62,31,31,0,0,0,3,2,1
56259901,214,111,103,214,111,103,0,0,0,71,46,25,199,104,95,202,100,102,0,0,0,12,11,1
56103701,55,28,27,55,28,27,0,0,0,24,12,12,50,25,25,55,28,27,0,0,0,0,0,0
56103702,24,14,10,24,14,10,0,0,0,13,9,4,23,14,9,24,14,10,0,0,0,0,0,0
50765201,100,51,49,100,51,49,0,0,0,33,19,14,87,47,40,98,49,49,0,0,0,2,2,0
59864001,41,26,15,41,26,15,0,0,0,17,12,5,39,24,15,41,26,15,0,0,0,0,0,0
54744101,81,43,38,81,43,38,0,0,0,41,23,18,78,40,38,79,42,37,0,0,0,2,1,1
54744102,41,24,17,41,24,17,0,0,0,20,14,6,40,23,17,41,24,17,0,0,0,0,0,0
54744104,99,51,48,99,51,48,0,0,0,41,23,18,98,50,48,99,51,48,0,0,0,0,0,0
54744105,39,21,18,36,19,17,3,2,1,18,10,8,38,20,18,39,21,18,0,0,0,0,0,0
54744107,145,77,68,145,77,68,0,0,0,86,51,35,144,76,68,145,77,68,0,0,0,0,0,0
54744108,21,11,10,21,11,10,0,0,0,9,5,4,21,11,10,21,11,10,0,0,0,0,0,0
54744109,270,147,123,270,147,123,0,0,0,149,95,54,249,135,114,267,145,122,0,0,0,3,2,1
56262901,121,57,64,121,57,64,0,0,0,50,25,25,109,53,56,117,56,61,0,0,0,4,1,3
50868301,80,41,39,80,41,39,0,0,0,40,24,16,71,36,35,80,41,39,0,0,0,0,0,0
50769501,113,60,53,113,60,53,0,0,0,51,34,17,105,59,46,112,60,52,0,0,0,1,0,1
54746801,27,16,11,27,16,11,0,0,0,12,8,4,25,14,11,27,16,11,0,0,0,0,0,0
54746802,226,112,114,224,112,112,2,0,2,119,66,53,217,108,109,222,109,113,0,0,0,4,3,1
52976101,114,57,57,114,57,57,0,0,0,45,23,22,102,51,51,114,57,57,0,0,0,0,0,0
56242401,59,29,30,59,29,30,0,0,0,30,16,14,56,28,28,58,28,30,0,0,0,1,1,0
54925801,433,220,213,432,219,213,1,1,0,179,97,82,406,205,201,420,213,207,0,0,0,13,7,6
54925802,37,21,16,37,21,16,0,0,0,15,10,5,34,20,14,37,21,16,0,0,0,0,0,0
54925803,121,59,62,121,59,62,0,0,0,53,33,20,105,54,51,119,59,60,0,0,0,2,0,2
54925806,51,31,20,51,31,20,0,0,0,18,12,6,50,30,20,44,26,18,0,0,0,7,5,2
54925809,171,94,77,168,94,74,2,0,2,78,45,33,158,87,71,162,88,74,0,0,0,9,6,3
54925810,117,63,54,116,62,54,1,1,0,56,29,27,111,61,50,108,58,50,0,0,0,9,5,4
0026912,0,0,0,0,0,0,0,0,0,0,0,0,0,0,0,0,0,0,0,0,0,0,0,0
54926601,844,408,436,837,404,433,6,3,3,386,206,180,811,392,419,810,392,418,21,7,14,13,9,4
54926602,42,18,24,42,18,24,0,0,0,14,7,7,41,18,23,40,17,23,2,1,1,0,0,0
54926603,73,38,35,73,38,35,0,0,0,36,19,17,67,35,32,73,38,35,0,0,0,0,0,0
54926604,43,22,21,43,22,21,0,0,0,16,10,6,42,21,21,37,18,19,0,0,0,6,4,2
54926605,27,14,13,27,14,13,0,0,0,11,9,2,25,13,12,27,14,13,0,0,0,0,0,0
54926606,88,49,39,88,49,39,0,0,0,29,20,9,83,47,36,88,49,39,0,0,0,0,0,0
54926607,85,44,41,82,43,39,3,1,2,34,20,14,85,44,41,85,44,41,0,0,0,0,0,0
54926608,23,12,11,23,12,11,0,0,0,9,3,6,21,11,10,23,12,11,0,0,0,0,0,0
54926609,107,56,51,107,56,51,0,0,0,34,21,13,91,48,43,107,56,51,0,0,0,0,0,0
59878001,205,98,107,205,98,107,0,0,0,118,66,52,195,95,100,202,96,106,0,0,0,3,2,1
56212201,215,113,102,212,111,101,3,2,1,100,68,32,206,110,96,212,110,102,0,0,0,3,3,0
54929101,332,169,163,331,168,163,1,1,0,204,120,84,316,160,156,332,169,163,0,0,0,0,0,0
54930401,279,133,146,277,132,145,2,1,1,138,65,73,256,126,130,278,133,145,0,0,0,1,0,1
54932101,120,58,62,120,58,62,0,0,0,51,26,25,109,53,56,115,56,59,0,0,0,5,2,3
54932102,32,17,15,32,17,15,0,0,0,13,6,7,29,16,13,32,17,15,0,0,0,0,0,0
54933901,818,413,405,809,409,400,9,4,5,354,205,149,776,390,386,815,410,405,1,1,0,2,2,0
54933902,37,21,16,34,19,15,3,2,1,22,15,7,33,18,15,33,18,15,0,0,0,4,3,1
54933903,89,47,42,89,47,42,0,0,0,42,27,15,87,46,41,89,47,42,0,0,0,0,0,0
54934702,57,35,22,57,35,22,0,0,0,16,11,5,55,33,22,36,20,16,0,0,0,21,15,6
54934703,120,60,60,120,60,60,0,0,0,56,30,26,116,58,58,120,60,60,0,0,0,0,0,0
54934704,602,301,301,594,295,299,8,6,2,252,128,124,584,294,290,588,290,298,0,0,0,14,11,3
54934705,135,72,63,134,72,62,1,0,1,45,26,19,114,58,56,135,72,63,0,0,0,0,0,0
54934706,83,43,40,81,42,39,2,1,1,30,14,16,78,41,37,83,43,40,0,0,0,0,0,0
54934708,126,63,63,125,62,63,1,1,0,58,30,28,124,63,61,126,63,63,0,0,0,0,0,0
54934709,159,87,72,159,87,72,0,0,0,46,23,23,153,84,69,159,87,72,0,0,0,0,0,0
54934710,48,16,32,48,16,32,0,0,0,12,3,9,45,16,29,13,3,10,0,0,0,35,13,22
54936301,275,141,134,272,140,132,3,1,2,137,72,65,256,130,126,267,134,133,0,0,0,8,7,1
54936302,130,74,56,128,72,56,2,2,0,57,33,24,127,72,55,121,70,51,0,0,0,9,4,5
54936303,252,124,128,251,124,127,1,0,1,65,37,28,225,111,114,252,124,128,0,0,0,0,0,0
54936304,147,75,72,146,74,72,1,1,0,71,39,32,141,72,69,144,74,70,0,0,0,3,1,2
54936305,181,88,93,180,88,92,1,0,1,76,43,33,175,86,89,181,88,93,0,0,0,0,0,0
56230101,110,62,48,106,60,46,2,1,1,33,18,15,102,57,45,103,57,46,0,0,0,7,5,2
56230102,26,10,16,22,9,13,4,1,3,7,3,4,24,9,15,26,10,16,0,0,0,0,0,0
56230103,115,61,54,114,61,53,1,0,1,40,26,14,105,55,50,115,61,54,0,0,0,0,0,0
54938001,67,35,32,64,34,30,3,1,2,27,13,14,60,30,30,66,34,32,0,0,0,1,1,0
54938002,85,44,41,84,43,41,1,1,0,31,16,15,74,39,35,80,39,41,3,3,0,2,2,0
54938003,115,46,69,115,46,69,0,0,0,14,7,7,94,41,53,22,10,12,93,36,57,0,0,0
54938004,94,51,43,93,50,43,1,1,0,43,25,18,91,49,42,94,51,43,0,0,0,0,0,0
54938005,40,17,23,40,17,23,0,0,0,17,8,9,34,14,20,40,17,23,0,0,0,0,0,0
54938006,49,22,27,48,21,27,1,1,0,19,8,11,41,19,22,49,22,27,0,0,0,0,0,0
54938007,54,24,30,54,24,30,0,0,0,18,5,13,52,24,28,54,24,30,0,0,0,0,0,0
54938008,113,57,56,109,53,56,4,4,0,49,24,25,98,51,47,113,57,56,0,0,0,0,0,0
54939801,251,136,115,251,136,115,0,0,0,106,62,44,239,131,108,245,132,113,3,1,2,3,3,0
54939802,23,12,11,23,12,11,0,0,0,4,3,1,16,9,7,5,3,2,8,5,3,10,4,6
56152501,145,78,67,143,76,67,1,1,0,56,31,25,139,75,64,144,77,67,0,0,0,1,1,0
54941001,54,28,26,54,28,26,0,0,0,33,20,13,53,27,26,54,28,26,0,0,0,0,0,0
54941002,105,55,50,105,55,50,0,0,0,70,42,28,98,52,46,105,55,50,0,0,0,0,0,0
54941003,52,29,23,52,29,23,0,0,0,29,20,9,48,27,21,52,29,23,0,0,0,0,0,0
54941004,51,23,28,51,23,28,0,0,0,32,17,15,49,22,27,51,23,28,0,0,0,0,0,0
54942801,218,120,98,201,105,96,17,15,2,114,72,42,210,114,96,195,102,93,19,15,4,4,3,1
54942802,34,16,18,34,16,18,0,0,0,16,6,10,32,15,17,34,16,18,0,0,0,0,0,0
54942803,80,43,37,80,43,37,0,0,0,36,19,17,73,38,35,80,43,37,0,0,0,0,0,0
54942804,137,74,63,137,74,63,0,0,0,73,44,29,131,71,60,137,74,63,0,0,0,0,0,0
54945201,436,222,214,436,222,214,0,0,0,237,133,104,421,212,209,428,216,212,0,0,0,8,6,2
54945203,63,31,32,63,31,32,0,0,0,49,25,24,59,28,31,63,31,32,0,0,0,0,0,0
54945204,49,30,19,49,30,19,0,0,0,29,21,8,48,30,18,49,30,19,0,0,0,0,0,0
54945207,113,62,51,113,62,51,0,0,0,67,40,27,108,59,49,113,62,51,0,0,0,0,0,0
54945208,62,30,32,62,30,32,0,0,0,39,21,18,60,29,31,62,30,32,0,0,0,0,0,0
54945209,27,15,12,27,15,12,0,0,0,16,10,6,27,15,12,27,15,12,0,0,0,0,0,0
54945210,22,10,12,22,10,12,0,0,0,9,5,4,19,9,10,22,10,12,0,0,0,0,0,0
54945211,39,20,19,39,20,19,0,0,0,24,15,9,39,20,19,39,20,19,0,0,0,0,0,0
54945212,38,20,18,38,20,18,0,0,0,21,10,11,38,20,18,38,20,18,0,0,0,0,0,0
54945213,96,53,43,96,53,43,0,0,0,48,29,19,92,51,41,96,53,43,0,0,0,0,0,0
54945214,26,15,11,26,15,11,0,0,0,13,10,3,26,15,11,26,15,11,0,0,0,0,0,0
54945220,43,20,23,43,20,23,0,0,0,18,7,11,42,20,22,43,20,23,0,0,0,0,0,0
54947901,56,25,31,56,25,31,0,0,0,17,7,10,53,24,29,51,23,28,0,0,0,5,2,3
54947902,158,77,81,158,77,81,0,0,0,64,38,26,145,68,77,105,48,57,0,0,0,53,29,24
54947903,101,53,48,100,53,47,0,0,0,25,15,10,56,28,28,17,10,7,38,21,17,46,22,24
56208401,107,58,49,107,58,49,0,0,0,51,31,20,100,53,47,103,56,47,1,1,0,3,1,2
54948701,248,127,121,248,127,121,0,0,0,107,62,45,244,125,119,244,124,120,0,0,0,4,3,1
54948702,241,128,113,239,126,113,2,2,0,126,72,54,237,125,112,225,114,111,0,0,0,16,14,2
54948703,39,22,17,39,22,17,0,0,0,16,11,5,30,18,12,39,22,17,0,0,0,0,0,0
54948704,125,65,60,125,65,60,0,0,0,64,36,28,118,60,58,121,63,58,0,0,0,4,2,2
54948705,80,40,40,80,40,40,0,0,0,17,10,7,79,39,40,30,14,16,0,0,0,50,26,24
54949501,32,17,15,32,17,15,0,0,0,19,10,9,28,16,12,32,17,15,0,0,0,0,0,0
54949502,513,259,254,509,255,254,4,4,0,262,148,114,487,248,239,503,252,251,0,0,0,10,7,3
54949504,59,31,28,59,31,28,0,0,0,27,15,12,57,30,27,59,31,28,0,0,0,0,0,0
54950901,208,100,108,201,96,105,6,3,3,112,60,52,187,92,95,197,93,104,0,0,0,11,7,4
54950902,55,28,27,55,28,27,0,0,0,21,16,5,54,28,26,55,28,27,0,0,0,0,0,0
54950903,77,35,42,77,35,42,0,0,0,39,20,19,71,32,39,73,32,41,0,0,0,4,3,1
54950904,49,26,23,49,26,23,0,0,0,11,7,4,47,24,23,43,22,21,0,0,0,6,4,2
1898710,0,0,0,0,0,0,0,0,0,0,0,0,0,0,0,0,0,0,0,0,0,0,0,0
54951701,22,13,9,22,13,9,0,0,0,11,6,5,22,13,9,22,13,9,0,0,0,0,0,0
54951702,61,33,28,61,33,28,0,0,0,30,19,11,60,33,27,57,31,26,0,0,0,4,2,2
54951704,21,11,10,21,11,10,0,0,0,8,2,6,21,11,10,21,11,10,0,0,0,0,0,0
54951705,697,326,371,697,326,371,0,0,0,380,205,175,653,308,345,687,323,364,6,1,5,4,2,2
54951706,81,41,40,81,41,40,0,0,0,58,31,27,78,39,39,79,40,39,0,0,0,2,1,1
54951708,26,13,13,25,13,12,1,0,1,12,6,6,26,13,13,26,13,13,0,0,0,0,0,0
54951709,39,24,15,39,24,15,0,0,0,20,17,3,38,24,14,39,24,15,0,0,0,0,0,0
54951710,44,23,21,44,23,21,0,0,0,21,11,10,41,21,20,44,23,21,0,0,0,0,0,0
54951713,48,22,26,48,22,26,0,0,0,25,11,14,43,20,23,37,16,21,1,1,0,10,5,5
54951714,76,37,39,75,36,39,1,1,0,36,20,16,74,36,38,75,36,39,1,1,0,0,0,0
54951715,135,63,72,135,63,72,0,0,0,81,45,36,131,61,70,135,63,72,0,0,0,0,0,0
54951717,125,59,66,125,59,66,0,0,0,73,43,30,117,56,61,125,59,66,0,0,0,0,0,0
54951718,23,13,10,23,13,10,0,0,0,11,6,5,23,13,10,23,13,10,0,0,0,0,0,0
54951719,23,12,11,22,11,11,0,0,0,9,4,5,22,11,11,23,12,11,0,0,0,0,0,0
54951721,21,10,11,21,10,11,0,0,0,13,6,7,21,10,11,21,10,11,0,0,0,0,0,0
56155001,47,21,26,47,21,26,0,0,0,18,9,9,46,21,25,45,19,26,0,0,0,2,2,0
54952501,136,62,74,133,60,73,2,1,1,58,26,32,131,60,71,136,62,74,0,0,0,0,0,0
54952502,66,35,31,65,35,30,1,0,1,22,12,10,57,30,27,66,35,31,0,0,0,0,0,0
56218101,169,86,83,169,86,83,0,0,0,70,41,29,155,81,74,167,84,83,0,0,0,2,2,0
50975201,95,51,44,95,51,44,0,0,0,41,24,17,93,50,43,87,46,41,0,0,0,8,5,3
54954101,190,99,91,190,99,91,0,0,0,92,60,32,183,96,87,183,96,87,0,0,0,7,3,4
59880102,83,43,40,83,43,40,0,0,0,37,21,16,80,42,38,81,43,38,0,0,0,2,0,2
59880103,21,9,12,21,9,12,0,0,0,7,3,4,21,9,12,19,8,11,0,0,0,2,1,1
54956801,224,106,118,216,103,113,8,3,5,99,49,50,214,102,112,218,103,115,0,0,0,6,3,3
54956802,59,30,29,59,30,29,0,0,0,23,15,8,56,29,27,58,29,29,0,0,0,1,1,0
54957601,65,37,28,65,37,28,0,0,0,41,24,17,64,36,28,65,37,28,0,0,0,0,0,0
54957602,20,13,7,20,13,7,0,0,0,16,12,4,20,13,7,20,13,7,0,0,0,0,0,0
54957603,45,25,20,45,25,20,0,0,0,27,19,8,45,25,20,45,25,20,0,0,0,0,0,0
54957604,27,12,15,27,12,15,0,0,0,9,5,4,27,12,15,27,12,15,0,0,0,0,0,0
54957605,100,57,43,100,57,43,0,0,0,62,42,20,98,56,42,100,57,43,0,0,0,0,0,0
54957606,145,72,73,144,71,73,1,1,0,55,29,26,135,66,69,145,72,73,0,0,0,0,0,0
54957607,38,17,21,38,17,21,0,0,0,18,10,8,38,17,21,38,17,21,0,0,0,0,0,0
54957608,2648,1261,1387,2630,1247,1383,17,13,4,1211,644,567,2528,1199,1329,2593,1245,1348,55,16,39,0,0,0
54957609,1569,752,817,1568,751,817,1,1,0,873,427,446,1536,734,802,1557,745,812,11,6,5,1,1,0
54957610,263,121,142,263,121,142,0,0,0,102,52,50,252,114,138,185,94,91,70,22,48,8,5,3
54957611,34,18,16,34,18,16,0,0,0,18,10,8,32,17,15,31,16,15,0,0,0,3,2,1
54957613,404,209,195,400,206,194,4,3,1,251,131,120,387,196,191,404,209,195,0,0,0,0,0,0
54957614,1450,722,728,1441,716,725,9,6,3,784,407,377,1378,687,691,1328,633,695,8,2,6,114,87,27
54957615,717,352,365,715,351,364,1,1,0,356,186,170,689,337,352,717,352,365,0,0,0,0,0,0
54957616,364,185,179,347,168,179,17,17,0,201,102,99,346,170,176,347,168,179,17,17,0,0,0,0
56214901,25,14,11,25,14,11,0,0,0,10,7,3,23,12,11,21,11,10,0,0,0,4,3,1
54958402,68,36,32,68,36,32,0,0,0,23,13,10,66,35,31,68,36,32,0,0,0,0,0,0
54958403,47,25,22,47,25,22,0,0,0,14,9,5,46,25,21,45,24,21,0,0,0,2,1,1
54958404,965,502,463,961,500,461,3,1,2,467,272,195,932,484,448,949,487,462,0,0,0,16,15,1
54958405,41,24,17,41,24,17,0,0,0,16,11,5,37,21,16,41,24,17,0,0,0,0,0,0
54958408,82,46,36,82,46,36,0,0,0,41,25,16,79,44,35,82,46,36,0,0,0,0,0,0
54959201,47,27,20,47,27,20,0,0,0,26,15,11,42,24,18,47,27,20,0,0,0,0,0,0
54959203,32,15,17,32,15,17,0,0,0,16,8,8,29,13,16,32,15,17,0,0,0,0,0,0
54959204,1306,645,661,1253,616,637,52,29,23,578,319,259,1201,599,602,1248,617,631,42,14,28,16,14,2
54959205,30,14,16,30,14,16,0,0,0,18,9,9,29,14,15,30,14,16,0,0,0,0,0,0
54959206,74,37,37,64,31,33,10,6,4,43,25,18,73,37,36,74,37,37,0,0,0,0,0,0
54959207,42,23,19,42,23,19,0,0,0,14,9,5,41,23,18,42,23,19,0,0,0,0,0,0
54959209,39,23,16,37,21,16,2,2,0,14,10,4,39,23,16,38,23,15,0,0,0,1,0,1
54960601,35,19,16,35,19,16,0,0,0,12,6,6,34,18,16,32,17,15,0,0,0,3,2,1
54960602,59,26,33,58,26,32,1,0,1,21,12,9,50,22,28,59,26,33,0,0,0,0,0,0
54960603,39,18,21,39,18,21,0,0,0,15,8,7,39,18,21,39,18,21,0,0,0,0,0,0
54960606,104,61,43,104,61,43,0,0,0,49,34,15,94,54,40,104,61,43,0,0,0,0,0,0
54961401,88,44,44,88,44,44,0,0,0,27,15,12,79,38,41,88,44,44,0,0,0,0,0,0
56215701,77,41,36,77,41,36,0,0,0,40,20,20,70,39,31,75,40,35,0,0,0,2,1,1
56215702,25,14,11,25,14,11,0,0,0,7,3,4,23,12,11,25,14,11,0,0,0,0,0,0
54965701,96,56,40,96,56,40,0,0,0,45,32,13,92,53,39,96,56,40,0,0,0,0,0,0
54965702,40,20,20,40,20,20,0,0,0,7,4,3,34,17,17,31,15,16,0,0,0,9,5,4
52987701,62,33,29,62,33,29,0,0,0,22,10,12,58,31,27,61,32,29,0,0,0,1,1,0
56219001,151,80,71,145,76,69,5,3,2,47,30,17,142,74,68,139,72,67,4,3,1,8,5,3
54968101,27,12,15,27,12,15,0,0,0,5,2,3,27,12,15,27,12,15,0,0,0,0,0,0
54968103,83,48,35,83,48,35,0,0,0,37,21,16,80,45,35,69,38,31,0,0,0,14,10,4
54968104,156,71,85,156,71,85,0,0,0,67,30,37,148,70,78,146,67,79,0,0,0,10,4,6
59882801,131,78,53,131,78,53,0,0,0,65,47,18,128,75,53,130,77,53,0,0,0,1,1,0
54970301,250,124,126,247,121,126,3,3,0,127,70,57,242,119,123,220,110,110,1,1,0,29,13,16
54970302,75,42,33,75,42,33,0,0,0,34,18,16,74,42,32,72,41,31,0,0,0,3,1,2
54971102,225,116,109,219,112,107,5,4,1,89,50,39,208,108,100,212,109,103,0,0,0,13,7,6
54971103,118,61,57,118,61,57,0,0,0,52,30,22,111,57,54,115,59,56,0,0,0,3,2,1
56225401,21,10,11,21,10,11,0,0,0,7,3,4,21,10,11,21,10,11,0,0,0,0,0,0
56225402,149,77,72,148,77,71,1,0,1,55,32,23,145,74,71,140,72,68,1,1,0,8,4,4
3083070,0,0,0,0,0,0,0,0,0,0,0,0,0,0,0,0,0,0,0,0,0,0,0,0
3350110,0,0,0,0,0,0,0,0,0,0,0,0,0,0,0,0,0,0,0,0,0,0,0,0
54924001,47,31,16,26,14,12,21,17,4,17,8,9,35,21,14,20,9,11,15,13,2,12,9,3
54924003,94,46,48,94,46,48,0,0,0,42,22,20,94,46,48,94,46,48,0,0,0,0,0,0
54924004,1922,937,985,1901,926,975,20,10,10,1037,533,504,1851,906,945,1912,933,979,1,1,0,9,3,6
54924005,110,59,51,108,57,51,1,1,0,54,31,23,106,57,49,110,59,51,0,0,0,0,0,0
54924006,425,213,212,424,212,212,1,1,0,289,153,136,419,211,208,423,212,211,0,0,0,2,1,1
54924008,590,291,299,588,290,298,1,1,0,383,195,188,572,282,290,581,285,296,0,0,0,9,6,3
54924009,1036,578,458,987,552,435,47,25,22,459,267,192,954,537,417,726,356,370,10,7,3,300,215,85
54924010,2397,1146,1251,2322,1098,1224,67,45,22,1336,675,661,2285,1086,1199,2393,1142,1251,0,0,0,4,4,0
54924011,96,37,59,96,37,59,0,0,0,18,7,11,73,25,48,1,0,1,94,36,58,1,1,0
54924012,179,90,89,169,86,83,9,4,5,100,58,42,178,90,88,179,90,89,0,0,0,0,0,0
54924013,103,51,52,100,49,51,1,1,0,62,27,35,92,46,46,94,46,48,0,0,0,9,5,4
54924014,179,118,61,120,72,48,45,34,11,70,44,26,154,105,49,99,57,42,78,60,18,2,1,1
54924015,2073,993,1080,2018,963,1055,49,27,22,1113,566,547,1962,935,1027,2066,989,1077,1,1,0,6,3,3
54924016,63,45,18,36,23,13,26,21,5,9,6,3,56,40,16,22,12,10,36,28,8,5,5,0
54924017,1773,868,905,1751,856,895,19,10,9,1000,522,478,1722,842,880,1732,847,885,39,20,19,2,1,1
54924018,3476,1650,1826,3435,1627,1808,32,20,12,1906,956,950,3325,1580,1745,3428,1630,1798,47,19,28,1,1,0
54924019,558,263,295,549,255,294,9,8,1,302,143,159,534,250,284,558,263,295,0,0,0,0,0,0
54924020,3185,1457,1728,3052,1378,1674,123,76,47,1630,789,841,3039,1388,1651,3062,1408,1654,122,48,74,1,1,0
54924021,4045,1911,2134,3963,1860,2103,77,46,31,2289,1156,1133,3869,1824,2045,3924,1870,2054,115,37,78,6,4,2
54924022,38,18,20,37,17,20,1,1,0,22,10,12,38,18,20,27,11,16,0,0,0,11,7,4
54924023,54,29,25,54,29,25,0,0,0,37,17,20,54,29,25,49,25,24,0,0,0,5,4,1
54924024,186,85,101,176,79,97,10,6,4,86,46,40,170,76,94,184,83,101,0,0,0,2,2,0
54924025,927,400,527,863,359,504,61,38,23,389,182,207,855,371,484,793,356,437,134,44,90,0,0,0
54924026,188,128,60,32,17,15,141,102,39,32,23,9,95,65,30,35,19,16,153,109,44,0,0,0
54924027,4276,2005,2271,4078,1876,2202,168,107,61,2176,1067,1109,4027,1871,2156,4044,1874,2170,221,126,95,11,5,6
54924028,1589,767,822,1567,759,808,18,6,12,883,443,440,1513,726,787,1573,758,815,16,9,7,0,0,0
54975401,245,131,114,244,131,113,1,0,1,108,69,39,229,124,105,243,129,114,0,0,0,2,2,0
54975402,57,31,26,56,31,25,1,0,1,18,10,8,54,29,25,21,10,11,0,0,0,36,21,15
54975404,48,29,19,48,29,19,0,0,0,21,16,5,47,28,19,48,29,19,0,0,0,0,0,0
56150901,66,32,34,66,32,34,0,0,0,28,18,10,65,32,33,56,27,29,0,0,0,10,5,5
54977101,93,49,44,92,48,44,1,1,0,45,26,19,89,47,42,93,49,44,0,0,0,0,0,0
54977102,195,113,82,187,105,82,8,8,0,106,72,34,184,105,79,193,112,81,0,0,0,2,1,1
54977103,93,44,49,92,44,48,1,0,1,45,23,22,89,41,48,93,44,49,0,0,0,0,0,0
54977104,135,64,71,134,64,70,1,0,1,72,36,36,124,62,62,135,64,71,0,0,0,0,0,0
54977105,50,23,27,47,21,26,3,2,1,15,8,7,47,21,26,46,21,25,0,0,0,4,2,2
54977106,250,123,127,245,119,126,5,4,1,136,67,69,241,117,124,245,120,125,0,0,0,5,3,2
54977107,87,45,42,86,44,42,1,1,0,26,17,9,79,43,36,87,45,42,0,0,0,0,0,0
54977108,169,93,76,165,90,75,2,1,1,84,46,38,159,85,74,159,87,72,0,0,0,10,6,4
54977109,3591,1801,1790,3545,1767,1778,44,32,12,1795,973,822,3404,1706,1698,3440,1727,1713,90,25,65,61,49,12
56151701,134,75,59,134,75,59,0,0,0,79,50,29,124,70,54,133,75,58,0,0,0,1,0,1
50962101,77,41,36,77,41,36,0,0,0,37,23,14,74,40,34,77,41,36,0,0,0,0,0,0
50962102,90,41,49,90,41,49,0,0,0,33,14,19,84,39,45,85,40,45,0,0,0,5,1,4
50962103,94,47,47,94,47,47,0,0,0,48,23,25,86,42,44,92,45,47,0,0,0,2,2,0
50962104,50,26,24,50,26,24,0,0,0,16,9,7,49,25,24,50,26,24,0,0,0,0,0,0
50962106,60,29,31,60,29,31,0,0,0,20,13,7,58,28,30,57,28,29,0,0,0,3,1,2
50962107,84,44,40,83,44,39,1,0,1,42,24,18,80,43,37,83,43,40,0,0,0,1,1,0
50962108,22,10,12,22,10,12,0,0,0,9,5,4,19,9,10,22,10,12,0,0,0,0,0,0
50962109,112,55,57,111,55,56,1,0,1,53,28,25,109,53,56,110,53,57,0,0,0,2,2,0
54979701,52,28,24,52,28,24,0,0,0,29,20,9,50,28,22,52,28,24,0,0,0,0,0,0
54979703,159,78,81,158,77,81,1,1,0,78,44,34,154,77,77,154,76,78,3,1,2,2,1,1
54979704,53,25,28,53,25,28,0,0,0,25,12,13,52,25,27,53,25,28,0,0,0,0,0,0
54980101,400,209,191,398,207,191,2,2,0,188,99,89,375,196,179,370,190,180,1,0,1,29,19,10
54980102,154,73,81,151,72,79,3,1,2,57,27,30,144,71,73,154,73,81,0,0,0,0,0,0
56206801,273,105,168,273,105,168,0,0,0,94,45,49,244,96,148,211,91,120,61,13,48,1,1,0
54982701,246,122,124,246,122,124,0,0,0,105,53,52,237,117,120,245,121,124,0,0,0,1,1,0
54982702,97,45,52,97,45,52,0,0,0,34,19,15,89,42,47,97,45,52,0,0,0,0,0,0
54982703,52,21,31,52,21,31,0,0,0,19,7,12,49,20,29,49,18,31,2,2,0,1,1,0
54984301,189,92,97,189,92,97,0,0,0,103,61,42,183,88,95,189,92,97,0,0,0,0,0,0
54984302,1129,561,568,1126,560,566,3,1,2,520,295,225,1068,533,535,1089,541,548,23,6,17,17,14,3
54985101,280,147,133,276,145,131,4,2,2,109,62,47,265,139,126,268,140,128,8,4,4,4,3,1
54985102,39,16,23,39,16,23,0,0,0,17,6,11,39,16,23,39,16,23,0,0,0,0,0,0
54986001,66,39,27,66,39,27,0,0,0,37,26,11,60,37,23,66,39,27,0,0,0,0,0,0
54986002,88,50,38,88,50,38,0,0,0,40,31,9,80,47,33,88,50,38,0,0,0,0,0,0
54986003,30,16,14,30,16,14,0,0,0,15,7,8,28,16,12,0,0,0,0,0,0,30,16,14
54986004,145,79,66,145,79,66,0,0,0,62,40,22,136,75,61,143,77,66,0,0,0,2,2,0
54986005,44,26,18,43,25,18,1,1,0,18,15,3,40,23,17,44,26,18,0,0,0,0,0,0
54987801,243,125,118,243,125,118,0,0,0,119,67,52,228,120,108,231,119,112,10,4,6,2,2,0
54987803,33,12,21,33,12,21,0,0,0,2,1,1,25,9,16,32,12,20,0,0,0,1,0,1
52988501,84,44,40,84,44,40,0,0,0,47,30,17,81,43,38,84,44,40,0,0,0,0,0,0
54993201,29,14,15,29,14,15,0,0,0,9,5,4,27,14,13,29,14,15,0,0,0,0,0,0
54993202,133,73,60,133,73,60,0,0,0,69,42,27,131,72,59,133,73,60,0,0,0,0,0,0
56227101,114,52,62,114,52,62,0,0,0,44,19,25,111,52,59,113,52,61,0,0,0,1,0,1
1916042,0,0,0,0,0,0,0,0,0,0,0,0,0,0,0,0,0,0,0,0,0,0,0,0
56221101,67,31,36,67,31,36,0,0,0,24,12,12,62,29,33,64,29,35,1,1,0,2,1,1
56221103,77,40,37,75,39,36,2,1,1,30,11,19,75,40,35,77,40,37,0,0,0,0,0,0
56221105,20,10,10,20,10,10,0,0,0,7,3,4,19,10,9,14,7,7,0,0,0,6,3,3
56221106,28,16,12,28,16,12,0,0,0,11,7,4,28,16,12,26,15,11,0,0,0,2,1,1
54997501,69,40,29,68,40,28,1,0,1,30,20,10,67,38,29,69,40,29,0,0,0,0,0,0
54997502,132,67,65,132,67,65,0,0,0,36,19,17,108,58,50,115,61,54,15,4,11,2,2,0
59884401,58,29,29,57,29,28,1,0,1,18,10,8,56,29,27,57,29,28,0,0,0,1,0,1
59884404,166,76,90,164,74,90,2,2,0,75,34,41,157,72,85,166,76,90,0,0,0,0,0,0
59885201,36,15,21,36,15,21,0,0,0,20,12,8,32,14,18,36,15,21,0,0,0,0,0,0
59885202,42,22,20,42,22,20,0,0,0,29,21,8,42,22,20,42,22,20,0,0,0,0,0,0
59885203,63,32,31,63,32,31,0,0,0,34,19,15,54,26,28,63,32,31,0,0,0,0,0,0
56228902,24,12,12,24,12,12,0,0,0,13,7,6,24,12,12,23,11,12,0,0,0,1,1,0
56228903,38,18,20,36,16,20,2,2,0,12,6,6,36,18,18,11,4,7,0,0,0,27,14,13
56228904,21,12,9,21,12,9,0,0,0,8,5,3,21,12,9,19,10,9,0,0,0,2,2,0
1857361,0,0,0,0,0,0,0,0,0,0,0,0,0,0,0,0,0,0,0,0,0,0,0,0
54999101,71,41,30,71,41,30,0,0,0,34,20,14,67,41,26,69,40,29,0,0,0,2,1,1
54999102,223,116,107,222,116,106,1,0,1,71,42,29,214,112,102,221,114,107,0,0,0,2,2,0
55000101,122,57,65,121,56,65,1,1,0,41,22,19,117,54,63,121,56,65,0,0,0,1,1,0
55000102,23,12,11,23,12,11,0,0,0,7,3,4,21,12,9,0,0,0,0,0,0,23,12,11
55000103,32,16,16,32,16,16,0,0,0,15,7,8,30,16,14,28,14,14,0,0,0,4,2,2
55002701,104,56,48,103,56,47,1,0,1,63,34,29,98,53,45,104,56,48,0,0,0,0,0,0
55002702,61,33,28,60,33,27,0,0,0,27,16,11,55,30,25,50,27,23,0,0,0,11,6,5
55002703,101,51,50,99,50,49,1,1,0,52,24,28,97,48,49,101,51,50,0,0,0,0,0,0
55002704,397,201,196,388,197,191,9,4,5,164,91,73,378,188,190,360,181,179,18,7,11,19,13,6
55002705,53,26,27,53,26,27,0,0,0,18,10,8,51,25,26,53,26,27,0,0,0,0,0,0
55002706,58,31,27,54,30,24,2,1,1,20,14,6,54,30,24,58,31,27,0,0,0,0,0,0
55003501,321,163,158,321,163,158,0,0,0,140,84,56,304,156,148,318,161,157,0,0,0,3,2,1
55004303,166,91,75,166,91,75,0,0,0,29,16,13,150,82,68,92,46,46,72,44,28,2,1,1
55006001,80,47,33,80,47,33,0,0,0,42,28,14,78,45,33,80,47,33,0,0,0,0,0,0
55006003,50,27,23,50,27,23,0,0,0,32,19,13,48,27,21,50,27,23,0,0,0,0,0,0
55006004,123,65,58,123,65,58,0,0,0,62,36,26,115,59,56,123,65,58,0,0,0,0,0,0
55006005,55,27,28,55,27,28,0,0,0,20,12,8,48,23,25,55,27,28,0,0,0,0,0,0
56216501,199,109,90,199,109,90,0,0,0,84,47,37,189,103,86,181,98,83,16,11,5,2,0,2
59886101,26,12,14,26,12,14,0,0,0,9,6,3,24,12,12,25,11,14,0,0,0,1,1,0
59886102,155,78,77,155,78,77,0,0,0,77,44,33,151,75,76,154,77,77,0,0,0,1,1,0
59886104,68,39,29,68,39,29,0,0,0,24,17,7,67,38,29,68,39,29,0,0,0,0,0,0
53724101,103,49,54,102,48,54,1,1,0,35,22,13,87,42,45,103,49,54,0,0,0,0,0,0
53724102,31,13,18,31,13,18,0,0,0,7,2,5,26,11,15,24,11,13,0,0,0,7,2,5
55011601,306,151,155,305,151,154,1,0,1,157,87,70,283,137,146,303,149,154,0,0,0,3,2,1
53752701,45,21,24,44,20,24,1,1,0,16,8,8,40,20,20,45,21,24,0,0,0,0,0,0
1079210,0,0,0,0,0,0,0,0,0,0,0,0,0,0,0,0,0,0,0,0,0,0,0,0
1079480,0,0,0,0,0,0,0,0,0,0,0,0,0,0,0,0,0,0,0,0,0,0,0,0
1079560,0,0,0,0,0,0,0,0,0,0,0,0,0,0,0,0,0,0,0,0,0,0,0,0
1079640,0,0,0,0,0,0,0,0,0,0,0,0,0,0,0,0,0,0,0,0,0,0,0,0
54590201,228,112,116,226,111,115,2,1,1,82,44,38,210,102,108,224,109,115,4,3,1,0,0,0
54590202,32,21,11,32,21,11,0,0,0,11,9,2,32,21,11,32,21,11,0,0,0,0,0,0
55012401,108,59,49,108,59,49,0,0,0,59,34,25,99,55,44,105,57,48,0,0,0,3,2,1
55012402,47,26,21,47,26,21,0,0,0,26,14,12,45,25,20,47,26,21,0,0,0,0,0,0
55012403,80,48,32,80,48,32,0,0,0,37,24,13,76,45,31,80,48,32,0,0,0,0,0,0
55012405,63,26,37,63,26,37,0,0,0,31,12,19,61,26,35,63,26,37,0,0,0,0,0,0
55012406,36,23,13,36,23,13,0,0,0,18,13,5,35,22,13,36,23,13,0,0,0,0,0,0
56157601,93,46,47,92,45,47,1,1,0,37,21,16,85,43,42,93,46,47,0,0,0,0,0,0
53751901,231,120,111,230,120,110,1,0,1,110,61,49,224,117,107,229,120,109,0,0,0,2,0,2
53751902,42,21,21,42,21,21,0,0,0,12,6,6,42,21,21,40,20,20,2,1,1,0,0,0
53751904,23,12,11,23,12,11,0,0,0,9,3,6,21,11,10,23,12,11,0,0,0,0,0,0
55015902,86,43,43,86,43,43,0,0,0,37,23,14,84,43,41,82,40,42,0,0,0,4,3,1
55015903,86,40,46,86,40,46,0,0,0,34,21,13,86,40,46,86,40,46,0,0,0,0,0,0
55015904,47,23,24,46,22,24,1,1,0,21,16,5,47,23,24,47,23,24,0,0,0,0,0,0
55015905,41,18,23,41,18,23,0,0,0,15,7,8,38,18,20,41,18,23,0,0,0,0,0,0
55016701,1225,591,634,1170,560,610,29,21,8,552,276,276,1158,560,598,1200,578,622,9,4,5,16,9,7
55016702,84,41,43,84,41,43,0,0,0,49,27,22,81,41,40,84,41,43,0,0,0,0,0,0
55016703,40,27,13,39,26,13,1,1,0,16,12,4,38,26,12,37,25,12,0,0,0,3,2,1
55016704,86,37,49,85,37,48,1,0,1,40,16,24,73,31,42,86,37,49,0,0,0,0,0,0
55016705,34,19,15,34,19,15,0,0,0,14,7,7,33,18,15,34,19,15,0,0,0,0,0,0
55016706,63,29,34,63,29,34,0,0,0,31,14,17,61,27,34,61,28,33,0,0,0,2,1,1
55016707,41,21,20,40,20,20,1,1,0,17,11,6,39,19,20,40,20,20,0,0,0,1,1,0
53718701,53,30,23,53,30,23,0,0,0,23,14,9,51,28,23,53,30,23,0,0,0,0,0,0
53718702,44,24,20,44,24,20,0,0,0,22,15,7,42,23,19,42,23,19,0,0,0,2,1,1
55018302,269,146,123,269,146,123,0,0,0,98,65,33,241,132,109,256,137,119,6,4,2,7,5,2
55018303,58,30,28,58,30,28,0,0,0,26,17,9,56,29,27,58,30,28,0,0,0,0,0,0
55018305,49,23,26,49,23,26,0,0,0,19,11,8,43,21,22,49,23,26,0,0,0,0,0,0
53714401,103,43,60,103,43,60,0,0,0,42,15,27,97,41,56,98,41,57,0,0,0,5,2,3
0446360,0,0,0,0,0,0,0,0,0,0,0,0,0,0,0,0,0,0,0,0,0,0,0,0
0446440,0,0,0,0,0,0,0,0,0,0,0,0,0,0,0,0,0,0,0,0,0,0,0,0
0446520,0,0,0,0,0,0,0,0,0,0,0,0,0,0,0,0,0,0,0,0,0,0,0,0
0446610,0,0,0,0,0,0,0,0,0,0,0,0,0,0,0,0,0,0,0,0,0,0,0,0
55020501,24,11,13,24,11,13,0,0,0,9,5,4,21,9,12,24,11,13,0,0,0,0,0,0
55020502,291,139,152,288,137,151,3,2,1,121,60,61,268,130,138,270,127,143,20,11,9,1,1,0
55020503,24,13,11,24,13,11,0,0,0,13,7,6,23,12,11,24,13,11,0,0,0,0,0,0
55022101,289,148,141,286,146,140,3,2,1,150,90,60,273,141,132,284,144,140,0,0,0,5,4,1
55022102,80,43,37,80,43,37,0,0,0,34,19,15,74,39,35,80,43,37,0,0,0,0,0,0
55022103,34,16,18,33,16,17,0,0,0,18,11,7,33,16,17,34,16,18,0,0,0,0,0,0
55022104,75,34,41,73,32,41,2,2,0,34,18,16,67,29,38,75,34,41,0,0,0,0,0,0
55023002,50,25,25,50,25,25,0,0,0,26,16,10,46,23,23,50,25,25,0,0,0,0,0,0
55023003,1190,600,590,1157,576,581,30,21,9,533,279,254,1123,559,564,1128,556,572,34,22,12,28,22,6
55023004,67,32,35,67,32,35,0,0,0,28,15,13,56,26,30,67,32,35,0,0,0,0,0,0
55023005,46,26,20,45,25,20,1,1,0,23,14,9,45,25,20,44,26,18,0,0,0,2,0,2
55024801,343,182,161,343,182,161,0,0,0,174,99,75,330,176,154,342,181,161,0,0,0,1,1,0
0542160,0,0,0,0,0,0,0,0,0,0,0,0,0,0,0,0,0,0,0,0,0,0,0,0
55026401,340,173,167,339,172,167,1,1,0,158,86,72,322,164,158,327,163,164,0,0,0,13,10,3
55026402,65,27,38,65,27,38,0,0,0,23,7,16,62,26,36,62,26,36,0,0,0,3,1,2
55026404,41,20,21,40,20,20,1,0,1,12,6,6,37,20,17,35,17,18,4,2,2,2,1,1
55026405,29,12,17,29,12,17,0,0,0,6,3,3,29,12,17,27,11,16,0,0,0,2,1,1
55026408,69,39,30,69,39,30,0,0,0,21,13,8,65,36,29,69,39,30,0,0,0,0,0,0
53742001,159,76,83,159,76,83,0,0,0,55,30,25,150,72,78,159,76,83,0,0,0,0,0,0
53713602,37,18,19,37,18,19,0,0,0,15,9,6,37,18,19,37,18,19,0,0,0,0,0,0
56167301,32,18,14,30,17,13,2,1,1,8,6,2,30,17,13,32,18,14,0,0,0,0,0,0
56167302,49,29,20,49,29,20,0,0,0,13,9,4,43,26,17,47,27,20,0,0,0,2,2,0
3304340,0,0,0,0,0,0,0,0,0,0,0,0,0,0,0,0,0,0,0,0,0,0,0,0
55032901,48,26,22,46,24,22,2,2,0,7,5,2,37,18,19,48,26,22,0,0,0,0,0,0
55032903,305,154,151,304,153,151,1,1,0,157,81,76,290,144,146,288,144,144,0,0,0,17,10,7
55032906,62,39,23,62,39,23,0,0,0,20,12,8,57,35,22,60,37,23,0,0,0,2,2,0
55032908,52,30,22,48,28,20,0,0,0,11,6,5,49,28,21,51,29,22,0,0,0,1,1,0
56397801,78,41,37,78,41,37,0,0,0,30,15,15,71,38,33,72,38,34,6,3,3,0,0,0
0783523,0,0,0,0,0,0,0,0,0,0,0,0,0,0,0,0,0,0,0,0,0,0,0,0
0783610,0,0,0,0,0,0,0,0,0,0,0,0,0,0,0,0,0,0,0,0,0,0,0,0
55033701,130,70,60,128,68,60,2,2,0,32,21,11,124,66,58,124,65,59,2,2,0,4,3,1
55034501,292,157,135,292,157,135,0,0,0,137,79,58,271,148,123,274,146,128,0,0,0,18,11,7
56164901,105,47,58,104,47,57,1,0,1,45,21,24,102,45,57,105,47,58,0,0,0,0,0,0
56164902,28,18,10,28,18,10,0,0,0,13,10,3,27,17,10,28,18,10,0,0,0,0,0,0
55035301,63,33,30,61,31,30,2,2,0,32,17,15,59,31,28,59,30,29,4,3,1,0,0,0
55035304,494,243,251,486,240,246,8,3,5,252,130,122,472,231,241,477,232,245,5,2,3,12,9,3
55035306,74,37,37,73,36,37,0,0,0,40,21,19,73,36,37,74,37,37,0,0,0,0,0,0
55036101,58,30,28,58,30,28,0,0,0,20,11,9,50,26,24,58,30,28,0,0,0,0,0,0
55036102,70,34,36,70,34,36,0,0,0,24,10,14,62,31,31,70,34,36,0,0,0,0,0,0
55036103,68,33,35,67,33,34,1,0,1,24,14,10,63,31,32,59,29,30,0,0,0,9,4,5
55036104,1516,823,693,1356,670,686,159,152,7,688,347,341,1343,692,651,1335,650,685,157,153,4,24,20,4
55036105,38,20,18,38,20,18,0,0,0,22,11,11,33,17,16,38,20,18,0,0,0,0,0,0
55036106,54,28,26,54,28,26,0,0,0,26,12,14,49,25,24,53,27,26,0,0,0,1,1,0
55036107,81,43,38,81,43,38,0,0,0,46,26,20,80,43,37,81,43,38,0,0,0,0,0,0
55036108,61,34,27,61,34,27,0,0,0,29,20,9,58,32,26,61,34,27,0,0,0,0,0,0
55036109,27,13,14,27,13,14,0,0,0,12,6,6,27,13,14,27,13,14,0,0,0,0,0,0
55036110,66,32,34,63,30,33,2,1,1,34,18,16,59,27,32,66,32,34,0,0,0,0,0,0
53707101,80,37,43,78,35,43,2,2,0,39,18,21,72,34,38,80,37,43,0,0,0,0,0,0
53707102,121,62,59,116,57,59,5,5,0,50,25,25,112,57,55,117,59,58,0,0,0,4,3,1
53732201,35,18,17,35,18,17,0,0,0,16,9,7,33,18,15,33,17,16,0,0,0,2,1,1
53738101,164,86,78,164,86,78,0,0,0,56,32,24,152,81,71,161,85,76,0,0,0,3,1,2
55041801,33,18,15,33,18,15,0,0,0,18,9,9,30,17,13,33,18,15,0,0,0,0,0,0
55041802,50,17,33,50,17,33,0,0,0,22,8,14,41,14,27,50,17,33,0,0,0,0,0,0
55041804,123,64,59,122,63,59,1,1,0,66,42,24,116,61,55,123,64,59,0,0,0,0,0,0
55041805,211,118,93,206,115,91,5,3,2,91,57,34,194,110,84,201,109,92,0,0,0,10,9,1
55041806,114,58,56,114,58,56,0,0,0,66,36,30,109,57,52,114,58,56,0,0,0,0,0,0
55041807,105,56,49,105,56,49,0,0,0,48,32,16,103,55,48,105,56,49,0,0,0,0,0,0
55042601,26,14,12,26,14,12,0,0,0,5,3,2,23,13,10,22,12,10,0,0,0,4,2,2
55042602,68,41,27,68,41,27,0,0,0,39,29,10,68,41,27,65,39,26,0,0,0,3,2,1
55042603,58,32,26,58,32,26,0,0,0,25,18,7,57,31,26,58,32,26,0,0,0,0,0,0
55042604,173,89,84,173,89,84,0,0,0,84,47,37,162,86,76,165,84,81,0,0,0,8,5,3
55042605,34,16,18,34,16,18,0,0,0,21,10,11,34,16,18,34,16,18,0,0,0,0,0,0
55043401,50,30,20,50,30,20,0,0,0,25,19,6,49,29,20,43,27,16,0,0,0,7,3,4
55043402,36,19,17,36,19,17,0,0,0,15,10,5,36,19,17,34,19,15,0,0,0,2,0,2
55043403,26,14,12,26,14,12,0,0,0,14,9,5,26,14,12,26,14,12,0,0,0,0,0,0
55043404,281,140,141,280,140,140,1,0,1,130,78,52,267,132,135,278,138,140,0,0,0,3,2,1
55043405,198,103,95,198,103,95,0,0,0,87,43,44,190,101,89,198,103,95,0,0,0,0,0,0
55039601,177,88,89,177,88,89,0,0,0,105,57,48,173,86,87,177,88,89,0,0,0,0,0,0
55039602,20,9,11,19,8,11,1,1,0,11,4,7,20,9,11,20,9,11,0,0,0,0,0,0
55044201,2254,1109,1145,2239,1097,1142,15,12,3,1152,582,570,2142,1057,1085,2140,1057,1083,78,23,55,36,29,7
55044202,36,16,20,36,16,20,0,0,0,14,7,7,35,16,19,36,16,20,0,0,0,0,0,0
55044203,57,33,24,56,32,24,1,1,0,24,13,11,53,30,23,57,33,24,0,0,0,0,0,0
55044204,174,92,82,174,92,82,0,0,0,86,51,35,163,85,78,166,87,79,0,0,0,8,5,3
1534350,0,0,0,0,0,0,0,0,0,0,0,0,0,0,0,0,0,0,0,0,0,0,0,0
52989301,84,48,36,84,48,36,0,0,0,36,24,12,82,46,36,78,44,34,4,2,2,2,2,0
55045102,39,18,21,38,18,20,0,0,0,18,6,12,38,18,20,34,14,20,1,1,0,4,3,1
55045103,22,13,9,22,13,9,0,0,0,7,5,2,19,11,8,22,13,9,0,0,0,0,0,0
55045105,233,119,114,233,119,114,0,0,0,111,57,54,226,115,111,228,114,114,0,0,0,5,5,0
55045106,40,20,20,40,20,20,0,0,0,9,5,4,36,18,18,39,20,19,0,0,0,1,0,1
55045107,73,37,36,73,37,36,0,0,0,31,15,16,70,37,33,73,37,36,0,0,0,0,0,0
56156801,91,45,46,91,45,46,0,0,0,42,19,23,89,45,44,87,42,45,2,2,0,2,1,1
53736502,55,33,22,55,33,22,0,0,0,20,13,7,53,31,22,51,29,22,0,0,0,4,4,0
53754301,146,71,75,146,71,75,0,0,0,59,36,23,136,66,70,146,71,75,0,0,0,0,0,0
1327210,0,0,0,0,0,0,0,0,0,0,0,0,0,0,0,0,0,0,0,0,0,0,0,0
3014930,0,0,0,0,0,0,0,0,0,0,0,0,0,0,0,0,0,0,0,0,0,0,0,0
3274170,0,0,0,0,0,0,0,0,0,0,0,0,0,0,0,0,0,0,0,0,0,0,0,0
55009401,105,47,58,105,47,58,0,0,0,64,32,32,100,46,54,105,47,58,0,0,0,0,0,0
55009402,43,23,20,43,23,20,0,0,0,30,16,14,40,21,19,37,18,19,0,0,0,6,5,1
55009403,44,22,22,44,22,22,0,0,0,29,16,13,44,22,22,43,21,22,0,0,0,1,1,0
55009404,87,42,45,87,42,45,0,0,0,46,28,18,79,39,40,85,41,44,0,0,0,2,1,1
55009408,109,56,53,105,53,52,4,3,1,68,38,30,105,53,52,109,56,53,0,0,0,0,0,0
55009409,767,413,354,749,399,350,17,14,3,373,199,174,717,380,337,549,266,283,20,7,13,198,140,58
55009411,114,60,54,112,58,54,2,2,0,71,35,36,111,59,52,114,60,54,0,0,0,0,0,0
55009412,1098,531,567,1094,528,566,4,3,1,603,327,276,1048,505,543,1075,523,552,22,7,15,1,1,0
55009413,523,255,268,519,253,266,4,2,2,291,152,139,507,248,259,523,255,268,0,0,0,0,0,0
55009414,77,40,37,70,37,33,3,1,2,28,18,10,69,35,34,67,35,32,10,5,5,0,0,0
55009415,1386,650,736,1345,622,723,36,26,10,669,344,325,1324,618,706,1362,633,729,18,14,4,6,3,3
55009416,395,186,209,391,184,207,4,2,2,247,124,123,371,174,197,380,180,200,15,6,9,0,0,0
55009417,90,43,47,90,43,47,0,0,0,52,28,24,83,41,42,71,33,38,0,0,0,19,10,9
55009418,130,64,66,106,48,58,21,14,7,65,29,36,114,57,57,130,64,66,0,0,0,0,0,0
55009419,91,46,45,88,45,43,2,1,1,38,25,13,82,41,41,90,45,45,0,0,0,1,1,0
55009420,354,185,169,354,185,169,0,0,0,204,113,91,349,182,167,354,185,169,0,0,0,0,0,0
55009421,1070,521,549,1063,516,547,6,5,1,592,305,287,1033,504,529,1066,519,547,0,0,0,4,2,2
55009422,740,347,393,697,328,369,15,12,3,366,195,171,692,325,367,691,332,359,47,14,33,2,1,1
55009423,3041,1424,1617,3019,1407,1612,18,14,4,1447,749,698,2901,1360,1541,2956,1407,1549,85,17,68,0,0,0
55009424,86,39,47,85,39,46,1,0,1,26,14,12,83,38,45,60,30,30,26,9,17,0,0,0
55009425,64,33,31,63,33,30,0,0,0,41,22,19,64,33,31,64,33,31,0,0,0,0,0,0
55009426,26,15,11,26,15,11,0,0,0,17,12,5,26,15,11,26,15,11,0,0,0,0,0,0
55048501,29,13,16,28,13,15,1,0,1,17,6,11,26,11,15,29,13,16,0,0,0,0,0,0
55048502,29,18,11,29,18,11,0,0,0,11,7,4,28,17,11,29,18,11,0,0,0,0,0,0
55048503,23,14,9,23,14,9,0,0,0,13,7,6,19,11,8,23,14,9,0,0,0,0,0,0
55048504,72,34,38,72,34,38,0,0,0,43,20,23,66,31,35,71,33,38,0,0,0,1,1,0
55051502,25,11,14,25,11,14,0,0,0,17,8,9,22,10,12,25,11,14,0,0,0,0,0,0
55051504,21,12,9,21,12,9,0,0,0,8,6,2,20,11,9,21,12,9,0,0,0,0,0,0
55051506,147,67,80,146,67,79,0,0,0,32,19,13,146,66,80,51,27,24,95,39,56,1,1,0
55051507,550,284,266,536,271,265,13,12,1,264,142,122,511,256,255,541,279,262,0,0,0,9,5,4
55051508,30,16,14,30,16,14,0,0,0,18,11,7,28,15,13,24,13,11,2,0,2,4,3,1
55051510,27,12,15,26,11,15,1,1,0,15,9,6,23,11,12,27,12,15,0,0,0,0,0,0
55051511,134,67,67,132,66,66,2,1,1,66,38,28,126,62,64,134,67,67,0,0,0,0,0,0
55051512,39,21,18,39,21,18,0,0,0,17,12,5,38,21,17,36,19,17,1,1,0,2,1,1
55051514,127,72,55,126,71,55,1,1,0,65,37,28,113,64,49,127,72,55,0,0,0,0,0,0
55051515,71,33,38,71,33,38,0,0,0,45,23,22,67,31,36,71,33,38,0,0,0,0,0,0
1556830,0,0,0,0,0,0,0,0,0,0,0,0,0,0,0,0,0,0,0,0,0,0,0,0
1557050,0,0,0,0,0,0,0,0,0,0,0,0,0,0,0,0,0,0,0,0,0,0,0,0
55052301,79,39,40,78,38,40,1,1,0,23,10,13,75,36,39,73,37,36,4,2,2,2,0,2
55052305,115,68,47,114,67,47,1,1,0,30,17,13,106,63,43,103,59,44,3,1,2,9,8,1
1566980,0,0,0,0,0,0,0,0,0,0,0,0,0,0,0,0,0,0,0,0,0,0,0,0
1567100,0,0,0,0,0,0,0,0,0,0,0,0,0,0,0,0,0,0,0,0,0,0,0,0
1567280,0,0,0,0,0,0,0,0,0,0,0,0,0,0,0,0,0,0,0,0,0,0,0,0
1985010,0,0,0,0,0,0,0,0,0,0,0,0,0,0,0,0,0,0,0,0,0,0,0,0
55053101,26,13,13,26,13,13,0,0,0,10,7,3,24,12,12,26,13,13,0,0,0,0,0,0
55053102,32,18,14,28,15,13,2,1,1,12,7,5,27,14,13,20,9,11,1,1,0,11,8,3
55053103,327,172,155,292,155,137,34,17,17,122,72,50,300,155,145,288,150,138,20,10,10,19,12,7
1571472,0,0,0,0,0,0,0,0,0,0,0,0,0,0,0,0,0,0,0,0,0,0,0,0
55054002,69,41,28,69,41,28,0,0,0,38,21,17,62,39,23,69,41,28,0,0,0,0,0,0
55054003,872,426,446,866,424,442,6,2,4,432,234,198,831,408,423,842,412,430,20,6,14,10,8,2
55054004,81,45,36,81,45,36,0,0,0,48,29,19,78,44,34,81,45,36,0,0,0,0,0,0
55054005,62,26,36,62,26,36,0,0,0,27,13,14,56,24,32,62,26,36,0,0,0,0,0,0
55054006,43,21,22,42,21,21,1,0,1,7,2,5,41,19,22,18,10,8,25,11,14,0,0,0
55054007,24,12,12,24,12,12,0,0,0,18,11,7,23,12,11,24,12,12,0,0,0,0,0,0
55054008,95,49,46,94,49,45,0,0,0,45,25,20,93,48,45,95,49,46,0,0,0,0,0,0
55055801,324,163,161,321,162,159,1,0,1,168,95,73,314,158,156,317,158,159,0,0,0,7,5,2
55055802,72,39,33,71,39,32,1,0,1,41,26,15,72,39,33,72,39,33,0,0,0,0,0,0
55055803,44,24,20,44,24,20,0,0,0,16,11,5,37,22,15,44,24,20,0,0,0,0,0,0
55055805,36,22,14,36,22,14,0,0,0,22,15,7,34,22,12,36,22,14,0,0,0,0,0,0
55055806,117,63,54,117,63,54,0,0,0,35,21,14,105,56,49,117,63,54,0,0,0,0,0,0
55057401,61,28,33,60,28,32,0,0,0,32,19,13,55,25,30,61,28,33,0,0,0,0,0,0
55057403,322,172,150,322,172,150,0,0,0,172,111,61,314,169,145,318,168,150,0,0,0,4,4,0
55057404,36,22,14,36,22,14,0,0,0,23,17,6,36,22,14,36,22,14,0,0,0,0,0,0
55058201,116,64,52,113,62,51,3,2,1,49,33,16,107,58,49,116,64,52,0,0,0,0,0,0
55058202,43,24,19,43,24,19,0,0,0,20,9,11,42,24,18,43,24,19,0,0,0,0,0,0
55058203,130,69,61,120,62,58,10,7,3,32,16,16,124,65,59,123,66,57,0,0,0,7,3,4
55060401,129,67,62,129,67,62,0,0,0,53,29,24,122,64,58,126,64,62,0,0,0,3,3,0
53753501,77,44,33,76,44,32,1,0,1,39,25,14,73,42,31,77,44,33,0,0,0,0,0,0
1945730,0,0,0,0,0,0,0,0,0,0,0,0,0,0,0,0,0,0,0,0,0,0,0,0
55062101,122,65,57,122,65,57,0,0,0,53,33,20,120,64,56,121,64,57,0,0,0,1,1,0
55062103,45,24,21,45,24,21,0,0,0,19,11,8,39,21,18,45,24,21,0,0,0,0,0,0
55062105,156,95,61,156,95,61,0,0,0,37,24,13,139,85,54,69,37,32,79,53,26,8,5,3
55062106,47,23,24,47,23,24,0,0,0,15,10,5,45,21,24,47,23,24,0,0,0,0,0,0
55062109,27,16,11,27,16,11,0,0,0,13,8,5,26,16,10,25,15,10,0,0,0,2,1,1
55062110,94,47,47,93,47,46,1,0,1,57,36,21,92,46,46,94,47,47,0,0,0,0,0,0
55062111,78,31,47,78,31,47,0,0,0,42,17,25,71,29,42,75,30,45,3,1,2,0,0,0
55062112,95,44,51,94,44,50,1,0,1,43,20,23,94,44,50,95,44,51,0,0,0,0,0,0
55062114,125,70,55,123,70,53,2,0,2,46,25,21,110,64,46,116,63,53,1,0,1,8,7,1
55062115,37,17,20,37,17,20,0,0,0,15,9,6,37,17,20,37,17,20,0,0,0,0,0,0
55062116,463,244,219,457,241,216,6,3,3,229,129,100,440,232,208,461,244,217,2,0,2,0,0,0
55062117,34,16,18,34,16,18,0,0,0,18,6,12,33,16,17,32,15,17,0,0,0,2,1,1
55062118,44,24,20,44,24,20,0,0,0,18,11,7,44,24,20,44,24,20,0,0,0,0,0,0
55062119,96,53,43,95,53,42,1,0,1,48,30,18,88,48,40,96,53,43,0,0,0,0,0,0
0655950,0,0,0,0,0,0,0,0,0,0,0,0,0,0,0,0,0,0,0,0,0,0,0,0
1821331,0,0,0,0,0,0,0,0,0,0,0,0,0,0,0,0,0,0,0,0,0,0,0,0
55064701,72,37,35,72,37,35,0,0,0,47,29,18,71,36,35,72,37,35,0,0,0,0,0,0
55064702,101,52,49,101,52,49,0,0,0,73,42,31,99,50,49,101,52,49,0,0,0,0,0,0
55064703,93,30,63,93,30,63,0,0,0,35,15,20,88,30,58,59,27,32,34,3,31,0,0,0
55064705,21,14,7,21,14,7,0,0,0,7,6,1,21,14,7,19,12,7,0,0,0,2,2,0
55064708,124,60,64,124,60,64,0,0,0,67,32,35,116,54,62,123,59,64,0,0,0,1,1,0
55064710,37,19,18,37,19,18,0,0,0,18,10,8,37,19,18,37,19,18,0,0,0,0,0,0
55064712,32,16,16,32,16,16,0,0,0,15,10,5,32,16,16,29,14,15,1,1,0,2,1,1
55064713,35,15,20,35,15,20,0,0,0,19,10,9,35,15,20,33,14,19,0,0,0,2,1,1
55064715,95,50,45,95,50,45,0,0,0,61,34,27,90,48,42,95,50,45,0,0,0,0,0,0
55064717,23,11,12,23,11,12,0,0,0,12,5,7,23,11,12,18,8,10,0,0,0,5,3,2
55064719,20,11,9,19,10,9,1,1,0,8,6,2,20,11,9,20,11,9,0,0,0,0,0,0
55064720,60,34,26,60,34,26,0,0,0,38,26,12,58,32,26,60,34,26,0,0,0,0,0,0
55064722,49,28,21,49,28,21,0,0,0,23,12,11,44,25,19,49,28,21,0,0,0,0,0,0
55064723,84,44,40,79,39,40,4,4,0,42,21,21,73,40,33,83,44,39,0,0,0,1,0,1
55064725,20,10,10,20,10,10,0,0,0,11,5,6,20,10,10,20,10,10,0,0,0,0,0,0
55064726,121,65,56,121,65,56,0,0,0,71,41,30,118,64,54,121,65,56,0,0,0,0,0,0
55064727,2086,1017,1069,2073,1007,1066,10,7,3,1058,532,526,2000,978,1022,2086,1017,1069,0,0,0,0,0,0
55064728,561,272,289,552,265,287,8,7,1,281,137,144,535,263,272,544,261,283,12,8,4,5,3,2
55064729,977,464,513,967,458,509,10,6,4,485,242,243,927,441,486,977,464,513,0,0,0,0,0,0
55064730,99,48,51,99,48,51,0,0,0,64,32,32,99,48,51,99,48,51,0,0,0,0,0,0
55064731,102,46,56,102,46,56,0,0,0,68,27,41,99,43,56,102,46,56,0,0,0,0,0,0
55064732,816,367,449,804,358,446,12,9,3,395,179,216,766,343,423,804,365,439,12,2,10,0,0,0
55064733,40,21,19,39,20,19,1,1,0,29,15,14,40,21,19,40,21,19,0,0,0,0,0,0
55064735,96,47,49,96,47,49,0,0,0,20,11,9,78,34,44,30,16,14,66,31,35,0,0,0
55064736,542,264,278,527,256,271,14,8,6,288,139,149,495,241,254,537,260,277,4,4,0,1,0,1
55064737,275,139,136,275,139,136,0,0,0,153,81,72,259,130,129,272,136,136,3,3,0,0,0,0
55064738,61,32,29,61,32,29,0,0,0,44,22,22,56,28,28,61,32,29,0,0,0,0,0,0
55064740,39,21,18,37,20,17,2,1,1,20,11,9,37,20,17,36,19,17,0,0,0,3,2,1
55064741,504,275,229,492,268,224,12,7,5,226,127,99,474,259,215,384,192,192,0,0,0,120,83,37
55065501,39,22,17,39,22,17,0,0,0,22,16,6,39,22,17,39,22,17,0,0,0,0,0,0
55065502,27,12,15,27,12,15,0,0,0,16,8,8,26,12,14,27,12,15,0,0,0,0,0,0
55065503,462,232,230,460,230,230,2,2,0,242,134,108,432,219,213,457,229,228,4,2,2,1,1,0
55066301,23,11,12,23,11,12,0,0,0,15,8,7,22,10,12,23,11,12,0,0,0,0,0,0
55066302,34,17,17,34,17,17,0,0,0,11,7,4,31,15,16,32,17,15,0,0,0,2,0,2
55066303,39,22,17,39,22,17,0,0,0,11,7,4,39,22,17,38,22,16,0,0,0,1,0,1
55066305,22,12,10,22,12,10,0,0,0,14,9,5,20,11,9,22,12,10,0,0,0,0,0,0
55066307,37,19,18,37,19,18,0,0,0,16,8,8,35,18,17,37,19,18,0,0,0,0,0,0
55066308,1553,763,790,1546,759,787,6,3,3,804,415,389,1466,719,747,1525,741,784,2,1,1,26,21,5
1847052,0,0,0,0,0,0,0,0,0,0,0,0,0,0,0,0,0,0,0,0,0,0,0,0
1847561,0,0,0,0,0,0,0,0,0,0,0,0,0,0,0,0,0,0,0,0,0,0,0,0
55067101,20,13,7,20,13,7,0,0,0,4,3,1,19,13,6,20,13,7,0,0,0,0,0,0
55067102,26,14,12,26,14,12,0,0,0,14,8,6,26,14,12,26,14,12,0,0,0,0,0,0
55067104,28,14,14,28,14,14,0,0,0,16,8,8,24,12,12,28,14,14,0,0,0,0,0,0
55067106,92,44,48,91,44,47,0,0,0,48,25,23,87,41,46,92,44,48,0,0,0,0,0,0
55067107,32,17,15,32,17,15,0,0,0,19,12,7,29,15,14,32,17,15,0,0,0,0,0,0
55067108,1570,753,817,1562,750,812,8,3,5,806,409,397,1492,718,774,1570,753,817,0,0,0,0,0,0
55067109,30,15,15,30,15,15,0,0,0,19,8,11,30,15,15,22,10,12,0,0,0,8,5,3
55067111,1643,825,818,1629,817,812,12,6,6,855,448,407,1570,787,783,1585,785,800,1,1,0,57,39,18
55067112,24,12,12,24,12,12,0,0,0,8,4,4,24,12,12,23,12,11,0,0,0,1,0,1
55067113,97,54,43,97,54,43,0,0,0,49,31,18,93,52,41,97,54,43,0,0,0,0,0,0
55067114,52,35,17,49,33,16,0,0,0,26,18,8,51,34,17,52,35,17,0,0,0,0,0,0
55067116,38,18,20,38,18,20,0,0,0,19,11,8,32,14,18,38,18,20,0,0,0,0,0,0
52991501,64,34,30,64,34,30,0,0,0,24,15,9,62,33,29,57,29,28,0,0,0,7,5,2
1891970,0,0,0,0,0,0,0,0,0,0,0,0,0,0,0,0,0,0,0,0,0,0,0,0
55068002,49,25,24,49,25,24,0,0,0,16,9,7,48,25,23,49,25,24,0,0,0,0,0,0
55068003,44,23,21,44,23,21,0,0,0,22,12,10,42,21,21,44,23,21,0,0,0,0,0,0
55068005,39,22,17,37,21,16,2,1,1,15,8,7,36,20,16,39,22,17,0,0,0,0,0,0
55068008,188,98,90,186,98,88,2,0,2,86,43,43,177,88,89,174,85,89,7,7,0,7,6,1
53719501,59,31,28,59,31,28,0,0,0,28,16,12,55,29,26,59,31,28,0,0,0,0,0,0
55069801,24,11,13,24,11,13,0,0,0,11,5,6,24,11,13,24,11,13,0,0,0,0,0,0
55069802,45,22,23,45,22,23,0,0,0,25,13,12,44,21,23,45,22,23,0,0,0,0,0,0
55069803,64,33,31,64,33,31,0,0,0,35,19,16,56,28,28,64,33,31,0,0,0,0,0,0
55069804,180,95,85,178,95,83,0,0,0,92,55,37,166,90,76,179,94,85,0,0,0,1,1,0
55070102,74,39,35,74,39,35,0,0,0,36,22,14,72,38,34,69,36,33,0,0,0,5,3,2
55070103,41,24,17,41,24,17,0,0,0,6,4,2,37,22,15,34,19,15,7,5,2,0,0,0
55070104,20,12,8,20,12,8,0,0,0,3,3,0,13,8,5,20,12,8,0,0,0,0,0,0
55070106,219,115,104,216,113,103,3,2,1,108,60,48,204,109,95,210,108,102,2,2,0,7,5,2
55072801,107,52,55,107,52,55,0,0,0,49,21,28,103,49,54,107,52,55,0,0,0,0,0,0
55072802,79,35,44,78,35,43,1,0,1,42,19,23,74,32,42,78,35,43,0,0,0,1,0,1
55072803,52,28,24,52,28,24,0,0,0,28,16,12,52,28,24,52,28,24,0,0,0,0,0,0
55072804,57,32,25,57,32,25,0,0,0,39,26,13,54,30,24,57,32,25,0,0,0,0,0,0
55072805,135,63,72,135,63,72,0,0,0,71,35,36,131,61,70,134,63,71,0,0,0,1,0,1
55072806,954,457,497,934,447,487,20,10,10,475,224,251,919,442,477,936,441,495,1,1,0,17,15,2
55072808,22,9,13,22,9,13,0,0,0,8,3,5,22,9,13,22,9,13,0,0,0,0,0,0
55072809,61,38,23,60,37,23,1,1,0,32,20,12,56,34,22,61,38,23,0,0,0,0,0,0
55072810,39,20,19,39,20,19,0,0,0,19,11,8,38,20,18,39,20,19,0,0,0,0,0,0
55072811,128,62,66,126,60,66,2,2,0,69,31,38,125,62,63,126,61,65,0,0,0,2,1,1
52992301,115,54,61,115,54,61,0,0,0,60,34,26,111,51,60,114,53,61,0,0,0,1,1,0
3304850,0,0,0,0,0,0,0,0,0,0,0,0,0,0,0,0,0,0,0,0,0,0,0,0
55076101,23,11,12,22,10,12,1,1,0,7,3,4,18,8,10,22,11,11,1,0,1,0,0,0
55076102,102,58,44,102,58,44,0,0,0,49,31,18,94,53,41,88,49,39,1,1,0,13,8,5
53720901,259,132,127,259,132,127,0,0,0,124,72,52,249,128,121,256,129,127,0,0,0,3,3,0
53720902,36,17,19,36,17,19,0,0,0,10,4,6,34,15,19,36,17,19,0,0,0,0,0,0
55080901,1227,599,628,1222,598,624,4,1,3,545,295,250,1149,560,589,1198,576,622,0,0,0,29,23,6
55080902,69,31,38,69,31,38,0,0,0,29,18,11,66,29,37,69,31,38,0,0,0,0,0,0
55080903,41,22,19,41,22,19,0,0,0,13,7,6,36,20,16,41,22,19,0,0,0,0,0,0
55080904,141,73,68,141,73,68,0,0,0,59,37,22,132,70,62,137,71,66,0,0,0,4,2,2
55080906,32,15,17,32,15,17,0,0,0,14,7,7,26,12,14,32,15,17,0,0,0,0,0,0
55080907,104,54,50,104,54,50,0,0,0,44,27,17,100,51,49,88,46,42,0,0,0,16,8,8
55081701,677,341,336,672,338,334,5,3,2,331,184,147,637,324,313,663,330,333,0,0,0,14,11,3
55081703,50,26,24,49,25,24,1,1,0,19,8,11,48,26,22,49,26,23,0,0,0,1,0,1
55081704,39,20,19,39,20,19,0,0,0,22,12,10,33,18,15,39,20,19,0,0,0,0,0,0
55081706,51,27,24,51,27,24,0,0,0,33,18,15,50,26,24,51,27,24,0,0,0,0,0,0
55081707,52,25,27,52,25,27,0,0,0,26,14,12,41,21,20,48,24,24,0,0,0,4,1,3
55081708,65,34,31,63,32,31,1,1,0,28,15,13,53,29,24,65,34,31,0,0,0,0,0,0
55081709,63,31,32,62,30,32,1,1,0,32,21,11,56,27,29,61,30,31,0,0,0,2,1,1
59889501,283,153,130,283,153,130,0,0,0,108,66,42,267,145,122,278,148,130,0,0,0,5,5,0
59889502,51,31,20,51,31,20,0,0,0,20,15,5,45,28,17,51,31,20,0,0,0,0,0,0
59889503,20,11,9,20,11,9,0,0,0,11,6,5,18,9,9,20,11,9,0,0,0,0,0,0
55083301,129,68,61,126,66,60,1,1,0,51,29,22,123,64,59,129,68,61,0,0,0,0,0,0
55083302,40,26,14,40,26,14,0,0,0,18,14,4,31,20,11,40,26,14,0,0,0,0,0,0
55083303,30,15,15,30,15,15,0,0,0,14,10,4,27,14,13,30,15,15,0,0,0,0,0,0
55085001,44,23,21,44,23,21,0,0,0,22,13,9,43,22,21,40,20,20,0,0,0,4,3,1
55085003,80,38,42,79,38,41,1,0,1,29,12,17,72,34,38,79,37,42,1,1,0,0,0,0
55085004,28,16,12,28,16,12,0,0,0,11,7,4,28,16,12,28,16,12,0,0,0,0,0,0
55085006,78,37,41,78,37,41,0,0,0,38,21,17,70,32,38,78,37,41,0,0,0,0,0,0
55085007,63,30,33,62,29,33,1,1,0,38,19,19,62,29,33,63,30,33,0,0,0,0,0,0
55085008,124,63,61,123,63,60,1,0,1,76,40,36,116,60,56,120,61,59,0,0,0,4,2,2
55085009,42,20,22,42,20,22,0,0,0,32,15,17,42,20,22,42,20,22,0,0,0,0,0,0
55085011,97,49,48,93,46,47,4,3,1,60,32,28,87,44,43,97,49,48,0,0,0,0,0,0
55085012,129,71,58,126,69,57,0,0,0,65,38,27,124,69,55,127,70,57,0,0,0,2,1,1
55085013,940,476,464,925,469,456,4,1,3,453,249,204,907,461,446,939,475,464,0,0,0,1,1,0
55085014,286,140,146,283,137,146,3,3,0,154,81,73,281,135,146,286,140,146,0,0,0,0,0,0
55085015,463,222,241,452,217,235,10,5,5,232,118,114,437,212,225,456,218,238,7,4,3,0,0,0
55085016,448,233,215,445,231,214,3,2,1,257,150,107,429,224,205,448,233,215,0,0,0,0,0,0
55085017,27,14,13,24,13,11,2,1,1,14,8,6,26,14,12,26,13,13,0,0,0,1,1,0
55085018,1536,742,794,1513,729,784,20,11,9,766,380,386,1454,712,742,1384,670,714,86,26,60,66,46,20
55085020,28,15,13,26,13,13,2,2,0,12,6,6,27,14,13,28,15,13,0,0,0,0,0,0
55085021,1311,609,702,1274,587,687,30,18,12,567,279,288,1252,576,676,1311,609,702,0,0,0,0,0,0
55085022,565,264,301,548,256,292,15,7,8,292,152,140,540,253,287,564,263,301,1,1,0,0,0,0
53706301,63,32,31,62,32,30,1,0,1,25,18,7,59,32,27,60,30,30,0,0,0,3,2,1
53001801,59,31,28,59,31,28,0,0,0,31,18,13,58,31,27,59,31,28,0,0,0,0,0,0
56017101,49,30,19,49,30,19,0,0,0,21,15,6,42,27,15,46,27,19,0,0,0,3,3,0
52996601,166,82,84,164,81,83,2,1,1,73,39,34,155,76,79,162,79,83,0,0,0,4,3,1
55090601,451,237,214,451,237,214,0,0,0,209,113,96,430,225,205,442,232,210,0,0,0,9,5,4
55090602,65,40,25,65,40,25,0,0,0,26,17,9,56,35,21,65,40,25,0,0,0,0,0,0
51006801,178,90,88,178,90,88,0,0,0,71,43,28,166,82,84,171,88,83,0,0,0,7,2,5
55092201,493,259,234,492,259,233,1,0,1,226,133,93,468,245,223,479,249,230,0,0,0,14,10,4
55092202,114,52,62,113,52,61,0,0,0,62,28,34,110,49,61,114,52,62,0,0,0,0,0,0
55092203,94,55,39,93,54,39,0,0,0,51,37,14,90,53,37,94,55,39,0,0,0,0,0,0
55092204,184,94,90,184,94,90,0,0,0,102,53,49,178,92,86,184,94,90,0,0,0,0,0,0
55092206,36,16,20,36,16,20,0,0,0,14,7,7,33,15,18,36,16,20,0,0,0,0,0,0
55094902,103,56,47,103,56,47,0,0,0,34,21,13,93,51,42,103,56,47,0,0,0,0,0,0
55094903,37,20,17,37,20,17,0,0,0,13,10,3,32,17,15,37,20,17,0,0,0,0,0,0
55094904,41,19,22,41,19,22,0,0,0,27,16,11,40,18,22,41,19,22,0,0,0,0,0,0
55095701,20,11,9,20,11,9,0,0,0,13,6,7,19,10,9,19,11,8,0,0,0,1,0,1
55095702,551,266,285,550,265,285,1,1,0,289,147,142,525,255,270,544,260,284,0,0,0,7,6,1
55095704,37,19,18,37,19,18,0,0,0,15,7,8,35,18,17,37,19,18,0,0,0,0,0,0
55095705,38,19,19,37,18,19,1,1,0,19,10,9,37,18,19,38,19,19,0,0,0,0,0,0
55095706,52,30,22,52,30,22,0,0,0,30,20,10,49,28,21,52,30,22,0,0,0,0,0,0
55095707,29,16,13,29,16,13,0,0,0,15,10,5,29,16,13,29,16,13,0,0,0,0,0,0
55095708,26,13,13,26,13,13,0,0,0,13,8,5,26,13,13,26,13,13,0,0,0,0,0,0
55095709,52,26,26,52,26,26,0,0,0,21,13,8,48,25,23,52,26,26,0,0,0,0,0,0
55095710,90,46,44,89,45,44,0,0,0,53,27,26,89,45,44,90,46,44,0,0,0,0,0,0
55096501,356,163,193,349,161,188,7,2,5,146,70,76,338,150,188,349,156,193,0,0,0,7,7,0
55096502,34,18,16,33,17,16,1,1,0,10,8,2,30,16,14,34,18,16,0,0,0,0,0,0
55096503,39,22,17,35,19,16,4,3,1,15,8,7,36,20,16,39,22,17,0,0,0,0,0,0
55098101,206,107,99,200,105,95,6,2,4,111,69,42,197,102,95,204,105,99,0,0,0,2,2,0
55098102,55,24,31,55,24,31,0,0,0,23,14,9,55,24,31,55,24,31,0,0,0,0,0,0
55101501,98,48,50,98,48,50,0,0,0,39,20,19,89,43,46,70,35,35,28,13,15,0,0,0
55101502,291,146,145,291,146,145,0,0,0,151,81,70,276,143,133,290,145,145,0,0,0,1,1,0
56021901,184,96,88,184,96,88,0,0,0,85,54,31,180,93,87,144,75,69,0,0,0,40,21,19
55102301,56,30,26,56,30,26,0,0,0,34,21,13,54,28,26,56,30,26,0,0,0,0,0,0
55102302,68,38,30,68,38,30,0,0,0,27,12,15,66,37,29,68,38,30,0,0,0,0,0,0
55102303,30,13,17,30,13,17,0,0,0,15,6,9,30,13,17,30,13,17,0,0,0,0,0,0
55102304,77,41,36,77,41,36,0,0,0,38,23,15,76,40,36,77,41,36,0,0,0,0,0,0
56024301,22,10,12,22,10,12,0,0,0,7,5,2,22,10,12,22,10,12,0,0,0,0,0,0
56024302,114,59,55,114,59,55,0,0,0,43,26,17,106,56,50,112,58,54,2,1,1,0,0,0
55104001,160,77,83,160,77,83,0,0,0,87,48,39,157,75,82,160,77,83,0,0,0,0,0,0
55104003,26,12,14,25,11,14,1,1,0,12,5,7,20,8,12,20,10,10,0,0,0,6,2,4
55104004,48,27,21,48,27,21,0,0,0,20,13,7,46,26,20,48,27,21,0,0,0,0,0,0
55104007,70,33,37,70,33,37,0,0,0,30,14,16,69,33,36,70,33,37,0,0,0,0,0,0
55159701,160,79,81,159,79,80,1,0,1,52,26,26,143,70,73,159,79,80,0,0,0,1,0,1
56169001,45,24,21,45,24,21,0,0,0,14,9,5,44,24,20,45,24,21,0,0,0,0,0,0
53662801,84,45,39,84,45,39,0,0,0,49,32,17,83,45,38,77,41,36,0,0,0,7,4,3
53688101,148,75,73,148,75,73,0,0,0,59,38,21,140,73,67,147,74,73,0,0,0,1,1,0
53688102,129,71,58,129,71,58,0,0,0,71,48,23,128,71,57,128,70,58,0,0,0,1,1,0
53636901,63,35,28,63,35,28,0,0,0,36,20,16,62,35,27,60,34,26,0,0,0,3,1,2
55110401,76,42,34,75,41,34,1,1,0,38,23,15,76,42,34,76,42,34,0,0,0,0,0,0
55110402,83,38,45,83,38,45,0,0,0,39,20,19,76,33,43,81,36,45,0,0,0,2,2,0
55112101,144,74,70,143,73,70,1,1,0,55,31,24,137,71,66,143,73,70,0,0,0,1,1,0
55113901,409,211,198,389,198,191,20,13,7,178,100,78,368,188,180,375,187,188,31,23,8,3,1,2
52998201,197,108,89,192,105,87,5,3,2,94,59,35,185,104,81,197,108,89,0,0,0,0,0,0
53690301,43,23,20,43,23,20,0,0,0,19,13,6,43,23,20,43,23,20,0,0,0,0,0,0
55115501,219,109,110,219,109,110,0,0,0,117,69,48,215,106,109,210,102,108,0,0,0,9,7,2
55115502,49,26,23,49,26,23,0,0,0,23,13,10,48,25,23,49,26,23,0,0,0,0,0,0
55116301,176,91,85,175,90,85,1,1,0,62,37,25,163,84,79,167,85,82,0,0,0,9,6,3
55116302,34,18,16,34,18,16,0,0,0,16,10,6,33,18,15,33,17,16,1,1,0,0,0,0
55118001,116,61,55,115,60,55,1,1,0,57,28,29,104,54,50,104,53,51,0,0,0,12,8,4
55118002,79,41,38,79,41,38,0,0,0,43,25,18,78,40,38,78,40,38,0,0,0,1,1,0
55118004,104,61,43,104,61,43,0,0,0,50,34,16,101,60,41,97,56,41,0,0,0,7,5,2
55118005,76,37,39,76,37,39,0,0,0,31,17,14,72,35,37,74,36,38,0,0,0,2,1,1
53694601,77,35,42,77,35,42,0,0,0,37,17,20,73,33,40,69,31,38,0,0,0,8,4,4
55120101,1303,637,666,1300,634,666,2,2,0,599,307,292,1246,603,643,1279,620,659,3,2,1,21,15,6
56040501,138,71,67,138,71,67,0,0,0,66,36,30,129,67,62,132,67,65,0,0,0,6,4,2
53660101,140,67,73,139,66,73,0,0,0,74,42,32,135,65,70,138,66,72,0,0,0,2,1,1
53634201,95,51,44,95,51,44,0,0,0,43,23,20,95,51,44,95,51,44,0,0,0,0,0,0
55126101,188,93,95,187,93,94,1,0,1,86,49,37,180,89,91,185,93,92,0,0,0,3,0,3
55126102,40,17,23,40,17,23,0,0,0,12,6,6,38,16,22,40,17,23,0,0,0,0,0,0
53680601,109,54,55,105,51,54,4,3,1,39,19,20,106,52,54,109,54,55,0,0,0,0,0,0
53680602,32,17,15,32,17,15,0,0,0,14,8,6,32,17,15,32,17,15,0,0,0,0,0,0
53695401,75,39,36,75,39,36,0,0,0,51,28,23,73,37,36,75,39,36,0,0,0,0,0,0
53655501,71,38,33,71,38,33,0,0,0,38,25,13,70,38,32,66,34,32,0,0,0,5,4,1
53655502,62,35,27,60,35,25,2,0,2,26,17,9,62,35,27,62,35,27,0,0,0,0,0,0
56039101,44,28,16,44,28,16,0,0,0,23,17,6,36,23,13,41,26,15,0,0,0,3,2,1
53675001,107,56,51,107,56,51,0,0,0,43,27,16,97,51,46,107,56,51,0,0,0,0,0,0
59895001,104,47,57,104,47,57,0,0,0,48,26,22,100,43,57,95,43,52,0,0,0,9,4,5
56019701,51,25,26,51,25,26,0,0,0,16,9,7,49,25,24,51,25,26,0,0,0,0,0,0
55133301,87,46,41,87,46,41,0,0,0,43,22,21,86,45,41,87,46,41,0,0,0,0,0,0
55133302,243,123,120,242,123,119,0,0,0,113,64,49,226,115,111,231,114,117,5,4,1,7,5,2
55133303,114,53,61,114,53,61,0,0,0,67,32,35,110,53,57,111,53,58,3,0,3,0,0,0
53683101,85,41,44,85,41,44,0,0,0,45,27,18,83,40,43,80,39,41,0,0,0,5,2,3
55134101,144,70,74,144,70,74,0,0,0,84,45,39,140,68,72,144,70,74,0,0,0,0,0,0
55134102,45,27,18,45,27,18,0,0,0,19,14,5,44,27,17,41,24,17,0,0,0,4,3,1
55134103,85,45,40,85,45,40,0,0,0,47,27,20,82,43,39,85,45,40,0,0,0,0,0,0
55135001,573,311,262,565,306,259,7,4,3,220,134,86,524,287,237,530,280,250,24,16,8,19,15,4
55135002,80,43,37,80,43,37,0,0,0,42,29,13,69,38,31,80,43,37,0,0,0,0,0,0
53682202,53,28,25,53,28,25,0,0,0,25,15,10,51,26,25,51,26,25,0,0,0,2,2,0
53682203,33,14,19,33,14,19,0,0,0,17,10,7,28,12,16,30,13,17,3,1,2,0,0,0
53646601,320,122,198,317,120,197,3,2,1,81,37,44,313,117,196,199,100,99,118,21,97,3,1,2
55138401,646,326,320,646,326,320,0,0,0,316,171,145,622,313,309,633,317,316,6,4,2,7,5,2
55138404,44,20,24,44,20,24,0,0,0,21,9,12,42,19,23,44,20,24,0,0,0,0,0,0
55139201,272,138,134,272,138,134,0,0,0,149,82,67,261,134,127,270,136,134,0,0,0,2,2,0
53641501,46,28,18,46,28,18,0,0,0,15,11,4,45,27,18,46,28,18,0,0,0,0,0,0
53653901,64,30,34,64,30,34,0,0,0,22,10,12,61,29,32,64,30,34,0,0,0,0,0,0
55141401,225,110,115,222,109,113,2,1,1,92,53,39,221,108,113,215,106,109,0,0,0,10,4,6
55141403,28,14,14,28,14,14,0,0,0,19,9,10,28,14,14,28,14,14,0,0,0,0,0,0
53656301,247,116,131,245,114,131,2,2,0,129,70,59,235,111,124,246,115,131,0,0,0,1,1,0
56027801,254,135,119,253,134,119,1,1,0,113,60,53,241,128,113,235,124,111,0,0,0,19,11,8
55147302,34,15,19,34,15,19,0,0,0,15,7,8,33,15,18,29,13,16,0,0,0,5,2,3
55147303,126,61,65,126,61,65,0,0,0,46,26,20,119,57,62,113,52,61,0,0,0,13,9,4
55147305,35,20,15,35,20,15,0,0,0,17,13,4,33,20,13,35,20,15,0,0,0,0,0,0
55147308,62,28,34,62,28,34,0,0,0,22,12,10,61,27,34,62,28,34,0,0,0,0,0,0
55147310,23,14,9,23,14,9,0,0,0,6,4,2,22,13,9,23,14,9,0,0,0,0,0,0
53664401,120,57,63,119,56,63,1,1,0,57,29,28,117,55,62,120,57,63,0,0,0,0,0,0
53664402,46,22,24,44,20,24,1,1,0,22,13,9,46,22,24,46,22,24,0,0,0,0,0,0
53647401,105,60,45,105,60,45,0,0,0,46,35,11,99,56,43,103,58,45,0,0,0,2,2,0
53672501,113,53,60,113,53,60,0,0,0,39,19,20,98,47,51,109,51,58,0,0,0,4,2,2
55152001,268,134,134,267,134,133,1,0,1,108,57,51,254,129,125,258,125,133,0,0,0,10,9,1
55152003,32,17,15,32,17,15,0,0,0,13,7,6,31,16,15,32,17,15,0,0,0,0,0,0
53696201,237,124,113,237,124,113,0,0,0,111,67,44,225,116,109,236,123,113,0,0,0,1,1,0
56020101,60,33,27,58,31,27,2,2,0,24,19,5,53,31,22,60,33,27,0,0,0,0,0,0
56020103,37,19,18,37,19,18,0,0,0,10,6,4,36,18,18,37,19,18,0,0,0,0,0,0
55155401,92,39,53,90,38,52,2,1,1,53,27,26,92,39,53,92,39,53,0,0,0,0,0,0
55155402,238,124,114,237,124,113,1,0,1,106,62,44,232,121,111,236,122,114,0,0,0,2,2,0
55156201,56,30,26,56,30,26,0,0,0,20,14,6,51,28,23,56,30,26,0,0,0,0,0,0
55156202,41,24,17,41,24,17,0,0,0,16,9,7,36,23,13,41,24,17,0,0,0,0,0,0
55156203,479,296,183,472,293,179,6,3,3,142,73,69,450,281,169,352,175,177,111,110,1,16,11,5
55156204,40,22,18,40,22,18,0,0,0,16,10,6,37,21,16,40,22,18,0,0,0,0,0,0
55156205,49,23,26,47,22,25,2,1,1,23,12,11,44,21,23,49,23,26,0,0,0,0,0,0
55157101,108,57,51,108,57,51,0,0,0,49,25,24,103,54,49,107,56,51,0,0,0,1,1,0
59888702,82,45,37,75,39,36,7,6,1,32,16,16,62,33,29,82,45,37,0,0,0,0,0,0
53691101,39,21,18,39,21,18,0,0,0,15,9,6,33,17,16,38,20,18,0,0,0,1,1,0
53691102,45,23,22,45,23,22,0,0,0,9,7,2,42,21,21,43,21,22,0,0,0,2,2,0
55161901,44,21,23,44,21,23,0,0,0,17,10,7,44,21,23,41,20,21,0,0,0,3,1,2
55161902,274,132,142,272,131,141,2,1,1,122,65,57,266,130,136,241,117,124,0,0,0,33,15,18
55162701,60,32,28,58,31,27,2,1,1,31,21,10,58,31,27,60,32,28,0,0,0,0,0,0
55162702,154,86,68,151,84,67,3,2,1,81,53,28,148,81,67,151,83,68,0,0,0,3,3,0
55162703,29,13,16,28,12,16,1,1,0,17,8,9,27,12,15,29,13,16,0,0,0,0,0,0
55162704,48,19,29,48,19,29,0,0,0,27,13,14,48,19,29,48,19,29,0,0,0,0,0,0
53679201,94,49,45,94,49,45,0,0,0,31,14,17,87,46,41,86,44,42,0,0,0,8,5,3
55163501,26,11,15,26,11,15,0,0,0,13,8,5,25,11,14,26,11,15,0,0,0,0,0,0
55163502,28,14,14,28,14,14,0,0,0,13,9,4,26,14,12,28,14,14,0,0,0,0,0,0
55163503,94,51,43,94,51,43,0,0,0,31,18,13,85,47,38,92,49,43,0,0,0,2,2,0
55163504,63,33,30,62,32,30,1,1,0,35,16,19,58,30,28,63,33,30,0,0,0,0,0,0
55163505,49,27,22,49,27,22,0,0,0,21,12,9,48,26,22,48,26,22,0,0,0,1,1,0
53654701,133,66,67,132,66,66,1,0,1,50,28,22,127,64,63,128,61,67,0,0,0,5,5,0
55164301,45,23,22,45,23,22,0,0,0,19,12,7,43,21,22,45,23,22,0,0,0,0,0,0
55164302,100,47,53,100,47,53,0,0,0,34,15,19,94,44,50,100,47,53,0,0,0,0,0,0
55164303,294,148,146,289,144,145,5,4,1,139,86,53,269,136,133,281,139,142,0,0,0,13,9,4
55164304,43,23,20,43,23,20,0,0,0,23,11,12,42,22,20,42,22,20,0,0,0,1,1,0
53642301,37,19,18,37,19,18,0,0,0,22,14,8,36,19,17,32,16,16,0,0,0,5,3,2
55166001,54,26,28,54,26,28,0,0,0,24,11,13,53,25,28,54,26,28,0,0,0,0,0,0
55166002,109,53,56,109,53,56,0,0,0,45,18,27,104,49,55,109,53,56,0,0,0,0,0,0
55166003,87,41,46,87,41,46,0,0,0,52,28,24,85,41,44,87,41,46,0,0,0,0,0,0
55166004,1002,488,514,988,481,507,7,3,4,457,233,224,974,472,502,971,473,498,0,0,0,31,15,16
55166006,62,32,30,62,32,30,0,0,0,26,18,8,58,30,28,62,32,30,0,0,0,0,0,0
55166007,40,18,22,40,18,22,0,0,0,19,7,12,34,16,18,40,18,22,0,0,0,0,0,0
55167802,90,47,43,90,47,43,0,0,0,48,28,20,85,44,41,90,47,43,0,0,0,0,0,0
55167803,476,248,228,466,238,228,9,9,0,201,102,99,458,237,221,423,208,215,22,21,1,31,19,12
55167805,25,12,13,25,12,13,0,0,0,15,9,6,25,12,13,25,12,13,0,0,0,0,0,0
55167806,38,20,18,38,20,18,0,0,0,22,11,11,38,20,18,38,20,18,0,0,0,0,0,0
53686501,227,111,116,227,111,116,0,0,0,89,43,46,214,102,112,225,109,116,0,0,0,2,2,0
53684901,461,243,218,456,238,218,5,5,0,175,88,87,436,228,208,451,237,214,0,0,0,10,6,4
55171601,66,35,31,66,35,31,0,0,0,34,19,15,64,34,30,66,35,31,0,0,0,0,0,0
55171602,70,39,31,70,39,31,0,0,0,37,21,16,58,31,27,70,39,31,0,0,0,0,0,0
55171604,1096,548,548,1092,545,547,4,3,1,523,292,231,1048,522,526,1076,534,542,5,3,2,15,11,4
59890901,70,37,33,70,37,33,0,0,0,35,22,13,70,37,33,70,37,33,0,0,0,0,0,0
55174101,72,39,33,72,39,33,0,0,0,38,23,15,71,38,33,72,39,33,0,0,0,0,0,0
55174102,143,68,75,142,67,75,1,1,0,62,35,27,128,64,64,140,66,74,0,0,0,3,2,1
53677601,139,74,65,138,73,65,1,1,0,73,39,34,137,74,63,139,74,65,0,0,0,0,0,0
55175901,34,18,16,33,17,16,1,1,0,13,8,5,33,17,16,34,18,16,0,0,0,0,0,0
55175902,280,135,145,280,135,145,0,0,0,107,57,50,255,119,136,248,126,122,30,7,23,2,2,0
53003401,55,26,29,55,26,29,0,0,0,27,13,14,54,25,29,55,26,29,0,0,0,0,0,0
53003402,46,21,25,46,21,25,0,0,0,19,11,8,43,20,23,46,21,25,0,0,0,0,0,0
53003403,282,145,137,282,145,137,0,0,0,125,77,48,259,133,126,267,135,132,0,0,0,15,10,5
1560010,0,0,0,0,0,0,0,0,0,0,0,0,0,0,0,0,0,0,0,0,0,0,0,0
3016550,0,0,0,0,0,0,0,0,0,0,0,0,0,0,0,0,0,0,0,0,0,0,0,0
3016800,0,0,0,0,0,0,0,0,0,0,0,0,0,0,0,0,0,0,0,0,0,0,0,0
55078701,63,33,30,63,33,30,0,0,0,38,20,18,62,33,29,63,33,30,0,0,0,0,0,0
55078702,188,80,108,188,80,108,0,0,0,116,51,65,181,76,105,188,80,108,0,0,0,0,0,0
55078703,2026,1019,1007,1998,1003,995,25,14,11,1030,514,516,1943,971,972,2024,1018,1006,0,0,0,2,1,1
55078704,164,78,86,154,71,83,10,7,3,104,54,50,158,76,82,163,78,85,0,0,0,1,0,1
55078705,542,270,272,542,270,272,0,0,0,326,172,154,523,264,259,536,266,270,0,0,0,6,4,2
55078706,162,80,82,162,80,82,0,0,0,102,52,50,158,78,80,162,80,82,0,0,0,0,0,0
55078707,342,175,167,342,175,167,0,0,0,195,112,83,340,173,167,342,175,167,0,0,0,0,0,0
55078708,338,176,162,338,176,162,0,0,0,223,127,96,334,174,160,338,176,162,0,0,0,0,0,0
55078709,43,22,21,43,22,21,0,0,0,27,12,15,42,21,21,43,22,21,0,0,0,0,0,0
55078710,42,24,18,42,24,18,0,0,0,32,19,13,41,24,17,42,24,18,0,0,0,0,0,0
55078711,77,41,36,77,41,36,0,0,0,56,32,24,77,41,36,77,41,36,0,0,0,0,0,0
55078713,1518,699,819,1499,685,814,18,13,5,874,415,459,1457,667,790,1517,698,819,0,0,0,1,1,0
55078714,60,28,32,60,28,32,0,0,0,42,19,23,60,28,32,60,28,32,0,0,0,0,0,0
55078715,2298,1067,1231,2268,1048,1220,25,16,9,1253,633,620,2226,1027,1199,2297,1066,1231,1,1,0,0,0,0
55078716,31,17,14,31,17,14,0,0,0,24,15,9,29,17,12,26,15,11,0,0,0,5,2,3
55078717,4254,2073,2181,4194,2033,2161,55,36,19,2208,1140,1068,4040,1969,2071,3992,1906,2086,74,23,51,188,144,44
55078718,596,291,305,595,290,305,1,1,0,312,155,157,553,270,283,558,277,281,33,11,22,5,3,2
55078719,182,95,87,181,94,87,1,1,0,132,72,60,178,92,86,182,95,87,0,0,0,0,0,0
55078720,1490,668,822,1485,664,821,5,4,1,830,407,423,1428,641,787,1355,640,715,135,28,107,0,0,0
55078721,151,83,68,126,66,60,25,17,8,62,34,28,139,78,61,116,59,57,29,18,11,6,6,0
55078722,269,126,143,265,123,142,4,3,1,119,60,59,248,114,134,200,96,104,69,30,39,0,0,0
55078723,915,418,497,909,414,495,5,3,2,467,217,250,878,397,481,915,418,497,0,0,0,0,0,0
55078724,1539,747,792,1529,740,789,10,7,3,798,420,378,1488,724,764,1539,747,792,0,0,0,0,0,0
55078725,92,47,45,90,47,43,2,0,2,28,13,15,83,42,41,92,47,45,0,0,0,0,0,0
55078726,96,51,45,96,51,45,0,0,0,67,39,28,93,48,45,68,37,31,0,0,0,28,14,14
55078728,3789,1755,2034,3721,1711,2010,59,38,21,1964,986,978,3585,1646,1939,3785,1751,2034,3,3,0,1,1,0
55078729,119,57,62,119,57,62,0,0,0,76,36,40,118,56,62,119,57,62,0,0,0,0,0,0
55078731,21,10,11,20,10,10,1,0,1,13,5,8,20,9,11,20,9,11,0,0,0,1,1,0
55078733,502,248,254,501,247,254,1,1,0,302,149,153,487,238,249,502,248,254,0,0,0,0,0,0
55177501,114,57,57,114,57,57,0,0,0,53,29,24,103,53,50,112,57,55,0,0,0,2,0,2
55177502,52,29,23,52,29,23,0,0,0,33,19,14,52,29,23,52,29,23,0,0,0,0,0,0
53678401,138,68,70,138,68,70,0,0,0,54,26,28,128,64,64,133,65,68,0,0,0,5,3,2
55179101,119,63,56,118,62,56,1,1,0,55,34,21,110,60,50,119,63,56,0,0,0,0,0,0
55179102,56,29,27,56,29,27,0,0,0,24,15,9,49,25,24,56,29,27,0,0,0,0,0,0
55179103,81,44,37,81,44,37,0,0,0,47,29,18,79,43,36,81,44,37,0,0,0,0,0,0
55179104,34,16,18,34,16,18,0,0,0,18,8,10,34,16,18,34,16,18,0,0,0,0,0,0
55179105,597,303,294,595,302,293,2,1,1,288,169,119,564,285,279,575,292,283,1,0,1,21,11,10
55183001,59,36,23,59,36,23,0,0,0,26,17,9,57,34,23,59,36,23,0,0,0,0,0,0
55183002,250,127,123,248,127,121,2,0,2,125,69,56,239,121,118,248,125,123,0,0,0,2,2,0
53692001,190,91,99,190,91,99,0,0,0,103,50,53,188,89,99,190,91,99,0,0,0,0,0,0
55185601,112,58,54,112,58,54,0,0,0,51,30,21,105,55,50,112,58,54,0,0,0,0,0,0
55185602,657,310,347,652,308,344,4,1,3,299,154,145,630,301,329,643,302,341,0,0,0,14,8,6
55185603,64,24,40,61,22,39,3,2,1,32,11,21,56,21,35,64,24,40,0,0,0,0,0,0
53659801,242,120,122,241,119,122,1,1,0,105,59,46,229,115,114,239,118,121,0,0,0,3,2,1
53651202,200,82,118,200,82,118,0,0,0,101,43,58,186,78,108,193,80,113,0,0,0,7,2,5
55189901,134,61,73,134,61,73,0,0,0,66,32,34,122,56,66,127,56,71,0,0,0,7,5,2
55189902,171,88,83,171,88,83,0,0,0,95,56,39,163,86,77,171,88,83,0,0,0,0,0,0
53667901,66,37,29,66,37,29,0,0,0,34,20,14,66,37,29,66,37,29,0,0,0,0,0,0
53669501,34,16,18,32,14,18,2,2,0,14,7,7,27,12,15,34,16,18,0,0,0,0,0,0
53669503,64,30,34,64,30,34,0,0,0,27,13,14,60,28,32,63,29,34,0,0,0,1,1,0
56395101,64,35,29,64,35,29,0,0,0,20,13,7,61,33,28,64,35,29,0,0,0,0,0,0
55193701,91,42,49,91,42,49,0,0,0,41,24,17,87,42,45,88,41,47,0,0,0,3,1,2
53689001,25,12,13,25,12,13,0,0,0,15,9,6,24,11,13,19,9,10,0,0,0,6,3,3
53689002,87,45,42,87,45,42,0,0,0,45,24,21,85,44,41,83,41,42,0,0,0,4,4,0
53650401,42,23,19,42,23,19,0,0,0,20,13,7,39,20,19,40,22,18,0,0,0,2,1,1
53674101,157,78,79,157,78,79,0,0,0,70,38,32,148,73,75,153,76,77,0,0,0,4,2,2
3017610,0,0,0,0,0,0,0,0,0,0,0,0,0,0,0,0,0,0,0,0,0,0,0,0
55195301,163,81,82,155,77,78,7,4,3,71,36,35,163,81,82,155,77,78,0,0,0,8,4,4
55195302,184,86,98,183,85,98,1,1,0,50,26,24,162,74,88,131,70,61,47,13,34,6,3,3
55195303,86,46,40,85,46,39,1,0,1,55,35,20,83,45,38,86,46,40,0,0,0,0,0,0
55195304,232,117,115,227,114,113,5,3,2,123,66,57,226,114,112,232,117,115,0,0,0,0,0,0
55195305,41,23,18,40,22,18,0,0,0,13,6,7,41,23,18,41,23,18,0,0,0,0,0,0
55195306,300,145,155,299,145,154,0,0,0,179,90,89,283,136,147,282,137,145,0,0,0,18,8,10
55195307,28,13,15,28,13,15,0,0,0,14,6,8,27,12,15,28,13,15,0,0,0,0,0,0
55195308,627,339,288,557,295,262,68,42,26,260,152,108,588,315,273,534,276,258,34,18,16,59,45,14
55195309,87,47,40,77,39,38,10,8,2,31,18,13,80,44,36,87,47,40,0,0,0,0,0,0
55195311,411,208,203,393,191,202,15,15,0,221,128,93,397,201,196,389,188,201,16,15,1,6,5,1
55195312,442,192,250,401,169,232,40,23,17,200,94,106,414,180,234,372,170,202,70,22,48,0,0,0
55195313,61,40,21,27,16,11,34,24,10,14,7,7,54,36,18,61,40,21,0,0,0,0,0,0
55195314,102,59,43,91,53,38,9,4,5,54,35,19,99,58,41,96,56,40,2,0,2,4,3,1
55195315,1245,613,632,1213,594,619,30,18,12,660,341,319,1204,595,609,1245,613,632,0,0,0,0,0,0
55195316,691,347,344,672,336,336,18,10,8,381,202,179,664,334,330,690,346,344,0,0,0,1,1,0
55195317,1171,584,587,1102,537,565,64,43,21,564,285,279,1100,544,556,1171,584,587,0,0,0,0,0,0
55195318,526,273,253,516,267,249,10,6,4,270,156,114,503,260,243,526,273,253,0,0,0,0,0,0
55195319,419,206,213,407,198,209,12,8,4,236,125,111,409,200,209,419,206,213,0,0,0,0,0,0
55196103,128,60,68,126,59,67,2,1,1,45,24,21,115,55,60,126,59,67,0,0,0,2,1,1
55196105,410,212,198,407,211,196,3,1,2,195,110,85,388,203,185,403,207,196,0,0,0,7,5,2
55197001,86,44,42,86,44,42,0,0,0,34,20,14,81,41,40,85,44,41,0,0,0,1,0,1
55197003,46,20,26,46,20,26,0,0,0,24,11,13,45,20,25,46,20,26,0,0,0,0,0,0
55197004,2789,1347,1442,2769,1336,1433,15,9,6,1249,654,595,2604,1264,1340,2667,1268,1399,68,38,30,54,41,13
55197005,85,44,41,85,44,41,0,0,0,44,27,17,80,41,39,84,44,40,1,0,1,0,0,0
55198801,322,155,167,321,155,166,1,0,1,122,67,55,294,140,154,321,154,167,0,0,0,1,1,0
53648201,43,23,20,43,23,20,0,0,0,19,14,5,43,23,20,43,23,20,0,0,0,0,0,0
53687301,60,27,33,60,27,33,0,0,0,23,9,14,58,27,31,60,27,33,0,0,0,0,0,0
56325101,62,35,27,62,35,27,0,0,0,31,23,8,61,35,26,62,35,27,0,0,0,0,0,0
56325102,81,39,42,81,39,42,0,0,0,36,17,19,79,39,40,78,37,41,0,0,0,3,2,1
56336601,72,45,27,72,45,27,0,0,0,36,24,12,70,45,25,66,40,26,2,2,0,4,3,1
3085610,0,0,0,0,0,0,0,0,0,0,0,0,0,0,0,0,0,0,0,0,0,0,0,0
55205401,77,36,41,77,36,41,0,0,0,33,17,16,74,35,39,76,35,41,1,1,0,0,0,0
55205402,123,62,61,122,62,60,0,0,0,60,36,24,118,61,57,114,59,55,0,0,0,9,3,6
55205403,60,30,30,60,30,30,0,0,0,21,8,13,53,26,27,58,28,30,1,1,0,1,1,0
55205404,497,271,226,491,270,221,4,1,3,247,135,112,478,262,216,417,213,204,1,0,1,79,58,21
55205405,90,52,38,90,52,38,0,0,0,43,29,14,89,51,38,90,52,38,0,0,0,0,0,0
55205406,2615,1276,1339,2590,1268,1322,22,6,16,1123,572,551,2504,1222,1282,2571,1265,1306,41,10,31,3,1,2
55205408,1385,658,727,1380,655,725,5,3,2,578,312,266,1295,620,675,1273,622,651,112,36,76,0,0,0
55205409,23,13,10,23,13,10,0,0,0,9,6,3,22,12,10,20,11,9,0,0,0,3,2,1
56044801,116,57,59,116,57,59,0,0,0,73,42,31,112,56,56,116,57,59,0,0,0,0,0,0
56044802,78,42,36,76,41,35,1,0,1,48,27,21,75,39,36,78,42,36,0,0,0,0,0,0
55209701,229,114,115,228,113,115,1,1,0,106,51,55,225,113,112,222,109,113,4,2,2,3,3,0
55210101,535,266,269,533,264,269,1,1,0,243,120,123,515,254,261,504,253,251,0,0,0,31,13,18
55210103,28,17,11,28,17,11,0,0,0,14,9,5,25,15,10,27,16,11,0,0,0,1,1,0
55210104,26,12,14,25,11,14,0,0,0,13,5,8,26,12,14,26,12,14,0,0,0,0,0,0
55210107,38,21,17,38,21,17,0,0,0,15,8,7,36,21,15,38,21,17,0,0,0,0,0,0
55210108,28,17,11,28,17,11,0,0,0,19,12,7,28,17,11,28,17,11,0,0,0,0,0,0
55210109,38,21,17,38,21,17,0,0,0,23,14,9,33,17,16,38,21,17,0,0,0,0,0,0
55212701,42,24,18,41,24,17,1,0,1,17,13,4,38,22,16,42,24,18,0,0,0,0,0,0
55213501,204,103,101,204,103,101,0,0,0,88,46,42,191,96,95,199,99,100,0,0,0,5,4,1
55213502,22,12,10,22,12,10,0,0,0,12,8,4,19,10,9,22,12,10,0,0,0,0,0,0
55214301,297,138,159,297,138,159,0,0,0,132,72,60,276,131,145,254,127,127,39,8,31,4,3,1
55214302,56,31,25,56,31,25,0,0,0,24,16,8,56,31,25,56,31,25,0,0,0,0,0,0
55214303,39,24,15,39,24,15,0,0,0,23,18,5,39,24,15,39,24,15,0,0,0,0,0,0
56372201,44,19,25,44,19,25,0,0,0,17,6,11,42,18,24,41,18,23,0,0,0,3,1,2
56372202,42,23,19,42,23,19,0,0,0,17,10,7,37,20,17,31,17,14,0,0,0,11,6,5
55220801,210,106,104,206,102,104,4,4,0,108,60,48,199,100,99,209,105,104,0,0,0,1,1,0
55220802,25,14,11,25,14,11,0,0,0,7,6,1,24,13,11,25,14,11,0,0,0,0,0,0
55220803,28,16,12,27,15,12,1,1,0,12,7,5,28,16,12,28,16,12,0,0,0,0,0,0
55220804,24,10,14,24,10,14,0,0,0,9,4,5,19,8,11,24,10,14,0,0,0,0,0,0
55220805,99,51,48,99,51,48,0,0,0,42,25,17,92,47,45,96,49,47,0,0,0,3,2,1
56365001,154,78,76,153,78,75,0,0,0,77,44,33,146,74,72,154,78,76,0,0,0,0,0,0
55222402,105,55,50,105,55,50,0,0,0,41,24,17,99,53,46,78,40,38,1,1,0,26,14,12
55224101,118,63,55,118,63,55,0,0,0,66,41,25,115,62,53,108,55,53,1,1,0,9,7,2
55224102,73,37,36,73,37,36,0,0,0,45,24,21,71,35,36,73,37,36,0,0,0,0,0,0
55224103,55,33,22,55,33,22,0,0,0,26,16,10,53,33,20,55,33,22,0,0,0,0,0,0
55224104,30,16,14,30,16,14,0,0,0,21,15,6,30,16,14,30,16,14,0,0,0,0,0,0
55224105,82,47,35,82,47,35,0,0,0,55,33,22,77,43,34,82,47,35,0,0,0,0,0,0
55224106,103,55,48,103,55,48,0,0,0,42,24,18,97,51,46,103,55,48,0,0,0,0,0,0
55224108,68,32,36,68,32,36,0,0,0,38,17,21,66,31,35,66,31,35,0,0,0,2,1,1
55224111,186,93,93,185,93,92,1,0,1,88,52,36,181,92,89,185,92,93,0,0,0,1,1,0
55224112,23,11,12,23,11,12,0,0,0,13,5,8,22,11,11,23,11,12,0,0,0,0,0,0
55224113,63,29,34,63,29,34,0,0,0,33,15,18,62,28,34,63,29,34,0,0,0,0,0,0
56052901,54,30,24,54,30,24,0,0,0,32,20,12,50,28,22,51,29,22,0,0,0,3,1,2
56052902,28,14,14,27,13,14,0,0,0,9,5,4,27,13,14,26,13,13,0,0,0,2,1,1
56052903,45,27,18,45,27,18,0,0,0,25,18,7,44,26,18,43,26,17,0,0,0,2,1,1
56376501,145,73,72,144,72,72,1,1,0,72,42,30,139,71,68,143,72,71,0,0,0,2,1,1
55227501,217,118,99,215,117,98,2,1,1,105,62,43,208,112,96,210,113,97,0,0,0,7,5,2
55228301,826,409,417,821,405,416,2,1,1,352,180,172,789,390,399,756,368,388,0,0,0,70,41,29
55229101,159,81,78,159,81,78,0,0,0,62,32,30,155,80,75,159,81,78,0,0,0,0,0,0
56330701,219,117,102,218,116,102,1,1,0,101,62,39,211,112,99,213,115,98,0,0,0,6,2,4
56362501,65,35,30,65,35,30,0,0,0,34,19,15,62,33,29,62,32,30,1,1,0,2,2,0
56048103,140,66,74,140,66,74,0,0,0,75,42,33,134,65,69,139,66,73,0,0,0,1,0,1
55232101,50,25,25,50,25,25,0,0,0,29,17,12,48,24,24,45,23,22,0,0,0,5,2,3
55232102,287,140,147,287,140,147,0,0,0,137,73,64,272,132,140,276,134,142,0,0,0,11,6,5
55232103,68,37,31,68,37,31,0,0,0,30,14,16,68,37,31,66,36,30,0,0,0,2,1,1
59899202,38,19,19,38,19,19,0,0,0,9,4,5,33,16,17,37,19,18,0,0,0,1,0,1
59899203,57,27,30,57,27,30,0,0,0,17,10,7,57,27,30,54,25,29,0,0,0,3,2,1
56290401,120,65,55,119,64,55,1,1,0,55,31,24,114,63,51,118,63,55,1,1,0,1,1,0
55245301,123,66,57,123,66,57,0,0,0,51,29,22,99,54,45,121,65,56,0,0,0,2,1,1
55246101,554,282,272,546,276,270,8,6,2,259,132,127,521,267,254,551,281,270,0,0,0,3,1,2
55246102,833,428,405,827,424,403,5,4,1,380,214,166,784,404,380,815,414,401,0,0,0,18,14,4
55246104,69,33,36,68,32,36,1,1,0,39,19,20,68,33,35,64,32,32,5,1,4,0,0,0
55246107,55,29,26,53,28,25,2,1,1,26,15,11,48,25,23,55,29,26,0,0,0,0,0,0
55246108,24,10,14,24,10,14,0,0,0,13,7,6,24,10,14,24,10,14,0,0,0,0,0,0
55246109,35,18,17,35,18,17,0,0,0,18,10,8,35,18,17,33,17,16,0,0,0,2,1,1
55246110,43,23,20,43,23,20,0,0,0,16,11,5,33,17,16,42,22,20,0,0,0,1,1,0
55246111,112,56,56,111,56,55,1,0,1,30,12,18,109,54,55,104,52,52,0,0,0,8,4,4
55246112,76,41,35,76,41,35,0,0,0,38,21,17,72,37,35,74,40,34,0,0,0,2,1,1
55247001,364,190,174,364,190,174,0,0,0,167,98,69,350,183,167,360,186,174,0,0,0,4,4,0
55247004,120,56,64,120,56,64,0,0,0,69,33,36,115,54,61,119,55,64,0,0,0,1,1,0
56314501,158,77,81,157,77,80,1,0,1,93,53,40,148,76,72,157,76,81,0,0,0,1,1,0
55249601,143,76,67,142,76,66,1,0,1,74,41,33,138,74,64,136,72,64,0,0,0,7,4,3
55249602,1949,925,1024,1933,912,1021,15,12,3,946,476,470,1845,879,966,1857,889,968,62,20,42,30,16,14
55249604,119,59,60,119,59,60,0,0,0,53,30,23,113,56,57,115,57,58,0,0,0,4,2,2
55249605,174,94,80,174,94,80,0,0,0,97,58,39,168,90,78,164,88,76,0,0,0,10,6,4
55249606,70,37,33,70,37,33,0,0,0,45,26,19,70,37,33,70,37,33,0,0,0,0,0,0
56296301,79,39,40,79,39,40,0,0,0,36,20,16,77,38,39,78,38,40,0,0,0,1,1,0
0611742,0,0,0,0,0,0,0,0,0,0,0,0,0,0,0,0,0,0,0,0,0,0,0,0
55253401,160,78,82,159,77,82,1,1,0,89,47,42,152,75,77,158,77,81,0,0,0,2,1,1
55253402,44,20,24,44,20,24,0,0,0,15,6,9,38,17,21,44,20,24,0,0,0,0,0,0
55253403,48,22,26,48,22,26,0,0,0,26,14,12,47,22,25,48,22,26,0,0,0,0,0,0
55253405,47,26,21,47,26,21,0,0,0,34,24,10,47,26,21,47,26,21,0,0,0,0,0,0
55253408,47,28,19,47,28,19,0,0,0,35,23,12,42,24,18,47,28,19,0,0,0,0,0,0
55253409,56,28,28,56,28,28,0,0,0,30,17,13,51,25,26,56,28,28,0,0,0,0,0,0
55253412,952,483,469,948,480,468,4,3,1,563,302,261,923,464,459,912,460,452,15,3,12,25,20,5
55253417,39,19,20,39,19,20,0,0,0,21,11,10,35,17,18,39,19,20,0,0,0,0,0,0
55253418,75,36,39,75,36,39,0,0,0,38,21,17,67,32,35,75,36,39,0,0,0,0,0,0
55253419,99,55,44,98,54,44,0,0,0,61,39,22,91,50,41,98,54,44,1,1,0,0,0,0
55253420,139,68,71,139,68,71,0,0,0,83,45,38,132,64,68,137,67,70,0,0,0,2,1,1
55253421,22,11,11,22,11,11,0,0,0,9,5,4,22,11,11,22,11,11,0,0,0,0,0,0
55253422,119,59,60,117,58,59,2,1,1,58,31,27,113,57,56,119,59,60,0,0,0,0,0,0
55253424,35,18,17,35,18,17,0,0,0,19,12,7,31,17,14,35,18,17,0,0,0,0,0,0
55253425,30,17,13,30,17,13,0,0,0,17,11,6,28,16,12,30,17,13,0,0,0,0,0,0
55253426,47,25,22,47,25,22,0,0,0,12,4,8,37,19,18,47,25,22,0,0,0,0,0,0
55253427,29,13,16,29,13,16,0,0,0,22,11,11,27,12,15,29,13,16,0,0,0,0,0,0
55253428,29,15,14,29,15,14,0,0,0,17,10,7,28,15,13,29,15,14,0,0,0,0,0,0
55253429,22,12,10,22,12,10,0,0,0,10,5,5,22,12,10,22,12,10,0,0,0,0,0,0
53004201,72,32,40,72,32,40,0,0,0,42,18,24,72,32,40,71,31,40,0,0,0,1,1,0
56398601,48,23,25,48,23,25,0,0,0,18,8,10,45,22,23,5,3,2,0,0,0,43,20,23
56398602,614,317,297,613,316,297,1,1,0,220,126,94,589,299,290,581,299,282,0,0,0,33,18,15
59928001,127,67,60,126,66,60,1,1,0,71,45,26,119,63,56,126,66,60,0,0,0,1,1,0
0708152,0,0,0,0,0,0,0,0,0,0,0,0,0,0,0,0,0,0,0,0,0,0,0,0
55258502,70,36,34,70,36,34,0,0,0,42,23,19,66,34,32,66,34,32,0,0,0,4,2,2
55258504,682,348,334,677,346,331,3,2,1,370,192,178,657,334,323,680,346,334,0,0,0,2,2,0
56295501,90,42,48,90,42,48,0,0,0,29,16,13,86,40,46,81,37,44,0,0,0,9,5,4
56063401,109,55,54,109,55,54,0,0,0,47,29,18,106,55,51,105,52,53,1,1,0,3,2,1
56303001,160,78,82,160,78,82,0,0,0,91,56,35,149,73,76,152,74,78,0,0,0,8,4,4
56354401,118,55,63,118,55,63,0,0,0,58,33,25,114,54,60,117,54,63,0,0,0,1,1,0
56358701,169,82,87,159,73,86,10,9,1,70,35,35,152,73,79,163,77,86,0,0,0,6,5,1
55266601,236,124,112,235,123,112,1,1,0,122,74,48,219,115,104,236,124,112,0,0,0,0,0,0
55266602,104,49,55,103,49,54,1,0,1,54,24,30,96,46,50,83,37,46,0,0,0,21,12,9
55266603,83,38,45,83,38,45,0,0,0,40,20,20,78,35,43,83,38,45,0,0,0,0,0,0
55266604,42,21,21,42,21,21,0,0,0,23,10,13,40,20,20,42,21,21,0,0,0,0,0,0
55266605,1081,533,548,1073,529,544,8,4,4,545,275,270,1030,510,520,1059,517,542,0,0,0,22,16,6
55266606,29,17,12,29,17,12,0,0,0,15,12,3,28,16,12,29,17,12,0,0,0,0,0,0
55266607,23,14,9,23,14,9,0,0,0,11,8,3,22,13,9,23,14,9,0,0,0,0,0,0
55266608,100,51,49,100,51,49,0,0,0,43,27,16,96,48,48,100,51,49,0,0,0,0,0,0
55266609,120,50,70,118,49,69,2,1,1,67,26,41,119,50,69,120,50,70,0,0,0,0,0,0
56286601,126,62,64,126,62,64,0,0,0,54,31,23,117,57,60,125,61,64,0,0,0,1,1,0
56323401,171,86,85,171,86,85,0,0,0,85,49,36,164,84,80,169,85,84,0,0,0,2,1,1
59925501,105,48,57,105,48,57,0,0,0,37,20,17,99,43,56,104,47,57,0,0,0,1,1,0
0049872,0,0,0,0,0,0,0,0,0,0,0,0,0,0,0,0,0,0,0,0,0,0,0,0
0049952,0,0,0,0,0,0,0,0,0,0,0,0,0,0,0,0,0,0,0,0,0,0,0,0
55270402,59,28,31,59,28,31,0,0,0,34,18,16,59,28,31,59,28,31,0,0,0,0,0,0
55270403,35,18,17,35,18,17,0,0,0,18,13,5,34,18,16,35,18,17,0,0,0,0,0,0
55270406,54,27,27,54,27,27,0,0,0,25,15,10,53,26,27,54,27,27,0,0,0,0,0,0
55270408,2103,1034,1069,2091,1028,1063,11,6,5,1085,561,524,2028,999,1029,2061,1009,1052,13,3,10,29,22,7
55270409,93,43,50,91,42,49,2,1,1,52,26,26,86,39,47,91,42,49,2,1,1,0,0,0
55270411,28,16,12,28,16,12,0,0,0,12,9,3,28,16,12,28,16,12,0,0,0,0,0,0
55270412,111,55,56,111,55,56,0,0,0,72,38,34,102,51,51,106,53,53,0,0,0,5,2,3
55270413,26,14,12,25,13,12,1,1,0,13,8,5,25,13,12,26,14,12,0,0,0,0,0,0
55270414,42,19,23,42,19,23,0,0,0,18,9,9,40,18,22,42,19,23,0,0,0,0,0,0
55270415,80,36,44,80,36,44,0,0,0,48,26,22,79,35,44,77,35,42,0,0,0,3,1,2
55271201,120,59,61,120,59,61,0,0,0,61,37,24,117,58,59,120,59,61,0,0,0,0,0,0
55272101,408,195,213,406,194,212,1,0,1,183,93,90,382,181,201,405,193,212,0,0,0,3,2,1
1010522,0,0,0,0,0,0,0,0,0,0,0,0,0,0,0,0,0,0,0,0,0,0,0,0
3204800,0,0,0,0,0,0,0,0,0,0,0,0,0,0,0,0,0,0,0,0,0,0,0,0
54963101,36,18,18,36,18,18,0,0,0,12,7,5,28,14,14,36,18,18,0,0,0,0,0,0
54963105,45,25,20,45,25,20,0,0,0,22,14,8,45,25,20,45,25,20,0,0,0,0,0,0
54963106,396,200,196,396,200,196,0,0,0,206,114,92,378,190,188,379,189,190,10,5,5,7,6,1
54963107,52,25,27,50,25,25,2,0,2,29,15,14,49,22,27,52,25,27,0,0,0,0,0,0
54963108,27,13,14,27,13,14,0,0,0,18,11,7,25,11,14,27,13,14,0,0,0,0,0,0
54963109,32,14,18,32,14,18,0,0,0,18,9,9,32,14,18,32,14,18,0,0,0,0,0,0
54963110,27,16,11,27,16,11,0,0,0,21,14,7,27,16,11,27,16,11,0,0,0,0,0,0
54963111,28,15,13,28,15,13,0,0,0,16,9,7,25,14,11,28,15,13,0,0,0,0,0,0
54963114,36,15,21,36,15,21,0,0,0,17,6,11,33,13,20,35,14,21,0,0,0,1,1,0
55901601,103,57,46,103,57,46,0,0,0,34,18,16,93,52,41,100,55,45,0,0,0,3,2,1
55274701,52,27,25,51,26,25,1,1,0,32,18,14,51,26,25,52,27,25,0,0,0,0,0,0
55274702,78,42,36,78,42,36,0,0,0,30,20,10,68,39,29,73,38,35,0,0,0,5,4,1
55274704,108,58,50,106,58,48,2,0,2,49,31,18,96,52,44,104,55,49,0,0,0,4,3,1
55274705,44,22,22,44,22,22,0,0,0,23,14,9,44,22,22,44,22,22,0,0,0,0,0,0
55276301,322,165,157,321,165,156,0,0,0,173,96,77,314,159,155,320,163,157,0,0,0,2,2,0
56345501,85,47,38,85,47,38,0,0,0,40,27,13,79,43,36,84,46,38,0,0,0,1,1,0
56345503,63,32,31,63,32,31,0,0,0,28,17,11,60,30,30,59,30,29,0,0,0,4,2,2
56345504,51,29,22,51,29,22,0,0,0,22,13,9,46,25,21,48,28,20,0,0,0,3,1,2
55279801,30,15,15,30,15,15,0,0,0,18,12,6,28,13,15,30,15,15,0,0,0,0,0,0
55279802,201,105,96,201,105,96,0,0,0,97,62,35,190,98,92,200,105,95,0,0,0,1,0,1
55280101,851,437,414,849,436,413,2,1,1,415,233,182,821,421,400,828,423,405,7,3,4,16,11,5
55280103,111,53,58,110,52,58,1,1,0,67,35,32,109,52,57,111,53,58,0,0,0,0,0,0
55280104,72,35,37,72,35,37,0,0,0,41,20,21,72,35,37,72,35,37,0,0,0,0,0,0
55280105,20,11,9,20,11,9,0,0,0,9,5,4,20,11,9,20,11,9,0,0,0,0,0,0
55280106,62,30,32,62,30,32,0,0,0,31,18,13,60,29,31,62,30,32,0,0,0,0,0,0
55280107,81,46,35,81,46,35,0,0,0,46,31,15,80,45,35,80,45,35,0,0,0,1,1,0
55280108,119,59,60,119,59,60,0,0,0,67,37,30,113,56,57,119,59,60,0,0,0,0,0,0
55282801,113,57,56,111,56,55,2,1,1,45,26,19,108,54,54,111,55,56,0,0,0,2,2,0
55282802,56,30,26,56,30,26,0,0,0,23,12,11,50,26,24,40,20,20,0,0,0,16,10,6
55282804,3012,1476,1536,2836,1370,1466,168,101,67,1040,549,491,2788,1369,1419,2891,1399,1492,65,40,25,56,37,19
55282805,1024,486,538,1013,477,536,10,8,2,345,182,163,951,454,497,1024,486,538,0,0,0,0,0,0
55282806,29,17,12,25,14,11,4,3,1,12,6,6,27,16,11,29,17,12,0,0,0,0,0,0
56055301,53,25,28,53,25,28,0,0,0,34,21,13,49,22,27,52,24,28,0,0,0,1,1,0
55285201,71,41,30,71,41,30,0,0,0,45,31,14,68,39,29,71,41,30,0,0,0,0,0,0
55286103,88,49,39,88,49,39,0,0,0,39,28,11,82,45,37,74,40,34,1,1,0,13,8,5
55289501,46,27,19,45,26,19,1,1,0,24,15,9,44,26,18,44,26,18,0,0,0,2,1,1
55289502,76,33,43,76,33,43,0,0,0,50,22,28,74,32,42,76,33,43,0,0,0,0,0,0
55289503,121,65,56,121,65,56,0,0,0,44,30,14,115,60,55,114,60,54,0,0,0,7,5,2
55289504,76,39,37,75,39,36,1,0,1,28,15,13,71,36,35,76,39,37,0,0,0,0,0,0
56337401,78,36,42,78,36,42,0,0,0,31,21,10,66,34,32,73,32,41,4,3,1,1,1,0
56337402,34,20,14,34,20,14,0,0,0,17,11,6,26,16,10,31,18,13,0,0,0,3,2,1
55291701,24,13,11,24,13,11,0,0,0,4,3,1,20,12,8,16,8,8,0,0,0,8,5,3
55291702,82,38,44,82,38,44,0,0,0,45,27,18,78,36,42,82,38,44,0,0,0,0,0,0
55291703,52,23,29,52,23,29,0,0,0,23,9,14,49,22,27,52,23,29,0,0,0,0,0,0
55291704,29,16,13,29,16,13,0,0,0,10,6,4,28,15,13,18,10,8,0,0,0,11,6,5
55291705,262,129,133,262,129,133,0,0,0,86,49,37,250,126,124,210,110,100,45,16,29,7,3,4
55291706,30,15,15,30,15,15,0,0,0,14,6,8,29,14,15,30,15,15,0,0,0,0,0,0
55291707,51,26,25,51,26,25,0,0,0,29,16,13,44,21,23,51,26,25,0,0,0,0,0,0
55292501,210,114,96,210,114,96,0,0,0,101,58,43,207,113,94,209,113,96,0,0,0,1,1,0
56319601,62,33,29,62,33,29,0,0,0,36,23,13,60,31,29,62,33,29,0,0,0,0,0,0
55293301,369,190,179,368,189,179,1,1,0,160,83,77,353,182,171,346,173,173,5,5,0,18,12,6
55294101,30,15,15,30,15,15,0,0,0,14,10,4,30,15,15,30,15,15,0,0,0,0,0,0
55294102,144,78,66,144,78,66,0,0,0,70,42,28,140,76,64,141,78,63,0,0,0,3,0,3
55297602,177,84,93,177,84,93,0,0,0,90,50,40,163,75,88,177,84,93,0,0,0,0,0,0
55299201,76,40,36,76,40,36,0,0,0,32,19,13,66,32,34,76,40,36,0,0,0,0,0,0
55299202,49,26,23,49,26,23,0,0,0,21,13,8,46,24,22,47,25,22,0,0,0,2,1,1
55299204,98,49,49,98,49,49,0,0,0,46,30,16,90,46,44,98,49,49,0,0,0,0,0,0
55299205,429,215,214,424,211,213,4,3,1,214,115,99,412,209,203,424,211,213,0,0,0,5,4,1
55299206,108,53,55,108,53,55,0,0,0,59,30,29,106,53,53,108,53,55,0,0,0,0,0,0
56062603,93,47,46,93,47,46,0,0,0,37,21,16,90,44,46,89,44,45,0,0,0,4,3,1
55301801,123,64,59,120,61,59,2,2,0,40,22,18,115,57,58,123,64,59,0,0,0,0,0,0
55301802,35,21,14,35,21,14,0,0,0,5,3,2,31,18,13,12,5,7,0,0,0,23,16,7
55301803,389,215,174,376,207,169,13,8,5,158,100,58,372,204,168,371,204,167,0,0,0,18,11,7
56051102,99,55,44,98,55,43,1,0,1,49,34,15,93,52,41,99,55,44,0,0,0,0,0,0
55303402,275,133,142,273,132,141,2,1,1,146,78,68,263,129,134,273,132,141,0,0,0,2,1,1
59911501,55,24,31,55,24,31,0,0,0,20,8,12,52,23,29,30,14,16,3,1,2,22,9,13
59911502,295,156,139,281,146,135,14,10,4,140,73,67,278,146,132,287,151,136,0,0,0,8,5,3
59926301,172,90,82,172,90,82,0,0,0,64,40,24,136,71,65,169,88,81,0,0,0,3,2,1
55306901,1221,594,627,1210,588,622,10,6,4,597,324,273,1170,568,602,1209,589,620,5,3,2,7,2,5
55306902,1694,833,861,1659,813,846,31,17,14,642,330,312,1574,770,804,1693,832,861,1,1,0,0,0,0
55306903,1754,821,933,1726,803,923,25,15,10,614,318,296,1661,774,887,1752,819,933,2,2,0,0,0,0
55306904,47,25,22,47,25,22,0,0,0,19,10,9,47,25,22,30,19,11,0,0,0,17,6,11
55306905,475,228,247,473,226,247,2,2,0,242,122,120,453,216,237,475,228,247,0,0,0,0,0,0
55306906,227,112,115,227,112,115,0,0,0,104,56,48,222,110,112,227,112,115,0,0,0,0,0,0
55306908,1386,713,673,1375,705,670,9,6,3,624,331,293,1338,687,651,1336,675,661,0,0,0,50,38,12
55306909,28,13,15,28,13,15,0,0,0,10,5,5,28,13,15,17,9,8,0,0,0,11,4,7
55306910,36,17,19,35,17,18,1,0,1,12,5,7,30,15,15,3,1,2,4,3,1,29,13,16
55307701,122,57,65,122,57,65,0,0,0,65,35,30,119,55,64,122,57,65,0,0,0,0,0,0
55307702,231,120,111,229,119,110,1,1,0,92,53,39,199,105,94,188,95,93,1,0,1,42,25,17
55307703,85,38,47,85,38,47,0,0,0,46,23,23,82,37,45,85,38,47,0,0,0,0,0,0
55307704,43,21,22,43,21,22,0,0,0,26,16,10,43,21,22,43,21,22,0,0,0,0,0,0
55308501,67,36,31,66,35,31,1,1,0,33,20,13,67,36,31,67,36,31,0,0,0,0,0,0
55308502,109,50,59,108,50,58,1,0,1,64,33,31,105,49,56,105,48,57,3,2,1,1,0,1
56066901,44,22,22,44,22,22,0,0,0,27,15,12,43,21,22,44,22,22,0,0,0,0,0,0
56066902,92,53,39,92,53,39,0,0,0,39,24,15,87,50,37,91,52,39,0,0,0,1,1,0
59902603,38,19,19,38,19,19,0,0,0,22,14,8,32,15,17,38,19,19,0,0,0,0,0,0
59902604,40,17,23,40,17,23,0,0,0,14,6,8,38,16,22,39,17,22,0,0,0,1,0,1
59902605,31,14,17,31,14,17,0,0,0,18,9,9,28,13,15,31,14,17,0,0,0,0,0,0
59902606,41,22,19,41,22,19,0,0,0,14,10,4,38,19,19,37,20,17,0,0,0,4,2,2
59904202,496,249,247,489,243,246,7,6,1,211,118,93,473,233,240,492,246,246,0,0,0,4,3,1
55312303,51,27,24,51,27,24,0,0,0,20,11,9,50,27,23,48,26,22,0,0,0,3,1,2
55312305,118,59,59,118,59,59,0,0,0,52,30,22,112,55,57,115,56,59,2,2,0,1,1,0
55312306,43,23,20,43,23,20,0,0,0,29,19,10,40,22,18,43,23,20,0,0,0,0,0,0
55312307,60,28,32,60,28,32,0,0,0,30,20,10,55,25,30,60,28,32,0,0,0,0,0,0
55312309,71,33,38,71,33,38,0,0,0,42,20,22,67,30,37,71,33,38,0,0,0,0,0,0
3018090,0,0,0,0,0,0,0,0,0,0,0,0,0,0,0,0,0,0,0,0,0,0,0,0
3085870,0,0,0,0,0,0,0,0,0,0,0,0,0,0,0,0,0,0,0,0,0,0,0,0
55313101,190,101,89,188,99,89,1,1,0,92,58,34,178,94,84,190,101,89,0,0,0,0,0,0
55313102,101,45,56,101,45,56,0,0,0,57,32,25,95,41,54,98,43,55,0,0,0,3,2,1
55313103,964,498,466,943,488,455,20,10,10,473,250,223,917,475,442,896,446,450,3,2,1,65,50,15
55313104,34,19,15,33,19,14,1,0,1,15,8,7,31,18,13,26,14,12,0,0,0,8,5,3
55313105,40,23,17,40,23,17,0,0,0,18,12,6,37,21,16,10,8,2,0,0,0,30,15,15
55313106,480,230,250,477,228,249,3,2,1,243,129,114,456,222,234,480,230,250,0,0,0,0,0,0
55313107,42,23,19,41,22,19,1,1,0,29,14,15,38,22,16,41,22,19,1,1,0,0,0,0
55313108,1076,511,565,1069,506,563,7,5,2,529,270,259,1025,490,535,1072,508,564,2,1,1,2,2,0
55313109,71,35,36,71,35,36,0,0,0,31,17,14,67,31,36,48,24,24,0,0,0,23,11,12
55313110,36,15,21,35,14,21,1,1,0,12,5,7,33,13,20,35,14,21,1,1,0,0,0,0
55313111,864,421,443,856,416,440,8,5,3,452,238,214,837,403,434,864,421,443,0,0,0,0,0,0
55313112,498,238,260,496,237,259,2,1,1,235,125,110,479,229,250,497,237,260,0,0,0,1,1,0
55313113,102,54,48,102,54,48,0,0,0,58,40,18,97,52,45,98,52,46,0,0,0,4,2,2
55313114,2303,1059,1244,2296,1056,1240,6,3,3,1123,553,570,2198,1017,1181,2188,1034,1154,115,25,90,0,0,0
55314001,23,9,14,23,9,14,0,0,0,12,6,6,23,9,14,23,9,14,0,0,0,0,0,0
55314002,73,37,36,72,36,36,1,1,0,45,25,20,72,36,36,67,34,33,0,0,0,6,3,3
55314003,55,30,25,55,30,25,0,0,0,30,22,8,55,30,25,51,29,22,0,0,0,4,1,3
55314004,325,163,162,325,163,162,0,0,0,159,94,65,307,154,153,312,156,156,0,0,0,13,7,6
55314005,90,51,39,90,51,39,0,0,0,42,29,13,85,48,37,88,50,38,0,0,0,2,1,1
55316601,145,74,71,145,74,71,0,0,0,70,40,30,143,74,69,144,73,71,0,0,0,1,1,0
55316602,92,45,47,92,45,47,0,0,0,24,13,11,85,41,44,28,13,15,7,4,3,57,28,29
55316603,62,38,24,62,38,24,0,0,0,20,14,6,57,33,24,45,24,21,8,8,0,9,6,3
55316604,467,248,219,466,247,219,1,1,0,172,97,75,447,240,207,455,240,215,0,0,0,12,8,4
55317401,305,152,153,300,151,149,5,1,4,133,74,59,287,142,145,298,149,149,0,0,0,7,3,4
55318201,32,15,17,32,15,17,0,0,0,14,9,5,28,12,16,32,15,17,0,0,0,0,0,0
55318202,296,157,139,296,157,139,0,0,0,139,84,55,283,148,135,294,155,139,0,0,0,2,2,0
56317002,52,29,23,52,29,23,0,0,0,34,22,12,51,28,23,52,29,23,0,0,0,0,0,0
55320402,33,21,12,31,19,12,2,2,0,19,14,5,31,20,11,33,21,12,0,0,0,0,0,0
55320404,42,24,18,42,24,18,0,0,0,26,17,9,41,23,18,35,21,14,0,0,0,7,3,4
55320407,139,77,62,139,77,62,0,0,0,68,45,23,131,74,57,134,75,59,0,0,0,5,2,3
55320408,35,18,17,35,18,17,0,0,0,18,8,10,33,17,16,35,18,17,0,0,0,0,0,0
55320410,29,15,14,29,15,14,0,0,0,7,6,1,27,15,12,29,15,14,0,0,0,0,0,0
55320411,49,26,23,49,26,23,0,0,0,24,11,13,47,25,22,49,26,23,0,0,0,0,0,0
3085950,0,0,0,0,0,0,0,0,0,0,0,0,0,0,0,0,0,0,0,0,0,0,0,0
3086332,0,0,0,0,0,0,0,0,0,0,0,0,0,0,0,0,0,0,0,0,0,0,0,0
3212650,0,0,0,0,0,0,0,0,0,0,0,0,0,0,0,0,0,0,0,0,0,0,0,0
55204602,1355,663,692,1352,660,692,3,3,0,759,376,383,1322,642,680,1325,652,673,17,3,14,13,8,5
55204603,180,88,92,180,88,92,0,0,0,120,64,56,174,84,90,180,88,92,0,0,0,0,0,0
55204604,651,338,313,646,335,311,5,3,2,356,190,166,623,320,303,651,338,313,0,0,0,0,0,0
55204605,29,13,16,29,13,16,0,0,0,20,8,12,28,13,15,16,9,7,0,0,0,13,4,9
55204606,208,112,96,208,112,96,0,0,0,133,73,60,203,109,94,208,112,96,0,0,0,0,0,0
55204607,393,213,180,393,213,180,0,0,0,255,150,105,381,206,175,393,213,180,0,0,0,0,0,0
55204608,32,19,13,32,19,13,0,0,0,18,12,6,32,19,13,32,19,13,0,0,0,0,0,0
55204609,912,457,455,908,454,454,3,3,0,503,258,245,885,442,443,887,443,444,24,13,11,1,1,0
55204610,148,77,71,148,77,71,0,0,0,90,52,38,140,73,67,148,77,71,0,0,0,0,0,0
55204612,37,19,18,37,19,18,0,0,0,17,9,8,36,18,18,37,19,18,0,0,0,0,0,0
55204613,49,20,29,49,20,29,0,0,0,41,17,24,47,20,27,40,17,23,0,0,0,9,3,6
55204614,28,12,16,28,12,16,0,0,0,22,11,11,27,11,16,13,7,6,0,0,0,15,5,10
55204615,1731,860,871,1717,852,865,14,8,6,1042,547,495,1668,833,835,1731,860,871,0,0,0,0,0,0
55204617,58,27,31,58,27,31,0,0,0,38,18,20,56,26,30,58,27,31,0,0,0,0,0,0
55204618,189,94,95,189,94,95,0,0,0,124,68,56,184,92,92,189,94,95,0,0,0,0,0,0
55204620,340,165,175,338,165,173,0,0,0,197,103,94,328,161,167,336,163,173,0,0,0,4,2,2
55204621,348,181,167,347,181,166,1,0,1,216,117,99,342,178,164,329,171,158,0,0,0,19,10,9
55204622,3625,1723,1902,3539,1672,1867,73,43,30,1813,901,912,3403,1617,1786,3592,1699,1893,28,20,8,5,4,1
55204623,1335,665,670,1282,637,645,52,28,24,672,345,327,1221,610,611,1274,628,646,34,20,14,27,17,10
55204624,1825,863,962,1801,848,953,21,15,6,921,451,470,1743,822,921,1819,861,958,6,2,4,0,0,0
55204625,2134,1011,1123,2063,979,1084,65,30,35,1093,547,546,2017,955,1062,2088,988,1100,43,22,21,3,1,2
55204626,3408,1579,1829,3373,1558,1815,32,19,13,1494,733,761,3252,1497,1755,3399,1570,1829,8,8,0,1,1,0
55204627,1917,1061,856,1841,999,842,73,60,13,909,483,426,1808,1006,802,1569,802,767,1,1,0,347,258,89
55204628,7117,3344,3773,7016,3287,3729,88,48,40,3222,1588,1634,6820,3207,3613,7074,3327,3747,40,14,26,3,3,0
55204629,65,32,33,65,32,33,0,0,0,30,14,16,56,29,27,65,32,33,0,0,0,0,0,0
55204630,64,34,30,64,34,30,0,0,0,32,17,15,61,31,30,51,28,23,0,0,0,13,6,7
55204631,505,273,232,416,214,202,83,55,28,182,99,83,452,237,215,376,181,195,118,81,37,11,11,0
55204632,1925,948,977,1885,918,967,37,28,9,1029,529,500,1824,885,939,1923,947,976,1,1,0,1,0,1
55204633,166,42,124,159,40,119,7,2,5,45,12,33,147,34,113,25,13,12,140,29,111,1,0,1
55204634,408,205,203,403,202,201,3,2,1,238,118,120,384,195,189,408,205,203,0,0,0,0,0,0
55204635,1131,507,624,1122,503,619,9,4,5,539,250,289,1084,484,600,1129,506,623,2,1,1,0,0,0
55204636,616,290,326,616,290,326,0,0,0,356,167,189,588,277,311,611,287,324,0,0,0,5,3,2
55204637,431,213,218,431,213,218,0,0,0,252,123,129,426,213,213,423,208,215,0,0,0,8,5,3
56315301,61,30,31,60,30,30,1,0,1,27,15,12,56,28,28,54,27,27,0,0,0,7,3,4
55323901,66,29,37,66,29,37,0,0,0,31,15,16,62,28,34,65,28,37,0,0,0,1,1,0
55323902,146,62,84,146,62,84,0,0,0,76,31,45,141,59,82,145,61,84,0,0,0,1,1,0
55323903,570,301,269,564,299,265,4,2,2,288,179,109,538,284,254,564,295,269,0,0,0,6,6,0
55160101,265,129,136,265,129,136,0,0,0,134,73,61,255,122,133,261,126,135,0,0,0,4,3,1
59912301,386,204,182,385,203,182,1,1,0,131,67,64,374,196,178,380,200,180,0,0,0,6,4,2
55325501,78,39,39,78,39,39,0,0,0,30,16,14,72,35,37,74,36,38,0,0,0,4,3,1
55325502,169,84,85,169,84,85,0,0,0,76,39,37,165,81,84,163,82,81,0,0,0,6,2,4
55326301,50,27,23,50,27,23,0,0,0,22,12,10,46,27,19,33,15,18,0,0,0,17,12,5
55326302,39,21,18,39,21,18,0,0,0,17,10,7,38,20,18,39,21,18,0,0,0,0,0,0
55326303,177,97,80,177,97,80,0,0,0,84,54,30,165,92,73,173,94,79,0,0,0,4,3,1
3275730,0,0,0,0,0,0,0,0,0,0,0,0,0,0,0,0,0,0,0,0,0,0,0,0
55327101,187,93,94,187,93,94,0,0,0,103,56,47,181,90,91,187,93,94,0,0,0,0,0,0
55327102,3728,1835,1893,3699,1817,1882,23,13,10,1828,943,885,3544,1740,1804,3535,1732,1803,102,38,64,91,65,26
55327104,1697,841,856,1675,828,847,17,11,6,846,445,401,1635,808,827,1677,822,855,20,19,1,0,0,0
55327105,20,12,8,20,12,8,0,0,0,11,7,4,20,12,8,18,10,8,1,1,0,1,1,0
55327106,67,41,26,57,33,24,8,6,2,23,11,12,62,39,23,49,26,23,18,15,3,0,0,0
55327107,512,259,253,510,258,252,2,1,1,294,166,128,493,248,245,511,258,253,0,0,0,1,1,0
55328002,36,19,17,36,19,17,0,0,0,18,13,5,36,19,17,36,19,17,0,0,0,0,0,0
55328003,98,51,47,98,51,47,0,0,0,56,33,23,94,50,44,91,46,45,0,0,0,7,5,2
55329801,60,28,32,60,28,32,0,0,0,31,17,14,59,28,31,60,28,32,0,0,0,0,0,0
55329802,217,110,107,217,110,107,0,0,0,107,61,46,209,104,105,215,109,106,0,0,0,2,1,1
55329803,32,17,15,32,17,15,0,0,0,15,11,4,30,17,13,32,17,15,0,0,0,0,0,0
56344702,109,61,48,108,61,47,1,0,1,45,28,17,98,55,43,102,57,45,0,0,0,7,4,3
55331001,176,97,79,176,97,79,0,0,0,80,45,35,157,87,70,167,92,75,0,0,0,9,5,4
55332801,44,23,21,44,23,21,0,0,0,12,8,4,29,16,13,39,22,17,0,0,0,5,1,4
55332802,33,21,12,33,21,12,0,0,0,13,9,4,30,18,12,32,20,12,0,0,0,1,1,0
55332805,34,20,14,34,20,14,0,0,0,18,14,4,34,20,14,34,20,14,0,0,0,0,0,0
55332806,54,27,27,54,27,27,0,0,0,31,18,13,53,26,27,53,27,26,0,0,0,1,0,1
56392701,34,16,18,34,16,18,0,0,0,13,6,7,33,16,17,34,16,18,0,0,0,0,0,0
59900001,53,25,28,52,25,27,1,0,1,22,9,13,53,25,28,45,21,24,0,0,0,8,4,4
55336101,37,18,19,37,18,19,0,0,0,20,9,11,35,17,18,37,18,19,0,0,0,0,0,0
55336102,170,80,90,170,80,90,0,0,0,95,53,42,165,77,88,170,80,90,0,0,0,0,0,0
59903402,103,53,50,103,53,50,0,0,0,57,33,24,99,52,47,103,53,50,0,0,0,0,0,0
56043001,162,75,87,161,75,86,1,0,1,86,45,41,156,72,84,159,74,85,0,0,0,3,1,2
59927101,260,123,137,260,123,137,0,0,0,118,56,62,249,118,131,258,121,137,0,0,0,2,2,0
55340901,312,152,160,312,152,160,0,0,0,150,75,75,298,146,152,306,148,158,0,0,0,6,4,2
55340902,95,47,48,95,47,48,0,0,0,26,12,14,88,44,44,88,43,45,0,0,0,7,4,3
55341701,105,58,47,103,56,47,2,2,0,69,45,24,101,56,45,105,58,47,0,0,0,0,0,0
55341702,849,428,421,848,427,421,1,1,0,408,220,188,808,407,401,847,427,420,0,0,0,2,1,1
56389701,233,119,114,229,117,112,4,2,2,93,54,39,229,117,112,233,119,114,0,0,0,0,0,0
55343301,317,155,162,311,152,159,5,2,3,105,53,52,292,141,151,265,125,140,0,0,0,52,30,22
0016352,0,0,0,0,0,0,0,0,0,0,0,0,0,0,0,0,0,0,0,0,0,0,0,0
55344101,1361,678,683,1344,668,676,14,8,6,589,318,271,1286,641,645,1337,665,672,11,4,7,13,9,4
55344105,34,17,17,34,17,17,0,0,0,13,8,5,34,17,17,29,15,14,0,0,0,5,2,3
55344106,161,85,76,158,83,75,3,2,1,68,35,33,154,82,72,158,83,75,0,0,0,3,2,1
55344109,103,52,51,100,50,50,3,2,1,44,25,19,95,47,48,101,50,51,1,1,0,1,1,0
55344110,60,27,33,56,25,31,4,2,2,13,7,6,54,24,30,52,22,30,4,3,1,4,2,2
55345001,1028,523,505,1018,514,504,10,9,1,412,222,190,983,497,486,990,501,489,16,6,10,22,16,6
55345003,107,56,51,105,54,51,2,2,0,58,34,24,103,53,50,99,54,45,0,0,0,8,2,6
55345004,128,74,54,120,69,51,8,5,3,56,35,21,107,61,46,123,70,53,0,0,0,5,4,1
55345005,124,62,62,119,57,62,4,4,0,54,30,24,115,56,59,116,57,59,0,0,0,8,5,3
55345006,56,31,25,56,31,25,0,0,0,15,9,6,49,28,21,52,28,24,0,0,0,4,3,1
55345007,83,41,42,79,39,40,4,2,2,32,16,16,75,36,39,73,37,36,0,0,0,10,4,6
56613601,408,223,185,402,220,182,6,3,3,169,101,68,381,212,169,401,218,183,0,0,0,7,5,2
55351401,239,117,122,238,117,121,0,0,0,121,65,56,226,113,113,234,114,120,0,0,0,5,3,2
0345502,0,0,0,0,0,0,0,0,0,0,0,0,0,0,0,0,0,0,0,0,0,0,0,0
55354901,432,220,212,408,209,199,21,10,11,169,92,77,399,201,198,401,205,196,13,6,7,18,9,9
55354903,27,16,11,25,15,10,2,1,1,10,4,6,24,14,10,27,16,11,0,0,0,0,0,0
55354904,108,50,58,90,42,48,18,8,10,41,17,24,95,47,48,108,50,58,0,0,0,0,0,0
55354905,202,99,103,174,90,84,26,8,18,75,32,43,193,94,99,196,95,101,6,4,2,0,0,0
55354906,54,27,27,53,27,26,1,0,1,13,5,8,51,26,25,54,27,27,0,0,0,0,0,0
55354907,58,28,30,57,27,30,1,1,0,22,8,14,58,28,30,58,28,30,0,0,0,0,0,0
55355701,367,179,188,366,178,188,1,1,0,170,89,81,352,172,180,361,175,186,0,0,0,6,4,2
3362030,0,0,0,0,0,0,0,0,0,0,0,0,0,0,0,0,0,0,0,0,0,0,0,0
55342501,472,235,237,463,229,234,8,6,2,250,130,120,444,224,220,468,233,235,0,0,0,4,2,2
55342503,51,20,31,51,20,31,0,0,0,26,8,18,50,20,30,33,15,18,18,5,13,0,0,0
55342504,54,29,25,54,29,25,0,0,0,38,23,15,53,28,25,48,26,22,0,0,0,6,3,3
55342505,2677,1273,1404,2636,1249,1387,31,19,12,1263,640,623,2560,1215,1345,2649,1256,1393,25,15,10,3,2,1
55342508,269,137,132,258,135,123,11,2,9,155,82,73,249,127,122,236,121,115,19,10,9,14,6,8
55342509,729,383,346,713,376,337,15,7,8,324,179,145,684,362,322,555,265,290,5,2,3,169,116,53
55342510,1173,541,632,1148,531,617,23,9,14,633,311,322,1136,518,618,1133,530,603,40,11,29,0,0,0
55342511,64,33,31,62,32,30,2,1,1,28,14,14,59,31,28,64,33,31,0,0,0,0,0,0
55342513,2688,1210,1478,2644,1187,1457,42,21,21,1134,552,582,2502,1128,1374,2477,1139,1338,211,71,140,0,0,0
55342514,462,227,235,451,223,228,9,2,7,243,135,108,446,221,225,456,223,233,0,0,0,6,4,2
55342515,703,334,369,676,325,351,25,8,17,341,168,173,667,318,349,700,333,367,2,1,1,1,0,1
55342516,32,15,17,32,15,17,0,0,0,20,12,8,32,15,17,32,15,17,0,0,0,0,0,0
55342517,1107,514,593,1087,501,586,20,13,7,587,285,302,1070,493,577,1107,514,593,0,0,0,0,0,0
55342518,27,15,12,27,15,12,0,0,0,14,8,6,27,15,12,19,10,9,0,0,0,8,5,3
55342519,324,155,169,298,141,157,20,11,9,114,59,55,297,141,156,311,148,163,13,7,6,0,0,0
55342521,40,24,16,36,21,15,4,3,1,22,14,8,38,22,16,23,14,9,0,0,0,17,10,7
55357301,184,91,93,183,90,93,1,1,0,69,36,33,172,86,86,174,84,90,1,1,0,9,6,3
55358101,407,205,202,401,200,201,5,4,1,184,101,83,397,201,196,400,200,200,1,1,0,6,4,2
55362001,273,137,136,270,136,134,3,1,2,104,55,49,260,131,129,249,122,127,0,0,0,24,15,9
56664101,159,82,77,159,82,77,0,0,0,77,41,36,155,79,76,155,80,75,0,0,0,4,2,2
56627601,57,25,32,57,25,32,0,0,0,23,13,10,54,24,30,51,23,28,0,0,0,6,2,4
3018500,0,0,0,0,0,0,0,0,0,0,0,0,0,0,0,0,0,0,0,0,0,0,0,0
3276110,0,0,0,0,0,0,0,0,0,0,0,0,0,0,0,0,0,0,0,0,0,0,0,0
55367101,528,262,266,514,253,261,12,7,5,277,137,140,517,256,261,528,262,266,0,0,0,0,0,0
55367102,1030,504,526,985,480,505,36,21,15,480,237,243,985,479,506,1009,493,516,21,11,10,0,0,0
55367103,1749,841,908,1710,819,891,36,21,15,839,420,419,1658,789,869,1736,833,903,13,8,5,0,0,0
55367104,187,89,98,178,83,95,7,4,3,84,48,36,175,83,92,187,89,98,0,0,0,0,0,0
55367105,41,22,19,41,22,19,0,0,0,26,18,8,36,20,16,41,22,19,0,0,0,0,0,0
55367106,41,20,21,41,20,21,0,0,0,22,12,10,41,20,21,41,20,21,0,0,0,0,0,0
55367107,87,48,39,84,47,37,3,1,2,29,16,13,81,44,37,84,46,38,0,0,0,3,2,1
55367108,31,15,16,31,15,16,0,0,0,17,10,7,30,14,16,31,15,16,0,0,0,0,0,0
55367109,51,23,28,51,23,28,0,0,0,28,13,15,49,23,26,50,22,28,0,0,0,1,1,0
55367110,169,85,84,167,83,84,2,2,0,100,52,48,168,85,83,167,84,83,2,1,1,0,0,0
55367111,167,84,83,165,83,82,2,1,1,89,45,44,154,77,77,167,84,83,0,0,0,0,0,0
55367112,44,27,17,42,26,16,2,1,1,24,19,5,40,24,16,39,24,15,0,0,0,5,3,2
55367114,27,15,12,27,15,12,0,0,0,18,11,7,27,15,12,27,15,12,0,0,0,0,0,0
55367116,74,38,36,71,38,33,3,0,3,31,19,12,67,34,33,63,31,32,0,0,0,11,7,4
55367117,48,28,20,48,28,20,0,0,0,26,18,8,47,27,20,48,28,20,0,0,0,0,0,0
55367118,88,45,43,87,45,42,0,0,0,37,19,18,79,41,38,65,35,30,19,9,10,4,1,3
55367119,23,12,11,23,12,11,0,0,0,11,4,7,23,12,11,20,10,10,0,0,0,3,2,1
55367120,396,199,197,383,192,191,9,5,4,167,84,83,371,186,185,303,147,156,20,5,15,73,47,26
55368901,37,19,18,33,17,16,1,0,1,9,6,3,34,18,16,37,19,18,0,0,0,0,0,0
55368902,83,42,41,81,41,40,2,1,1,47,24,23,81,41,40,83,42,41,0,0,0,0,0,0
55368903,48,27,21,48,27,21,0,0,0,10,7,3,48,27,21,48,27,21,0,0,0,0,0,0
55368904,25,9,16,25,9,16,0,0,0,11,5,6,24,9,15,25,9,16,0,0,0,0,0,0
55368908,918,472,446,906,467,439,12,5,7,397,204,193,878,451,427,853,427,426,39,33,6,26,12,14
55368911,40,21,19,39,21,18,1,0,1,13,3,10,40,21,19,37,19,18,0,0,0,3,2,1
55368912,58,34,24,58,34,24,0,0,0,25,14,11,53,33,20,52,30,22,0,0,0,6,4,2
56617901,181,94,87,179,93,86,2,1,1,87,49,38,168,89,79,174,92,82,0,0,0,7,2,5
56633101,31,15,16,31,15,16,0,0,0,14,4,10,25,12,13,31,15,16,0,0,0,0,0,0
55372701,113,59,54,113,59,54,0,0,0,55,34,21,108,55,53,109,57,52,0,0,0,4,2,2
55373501,760,383,377,750,376,374,10,7,3,327,175,152,727,366,361,744,371,373,5,3,2,11,9,2
55374301,324,162,162,323,162,161,1,0,1,145,88,57,308,152,156,317,155,162,0,0,0,7,7,0
55374303,75,32,43,73,30,43,1,1,0,34,15,19,68,30,38,75,32,43,0,0,0,0,0,0
55375101,382,202,180,378,200,178,2,1,1,189,107,82,369,191,178,371,195,176,4,2,2,7,5,2
56614401,194,96,98,193,95,98,1,1,0,102,57,45,185,93,92,191,95,96,0,0,0,3,1,2
55377801,28,16,12,28,16,12,0,0,0,11,8,3,25,14,11,28,16,12,0,0,0,0,0,0
55378601,78,43,35,78,43,35,0,0,0,45,27,18,74,41,33,78,43,35,0,0,0,0,0,0
55378603,80,40,40,78,40,38,1,0,1,42,21,21,77,40,37,78,39,39,0,0,0,2,1,1
55378604,327,167,160,326,166,160,1,1,0,197,110,87,311,159,152,321,164,157,0,0,0,6,3,3
55378605,23,12,11,23,12,11,0,0,0,14,6,8,23,12,11,23,12,11,0,0,0,0,0,0
55378606,3565,1667,1898,3436,1607,1829,113,53,60,1651,839,812,3399,1585,1814,3370,1571,1799,129,49,80,66,47,19
55378607,310,141,169,296,131,165,14,10,4,133,64,69,292,135,157,304,137,167,6,4,2,0,0,0
55378609,417,203,214,410,202,208,6,1,5,224,118,106,396,193,203,414,202,212,0,0,0,3,1,2
55378612,83,43,40,83,43,40,0,0,0,40,23,17,83,43,40,82,43,39,0,0,0,1,0,1
55378613,116,56,60,115,56,59,0,0,0,63,30,33,114,54,60,113,54,59,0,0,0,3,2,1
55379401,44,21,23,42,21,21,1,0,1,14,7,7,41,19,22,42,20,22,0,0,0,2,1,1
55379403,41,20,21,41,20,21,0,0,0,12,3,9,38,17,21,26,14,12,12,6,6,3,0,3
55379404,1182,583,599,1156,569,587,24,12,12,518,271,247,1113,547,566,1142,567,575,20,5,15,20,11,9
55381601,957,485,472,946,479,467,11,6,5,448,236,212,896,451,445,941,476,465,7,2,5,9,7,2
55381602,38,18,20,37,18,19,1,0,1,17,9,8,38,18,20,36,17,19,0,0,0,2,1,1
55382401,1008,481,527,1003,479,524,5,2,3,489,248,241,969,459,510,982,467,515,0,0,0,26,14,12
55382402,41,22,19,40,22,18,1,0,1,22,13,9,40,21,19,41,22,19,0,0,0,0,0,0
55383201,137,73,64,137,73,64,0,0,0,54,31,23,132,69,63,137,73,64,0,0,0,0,0,0
55385901,118,57,61,116,57,59,2,0,2,59,29,30,114,55,59,117,57,60,0,0,0,1,0,1
55386701,123,65,58,120,62,58,3,3,0,51,30,21,122,64,58,119,61,58,3,3,0,1,1,0
55389101,166,89,77,166,89,77,0,0,0,86,50,36,159,84,75,166,89,77,0,0,0,0,0,0
55389102,224,120,104,223,119,104,1,1,0,86,45,41,211,112,99,217,114,103,0,0,0,7,6,1
55391301,56,29,27,54,29,25,2,0,2,24,14,10,54,28,26,54,27,27,0,0,0,2,2,0
55391302,71,38,33,71,38,33,0,0,0,39,26,13,69,37,32,66,36,30,0,0,0,5,2,3
55391303,25,12,13,25,12,13,0,0,0,12,6,6,25,12,13,25,12,13,0,0,0,0,0,0
55391304,658,335,323,658,335,323,0,0,0,314,169,145,631,320,311,624,314,310,13,9,4,21,12,9
55391305,54,24,30,50,21,29,3,3,0,28,14,14,49,22,27,54,24,30,0,0,0,0,0,0
55391308,29,17,12,29,17,12,0,0,0,7,5,2,28,17,11,22,13,9,0,0,0,7,4,3
55391309,47,25,22,45,24,21,2,1,1,12,5,7,43,23,20,44,23,21,0,0,0,3,2,1
55391310,255,133,122,254,132,122,1,1,0,121,66,55,240,124,116,245,127,118,0,0,0,10,6,4
55392101,124,66,58,124,66,58,0,0,0,67,35,32,113,58,55,118,61,57,0,0,0,6,5,1
55393001,25,16,9,25,16,9,0,0,0,11,11,0,23,15,8,25,16,9,0,0,0,0,0,0
55393002,92,48,44,92,48,44,0,0,0,33,19,14,82,42,40,74,40,34,0,0,0,18,8,10
55394801,23,11,12,23,11,12,0,0,0,14,9,5,22,11,11,23,11,12,0,0,0,0,0,0
55394802,418,209,209,416,207,209,1,1,0,236,123,113,393,198,195,412,204,208,0,0,0,6,5,1
55394803,144,77,67,144,77,67,0,0,0,73,43,30,138,75,63,142,76,66,0,0,0,2,1,1
55395601,222,117,105,213,113,100,9,4,5,95,57,38,203,107,96,220,115,105,0,0,0,2,2,0
55395602,85,40,45,85,40,45,0,0,0,24,11,13,71,33,38,84,39,45,0,0,0,1,1,0
0974970,0,0,0,0,0,0,0,0,0,0,0,0,0,0,0,0,0,0,0,0,0,0,0,0
56629201,143,74,69,143,74,69,0,0,0,59,34,25,139,72,67,133,65,68,0,0,0,10,9,1
56629202,47,27,20,45,25,20,1,1,0,13,8,5,45,26,19,45,25,20,0,0,0,2,2,0
56629203,25,11,14,25,11,14,0,0,0,6,1,5,23,11,12,21,8,13,0,0,0,4,3,1
59917401,56,30,26,56,30,26,0,0,0,22,12,10,52,28,24,53,28,25,0,0,0,3,2,1
55398101,29,15,14,29,15,14,0,0,0,13,6,7,29,15,14,29,15,14,0,0,0,0,0,0
55398102,29,14,15,29,14,15,0,0,0,20,9,11,29,14,15,29,14,15,0,0,0,0,0,0
55398103,71,33,38,71,33,38,0,0,0,49,25,24,70,33,37,71,33,38,0,0,0,0,0,0
55398104,443,229,214,440,226,214,2,2,0,255,138,117,426,221,205,442,228,214,0,0,0,1,1,0
55398105,447,231,216,437,224,213,10,7,3,260,139,121,434,226,208,439,225,214,5,3,2,3,3,0
55398106,30,11,19,30,11,19,0,0,0,13,4,9,27,10,17,30,11,19,0,0,0,0,0,0
55399902,215,110,105,215,110,105,0,0,0,79,39,40,200,103,97,208,105,103,0,0,0,7,5,2
55399905,41,18,23,41,18,23,0,0,0,9,2,7,33,15,18,41,18,23,0,0,0,0,0,0
1028810,0,0,0,0,0,0,0,0,0,0,0,0,0,0,0,0,0,0,0,0,0,0,0,0
1028900,0,0,0,0,0,0,0,0,0,0,0,0,0,0,0,0,0,0,0,0,0,0,0,0
1983820,0,0,0,0,0,0,0,0,0,0,0,0,0,0,0,0,0,0,0,0,0,0,0,0
55400601,30,17,13,22,14,8,7,2,5,5,0,5,29,16,13,28,16,12,0,0,0,2,1,1
55400602,151,76,75,146,72,74,3,2,1,52,25,27,137,69,68,151,76,75,0,0,0,0,0,0
55400603,28,13,15,28,13,15,0,0,0,6,2,4,26,12,14,28,13,15,0,0,0,0,0,0
55400604,26,15,11,26,15,11,0,0,0,10,6,4,26,15,11,24,14,10,0,0,0,2,1,1
59916602,130,66,64,127,64,63,1,1,0,49,32,17,124,64,60,123,62,61,0,0,0,7,4,3
55403101,176,94,82,175,93,82,1,1,0,79,50,29,164,85,79,176,94,82,0,0,0,0,0,0
59913101,139,70,69,135,68,67,4,2,2,69,39,30,130,67,63,139,70,69,0,0,0,0,0,0
55405702,215,107,108,214,106,108,1,1,0,109,53,56,204,104,100,212,104,108,0,0,0,3,3,0
55407302,36,19,17,35,18,17,1,1,0,11,6,5,36,19,17,28,15,13,0,0,0,8,4,4
55407303,600,311,289,596,308,288,3,2,1,255,150,105,552,285,267,567,291,276,0,0,0,33,20,13
56620901,108,56,52,100,49,51,8,7,1,35,17,18,99,52,47,104,52,52,1,1,0,3,3,0
59918201,136,70,66,135,70,65,1,0,1,56,27,29,129,67,62,135,69,66,0,0,0,1,1,0
59918202,75,44,31,73,42,31,2,2,0,28,15,13,72,42,30,75,44,31,0,0,0,0,0,0
55408101,95,50,45,95,50,45,0,0,0,42,25,17,91,48,43,93,48,45,0,0,0,2,2,0
55408102,122,60,62,122,60,62,0,0,0,62,31,31,116,57,59,114,55,59,0,0,0,8,5,3
55409001,217,118,99,217,118,99,0,0,0,92,57,35,208,114,94,204,110,94,0,0,0,13,8,5
56637301,79,40,39,78,40,38,1,0,1,38,22,16,75,38,37,76,38,38,0,0,0,3,2,1
55411103,48,23,25,48,23,25,0,0,0,15,6,9,40,19,21,47,22,25,0,0,0,1,1,0
55411104,83,44,39,83,44,39,0,0,0,33,20,13,72,39,33,82,44,38,0,0,0,1,0,1
55411105,1253,600,653,1240,591,649,8,7,1,563,279,284,1206,578,628,1224,581,643,9,2,7,20,17,3
55411106,60,29,31,59,28,31,1,1,0,35,17,18,55,26,29,60,29,31,0,0,0,0,0,0
55411107,54,29,25,54,29,25,0,0,0,26,16,10,51,27,24,54,29,25,0,0,0,0,0,0
55412002,24,9,15,24,9,15,0,0,0,8,1,7,24,9,15,24,9,15,0,0,0,0,0,0
55412003,538,280,258,533,275,258,5,5,0,288,169,119,516,268,248,526,273,253,0,0,0,12,7,5
56636501,231,122,109,229,120,109,1,1,0,104,57,47,219,116,103,225,118,107,0,0,0,6,4,2
55413801,149,79,70,149,79,70,0,0,0,101,53,48,146,79,67,149,79,70,0,0,0,0,0,0
55413802,914,461,453,908,457,451,6,4,2,539,277,262,883,444,439,907,455,452,0,0,0,7,6,1
55415401,47,27,20,47,27,20,0,0,0,22,15,7,47,27,20,47,27,20,0,0,0,0,0,0
55415402,60,26,34,59,25,34,1,1,0,20,9,11,56,23,33,58,25,33,0,0,0,2,1,1
55415403,253,126,127,251,125,126,2,1,1,97,58,39,236,119,117,247,120,127,0,0,0,6,6,0
1439360,0,0,0,0,0,0,0,0,0,0,0,0,0,0,0,0,0,0,0,0,0,0,0,0
1439440,0,0,0,0,0,0,0,0,0,0,0,0,0,0,0,0,0,0,0,0,0,0,0,0
1439520,0,0,0,0,0,0,0,0,0,0,0,0,0,0,0,0,0,0,0,0,0,0,0,0
1439610,0,0,0,0,0,0,0,0,0,0,0,0,0,0,0,0,0,0,0,0,0,0,0,0
1439790,0,0,0,0,0,0,0,0,0,0,0,0,0,0,0,0,0,0,0,0,0,0,0,0
55418901,166,84,82,166,84,82,0,0,0,55,27,28,149,73,76,156,78,78,4,4,0,6,2,4
55420101,39,24,15,39,24,15,0,0,0,9,7,2,36,21,15,39,24,15,0,0,0,0,0,0
55420102,26,12,14,26,12,14,0,0,0,10,4,6,26,12,14,22,11,11,0,0,0,4,1,3
55420103,151,78,73,150,77,73,0,0,0,65,35,30,134,72,62,147,74,73,0,0,0,4,4,0
55425101,211,111,100,206,109,97,4,1,3,117,70,47,207,109,98,208,109,99,0,0,0,3,2,1
55426001,178,83,95,178,83,95,0,0,0,81,41,40,165,78,87,175,82,93,0,0,0,3,1,2
55426002,91,48,43,90,48,42,1,0,1,46,24,22,85,45,40,90,47,43,0,0,0,1,1,0
55426004,121,69,52,120,68,52,1,1,0,55,36,19,112,65,47,112,64,48,0,0,0,9,5,4
55427801,25,13,12,19,11,8,3,1,2,7,5,2,19,10,9,25,13,12,0,0,0,0,0,0
55427802,111,61,50,111,61,50,0,0,0,46,29,17,107,58,49,111,61,50,0,0,0,0,0,0
55427804,300,158,142,298,157,141,2,1,1,139,79,60,283,150,133,294,153,141,0,0,0,6,5,1
55427805,34,14,20,34,14,20,0,0,0,16,7,9,33,14,19,34,14,20,0,0,0,0,0,0
55429401,147,78,69,146,77,69,1,1,0,77,44,33,134,72,62,147,78,69,0,0,0,0,0,0
55429402,285,144,141,281,142,139,3,2,1,153,83,70,269,137,132,271,136,135,0,0,0,14,8,6
55429403,93,47,46,88,43,45,5,4,1,44,21,23,92,47,45,93,47,46,0,0,0,0,0,0
55429404,1504,757,747,1475,739,736,26,17,9,691,353,338,1424,712,712,1456,723,733,11,7,4,37,27,10
55429405,1302,661,641,1283,650,633,19,11,8,624,333,291,1218,618,600,1272,638,634,29,22,7,1,1,0
55431601,205,104,101,204,104,100,1,0,1,98,57,41,195,99,96,203,103,100,0,0,0,2,1,1
55434101,49,27,22,49,27,22,0,0,0,11,7,4,48,26,22,49,27,22,0,0,0,0,0,0
55434102,377,180,197,376,179,197,0,0,0,215,114,101,362,175,187,372,176,196,0,0,0,5,4,1
55435901,434,219,215,424,213,211,9,6,3,176,86,90,415,208,207,426,211,215,4,4,0,4,4,0
55435902,46,19,27,42,16,26,4,3,1,7,3,4,40,16,24,44,19,25,2,0,2,0,0,0
55435903,57,24,33,56,24,32,1,0,1,31,14,17,56,24,32,53,22,31,0,0,0,4,2,2
56616102,132,69,63,129,67,62,3,2,1,55,34,21,128,66,62,130,67,63,0,0,0,2,2,0
55438301,75,35,40,75,35,40,0,0,0,40,23,17,75,35,40,75,35,40,0,0,0,0,0,0
55438302,305,142,163,303,140,163,2,2,0,156,77,79,293,135,158,302,141,161,0,0,0,3,1,2
55438303,39,25,14,39,25,14,0,0,0,10,8,2,35,22,13,6,4,2,0,0,0,33,21,12
55439101,98,54,44,98,54,44,0,0,0,44,29,15,97,53,44,98,54,44,0,0,0,0,0,0
55440501,126,64,62,125,63,62,1,1,0,45,28,17,119,59,60,124,63,61,0,0,0,2,1,1
55441301,64,34,30,64,34,30,0,0,0,20,13,7,54,29,25,64,34,30,0,0,0,0,0,0
55441302,55,30,25,50,27,23,1,1,0,18,13,5,46,25,21,55,30,25,0,0,0,0,0,0
55441303,123,61,62,123,61,62,0,0,0,43,17,26,118,58,60,118,57,61,0,0,0,5,4,1
55442102,52,29,23,52,29,23,0,0,0,12,8,4,51,28,23,52,29,23,0,0,0,0,0,0
55442103,119,56,63,117,55,62,2,1,1,60,32,28,112,53,59,113,52,61,0,0,0,6,4,2
56625001,121,60,61,120,59,61,1,1,0,60,30,30,120,59,61,120,59,61,0,0,0,1,1,0
55444801,45,21,24,45,21,24,0,0,0,24,15,9,41,20,21,43,20,23,0,0,0,2,1,1
0504660,0,0,0,0,0,0,0,0,0,0,0,0,0,0,0,0,0,0,0,0,0,0,0,0
55445601,74,39,35,74,39,35,0,0,0,25,16,9,68,37,31,74,39,35,0,0,0,0,0,0
55445602,88,47,41,87,46,41,1,1,0,49,25,24,85,46,39,85,46,39,0,0,0,3,1,2
55445603,94,45,49,92,43,49,2,2,0,41,23,18,85,41,44,94,45,49,0,0,0,0,0,0
55445605,33,19,14,32,18,14,1,1,0,11,7,4,27,16,11,33,19,14,0,0,0,0,0,0
55445607,42,27,15,42,27,15,0,0,0,17,13,4,40,25,15,42,27,15,0,0,0,0,0,0
55445609,413,206,207,410,205,205,3,1,2,205,118,87,395,196,199,402,197,205,0,0,0,11,9,2
55446401,180,97,83,180,97,83,0,0,0,87,51,36,177,94,83,180,97,83,0,0,0,0,0,0
55446402,76,37,39,76,37,39,0,0,0,39,23,16,74,37,37,76,37,39,0,0,0,0,0,0
55446403,151,78,73,148,76,72,3,2,1,66,37,29,142,75,67,139,73,66,0,0,0,12,5,7
55446404,65,35,30,65,35,30,0,0,0,33,19,14,63,34,29,61,32,29,0,0,0,4,3,1
55446405,131,62,69,130,62,68,1,0,1,65,30,35,123,58,65,131,62,69,0,0,0,0,0,0
55446406,421,218,203,413,211,202,6,5,1,193,105,88,393,202,191,405,204,201,11,10,1,5,4,1
55447201,149,75,74,148,74,74,1,1,0,82,44,38,147,74,73,148,75,73,1,0,1,0,0,0
54184201,116,61,55,116,61,55,0,0,0,59,37,22,113,59,54,115,61,54,0,0,0,1,0,1
54184202,50,28,22,47,26,21,3,2,1,13,8,5,48,27,21,41,22,19,5,4,1,4,2,2
55579701,592,302,290,587,299,288,5,3,2,341,195,146,564,289,275,583,298,285,0,0,0,9,4,5
55579702,22,14,8,22,14,8,0,0,0,12,9,3,20,13,7,22,14,8,0,0,0,0,0,0
55579703,130,63,67,128,62,66,2,1,1,65,34,31,124,61,63,123,60,63,0,0,0,7,3,4
55579705,75,37,38,75,37,38,0,0,0,39,22,17,71,35,36,69,34,35,0,0,0,6,3,3
55580101,605,305,300,598,300,298,6,4,2,265,143,122,570,287,283,602,302,300,0,0,0,3,3,0
55580102,156,74,82,154,72,82,2,2,0,84,48,36,151,72,79,154,72,82,2,2,0,0,0,0
55580103,36,15,21,33,13,20,2,1,1,11,4,7,25,9,16,22,9,13,0,0,0,14,6,8
55580104,29,14,15,29,14,15,0,0,0,15,7,8,28,14,14,27,13,14,0,0,0,2,1,1
55580105,38,17,21,38,17,21,0,0,0,13,4,9,38,17,21,38,17,21,0,0,0,0,0,0
55580106,56,29,27,55,28,27,1,1,0,27,17,10,52,26,26,56,29,27,0,0,0,0,0,0
57808801,134,66,68,134,66,68,0,0,0,70,34,36,130,63,67,131,64,67,1,1,0,2,1,1
55583501,421,220,201,419,218,201,1,1,0,219,128,91,399,207,192,410,213,197,0,0,0,11,7,4
55583502,118,54,64,117,54,63,1,0,1,42,15,27,114,52,62,95,41,54,0,0,0,23,13,10
55583503,34,16,18,34,16,18,0,0,0,18,9,9,32,14,18,34,16,18,0,0,0,0,0,0
55583504,93,50,43,87,47,40,4,1,3,43,28,15,84,44,40,85,46,39,0,0,0,8,4,4
55583505,66,30,36,65,29,36,1,1,0,26,15,11,64,28,36,66,30,36,0,0,0,0,0,0
55583506,20,13,7,19,12,7,1,1,0,10,7,3,20,13,7,20,13,7,0,0,0,0,0,0
54192301,190,96,94,190,96,94,0,0,0,85,47,38,169,87,82,180,92,88,0,0,0,10,4,6
55589401,240,123,117,240,123,117,0,0,0,109,58,51,226,116,110,230,121,109,0,0,0,10,2,8
55589403,63,31,32,62,30,32,0,0,0,28,17,11,62,31,31,63,31,32,0,0,0,0,0,0
53008501,57,30,27,57,30,27,0,0,0,23,12,11,53,27,26,56,29,27,0,0,0,1,1,0
1989780,0,0,0,0,0,0,0,0,0,0,0,0,0,0,0,0,0,0,0,0,0,0,0,0
1991250,0,0,0,0,0,0,0,0,0,0,0,0,0,0,0,0,0,0,0,0,0,0,0,0
55594102,47,22,25,46,21,25,1,1,0,15,9,6,40,20,20,41,19,22,0,0,0,6,3,3
55594103,173,91,82,173,91,82,0,0,0,75,42,33,151,80,71,151,77,74,0,0,0,22,14,8
55594105,46,28,18,45,27,18,1,1,0,17,12,5,46,28,18,41,26,15,0,0,0,5,2,3
55594108,122,60,62,121,59,62,1,1,0,43,25,18,114,56,58,96,48,48,1,1,0,25,11,14
55594111,33,19,14,33,19,14,0,0,0,16,13,3,31,18,13,30,17,13,2,1,1,1,1,0
55594112,51,30,21,51,30,21,0,0,0,39,24,15,50,30,20,47,27,20,0,0,0,4,3,1
55353101,145,73,72,138,69,69,7,4,3,57,32,25,138,70,68,122,57,65,9,7,2,14,9,5
55353102,41,21,20,40,20,20,1,1,0,22,12,10,38,18,20,41,21,20,0,0,0,0,0,0
55353104,109,56,53,109,56,53,0,0,0,52,28,24,109,56,53,109,56,53,0,0,0,0,0,0
55353105,43,22,21,43,22,21,0,0,0,21,10,11,42,21,21,43,22,21,0,0,0,0,0,0
54217201,233,119,114,224,115,109,9,4,5,93,52,41,220,113,107,231,118,113,0,0,0,2,1,1
54202401,207,101,106,206,100,106,1,1,0,77,47,30,196,95,101,184,90,94,0,0,0,23,11,12
57849501,152,77,75,152,77,75,0,0,0,76,41,35,149,76,73,144,73,71,0,0,0,8,4,4
0256740,0,0,0,0,0,0,0,0,0,0,0,0,0,0,0,0,0,0,0,0,0,0,0,0
55604102,52,25,27,52,25,27,0,0,0,22,10,12,48,23,25,52,25,27,0,0,0,0,0,0
55604103,40,21,19,38,20,18,2,1,1,6,4,2,39,20,19,40,21,19,0,0,0,0,0,0
55604106,415,208,207,412,207,205,3,1,2,189,103,86,395,198,197,403,199,204,0,0,0,12,9,3
55604107,183,100,83,182,99,83,1,1,0,76,46,30,174,95,79,173,94,79,0,0,0,10,6,4
55606801,47,25,22,47,25,22,0,0,0,25,13,12,42,23,19,47,25,22,0,0,0,0,0,0
55606802,163,87,76,161,87,74,2,0,2,78,46,32,154,83,71,149,79,70,0,0,0,14,8,6
55606804,70,34,36,70,34,36,0,0,0,38,20,18,70,34,36,70,34,36,0,0,0,0,0,0
55606805,45,24,21,44,23,21,1,1,0,18,10,8,45,24,21,43,23,20,0,0,0,2,1,1
55606806,131,64,67,131,64,67,0,0,0,60,30,30,128,63,65,131,64,67,0,0,0,0,0,0
0265222,0,0,0,0,0,0,0,0,0,0,0,0,0,0,0,0,0,0,0,0,0,0,0,0
55607601,56,30,26,55,30,25,1,0,1,28,20,8,50,28,22,47,25,22,0,0,0,9,5,4
55607602,45,21,24,45,21,24,0,0,0,14,5,9,43,19,24,38,18,20,0,0,0,7,3,4
55607603,665,345,320,664,345,319,1,0,1,294,163,131,641,335,306,651,336,315,0,0,0,14,9,5
55607604,33,17,16,33,17,16,0,0,0,7,4,3,28,14,14,30,16,14,0,0,0,3,1,2
55607605,40,20,20,37,17,20,3,3,0,15,8,7,36,19,17,32,14,18,0,0,0,8,6,2
53012301,80,40,40,80,40,40,0,0,0,38,19,19,74,35,39,74,36,38,0,0,0,6,4,2
53012302,30,17,13,30,17,13,0,0,0,11,7,4,30,17,13,30,17,13,0,0,0,0,0,0
55610601,22,12,10,22,12,10,0,0,0,13,9,4,22,12,10,22,12,10,0,0,0,0,0,0
55610602,409,203,206,405,202,203,4,1,3,192,99,93,374,189,185,383,187,196,2,1,1,24,15,9
55610603,125,67,58,124,66,58,1,1,0,60,34,26,121,65,56,123,67,56,0,0,0,2,0,2
55610604,33,20,13,33,20,13,0,0,0,9,9,0,32,20,12,32,19,13,0,0,0,1,1,0
55610605,239,119,120,239,119,120,0,0,0,125,68,57,231,115,116,238,119,119,0,0,0,1,0,1
55610606,47,25,22,47,25,22,0,0,0,27,15,12,47,25,22,43,22,21,0,0,0,4,3,1
55610607,27,11,16,27,11,16,0,0,0,13,5,8,27,11,16,24,10,14,0,0,0,3,1,2
55610609,21,12,9,21,12,9,0,0,0,8,6,2,20,11,9,17,10,7,0,0,0,4,2,2
57851701,56,33,23,56,33,23,0,0,0,29,20,9,55,32,23,56,33,23,0,0,0,0,0,0
56668301,20,13,7,20,13,7,0,0,0,5,4,1,19,12,7,20,13,7,0,0,0,0,0,0
56668302,123,60,63,123,60,63,0,0,0,48,28,20,116,55,61,123,60,63,0,0,0,0,0,0
57852502,104,46,58,104,46,58,0,0,0,58,33,25,101,45,56,104,46,58,0,0,0,0,0,0
1927590,0,0,0,0,0,0,0,0,0,0,0,0,0,0,0,0,0,0,0,0,0,0,0,0
57824001,100,57,43,100,57,43,0,0,0,28,17,11,88,51,37,90,49,41,2,1,1,8,7,1
0373622,0,0,0,0,0,0,0,0,0,0,0,0,0,0,0,0,0,0,0,0,0,0,0,0
0373713,0,0,0,0,0,0,0,0,0,0,0,0,0,0,0,0,0,0,0,0,0,0,0,0
0374350,0,0,0,0,0,0,0,0,0,0,0,0,0,0,0,0,0,0,0,0,0,0,0,0
1989940,0,0,0,0,0,0,0,0,0,0,0,0,0,0,0,0,0,0,0,0,0,0,0,0
1990010,0,0,0,0,0,0,0,0,0,0,0,0,0,0,0,0,0,0,0,0,0,0,0,0
1990280,0,0,0,0,0,0,0,0,0,0,0,0,0,0,0,0,0,0,0,0,0,0,0,0
1990360,0,0,0,0,0,0,0,0,0,0,0,0,0,0,0,0,0,0,0,0,0,0,0,0
3208890,0,0,0,0,0,0,0,0,0,0,0,0,0,0,0,0,0,0,0,0,0,0,0,0
55618101,44,22,22,44,22,22,0,0,0,25,13,12,44,22,22,43,21,22,0,0,0,1,1,0
55618102,578,290,288,577,289,288,1,1,0,248,144,104,553,281,272,551,278,273,16,4,12,11,8,3
55618103,39,16,23,39,16,23,0,0,0,12,4,8,37,16,21,38,15,23,0,0,0,1,1,0
55618105,46,27,19,41,23,18,4,3,1,16,9,7,40,23,17,46,27,19,0,0,0,0,0,0
55618108,76,36,40,76,36,40,0,0,0,31,16,15,74,35,39,73,35,38,0,0,0,3,1,2
55618111,26,13,13,26,13,13,0,0,0,11,5,6,21,10,11,24,12,12,0,0,0,2,1,1
55618113,30,16,14,30,16,14,0,0,0,6,4,2,28,14,14,30,16,14,0,0,0,0,0,0
55618116,44,25,19,44,25,19,0,0,0,30,21,9,44,25,19,44,25,19,0,0,0,0,0,0
55618120,33,20,13,33,20,13,0,0,0,8,5,3,22,14,8,33,20,13,0,0,0,0,0,0
54179601,151,83,68,151,83,68,0,0,0,68,44,24,143,79,64,146,79,67,0,0,0,5,4,1
0391791,0,0,0,0,0,0,0,0,0,0,0,0,0,0,0,0,0,0,0,0,0,0,0,0
55620301,28,10,18,28,10,18,0,0,0,12,3,9,28,10,18,28,10,18,0,0,0,0,0,0
55620302,35,17,18,35,17,18,0,0,0,17,10,7,33,16,17,35,17,18,0,0,0,0,0,0
55620304,106,60,46,102,57,45,4,3,1,62,31,31,103,58,45,91,49,42,8,6,2,7,5,2
55620306,36,19,17,36,19,17,0,0,0,18,11,7,34,18,16,36,19,17,0,0,0,0,0,0
55620307,105,52,53,105,52,53,0,0,0,49,28,21,99,48,51,105,52,53,0,0,0,0,0,0
55620308,40,20,20,40,20,20,0,0,0,12,8,4,40,20,20,40,20,20,0,0,0,0,0,0
55620309,22,13,9,22,13,9,0,0,0,13,9,4,22,13,9,22,13,9,0,0,0,0,0,0
55620310,33,19,14,33,19,14,0,0,0,21,16,5,32,19,13,31,18,13,0,0,0,2,1,1
55620311,65,35,30,65,35,30,0,0,0,38,20,18,65,35,30,64,34,30,0,0,0,1,1,0
55620314,21,12,9,20,11,9,1,1,0,11,8,3,19,11,8,15,8,7,0,0,0,6,4,2
54208301,85,48,37,84,47,37,0,0,0,32,21,11,83,46,37,68,37,31,2,2,0,15,9,6
0419040,0,0,0,0,0,0,0,0,0,0,0,0,0,0,0,0,0,0,0,0,0,0,0,0
3021040,0,0,0,0,0,0,0,0,0,0,0,0,0,0,0,0,0,0,0,0,0,0,0,0
55625401,61,34,27,61,34,27,0,0,0,37,27,10,57,32,25,60,33,27,0,0,0,1,1,0
55625402,50,27,23,49,27,22,1,0,1,31,18,13,48,26,22,50,27,23,0,0,0,0,0,0
55625403,82,42,40,82,42,40,0,0,0,47,28,19,77,42,35,79,40,39,0,0,0,3,2,1
55625404,74,39,35,74,39,35,0,0,0,52,30,22,73,39,34,72,38,34,0,0,0,2,1,1
55625405,162,85,77,162,85,77,0,0,0,97,59,38,158,83,75,162,85,77,0,0,0,0,0,0
55625406,105,50,55,104,49,55,1,1,0,63,33,30,100,47,53,105,50,55,0,0,0,0,0,0
55625407,101,48,53,101,48,53,0,0,0,58,28,30,99,48,51,101,48,53,0,0,0,0,0,0
55625408,1533,698,835,1527,696,831,5,2,3,707,346,361,1479,679,800,1533,698,835,0,0,0,0,0,0
55625410,268,140,128,267,139,128,1,1,0,155,84,71,258,134,124,265,138,127,0,0,0,3,2,1
55625411,34,18,16,30,16,14,4,2,2,15,8,7,32,17,15,34,18,16,0,0,0,0,0,0
55625412,637,316,321,631,312,319,4,3,1,308,163,145,612,297,315,573,272,301,0,0,0,64,44,20
55625413,202,92,110,202,92,110,0,0,0,106,53,53,174,78,96,176,79,97,25,12,13,1,1,0
55625414,730,369,361,728,368,360,2,1,1,383,211,172,705,354,351,730,369,361,0,0,0,0,0,0
55625415,25,14,11,25,14,11,0,0,0,20,11,9,25,14,11,25,14,11,0,0,0,0,0,0
55625416,21,11,10,20,11,9,1,0,1,17,10,7,20,10,10,21,11,10,0,0,0,0,0,0
55625417,155,79,76,155,79,76,0,0,0,76,43,33,153,77,76,152,77,75,0,0,0,3,2,1
55625418,747,371,376,734,365,369,13,6,7,410,223,187,724,356,368,737,367,370,9,3,6,1,1,0
54209101,58,27,31,56,26,30,2,1,1,20,8,12,57,26,31,57,26,31,0,0,0,1,1,0
55630101,150,88,62,149,87,62,1,1,0,84,54,30,148,86,62,145,85,60,0,0,0,5,3,2
55630102,75,39,36,75,39,36,0,0,0,33,20,13,73,38,35,75,39,36,0,0,0,0,0,0
55630104,106,52,54,105,51,54,1,1,0,55,32,23,102,51,51,103,50,53,0,0,0,3,2,1
55630105,41,23,18,41,23,18,0,0,0,23,14,9,41,23,18,41,23,18,0,0,0,0,0,0
55630106,709,348,361,707,347,360,2,1,1,355,186,169,681,337,344,696,340,356,0,0,0,13,8,5
55630107,63,30,33,63,30,33,0,0,0,36,17,19,58,28,30,63,30,33,0,0,0,0,0,0
55630108,120,58,62,120,58,62,0,0,0,65,34,31,112,56,56,120,58,62,0,0,0,0,0,0
55630109,43,21,22,43,21,22,0,0,0,35,20,15,43,21,22,43,21,22,0,0,0,0,0,0
55631901,59,33,26,59,33,26,0,0,0,38,27,11,58,32,26,59,33,26,0,0,0,0,0,0
55631902,281,145,136,279,144,135,2,1,1,151,78,73,267,137,130,271,140,131,0,0,0,10,5,5
55631903,78,37,41,78,37,41,0,0,0,46,25,21,74,34,40,78,37,41,0,0,0,0,0,0
55633501,26,14,12,26,14,12,0,0,0,10,7,3,25,14,11,26,14,12,0,0,0,0,0,0
55633502,64,34,30,64,34,30,0,0,0,36,21,15,61,32,29,60,32,28,0,0,0,4,2,2
55633503,68,33,35,68,33,35,0,0,0,28,13,15,68,33,35,53,28,25,0,0,0,15,5,10
55633504,61,34,27,61,34,27,0,0,0,35,22,13,57,32,25,59,33,26,0,0,0,2,1,1
55633505,116,56,60,113,54,59,3,2,1,73,38,35,108,53,55,101,48,53,0,0,0,15,8,7
55633506,20,16,4,0,0,0,20,16,4,1,1,0,7,5,2,1,1,0,12,9,3,7,6,1
55633507,376,201,175,364,194,170,11,7,4,162,103,59,344,184,160,356,188,168,0,0,0,20,13,7
55634301,139,69,70,139,69,70,0,0,0,58,36,22,127,65,62,118,59,59,0,0,0,21,10,11
55637802,650,318,332,643,314,329,6,4,2,301,165,136,622,307,315,640,312,328,0,0,0,10,6,4
55637803,53,30,23,52,30,22,1,0,1,23,13,10,52,29,23,30,16,14,0,0,0,23,14,9
55637804,30,13,17,30,13,17,0,0,0,12,5,7,29,13,16,27,11,16,0,0,0,3,2,1
0547210,0,0,0,0,0,0,0,0,0,0,0,0,0,0,0,0,0,0,0,0,0,0,0,0
55638601,36,18,18,36,18,18,0,0,0,16,9,7,35,17,18,36,18,18,0,0,0,0,0,0
55638602,76,40,36,76,40,36,0,0,0,42,24,18,71,38,33,76,40,36,0,0,0,0,0,0
55638603,231,131,100,227,129,98,4,2,2,87,56,31,216,122,94,226,128,98,0,0,0,5,3,2
55638605,173,84,89,173,84,89,0,0,0,75,38,37,169,82,87,173,84,89,0,0,0,0,0,0
55638607,22,8,14,21,8,13,1,0,1,3,0,3,19,7,12,22,8,14,0,0,0,0,0,0
55638608,55,27,28,53,25,28,2,2,0,21,9,12,52,26,26,55,27,28,0,0,0,0,0,0
55639401,50,26,24,50,26,24,0,0,0,24,15,9,48,26,22,46,25,21,0,0,0,4,1,3
55639402,108,53,55,108,53,55,0,0,0,59,29,30,106,53,53,97,47,50,0,0,0,11,6,5
55639403,55,25,30,55,25,30,0,0,0,25,11,14,54,25,29,52,24,28,0,0,0,3,1,2
55639404,59,28,31,59,28,31,0,0,0,27,12,15,55,27,28,59,28,31,0,0,0,0,0,0
55639405,42,20,22,42,20,22,0,0,0,21,13,8,42,20,22,40,19,21,0,0,0,2,1,1
55639406,1496,751,745,1477,737,740,11,8,3,653,358,295,1417,717,700,1432,709,723,0,0,0,64,42,22
55639407,347,203,144,218,90,128,117,102,15,43,21,22,225,139,86,130,67,63,217,136,81,0,0,0
55639408,25,13,12,25,13,12,0,0,0,11,8,3,25,13,12,25,13,12,0,0,0,0,0,0
55639409,29,14,15,29,14,15,0,0,0,17,10,7,25,13,12,29,14,15,0,0,0,0,0,0
55639410,46,24,22,46,24,22,0,0,0,25,16,9,43,24,19,46,24,22,0,0,0,0,0,0
55639411,151,72,79,150,71,79,1,1,0,86,45,41,142,68,74,147,69,78,0,0,0,4,3,1
55639412,61,26,35,61,26,35,0,0,0,22,10,12,54,24,30,61,26,35,0,0,0,0,0,0
54186901,62,32,30,62,32,30,0,0,0,34,16,18,61,31,30,53,28,25,0,0,0,9,4,5
54175301,25,13,12,24,12,12,1,1,0,9,5,4,23,12,11,25,13,12,0,0,0,0,0,0
54175302,142,66,76,142,66,76,0,0,0,54,23,31,129,61,68,141,65,76,0,0,0,1,1,0
54175303,63,34,29,62,33,29,1,1,0,25,13,12,54,27,27,63,34,29,0,0,0,0,0,0
55643201,41,24,17,40,23,17,1,1,0,8,7,1,38,23,15,33,20,13,4,2,2,4,2,2
55643202,21,11,10,21,11,10,0,0,0,6,4,2,16,9,7,15,7,8,0,0,0,6,4,2
55643203,1190,587,603,1185,585,600,2,2,0,467,265,202,1132,559,573,1112,537,575,49,29,20,29,21,8
55643204,48,22,26,48,22,26,0,0,0,24,14,10,47,21,26,48,22,26,0,0,0,0,0,0
55643208,26,16,10,26,16,10,0,0,0,11,10,1,25,15,10,26,16,10,0,0,0,0,0,0
55643209,35,16,19,35,16,19,0,0,0,14,8,6,33,15,18,25,10,15,3,2,1,7,4,3
54182601,108,53,55,108,53,55,0,0,0,55,31,24,104,50,54,108,53,55,0,0,0,0,0,0
1576012,0,0,0,0,0,0,0,0,0,0,0,0,0,0,0,0,0,0,0,0,0,0,0,0
3195540,0,0,0,0,0,0,0,0,0,0,0,0,0,0,0,0,0,0,0,0,0,0,0,0
3276620,0,0,0,0,0,0,0,0,0,0,0,0,0,0,0,0,0,0,0,0,0,0,0,0
3276710,0,0,0,0,0,0,0,0,0,0,0,0,0,0,0,0,0,0,0,0,0,0,0,0
3276890,0,0,0,0,0,0,0,0,0,0,0,0,0,0,0,0,0,0,0,0,0,0,0,0
3362970,0,0,0,0,0,0,0,0,0,0,0,0,0,0,0,0,0,0,0,0,0,0,0,0
55577101,297,142,155,284,136,148,12,6,6,149,75,74,268,131,137,297,142,155,0,0,0,0,0,0
55577102,45,24,21,45,24,21,0,0,0,27,16,11,44,24,20,45,24,21,0,0,0,0,0,0
55577103,932,445,487,923,439,484,9,6,3,558,283,275,910,431,479,925,442,483,0,0,0,7,3,4
55577104,85,42,43,85,42,43,0,0,0,61,33,28,85,42,43,83,41,42,0,0,0,2,1,1
55577106,54,29,25,52,27,25,2,2,0,29,16,13,51,27,24,45,25,20,0,0,0,9,4,5
55577107,104,49,55,104,49,55,0,0,0,67,35,32,101,47,54,104,49,55,0,0,0,0,0,0
55577108,108,60,48,106,60,46,1,0,1,67,41,26,107,60,47,90,51,39,0,0,0,18,9,9
55577109,34,17,17,34,17,17,0,0,0,14,10,4,34,17,17,30,14,16,0,0,0,4,3,1
55577110,74,35,39,74,35,39,0,0,0,47,22,25,73,35,38,72,34,38,0,0,0,2,1,1
55577111,53,25,28,53,25,28,0,0,0,35,17,18,51,25,26,53,25,28,0,0,0,0,0,0
55577112,119,63,56,118,63,55,1,0,1,67,36,31,119,63,56,119,63,56,0,0,0,0,0,0
55577113,330,164,166,330,164,166,0,0,0,223,121,102,319,162,157,330,164,166,0,0,0,0,0,0
55577114,265,129,136,264,129,135,1,0,1,152,81,71,255,128,127,262,127,135,0,0,0,3,2,1
55577115,108,54,54,108,54,54,0,0,0,68,36,32,103,50,53,99,49,50,0,0,0,9,5,4
55577116,109,52,57,109,52,57,0,0,0,61,29,32,96,47,49,107,51,56,0,0,0,2,1,1
55577117,306,147,159,303,146,157,3,1,2,195,98,97,294,141,153,306,147,159,0,0,0,0,0,0
55577118,176,93,83,176,93,83,0,0,0,122,68,54,167,89,78,176,93,83,0,0,0,0,0,0
55577119,35,16,19,35,16,19,0,0,0,26,12,14,35,16,19,35,16,19,0,0,0,0,0,0
55577120,149,78,71,147,77,70,2,1,1,74,40,34,140,72,68,145,75,70,0,0,0,4,3,1
55577121,60,31,29,60,31,29,0,0,0,35,17,18,58,29,29,56,29,27,4,2,2,0,0,0
55577122,776,427,349,761,417,344,15,10,5,351,187,164,732,402,330,488,232,256,5,3,2,283,192,91
55577123,321,161,160,301,148,153,18,12,6,139,72,67,292,146,146,288,151,137,32,10,22,1,0,1
55577125,43,22,21,43,22,21,0,0,0,27,15,12,43,22,21,43,22,21,0,0,0,0,0,0
55577128,977,467,510,972,465,507,5,2,3,584,284,300,942,453,489,966,465,501,11,2,9,0,0,0
55577129,34,22,12,31,19,12,3,3,0,20,12,8,32,21,11,12,7,5,2,1,1,20,14,6
55577130,34,18,16,30,16,14,4,2,2,15,8,7,26,15,11,22,11,11,1,1,0,11,6,5
55577131,1001,483,518,981,473,508,17,8,9,560,286,274,956,466,490,975,471,504,26,12,14,0,0,0
55577132,569,267,302,553,261,292,12,3,9,305,162,143,541,250,291,560,260,300,4,3,1,5,4,1
55577133,765,372,393,748,363,385,17,9,8,373,189,184,721,352,369,764,371,393,0,0,0,1,1,0
55577134,347,151,196,343,148,195,3,2,1,175,80,95,328,144,184,346,151,195,1,0,1,0,0,0
55577135,931,427,504,914,417,497,17,10,7,467,226,241,850,381,469,896,408,488,32,16,16,3,3,0
55577136,73,37,36,60,30,30,12,6,6,30,14,16,65,33,32,26,12,14,46,24,22,1,1,0
55577138,528,245,283,511,235,276,17,10,7,246,122,124,500,232,268,528,245,283,0,0,0,0,0,0
55577139,723,334,389,706,328,378,16,5,11,328,158,170,686,315,371,718,330,388,4,3,1,1,1,0
55577140,78,38,40,76,36,40,2,2,0,34,15,19,73,34,39,76,36,40,1,1,0,1,1,0
55577141,1558,750,808,1528,734,794,27,14,13,819,418,401,1473,711,762,1558,750,808,0,0,0,0,0,0
55577142,2331,1053,1278,2285,1025,1260,41,25,16,1068,533,535,2237,1011,1226,2223,1028,1195,108,25,83,0,0,0
55577143,877,415,462,866,408,458,10,6,4,528,253,275,852,405,447,873,411,462,4,4,0,0,0,0
55577144,496,222,274,483,215,268,13,7,6,234,106,128,465,209,256,496,222,274,0,0,0,0,0,0
55577145,25,14,11,24,13,11,1,1,0,8,4,4,20,11,9,6,4,2,5,3,2,14,7,7
55577146,781,379,402,776,375,401,5,4,1,422,212,210,754,362,392,781,379,402,0,0,0,0,0,0
55577147,400,206,194,400,206,194,0,0,0,240,122,118,388,200,188,397,204,193,0,0,0,3,2,1
55577148,300,151,149,279,138,141,20,12,8,162,86,76,291,144,147,287,142,145,11,7,4,2,2,0
55577149,555,252,303,543,246,297,12,6,6,274,131,143,519,238,281,547,247,300,8,5,3,0,0,0
55577150,1565,754,811,1533,742,791,32,12,20,804,394,410,1489,717,772,1565,754,811,0,0,0,0,0,0
55577151,1067,509,558,1016,481,535,49,28,21,559,289,270,1002,479,523,1056,502,554,8,5,3,3,2,1
55577153,739,343,396,720,331,389,18,11,7,402,194,208,712,330,382,739,343,396,0,0,0,0,0,0
55577154,242,113,129,242,113,129,0,0,0,122,60,62,231,110,121,238,111,127,0,0,0,4,2,2
54185101,105,59,46,101,57,44,3,2,1,52,36,16,99,56,43,100,56,44,0,0,0,5,3,2
55646701,42,20,22,41,20,21,0,0,0,9,4,5,36,17,19,36,18,18,0,0,0,6,2,4
55646705,21,13,8,21,13,8,0,0,0,10,7,3,21,13,8,21,13,8,0,0,0,0,0,0
55646706,29,14,15,29,14,15,0,0,0,14,6,8,24,13,11,29,14,15,0,0,0,0,0,0
55646707,38,17,21,38,17,21,0,0,0,14,6,8,38,17,21,36,16,20,0,0,0,2,1,1
55646708,723,361,362,722,361,361,1,0,1,373,189,184,690,339,351,708,349,359,0,0,0,15,12,3
55646709,84,37,47,84,37,47,0,0,0,42,20,22,78,36,42,84,37,47,0,0,0,0,0,0
55646710,28,17,11,28,17,11,0,0,0,12,11,1,28,17,11,24,14,10,0,0,0,4,3,1
55646712,33,19,14,33,19,14,0,0,0,17,11,6,33,19,14,32,19,13,0,0,0,1,0,1
55646713,97,49,48,97,49,48,0,0,0,57,32,25,91,47,44,94,47,47,0,0,0,3,2,1
55646714,124,67,57,124,67,57,0,0,0,55,34,21,121,64,57,124,67,57,0,0,0,0,0,0
55646716,33,16,17,33,16,17,0,0,0,13,9,4,32,16,16,33,16,17,0,0,0,0,0,0
55646718,87,48,39,87,48,39,0,0,0,29,15,14,80,43,37,87,48,39,0,0,0,0,0,0
55646720,39,15,24,38,15,23,1,0,1,21,9,12,33,13,20,31,11,20,0,0,0,8,4,4
55646721,23,12,11,23,12,11,0,0,0,13,9,4,23,12,11,23,12,11,0,0,0,0,0,0
57817701,76,35,41,76,35,41,0,0,0,35,19,16,70,35,35,73,33,40,0,0,0,3,2,1
55650501,39,23,16,39,23,16,0,0,0,19,14,5,37,22,15,39,23,16,0,0,0,0,0,0
55650502,101,48,53,100,48,52,1,0,1,50,24,26,95,45,50,100,47,53,0,0,0,1,1,0
55650503,54,26,28,54,26,28,0,0,0,26,13,13,51,26,25,54,26,28,0,0,0,0,0,0
54193101,129,63,66,129,63,66,0,0,0,56,27,29,123,60,63,125,61,64,0,0,0,4,2,2
57807001,88,43,45,88,43,45,0,0,0,37,18,19,86,42,44,87,42,45,0,0,0,1,1,0
57807002,46,23,23,46,23,23,0,0,0,16,8,8,44,21,23,46,23,23,0,0,0,0,0,0
55662901,37,17,20,37,17,20,0,0,0,17,11,6,35,16,19,33,16,17,0,0,0,4,1,3
55662903,150,78,72,149,77,72,1,1,0,81,44,37,133,68,65,141,74,67,0,0,0,9,4,5
55662904,293,155,138,292,155,137,0,0,0,140,83,57,268,143,125,288,150,138,0,0,0,5,5,0
57841001,39,20,19,39,20,19,0,0,0,25,16,9,35,18,17,38,20,18,0,0,0,1,0,1
55663701,80,42,38,80,42,38,0,0,0,45,25,20,80,42,38,80,42,38,0,0,0,0,0,0
55663702,21,10,11,21,10,11,0,0,0,6,4,2,20,9,11,20,10,10,0,0,0,1,0,1
55663703,587,271,316,583,270,313,4,1,3,288,136,152,552,254,298,566,258,308,0,0,0,21,13,8
55663704,61,32,29,61,32,29,0,0,0,35,22,13,60,31,29,61,32,29,0,0,0,0,0,0
55663705,25,15,10,25,15,10,0,0,0,12,10,2,25,15,10,25,15,10,0,0,0,0,0,0
55663706,40,23,17,38,22,16,2,1,1,12,9,3,35,19,16,36,21,15,0,0,0,4,2,2
55663707,155,83,72,155,83,72,0,0,0,77,46,31,149,80,69,147,79,68,0,0,0,8,4,4
55663708,104,52,52,101,50,51,3,2,1,40,20,20,84,45,39,101,51,50,0,0,0,3,1,2
55663709,39,19,20,39,19,20,0,0,0,18,10,8,37,18,19,35,16,19,0,0,0,4,3,1
57846101,61,32,29,60,31,29,1,1,0,26,18,8,57,31,26,61,32,29,0,0,0,0,0,0
54205901,56,32,24,56,32,24,0,0,0,27,17,10,53,30,23,56,32,24,0,0,0,0,0,0
0978880,0,0,0,0,0,0,0,0,0,0,0,0,0,0,0,0,0,0,0,0,0,0,0,0
0978960,0,0,0,0,0,0,0,0,0,0,0,0,0,0,0,0,0,0,0,0,0,0,0,0
54214801,33,20,13,33,20,13,0,0,0,10,8,2,26,16,10,33,20,13,0,0,0,0,0,0
54214802,56,32,24,56,32,24,0,0,0,12,4,8,45,27,18,42,24,18,9,7,2,5,1,4
55671801,40,23,17,40,23,17,0,0,0,15,12,3,37,22,15,38,22,16,0,0,0,2,1,1
55671802,77,42,35,77,42,35,0,0,0,46,25,21,77,42,35,77,42,35,0,0,0,0,0,0
55671803,31,17,14,31,17,14,0,0,0,12,8,4,31,17,14,31,17,14,0,0,0,0,0,0
55671804,60,32,28,60,32,28,0,0,0,33,22,11,59,32,27,58,31,27,0,0,0,2,1,1
55671805,84,45,39,84,45,39,0,0,0,37,23,14,76,41,35,69,37,32,0,0,0,15,8,7
55671806,510,251,259,502,246,256,8,5,3,196,107,89,492,244,248,489,235,254,10,7,3,11,9,2
55671807,144,78,66,143,77,66,0,0,0,55,30,25,140,77,63,112,60,52,0,0,0,32,18,14
55671808,79,39,40,78,39,39,1,0,1,22,13,9,73,37,36,61,31,30,0,0,0,18,8,10
55671809,91,42,49,91,42,49,0,0,0,21,8,13,70,33,37,80,38,42,11,4,7,0,0,0
55671811,24,14,10,24,14,10,0,0,0,10,5,5,23,13,10,24,14,10,0,0,0,0,0,0
55672602,134,64,70,134,64,70,0,0,0,72,42,30,130,64,66,134,64,70,0,0,0,0,0,0
55673401,102,53,49,102,53,49,0,0,0,50,36,14,95,50,45,102,53,49,0,0,0,0,0,0
55673402,47,20,27,47,20,27,0,0,0,20,9,11,46,20,26,47,20,27,0,0,0,0,0,0
55673403,39,18,21,39,18,21,0,0,0,21,10,11,39,18,21,35,16,19,0,0,0,4,2,2
55673404,218,111,107,218,111,107,0,0,0,98,57,41,208,108,100,213,107,106,0,0,0,5,4,1
54174501,122,56,66,121,56,65,0,0,0,59,27,32,119,55,64,121,55,66,0,0,0,1,1,0
55675102,52,28,24,52,28,24,0,0,0,31,17,14,50,28,22,52,28,24,0,0,0,0,0,0
55675103,90,46,44,88,44,44,1,1,0,50,30,20,86,43,43,90,46,44,0,0,0,0,0,0
55675107,30,19,11,30,19,11,0,0,0,15,13,2,28,18,10,30,19,11,0,0,0,0,0,0
55675108,42,20,22,42,20,22,0,0,0,19,10,9,41,20,21,42,20,22,0,0,0,0,0,0
55675109,69,38,31,69,38,31,0,0,0,32,21,11,67,37,30,67,37,30,0,0,0,2,1,1
55675110,38,19,19,38,19,19,0,0,0,26,16,10,38,19,19,36,17,19,2,2,0,0,0,0
55675111,119,63,56,119,63,56,0,0,0,62,32,30,115,62,53,113,59,54,0,0,0,6,4,2
55675112,224,116,108,223,115,108,1,1,0,136,87,49,219,112,107,224,116,108,0,0,0,0,0,0
55675113,252,121,131,250,120,130,2,1,1,104,56,48,230,111,119,252,121,131,0,0,0,0,0,0
55675114,209,109,100,208,108,100,1,1,0,92,57,35,188,98,90,191,96,95,0,0,0,18,13,5
57822301,65,28,37,65,28,37,0,0,0,32,13,19,54,22,32,65,28,37,0,0,0,0,0,0
57853301,208,104,104,207,104,103,1,0,1,84,47,37,202,101,101,204,100,104,0,0,0,4,4,0
1044262,0,0,0,0,0,0,0,0,0,0,0,0,0,0,0,0,0,0,0,0,0,0,0,0
55681501,186,89,97,186,89,97,0,0,0,89,40,49,181,86,95,185,88,97,0,0,0,1,1,0
55681502,62,37,25,62,37,25,0,0,0,30,21,9,60,36,24,57,34,23,3,1,2,2,2,0
55681503,49,27,22,49,27,22,0,0,0,19,10,9,42,22,20,49,27,22,0,0,0,0,0,0
55681504,26,12,14,26,12,14,0,0,0,15,6,9,26,12,14,22,10,12,0,0,0,4,2,2
55683101,374,226,148,368,223,145,1,1,0,117,68,49,362,218,144,230,123,107,144,103,41,0,0,0
55683102,54,25,29,54,25,29,0,0,0,23,13,10,53,24,29,54,25,29,0,0,0,0,0,0
55683104,107,54,53,106,54,52,0,0,0,53,27,26,106,53,53,107,54,53,0,0,0,0,0,0
55683105,3985,1907,2078,3852,1834,2018,119,64,55,2012,1027,985,3834,1847,1987,3878,1837,2041,38,22,16,69,48,21
55683106,49,24,25,49,24,25,0,0,0,21,11,10,49,24,25,49,24,25,0,0,0,0,0,0
55683107,159,73,86,157,72,85,2,1,1,59,30,29,146,67,79,155,72,83,0,0,0,4,1,3
55683108,25,12,13,25,12,13,0,0,0,8,4,4,22,11,11,23,11,12,1,0,1,1,1,0
54191501,220,109,111,220,109,111,0,0,0,92,53,39,207,103,104,218,108,110,0,0,0,2,1,1
54195801,95,45,50,95,45,50,0,0,0,33,19,14,93,43,50,91,43,48,0,0,0,4,2,2
54195802,89,48,41,89,48,41,0,0,0,42,23,19,82,43,39,83,45,38,0,0,0,6,3,3
57806101,70,32,38,70,32,38,0,0,0,33,17,16,70,32,38,70,32,38,0,0,0,0,0,0
55691201,347,190,157,347,190,157,0,0,0,179,116,63,334,185,149,334,184,150,11,4,7,2,2,0
55691202,155,76,79,155,76,79,0,0,0,85,48,37,146,71,75,155,76,79,0,0,0,0,0,0
55691203,68,36,32,67,36,31,1,0,1,36,21,15,60,31,29,68,36,32,0,0,0,0,0,0
55691204,28,14,14,28,14,14,0,0,0,18,9,9,27,13,14,24,11,13,0,0,0,4,3,1
55691205,71,36,35,71,36,35,0,0,0,37,24,13,69,35,34,71,36,35,0,0,0,0,0,0
1199620,0,0,0,0,0,0,0,0,0,0,0,0,0,0,0,0,0,0,0,0,0,0,0,0
55692101,30,16,14,30,16,14,0,0,0,17,11,6,29,16,13,25,14,11,0,0,0,5,2,3
55692102,44,20,24,44,20,24,0,0,0,5,2,3,43,20,23,39,18,21,0,0,0,5,2,3
55692104,36,16,20,36,16,20,0,0,0,17,9,8,35,15,20,36,16,20,0,0,0,0,0,0
55692107,244,130,114,242,129,113,0,0,0,112,63,49,222,118,104,238,125,113,0,0,0,6,5,1
55692108,27,16,11,27,16,11,0,0,0,20,12,8,27,16,11,25,15,10,0,0,0,2,1,1
55692110,27,17,10,27,17,10,0,0,0,10,7,3,25,16,9,22,14,8,0,0,0,5,3,2
55692111,60,28,32,60,28,32,0,0,0,31,16,15,59,27,32,55,25,30,0,0,0,5,3,2
55692113,37,19,18,35,18,17,2,1,1,20,10,10,34,18,16,37,19,18,0,0,0,0,0,0
55692114,56,31,25,56,31,25,0,0,0,19,14,5,56,31,25,52,30,22,0,0,0,4,1,3
55692117,46,21,25,46,21,25,0,0,0,26,14,12,42,19,23,40,18,22,0,0,0,6,3,3
0236040,0,0,0,0,0,0,0,0,0,0,0,0,0,0,0,0,0,0,0,0,0,0,0,0
55695501,52,26,26,52,26,26,0,0,0,14,6,8,51,25,26,52,26,26,0,0,0,0,0,0
55695502,63,32,31,63,32,31,0,0,0,32,20,12,58,31,27,63,32,31,0,0,0,0,0,0
55695503,102,57,45,102,57,45,0,0,0,48,31,17,97,53,44,99,55,44,0,0,0,3,2,1
55695504,114,62,52,113,61,52,1,1,0,70,44,26,111,62,49,114,62,52,0,0,0,0,0,0
55695505,44,21,23,44,21,23,0,0,0,18,8,10,42,20,22,42,20,22,0,0,0,2,1,1
55695506,44,24,20,44,24,20,0,0,0,15,8,7,44,24,20,44,24,20,0,0,0,0,0,0
55695507,105,51,54,105,51,54,0,0,0,43,25,18,98,47,51,104,51,53,0,0,0,1,0,1
55695508,59,29,30,58,28,30,0,0,0,27,13,14,59,29,30,59,29,30,0,0,0,0,0,0
55695509,850,426,424,847,424,423,3,2,1,468,240,228,826,412,414,824,407,417,0,0,0,26,19,7
55695510,28,13,15,28,13,15,0,0,0,12,6,6,28,13,15,28,13,15,0,0,0,0,0,0
55695511,44,23,21,43,22,21,0,0,0,18,10,8,41,22,19,43,22,21,0,0,0,1,1,0
55695512,24,14,10,24,14,10,0,0,0,16,10,6,24,14,10,23,13,10,0,0,0,1,1,0
55168601,126,60,66,124,59,65,2,1,1,63,31,32,122,57,65,124,59,65,0,0,0,2,1,1
54178801,36,19,17,36,19,17,0,0,0,10,7,3,34,17,17,33,18,15,0,0,0,3,1,2
54178802,38,16,22,37,15,22,1,1,0,12,8,4,35,15,20,38,16,22,0,0,0,0,0,0
54178803,134,77,57,134,77,57,0,0,0,55,37,18,130,75,55,115,65,50,0,0,0,19,12,7
54178804,26,16,10,26,16,10,0,0,0,12,8,4,25,15,10,26,16,10,0,0,0,0,0,0
54178805,59,36,23,58,35,23,1,1,0,32,25,7,56,33,23,59,36,23,0,0,0,0,0,0
1989350,0,0,0,0,0,0,0,0,0,0,0,0,0,0,0,0,0,0,0,0,0,0,0,0
55608401,104,59,45,104,59,45,0,0,0,35,22,13,103,59,44,101,56,45,0,0,0,3,3,0
55608402,30,15,15,30,15,15,0,0,0,10,4,6,27,14,13,30,15,15,0,0,0,0,0,0
55700501,118,66,52,117,65,52,1,1,0,62,37,25,113,62,51,116,65,51,0,0,0,2,1,1
55700502,32,20,12,32,20,12,0,0,0,15,11,4,32,20,12,32,20,12,0,0,0,0,0,0
55700503,112,55,57,110,53,57,2,2,0,60,32,28,111,54,57,104,52,52,0,0,0,8,3,5
55700504,155,79,76,152,76,76,3,3,0,67,40,27,137,68,69,126,63,63,29,16,13,0,0,0
55700505,73,39,34,73,39,34,0,0,0,40,27,13,72,39,33,73,39,34,0,0,0,0,0,0
55700506,316,155,161,313,152,161,3,3,0,159,80,79,304,147,157,306,146,160,0,0,0,10,9,1
55701301,84,39,45,82,38,44,2,1,1,34,19,15,75,35,40,84,39,45,0,0,0,0,0,0
55701302,86,43,43,86,43,43,0,0,0,43,28,15,83,42,41,85,42,43,0,0,0,1,1,0
55701303,336,175,161,335,174,161,1,1,0,146,78,68,319,169,150,329,170,159,0,0,0,7,5,2
1400742,0,0,0,0,0,0,0,0,0,0,0,0,0,0,0,0,0,0,0,0,0,0,0,0
1401210,0,0,0,0,0,0,0,0,0,0,0,0,0,0,0,0,0,0,0,0,0,0,0,0
1990440,0,0,0,0,0,0,0,0,0,0,0,0,0,0,0,0,0,0,0,0,0,0,0,0
1990520,0,0,0,0,0,0,0,0,0,0,0,0,0,0,0,0,0,0,0,0,0,0,0,0
55702101,33,18,15,33,18,15,0,0,0,13,8,5,33,18,15,33,18,15,0,0,0,0,0,0
55702102,22,13,9,22,13,9,0,0,0,7,5,2,17,9,8,14,8,6,0,0,0,8,5,3
55702104,151,76,75,148,75,73,3,1,2,55,25,30,135,68,67,142,71,71,0,0,0,9,5,4
55702105,39,22,17,38,21,17,1,1,0,12,9,3,35,20,15,36,20,16,0,0,0,3,2,1
57843601,96,47,49,95,46,49,1,1,0,50,29,21,90,43,47,91,45,46,0,0,0,5,2,3
55709901,53,26,27,53,26,27,0,0,0,19,10,9,49,24,25,50,25,25,0,0,0,3,1,2
55709903,31,16,15,31,16,15,0,0,0,13,7,6,31,16,15,31,16,15,0,0,0,0,0,0
55709904,284,141,143,284,141,143,0,0,0,141,77,64,266,129,137,283,140,143,0,0,0,1,1,0
55709905,25,17,8,24,16,8,1,1,0,9,8,1,22,15,7,25,17,8,0,0,0,0,0,0
1989860,0,0,0,0,0,0,0,0,0,0,0,0,0,0,0,0,0,0,0,0,0,0,0,0
55711101,42,23,19,42,23,19,0,0,0,14,6,8,33,18,15,32,17,15,7,4,3,3,2,1
55711102,152,77,75,147,77,70,4,0,4,49,25,24,141,73,68,129,64,65,5,1,4,18,12,6
55711105,27,13,14,27,13,14,0,0,0,7,3,4,27,13,14,21,11,10,3,1,2,3,1,2
55712903,75,39,36,75,39,36,0,0,0,31,20,11,72,38,34,73,38,35,0,0,0,2,1,1
55712904,189,91,98,188,90,98,1,1,0,77,44,33,178,86,92,184,87,97,0,0,0,5,4,1
55712906,42,23,19,41,22,19,1,1,0,20,12,8,40,22,18,42,23,19,0,0,0,0,0,0
55713702,26,14,12,25,14,11,0,0,0,10,5,5,25,14,11,26,14,12,0,0,0,0,0,0
55713703,40,20,20,40,20,20,0,0,0,22,15,7,35,19,16,36,18,18,0,0,0,4,2,2
55713704,52,24,28,46,21,25,6,3,3,28,12,16,48,21,27,52,24,28,0,0,0,0,0,0
55713705,88,48,40,88,48,40,0,0,0,52,36,16,82,44,38,88,48,40,0,0,0,0,0,0
55713708,892,456,436,875,446,429,15,9,6,479,271,208,848,433,415,863,435,428,0,0,0,29,21,8
55713709,60,30,30,60,30,30,0,0,0,38,18,20,59,30,29,60,30,30,0,0,0,0,0,0
55713710,24,12,12,23,12,11,1,0,1,19,11,8,24,12,12,24,12,12,0,0,0,0,0,0
55713711,51,27,24,49,25,24,1,1,0,26,17,9,50,26,24,51,27,24,0,0,0,0,0,0
55713712,38,22,16,35,20,15,3,2,1,16,11,5,37,22,15,38,22,16,0,0,0,0,0,0
55713714,72,31,41,72,31,41,0,0,0,42,22,20,70,30,40,72,31,41,0,0,0,0,0,0
1597012,0,0,0,0,0,0,0,0,0,0,0,0,0,0,0,0,0,0,0,0,0,0,0,0
1597190,0,0,0,0,0,0,0,0,0,0,0,0,0,0,0,0,0,0,0,0,0,0,0,0
3066140,0,0,0,0,0,0,0,0,0,0,0,0,0,0,0,0,0,0,0,0,0,0,0,0
3088460,0,0,0,0,0,0,0,0,0,0,0,0,0,0,0,0,0,0,0,0,0,0,0,0
55715301,41,18,23,41,18,23,0,0,0,31,14,17,41,18,23,41,18,23,0,0,0,0,0,0
55715302,21,10,11,21,10,11,0,0,0,13,6,7,21,10,11,21,10,11,0,0,0,0,0,0
55715303,81,46,35,80,46,34,1,0,1,45,32,13,80,45,35,77,44,33,0,0,0,4,2,2
55715305,49,26,23,48,25,23,0,0,0,32,16,16,44,22,22,39,20,19,0,0,0,10,6,4
55715307,202,96,106,200,95,105,2,1,1,96,52,44,192,93,99,201,96,105,1,0,1,0,0,0
55715308,123,62,61,122,61,61,1,1,0,70,37,33,119,61,58,119,60,59,0,0,0,4,2,2
55715309,36,19,17,36,19,17,0,0,0,16,13,3,34,19,15,34,18,16,0,0,0,2,1,1
55715310,65,33,32,65,33,32,0,0,0,34,19,15,62,32,30,52,27,25,0,0,0,13,6,7
55715314,597,328,269,586,321,265,9,6,3,277,146,131,559,310,249,445,215,230,2,1,1,150,112,38
55715315,32,15,17,32,15,17,0,0,0,19,7,12,32,15,17,30,14,16,0,0,0,2,1,1
55715316,119,54,65,119,54,65,0,0,0,69,38,31,116,52,64,118,54,64,0,0,0,1,0,1
55715317,2143,1019,1124,2119,1012,1107,23,7,16,1152,571,581,2076,983,1093,2142,1019,1123,0,0,0,1,0,1
55715318,683,331,352,661,314,347,19,15,4,378,191,187,653,317,336,655,313,342,13,11,2,15,7,8
55715320,447,219,228,446,218,228,1,1,0,250,127,123,420,205,215,446,218,228,0,0,0,1,1,0
55715321,132,67,65,128,64,64,4,3,1,64,34,30,125,62,63,130,65,65,0,0,0,2,2,0
55715322,133,63,70,133,63,70,0,0,0,79,40,39,127,57,70,133,63,70,0,0,0,0,0,0
55715323,2867,1364,1503,2832,1344,1488,32,18,14,1511,755,756,2763,1307,1456,2830,1348,1482,26,12,14,11,4,7
55715324,1488,719,769,1473,710,763,11,6,5,750,374,376,1433,689,744,1480,714,766,0,0,0,8,5,3
55715325,21,11,10,21,11,10,0,0,0,7,4,3,19,10,9,7,3,4,0,0,0,14,8,6
55715326,66,36,30,66,36,30,0,0,0,45,26,19,63,35,28,56,31,25,0,0,0,10,5,5
55715327,585,287,298,575,280,295,8,6,2,337,173,164,552,275,277,580,283,297,5,4,1,0,0,0
55715328,618,264,354,615,263,352,3,1,2,303,147,156,584,252,332,493,239,254,125,25,100,0,0,0
55716101,286,134,152,286,134,152,0,0,0,116,57,59,276,128,148,279,131,148,0,0,0,7,3,4
55720001,27,15,12,27,15,12,0,0,0,12,7,5,25,15,10,27,15,12,0,0,0,0,0,0
55720002,39,16,23,39,16,23,0,0,0,11,4,7,36,15,21,32,13,19,0,0,0,7,3,4
55720004,82,39,43,82,39,43,0,0,0,36,21,15,75,39,36,79,37,42,0,0,0,3,2,1
55720005,53,25,28,53,25,28,0,0,0,25,13,12,47,23,24,50,24,26,0,0,0,3,1,2
55720006,29,13,16,29,13,16,0,0,0,11,6,5,28,13,15,27,12,15,0,0,0,2,1,1
55720007,37,19,18,37,19,18,0,0,0,17,10,7,36,19,17,37,19,18,0,0,0,0,0,0
55720008,74,40,34,74,40,34,0,0,0,37,21,16,70,39,31,74,40,34,0,0,0,0,0,0
55720009,172,79,93,171,78,93,0,0,0,79,40,39,162,76,86,167,77,90,0,0,0,5,2,3
55720010,141,73,68,139,72,67,2,1,1,56,28,28,131,68,63,136,69,67,0,0,0,5,4,1
55720011,1011,498,513,1006,496,510,4,2,2,521,268,253,972,478,494,996,483,513,0,0,0,15,15,0
55352201,93,49,44,92,48,44,1,1,0,50,31,19,92,49,43,93,49,44,0,0,0,0,0,0
54188501,39,21,18,39,21,18,0,0,0,20,10,10,36,20,16,32,17,15,0,0,0,7,4,3
54188502,258,132,126,258,132,126,0,0,0,100,53,47,239,121,118,250,126,124,0,0,0,8,6,2
54188503,32,19,13,31,19,12,1,0,1,11,7,4,32,19,13,28,17,11,0,0,0,4,2,2
57832101,122,66,56,121,65,56,1,1,0,62,36,26,113,62,51,106,56,50,0,0,0,16,10,6
0531471,0,0,0,0,0,0,0,0,0,0,0,0,0,0,0,0,0,0,0,0,0,0,0,0
55736601,24,11,13,22,10,12,2,1,1,6,3,3,23,11,12,24,11,13,0,0,0,0,0,0
55736602,96,51,45,94,50,44,2,1,1,35,18,17,90,46,44,92,49,43,0,0,0,4,2,2
55736603,115,55,60,115,55,60,0,0,0,70,39,31,112,54,58,114,54,60,0,0,0,1,1,0
55736605,36,21,15,36,21,15,0,0,0,20,14,6,36,21,15,36,21,15,0,0,0,0,0,0
55736606,149,78,71,149,78,71,0,0,0,81,51,30,138,72,66,144,75,69,0,0,0,5,3,2
55736608,404,205,199,398,199,199,6,6,0,183,94,89,387,196,191,389,194,195,0,0,0,15,11,4
55737401,244,122,122,237,118,119,7,4,3,123,68,55,234,116,118,237,117,120,0,0,0,7,5,2
55738201,84,42,42,84,42,42,0,0,0,36,18,18,77,39,38,79,39,40,0,0,0,5,3,2
55738202,110,62,48,108,61,47,2,1,1,74,46,28,106,60,46,110,62,48,0,0,0,0,0,0
55738203,340,173,167,340,173,167,0,0,0,165,92,73,320,164,156,334,168,166,0,0,0,6,5,1
55745501,266,124,142,266,124,142,0,0,0,138,71,67,255,120,135,256,116,140,0,0,0,10,8,2
55745502,171,80,91,170,80,90,1,0,1,86,39,47,162,77,85,170,80,90,0,0,0,1,0,1
55745503,149,80,69,148,79,69,1,1,0,78,45,33,139,72,67,143,77,66,0,0,0,6,3,3
55745504,301,153,148,301,153,148,0,0,0,139,78,61,286,147,139,297,150,147,0,0,0,4,3,1
56605501,306,160,146,304,158,146,2,2,0,149,89,60,293,152,141,303,158,145,0,0,0,3,2,1
55746302,28,15,13,28,15,13,0,0,0,14,7,7,26,15,11,28,15,13,0,0,0,0,0,0
55746304,52,23,29,52,23,29,0,0,0,13,4,9,47,21,26,28,11,17,10,4,6,14,8,6
55746305,44,21,23,42,20,22,1,1,0,17,12,5,43,20,23,36,17,19,0,0,0,8,4,4
55746307,268,143,125,268,143,125,0,0,0,109,71,38,257,137,120,236,126,110,0,0,0,32,17,15
55746308,32,18,14,32,18,14,0,0,0,14,9,5,31,18,13,8,5,3,0,0,0,24,13,11
57831201,103,55,48,94,50,44,8,5,3,42,28,14,92,49,43,103,55,48,0,0,0,0,0,0
55752801,37,21,16,36,20,16,1,1,0,7,4,3,26,16,10,23,15,8,0,0,0,14,6,8
55752802,100,56,44,97,54,43,1,1,0,31,18,13,90,50,40,93,51,42,7,5,2,0,0,0
55752803,227,116,111,226,116,110,1,0,1,81,45,36,213,109,104,194,97,97,21,12,9,12,7,5
55752804,42,21,21,39,19,20,3,2,1,4,2,2,37,18,19,33,17,16,5,1,4,4,3,1
55752805,1133,574,559,1110,565,545,20,9,11,419,231,188,1069,542,527,1086,542,544,26,16,10,21,16,5
55752806,93,50,43,89,49,40,4,1,3,29,15,14,89,47,42,93,50,43,0,0,0,0,0,0
55753601,84,44,40,83,43,40,1,1,0,40,22,18,82,43,39,84,44,40,0,0,0,0,0,0
55753602,53,24,29,53,24,29,0,0,0,28,14,14,49,23,26,47,22,25,0,0,0,6,2,4
55753603,43,22,21,42,21,21,0,0,0,22,15,7,40,20,20,43,22,21,0,0,0,0,0,0
55753604,84,44,40,84,44,40,0,0,0,44,27,17,78,41,37,84,44,40,0,0,0,0,0,0
55753605,35,16,19,35,16,19,0,0,0,16,8,8,33,15,18,30,14,16,0,0,0,5,2,3
55753606,267,126,141,265,125,140,2,1,1,133,64,69,261,124,137,254,117,137,0,0,0,13,9,4
55754401,612,286,326,609,284,325,2,1,1,274,146,128,585,272,313,600,280,320,0,0,0,12,6,6
55885101,1427,704,723,1395,680,715,24,20,4,560,293,267,1373,673,700,1388,673,715,14,14,0,25,17,8
55885103,394,206,188,390,204,186,4,2,2,153,86,67,373,194,179,371,195,176,0,0,0,23,11,12
55896601,1886,944,942,1838,911,927,47,32,15,800,408,392,1782,890,892,1824,907,917,3,3,0,59,34,25
55784601,62,33,29,62,33,29,0,0,0,30,20,10,59,32,27,62,33,29,0,0,0,0,0,0
55784602,620,317,303,619,317,302,1,0,1,233,133,100,583,295,288,612,312,300,0,0,0,8,5,3
55784603,83,41,42,83,41,42,0,0,0,46,24,22,82,40,42,83,41,42,0,0,0,0,0,0
3004110,0,0,0,0,0,0,0,0,0,0,0,0,0,0,0,0,0,0,0,0,0,0,0,0
55913001,1059,526,533,1051,519,532,7,6,1,395,196,199,998,496,502,1024,509,515,0,0,0,35,17,18
54056101,835,413,422,829,409,420,6,4,2,268,130,138,776,383,393,826,407,419,0,0,0,9,6,3
57860601,206,98,108,205,98,107,0,0,0,94,44,50,197,94,103,197,95,102,0,0,0,9,3,6
55800101,1424,695,729,1421,693,728,3,2,1,602,313,289,1355,655,700,1293,624,669,2,1,1,129,70,59
54064101,317,146,171,310,142,168,7,4,3,126,64,62,292,133,159,316,145,171,0,0,0,1,1,0
55359001,243,119,124,243,119,124,0,0,0,103,54,49,228,113,115,237,117,120,0,0,0,6,2,4
55814101,861,416,445,853,414,439,8,2,6,414,204,210,817,394,423,820,392,428,0,0,0,41,24,17
55814102,276,146,130,276,146,130,0,0,0,140,78,62,259,135,124,272,142,130,0,0,0,4,4,0
55814103,281,141,140,281,141,140,0,0,0,138,65,73,276,140,136,280,140,140,0,0,0,1,1,0
3022360,0,0,0,0,0,0,0,0,0,0,0,0,0,0,0,0,0,0,0,0,0,0,0,0
54597001,5661,2694,2967,5421,2551,2870,218,130,88,3067,1507,1560,5442,2565,2877,5614,2682,2932,43,9,34,4,3,1
54597002,9283,4329,4954,9017,4191,4826,237,125,112,5166,2468,2698,8950,4160,4790,9213,4307,4906,56,13,43,14,9,5
54597003,10256,4936,5320,9919,4753,5166,300,164,136,5623,2797,2826,9876,4768,5108,10231,4924,5307,23,11,12,2,1,1
54597004,1391,694,697,1382,687,695,9,7,2,890,457,433,1357,677,680,1387,692,695,0,0,0,4,2,2
54597005,252,128,124,252,128,124,0,0,0,161,89,72,249,128,121,128,68,60,5,3,2,119,57,62
54597007,1738,845,893,1654,808,846,64,31,33,1040,518,522,1652,801,851,1701,830,871,34,14,20,3,1,2
54597008,1116,532,584,1105,527,578,9,5,4,746,359,387,1086,512,574,1101,520,581,14,11,3,1,1,0
54597009,63,37,26,61,36,25,2,1,1,41,24,17,60,35,25,63,37,26,0,0,0,0,0,0
54597010,1891,934,957,1720,846,874,150,78,72,933,487,446,1758,865,893,1873,924,949,6,4,2,12,6,6
54597011,508,263,245,498,258,240,10,5,5,329,185,144,497,259,238,508,263,245,0,0,0,0,0,0
54597012,28,15,13,27,15,12,1,0,1,11,6,5,24,12,12,4,1,3,24,14,10,0,0,0
54597013,4121,1885,2236,3982,1819,2163,121,57,64,2255,1072,1183,3962,1805,2157,4097,1874,2223,16,6,10,8,5,3
54597014,1133,563,570,955,467,488,154,84,70,542,267,275,1037,518,519,984,480,504,148,83,65,1,0,1
54597015,336,167,169,336,167,169,0,0,0,216,113,103,329,163,166,327,162,165,0,0,0,9,5,4
54597016,234,122,112,231,120,111,3,2,1,158,90,68,231,122,109,127,64,63,28,17,11,79,41,38
54597017,43,23,20,43,23,20,0,0,0,34,19,15,43,23,20,5,3,2,0,0,0,38,20,18
54597018,326,164,162,300,152,148,22,10,12,169,84,85,304,153,151,245,125,120,37,14,23,44,25,19
54597019,1465,905,560,1456,901,555,9,4,5,760,435,325,1417,880,537,743,346,397,0,0,0,722,559,163
54597020,475,237,238,466,233,233,6,4,2,253,129,124,444,220,224,464,231,233,0,0,0,11,6,5
54597021,7496,3712,3784,7107,3508,3599,357,191,166,3946,2001,1945,7164,3547,3617,7486,3706,3780,6,3,3,4,3,1
54597022,756,320,436,735,310,425,14,7,7,406,187,219,708,301,407,443,212,231,306,104,202,7,4,3
55797801,1692,854,838,1680,846,834,9,6,3,1112,570,542,1628,815,813,1579,789,790,1,1,0,112,64,48
1223193,0,0,0,0,0,0,0,0,0,0,0,0,0,0,0,0,0,0,0,0,0,0,0,0
54598801,1081,512,569,1047,491,556,30,18,12,626,314,312,1046,493,553,1081,512,569,0,0,0,0,0,0
54598803,325,153,172,320,152,168,4,1,3,202,96,106,313,146,167,325,153,172,0,0,0,0,0,0
54598804,681,334,347,675,332,343,5,2,3,480,244,236,657,327,330,666,326,340,3,2,1,12,6,6
54598805,238,121,117,238,121,117,0,0,0,159,83,76,235,119,116,238,121,117,0,0,0,0,0,0
54598806,1057,518,539,1037,505,532,19,13,6,678,338,340,1017,498,519,1057,518,539,0,0,0,0,0,0
54598807,1155,591,564,1136,582,554,17,9,8,781,422,359,1114,570,544,1083,549,534,9,6,3,63,36,27
54598808,42,26,16,31,16,15,10,9,1,17,9,8,31,16,15,8,5,3,11,10,1,23,11,12
54598809,629,306,323,623,303,320,6,3,3,435,221,214,606,294,312,629,306,323,0,0,0,0,0,0
54598810,22,11,11,22,11,11,0,0,0,14,8,6,21,10,11,22,11,11,0,0,0,0,0,0
54598811,255,119,136,254,118,136,1,1,0,189,91,98,250,117,133,255,119,136,0,0,0,0,0,0
54598812,970,468,502,907,423,484,58,41,17,532,264,268,931,449,482,962,462,500,7,5,2,1,1,0
54598813,174,83,91,174,83,91,0,0,0,112,59,53,167,80,87,167,81,86,0,0,0,7,2,5
54598814,363,190,173,338,176,162,23,13,10,229,129,100,348,184,164,362,189,173,0,0,0,1,1,0
54598815,219,106,113,216,104,112,3,2,1,148,77,71,207,102,105,219,106,113,0,0,0,0,0,0
54598816,2118,1120,998,2038,1078,960,74,38,36,1009,536,473,2018,1075,943,1629,755,874,1,0,1,488,365,123
54598817,183,96,87,173,90,83,9,5,4,102,53,49,175,90,85,162,82,80,21,14,7,0,0,0
54598818,581,280,301,559,270,289,17,8,9,365,181,184,558,272,286,580,279,301,1,1,0,0,0,0
54598819,2363,1143,1220,2234,1075,1159,116,61,55,1321,652,669,2221,1066,1155,2360,1142,1218,0,0,0,3,1,2
54598820,1438,699,739,1408,685,723,27,11,16,900,445,455,1373,664,709,1438,699,739,0,0,0,0,0,0
54598821,512,265,247,493,252,241,18,13,5,251,134,117,488,248,240,512,265,247,0,0,0,0,0,0
54598822,788,381,407,759,367,392,25,12,13,487,235,252,767,371,396,788,381,407,0,0,0,0,0,0
54598823,2340,1148,1192,2084,995,1089,196,111,85,1247,620,627,2146,1046,1100,2042,975,1067,289,169,120,9,4,5
54598824,7366,3696,3670,6566,3248,3318,695,391,304,3343,1681,1662,6812,3430,3382,7290,3672,3618,64,16,48,12,8,4
54598826,402,191,211,381,177,204,19,13,6,201,97,104,392,185,207,402,191,211,0,0,0,0,0,0
54598827,113,25,88,113,25,88,0,0,0,34,8,26,88,15,73,4,3,1,109,22,87,0,0,0
54598828,146,79,67,117,57,60,26,20,6,60,32,28,100,49,51,67,37,30,78,42,36,1,0,1
54598829,4704,2206,2498,4418,2065,2353,265,131,134,2478,1210,1268,4465,2090,2375,4696,2201,2495,3,3,0,5,2,3
54598830,3091,1417,1674,2906,1310,1596,168,94,74,1639,760,879,2956,1348,1608,3077,1413,1664,14,4,10,0,0,0
54598831,162,82,80,147,73,74,14,9,5,87,41,46,151,78,73,146,71,75,15,10,5,1,1,0
54598832,209,111,98,209,111,98,0,0,0,157,88,69,205,107,98,209,111,98,0,0,0,0,0,0
54598833,964,450,514,934,440,494,27,9,18,631,313,318,941,440,501,959,448,511,1,0,1,4,2,2
54598834,1309,645,664,1281,632,649,23,10,13,812,422,390,1243,613,630,1308,645,663,0,0,0,1,0,1
1225301,0,0,0,0,0,0,0,0,0,0,0,0,0,0,0,0,0,0,0,0,0,0,0,0
3293550,0,0,0,0,0,0,0,0,0,0,0,0,0,0,0,0,0,0,0,0,0,0,0,0
54600301,268,132,136,266,132,134,1,0,1,181,93,88,259,128,131,237,118,119,0,0,0,31,14,17
54600302,429,219,210,429,219,210,0,0,0,305,164,141,420,215,205,394,201,193,0,0,0,35,18,17
54600303,779,384,395,773,380,393,5,3,2,530,269,261,745,366,379,760,379,381,16,4,12,3,1,2
54600304,769,380,389,766,379,387,3,1,2,544,278,266,752,370,382,607,301,306,0,0,0,162,79,83
54600305,690,358,332,677,351,326,10,7,3,385,207,178,635,325,310,689,357,332,0,0,0,1,1,0
54600306,968,437,531,931,418,513,32,17,15,513,250,263,935,421,514,965,435,530,0,0,0,3,2,1
54600307,862,411,451,814,390,424,45,20,25,523,247,276,820,389,431,846,404,442,12,5,7,4,2,2
54600308,2702,1262,1440,2571,1183,1388,122,73,49,1401,643,758,2594,1209,1385,2699,1259,1440,3,3,0,0,0,0
54600309,196,94,102,196,94,102,0,0,0,143,67,76,191,93,98,67,31,36,0,0,0,129,63,66
54600310,68,42,26,28,17,11,32,21,11,20,13,7,55,33,22,24,12,12,44,30,14,0,0,0
54600311,2405,1789,616,2238,1657,581,75,51,24,786,495,291,1835,1266,569,1126,538,588,1278,1251,27,1,0,1
54600312,4044,2045,1999,3413,1709,1704,499,271,228,1739,894,845,3738,1885,1853,4038,2041,1997,3,2,1,3,2,1
54600313,1289,670,619,1029,501,528,236,154,82,428,216,212,1158,601,557,1223,650,573,66,20,46,0,0,0
54600314,2385,1181,1204,2243,1092,1151,117,74,43,1317,671,646,2213,1099,1114,2272,1138,1134,107,40,67,6,3,3
54600315,4311,2090,2221,3960,1895,2065,304,170,134,2237,1072,1165,4043,1954,2089,4195,2022,2173,116,68,48,0,0,0
54600316,2231,1049,1182,2085,971,1114,129,69,60,1098,519,579,2118,986,1132,2186,1027,1159,45,22,23,0,0,0
54600317,1907,973,934,1690,851,839,188,106,82,881,452,429,1749,885,864,1889,962,927,15,9,6,3,2,1
54600318,238,117,121,221,104,117,13,10,3,92,43,49,168,86,82,228,112,116,10,5,5,0,0,0
54600319,2700,1596,1104,2299,1374,925,293,170,123,1062,596,466,2491,1486,1005,1829,981,848,9,8,1,862,607,255
54600320,130,72,58,12,4,8,118,68,50,8,3,5,104,56,48,7,3,4,123,69,54,0,0,0
54600321,2030,1015,1015,1812,883,929,192,117,75,945,444,501,1839,929,910,1956,975,981,73,40,33,1,0,1
54600322,894,531,363,571,321,250,290,193,97,217,127,90,727,434,293,672,406,266,221,124,97,1,1,0
54600323,2116,1034,1082,1884,914,970,207,109,98,1100,525,575,1978,961,1017,2098,1020,1078,17,13,4,1,1,0
54600324,4178,2050,2128,3871,1875,1996,268,159,109,2160,1045,1115,3927,1921,2006,4176,2048,2128,2,2,0,0,0,0
54600325,2796,1288,1508,2599,1181,1418,168,92,76,1435,699,736,2656,1213,1443,2771,1274,1497,20,11,9,5,3,2
54600326,503,255,248,478,237,241,21,15,6,315,162,153,485,244,241,463,233,230,3,1,2,37,21,16
54600327,162,74,88,143,65,78,14,7,7,72,34,38,156,71,85,159,73,86,0,0,0,3,1,2
54600328,63,44,19,33,22,11,28,21,7,10,5,5,40,26,14,48,33,15,13,10,3,2,1,1
54600329,74,32,42,74,32,42,0,0,0,54,25,29,66,28,38,48,19,29,0,0,0,26,13,13
54600330,80,55,25,40,28,12,40,27,13,27,19,8,78,53,25,0,0,0,79,54,25,1,1,0
54600331,184,114,70,73,46,27,94,59,35,30,17,13,153,92,61,12,8,4,171,105,66,1,1,0
54600332,8317,3937,4380,7911,3703,4208,358,202,156,4468,2188,2280,8011,3775,4236,8303,3930,4373,11,4,7,3,3,0
54600333,37,20,17,37,20,17,0,0,0,31,16,15,35,18,17,35,19,16,0,0,0,2,1,1
54600334,586,294,292,533,262,271,43,27,16,314,158,156,553,276,277,571,287,284,15,7,8,0,0,0
54600335,369,237,132,189,114,75,169,118,51,95,60,35,285,184,101,161,90,71,208,147,61,0,0,0
54600336,166,86,80,152,79,73,14,7,7,71,37,34,155,85,70,164,85,79,0,0,0,2,1,1
54600337,336,172,164,304,153,151,27,16,11,173,84,89,313,158,155,336,172,164,0,0,0,0,0,0
54600338,371,186,185,304,148,156,57,36,21,135,65,70,302,145,157,361,179,182,5,2,3,5,5,0
54600339,1621,805,816,1406,681,725,165,93,72,668,339,329,1472,724,748,1598,792,806,5,3,2,18,10,8
54600340,222,112,110,221,111,110,1,1,0,140,69,71,211,106,105,161,82,79,0,0,0,61,30,31
54600341,887,454,433,862,440,422,20,14,6,548,277,271,849,437,412,647,326,321,0,0,0,240,128,112
1226290,0,0,0,0,0,0,0,0,0,0,0,0,0,0,0,0,0,0,0,0,0,0,0,0
3318210,0,0,0,0,0,0,0,0,0,0,0,0,0,0,0,0,0,0,0,0,0,0,0,0
54620801,1228,626,602,1206,612,594,19,12,7,793,420,373,1199,617,582,1221,621,600,1,1,0,6,4,2
54620802,1564,717,847,1502,682,820,56,32,24,869,401,468,1487,683,804,1548,710,838,8,3,5,8,4,4
54620803,280,143,137,274,139,135,5,3,2,176,93,83,274,139,135,270,140,130,10,3,7,0,0,0
54620804,3079,1406,1673,2947,1333,1614,116,65,51,1739,812,927,2966,1345,1621,3004,1389,1615,71,15,56,4,2,2
54620805,26,9,17,25,9,16,1,0,1,15,5,10,24,9,15,16,5,11,0,0,0,10,4,6
54620807,69,38,31,65,35,30,4,3,1,44,25,19,66,36,30,69,38,31,0,0,0,0,0,0
54620808,1266,618,648,1225,594,631,41,24,17,738,359,379,1216,590,626,1266,618,648,0,0,0,0,0,0
54620809,149,69,80,147,68,79,2,1,1,71,33,38,144,66,78,149,69,80,0,0,0,0,0,0
54620810,137,59,78,133,57,76,4,2,2,58,25,33,97,42,55,131,55,76,2,2,0,4,2,2
54620811,1516,694,822,1469,666,803,38,23,15,812,378,434,1470,674,796,1516,694,822,0,0,0,0,0,0
54620812,3519,1762,1757,3439,1727,1712,72,30,42,2153,1094,1059,3397,1701,1696,3255,1562,1693,3,1,2,261,199,62
54620813,35,19,16,30,17,13,4,2,2,12,5,7,32,18,14,25,12,13,10,7,3,0,0,0
54620814,532,264,268,528,262,266,4,2,2,396,199,197,521,258,263,525,261,264,0,0,0,7,3,4
54620815,1179,520,659,1130,500,630,40,18,22,641,306,335,1122,494,628,1178,519,659,0,0,0,1,1,0
54620816,54,27,27,52,25,27,2,2,0,29,16,13,50,26,24,53,26,27,1,1,0,0,0,0
54620817,2270,1058,1212,2144,990,1154,109,59,50,1285,617,668,2168,1004,1164,2263,1051,1212,6,6,0,1,1,0
54620818,2323,1076,1247,2263,1046,1217,54,28,26,1349,644,705,2239,1029,1210,2323,1076,1247,0,0,0,0,0,0
54620820,1817,861,956,1690,790,900,118,67,51,950,468,482,1716,811,905,1780,838,942,37,23,14,0,0,0
54620821,1261,625,636,1253,623,630,7,1,6,849,428,421,1227,607,620,1258,624,634,0,0,0,3,1,2
54620822,263,132,131,261,130,131,2,2,0,176,87,89,256,128,128,263,132,131,0,0,0,0,0,0
54620823,1076,544,532,1069,541,528,7,3,4,727,385,342,1044,525,519,1068,540,528,0,0,0,8,4,4
54620824,70,40,30,70,40,30,0,0,0,44,28,16,67,38,29,54,29,25,0,0,0,16,11,5
54620825,106,52,54,99,50,49,5,1,4,42,20,22,94,47,47,60,33,27,45,18,27,1,1,0
55473101,2253,1103,1150,2199,1066,1133,51,36,15,1412,712,700,2163,1058,1105,2087,1031,1056,109,41,68,57,31,26
55473102,176,97,79,174,96,78,2,1,1,113,60,53,169,93,76,111,58,53,11,8,3,54,31,23
55475801,1923,962,961,1894,941,953,23,19,4,1261,644,617,1863,929,934,1864,927,937,0,0,0,59,35,24
55475802,306,165,141,304,165,139,1,0,1,206,114,92,298,161,137,20,11,9,0,0,0,286,154,132
55476601,1043,509,534,1033,505,528,10,4,6,746,372,374,1025,499,526,996,485,511,2,1,1,45,23,22
55476602,47,28,19,47,28,19,0,0,0,30,18,12,46,28,18,47,28,19,0,0,0,0,0,0
55477401,1868,916,952,1843,899,944,24,17,7,1195,597,598,1786,877,909,1800,877,923,0,0,0,68,39,29
55919901,154,73,81,153,72,81,1,1,0,92,48,44,150,70,80,154,73,81,0,0,0,0,0,0
55919902,791,393,398,785,389,396,5,3,2,522,254,268,763,375,388,775,381,394,10,6,4,6,6,0
55837101,291,146,145,289,144,145,2,2,0,143,77,66,272,135,137,283,142,141,1,1,0,7,3,4
55837102,650,336,314,647,335,312,3,1,2,281,139,142,612,315,297,543,282,261,0,0,0,107,54,53
55837103,500,243,257,497,241,256,2,2,0,200,99,101,475,234,241,481,236,245,9,2,7,10,5,5
55837104,202,94,108,202,94,108,0,0,0,65,31,34,188,87,101,198,90,108,4,4,0,0,0,0
55837105,3589,1759,1830,3564,1745,1819,21,10,11,1516,785,731,3405,1661,1744,3498,1705,1793,0,0,0,91,54,37
55842701,101,56,45,101,56,45,0,0,0,41,25,16,96,53,43,6,4,2,0,0,0,95,52,43
55842702,508,237,271,506,236,270,1,1,0,227,114,113,471,219,252,507,236,271,0,0,0,1,1,0
55842703,105,53,52,104,52,52,1,1,0,31,17,14,97,48,49,84,43,41,0,0,0,21,10,11
55842704,2209,1126,1083,2188,1114,1074,21,12,9,982,544,438,2101,1060,1041,2136,1080,1056,0,0,0,73,46,27
53974101,309,156,153,305,154,151,4,2,2,129,71,58,297,150,147,296,150,146,0,0,0,13,6,7
53974102,93,51,42,92,50,42,1,1,0,32,19,13,84,47,37,12,7,5,0,0,0,81,44,37
53974103,236,108,128,235,108,127,0,0,0,104,48,56,226,108,118,227,105,122,0,0,0,9,3,6
55846001,1084,576,508,1081,573,508,3,3,0,436,231,205,1030,542,488,1071,568,503,1,1,0,12,7,5
3023250,0,0,0,0,0,0,0,0,0,0,0,0,0,0,0,0,0,0,0,0,0,0,0,0
55758701,374,193,181,374,193,181,0,0,0,191,101,90,364,187,177,372,193,179,0,0,0,2,0,2
55758704,43,20,23,42,19,23,1,1,0,27,13,14,40,19,21,43,20,23,0,0,0,0,0,0
55758705,49,26,23,49,26,23,0,0,0,27,13,14,43,22,21,49,26,23,0,0,0,0,0,0
55758706,41,20,21,41,20,21,0,0,0,14,8,6,35,17,18,41,20,21,0,0,0,0,0,0
55758707,80,36,44,79,35,44,0,0,0,43,20,23,80,36,44,80,36,44,0,0,0,0,0,0
55758708,98,52,46,95,51,44,0,0,0,39,24,15,97,51,46,98,52,46,0,0,0,0,0,0
55758710,279,132,147,275,130,145,3,2,1,106,56,50,258,123,135,185,94,91,71,26,45,23,12,11
55758711,258,135,123,258,135,123,0,0,0,141,78,63,240,127,113,253,131,122,0,0,0,5,4,1
55758712,2139,1024,1115,2114,1008,1106,25,16,9,1060,537,523,2052,987,1065,2047,976,1071,40,19,21,52,29,23
55758713,29,14,15,29,14,15,0,0,0,11,2,9,29,14,15,5,1,4,0,0,0,24,13,11
55758714,477,231,246,473,230,243,4,1,3,247,123,124,464,226,238,475,230,245,1,0,1,1,1,0
55758715,132,61,71,132,61,71,0,0,0,80,46,34,131,60,71,130,60,70,0,0,0,2,1,1
54046301,62,30,32,62,30,32,0,0,0,25,14,11,60,29,31,62,30,32,0,0,0,0,0,0
3301750,0,0,0,0,0,0,0,0,0,0,0,0,0,0,0,0,0,0,0,0,0,0,0,0
56670501,90,44,46,90,44,46,0,0,0,40,21,19,87,43,44,83,39,44,0,0,0,7,5,2
54215601,225,109,116,221,106,115,3,2,1,106,53,53,210,101,109,217,104,113,0,0,0,8,5,3
54637201,255,128,127,253,128,125,2,0,2,116,63,53,245,124,121,254,128,126,0,0,0,1,0,1
55350601,120,58,62,120,58,62,0,0,0,41,20,21,113,55,58,105,51,54,0,0,0,15,7,8
56608001,95,55,40,92,53,39,3,2,1,26,15,11,84,45,39,86,48,38,0,0,0,9,7,2
56609801,158,68,90,155,67,88,3,1,2,24,10,14,130,60,70,70,35,35,86,31,55,2,2,0
56609802,20,12,8,19,11,8,1,1,0,12,7,5,20,12,8,19,11,8,0,0,0,1,1,0
55764101,461,240,221,461,240,221,0,0,0,176,101,75,442,226,216,413,215,198,0,0,0,48,25,23
55764102,105,51,54,105,51,54,0,0,0,36,15,21,99,50,49,83,42,41,0,0,0,22,9,13
55765001,135,63,72,132,61,71,3,2,1,72,35,37,119,56,63,135,63,72,0,0,0,0,0,0
55765002,56,29,27,56,29,27,0,0,0,22,13,9,53,28,25,47,24,23,0,0,0,9,5,4
55765004,141,69,72,140,69,71,1,0,1,61,34,27,129,62,67,122,57,65,0,0,0,19,12,7
55765006,42,22,20,42,22,20,0,0,0,19,11,8,40,22,18,42,22,20,0,0,0,0,0,0
55765007,50,24,26,50,24,26,0,0,0,19,8,11,46,24,22,31,15,16,0,0,0,19,9,10
55765008,90,45,45,89,44,45,1,1,0,37,15,22,85,42,43,74,38,36,0,0,0,16,7,9
55765009,130,70,60,130,70,60,0,0,0,58,32,26,123,65,58,117,61,56,0,0,0,13,9,4
57856801,64,36,28,63,36,27,1,0,1,32,22,10,61,35,26,63,35,28,0,0,0,1,1,0
57856802,54,34,20,54,34,20,0,0,0,31,24,7,53,34,19,54,34,20,0,0,0,0,0,0
55766801,115,67,48,110,62,48,5,5,0,48,30,18,109,62,47,100,57,43,5,5,0,10,5,5
55766802,676,354,322,665,347,318,4,3,1,316,173,143,640,336,304,646,333,313,20,14,6,10,7,3
55767601,122,71,51,121,70,51,0,0,0,64,41,23,113,66,47,114,66,48,0,0,0,8,5,3
55767602,6313,3216,3097,6231,3173,3058,68,33,35,2537,1321,1216,5760,2906,2854,5348,2624,2724,884,529,355,81,63,18
55767603,117,66,51,115,64,51,2,2,0,47,30,17,116,65,51,107,61,46,0,0,0,10,5,5
55767604,36,20,16,36,20,16,0,0,0,9,6,3,31,18,13,0,0,0,0,0,0,36,20,16
55767605,383,190,193,382,190,192,1,0,1,162,81,81,357,176,181,334,167,167,0,0,0,49,23,26
53994501,287,147,140,284,146,138,3,1,2,120,70,50,274,141,133,284,144,140,0,0,0,3,3,0
55768401,608,305,303,607,305,302,0,0,0,253,131,122,559,286,273,594,298,296,0,0,0,14,7,7
55768402,23,12,11,22,11,11,0,0,0,11,7,4,21,11,10,23,12,11,0,0,0,0,0,0
55768403,88,46,42,88,46,42,0,0,0,46,22,24,82,43,39,87,46,41,0,0,0,1,0,1
55768404,30,20,10,30,20,10,0,0,0,11,10,1,26,18,8,2,1,1,0,0,0,28,19,9
55768405,160,86,74,156,84,72,4,2,2,73,45,28,153,81,72,160,86,74,0,0,0,0,0,0
55768406,121,58,63,121,58,63,0,0,0,50,26,24,117,56,61,114,53,61,0,0,0,7,5,2
54025101,39,23,16,36,23,13,3,0,3,18,13,5,38,23,15,39,23,16,0,0,0,0,0,0
54025102,112,60,52,112,60,52,0,0,0,46,29,17,100,54,46,112,60,52,0,0,0,0,0,0
55365401,73,48,25,48,26,22,24,21,3,27,14,13,56,34,22,46,25,21,27,23,4,0,0,0
55365402,4829,2394,2435,4704,2316,2388,105,68,37,2202,1140,1062,4537,2252,2285,4653,2275,2378,64,40,24,112,79,33
55365404,123,62,61,121,61,60,1,1,0,57,33,24,117,59,58,114,57,57,0,0,0,9,5,4
54066801,210,109,101,209,108,101,0,0,0,96,57,39,200,104,96,204,106,98,0,0,0,6,3,3
54066802,45,23,22,45,23,22,0,0,0,16,9,7,39,19,20,45,23,22,0,0,0,0,0,0
55366201,265,128,137,262,125,137,2,2,0,117,58,59,253,121,132,262,127,135,0,0,0,3,1,2
53982101,461,243,218,426,212,214,35,31,4,191,113,78,440,230,210,433,219,214,28,24,4,0,0,0
55772201,253,125,128,251,124,127,2,1,1,102,51,51,245,123,122,246,120,126,0,0,0,7,5,2
55772202,30,12,18,30,12,18,0,0,0,15,7,8,29,11,18,30,12,18,0,0,0,0,0,0
55772203,119,61,58,119,61,58,0,0,0,65,41,24,110,59,51,119,61,58,0,0,0,0,0,0
55773101,493,249,244,488,247,241,4,2,2,191,98,93,460,231,229,480,240,240,1,0,1,12,9,3
55773102,55,30,25,55,30,25,0,0,0,20,12,8,49,28,21,17,10,7,0,0,0,38,20,18
55774901,84,48,36,84,48,36,0,0,0,45,30,15,82,46,36,82,46,36,0,0,0,2,2,0
55774902,111,58,53,111,58,53,0,0,0,54,31,23,106,55,51,109,56,53,0,0,0,2,2,0
55774903,25,12,13,25,12,13,0,0,0,12,8,4,24,11,13,21,10,11,0,0,0,4,2,2
55777301,227,104,123,225,103,122,2,1,1,103,52,51,218,100,118,224,103,121,0,0,0,3,1,2
55778101,129,73,56,129,73,56,0,0,0,60,37,23,127,71,56,129,73,56,0,0,0,0,0,0
55778102,1989,995,994,1978,987,991,10,8,2,982,512,470,1911,953,958,1917,950,967,9,3,6,63,42,21
55778103,168,103,65,119,68,51,46,34,12,56,31,25,159,96,63,131,75,56,37,28,9,0,0,0
54030701,88,42,46,87,41,46,1,1,0,44,27,17,87,42,45,86,41,45,0,0,0,2,1,1
55780301,420,225,195,413,221,192,7,4,3,184,106,78,397,211,186,409,215,194,0,0,0,11,10,1
55780302,31,16,15,30,15,15,1,1,0,11,5,6,28,13,15,31,16,15,0,0,0,0,0,0
55780304,68,32,36,66,31,35,2,1,1,37,21,16,66,31,35,68,32,36,0,0,0,0,0,0
55780305,61,28,33,61,28,33,0,0,0,32,17,15,60,28,32,60,28,32,0,0,0,1,0,1
55783801,2197,1104,1093,2087,1048,1039,88,45,43,1044,551,493,2053,1034,1019,2091,1041,1050,93,55,38,13,8,5
55783802,63,35,28,63,35,28,0,0,0,33,17,16,62,34,28,63,35,28,0,0,0,0,0,0
55783803,33,21,12,30,18,12,0,0,0,12,7,5,32,21,11,33,21,12,0,0,0,0,0,0
55783804,55,24,31,54,24,30,1,0,1,29,11,18,53,23,30,52,22,30,0,0,0,3,2,1
55783805,451,230,221,430,217,213,16,9,7,210,113,97,414,211,203,450,230,220,0,0,0,1,0,1
55783806,51,27,24,51,27,24,0,0,0,13,7,6,46,25,21,42,23,19,0,0,0,9,4,5
55783807,85,40,45,85,40,45,0,0,0,42,21,21,84,39,45,85,40,45,0,0,0,0,0,0
57854101,182,96,86,182,96,86,0,0,0,96,52,44,174,93,81,178,92,86,0,0,0,4,4,0
57854102,25,10,15,22,9,13,3,1,2,10,5,5,19,9,10,25,10,15,0,0,0,0,0,0
55786201,63,34,29,63,34,29,0,0,0,32,22,10,60,33,27,63,34,29,0,0,0,0,0,0
55786202,862,444,418,819,417,402,40,26,14,389,224,165,789,411,378,802,410,392,40,19,21,20,15,5
55786203,58,26,32,56,25,31,2,1,1,29,15,14,57,25,32,58,26,32,0,0,0,0,0,0
55786204,84,43,41,83,42,41,1,1,0,40,25,15,77,38,39,84,43,41,0,0,0,0,0,0
55786205,58,25,33,58,25,33,0,0,0,25,14,11,58,25,33,58,25,33,0,0,0,0,0,0
55786206,84,49,35,71,36,35,12,12,0,39,21,18,66,36,30,63,30,33,18,18,0,3,1,2
55786208,37,19,18,37,19,18,0,0,0,22,13,9,37,19,18,37,19,18,0,0,0,0,0,0
55787102,134,73,61,134,73,61,0,0,0,61,39,22,125,67,58,131,72,59,0,0,0,3,1,2
55787103,92,42,50,92,42,50,0,0,0,38,20,18,83,40,43,91,41,50,1,1,0,0,0,0
55787104,25,11,14,25,11,14,0,0,0,8,3,5,25,11,14,25,11,14,0,0,0,0,0,0
55787105,48,26,22,48,26,22,0,0,0,19,12,7,41,21,20,48,26,22,0,0,0,0,0,0
55789701,226,120,106,225,120,105,1,0,1,82,42,40,209,109,100,213,113,100,0,0,0,13,7,6
54063301,180,87,93,166,83,83,6,2,4,83,41,42,167,82,85,139,63,76,0,0,0,41,24,17
54063302,46,25,21,46,25,21,0,0,0,14,10,4,37,21,16,46,25,21,0,0,0,0,0,0
54063303,65,32,33,65,32,33,0,0,0,28,17,11,61,30,31,65,32,33,0,0,0,0,0,0
54020001,96,53,43,96,53,43,0,0,0,39,21,18,94,52,42,94,51,43,0,0,0,2,2,0
55794301,101,47,54,101,47,54,0,0,0,37,14,23,100,46,54,93,41,52,0,0,0,8,6,2
55384101,425,230,195,421,228,193,3,2,1,158,93,65,374,202,172,417,224,193,0,0,0,8,6,2
0805862,0,0,0,0,0,0,0,0,0,0,0,0,0,0,0,0,0,0,0,0,0,0,0,0
55795101,38,17,21,38,17,21,0,0,0,20,9,11,38,17,21,38,17,21,0,0,0,0,0,0
55795102,102,58,44,102,58,44,0,0,0,46,26,20,99,55,44,101,57,44,0,0,0,1,1,0
55795103,88,45,43,88,45,43,0,0,0,42,23,19,82,44,38,88,45,43,0,0,0,0,0,0
55795104,242,101,141,242,101,141,0,0,0,8,4,4,197,91,106,9,6,3,223,91,132,10,4,6
55795105,264,139,125,264,139,125,0,0,0,127,75,52,256,136,120,256,134,122,0,0,0,8,5,3
55795106,59,35,24,58,34,24,1,1,0,21,14,7,59,35,24,59,35,24,0,0,0,0,0,0
54006401,130,71,59,127,69,58,3,2,1,39,20,19,120,65,55,128,70,58,0,0,0,2,1,1
54061701,154,75,79,153,74,79,0,0,0,51,27,24,152,73,79,143,71,72,0,0,0,11,4,7
55801001,96,50,46,96,50,46,0,0,0,37,22,15,94,49,45,89,46,43,0,0,0,7,4,3
55802801,122,59,63,122,59,63,0,0,0,54,32,22,115,56,59,102,49,53,0,0,0,20,10,10
55802802,453,227,226,453,227,226,0,0,0,218,118,100,427,216,211,445,222,223,0,0,0,8,5,3
55802803,20,11,9,20,11,9,0,0,0,16,11,5,19,10,9,20,11,9,0,0,0,0,0,0
55802804,62,33,29,62,33,29,0,0,0,26,15,11,57,31,26,62,33,29,0,0,0,0,0,0
53971601,219,111,108,218,110,108,1,1,0,105,56,49,210,107,103,213,108,105,0,0,0,6,3,3
55804401,73,38,35,73,38,35,0,0,0,29,18,11,71,37,34,71,36,35,0,0,0,2,2,0
55804402,32,17,15,32,17,15,0,0,0,14,7,7,29,15,14,28,15,13,0,0,0,4,2,2
55804403,41,25,16,40,24,16,1,1,0,17,10,7,39,24,15,25,13,12,16,12,4,0,0,0
55804404,990,496,494,987,494,493,3,2,1,438,240,198,948,476,472,968,481,487,4,1,3,18,14,4
55805201,53,28,25,53,28,25,0,0,0,11,6,5,49,26,23,53,28,25,0,0,0,0,0,0
55805202,61,30,31,60,29,31,1,1,0,28,14,14,53,26,27,60,29,31,0,0,0,1,1,0
55805203,105,56,49,100,54,46,2,1,1,43,21,22,98,52,46,94,49,45,0,0,0,11,7,4
55805204,57,33,24,57,33,24,0,0,0,24,14,10,56,32,24,50,28,22,0,0,0,7,5,2
55805205,71,36,35,71,36,35,0,0,0,37,22,15,65,32,33,71,36,35,0,0,0,0,0,0
53014002,192,101,91,191,101,90,0,0,0,100,59,41,185,97,88,184,95,89,0,0,0,8,6,2
3301830,0,0,0,0,0,0,0,0,0,0,0,0,0,0,0,0,0,0,0,0,0,0,0,0
54639901,107,57,50,107,57,50,0,0,0,58,31,27,102,54,48,102,53,49,0,0,0,5,4,1
55806101,119,60,59,117,60,57,1,0,1,61,37,24,119,60,59,119,60,59,0,0,0,0,0,0
55806102,67,38,29,64,36,28,2,2,0,34,22,12,62,35,27,67,38,29,0,0,0,0,0,0
55806103,195,106,89,192,103,89,3,3,0,89,54,35,175,95,80,182,99,83,0,0,0,13,7,6
55806104,181,88,93,177,85,92,4,3,1,107,54,53,173,84,89,168,79,89,0,0,0,13,9,4
55806105,113,60,53,109,57,52,3,2,1,54,33,21,108,57,51,113,60,53,0,0,0,0,0,0
55807901,62,32,30,62,32,30,0,0,0,25,15,10,61,31,30,61,31,30,0,0,0,1,1,0
54034001,334,168,166,330,165,165,4,3,1,166,84,82,315,160,155,327,164,163,0,0,0,7,4,3
54034002,29,16,13,28,15,13,1,1,0,16,9,7,26,14,12,0,0,0,0,0,0,29,16,13
55809501,167,90,77,166,89,77,1,1,0,62,39,23,152,83,69,162,86,76,0,0,0,5,4,1
55810901,785,392,393,776,387,389,8,5,3,369,201,168,757,377,380,779,388,391,0,0,0,6,4,2
55810902,2779,1353,1426,2748,1336,1412,30,17,13,1241,621,620,2639,1282,1357,2679,1296,1383,63,30,33,37,27,10
55811701,202,103,99,200,101,99,2,2,0,96,55,41,191,97,94,201,102,99,0,0,0,1,1,0
55402201,149,78,71,146,75,71,3,3,0,66,38,28,135,71,64,142,73,69,4,4,0,3,1,2
55812501,92,47,45,91,47,44,1,0,1,37,22,15,91,46,45,90,47,43,0,0,0,2,0,2
55812502,238,125,113,238,125,113,0,0,0,115,64,51,235,124,111,218,111,107,0,0,0,20,14,6
55812503,72,34,38,72,34,38,0,0,0,31,17,14,67,32,35,72,34,38,0,0,0,0,0,0
55812504,62,29,33,62,29,33,0,0,0,29,13,16,61,28,33,62,29,33,0,0,0,0,0,0
55812505,76,32,44,76,32,44,0,0,0,31,14,17,75,32,43,76,32,44,0,0,0,0,0,0
55812506,100,50,50,97,49,48,0,0,0,51,29,22,100,50,50,100,50,50,0,0,0,0,0,0
55812507,75,35,40,74,35,39,1,0,1,31,17,14,70,33,37,72,34,38,0,0,0,3,1,2
54229601,202,103,99,201,102,99,1,1,0,104,49,55,199,102,97,194,98,96,0,0,0,8,5,3
54010201,96,50,46,96,50,46,0,0,0,44,27,17,94,49,45,94,48,46,0,0,0,2,2,0
54026901,291,144,147,289,143,146,2,1,1,91,48,43,280,136,144,289,142,147,0,0,0,2,2,0
55817601,39,21,18,39,21,18,0,0,0,15,8,7,36,19,17,30,16,14,0,0,0,9,5,4
55817602,27,13,14,27,13,14,0,0,0,15,6,9,22,10,12,26,12,14,0,0,0,1,1,0
55817603,81,44,37,81,44,37,0,0,0,33,20,13,75,42,33,80,43,37,0,0,0,1,1,0
55817604,218,122,96,218,122,96,0,0,0,93,51,42,197,110,87,197,109,88,0,0,0,21,13,8
53978301,317,164,153,315,164,151,2,0,2,178,103,75,299,158,141,302,156,146,3,3,0,12,5,7
55818401,127,67,60,127,67,60,0,0,0,47,26,21,123,65,58,123,65,58,0,0,0,4,2,2
55818404,218,105,113,217,104,113,1,1,0,86,46,40,197,94,103,203,94,109,7,7,0,8,4,4
54029301,152,76,76,152,76,76,0,0,0,63,30,33,149,74,75,143,71,72,0,0,0,9,5,4
55356501,37,20,17,37,20,17,0,0,0,21,15,6,34,19,15,31,16,15,0,0,0,6,4,2
55823101,40,21,19,40,21,19,0,0,0,18,12,6,38,19,19,37,19,18,0,0,0,3,2,1
55823102,176,90,86,176,90,86,0,0,0,80,48,32,151,78,73,174,89,85,0,0,0,2,1,1
54041201,77,40,37,77,40,37,0,0,0,33,21,12,68,36,32,21,8,13,0,0,0,56,32,24
54041202,180,81,99,176,78,98,2,1,1,74,33,41,170,75,95,179,80,99,0,0,0,1,1,0
53013101,23,13,10,23,13,10,0,0,0,9,7,2,23,13,10,23,13,10,0,0,0,0,0,0
53013102,208,98,110,208,98,110,0,0,0,78,45,33,200,95,105,207,97,110,0,0,0,1,1,0
3089010,0,0,0,0,0,0,0,0,0,0,0,0,0,0,0,0,0,0,0,0,0,0,0,0
3089270,0,0,0,0,0,0,0,0,0,0,0,0,0,0,0,0,0,0,0,0,0,0,0,0
55824901,408,220,188,405,218,187,3,2,1,232,133,99,396,213,183,408,220,188,0,0,0,0,0,0
55824902,233,115,118,232,114,118,1,1,0,129,68,61,225,110,115,233,115,118,0,0,0,0,0,0
55824903,132,69,63,132,69,63,0,0,0,50,29,21,121,62,59,129,67,62,0,0,0,3,2,1
55824905,618,302,316,608,296,312,9,6,3,283,138,145,574,284,290,618,302,316,0,0,0,0,0,0
55824906,647,323,324,631,317,314,13,6,7,307,164,143,615,306,309,629,316,313,18,7,11,0,0,0
55824907,804,411,393,787,404,383,16,6,10,420,218,202,776,398,378,713,345,368,2,1,1,89,65,24
55824908,38,21,17,34,18,16,4,3,1,12,5,7,35,20,15,33,17,16,4,4,0,1,0,1
55824909,1734,825,909,1710,812,898,21,13,8,912,443,469,1667,789,878,1706,804,902,28,21,7,0,0,0
55824910,58,22,36,58,22,36,0,0,0,23,10,13,56,22,34,58,22,36,0,0,0,0,0,0
55824911,1315,586,729,1285,570,715,18,7,11,580,289,291,1264,560,704,1315,586,729,0,0,0,0,0,0
55824912,84,42,42,84,42,42,0,0,0,45,22,23,84,42,42,71,33,38,0,0,0,13,9,4
55824913,520,253,267,505,248,257,13,5,8,252,130,122,494,244,250,512,248,264,3,2,1,5,3,2
55825701,122,67,55,122,67,55,0,0,0,69,45,24,119,66,53,122,67,55,0,0,0,0,0,0
55825702,958,489,469,948,484,464,10,5,5,380,216,164,891,460,431,931,473,458,2,1,1,25,15,10
55825703,77,40,37,77,40,37,0,0,0,39,19,20,74,38,36,77,40,37,0,0,0,0,0,0
55826501,151,72,79,151,72,79,0,0,0,67,38,29,145,70,75,151,72,79,0,0,0,0,0,0
55826502,45,23,22,45,23,22,0,0,0,18,7,11,42,22,20,45,23,22,0,0,0,0,0,0
54042101,91,50,41,91,50,41,0,0,0,47,30,17,83,45,38,80,43,37,0,0,0,11,7,4
55829001,271,138,133,265,134,131,4,2,2,128,79,49,243,129,114,263,133,130,2,1,1,6,4,2
55830301,163,81,82,162,81,81,0,0,0,89,51,38,151,75,76,162,80,82,0,0,0,1,1,0
55830302,28,16,12,28,16,12,0,0,0,15,10,5,27,15,12,28,16,12,0,0,0,0,0,0
55830303,292,155,137,289,154,135,0,0,0,161,94,67,282,148,134,279,147,132,2,2,0,11,6,5
55830304,97,49,48,97,49,48,0,0,0,51,24,27,94,47,47,97,49,48,0,0,0,0,0,0
55830305,20,9,11,19,8,11,1,1,0,9,3,6,19,8,11,20,9,11,0,0,0,0,0,0
55830306,111,58,53,111,58,53,0,0,0,51,28,23,108,56,52,107,56,51,0,0,0,4,2,2
55830307,166,85,81,165,84,81,1,1,0,90,45,45,159,81,78,162,83,79,0,0,0,4,2,2
55831101,289,141,148,288,140,148,1,1,0,135,72,63,277,134,143,283,138,145,0,0,0,6,3,3
54069201,115,57,58,115,57,58,0,0,0,51,23,28,107,54,53,104,53,51,1,1,0,10,3,7
53993701,206,104,102,206,104,102,0,0,0,108,59,49,198,100,98,198,100,98,0,0,0,8,4,4
55834601,221,101,120,221,101,120,0,0,0,107,52,55,214,99,115,218,100,118,0,0,0,3,1,2
55834602,380,188,192,380,188,192,0,0,0,168,98,70,365,184,181,356,174,182,0,0,0,24,14,10
3301670,0,0,0,0,0,0,0,0,0,0,0,0,0,0,0,0,0,0,0,0,0,0,0,0
55836201,208,108,100,208,108,100,0,0,0,109,55,54,199,105,94,207,107,100,0,0,0,1,1,0
55836203,194,105,89,190,103,87,4,2,2,101,59,42,178,98,80,169,90,79,0,0,0,25,15,10
55836204,151,74,77,148,73,75,2,0,2,63,36,27,145,72,73,142,71,71,0,0,0,9,3,6
55836206,1685,839,846,1641,809,832,42,28,14,875,462,413,1581,786,795,1638,811,827,6,1,5,41,27,14
55836207,36,13,23,36,13,23,0,0,0,22,9,13,34,12,22,34,12,22,0,0,0,2,1,1
55836208,74,37,37,72,37,35,2,0,2,29,16,13,67,33,34,67,32,35,0,0,0,7,5,2
55836209,196,84,112,191,82,109,3,0,3,102,40,62,189,81,108,188,81,107,0,0,0,8,3,5
55836210,118,67,51,115,64,51,3,3,0,56,36,20,111,62,49,118,67,51,0,0,0,0,0,0
55836211,113,60,53,111,59,52,2,1,1,57,32,25,111,60,51,112,59,53,0,0,0,1,1,0
55836212,20,8,12,20,8,12,0,0,0,10,6,4,18,7,11,20,8,12,0,0,0,0,0,0
54067601,133,71,62,132,70,62,1,1,0,56,35,21,127,66,61,127,67,60,0,0,0,6,4,2
54067602,22,12,10,22,12,10,0,0,0,5,3,2,22,12,10,6,3,3,0,0,0,16,9,7
55838901,97,52,45,97,52,45,0,0,0,59,35,24,92,51,41,94,50,44,0,0,0,3,2,1
55838902,3483,1716,1767,3392,1666,1726,78,42,36,1547,794,753,3261,1602,1659,3394,1662,1732,24,14,10,65,40,25
54005601,147,71,76,144,69,75,3,2,1,65,33,32,133,65,68,132,64,68,0,0,0,15,7,8
55840101,384,200,184,382,198,184,2,2,0,189,107,82,360,186,174,382,198,184,0,0,0,2,2,0
3357970,0,0,0,0,0,0,0,0,0,0,0,0,0,0,0,0,0,0,0,0,0,0,0,0
55843501,2225,1113,1112,2198,1098,1100,21,11,10,829,440,389,2094,1049,1045,2202,1098,1104,3,2,1,20,13,7
56610101,92,47,45,92,47,45,0,0,0,37,23,14,79,40,39,92,47,45,0,0,0,0,0,0
57861401,93,45,48,93,45,48,0,0,0,35,25,10,89,43,46,92,44,48,0,0,0,1,1,0
57859201,130,81,49,118,70,48,12,11,1,33,21,12,120,75,45,129,81,48,0,0,0,1,0,1
53992901,43,23,20,42,22,20,0,0,0,17,8,9,38,21,17,43,23,20,0,0,0,0,0,0
54052801,149,76,73,149,76,73,0,0,0,69,40,29,140,73,67,149,76,73,0,0,0,0,0,0
55848601,194,102,92,194,102,92,0,0,0,62,36,26,183,95,88,175,93,82,0,0,0,19,9,10
55848602,522,268,254,513,262,251,8,6,2,236,139,97,497,251,246,499,257,242,0,0,0,23,11,12
55849401,41,19,22,41,19,22,0,0,0,22,12,10,39,18,21,41,19,22,0,0,0,0,0,0
55849402,288,144,144,288,144,144,0,0,0,134,67,67,268,132,136,287,143,144,0,0,0,1,1,0
56669101,73,34,39,71,33,38,2,1,1,28,14,14,68,33,35,73,34,39,0,0,0,0,0,0
54070601,69,36,33,69,36,33,0,0,0,27,18,9,68,35,33,68,36,32,0,0,0,1,0,1
54070602,21,14,7,21,14,7,0,0,0,9,8,1,21,14,7,20,13,7,0,0,0,1,1,0
55855901,342,178,164,319,162,157,16,11,5,131,79,52,321,164,157,330,169,161,5,5,0,7,4,3
55856701,579,316,263,578,315,263,1,1,0,185,108,77,536,293,243,535,291,244,0,0,0,44,25,19
56607101,104,56,48,104,56,48,0,0,0,46,27,19,103,56,47,102,55,47,0,0,0,2,1,1
55858301,638,316,322,632,313,319,3,1,2,288,146,142,605,302,303,619,305,314,0,0,0,19,11,8
55859101,114,58,56,107,56,51,3,1,2,48,32,16,106,55,51,114,58,56,0,0,0,0,0,0
55859102,39,22,17,39,22,17,0,0,0,13,8,5,36,19,17,33,19,14,0,0,0,6,3,3
55859103,160,82,78,155,78,77,5,4,1,55,29,26,148,75,73,156,81,75,0,0,0,4,1,3
53018202,475,239,236,474,239,235,1,0,1,185,95,90,441,220,221,415,207,208,0,0,0,60,32,28
55860502,145,74,71,144,74,70,1,0,1,57,29,28,138,70,68,141,71,70,0,0,0,4,3,1
55860503,92,45,47,91,44,47,1,1,0,35,19,16,84,40,44,85,41,44,0,0,0,7,4,3
55860504,64,34,30,64,34,30,0,0,0,30,20,10,60,32,28,57,30,27,0,0,0,7,4,3
55860505,150,72,78,150,72,78,0,0,0,68,38,30,141,67,74,144,67,77,0,0,0,6,5,1
55863001,107,57,50,107,57,50,0,0,0,58,35,23,97,52,45,107,57,50,0,0,0,0,0,0
55863002,40,21,19,40,21,19,0,0,0,20,12,8,38,21,17,40,21,19,0,0,0,0,0,0
55863003,42,24,18,42,24,18,0,0,0,13,8,5,38,21,17,36,20,16,0,0,0,6,4,2
55863004,91,43,48,90,42,48,1,1,0,48,26,22,88,42,46,91,43,48,0,0,0,0,0,0
55863005,581,262,319,580,262,318,0,0,0,227,115,112,528,241,287,454,221,233,100,27,73,27,14,13
54013701,29,16,13,29,16,13,0,0,0,12,7,5,26,15,11,27,15,12,0,0,0,2,1,1
54013702,24,14,10,24,14,10,0,0,0,10,8,2,21,13,8,23,14,9,0,0,0,1,0,1
56675601,742,395,347,738,393,345,3,2,1,244,130,114,689,369,320,733,388,345,0,0,0,9,7,2
56675602,28,17,11,28,17,11,0,0,0,9,5,4,25,15,10,12,7,5,0,0,0,16,10,6
55865601,390,200,190,383,196,187,6,4,2,187,93,94,378,193,185,369,185,184,0,0,0,21,15,6
55865602,27,20,7,27,20,7,0,0,0,6,5,1,23,16,7,23,16,7,0,0,0,4,4,0
55865604,59,30,29,58,29,29,1,1,0,28,13,15,57,28,29,58,30,28,0,0,0,1,0,1
55865605,75,36,39,74,35,39,1,1,0,24,12,12,74,35,39,75,36,39,0,0,0,0,0,0
55865606,33,17,16,33,17,16,0,0,0,6,4,2,29,16,13,28,14,14,0,0,0,5,3,2
55865607,22,14,8,22,14,8,0,0,0,5,1,4,19,12,7,19,11,8,0,0,0,3,3,0
55865609,23,10,13,23,10,13,0,0,0,13,5,8,22,9,13,23,10,13,0,0,0,0,0,0
55865610,35,19,16,35,19,16,0,0,0,9,7,2,29,15,14,33,18,15,0,0,0,2,1,1
53023901,75,39,36,70,36,34,4,3,1,23,14,9,61,35,26,75,39,36,0,0,0,0,0,0
55867201,925,464,461,916,459,457,8,4,4,406,206,200,855,428,427,892,442,450,3,3,0,30,19,11
56676401,63,35,28,63,35,28,0,0,0,25,17,8,57,31,26,60,33,27,0,0,0,3,2,1
56647101,87,44,43,87,44,43,0,0,0,43,22,21,83,40,43,67,31,36,6,5,1,14,8,6
56647102,25,13,12,25,13,12,0,0,0,12,8,4,23,12,11,20,10,10,4,3,1,1,0,1
56648901,67,37,30,67,37,30,0,0,0,21,16,5,66,37,29,66,36,30,0,0,0,1,1,0
55869901,162,84,78,162,84,78,0,0,0,78,43,35,157,80,77,160,82,78,0,0,0,2,2,0
55871101,22,11,11,22,11,11,0,0,0,3,1,2,22,11,11,22,11,11,0,0,0,0,0,0
55871102,300,158,142,300,158,142,0,0,0,102,65,37,269,145,124,280,147,133,1,1,0,19,10,9
56663201,80,40,40,80,40,40,0,0,0,32,21,11,73,37,36,78,39,39,0,0,0,2,1,1
53032801,55,30,25,55,30,25,0,0,0,10,5,5,43,24,19,6,3,3,0,0,0,49,27,22
53032802,141,62,79,141,62,79,0,0,0,46,23,23,131,57,74,132,58,74,0,0,0,9,4,5
55874501,23,9,14,23,9,14,0,0,0,5,1,4,20,8,12,5,1,4,0,0,0,18,8,10
55874502,570,282,288,570,282,288,0,0,0,254,138,116,528,268,260,563,279,284,0,0,0,7,3,4
55877001,80,42,38,79,42,37,1,0,1,25,14,11,68,37,31,68,35,33,0,0,0,12,7,5
55877002,342,176,166,339,175,164,3,1,2,183,102,81,332,171,161,338,173,165,0,0,0,4,3,1
55878801,244,127,117,241,126,115,3,1,2,102,58,44,237,121,116,222,114,108,0,0,0,22,13,9
55878802,39,22,17,39,22,17,0,0,0,17,11,6,37,21,16,36,20,16,0,0,0,3,2,1
55879601,457,230,227,457,230,227,0,0,0,178,101,77,428,214,214,424,214,210,0,0,0,33,16,17
55880001,21,15,6,21,15,6,0,0,0,2,2,0,17,12,5,0,0,0,0,0,0,21,15,6
55880002,45,20,25,45,20,25,0,0,0,16,6,10,42,19,23,42,18,24,0,0,0,3,2,1
57866501,105,54,51,105,54,51,0,0,0,57,31,26,99,51,48,105,54,51,0,0,0,0,0,0
57866504,45,25,20,40,22,18,5,3,2,11,7,4,38,20,18,29,16,13,0,0,0,16,9,7
55883401,781,371,410,779,370,409,2,1,1,346,173,173,744,354,390,722,340,382,1,1,0,58,30,28
55886901,105,55,50,105,55,50,0,0,0,42,18,24,104,55,49,93,49,44,0,0,0,12,6,6
55886902,156,72,84,156,72,84,0,0,0,68,31,37,148,69,79,156,72,84,0,0,0,0,0,0
55886903,90,50,40,86,47,39,4,3,1,47,24,23,81,45,36,80,43,37,10,7,3,0,0,0
55886904,87,48,39,87,48,39,0,0,0,49,22,27,86,47,39,56,28,28,0,0,0,31,20,11
55886905,294,150,144,289,148,141,3,2,1,151,77,74,278,141,137,286,145,141,0,0,0,8,5,3
55886906,993,489,504,984,482,502,7,5,2,524,268,256,943,466,477,991,488,503,0,0,0,2,1,1
56639001,80,39,41,78,37,41,1,1,0,38,22,16,77,37,40,76,37,39,1,1,0,3,1,2
53022101,106,57,49,105,57,48,1,0,1,51,32,19,101,55,46,106,57,49,0,0,0,0,0,0
56673001,53,20,33,53,20,33,0,0,0,27,13,14,50,19,31,53,20,33,0,0,0,0,0,0
55887701,31,17,14,31,17,14,0,0,0,14,9,5,30,17,13,4,2,2,0,0,0,27,15,12
55887702,267,144,123,260,142,118,4,0,4,139,81,58,261,140,121,266,143,123,0,0,0,1,1,0
55887703,80,46,34,80,46,34,0,0,0,33,22,11,68,42,26,80,46,34,0,0,0,0,0,0
55887704,77,39,38,77,39,38,0,0,0,33,18,15,69,35,34,75,38,37,0,0,0,2,1,1
55887705,113,61,52,113,61,52,0,0,0,43,25,18,103,58,45,110,58,52,0,0,0,3,3,0
55888501,3407,1658,1749,3382,1646,1736,24,12,12,1360,715,645,3186,1550,1636,3136,1528,1608,170,63,107,101,67,34
55888502,698,341,357,689,336,353,8,5,3,268,150,118,642,314,328,688,337,351,5,2,3,5,2,3
55891501,465,245,220,460,242,218,5,3,2,181,107,74,439,231,208,433,226,207,0,0,0,32,19,13
55891502,134,63,71,133,63,70,1,0,1,59,30,29,127,59,68,134,63,71,0,0,0,0,0,0
55891503,420,214,206,418,212,206,2,2,0,193,102,91,387,198,189,399,202,197,0,0,0,21,12,9
55891504,43,22,21,43,22,21,0,0,0,18,9,9,41,20,21,30,15,15,0,0,0,13,7,6
55891505,76,37,39,73,35,38,3,2,1,33,18,15,71,34,37,72,34,38,0,0,0,4,3,1
55891506,93,50,43,91,48,43,2,2,0,26,13,13,85,46,39,61,31,30,0,0,0,32,19,13
55893101,60,28,32,59,27,32,0,0,0,30,17,13,57,27,30,52,23,29,0,0,0,8,5,3
55893102,189,99,90,187,97,90,1,1,0,91,54,37,179,95,84,188,98,90,0,0,0,1,1,0
55894001,1037,537,500,1028,533,495,9,4,5,368,210,158,973,506,467,990,505,485,0,0,0,47,32,15
55894002,229,112,117,228,112,116,1,0,1,33,16,17,216,104,112,229,112,117,0,0,0,0,0,0
55897401,209,114,95,207,112,95,2,2,0,70,45,25,194,105,89,197,106,91,0,0,0,12,8,4
55898201,131,70,61,131,70,61,0,0,0,50,28,22,126,66,60,124,67,57,0,0,0,7,3,4
55899101,151,76,75,150,76,74,1,0,1,67,36,31,139,73,66,144,69,75,0,0,0,7,7,0
55900801,2934,1439,1495,2885,1418,1467,37,18,19,1300,637,663,2770,1361,1409,2836,1381,1455,34,9,25,64,49,15
53818301,106,52,54,106,52,54,0,0,0,32,17,15,103,50,53,100,47,53,0,0,0,6,5,1
57877101,117,65,52,116,64,52,0,0,0,41,24,17,110,60,50,111,62,49,0,0,0,6,3,3
55902401,140,77,63,139,76,63,0,0,0,65,46,19,130,72,58,138,76,62,0,0,0,2,1,1
55903201,31,19,12,31,19,12,0,0,0,11,8,3,31,19,12,0,0,0,0,0,0,31,19,12
55903202,76,41,35,76,41,35,0,0,0,36,23,13,71,37,34,74,40,34,0,0,0,2,1,1
55904101,59,34,25,59,34,25,0,0,0,13,9,4,55,31,24,52,31,21,0,0,0,7,3,4
55904103,43,19,24,43,19,24,0,0,0,21,8,13,42,18,24,41,18,23,0,0,0,2,1,1
55904104,402,209,193,400,208,192,2,1,1,188,105,83,382,197,185,389,201,188,0,0,0,13,8,5
55904105,80,42,38,79,42,37,1,0,1,49,31,18,78,41,37,80,42,38,0,0,0,0,0,0
55905901,1043,517,526,1037,512,525,6,5,1,447,236,211,1001,500,501,998,490,508,1,1,0,44,26,18
55906701,57,34,23,57,34,23,0,0,0,36,26,10,57,34,23,55,33,22,0,0,0,2,1,1
55906702,128,66,62,126,65,61,2,1,1,64,35,29,119,63,56,128,66,62,0,0,0,0,0,0
55906703,38,20,18,37,20,17,1,0,1,17,12,5,37,20,17,38,20,18,0,0,0,0,0,0
55906704,89,42,47,87,41,46,1,1,0,59,32,27,85,40,45,82,38,44,0,0,0,7,4,3
55906706,1149,576,573,1106,545,561,36,26,10,510,267,243,1041,514,527,1124,561,563,10,5,5,15,10,5
3023680,0,0,0,0,0,0,0,0,0,0,0,0,0,0,0,0,0,0,0,0,0,0,0,0
3363010,0,0,0,0,0,0,0,0,0,0,0,0,0,0,0,0,0,0,0,0,0,0,0,0
3363190,0,0,0,0,0,0,0,0,0,0,0,0,0,0,0,0,0,0,0,0,0,0,0,0
55907501,65,31,34,65,31,34,0,0,0,46,27,19,64,30,34,58,28,30,0,0,0,7,3,4
55907502,137,69,68,137,69,68,0,0,0,67,38,29,131,66,65,128,64,64,0,0,0,9,5,4
55907503,22,11,11,22,11,11,0,0,0,11,5,6,21,10,11,20,10,10,0,0,0,2,1,1
55907504,45,28,17,42,26,16,2,1,1,23,15,8,43,27,16,45,28,17,0,0,0,0,0,0
55907505,45,24,21,45,24,21,0,0,0,25,14,11,40,22,18,31,15,16,0,0,0,14,9,5
55907506,1453,714,739,1413,688,725,35,24,11,665,340,325,1379,670,709,1440,705,735,12,9,3,1,0,1
55907507,1432,698,734,1418,690,728,5,4,1,710,378,332,1365,663,702,1317,643,674,77,25,52,38,30,8
55907509,130,74,56,130,74,56,0,0,0,56,34,22,124,69,55,129,73,56,1,1,0,0,0,0
55907510,51,30,21,51,30,21,0,0,0,29,17,12,49,28,21,46,26,20,4,3,1,1,1,0
55908301,204,100,104,204,100,104,0,0,0,96,48,48,197,98,99,201,97,104,0,0,0,3,3,0
55908302,156,77,79,156,77,79,0,0,0,83,50,33,141,71,70,156,77,79,0,0,0,0,0,0
55909102,146,79,67,142,78,64,4,1,3,66,36,30,146,79,67,135,71,64,0,0,0,11,8,3
55909103,61,32,29,61,32,29,0,0,0,14,9,5,52,29,23,56,29,27,0,0,0,5,3,2
55909104,31,15,16,31,15,16,0,0,0,4,3,1,30,14,16,26,14,12,0,0,0,5,1,4
55909105,29,14,15,29,14,15,0,0,0,12,6,6,25,13,12,17,9,8,0,0,0,12,5,7
55910501,163,85,78,162,84,78,1,1,0,78,45,33,146,80,66,155,77,78,0,0,0,8,8,0
55910503,26,14,12,25,13,12,1,1,0,11,6,5,26,14,12,26,14,12,0,0,0,0,0,0
55910504,34,16,18,34,16,18,0,0,0,13,6,7,31,15,16,31,14,17,0,0,0,3,2,1
55912101,180,95,85,177,93,84,3,2,1,52,33,19,166,87,79,153,78,75,0,0,0,27,17,10
55914801,851,433,418,847,430,417,2,2,0,367,195,172,825,419,406,809,410,399,1,1,0,41,22,19
55916401,529,253,276,522,249,273,6,3,3,220,117,103,501,240,261,521,249,272,0,0,0,8,4,4
55916402,2257,1115,1142,2205,1086,1119,46,25,21,956,481,475,2152,1060,1092,2208,1082,1126,4,3,1,45,30,15
55917201,74,37,37,74,37,37,0,0,0,35,18,17,72,36,36,74,37,37,0,0,0,0,0,0
55917202,69,40,29,69,40,29,0,0,0,16,9,7,57,35,22,60,33,27,0,0,0,9,7,2
55917203,25,11,14,25,11,14,0,0,0,12,4,8,20,7,13,5,2,3,0,0,0,20,9,11
55917204,27,15,12,27,15,12,0,0,0,6,2,4,25,14,11,23,13,10,0,0,0,4,2,2
55917205,59,31,28,58,31,27,0,0,0,18,9,9,55,29,26,58,31,27,0,0,0,1,0,1
55917207,346,166,180,341,164,177,5,2,3,145,76,69,326,158,168,336,159,177,0,0,0,10,7,3
55917209,87,43,44,86,42,44,1,1,0,37,18,19,80,39,41,67,33,34,0,0,0,20,10,10
55917210,34,15,19,34,15,19,0,0,0,19,9,10,34,15,19,29,14,15,0,0,0,5,1,4
55917211,37,16,21,37,16,21,0,0,0,8,2,6,34,15,19,31,13,18,1,0,1,5,3,2
56642001,183,94,89,183,94,89,0,0,0,67,38,29,166,86,80,175,90,85,0,0,0,8,4,4
56642002,26,14,12,26,14,12,0,0,0,7,4,3,21,11,10,16,10,6,0,0,0,10,4,6
56646201,111,58,53,111,58,53,0,0,0,47,22,25,99,52,47,109,56,53,0,0,0,2,2,0
56644601,261,136,125,261,136,125,0,0,0,119,72,47,255,131,124,258,134,124,0,0,0,3,2,1
0915020,0,0,0,0,0,0,0,0,0,0,0,0,0,0,0,0,0,0,0,0,0,0,0,0
55920201,28,17,11,28,17,11,0,0,0,21,12,9,28,17,11,27,16,11,0,0,0,1,1,0
55920203,37,21,16,37,21,16,0,0,0,20,12,8,37,21,16,34,19,15,0,0,0,3,2,1
55920205,719,354,365,719,354,365,0,0,0,356,188,168,690,343,347,698,338,360,7,5,2,14,11,3
55920206,63,35,28,63,35,28,0,0,0,33,17,16,59,32,27,63,35,28,0,0,0,0,0,0
55920209,49,28,21,49,28,21,0,0,0,28,18,10,48,28,20,44,24,20,0,0,0,5,4,1
55920210,51,27,24,51,27,24,0,0,0,25,12,13,49,27,22,50,26,24,0,0,0,1,1,0
55920212,25,10,15,25,10,15,0,0,0,9,1,8,22,8,14,18,7,11,0,0,0,7,3,4
55920213,95,47,48,95,47,48,0,0,0,41,19,22,81,38,43,92,47,45,0,0,0,3,0,3
55920214,39,17,22,38,16,22,1,1,0,17,8,9,37,16,21,38,16,22,0,0,0,1,1,0
55921101,53,31,22,52,30,22,1,1,0,24,11,13,51,30,21,46,27,19,0,0,0,7,4,3
55921102,2085,1039,1046,2058,1021,1037,23,15,8,920,476,444,1977,975,1002,2059,1019,1040,1,1,0,25,19,6
55923701,24,15,9,24,15,9,0,0,0,10,9,1,23,15,8,24,15,9,0,0,0,0,0,0
55923702,87,47,40,86,46,40,1,1,0,42,32,10,78,43,35,86,47,39,0,0,0,1,0,1
55923703,394,197,197,385,190,195,9,7,2,234,116,118,381,190,191,389,194,195,0,0,0,5,3,2
55923704,27,15,12,27,15,12,0,0,0,11,9,2,27,15,12,15,9,6,0,0,0,12,6,6
55923706,27,13,14,27,13,14,0,0,0,8,4,4,19,12,7,19,9,10,0,0,0,8,4,4
55924501,336,160,176,332,157,175,3,2,1,175,85,90,324,155,169,334,158,176,0,0,0,2,2,0
56654301,215,109,106,215,109,106,0,0,0,90,38,52,206,103,103,202,103,99,0,0,0,13,6,7
55925301,135,65,70,135,65,70,0,0,0,50,30,20,125,59,66,124,59,65,0,0,0,11,6,5
1020410,0,0,0,0,0,0,0,0,0,0,0,0,0,0,0,0,0,0,0,0,0,0,0,0
55926101,88,41,47,88,41,47,0,0,0,25,18,7,79,38,41,88,41,47,0,0,0,0,0,0
55926102,25,14,11,25,14,11,0,0,0,9,4,5,24,13,11,24,13,11,1,1,0,0,0,0
55926104,95,48,47,95,48,47,0,0,0,35,20,15,88,43,45,83,42,41,12,6,6,0,0,0
55926107,39,22,17,39,22,17,0,0,0,19,10,9,37,20,17,33,19,14,0,0,0,6,3,3
55926108,314,162,152,309,158,151,4,3,1,123,74,49,304,157,147,297,149,148,3,2,1,14,11,3
55926111,40,16,24,39,16,23,1,0,1,12,5,7,37,16,21,34,13,21,0,0,0,6,3,3
55927001,61,33,28,61,33,28,0,0,0,31,19,12,61,33,28,61,33,28,0,0,0,0,0,0
55927002,467,228,239,467,228,239,0,0,0,196,91,105,442,218,224,449,220,229,0,0,0,18,8,10
55928801,296,160,136,295,159,136,1,1,0,110,69,41,279,153,126,283,152,131,0,0,0,13,8,5
3089860,0,0,0,0,0,0,0,0,0,0,0,0,0,0,0,0,0,0,0,0,0,0,0,0
3312360,0,0,0,0,0,0,0,0,0,0,0,0,0,0,0,0,0,0,0,0,0,0,0,0
55930001,263,144,119,258,140,118,5,4,1,128,70,58,249,135,114,257,139,118,0,0,0,6,5,1
55930002,490,252,238,475,247,228,12,5,7,266,144,122,475,248,227,465,238,227,0,0,0,25,14,11
55930003,91,43,48,91,43,48,0,0,0,47,19,28,90,42,48,80,38,42,0,0,0,11,5,6
55930004,888,430,458,852,413,439,29,14,15,384,193,191,847,409,438,888,430,458,0,0,0,0,0,0
55930005,3055,1459,1596,3015,1438,1577,37,19,18,1532,768,764,2934,1398,1536,3048,1455,1593,7,4,3,0,0,0
55930006,76,38,38,70,33,37,3,3,0,34,18,16,71,35,36,68,32,36,5,4,1,3,2,1
55930007,372,180,192,371,180,191,1,0,1,160,74,86,357,175,182,371,179,192,0,0,0,1,1,0
55930008,69,32,37,69,32,37,0,0,0,28,12,16,62,29,33,65,29,36,0,0,0,4,3,1
55930009,131,69,62,130,68,62,1,1,0,66,41,25,126,69,57,127,66,61,0,0,0,4,3,1
55930010,800,411,389,788,406,382,10,4,6,418,220,198,756,390,366,658,316,342,6,1,5,136,94,42
55930011,78,38,40,76,38,38,2,0,2,57,27,30,76,38,38,78,38,40,0,0,0,0,0,0
55930012,328,171,157,328,171,157,0,0,0,166,93,73,314,161,153,328,171,157,0,0,0,0,0,0
55931801,545,270,275,539,268,271,6,2,4,244,124,120,515,254,261,520,256,264,0,0,0,25,14,11
55932601,48,26,22,48,26,22,0,0,0,19,12,7,43,23,20,48,26,22,0,0,0,0,0,0
55932602,58,29,29,58,29,29,0,0,0,24,14,10,55,29,26,54,26,28,0,0,0,4,3,1
55932603,87,45,42,87,45,42,0,0,0,55,32,23,85,43,42,87,45,42,0,0,0,0,0,0
56678101,68,32,36,68,32,36,0,0,0,32,17,15,64,29,35,67,32,35,0,0,0,1,0,1
55933402,92,48,44,92,48,44,0,0,0,44,24,20,88,46,42,92,48,44,0,0,0,0,0,0
55933403,33,17,16,33,17,16,0,0,0,15,11,4,33,17,16,30,15,15,0,0,0,3,2,1
55933404,42,21,21,42,21,21,0,0,0,22,13,9,40,20,20,41,20,21,1,1,0,0,0,0
55933406,529,267,262,527,265,262,2,2,0,225,124,101,506,259,247,513,255,258,0,0,0,16,12,4
53033602,42,22,20,42,22,20,0,0,0,23,14,9,40,21,19,28,14,14,0,0,0,14,8,6
53033604,125,64,61,121,61,60,4,3,1,51,30,21,116,63,53,120,59,61,0,0,0,5,5,0
53033605,80,43,37,80,43,37,0,0,0,43,27,16,75,43,32,75,41,34,0,0,0,5,2,3
55935101,20,12,8,20,12,8,0,0,0,9,5,4,20,12,8,6,2,4,0,0,0,14,10,4
55935102,148,68,80,148,68,80,0,0,0,84,38,46,144,68,76,146,67,79,0,0,0,2,1,1
55935103,214,108,106,212,107,105,2,1,1,103,55,48,208,105,103,205,102,103,1,1,0,8,5,3
55935104,80,45,35,78,44,34,2,1,1,31,20,11,75,43,32,73,41,32,0,0,0,7,4,3
55935105,179,88,91,177,86,91,2,2,0,84,40,44,169,83,86,157,76,81,0,0,0,22,12,10
55935106,1891,935,956,1841,905,936,38,20,18,855,418,437,1767,872,895,1778,863,915,31,23,8,82,49,33
55935107,158,81,77,157,80,77,1,1,0,90,56,34,156,79,77,158,81,77,0,0,0,0,0,0
55936901,239,123,116,237,121,116,2,2,0,77,47,30,234,120,114,239,123,116,0,0,0,0,0,0
55936902,35,14,21,34,13,21,1,1,0,12,6,6,35,14,21,0,0,0,0,0,0,35,14,21
55937701,36,21,15,36,21,15,0,0,0,12,8,4,36,21,15,0,0,0,0,0,0,36,21,15
55937702,307,155,152,305,153,152,2,2,0,129,73,56,293,144,149,299,151,148,0,0,0,8,4,4
55937703,70,41,29,70,41,29,0,0,0,22,13,9,62,37,25,22,12,10,3,2,1,45,27,18
53024701,133,62,71,133,62,71,0,0,0,69,34,35,125,61,64,121,55,66,0,0,0,12,7,5
55939301,56,25,31,56,25,31,0,0,0,24,12,12,53,24,29,56,25,31,0,0,0,0,0,0
55939302,401,209,192,395,206,189,5,2,3,151,81,70,366,190,176,385,197,188,0,0,0,16,12,4
55939303,53,27,26,51,26,25,2,1,1,21,12,9,53,27,26,53,27,26,0,0,0,0,0,0
56708601,332,173,159,332,173,159,0,0,0,136,71,65,319,168,151,322,169,153,0,0,0,10,4,6
55942301,287,136,151,284,134,150,3,2,1,126,66,60,280,134,146,282,133,149,0,0,0,5,3,2
55943101,591,291,300,587,288,299,2,1,1,252,131,121,562,278,284,576,283,293,0,0,0,15,8,7
53027101,87,43,44,86,43,43,1,0,1,20,11,9,70,34,36,84,42,42,0,0,0,3,1,2
56674801,53,27,26,53,27,26,0,0,0,24,19,5,51,26,25,52,26,26,0,0,0,1,1,0
55360301,34,17,17,34,17,17,0,0,0,14,11,3,31,16,15,33,17,16,0,0,0,1,0,1
57879701,21,11,10,21,11,10,0,0,0,14,8,6,21,11,10,15,8,7,0,0,0,6,3,3
57879702,84,45,39,84,45,39,0,0,0,52,33,19,82,44,38,71,40,31,0,0,0,13,5,8
57898301,248,129,119,248,129,119,0,0,0,124,70,54,235,123,112,246,128,118,0,0,0,2,1,1
55948202,21,10,11,17,7,10,3,2,1,7,3,4,17,8,9,13,7,6,2,2,0,6,1,5
55948203,89,47,42,89,47,42,0,0,0,44,22,22,87,45,42,67,35,32,0,0,0,22,12,10
55949101,3295,1641,1654,3262,1620,1642,25,17,8,1441,738,703,3134,1557,1577,3249,1605,1644,1,1,0,45,35,10
55950401,986,487,499,979,482,497,2,1,1,464,251,213,911,453,458,899,453,446,64,24,40,23,10,13
55950402,27,16,11,27,16,11,0,0,0,6,4,2,27,16,11,27,16,11,0,0,0,0,0,0
55952101,231,111,120,229,110,119,2,1,1,86,42,44,220,106,114,228,109,119,0,0,0,3,2,1
55952102,3721,1855,1866,3633,1791,1842,80,59,21,1697,882,815,3536,1760,1776,3609,1792,1817,32,12,20,80,51,29
55952103,316,168,148,309,165,144,7,3,4,141,80,61,296,159,137,314,167,147,0,0,0,2,1,1
55952104,672,342,330,672,342,330,0,0,0,298,164,134,653,335,318,649,331,318,0,0,0,23,11,12
55952105,158,81,77,158,81,77,0,0,0,49,23,26,151,76,75,158,81,77,0,0,0,0,0,0
3356900,0,0,0,0,0,0,0,0,0,0,0,0,0,0,0,0,0,0,0,0,0,0,0,0
54641101,421,219,202,416,217,199,5,2,3,147,72,75,389,206,183,410,210,200,0,0,0,11,9,2
56659401,32,20,12,32,20,12,0,0,0,2,0,2,23,17,6,0,0,0,0,0,0,32,20,12
56659402,84,48,36,84,48,36,0,0,0,36,23,13,80,45,35,83,47,36,0,0,0,1,1,0
1742032,0,0,0,0,0,0,0,0,0,0,0,0,0,0,0,0,0,0,0,0,0,0,0,0
55955501,91,47,44,91,47,44,0,0,0,34,21,13,86,45,41,49,25,24,1,0,1,41,22,19
55955502,45,26,19,45,26,19,0,0,0,14,9,5,38,21,17,41,24,17,0,0,0,4,2,2
55955503,22,9,13,22,9,13,0,0,0,5,2,3,21,9,12,22,9,13,0,0,0,0,0,0
55955505,69,36,33,69,36,33,0,0,0,14,9,5,64,33,31,60,30,30,0,0,0,9,6,3
55955506,253,131,122,249,128,121,4,3,1,91,48,43,240,122,118,247,125,122,1,1,0,5,5,0
55956301,21,11,10,21,11,10,0,0,0,8,6,2,18,10,8,21,11,10,0,0,0,0,0,0
55956302,119,56,63,117,55,62,2,1,1,51,27,24,111,52,59,113,52,61,0,0,0,6,4,2
55956304,37,15,22,37,15,22,0,0,0,7,5,2,32,13,19,36,15,21,0,0,0,1,0,1
55956305,38,19,19,38,19,19,0,0,0,13,7,6,37,19,18,34,17,17,0,0,0,4,2,2
55956306,49,29,20,49,29,20,0,0,0,19,13,6,44,26,18,45,26,19,0,0,0,4,3,1
55956308,24,13,11,24,13,11,0,0,0,4,3,1,18,10,8,11,5,6,0,0,0,13,8,5
55956310,39,21,18,39,21,18,0,0,0,14,8,6,37,19,18,3,2,1,0,0,0,36,19,17
55956311,278,150,128,269,145,124,9,5,4,131,74,57,262,137,125,270,144,126,0,0,0,8,6,2
55957101,87,43,44,87,43,44,0,0,0,53,31,22,85,43,42,87,43,44,0,0,0,0,0,0
55957102,316,151,165,315,151,164,1,0,1,108,55,53,295,141,154,296,139,157,1,1,0,19,11,8
55957103,28,16,12,27,15,12,0,0,0,6,3,3,27,15,12,25,14,11,0,0,0,3,2,1
55958001,4479,2222,2257,4392,2169,2223,74,47,27,1689,850,839,4229,2103,2126,4354,2165,2189,46,9,37,79,48,31
57892402,80,44,36,80,44,36,0,0,0,18,12,6,63,33,30,74,42,32,0,0,0,6,2,4
55960101,1499,732,767,1478,716,762,19,15,4,425,212,213,1275,626,649,1473,720,753,1,1,0,25,11,14
56649701,53,23,30,53,23,30,0,0,0,25,13,12,51,23,28,53,23,30,0,0,0,0,0,0
55962801,128,64,64,119,58,61,6,4,2,42,21,21,118,57,61,120,62,58,8,2,6,0,0,0
55962803,73,36,37,73,36,37,0,0,0,23,11,12,67,34,33,50,24,26,0,0,0,23,12,11
55962804,24,13,11,24,13,11,0,0,0,4,1,3,22,12,10,24,13,11,0,0,0,0,0,0
55962805,50,23,27,50,23,27,0,0,0,18,9,9,47,23,24,50,23,27,0,0,0,0,0,0
55962806,1286,633,653,1282,630,652,4,3,1,497,257,240,1199,594,605,1234,605,629,30,13,17,22,15,7
55962807,54,31,23,54,31,23,0,0,0,28,20,8,53,30,23,50,30,20,0,0,0,4,1,3
56696901,352,189,163,352,189,163,0,0,0,199,117,82,346,185,161,347,185,162,0,0,0,5,4,1
56696902,82,36,46,81,35,46,1,1,0,37,18,19,76,34,42,77,34,43,0,0,0,5,2,3
53028001,181,89,92,181,89,92,0,0,0,88,50,38,177,89,88,181,89,92,0,0,0,0,0,0
53028002,24,10,14,24,10,14,0,0,0,12,3,9,24,10,14,3,2,1,0,0,0,21,8,13
57882701,61,32,29,61,32,29,0,0,0,24,11,13,61,32,29,45,24,21,0,0,0,16,8,8
57882702,29,13,16,29,13,16,0,0,0,12,5,7,29,13,16,29,13,16,0,0,0,0,0,0
57882703,43,24,19,43,24,19,0,0,0,14,9,5,41,23,18,39,21,18,0,0,0,4,3,1
55966101,104,52,52,102,50,52,2,2,0,48,26,22,101,50,51,104,52,52,0,0,0,0,0,0
55966102,148,80,68,140,74,66,8,6,2,70,42,28,138,75,63,148,80,68,0,0,0,0,0,0
55966103,2472,1278,1194,2339,1191,1148,104,69,35,855,462,393,2203,1140,1063,2138,1056,1082,266,171,95,68,51,17
1936232,0,0,0,0,0,0,0,0,0,0,0,0,0,0,0,0,0,0,0,0,0,0,0,0
55967901,1627,796,831,1619,792,827,4,2,2,585,297,288,1500,733,767,1545,747,798,0,0,0,82,49,33
55967903,1824,908,916,1814,902,912,5,3,2,709,390,319,1725,853,872,1817,903,914,3,2,1,4,3,1
1968510,0,0,0,0,0,0,0,0,0,0,0,0,0,0,0,0,0,0,0,0,0,0,0,0
55969501,26,16,10,26,16,10,0,0,0,5,4,1,26,16,10,22,14,8,0,0,0,4,2,2
55969502,20,11,9,20,11,9,0,0,0,6,4,2,19,10,9,18,10,8,2,1,1,0,0,0
55969504,54,32,22,54,32,22,0,0,0,35,21,14,52,30,22,50,29,21,0,0,0,4,3,1
55969505,55,27,28,55,27,28,0,0,0,30,17,13,55,27,28,52,26,26,0,0,0,3,1,2
55969506,1049,522,527,1042,516,526,5,4,1,507,277,230,1020,503,517,993,496,497,28,9,19,28,17,11
55970901,208,105,103,205,103,102,1,1,0,106,59,47,195,101,94,199,102,97,0,0,0,9,3,6
55970902,262,141,121,261,140,121,1,1,0,130,75,55,247,134,113,250,135,115,0,0,0,12,6,6
54109501,144,72,72,144,72,72,0,0,0,51,26,25,136,67,69,137,67,70,0,0,0,7,5,2
55972501,571,301,270,549,288,261,22,13,9,266,151,115,536,282,254,542,278,264,1,0,1,28,23,5
55972502,558,257,301,542,247,295,15,10,5,243,122,121,525,244,281,508,247,261,47,8,39,3,2,1
55972503,27,15,12,27,15,12,0,0,0,8,6,2,26,15,11,18,9,9,1,1,0,8,5,3
55972504,239,120,119,236,117,119,2,2,0,115,65,50,225,112,113,233,117,116,0,0,0,6,3,3
55972505,25,11,14,25,11,14,0,0,0,10,5,5,24,10,14,22,9,13,0,0,0,3,2,1
55972506,425,213,212,421,210,211,3,2,1,192,104,88,404,203,201,425,213,212,0,0,0,0,0,0
55972507,274,141,133,273,141,132,0,0,0,128,77,51,268,139,129,274,141,133,0,0,0,0,0,0
55972508,166,88,78,163,87,76,3,1,2,67,37,30,152,80,72,154,82,72,0,0,0,12,6,6
55973301,372,188,184,363,183,180,6,4,2,139,75,64,344,177,167,353,179,174,0,0,0,19,9,10
55974101,72,38,34,71,37,34,1,1,0,42,24,18,68,35,33,72,38,34,0,0,0,0,0,0
55975001,353,184,169,352,184,168,1,0,1,166,95,71,326,166,160,332,172,160,0,0,0,21,12,9
55975002,194,96,98,194,96,98,0,0,0,87,49,38,182,90,92,191,95,96,0,0,0,3,1,2
55975003,96,50,46,96,50,46,0,0,0,38,24,14,94,50,44,86,45,41,0,0,0,10,5,5
55976801,151,81,70,150,80,70,1,1,0,64,43,21,140,76,64,138,71,67,0,0,0,13,10,3
54092701,23,13,10,23,13,10,0,0,0,10,6,4,21,11,10,14,9,5,0,0,0,9,4,5
3301160,0,0,0,0,0,0,0,0,0,0,0,0,0,0,0,0,0,0,0,0,0,0,0,0
55977602,1053,550,503,1046,546,500,7,4,3,478,250,228,1010,522,488,985,510,475,17,15,2,51,25,26
55977603,244,117,127,242,117,125,2,0,2,77,38,39,224,110,114,227,108,119,0,0,0,17,9,8
53037901,107,55,52,106,54,52,0,0,0,39,26,13,105,54,51,106,54,52,0,0,0,1,1,0
53037902,24,10,14,24,10,14,0,0,0,11,5,6,21,8,13,0,0,0,0,0,0,24,10,14
3359080,0,0,0,0,0,0,0,0,0,0,0,0,0,0,0,0,0,0,0,0,0,0,0,0
55979201,748,389,359,744,387,357,4,2,2,292,169,123,697,362,335,714,369,345,0,0,0,34,20,14
55980601,140,65,75,137,63,74,3,2,1,55,23,32,128,60,68,137,64,73,0,0,0,3,1,2
55980602,66,33,33,66,33,33,0,0,0,33,18,15,62,32,30,64,32,32,0,0,0,2,1,1
55980603,44,22,22,44,22,22,0,0,0,19,10,9,42,22,20,42,21,21,0,0,0,2,1,1
55980604,46,22,24,46,22,24,0,0,0,10,3,7,44,22,22,42,21,21,0,0,0,4,1,3
55981401,1456,734,722,1408,697,711,41,33,8,586,305,281,1385,689,696,1373,681,692,8,5,3,75,48,27
3315890,0,0,0,0,0,0,0,0,0,0,0,0,0,0,0,0,0,0,0,0,0,0,0,0
3315970,0,0,0,0,0,0,0,0,0,0,0,0,0,0,0,0,0,0,0,0,0,0,0,0
55982201,767,367,400,764,365,399,2,1,1,411,204,207,751,360,391,760,362,398,0,0,0,7,5,2
55982202,1955,986,969,1911,962,949,39,21,18,831,435,396,1837,923,914,1879,930,949,18,15,3,58,41,17
54100101,31,15,16,31,15,16,0,0,0,10,5,5,26,13,13,31,15,16,0,0,0,0,0,0
55984901,27,14,13,27,14,13,0,0,0,5,1,4,26,13,13,0,0,0,0,0,0,27,14,13
55984902,190,96,94,189,95,94,1,1,0,83,41,42,183,91,92,186,94,92,0,0,0,4,2,2
55985701,713,363,350,710,363,347,3,0,3,377,212,165,690,350,340,693,351,342,3,2,1,17,10,7
54080301,53,25,28,53,25,28,0,0,0,27,15,12,50,25,25,46,22,24,0,0,0,7,3,4
54114101,71,38,33,71,38,33,0,0,0,28,19,9,62,35,27,60,34,26,0,0,0,11,4,7
57901701,70,36,34,69,35,34,1,1,0,28,18,10,69,35,34,70,36,34,0,0,0,0,0,0
57901702,21,9,12,21,9,12,0,0,0,5,4,1,20,9,11,21,9,12,0,0,0,0,0,0
56681101,66,36,30,66,36,30,0,0,0,30,17,13,64,36,28,65,35,30,0,0,0,1,1,0
54115001,746,383,363,739,376,363,7,7,0,285,151,134,704,361,343,725,370,355,0,0,0,21,13,8
54115002,112,56,56,112,56,56,0,0,0,41,20,21,100,49,51,110,56,54,0,0,0,2,0,2
55990301,69,35,34,69,35,34,0,0,0,17,6,11,64,32,32,69,35,34,0,0,0,0,0,0
55990302,543,280,263,540,279,261,3,1,2,205,110,95,505,261,244,532,273,259,0,0,0,11,7,4
55990303,47,25,22,46,24,22,1,1,0,22,14,8,46,25,21,37,19,18,0,0,0,10,6,4
55990304,49,25,24,49,25,24,0,0,0,22,10,12,45,23,22,48,25,23,0,0,0,1,0,1
53036101,56,27,29,56,27,29,0,0,0,26,14,12,51,24,27,55,27,28,0,0,0,1,0,1
55991101,473,233,240,473,233,240,0,0,0,198,107,91,453,220,233,451,221,230,0,0,0,22,12,10
55992002,113,63,50,110,61,49,2,1,1,34,24,10,106,58,48,112,63,49,0,0,0,1,0,1
55992003,34,22,12,33,21,12,1,1,0,11,9,2,31,20,11,25,15,10,0,0,0,9,7,2
57903301,239,119,120,237,117,120,2,2,0,64,37,27,209,104,105,215,106,109,0,0,0,24,13,11
56700101,320,161,159,315,158,157,4,2,2,151,82,69,302,150,152,301,153,148,0,0,0,19,8,11
55994602,60,33,27,60,33,27,0,0,0,29,18,11,51,29,22,55,29,26,0,0,0,5,4,1
55995401,256,124,132,253,122,131,3,2,1,35,16,19,232,119,113,125,62,63,119,54,65,12,8,4
55995402,31,16,15,30,15,15,1,1,0,11,8,3,27,14,13,27,14,13,0,0,0,4,2,2
55996201,163,83,80,163,83,80,0,0,0,66,37,29,146,76,70,156,79,77,0,0,0,7,4,3
55996202,29,14,15,29,14,15,0,0,0,12,5,7,27,13,14,26,13,13,0,0,0,3,1,2
55361101,538,277,261,535,276,259,2,1,1,234,123,111,509,263,246,517,263,254,9,5,4,12,9,3
57900901,261,133,128,259,131,128,2,2,0,89,49,40,247,126,121,252,127,125,0,0,0,9,6,3
57908401,72,35,37,72,35,37,0,0,0,33,18,15,70,35,35,63,31,32,0,0,0,9,4,5
3301240,0,0,0,0,0,0,0,0,0,0,0,0,0,0,0,0,0,0,0,0,0,0,0,0
55999701,1809,870,939,1787,856,931,20,13,7,699,378,321,1677,804,873,1444,745,699,310,94,216,55,31,24
55999702,510,252,258,506,248,258,3,3,0,175,97,78,464,227,237,460,218,242,45,31,14,5,3,2
55999703,45,27,18,45,27,18,0,0,0,16,10,6,42,25,17,45,27,18,0,0,0,0,0,0
55999704,69,32,37,69,32,37,0,0,0,29,15,14,60,27,33,69,32,37,0,0,0,0,0,0
56000601,239,121,118,238,121,117,1,0,1,89,51,38,221,113,108,235,118,117,0,0,0,4,3,1
56000602,41,16,25,41,16,25,0,0,0,14,7,7,38,15,23,36,14,22,0,0,0,5,2,3
56000603,37,20,17,37,20,17,0,0,0,16,10,6,30,17,13,34,18,16,0,0,0,3,2,1
56001401,120,64,56,119,63,56,1,1,0,34,16,18,113,60,53,89,45,44,0,0,0,31,19,12
56001402,1416,728,688,1398,718,680,15,8,7,696,371,325,1334,686,648,1374,701,673,5,4,1,37,23,14
56683701,120,55,65,120,55,65,0,0,0,29,10,19,111,52,59,114,52,62,0,0,0,6,3,3
56683702,51,30,21,49,29,20,1,1,0,19,12,7,47,28,19,43,26,17,0,0,0,8,4,4
54119201,174,84,90,172,83,89,2,1,1,91,44,47,162,77,85,172,83,89,0,0,0,2,1,1
56005701,1274,639,635,1257,630,627,17,9,8,596,322,274,1215,609,606,1245,621,624,17,8,9,12,10,2
56005702,69,34,35,68,33,35,0,0,0,25,14,11,63,31,32,69,34,35,0,0,0,0,0,0
56005703,84,38,46,82,37,45,2,1,1,44,18,26,82,38,44,83,37,46,0,0,0,1,1,0
56699301,47,21,26,47,21,26,0,0,0,21,6,15,44,19,25,46,20,26,0,0,0,1,1,0
56699302,30,14,16,30,14,16,0,0,0,14,6,8,29,13,16,7,3,4,0,0,0,23,11,12
56699303,33,15,18,33,15,18,0,0,0,11,3,8,33,15,18,18,9,9,0,0,0,15,6,9
56686101,120,62,58,116,61,55,4,1,3,40,24,16,117,61,56,113,58,55,0,0,0,7,4,3
56008101,256,123,133,255,122,133,1,1,0,113,64,49,240,116,124,253,121,132,0,0,0,3,2,1
57913101,407,207,200,403,205,198,4,2,2,204,121,83,396,201,195,398,201,197,0,0,0,9,6,3
56011101,209,109,100,209,109,100,0,0,0,94,53,41,195,101,94,193,98,95,0,0,0,16,11,5
56012001,1720,871,849,1697,860,837,19,8,11,826,463,363,1611,824,787,1686,855,831,18,3,15,16,13,3
56012002,28,14,14,28,14,14,0,0,0,14,8,6,28,14,14,28,14,14,0,0,0,0,0,0
56694201,243,123,120,243,123,120,0,0,0,81,43,38,233,119,114,242,122,120,0,0,0,1,1,0
1407670,0,0,0,0,0,0,0,0,0,0,0,0,0,0,0,0,0,0,0,0,0,0,0,0
1407752,0,0,0,0,0,0,0,0,0,0,0,0,0,0,0,0,0,0,0,0,0,0,0,0
1408300,0,0,0,0,0,0,0,0,0,0,0,0,0,0,0,0,0,0,0,0,0,0,0,0
3358190,0,0,0,0,0,0,0,0,0,0,0,0,0,0,0,0,0,0,0,0,0,0,0,0
55971701,48,30,18,48,30,18,0,0,0,20,15,5,46,28,18,20,11,9,0,0,0,28,19,9
55971702,1659,812,847,1613,784,829,41,25,16,881,450,431,1592,782,810,1656,810,846,0,0,0,3,2,1
55971703,119,58,61,119,58,61,0,0,0,56,28,28,114,56,58,33,17,16,2,1,1,84,40,44
55971704,476,230,246,470,227,243,6,3,3,282,143,139,464,226,238,476,230,246,0,0,0,0,0,0
55971705,22,11,11,22,11,11,0,0,0,11,7,4,13,6,7,22,11,11,0,0,0,0,0,0
55971706,989,477,512,965,461,504,20,14,6,531,254,277,931,444,487,976,464,512,13,13,0,0,0,0
55971708,46,24,22,43,23,20,3,1,2,23,14,9,44,24,20,46,24,22,0,0,0,0,0,0
55971709,447,220,227,438,215,223,7,5,2,280,144,136,429,211,218,434,209,225,13,11,2,0,0,0
55971710,381,191,190,358,176,182,17,9,8,188,94,94,351,172,179,355,169,186,26,22,4,0,0,0
55971712,220,109,111,194,96,98,25,12,13,107,54,53,208,100,108,201,99,102,19,10,9,0,0,0
55971713,87,39,48,86,38,48,1,1,0,45,21,24,79,35,44,86,39,47,0,0,0,1,0,1
55971714,2374,1145,1229,2216,1057,1159,129,72,57,1121,575,546,2270,1085,1185,2363,1139,1224,10,5,5,1,1,0
55971715,117,65,52,115,64,51,2,1,1,59,31,28,113,62,51,105,56,49,0,0,0,12,9,3
55971716,427,213,214,414,205,209,12,8,4,230,122,108,405,202,203,427,213,214,0,0,0,0,0,0
55971717,480,222,258,465,216,249,13,5,8,265,122,143,453,211,242,474,218,256,3,3,0,3,1,2
55971718,1070,509,561,1029,487,542,39,21,18,498,248,250,1023,488,535,1070,509,561,0,0,0,0,0,0
55971720,155,82,73,141,72,69,14,10,4,60,33,27,143,77,66,153,80,73,1,1,0,1,1,0
55971721,449,205,244,432,197,235,17,8,9,251,122,129,435,200,235,449,205,244,0,0,0,0,0,0
55971724,1161,574,587,1100,537,563,54,30,24,579,287,292,1092,536,556,1147,567,580,9,4,5,5,3,2
55971725,1041,496,545,995,469,526,38,23,15,455,228,227,1003,476,527,1001,471,530,40,25,15,0,0,0
55971726,425,236,189,333,168,165,76,59,17,222,126,96,381,204,177,322,161,161,103,75,28,0,0,0
55971727,1565,801,764,1449,715,734,106,81,25,712,372,340,1466,740,726,1195,539,656,46,44,2,324,218,106
56014601,23,14,9,23,14,9,0,0,0,8,6,2,21,14,7,23,14,9,0,0,0,0,0,0
56014602,51,27,24,50,26,24,1,1,0,11,5,6,36,19,17,47,25,22,0,0,0,4,2,2
54648801,149,75,74,149,75,74,0,0,0,44,23,21,137,68,69,137,69,68,0,0,0,12,6,6
56684501,200,109,91,198,107,91,2,2,0,72,42,30,188,104,84,195,106,89,0,0,0,5,3,2
50666401,254,131,123,253,130,123,1,1,0,106,60,46,234,123,111,241,122,119,0,0,0,13,9,4
54072201,343,163,180,342,162,180,1,1,0,117,59,58,322,151,171,314,146,168,0,0,0,29,17,12
3301080,0,0,0,0,0,0,0,0,0,0,0,0,0,0,0,0,0,0,0,0,0,0,0,0
56016201,2440,1202,1238,2377,1165,1212,46,25,21,1087,584,503,2242,1105,1137,2320,1132,1188,31,16,15,89,54,35
54117601,453,229,224,448,226,222,4,2,2,168,80,88,437,224,213,431,219,212,0,0,0,22,10,12
3301320,0,0,0,0,0,0,0,0,0,0,0,0,0,0,0,0,0,0,0,0,0,0,0,0
57934301,44,25,19,44,25,19,0,0,0,21,15,6,44,25,19,40,24,16,0,0,0,4,1,3
3300940,0,0,0,0,0,0,0,0,0,0,0,0,0,0,0,0,0,0,0,0,0,0,0,0
56018901,34,17,17,34,17,17,0,0,0,17,10,7,33,17,16,34,17,17,0,0,0,0,0,0
56018902,261,124,137,261,124,137,0,0,0,117,61,56,236,115,121,230,114,116,29,9,20,2,1,1
56680201,35,18,17,35,18,17,0,0,0,8,3,5,33,17,16,33,17,16,0,0,0,2,1,1
56680202,164,79,85,163,78,85,1,1,0,49,18,31,151,70,81,153,69,84,6,6,0,5,4,1
54652601,329,164,165,329,164,165,0,0,0,133,64,69,312,155,157,324,162,162,0,0,0,5,2,3
3301590,0,0,0,0,0,0,0,0,0,0,0,0,0,0,0,0,0,0,0,0,0,0,0,0
57924601,100,46,54,100,46,54,0,0,0,42,25,17,93,44,49,96,45,51,0,0,0,4,1,3
54653401,234,111,123,234,111,123,0,0,0,96,49,47,212,103,109,223,105,118,0,0,0,11,6,5
54655101,201,103,98,200,103,97,1,0,1,82,42,40,191,96,95,197,101,96,0,0,0,4,2,2
54655102,36,22,14,35,22,13,1,0,1,12,9,3,35,22,13,36,22,14,0,0,0,0,0,0
56022701,73,35,38,73,35,38,0,0,0,27,13,14,72,34,38,70,32,38,0,0,0,3,3,0
56022702,169,82,87,167,81,86,1,1,0,57,27,30,164,80,84,167,81,86,0,0,0,2,1,1
56023501,288,160,128,287,159,128,1,1,0,110,72,38,267,143,124,283,157,126,0,0,0,5,3,2
57928901,66,28,38,66,28,38,0,0,0,20,7,13,56,26,30,64,28,36,0,0,0,2,0,2
56025101,1253,638,615,1217,604,613,36,34,2,585,304,281,1177,592,585,1222,617,605,0,0,0,31,21,10
56679901,283,144,139,283,144,139,0,0,0,115,61,54,264,136,128,258,131,127,0,0,0,25,13,12
56026002,32,18,14,32,18,14,0,0,0,16,9,7,30,17,13,32,18,14,0,0,0,0,0,0
56026003,29,15,14,29,15,14,0,0,0,9,5,4,27,14,13,29,15,14,0,0,0,0,0,0
56026004,43,22,21,43,22,21,0,0,0,15,7,8,41,20,21,38,19,19,0,0,0,5,3,2
56026005,1979,988,991,1951,968,983,27,19,8,889,475,414,1882,939,943,1940,956,984,16,15,1,23,17,6
56026006,159,77,82,159,77,82,0,0,0,66,32,34,145,70,75,156,76,80,0,0,0,3,1,2
56026007,149,72,77,145,70,75,4,2,2,55,30,25,135,66,69,145,69,76,0,0,0,4,3,1
56026008,29,16,13,29,16,13,0,0,0,8,5,3,29,16,13,16,9,7,0,0,0,13,7,6
54106101,184,59,125,184,59,125,0,0,0,59,28,31,180,57,123,111,53,58,63,3,60,10,3,7
54106102,20,9,11,18,8,10,2,1,1,5,1,4,18,8,10,14,7,7,0,0,0,6,2,4
56072301,142,67,75,138,63,75,3,3,0,45,18,27,122,56,66,137,64,73,0,0,0,5,3,2
56072302,60,32,28,60,32,28,0,0,0,20,9,11,58,30,28,43,21,22,0,0,0,17,11,6
0037270,0,0,0,0,0,0,0,0,0,0,0,0,0,0,0,0,0,0,0,0,0,0,0,0
56074001,770,377,393,759,373,386,11,4,7,346,173,173,738,362,376,765,374,391,0,0,0,5,3,2
56074003,51,28,23,51,28,23,0,0,0,12,9,3,44,25,19,45,25,20,0,0,0,6,3,3
56074006,49,27,22,47,25,22,2,2,0,16,9,7,49,27,22,44,24,20,0,0,0,5,3,2
1159672,0,0,0,0,0,0,0,0,0,0,0,0,0,0,0,0,0,0,0,0,0,0,0,0
56075801,50,26,24,50,26,24,0,0,0,30,21,9,48,25,23,50,26,24,0,0,0,0,0,0
56075802,2572,1262,1310,2439,1185,1254,118,66,52,1186,598,588,2444,1193,1251,2487,1207,1280,33,15,18,52,40,12
56075803,86,48,38,75,39,36,11,9,2,39,21,18,74,40,34,83,46,37,0,0,0,3,2,1
56075804,67,36,31,65,36,29,2,0,2,50,28,22,66,35,31,67,36,31,0,0,0,0,0,0
56075805,69,37,32,69,37,32,0,0,0,29,18,11,66,35,31,66,35,31,0,0,0,3,2,1
56075806,36,17,19,36,17,19,0,0,0,11,5,6,35,16,19,36,17,19,0,0,0,0,0,0
56075807,38,20,18,36,19,17,1,1,0,17,13,4,37,20,17,38,20,18,0,0,0,0,0,0
56075809,39,20,19,39,20,19,0,0,0,21,13,8,38,20,18,38,20,18,0,0,0,1,0,1
56075810,89,46,43,89,46,43,0,0,0,45,25,20,84,43,41,79,40,39,0,0,0,10,6,4
56075812,187,93,94,184,92,92,3,1,2,84,47,37,159,81,78,178,89,89,0,0,0,9,4,5
56075814,151,73,78,150,72,78,1,1,0,85,41,44,145,71,74,147,70,77,0,0,0,4,3,1
56075815,104,46,58,102,45,57,2,1,1,17,9,8,90,40,50,49,19,30,53,26,27,2,1,1
56075816,45,22,23,44,21,23,1,1,0,18,7,11,44,21,23,41,19,22,0,0,0,4,3,1
56075818,37,19,18,35,18,17,2,1,1,10,5,5,35,17,18,26,13,13,0,0,0,11,6,5
56075819,37,21,16,37,21,16,0,0,0,14,9,5,34,19,15,28,15,13,7,5,2,2,1,1
56075820,204,138,66,11,7,4,169,110,59,15,10,5,116,72,44,16,11,5,188,127,61,0,0,0
56075821,167,81,86,160,78,82,7,3,4,70,35,35,162,78,84,167,81,86,0,0,0,0,0,0
56075822,32,19,13,24,13,11,8,6,2,13,7,6,30,18,12,20,12,8,8,6,2,4,1,3
56075823,291,161,130,267,142,125,23,18,5,114,65,49,267,145,122,275,146,129,8,8,0,8,7,1
54160501,225,117,108,224,116,108,0,0,0,120,65,55,214,110,104,223,115,108,0,0,0,2,2,0
54140101,149,76,73,149,76,73,0,0,0,47,23,24,142,71,71,138,69,69,0,0,0,11,7,4
56078202,227,117,110,220,114,106,5,2,3,82,41,41,214,109,105,208,106,102,0,0,0,19,11,8
57945902,294,145,149,293,145,148,1,0,1,146,73,73,284,141,143,287,142,145,0,0,0,7,3,4
56080401,215,115,100,213,113,100,2,2,0,89,52,37,201,107,94,212,112,100,0,0,0,3,3,0
56080402,57,31,26,56,31,25,1,0,1,27,14,13,54,30,24,57,31,26,0,0,0,0,0,0
56080403,59,30,29,59,30,29,0,0,0,21,9,12,56,30,26,59,30,29,0,0,0,0,0,0
0204350,0,0,0,0,0,0,0,0,0,0,0,0,0,0,0,0,0,0,0,0,0,0,0,0
56081201,897,452,445,886,445,441,11,7,4,394,211,183,852,425,427,876,441,435,11,4,7,10,7,3
56081202,45,20,25,45,20,25,0,0,0,19,9,10,41,19,22,44,20,24,0,0,0,1,0,1
56081205,34,16,18,34,16,18,0,0,0,11,5,6,29,15,14,33,15,18,0,0,0,1,1,0
56081206,23,11,12,20,9,11,3,2,1,5,1,4,19,9,10,19,9,10,0,0,0,4,2,2
56081207,41,20,21,41,20,21,0,0,0,9,4,5,37,17,20,21,11,10,0,0,0,20,9,11
56081209,91,49,42,90,48,42,1,1,0,44,24,20,90,48,42,83,45,38,0,0,0,8,4,4
56083901,385,199,186,378,193,185,6,5,1,144,78,66,361,186,175,380,194,186,0,0,0,5,5,0
56085501,33,20,13,32,19,13,1,1,0,1,1,0,30,18,12,11,5,6,0,0,0,22,15,7
56085503,250,137,113,250,137,113,0,0,0,118,70,48,236,129,107,240,130,110,0,0,0,10,7,3
56085505,51,27,24,51,27,24,0,0,0,19,13,6,47,24,23,32,17,15,0,0,0,19,10,9
1983910,0,0,0,0,0,0,0,0,0,0,0,0,0,0,0,0,0,0,0,0,0,0,0,0
56086301,61,31,30,57,29,28,4,2,2,19,12,7,59,30,29,53,26,27,0,0,0,8,5,3
56086302,734,373,361,714,364,350,17,7,10,304,167,137,691,351,340,720,363,357,1,0,1,13,10,3
56086303,30,16,14,29,15,14,1,1,0,7,4,3,29,15,14,27,13,14,0,0,0,3,3,0
56086304,107,56,51,106,55,51,1,1,0,35,20,15,102,54,48,107,56,51,0,0,0,0,0,0
54129001,76,41,35,75,41,34,1,0,1,18,15,3,75,41,34,74,39,35,0,0,0,2,2,0
54129002,27,14,13,27,14,13,0,0,0,8,4,4,25,13,12,23,12,11,0,0,0,4,2,2
54129004,92,48,44,88,46,42,4,2,2,40,22,18,90,47,43,86,44,42,0,0,0,6,4,2
54129005,51,26,25,51,26,25,0,0,0,26,15,11,49,25,24,49,26,23,0,0,0,2,0,2
56089801,328,174,154,310,164,146,14,8,6,136,74,62,284,155,129,314,165,149,2,1,1,12,8,4
56089803,96,54,42,89,52,37,7,2,5,37,27,10,91,52,39,92,52,40,0,0,0,4,2,2
0940210,0,0,0,0,0,0,0,0,0,0,0,0,0,0,0,0,0,0,0,0,0,0,0,0
56090101,55,33,22,55,33,22,0,0,0,27,17,10,51,31,20,49,30,19,0,0,0,6,3,3
56090103,1546,794,752,1506,770,736,34,21,13,703,389,314,1428,736,692,1494,759,735,3,2,1,49,33,16
56090105,44,24,20,44,24,20,0,0,0,19,12,7,44,24,20,40,22,18,0,0,0,4,2,2
56090107,79,48,31,79,48,31,0,0,0,36,21,15,76,45,31,74,45,29,0,0,0,5,3,2
56090109,81,43,38,80,42,38,1,1,0,27,16,11,76,40,36,67,37,30,0,0,0,14,6,8
56091001,57,25,32,54,23,31,3,2,1,19,7,12,55,24,31,55,24,31,0,0,0,2,1,1
56091002,38,20,18,38,20,18,0,0,0,13,5,8,38,20,18,36,19,17,0,0,0,2,1,1
56091003,69,36,33,69,36,33,0,0,0,34,20,14,68,35,33,69,36,33,0,0,0,0,0,0
56091004,383,196,187,373,191,182,10,5,5,192,103,89,350,179,171,367,186,181,0,0,0,16,10,6
56091005,36,16,20,34,15,19,1,1,0,9,4,5,34,15,19,30,14,16,0,0,0,6,2,4
56091006,36,17,19,33,16,17,3,1,2,7,4,3,33,15,18,34,16,18,0,0,0,2,1,1
56091007,144,70,74,144,70,74,0,0,0,65,34,31,141,68,73,143,70,73,0,0,0,1,0,1
56092801,67,39,28,67,39,28,0,0,0,30,21,9,60,34,26,59,34,25,0,0,0,8,5,3
56092802,30,17,13,30,17,13,0,0,0,13,8,5,27,15,12,27,16,11,0,0,0,3,1,2
56092803,1279,653,626,1256,643,613,17,5,12,615,342,273,1222,628,594,1225,626,599,34,10,24,20,17,3
56092804,48,26,22,48,26,22,0,0,0,25,16,9,48,26,22,48,26,22,0,0,0,0,0,0
56092805,45,26,19,45,26,19,0,0,0,20,15,5,45,26,19,45,26,19,0,0,0,0,0,0
56092806,41,20,21,41,20,21,0,0,0,24,11,13,39,19,20,41,20,21,0,0,0,0,0,0
56092807,47,20,27,45,20,25,2,0,2,14,4,10,44,19,25,39,18,21,0,0,0,8,2,6
54155901,38,18,20,37,17,20,0,0,0,6,2,4,38,18,20,36,18,18,0,0,0,2,0,2
54155902,185,94,91,173,85,88,8,6,2,79,37,42,168,85,83,185,94,91,0,0,0,0,0,0
0679462,0,0,0,0,0,0,0,0,0,0,0,0,0,0,0,0,0,0,0,0,0,0,0,0
54149402,213,111,102,210,110,100,3,1,2,77,45,32,194,103,91,207,107,100,0,0,0,6,4,2
54149403,36,18,18,36,18,18,0,0,0,11,7,4,35,18,17,31,15,16,0,0,0,5,3,2
3199020,0,0,0,0,0,0,0,0,0,0,0,0,0,0,0,0,0,0,0,0,0,0,0,0
56095201,35,19,16,35,19,16,0,0,0,22,13,9,31,16,15,35,19,16,0,0,0,0,0,0
56095203,22,9,13,21,9,12,1,0,1,5,4,1,21,9,12,20,9,11,0,0,0,2,0,2
56095204,602,297,305,597,295,302,5,2,3,217,125,92,574,285,289,577,287,290,21,6,15,4,4,0
56095205,39,15,24,39,15,24,0,0,0,16,5,11,35,14,21,39,15,24,0,0,0,0,0,0
56095206,158,82,76,157,81,76,1,1,0,75,38,37,148,77,71,151,78,73,0,0,0,7,4,3
56095207,39,19,20,39,19,20,0,0,0,15,5,10,38,19,19,34,17,17,0,0,0,5,2,3
50391601,337,174,163,331,171,160,4,3,1,142,75,67,325,166,159,322,165,157,0,0,0,15,9,6
50391603,101,51,50,101,51,50,0,0,0,50,29,21,94,49,45,93,47,46,0,0,0,8,4,4
50391605,139,68,71,136,66,70,3,2,1,51,28,23,129,62,67,139,68,71,0,0,0,0,0,0
50391607,28,17,11,27,17,10,1,0,1,11,7,4,24,15,9,24,15,9,0,0,0,4,2,2
56097901,24,17,7,24,17,7,0,0,0,6,6,0,20,14,6,20,14,6,0,0,0,4,3,1
56097902,196,94,102,193,91,102,3,3,0,90,47,43,176,85,91,191,94,97,0,0,0,5,0,5
0800470,0,0,0,0,0,0,0,0,0,0,0,0,0,0,0,0,0,0,0,0,0,0,0,0
0800551,0,0,0,0,0,0,0,0,0,0,0,0,0,0,0,0,0,0,0,0,0,0,0,0
0800552,0,0,0,0,0,0,0,0,0,0,0,0,0,0,0,0,0,0,0,0,0,0,0,0
0801010,0,0,0,0,0,0,0,0,0,0,0,0,0,0,0,0,0,0,0,0,0,0,0,0
0801100,0,0,0,0,0,0,0,0,0,0,0,0,0,0,0,0,0,0,0,0,0,0,0,0
56100201,404,201,203,399,198,201,5,3,2,210,115,95,392,192,200,379,182,197,0,0,0,25,19,6
56100202,52,29,23,52,29,23,0,0,0,12,4,8,42,22,20,39,19,20,0,0,0,13,10,3
56101101,37,18,19,34,16,18,2,2,0,7,4,3,32,15,17,29,16,13,0,0,0,8,2,6
56101102,22,12,10,22,12,10,0,0,0,4,4,0,16,9,7,12,5,7,0,0,0,10,7,3
56101104,262,130,132,253,126,127,8,3,5,100,50,50,241,120,121,248,122,126,0,0,0,14,8,6
56101105,22,9,13,22,9,13,0,0,0,3,3,0,19,8,11,22,9,13,0,0,0,0,0,0
56101107,44,21,23,44,21,23,0,0,0,16,8,8,38,18,20,34,16,18,0,0,0,10,5,5
54170201,477,232,245,477,232,245,0,0,0,229,108,121,454,219,235,473,230,243,0,0,0,4,2,2
0883150,0,0,0,0,0,0,0,0,0,0,0,0,0,0,0,0,0,0,0,0,0,0,0,0
54153201,206,120,86,200,116,84,5,3,2,56,31,25,199,115,84,144,79,65,47,30,17,15,11,4
54153202,44,20,24,44,20,24,0,0,0,9,5,4,41,18,23,42,19,23,0,0,0,2,1,1
0883580,0,0,0,0,0,0,0,0,0,0,0,0,0,0,0,0,0,0,0,0,0,0,0,0
54144301,158,81,77,158,81,77,0,0,0,63,33,30,145,77,68,157,80,77,0,0,0,1,1,0
56688801,27,16,11,27,16,11,0,0,0,3,2,1,22,13,9,20,12,8,0,0,0,7,4,3
56688802,48,24,24,46,23,23,0,0,0,14,10,4,42,20,22,44,21,23,0,0,0,4,3,1
1164081,0,0,0,0,0,0,0,0,0,0,0,0,0,0,0,0,0,0,0,0,0,0,0,0
54168103,145,76,69,137,72,65,6,2,4,56,30,26,135,71,64,127,66,61,0,0,0,18,10,8
1185320,0,0,0,0,0,0,0,0,0,0,0,0,0,0,0,0,0,0,0,0,0,0,0,0
3361310,0,0,0,0,0,0,0,0,0,0,0,0,0,0,0,0,0,0,0,0,0,0,0,0
3361570,0,0,0,0,0,0,0,0,0,0,0,0,0,0,0,0,0,0,0,0,0,0,0,0
3361650,0,0,0,0,0,0,0,0,0,0,0,0,0,0,0,0,0,0,0,0,0,0,0,0
56113401,33,17,16,33,17,16,0,0,0,7,5,2,31,17,14,29,15,14,0,0,0,4,2,2
56113402,35,20,15,35,20,15,0,0,0,8,5,3,35,20,15,28,17,11,0,0,0,7,3,4
56113403,33,13,20,33,13,20,0,0,0,12,8,4,32,13,19,31,12,19,0,0,0,2,1,1
56113404,40,23,17,40,23,17,0,0,0,20,14,6,36,21,15,34,20,14,0,0,0,6,3,3
56113405,64,30,34,64,30,34,0,0,0,36,17,19,58,27,31,64,30,34,0,0,0,0,0,0
56113407,4785,2337,2448,4706,2294,2412,58,33,25,2271,1186,1085,4489,2192,2297,4608,2223,2385,84,43,41,93,71,22
56113408,84,42,42,80,38,42,4,4,0,37,18,19,77,38,39,81,39,42,3,3,0,0,0,0
56113409,49,28,21,49,28,21,0,0,0,19,11,8,41,24,17,47,27,20,0,0,0,2,1,1
56113410,24,11,13,23,10,13,1,1,0,7,2,5,12,5,7,14,5,9,0,0,0,10,6,4
56113411,26,12,14,22,11,11,3,1,2,4,0,4,23,11,12,13,6,7,0,0,0,13,6,7
56113412,70,35,35,70,35,35,0,0,0,33,14,19,64,32,32,63,31,32,0,0,0,7,4,3
56113414,22,12,10,22,12,10,0,0,0,13,10,3,21,12,9,22,12,10,0,0,0,0,0,0
56113415,27,15,12,27,15,12,0,0,0,15,8,7,27,15,12,27,15,12,0,0,0,0,0,0
54148601,105,59,46,97,54,43,8,5,3,36,18,18,97,54,43,103,57,46,0,0,0,2,2,0
54148602,49,28,21,46,26,20,3,2,1,15,10,5,42,23,19,39,22,17,0,0,0,10,6,4
56115102,816,416,400,762,386,376,43,23,20,303,165,138,753,378,375,793,399,394,6,5,1,17,12,5
56115103,36,21,15,35,21,14,1,0,1,15,9,6,34,19,15,25,15,10,0,0,0,11,6,5
56115104,102,58,44,101,58,43,1,0,1,37,22,15,85,51,34,102,58,44,0,0,0,0,0,0
56115105,32,15,17,30,14,16,1,0,1,10,4,6,29,13,16,20,7,13,6,4,2,6,4,2
56115106,115,65,50,115,65,50,0,0,0,41,22,19,113,63,50,115,65,50,0,0,0,0,0,0
56115107,53,28,25,53,28,25,0,0,0,27,17,10,52,27,25,53,28,25,0,0,0,0,0,0
56115108,32,15,17,32,15,17,0,0,0,7,3,4,29,13,16,32,15,17,0,0,0,0,0,0
56115109,218,111,107,202,101,101,16,10,6,88,40,48,208,105,103,218,111,107,0,0,0,0,0,0
1426540,0,0,0,0,0,0,0,0,0,0,0,0,0,0,0,0,0,0,0,0,0,0,0,0
56116902,53,22,31,53,22,31,0,0,0,15,7,8,46,20,26,32,13,19,0,0,0,21,9,12
56116903,52,24,28,49,22,27,3,2,1,11,3,8,48,22,26,44,19,25,0,0,0,8,5,3
56116907,625,301,324,555,278,277,65,21,44,262,130,132,592,286,306,591,288,303,25,8,17,9,5,4
57946702,61,30,31,60,30,30,1,0,1,13,6,7,58,29,29,47,22,25,0,0,0,14,8,6
57946703,56,26,30,56,26,30,0,0,0,26,10,16,52,25,27,55,25,30,0,0,0,1,1,0
0788410,0,0,0,0,0,0,0,0,0,0,0,0,0,0,0,0,0,0,0,0,0,0,0,0
56118501,98,59,39,95,57,38,3,2,1,31,23,8,82,50,32,80,48,32,0,0,0,18,11,7
56118502,42,24,18,40,22,18,1,1,0,12,7,5,36,20,16,39,21,18,0,0,0,3,3,0
56118503,129,66,63,125,62,63,4,4,0,45,25,20,123,64,59,128,66,62,0,0,0,1,0,1
56118504,745,377,368,713,359,354,25,13,12,286,154,132,689,346,343,729,367,362,0,0,0,16,10,6
56118505,176,93,83,169,88,81,3,3,0,80,44,36,159,83,76,176,93,83,0,0,0,0,0,0
56119301,62,35,27,59,34,25,3,1,2,16,8,8,60,35,25,56,32,24,0,0,0,6,3,3
56119302,62,26,36,59,25,34,3,1,2,25,12,13,55,23,32,62,26,36,0,0,0,0,0,0
56119303,126,66,60,106,51,55,16,13,3,60,27,33,117,61,56,104,50,54,14,10,4,8,6,2
3361810,0,0,0,0,0,0,0,0,0,0,0,0,0,0,0,0,0,0,0,0,0,0,0,0
56120701,90,48,42,89,48,41,1,0,1,39,26,13,89,47,42,86,45,41,1,1,0,3,2,1
56120702,42,24,18,42,24,18,0,0,0,23,16,7,41,24,17,27,16,11,0,0,0,15,8,7
56120704,37,21,16,37,21,16,0,0,0,9,6,3,30,17,13,34,19,15,0,0,0,3,2,1
56120705,57,30,27,57,30,27,0,0,0,27,14,13,56,30,26,55,29,26,0,0,0,2,1,1
56120706,41,20,21,41,20,21,0,0,0,20,9,11,41,20,21,39,19,20,1,1,0,1,0,1
56120707,29,14,15,29,14,15,0,0,0,5,2,3,27,13,14,29,14,15,0,0,0,0,0,0
56120708,42,20,22,42,20,22,0,0,0,16,8,8,39,17,22,42,20,22,0,0,0,0,0,0
56120709,49,22,27,49,22,27,0,0,0,20,9,11,45,19,26,38,16,22,0,0,0,11,6,5
56120710,791,402,389,784,399,385,5,2,3,325,175,150,720,366,354,771,389,382,7,4,3,13,9,4
56120711,25,14,11,24,13,11,1,1,0,10,6,4,22,12,10,18,11,7,0,0,0,7,3,4
3024810,0,0,0,0,0,0,0,0,0,0,0,0,0,0,0,0,0,0,0,0,0,0,0,0
56121501,80,41,39,79,41,38,1,0,1,38,18,20,73,38,35,74,38,36,0,0,0,6,3,3
56121502,89,47,42,89,47,42,0,0,0,45,25,20,88,47,41,84,45,39,0,0,0,5,2,3
56121503,30,17,13,30,17,13,0,0,0,17,12,5,30,17,13,29,17,12,0,0,0,1,0,1
56121504,37,22,15,37,22,15,0,0,0,23,15,8,37,22,15,21,12,9,0,0,0,16,10,6
56121505,136,72,64,136,72,64,0,0,0,75,39,36,131,71,60,135,71,64,0,0,0,1,1,0
56121508,1331,612,719,1289,592,697,34,17,17,617,313,304,1267,581,686,1316,610,706,15,2,13,0,0,0
56121510,735,368,367,706,351,355,26,15,11,403,206,197,705,351,354,716,356,360,14,9,5,5,3,2
56121511,1381,703,678,1327,676,651,42,22,20,702,373,329,1312,666,646,1378,700,678,3,3,0,0,0,0
56121512,1120,593,527,1019,533,486,77,47,30,492,264,228,1038,543,495,1022,517,505,9,5,4,89,71,18
56121514,641,324,317,625,317,308,13,5,8,325,179,146,605,306,299,614,309,305,3,2,1,24,13,11
56121515,1006,490,516,981,474,507,24,15,9,507,256,251,966,469,497,987,478,509,18,11,7,1,1,0
56121518,933,438,495,910,424,486,20,13,7,395,198,197,897,418,479,877,422,455,56,16,40,0,0,0
56122301,504,263,241,498,258,240,5,4,1,178,98,80,468,243,225,496,257,239,0,0,0,8,6,2
56123101,214,109,105,213,109,104,1,0,1,90,46,44,208,106,102,206,104,102,0,0,0,8,5,3
56125803,56,29,27,53,27,26,3,2,1,19,8,11,53,28,25,54,28,26,0,0,0,2,1,1
56125804,382,184,198,380,183,197,2,1,1,147,72,75,355,168,187,350,166,184,0,0,0,32,18,14
55708101,254,124,130,238,109,129,16,15,1,101,50,51,230,108,122,246,117,129,4,4,0,4,3,1
56071501,73,39,34,73,39,34,0,0,0,51,28,23,72,38,34,73,39,34,0,0,0,0,0,0
56071502,48,25,23,48,25,23,0,0,0,17,9,8,40,20,20,46,24,22,0,0,0,2,1,1
56071504,161,86,75,157,84,73,3,2,1,89,48,41,156,83,73,161,86,75,0,0,0,0,0,0
56071506,76,44,32,64,34,30,3,3,0,44,23,21,74,42,32,72,41,31,4,3,1,0,0,0
56071507,171,91,80,169,89,80,2,2,0,109,60,49,166,87,79,167,89,78,0,0,0,4,2,2
56071509,58,27,31,54,23,31,4,4,0,30,13,17,55,24,31,56,25,31,1,1,0,1,1,0
56071510,35,22,13,35,22,13,0,0,0,17,13,4,35,22,13,33,21,12,0,0,0,2,1,1
56071511,2789,1284,1505,2494,1120,1374,250,137,113,1131,543,588,2634,1215,1419,2642,1237,1405,144,46,98,3,1,2
56071512,690,349,341,674,341,333,14,7,7,386,213,173,666,337,329,690,349,341,0,0,0,0,0,0
56071513,1136,564,572,1062,520,542,59,35,24,626,333,293,1082,541,541,1119,553,566,16,10,6,1,1,0
56071514,996,559,437,873,485,388,101,63,38,403,218,185,893,499,394,618,313,305,154,79,75,224,167,57
56071517,1376,665,711,1284,612,672,76,44,32,612,316,296,1306,629,677,1374,664,710,2,1,1,0,0,0
56071519,2664,1250,1414,2500,1154,1346,136,81,55,1238,604,634,2523,1182,1341,2652,1243,1409,10,6,4,2,1,1
56071520,882,450,432,848,433,415,28,14,14,486,256,230,839,424,415,834,422,412,35,20,15,13,8,5
56071521,264,122,142,240,105,135,20,14,6,117,54,63,245,111,134,246,109,137,13,11,2,5,2,3
56071522,449,222,227,443,219,224,5,2,3,223,110,113,439,215,224,435,216,219,14,6,8,0,0,0
56071523,380,200,180,306,160,146,65,36,29,149,81,68,335,177,158,375,196,179,2,1,1,3,3,0
56071524,262,123,139,241,113,128,21,10,11,123,62,61,210,101,109,259,121,138,2,1,1,1,1,0
54162101,44,22,22,39,20,19,5,2,3,10,5,5,41,21,20,37,18,19,0,0,0,7,4,3
54162102,62,32,30,61,31,30,1,1,0,36,18,18,60,32,28,59,31,28,0,0,0,3,1,2
54162103,242,125,117,234,120,114,6,3,3,94,52,42,226,117,109,232,118,114,0,0,0,10,7,3
54162104,71,36,35,71,36,35,0,0,0,29,14,15,69,34,35,71,36,35,0,0,0,0,0,0
54162105,22,13,9,20,12,8,2,1,1,8,6,2,20,12,8,17,10,7,0,0,0,5,3,2
56129101,38,17,21,38,17,21,0,0,0,13,7,6,35,15,20,35,16,19,0,0,0,3,1,2
56129102,194,102,92,186,97,89,8,5,3,65,32,33,182,97,85,186,96,90,0,0,0,8,6,2
56130401,42,27,15,42,27,15,0,0,0,10,8,2,41,27,14,41,26,15,1,1,0,0,0,0
56130402,80,46,34,79,45,34,1,1,0,31,17,14,79,45,34,77,44,33,0,0,0,3,2,1
56130403,28,13,15,27,12,15,1,1,0,12,2,10,28,13,15,25,11,14,0,0,0,3,2,1
56130404,38,20,18,37,20,17,1,0,1,14,9,5,35,19,16,26,12,14,0,0,0,12,8,4
56130405,167,85,82,162,82,80,5,3,2,68,39,29,157,79,78,167,85,82,0,0,0,0,0,0
54143501,138,70,68,138,70,68,0,0,0,66,31,35,133,66,67,135,68,67,0,0,0,3,2,1
57949101,69,36,33,64,34,30,4,1,3,26,18,8,61,31,30,63,35,28,0,0,0,6,1,5
57949102,122,62,60,120,62,58,2,0,2,42,21,21,113,55,58,102,53,49,0,0,0,20,9,11
54136201,48,28,20,48,28,20,0,0,0,26,20,6,46,26,20,47,28,19,0,0,0,1,0,1
54136202,173,86,87,172,85,87,1,1,0,65,35,30,156,77,79,167,80,87,0,0,0,6,6,0
54166401,398,198,200,390,192,198,7,5,2,168,83,85,351,176,175,384,186,198,6,6,0,8,6,2
54146001,141,70,71,138,68,70,1,1,0,34,16,18,129,65,64,128,60,68,0,0,0,13,10,3
0004850,0,0,0,0,0,0,0,0,0,0,0,0,0,0,0,0,0,0,0,0,0,0,0,0
55449901,83,43,40,82,42,40,0,0,0,50,29,21,81,42,39,78,39,39,2,2,0,3,2,1
55449902,123,64,59,122,63,59,0,0,0,62,33,29,122,64,58,121,62,59,0,0,0,2,2,0
55449903,527,284,243,521,283,238,6,1,5,320,189,131,509,275,234,522,281,241,1,0,1,4,3,1
55449904,27,16,11,27,16,11,0,0,0,4,2,2,26,16,10,25,15,10,0,0,0,2,1,1
55449905,32,14,18,32,14,18,0,0,0,19,8,11,32,14,18,29,12,17,0,0,0,3,2,1
55449906,58,27,31,58,27,31,0,0,0,39,20,19,58,27,31,34,18,16,0,0,0,24,9,15
55449907,71,35,36,71,35,36,0,0,0,34,18,16,71,35,36,71,35,36,0,0,0,0,0,0
55449908,155,83,72,155,83,72,0,0,0,76,47,29,151,80,71,135,72,63,0,0,0,20,11,9
55449909,2766,1371,1395,2687,1328,1359,76,42,34,1611,825,786,2631,1305,1326,2726,1352,1374,38,18,20,2,1,1
55449911,4298,2066,2232,4164,1998,2166,119,61,58,2288,1148,1140,4067,1964,2103,3952,1845,2107,76,26,50,270,195,75
55449912,599,292,307,572,275,297,23,14,9,316,160,156,557,271,286,597,291,306,1,0,1,1,1,0
55449913,261,127,134,257,126,131,3,1,2,139,75,64,237,112,125,257,125,132,0,0,0,4,2,2
55449914,1106,548,558,1085,535,550,20,13,7,599,309,290,1052,523,529,1066,530,536,38,16,22,2,2,0
55449915,1121,560,561,1051,517,534,66,41,25,614,315,299,1045,516,529,1110,555,555,1,0,1,10,5,5
55449916,637,320,317,625,313,312,9,6,3,400,211,189,609,307,302,630,317,313,6,2,4,1,1,0
55449917,36,18,18,36,18,18,0,0,0,19,10,9,35,18,17,33,16,17,0,0,0,3,2,1
55449918,357,181,176,337,169,168,19,12,7,201,102,99,332,170,162,357,181,176,0,0,0,0,0,0
0304222,0,0,0,0,0,0,0,0,0,0,0,0,0,0,0,0,0,0,0,0,0,0,0,0
55450201,802,410,392,797,409,388,5,1,4,358,195,163,763,391,372,790,402,388,1,1,0,11,7,4
55450203,87,42,45,86,41,45,1,1,0,34,15,19,82,38,44,86,42,44,0,0,0,1,0,1
55450204,61,33,28,61,33,28,0,0,0,25,13,12,59,31,28,53,29,24,5,2,3,3,2,1
55450205,40,22,18,39,22,17,1,0,1,14,8,6,40,22,18,29,16,13,0,0,0,11,6,5
55450206,76,37,39,75,36,39,1,1,0,25,13,12,72,34,38,62,31,31,0,0,0,14,6,8
55450207,66,28,38,65,28,37,1,0,1,33,17,16,60,27,33,61,26,35,0,0,0,5,2,3
55451101,987,496,491,975,489,486,10,5,5,348,186,162,929,472,457,979,488,491,0,0,0,8,8,0
0346494,0,0,0,0,0,0,0,0,0,0,0,0,0,0,0,0,0,0,0,0,0,0,0,0
0346495,0,0,0,0,0,0,0,0,0,0,0,0,0,0,0,0,0,0,0,0,0,0,0,0
0346812,0,0,0,0,0,0,0,0,0,0,0,0,0,0,0,0,0,0,0,0,0,0,0,0
55452901,2986,1413,1573,2899,1366,1533,74,40,34,1191,600,591,2796,1319,1477,2899,1355,1544,19,9,10,68,49,19
55452902,890,431,459,868,422,446,18,8,10,422,221,201,859,420,439,878,424,454,10,6,4,2,1,1
55452904,47,20,27,47,20,27,0,0,0,18,6,12,45,19,26,42,18,24,0,0,0,5,2,3
55452905,416,211,205,408,207,201,8,4,4,174,101,73,407,205,202,415,211,204,1,0,1,0,0,0
55452906,47,21,26,47,21,26,0,0,0,30,14,16,44,19,25,43,20,23,0,0,0,4,1,3
55452907,308,154,154,308,154,154,0,0,0,118,60,58,300,151,149,308,154,154,0,0,0,0,0,0
55452908,44,20,24,43,19,24,0,0,0,16,7,9,37,17,20,44,20,24,0,0,0,0,0,0
55452910,59,25,34,59,25,34,0,0,0,36,19,17,59,25,34,59,25,34,0,0,0,0,0,0
55452911,235,116,119,231,114,117,4,2,2,98,48,50,212,99,113,235,116,119,0,0,0,0,0,0
55454501,155,80,75,154,79,75,1,1,0,62,31,31,141,74,67,155,80,75,0,0,0,0,0,0
55454502,1118,576,542,1094,560,534,22,15,7,530,300,230,1065,548,517,1077,545,532,0,0,0,41,31,10
55454504,24,12,12,24,12,12,0,0,0,10,6,4,24,12,12,21,10,11,0,0,0,3,2,1
55454505,34,16,18,32,14,18,2,2,0,14,7,7,33,15,18,33,15,18,0,0,0,1,1,0
55454506,24,14,10,24,14,10,0,0,0,5,1,4,21,12,9,15,9,6,0,0,0,9,5,4
55454507,25,11,14,25,11,14,0,0,0,9,5,4,23,11,12,24,11,13,0,0,0,1,0,1
55454508,34,19,15,33,18,15,1,1,0,9,4,5,34,19,15,26,15,11,0,0,0,8,4,4
55454509,78,35,43,78,35,43,0,0,0,30,13,17,72,29,43,69,31,38,0,0,0,9,4,5
55455301,73,39,34,73,39,34,0,0,0,33,17,16,68,36,32,73,39,34,0,0,0,0,0,0
55455302,97,42,55,96,41,55,1,1,0,29,13,16,85,36,49,54,29,25,43,13,30,0,0,0
55455303,1473,726,747,1432,698,734,37,26,11,744,383,361,1385,681,704,1413,687,726,0,0,0,60,39,21
55455305,24,14,10,24,14,10,0,0,0,8,4,4,22,13,9,20,12,8,4,2,2,0,0,0
55455307,73,40,33,70,37,33,3,3,0,37,24,13,69,38,31,72,40,32,0,0,0,1,0,1
55455308,201,101,100,192,96,96,8,4,4,88,47,41,185,94,91,200,100,100,0,0,0,1,1,0
55455309,57,31,26,53,28,25,4,3,1,19,9,10,50,26,24,55,30,25,0,0,0,2,1,1
0510802,0,0,0,0,0,0,0,0,0,0,0,0,0,0,0,0,0,0,0,0,0,0,0,0
0510980,0,0,0,0,0,0,0,0,0,0,0,0,0,0,0,0,0,0,0,0,0,0,0,0
3018680,0,0,0,0,0,0,0,0,0,0,0,0,0,0,0,0,0,0,0,0,0,0,0,0
3018840,0,0,0,0,0,0,0,0,0,0,0,0,0,0,0,0,0,0,0,0,0,0,0,0
3364410,0,0,0,0,0,0,0,0,0,0,0,0,0,0,0,0,0,0,0,0,0,0,0,0
55448101,25,13,12,25,13,12,0,0,0,15,7,8,24,12,12,25,13,12,0,0,0,0,0,0
55448102,70,37,33,68,36,32,2,1,1,47,26,21,67,36,31,54,29,25,0,0,0,16,8,8
55448103,52,31,21,52,31,21,0,0,0,37,24,13,52,31,21,52,31,21,0,0,0,0,0,0
55448104,111,57,54,100,53,47,10,3,7,56,29,27,109,57,52,110,57,53,0,0,0,1,0,1
55448105,919,457,462,912,451,461,6,5,1,566,286,280,898,450,448,918,456,462,0,0,0,1,1,0
55448106,47,23,24,47,23,24,0,0,0,24,12,12,43,22,21,23,12,11,0,0,0,24,11,13
55448107,104,53,51,102,52,50,2,1,1,61,35,26,98,50,48,32,17,15,0,0,0,72,36,36
55448108,142,75,67,142,75,67,0,0,0,86,47,39,139,74,65,8,4,4,0,0,0,134,71,63
55448109,41,26,15,40,25,15,0,0,0,20,13,7,41,26,15,41,26,15,0,0,0,0,0,0
55448110,144,73,71,139,70,69,5,3,2,76,39,37,134,67,67,140,71,69,0,0,0,4,2,2
55448111,84,43,41,83,43,40,1,0,1,43,27,16,80,41,39,13,7,6,0,0,0,71,36,35
55448112,172,78,94,169,78,91,2,0,2,87,41,46,166,77,89,154,69,85,4,2,2,14,7,7
55448113,49,28,21,47,27,20,2,1,1,29,17,12,46,26,20,49,28,21,0,0,0,0,0,0
55448114,57,26,31,57,26,31,0,0,0,36,17,19,52,24,28,57,26,31,0,0,0,0,0,0
55448115,24,15,9,24,15,9,0,0,0,7,5,2,22,13,9,1,1,0,0,0,0,23,14,9
55448116,26,16,10,26,16,10,0,0,0,17,10,7,25,15,10,14,8,6,0,0,0,12,8,4
55448117,553,287,266,549,285,264,4,2,2,348,196,152,538,278,260,429,209,220,0,0,0,124,78,46
55448118,112,64,48,112,64,48,0,0,0,71,37,34,111,64,47,112,64,48,0,0,0,0,0,0
55448119,28,12,16,28,12,16,0,0,0,19,6,13,27,12,15,28,12,16,0,0,0,0,0,0
55448120,23,11,12,23,11,12,0,0,0,13,7,6,23,11,12,23,11,12,0,0,0,0,0,0
55448121,209,110,99,205,108,97,4,2,2,122,70,52,201,106,95,192,102,90,8,4,4,9,4,5
55448123,86,44,42,86,44,42,0,0,0,62,33,29,83,43,40,80,42,38,0,0,0,6,2,4
55448124,109,58,51,104,57,47,5,1,4,56,29,27,103,56,47,106,56,50,0,0,0,3,2,1
55448125,206,102,104,188,86,102,15,13,2,113,55,58,189,90,99,180,81,99,26,21,5,0,0,0
55448126,366,206,160,307,160,147,56,44,12,158,79,79,327,187,140,325,170,155,40,35,5,1,1,0
55448127,72,39,33,67,36,31,5,3,2,44,25,19,64,33,31,61,32,29,0,0,0,11,7,4
55448128,114,58,56,114,58,56,0,0,0,63,36,27,104,54,50,110,55,55,0,0,0,4,3,1
55448129,2186,1013,1173,2141,988,1153,43,24,19,1176,597,579,2085,969,1116,2108,987,1121,78,26,52,0,0,0
55448130,1906,897,1009,1835,855,980,64,40,24,1068,528,540,1765,830,935,1884,882,1002,15,11,4,7,4,3
55448131,1824,896,928,1772,871,901,50,24,26,1036,523,513,1733,854,879,1823,895,928,1,1,0,0,0,0
55448132,2476,1183,1293,2392,1142,1250,81,39,42,1409,696,713,2347,1120,1227,2475,1183,1292,1,0,1,0,0,0
55448133,2310,1248,1062,2241,1208,1033,57,32,25,1172,652,520,2201,1189,1012,1881,921,960,5,1,4,424,326,98
55448134,1866,913,953,1803,872,931,57,37,20,1045,538,507,1766,859,907,1858,912,946,8,1,7,0,0,0
55448136,3843,1784,2059,3779,1752,2027,62,32,30,2113,1016,1097,3714,1730,1984,3755,1760,1995,87,23,64,1,1,0
55448138,29,14,15,29,14,15,0,0,0,12,3,9,29,14,15,25,11,14,4,3,1,0,0,0
55448139,802,399,403,794,395,399,6,3,3,422,233,189,745,368,377,679,339,340,107,49,58,16,11,5
55448140,565,286,279,555,280,275,10,6,4,326,170,156,534,272,262,563,286,277,2,0,2,0,0,0
55448141,681,350,331,579,284,295,102,66,36,286,138,148,561,284,277,570,280,290,110,69,41,1,1,0
55448142,2601,1250,1351,2514,1206,1308,78,40,38,1440,717,723,2483,1185,1298,2599,1248,1351,2,2,0,0,0,0
55448143,4062,1929,2133,3954,1874,2080,103,53,50,2299,1159,1140,3919,1860,2059,4056,1927,2129,5,1,4,1,1,0
55448144,840,418,422,837,416,421,3,2,1,534,276,258,812,404,408,836,417,419,0,0,0,4,1,3
55448145,225,118,107,224,117,107,1,1,0,141,76,65,217,112,105,220,114,106,4,4,0,1,0,1
0733770,0,0,0,0,0,0,0,0,0,0,0,0,0,0,0,0,0,0,0,0,0,0,0,0
53879501,48,24,24,47,23,24,1,1,0,20,10,10,45,23,22,48,24,24,0,0,0,0,0,0
53879502,518,264,254,517,264,253,1,0,1,179,99,80,493,254,239,490,252,238,4,2,2,24,10,14
0766600,0,0,0,0,0,0,0,0,0,0,0,0,0,0,0,0,0,0,0,0,0,0,0,0
55459601,224,111,113,219,108,111,4,2,2,129,71,58,221,110,111,217,109,108,0,0,0,7,2,5
55459602,38,19,19,38,19,19,0,0,0,10,6,4,35,18,17,38,19,19,0,0,0,0,0,0
55460002,47,20,27,45,19,26,1,1,0,10,3,7,45,19,26,47,20,27,0,0,0,0,0,0
55460003,1346,648,698,1337,643,694,4,2,2,523,273,250,1259,612,647,1240,608,632,69,15,54,37,25,12
0815910,0,0,0,0,0,0,0,0,0,0,0,0,0,0,0,0,0,0,0,0,0,0,0,0
0816210,0,0,0,0,0,0,0,0,0,0,0,0,0,0,0,0,0,0,0,0,0,0,0,0
0816470,0,0,0,0,0,0,0,0,0,0,0,0,0,0,0,0,0,0,0,0,0,0,0,0
0816550,0,0,0,0,0,0,0,0,0,0,0,0,0,0,0,0,0,0,0,0,0,0,0,0
55461801,43,24,19,43,24,19,0,0,0,11,6,5,43,24,19,43,24,19,0,0,0,0,0,0
55461802,60,35,25,38,21,17,21,13,8,7,5,2,45,25,20,35,19,16,22,14,8,3,2,1
55461803,676,340,336,657,330,327,19,10,9,250,135,115,634,314,320,650,322,328,1,1,0,25,17,8
0844680,0,0,0,0,0,0,0,0,0,0,0,0,0,0,0,0,0,0,0,0,0,0,0,0
0845060,0,0,0,0,0,0,0,0,0,0,0,0,0,0,0,0,0,0,0,0,0,0,0,0
55462601,28,13,15,27,12,15,1,1,0,12,4,8,25,12,13,28,13,15,0,0,0,0,0,0
55462602,33,17,16,33,17,16,0,0,0,8,6,2,31,16,15,29,15,14,0,0,0,4,2,2
55462604,44,27,17,40,23,17,4,4,0,11,8,3,35,21,14,43,27,16,0,0,0,1,0,1
55462605,35,20,15,35,20,15,0,0,0,11,7,4,34,19,15,32,19,13,0,0,0,3,1,2
55462606,321,163,158,320,162,158,0,0,0,143,73,70,313,161,152,293,141,152,0,0,0,28,22,6
55462607,46,24,22,46,24,22,0,0,0,5,5,0,38,20,18,16,8,8,0,0,0,30,16,14
55462608,28,17,11,28,17,11,0,0,0,7,6,1,25,16,9,24,14,10,1,1,0,3,2,1
55462610,92,51,41,92,51,41,0,0,0,47,29,18,91,51,40,90,50,40,0,0,0,2,1,1
55462612,57,26,31,57,26,31,0,0,0,18,4,14,56,25,31,49,22,27,0,0,0,8,4,4
0881700,0,0,0,0,0,0,0,0,0,0,0,0,0,0,0,0,0,0,0,0,0,0,0,0
55463401,21,9,12,21,9,12,0,0,0,13,5,8,21,9,12,21,9,12,0,0,0,0,0,0
55463402,50,22,28,41,20,21,0,0,0,21,11,10,48,21,27,38,19,19,9,2,7,3,1,2
55463403,1884,943,941,1864,935,929,18,7,11,872,443,429,1771,875,896,1852,917,935,1,1,0,31,25,6
55463407,57,30,27,57,30,27,0,0,0,17,6,11,53,27,26,46,23,23,0,0,0,11,7,4
0916340,0,0,0,0,0,0,0,0,0,0,0,0,0,0,0,0,0,0,0,0,0,0,0,0
0916690,0,0,0,0,0,0,0,0,0,0,0,0,0,0,0,0,0,0,0,0,0,0,0,0
55464201,32,19,13,31,18,13,1,1,0,6,5,1,31,18,13,32,19,13,0,0,0,0,0,0
55464202,109,61,48,101,56,45,8,5,3,38,19,19,99,56,43,109,61,48,0,0,0,0,0,0
55464204,888,416,472,868,406,462,14,8,6,378,188,190,852,397,455,888,416,472,0,0,0,0,0,0
55464205,672,310,362,658,304,354,12,5,7,297,154,143,640,295,345,653,301,352,13,6,7,6,3,3
55464206,132,65,67,123,60,63,7,4,3,57,29,28,120,59,61,125,61,64,5,2,3,2,2,0
55464207,2549,1072,1477,2470,1031,1439,71,38,33,1037,479,558,2415,1004,1411,2402,1025,1377,147,47,100,0,0,0
55464208,1720,813,907,1670,788,882,46,22,24,787,397,390,1574,745,829,1681,793,888,33,17,16,6,3,3
55464211,660,303,357,654,299,355,4,2,2,309,150,159,622,292,330,631,295,336,19,3,16,10,5,5
55464212,71,37,34,67,33,34,4,4,0,38,23,15,66,34,32,57,30,27,2,2,0,12,5,7
55464213,80,38,42,80,38,42,0,0,0,53,26,27,76,37,39,72,35,37,0,0,0,8,3,5
55464214,29,19,10,29,19,10,0,0,0,21,13,8,28,18,10,21,14,7,0,0,0,8,5,3
55464215,1308,649,659,1240,615,625,65,32,33,586,310,276,1220,602,618,1300,643,657,6,4,2,2,2,0
55464216,577,275,302,514,236,278,58,37,21,211,95,116,499,230,269,535,252,283,40,22,18,2,1,1
55464217,2059,974,1085,1970,920,1050,82,51,31,922,472,450,1955,917,1038,1994,940,1054,6,6,0,59,28,31
55464218,1093,575,518,955,515,440,129,53,76,379,205,174,913,491,422,745,368,377,98,35,63,250,172,78
0948380,0,0,0,0,0,0,0,0,0,0,0,0,0,0,0,0,0,0,0,0,0,0,0,0
55465101,38,16,22,37,16,21,1,0,1,12,5,7,36,14,22,38,16,22,0,0,0,0,0,0
55465104,260,132,128,260,132,128,0,0,0,147,79,68,249,127,122,251,128,123,0,0,0,9,4,5
55465105,21,13,8,21,13,8,0,0,0,10,6,4,21,13,8,21,13,8,0,0,0,0,0,0
53890601,74,41,33,74,41,33,0,0,0,31,16,15,66,37,29,63,35,28,0,0,0,11,6,5
53890602,155,79,76,155,79,76,0,0,0,51,22,29,142,73,69,150,75,75,0,0,0,5,4,1
53890603,42,21,21,41,20,21,1,1,0,13,7,6,33,16,17,37,18,19,2,2,0,3,1,2
53890606,27,11,16,27,11,16,0,0,0,9,4,5,19,9,10,27,11,16,0,0,0,0,0,0
55467701,195,76,119,192,75,117,1,0,1,47,28,19,184,71,113,122,66,56,61,3,58,12,7,5
55467702,66,35,31,63,33,30,3,2,1,30,20,10,64,33,31,66,35,31,0,0,0,0,0,0
55467703,98,47,51,97,46,51,1,1,0,32,13,19,93,47,46,98,47,51,0,0,0,0,0,0
55469301,23,12,11,23,12,11,0,0,0,9,7,2,22,11,11,23,12,11,0,0,0,0,0,0
55469304,320,158,162,318,157,161,2,1,1,92,47,45,291,145,146,297,141,156,18,12,6,5,5,0
0692050,0,0,0,0,0,0,0,0,0,0,0,0,0,0,0,0,0,0,0,0,0,0,0,0
1077270,0,0,0,0,0,0,0,0,0,0,0,0,0,0,0,0,0,0,0,0,0,0,0,0
55470701,65,38,27,65,38,27,0,0,0,25,17,8,63,37,26,65,38,27,0,0,0,0,0,0
55470704,32,15,17,32,15,17,0,0,0,10,4,6,29,14,15,30,14,16,0,0,0,2,1,1
55470706,33,15,18,33,15,18,0,0,0,13,4,9,33,15,18,29,14,15,0,0,0,4,1,3
55470708,57,30,27,57,30,27,0,0,0,20,10,10,52,26,26,55,29,26,0,0,0,2,1,1
55470710,271,133,138,266,130,136,4,3,1,133,68,65,246,121,125,266,129,137,0,0,0,5,4,1
55470712,28,18,10,28,18,10,0,0,0,7,6,1,25,17,8,28,18,10,0,0,0,0,0,0
53955401,22,14,8,21,13,8,1,1,0,6,2,4,20,12,8,22,14,8,0,0,0,0,0,0
53955403,41,18,23,41,18,23,0,0,0,12,2,10,34,14,20,34,17,17,0,0,0,7,1,6
53955404,38,21,17,37,20,17,1,1,0,14,9,5,36,19,17,33,18,15,0,0,0,5,3,2
53955405,73,35,38,73,35,38,0,0,0,18,10,8,70,34,36,70,34,36,0,0,0,3,1,2
53955406,49,25,24,49,25,24,0,0,0,16,9,7,48,25,23,49,25,24,0,0,0,0,0,0
53892201,62,33,29,60,31,29,1,1,0,13,9,4,56,31,25,47,26,21,0,0,0,15,7,8
53892202,189,94,95,189,94,95,0,0,0,85,42,43,174,85,89,186,91,95,0,0,0,3,3,0
1171450,0,0,0,0,0,0,0,0,0,0,0,0,0,0,0,0,0,0,0,0,0,0,0,0
53947301,128,69,59,127,68,59,1,1,0,46,25,21,115,63,52,117,61,56,1,1,0,10,7,3
55474001,103,51,52,102,50,52,1,1,0,36,19,17,98,49,49,101,49,52,0,0,0,2,2,0
55474002,1423,712,711,1414,710,704,7,1,6,668,354,314,1363,679,684,1336,656,680,38,18,20,49,38,11
55474003,332,163,169,327,159,168,2,2,0,142,74,68,303,153,150,328,160,168,4,3,1,0,0,0
53881701,195,100,95,194,100,94,1,0,1,64,36,28,169,85,84,168,88,80,0,0,0,27,12,15
53886801,119,63,56,117,62,55,2,1,1,44,23,21,113,59,54,114,59,55,0,0,0,5,4,1
53886803,86,44,42,86,44,42,0,0,0,24,16,8,79,41,38,81,42,39,0,0,0,5,2,3
53886804,100,56,44,100,56,44,0,0,0,20,10,10,93,51,42,91,51,40,0,0,0,9,5,4
57797901,80,41,39,79,41,38,1,0,1,29,18,11,69,37,32,62,31,31,1,0,1,17,10,7
57797902,79,42,37,78,41,37,1,1,0,24,13,11,72,39,33,73,38,35,0,0,0,6,4,2
53953801,92,51,41,90,50,40,1,1,0,25,13,12,87,48,39,91,50,41,0,0,0,1,1,0
1481300,0,0,0,0,0,0,0,0,0,0,0,0,0,0,0,0,0,0,0,0,0,0,0,0
1481480,0,0,0,0,0,0,0,0,0,0,0,0,0,0,0,0,0,0,0,0,0,0,0,0
55481201,41,21,20,39,21,18,1,0,1,8,6,2,33,16,17,40,21,19,0,0,0,1,0,1
55481203,1610,792,818,1511,739,772,86,48,38,697,358,339,1499,739,760,1502,726,776,50,30,20,58,36,22
55481204,160,85,75,148,76,72,10,9,1,75,41,34,146,76,70,149,79,70,0,0,0,11,6,5
55481206,111,40,71,70,26,44,12,3,9,11,4,7,85,30,55,23,11,12,88,29,59,0,0,0
1540320,0,0,0,0,0,0,0,0,0,0,0,0,0,0,0,0,0,0,0,0,0,0,0,0
1540410,0,0,0,0,0,0,0,0,0,0,0,0,0,0,0,0,0,0,0,0,0,0,0,0
53911201,115,58,57,115,58,57,0,0,0,38,24,14,113,56,57,90,47,43,0,0,0,25,11,14
53911202,77,39,38,74,37,37,3,2,1,22,14,8,74,37,37,77,39,38,0,0,0,0,0,0
53911203,20,10,10,20,10,10,0,0,0,4,0,4,20,10,10,3,2,1,6,2,4,11,6,5
53911204,226,118,108,226,118,108,0,0,0,102,54,48,216,112,104,217,110,107,2,2,0,7,6,1
53911206,25,12,13,25,12,13,0,0,0,9,5,4,25,12,13,18,10,8,0,0,0,7,2,5
55563101,37,19,18,37,19,18,0,0,0,9,5,4,27,15,12,37,19,18,0,0,0,0,0,0
55563102,31,19,12,31,19,12,0,0,0,6,5,1,27,17,10,31,19,12,0,0,0,0,0,0
55563104,32,17,15,32,17,15,0,0,0,13,7,6,32,17,15,31,17,14,0,0,0,1,0,1
55563106,43,25,18,43,25,18,0,0,0,24,15,9,41,24,17,43,25,18,0,0,0,0,0,0
55563107,42,24,18,39,22,17,3,2,1,12,10,2,41,23,18,41,23,18,0,0,0,1,1,0
55563111,40,21,19,40,21,19,0,0,0,18,10,8,39,20,19,40,21,19,0,0,0,0,0,0
55563113,43,20,23,43,20,23,0,0,0,17,8,9,42,19,23,37,17,20,0,0,0,6,3,3
55563114,20,10,10,20,10,10,0,0,0,7,4,3,20,10,10,20,10,10,0,0,0,0,0,0
55563116,65,38,27,64,38,26,0,0,0,32,22,10,64,37,27,61,37,24,0,0,0,4,1,3
55563117,59,30,29,58,29,29,1,1,0,23,12,11,49,24,25,59,30,29,0,0,0,0,0,0
55563118,34,15,19,34,15,19,0,0,0,13,5,8,33,14,19,31,14,17,0,0,0,3,1,2
55563119,41,19,22,41,19,22,0,0,0,12,6,6,40,19,21,41,19,22,0,0,0,0,0,0
55563120,26,18,8,25,17,8,0,0,0,6,6,0,25,17,8,23,17,6,0,0,0,3,1,2
55563123,103,54,49,94,49,45,8,4,4,43,23,20,90,46,44,97,48,49,6,6,0,0,0,0
55563125,30,18,12,30,18,12,0,0,0,10,4,6,26,15,11,15,9,6,0,0,0,15,9,6
55563126,112,58,54,112,58,54,0,0,0,56,29,27,107,54,53,112,58,54,0,0,0,0,0,0
55563127,2047,1013,1034,2016,1000,1016,27,12,15,1118,596,522,1946,972,974,1943,958,985,50,15,35,54,40,14
55563128,54,30,24,54,30,24,0,0,0,18,8,10,53,30,23,53,29,24,0,0,0,1,1,0
1688400,0,0,0,0,0,0,0,0,0,0,0,0,0,0,0,0,0,0,0,0,0,0,0,0
55485501,73,39,34,73,39,34,0,0,0,39,23,16,72,38,34,73,39,34,0,0,0,0,0,0
55485502,295,155,140,284,149,135,10,6,4,115,63,52,275,146,129,283,148,135,0,0,0,12,7,5
53902301,33,18,15,33,18,15,0,0,0,10,6,4,22,14,8,33,18,15,0,0,0,0,0,0
53902302,28,12,16,28,12,16,0,0,0,4,2,2,26,10,16,28,12,16,0,0,0,0,0,0
53902303,63,30,33,59,28,31,4,2,2,13,7,6,42,22,20,63,30,33,0,0,0,0,0,0
53902305,37,21,16,37,21,16,0,0,0,16,8,8,36,21,15,37,21,16,0,0,0,0,0,0
53902306,45,27,18,42,25,17,3,2,1,16,9,7,39,24,15,42,25,17,3,2,1,0,0,0
53902308,203,96,107,202,96,106,1,0,1,71,33,38,190,89,101,197,90,107,0,0,0,6,6,0
53902310,40,21,19,39,20,19,1,1,0,9,9,0,37,20,17,39,20,19,0,0,0,1,1,0
55488001,21,9,12,20,8,12,1,1,0,6,2,4,20,8,12,15,6,9,0,0,0,6,3,3
55488002,114,58,56,109,54,55,5,4,1,26,13,13,106,54,52,96,47,49,1,0,1,17,11,6
55488003,301,141,160,299,140,159,2,1,1,93,48,45,276,131,145,300,140,160,0,0,0,1,1,0
55488004,51,25,26,51,25,26,0,0,0,25,12,13,51,25,26,51,25,26,0,0,0,0,0,0
55488005,179,95,84,176,94,82,3,1,2,74,41,33,169,92,77,159,82,77,0,0,0,20,13,7
55488006,245,122,123,244,121,123,1,1,0,109,54,55,228,113,115,243,121,122,0,0,0,2,1,1
1718082,0,0,0,0,0,0,0,0,0,0,0,0,0,0,0,0,0,0,0,0,0,0,0,0
53961901,35,18,17,35,18,17,0,0,0,9,2,7,27,16,11,28,15,13,1,1,0,6,2,4
53961902,44,24,20,44,24,20,0,0,0,13,7,6,43,24,19,44,24,20,0,0,0,0,0,0
53961903,50,25,25,50,25,25,0,0,0,23,13,10,50,25,25,48,23,25,0,0,0,2,2,0
53948101,468,234,234,465,232,233,3,2,1,131,84,47,431,217,214,430,213,217,0,0,0,38,21,17
53927901,601,299,302,585,286,299,16,13,3,193,101,92,556,275,281,601,299,302,0,0,0,0,0,0
53927903,20,11,9,20,11,9,0,0,0,7,4,3,20,11,9,17,9,8,0,0,0,3,2,1
53927904,1632,815,817,1587,793,794,37,19,18,577,313,264,1517,754,763,1591,783,808,5,3,2,36,29,7
57800201,162,89,73,162,89,73,0,0,0,54,29,25,154,85,69,136,76,60,0,0,0,26,13,13
53937601,21,12,9,20,12,8,1,0,1,4,3,1,14,7,7,15,7,8,0,0,0,6,5,1
53937602,104,51,53,104,51,53,0,0,0,41,22,19,94,47,47,95,45,50,0,0,0,9,6,3
53907401,29,13,16,29,13,16,0,0,0,2,2,0,27,13,14,28,12,16,1,1,0,0,0,0
53907402,50,20,30,50,20,30,0,0,0,21,8,13,49,19,30,50,20,30,0,0,0,0,0,0
53907403,70,42,28,70,42,28,0,0,0,17,10,7,67,39,28,56,30,26,0,0,0,14,12,2
53907404,72,42,30,70,40,30,2,2,0,15,9,6,69,40,29,70,41,29,0,0,0,2,1,1
53943101,46,23,23,44,22,22,2,1,1,16,10,6,45,22,23,36,18,18,0,0,0,10,5,5
53943102,196,105,91,188,100,88,6,3,3,65,36,29,185,97,88,185,97,88,0,0,0,11,8,3
53943103,89,46,43,89,46,43,0,0,0,33,20,13,86,45,41,89,46,43,0,0,0,0,0,0
55497901,759,400,359,753,395,358,4,3,1,368,198,170,717,376,341,719,367,352,9,7,2,31,26,5
55497902,54,26,28,54,26,28,0,0,0,16,7,9,49,23,26,45,21,24,0,0,0,9,5,4
53800101,390,190,200,386,187,199,4,3,1,127,58,69,365,177,188,297,139,158,0,0,0,93,51,42
55499501,754,399,355,746,394,352,7,5,2,302,172,130,716,370,346,716,377,339,7,3,4,31,19,12
55499502,84,35,49,83,35,48,0,0,0,10,1,9,83,35,48,73,33,40,0,0,0,11,2,9
55499503,71,32,39,71,32,39,0,0,0,25,16,9,64,30,34,67,30,37,0,0,0,4,2,2
0716410,0,0,0,0,0,0,0,0,0,0,0,0,0,0,0,0,0,0,0,0,0,0,0,0
0716500,0,0,0,0,0,0,0,0,0,0,0,0,0,0,0,0,0,0,0,0,0,0,0,0
1987220,0,0,0,0,0,0,0,0,0,0,0,0,0,0,0,0,0,0,0,0,0,0,0,0
55502901,1177,591,586,1172,590,582,4,0,4,661,351,310,1139,574,565,1135,562,573,10,2,8,32,27,5
55502903,28,12,16,28,12,16,0,0,0,11,5,6,28,12,16,27,12,15,0,0,0,1,0,1
55502904,38,20,18,38,20,18,0,0,0,8,6,2,35,19,16,29,16,13,0,0,0,9,4,5
55502905,46,24,22,46,24,22,0,0,0,17,8,9,43,23,20,45,23,22,0,0,0,1,1,0
55502907,92,47,45,90,45,45,2,2,0,18,12,6,88,46,42,81,39,42,0,0,0,11,8,3
55502909,71,40,31,71,40,31,0,0,0,31,19,12,71,40,31,69,38,31,0,0,0,2,2,0
55502910,22,9,13,22,9,13,0,0,0,5,1,4,22,9,13,20,8,12,0,0,0,2,1,1
55502911,28,12,16,28,12,16,0,0,0,11,4,7,27,12,15,27,11,16,0,0,0,1,1,0
55502912,79,40,39,78,39,39,1,1,0,27,16,11,75,38,37,67,33,34,0,0,0,12,7,5
55502913,84,38,46,84,38,46,0,0,0,38,15,23,76,33,43,82,37,45,0,0,0,2,1,1
55502914,28,15,13,28,15,13,0,0,0,11,6,5,28,15,13,26,15,11,0,0,0,2,0,2
55502915,26,14,12,26,14,12,0,0,0,6,2,4,25,13,12,18,9,9,0,0,0,8,5,3
55502917,99,53,46,99,53,46,0,0,0,38,24,14,94,50,44,99,53,46,0,0,0,0,0,0
50648601,201,102,99,199,102,97,1,0,1,70,42,28,184,92,92,182,93,89,5,2,3,14,7,7
55504501,604,311,293,590,303,287,14,8,6,251,136,115,570,293,277,562,283,279,7,3,4,35,25,10
3300430,0,0,0,0,0,0,0,0,0,0,0,0,0,0,0,0,0,0,0,0,0,0,0,0
3909250,0,0,0,0,0,0,0,0,0,0,0,0,0,0,0,0,0,0,0,0,0,0,0,0
50010101,212,115,97,212,115,97,0,0,0,91,53,38,199,107,92,209,115,94,0,0,0,3,0,3
53787001,532,261,271,522,261,261,10,0,10,200,102,98,495,245,250,509,243,266,18,13,5,5,5,0
53801901,112,67,45,112,67,45,0,0,0,44,25,19,105,62,43,96,54,42,0,0,0,16,13,3
53801902,185,100,85,183,99,84,2,1,1,61,29,32,174,95,79,142,74,68,0,0,0,43,26,17
50662101,117,58,59,117,58,59,0,0,0,63,32,31,108,52,56,115,56,59,0,0,0,2,2,0
50662104,47,25,22,47,25,22,0,0,0,14,7,7,44,22,22,47,25,22,0,0,0,0,0,0
53791801,41,23,18,41,23,18,0,0,0,13,8,5,40,23,17,41,23,18,0,0,0,0,0,0
53791802,1142,580,562,1130,571,559,12,9,3,425,225,200,1067,540,527,1077,539,538,7,3,4,58,38,20
53791803,189,99,90,184,95,89,5,4,1,68,36,32,179,94,85,188,98,90,0,0,0,1,1,0
53791804,132,60,72,126,59,67,6,1,5,38,17,21,125,57,68,132,60,72,0,0,0,0,0,0
53791805,92,42,50,92,42,50,0,0,0,42,20,22,90,41,49,91,42,49,0,0,0,1,0,1
53791806,292,154,138,291,153,138,1,1,0,112,53,59,279,145,134,273,148,125,19,6,13,0,0,0
53811601,309,170,139,307,170,137,1,0,1,92,55,37,300,166,134,227,119,108,3,2,1,79,49,30
53811602,103,56,47,100,54,46,3,2,1,26,12,14,95,52,43,55,29,26,0,0,0,48,27,21
3907980,0,0,0,0,0,0,0,0,0,0,0,0,0,0,0,0,0,0,0,0,0,0,0,0
50012701,60,34,26,60,34,26,0,0,0,23,18,5,56,33,23,60,34,26,0,0,0,0,0,0
50012702,67,40,27,67,40,27,0,0,0,20,13,7,58,35,23,64,37,27,0,0,0,3,3,0
50012703,20,12,8,20,12,8,0,0,0,9,6,3,19,11,8,20,12,8,0,0,0,0,0,0
53815901,572,292,280,564,287,277,7,4,3,190,102,88,518,262,256,566,286,280,0,0,0,6,6,0
53815902,56,29,27,56,29,27,0,0,0,19,10,9,53,28,25,56,29,27,0,0,0,0,0,0
53815903,23,14,9,23,14,9,0,0,0,11,8,3,19,10,9,23,14,9,0,0,0,0,0,0
55516901,349,184,165,344,182,162,3,2,1,140,74,66,342,181,161,320,167,153,0,0,0,29,17,12
55165101,364,181,183,362,180,182,2,1,1,107,55,52,321,164,157,359,177,182,0,0,0,5,4,1
3300860,0,0,0,0,0,0,0,0,0,0,0,0,0,0,0,0,0,0,0,0,0,0,0,0
3903210,0,0,0,0,0,0,0,0,0,0,0,0,0,0,0,0,0,0,0,0,0,0,0,0
3903810,0,0,0,0,0,0,0,0,0,0,0,0,0,0,0,0,0,0,0,0,0,0,0,0
3908360,0,0,0,0,0,0,0,0,0,0,0,0,0,0,0,0,0,0,0,0,0,0,0,0
3911070,0,0,0,0,0,0,0,0,0,0,0,0,0,0,0,0,0,0,0,0,0,0,0,0
3912470,0,0,0,0,0,0,0,0,0,0,0,0,0,0,0,0,0,0,0,0,0,0,0,0
3923160,0,0,0,0,0,0,0,0,0,0,0,0,0,0,0,0,0,0,0,0,0,0,0,0
55518501,87,42,45,86,42,44,1,0,1,32,18,14,85,41,44,75,37,38,1,1,0,11,4,7
55518502,95,50,45,94,50,44,0,0,0,25,14,11,84,44,40,94,49,45,0,0,0,1,1,0
55518503,1439,728,711,1427,721,706,9,4,5,596,325,271,1349,679,670,1372,694,678,20,5,15,47,29,18
55518504,43,22,21,43,22,21,0,0,0,20,10,10,42,21,21,41,21,20,0,0,0,2,1,1
55518505,351,171,180,347,167,180,3,3,0,58,32,26,316,153,163,137,65,72,10,5,5,204,101,103
57801101,104,61,43,104,61,43,0,0,0,52,33,19,101,59,42,95,55,40,0,0,0,9,6,3
0555141,0,0,0,0,0,0,0,0,0,0,0,0,0,0,0,0,0,0,0,0,0,0,0,0
0555220,0,0,0,0,0,0,0,0,0,0,0,0,0,0,0,0,0,0,0,0,0,0,0,0
55520702,461,244,217,458,243,215,2,1,1,208,117,91,442,235,207,457,240,217,0,0,0,4,4,0
55520705,31,17,14,31,17,14,0,0,0,19,10,9,30,16,14,31,17,14,0,0,0,0,0,0
55520707,40,23,17,39,22,17,1,1,0,7,3,4,35,20,15,22,11,11,0,0,0,18,12,6
55520708,20,10,10,20,10,10,0,0,0,8,5,3,18,8,10,19,9,10,0,0,0,1,1,0
0564720,0,0,0,0,0,0,0,0,0,0,0,0,0,0,0,0,0,0,0,0,0,0,0,0
55521501,230,65,165,227,63,164,2,2,0,20,8,12,214,61,153,57,25,32,150,28,122,23,12,11
55521502,55,29,26,54,28,26,1,1,0,21,12,9,52,27,25,37,20,17,7,2,5,11,7,4
55521503,69,35,34,69,35,34,0,0,0,31,17,14,64,34,30,48,28,20,0,0,0,21,7,14
55521505,128,56,72,126,56,70,2,0,2,55,29,26,122,54,68,127,55,72,0,0,0,1,1,0
55521506,536,268,268,530,263,267,6,5,1,284,158,126,512,259,253,521,260,261,9,4,5,6,4,2
55521508,523,252,271,517,248,269,6,4,2,251,129,122,500,241,259,518,248,270,3,3,0,2,1,1
55521510,666,340,326,659,335,324,5,3,2,298,157,141,640,329,311,614,296,318,0,0,0,52,44,8
53792601,758,373,385,756,371,385,2,2,0,244,113,131,710,350,360,744,366,378,0,0,0,14,7,7
53792603,313,141,172,306,137,169,6,3,3,71,33,38,283,129,154,313,141,172,0,0,0,0,0,0
0636060,0,0,0,0,0,0,0,0,0,0,0,0,0,0,0,0,0,0,0,0,0,0,0,0
0636650,0,0,0,0,0,0,0,0,0,0,0,0,0,0,0,0,0,0,0,0,0,0,0,0
0636730,0,0,0,0,0,0,0,0,0,0,0,0,0,0,0,0,0,0,0,0,0,0,0,0
3196010,0,0,0,0,0,0,0,0,0,0,0,0,0,0,0,0,0,0,0,0,0,0,0,0
55496102,2065,982,1083,2019,957,1062,42,22,20,1079,534,545,1979,939,1040,2024,960,1064,15,7,8,26,15,11
55496103,80,41,39,80,41,39,0,0,0,39,17,22,78,41,37,9,5,4,0,0,0,71,36,35
55496104,951,456,495,917,430,487,30,23,7,465,211,254,877,408,469,912,428,484,29,24,5,10,4,6
55496105,33,25,8,32,24,8,1,1,0,13,7,6,25,18,7,6,4,2,10,5,5,17,16,1
55496107,46,19,27,46,19,27,0,0,0,31,13,18,45,18,27,46,19,27,0,0,0,0,0,0
55496108,1805,885,920,1747,858,889,57,26,31,902,464,438,1667,822,845,1777,866,911,5,3,2,23,16,7
55496109,1863,831,1032,1827,813,1014,34,18,16,926,432,494,1793,790,1003,1855,827,1028,8,4,4,0,0,0
55496110,542,252,290,535,249,286,7,3,4,287,132,155,515,236,279,542,252,290,0,0,0,0,0,0
55496111,3621,1682,1939,3574,1659,1915,42,19,23,1861,930,931,3480,1624,1856,3619,1681,1938,1,0,1,1,1,0
55496112,3178,1509,1669,3069,1451,1618,99,51,48,1571,787,784,2966,1390,1576,3119,1461,1658,51,42,9,8,6,2
55496113,1339,662,677,1315,653,662,21,9,12,726,390,336,1279,631,648,1337,662,675,2,0,2,0,0,0
55496114,656,347,309,559,286,273,96,60,36,298,166,132,599,314,285,619,323,296,35,22,13,2,2,0
55496115,322,144,178,315,142,173,7,2,5,161,73,88,304,135,169,322,144,178,0,0,0,0,0,0
55496116,375,185,190,372,184,188,3,1,2,225,114,111,353,172,181,374,184,190,0,0,0,1,1,0
55496118,110,58,52,108,57,51,1,0,1,73,42,31,109,58,51,108,57,51,0,0,0,2,1,1
55496119,570,284,286,564,281,283,5,2,3,371,197,174,552,273,279,548,271,277,0,0,0,22,13,9
55496120,325,169,156,323,167,156,2,2,0,185,99,86,307,160,147,317,164,153,2,2,0,6,3,3
55496121,185,91,94,181,88,93,4,3,1,106,53,53,183,90,93,185,91,94,0,0,0,0,0,0
55496122,629,311,318,626,309,317,3,2,1,350,174,176,599,294,305,627,310,317,0,0,0,2,1,1
55496123,1174,595,579,1156,588,568,18,7,11,683,359,324,1123,567,556,1165,589,576,4,4,0,5,2,3
55496124,292,140,152,288,137,151,3,2,1,142,74,68,269,129,140,239,124,115,53,16,37,0,0,0
55496125,1369,605,764,1321,580,741,42,23,19,699,312,387,1300,575,725,1369,605,764,0,0,0,0,0,0
55496126,4150,1846,2304,4093,1821,2272,49,20,29,2222,1070,1152,4007,1778,2229,4124,1832,2292,19,11,8,7,3,4
55496127,304,147,157,291,144,147,13,3,10,164,78,86,292,142,150,304,147,157,0,0,0,0,0,0
55496129,835,387,448,795,369,426,37,16,21,413,202,211,785,359,426,833,385,448,0,0,0,2,2,0
55496131,1685,764,921,1636,744,892,45,18,27,819,405,414,1626,738,888,1685,764,921,0,0,0,0,0,0
55496132,3072,1419,1653,2950,1344,1606,111,69,42,1425,714,711,2862,1307,1555,2918,1329,1589,154,90,64,0,0,0
55496133,47,23,24,44,20,24,3,3,0,28,13,15,45,21,24,43,20,23,3,3,0,1,0,1
55496134,1164,538,626,1127,517,610,34,19,15,557,284,273,1088,501,587,1163,537,626,0,0,0,1,1,0
55496135,432,228,204,366,194,172,60,30,30,140,72,68,392,205,187,396,209,187,36,19,17,0,0,0
55496137,177,86,91,172,83,89,5,3,2,101,49,52,163,76,87,175,84,91,1,1,0,1,1,0
55496138,1388,681,707,1244,613,631,138,66,72,549,280,269,1234,605,629,1355,662,693,33,19,14,0,0,0
55496139,2619,1147,1472,2565,1118,1447,49,27,22,1269,584,685,2481,1083,1398,2616,1144,1472,0,0,0,3,3,0
55496140,22,14,8,8,6,2,12,6,6,6,5,1,10,7,3,0,0,0,10,6,4,12,8,4
55496141,447,211,236,436,204,232,11,7,4,224,117,107,424,196,228,447,211,236,0,0,0,0,0,0
55496142,2416,1378,1038,2296,1318,978,117,58,59,996,578,418,2263,1298,965,1679,812,867,1,0,1,736,566,170
55496143,1622,746,876,1473,672,801,141,70,71,676,337,339,1482,672,810,1620,745,875,2,1,1,0,0,0
55496144,726,366,360,668,334,334,55,30,25,307,153,154,671,335,336,719,363,356,7,3,4,0,0,0
55496146,1205,566,639,1163,547,616,42,19,23,508,253,255,1132,532,600,1078,483,595,14,10,4,113,73,40
55496148,25,16,9,25,16,9,0,0,0,13,10,3,24,16,8,25,16,9,0,0,0,0,0,0
55496149,457,222,235,429,214,215,28,8,20,199,106,93,413,201,212,439,210,229,8,5,3,10,7,3
55525801,182,94,88,182,94,88,0,0,0,44,26,18,168,88,80,170,88,82,0,0,0,12,6,6
55525802,637,321,316,619,308,311,18,13,5,194,99,95,600,300,300,603,302,301,0,0,0,34,19,15
55530401,324,162,162,320,161,159,2,0,2,128,68,60,304,151,153,318,159,159,0,0,0,6,3,3
55530402,55,24,31,55,24,31,0,0,0,31,10,21,50,20,30,55,24,31,0,0,0,0,0,0
0739460,0,0,0,0,0,0,0,0,0,0,0,0,0,0,0,0,0,0,0,0,0,0,0,0
0739540,0,0,0,0,0,0,0,0,0,0,0,0,0,0,0,0,0,0,0,0,0,0,0,0
57804501,32,16,16,32,16,16,0,0,0,6,3,3,31,15,16,30,15,15,0,0,0,2,1,1
57804502,31,16,15,31,16,15,0,0,0,9,5,4,25,14,11,0,0,0,0,0,0,31,16,15
57804503,235,108,127,235,108,127,0,0,0,66,29,37,223,104,119,221,101,120,0,0,0,14,7,7
57804505,20,12,8,20,12,8,0,0,0,2,2,0,14,9,5,20,12,8,0,0,0,0,0,0
55534701,28,15,13,27,14,13,1,1,0,6,3,3,25,14,11,28,15,13,0,0,0,0,0,0
55534702,50,25,25,50,25,25,0,0,0,8,4,4,49,24,25,44,22,22,0,0,0,6,3,3
55534703,715,381,334,710,379,331,4,2,2,270,150,120,668,359,309,523,260,263,50,48,2,142,73,69
55536301,34,16,18,34,16,18,0,0,0,6,4,2,33,15,18,25,12,13,0,0,0,9,4,5
55536302,746,368,378,737,361,376,8,6,2,327,157,170,692,334,358,728,355,373,3,1,2,15,12,3
55536303,36,20,16,35,19,16,1,1,0,8,5,3,34,18,16,32,17,15,0,0,0,4,3,1
55536304,74,41,33,73,40,33,1,1,0,23,14,9,66,36,30,64,35,29,5,3,2,5,3,2
53793401,253,132,121,252,131,121,1,1,0,80,44,36,239,122,117,246,126,120,0,0,0,7,6,1
53793402,68,32,36,68,32,36,0,0,0,8,3,5,67,32,35,68,32,36,0,0,0,0,0,0
3020400,0,0,0,0,0,0,0,0,0,0,0,0,0,0,0,0,0,0,0,0,0,0,0,0
55538001,91,48,43,90,48,42,1,0,1,41,25,16,86,46,40,89,47,42,0,0,0,2,1,1
55538002,43,22,21,42,22,20,1,0,1,18,8,10,38,19,19,32,17,15,0,0,0,11,5,6
55538003,34,20,14,34,20,14,0,0,0,5,2,3,34,20,14,18,10,8,0,0,0,16,10,6
55538004,312,157,155,312,157,155,0,0,0,182,90,92,293,150,143,308,155,153,0,0,0,4,2,2
55538006,270,145,125,270,145,125,0,0,0,157,88,69,257,138,119,258,139,119,0,0,0,12,6,6
55538007,55,29,26,54,29,25,1,0,1,22,10,12,47,26,21,37,18,19,0,0,0,18,11,7
55538009,146,78,68,146,78,68,0,0,0,83,47,36,143,75,68,133,69,64,0,0,0,13,9,4
55538010,142,70,72,140,68,72,2,2,0,72,33,39,133,64,69,138,68,70,0,0,0,4,2,2
55538011,156,75,81,155,74,81,1,1,0,85,40,45,154,74,80,154,74,80,0,0,0,2,1,1
55538012,1034,498,536,1023,491,532,10,6,4,533,278,255,977,475,502,955,476,479,76,19,57,3,3,0
55538013,2238,1042,1196,2183,1015,1168,51,26,25,1200,591,609,2100,960,1140,2238,1042,1196,0,0,0,0,0,0
55538014,364,187,177,348,175,173,15,11,4,202,113,89,348,177,171,362,186,176,0,0,0,2,1,1
55538015,855,419,436,844,415,429,8,3,5,491,239,252,811,400,411,852,418,434,0,0,0,3,1,2
55538016,1649,848,801,1506,762,744,139,84,55,831,438,393,1528,781,747,1434,696,738,54,33,21,161,119,42
55538017,212,105,107,212,105,107,0,0,0,118,51,67,199,99,100,206,101,105,4,3,1,2,1,1
55539801,137,75,62,137,75,62,0,0,0,61,36,25,134,75,59,136,74,62,0,0,0,1,1,0
55539802,662,335,327,646,329,317,13,4,9,178,89,89,597,306,291,606,304,302,14,8,6,42,23,19
55539803,3247,1562,1685,3226,1545,1681,19,16,3,1380,708,672,3108,1501,1607,3094,1462,1632,5,2,3,148,98,50
50649402,314,165,149,302,157,145,11,7,4,112,64,48,294,153,141,277,142,135,3,2,1,34,21,13
0782800,0,0,0,0,0,0,0,0,0,0,0,0,0,0,0,0,0,0,0,0,0,0,0,0
3365050,0,0,0,0,0,0,0,0,0,0,0,0,0,0,0,0,0,0,0,0,0,0,0,0
3365130,0,0,0,0,0,0,0,0,0,0,0,0,0,0,0,0,0,0,0,0,0,0,0,0
3365480,0,0,0,0,0,0,0,0,0,0,0,0,0,0,0,0,0,0,0,0,0,0,0,0
55542801,102,52,50,102,52,50,0,0,0,54,26,28,99,51,48,92,47,45,0,0,0,10,5,5
55542803,234,124,110,231,123,108,2,1,1,138,76,62,223,118,105,220,115,105,0,0,0,14,9,5
55542804,166,88,78,166,88,78,0,0,0,86,48,38,160,86,74,164,87,77,0,0,0,2,1,1
55542805,20,10,10,20,10,10,0,0,0,11,6,5,20,10,10,9,5,4,0,0,0,11,5,6
55542807,236,123,113,232,119,113,3,3,0,131,62,69,227,116,111,222,115,107,0,0,0,14,8,6
55542808,1203,1153,50,1144,1095,49,1,1,0,105,89,16,496,463,33,73,38,35,1129,1114,15,1,1,0
55542809,206,105,101,204,103,101,2,2,0,120,60,60,201,100,101,206,105,101,0,0,0,0,0,0
55542810,26,13,13,26,13,13,0,0,0,18,8,10,26,13,13,0,0,0,0,0,0,26,13,13
55542811,68,38,30,68,38,30,0,0,0,41,23,18,63,35,28,60,33,27,0,0,0,8,5,3
55542813,2769,1332,1437,2726,1304,1422,39,25,14,1356,674,682,2609,1244,1365,2745,1319,1426,23,13,10,1,0,1
55542814,150,69,81,150,69,81,0,0,0,82,34,48,147,67,80,142,63,79,1,1,0,7,5,2
55542815,58,34,24,57,33,24,1,1,0,21,12,9,50,30,20,47,25,22,8,6,2,3,3,0
55542816,1323,745,578,1310,737,573,10,6,4,675,384,291,1250,703,547,1048,535,513,0,0,0,275,210,65
55542817,4163,1941,2222,4126,1918,2208,35,22,13,2055,1016,1039,3980,1830,2150,4163,1941,2222,0,0,0,0,0,0
55542818,4954,2335,2619,4892,2300,2592,60,34,26,2415,1205,1210,4707,2195,2512,4934,2333,2601,19,1,18,1,1,0
55542819,154,73,81,153,72,81,1,1,0,76,37,39,125,61,64,126,63,63,28,10,18,0,0,0
55542820,43,22,21,42,21,21,1,1,0,25,13,12,40,20,20,43,22,21,0,0,0,0,0,0
55542821,796,402,394,794,401,393,2,1,1,417,228,189,741,375,366,686,339,347,110,63,47,0,0,0
53796901,224,101,123,220,98,122,4,3,1,90,43,47,214,97,117,224,101,123,0,0,0,0,0,0
53796902,761,371,390,758,368,390,3,3,0,234,118,116,713,352,361,756,368,388,0,0,0,5,3,2
55544401,80,39,41,80,39,41,0,0,0,50,25,25,80,39,41,78,38,40,0,0,0,2,1,1
55544402,45,22,23,45,22,23,0,0,0,22,12,10,44,21,23,43,21,22,0,0,0,2,1,1
55544403,215,113,102,215,113,102,0,0,0,112,58,54,201,106,95,202,102,100,0,0,0,13,11,2
55544404,30,14,16,30,14,16,0,0,0,12,8,4,29,14,15,25,12,13,0,0,0,5,2,3
55544405,20,9,11,18,8,10,2,1,1,4,2,2,18,9,9,16,8,8,0,0,0,4,1,3
1193181,0,0,0,0,0,0,0,0,0,0,0,0,0,0,0,0,0,0,0,0,0,0,0,0
55545201,597,300,297,593,299,294,4,1,3,202,108,94,550,277,273,516,270,246,51,11,40,30,19,11
55694701,549,271,278,546,268,278,2,2,0,244,132,112,522,260,262,535,264,271,0,0,0,14,7,7
55547901,351,185,166,333,175,158,18,10,8,155,83,72,337,176,161,334,175,159,3,3,0,14,7,7
55547902,43,22,21,42,21,21,1,1,0,24,13,11,43,22,21,39,20,19,1,0,1,3,2,1
55552501,43,22,21,43,22,21,0,0,0,18,10,8,42,22,20,34,17,17,0,0,0,9,5,4
55552502,74,34,40,74,34,40,0,0,0,34,15,19,71,32,39,74,34,40,0,0,0,0,0,0
55552503,225,118,107,215,110,105,5,3,2,95,53,42,194,106,88,223,116,107,0,0,0,2,2,0
55552504,23,12,11,23,12,11,0,0,0,9,6,3,22,11,11,22,11,11,0,0,0,1,1,0
55552505,34,17,17,34,17,17,0,0,0,19,10,9,31,15,16,32,15,17,0,0,0,2,2,0
55552507,122,69,53,122,69,53,0,0,0,53,25,28,120,68,52,112,61,51,0,0,0,10,8,2
55552508,27,11,16,27,11,16,0,0,0,8,1,7,26,11,15,27,11,16,0,0,0,0,0,0
55553301,313,150,163,312,150,162,1,0,1,122,62,60,298,143,155,306,147,159,0,0,0,7,3,4
55553302,45,21,24,42,20,22,2,1,1,15,7,8,42,20,22,45,21,24,0,0,0,0,0,0
55553303,149,72,77,149,72,77,0,0,0,31,18,13,137,67,70,149,72,77,0,0,0,0,0,0
55553304,312,164,148,312,164,148,0,0,0,99,61,38,290,151,139,301,159,142,0,0,0,11,5,6
55553305,37,22,15,37,22,15,0,0,0,7,4,3,33,20,13,37,22,15,0,0,0,0,0,0
55553306,98,53,45,98,53,45,0,0,0,45,30,15,88,46,42,96,52,44,0,0,0,2,1,1
55553307,79,45,34,79,45,34,0,0,0,33,22,11,78,44,34,79,45,34,0,0,0,0,0,0
55553308,55,25,30,55,25,30,0,0,0,11,3,8,54,25,29,55,25,30,0,0,0,0,0,0
55553309,219,119,100,217,118,99,2,1,1,88,43,45,211,116,95,198,102,96,0,0,0,21,17,4
53802701,230,123,107,222,119,103,8,4,4,71,39,32,211,114,97,196,101,95,8,5,3,26,17,9
55555001,108,58,50,104,56,48,4,2,2,39,17,22,104,56,48,105,56,49,0,0,0,3,2,1
55555002,35,18,17,34,18,16,1,0,1,10,3,7,34,17,17,21,12,9,0,0,0,14,6,8
55555003,306,157,149,305,156,149,1,1,0,130,78,52,287,148,139,288,144,144,0,0,0,18,13,5
55555005,122,63,59,122,63,59,0,0,0,58,35,23,115,58,57,108,56,52,0,0,0,14,7,7
55558401,58,29,29,58,29,29,0,0,0,18,12,6,57,28,29,45,20,25,0,0,0,13,9,4
55558402,27,13,14,27,13,14,0,0,0,10,7,3,24,12,12,14,8,6,0,0,0,13,5,8
55558405,54,29,25,54,29,25,0,0,0,15,8,7,52,27,25,44,23,21,0,0,0,10,6,4
55558406,35,18,17,35,18,17,0,0,0,13,5,8,31,16,15,28,14,14,0,0,0,7,4,3
55558407,34,15,19,33,15,18,1,0,1,17,8,9,34,15,19,34,15,19,0,0,0,0,0,0
55558408,310,162,148,310,162,148,0,0,0,153,73,80,292,149,143,299,152,147,0,0,0,11,10,1
55558409,35,17,18,35,17,18,0,0,0,10,7,3,32,15,17,23,11,12,0,0,0,12,6,6
55559201,81,40,41,80,39,41,1,1,0,28,16,12,77,37,40,72,36,36,0,0,0,9,4,5
55559202,33,15,18,32,15,17,1,0,1,7,3,4,33,15,18,28,12,16,0,0,0,5,3,2
55559203,284,147,137,282,146,136,2,1,1,101,51,50,271,141,130,270,134,136,0,0,0,14,13,1
55559204,141,68,73,140,67,73,1,1,0,61,33,28,137,66,71,140,68,72,0,0,0,1,0,1
55561401,195,109,86,195,109,86,0,0,0,67,40,27,173,97,76,169,92,77,1,1,0,25,16,9
55561402,60,31,29,59,31,28,1,0,1,22,12,10,56,29,27,45,23,22,0,0,0,15,8,7
55561403,207,109,98,205,108,97,2,1,1,90,52,38,203,107,96,205,108,97,0,0,0,2,1,1
55561404,87,37,50,83,35,48,0,0,0,26,12,14,86,37,49,82,35,47,0,0,0,5,2,3
55561405,99,53,46,99,53,46,0,0,0,29,17,12,90,49,41,54,28,26,4,3,1,41,22,19
55562201,43,22,21,42,21,21,1,1,0,12,8,4,43,22,21,43,22,21,0,0,0,0,0,0
55562202,49,27,22,48,26,22,1,1,0,24,15,9,46,25,21,43,25,18,0,0,0,6,2,4
55562203,83,41,42,79,39,40,1,0,1,42,24,18,81,41,40,83,41,42,0,0,0,0,0,0
55562206,234,129,105,234,129,105,0,0,0,128,76,52,227,124,103,223,123,100,0,0,0,11,6,5
55562208,79,36,43,77,34,43,1,1,0,46,22,24,79,36,43,79,36,43,0,0,0,0,0,0
53784501,113,57,56,111,57,54,2,0,2,28,14,14,112,57,55,92,45,47,0,0,0,21,12,9
0270490,0,0,0,0,0,0,0,0,0,0,0,0,0,0,0,0,0,0,0,0,0,0,0,0
1679320,0,0,0,0,0,0,0,0,0,0,0,0,0,0,0,0,0,0,0,0,0,0,0,0
3020740,0,0,0,0,0,0,0,0,0,0,0,0,0,0,0,0,0,0,0,0,0,0,0,0
55565702,110,69,41,107,66,41,1,1,0,57,29,28,96,59,37,76,40,36,24,24,0,10,5,5
55565703,74,42,32,74,42,32,0,0,0,36,19,17,67,40,27,51,31,20,0,0,0,23,11,12
55565705,166,73,93,166,73,93,0,0,0,104,46,58,157,69,88,166,73,93,0,0,0,0,0,0
55565706,45,25,20,45,25,20,0,0,0,22,12,10,44,25,19,45,25,20,0,0,0,0,0,0
55565707,55,29,26,54,28,26,1,1,0,20,12,8,53,28,25,55,29,26,0,0,0,0,0,0
55565708,69,35,34,68,35,33,1,0,1,33,18,15,62,31,31,59,30,29,4,2,2,6,3,3
55565709,57,25,32,57,25,32,0,0,0,32,13,19,54,24,30,57,25,32,0,0,0,0,0,0
55565711,43,20,23,43,20,23,0,0,0,14,9,5,40,19,21,39,18,21,0,0,0,4,2,2
55565712,47,23,24,47,23,24,0,0,0,26,12,14,47,23,24,37,18,19,0,0,0,10,5,5
55565713,92,50,42,90,48,42,2,2,0,62,36,26,91,50,41,92,50,42,0,0,0,0,0,0
55565714,177,84,93,176,83,93,1,1,0,87,49,38,170,81,89,154,76,78,23,8,15,0,0,0
55565716,1492,730,762,1484,727,757,8,3,5,723,370,353,1419,693,726,1410,666,744,0,0,0,82,64,18
55565717,482,248,234,479,246,233,2,2,0,253,137,116,453,231,222,481,248,233,0,0,0,1,0,1
55565718,109,50,59,109,50,59,0,0,0,55,22,33,104,48,56,109,50,59,0,0,0,0,0,0
55565719,439,205,234,436,204,232,3,1,2,225,116,109,411,196,215,438,204,234,0,0,0,1,1,0
55568102,68,30,38,68,30,38,0,0,0,23,11,12,63,29,34,62,28,34,0,0,0,6,2,4
55568103,64,31,33,64,31,33,0,0,0,27,12,15,64,31,33,57,28,29,0,0,0,7,3,4
55568104,43,20,23,43,20,23,0,0,0,16,8,8,42,19,23,41,20,21,0,0,0,2,0,2
55568106,432,219,213,423,215,208,5,1,4,196,104,92,408,204,204,418,206,212,0,0,0,14,13,1
3923910,0,0,0,0,0,0,0,0,0,0,0,0,0,0,0,0,0,0,0,0,0,0,0,0
55569001,46,22,24,46,22,24,0,0,0,7,3,4,46,22,24,46,22,24,0,0,0,0,0,0
55569002,21,11,10,19,10,9,2,1,1,3,3,0,19,10,9,21,11,10,0,0,0,0,0,0
55569003,35,17,18,35,17,18,0,0,0,17,10,7,32,16,16,35,17,18,0,0,0,0,0,0
55569005,261,142,119,257,141,116,3,1,2,81,48,33,238,126,112,252,137,115,0,0,0,9,5,4
55570301,398,204,194,393,202,191,5,2,3,154,86,68,377,192,185,372,189,183,0,0,0,26,15,11
55570302,79,40,39,78,40,38,1,0,1,34,17,17,75,38,37,57,29,28,0,0,0,22,11,11
55571101,59,30,29,59,30,29,0,0,0,25,13,12,59,30,29,59,30,29,0,0,0,0,0,0
55571102,30,16,14,30,16,14,0,0,0,12,7,5,30,16,14,30,16,14,0,0,0,0,0,0
55571104,52,22,30,52,22,30,0,0,0,20,8,12,48,22,26,52,22,30,0,0,0,0,0,0
55571105,28,17,11,27,16,11,0,0,0,8,6,2,25,15,10,26,16,10,0,0,0,2,1,1
55571106,181,93,88,181,93,88,0,0,0,67,38,29,155,79,76,173,88,85,0,0,0,8,5,3
55571108,98,52,46,95,50,45,3,2,1,32,15,17,89,47,42,98,52,46,0,0,0,0,0,0
55573801,220,114,106,220,114,106,0,0,0,103,52,51,215,111,104,219,113,106,0,0,0,1,1,0
55573802,329,176,153,324,173,151,4,2,2,125,72,53,305,164,141,293,153,140,0,0,0,36,23,13
55573803,33,22,11,33,22,11,0,0,0,16,13,3,32,22,10,33,22,11,0,0,0,0,0,0
56667501,49,22,27,49,22,27,0,0,0,19,7,12,46,20,26,49,22,27,0,0,0,0,0,0
56667503,130,60,70,130,60,70,0,0,0,60,25,35,122,57,65,130,60,70,0,0,0,0,0,0
57802901,221,89,132,215,89,126,0,0,0,62,27,35,210,83,127,123,61,62,69,12,57,29,16,13
57802902,126,57,69,126,57,69,0,0,0,49,26,23,120,55,65,117,52,65,1,0,1,8,5,3
1977340,0,0,0,0,0,0,0,0,0,0,0,0,0,0,0,0,0,0,0,0,0,0,0,0
1977420,0,0,0,0,0,0,0,0,0,0,0,0,0,0,0,0,0,0,0,0,0,0,0,0
1977770,0,0,0,0,0,0,0,0,0,0,0,0,0,0,0,0,0,0,0,0,0,0,0,0
55576203,69,34,35,69,34,35,0,0,0,29,14,15,65,32,33,68,34,34,0,0,0,1,0,1
55576205,32,16,16,32,16,16,0,0,0,14,6,8,24,11,13,32,16,16,0,0,0,0,0,0
55576206,52,28,24,52,28,24,0,0,0,21,13,8,46,25,21,52,28,24,0,0,0,0,0,0
55576207,32,15,17,32,15,17,0,0,0,10,5,5,26,13,13,26,11,15,0,0,0,6,4,2
55576208,1973,981,992,1957,971,986,13,7,6,916,485,431,1883,926,957,1907,922,985,23,23,0,43,36,7
0146640,0,0,0,0,0,0,0,0,0,0,0,0,0,0,0,0,0,0,0,0,0,0,0,0
0704590,0,0,0,0,0,0,0,0,0,0,0,0,0,0,0,0,0,0,0,0,0,0,0,0
0704670,0,0,0,0,0,0,0,0,0,0,0,0,0,0,0,0,0,0,0,0,0,0,0,0
0704750,0,0,0,0,0,0,0,0,0,0,0,0,0,0,0,0,0,0,0,0,0,0,0,0
0704830,0,0,0,0,0,0,0,0,0,0,0,0,0,0,0,0,0,0,0,0,0,0,0,0
0705050,0,0,0,0,0,0,0,0,0,0,0,0,0,0,0,0,0,0,0,0,0,0,0,0
56029401,2240,1076,1164,2230,1071,1159,10,5,5,971,498,473,2117,1018,1099,2191,1040,1151,0,0,0,49,36,13
56029402,81,44,37,81,44,37,0,0,0,28,18,10,79,43,36,60,31,29,0,0,0,21,13,8
56029403,36,19,17,36,19,17,0,0,0,13,6,7,35,19,16,26,13,13,3,2,1,7,4,3
56029407,33,15,18,33,15,18,0,0,0,4,2,2,33,15,18,21,9,12,0,0,0,12,6,6
56029409,52,25,27,52,25,27,0,0,0,12,9,3,46,22,24,47,23,24,0,0,0,5,2,3
56029410,135,70,65,135,70,65,0,0,0,49,27,22,130,69,61,135,70,65,0,0,0,0,0,0
56030801,362,195,167,359,193,166,2,2,0,109,60,49,349,191,158,334,176,158,3,2,1,25,17,8
56031601,1438,725,713,1422,717,705,15,8,7,592,302,290,1344,681,663,1398,695,703,3,2,1,37,28,9
56032401,677,333,344,675,332,343,2,1,1,251,125,126,637,310,327,661,320,341,0,0,0,16,13,3
56032402,158,83,75,157,82,75,1,1,0,64,32,32,155,80,75,158,83,75,0,0,0,0,0,0
56033201,255,138,117,255,138,117,0,0,0,82,49,33,226,127,99,229,123,106,0,0,0,26,15,11
56034101,57,30,27,57,30,27,0,0,0,6,3,3,57,30,27,43,24,19,0,0,0,14,6,8
56034102,160,85,75,160,85,75,0,0,0,53,28,25,155,83,72,142,74,68,0,0,0,18,11,7
56034103,76,36,40,76,36,40,0,0,0,22,12,10,70,35,35,67,33,34,0,0,0,9,3,6
56034104,48,29,19,48,29,19,0,0,0,10,7,3,47,28,19,32,19,13,0,0,0,16,10,6
53859101,1294,643,651,1293,642,651,1,1,0,448,245,203,1205,607,598,1248,631,617,38,4,34,8,8,0
56035901,3613,1801,1812,3587,1782,1805,22,16,6,1764,898,866,3408,1708,1700,3520,1725,1795,0,0,0,93,76,17
56035902,603,286,317,601,284,317,2,2,0,238,111,127,576,271,305,571,278,293,28,6,22,4,2,2
56035903,65,33,32,65,33,32,0,0,0,35,16,19,63,33,30,62,32,30,0,0,0,3,1,2
56035904,22,13,9,21,12,9,1,1,0,11,7,4,21,13,8,18,11,7,0,0,0,4,2,2
56035905,93,47,46,92,46,46,1,1,0,59,32,27,89,45,44,93,47,46,0,0,0,0,0,0
56035906,87,39,48,87,39,48,0,0,0,45,19,26,84,37,47,87,39,48,0,0,0,0,0,0
56036702,67,34,33,67,34,33,0,0,0,28,16,12,66,33,33,43,21,22,0,0,0,24,13,11
56036703,73,52,21,73,52,21,0,0,0,7,3,4,17,9,8,9,4,5,64,48,16,0,0,0
56036704,1325,665,660,1314,659,655,9,6,3,663,346,317,1244,627,617,1180,558,622,34,13,21,111,94,17
56036705,216,117,99,214,115,99,1,1,0,133,72,61,213,117,96,194,105,89,22,12,10,0,0,0
56036706,1418,723,695,1406,716,690,12,7,5,683,361,322,1344,687,657,1417,722,695,0,0,0,1,1,0
56036707,57,33,24,55,32,23,2,1,1,28,13,15,52,30,22,42,24,18,0,0,0,15,9,6
56036708,510,246,264,510,246,264,0,0,0,267,148,119,479,230,249,508,245,263,2,1,1,0,0,0
56036709,67,33,34,64,32,32,2,1,1,23,12,11,62,33,29,48,24,24,0,0,0,19,9,10
56036712,521,279,242,518,278,240,3,1,2,270,145,125,498,265,233,517,278,239,1,0,1,3,1,2
56036713,692,680,12,627,615,12,0,0,0,18,13,5,398,389,9,16,6,10,676,674,2,0,0,0
56036715,805,388,417,804,387,417,0,0,0,413,212,201,776,373,403,793,385,408,11,2,9,1,1,0
56037501,266,134,132,264,133,131,2,1,1,92,48,44,251,127,124,264,132,132,0,0,0,2,2,0
1537700,0,0,0,0,0,0,0,0,0,0,0,0,0,0,0,0,0,0,0,0,0,0,0,0
56038301,297,155,142,297,155,142,0,0,0,176,97,79,287,149,138,292,151,141,0,0,0,5,4,1
56038302,1638,877,761,1621,865,756,17,12,5,809,443,366,1567,841,726,1362,652,710,2,2,0,274,223,51
56038304,52,31,21,52,31,21,0,0,0,26,17,9,51,31,20,47,29,18,0,0,0,5,2,3
56038305,193,99,94,189,96,93,3,3,0,107,54,53,178,92,86,189,95,94,3,3,0,1,1,0
56038306,3785,1836,1949,3741,1816,1925,40,18,22,1802,915,887,3607,1741,1866,3784,1835,1949,0,0,0,1,1,0
56038308,171,93,78,171,93,78,0,0,0,75,37,38,159,87,72,142,71,71,28,22,6,1,0,1
56038309,935,444,491,922,437,485,13,7,6,455,217,238,900,428,472,930,441,489,0,0,0,5,3,2
56038310,2021,959,1062,2002,946,1056,17,12,5,867,432,435,1933,920,1013,2020,959,1061,0,0,0,1,0,1
56038311,2077,1015,1062,2059,1006,1053,17,8,9,972,517,455,1986,969,1017,2077,1015,1062,0,0,0,0,0,0
56038312,1282,585,697,1268,580,688,14,5,9,573,284,289,1210,547,663,1282,585,697,0,0,0,0,0,0
0604880,0,0,0,0,0,0,0,0,0,0,0,0,0,0,0,0,0,0,0,0,0,0,0,0
56041301,41,21,20,41,21,20,0,0,0,7,4,3,28,14,14,35,18,17,0,0,0,6,3,3
56041302,61,33,28,60,33,27,1,0,1,14,7,7,57,31,26,18,10,8,0,0,0,43,23,20
56041303,42,26,16,42,26,16,0,0,0,13,9,4,36,21,15,9,6,3,0,0,0,33,20,13
56041305,38,21,17,38,21,17,0,0,0,10,5,5,32,17,15,23,13,10,1,0,1,14,8,6
56041307,312,164,148,310,162,148,1,1,0,131,74,57,294,153,141,299,154,145,0,0,0,13,10,3
51158701,57,31,26,57,31,26,0,0,0,11,7,4,56,30,26,55,30,25,0,0,0,2,1,1
51158702,56,27,29,56,27,29,0,0,0,12,7,5,48,23,25,54,26,28,0,0,0,2,1,1
51158703,26,10,16,26,10,16,0,0,0,9,3,6,25,10,15,25,9,16,0,0,0,1,1,0
51158704,103,48,55,103,48,55,0,0,0,29,16,13,96,47,49,103,48,55,0,0,0,0,0,0
51158705,139,67,72,139,67,72,0,0,0,51,23,28,130,64,66,131,62,69,0,0,0,8,5,3
56042101,151,75,76,150,75,75,1,0,1,60,37,23,146,72,74,151,75,76,0,0,0,0,0,0
56042102,237,126,111,236,125,111,1,1,0,71,39,32,228,120,108,231,123,108,0,0,0,6,3,3
0722810,0,0,0,0,0,0,0,0,0,0,0,0,0,0,0,0,0,0,0,0,0,0,0,0
0723030,0,0,0,0,0,0,0,0,0,0,0,0,0,0,0,0,0,0,0,0,0,0,0,0
56045601,38,20,18,37,19,18,1,1,0,9,5,4,33,17,16,30,17,13,0,0,0,8,3,5
56045602,28,16,12,28,16,12,0,0,0,6,2,4,26,16,10,25,15,10,0,0,0,3,1,2
56045603,22,12,10,22,12,10,0,0,0,3,2,1,15,8,7,18,10,8,0,0,0,4,2,2
56045604,724,367,357,722,365,357,2,2,0,292,153,139,699,357,342,686,344,342,0,0,0,38,23,15
56045605,43,22,21,43,22,21,0,0,0,10,6,4,32,17,15,42,21,21,0,0,0,1,1,0
56045606,41,20,21,41,20,21,0,0,0,6,5,1,39,18,21,35,17,18,0,0,0,6,3,3
0726812,0,0,0,0,0,0,0,0,0,0,0,0,0,0,0,0,0,0,0,0,0,0,0,0
56046401,893,434,459,885,429,456,6,5,1,317,167,150,838,407,431,737,376,361,146,49,97,10,9,1
0733260,0,0,0,0,0,0,0,0,0,0,0,0,0,0,0,0,0,0,0,0,0,0,0,0
3091410,0,0,0,0,0,0,0,0,0,0,0,0,0,0,0,0,0,0,0,0,0,0,0,0
56047201,44,22,22,44,22,22,0,0,0,24,12,12,43,21,22,29,13,16,0,0,0,15,9,6
56047202,29,13,16,29,13,16,0,0,0,13,6,7,27,12,15,29,13,16,0,0,0,0,0,0
56047205,38,21,17,37,20,17,1,1,0,17,11,6,36,19,17,31,17,14,0,0,0,7,4,3
56047207,88,50,38,88,50,38,0,0,0,33,19,14,81,46,35,71,41,30,0,0,0,17,9,8
56047208,135,76,59,135,76,59,0,0,0,77,46,31,133,75,58,128,72,56,3,2,1,4,2,2
56047209,45,23,22,44,22,22,1,1,0,26,14,12,43,21,22,45,23,22,0,0,0,0,0,0
56047210,42,19,23,42,19,23,0,0,0,20,9,11,37,17,20,42,19,23,0,0,0,0,0,0
56047213,31,16,15,31,16,15,0,0,0,9,5,4,28,14,14,21,9,12,0,0,0,10,7,3
56047214,455,236,219,452,234,218,2,1,1,243,135,108,440,225,215,453,234,219,2,2,0,0,0,0
56047215,587,296,291,586,296,290,1,0,1,280,142,138,567,281,286,577,290,287,5,4,1,5,2,3
56047216,61,28,33,61,28,33,0,0,0,33,15,18,57,27,30,61,28,33,0,0,0,0,0,0
56047217,971,455,516,954,444,510,16,10,6,427,201,226,910,428,482,971,455,516,0,0,0,0,0,0
56047218,1617,797,820,1580,777,803,36,19,17,805,412,393,1521,746,775,1538,734,804,8,6,2,71,57,14
56047219,609,318,291,605,316,289,4,2,2,311,164,147,587,307,280,575,295,280,33,22,11,1,1,0
56047220,1534,750,784,1507,738,769,26,11,15,775,383,392,1445,705,740,1526,745,781,4,2,2,4,3,1
56047221,20,8,12,20,8,12,0,0,0,10,4,6,19,8,11,20,8,12,0,0,0,0,0,0
0738220,0,0,0,0,0,0,0,0,0,0,0,0,0,0,0,0,0,0,0,0,0,0,0,0
53833701,31,17,14,31,17,14,0,0,0,8,5,3,27,15,12,26,14,12,0,0,0,5,3,2
53833702,47,24,23,47,24,23,0,0,0,24,14,10,46,23,23,38,20,18,0,0,0,9,4,5
53833703,589,303,286,587,302,285,2,1,1,242,128,114,560,292,268,569,289,280,0,0,0,20,14,6
56049901,54,23,31,54,23,31,0,0,0,26,13,13,52,22,30,54,23,31,0,0,0,0,0,0
56049902,39,18,21,39,18,21,0,0,0,22,10,12,37,17,20,36,16,20,0,0,0,3,2,1
56049903,3790,1846,1944,3751,1824,1927,34,17,17,1870,945,925,3620,1751,1869,3703,1782,1921,14,7,7,73,57,16
56049904,172,85,87,171,85,86,1,0,1,77,39,38,158,81,77,172,85,87,0,0,0,0,0,0
56049906,65,31,34,63,31,32,2,0,2,31,20,11,63,31,32,65,31,34,0,0,0,0,0,0
56049907,45,24,21,45,24,21,0,0,0,21,13,8,44,23,21,33,17,16,0,0,0,12,7,5
56049908,584,531,53,539,486,53,1,1,0,35,20,15,320,271,49,94,44,50,490,487,3,0,0,0
56049909,236,89,147,233,89,144,2,0,2,51,26,25,205,79,126,117,60,57,119,29,90,0,0,0
56050201,37,17,20,37,17,20,0,0,0,4,1,3,32,15,17,37,17,20,0,0,0,0,0,0
56050202,452,221,231,442,217,225,10,4,6,175,91,84,430,211,219,439,215,224,7,2,5,6,4,2
56053701,21,9,12,21,9,12,0,0,0,6,3,3,17,7,10,12,5,7,0,0,0,9,4,5
56053702,1155,552,603,1150,550,600,5,2,3,399,202,197,1095,523,572,1154,551,603,0,0,0,1,1,0
56053703,567,311,256,562,307,255,5,4,1,222,131,91,537,293,244,508,268,240,1,1,0,58,42,16
56053705,759,397,362,753,393,360,6,4,2,337,183,154,706,366,340,746,390,356,0,0,0,13,7,6
56053706,274,131,143,273,131,142,1,0,1,117,59,58,258,124,134,248,114,134,22,15,7,4,2,2
56053707,68,35,33,68,35,33,0,0,0,17,9,8,68,35,33,61,30,31,0,0,0,7,5,2
56053708,92,49,43,91,49,42,1,0,1,40,23,17,90,48,42,91,48,43,1,1,0,0,0,0
56054501,773,400,373,772,399,373,1,1,0,307,168,139,733,380,353,757,387,370,0,0,0,16,13,3
56054502,512,251,261,507,249,258,4,2,2,206,103,103,489,240,249,512,251,261,0,0,0,0,0,0
56056101,48,26,22,46,25,21,1,0,1,14,7,7,43,23,20,38,22,16,0,0,0,10,4,6
56056102,135,71,64,135,71,64,0,0,0,59,32,27,125,65,60,131,68,63,0,0,0,4,3,1
56057001,49,27,22,47,26,21,2,1,1,19,13,6,39,23,16,49,27,22,0,0,0,0,0,0
56057002,186,94,92,183,92,91,2,2,0,75,37,38,177,91,86,186,94,92,0,0,0,0,0,0
56057003,140,69,71,137,68,69,3,1,2,53,26,27,134,66,68,140,69,71,0,0,0,0,0,0
56057004,507,261,246,505,261,244,1,0,1,237,128,109,471,245,226,472,254,218,35,7,28,0,0,0
56057005,983,488,495,959,472,487,22,15,7,488,259,229,926,457,469,983,488,495,0,0,0,0,0,0
56057006,657,343,314,649,338,311,7,5,2,328,167,161,633,331,302,615,310,305,0,0,0,42,33,9
56058801,83,46,37,82,45,37,1,1,0,39,19,20,79,46,33,74,42,32,0,0,0,9,4,5
56058802,703,352,351,692,350,342,9,1,8,318,159,159,648,326,322,674,330,344,1,0,1,28,22,6
56058804,512,245,267,509,242,267,2,2,0,248,135,113,476,231,245,506,242,264,0,0,0,6,3,3
56058805,192,100,92,186,95,91,5,5,0,72,41,31,169,85,84,182,96,86,0,0,0,10,4,6
56058806,46,21,25,46,21,25,0,0,0,15,6,9,43,19,24,31,15,16,0,0,0,15,6,9
56058807,21,11,10,21,11,10,0,0,0,9,5,4,21,11,10,16,8,8,0,0,0,5,3,2
1341470,0,0,0,0,0,0,0,0,0,0,0,0,0,0,0,0,0,0,0,0,0,0,0,0
1341550,0,0,0,0,0,0,0,0,0,0,0,0,0,0,0,0,0,0,0,0,0,0,0,0
56059601,64,33,31,64,33,31,0,0,0,12,9,3,57,30,27,60,30,30,0,0,0,4,3,1
56060001,30,16,14,28,15,13,2,1,1,9,6,3,27,15,12,28,15,13,0,0,0,2,1,1
56060002,213,109,104,212,109,103,1,0,1,101,56,45,205,105,100,200,101,99,0,0,0,13,8,5
56060003,2140,1046,1094,2132,1041,1091,7,4,3,984,502,482,2046,1002,1044,2098,1009,1089,0,0,0,42,37,5
56060004,200,106,94,199,105,94,1,1,0,86,49,37,178,94,84,197,104,93,0,0,0,3,2,1
56060005,53,26,27,53,26,27,0,0,0,19,8,11,49,24,25,49,25,24,0,0,0,4,1,3
1421820,0,0,0,0,0,0,0,0,0,0,0,0,0,0,0,0,0,0,0,0,0,0,0,0
56061803,41,22,19,38,20,18,3,2,1,17,8,9,39,21,18,0,0,0,0,0,0,41,22,19
56061805,189,103,86,189,103,86,0,0,0,52,27,25,174,96,78,178,96,82,0,0,0,11,7,4
56061806,34,15,19,33,15,18,1,0,1,6,2,4,26,13,13,15,7,8,0,0,0,19,8,11
3024570,0,0,0,0,0,0,0,0,0,0,0,0,0,0,0,0,0,0,0,0,0,0,0,0
56028601,90,48,42,88,47,41,2,1,1,36,24,12,81,43,38,71,38,33,0,0,0,19,10,9
56028603,200,103,97,200,103,97,0,0,0,137,74,63,199,103,96,199,102,97,0,0,0,1,1,0
56028605,1608,796,812,1584,784,800,23,12,11,792,412,380,1493,735,758,1608,796,812,0,0,0,0,0,0
56028606,969,578,391,961,573,388,8,5,3,445,274,171,919,561,358,622,296,326,1,1,0,346,281,65
56028607,1771,844,927,1759,837,922,12,7,5,846,437,409,1683,804,879,1767,840,927,0,0,0,4,4,0
56028608,5875,2787,3088,5832,2761,3071,38,23,15,2911,1439,1472,5577,2636,2941,5825,2760,3065,48,26,22,2,1,1
56028609,2649,1254,1395,2626,1241,1385,20,11,9,1278,608,670,2519,1185,1334,2645,1251,1394,0,0,0,4,3,1
56028610,3249,1544,1705,3218,1529,1689,31,15,16,1582,802,780,3091,1465,1626,3239,1536,1703,8,6,2,2,2,0
56028611,566,281,285,563,278,285,1,1,0,305,156,149,532,267,265,533,258,275,33,23,10,0,0,0
56028612,22,17,5,22,17,5,0,0,0,12,10,2,17,14,3,4,3,1,11,11,0,7,3,4
56028613,998,472,526,991,466,525,7,6,1,478,234,244,954,452,502,998,472,526,0,0,0,0,0,0
56028615,1679,773,906,1662,758,904,16,14,2,740,345,395,1611,732,879,1624,756,868,53,15,38,2,2,0
56028616,1010,493,517,1000,486,514,7,6,1,544,285,259,959,469,490,991,484,507,17,7,10,2,2,0
56028617,129,61,68,128,60,68,1,1,0,74,37,37,120,58,62,129,61,68,0,0,0,0,0,0
56028618,669,349,320,658,345,313,9,4,5,325,175,150,584,303,281,662,347,315,2,1,1,5,1,4
56064201,779,406,373,778,406,372,1,0,1,273,152,121,747,392,355,750,385,365,0,0,0,29,21,8
1576510,0,0,0,0,0,0,0,0,0,0,0,0,0,0,0,0,0,0,0,0,0,0,0,0
56065101,483,249,234,481,248,233,2,1,1,156,77,79,426,219,207,432,216,216,11,8,3,40,25,15
53843401,1338,661,677,1317,640,677,21,21,0,504,255,249,1226,618,608,1263,624,639,39,12,27,36,25,11
53843402,34,18,16,33,17,16,1,1,0,14,7,7,31,15,16,27,13,14,0,0,0,7,5,2
53843403,274,133,141,270,130,140,4,3,1,69,38,31,272,133,139,256,122,134,11,7,4,7,4,3
53839601,331,160,171,331,160,171,0,0,0,111,58,53,309,150,159,319,154,165,2,1,1,10,5,5
1625580,0,0,0,0,0,0,0,0,0,0,0,0,0,0,0,0,0,0,0,0,0,0,0,0
56067701,104,55,49,104,55,49,0,0,0,28,13,15,94,50,44,79,42,37,0,0,0,25,13,12
56067702,60,32,28,57,31,26,3,1,2,21,13,8,51,29,22,54,30,24,3,1,2,3,1,2
56067704,55,31,24,55,31,24,0,0,0,10,9,1,51,28,23,34,18,16,0,0,0,21,13,8
56067705,90,49,41,90,49,41,0,0,0,31,18,13,85,45,40,81,42,39,3,2,1,6,5,1
53866301,160,85,75,160,85,75,0,0,0,61,37,24,159,84,75,132,71,61,0,0,0,28,14,14
57936001,261,133,128,260,132,128,0,0,0,62,29,33,247,127,120,246,123,123,0,0,0,15,10,5
56068501,1175,587,588,1166,582,584,8,4,4,509,264,245,1095,543,552,1138,556,582,0,0,0,37,31,6
3313090,0,0,0,0,0,0,0,0,0,0,0,0,0,0,0,0,0,0,0,0,0,0,0,0
56070701,360,201,159,359,200,159,0,0,0,173,88,85,334,186,148,241,136,105,118,64,54,1,1,0
56234301,390,199,191,389,198,191,1,1,0,157,84,73,368,188,180,354,177,177,4,2,2,32,20,12
56235101,54,26,28,54,26,28,0,0,0,25,15,10,49,25,24,47,23,24,0,0,0,7,3,4
56235102,353,168,185,352,167,185,1,1,0,168,85,83,338,159,179,353,168,185,0,0,0,0,0,0
56235103,106,52,54,106,52,54,0,0,0,53,30,23,104,51,53,106,52,54,0,0,0,0,0,0
56235104,112,59,53,111,58,53,0,0,0,46,26,20,108,56,52,112,59,53,0,0,0,0,0,0
56235105,455,231,224,454,230,224,1,1,0,268,140,128,439,225,214,447,228,219,0,0,0,8,3,5
56235106,495,271,224,483,266,217,12,5,7,248,155,93,458,256,202,448,233,215,0,0,0,47,38,9
56235109,938,436,502,936,434,502,1,1,0,407,211,196,889,417,472,938,436,502,0,0,0,0,0,0
56235110,33,20,13,33,20,13,0,0,0,18,11,7,33,20,13,22,13,9,0,0,0,11,7,4
56235111,224,112,112,224,112,112,0,0,0,130,70,60,214,109,105,224,112,112,0,0,0,0,0,0
56235113,91,42,49,91,42,49,0,0,0,38,22,16,88,41,47,91,42,49,0,0,0,0,0,0
56235114,679,346,333,678,345,333,1,1,0,378,212,166,634,321,313,679,346,333,0,0,0,0,0,0
54464701,335,172,163,334,172,162,1,0,1,116,64,52,320,164,156,321,163,158,0,0,0,14,9,5
0213512,0,0,0,0,0,0,0,0,0,0,0,0,0,0,0,0,0,0,0,0,0,0,0,0
3098690,0,0,0,0,0,0,0,0,0,0,0,0,0,0,0,0,0,0,0,0,0,0,0,0
56239401,765,378,387,765,378,387,0,0,0,428,227,201,728,360,368,763,376,387,0,0,0,2,2,0
56239402,94,43,51,93,42,51,1,1,0,39,18,21,88,40,48,94,43,51,0,0,0,0,0,0
56239403,131,44,87,131,44,87,0,0,0,60,21,39,120,41,79,131,44,87,0,0,0,0,0,0
56239404,40,23,17,40,23,17,0,0,0,18,11,7,37,22,15,40,23,17,0,0,0,0,0,0
56239405,311,155,156,310,154,156,1,1,0,179,87,92,295,146,149,311,155,156,0,0,0,0,0,0
56239406,43,24,19,43,24,19,0,0,0,27,16,11,41,23,18,43,24,19,0,0,0,0,0,0
56239407,195,91,104,195,91,104,0,0,0,112,56,56,188,88,100,195,91,104,0,0,0,0,0,0
56239409,63,28,35,63,28,35,0,0,0,33,12,21,61,28,33,59,27,32,0,0,0,4,1,3
56239410,69,40,29,69,40,29,0,0,0,29,14,15,67,38,29,68,39,29,0,0,0,1,1,0
56239411,164,84,80,163,84,79,1,0,1,78,45,33,152,79,73,154,79,75,0,0,0,10,5,5
56239412,136,76,60,136,76,60,0,0,0,49,28,21,124,69,55,113,63,50,0,0,0,23,13,10
56239413,82,44,38,82,44,38,0,0,0,33,17,16,77,42,35,82,44,38,0,0,0,0,0,0
56239414,30,13,17,30,13,17,0,0,0,19,7,12,29,12,17,30,13,17,0,0,0,0,0,0
56239415,82,38,44,82,38,44,0,0,0,46,20,26,78,36,42,82,38,44,0,0,0,0,0,0
56239416,208,106,102,208,106,102,0,0,0,100,53,47,200,102,98,208,106,102,0,0,0,0,0,0
56239417,92,45,47,92,45,47,0,0,0,35,18,17,87,42,45,90,43,47,0,0,0,2,2,0
56239418,457,210,247,457,210,247,0,0,0,210,100,110,406,189,217,425,197,228,32,13,19,0,0,0
56239419,509,266,243,504,262,242,5,4,1,256,145,111,490,258,232,506,264,242,0,0,0,3,2,1
56239420,1237,626,611,1235,625,610,1,1,0,607,330,277,1172,597,575,1106,536,570,58,33,25,73,57,16
56239421,387,176,211,385,175,210,2,1,1,149,78,71,351,159,192,285,140,145,102,36,66,0,0,0
0250032,0,0,0,0,0,0,0,0,0,0,0,0,0,0,0,0,0,0,0,0,0,0,0,0
0250540,0,0,0,0,0,0,0,0,0,0,0,0,0,0,0,0,0,0,0,0,0,0,0,0
0252670,0,0,0,0,0,0,0,0,0,0,0,0,0,0,0,0,0,0,0,0,0,0,0,0
0252830,0,0,0,0,0,0,0,0,0,0,0,0,0,0,0,0,0,0,0,0,0,0,0,0
0252910,0,0,0,0,0,0,0,0,0,0,0,0,0,0,0,0,0,0,0,0,0,0,0,0
3099230,0,0,0,0,0,0,0,0,0,0,0,0,0,0,0,0,0,0,0,0,0,0,0,0
3194650,0,0,0,0,0,0,0,0,0,0,0,0,0,0,0,0,0,0,0,0,0,0,0,0
3194730,0,0,0,0,0,0,0,0,0,0,0,0,0,0,0,0,0,0,0,0,0,0,0,0
3368150,0,0,0,0,0,0,0,0,0,0,0,0,0,0,0,0,0,0,0,0,0,0,0,0
3368310,0,0,0,0,0,0,0,0,0,0,0,0,0,0,0,0,0,0,0,0,0,0,0,0
56233501,85,44,41,85,44,41,0,0,0,56,33,23,79,43,36,85,44,41,0,0,0,0,0,0
56233502,76,39,37,76,39,37,0,0,0,44,22,22,70,37,33,64,33,31,1,1,0,11,5,6
56233503,51,27,24,50,26,24,1,1,0,26,14,12,47,23,24,51,27,24,0,0,0,0,0,0
56233506,181,86,95,180,85,95,1,1,0,116,58,58,173,82,91,181,86,95,0,0,0,0,0,0
56233507,4330,2024,2306,4298,2004,2294,29,17,12,2646,1274,1372,4201,1961,2240,4308,2011,2297,9,8,1,13,5,8
56233509,86,50,36,86,50,36,0,0,0,55,33,22,84,50,34,86,50,36,0,0,0,0,0,0
56233510,3335,1529,1806,3305,1513,1792,25,14,11,2063,1019,1044,3207,1467,1740,3210,1498,1712,115,27,88,10,4,6
56233512,2527,1252,1275,2507,1241,1266,20,11,9,1603,834,769,2431,1204,1227,2522,1248,1274,1,0,1,4,4,0
56233514,31,15,16,31,15,16,0,0,0,18,7,11,30,14,16,29,14,15,0,0,0,2,1,1
56233516,157,80,77,157,80,77,0,0,0,110,58,52,153,78,75,156,79,77,0,0,0,1,1,0
56233517,3499,1608,1891,3474,1591,1883,20,13,7,2046,981,1065,3378,1549,1829,3459,1592,1867,35,13,22,5,3,2
56233520,4581,2386,2195,4538,2364,2174,37,20,17,2782,1430,1352,4393,2287,2106,4002,1920,2082,12,7,5,567,459,108
56233521,456,218,238,456,218,238,0,0,0,297,142,155,445,213,232,455,217,238,0,0,0,1,1,0
56233522,339,171,168,337,171,166,2,0,2,215,109,106,331,167,164,335,167,168,0,0,0,4,4,0
56233523,342,166,176,337,161,176,4,4,0,212,91,121,329,162,167,342,166,176,0,0,0,0,0,0
56233526,2896,1430,1466,2879,1419,1460,17,11,6,1795,876,919,2791,1378,1413,2830,1376,1454,52,42,10,14,12,2
56233527,4161,1929,2232,4133,1909,2224,24,18,6,2597,1249,1348,4018,1858,2160,4090,1904,2186,65,22,43,6,3,3
56233528,445,199,246,445,199,246,0,0,0,263,115,148,433,191,242,445,199,246,0,0,0,0,0,0
56233529,1252,635,617,1248,632,616,4,3,1,853,462,391,1211,617,594,1251,634,617,0,0,0,1,1,0
56233530,704,352,352,691,344,347,13,8,5,420,223,197,654,328,326,656,324,332,45,26,19,3,2,1
56233532,3670,1792,1878,3656,1783,1873,13,8,5,2341,1196,1145,3548,1722,1826,3662,1785,1877,6,5,1,2,2,0
56233533,907,447,460,906,446,460,1,1,0,619,311,308,875,430,445,904,445,459,0,0,0,3,2,1
56233534,292,153,139,290,151,139,2,2,0,194,106,88,274,140,134,288,150,138,0,0,0,4,3,1
56233536,277,141,136,277,141,136,0,0,0,189,97,92,275,140,135,277,141,136,0,0,0,0,0,0
56233537,166,84,82,165,83,82,1,1,0,108,56,52,154,76,78,161,81,80,0,0,0,5,3,2
56233538,1757,835,922,1752,832,920,4,2,2,1115,550,565,1705,810,895,1752,833,919,0,0,0,5,2,3
56233539,333,174,159,333,174,159,0,0,0,234,127,107,322,169,153,331,172,159,0,0,0,2,2,0
56233540,141,82,59,141,82,59,0,0,0,76,49,27,139,82,57,137,80,57,0,0,0,4,2,2
56233542,594,288,306,594,288,306,0,0,0,429,208,221,584,285,299,594,288,306,0,0,0,0,0,0
56233543,185,87,98,183,86,97,2,1,1,109,49,60,179,84,95,183,87,96,2,0,2,0,0,0
56233544,232,119,113,232,119,113,0,0,0,160,87,73,225,117,108,229,117,112,0,0,0,3,2,1
56233545,97,51,46,97,51,46,0,0,0,66,41,25,95,49,46,95,50,45,0,0,0,2,1,1
56233546,559,285,274,559,285,274,0,0,0,363,189,174,548,279,269,559,285,274,0,0,0,0,0,0
56233547,100,53,47,100,53,47,0,0,0,57,35,22,100,53,47,100,53,47,0,0,0,0,0,0
56233548,195,95,100,195,95,100,0,0,0,141,67,74,191,93,98,193,94,99,0,0,0,2,1,1
56233549,218,113,105,218,113,105,0,0,0,155,79,76,214,111,103,218,113,105,0,0,0,0,0,0
56233550,445,224,221,445,224,221,0,0,0,290,141,149,435,217,218,436,218,218,0,0,0,9,6,3
56233551,306,149,157,306,149,157,0,0,0,211,103,108,301,147,154,306,149,157,0,0,0,0,0,0
56233552,175,81,94,172,80,92,2,0,2,121,53,68,170,78,92,171,78,93,0,0,0,4,3,1
56233553,297,156,141,297,156,141,0,0,0,219,118,101,288,153,135,294,155,139,0,0,0,3,1,2
56233555,4437,2153,2284,4403,2134,2269,29,18,11,2804,1389,1415,4219,2033,2186,4413,2131,2282,22,21,1,2,1,1
56233556,58,41,17,30,15,15,14,12,2,17,7,10,45,29,16,30,14,16,28,27,1,0,0,0
56233557,269,136,133,267,135,132,2,1,1,188,100,88,259,129,130,268,136,132,0,0,0,1,0,1
56233558,401,209,192,401,209,192,0,0,0,301,160,141,386,202,184,399,208,191,2,1,1,0,0,0
56233559,30,14,16,30,14,16,0,0,0,17,8,9,30,14,16,30,14,16,0,0,0,0,0,0
56233560,282,149,133,277,144,133,5,5,0,196,101,95,269,139,130,276,143,133,5,5,0,1,1,0
56233561,152,77,75,152,77,75,0,0,0,105,55,50,147,75,72,148,75,73,0,0,0,4,2,2
56233563,93,52,41,93,52,41,0,0,0,58,34,24,90,50,40,79,44,35,0,0,0,14,8,6
56233564,45,29,16,45,29,16,0,0,0,32,22,10,45,29,16,38,24,14,0,0,0,7,5,2
56233565,90,43,47,90,43,47,0,0,0,59,31,28,88,42,46,68,32,36,0,0,0,22,11,11
56240801,551,289,262,548,287,261,2,2,0,228,123,105,529,279,250,532,278,254,0,0,0,19,11,8
56240802,84,45,39,83,44,39,1,1,0,41,18,23,82,43,39,77,41,36,0,0,0,7,4,3
54578301,51,28,23,51,28,23,0,0,0,22,13,9,51,28,23,37,19,18,0,0,0,14,9,5
54578302,371,202,169,369,201,168,1,0,1,173,96,77,347,187,160,344,187,157,1,1,0,26,14,12
54585601,559,272,287,559,272,287,0,0,0,236,122,114,536,263,273,552,267,285,0,0,0,7,5,2
56243201,1090,543,547,1081,540,541,7,3,4,458,253,205,1028,515,513,1056,526,530,22,6,16,12,11,1
56243202,95,47,48,95,47,48,0,0,0,47,23,24,86,42,44,95,47,48,0,0,0,0,0,0
56244101,1238,606,632,1212,590,622,20,11,9,615,318,297,1185,574,611,1209,581,628,8,6,2,21,19,2
56244102,248,143,105,247,142,105,1,1,0,99,56,43,233,135,98,247,142,105,0,0,0,1,1,0
56244103,53,21,32,53,21,32,0,0,0,34,12,22,51,21,30,53,21,32,0,0,0,0,0,0
56244105,44,26,18,44,26,18,0,0,0,23,13,10,42,25,17,39,24,15,0,0,0,5,2,3
53041701,114,56,58,114,56,58,0,0,0,19,9,10,109,54,55,86,41,45,1,1,0,27,14,13
54589901,165,84,81,165,84,81,0,0,0,60,35,25,152,78,74,164,83,81,0,0,0,1,1,0
54589902,218,111,107,218,111,107,0,0,0,92,53,39,205,105,100,218,111,107,0,0,0,0,0,0
56248301,47,27,20,47,27,20,0,0,0,15,9,6,43,25,18,47,27,20,0,0,0,0,0,0
56248302,142,77,65,142,77,65,0,0,0,63,38,25,134,73,61,138,74,64,0,0,0,4,3,1
56248303,274,140,134,268,135,133,6,5,1,114,61,53,264,133,131,272,138,134,0,0,0,2,2,0
54592901,408,207,201,402,204,198,6,3,3,177,94,83,384,196,188,402,202,200,0,0,0,6,5,1
56250501,694,356,338,691,354,337,1,0,1,342,186,156,660,338,322,691,355,336,0,0,0,3,1,2
56250502,22,13,9,21,12,9,1,1,0,5,4,1,17,10,7,22,13,9,0,0,0,0,0,0
56250504,83,40,43,83,40,43,0,0,0,38,18,20,81,39,42,78,35,43,0,0,0,5,5,0
56251301,175,96,79,161,92,69,14,4,10,48,26,22,162,90,72,163,87,76,6,4,2,6,5,1
56251302,49,29,20,49,29,20,0,0,0,10,8,2,49,29,20,45,28,17,3,1,2,1,0,1
56252101,366,190,176,366,190,176,0,0,0,165,87,78,346,177,169,354,181,173,0,0,0,12,9,3
56252102,113,55,58,113,55,58,0,0,0,42,22,20,105,51,54,106,49,57,0,0,0,7,6,1
56252103,33,19,14,33,19,14,0,0,0,11,7,4,30,19,11,22,14,8,0,0,0,11,5,6
56252104,107,51,56,107,51,56,0,0,0,47,23,24,106,51,55,101,47,54,0,0,0,6,4,2
56252105,68,37,31,67,36,31,0,0,0,15,7,8,65,36,29,0,0,0,43,22,21,25,15,10
56252106,88,43,45,88,43,45,0,0,0,33,16,17,77,35,42,88,43,45,0,0,0,0,0,0
56253001,382,210,172,381,209,172,1,1,0,175,92,83,352,194,158,308,164,144,60,39,21,14,7,7
56253002,210,104,106,210,104,106,0,0,0,86,45,41,193,94,99,202,101,101,0,0,0,8,3,5
56253003,620,310,310,619,309,310,0,0,0,341,178,163,606,306,300,573,277,296,0,0,0,47,33,14
56253004,141,67,74,140,67,73,1,0,1,81,42,39,137,64,73,134,64,70,0,0,0,7,3,4
54468001,315,147,168,314,146,168,0,0,0,71,35,36,302,142,160,303,141,162,2,1,1,10,5,5
53039501,205,106,99,205,106,99,0,0,0,72,37,35,195,101,94,197,100,97,0,0,0,8,6,2
0592690,0,0,0,0,0,0,0,0,0,0,0,0,0,0,0,0,0,0,0,0,0,0,0,0
56255602,147,77,70,145,75,70,2,2,0,48,28,20,140,74,66,131,66,65,1,1,0,15,10,5
56255603,42,24,18,41,23,18,0,0,0,6,5,1,41,23,18,30,18,12,0,0,0,12,6,6
56255604,73,41,32,72,41,31,1,0,1,15,9,6,55,32,23,55,30,25,3,2,1,15,9,6
56255605,110,49,61,110,49,61,0,0,0,46,23,23,99,46,53,96,42,54,1,1,0,13,6,7
3099910,0,0,0,0,0,0,0,0,0,0,0,0,0,0,0,0,0,0,0,0,0,0,0,0
3100000,0,0,0,0,0,0,0,0,0,0,0,0,0,0,0,0,0,0,0,0,0,0,0,0
56256401,345,173,172,345,173,172,0,0,0,165,86,79,334,169,165,310,152,158,29,18,11,6,3,3
56256402,555,285,270,554,285,269,0,0,0,249,133,116,547,281,266,553,284,269,0,0,0,2,1,1
56256403,370,176,194,370,176,194,0,0,0,191,90,101,358,173,185,368,175,193,0,0,0,2,1,1
56256404,102,53,49,101,53,48,1,0,1,19,10,9,90,47,43,92,48,44,3,1,2,7,4,3
56256405,1601,765,836,1597,762,835,3,2,1,670,346,324,1518,722,796,1598,764,834,2,0,2,1,1,0
56256406,574,276,298,572,274,298,1,1,0,303,153,150,557,268,289,569,273,296,0,0,0,5,3,2
56256407,217,113,104,216,112,104,1,1,0,97,49,48,211,109,102,214,112,102,0,0,0,3,1,2
56256408,489,263,226,487,262,225,2,1,1,264,149,115,468,255,213,482,260,222,0,0,0,7,3,4
56256409,373,209,164,371,209,162,2,0,2,174,90,84,354,199,155,294,143,151,0,0,0,79,66,13
56256410,309,159,150,309,159,150,0,0,0,162,88,74,299,153,146,302,156,146,0,0,0,7,3,4
56257202,639,307,332,630,304,326,6,3,3,256,133,123,588,288,300,584,285,299,41,11,30,14,11,3
56257205,43,27,16,42,26,16,1,1,0,9,6,3,39,25,14,39,24,15,1,1,0,3,2,1
56258101,401,186,215,399,184,215,2,2,0,150,75,75,370,171,199,311,152,159,79,27,52,11,7,4
56258102,143,72,71,143,72,71,0,0,0,79,41,38,139,70,69,139,70,69,0,0,0,4,2,2
56258103,2758,1385,1373,2744,1376,1368,14,9,5,1401,716,685,2634,1316,1318,2543,1257,1286,132,66,66,83,62,21
56258104,82,41,41,79,40,39,3,1,2,34,19,15,79,41,38,81,41,40,0,0,0,1,0,1
56258105,76,35,41,75,35,40,1,0,1,34,15,19,72,34,38,76,35,41,0,0,0,0,0,0
54645301,259,140,119,257,139,118,1,0,1,95,60,35,252,136,116,254,136,118,0,0,0,5,4,1
56261102,33,16,17,33,16,17,0,0,0,8,6,2,31,16,15,31,15,16,0,0,0,2,1,1
56261103,46,24,22,45,24,21,0,0,0,18,12,6,42,23,19,41,22,19,0,0,0,5,2,3
56261104,2993,1488,1505,2978,1481,1497,11,4,7,1355,712,643,2803,1400,1403,2636,1316,1320,252,99,153,105,73,32
56261105,90,46,44,90,46,44,0,0,0,35,16,19,86,43,43,90,46,44,0,0,0,0,0,0
56261106,28,17,11,28,17,11,0,0,0,6,3,3,24,15,9,24,15,9,0,0,0,4,2,2
56261107,31,13,18,31,13,18,0,0,0,12,4,8,30,13,17,31,13,18,0,0,0,0,0,0
56261108,115,52,63,112,51,61,2,1,1,52,24,28,102,46,56,108,49,59,0,0,0,7,3,4
56261109,46,24,22,46,24,22,0,0,0,13,6,7,42,22,20,44,23,21,0,0,0,2,1,1
54633001,196,96,100,196,96,100,0,0,0,84,41,43,186,93,93,184,91,93,0,0,0,12,5,7
54633002,20,9,11,20,9,11,0,0,0,11,4,7,20,9,11,16,8,8,0,0,0,4,1,3
54633003,22,12,10,21,11,10,1,1,0,1,1,0,19,11,8,10,5,5,0,0,0,12,7,5
56264501,103,65,38,102,64,38,1,1,0,19,13,6,99,62,37,64,31,33,37,33,4,2,1,1
56264502,186,97,89,181,95,86,3,1,2,65,35,30,176,92,84,179,90,89,0,0,0,7,7,0
56264503,85,46,39,85,46,39,0,0,0,24,15,9,77,43,34,84,45,39,0,0,0,1,1,0
56264504,44,17,27,44,17,27,0,0,0,16,3,13,44,17,27,42,16,26,0,0,0,2,1,1
56264506,67,31,36,66,30,36,0,0,0,18,9,9,64,28,36,45,18,27,0,0,0,22,13,9
54470101,229,122,107,229,122,107,0,0,0,89,43,46,211,113,98,200,107,93,2,1,1,27,14,13
56266102,639,299,340,626,291,335,11,7,4,255,134,121,601,284,317,539,269,270,85,20,65,15,10,5
54570801,225,124,101,225,124,101,0,0,0,90,48,42,210,118,92,220,120,100,0,0,0,5,4,1
54570802,43,20,23,43,20,23,0,0,0,14,7,7,42,19,23,43,20,23,0,0,0,0,0,0
54649601,910,473,437,907,472,435,3,1,2,315,180,135,871,454,417,888,456,432,0,0,0,22,17,5
56270001,132,67,65,132,67,65,0,0,0,51,25,26,122,61,61,125,62,63,0,0,0,7,5,2
56270002,212,106,106,212,106,106,0,0,0,87,49,38,209,105,104,211,105,106,0,0,0,1,1,0
56270003,120,60,60,119,59,60,1,1,0,48,27,21,112,54,58,114,56,58,0,0,0,6,4,2
56271801,34,16,18,33,16,17,0,0,0,10,4,6,32,15,17,34,16,18,0,0,0,0,0,0
56271802,47,27,20,47,27,20,0,0,0,21,11,10,42,23,19,47,27,20,0,0,0,0,0,0
56271803,129,60,69,126,59,67,3,1,2,49,24,25,122,58,64,129,60,69,0,0,0,0,0,0
56271804,69,43,26,69,43,26,0,0,0,31,21,10,66,41,25,67,42,25,0,0,0,2,1,1
56271805,539,269,270,538,269,269,1,0,1,237,117,120,510,254,256,523,259,264,1,1,0,15,9,6
56271806,27,12,15,27,12,15,0,0,0,11,2,9,23,9,14,27,12,15,0,0,0,0,0,0
56271807,61,30,31,61,30,31,0,0,0,29,14,15,55,26,29,58,28,30,0,0,0,3,2,1
54567801,692,351,341,692,351,341,0,0,0,257,139,118,637,322,315,669,338,331,0,0,0,23,13,10
54579101,215,113,102,213,112,101,1,0,1,73,49,24,203,107,96,209,110,99,0,0,0,6,3,3
56275101,398,197,201,393,195,198,5,2,3,170,92,78,379,187,192,394,196,198,0,0,0,4,1,3
56275102,1501,768,733,1494,766,728,4,1,3,763,420,343,1448,743,705,1455,736,719,9,6,3,37,26,11
56275103,28,16,12,28,16,12,0,0,0,4,3,1,26,15,11,26,15,11,0,0,0,2,1,1
56275104,71,32,39,71,32,39,0,0,0,33,13,20,69,32,37,66,30,36,0,0,0,5,2,3
1435530,0,0,0,0,0,0,0,0,0,0,0,0,0,0,0,0,0,0,0,0,0,0,0,0
3028130,0,0,0,0,0,0,0,0,0,0,0,0,0,0,0,0,0,0,0,0,0,0,0,0
3100690,0,0,0,0,0,0,0,0,0,0,0,0,0,0,0,0,0,0,0,0,0,0,0,0
3280650,0,0,0,0,0,0,0,0,0,0,0,0,0,0,0,0,0,0,0,0,0,0,0,0
56277701,219,119,100,219,119,100,0,0,0,122,71,51,211,113,98,219,119,100,0,0,0,0,0,0
56277702,50,25,25,50,25,25,0,0,0,24,12,12,45,23,22,27,13,14,0,0,0,23,12,11
56277703,232,114,118,232,114,118,0,0,0,127,67,60,226,109,117,219,106,113,0,0,0,13,8,5
56277704,443,218,225,442,218,224,1,0,1,235,123,112,427,206,221,439,215,224,2,1,1,2,2,0
56277705,28,13,15,28,13,15,0,0,0,19,9,10,28,13,15,28,13,15,0,0,0,0,0,0
56277706,27,23,4,27,23,4,0,0,0,6,5,1,23,19,4,12,10,2,15,13,2,0,0,0
56277707,709,351,358,707,349,358,1,1,0,381,199,182,682,338,344,701,347,354,0,0,0,8,4,4
56277708,278,133,145,275,130,145,3,3,0,162,72,90,274,130,144,274,131,143,0,0,0,4,2,2
56277709,171,86,85,170,85,85,0,0,0,94,46,48,168,85,83,166,84,82,0,0,0,5,2,3
56277710,429,206,223,423,204,219,0,0,0,225,125,100,405,196,209,429,206,223,0,0,0,0,0,0
56277711,899,473,426,894,470,424,3,2,1,408,218,190,849,450,399,747,350,397,5,3,2,147,120,27
56277712,87,46,41,87,46,41,0,0,0,35,21,14,83,45,38,56,28,28,0,0,0,31,18,13
56277713,578,275,303,577,275,302,1,0,1,274,138,136,553,263,290,569,270,299,5,3,2,4,2,2
56277714,142,72,70,142,72,70,0,0,0,76,41,35,138,70,68,136,70,66,0,0,0,6,2,4
56277715,346,179,167,345,178,167,1,1,0,202,101,101,338,174,164,343,177,166,0,0,0,3,2,1
56277716,37,23,14,37,23,14,0,0,0,16,10,6,37,23,14,37,23,14,0,0,0,0,0,0
56277717,2899,1364,1535,2872,1351,1521,26,12,14,1350,679,671,2713,1281,1432,2887,1358,1529,6,4,2,6,2,4
56277718,517,261,256,516,260,256,1,1,0,262,130,132,501,252,249,499,253,246,12,5,7,6,3,3
56277719,1792,833,959,1779,827,952,13,6,7,812,399,413,1723,802,921,1782,826,956,1,1,0,9,6,3
56277720,498,231,267,497,230,267,0,0,0,270,132,138,487,227,260,495,229,266,0,0,0,3,2,1
56690002,26,14,12,26,14,12,0,0,0,4,3,1,26,14,12,0,0,0,0,0,0,26,14,12
56690003,525,280,245,524,279,245,1,1,0,147,80,67,487,256,231,475,248,227,13,10,3,37,22,15
56279301,94,53,41,93,53,40,1,0,1,26,16,10,86,49,37,81,45,36,0,0,0,13,8,5
56279302,574,299,275,574,299,275,0,0,0,246,128,118,547,284,263,553,281,272,12,10,2,9,8,1
54634801,264,136,128,263,135,128,1,1,0,98,54,44,253,130,123,248,127,121,5,3,2,11,6,5
56282301,209,123,86,207,122,85,2,1,1,63,42,21,196,118,78,165,94,71,36,24,12,8,5,3
56282304,691,355,336,682,351,331,7,3,4,276,151,125,650,337,313,663,339,324,0,0,0,28,16,12
56282305,39,18,21,39,18,21,0,0,0,11,5,6,35,16,19,36,17,19,0,0,0,3,1,2
56282306,202,90,112,201,89,112,1,1,0,81,46,35,186,85,101,161,70,91,6,2,4,35,18,17
54553801,151,85,66,151,85,66,0,0,0,60,38,22,147,82,65,144,81,63,0,0,0,7,4,3
54553802,51,25,26,51,25,26,0,0,0,21,9,12,48,24,24,48,23,25,1,1,0,2,1,1
0727020,0,0,0,0,0,0,0,0,0,0,0,0,0,0,0,0,0,0,0,0,0,0,0,0
3101400,0,0,0,0,0,0,0,0,0,0,0,0,0,0,0,0,0,0,0,0,0,0,0,0
3102210,0,0,0,0,0,0,0,0,0,0,0,0,0,0,0,0,0,0,0,0,0,0,0,0
56285801,21,9,12,21,9,12,0,0,0,12,4,8,21,9,12,21,9,12,0,0,0,0,0,0
56285802,37,18,19,36,17,19,1,1,0,11,6,5,33,16,17,29,15,14,0,0,0,8,3,5
56285803,103,51,52,103,51,52,0,0,0,46,26,20,101,49,52,92,46,46,0,0,0,11,5,6
56285804,124,64,60,115,57,58,8,6,2,45,24,21,115,61,54,121,62,59,0,0,0,3,2,1
56285805,35,18,17,35,18,17,0,0,0,26,13,13,35,18,17,33,17,16,0,0,0,2,1,1
56285807,217,114,103,216,113,103,1,1,0,149,82,67,205,109,96,213,112,101,0,0,0,4,2,2
56285808,104,57,47,104,57,47,0,0,0,45,22,23,88,43,45,83,41,42,19,15,4,2,1,1
56285809,178,91,87,178,91,87,0,0,0,112,58,54,175,89,86,174,88,86,0,0,0,4,3,1
56285810,198,101,97,195,99,96,2,1,1,122,68,54,185,94,91,186,91,95,12,10,2,0,0,0
56285811,464,227,237,463,227,236,1,0,1,305,156,149,451,223,228,462,226,236,0,0,0,2,1,1
56285812,535,241,294,530,236,294,5,5,0,277,140,137,518,231,287,533,239,294,1,1,0,1,1,0
56285814,624,321,303,615,315,300,7,4,3,334,179,155,592,306,286,543,267,276,7,1,6,74,53,21
56285815,483,240,243,478,236,242,5,4,1,298,146,152,457,226,231,483,240,243,0,0,0,0,0,0
56285816,247,109,138,246,108,138,1,1,0,104,47,57,230,100,130,187,89,98,60,20,40,0,0,0
56285817,1331,662,669,1324,660,664,7,2,5,524,273,251,1120,560,560,1311,656,655,20,6,14,0,0,0
56285818,222,120,102,222,120,102,0,0,0,141,85,56,213,115,98,222,120,102,0,0,0,0,0,0
56285820,465,237,228,464,237,227,1,0,1,286,159,127,452,231,221,447,228,219,2,1,1,16,8,8
56285821,102,58,44,102,58,44,0,0,0,56,35,21,95,54,41,99,56,43,0,0,0,3,2,1
55519301,48,20,28,48,20,28,0,0,0,23,10,13,47,20,27,48,20,28,0,0,0,0,0,0
55519303,47,24,23,47,24,23,0,0,0,21,12,9,43,22,21,47,24,23,0,0,0,0,0,0
55519304,55,26,29,55,26,29,0,0,0,19,12,7,53,26,27,55,26,29,0,0,0,0,0,0
55519305,364,190,174,364,190,174,0,0,0,151,81,70,340,180,160,352,181,171,0,0,0,12,9,3
1766130,0,0,0,0,0,0,0,0,0,0,0,0,0,0,0,0,0,0,0,0,0,0,0,0
56287401,374,201,173,372,200,172,1,1,0,153,87,66,341,185,156,368,197,171,0,0,0,6,4,2
1770410,0,0,0,0,0,0,0,0,0,0,0,0,0,0,0,0,0,0,0,0,0,0,0,0
1770830,0,0,0,0,0,0,0,0,0,0,0,0,0,0,0,0,0,0,0,0,0,0,0,0
1771130,0,0,0,0,0,0,0,0,0,0,0,0,0,0,0,0,0,0,0,0,0,0,0,0
3028300,0,0,0,0,0,0,0,0,0,0,0,0,0,0,0,0,0,0,0,0,0,0,0,0
56288201,341,183,158,337,180,157,2,2,0,186,93,93,322,174,148,307,166,141,1,0,1,33,17,16
56288202,1333,642,691,1329,639,690,4,3,1,876,433,443,1299,630,669,1326,639,687,0,0,0,7,3,4
56288204,1013,489,524,1002,481,521,11,8,3,627,318,309,973,469,504,997,479,518,16,10,6,0,0,0
56288205,569,278,291,568,278,290,1,0,1,344,177,167,560,274,286,565,275,290,2,1,1,2,2,0
56288206,769,370,399,765,369,396,2,0,2,450,231,219,738,357,381,769,370,399,0,0,0,0,0,0
56288207,468,244,224,468,244,224,0,0,0,295,155,140,444,231,213,468,244,224,0,0,0,0,0,0
56288208,797,392,405,794,391,403,3,1,2,496,261,235,771,377,394,796,391,405,0,0,0,1,1,0
56288209,499,255,244,498,255,243,1,0,1,328,178,150,482,243,239,491,251,240,0,0,0,8,4,4
56288210,1119,530,589,1114,527,587,5,3,2,628,322,306,1068,502,566,1116,528,588,0,0,0,3,2,1
56288211,1676,759,917,1672,758,914,3,1,2,948,470,478,1638,743,895,1676,759,917,0,0,0,0,0,0
56288212,1126,515,611,1123,513,610,2,2,0,650,317,333,1075,494,581,1126,515,611,0,0,0,0,0,0
56288213,821,406,415,820,406,414,0,0,0,525,285,240,797,396,401,820,406,414,0,0,0,1,0,1
56288214,1110,540,570,1108,538,570,2,2,0,576,290,286,1039,501,538,1066,520,546,44,20,24,0,0,0
56288215,636,308,328,631,307,324,5,1,4,374,191,183,610,296,314,632,306,326,2,1,1,2,1,1
56288216,53,26,27,53,26,27,0,0,0,28,13,15,52,26,26,53,26,27,0,0,0,0,0,0
56288217,635,308,327,634,308,326,1,0,1,450,219,231,618,300,318,635,308,327,0,0,0,0,0,0
56288218,763,418,345,757,414,343,5,3,2,405,225,180,742,407,335,558,248,310,0,0,0,205,170,35
56288220,627,299,328,623,296,327,3,2,1,364,193,171,608,288,320,620,296,324,3,1,2,4,2,2
56288221,35,17,18,34,16,18,1,1,0,17,10,7,35,17,18,21,10,11,4,2,2,10,5,5
56289101,167,76,91,167,76,91,0,0,0,75,34,41,157,74,83,163,74,89,0,0,0,4,2,2
56289102,64,31,33,64,31,33,0,0,0,24,13,11,63,31,32,54,26,28,0,0,0,10,5,5
56289103,272,137,135,270,136,134,2,1,1,127,79,48,261,135,126,255,124,131,1,1,0,16,12,4
56291201,53,27,26,52,26,26,0,0,0,16,8,8,52,27,25,51,27,24,0,0,0,2,0,2
56291203,67,36,31,67,36,31,0,0,0,21,15,6,57,30,27,67,36,31,0,0,0,0,0,0
56291205,1308,655,653,1300,649,651,7,6,1,617,307,310,1250,634,616,1276,629,647,0,0,0,32,26,6
56291206,461,225,236,456,221,235,5,4,1,239,127,112,428,207,221,446,214,232,12,10,2,3,1,2
56292102,89,49,40,89,49,40,0,0,0,38,25,13,85,48,37,87,48,39,0,0,0,2,1,1
56292104,81,44,37,81,44,37,0,0,0,21,11,10,73,43,30,78,43,35,0,0,0,3,1,2
56292105,94,54,40,94,54,40,0,0,0,22,15,7,89,52,37,85,49,36,0,0,0,9,5,4
56292106,32,17,15,32,17,15,0,0,0,7,3,4,30,15,15,32,17,15,0,0,0,0,0,0
56292107,878,441,437,874,439,435,3,2,1,465,238,227,835,420,415,853,427,426,0,0,0,25,14,11
56293901,347,181,166,346,180,166,0,0,0,121,66,55,332,174,158,322,171,151,0,0,0,25,10,15
56294701,884,407,477,877,404,473,6,3,3,335,158,177,836,388,448,868,395,473,7,3,4,9,9,0
56298001,126,66,60,126,66,60,0,0,0,41,17,24,119,63,56,120,63,57,0,0,0,6,3,3
56298002,102,50,52,102,50,52,0,0,0,40,16,24,98,48,50,102,50,52,0,0,0,0,0,0
56299801,62,31,31,62,31,31,0,0,0,13,4,9,57,31,26,57,28,29,0,0,0,5,3,2
56299802,249,129,120,249,129,120,0,0,0,74,39,35,234,119,115,227,114,113,0,0,0,22,15,7
56299803,64,35,29,64,35,29,0,0,0,10,5,5,63,34,29,45,25,20,0,0,0,19,10,9
56299804,23,11,12,23,11,12,0,0,0,1,0,1,23,11,12,20,9,11,0,0,0,3,2,1
56299805,49,27,22,49,27,22,0,0,0,18,10,8,46,25,21,24,12,12,1,1,0,24,14,10
56299806,33,13,20,33,13,20,0,0,0,8,4,4,32,12,20,33,13,20,0,0,0,0,0,0
56299807,51,29,22,51,29,22,0,0,0,6,4,2,42,23,19,37,21,16,0,0,0,14,8,6
56299808,64,34,30,64,34,30,0,0,0,15,9,6,55,29,26,54,29,25,3,1,2,7,4,3
56300501,206,117,89,203,115,88,1,1,0,48,29,19,197,111,86,192,109,83,0,0,0,14,8,6
56300502,81,42,39,81,42,39,0,0,0,23,14,9,76,40,36,78,40,38,0,0,0,3,2,1
56300503,23,13,10,23,13,10,0,0,0,7,4,3,23,13,10,15,7,8,0,0,0,8,6,2
56301301,1152,568,584,1147,567,580,4,1,3,495,261,234,1090,540,550,1127,551,576,0,0,0,25,17,8
56301303,20,14,6,20,14,6,0,0,0,7,7,0,19,13,6,20,14,6,0,0,0,0,0,0
56301304,79,38,41,78,37,41,0,0,0,22,11,11,71,35,36,63,29,34,0,0,0,16,9,7
56301305,28,14,14,28,14,14,0,0,0,2,0,2,26,13,13,12,6,6,0,0,0,16,8,8
56301306,100,49,51,99,48,51,0,0,0,53,30,23,96,46,50,99,48,51,0,0,0,1,1,0
56301307,31,17,14,31,17,14,0,0,0,15,8,7,30,17,13,30,16,14,0,0,0,1,1,0
56302101,622,304,318,620,303,317,0,0,0,205,97,108,596,286,310,609,295,314,0,0,0,13,9,4
0307320,0,0,0,0,0,0,0,0,0,0,0,0,0,0,0,0,0,0,0,0,0,0,0,0
56304802,75,43,32,75,43,32,0,0,0,16,10,6,68,39,29,59,31,28,0,0,0,16,12,4
56304803,98,44,54,98,44,54,0,0,0,37,17,20,91,41,50,93,42,51,0,0,0,5,2,3
56305601,801,399,402,753,371,382,47,27,20,236,115,121,762,376,386,769,381,388,0,0,0,32,18,14
0418230,0,0,0,0,0,0,0,0,0,0,0,0,0,0,0,0,0,0,0,0,0,0,0,0
56306401,113,55,58,112,55,57,1,0,1,25,12,13,99,48,51,113,55,58,0,0,0,0,0,0
56306402,196,109,87,191,106,85,5,3,2,65,33,32,180,99,81,164,88,76,5,3,2,27,18,9
56307201,430,223,207,429,223,206,0,0,0,123,69,54,406,209,197,414,213,201,9,5,4,7,5,2
56307202,50,27,23,50,27,23,0,0,0,19,8,11,38,21,17,47,24,23,0,0,0,3,3,0
56308101,280,146,134,278,144,134,2,2,0,122,68,54,270,140,130,264,136,128,0,0,0,16,10,6
56308102,31,14,17,31,14,17,0,0,0,10,2,8,31,14,17,31,14,17,0,0,0,0,0,0
56308104,21,11,10,21,11,10,0,0,0,8,4,4,19,10,9,21,11,10,0,0,0,0,0,0
56308105,79,39,40,79,39,40,0,0,0,7,5,2,73,35,38,40,20,20,0,0,0,39,19,20
56308106,23,14,9,22,14,8,1,0,1,10,5,5,19,11,8,14,7,7,0,0,0,9,7,2
56308108,160,86,74,159,85,74,1,1,0,50,28,22,148,81,67,128,67,61,0,0,0,32,19,13
0525230,0,0,0,0,0,0,0,0,0,0,0,0,0,0,0,0,0,0,0,0,0,0,0,0
0525910,0,0,0,0,0,0,0,0,0,0,0,0,0,0,0,0,0,0,0,0,0,0,0,0
3366020,0,0,0,0,0,0,0,0,0,0,0,0,0,0,0,0,0,0,0,0,0,0,0,0
56297101,1142,533,609,1129,526,603,12,7,5,650,320,330,1089,508,581,1142,533,609,0,0,0,0,0,0
56297103,4669,2240,2429,4577,2185,2392,76,47,29,2376,1196,1180,4418,2112,2306,4632,2229,2403,35,9,26,2,2,0
56297104,2869,1370,1499,2837,1348,1489,30,21,9,1611,828,783,2765,1317,1448,2866,1367,1499,0,0,0,3,3,0
56297105,100,56,44,76,37,39,24,19,5,40,19,21,94,54,40,74,42,32,26,14,12,0,0,0
56297106,444,218,226,443,218,225,0,0,0,262,139,123,428,207,221,443,217,226,1,1,0,0,0,0
56297107,801,369,432,799,368,431,2,1,1,499,235,264,774,357,417,801,369,432,0,0,0,0,0,0
56297108,205,99,106,201,96,105,4,3,1,103,56,47,187,95,92,197,92,105,7,6,1,1,1,0
56297109,1266,614,652,1263,612,651,3,2,1,825,404,421,1239,600,639,1264,612,652,2,2,0,0,0,0
56297110,147,79,68,146,78,68,1,1,0,106,60,46,145,77,68,147,79,68,0,0,0,0,0,0
56297111,56,20,36,56,20,36,0,0,0,11,5,6,52,19,33,49,18,31,7,2,5,0,0,0
56297112,349,183,166,301,161,140,42,19,23,187,99,88,329,172,157,237,130,107,110,52,58,2,1,1
56297113,3075,1468,1607,3055,1458,1597,18,10,8,1810,905,905,2953,1404,1549,3073,1467,1606,0,0,0,2,1,1
56297114,1334,648,686,1303,631,672,30,16,14,715,356,359,1252,611,641,1311,626,685,21,20,1,2,2,0
56297115,694,330,364,692,328,364,2,2,0,408,207,201,669,313,356,694,330,364,0,0,0,0,0,0
56297116,2998,1410,1588,2927,1372,1555,59,32,27,1635,789,846,2810,1316,1494,2973,1399,1574,21,11,10,4,0,4
56297117,428,203,225,407,186,221,21,17,4,244,111,133,401,191,210,425,201,224,0,0,0,3,2,1
56297118,54,31,23,54,31,23,0,0,0,28,15,13,52,30,22,53,30,23,1,1,0,0,0,0
56297119,175,82,93,175,82,93,0,0,0,106,53,53,172,81,91,175,82,93,0,0,0,0,0,0
56297120,482,223,259,476,220,256,6,3,3,257,129,128,452,211,241,482,223,259,0,0,0,0,0,0
56297121,1241,599,642,1219,587,632,17,10,7,695,339,356,1178,567,611,1194,574,620,46,24,22,1,1,0
56297122,1945,951,994,1905,925,980,39,25,14,1091,571,520,1859,896,963,1911,924,987,26,22,4,8,5,3
56297123,3601,1760,1841,3561,1735,1826,38,24,14,2158,1082,1076,3455,1691,1764,3599,1758,1841,2,2,0,0,0,0
56297124,4429,2085,2344,4333,2024,2309,88,59,29,2549,1235,1314,4233,1996,2237,4424,2083,2341,3,1,2,2,1,1
56297125,2480,1382,1098,2458,1367,1091,22,15,7,1237,680,557,2402,1343,1059,1743,813,930,0,0,0,737,569,168
56297126,7182,3432,3750,7085,3364,3721,88,63,25,3828,1889,1939,6800,3241,3559,7177,3428,3749,0,0,0,5,4,1
56297127,3266,1527,1739,3172,1473,1699,83,47,36,1544,731,813,3063,1423,1640,3054,1452,1602,210,73,137,2,2,0
56297128,23,14,9,23,14,9,0,0,0,12,9,3,23,14,9,23,14,9,0,0,0,0,0,0
56297129,51,23,28,49,21,28,2,2,0,34,14,20,51,23,28,51,23,28,0,0,0,0,0,0
56297130,43,37,6,43,37,6,0,0,0,33,30,3,3,2,1,0,0,0,4,2,2,39,35,4
0608440,0,0,0,0,0,0,0,0,0,0,0,0,0,0,0,0,0,0,0,0,0,0,0,0
56309902,119,61,58,119,61,58,0,0,0,51,27,24,115,60,55,103,52,51,0,0,0,16,9,7
56309903,428,220,208,428,220,208,0,0,0,204,103,101,415,215,200,428,220,208,0,0,0,0,0,0
56309904,121,56,65,121,56,65,0,0,0,50,23,27,107,51,56,121,56,65,0,0,0,0,0,0
56309905,25,16,9,25,16,9,0,0,0,10,7,3,24,16,8,24,16,8,0,0,0,1,0,1
56309906,137,69,68,137,69,68,0,0,0,66,36,30,127,65,62,137,69,68,0,0,0,0,0,0
56309907,28,14,14,28,14,14,0,0,0,18,11,7,28,14,14,23,11,12,0,0,0,5,3,2
56309908,1751,851,900,1745,848,897,6,3,3,768,390,378,1684,821,863,1742,847,895,0,0,0,9,4,5
56309909,2565,1256,1309,2539,1242,1297,23,12,11,1042,528,514,2405,1179,1226,2443,1228,1215,122,28,94,0,0,0
56309910,401,210,191,266,133,133,117,67,50,105,56,49,298,152,146,260,131,129,134,76,58,7,3,4
56309911,1497,727,770,1476,715,761,19,10,9,665,317,348,1431,693,738,1462,712,750,30,12,18,5,3,2
56309912,1136,531,605,1133,531,602,3,0,3,537,277,260,1087,512,575,1032,509,523,104,22,82,0,0,0
56309913,3465,1757,1708,3431,1740,1691,34,17,17,1453,760,693,3283,1668,1615,3173,1517,1656,3,2,1,289,238,51
56309914,119,56,63,119,56,63,0,0,0,63,31,32,110,53,57,114,54,60,0,0,0,5,2,3
56309916,2839,1406,1433,2804,1395,1409,31,9,22,1301,666,635,2622,1298,1324,2798,1376,1422,24,20,4,17,10,7
56309917,3259,1603,1656,3219,1579,1640,38,23,15,1422,752,670,3096,1524,1572,3259,1603,1656,0,0,0,0,0,0
56309918,467,224,243,465,223,242,2,1,1,229,113,116,458,220,238,467,224,243,0,0,0,0,0,0
56309919,30,14,16,30,14,16,0,0,0,10,4,6,30,14,16,30,14,16,0,0,0,0,0,0
1718910,0,0,0,0,0,0,0,0,0,0,0,0,0,0,0,0,0,0,0,0,0,0,0,0
1732820,0,0,0,0,0,0,0,0,0,0,0,0,0,0,0,0,0,0,0,0,0,0,0,0
3218340,0,0,0,0,0,0,0,0,0,0,0,0,0,0,0,0,0,0,0,0,0,0,0,0
3218420,0,0,0,0,0,0,0,0,0,0,0,0,0,0,0,0,0,0,0,0,0,0,0,0
3281110,0,0,0,0,0,0,0,0,0,0,0,0,0,0,0,0,0,0,0,0,0,0,0,0
3366450,0,0,0,0,0,0,0,0,0,0,0,0,0,0,0,0,0,0,0,0,0,0,0,0
3366530,0,0,0,0,0,0,0,0,0,0,0,0,0,0,0,0,0,0,0,0,0,0,0,0
56310201,52,26,26,52,26,26,0,0,0,27,10,17,51,25,26,50,25,25,0,0,0,2,1,1
56310205,22,12,10,22,12,10,0,0,0,16,8,8,21,11,10,15,6,9,6,5,1,1,1,0
56310206,78,46,32,74,45,29,3,1,2,42,22,20,68,39,29,26,17,9,15,7,8,37,22,15
56310207,157,85,72,156,84,72,1,1,0,81,45,36,138,75,63,156,84,72,1,1,0,0,0,0
56310208,168,91,77,154,79,75,14,12,2,80,44,36,160,87,73,70,39,31,3,3,0,95,49,46
56310209,183,89,94,114,58,56,69,31,38,77,41,36,163,80,83,110,57,53,69,31,38,4,1,3
56310210,20,10,10,20,10,10,0,0,0,8,3,5,17,8,9,20,10,10,0,0,0,0,0,0
56310211,114,60,54,114,60,54,0,0,0,86,48,38,111,58,53,114,60,54,0,0,0,0,0,0
56310212,113,60,53,113,60,53,0,0,0,74,42,32,108,55,53,113,60,53,0,0,0,0,0,0
56310214,1995,1019,976,1876,939,937,105,71,34,1095,589,506,1902,961,941,1989,1015,974,0,0,0,6,4,2
56310215,1294,624,670,1266,602,664,26,20,6,679,352,327,1223,592,631,1180,596,584,114,28,86,0,0,0
56310216,3771,1823,1948,3550,1687,1863,206,132,74,1963,985,978,3565,1720,1845,3765,1819,1946,5,3,2,1,1,0
56310217,1378,680,698,1288,620,668,87,59,28,753,370,383,1321,648,673,1360,664,696,18,16,2,0,0,0
56310218,508,256,252,497,252,245,6,1,5,260,137,123,489,249,240,508,256,252,0,0,0,0,0,0
56310219,3054,1454,1600,2891,1342,1549,155,108,47,1529,748,781,2943,1403,1540,2953,1381,1572,101,73,28,0,0,0
56310220,29,12,17,25,11,14,4,1,3,6,3,3,29,12,17,0,0,0,0,0,0,29,12,17
56310221,269,133,136,261,125,136,8,8,0,159,80,79,256,128,128,262,126,136,7,7,0,0,0,0
56310222,35,20,15,35,20,15,0,0,0,16,12,4,34,19,15,28,15,13,0,0,0,7,5,2
56310223,249,121,128,238,113,125,11,8,3,126,56,70,245,118,127,238,116,122,11,5,6,0,0,0
56310224,105,54,51,103,54,49,2,0,2,60,33,27,103,53,50,105,54,51,0,0,0,0,0,0
56310225,130,65,65,126,64,62,3,1,2,63,35,28,128,64,64,117,61,56,13,4,9,0,0,0
56310226,644,320,324,637,315,322,7,5,2,377,192,185,621,312,309,623,303,320,21,17,4,0,0,0
56310228,94,45,49,94,45,49,0,0,0,49,26,23,93,44,49,94,45,49,0,0,0,0,0,0
56310229,1320,706,614,1261,662,599,58,43,15,691,373,318,1262,672,590,1149,573,576,18,8,10,153,125,28
56310231,1604,775,829,1552,746,806,47,27,20,852,429,423,1536,739,797,1603,774,829,1,1,0,0,0,0
0621380,0,0,0,0,0,0,0,0,0,0,0,0,0,0,0,0,0,0,0,0,0,0,0,0
0621460,0,0,0,0,0,0,0,0,0,0,0,0,0,0,0,0,0,0,0,0,0,0,0,0
56311101,102,53,49,102,53,49,0,0,0,25,14,11,96,49,47,93,45,48,3,3,0,6,5,1
56311102,46,28,18,46,28,18,0,0,0,11,7,4,45,28,17,46,28,18,0,0,0,0,0,0
56311103,80,41,39,80,41,39,0,0,0,18,7,11,76,39,37,80,41,39,0,0,0,0,0,0
0656920,0,0,0,0,0,0,0,0,0,0,0,0,0,0,0,0,0,0,0,0,0,0,0,0
1802030,0,0,0,0,0,0,0,0,0,0,0,0,0,0,0,0,0,0,0,0,0,0,0,0
1802110,0,0,0,0,0,0,0,0,0,0,0,0,0,0,0,0,0,0,0,0,0,0,0,0
1984980,0,0,0,0,0,0,0,0,0,0,0,0,0,0,0,0,0,0,0,0,0,0,0,0
3029020,0,0,0,0,0,0,0,0,0,0,0,0,0,0,0,0,0,0,0,0,0,0,0,0
3029290,0,0,0,0,0,0,0,0,0,0,0,0,0,0,0,0,0,0,0,0,0,0,0,0
56312901,98,52,46,98,52,46,0,0,0,74,39,35,94,49,45,97,51,46,0,0,0,1,1,0
56312903,89,44,45,89,44,45,0,0,0,32,16,16,81,40,41,86,42,44,0,0,0,3,2,1
56312904,64,30,34,64,30,34,0,0,0,29,15,14,58,27,31,64,30,34,0,0,0,0,0,0
56312905,138,65,73,137,64,73,0,0,0,68,34,34,134,64,70,105,53,52,0,0,0,33,12,21
56312907,271,135,136,271,135,136,0,0,0,144,74,70,262,131,131,268,134,134,0,0,0,3,1,2
56312908,136,71,65,134,69,65,1,1,0,60,25,35,124,66,58,15,10,5,37,23,14,84,38,46
56312909,30,16,14,30,16,14,0,0,0,14,7,7,29,16,13,30,16,14,0,0,0,0,0,0
56312911,37,18,19,37,18,19,0,0,0,16,6,10,34,16,18,32,16,16,0,0,0,5,2,3
56312912,2338,1101,1237,2303,1084,1219,29,15,14,1134,568,566,2236,1053,1183,2249,1081,1168,89,20,69,0,0,0
56312913,936,530,406,922,520,402,14,10,4,454,275,179,892,506,386,764,392,372,0,0,0,172,138,34
56312915,1841,905,936,1802,882,920,36,22,14,896,441,455,1748,852,896,1715,842,873,125,63,62,1,0,1
56312916,359,175,184,359,175,184,0,0,0,195,103,92,352,173,179,356,173,183,0,0,0,3,2,1
56312917,1409,687,722,1389,678,711,19,8,11,708,351,357,1362,664,698,1398,681,717,0,0,0,11,6,5
56312918,1965,969,996,1909,932,977,48,33,15,980,507,473,1874,918,956,1956,965,991,1,1,0,8,3,5
56312920,28,14,14,28,14,14,0,0,0,10,5,5,27,13,14,17,10,7,0,0,0,11,4,7
56312922,1596,801,795,1560,781,779,33,18,15,845,457,388,1517,758,759,1584,793,791,6,4,2,6,4,2
56312923,85,52,33,80,49,31,2,1,1,29,19,10,62,38,24,36,19,17,28,17,11,21,16,5
56312924,2409,1135,1274,2365,1109,1256,40,23,17,1155,568,587,2314,1082,1232,2398,1129,1269,0,0,0,11,6,5
56313701,940,492,448,931,487,444,8,5,3,384,212,172,881,466,415,861,433,428,64,48,16,15,11,4
1361660,0,0,0,0,0,0,0,0,0,0,0,0,0,0,0,0,0,0,0,0,0,0,0,0
1362120,0,0,0,0,0,0,0,0,0,0,0,0,0,0,0,0,0,0,0,0,0,0,0,0
56331502,131,101,30,65,35,30,60,60,0,18,10,8,67,37,30,124,98,26,0,0,0,7,3,4
56331505,31,16,15,31,16,15,0,0,0,8,4,4,27,14,13,26,14,12,0,0,0,5,2,3
0762520,0,0,0,0,0,0,0,0,0,0,0,0,0,0,0,0,0,0,0,0,0,0,0,0
56316101,39,19,20,39,19,20,0,0,0,12,7,5,36,17,19,39,19,20,0,0,0,0,0,0
56316102,82,44,38,79,42,37,3,2,1,19,11,8,80,43,37,82,44,38,0,0,0,0,0,0
56316103,163,103,60,162,102,60,1,1,0,43,25,18,159,100,59,131,77,54,4,2,2,28,24,4
56316104,51,24,27,51,24,27,0,0,0,23,9,14,49,22,27,47,24,23,0,0,0,4,0,4
56316105,47,23,24,47,23,24,0,0,0,10,4,6,45,21,24,47,23,24,0,0,0,0,0,0
56318801,35,14,21,35,14,21,0,0,0,5,1,4,33,13,20,33,13,20,0,0,0,2,1,1
56318802,199,100,99,198,100,98,1,0,1,68,41,27,195,96,99,193,95,98,0,0,0,6,5,1
54651801,53,29,24,50,26,24,3,3,0,5,3,2,47,25,22,28,13,15,10,5,5,15,11,4
54651802,40,26,14,39,26,13,1,0,1,6,4,2,36,24,12,18,11,7,0,0,0,22,15,7
0729230,0,0,0,0,0,0,0,0,0,0,0,0,0,0,0,0,0,0,0,0,0,0,0,0
0910060,0,0,0,0,0,0,0,0,0,0,0,0,0,0,0,0,0,0,0,0,0,0,0,0
56320001,67,27,40,67,27,40,0,0,0,31,13,18,67,27,40,67,27,40,0,0,0,0,0,0
56320002,152,76,76,151,75,76,1,1,0,48,25,23,149,74,75,149,73,76,3,3,0,0,0,0
56320003,579,304,275,578,304,274,1,0,1,187,103,84,539,283,256,556,288,268,0,0,0,23,16,7
56320004,36,20,16,36,20,16,0,0,0,19,13,6,31,17,14,36,20,16,0,0,0,0,0,0
56320005,44,20,24,43,19,24,1,1,0,9,4,5,38,19,19,44,20,24,0,0,0,0,0,0
56320007,50,26,24,50,26,24,0,0,0,13,8,5,49,25,24,30,13,17,0,0,0,20,13,7
0922740,0,0,0,0,0,0,0,0,0,0,0,0,0,0,0,0,0,0,0,0,0,0,0,0
56321802,600,295,305,597,293,304,1,1,0,196,95,101,548,271,277,499,246,253,91,42,49,10,7,3
56322601,23,12,11,23,12,11,0,0,0,8,5,3,23,12,11,12,7,5,0,0,0,11,5,6
56322603,118,60,58,118,60,58,0,0,0,53,23,30,102,51,51,104,52,52,0,0,0,14,8,6
56324201,120,66,54,120,66,54,0,0,0,38,22,16,117,63,54,106,59,47,0,0,0,14,7,7
56324202,264,142,122,258,140,118,2,1,1,71,40,31,260,140,120,243,128,115,4,3,1,17,11,6
56324203,39,23,16,39,23,16,0,0,0,12,7,5,34,19,15,26,15,11,0,0,0,13,8,5
54616001,151,85,66,149,83,66,2,2,0,36,22,14,138,78,60,151,85,66,0,0,0,0,0,0
54616002,98,49,49,97,48,49,1,1,0,31,15,16,91,45,46,98,49,49,0,0,0,0,0,0
3300350,0,0,0,0,0,0,0,0,0,0,0,0,0,0,0,0,0,0,0,0,0,0,0,0
56326901,146,76,70,146,76,70,0,0,0,63,37,26,135,71,64,130,68,62,0,0,0,16,8,8
56326903,221,130,91,219,128,91,2,2,0,73,39,34,203,119,84,176,103,73,1,1,0,44,26,18
56326904,30,14,16,30,14,16,0,0,0,12,7,5,29,14,15,28,14,14,0,0,0,2,0,2
56327701,687,354,333,687,354,333,0,0,0,224,116,108,634,330,304,669,340,329,0,0,0,18,14,4
56328502,126,62,64,126,62,64,0,0,0,36,18,18,118,59,59,98,47,51,0,0,0,28,15,13
56328503,177,91,86,177,91,86,0,0,0,52,28,24,171,89,82,168,86,82,0,0,0,9,5,4
56328504,42,15,27,42,15,27,0,0,0,14,4,10,38,14,24,31,10,21,0,0,0,11,5,6
56328505,602,313,289,602,313,289,0,0,0,235,137,98,576,298,278,591,302,289,0,0,0,11,11,0
56328506,115,61,54,115,61,54,0,0,0,35,24,11,109,59,50,114,61,53,0,0,0,1,0,1
56328507,38,21,17,38,21,17,0,0,0,15,7,8,33,17,16,19,9,10,0,0,0,19,12,7
56328508,50,28,22,49,27,22,1,1,0,9,5,4,44,25,19,39,22,17,0,0,0,11,6,5
54606201,189,94,95,189,94,95,0,0,0,45,22,23,175,88,87,185,91,94,0,0,0,4,3,1
56329301,189,107,82,189,107,82,0,0,0,69,38,31,177,101,76,180,99,81,0,0,0,9,8,1
54607101,387,199,188,383,198,185,3,1,2,126,65,61,364,185,179,384,196,188,0,0,0,3,3,0
1824512,0,0,0,0,0,0,0,0,0,0,0,0,0,0,0,0,0,0,0,0,0,0,0,0
56332301,36,20,16,36,20,16,0,0,0,12,6,6,31,19,12,33,19,14,0,0,0,3,1,2
56332302,34,20,14,34,20,14,0,0,0,11,7,4,30,18,12,32,19,13,0,0,0,2,1,1
56332303,868,433,435,864,431,433,3,1,2,418,223,195,813,410,403,797,389,408,2,2,0,69,42,27
56332307,55,32,23,55,32,23,0,0,0,32,19,13,54,31,23,55,32,23,0,0,0,0,0,0
56332308,37,20,17,37,20,17,0,0,0,6,5,1,32,18,14,33,18,15,0,0,0,4,2,2
56332309,106,56,50,104,55,49,1,1,0,54,30,24,104,56,48,106,56,50,0,0,0,0,0,0
56332311,27,15,12,27,15,12,0,0,0,2,2,0,27,15,12,20,11,9,0,0,0,7,4,3
56333101,49,25,24,49,25,24,0,0,0,15,10,5,42,22,20,1,0,1,0,0,0,48,25,23
56333102,178,82,96,169,78,91,5,2,3,30,16,14,130,60,70,178,82,96,0,0,0,0,0,0
56333104,47,23,24,46,23,23,1,0,1,10,5,5,44,23,21,35,17,18,0,0,0,12,6,6
56333105,59,37,22,58,37,21,1,0,1,14,8,6,56,35,21,45,27,18,0,0,0,14,10,4
56333106,55,23,32,55,23,32,0,0,0,6,4,2,48,20,28,55,23,32,0,0,0,0,0,0
0742760,0,0,0,0,0,0,0,0,0,0,0,0,0,0,0,0,0,0,0,0,0,0,0,0
56334001,1433,742,691,1423,736,687,9,5,4,465,248,217,1368,709,659,1380,720,660,38,12,26,15,10,5
56335801,146,74,72,145,73,72,1,1,0,57,34,23,135,67,68,146,74,72,0,0,0,0,0,0
56335802,785,394,391,773,382,391,12,12,0,238,126,112,751,372,379,764,383,381,10,3,7,11,8,3
56335803,55,30,25,55,30,25,0,0,0,20,13,7,55,30,25,55,30,25,0,0,0,0,0,0
56335804,64,34,30,64,34,30,0,0,0,28,20,8,59,31,28,64,34,30,0,0,0,0,0,0
56338201,139,72,67,138,71,67,1,1,0,45,29,16,131,68,63,139,72,67,0,0,0,0,0,0
56338202,1069,541,528,1069,541,528,0,0,0,344,189,155,1029,516,513,1053,530,523,0,0,0,16,11,5
56340401,44,28,16,44,28,16,0,0,0,19,12,7,42,27,15,38,23,15,2,2,0,4,3,1
56340402,138,69,69,135,66,69,3,3,0,55,33,22,123,64,59,133,66,67,0,0,0,5,3,2
56340403,2513,1278,1235,2451,1242,1209,55,33,22,1156,577,579,2384,1211,1173,2180,1062,1118,262,166,96,71,50,21
56341201,26,15,11,26,15,11,0,0,0,6,4,2,24,13,11,26,15,11,0,0,0,0,0,0
56341202,96,46,50,95,45,50,1,1,0,40,18,22,93,44,49,92,42,50,0,0,0,4,4,0
56341203,92,41,51,92,41,51,0,0,0,21,10,11,73,33,40,87,40,47,0,0,0,5,1,4
56341204,56,32,24,56,32,24,0,0,0,15,10,5,56,32,24,56,32,24,0,0,0,0,0,0
56341205,44,26,18,44,26,18,0,0,0,12,9,3,40,23,17,44,26,18,0,0,0,0,0,0
56343901,441,226,215,440,225,215,1,1,0,202,109,93,406,208,198,437,222,215,0,0,0,4,4,0
56343902,21,11,10,19,10,9,0,0,0,9,6,3,21,11,10,21,11,10,0,0,0,0,0,0
56343903,67,31,36,67,31,36,0,0,0,37,16,21,67,31,36,67,31,36,0,0,0,0,0,0
56343904,61,36,25,61,36,25,0,0,0,27,16,11,56,33,23,60,35,25,0,0,0,1,1,0
1067210,0,0,0,0,0,0,0,0,0,0,0,0,0,0,0,0,0,0,0,0,0,0,0,0
56346302,184,96,88,183,95,88,0,0,0,68,31,37,173,90,83,178,91,87,0,0,0,6,5,1
56346303,127,63,64,127,63,64,0,0,0,35,18,17,113,53,60,119,58,61,0,0,0,8,5,3
56347101,535,462,73,522,450,72,1,0,1,52,37,15,314,250,64,145,76,69,386,383,3,4,3,1
56348001,176,80,96,174,80,94,2,0,2,65,24,41,169,77,92,175,79,96,0,0,0,1,1,0
1878280,0,0,0,0,0,0,0,0,0,0,0,0,0,0,0,0,0,0,0,0,0,0,0,0
56349803,35,20,15,35,20,15,0,0,0,7,4,3,28,17,11,23,12,11,0,0,0,12,8,4
56349804,227,121,106,221,118,103,2,1,1,51,27,24,216,115,101,203,107,96,1,1,0,23,13,10
1881070,0,0,0,0,0,0,0,0,0,0,0,0,0,0,0,0,0,0,0,0,0,0,0,0
56350101,73,35,38,73,35,38,0,0,0,14,4,10,71,33,38,47,23,24,4,1,3,22,11,11
56350102,201,100,101,201,100,101,0,0,0,58,27,31,182,90,92,170,88,82,0,0,0,31,12,19
56350104,789,394,395,786,392,394,0,0,0,231,116,115,728,363,365,744,372,372,30,13,17,15,9,6
56457502,754,366,388,752,366,386,1,0,1,381,188,193,705,345,360,739,356,383,0,0,0,15,10,5
56457503,103,53,50,103,53,50,0,0,0,54,31,23,94,49,45,86,44,42,9,5,4,8,4,4
56457504,396,185,211,395,184,211,1,1,0,208,99,109,374,176,198,372,170,202,0,0,0,24,15,9
56459101,2078,1011,1067,2039,994,1045,35,17,18,884,459,425,1981,965,1016,2025,977,1048,22,7,15,31,27,4
56459102,337,165,172,335,164,171,2,1,1,144,76,68,310,147,163,332,163,169,0,0,0,5,2,3
56461301,436,224,212,417,213,204,17,11,6,161,83,78,399,204,195,421,213,208,3,2,1,12,9,3
56462101,1139,555,584,1131,550,581,6,3,3,533,274,259,1086,534,552,1116,535,581,0,0,0,23,20,3
56462102,88,48,40,88,48,40,0,0,0,26,14,12,84,47,37,73,38,35,0,0,0,15,10,5
54675501,89,48,41,89,48,41,0,0,0,36,25,11,79,44,35,88,47,41,0,0,0,1,1,0
56464801,438,233,205,436,231,205,2,2,0,181,99,82,411,221,190,425,222,203,0,0,0,13,11,2
56465601,20,12,8,20,12,8,0,0,0,14,8,6,20,12,8,20,12,8,0,0,0,0,0,0
56465602,122,62,60,122,62,60,0,0,0,63,39,24,120,61,59,107,55,52,0,0,0,15,7,8
56465603,1374,687,687,1368,683,685,5,3,2,656,331,325,1312,650,662,1336,657,679,0,0,0,38,30,8
56465604,188,96,92,186,95,91,2,1,1,59,33,26,171,85,86,176,90,86,2,1,1,10,5,5
56465605,84,43,41,84,43,41,0,0,0,42,20,22,78,41,37,75,39,36,0,0,0,9,4,5
56465606,24,13,11,24,13,11,0,0,0,7,4,3,22,12,10,23,12,11,0,0,0,1,1,0
56465607,122,62,60,122,62,60,0,0,0,50,27,23,115,60,55,120,61,59,0,0,0,2,1,1
56465608,98,54,44,98,54,44,0,0,0,47,31,16,88,47,41,98,54,44,0,0,0,0,0,0
56465609,94,52,42,92,51,41,2,1,1,37,22,15,86,47,39,94,52,42,0,0,0,0,0,0
54678001,220,113,107,218,111,107,2,2,0,84,50,34,209,108,101,215,108,107,0,0,0,5,5,0
54678002,80,40,40,80,40,40,0,0,0,34,16,18,77,38,39,79,39,40,0,0,0,1,1,0
56467201,353,174,179,350,172,178,3,2,1,141,82,59,337,168,169,351,172,179,0,0,0,2,2,0
54685201,223,111,112,223,111,112,0,0,0,94,50,44,204,99,105,220,108,112,0,0,0,3,3,0
56469901,130,70,60,130,70,60,0,0,0,58,34,24,120,63,57,126,66,60,0,0,0,4,4,0
54242301,315,168,147,315,168,147,0,0,0,127,77,50,291,157,134,311,166,145,0,0,0,4,2,2
3315460,0,0,0,0,0,0,0,0,0,0,0,0,0,0,0,0,0,0,0,0,0,0,0,0
56471101,1304,624,680,1299,622,677,1,1,0,600,310,290,1235,598,637,1227,591,636,60,21,39,17,12,5
56471102,96,48,48,96,48,48,0,0,0,46,24,22,90,46,44,96,48,48,0,0,0,0,0,0
56472901,127,72,55,127,72,55,0,0,0,65,37,28,123,69,54,119,66,53,0,0,0,8,6,2
56472902,41,21,20,41,21,20,0,0,0,18,10,8,37,19,18,41,21,20,0,0,0,0,0,0
56472903,38,18,20,38,18,20,0,0,0,13,6,7,38,18,20,38,18,20,0,0,0,0,0,0
56472904,173,90,83,173,90,83,0,0,0,83,50,33,168,89,79,165,85,80,0,0,0,8,5,3
56473701,170,83,87,170,83,87,0,0,0,48,22,26,157,74,83,113,53,60,57,30,27,0,0,0
56474501,536,279,257,534,278,256,1,1,0,233,121,112,510,266,244,526,274,252,0,0,0,10,5,5
56475301,447,206,241,444,204,240,3,2,1,174,78,96,407,188,219,441,201,240,0,0,0,6,5,1
55364601,281,160,121,279,159,120,1,0,1,106,70,36,259,150,109,273,155,118,0,0,0,8,5,3
56477001,44,23,21,44,23,21,0,0,0,18,10,8,41,21,20,44,23,21,0,0,0,0,0,0
56477002,211,102,109,211,102,109,0,0,0,108,56,52,207,100,107,205,99,106,0,0,0,6,3,3
56477004,28,16,12,28,16,12,0,0,0,6,4,2,24,14,10,28,16,12,0,0,0,0,0,0
56481801,412,218,194,388,202,186,21,14,7,150,83,67,384,203,181,407,215,192,0,0,0,5,3,2
56483401,249,137,112,249,137,112,0,0,0,130,80,50,235,126,109,237,129,108,0,0,0,12,8,4
56483402,32,16,16,32,16,16,0,0,0,15,8,7,32,16,16,25,13,12,0,0,0,7,3,4
56484201,127,61,66,127,61,66,0,0,0,33,21,12,118,58,60,117,54,63,0,0,0,10,7,3
56484203,82,40,42,82,40,42,0,0,0,22,10,12,79,38,41,77,37,40,0,0,0,5,3,2
56484204,88,42,46,88,42,46,0,0,0,23,12,11,78,38,40,85,40,45,0,0,0,3,2,1
56485101,1195,651,544,1190,649,541,1,0,1,415,216,199,1018,528,490,943,449,494,237,191,46,15,11,4
54676301,99,46,53,97,44,53,1,1,0,39,17,22,89,41,48,93,43,50,0,0,0,6,3,3
56487701,836,426,410,828,420,408,6,4,2,370,180,190,790,409,381,805,404,401,14,8,6,17,14,3
56487702,605,314,291,598,309,289,4,3,1,248,134,114,584,302,282,599,312,287,0,0,0,6,2,4
56487703,167,83,84,167,83,84,0,0,0,84,43,41,157,76,81,162,81,81,3,0,3,2,2,0
56487704,99,53,46,94,50,44,5,3,2,43,25,18,90,48,42,94,50,44,3,2,1,2,1,1
56489301,431,227,204,427,224,203,3,3,0,146,82,64,402,213,189,418,214,204,0,0,0,13,13,0
56489302,271,130,141,270,129,141,1,1,0,99,50,49,238,116,122,261,124,137,0,0,0,10,6,4
56492301,348,175,173,348,175,173,0,0,0,164,93,71,328,161,167,336,165,171,0,0,0,12,10,2
56492302,322,160,162,320,160,160,1,0,1,142,83,59,308,150,158,320,159,161,0,0,0,2,1,1
56493101,151,76,75,151,76,75,0,0,0,71,45,26,145,73,72,141,73,68,0,0,0,10,3,7
56494001,537,301,236,537,301,236,0,0,0,213,118,95,501,282,219,477,248,229,57,51,6,3,2,1
56495801,289,151,138,286,148,138,3,3,0,142,87,55,274,143,131,284,148,136,4,2,2,1,1,0
56496601,155,83,72,152,80,72,3,3,0,54,26,28,148,78,70,147,78,69,0,0,0,8,5,3
56496602,53,26,27,53,26,27,0,0,0,18,10,8,48,26,22,50,24,26,0,0,0,3,2,1
54681001,130,66,64,130,66,64,0,0,0,46,22,24,115,61,54,118,60,58,0,0,0,12,6,6
54681002,46,22,24,44,22,22,2,0,2,18,10,8,45,21,24,41,19,22,0,0,0,5,3,2
50552801,313,164,149,306,161,145,6,3,3,93,47,46,292,154,138,311,162,149,0,0,0,2,2,0
54677101,180,98,82,178,96,82,2,2,0,71,39,32,172,93,79,173,93,80,0,0,0,7,5,2
56501601,369,185,184,368,185,183,1,0,1,151,77,74,353,176,177,360,179,181,0,0,0,9,6,3
56502401,474,247,227,473,246,227,1,1,0,268,146,122,461,240,221,461,236,225,0,0,0,13,11,2
56503201,560,291,269,555,290,265,5,1,4,247,134,113,539,283,256,557,289,268,0,0,0,3,2,1
56505901,414,219,195,414,219,195,0,0,0,183,112,71,396,210,186,405,214,191,0,0,0,9,5,4
56506701,436,205,231,436,205,231,0,0,0,163,80,83,398,186,212,425,200,225,10,4,6,1,1,0
56506702,400,178,222,398,178,220,2,0,2,143,78,65,353,161,192,326,164,162,64,8,56,10,6,4
56506703,86,43,43,85,42,43,1,1,0,33,17,16,78,38,40,83,42,41,0,0,0,3,1,2
56507501,253,130,123,251,129,122,0,0,0,125,67,58,242,124,118,238,120,118,0,0,0,15,10,5
56507503,96,52,44,96,52,44,0,0,0,26,14,12,88,47,41,72,41,31,0,0,0,24,11,13
56508301,817,422,395,785,405,380,31,16,15,347,183,164,760,391,369,731,354,377,58,44,14,28,24,4
56508302,142,72,70,142,72,70,0,0,0,57,32,25,134,68,66,142,72,70,0,0,0,0,0,0
56508303,127,68,59,127,68,59,0,0,0,37,23,14,116,64,52,122,66,56,0,0,0,5,2,3
56508304,35,21,14,35,21,14,0,0,0,4,0,4,32,20,12,32,19,13,0,0,0,3,2,1
56508305,313,173,140,313,173,140,0,0,0,145,85,60,301,166,135,312,172,140,0,0,0,1,1,0
56509101,287,144,143,286,144,142,1,0,1,143,77,66,280,142,138,272,136,136,0,0,0,15,8,7
56510501,28,14,14,28,14,14,0,0,0,3,2,1,28,14,14,14,7,7,0,0,0,14,7,7
56510502,96,53,43,96,53,43,0,0,0,16,6,10,84,47,37,88,46,42,0,0,0,8,7,1
56510504,22,13,9,22,13,9,0,0,0,8,5,3,22,13,9,13,8,5,0,0,0,9,5,4
56511301,364,215,149,306,160,146,57,54,3,109,55,54,339,194,145,292,147,145,62,59,3,10,9,1
1516452,0,0,0,0,0,0,0,0,0,0,0,0,0,0,0,0,0,0,0,0,0,0,0,0
56512101,90,44,46,90,44,46,0,0,0,33,13,20,85,41,44,90,44,46,0,0,0,0,0,0
56512102,72,37,35,72,37,35,0,0,0,21,10,11,69,35,34,62,31,31,1,1,0,9,5,4
56512104,54,28,26,54,28,26,0,0,0,18,11,7,42,22,20,49,24,25,0,0,0,5,4,1
56512105,751,387,364,750,386,364,1,1,0,346,187,159,722,371,351,731,376,355,6,1,5,14,10,4
56512106,29,10,19,29,10,19,0,0,0,6,2,4,29,10,19,29,10,19,0,0,0,0,0,0
56512107,81,45,36,80,44,36,1,1,0,29,15,14,76,43,33,70,39,31,2,1,1,9,5,4
56512108,52,28,24,52,28,24,0,0,0,8,6,2,46,24,22,40,22,18,0,0,0,12,6,6
56512109,46,26,20,46,26,20,0,0,0,20,15,5,44,26,18,41,24,17,0,0,0,5,2,3
56512110,26,14,12,26,14,12,0,0,0,12,6,6,22,11,11,26,14,12,0,0,0,0,0,0
56512111,24,10,14,24,10,14,0,0,0,7,3,4,24,10,14,24,10,14,0,0,0,0,0,0
56512112,160,86,74,160,86,74,0,0,0,79,47,32,152,81,71,156,83,73,3,2,1,1,1,0
56512113,65,33,32,63,32,31,2,1,1,24,10,14,64,33,31,59,30,29,1,1,0,5,2,3
56514801,540,254,286,537,253,284,1,0,1,244,112,132,503,239,264,530,248,282,0,0,0,10,6,4
56515601,484,244,240,484,244,240,0,0,0,203,107,96,469,235,234,464,229,235,0,0,0,20,15,5
56515602,73,41,32,73,41,32,0,0,0,23,15,8,72,40,32,71,40,31,0,0,0,2,1,1
56516401,189,87,102,189,87,102,0,0,0,92,47,45,182,84,98,170,77,93,0,0,0,19,10,9
56516402,2813,1364,1449,2794,1351,1443,15,10,5,1349,713,636,2674,1291,1383,2639,1283,1356,109,33,76,65,48,17
56516403,389,194,195,389,194,195,0,0,0,193,99,94,373,186,187,378,187,191,0,0,0,11,7,4
56517201,426,207,219,425,206,219,1,1,0,216,105,111,407,202,205,417,200,217,0,0,0,9,7,2
0855960,0,0,0,0,0,0,0,0,0,0,0,0,0,0,0,0,0,0,0,0,0,0,0,0
0856000,0,0,0,0,0,0,0,0,0,0,0,0,0,0,0,0,0,0,0,0,0,0,0,0
0856690,0,0,0,0,0,0,0,0,0,0,0,0,0,0,0,0,0,0,0,0,0,0,0,0
56456701,20,9,11,20,9,11,0,0,0,16,6,10,20,9,11,17,8,9,0,0,0,3,1,2
56456702,2658,1301,1357,2635,1287,1348,22,14,8,1314,702,612,2565,1263,1302,2655,1298,1357,2,2,0,1,1,0
56456703,551,281,270,550,280,270,1,1,0,284,151,133,534,270,264,531,266,265,20,15,5,0,0,0
56456705,200,102,98,200,102,98,0,0,0,109,63,46,193,99,94,181,90,91,2,1,1,17,11,6
56456706,197,103,94,192,100,92,5,3,2,65,38,27,131,71,60,112,61,51,79,39,40,6,3,3
56456707,802,376,426,795,373,422,7,3,4,389,202,187,759,357,402,780,367,413,22,9,13,0,0,0
56456708,1062,681,381,1045,666,379,8,6,2,362,196,166,695,362,333,637,298,339,425,383,42,0,0,0
56456709,1934,919,1015,1915,911,1004,19,8,11,1014,509,505,1838,872,966,1932,917,1015,1,1,0,1,1,0
56456710,55,31,24,51,29,22,4,2,2,25,16,9,48,28,20,31,19,12,2,1,1,22,11,11
56456711,107,42,65,103,41,62,4,1,3,20,12,8,92,38,54,2,1,1,105,41,64,0,0,0
56456712,80,36,44,79,36,43,1,0,1,45,19,26,68,31,37,80,36,44,0,0,0,0,0,0
56456713,49,39,10,49,39,10,0,0,0,16,13,3,28,23,5,18,13,5,19,19,0,12,7,5
56456714,99,46,53,99,46,53,0,0,0,54,27,27,93,46,47,97,46,51,0,0,0,2,0,2
56456715,2100,1005,1095,2058,982,1076,40,22,18,960,481,479,1982,941,1041,2040,971,1069,60,34,26,0,0,0
56456716,1458,678,780,1435,666,769,19,10,9,661,338,323,1369,640,729,1317,648,669,137,27,110,4,3,1
56456717,59,29,30,58,28,30,0,0,0,32,14,18,58,28,30,34,17,17,0,0,0,25,12,13
56456718,4089,1879,2210,4054,1861,2193,32,15,17,2072,1000,1072,3875,1773,2102,4051,1871,2180,36,6,30,2,2,0
56456719,66,36,30,66,36,30,0,0,0,38,18,20,63,34,29,64,34,30,2,2,0,0,0,0
56456720,1907,884,1023,1892,873,1019,15,11,4,962,471,491,1805,836,969,1905,883,1022,0,0,0,2,1,1
56456722,2776,1340,1436,2721,1309,1412,53,29,24,1390,707,683,2646,1283,1363,2776,1340,1436,0,0,0,0,0,0
56456723,129,66,63,129,66,63,0,0,0,43,25,18,123,61,62,129,66,63,0,0,0,0,0,0
56456724,24,8,16,24,8,16,0,0,0,12,4,8,19,6,13,22,8,14,0,0,0,2,0,2
56456725,1007,500,507,1007,500,507,0,0,0,541,289,252,974,487,487,1007,500,507,0,0,0,0,0,0
56456726,500,243,257,500,243,257,0,0,0,291,148,143,489,237,252,500,243,257,0,0,0,0,0,0
56456727,1503,853,650,1486,841,645,15,10,5,718,419,299,1429,810,619,1054,529,525,31,9,22,418,315,103
54669101,187,100,87,185,100,85,1,0,1,83,49,34,182,99,83,180,95,85,0,0,0,7,5,2
56521101,23,9,14,23,9,14,0,0,0,5,1,4,22,9,13,22,8,14,0,0,0,1,1,0
56521102,268,127,141,268,127,141,0,0,0,112,57,55,253,121,132,218,104,114,0,0,0,50,23,27
56521103,66,34,32,66,34,32,0,0,0,32,19,13,61,30,31,53,26,27,3,2,1,10,6,4
56521104,56,28,28,56,28,28,0,0,0,16,9,7,49,25,24,43,22,21,0,0,0,13,6,7
56521105,20,13,7,20,13,7,0,0,0,4,3,1,19,12,7,16,10,6,1,1,0,3,2,1
56521107,61,26,35,61,26,35,0,0,0,21,8,13,57,23,34,53,22,31,0,0,0,8,4,4
56521108,99,53,46,99,53,46,0,0,0,32,16,16,94,51,43,88,46,42,0,0,0,11,7,4
0877420,0,0,0,0,0,0,0,0,0,0,0,0,0,0,0,0,0,0,0,0,0,0,0,0
0878230,0,0,0,0,0,0,0,0,0,0,0,0,0,0,0,0,0,0,0,0,0,0,0,0
0878310,0,0,0,0,0,0,0,0,0,0,0,0,0,0,0,0,0,0,0,0,0,0,0,0
56522901,328,160,168,326,159,167,2,1,1,172,86,86,316,153,163,214,100,114,0,0,0,114,60,54
56522902,2117,1036,1081,2063,1011,1052,52,25,27,930,478,452,1987,972,1015,1881,865,1016,8,3,5,228,168,60
56522903,181,84,97,125,63,62,51,19,32,48,22,26,151,71,80,117,58,59,59,24,35,5,2,3
56522906,35,17,18,35,17,18,0,0,0,14,7,7,33,15,18,28,14,14,7,3,4,0,0,0
56522907,2238,1054,1184,2176,1034,1142,59,20,39,976,494,482,2082,977,1105,2202,1039,1163,33,14,19,3,1,2
56522908,348,173,175,345,172,173,2,1,1,204,104,100,340,169,171,342,172,170,0,0,0,6,1,5
56522910,979,488,491,965,482,483,13,5,8,500,270,230,947,472,475,979,488,491,0,0,0,0,0,0
56522911,2349,1063,1286,2305,1042,1263,43,21,22,1165,560,605,2225,1012,1213,2307,1046,1261,36,13,23,6,4,2
56522912,71,39,32,71,39,32,0,0,0,48,28,20,66,36,30,71,39,32,0,0,0,0,0,0
56523701,348,180,168,336,173,163,10,5,5,154,79,75,325,169,156,343,178,165,0,0,0,5,2,3
56524501,684,339,345,675,335,340,8,4,4,277,145,132,641,321,320,664,323,341,0,0,0,20,16,4
54249101,132,69,63,132,69,63,0,0,0,48,26,22,118,63,55,126,66,60,0,0,0,6,3,3
54249102,45,25,20,45,25,20,0,0,0,14,7,7,45,25,20,40,22,18,0,0,0,5,3,2
56525301,247,124,123,247,124,123,0,0,0,103,59,44,234,119,115,242,120,122,0,0,0,5,4,1
56525302,81,41,40,80,41,39,1,0,1,25,18,7,78,41,37,81,41,40,0,0,0,0,0,0
56525303,243,131,112,243,131,112,0,0,0,107,68,39,221,117,104,243,131,112,0,0,0,0,0,0
56525304,229,115,114,229,115,114,0,0,0,78,42,36,216,109,107,220,110,110,0,0,0,9,5,4
54252101,153,82,71,153,82,71,0,0,0,43,25,18,141,75,66,153,82,71,0,0,0,0,0,0
53050601,209,111,98,209,111,98,0,0,0,60,35,25,206,108,98,192,100,92,0,0,0,17,11,6
56529601,232,110,122,230,109,121,2,1,1,93,48,45,211,98,113,229,107,122,0,0,0,3,3,0
56530001,550,278,272,545,276,269,5,2,3,277,155,122,526,264,262,539,271,268,0,0,0,11,7,4
3306980,0,0,0,0,0,0,0,0,0,0,0,0,0,0,0,0,0,0,0,0,0,0,0,0
56531801,890,457,433,887,454,433,3,3,0,389,217,172,833,434,399,846,427,419,3,3,0,41,27,14
56531802,217,110,107,216,109,107,1,1,0,94,54,40,212,106,106,197,98,99,0,0,0,20,12,8
56531803,209,115,94,205,113,92,4,2,2,98,62,36,199,110,89,204,113,91,0,0,0,5,2,3
56531804,62,31,31,62,31,31,0,0,0,31,17,14,58,29,29,61,31,30,0,0,0,1,0,1
56531805,31,15,16,31,15,16,0,0,0,15,7,8,31,15,16,22,11,11,0,0,0,9,4,5
56531806,119,60,59,119,60,59,0,0,0,44,21,23,114,57,57,112,56,56,0,0,0,7,4,3
56531807,29,17,12,29,17,12,0,0,0,8,5,3,27,16,11,29,17,12,0,0,0,0,0,0
56531808,225,118,107,225,118,107,0,0,0,73,46,27,210,108,102,219,115,104,0,0,0,6,3,3
56534201,166,91,75,166,91,75,0,0,0,85,50,35,162,88,74,166,91,75,0,0,0,0,0,0
56534202,229,112,117,229,112,117,0,0,0,92,48,44,221,109,112,194,95,99,0,0,0,35,17,18
54244001,100,55,45,100,55,45,0,0,0,32,19,13,96,53,43,96,51,45,0,0,0,4,4,0
54253901,207,109,98,207,109,98,0,0,0,63,34,29,197,104,93,190,99,91,0,0,0,17,10,7
56539301,313,152,161,311,151,160,2,1,1,118,62,56,291,142,149,311,151,160,0,0,0,2,1,1
56539302,67,30,37,67,30,37,0,0,0,31,15,16,65,28,37,67,30,37,0,0,0,0,0,0
56539304,34,20,14,33,19,14,0,0,0,9,5,4,30,17,13,32,18,14,0,0,0,2,2,0
56539305,49,28,21,49,28,21,0,0,0,19,10,9,48,27,21,35,18,17,0,0,0,14,10,4
56541502,161,80,81,161,80,81,0,0,0,60,32,28,152,74,78,158,79,79,0,0,0,3,1,2
56541503,28,14,14,28,14,14,0,0,0,13,6,7,28,14,14,28,14,14,0,0,0,0,0,0
56541504,68,41,27,68,41,27,0,0,0,31,22,9,64,39,25,62,38,24,0,0,0,6,3,3
56541505,391,182,209,390,181,209,1,1,0,175,91,84,354,165,189,378,173,205,0,0,0,13,9,4
56543101,47,21,26,47,21,26,0,0,0,14,6,8,44,19,25,47,21,26,0,0,0,0,0,0
56543102,137,70,67,137,70,67,0,0,0,71,39,32,133,69,64,137,70,67,0,0,0,0,0,0
56543104,55,27,28,55,27,28,0,0,0,27,13,14,54,26,28,55,27,28,0,0,0,0,0,0
56543105,96,48,48,95,47,48,1,1,0,45,24,21,95,47,48,96,48,48,0,0,0,0,0,0
56543107,173,92,81,171,91,80,2,1,1,79,45,34,158,83,75,171,91,80,0,0,0,2,1,1
56543108,81,38,43,81,38,43,0,0,0,21,10,11,78,38,40,81,38,43,0,0,0,0,0,0
56543109,680,334,346,676,334,342,4,0,4,287,157,130,653,321,332,630,309,321,24,6,18,26,19,7
56545801,246,127,119,244,126,118,0,0,0,93,49,44,234,119,115,241,124,117,0,0,0,5,3,2
56545802,388,197,191,388,197,191,0,0,0,142,79,63,370,187,183,343,171,172,0,0,0,45,26,19
56547401,288,143,145,283,140,143,5,3,2,123,59,64,280,139,141,279,138,141,2,1,1,7,4,3
56548201,355,179,176,349,173,176,6,6,0,147,76,71,333,166,167,333,166,167,5,2,3,17,11,6
56549101,601,306,295,599,306,293,2,0,2,254,132,122,566,289,277,592,300,292,0,0,0,9,6,3
56552101,482,247,235,482,247,235,0,0,0,201,112,89,457,237,220,476,242,234,0,0,0,6,5,1
56554701,153,77,76,152,76,76,1,1,0,64,36,28,134,70,64,153,77,76,0,0,0,0,0,0
1417210,0,0,0,0,0,0,0,0,0,0,0,0,0,0,0,0,0,0,0,0,0,0,0,0
1417800,0,0,0,0,0,0,0,0,0,0,0,0,0,0,0,0,0,0,0,0,0,0,0,0
56555501,870,438,432,865,433,432,4,4,0,499,251,248,841,422,419,869,437,432,0,0,0,1,1,0
56555503,56,28,28,56,28,28,0,0,0,37,20,17,55,27,28,56,28,28,0,0,0,0,0,0
56555504,1100,549,551,1089,541,548,10,7,3,578,317,261,1042,521,521,1090,542,548,10,7,3,0,0,0
56555505,1229,576,653,1188,556,632,39,18,21,534,261,273,1167,544,623,1229,576,653,0,0,0,0,0,0
56555506,95,51,44,94,50,44,0,0,0,58,32,26,85,45,40,95,51,44,0,0,0,0,0,0
56555507,77,39,38,77,39,38,0,0,0,42,23,19,72,36,36,43,22,21,6,2,4,28,15,13
56555508,1231,581,650,1216,576,640,15,5,10,711,350,361,1177,553,624,1215,572,643,15,9,6,1,0,1
56555509,455,222,233,454,222,232,1,0,1,240,119,121,433,212,221,455,222,233,0,0,0,0,0,0
56555511,113,64,49,102,54,48,11,10,1,51,30,21,91,50,41,68,32,36,43,31,12,2,1,1
56555512,2878,1317,1561,2821,1287,1534,54,29,25,1277,637,640,2703,1237,1466,2760,1291,1469,118,26,92,0,0,0
56555513,1185,630,555,1155,612,543,27,16,11,533,285,248,1102,585,517,987,482,505,4,2,2,194,146,48
56555514,805,378,427,791,373,418,11,4,7,378,188,190,750,354,396,805,378,427,0,0,0,0,0,0
56555515,165,84,81,164,83,81,1,1,0,100,46,54,155,79,76,163,83,80,1,1,0,1,0,1
56555516,1440,712,728,1428,706,722,12,6,6,828,438,390,1384,680,704,1440,712,728,0,0,0,0,0,0
56555517,29,16,13,29,16,13,0,0,0,14,8,6,26,13,13,22,12,10,0,0,0,7,4,3
56555518,367,176,191,360,170,190,7,6,1,175,89,86,337,166,171,354,171,183,9,4,5,4,1,3
56555519,277,133,144,275,132,143,0,0,0,151,75,76,269,127,142,277,133,144,0,0,0,0,0,0
54672101,213,112,101,213,112,101,0,0,0,89,46,43,199,105,94,209,109,100,0,0,0,4,3,1
56559801,260,132,128,258,130,128,1,1,0,121,64,57,236,123,113,259,131,128,0,0,0,1,1,0
56560101,253,129,124,252,128,124,1,1,0,91,49,42,236,119,117,246,124,122,0,0,0,7,5,2
56561001,73,40,33,73,40,33,0,0,0,28,18,10,69,39,30,68,37,31,0,0,0,5,3,2
56561002,268,143,125,268,143,125,0,0,0,92,47,45,256,139,117,190,97,93,51,27,24,27,19,8
56561003,115,64,51,115,64,51,0,0,0,63,38,25,104,59,45,113,62,51,0,0,0,2,2,0
56561004,26,14,12,26,14,12,0,0,0,2,1,1,24,13,11,24,12,12,1,1,0,1,1,0
56561005,49,22,27,49,22,27,0,0,0,13,3,10,48,21,27,45,20,25,0,0,0,4,2,2
56561006,26,14,12,26,14,12,0,0,0,8,5,3,24,13,11,25,13,12,0,0,0,1,1,0
56561008,139,72,67,139,72,67,0,0,0,58,36,22,135,70,65,135,70,65,0,0,0,4,2,2
56561009,82,41,41,82,41,41,0,0,0,31,16,15,75,38,37,72,37,35,0,0,0,10,4,6
54682801,28,17,11,28,17,11,0,0,0,4,2,2,28,17,11,27,16,11,0,0,0,1,1,0
56567901,632,304,328,628,301,327,3,2,1,293,159,134,612,294,318,598,285,313,16,8,8,18,11,7
56567902,409,198,211,403,195,208,6,3,3,186,97,89,381,182,199,409,198,211,0,0,0,0,0,0
3315380,0,0,0,0,0,0,0,0,0,0,0,0,0,0,0,0,0,0,0,0,0,0,0,0
56569501,691,365,326,689,364,325,2,1,1,304,176,128,654,346,308,687,361,326,0,0,0,4,4,0
3111620,0,0,0,0,0,0,0,0,0,0,0,0,0,0,0,0,0,0,0,0,0,0,0,0
3111970,0,0,0,0,0,0,0,0,0,0,0,0,0,0,0,0,0,0,0,0,0,0,0,0
56570901,223,118,105,222,118,104,1,0,1,132,73,59,216,114,102,218,115,103,0,0,0,5,3,2
56570902,259,132,127,259,132,127,0,0,0,172,95,77,250,127,123,246,125,121,0,0,0,13,7,6
56570903,40,18,22,40,18,22,0,0,0,22,12,10,36,16,20,38,17,21,0,0,0,2,1,1
56570904,35,20,15,35,20,15,0,0,0,14,10,4,35,20,15,31,18,13,0,0,0,4,2,2
56570905,137,76,61,134,74,60,2,2,0,69,43,26,130,71,59,126,69,57,11,7,4,0,0,0
56570906,59,26,33,59,26,33,0,0,0,31,11,20,51,23,28,53,22,31,0,0,0,6,4,2
56570907,240,123,117,237,122,115,3,1,2,138,68,70,217,114,103,225,114,111,0,0,0,15,9,6
56570908,191,95,96,190,94,96,0,0,0,100,46,54,184,91,93,183,91,92,0,0,0,8,4,4
56570910,107,56,51,107,56,51,0,0,0,64,32,32,99,54,45,107,56,51,0,0,0,0,0,0
56570911,954,451,503,941,443,498,12,8,4,464,231,233,913,431,482,954,451,503,0,0,0,0,0,0
56570912,742,366,376,730,359,371,9,5,4,397,206,191,721,353,368,742,366,376,0,0,0,0,0,0
56570913,723,357,366,712,346,366,9,9,0,359,183,176,687,341,346,676,326,350,47,31,16,0,0,0
56570914,31,17,14,31,17,14,0,0,0,6,4,2,25,14,11,11,5,6,0,0,0,20,12,8
56570915,691,322,369,678,314,364,12,7,5,341,147,194,661,306,355,691,322,369,0,0,0,0,0,0
56570916,1616,751,865,1596,739,857,19,11,8,812,388,424,1534,717,817,1615,750,865,0,0,0,1,1,0
56570917,1628,812,816,1609,805,804,16,6,10,778,405,373,1570,787,783,1457,682,775,0,0,0,171,130,41
56570918,550,283,267,528,267,261,20,15,5,291,151,140,517,268,249,383,190,193,155,87,68,12,6,6
56570921,94,41,53,94,41,53,0,0,0,42,20,22,88,39,49,72,30,42,2,2,0,20,9,11
56571701,551,277,274,546,275,271,4,2,2,316,164,152,536,267,269,536,269,267,10,5,5,5,3,2
56571702,139,72,67,138,72,66,1,0,1,57,30,27,128,66,62,139,72,67,0,0,0,0,0,0
56571703,43,21,22,43,21,22,0,0,0,18,12,6,39,18,21,40,20,20,0,0,0,3,1,2
56571704,327,163,164,327,163,164,0,0,0,124,65,59,299,154,145,322,160,162,5,3,2,0,0,0
56571705,27,15,12,27,15,12,0,0,0,13,7,6,27,15,12,27,15,12,0,0,0,0,0,0
56571707,1656,814,842,1600,786,814,47,22,25,586,303,283,1545,744,801,1391,689,702,224,96,128,41,29,12
56571710,219,90,129,217,88,129,2,2,0,65,33,32,192,78,114,128,64,64,90,26,64,1,0,1
56574101,83,45,38,83,45,38,0,0,0,24,16,8,81,44,37,83,45,38,0,0,0,0,0,0
56574102,512,252,260,512,252,260,0,0,0,250,125,125,493,242,251,505,248,257,0,0,0,7,4,3
54240701,300,152,148,299,152,147,1,0,1,80,40,40,277,141,136,300,152,148,0,0,0,0,0,0
54240702,116,55,61,116,55,61,0,0,0,44,20,24,112,53,59,114,54,60,0,0,0,2,1,1
56576802,21,11,10,21,11,10,0,0,0,2,2,0,20,10,10,21,11,10,0,0,0,0,0,0
56576803,132,61,71,132,61,71,0,0,0,42,22,20,126,57,69,129,60,69,0,0,0,3,1,2
56576804,54,27,27,53,26,27,1,1,0,18,13,5,51,27,24,52,25,27,0,0,0,2,2,0
56576805,92,46,46,92,46,46,0,0,0,42,22,20,89,45,44,91,46,45,0,0,0,1,0,1
56576806,75,34,41,75,34,41,0,0,0,37,14,23,69,31,38,75,34,41,0,0,0,0,0,0
56576807,1412,714,698,1396,705,691,15,9,6,678,364,314,1343,678,665,1385,696,689,0,0,0,27,18,9
56576808,67,33,34,67,33,34,0,0,0,23,12,11,58,29,29,67,33,34,0,0,0,0,0,0
56576809,23,9,14,23,9,14,0,0,0,8,2,6,22,9,13,19,7,12,0,0,0,4,2,2
56577602,106,51,55,106,51,55,0,0,0,45,25,20,106,51,55,106,51,55,0,0,0,0,0,0
56577603,21,10,11,21,10,11,0,0,0,6,6,0,21,10,11,6,2,4,0,0,0,15,8,7
56577604,38,19,19,38,19,19,0,0,0,16,10,6,38,19,19,37,18,19,0,0,0,1,1,0
56577605,22,12,10,22,12,10,0,0,0,5,4,1,19,10,9,17,9,8,0,0,0,5,3,2
56577606,69,36,33,69,36,33,0,0,0,41,24,17,68,35,33,67,35,32,0,0,0,2,1,1
56577607,49,23,26,49,23,26,0,0,0,23,11,12,46,22,24,46,22,24,0,0,0,3,1,2
56577608,508,240,268,508,240,268,0,0,0,206,93,113,480,224,256,492,229,263,0,0,0,16,11,5
56579201,57,32,25,57,32,25,0,0,0,28,18,10,53,30,23,51,30,21,0,0,0,6,2,4
56579202,48,24,24,48,24,24,0,0,0,15,6,9,44,22,22,40,20,20,0,0,0,8,4,4
56579203,36,21,15,36,21,15,0,0,0,9,6,3,35,21,14,35,20,15,0,0,0,1,1,0
56579205,77,40,37,77,40,37,0,0,0,22,15,7,73,37,36,47,26,21,0,0,0,30,14,16
56579206,372,191,181,364,187,177,8,4,4,150,76,74,347,180,167,290,155,135,28,7,21,54,29,25
56580601,272,139,133,272,139,133,0,0,0,129,72,57,254,131,123,272,139,133,0,0,0,0,0,0
1980052,0,0,0,0,0,0,0,0,0,0,0,0,0,0,0,0,0,0,0,0,0,0,0,0
56581402,28,16,12,28,16,12,0,0,0,8,6,2,25,15,10,28,16,12,0,0,0,0,0,0
56581403,122,59,63,120,57,63,2,2,0,64,35,29,117,56,61,122,59,63,0,0,0,0,0,0
56581404,40,20,20,40,20,20,0,0,0,14,7,7,39,20,19,38,19,19,0,0,0,2,1,1
56581405,37,18,19,37,18,19,0,0,0,12,5,7,35,18,17,30,16,14,3,1,2,4,1,3
56581406,69,33,36,69,33,36,0,0,0,26,13,13,69,33,36,69,33,36,0,0,0,0,0,0
56581407,33,17,16,33,17,16,0,0,0,12,6,6,27,14,13,30,16,14,0,0,0,3,1,2
56581409,56,31,25,56,31,25,0,0,0,22,13,9,53,29,24,56,31,25,0,0,0,0,0,0
56581410,142,81,61,142,81,61,0,0,0,55,34,21,132,77,55,142,81,61,0,0,0,0,0,0
56581411,33,18,15,33,18,15,0,0,0,10,6,4,30,16,14,33,18,15,0,0,0,0,0,0
56581412,64,35,29,64,35,29,0,0,0,28,14,14,62,33,29,60,34,26,0,0,0,4,1,3
56581413,60,30,30,60,30,30,0,0,0,25,14,11,56,28,28,60,30,30,0,0,0,0,0,0
56581414,137,66,71,137,66,71,0,0,0,72,39,33,130,64,66,136,65,71,0,0,0,1,1,0
56581415,22,11,11,22,11,11,0,0,0,11,5,6,22,11,11,22,11,11,0,0,0,0,0,0
56581416,78,35,43,78,35,43,0,0,0,34,15,19,75,34,41,75,34,41,0,0,0,3,1,2
56581418,39,18,21,39,18,21,0,0,0,5,3,2,36,16,20,39,18,21,0,0,0,0,0,0
56581419,102,51,51,102,51,51,0,0,0,35,18,17,92,46,46,89,45,44,0,0,0,13,6,7
56581421,53,27,26,52,27,25,1,0,1,29,17,12,52,27,25,53,27,26,0,0,0,0,0,0
56581422,88,42,46,88,42,46,0,0,0,38,17,21,81,38,43,87,41,46,0,0,0,1,1,0
56581423,415,228,187,411,225,186,4,3,1,187,104,83,396,215,181,348,171,177,1,1,0,66,56,10
56581424,330,171,159,295,141,154,29,25,4,131,66,65,291,142,149,279,149,130,48,20,28,3,2,1
56581425,777,371,406,776,370,406,1,1,0,392,203,189,735,349,386,740,356,384,36,14,22,1,1,0
56581426,27,13,14,27,13,14,0,0,0,7,3,4,24,10,14,27,13,14,0,0,0,0,0,0
56583101,608,313,295,607,313,294,1,0,1,190,108,82,586,302,284,596,305,291,0,0,0,12,8,4
56583102,292,145,147,290,144,146,2,1,1,89,42,47,269,134,135,288,142,146,3,2,1,1,1,0
56584901,88,51,37,88,51,37,0,0,0,46,31,15,86,50,36,88,51,37,0,0,0,0,0,0
56584902,81,40,41,81,40,41,0,0,0,41,23,18,74,36,38,81,40,41,0,0,0,0,0,0
56584903,33,21,12,33,21,12,0,0,0,13,9,4,30,19,11,33,21,12,0,0,0,0,0,0
56584904,58,29,29,58,29,29,0,0,0,24,14,10,52,25,27,58,29,29,0,0,0,0,0,0
56584905,39,21,18,39,21,18,0,0,0,10,8,2,37,19,18,37,20,17,0,0,0,2,1,1
56584906,60,33,27,59,32,27,1,1,0,17,12,5,56,30,26,52,28,24,0,0,0,8,5,3
56584907,95,41,54,95,41,54,0,0,0,44,23,21,88,39,49,95,41,54,0,0,0,0,0,0
56584908,31,14,17,31,14,17,0,0,0,10,4,6,30,13,17,30,13,17,0,0,0,1,1,0
56584909,316,147,169,314,145,169,2,2,0,129,69,60,290,137,153,232,119,113,65,20,45,19,8,11
56584911,129,65,64,126,63,63,3,2,1,36,19,17,118,60,58,113,57,56,0,0,0,16,8,8
56584912,106,55,51,106,55,51,0,0,0,56,34,22,101,52,49,106,55,51,0,0,0,0,0,0
56584913,645,334,311,641,332,309,4,2,2,292,169,123,607,313,294,617,313,304,0,0,0,28,21,7
56585701,480,249,231,475,244,231,5,5,0,197,112,85,458,239,219,439,223,216,4,4,0,37,22,15
56586501,48,30,18,48,30,18,0,0,0,17,11,6,45,27,18,47,29,18,0,0,0,1,1,0
56586502,229,108,121,229,108,121,0,0,0,118,65,53,219,105,114,228,107,121,0,0,0,1,1,0
56587301,178,82,96,178,82,96,0,0,0,53,21,32,168,76,92,173,79,94,0,0,0,5,3,2
56588101,405,218,187,404,217,187,1,1,0,182,105,77,383,208,175,397,214,183,0,0,0,8,4,4
56589002,266,123,143,264,123,141,1,0,1,114,50,64,253,114,139,266,123,143,0,0,0,0,0,0
56589003,268,138,130,264,136,128,2,1,1,93,53,40,256,130,126,251,129,122,0,0,0,17,9,8
56590301,301,153,148,301,153,148,0,0,0,133,65,68,278,138,140,292,148,144,0,0,0,9,5,4
56591101,98,47,51,98,47,51,0,0,0,47,24,23,95,46,49,98,47,51,0,0,0,0,0,0
56591102,220,112,108,220,112,108,0,0,0,106,58,48,200,101,99,216,110,106,0,0,0,4,2,2
54248201,69,32,37,69,32,37,0,0,0,23,10,13,66,31,35,57,24,33,0,0,0,12,8,4
54248202,154,73,81,154,73,81,0,0,0,55,25,30,142,68,74,144,70,74,0,0,0,10,3,7
56593801,268,135,133,268,135,133,0,0,0,103,58,45,256,128,128,258,128,130,0,0,0,10,7,3
56594601,505,259,246,503,257,246,1,1,0,170,83,87,472,241,231,467,237,230,0,0,0,38,22,16
56595401,402,209,193,396,206,190,4,2,2,131,77,54,365,193,172,400,207,193,0,0,0,2,2,0
56596201,476,245,231,475,244,231,1,1,0,178,101,77,442,227,215,472,243,229,0,0,0,4,2,2
56596202,293,163,130,292,162,130,1,1,0,64,37,27,281,158,123,212,106,106,78,55,23,3,2,1
56596203,838,420,418,838,420,418,0,0,0,289,162,127,800,399,401,779,382,397,0,0,0,59,38,21
56599701,267,135,132,264,132,132,3,3,0,101,53,48,243,124,119,255,129,126,1,0,1,11,6,5
56599702,48,25,23,47,25,22,0,0,0,9,7,2,41,23,18,48,25,23,0,0,0,0,0,0
56599703,63,34,29,63,34,29,0,0,0,14,8,6,57,32,25,61,32,29,0,0,0,2,2,0
56599704,40,18,22,38,16,22,2,2,0,9,4,5,34,15,19,36,15,21,4,3,1,0,0,0
56600401,396,189,207,395,188,207,1,1,0,151,76,75,377,180,197,371,177,194,7,3,4,18,9,9
56600402,82,43,39,82,43,39,0,0,0,23,14,9,75,39,36,79,41,38,0,0,0,3,2,1
56601201,279,134,145,276,132,144,3,2,1,100,54,46,261,126,135,275,130,145,0,0,0,4,4,0
56602101,407,226,181,402,223,179,4,2,2,178,105,73,379,206,173,392,214,178,0,0,0,15,12,3
56602102,35,19,16,35,19,16,0,0,0,21,12,9,35,19,16,31,17,14,0,0,0,4,2,2
56602103,149,72,77,145,72,73,4,0,4,65,34,31,142,67,75,144,69,75,0,0,0,5,3,2
56602104,68,41,27,68,41,27,0,0,0,31,20,11,66,40,26,66,40,26,0,0,0,2,1,1
56602105,119,56,63,119,56,63,0,0,0,27,14,13,97,47,50,105,50,55,0,0,0,14,6,8
56602106,151,77,74,151,77,74,0,0,0,58,34,24,145,75,70,134,69,65,0,0,0,17,8,9
54254701,392,207,185,390,207,183,2,0,2,116,68,48,356,189,167,387,202,185,0,0,0,5,5,0
54689501,78,40,38,78,40,38,0,0,0,33,21,12,74,40,34,77,40,37,0,0,0,1,0,1
56606301,304,152,152,303,152,151,1,0,1,118,56,62,287,144,143,298,148,150,0,0,0,6,4,2
54257101,1022,537,485,1018,533,485,4,4,0,389,234,155,968,503,465,1010,528,482,0,0,0,12,9,3
53058101,273,139,134,271,138,133,2,1,1,122,63,59,267,138,129,269,137,132,0,0,0,4,2,2
53058102,29,17,12,29,17,12,0,0,0,7,4,3,22,14,8,29,17,12,0,0,0,0,0,0
54262801,1140,554,586,1132,548,584,8,6,2,426,215,211,1081,523,558,1110,536,574,0,0,0,30,18,12
54262802,135,68,67,135,68,67,0,0,0,48,25,23,131,66,65,134,68,66,1,0,1,0,0,0
56612801,168,87,81,167,86,81,0,0,0,51,27,24,151,80,71,157,77,80,0,0,0,11,10,1
56612802,34,21,13,33,20,13,0,0,0,12,6,6,31,19,12,34,21,13,0,0,0,0,0,0
54686101,1388,706,682,1385,704,681,3,2,1,496,257,239,1314,668,646,1370,691,679,0,0,0,18,15,3
56615201,459,238,221,455,236,219,4,2,2,187,107,80,429,226,203,440,226,214,0,0,0,19,12,7
56615202,179,93,86,179,93,86,0,0,0,75,44,31,150,80,70,178,92,86,0,0,0,1,1,0
56618701,385,201,184,385,201,184,0,0,0,154,82,72,373,196,177,376,193,183,0,0,0,9,8,1
56618702,48,25,23,48,25,23,0,0,0,16,10,6,46,23,23,48,25,23,0,0,0,0,0,0
56618703,86,45,41,86,45,41,0,0,0,41,25,16,82,42,40,84,44,40,0,0,0,2,1,1
56618704,84,44,40,84,44,40,0,0,0,32,15,17,73,38,35,84,44,40,0,0,0,0,0,0
56619501,69,33,36,69,33,36,0,0,0,25,12,13,58,29,29,69,33,36,0,0,0,0,0,0
56619502,343,172,171,342,171,171,1,1,0,163,89,74,333,166,167,328,165,163,0,0,0,15,7,8
56621701,352,172,180,352,172,180,0,0,0,168,80,88,333,162,171,337,162,175,0,0,0,15,10,5
56621702,63,33,30,63,33,30,0,0,0,27,10,17,59,30,29,41,21,20,0,0,0,22,12,10
56621703,206,109,97,206,109,97,0,0,0,92,50,42,197,103,94,206,109,97,0,0,0,0,0,0
56623301,362,185,177,361,185,176,1,0,1,132,70,62,345,177,168,354,178,176,0,0,0,8,7,1
56623302,193,86,107,193,86,107,0,0,0,61,27,34,184,81,103,191,85,106,0,0,0,2,1,1
56624101,281,151,130,280,151,129,1,0,1,92,56,36,265,145,120,269,141,128,0,0,0,12,10,2
56624102,97,55,42,97,55,42,0,0,0,36,18,18,93,52,41,97,55,42,0,0,0,0,0,0
56624103,139,70,69,139,70,69,0,0,0,48,20,28,131,66,65,134,68,66,0,0,0,5,2,3
54642901,123,66,57,122,65,57,1,1,0,52,27,25,110,60,50,122,65,57,0,0,0,1,1,0
54601101,49,30,19,47,29,18,1,0,1,23,17,6,48,29,19,49,30,19,0,0,0,0,0,0
54601102,234,113,121,234,113,121,0,0,0,97,50,47,223,106,117,232,112,120,0,0,0,2,1,1
54601103,162,84,78,162,84,78,0,0,0,56,33,23,158,82,76,146,73,73,0,0,0,16,11,5
54601104,422,224,198,420,223,197,1,1,0,184,99,85,405,217,188,419,223,196,0,0,0,3,1,2
56628401,410,209,201,408,208,200,1,0,1,197,97,100,386,198,188,396,197,199,0,0,0,14,12,2
56628402,23,11,12,22,10,12,0,0,0,15,7,8,23,11,12,23,11,12,0,0,0,0,0,0
56628404,66,30,36,66,30,36,0,0,0,22,11,11,59,28,31,65,30,35,0,0,0,1,0,1
56628405,56,27,29,56,27,29,0,0,0,21,13,8,54,26,28,56,27,29,0,0,0,0,0,0
56628406,45,22,23,45,22,23,0,0,0,12,5,7,39,18,21,37,18,19,0,0,0,8,4,4
53055701,125,63,62,125,63,62,0,0,0,44,27,17,121,61,60,121,59,62,0,0,0,4,4,0
56630601,59,27,32,59,27,32,0,0,0,23,12,11,55,26,29,57,26,31,0,0,0,2,1,1
56630602,22,13,9,21,13,8,1,0,1,6,3,3,18,9,9,21,12,9,0,0,0,1,1,0
56630603,59,30,29,59,30,29,0,0,0,27,15,12,55,29,26,59,30,29,0,0,0,0,0,0
56630604,419,206,213,417,205,212,2,1,1,169,97,72,404,198,206,402,194,208,3,1,2,14,11,3
56630605,35,18,17,35,18,17,0,0,0,14,7,7,32,18,14,35,18,17,0,0,0,0,0,0
56630606,34,15,19,33,15,18,1,0,1,8,4,4,34,15,19,34,15,19,0,0,0,0,0,0
56631401,1842,900,942,1820,889,931,16,8,8,902,469,433,1746,854,892,1770,866,904,27,4,23,45,30,15
56631402,139,71,68,139,71,68,0,0,0,61,35,26,131,67,64,128,64,64,0,0,0,11,7,4
56631403,117,58,59,110,54,56,7,4,3,44,22,22,103,50,53,117,58,59,0,0,0,0,0,0
56631404,202,92,110,202,92,110,0,0,0,68,30,38,186,84,102,202,92,110,0,0,0,0,0,0
56632201,1366,668,698,1363,665,698,3,3,0,608,332,276,1307,637,670,1345,651,694,0,0,0,21,17,4
56634901,97,49,48,96,48,48,1,1,0,50,27,23,91,46,45,97,49,48,0,0,0,0,0,0
56634902,49,27,22,49,27,22,0,0,0,26,16,10,48,26,22,49,27,22,0,0,0,0,0,0
56634903,72,41,31,72,41,31,0,0,0,14,9,5,67,37,30,72,41,31,0,0,0,0,0,0
56634906,41,22,19,41,22,19,0,0,0,20,13,7,39,21,18,40,21,19,0,0,0,1,1,0
56634907,49,24,25,49,24,25,0,0,0,20,8,12,44,22,22,49,24,25,0,0,0,0,0,0
56634909,511,266,245,499,254,245,12,12,0,240,128,112,492,257,235,478,238,240,24,22,2,9,6,3
56634910,54,28,26,54,28,26,0,0,0,20,10,10,52,27,25,54,28,26,0,0,0,0,0,0
56634911,32,16,16,32,16,16,0,0,0,13,8,5,31,16,15,32,16,16,0,0,0,0,0,0
56635701,114,56,58,113,56,57,1,0,1,42,22,20,108,53,55,114,56,58,0,0,0,0,0,0
56635702,38,20,18,38,20,18,0,0,0,21,11,10,38,20,18,33,19,14,0,0,0,5,1,4
56635703,116,60,56,116,60,56,0,0,0,45,22,23,109,55,54,102,53,49,0,0,0,14,7,7
56635704,279,145,134,277,145,132,2,0,2,109,63,46,275,143,132,267,137,130,0,0,0,12,8,4
56635705,147,79,68,145,78,67,2,1,1,48,31,17,138,74,64,147,79,68,0,0,0,0,0,0
56635706,40,21,19,40,21,19,0,0,0,14,10,4,36,18,18,33,17,16,0,0,0,7,4,3
53059001,497,249,248,497,249,248,0,0,0,187,94,93,472,239,233,491,243,248,0,0,0,6,6,0
56638101,266,129,137,266,129,137,0,0,0,108,56,52,247,121,126,259,125,134,0,0,0,7,4,3
56638102,64,37,27,64,37,27,0,0,0,16,13,3,53,29,24,64,37,27,0,0,0,0,0,0
56640301,205,100,105,204,100,104,1,0,1,67,35,32,193,93,100,204,99,105,0,0,0,1,1,0
56640302,69,36,33,69,36,33,0,0,0,18,9,9,58,30,28,68,35,33,1,1,0,0,0,0
56640303,306,154,152,305,154,151,0,0,0,128,68,60,294,149,145,290,141,149,0,0,0,16,13,3
56641101,149,79,70,149,79,70,0,0,0,60,37,23,145,77,68,140,75,65,0,0,0,9,4,5
54687901,457,232,225,455,230,225,2,2,0,178,92,86,436,224,212,446,222,224,0,0,0,11,10,1
0874410,0,0,0,0,0,0,0,0,0,0,0,0,0,0,0,0,0,0,0,0,0,0,0,0
0874910,0,0,0,0,0,0,0,0,0,0,0,0,0,0,0,0,0,0,0,0,0,0,0,0
56597101,143,77,66,143,77,66,0,0,0,79,42,37,136,74,62,136,73,63,0,0,0,7,4,3
56597102,102,55,47,102,55,47,0,0,0,49,25,24,95,51,44,102,55,47,0,0,0,0,0,0
56597103,22,13,9,22,13,9,0,0,0,14,9,5,21,13,8,9,5,4,3,2,1,10,6,4
56597104,2385,1099,1286,2337,1071,1266,47,28,19,1181,592,589,2249,1035,1214,2379,1096,1283,6,3,3,0,0,0
56597105,181,47,134,180,47,133,0,0,0,33,16,17,168,42,126,25,9,16,156,38,118,0,0,0
56597108,928,427,501,911,412,499,16,14,2,435,213,222,873,398,475,928,427,501,0,0,0,0,0,0
56597109,2064,1027,1037,2045,1015,1030,17,12,5,1002,512,490,1976,983,993,2064,1027,1037,0,0,0,0,0,0
56597110,82,45,37,82,45,37,0,0,0,46,29,17,81,45,36,82,45,37,0,0,0,0,0,0
56597111,100,47,53,97,45,52,2,1,1,28,13,15,92,44,48,88,41,47,12,6,6,0,0,0
56597112,28,15,13,28,15,13,0,0,0,12,8,4,28,15,13,19,10,9,5,3,2,4,2,2
56597113,1695,786,909,1662,770,892,29,15,14,833,416,417,1615,752,863,1695,786,909,0,0,0,0,0,0
56597114,934,454,480,923,447,476,9,6,3,495,261,234,908,444,464,933,453,480,0,0,0,1,1,0
56597115,887,522,365,849,498,351,37,24,13,395,233,162,841,502,339,612,312,300,4,2,2,271,208,63
56597116,588,293,295,568,281,287,19,11,8,280,141,139,536,262,274,588,293,295,0,0,0,0,0,0
56597118,747,376,371,711,352,359,32,23,9,369,189,180,688,337,351,665,327,338,80,47,33,2,2,0
56597119,1060,512,548,1043,504,539,16,7,9,530,259,271,989,485,504,969,458,511,91,54,37,0,0,0
56597121,49,22,27,47,21,26,2,1,1,23,12,11,44,21,23,49,22,27,0,0,0,0,0,0
56597122,3901,1764,2137,3859,1740,2119,39,22,17,1896,930,966,3733,1681,2052,3901,1764,2137,0,0,0,0,0,0
56597123,45,23,22,45,23,22,0,0,0,18,8,10,40,21,19,34,17,17,3,1,2,8,5,3
56597125,29,14,15,29,14,15,0,0,0,19,8,11,28,13,15,26,13,13,0,0,0,3,1,2
56597126,1405,694,711,1379,678,701,21,12,9,646,341,305,1333,665,668,1395,685,710,8,8,0,2,1,1
56597127,188,101,87,183,99,84,3,1,2,102,55,47,183,99,84,188,101,87,0,0,0,0,0,0
0878820,0,0,0,0,0,0,0,0,0,0,0,0,0,0,0,0,0,0,0,0,0,0,0,0
56643801,301,61,240,297,61,236,1,0,1,29,16,13,120,31,89,58,30,28,243,31,212,0,0,0
56643802,90,44,46,90,44,46,0,0,0,42,20,22,90,44,46,89,43,46,0,0,0,1,1,0
56643804,24,13,11,24,13,11,0,0,0,13,8,5,24,13,11,18,11,7,0,0,0,6,2,4
56643805,42,25,17,42,25,17,0,0,0,12,9,3,38,22,16,41,24,17,0,0,0,1,1,0
56643806,87,39,48,87,39,48,0,0,0,31,14,17,83,39,44,80,36,44,7,3,4,0,0,0
56643807,961,489,472,952,485,467,9,4,5,436,249,187,915,462,453,932,474,458,1,1,0,28,14,14
56643809,23,10,13,23,10,13,0,0,0,11,4,7,22,10,12,14,5,9,0,0,0,9,5,4
56645401,442,223,219,441,223,218,1,0,1,198,113,85,423,215,208,415,206,209,5,0,5,22,17,5
56645402,43,23,20,43,23,20,0,0,0,8,6,2,40,21,19,43,23,20,0,0,0,0,0,0
56645403,237,116,121,236,116,120,1,0,1,92,48,44,227,112,115,237,116,121,0,0,0,0,0,0
56645404,208,109,99,207,109,98,0,0,0,87,46,41,196,103,93,200,103,97,0,0,0,8,6,2
56650102,55,23,32,55,23,32,0,0,0,18,6,12,50,21,29,51,21,30,0,0,0,4,2,2
56650104,376,197,179,375,196,179,1,1,0,182,96,86,361,189,172,368,191,177,0,0,0,8,6,2
54263601,116,60,56,116,60,56,0,0,0,50,23,27,113,58,55,113,58,55,0,0,0,3,2,1
56651901,54,27,27,52,26,26,2,1,1,16,10,6,49,27,22,54,27,27,0,0,0,0,0,0
56651904,724,560,164,715,551,164,0,0,0,134,71,63,386,241,145,338,181,157,379,373,6,7,6,1
56651905,124,59,65,124,59,65,0,0,0,43,23,20,115,53,62,124,59,65,0,0,0,0,0,0
56651906,47,26,21,47,26,21,0,0,0,14,8,6,47,26,21,46,26,20,0,0,0,1,0,1
54258001,434,209,225,434,209,225,0,0,0,156,80,76,424,204,220,417,202,215,0,0,0,17,7,10
56652701,307,165,142,302,163,139,2,1,1,106,64,42,288,157,131,281,149,132,0,0,0,26,16,10
56652702,53,25,28,52,25,27,1,0,1,10,6,4,47,22,25,52,25,27,1,0,1,0,0,0
54255501,116,58,58,115,57,58,1,1,0,38,17,21,116,58,58,114,56,58,0,0,0,2,2,0
56653501,415,218,197,414,217,197,1,1,0,179,112,67,396,206,190,411,214,197,0,0,0,4,4,0
56655101,226,110,116,225,109,116,1,1,0,95,48,47,202,100,102,215,106,109,0,0,0,11,4,7
56655102,215,109,106,212,106,106,3,3,0,90,47,43,202,103,99,212,108,104,0,0,0,3,1,2
56655103,196,89,107,195,88,107,1,1,0,90,48,42,188,85,103,194,88,106,0,0,0,2,1,1
56655104,181,89,92,181,89,92,0,0,0,59,35,24,172,84,88,179,88,91,0,0,0,2,1,1
56655105,227,118,109,226,118,108,1,0,1,103,59,44,218,113,105,214,110,104,0,0,0,13,8,5
56655107,909,468,441,907,468,439,2,0,2,422,223,199,861,441,420,874,442,432,0,0,0,35,26,9
56655108,359,177,182,358,176,182,1,1,0,143,82,61,340,168,172,355,175,180,0,0,0,4,2,2
56656001,56,31,25,56,31,25,0,0,0,21,14,7,49,26,23,54,30,24,0,0,0,2,1,1
56656002,140,70,70,140,70,70,0,0,0,55,29,26,125,65,60,138,69,69,0,0,0,2,1,1
56656003,175,88,87,174,88,86,1,0,1,69,41,28,163,83,80,163,79,84,0,0,0,12,9,3
56656004,307,174,133,307,174,133,0,0,0,125,72,53,278,154,124,245,127,118,61,47,14,1,0,1
56657801,141,67,74,138,65,73,3,2,1,50,25,25,127,60,67,132,62,70,4,3,1,5,2,3
56657802,209,103,106,207,102,105,2,1,1,78,44,34,187,95,92,200,99,101,0,0,0,9,4,5
56658601,85,47,38,85,47,38,0,0,0,24,10,14,84,46,38,76,42,34,0,0,0,9,5,4
56658602,119,56,63,118,55,63,0,0,0,47,24,23,110,51,59,109,50,59,0,0,0,10,6,4
56658603,92,48,44,92,48,44,0,0,0,35,19,16,83,45,38,85,44,41,0,0,0,7,4,3
56660801,154,79,75,154,79,75,0,0,0,42,26,16,145,76,69,147,74,73,0,0,0,7,5,2
1232770,0,0,0,0,0,0,0,0,0,0,0,0,0,0,0,0,0,0,0,0,0,0,0,0
3113590,0,0,0,0,0,0,0,0,0,0,0,0,0,0,0,0,0,0,0,0,0,0,0,0
56661601,380,211,169,378,209,169,2,2,0,187,105,82,345,182,163,350,182,168,30,29,1,0,0,0
56661603,61,34,27,61,34,27,0,0,0,28,18,10,56,31,25,61,34,27,0,0,0,0,0,0
56661605,92,46,46,91,46,45,1,0,1,39,19,20,85,42,43,92,46,46,0,0,0,0,0,0
56661606,58,29,29,57,28,29,1,1,0,17,10,7,52,27,25,58,29,29,0,0,0,0,0,0
56661607,26,13,13,26,13,13,0,0,0,7,5,2,24,11,13,26,13,13,0,0,0,0,0,0
56661610,383,206,177,383,206,177,0,0,0,185,109,76,368,195,173,382,205,177,1,1,0,0,0,0
56661611,146,70,76,146,70,76,0,0,0,63,31,32,129,62,67,146,70,76,0,0,0,0,0,0
56661613,30,15,15,29,15,14,1,0,1,16,8,8,28,15,13,30,15,15,0,0,0,0,0,0
56661614,77,43,34,76,43,33,1,0,1,32,14,18,69,36,33,61,27,34,16,16,0,0,0,0
56661615,107,47,60,106,46,60,1,1,0,56,25,31,97,44,53,107,47,60,0,0,0,0,0,0
56661616,1322,701,621,1303,687,616,17,13,4,569,302,267,1216,645,571,1108,546,562,82,54,28,132,101,31
56661617,2351,1064,1287,2325,1047,1278,24,17,7,1051,506,545,2210,1002,1208,2258,1044,1214,87,16,71,6,4,2
56661619,399,209,190,395,207,188,4,2,2,189,106,83,383,200,183,396,206,190,1,1,0,2,2,0
56661621,88,44,44,88,44,44,0,0,0,47,21,26,84,42,42,88,44,44,0,0,0,0,0,0
56661622,47,25,22,46,24,22,1,1,0,24,16,8,44,24,20,45,24,21,0,0,0,2,1,1
56661623,465,223,242,457,215,242,8,8,0,223,110,113,452,217,235,449,212,237,13,9,4,3,2,1
56661624,283,135,148,281,134,147,2,1,1,118,56,62,256,125,131,283,135,148,0,0,0,0,0,0
56662401,157,72,85,157,72,85,0,0,0,61,28,33,143,64,79,154,70,84,3,2,1,0,0,0
56662402,163,77,86,163,77,86,0,0,0,75,32,43,144,65,79,163,77,86,0,0,0,0,0,0
56662403,34,17,17,33,16,17,1,1,0,17,11,6,27,13,14,23,12,11,0,0,0,11,5,6
56662404,42,23,19,42,23,19,0,0,0,8,6,2,41,22,19,33,18,15,0,0,0,9,5,4
56662405,76,43,33,76,43,33,0,0,0,30,17,13,73,40,33,58,33,25,0,0,0,18,10,8
56662407,67,34,33,67,34,33,0,0,0,30,14,16,61,30,31,67,34,33,0,0,0,0,0,0
56662408,137,69,68,135,68,67,1,0,1,63,33,30,121,60,61,136,68,68,0,0,0,1,1,0
56662409,34,17,17,33,17,16,1,0,1,15,6,9,33,16,17,33,16,17,0,0,0,1,1,0
56662410,138,66,72,137,65,72,1,1,0,54,33,21,111,55,56,136,65,71,0,0,0,2,1,1
56662411,140,75,65,133,71,62,7,4,3,54,33,21,136,73,63,136,73,63,0,0,0,4,2,2
56662412,46,28,18,46,28,18,0,0,0,18,11,7,45,27,18,42,26,16,0,0,0,4,2,2
56662413,112,57,55,112,57,55,0,0,0,63,29,34,105,53,52,102,51,51,0,0,0,10,6,4
56662414,44,22,22,44,22,22,0,0,0,21,13,8,39,20,19,44,22,22,0,0,0,0,0,0
56662415,52,31,21,52,31,21,0,0,0,21,13,8,46,28,18,46,26,20,0,0,0,6,5,1
56662417,221,120,101,221,120,101,0,0,0,108,57,51,215,117,98,221,120,101,0,0,0,0,0,0
56662418,1596,804,792,1577,791,786,18,12,6,700,361,339,1504,755,749,1489,724,765,1,1,0,106,79,27
56662420,540,273,267,538,272,266,2,1,1,289,152,137,518,262,256,538,273,265,0,0,0,2,0,2
56662422,499,252,247,491,249,242,7,2,5,253,127,126,474,238,236,499,252,247,0,0,0,0,0,0
56662424,561,284,277,548,277,271,9,5,4,258,143,115,516,254,262,519,261,258,38,21,17,4,2,2
56665902,228,117,111,227,116,111,1,1,0,101,58,43,213,111,102,224,113,111,0,0,0,4,4,0
56666701,53,25,28,53,25,28,0,0,0,16,8,8,49,23,26,50,24,26,0,0,0,3,1,2
56666703,448,225,223,445,223,222,2,1,1,195,109,86,415,207,208,439,218,221,0,0,0,9,7,2
56666704,57,27,30,57,27,30,0,0,0,16,10,6,51,26,25,53,25,28,0,0,0,4,2,2
56671301,22,11,11,14,8,6,8,3,5,3,1,2,11,8,3,22,11,11,0,0,0,0,0,0
56671302,587,296,291,586,295,291,1,1,0,204,106,98,563,285,278,574,286,288,0,0,0,13,10,3
56672101,437,212,225,435,212,223,1,0,1,210,100,110,423,205,218,432,210,222,0,0,0,5,2,3
56672102,20,9,11,17,8,9,3,1,2,6,2,4,20,9,11,0,0,0,0,0,0,20,9,11
1536212,0,0,0,0,0,0,0,0,0,0,0,0,0,0,0,0,0,0,0,0,0,0,0,0
54312801,796,395,401,792,393,399,4,2,2,294,154,140,728,364,364,777,379,398,0,0,0,19,16,3
54312802,61,30,31,61,30,31,0,0,0,16,6,10,56,28,28,59,29,30,0,0,0,2,1,1
54312803,163,86,77,161,84,77,1,1,0,52,32,20,153,80,73,162,85,77,0,0,0,1,1,0
56682901,85,43,42,85,43,42,0,0,0,32,18,14,84,42,42,80,40,40,0,0,0,5,3,2
56682902,43,22,21,43,22,21,0,0,0,13,7,6,41,20,21,43,22,21,0,0,0,0,0,0
56682903,140,77,63,140,77,63,0,0,0,52,28,24,132,73,59,129,67,62,0,0,0,11,10,1
56685301,34,19,15,34,19,15,0,0,0,10,7,3,34,19,15,1,0,1,0,0,0,33,19,14
56685302,59,32,27,58,31,27,1,1,0,18,10,8,55,31,24,59,32,27,0,0,0,0,0,0
56685304,100,50,50,100,50,50,0,0,0,36,19,17,90,44,46,92,46,46,0,0,0,8,4,4
56685305,484,264,220,484,264,220,0,0,0,204,107,97,473,259,214,407,202,205,60,50,10,17,12,5
54617801,84,39,45,82,39,43,1,0,1,25,12,13,84,39,45,83,38,45,0,0,0,1,1,0
3376760,0,0,0,0,0,0,0,0,0,0,0,0,0,0,0,0,0,0,0,0,0,0,0,0
56687001,25,15,10,25,15,10,0,0,0,7,4,3,24,14,10,25,15,10,0,0,0,0,0,0
56687002,50,27,23,49,27,22,0,0,0,11,8,3,46,25,21,50,27,23,0,0,0,0,0,0
56687003,235,125,110,235,125,110,0,0,0,109,62,47,221,116,105,234,124,110,0,0,0,1,1,0
56687004,37,21,16,37,21,16,0,0,0,13,9,4,36,20,16,37,21,16,0,0,0,0,0,0
56689601,424,201,223,424,201,223,0,0,0,188,92,96,400,190,210,400,189,211,0,0,0,24,12,12
56691801,94,47,47,94,47,47,0,0,0,34,19,15,89,45,44,87,45,42,0,0,0,7,2,5
56691802,149,73,76,149,73,76,0,0,0,71,37,34,138,68,70,149,73,76,0,0,0,0,0,0
56692601,190,97,93,190,97,93,0,0,0,65,33,32,174,93,81,188,95,93,0,0,0,2,2,0
56693401,29,14,15,29,14,15,0,0,0,7,5,2,27,12,15,29,14,15,0,0,0,0,0,0
56693402,59,30,29,59,30,29,0,0,0,26,15,11,53,27,26,59,30,29,0,0,0,0,0,0
56693404,32,18,14,32,18,14,0,0,0,8,5,3,30,17,13,32,18,14,0,0,0,0,0,0
56693405,21,14,7,21,14,7,0,0,0,9,7,2,18,11,7,21,14,7,0,0,0,0,0,0
56693407,111,58,53,111,58,53,0,0,0,35,23,12,105,55,50,111,58,53,0,0,0,0,0,0
56693408,1538,764,774,1529,760,769,9,4,5,714,377,337,1462,727,735,1476,730,746,35,12,23,27,22,5
54688701,261,124,137,260,124,136,1,0,1,100,51,49,251,118,133,250,118,132,0,0,0,11,6,5
1711310,0,0,0,0,0,0,0,0,0,0,0,0,0,0,0,0,0,0,0,0,0,0,0,0
56695101,105,56,49,105,56,49,0,0,0,44,27,17,101,54,47,104,55,49,1,1,0,0,0,0
56695102,44,24,20,44,24,20,0,0,0,17,12,5,40,21,19,44,24,20,0,0,0,0,0,0
56695103,328,164,164,323,161,162,5,3,2,113,63,50,301,151,150,312,158,154,9,1,8,7,5,2
53060301,28,13,15,28,13,15,0,0,0,4,3,1,21,11,10,27,13,14,0,0,0,1,0,1
53060302,31,17,14,31,17,14,0,0,0,8,5,3,29,17,12,31,17,14,0,0,0,0,0,0
53060303,37,18,19,37,18,19,0,0,0,11,3,8,36,17,19,35,16,19,0,0,0,2,2,0
56697701,115,53,62,113,52,61,1,0,1,48,25,23,107,50,57,112,52,60,0,0,0,3,1,2
56697702,102,50,52,102,50,52,0,0,0,42,20,22,99,49,50,98,48,50,0,0,0,4,2,2
56697703,35,21,14,34,20,14,0,0,0,10,8,2,27,17,10,16,9,7,0,0,0,19,12,7
56697705,143,70,73,143,70,73,0,0,0,53,27,26,133,67,66,133,64,69,0,0,0,10,6,4
1949300,0,0,0,0,0,0,0,0,0,0,0,0,0,0,0,0,0,0,0,0,0,0,0,0
3369980,0,0,0,0,0,0,0,0,0,0,0,0,0,0,0,0,0,0,0,0,0,0,0,0
56698501,79,41,38,79,41,38,0,0,0,51,27,24,78,41,37,79,41,38,0,0,0,0,0,0
56698502,259,135,124,259,135,124,0,0,0,181,98,83,256,134,122,256,133,123,0,0,0,3,2,1
56698503,26,13,13,26,13,13,0,0,0,13,6,7,23,11,12,26,13,13,0,0,0,0,0,0
56698504,97,48,49,97,48,49,0,0,0,44,23,21,85,44,41,97,48,49,0,0,0,0,0,0
56698505,141,73,68,141,73,68,0,0,0,74,35,39,136,72,64,141,73,68,0,0,0,0,0,0
56698506,86,47,39,86,47,39,0,0,0,46,29,17,83,47,36,86,47,39,0,0,0,0,0,0
56698507,50,27,23,50,27,23,0,0,0,20,12,8,45,25,20,50,27,23,0,0,0,0,0,0
56698508,177,84,93,177,84,93,0,0,0,117,56,61,174,82,92,172,82,90,1,1,0,4,1,3
56698511,3169,1510,1659,3098,1469,1629,66,36,30,1683,842,841,3049,1457,1592,3001,1462,1539,143,35,108,25,13,12
56698512,1473,655,818,1444,636,808,29,19,10,808,365,443,1415,623,792,1470,653,817,0,0,0,3,2,1
56698513,572,280,292,565,276,289,7,4,3,305,147,158,538,264,274,563,275,288,1,1,0,8,4,4
56698514,25,16,9,25,16,9,0,0,0,16,12,4,25,16,9,25,16,9,0,0,0,0,0,0
56698515,2227,1136,1091,2122,1077,1045,97,56,41,1078,558,520,2031,1037,994,1907,939,968,92,41,51,228,156,72
56698516,1995,913,1082,1955,895,1060,37,18,19,1020,488,532,1864,854,1010,1992,913,1079,1,0,1,2,0,2
56698517,37,22,15,37,22,15,0,0,0,23,14,9,36,21,15,37,22,15,0,0,0,0,0,0
56698519,53,28,25,53,28,25,0,0,0,41,21,20,52,27,25,53,28,25,0,0,0,0,0,0
56698520,2244,1061,1183,2173,1023,1150,70,38,32,1056,499,557,2140,1014,1126,2232,1052,1180,5,4,1,7,5,2
56698521,34,17,17,34,17,17,0,0,0,27,16,11,34,17,17,30,15,15,4,2,2,0,0,0
56698522,467,229,238,454,224,230,9,4,5,273,143,130,441,215,226,453,216,237,12,12,0,2,1,1
56698524,73,39,34,73,39,34,0,0,0,38,22,16,73,39,34,73,39,34,0,0,0,0,0,0
56698525,1935,937,998,1915,926,989,17,11,6,979,478,501,1855,903,952,1931,936,995,0,0,0,4,1,3
56698526,177,86,91,170,83,87,7,3,4,97,51,46,163,77,86,169,80,89,7,5,2,1,1,0
56698527,2385,1152,1233,2332,1115,1217,49,35,14,1258,620,638,2274,1092,1182,2385,1152,1233,0,0,0,0,0,0
56698528,65,30,35,65,30,35,0,0,0,39,19,20,65,30,35,65,30,35,0,0,0,0,0,0
56698529,247,124,123,245,122,123,2,2,0,141,71,70,230,114,116,242,121,121,5,3,2,0,0,0
56698530,39,20,19,39,20,19,0,0,0,27,12,15,39,20,19,39,20,19,0,0,0,0,0,0
56698531,335,172,163,322,165,157,13,7,6,166,84,82,314,161,153,332,171,161,1,1,0,2,0,2
53056501,95,44,51,95,44,51,0,0,0,36,16,20,90,41,49,95,44,51,0,0,0,0,0,0
54301201,205,99,106,205,99,106,0,0,0,85,42,43,198,95,103,196,94,102,0,0,0,9,5,4
56701902,101,50,51,100,49,51,1,1,0,37,23,14,96,50,46,100,50,50,0,0,0,1,0,1
56701903,74,35,39,74,35,39,0,0,0,26,12,14,72,35,37,74,35,39,0,0,0,0,0,0
56701904,209,103,106,206,101,105,2,1,1,103,52,51,203,98,105,201,98,103,0,0,0,8,5,3
1968010,0,0,0,0,0,0,0,0,0,0,0,0,0,0,0,0,0,0,0,0,0,0,0,0
1968190,0,0,0,0,0,0,0,0,0,0,0,0,0,0,0,0,0,0,0,0,0,0,0,0
1968270,0,0,0,0,0,0,0,0,0,0,0,0,0,0,0,0,0,0,0,0,0,0,0,0
56704301,1301,641,660,1296,639,657,5,2,3,567,294,273,1250,610,640,1187,574,613,0,0,0,114,67,47
56704302,31,17,14,31,17,14,0,0,0,12,8,4,30,17,13,27,15,12,0,0,0,4,2,2
56704303,30,17,13,30,17,13,0,0,0,14,7,7,30,17,13,30,17,13,0,0,0,0,0,0
56705101,28,14,14,28,14,14,0,0,0,7,5,2,27,13,14,28,14,14,0,0,0,0,0,0
56705102,709,657,52,627,578,49,1,0,1,42,29,13,442,401,41,99,52,47,604,600,4,6,5,1
56705103,61,32,29,61,32,29,0,0,0,14,8,6,61,32,29,61,32,29,0,0,0,0,0,0
56706001,1147,588,559,1147,588,559,0,0,0,532,283,249,1100,569,531,968,498,470,0,0,0,179,90,89
56706002,27,14,13,27,14,13,0,0,0,9,6,3,27,14,13,26,13,13,0,0,0,1,1,0
56707801,270,138,132,269,137,132,1,1,0,89,52,37,242,125,117,246,124,122,0,0,0,24,14,10
56710801,98,48,50,97,47,50,1,1,0,25,11,14,93,45,48,70,36,34,2,0,2,26,12,14
3237810,0,0,0,0,0,0,0,0,0,0,0,0,0,0,0,0,0,0,0,0,0,0,0,0
56714101,430,222,208,425,220,205,5,2,3,172,89,83,409,208,201,415,211,204,0,0,0,15,11,4
56714102,77,44,33,77,44,33,0,0,0,30,17,13,72,41,31,77,44,33,0,0,0,0,0,0
56714103,121,63,58,121,63,58,0,0,0,38,22,16,110,57,53,117,60,57,0,0,0,4,3,1
1984800,0,0,0,0,0,0,0,0,0,0,0,0,0,0,0,0,0,0,0,0,0,0,0,0
56716701,433,228,205,432,228,204,0,0,0,130,71,59,410,212,198,369,195,174,28,13,15,36,20,16
56716703,23,15,8,23,15,8,0,0,0,4,4,0,19,12,7,18,12,6,0,0,0,5,3,2
0000940,0,0,0,0,0,0,0,0,0,0,0,0,0,0,0,0,0,0,0,0,0,0,0,0
0001080,0,0,0,0,0,0,0,0,0,0,0,0,0,0,0,0,0,0,0,0,0,0,0,0
0292540,0,0,0,0,0,0,0,0,0,0,0,0,0,0,0,0,0,0,0,0,0,0,0,0
56717502,232,121,111,232,121,111,0,0,0,97,56,41,223,117,106,232,121,111,0,0,0,0,0,0
56717503,1811,923,888,1805,922,883,6,1,5,735,385,350,1734,884,850,1766,889,877,11,10,1,34,24,10
56717504,47,20,27,37,20,17,9,0,9,12,7,5,39,18,21,38,20,18,9,0,9,0,0,0
56719101,31,16,15,31,16,15,0,0,0,5,1,4,31,16,15,18,9,9,1,1,0,12,6,6
56719102,47,17,30,47,17,30,0,0,0,12,2,10,46,17,29,43,15,28,0,0,0,4,2,2
56719103,39,22,17,38,21,17,1,1,0,5,3,2,37,22,15,30,17,13,1,1,0,8,4,4
56719104,53,28,25,52,27,25,1,1,0,12,6,6,48,26,22,47,25,22,0,0,0,6,3,3
56722101,174,92,82,174,92,82,0,0,0,42,21,21,162,86,76,170,90,80,0,0,0,4,2,2
56722102,49,29,20,49,29,20,0,0,0,17,11,6,47,28,19,41,24,17,0,0,0,8,5,3
56724801,38,23,15,38,23,15,0,0,0,12,9,3,33,20,13,38,23,15,0,0,0,0,0,0
56724802,122,59,63,120,58,62,2,1,1,36,18,18,113,56,57,118,56,62,0,0,0,4,3,1
56724803,38,25,13,38,25,13,0,0,0,10,9,1,37,24,13,38,25,13,0,0,0,0,0,0
0861420,0,0,0,0,0,0,0,0,0,0,0,0,0,0,0,0,0,0,0,0,0,0,0,0
0861930,0,0,0,0,0,0,0,0,0,0,0,0,0,0,0,0,0,0,0,0,0,0,0,0
3367340,0,0,0,0,0,0,0,0,0,0,0,0,0,0,0,0,0,0,0,0,0,0,0,0
3367420,0,0,0,0,0,0,0,0,0,0,0,0,0,0,0,0,0,0,0,0,0,0,0,0
56725601,1641,806,835,1623,795,828,16,11,5,854,417,437,1544,762,782,1641,806,835,0,0,0,0,0,0
56725602,226,114,112,226,114,112,0,0,0,133,70,63,222,111,111,217,111,106,0,0,0,9,3,6
56725603,3095,1525,1570,3018,1479,1539,63,36,27,1487,744,743,2831,1397,1434,3079,1517,1562,13,7,6,3,1,2
56725604,573,294,279,569,291,278,4,3,1,244,126,118,548,281,267,362,181,181,208,110,98,3,3,0
56725606,117,65,52,117,65,52,0,0,0,41,19,22,113,65,48,97,47,50,20,18,2,0,0,0
56725607,57,33,24,57,33,24,0,0,0,33,21,12,57,33,24,53,30,23,0,0,0,4,3,1
56725608,54,34,20,54,34,20,0,0,0,28,21,7,49,29,20,24,11,13,29,22,7,1,1,0
56725609,1356,695,661,1353,694,659,3,1,2,751,393,358,1293,666,627,1338,683,655,13,9,4,5,3,2
56725610,87,56,31,87,56,31,0,0,0,31,22,9,85,54,31,81,50,31,6,6,0,0,0,0
56725611,61,31,30,61,31,30,0,0,0,33,15,18,58,29,29,61,31,30,0,0,0,0,0,0
56725612,25,12,13,25,12,13,0,0,0,14,9,5,24,11,13,25,12,13,0,0,0,0,0,0
56725615,38,21,17,38,21,17,0,0,0,20,11,9,38,21,17,38,21,17,0,0,0,0,0,0
56725616,29,17,12,28,16,12,1,1,0,12,6,6,27,17,10,24,13,11,0,0,0,5,4,1
56725617,1993,992,1001,1987,987,1000,4,4,0,1157,612,545,1914,954,960,1993,992,1001,0,0,0,0,0,0
56725618,2303,1202,1101,2284,1188,1096,18,13,5,1097,574,523,2182,1131,1051,1822,861,961,0,0,0,481,341,140
56725619,76,39,37,73,38,35,3,1,2,45,26,19,73,37,36,67,34,33,1,1,0,8,4,4
56725620,47,22,25,47,22,25,0,0,0,24,11,13,47,22,25,46,21,25,0,0,0,1,1,0
56725621,802,407,395,796,402,394,6,5,1,411,220,191,775,397,378,802,407,395,0,0,0,0,0,0
56725622,514,241,273,512,240,272,1,0,1,245,115,130,496,235,261,513,240,273,0,0,0,1,1,0
56725623,2695,1231,1464,2680,1218,1462,14,12,2,1294,601,693,2560,1165,1395,2694,1230,1464,0,0,0,1,1,0
56725624,45,19,26,45,19,26,0,0,0,30,12,18,43,18,25,13,7,6,0,0,0,32,12,20
56725625,43,26,17,40,23,17,3,3,0,18,9,9,43,26,17,40,23,17,0,0,0,3,3,0
56725626,1878,907,971,1875,906,969,3,1,2,1047,518,529,1800,872,928,1858,902,956,20,5,15,0,0,0
56725627,1723,796,927,1714,793,921,9,3,6,887,417,470,1619,740,879,1598,744,854,58,26,32,67,26,41
56725628,2910,1420,1490,2891,1408,1483,13,8,5,1393,674,719,2743,1328,1415,2702,1299,1403,205,120,85,3,1,2
56726401,1941,971,970,1931,966,965,9,5,4,859,434,425,1801,903,898,1858,909,949,7,6,1,76,56,20
56726402,803,378,425,802,377,425,0,0,0,278,136,142,775,365,410,799,376,423,0,0,0,4,2,2
56726403,872,440,432,871,439,432,1,1,0,369,189,180,830,415,415,865,434,431,0,0,0,7,6,1
56727201,663,344,319,661,342,319,0,0,0,263,129,134,607,318,289,624,316,308,10,6,4,29,22,7
56728101,457,226,231,457,226,231,0,0,0,150,77,73,427,209,218,450,220,230,0,0,0,7,6,1
56728102,91,49,42,76,38,38,15,11,4,27,11,16,79,42,37,78,39,39,13,10,3,0,0,0
0165350,0,0,0,0,0,0,0,0,0,0,0,0,0,0,0,0,0,0,0,0,0,0,0,0
0409590,0,0,0,0,0,0,0,0,0,0,0,0,0,0,0,0,0,0,0,0,0,0,0,0
56729901,195,102,93,195,102,93,0,0,0,62,35,27,172,90,82,149,80,69,0,0,0,46,22,24
56729902,30,17,13,30,17,13,0,0,0,5,1,4,27,16,11,30,17,13,0,0,0,0,0,0
0829611,0,0,0,0,0,0,0,0,0,0,0,0,0,0,0,0,0,0,0,0,0,0,0,0
56730201,463,250,213,460,247,213,2,2,0,194,104,90,443,235,208,452,243,209,0,0,0,11,7,4
3115880,0,0,0,0,0,0,0,0,0,0,0,0,0,0,0,0,0,0,0,0,0,0,0,0
56731101,1743,844,899,1737,841,896,5,2,3,672,365,307,1660,803,857,1621,784,837,120,59,61,2,1,1
56731103,1071,505,566,1070,505,565,1,0,1,416,208,208,1018,480,538,1068,503,565,0,0,0,3,2,1
56731104,1855,873,982,1843,863,980,12,10,2,681,346,335,1682,800,882,1619,742,877,158,70,88,78,61,17
0165510,0,0,0,0,0,0,0,0,0,0,0,0,0,0,0,0,0,0,0,0,0,0,0,0
0330900,0,0,0,0,0,0,0,0,0,0,0,0,0,0,0,0,0,0,0,0,0,0,0,0
0450120,0,0,0,0,0,0,0,0,0,0,0,0,0,0,0,0,0,0,0,0,0,0,0,0
0688880,0,0,0,0,0,0,0,0,0,0,0,0,0,0,0,0,0,0,0,0,0,0,0,0
0693290,0,0,0,0,0,0,0,0,0,0,0,0,0,0,0,0,0,0,0,0,0,0,0,0
0693370,0,0,0,0,0,0,0,0,0,0,0,0,0,0,0,0,0,0,0,0,0,0,0,0
0693450,0,0,0,0,0,0,0,0,0,0,0,0,0,0,0,0,0,0,0,0,0,0,0,0
0993500,0,0,0,0,0,0,0,0,0,0,0,0,0,0,0,0,0,0,0,0,0,0,0,0
0994570,0,0,0,0,0,0,0,0,0,0,0,0,0,0,0,0,0,0,0,0,0,0,0,0
0994730,0,0,0,0,0,0,0,0,0,0,0,0,0,0,0,0,0,0,0,0,0,0,0,0
0995710,0,0,0,0,0,0,0,0,0,0,0,0,0,0,0,0,0,0,0,0,0,0,0,0
0996780,0,0,0,0,0,0,0,0,0,0,0,0,0,0,0,0,0,0,0,0,0,0,0,0
0996940,0,0,0,0,0,0,0,0,0,0,0,0,0,0,0,0,0,0,0,0,0,0,0,0
0997410,0,0,0,0,0,0,0,0,0,0,0,0,0,0,0,0,0,0,0,0,0,0,0,0
1492090,0,0,0,0,0,0,0,0,0,0,0,0,0,0,0,0,0,0,0,0,0,0,0,0
1705420,0,0,0,0,0,0,0,0,0,0,0,0,0,0,0,0,0,0,0,0,0,0,0,0
3115960,0,0,0,0,0,0,0,0,0,0,0,0,0,0,0,0,0,0,0,0,0,0,0,0
3116000,0,0,0,0,0,0,0,0,0,0,0,0,0,0,0,0,0,0,0,0,0,0,0,0
3189900,0,0,0,0,0,0,0,0,0,0,0,0,0,0,0,0,0,0,0,0,0,0,0,0
3190070,0,0,0,0,0,0,0,0,0,0,0,0,0,0,0,0,0,0,0,0,0,0,0,0
3190400,0,0,0,0,0,0,0,0,0,0,0,0,0,0,0,0,0,0,0,0,0,0,0,0
3367000,0,0,0,0,0,0,0,0,0,0,0,0,0,0,0,0,0,0,0,0,0,0,0,0
3367510,0,0,0,0,0,0,0,0,0,0,0,0,0,0,0,0,0,0,0,0,0,0,0,0
3367690,0,0,0,0,0,0,0,0,0,0,0,0,0,0,0,0,0,0,0,0,0,0,0,0
3367770,0,0,0,0,0,0,0,0,0,0,0,0,0,0,0,0,0,0,0,0,0,0,0,0
3367850,0,0,0,0,0,0,0,0,0,0,0,0,0,0,0,0,0,0,0,0,0,0,0,0
3367930,0,0,0,0,0,0,0,0,0,0,0,0,0,0,0,0,0,0,0,0,0,0,0,0
56702701,462,235,227,461,235,226,0,0,0,320,171,149,453,231,222,456,230,226,0,0,0,6,5,1
56702704,41,20,21,41,20,21,0,0,0,27,14,13,38,18,20,41,20,21,0,0,0,0,0,0
56702705,234,118,116,231,115,116,1,1,0,153,74,79,231,116,115,234,118,116,0,0,0,0,0,0
56702706,29,16,13,28,15,13,1,1,0,12,6,6,23,13,10,27,14,13,1,1,0,1,1,0
56702707,198,150,48,167,124,43,28,23,5,88,65,23,178,136,42,10,5,5,185,142,43,3,3,0
56702710,261,130,131,260,130,130,1,0,1,185,92,93,258,128,130,261,130,131,0,0,0,0,0,0
56702711,286,139,147,279,134,145,7,5,2,209,100,109,281,135,146,281,135,146,1,1,0,4,3,1
56702712,840,407,433,840,407,433,0,0,0,569,277,292,820,403,417,826,399,427,4,3,1,10,5,5
56702713,8466,4102,4364,8386,4059,4327,72,37,35,5023,2466,2557,8173,3953,4220,8461,4099,4362,1,0,1,4,3,1
56702714,1149,570,579,1143,564,579,6,6,0,771,381,390,1119,555,564,1148,570,578,0,0,0,1,0,1
56702716,688,350,338,687,349,338,0,0,0,556,285,271,642,323,319,633,316,317,51,30,21,4,4,0
56702718,3948,1913,2035,3866,1863,2003,72,44,28,2267,1135,1132,3769,1809,1960,3943,1909,2034,3,2,1,2,2,0
56702719,25,19,6,15,11,4,10,8,2,8,7,1,17,12,5,3,2,1,22,17,5,0,0,0
56702721,3567,1713,1854,3451,1632,1819,110,76,34,1918,956,962,3299,1592,1707,3369,1616,1753,189,92,97,9,5,4
56702722,426,205,221,424,203,221,0,0,0,290,138,152,416,201,215,425,204,221,0,0,0,1,1,0
56702724,276,137,139,275,137,138,1,0,1,191,95,96,272,135,137,276,137,139,0,0,0,0,0,0
56702725,130,61,69,128,60,68,2,1,1,85,40,45,123,58,65,125,59,66,5,2,3,0,0,0
56702726,666,347,319,666,347,319,0,0,0,460,246,214,656,343,313,628,326,302,0,0,0,38,21,17
56702727,4617,2122,2495,4560,2092,2468,54,28,26,2645,1286,1359,4401,2021,2380,4580,2103,2477,1,0,1,36,19,17
56702728,4653,2187,2466,4574,2138,2436,69,43,26,2687,1320,1367,4455,2089,2366,4646,2182,2464,0,0,0,7,5,2
56702730,2271,1068,1203,2246,1051,1195,22,15,7,1440,695,745,2192,1028,1164,2269,1068,1201,0,0,0,2,0,2
56702731,55,28,27,53,28,25,2,0,2,39,22,17,53,27,26,46,24,22,0,0,0,9,4,5
56702732,772,378,394,761,372,389,9,4,5,472,240,232,736,357,379,769,376,393,3,2,1,0,0,0
56702733,825,640,185,821,637,184,4,3,1,431,328,103,798,623,175,155,90,65,0,0,0,670,550,120
56702734,6158,2871,3287,6068,2823,3245,87,47,40,3371,1611,1760,5880,2737,3143,6157,2870,3287,0,0,0,1,1,0
56702735,188,102,86,186,101,85,2,1,1,128,72,56,179,98,81,188,102,86,0,0,0,0,0,0
56702736,7005,3292,3713,6911,3239,3672,78,44,34,4276,2097,2179,6770,3181,3589,7003,3291,3712,0,0,0,2,1,1
56702737,342,116,226,340,116,224,2,0,2,101,39,62,319,109,210,110,49,61,231,66,165,1,1,0
56702738,24,11,13,24,11,13,0,0,0,8,2,6,24,11,13,23,10,13,1,1,0,0,0,0
56702739,3679,1744,1935,3638,1720,1918,36,21,15,2164,1034,1130,3538,1680,1858,3619,1730,1889,60,14,46,0,0,0
56702740,2823,1388,1435,2754,1347,1407,61,36,25,1568,790,778,2599,1274,1325,2720,1326,1394,76,36,40,27,26,1
56702741,6024,2878,3146,5938,2827,3111,79,47,32,3580,1753,1827,5786,2752,3034,5946,2838,3108,62,32,30,16,8,8
56702742,178,96,82,178,96,82,0,0,0,137,76,61,174,92,82,170,91,79,6,4,2,2,1,1
56732902,102,54,48,102,54,48,0,0,0,15,11,4,93,49,44,92,49,43,0,0,0,10,5,5
56732903,28,15,13,28,15,13,0,0,0,5,2,3,27,15,12,20,11,9,0,0,0,8,4,4
56732904,315,159,156,315,159,156,0,0,0,79,48,31,298,150,148,238,130,108,48,12,36,29,17,12
56733701,184,92,92,183,91,92,1,1,0,55,29,26,172,88,84,183,91,92,0,0,0,1,1,0
56733702,69,35,34,68,34,34,1,1,0,24,10,14,64,33,31,69,35,34,0,0,0,0,0,0
56733703,1604,823,781,1587,814,773,15,8,7,630,317,313,1462,757,705,1549,785,764,0,0,0,55,38,17
56734501,457,224,233,452,221,231,5,3,2,139,64,75,429,210,219,447,217,230,0,0,0,10,7,3
56735301,226,121,105,224,120,104,1,1,0,73,38,35,216,115,101,224,119,105,0,0,0,2,2,0
56736101,68,36,32,68,36,32,0,0,0,15,7,8,65,35,30,68,36,32,0,0,0,0,0,0
56736102,45,23,22,45,23,22,0,0,0,5,1,4,39,20,19,45,23,22,0,0,0,0,0,0
56736103,154,82,72,154,82,72,0,0,0,34,21,13,134,72,62,150,81,69,0,0,0,4,1,3
3308330,0,0,0,0,0,0,0,0,0,0,0,0,0,0,0,0,0,0,0,0,0,0,0,0
54643701,115,56,59,115,56,59,0,0,0,36,17,19,110,54,56,113,54,59,0,0,0,2,2,0
56742601,128,65,63,128,65,63,0,0,0,53,24,29,122,64,58,128,65,63,0,0,0,0,0,0
56742602,325,178,147,325,178,147,0,0,0,105,62,43,301,164,137,294,156,138,0,0,0,31,22,9
0043590,0,0,0,0,0,0,0,0,0,0,0,0,0,0,0,0,0,0,0,0,0,0,0,0
0148510,0,0,0,0,0,0,0,0,0,0,0,0,0,0,0,0,0,0,0,0,0,0,0,0
0584750,0,0,0,0,0,0,0,0,0,0,0,0,0,0,0,0,0,0,0,0,0,0,0,0
3116260,0,0,0,0,0,0,0,0,0,0,0,0,0,0,0,0,0,0,0,0,0,0,0,0
3190740,0,0,0,0,0,0,0,0,0,0,0,0,0,0,0,0,0,0,0,0,0,0,0,0
56745101,154,84,70,154,84,70,0,0,0,96,53,43,152,83,69,154,84,70,0,0,0,0,0,0
56745103,41,27,14,41,27,14,0,0,0,20,15,5,36,24,12,29,19,10,11,7,4,1,1,0
56745105,332,166,166,332,166,166,0,0,0,220,115,105,321,160,161,332,166,166,0,0,0,0,0,0
56745106,434,217,217,433,217,216,1,0,1,254,123,131,416,207,209,434,217,217,0,0,0,0,0,0
56745107,403,200,203,402,199,203,0,0,0,236,115,121,391,194,197,394,196,198,0,0,0,9,4,5
56745108,56,30,26,56,30,26,0,0,0,30,19,11,55,30,25,56,30,26,0,0,0,0,0,0
56745109,920,421,499,907,415,492,12,6,6,493,237,256,882,407,475,920,421,499,0,0,0,0,0,0
56745110,800,366,434,789,359,430,9,5,4,480,218,262,770,351,419,779,360,419,21,6,15,0,0,0
56745111,1041,523,518,1012,497,515,24,22,2,610,299,311,1005,503,502,1037,519,518,2,2,0,2,2,0
56745112,1822,912,910,1771,878,893,47,31,16,736,367,369,1654,829,825,1819,909,910,3,3,0,0,0,0
56745113,3376,1597,1779,3281,1545,1736,84,46,38,1890,921,969,3236,1531,1705,3372,1596,1776,0,0,0,4,1,3
56745115,2121,1045,1076,2105,1040,1065,16,5,11,1177,601,576,2014,990,1024,2112,1042,1070,7,2,5,2,1,1
56745116,109,53,56,104,49,55,5,4,1,68,32,36,103,49,54,109,53,56,0,0,0,0,0,0
56745119,537,321,216,522,312,210,14,8,6,287,180,107,504,297,207,347,178,169,0,0,0,190,143,47
56745120,1916,959,957,1906,950,956,10,9,1,1137,591,546,1849,925,924,1914,957,957,1,1,0,1,1,0
56745121,42,24,18,42,24,18,0,0,0,28,17,11,39,22,17,31,17,14,3,2,1,8,5,3
56746901,48,22,26,48,22,26,0,0,0,17,7,10,43,20,23,37,15,22,0,0,0,11,7,4
56746902,357,180,177,357,180,177,0,0,0,95,49,46,315,162,153,312,153,159,0,0,0,45,27,18
56747702,520,224,296,520,224,296,0,0,0,136,67,69,444,199,245,354,185,169,166,39,127,0,0,0
56747703,73,34,39,72,33,39,1,1,0,34,16,18,72,33,39,73,34,39,0,0,0,0,0,0
56747704,102,55,47,102,55,47,0,0,0,48,24,24,98,53,45,102,55,47,0,0,0,0,0,0
56747705,56,29,27,55,29,26,0,0,0,24,12,12,55,29,26,56,29,27,0,0,0,0,0,0
56747706,548,266,282,544,264,280,3,1,2,191,87,104,518,255,263,548,266,282,0,0,0,0,0,0
56747707,465,232,233,464,231,233,1,1,0,201,98,103,451,225,226,441,212,229,0,0,0,24,20,4
56747708,63,35,28,63,35,28,0,0,0,36,22,14,61,33,28,63,35,28,0,0,0,0,0,0
56747709,71,39,32,71,39,32,0,0,0,18,10,8,66,37,29,67,36,31,0,0,0,4,3,1
56748501,69,31,38,58,29,29,11,2,9,23,13,10,62,30,32,63,29,34,3,1,2,3,1,2
56748502,204,109,95,203,109,94,1,0,1,84,43,41,196,106,90,189,95,94,0,0,0,15,14,1
56748503,98,47,51,98,47,51,0,0,0,42,23,19,93,44,49,95,45,50,0,0,0,3,2,1
56748504,71,35,36,70,34,36,1,1,0,26,12,14,71,35,36,71,35,36,0,0,0,0,0,0
56748505,93,49,44,93,49,44,0,0,0,24,16,8,85,46,39,93,49,44,0,0,0,0,0,0
56748506,203,104,99,202,103,99,1,1,0,84,46,38,188,96,92,201,103,98,0,0,0,2,1,1
56748507,105,52,53,105,52,53,0,0,0,40,21,19,100,51,49,105,52,53,0,0,0,0,0,0
56748508,41,24,17,41,24,17,0,0,0,13,10,3,36,21,15,33,18,15,0,0,0,8,6,2
0334480,0,0,0,0,0,0,0,0,0,0,0,0,0,0,0,0,0,0,0,0,0,0,0,0
0334810,0,0,0,0,0,0,0,0,0,0,0,0,0,0,0,0,0,0,0,0,0,0,0,0
56750701,120,61,59,119,61,58,1,0,1,47,29,18,105,55,50,106,55,51,0,0,0,14,6,8
56750702,345,174,171,345,174,171,0,0,0,177,92,85,333,168,165,345,174,171,0,0,0,0,0,0
56750703,268,130,138,268,130,138,0,0,0,118,57,61,255,125,130,257,124,133,0,0,0,11,6,5
56750704,508,243,265,502,237,265,5,5,0,214,102,112,441,213,228,505,240,265,0,0,0,3,3,0
56750705,676,328,348,669,325,344,7,3,4,304,155,149,645,312,333,676,328,348,0,0,0,0,0,0
56750706,227,109,118,226,108,118,1,1,0,109,52,57,220,106,114,218,104,114,0,0,0,9,5,4
56750707,77,36,41,77,36,41,0,0,0,35,16,19,75,36,39,77,36,41,0,0,0,0,0,0
56750709,248,126,122,247,125,122,1,1,0,115,56,59,235,120,115,247,126,121,0,0,0,1,0,1
56750710,236,107,129,228,105,123,8,2,6,79,38,41,195,91,104,187,92,95,39,9,30,10,6,4
56750711,934,476,458,923,469,454,11,7,4,435,232,203,859,440,419,924,470,454,0,0,0,10,6,4
56750712,563,273,290,562,272,290,1,1,0,224,113,111,501,242,259,559,270,289,0,0,0,4,3,1
56750713,1587,722,865,1570,712,858,15,9,6,620,305,315,1451,667,784,1354,634,720,229,85,144,4,3,1
56750714,1707,856,851,1695,849,846,11,6,5,768,410,358,1623,809,814,1594,772,822,0,0,0,113,84,29
56750715,64,33,31,63,32,31,0,0,0,34,20,14,59,31,28,62,31,31,0,0,0,2,2,0
0337740,0,0,0,0,0,0,0,0,0,0,0,0,0,0,0,0,0,0,0,0,0,0,0,0
0848240,0,0,0,0,0,0,0,0,0,0,0,0,0,0,0,0,0,0,0,0,0,0,0,0
1986760,0,0,0,0,0,0,0,0,0,0,0,0,0,0,0,0,0,0,0,0,0,0,0,0
56751501,218,112,106,218,112,106,0,0,0,130,71,59,207,103,104,218,112,106,0,0,0,0,0,0
56751502,184,99,85,184,99,85,0,0,0,102,60,42,179,98,81,184,99,85,0,0,0,0,0,0
56751503,750,420,330,746,417,329,1,1,0,349,188,161,694,389,305,550,277,273,21,12,9,179,131,48
56751504,67,34,33,63,31,32,4,3,1,32,13,19,61,31,30,67,34,33,0,0,0,0,0,0
56751505,1326,684,642,1306,670,636,19,13,6,651,355,296,1211,624,587,1308,670,638,0,0,0,18,14,4
56751506,61,31,30,61,31,30,0,0,0,32,14,18,57,28,29,61,31,30,0,0,0,0,0,0
56751507,1313,615,698,1308,612,696,5,3,2,683,326,357,1261,592,669,1313,615,698,0,0,0,0,0,0
56751508,1783,857,926,1762,848,914,21,9,12,967,482,485,1706,818,888,1783,857,926,0,0,0,0,0,0
56751509,1470,710,760,1464,708,756,6,2,4,778,395,383,1400,671,729,1459,704,755,1,1,0,10,5,5
56751510,1334,612,722,1324,606,718,9,6,3,610,293,317,1229,559,670,1273,581,692,61,31,30,0,0,0
56752301,181,91,90,181,91,90,0,0,0,40,19,21,157,79,78,146,75,71,0,0,0,35,16,19
56752302,1140,595,545,1136,593,543,3,2,1,406,214,192,1068,560,508,1062,537,525,61,47,14,17,11,6
56753101,1173,596,577,1157,587,570,10,3,7,535,272,263,1078,550,528,1161,586,575,0,0,0,12,10,2
56755801,1331,659,672,1326,654,672,5,5,0,710,372,338,1275,624,651,1313,644,669,0,0,0,18,15,3
56755802,140,74,66,140,74,66,0,0,0,50,24,26,126,69,57,134,71,63,0,0,0,6,3,3
56755803,127,69,58,125,67,58,1,1,0,57,34,23,120,66,54,125,68,57,0,0,0,2,1,1
56755804,355,182,173,354,181,173,1,1,0,175,85,90,337,171,166,355,182,173,0,0,0,0,0,0
1387110,0,0,0,0,0,0,0,0,0,0,0,0,0,0,0,0,0,0,0,0,0,0,0,0
1387200,0,0,0,0,0,0,0,0,0,0,0,0,0,0,0,0,0,0,0,0,0,0,0,0
1387380,0,0,0,0,0,0,0,0,0,0,0,0,0,0,0,0,0,0,0,0,0,0,0,0
56756601,363,186,177,361,184,177,2,2,0,150,80,70,345,177,168,343,172,171,0,0,0,20,14,6
56756602,64,35,29,64,35,29,0,0,0,19,10,9,59,33,26,64,35,29,0,0,0,0,0,0
56756603,39,21,18,39,21,18,0,0,0,12,6,6,38,21,17,31,18,13,0,0,0,8,3,5
56756604,118,56,62,118,56,62,0,0,0,40,19,21,114,55,59,116,55,61,0,0,0,2,1,1
56756605,55,28,27,55,28,27,0,0,0,20,9,11,51,26,25,55,28,27,0,0,0,0,0,0
56756606,184,93,91,184,93,91,0,0,0,63,38,25,176,90,86,177,89,88,0,0,0,7,4,3
56756607,36,20,16,36,20,16,0,0,0,8,6,2,32,18,14,36,20,16,0,0,0,0,0,0
56756608,78,42,36,78,42,36,0,0,0,31,17,14,77,42,35,73,40,33,0,0,0,5,2,3
56756610,94,44,50,94,44,50,0,0,0,24,9,15,84,40,44,77,34,43,0,0,0,17,10,7
0583270,0,0,0,0,0,0,0,0,0,0,0,0,0,0,0,0,0,0,0,0,0,0,0,0
56758201,315,167,148,312,165,147,3,2,1,111,60,51,295,155,140,315,167,148,0,0,0,0,0,0
56758202,593,304,289,592,303,289,1,1,0,223,123,100,551,282,269,548,279,269,0,0,0,45,25,20
56760401,430,221,209,427,219,208,3,2,1,119,73,46,407,206,201,428,219,209,0,0,0,2,2,0
56761202,932,478,454,924,473,451,8,5,3,342,191,151,872,448,424,886,464,422,29,2,27,17,12,5
56762101,1767,868,899,1745,855,890,20,12,8,738,357,381,1661,810,851,1718,841,877,21,8,13,28,19,9
56762102,1268,592,676,1261,588,673,6,3,3,556,276,280,1212,562,650,1267,591,676,0,0,0,1,1,0
56762103,103,57,46,103,57,46,0,0,0,36,24,12,90,50,40,103,57,46,0,0,0,0,0,0
0753290,0,0,0,0,0,0,0,0,0,0,0,0,0,0,0,0,0,0,0,0,0,0,0,0
0753612,0,0,0,0,0,0,0,0,0,0,0,0,0,0,0,0,0,0,0,0,0,0,0,0
0753960,0,0,0,0,0,0,0,0,0,0,0,0,0,0,0,0,0,0,0,0,0,0,0,0
3157530,0,0,0,0,0,0,0,0,0,0,0,0,0,0,0,0,0,0,0,0,0,0,0,0
3418780,0,0,0,0,0,0,0,0,0,0,0,0,0,0,0,0,0,0,0,0,0,0,0,0
3418860,0,0,0,0,0,0,0,0,0,0,0,0,0,0,0,0,0,0,0,0,0,0,0,0
3418940,0,0,0,0,0,0,0,0,0,0,0,0,0,0,0,0,0,0,0,0,0,0,0,0
56763901,2844,1415,1429,2830,1406,1424,14,9,5,1402,725,677,2727,1350,1377,2627,1270,1357,41,15,26,176,130,46
56763902,962,456,506,962,456,506,0,0,0,401,192,209,926,437,489,962,456,506,0,0,0,0,0,0
56763903,205,110,95,204,109,95,0,0,0,88,45,43,194,104,90,167,91,76,33,16,17,5,3,2
56763904,3149,1539,1610,3094,1512,1582,50,24,26,1123,568,555,2894,1414,1480,3146,1536,1610,0,0,0,3,3,0
56763905,373,187,186,373,187,186,0,0,0,166,82,84,358,178,180,373,187,186,0,0,0,0,0,0
56763906,100,52,48,100,52,48,0,0,0,33,16,17,98,52,46,99,51,48,0,0,0,1,1,0
56763907,796,393,403,795,392,403,1,1,0,399,195,204,769,378,391,794,392,402,0,0,0,2,1,1
56763908,96,52,44,96,52,44,0,0,0,35,22,13,94,51,43,69,38,31,0,0,0,27,14,13
56763909,793,421,372,789,418,371,4,3,1,375,217,158,754,403,351,783,415,368,2,1,1,8,5,3
56763910,54,32,22,54,32,22,0,0,0,15,8,7,49,30,19,50,29,21,0,0,0,4,3,1
56763912,291,140,151,290,140,150,0,0,0,151,77,74,281,139,142,289,138,151,0,0,0,2,2,0
56763913,137,74,63,136,73,63,1,1,0,54,25,29,133,73,60,137,74,63,0,0,0,0,0,0
56763914,1556,725,831,1544,718,826,10,6,4,734,351,383,1484,684,800,1550,723,827,3,1,2,3,1,2
56763915,750,363,387,746,360,386,4,3,1,294,147,147,695,337,358,649,314,335,76,33,43,25,16,9
56764701,689,345,344,682,341,341,6,4,2,223,117,106,652,324,328,673,337,336,0,0,0,16,8,8
56765501,508,254,254,505,252,253,2,1,1,256,138,118,477,236,241,500,247,253,0,0,0,8,7,1
54690901,68,36,32,68,36,32,0,0,0,27,16,11,60,31,29,50,27,23,0,0,0,18,9,9
54690902,73,39,34,72,39,33,0,0,0,31,18,13,66,35,31,70,37,33,0,0,0,3,2,1
56769801,248,121,127,248,121,127,0,0,0,115,57,58,225,110,115,245,119,126,0,0,0,3,2,1
56769802,53,27,26,53,27,26,0,0,0,23,12,11,50,25,25,53,27,26,0,0,0,0,0,0
56770101,220,110,110,220,110,110,0,0,0,79,47,32,215,106,109,196,99,97,3,2,1,21,9,12
56771001,287,142,145,279,139,140,6,2,4,105,56,49,265,130,135,287,142,145,0,0,0,0,0,0
56771002,82,40,42,82,40,42,0,0,0,25,12,13,81,40,41,77,38,39,0,0,0,5,2,3
56771003,356,196,160,356,196,160,0,0,0,139,80,59,333,184,149,330,178,152,0,0,0,26,18,8
56771004,79,44,35,79,44,35,0,0,0,35,23,12,74,41,33,79,44,35,0,0,0,0,0,0
56771005,20,9,11,20,9,11,0,0,0,2,0,2,20,9,11,20,9,11,0,0,0,0,0,0
56771006,206,107,99,206,107,99,0,0,0,92,53,39,197,102,95,206,107,99,0,0,0,0,0,0
0983290,0,0,0,0,0,0,0,0,0,0,0,0,0,0,0,0,0,0,0,0,0,0,0,0
0983370,0,0,0,0,0,0,0,0,0,0,0,0,0,0,0,0,0,0,0,0,0,0,0,0
56772801,132,79,53,122,72,50,10,7,3,31,20,11,122,72,50,102,57,45,12,8,4,18,14,4
56772802,40,21,19,40,21,19,0,0,0,8,5,3,39,20,19,13,6,7,4,3,1,23,12,11
56775201,2054,1028,1026,2027,1006,1021,24,19,5,748,391,357,1925,968,957,2005,992,1013,8,7,1,41,29,12
56776101,111,55,56,111,55,56,0,0,0,54,30,24,108,54,54,111,55,56,0,0,0,0,0,0
56776102,244,121,123,243,121,122,1,0,1,95,49,46,239,120,119,221,109,112,23,12,11,0,0,0
56776103,23,10,13,23,10,13,0,0,0,7,3,4,22,10,12,22,10,12,0,0,0,1,0,1
56776104,32,16,16,32,16,16,0,0,0,17,10,7,31,16,15,32,16,16,0,0,0,0,0,0
56776105,140,68,72,139,67,72,1,1,0,71,33,38,133,65,68,140,68,72,0,0,0,0,0,0
56776106,202,94,108,202,94,108,0,0,0,96,42,54,192,91,101,195,88,107,0,0,0,7,6,1
1129760,0,0,0,0,0,0,0,0,0,0,0,0,0,0,0,0,0,0,0,0,0,0,0,0
1129920,0,0,0,0,0,0,0,0,0,0,0,0,0,0,0,0,0,0,0,0,0,0,0,0
3117310,0,0,0,0,0,0,0,0,0,0,0,0,0,0,0,0,0,0,0,0,0,0,0,0
3117400,0,0,0,0,0,0,0,0,0,0,0,0,0,0,0,0,0,0,0,0,0,0,0,0
3117580,0,0,0,0,0,0,0,0,0,0,0,0,0,0,0,0,0,0,0,0,0,0,0,0
56777901,24,12,12,24,12,12,0,0,0,4,3,1,24,12,12,10,5,5,0,0,0,14,7,7
56777902,60,30,30,60,30,30,0,0,0,21,13,8,57,29,28,55,27,28,0,0,0,5,3,2
56777903,1501,692,809,1497,691,806,2,0,2,724,339,385,1456,669,787,1498,691,807,0,0,0,3,1,2
56777904,893,464,429,892,463,429,1,1,0,409,204,205,814,420,394,867,451,416,10,3,7,16,10,6
56777905,1170,578,592,1165,575,590,4,3,1,610,308,302,1125,558,567,1167,577,590,0,0,0,3,1,2
56777906,884,457,427,882,455,427,2,2,0,456,236,220,838,439,399,808,404,404,0,0,0,76,53,23
56778701,2383,1217,1166,2374,1212,1162,9,5,4,840,448,392,2250,1154,1096,2325,1178,1147,6,0,6,52,39,13
56778702,233,117,116,230,116,114,3,1,2,72,45,27,223,112,111,233,117,116,0,0,0,0,0,0
56780901,64,32,32,64,32,32,0,0,0,20,10,10,58,30,28,64,32,32,0,0,0,0,0,0
56780902,63,31,32,63,31,32,0,0,0,24,12,12,53,24,29,63,31,32,0,0,0,0,0,0
56780903,402,212,190,397,208,189,3,2,1,169,88,81,378,199,179,385,202,183,0,0,0,17,10,7
56780904,120,63,57,120,63,57,0,0,0,46,23,23,115,59,56,120,63,57,0,0,0,0,0,0
56780905,107,56,51,99,52,47,8,4,4,44,25,19,97,49,48,107,56,51,0,0,0,0,0,0
56780906,39,21,18,39,21,18,0,0,0,19,11,8,39,21,18,39,21,18,0,0,0,0,0,0
56783301,284,141,143,284,141,143,0,0,0,134,68,66,264,133,131,280,137,143,4,4,0,0,0,0
56783302,174,95,79,174,95,79,0,0,0,52,30,22,162,89,73,121,67,54,0,0,0,53,28,25
1603420,0,0,0,0,0,0,0,0,0,0,0,0,0,0,0,0,0,0,0,0,0,0,0,0
56784101,226,112,114,226,112,114,0,0,0,69,35,34,207,102,105,226,112,114,0,0,0,0,0,0
56784102,82,41,41,82,41,41,0,0,0,41,22,19,80,39,41,82,41,41,0,0,0,0,0,0
56784103,183,90,93,183,90,93,0,0,0,95,54,41,179,89,90,183,90,93,0,0,0,0,0,0
56784104,275,132,143,272,132,140,3,0,3,131,66,65,255,123,132,255,117,138,0,0,0,20,15,5
56784105,166,95,71,166,95,71,0,0,0,66,36,30,162,93,69,164,95,69,0,0,0,2,0,2
56784106,59,37,22,59,37,22,0,0,0,14,10,4,56,34,22,59,37,22,0,0,0,0,0,0
1661970,0,0,0,0,0,0,0,0,0,0,0,0,0,0,0,0,0,0,0,0,0,0,0,0
1662270,0,0,0,0,0,0,0,0,0,0,0,0,0,0,0,0,0,0,0,0,0,0,0,0
1662350,0,0,0,0,0,0,0,0,0,0,0,0,0,0,0,0,0,0,0,0,0,0,0,0
56744201,85,50,35,81,49,32,4,1,3,43,26,17,83,49,34,85,50,35,0,0,0,0,0,0
56744202,566,286,280,560,284,276,6,2,4,355,191,164,540,277,263,562,283,279,0,0,0,4,3,1
56744203,1144,576,568,1130,568,562,13,8,5,717,368,349,1099,555,544,1131,570,561,0,0,0,13,6,7
56744204,46,28,18,46,28,18,0,0,0,23,16,7,43,25,18,44,26,18,1,1,0,1,1,0
56744205,68,28,40,67,27,40,1,1,0,32,14,18,65,28,37,44,22,22,0,0,0,24,6,18
56744206,3902,1909,1993,3666,1703,1963,213,186,27,1789,894,895,3642,1740,1902,3733,1741,1992,167,167,0,2,1,1
56744207,799,391,408,782,381,401,14,10,4,385,210,175,751,367,384,799,391,408,0,0,0,0,0,0
56744208,2560,1224,1336,2444,1165,1279,103,52,51,1143,568,575,2450,1178,1272,2559,1223,1336,0,0,0,1,1,0
56744209,41,23,18,41,23,18,0,0,0,24,16,8,38,23,15,39,22,17,0,0,0,2,1,1
56744210,4799,2262,2537,4742,2224,2518,52,35,17,2544,1256,1288,4629,2170,2459,4790,2256,2534,5,5,0,4,1,3
56744211,4817,2254,2563,4717,2204,2513,92,43,49,2523,1227,1296,4570,2145,2425,4815,2253,2562,0,0,0,2,1,1
56744212,662,311,351,655,306,349,6,5,1,365,186,179,630,294,336,660,309,351,0,0,0,2,2,0
56744213,4692,2263,2429,4626,2227,2399,60,34,26,2532,1253,1279,4496,2156,2340,4679,2256,2423,1,1,0,12,6,6
56744214,267,134,133,267,134,133,0,0,0,151,72,79,248,130,118,247,123,124,0,0,0,20,11,9
56744215,2816,1380,1436,2720,1332,1388,91,45,46,1508,760,748,2668,1298,1370,2808,1374,1434,0,0,0,8,6,2
56744216,408,202,206,387,188,199,20,13,7,226,115,111,383,185,198,408,202,206,0,0,0,0,0,0
56744218,1315,653,662,1302,645,657,13,8,5,685,350,335,1259,625,634,1307,647,660,4,4,0,4,2,2
56744219,1130,556,574,1064,525,539,58,26,32,462,233,229,1037,501,536,1130,556,574,0,0,0,0,0,0
56744220,2139,1048,1091,2098,1026,1072,36,18,18,1067,540,527,1925,909,1016,1946,884,1062,191,162,29,2,2,0
56744221,111,58,53,107,55,52,4,3,1,58,31,27,102,52,50,102,52,50,1,1,0,8,5,3
56744222,1076,515,561,1061,508,553,14,7,7,588,297,291,1047,502,545,1076,515,561,0,0,0,0,0,0
56744223,1741,880,861,1655,829,826,81,47,34,852,454,398,1587,793,794,1736,877,859,3,2,1,2,1,1
56744224,2295,1233,1062,2194,1177,1017,91,51,40,1019,553,466,2119,1130,989,1873,895,978,0,0,0,422,338,84
56744225,1040,491,549,972,451,521,67,39,28,471,226,245,954,450,504,976,477,499,64,14,50,0,0,0
56744227,2462,1190,1272,2391,1154,1237,66,35,31,1265,635,630,2307,1126,1181,2461,1189,1272,0,0,0,1,1,0
56744228,22,11,11,22,11,11,0,0,0,12,7,5,20,11,9,10,5,5,0,0,0,12,6,6
56744229,1646,791,855,1627,781,846,17,9,8,926,463,463,1567,746,821,1646,791,855,0,0,0,0,0,0
56744231,368,198,170,356,190,166,11,7,4,181,94,87,346,185,161,359,193,166,1,1,0,8,4,4
56744232,1688,816,872,1630,780,850,53,33,20,896,444,452,1581,771,810,1656,801,855,32,15,17,0,0,0
56744233,908,429,479,870,407,463,35,21,14,475,233,242,865,410,455,907,428,479,0,0,0,1,1,0
56744234,2057,963,1094,2045,958,1087,12,5,7,1125,554,571,1975,926,1049,2057,963,1094,0,0,0,0,0,0
56744235,758,364,394,734,349,385,22,13,9,424,199,225,713,342,371,758,364,394,0,0,0,0,0,0
56785002,60,29,31,60,29,31,0,0,0,30,12,18,59,29,30,60,29,31,0,0,0,0,0,0
56785003,771,384,387,768,383,385,3,1,2,340,179,161,734,367,367,749,372,377,0,0,0,22,12,10
56786801,138,70,68,138,70,68,0,0,0,55,34,21,133,68,65,137,69,68,0,0,0,1,1,0
56786802,267,138,129,267,138,129,0,0,0,117,68,49,249,127,122,256,129,127,0,0,0,11,9,2
56786803,65,38,27,65,38,27,0,0,0,26,15,11,61,36,25,64,38,26,0,0,0,1,0,1
56786804,387,188,199,387,188,199,0,0,0,169,86,83,366,177,189,383,187,196,0,0,0,4,1,3
56786806,280,145,135,279,145,134,1,0,1,130,65,65,263,141,122,273,140,133,0,0,0,7,5,2
56787602,79,40,39,79,40,39,0,0,0,23,10,13,73,40,33,79,40,39,0,0,0,0,0,0
56787603,432,219,213,429,216,213,3,3,0,174,92,82,409,209,200,422,213,209,1,1,0,9,5,4
56788401,23,14,9,23,14,9,0,0,0,8,6,2,22,13,9,23,14,9,0,0,0,0,0,0
56788402,192,100,92,192,100,92,0,0,0,71,41,30,183,96,87,178,90,88,0,0,0,14,10,4
56793101,539,276,263,539,276,263,0,0,0,194,98,96,518,264,254,494,249,245,0,0,0,45,27,18
56795701,206,105,101,206,105,101,0,0,0,103,49,54,188,96,92,189,97,92,0,0,0,17,8,9
56797301,39,21,18,39,21,18,0,0,0,11,5,6,38,21,17,27,15,12,0,0,0,12,6,6
56797302,30,14,16,30,14,16,0,0,0,10,4,6,29,13,16,28,13,15,0,0,0,2,1,1
56797304,31,14,17,31,14,17,0,0,0,6,1,5,30,13,17,31,14,17,0,0,0,0,0,0
56797305,138,74,64,138,74,64,0,0,0,68,40,28,135,72,63,127,66,61,0,0,0,11,8,3
56797306,85,43,42,85,43,42,0,0,0,34,17,17,84,43,41,85,43,42,0,0,0,0,0,0
56797307,37,19,18,37,19,18,0,0,0,18,7,11,37,19,18,28,14,14,0,0,0,9,5,4
56797308,35,13,22,35,13,22,0,0,0,4,1,3,32,13,19,28,10,18,0,0,0,7,3,4
1876310,0,0,0,0,0,0,0,0,0,0,0,0,0,0,0,0,0,0,0,0,0,0,0,0
56800701,2166,1043,1123,2138,1030,1108,22,12,10,905,431,474,2020,967,1053,2075,1004,1071,60,20,40,31,19,12
56800703,294,149,145,293,148,145,1,1,0,110,54,56,278,144,134,277,139,138,0,0,0,17,10,7
56801501,83,38,45,83,38,45,0,0,0,51,24,27,82,38,44,74,33,41,0,0,0,9,5,4
56801502,49,27,22,49,27,22,0,0,0,26,12,14,47,26,21,42,23,19,0,0,0,7,4,3
56801504,3443,1665,1778,3437,1660,1777,2,2,0,1311,669,642,3247,1577,1670,3252,1565,1687,86,25,61,105,75,30
56801505,355,181,174,354,181,173,1,0,1,117,60,57,347,176,171,339,173,166,2,1,1,14,7,7
56801506,241,114,127,239,113,126,0,0,0,102,51,51,232,110,122,231,110,121,0,0,0,10,4,6
56802301,97,55,42,96,54,42,1,1,0,26,18,8,96,55,41,72,38,34,0,0,0,25,17,8
56802302,488,231,257,486,229,257,0,0,0,168,75,93,457,215,242,480,228,252,0,0,0,8,3,5
56802303,88,43,45,88,43,45,0,0,0,37,20,17,80,39,41,83,40,43,0,0,0,5,3,2
56802304,27,16,11,26,16,10,1,0,1,12,8,4,24,14,10,23,14,9,0,0,0,4,2,2
56802305,23,12,11,23,12,11,0,0,0,7,2,5,22,12,10,22,11,11,0,0,0,1,1,0
56802306,137,67,70,136,67,69,1,0,1,62,34,28,133,66,67,135,65,70,0,0,0,2,2,0
56802307,34,20,14,34,20,14,0,0,0,10,6,4,34,20,14,34,20,14,0,0,0,0,0,0
56802308,87,44,43,87,44,43,0,0,0,48,25,23,85,43,42,87,44,43,0,0,0,0,0,0
56802309,89,50,39,87,48,39,2,2,0,32,17,15,87,48,39,89,50,39,0,0,0,0,0,0
56805801,93,51,42,92,50,42,1,1,0,31,16,15,91,49,42,75,40,35,0,0,0,18,11,7
56805802,27,14,13,26,14,12,1,0,1,11,5,6,25,12,13,19,8,11,0,0,0,8,6,2
56805803,1628,822,806,1625,821,804,2,1,1,715,395,320,1535,771,764,1548,773,775,4,3,1,76,46,30
56805804,56,30,26,56,30,26,0,0,0,16,8,8,52,27,25,51,27,24,0,0,0,5,3,2
56805805,30,16,14,30,16,14,0,0,0,5,5,0,20,11,9,25,12,13,0,0,0,5,4,1
56809102,131,68,63,130,67,63,0,0,0,56,34,22,122,63,59,126,66,60,0,0,0,5,2,3
56809103,365,182,183,365,182,183,0,0,0,159,89,70,349,178,171,324,157,167,0,0,0,41,25,16
56810402,115,57,58,115,57,58,0,0,0,37,21,16,107,55,52,111,55,56,0,0,0,4,2,2
56810403,366,193,173,366,193,173,0,0,0,134,77,57,352,186,166,341,174,167,0,0,0,25,19,6
56810404,25,14,11,25,14,11,0,0,0,5,1,4,23,12,11,19,10,9,0,0,0,6,4,2
56810405,41,19,22,41,19,22,0,0,0,13,6,7,36,17,19,34,16,18,0,0,0,7,3,4
56810406,87,49,38,86,48,38,0,0,0,30,18,12,82,46,36,79,44,35,0,0,0,8,5,3
56810407,24,16,8,24,16,8,0,0,0,2,2,0,24,16,8,22,14,8,0,0,0,2,2,0
56810408,82,48,34,82,48,34,0,0,0,12,8,4,77,46,31,62,37,25,0,0,0,20,11,9
56810409,44,21,23,44,21,23,0,0,0,17,10,7,44,21,23,43,20,23,0,0,0,1,1,0
56810410,67,34,33,67,34,33,0,0,0,28,13,15,61,32,29,64,32,32,1,1,0,2,1,1
56814701,153,85,68,152,84,68,1,1,0,55,28,27,142,81,61,115,65,50,0,0,0,38,20,18
56814704,726,375,351,696,361,335,28,13,15,266,151,115,679,355,324,641,331,310,10,5,5,75,39,36
56815501,33,19,14,33,19,14,0,0,0,10,7,3,33,19,14,33,19,14,0,0,0,0,0,0
56815502,75,35,40,75,35,40,0,0,0,30,12,18,73,33,40,73,34,39,0,0,0,2,1,1
56815503,24,11,13,24,11,13,0,0,0,3,2,1,17,7,10,11,5,6,0,0,0,13,6,7
56815504,628,311,317,628,311,317,0,0,0,281,149,132,598,295,303,625,309,316,0,0,0,3,2,1
56815507,36,18,18,36,18,18,0,0,0,12,4,8,34,16,18,28,16,12,0,0,0,8,2,6
56815508,1218,613,605,1216,612,604,1,1,0,561,304,257,1173,586,587,1157,570,587,0,0,0,61,43,18
56815509,34,21,13,34,21,13,0,0,0,8,6,2,32,19,13,27,16,11,0,0,0,7,5,2
56815510,50,28,22,50,28,22,0,0,0,16,8,8,50,28,22,34,19,15,0,0,0,16,9,7
56815511,117,56,61,117,56,61,0,0,0,45,20,25,114,54,60,112,53,59,0,0,0,5,3,2
3419320,0,0,0,0,0,0,0,0,0,0,0,0,0,0,0,0,0,0,0,0,0,0,0,0
53062001,471,246,225,465,243,222,4,2,2,131,73,58,434,229,205,463,243,220,0,0,0,8,3,5
54618601,197,91,106,195,91,104,2,0,2,71,29,42,183,86,97,166,76,90,2,1,1,29,14,15
0864360,0,0,0,0,0,0,0,0,0,0,0,0,0,0,0,0,0,0,0,0,0,0,0,0
1450250,0,0,0,0,0,0,0,0,0,0,0,0,0,0,0,0,0,0,0,0,0,0,0,0
56820101,291,140,151,290,140,150,1,0,1,127,69,58,277,134,143,270,128,142,0,0,0,21,12,9
56820102,46,23,23,46,23,23,0,0,0,20,11,9,45,22,23,37,18,19,0,0,0,9,5,4
56820103,94,44,50,94,44,50,0,0,0,26,14,12,87,40,47,82,39,43,0,0,0,12,5,7
56820104,129,55,74,129,55,74,0,0,0,57,27,30,122,52,70,125,54,71,0,0,0,4,1,3
56820105,77,45,32,69,38,31,8,7,1,24,15,9,76,44,32,69,41,28,0,0,0,8,4,4
56820106,459,239,220,458,238,220,1,1,0,218,123,95,436,227,209,429,218,211,2,2,0,28,19,9
56820107,148,83,65,147,82,65,1,1,0,31,19,12,142,80,62,83,48,35,0,0,0,65,35,30
56820108,147,76,71,147,76,71,0,0,0,57,34,23,139,72,67,134,67,67,1,1,0,12,8,4
54692501,95,53,42,95,53,42,0,0,0,34,20,14,90,52,38,86,47,39,0,0,0,9,6,3
54692502,65,38,27,65,38,27,0,0,0,25,17,8,57,33,24,62,36,26,0,0,0,3,2,1
54692503,66,31,35,66,31,35,0,0,0,25,7,18,65,30,35,66,31,35,0,0,0,0,0,0
54692504,139,70,69,139,70,69,0,0,0,57,35,22,136,68,68,134,67,67,0,0,0,5,3,2
54692505,70,32,38,69,32,37,0,0,0,20,9,11,63,29,34,66,29,37,0,0,0,4,3,1
56828701,137,64,73,137,64,73,0,0,0,44,22,22,131,62,69,125,57,68,0,0,0,12,7,5
56829501,75,37,38,73,35,38,0,0,0,30,14,16,67,31,36,51,22,29,0,0,0,24,15,9
56829503,25,18,7,25,18,7,0,0,0,6,5,1,15,11,4,1,1,0,9,7,2,15,10,5
56829504,197,98,99,194,96,98,3,2,1,60,29,31,193,97,96,178,89,89,10,1,9,9,8,1
56829505,305,156,149,305,156,149,0,0,0,119,62,57,295,151,144,299,152,147,1,0,1,5,4,1
56829506,87,50,37,87,50,37,0,0,0,31,19,12,78,45,33,83,48,35,0,0,0,4,2,2
56830902,27,17,10,27,17,10,0,0,0,6,5,1,26,16,10,0,0,0,0,0,0,27,17,10
56830903,25,12,13,25,12,13,0,0,0,6,3,3,24,12,12,5,2,3,0,0,0,20,10,10
56830904,936,492,444,929,489,440,5,3,2,284,160,124,868,454,414,827,433,394,30,19,11,79,40,39
3181750,0,0,0,0,0,0,0,0,0,0,0,0,0,0,0,0,0,0,0,0,0,0,0,0
55369701,369,184,185,367,183,184,2,1,1,152,87,65,343,173,170,336,167,169,0,0,0,33,17,16
55369702,83,42,41,83,42,41,0,0,0,28,13,15,81,40,41,78,41,37,0,0,0,5,1,4
55369704,2645,1331,1314,2579,1292,1287,60,37,23,1031,528,503,2455,1238,1217,2550,1268,1282,26,14,12,69,49,20
1484822,0,0,0,0,0,0,0,0,0,0,0,0,0,0,0,0,0,0,0,0,0,0,0,0
1713610,0,0,0,0,0,0,0,0,0,0,0,0,0,0,0,0,0,0,0,0,0,0,0,0
1749040,0,0,0,0,0,0,0,0,0,0,0,0,0,0,0,0,0,0,0,0,0,0,0,0
1749630,0,0,0,0,0,0,0,0,0,0,0,0,0,0,0,0,0,0,0,0,0,0,0,0
1749980,0,0,0,0,0,0,0,0,0,0,0,0,0,0,0,0,0,0,0,0,0,0,0,0
1758971,0,0,0,0,0,0,0,0,0,0,0,0,0,0,0,0,0,0,0,0,0,0,0,0
1758972,0,0,0,0,0,0,0,0,0,0,0,0,0,0,0,0,0,0,0,0,0,0,0,0
3034020,0,0,0,0,0,0,0,0,0,0,0,0,0,0,0,0,0,0,0,0,0,0,0,0
3118550,0,0,0,0,0,0,0,0,0,0,0,0,0,0,0,0,0,0,0,0,0,0,0,0
3119280,0,0,0,0,0,0,0,0,0,0,0,0,0,0,0,0,0,0,0,0,0,0,0,0
3191550,0,0,0,0,0,0,0,0,0,0,0,0,0,0,0,0,0,0,0,0,0,0,0,0
56789201,496,242,254,496,242,254,0,0,0,341,174,167,492,240,252,492,240,252,0,0,0,4,2,2
56789202,395,195,200,395,195,200,0,0,0,283,139,144,388,191,197,336,162,174,4,2,2,55,31,24
56789203,50,28,22,50,28,22,0,0,0,38,22,16,49,27,22,33,18,15,0,0,0,17,10,7
56789204,184,87,97,182,85,97,2,2,0,124,60,64,175,81,94,176,81,95,0,0,0,8,6,2
56789205,249,118,131,249,118,131,0,0,0,176,88,88,242,117,125,249,118,131,0,0,0,0,0,0
56789206,1379,682,697,1362,672,690,16,9,7,970,491,479,1365,678,687,1341,662,679,1,0,1,37,20,17
56789208,314,154,160,313,154,159,1,0,1,221,114,107,306,151,155,314,154,160,0,0,0,0,0,0
56789209,104,52,52,102,51,51,1,1,0,58,29,29,99,49,50,78,37,41,14,10,4,12,5,7
56789210,1126,569,557,1069,531,538,47,30,17,687,350,337,1021,510,511,1108,554,554,13,12,1,5,3,2
56789211,201,126,75,44,29,15,154,96,58,24,19,5,124,91,33,17,9,8,184,117,67,0,0,0
56789212,27,13,14,23,10,13,4,3,1,18,9,9,25,12,13,27,13,14,0,0,0,0,0,0
56789213,1733,831,902,1681,802,879,50,28,22,1048,510,538,1646,783,863,1730,829,901,0,0,0,3,2,1
56789215,209,108,101,208,107,101,0,0,0,119,63,56,198,104,94,208,107,101,1,1,0,0,0,0
56789216,321,167,154,315,163,152,6,4,2,175,92,83,310,161,149,319,166,153,1,1,0,1,0,1
56789217,4250,2063,2187,4195,2036,2159,49,24,25,2640,1330,1310,4060,1967,2093,4194,2029,2165,8,6,2,48,28,20
56789218,33,19,14,33,19,14,0,0,0,16,10,6,29,16,13,20,10,10,13,9,4,0,0,0
56789219,170,85,85,170,85,85,0,0,0,110,55,55,167,85,82,170,85,85,0,0,0,0,0,0
56789220,1280,614,666,1270,606,664,10,8,2,779,382,397,1231,589,642,1241,601,640,37,11,26,2,2,0
56789221,1474,668,806,1460,662,798,13,6,7,918,426,492,1436,647,789,1474,668,806,0,0,0,0,0,0
56789222,116,61,55,110,59,51,4,2,2,71,38,33,102,51,51,102,52,50,7,5,2,7,4,3
56789224,755,371,384,749,366,383,4,3,1,499,255,244,729,357,372,729,353,376,7,7,0,19,11,8
56789225,189,82,107,187,81,106,2,1,1,120,52,68,182,78,104,189,82,107,0,0,0,0,0,0
56789226,1897,881,1016,1879,871,1008,17,9,8,1134,556,578,1831,849,982,1895,880,1015,0,0,0,2,1,1
56789227,2802,1386,1416,2753,1356,1397,39,26,13,1558,769,789,2660,1317,1343,2693,1309,1384,2,2,0,107,75,32
56789228,246,130,116,246,130,116,0,0,0,138,69,69,238,123,115,218,109,109,17,14,3,11,7,4
56789229,175,75,100,174,75,99,1,0,1,94,40,54,166,72,94,174,74,100,0,0,0,1,1,0
56789230,45,20,25,43,19,24,2,1,1,33,15,18,43,20,23,32,14,18,1,0,1,12,6,6
56789231,781,381,400,768,373,395,12,7,5,417,206,211,713,349,364,758,368,390,0,0,0,23,13,10
56789233,3648,1736,1912,3596,1704,1892,48,29,19,2123,1026,1097,3492,1651,1841,3644,1733,1911,0,0,0,4,3,1
56789235,52,29,23,50,28,22,2,1,1,27,14,13,41,24,17,52,29,23,0,0,0,0,0,0
56789236,565,297,268,563,297,266,2,0,2,344,187,157,505,264,241,552,290,262,6,2,4,7,5,2
56789237,700,335,365,690,329,361,10,6,4,407,205,202,663,319,344,700,335,365,0,0,0,0,0,0
56789238,135,76,59,127,72,55,6,4,2,67,39,28,123,68,55,130,71,59,3,3,0,2,2,0
56789239,1268,604,664,1227,580,647,37,21,16,684,338,346,1191,565,626,1266,602,664,0,0,0,2,2,0
56789240,1658,920,738,1571,869,702,84,50,34,788,428,360,1546,864,682,1173,545,628,18,6,12,467,369,98
56789241,3640,1652,1988,3603,1629,1974,36,22,14,2200,1044,1156,3503,1580,1923,3633,1647,1986,2,2,0,5,3,2
56789242,943,453,490,930,442,488,12,10,2,616,311,305,919,441,478,942,452,490,0,0,0,1,1,0
56789243,266,137,129,265,137,128,0,0,0,169,93,76,260,134,126,265,136,129,0,0,0,1,1,0
56789244,1139,534,605,1122,522,600,17,12,5,648,316,332,1099,509,590,1034,504,530,104,29,75,1,1,0
50208101,1939,908,1031,1920,899,1021,19,9,10,1193,571,622,1877,885,992,1939,908,1031,0,0,0,0,0,0
50208102,2019,973,1046,1988,954,1034,30,18,12,1243,606,637,1920,922,998,2013,970,1043,1,1,0,5,2,3
50208103,264,134,130,259,132,127,5,2,3,168,79,89,259,130,129,261,133,128,0,0,0,3,1,2
50208105,1878,900,978,1861,890,971,16,9,7,1142,547,595,1819,865,954,1872,896,976,0,0,0,6,4,2
50208106,3631,1870,1761,3571,1838,1733,56,30,26,2134,1107,1027,3500,1807,1693,3322,1624,1698,0,0,0,309,246,63
50208107,118,58,60,118,58,60,0,0,0,82,37,45,112,55,57,106,50,56,0,0,0,12,8,4
50208108,355,198,157,335,185,150,18,13,5,203,110,93,346,192,154,355,198,157,0,0,0,0,0,0
50208109,342,190,152,333,185,148,7,4,3,191,114,77,322,179,143,323,179,144,0,0,0,19,11,8
50208110,2541,1230,1311,2517,1211,1306,21,17,4,1437,706,731,2448,1180,1268,2401,1190,1211,133,36,97,7,4,3
50208113,6761,3258,3503,6588,3151,3437,165,102,63,4134,1994,2140,6552,3141,3411,6758,3255,3503,0,0,0,3,3,0
50208114,1698,815,883,1655,782,873,41,32,9,1017,494,523,1638,782,856,1695,814,881,0,0,0,3,1,2
50208115,602,307,295,588,300,288,14,7,7,374,191,183,568,286,282,601,306,295,0,0,0,1,1,0
50129801,249,123,126,242,119,123,7,4,3,147,71,76,244,119,125,249,123,126,0,0,0,0,0,0
50129802,8864,4136,4728,8800,4098,4702,60,35,25,5251,2515,2736,8548,3982,4566,8443,3900,4543,184,48,136,237,188,49
50129803,40,21,19,40,21,19,0,0,0,31,15,16,39,21,18,40,21,19,0,0,0,0,0,0
50129804,4921,2330,2591,4867,2297,2570,47,29,18,3041,1500,1541,4757,2235,2522,4788,2299,2489,133,31,102,0,0,0
50129805,195,137,58,185,128,57,6,6,0,86,59,27,173,120,53,46,26,20,145,110,35,4,1,3
50129806,3652,1687,1965,3618,1663,1955,32,22,10,2178,1072,1106,3521,1626,1895,3472,1641,1831,174,41,133,6,5,1
50129807,83,37,46,83,37,46,0,0,0,61,26,35,83,37,46,83,37,46,0,0,0,0,0,0
50129808,351,178,173,351,178,173,0,0,0,240,123,117,349,177,172,331,164,167,0,0,0,20,14,6
50129809,441,208,233,412,199,213,12,3,9,263,130,133,430,200,230,441,208,233,0,0,0,0,0,0
50129810,32,15,17,32,15,17,0,0,0,23,11,12,31,15,16,32,15,17,0,0,0,0,0,0
50129811,137,69,68,137,69,68,0,0,0,89,48,41,135,68,67,133,67,66,0,0,0,4,2,2
1752420,0,0,0,0,0,0,0,0,0,0,0,0,0,0,0,0,0,0,0,0,0,0,0,0
3119360,0,0,0,0,0,0,0,0,0,0,0,0,0,0,0,0,0,0,0,0,0,0,0,0
3294950,0,0,0,0,0,0,0,0,0,0,0,0,0,0,0,0,0,0,0,0,0,0,0,0
50231601,1308,652,656,1308,652,656,0,0,0,863,454,409,1273,631,642,1205,593,612,0,0,0,103,59,44
50231602,129,66,63,129,66,63,0,0,0,91,46,45,122,61,61,123,62,61,0,0,0,6,4,2
50231603,179,87,92,179,87,92,0,0,0,121,61,60,175,85,90,68,35,33,5,2,3,106,50,56
50231604,503,256,247,502,255,247,1,1,0,339,173,166,485,246,239,436,217,219,0,0,0,67,39,28
50231605,89,46,43,89,46,43,0,0,0,62,35,27,81,43,38,87,45,42,0,0,0,2,1,1
50231606,833,406,427,831,405,426,1,1,0,579,296,283,812,395,417,815,398,417,0,0,0,18,8,10
50231607,20,9,11,20,9,11,0,0,0,12,5,7,20,9,11,16,7,9,0,0,0,4,2,2
50231608,275,139,136,275,139,136,0,0,0,186,95,91,263,131,132,275,139,136,0,0,0,0,0,0
50231609,2277,1100,1177,2265,1093,1172,11,6,5,1438,716,722,2190,1061,1129,2194,1050,1144,81,48,33,2,2,0
50231610,139,68,71,137,67,70,2,1,1,102,51,51,137,67,70,132,64,68,0,0,0,7,4,3
50231611,1371,634,737,1355,624,731,13,9,4,845,404,441,1306,603,703,1367,631,736,0,0,0,4,3,1
50231612,635,320,315,634,319,315,1,1,0,417,221,196,618,309,309,611,301,310,0,0,0,24,19,5
50231613,2461,1187,1274,2423,1162,1261,37,24,13,1423,705,718,2340,1126,1214,2382,1141,1241,74,43,31,5,3,2
50231614,174,96,78,172,94,78,2,2,0,106,56,50,166,91,75,158,86,72,16,10,6,0,0,0
50231615,1907,897,1010,1894,890,1004,12,7,5,1205,588,617,1837,859,978,1902,895,1007,0,0,0,5,2,3
50231616,25,16,9,25,16,9,0,0,0,14,9,5,24,16,8,15,8,7,3,3,0,7,5,2
50231617,1260,686,574,1238,676,562,20,8,12,710,399,311,1203,655,548,1065,529,536,0,0,0,195,157,38
56835001,408,204,204,405,204,201,3,0,3,134,67,67,390,196,194,406,203,203,0,0,0,2,1,1
56835002,250,126,124,249,125,124,0,0,0,97,47,50,229,116,113,245,125,120,0,0,0,5,1,4
56835003,234,118,116,233,117,116,1,1,0,76,42,34,206,107,99,204,103,101,0,0,0,30,15,15
56835004,1424,668,756,1416,666,750,8,2,6,559,286,273,1367,644,723,1310,635,675,81,11,70,33,22,11
55522301,69,37,32,69,37,32,0,0,0,30,18,12,65,35,30,64,34,30,0,0,0,5,3,2
55522302,144,72,72,144,72,72,0,0,0,70,33,37,137,68,69,143,71,72,0,0,0,1,1,0
55522303,51,26,25,51,26,25,0,0,0,18,11,7,46,23,23,48,24,24,0,0,0,3,2,1
55522304,110,59,51,110,59,51,0,0,0,40,21,19,102,54,48,107,58,49,0,0,0,3,1,2
55522305,341,164,177,341,164,177,0,0,0,154,76,78,329,159,170,317,146,171,3,1,2,21,17,4
55522306,86,41,45,86,41,45,0,0,0,32,17,15,77,36,41,80,38,42,0,0,0,6,3,3
56838401,63,32,31,63,32,31,0,0,0,19,7,12,60,30,30,63,32,31,0,0,0,0,0,0
56838402,167,81,86,167,81,86,0,0,0,61,33,28,157,76,81,160,76,84,0,0,0,7,5,2
56139801,358,178,180,355,176,179,2,1,1,119,62,57,342,170,172,342,169,173,0,0,0,16,9,7
56140102,66,32,34,66,32,34,0,0,0,8,3,5,58,28,30,60,29,31,0,0,0,6,3,3
56140105,22,11,11,22,11,11,0,0,0,7,4,3,16,7,9,22,11,11,0,0,0,0,0,0
56140106,50,30,20,50,30,20,0,0,0,6,4,2,42,26,16,32,19,13,0,0,0,18,11,7
56141001,415,211,204,411,208,203,2,2,0,197,103,94,392,199,193,387,194,193,0,0,0,28,17,11
56141003,56,33,23,56,33,23,0,0,0,20,12,8,55,32,23,51,30,21,0,0,0,5,3,2
56141004,118,57,61,118,57,61,0,0,0,44,23,21,111,56,55,111,53,58,0,0,0,7,4,3
56142801,234,118,116,233,117,116,0,0,0,76,42,34,215,109,106,224,113,111,0,0,0,10,5,5
56144401,471,250,221,471,250,221,0,0,0,224,121,103,456,242,214,449,229,220,0,0,0,22,21,1
56144402,207,98,109,205,96,109,2,2,0,104,55,49,186,88,98,207,98,109,0,0,0,0,0,0
56144403,108,56,52,106,55,51,2,1,1,54,34,20,100,53,47,108,56,52,0,0,0,0,0,0
56144404,111,56,55,111,56,55,0,0,0,39,13,26,94,49,45,109,54,55,0,0,0,2,2,0
56144405,58,34,24,58,34,24,0,0,0,28,19,9,55,32,23,58,34,24,0,0,0,0,0,0
56144406,370,187,183,370,187,183,0,0,0,185,106,79,358,182,176,369,186,183,0,0,0,1,1,0
0838442,0,0,0,0,0,0,0,0,0,0,0,0,0,0,0,0,0,0,0,0,0,0,0,0
56147901,185,87,98,184,86,98,1,1,0,96,47,49,181,86,95,185,87,98,0,0,0,0,0,0
56147902,37,23,14,37,23,14,0,0,0,10,6,4,37,23,14,37,23,14,0,0,0,0,0,0
56147903,37,20,17,37,20,17,0,0,0,8,5,3,36,19,17,37,20,17,0,0,0,0,0,0
56147904,386,201,185,386,201,185,0,0,0,179,103,76,369,194,175,384,200,184,0,0,0,2,1,1
56147905,21,10,11,21,10,11,0,0,0,8,4,4,20,9,11,21,10,11,0,0,0,0,0,0
56147906,992,496,496,988,493,495,3,3,0,473,258,215,943,473,470,905,438,467,10,1,9,77,57,20
56147907,2676,1314,1362,2662,1303,1359,12,9,3,1275,676,599,2556,1258,1298,2655,1304,1351,13,6,7,8,4,4
0214660,0,0,0,0,0,0,0,0,0,0,0,0,0,0,0,0,0,0,0,0,0,0,0,0
0214820,0,0,0,0,0,0,0,0,0,0,0,0,0,0,0,0,0,0,0,0,0,0,0,0
0215120,0,0,0,0,0,0,0,0,0,0,0,0,0,0,0,0,0,0,0,0,0,0,0,0
3025890,0,0,0,0,0,0,0,0,0,0,0,0,0,0,0,0,0,0,0,0,0,0,0,0
3025970,0,0,0,0,0,0,0,0,0,0,0,0,0,0,0,0,0,0,0,0,0,0,0,0
3026010,0,0,0,0,0,0,0,0,0,0,0,0,0,0,0,0,0,0,0,0,0,0,0,0
3026190,0,0,0,0,0,0,0,0,0,0,0,0,0,0,0,0,0,0,0,0,0,0,0,0
3026270,0,0,0,0,0,0,0,0,0,0,0,0,0,0,0,0,0,0,0,0,0,0,0,0
56138002,331,169,162,329,168,161,1,1,0,197,104,93,319,166,153,331,169,162,0,0,0,0,0,0
56138004,354,192,162,335,176,159,15,12,3,188,106,82,344,186,158,221,113,108,131,77,54,2,2,0
56138005,53,30,23,53,30,23,0,0,0,37,23,14,52,30,22,46,25,21,0,0,0,7,5,2
56138006,551,275,276,551,275,276,0,0,0,336,183,153,539,268,271,549,274,275,0,0,0,2,1,1
56138007,258,114,144,257,114,143,0,0,0,141,64,77,249,114,135,254,112,142,0,0,0,4,2,2
56138008,109,49,60,108,49,59,1,0,1,50,26,24,108,49,59,104,47,57,0,0,0,5,2,3
56138009,383,190,193,382,190,192,1,0,1,232,122,110,352,178,174,360,181,179,20,8,12,3,1,2
56138010,90,43,47,90,43,47,0,0,0,47,25,22,89,42,47,90,43,47,0,0,0,0,0,0
56138011,68,34,34,68,34,34,0,0,0,30,18,12,66,33,33,61,30,31,0,0,0,7,4,3
56138012,83,41,42,83,41,42,0,0,0,44,24,20,77,37,40,74,37,37,0,0,0,9,4,5
56138013,40,18,22,39,18,21,0,0,0,19,6,13,36,17,19,37,16,21,0,0,0,3,2,1
56138014,95,49,46,95,49,46,0,0,0,62,31,31,93,48,45,91,49,42,0,0,0,4,0,4
56138015,28,12,16,28,12,16,0,0,0,12,3,9,26,11,15,27,11,16,0,0,0,1,1,0
56138016,129,62,67,129,62,67,0,0,0,70,33,37,129,62,67,128,62,66,0,0,0,1,0,1
56138017,290,153,137,290,153,137,0,0,0,168,93,75,276,145,131,282,148,134,0,0,0,8,5,3
56138019,3163,1519,1644,3023,1440,1583,134,76,58,1411,679,732,3011,1435,1576,3160,1517,1643,0,0,0,3,2,1
56138021,73,51,22,23,16,7,45,33,12,13,13,0,59,41,18,8,4,4,65,47,18,0,0,0
56138022,112,62,50,111,61,50,1,1,0,53,32,21,101,55,46,103,58,45,9,4,5,0,0,0
56138023,1674,793,881,1653,784,869,20,8,12,906,455,451,1624,770,854,1663,789,874,8,1,7,3,3,0
56138024,2495,1157,1338,2421,1118,1303,72,38,34,1305,636,669,2390,1099,1291,2491,1153,1338,2,2,0,2,2,0
56138025,367,187,180,366,186,180,1,1,0,185,102,83,353,181,172,367,187,180,0,0,0,0,0,0
56138026,1597,789,808,1487,712,775,106,73,33,698,358,340,1481,726,755,1495,728,767,100,61,39,2,0,2
56138027,200,119,81,157,77,80,42,41,1,92,50,42,188,109,79,200,119,81,0,0,0,0,0,0
56138028,456,230,226,450,227,223,6,3,3,215,109,106,445,225,220,395,195,200,61,35,26,0,0,0
56138029,401,203,198,386,196,190,13,6,7,209,119,90,390,197,193,379,188,191,22,15,7,0,0,0
56138030,1325,649,676,1261,615,646,57,30,27,572,303,269,1266,619,647,1320,645,675,0,0,0,5,4,1
56138031,98,39,59,87,33,54,11,6,5,33,17,16,67,28,39,38,20,18,59,18,41,1,1,0
56138032,3586,1730,1856,3390,1627,1763,190,99,91,1685,848,837,3457,1663,1794,3584,1728,1856,1,1,0,1,1,0
56138033,818,383,435,788,368,420,28,14,14,411,199,212,778,358,420,818,383,435,0,0,0,0,0,0
56138034,1853,1068,785,1791,1036,755,54,29,25,841,458,383,1739,1007,732,1175,557,618,2,2,0,676,509,167
56138035,720,350,370,659,313,346,61,37,24,393,187,206,674,325,349,653,312,341,65,36,29,2,2,0
56138036,1318,626,692,1250,579,671,64,45,19,586,285,301,1223,572,651,1291,609,682,3,3,0,24,14,10
56138037,1801,889,912,1770,869,901,27,17,10,932,472,460,1734,842,892,1790,883,907,2,2,0,9,4,5
56138038,4686,2262,2424,4435,2140,2295,231,110,121,2196,1119,1077,4489,2160,2329,4680,2259,2421,0,0,0,6,3,3
56138039,2317,1068,1249,2261,1039,1222,52,26,26,1126,549,577,2224,1020,1204,2239,1042,1197,78,26,52,0,0,0
56138040,3968,1891,2077,3662,1720,1942,286,157,129,1802,900,902,3747,1801,1946,3813,1825,1988,154,65,89,1,1,0
3093540,0,0,0,0,0,0,0,0,0,0,0,0,0,0,0,0,0,0,0,0,0,0,0,0
3094010,0,0,0,0,0,0,0,0,0,0,0,0,0,0,0,0,0,0,0,0,0,0,0,0
3094190,0,0,0,0,0,0,0,0,0,0,0,0,0,0,0,0,0,0,0,0,0,0,0,0
3094270,0,0,0,0,0,0,0,0,0,0,0,0,0,0,0,0,0,0,0,0,0,0,0,0
3094430,0,0,0,0,0,0,0,0,0,0,0,0,0,0,0,0,0,0,0,0,0,0,0,0
56149502,65,29,36,64,28,36,0,0,0,26,11,15,63,29,34,15,7,8,8,5,3,42,17,25
56149503,496,267,229,494,265,229,1,1,0,234,147,87,477,257,220,479,257,222,13,7,6,4,3,1
56149504,30,15,15,30,15,15,0,0,0,8,4,4,27,15,12,13,7,6,0,0,0,17,8,9
56149505,219,111,108,217,111,106,2,0,2,89,46,43,209,104,105,209,106,103,0,0,0,10,5,5
56149506,145,72,73,145,72,73,0,0,0,85,39,46,140,68,72,144,72,72,0,0,0,1,0,1
56149507,56,29,27,56,29,27,0,0,0,24,13,11,44,23,21,50,26,24,0,0,0,6,3,3
56149509,99,47,52,99,47,52,0,0,0,40,20,20,99,47,52,99,47,52,0,0,0,0,0,0
56149510,593,293,300,592,292,300,1,1,0,264,141,123,560,276,284,588,291,297,5,2,3,0,0,0
56149511,484,233,251,482,233,249,1,0,1,247,124,123,458,223,235,467,226,241,17,7,10,0,0,0
56149512,466,230,236,462,228,234,2,1,1,250,125,125,440,214,226,456,224,232,3,3,0,7,3,4
56149514,849,395,454,847,394,453,2,1,1,384,201,183,793,367,426,844,392,452,1,1,0,4,2,2
56149515,42,19,23,42,19,23,0,0,0,11,6,5,39,18,21,36,15,21,5,3,2,1,1,0
56149516,561,307,254,545,297,248,11,6,5,249,148,101,525,289,236,466,242,224,0,0,0,95,65,30
56149518,63,35,28,61,33,28,2,2,0,30,19,11,62,35,27,52,26,26,10,8,2,1,1,0
56149519,1009,458,551,1004,454,550,5,4,1,467,233,234,959,436,523,965,450,515,44,8,36,0,0,0
56153301,108,57,51,108,57,51,0,0,0,47,28,19,106,56,50,107,57,50,0,0,0,1,0,1
56153302,21,11,10,21,11,10,0,0,0,8,5,3,20,10,10,19,10,9,0,0,0,2,1,1
56153304,1137,553,584,1128,547,581,6,5,1,511,264,247,1089,524,565,1098,525,573,6,6,0,33,22,11
56153305,28,14,14,27,14,13,1,0,1,5,3,2,25,13,12,25,12,13,0,0,0,3,2,1
56153306,35,19,16,35,19,16,0,0,0,15,10,5,33,19,14,35,19,16,0,0,0,0,0,0
56153307,30,17,13,30,17,13,0,0,0,8,6,2,30,17,13,30,17,13,0,0,0,0,0,0
56153308,37,21,16,36,20,16,1,1,0,15,9,6,33,19,14,37,21,16,0,0,0,0,0,0
56153311,26,15,11,25,14,11,1,1,0,5,2,3,25,14,11,19,11,8,0,0,0,7,4,3
56153312,31,16,15,30,16,14,0,0,0,15,8,7,31,16,15,30,15,15,0,0,0,1,1,0
56153315,102,51,51,100,50,50,0,0,0,33,20,13,100,50,50,67,34,33,31,16,15,4,1,3
56153316,85,45,40,85,45,40,0,0,0,38,21,17,74,38,36,85,45,40,0,0,0,0,0,0
56153318,41,22,19,40,21,19,0,0,0,7,3,4,35,17,18,39,21,18,0,0,0,2,1,1
56154101,627,333,294,627,333,294,0,0,0,250,140,110,592,313,279,601,317,284,0,0,0,26,16,10
54433701,220,122,98,220,122,98,0,0,0,89,54,35,206,115,91,210,117,93,0,0,0,10,5,5
54433702,139,75,64,139,75,64,0,0,0,39,21,18,129,72,57,109,54,55,28,21,7,2,0,2
54433703,30,13,17,30,13,17,0,0,0,10,3,7,24,10,14,23,9,14,0,0,0,7,4,3
54433704,41,20,21,41,20,21,0,0,0,11,7,4,38,19,19,40,19,21,0,0,0,1,1,0
56158401,450,235,215,448,234,214,2,1,1,153,82,71,413,217,196,430,220,210,0,0,0,20,15,5
56158403,51,22,29,51,22,29,0,0,0,17,9,8,44,19,25,44,17,27,0,0,0,7,5,2
56158405,31,15,16,31,15,16,0,0,0,9,7,2,28,14,14,31,15,16,0,0,0,0,0,0
56158407,26,13,13,26,13,13,0,0,0,6,3,3,25,13,12,26,13,13,0,0,0,0,0,0
56159201,808,417,391,804,417,387,3,0,3,208,111,97,763,397,366,786,404,382,0,0,0,22,13,9
0438263,0,0,0,0,0,0,0,0,0,0,0,0,0,0,0,0,0,0,0,0,0,0,0,0
56160601,649,333,316,649,333,316,0,0,0,255,135,120,594,306,288,620,313,307,6,4,2,23,16,7
56160602,63,33,30,63,33,30,0,0,0,25,14,11,55,28,27,58,30,28,0,0,0,5,3,2
56161401,46,24,22,46,24,22,0,0,0,12,8,4,41,20,21,41,21,20,0,0,0,5,3,2
56161402,221,119,102,219,118,101,1,0,1,94,50,44,202,110,92,211,113,98,0,0,0,10,6,4
56162201,175,80,95,174,79,95,1,1,0,59,25,34,170,78,92,145,64,81,0,0,0,30,16,14
56166501,641,326,315,637,324,313,4,2,2,281,147,134,614,311,303,608,314,294,18,0,18,15,12,3
56166502,46,25,21,46,25,21,0,0,0,13,8,5,44,25,19,45,24,21,0,0,0,1,1,0
56166503,80,37,43,80,37,43,0,0,0,20,7,13,71,34,37,69,31,38,0,0,0,11,6,5
56168101,3389,1697,1692,3379,1693,1686,10,4,6,1607,840,767,3212,1614,1598,3283,1629,1654,48,23,25,58,45,13
56168102,407,212,195,404,210,194,1,1,0,204,107,97,375,195,180,400,209,191,0,0,0,7,3,4
54623201,146,75,71,146,75,71,0,0,0,50,25,25,142,72,70,146,75,71,0,0,0,0,0,0
56172001,110,54,56,110,54,56,0,0,0,31,11,20,100,49,51,107,52,55,0,0,0,3,2,1
56172002,522,272,250,521,272,249,1,0,1,207,107,100,508,265,243,512,263,249,0,0,0,10,9,1
56172003,39,20,19,39,20,19,0,0,0,19,11,8,38,20,18,38,19,19,0,0,0,1,1,0
56172004,28,12,16,28,12,16,0,0,0,4,2,2,24,12,12,28,12,16,0,0,0,0,0,0
56172005,32,16,16,32,16,16,0,0,0,9,4,5,27,13,14,32,16,16,0,0,0,0,0,0
56172006,36,18,18,36,18,18,0,0,0,21,12,9,33,16,17,36,18,18,0,0,0,0,0,0
56173801,163,80,83,160,79,81,2,0,2,23,13,10,139,68,71,124,59,65,37,20,17,2,1,1
56173803,39,20,19,39,20,19,0,0,0,10,3,7,38,20,18,39,20,19,0,0,0,0,0,0
56174601,598,299,299,597,299,298,1,0,1,248,141,107,560,279,281,591,294,297,0,0,0,7,5,2
54625901,40,20,20,40,20,20,0,0,0,10,6,4,38,19,19,23,13,10,0,0,0,17,7,10
54625902,188,97,91,188,97,91,0,0,0,71,39,32,173,90,83,181,94,87,0,0,0,7,3,4
51416101,95,46,49,95,46,49,0,0,0,31,18,13,81,41,40,93,44,49,0,0,0,2,2,0
56182701,65,33,32,64,33,31,1,0,1,22,11,11,56,29,27,65,33,32,0,0,0,0,0,0
56182702,34,20,14,34,20,14,0,0,0,4,2,2,32,19,13,34,20,14,0,0,0,0,0,0
56182704,187,83,104,187,83,104,0,0,0,65,24,41,181,80,101,178,78,100,0,0,0,9,5,4
56182705,36,22,14,35,21,14,1,1,0,8,6,2,29,18,11,36,22,14,0,0,0,0,0,0
3095670,0,0,0,0,0,0,0,0,0,0,0,0,0,0,0,0,0,0,0,0,0,0,0,0
56183502,116,54,62,116,54,62,0,0,0,57,26,31,113,52,61,115,53,62,0,0,0,1,1,0
56183503,364,175,189,364,175,189,0,0,0,211,106,105,350,166,184,363,174,189,0,0,0,1,1,0
56183505,607,292,315,602,290,312,3,1,2,313,164,149,578,275,303,554,278,276,53,14,39,0,0,0
56183507,1684,799,885,1676,795,881,7,3,4,828,417,411,1600,761,839,1677,796,881,7,3,4,0,0,0
56183508,696,354,342,684,350,334,8,2,6,356,191,165,656,334,322,686,346,340,9,7,2,1,1,0
56183509,237,116,121,235,115,120,2,1,1,111,57,54,219,105,114,235,114,121,0,0,0,2,2,0
56183511,91,49,42,90,48,42,1,1,0,40,26,14,77,40,37,91,49,42,0,0,0,0,0,0
56183512,469,268,201,458,261,197,11,7,4,201,104,97,444,254,190,359,183,176,1,1,0,109,84,25
56183515,1081,537,544,1064,528,536,15,9,6,502,256,246,1032,515,517,1081,537,544,0,0,0,0,0,0
56183516,151,71,80,151,71,80,0,0,0,81,38,43,139,63,76,151,71,80,0,0,0,0,0,0
56183517,69,38,31,69,38,31,0,0,0,40,23,17,68,38,30,69,38,31,0,0,0,0,0,0
56183518,511,265,246,509,264,245,2,1,1,247,131,116,497,255,242,510,264,246,0,0,0,1,1,0
56183519,25,13,12,25,13,12,0,0,0,16,8,8,25,13,12,25,13,12,0,0,0,0,0,0
3316940,0,0,0,0,0,0,0,0,0,0,0,0,0,0,0,0,0,0,0,0,0,0,0,0
56185101,297,148,149,296,147,149,1,1,0,116,57,59,285,141,144,284,142,142,0,0,0,13,6,7
3027160,0,0,0,0,0,0,0,0,0,0,0,0,0,0,0,0,0,0,0,0,0,0,0,0
3027590,0,0,0,0,0,0,0,0,0,0,0,0,0,0,0,0,0,0,0,0,0,0,0,0
3370640,0,0,0,0,0,0,0,0,0,0,0,0,0,0,0,0,0,0,0,0,0,0,0,0
56186001,65,30,35,65,30,35,0,0,0,18,9,9,63,29,34,50,23,27,0,0,0,15,7,8
56186002,117,53,64,117,53,64,0,0,0,56,28,28,111,52,59,115,52,63,0,0,0,2,1,1
56186003,375,185,190,373,184,189,1,0,1,141,72,69,338,171,167,349,170,179,0,0,0,26,15,11
56186004,492,247,245,483,242,241,6,3,3,181,96,85,454,221,233,383,185,198,109,62,47,0,0,0
56186005,222,103,119,221,103,118,1,0,1,118,59,59,216,101,115,217,100,117,0,0,0,5,3,2
56186007,23,14,9,23,14,9,0,0,0,7,6,1,23,14,9,22,13,9,0,0,0,1,1,0
56186008,983,481,502,980,480,500,2,0,2,470,235,235,934,458,476,983,481,502,0,0,0,0,0,0
56186009,504,224,280,494,219,275,9,5,4,240,124,116,491,218,273,462,214,248,41,10,31,1,0,1
56186010,626,311,315,620,309,311,4,2,2,319,170,149,590,293,297,625,310,315,0,0,0,1,1,0
56186011,548,264,284,547,263,284,0,0,0,296,158,138,506,247,259,547,263,284,0,0,0,1,1,0
56186012,462,212,250,448,209,239,14,3,11,185,85,100,421,189,232,447,207,240,13,3,10,2,2,0
56186015,133,58,75,131,56,75,1,1,0,57,29,28,99,49,50,100,50,50,33,8,25,0,0,0
56186016,746,370,376,742,369,373,4,1,3,342,183,159,731,364,367,746,370,376,0,0,0,0,0,0
56186017,331,150,181,330,149,181,1,1,0,136,69,67,318,142,176,331,150,181,0,0,0,0,0,0
56186018,1949,972,977,1935,964,971,10,4,6,925,473,452,1851,917,934,1731,838,893,58,11,47,160,123,37
56186019,405,187,218,405,187,218,0,0,0,202,99,103,396,182,214,398,185,213,0,0,0,7,2,5
56186020,372,176,196,371,175,196,1,1,0,181,90,91,359,169,190,359,172,187,11,3,8,2,1,1
56186021,168,86,82,168,86,82,0,0,0,88,47,41,164,83,81,167,85,82,0,0,0,1,1,0
56186022,1015,480,535,1008,475,533,6,5,1,421,215,206,955,448,507,1015,480,535,0,0,0,0,0,0
56186023,1370,651,719,1359,643,716,7,5,2,680,347,333,1308,624,684,1370,651,719,0,0,0,0,0,0
56186024,316,161,155,316,161,155,0,0,0,134,72,62,295,150,145,298,152,146,4,1,3,14,8,6
56186025,211,107,104,209,106,103,1,1,0,105,59,46,202,101,101,201,101,100,0,0,0,10,6,4
56187801,370,186,184,367,184,183,1,1,0,159,84,75,357,179,178,348,175,173,0,0,0,22,11,11
56187802,397,194,203,397,194,203,0,0,0,159,81,78,373,183,190,392,190,202,0,0,0,5,4,1
56188601,300,159,141,300,159,141,0,0,0,100,55,45,287,150,137,264,138,126,1,1,0,35,20,15
56189401,537,283,254,537,283,254,0,0,0,187,103,84,509,270,239,520,273,247,0,0,0,17,10,7
51427601,417,217,200,413,213,200,2,2,0,153,82,71,387,202,185,407,207,200,0,0,0,10,10,0
56195901,445,216,229,441,214,227,4,2,2,161,89,72,426,209,217,435,211,224,0,0,0,10,5,5
56198301,660,335,325,655,334,321,3,1,2,271,149,122,627,318,309,634,319,315,0,0,0,26,16,10
56198302,62,34,28,62,34,28,0,0,0,24,15,9,57,32,25,62,34,28,0,0,0,0,0,0
56199101,177,90,87,177,90,87,0,0,0,72,36,36,163,83,80,167,85,82,1,1,0,9,4,5
56199102,177,87,90,177,87,90,0,0,0,63,28,35,175,86,89,160,79,81,0,0,0,17,8,9
56199103,105,51,54,105,51,54,0,0,0,39,23,16,99,49,50,105,51,54,0,0,0,0,0,0
53038701,90,44,46,89,44,45,1,0,1,20,8,12,76,36,40,78,37,41,0,0,0,12,7,5
53038702,167,78,89,164,78,86,3,0,3,47,24,23,144,71,73,149,69,80,0,0,0,18,9,9
1991090,0,0,0,0,0,0,0,0,0,0,0,0,0,0,0,0,0,0,0,0,0,0,0,0
56201701,606,331,275,585,317,268,18,12,6,94,48,46,567,311,256,579,311,268,2,0,2,25,20,5
56201703,65,39,26,64,38,26,1,1,0,25,17,8,65,39,26,65,39,26,0,0,0,0,0,0
56201704,41,20,21,41,20,21,0,0,0,10,4,6,34,18,16,41,20,21,0,0,0,0,0,0
56201705,156,84,72,156,84,72,0,0,0,48,25,23,145,78,67,154,83,71,0,0,0,2,1,1
56201706,124,68,56,122,68,54,2,0,2,45,27,18,113,65,48,122,66,56,2,2,0,0,0,0
56201707,830,413,417,784,390,394,44,21,23,221,109,112,751,375,376,830,413,417,0,0,0,0,0,0
56201708,125,69,56,124,69,55,1,0,1,42,24,18,118,66,52,124,69,55,0,0,0,1,0,1
56201709,140,75,65,139,74,65,1,1,0,32,17,15,124,67,57,138,73,65,1,1,0,1,1,0
56202501,70,37,33,69,36,33,0,0,0,21,13,8,68,37,31,67,35,32,0,0,0,3,2,1
56202502,1454,761,693,1448,759,689,5,1,4,566,311,255,1359,707,652,1409,726,683,0,0,0,45,35,10
51389001,168,84,84,167,83,84,1,1,0,46,28,18,158,78,80,149,74,75,0,0,0,19,10,9
56205001,724,362,362,723,361,362,0,0,0,229,116,113,689,342,347,612,307,305,81,36,45,31,19,12
54627501,144,76,68,144,76,68,0,0,0,36,19,17,132,71,61,131,69,62,0,0,0,13,7,6
56207601,677,338,339,676,338,338,0,0,0,248,134,114,639,325,314,654,326,328,1,1,0,22,11,11
3316860,0,0,0,0,0,0,0,0,0,0,0,0,0,0,0,0,0,0,0,0,0,0,0,0
56209201,4377,2463,1914,4193,2362,1831,140,65,75,1300,671,629,3926,2129,1797,3486,1681,1805,837,750,87,54,32,22
56210601,56,33,23,56,33,23,0,0,0,12,9,3,53,30,23,52,30,22,0,0,0,4,3,1
56210602,295,152,143,294,152,142,0,0,0,123,68,55,287,149,138,294,151,143,0,0,0,1,1,0
56210604,614,307,307,613,307,306,1,0,1,262,147,115,588,292,296,570,276,294,0,0,0,44,31,13
1586402,0,0,0,0,0,0,0,0,0,0,0,0,0,0,0,0,0,0,0,0,0,0,0,0
56211403,253,131,122,249,127,122,3,3,0,114,65,49,243,127,116,240,121,119,0,0,0,13,10,3
56211405,30,14,16,28,14,14,2,0,2,2,0,2,27,11,16,21,9,12,0,0,0,9,5,4
56211406,28,17,11,28,17,11,0,0,0,7,5,2,27,16,11,25,15,10,0,0,0,3,2,1
54628301,238,123,115,236,123,113,1,0,1,54,30,24,226,115,111,225,115,110,2,1,1,11,7,4
54628302,21,10,11,21,10,11,0,0,0,1,0,1,20,10,10,17,8,9,0,0,0,4,2,2
56213101,54,30,24,54,30,24,0,0,0,14,7,7,52,29,23,53,29,24,0,0,0,1,1,0
56213102,577,292,285,577,292,285,0,0,0,269,135,134,538,270,268,555,277,278,8,5,3,14,10,4
55363801,198,107,91,198,107,91,0,0,0,66,40,26,183,99,84,188,101,87,0,0,0,10,6,4
54626701,28,14,14,28,14,14,0,0,0,11,7,4,28,14,14,27,13,14,0,0,0,1,1,0
54626702,22,13,9,21,12,9,0,0,0,5,3,2,19,11,8,22,13,9,0,0,0,0,0,0
54626703,48,23,25,47,22,25,1,1,0,20,10,10,43,20,23,45,22,23,0,0,0,3,1,2
54626704,189,107,82,186,105,81,3,2,1,84,47,37,174,98,76,185,104,81,0,0,0,4,3,1
56217301,170,92,78,165,88,77,4,3,1,72,30,42,165,88,77,156,84,72,0,0,0,14,8,6
56220301,23,13,10,23,13,10,0,0,0,11,7,4,23,13,10,21,12,9,0,0,0,2,1,1
56220302,115,55,60,114,55,59,1,0,1,47,23,24,108,55,53,112,52,60,0,0,0,3,3,0
56220303,47,22,25,47,22,25,0,0,0,20,10,10,47,22,25,47,22,25,0,0,0,0,0,0
56222001,54,30,24,54,30,24,0,0,0,22,13,9,51,28,23,48,27,21,0,0,0,6,3,3
56222002,652,328,324,648,328,320,4,0,4,257,135,122,607,304,303,631,314,317,2,1,1,19,13,6
56223801,107,55,52,106,55,51,1,0,1,38,22,16,102,53,49,95,49,46,0,0,0,12,6,6
56224601,52,27,25,52,27,25,0,0,0,17,8,9,49,26,23,51,26,25,0,0,0,1,1,0
56224603,567,297,270,565,296,269,2,1,1,186,116,70,532,280,252,534,277,257,0,0,0,33,20,13
56224604,62,34,28,36,16,20,24,18,6,16,5,11,36,15,21,62,34,28,0,0,0,0,0,0
56226201,112,58,54,112,58,54,0,0,0,50,26,24,102,52,50,97,50,47,0,0,0,15,8,7
56226202,36,17,19,32,15,17,0,0,0,9,5,4,35,16,19,30,14,16,0,0,0,6,3,3
56226203,159,79,80,158,78,80,1,1,0,78,48,30,159,79,80,159,79,80,0,0,0,0,0,0
56226204,220,117,103,217,116,101,3,1,2,89,53,36,199,107,92,218,115,103,0,0,0,2,2,0
56226205,81,34,47,81,34,47,0,0,0,35,16,19,79,34,45,81,34,47,0,0,0,0,0,0
56226206,1669,834,835,1664,831,833,3,2,1,758,412,346,1576,783,793,1612,793,819,0,0,0,57,41,16
56226207,498,238,260,489,235,254,9,3,6,147,81,66,453,219,234,448,224,224,43,10,33,7,4,3
56226208,34,15,19,34,15,19,0,0,0,8,3,5,32,14,18,20,8,12,0,0,0,14,7,7
56226209,28,13,15,28,13,15,0,0,0,4,1,3,25,11,14,21,9,12,1,1,0,6,3,3
56229701,135,73,62,124,68,56,10,4,6,42,27,15,114,62,52,130,70,60,0,0,0,5,3,2
56229702,97,49,48,97,49,48,0,0,0,25,9,16,90,46,44,48,23,25,0,0,0,49,26,23
56229703,148,74,74,146,73,73,2,1,1,53,32,21,132,68,64,143,72,71,0,0,0,5,2,3
56229704,37,19,18,37,19,18,0,0,0,6,5,1,29,15,14,34,18,16,0,0,0,3,1,2
56229705,54,29,25,54,29,25,0,0,0,17,9,8,49,27,22,54,29,25,0,0,0,0,0,0
56229706,1352,649,703,1333,644,689,10,2,8,620,318,302,1298,625,673,1324,630,694,1,0,1,27,19,8
56229707,21,12,9,21,12,9,0,0,0,6,4,2,21,12,9,18,10,8,2,1,1,1,1,0
51419501,26,13,13,26,13,13,0,0,0,14,7,7,26,13,13,23,11,12,0,0,0,3,2,1
51419502,92,50,42,92,50,42,0,0,0,42,20,22,84,45,39,86,48,38,0,0,0,6,2,4
56352801,295,152,143,294,152,142,1,0,1,114,64,50,280,144,136,270,137,133,6,5,1,19,10,9
56352802,37,19,18,37,19,18,0,0,0,6,4,2,30,17,13,25,13,12,0,0,0,12,6,6
56353601,335,171,164,333,170,163,2,1,1,91,50,41,312,160,152,245,124,121,36,24,12,54,23,31
53042501,208,110,98,208,110,98,0,0,0,77,40,37,189,100,89,207,109,98,0,0,0,1,1,0
56355201,106,52,54,106,52,54,0,0,0,40,18,22,97,46,51,93,47,46,1,1,0,12,4,8
56355202,632,309,323,629,308,321,3,1,2,338,174,164,611,301,310,632,309,323,0,0,0,0,0,0
56355203,174,92,82,170,89,81,4,3,1,75,47,28,164,85,79,174,92,82,0,0,0,0,0,0
56355205,74,37,37,74,37,37,0,0,0,32,18,14,69,34,35,73,37,36,0,0,0,1,0,1
56355206,1151,542,609,1129,531,598,22,11,11,449,231,218,1069,506,563,1100,511,589,14,2,12,37,29,8
56355207,99,53,46,99,53,46,0,0,0,52,27,25,94,52,42,99,53,46,0,0,0,0,0,0
56355208,138,70,68,136,69,67,2,1,1,57,31,26,129,65,64,138,70,68,0,0,0,0,0,0
56355212,380,184,196,379,183,196,1,1,0,202,99,103,367,177,190,380,184,196,0,0,0,0,0,0
56355213,95,51,44,93,50,43,2,1,1,37,21,16,85,46,39,83,45,38,12,6,6,0,0,0
56355214,114,59,55,114,59,55,0,0,0,55,34,21,109,56,53,106,55,51,3,1,2,5,3,2
56356101,569,285,284,564,281,283,3,2,1,240,123,117,538,273,265,551,274,277,7,2,5,11,9,2
0352032,0,0,0,0,0,0,0,0,0,0,0,0,0,0,0,0,0,0,0,0,0,0,0,0
3373400,0,0,0,0,0,0,0,0,0,0,0,0,0,0,0,0,0,0,0,0,0,0,0,0
56357901,125,60,65,124,59,65,1,1,0,58,33,25,115,56,59,121,58,63,0,0,0,4,2,2
56357902,63,33,30,63,33,30,0,0,0,32,19,13,58,30,28,63,33,30,0,0,0,0,0,0
56357903,67,32,35,66,31,35,1,1,0,25,13,12,64,31,33,67,32,35,0,0,0,0,0,0
56357904,259,132,127,259,132,127,0,0,0,131,64,67,248,129,119,249,123,126,0,0,0,10,9,1
56357905,51,28,23,51,28,23,0,0,0,34,21,13,50,27,23,49,27,22,0,0,0,2,1,1
56357906,44,25,19,44,25,19,0,0,0,17,10,7,42,24,18,41,23,18,0,0,0,3,2,1
56357907,95,46,49,95,46,49,0,0,0,45,29,16,91,45,46,87,42,45,3,2,1,5,2,3
56357908,146,68,78,144,66,78,2,2,0,69,35,34,128,61,67,142,66,76,0,0,0,4,2,2
57708101,503,250,253,497,248,249,4,1,3,220,116,104,476,239,237,466,230,236,25,13,12,12,7,5
57708102,39,20,19,38,20,18,1,0,1,9,4,5,35,18,17,33,17,16,6,3,3,0,0,0
57708104,804,393,411,796,388,408,7,4,3,336,180,156,776,382,394,776,379,397,27,14,13,1,0,1
3104760,0,0,0,0,0,0,0,0,0,0,0,0,0,0,0,0,0,0,0,0,0,0,0,0
3105570,0,0,0,0,0,0,0,0,0,0,0,0,0,0,0,0,0,0,0,0,0,0,0,0
3105900,0,0,0,0,0,0,0,0,0,0,0,0,0,0,0,0,0,0,0,0,0,0,0,0
56351001,1110,512,598,1097,504,593,11,7,4,612,297,315,1055,481,574,994,482,512,111,27,84,5,3,2
56351002,1179,545,634,1143,521,622,22,16,6,590,290,300,1109,505,604,1169,540,629,9,5,4,1,0,1
56351003,261,122,139,261,122,139,0,0,0,164,80,84,253,118,135,261,122,139,0,0,0,0,0,0
56351004,49,26,23,49,26,23,0,0,0,28,13,15,49,26,23,49,26,23,0,0,0,0,0,0
56351005,720,362,358,715,358,357,5,4,1,455,235,220,690,347,343,720,362,358,0,0,0,0,0,0
56351007,612,309,303,609,308,301,1,0,1,369,191,178,589,294,295,612,309,303,0,0,0,0,0,0
56351008,272,140,132,271,140,131,1,0,1,140,78,62,261,133,128,267,136,131,0,0,0,5,4,1
56351009,928,460,468,918,454,464,8,4,4,487,241,246,877,438,439,928,460,468,0,0,0,0,0,0
56351010,778,384,394,769,379,390,7,5,2,354,171,183,749,370,379,747,374,373,1,0,1,30,10,20
56351011,350,176,174,350,176,174,0,0,0,183,90,93,341,174,167,350,176,174,0,0,0,0,0,0
56351012,792,404,388,778,398,380,13,5,8,478,257,221,753,381,372,791,404,387,1,0,1,0,0,0
56351013,1340,628,712,1310,609,701,25,17,8,783,369,414,1278,593,685,1303,611,692,36,17,19,1,0,1
56351014,83,51,32,83,51,32,0,0,0,44,23,21,78,47,31,33,17,16,31,20,11,19,14,5
56351015,100,44,56,96,42,54,4,2,2,58,25,33,98,43,55,100,44,56,0,0,0,0,0,0
56351016,1408,649,759,1388,641,747,18,7,11,797,389,408,1347,623,724,1394,639,755,9,8,1,5,2,3
56351017,2939,1659,1280,2776,1562,1214,147,87,60,1401,762,639,2751,1568,1183,2269,1159,1110,14,9,5,656,491,165
56351018,322,165,157,318,161,157,4,4,0,191,106,85,307,160,147,321,164,157,1,1,0,0,0,0
56351019,2308,1066,1242,2221,1015,1206,77,46,31,1097,533,564,2199,1015,1184,2280,1052,1228,25,12,13,3,2,1
56351020,739,339,400,723,328,395,15,10,5,406,201,205,712,324,388,702,327,375,35,10,25,2,2,0
56351021,1160,566,594,1148,563,585,10,3,7,735,393,342,1120,546,574,1160,566,594,0,0,0,0,0,0
56351022,1914,877,1037,1893,865,1028,21,12,9,1053,495,558,1853,847,1006,1909,874,1035,1,0,1,4,3,1
56351023,1974,909,1065,1951,896,1055,22,12,10,1074,527,547,1899,868,1031,1971,908,1063,0,0,0,3,1,2
56351024,1563,719,844,1502,684,818,58,34,24,804,387,417,1504,695,809,1532,699,833,30,19,11,1,1,0
56351025,130,59,71,128,57,71,2,2,0,86,36,50,121,55,66,129,58,71,1,1,0,0,0,0
56351026,2028,990,1038,1963,962,1001,55,25,30,1140,566,574,1913,934,979,2027,990,1037,0,0,0,1,0,1
56351027,1309,629,680,1270,611,659,33,15,18,662,355,307,1258,608,650,1308,628,680,0,0,0,1,1,0
56351028,1545,746,799,1522,736,786,19,8,11,905,458,447,1470,707,763,1494,721,773,49,23,26,2,2,0
56351029,2713,1306,1407,2647,1265,1382,60,38,22,1544,776,768,2562,1224,1338,2704,1301,1403,9,5,4,0,0,0
56351030,335,181,154,328,178,150,7,3,4,175,104,71,316,169,147,324,176,148,11,5,6,0,0,0
56351031,28,13,15,27,12,15,1,1,0,15,7,8,28,13,15,28,13,15,0,0,0,0,0,0
56351032,544,263,281,536,258,278,8,5,3,302,154,148,483,232,251,544,263,281,0,0,0,0,0,0
56351033,491,247,244,487,246,241,4,1,3,283,144,139,476,239,237,482,241,241,2,2,0,7,4,3
56351034,69,37,32,69,37,32,0,0,0,48,27,21,68,36,32,65,36,29,0,0,0,4,1,3
56351035,1936,897,1039,1916,887,1029,19,10,9,1068,503,565,1846,844,1002,1936,897,1039,0,0,0,0,0,0
56351037,1612,762,850,1581,745,836,27,16,11,839,426,413,1530,724,806,1567,746,821,44,15,29,1,1,0
56351038,2007,941,1066,1985,929,1056,19,11,8,1168,580,588,1946,910,1036,2007,941,1066,0,0,0,0,0,0
56351039,151,76,75,150,75,75,1,1,0,101,54,47,146,75,71,151,76,75,0,0,0,0,0,0
56351040,224,115,109,224,115,109,0,0,0,137,70,67,217,111,106,224,115,109,0,0,0,0,0,0
56351041,1813,810,1003,1789,796,993,20,11,9,993,463,530,1741,770,971,1800,806,994,11,2,9,2,2,0
56351042,125,30,95,124,29,95,1,1,0,34,15,19,107,25,82,36,21,15,89,9,80,0,0,0
56351043,486,471,15,473,458,15,0,0,0,55,46,9,348,338,10,13,7,6,473,464,9,0,0,0
56351044,1457,692,765,1443,686,757,14,6,8,856,419,437,1418,673,745,1457,692,765,0,0,0,0,0,0
56351045,243,118,125,241,117,124,2,1,1,151,74,77,241,116,125,243,118,125,0,0,0,0,0,0
56351046,354,173,181,353,172,181,1,1,0,227,107,120,349,171,178,354,173,181,0,0,0,0,0,0
56351047,298,153,145,297,153,144,1,0,1,202,109,93,287,148,139,293,151,142,0,0,0,5,2,3
56351048,915,460,455,889,447,442,22,11,11,550,293,257,896,453,443,898,449,449,2,1,1,15,10,5
56351049,84,43,41,84,43,41,0,0,0,58,29,29,81,42,39,84,43,41,0,0,0,0,0,0
56351050,688,329,359,680,325,355,7,3,4,426,206,220,670,325,345,677,326,351,8,1,7,3,2,1
56359501,506,261,245,481,247,234,25,14,11,177,99,78,468,242,226,453,231,222,12,7,5,41,23,18
56359502,631,332,299,604,318,286,24,12,12,206,121,85,583,310,273,549,278,271,12,9,3,70,45,25
56359503,255,133,122,249,130,119,5,3,2,92,45,47,236,126,110,246,128,118,3,2,1,6,3,3
56359504,36,16,20,35,15,20,1,1,0,7,4,3,27,15,12,15,6,9,15,7,8,6,3,3
56360901,342,177,165,342,177,165,0,0,0,162,83,79,329,168,161,342,177,165,0,0,0,0,0,0
56360902,639,317,322,634,314,320,4,2,2,262,131,131,594,291,303,629,310,319,1,1,0,9,6,3
56360903,232,121,111,231,120,111,0,0,0,100,57,43,224,118,106,232,121,111,0,0,0,0,0,0
56361701,214,104,110,212,103,109,2,1,1,100,60,40,199,97,102,203,99,104,0,0,0,11,5,6
54658501,427,222,205,426,221,205,1,1,0,129,83,46,409,207,202,365,197,168,54,21,33,8,4,4
56363301,190,100,90,189,99,90,0,0,0,75,46,29,176,93,83,167,88,79,15,8,7,8,4,4
56363302,246,125,121,246,125,121,0,0,0,103,57,46,229,117,112,217,103,114,7,4,3,22,18,4
56363303,419,224,195,397,209,188,20,13,7,181,99,82,405,215,190,389,206,183,20,14,6,10,4,6
56363304,44,27,17,44,27,17,0,0,0,12,8,4,38,21,17,35,20,15,1,1,0,8,6,2
56364101,106,48,58,106,48,58,0,0,0,65,31,34,103,48,55,103,47,56,0,0,0,3,1,2
56364102,37,22,15,37,22,15,0,0,0,20,14,6,37,22,15,37,22,15,0,0,0,0,0,0
56364103,35,18,17,35,18,17,0,0,0,14,7,7,34,17,17,30,14,16,0,0,0,5,4,1
56364104,555,278,277,555,278,277,0,0,0,298,164,134,542,271,271,540,264,276,0,0,0,15,14,1
56364105,98,43,55,98,43,55,0,0,0,49,24,25,92,39,53,98,43,55,0,0,0,0,0,0
56364107,101,45,56,101,45,56,0,0,0,60,23,37,96,44,52,101,45,56,0,0,0,0,0,0
56364108,34,14,20,34,14,20,0,0,0,18,5,13,34,14,20,29,12,17,0,0,0,5,2,3
56366801,184,98,86,184,98,86,0,0,0,70,40,30,173,92,81,170,90,80,10,5,5,4,3,1
56366803,58,29,29,56,27,29,2,2,0,23,13,10,49,22,27,58,29,29,0,0,0,0,0,0
56366805,25,12,13,25,12,13,0,0,0,11,7,4,22,11,11,23,11,12,2,1,1,0,0,0
56366807,170,87,83,169,86,83,1,1,0,74,41,33,158,84,74,154,78,76,16,9,7,0,0,0
56366809,34,14,20,34,14,20,0,0,0,9,4,5,28,13,15,34,14,20,0,0,0,0,0,0
56366810,133,56,77,133,56,77,0,0,0,47,22,25,118,51,67,123,53,70,10,3,7,0,0,0
56366811,24,16,8,24,16,8,0,0,0,6,4,2,24,16,8,11,6,5,0,0,0,13,10,3
56366812,236,127,109,235,126,109,1,1,0,76,52,24,214,116,98,229,123,106,4,2,2,3,2,1
56367601,226,114,112,223,111,112,3,3,0,94,45,49,212,108,104,221,110,111,0,0,0,5,4,1
56367602,36,19,17,36,19,17,0,0,0,12,6,6,34,17,17,36,19,17,0,0,0,0,0,0
56368401,220,116,104,220,116,104,0,0,0,96,54,42,203,108,95,217,114,103,0,0,0,3,2,1
56369201,160,106,54,160,106,54,0,0,0,28,17,11,150,101,49,79,37,42,60,58,2,21,11,10
56369202,149,85,64,146,83,63,3,2,1,50,32,18,143,80,63,145,82,63,0,0,0,4,3,1
56369203,1476,749,727,1461,741,720,14,8,6,572,320,252,1376,702,674,1447,731,716,6,1,5,23,17,6
56369204,35,15,20,35,15,20,0,0,0,10,4,6,34,14,20,19,7,12,6,3,3,10,5,5
56369206,132,68,64,131,67,64,1,1,0,61,32,29,122,64,58,118,62,56,0,0,0,14,6,8
56370602,48,20,28,47,20,27,1,0,1,17,10,7,47,20,27,45,20,25,0,0,0,3,0,3
56370603,60,36,24,59,35,24,1,1,0,24,18,6,57,34,23,60,36,24,0,0,0,0,0,0
56370604,127,60,67,126,60,66,1,0,1,34,20,14,122,58,64,106,52,54,3,0,3,18,8,10
56370605,153,73,80,151,71,80,2,2,0,50,28,22,145,70,75,150,72,78,0,0,0,3,1,2
56370606,422,207,215,421,207,214,1,0,1,186,97,89,388,188,200,414,202,212,1,1,0,7,4,3
56370607,138,73,65,138,73,65,0,0,0,69,46,23,130,68,62,135,71,64,0,0,0,3,2,1
56370608,44,23,21,44,23,21,0,0,0,20,11,9,44,23,21,42,22,20,0,0,0,2,1,1
56370609,154,76,78,154,76,78,0,0,0,47,22,25,143,72,71,138,70,68,0,0,0,16,6,10
56370610,39,17,22,39,17,22,0,0,0,24,11,13,35,15,20,39,17,22,0,0,0,0,0,0
56371401,66,32,34,64,31,33,1,1,0,23,13,10,59,29,30,64,31,33,0,0,0,2,1,1
56371402,536,274,262,536,274,262,0,0,0,189,103,86,516,262,254,521,265,256,0,0,0,15,9,6
56373101,38,21,17,38,21,17,0,0,0,14,9,5,34,17,17,28,14,14,0,0,0,10,7,3
56373102,786,419,367,781,417,364,4,2,2,284,180,104,741,404,337,734,390,344,4,1,3,48,28,20
56374901,36,17,19,36,17,19,0,0,0,17,10,7,36,17,19,34,16,18,0,0,0,2,1,1
56374902,527,250,277,520,245,275,6,4,2,249,119,130,497,234,263,492,237,255,21,5,16,14,8,6
56374903,335,169,166,332,168,164,3,1,2,166,90,76,315,162,153,310,157,153,0,0,0,25,12,13
56374904,127,63,64,127,63,64,0,0,0,64,32,32,122,60,62,119,59,60,4,2,2,4,2,2
56374905,307,155,152,307,155,152,0,0,0,142,67,75,293,148,145,280,141,139,1,1,0,26,13,13
56374906,337,175,162,337,175,162,0,0,0,148,85,63,321,166,155,321,167,154,0,0,0,16,8,8
56374907,140,83,57,138,83,55,2,0,2,52,36,16,136,81,55,115,62,53,0,0,0,25,21,4
56374908,167,78,89,165,77,88,2,1,1,71,38,33,165,77,88,161,75,86,0,0,0,6,3,3
56375701,488,246,242,488,246,242,0,0,0,227,132,95,457,227,230,487,245,242,0,0,0,1,1,0
56375702,524,271,253,523,270,253,0,0,0,267,149,118,499,257,242,496,248,248,1,1,0,27,22,5
54657702,391,186,205,391,186,205,0,0,0,127,62,65,375,180,195,379,176,203,0,0,0,12,10,2
54657703,63,33,30,63,33,30,0,0,0,19,12,7,61,31,30,61,32,29,0,0,0,2,1,1
56377301,182,100,82,182,100,82,0,0,0,91,52,39,173,97,76,174,97,77,0,0,0,8,3,5
56378101,55,26,29,55,26,29,0,0,0,18,9,9,53,26,27,47,22,25,0,0,0,8,4,4
56378102,39,17,22,39,17,22,0,0,0,10,4,6,33,14,19,34,14,20,5,3,2,0,0,0
56378103,838,420,418,838,420,418,0,0,0,277,146,131,788,392,396,822,411,411,0,0,0,16,9,7
56379001,52,29,23,52,29,23,0,0,0,8,3,5,52,29,23,43,24,19,0,0,0,9,5,4
56379003,2545,1297,1248,2525,1287,1238,15,8,7,982,535,447,2393,1231,1162,2495,1268,1227,10,8,2,40,21,19
56379005,126,67,59,126,67,59,0,0,0,50,29,21,126,67,59,123,65,58,0,0,0,3,2,1
56380301,215,101,114,215,101,114,0,0,0,93,43,50,212,98,114,215,101,114,0,0,0,0,0,0
56380302,379,197,182,379,197,182,0,0,0,168,86,82,358,187,171,363,186,177,0,0,0,16,11,5
56381101,436,219,217,432,215,217,4,4,0,174,95,79,402,196,206,435,219,216,0,0,0,1,0,1
56381102,566,279,287,563,277,286,3,2,1,242,118,124,522,258,264,523,267,256,40,10,30,3,2,1
56381103,70,37,33,70,37,33,0,0,0,24,14,10,67,35,32,68,36,32,0,0,0,2,1,1
56381105,1054,545,509,1044,539,505,8,4,4,493,261,232,1001,515,486,973,482,491,0,0,0,81,63,18
56381106,383,186,197,379,183,196,4,3,1,153,77,76,361,175,186,383,186,197,0,0,0,0,0,0
56381107,60,38,22,60,38,22,0,0,0,29,18,11,56,36,20,56,36,20,0,0,0,4,2,2
56381108,576,293,283,572,291,281,4,2,2,265,147,118,542,273,269,575,292,283,0,0,0,1,1,0
56381109,626,315,311,608,305,303,17,9,8,262,137,125,560,282,278,561,279,282,54,31,23,11,5,6
3030970,0,0,0,0,0,0,0,0,0,0,0,0,0,0,0,0,0,0,0,0,0,0,0,0
56382001,251,127,124,251,127,124,0,0,0,120,66,54,242,124,118,220,111,109,7,6,1,24,10,14
56382002,79,35,44,78,35,43,1,0,1,41,16,25,78,35,43,72,33,39,0,0,0,7,2,5
56382003,405,190,215,403,189,214,2,1,1,190,98,92,389,181,208,377,183,194,28,7,21,0,0,0
56382004,62,27,35,62,27,35,0,0,0,27,12,15,58,25,33,62,27,35,0,0,0,0,0,0
56382005,985,463,522,972,457,515,11,6,5,480,241,239,946,446,500,937,446,491,42,14,28,6,3,3
56382006,61,31,30,61,31,30,0,0,0,31,15,16,55,28,27,54,27,27,2,1,1,5,3,2
56382007,3028,1461,1567,2986,1434,1552,41,27,14,1232,633,599,2884,1394,1490,3025,1460,1565,0,0,0,3,1,2
56382008,374,225,149,365,217,148,8,7,1,147,86,61,328,202,126,212,111,101,34,13,21,128,101,27
56382009,79,38,41,79,38,41,0,0,0,44,26,18,79,38,41,79,38,41,0,0,0,0,0,0
56382010,386,194,192,384,193,191,2,1,1,196,106,90,366,184,182,381,191,190,0,0,0,5,3,2
56382011,115,59,56,115,59,56,0,0,0,52,24,28,108,56,52,115,59,56,0,0,0,0,0,0
56383801,153,74,79,152,73,79,1,1,0,71,36,35,143,67,76,153,74,79,0,0,0,0,0,0
56383802,118,56,62,115,54,61,3,2,1,37,20,17,114,55,59,118,56,62,0,0,0,0,0,0
56383803,427,206,221,426,206,220,1,0,1,213,108,105,405,198,207,422,204,218,1,0,1,4,2,2
56383804,1811,849,962,1801,842,959,10,7,3,700,372,328,1660,776,884,1641,781,860,136,39,97,34,29,5
56383805,108,56,52,107,55,52,1,1,0,50,25,25,100,52,48,106,56,50,2,0,2,0,0,0
56384601,113,62,51,113,62,51,0,0,0,43,27,16,102,54,48,103,56,47,0,0,0,10,6,4
56385401,844,409,435,840,407,433,2,2,0,377,194,183,793,384,409,805,388,417,0,0,0,39,21,18
56385402,28,14,14,27,14,13,1,0,1,11,6,5,24,13,11,24,12,12,0,0,0,4,2,2
56386201,37,18,19,37,18,19,0,0,0,18,8,10,36,18,18,37,18,19,0,0,0,0,0,0
56386202,36,21,15,36,21,15,0,0,0,15,11,4,35,21,14,36,21,15,0,0,0,0,0,0
56386204,185,92,93,184,92,92,1,0,1,90,51,39,171,86,85,180,88,92,0,0,0,5,4,1
56386205,238,113,125,232,109,123,5,3,2,113,58,55,217,104,113,237,112,125,1,1,0,0,0,0
3107270,0,0,0,0,0,0,0,0,0,0,0,0,0,0,0,0,0,0,0,0,0,0,0,0
3107350,0,0,0,0,0,0,0,0,0,0,0,0,0,0,0,0,0,0,0,0,0,0,0,0
56387101,113,55,58,112,54,58,1,1,0,51,26,25,101,49,52,108,53,55,0,0,0,5,2,3
56387102,208,111,97,208,111,97,0,0,0,121,74,47,194,106,88,199,105,94,0,0,0,9,6,3
56387103,42,19,23,42,19,23,0,0,0,25,14,11,39,18,21,35,17,18,0,0,0,7,2,5
56387104,283,141,142,269,132,137,14,9,5,130,70,60,269,134,135,230,111,119,37,21,16,16,9,7
56387105,267,134,133,267,134,133,0,0,0,143,74,69,260,130,130,262,130,132,0,0,0,5,4,1
56387106,147,74,73,147,74,73,0,0,0,94,47,47,141,72,69,147,74,73,0,0,0,0,0,0
56387107,58,32,26,57,31,26,1,1,0,34,19,15,57,32,25,57,31,26,0,0,0,1,1,0
56387108,134,62,72,134,62,72,0,0,0,71,38,33,132,61,71,134,62,72,0,0,0,0,0,0
56387109,45,25,20,45,25,20,0,0,0,26,16,10,42,24,18,40,23,17,0,0,0,5,2,3
56387110,203,94,109,200,93,107,2,1,1,115,59,56,192,90,102,195,91,104,0,0,0,8,3,5
56387111,37,21,16,37,21,16,0,0,0,20,13,7,37,21,16,37,21,16,0,0,0,0,0,0
56387112,179,84,95,178,83,95,1,1,0,89,47,42,174,83,91,141,72,69,37,12,25,1,0,1
56387113,57,25,32,57,25,32,0,0,0,27,13,14,57,25,32,49,21,28,0,0,0,8,4,4
56387115,42,18,24,42,18,24,0,0,0,23,11,12,41,17,24,42,18,24,0,0,0,0,0,0
56387116,368,179,189,361,176,185,7,3,4,183,100,83,354,173,181,368,179,189,0,0,0,0,0,0
56387117,802,404,398,788,395,393,13,8,5,426,225,201,762,385,377,731,351,380,7,5,2,64,48,16
56387118,69,31,38,68,30,38,1,1,0,41,19,22,63,29,34,63,28,35,0,0,0,6,3,3
56387119,757,338,419,747,333,414,9,5,4,389,187,202,736,329,407,756,337,419,0,0,0,1,1,0
56387120,354,166,188,352,164,188,2,2,0,194,95,99,333,158,175,353,165,188,1,1,0,0,0,0
56387121,1195,584,611,1170,568,602,18,11,7,616,329,287,1137,549,588,1190,582,608,0,0,0,5,2,3
56387122,374,176,198,357,168,189,15,7,8,207,100,107,355,166,189,371,176,195,0,0,0,3,0,3
56390101,315,157,158,313,156,157,2,1,1,155,79,76,303,153,150,305,149,156,0,0,0,10,8,2
56390103,212,96,116,211,95,116,1,1,0,105,49,56,194,88,106,211,96,115,0,0,0,1,0,1
56390105,67,34,33,67,34,33,0,0,0,38,19,19,65,33,32,67,34,33,0,0,0,0,0,0
56390106,29,17,12,29,17,12,0,0,0,13,9,4,26,14,12,22,12,10,0,0,0,7,5,2
56390107,25,12,13,25,12,13,0,0,0,6,3,3,25,12,13,19,7,12,0,0,0,6,5,1
56390108,39,21,18,39,21,18,0,0,0,17,11,6,35,19,16,37,20,17,0,0,0,2,1,1
56390109,58,30,28,58,30,28,0,0,0,21,12,9,56,29,27,52,27,25,0,0,0,6,3,3
56390110,45,20,25,45,20,25,0,0,0,23,8,15,43,20,23,42,19,23,0,0,0,3,1,2
56390111,136,74,62,134,74,60,2,0,2,74,45,29,130,70,60,131,72,59,0,0,0,5,2,3
56390112,28,17,11,28,17,11,0,0,0,19,13,6,27,17,10,28,17,11,0,0,0,0,0,0
56391901,988,513,475,983,511,472,4,2,2,409,223,186,934,484,450,950,488,462,0,0,0,38,25,13
56391902,20,12,8,19,11,8,1,1,0,9,6,3,19,11,8,17,10,7,0,0,0,3,2,1
56391903,55,25,30,55,25,30,0,0,0,14,4,10,51,23,28,49,22,27,0,0,0,6,3,3
54663101,694,348,346,689,346,343,4,1,3,325,175,150,656,332,324,677,334,343,0,0,0,17,14,3
56393501,329,163,166,324,160,164,4,2,2,146,69,77,312,154,158,317,159,158,0,0,0,12,4,8
56393502,552,291,261,548,288,260,3,3,0,244,129,115,528,282,246,513,269,244,0,0,0,39,22,17
56393503,49,23,26,48,22,26,1,1,0,20,10,10,45,21,24,48,22,26,0,0,0,1,1,0
56394302,37,15,22,37,15,22,0,0,0,13,3,10,31,14,17,29,13,16,0,0,0,8,2,6
56394304,64,36,28,64,36,28,0,0,0,37,23,14,63,35,28,58,31,27,0,0,0,6,5,1
56394306,20,11,9,20,11,9,0,0,0,9,4,5,19,10,9,20,11,9,0,0,0,0,0,0
54599601,75,41,34,73,40,33,2,1,1,36,18,18,69,39,30,75,41,34,0,0,0,0,0,0
54599602,90,46,44,87,44,43,0,0,0,27,12,15,83,42,41,85,43,42,0,0,0,5,3,2
54599603,70,33,37,70,33,37,0,0,0,10,8,2,51,26,25,63,27,36,0,0,0,7,6,1
54599604,77,41,36,77,41,36,0,0,0,24,13,11,72,39,33,77,41,36,0,0,0,0,0,0
56396001,67,36,31,58,30,28,9,6,3,27,17,10,60,32,28,67,36,31,0,0,0,0,0,0
56396002,101,53,48,100,53,47,1,0,1,41,25,16,93,51,42,101,53,48,0,0,0,0,0,0
56396003,53,32,21,52,31,21,1,1,0,25,18,7,49,29,20,53,32,21,0,0,0,0,0,0
56396004,33,16,17,33,16,17,0,0,0,20,11,9,31,14,17,33,16,17,0,0,0,0,0,0
56396005,103,52,51,103,52,51,0,0,0,43,22,21,96,47,49,96,48,48,0,0,0,7,4,3
56396006,90,46,44,90,46,44,0,0,0,45,26,19,87,45,42,90,46,44,0,0,0,0,0,0
56396007,35,22,13,35,22,13,0,0,0,23,17,6,35,22,13,35,22,13,0,0,0,0,0,0
56396008,22,11,11,22,11,11,0,0,0,7,5,2,18,9,9,22,11,11,0,0,0,0,0,0
56396009,34,18,16,34,18,16,0,0,0,12,6,6,28,15,13,30,16,14,0,0,0,4,2,2
56396010,61,33,28,46,22,24,15,11,4,17,8,9,58,30,28,49,25,24,12,8,4,0,0,0
56396011,60,34,26,60,34,26,0,0,0,27,21,6,59,33,26,60,34,26,0,0,0,0,0,0
56396012,30,18,12,30,18,12,0,0,0,17,14,3,28,16,12,30,18,12,0,0,0,0,0,0
56396013,141,69,72,140,68,72,1,1,0,84,40,44,132,65,67,141,69,72,0,0,0,0,0,0
56396014,215,112,103,199,105,94,16,7,9,90,49,41,205,106,99,197,96,101,0,0,0,18,16,2
56396015,360,185,175,345,178,167,14,6,8,199,109,90,341,175,166,357,185,172,0,0,0,3,0,3
56396016,1057,492,565,1003,456,547,48,32,16,472,232,240,974,457,517,926,452,474,131,40,91,0,0,0
56396017,290,147,143,277,139,138,13,8,5,155,90,65,274,141,133,288,146,142,1,1,0,1,0,1
54453101,231,118,113,228,115,113,0,0,0,86,46,40,209,107,102,227,114,113,0,0,0,4,4,0
54453102,25,14,11,25,14,11,0,0,0,9,5,4,24,13,11,3,2,1,2,1,1,20,11,9
54453103,307,154,153,304,153,151,3,1,2,112,60,52,282,141,141,303,152,151,0,0,0,4,2,2
54660701,696,348,348,695,348,347,1,0,1,314,162,152,644,325,319,656,335,321,22,5,17,18,8,10
53046801,881,461,420,880,461,419,0,0,0,305,171,134,811,427,384,852,446,406,0,0,0,29,15,14
53046802,66,33,33,66,33,33,0,0,0,25,11,14,65,33,32,54,28,26,0,0,0,12,5,7
56399401,542,273,269,538,271,267,4,2,2,262,155,107,519,262,257,536,270,266,0,0,0,6,3,3
3031600,0,0,0,0,0,0,0,0,0,0,0,0,0,0,0,0,0,0,0,0,0,0,0,0
3031860,0,0,0,0,0,0,0,0,0,0,0,0,0,0,0,0,0,0,0,0,0,0,0,0
56402801,113,53,60,108,50,58,5,3,2,31,16,15,105,49,56,104,49,55,0,0,0,9,4,5
56402802,46,23,23,45,22,23,1,1,0,14,8,6,39,19,20,43,22,21,0,0,0,3,1,2
56402803,69,35,34,69,35,34,0,0,0,40,22,18,65,33,32,69,35,34,0,0,0,0,0,0
56402804,50,24,26,48,22,26,1,1,0,20,8,12,49,24,25,46,22,24,0,0,0,4,2,2
56402805,1487,691,796,1476,687,789,11,4,7,758,381,377,1416,659,757,1477,688,789,10,3,7,0,0,0
56402806,40,19,21,40,19,21,0,0,0,26,12,14,38,18,20,40,19,21,0,0,0,0,0,0
56402807,251,137,114,242,132,110,9,5,4,132,72,60,227,126,101,247,134,113,4,3,1,0,0,0
56402808,1407,646,761,1399,640,759,8,6,2,687,324,363,1330,613,717,1389,637,752,17,8,9,1,1,0
56402809,59,28,31,56,26,30,2,1,1,32,15,17,57,26,31,59,28,31,0,0,0,0,0,0
56402810,1051,545,506,1030,535,495,18,10,8,564,299,265,971,509,462,947,466,481,10,3,7,94,76,18
56402811,1387,696,691,1381,694,687,5,2,3,822,424,398,1338,677,661,1380,692,688,3,1,2,4,3,1
56402812,346,177,169,343,176,167,2,1,1,158,87,71,328,172,156,312,161,151,34,16,18,0,0,0
56402813,209,112,97,209,112,97,0,0,0,121,69,52,202,110,92,203,109,94,0,0,0,6,3,3
56402814,445,224,221,444,223,221,1,1,0,283,157,126,427,216,211,436,221,215,7,2,5,2,1,1
56402815,77,45,32,77,45,32,0,0,0,43,29,14,76,44,32,77,45,32,0,0,0,0,0,0
56402817,178,92,86,178,92,86,0,0,0,92,48,44,173,90,83,178,92,86,0,0,0,0,0,0
56402818,40,19,21,40,19,21,0,0,0,30,15,15,40,19,21,40,19,21,0,0,0,0,0,0
56403601,424,215,209,417,210,207,5,4,1,198,98,100,390,198,192,416,211,205,0,0,0,8,4,4
56403602,35,18,17,34,18,16,1,0,1,9,5,4,34,17,17,25,13,12,0,0,0,10,5,5
56404401,274,146,128,273,145,128,1,1,0,123,68,55,256,137,119,273,145,128,1,1,0,0,0,0
56404402,2360,1176,1184,2330,1160,1170,23,11,12,1067,559,508,2244,1112,1132,2326,1149,1177,2,2,0,32,25,7
0260260,0,0,0,0,0,0,0,0,0,0,0,0,0,0,0,0,0,0,0,0,0,0,0,0
54435301,173,93,80,173,93,80,0,0,0,66,39,27,161,89,72,172,92,80,0,0,0,1,1,0
54435302,96,51,45,96,51,45,0,0,0,24,13,11,90,47,43,96,51,45,0,0,0,0,0,0
56405201,109,46,63,109,46,63,0,0,0,44,20,24,98,42,56,104,44,60,0,0,0,5,2,3
56405202,29,13,16,29,13,16,0,0,0,14,5,9,29,13,16,27,12,15,0,0,0,2,1,1
56405204,82,43,39,82,43,39,0,0,0,27,13,14,77,40,37,82,43,39,0,0,0,0,0,0
56406101,153,71,82,152,71,81,0,0,0,67,35,32,146,69,77,151,69,82,1,1,0,1,1,0
56406102,2585,1295,1290,2481,1237,1244,91,48,43,1179,633,546,2459,1225,1234,2474,1224,1250,71,41,30,40,30,10
56406103,29,15,14,29,15,14,0,0,0,6,3,3,26,13,13,25,12,13,0,0,0,4,3,1
56406105,156,81,75,156,81,75,0,0,0,54,27,27,142,75,67,137,71,66,0,0,0,19,10,9
56406106,21,7,14,21,7,14,0,0,0,8,2,6,19,7,12,12,4,8,0,0,0,9,3,6
56407901,195,108,87,191,104,87,4,4,0,82,51,31,178,97,81,187,101,86,0,0,0,8,7,1
56407902,41,23,18,36,20,16,5,3,2,4,2,2,32,19,13,41,23,18,0,0,0,0,0,0
3108670,0,0,0,0,0,0,0,0,0,0,0,0,0,0,0,0,0,0,0,0,0,0,0,0
56409501,164,81,83,158,78,80,6,3,3,84,43,41,157,79,78,156,75,81,0,0,0,8,6,2
56409502,56,30,26,56,30,26,0,0,0,24,15,9,48,25,23,56,30,26,0,0,0,0,0,0
56409504,968,465,503,959,460,499,5,2,3,599,305,294,938,451,487,945,456,489,18,6,12,5,3,2
56409505,76,36,40,76,36,40,0,0,0,45,26,19,72,35,37,70,33,37,0,0,0,6,3,3
56409506,30,13,17,30,13,17,0,0,0,16,8,8,29,13,16,26,12,14,0,0,0,4,1,3
56409507,160,88,72,159,87,72,1,1,0,62,38,24,157,85,72,155,85,70,0,0,0,5,3,2
56409508,107,56,51,104,54,50,1,1,0,49,27,22,104,56,48,88,47,41,0,0,0,19,9,10
56409509,219,110,109,216,108,108,2,2,0,94,56,38,210,104,106,217,108,109,0,0,0,2,2,0
56409510,51,26,25,51,26,25,0,0,0,28,16,12,46,24,22,51,26,25,0,0,0,0,0,0
56409511,463,222,241,445,207,238,17,14,3,266,127,139,436,212,224,450,215,235,0,0,0,13,7,6
56409512,59,27,32,59,27,32,0,0,0,37,17,20,56,27,29,59,27,32,0,0,0,0,0,0
56409513,749,375,374,738,368,370,10,6,4,458,230,228,722,360,362,748,374,374,0,0,0,1,1,0
56409515,37,20,17,35,20,15,2,0,2,19,14,5,36,19,17,25,14,11,12,6,6,0,0,0
56409516,503,244,259,500,242,258,2,1,1,282,148,134,489,237,252,491,243,248,11,1,10,1,0,1
56409517,1561,794,767,1544,785,759,16,8,8,888,457,431,1471,752,719,1423,698,725,16,4,12,122,92,30
56409518,993,479,514,976,465,511,17,14,3,548,272,276,950,459,491,978,467,511,11,9,2,4,3,1
56409520,210,113,97,207,112,95,0,0,0,148,80,68,202,110,92,210,113,97,0,0,0,0,0,0
56409521,622,314,308,618,313,305,3,1,2,407,217,190,602,303,299,622,314,308,0,0,0,0,0,0
56409522,161,82,79,161,82,79,0,0,0,106,59,47,160,81,79,161,82,79,0,0,0,0,0,0
56409523,217,114,103,216,113,103,0,0,0,97,55,42,207,109,98,204,105,99,0,0,0,13,9,4
56409524,205,101,104,204,100,104,1,1,0,91,46,45,196,97,99,201,100,101,0,0,0,4,1,3
56410901,107,53,54,107,53,54,0,0,0,48,25,23,97,47,50,102,51,51,0,0,0,5,2,3
56410902,880,431,449,874,426,448,6,5,1,379,191,188,822,399,423,824,401,423,27,11,16,29,19,10
56411701,353,179,174,353,179,174,0,0,0,165,94,71,338,172,166,337,170,167,0,0,0,16,9,7
56411702,524,259,265,522,257,265,2,2,0,267,138,129,495,248,247,520,258,262,0,0,0,4,1,3
56411703,52,28,24,52,28,24,0,0,0,21,13,8,46,24,22,46,24,22,0,0,0,6,4,2
56411704,44,25,19,44,25,19,0,0,0,25,17,8,43,25,18,44,25,19,0,0,0,0,0,0
56411705,278,151,127,278,151,127,0,0,0,158,92,66,261,141,120,266,145,121,0,0,0,12,6,6
56411706,123,63,60,121,62,59,2,1,1,63,29,34,115,59,56,116,59,57,0,0,0,7,4,3
56411707,256,130,126,256,130,126,0,0,0,122,66,56,240,122,118,228,117,111,27,12,15,1,1,0
56411708,315,167,148,315,167,148,0,0,0,158,87,71,301,161,140,307,163,144,0,0,0,8,4,4
56411709,124,56,68,124,56,68,0,0,0,53,21,32,119,53,66,124,56,68,0,0,0,0,0,0
56411710,1125,538,587,1115,531,584,9,6,3,521,261,260,1063,506,557,1125,538,587,0,0,0,0,0,0
56411711,1072,542,530,1059,534,525,11,6,5,535,263,272,1009,508,501,957,467,490,18,2,16,97,73,24
56411712,149,73,76,149,73,76,0,0,0,70,33,37,141,68,73,149,73,76,0,0,0,0,0,0
56411713,44,21,23,43,21,22,1,0,1,20,10,10,41,20,21,44,21,23,0,0,0,0,0,0
56411714,590,284,306,588,282,306,2,2,0,316,162,154,564,270,294,590,284,306,0,0,0,0,0,0
56411715,334,149,185,334,149,185,0,0,0,154,68,86,333,148,185,324,147,177,10,2,8,0,0,0
56411716,579,289,290,576,289,287,3,0,3,275,143,132,533,265,268,577,288,289,0,0,0,2,1,1
56411717,65,32,33,65,32,33,0,0,0,37,23,14,62,31,31,65,32,33,0,0,0,0,0,0
56411718,40,20,20,40,20,20,0,0,0,22,12,10,40,20,20,40,20,20,0,0,0,0,0,0
56411719,24,14,10,24,14,10,0,0,0,16,10,6,22,14,8,23,13,10,1,1,0,0,0,0
56163101,251,140,111,251,140,111,0,0,0,122,75,47,239,135,104,228,126,102,0,0,0,23,14,9
56163102,139,66,73,137,66,71,2,0,2,70,34,36,130,63,67,138,65,73,0,0,0,1,1,0
56163103,1573,772,801,1554,764,790,16,6,10,798,405,393,1504,733,771,1509,725,784,8,6,2,56,41,15
56163104,30,15,15,30,15,15,0,0,0,15,8,7,27,13,14,30,15,15,0,0,0,0,0,0
56163105,963,481,482,959,478,481,3,3,0,508,264,244,926,463,463,920,454,466,0,0,0,43,27,16
56163106,33,16,17,33,16,17,0,0,0,9,5,4,27,13,14,33,16,17,0,0,0,0,0,0
56163107,143,78,65,142,78,64,1,0,1,78,42,36,139,75,64,138,75,63,0,0,0,5,3,2
56163108,28,14,14,28,14,14,0,0,0,16,8,8,28,14,14,28,14,14,0,0,0,0,0,0
56163109,82,38,44,82,38,44,0,0,0,33,13,20,75,34,41,71,32,39,0,0,0,11,6,5
56163110,25,14,11,25,14,11,0,0,0,12,7,5,25,14,11,25,14,11,0,0,0,0,0,0
56163112,168,96,72,168,96,72,0,0,0,83,50,33,157,88,69,168,96,72,0,0,0,0,0,0
56163113,135,73,62,134,72,62,1,1,0,64,31,33,126,68,58,133,72,61,0,0,0,2,1,1
56163115,55,32,23,55,32,23,0,0,0,12,4,8,50,30,20,26,14,12,29,18,11,0,0,0
56165701,95,48,47,95,48,47,0,0,0,25,14,11,86,44,42,88,44,44,0,0,0,7,4,3
54665801,170,87,83,169,87,82,1,0,1,48,25,23,153,80,73,156,77,79,1,1,0,13,9,4
53048401,396,208,188,396,208,188,0,0,0,122,61,61,376,198,178,380,198,182,0,0,0,16,10,6
53048402,179,95,84,178,94,84,1,1,0,54,29,25,167,90,77,179,95,84,0,0,0,0,0,0
56413301,39,18,21,39,18,21,0,0,0,8,4,4,35,14,21,29,14,15,0,0,0,10,4,6
56413302,573,267,306,568,265,303,4,2,2,218,110,108,546,259,287,500,241,259,57,15,42,16,11,5
56414101,86,45,41,86,45,41,0,0,0,42,22,20,82,42,40,84,44,40,0,0,0,2,1,1
56414102,60,29,31,59,29,30,1,0,1,33,16,17,58,27,31,60,29,31,0,0,0,0,0,0
56414103,51,25,26,51,25,26,0,0,0,31,18,13,50,25,25,51,25,26,0,0,0,0,0,0
56414104,60,34,26,58,33,25,2,1,1,27,15,12,57,32,25,56,32,24,0,0,0,4,2,2
56414105,35,20,15,35,20,15,0,0,0,10,5,5,32,19,13,32,19,13,0,0,0,3,1,2
56414107,33,16,17,33,16,17,0,0,0,20,10,10,31,15,16,33,16,17,0,0,0,0,0,0
56414108,29,11,18,29,11,18,0,0,0,11,5,6,29,11,18,28,10,18,0,0,0,1,1,0
56416801,449,224,225,441,218,223,4,2,2,186,91,95,422,207,215,433,212,221,0,0,0,16,12,4
56417601,308,168,140,306,167,139,1,0,1,95,58,37,289,158,131,303,163,140,0,0,0,5,5,0
56417602,80,40,40,80,40,40,0,0,0,19,8,11,70,34,36,79,39,40,0,0,0,1,1,0
56418401,562,285,277,560,284,276,2,1,1,219,115,104,541,279,262,510,254,256,0,0,0,52,31,21
56418402,287,148,139,286,148,138,1,0,1,123,71,52,275,142,133,268,139,129,0,0,0,19,9,10
53043301,365,203,162,360,202,158,3,0,3,162,94,68,338,189,149,355,195,160,0,0,0,10,8,2
56420601,449,226,223,446,224,222,3,2,1,178,95,83,411,209,202,428,212,216,13,8,5,8,6,2
54593701,212,96,116,211,96,115,0,0,0,78,32,46,209,93,116,212,96,116,0,0,0,0,0,0
0820403,0,0,0,0,0,0,0,0,0,0,0,0,0,0,0,0,0,0,0,0,0,0,0,0
0821390,0,0,0,0,0,0,0,0,0,0,0,0,0,0,0,0,0,0,0,0,0,0,0,0
3186800,0,0,0,0,0,0,0,0,0,0,0,0,0,0,0,0,0,0,0,0,0,0,0,0
3187440,0,0,0,0,0,0,0,0,0,0,0,0,0,0,0,0,0,0,0,0,0,0,0,0
55690401,1736,1141,595,1631,1082,549,92,50,42,726,456,270,1642,1088,554,754,362,392,3,3,0,979,776,203
55690402,193,97,96,168,81,87,18,13,5,102,51,51,169,81,88,190,94,96,2,2,0,1,1,0
55690403,1394,695,699,1282,623,659,103,65,38,590,282,308,1285,630,655,1347,663,684,0,0,0,47,32,15
55690404,89,41,48,84,37,47,5,4,1,53,22,31,87,40,47,89,41,48,0,0,0,0,0,0
55690405,2369,1114,1255,2296,1074,1222,62,36,26,1285,625,660,2238,1052,1186,2329,1091,1238,37,20,17,3,3,0
55690406,28,14,14,28,14,14,0,0,0,22,11,11,28,14,14,28,14,14,0,0,0,0,0,0
55690408,2655,1297,1358,2568,1246,1322,84,50,34,1445,741,704,2459,1193,1266,2622,1293,1329,33,4,29,0,0,0
55690409,78,38,40,50,30,20,24,7,17,22,12,10,67,30,37,40,25,15,38,13,25,0,0,0
55690410,1251,609,642,1223,591,632,24,14,10,661,329,332,1193,581,612,1251,609,642,0,0,0,0,0,0
55690411,1558,687,871,1517,664,853,37,21,16,761,354,407,1477,642,835,1441,658,783,117,29,88,0,0,0
55690412,3232,1507,1725,3159,1471,1688,67,33,34,1794,863,931,3126,1455,1671,3228,1505,1723,0,0,0,4,2,2
55690413,3035,1446,1589,2939,1396,1543,88,44,44,1687,853,834,2913,1387,1526,3025,1439,1586,5,3,2,5,4,1
55690414,400,202,198,387,194,193,12,7,5,200,115,85,373,185,188,398,201,197,0,0,0,2,1,1
55690416,1072,529,543,1004,489,515,64,38,26,563,279,284,1007,496,511,1054,520,534,18,9,9,0,0,0
55690417,1829,856,973,1802,844,958,23,12,11,922,457,465,1760,821,939,1827,855,972,0,0,0,2,1,1
55690418,87,54,33,60,35,25,23,16,7,32,19,13,81,49,32,63,43,20,24,11,13,0,0,0
55690419,76,43,33,56,30,26,19,13,6,29,15,14,71,40,31,49,27,22,27,16,11,0,0,0
55690420,5979,2872,3107,5741,2746,2995,221,113,108,3122,1578,1544,5716,2739,2977,5867,2842,3025,111,29,82,1,1,0
55690421,1486,741,745,1378,673,705,100,63,37,783,396,387,1404,701,703,1454,722,732,32,19,13,0,0,0
55690422,656,354,302,606,325,281,47,27,20,343,187,156,622,336,286,655,353,302,0,0,0,1,1,0
55690423,1019,495,524,983,469,514,28,23,5,556,277,279,967,467,500,1010,489,521,9,6,3,0,0,0
55690424,32,18,14,31,17,14,1,1,0,12,8,4,29,17,12,30,17,13,2,1,1,0,0,0
55690425,237,127,110,222,119,103,15,8,7,124,65,59,229,121,108,237,127,110,0,0,0,0,0,0
55690426,2165,1064,1101,2126,1035,1091,37,27,10,1307,647,660,2100,1029,1071,2164,1064,1100,0,0,0,1,0,1
55690427,193,105,88,157,79,78,32,23,9,88,46,42,178,95,83,159,82,77,34,23,11,0,0,0
55690428,202,97,105,201,96,105,1,1,0,126,58,68,194,91,103,202,97,105,0,0,0,0,0,0
55690429,870,434,436,849,423,426,18,10,8,514,270,244,840,421,419,864,430,434,4,2,2,2,2,0
55690430,3676,1774,1902,3593,1722,1871,73,46,27,1878,941,937,3526,1694,1832,3648,1754,1894,23,16,7,5,4,1
55690431,1679,817,862,1614,780,834,64,37,27,937,470,467,1588,770,818,1625,790,835,51,24,27,3,3,0
55690434,67,31,36,66,30,36,1,1,0,40,16,24,65,29,36,57,28,29,0,0,0,10,3,7
55690435,480,232,248,469,227,242,10,5,5,293,145,148,455,220,235,472,228,244,1,1,0,7,3,4
55690436,55,31,24,54,31,23,1,0,1,32,19,13,54,30,24,49,26,23,0,0,0,6,5,1
55690437,777,366,411,776,365,411,1,1,0,479,229,250,756,359,397,777,366,411,0,0,0,0,0,0
55690438,689,333,356,678,326,352,9,6,3,404,203,201,661,320,341,689,333,356,0,0,0,0,0,0
55690439,3217,1544,1673,3162,1510,1652,53,34,19,1826,894,932,3104,1487,1617,3210,1541,1669,2,0,2,5,3,2
55690440,2578,1164,1414,2522,1138,1384,51,24,27,1463,679,784,2476,1123,1353,2541,1155,1386,36,8,28,1,1,0
55690442,1844,899,945,1823,886,937,15,10,5,1084,556,528,1764,851,913,1843,898,945,0,0,0,1,1,0
55690443,2189,1029,1160,2167,1018,1149,21,11,10,1293,639,654,2082,977,1105,2161,1019,1142,24,8,16,4,2,2
55690444,3318,1502,1816,3240,1462,1778,75,39,36,1804,863,941,3174,1424,1750,3307,1496,1811,11,6,5,0,0,0
55690445,1078,519,559,1064,512,552,13,6,7,613,308,305,1028,496,532,1061,503,558,17,16,1,0,0,0
55690446,237,115,122,236,114,122,1,1,0,156,72,84,233,114,119,226,109,117,4,3,1,7,3,4
55690447,532,234,298,517,224,293,15,10,5,248,119,129,516,225,291,532,234,298,0,0,0,0,0,0
55690448,137,68,69,137,68,69,0,0,0,89,45,44,136,67,69,135,67,68,0,0,0,2,1,1
55690449,3101,1446,1655,3061,1421,1640,35,21,14,1761,859,902,2998,1390,1608,3096,1443,1653,5,3,2,0,0,0
55690450,1095,506,589,1088,502,586,6,4,2,647,308,339,1062,494,568,1095,506,589,0,0,0,0,0,0
55690451,1988,1042,946,1658,836,822,317,196,121,867,451,416,1772,922,850,1550,784,766,437,257,180,1,1,0
55690452,377,178,199,376,177,199,0,0,0,233,118,115,367,174,193,375,177,198,0,0,0,2,1,1
55690453,540,297,243,520,288,232,16,7,9,322,178,144,521,286,235,473,254,219,54,35,19,13,8,5
55690454,539,259,280,536,256,280,2,2,0,344,164,180,524,250,274,525,251,274,0,0,0,14,8,6
55690456,1490,749,741,1476,741,735,10,4,6,930,481,449,1435,726,709,1472,741,731,2,1,1,16,7,9
55690457,155,73,82,155,73,82,0,0,0,97,48,49,153,71,82,148,70,78,0,0,0,7,3,4
55690458,672,331,341,663,325,338,5,3,2,450,239,211,653,319,334,649,319,330,8,6,2,15,6,9
55690459,490,247,243,489,247,242,1,0,1,372,206,166,477,242,235,488,246,242,0,0,0,2,1,1
55690460,574,285,289,564,280,284,10,5,5,333,164,169,553,274,279,566,280,286,0,0,0,8,5,3
55690461,2357,1159,1198,2300,1125,1175,48,29,19,1391,711,680,2242,1099,1143,2306,1130,1176,48,28,20,3,1,2
55690462,29,12,17,29,12,17,0,0,0,13,8,5,29,12,17,29,12,17,0,0,0,0,0,0
55690463,21,9,12,21,9,12,0,0,0,13,5,8,21,9,12,19,8,11,0,0,0,2,1,1
55690464,642,307,335,634,303,331,8,4,4,384,184,200,619,300,319,606,283,323,35,23,12,1,1,0
55690465,967,472,495,963,472,491,2,0,2,636,327,309,937,461,476,939,459,480,8,3,5,20,10,10
55690466,704,363,341,701,361,340,3,2,1,460,246,214,679,349,330,690,355,335,0,0,0,14,8,6
55690467,109,55,54,109,55,54,0,0,0,76,40,36,107,53,54,105,53,52,0,0,0,4,2,2
55690468,172,87,85,171,87,84,1,0,1,120,61,59,166,84,82,172,87,85,0,0,0,0,0,0
55690469,1050,524,526,1044,522,522,4,1,3,656,349,307,1030,514,516,1041,519,522,0,0,0,9,5,4
55690470,115,58,57,114,58,56,1,0,1,77,41,36,113,57,56,43,20,23,0,0,0,72,38,34
55690471,200,105,95,197,103,94,3,2,1,117,65,52,197,102,95,196,102,94,0,0,0,4,3,1
55690472,153,82,71,152,81,71,1,1,0,91,53,38,143,78,65,152,81,71,1,1,0,0,0,0
55690473,4154,1995,2159,4043,1928,2115,102,65,37,2490,1209,1281,3987,1907,2080,4125,1978,2147,3,3,0,26,14,12
55690475,172,90,82,171,89,82,1,1,0,102,55,47,171,90,81,162,84,78,0,0,0,10,6,4
55690476,950,496,454,866,445,421,78,46,32,452,241,211,872,455,417,913,472,441,33,20,13,4,4,0
55690477,2029,1178,851,1922,1113,809,88,52,36,961,545,416,1741,961,780,1652,847,805,376,330,46,1,1,0
55690478,342,185,157,281,148,133,54,33,21,119,71,48,284,154,130,277,145,132,62,38,24,3,2,1
55690479,1713,787,926,1645,756,889,62,28,34,793,394,399,1622,739,883,1712,787,925,0,0,0,1,0,1
55690480,60,38,22,39,28,11,20,10,10,13,8,5,57,36,21,25,15,10,5,4,1,30,19,11
55690481,2670,1279,1391,2527,1199,1328,130,75,55,1361,687,674,2495,1189,1306,2434,1197,1237,235,82,153,1,0,1
55690482,872,453,419,823,428,395,45,24,21,417,224,193,796,411,385,834,418,416,13,10,3,25,25,0
55690483,358,157,201,344,149,195,13,8,5,150,73,77,341,148,193,357,156,201,0,0,0,1,1,0
55690484,1924,937,987,1812,879,933,102,54,48,924,475,449,1780,866,914,1880,914,966,42,22,20,2,1,1
55690485,773,397,376,662,339,323,98,49,49,313,169,144,710,356,354,757,385,372,9,7,2,7,5,2
55690486,62,34,28,37,17,20,24,16,8,18,11,7,52,27,25,61,33,28,0,0,0,1,1,0
55690487,2456,1104,1352,2397,1070,1327,52,30,22,1186,560,626,2336,1043,1293,2454,1102,1352,0,0,0,2,2,0
55690488,34,23,11,34,23,11,0,0,0,26,19,7,34,23,11,34,23,11,0,0,0,0,0,0
55690489,1849,905,944,1792,872,920,48,27,21,947,487,460,1759,859,900,1849,905,944,0,0,0,0,0,0
55690491,132,73,59,125,69,56,7,4,3,79,45,34,124,68,56,132,73,59,0,0,0,0,0,0
55690492,841,413,428,798,384,414,15,10,5,485,239,246,791,386,405,757,354,403,84,59,25,0,0,0
55689101,85,41,44,85,41,44,0,0,0,42,23,19,83,39,44,84,40,44,0,0,0,1,1,0
55689102,95,54,41,93,53,40,2,1,1,58,34,24,91,51,40,93,53,40,0,0,0,2,1,1
55689103,38,16,22,38,16,22,0,0,0,30,13,17,37,16,21,28,10,18,0,0,0,10,6,4
55689104,2704,1288,1416,2528,1186,1342,154,91,63,1466,721,745,2568,1220,1348,2506,1156,1350,104,62,42,94,70,24
55689105,412,201,211,409,198,211,3,3,0,243,116,127,383,187,196,362,175,187,9,4,5,41,22,19
55689106,761,377,384,749,371,378,11,5,6,490,230,260,739,365,374,761,377,384,0,0,0,0,0,0
55689107,768,379,389,756,374,382,11,4,7,445,234,211,737,366,371,768,379,389,0,0,0,0,0,0
55689108,683,300,383,675,297,378,5,2,3,320,157,163,639,286,353,516,244,272,164,55,109,3,1,2
55689109,1651,767,884,1606,744,862,42,21,21,842,416,426,1593,741,852,1651,767,884,0,0,0,0,0,0
55689110,1738,877,861,1721,866,855,16,11,5,1085,569,516,1682,843,839,1727,870,857,8,5,3,3,2,1
56423101,49,23,26,49,23,26,0,0,0,15,7,8,45,20,25,48,22,26,0,0,0,1,1,0
56423102,277,152,125,276,152,124,1,0,1,94,53,41,262,143,119,260,142,118,1,1,0,16,9,7
56423103,1313,668,645,1308,664,644,5,4,1,460,251,209,1237,630,607,1267,635,632,0,0,0,46,33,13
54659301,45,22,23,45,22,23,0,0,0,19,8,11,40,19,21,45,22,23,0,0,0,0,0,0
54659302,723,374,349,720,373,347,1,1,0,267,145,122,660,342,318,655,326,329,30,20,10,38,28,10
54659303,47,30,17,45,29,16,1,1,0,12,11,1,44,28,16,38,24,14,0,0,0,9,6,3
54659304,99,44,55,99,44,55,0,0,0,32,12,20,93,41,52,99,44,55,0,0,0,0,0,0
56426501,114,59,55,112,59,53,0,0,0,53,27,26,103,54,49,112,58,54,0,0,0,2,1,1
56426502,89,40,49,88,40,48,1,0,1,42,17,25,84,39,45,89,40,49,0,0,0,0,0,0
56426503,138,67,71,136,66,70,2,1,1,71,39,32,135,65,70,134,65,69,0,0,0,4,2,2
56426504,33,14,19,32,14,18,0,0,0,12,4,8,31,13,18,30,12,18,0,0,0,3,2,1
56426505,3122,1538,1584,3094,1525,1569,25,11,14,1590,825,765,2978,1462,1516,3051,1495,1556,13,4,9,58,39,19
56428101,692,347,345,688,345,343,4,2,2,227,117,110,643,324,319,677,339,338,3,1,2,12,7,5
56428102,87,45,42,87,45,42,0,0,0,42,22,20,85,44,41,87,45,42,0,0,0,0,0,0
56429001,152,85,67,152,85,67,0,0,0,44,26,18,139,78,61,129,73,56,0,0,0,23,12,11
56429002,56,33,23,56,33,23,0,0,0,15,12,3,51,31,20,47,28,19,1,1,0,8,4,4
56429003,38,18,20,37,17,20,0,0,0,8,4,4,36,18,18,28,12,16,0,0,0,10,6,4
56429004,34,15,19,34,15,19,0,0,0,19,9,10,32,14,18,34,15,19,0,0,0,0,0,0
56429005,438,227,211,433,223,210,4,3,1,209,119,90,414,214,200,431,221,210,5,5,0,2,1,1
56429006,407,197,210,404,195,209,3,2,1,157,72,85,380,185,195,385,180,205,0,0,0,22,17,5
56429007,21,11,10,21,11,10,0,0,0,3,1,2,17,9,8,11,6,5,0,0,0,10,5,5
54595301,132,66,66,127,62,65,3,2,1,40,18,22,125,64,61,131,66,65,0,0,0,1,0,1
54595303,165,82,83,164,81,83,1,1,0,54,29,25,152,76,76,152,77,75,0,0,0,13,5,8
54595304,58,30,28,58,30,28,0,0,0,18,10,8,55,28,27,58,30,28,0,0,0,0,0,0
56430301,50,23,27,50,23,27,0,0,0,27,13,14,50,23,27,49,23,26,0,0,0,1,0,1
56430302,59,28,31,59,28,31,0,0,0,17,7,10,58,28,30,56,26,30,0,0,0,3,2,1
56430303,37,20,17,37,20,17,0,0,0,16,8,8,37,20,17,36,19,17,0,0,0,1,1,0
56430304,275,141,134,268,136,132,7,5,2,113,68,45,261,132,129,258,134,124,2,1,1,15,6,9
56430306,180,97,83,180,97,83,0,0,0,100,58,42,179,96,83,161,87,74,0,0,0,19,10,9
56430307,80,38,42,80,38,42,0,0,0,52,26,26,68,33,35,79,38,41,0,0,0,1,0,1
56430309,26,15,11,26,15,11,0,0,0,8,6,2,21,12,9,26,15,11,0,0,0,0,0,0
56431101,184,89,95,182,88,94,2,1,1,77,37,40,178,87,91,181,88,93,0,0,0,3,1,2
56431102,96,49,47,95,48,47,1,1,0,49,23,26,95,48,47,93,48,45,0,0,0,3,1,2
54434501,75,41,34,75,41,34,0,0,0,24,14,10,68,38,30,71,38,33,0,0,0,4,3,1
54434503,244,122,122,243,122,121,0,0,0,101,56,45,224,113,111,226,113,113,0,0,0,18,9,9
54434504,74,39,35,74,39,35,0,0,0,33,19,14,71,36,35,70,37,33,0,0,0,4,2,2
54434505,25,11,14,25,11,14,0,0,0,14,7,7,25,11,14,25,11,14,0,0,0,0,0,0
56435401,1238,606,632,1221,594,627,14,9,5,451,230,221,1155,568,587,1186,580,606,36,19,17,16,7,9
54458201,395,178,217,393,176,217,2,2,0,111,55,56,303,146,157,309,150,159,77,23,54,9,5,4
56437101,32,18,14,32,18,14,0,0,0,9,6,3,25,15,10,21,12,9,0,0,0,11,6,5
56437102,2698,1346,1352,2684,1337,1347,11,7,4,1307,693,614,2567,1288,1279,2596,1285,1311,20,10,10,82,51,31
56439701,201,96,105,200,96,104,1,0,1,68,31,37,182,86,96,185,89,96,0,0,0,16,7,9
56439702,25,10,15,25,10,15,0,0,0,12,5,7,23,9,14,21,8,13,0,0,0,4,2,2
56439703,79,38,41,79,38,41,0,0,0,25,12,13,76,36,40,61,29,32,2,1,1,16,8,8
56439704,454,235,219,452,233,219,1,1,0,201,108,93,428,224,204,439,227,212,0,0,0,15,8,7
56439705,28,16,12,28,16,12,0,0,0,2,1,1,28,16,12,18,9,9,0,0,0,10,7,3
56440102,35,20,15,35,20,15,0,0,0,9,6,3,34,19,15,33,19,14,0,0,0,2,1,1
56440103,124,65,59,120,61,59,4,4,0,49,26,23,116,61,55,119,63,56,1,1,0,4,1,3
54447701,2254,1137,1117,2247,1135,1112,4,1,3,834,444,390,2144,1085,1059,2197,1100,1097,14,5,9,43,32,11
54447702,87,39,48,81,38,43,6,1,5,20,9,11,78,35,43,65,28,37,0,0,0,22,11,11
56442701,371,189,182,368,188,180,3,1,2,148,83,65,349,181,168,366,185,181,0,0,0,5,4,1
56442703,148,76,72,147,75,72,0,0,0,62,27,35,146,75,71,141,73,68,0,0,0,7,3,4
56442704,80,40,40,80,40,40,0,0,0,36,18,18,73,36,37,76,37,39,0,0,0,4,3,1
56442705,101,57,44,101,57,44,0,0,0,45,31,14,99,56,43,101,57,44,0,0,0,0,0,0
56442707,101,45,56,101,45,56,0,0,0,44,19,25,96,45,51,101,45,56,0,0,0,0,0,0
56442710,150,73,77,150,73,77,0,0,0,62,36,26,143,70,73,149,72,77,0,0,0,1,1,0
56443501,34,17,17,34,17,17,0,0,0,23,13,10,33,16,17,34,17,17,0,0,0,0,0,0
56443502,402,208,194,397,205,192,5,3,2,155,88,67,379,197,182,393,202,191,0,0,0,9,6,3
56444301,167,81,86,165,79,86,2,2,0,73,38,35,160,79,81,159,75,84,2,2,0,6,4,2
56444302,194,112,82,188,109,79,6,3,3,54,34,20,176,101,75,176,100,76,5,5,0,13,7,6
56445101,55,31,24,55,31,24,0,0,0,22,14,8,53,29,24,49,27,22,1,1,0,5,3,2
56445102,72,40,32,72,40,32,0,0,0,34,19,15,71,39,32,70,39,31,0,0,0,2,1,1
56445103,33,18,15,32,17,15,1,1,0,11,7,4,30,17,13,27,15,12,0,0,0,6,3,3
56445104,48,23,25,48,23,25,0,0,0,11,5,6,48,23,25,43,20,23,0,0,0,5,3,2
56445105,27,15,12,27,15,12,0,0,0,6,3,3,24,13,11,27,15,12,0,0,0,0,0,0
56446001,1135,588,547,1127,586,541,6,2,4,329,163,166,1054,541,513,1128,585,543,0,0,0,7,3,4
56446002,60,28,32,59,28,31,1,0,1,16,8,8,46,23,23,45,22,23,0,0,0,15,6,9
56446003,219,108,111,217,108,109,2,0,2,60,31,29,201,102,99,214,103,111,0,0,0,5,5,0
56449401,119,63,56,119,63,56,0,0,0,59,31,28,111,58,53,118,63,55,0,0,0,1,0,1
56449402,25,13,12,25,13,12,0,0,0,12,7,5,22,11,11,25,13,12,0,0,0,0,0,0
56449403,26,15,11,26,15,11,0,0,0,9,2,7,21,11,10,24,13,11,0,0,0,2,2,0
56449405,128,69,59,128,69,59,0,0,0,75,42,33,122,65,57,128,69,59,0,0,0,0,0,0
56449406,153,71,82,151,69,82,2,2,0,71,40,31,143,65,78,153,71,82,0,0,0,0,0,0
56449407,159,82,77,158,81,77,1,1,0,90,47,43,152,77,75,158,81,77,0,0,0,1,1,0
56449408,148,79,69,145,77,68,3,2,1,67,37,30,137,74,63,148,79,69,0,0,0,0,0,0
56449409,530,286,244,508,274,234,22,12,10,264,152,112,508,270,238,484,257,227,6,3,3,40,26,14
56451601,119,60,59,119,60,59,0,0,0,40,22,18,110,56,54,116,58,58,0,0,0,3,2,1
56451602,46,23,23,46,23,23,0,0,0,18,9,9,43,21,22,44,22,22,0,0,0,2,1,1
56451603,189,92,97,187,91,96,2,1,1,47,23,24,181,85,96,165,84,81,13,4,9,11,4,7
56453202,31,15,16,30,15,15,0,0,0,10,4,6,30,14,16,28,13,15,0,0,0,3,2,1
56453203,22,10,12,22,10,12,0,0,0,11,7,4,18,8,10,22,10,12,0,0,0,0,0,0
56453205,65,32,33,65,32,33,0,0,0,16,9,7,54,29,25,61,30,31,0,0,0,4,2,2
56453206,35,18,17,35,18,17,0,0,0,14,10,4,32,15,17,34,17,17,1,1,0,0,0,0
56453207,40,18,22,40,18,22,0,0,0,23,9,14,39,18,21,39,18,21,0,0,0,1,0,1
56453208,25,10,15,25,10,15,0,0,0,5,2,3,24,9,15,23,10,13,0,0,0,2,0,2
56453209,84,39,45,84,39,45,0,0,0,34,20,14,81,38,43,75,36,39,0,0,0,9,3,6
56453210,220,124,96,218,123,95,1,1,0,88,57,31,201,112,89,212,121,91,0,0,0,8,3,5
56453211,73,39,34,73,39,34,0,0,0,20,10,10,69,38,31,55,28,27,0,0,0,18,11,7
56454101,282,145,137,281,145,136,1,0,1,101,60,41,263,135,128,256,131,125,0,0,0,26,14,12
54460401,162,81,81,162,81,81,0,0,0,60,35,25,141,70,71,157,78,79,0,0,0,5,3,2
57697201,260,140,120,258,140,118,1,0,1,150,95,55,247,132,115,256,136,120,0,0,0,4,4,0
57698101,338,170,168,338,170,168,0,0,0,196,95,101,312,157,155,321,159,162,5,2,3,12,9,3
57698102,336,162,174,335,161,174,1,1,0,164,86,78,318,155,163,336,162,174,0,0,0,0,0,0
57698103,79,49,30,79,49,30,0,0,0,51,33,18,75,45,30,78,48,30,1,1,0,0,0,0
57698104,23,13,10,23,13,10,0,0,0,12,8,4,21,11,10,23,13,10,0,0,0,0,0,0
57698105,163,83,80,163,83,80,0,0,0,83,48,35,161,81,80,160,83,77,3,0,3,0,0,0
57698106,57,27,30,57,27,30,0,0,0,21,10,11,50,23,27,57,27,30,0,0,0,0,0,0
57698107,75,37,38,75,37,38,0,0,0,37,23,14,74,36,38,70,34,36,5,3,2,0,0,0
57699901,303,155,148,303,155,148,0,0,0,135,70,65,285,144,141,295,148,147,8,7,1,0,0,0
57699902,63,31,32,63,31,32,0,0,0,28,13,15,58,27,31,63,31,32,0,0,0,0,0,0
57699903,84,45,39,84,45,39,0,0,0,41,27,14,83,44,39,84,45,39,0,0,0,0,0,0
57699904,352,177,175,351,176,175,1,1,0,170,85,85,338,171,167,345,170,175,0,0,0,7,7,0
57700601,76,40,36,74,39,35,0,0,0,37,19,18,71,38,33,76,40,36,0,0,0,0,0,0
57700602,498,264,234,496,263,233,2,1,1,257,160,97,478,256,222,490,259,231,1,1,0,7,4,3
57701401,236,114,122,236,114,122,0,0,0,116,55,61,228,109,119,220,104,116,2,1,1,14,9,5
57703101,202,108,94,202,108,94,0,0,0,94,58,36,188,102,86,202,108,94,0,0,0,0,0,0
57704901,126,69,57,126,69,57,0,0,0,60,30,30,115,62,53,124,67,57,0,0,0,2,2,0
57705701,563,289,274,554,282,272,8,6,2,271,157,114,544,280,264,561,287,274,0,0,0,2,2,0
57707301,294,144,150,292,142,150,1,1,0,164,83,81,282,141,141,294,144,150,0,0,0,0,0,0
57707302,59,28,31,59,28,31,0,0,0,28,18,10,58,28,30,59,28,31,0,0,0,0,0,0
57707303,150,83,67,150,83,67,0,0,0,86,49,37,145,82,63,145,78,67,0,0,0,5,5,0
57707304,121,57,64,119,57,62,2,0,2,70,35,35,117,56,61,119,56,63,0,0,0,2,1,1
57711101,96,50,46,96,50,46,0,0,0,40,20,20,93,47,46,96,50,46,0,0,0,0,0,0
57420101,141,75,66,140,74,66,1,1,0,70,42,28,138,74,64,138,72,66,0,0,0,3,3,0
57420102,103,57,46,103,57,46,0,0,0,52,36,16,102,57,45,103,57,46,0,0,0,0,0,0
57712001,1298,651,647,1295,650,645,3,1,2,711,388,323,1248,629,619,1265,639,626,25,5,20,8,7,1
57712002,540,273,267,539,273,266,1,0,1,294,172,122,514,260,254,538,271,267,0,0,0,2,2,0
57714601,27,17,10,27,17,10,0,0,0,10,6,4,25,16,9,26,16,10,0,0,0,1,1,0
57714602,104,54,50,104,54,50,0,0,0,53,35,18,103,53,50,104,54,50,0,0,0,0,0,0
57714604,91,46,45,91,46,45,0,0,0,44,19,25,89,46,43,84,42,42,0,0,0,7,4,3
57714605,35,22,13,35,22,13,0,0,0,7,6,1,31,19,12,32,20,12,0,0,0,3,2,1
57714606,292,152,140,291,151,140,1,1,0,118,70,48,277,143,134,283,148,135,0,0,0,9,4,5
57714607,36,17,19,36,17,19,0,0,0,15,9,6,34,16,18,36,17,19,0,0,0,0,0,0
57714608,24,15,9,24,15,9,0,0,0,6,5,1,24,15,9,16,10,6,0,0,0,8,5,3
57715401,708,363,345,703,358,345,5,5,0,337,183,154,674,344,330,702,359,343,0,0,0,6,4,2
57715403,95,46,49,95,46,49,0,0,0,40,23,17,91,44,47,95,46,49,0,0,0,0,0,0
57715404,22,10,12,22,10,12,0,0,0,10,6,4,21,10,11,22,10,12,0,0,0,0,0,0
57715405,45,23,22,44,22,22,1,1,0,17,10,7,41,20,21,45,23,22,0,0,0,0,0,0
57715406,49,23,26,49,23,26,0,0,0,22,9,13,46,22,24,49,23,26,0,0,0,0,0,0
57715407,37,19,18,37,19,18,0,0,0,14,9,5,37,19,18,37,19,18,0,0,0,0,0,0
0559212,0,0,0,0,0,0,0,0,0,0,0,0,0,0,0,0,0,0,0,0,0,0,0,0
3372770,0,0,0,0,0,0,0,0,0,0,0,0,0,0,0,0,0,0,0,0,0,0,0,0
57716201,62,26,36,62,26,36,0,0,0,20,10,10,48,20,28,29,15,14,33,11,22,0,0,0
57716203,24,10,14,24,10,14,0,0,0,11,5,6,23,10,13,23,10,13,1,0,1,0,0,0
57716204,25,14,11,25,14,11,0,0,0,13,7,6,24,13,11,25,14,11,0,0,0,0,0,0
57716205,29,17,12,29,17,12,0,0,0,17,12,5,25,14,11,29,17,12,0,0,0,0,0,0
57716206,31,15,16,31,15,16,0,0,0,13,8,5,30,14,16,31,15,16,0,0,0,0,0,0
57716207,61,25,36,61,25,36,0,0,0,30,15,15,55,23,32,61,25,36,0,0,0,0,0,0
57716208,969,483,486,964,479,485,3,2,1,501,266,235,925,458,467,921,461,460,34,11,23,14,11,3
57716209,26,13,13,26,13,13,0,0,0,14,9,5,21,11,10,26,13,13,0,0,0,0,0,0
57716210,33,21,12,33,21,12,0,0,0,22,15,7,33,21,12,33,21,12,0,0,0,0,0,0
57716212,114,55,59,114,55,59,0,0,0,68,36,32,104,51,53,114,55,59,0,0,0,0,0,0
57716213,36,17,19,36,17,19,0,0,0,20,11,9,35,17,18,36,17,19,0,0,0,0,0,0
57716214,81,36,45,81,36,45,0,0,0,29,14,15,79,35,44,81,36,45,0,0,0,0,0,0
57717102,463,247,216,462,246,216,1,1,0,218,129,89,446,238,208,458,243,215,1,1,0,4,3,1
57718901,51,23,28,51,23,28,0,0,0,27,11,16,48,22,26,51,23,28,0,0,0,0,0,0
57718903,46,27,19,46,27,19,0,0,0,25,18,7,44,27,17,42,24,18,1,1,0,3,2,1
57718905,130,72,58,130,72,58,0,0,0,77,44,33,123,70,53,130,72,58,0,0,0,0,0,0
3037120,0,0,0,0,0,0,0,0,0,0,0,0,0,0,0,0,0,0,0,0,0,0,0,0
3037210,0,0,0,0,0,0,0,0,0,0,0,0,0,0,0,0,0,0,0,0,0,0,0,0
3125170,0,0,0,0,0,0,0,0,0,0,0,0,0,0,0,0,0,0,0,0,0,0,0,0
3125250,0,0,0,0,0,0,0,0,0,0,0,0,0,0,0,0,0,0,0,0,0,0,0,0
57719701,704,370,334,700,368,332,1,0,1,397,224,173,681,356,325,702,369,333,2,1,1,0,0,0
57719703,489,254,235,488,253,235,1,1,0,280,161,119,477,247,230,489,254,235,0,0,0,0,0,0
57719705,706,355,351,702,352,350,3,2,1,364,192,172,668,335,333,702,353,349,3,1,2,1,1,0
57719706,585,295,290,581,292,289,3,3,0,287,148,139,559,282,277,546,262,284,0,0,0,39,33,6
57719707,786,358,428,784,357,427,1,0,1,388,181,207,759,350,409,777,354,423,9,4,5,0,0,0
57719708,1977,948,1029,1966,943,1023,10,5,5,913,502,411,1879,902,977,1927,928,999,49,19,30,1,1,0
57720101,208,111,97,208,111,97,0,0,0,98,61,37,198,105,93,202,108,94,0,0,0,6,3,3
0633550,0,0,0,0,0,0,0,0,0,0,0,0,0,0,0,0,0,0,0,0,0,0,0,0
57721901,47,24,23,46,23,23,1,1,0,27,15,12,45,24,21,40,20,20,0,0,0,7,4,3
57721902,364,181,183,363,181,182,0,0,0,141,76,65,348,176,172,350,175,175,14,6,8,0,0,0
57721903,85,46,39,84,45,39,1,1,0,47,25,22,82,45,37,84,45,39,0,0,0,1,1,0
57721904,194,98,96,194,98,96,0,0,0,76,38,38,183,92,91,188,95,93,4,2,2,2,1,1
57721905,83,44,39,83,44,39,0,0,0,35,21,14,79,43,36,79,41,38,1,1,0,3,2,1
57722701,158,89,69,157,88,69,0,0,0,68,42,26,150,83,67,155,87,68,0,0,0,3,2,1
57722702,26,16,10,26,16,10,0,0,0,6,3,3,25,15,10,26,16,10,0,0,0,0,0,0
57723501,43,23,20,42,22,20,1,1,0,18,10,8,42,22,20,43,23,20,0,0,0,0,0,0
57723503,1207,587,620,1202,586,616,3,1,2,651,353,298,1154,562,592,1162,567,595,20,3,17,25,17,8
57723505,340,155,185,340,155,185,0,0,0,181,89,92,331,152,179,340,155,185,0,0,0,0,0,0
57724301,462,246,216,461,246,215,1,0,1,252,143,109,449,240,209,455,241,214,0,0,0,7,5,2
54748401,176,95,81,175,94,81,1,1,0,66,39,27,168,92,76,168,90,78,0,0,0,8,5,3
54748402,28,14,14,27,13,14,1,1,0,11,3,8,27,13,14,26,13,13,2,1,1,0,0,0
57737501,276,141,135,276,141,135,0,0,0,140,76,64,271,137,134,269,136,133,0,0,0,7,5,2
57737502,64,31,33,64,31,33,0,0,0,35,17,18,59,28,31,64,31,33,0,0,0,0,0,0
57729401,918,463,455,917,462,455,1,1,0,451,256,195,872,439,433,862,437,425,50,23,27,6,3,3
57730801,49,28,21,49,28,21,0,0,0,27,17,10,46,26,20,49,28,21,0,0,0,0,0,0
57730802,76,40,36,74,39,35,2,1,1,45,26,19,75,39,36,76,40,36,0,0,0,0,0,0
57730803,65,32,33,65,32,33,0,0,0,34,21,13,59,30,29,65,32,33,0,0,0,0,0,0
57730804,4621,2305,2316,4527,2240,2287,81,60,21,2584,1354,1230,4377,2164,2213,4509,2233,2276,56,30,26,56,42,14
57730805,26,16,10,26,16,10,0,0,0,17,12,5,25,15,10,26,16,10,0,0,0,0,0,0
57730806,246,118,128,244,118,126,2,0,2,137,66,71,240,116,124,244,117,127,0,0,0,2,1,1
57730808,60,27,33,60,27,33,0,0,0,36,16,20,59,26,33,60,27,33,0,0,0,0,0,0
57730809,47,22,25,47,22,25,0,0,0,26,15,11,47,22,25,47,22,25,0,0,0,0,0,0
57730810,52,31,21,52,31,21,0,0,0,32,19,13,51,30,21,52,31,21,0,0,0,0,0,0
57730811,70,38,32,69,38,31,1,0,1,46,28,18,65,36,29,69,37,32,0,0,0,1,1,0
57730812,58,22,36,58,22,36,0,0,0,35,16,19,57,22,35,58,22,36,0,0,0,0,0,0
57730813,21,13,8,21,13,8,0,0,0,12,7,5,21,13,8,17,10,7,0,0,0,4,3,1
57730814,24,14,10,24,14,10,0,0,0,14,11,3,23,13,10,24,14,10,0,0,0,0,0,0
57340001,170,82,88,168,81,87,1,1,0,80,48,32,154,76,78,170,82,88,0,0,0,0,0,0
57341801,617,327,290,615,327,288,2,0,2,251,144,107,582,310,272,613,323,290,1,1,0,3,3,0
57731601,126,66,60,125,66,59,1,0,1,47,25,22,124,66,58,126,66,60,0,0,0,0,0,0
57731602,182,79,103,182,79,103,0,0,0,82,34,48,166,72,94,146,68,78,32,9,23,4,2,2
57731603,94,50,44,93,49,44,1,1,0,42,26,16,93,49,44,94,50,44,0,0,0,0,0,0
57731604,31,15,16,31,15,16,0,0,0,16,5,11,31,15,16,31,15,16,0,0,0,0,0,0
57731605,51,25,26,50,25,25,1,0,1,22,8,14,47,23,24,50,24,26,1,1,0,0,0,0
57731606,31,17,14,31,17,14,0,0,0,16,12,4,31,17,14,31,17,14,0,0,0,0,0,0
57731607,47,22,25,47,22,25,0,0,0,26,13,13,45,20,25,47,22,25,0,0,0,0,0,0
57731608,88,50,38,87,49,38,1,1,0,30,19,11,87,50,37,88,50,38,0,0,0,0,0,0
57731609,46,24,22,46,24,22,0,0,0,29,15,14,46,24,22,46,24,22,0,0,0,0,0,0
57731610,38,21,17,36,20,16,2,1,1,20,10,10,33,17,16,38,21,17,0,0,0,0,0,0
57731611,32,18,14,32,18,14,0,0,0,19,11,8,31,17,14,32,18,14,0,0,0,0,0,0
57731612,200,101,99,200,101,99,0,0,0,102,56,46,191,96,95,190,95,95,0,0,0,10,6,4
57731613,112,54,58,108,50,58,2,2,0,48,20,28,102,48,54,112,54,58,0,0,0,0,0,0
57731614,49,25,24,49,25,24,0,0,0,21,8,13,46,23,23,49,25,24,0,0,0,0,0,0
57731615,39,17,22,39,17,22,0,0,0,17,9,8,39,17,22,39,17,22,0,0,0,0,0,0
57731616,42,22,20,42,22,20,0,0,0,9,5,4,40,20,20,42,22,20,0,0,0,0,0,0
57731617,56,24,32,56,24,32,0,0,0,20,10,10,55,24,31,56,24,32,0,0,0,0,0,0
57731618,138,67,71,136,66,70,2,1,1,69,37,32,134,64,70,138,67,71,0,0,0,0,0,0
57731619,20,10,10,20,10,10,0,0,0,8,3,5,20,10,10,20,10,10,0,0,0,0,0,0
57731620,111,53,58,111,53,58,0,0,0,69,32,37,108,52,56,111,53,58,0,0,0,0,0,0
57731621,216,108,108,216,108,108,0,0,0,127,72,55,210,105,105,216,108,108,0,0,0,0,0,0
57732401,235,123,112,235,123,112,0,0,0,95,53,42,226,119,107,233,123,110,0,0,0,2,0,2
57732402,213,109,104,213,109,104,0,0,0,113,59,54,208,106,102,201,103,98,0,0,0,12,6,6
57733201,588,311,277,585,310,275,2,1,1,264,158,106,541,289,252,572,298,274,0,0,0,16,13,3
57734101,625,311,314,622,309,313,3,2,1,335,185,150,604,299,305,614,304,310,5,3,2,6,4,2
57735901,1088,540,548,1073,530,543,13,9,4,381,199,182,1027,515,512,1062,519,543,14,12,2,12,9,3
57736702,163,85,78,163,85,78,0,0,0,71,44,27,157,83,74,154,80,74,0,0,0,9,5,4
57736703,52,28,24,52,28,24,0,0,0,25,12,13,52,28,24,52,28,24,0,0,0,0,0,0
54747601,147,71,76,147,71,76,0,0,0,73,35,38,137,69,68,146,71,75,0,0,0,1,0,1
54747602,69,40,29,68,39,29,1,1,0,29,20,9,60,35,25,65,37,28,3,2,1,1,1,0
54747603,39,17,22,39,17,22,0,0,0,13,7,6,37,17,20,39,17,22,0,0,0,0,0,0
57739101,272,139,133,271,138,133,1,1,0,104,61,43,258,133,125,269,136,133,1,1,0,2,2,0
57740501,31,19,12,31,19,12,0,0,0,15,11,4,31,19,12,31,19,12,0,0,0,0,0,0
57740502,23,13,10,23,13,10,0,0,0,9,5,4,22,12,10,23,13,10,0,0,0,0,0,0
57740504,130,59,71,129,59,70,1,0,1,58,31,27,118,53,65,110,54,56,20,5,15,0,0,0
57740505,861,442,419,858,441,417,0,0,0,466,270,196,826,424,402,845,429,416,1,0,1,15,13,2
57741301,848,428,420,786,389,397,55,33,22,323,178,145,781,393,388,780,382,398,60,38,22,8,8,0
57741302,116,60,56,116,60,56,0,0,0,50,25,25,113,58,55,116,60,56,0,0,0,0,0,0
57742101,181,97,84,179,97,82,1,0,1,87,51,36,180,96,84,178,94,84,0,0,0,3,3,0
57742102,60,31,29,60,31,29,0,0,0,32,19,13,55,29,26,60,31,29,0,0,0,0,0,0
57743001,72,37,35,72,37,35,0,0,0,34,20,14,72,37,35,72,37,35,0,0,0,0,0,0
57743003,173,97,76,172,96,76,1,1,0,92,62,30,164,95,69,173,97,76,0,0,0,0,0,0
57743004,111,56,55,110,56,54,1,0,1,44,23,21,108,55,53,110,55,55,0,0,0,1,1,0
57743005,88,49,39,88,49,39,0,0,0,39,24,15,82,46,36,88,49,39,0,0,0,0,0,0
57744801,97,60,37,95,59,36,2,1,1,44,27,17,93,58,35,94,58,36,0,0,0,3,2,1
1409702,0,0,0,0,0,0,0,0,0,0,0,0,0,0,0,0,0,0,0,0,0,0,0,0
57745601,797,382,415,794,381,413,3,1,2,443,249,194,757,366,391,694,358,336,103,24,79,0,0,0
57745602,77,36,41,77,36,41,0,0,0,35,26,9,69,34,35,75,35,40,2,1,1,0,0,0
57745604,58,35,23,58,35,23,0,0,0,31,20,11,57,35,22,56,34,22,2,1,1,0,0,0
57745605,1454,737,717,1426,711,715,27,26,1,824,449,375,1394,711,683,1399,691,708,26,25,1,29,21,8
57745607,73,39,34,70,38,32,3,1,2,33,18,15,70,37,33,59,33,26,14,6,8,0,0,0
57745609,23,12,11,23,12,11,0,0,0,8,4,4,21,11,10,15,9,6,8,3,5,0,0,0
57746401,269,133,136,268,132,136,1,1,0,142,72,70,254,124,130,269,133,136,0,0,0,0,0,0
57747201,33,13,20,33,13,20,0,0,0,12,4,8,32,13,19,32,12,20,0,0,0,1,1,0
57747202,47,24,23,47,24,23,0,0,0,13,7,6,40,20,20,47,24,23,0,0,0,0,0,0
57747203,40,19,21,40,19,21,0,0,0,17,10,7,37,18,19,39,19,20,0,0,0,1,0,1
57747204,21,8,13,21,8,13,0,0,0,8,1,7,19,8,11,20,7,13,0,0,0,1,1,0
57747205,1108,559,549,1103,557,546,5,2,3,491,273,218,1034,521,513,1085,544,541,7,2,5,16,13,3
57747206,45,27,18,45,27,18,0,0,0,19,13,6,42,25,17,45,27,18,0,0,0,0,0,0
57749901,1055,520,535,1044,513,531,10,6,4,528,272,256,1002,489,513,1042,517,525,4,0,4,9,3,6
57748101,97,47,50,93,43,50,4,4,0,32,14,18,93,46,47,96,46,50,0,0,0,1,1,0
57748102,22,12,10,22,12,10,0,0,0,15,9,6,22,12,10,22,12,10,0,0,0,0,0,0
57696401,326,160,166,324,159,165,2,1,1,197,105,92,318,156,162,326,160,166,0,0,0,0,0,0
57696402,2195,1015,1180,2176,1002,1174,17,11,6,1007,517,490,2074,955,1119,2071,979,1092,122,34,88,2,2,0
57696403,1151,513,638,1138,507,631,8,4,4,533,268,265,1082,487,595,1151,513,638,0,0,0,0,0,0
57696404,364,184,180,362,183,179,2,1,1,221,123,98,347,175,172,353,176,177,10,7,3,1,1,0
57696405,144,75,69,143,74,69,1,1,0,76,37,39,141,74,67,144,75,69,0,0,0,0,0,0
57696406,809,371,438,804,371,433,3,0,3,418,207,211,772,350,422,803,368,435,0,0,0,6,3,3
57696407,336,179,157,336,179,157,0,0,0,193,108,85,329,174,155,335,179,156,0,0,0,1,0,1
57696408,38,22,16,38,22,16,0,0,0,24,17,7,37,21,16,38,22,16,0,0,0,0,0,0
57696409,40,24,16,40,24,16,0,0,0,23,14,9,39,24,15,40,24,16,0,0,0,0,0,0
57696410,41,23,18,41,23,18,0,0,0,16,7,9,32,19,13,37,21,16,0,0,0,4,2,2
57696411,139,66,73,133,61,72,6,5,1,75,36,39,130,61,69,139,66,73,0,0,0,0,0,0
57696412,465,222,243,456,219,237,8,3,5,266,138,128,449,213,236,453,217,236,12,5,7,0,0,0
57696413,205,97,108,202,96,106,3,1,2,134,62,72,197,92,105,205,97,108,0,0,0,0,0,0
57696414,1036,551,485,1027,545,482,8,6,2,545,305,240,984,527,457,911,455,456,1,1,0,124,95,29
57696415,66,35,31,66,35,31,0,0,0,27,12,15,57,29,28,40,20,20,26,15,11,0,0,0
57696416,54,25,29,54,25,29,0,0,0,33,15,18,52,23,29,54,25,29,0,0,0,0,0,0
57696417,589,300,289,588,299,289,1,1,0,336,180,156,574,292,282,575,292,283,14,8,6,0,0,0
57752901,116,65,51,116,65,51,0,0,0,52,35,17,105,59,46,116,65,51,0,0,0,0,0,0
57752902,87,46,41,87,46,41,0,0,0,32,19,13,77,39,38,83,45,38,0,0,0,4,1,3
57752903,70,37,33,70,37,33,0,0,0,37,23,14,65,34,31,70,37,33,0,0,0,0,0,0
57752904,185,86,99,185,86,99,0,0,0,77,34,43,169,79,90,185,86,99,0,0,0,0,0,0
57752905,50,24,26,50,24,26,0,0,0,32,17,15,48,23,25,50,24,26,0,0,0,0,0,0
57752906,158,80,78,157,79,78,1,1,0,67,42,25,151,78,73,143,71,72,2,1,1,13,8,5
57752908,24,11,13,24,11,13,0,0,0,8,3,5,18,8,10,24,11,13,0,0,0,0,0,0
57754502,48,26,22,48,26,22,0,0,0,25,17,8,48,26,22,48,26,22,0,0,0,0,0,0
57754503,509,255,254,508,255,253,0,0,0,257,143,114,489,244,245,507,253,254,0,0,0,2,2,0
57754504,104,54,50,104,54,50,0,0,0,50,34,16,102,53,49,104,54,50,0,0,0,0,0,0
57755301,173,84,89,170,82,88,3,2,1,88,50,38,169,83,86,173,84,89,0,0,0,0,0,0
57755302,1246,616,630,1241,614,627,4,2,2,777,410,367,1186,587,599,1217,602,615,7,1,6,22,13,9
57755303,435,221,214,433,220,213,1,0,1,222,114,108,410,206,204,434,220,214,0,0,0,1,1,0
57756101,99,56,43,99,56,43,0,0,0,52,35,17,94,53,41,98,55,43,0,0,0,1,1,0
57756102,62,34,28,61,33,28,1,1,0,22,16,6,62,34,28,62,34,28,0,0,0,0,0,0
57757001,147,79,68,145,78,67,2,1,1,82,52,30,142,75,67,147,79,68,0,0,0,0,0,0
57757003,81,42,39,80,41,39,1,1,0,42,25,17,76,39,37,81,42,39,0,0,0,0,0,0
57759601,459,228,231,454,225,229,5,3,2,184,102,82,432,216,216,453,223,230,0,0,0,6,5,1
57759602,28,13,15,28,13,15,0,0,0,15,6,9,27,13,14,28,13,15,0,0,0,0,0,0
57759603,53,27,26,53,27,26,0,0,0,18,10,8,51,27,24,53,27,26,0,0,0,0,0,0
57759604,27,14,13,27,14,13,0,0,0,15,8,7,26,13,13,26,13,13,0,0,0,1,1,0
57760002,26,12,14,26,12,14,0,0,0,7,4,3,25,12,13,23,10,13,0,0,0,3,2,1
57760003,71,38,33,71,38,33,0,0,0,25,16,9,66,37,29,69,36,33,1,1,0,1,1,0
1717270,0,0,0,0,0,0,0,0,0,0,0,0,0,0,0,0,0,0,0,0,0,0,0,0
57762601,131,70,61,131,70,61,0,0,0,70,45,25,124,66,58,121,66,55,0,0,0,10,4,6
57762602,42,17,25,42,17,25,0,0,0,19,11,8,40,15,25,42,17,25,0,0,0,0,0,0
57762604,308,167,141,303,163,140,5,4,1,181,106,75,292,158,134,305,164,141,0,0,0,3,3,0
57762607,1148,549,599,1141,546,595,7,3,4,607,320,287,1107,529,578,1139,545,594,4,0,4,5,4,1
57762608,535,260,275,533,259,274,1,0,1,301,159,142,518,252,266,535,260,275,0,0,0,0,0,0
57762610,115,54,61,114,54,60,1,0,1,68,31,37,112,52,60,109,52,57,0,0,0,6,2,4
57762611,94,47,47,94,47,47,0,0,0,47,23,24,92,46,46,91,46,45,0,0,0,3,1,2
57762612,92,40,52,92,40,52,0,0,0,49,26,23,88,39,49,92,40,52,0,0,0,0,0,0
57762613,269,129,140,269,129,140,0,0,0,149,80,69,263,129,134,269,129,140,0,0,0,0,0,0
57762614,45,19,26,45,19,26,0,0,0,21,9,12,44,19,25,44,19,25,0,0,0,1,0,1
57762615,39,20,19,39,20,19,0,0,0,22,11,11,38,19,19,36,18,18,1,1,0,2,1,1
57762616,28,15,13,28,15,13,0,0,0,8,5,3,28,15,13,28,15,13,0,0,0,0,0,0
57762617,98,51,47,92,45,47,6,6,0,55,31,24,95,49,46,82,40,42,15,11,4,1,0,1
57762618,1110,535,575,1103,532,571,5,1,4,608,298,310,1062,513,549,1110,535,575,0,0,0,0,0,0
57762619,24,17,7,24,17,7,0,0,0,7,6,1,19,14,5,20,14,6,2,2,0,2,1,1
57762620,2553,1213,1340,2474,1163,1311,69,45,24,1109,566,543,2395,1127,1268,2553,1213,1340,0,0,0,0,0,0
57762621,166,81,85,161,78,83,4,3,1,83,44,39,158,77,81,166,81,85,0,0,0,0,0,0
57762622,1703,882,821,1553,798,755,145,81,64,818,432,386,1573,817,756,1498,742,756,104,61,43,101,79,22
57762623,117,50,67,114,48,66,3,2,1,52,23,29,106,45,61,117,50,67,0,0,0,0,0,0
57762624,2147,1012,1135,2128,1003,1125,15,8,7,1060,526,534,2071,973,1098,2105,1002,1103,41,9,32,1,1,0
57762625,425,208,217,423,207,216,2,1,1,194,101,93,403,195,208,425,208,217,0,0,0,0,0,0
57762626,2890,1364,1526,2861,1345,1516,26,18,8,1410,719,691,2764,1301,1463,2722,1325,1397,167,38,129,1,1,0
57762627,109,51,58,107,50,57,2,1,1,61,29,32,98,46,52,109,51,58,0,0,0,0,0,0
57762628,54,27,27,54,27,27,0,0,0,21,11,10,50,25,25,51,26,25,0,0,0,3,1,2
1805562,0,0,0,0,0,0,0,0,0,0,0,0,0,0,0,0,0,0,0,0,0,0,0,0
57764202,70,34,36,70,34,36,0,0,0,35,17,18,64,32,32,70,34,36,0,0,0,0,0,0
57764203,101,53,48,101,53,48,0,0,0,44,23,21,91,48,43,89,45,44,0,0,0,12,8,4
57764204,28,15,13,27,14,13,1,1,0,10,7,3,27,15,12,28,15,13,0,0,0,0,0,0
57764205,33,12,21,33,12,21,0,0,0,16,4,12,31,11,20,33,12,21,0,0,0,0,0,0
57765101,214,108,106,212,107,105,2,1,1,107,56,51,210,106,104,212,106,106,0,0,0,2,2,0
57765102,578,278,300,576,277,299,1,1,0,287,143,144,552,266,286,574,276,298,0,0,0,4,2,2
57765103,74,37,37,74,37,37,0,0,0,41,25,16,68,35,33,74,37,37,0,0,0,0,0,0
57766903,309,161,148,307,160,147,2,1,1,136,75,61,296,154,142,297,151,146,6,6,0,6,4,2
57766904,36,17,19,36,17,19,0,0,0,4,1,3,31,15,16,24,12,12,12,5,7,0,0,0
57767701,103,53,50,103,53,50,0,0,0,52,30,22,97,49,48,103,53,50,0,0,0,0,0,0
57767702,93,42,51,92,41,51,0,0,0,43,21,22,86,40,46,93,42,51,0,0,0,0,0,0
57767703,398,202,196,395,199,196,3,3,0,157,84,73,383,195,188,382,190,192,9,7,2,7,5,2
57768501,35,17,18,35,17,18,0,0,0,17,11,6,34,16,18,30,14,16,0,0,0,5,3,2
57768503,74,39,35,74,39,35,0,0,0,24,13,11,64,33,31,73,38,35,0,0,0,1,1,0
57768504,307,158,149,304,157,147,3,1,2,130,73,57,292,152,140,294,150,144,0,0,0,13,8,5
57769301,36,18,18,36,18,18,0,0,0,20,15,5,36,18,18,36,18,18,0,0,0,0,0,0
57769302,178,91,87,177,90,87,1,1,0,90,49,41,168,85,83,178,91,87,0,0,0,0,0,0
57769303,56,27,29,56,27,29,0,0,0,34,13,21,54,26,28,56,27,29,0,0,0,0,0,0
57769304,131,70,61,130,69,61,0,0,0,78,48,30,128,68,60,130,69,61,0,0,0,1,1,0
57769305,819,417,402,818,416,402,0,0,0,432,236,196,790,402,388,793,403,390,15,5,10,11,9,2
57770701,77,43,34,77,43,34,0,0,0,33,19,14,72,40,32,77,43,34,0,0,0,0,0,0
57770702,81,47,34,81,47,34,0,0,0,40,28,12,80,46,34,81,47,34,0,0,0,0,0,0
57770703,52,31,21,52,31,21,0,0,0,25,16,9,52,31,21,52,31,21,0,0,0,0,0,0
57770704,182,81,101,181,80,101,1,1,0,80,36,44,170,75,95,180,80,100,0,0,0,2,1,1
57770705,97,52,45,96,51,45,1,1,0,50,24,26,93,50,43,97,52,45,0,0,0,0,0,0
57772301,89,42,47,86,40,46,3,2,1,33,16,17,87,41,46,89,42,47,0,0,0,0,0,0
57772302,81,41,40,76,37,39,5,4,1,32,15,17,75,37,38,72,35,37,9,6,3,0,0,0
56982801,159,81,78,158,81,77,1,0,1,73,38,35,150,77,73,158,80,78,0,0,0,1,1,0
56982802,20,11,9,20,11,9,0,0,0,8,5,3,20,11,9,20,11,9,0,0,0,0,0,0
56983601,272,141,131,268,138,130,3,2,1,112,56,56,259,137,122,269,138,131,0,0,0,3,3,0
56985201,413,205,208,410,203,207,2,1,1,131,71,60,378,189,189,382,184,198,0,0,0,31,21,10
56986101,120,65,55,119,64,55,1,1,0,46,28,18,115,63,52,115,62,53,1,0,1,4,3,1
56987901,432,213,219,429,212,217,3,1,2,176,97,79,419,206,213,430,211,219,0,0,0,2,2,0
56988701,198,98,100,197,97,100,1,1,0,101,54,47,186,93,93,188,92,96,0,0,0,10,6,4
56988702,218,116,102,218,116,102,0,0,0,106,56,50,201,106,95,218,116,102,0,0,0,0,0,0
56988703,99,49,50,99,49,50,0,0,0,46,25,21,94,47,47,99,49,50,0,0,0,0,0,0
56988705,69,34,35,69,34,35,0,0,0,32,15,17,63,30,33,67,32,35,0,0,0,2,2,0
56991701,163,89,74,161,87,74,2,2,0,72,38,34,153,84,69,163,89,74,0,0,0,0,0,0
56991702,1885,935,950,1875,929,946,10,6,4,920,477,443,1821,901,920,1843,902,941,1,1,0,41,32,9
56991703,216,117,99,215,116,99,1,1,0,110,62,48,202,107,95,216,117,99,0,0,0,0,0,0
56992501,1100,521,579,1084,513,571,14,6,8,431,242,189,1026,488,538,992,490,502,96,19,77,12,12,0
56993301,170,88,82,169,88,81,1,0,1,77,39,38,163,83,80,167,85,82,0,0,0,3,3,0
56994101,248,127,121,241,122,119,7,5,2,83,39,44,230,118,112,222,108,114,0,0,0,26,19,7
56996801,488,252,236,483,249,234,5,3,2,183,103,80,471,245,226,476,241,235,2,2,0,10,9,1
56996802,73,31,42,72,31,41,0,0,0,29,17,12,67,28,39,73,31,42,0,0,0,0,0,0
56997601,193,100,93,193,100,93,0,0,0,97,59,38,184,96,88,186,97,89,0,0,0,7,3,4
56997602,67,32,35,67,32,35,0,0,0,32,16,16,66,32,34,67,32,35,0,0,0,0,0,0
56997603,91,44,47,91,44,47,0,0,0,45,22,23,89,44,45,91,44,47,0,0,0,0,0,0
56997604,75,35,40,75,35,40,0,0,0,28,13,15,69,32,37,75,35,40,0,0,0,0,0,0
56998401,370,192,178,369,191,178,1,1,0,162,86,76,360,186,174,358,183,175,0,0,0,12,9,3
56998403,61,34,27,61,34,27,0,0,0,32,19,13,61,34,27,58,33,25,0,0,0,3,1,2
56998405,121,63,58,121,63,58,0,0,0,48,30,18,113,57,56,120,62,58,0,0,0,1,1,0
56998406,216,109,107,216,109,107,0,0,0,81,39,42,205,104,101,216,109,107,0,0,0,0,0,0
56999201,322,177,145,309,164,145,13,13,0,122,72,50,287,152,135,321,176,145,0,0,0,1,1,0
57000101,428,206,222,427,206,221,1,0,1,210,104,106,416,199,217,408,193,215,0,0,0,20,13,7
57000102,244,120,124,244,120,124,0,0,0,128,72,56,228,111,117,237,116,121,0,0,0,7,4,3
57001001,161,83,78,161,83,78,0,0,0,82,45,37,152,79,73,160,82,78,0,0,0,1,1,0
57002801,531,263,268,528,261,267,2,1,1,219,126,93,501,250,251,520,254,266,0,0,0,11,9,2
57002802,358,175,183,357,175,182,1,0,1,104,55,49,348,171,177,357,174,183,0,0,0,1,1,0
57004401,489,239,250,480,234,246,7,3,4,213,107,106,463,221,242,478,232,246,0,0,0,11,7,4
57004402,21,11,10,21,11,10,0,0,0,8,5,3,20,10,10,18,9,9,0,0,0,3,2,1
57004403,59,30,29,59,30,29,0,0,0,22,13,9,58,30,28,59,30,29,0,0,0,0,0,0
57004404,116,61,55,116,61,55,0,0,0,50,26,24,110,57,53,115,61,54,0,0,0,1,0,1
0469903,0,0,0,0,0,0,0,0,0,0,0,0,0,0,0,0,0,0,0,0,0,0,0,0
3034452,0,0,0,0,0,0,0,0,0,0,0,0,0,0,0,0,0,0,0,0,0,0,0,0
3034960,0,0,0,0,0,0,0,0,0,0,0,0,0,0,0,0,0,0,0,0,0,0,0,0
3035180,0,0,0,0,0,0,0,0,0,0,0,0,0,0,0,0,0,0,0,0,0,0,0,0
3067380,0,0,0,0,0,0,0,0,0,0,0,0,0,0,0,0,0,0,0,0,0,0,0,0
3120700,0,0,0,0,0,0,0,0,0,0,0,0,0,0,0,0,0,0,0,0,0,0,0,0
3121000,0,0,0,0,0,0,0,0,0,0,0,0,0,0,0,0,0,0,0,0,0,0,0,0
3213710,0,0,0,0,0,0,0,0,0,0,0,0,0,0,0,0,0,0,0,0,0,0,0,0
3214011,0,0,0,0,0,0,0,0,0,0,0,0,0,0,0,0,0,0,0,0,0,0,0,0
3214782,0,0,0,0,0,0,0,0,0,0,0,0,0,0,0,0,0,0,0,0,0,0,0,0
3214940,0,0,0,0,0,0,0,0,0,0,0,0,0,0,0,0,0,0,0,0,0,0,0,0
3309220,0,0,0,0,0,0,0,0,0,0,0,0,0,0,0,0,0,0,0,0,0,0,0,0
56981001,346,184,162,324,171,153,21,13,8,169,98,71,328,172,156,323,164,159,22,19,3,1,1,0
56981002,24,14,10,24,14,10,0,0,0,15,8,7,23,14,9,19,11,8,0,0,0,5,3,2
56981003,529,258,271,529,258,271,0,0,0,338,169,169,511,249,262,529,258,271,0,0,0,0,0,0
56981004,3279,1493,1786,3222,1463,1759,39,24,15,1657,808,849,3157,1436,1721,3245,1477,1768,31,13,18,3,3,0
56981005,1208,583,625,1204,581,623,4,2,2,762,382,380,1172,566,606,1183,568,615,1,1,0,24,14,10
56981006,2987,1411,1576,2980,1407,1573,6,4,2,1706,859,847,2887,1358,1529,2969,1401,1568,1,1,0,17,9,8
56981007,88,40,48,88,40,48,0,0,0,55,26,29,88,40,48,88,40,48,0,0,0,0,0,0
56981008,2369,1075,1294,2331,1056,1275,33,17,16,1338,640,698,2251,1018,1233,2367,1073,1294,1,1,0,1,1,0
56981009,74,34,40,73,33,40,0,0,0,45,21,24,71,32,39,33,14,19,41,20,21,0,0,0
56981010,163,80,83,162,79,83,1,1,0,111,62,49,162,80,82,136,65,71,0,0,0,27,15,12
56981011,1882,874,1008,1873,871,1002,6,2,4,1102,561,541,1795,844,951,1491,745,746,313,85,228,78,44,34
56981012,1590,742,848,1569,729,840,16,9,7,793,387,406,1526,707,819,1587,740,847,0,0,0,3,2,1
56981013,4570,2183,2387,4403,2102,2301,125,63,62,2218,1143,1075,4298,2050,2248,4464,2134,2330,102,47,55,4,2,2
56981015,2710,1289,1421,2664,1269,1395,33,17,16,1399,726,673,2583,1236,1347,2693,1280,1413,10,5,5,7,4,3
56981017,1538,744,794,1516,730,786,18,13,5,759,397,362,1408,687,721,1538,744,794,0,0,0,0,0,0
56981018,52,30,22,50,29,21,2,1,1,34,23,11,50,30,20,50,28,22,2,2,0,0,0,0
56981019,1954,961,993,1928,945,983,24,14,10,1114,584,530,1865,911,954,1924,947,977,24,11,13,6,3,3
56981021,611,318,293,587,301,286,18,14,4,331,166,165,570,294,276,551,272,279,57,43,14,3,3,0
56981022,869,428,441,853,413,440,16,15,1,579,294,285,838,411,427,790,391,399,0,0,0,79,37,42
56981023,1108,525,583,1103,521,582,5,4,1,722,355,367,1079,510,569,1103,521,582,2,2,0,3,2,1
56981024,670,341,329,663,338,325,7,3,4,419,222,197,648,329,319,665,338,327,0,0,0,5,3,2
56981025,67,31,36,67,31,36,0,0,0,51,24,27,66,31,35,20,8,12,0,0,0,47,23,24
56981028,1812,894,918,1771,870,901,38,23,15,1166,586,580,1733,843,890,1736,852,884,53,31,22,23,11,12
56981029,275,141,134,264,135,129,10,5,5,143,75,68,270,138,132,273,140,133,2,1,1,0,0,0
56981030,186,100,86,184,98,86,2,2,0,122,72,50,175,90,85,184,98,86,1,1,0,1,1,0
56981031,71,29,42,68,28,40,1,0,1,33,12,21,69,29,40,71,29,42,0,0,0,0,0,0
56981032,1703,834,869,1686,825,861,15,9,6,1004,528,476,1621,797,824,1664,822,842,34,10,24,5,2,3
56981034,233,215,18,198,180,18,28,28,0,25,21,4,81,67,14,1,0,1,177,173,4,55,42,13
56981036,2354,1126,1228,2337,1114,1223,16,12,4,1332,668,664,2271,1088,1183,2348,1123,1225,0,0,0,6,3,3
56981038,24,16,8,21,13,8,3,3,0,14,9,5,22,14,8,18,12,6,3,1,2,3,3,0
56981039,58,32,26,57,31,26,1,1,0,33,21,12,57,31,26,58,32,26,0,0,0,0,0,0
56981040,873,448,425,866,444,422,7,4,3,533,280,253,854,438,416,769,395,374,1,0,1,103,53,50
56981041,411,211,200,405,208,197,6,3,3,283,154,129,398,206,192,404,206,198,0,0,0,7,5,2
56981042,742,381,361,739,378,361,2,2,0,466,256,210,726,372,354,742,381,361,0,0,0,0,0,0
56981043,826,408,418,820,403,417,5,4,1,570,290,280,808,400,408,711,348,363,0,0,0,115,60,55
56981044,238,107,131,238,107,131,0,0,0,160,72,88,229,103,126,204,91,113,0,0,0,34,16,18
56981045,2464,1210,1254,2444,1199,1245,19,11,8,1488,752,736,2368,1162,1206,2440,1198,1242,1,0,1,23,12,11
56981046,168,83,85,166,83,83,2,0,2,112,60,52,165,81,84,162,78,84,4,3,1,2,2,0
56981047,177,79,98,151,71,80,24,8,16,49,24,25,147,68,79,161,68,93,16,11,5,0,0,0
56981048,1665,1018,647,1576,977,599,76,31,45,758,463,295,1560,961,599,888,430,458,5,3,2,772,585,187
56981050,1223,546,677,1201,534,667,19,11,8,702,332,370,1157,511,646,1223,546,677,0,0,0,0,0,0
56981051,2416,1227,1189,2325,1169,1156,51,26,25,1118,534,584,2086,986,1100,2093,979,1114,319,244,75,4,4,0
56981052,1252,603,649,1201,578,623,46,22,24,606,304,302,1151,543,608,1249,600,649,3,3,0,0,0,0
56981054,872,398,474,849,388,461,20,8,12,397,197,200,819,367,452,872,398,474,0,0,0,0,0,0
56981055,1308,664,644,1116,574,542,164,79,85,539,283,256,1187,602,585,1287,649,638,20,14,6,1,1,0
56981056,3744,1806,1938,3544,1704,1840,169,85,84,1874,945,929,3514,1693,1821,3691,1764,1927,0,0,0,53,42,11
56981057,245,119,126,238,115,123,6,4,2,143,72,71,226,110,116,245,119,126,0,0,0,0,0,0
56981058,861,370,491,654,300,354,106,49,57,349,178,171,779,341,438,641,293,348,219,77,142,1,0,1
56981059,111,52,59,101,45,56,5,3,2,62,26,36,106,49,57,111,52,59,0,0,0,0,0,0
56981061,908,426,482,886,410,476,20,14,6,497,234,263,868,405,463,897,419,478,11,7,4,0,0,0
56981062,2557,1255,1302,2527,1235,1292,29,19,10,1537,819,718,2456,1213,1243,2510,1225,1285,20,13,7,27,17,10
56981063,65,30,35,65,30,35,0,0,0,35,17,18,61,28,33,65,30,35,0,0,0,0,0,0
56981064,723,340,383,709,332,377,13,7,6,409,198,211,675,314,361,703,328,375,20,12,8,0,0,0
56981065,4238,1884,2354,4168,1841,2327,64,38,26,2091,980,1111,4059,1789,2270,4237,1883,2354,0,0,0,1,1,0
56981066,2978,1439,1539,2944,1417,1527,30,19,11,1805,923,882,2855,1376,1479,2960,1428,1532,10,6,4,8,5,3
56981067,501,256,245,472,236,236,27,19,8,238,127,111,460,236,224,467,233,234,32,22,10,2,1,1
56981068,2129,1020,1109,2060,981,1079,61,37,24,1133,550,583,1985,945,1040,2112,1013,1099,17,7,10,0,0,0
56981069,2237,1075,1162,2127,1009,1118,83,53,30,1037,531,506,2038,968,1070,2189,1045,1144,45,29,16,3,1,2
56981070,174,82,92,173,82,91,1,0,1,115,59,56,169,78,91,139,60,79,0,0,0,35,22,13
56981071,1908,879,1029,1889,868,1021,17,11,6,991,491,500,1821,838,983,1904,877,1027,2,1,1,2,1,1
56981072,131,63,68,131,63,68,0,0,0,74,36,38,126,60,66,118,52,66,13,11,2,0,0,0
56981073,151,87,64,142,79,63,8,8,0,90,49,41,147,85,62,60,35,25,0,0,0,91,52,39
56981074,2149,1000,1149,2110,974,1136,32,23,9,1068,543,525,2019,937,1082,2149,1000,1149,0,0,0,0,0,0
56981075,193,89,104,171,78,93,21,10,11,106,46,60,181,83,98,176,83,93,15,6,9,2,0,2
56981076,4416,2045,2371,4304,1966,2338,99,71,28,2349,1134,1215,4205,1928,2277,4375,2010,2365,39,33,6,2,2,0
56981078,523,244,279,519,242,277,2,1,1,232,107,125,507,238,269,518,242,276,5,2,3,0,0,0
56981079,2023,1006,1017,1995,986,1009,26,19,7,1059,559,500,1883,929,954,2023,1006,1017,0,0,0,0,0,0
56981080,286,143,143,286,143,143,0,0,0,196,98,98,281,141,140,283,140,143,0,0,0,3,3,0
56981081,1401,674,727,1390,669,721,8,5,3,812,419,393,1341,647,694,1375,655,720,20,15,5,6,4,2
56981082,2776,1308,1468,2755,1296,1459,18,11,7,1551,787,764,2672,1261,1411,2776,1308,1468,0,0,0,0,0,0
56981083,31,26,5,9,8,1,22,18,4,1,1,0,15,13,2,0,0,0,31,26,5,0,0,0
56981084,185,89,96,185,89,96,0,0,0,105,54,51,180,87,93,183,88,95,0,0,0,2,1,1
56981085,4966,2316,2650,4916,2294,2622,44,19,25,2612,1288,1324,4763,2210,2553,4889,2290,2599,75,24,51,2,2,0
57005201,172,93,79,172,93,79,0,0,0,81,55,26,166,88,78,170,91,79,0,0,0,2,2,0
57008701,408,188,220,407,188,219,1,0,1,168,96,72,372,179,193,364,185,179,44,3,41,0,0,0
57362101,217,114,103,215,113,102,1,1,0,80,47,33,184,97,87,217,114,103,0,0,0,0,0,0
57362102,42,21,21,40,20,20,2,1,1,20,8,12,38,18,20,42,21,21,0,0,0,0,0,0
57010901,109,56,53,109,56,53,0,0,0,60,35,25,106,56,50,109,56,53,0,0,0,0,0,0
57010902,98,49,49,96,48,48,2,1,1,44,25,19,90,47,43,98,49,49,0,0,0,0,0,0
57010903,172,86,86,169,84,85,3,2,1,95,51,44,166,83,83,168,84,84,0,0,0,4,2,2
57010904,116,62,54,116,62,54,0,0,0,60,34,26,113,60,53,116,62,54,0,0,0,0,0,0
57010905,733,396,337,680,363,317,44,28,16,322,185,137,670,361,309,604,308,296,40,23,17,89,65,24
57010906,221,109,112,220,108,112,1,1,0,101,57,44,202,103,99,220,108,112,0,0,0,1,1,0
57010907,386,165,221,386,165,221,0,0,0,141,68,73,359,154,205,284,136,148,85,21,64,17,8,9
57010908,785,392,393,780,387,393,4,4,0,407,219,188,755,375,380,767,382,385,0,0,0,18,10,8
57010909,2932,1425,1507,2866,1377,1489,66,48,18,1393,696,697,2728,1318,1410,2861,1403,1458,49,11,38,22,11,11
57012501,270,136,134,269,135,134,1,1,0,110,62,48,256,129,127,269,136,133,0,0,0,1,0,1
57013301,492,250,242,491,250,241,0,0,0,183,94,89,451,234,217,467,238,229,0,0,0,25,12,13
57635201,320,169,151,319,168,151,0,0,0,144,83,61,303,162,141,316,165,151,0,0,0,4,4,0
57015001,188,98,90,186,96,90,2,2,0,81,41,40,179,92,87,187,97,90,0,0,0,1,1,0
57016801,321,156,165,320,156,164,1,0,1,151,82,69,309,151,158,313,152,161,0,0,0,8,4,4
57016802,70,35,35,70,35,35,0,0,0,17,11,6,63,33,30,70,35,35,0,0,0,0,0,0
57371001,263,131,132,262,131,131,1,0,1,138,72,66,247,122,125,262,130,132,0,0,0,1,1,0
57017601,353,186,167,353,186,167,0,0,0,176,100,76,334,174,160,350,185,165,0,0,0,3,1,2
57018401,334,171,163,333,171,162,1,0,1,151,87,64,320,166,154,332,169,163,0,0,0,2,2,0
57019201,41,21,20,41,21,20,0,0,0,20,11,9,40,20,20,41,21,20,0,0,0,0,0,0
57019202,189,93,96,189,93,96,0,0,0,82,42,40,182,89,93,187,91,96,0,0,0,2,2,0
57019203,88,46,42,88,46,42,0,0,0,43,29,14,84,45,39,88,46,42,0,0,0,0,0,0
57019204,54,24,30,54,24,30,0,0,0,24,11,13,52,22,30,54,24,30,0,0,0,0,0,0
57020601,554,271,283,553,271,282,1,0,1,274,136,138,530,259,271,528,260,268,17,4,13,9,7,2
57020602,62,32,30,62,32,30,0,0,0,28,13,15,53,26,27,62,32,30,0,0,0,0,0,0
57021401,377,186,191,374,184,190,2,1,1,167,86,81,362,178,184,363,177,186,0,0,0,14,9,5
57643301,57,23,34,56,23,33,1,0,1,19,10,9,52,20,32,48,23,25,9,0,9,0,0,0
57643302,242,122,120,241,121,120,1,1,0,110,59,51,233,116,117,238,119,119,0,0,0,4,3,1
57643303,35,15,20,35,15,20,0,0,0,12,8,4,35,15,20,35,15,20,0,0,0,0,0,0
57022201,212,108,104,212,108,104,0,0,0,76,39,37,199,100,99,209,106,103,0,0,0,3,2,1
57023101,92,41,51,92,41,51,0,0,0,37,18,19,88,40,48,92,41,51,0,0,0,0,0,0
57023102,872,433,439,869,430,439,3,3,0,411,229,182,812,404,408,859,425,434,5,2,3,8,6,2
57024901,777,398,379,776,398,378,1,0,1,293,165,128,734,379,355,766,389,377,3,2,1,8,7,1
57024902,91,47,44,91,47,44,0,0,0,40,26,14,87,46,41,91,47,44,0,0,0,0,0,0
57025701,28,12,16,28,12,16,0,0,0,11,5,6,28,12,16,28,12,16,0,0,0,0,0,0
57025702,28,14,14,28,14,14,0,0,0,7,3,4,28,14,14,28,14,14,0,0,0,0,0,0
57025703,113,50,63,113,50,63,0,0,0,52,20,32,107,48,59,112,49,63,0,0,0,1,1,0
57026501,555,280,275,553,278,275,0,0,0,226,126,100,536,270,266,552,277,275,0,0,0,3,3,0
57027301,300,151,149,297,150,147,3,1,2,103,56,47,270,136,134,296,150,146,0,0,0,4,1,3
57029001,126,70,56,126,70,56,0,0,0,50,32,18,116,65,51,125,70,55,0,0,0,1,0,1
57029002,42,22,20,42,22,20,0,0,0,22,12,10,36,18,18,42,22,20,0,0,0,0,0,0
57030301,45,22,23,45,22,23,0,0,0,15,8,7,43,20,23,41,20,21,0,0,0,4,2,2
57030302,385,200,185,385,200,185,0,0,0,176,96,80,368,193,175,378,197,181,0,0,0,7,3,4
57031101,622,313,309,620,312,308,2,1,1,252,144,108,584,291,293,618,310,308,1,1,0,3,2,1
57032001,646,322,324,637,317,320,8,5,3,304,163,141,615,303,312,639,317,322,1,1,0,6,4,2
57035402,124,60,64,124,60,64,0,0,0,48,24,24,116,56,60,123,59,64,0,0,0,1,1,0
57036201,492,235,257,492,235,257,0,0,0,234,120,114,465,227,238,487,231,256,0,0,0,5,4,1
57377901,205,103,102,205,103,102,0,0,0,83,42,41,200,100,100,200,100,100,0,0,0,5,3,2
57039701,77,42,35,77,42,35,0,0,0,30,18,12,76,42,34,77,42,35,0,0,0,0,0,0
57039702,145,78,67,145,78,67,0,0,0,74,48,26,140,74,66,145,78,67,0,0,0,0,0,0
57039704,369,196,173,369,196,173,0,0,0,156,95,61,350,186,164,366,193,173,0,0,0,3,3,0
57040101,224,110,114,224,110,114,0,0,0,121,65,56,222,110,112,224,110,114,0,0,0,0,0,0
57041901,356,197,159,355,197,158,1,0,1,167,100,67,340,189,151,345,190,155,0,0,0,11,7,4
57042701,174,85,89,174,85,89,0,0,0,76,39,37,165,79,86,173,84,89,0,0,0,1,1,0
57043501,49,27,22,49,27,22,0,0,0,21,12,9,47,26,21,49,27,22,0,0,0,0,0,0
57043502,257,120,137,255,120,135,2,0,2,109,57,52,243,115,128,247,117,130,6,2,4,4,1,3
57043503,55,27,28,55,27,28,0,0,0,21,10,11,46,24,22,55,27,28,0,0,0,0,0,0
57043504,49,23,26,49,23,26,0,0,0,28,13,15,47,21,26,49,23,26,0,0,0,0,0,0
57044301,295,145,150,295,145,150,0,0,0,130,69,61,268,132,136,291,141,150,0,0,0,4,4,0
57044302,80,40,40,80,40,40,0,0,0,47,24,23,78,39,39,80,40,40,0,0,0,0,0,0
57045101,27,14,13,27,14,13,0,0,0,16,10,6,26,13,13,27,14,13,0,0,0,0,0,0
57045102,202,109,93,198,106,92,4,3,1,101,56,45,195,104,91,200,108,92,0,0,0,2,1,1
57045103,1361,660,701,1343,649,694,16,11,5,634,329,305,1258,612,646,1253,612,641,80,23,57,28,25,3
57045104,357,184,173,355,183,172,2,1,1,164,96,68,344,175,169,357,184,173,0,0,0,0,0,0
57045105,38,20,18,38,20,18,0,0,0,17,12,5,38,20,18,38,20,18,0,0,0,0,0,0
57045106,72,32,40,72,32,40,0,0,0,35,13,22,67,30,37,72,32,40,0,0,0,0,0,0
57045107,192,96,96,192,96,96,0,0,0,90,52,38,188,94,94,192,96,96,0,0,0,0,0,0
57045108,142,67,75,142,67,75,0,0,0,67,35,32,131,62,69,142,67,75,0,0,0,0,0,0
57047801,96,48,48,96,48,48,0,0,0,46,24,22,94,47,47,89,45,44,0,0,0,7,3,4
57047802,720,350,370,717,348,369,2,1,1,364,194,170,700,341,359,712,345,367,0,0,0,8,5,3
57047803,140,68,72,140,68,72,0,0,0,78,39,39,133,66,67,140,68,72,0,0,0,0,0,0
57049401,390,198,192,389,197,192,1,1,0,169,99,70,374,190,184,389,198,191,0,0,0,1,0,1
1072550,0,0,0,0,0,0,0,0,0,0,0,0,0,0,0,0,0,0,0,0,0,0,0,0
3035260,0,0,0,0,0,0,0,0,0,0,0,0,0,0,0,0,0,0,0,0,0,0,0,0
3213540,0,0,0,0,0,0,0,0,0,0,0,0,0,0,0,0,0,0,0,0,0,0,0,0
3213620,0,0,0,0,0,0,0,0,0,0,0,0,0,0,0,0,0,0,0,0,0,0,0,0
3284130,0,0,0,0,0,0,0,0,0,0,0,0,0,0,0,0,0,0,0,0,0,0,0,0
57050801,47,27,20,47,27,20,0,0,0,25,16,9,47,27,20,47,27,20,0,0,0,0,0,0
57050802,457,216,241,456,216,240,1,0,1,295,149,146,447,214,233,454,214,240,2,2,0,1,0,1
57050803,325,160,165,317,157,160,7,3,4,185,100,85,304,151,153,325,160,165,0,0,0,0,0,0
57050804,220,110,110,219,109,110,0,0,0,94,51,43,209,103,106,217,108,109,0,0,0,3,2,1
57050806,62,28,34,62,28,34,0,0,0,26,18,8,47,23,24,62,28,34,0,0,0,0,0,0
57050807,129,64,65,129,64,65,0,0,0,54,30,24,121,60,61,129,64,65,0,0,0,0,0,0
57050808,76,38,38,76,38,38,0,0,0,37,21,16,72,37,35,76,38,38,0,0,0,0,0,0
57050809,624,298,326,615,292,323,9,6,3,314,162,152,580,275,305,583,275,308,40,22,18,1,1,0
57050810,1305,621,684,1288,610,678,17,11,6,620,307,313,1189,569,620,1192,538,654,9,1,8,104,82,22
57050811,1310,632,678,1290,623,667,18,8,10,718,355,363,1271,611,660,1308,630,678,2,2,0,0,0,0
57050812,1913,943,970,1888,931,957,21,11,10,946,508,438,1802,891,911,1896,936,960,16,6,10,1,1,0
57050813,272,144,128,267,141,126,3,2,1,155,91,64,265,140,125,272,144,128,0,0,0,0,0,0
57050815,157,83,74,150,81,69,7,2,5,77,42,35,146,76,70,157,83,74,0,0,0,0,0,0
54806501,308,167,141,307,167,140,1,0,1,147,83,64,292,160,132,302,161,141,0,0,0,6,6,0
57051602,329,167,162,329,167,162,0,0,0,170,98,72,313,157,156,328,166,162,0,0,0,1,1,0
57052401,86,43,43,86,43,43,0,0,0,36,19,17,83,42,41,86,43,43,0,0,0,0,0,0
57052402,295,147,148,295,147,148,0,0,0,117,55,62,283,139,144,280,138,142,0,0,0,15,9,6
57053201,342,168,174,341,167,174,1,1,0,137,67,70,317,156,161,330,163,167,0,0,0,12,5,7
57053202,106,57,49,106,57,49,0,0,0,60,34,26,99,53,46,106,57,49,0,0,0,0,0,0
57053203,74,40,34,72,38,34,0,0,0,29,19,10,71,40,31,74,40,34,0,0,0,0,0,0
57054101,148,76,72,148,76,72,0,0,0,71,35,36,141,71,70,145,75,70,0,0,0,3,1,2
57056702,290,139,151,289,138,151,1,1,0,120,59,61,274,131,143,287,137,150,0,0,0,3,2,1
57057501,261,122,139,258,120,138,3,2,1,122,60,62,252,118,134,261,122,139,0,0,0,0,0,0
57064801,606,319,287,602,315,287,4,4,0,296,183,113,589,308,281,599,313,286,0,0,0,7,6,1
57065601,607,302,305,599,297,302,8,5,3,246,134,112,572,282,290,599,296,303,0,0,0,8,6,2
57065602,131,70,61,131,70,61,0,0,0,60,34,26,125,68,57,131,70,61,0,0,0,0,0,0
57065603,86,38,48,86,38,48,0,0,0,28,9,19,78,36,42,86,38,48,0,0,0,0,0,0
57065604,249,119,130,246,117,129,3,2,1,117,57,60,241,116,125,248,118,130,0,0,0,1,1,0
57067201,1779,873,906,1760,859,901,19,14,5,702,383,319,1687,836,851,1744,851,893,13,9,4,22,13,9
57068101,333,160,173,329,159,170,4,1,3,121,69,52,312,151,161,324,153,171,0,0,0,9,7,2
53067101,67,31,36,67,31,36,0,0,0,23,11,12,56,25,31,67,31,36,0,0,0,0,0,0
57353101,110,53,57,110,53,57,0,0,0,48,28,20,108,52,56,107,51,56,0,0,0,3,2,1
57070201,151,85,66,151,85,66,0,0,0,60,38,22,138,78,60,146,82,64,0,0,0,5,3,2
57071101,216,110,106,215,109,106,1,1,0,96,49,47,206,105,101,214,108,106,0,0,0,2,2,0
57072901,97,49,48,97,49,48,0,0,0,46,24,22,89,46,43,96,48,48,0,0,0,1,1,0
57072902,40,22,18,40,22,18,0,0,0,11,6,5,39,22,17,40,22,18,0,0,0,0,0,0
57074501,656,328,328,650,323,327,5,4,1,337,183,154,623,312,311,643,318,325,5,5,0,8,5,3
57319101,319,152,167,318,151,167,1,1,0,136,67,69,308,149,159,314,148,166,0,0,0,5,4,1
57079601,415,211,204,409,208,201,5,2,3,190,104,86,385,199,186,412,208,204,0,0,0,3,3,0
57080002,128,60,68,128,60,68,0,0,0,47,23,24,122,55,67,128,60,68,0,0,0,0,0,0
57080003,296,154,142,294,152,142,2,2,0,119,75,44,283,150,133,292,150,142,0,0,0,4,4,0
57080004,240,124,116,232,123,109,7,0,7,82,52,30,212,111,101,231,121,110,8,2,6,1,1,0
57083401,1064,503,561,999,458,541,61,42,19,382,225,157,969,457,512,981,491,490,74,5,69,9,7,2
57085101,491,248,243,488,247,241,2,0,2,215,121,94,474,237,237,487,245,242,0,0,0,4,3,1
57086901,299,181,118,297,180,117,2,1,1,111,59,52,282,174,108,238,122,116,61,59,2,0,0,0
57086902,203,109,94,201,108,93,1,1,0,91,46,45,195,106,89,203,109,94,0,0,0,0,0,0
57086903,96,47,49,94,46,48,2,1,1,35,17,18,82,40,42,96,47,49,0,0,0,0,0,0
57086904,105,54,51,105,54,51,0,0,0,49,35,14,102,53,49,93,53,40,12,1,11,0,0,0
57086905,823,423,400,815,419,396,6,3,3,368,193,175,786,405,381,790,398,392,0,0,0,33,25,8
57087701,206,107,99,201,103,98,5,4,1,73,44,29,169,86,83,206,107,99,0,0,0,0,0,0
57087703,2590,1312,1278,2504,1239,1265,82,71,11,1099,588,511,2406,1207,1199,2535,1271,1264,1,1,0,54,40,14
57088501,141,79,62,141,79,62,0,0,0,66,40,26,134,74,60,141,79,62,0,0,0,0,0,0
57088502,392,208,184,392,208,184,0,0,0,155,84,71,369,195,174,361,191,170,1,1,0,30,16,14
57090701,74,41,33,74,41,33,0,0,0,28,21,7,70,39,31,72,41,31,0,0,0,2,0,2
57090702,150,74,76,150,74,76,0,0,0,73,36,37,135,66,69,148,73,75,0,0,0,2,1,1
57091501,134,70,64,134,70,64,0,0,0,48,28,20,128,68,60,130,68,62,0,0,0,4,2,2
57313201,410,201,209,408,200,208,2,1,1,168,85,83,374,186,188,409,200,209,0,0,0,1,1,0
57093101,170,84,86,168,84,84,2,0,2,81,40,41,159,80,79,170,84,86,0,0,0,0,0,0
57093102,1487,716,771,1470,706,764,15,8,7,589,284,305,1413,675,738,1468,704,764,0,0,0,19,12,7
57093103,26,12,14,26,12,14,0,0,0,16,10,6,25,12,13,26,12,14,0,0,0,0,0,0
57093104,429,205,224,427,203,224,1,1,0,154,80,74,400,190,210,378,183,195,0,0,0,51,22,29
57095801,39,20,19,39,20,19,0,0,0,14,10,4,33,17,16,39,20,19,0,0,0,0,0,0
57095802,250,138,112,250,138,112,0,0,0,105,68,37,240,133,107,249,137,112,0,0,0,1,1,0
0266202,0,0,0,0,0,0,0,0,0,0,0,0,0,0,0,0,0,0,0,0,0,0,0,0
57096601,99,44,55,98,44,54,1,0,1,39,20,19,91,42,49,99,44,55,0,0,0,0,0,0
57096602,269,126,143,267,124,143,2,2,0,139,66,73,256,119,137,267,125,142,0,0,0,2,1,1
54815401,323,171,152,310,162,148,13,9,4,142,71,71,303,160,143,323,171,152,0,0,0,0,0,0
57100801,424,227,197,424,227,197,0,0,0,151,87,64,399,214,185,411,217,194,0,0,0,13,10,3
57101601,112,62,50,112,62,50,0,0,0,46,28,18,98,56,42,110,60,50,0,0,0,2,2,0
57102401,363,187,176,346,175,171,16,11,5,146,80,66,340,173,167,354,181,173,0,0,0,9,6,3
57104101,350,172,178,350,172,178,0,0,0,196,99,97,341,169,172,350,172,178,0,0,0,0,0,0
57104102,96,49,47,96,49,47,0,0,0,59,35,24,93,48,45,84,42,42,0,0,0,12,7,5
57104103,223,109,114,223,109,114,0,0,0,113,59,54,218,107,111,223,109,114,0,0,0,0,0,0
57104104,53,26,27,53,26,27,0,0,0,24,12,12,52,26,26,53,26,27,0,0,0,0,0,0
57104105,225,112,113,225,112,113,0,0,0,110,57,53,223,111,112,181,88,93,0,0,0,44,24,20
57104106,56,30,26,56,30,26,0,0,0,30,19,11,50,25,25,56,30,26,0,0,0,0,0,0
57104107,4631,2261,2370,4600,2241,2359,30,19,11,2563,1304,1259,4391,2136,2255,4484,2177,2307,64,20,44,83,64,19
57105901,72,36,36,72,36,36,0,0,0,29,18,11,63,30,33,72,36,36,0,0,0,0,0,0
57105902,205,102,103,202,102,100,3,0,3,114,63,51,199,101,98,204,101,103,0,0,0,1,1,0
51371701,287,149,138,287,149,138,0,0,0,143,84,59,276,145,131,284,147,137,0,0,0,3,2,1
57108301,73,37,36,73,37,36,0,0,0,33,24,9,65,33,32,73,37,36,0,0,0,0,0,0
57108302,73,39,34,73,39,34,0,0,0,37,19,18,68,36,32,73,39,34,0,0,0,0,0,0
57108303,106,47,59,105,46,59,1,1,0,40,19,21,92,38,54,106,47,59,0,0,0,0,0,0
57108304,190,92,98,190,92,98,0,0,0,78,41,37,183,89,94,188,90,98,0,0,0,2,2,0
54805701,63,30,33,63,30,33,0,0,0,26,13,13,58,27,31,63,30,33,0,0,0,0,0,0
57109101,220,113,107,220,113,107,0,0,0,120,66,54,217,111,106,220,113,107,0,0,0,0,0,0
57109102,160,76,84,159,75,84,1,1,0,67,33,34,155,74,81,160,76,84,0,0,0,0,0,0
57109103,240,109,131,240,109,131,0,0,0,130,60,70,229,103,126,240,109,131,0,0,0,0,0,0
57109104,234,116,118,234,116,118,0,0,0,127,64,63,221,111,110,234,116,118,0,0,0,0,0,0
57109105,175,83,92,175,83,92,0,0,0,94,51,43,170,80,90,175,83,92,0,0,0,0,0,0
57109106,663,329,334,660,326,334,3,3,0,276,149,127,639,317,322,652,321,331,0,0,0,11,8,3
57110501,39,24,15,39,24,15,0,0,0,12,8,4,37,23,14,39,24,15,0,0,0,0,0,0
57110502,379,192,187,377,191,186,2,1,1,170,102,68,361,184,177,376,190,186,0,0,0,3,2,1
57111301,1794,903,891,1785,895,890,8,7,1,554,286,268,1687,854,833,1769,887,882,0,0,0,25,16,9
54867701,97,56,41,97,56,41,0,0,0,38,26,12,86,49,37,96,55,41,0,0,0,1,1,0
57113001,245,119,126,238,112,126,7,7,0,100,49,51,222,106,116,234,114,120,0,0,0,11,5,6
57374401,157,83,74,157,83,74,0,0,0,73,49,24,152,80,72,157,83,74,0,0,0,0,0,0
55370101,126,68,58,126,68,58,0,0,0,42,21,21,121,64,57,125,67,58,0,0,0,1,1,0
55370102,35,21,14,35,21,14,0,0,0,6,3,3,31,18,13,35,21,14,0,0,0,0,0,0
57266701,203,103,100,203,103,100,0,0,0,78,48,30,191,99,92,198,101,97,0,0,0,5,2,3
57267501,20,11,9,20,11,9,0,0,0,3,2,1,20,11,9,20,11,9,0,0,0,0,0,0
57267502,217,113,104,214,110,104,3,3,0,98,53,45,202,105,97,214,111,103,0,0,0,3,2,1
54890101,94,42,52,94,42,52,0,0,0,28,12,16,82,38,44,92,40,52,0,0,0,2,2,0
54890102,31,17,14,31,17,14,0,0,0,14,8,6,31,17,14,31,17,14,0,0,0,0,0,0
0059322,0,0,0,0,0,0,0,0,0,0,0,0,0,0,0,0,0,0,0,0,0,0,0,0
57270501,56,25,31,56,25,31,0,0,0,29,12,17,52,23,29,56,25,31,0,0,0,0,0,0
57270502,51,25,26,49,23,26,2,2,0,25,14,11,47,22,25,51,25,26,0,0,0,0,0,0
57270503,99,57,42,99,57,42,0,0,0,40,24,16,94,55,39,99,57,42,0,0,0,0,0,0
57270504,43,22,21,43,22,21,0,0,0,20,13,7,42,22,20,43,22,21,0,0,0,0,0,0
54897901,34,19,15,34,19,15,0,0,0,13,8,5,30,17,13,34,19,15,0,0,0,0,0,0
54897902,42,23,19,42,23,19,0,0,0,20,13,7,41,22,19,42,23,19,0,0,0,0,0,0
54897903,23,11,12,23,11,12,0,0,0,13,7,6,21,10,11,23,11,12,0,0,0,0,0,0
54910001,30,15,15,30,15,15,0,0,0,4,1,3,29,14,15,30,15,15,0,0,0,0,0,0
54910002,66,34,32,66,34,32,0,0,0,22,14,8,52,28,24,66,34,32,0,0,0,0,0,0
54910003,88,44,44,84,42,42,2,1,1,26,15,11,78,39,39,88,44,44,0,0,0,0,0,0
54907001,131,65,66,131,65,66,0,0,0,50,25,25,119,58,61,127,63,64,0,0,0,4,2,2
54885501,238,120,118,238,120,118,0,0,0,93,46,47,225,117,108,235,118,117,0,0,0,3,2,1
54895201,148,69,79,147,69,78,1,0,1,52,23,29,134,63,71,147,68,79,0,0,0,1,1,0
57335301,115,58,57,115,58,57,0,0,0,52,26,26,110,56,54,115,58,57,0,0,0,0,0,0
57335302,34,15,19,34,15,19,0,0,0,19,9,10,26,12,14,32,14,18,0,0,0,2,1,1
54928201,253,122,131,248,118,130,4,3,1,73,30,43,241,117,124,249,120,129,0,0,0,4,2,2
57277201,313,150,163,309,148,161,2,1,1,155,84,71,304,148,156,307,145,162,0,0,0,6,5,1
57277202,25,12,13,25,12,13,0,0,0,6,3,3,24,11,13,25,12,13,0,0,0,0,0,0
57278101,586,295,291,578,291,287,7,4,3,198,106,92,539,271,268,571,283,288,0,0,0,15,12,3
57278103,193,88,105,193,88,105,0,0,0,87,37,50,189,86,103,193,88,105,0,0,0,0,0,0
54899501,138,63,75,137,62,75,1,1,0,43,23,20,131,60,71,136,61,75,0,0,0,2,2,0
54899502,22,12,10,22,12,10,0,0,0,12,9,3,22,12,10,21,11,10,0,0,0,1,1,0
57281101,165,87,78,165,87,78,0,0,0,62,33,29,158,82,76,164,86,78,0,0,0,1,1,0
57281102,77,33,44,73,32,41,3,0,3,34,9,25,71,33,38,77,33,44,0,0,0,0,0,0
57282901,124,59,65,124,59,65,0,0,0,61,33,28,121,58,63,124,59,65,0,0,0,0,0,0
57282902,353,170,183,346,166,180,7,4,3,148,82,66,342,166,176,329,164,165,12,0,12,12,6,6
57282903,214,113,101,212,112,100,2,1,1,73,40,33,205,107,98,210,109,101,1,1,0,3,3,0
54911801,67,31,36,67,31,36,0,0,0,33,17,16,65,29,36,64,29,35,1,1,0,2,1,1
57283701,288,153,135,284,151,133,2,1,1,124,72,52,279,150,129,288,153,135,0,0,0,0,0,0
57283702,291,142,149,288,140,148,3,2,1,135,73,62,275,135,140,288,140,148,1,0,1,2,2,0
54908801,47,20,27,47,20,27,0,0,0,13,7,6,43,18,25,43,18,25,0,0,0,4,2,2
57333701,209,100,109,209,100,109,0,0,0,83,40,43,198,95,103,194,92,102,0,0,0,15,8,7
57333702,51,27,24,50,26,24,0,0,0,26,14,12,50,26,24,51,27,24,0,0,0,0,0,0
57290001,335,172,163,335,172,163,0,0,0,134,74,60,310,159,151,330,168,162,3,3,0,2,1,1
57290002,52,26,26,52,26,26,0,0,0,23,12,11,46,23,23,50,26,24,0,0,0,2,0,2
57290003,102,51,51,102,51,51,0,0,0,22,10,12,93,46,47,101,51,50,0,0,0,1,0,1
57290004,128,67,61,126,66,60,2,1,1,49,26,23,123,65,58,128,67,61,0,0,0,0,0,0
57291801,256,135,121,253,134,119,3,1,2,108,60,48,243,126,117,252,133,119,0,0,0,4,2,2
57291802,30,15,15,30,15,15,0,0,0,7,4,3,22,11,11,30,15,15,0,0,0,0,0,0
57291803,232,108,124,232,108,124,0,0,0,111,57,54,221,102,119,232,108,124,0,0,0,0,0,0
0147962,0,0,0,0,0,0,0,0,0,0,0,0,0,0,0,0,0,0,0,0,0,0,0,0
0311512,0,0,0,0,0,0,0,0,0,0,0,0,0,0,0,0,0,0,0,0,0,0,0,0
0452252,0,0,0,0,0,0,0,0,0,0,0,0,0,0,0,0,0,0,0,0,0,0,0,0
3198302,0,0,0,0,0,0,0,0,0,0,0,0,0,0,0,0,0,0,0,0,0,0,0,0
57292601,92,46,46,92,46,46,0,0,0,55,36,19,89,45,44,92,46,46,0,0,0,0,0,0
57292602,25,18,7,25,18,7,0,0,0,6,6,0,22,15,7,25,18,7,0,0,0,0,0,0
57292603,31,16,15,31,16,15,0,0,0,10,4,6,30,15,15,13,6,7,0,0,0,18,10,8
57292604,154,75,79,154,75,79,0,0,0,91,49,42,146,73,73,154,75,79,0,0,0,0,0,0
57292605,73,33,40,73,33,40,0,0,0,49,20,29,68,30,38,73,33,40,0,0,0,0,0,0
57292606,47,25,22,47,25,22,0,0,0,25,13,12,46,25,21,47,25,22,0,0,0,0,0,0
57292607,63,34,29,63,34,29,0,0,0,42,25,17,63,34,29,63,34,29,0,0,0,0,0,0
57292608,124,64,60,123,64,59,0,0,0,70,43,27,123,64,59,124,64,60,0,0,0,0,0,0
57292609,751,368,383,725,355,370,23,11,12,393,193,200,713,348,365,719,357,362,32,11,21,0,0,0
57292610,39,17,22,39,17,22,0,0,0,22,11,11,38,17,21,34,14,20,0,0,0,5,3,2
57292611,1216,593,623,1204,586,618,11,7,4,686,356,330,1158,566,592,1216,593,623,0,0,0,0,0,0
57292612,962,486,476,941,477,464,20,9,11,429,232,197,911,459,452,875,417,458,3,1,2,84,68,16
57292613,198,106,92,194,103,91,4,3,1,95,56,39,183,95,88,198,106,92,0,0,0,0,0,0
57292614,217,102,115,216,102,114,1,0,1,114,59,55,210,99,111,217,102,115,0,0,0,0,0,0
57292615,1798,862,936,1776,853,923,21,9,12,969,500,469,1720,819,901,1777,854,923,21,8,13,0,0,0
57292616,432,216,216,432,216,216,0,0,0,195,106,89,413,205,208,432,216,216,0,0,0,0,0,0
57292618,1794,802,992,1778,790,988,16,12,4,804,409,395,1695,755,940,1699,773,926,94,29,65,1,0,1
57292619,67,37,30,67,37,30,0,0,0,35,19,16,66,36,30,50,28,22,2,2,0,15,7,8
57292620,102,58,44,100,57,43,2,1,1,18,8,10,95,53,42,38,15,23,62,41,21,2,2,0
54935501,221,109,112,221,109,112,0,0,0,87,43,44,200,101,99,213,103,110,0,0,0,8,6,2
57296901,399,205,194,398,204,194,1,1,0,205,98,107,381,194,187,394,201,193,0,0,0,5,4,1
57296902,43,17,26,43,17,26,0,0,0,20,9,11,42,17,25,43,17,26,0,0,0,0,0,0
57296903,155,65,90,155,65,90,0,0,0,58,36,22,141,61,80,123,58,65,32,7,25,0,0,0
54903701,199,103,96,199,103,96,0,0,0,96,57,39,181,95,86,195,100,95,0,0,0,4,3,1
54922301,172,86,86,169,86,83,3,0,3,82,44,38,163,83,80,169,84,85,0,0,0,3,2,1
57299301,93,47,46,93,47,46,0,0,0,34,18,16,90,45,45,93,47,46,0,0,0,0,0,0
57299302,292,147,145,290,145,145,2,2,0,122,71,51,267,132,135,281,140,141,0,0,0,11,7,4
3122580,0,0,0,0,0,0,0,0,0,0,0,0,0,0,0,0,0,0,0,0,0,0,0,0
3380010,0,0,0,0,0,0,0,0,0,0,0,0,0,0,0,0,0,0,0,0,0,0,0,0
57265901,299,147,152,296,146,150,3,1,2,167,84,83,292,144,148,299,147,152,0,0,0,0,0,0
57265902,239,123,116,215,105,110,20,15,5,102,52,50,227,116,111,233,118,115,6,5,1,0,0,0
57265903,791,386,405,751,361,390,32,21,11,396,201,195,748,361,387,746,355,391,44,30,14,1,1,0
57265904,579,279,300,577,277,300,2,2,0,300,162,138,560,270,290,579,279,300,0,0,0,0,0,0
57265905,105,53,52,101,51,50,3,1,2,38,23,15,93,48,45,104,52,52,1,1,0,0,0,0
57265906,4659,2266,2393,4556,2193,2363,90,64,26,2233,1153,1080,4420,2133,2287,4587,2250,2337,70,14,56,2,2,0
57265908,216,104,112,214,103,111,2,1,1,90,45,45,208,99,109,216,104,112,0,0,0,0,0,0
57265909,405,220,185,403,219,184,2,1,1,219,125,94,385,210,175,405,220,185,0,0,0,0,0,0
57265910,33,19,14,33,19,14,0,0,0,13,9,4,33,19,14,33,19,14,0,0,0,0,0,0
57265912,548,280,268,538,273,265,6,4,2,323,176,147,522,266,256,547,279,268,0,0,0,1,1,0
57265913,68,36,32,67,36,31,1,0,1,31,17,14,65,34,31,68,36,32,0,0,0,0,0,0
57265914,30,17,13,29,17,12,1,0,1,15,11,4,30,17,13,20,11,9,10,6,4,0,0,0
57265915,214,109,105,210,107,103,4,2,2,101,52,49,192,99,93,210,108,102,0,0,0,4,1,3
57265916,85,38,47,84,37,47,1,1,0,48,21,27,81,35,46,85,38,47,0,0,0,0,0,0
57265917,124,62,62,124,62,62,0,0,0,77,40,37,121,59,62,124,62,62,0,0,0,0,0,0
57265918,507,239,268,481,225,256,22,11,11,214,105,109,471,220,251,506,238,268,0,0,0,1,1,0
57265919,773,411,362,720,362,358,53,49,4,377,203,174,725,377,348,710,356,354,63,55,8,0,0,0
57265920,1144,541,603,1124,527,597,19,13,6,618,295,323,1082,511,571,1141,540,601,1,1,0,2,0,2
57265921,956,469,487,943,463,480,13,6,7,545,280,265,921,455,466,951,466,485,5,3,2,0,0,0
57265922,80,42,38,80,42,38,0,0,0,41,22,19,77,40,37,80,42,38,0,0,0,0,0,0
57265924,931,444,487,918,434,484,13,10,3,483,252,231,872,414,458,931,444,487,0,0,0,0,0,0
57265925,380,226,154,375,222,153,4,3,1,172,107,65,367,221,146,232,108,124,2,2,0,146,116,30
57265926,2694,1242,1452,2646,1216,1430,44,24,20,1269,619,650,2534,1167,1367,2693,1241,1452,1,1,0,0,0,0
57265927,44,23,21,43,23,20,1,0,1,23,15,8,43,22,21,44,23,21,0,0,0,0,0,0
57300101,44,25,19,43,24,19,1,1,0,14,8,6,39,21,18,44,25,19,0,0,0,0,0,0
57300102,40,17,23,40,17,23,0,0,0,17,6,11,37,16,21,40,17,23,0,0,0,0,0,0
57300103,76,32,44,71,28,43,3,3,0,41,19,22,69,29,40,76,32,44,0,0,0,0,0,0
57300104,343,187,156,339,184,155,2,1,1,134,78,56,326,173,153,333,179,154,0,0,0,10,8,2
57300105,55,30,25,55,30,25,0,0,0,13,8,5,53,28,25,55,30,25,0,0,0,0,0,0
57300106,34,20,14,34,20,14,0,0,0,21,12,9,34,20,14,34,20,14,0,0,0,0,0,0
54915101,142,69,73,142,69,73,0,0,0,83,46,37,139,67,72,142,69,73,0,0,0,0,0,0
54915102,48,26,22,48,26,22,0,0,0,18,10,8,46,25,21,48,26,22,0,0,0,0,0,0
54931201,138,71,67,134,70,64,4,1,3,47,24,23,124,62,62,133,67,66,0,0,0,5,4,1
54931202,34,17,17,34,17,17,0,0,0,17,11,6,33,16,17,34,17,17,0,0,0,0,0,0
54916901,67,34,33,67,34,33,0,0,0,20,13,7,64,32,32,67,34,33,0,0,0,0,0,0
54916902,152,73,79,147,71,76,3,1,2,46,25,21,143,71,72,152,73,79,0,0,0,0,0,0
57304302,23,13,10,22,12,10,1,1,0,8,5,3,22,12,10,23,13,10,0,0,0,0,0,0
57304303,252,137,115,252,137,115,0,0,0,115,66,49,238,129,109,248,134,114,2,2,0,2,1,1
57305101,126,67,59,126,67,59,0,0,0,56,34,22,114,61,53,126,67,59,0,0,0,0,0,0
57305102,299,150,149,298,149,149,1,1,0,153,81,72,285,142,143,296,149,147,0,0,0,3,1,2
57306001,80,44,36,80,44,36,0,0,0,27,16,11,71,39,32,80,44,36,0,0,0,0,0,0
57306002,141,73,68,138,71,67,2,2,0,46,26,20,136,71,65,141,73,68,0,0,0,0,0,0
57306003,1739,890,849,1693,850,843,37,31,6,711,388,323,1623,830,793,1689,855,834,15,9,6,35,26,9
57306005,79,38,41,79,38,41,0,0,0,31,17,14,74,36,38,79,38,41,0,0,0,0,0,0
54892801,37,16,21,37,16,21,0,0,0,20,8,12,35,15,20,37,16,21,0,0,0,0,0,0
54894401,137,70,67,136,70,66,1,0,1,55,33,22,134,69,65,130,64,66,0,0,0,7,6,1
57213601,179,94,85,178,93,85,1,1,0,77,44,33,166,85,81,175,91,84,0,0,0,4,3,1
57204701,75,36,39,74,35,39,0,0,0,21,11,10,61,28,33,73,35,38,0,0,0,2,1,1
57309402,51,25,26,50,24,26,1,1,0,23,13,10,50,25,25,51,25,26,0,0,0,0,0,0
57309403,137,76,61,137,76,61,0,0,0,87,48,39,134,74,60,137,76,61,0,0,0,0,0,0
57309404,301,145,156,299,144,155,0,0,0,159,79,80,291,139,152,301,145,156,0,0,0,0,0,0
57309405,580,297,283,575,294,281,5,3,2,309,174,135,546,277,269,580,297,283,0,0,0,0,0,0
57309406,97,56,41,97,56,41,0,0,0,50,35,15,95,56,39,97,56,41,0,0,0,0,0,0
57309407,174,93,81,174,93,81,0,0,0,87,50,37,168,90,78,173,92,81,0,0,0,1,1,0
57309408,1924,975,949,1905,963,942,18,11,7,967,531,436,1823,921,902,1874,941,933,0,0,0,50,34,16
57309409,317,160,157,315,160,155,0,0,0,200,107,93,313,158,155,311,158,153,5,1,4,1,1,0
57310801,33,18,15,31,16,15,2,2,0,8,6,2,30,15,15,33,18,15,0,0,0,0,0,0
57310802,1584,806,778,1377,682,695,200,119,81,661,362,299,1447,730,717,1538,775,763,10,6,4,36,25,11
57310803,54,32,22,54,32,22,0,0,0,15,10,5,47,27,20,54,32,22,0,0,0,0,0,0
57310804,130,67,63,125,64,61,5,3,2,57,30,27,116,59,57,130,67,63,0,0,0,0,0,0
57310805,49,23,26,49,23,26,0,0,0,19,10,9,43,21,22,49,23,26,0,0,0,0,0,0
57311601,36,20,16,36,20,16,0,0,0,16,10,6,35,19,16,36,20,16,0,0,0,0,0,0
57311602,307,152,155,306,151,155,1,1,0,134,66,68,284,143,141,275,140,135,27,7,20,5,5,0
57311606,37,17,20,37,17,20,0,0,0,8,3,5,32,15,17,35,16,19,0,0,0,2,1,1
57311607,23,12,11,23,12,11,0,0,0,14,8,6,23,12,11,23,12,11,0,0,0,0,0,0
57311608,36,20,16,36,20,16,0,0,0,17,10,7,35,19,16,36,20,16,0,0,0,0,0,0
57311609,44,23,21,44,23,21,0,0,0,15,8,7,44,23,21,43,23,20,0,0,0,1,0,1
57311610,31,15,16,31,15,16,0,0,0,15,9,6,29,15,14,31,15,16,0,0,0,0,0,0
57311611,47,22,25,45,20,25,0,0,0,14,7,7,41,19,22,47,22,25,0,0,0,0,0,0
57312401,100,50,50,100,50,50,0,0,0,44,25,19,94,48,46,100,50,50,0,0,0,0,0,0
57312402,46,23,23,46,23,23,0,0,0,15,9,6,42,20,22,42,21,21,1,0,1,3,2,1
57312404,37,23,14,37,23,14,0,0,0,16,10,6,35,22,13,37,23,14,0,0,0,0,0,0
57312405,486,247,239,483,244,239,2,2,0,185,103,82,460,232,228,473,239,234,0,0,0,13,8,5
57312406,100,42,58,100,42,58,0,0,0,43,15,28,94,41,53,100,42,58,0,0,0,0,0,0
57308601,141,67,74,141,67,74,0,0,0,70,39,31,138,66,72,138,66,72,0,0,0,3,1,2
57308602,72,37,35,72,37,35,0,0,0,24,13,11,68,35,33,72,37,35,0,0,0,0,0,0
57314102,31,17,14,30,16,14,1,1,0,10,7,3,27,16,11,31,17,14,0,0,0,0,0,0
57314103,277,140,137,277,140,137,0,0,0,96,53,43,264,134,130,277,140,137,0,0,0,0,0,0
57315901,571,287,284,571,287,284,0,0,0,272,151,121,535,270,265,557,278,279,1,1,0,13,8,5
57316701,67,32,35,67,32,35,0,0,0,37,21,16,57,30,27,67,32,35,0,0,0,0,0,0
57316703,201,101,100,200,100,100,0,0,0,109,62,47,193,98,95,191,94,97,3,0,3,7,7,0
57316706,78,34,44,78,34,44,0,0,0,38,17,21,77,33,44,78,34,44,0,0,0,0,0,0
57316707,68,34,34,68,34,34,0,0,0,38,23,15,63,30,33,68,34,34,0,0,0,0,0,0
57316708,52,27,25,52,27,25,0,0,0,14,8,6,51,27,24,47,25,22,0,0,0,5,2,3
57316709,39,21,18,38,20,18,0,0,0,21,15,6,36,20,16,39,21,18,0,0,0,0,0,0
57317501,45,26,19,43,24,19,2,2,0,23,12,11,39,22,17,45,26,19,0,0,0,0,0,0
57317502,857,435,422,848,433,415,6,2,4,372,214,158,801,407,394,852,430,422,0,0,0,5,5,0
54886301,289,140,149,287,140,147,2,0,2,140,72,68,271,130,141,288,139,149,0,0,0,1,1,0
0969032,0,0,0,0,0,0,0,0,0,0,0,0,0,0,0,0,0,0,0,0,0,0,0,0
57320501,52,27,25,52,27,25,0,0,0,30,18,12,50,26,24,52,27,25,0,0,0,0,0,0
57320502,32,17,15,32,17,15,0,0,0,17,9,8,31,16,15,31,16,15,0,0,0,1,1,0
57320503,239,122,117,237,121,116,2,1,1,78,41,37,220,114,106,229,115,114,0,0,0,10,7,3
57320504,35,17,18,35,17,18,0,0,0,17,9,8,35,17,18,33,16,17,0,0,0,2,1,1
57320506,97,52,45,97,52,45,0,0,0,48,26,22,94,50,44,97,52,45,0,0,0,0,0,0
57320507,38,15,23,38,15,23,0,0,0,18,5,13,36,14,22,38,15,23,0,0,0,0,0,0
57321302,551,262,289,550,262,288,1,0,1,223,119,104,512,243,269,538,253,285,6,3,3,7,6,1
57323001,20,10,10,20,10,10,0,0,0,9,5,4,20,10,10,20,10,10,0,0,0,0,0,0
57323002,324,156,168,319,154,165,5,2,3,120,61,59,309,151,158,313,148,165,0,0,0,11,8,3
54920701,177,88,89,177,88,89,0,0,0,69,33,36,167,83,84,174,85,89,0,0,0,3,3,0
57324801,55,29,26,55,29,26,0,0,0,35,19,16,53,28,25,55,29,26,0,0,0,0,0,0
57324802,64,28,36,64,28,36,0,0,0,45,23,22,61,28,33,62,27,35,0,0,0,2,1,1
57324803,102,55,47,102,55,47,0,0,0,70,43,27,99,53,46,102,55,47,0,0,0,0,0,0
57324804,69,35,34,69,35,34,0,0,0,35,18,17,68,35,33,66,33,33,0,0,0,3,2,1
57324805,155,77,78,155,77,78,0,0,0,92,50,42,152,75,77,155,77,78,0,0,0,0,0,0
57324806,201,96,105,201,96,105,0,0,0,114,60,54,190,91,99,201,96,105,0,0,0,0,0,0
57324807,209,102,107,207,101,106,2,1,1,143,71,72,200,99,101,204,100,104,0,0,0,5,2,3
57324808,46,23,23,46,23,23,0,0,0,27,16,11,43,22,21,46,23,23,0,0,0,0,0,0
57324809,75,40,35,75,40,35,0,0,0,24,13,11,72,38,34,75,40,35,0,0,0,0,0,0
57324810,308,155,153,308,155,153,0,0,0,184,104,80,284,146,138,302,151,151,0,0,0,6,4,2
57324811,68,29,39,68,29,39,0,0,0,44,23,21,67,29,38,68,29,39,0,0,0,0,0,0
57324813,125,59,66,124,59,65,0,0,0,65,35,30,115,51,64,125,59,66,0,0,0,0,0,0
57324814,355,181,174,355,181,174,0,0,0,215,111,104,347,179,168,355,181,174,0,0,0,0,0,0
57324815,26,11,15,26,11,15,0,0,0,11,3,8,22,9,13,26,11,15,0,0,0,0,0,0
57324816,1581,779,802,1565,769,796,12,8,4,793,405,388,1485,740,745,1423,699,724,83,18,65,75,62,13
57324817,265,134,131,265,134,131,0,0,0,163,86,77,262,131,131,265,134,131,0,0,0,0,0,0
57324818,1384,696,688,1379,693,686,4,3,1,828,442,386,1332,673,659,1383,695,688,0,0,0,1,1,0
57324819,2020,935,1085,2004,925,1079,14,8,6,1076,549,527,1926,885,1041,2019,934,1085,0,0,0,1,1,0
57324820,362,188,174,361,188,173,1,0,1,212,116,96,353,181,172,362,188,174,0,0,0,0,0,0
57324821,700,333,367,697,330,367,3,3,0,389,200,189,677,321,356,700,333,367,0,0,0,0,0,0
57324822,219,101,118,219,101,118,0,0,0,130,66,64,213,97,116,219,101,118,0,0,0,0,0,0
57324823,141,66,75,138,64,74,3,2,1,60,32,28,131,62,69,105,47,58,36,19,17,0,0,0
54918501,73,35,38,73,35,38,0,0,0,36,17,19,72,35,37,69,34,35,0,0,0,4,1,3
54891001,118,55,63,96,48,48,22,7,15,51,27,24,107,52,55,117,54,63,0,0,0,1,1,0
57326401,228,115,113,227,114,113,1,1,0,92,53,39,223,112,111,228,115,113,0,0,0,0,0,0
57327201,99,46,53,98,45,53,1,1,0,36,16,20,96,43,53,99,46,53,0,0,0,0,0,0
57327202,45,24,21,45,24,21,0,0,0,21,11,10,42,23,19,45,24,21,0,0,0,0,0,0
57327203,48,28,20,48,28,20,0,0,0,16,12,4,47,27,20,45,26,19,0,0,0,3,2,1
57327204,1124,577,547,1121,574,547,2,2,0,509,294,215,1080,555,525,1112,566,546,0,0,0,12,11,1
57328101,103,59,44,103,59,44,0,0,0,43,28,15,95,54,41,94,54,40,0,0,0,9,5,4
57329901,188,95,93,183,92,91,5,3,2,92,51,41,178,90,88,188,95,93,0,0,0,0,0,0
57329902,45,24,21,45,24,21,0,0,0,15,8,7,41,22,19,45,24,21,0,0,0,0,0,0
57329904,47,24,23,46,23,23,1,1,0,24,15,9,47,24,23,47,24,23,0,0,0,0,0,0
57329905,61,26,35,61,26,35,0,0,0,40,16,24,59,24,35,61,26,35,0,0,0,0,0,0
57329906,686,331,355,674,322,352,11,9,2,359,191,168,656,314,342,631,308,323,19,8,11,36,15,21
57329908,125,68,57,125,68,57,0,0,0,64,44,20,119,65,54,120,65,55,2,1,1,3,2,1
57329909,46,25,21,46,25,21,0,0,0,32,19,13,45,25,20,46,25,21,0,0,0,0,0,0
57329910,73,41,32,73,41,32,0,0,0,32,19,13,69,39,30,73,41,32,0,0,0,0,0,0
54887101,47,24,23,47,24,23,0,0,0,15,8,7,44,23,21,47,24,23,0,0,0,0,0,0
57331101,259,129,130,259,129,130,0,0,0,143,76,67,245,122,123,259,129,130,0,0,0,0,0,0
57331102,344,172,172,341,170,171,3,2,1,169,87,82,329,164,165,338,167,171,0,0,0,6,5,1
57332902,79,35,44,79,35,44,0,0,0,20,12,8,71,33,38,79,35,44,0,0,0,0,0,0
57332903,162,80,82,161,80,81,1,0,1,60,31,29,149,76,73,153,74,79,0,0,0,9,6,3
57332905,95,48,47,95,48,47,0,0,0,36,20,16,88,44,44,93,47,46,0,0,0,2,1,1
57332906,115,58,57,115,58,57,0,0,0,51,27,24,109,57,52,115,58,57,0,0,0,0,0,0
57332907,42,20,22,42,20,22,0,0,0,24,13,11,37,18,19,42,20,22,0,0,0,0,0,0
57334501,26,13,13,26,13,13,0,0,0,8,5,3,26,13,13,26,13,13,0,0,0,0,0,0
57334502,211,110,101,211,110,101,0,0,0,63,40,23,205,108,97,204,106,98,0,0,0,7,4,3
57337002,246,118,128,245,117,128,1,1,0,127,62,65,235,112,123,245,117,128,0,0,0,1,1,0
57337003,89,40,49,88,40,48,1,0,1,37,18,19,80,37,43,89,40,49,0,0,0,0,0,0
57337004,46,24,22,46,24,22,0,0,0,17,11,6,46,24,22,46,24,22,0,0,0,0,0,0
57337005,34,15,19,34,15,19,0,0,0,15,7,8,34,15,19,23,11,12,0,0,0,11,4,7
54927401,108,56,52,108,56,52,0,0,0,38,23,15,97,49,48,107,55,52,0,0,0,1,1,0
57322101,321,160,161,317,157,160,4,3,1,141,71,70,307,152,155,318,157,161,0,0,0,3,3,0
54889801,73,39,34,73,39,34,0,0,0,22,11,11,68,36,32,73,39,34,0,0,0,0,0,0
54889802,50,23,27,50,23,27,0,0,0,23,9,14,44,22,22,47,21,26,0,0,0,3,2,1
57344201,39,16,23,38,15,23,1,1,0,20,7,13,39,16,23,39,16,23,0,0,0,0,0,0
57344203,31,14,17,31,14,17,0,0,0,14,9,5,31,14,17,31,14,17,0,0,0,0,0,0
57344205,28,17,11,28,17,11,0,0,0,12,10,2,28,17,11,28,17,11,0,0,0,0,0,0
57344206,25,11,14,22,10,12,2,1,1,12,4,8,23,11,12,20,9,11,0,0,0,5,2,3
57344207,136,71,65,135,70,65,1,1,0,62,39,23,133,70,63,133,70,63,0,0,0,3,1,2
57345101,66,34,32,66,34,32,0,0,0,27,19,8,54,26,28,66,34,32,0,0,0,0,0,0
57345102,237,119,118,233,116,117,2,1,1,81,49,32,220,107,113,237,119,118,0,0,0,0,0,0
57345103,27,16,11,27,16,11,0,0,0,5,4,1,27,16,11,27,16,11,0,0,0,0,0,0
54896101,103,54,49,103,54,49,0,0,0,46,28,18,100,52,48,103,54,49,0,0,0,0,0,0
57214401,116,64,52,116,64,52,0,0,0,53,34,19,111,60,51,115,63,52,0,0,0,1,1,0
57346901,122,52,70,122,52,70,0,0,0,31,17,14,107,48,59,69,38,31,53,14,39,0,0,0
57346902,77,37,40,77,37,40,0,0,0,29,17,12,70,34,36,77,37,40,0,0,0,0,0,0
57346903,345,167,178,345,167,178,0,0,0,153,86,67,328,158,170,339,163,176,0,0,0,6,4,2
57218701,127,69,58,126,69,57,1,0,1,49,27,22,117,63,54,125,67,58,0,0,0,2,2,0
57347701,286,155,131,286,155,131,0,0,0,124,79,45,276,150,126,281,150,131,0,0,0,5,5,0
57336101,93,48,45,92,47,45,1,1,0,33,17,16,88,45,43,93,48,45,0,0,0,0,0,0
0646372,0,0,0,0,0,0,0,0,0,0,0,0,0,0,0,0,0,0,0,0,0,0,0,0
57349301,49,23,26,49,23,26,0,0,0,21,9,12,44,20,24,49,23,26,0,0,0,0,0,0
57349303,48,24,24,48,24,24,0,0,0,23,11,12,43,22,21,48,24,24,0,0,0,0,0,0
57349304,23,12,11,23,12,11,0,0,0,13,8,5,23,12,11,23,12,11,0,0,0,0,0,0
57349305,1986,979,1007,1954,963,991,26,12,14,966,500,466,1906,941,965,1921,944,977,31,10,21,34,25,9
57349306,58,34,24,58,34,24,0,0,0,33,22,11,57,33,24,58,34,24,0,0,0,0,0,0
57349307,74,33,41,74,33,41,0,0,0,41,21,20,72,32,40,73,32,41,0,0,0,1,1,0
57349308,28,13,15,28,13,15,0,0,0,11,5,6,23,11,12,28,13,15,0,0,0,0,0,0
57349309,34,16,18,34,16,18,0,0,0,19,9,10,30,15,15,34,16,18,0,0,0,0,0,0
57350701,129,69,60,129,69,60,0,0,0,64,41,23,121,65,56,129,69,60,0,0,0,0,0,0
57350702,34,18,16,34,18,16,0,0,0,21,11,10,34,18,16,34,18,16,0,0,0,0,0,0
57350703,55,27,28,55,27,28,0,0,0,27,15,12,54,26,28,55,27,28,0,0,0,0,0,0
57350704,162,80,82,162,80,82,0,0,0,86,45,41,154,76,78,160,80,80,0,0,0,2,0,2
57350705,172,85,87,169,83,86,2,1,1,73,43,30,159,78,81,172,85,87,0,0,0,0,0,0
57350706,1412,711,701,1401,708,693,9,3,6,632,343,289,1338,673,665,1382,686,696,0,0,0,30,25,5
57350707,24,14,10,24,14,10,0,0,0,11,5,6,22,13,9,24,14,10,0,0,0,0,0,0
53073501,165,85,80,164,84,80,1,1,0,65,33,32,159,82,77,165,85,80,0,0,0,0,0,0
53073502,21,13,8,21,13,8,0,0,0,9,5,4,20,13,7,21,13,8,0,0,0,0,0,0
54909601,305,147,158,301,144,157,2,2,0,86,46,40,282,140,142,297,142,155,0,0,0,8,5,3
57352301,246,123,123,246,123,123,0,0,0,96,54,42,223,113,110,243,121,122,0,0,0,3,2,1
57354001,58,27,31,58,27,31,0,0,0,28,15,13,55,26,29,58,27,31,0,0,0,0,0,0
57354002,67,37,30,67,37,30,0,0,0,30,19,11,64,35,29,67,37,30,0,0,0,0,0,0
57354003,163,74,89,163,74,89,0,0,0,62,30,32,152,70,82,161,73,88,0,0,0,2,1,1
57354004,26,14,12,26,14,12,0,0,0,11,7,4,25,13,12,26,14,12,0,0,0,0,0,0
54888002,243,125,118,243,125,118,0,0,0,101,62,39,228,120,108,243,125,118,0,0,0,0,0,0
57330201,95,50,45,92,48,44,3,2,1,26,17,9,91,47,44,94,49,45,0,0,0,1,1,0
57325602,161,80,81,161,80,81,0,0,0,64,34,30,144,70,74,161,80,81,0,0,0,0,0,0
57325603,20,9,11,20,9,11,0,0,0,7,4,3,19,9,10,18,8,10,0,0,0,2,1,1
57275601,54,29,25,54,29,25,0,0,0,17,7,10,52,28,24,54,29,25,0,0,0,0,0,0
57275602,51,25,26,49,23,26,1,1,0,21,11,10,42,22,20,51,25,26,0,0,0,0,0,0
57275603,53,29,24,52,28,24,1,1,0,27,16,11,48,27,21,53,29,24,0,0,0,0,0,0
57361201,46,20,26,46,20,26,0,0,0,25,10,15,42,18,24,46,20,26,0,0,0,0,0,0
57361202,190,100,90,190,100,90,0,0,0,82,49,33,183,96,87,185,95,90,0,0,0,5,5,0
57361203,25,14,11,25,14,11,0,0,0,9,7,2,25,14,11,25,14,11,0,0,0,0,0,0
57363901,334,172,162,334,172,162,0,0,0,164,97,67,320,164,156,329,167,162,0,0,0,5,5,0
57364701,128,64,64,128,64,64,0,0,0,40,22,18,118,58,60,124,63,61,2,1,1,2,0,2
57365501,31,17,14,31,17,14,0,0,0,5,4,1,26,14,12,31,17,14,0,0,0,0,0,0
57365503,115,57,58,113,55,58,1,1,0,39,19,20,106,51,55,107,52,55,1,1,0,7,4,3
57365504,24,12,12,24,12,12,0,0,0,12,6,6,22,10,12,21,10,11,0,0,0,3,2,1
57365505,184,96,88,182,96,86,2,0,2,90,49,41,178,91,87,181,94,87,0,0,0,3,2,1
57365506,101,52,49,100,52,48,0,0,0,59,38,21,93,48,45,93,49,44,0,0,0,8,3,5
57366301,78,40,38,78,40,38,0,0,0,21,8,13,62,32,30,78,40,38,0,0,0,0,0,0
57366302,26,11,15,26,11,15,0,0,0,16,6,10,25,11,14,26,11,15,0,0,0,0,0,0
57366303,143,63,80,143,63,80,0,0,0,60,29,31,134,60,74,139,59,80,0,0,0,4,4,0
57366304,74,35,39,74,35,39,0,0,0,32,15,17,58,24,34,69,32,37,0,0,0,5,3,2
57367101,37,18,19,37,18,19,0,0,0,15,7,8,37,18,19,34,16,18,0,0,0,3,2,1
57367102,50,25,25,50,25,25,0,0,0,27,12,15,48,25,23,45,21,24,0,0,0,5,4,1
57367103,45,19,26,45,19,26,0,0,0,18,8,10,42,18,24,45,19,26,0,0,0,0,0,0
57368001,23,11,12,22,11,11,1,0,1,6,3,3,20,9,11,23,11,12,0,0,0,0,0,0
57368002,89,43,46,88,43,45,1,0,1,27,13,14,87,42,45,89,43,46,0,0,0,0,0,0
57368003,80,43,37,79,42,37,1,1,0,34,21,13,78,42,36,80,43,37,0,0,0,0,0,0
57368004,115,61,54,110,58,52,4,3,1,43,26,17,111,61,50,114,60,54,0,0,0,1,1,0
57369801,37,15,22,37,15,22,0,0,0,21,9,12,37,15,22,37,15,22,0,0,0,0,0,0
57369802,280,147,133,275,144,131,5,3,2,118,66,52,263,136,127,270,141,129,0,0,0,10,6,4
57370101,2373,1725,648,2230,1586,644,5,3,2,526,304,222,2045,1428,617,1276,634,642,1084,1081,3,13,10,3
57372801,138,70,68,138,70,68,0,0,0,43,25,18,133,67,66,138,70,68,0,0,0,0,0,0
57372802,55,30,25,55,30,25,0,0,0,25,16,9,50,27,23,55,30,25,0,0,0,0,0,0
57373601,54,26,28,53,25,28,1,1,0,32,16,16,52,25,27,54,26,28,0,0,0,0,0,0
57373602,286,155,131,285,155,130,1,0,1,135,77,58,261,143,118,279,152,127,4,1,3,3,2,1
57375201,30,11,19,30,11,19,0,0,0,14,3,11,30,11,19,30,11,19,0,0,0,0,0,0
57375202,255,124,131,255,124,131,0,0,0,119,71,48,247,121,126,251,120,131,0,0,0,4,4,0
57375203,45,24,21,45,24,21,0,0,0,18,12,6,43,22,21,45,24,21,0,0,0,0,0,0
57376101,232,121,111,232,121,111,0,0,0,80,47,33,214,113,101,211,107,104,0,0,0,21,14,7
57212801,48,25,23,48,25,23,0,0,0,13,6,7,46,24,22,48,25,23,0,0,0,0,0,0
57212802,114,63,51,113,62,51,1,1,0,43,25,18,94,53,41,113,62,51,0,0,0,1,1,0
57379501,218,113,105,214,112,102,3,1,2,107,57,50,200,100,100,215,110,105,0,0,0,3,3,0
54902901,99,59,40,99,59,40,0,0,0,44,34,10,93,57,36,98,58,40,0,0,0,1,1,0
57380901,61,35,26,61,35,26,0,0,0,27,15,12,60,34,26,61,35,26,0,0,0,0,0,0
57380902,662,336,326,654,331,323,8,5,3,293,161,132,623,319,304,652,328,324,0,0,0,10,8,2
57380903,151,73,78,150,72,78,1,1,0,66,32,34,141,68,73,151,73,78,0,0,0,0,0,0
54919302,106,61,45,106,61,45,0,0,0,25,16,9,106,61,45,79,47,32,0,0,0,27,14,13
54919304,22,11,11,22,11,11,0,0,0,7,3,4,22,11,11,22,11,11,0,0,0,0,0,0
57318302,48,24,24,46,23,23,0,0,0,12,8,4,42,21,21,48,24,24,0,0,0,0,0,0
57318303,114,60,54,111,58,53,2,2,0,58,37,21,109,57,52,109,58,51,0,0,0,5,2,3
57382502,72,38,34,71,38,33,1,0,1,38,25,13,71,38,33,70,37,33,0,0,0,2,1,1
57382503,24,14,10,24,14,10,0,0,0,6,3,3,21,12,9,24,14,10,0,0,0,0,0,0
57382504,37,19,18,37,19,18,0,0,0,14,7,7,32,17,15,37,19,18,0,0,0,0,0,0
57382505,42,25,17,42,25,17,0,0,0,16,7,9,41,25,16,42,25,17,0,0,0,0,0,0
57382506,1109,557,552,1087,541,546,19,14,5,439,238,201,1056,531,525,1081,538,543,2,2,0,26,17,9
57382507,20,10,10,20,10,10,0,0,0,8,5,3,20,10,10,20,10,10,0,0,0,0,0,0
57383302,52,25,27,52,25,27,0,0,0,27,14,13,50,24,26,52,25,27,0,0,0,0,0,0
57383304,207,102,105,203,99,104,4,3,1,98,52,46,197,97,100,205,100,105,0,0,0,2,2,0
57384101,95,53,42,95,53,42,0,0,0,32,24,8,90,50,40,94,52,42,0,0,0,1,1,0
57385001,228,104,124,224,102,122,4,2,2,98,45,53,213,98,115,225,101,124,1,1,0,2,2,0
54778601,131,69,62,129,68,61,1,1,0,42,25,17,119,62,57,117,60,57,1,1,0,13,8,5
54778602,337,161,176,325,157,168,12,4,8,127,68,59,313,149,164,322,154,168,0,0,0,15,7,8
57388401,608,323,285,607,323,284,1,0,1,247,144,103,544,289,255,604,319,285,0,0,0,4,4,0
0064750,0,0,0,0,0,0,0,0,0,0,0,0,0,0,0,0,0,0,0,0,0,0,0,0
57389201,984,499,485,980,497,483,3,2,1,497,253,244,932,475,457,960,486,474,10,3,7,14,10,4
57390601,196,102,94,196,102,94,0,0,0,73,41,32,184,96,88,188,96,92,0,0,0,8,6,2
57391401,332,157,175,332,157,175,0,0,0,130,72,58,311,150,161,319,147,172,0,0,0,13,10,3
57392201,1104,548,556,1098,547,551,6,1,5,658,351,307,1051,523,528,1081,530,551,23,18,5,0,0,0
57392202,122,67,55,122,67,55,0,0,0,77,44,33,119,65,54,122,67,55,0,0,0,0,0,0
57392204,41,21,20,40,21,19,1,0,1,21,12,9,40,21,19,40,21,19,0,0,0,1,0,1
57392205,1025,473,552,1023,473,550,1,0,1,545,273,272,980,454,526,977,460,517,48,13,35,0,0,0
57392206,63,31,32,63,31,32,0,0,0,38,19,19,61,31,30,63,31,32,0,0,0,0,0,0
57392207,35,19,16,35,19,16,0,0,0,13,8,5,34,19,15,35,19,16,0,0,0,0,0,0
57392208,508,236,272,506,235,271,2,1,1,237,117,120,499,229,270,508,236,272,0,0,0,0,0,0
57392210,675,340,335,669,336,333,6,4,2,341,190,151,631,314,317,674,340,334,0,0,0,1,0,1
57392211,343,165,178,343,165,178,0,0,0,197,98,99,314,152,162,331,156,175,12,9,3,0,0,0
57392212,106,50,56,104,49,55,0,0,0,72,36,36,100,48,52,106,50,56,0,0,0,0,0,0
57392214,162,78,84,162,78,84,0,0,0,105,53,52,158,75,83,155,74,81,0,0,0,7,4,3
57392215,979,493,486,975,493,482,2,0,2,542,271,271,939,474,465,903,433,470,67,51,16,9,9,0
57392216,1093,523,570,1087,521,566,5,2,3,576,281,295,1042,498,544,1039,493,546,54,30,24,0,0,0
57392217,213,107,106,213,107,106,0,0,0,109,61,48,209,104,105,213,107,106,0,0,0,0,0,0
57392218,405,180,225,398,175,223,5,4,1,216,94,122,385,169,216,393,174,219,12,6,6,0,0,0
0134710,0,0,0,0,0,0,0,0,0,0,0,0,0,0,0,0,0,0,0,0,0,0,0,0
57393102,171,91,80,168,90,78,0,0,0,83,52,31,163,86,77,170,90,80,0,0,0,1,1,0
57393104,80,46,34,80,46,34,0,0,0,24,17,7,78,44,34,76,44,32,0,0,0,4,2,2
54775101,340,180,160,338,179,159,0,0,0,145,90,55,311,166,145,334,176,158,0,0,0,6,4,2
57395701,445,223,222,445,223,222,0,0,0,230,121,109,425,214,211,437,216,221,0,0,0,8,7,1
50509901,198,100,98,198,100,98,0,0,0,86,53,33,186,95,91,198,100,98,0,0,0,0,0,0
57396501,213,108,105,213,108,105,0,0,0,126,66,60,197,100,97,213,108,105,0,0,0,0,0,0
57396502,5087,2486,2601,5054,2467,2587,28,17,11,3024,1523,1501,4864,2374,2490,4974,2412,2562,35,12,23,78,62,16
57396503,662,334,328,662,334,328,0,0,0,405,222,183,646,325,321,662,334,328,0,0,0,0,0,0
57396504,1114,528,586,1112,526,586,2,2,0,702,350,352,1065,504,561,1113,527,586,0,0,0,1,1,0
57396505,93,49,44,93,49,44,0,0,0,68,41,27,92,48,44,93,49,44,0,0,0,0,0,0
57396506,34,19,15,34,19,15,0,0,0,23,11,12,32,18,14,34,19,15,0,0,0,0,0,0
57396507,161,76,85,160,75,85,1,1,0,103,52,51,156,73,83,161,76,85,0,0,0,0,0,0
57396508,34,18,16,31,16,15,3,2,1,22,10,12,34,18,16,31,16,15,0,0,0,3,2,1
57396509,559,296,263,557,296,261,1,0,1,320,189,131,544,287,257,552,291,261,0,0,0,7,5,2
57396510,59,29,30,59,29,30,0,0,0,28,14,14,55,27,28,15,7,8,1,1,0,43,21,22
57397301,465,227,238,460,226,234,5,1,4,231,110,121,450,218,232,444,216,228,0,0,0,21,11,10
57398101,165,78,87,165,78,87,0,0,0,60,27,33,148,71,77,160,75,85,0,0,0,5,3,2
57398102,42,21,21,42,21,21,0,0,0,22,11,11,40,20,20,42,21,21,0,0,0,0,0,0
57398104,78,41,37,78,41,37,0,0,0,37,18,19,76,39,37,78,41,37,0,0,0,0,0,0
57399001,335,159,176,335,159,176,0,0,0,163,82,81,317,148,169,335,159,176,0,0,0,0,0,0
57399002,3119,1466,1653,3078,1446,1632,33,18,15,1457,748,709,2981,1401,1580,2887,1368,1519,164,44,120,68,54,14
57399003,51,26,25,51,26,25,0,0,0,19,14,5,46,24,22,51,26,25,0,0,0,0,0,0
57399004,942,462,480,937,458,479,5,4,1,482,256,226,905,440,465,938,459,479,1,1,0,3,2,1
57399006,75,37,38,75,37,38,0,0,0,32,16,16,67,32,35,70,34,36,0,0,0,5,3,2
57399007,203,103,100,203,103,100,0,0,0,108,63,45,197,101,96,203,103,100,0,0,0,0,0,0
57399008,207,104,103,206,104,102,0,0,0,75,38,37,190,97,93,202,101,101,0,0,0,5,3,2
57401501,158,80,78,158,80,78,0,0,0,89,39,50,147,74,73,158,80,78,0,0,0,0,0,0
57401502,232,124,108,231,123,108,1,1,0,112,71,41,221,116,105,224,119,105,0,0,0,8,5,3
57401503,65,34,31,65,34,31,0,0,0,24,17,7,58,31,27,65,34,31,0,0,0,0,0,0
57401504,36,20,16,35,20,15,1,0,1,20,10,10,35,19,16,36,20,16,0,0,0,0,0,0
57401505,158,72,86,158,72,86,0,0,0,67,29,38,146,67,79,158,72,86,0,0,0,0,0,0
57402301,704,348,356,703,348,355,0,0,0,315,166,149,682,336,346,698,346,352,2,1,1,4,1,3
57403101,573,280,293,572,280,292,0,0,0,258,131,127,546,271,275,567,275,292,0,0,0,6,5,1
57404001,60,29,31,60,29,31,0,0,0,17,10,7,55,26,29,60,29,31,0,0,0,0,0,0
57404002,106,48,58,105,48,57,1,0,1,46,25,21,100,43,57,106,48,58,0,0,0,0,0,0
57404003,146,75,71,146,75,71,0,0,0,72,36,36,142,74,68,141,71,70,0,0,0,5,4,1
57404004,88,46,42,88,46,42,0,0,0,44,23,21,83,42,41,88,46,42,0,0,0,0,0,0
0386012,0,0,0,0,0,0,0,0,0,0,0,0,0,0,0,0,0,0,0,0,0,0,0,0
57405801,64,32,32,64,32,32,0,0,0,24,15,9,62,31,31,64,32,32,0,0,0,0,0,0
57405802,395,205,190,392,203,189,3,2,1,180,97,83,381,197,184,386,200,186,3,2,1,6,3,3
57405803,23,12,11,21,11,10,0,0,0,4,1,3,23,12,11,19,10,9,0,0,0,4,2,2
57406601,29,13,16,29,13,16,0,0,0,6,1,5,29,13,16,24,11,13,0,0,0,5,2,3
57406602,400,201,199,400,201,199,0,0,0,194,109,85,378,190,188,397,199,198,0,0,0,3,2,1
57406603,70,36,34,70,36,34,0,0,0,27,15,12,66,35,31,70,36,34,0,0,0,0,0,0
54753101,152,80,72,152,80,72,0,0,0,77,45,32,141,74,67,152,80,72,0,0,0,0,0,0
57407401,386,192,194,386,192,194,0,0,0,163,96,67,363,180,183,378,186,192,0,0,0,8,6,2
57407402,67,37,30,67,37,30,0,0,0,24,13,11,66,36,30,63,35,28,0,0,0,4,2,2
57407403,25,12,13,25,12,13,0,0,0,9,4,5,25,12,13,25,12,13,0,0,0,0,0,0
57407404,75,34,41,75,34,41,0,0,0,28,16,12,72,33,39,74,33,41,0,0,0,1,1,0
3123040,0,0,0,0,0,0,0,0,0,0,0,0,0,0,0,0,0,0,0,0,0,0,0,0
3382570,0,0,0,0,0,0,0,0,0,0,0,0,0,0,0,0,0,0,0,0,0,0,0,0
57408201,1842,875,967,1812,863,949,21,9,12,974,499,475,1762,839,923,1842,875,967,0,0,0,0,0,0
57408202,188,88,100,187,87,100,1,1,0,98,48,50,166,76,90,166,77,89,22,11,11,0,0,0
57408203,842,425,417,836,423,413,5,2,3,367,195,172,767,378,389,655,338,317,94,20,74,93,67,26
57408204,856,388,468,849,386,463,3,1,2,397,196,201,808,367,441,849,385,464,5,2,3,2,1,1
57408205,28,14,14,28,14,14,0,0,0,17,9,8,27,13,14,28,14,14,0,0,0,0,0,0
57408206,946,467,479,940,462,478,6,5,1,515,273,242,894,440,454,938,462,476,0,0,0,8,5,3
57408207,20,9,11,20,9,11,0,0,0,8,4,4,20,9,11,20,9,11,0,0,0,0,0,0
57408208,42,21,21,42,21,21,0,0,0,27,14,13,37,16,21,42,21,21,0,0,0,0,0,0
57408209,694,351,343,694,351,343,0,0,0,424,229,195,675,342,333,688,347,341,0,0,0,6,4,2
57408210,150,74,76,150,74,76,0,0,0,71,37,34,140,69,71,147,71,76,0,0,0,3,3,0
57408211,274,127,147,274,127,147,0,0,0,172,84,88,263,121,142,270,125,145,4,2,2,0,0,0
57408212,134,51,83,125,48,77,9,3,6,23,12,11,114,43,71,51,28,23,83,23,60,0,0,0
57416301,178,99,79,177,99,78,1,0,1,64,36,28,169,92,77,176,97,79,2,2,0,0,0,0
57411201,382,190,192,362,186,176,20,4,16,181,103,78,358,181,177,370,182,188,0,0,0,12,8,4
57411202,24,13,11,24,13,11,0,0,0,7,4,3,22,12,10,24,13,11,0,0,0,0,0,0
57411203,22,11,11,22,11,11,0,0,0,3,2,1,21,11,10,22,11,11,0,0,0,0,0,0
57411204,148,77,71,147,77,70,1,0,1,62,34,28,140,74,66,148,77,71,0,0,0,0,0,0
57411205,30,19,11,30,19,11,0,0,0,12,8,4,25,15,10,30,19,11,0,0,0,0,0,0
57411206,105,50,55,105,50,55,0,0,0,54,28,26,103,50,53,105,50,55,0,0,0,0,0,0
57411207,37,18,19,37,18,19,0,0,0,18,10,8,34,18,16,37,18,19,0,0,0,0,0,0
0574013,0,0,0,0,0,0,0,0,0,0,0,0,0,0,0,0,0,0,0,0,0,0,0,0
57412102,114,54,60,113,53,60,1,1,0,65,34,31,110,51,59,114,54,60,0,0,0,0,0,0
57412104,1743,882,861,1730,874,856,11,6,5,948,510,438,1675,849,826,1693,850,843,33,24,9,17,8,9
57412105,1099,527,572,1082,514,568,16,12,4,499,246,253,1037,495,542,1099,527,572,0,0,0,0,0,0
57412107,231,123,108,182,92,90,49,31,18,79,38,41,216,114,102,194,99,95,37,24,13,0,0,0
57412108,2745,1312,1433,2710,1293,1417,33,18,15,1326,694,632,2625,1255,1370,2696,1294,1402,47,16,31,2,2,0
57412109,566,290,276,561,285,276,4,4,0,313,167,146,532,273,259,555,284,271,1,0,1,10,6,4
57412110,1291,612,679,1284,607,677,4,4,0,745,354,391,1229,580,649,1283,607,676,4,2,2,4,3,1
57412111,123,65,58,122,65,57,1,0,1,67,38,29,118,63,55,123,65,58,0,0,0,0,0,0
57412112,22,9,13,22,9,13,0,0,0,11,4,7,22,9,13,22,9,13,0,0,0,0,0,0
57412113,483,235,248,481,233,248,2,2,0,283,146,137,467,229,238,483,235,248,0,0,0,0,0,0
57412114,237,119,118,236,119,117,0,0,0,157,74,83,229,116,113,237,119,118,0,0,0,0,0,0
57412115,204,104,100,188,94,94,16,10,6,111,56,55,197,102,95,203,104,99,0,0,0,1,0,1
57412116,1537,776,761,1491,747,744,35,22,13,869,450,419,1454,728,726,1526,768,758,9,6,3,2,2,0
57412117,465,244,221,449,235,214,16,9,7,277,148,129,436,229,207,458,240,218,0,0,0,7,4,3
57412118,249,125,124,248,124,124,0,0,0,137,70,67,241,120,121,249,125,124,0,0,0,0,0,0
57412119,283,131,152,281,130,151,2,1,1,186,93,93,270,126,144,283,131,152,0,0,0,0,0,0
57412120,165,87,78,165,87,78,0,0,0,87,51,36,154,80,74,165,87,78,0,0,0,0,0,0
57412122,423,256,167,418,253,165,5,3,2,194,110,84,391,240,151,244,116,128,2,2,0,177,138,39
57413901,736,375,361,736,375,361,0,0,0,361,201,160,710,361,349,724,367,357,0,0,0,12,8,4
57414701,132,76,56,132,76,56,0,0,0,53,39,14,128,74,54,129,74,55,0,0,0,3,2,1
57415501,421,228,193,397,211,186,22,16,6,165,111,54,393,208,185,416,224,192,0,0,0,5,4,1
57454601,192,102,90,192,102,90,0,0,0,70,37,33,176,95,81,182,98,84,0,0,0,10,4,6
57454602,560,288,272,556,287,269,2,0,2,252,144,108,544,283,261,540,275,265,0,0,0,20,13,7
57454603,121,65,56,121,65,56,0,0,0,56,37,19,117,64,53,118,63,55,0,0,0,3,2,1
57454604,74,37,37,74,37,37,0,0,0,29,15,14,70,34,36,72,36,36,0,0,0,2,1,1
57454605,57,29,28,56,28,28,1,1,0,24,12,12,54,27,27,57,29,28,0,0,0,0,0,0
57417101,424,222,202,421,222,199,2,0,2,174,104,70,405,211,194,413,214,199,0,0,0,11,8,3
57418001,142,75,67,140,73,67,2,2,0,57,33,24,125,64,61,134,69,65,0,0,0,8,6,2
57418002,63,36,27,62,36,26,1,0,1,25,19,6,61,35,26,63,36,27,0,0,0,0,0,0
57418003,63,31,32,63,31,32,0,0,0,29,17,12,61,30,31,63,31,32,0,0,0,0,0,0
54770101,61,31,30,60,30,30,1,1,0,27,9,18,61,31,30,59,29,30,0,0,0,2,2,0
57338801,93,47,46,93,47,46,0,0,0,41,25,16,90,44,46,90,45,45,0,0,0,3,2,1
57421002,123,66,57,122,65,57,1,1,0,51,28,23,109,58,51,123,66,57,0,0,0,0,0,0
57421003,492,246,246,492,246,246,0,0,0,288,162,126,467,234,233,476,233,243,1,1,0,15,12,3
57421004,109,53,56,108,52,56,1,1,0,56,28,28,105,51,54,104,50,54,0,0,0,5,3,2
57421005,318,150,168,317,149,168,1,1,0,196,97,99,311,147,164,318,150,168,0,0,0,0,0,0
57422801,475,232,243,472,231,241,3,1,2,186,97,89,456,226,230,473,230,243,0,0,0,2,2,0
57423601,126,61,65,126,61,65,0,0,0,51,31,20,121,60,61,125,60,65,0,0,0,1,1,0
57424401,222,116,106,221,115,106,1,1,0,109,67,42,216,113,103,220,115,105,0,0,0,2,1,1
57425201,105,56,49,102,54,48,3,2,1,42,24,18,95,50,45,105,56,49,0,0,0,0,0,0
57425202,250,127,123,250,127,123,0,0,0,128,75,53,240,124,116,249,126,123,0,0,0,1,1,0
57425203,1187,550,637,1185,549,636,2,1,1,521,261,260,1125,514,611,1108,506,602,23,11,12,56,33,23
57425204,109,57,52,109,57,52,0,0,0,46,24,22,101,52,49,109,57,52,0,0,0,0,0,0
57425206,75,42,33,72,41,31,1,0,1,46,31,15,70,39,31,74,41,33,0,0,0,1,1,0
57425207,239,130,109,237,129,108,2,1,1,117,66,51,233,125,108,232,127,105,2,2,0,5,1,4
57425208,266,135,131,264,134,130,2,1,1,119,67,52,255,129,126,266,135,131,0,0,0,0,0,0
57426101,54,34,20,52,33,19,2,1,1,24,19,5,52,33,19,54,34,20,0,0,0,0,0,0
57426102,32,17,15,32,17,15,0,0,0,16,10,6,30,16,14,31,17,14,0,0,0,1,0,1
57426103,79,44,35,77,43,34,2,1,1,38,21,17,70,40,30,79,44,35,0,0,0,0,0,0
57426104,36,19,17,36,19,17,0,0,0,16,7,9,35,19,16,36,19,17,0,0,0,0,0,0
57426105,371,190,181,368,187,181,2,2,0,177,101,76,356,183,173,368,187,181,0,0,0,3,3,0
57386801,113,64,49,113,64,49,0,0,0,69,44,25,110,62,48,106,59,47,0,0,0,7,5,2
57386803,246,114,132,246,114,132,0,0,0,160,76,84,232,111,121,233,108,125,0,0,0,13,6,7
57386804,402,204,198,400,203,197,1,0,1,255,146,109,377,195,182,372,188,184,0,0,0,30,16,14
57386805,548,278,270,545,276,269,2,1,1,379,203,176,539,273,266,546,277,269,2,1,1,0,0,0
57386806,87,45,42,86,44,42,0,0,0,58,28,30,86,44,42,87,45,42,0,0,0,0,0,0
57386809,1306,636,670,1293,628,665,11,6,5,813,415,398,1260,611,649,1301,632,669,4,3,1,1,1,0
57386810,257,134,123,256,134,122,1,0,1,183,107,76,245,128,117,252,131,121,0,0,0,5,3,2
57386811,99,49,50,98,48,50,1,1,0,63,36,27,94,46,48,93,45,48,0,0,0,6,4,2
57386812,488,234,254,487,234,253,1,0,1,317,149,168,476,229,247,488,234,254,0,0,0,0,0,0
57386813,1502,727,775,1474,708,766,27,18,9,818,406,412,1446,694,752,1499,726,773,0,0,0,3,1,2
57386815,502,225,277,487,216,271,12,7,5,252,124,128,484,215,269,502,225,277,0,0,0,0,0,0
57386816,436,193,243,417,184,233,19,9,10,204,103,101,416,183,233,435,193,242,0,0,0,1,0,1
57386817,507,255,252,503,252,251,4,3,1,308,169,139,476,239,237,507,255,252,0,0,0,0,0,0
57386818,246,116,130,238,113,125,7,3,4,159,80,79,240,114,126,241,114,127,0,0,0,5,2,3
57386819,194,99,95,193,98,95,1,1,0,132,73,59,185,96,89,189,97,92,0,0,0,5,2,3
57386820,1150,571,579,1129,559,570,20,11,9,702,364,338,1097,543,554,1144,568,576,0,0,0,6,3,3
57386821,1618,849,769,1541,807,734,68,39,29,772,430,342,1505,792,713,1308,618,690,6,3,3,304,228,76
57386822,64,32,32,64,32,32,0,0,0,43,20,23,64,32,32,58,27,31,0,0,0,6,5,1
57386824,441,212,229,415,198,217,26,14,12,239,118,121,405,194,211,437,211,226,3,1,2,1,0,1
57386825,1829,869,960,1812,858,954,16,10,6,914,462,452,1765,835,930,1829,869,960,0,0,0,0,0,0
57386826,2401,1108,1293,2299,1057,1242,97,50,47,1308,631,677,2259,1039,1220,2390,1101,1289,5,5,0,6,2,4
57386827,716,339,377,715,338,377,1,1,0,430,220,210,696,332,364,681,323,358,15,3,12,20,13,7
57386828,1048,486,562,1019,471,548,26,14,12,509,243,266,979,454,525,1047,485,562,0,0,0,1,1,0
57386829,1045,483,562,1032,474,558,9,8,1,602,307,295,985,459,526,925,438,487,92,33,59,28,12,16
57386831,1470,672,798,1463,668,795,7,4,3,817,420,397,1404,644,760,1291,636,655,168,31,137,11,5,6
57386832,78,40,38,47,24,23,31,16,15,30,17,13,67,32,35,45,24,21,16,11,5,17,5,12
57386833,268,137,131,267,137,130,1,0,1,169,91,78,263,136,127,266,136,130,0,0,0,2,1,1
3202260,0,0,0,0,0,0,0,0,0,0,0,0,0,0,0,0,0,0,0,0,0,0,0,0
3316510,0,0,0,0,0,0,0,0,0,0,0,0,0,0,0,0,0,0,0,0,0,0,0,0
3381170,0,0,0,0,0,0,0,0,0,0,0,0,0,0,0,0,0,0,0,0,0,0,0,0
57427902,1374,685,689,1373,685,688,1,0,1,743,397,346,1332,665,667,1365,678,687,9,7,2,0,0,0
57427903,103,52,51,103,52,51,0,0,0,71,36,35,101,51,50,93,47,46,0,0,0,10,5,5
57427904,235,119,116,235,119,116,0,0,0,139,77,62,224,112,112,235,119,116,0,0,0,0,0,0
57427905,445,211,234,441,208,233,4,3,1,259,127,132,434,208,226,445,211,234,0,0,0,0,0,0
57427906,252,125,127,250,123,127,1,1,0,125,71,54,243,121,122,250,123,127,2,2,0,0,0,0
57427907,1028,471,557,1027,470,557,1,1,0,522,269,253,987,454,533,1028,471,557,0,0,0,0,0,0
57427908,1472,689,783,1463,683,780,8,6,2,661,339,322,1401,655,746,1470,687,783,0,0,0,2,2,0
57427909,1082,543,539,1069,536,533,10,6,4,530,281,249,1029,510,519,973,469,504,9,3,6,100,71,29
57427910,140,71,69,140,71,69,0,0,0,82,53,29,136,69,67,139,71,68,0,0,0,1,0,1
57427911,2563,1260,1303,2546,1251,1295,16,9,7,1207,634,573,2435,1189,1246,2516,1248,1268,43,9,34,4,3,1
57427912,127,65,62,127,65,62,0,0,0,58,32,26,123,62,61,127,65,62,0,0,0,0,0,0
57427913,52,32,20,52,32,20,0,0,0,24,16,8,50,30,20,34,21,13,0,0,0,18,11,7
1073102,0,0,0,0,0,0,0,0,0,0,0,0,0,0,0,0,0,0,0,0,0,0,0,0
1073360,0,0,0,0,0,0,0,0,0,0,0,0,0,0,0,0,0,0,0,0,0,0,0,0
57428703,763,375,388,760,372,388,2,2,0,353,180,173,727,356,371,760,372,388,1,1,0,2,2,0
57428704,33,19,14,33,19,14,0,0,0,10,7,3,28,17,11,22,11,11,0,0,0,11,8,3
57429501,337,167,170,337,167,170,0,0,0,157,82,75,316,155,161,334,164,170,0,0,0,3,3,0
57431701,335,167,168,332,165,167,3,2,1,146,79,67,300,149,151,335,167,168,0,0,0,0,0,0
57434101,131,69,62,131,69,62,0,0,0,69,39,30,126,64,62,129,68,61,0,0,0,2,1,1
57434102,60,27,33,59,26,33,1,1,0,32,14,18,58,26,32,59,26,33,0,0,0,1,1,0
57434104,224,115,109,224,115,109,0,0,0,137,75,62,222,113,109,224,115,109,0,0,0,0,0,0
57434105,1172,595,577,1155,586,569,13,7,6,574,317,257,1113,557,556,1123,564,559,5,3,2,44,28,16
57434106,61,27,34,61,27,34,0,0,0,35,16,19,60,27,33,61,27,34,0,0,0,0,0,0
57434107,2244,1074,1170,2237,1071,1166,6,2,4,1103,574,529,2130,1015,1115,2176,1055,1121,64,18,46,4,1,3
1339063,0,0,0,0,0,0,0,0,0,0,0,0,0,0,0,0,0,0,0,0,0,0,0,0
1339140,0,0,0,0,0,0,0,0,0,0,0,0,0,0,0,0,0,0,0,0,0,0,0,0
57435001,140,71,69,140,71,69,0,0,0,55,36,19,137,69,68,135,69,66,2,1,1,3,1,2
57435002,356,180,176,355,180,175,1,0,1,186,92,94,329,167,162,350,176,174,0,0,0,6,4,2
57435003,29,15,14,29,15,14,0,0,0,12,6,6,28,14,14,29,15,14,0,0,0,0,0,0
57435004,76,43,33,76,43,33,0,0,0,34,20,14,70,38,32,76,43,33,0,0,0,0,0,0
57435005,25,12,13,25,12,13,0,0,0,16,10,6,24,12,12,25,12,13,0,0,0,0,0,0
57435007,566,290,276,566,290,276,0,0,0,285,163,122,539,274,265,553,282,271,0,0,0,13,8,5
57436801,185,96,89,185,96,89,0,0,0,79,37,42,178,91,87,183,95,88,0,0,0,2,1,1
57437601,72,39,33,72,39,33,0,0,0,31,21,10,60,34,26,72,39,33,0,0,0,0,0,0
57437603,600,287,313,600,287,313,0,0,0,250,123,127,579,279,300,595,283,312,0,0,0,5,4,1
57438401,172,89,83,172,89,83,0,0,0,81,46,35,167,85,82,172,89,83,0,0,0,0,0,0
57438402,193,101,92,193,101,92,0,0,0,97,57,40,185,95,90,187,97,90,0,0,0,6,4,2
57440601,70,31,39,70,31,39,0,0,0,32,12,20,68,29,39,66,29,37,0,0,0,4,2,2
57440602,303,150,153,302,150,152,1,0,1,156,92,64,288,144,144,293,146,147,4,1,3,6,3,3
57440603,239,114,125,238,113,125,0,0,0,116,62,54,228,110,118,239,114,125,0,0,0,0,0,0
53078601,224,109,115,224,109,115,0,0,0,99,49,50,204,96,108,223,108,115,0,0,0,1,1,0
54772701,117,58,59,117,58,59,0,0,0,48,28,20,110,56,54,110,54,56,0,0,0,7,4,3
57442202,45,24,21,45,24,21,0,0,0,18,10,8,42,23,19,36,18,18,0,0,0,9,6,3
57442203,267,135,132,266,134,132,0,0,0,122,64,58,248,124,124,262,133,129,0,0,0,5,2,3
57443101,257,134,123,257,134,123,0,0,0,143,76,67,249,129,120,256,133,123,0,0,0,1,1,0
57445701,58,23,35,58,23,35,0,0,0,31,14,17,53,21,32,58,23,35,0,0,0,0,0,0
57445702,244,121,123,244,121,123,0,0,0,102,67,35,224,111,113,240,118,122,1,0,1,3,3,0
57446501,90,47,43,90,47,43,0,0,0,43,24,19,84,42,42,90,47,43,0,0,0,0,0,0
57446502,75,40,35,75,40,35,0,0,0,37,21,16,71,38,33,75,40,35,0,0,0,0,0,0
57446503,41,21,20,41,21,20,0,0,0,16,13,3,40,21,19,41,21,20,0,0,0,0,0,0
57446504,407,203,204,402,202,200,3,0,3,204,102,102,384,195,189,399,196,203,0,0,0,8,7,1
57448101,47,22,25,47,22,25,0,0,0,22,11,11,44,20,24,46,22,24,0,0,0,1,0,1
57448102,39,20,19,39,20,19,0,0,0,10,5,5,39,20,19,39,20,19,0,0,0,0,0,0
57448103,150,81,69,150,81,69,0,0,0,79,45,34,142,77,65,150,81,69,0,0,0,0,0,0
57448104,359,177,182,357,175,182,1,1,0,163,90,73,336,168,168,341,166,175,6,2,4,12,9,3
57448105,38,25,13,38,25,13,0,0,0,19,15,4,36,23,13,38,25,13,0,0,0,0,0,0
57448106,57,33,24,55,32,23,2,1,1,28,16,12,54,32,22,57,33,24,0,0,0,0,0,0
57448107,295,144,151,294,143,151,1,1,0,144,80,64,276,132,144,290,142,148,0,0,0,5,2,3
57448108,94,45,49,94,45,49,0,0,0,50,28,22,90,42,48,94,45,49,0,0,0,0,0,0
57449001,50,29,21,50,29,21,0,0,0,32,20,12,50,29,21,50,29,21,0,0,0,0,0,0
57449002,329,172,157,329,172,157,0,0,0,147,95,52,321,169,152,320,168,152,0,0,0,9,4,5
54765401,38,20,18,38,20,18,0,0,0,18,11,7,37,20,17,37,19,18,0,0,0,1,1,0
54765402,140,73,67,138,71,67,2,2,0,53,34,19,136,71,65,137,71,66,0,0,0,3,2,1
57451101,284,143,141,283,142,141,1,1,0,143,73,70,268,137,131,275,138,137,4,1,3,5,4,1
57453801,60,34,26,60,34,26,0,0,0,17,11,6,59,33,26,58,33,25,0,0,0,2,1,1
57453802,40,27,13,39,26,13,1,1,0,16,11,5,40,27,13,34,22,12,6,5,1,0,0,0
57453803,235,120,115,234,119,115,1,1,0,124,67,57,228,116,112,235,120,115,0,0,0,0,0,0
57453804,110,52,58,110,52,58,0,0,0,48,21,27,100,46,54,110,52,58,0,0,0,0,0,0
57453805,59,33,26,59,33,26,0,0,0,25,18,7,50,29,21,59,33,26,0,0,0,0,0,0
57453806,89,48,41,89,48,41,0,0,0,40,26,14,83,46,37,89,48,41,0,0,0,0,0,0
57453810,20,9,11,16,8,8,4,1,3,5,3,2,19,8,11,20,9,11,0,0,0,0,0,0
57453811,786,411,375,784,411,373,2,0,2,349,203,146,744,388,356,722,368,354,46,28,18,18,15,3
57453812,168,89,79,166,87,79,2,2,0,57,28,29,149,77,72,165,87,78,0,0,0,3,2,1
57455401,195,101,94,195,101,94,0,0,0,101,52,49,184,94,90,193,100,93,0,0,0,2,1,1
57455402,527,260,267,524,257,267,3,3,0,257,140,117,499,246,253,516,254,262,5,2,3,6,4,2
57456201,632,319,313,623,311,312,8,7,1,320,175,145,618,310,308,610,302,308,1,1,0,21,16,5
57456203,35,19,16,35,19,16,0,0,0,12,6,6,33,18,15,35,19,16,0,0,0,0,0,0
57456204,44,27,17,42,26,16,2,1,1,9,6,3,39,24,15,44,27,17,0,0,0,0,0,0
57457101,24,14,10,24,14,10,0,0,0,7,5,2,24,14,10,24,14,10,0,0,0,0,0,0
57457102,321,171,150,317,168,149,4,3,1,152,85,67,306,164,142,308,163,145,1,1,0,12,7,5
57457103,50,25,25,50,25,25,0,0,0,29,13,16,50,25,25,49,24,25,0,0,0,1,1,0
54764601,2196,1075,1121,2181,1068,1113,14,7,7,1007,527,480,2105,1033,1072,2162,1051,1111,6,5,1,28,19,9
57458901,313,169,144,309,166,143,4,3,1,137,77,60,303,161,142,303,162,141,3,2,1,7,5,2
54774301,303,155,148,294,150,144,9,5,4,127,69,58,289,148,141,298,153,145,0,0,0,5,2,3
54756502,139,71,68,139,71,68,0,0,0,57,33,24,134,68,66,139,71,68,0,0,0,0,0,0
54756503,43,20,23,43,20,23,0,0,0,15,6,9,40,19,21,43,20,23,0,0,0,0,0,0
57460101,69,31,38,69,31,38,0,0,0,30,16,14,65,30,35,69,31,38,0,0,0,0,0,0
57460102,305,150,155,305,150,155,0,0,0,157,85,72,298,145,153,304,150,154,0,0,0,1,0,1
57462701,137,70,67,137,70,67,0,0,0,84,45,39,135,70,65,136,69,67,0,0,0,1,1,0
57463501,190,103,87,188,102,86,2,1,1,78,50,28,179,97,82,188,101,87,0,0,0,2,2,0
57463503,91,50,41,90,49,41,1,1,0,44,25,19,83,44,39,91,50,41,0,0,0,0,0,0
57464301,482,245,237,481,244,237,1,1,0,188,97,91,460,234,226,457,230,227,2,1,1,23,14,9
57465101,216,115,101,215,114,101,1,1,0,95,55,40,205,109,96,211,111,100,0,0,0,5,4,1
57465102,177,97,80,177,97,80,0,0,0,78,49,29,171,94,77,172,95,77,0,0,0,5,2,3
57465103,97,52,45,97,52,45,0,0,0,56,35,21,95,51,44,97,52,45,0,0,0,0,0,0
57465104,54,30,24,54,30,24,0,0,0,27,18,9,48,27,21,52,29,23,0,0,0,2,1,1
57466001,29,17,12,29,17,12,0,0,0,16,11,5,28,17,11,29,17,12,0,0,0,0,0,0
57466002,110,52,58,110,52,58,0,0,0,48,23,25,107,52,55,109,51,58,0,0,0,1,1,0
57466003,164,91,73,159,89,70,0,0,0,63,43,20,150,85,65,163,90,73,0,0,0,1,1,0
57466005,138,74,64,137,74,63,0,0,0,62,36,26,131,69,62,133,69,64,0,0,0,5,5,0
57468601,626,315,311,622,313,309,4,2,2,255,149,106,598,299,299,613,307,306,0,0,0,13,8,5
57469402,563,272,291,561,272,289,2,0,2,287,150,137,536,259,277,560,269,291,0,0,0,3,3,0
57470802,277,147,130,277,147,130,0,0,0,118,67,51,265,141,124,275,145,130,0,0,0,2,2,0
57607701,1044,502,542,1041,500,541,3,2,1,419,218,201,984,468,516,963,485,478,78,15,63,3,2,1
3178960,0,0,0,0,0,0,0,0,0,0,0,0,0,0,0,0,0,0,0,0,0,0,0,0
57608501,316,167,149,316,167,149,0,0,0,134,75,59,306,162,144,308,161,147,0,0,0,8,6,2
57608502,52,30,22,52,30,22,0,0,0,29,21,8,52,30,22,52,30,22,0,0,0,0,0,0
0010310,0,0,0,0,0,0,0,0,0,0,0,0,0,0,0,0,0,0,0,0,0,0,0,0
57609301,115,56,59,112,55,57,3,1,2,38,25,13,107,51,56,92,42,50,3,2,1,20,12,8
57609304,78,42,36,72,39,33,6,3,3,18,12,6,70,38,32,43,27,16,20,8,12,15,7,8
57610701,305,160,145,305,160,145,0,0,0,131,79,52,287,151,136,302,158,144,0,0,0,3,2,1
57610702,259,131,128,252,125,127,6,6,0,151,87,64,247,125,122,259,131,128,0,0,0,0,0,0
57610703,58,29,29,58,29,29,0,0,0,34,18,16,51,26,25,58,29,29,0,0,0,0,0,0
57610704,68,31,37,68,31,37,0,0,0,41,24,17,65,30,35,68,31,37,0,0,0,0,0,0
57611501,171,78,93,171,78,93,0,0,0,71,38,33,167,76,91,155,78,77,16,0,16,0,0,0
57611502,22,11,11,22,11,11,0,0,0,10,5,5,22,11,11,22,11,11,0,0,0,0,0,0
57612301,381,190,191,378,189,189,2,1,1,159,85,74,352,178,174,371,180,191,1,1,0,9,9,0
57612302,96,47,49,96,47,49,0,0,0,47,23,24,95,46,49,96,47,49,0,0,0,0,0,0
57612303,120,62,58,120,62,58,0,0,0,57,32,25,109,55,54,120,62,58,0,0,0,0,0,0
57613101,1944,933,1011,1923,918,1005,18,12,6,911,493,418,1821,873,948,1795,875,920,108,32,76,41,26,15
57613102,81,44,37,81,44,37,0,0,0,35,20,15,80,43,37,81,44,37,0,0,0,0,0,0
57614001,153,80,73,151,79,72,1,1,0,72,40,32,143,75,68,146,76,70,0,0,0,7,4,3
57614003,130,64,66,129,63,66,1,1,0,68,36,32,122,59,63,129,63,66,1,1,0,0,0,0
57614004,114,64,50,113,63,50,1,1,0,51,32,19,109,61,48,114,64,50,0,0,0,0,0,0
57616602,258,139,119,250,135,115,4,2,2,122,76,46,238,124,114,239,128,111,1,1,0,18,10,8
57617401,220,108,112,219,108,111,1,0,1,112,61,51,213,103,110,217,105,112,0,0,0,3,3,0
57618201,1671,887,784,1548,789,759,113,91,22,769,421,348,1547,804,743,1653,873,780,2,2,0,16,12,4
57619101,24,9,15,24,9,15,0,0,0,9,5,4,21,9,12,24,9,15,0,0,0,0,0,0
57619102,608,282,326,607,282,325,1,0,1,310,139,171,581,268,313,603,278,325,0,0,0,5,4,1
57619104,294,149,145,293,148,145,1,1,0,139,71,68,272,136,136,282,139,143,0,0,0,12,10,2
57619105,102,49,53,101,48,53,1,1,0,39,21,18,96,46,50,102,49,53,0,0,0,0,0,0
57620401,662,342,320,643,327,316,17,14,3,285,156,129,625,324,301,650,334,316,10,6,4,2,2,0
57620402,145,72,73,145,72,73,0,0,0,59,32,27,134,65,69,145,72,73,0,0,0,0,0,0
57621201,25,12,13,25,12,13,0,0,0,15,7,8,21,11,10,25,12,13,0,0,0,0,0,0
57621202,1681,822,859,1666,815,851,14,6,8,804,427,377,1592,779,813,1595,788,807,60,16,44,26,18,8
57621203,87,40,47,87,40,47,0,0,0,38,20,18,86,39,47,87,40,47,0,0,0,0,0,0
57621204,116,57,59,116,57,59,0,0,0,65,32,33,112,55,57,110,53,57,0,0,0,6,4,2
57621206,32,19,13,25,14,11,6,5,1,9,5,4,24,13,11,32,19,13,0,0,0,0,0,0
57622102,497,253,244,493,250,243,4,3,1,257,150,107,476,245,231,468,234,234,25,16,9,4,3,1
57622103,61,29,32,61,29,32,0,0,0,34,21,13,60,28,32,61,29,32,0,0,0,0,0,0
3381920,0,0,0,0,0,0,0,0,0,0,0,0,0,0,0,0,0,0,0,0,0,0,0,0
57624701,40,24,16,40,24,16,0,0,0,14,10,4,33,21,12,30,19,11,4,1,3,6,4,2
57624702,67,31,36,67,31,36,0,0,0,29,14,15,59,29,30,63,28,35,4,3,1,0,0,0
57624704,393,189,204,390,188,202,1,0,1,164,79,85,380,181,199,361,173,188,12,3,9,20,13,7
57624705,22,13,9,22,13,9,0,0,0,7,6,1,22,13,9,14,8,6,0,0,0,8,5,3
57624706,20,8,12,20,8,12,0,0,0,13,5,8,19,8,11,5,2,3,0,0,0,15,6,9
57624707,22,12,10,22,12,10,0,0,0,8,5,3,17,12,5,9,7,2,2,2,0,11,3,8
57626301,548,274,274,542,270,272,6,4,2,279,145,134,514,259,255,538,266,272,3,3,0,7,5,2
57626302,106,54,52,106,54,52,0,0,0,56,35,21,101,53,48,106,54,52,0,0,0,0,0,0
57626304,108,54,54,108,54,54,0,0,0,58,31,27,105,52,53,106,53,53,0,0,0,2,1,1
57626305,48,23,25,48,23,25,0,0,0,21,9,12,45,21,24,48,23,25,0,0,0,0,0,0
57626306,25,12,13,25,12,13,0,0,0,12,7,5,23,11,12,22,10,12,2,1,1,1,1,0
0275880,0,0,0,0,0,0,0,0,0,0,0,0,0,0,0,0,0,0,0,0,0,0,0,0
3036820,0,0,0,0,0,0,0,0,0,0,0,0,0,0,0,0,0,0,0,0,0,0,0,0
3036910,0,0,0,0,0,0,0,0,0,0,0,0,0,0,0,0,0,0,0,0,0,0,0,0
3216300,0,0,0,0,0,0,0,0,0,0,0,0,0,0,0,0,0,0,0,0,0,0,0,0
57627101,128,64,64,128,64,64,0,0,0,91,48,43,124,63,61,128,64,64,0,0,0,0,0,0
57627103,260,142,118,257,140,117,3,2,1,157,93,64,251,137,114,260,142,118,0,0,0,0,0,0
57627104,220,110,110,220,110,110,0,0,0,147,75,72,213,109,104,220,110,110,0,0,0,0,0,0
57627105,84,42,42,84,42,42,0,0,0,46,23,23,83,42,41,84,42,42,0,0,0,0,0,0
57627106,66,35,31,66,35,31,0,0,0,42,23,19,66,35,31,66,35,31,0,0,0,0,0,0
57627107,67,35,32,67,35,32,0,0,0,41,23,18,66,34,32,67,35,32,0,0,0,0,0,0
57627108,222,117,105,222,117,105,0,0,0,116,67,49,200,108,92,222,117,105,0,0,0,0,0,0
57627109,54,27,27,54,27,27,0,0,0,30,19,11,50,26,24,53,26,27,0,0,0,1,1,0
57627110,47,26,21,47,26,21,0,0,0,27,14,13,47,26,21,47,26,21,0,0,0,0,0,0
57627111,25,13,12,25,13,12,0,0,0,20,10,10,24,13,11,25,13,12,0,0,0,0,0,0
57627112,104,51,53,104,51,53,0,0,0,68,33,35,102,51,51,104,51,53,0,0,0,0,0,0
57627113,1657,775,882,1641,769,872,14,5,9,736,370,366,1581,742,839,1654,773,881,3,2,1,0,0,0
57627114,690,343,347,688,341,347,2,2,0,378,203,175,673,335,338,690,343,347,0,0,0,0,0,0
57627115,668,333,335,666,333,333,1,0,1,315,157,158,631,315,316,592,279,313,2,2,0,74,52,22
57627116,1446,711,735,1433,701,732,12,9,3,727,390,337,1372,674,698,1430,704,726,15,7,8,1,0,1
57627117,657,301,356,645,293,352,7,5,2,353,169,184,638,290,348,637,292,345,20,9,11,0,0,0
57628001,128,66,62,128,66,62,0,0,0,62,32,30,121,61,60,124,63,61,4,3,1,0,0,0
57630101,1522,738,784,1507,726,781,15,12,3,748,383,365,1446,698,748,1503,726,777,0,0,0,19,12,7
57630102,114,66,48,114,66,48,0,0,0,69,41,28,112,65,47,114,66,48,0,0,0,0,0,0
57630103,63,32,31,62,31,31,1,1,0,35,23,12,60,31,29,63,32,31,0,0,0,0,0,0
54864201,84,40,44,82,40,42,1,0,1,35,17,18,81,39,42,81,37,44,0,0,0,3,3,0
54864202,74,37,37,74,37,37,0,0,0,34,17,17,69,36,33,74,37,37,0,0,0,0,0,0
54864203,105,65,40,105,65,40,0,0,0,47,36,11,98,60,38,105,65,40,0,0,0,0,0,0
54864204,95,47,48,95,47,48,0,0,0,51,24,27,90,44,46,95,47,48,0,0,0,0,0,0
57631001,195,102,93,188,97,91,7,5,2,88,50,38,186,99,87,193,101,92,2,1,1,0,0,0
54879101,77,40,37,77,40,37,0,0,0,46,27,19,76,39,37,74,38,36,0,0,0,3,2,1
54878201,110,53,57,110,53,57,0,0,0,41,24,17,104,50,54,109,52,57,0,0,0,1,1,0
57632801,62,34,28,62,34,28,0,0,0,33,20,13,62,34,28,61,33,28,0,0,0,1,1,0
57632802,36,16,20,36,16,20,0,0,0,15,6,9,35,15,20,36,16,20,0,0,0,0,0,0
0578272,0,0,0,0,0,0,0,0,0,0,0,0,0,0,0,0,0,0,0,0,0,0,0,0
57633601,63,32,31,63,32,31,0,0,0,25,15,10,61,30,31,63,32,31,0,0,0,0,0,0
57633602,934,476,458,932,475,457,0,0,0,475,272,203,892,455,437,923,469,454,0,0,0,11,7,4
57633603,37,19,18,37,19,18,0,0,0,19,13,6,34,19,15,36,19,17,0,0,0,1,0,1
57633604,32,18,14,32,18,14,0,0,0,17,10,7,29,17,12,32,18,14,0,0,0,0,0,0
57636101,5675,2766,2909,5462,2632,2830,114,94,20,2724,1382,1342,5357,2589,2768,5396,2612,2784,167,79,88,112,75,37
57636102,84,44,40,84,44,40,0,0,0,44,24,20,78,40,38,83,43,40,0,0,0,1,1,0
57636103,282,145,137,282,145,137,0,0,0,164,89,75,271,141,130,282,145,137,0,0,0,0,0,0
57636104,66,35,31,63,32,31,3,3,0,31,13,18,60,32,28,61,32,29,0,0,0,5,3,2
57638701,149,82,67,149,82,67,0,0,0,72,39,33,139,76,63,147,81,66,0,0,0,2,1,1
57639501,26,11,15,26,11,15,0,0,0,14,4,10,24,11,13,26,11,15,0,0,0,0,0,0
57639502,74,35,39,74,35,39,0,0,0,38,13,25,72,35,37,72,33,39,0,0,0,2,2,0
57639503,43,20,23,43,20,23,0,0,0,19,8,11,39,18,21,43,20,23,0,0,0,0,0,0
57639505,75,44,31,75,44,31,0,0,0,35,22,13,74,44,30,75,44,31,0,0,0,0,0,0
57640901,260,127,133,259,127,132,1,0,1,121,62,59,249,121,128,260,127,133,0,0,0,0,0,0
54868502,99,56,43,99,56,43,0,0,0,44,28,16,99,56,43,98,55,43,0,0,0,1,1,0
57642501,36,35,1,3,3,0,33,32,1,0,0,0,33,32,1,0,0,0,2,2,0,34,33,1
57642502,1617,903,714,1463,782,681,130,101,29,543,306,237,1506,836,670,1536,836,700,64,54,10,17,13,4
57644101,134,69,65,133,68,65,1,1,0,72,42,30,125,64,61,134,69,65,0,0,0,0,0,0
57644102,209,104,105,209,104,105,0,0,0,97,51,46,202,102,100,197,97,100,0,0,0,12,7,5
54865101,159,83,76,155,79,76,4,4,0,71,38,33,149,76,73,158,82,76,0,0,0,1,1,0
57645001,87,43,44,87,43,44,0,0,0,48,27,21,82,40,42,81,39,42,0,0,0,6,4,2
57645002,159,86,73,158,86,72,1,0,1,79,47,32,143,78,65,154,83,71,1,1,0,4,2,2
57645003,193,106,87,191,104,87,2,2,0,100,58,42,183,100,83,183,99,84,0,0,0,10,7,3
57645004,62,28,34,62,28,34,0,0,0,33,15,18,60,27,33,54,26,28,0,0,0,8,2,6
57645005,42,24,18,41,23,18,1,1,0,17,10,7,35,18,17,42,24,18,0,0,0,0,0,0
57645006,27,18,9,27,18,9,0,0,0,12,9,3,22,14,8,6,5,1,0,0,0,21,13,8
57645008,116,61,55,113,59,54,3,2,1,53,28,25,105,56,49,110,58,52,0,0,0,6,3,3
57646801,513,252,261,499,247,252,14,5,9,238,125,113,484,237,247,507,248,259,2,1,1,4,3,1
57646802,78,39,39,76,39,37,2,0,2,40,18,22,73,38,35,74,37,37,0,0,0,4,2,2
57646803,43,23,20,43,23,20,0,0,0,15,9,6,43,23,20,43,23,20,0,0,0,0,0,0
57647601,52,31,21,52,31,21,0,0,0,20,11,9,51,30,21,52,31,21,0,0,0,0,0,0
57647602,526,272,254,512,260,252,13,11,2,238,123,115,502,257,245,500,250,250,18,15,3,8,7,1
57649201,613,320,293,610,317,293,3,3,0,283,169,114,565,294,271,609,318,291,1,0,1,3,2,1
57650601,273,136,137,268,133,135,2,2,0,131,75,56,258,128,130,269,133,136,2,2,0,2,1,1
57652201,38,20,18,38,20,18,0,0,0,13,8,5,33,17,16,38,20,18,0,0,0,0,0,0
57652202,134,68,66,132,68,64,1,0,1,62,38,24,126,63,63,131,65,66,0,0,0,3,3,0
57654901,27,14,13,27,14,13,0,0,0,13,9,4,27,14,13,27,14,13,0,0,0,0,0,0
57654902,194,101,93,191,99,92,3,2,1,67,37,30,185,95,90,172,90,82,0,0,0,22,11,11
57655701,38,21,17,38,21,17,0,0,0,25,15,10,37,21,16,38,21,17,0,0,0,0,0,0
57655702,179,92,87,179,92,87,0,0,0,94,52,42,167,87,80,176,89,87,0,0,0,3,3,0
57656501,471,239,232,471,239,232,0,0,0,218,120,98,445,226,219,458,233,225,1,1,0,12,5,7
57656502,45,25,20,45,25,20,0,0,0,21,14,7,44,24,20,43,24,19,0,0,0,2,1,1
57658101,89,41,48,89,41,48,0,0,0,45,17,28,85,40,45,89,41,48,0,0,0,0,0,0
57658102,381,201,180,381,201,180,0,0,0,193,110,83,361,191,170,374,195,179,0,0,0,7,6,1
57657302,392,198,194,391,197,194,1,1,0,178,102,76,358,182,176,342,170,172,1,1,0,49,27,22
57659001,241,125,116,239,125,114,1,0,1,126,69,57,232,123,109,241,125,116,0,0,0,0,0,0
57659002,42,19,23,42,19,23,0,0,0,17,8,9,39,18,21,42,19,23,0,0,0,0,0,0
57659003,403,190,213,400,189,211,2,1,1,147,78,69,371,176,195,378,189,189,25,1,24,0,0,0
57659004,2419,1167,1252,2377,1132,1245,39,33,6,1047,560,487,2263,1098,1165,2283,1085,1198,93,49,44,43,33,10
1122080,0,0,0,0,0,0,0,0,0,0,0,0,0,0,0,0,0,0,0,0,0,0,0,0
57660301,158,87,71,155,85,70,3,2,1,58,37,21,153,84,69,114,61,53,5,3,2,39,23,16
57660305,25,10,15,19,9,10,5,1,4,5,2,3,20,7,13,11,6,5,5,2,3,9,2,7
57661101,69,31,38,66,29,37,3,2,1,35,16,19,62,26,36,63,28,35,0,0,0,6,3,3
57661102,167,84,83,167,84,83,0,0,0,88,55,33,159,81,78,166,84,82,0,0,0,1,0,1
57661103,58,25,33,58,25,33,0,0,0,29,11,18,57,25,32,51,23,28,0,0,0,7,2,5
57662001,447,223,224,445,222,223,2,1,1,242,132,110,434,214,220,439,215,224,1,1,0,7,7,0
57665401,50,28,22,49,27,22,1,1,0,17,9,8,43,24,19,50,28,22,0,0,0,0,0,0
57665403,354,186,168,345,180,165,8,6,2,196,111,85,339,180,159,348,182,166,6,4,2,0,0,0
57665404,85,43,42,85,43,42,0,0,0,44,24,20,81,41,40,85,43,42,0,0,0,0,0,0
57665405,91,51,40,91,51,40,0,0,0,42,28,14,87,48,39,91,51,40,0,0,0,0,0,0
57666201,658,324,334,656,323,333,2,1,1,322,170,152,638,314,324,657,323,334,0,0,0,1,1,0
54872302,136,62,74,134,61,73,2,1,1,63,32,31,131,62,69,133,60,73,0,0,0,3,2,1
57667101,143,74,69,143,74,69,0,0,0,67,39,28,137,71,66,138,72,66,0,0,0,5,2,3
57667102,831,407,424,829,406,423,2,1,1,364,185,179,795,392,403,775,381,394,26,12,14,30,14,16
54875801,49,26,23,46,24,22,3,2,1,12,9,3,48,26,22,49,26,23,0,0,0,0,0,0
57668901,667,317,350,661,313,348,6,4,2,260,143,117,621,295,326,524,261,263,134,51,83,9,5,4
54866902,279,142,137,278,141,137,1,1,0,103,57,46,265,135,130,274,139,135,0,0,0,5,3,2
57670101,73,41,32,72,40,32,1,1,0,21,10,11,66,37,29,72,40,32,0,0,0,1,1,0
57670104,1668,846,822,1643,829,814,22,15,7,766,414,352,1598,807,791,1598,812,786,44,12,32,26,22,4
57670105,50,25,25,50,25,25,0,0,0,21,11,10,48,23,25,50,25,25,0,0,0,0,0,0
57670106,84,43,41,83,43,40,1,0,1,55,32,23,83,42,41,81,43,38,3,0,3,0,0,0
57670107,51,30,21,51,30,21,0,0,0,33,22,11,51,30,21,51,30,21,0,0,0,0,0,0
57672701,294,149,145,294,149,145,0,0,0,135,70,65,284,146,138,294,149,145,0,0,0,0,0,0
57672702,36,18,18,36,18,18,0,0,0,15,6,9,34,17,17,36,18,18,0,0,0,0,0,0
57672703,84,43,41,84,43,41,0,0,0,45,25,20,80,41,39,84,43,41,0,0,0,0,0,0
1441690,0,0,0,0,0,0,0,0,0,0,0,0,0,0,0,0,0,0,0,0,0,0,0,0
1441770,0,0,0,0,0,0,0,0,0,0,0,0,0,0,0,0,0,0,0,0,0,0,0,0
1441850,0,0,0,0,0,0,0,0,0,0,0,0,0,0,0,0,0,0,0,0,0,0,0,0
3216050,0,0,0,0,0,0,0,0,0,0,0,0,0,0,0,0,0,0,0,0,0,0,0,0
3312440,0,0,0,0,0,0,0,0,0,0,0,0,0,0,0,0,0,0,0,0,0,0,0,0
3380950,0,0,0,0,0,0,0,0,0,0,0,0,0,0,0,0,0,0,0,0,0,0,0,0
57606901,23,10,13,23,10,13,0,0,0,10,3,7,22,9,13,22,9,13,0,0,0,1,1,0
57606902,525,260,265,521,257,264,4,3,1,296,154,142,509,253,256,525,260,265,0,0,0,0,0,0
57606904,47,20,27,47,20,27,0,0,0,30,15,15,47,20,27,47,20,27,0,0,0,0,0,0
57606905,310,156,154,299,146,153,8,8,0,157,85,72,294,147,147,305,152,153,5,4,1,0,0,0
57606906,89,46,43,89,46,43,0,0,0,60,34,26,89,46,43,89,46,43,0,0,0,0,0,0
57606907,110,53,57,110,53,57,0,0,0,62,35,27,107,52,55,109,52,57,1,1,0,0,0,0
57606908,310,153,157,305,150,155,5,3,2,186,99,87,296,147,149,307,152,155,0,0,0,3,1,2
57606909,126,70,56,126,70,56,0,0,0,82,46,36,124,69,55,126,70,56,0,0,0,0,0,0
57606910,265,151,114,264,150,114,1,1,0,139,83,56,254,146,108,239,135,104,24,15,9,2,1,1
57606911,1031,487,544,1021,480,541,10,7,3,564,268,296,990,466,524,1022,478,544,9,9,0,0,0,0
57606912,1111,525,586,1032,462,570,76,61,15,531,266,265,1060,494,566,974,471,503,137,54,83,0,0,0
57606913,851,422,429,840,414,426,11,8,3,481,255,226,813,404,409,851,422,429,0,0,0,0,0,0
57606914,1617,810,807,1561,777,784,49,30,19,689,362,327,1535,764,771,1498,719,779,7,5,2,112,86,26
57606915,4102,1919,2183,4037,1875,2162,50,34,16,1903,948,955,3919,1822,2097,4028,1891,2137,72,26,46,2,2,0
57606916,71,38,33,71,38,33,0,0,0,38,21,17,66,35,31,71,38,33,0,0,0,0,0,0
57673501,102,54,48,101,53,48,1,1,0,38,16,22,84,45,39,78,41,37,2,1,1,22,12,10
57674302,222,114,108,221,113,108,1,1,0,87,52,35,202,107,95,178,91,87,33,16,17,11,7,4
57675102,416,210,206,416,210,206,0,0,0,197,113,84,402,201,201,415,209,206,0,0,0,1,1,0
57677801,202,100,102,198,98,100,4,2,2,121,62,59,191,94,97,202,100,102,0,0,0,0,0,0
57677802,23,11,12,23,11,12,0,0,0,8,5,3,21,11,10,23,11,12,0,0,0,0,0,0
57677803,82,41,41,82,41,41,0,0,0,41,23,18,76,38,38,82,41,41,0,0,0,0,0,0
57677804,79,40,39,79,40,39,0,0,0,39,21,18,79,40,39,79,40,39,0,0,0,0,0,0
57677805,86,45,41,86,45,41,0,0,0,36,22,14,86,45,41,86,45,41,0,0,0,0,0,0
57677806,29,15,14,29,15,14,0,0,0,20,12,8,26,14,12,29,15,14,0,0,0,0,0,0
57677807,28,13,15,28,13,15,0,0,0,16,8,8,28,13,15,28,13,15,0,0,0,0,0,0
57677808,39,19,20,38,18,20,1,1,0,19,10,9,34,15,19,27,13,14,12,6,6,0,0,0
57677809,513,251,262,512,250,262,1,1,0,238,120,118,470,233,237,501,241,260,1,1,0,11,9,2
57678601,846,439,407,841,434,407,5,5,0,453,258,195,802,410,392,834,431,403,2,1,1,10,7,3
57679401,136,59,77,136,59,77,0,0,0,73,31,42,126,53,73,130,57,73,0,0,0,6,2,4
57680801,270,144,126,240,121,119,30,23,7,135,81,54,257,138,119,253,131,122,17,13,4,0,0,0
57680802,1918,998,920,1777,892,885,116,87,29,810,442,368,1803,931,872,1881,971,910,18,12,6,19,15,4
54869301,42,21,21,42,21,21,0,0,0,22,14,8,41,21,20,42,21,21,0,0,0,0,0,0
54869302,123,61,62,120,60,60,3,1,2,53,28,25,115,59,56,122,60,62,0,0,0,1,1,0
57681601,49,29,20,43,25,18,5,3,2,16,8,8,41,25,16,49,29,20,0,0,0,0,0,0
57681602,155,83,72,153,82,71,2,1,1,65,37,28,147,80,67,155,83,72,0,0,0,0,0,0
57681603,216,101,115,213,100,113,3,1,2,106,53,53,209,99,110,216,101,115,0,0,0,0,0,0
57682401,272,135,137,272,135,137,0,0,0,158,84,74,264,132,132,272,135,137,0,0,0,0,0,0
57682402,242,124,118,240,123,117,2,1,1,108,66,42,228,119,109,239,121,118,0,0,0,3,3,0
57682403,57,26,31,57,26,31,0,0,0,31,18,13,53,22,31,57,26,31,0,0,0,0,0,0
57682404,95,47,48,95,47,48,0,0,0,38,21,17,94,46,48,94,46,48,0,0,0,1,1,0
57682405,70,36,34,70,36,34,0,0,0,45,23,22,70,36,34,70,36,34,0,0,0,0,0,0
57683201,289,154,135,285,151,134,4,3,1,133,77,56,273,145,128,286,151,135,2,2,0,1,1,0
57684101,63,30,33,63,30,33,0,0,0,35,16,19,59,27,32,63,30,33,0,0,0,0,0,0
57684102,285,139,146,285,139,146,0,0,0,135,69,66,264,129,135,281,136,145,0,0,0,4,3,1
57685902,256,121,135,255,120,135,1,1,0,140,72,68,231,111,120,245,117,128,0,0,0,11,4,7
57685904,187,101,86,185,99,86,0,0,0,99,56,43,173,91,82,187,101,86,0,0,0,0,0,0
57685905,218,108,110,218,108,110,0,0,0,118,64,54,205,103,102,216,108,108,0,0,0,2,0,2
57685906,152,72,80,150,71,79,2,1,1,88,50,38,151,71,80,134,64,70,0,0,0,18,8,10
57685907,4918,2391,2527,4855,2356,2499,54,30,24,2339,1208,1131,4683,2267,2416,4746,2284,2462,63,28,35,109,79,30
57685908,181,85,96,178,85,93,3,0,3,80,44,36,171,81,90,179,84,95,0,0,0,2,1,1
57687501,80,41,39,80,41,39,0,0,0,26,15,11,79,41,38,80,41,39,0,0,0,0,0,0
57687502,220,113,107,218,112,106,2,1,1,106,63,43,207,109,98,219,112,107,0,0,0,1,1,0
57688301,291,141,150,290,141,149,1,0,1,187,97,90,283,138,145,291,141,150,0,0,0,0,0,0
57688302,22,11,11,22,11,11,0,0,0,13,8,5,22,11,11,22,11,11,0,0,0,0,0,0
57688303,26,12,14,26,12,14,0,0,0,16,8,8,23,12,11,26,12,14,0,0,0,0,0,0
57688305,30,19,11,30,19,11,0,0,0,15,11,4,28,19,9,26,16,10,0,0,0,4,3,1
57688306,286,148,138,286,148,138,0,0,0,171,102,69,272,143,129,286,148,138,0,0,0,0,0,0
57688307,3760,1849,1911,3666,1786,1880,84,56,28,1734,924,810,3537,1745,1792,3593,1749,1844,117,54,63,50,46,4
57688308,65,33,32,65,33,32,0,0,0,37,24,13,63,32,31,65,33,32,0,0,0,0,0,0
57689101,38,20,18,38,20,18,0,0,0,17,12,5,37,19,18,38,20,18,0,0,0,0,0,0
57689102,87,38,49,84,36,48,2,1,1,44,25,19,81,37,44,87,38,49,0,0,0,0,0,0
57689103,77,36,41,76,35,41,1,1,0,38,19,19,73,34,39,76,35,41,0,0,0,1,1,0
57689104,156,80,76,155,80,75,1,0,1,68,35,33,144,72,72,153,78,75,0,0,0,3,2,1
57689105,305,162,143,292,151,141,13,11,2,174,102,72,297,157,140,305,162,143,0,0,0,0,0,0
57689106,43,21,22,43,21,22,0,0,0,16,9,7,43,21,22,43,21,22,0,0,0,0,0,0
54870701,30,14,16,30,14,16,0,0,0,19,10,9,30,14,16,30,14,16,0,0,0,0,0,0
54870702,124,67,57,124,67,57,0,0,0,53,30,23,117,66,51,124,67,57,0,0,0,0,0,0
57692101,584,300,284,581,298,283,3,2,1,269,152,117,559,288,271,573,290,283,2,2,0,9,8,1
57693001,255,128,127,252,127,125,0,0,0,111,61,50,241,124,117,246,121,125,0,0,0,9,7,2
57694801,31,19,12,31,19,12,0,0,0,18,10,8,30,18,12,28,17,11,0,0,0,3,2,1
57694802,38,25,13,37,24,13,1,1,0,6,4,2,35,24,11,20,13,7,3,2,1,15,10,5
57694804,58,27,31,54,25,29,4,2,2,21,10,11,55,26,29,54,25,29,2,1,1,2,1,1
57694805,29,16,13,29,16,13,0,0,0,11,6,5,25,14,11,27,14,13,0,0,0,2,2,0
57695601,25,13,12,25,13,12,0,0,0,7,4,3,23,11,12,21,11,10,0,0,0,4,2,2
57695602,33,18,15,33,18,15,0,0,0,10,6,4,29,17,12,33,18,15,0,0,0,0,0,0
57695603,451,222,229,450,221,229,1,1,0,184,95,89,429,213,216,445,217,228,0,0,0,6,5,1
57904101,122,69,53,121,69,52,1,0,1,46,31,15,118,67,51,117,65,52,0,0,0,5,4,1
57904102,629,332,297,627,331,296,2,1,1,259,144,115,590,313,277,619,323,296,0,0,0,10,9,1
57905003,772,390,382,741,378,363,30,12,18,329,170,159,733,370,363,693,352,341,1,1,0,78,37,41
57905004,34,17,17,32,16,16,2,1,1,13,7,6,34,17,17,20,8,12,0,0,0,14,9,5
57905005,61,33,28,61,33,28,0,0,0,12,7,5,57,32,25,57,30,27,0,0,0,4,3,1
57906801,61,29,32,61,29,32,0,0,0,27,13,14,56,26,30,61,29,32,0,0,0,0,0,0
57906802,1072,534,538,1066,530,536,4,2,2,449,228,221,1018,504,514,1006,492,514,7,7,0,59,35,24
57906803,51,27,24,49,25,24,2,2,0,26,14,12,50,26,24,51,27,24,0,0,0,0,0,0
57906804,128,72,56,128,72,56,0,0,0,49,33,16,120,67,53,127,71,56,0,0,0,1,1,0
57907601,162,80,82,161,79,82,0,0,0,74,45,29,152,74,78,153,75,78,1,0,1,8,5,3
57909201,342,183,159,339,181,158,3,2,1,162,101,61,326,176,150,336,180,156,0,0,0,6,3,3
54882101,183,103,80,183,103,80,0,0,0,59,37,22,175,99,76,166,92,74,0,0,0,17,11,6
57910601,397,207,190,397,207,190,0,0,0,194,109,85,383,199,184,387,200,187,3,2,1,7,5,2
57911401,334,172,162,325,168,157,9,4,5,161,94,67,311,161,150,316,163,153,6,3,3,12,6,6
57911402,274,131,143,271,129,142,3,2,1,132,66,66,260,126,134,255,121,134,5,3,2,14,7,7
57911403,110,53,57,110,53,57,0,0,0,34,14,20,91,43,48,106,51,55,0,0,0,4,2,2
57912201,949,480,469,944,477,467,4,2,2,409,229,180,890,449,441,941,474,467,2,2,0,6,4,2
55486302,389,207,182,386,205,181,3,2,1,168,101,67,373,198,175,378,200,178,5,2,3,6,5,1
57914901,249,135,114,246,133,113,3,2,1,91,50,41,233,125,108,237,124,113,5,5,0,7,6,1
57915701,538,267,271,533,264,269,5,3,2,260,153,107,527,264,263,535,264,271,0,0,0,3,3,0
57915702,128,67,61,128,67,61,0,0,0,56,31,25,125,65,60,128,67,61,0,0,0,0,0,0
57916501,788,384,404,776,376,400,12,8,4,341,172,169,754,370,384,745,360,385,26,14,12,17,10,7
57917301,188,99,89,188,99,89,0,0,0,85,54,31,185,98,87,177,91,86,3,2,1,8,6,2
57917302,100,50,50,100,50,50,0,0,0,40,25,15,99,50,49,100,50,50,0,0,0,0,0,0
57917303,56,25,31,55,25,30,1,0,1,20,10,10,52,24,28,56,25,31,0,0,0,0,0,0
57917304,25,12,13,25,12,13,0,0,0,8,3,5,24,12,12,25,12,13,0,0,0,0,0,0
57918101,300,154,146,300,154,146,0,0,0,127,75,52,283,146,137,292,148,144,0,0,0,8,6,2
57918102,28,13,15,28,13,15,0,0,0,12,7,5,27,13,14,25,11,14,0,0,0,3,2,1
57918103,37,15,22,37,15,22,0,0,0,16,7,9,36,14,22,32,13,19,0,0,0,5,2,3
57919001,648,306,342,643,306,337,4,0,4,301,158,143,613,292,321,640,300,340,0,0,0,8,6,2
3126810,0,0,0,0,0,0,0,0,0,0,0,0,0,0,0,0,0,0,0,0,0,0,0,0
57920301,165,89,76,161,86,75,3,2,1,94,57,37,157,83,74,165,89,76,0,0,0,0,0,0
57920302,329,160,169,326,158,168,2,2,0,168,88,80,319,155,164,313,155,158,15,5,10,1,0,1
57920303,152,85,67,152,85,67,0,0,0,94,57,37,148,82,66,150,84,66,0,0,0,2,1,1
57920304,225,121,104,224,120,104,0,0,0,138,75,63,222,121,101,223,119,104,0,0,0,2,2,0
57920305,393,200,193,393,200,193,0,0,0,269,144,125,382,196,186,393,200,193,0,0,0,0,0,0
57920306,164,83,81,163,83,80,0,0,0,91,52,39,155,79,76,164,83,81,0,0,0,0,0,0
57920307,47,26,21,47,26,21,0,0,0,26,14,12,45,25,20,43,23,20,0,0,0,4,3,1
57920308,237,121,116,237,121,116,0,0,0,166,86,80,232,119,113,237,121,116,0,0,0,0,0,0
57920309,76,36,40,75,36,39,1,0,1,34,19,15,72,36,36,55,26,29,21,10,11,0,0,0
57920310,508,238,270,484,223,261,24,15,9,295,149,146,482,220,262,491,228,263,13,8,5,4,2,2
57920311,835,422,413,823,411,412,10,9,1,530,281,249,811,409,402,806,402,404,10,9,1,19,11,8
57920312,1798,915,883,1758,890,868,39,25,14,1022,526,496,1710,864,846,1635,785,850,4,3,1,159,127,32
57920313,1888,916,972,1875,911,964,12,4,8,1219,598,621,1813,876,937,1856,890,966,26,24,2,6,2,4
57920314,129,60,69,129,60,69,0,0,0,73,35,38,123,56,67,129,60,69,0,0,0,0,0,0
57920315,1225,616,609,1221,615,606,3,1,2,753,396,357,1174,596,578,1222,614,608,0,0,0,3,2,1
57920316,2197,1028,1169,2172,1016,1156,24,11,13,1257,635,622,2079,965,1114,2058,980,1078,138,47,91,1,1,0
57920317,1176,515,661,1154,504,650,22,11,11,621,281,340,1130,496,634,1159,509,650,16,5,11,1,1,0
57920318,294,130,164,293,129,164,0,0,0,170,78,92,270,117,153,294,130,164,0,0,0,0,0,0
57920319,20,12,8,20,12,8,0,0,0,9,5,4,20,12,8,11,8,3,3,2,1,6,2,4
57920320,1198,581,617,1187,574,613,11,7,4,741,374,367,1154,557,597,1182,569,613,11,9,2,5,3,2
57920321,197,99,98,197,99,98,0,0,0,117,61,56,189,95,94,192,96,96,0,0,0,5,3,2
57920322,151,80,71,149,80,69,2,0,2,105,60,45,144,77,67,148,78,70,0,0,0,3,2,1
57920324,1546,720,826,1541,718,823,5,2,3,981,473,508,1501,695,806,1513,706,807,6,1,5,27,13,14
57921101,541,298,243,530,290,240,11,8,3,230,131,99,510,283,227,484,254,230,35,25,10,22,19,3
57921102,20,9,11,20,9,11,0,0,0,9,2,7,20,9,11,20,9,11,0,0,0,0,0,0
57921104,34,17,17,34,17,17,0,0,0,19,10,9,34,17,17,13,6,7,0,0,0,21,11,10
57921105,227,104,123,227,104,123,0,0,0,86,45,41,214,95,119,220,101,119,7,3,4,0,0,0
57921106,27,14,13,24,12,12,3,2,1,4,2,2,26,14,12,9,5,4,0,0,0,18,9,9
57921108,59,25,34,59,25,34,0,0,0,16,6,10,57,23,34,59,25,34,0,0,0,0,0,0
57921109,50,25,25,50,25,25,0,0,0,23,11,12,47,23,24,49,25,24,0,0,0,1,0,1
57921110,60,31,29,60,31,29,0,0,0,28,17,11,55,29,26,60,31,29,0,0,0,0,0,0
57922001,45,21,24,45,21,24,0,0,0,20,9,11,44,20,24,45,21,24,0,0,0,0,0,0
57922002,59,32,27,58,31,27,1,1,0,26,13,13,55,28,27,49,27,22,0,0,0,10,5,5
57922003,830,419,411,824,415,409,4,2,2,396,208,188,804,404,400,787,394,393,4,3,1,39,22,17
57923801,428,230,198,426,229,197,2,1,1,176,103,73,401,215,186,417,221,196,2,1,1,9,8,1
57925401,356,179,177,354,178,176,2,1,1,193,114,79,345,172,173,352,177,175,0,0,0,4,2,2
57926202,34,21,13,33,20,13,1,1,0,14,6,8,33,21,12,27,15,12,5,5,0,2,1,1
57926203,39,20,19,39,20,19,0,0,0,12,7,5,39,20,19,30,15,15,7,4,3,2,1,1
57926206,139,73,66,139,73,66,0,0,0,54,32,22,135,71,64,138,73,65,1,0,1,0,0,0
57926207,597,306,291,591,304,287,6,2,4,224,113,111,558,283,275,581,297,284,4,2,2,12,7,5
57926209,117,75,42,116,74,42,0,0,0,33,19,14,111,71,40,93,51,42,24,24,0,0,0,0
57927101,64,34,30,64,34,30,0,0,0,21,11,10,64,34,30,64,34,30,0,0,0,0,0,0
57927102,126,71,55,122,68,54,3,3,0,36,22,14,118,66,52,119,68,51,0,0,0,7,3,4
57927103,60,25,35,60,25,35,0,0,0,28,12,16,57,24,33,60,25,35,0,0,0,0,0,0
57927104,41,24,17,41,24,17,0,0,0,22,16,6,40,24,16,41,24,17,0,0,0,0,0,0
57929701,4128,2024,2104,4110,2013,2097,16,10,6,2167,1127,1040,3942,1942,2000,3965,1927,2038,84,43,41,79,54,25
57930102,168,86,82,168,86,82,0,0,0,77,44,33,161,83,78,168,86,82,0,0,0,0,0,0
57930103,39,20,19,39,20,19,0,0,0,16,8,8,36,18,18,38,19,19,0,0,0,1,1,0
57931901,663,340,323,663,340,323,0,0,0,319,177,142,631,324,307,649,328,321,0,0,0,14,12,2
57931902,227,117,110,223,113,110,4,4,0,102,54,48,215,110,105,226,116,110,0,0,0,1,1,0
57931903,71,36,35,71,36,35,0,0,0,21,12,9,70,35,35,71,36,35,0,0,0,0,0,0
57932701,30,18,12,30,18,12,0,0,0,12,7,5,28,17,11,29,17,12,0,0,0,1,1,0
57932702,51,29,22,51,29,22,0,0,0,17,9,8,46,28,18,46,27,19,0,0,0,5,2,3
57932703,467,234,233,462,231,231,2,1,1,210,110,100,450,226,224,451,225,226,6,2,4,10,7,3
57933501,479,257,222,478,256,222,0,0,0,181,100,81,442,236,206,462,246,216,0,0,0,17,11,6
57933502,159,78,81,159,78,81,0,0,0,85,40,45,151,73,78,150,73,77,0,0,0,9,5,4
57935103,34,16,18,34,16,18,0,0,0,17,10,7,34,16,18,29,15,14,5,1,4,0,0,0
57935104,60,33,27,60,33,27,0,0,0,23,17,6,59,32,27,60,33,27,0,0,0,0,0,0
57935105,118,58,60,118,58,60,0,0,0,38,21,17,111,55,56,111,56,55,6,2,4,1,0,1
57935106,444,220,224,434,214,220,9,5,4,141,77,64,418,205,213,412,199,213,20,10,10,12,11,1
57937801,24,14,10,24,14,10,0,0,0,10,8,2,24,14,10,24,14,10,0,0,0,0,0,0
57937802,39,22,17,39,22,17,0,0,0,15,9,6,38,22,16,16,9,7,0,0,0,23,13,10
57937803,251,122,129,250,121,129,1,1,0,108,54,54,244,119,125,233,116,117,0,0,0,18,6,12
57937804,45,30,15,34,19,15,11,11,0,20,11,9,45,30,15,30,17,13,12,12,0,3,1,2
57937805,126,67,59,126,67,59,0,0,0,49,29,20,121,63,58,113,63,50,0,0,0,13,4,9
57937807,50,24,26,50,24,26,0,0,0,20,10,10,47,23,24,45,21,24,0,0,0,5,3,2
57938601,220,107,113,220,107,113,0,0,0,78,43,35,214,106,108,216,104,112,0,0,0,4,3,1
57939401,263,136,127,261,134,127,2,2,0,143,79,64,246,129,117,263,136,127,0,0,0,0,0,0
57939402,43,25,18,43,25,18,0,0,0,19,13,6,43,25,18,43,25,18,0,0,0,0,0,0
57939403,194,103,91,193,102,91,0,0,0,89,50,39,185,100,85,191,100,91,0,0,0,3,3,0
57940801,40,19,21,40,19,21,0,0,0,9,2,7,38,19,19,34,15,19,0,0,0,6,4,2
57940803,170,88,82,170,88,82,0,0,0,68,42,26,155,82,73,159,82,77,3,1,2,8,5,3
57940804,53,30,23,52,29,23,1,1,0,14,9,5,50,28,22,53,30,23,0,0,0,0,0,0
53080801,160,82,78,155,78,77,5,4,1,46,23,23,153,78,75,158,80,78,0,0,0,2,2,0
57941602,70,32,38,70,32,38,0,0,0,24,12,12,69,32,37,68,31,37,0,0,0,2,1,1
57941603,187,97,90,187,97,90,0,0,0,72,42,30,178,93,85,184,95,89,0,0,0,3,2,1
57942401,540,274,266,534,272,262,4,1,3,211,116,95,480,249,231,524,265,259,0,0,0,16,9,7
54880401,362,157,205,359,156,203,2,1,1,122,60,62,338,151,187,299,136,163,51,12,39,12,9,3
57943201,451,225,226,450,224,226,1,1,0,247,134,113,428,215,213,435,219,216,0,0,0,16,6,10
57943202,1290,671,619,1285,669,616,3,2,1,575,334,241,1230,644,586,1257,649,608,11,6,5,22,16,6
57944101,82,40,42,82,40,42,0,0,0,22,12,10,75,38,37,69,34,35,0,0,0,13,6,7
57944102,46,23,23,46,23,23,0,0,0,12,7,5,36,19,17,46,23,23,0,0,0,0,0,0
57944103,37,19,18,37,19,18,0,0,0,20,15,5,37,19,18,35,18,17,0,0,0,2,1,1
57944104,38,16,22,38,16,22,0,0,0,15,6,9,34,15,19,37,16,21,0,0,0,1,0,1
57947501,310,160,150,310,160,150,0,0,0,149,86,63,293,152,141,308,158,150,0,0,0,2,2,0
57947502,50,24,26,50,24,26,0,0,0,26,14,12,50,24,26,43,20,23,0,0,0,7,4,3
57948301,139,73,66,138,72,66,1,1,0,64,35,29,136,72,64,137,72,65,0,0,0,2,1,1
57948302,20,12,8,20,12,8,0,0,0,7,5,2,20,12,8,20,12,8,0,0,0,0,0,0
54647001,113,61,52,113,61,52,0,0,0,37,21,16,106,57,49,109,57,52,0,0,0,4,4,0
54647002,64,35,29,64,35,29,0,0,0,19,13,6,58,33,25,64,35,29,0,0,0,0,0,0
57950501,80,44,36,78,43,35,0,0,0,26,14,12,72,41,31,56,29,27,24,15,9,0,0,0
57950502,77,45,32,72,43,29,5,2,3,23,15,8,70,39,31,59,31,28,13,10,3,5,4,1
57951301,1197,596,601,1194,595,599,2,1,1,512,273,239,1140,567,573,1176,577,599,2,2,0,19,17,2
57951302,307,274,33,282,249,33,3,3,0,29,18,11,117,89,28,57,26,31,250,248,2,0,0,0
57951303,73,36,37,73,36,37,0,0,0,32,14,18,71,34,37,73,36,37,0,0,0,0,0,0
57951304,99,52,47,97,51,46,1,1,0,44,24,20,94,50,44,98,52,46,0,0,0,1,0,1
57953001,171,86,85,169,84,85,0,0,0,84,47,37,167,83,84,169,85,84,0,0,0,2,1,1
57954801,181,99,82,175,94,81,5,4,1,81,43,38,167,90,77,181,99,82,0,0,0,0,0,0
57954802,289,141,148,279,139,140,10,2,8,118,60,58,279,134,145,276,137,139,2,1,1,11,3,8
57954803,1758,897,861,1736,884,852,19,11,8,789,426,363,1659,843,816,1672,846,826,18,3,15,68,48,20
57955601,26,15,11,26,15,11,0,0,0,5,4,1,26,15,11,24,14,10,0,0,0,2,1,1
57955602,54,32,22,54,32,22,0,0,0,21,12,9,53,31,22,54,32,22,0,0,0,0,0,0
57955603,647,327,320,646,326,320,0,0,0,303,176,127,615,310,305,635,317,318,0,0,0,12,10,2
57955604,138,74,64,138,74,64,0,0,0,62,36,26,125,66,59,118,61,57,0,0,0,20,13,7
57955606,151,79,72,151,79,72,0,0,0,62,34,28,138,73,65,143,75,68,0,0,0,8,4,4
57955607,60,31,29,60,31,29,0,0,0,28,15,13,52,28,24,54,28,26,0,0,0,6,3,3
57955608,82,39,43,82,39,43,0,0,0,35,19,16,79,37,42,82,39,43,0,0,0,0,0,0
57956401,417,215,202,416,215,201,1,0,1,167,90,77,400,210,190,402,206,196,0,0,0,15,9,6
57956402,121,59,62,121,59,62,0,0,0,31,15,16,114,56,58,121,59,62,0,0,0,0,0,0
57956403,81,39,42,81,39,42,0,0,0,26,18,8,76,37,39,80,39,41,1,0,1,0,0,0
57956404,168,82,86,167,81,86,1,1,0,69,34,35,157,77,80,160,76,84,0,0,0,8,6,2
57958102,366,201,165,342,187,155,22,12,10,119,69,50,331,180,151,249,132,117,106,59,47,11,10,1
57958103,109,52,57,102,52,50,6,0,6,24,12,12,96,49,47,92,43,49,12,5,7,5,4,1
57958104,185,98,87,182,97,85,3,1,2,56,25,31,173,91,82,144,69,75,38,27,11,3,2,1
57959901,708,342,366,707,341,366,1,1,0,260,138,122,655,321,334,632,313,319,42,7,35,34,22,12
57959902,200,95,105,199,94,105,0,0,0,92,52,40,200,95,105,200,95,105,0,0,0,0,0,0
57959903,194,95,99,193,95,98,0,0,0,95,53,42,191,94,97,193,94,99,0,0,0,1,1,0
57959904,80,41,39,79,41,38,1,0,1,33,20,13,75,38,37,80,41,39,0,0,0,0,0,0
57960201,587,302,285,587,302,285,0,0,0,266,147,119,558,286,272,578,296,282,0,0,0,9,6,3
57962901,882,423,459,881,423,458,1,0,1,373,192,181,839,400,439,838,397,441,0,0,0,44,26,18
57962902,34,19,15,34,19,15,0,0,0,15,10,5,34,19,15,30,16,14,0,0,0,4,3,1
57963701,2876,1417,1459,2863,1412,1451,9,5,4,1404,767,637,2712,1347,1365,2712,1339,1373,124,51,73,40,27,13
57964501,126,72,54,125,71,54,1,1,0,43,27,16,114,66,48,109,61,48,1,1,0,16,10,6
57964502,288,142,146,287,141,146,1,1,0,129,62,67,268,132,136,288,142,146,0,0,0,0,0,0
57964504,89,45,44,89,45,44,0,0,0,44,21,23,89,45,44,89,45,44,0,0,0,0,0,0
57964505,486,253,233,470,240,230,16,13,3,252,139,113,463,239,224,463,237,226,0,0,0,23,16,7
57964506,256,131,125,252,128,124,4,3,1,117,63,54,245,125,120,253,128,125,3,3,0,0,0,0
57964507,48,24,24,48,24,24,0,0,0,27,14,13,48,24,24,41,20,21,0,0,0,7,4,3
57964508,83,38,45,81,36,45,1,1,0,28,14,14,78,36,42,83,38,45,0,0,0,0,0,0
57964509,635,332,303,634,332,302,1,0,1,321,188,133,614,320,294,589,295,294,0,0,0,46,37,9
54881201,57,26,31,57,26,31,0,0,0,23,11,12,57,26,31,55,24,31,0,0,0,2,2,0
57966101,125,59,66,125,59,66,0,0,0,43,22,21,121,57,64,117,55,62,0,0,0,8,4,4
57966102,52,28,24,51,27,24,1,1,0,14,7,7,46,26,20,44,24,20,0,0,0,8,4,4
57966103,110,53,57,110,53,57,0,0,0,39,16,23,106,50,56,106,51,55,0,0,0,4,2,2
57966104,292,157,135,290,155,135,2,2,0,103,60,43,274,149,125,255,136,119,0,0,0,37,21,16
57966105,33,15,18,33,15,18,0,0,0,14,6,8,30,14,16,21,10,11,0,0,0,12,5,7
57969602,178,91,87,177,91,86,1,0,1,73,45,28,170,88,82,153,76,77,16,8,8,9,7,2
57972601,361,182,179,361,182,179,0,0,0,185,105,80,355,178,177,345,171,174,0,0,0,16,11,5
57973401,159,81,78,158,80,78,0,0,0,79,44,35,154,78,76,158,81,77,0,0,0,1,0,1
57973402,1072,505,567,1059,498,561,12,6,6,419,214,205,967,462,505,923,452,471,118,30,88,31,23,8
57973403,706,343,363,691,334,357,15,9,6,283,156,127,673,327,346,703,341,362,3,2,1,0,0,0
57974202,599,274,325,586,266,320,13,8,5,229,115,114,564,260,304,558,251,307,40,22,18,1,1,0
57974204,76,41,35,75,41,34,1,0,1,30,16,14,65,36,29,58,31,27,12,8,4,6,2,4
57974205,41,23,18,41,23,18,0,0,0,13,4,9,38,21,17,37,19,18,4,4,0,0,0,0
57974209,61,38,23,60,38,22,1,0,1,19,13,6,52,32,20,42,27,15,19,11,8,0,0,0
57974212,254,138,116,247,137,110,6,1,5,85,47,38,222,122,100,194,107,87,47,22,25,13,9,4
57974213,28,15,13,26,15,11,2,0,2,8,5,3,20,12,8,16,8,8,12,7,5,0,0,0
57975101,91,46,45,90,46,44,1,0,1,25,10,15,85,43,42,87,46,41,0,0,0,4,0,4
1690990,0,0,0,0,0,0,0,0,0,0,0,0,0,0,0,0,0,0,0,0,0,0,0,0
1691290,0,0,0,0,0,0,0,0,0,0,0,0,0,0,0,0,0,0,0,0,0,0,0,0
1691700,0,0,0,0,0,0,0,0,0,0,0,0,0,0,0,0,0,0,0,0,0,0,0,0
3126900,0,0,0,0,0,0,0,0,0,0,0,0,0,0,0,0,0,0,0,0,0,0,0,0
3200300,0,0,0,0,0,0,0,0,0,0,0,0,0,0,0,0,0,0,0,0,0,0,0,0
57902501,124,67,57,123,67,56,0,0,0,67,34,33,121,66,55,117,63,54,0,0,0,7,4,3
57902502,74,32,42,74,32,42,0,0,0,38,17,21,72,31,41,74,32,42,0,0,0,0,0,0
57902503,122,67,55,122,67,55,0,0,0,73,44,29,116,64,52,119,66,53,0,0,0,3,1,2
57902504,120,62,58,117,61,56,2,1,1,79,43,36,119,62,57,120,62,58,0,0,0,0,0,0
57902505,35,18,17,34,17,17,1,1,0,23,12,11,35,18,17,31,16,15,0,0,0,4,2,2
57902506,76,38,38,76,38,38,0,0,0,47,24,23,74,37,37,73,35,38,0,0,0,3,3,0
57902508,227,115,112,227,115,112,0,0,0,141,69,72,203,102,101,227,115,112,0,0,0,0,0,0
57902510,22,11,11,22,11,11,0,0,0,14,7,7,22,11,11,22,11,11,0,0,0,0,0,0
57902511,31,16,15,31,16,15,0,0,0,24,14,10,31,16,15,29,15,14,0,0,0,2,1,1
57902512,311,166,145,311,166,145,0,0,0,210,118,92,300,162,138,308,164,144,0,0,0,3,2,1
57902513,64,27,37,64,27,37,0,0,0,44,18,26,62,25,37,64,27,37,0,0,0,0,0,0
57902514,98,51,47,98,51,47,0,0,0,51,30,21,93,48,45,98,51,47,0,0,0,0,0,0
57902515,84,47,37,84,47,37,0,0,0,54,33,21,82,45,37,82,46,36,0,0,0,2,1,1
57902516,64,33,31,63,32,31,0,0,0,42,21,21,64,33,31,64,33,31,0,0,0,0,0,0
57902517,337,156,181,333,155,178,3,1,2,192,90,102,330,153,177,337,156,181,0,0,0,0,0,0
57902518,2277,1023,1254,2236,1001,1235,35,19,16,1184,584,600,2157,967,1190,2251,1022,1229,25,0,25,1,1,0
57902519,31,16,15,31,16,15,0,0,0,19,9,10,31,16,15,31,16,15,0,0,0,0,0,0
57902520,1227,584,643,1220,579,641,7,5,2,752,373,379,1180,566,614,1226,584,642,1,0,1,0,0,0
57902522,1252,586,666,1240,579,661,9,4,5,710,358,352,1202,561,641,1252,586,666,0,0,0,0,0,0
57902523,1443,687,756,1423,677,746,20,10,10,767,375,392,1383,655,728,1430,680,750,0,0,0,13,7,6
57902524,926,451,475,925,450,475,1,1,0,541,282,259,897,440,457,920,448,472,1,0,1,5,3,2
57902526,920,417,503,911,410,501,6,5,1,430,209,221,894,407,487,823,390,433,97,27,70,0,0,0
57902528,246,122,124,240,121,119,5,0,5,125,66,59,235,116,119,244,121,123,0,0,0,2,1,1
57902529,1128,517,611,1118,513,605,9,3,6,577,282,295,1093,497,596,1115,513,602,13,4,9,0,0,0
57902530,1240,587,653,1235,584,651,4,3,1,680,337,343,1195,558,637,1237,584,653,2,2,0,1,1,0
57902531,31,14,17,31,14,17,0,0,0,20,10,10,31,14,17,31,14,17,0,0,0,0,0,0
57902532,275,143,132,275,143,132,0,0,0,162,92,70,268,139,129,275,143,132,0,0,0,0,0,0
57902533,26,12,14,26,12,14,0,0,0,15,7,8,25,11,14,26,12,14,0,0,0,0,0,0
57902534,919,439,480,915,437,478,3,2,1,519,258,261,897,427,470,918,438,480,0,0,0,1,1,0
57902535,2945,1399,1546,2881,1356,1525,55,37,18,1633,819,814,2811,1335,1476,2918,1385,1533,23,12,11,4,2,2
57902536,546,281,265,542,279,263,2,1,1,339,181,158,532,276,256,542,280,262,0,0,0,4,1,3
57902537,154,78,76,154,78,76,0,0,0,98,51,47,150,77,73,132,68,64,2,0,2,20,10,10
57902538,412,218,194,407,215,192,5,3,2,273,145,128,396,210,186,399,207,192,0,0,0,13,11,2
57902539,245,116,129,245,116,129,0,0,0,141,72,69,240,111,129,226,105,121,1,1,0,18,10,8
57902540,1549,753,796,1540,749,791,6,2,4,787,418,369,1505,732,773,1544,749,795,2,1,1,3,3,0
57902541,3904,1856,2048,3882,1844,2038,17,9,8,1992,1007,985,3747,1780,1967,3897,1851,2046,6,4,2,1,1,0
57902542,160,82,78,153,77,76,7,5,2,97,50,47,152,79,73,159,81,78,1,1,0,0,0,0
57902544,1454,702,752,1445,698,747,9,4,5,875,430,445,1390,669,721,1454,702,752,0,0,0,0,0,0
57902545,240,114,126,239,113,126,0,0,0,175,86,89,238,113,125,237,112,125,0,0,0,3,2,1
57902546,153,82,71,153,82,71,0,0,0,116,65,51,150,80,70,152,81,71,0,0,0,1,1,0
57902547,1279,612,667,1270,607,663,8,5,3,786,386,400,1208,580,628,1253,596,657,25,15,10,1,1,0
57902548,146,71,75,142,68,74,4,3,1,67,30,37,120,61,59,121,59,62,21,8,13,4,4,0
57902549,128,64,64,126,63,63,1,1,0,77,40,37,126,62,64,127,63,64,1,1,0,0,0,0
57902551,288,141,147,286,139,147,2,2,0,189,96,93,277,137,140,287,140,147,0,0,0,1,1,0
57902552,131,67,64,130,67,63,1,0,1,79,44,35,128,66,62,109,54,55,0,0,0,22,13,9
57902553,350,177,173,338,169,169,12,8,4,219,110,109,346,175,171,349,176,173,0,0,0,1,1,0
57902554,53,26,27,53,26,27,0,0,0,32,17,15,52,26,26,52,26,26,0,0,0,1,0,1
57902555,1187,719,468,1169,706,463,17,12,5,572,343,229,1112,678,434,707,336,371,12,7,5,468,376,92
57976902,36,20,16,36,20,16,0,0,0,14,11,3,35,19,16,36,20,16,0,0,0,0,0,0
57976903,46,26,20,46,26,20,0,0,0,27,15,12,45,26,19,46,26,20,0,0,0,0,0,0
57976904,49,28,21,49,28,21,0,0,0,23,12,11,45,25,20,49,28,21,0,0,0,0,0,0
57976905,22,11,11,21,11,10,1,0,1,2,1,1,22,11,11,20,10,10,0,0,0,2,1,1
57976906,289,145,144,287,144,143,2,1,1,140,71,69,279,143,136,285,143,142,0,0,0,4,2,2
57977701,346,172,174,346,172,174,0,0,0,181,100,81,329,163,166,343,170,173,0,0,0,3,2,1
57977702,4992,2359,2633,4958,2338,2620,26,19,7,2600,1325,1275,4714,2225,2489,4738,2229,2509,104,27,77,150,103,47
57978501,128,65,63,128,65,63,0,0,0,49,30,19,119,59,60,124,63,61,0,0,0,4,2,2
57978503,214,111,103,214,111,103,0,0,0,85,52,33,203,104,99,208,107,101,0,0,0,6,4,2
57978504,877,446,431,870,442,428,7,4,3,406,230,176,840,429,411,850,427,423,1,1,0,26,18,8
57979301,82,42,40,82,42,40,0,0,0,33,16,17,78,40,38,81,41,40,0,0,0,1,1,0
57979302,144,77,67,144,77,67,0,0,0,53,34,19,136,74,62,142,75,67,0,0,0,2,2,0
57979303,28,15,13,28,15,13,0,0,0,7,3,4,26,14,12,13,7,6,0,0,0,15,8,7
57459701,21,11,10,21,11,10,0,0,0,11,7,4,20,10,10,21,11,10,0,0,0,0,0,0
57459702,163,85,78,163,85,78,0,0,0,82,55,27,157,83,74,160,84,76,0,0,0,3,1,2
57981501,37,18,19,37,18,19,0,0,0,17,7,10,36,17,19,35,17,18,0,0,0,2,1,1
57981502,445,223,222,443,221,222,1,1,0,217,112,105,426,213,213,439,221,218,0,0,0,6,2,4
57981503,84,44,40,84,44,40,0,0,0,43,25,18,80,42,38,84,44,40,0,0,0,0,0,0
57981504,580,303,277,577,300,277,3,3,0,254,124,130,536,277,259,534,272,262,10,5,5,36,26,10
57981506,247,126,121,245,124,121,2,2,0,105,57,48,235,119,116,247,126,121,0,0,0,0,0,0
57981508,40,20,20,40,20,20,0,0,0,20,12,8,34,18,16,40,20,20,0,0,0,0,0,0
57981509,24,12,12,23,11,12,1,1,0,10,7,3,21,10,11,24,12,12,0,0,0,0,0,0
57982302,542,275,267,539,274,265,3,1,2,183,95,88,501,255,246,513,256,257,6,3,3,23,16,7
57983101,144,70,74,144,70,74,0,0,0,75,38,37,139,69,70,144,70,74,0,0,0,0,0,0
57983102,214,112,102,214,112,102,0,0,0,98,52,46,207,107,100,199,103,96,0,0,0,15,9,6
3038790,0,0,0,0,0,0,0,0,0,0,0,0,0,0,0,0,0,0,0,0,0,0,0,0
3127620,0,0,0,0,0,0,0,0,0,0,0,0,0,0,0,0,0,0,0,0,0,0,0,0
57985802,246,126,120,246,126,120,0,0,0,159,85,74,236,122,114,246,126,120,0,0,0,0,0,0
57985803,1438,704,734,1432,702,730,4,2,2,879,457,422,1371,667,704,1438,704,734,0,0,0,0,0,0
57985804,893,446,447,886,440,446,5,5,0,492,251,241,856,427,429,889,444,445,3,2,1,1,0,1
57985806,196,105,91,194,103,91,1,1,0,106,62,44,182,97,85,189,100,89,7,5,2,0,0,0
57985808,147,69,78,147,69,78,0,0,0,67,27,40,143,67,76,138,64,74,7,4,3,2,1,1
57985809,610,287,323,596,279,317,10,8,2,334,167,167,576,273,303,527,253,274,82,33,49,1,1,0
57985810,2088,962,1126,2062,944,1118,26,18,8,1028,498,530,1984,913,1071,2059,944,1115,29,18,11,0,0,0
57985811,734,342,392,732,341,391,2,1,1,390,189,201,708,331,377,734,342,392,0,0,0,0,0,0
57985813,2216,1129,1087,2177,1104,1073,33,22,11,1194,631,563,2104,1077,1027,2009,982,1027,11,8,3,196,139,57
57985814,2146,1002,1144,2138,998,1140,8,4,4,1119,555,564,2060,967,1093,2123,991,1132,22,10,12,1,1,0
57985815,99,50,49,99,50,49,0,0,0,52,30,22,94,47,47,99,50,49,0,0,0,0,0,0
57985816,26,14,12,26,14,12,0,0,0,16,10,6,26,14,12,26,14,12,0,0,0,0,0,0
57985817,1089,508,581,1065,496,569,24,12,12,584,292,292,1045,486,559,1076,501,575,13,7,6,0,0,0
54883901,55,27,28,55,27,28,0,0,0,18,9,9,49,24,25,55,27,28,0,0,0,0,0,0
54883902,27,14,13,27,14,13,0,0,0,13,8,5,25,13,12,27,14,13,0,0,0,0,0,0
54883903,55,24,31,55,24,31,0,0,0,29,14,15,54,24,30,55,24,31,0,0,0,0,0,0
54884701,134,64,70,134,64,70,0,0,0,59,27,32,124,59,65,134,64,70,0,0,0,0,0,0
57986601,213,110,103,212,109,103,1,1,0,71,36,35,200,103,97,210,107,103,0,0,0,3,3,0
1942550,0,0,0,0,0,0,0,0,0,0,0,0,0,0,0,0,0,0,0,0,0,0,0,0
57987401,228,119,109,225,116,109,3,3,0,127,68,59,211,112,99,224,116,108,0,0,0,4,3,1
57987403,21,12,9,21,12,9,0,0,0,2,1,1,21,12,9,16,10,6,0,0,0,5,2,3
57987407,2644,1288,1356,2616,1271,1345,24,15,9,1468,741,727,2528,1226,1302,2558,1235,1323,23,8,15,63,45,18
57118101,89,46,43,89,46,43,0,0,0,39,22,17,84,45,39,82,43,39,0,0,0,7,3,4
57118102,171,92,79,169,90,79,2,2,0,82,46,36,153,84,69,163,86,77,0,0,0,8,6,2
57118103,74,36,38,73,36,37,1,0,1,37,17,20,73,36,37,63,30,33,0,0,0,11,6,5
57118104,35,16,19,35,16,19,0,0,0,20,11,9,32,15,17,35,16,19,0,0,0,0,0,0
57118105,38,21,17,38,21,17,0,0,0,21,14,7,37,20,17,35,19,16,0,0,0,3,2,1
57118106,47,25,22,47,25,22,0,0,0,14,6,8,45,24,21,47,25,22,0,0,0,0,0,0
57118108,80,42,38,80,42,38,0,0,0,37,25,12,79,41,38,80,42,38,0,0,0,0,0,0
57394901,79,40,39,79,40,39,0,0,0,23,13,10,73,36,37,78,39,39,0,0,0,1,1,0
50500501,25,10,15,25,10,15,0,0,0,12,6,6,25,10,15,25,10,15,0,0,0,0,0,0
50500502,414,214,200,414,214,200,0,0,0,182,92,90,369,189,180,408,210,198,0,0,0,6,4,2
57120201,247,123,124,247,123,124,0,0,0,145,84,61,233,115,118,243,119,124,0,0,0,4,4,0
57120202,104,59,45,104,59,45,0,0,0,57,34,23,101,57,44,103,59,44,0,0,0,1,0,1
57120203,28,13,15,28,13,15,0,0,0,7,6,1,24,13,11,17,8,9,0,0,0,11,5,6
57120204,76,29,47,76,29,47,0,0,0,42,15,27,72,27,45,75,28,47,0,0,0,1,1,0
57120205,91,50,41,89,48,41,1,1,0,48,33,15,81,45,36,88,48,40,0,0,0,3,2,1
57120206,25,15,10,25,15,10,0,0,0,16,11,5,25,15,10,25,15,10,0,0,0,0,0,0
57120207,20,11,9,20,11,9,0,0,0,7,5,2,20,11,9,13,6,7,0,0,0,7,5,2
57120208,28,14,14,28,14,14,0,0,0,13,9,4,25,12,13,28,14,14,0,0,0,0,0,0
54786701,140,76,64,140,76,64,0,0,0,77,45,32,135,73,62,138,74,64,1,1,0,1,1,0
57122901,145,77,68,143,76,67,2,1,1,62,37,25,142,76,66,144,77,67,0,0,0,1,0,1
57122902,51,27,24,51,27,24,0,0,0,14,7,7,50,26,24,51,27,24,0,0,0,0,0,0
57123701,185,94,91,185,94,91,0,0,0,89,55,34,170,87,83,183,93,90,0,0,0,2,1,1
57123702,34,15,19,34,15,19,0,0,0,16,7,9,33,15,18,34,15,19,0,0,0,0,0,0
57124501,444,228,216,443,227,216,0,0,0,216,118,98,424,218,206,430,225,205,12,2,10,2,1,1
57125301,46,23,23,46,23,23,0,0,0,26,14,12,44,21,23,46,23,23,0,0,0,0,0,0
57125302,27,11,16,27,11,16,0,0,0,12,3,9,26,10,16,26,10,16,0,0,0,1,1,0
57125303,38,20,18,38,20,18,0,0,0,21,14,7,36,19,17,37,19,18,0,0,0,1,1,0
57125304,43,23,20,42,22,20,1,1,0,24,14,10,41,21,20,42,22,20,1,1,0,0,0,0
57125305,27,13,14,27,13,14,0,0,0,14,9,5,27,13,14,27,13,14,0,0,0,0,0,0
57125306,65,32,33,65,32,33,0,0,0,33,19,14,64,32,32,65,32,33,0,0,0,0,0,0
57127001,377,188,189,357,184,173,19,4,15,135,77,58,318,164,154,320,161,159,48,21,27,9,6,3
57129602,21,10,11,21,10,11,0,0,0,7,3,4,20,10,10,21,10,11,0,0,0,0,0,0
57129603,47,25,22,47,25,22,0,0,0,13,9,4,43,23,20,46,24,22,0,0,0,1,1,0
57129604,45,25,20,45,25,20,0,0,0,22,13,9,43,25,18,33,19,14,0,0,0,12,6,6
57130001,132,73,59,132,73,59,0,0,0,72,41,31,124,69,55,128,69,59,1,1,0,3,3,0
50503001,225,117,108,221,113,108,4,4,0,102,58,44,207,107,100,223,115,108,0,0,0,2,2,0
50430101,430,214,216,428,214,214,1,0,1,181,89,92,409,202,207,427,212,215,0,0,0,3,2,1
50495501,162,87,75,156,82,74,5,4,1,71,40,31,154,84,70,159,84,75,0,0,0,3,3,0
57137701,221,108,113,218,106,112,2,1,1,100,54,46,196,99,97,195,98,97,13,3,10,13,7,6
57138501,4193,1973,2220,4176,1963,2213,17,10,7,1855,948,907,3973,1882,2091,3805,1828,1977,277,71,206,111,74,37
57138502,25,12,13,25,12,13,0,0,0,11,7,4,24,11,13,25,12,13,0,0,0,0,0,0
57138503,72,40,32,72,40,32,0,0,0,34,19,15,68,39,29,20,12,8,0,0,0,52,28,24
57138504,258,133,125,258,133,125,0,0,0,138,77,61,248,129,119,257,132,125,0,0,0,1,1,0
57138505,46,20,26,46,20,26,0,0,0,27,12,15,43,19,24,46,20,26,0,0,0,0,0,0
57138506,140,64,76,132,57,75,8,7,1,55,22,33,134,61,73,119,50,69,2,2,0,19,12,7
57138507,35,21,14,35,21,14,0,0,0,16,13,3,34,20,14,35,21,14,0,0,0,0,0,0
3218930,0,0,0,0,0,0,0,0,0,0,0,0,0,0,0,0,0,0,0,0,0,0,0,0
3222880,0,0,0,0,0,0,0,0,0,0,0,0,0,0,0,0,0,0,0,0,0,0,0,0
57139302,569,297,272,559,291,268,10,6,4,404,218,186,551,292,259,564,294,270,0,0,0,5,3,2
57139303,107,57,50,107,57,50,0,0,0,69,45,24,103,55,48,106,56,50,0,0,0,1,1,0
57139304,266,134,132,265,133,132,1,1,0,162,84,78,257,131,126,266,134,132,0,0,0,0,0,0
57139305,261,134,127,255,129,126,5,5,0,170,93,77,243,125,118,261,134,127,0,0,0,0,0,0
57139306,262,143,119,262,143,119,0,0,0,175,101,74,255,138,117,262,143,119,0,0,0,0,0,0
57139308,2045,995,1050,2030,986,1044,15,9,6,1232,661,571,1975,960,1015,1929,964,965,113,29,84,3,2,1
57139309,83,40,43,83,40,43,0,0,0,46,19,27,77,34,43,82,39,43,0,0,0,1,1,0
57139310,929,433,496,907,422,485,22,11,11,518,252,266,863,400,463,909,425,484,20,8,12,0,0,0
57139312,123,54,69,123,54,69,0,0,0,90,38,52,121,52,69,123,54,69,0,0,0,0,0,0
57139313,650,347,303,635,341,294,14,6,8,389,219,170,607,328,279,561,281,280,0,0,0,89,66,23
57139314,78,38,40,78,38,40,0,0,0,48,23,25,78,38,40,69,34,35,4,2,2,5,2,3
57139315,756,386,370,742,381,361,11,3,8,406,220,186,703,359,344,756,386,370,0,0,0,0,0,0
57139316,3142,1446,1696,3108,1430,1678,33,16,17,1706,841,865,3012,1381,1631,3142,1446,1696,0,0,0,0,0,0
57140701,141,75,66,139,73,66,2,2,0,83,48,35,133,70,63,141,75,66,0,0,0,0,0,0
57140702,36,16,20,36,16,20,0,0,0,23,10,13,36,16,20,36,16,20,0,0,0,0,0,0
54779401,73,37,36,72,36,36,0,0,0,35,18,17,68,34,34,72,36,36,0,0,0,1,1,0
57144001,348,174,174,341,170,171,7,4,3,170,89,81,325,167,158,343,171,172,0,0,0,5,3,2
57144002,463,238,225,459,235,224,4,3,1,232,134,98,445,232,213,449,230,219,0,0,0,14,8,6
57145801,97,50,47,97,50,47,0,0,0,34,25,9,94,49,45,95,48,47,0,0,0,2,2,0
57145802,71,40,31,70,39,31,0,0,0,27,13,14,68,37,31,71,40,31,0,0,0,0,0,0
57146601,69,36,33,69,36,33,0,0,0,16,8,8,63,32,31,69,36,33,0,0,0,0,0,0
57146602,325,160,165,324,159,165,1,1,0,143,80,63,301,149,152,318,156,162,0,0,0,7,4,3
57146603,29,13,16,29,13,16,0,0,0,10,4,6,26,12,14,29,13,16,0,0,0,0,0,0
57147401,107,50,57,107,50,57,0,0,0,58,26,32,105,48,57,105,49,56,0,0,0,2,1,1
57147403,28,13,15,28,13,15,0,0,0,13,6,7,25,12,13,25,13,12,0,0,0,3,0,3
57147404,73,35,38,73,35,38,0,0,0,32,14,18,63,28,35,61,28,33,0,0,0,12,7,5
57147405,40,21,19,40,21,19,0,0,0,22,14,8,38,20,18,39,20,19,0,0,0,1,1,0
57147407,57,36,21,57,36,21,0,0,0,29,19,10,54,33,21,38,27,11,1,1,0,18,8,10
57147408,125,63,62,123,61,62,2,2,0,47,25,22,117,58,59,114,55,59,0,0,0,11,8,3
57148201,26,15,11,26,15,11,0,0,0,11,10,1,25,15,10,26,15,11,0,0,0,0,0,0
57148202,117,64,53,116,63,53,1,1,0,66,41,25,107,58,49,114,62,52,0,0,0,3,2,1
57149101,75,47,28,70,43,27,5,4,1,37,28,9,73,45,28,75,47,28,0,0,0,0,0,0
57149102,29,16,13,29,16,13,0,0,0,17,11,6,25,15,10,29,16,13,0,0,0,0,0,0
57149103,1580,802,778,1470,723,747,107,77,30,686,362,324,1464,739,725,1530,766,764,0,0,0,50,36,14
57149104,21,11,10,20,11,9,1,0,1,8,4,4,16,8,8,21,11,10,0,0,0,0,0,0
57149105,268,133,135,253,122,131,15,11,4,114,58,56,251,123,128,268,133,135,0,0,0,0,0,0
57150401,333,168,165,326,162,164,7,6,1,155,84,71,314,161,153,329,165,164,0,0,0,4,3,1
57153901,241,120,121,240,119,121,1,1,0,139,73,66,232,115,117,225,115,110,0,0,0,16,5,11
57153902,135,64,71,132,64,68,3,0,3,53,29,24,131,60,71,135,64,71,0,0,0,0,0,0
57153903,2325,1132,1193,2285,1109,1176,39,22,17,1090,561,529,2194,1077,1117,2254,1098,1156,30,9,21,41,25,16
57153904,319,169,150,316,167,149,2,2,0,165,91,74,309,165,144,319,169,150,0,0,0,0,0,0
57153905,74,40,34,74,40,34,0,0,0,29,19,10,71,38,33,74,40,34,0,0,0,0,0,0
57154701,20,9,11,19,8,11,1,1,0,9,6,3,17,7,10,20,9,11,0,0,0,0,0,0
57154702,78,41,37,77,40,37,1,1,0,34,15,19,75,40,35,78,41,37,0,0,0,0,0,0
57154703,692,343,349,686,340,346,6,3,3,349,174,175,663,327,336,668,328,340,13,5,8,11,10,1
57154704,103,54,49,101,53,48,2,1,1,58,35,23,101,53,48,103,54,49,0,0,0,0,0,0
57154705,43,21,22,43,21,22,0,0,0,17,9,8,42,20,22,43,21,22,0,0,0,0,0,0
57154706,212,107,105,211,106,105,1,1,0,107,56,51,205,105,100,207,104,103,0,0,0,5,3,2
57154707,45,21,24,45,21,24,0,0,0,16,8,8,45,21,24,44,20,24,0,0,0,1,1,0
0543560,0,0,0,0,0,0,0,0,0,0,0,0,0,0,0,0,0,0,0,0,0,0,0,0
0543990,0,0,0,0,0,0,0,0,0,0,0,0,0,0,0,0,0,0,0,0,0,0,0,0
1987730,0,0,0,0,0,0,0,0,0,0,0,0,0,0,0,0,0,0,0,0,0,0,0,0
3298510,0,0,0,0,0,0,0,0,0,0,0,0,0,0,0,0,0,0,0,0,0,0,0,0
57116401,110,57,53,107,54,53,3,3,0,54,31,23,107,55,52,110,57,53,0,0,0,0,0,0
57116402,222,125,97,221,125,96,1,0,1,118,71,47,208,117,91,221,124,97,0,0,0,1,1,0
57116403,601,300,301,600,299,301,1,1,0,313,173,140,571,287,284,588,294,294,7,2,5,6,4,2
57116404,172,89,83,172,89,83,0,0,0,109,57,52,167,88,79,172,89,83,0,0,0,0,0,0
57116405,693,418,275,681,411,270,9,4,5,312,191,121,659,396,263,414,209,205,5,3,2,274,206,68
57116406,1332,628,704,1314,617,697,17,11,6,683,332,351,1258,600,658,1303,616,687,29,12,17,0,0,0
57116408,528,252,276,524,249,275,3,2,1,256,122,134,505,238,267,528,252,276,0,0,0,0,0,0
57116409,51,23,28,51,23,28,0,0,0,36,14,22,50,22,28,51,23,28,0,0,0,0,0,0
57116410,1588,769,819,1585,768,817,3,1,2,877,457,420,1543,750,793,1571,761,810,17,8,9,0,0,0
57116411,586,274,312,586,274,312,0,0,0,328,167,161,576,272,304,586,274,312,0,0,0,0,0,0
57116412,933,477,456,930,475,455,3,2,1,454,247,207,855,434,421,916,468,448,11,6,5,6,3,3
57116413,182,83,99,182,83,99,0,0,0,102,52,50,168,76,92,182,83,99,0,0,0,0,0,0
57116414,81,42,39,80,41,39,1,1,0,39,23,16,77,40,37,81,42,39,0,0,0,0,0,0
57116415,34,15,19,34,15,19,0,0,0,21,7,14,30,13,17,31,13,18,0,0,0,3,2,1
57116416,1235,601,634,1213,584,629,18,15,3,568,305,263,1159,566,593,1233,599,634,0,0,0,2,2,0
57116417,1376,637,739,1353,619,734,22,17,5,709,339,370,1309,603,706,1376,637,739,0,0,0,0,0,0
57116418,3279,1516,1763,3244,1495,1749,27,16,11,1671,846,825,3137,1441,1696,3263,1515,1748,16,1,15,0,0,0
57116419,93,51,42,93,51,42,0,0,0,50,29,21,91,49,42,93,51,42,0,0,0,0,0,0
57116420,162,69,93,149,59,90,12,9,3,41,25,16,139,62,77,57,33,24,105,36,69,0,0,0
57116421,30,19,11,30,19,11,0,0,0,17,11,6,29,18,11,10,6,4,0,0,0,20,13,7
57116422,281,153,128,281,153,128,0,0,0,153,85,68,257,139,118,242,135,107,12,6,6,27,12,15
57116423,235,125,110,235,125,110,0,0,0,113,58,55,217,112,105,198,101,97,37,24,13,0,0,0
57116424,1094,541,553,1072,521,551,19,17,2,507,261,246,1025,493,532,1057,516,541,37,25,12,0,0,0
57116425,92,69,23,58,42,16,32,25,7,35,26,9,85,65,20,92,69,23,0,0,0,0,0,0
57116426,1575,772,803,1518,732,786,52,36,16,759,373,386,1501,727,774,1503,723,780,71,48,23,1,1,0
57116427,974,452,522,969,450,519,4,1,3,480,225,255,909,424,485,974,452,522,0,0,0,0,0,0
57116428,923,449,474,918,445,473,4,3,1,505,251,254,860,423,437,867,422,445,53,25,28,3,2,1
57116429,757,338,419,755,337,418,1,0,1,419,202,217,719,322,397,658,312,346,99,26,73,0,0,0
57116430,88,45,43,88,45,43,0,0,0,34,17,17,87,45,42,88,45,43,0,0,0,0,0,0
57116431,815,405,410,813,405,408,2,0,2,478,258,220,798,397,401,799,394,405,10,7,3,6,4,2
57116432,214,101,113,209,98,111,5,3,2,106,50,56,201,97,104,214,101,113,0,0,0,0,0,0
57116433,2367,1151,1216,2346,1141,1205,19,10,9,1140,581,559,2251,1090,1161,2366,1150,1216,0,0,0,1,1,0
57116434,170,92,78,169,91,78,1,1,0,75,42,33,151,82,69,107,57,50,40,20,20,23,15,8
54781601,446,218,228,446,218,228,0,0,0,292,153,139,437,214,223,439,214,225,0,0,0,7,4,3
57156301,209,98,111,208,97,111,1,1,0,115,62,53,203,97,106,206,96,110,0,0,0,3,2,1
57156302,50,25,25,50,25,25,0,0,0,23,12,11,46,23,23,50,25,25,0,0,0,0,0,0
57156303,66,29,37,66,29,37,0,0,0,28,13,15,64,29,35,66,29,37,0,0,0,0,0,0
57156304,31,20,11,31,20,11,0,0,0,19,12,7,31,20,11,31,20,11,0,0,0,0,0,0
57156305,66,34,32,66,34,32,0,0,0,36,22,14,64,32,32,66,34,32,0,0,0,0,0,0
57157101,77,42,35,77,42,35,0,0,0,45,29,16,76,41,35,77,42,35,0,0,0,0,0,0
57157102,29,19,10,29,19,10,0,0,0,21,16,5,27,17,10,29,19,10,0,0,0,0,0,0
57157103,662,330,332,662,330,332,0,0,0,404,215,189,651,323,328,658,328,330,2,1,1,2,1,1
57158001,249,124,125,249,124,125,0,0,0,144,82,62,236,118,118,249,124,125,0,0,0,0,0,0
57378701,327,172,155,327,172,155,0,0,0,128,77,51,310,164,146,323,169,154,0,0,0,4,3,1
57378702,71,33,38,71,33,38,0,0,0,30,20,10,67,32,35,71,33,38,0,0,0,0,0,0
57400701,135,69,66,135,69,66,0,0,0,58,36,22,131,66,65,135,69,66,0,0,0,0,0,0
57161001,690,353,337,675,339,336,15,14,1,250,123,127,635,321,314,670,334,336,0,0,0,20,19,1
57162801,312,158,154,311,158,153,0,0,0,129,69,60,300,153,147,306,154,152,0,0,0,6,4,2
57162802,48,20,28,48,20,28,0,0,0,10,5,5,44,19,25,48,20,28,0,0,0,0,0,0
57165202,79,43,36,79,43,36,0,0,0,45,29,16,77,42,35,73,41,32,0,0,0,6,2,4
57165203,74,35,39,74,35,39,0,0,0,25,14,11,71,34,37,65,31,34,0,0,0,9,4,5
57166101,74,36,38,74,36,38,0,0,0,33,18,15,70,35,35,69,33,36,0,0,0,5,3,2
57166102,43,22,21,43,22,21,0,0,0,14,8,6,34,17,17,43,22,21,0,0,0,0,0,0
57166103,953,493,460,949,491,458,4,2,2,521,296,225,912,472,440,939,481,458,0,0,0,14,12,2
57166104,114,60,54,114,60,54,0,0,0,74,43,31,112,59,53,114,60,54,0,0,0,0,0,0
57166105,195,92,103,195,92,103,0,0,0,102,53,49,193,92,101,193,91,102,0,0,0,2,1,1
54782401,30,15,15,30,15,15,0,0,0,11,8,3,28,15,13,1,1,0,0,0,0,29,14,15
54782402,93,48,45,93,48,45,0,0,0,51,28,23,91,47,44,90,46,44,0,0,0,3,2,1
50480701,54,28,26,54,28,26,0,0,0,36,15,21,48,23,25,54,28,26,0,0,0,0,0,0
50480702,242,114,128,242,114,128,0,0,0,88,40,48,223,107,116,229,109,120,12,5,7,1,0,1
57170901,150,75,75,150,75,75,0,0,0,71,36,35,146,73,73,141,70,71,0,0,0,9,5,4
57172501,84,49,35,84,49,35,0,0,0,37,26,11,79,45,34,77,44,33,0,0,0,7,5,2
57173301,114,62,52,114,62,52,0,0,0,74,41,33,107,60,47,111,59,52,0,0,0,3,3,0
57173302,26,14,12,26,14,12,0,0,0,10,8,2,25,14,11,26,14,12,0,0,0,0,0,0
57173304,26,13,13,26,13,13,0,0,0,6,3,3,25,12,13,21,10,11,0,0,0,5,3,2
54783201,146,71,75,146,71,75,0,0,0,72,38,34,142,71,71,146,71,75,0,0,0,0,0,0
54783202,103,48,55,103,48,55,0,0,0,42,20,22,99,46,53,103,48,55,0,0,0,0,0,0
54787501,121,67,54,121,67,54,0,0,0,67,38,29,119,65,54,121,67,54,0,0,0,0,0,0
54787502,124,58,66,123,57,66,1,1,0,53,22,31,114,54,60,120,56,64,0,0,0,4,2,2
57175001,152,79,73,152,79,73,0,0,0,62,37,25,146,76,70,152,79,73,0,0,0,0,0,0
57176801,430,220,210,429,219,210,1,1,0,192,104,88,412,211,201,423,215,208,0,0,0,7,5,2
57176802,234,112,122,234,112,122,0,0,0,118,59,59,230,109,121,225,108,117,0,0,0,9,4,5
57176803,115,55,60,114,54,60,0,0,0,59,32,27,105,49,56,103,47,56,0,0,0,12,8,4
57176805,49,20,29,49,20,29,0,0,0,25,12,13,48,20,28,49,20,29,0,0,0,0,0,0
57176806,40,22,18,40,22,18,0,0,0,20,13,7,39,21,18,34,18,16,0,0,0,6,4,2
57177601,228,113,115,219,104,115,7,7,0,111,51,60,211,101,110,228,113,115,0,0,0,0,0,0
57177602,88,39,49,87,38,49,1,1,0,32,14,18,84,37,47,84,37,47,0,0,0,4,2,2
57177603,41,20,21,41,20,21,0,0,0,28,16,12,40,19,21,41,20,21,0,0,0,0,0,0
57177604,75,38,37,73,36,37,2,2,0,43,24,19,72,38,34,73,37,36,0,0,0,2,1,1
57177605,27,13,14,27,13,14,0,0,0,18,8,10,26,13,13,26,13,13,0,0,0,1,0,1
57177606,1449,732,717,1419,708,711,30,24,6,705,373,332,1390,700,690,1400,703,697,17,8,9,32,21,11
57177607,46,24,22,46,24,22,0,0,0,24,14,10,46,24,22,40,20,20,0,0,0,6,4,2
57177608,299,130,169,299,130,169,0,0,0,133,69,64,264,125,139,244,120,124,51,8,43,4,2,2
57177609,66,32,34,66,32,34,0,0,0,29,21,8,64,31,33,66,32,34,0,0,0,0,0,0
57177610,28,11,17,28,11,17,0,0,0,10,5,5,28,11,17,28,11,17,0,0,0,0,0,0
57177611,51,25,26,51,25,26,0,0,0,28,14,14,48,24,24,51,25,26,0,0,0,0,0,0
57177612,226,115,111,223,113,110,2,1,1,111,66,45,210,108,102,224,113,111,1,1,0,1,1,0
57182202,147,73,74,146,72,74,1,1,0,59,31,28,123,63,60,122,61,61,0,0,0,25,12,13
57182204,70,33,37,70,33,37,0,0,0,34,20,14,63,29,34,70,33,37,0,0,0,0,0,0
57182205,53,27,26,52,27,25,1,0,1,17,11,6,47,24,23,44,23,21,0,0,0,9,4,5
0959233,0,0,0,0,0,0,0,0,0,0,0,0,0,0,0,0,0,0,0,0,0,0,0,0
57183101,43,23,20,43,23,20,0,0,0,13,6,7,41,21,20,43,23,20,0,0,0,0,0,0
57183102,27,16,11,27,16,11,0,0,0,11,7,4,23,15,8,27,16,11,0,0,0,0,0,0
57183103,24,13,11,24,13,11,0,0,0,11,5,6,23,12,11,21,11,10,0,0,0,3,2,1
57183104,71,29,42,71,29,42,0,0,0,32,14,18,66,27,39,71,29,42,0,0,0,0,0,0
57183105,128,63,65,128,63,65,0,0,0,70,37,33,127,63,64,128,63,65,0,0,0,0,0,0
57183106,70,35,35,70,35,35,0,0,0,37,19,18,65,31,34,70,35,35,0,0,0,0,0,0
57183107,35,22,13,35,22,13,0,0,0,21,16,5,33,21,12,31,20,11,0,0,0,4,2,2
57183108,548,284,264,547,283,264,1,1,0,292,154,138,524,270,254,541,277,264,0,0,0,7,7,0
57183109,30,15,15,30,15,15,0,0,0,15,7,8,29,15,14,30,15,15,0,0,0,0,0,0
57183110,131,61,70,131,61,70,0,0,0,80,42,38,128,59,69,126,60,66,0,0,0,5,1,4
57183111,23,11,12,23,11,12,0,0,0,11,6,5,19,10,9,23,11,12,0,0,0,0,0,0
57183112,48,22,26,48,22,26,0,0,0,20,9,11,44,20,24,48,22,26,0,0,0,0,0,0
57183113,38,20,18,38,20,18,0,0,0,30,17,13,38,20,18,38,20,18,0,0,0,0,0,0
57183114,52,28,24,51,27,24,0,0,0,22,14,8,50,26,24,52,28,24,0,0,0,0,0,0
0970552,0,0,0,0,0,0,0,0,0,0,0,0,0,0,0,0,0,0,0,0,0,0,0,0
57185701,80,37,43,80,37,43,0,0,0,38,22,16,69,34,35,80,37,43,0,0,0,0,0,0
57185702,49,22,27,49,22,27,0,0,0,28,14,14,45,20,25,47,21,26,0,0,0,2,1,1
57185703,53,26,27,53,26,27,0,0,0,22,11,11,48,24,24,51,25,26,0,0,0,2,1,1
57185704,29,13,16,29,13,16,0,0,0,18,9,9,25,12,13,29,13,16,0,0,0,0,0,0
57185705,48,23,25,47,22,25,0,0,0,26,15,11,47,23,24,48,23,25,0,0,0,0,0,0
57185706,59,35,24,59,35,24,0,0,0,32,19,13,58,34,24,59,35,24,0,0,0,0,0,0
57185707,35,17,18,35,17,18,0,0,0,22,12,10,33,16,17,35,17,18,0,0,0,0,0,0
57187301,105,57,48,105,57,48,0,0,0,33,18,15,96,53,43,100,54,46,0,0,0,5,3,2
57187302,142,79,63,142,79,63,0,0,0,84,51,33,134,74,60,142,79,63,0,0,0,0,0,0
57187303,338,176,162,336,175,161,2,1,1,141,83,58,313,162,151,331,173,158,0,0,0,7,3,4
57187304,89,44,45,89,44,45,0,0,0,40,25,15,85,42,43,88,43,45,0,0,0,1,1,0
57187305,74,35,39,74,35,39,0,0,0,43,22,21,74,35,39,73,35,38,0,0,0,1,0,1
55484701,287,150,137,287,150,137,0,0,0,174,97,77,278,145,133,283,146,137,0,0,0,4,4,0
55484702,30,15,15,30,15,15,0,0,0,21,9,12,30,15,15,30,15,15,0,0,0,0,0,0
57189001,125,63,62,124,62,62,1,1,0,57,32,25,113,57,56,124,63,61,0,0,0,1,0,1
57190301,128,65,63,128,65,63,0,0,0,64,38,26,122,62,60,128,65,63,0,0,0,0,0,0
57190302,506,259,247,506,259,247,0,0,0,221,109,112,484,250,234,499,252,247,0,0,0,7,7,0
57191101,1202,577,625,1194,573,621,7,3,4,582,307,275,1143,551,592,1187,568,619,11,6,5,4,3,1
57191103,34,17,17,34,17,17,0,0,0,9,6,3,32,16,16,25,12,13,0,0,0,9,5,4
57191104,62,36,26,62,36,26,0,0,0,30,19,11,60,34,26,58,33,25,0,0,0,4,3,1
57191105,161,83,78,160,83,77,0,0,0,91,53,38,153,81,72,160,82,78,0,0,0,1,1,0
57191106,39,19,20,39,19,20,0,0,0,9,7,2,36,16,20,39,19,20,0,0,0,0,0,0
57191107,73,41,32,73,41,32,0,0,0,32,21,11,65,37,28,69,38,31,0,0,0,4,3,1
57191108,55,28,27,55,28,27,0,0,0,27,15,12,49,24,25,55,28,27,0,0,0,0,0,0
57196201,771,400,371,768,397,371,3,3,0,368,197,171,750,389,361,763,395,368,0,0,0,8,5,3
57410401,193,101,92,191,100,91,2,1,1,101,54,47,185,96,89,190,99,91,0,0,0,3,2,1
55495201,276,159,117,275,158,117,0,0,0,170,113,57,260,149,111,265,153,112,0,0,0,11,6,5
57200401,44,25,19,44,25,19,0,0,0,25,17,8,42,24,18,44,25,19,0,0,0,0,0,0
57200402,196,93,103,195,93,102,1,0,1,87,40,47,181,86,95,195,92,103,0,0,0,1,1,0
57203901,40,20,20,40,20,20,0,0,0,18,9,9,36,18,18,40,20,20,0,0,0,0,0,0
57203902,44,21,23,44,21,23,0,0,0,23,10,13,43,20,23,44,21,23,0,0,0,0,0,0
57203903,162,89,73,162,89,73,0,0,0,67,36,31,151,82,69,157,85,72,0,0,0,5,4,1
57206301,251,134,117,251,134,117,0,0,0,136,87,49,245,131,114,250,133,117,0,0,0,1,1,0
3316600,0,0,0,0,0,0,0,0,0,0,0,0,0,0,0,0,0,0,0,0,0,0,0,0
57207101,1367,685,682,1336,670,666,24,12,12,606,324,282,1294,646,648,1331,656,675,0,0,0,36,29,7
57208001,209,107,102,206,105,101,3,2,1,116,62,54,198,100,98,209,107,102,0,0,0,0,0,0
57208002,45,24,21,45,24,21,0,0,0,15,8,7,38,19,19,45,24,21,0,0,0,0,0,0
57208003,88,44,44,88,44,44,0,0,0,45,23,22,86,43,43,88,44,44,0,0,0,0,0,0
57208004,59,27,32,58,26,32,0,0,0,28,11,17,55,25,30,56,26,30,0,0,0,3,1,2
57208005,173,87,86,171,85,86,2,2,0,97,55,42,163,83,80,169,86,83,4,1,3,0,0,0
57208006,1029,511,518,1026,509,517,3,2,1,613,323,290,989,497,492,973,476,497,26,15,11,30,20,10
57208007,389,196,193,388,195,193,1,1,0,237,120,117,377,192,185,389,196,193,0,0,0,0,0,0
57209801,91,50,41,91,50,41,0,0,0,48,30,18,90,49,41,91,50,41,0,0,0,0,0,0
57209802,38,21,17,38,21,17,0,0,0,16,9,7,37,20,17,38,21,17,0,0,0,0,0,0
57209803,60,28,32,60,28,32,0,0,0,35,20,15,58,27,31,60,28,32,0,0,0,0,0,0
57209804,595,289,306,593,287,306,2,2,0,310,154,156,573,282,291,591,285,306,1,1,0,3,3,0
57210101,361,189,172,361,189,172,0,0,0,166,89,77,335,177,158,347,179,168,8,6,2,6,4,2
57211001,214,120,94,214,120,94,0,0,0,62,36,26,195,109,86,191,100,91,20,18,2,3,2,1
55688201,61,28,33,61,28,33,0,0,0,26,14,12,51,25,26,56,27,29,0,0,0,5,1,4
55688202,609,300,309,609,300,309,0,0,0,294,147,147,576,281,295,603,294,309,0,0,0,6,6,0
55688203,161,76,85,159,75,84,2,1,1,70,36,34,158,74,84,156,75,81,0,0,0,5,1,4
57215201,76,37,39,75,37,38,0,0,0,38,21,17,75,36,39,76,37,39,0,0,0,0,0,0
57215202,70,37,33,70,37,33,0,0,0,28,16,12,65,35,30,70,37,33,0,0,0,0,0,0
57215203,207,113,94,207,113,94,0,0,0,114,68,46,197,106,91,204,111,93,0,0,0,3,2,1
57216101,69,31,38,69,31,38,0,0,0,34,17,17,66,30,36,69,31,38,0,0,0,0,0,0
57216102,127,62,65,125,60,65,2,2,0,50,27,23,115,54,61,116,57,59,0,0,0,11,5,6
57216103,1435,720,715,1386,688,698,43,26,17,631,325,306,1373,688,685,1393,695,698,30,16,14,12,9,3
57217901,955,476,479,948,473,475,7,3,4,490,249,241,906,447,459,944,470,474,0,0,0,11,6,5
57217902,117,56,61,117,56,61,0,0,0,54,33,21,110,52,58,117,56,61,0,0,0,0,0,0
57217903,117,62,55,117,62,55,0,0,0,60,37,23,113,59,54,117,62,55,0,0,0,0,0,0
57217904,135,68,67,135,68,67,0,0,0,55,28,27,128,67,61,135,68,67,0,0,0,0,0,0
54780801,287,155,132,280,149,131,7,6,1,125,68,57,268,144,124,283,151,132,0,0,0,4,4,0
57221701,481,247,234,481,247,234,0,0,0,239,139,100,469,239,230,479,245,234,0,0,0,2,2,0
57222502,51,27,24,51,27,24,0,0,0,22,15,7,50,27,23,47,27,20,4,0,4,0,0,0
57222503,58,31,27,58,31,27,0,0,0,27,14,13,55,29,26,40,21,19,0,0,0,18,10,8
57222505,44,23,21,44,23,21,0,0,0,21,12,9,36,20,16,0,0,0,0,0,0,44,23,21
57222506,173,92,81,173,92,81,0,0,0,93,54,39,160,85,75,173,92,81,0,0,0,0,0,0
57222508,54,29,25,54,29,25,0,0,0,29,15,14,51,26,25,54,29,25,0,0,0,0,0,0
57222510,590,303,287,588,303,285,2,0,2,299,181,118,564,290,274,572,291,281,0,0,0,18,12,6
57222511,638,316,322,631,313,318,7,3,4,159,84,75,565,286,279,368,184,184,243,119,124,27,13,14
57222512,36,20,16,33,19,14,3,1,2,3,2,1,30,18,12,2,2,0,3,1,2,31,17,14
57222513,125,66,59,125,66,59,0,0,0,74,40,34,125,66,59,125,66,59,0,0,0,0,0,0
57222515,82,39,43,82,39,43,0,0,0,48,28,20,81,39,42,76,37,39,0,0,0,6,2,4
57222516,44,23,21,44,23,21,0,0,0,16,7,9,40,20,20,31,16,15,0,0,0,13,7,6
57224101,62,34,28,62,34,28,0,0,0,32,19,13,58,31,27,62,34,28,0,0,0,0,0,0
57224102,50,25,25,49,24,25,1,1,0,33,17,16,48,23,25,40,20,20,0,0,0,10,5,5
57224103,110,53,57,108,53,55,2,0,2,64,30,34,105,51,54,110,53,57,0,0,0,0,0,0
57224104,41,21,20,41,21,20,0,0,0,23,10,13,36,18,18,41,21,20,0,0,0,0,0,0
57224105,226,113,113,226,113,113,0,0,0,140,71,69,219,109,110,226,113,113,0,0,0,0,0,0
57224107,69,38,31,69,38,31,0,0,0,40,25,15,62,34,28,69,38,31,0,0,0,0,0,0
57224109,3675,1769,1906,3647,1749,1898,26,19,7,1932,965,967,3499,1688,1811,3426,1649,1777,168,65,103,81,55,26
57224110,152,81,71,152,81,71,0,0,0,90,51,39,141,76,65,152,81,71,0,0,0,0,0,0
57224111,62,31,31,62,31,31,0,0,0,38,22,16,58,29,29,55,27,28,0,0,0,7,4,3
57224113,176,93,83,173,90,83,3,3,0,103,65,38,168,88,80,165,83,82,7,7,0,4,3,1
57224114,107,55,52,107,55,52,0,0,0,65,38,27,104,53,51,107,55,52,0,0,0,0,0,0
57224115,177,91,86,176,90,86,1,1,0,110,57,53,167,85,82,177,91,86,0,0,0,0,0,0
57224116,129,61,68,129,61,68,0,0,0,87,36,51,128,60,68,129,61,68,0,0,0,0,0,0
57226801,99,48,51,99,48,51,0,0,0,55,29,26,94,45,49,96,46,50,0,0,0,3,2,1
57226802,46,23,23,46,23,23,0,0,0,16,4,12,39,19,20,5,1,4,0,0,0,41,22,19
57226803,46,24,22,46,24,22,0,0,0,16,12,4,44,22,22,46,24,22,0,0,0,0,0,0
57226804,3037,1528,1509,3006,1503,1503,30,24,6,1377,718,659,2904,1461,1443,2808,1391,1417,149,83,66,80,54,26
57226805,490,247,243,490,247,243,0,0,0,202,103,99,461,236,225,466,235,231,19,10,9,5,2,3
57226806,251,125,126,249,125,124,1,0,1,97,48,49,238,119,119,233,114,119,0,0,0,18,11,7
57381701,131,63,68,130,62,68,1,1,0,53,27,26,123,59,64,131,63,68,0,0,0,0,0,0
57227601,54,28,26,54,28,26,0,0,0,21,12,9,52,28,24,36,14,22,1,1,0,17,13,4
57227602,388,198,190,388,198,190,0,0,0,170,89,81,378,191,187,388,198,190,0,0,0,0,0,0
57227603,581,291,290,579,291,288,2,0,2,181,95,86,554,282,272,581,291,290,0,0,0,0,0,0
54789101,364,177,187,363,177,186,1,0,1,179,94,85,356,172,184,353,170,183,0,0,0,11,7,4
57231401,58,29,29,58,29,29,0,0,0,24,13,11,52,25,27,58,29,29,0,0,0,0,0,0
57231402,103,52,51,103,52,51,0,0,0,40,22,18,98,49,49,102,51,51,0,0,0,1,1,0
57232201,36,16,20,36,16,20,0,0,0,18,8,10,34,15,19,36,16,20,0,0,0,0,0,0
57232202,371,188,183,370,187,183,1,1,0,208,115,93,347,177,170,365,185,180,0,0,0,6,3,3
57232203,44,27,17,44,27,17,0,0,0,27,18,9,41,25,16,15,9,6,0,0,0,29,18,11
57233101,48,22,26,48,22,26,0,0,0,15,6,9,44,20,24,48,22,26,0,0,0,0,0,0
57233102,373,199,174,373,199,174,0,0,0,187,111,76,363,195,168,351,187,164,0,0,0,22,12,10
57234902,883,442,441,879,441,438,4,1,3,510,282,228,828,415,413,835,412,423,22,12,10,26,18,8
57238101,125,69,56,125,69,56,0,0,0,43,30,13,117,65,52,115,61,54,0,0,0,10,8,2
57238102,77,36,41,77,36,41,0,0,0,46,27,19,74,33,41,77,36,41,0,0,0,0,0,0
57238104,67,30,37,67,30,37,0,0,0,38,18,20,64,29,35,67,30,37,0,0,0,0,0,0
57238105,47,27,20,47,27,20,0,0,0,30,20,10,45,26,19,47,27,20,0,0,0,0,0,0
1680762,0,0,0,0,0,0,0,0,0,0,0,0,0,0,0,0,0,0,0,0,0,0,0,0
57239001,23,9,14,23,9,14,0,0,0,9,6,3,23,9,14,23,9,14,0,0,0,0,0,0
57239002,30,16,14,30,16,14,0,0,0,6,2,4,27,15,12,24,12,12,0,0,0,6,4,2
57239004,94,47,47,94,47,47,0,0,0,35,18,17,77,38,39,92,46,46,0,0,0,2,1,1
57239005,772,387,385,764,384,380,8,3,5,372,197,175,729,366,363,734,365,369,3,2,1,35,20,15
57240301,180,93,87,180,93,87,0,0,0,94,60,34,171,89,82,177,90,87,0,0,0,3,3,0
3388770,0,0,0,0,0,0,0,0,0,0,0,0,0,0,0,0,0,0,0,0,0,0,0,0
57241101,66,31,35,66,31,35,0,0,0,27,16,11,62,31,31,52,25,27,0,0,0,14,6,8
57241103,99,55,44,99,55,44,0,0,0,53,35,18,96,54,42,99,55,44,0,0,0,0,0,0
57241104,30,18,12,30,18,12,0,0,0,11,7,4,27,16,11,16,10,6,1,0,1,13,8,5
57241105,70,34,36,67,33,34,3,1,2,30,15,15,64,31,33,64,31,33,3,1,2,3,2,1
57241107,2506,1245,1261,2390,1175,1215,96,58,38,1055,583,472,2375,1186,1189,2404,1190,1214,51,19,32,51,36,15
57241109,133,71,62,133,71,62,0,0,0,66,33,33,130,69,61,133,71,62,0,0,0,0,0,0
50492101,299,152,147,299,152,147,0,0,0,151,82,69,285,147,138,295,149,146,1,1,0,3,2,1
57242001,614,306,308,613,305,308,1,1,0,311,162,149,595,297,298,602,301,301,4,1,3,8,4,4
53069701,94,52,42,94,52,42,0,0,0,35,19,16,92,51,41,92,50,42,0,0,0,2,2,0
53069702,46,23,23,46,23,23,0,0,0,15,6,9,45,22,23,44,22,22,0,0,0,2,1,1
57244601,460,224,236,459,224,235,1,0,1,186,90,96,436,213,223,448,218,230,0,0,0,12,6,6
57245402,40,19,21,35,17,18,5,2,3,12,5,7,39,19,20,28,12,16,4,1,3,8,6,2
57245403,271,137,134,237,119,118,31,16,15,107,50,57,241,118,123,223,109,114,32,17,15,16,11,5
57246201,59,31,28,59,31,28,0,0,0,27,17,10,56,29,27,59,31,28,0,0,0,0,0,0
57246202,63,31,32,63,31,32,0,0,0,26,16,10,62,31,31,63,31,32,0,0,0,0,0,0
57246203,37,20,17,37,20,17,0,0,0,21,13,8,37,20,17,37,20,17,0,0,0,0,0,0
57246204,280,142,138,280,142,138,0,0,0,148,79,69,269,139,130,276,139,137,0,0,0,4,3,1
57246206,37,18,19,37,18,19,0,0,0,19,11,8,35,16,19,37,18,19,0,0,0,0,0,0
57246207,54,27,27,54,27,27,0,0,0,22,13,9,52,25,27,54,27,27,0,0,0,0,0,0
57247101,287,141,146,287,141,146,0,0,0,110,64,46,271,133,138,286,140,146,0,0,0,1,1,0
57249701,94,51,43,94,51,43,0,0,0,58,33,25,91,50,41,94,51,43,0,0,0,0,0,0
57249702,355,172,183,353,171,182,2,1,1,168,82,86,334,161,173,350,168,182,0,0,0,5,4,1
57250101,364,191,173,364,191,173,0,0,0,211,135,76,354,186,168,364,191,173,0,0,0,0,0,0
57250102,26,11,15,26,11,15,0,0,0,14,7,7,26,11,15,26,11,15,0,0,0,0,0,0
57252701,26,15,11,26,15,11,0,0,0,13,7,6,25,14,11,26,15,11,0,0,0,0,0,0
57252702,196,88,108,196,88,108,0,0,0,107,52,55,188,84,104,194,88,106,0,0,0,2,0,2
57253502,49,23,26,49,23,26,0,0,0,23,11,12,45,22,23,49,23,26,0,0,0,0,0,0
57253503,37,19,18,37,19,18,0,0,0,18,10,8,35,18,17,37,19,18,0,0,0,0,0,0
57253504,268,136,132,268,136,132,0,0,0,129,70,59,258,131,127,258,130,128,0,0,0,10,6,4
57254301,24,13,11,24,13,11,0,0,0,14,8,6,24,13,11,24,13,11,0,0,0,0,0,0
57254302,30,16,14,30,16,14,0,0,0,11,6,5,30,16,14,30,16,14,0,0,0,0,0,0
57254303,95,46,49,94,45,49,1,1,0,48,24,24,88,44,44,94,45,49,0,0,0,1,1,0
57255101,74,39,35,73,38,35,1,1,0,41,22,19,70,37,33,71,36,35,0,0,0,3,3,0
57255102,139,67,72,137,66,71,2,1,1,80,44,36,136,64,72,131,63,68,4,2,2,4,2,2
57255103,347,178,169,347,178,169,0,0,0,190,106,84,325,164,161,325,168,157,0,0,0,22,10,12
57255105,46,22,24,46,22,24,0,0,0,31,14,17,45,21,24,46,22,24,0,0,0,0,0,0
57255106,31,18,13,31,18,13,0,0,0,18,13,5,31,18,13,31,18,13,0,0,0,0,0,0
57255109,35,21,14,35,21,14,0,0,0,18,13,5,33,19,14,30,19,11,0,0,0,5,2,3
54784101,65,33,32,65,33,32,0,0,0,23,10,13,62,32,30,65,33,32,0,0,0,0,0,0
54784102,151,71,80,151,71,80,0,0,0,58,30,28,136,64,72,146,67,79,0,0,0,5,4,1
57257802,1025,531,494,1019,528,491,5,2,3,485,271,214,989,509,480,996,513,483,12,7,5,17,11,6
54785901,96,52,44,96,52,44,0,0,0,38,21,17,96,52,44,93,49,44,0,0,0,3,3,0
57387601,265,127,138,264,127,137,1,0,1,149,87,62,245,119,126,260,125,135,0,0,0,5,2,3
57409102,140,68,72,137,66,71,2,2,0,33,18,15,135,66,69,136,65,71,0,0,0,4,3,1
57264101,30,17,13,30,17,13,0,0,0,7,0,7,28,16,12,29,16,13,0,0,0,1,1,0
57264103,234,123,111,233,123,110,0,0,0,81,42,39,220,117,103,224,117,107,0,0,0,10,6,4
57472401,289,143,146,288,142,146,0,0,0,115,61,54,274,137,137,287,142,145,0,0,0,2,1,1
57474101,342,175,167,339,174,165,0,0,0,139,75,64,322,165,157,336,172,164,0,0,0,6,3,3
57478301,286,137,149,286,137,149,0,0,0,116,56,60,275,132,143,284,135,149,0,0,0,2,2,0
57479101,40,22,18,40,22,18,0,0,0,15,8,7,39,21,18,40,22,18,0,0,0,0,0,0
57479102,187,91,96,186,90,96,0,0,0,91,46,45,176,86,90,185,89,96,0,0,0,2,2,0
57480501,1028,525,503,1020,520,500,8,5,3,426,234,192,988,508,480,1014,517,497,0,0,0,14,8,6
57480502,49,24,25,48,23,25,1,1,0,11,7,4,43,20,23,49,24,25,0,0,0,0,0,0
57481301,240,118,122,236,115,121,4,3,1,120,59,61,222,110,112,237,116,121,0,0,0,3,2,1
57482101,88,40,48,88,40,48,0,0,0,35,19,16,77,36,41,88,40,48,0,0,0,0,0,0
57483001,252,119,133,251,119,132,1,0,1,130,63,67,247,119,128,249,116,133,0,0,0,3,3,0
57483002,130,63,67,130,63,67,0,0,0,66,31,35,124,59,65,129,62,67,0,0,0,1,1,0
57484801,261,133,128,256,130,126,3,3,0,90,46,44,247,125,122,258,132,126,0,0,0,3,1,2
57484802,124,61,63,124,61,63,0,0,0,43,25,18,117,57,60,124,61,63,0,0,0,0,0,0
57484803,838,433,405,832,428,404,4,3,1,366,197,169,787,402,385,802,413,389,3,2,1,33,18,15
57484804,94,44,50,94,44,50,0,0,0,36,19,17,94,44,50,88,42,46,6,2,4,0,0,0
57484805,212,105,107,212,105,107,0,0,0,57,23,34,191,94,97,212,105,107,0,0,0,0,0,0
57484806,157,81,76,157,81,76,0,0,0,51,29,22,148,77,71,153,80,73,0,0,0,4,1,3
57279901,221,110,111,220,109,111,0,0,0,118,66,52,214,106,108,220,109,111,0,0,0,1,1,0
0195770,0,0,0,0,0,0,0,0,0,0,0,0,0,0,0,0,0,0,0,0,0,0,0,0
57485602,67,38,29,63,35,28,3,2,1,20,7,13,62,34,28,51,26,25,12,9,3,4,3,1
57485603,1118,556,562,1113,554,559,4,1,3,479,239,240,1057,530,527,1108,548,560,0,0,0,10,8,2
57486401,448,234,214,440,230,210,8,4,4,180,108,72,423,226,197,430,225,205,10,3,7,8,6,2
57289601,688,342,346,678,337,341,10,5,5,186,103,83,629,310,319,683,339,344,0,0,0,5,3,2
57489901,1698,885,813,1597,805,792,95,74,21,748,399,349,1606,819,787,1634,832,802,32,29,3,32,24,8
57489902,95,53,42,94,52,42,1,1,0,45,28,17,87,49,38,95,53,42,0,0,0,0,0,0
57489903,25,14,11,23,13,10,1,1,0,11,9,2,23,13,10,25,14,11,0,0,0,0,0,0
57489904,178,94,84,171,90,81,7,4,3,70,38,32,170,90,80,176,93,83,0,0,0,2,1,1
57489905,173,91,82,170,88,82,3,3,0,47,18,29,161,85,76,173,91,82,0,0,0,0,0,0
57489906,42,24,18,40,22,18,2,2,0,25,16,9,39,23,16,41,23,18,0,0,0,1,1,0
57490201,395,205,190,393,204,189,1,1,0,196,118,78,375,197,178,388,200,188,6,4,2,1,1,0
57491101,879,423,456,872,417,455,7,6,1,399,216,183,838,410,428,857,410,447,7,3,4,15,10,5
57491102,610,307,303,608,305,303,2,2,0,332,177,155,595,299,296,610,307,303,0,0,0,0,0,0
57491103,214,108,106,213,107,106,1,1,0,98,48,50,205,102,103,214,108,106,0,0,0,0,0,0
57491104,290,150,140,288,149,139,2,1,1,174,95,79,276,145,131,290,150,140,0,0,0,0,0,0
57492901,982,475,507,980,473,507,2,2,0,477,241,236,940,452,488,977,473,504,0,0,0,5,2,3
57495301,588,291,297,585,289,296,2,1,1,213,110,103,539,266,273,583,289,294,0,0,0,5,2,3
57297701,318,151,167,318,151,167,0,0,0,125,65,60,299,142,157,313,149,164,0,0,0,5,2,3
57496101,265,131,134,262,131,131,2,0,2,92,51,41,246,126,120,264,130,134,0,0,0,1,1,0
3124360,0,0,0,0,0,0,0,0,0,0,0,0,0,0,0,0,0,0,0,0,0,0,0,0
57498802,1193,594,599,1180,585,595,10,7,3,631,345,286,1154,576,578,1193,594,599,0,0,0,0,0,0
57498803,128,62,66,127,62,65,1,0,1,71,33,38,117,56,61,128,62,66,0,0,0,0,0,0
57498804,253,121,132,253,121,132,0,0,0,124,65,59,246,120,126,250,120,130,0,0,0,3,1,2
57498805,95,53,42,95,53,42,0,0,0,50,28,22,90,51,39,95,53,42,0,0,0,0,0,0
57498806,487,239,248,482,237,245,4,2,2,281,147,134,471,234,237,487,239,248,0,0,0,0,0,0
57498807,180,91,89,179,90,89,1,1,0,108,58,50,175,87,88,180,91,89,0,0,0,0,0,0
57498808,1793,876,917,1766,862,904,27,14,13,923,448,475,1707,834,873,1679,803,876,38,18,20,76,55,21
57498809,2306,1093,1213,2248,1058,1190,43,27,16,1028,528,500,2112,999,1113,2117,1036,1081,188,56,132,1,1,0
57498810,31,17,14,30,16,14,1,1,0,16,9,7,29,16,13,0,0,0,2,1,1,29,16,13
57498811,36,17,19,36,17,19,0,0,0,19,9,10,36,17,19,36,17,19,0,0,0,0,0,0
57498812,188,102,86,185,99,86,3,3,0,108,62,46,178,95,83,188,102,86,0,0,0,0,0,0
57498813,55,31,24,51,29,22,0,0,0,31,16,15,50,27,23,55,31,24,0,0,0,0,0,0
57301901,62,31,31,62,31,31,0,0,0,27,13,14,53,27,26,56,27,29,0,0,0,6,4,2
57499601,139,75,64,138,74,64,1,1,0,73,42,31,129,71,58,139,75,64,0,0,0,0,0,0
57499602,1898,941,957,1885,933,952,11,7,4,868,461,407,1801,892,909,1844,906,938,6,3,3,48,32,16
57501101,1023,522,501,1008,510,498,15,12,3,480,279,201,967,488,479,1017,517,500,0,0,0,6,5,1
3313500,0,0,0,0,0,0,0,0,0,0,0,0,0,0,0,0,0,0,0,0,0,0,0,0
57504601,230,105,125,230,105,125,0,0,0,88,42,46,217,100,117,221,102,119,0,0,0,9,3,6
57505402,1116,540,576,1098,532,566,18,8,10,460,234,226,1041,499,542,1056,516,540,26,3,23,34,21,13
57505404,58,32,26,57,31,26,1,1,0,28,19,9,58,32,26,48,28,20,0,0,0,10,4,6
57506201,359,186,173,359,186,173,0,0,0,168,96,72,345,178,167,353,181,172,0,0,0,6,5,1
57276401,108,50,58,108,50,58,0,0,0,45,19,26,102,49,53,108,50,58,0,0,0,0,0,0
3308410,0,0,0,0,0,0,0,0,0,0,0,0,0,0,0,0,0,0,0,0,0,0,0,0
57507101,118,57,61,117,57,60,1,0,1,58,30,28,114,56,58,118,57,61,0,0,0,0,0,0
57507102,2666,1306,1360,2634,1285,1349,30,19,11,1114,570,544,2528,1244,1284,2555,1243,1312,29,10,19,82,53,29
57507103,22,10,12,22,10,12,0,0,0,10,6,4,22,10,12,22,10,12,0,0,0,0,0,0
57508901,727,376,351,701,350,351,25,25,0,341,182,159,692,354,338,689,346,343,27,23,4,11,7,4
57509701,207,104,103,207,104,103,0,0,0,89,51,38,193,98,95,206,103,103,0,0,0,1,1,0
57510101,150,75,75,149,74,75,1,1,0,63,37,26,141,70,71,149,74,75,0,0,0,1,1,0
57510102,94,49,45,94,49,45,0,0,0,40,20,20,88,46,42,94,49,45,0,0,0,0,0,0
57510103,79,40,39,79,40,39,0,0,0,33,16,17,73,38,35,57,28,29,1,1,0,21,11,10
57511901,219,103,116,216,100,116,2,2,0,116,54,62,209,96,113,217,102,115,0,0,0,2,1,1
57512701,136,72,64,136,72,64,0,0,0,64,35,29,128,67,61,131,68,63,0,0,0,5,4,1
57512702,27,14,13,27,14,13,0,0,0,10,7,3,26,14,12,27,14,13,0,0,0,0,0,0
57513501,237,125,112,236,125,111,1,0,1,120,68,52,228,121,107,228,120,108,0,0,0,9,5,4
57514301,388,201,187,385,198,187,2,2,0,157,90,67,376,197,179,375,192,183,0,0,0,13,9,4
57515101,125,58,67,125,58,67,0,0,0,46,23,23,117,56,61,123,57,66,0,0,0,2,1,1
57515102,72,40,32,72,40,32,0,0,0,35,24,11,64,34,30,72,40,32,0,0,0,0,0,0
57517801,117,61,56,117,61,56,0,0,0,63,37,26,103,53,50,113,59,54,0,0,0,4,2,2
57517802,337,162,175,335,161,174,1,1,0,133,66,67,319,152,167,326,157,169,3,1,2,8,4,4
57517803,108,58,50,108,58,50,0,0,0,47,29,18,101,55,46,108,58,50,0,0,0,0,0,0
57517804,59,24,35,59,24,35,0,0,0,20,7,13,55,23,32,59,24,35,0,0,0,0,0,0
57519401,430,226,204,419,219,200,10,7,3,185,111,74,416,219,197,422,220,202,1,1,0,7,5,2
57523201,547,283,264,542,279,263,5,4,1,260,152,108,523,274,249,536,275,261,0,0,0,11,8,3
57286101,226,124,102,226,124,102,0,0,0,106,60,46,217,119,98,220,120,100,5,3,2,1,1,0
57351501,345,190,155,336,181,155,8,8,0,156,81,75,330,180,150,306,164,142,1,1,0,38,25,13
57525901,237,112,125,237,112,125,0,0,0,88,39,49,223,107,116,230,110,120,0,0,0,7,2,5
57284501,136,73,63,128,65,63,7,7,0,49,29,20,123,66,57,136,73,63,0,0,0,0,0,0
57476701,3407,1695,1712,3364,1664,1700,42,30,12,1202,625,577,3206,1603,1603,3374,1666,1708,0,0,0,33,29,4
57530501,647,333,314,644,330,314,3,3,0,277,147,130,603,309,294,635,325,310,0,0,0,12,8,4
57531301,344,172,172,343,172,171,1,0,1,128,68,60,322,161,161,340,169,171,0,0,0,4,3,1
57531302,73,41,32,70,39,31,3,2,1,29,17,12,67,37,30,71,39,32,0,0,0,2,2,0
57533002,58,32,26,58,32,26,0,0,0,18,13,5,56,32,24,50,29,21,0,0,0,8,3,5
57533003,103,55,48,103,55,48,0,0,0,33,18,15,93,52,41,100,53,47,0,0,0,3,2,1
57280201,124,60,64,117,55,62,4,4,0,70,39,31,114,54,60,124,60,64,0,0,0,0,0,0
57537201,260,137,123,258,137,121,2,0,2,104,54,50,243,128,115,254,135,119,5,1,4,1,1,0
57537202,42,21,21,42,21,21,0,0,0,17,9,8,41,21,20,42,21,21,0,0,0,0,0,0
57537203,1008,493,515,1005,493,512,2,0,2,363,189,174,962,473,489,998,484,514,0,0,0,10,9,1
57537204,35,21,14,35,21,14,0,0,0,7,7,0,34,20,14,35,21,14,0,0,0,0,0,0
57538101,178,84,94,177,83,94,1,1,0,59,30,29,167,77,90,176,82,94,0,0,0,2,2,0
57303501,83,40,43,82,39,43,1,1,0,38,20,18,82,40,42,79,38,41,0,0,0,4,2,2
57539901,56,29,27,56,29,27,0,0,0,18,10,8,45,24,21,54,27,27,0,0,0,2,2,0
57539902,95,51,44,93,49,44,2,2,0,49,25,24,89,49,40,95,51,44,0,0,0,0,0,0
57539903,1103,527,576,1091,520,571,12,7,5,459,241,218,1040,496,544,1038,498,540,45,13,32,20,16,4
57539904,148,69,79,148,69,79,0,0,0,66,31,35,137,65,72,148,69,79,0,0,0,0,0,0
57539905,231,118,113,231,118,113,0,0,0,109,57,52,228,116,112,228,117,111,0,0,0,3,1,2
57539906,130,65,65,129,65,64,1,0,1,46,26,20,124,63,61,130,65,65,0,0,0,0,0,0
57539907,21,11,10,20,11,9,1,0,1,9,5,4,21,11,10,21,11,10,0,0,0,0,0,0
57287001,581,296,285,577,295,282,3,1,2,128,69,59,537,274,263,579,294,285,0,0,0,2,2,0
57287002,180,101,79,171,92,79,9,9,0,73,41,32,163,88,75,153,85,68,0,0,0,27,16,11
57307801,76,41,35,76,41,35,0,0,0,17,8,9,76,41,35,56,31,25,2,1,1,18,9,9
57307802,90,43,47,90,43,47,0,0,0,33,13,20,87,41,46,87,40,47,0,0,0,3,3,0
3309490,0,0,0,0,0,0,0,0,0,0,0,0,0,0,0,0,0,0,0,0,0,0,0,0
57542901,2195,1082,1113,2176,1070,1106,17,10,7,808,422,386,2054,1005,1049,2153,1050,1103,1,1,0,41,31,10
57542902,591,293,298,589,292,297,0,0,0,279,142,137,543,270,273,590,292,298,1,1,0,0,0,0
57543701,67,33,34,67,33,34,0,0,0,33,14,19,61,29,32,67,33,34,0,0,0,0,0,0
57543702,1028,511,517,1020,506,514,7,4,3,428,225,203,985,493,492,1014,500,514,0,0,0,14,11,3
57544501,724,361,363,715,354,361,8,7,1,416,205,211,702,344,358,716,353,363,0,0,0,8,8,0
57544502,168,88,80,163,84,79,3,3,0,92,55,37,163,86,77,168,88,80,0,0,0,0,0,0
1179010,0,0,0,0,0,0,0,0,0,0,0,0,0,0,0,0,0,0,0,0,0,0,0,0
3290880,0,0,0,0,0,0,0,0,0,0,0,0,0,0,0,0,0,0,0,0,0,0,0,0
57471601,1471,997,474,1437,978,459,32,18,14,696,460,236,1424,973,451,466,242,224,4,2,2,1001,753,248
57471602,85,38,47,84,37,47,1,1,0,53,21,32,83,37,46,85,38,47,0,0,0,0,0,0
57471603,26,12,14,23,11,12,3,1,2,20,9,11,26,12,14,19,9,10,0,0,0,7,3,4
57471604,251,130,121,245,125,120,5,4,1,137,75,62,237,121,116,250,130,120,0,0,0,1,0,1
57471605,227,109,118,224,108,116,2,0,2,132,65,67,220,106,114,224,108,116,3,1,2,0,0,0
57471606,1246,606,640,1204,585,619,36,17,19,658,336,322,1199,586,613,1245,606,639,0,0,0,1,0,1
57471607,2324,1121,1203,2268,1091,1177,51,27,24,1379,680,699,2230,1070,1160,2323,1121,1202,1,0,1,0,0,0
57471608,2402,1126,1276,2287,1052,1235,104,67,37,1252,614,638,2262,1065,1197,2101,1011,1090,301,115,186,0,0,0
57471610,20,12,8,20,12,8,0,0,0,12,7,5,20,12,8,19,11,8,0,0,0,1,1,0
57471612,5980,2992,2988,5571,2746,2825,377,229,148,2918,1502,1416,5606,2789,2817,5957,2975,2982,8,6,2,15,11,4
57471613,2453,1180,1273,2344,1108,1236,100,67,33,1140,571,569,2345,1126,1219,2452,1179,1273,0,0,0,1,1,0
57471614,4443,2210,2233,3891,1860,2031,495,312,183,2059,1037,1022,4138,2046,2092,4172,2031,2141,264,176,88,7,3,4
3223690,0,0,0,0,0,0,0,0,0,0,0,0,0,0,0,0,0,0,0,0,0,0,0,0
55512601,30,20,10,30,20,10,0,0,0,14,11,3,29,20,9,13,8,5,0,0,0,17,12,5
55512602,302,145,157,297,140,157,5,5,0,191,93,98,291,139,152,301,144,157,1,1,0,0,0,0
55512603,204,107,97,198,105,93,4,2,2,99,55,44,186,100,86,204,107,97,0,0,0,0,0,0
55512604,1545,768,777,1477,733,744,63,32,31,741,393,348,1458,724,734,1545,768,777,0,0,0,0,0,0
55512606,3281,1521,1760,3102,1431,1671,166,85,81,1541,751,790,3138,1444,1694,3273,1517,1756,4,2,2,4,2,2
55512607,2660,1387,1273,2205,1060,1145,339,237,102,1213,602,611,2459,1271,1188,2251,1086,1165,409,301,108,0,0,0
55512608,3728,1742,1986,3561,1654,1907,155,83,72,1761,847,914,3531,1645,1886,3720,1738,1982,7,3,4,1,1,0
55512609,555,292,263,363,179,184,180,104,76,182,96,86,486,253,233,367,180,187,187,111,76,1,1,0
55512611,2487,1175,1312,2346,1081,1265,125,83,42,1168,562,606,2351,1105,1246,2432,1129,1303,53,45,8,2,1,1
55512612,3272,1520,1752,3172,1459,1713,87,53,34,1642,800,842,3154,1462,1692,3246,1509,1737,26,11,15,0,0,0
3290450,0,0,0,0,0,0,0,0,0,0,0,0,0,0,0,0,0,0,0,0,0,0,0,0
55706402,618,618,0,600,600,0,0,0,0,49,49,0,385,385,0,0,0,0,618,618,0,0,0,0
55706403,100,59,41,96,56,40,3,3,0,66,38,28,99,58,41,77,45,32,1,1,0,22,13,9
55706404,1760,847,913,1728,828,900,27,15,12,1119,549,570,1699,818,881,1759,846,913,0,0,0,1,1,0
55706406,1961,896,1065,1888,860,1028,67,34,33,1003,489,514,1898,868,1030,1960,895,1065,0,0,0,1,1,0
55706407,335,204,131,38,21,17,160,97,63,16,11,5,110,71,39,9,3,6,326,201,125,0,0,0
55706408,8003,3776,4227,7772,3641,4131,212,122,90,4106,2025,2081,7691,3613,4078,7792,3722,4070,206,51,155,5,3,2
55706410,458,232,226,457,232,225,1,0,1,250,136,114,453,229,224,458,232,226,0,0,0,0,0,0
55706411,1327,640,687,1312,629,683,15,11,4,852,421,431,1283,618,665,1327,640,687,0,0,0,0,0,0
55706412,713,327,386,699,317,382,13,9,4,360,167,193,685,318,367,713,327,386,0,0,0,0,0,0
1178112,0,0,0,0,0,0,0,0,0,0,0,0,0,0,0,0,0,0,0,0,0,0,0,0
3181831,0,0,0,0,0,0,0,0,0,0,0,0,0,0,0,0,0,0,0,0,0,0,0,0
3181832,0,0,0,0,0,0,0,0,0,0,0,0,0,0,0,0,0,0,0,0,0,0,0,0
3213380,0,0,0,0,0,0,0,0,0,0,0,0,0,0,0,0,0,0,0,0,0,0,0,0
3317240,0,0,0,0,0,0,0,0,0,0,0,0,0,0,0,0,0,0,0,0,0,0,0,0
3317320,0,0,0,0,0,0,0,0,0,0,0,0,0,0,0,0,0,0,0,0,0,0,0,0
55509601,962,486,476,921,460,461,40,26,14,566,293,273,929,468,461,953,479,474,4,4,0,5,3,2
55509602,103,57,46,101,57,44,2,0,2,67,38,29,100,55,45,103,57,46,0,0,0,0,0,0
55509603,364,179,185,360,176,184,2,2,0,243,120,123,352,173,179,364,179,185,0,0,0,0,0,0
55509604,215,108,107,215,108,107,0,0,0,130,64,66,212,106,106,214,107,107,0,0,0,1,1,0
55509606,47,26,21,47,26,21,0,0,0,35,23,12,44,24,20,47,26,21,0,0,0,0,0,0
55509607,1228,600,628,1220,594,626,7,5,2,887,439,448,1192,585,607,1221,596,625,0,0,0,7,4,3
55509608,66,34,32,65,33,32,1,1,0,36,20,16,66,34,32,66,34,32,0,0,0,0,0,0
55509609,22,9,13,11,6,5,11,3,8,2,2,0,18,8,10,0,0,0,22,9,13,0,0,0
55509610,38,24,14,29,16,13,9,8,1,18,12,6,31,20,11,29,16,13,8,7,1,1,1,0
55509611,1522,762,760,1506,751,755,14,9,5,992,506,486,1482,741,741,1519,761,758,0,0,0,3,1,2
55509612,445,221,224,436,215,221,9,6,3,305,154,151,438,216,222,443,219,224,0,0,0,2,2,0
55509613,220,106,114,217,104,113,3,2,1,134,66,68,216,103,113,220,106,114,0,0,0,0,0,0
0322552,0,0,0,0,0,0,0,0,0,0,0,0,0,0,0,0,0,0,0,0,0,0,0,0
1177490,0,0,0,0,0,0,0,0,0,0,0,0,0,0,0,0,0,0,0,0,0,0,0,0
1180872,0,0,0,0,0,0,0,0,0,0,0,0,0,0,0,0,0,0,0,0,0,0,0,0
55707201,677,338,339,670,335,335,6,3,3,401,210,191,653,327,326,677,338,339,0,0,0,0,0,0
55707202,582,288,294,578,285,293,4,3,1,392,198,194,567,280,287,581,287,294,0,0,0,1,1,0
55707203,231,138,93,221,132,89,9,6,3,119,69,50,204,115,89,190,101,89,18,18,0,23,19,4
55707205,580,284,296,562,274,288,14,9,5,284,143,141,494,241,253,575,280,295,1,1,0,4,3,1
55707207,3884,1943,1941,3715,1840,1875,149,88,61,2014,1027,987,3639,1825,1814,3661,1810,1851,217,130,87,6,3,3
55707208,1660,788,872,1644,777,867,14,10,4,1037,523,514,1632,776,856,1658,786,872,1,1,0,1,1,0
55707210,5306,2511,2795,5149,2419,2730,144,83,61,2955,1476,1479,5048,2379,2669,5299,2506,2793,7,5,2,0,0,0
55707211,396,200,196,354,180,174,36,19,17,143,73,70,273,136,137,396,200,196,0,0,0,0,0,0
55707212,3189,1499,1690,3034,1412,1622,139,78,61,1616,819,797,3007,1402,1605,3189,1499,1690,0,0,0,0,0,0
1180520,0,0,0,0,0,0,0,0,0,0,0,0,0,0,0,0,0,0,0,0,0,0,0,0
1180610,0,0,0,0,0,0,0,0,0,0,0,0,0,0,0,0,0,0,0,0,0,0,0,0
1180790,0,0,0,0,0,0,0,0,0,0,0,0,0,0,0,0,0,0,0,0,0,0,0,0
3290290,0,0,0,0,0,0,0,0,0,0,0,0,0,0,0,0,0,0,0,0,0,0,0,0
3317590,0,0,0,0,0,0,0,0,0,0,0,0,0,0,0,0,0,0,0,0,0,0,0,0
55510001,433,215,218,421,208,213,12,7,5,265,142,123,422,208,214,433,215,218,0,0,0,0,0,0
55510002,249,123,126,248,122,126,1,1,0,163,86,77,246,121,125,240,118,122,0,0,0,9,5,4
55510003,121,80,41,74,43,31,40,32,8,34,22,12,91,56,35,61,31,30,55,45,10,5,4,1
55510004,3944,1940,2004,3872,1893,1979,69,46,23,2580,1319,1261,3810,1880,1930,3938,1935,2003,6,5,1,0,0,0
55510006,1164,594,570,1143,581,562,21,13,8,745,406,339,1117,566,551,1160,592,568,2,1,1,2,1,1
55510007,472,231,241,471,231,240,1,0,1,312,162,150,464,229,235,472,231,241,0,0,0,0,0,0
1180100,0,0,0,0,0,0,0,0,0,0,0,0,0,0,0,0,0,0,0,0,0,0,0,0
1412161,0,0,0,0,0,0,0,0,0,0,0,0,0,0,0,0,0,0,0,0,0,0,0,0
3213200,0,0,0,0,0,0,0,0,0,0,0,0,0,0,0,0,0,0,0,0,0,0,0,0
55511801,2124,1099,1025,1931,936,995,188,160,28,1081,541,540,1983,1011,972,1896,918,978,224,178,46,4,3,1
55511803,1236,618,618,1208,599,609,25,17,8,732,369,363,1192,594,598,1192,586,606,40,31,9,4,1,3
55511804,870,407,463,839,394,445,31,13,18,403,205,198,813,379,434,870,407,463,0,0,0,0,0,0
55511805,641,324,317,632,320,312,9,4,5,389,203,186,624,313,311,640,323,317,1,1,0,0,0,0
55511806,1514,728,786,1504,722,782,9,5,4,1000,487,513,1476,713,763,1513,727,786,0,0,0,1,1,0
55511807,481,243,238,473,237,236,8,6,2,301,158,143,466,236,230,476,241,235,0,0,0,5,2,3
55511809,91,71,20,26,18,8,53,43,10,14,10,4,69,54,15,1,1,0,90,70,20,0,0,0
57502001,275,133,142,272,133,139,3,0,3,165,82,83,267,129,138,259,122,137,8,5,3,8,6,2
57294201,110,57,53,110,57,53,0,0,0,46,26,20,108,56,52,110,57,53,0,0,0,0,0,0
57546101,280,151,129,279,151,128,1,0,1,115,60,55,257,142,115,268,144,124,0,0,0,12,7,5
57547001,120,63,57,117,62,55,3,1,2,49,29,20,109,56,53,120,63,57,0,0,0,0,0,0
57295101,159,77,82,159,77,82,0,0,0,69,35,34,154,75,79,158,76,82,0,0,0,1,1,0
57285301,113,59,54,113,59,54,0,0,0,44,26,18,112,58,54,106,55,51,0,0,0,7,4,3
1346190,0,0,0,0,0,0,0,0,0,0,0,0,0,0,0,0,0,0,0,0,0,0,0,0
3389150,0,0,0,0,0,0,0,0,0,0,0,0,0,0,0,0,0,0,0,0,0,0,0,0
57550001,22,11,11,21,11,10,1,0,1,12,8,4,20,10,10,0,0,0,0,0,0,22,11,11
57550002,162,76,86,162,76,86,0,0,0,87,42,45,155,73,82,160,76,84,0,0,0,2,0,2
57550003,169,85,84,166,84,82,3,1,2,80,43,37,163,82,81,150,77,73,0,0,0,19,8,11
57550004,94,49,45,94,49,45,0,0,0,60,34,26,91,47,44,94,49,45,0,0,0,0,0,0
57550005,276,139,137,276,139,137,0,0,0,145,78,67,265,133,132,276,139,137,0,0,0,0,0,0
57550006,190,88,102,190,88,102,0,0,0,121,57,64,184,85,99,190,88,102,0,0,0,0,0,0
57550007,133,68,65,131,67,64,2,1,1,70,37,33,127,64,63,133,68,65,0,0,0,0,0,0
57550008,70,40,30,70,40,30,0,0,0,34,23,11,63,35,28,70,40,30,0,0,0,0,0,0
57550009,171,85,86,170,85,85,1,0,1,100,50,50,169,84,85,171,85,86,0,0,0,0,0,0
57550010,934,450,484,879,412,467,45,31,14,432,215,217,887,424,463,909,431,478,25,19,6,0,0,0
57550011,2005,978,1027,1933,928,1005,64,44,20,820,432,388,1875,915,960,2004,978,1026,0,0,0,1,0,1
57550013,1157,610,547,1065,557,508,83,49,34,493,277,216,1086,573,513,983,489,494,38,23,15,136,98,38
57550014,1805,853,952,1692,768,924,98,75,23,724,370,354,1679,788,891,1625,798,827,176,52,124,4,3,1
57550015,1401,683,718,1386,673,713,7,3,4,734,366,368,1359,660,699,1401,683,718,0,0,0,0,0,0
57550016,366,192,174,366,192,174,0,0,0,232,130,102,361,188,173,366,192,174,0,0,0,0,0,0
57550017,321,214,107,98,57,41,217,154,63,52,36,16,258,174,84,88,49,39,227,162,65,6,3,3
57551801,219,111,108,219,111,108,0,0,0,90,44,46,203,102,101,217,109,108,0,0,0,2,2,0
57552601,81,43,38,81,43,38,0,0,0,37,25,12,81,43,38,80,42,38,0,0,0,1,1,0
57553401,575,293,282,569,288,281,5,4,1,197,100,97,545,281,264,493,233,260,65,48,17,17,12,5
57555101,592,287,305,587,284,303,4,2,2,234,118,116,573,279,294,567,277,290,19,5,14,6,5,1
57556901,259,137,122,258,136,122,1,1,0,116,63,53,249,130,119,253,132,121,0,0,0,6,5,1
57557701,168,86,82,167,86,81,1,0,1,64,36,28,156,80,76,168,86,82,0,0,0,0,0,0
57557702,37,22,15,37,22,15,0,0,0,11,8,3,35,20,15,37,22,15,0,0,0,0,0,0
57557703,45,22,23,45,22,23,0,0,0,19,8,11,45,22,23,45,22,23,0,0,0,0,0,0
57557704,625,330,295,616,327,289,8,3,5,277,164,113,595,315,280,610,317,293,8,6,2,7,7,0
3310740,0,0,0,0,0,0,0,0,0,0,0,0,0,0,0,0,0,0,0,0,0,0,0,0
57559301,1345,638,707,1317,619,698,26,17,9,484,257,227,1212,580,632,1217,573,644,90,36,54,38,29,9
57560701,216,114,102,216,114,102,0,0,0,128,69,59,211,112,99,216,114,102,0,0,0,0,0,0
57560702,1128,558,570,1122,553,569,5,5,0,543,272,271,1061,524,537,1118,549,569,4,3,1,6,6,0
57561501,144,71,73,138,65,73,5,5,0,47,23,24,130,64,66,136,63,73,5,5,0,3,3,0
57562301,594,291,303,592,291,301,2,0,2,275,143,132,552,270,282,574,279,295,3,2,1,17,10,7
57564001,111,51,60,111,51,60,0,0,0,56,29,27,107,49,58,111,51,60,0,0,0,0,0,0
57564002,193,96,97,193,96,97,0,0,0,78,42,36,184,90,94,193,96,97,0,0,0,0,0,0
57564003,64,36,28,64,36,28,0,0,0,37,23,14,64,36,28,64,36,28,0,0,0,0,0,0
57564004,128,68,60,127,67,60,1,1,0,51,29,22,117,64,53,95,48,47,0,0,0,33,20,13
57564006,171,87,84,169,85,84,2,2,0,52,22,30,159,81,78,169,85,84,0,0,0,2,2,0
57564007,2754,1378,1376,2709,1345,1364,43,31,12,1293,691,602,2600,1300,1300,2673,1337,1336,47,13,34,34,28,6
57564008,92,42,50,92,42,50,0,0,0,27,11,16,91,42,49,92,42,50,0,0,0,0,0,0
57564009,29,17,12,29,17,12,0,0,0,21,12,9,28,16,12,29,17,12,0,0,0,0,0,0
57564010,161,77,84,160,76,84,1,1,0,86,46,40,155,75,80,161,77,84,0,0,0,0,0,0
57564011,384,196,188,377,190,187,7,6,1,87,44,43,347,179,168,375,193,182,9,3,6,0,0,0
57565801,27,16,11,26,15,11,1,1,0,13,7,6,23,14,9,27,16,11,0,0,0,0,0,0
57565802,40,21,19,40,21,19,0,0,0,18,11,7,40,21,19,40,21,19,0,0,0,0,0,0
57565803,26,9,17,26,9,17,0,0,0,11,1,10,26,9,17,26,9,17,0,0,0,0,0,0
57565804,331,172,159,327,170,157,4,2,2,165,91,74,320,166,154,325,167,158,2,1,1,4,4,0
57566601,284,154,130,279,150,129,5,4,1,110,66,44,251,135,116,276,148,128,0,0,0,8,6,2
57302701,115,61,54,115,61,54,0,0,0,59,30,29,115,61,54,109,58,51,0,0,0,6,3,3
57419801,587,296,291,584,293,291,3,3,0,179,101,78,561,287,274,584,293,291,0,0,0,3,3,0
57568201,224,110,114,222,108,114,2,2,0,100,45,55,196,93,103,224,110,114,0,0,0,0,0,0
57568202,145,76,69,145,76,69,0,0,0,48,25,23,134,69,65,145,76,69,0,0,0,0,0,0
57568203,1316,652,664,1305,642,663,8,7,1,400,201,199,1250,616,634,1303,643,660,0,0,0,13,9,4
55371901,827,416,411,817,407,410,9,8,1,261,128,133,789,395,394,824,414,410,0,0,0,3,2,1
57570401,433,233,200,430,231,199,3,2,1,202,104,98,400,217,183,409,216,193,0,0,0,24,17,7
57570402,83,38,45,82,38,44,1,0,1,19,9,10,75,34,41,83,38,45,0,0,0,0,0,0
57570403,261,132,129,259,131,128,1,0,1,109,55,54,253,128,125,261,132,129,0,0,0,0,0,0
57570404,80,41,39,80,41,39,0,0,0,35,21,14,79,40,39,73,39,34,0,0,0,7,2,5
57570405,1093,536,557,1080,528,552,12,7,5,332,167,165,1039,512,527,1055,522,533,23,5,18,15,9,6
57571201,477,247,230,475,247,228,2,0,2,163,90,73,459,241,218,461,235,226,12,8,4,4,4,0
57572101,648,353,295,622,330,292,23,20,3,294,165,129,591,313,278,638,345,293,0,0,0,10,8,2
57573901,808,412,396,793,402,391,14,9,5,277,146,131,755,378,377,803,408,395,0,0,0,5,4,1
57293401,282,149,133,273,144,129,9,5,4,97,55,42,270,142,128,274,144,130,0,0,0,8,5,3
57575501,216,105,111,216,105,111,0,0,0,84,47,37,199,95,104,212,103,109,0,0,0,4,2,2
57576301,325,167,158,324,166,158,1,1,0,176,98,78,317,162,155,324,166,158,0,0,0,1,1,0
57577101,59,27,32,59,27,32,0,0,0,25,14,11,58,27,31,59,27,32,0,0,0,0,0,0
57577102,59,32,27,59,32,27,0,0,0,29,15,14,59,32,27,58,32,26,1,0,1,0,0,0
57577103,336,171,165,334,171,163,1,0,1,152,79,73,308,156,152,313,160,153,15,5,10,8,6,2
57577104,42,20,22,42,20,22,0,0,0,16,9,7,41,19,22,42,20,22,0,0,0,0,0,0
57578001,51,27,24,49,25,24,1,1,0,22,13,9,47,25,22,50,26,24,0,0,0,1,1,0
57578002,203,101,102,203,101,102,0,0,0,87,53,34,199,100,99,198,96,102,0,0,0,5,5,0
57578003,22,12,10,22,12,10,0,0,0,8,4,4,21,11,10,0,0,0,0,0,0,22,12,10
57581001,177,92,85,175,91,84,2,1,1,58,27,31,170,86,84,174,90,84,0,0,0,3,2,1
3308500,0,0,0,0,0,0,0,0,0,0,0,0,0,0,0,0,0,0,0,0,0,0,0,0
53079401,209,98,111,209,98,111,0,0,0,74,33,41,200,94,106,204,94,110,0,0,0,5,4,1
57582801,38,14,24,38,14,24,0,0,0,17,6,11,38,14,24,36,13,23,0,0,0,2,1,1
57582802,58,34,24,58,34,24,0,0,0,24,16,8,55,33,22,58,34,24,0,0,0,0,0,0
57582803,126,67,59,126,67,59,0,0,0,49,29,20,119,65,54,124,65,59,0,0,0,2,2,0
57298501,272,135,137,271,135,136,1,0,1,110,62,48,263,130,133,269,133,136,0,0,0,3,2,1
57584401,47,21,26,43,20,23,4,1,3,23,9,14,45,21,24,43,20,23,0,0,0,4,1,3
57584402,31,16,15,31,16,15,0,0,0,4,1,3,26,13,13,22,11,11,0,0,0,9,5,4
57584403,212,107,105,204,102,102,8,5,3,78,41,37,190,97,93,211,106,105,0,0,0,1,1,0
57587901,296,153,143,260,130,130,36,23,13,108,57,51,279,145,134,294,152,142,0,0,0,2,1,1
57588701,298,150,148,297,149,148,1,1,0,119,66,53,279,141,138,296,148,148,0,0,0,2,2,0
57590901,233,111,122,232,111,121,1,0,1,112,56,56,219,104,115,228,108,120,0,0,0,5,3,2
57288801,207,101,106,201,98,103,6,3,3,59,31,28,194,95,99,197,95,102,2,1,1,8,5,3
57591701,63,32,31,63,32,31,0,0,0,25,13,12,62,32,30,60,30,30,0,0,0,3,2,1
57592501,450,223,227,431,208,223,19,15,4,189,96,93,429,212,217,445,220,225,0,0,0,5,3,2
57593301,132,73,59,132,73,59,0,0,0,58,39,19,122,68,54,126,69,57,0,0,0,6,4,2
57594101,476,233,243,473,233,240,2,0,2,213,103,110,456,220,236,471,229,242,0,0,0,5,4,1
57596801,356,179,177,354,178,176,2,1,1,171,93,78,337,174,163,353,178,175,0,0,0,3,1,2
57598401,311,150,161,306,147,159,5,3,2,167,93,74,298,143,155,308,147,161,0,0,0,3,3,0
57599201,315,156,159,313,155,158,2,1,1,153,86,67,303,149,154,312,153,159,0,0,0,3,3,0
57599202,52,25,27,52,25,27,0,0,0,22,14,8,50,23,27,52,25,27,0,0,0,0,0,0
57600001,428,204,224,428,204,224,0,0,0,186,92,94,407,192,215,426,202,224,0,0,0,2,2,0
57601801,249,127,122,243,122,121,6,5,1,126,64,62,240,122,118,248,126,122,0,0,0,1,1,0
1922521,0,0,0,0,0,0,0,0,0,0,0,0,0,0,0,0,0,0,0,0,0,0,0,0
57602601,133,72,61,133,72,61,0,0,0,60,37,23,126,69,57,133,72,61,0,0,0,0,0,0
57602602,476,231,245,474,230,244,2,1,1,178,97,81,444,214,230,469,227,242,0,0,0,7,4,3
57604201,120,68,52,118,66,52,2,2,0,51,36,15,109,63,46,120,68,52,0,0,0,0,0,0
57605101,150,72,78,150,72,78,0,0,0,80,41,39,146,69,77,148,71,77,0,0,0,2,1,1
57605102,153,71,82,153,71,82,0,0,0,75,37,38,146,67,79,153,71,82,0,0,0,0,0,0
57605103,642,312,330,638,309,329,2,2,0,314,158,156,610,295,315,628,303,325,0,0,0,14,9,5
57256001,280,136,144,279,135,144,1,1,0,123,56,67,276,133,143,278,135,143,0,0,0,2,1,1
57258601,417,199,218,417,199,218,0,0,0,177,100,77,403,194,209,411,196,215,0,0,0,6,3,3
57258602,68,36,32,68,36,32,0,0,0,32,21,11,68,36,32,68,36,32,0,0,0,0,0,0
50539101,242,121,121,240,120,120,2,1,1,105,53,52,238,118,120,242,121,121,0,0,0,0,0,0
50539102,34,17,17,34,17,17,0,0,0,16,9,7,30,16,14,34,17,17,0,0,0,0,0,0
50539103,55,29,26,54,29,25,0,0,0,24,15,9,50,27,23,55,29,26,0,0,0,0,0,0
57777401,374,171,203,370,169,201,4,2,2,185,82,103,359,163,196,372,169,203,0,0,0,2,2,0
57430901,128,65,63,128,65,63,0,0,0,64,39,25,124,62,62,128,65,63,0,0,0,0,0,0
57430902,39,23,16,39,23,16,0,0,0,25,18,7,38,23,15,39,23,16,0,0,0,0,0,0
57251901,432,216,216,432,216,216,0,0,0,236,122,114,410,206,204,424,210,214,0,0,0,8,6,2
57251902,38,23,15,38,23,15,0,0,0,21,16,5,38,23,15,38,23,15,0,0,0,0,0,0
57781201,133,71,62,133,71,62,0,0,0,66,38,28,131,70,61,132,71,61,0,0,0,1,0,1
57782101,111,53,58,110,52,58,0,0,0,45,27,18,106,50,56,110,52,58,0,0,0,1,1,0
57783901,71,35,36,71,35,36,0,0,0,41,23,18,66,33,33,57,27,30,0,0,0,14,8,6
57783902,847,424,423,844,423,421,2,0,2,506,273,233,795,396,399,815,404,411,6,2,4,26,18,8
57783903,79,40,39,79,40,39,0,0,0,46,21,25,78,39,39,75,38,37,0,0,0,4,2,2
57263201,44,18,26,44,18,26,0,0,0,20,6,14,43,18,25,44,18,26,0,0,0,0,0,0
57263202,101,58,43,101,58,43,0,0,0,65,43,22,98,58,40,98,56,42,0,0,0,3,2,1
57263203,20,11,9,20,11,9,0,0,0,0,0,0,19,10,9,9,4,5,2,2,0,9,5,4
57786301,391,181,210,390,181,209,0,0,0,152,77,75,373,174,199,362,169,193,0,0,0,29,12,17
57786302,68,36,32,68,36,32,0,0,0,34,23,11,67,35,32,67,36,31,0,0,0,1,0,1
57786303,145,72,73,145,72,73,0,0,0,66,39,27,138,70,68,139,70,69,0,0,0,6,2,4
57786304,583,288,295,580,286,294,2,1,1,228,132,96,553,271,282,559,271,288,3,1,2,21,16,5
57786305,24,17,7,24,17,7,0,0,0,7,6,1,24,17,7,24,17,7,0,0,0,0,0,0
57787101,260,134,126,260,134,126,0,0,0,125,73,52,255,132,123,256,133,123,4,1,3,0,0,0
57787102,42,20,22,42,20,22,0,0,0,14,7,7,33,16,17,42,20,22,0,0,0,0,0,0
57225001,85,44,41,85,44,41,0,0,0,39,21,18,83,42,41,82,42,40,0,0,0,3,2,1
57225002,35,18,17,35,18,17,0,0,0,20,9,11,31,16,15,28,14,14,0,0,0,7,4,3
57789801,143,75,68,142,74,68,0,0,0,75,44,31,136,72,64,136,71,65,0,0,0,7,4,3
0147530,0,0,0,0,0,0,0,0,0,0,0,0,0,0,0,0,0,0,0,0,0,0,0,0
50514501,1147,559,588,1141,557,584,5,1,4,489,242,247,1075,523,552,1120,541,579,6,3,3,21,15,6
50514502,147,73,74,147,73,74,0,0,0,87,45,42,145,71,74,147,73,74,0,0,0,0,0,0
50514503,53,26,27,53,26,27,0,0,0,30,18,12,50,25,25,53,26,27,0,0,0,0,0,0
50514504,219,111,108,217,110,107,2,1,1,108,62,46,210,105,105,200,109,91,19,2,17,0,0,0
57791001,446,244,202,444,243,201,2,1,1,241,152,89,428,235,193,421,231,190,0,0,0,25,13,12
57792801,1426,694,732,1422,692,730,4,2,2,751,379,372,1367,670,697,1277,613,664,134,66,68,15,15,0
57792802,37,23,14,37,23,14,0,0,0,13,8,5,32,21,11,28,16,12,0,0,0,9,7,2
57793601,678,340,338,669,333,336,9,7,2,317,149,168,661,329,332,657,323,334,12,10,2,9,7,2
57793602,95,42,53,95,42,53,0,0,0,47,21,26,89,40,49,95,42,53,0,0,0,0,0,0
57794401,944,471,473,940,470,470,3,1,2,508,265,243,923,458,465,927,462,465,0,0,0,17,9,8
57235701,373,203,170,368,200,168,5,3,2,205,133,72,352,193,159,369,201,168,0,0,0,4,2,2
57796101,80,41,39,80,41,39,0,0,0,34,20,14,74,39,35,78,39,39,0,0,0,2,2,0
57796102,54,31,23,51,28,23,3,3,0,24,15,9,50,27,23,11,5,6,4,4,0,39,22,17
57796103,196,107,89,185,96,89,10,10,0,91,55,36,184,98,86,188,101,87,0,0,0,8,6,2
57268301,180,91,89,179,90,89,0,0,0,78,44,34,172,87,85,174,88,86,0,0,0,6,3,3
57798701,543,274,269,540,272,268,0,0,0,313,184,129,525,265,260,535,269,266,0,0,0,8,5,3
57799501,1747,858,889,1732,849,883,10,5,5,1019,549,470,1672,818,854,1694,845,849,44,9,35,9,4,5
57799502,93,49,44,93,49,44,0,0,0,46,29,17,90,48,42,93,49,44,0,0,0,0,0,0
57799503,20,8,12,20,8,12,0,0,0,12,5,7,20,8,12,20,8,12,0,0,0,0,0,0
57432501,176,95,81,176,95,81,0,0,0,71,43,28,169,94,75,170,92,78,0,0,0,6,3,3
57432502,56,28,28,56,28,28,0,0,0,16,5,11,45,24,21,51,25,26,0,0,0,5,3,2
57228401,54,31,23,54,31,23,0,0,0,17,14,3,52,31,21,54,31,23,0,0,0,0,0,0
57803701,271,137,134,270,136,134,1,1,0,144,78,66,262,134,128,271,137,134,0,0,0,0,0,0
57805301,131,65,66,131,65,66,0,0,0,64,35,29,123,61,62,131,65,66,0,0,0,0,0,0
57236501,211,111,100,211,111,100,0,0,0,119,77,42,194,102,92,210,110,100,0,0,0,1,1,0
57236502,94,43,51,92,42,50,2,1,1,53,26,27,89,39,50,94,43,51,0,0,0,0,0,0
57236503,88,49,39,88,49,39,0,0,0,55,35,20,84,46,38,88,49,39,0,0,0,0,0,0
57269101,1611,809,802,1607,807,800,4,2,2,772,414,358,1557,783,774,1561,777,784,17,3,14,33,29,4
57273001,172,83,89,172,83,89,0,0,0,86,52,34,167,80,87,171,82,89,0,0,0,1,1,0
57809601,672,336,336,672,336,336,0,0,0,336,187,149,647,324,323,663,329,334,0,0,0,9,7,2
57809602,124,63,61,122,63,59,1,0,1,47,31,16,116,61,55,124,63,61,0,0,0,0,0,0
57810001,67,34,33,66,33,33,0,0,0,31,24,7,66,33,33,67,34,33,0,0,0,0,0,0
57810002,56,29,27,56,29,27,0,0,0,30,20,10,56,29,27,56,29,27,0,0,0,0,0,0
57811801,129,65,64,129,65,64,0,0,0,60,35,25,122,62,60,126,62,64,1,1,0,2,2,0
57812601,115,57,58,115,57,58,0,0,0,53,27,26,113,56,57,109,54,55,0,0,0,6,3,3
57812602,84,45,39,84,45,39,0,0,0,30,20,10,74,41,33,84,45,39,0,0,0,0,0,0
57813401,47,24,23,47,24,23,0,0,0,23,10,13,46,23,23,47,24,23,0,0,0,0,0,0
57813402,859,423,436,856,422,434,1,1,0,431,221,210,817,404,413,833,409,424,15,5,10,11,9,2
57813403,61,16,45,47,15,32,14,1,13,12,5,7,55,15,40,23,12,11,32,2,30,6,2,4
57814201,56,29,27,56,29,27,0,0,0,16,9,7,56,29,27,53,27,26,0,0,0,3,2,1
57815101,1113,575,538,1109,572,537,2,2,0,541,299,242,1036,537,499,1004,509,495,79,48,31,30,18,12
57815102,44,20,24,44,20,24,0,0,0,21,9,12,42,19,23,44,20,24,0,0,0,0,0,0
57816901,179,97,82,178,96,82,0,0,0,98,55,43,172,94,78,172,93,79,0,0,0,7,4,3
57271301,402,199,203,400,197,203,2,2,0,164,78,86,374,186,188,387,191,196,0,0,0,15,8,7
57818501,995,480,515,994,479,515,1,1,0,543,269,274,939,452,487,979,469,510,0,0,0,16,11,5
57818502,25,15,10,25,15,10,0,0,0,10,7,3,23,14,9,25,15,10,0,0,0,0,0,0
3385590,0,0,0,0,0,0,0,0,0,0,0,0,0,0,0,0,0,0,0,0,0,0,0,0
57819301,64,35,29,64,35,29,0,0,0,29,17,12,60,33,27,63,34,29,0,0,0,1,1,0
57819303,582,292,290,575,289,286,7,3,4,290,150,140,554,280,274,526,248,278,20,13,7,36,31,5
57819304,2031,970,1061,2019,960,1059,11,9,2,990,525,465,1950,931,1019,2031,970,1061,0,0,0,0,0,0
57819305,65,32,33,64,32,32,1,0,1,24,11,13,65,32,33,50,23,27,15,9,6,0,0,0
57820701,532,268,264,532,268,264,0,0,0,273,150,123,495,251,244,529,265,264,0,0,0,3,3,0
57821501,236,116,120,236,116,120,0,0,0,126,62,64,227,110,117,226,111,115,0,0,0,10,5,5
57821502,59,30,29,59,30,29,0,0,0,27,14,13,58,30,28,59,30,29,0,0,0,0,0,0
57274801,304,150,154,303,149,154,0,0,0,135,67,68,296,147,149,291,141,150,0,0,0,13,9,4
57274802,88,43,45,88,43,45,0,0,0,34,19,15,80,39,41,88,43,45,0,0,0,0,0,0
57823101,20,9,11,20,9,11,0,0,0,9,3,6,16,7,9,20,9,11,0,0,0,0,0,0
57823102,651,320,331,649,318,331,1,1,0,295,154,141,614,298,316,620,307,313,17,4,13,14,9,5
0695400,0,0,0,0,0,0,0,0,0,0,0,0,0,0,0,0,0,0,0,0,0,0,0,0
57825801,724,362,362,721,361,360,3,1,2,433,239,194,703,353,350,710,353,357,0,0,0,14,9,5
57825802,37,15,22,37,15,22,0,0,0,18,6,12,37,15,22,37,15,22,0,0,0,0,0,0
57826601,144,73,71,144,73,71,0,0,0,78,46,32,135,69,66,142,71,71,0,0,0,2,2,0
57827401,384,204,180,382,202,180,2,2,0,170,100,70,358,190,168,372,196,176,0,0,0,12,8,4
57259401,73,35,38,72,34,38,1,1,0,24,15,9,73,35,38,70,33,37,0,0,0,3,2,1
57828201,929,478,451,926,477,449,3,1,2,460,257,203,894,457,437,911,464,447,2,2,0,16,12,4
57828202,369,185,184,369,185,184,0,0,0,208,116,92,357,180,177,369,185,184,0,0,0,0,0,0
57829101,111,57,54,111,57,54,0,0,0,26,16,10,86,46,40,106,52,54,5,5,0,0,0,0
57829102,258,143,115,258,143,115,0,0,0,113,66,47,252,139,113,245,132,113,13,11,2,0,0,0
57830401,112,65,47,112,65,47,0,0,0,54,35,19,112,65,47,108,62,46,0,0,0,4,3,1
57833901,590,297,293,590,297,293,0,0,0,253,131,122,558,281,277,585,292,293,0,0,0,5,5,0
0857740,0,0,0,0,0,0,0,0,0,0,0,0,0,0,0,0,0,0,0,0,0,0,0,0
0857820,0,0,0,0,0,0,0,0,0,0,0,0,0,0,0,0,0,0,0,0,0,0,0,0
0857910,0,0,0,0,0,0,0,0,0,0,0,0,0,0,0,0,0,0,0,0,0,0,0,0
0858120,0,0,0,0,0,0,0,0,0,0,0,0,0,0,0,0,0,0,0,0,0,0,0,0
3125760,0,0,0,0,0,0,0,0,0,0,0,0,0,0,0,0,0,0,0,0,0,0,0,0
3316430,0,0,0,0,0,0,0,0,0,0,0,0,0,0,0,0,0,0,0,0,0,0,0,0
57834701,137,72,65,136,71,65,1,1,0,78,49,29,131,71,60,137,72,65,0,0,0,0,0,0
57834702,441,221,220,440,221,219,1,0,1,261,128,133,427,213,214,441,221,220,0,0,0,0,0,0
57834704,1147,563,584,1132,555,577,14,8,6,587,319,268,1118,550,568,1147,563,584,0,0,0,0,0,0
57834705,1130,561,569,1119,558,561,8,3,5,653,345,308,1102,546,556,1129,561,568,1,0,1,0,0,0
57834707,270,153,117,84,44,40,169,100,69,54,29,25,250,139,111,81,42,39,189,111,78,0,0,0
57834708,256,123,133,256,123,133,0,0,0,169,87,82,247,119,128,255,122,133,0,0,0,1,1,0
57834709,101,51,50,100,50,50,1,1,0,62,33,29,97,50,47,101,51,50,0,0,0,0,0,0
57834710,130,65,65,129,65,64,0,0,0,72,38,34,123,62,61,129,65,64,0,0,0,1,0,1
57834711,290,142,148,290,142,148,0,0,0,179,90,89,282,139,143,290,142,148,0,0,0,0,0,0
57834713,1453,678,775,1400,652,748,47,23,24,699,350,349,1341,620,721,1390,655,735,61,21,40,2,2,0
57834714,382,186,196,381,185,196,1,1,0,210,110,100,357,173,184,351,178,173,31,8,23,0,0,0
57834717,3130,1478,1652,3080,1453,1627,43,22,21,1497,754,743,2972,1397,1575,3007,1405,1602,61,25,36,62,48,14
57834718,751,367,384,701,332,369,43,30,13,379,186,193,727,354,373,700,330,370,51,37,14,0,0,0
57834719,310,154,156,300,148,152,9,5,4,175,88,87,293,145,148,301,148,153,9,6,3,0,0,0
57834720,99,51,48,98,50,48,1,1,0,59,32,27,98,50,48,97,50,47,2,1,1,0,0,0
57835501,892,458,434,888,456,432,1,0,1,550,317,233,854,440,414,877,449,428,10,4,6,5,5,0
57836301,305,155,150,305,155,150,0,0,0,190,105,85,295,152,143,300,151,149,0,0,0,5,4,1
57837101,100,57,43,97,55,42,1,1,0,46,26,20,98,55,43,92,52,40,0,0,0,8,5,3
57838001,38,20,18,38,20,18,0,0,0,29,16,13,37,19,18,38,20,18,0,0,0,0,0,0
57838002,132,75,57,129,73,56,3,2,1,82,50,32,120,67,53,132,75,57,0,0,0,0,0,0
57838003,538,282,256,535,280,255,2,1,1,270,145,125,503,260,243,526,271,255,0,0,0,12,11,1
57838004,45,26,19,45,26,19,0,0,0,24,15,9,40,24,16,45,26,19,0,0,0,0,0,0
57838005,233,118,115,233,118,115,0,0,0,115,62,53,224,114,110,233,118,115,0,0,0,0,0,0
57838006,50,26,24,49,25,24,1,1,0,31,20,11,48,25,23,50,26,24,0,0,0,0,0,0
57838008,36,19,17,36,19,17,0,0,0,14,7,7,35,19,16,36,19,17,0,0,0,0,0,0
57838009,77,35,42,77,35,42,0,0,0,37,16,21,75,35,40,77,35,42,0,0,0,0,0,0
57838011,48,25,23,48,25,23,0,0,0,31,15,16,46,25,21,48,25,23,0,0,0,0,0,0
57838012,52,25,27,52,25,27,0,0,0,28,14,14,51,25,26,50,24,26,0,0,0,2,1,1
57838014,56,31,25,56,31,25,0,0,0,29,17,12,55,31,24,56,31,25,0,0,0,0,0,0
57839801,272,133,139,271,132,139,1,1,0,114,59,55,243,116,127,271,132,139,0,0,0,1,1,0
57840101,429,211,218,426,210,216,3,1,2,245,129,116,412,203,209,421,208,213,0,0,0,8,3,5
57842801,49,24,25,49,24,25,0,0,0,24,11,13,45,21,24,49,24,25,0,0,0,0,0,0
57842802,453,230,223,452,230,222,1,0,1,213,123,90,423,218,205,451,228,223,0,0,0,2,2,0
57842803,174,93,81,172,91,81,1,1,0,83,51,32,166,88,78,174,93,81,0,0,0,0,0,0
57842804,25,11,14,25,11,14,0,0,0,15,8,7,25,11,14,25,11,14,0,0,0,0,0,0
0988840,0,0,0,0,0,0,0,0,0,0,0,0,0,0,0,0,0,0,0,0,0,0,0,0
3385320,0,0,0,0,0,0,0,0,0,0,0,0,0,0,0,0,0,0,0,0,0,0,0,0
57844402,645,335,310,644,335,309,1,0,1,375,210,165,626,322,304,636,330,306,0,0,0,9,5,4
57844403,262,140,122,262,140,122,0,0,0,176,105,71,260,138,122,257,138,119,0,0,0,5,2,3
57844405,507,254,253,504,252,252,3,2,1,309,156,153,481,241,240,507,254,253,0,0,0,0,0,0
57844406,1064,564,500,1030,541,489,25,20,5,547,294,253,996,525,471,910,448,462,3,1,2,151,115,36
57844407,3797,1696,2101,3774,1687,2087,16,7,9,2001,960,1041,3625,1628,1997,3593,1641,1952,204,55,149,0,0,0
57844408,803,397,406,790,390,400,3,1,2,449,233,216,751,371,380,784,389,395,19,8,11,0,0,0
57844409,1468,712,756,1456,704,752,10,8,2,731,373,358,1384,659,725,1391,664,727,76,47,29,1,1,0
57844410,1059,526,533,1056,525,531,3,1,2,584,305,279,1018,505,513,1057,525,532,2,1,1,0,0,0
57844412,22,9,13,22,9,13,0,0,0,13,5,8,19,9,10,19,7,12,2,1,1,1,1,0
57845201,200,105,95,200,105,95,0,0,0,128,75,53,189,99,90,195,103,92,0,0,0,5,2,3
58069401,485,247,238,483,246,237,2,1,1,269,146,123,466,237,229,475,238,237,1,1,0,9,8,1
58069403,287,133,154,287,133,154,0,0,0,141,72,69,279,132,147,285,132,153,0,0,0,2,1,1
58069404,238,121,117,238,121,117,0,0,0,141,74,67,236,121,115,238,121,117,0,0,0,0,0,0
57260801,191,96,95,191,96,95,0,0,0,98,45,53,177,87,90,191,96,95,0,0,0,0,0,0
57260802,47,25,22,44,23,21,2,1,1,20,11,9,43,23,20,47,25,22,0,0,0,0,0,0
57243801,59,32,27,59,32,27,0,0,0,25,18,7,54,29,25,54,30,24,0,0,0,5,2,3
57847901,46,25,21,46,25,21,0,0,0,37,21,16,44,23,21,44,24,20,0,0,0,2,1,1
57847902,557,285,272,557,285,272,0,0,0,335,193,142,549,282,267,552,280,272,0,0,0,5,5,0
57848701,1086,561,525,1074,555,519,10,5,5,528,284,244,1035,535,500,1062,541,521,1,1,0,23,19,4
57848702,40,23,17,39,22,17,0,0,0,18,11,7,38,22,16,27,15,12,0,0,0,13,8,5
57272101,72,37,35,72,37,35,0,0,0,31,17,14,65,33,32,72,37,35,0,0,0,0,0,0
57272102,27,16,11,27,16,11,0,0,0,10,8,2,27,16,11,25,15,10,0,0,0,2,1,1
57272103,328,173,155,328,173,155,0,0,0,162,92,70,315,167,148,319,167,152,0,0,0,9,6,3
57272104,267,129,138,266,128,138,1,1,0,123,66,57,256,124,132,265,128,137,0,0,0,2,1,1
57850901,954,480,474,951,478,473,3,2,1,519,295,224,906,454,452,951,478,473,0,0,0,3,2,1
57855001,204,110,94,203,109,94,1,1,0,80,42,38,184,98,86,198,105,93,0,0,0,6,5,1
57855002,89,48,41,88,47,41,1,1,0,52,34,18,86,46,40,89,48,41,0,0,0,0,0,0
1254070,0,0,0,0,0,0,0,0,0,0,0,0,0,0,0,0,0,0,0,0,0,0,0,0
1254150,0,0,0,0,0,0,0,0,0,0,0,0,0,0,0,0,0,0,0,0,0,0,0,0
1254230,0,0,0,0,0,0,0,0,0,0,0,0,0,0,0,0,0,0,0,0,0,0,0,0
57857601,215,105,110,214,104,110,1,1,0,132,69,63,205,99,106,215,105,110,0,0,0,0,0,0
57857602,137,76,61,137,76,61,0,0,0,81,50,31,136,75,61,135,75,60,0,0,0,2,1,1
57857603,33,23,10,31,21,10,2,2,0,17,12,5,31,21,10,22,12,10,11,11,0,0,0,0
57857604,94,50,44,94,50,44,0,0,0,42,20,22,80,41,39,94,50,44,0,0,0,0,0,0
57857605,1789,857,932,1744,842,902,43,15,28,929,474,455,1722,824,898,1754,846,908,35,11,24,0,0,0
57857606,88,43,45,87,42,45,1,1,0,42,19,23,86,41,45,67,31,36,2,2,0,19,10,9
57857607,3249,1498,1751,3230,1486,1744,18,11,7,1726,866,860,3104,1436,1668,3186,1472,1714,63,26,37,0,0,0
57857608,428,200,228,427,200,227,1,0,1,262,124,138,399,186,213,349,175,174,79,25,54,0,0,0
57857609,89,45,44,87,45,42,2,0,2,48,28,20,85,44,41,78,40,38,4,1,3,7,4,3
57857610,1643,814,829,1635,810,825,5,3,2,951,516,435,1585,778,807,1641,813,828,2,1,1,0,0,0
57857612,113,53,60,113,53,60,0,0,0,75,39,36,109,53,56,113,53,60,0,0,0,0,0,0
57857613,176,86,90,176,86,90,0,0,0,92,54,38,172,83,89,176,86,90,0,0,0,0,0,0
57857614,568,300,268,559,297,262,8,3,5,312,172,140,542,288,254,502,251,251,0,0,0,66,49,17
57858401,1251,651,600,1244,647,597,4,1,3,587,322,265,1160,601,559,1221,633,588,6,5,1,24,13,11
57237301,90,48,42,90,48,42,0,0,0,52,35,17,83,46,37,90,48,42,0,0,0,0,0,0
57237302,322,173,149,320,172,148,2,1,1,161,95,66,308,167,141,307,166,141,0,0,0,15,7,8
57237303,93,54,39,93,54,39,0,0,0,49,34,15,90,53,37,93,54,39,0,0,0,0,0,0
57862201,158,78,80,158,78,80,0,0,0,86,45,41,152,73,79,157,77,80,0,0,0,1,1,0
57863101,35,14,21,35,14,21,0,0,0,19,10,9,35,14,21,35,14,21,0,0,0,0,0,0
57863102,275,138,137,274,137,137,1,1,0,168,93,75,270,135,135,271,134,137,0,0,0,4,4,0
57864901,29,15,14,29,15,14,0,0,0,10,6,4,24,12,12,23,12,11,0,0,0,6,3,3
57864903,35,14,21,35,14,21,0,0,0,19,9,10,35,14,21,35,14,21,0,0,0,0,0,0
57864904,89,50,39,89,50,39,0,0,0,44,28,16,85,48,37,86,47,39,0,0,0,3,3,0
57865701,1113,560,553,1111,558,553,2,2,0,573,305,268,1059,532,527,1098,551,547,0,0,0,15,9,6
57433301,116,60,56,114,60,54,2,0,2,56,32,24,114,59,55,116,60,56,0,0,0,0,0,0
57867302,606,292,314,606,292,314,0,0,0,314,149,165,588,286,302,592,284,308,0,0,0,14,8,6
57868101,90,45,45,90,45,45,0,0,0,43,22,21,81,42,39,87,43,44,0,0,0,3,2,1
57868102,140,79,61,140,79,61,0,0,0,55,39,16,134,75,59,138,78,60,0,0,0,2,1,1
57868103,78,35,43,77,34,43,0,0,0,40,22,18,71,33,38,76,34,42,0,0,0,2,1,1
57869001,239,123,116,232,117,115,7,6,1,114,53,61,229,114,115,234,121,113,0,0,0,5,2,3
57870301,62,32,30,62,32,30,0,0,0,39,22,17,60,31,29,62,32,30,0,0,0,0,0,0
57870302,82,40,42,82,40,42,0,0,0,53,29,24,78,39,39,82,40,42,0,0,0,0,0,0
57871101,600,318,282,594,314,280,1,1,0,268,162,106,577,304,273,574,300,274,7,4,3,19,14,5
57223301,60,33,27,60,33,27,0,0,0,26,16,10,56,31,25,57,31,26,0,0,0,3,2,1
57872001,539,266,273,532,259,273,7,7,0,277,153,124,514,250,264,534,262,272,0,0,0,5,4,1
57873801,354,185,169,350,183,167,4,2,2,192,113,79,337,182,155,354,185,169,0,0,0,0,0,0
57873802,499,246,253,491,241,250,8,5,3,294,151,143,481,235,246,491,241,250,0,0,0,8,5,3
57873803,73,33,40,73,33,40,0,0,0,42,20,22,68,31,37,73,33,40,0,0,0,0,0,0
57874601,223,118,105,223,118,105,0,0,0,124,65,59,219,115,104,219,114,105,0,0,0,4,4,0
57875401,211,106,105,211,106,105,0,0,0,98,55,43,207,104,103,209,104,105,0,0,0,2,2,0
1496670,0,0,0,0,0,0,0,0,0,0,0,0,0,0,0,0,0,0,0,0,0,0,0,0
57876201,147,68,79,147,68,79,0,0,0,67,32,35,143,67,76,146,67,79,0,0,0,1,1,0
58032501,645,329,316,632,322,310,12,7,5,380,215,165,612,311,301,645,329,316,0,0,0,0,0,0
58032502,1072,511,561,1064,506,558,7,5,2,602,320,282,998,479,519,990,486,504,73,17,56,9,8,1
57878901,28,13,15,28,13,15,0,0,0,10,5,5,22,11,11,28,13,15,0,0,0,0,0,0
57878902,31,14,17,31,14,17,0,0,0,5,2,3,30,14,16,27,11,16,0,0,0,4,3,1
57878903,120,61,59,120,61,59,0,0,0,64,33,31,115,58,57,120,61,59,0,0,0,0,0,0
57878904,72,39,33,72,39,33,0,0,0,36,22,14,69,39,30,72,39,33,0,0,0,0,0,0
57878905,721,372,349,718,370,348,3,2,1,378,210,168,684,353,331,708,361,347,3,2,1,10,9,1
57880101,242,123,119,242,123,119,0,0,0,124,72,52,234,117,117,236,118,118,0,0,0,6,5,1
57881901,245,122,123,244,122,122,0,0,0,99,54,45,228,114,114,236,119,117,0,0,0,9,3,6
57883501,91,46,45,91,46,45,0,0,0,45,23,22,87,44,43,88,43,45,0,0,0,3,3,0
1610210,0,0,0,0,0,0,0,0,0,0,0,0,0,0,0,0,0,0,0,0,0,0,0,0
1610550,0,0,0,0,0,0,0,0,0,0,0,0,0,0,0,0,0,0,0,0,0,0,0,0
1610630,0,0,0,0,0,0,0,0,0,0,0,0,0,0,0,0,0,0,0,0,0,0,0,0
3386990,0,0,0,0,0,0,0,0,0,0,0,0,0,0,0,0,0,0,0,0,0,0,0,0
57773101,753,367,386,732,364,368,1,1,0,477,251,226,735,360,375,726,363,363,24,2,22,3,2,1
57773103,214,92,122,214,92,122,0,0,0,130,57,73,204,88,116,213,91,122,0,0,0,1,1,0
57773104,60,31,29,60,31,29,0,0,0,39,23,16,57,31,26,33,19,14,3,1,2,24,11,13
57773105,2947,1405,1542,2925,1391,1534,17,12,5,1772,876,896,2847,1353,1494,2942,1402,1540,2,1,1,3,2,1
57773106,1737,801,936,1725,796,929,11,4,7,936,465,471,1655,760,895,1651,778,873,86,23,63,0,0,0
57773107,493,238,255,489,234,255,4,4,0,289,138,151,477,231,246,490,236,254,0,0,0,3,2,1
57773108,626,320,306,626,320,306,0,0,0,350,191,159,602,311,291,624,320,304,0,0,0,2,0,2
57773109,518,259,259,497,244,253,19,14,5,273,137,136,468,234,234,471,230,241,32,21,11,15,8,7
57773110,1188,548,640,1172,541,631,10,5,5,680,334,346,1142,525,617,1173,542,631,14,5,9,1,1,0
57773111,1472,682,790,1457,673,784,14,8,6,863,425,438,1403,649,754,1447,666,781,24,15,9,1,1,0
57773112,2002,932,1070,1983,926,1057,8,4,4,1183,560,623,1934,902,1032,1987,927,1060,15,5,10,0,0,0
57773113,2524,1259,1265,2499,1250,1249,11,6,5,1395,734,661,2439,1218,1221,2253,1085,1168,47,10,37,224,164,60
57773114,171,79,92,170,78,92,0,0,0,108,55,53,169,78,91,170,79,91,0,0,0,1,0,1
57773116,1472,685,787,1462,680,782,5,4,1,805,399,406,1392,646,746,1435,662,773,27,16,11,10,7,3
57773117,65,42,23,64,41,23,0,0,0,18,10,8,26,13,13,11,6,5,36,27,9,18,9,9
57884301,32,16,16,32,16,16,0,0,0,15,7,8,31,16,15,32,16,16,0,0,0,0,0,0
57884303,57,27,30,57,27,30,0,0,0,30,13,17,56,26,30,57,27,30,0,0,0,0,0,0
57884304,33,16,17,33,16,17,0,0,0,18,11,7,33,16,17,33,16,17,0,0,0,0,0,0
57884305,123,64,59,121,63,58,2,1,1,57,33,24,113,58,55,121,63,58,0,0,0,2,1,1
57884306,41,20,21,41,20,21,0,0,0,15,8,7,39,19,20,41,20,21,0,0,0,0,0,0
57884307,90,39,51,88,38,50,1,1,0,40,20,20,85,38,47,70,32,38,2,1,1,18,6,12
57885101,398,210,188,396,209,187,2,1,1,228,129,99,380,205,175,393,207,186,0,0,0,5,3,2
57886001,103,50,53,103,50,53,0,0,0,64,34,30,96,48,48,99,48,51,0,0,0,4,2,2
57887801,418,220,198,416,219,197,2,1,1,247,147,100,403,213,190,411,216,195,0,0,0,7,4,3
57888601,55,30,25,55,30,25,0,0,0,34,21,13,55,30,25,45,25,20,0,0,0,10,5,5
57888602,357,175,182,357,175,182,0,0,0,232,133,99,345,170,175,351,173,178,0,0,0,6,2,4
57889401,510,270,240,508,268,240,2,2,0,273,152,121,484,259,225,498,266,232,7,0,7,5,4,1
57261601,157,85,72,157,85,72,0,0,0,72,41,31,151,82,69,155,84,71,0,0,0,2,1,1
57890801,863,433,430,857,430,427,5,3,2,452,263,189,809,402,407,852,422,430,0,0,0,11,11,0
57891601,123,57,66,123,57,66,0,0,0,47,26,21,113,54,59,122,56,66,0,0,0,1,1,0
57262401,329,168,161,328,167,161,1,1,0,141,77,64,310,159,151,329,168,161,0,0,0,0,0,0
57893201,943,472,471,943,472,471,0,0,0,489,242,247,894,444,450,909,449,460,2,1,1,32,22,10
57894101,292,147,145,292,147,145,0,0,0,151,86,65,274,138,136,292,147,145,0,0,0,0,0,0
57895901,157,78,79,157,78,79,0,0,0,78,40,38,149,73,76,155,76,79,0,0,0,2,2,0
57896701,394,205,189,391,203,188,3,2,1,170,93,77,373,192,181,392,203,189,0,0,0,2,2,0
58112701,100,54,46,97,53,44,3,1,2,44,29,15,93,51,42,100,54,46,0,0,0,0,0,0
57897502,194,100,94,194,100,94,0,0,0,107,60,47,190,97,93,194,100,94,0,0,0,0,0,0
57897503,231,114,117,230,114,116,0,0,0,129,75,54,223,109,114,226,111,115,0,0,0,5,3,2
57229201,64,36,28,63,35,28,1,1,0,23,15,8,62,34,28,64,36,28,0,0,0,0,0,0
57899101,42,21,21,42,21,21,0,0,0,14,9,5,41,21,20,38,19,19,0,0,0,4,2,2
57219502,37,19,18,37,19,18,0,0,0,19,9,10,36,18,18,37,19,18,0,0,0,0,0,0
54798101,452,227,225,451,226,225,1,1,0,201,114,87,416,211,205,414,212,202,33,11,22,5,4,1
57342601,184,78,106,183,78,105,0,0,0,52,37,15,167,73,94,110,64,46,68,9,59,6,5,1
55376001,407,208,199,407,208,199,0,0,0,191,108,83,397,203,194,405,207,198,0,0,0,2,1,1
54800601,96,50,46,96,50,46,0,0,0,35,17,18,92,48,44,93,47,46,0,0,0,3,3,0
57994701,1277,625,652,1269,621,648,4,2,2,635,343,292,1212,592,620,1261,610,651,2,2,0,14,13,1
57996301,241,115,126,241,115,126,0,0,0,97,43,54,227,108,119,239,114,125,0,0,0,2,1,1
57997101,1057,528,529,1056,528,528,1,0,1,695,377,318,1021,511,510,1051,527,524,2,0,2,4,1,3
57997102,64,34,30,63,33,30,1,1,0,39,21,18,64,34,30,63,33,30,0,0,0,1,1,0
57998001,265,133,132,265,133,132,0,0,0,153,78,75,248,121,127,253,126,127,0,0,0,12,7,5
57998002,29,15,14,29,15,14,0,0,0,13,7,6,27,13,14,29,15,14,0,0,0,0,0,0
57998003,43,21,22,43,21,22,0,0,0,26,13,13,38,19,19,43,21,22,0,0,0,0,0,0
57998004,26,17,9,26,17,9,0,0,0,12,9,3,24,15,9,26,17,9,0,0,0,0,0,0
57999801,180,91,89,180,91,89,0,0,0,86,45,41,173,86,87,173,87,86,1,1,0,6,3,3
58001501,115,58,57,112,55,57,3,3,0,66,34,32,106,52,54,115,58,57,0,0,0,0,0,0
58001502,62,26,36,62,26,36,0,0,0,34,16,18,59,26,33,51,22,29,3,1,2,8,3,5
58001503,1880,883,997,1877,880,997,3,3,0,1014,505,509,1731,811,920,1641,790,851,182,55,127,57,38,19
58001504,341,175,166,340,174,166,1,1,0,173,89,84,332,171,161,338,173,165,0,0,0,3,2,1
58001505,170,92,78,170,92,78,0,0,0,89,47,42,161,87,74,170,92,78,0,0,0,0,0,0
58001506,25,15,10,25,15,10,0,0,0,15,8,7,23,14,9,15,10,5,7,5,2,3,0,3
58001508,92,46,46,92,46,46,0,0,0,58,30,28,91,45,46,89,44,45,0,0,0,3,2,1
58001509,68,33,35,68,33,35,0,0,0,43,22,21,68,33,35,68,33,35,0,0,0,0,0,0
58001510,116,56,60,116,56,60,0,0,0,76,43,33,112,55,57,116,56,60,0,0,0,0,0,0
58002301,373,189,184,373,189,184,0,0,0,205,108,97,359,182,177,366,187,179,0,0,0,7,2,5
0218570,0,0,0,0,0,0,0,0,0,0,0,0,0,0,0,0,0,0,0,0,0,0,0,0
0218650,0,0,0,0,0,0,0,0,0,0,0,0,0,0,0,0,0,0,0,0,0,0,0,0
0218900,0,0,0,0,0,0,0,0,0,0,0,0,0,0,0,0,0,0,0,0,0,0,0,0
3127970,0,0,0,0,0,0,0,0,0,0,0,0,0,0,0,0,0,0,0,0,0,0,0,0
3216810,0,0,0,0,0,0,0,0,0,0,0,0,0,0,0,0,0,0,0,0,0,0,0,0
58003101,1426,697,729,1411,689,722,15,8,7,898,458,440,1370,667,703,1426,697,729,0,0,0,0,0,0
58003102,511,246,265,510,245,265,1,1,0,349,182,167,502,240,262,511,246,265,0,0,0,0,0,0
58003103,652,325,327,647,322,325,5,3,2,435,224,211,638,320,318,628,308,320,12,9,3,12,8,4
58003104,120,67,53,120,67,53,0,0,0,69,41,28,114,63,51,118,66,52,1,0,1,1,1,0
58003105,116,58,58,116,58,58,0,0,0,75,35,40,110,53,57,116,58,58,0,0,0,0,0,0
58003106,1345,621,724,1337,618,719,6,3,3,732,351,381,1299,603,696,1345,621,724,0,0,0,0,0,0
58003107,336,160,176,336,160,176,0,0,0,226,115,111,323,152,171,335,159,176,0,0,0,1,1,0
58003108,206,103,103,202,101,101,4,2,2,111,57,54,194,97,97,204,102,102,0,0,0,2,1,1
58003109,56,28,28,55,27,28,1,1,0,30,15,15,53,26,27,55,27,28,0,0,0,1,1,0
58003110,822,448,374,813,441,372,9,7,2,446,249,197,787,427,360,606,291,315,1,1,0,215,156,59
58003111,67,44,23,67,44,23,0,0,0,41,26,15,63,41,22,13,7,6,0,0,0,54,37,17
58003113,2889,1373,1516,2870,1361,1509,16,11,5,1658,835,823,2768,1305,1463,2827,1352,1475,62,21,41,0,0,0
58003114,1448,726,722,1444,724,720,4,2,2,824,438,386,1413,708,705,1447,725,722,0,0,0,1,1,0
58003115,1404,675,729,1389,666,723,13,8,5,868,437,431,1357,653,704,1363,656,707,41,19,22,0,0,0
58003116,714,352,362,705,346,359,9,6,3,391,193,198,659,327,332,712,351,361,0,0,0,2,1,1
58003117,1662,804,858,1652,797,855,7,6,1,1021,506,515,1595,768,827,1651,796,855,5,4,1,6,4,2
58003118,1092,527,565,1092,527,565,0,0,0,660,351,309,1067,513,554,996,502,494,84,18,66,12,7,5
58004001,28,16,12,28,16,12,0,0,0,15,11,4,26,15,11,28,16,12,0,0,0,0,0,0
58004002,414,208,206,413,207,206,1,1,0,198,105,93,381,194,187,408,203,205,0,0,0,6,5,1
58004003,82,42,40,82,42,40,0,0,0,41,24,17,76,38,38,82,42,40,0,0,0,0,0,0
58004004,75,33,42,75,33,42,0,0,0,28,13,15,71,31,40,75,33,42,0,0,0,0,0,0
58005801,562,284,278,561,283,278,1,1,0,280,161,119,541,274,267,559,281,278,0,0,0,3,3,0
58005802,44,23,21,44,23,21,0,0,0,26,17,9,44,23,21,44,23,21,0,0,0,0,0,0
58006601,152,81,71,150,81,69,2,0,2,70,37,33,146,79,67,151,80,71,0,0,0,1,1,0
58007401,649,324,325,647,322,325,2,2,0,321,176,145,625,311,314,642,317,325,0,0,0,7,7,0
54801401,1256,619,637,1254,619,635,2,0,2,580,312,268,1208,596,612,1237,604,633,0,0,0,19,15,4
54803101,814,407,407,807,403,404,4,3,1,306,169,137,780,391,389,805,400,405,2,2,0,7,5,2
58009101,470,230,240,470,230,240,0,0,0,246,124,122,441,215,226,467,228,239,0,0,0,3,2,1
58009102,77,42,35,76,41,35,1,1,0,33,17,16,71,40,31,77,42,35,0,0,0,0,0,0
58011201,1210,590,620,1203,585,618,7,5,2,652,354,298,1157,565,592,1168,569,599,26,14,12,16,7,9
58011202,114,57,57,114,57,57,0,0,0,37,23,14,110,55,55,114,57,57,0,0,0,0,0,0
58012101,2055,1064,991,2049,1061,988,6,3,3,1269,720,549,1968,1028,940,2021,1049,972,0,0,0,34,15,19
58012102,257,135,122,256,134,122,0,0,0,153,92,61,254,134,120,250,130,120,0,0,0,7,5,2
58012103,128,67,61,120,65,55,8,2,6,64,41,23,109,58,51,117,64,53,9,2,7,2,1,1
58016301,94,52,42,94,52,42,0,0,0,54,33,21,91,52,39,85,45,40,3,2,1,6,5,1
58016302,20,10,10,18,8,10,2,2,0,3,1,2,19,9,10,5,2,3,5,2,3,10,6,4
58016303,258,130,128,256,128,128,1,1,0,102,61,41,232,120,112,222,109,113,32,18,14,4,3,1
58021001,364,184,180,364,184,180,0,0,0,164,82,82,349,177,172,363,183,180,0,0,0,1,1,0
58022801,205,100,105,205,100,105,0,0,0,110,70,40,192,94,98,204,99,105,0,0,0,1,1,0
54804901,488,258,230,467,237,230,21,21,0,206,106,100,460,236,224,483,253,230,1,1,0,4,4,0
54804902,25,13,12,25,13,12,0,0,0,6,3,3,21,10,11,25,13,12,0,0,0,0,0,0
58026101,786,376,410,785,375,410,1,1,0,410,211,199,746,357,389,777,372,405,0,0,0,9,4,5
58027901,812,406,406,805,405,400,6,0,6,448,245,203,780,395,385,801,401,400,5,1,4,6,4,2
58027902,46,24,22,46,24,22,0,0,0,26,18,8,46,24,22,46,24,22,0,0,0,0,0,0
58027903,94,50,44,94,50,44,0,0,0,58,37,21,93,50,43,94,50,44,0,0,0,0,0,0
58029501,29,20,9,29,20,9,0,0,0,16,12,4,24,17,7,24,18,6,0,0,0,5,2,3
58029503,96,49,47,95,48,47,1,1,0,53,31,22,92,48,44,93,48,45,0,0,0,3,1,2
58029504,304,142,162,304,142,162,0,0,0,150,83,67,290,138,152,303,141,162,0,0,0,1,1,0
58033301,611,307,304,610,306,304,1,1,0,314,166,148,580,293,287,607,304,303,0,0,0,4,3,1
54797201,103,58,45,102,57,45,1,1,0,33,24,9,99,55,44,95,53,42,0,0,0,8,5,3
58034101,20,9,11,20,9,11,0,0,0,7,2,5,20,9,11,20,9,11,0,0,0,0,0,0
58034102,348,186,162,348,186,162,0,0,0,128,72,56,333,178,155,338,180,158,0,0,0,10,6,4
3128430,0,0,0,0,0,0,0,0,0,0,0,0,0,0,0,0,0,0,0,0,0,0,0,0
3128600,0,0,0,0,0,0,0,0,0,0,0,0,0,0,0,0,0,0,0,0,0,0,0,0
3128780,0,0,0,0,0,0,0,0,0,0,0,0,0,0,0,0,0,0,0,0,0,0,0,0
3216990,0,0,0,0,0,0,0,0,0,0,0,0,0,0,0,0,0,0,0,0,0,0,0,0
58035001,187,92,95,183,90,93,4,2,2,114,58,56,176,88,88,187,92,95,0,0,0,0,0,0
58035002,39,20,19,39,20,19,0,0,0,20,9,11,36,18,18,39,20,19,0,0,0,0,0,0
58035004,46,23,23,46,23,23,0,0,0,34,18,16,43,21,22,46,23,23,0,0,0,0,0,0
58035005,118,64,54,117,64,53,1,0,1,79,46,33,111,59,52,118,64,54,0,0,0,0,0,0
58035007,104,52,52,104,52,52,0,0,0,47,24,23,100,50,50,91,47,44,0,0,0,13,5,8
58035009,511,258,253,486,245,241,25,13,12,277,152,125,479,245,234,509,257,252,0,0,0,2,1,1
58035010,2877,1360,1517,2796,1312,1484,73,42,31,1547,773,774,2750,1303,1447,2875,1359,1516,0,0,0,2,1,1
58035013,33,15,18,33,15,18,0,0,0,23,12,11,33,15,18,33,15,18,0,0,0,0,0,0
58035014,309,165,144,293,154,139,16,11,5,171,93,78,297,161,136,308,164,144,0,0,0,1,1,0
58035015,3222,1575,1647,3175,1548,1627,40,23,17,1745,900,845,3069,1496,1573,3021,1475,1546,102,21,81,99,79,20
58035016,24,15,9,20,11,9,4,4,0,6,3,3,23,14,9,18,9,9,3,3,0,3,3,0
58035017,299,154,145,294,152,142,5,2,3,170,90,80,291,148,143,298,153,145,0,0,0,1,1,0
58035018,653,326,327,650,324,326,3,2,1,363,190,173,628,312,316,645,322,323,0,0,0,8,4,4
58037601,2850,1393,1457,2728,1335,1393,113,52,61,1362,730,632,2705,1320,1385,2752,1344,1408,13,9,4,85,40,45
58037602,55,26,29,49,24,25,6,2,4,27,15,12,49,24,25,52,25,27,0,0,0,3,1,2
58039201,691,362,329,682,356,326,7,5,2,377,208,169,644,337,307,687,359,328,0,0,0,4,3,1
58040601,246,127,119,244,127,117,1,0,1,113,61,52,230,119,111,242,124,118,0,0,0,4,3,1
58041401,303,149,154,302,148,154,1,1,0,152,80,72,286,141,145,301,147,154,0,0,0,2,2,0
58042201,311,152,159,310,151,159,1,1,0,154,84,70,295,147,148,306,149,157,0,0,0,5,3,2
58043102,37,22,15,37,22,15,0,0,0,21,17,4,36,22,14,30,19,11,2,1,1,5,2,3
58043103,634,330,304,631,328,303,3,2,1,313,182,131,603,311,292,624,324,300,0,0,0,10,6,4
58043104,136,73,63,136,73,63,0,0,0,86,50,36,127,68,59,107,56,51,0,0,0,29,17,12
58043106,81,44,37,80,43,37,1,1,0,41,19,22,76,41,35,73,40,33,0,0,0,8,4,4
58046501,126,67,59,126,67,59,0,0,0,80,45,35,122,65,57,126,67,59,0,0,0,0,0,0
58046502,239,118,121,235,114,121,4,4,0,124,66,58,226,112,114,239,118,121,0,0,0,0,0,0
57444901,171,88,83,171,88,83,0,0,0,70,38,32,170,88,82,170,87,83,0,0,0,1,1,0
58048102,192,98,94,192,98,94,0,0,0,111,67,44,178,90,88,191,98,93,0,0,0,1,0,1
58048103,105,52,53,105,52,53,0,0,0,51,27,24,96,49,47,105,52,53,0,0,0,0,0,0
58048104,83,42,41,83,42,41,0,0,0,40,20,20,79,41,38,78,40,38,0,0,0,5,2,3
58048105,76,40,36,76,40,36,0,0,0,37,19,18,75,39,36,75,39,36,1,1,0,0,0,0
58048106,80,44,36,80,44,36,0,0,0,46,27,19,80,44,36,72,39,33,7,4,3,1,1,0
58048107,3128,1524,1604,3097,1501,1596,28,21,7,1720,889,831,2998,1463,1535,3065,1481,1584,34,18,16,29,25,4
58048108,69,37,32,69,37,32,0,0,0,36,19,17,69,37,32,66,35,31,1,1,0,2,1,1
58048109,143,74,69,143,74,69,0,0,0,76,47,29,141,73,68,143,74,69,0,0,0,0,0,0
58049001,292,151,141,291,150,141,1,1,0,112,64,48,279,146,133,291,150,141,0,0,0,1,1,0
58050302,70,29,41,70,29,41,0,0,0,40,18,22,65,28,37,70,29,41,0,0,0,0,0,0
58050303,28,15,13,28,15,13,0,0,0,8,5,3,27,15,12,27,14,13,0,0,0,1,1,0
58050304,20,11,9,20,11,9,0,0,0,8,5,3,20,11,9,20,11,9,0,0,0,0,0,0
58050305,772,387,385,770,387,383,2,0,2,431,219,212,737,371,366,756,376,380,0,0,0,16,11,5
0789720,0,0,0,0,0,0,0,0,0,0,0,0,0,0,0,0,0,0,0,0,0,0,0,0
0790060,0,0,0,0,0,0,0,0,0,0,0,0,0,0,0,0,0,0,0,0,0,0,0,0
3385160,0,0,0,0,0,0,0,0,0,0,0,0,0,0,0,0,0,0,0,0,0,0,0,0
58051101,705,338,367,695,333,362,9,5,4,360,188,172,676,321,355,705,338,367,0,0,0,0,0,0
58051102,142,63,79,142,63,79,0,0,0,87,41,46,138,60,78,142,63,79,0,0,0,0,0,0
58051103,1304,609,695,1292,600,692,11,8,3,728,362,366,1248,587,661,1297,606,691,2,1,1,5,2,3
58051104,165,82,83,156,77,79,6,4,2,94,49,45,157,77,80,162,81,81,3,1,2,0,0,0
58051105,354,167,187,346,161,185,6,5,1,184,96,88,334,157,177,354,167,187,0,0,0,0,0,0
58051107,422,207,215,420,205,215,1,1,0,215,110,105,393,191,202,409,197,212,13,10,3,0,0,0
58051108,2168,1056,1112,2127,1029,1098,38,25,13,1148,604,544,2071,1006,1065,2163,1053,1110,4,2,2,1,1,0
58051109,2529,1182,1347,2505,1164,1341,21,17,4,1389,697,692,2419,1138,1281,2447,1168,1279,78,11,67,4,3,1
58051110,200,99,101,197,97,100,2,1,1,110,58,52,185,91,94,200,99,101,0,0,0,0,0,0
58051112,118,51,67,55,28,27,63,23,40,30,16,14,113,48,65,54,27,27,1,1,0,63,23,40
58051113,90,46,44,90,46,44,0,0,0,57,28,29,85,45,40,90,46,44,0,0,0,0,0,0
58051114,295,148,147,290,145,145,5,3,2,141,73,68,282,142,140,295,148,147,0,0,0,0,0,0
58051115,490,255,235,483,250,233,3,3,0,293,161,132,465,239,226,490,255,235,0,0,0,0,0,0
58051116,488,259,229,470,247,223,17,12,5,211,106,105,455,241,214,408,186,222,2,2,0,78,71,7
57169501,85,50,35,81,47,34,4,3,1,26,19,7,68,41,27,83,49,34,0,0,0,2,1,1
57169502,61,32,29,61,32,29,0,0,0,36,18,18,59,31,28,61,32,29,0,0,0,0,0,0
57169503,148,67,81,147,67,80,0,0,0,57,28,29,141,65,76,144,65,79,0,0,0,4,2,2
57169504,41,24,17,40,24,16,1,0,1,15,10,5,39,22,17,41,24,17,0,0,0,0,0,0
58053801,122,55,67,122,55,67,0,0,0,69,36,33,116,55,61,122,55,67,0,0,0,0,0,0
58053802,83,45,38,83,45,38,0,0,0,62,38,24,83,45,38,75,43,32,0,0,0,8,2,6
58053803,20,9,11,20,9,11,0,0,0,10,7,3,20,9,11,20,9,11,0,0,0,0,0,0
58053804,996,507,489,993,506,487,3,1,2,642,349,293,962,487,475,992,504,488,0,0,0,4,3,1
58053805,3921,1938,1983,3805,1871,1934,111,64,47,1909,990,919,3701,1814,1887,3807,1857,1950,56,38,18,58,43,15
58053806,1028,496,532,1001,486,515,25,10,15,657,343,314,989,482,507,1016,491,525,12,5,7,0,0,0
58056201,39,20,19,39,20,19,0,0,0,14,7,7,30,16,14,38,20,18,0,0,0,1,0,1
58056204,143,76,67,143,76,67,0,0,0,68,41,27,131,69,62,142,76,66,0,0,0,1,0,1
58014701,978,493,485,975,492,483,2,1,1,439,241,198,937,477,460,963,483,480,0,0,0,15,10,5
58014702,502,246,256,502,246,256,0,0,0,238,112,126,480,234,246,499,244,255,0,0,0,3,2,1
58014703,254,137,117,254,137,117,0,0,0,160,92,68,247,131,116,250,134,116,0,0,0,4,3,1
58057101,491,243,248,490,242,248,1,1,0,215,108,107,451,230,221,478,234,244,0,0,0,13,9,4
58058901,53,26,27,53,26,27,0,0,0,24,15,9,48,24,24,53,26,27,0,0,0,0,0,0
58058902,691,354,337,691,354,337,0,0,0,352,212,140,654,338,316,677,344,333,0,0,0,14,10,4
58061901,363,186,177,359,186,173,3,0,3,179,101,78,351,180,171,362,185,177,0,0,0,1,1,0
58062701,1153,566,587,1152,566,586,1,0,1,613,331,282,1094,542,552,1144,560,584,5,3,2,4,3,1
58063501,109,56,53,109,56,53,0,0,0,53,35,18,100,52,48,109,56,53,0,0,0,0,0,0
58063502,626,314,312,626,314,312,0,0,0,326,174,152,585,296,289,612,301,311,0,0,0,14,13,1
58064301,575,308,267,572,305,267,2,2,0,299,176,123,543,293,250,570,303,267,0,0,0,5,5,0
58065101,399,200,199,395,197,198,4,3,1,188,97,91,374,187,187,395,196,199,0,0,0,4,4,0
58065103,107,52,55,107,52,55,0,0,0,44,19,25,100,49,51,104,52,52,0,0,0,3,0,3
58066001,208,108,100,207,108,99,1,0,1,103,60,43,198,103,95,207,107,100,0,0,0,1,1,0
58066002,53,29,24,52,28,24,1,1,0,29,20,9,51,27,24,53,29,24,0,0,0,0,0,0
58067801,137,71,66,137,71,66,0,0,0,77,48,29,135,70,65,137,71,66,0,0,0,0,0,0
58068601,62,31,31,62,31,31,0,0,0,30,16,14,56,29,27,61,30,31,0,0,0,1,1,0
58068602,863,442,421,856,439,417,3,2,1,455,266,189,813,419,394,828,425,403,0,0,0,35,17,18
57192001,74,41,33,74,41,33,0,0,0,35,24,11,71,39,32,71,39,32,0,0,0,3,2,1
57192002,36,18,18,36,18,18,0,0,0,15,10,5,35,17,18,26,12,14,0,0,0,10,6,4
57192003,194,101,93,192,99,93,2,2,0,95,52,43,190,100,90,189,98,91,1,1,0,4,2,2
58071601,75,39,36,75,39,36,0,0,0,28,14,14,71,38,33,53,25,28,0,0,0,22,14,8
58071603,44,22,22,44,22,22,0,0,0,20,8,12,42,22,20,44,22,22,0,0,0,0,0,0
58071604,112,55,57,112,55,57,0,0,0,48,28,20,107,53,54,112,55,57,0,0,0,0,0,0
58071605,339,170,169,338,170,168,1,0,1,158,86,72,327,164,163,310,154,156,0,0,0,29,16,13
58071606,38,21,17,38,21,17,0,0,0,17,12,5,38,21,17,38,21,17,0,0,0,0,0,0
58071607,30,15,15,29,14,15,1,1,0,14,8,6,30,15,15,30,15,15,0,0,0,0,0,0
58072401,269,141,128,269,141,128,0,0,0,124,78,46,259,131,128,246,128,118,2,1,1,21,12,9
58073201,632,335,297,631,335,296,1,0,1,343,201,142,594,319,275,621,326,295,0,0,0,11,9,2
58074101,230,116,114,228,114,114,2,2,0,113,56,57,225,113,112,228,114,114,1,1,0,1,1,0
58075901,26,15,11,26,15,11,0,0,0,11,7,4,24,14,10,20,11,9,0,0,0,6,4,2
58075902,166,81,85,165,81,84,0,0,0,51,24,27,161,78,83,155,74,81,1,1,0,10,6,4
58075904,58,28,30,58,28,30,0,0,0,33,22,11,52,26,26,58,28,30,0,0,0,0,0,0
58075905,100,48,52,100,48,52,0,0,0,52,29,23,96,47,49,86,41,45,0,0,0,14,7,7
58076701,249,123,126,249,123,126,0,0,0,131,72,59,241,119,122,248,122,126,0,0,0,1,1,0
58077501,551,283,268,549,282,267,2,1,1,255,142,113,531,274,257,535,273,262,1,1,0,15,9,6
58078301,66,35,31,65,34,31,1,1,0,37,20,17,63,34,29,66,35,31,0,0,0,0,0,0
58080501,136,65,71,136,65,71,0,0,0,73,45,28,132,65,67,135,64,71,0,0,0,1,1,0
58080502,122,65,57,122,65,57,0,0,0,70,42,28,122,65,57,122,65,57,0,0,0,0,0,0
58082101,50,21,29,50,21,29,0,0,0,15,8,7,49,21,28,35,15,20,0,0,0,15,6,9
58082102,301,150,151,301,150,151,0,0,0,141,76,65,286,145,141,298,148,150,0,0,0,3,2,1
58083001,71,39,32,71,39,32,0,0,0,22,17,5,66,36,30,71,39,32,0,0,0,0,0,0
57554201,96,49,47,96,49,47,0,0,0,35,21,14,90,46,44,93,47,46,1,0,1,2,2,0
57554202,61,31,30,61,31,30,0,0,0,27,16,11,61,31,30,61,31,30,0,0,0,0,0,0
58084801,970,510,460,962,507,455,7,3,4,422,238,184,919,480,439,936,483,453,0,0,0,34,27,7
58084802,70,39,31,70,39,31,0,0,0,36,21,15,69,38,31,0,0,0,0,0,0,70,39,31
58084803,806,367,439,794,361,433,10,5,5,199,102,97,757,343,414,806,367,439,0,0,0,0,0,0
54790501,811,411,400,810,410,400,1,1,0,363,195,168,772,392,380,785,396,389,2,1,1,24,14,10
57220901,47,27,20,47,27,20,0,0,0,20,13,7,43,25,18,47,27,20,0,0,0,0,0,0
57220902,47,24,23,47,24,23,0,0,0,13,5,8,42,21,21,47,24,23,0,0,0,0,0,0
57220903,283,152,131,277,149,128,6,3,3,145,86,59,270,145,125,281,151,130,0,0,0,2,1,1
58087201,26,10,16,26,10,16,0,0,0,17,5,12,25,9,16,6,3,3,0,0,0,20,7,13
58087202,623,313,310,620,312,308,3,1,2,314,168,146,604,304,300,614,308,306,0,0,0,9,5,4
58088101,244,121,123,242,119,123,2,2,0,120,57,63,235,117,118,242,120,122,0,0,0,2,1,1
57439201,569,294,275,563,290,273,6,4,2,265,151,114,541,285,256,566,292,274,0,0,0,3,2,1
58090201,144,78,66,144,78,66,0,0,0,61,42,19,136,74,62,142,76,66,0,0,0,2,2,0
55524001,602,301,301,601,301,300,1,0,1,312,157,155,574,286,288,598,297,301,0,0,0,4,4,0
58092901,373,193,180,371,192,179,2,1,1,169,93,76,355,187,168,368,188,180,0,0,0,5,5,0
58094501,430,204,226,427,202,225,3,2,1,177,93,84,410,192,218,426,201,225,0,0,0,4,3,1
54796401,226,117,109,225,116,109,1,1,0,116,70,46,224,117,107,223,114,109,0,0,0,3,3,0
58096101,864,442,422,858,438,420,6,4,2,503,292,211,837,429,408,844,432,412,0,0,0,20,10,10
58097001,25,10,15,25,10,15,0,0,0,13,5,8,24,9,15,25,10,15,0,0,0,0,0,0
58097002,541,284,257,541,284,257,0,0,0,290,167,123,516,270,246,537,283,254,0,0,0,4,1,3
57230601,183,100,83,183,100,83,0,0,0,79,43,36,179,98,81,183,100,83,0,0,0,0,0,0
58098801,113,56,57,113,56,57,0,0,0,63,37,26,105,53,52,102,51,51,1,0,1,10,5,5
58099601,71,33,38,71,33,38,0,0,0,36,17,19,70,32,38,71,33,38,0,0,0,0,0,0
58099602,113,58,55,113,58,55,0,0,0,61,34,27,104,54,50,112,57,55,0,0,0,1,1,0
58100301,131,75,56,131,75,56,0,0,0,50,29,21,122,71,51,128,74,54,0,0,0,3,1,2
58101101,169,79,90,169,79,90,0,0,0,91,44,47,160,75,85,169,79,90,0,0,0,0,0,0
58070801,72,34,38,71,34,37,1,0,1,33,18,15,68,32,36,72,34,38,0,0,0,0,0,0
58070802,200,105,95,200,105,95,0,0,0,103,58,45,194,103,91,197,102,95,0,0,0,3,3,0
58103801,195,102,93,195,102,93,0,0,0,104,62,42,189,100,89,193,100,93,0,0,0,2,2,0
58104601,831,438,393,828,436,392,3,2,1,411,247,164,783,412,371,822,429,393,0,0,0,9,9,0
58105401,111,62,49,111,62,49,0,0,0,45,30,15,100,56,44,106,60,46,0,0,0,5,2,3
58105403,472,240,232,470,238,232,1,1,0,211,127,84,447,228,219,469,238,231,0,0,0,3,2,1
58106201,113,55,58,113,55,58,0,0,0,49,26,23,107,51,56,113,55,58,0,0,0,0,0,0
58106202,363,189,174,361,187,174,1,1,0,193,108,85,342,176,166,358,186,172,0,0,0,5,3,2
58106203,86,42,44,86,42,44,0,0,0,40,21,19,83,40,43,85,41,44,0,0,0,1,1,0
54792101,91,49,42,91,49,42,0,0,0,43,29,14,84,45,39,87,46,41,0,0,0,4,3,1
58107101,733,370,363,731,369,362,2,1,1,378,202,176,704,357,347,708,353,355,0,0,0,25,17,8
57586101,152,75,77,152,75,77,0,0,0,78,42,36,146,72,74,148,73,75,0,0,0,4,2,2
58108901,110,58,52,109,57,52,1,1,0,41,25,16,107,56,51,88,48,40,0,0,0,22,10,12
58108902,26,11,15,26,11,15,0,0,0,11,4,7,25,10,15,26,11,15,0,0,0,0,0,0
58108903,181,86,95,178,85,93,3,1,2,85,46,39,174,82,92,181,86,95,0,0,0,0,0,0
1753740,0,0,0,0,0,0,0,0,0,0,0,0,0,0,0,0,0,0,0,0,0,0,0,0
1753910,0,0,0,0,0,0,0,0,0,0,0,0,0,0,0,0,0,0,0,0,0,0,0,0
3038870,0,0,0,0,0,0,0,0,0,0,0,0,0,0,0,0,0,0,0,0,0,0,0,0
57989101,295,149,146,294,148,146,0,0,0,170,89,81,275,137,138,294,148,146,0,0,0,1,1,0
57989102,52,28,24,52,28,24,0,0,0,38,20,18,51,27,24,52,28,24,0,0,0,0,0,0
57989103,48,23,25,48,23,25,0,0,0,32,15,17,47,22,25,48,23,25,0,0,0,0,0,0
57989104,326,173,153,325,173,152,1,0,1,209,114,95,310,164,146,326,173,153,0,0,0,0,0,0
57989106,827,404,423,805,391,414,21,12,9,402,214,188,766,375,391,821,400,421,3,2,1,3,2,1
57989107,25,12,13,19,10,9,2,1,1,16,7,9,25,12,13,25,12,13,0,0,0,0,0,0
57989108,2165,1105,1060,2114,1058,1056,47,45,2,1189,631,558,2074,1055,1019,2126,1071,1055,35,31,4,4,3,1
57989110,758,366,392,738,355,383,18,9,9,464,243,221,731,351,380,747,358,389,11,8,3,0,0,0
57989111,130,67,63,130,67,63,0,0,0,89,50,39,129,67,62,130,67,63,0,0,0,0,0,0
57989112,103,52,51,103,52,51,0,0,0,67,35,32,103,52,51,100,50,50,0,0,0,3,2,1
57989113,58,31,27,58,31,27,0,0,0,38,20,18,58,31,27,58,31,27,0,0,0,0,0,0
57989114,193,90,103,192,89,103,1,1,0,123,59,64,189,88,101,193,90,103,0,0,0,0,0,0
57989115,1483,716,767,1438,679,759,44,36,8,826,420,406,1411,679,732,1460,694,766,23,22,1,0,0,0
57989116,969,481,488,962,476,486,5,5,0,603,315,288,923,457,466,963,478,485,6,3,3,0,0,0
57989118,4172,1902,2270,4117,1869,2248,43,26,17,2171,1051,1120,3994,1820,2174,4045,1868,2177,126,33,93,1,1,0
57989119,669,383,286,639,363,276,30,20,10,333,184,149,638,368,270,474,237,237,12,10,2,183,136,47
57989120,1513,744,769,1465,711,754,48,33,15,780,390,390,1418,700,718,1488,724,764,22,19,3,3,1,2
57989122,172,55,117,170,53,117,2,2,0,50,17,33,137,45,92,50,25,25,117,27,90,5,3,2
58110101,28,16,12,28,16,12,0,0,0,14,10,4,25,14,11,28,16,12,0,0,0,0,0,0
58110102,228,124,104,227,123,104,1,1,0,122,77,45,222,122,100,222,119,103,0,0,0,6,5,1
58111901,720,359,361,717,359,358,3,0,3,396,216,180,675,342,333,715,355,360,1,0,1,4,4,0
57248901,132,65,67,132,65,67,0,0,0,70,34,36,124,63,61,130,63,67,0,0,0,2,2,0
58114301,117,65,52,117,65,52,0,0,0,71,42,29,112,62,50,117,65,52,0,0,0,0,0,0
58114302,206,105,101,206,105,101,0,0,0,108,64,44,201,102,99,203,103,100,0,0,0,3,2,1
58115101,147,70,77,147,70,77,0,0,0,78,43,35,136,65,71,147,70,77,0,0,0,0,0,0
58115102,62,32,30,61,31,30,1,1,0,20,14,6,52,28,24,62,32,30,0,0,0,0,0,0
58115103,547,278,269,543,275,268,2,2,0,279,141,138,522,260,262,541,274,267,0,0,0,6,4,2
54802201,78,40,38,78,40,38,0,0,0,36,20,16,74,39,35,78,40,38,0,0,0,0,0,0
54802202,73,37,36,73,37,36,0,0,0,36,25,11,72,37,35,71,35,36,0,0,0,2,2,0
0673930,0,0,0,0,0,0,0,0,0,0,0,0,0,0,0,0,0,0,0,0,0,0,0,0
58117801,97,47,50,97,47,50,0,0,0,64,35,29,97,47,50,97,47,50,0,0,0,0,0,0
58117803,845,433,412,844,432,412,0,0,0,489,268,221,809,413,396,836,428,408,0,0,0,9,5,4
1882710,0,0,0,0,0,0,0,0,0,0,0,0,0,0,0,0,0,0,0,0,0,0,0,0
1882980,0,0,0,0,0,0,0,0,0,0,0,0,0,0,0,0,0,0,0,0,0,0,0,0
3038950,0,0,0,0,0,0,0,0,0,0,0,0,0,0,0,0,0,0,0,0,0,0,0,0
58118601,98,55,43,98,55,43,0,0,0,67,39,28,94,53,41,98,55,43,0,0,0,0,0,0
58118602,166,87,79,165,86,79,1,1,0,94,50,44,158,82,76,166,87,79,0,0,0,0,0,0
58118603,46,24,22,46,24,22,0,0,0,23,14,9,44,23,21,40,22,18,0,0,0,6,2,4
58118604,102,55,47,102,55,47,0,0,0,67,34,33,101,54,47,100,54,46,0,0,0,2,1,1
58118605,85,46,39,84,46,38,0,0,0,43,26,17,82,44,38,84,46,38,0,0,0,1,0,1
58118606,107,55,52,105,53,52,2,2,0,56,32,24,105,54,51,107,55,52,0,0,0,0,0,0
58118607,156,83,73,156,83,73,0,0,0,96,52,44,146,76,70,156,83,73,0,0,0,0,0,0
58118608,45,33,12,31,20,11,10,9,1,12,7,5,32,22,10,23,12,11,22,21,1,0,0,0
58118609,249,117,132,249,117,132,0,0,0,154,70,84,245,117,128,247,116,131,0,0,0,2,1,1
58118610,212,104,108,209,102,107,1,0,1,136,69,67,202,100,102,202,99,103,0,0,0,10,5,5
58118612,1015,519,496,998,507,491,16,11,5,592,315,277,998,511,487,999,507,492,16,12,4,0,0,0
58118613,1988,973,1015,1910,914,996,72,56,16,1050,544,506,1907,927,980,1881,918,963,107,55,52,0,0,0
58118614,2316,1098,1218,2243,1051,1192,68,44,24,1087,561,526,2203,1037,1166,2247,1082,1165,69,16,53,0,0,0
58118615,43,21,22,43,21,22,0,0,0,25,13,12,41,20,21,42,21,21,1,0,1,0,0,0
58118616,1376,653,723,1308,608,700,64,44,20,628,313,315,1276,604,672,1230,602,628,126,43,83,20,8,12
58118617,48,28,20,48,28,20,0,0,0,27,18,9,45,27,18,48,28,20,0,0,0,0,0,0
58118618,263,132,131,263,132,131,0,0,0,167,91,76,260,132,128,263,132,131,0,0,0,0,0,0
58118619,241,118,123,237,116,121,4,2,2,149,71,78,233,114,119,241,118,123,0,0,0,0,0,0
58118620,807,432,375,788,419,369,17,11,6,411,221,190,761,409,352,680,331,349,0,0,0,127,101,26
58118621,936,471,465,919,461,458,15,10,5,497,269,228,900,453,447,930,469,461,6,2,4,0,0,0
58118623,24,13,11,24,13,11,0,0,0,13,8,5,23,12,11,23,12,11,0,0,0,1,1,0
58118625,73,41,32,68,38,30,3,1,2,30,23,7,72,41,31,73,41,32,0,0,0,0,0,0
58118626,1673,831,842,1595,770,825,76,61,15,890,457,433,1584,785,799,1627,787,840,40,38,2,6,6,0
58119401,40,25,15,40,25,15,0,0,0,16,13,3,39,24,15,39,24,15,0,0,0,1,1,0
58119402,52,28,24,52,28,24,0,0,0,18,11,7,44,22,22,52,28,24,0,0,0,0,0,0
58120801,152,74,78,152,74,78,0,0,0,78,41,37,143,70,73,145,70,75,0,0,0,7,4,3
58120802,133,72,61,113,57,56,15,11,4,63,40,23,128,71,57,103,50,53,30,22,8,0,0,0
58120803,28,13,15,28,13,15,0,0,0,7,2,5,27,12,15,0,0,0,0,0,0,28,13,15
58120804,423,210,213,421,208,213,2,2,0,200,113,87,403,200,203,416,205,211,0,0,0,7,5,2
58121601,67,36,31,64,33,31,3,3,0,32,17,15,66,35,31,67,36,31,0,0,0,0,0,0
58121602,167,84,83,165,83,82,2,1,1,73,46,27,162,82,80,164,81,83,0,0,0,3,3,0
58122401,41,16,25,41,16,25,0,0,0,11,2,9,39,15,24,41,16,25,0,0,0,0,0,0
58122402,58,25,33,58,25,33,0,0,0,17,6,11,49,21,28,58,25,33,0,0,0,0,0,0
58122403,184,99,85,183,98,85,1,1,0,94,58,36,179,98,81,184,99,85,0,0,0,0,0,0
58122404,60,33,27,60,33,27,0,0,0,23,14,9,58,32,26,60,33,27,0,0,0,0,0,0
58122405,374,185,189,373,185,188,0,0,0,171,85,86,357,179,178,354,173,181,12,5,7,8,7,1
58123201,208,96,112,208,96,112,0,0,0,97,46,51,198,90,108,206,95,111,0,0,0,2,1,1
58125901,2112,1021,1091,2096,1008,1088,12,9,3,951,504,447,2027,972,1055,2112,1021,1091,0,0,0,0,0,0
58125902,730,372,358,724,370,354,5,1,4,365,195,170,680,345,335,644,311,333,8,6,2,78,55,23
58125903,139,74,65,137,73,64,2,1,1,74,50,24,133,73,60,136,72,64,0,0,0,3,2,1
58125904,85,47,38,85,47,38,0,0,0,41,26,15,82,46,36,83,45,38,2,2,0,0,0,0
58125905,423,214,209,411,207,204,12,7,5,201,116,85,385,204,181,387,205,182,36,9,27,0,0,0
58125906,902,425,477,897,421,476,4,3,1,427,227,200,857,403,454,870,412,458,28,9,19,4,4,0
58125907,36,19,17,35,19,16,1,0,1,21,13,8,35,18,17,36,19,17,0,0,0,0,0,0
58125909,131,68,63,131,68,63,0,0,0,77,42,35,130,68,62,129,67,62,0,0,0,2,1,1
58125910,1230,599,631,1217,592,625,10,6,4,575,312,263,1166,564,602,1230,599,631,0,0,0,0,0,0
58126701,39,19,20,39,19,20,0,0,0,22,12,10,38,18,20,39,19,20,0,0,0,0,0,0
58126702,253,157,96,253,157,96,0,0,0,60,24,36,248,154,94,172,83,89,79,73,6,2,1,1
58127501,971,484,487,969,483,486,1,0,1,448,241,207,911,454,457,945,467,478,2,2,0,24,15,9
54619401,121,60,61,121,60,61,0,0,0,72,39,33,118,58,60,120,59,61,0,0,0,1,1,0
54826001,155,90,65,155,90,65,0,0,0,82,52,30,150,87,63,146,84,62,0,0,0,9,6,3
57356601,162,84,78,162,84,78,0,0,0,73,42,31,155,81,74,161,84,77,0,0,0,1,0,1
57356602,52,27,25,52,27,25,0,0,0,21,10,11,46,22,24,49,25,24,0,0,0,3,2,1
54843001,225,118,107,222,116,106,3,2,1,112,72,40,218,115,103,225,118,107,0,0,0,0,0,0
56845701,174,92,82,173,91,82,1,1,0,82,46,36,163,86,77,169,89,80,0,0,0,5,3,2
56845702,62,28,34,62,28,34,0,0,0,40,19,21,60,28,32,62,28,34,0,0,0,0,0,0
56845703,54,27,27,50,23,27,4,4,0,32,16,16,48,24,24,54,27,27,0,0,0,0,0,0
57355802,66,32,34,66,32,34,0,0,0,30,17,13,62,30,32,53,25,28,0,0,0,13,7,6
56846501,51,25,26,51,25,26,0,0,0,29,14,15,46,23,23,51,25,26,0,0,0,0,0,0
56846502,73,36,37,73,36,37,0,0,0,41,24,17,73,36,37,66,33,33,0,0,0,7,3,4
54827801,168,79,89,168,79,89,0,0,0,73,46,27,155,73,82,145,72,73,22,6,16,1,1,0
56849001,161,87,74,160,86,74,1,1,0,93,57,36,156,83,73,156,84,72,0,0,0,5,3,2
54837501,87,42,45,86,41,45,1,1,0,43,25,18,77,36,41,84,40,44,0,0,0,3,2,1
56850301,67,32,35,67,32,35,0,0,0,28,14,14,63,30,33,67,32,35,0,0,0,0,0,0
56850302,980,499,481,966,489,477,13,9,4,496,293,203,946,484,462,975,496,479,0,0,0,5,3,2
56852001,149,76,73,148,76,72,0,0,0,80,47,33,142,74,68,143,72,71,0,0,0,6,4,2
56852002,49,25,24,49,25,24,0,0,0,22,15,7,47,25,22,46,23,23,0,0,0,3,2,1
56852003,35,21,14,35,21,14,0,0,0,22,16,6,35,21,14,34,20,14,0,0,0,1,1,0
56852004,69,34,35,69,34,35,0,0,0,39,20,19,66,34,32,69,34,35,0,0,0,0,0,0
56852005,32,17,15,32,17,15,0,0,0,17,12,5,31,16,15,32,17,15,0,0,0,0,0,0
56853801,425,208,217,406,198,208,16,8,8,222,117,105,407,201,206,388,195,193,0,0,0,37,13,24
56859701,378,194,184,378,194,184,0,0,0,193,107,86,364,185,179,375,191,184,0,0,0,3,3,0
56859702,27,11,16,27,11,16,0,0,0,11,5,6,26,10,16,27,11,16,0,0,0,0,0,0
56860101,747,387,360,737,379,358,8,6,2,390,213,177,712,370,342,731,375,356,2,2,0,14,10,4
56860103,57,27,30,56,27,29,0,0,0,23,12,11,52,25,27,55,26,29,2,1,1,0,0,0
56860104,38,16,22,38,16,22,0,0,0,16,7,9,34,14,20,33,14,19,0,0,0,5,2,3
56860105,63,32,31,63,32,31,0,0,0,29,16,13,60,30,30,47,24,23,0,0,0,16,8,8
54844801,92,41,51,92,41,51,0,0,0,35,17,18,86,36,50,88,39,49,0,0,0,4,2,2
56861901,171,81,90,170,80,90,0,0,0,72,42,30,159,75,84,171,81,90,0,0,0,0,0,0
56863502,2268,1133,1135,2221,1093,1128,46,39,7,1139,572,567,2156,1063,1093,2222,1101,1121,15,10,5,31,22,9
56863504,64,28,36,64,28,36,0,0,0,32,12,20,61,27,34,64,28,36,0,0,0,0,0,0
56863505,52,29,23,52,29,23,0,0,0,31,19,12,51,29,22,52,29,23,0,0,0,0,0,0
56863507,60,26,34,59,26,33,1,0,1,35,17,18,60,26,34,55,23,32,0,0,0,5,3,2
56863508,21,11,10,20,10,10,1,1,0,6,4,2,19,10,9,21,11,10,0,0,0,0,0,0
56863509,76,35,41,73,33,40,3,2,1,39,14,25,69,31,38,76,35,41,0,0,0,0,0,0
56863510,52,27,25,50,25,25,2,2,0,18,9,9,50,26,24,52,27,25,0,0,0,0,0,0
56865101,27,15,12,27,15,12,0,0,0,15,7,8,26,15,11,27,15,12,0,0,0,0,0,0
56865102,163,108,55,161,106,55,2,2,0,74,44,30,154,103,51,109,56,53,54,52,2,0,0,0
56865103,97,52,45,93,50,43,3,1,2,43,28,15,93,51,42,97,52,45,0,0,0,0,0,0
56865104,983,489,494,977,486,491,4,3,1,543,283,260,956,475,481,976,484,492,0,0,0,7,5,2
56866001,892,448,444,889,447,442,3,1,2,533,292,241,836,421,415,878,438,440,1,1,0,13,9,4
56866002,54,26,28,52,24,28,2,2,0,24,14,10,48,23,25,54,26,28,0,0,0,0,0,0
56866003,20,12,8,20,12,8,0,0,0,6,2,4,14,9,5,20,12,8,0,0,0,0,0,0
56841401,70,37,33,70,37,33,0,0,0,46,28,18,69,36,33,70,37,33,0,0,0,0,0,0
56841402,54,23,31,54,23,31,0,0,0,39,20,19,52,23,29,54,23,31,0,0,0,0,0,0
56841403,432,217,215,426,214,212,3,2,1,279,158,121,425,214,211,430,215,215,1,1,0,1,1,0
56841404,95,51,44,91,49,42,3,2,1,67,38,29,91,49,42,72,38,34,0,0,0,23,13,10
56841405,395,208,187,377,198,179,16,8,8,244,127,117,378,198,180,392,206,186,0,0,0,3,2,1
56841406,25,12,13,25,12,13,0,0,0,14,8,6,21,10,11,24,12,12,0,0,0,1,0,1
56841407,67,36,31,67,36,31,0,0,0,36,21,15,65,35,30,67,36,31,0,0,0,0,0,0
56841409,132,68,64,132,68,64,0,0,0,96,51,45,130,67,63,132,68,64,0,0,0,0,0,0
56841410,61,37,24,61,37,24,0,0,0,48,30,18,60,36,24,54,32,22,0,0,0,7,5,2
56841411,86,47,39,86,47,39,0,0,0,64,37,27,85,47,38,86,47,39,0,0,0,0,0,0
56841412,234,121,113,234,121,113,0,0,0,169,93,76,227,116,111,234,121,113,0,0,0,0,0,0
56841413,74,39,35,74,39,35,0,0,0,54,29,25,74,39,35,70,37,33,0,0,0,4,2,2
56841414,126,68,58,126,68,58,0,0,0,93,55,38,124,66,58,117,64,53,0,0,0,9,4,5
56841415,212,101,111,211,100,111,1,1,0,145,74,71,210,101,109,212,101,111,0,0,0,0,0,0
56841416,71,34,37,71,34,37,0,0,0,43,22,21,71,34,37,70,33,37,0,0,0,1,1,0
56841417,291,152,139,291,152,139,0,0,0,206,115,91,286,149,137,291,152,139,0,0,0,0,0,0
56841418,251,130,121,247,126,121,4,4,0,171,91,80,245,126,119,246,127,119,0,0,0,5,3,2
56841419,429,208,221,428,207,221,1,1,0,263,134,129,421,205,216,424,206,218,0,0,0,5,2,3
56841420,1799,923,876,1744,894,850,47,25,22,894,477,417,1722,887,835,1509,724,785,27,13,14,263,186,77
56841421,306,151,155,305,151,154,1,0,1,223,111,112,299,147,152,306,151,155,0,0,0,0,0,0
56841423,1078,512,566,1043,496,547,32,15,17,621,312,309,993,476,517,1076,512,564,2,0,2,0,0,0
56841424,1624,778,846,1575,750,825,46,26,20,868,457,411,1560,744,816,1624,778,846,0,0,0,0,0,0
56841425,2470,1198,1272,2381,1146,1235,84,49,35,1427,731,696,2384,1138,1246,2420,1162,1258,48,35,13,2,1,1
56841426,1126,510,616,1079,483,596,43,25,18,623,309,314,1073,482,591,1126,510,616,0,0,0,0,0,0
56841429,1679,784,895,1639,764,875,39,20,19,919,470,449,1578,744,834,1522,752,770,155,31,124,2,1,1
56841430,335,165,170,315,152,163,20,13,7,172,86,86,319,157,162,335,165,170,0,0,0,0,0,0
56841431,75,34,41,75,34,41,0,0,0,46,21,25,72,33,39,71,32,39,0,0,0,4,2,2
56841432,1051,523,528,1049,522,527,2,1,1,694,366,328,1026,509,517,1051,523,528,0,0,0,0,0,0
56841433,292,171,121,274,161,113,15,9,6,53,27,26,239,138,101,92,37,55,185,121,64,15,13,2
56841434,1343,630,713,1257,582,675,82,48,34,715,358,357,1247,589,658,1330,624,706,13,6,7,0,0,0
56841435,904,441,463,900,440,460,3,1,2,522,273,249,874,426,448,891,434,457,13,7,6,0,0,0
56841436,199,111,88,193,107,86,5,4,1,142,79,63,186,102,84,199,111,88,0,0,0,0,0,0
56841437,862,424,438,802,383,419,48,34,14,463,230,233,824,403,421,811,390,421,51,34,17,0,0,0
56841438,817,410,407,795,393,402,22,17,5,490,245,245,780,388,392,809,402,407,8,8,0,0,0,0
56841439,2263,1040,1223,2194,1009,1185,63,27,36,1125,560,565,2155,988,1167,2102,998,1104,161,42,119,0,0,0
56841440,877,413,464,828,387,441,42,21,21,460,234,226,840,393,447,877,413,464,0,0,0,0,0,0
56841441,276,153,123,248,131,117,18,14,4,150,77,73,251,134,117,209,108,101,40,33,7,27,12,15
56841442,346,180,166,289,143,146,44,27,17,159,89,70,305,148,157,301,143,158,44,36,8,1,1,0
56841443,93,48,45,92,48,44,1,0,1,59,33,26,92,48,44,93,48,45,0,0,0,0,0,0
56867801,589,304,285,582,300,282,7,4,3,319,184,135,568,291,277,579,298,281,4,1,3,6,5,1
56867802,57,25,32,57,25,32,0,0,0,21,12,9,55,25,30,53,23,30,0,0,0,4,2,2
56867803,66,33,33,66,33,33,0,0,0,34,19,15,66,33,33,61,30,31,0,0,0,5,3,2
56867804,133,64,69,132,63,69,1,1,0,66,35,31,111,53,58,128,61,67,3,2,1,2,1,1
56867805,21,11,10,21,11,10,0,0,0,9,5,4,21,11,10,21,11,10,0,0,0,0,0,0
56867806,81,39,42,80,38,42,1,1,0,40,23,17,79,38,41,79,37,42,2,2,0,0,0,0
56867807,68,36,32,68,36,32,0,0,0,35,21,14,66,35,31,66,35,31,0,0,0,2,1,1
56867808,64,37,27,64,37,27,0,0,0,34,25,9,62,36,26,54,33,21,0,0,0,10,4,6
54859602,51,24,27,50,24,26,0,0,0,23,13,10,45,22,23,49,23,26,0,0,0,2,1,1
0400700,0,0,0,0,0,0,0,0,0,0,0,0,0,0,0,0,0,0,0,0,0,0,0,0
56869401,24,13,11,24,13,11,0,0,0,14,8,6,23,12,11,24,13,11,0,0,0,0,0,0
56869402,380,193,187,378,191,187,2,2,0,219,121,98,355,181,174,373,188,185,7,5,2,0,0,0
56869403,69,37,32,69,37,32,0,0,0,38,23,15,64,35,29,69,37,32,0,0,0,0,0,0
56869404,64,33,31,64,33,31,0,0,0,33,20,13,60,32,28,64,33,31,0,0,0,0,0,0
56869406,77,42,35,77,42,35,0,0,0,43,27,16,73,38,35,60,33,27,0,0,0,17,9,8
0431502,0,0,0,0,0,0,0,0,0,0,0,0,0,0,0,0,0,0,0,0,0,0,0,0
56870801,468,248,220,463,244,219,5,4,1,250,144,106,440,236,204,457,241,216,4,2,2,7,5,2
56870803,43,23,20,43,23,20,0,0,0,28,15,13,42,22,20,39,21,18,0,0,0,4,2,2
56870804,58,26,32,58,26,32,0,0,0,35,16,19,57,26,31,58,26,32,0,0,0,0,0,0
54824301,68,40,28,68,40,28,0,0,0,29,22,7,63,37,26,64,37,27,0,0,0,4,3,1
56872401,30,12,18,30,12,18,0,0,0,14,6,8,24,10,14,30,12,18,0,0,0,0,0,0
56872402,166,90,76,158,82,76,8,8,0,71,40,31,156,81,75,165,89,76,0,0,0,1,1,0
56872403,43,22,21,43,22,21,0,0,0,13,9,4,42,22,20,41,21,20,0,0,0,2,1,1
53064601,241,127,114,241,127,114,0,0,0,129,79,50,236,123,113,236,123,113,0,0,0,5,4,1
0529140,0,0,0,0,0,0,0,0,0,0,0,0,0,0,0,0,0,0,0,0,0,0,0,0
1359842,0,0,0,0,0,0,0,0,0,0,0,0,0,0,0,0,0,0,0,0,0,0,0,0
56875901,266,142,124,264,141,123,2,1,1,144,80,64,254,135,119,266,142,124,0,0,0,0,0,0
56875902,69,30,39,69,30,39,0,0,0,46,19,27,67,29,38,69,30,39,0,0,0,0,0,0
56875904,113,59,54,113,59,54,0,0,0,74,39,35,110,57,53,111,58,53,0,0,0,2,1,1
56875905,136,70,66,136,70,66,0,0,0,95,54,41,134,69,65,136,70,66,0,0,0,0,0,0
56875906,74,42,32,73,41,32,1,1,0,42,25,17,67,39,28,67,38,29,0,0,0,7,4,3
56875907,91,48,43,91,48,43,0,0,0,64,35,29,89,48,41,91,48,43,0,0,0,0,0,0
56875908,139,69,70,138,69,69,1,0,1,102,55,47,129,65,64,139,69,70,0,0,0,0,0,0
56875909,23,15,8,23,15,8,0,0,0,8,7,1,23,15,8,23,15,8,0,0,0,0,0,0
56875910,101,48,53,101,48,53,0,0,0,51,24,27,97,46,51,101,48,53,0,0,0,0,0,0
56875911,235,123,112,234,122,112,1,1,0,145,83,62,222,115,107,233,122,111,0,0,0,2,1,1
56875912,670,327,343,666,324,342,3,3,0,388,207,181,650,314,336,663,326,337,7,1,6,0,0,0
56875913,376,180,196,376,180,196,0,0,0,243,119,124,373,179,194,376,180,196,0,0,0,0,0,0
56875914,732,361,371,730,360,370,2,1,1,438,225,213,706,349,357,732,361,371,0,0,0,0,0,0
56875916,39,24,15,38,23,15,1,1,0,15,12,3,35,22,13,34,21,13,1,1,0,4,2,2
56875917,633,305,328,632,305,327,1,0,1,381,197,184,611,294,317,617,301,316,16,4,12,0,0,0
56875918,247,124,123,247,124,123,0,0,0,186,93,93,240,120,120,247,124,123,0,0,0,0,0,0
56875921,28,18,10,26,16,10,2,2,0,12,8,4,28,18,10,26,16,10,2,2,0,0,0,0
56875922,1510,745,765,1491,733,758,15,9,6,806,435,371,1424,701,723,1401,673,728,10,6,4,99,66,33
56875923,38,18,20,38,18,20,0,0,0,20,12,8,31,16,15,11,5,6,1,1,0,26,12,14
56875924,1482,719,763,1477,715,762,5,4,1,845,421,424,1429,688,741,1482,719,763,0,0,0,0,0,0
56875927,1785,860,925,1780,855,925,5,5,0,1061,529,532,1720,827,893,1785,860,925,0,0,0,0,0,0
56876701,114,63,51,114,63,51,0,0,0,60,37,23,110,61,49,113,62,51,0,0,0,1,1,0
57357401,37,14,23,37,14,23,0,0,0,8,3,5,33,14,19,14,6,8,0,0,0,23,8,15
57357402,111,63,48,111,63,48,0,0,0,53,35,18,108,60,48,107,61,46,0,0,0,4,2,2
56878301,38,16,22,38,16,22,0,0,0,23,13,10,35,16,19,38,16,22,0,0,0,0,0,0
56878302,45,26,19,45,26,19,0,0,0,14,9,5,44,25,19,41,23,18,0,0,0,4,3,1
56880501,48,25,23,47,24,23,1,1,0,24,13,11,45,23,22,48,25,23,0,0,0,0,0,0
56880502,148,78,70,146,77,69,2,1,1,86,48,38,145,78,67,144,75,69,0,0,0,4,3,1
56880504,54,26,28,54,26,28,0,0,0,28,18,10,50,24,26,52,26,26,0,0,0,2,0,2
54841301,117,60,57,117,60,57,0,0,0,78,46,32,112,57,55,109,56,53,0,0,0,8,4,4
54621601,226,113,113,226,113,113,0,0,0,118,68,50,220,110,110,224,113,111,0,0,0,2,0,2
56882101,70,41,29,70,41,29,0,0,0,41,26,15,68,39,29,70,41,29,0,0,0,0,0,0
56882102,264,128,136,261,127,134,2,1,1,129,71,58,245,120,125,255,123,132,3,1,2,6,4,2
56882103,46,22,24,46,22,24,0,0,0,21,11,10,44,22,22,43,20,23,0,0,0,3,2,1
56884801,259,132,127,257,130,127,2,2,0,146,77,69,249,125,124,256,130,126,0,0,0,3,2,1
56885601,77,40,37,77,40,37,0,0,0,40,28,12,76,39,37,77,40,37,0,0,0,0,0,0
56885603,36,20,16,36,20,16,0,0,0,20,12,8,34,19,15,34,19,15,0,0,0,2,1,1
54828601,62,32,30,62,32,30,0,0,0,35,18,17,59,30,29,62,32,30,0,0,0,0,0,0
54828602,261,131,130,260,130,130,1,1,0,118,58,60,255,129,126,259,130,129,0,0,0,2,1,1
54828603,23,11,12,18,8,10,5,3,2,11,5,6,22,10,12,23,11,12,0,0,0,0,0,0
54828604,85,44,41,85,44,41,0,0,0,47,28,19,83,44,39,83,43,40,0,0,0,2,1,1
54852901,177,81,96,176,80,96,1,1,0,97,48,49,165,76,89,177,81,96,0,0,0,0,0,0
56888101,157,79,78,157,79,78,0,0,0,85,47,38,149,74,75,151,74,77,0,0,0,6,5,1
54818901,197,98,99,197,98,99,0,0,0,96,57,39,185,92,93,193,95,98,0,0,0,4,3,1
56889901,81,40,41,81,40,41,0,0,0,45,27,18,81,40,41,81,40,41,0,0,0,0,0,0
56889902,20,10,10,20,10,10,0,0,0,12,7,5,20,10,10,20,10,10,0,0,0,0,0,0
56889903,24,13,11,24,13,11,0,0,0,8,6,2,21,11,10,15,8,7,0,0,0,9,5,4
56889905,75,31,44,75,31,44,0,0,0,36,13,23,75,31,44,72,29,43,0,0,0,3,2,1
56890201,140,74,66,140,74,66,0,0,0,66,46,20,134,71,63,140,74,66,0,0,0,0,0,0
56890203,578,289,289,578,289,289,0,0,0,287,157,130,544,273,271,571,285,286,0,0,0,7,4,3
56890204,82,40,42,82,40,42,0,0,0,32,18,14,77,38,39,72,36,36,0,0,0,10,4,6
54861801,51,25,26,51,25,26,0,0,0,22,13,9,49,25,24,51,25,26,0,0,0,0,0,0
54861802,58,29,29,58,29,29,0,0,0,19,14,5,58,29,29,58,29,29,0,0,0,0,0,0
56892901,49,27,22,49,27,22,0,0,0,32,19,13,45,25,20,49,27,22,0,0,0,0,0,0
56892903,83,41,42,83,41,42,0,0,0,35,21,14,81,39,42,65,31,34,1,0,1,17,10,7
56892904,38,21,17,38,21,17,0,0,0,16,9,7,35,18,17,34,19,15,0,0,0,4,2,2
56892905,52,27,25,52,27,25,0,0,0,32,17,15,52,27,25,50,26,24,0,0,0,2,1,1
56892907,23,12,11,23,12,11,0,0,0,11,7,4,21,11,10,22,11,11,0,0,0,1,1,0
56892908,176,92,84,175,91,84,1,1,0,104,56,48,174,92,82,173,90,83,0,0,0,3,2,1
56892909,31,15,16,31,15,16,0,0,0,16,10,6,28,14,14,31,15,16,0,0,0,0,0,0
56892910,46,24,22,46,24,22,0,0,0,26,16,10,42,23,19,44,23,21,0,0,0,2,1,1
56892911,21,11,10,21,11,10,0,0,0,8,6,2,21,11,10,21,11,10,0,0,0,0,0,0
56893701,119,60,59,119,60,59,0,0,0,56,34,22,115,56,59,111,56,55,0,0,0,8,4,4
56894501,67,31,36,66,30,36,1,1,0,39,19,20,60,29,31,67,31,36,0,0,0,0,0,0
56894502,1268,648,620,1265,646,619,3,2,1,753,406,347,1218,621,597,1254,639,615,10,5,5,4,4,0
56894503,183,100,83,182,99,83,1,1,0,78,50,28,172,94,78,171,92,79,0,0,0,12,8,4
54857001,109,61,48,109,61,48,0,0,0,62,42,20,105,57,48,103,57,46,0,0,0,6,4,2
56895302,157,85,72,157,85,72,0,0,0,76,50,26,151,82,69,154,83,71,0,0,0,3,2,1
56895303,64,33,31,63,33,30,1,0,1,33,21,12,63,33,30,60,32,28,0,0,0,4,1,3
54830801,118,66,52,118,66,52,0,0,0,68,43,25,114,65,49,111,63,48,0,0,0,7,3,4
54830802,28,18,10,28,18,10,0,0,0,11,8,3,28,18,10,18,11,7,0,0,0,10,7,3
56897001,95,47,48,95,47,48,0,0,0,57,34,23,90,44,46,94,46,48,0,0,0,1,1,0
54848101,25,15,10,25,15,10,0,0,0,9,7,2,25,15,10,25,15,10,0,0,0,0,0,0
54848102,29,15,14,27,14,13,2,1,1,13,9,4,23,11,12,27,14,13,0,0,0,2,1,1
3120450,0,0,0,0,0,0,0,0,0,0,0,0,0,0,0,0,0,0,0,0,0,0,0,0
56898801,201,102,99,200,102,98,1,0,1,118,65,53,201,102,99,201,102,99,0,0,0,0,0,0
56898802,91,44,47,91,44,47,0,0,0,59,34,25,89,43,46,91,44,47,0,0,0,0,0,0
56898803,45,21,24,41,19,22,4,2,2,21,10,11,41,19,22,45,21,24,0,0,0,0,0,0
56898804,486,244,242,484,243,241,2,1,1,215,115,100,471,238,233,485,243,242,0,0,0,1,1,0
56898805,485,253,232,474,248,226,8,4,4,230,139,91,454,238,216,444,220,224,3,3,0,38,30,8
56898806,659,320,339,653,316,337,5,4,1,357,191,166,639,310,329,658,319,339,0,0,0,1,1,0
56898807,89,63,26,87,62,25,0,0,0,7,3,4,64,47,17,13,6,7,75,57,18,1,0,1
56898808,1138,571,567,1125,562,563,12,8,4,582,317,265,1095,545,550,1133,566,567,5,5,0,0,0,0
56898809,1614,745,869,1594,730,864,19,15,4,694,355,339,1527,711,816,1614,745,869,0,0,0,0,0,0
56899601,83,39,44,83,39,44,0,0,0,40,23,17,73,35,38,83,39,44,0,0,0,0,0,0
56901101,64,31,33,64,31,33,0,0,0,29,16,13,58,29,29,62,30,32,0,0,0,2,1,1
56901102,368,182,186,367,181,186,1,1,0,192,101,91,354,174,180,356,175,181,0,0,0,12,7,5
56901103,40,22,18,40,22,18,0,0,0,16,12,4,34,19,15,40,22,18,0,0,0,0,0,0
56901104,41,19,22,41,19,22,0,0,0,21,9,12,38,19,19,41,19,22,0,0,0,0,0,0
56902003,61,28,33,61,28,33,0,0,0,34,20,14,57,25,32,59,27,32,0,0,0,2,1,1
56902004,49,25,24,49,25,24,0,0,0,29,17,12,48,24,24,38,21,17,0,0,0,11,4,7
56902007,59,33,26,59,33,26,0,0,0,30,20,10,55,31,24,59,33,26,0,0,0,0,0,0
56902008,571,281,290,569,279,290,2,2,0,297,157,140,550,272,278,565,277,288,0,0,0,6,4,2
56902009,83,45,38,83,45,38,0,0,0,40,24,16,80,42,38,83,45,38,0,0,0,0,0,0
56903801,160,84,76,157,82,75,3,2,1,80,48,32,153,79,74,158,82,76,0,0,0,2,2,0
56903802,31,13,18,31,13,18,0,0,0,15,6,9,28,12,16,31,13,18,0,0,0,0,0,0
56903803,811,401,410,805,398,407,6,3,3,473,253,220,779,387,392,804,396,408,0,0,0,7,5,2
56903804,136,68,68,132,67,65,4,1,3,59,30,29,131,66,65,134,67,67,0,0,0,2,1,1
56904601,29,16,13,28,15,13,1,1,0,11,7,4,28,15,13,22,12,10,3,2,1,4,2,2
56904602,537,292,245,533,288,245,4,4,0,189,110,79,507,274,233,489,261,228,11,6,5,37,25,12
56904603,32,18,14,31,17,14,1,1,0,15,9,6,30,17,13,31,17,14,0,0,0,1,1,0
56906201,29,10,19,29,10,19,0,0,0,18,7,11,23,10,13,29,10,19,0,0,0,0,0,0
56906202,555,288,267,554,287,267,1,1,0,310,182,128,531,274,257,541,282,259,0,0,0,14,6,8
56906203,28,13,15,28,13,15,0,0,0,14,6,8,24,11,13,28,13,15,0,0,0,0,0,0
56907101,201,101,100,201,101,100,0,0,0,115,66,49,195,98,97,197,97,100,0,0,0,4,4,0
56908901,40,22,18,40,22,18,0,0,0,21,13,8,39,21,18,40,22,18,0,0,0,0,0,0
56908903,25,12,13,25,12,13,0,0,0,14,7,7,24,11,13,25,12,13,0,0,0,0,0,0
56908904,55,34,21,54,33,21,1,1,0,24,18,6,53,33,20,55,34,21,0,0,0,0,0,0
56908905,26,12,14,26,12,14,0,0,0,13,6,7,25,12,13,26,12,14,0,0,0,0,0,0
56908906,425,208,217,421,205,216,4,3,1,189,99,90,412,198,214,424,207,217,0,0,0,1,1,0
56908907,33,17,16,32,16,16,1,1,0,15,7,8,31,16,15,24,13,11,0,0,0,9,4,5
54831601,224,119,105,213,111,102,11,8,3,102,52,50,204,104,100,223,119,104,0,0,0,1,0,1
56912701,155,79,76,155,79,76,0,0,0,71,41,30,152,76,76,155,79,76,0,0,0,0,0,0
54819701,66,31,35,65,30,35,1,1,0,22,11,11,62,30,32,66,31,35,0,0,0,0,0,0
56916001,499,252,247,498,252,246,0,0,0,258,145,113,475,245,230,466,237,229,31,14,17,2,1,1
56916002,41,21,20,41,21,20,0,0,0,17,12,5,40,21,19,41,21,20,0,0,0,0,0,0
56915101,114,54,60,114,54,60,0,0,0,55,31,24,113,54,59,113,53,60,0,0,0,1,1,0
55526601,504,250,254,504,250,254,0,0,0,240,124,116,487,243,244,499,247,252,0,0,0,5,3,2
55526602,26,17,9,25,17,8,0,0,0,9,7,2,20,13,7,23,14,9,0,0,0,3,3,0
56918601,187,95,92,187,95,92,0,0,0,113,66,47,179,90,89,184,93,91,0,0,0,3,2,1
56918602,755,380,375,754,379,375,1,1,0,365,193,172,736,368,368,733,367,366,2,2,0,20,11,9
56918603,54,26,28,54,26,28,0,0,0,7,6,1,46,22,24,54,26,28,0,0,0,0,0,0
56918604,137,63,74,137,63,74,0,0,0,80,42,38,134,62,72,137,63,74,0,0,0,0,0,0
56918605,118,55,63,118,55,63,0,0,0,59,30,29,110,51,59,116,54,62,0,0,0,2,1,1
56918606,82,36,46,82,36,46,0,0,0,43,24,19,81,36,45,82,36,46,0,0,0,0,0,0
56918607,25,14,11,25,14,11,0,0,0,10,7,3,25,14,11,25,14,11,0,0,0,0,0,0
54858801,248,123,125,246,121,125,1,1,0,126,61,65,240,117,123,242,118,124,0,0,0,6,5,1
54858802,26,12,14,26,12,14,0,0,0,10,3,7,26,12,14,26,12,14,0,0,0,0,0,0
56920801,192,96,96,191,95,96,1,1,0,116,63,53,183,94,89,191,95,96,0,0,0,1,1,0
56921601,379,182,197,378,182,196,1,0,1,199,104,95,363,173,190,378,182,196,0,0,0,1,0,1
54835901,146,73,73,146,73,73,0,0,0,66,39,27,143,73,70,141,69,72,0,0,0,5,4,1
56922401,353,175,178,353,175,178,0,0,0,201,111,90,344,172,172,349,174,175,0,0,0,4,1,3
56923201,175,88,87,175,88,87,0,0,0,90,55,35,158,78,80,175,88,87,0,0,0,0,0,0
56924102,120,64,56,118,62,56,2,2,0,44,33,11,117,64,53,120,64,56,0,0,0,0,0,0
54863402,52,29,23,52,29,23,0,0,0,26,17,9,50,29,21,52,29,23,0,0,0,0,0,0
54863403,78,42,36,78,42,36,0,0,0,41,26,15,70,38,32,77,41,36,0,0,0,1,1,0
54825101,123,64,59,122,63,59,1,1,0,48,27,21,121,62,59,105,54,51,0,0,0,18,10,8
56929101,595,292,303,594,292,302,1,0,1,323,168,155,571,283,288,590,287,303,0,0,0,5,5,0
56929102,41,23,18,41,23,18,0,0,0,19,10,9,35,19,16,38,22,16,0,0,0,3,1,2
56929103,60,30,30,60,30,30,0,0,0,46,21,25,59,29,30,54,27,27,0,0,0,6,3,3
57359101,75,39,36,75,39,36,0,0,0,30,16,14,65,36,29,69,36,33,0,0,0,6,3,3
56931301,54,26,28,54,26,28,0,0,0,25,16,9,47,22,25,46,22,24,0,0,0,8,4,4
56931302,49,25,24,49,25,24,0,0,0,34,19,15,49,25,24,49,25,24,0,0,0,0,0,0
56931303,36,15,21,36,15,21,0,0,0,25,11,14,35,14,21,36,15,21,0,0,0,0,0,0
56932101,101,47,54,101,47,54,0,0,0,60,34,26,99,47,52,101,47,54,0,0,0,0,0,0
56932102,165,95,70,164,94,70,0,0,0,93,60,33,160,90,70,165,95,70,0,0,0,0,0,0
56932103,198,101,97,198,101,97,0,0,0,138,72,66,189,98,91,198,101,97,0,0,0,0,0,0
56932104,97,53,44,97,53,44,0,0,0,58,39,19,96,53,43,97,53,44,0,0,0,0,0,0
56932105,83,41,42,83,41,42,0,0,0,52,32,20,80,40,40,83,41,42,0,0,0,0,0,0
56932106,90,42,48,90,42,48,0,0,0,54,21,33,89,41,48,90,42,48,0,0,0,0,0,0
56932107,32,12,20,31,11,20,1,1,0,15,5,10,32,12,20,30,11,19,0,0,0,2,1,1
56932108,2845,1411,1434,2814,1389,1425,30,22,8,1708,906,802,2732,1362,1370,2796,1379,1417,21,7,14,28,25,3
56932109,49,23,26,49,23,26,0,0,0,41,21,20,48,22,26,45,22,23,0,0,0,4,1,3
56932110,110,56,54,110,56,54,0,0,0,54,34,20,108,55,53,107,55,52,0,0,0,3,1,2
56932111,53,28,25,52,27,25,1,1,0,37,20,17,52,28,24,53,28,25,0,0,0,0,0,0
56934801,417,209,208,414,206,208,3,3,0,177,108,69,397,198,199,412,205,207,0,0,0,5,4,1
56936401,159,85,74,159,85,74,0,0,0,97,58,39,153,84,69,158,84,74,0,0,0,1,1,0
56939901,31,15,16,31,15,16,0,0,0,16,9,7,31,15,16,31,15,16,0,0,0,0,0,0
56939902,449,230,219,448,229,219,1,1,0,245,141,104,428,219,209,440,226,214,0,0,0,9,4,5
56940201,29,14,15,29,14,15,0,0,0,10,4,6,27,13,14,24,10,14,1,0,1,4,4,0
56940202,136,69,67,136,69,67,0,0,0,61,36,25,132,67,65,136,69,67,0,0,0,0,0,0
56941101,69,36,33,69,36,33,0,0,0,23,14,9,62,31,31,69,36,33,0,0,0,0,0,0
56942901,309,163,146,308,162,146,1,1,0,178,113,65,302,161,141,302,159,143,0,0,0,7,4,3
54842101,168,86,82,168,86,82,0,0,0,101,58,43,161,82,79,167,85,82,0,0,0,1,1,0
54842102,113,54,59,111,53,58,2,1,1,67,33,34,110,53,57,102,50,52,0,0,0,11,4,7
54832401,90,46,44,90,46,44,0,0,0,39,26,13,85,44,41,82,43,39,0,0,0,8,3,5
56946102,95,47,48,95,47,48,0,0,0,51,29,22,89,45,44,92,45,47,0,0,0,3,2,1
56946103,78,35,43,71,33,38,4,2,2,30,16,14,76,34,42,78,35,43,0,0,0,0,0,0
56947001,290,148,142,290,148,142,0,0,0,152,91,61,278,141,137,275,142,133,0,0,0,15,6,9
54855301,113,64,49,109,61,48,4,3,1,61,33,28,111,63,48,100,55,45,0,0,0,13,9,4
1501770,0,0,0,0,0,0,0,0,0,0,0,0,0,0,0,0,0,0,0,0,0,0,0,0
56948801,25,13,12,25,13,12,0,0,0,17,11,6,25,13,12,25,13,12,0,0,0,0,0,0
56948804,128,70,58,128,70,58,0,0,0,68,45,23,121,67,54,117,64,53,0,0,0,11,6,5
56948805,141,71,70,139,70,69,2,1,1,60,27,33,133,66,67,137,68,69,2,1,1,2,2,0
54834101,67,38,29,66,37,29,1,1,0,24,15,9,58,31,27,56,32,24,0,0,0,11,6,5
54849901,41,21,20,41,21,20,0,0,0,20,11,9,41,21,20,41,21,20,0,0,0,0,0,0
57360401,76,41,35,76,41,35,0,0,0,38,23,15,74,40,34,76,41,35,0,0,0,0,0,0
57360402,66,27,39,66,27,39,0,0,0,27,13,14,65,26,39,55,23,32,5,1,4,6,3,3
56951801,20,13,7,20,13,7,0,0,0,13,11,2,18,12,6,18,12,6,0,0,0,2,1,1
56951802,630,324,306,629,323,306,1,1,0,333,176,157,602,309,293,622,316,306,0,0,0,8,8,0
56951803,60,31,29,60,31,29,0,0,0,29,15,14,58,30,28,56,29,27,0,0,0,4,2,2
56953401,253,132,121,253,132,121,0,0,0,144,88,56,244,128,116,252,132,120,0,0,0,1,0,1
56956902,52,26,26,52,26,26,0,0,0,19,11,8,50,25,25,52,26,26,0,0,0,0,0,0
56956904,59,28,31,59,28,31,0,0,0,39,19,20,56,26,30,58,27,31,0,0,0,1,1,0
56956905,138,63,75,136,62,74,2,1,1,93,45,48,133,62,71,138,63,75,0,0,0,0,0,0
56956906,77,41,36,77,41,36,0,0,0,49,29,20,72,39,33,75,40,35,0,0,0,2,1,1
56956907,59,30,29,59,30,29,0,0,0,27,13,14,57,29,28,52,27,25,0,0,0,7,3,4
56956908,106,51,55,106,51,55,0,0,0,61,29,32,104,50,54,102,49,53,0,0,0,4,2,2
56956909,64,30,34,64,30,34,0,0,0,30,20,10,61,28,33,61,29,32,0,0,0,3,1,2
56956910,30,15,15,30,15,15,0,0,0,12,9,3,22,12,10,18,10,8,0,0,0,12,5,7
56956911,38,21,17,38,21,17,0,0,0,22,15,7,34,19,15,36,19,17,0,0,0,2,2,0
56956912,159,77,82,158,77,81,1,0,1,97,56,41,145,70,75,157,76,81,0,0,0,2,1,1
56956913,125,67,58,125,67,58,0,0,0,56,31,25,123,65,58,124,66,58,1,1,0,0,0,0
56956914,221,113,108,218,112,106,3,1,2,92,50,42,209,108,101,221,113,108,0,0,0,0,0,0
56956915,43,21,22,43,21,22,0,0,0,25,12,13,42,21,21,43,21,22,0,0,0,0,0,0
56956916,87,44,43,87,44,43,0,0,0,55,30,25,83,42,41,87,44,43,0,0,0,0,0,0
56956918,108,55,53,108,55,53,0,0,0,68,39,29,107,55,52,108,55,53,0,0,0,0,0,0
56956919,4579,2203,2376,4537,2183,2354,37,17,20,2122,1084,1038,4377,2102,2275,4389,2123,2266,130,33,97,60,47,13
56956920,909,99,810,884,99,785,1,0,1,14,7,7,395,17,378,0,0,0,909,99,810,0,0,0
56956921,104,51,53,104,51,53,0,0,0,59,26,33,99,47,52,104,51,53,0,0,0,0,0,0
56956922,99,52,47,99,52,47,0,0,0,66,38,28,97,50,47,99,52,47,0,0,0,0,0,0
56956923,31,17,14,29,16,13,2,1,1,16,10,6,31,17,14,31,17,14,0,0,0,0,0,0
56956924,49,23,26,49,23,26,0,0,0,27,12,15,42,21,21,49,23,26,0,0,0,0,0,0
56958501,52,29,23,52,29,23,0,0,0,27,18,9,46,27,19,52,29,23,0,0,0,0,0,0
56958502,42,20,22,40,18,22,0,0,0,19,9,10,39,18,21,42,20,22,0,0,0,0,0,0
56958503,682,350,332,676,347,329,6,3,3,310,163,147,652,335,317,675,345,330,0,0,0,7,5,2
56959301,107,54,53,107,54,53,0,0,0,51,27,24,105,52,53,102,50,52,0,0,0,5,4,1
56959302,97,51,46,97,51,46,0,0,0,57,31,26,96,50,46,97,51,46,0,0,0,0,0,0
56959303,110,56,54,110,56,54,0,0,0,57,30,27,105,55,50,108,55,53,0,0,0,2,1,1
56959304,78,40,38,78,40,38,0,0,0,40,23,17,75,40,35,74,38,36,0,0,0,4,2,2
56959305,1394,703,691,1393,703,690,1,0,1,686,369,317,1337,671,666,1330,674,656,22,6,16,42,23,19
56959306,117,62,55,116,62,54,1,0,1,30,16,14,105,54,51,114,60,54,0,0,0,3,2,1
56961501,76,37,39,74,36,38,2,1,1,37,17,20,73,35,38,76,37,39,0,0,0,0,0,0
56961502,292,150,142,292,150,142,0,0,0,169,98,71,286,147,139,288,148,140,0,0,0,4,2,2
56962301,26,14,12,26,14,12,0,0,0,15,11,4,25,13,12,26,14,12,0,0,0,0,0,0
56962302,52,28,24,52,28,24,0,0,0,17,9,8,49,26,23,45,23,22,0,0,0,7,5,2
56962303,52,28,24,52,28,24,0,0,0,30,19,11,47,26,21,52,28,24,0,0,0,0,0,0
56962304,36,15,21,36,15,21,0,0,0,19,10,9,35,14,21,25,12,13,0,0,0,11,3,8
56964001,32,17,15,32,17,15,0,0,0,19,12,7,31,17,14,32,17,15,0,0,0,0,0,0
56964002,62,29,33,60,29,31,0,0,0,32,17,15,59,28,31,60,28,32,0,0,0,2,1,1
56964003,91,46,45,91,46,45,0,0,0,54,31,23,86,44,42,91,46,45,0,0,0,0,0,0
56964004,320,162,158,317,160,157,2,1,1,143,76,67,303,154,149,317,161,156,0,0,0,3,1,2
54853701,48,24,24,48,24,24,0,0,0,26,13,13,46,24,22,48,24,24,0,0,0,0,0,0
56965801,83,43,40,82,42,40,1,1,0,41,20,21,80,41,39,80,41,39,0,0,0,3,2,1
56965802,20,12,8,20,12,8,0,0,0,7,5,2,18,11,7,18,11,7,0,0,0,2,1,1
56965803,573,283,290,570,281,289,3,2,1,277,150,127,538,265,273,546,271,275,0,0,0,27,12,15
56967401,74,31,43,74,31,43,0,0,0,49,20,29,71,29,42,74,31,43,0,0,0,0,0,0
56967402,242,108,134,242,108,134,0,0,0,141,69,72,222,97,125,234,105,129,0,0,0,8,3,5
56968201,580,293,287,577,291,286,2,2,0,322,172,150,545,274,271,570,286,284,0,0,0,10,7,3
56969101,40,18,22,40,18,22,0,0,0,20,11,9,40,18,22,40,18,22,0,0,0,0,0,0
56969102,99,52,47,99,52,47,0,0,0,59,31,28,95,50,45,92,48,44,0,0,0,7,4,3
56969103,99,54,45,99,54,45,0,0,0,61,32,29,94,51,43,95,51,44,0,0,0,4,3,1
56969105,572,292,280,569,291,278,2,1,1,245,129,116,544,275,269,475,239,236,92,49,43,5,4,1
56970401,161,81,80,161,81,80,0,0,0,93,52,41,155,79,76,156,78,78,0,0,0,5,3,2
56970402,249,120,129,249,120,129,0,0,0,144,79,65,233,112,121,233,114,119,10,3,7,6,3,3
56971201,32,14,18,32,14,18,0,0,0,12,7,5,32,14,18,32,14,18,0,0,0,0,0,0
56971203,65,31,34,64,30,34,1,1,0,33,14,19,60,29,31,64,30,34,0,0,0,1,1,0
56971205,195,94,101,194,93,101,1,1,0,94,48,46,180,87,93,189,90,99,0,0,0,6,4,2
56971206,516,254,262,513,252,261,3,2,1,229,126,103,493,243,250,503,244,259,0,0,0,13,10,3
56971207,36,17,19,36,17,19,0,0,0,20,10,10,33,16,17,36,17,19,0,0,0,0,0,0
56971208,27,12,15,26,12,14,1,0,1,6,3,3,25,11,14,25,11,14,0,0,0,2,1,1
56971209,60,25,35,60,25,35,0,0,0,23,11,12,59,24,35,60,25,35,0,0,0,0,0,0
56972101,256,128,128,256,128,128,0,0,0,118,60,58,238,116,122,254,127,127,0,0,0,2,1,1
57358201,169,86,83,169,86,83,0,0,0,93,51,42,165,82,83,169,86,83,0,0,0,0,0,0
56973901,42,23,19,42,23,19,0,0,0,20,16,4,40,22,18,41,22,19,0,0,0,1,1,0
53065402,51,25,26,51,25,26,0,0,0,16,5,11,49,24,25,45,22,23,0,0,0,6,3,3
53065403,198,97,101,198,97,101,0,0,0,86,47,39,189,93,96,196,95,101,0,0,0,2,2,0
54862601,69,30,39,68,29,39,0,0,0,38,18,20,64,28,36,69,30,39,0,0,0,0,0,0
53066201,145,70,75,145,70,75,0,0,0,82,45,37,143,69,74,144,69,75,0,0,0,1,1,0
3395800,0,0,0,0,0,0,0,0,0,0,0,0,0,0,0,0,0,0,0,0,0,0,0,0
56978001,235,117,118,233,116,117,2,1,1,135,72,63,230,113,117,227,113,114,0,0,0,8,4,4
56978002,116,55,61,114,55,59,1,0,1,54,28,26,113,53,60,116,55,61,0,0,0,0,0,0
56978003,36,23,13,36,23,13,0,0,0,21,13,8,36,23,13,35,22,13,0,0,0,1,1,0
56978004,93,45,48,93,45,48,0,0,0,40,19,21,90,44,46,90,44,46,0,0,0,3,1,2
56978005,141,65,76,141,65,76,0,0,0,86,39,47,135,63,72,137,62,75,0,0,0,4,3,1
56978006,89,43,46,89,43,46,0,0,0,51,28,23,87,41,46,89,43,46,0,0,0,0,0,0
56978007,93,50,43,93,50,43,0,0,0,53,29,24,91,48,43,92,49,43,1,1,0,0,0,0
56978008,2166,1051,1115,2159,1047,1112,7,4,3,1112,578,534,2099,1020,1079,2098,1022,1076,49,14,35,19,15,4
56978009,25,13,12,25,13,12,0,0,0,7,5,2,24,13,11,20,10,10,0,0,0,5,3,2
56980101,35,15,20,35,15,20,0,0,0,25,12,13,32,14,18,35,15,20,0,0,0,0,0,0
56980103,348,167,181,346,165,181,2,2,0,212,114,98,322,156,166,347,166,181,0,0,0,1,1,0
58685401,174,91,83,174,91,83,0,0,0,110,63,47,161,83,78,174,91,83,0,0,0,0,0,0
58686201,157,75,82,157,75,82,0,0,0,101,50,51,151,72,79,157,75,82,0,0,0,0,0,0
58686202,1626,819,807,1612,809,803,12,9,3,922,493,429,1568,785,783,1605,804,801,3,1,2,18,14,4
58686203,98,50,48,98,50,48,0,0,0,48,24,24,93,49,44,98,50,48,0,0,0,0,0,0
58686204,102,56,46,102,56,46,0,0,0,64,36,28,102,56,46,101,56,45,0,0,0,1,0,1
58686205,188,95,93,188,95,93,0,0,0,133,69,64,182,92,90,188,95,93,0,0,0,0,0,0
58686206,105,53,52,105,53,52,0,0,0,63,32,31,98,50,48,103,51,52,0,0,0,2,2,0
58688901,289,146,143,288,146,142,1,0,1,107,55,52,271,136,135,289,146,143,0,0,0,0,0,0
58689701,21,10,11,20,10,10,1,0,1,10,7,3,19,9,10,0,0,0,0,0,0,21,10,11
58689702,105,54,51,105,54,51,0,0,0,68,39,29,103,53,50,102,53,49,0,0,0,3,1,2
58689703,208,106,102,203,104,99,5,2,3,102,56,46,201,102,99,204,102,102,0,0,0,4,4,0
58689704,69,32,37,68,31,37,1,1,0,33,13,20,66,30,36,69,32,37,0,0,0,0,0,0
58690101,118,69,49,117,69,48,1,0,1,47,30,17,112,65,47,109,62,47,6,6,0,3,1,2
58718401,77,38,39,77,38,39,0,0,0,37,21,16,76,37,39,77,38,39,0,0,0,0,0,0
58692701,31,17,14,31,17,14,0,0,0,18,11,7,29,16,13,31,17,14,0,0,0,0,0,0
58692702,127,59,68,127,59,68,0,0,0,56,20,36,124,58,66,121,54,67,0,0,0,6,5,1
58694301,2385,1178,1207,2370,1166,1204,12,10,2,1358,711,647,2273,1131,1142,2326,1137,1189,8,4,4,51,37,14
58694302,138,70,68,138,70,68,0,0,0,101,59,42,130,65,65,137,69,68,0,0,0,1,1,0
58694303,83,44,39,83,44,39,0,0,0,51,29,22,77,42,35,83,44,39,0,0,0,0,0,0
58694304,86,48,38,86,48,38,0,0,0,46,30,16,85,47,38,79,43,36,0,0,0,7,5,2
58694305,29,15,14,29,15,14,0,0,0,14,8,6,28,15,13,27,14,13,0,0,0,2,1,1
58694306,218,115,103,217,114,103,0,0,0,156,92,64,217,114,103,215,113,102,0,0,0,3,2,1
58694307,238,122,116,237,121,116,1,1,0,146,84,62,227,117,110,218,113,105,0,0,0,20,9,11
58694308,55,29,26,55,29,26,0,0,0,41,21,20,54,28,26,55,29,26,0,0,0,0,0,0
58694309,71,37,34,71,37,34,0,0,0,37,24,13,68,37,31,66,34,32,0,0,0,5,3,2
58694310,320,161,159,320,161,159,0,0,0,193,103,90,314,158,156,304,155,149,0,0,0,16,6,10
58694311,89,47,42,89,47,42,0,0,0,53,34,19,84,45,39,78,41,37,0,0,0,11,6,5
59037101,97,47,50,96,46,50,1,1,0,54,30,24,90,44,46,97,47,50,0,0,0,0,0,0
58695101,304,152,152,289,145,144,13,7,6,187,107,80,276,139,137,303,151,152,0,0,0,1,1,0
58697802,489,245,244,486,244,242,2,1,1,214,101,113,463,231,232,476,238,238,0,0,0,13,7,6
58697803,27,12,15,26,12,14,1,0,1,9,2,7,27,12,15,11,6,5,1,0,1,15,6,9
58698601,122,59,63,121,58,63,1,1,0,60,31,29,109,53,56,108,53,55,1,1,0,13,5,8
58698602,74,35,39,74,35,39,0,0,0,24,11,13,58,26,32,74,35,39,0,0,0,0,0,0
58700101,61,33,28,61,33,28,0,0,0,36,21,15,57,31,26,61,33,28,0,0,0,0,0,0
58700102,30,17,13,29,17,12,1,0,1,19,11,8,27,16,11,30,17,13,0,0,0,0,0,0
58700103,20,11,9,20,11,9,0,0,0,10,9,1,19,10,9,20,11,9,0,0,0,0,0,0
58711701,70,36,34,70,36,34,0,0,0,25,18,7,68,36,32,70,36,34,0,0,0,0,0,0
58711702,136,62,74,136,62,74,0,0,0,49,23,26,127,59,68,133,59,74,0,0,0,3,3,0
58711703,80,41,39,79,40,39,1,1,0,12,6,6,76,39,37,0,0,0,0,0,0,80,41,39
58701001,372,196,176,369,195,174,3,1,2,195,119,76,357,187,170,355,186,169,0,0,0,17,10,7
58702801,1384,689,695,1376,683,693,8,6,2,734,390,344,1334,663,671,1354,668,686,1,1,0,29,20,9
58702802,37,21,16,37,21,16,0,0,0,14,10,4,37,21,16,37,21,16,0,0,0,0,0,0
58702803,379,199,180,375,196,179,3,3,0,199,114,85,367,193,174,373,196,177,0,0,0,6,3,3
58703601,282,142,140,282,142,140,0,0,0,163,79,84,272,134,138,278,138,140,0,0,0,4,4,0
58704401,890,451,439,868,429,439,20,20,0,434,225,209,844,427,417,864,436,428,0,0,0,26,15,11
58704402,252,129,123,251,129,122,0,0,0,85,43,42,243,123,120,252,129,123,0,0,0,0,0,0
58704403,76,40,36,76,40,36,0,0,0,37,23,14,74,39,35,76,40,36,0,0,0,0,0,0
58706101,99,46,53,99,46,53,0,0,0,57,33,24,96,43,53,99,46,53,0,0,0,0,0,0
58707901,96,49,47,96,49,47,0,0,0,45,28,17,89,45,44,96,49,47,0,0,0,0,0,0
58708701,34,18,16,34,18,16,0,0,0,20,14,6,34,18,16,34,18,16,0,0,0,0,0,0
58708702,141,77,64,141,77,64,0,0,0,76,49,27,135,73,62,139,75,64,0,0,0,2,2,0
58709501,463,237,226,462,236,226,1,1,0,194,110,84,444,227,217,460,235,225,0,0,0,3,2,1
50672901,215,107,108,215,107,108,0,0,0,96,44,52,204,104,100,149,71,78,0,0,0,66,36,30
58710901,28,12,16,28,12,16,0,0,0,14,7,7,28,12,16,28,12,16,0,0,0,0,0,0
58710902,52,27,25,52,27,25,0,0,0,26,16,10,49,26,23,51,26,25,0,0,0,1,1,0
58710903,27,13,14,27,13,14,0,0,0,16,7,9,26,13,13,27,13,14,0,0,0,0,0,0
58710904,24,14,10,24,14,10,0,0,0,4,4,0,21,13,8,24,14,10,0,0,0,0,0,0
58712501,170,96,74,170,96,74,0,0,0,82,59,23,167,94,73,164,92,72,1,1,0,5,3,2
58714101,682,330,352,677,326,351,5,4,1,363,194,169,659,317,342,681,329,352,0,0,0,1,1,0
58715001,76,37,39,76,37,39,0,0,0,42,26,16,76,37,39,73,35,38,0,0,0,3,2,1
58715002,42,26,16,42,26,16,0,0,0,16,10,6,42,26,16,42,26,16,0,0,0,0,0,0
58715003,27,14,13,27,14,13,0,0,0,13,6,7,26,13,13,26,13,13,0,0,0,1,1,0
58716801,309,172,137,309,172,137,0,0,0,102,69,33,295,163,132,295,162,133,13,9,4,1,1,0
58716802,197,108,89,197,108,89,0,0,0,97,54,43,192,104,88,186,98,88,2,1,1,9,9,0
58716803,44,19,25,44,19,25,0,0,0,27,10,17,42,18,24,44,19,25,0,0,0,0,0,0
58720601,88,46,42,86,45,41,1,0,1,51,32,19,83,44,39,87,45,42,0,0,0,1,1,0
58719201,66,37,29,66,37,29,0,0,0,32,19,13,59,34,25,43,24,19,3,2,1,20,11,9
58719202,58,32,26,57,31,26,1,1,0,26,17,9,57,32,25,58,32,26,0,0,0,0,0,0
59068101,104,52,52,104,52,52,0,0,0,38,21,17,100,50,50,104,52,52,0,0,0,0,0,0
58722201,60,33,27,57,30,27,3,3,0,34,23,11,55,31,24,56,32,24,0,0,0,4,1,3
58722202,73,37,36,73,37,36,0,0,0,35,20,15,73,37,36,73,37,36,0,0,0,0,0,0
55028101,55,23,32,55,23,32,0,0,0,20,9,11,48,21,27,55,23,32,0,0,0,0,0,0
55028102,30,11,19,30,11,19,0,0,0,11,2,9,30,11,19,29,10,19,0,0,0,1,1,0
55028103,389,197,192,388,196,192,1,1,0,179,100,79,370,194,176,365,185,180,2,0,2,22,12,10
58724902,555,281,274,517,278,239,38,3,35,283,161,122,529,270,259,517,272,245,30,5,25,8,4,4
58726501,167,85,82,164,83,81,1,1,0,96,53,43,158,81,77,163,84,79,0,0,0,4,1,3
58727301,236,123,113,233,122,111,3,1,2,127,73,54,225,116,109,236,123,113,0,0,0,0,0,0
58728101,112,61,51,110,60,50,2,1,1,57,33,24,109,58,51,108,58,50,0,0,0,4,3,1
0597492,0,0,0,0,0,0,0,0,0,0,0,0,0,0,0,0,0,0,0,0,0,0,0,0
0598712,0,0,0,0,0,0,0,0,0,0,0,0,0,0,0,0,0,0,0,0,0,0,0,0
3041400,0,0,0,0,0,0,0,0,0,0,0,0,0,0,0,0,0,0,0,0,0,0,0,0
3041820,0,0,0,0,0,0,0,0,0,0,0,0,0,0,0,0,0,0,0,0,0,0,0,0
3285110,0,0,0,0,0,0,0,0,0,0,0,0,0,0,0,0,0,0,0,0,0,0,0,0
58684601,201,93,108,197,91,106,4,2,2,139,65,74,196,91,105,201,93,108,0,0,0,0,0,0
58684603,404,192,212,401,190,211,3,2,1,252,125,127,364,175,189,404,192,212,0,0,0,0,0,0
58684604,1743,844,899,1725,832,893,17,11,6,1064,541,523,1698,819,879,1742,844,898,0,0,0,1,0,1
58684605,1648,803,845,1596,771,825,47,27,20,937,459,478,1562,761,801,1647,802,845,0,0,0,1,1,0
58684606,145,75,70,145,75,70,0,0,0,86,43,43,138,73,65,145,75,70,0,0,0,0,0,0
58684607,32,14,18,32,14,18,0,0,0,22,12,10,32,14,18,3,1,2,0,0,0,29,13,16
58684608,180,85,95,179,84,95,1,1,0,116,57,59,171,81,90,170,81,89,2,1,1,8,3,5
58684610,606,322,284,570,292,278,36,30,6,349,173,176,561,293,268,485,243,242,41,36,5,80,43,37
58684611,639,312,327,634,308,326,5,4,1,406,201,205,625,304,321,638,311,327,0,0,0,1,1,0
58684612,397,196,201,384,189,195,12,6,6,266,138,128,387,191,196,393,193,200,0,0,0,4,3,1
58684613,111,55,56,111,55,56,0,0,0,74,40,34,108,54,54,95,46,49,0,0,0,16,9,7
58684614,1015,504,511,985,484,501,29,19,10,619,307,312,977,487,490,1001,497,504,14,7,7,0,0,0
58684616,46,24,22,41,21,20,5,3,2,30,15,15,46,24,22,4,2,2,5,3,2,37,19,18
58684617,249,138,111,192,97,95,53,37,16,134,68,66,227,123,104,181,90,91,68,48,20,0,0,0
58684618,170,89,81,168,87,81,1,1,0,116,65,51,161,84,77,165,86,79,5,3,2,0,0,0
58684619,112,51,61,112,51,61,0,0,0,84,40,44,111,50,61,75,33,42,0,0,0,37,18,19
58684620,40,16,24,40,16,24,0,0,0,27,12,15,37,15,22,7,4,3,0,0,0,33,12,21
58684621,122,64,58,122,64,58,0,0,0,81,46,35,120,63,57,103,53,50,0,0,0,19,11,8
58684622,72,36,36,72,36,36,0,0,0,49,25,24,71,35,36,67,33,34,0,0,0,5,3,2
58684623,254,126,128,253,125,128,1,1,0,170,84,86,250,125,125,244,121,123,0,0,0,10,5,5
58684624,458,251,207,382,197,185,71,50,21,248,135,113,418,223,195,380,195,185,78,56,22,0,0,0
58684625,119,62,57,117,61,56,1,0,1,72,39,33,112,60,52,119,62,57,0,0,0,0,0,0
58684626,211,105,106,211,105,106,0,0,0,149,77,72,206,103,103,179,88,91,0,0,0,32,17,15
58684627,7100,3411,3689,6876,3279,3597,195,117,78,3864,1963,1901,6823,3280,3543,7060,3390,3670,36,19,17,4,2,2
58684628,23,12,11,23,12,11,0,0,0,17,9,8,21,11,10,20,10,10,3,2,1,0,0,0
58684629,458,216,242,447,208,239,11,8,3,269,135,134,430,197,233,456,214,242,0,0,0,2,2,0
58684630,3349,1565,1784,3262,1513,1749,85,51,34,1870,925,945,3211,1497,1714,3340,1560,1780,8,4,4,1,1,0
58684631,294,151,143,262,127,135,32,24,8,180,88,92,283,144,139,269,132,137,24,18,6,1,1,0
58684632,73,39,34,73,39,34,0,0,0,38,23,15,70,37,33,19,9,10,0,0,0,54,30,24
58684633,3890,1921,1969,3800,1867,1933,81,50,31,2353,1226,1127,3736,1838,1898,3860,1904,1956,24,13,11,6,4,2
58684634,2886,1397,1489,2848,1374,1474,31,18,13,1747,879,868,2802,1362,1440,2792,1376,1416,94,21,73,0,0,0
58684635,302,117,185,302,117,185,0,0,0,138,65,73,283,109,174,160,77,83,140,39,101,2,1,1
58684638,3170,1613,1557,2948,1450,1498,211,157,54,1790,922,868,2970,1499,1471,2971,1475,1496,194,135,59,5,3,2
58684639,44,20,24,41,17,24,3,3,0,24,11,13,43,20,23,44,20,24,0,0,0,0,0,0
58684640,792,386,406,785,382,403,6,4,2,480,242,238,756,361,395,792,386,406,0,0,0,0,0,0
58684641,264,153,111,263,152,111,1,1,0,78,31,47,156,93,63,2,2,0,262,151,111,0,0,0
58684643,223,109,114,219,107,112,4,2,2,131,68,63,217,107,110,223,109,114,0,0,0,0,0,0
58684644,2276,1123,1153,2217,1083,1134,56,38,18,1301,668,633,2170,1065,1105,2274,1122,1152,0,0,0,2,1,1
58684645,144,64,80,143,63,80,1,1,0,91,39,52,140,62,78,144,64,80,0,0,0,0,0,0
58684646,881,432,449,862,420,442,19,12,7,563,294,269,841,406,435,855,416,439,26,16,10,0,0,0
58684647,71,44,27,45,27,18,21,15,6,24,16,8,60,38,22,40,21,19,31,23,8,0,0,0
58684649,717,351,366,711,348,363,6,3,3,428,213,215,680,329,351,716,350,366,1,1,0,0,0,0
58684650,3245,1550,1695,3149,1490,1659,89,55,34,1841,912,929,3072,1468,1604,3236,1543,1693,2,2,0,7,5,2
58684651,3695,1772,1923,3553,1690,1863,133,77,56,2082,1035,1047,3508,1682,1826,3688,1767,1921,1,1,0,6,4,2
58684653,4130,2235,1895,3944,2131,1813,164,92,72,2275,1213,1062,3862,2093,1769,3248,1600,1648,45,34,11,837,601,236
58684654,125,65,60,124,64,60,1,1,0,84,44,40,120,61,59,79,41,38,0,0,0,46,24,22
58684655,3113,1415,1698,3044,1378,1666,63,34,29,1777,854,923,2999,1359,1640,3092,1403,1689,17,11,6,4,1,3
58684657,284,143,141,284,143,141,0,0,0,200,106,94,276,139,137,284,143,141,0,0,0,0,0,0
58729001,188,98,90,188,98,90,0,0,0,79,47,32,179,94,85,184,96,88,0,0,0,4,2,2
58730301,88,48,40,88,48,40,0,0,0,57,34,23,83,46,37,83,46,37,0,0,0,5,2,3
58732001,120,63,57,120,63,57,0,0,0,76,44,32,113,61,52,116,60,56,0,0,0,4,3,1
58733802,144,75,69,140,72,68,4,3,1,62,29,33,139,73,66,139,72,67,0,0,0,5,3,2
58734601,1361,714,647,1356,711,645,5,3,2,806,447,359,1310,690,620,1337,700,637,2,1,1,22,13,9
58734602,59,27,32,59,27,32,0,0,0,35,16,19,56,27,29,56,26,30,0,0,0,3,1,2
58734603,186,93,93,184,92,92,0,0,0,111,63,48,184,92,92,186,93,93,0,0,0,0,0,0
58734604,290,146,144,290,146,144,0,0,0,154,88,66,276,140,136,290,146,144,0,0,0,0,0,0
58736201,173,83,90,173,83,90,0,0,0,92,48,44,166,79,87,171,82,89,0,0,0,2,1,1
58737101,71,31,40,71,31,40,0,0,0,26,11,15,65,27,38,71,31,40,0,0,0,0,0,0
0670322,0,0,0,0,0,0,0,0,0,0,0,0,0,0,0,0,0,0,0,0,0,0,0,0
59084301,132,64,68,132,64,68,0,0,0,86,42,44,124,60,64,121,56,65,0,0,0,11,8,3
59084303,1082,569,513,1082,569,513,0,0,0,682,400,282,1047,550,497,1057,555,502,0,0,0,25,14,11
59084305,107,52,55,107,52,55,0,0,0,69,37,32,102,50,52,99,48,51,0,0,0,8,4,4
58738902,175,85,90,175,85,90,0,0,0,101,56,45,168,82,86,170,81,89,4,3,1,1,1,0
58740101,900,477,423,853,447,406,42,26,16,331,191,140,803,416,387,755,389,366,92,54,38,53,34,19
58741901,73,38,35,73,38,35,0,0,0,24,14,10,67,36,31,72,37,35,0,0,0,1,1,0
58742701,450,232,218,450,232,218,0,0,0,251,141,110,439,228,211,446,229,217,0,0,0,4,3,1
58743501,612,308,304,601,303,298,10,5,5,265,151,114,588,296,292,601,300,301,0,0,0,11,8,3
58744301,197,102,95,196,101,95,1,1,0,114,62,52,180,89,91,196,101,95,0,0,0,1,1,0
58745101,94,50,44,93,50,43,1,0,1,29,20,9,82,44,38,92,49,43,2,1,1,0,0,0
58747802,2812,1416,1396,2785,1391,1394,27,25,2,1444,761,683,2649,1336,1313,2781,1396,1385,2,0,2,29,20,9
58747803,87,46,41,87,46,41,0,0,0,49,28,21,83,44,39,87,46,41,0,0,0,0,0,0
58747805,29,17,12,29,17,12,0,0,0,7,2,5,29,17,12,25,16,9,0,0,0,4,1,3
58747806,30,15,15,30,15,15,0,0,0,20,10,10,30,15,15,30,15,15,0,0,0,0,0,0
58748601,568,282,286,567,282,285,1,0,1,238,130,108,554,275,279,563,279,284,0,0,0,5,3,2
58749401,180,95,85,179,94,85,1,1,0,103,62,41,171,90,81,179,94,85,0,0,0,1,1,0
58750801,266,130,136,263,128,135,2,1,1,113,63,50,249,122,127,262,127,135,0,0,0,4,3,1
58752401,138,73,65,138,73,65,0,0,0,67,43,24,134,72,62,138,73,65,0,0,0,0,0,0
58753201,75,43,32,74,42,32,1,1,0,40,28,12,67,39,28,71,39,32,0,0,0,4,4,0
58753202,83,44,39,83,44,39,0,0,0,37,27,10,78,43,35,83,44,39,0,0,0,0,0,0
58754101,61,38,23,61,38,23,0,0,0,47,30,17,60,37,23,59,36,23,0,0,0,2,2,0
58754102,742,371,371,742,371,371,0,0,0,386,209,177,715,356,359,733,365,368,0,0,0,9,6,3
58754103,43,22,21,43,22,21,0,0,0,21,11,10,40,19,21,41,20,21,0,0,0,2,2,0
58755901,118,62,56,118,62,56,0,0,0,64,40,24,114,62,52,118,62,56,0,0,0,0,0,0
58756701,204,107,97,204,107,97,0,0,0,122,65,57,191,102,89,204,107,97,0,0,0,0,0,0
58757501,192,96,96,192,96,96,0,0,0,107,63,44,184,94,90,187,94,93,0,0,0,5,2,3
58758301,225,121,104,222,120,102,3,1,2,114,75,39,208,112,96,224,120,104,0,0,0,1,1,0
58759101,811,416,395,808,414,394,3,2,1,361,207,154,765,393,372,797,405,392,6,5,1,8,6,2
58761301,84,40,44,84,40,44,0,0,0,46,24,22,79,38,41,79,38,41,0,0,0,5,2,3
58721401,65,34,31,65,34,31,0,0,0,34,20,14,59,30,29,65,34,31,0,0,0,0,0,0
58762101,198,102,96,198,102,96,0,0,0,108,69,39,190,99,91,198,102,96,0,0,0,0,0,0
58763001,66,35,31,66,35,31,0,0,0,38,23,15,64,34,30,66,35,31,0,0,0,0,0,0
58764801,83,38,45,83,38,45,0,0,0,33,14,19,78,34,44,68,31,37,0,0,0,15,7,8
58765601,206,101,105,203,98,105,3,3,0,69,39,30,192,93,99,206,101,105,0,0,0,0,0,0
58767201,37,16,21,37,16,21,0,0,0,17,5,12,35,15,20,37,16,21,0,0,0,0,0,0
58767202,83,48,35,83,48,35,0,0,0,39,22,17,77,44,33,82,47,35,0,0,0,1,1,0
58768101,44,22,22,44,22,22,0,0,0,27,14,13,44,22,22,44,22,22,0,0,0,0,0,0
58768102,324,166,158,324,166,158,0,0,0,204,120,84,315,162,153,323,165,158,0,0,0,1,1,0
58768103,25,14,11,25,14,11,0,0,0,15,9,6,23,13,10,25,14,11,0,0,0,0,0,0
58770201,187,90,97,187,90,97,0,0,0,72,32,40,178,86,92,181,87,94,0,0,0,6,3,3
58771101,278,136,142,278,136,142,0,0,0,202,109,93,269,131,138,273,134,139,0,0,0,5,2,3
58771102,171,78,93,169,77,92,2,1,1,101,53,48,168,77,91,171,78,93,0,0,0,0,0,0
58771103,20,8,12,20,8,12,0,0,0,8,5,3,17,8,9,20,8,12,0,0,0,0,0,0
58771104,148,71,77,148,71,77,0,0,0,90,49,41,141,68,73,148,71,77,0,0,0,0,0,0
58771105,663,343,320,656,339,317,7,4,3,432,238,194,644,334,310,631,320,311,0,0,0,32,23,9
58771106,547,280,267,537,275,262,10,5,5,326,182,144,525,270,255,546,279,267,1,1,0,0,0,0
58771108,1021,524,497,1015,521,494,6,3,3,648,351,297,952,495,457,1020,523,497,1,1,0,0,0,0
58771109,622,314,308,616,311,305,6,3,3,436,218,218,595,300,295,616,310,306,0,0,0,6,4,2
58771110,1584,764,820,1573,754,819,8,7,1,991,509,482,1525,735,790,1579,760,819,1,1,0,4,3,1
58771111,35,18,17,35,18,17,0,0,0,25,14,11,34,17,17,35,18,17,0,0,0,0,0,0
58774502,657,354,303,652,350,302,5,4,1,361,211,150,626,341,285,646,344,302,3,3,0,8,7,1
58774503,46,21,25,46,21,25,0,0,0,34,15,19,45,21,24,45,21,24,0,0,0,1,0,1
58774504,126,58,68,126,58,68,0,0,0,56,28,28,122,57,65,123,57,66,0,0,0,3,1,2
58776101,224,118,106,222,116,106,2,2,0,118,68,50,220,116,104,223,117,106,0,0,0,1,1,0
58717601,452,240,212,452,240,212,0,0,0,162,94,68,424,224,200,417,220,197,0,0,0,35,20,15
58778801,396,211,185,392,208,184,2,1,1,134,75,59,387,204,183,335,181,154,0,0,0,61,30,31
58778802,60,28,32,59,27,32,1,1,0,17,9,8,59,27,32,59,28,31,0,0,0,1,0,1
58779602,397,188,209,396,187,209,1,1,0,223,118,105,383,183,200,349,166,183,0,0,0,48,22,26
58780001,137,76,61,137,76,61,0,0,0,82,49,33,129,73,56,134,74,60,0,0,0,3,2,1
58781801,331,180,151,331,180,151,0,0,0,198,116,82,321,177,144,325,176,149,0,0,0,6,4,2
58782601,126,62,64,126,62,64,0,0,0,69,35,34,120,58,62,126,62,64,0,0,0,0,0,0
58783401,236,123,113,235,122,113,1,1,0,92,57,35,213,112,101,209,110,99,0,0,0,27,13,14
58785101,86,39,47,86,39,47,0,0,0,34,21,13,84,37,47,86,39,47,0,0,0,0,0,0
58787701,56,29,27,56,29,27,0,0,0,29,21,8,56,29,27,56,29,27,0,0,0,0,0,0
58788501,294,144,150,294,144,150,0,0,0,155,83,72,282,137,145,293,143,150,0,0,0,1,1,0
55029901,280,141,139,280,141,139,0,0,0,140,74,66,261,131,130,250,126,124,0,0,0,30,15,15
55029902,64,32,32,64,32,32,0,0,0,23,11,12,63,32,31,40,18,22,0,0,0,24,14,10
55029903,111,57,54,111,57,54,0,0,0,40,24,16,102,54,48,82,45,37,0,0,0,29,12,17
58791501,167,86,81,167,86,81,0,0,0,102,66,36,161,82,79,167,86,81,0,0,0,0,0,0
58792302,600,314,286,589,308,281,11,6,5,337,194,143,575,300,275,586,301,285,8,8,0,6,5,1
58793102,1070,519,551,1069,518,551,0,0,0,546,287,259,1025,504,521,1055,509,546,0,0,0,15,10,5
58794001,93,46,47,93,46,47,0,0,0,47,25,22,86,42,44,90,45,45,0,0,0,3,1,2
58795802,457,237,220,454,236,218,3,1,2,190,114,76,431,224,207,448,232,216,0,0,0,9,5,4
58798201,46,22,24,46,22,24,0,0,0,19,8,11,45,22,23,36,17,19,0,0,0,10,5,5
58798202,86,43,43,86,43,43,0,0,0,43,24,19,82,40,42,86,43,43,0,0,0,0,0,0
58798203,118,59,59,117,58,59,1,1,0,61,31,30,114,56,58,116,57,59,0,0,0,2,2,0
58799101,43,20,23,43,20,23,0,0,0,22,11,11,42,20,22,43,20,23,0,0,0,0,0,0
58800801,215,108,107,215,108,107,0,0,0,88,51,37,201,100,101,212,105,107,0,0,0,3,3,0
54725501,75,33,42,75,33,42,0,0,0,40,18,22,70,33,37,75,33,42,0,0,0,0,0,0
1656380,0,0,0,0,0,0,0,0,0,0,0,0,0,0,0,0,0,0,0,0,0,0,0,0
1656710,0,0,0,0,0,0,0,0,0,0,0,0,0,0,0,0,0,0,0,0,0,0,0,0
58802401,78,41,37,78,41,37,0,0,0,44,27,17,75,41,34,65,37,28,0,0,0,13,4,9
58802402,260,147,113,255,143,112,5,4,1,109,69,40,243,136,107,189,93,96,2,2,0,69,52,17
58802403,79,41,38,77,40,37,2,1,1,35,21,14,70,35,35,79,41,38,0,0,0,0,0,0
58802404,77,38,39,77,38,39,0,0,0,41,20,21,76,38,38,75,37,38,2,1,1,0,0,0
58802405,328,152,176,326,151,175,2,1,1,144,74,70,320,148,172,328,152,176,0,0,0,0,0,0
58802406,486,242,244,486,242,244,0,0,0,272,142,130,472,234,238,485,242,243,1,0,1,0,0,0
58802408,25,15,10,25,15,10,0,0,0,16,9,7,25,15,10,25,15,10,0,0,0,0,0,0
58802409,809,388,421,807,387,420,2,1,1,440,236,204,757,366,391,751,368,383,57,19,38,1,1,0
58802410,224,93,131,221,91,130,2,2,0,82,37,45,187,80,107,125,64,61,99,29,70,0,0,0
58802411,356,173,183,352,172,180,2,1,1,200,96,104,350,170,180,356,173,183,0,0,0,0,0,0
58802413,1186,574,612,1179,571,608,6,3,3,630,324,306,1151,559,592,1185,573,612,0,0,0,1,1,0
58802414,37,20,17,29,12,17,7,7,0,11,5,6,36,19,17,37,20,17,0,0,0,0,0,0
58802415,1206,564,642,1205,564,641,1,0,1,655,335,320,1146,531,615,1201,560,641,5,4,1,0,0,0
58803201,91,38,53,91,38,53,0,0,0,51,27,24,90,37,53,91,38,53,0,0,0,0,0,0
58803202,129,67,62,129,67,62,0,0,0,83,52,31,125,65,60,128,66,62,0,0,0,1,1,0
58803203,173,90,83,171,89,82,2,1,1,73,43,30,165,84,81,173,90,83,0,0,0,0,0,0
58803204,175,95,80,175,95,80,0,0,0,104,58,46,167,92,75,175,95,80,0,0,0,0,0,0
58803205,33,17,16,32,17,15,0,0,0,17,11,6,31,17,14,12,5,7,1,1,0,20,11,9
58803206,2130,1051,1079,2095,1022,1073,35,29,6,1194,626,568,2031,993,1038,2040,992,1048,14,12,2,76,47,29
58803208,210,104,106,210,104,106,0,0,0,127,63,64,208,104,104,210,104,106,0,0,0,0,0,0
58803209,347,183,164,341,177,164,5,5,0,202,111,91,330,171,159,340,179,161,0,0,0,7,4,3
58803210,2163,1071,1092,2146,1060,1086,14,10,4,1295,672,623,2081,1036,1045,2162,1070,1092,0,0,0,1,1,0
58804101,156,83,73,156,83,73,0,0,0,67,40,27,147,78,69,156,83,73,0,0,0,0,0,0
58806701,121,54,67,121,54,67,0,0,0,68,37,31,117,54,63,121,54,67,0,0,0,0,0,0
58807502,210,112,98,210,112,98,0,0,0,98,56,42,204,109,95,199,106,93,0,0,0,11,6,5
58808301,89,45,44,89,45,44,0,0,0,43,26,17,85,44,41,81,41,40,0,0,0,8,4,4
3390240,0,0,0,0,0,0,0,0,0,0,0,0,0,0,0,0,0,0,0,0,0,0,0,0
58809101,35,17,18,35,17,18,0,0,0,17,8,9,34,16,18,34,16,18,0,0,0,1,1,0
58810501,40,19,21,36,17,19,2,1,1,10,4,6,33,16,17,40,19,21,0,0,0,0,0,0
1981700,0,0,0,0,0,0,0,0,0,0,0,0,0,0,0,0,0,0,0,0,0,0,0,0
58811301,49,24,25,49,24,25,0,0,0,26,14,12,48,23,25,46,22,24,0,0,0,3,2,1
58811303,61,33,28,61,33,28,0,0,0,28,15,13,57,29,28,54,29,25,0,0,0,7,4,3
58811304,858,438,420,857,437,420,1,1,0,363,209,154,815,418,397,824,416,408,1,1,0,33,21,12
58811305,23,9,14,23,9,14,0,0,0,5,2,3,22,9,13,17,7,10,0,0,0,6,2,4
58811306,253,132,121,253,132,121,0,0,0,94,51,43,229,122,107,252,132,120,0,0,0,1,0,1
58812102,620,307,313,618,306,312,2,1,1,297,165,132,593,292,301,551,274,277,0,0,0,69,33,36
58813001,148,73,75,148,73,75,0,0,0,82,50,32,142,70,72,144,71,73,0,0,0,4,2,2
58814801,134,72,62,134,72,62,0,0,0,76,43,33,132,72,60,134,72,62,0,0,0,0,0,0
58815601,55,28,27,55,28,27,0,0,0,17,8,9,50,24,26,43,20,23,1,1,0,11,7,4
58815602,249,133,116,248,132,116,1,1,0,105,62,43,238,128,110,244,131,113,0,0,0,5,2,3
58816401,68,34,34,67,33,34,1,1,0,31,14,17,68,34,34,64,33,31,0,0,0,4,1,3
58817201,78,36,42,78,36,42,0,0,0,32,13,19,74,35,39,77,35,42,0,0,0,1,1,0
58817202,157,78,79,155,77,78,2,1,1,65,39,26,146,72,74,157,78,79,0,0,0,0,0,0
58817203,161,89,72,160,89,71,1,0,1,41,27,14,149,82,67,89,48,41,0,0,0,72,41,31
58817205,521,253,268,521,253,268,0,0,0,242,116,126,506,244,262,504,243,261,0,0,0,17,10,7
58818101,407,210,197,402,208,194,5,2,3,222,120,102,391,200,191,403,208,195,0,0,0,4,2,2
58819901,112,47,65,112,47,65,0,0,0,62,25,37,110,46,64,112,47,65,0,0,0,0,0,0
58820201,254,134,120,242,124,118,12,10,2,131,75,56,239,122,117,251,131,120,0,0,0,3,3,0
58723101,46,21,25,46,21,25,0,0,0,24,14,10,41,20,21,46,21,25,0,0,0,0,0,0
58821101,220,113,107,204,98,106,16,15,1,81,42,39,195,93,102,207,108,99,0,0,0,13,5,8
58822901,100,49,51,99,49,50,0,0,0,40,23,17,92,46,46,100,49,51,0,0,0,0,0,0
58824501,48,29,19,48,29,19,0,0,0,20,15,5,47,29,18,48,29,19,0,0,0,0,0,0
58825301,426,213,213,425,212,213,1,1,0,233,119,114,396,198,198,425,213,212,0,0,0,1,0,1
58826101,80,40,40,79,40,39,1,0,1,45,26,19,77,40,37,77,39,38,0,0,0,3,1,2
58827001,110,57,53,109,57,52,1,0,1,61,36,25,101,53,48,110,57,53,0,0,0,0,0,0
58828801,496,203,293,496,203,293,0,0,0,197,102,95,432,181,251,389,182,207,103,18,85,4,3,1
50938801,87,43,44,87,43,44,0,0,0,37,22,15,85,42,43,85,42,43,0,0,0,2,1,1
56111801,82,44,38,82,44,38,0,0,0,38,25,13,78,42,36,82,44,38,0,0,0,0,0,0
56112601,47,23,24,47,23,24,0,0,0,15,7,8,45,22,23,47,23,24,0,0,0,0,0,0
54754901,170,85,85,170,85,85,0,0,0,70,40,30,163,82,81,169,84,85,0,0,0,1,1,0
56124001,67,31,36,67,31,36,0,0,0,43,20,23,66,31,35,66,30,36,0,0,0,1,1,0
50941801,102,52,50,102,52,50,0,0,0,55,35,20,95,50,45,102,52,50,0,0,0,0,0,0
54758101,611,302,309,608,300,308,3,2,1,317,176,141,598,298,300,597,291,306,0,0,0,14,11,3
54758102,20,11,9,17,9,8,3,2,1,10,5,5,18,9,9,20,11,9,0,0,0,0,0,0
54760301,138,74,64,138,74,64,0,0,0,72,40,32,136,74,62,134,71,63,0,0,0,4,3,1
54763801,283,149,134,272,143,129,9,5,4,131,77,54,264,138,126,281,147,134,0,0,0,2,2,0
54763802,45,23,22,45,23,22,0,0,0,21,13,8,42,22,20,45,23,22,0,0,0,0,0,0
56131201,44,23,21,44,23,21,0,0,0,21,12,9,39,21,18,44,23,21,0,0,0,0,0,0
56131202,114,57,57,114,57,57,0,0,0,47,28,19,105,50,55,109,54,55,0,0,0,5,3,2
56131205,49,26,23,48,26,22,1,0,1,24,16,8,46,25,21,49,26,23,0,0,0,0,0,0
56180101,121,66,55,120,66,54,1,0,1,55,31,24,115,64,51,102,55,47,0,0,0,19,11,8
54766201,35,20,15,34,19,15,1,1,0,17,8,9,28,15,13,4,1,3,1,1,0,30,18,12
54766202,267,140,127,266,140,126,0,0,0,122,70,52,253,129,124,255,128,127,12,12,0,0,0,0
54768901,50,29,21,50,29,21,0,0,0,23,14,9,48,29,19,50,29,21,0,0,0,0,0,0
54768903,27,15,12,27,15,12,0,0,0,9,4,5,23,14,9,27,15,12,0,0,0,0,0,0
54768904,31,13,18,31,13,18,0,0,0,14,5,9,25,10,15,31,13,18,0,0,0,0,0,0
54771901,59,27,32,59,27,32,0,0,0,29,14,15,59,27,32,50,23,27,0,0,0,9,4,5
54771902,354,182,172,352,181,171,2,1,1,167,96,71,337,171,166,338,175,163,4,0,4,12,7,5
54771904,30,15,15,30,15,15,0,0,0,14,8,6,29,14,15,30,15,15,0,0,0,0,0,0
54771905,144,63,81,142,62,80,2,1,1,75,33,42,140,61,79,144,63,81,0,0,0,0,0,0
54771906,46,23,23,46,23,23,0,0,0,24,13,11,41,22,19,46,23,23,0,0,0,0,0,0
54773501,566,302,264,557,296,261,9,6,3,279,161,118,548,290,258,564,300,264,0,0,0,2,2,0
54773502,29,15,14,29,15,14,0,0,0,9,6,3,28,14,14,27,14,13,0,0,0,2,1,1
52982601,89,45,44,89,45,44,0,0,0,50,29,21,86,44,42,89,45,44,0,0,0,0,0,0
56114201,120,55,65,120,55,65,0,0,0,58,29,29,119,54,65,120,55,65,0,0,0,0,0,0
0268410,0,0,0,0,0,0,0,0,0,0,0,0,0,0,0,0,0,0,0,0,0,0,0,0
54776001,69,31,38,69,31,38,0,0,0,31,15,16,65,29,36,69,31,38,0,0,0,0,0,0
54776002,1420,709,711,1413,706,707,5,3,2,637,344,293,1325,661,664,1225,613,612,178,82,96,17,14,3
54776004,26,16,10,26,16,10,0,0,0,11,7,4,25,16,9,26,16,10,0,0,0,0,0,0
54776005,56,29,27,55,29,26,0,0,0,22,12,10,54,28,26,56,29,27,0,0,0,0,0,0
54776006,21,12,9,21,12,9,0,0,0,8,6,2,21,12,9,21,12,9,0,0,0,0,0,0
54776007,84,40,44,84,40,44,0,0,0,39,22,17,70,34,36,84,40,44,0,0,0,0,0,0
54776009,52,28,24,51,28,23,1,0,1,15,9,6,46,27,19,48,28,20,0,0,0,4,0,4
54777802,837,418,419,831,415,416,6,3,3,375,203,172,787,393,394,799,400,399,4,1,3,34,17,17
54777804,83,41,42,83,41,42,0,0,0,42,25,17,75,38,37,60,30,30,0,0,0,23,11,12
54777805,32,15,17,32,15,17,0,0,0,17,8,9,26,12,14,32,15,17,0,0,0,0,0,0
54777806,63,31,32,63,31,32,0,0,0,31,17,14,61,30,31,53,27,26,0,0,0,10,4,6
59870401,137,70,67,136,69,67,0,0,0,55,35,20,123,64,59,135,68,67,0,0,0,2,2,0
56192401,33,17,16,33,17,16,0,0,0,14,7,7,30,16,14,33,17,16,0,0,0,0,0,0
56192403,44,19,25,44,19,25,0,0,0,25,15,10,42,19,23,44,19,25,0,0,0,0,0,0
56192404,39,16,23,39,16,23,0,0,0,15,7,8,36,16,20,27,13,14,0,0,0,12,3,9
56193201,123,59,64,123,59,64,0,0,0,56,24,32,121,57,64,123,59,64,0,0,0,0,0,0
56193202,24,14,10,24,14,10,0,0,0,9,5,4,23,13,10,24,14,10,0,0,0,0,0,0
56193203,34,18,16,34,18,16,0,0,0,14,11,3,31,15,16,34,18,16,0,0,0,0,0,0
56176201,89,48,41,89,48,41,0,0,0,46,28,18,84,45,39,88,47,41,1,1,0,0,0,0
55154601,77,40,37,77,40,37,0,0,0,40,23,17,75,39,36,64,34,30,0,0,0,13,6,7
52986901,24,16,8,24,16,8,0,0,0,12,10,2,24,16,8,24,16,8,0,0,0,0,0,0
52986902,27,13,14,27,13,14,0,0,0,13,5,8,24,12,12,27,13,14,0,0,0,0,0,0
56175401,54,29,25,53,28,25,1,1,0,16,10,6,54,29,25,54,29,25,0,0,0,0,0,0
54788301,109,54,55,108,54,54,1,0,1,57,33,24,102,53,49,108,53,55,0,0,0,1,1,0
56109601,75,37,38,75,37,38,0,0,0,34,17,17,74,36,38,75,37,38,0,0,0,0,0,0
54791301,1316,653,663,1290,636,654,23,15,8,681,367,314,1239,610,629,1245,611,634,58,30,28,13,12,1
54791302,241,117,124,241,117,124,0,0,0,148,79,69,237,115,122,241,117,124,0,0,0,0,0,0
54791303,61,30,31,61,30,31,0,0,0,27,17,10,54,27,27,61,30,31,0,0,0,0,0,0
54791304,93,48,45,93,48,45,0,0,0,43,23,20,89,47,42,93,48,45,0,0,0,0,0,0
54791305,20,12,8,20,12,8,0,0,0,13,9,4,19,12,7,20,12,8,0,0,0,0,0,0
55158901,158,82,76,157,81,76,1,1,0,77,47,30,143,73,70,154,80,74,0,0,0,4,2,2
54793001,25,13,12,25,13,12,0,0,0,18,9,9,24,12,12,25,13,12,0,0,0,0,0,0
54793002,284,141,143,281,140,141,1,0,1,157,86,71,266,130,136,272,135,137,0,0,0,12,6,6
54794801,21,11,10,21,11,10,0,0,0,9,6,3,18,10,8,21,11,10,0,0,0,0,0,0
54794802,580,285,295,570,279,291,9,5,4,259,146,113,560,276,284,572,280,292,2,1,1,6,4,2
54795601,128,60,68,128,60,68,0,0,0,57,36,21,124,56,68,127,59,68,0,0,0,1,1,0
54795603,60,29,31,60,29,31,0,0,0,25,17,8,56,27,29,58,28,30,0,0,0,2,1,1
54799901,391,203,188,390,203,187,1,0,1,269,143,126,376,195,181,386,201,185,0,0,0,5,2,3
54799902,293,141,152,289,140,149,4,1,3,162,89,73,273,130,143,292,141,151,0,0,0,1,0,1
54799903,245,125,120,245,125,120,0,0,0,161,87,74,235,119,116,245,125,120,0,0,0,0,0,0
54799904,33,21,12,28,17,11,4,3,1,8,5,3,30,20,10,26,15,11,7,6,1,0,0,0
54799905,179,86,93,178,85,93,1,1,0,107,56,51,165,79,86,150,71,79,1,1,0,28,14,14
54799906,263,120,143,258,115,143,5,5,0,162,81,81,257,118,139,235,104,131,2,2,0,26,14,12
54799907,36,17,19,36,17,19,0,0,0,17,10,7,36,17,19,36,17,19,0,0,0,0,0,0
54799908,167,91,76,167,91,76,0,0,0,102,64,38,159,85,74,164,90,74,0,0,0,3,1,2
54799909,173,81,92,173,81,92,0,0,0,117,58,59,170,80,90,173,81,92,0,0,0,0,0,0
54799910,171,78,93,168,77,91,2,1,1,106,50,56,162,74,88,167,75,92,0,0,0,4,3,1
54799911,65,37,28,64,37,27,1,0,1,47,30,17,65,37,28,64,36,28,0,0,0,1,1,0
54799912,805,400,405,771,375,396,30,24,6,345,179,166,720,358,362,724,338,386,0,0,0,81,62,19
54799913,1902,934,968,1857,906,951,37,23,14,1054,543,511,1781,857,924,1769,861,908,132,72,60,1,1,0
54799915,553,272,281,544,264,280,8,8,0,327,169,158,529,260,269,552,271,281,0,0,0,1,1,0
54799916,24,15,9,19,10,9,5,5,0,13,7,6,23,14,9,18,9,9,6,6,0,0,0,0
54799917,1044,507,537,1017,493,524,26,14,12,580,307,273,1014,494,520,1032,499,533,12,8,4,0,0,0
54799919,201,98,103,188,90,98,13,8,5,103,57,46,193,96,97,188,89,99,13,9,4,0,0,0
54799920,2704,1338,1366,2616,1279,1337,79,53,26,1469,760,709,2582,1270,1312,2651,1324,1327,49,11,38,4,3,1
54799921,37,30,7,10,5,5,27,25,2,7,5,2,31,24,7,10,5,5,23,21,2,4,4,0
54799922,1331,646,685,1259,600,659,63,41,22,656,338,318,1205,581,624,1213,586,627,117,60,57,1,0,1
54799923,50,25,25,50,25,25,0,0,0,36,19,17,46,22,24,48,24,24,2,1,1,0,0,0
54799924,120,51,69,105,42,63,14,9,5,39,19,20,114,48,66,82,42,40,38,9,29,0,0,0
54799925,48,26,22,34,20,14,13,5,8,23,14,9,39,22,17,26,14,12,22,12,10,0,0,0
56133901,39,20,19,39,20,19,0,0,0,15,11,4,34,18,16,37,19,18,0,0,0,2,1,1
56132101,87,48,39,79,43,36,8,5,3,37,21,16,78,43,35,87,48,39,0,0,0,0,0,0
56146101,36,18,18,36,18,18,0,0,0,19,13,6,36,18,18,36,18,18,0,0,0,0,0,0
54807301,74,40,34,74,40,34,0,0,0,39,24,15,66,36,30,71,39,32,0,0,0,3,1,2
54808101,796,407,389,794,405,389,2,2,0,397,220,177,761,392,369,789,402,387,0,0,0,7,5,2
54808102,25,13,12,25,13,12,0,0,0,13,8,5,25,13,12,25,13,12,0,0,0,0,0,0
54808103,111,59,52,109,58,51,2,1,1,65,41,24,107,58,49,111,59,52,0,0,0,0,0,0
54809001,32,18,14,32,18,14,0,0,0,10,7,3,32,18,14,32,18,14,0,0,0,0,0,0
54809002,20,10,10,19,10,9,0,0,0,8,5,3,19,9,10,20,10,10,0,0,0,0,0,0
54809003,281,153,128,277,150,127,2,2,0,148,90,58,264,143,121,279,152,127,0,0,0,2,1,1
54809004,30,17,13,30,17,13,0,0,0,11,6,5,29,16,13,29,17,12,0,0,0,1,0,1
54810301,240,121,119,240,121,119,0,0,0,119,66,53,228,116,112,238,119,119,0,0,0,2,2,0
54810302,23,8,15,20,6,14,3,2,1,3,1,2,20,6,14,15,6,9,8,2,6,0,0,0
1330012,0,0,0,0,0,0,0,0,0,0,0,0,0,0,0,0,0,0,0,0,0,0,0,0
3013610,0,0,0,0,0,0,0,0,0,0,0,0,0,0,0,0,0,0,0,0,0,0,0,0
54811101,68,32,36,68,32,36,0,0,0,39,17,22,64,31,33,68,32,36,0,0,0,0,0,0
54811102,81,40,41,81,40,41,0,0,0,39,23,16,78,38,40,79,39,40,0,0,0,2,1,1
54811104,151,81,70,151,81,70,0,0,0,76,49,27,144,76,68,151,81,70,0,0,0,0,0,0
54811105,57,31,26,57,31,26,0,0,0,31,17,14,53,29,24,55,30,25,0,0,0,2,1,1
54811107,69,36,33,69,36,33,0,0,0,42,23,19,67,34,33,69,36,33,0,0,0,0,0,0
54811108,1114,569,545,1096,556,540,16,12,4,558,304,254,1050,535,515,1070,538,532,10,5,5,34,26,8
54811111,2063,1004,1059,2024,978,1046,36,25,11,1014,539,475,1979,964,1015,2043,989,1054,19,14,5,1,1,0
54812001,433,214,219,433,214,219,0,0,0,196,97,99,408,199,209,433,214,219,0,0,0,0,0,0
54814601,42,21,21,42,21,21,0,0,0,13,5,8,40,20,20,41,20,21,0,0,0,1,1,0
54814602,131,67,64,131,67,64,0,0,0,61,37,24,125,64,61,130,66,64,0,0,0,1,1,0
59871201,92,51,41,92,51,41,0,0,0,41,27,14,90,49,41,91,50,41,0,0,0,1,1,0
59871202,248,118,130,248,118,130,0,0,0,120,65,55,232,111,121,238,111,127,0,0,0,10,7,3
54816201,188,103,85,183,98,85,5,5,0,88,54,34,172,95,77,181,96,85,0,0,0,7,7,0
54817101,693,335,358,686,331,355,6,3,3,318,167,151,663,318,345,684,327,357,0,0,0,9,8,1
56137101,131,69,62,130,69,61,1,0,1,68,40,28,123,65,58,128,66,62,0,0,0,3,3,0
54820101,229,117,112,229,117,112,0,0,0,135,83,52,214,111,103,228,116,112,0,0,0,1,1,0
54821903,57,32,25,57,32,25,0,0,0,16,13,3,54,32,22,57,32,25,0,0,0,0,0,0
54821905,282,144,138,281,144,137,1,0,1,165,94,71,268,136,132,273,138,135,0,0,0,9,6,3
54822701,29,13,16,29,13,16,0,0,0,9,5,4,26,12,14,28,12,16,0,0,0,1,1,0
54822704,87,43,44,86,43,43,1,0,1,35,20,15,84,43,41,86,42,44,0,0,0,1,1,0
54822705,44,22,22,44,22,22,0,0,0,17,10,7,43,22,21,40,21,19,0,0,0,4,1,3
54823501,100,55,45,100,55,45,0,0,0,31,18,13,92,50,42,100,55,45,0,0,0,0,0,0
56204101,62,29,33,62,29,33,0,0,0,37,22,15,55,27,28,62,29,33,0,0,0,0,0,0
56128202,89,49,40,89,49,40,0,0,0,33,23,10,81,46,35,84,45,39,0,0,0,5,4,1
59872101,211,106,105,209,104,105,2,2,0,92,53,39,205,103,102,209,104,105,0,0,0,2,2,0
59872102,47,22,25,47,22,25,0,0,0,15,9,6,44,19,25,47,22,25,0,0,0,0,0,0
56110002,233,155,78,233,155,78,0,0,0,62,33,29,223,151,72,122,60,62,91,86,5,20,9,11
56110004,36,16,20,36,16,20,0,0,0,13,5,8,34,15,19,36,16,20,0,0,0,0,0,0
56126601,68,35,33,67,34,33,1,1,0,22,11,11,62,33,29,67,34,33,0,0,0,1,1,0
54833201,32,13,19,32,13,19,0,0,0,18,8,10,32,13,19,32,13,19,0,0,0,0,0,0
54833202,840,438,402,833,431,402,5,5,0,426,243,183,795,412,383,830,428,402,8,8,0,2,2,0
54833203,44,25,19,44,25,19,0,0,0,29,19,10,44,25,19,44,25,19,0,0,0,0,0,0
54833204,23,10,13,23,10,13,0,0,0,14,7,7,23,10,13,23,10,13,0,0,0,0,0,0
56134701,53,22,31,53,22,31,0,0,0,31,15,16,53,22,31,53,22,31,0,0,0,0,0,0
54836701,25,15,10,25,15,10,0,0,0,15,11,4,24,15,9,24,14,10,0,0,0,1,1,0
54836702,47,24,23,47,24,23,0,0,0,23,13,10,45,24,21,47,24,23,0,0,0,0,0,0
54836703,42,23,19,42,23,19,0,0,0,24,13,11,38,21,17,42,23,19,0,0,0,0,0,0
52983401,98,52,46,98,52,46,0,0,0,48,31,17,92,49,43,97,51,46,0,0,0,1,1,0
52983402,42,21,21,42,21,21,0,0,0,21,10,11,42,21,21,41,21,20,0,0,0,1,0,1
54838301,25,12,13,25,12,13,0,0,0,10,6,4,25,12,13,25,12,13,0,0,0,0,0,0
54838302,156,81,75,156,81,75,0,0,0,76,40,36,146,74,72,153,78,75,0,0,0,3,3,0
54838303,75,34,41,75,34,41,0,0,0,32,18,14,69,31,38,75,34,41,0,0,0,0,0,0
54839102,96,52,44,96,52,44,0,0,0,42,28,14,84,45,39,96,52,44,0,0,0,0,0,0
54839103,43,19,24,43,19,24,0,0,0,17,8,9,37,17,20,43,19,24,0,0,0,0,0,0
54839104,24,11,13,24,11,13,0,0,0,7,3,4,24,11,13,24,11,13,0,0,0,0,0,0
54839106,208,98,110,207,97,110,1,1,0,97,50,47,185,92,93,205,96,109,0,0,0,3,2,1
54839107,27,14,13,27,14,13,0,0,0,13,9,4,23,13,10,27,14,13,0,0,0,0,0,0
54840501,177,96,81,177,96,81,0,0,0,64,37,27,170,90,80,173,92,81,0,0,0,4,4,0
56181901,113,54,59,112,53,59,1,1,0,54,27,27,109,52,57,108,51,57,0,0,0,5,3,2
56117701,129,61,68,129,61,68,0,0,0,61,34,27,121,57,64,129,61,68,0,0,0,0,0,0
54845601,84,44,40,84,44,40,0,0,0,54,33,21,83,43,40,74,39,35,0,0,0,10,5,5
54845602,31,18,13,31,18,13,0,0,0,16,12,4,31,18,13,31,18,13,0,0,0,0,0,0
54845603,24,12,12,24,12,12,0,0,0,15,8,7,22,11,11,24,12,12,0,0,0,0,0,0
54845604,53,26,27,52,25,27,1,1,0,20,10,10,53,26,27,44,22,22,0,0,0,9,4,5
54845605,720,358,362,712,355,357,7,3,4,291,157,134,690,343,347,687,338,349,0,0,0,33,20,13
54845606,55,26,29,54,25,29,1,1,0,19,9,10,49,25,24,46,20,26,0,0,0,9,6,3
54845607,185,87,98,181,83,98,4,4,0,61,34,27,167,81,86,120,64,56,62,22,40,3,1,2
54846401,78,36,42,78,36,42,0,0,0,30,17,13,74,34,40,78,36,42,0,0,0,0,0,0
54846402,30,14,16,26,13,13,4,1,3,10,3,7,30,14,16,29,14,15,0,0,0,1,0,1
54846403,690,360,330,684,358,326,4,1,3,318,188,130,644,337,307,664,342,322,6,6,0,20,12,8
54846404,57,31,26,57,31,26,0,0,0,34,20,14,57,31,26,57,31,26,0,0,0,0,0,0
54846406,142,73,69,137,69,68,2,1,1,64,40,24,132,68,64,142,73,69,0,0,0,0,0,0
54847202,67,34,33,67,34,33,0,0,0,36,22,14,59,30,29,67,34,33,0,0,0,0,0,0
54847203,546,268,278,544,268,276,2,0,2,299,158,141,529,260,269,536,260,276,0,0,0,10,8,2
54847204,35,17,18,35,17,18,0,0,0,14,6,8,33,16,17,35,17,18,0,0,0,0,0,0
54847205,42,24,18,42,24,18,0,0,0,11,10,1,41,23,18,42,24,18,0,0,0,0,0,0
54847207,64,31,33,64,31,33,0,0,0,31,16,15,63,30,33,64,31,33,0,0,0,0,0,0
56196701,46,25,21,46,25,21,0,0,0,26,17,9,43,23,20,46,25,21,0,0,0,0,0,0
56196702,352,173,179,352,173,179,0,0,0,188,105,83,331,167,164,349,171,178,0,0,0,3,2,1
56196703,64,36,28,64,36,28,0,0,0,38,24,14,63,36,27,64,36,28,0,0,0,0,0,0
56196704,82,36,46,82,36,46,0,0,0,51,25,26,81,36,45,82,36,46,0,0,0,0,0,0
53769101,160,88,72,160,88,72,0,0,0,83,52,31,153,86,67,152,83,69,0,0,0,8,5,3
54850202,192,89,103,192,89,103,0,0,0,81,41,40,169,77,92,145,70,75,47,19,28,0,0,0
54850203,41,22,19,40,21,19,1,1,0,20,15,5,41,22,19,41,22,19,0,0,0,0,0,0
1172340,0,0,0,0,0,0,0,0,0,0,0,0,0,0,0,0,0,0,0,0,0,0,0,0
1172510,0,0,0,0,0,0,0,0,0,0,0,0,0,0,0,0,0,0,0,0,0,0,0,0
54851101,167,85,82,167,85,82,0,0,0,113,65,48,161,83,78,167,85,82,0,0,0,0,0,0
54851102,109,59,50,109,59,50,0,0,0,64,37,27,108,58,50,109,59,50,0,0,0,0,0,0
54851103,31,19,12,30,18,12,0,0,0,19,13,6,28,18,10,31,19,12,0,0,0,0,0,0
54851104,46,18,28,46,18,28,0,0,0,28,12,16,46,18,28,46,18,28,0,0,0,0,0,0
54851105,81,42,39,81,42,39,0,0,0,46,31,15,79,42,37,79,41,38,0,0,0,2,1,1
54851106,25,12,13,25,12,13,0,0,0,13,8,5,24,12,12,25,12,13,0,0,0,0,0,0
54851107,1695,834,861,1671,812,859,20,18,2,898,451,447,1617,790,827,1687,826,861,7,7,0,1,1,0
54851108,61,33,28,58,30,28,3,3,0,26,15,11,56,31,25,57,29,28,4,4,0,0,0,0
54851109,701,339,362,695,336,359,6,3,3,387,215,172,684,332,352,701,339,362,0,0,0,0,0,0
54851111,41,18,23,40,17,23,1,1,0,13,9,4,40,17,23,41,18,23,0,0,0,0,0,0
54851113,1624,767,857,1601,750,851,22,16,6,801,423,378,1515,723,792,1487,718,769,100,17,83,37,32,5
56191601,119,61,58,119,61,58,0,0,0,57,33,24,109,56,53,117,60,57,0,0,0,2,1,1
1007142,0,0,0,0,0,0,0,0,0,0,0,0,0,0,0,0,0,0,0,0,0,0,0,0
54749201,49,22,27,49,22,27,0,0,0,38,18,20,48,22,26,46,20,26,0,0,0,3,2,1
54749202,46,24,22,46,24,22,0,0,0,23,15,8,44,23,21,44,23,21,0,0,0,2,1,1
54749203,62,28,34,62,28,34,0,0,0,48,24,24,57,25,32,57,25,32,0,0,0,5,3,2
54749204,36,19,17,34,17,17,2,2,0,22,10,12,34,19,15,33,17,16,2,2,0,1,0,1
54749205,52,24,28,52,24,28,0,0,0,35,16,19,46,22,24,48,22,26,0,0,0,4,2,2
54749206,69,34,35,68,34,34,1,0,1,43,24,19,65,33,32,69,34,35,0,0,0,0,0,0
54749208,69,38,31,67,37,30,2,1,1,39,20,19,69,38,31,68,38,30,0,0,0,1,0,1
54749209,26,17,9,26,17,9,0,0,0,13,9,4,25,17,8,26,17,9,0,0,0,0,0,0
54749210,60,29,31,60,29,31,0,0,0,33,18,15,56,26,30,60,29,31,0,0,0,0,0,0
54749211,91,44,47,91,44,47,0,0,0,69,38,31,89,43,46,88,43,45,0,0,0,3,1,2
54749213,51,25,26,51,25,26,0,0,0,41,18,23,49,24,25,51,25,26,0,0,0,0,0,0
54749214,71,39,32,71,39,32,0,0,0,45,25,20,71,39,32,67,37,30,0,0,0,4,2,2
54749215,29,13,16,29,13,16,0,0,0,19,9,10,29,13,16,29,13,16,0,0,0,0,0,0
54749216,56,26,30,56,26,30,0,0,0,34,17,17,54,25,29,51,24,27,0,0,0,5,2,3
54749217,37,18,19,37,18,19,0,0,0,28,14,14,36,18,18,37,18,19,0,0,0,0,0,0
54749218,143,71,72,143,71,72,0,0,0,95,51,44,142,71,71,141,70,71,0,0,0,2,1,1
54749219,59,34,25,58,34,24,1,0,1,34,21,13,55,32,23,58,33,25,0,0,0,1,1,0
54749220,50,30,20,49,30,19,0,0,0,25,21,4,46,29,17,46,27,19,0,0,0,4,3,1
54749221,21,11,10,21,11,10,0,0,0,13,7,6,21,11,10,21,11,10,0,0,0,0,0,0
54749222,181,85,96,177,82,95,3,2,1,110,60,50,178,84,94,171,78,93,0,0,0,10,7,3
54749223,328,169,159,320,163,157,8,6,2,202,103,99,309,160,149,320,163,157,8,6,2,0,0,0
54749224,22,13,9,22,13,9,0,0,0,17,12,5,21,13,8,18,11,7,0,0,0,4,2,2
54749225,170,89,81,168,88,80,2,1,1,111,64,47,166,87,79,170,89,81,0,0,0,0,0,0
54749226,104,54,50,104,54,50,0,0,0,68,36,32,95,49,46,90,46,44,0,0,0,14,8,6
54749227,745,359,386,740,356,384,5,3,2,406,212,194,717,348,369,714,343,371,27,14,13,4,2,2
54749228,696,311,385,693,311,382,3,0,3,348,181,167,654,293,361,587,291,296,103,17,86,6,3,3
54749229,1240,608,632,1231,602,629,8,5,3,699,368,331,1192,585,607,1240,608,632,0,0,0,0,0,0
54749230,485,276,209,467,266,201,14,7,7,201,112,89,446,257,189,332,173,159,28,17,11,125,86,39
54749232,35,13,22,35,13,22,0,0,0,22,10,12,35,13,22,26,10,16,0,0,0,9,3,6
54749233,41,21,20,41,21,20,0,0,0,20,9,11,40,20,20,37,18,19,1,1,0,3,2,1
54749234,321,171,150,279,146,133,39,24,15,162,87,75,298,157,141,275,134,141,43,35,8,3,2,1
54749235,491,246,245,487,243,244,3,2,1,302,157,145,461,233,228,480,240,240,11,6,5,0,0,0
54749236,2000,922,1078,1937,878,1059,58,41,17,1080,520,560,1895,873,1022,1994,918,1076,2,2,0,4,2,2
54749237,4567,2181,2386,4481,2135,2346,74,42,32,2430,1244,1186,4409,2107,2302,4567,2181,2386,0,0,0,0,0,0
54749239,1721,819,902,1709,812,897,11,7,4,1030,502,528,1690,800,890,1721,819,902,0,0,0,0,0,0
54749240,790,410,380,743,379,364,46,30,16,409,216,193,738,380,358,703,355,348,79,52,27,8,3,5
54749242,563,280,283,556,276,280,7,4,3,291,153,138,531,263,268,548,273,275,0,0,0,15,7,8
54854501,45,23,22,45,23,22,0,0,0,18,9,9,42,22,20,45,23,22,0,0,0,0,0,0
54854502,34,18,16,34,18,16,0,0,0,20,14,6,28,14,14,32,18,14,0,0,0,2,0,2
54856102,41,23,18,41,23,18,0,0,0,13,8,5,41,23,18,41,23,18,0,0,0,0,0,0
54856103,42,25,17,42,25,17,0,0,0,20,15,5,40,24,16,41,24,17,0,0,0,1,1,0
54856104,2301,1112,1189,2277,1099,1178,20,11,9,1104,594,510,2146,1040,1106,2140,1038,1102,121,48,73,40,26,14
54856105,31,18,13,31,18,13,0,0,0,9,6,3,29,17,12,30,18,12,0,0,0,1,0,1
54856106,90,48,42,90,48,42,0,0,0,63,39,24,87,46,41,90,48,42,0,0,0,0,0,0
56143601,98,52,46,98,52,46,0,0,0,54,34,20,93,49,44,79,42,37,0,0,0,19,10,9
54860002,139,69,70,137,68,69,0,0,0,60,32,28,136,67,69,139,69,70,0,0,0,0,0,0
54860003,132,64,68,129,62,67,2,2,0,25,17,8,105,50,55,47,27,20,85,37,48,0,0,0
54860004,24,13,11,24,13,11,0,0,0,13,9,4,20,11,9,24,13,11,0,0,0,0,0,0
53782901,72,36,36,72,36,36,0,0,0,32,18,14,71,36,35,68,35,33,0,0,0,4,1,3
56194101,89,42,47,89,42,47,0,0,0,42,22,20,83,40,43,84,40,44,0,0,0,5,2,3
59875501,266,139,127,263,138,125,3,1,2,112,75,37,256,136,120,265,138,127,0,0,0,1,1,0
56178901,212,112,100,212,112,100,0,0,0,114,62,52,208,112,96,211,111,100,0,0,0,1,1,0
56127401,56,27,29,56,27,29,0,0,0,32,16,16,52,26,26,56,27,29,0,0,0,0,0,0
56200901,635,326,309,628,322,306,7,4,3,303,174,129,611,316,295,625,319,306,0,0,0,10,7,3
54871502,57,29,28,55,29,26,2,0,2,23,14,9,50,26,24,57,29,28,0,0,0,0,0,0
54871504,54,30,24,54,30,24,0,0,0,24,16,8,49,27,22,54,30,24,0,0,0,0,0,0
54871505,37,19,18,37,19,18,0,0,0,21,14,7,36,18,18,37,19,18,0,0,0,0,0,0
54873101,99,47,52,98,47,51,1,0,1,49,29,20,92,44,48,99,47,52,0,0,0,0,0,0
54873102,28,15,13,28,15,13,0,0,0,14,8,6,26,15,11,28,15,13,0,0,0,0,0,0
54874001,59,31,28,59,31,28,0,0,0,35,26,9,54,29,25,59,31,28,0,0,0,0,0,0
54874002,88,43,45,88,43,45,0,0,0,52,32,20,85,42,43,86,41,45,0,0,0,2,2,0
54876601,150,81,69,147,79,68,3,2,1,55,33,22,132,70,62,104,56,48,0,0,0,46,25,21
54877401,20,10,10,20,10,10,0,0,0,10,4,6,20,10,10,20,10,10,0,0,0,0,0,0
54877402,27,11,16,27,11,16,0,0,0,9,3,6,20,7,13,27,11,16,0,0,0,0,0,0
54877403,732,362,370,727,358,369,5,4,1,353,197,156,694,343,351,696,341,355,29,16,13,7,5,2
54877405,38,19,19,38,19,19,0,0,0,16,11,5,35,18,17,36,19,17,0,0,0,2,0,2
56184301,72,35,37,72,35,37,0,0,0,23,12,11,70,33,37,62,32,30,3,1,2,7,2,5
56145201,107,57,50,106,56,50,1,1,0,45,25,20,99,54,45,104,54,50,1,1,0,2,2,0
53759401,28,17,11,27,17,10,0,0,0,8,4,4,27,17,10,28,17,11,0,0,0,0,0,0
53759403,72,35,37,72,35,37,0,0,0,28,16,12,70,34,36,72,35,37,0,0,0,0,0,0
56148702,63,35,28,63,35,28,0,0,0,37,21,16,61,34,27,60,33,27,0,0,0,3,2,1
59876301,123,64,59,123,64,59,0,0,0,58,33,25,121,62,59,107,58,49,0,0,0,16,6,10
59877101,49,26,23,49,26,23,0,0,0,26,18,8,48,25,23,47,25,22,0,0,0,2,1,1
56135501,59,34,25,58,33,25,1,1,0,21,12,9,53,30,23,57,32,25,1,1,0,1,1,0
54893601,45,21,24,45,21,24,0,0,0,20,10,10,38,18,20,45,21,24,0,0,0,0,0,0
54893602,24,11,13,24,11,13,0,0,0,7,2,5,21,9,12,23,10,13,0,0,0,1,1,0
54893603,54,33,21,54,33,21,0,0,0,29,19,10,54,33,21,54,33,21,0,0,0,0,0,0
54893605,264,136,128,264,136,128,0,0,0,125,78,47,252,130,122,259,134,125,0,0,0,5,2,3
53760801,252,128,124,252,128,124,0,0,0,115,59,56,239,122,117,249,126,123,0,0,0,3,2,1
54898701,55,31,24,55,31,24,0,0,0,18,10,8,55,31,24,55,31,24,0,0,0,0,0,0
56203301,104,52,52,103,51,52,0,0,0,48,26,22,97,49,48,104,52,52,0,0,0,0,0,0
53773001,65,35,30,65,35,30,0,0,0,38,24,14,62,34,28,65,35,30,0,0,0,0,0,0
54900201,236,120,116,235,119,116,1,1,0,101,57,44,219,114,105,235,119,116,0,0,0,1,1,0
54901101,259,135,124,255,133,122,4,2,2,143,88,55,244,127,117,257,134,123,0,0,0,2,1,1
54904501,192,97,95,188,95,93,4,2,2,80,48,32,175,88,87,190,96,94,0,0,0,2,1,1
54905301,219,103,116,219,103,116,0,0,0,98,49,49,202,95,107,215,100,115,0,0,0,4,3,1
54906101,40,21,19,40,21,19,0,0,0,26,15,11,39,21,18,40,21,19,0,0,0,0,0,0
54906102,88,48,40,88,48,40,0,0,0,36,23,13,85,45,40,87,48,39,0,0,0,1,0,1
54912601,85,42,43,85,42,43,0,0,0,38,21,17,79,40,39,83,41,42,0,0,0,2,1,1
59923901,197,104,93,197,104,93,0,0,0,64,39,25,186,97,89,193,102,91,0,0,0,4,2,2
54913401,44,20,24,44,20,24,0,0,0,16,9,7,41,19,22,44,20,24,0,0,0,0,0,0
54913406,96,49,47,96,49,47,0,0,0,38,24,14,89,45,44,96,49,47,0,0,0,0,0,0
54914201,48,24,24,48,24,24,0,0,0,24,18,6,46,23,23,45,23,22,0,0,0,3,1,2
54914202,72,33,39,72,33,39,0,0,0,43,22,21,68,31,37,72,33,39,0,0,0,0,0,0
54914203,572,286,286,567,282,285,5,4,1,254,138,116,546,273,273,552,276,276,9,4,5,11,6,5
56177101,16,7,9,16,7,9,0,0,0,5,2,3,14,6,8,16,7,9,0,0,0,0,0,0
56179701,277,138,139,276,137,139,1,1,0,126,64,62,262,131,131,273,135,138,0,0,0,4,3,1
54917701,43,25,18,41,23,18,1,1,0,19,10,9,40,22,18,39,23,16,0,0,0,4,2,2
54917702,171,83,88,169,82,87,2,1,1,74,39,35,164,80,84,168,80,88,0,0,0,3,3,0
54917703,20,10,10,20,10,10,0,0,0,14,6,8,20,10,10,20,10,10,0,0,0,0,0,0
56197501,44,19,25,44,19,25,0,0,0,23,12,11,39,17,22,31,16,15,0,0,0,13,3,10
56197502,172,91,81,172,91,81,0,0,0,82,43,39,170,90,80,172,91,81,0,0,0,0,0,0
56136301,103,56,47,101,54,47,2,2,0,43,25,18,98,53,45,103,56,47,0,0,0,0,0,0
59866601,43,21,22,43,21,22,0,0,0,22,11,11,40,19,21,43,21,22,0,0,0,0,0,0
54921501,32,17,15,32,17,15,0,0,0,11,5,6,32,17,15,32,17,15,0,0,0,0,0,0
54921502,91,44,47,91,44,47,0,0,0,58,35,23,90,44,46,60,31,29,0,0,0,31,13,18
54921503,51,25,26,51,25,26,0,0,0,26,16,10,46,22,24,39,20,19,6,2,4,6,3,3
54921504,22,12,10,22,12,10,0,0,0,12,6,6,20,10,10,22,12,10,0,0,0,0,0,0
54921506,36,23,13,36,23,13,0,0,0,20,14,6,36,23,13,35,22,13,0,0,0,1,1,0
54921508,103,49,54,103,49,54,0,0,0,58,31,27,98,49,49,88,43,45,0,0,0,15,6,9
54921509,754,375,379,750,372,378,4,3,1,343,187,156,715,353,362,722,354,368,12,9,3,20,12,8
54921510,36,15,21,36,15,21,0,0,0,22,8,14,35,15,20,31,13,18,0,0,0,5,2,3
56190801,84,42,42,84,42,42,0,0,0,34,22,12,77,38,39,80,40,40,0,0,0,4,2,2
54923101,45,25,20,45,25,20,0,0,0,28,19,9,39,21,18,45,25,20,0,0,0,0,0,0
54923102,90,49,41,88,47,41,1,1,0,50,36,14,89,48,41,90,49,41,0,0,0,0,0,0
54923103,133,70,63,128,66,62,5,4,1,79,50,29,128,67,61,131,69,62,2,1,1,0,0,0
54923104,100,50,50,97,47,50,3,3,0,55,24,31,85,41,44,100,50,50,0,0,0,0,0,0
54923105,45,21,24,45,21,24,0,0,0,28,15,13,41,19,22,45,21,24,0,0,0,0,0,0
54923106,2348,1176,1172,2184,1085,1099,152,86,66,1238,682,556,2224,1110,1114,2264,1132,1132,56,23,33,28,21,7
59027401,128,61,67,128,61,67,0,0,0,78,41,37,128,61,67,128,61,67,0,0,0,0,0,0
59027402,58,31,27,58,31,27,0,0,0,38,23,15,54,29,25,58,31,27,0,0,0,0,0,0
59028201,124,57,67,124,57,67,0,0,0,62,30,32,113,50,63,122,55,67,0,0,0,2,2,0
59028202,73,29,44,72,29,43,0,0,0,34,17,17,70,28,42,73,29,44,0,0,0,0,0,0
54483301,93,49,44,93,49,44,0,0,0,52,35,17,82,46,36,93,49,44,0,0,0,0,0,0
59030401,140,74,66,140,74,66,0,0,0,89,56,33,132,70,62,139,73,66,0,0,0,1,1,0
59030402,51,23,28,51,23,28,0,0,0,32,18,14,51,23,28,51,23,28,0,0,0,0,0,0
59031201,214,114,100,214,114,100,0,0,0,121,70,51,204,110,94,209,112,97,0,0,0,5,2,3
59031202,46,24,22,46,24,22,0,0,0,18,12,6,43,23,20,45,23,22,0,0,0,1,1,0
59032101,356,184,172,356,184,172,0,0,0,208,119,89,342,177,165,355,183,172,0,0,0,1,1,0
55040001,123,58,65,122,57,65,0,0,0,59,27,32,119,57,62,121,56,65,0,0,0,2,2,0
59034701,47,24,23,47,24,23,0,0,0,21,15,6,46,23,23,47,24,23,0,0,0,0,0,0
59034702,91,46,45,91,46,45,0,0,0,49,33,16,89,45,44,88,46,42,0,0,0,3,0,3
59036301,222,113,109,222,113,109,0,0,0,128,76,52,213,108,105,222,113,109,0,0,0,0,0,0
59038001,685,344,341,683,343,340,2,1,1,402,206,196,659,329,330,666,332,334,0,0,0,19,12,7
59040101,65,30,35,65,30,35,0,0,0,38,24,14,64,30,34,61,28,33,0,0,0,4,2,2
59040102,61,36,25,61,36,25,0,0,0,21,11,10,51,29,22,4,3,1,20,13,7,37,20,17
59040103,973,501,472,971,501,470,1,0,1,534,302,232,950,488,462,958,492,466,8,2,6,7,7,0
59040104,49,25,24,49,25,24,0,0,0,32,17,15,47,25,22,49,25,24,0,0,0,0,0,0
59040105,58,27,31,58,27,31,0,0,0,31,15,16,54,26,28,58,27,31,0,0,0,0,0,0
59041001,361,179,182,361,179,182,0,0,0,181,101,80,351,174,177,333,162,171,26,15,11,2,2,0
59042801,84,48,36,84,48,36,0,0,0,43,23,20,79,46,33,84,48,36,0,0,0,0,0,0
59043601,508,257,251,508,257,251,0,0,0,287,166,121,484,246,238,496,250,246,0,0,0,12,7,5
59043602,21,11,10,21,11,10,0,0,0,8,4,4,21,11,10,21,11,10,0,0,0,0,0,0
55396401,171,92,79,171,92,79,0,0,0,91,57,34,163,86,77,167,89,78,0,0,0,4,3,1
59044401,298,135,163,298,135,163,0,0,0,129,65,64,280,127,153,294,132,162,0,0,0,4,3,1
59044402,24,12,12,24,12,12,0,0,0,8,4,4,23,11,12,0,0,0,0,0,0,24,12,12
59045201,296,155,141,294,154,140,2,1,1,153,100,53,290,153,137,294,154,140,0,0,0,2,1,1
59046101,177,88,89,177,88,89,0,0,0,107,64,43,171,85,86,148,72,76,0,0,0,29,16,13
59047901,221,104,117,220,103,117,1,1,0,113,58,55,199,94,105,211,101,110,0,0,0,10,3,7
59048701,123,63,60,121,61,60,2,2,0,68,38,30,120,61,59,111,56,55,3,3,0,9,4,5
59048702,93,52,41,93,52,41,0,0,0,52,32,20,92,51,41,90,50,40,0,0,0,3,2,1
59049501,176,88,88,176,88,88,0,0,0,105,53,52,170,84,86,158,78,80,0,0,0,18,10,8
59050901,191,98,93,191,98,93,0,0,0,116,65,51,182,92,90,186,95,91,0,0,0,5,3,2
59051701,529,268,261,528,268,260,1,0,1,264,136,128,507,260,247,513,256,257,0,0,0,16,12,4
59052501,114,54,60,114,54,60,0,0,0,56,29,27,104,48,56,114,54,60,0,0,0,0,0,0
59053301,120,61,59,120,61,59,0,0,0,66,41,25,116,59,57,120,61,59,0,0,0,0,0,0
59053302,287,149,138,286,148,138,1,1,0,171,99,72,275,140,135,284,146,138,0,0,0,3,3,0
58766401,145,79,66,145,79,66,0,0,0,81,51,30,137,74,63,144,78,66,0,0,0,1,1,0
59055001,399,192,207,399,192,207,0,0,0,213,122,91,375,179,196,392,189,203,0,0,0,7,3,4
59056801,318,161,157,318,161,157,0,0,0,171,87,84,296,152,144,317,160,157,0,0,0,1,1,0
1488490,0,0,0,0,0,0,0,0,0,0,0,0,0,0,0,0,0,0,0,0,0,0,0,0
1488570,0,0,0,0,0,0,0,0,0,0,0,0,0,0,0,0,0,0,0,0,0,0,0,0
59057601,843,422,421,837,417,420,4,3,1,389,208,181,810,406,404,818,406,412,11,6,5,14,10,4
59058401,533,276,257,533,276,257,0,0,0,294,156,138,506,258,248,526,270,256,0,0,0,7,6,1
59059201,297,148,149,297,148,149,0,0,0,168,96,72,288,144,144,291,145,146,0,0,0,6,3,3
59059202,46,26,20,46,26,20,0,0,0,27,21,6,44,25,19,46,26,20,0,0,0,0,0,0
59061401,191,95,96,191,95,96,0,0,0,102,52,50,186,93,93,190,94,96,0,0,0,1,1,0
59062201,301,157,144,301,157,144,0,0,0,173,108,65,286,151,135,299,157,142,0,0,0,2,0,2
59063101,141,68,73,141,68,73,0,0,0,86,47,39,135,67,68,141,68,73,0,0,0,0,0,0
55061201,50,22,28,50,22,28,0,0,0,23,12,11,47,21,26,41,19,22,0,0,0,9,3,6
59064901,260,127,133,259,126,133,1,1,0,129,67,62,250,123,127,259,126,133,0,0,0,1,1,0
59065701,80,36,44,80,36,44,0,0,0,32,14,18,76,35,41,80,36,44,0,0,0,0,0,0
59066501,61,29,32,61,29,32,0,0,0,37,22,15,60,29,31,61,29,32,0,0,0,0,0,0
59067301,1729,867,862,1724,865,859,4,2,2,773,424,349,1645,827,818,1657,825,832,55,28,27,17,14,3
55063901,111,58,53,111,58,53,0,0,0,62,36,26,110,57,53,111,58,53,0,0,0,0,0,0
59069001,108,54,54,108,54,54,0,0,0,63,36,27,103,52,51,104,52,52,0,0,0,4,2,2
59070301,297,151,146,297,151,146,0,0,0,161,94,67,284,142,142,296,151,145,0,0,0,1,0,1
59071101,148,70,78,148,70,78,0,0,0,87,48,39,147,70,77,143,67,76,0,0,0,5,3,2
55047701,101,51,50,101,51,50,0,0,0,42,27,15,95,46,49,101,51,50,0,0,0,0,0,0
59074601,626,312,314,626,312,314,0,0,0,343,181,162,598,299,299,613,302,311,0,0,0,13,10,3
59075401,184,96,88,182,94,88,2,2,0,122,73,49,176,92,84,183,95,88,0,0,0,1,1,0
59075402,81,35,46,81,35,46,0,0,0,39,17,22,78,33,45,81,35,46,0,0,0,0,0,0
59075403,73,37,36,73,37,36,0,0,0,35,17,18,66,35,31,73,37,36,0,0,0,0,0,0
59075404,110,62,48,110,62,48,0,0,0,49,31,18,108,61,47,109,61,48,1,1,0,0,0,0
59075405,216,108,108,215,107,108,1,1,0,124,67,57,207,105,102,216,108,108,0,0,0,0,0,0
59075406,204,100,104,204,100,104,0,0,0,122,71,51,196,97,99,204,100,104,0,0,0,0,0,0
59075407,910,442,468,906,439,467,4,3,1,492,269,223,870,419,451,883,438,445,27,4,23,0,0,0
59075409,1295,627,668,1288,620,668,6,6,0,722,372,350,1235,594,641,1288,621,667,6,6,0,1,0,1
59075411,455,220,235,453,219,234,2,1,1,271,143,128,446,217,229,454,220,234,1,0,1,0,0,0
59075412,381,198,183,376,196,180,5,2,3,216,120,96,366,191,175,342,176,166,0,0,0,39,22,17
59076201,176,88,88,176,88,88,0,0,0,117,65,52,170,87,83,172,87,85,2,1,1,2,0,2
3145520,0,0,0,0,0,0,0,0,0,0,0,0,0,0,0,0,0,0,0,0,0,0,0,0
3393180,0,0,0,0,0,0,0,0,0,0,0,0,0,0,0,0,0,0,0,0,0,0,0,0
59078901,76,36,40,76,36,40,0,0,0,47,23,24,72,33,39,76,36,40,0,0,0,0,0,0
59078902,81,41,40,81,41,40,0,0,0,51,28,23,75,38,37,81,41,40,0,0,0,0,0,0
59078903,542,257,285,540,257,283,1,0,1,288,142,146,493,232,261,508,238,270,26,15,11,8,4,4
59078904,408,208,200,403,208,195,5,0,5,209,117,92,378,193,185,376,191,185,29,15,14,3,2,1
59078906,555,271,284,555,271,284,0,0,0,293,156,137,528,260,268,555,271,284,0,0,0,0,0,0
59078907,1352,638,714,1341,635,706,11,3,8,698,343,355,1298,611,687,1326,624,702,26,14,12,0,0,0
59078908,324,159,165,322,159,163,2,0,2,191,97,94,312,154,158,324,159,165,0,0,0,0,0,0
59078910,570,298,272,566,296,270,3,2,1,288,163,125,541,280,261,526,266,260,0,0,0,44,32,12
59079701,228,115,113,228,115,113,0,0,0,125,67,58,219,112,107,226,114,112,0,0,0,2,1,1
55059101,71,37,34,71,37,34,0,0,0,36,25,11,71,37,34,71,37,34,0,0,0,0,0,0
59080101,187,89,98,186,89,97,1,0,1,111,57,54,177,83,94,173,83,90,0,0,0,14,6,8
59080102,22,14,8,22,14,8,0,0,0,6,4,2,21,13,8,22,14,8,0,0,0,0,0,0
59081901,120,63,57,120,63,57,0,0,0,52,34,18,115,61,54,120,63,57,0,0,0,0,0,0
59082701,190,98,92,190,98,92,0,0,0,108,63,45,186,97,89,187,96,91,2,1,1,1,1,0
59083501,172,90,82,170,90,80,0,0,0,53,33,20,166,86,80,168,87,81,0,0,0,4,3,1
59085101,182,94,88,182,94,88,0,0,0,92,51,41,176,91,85,182,94,88,0,0,0,0,0,0
59085102,108,27,81,108,27,81,0,0,0,7,4,3,71,18,53,10,5,5,98,22,76,0,0,0
51064501,85,44,41,84,44,40,1,0,1,37,20,17,79,41,38,85,44,41,0,0,0,0,0,0
59086001,424,225,199,423,224,199,1,1,0,211,118,93,413,220,193,421,222,199,1,1,0,2,2,0
59087801,105,54,51,105,54,51,0,0,0,61,29,32,101,52,49,101,50,51,0,0,0,4,4,0
59088602,490,254,236,488,252,236,2,2,0,288,168,120,466,243,223,476,246,230,0,0,0,14,8,6
59089401,181,90,91,176,88,88,5,2,3,92,56,36,170,85,85,181,90,91,0,0,0,0,0,0
59090801,367,182,185,365,181,184,2,1,1,218,126,92,356,173,183,367,182,185,0,0,0,0,0,0
59091601,111,54,57,111,54,57,0,0,0,56,31,25,104,51,53,111,54,57,0,0,0,0,0,0
59091602,28,15,13,27,15,12,1,0,1,6,5,1,27,14,13,0,0,0,0,0,0,28,15,13
54530901,440,221,219,440,221,219,0,0,0,230,126,104,416,213,203,429,215,214,0,0,0,11,6,5
55071001,274,130,144,273,130,143,0,0,0,111,68,43,260,126,134,255,124,131,11,3,8,8,3,5
59094101,123,68,55,104,56,48,18,12,6,55,33,22,116,63,53,96,51,45,23,15,8,4,2,2
59094102,883,454,429,881,452,429,2,2,0,450,237,213,840,431,409,853,439,414,25,12,13,5,3,2
59095901,109,53,56,109,53,56,0,0,0,48,25,23,102,50,52,106,51,55,0,0,0,3,2,1
59095902,24,15,9,24,15,9,0,0,0,7,4,3,21,13,8,0,0,0,0,0,0,24,15,9
59096701,167,85,82,167,85,82,0,0,0,93,49,44,154,80,74,167,85,82,0,0,0,0,0,0
59097501,219,110,109,219,110,109,0,0,0,123,65,58,204,105,99,218,109,109,0,0,0,1,1,0
55030201,41,26,15,41,26,15,0,0,0,20,13,7,35,22,13,16,10,6,0,0,0,25,16,9
55030202,118,66,52,118,66,52,0,0,0,59,36,23,105,55,50,114,63,51,0,0,0,4,3,1
51055601,272,132,140,272,132,140,0,0,0,167,94,73,259,126,133,271,132,139,0,0,0,1,0,1
59098301,55,35,20,55,35,20,0,0,0,25,23,2,50,32,18,55,35,20,0,0,0,0,0,0
59098302,42,26,16,42,26,16,0,0,0,24,16,8,39,25,14,42,26,16,0,0,0,0,0,0
59099101,797,743,54,770,716,54,1,1,0,69,52,17,437,391,46,107,54,53,690,689,1,0,0,0
59100902,25,11,14,25,11,14,0,0,0,12,5,7,23,10,13,25,11,14,0,0,0,0,0,0
59100903,452,247,205,449,244,205,1,1,0,202,125,77,422,228,194,449,244,205,0,0,0,3,3,0
57348501,77,45,32,77,45,32,0,0,0,51,38,13,76,44,32,77,45,32,0,0,0,0,0,0
59102501,164,81,83,161,79,82,3,2,1,91,51,40,149,75,74,157,78,79,0,0,0,7,3,4
54487601,149,83,66,149,83,66,0,0,0,86,51,35,144,80,64,148,82,66,0,0,0,1,1,0
59104101,387,196,191,387,196,191,0,0,0,204,108,96,370,188,182,383,193,190,0,0,0,4,3,1
55050701,531,269,262,531,269,262,0,0,0,268,138,130,506,259,247,523,263,260,0,0,0,8,6,2
59106801,120,57,63,120,57,63,0,0,0,60,34,26,115,55,60,119,56,63,0,0,0,1,1,0
58760501,135,69,66,135,69,66,0,0,0,70,43,27,124,64,60,134,68,66,0,0,0,1,1,0
59109201,112,54,58,111,54,57,0,0,0,67,38,29,100,49,51,112,54,58,0,0,0,0,0,0
54495701,63,30,33,63,30,33,0,0,0,35,18,17,63,30,33,63,30,33,0,0,0,0,0,0
55056601,217,106,111,217,106,111,0,0,0,104,57,47,209,103,106,213,102,111,0,0,0,4,4,0
55056602,159,83,76,159,83,76,0,0,0,73,42,31,155,82,73,159,83,76,0,0,0,0,0,0
59111401,278,141,137,277,140,137,1,1,0,147,83,64,266,135,131,277,140,137,0,0,0,1,1,0
55038801,227,125,102,227,125,102,0,0,0,123,76,47,219,122,97,225,123,102,0,0,0,2,2,0
59112201,189,93,96,189,93,96,0,0,0,95,51,44,184,90,94,187,91,96,0,0,0,2,2,0
54503101,127,63,64,127,63,64,0,0,0,59,33,26,121,61,60,127,63,64,0,0,0,0,0,0
59114901,76,38,38,75,38,37,0,0,0,38,19,19,75,38,37,73,36,37,0,0,0,3,2,1
59115701,209,105,104,209,105,104,0,0,0,105,54,51,204,102,102,205,102,103,1,1,0,3,2,1
59116501,327,165,162,327,165,162,0,0,0,191,113,78,312,159,153,303,153,150,0,0,0,24,12,12
59116502,46,21,25,46,21,25,0,0,0,23,11,12,45,21,24,46,21,25,0,0,0,0,0,0
59117301,1307,655,652,1299,649,650,8,6,2,742,415,327,1250,625,625,1250,625,625,32,16,16,25,14,11
0989810,0,0,0,0,0,0,0,0,0,0,0,0,0,0,0,0,0,0,0,0,0,0,0,0
3145790,0,0,0,0,0,0,0,0,0,0,0,0,0,0,0,0,0,0,0,0,0,0,0,0
3145950,0,0,0,0,0,0,0,0,0,0,0,0,0,0,0,0,0,0,0,0,0,0,0,0
59118101,112,52,60,112,52,60,0,0,0,72,40,32,101,48,53,112,52,60,0,0,0,0,0,0
59118102,38,19,19,38,19,19,0,0,0,22,12,10,37,19,18,0,0,0,0,0,0,38,19,19
59118103,173,89,84,172,88,84,1,1,0,116,64,52,168,87,81,173,89,84,0,0,0,0,0,0
59118104,114,60,54,114,60,54,0,0,0,64,37,27,103,53,50,114,60,54,0,0,0,0,0,0
59118105,115,54,61,115,54,61,0,0,0,71,35,36,110,51,59,115,54,61,0,0,0,0,0,0
59118106,2068,963,1105,2065,962,1103,2,1,1,1097,546,551,1976,925,1051,1988,949,1039,80,14,66,0,0,0
59118107,57,31,26,57,31,26,0,0,0,34,20,14,56,30,26,57,31,26,0,0,0,0,0,0
59118108,97,56,41,97,56,41,0,0,0,53,35,18,93,53,40,97,56,41,0,0,0,0,0,0
59118109,377,186,191,376,185,191,1,1,0,206,99,107,358,178,180,377,186,191,0,0,0,0,0,0
59118112,626,294,332,625,293,332,1,1,0,322,160,162,600,281,319,625,293,332,0,0,0,1,1,0
59118113,753,388,365,749,385,364,4,3,1,380,206,174,695,352,343,671,325,346,1,1,0,81,62,19
59118114,33,18,15,33,18,15,0,0,0,18,10,8,33,18,15,33,18,15,0,0,0,0,0,0
59118115,401,196,205,401,196,205,0,0,0,226,120,106,383,187,196,401,196,205,0,0,0,0,0,0
59118117,659,334,325,658,334,324,1,0,1,337,177,160,637,324,313,654,334,320,5,0,5,0,0,0
59118118,1444,687,757,1439,684,755,4,2,2,750,383,367,1371,653,718,1441,685,756,3,2,1,0,0,0
59118119,26,13,13,26,13,13,0,0,0,12,7,5,25,13,12,26,13,13,0,0,0,0,0,0
59119001,749,352,397,747,351,396,1,1,0,305,166,139,696,328,368,616,311,305,129,38,91,4,3,1
55077901,164,83,81,164,83,81,0,0,0,93,54,39,154,78,76,154,78,76,0,0,0,10,5,5
3146330,0,0,0,0,0,0,0,0,0,0,0,0,0,0,0,0,0,0,0,0,0,0,0,0
3146410,0,0,0,0,0,0,0,0,0,0,0,0,0,0,0,0,0,0,0,0,0,0,0,0
3295500,0,0,0,0,0,0,0,0,0,0,0,0,0,0,0,0,0,0,0,0,0,0,0,0
3389580,0,0,0,0,0,0,0,0,0,0,0,0,0,0,0,0,0,0,0,0,0,0,0,0
3389660,0,0,0,0,0,0,0,0,0,0,0,0,0,0,0,0,0,0,0,0,0,0,0,0
59121101,71,33,38,71,33,38,0,0,0,38,23,15,68,32,36,71,33,38,0,0,0,0,0,0
59121102,52,26,26,52,26,26,0,0,0,28,13,15,52,26,26,52,26,26,0,0,0,0,0,0
59121103,100,50,50,100,50,50,0,0,0,64,38,26,98,50,48,100,50,50,0,0,0,0,0,0
59121104,493,260,233,487,258,229,5,2,3,270,154,116,472,249,223,488,256,232,4,3,1,1,1,0
59121105,779,380,399,777,378,399,2,2,0,431,218,213,754,365,389,767,372,395,12,8,4,0,0,0
59121106,436,219,217,436,219,217,0,0,0,239,126,113,415,207,208,363,172,191,3,2,1,70,45,25
59121107,1590,736,854,1583,732,851,7,4,3,714,363,351,1517,705,812,1464,706,758,126,30,96,0,0,0
59121108,1184,597,587,1179,596,583,4,0,4,565,293,272,1132,571,561,1172,590,582,7,4,3,5,3,2
59122001,340,171,169,340,171,169,0,0,0,185,106,79,323,163,160,336,169,167,0,0,0,4,2,2
59123801,52,28,24,52,28,24,0,0,0,22,14,8,49,27,22,52,28,24,0,0,0,0,0,0
59124601,211,110,101,211,110,101,0,0,0,109,67,42,199,105,94,209,108,101,0,0,0,2,2,0
59124602,35,16,19,35,16,19,0,0,0,15,6,9,34,15,19,35,16,19,0,0,0,0,0,0
59125401,120,64,56,120,64,56,0,0,0,66,39,27,118,63,55,120,64,56,0,0,0,0,0,0
59125402,747,385,362,744,382,362,3,3,0,331,172,159,710,366,344,660,327,333,74,50,24,13,8,5
59126201,92,51,41,92,51,41,0,0,0,50,31,19,89,50,39,92,51,41,0,0,0,0,0,0
51098001,317,146,171,316,145,171,1,1,0,168,93,75,310,142,168,312,142,170,0,0,0,5,4,1
59128901,101,49,52,100,48,52,1,1,0,45,27,18,97,46,51,101,49,52,0,0,0,0,0,0
59129701,108,50,58,108,50,58,0,0,0,63,34,29,104,48,56,105,49,56,0,0,0,3,1,2
54693301,189,93,96,189,93,96,0,0,0,108,66,42,185,93,92,188,93,95,0,0,0,1,0,1
59130101,278,144,134,278,144,134,0,0,0,126,72,54,269,139,130,278,144,134,0,0,0,0,0,0
59130102,1682,835,847,1671,830,841,8,5,3,889,459,430,1626,803,823,1674,830,844,3,2,1,5,3,2
59131901,737,360,377,735,359,376,2,1,1,392,209,183,701,343,358,709,343,366,0,0,0,28,17,11
59132701,177,92,85,176,92,84,1,0,1,105,57,48,176,92,84,176,91,85,0,0,0,1,1,0
59133501,157,88,69,130,61,69,24,24,0,71,40,31,137,70,67,156,87,69,0,0,0,1,1,0
55046901,161,92,69,161,92,69,0,0,0,79,53,26,152,86,66,158,90,68,0,0,0,3,2,1
59136001,399,198,201,399,198,201,0,0,0,198,109,89,372,183,189,389,192,197,0,0,0,10,6,4
59137801,126,67,59,126,67,59,0,0,0,31,21,10,123,66,57,126,67,59,0,0,0,0,0,0
55037001,113,58,55,113,58,55,0,0,0,55,35,20,109,56,53,113,58,55,0,0,0,0,0,0
59139401,337,164,173,337,164,173,0,0,0,164,85,79,320,157,163,334,162,172,0,0,0,3,2,1
59140801,67,35,32,67,35,32,0,0,0,36,23,13,64,35,29,66,34,32,1,1,0,0,0,0
59141601,21,11,10,21,11,10,0,0,0,13,10,3,21,11,10,0,0,0,0,0,0,21,11,10
59141602,136,71,65,136,71,65,0,0,0,73,49,24,129,69,60,135,70,65,0,0,0,1,1,0
59142401,73,35,38,73,35,38,0,0,0,39,22,17,70,34,36,73,35,38,0,0,0,0,0,0
59143201,38,17,21,38,17,21,0,0,0,20,10,10,36,16,20,38,17,21,0,0,0,0,0,0
59143202,614,308,306,613,307,306,1,1,0,358,201,157,596,300,296,610,305,305,0,0,0,4,3,1
59144101,134,67,67,134,67,67,0,0,0,68,39,29,120,61,59,130,63,67,0,0,0,4,4,0
59145901,780,395,385,779,394,385,1,1,0,406,218,188,741,377,364,768,387,381,1,1,0,11,7,4
54475201,245,124,121,245,124,121,0,0,0,116,67,49,232,117,115,241,122,119,0,0,0,4,2,2
59149102,153,77,76,152,76,76,1,1,0,79,42,37,138,71,67,132,63,69,11,8,3,10,6,4
59150501,386,190,196,386,190,196,0,0,0,237,130,107,375,186,189,383,188,195,0,0,0,3,2,1
59150502,79,40,39,79,40,39,0,0,0,37,20,17,78,39,39,64,31,33,0,0,0,15,9,6
51130701,118,60,58,118,60,58,0,0,0,69,39,30,109,54,55,118,60,58,0,0,0,0,0,0
59152101,82,42,40,82,42,40,0,0,0,32,21,11,76,39,37,81,41,40,0,0,0,1,1,0
55049301,137,74,63,136,74,62,1,0,1,68,41,27,136,74,62,136,73,63,0,0,0,1,1,0
59154801,305,154,151,298,148,150,7,6,1,173,92,81,295,149,146,300,149,151,3,3,0,2,2,0
59155601,79,40,39,79,40,39,0,0,0,37,15,22,75,38,37,76,38,38,0,0,0,3,2,1
59156401,159,82,77,158,82,76,0,0,0,103,60,43,155,81,74,154,80,74,0,0,0,5,2,3
54504001,98,51,47,98,51,47,0,0,0,49,33,16,94,48,46,98,51,47,0,0,0,0,0,0
59158101,517,270,247,517,270,247,0,0,0,261,143,118,506,267,239,507,262,245,1,1,0,9,7,2
59160201,111,59,52,110,58,52,1,1,0,47,28,19,106,56,50,111,59,52,0,0,0,0,0,0
59161101,817,417,400,817,417,400,0,0,0,489,258,231,789,408,381,809,412,397,0,0,0,8,5,3
0385390,0,0,0,0,0,0,0,0,0,0,0,0,0,0,0,0,0,0,0,0,0,0,0,0
59162901,1043,526,517,1035,520,515,7,6,1,594,325,269,1010,511,499,1016,507,509,11,7,4,16,12,4
59162902,75,37,38,74,36,38,1,1,0,34,18,16,71,33,38,75,37,38,0,0,0,0,0,0
59163701,665,332,333,660,327,333,4,4,0,362,191,171,632,315,317,656,325,331,7,5,2,2,2,0
59164501,430,214,216,429,213,216,0,0,0,224,113,111,397,196,201,411,203,208,0,0,0,19,11,8
51108101,245,125,120,245,125,120,0,0,0,133,77,56,226,113,113,245,125,120,0,0,0,0,0,0
59168801,217,106,111,217,106,111,0,0,0,115,61,54,211,103,108,217,106,111,0,0,0,0,0,0
59170001,61,30,31,61,30,31,0,0,0,33,16,17,57,28,29,61,30,31,0,0,0,0,0,0
59170002,70,37,33,70,37,33,0,0,0,27,19,8,63,34,29,68,36,32,0,0,0,2,1,1
59170003,144,71,73,144,71,73,0,0,0,69,38,31,138,67,71,140,68,72,0,0,0,4,3,1
54518001,183,91,92,183,91,92,0,0,0,103,51,52,173,87,86,180,88,92,0,0,0,3,3,0
59172601,251,128,123,251,128,123,0,0,0,136,83,53,236,120,116,244,127,117,0,0,0,7,1,6
59174201,81,35,46,81,35,46,0,0,0,45,22,23,78,33,45,78,33,45,0,0,0,3,2,1
59174202,170,90,80,170,90,80,0,0,0,73,46,27,160,83,77,170,90,80,0,0,0,0,0,0
59174203,1338,661,677,1337,660,677,1,1,0,633,337,296,1281,633,648,1323,651,672,0,0,0,15,10,5
58746001,123,66,57,123,66,57,0,0,0,64,35,29,114,60,54,116,63,53,0,0,0,7,3,4
3398310,0,0,0,0,0,0,0,0,0,0,0,0,0,0,0,0,0,0,0,0,0,0,0,0
55487101,537,287,250,504,255,249,32,31,1,243,128,115,510,265,245,501,256,245,27,27,0,9,4,5
59176901,509,260,249,509,260,249,0,0,0,291,162,129,482,244,238,506,258,248,0,0,0,3,2,1
59176902,61,33,28,55,30,25,5,3,2,25,15,10,57,32,25,56,30,26,0,0,0,5,3,2
59177701,133,65,68,133,65,68,0,0,0,80,47,33,127,60,67,133,65,68,0,0,0,0,0,0
59178501,343,178,165,342,177,165,1,1,0,197,102,95,334,175,159,342,177,165,0,0,0,1,1,0
59179301,230,127,103,228,126,102,2,1,1,124,76,48,216,119,97,226,125,101,0,0,0,4,2,2
59180701,420,208,212,419,207,212,1,1,0,248,141,107,396,200,196,418,206,212,0,0,0,2,2,0
59180702,37,17,20,37,17,20,0,0,0,20,9,11,33,16,17,37,17,20,0,0,0,0,0,0
59181501,289,145,144,289,145,144,0,0,0,169,92,77,272,136,136,288,144,144,0,0,0,1,1,0
59182301,113,56,57,113,56,57,0,0,0,75,44,31,111,55,56,110,54,56,0,0,0,3,2,1
59184001,31,15,16,31,15,16,0,0,0,18,6,12,27,13,14,0,0,0,0,0,0,31,15,16
59184002,671,347,324,670,347,323,1,0,1,322,173,149,644,334,310,663,340,323,0,0,0,8,7,1
59185801,394,204,190,392,204,188,1,0,1,226,131,95,380,199,181,393,203,190,0,0,0,1,1,0
59186601,45,19,26,45,19,26,0,0,0,26,11,15,43,18,25,45,19,26,0,0,0,0,0,0
59186602,71,42,29,71,42,29,0,0,0,41,31,10,69,40,29,69,41,28,0,0,0,2,1,1
59186603,321,156,165,320,155,165,1,1,0,168,95,73,310,151,159,317,153,164,1,1,0,3,2,1
1697730,0,0,0,0,0,0,0,0,0,0,0,0,0,0,0,0,0,0,0,0,0,0,0,0
1698460,0,0,0,0,0,0,0,0,0,0,0,0,0,0,0,0,0,0,0,0,0,0,0,0
1699600,0,0,0,0,0,0,0,0,0,0,0,0,0,0,0,0,0,0,0,0,0,0,0,0
59026601,245,129,116,245,129,116,0,0,0,182,104,78,243,127,116,245,129,116,0,0,0,0,0,0
59026602,181,88,93,181,88,93,0,0,0,118,69,49,174,85,89,181,88,93,0,0,0,0,0,0
59026603,208,96,112,208,96,112,0,0,0,136,72,64,204,95,109,203,92,111,0,0,0,5,4,1
59026604,154,89,65,154,89,65,0,0,0,103,63,40,151,87,64,150,87,63,0,0,0,4,2,2
59026605,272,133,139,271,132,139,1,1,0,154,81,73,263,129,134,268,130,138,0,0,0,4,3,1
59026606,109,57,52,108,57,51,1,0,1,69,38,31,107,55,52,89,47,42,0,0,0,20,10,10
59026609,531,266,265,523,261,262,4,3,1,335,175,160,507,252,255,528,265,263,0,0,0,3,1,2
59026610,1649,762,887,1634,752,882,12,8,4,928,466,462,1581,729,852,1560,714,846,89,48,41,0,0,0
59026611,29,16,13,27,15,12,0,0,0,19,11,8,29,16,13,29,16,13,0,0,0,0,0,0
59026612,1044,521,523,1040,519,521,4,2,2,680,362,318,1016,510,506,1044,521,523,0,0,0,0,0,0
59026613,1849,916,933,1844,913,931,5,3,2,880,466,414,1788,881,907,1848,915,933,1,1,0,0,0,0
59026614,164,76,88,160,75,85,3,1,2,86,43,43,142,62,80,164,76,88,0,0,0,0,0,0
59026615,69,30,39,69,30,39,0,0,0,40,17,23,65,30,35,69,30,39,0,0,0,0,0,0
59026617,89,50,39,89,50,39,0,0,0,60,33,27,87,49,38,89,50,39,0,0,0,0,0,0
59026619,1191,592,599,1180,586,594,10,6,4,735,374,361,1159,576,583,1191,592,599,0,0,0,0,0,0
59026620,459,227,232,455,225,230,3,2,1,307,156,151,450,223,227,457,227,230,2,0,2,0,0,0
59026621,48,25,23,48,25,23,0,0,0,24,12,12,47,24,23,34,18,16,0,0,0,14,7,7
59026622,1511,712,799,1503,708,795,4,2,2,967,464,503,1470,692,778,1511,712,799,0,0,0,0,0,0
59026624,299,146,153,299,146,153,0,0,0,176,92,84,290,142,148,299,146,153,0,0,0,0,0,0
59026625,117,60,57,117,60,57,0,0,0,75,40,35,114,59,55,117,60,57,0,0,0,0,0,0
59026626,1509,712,797,1501,707,794,7,4,3,859,433,426,1453,692,761,1384,676,708,122,35,87,3,1,2
59026627,708,469,239,704,466,238,4,3,1,342,230,112,661,443,218,276,140,136,3,0,3,429,329,100
59026628,336,164,172,330,160,170,5,3,2,211,108,103,320,154,166,267,126,141,55,30,25,14,8,6
59026631,21,13,8,15,8,7,6,5,1,12,7,5,16,9,7,21,13,8,0,0,0,0,0,0
59026632,1330,652,678,1322,648,674,8,4,4,800,399,401,1294,636,658,1324,647,677,6,5,1,0,0,0
59026633,242,94,148,239,93,146,3,1,2,87,38,49,214,86,128,0,0,0,242,94,148,0,0,0
59026634,128,64,64,128,64,64,0,0,0,84,46,38,126,63,63,127,63,64,0,0,0,1,1,0
59026635,2310,1130,1180,2301,1126,1175,7,2,5,1260,653,607,2225,1081,1144,2310,1130,1180,0,0,0,0,0,0
59026636,4191,2026,2165,4172,2018,2154,19,8,11,2199,1119,1080,4053,1955,2098,4190,2025,2165,0,0,0,1,1,0
59026637,910,412,498,908,411,497,2,1,1,521,260,261,870,393,477,910,412,498,0,0,0,0,0,0
59026638,3350,1581,1769,3331,1569,1762,17,12,5,1769,890,879,3220,1513,1707,3349,1580,1769,0,0,0,1,1,0
59026639,2569,1202,1367,2557,1195,1362,11,6,5,1530,744,786,2483,1160,1323,2567,1201,1366,0,0,0,2,1,1
59026641,227,109,118,226,108,118,0,0,0,138,76,62,220,105,115,223,107,116,1,0,1,3,2,1
59026642,554,283,271,545,276,269,9,7,2,322,157,165,507,251,256,524,255,269,29,27,2,1,1,0
59026643,3853,1777,2076,3827,1767,2060,22,9,13,2239,1112,1127,3661,1700,1961,3649,1705,1944,190,65,125,14,7,7
59026645,327,172,155,325,170,155,1,1,0,202,111,91,309,160,149,319,166,153,0,0,0,8,6,2
59026646,1072,507,565,1061,499,562,9,6,3,619,296,323,1025,489,536,1072,507,565,0,0,0,0,0,0
59026647,192,97,95,192,97,95,0,0,0,129,66,63,190,95,95,192,97,95,0,0,0,0,0,0
59026648,197,99,98,197,99,98,0,0,0,116,58,58,194,98,96,197,99,98,0,0,0,0,0,0
59026649,124,65,59,123,64,59,1,1,0,87,47,40,121,64,57,113,60,53,0,0,0,11,5,6
55031101,101,48,53,97,45,52,4,3,1,53,33,20,94,42,52,101,48,53,0,0,0,0,0,0
58769901,110,52,58,106,49,57,4,3,1,45,25,20,103,48,55,97,44,53,0,0,0,13,8,5
59187401,816,402,414,816,402,414,0,0,0,405,202,203,776,382,394,812,398,414,0,0,0,4,4,0
58834201,190,99,91,190,99,91,0,0,0,99,59,40,179,95,84,189,98,91,0,0,0,1,1,0
51124201,404,200,204,403,199,204,1,1,0,217,114,103,376,187,189,403,199,204,0,0,0,1,1,0
59190401,66,30,36,66,30,36,0,0,0,26,16,10,61,28,33,59,26,33,2,1,1,5,3,2
59190402,187,97,90,187,97,90,0,0,0,113,67,46,182,96,86,184,96,88,0,0,0,3,1,2
59190403,891,458,433,888,455,433,3,3,0,457,245,212,854,443,411,877,447,430,0,0,0,14,11,3
59191201,139,69,70,139,69,70,0,0,0,76,39,37,139,69,70,139,69,70,0,0,0,0,0,0
59193901,141,72,69,132,66,66,9,6,3,58,26,32,131,65,66,141,72,69,0,0,0,0,0,0
59193902,691,355,336,691,355,336,0,0,0,394,220,174,667,346,321,672,343,329,1,1,0,18,11,7
59194701,53,29,24,53,29,24,0,0,0,31,20,11,51,29,22,53,29,24,0,0,0,0,0,0
59194703,80,43,37,80,43,37,0,0,0,45,27,18,73,39,34,60,33,27,0,0,0,20,10,10
59195501,118,64,54,118,64,54,0,0,0,50,34,16,110,60,50,117,63,54,0,0,0,1,1,0
59196301,21,9,12,21,9,12,0,0,0,9,4,5,21,9,12,21,9,12,0,0,0,0,0,0
59196302,93,52,41,93,52,41,0,0,0,45,29,16,89,50,39,93,52,41,0,0,0,0,0,0
59198001,209,103,106,209,103,106,0,0,0,114,63,51,202,98,104,209,103,106,0,0,0,0,0,0
59199801,179,93,86,177,92,85,2,1,1,125,69,56,172,91,81,179,93,86,0,0,0,0,0,0
59199802,162,82,80,162,82,80,0,0,0,98,57,41,158,81,77,162,82,80,0,0,0,0,0,0
59199803,145,80,65,145,80,65,0,0,0,82,47,35,143,80,63,145,80,65,0,0,0,0,0,0
59199804,952,477,475,940,468,472,12,9,3,507,269,238,910,456,454,927,466,461,18,6,12,7,5,2
59521701,133,68,65,133,68,65,0,0,0,63,39,24,126,65,61,119,60,59,0,0,0,14,8,6
59524101,188,90,98,187,89,98,1,1,0,113,68,45,182,88,94,187,89,98,0,0,0,1,1,0
59524102,85,43,42,85,43,42,0,0,0,46,27,19,83,41,42,85,43,42,0,0,0,0,0,0
59525001,248,121,127,247,120,127,0,0,0,154,86,68,234,114,120,248,121,127,0,0,0,0,0,0
59525002,78,37,41,78,37,41,0,0,0,55,27,28,75,35,40,78,37,41,0,0,0,0,0,0
59526801,543,276,267,542,276,266,1,0,1,330,193,137,520,264,256,541,275,266,0,0,0,2,1,1
59526802,329,170,159,329,170,159,0,0,0,209,125,84,314,163,151,323,165,158,0,0,0,6,5,1
59527601,238,127,111,236,126,110,2,1,1,146,99,47,233,125,108,232,123,109,0,0,0,6,4,2
59528401,267,145,122,266,145,121,1,0,1,165,104,61,259,141,118,256,140,116,0,0,0,11,5,6
59529201,922,462,460,920,461,459,0,0,0,565,298,267,889,447,442,917,458,459,0,0,0,5,4,1
59529202,194,104,90,194,104,90,0,0,0,125,76,49,183,101,82,194,104,90,0,0,0,0,0,0
59530601,211,105,106,211,105,106,0,0,0,130,72,58,197,97,100,205,101,104,0,0,0,6,4,2
59530602,43,21,22,42,20,22,0,0,0,22,14,8,38,19,19,39,19,20,0,0,0,4,2,2
59532201,171,78,93,171,78,93,0,0,0,96,50,46,169,77,92,168,76,92,0,0,0,3,2,1
59564101,377,181,196,376,180,196,1,1,0,228,121,107,363,177,186,368,175,193,0,0,0,9,6,3
59564102,48,25,23,46,24,22,1,0,1,24,14,10,46,24,22,48,25,23,0,0,0,0,0,0
59564103,319,151,168,319,151,168,0,0,0,188,99,89,311,150,161,319,151,168,0,0,0,0,0,0
59534901,150,80,70,147,78,69,3,2,1,70,46,24,136,71,65,142,75,67,0,0,0,8,5,3
59535701,150,76,74,150,76,74,0,0,0,84,50,34,138,69,69,150,76,74,0,0,0,0,0,0
59535702,26,12,14,26,12,14,0,0,0,11,6,5,25,12,13,26,12,14,0,0,0,0,0,0
59536501,23,10,13,23,10,13,0,0,0,7,5,2,16,9,7,4,2,2,0,0,0,19,8,11
59536502,275,150,125,274,149,125,1,1,0,143,92,51,268,146,122,275,150,125,0,0,0,0,0,0
59538101,152,82,70,150,81,69,2,1,1,71,42,29,138,74,64,140,74,66,0,0,0,12,8,4
59538102,23,13,10,23,13,10,0,0,0,6,4,2,18,12,6,23,13,10,0,0,0,0,0,0
59539001,166,81,85,166,81,85,0,0,0,93,49,44,165,81,84,166,81,85,0,0,0,0,0,0
59540301,168,90,78,168,90,78,0,0,0,90,56,34,165,87,78,168,90,78,0,0,0,0,0,0
0170270,0,0,0,0,0,0,0,0,0,0,0,0,0,0,0,0,0,0,0,0,0,0,0,0
59541101,78,47,31,78,47,31,0,0,0,58,40,18,76,45,31,78,47,31,0,0,0,0,0,0
59541102,81,38,43,81,38,43,0,0,0,60,33,27,81,38,43,81,38,43,0,0,0,0,0,0
59541103,122,61,61,118,57,61,4,4,0,73,39,34,116,56,60,121,61,60,0,0,0,1,0,1
59541104,293,157,136,293,157,136,0,0,0,212,127,85,288,154,134,289,156,133,0,0,0,4,1,3
59541105,33,16,17,33,16,17,0,0,0,20,14,6,33,16,17,29,15,14,0,0,0,4,1,3
59541106,96,47,49,96,47,49,0,0,0,63,34,29,92,44,48,94,46,48,0,0,0,2,1,1
59541107,71,29,42,71,29,42,0,0,0,49,21,28,71,29,42,71,29,42,0,0,0,0,0,0
59541108,107,56,51,107,56,51,0,0,0,72,43,29,102,54,48,107,56,51,0,0,0,0,0,0
59541109,62,31,31,62,31,31,0,0,0,44,24,20,61,31,30,62,31,31,0,0,0,0,0,0
59541110,194,105,89,194,105,89,0,0,0,115,75,40,187,100,87,194,105,89,0,0,0,0,0,0
59541111,97,45,52,97,45,52,0,0,0,67,34,33,96,45,51,97,45,52,0,0,0,0,0,0
59541112,37,17,20,37,17,20,0,0,0,23,10,13,34,15,19,37,17,20,0,0,0,0,0,0
59541113,935,451,484,933,450,483,2,1,1,506,250,256,888,429,459,934,450,484,0,0,0,1,1,0
59541114,1698,800,898,1691,798,893,7,2,5,912,441,471,1638,771,867,1698,800,898,0,0,0,0,0,0
59541115,41,22,19,41,22,19,0,0,0,17,11,6,40,21,19,40,21,19,1,1,0,0,0,0
59541116,671,327,344,671,327,344,0,0,0,373,194,179,635,314,321,670,326,344,0,0,0,1,1,0
59541117,80,44,36,80,44,36,0,0,0,52,30,22,78,42,36,80,44,36,0,0,0,0,0,0
59541118,1202,569,633,1194,564,630,4,2,2,603,316,287,1162,549,613,1157,559,598,45,10,35,0,0,0
59541119,663,323,340,661,322,339,1,1,0,383,212,171,639,314,325,663,323,340,0,0,0,0,0,0
59541120,121,60,61,121,60,61,0,0,0,75,39,36,114,56,58,117,58,59,3,1,2,1,1,0
59541122,810,441,369,804,438,366,6,3,3,465,256,209,766,417,349,651,319,332,0,0,0,159,122,37
59542001,90,44,46,90,44,46,0,0,0,56,27,29,89,43,46,90,44,46,0,0,0,0,0,0
59542002,72,37,35,69,35,34,1,0,1,31,19,12,67,35,32,70,36,34,0,0,0,2,1,1
58801601,102,55,47,102,55,47,0,0,0,45,28,17,97,53,44,102,55,47,0,0,0,0,0,0
59543801,240,123,117,240,123,117,0,0,0,135,76,59,230,118,112,240,123,117,0,0,0,0,0,0
59543802,48,30,18,48,30,18,0,0,0,25,19,6,47,29,18,48,30,18,0,0,0,0,0,0
59545401,526,269,257,525,269,256,1,0,1,337,196,141,512,263,249,500,255,245,0,0,0,26,14,12
59545402,38,19,19,38,19,19,0,0,0,23,12,11,38,19,19,35,17,18,0,0,0,3,2,1
59545403,77,42,35,77,42,35,0,0,0,55,33,22,71,39,32,77,42,35,0,0,0,0,0,0
59546202,154,73,81,153,72,81,1,1,0,79,41,38,150,71,79,154,73,81,0,0,0,0,0,0
59547101,254,123,131,253,122,131,1,1,0,172,97,75,249,121,128,254,123,131,0,0,0,0,0,0
59548901,346,179,167,344,178,166,2,1,1,180,107,73,331,171,160,338,172,166,2,1,1,6,6,0
59550101,455,218,237,454,218,236,1,0,1,244,130,114,427,206,221,436,208,228,0,0,0,19,10,9
59550102,36,17,19,36,17,19,0,0,0,22,12,10,36,17,19,35,16,19,0,0,0,1,1,0
59551901,141,68,73,141,68,73,0,0,0,75,44,31,133,66,67,138,66,72,0,0,0,3,2,1
59553501,568,294,274,565,292,273,2,2,0,209,119,90,536,279,257,499,257,242,7,3,4,62,34,28
59553502,41,21,20,41,21,20,0,0,0,21,15,6,37,19,18,41,21,20,0,0,0,0,0,0
59557801,321,164,157,320,163,157,1,1,0,188,101,87,308,158,150,307,155,152,2,1,1,12,8,4
59558601,1163,575,588,1158,572,586,3,1,2,472,257,215,1130,562,568,1134,559,575,0,0,0,29,16,13
59558602,249,116,133,247,115,132,2,1,1,137,68,69,244,114,130,244,114,130,0,0,0,5,2,3
59558603,106,46,60,106,46,60,0,0,0,49,21,28,100,43,57,106,46,60,0,0,0,0,0,0
0383342,0,0,0,0,0,0,0,0,0,0,0,0,0,0,0,0,0,0,0,0,0,0,0,0
59559401,804,407,397,802,407,395,2,0,2,468,250,218,765,388,377,785,396,389,11,5,6,8,6,2
59559402,73,42,31,73,42,31,0,0,0,47,29,18,64,36,28,73,42,31,0,0,0,0,0,0
59559403,71,33,38,71,33,38,0,0,0,45,24,21,71,33,38,62,29,33,0,0,0,9,4,5
59559405,348,175,173,348,175,173,0,0,0,206,118,88,337,174,163,348,175,173,0,0,0,0,0,0
59560801,21,11,10,21,11,10,0,0,0,14,10,4,20,11,9,0,0,0,0,0,0,21,11,10
59560802,188,95,93,188,95,93,0,0,0,103,66,37,177,89,88,188,95,93,0,0,0,0,0,0
59562401,148,75,73,148,75,73,0,0,0,79,49,30,144,72,72,142,73,69,0,0,0,6,2,4
59565901,170,89,81,169,88,81,1,1,0,94,62,32,170,89,81,165,85,80,0,0,0,5,4,1
59565902,22,10,12,22,10,12,0,0,0,11,6,5,22,10,12,22,10,12,0,0,0,0,0,0
59567501,83,40,43,83,40,43,0,0,0,37,23,14,78,38,40,83,40,43,0,0,0,0,0,0
59568301,67,39,28,67,39,28,0,0,0,41,33,8,65,37,28,67,39,28,0,0,0,0,0,0
59571301,169,92,77,167,91,76,2,1,1,92,58,34,155,84,71,168,92,76,0,0,0,1,0,1
59572101,210,104,106,210,104,106,0,0,0,108,64,44,195,98,97,200,101,99,8,3,5,2,0,2
59570501,40,20,20,40,20,20,0,0,0,27,17,10,39,19,20,33,17,16,0,0,0,7,3,4
59573001,329,175,154,329,175,154,0,0,0,180,108,72,322,171,151,329,175,154,0,0,0,0,0,0
59575601,606,315,291,599,310,289,6,5,1,364,210,154,575,296,279,601,311,290,0,0,0,5,4,1
59574801,108,54,54,108,54,54,0,0,0,59,35,24,103,53,50,104,51,53,0,0,0,4,3,1
0602322,0,0,0,0,0,0,0,0,0,0,0,0,0,0,0,0,0,0,0,0,0,0,0,0
59577201,208,103,105,208,103,105,0,0,0,129,67,62,195,95,100,208,103,105,0,0,0,0,0,0
59577202,650,313,337,646,311,335,4,2,2,350,177,173,617,301,316,626,295,331,1,0,1,23,18,5
59577203,109,52,57,108,52,56,1,0,1,66,37,29,106,52,54,109,52,57,0,0,0,0,0,0
59577204,60,32,28,60,32,28,0,0,0,40,25,15,60,32,28,60,32,28,0,0,0,0,0,0
59577205,89,49,40,89,49,40,0,0,0,52,30,22,88,49,39,89,49,40,0,0,0,0,0,0
59580201,275,140,135,268,134,134,7,6,1,160,90,70,253,130,123,274,140,134,0,0,0,1,0,1
59581101,172,87,85,172,87,85,0,0,0,96,55,41,168,85,83,170,85,85,0,0,0,2,2,0
59582901,153,87,66,149,83,66,4,4,0,57,36,21,139,78,61,153,87,66,0,0,0,0,0,0
59584501,109,57,52,104,53,51,5,4,1,33,16,17,99,52,47,97,53,44,4,1,3,8,3,5
59585301,153,82,71,153,82,71,0,0,0,83,51,32,145,77,68,149,80,69,0,0,0,4,2,2
59586101,31,17,14,31,17,14,0,0,0,19,15,4,31,17,14,31,17,14,0,0,0,0,0,0
59586102,171,92,79,171,92,79,0,0,0,107,67,40,166,89,77,152,82,70,1,1,0,18,9,9
59586103,51,30,21,51,30,21,0,0,0,30,21,9,51,30,21,51,30,21,0,0,0,0,0,0
59587001,103,51,52,103,51,52,0,0,0,70,44,26,102,51,51,103,51,52,0,0,0,0,0,0
59588801,172,85,87,172,85,87,0,0,0,67,36,31,163,80,83,166,81,85,0,0,0,6,4,2
59589601,101,46,55,101,46,55,0,0,0,57,28,29,98,46,52,100,45,55,0,0,0,1,1,0
59590001,270,135,135,270,135,135,0,0,0,164,87,77,266,133,133,267,133,134,0,0,0,3,2,1
58784201,368,188,180,368,188,180,0,0,0,217,127,90,355,180,175,367,187,180,0,0,0,1,1,0
59591801,76,33,43,74,32,42,2,1,1,36,13,23,75,32,43,69,30,39,0,0,0,7,3,4
59591802,273,131,142,272,131,141,0,0,0,136,80,56,262,128,134,266,127,139,0,0,0,7,4,3
59591803,25,13,12,25,13,12,0,0,0,9,8,1,21,11,10,25,13,12,0,0,0,0,0,0
59592601,29,15,14,29,15,14,0,0,0,18,12,6,24,13,11,29,15,14,0,0,0,0,0,0
59592602,1744,880,864,1731,871,860,12,9,3,928,510,418,1680,852,828,1698,860,838,36,13,23,10,7,3
59595101,615,310,305,612,307,305,3,3,0,321,183,138,583,295,288,606,305,301,0,0,0,9,5,4
59596901,87,44,43,87,44,43,0,0,0,48,30,18,82,43,39,86,43,43,0,0,0,1,1,0
59596902,104,49,55,104,49,55,0,0,0,70,39,31,102,48,54,104,49,55,0,0,0,0,0,0
59597701,168,87,81,168,87,81,0,0,0,85,58,27,159,81,78,168,87,81,0,0,0,0,0,0
59600101,45,23,22,45,23,22,0,0,0,26,16,10,44,23,21,45,23,22,0,0,0,0,0,0
59601901,527,270,257,523,269,254,3,1,2,250,148,102,450,235,215,524,268,256,0,0,0,3,2,1
59601902,88,51,37,76,39,37,12,12,0,47,28,19,80,44,36,88,51,37,0,0,0,0,0,0
59603501,228,127,101,228,127,101,0,0,0,83,53,30,216,119,97,224,124,100,0,0,0,4,3,1
59605101,364,201,163,326,167,159,34,30,4,219,130,89,355,200,155,307,157,150,37,34,3,20,10,10
59605103,28,14,14,28,14,14,0,0,0,11,8,3,23,12,11,26,13,13,2,1,1,0,0,0
59606001,55,25,30,55,25,30,0,0,0,27,15,12,53,24,29,55,25,30,0,0,0,0,0,0
59608601,258,133,125,258,133,125,0,0,0,168,98,70,250,131,119,258,133,125,0,0,0,0,0,0
59609401,27,12,15,27,12,15,0,0,0,17,7,10,26,11,15,27,12,15,0,0,0,0,0,0
59609402,423,203,220,423,203,220,0,0,0,261,131,130,408,194,214,418,201,217,0,0,0,5,2,3
59610801,195,92,103,195,92,103,0,0,0,111,55,56,191,91,100,194,91,103,0,0,0,1,1,0
59611601,1840,941,899,1832,937,895,7,3,4,984,578,406,1762,902,860,1817,931,886,10,1,9,13,9,4
59611602,147,77,70,147,77,70,0,0,0,89,54,35,143,76,67,147,77,70,0,0,0,0,0,0
58751601,167,79,88,167,79,88,0,0,0,107,57,50,161,78,83,165,77,88,0,0,0,2,2,0
54983501,48,26,22,48,26,22,0,0,0,27,18,9,47,25,22,48,26,22,0,0,0,0,0,0
58777001,72,41,31,72,41,31,0,0,0,45,30,15,68,38,30,63,35,28,0,0,0,9,6,3
59613201,121,66,55,121,66,55,0,0,0,62,37,25,121,66,55,104,58,46,0,0,0,17,8,9
59614101,650,306,344,649,306,343,1,0,1,289,164,125,602,287,315,565,279,286,69,15,54,16,12,4
59615901,24,14,10,24,14,10,0,0,0,13,8,5,24,14,10,23,13,10,0,0,0,1,1,0
59615902,20,11,9,20,11,9,0,0,0,10,5,5,17,9,8,14,8,6,0,0,0,6,3,3
59618301,23,13,10,23,13,10,0,0,0,7,4,3,23,13,10,11,6,5,0,0,0,12,7,5
59618302,299,145,154,290,139,151,7,6,1,167,94,73,274,131,143,294,142,152,0,0,0,5,3,2
59618303,26,12,14,25,11,14,1,1,0,13,8,5,26,12,14,26,12,14,0,0,0,0,0,0
59620501,150,74,76,150,74,76,0,0,0,103,59,44,150,74,76,150,74,76,0,0,0,0,0,0
59620502,734,372,362,734,372,362,0,0,0,459,260,199,718,365,353,729,367,362,0,0,0,5,5,0
59620503,39,24,15,39,24,15,0,0,0,22,17,5,35,21,14,38,23,15,0,0,0,1,1,0
59621301,153,71,82,152,70,82,1,1,0,101,57,44,148,69,79,152,71,81,0,0,0,1,0,1
59622101,631,321,310,630,320,310,1,1,0,416,236,180,610,311,299,628,320,308,0,0,0,3,1,2
58797401,308,155,153,308,155,153,0,0,0,162,88,74,300,151,149,307,154,153,0,0,0,1,1,0
59623001,166,90,76,166,90,76,0,0,0,118,76,42,161,88,73,163,88,75,0,0,0,3,2,1
59623002,235,123,112,233,121,112,2,2,0,166,93,73,232,121,111,227,118,109,2,2,0,6,3,3
59623003,246,122,124,246,122,124,0,0,0,177,89,88,240,120,120,242,120,122,0,0,0,4,2,2
59623004,462,231,231,462,231,231,0,0,0,334,179,155,456,228,228,457,228,229,0,0,0,5,3,2
59623005,241,124,117,241,124,117,0,0,0,151,91,60,234,120,114,241,124,117,0,0,0,0,0,0
59623006,211,111,100,211,111,100,0,0,0,146,79,67,202,106,96,207,109,98,0,0,0,4,2,2
59623007,215,102,113,215,102,113,0,0,0,145,74,71,206,96,110,186,90,96,0,0,0,29,12,17
59623008,31,14,17,31,14,17,0,0,0,22,10,12,31,14,17,17,8,9,0,0,0,14,6,8
59623009,431,227,204,431,227,204,0,0,0,307,177,130,417,220,197,428,225,203,0,0,0,3,2,1
59623010,1078,531,547,1071,530,541,7,1,6,650,356,294,1038,517,521,1060,524,536,1,0,1,17,7,10
59623011,654,294,360,654,294,360,0,0,0,378,183,195,621,280,341,613,283,330,39,10,29,2,1,1
59623012,188,98,90,188,98,90,0,0,0,118,66,52,180,96,84,182,95,87,0,0,0,6,3,3
59623013,105,49,56,103,48,55,2,1,1,57,28,29,104,49,55,93,44,49,0,0,0,12,5,7
59623015,355,166,189,353,165,188,1,0,1,209,106,103,343,162,181,349,163,186,0,0,0,6,3,3
59623016,22,11,11,22,11,11,0,0,0,15,8,7,22,11,11,16,7,9,2,1,1,4,3,1
59623017,702,364,338,699,362,337,1,1,0,373,206,167,679,348,331,610,283,327,0,0,0,92,81,11
59623018,760,357,403,751,353,398,9,4,5,375,184,191,733,348,385,749,353,396,11,4,7,0,0,0
59623019,344,163,181,344,163,181,0,0,0,207,104,103,340,161,179,344,163,181,0,0,0,0,0,0
59623020,243,110,133,236,106,130,4,2,2,128,58,70,219,102,117,243,110,133,0,0,0,0,0,0
59623022,804,391,413,804,391,413,0,0,0,496,260,236,784,381,403,790,383,407,14,8,6,0,0,0
59623023,99,56,43,93,51,42,6,5,1,47,28,19,95,52,43,98,55,43,0,0,0,1,1,0
59623026,807,390,417,799,387,412,8,3,5,417,216,201,779,375,404,799,385,414,6,4,2,2,1,1
59623027,1089,526,563,1078,519,559,11,7,4,597,311,286,1054,510,544,1076,516,560,13,10,3,0,0,0
59624801,260,128,132,260,128,132,0,0,0,133,74,59,238,116,122,254,124,130,0,0,0,6,4,2
59625601,1295,643,652,1283,635,648,12,8,4,719,391,328,1245,617,628,1275,629,646,12,6,6,8,8,0
59626401,23,14,9,23,14,9,0,0,0,13,8,5,21,12,9,23,14,9,0,0,0,0,0,0
59626402,38,15,23,38,15,23,0,0,0,20,9,11,38,15,23,38,15,23,0,0,0,0,0,0
59627201,169,91,78,166,89,77,3,2,1,103,62,41,163,89,74,168,90,78,0,0,0,1,1,0
59628101,413,212,201,412,211,201,1,1,0,243,136,107,396,203,193,410,209,201,0,0,0,3,3,0
59632901,224,118,106,223,118,105,1,0,1,133,76,57,216,114,102,222,116,106,0,0,0,2,2,0
59632902,87,41,46,87,41,46,0,0,0,38,25,13,85,39,46,84,39,45,0,0,0,3,2,1
59633701,659,337,322,658,337,321,1,0,1,329,173,156,638,324,314,649,330,319,6,4,2,4,3,1
51141201,137,74,63,137,74,63,0,0,0,62,30,32,124,65,59,137,74,63,0,0,0,0,0,0
59634501,33,16,17,33,16,17,0,0,0,14,8,6,28,16,12,32,15,17,0,0,0,1,1,0
59634502,902,426,476,899,425,474,2,0,2,425,218,207,853,403,450,886,415,471,0,0,0,16,11,5
59635301,95,47,48,95,47,48,0,0,0,32,14,18,86,44,42,95,47,48,0,0,0,0,0,0
59636101,895,447,448,888,444,444,7,3,4,467,266,201,854,426,428,882,439,443,0,0,0,13,8,5
59636102,30,18,12,30,18,12,0,0,0,16,11,5,29,17,12,30,18,12,0,0,0,0,0,0
59637001,54,28,26,54,28,26,0,0,0,34,22,12,51,26,25,54,28,26,0,0,0,0,0,0
59637002,186,96,90,186,96,90,0,0,0,107,57,50,180,92,88,185,95,90,0,0,0,1,1,0
59637003,86,42,44,86,42,44,0,0,0,47,27,20,85,42,43,84,41,43,2,1,1,0,0,0
0932620,0,0,0,0,0,0,0,0,0,0,0,0,0,0,0,0,0,0,0,0,0,0,0,0
59638801,250,132,118,250,132,118,0,0,0,157,89,68,242,128,114,245,129,116,0,0,0,5,3,2
59639601,326,173,153,326,173,153,0,0,0,200,122,78,309,163,146,320,169,151,0,0,0,6,4,2
59641801,244,133,111,243,132,111,1,1,0,104,65,39,223,122,101,232,127,105,0,0,0,12,6,6
59641802,51,26,25,51,26,25,0,0,0,29,17,12,50,26,24,51,26,25,0,0,0,0,0,0
54991601,314,164,150,314,164,150,0,0,0,193,121,72,302,156,146,313,163,150,0,0,0,1,1,0
59643401,157,79,78,156,78,78,1,1,0,84,52,32,149,73,76,157,79,78,0,0,0,0,0,0
59644201,241,119,122,240,119,121,1,0,1,114,60,54,232,116,116,240,118,122,0,0,0,1,1,0
59645101,253,135,118,253,135,118,0,0,0,157,98,59,245,131,114,252,135,117,0,0,0,1,0,1
59646901,88,47,41,88,47,41,0,0,0,56,36,20,88,47,41,87,46,41,0,0,0,1,1,0
59647702,146,79,67,146,79,67,0,0,0,95,59,36,144,79,65,142,77,65,0,0,0,4,2,2
59648501,94,41,53,93,40,53,1,1,0,51,23,28,90,38,52,5,1,4,1,1,0,88,39,49
59648502,702,354,348,700,352,348,2,2,0,296,158,138,685,341,344,692,345,347,1,1,0,9,8,1
59649301,55,26,29,55,26,29,0,0,0,37,20,17,53,26,27,55,26,29,0,0,0,0,0,0
59649302,102,56,46,102,56,46,0,0,0,67,46,21,100,54,46,102,56,46,0,0,0,0,0,0
59649303,192,98,94,192,98,94,0,0,0,119,68,51,188,96,92,189,96,93,0,0,0,3,2,1
59650701,51,26,25,51,26,25,0,0,0,25,13,12,44,21,23,51,26,25,0,0,0,0,0,0
58805901,129,77,52,129,77,52,0,0,0,55,44,11,119,70,49,126,76,50,0,0,0,3,1,2
59651501,173,83,90,173,83,90,0,0,0,88,39,49,163,78,85,171,82,89,0,0,0,2,1,1
59652301,123,61,62,121,60,61,2,1,1,58,32,26,115,58,57,109,54,55,2,1,1,12,6,6
59653101,599,308,291,595,305,290,3,3,0,346,210,136,584,303,281,580,295,285,5,3,2,14,10,4
54992401,111,60,51,111,60,51,0,0,0,59,39,20,109,60,49,110,59,51,0,0,0,1,1,0
54992402,45,22,23,45,22,23,0,0,0,27,18,9,44,21,23,45,22,23,0,0,0,0,0,0
59654001,95,53,42,95,53,42,0,0,0,63,40,23,94,52,42,95,53,42,0,0,0,0,0,0
59655801,287,142,145,287,142,145,0,0,0,166,93,73,280,138,142,286,141,145,0,0,0,1,1,0
59656601,144,70,74,143,69,74,1,1,0,74,37,37,142,69,73,144,70,74,0,0,0,0,0,0
59657401,886,453,433,886,453,433,0,0,0,520,310,210,839,430,409,877,449,428,0,0,0,9,4,5
59657402,28,17,11,28,17,11,0,0,0,15,11,4,26,15,11,28,17,11,0,0,0,0,0,0
58773701,99,45,54,99,45,54,0,0,0,48,28,20,98,44,54,98,45,53,0,0,0,1,0,1
54994101,41,19,22,41,19,22,0,0,0,19,13,6,41,19,22,40,18,22,0,0,0,1,1,0
59660401,31,17,14,31,17,14,0,0,0,15,9,6,30,17,13,31,17,14,0,0,0,0,0,0
59660402,77,42,35,77,42,35,0,0,0,34,21,13,75,40,35,74,41,33,0,0,0,3,1,2
59661201,62,33,29,62,33,29,0,0,0,37,24,13,57,31,26,62,33,29,0,0,0,0,0,0
59661202,553,270,283,551,269,282,1,1,0,274,156,118,533,262,271,535,264,271,12,3,9,6,3,3
59663901,87,41,46,87,41,46,0,0,0,53,33,20,84,40,44,84,40,44,0,0,0,3,1,2
59664701,80,46,34,80,46,34,0,0,0,53,36,17,76,43,33,80,46,34,0,0,0,0,0,0
59664702,40,24,16,40,24,16,0,0,0,21,15,6,39,24,15,40,24,16,0,0,0,0,0,0
59664703,81,45,36,81,45,36,0,0,0,47,29,18,78,42,36,78,44,34,0,0,0,3,1,2
59664704,430,211,219,430,211,219,0,0,0,259,141,118,415,202,213,411,199,212,0,0,0,19,12,7
59664705,20,9,11,20,9,11,0,0,0,10,4,6,17,8,9,20,9,11,0,0,0,0,0,0
59665501,68,33,35,68,33,35,0,0,0,34,17,17,66,33,33,68,33,35,0,0,0,0,0,0
59665502,505,259,246,505,259,246,0,0,0,262,151,111,493,255,238,496,255,241,0,0,0,9,4,5
59665503,23,11,12,22,10,12,1,1,0,12,7,5,23,11,12,23,11,12,0,0,0,0,0,0
59665504,164,91,73,164,91,73,0,0,0,80,49,31,154,86,68,164,91,73,0,0,0,0,0,0
59666301,36,21,15,36,21,15,0,0,0,17,11,6,31,17,14,36,21,15,0,0,0,0,0,0
59666302,346,190,156,343,187,156,2,2,0,148,85,63,334,179,155,337,184,153,0,0,0,9,6,3
59667101,211,104,107,211,104,107,0,0,0,126,75,51,201,98,103,211,104,107,0,0,0,0,0,0
59668001,454,224,230,454,224,230,0,0,0,309,169,140,437,216,221,449,220,229,4,3,1,1,1,0
59670101,35,17,18,35,17,18,0,0,0,15,6,9,32,15,17,35,17,18,0,0,0,0,0,0
59670102,578,292,286,574,289,285,3,2,1,292,160,132,557,281,276,560,278,282,7,5,2,11,9,2
59670103,24,10,14,24,10,14,0,0,0,15,8,7,24,10,14,24,10,14,0,0,0,0,0,0
58823701,265,130,135,253,126,127,12,4,8,134,72,62,243,119,124,261,129,132,0,0,0,4,1,3
59671001,42,14,28,42,14,28,0,0,0,22,11,11,42,14,28,42,14,28,0,0,0,0,0,0
59671002,98,54,44,98,54,44,0,0,0,66,42,24,93,49,44,95,51,44,2,2,0,1,1,0
59671003,32,15,17,32,15,17,0,0,0,17,9,8,29,14,15,31,15,16,0,0,0,1,0,1
59672801,271,146,125,271,146,125,0,0,0,173,111,62,261,140,121,270,145,125,0,0,0,1,1,0
59673601,99,48,51,99,48,51,0,0,0,51,25,26,96,46,50,95,46,49,1,1,0,3,1,2
59674401,215,102,113,212,99,113,3,3,0,102,55,47,205,97,108,207,98,109,0,0,0,8,4,4
59675201,104,54,50,104,54,50,0,0,0,41,22,19,94,48,46,88,46,42,0,0,0,16,8,8
59675202,28,15,13,28,15,13,0,0,0,10,6,4,24,12,12,25,13,12,0,0,0,3,2,1
59676101,154,82,72,154,82,72,0,0,0,86,53,33,152,80,72,136,74,62,0,0,0,18,8,10
59678701,21,13,8,21,13,8,0,0,0,12,8,4,20,13,7,21,13,8,0,0,0,0,0,0
59678702,21,10,11,21,10,11,0,0,0,12,6,6,20,9,11,21,10,11,0,0,0,0,0,0
59678703,46,28,18,46,28,18,0,0,0,19,13,6,43,26,17,46,28,18,0,0,0,0,0,0
59678704,48,30,18,47,30,17,1,0,1,9,5,4,41,25,16,37,22,15,6,4,2,5,4,1
59678706,541,258,283,539,257,282,2,1,1,289,150,139,519,246,273,530,254,276,7,2,5,4,2,2
59678707,41,21,20,41,21,20,0,0,0,19,9,10,41,21,20,40,21,19,0,0,0,1,0,1
59679501,26,16,10,26,16,10,0,0,0,15,11,4,26,16,10,24,15,9,0,0,0,2,1,1
59680901,122,64,58,122,64,58,0,0,0,87,54,33,118,62,56,122,64,58,0,0,0,0,0,0
59681701,47,28,19,46,27,19,1,1,0,30,23,7,46,27,19,47,28,19,0,0,0,0,0,0
59681702,106,52,54,106,52,54,0,0,0,69,34,35,105,51,54,106,52,54,0,0,0,0,0,0
59681703,37,21,16,37,21,16,0,0,0,20,15,5,33,20,13,37,21,16,0,0,0,0,0,0
59681704,400,201,199,399,200,199,1,1,0,214,121,93,391,198,193,395,197,198,0,0,0,5,4,1
59682501,73,37,36,73,37,36,0,0,0,40,23,17,66,36,30,67,33,34,0,0,0,6,4,2
59682503,140,67,73,139,67,72,1,0,1,85,44,41,129,63,66,140,67,73,0,0,0,0,0,0
59682504,139,45,94,139,45,94,0,0,0,14,7,7,89,31,58,15,7,8,113,32,81,11,6,5
59682505,37,17,20,37,17,20,0,0,0,22,11,11,36,17,19,33,15,18,0,0,0,4,2,2
59682506,486,236,250,484,234,250,1,1,0,287,157,130,460,223,237,452,219,233,2,1,1,32,16,16
54988601,100,50,50,100,50,50,0,0,0,53,37,16,97,49,48,98,49,49,0,0,0,2,1,1
59683301,45,22,23,45,22,23,0,0,0,27,11,16,44,21,23,42,20,22,0,0,0,3,2,1
59683302,95,48,47,95,48,47,0,0,0,53,29,24,93,47,46,94,48,46,0,0,0,1,0,1
59684101,414,207,207,411,205,206,2,1,1,235,127,108,394,198,196,411,204,207,0,0,0,3,3,0
59684102,26,12,14,26,12,14,0,0,0,18,9,9,26,12,14,0,0,0,0,0,0,26,12,14
59685001,110,57,53,110,57,53,0,0,0,65,44,21,103,52,51,110,57,53,0,0,0,0,0,0
59686801,76,44,32,76,44,32,0,0,0,44,28,16,68,40,28,75,43,32,1,1,0,0,0,0
59686803,151,82,69,150,82,68,1,0,1,85,48,37,143,79,64,151,82,69,0,0,0,0,0,0
59686804,1102,549,553,1098,547,551,3,2,1,575,312,263,1052,524,528,1085,536,549,0,0,0,17,13,4
59687601,670,333,337,669,332,337,1,1,0,292,148,144,636,315,321,647,323,324,15,6,9,8,4,4
59688401,120,58,62,120,58,62,0,0,0,53,28,25,108,51,57,111,53,58,2,2,0,7,3,4
59688402,39,17,22,39,17,22,0,0,0,22,13,9,37,17,20,39,17,22,0,0,0,0,0,0
59688403,487,256,231,485,254,231,1,1,0,275,166,109,461,240,221,463,242,221,1,1,0,23,13,10
59688404,48,21,27,47,21,26,0,0,0,25,15,10,47,21,26,48,21,27,0,0,0,0,0,0
59183101,654,337,317,653,336,317,1,1,0,368,208,160,642,329,313,644,331,313,0,0,0,10,6,4
58775301,109,55,54,108,55,53,1,0,1,48,25,23,107,55,52,84,44,40,4,2,2,21,9,12
54995901,80,39,41,80,39,41,0,0,0,54,31,23,77,38,39,79,38,41,0,0,0,1,1,0
59690601,32,18,14,32,18,14,0,0,0,17,11,6,31,17,14,32,18,14,0,0,0,0,0,0
59690602,344,190,154,344,190,154,0,0,0,174,104,70,331,181,150,338,187,151,0,0,0,6,3,3
59691401,80,37,43,80,37,43,0,0,0,45,20,25,78,35,43,66,31,35,0,0,0,14,6,8
59691403,39,19,20,39,19,20,0,0,0,24,14,10,37,18,19,39,19,20,0,0,0,0,0,0
59691404,105,51,54,105,51,54,0,0,0,66,38,28,104,50,54,104,50,54,0,0,0,1,1,0
59691405,161,82,79,159,81,78,2,1,1,97,54,43,150,77,73,159,81,78,0,0,0,2,1,1
59691406,79,42,37,79,42,37,0,0,0,42,24,18,74,40,34,79,42,37,0,0,0,0,0,0
59692201,263,139,124,263,139,124,0,0,0,153,91,62,251,133,118,258,136,122,0,0,0,5,3,2
59693101,188,95,93,188,95,93,0,0,0,98,55,43,177,90,87,186,95,91,0,0,0,2,0,2
59694901,317,164,153,315,162,153,2,2,0,182,109,73,301,156,145,304,157,147,0,0,0,13,7,6
59695701,91,44,47,90,44,46,1,0,1,43,25,18,90,44,46,89,43,46,0,0,0,2,1,1
59695702,92,54,38,92,54,38,0,0,0,59,41,18,90,52,38,92,54,38,0,0,0,0,0,0
59695703,104,56,48,104,56,48,0,0,0,74,44,30,100,54,46,102,55,47,0,0,0,2,1,1
59695704,133,72,61,133,72,61,0,0,0,84,52,32,130,71,59,133,72,61,0,0,0,0,0,0
59695705,218,107,111,218,107,111,0,0,0,133,70,63,211,105,106,218,107,111,0,0,0,0,0,0
59695707,32,20,12,30,18,12,0,0,0,15,11,4,32,20,12,32,20,12,0,0,0,0,0,0
59696501,311,158,153,311,158,153,0,0,0,168,96,72,303,152,151,311,158,153,0,0,0,0,0,0
3149780,0,0,0,0,0,0,0,0,0,0,0,0,0,0,0,0,0,0,0,0,0,0,0,0
3181410,0,0,0,0,0,0,0,0,0,0,0,0,0,0,0,0,0,0,0,0,0,0,0,0
3296900,0,0,0,0,0,0,0,0,0,0,0,0,0,0,0,0,0,0,0,0,0,0,0,0
3394580,0,0,0,0,0,0,0,0,0,0,0,0,0,0,0,0,0,0,0,0,0,0,0,0
59697301,72,36,36,72,36,36,0,0,0,39,24,15,67,32,35,72,36,36,0,0,0,0,0,0
59697302,127,70,57,127,70,57,0,0,0,89,53,36,121,68,53,126,69,57,1,1,0,0,0,0
59697303,156,75,81,156,75,81,0,0,0,105,53,52,148,71,77,156,75,81,0,0,0,0,0,0
59697304,80,43,37,80,43,37,0,0,0,46,26,20,79,43,36,80,43,37,0,0,0,0,0,0
59697305,50,23,27,43,20,23,7,3,4,26,15,11,44,21,23,43,21,22,0,0,0,7,2,5
59697306,78,38,40,78,38,40,0,0,0,47,25,22,76,37,39,78,38,40,0,0,0,0,0,0
59697308,188,98,90,188,98,90,0,0,0,114,66,48,184,96,88,185,96,89,0,0,0,3,2,1
59697309,42,20,22,41,19,22,1,1,0,24,13,11,40,19,21,42,20,22,0,0,0,0,0,0
59697310,436,212,224,432,210,222,4,2,2,241,129,112,415,202,213,434,212,222,1,0,1,1,0,1
59697311,281,159,122,273,157,116,8,2,6,141,80,61,264,146,118,236,123,113,1,1,0,44,35,9
59697312,2233,1079,1154,2195,1057,1138,34,19,15,1112,588,524,2098,1015,1083,2196,1070,1126,37,9,28,0,0,0
59697313,549,277,272,543,274,269,5,2,3,309,159,150,527,261,266,546,275,271,0,0,0,3,2,1
59697315,848,416,432,839,410,429,9,6,3,474,248,226,818,401,417,837,411,426,0,0,0,11,5,6
59698101,67,32,35,67,32,35,0,0,0,41,22,19,66,31,35,64,31,33,0,0,0,3,1,2
59698102,1090,559,531,1090,559,531,0,0,0,625,355,270,1064,545,519,1079,550,529,0,0,0,11,9,2
59699001,132,70,62,132,70,62,0,0,0,77,46,31,122,64,58,131,69,62,0,0,0,1,1,0
3048590,0,0,0,0,0,0,0,0,0,0,0,0,0,0,0,0,0,0,0,0,0,0,0,0
59700701,165,88,77,161,86,75,4,2,2,117,69,48,162,86,76,143,77,66,0,0,0,22,11,11
59700702,116,59,57,116,59,57,0,0,0,72,43,29,108,55,53,116,59,57,0,0,0,0,0,0
59700703,89,46,43,89,46,43,0,0,0,65,35,30,86,44,42,89,46,43,0,0,0,0,0,0
59700704,83,43,40,83,43,40,0,0,0,54,30,24,82,42,40,83,43,40,0,0,0,0,0,0
59700705,271,138,133,271,138,133,0,0,0,190,106,84,263,133,130,269,137,132,0,0,0,2,1,1
59700706,42,17,25,42,17,25,0,0,0,16,6,10,33,14,19,31,14,17,11,3,8,0,0,0
59700707,530,284,246,524,278,246,6,6,0,360,204,156,508,267,241,530,284,246,0,0,0,0,0,0
59700708,272,154,118,272,154,118,0,0,0,176,110,66,262,149,113,269,153,116,0,0,0,3,1,2
59700709,845,427,418,832,416,416,13,11,2,477,261,216,796,401,395,832,420,412,7,1,6,6,6,0
59700710,31,14,17,31,14,17,0,0,0,22,9,13,30,14,16,29,13,16,0,0,0,2,1,1
59700711,2808,1325,1483,2781,1305,1476,25,19,6,1640,842,798,2684,1260,1424,2802,1321,1481,0,0,0,6,4,2
59700712,168,90,78,166,88,78,2,2,0,85,48,37,156,81,75,168,90,78,0,0,0,0,0,0
59700714,26,12,14,26,12,14,0,0,0,16,8,8,24,11,13,12,5,7,1,1,0,13,6,7
59700715,20,12,8,9,3,6,11,9,2,3,1,2,15,10,5,9,4,5,11,8,3,0,0,0
59700716,1496,695,801,1487,692,795,9,3,6,854,429,425,1441,674,767,1412,679,733,84,16,68,0,0,0
59700717,467,230,237,463,227,236,3,2,1,315,162,153,453,223,230,466,229,237,0,0,0,1,1,0
59700718,99,55,44,99,55,44,0,0,0,69,39,30,96,53,43,78,41,37,0,0,0,21,14,7
59700719,1099,547,552,1072,532,540,26,14,12,632,329,303,1027,518,509,989,462,527,3,0,3,107,85,22
59700720,1492,694,798,1472,678,794,18,15,3,855,412,443,1432,662,770,1472,679,793,13,10,3,7,5,2
59700721,797,382,415,796,381,415,1,1,0,450,249,201,745,363,382,766,382,384,31,0,31,0,0,0
59700722,417,208,209,414,206,208,3,2,1,245,132,113,410,206,204,414,205,209,3,3,0,0,0,0
59700723,29,16,13,29,16,13,0,0,0,21,13,8,29,16,13,2,1,1,0,0,0,27,15,12
59700724,47,28,19,47,28,19,0,0,0,29,15,14,46,27,19,47,28,19,0,0,0,0,0,0
58789301,106,51,55,102,49,53,3,1,2,58,27,31,101,49,52,105,50,55,1,1,0,0,0,0
59701501,420,237,183,419,236,183,1,1,0,252,167,85,400,229,171,415,234,181,0,0,0,5,3,2
59703101,81,39,42,81,39,42,0,0,0,48,28,20,78,37,41,81,39,42,0,0,0,0,0,0
59703102,35,19,16,35,19,16,0,0,0,19,12,7,34,19,15,33,18,15,0,0,0,2,1,1
59703103,43,18,25,43,18,25,0,0,0,26,13,13,39,17,22,43,18,25,0,0,0,0,0,0
59704001,41,22,19,41,22,19,0,0,0,24,15,9,41,22,19,41,22,19,0,0,0,0,0,0
59704002,30,16,14,30,16,14,0,0,0,17,10,7,29,16,13,29,15,14,0,0,0,1,1,0
59704003,173,80,93,173,80,93,0,0,0,78,43,35,162,75,87,155,71,84,0,0,0,18,9,9
59705801,411,210,201,410,210,200,1,0,1,255,153,102,400,207,193,407,208,199,0,0,0,4,2,2
59705802,43,22,21,43,22,21,0,0,0,25,14,11,41,22,19,43,22,21,0,0,0,0,0,0
59706601,164,82,82,164,82,82,0,0,0,88,48,40,160,80,80,162,81,81,0,0,0,2,1,1
59707401,560,271,289,558,270,288,2,1,1,307,170,137,539,262,277,539,261,278,4,3,1,17,7,10
59707402,111,51,60,111,51,60,0,0,0,72,30,42,110,51,59,111,51,60,0,0,0,0,0,0
58786902,139,73,66,137,72,65,1,1,0,58,38,20,132,69,63,126,66,60,3,1,2,10,6,4
59708201,41,22,19,39,20,19,1,1,0,16,10,6,38,20,18,12,7,5,0,0,0,29,15,14
59708202,232,118,114,232,118,114,0,0,0,130,68,62,223,116,107,232,118,114,0,0,0,0,0,0
59709102,753,383,370,752,383,369,1,0,1,402,207,195,711,360,351,746,379,367,0,0,0,7,4,3
58833401,194,101,93,194,101,93,0,0,0,96,58,38,182,94,88,194,101,93,0,0,0,0,0,0
59711201,265,133,132,265,133,132,0,0,0,112,66,46,232,117,115,262,132,130,0,0,0,3,1,2
59712101,134,68,66,134,68,66,0,0,0,93,53,40,134,68,66,133,67,66,0,0,0,1,1,0
59713901,206,106,100,206,106,100,0,0,0,135,86,49,200,103,97,205,105,100,0,0,0,1,1,0
59714702,509,258,251,509,258,251,0,0,0,312,164,148,486,244,242,495,251,244,0,0,0,14,7,7
59715501,218,111,107,218,111,107,0,0,0,163,93,70,218,111,107,218,111,107,0,0,0,0,0,0
59715502,99,49,50,99,49,50,0,0,0,60,35,25,95,47,48,98,49,49,0,0,0,1,0,1
59715503,329,176,153,329,176,153,0,0,0,187,116,71,317,170,147,324,172,152,1,1,0,4,3,1
59716301,231,109,122,230,108,122,1,1,0,108,57,51,226,106,120,230,108,122,1,1,0,0,0,0
1953240,0,0,0,0,0,0,0,0,0,0,0,0,0,0,0,0,0,0,0,0,0,0,0,0
1953590,0,0,0,0,0,0,0,0,0,0,0,0,0,0,0,0,0,0,0,0,0,0,0,0
1954300,0,0,0,0,0,0,0,0,0,0,0,0,0,0,0,0,0,0,0,0,0,0,0,0
3149940,0,0,0,0,0,0,0,0,0,0,0,0,0,0,0,0,0,0,0,0,0,0,0,0
59520901,266,134,132,262,131,131,3,2,1,177,91,86,255,129,126,264,133,131,0,0,0,2,1,1
59520902,163,84,79,162,84,78,1,0,1,102,62,40,161,82,79,163,84,79,0,0,0,0,0,0
59520903,127,63,64,126,63,63,0,0,0,94,51,43,126,63,63,127,63,64,0,0,0,0,0,0
59520905,63,29,34,63,29,34,0,0,0,41,21,20,62,29,33,63,29,34,0,0,0,0,0,0
59520906,76,39,37,75,39,36,1,0,1,40,23,17,55,29,26,76,39,37,0,0,0,0,0,0
59520908,261,129,132,258,128,130,3,1,2,154,81,73,243,122,121,261,129,132,0,0,0,0,0,0
59520909,1994,928,1066,1968,914,1054,24,13,11,977,500,477,1928,897,1031,1876,898,978,118,30,88,0,0,0
59520910,581,305,276,539,269,270,35,29,6,306,158,148,552,283,269,495,251,244,86,54,32,0,0,0
59520913,38,19,19,38,19,19,0,0,0,21,12,9,38,19,19,38,19,19,0,0,0,0,0,0
59520914,28,13,15,28,13,15,0,0,0,20,11,9,25,13,12,28,13,15,0,0,0,0,0,0
59520915,335,246,89,335,246,89,0,0,0,163,111,52,317,234,83,41,23,18,0,0,0,294,223,71
59520916,604,344,260,565,310,255,21,20,1,327,188,139,553,307,246,519,277,242,83,65,18,2,2,0
59520917,68,43,25,68,43,25,0,0,0,43,27,16,67,42,25,28,16,12,1,1,0,39,26,13
59520918,23,11,12,23,11,12,0,0,0,11,3,8,10,3,7,21,10,11,0,0,0,2,1,1
59520919,165,83,82,163,83,80,2,0,2,109,55,54,163,82,81,165,83,82,0,0,0,0,0,0
59520920,1951,938,1013,1940,933,1007,9,4,5,1152,558,594,1894,911,983,1950,937,1013,0,0,0,1,1,0
59520922,633,323,310,631,321,310,1,1,0,393,201,192,617,314,303,633,323,310,0,0,0,0,0,0
59520923,2676,1273,1403,2643,1256,1387,29,14,15,1418,707,711,2552,1214,1338,2645,1250,1395,30,23,7,1,0,1
59520924,1455,680,775,1439,671,768,15,8,7,736,393,343,1384,645,739,1400,668,732,53,11,42,2,1,1
59520925,2608,1189,1419,2558,1158,1400,42,25,17,1310,643,667,2509,1144,1365,2608,1189,1419,0,0,0,0,0,0
59520926,1598,765,833,1593,762,831,5,3,2,927,500,427,1552,748,804,1595,765,830,0,0,0,3,0,3
59520927,1342,643,699,1339,643,696,1,0,1,724,358,366,1313,628,685,1342,643,699,0,0,0,0,0,0
59520928,3069,1450,1619,3024,1424,1600,40,24,16,1479,743,736,2972,1406,1566,3042,1441,1601,26,8,18,1,1,0
58129102,2141,1021,1120,2115,1010,1105,23,10,13,962,495,467,2038,981,1057,2140,1021,1119,0,0,0,1,0,1
58129103,1778,884,894,1745,871,874,17,5,12,611,301,310,1675,834,841,1584,747,837,95,63,32,99,74,25
58129104,312,168,144,309,167,142,3,1,2,127,75,52,294,161,133,312,168,144,0,0,0,0,0,0
58129105,215,111,104,208,106,102,5,4,1,76,40,36,198,99,99,207,107,100,0,0,0,8,4,4
58131301,231,118,113,230,117,113,1,1,0,115,62,53,221,113,108,228,116,112,1,0,1,2,2,0
58133001,104,48,56,103,47,56,1,1,0,57,24,33,100,46,54,103,48,55,0,0,0,1,0,1
58133002,525,264,261,522,262,260,2,1,1,287,154,133,496,250,246,519,260,259,0,0,0,6,4,2
3202420,0,0,0,0,0,0,0,0,0,0,0,0,0,0,0,0,0,0,0,0,0,0,0,0
3401620,0,0,0,0,0,0,0,0,0,0,0,0,0,0,0,0,0,0,0,0,0,0,0,0
58128301,565,275,290,563,275,288,1,0,1,359,176,183,553,270,283,565,275,290,0,0,0,0,0,0
58128302,435,217,218,435,217,218,0,0,0,270,144,126,423,209,214,419,210,209,4,2,2,12,5,7
58128303,615,292,323,614,292,322,1,0,1,367,167,200,590,281,309,605,289,316,6,0,6,4,3,1
58128304,420,213,207,417,212,205,3,1,2,219,109,110,409,208,201,415,209,206,3,3,0,2,1,1
58128305,115,54,61,112,53,59,2,0,2,75,37,38,109,49,60,96,45,51,0,0,0,19,9,10
58128306,146,72,74,146,72,74,0,0,0,96,44,52,138,68,70,137,66,71,1,1,0,8,5,3
58128308,37,19,18,36,18,18,1,1,0,17,8,9,36,18,18,0,0,0,0,0,0,37,19,18
58128309,213,104,109,212,104,108,1,0,1,133,66,67,205,101,104,209,102,107,0,0,0,4,2,2
58128310,470,243,227,470,243,227,0,0,0,281,144,137,456,236,220,470,243,227,0,0,0,0,0,0
58128311,385,206,179,384,205,179,1,1,0,186,101,85,369,199,170,312,165,147,0,0,0,73,41,32
58128312,73,39,34,73,39,34,0,0,0,38,24,14,71,37,34,17,8,9,0,0,0,56,31,25
58128315,197,103,94,196,103,93,1,0,1,90,43,47,178,90,88,169,81,88,12,9,3,16,13,3
58128316,507,239,268,506,239,267,1,0,1,280,140,140,482,228,254,500,235,265,0,0,0,7,4,3
58128319,51,34,17,45,30,15,4,3,1,14,9,5,48,32,16,33,19,14,13,11,2,5,4,1
58128321,2875,1395,1480,2852,1380,1472,21,14,7,1539,781,758,2768,1341,1427,2875,1395,1480,0,0,0,0,0,0
58128322,476,243,233,476,243,233,0,0,0,298,155,143,464,238,226,469,239,230,3,2,1,4,2,2
58128324,1286,635,651,1230,600,630,30,18,12,690,332,358,1216,594,622,1175,564,611,103,66,37,8,5,3
58128325,1526,774,752,1492,757,735,31,14,17,711,380,331,1455,734,721,1309,609,700,0,0,0,217,165,52
58128326,1371,612,759,1362,606,756,8,5,3,778,364,414,1303,586,717,1210,574,636,155,36,119,6,2,4
58128327,1982,927,1055,1950,912,1038,24,9,15,947,476,471,1872,879,993,1982,927,1055,0,0,0,0,0,0
58128328,1815,811,1004,1793,799,994,19,11,8,869,410,459,1710,761,949,1813,809,1004,1,1,0,1,1,0
58128330,2537,1208,1329,2490,1182,1308,44,25,19,1279,639,640,2460,1164,1296,2535,1207,1328,2,1,1,0,0,0
58128331,93,49,44,93,49,44,0,0,0,54,30,24,85,45,40,89,47,42,0,0,0,4,2,2
58128332,169,84,85,168,84,84,1,0,1,71,35,36,164,80,84,167,82,85,2,2,0,0,0,0
58128334,21,9,12,20,8,12,0,0,0,12,5,7,21,9,12,21,9,12,0,0,0,0,0,0
58128335,1520,747,773,1507,740,767,13,7,6,846,438,408,1481,729,752,1515,744,771,4,2,2,1,1,0
58135601,417,179,238,414,178,236,2,1,1,205,112,93,394,168,226,400,172,228,15,5,10,2,2,0
58136401,1228,609,619,1218,604,614,10,5,5,671,356,315,1182,583,599,1207,595,612,5,5,0,16,9,7
58137201,81,37,44,81,37,44,0,0,0,41,22,19,79,36,43,81,37,44,0,0,0,0,0,0
58137202,212,105,107,212,105,107,0,0,0,143,69,74,198,98,100,205,101,104,0,0,0,7,4,3
58137203,353,184,169,352,184,168,0,0,0,179,107,72,337,175,162,352,183,169,0,0,0,1,1,0
58137204,247,136,111,247,136,111,0,0,0,169,97,72,243,134,109,234,128,106,0,0,0,13,8,5
58137205,44,23,21,43,22,21,1,1,0,19,11,8,44,23,21,43,22,21,0,0,0,1,1,0
58137206,1039,511,528,1026,505,521,12,6,6,598,310,288,1005,498,507,1035,509,526,0,0,0,4,2,2
58137207,107,47,60,106,46,60,1,1,0,59,28,31,96,46,50,68,29,39,0,0,0,39,18,21
58137208,1666,757,909,1636,738,898,28,17,11,852,414,438,1563,709,854,1477,697,780,186,58,128,3,2,1
58137209,458,227,231,456,226,230,1,1,0,289,149,140,439,214,225,449,220,229,7,6,1,2,1,1
58137210,318,149,169,312,146,166,5,2,3,136,72,64,302,144,158,311,145,166,7,4,3,0,0,0
58137211,2642,1201,1441,2598,1177,1421,43,24,19,1398,650,748,2464,1118,1346,2641,1201,1440,1,0,1,0,0,0
58137212,1030,544,486,1016,538,478,12,5,7,517,285,232,968,518,450,886,435,451,8,5,3,136,104,32
58137213,321,158,163,318,156,162,3,2,1,196,95,101,292,146,146,316,155,161,0,0,0,5,3,2
58137214,1535,703,832,1510,690,820,22,11,11,759,379,380,1449,669,780,1501,697,804,34,6,28,0,0,0
58137216,81,42,39,81,42,39,0,0,0,44,21,23,80,41,39,73,37,36,0,0,0,8,5,3
58137217,274,143,131,270,141,129,4,2,2,159,85,74,266,138,128,260,137,123,0,0,0,14,6,8
58137219,388,195,193,385,194,191,1,1,0,233,135,98,371,186,185,382,192,190,0,0,0,6,3,3
58137220,1037,501,536,1007,484,523,26,15,11,585,307,278,985,482,503,1033,497,536,4,4,0,0,0,0
58137221,86,42,44,81,39,42,4,2,2,37,20,17,78,37,41,85,42,43,0,0,0,1,0,1
58138101,265,131,134,265,131,134,0,0,0,126,63,63,254,124,130,262,128,134,1,1,0,2,2,0
58138102,76,38,38,76,38,38,0,0,0,48,27,21,75,37,38,76,38,38,0,0,0,0,0,0
58144501,466,235,231,464,233,231,2,2,0,209,111,98,450,227,223,465,234,231,0,0,0,1,1,0
58145301,614,310,304,609,306,303,4,3,1,245,130,115,570,288,282,609,307,302,1,0,1,4,3,1
58146101,253,127,126,253,127,126,0,0,0,111,68,43,238,120,118,251,125,126,0,0,0,2,2,0
58147001,707,363,344,697,360,337,7,2,5,370,210,160,675,345,330,698,357,341,5,3,2,4,3,1
55416201,167,90,77,166,89,77,1,1,0,110,64,46,160,87,73,167,90,77,0,0,0,0,0,0
58149601,389,206,183,386,205,181,2,0,2,114,64,50,378,199,179,388,206,182,0,0,0,1,0,1
58149602,1812,839,973,1794,826,968,17,12,5,853,418,435,1708,788,920,1629,768,861,142,44,98,41,27,14
58150001,369,195,174,364,192,172,4,2,2,232,135,97,353,186,167,358,188,170,0,0,0,11,7,4
58151801,154,74,80,154,74,80,0,0,0,76,41,35,142,69,73,154,74,80,0,0,0,0,0,0
58151802,69,35,34,68,34,34,1,1,0,29,13,16,68,34,34,69,35,34,0,0,0,0,0,0
58152601,141,79,62,141,79,62,0,0,0,77,52,25,134,73,61,141,79,62,0,0,0,0,0,0
58154201,1090,576,514,1082,571,511,8,5,3,573,325,248,1054,557,497,1070,561,509,3,3,0,17,12,5
58154202,217,115,102,216,114,102,1,1,0,105,60,45,214,113,101,217,115,102,0,0,0,0,0,0
58155101,1321,660,661,1320,659,661,1,1,0,740,391,349,1259,629,630,1290,645,645,2,1,1,29,14,15
58156902,456,228,228,453,227,226,3,1,2,219,116,103,435,217,218,451,224,227,5,4,1,0,0,0
58159301,118,58,60,117,58,59,0,0,0,58,37,21,112,53,59,109,55,54,8,2,6,1,1,0
58161501,153,74,79,153,74,79,0,0,0,92,44,48,147,70,77,148,71,77,0,0,0,5,3,2
58163101,261,141,120,260,140,120,1,1,0,139,81,58,255,138,117,257,137,120,0,0,0,4,4,0
51369501,20,9,11,20,9,11,0,0,0,12,5,7,20,9,11,20,9,11,0,0,0,0,0,0
51369502,102,51,51,101,51,50,1,0,1,55,28,27,100,49,51,102,51,51,0,0,0,0,0,0
58153401,211,115,96,211,115,96,0,0,0,98,60,38,196,107,89,208,114,94,0,0,0,3,1,2
58166601,386,198,188,386,198,188,0,0,0,211,122,89,369,191,178,384,197,187,0,0,0,2,1,1
58168201,2746,1355,1391,2741,1353,1388,5,2,3,1351,687,664,2626,1297,1329,2630,1287,1343,16,11,5,100,57,43
58172101,44,27,17,44,27,17,0,0,0,24,15,9,39,24,15,44,27,17,0,0,0,0,0,0
58172102,115,64,51,115,64,51,0,0,0,67,45,22,111,62,49,115,64,51,0,0,0,0,0,0
58173901,868,426,442,866,425,441,1,1,0,460,235,225,833,408,425,848,417,431,0,0,0,20,9,11
58175501,338,181,157,334,178,156,4,3,1,197,112,85,318,170,148,336,179,157,0,0,0,2,2,0
58176301,904,454,450,902,454,448,2,0,2,478,255,223,864,433,431,902,453,449,0,0,0,2,1,1
58177101,113,53,60,113,53,60,0,0,0,73,34,39,109,50,59,108,50,58,0,0,0,5,3,2
58178001,457,233,224,456,233,223,1,0,1,172,89,83,425,215,210,450,228,222,0,0,0,7,5,2
58179801,143,75,68,143,75,68,0,0,0,87,45,42,141,74,67,141,73,68,0,0,0,2,2,0
58180101,33,17,16,33,17,16,0,0,0,17,7,10,29,16,13,33,17,16,0,0,0,0,0,0
58180102,453,223,230,451,223,228,2,0,2,231,123,108,427,212,215,450,221,229,0,0,0,3,2,1
58181001,196,99,97,196,99,97,0,0,0,96,60,36,186,94,92,194,97,97,0,0,0,2,2,0
58182801,874,425,449,871,424,447,3,1,2,368,199,169,818,399,419,775,387,388,48,11,37,51,27,24
58183601,160,86,74,157,84,73,0,0,0,73,45,28,151,80,71,160,86,74,0,0,0,0,0,0
58184401,63,33,30,63,33,30,0,0,0,31,17,14,55,29,26,63,33,30,0,0,0,0,0,0
58185201,195,97,98,194,97,97,1,0,1,87,47,40,186,95,91,195,97,98,0,0,0,0,0,0
58186101,280,138,142,280,138,142,0,0,0,149,79,70,270,132,138,272,134,138,0,0,0,8,4,4
58187901,61,29,32,61,29,32,0,0,0,37,21,16,56,26,30,61,29,32,0,0,0,0,0,0
58187902,1903,921,982,1870,905,965,29,13,16,954,496,458,1836,889,947,1836,891,945,38,9,29,29,21,8
58187903,242,121,121,242,121,121,0,0,0,137,79,58,234,116,118,222,113,109,0,0,0,20,8,12
58187904,288,137,151,286,136,150,2,1,1,171,86,85,261,127,134,288,137,151,0,0,0,0,0,0
58187905,215,104,111,215,104,111,0,0,0,117,61,56,202,98,104,215,104,111,0,0,0,0,0,0
58187906,25,15,10,25,15,10,0,0,0,13,9,4,25,15,10,25,15,10,0,0,0,0,0,0
58188701,175,87,88,174,87,87,1,0,1,63,34,29,161,80,81,174,86,88,1,1,0,0,0,0
58190901,421,201,220,415,199,216,4,1,3,196,99,97,402,192,210,407,196,211,0,0,0,14,5,9
58191701,50,25,25,49,25,24,1,0,1,25,12,13,46,23,23,50,25,25,0,0,0,0,0,0
58191702,49,26,23,49,26,23,0,0,0,20,14,6,47,25,22,49,26,23,0,0,0,0,0,0
58191703,62,31,31,62,31,31,0,0,0,32,15,17,55,27,28,60,30,30,0,0,0,2,1,1
58191704,34,15,19,34,15,19,0,0,0,22,10,12,33,15,18,34,15,19,0,0,0,0,0,0
58191705,71,39,32,71,39,32,0,0,0,39,23,16,65,36,29,69,37,32,0,0,0,2,2,0
58191706,143,69,74,142,68,74,1,1,0,86,42,44,131,64,67,131,62,69,0,0,0,12,7,5
58191707,92,44,48,87,41,46,2,1,1,53,26,27,83,37,46,92,44,48,0,0,0,0,0,0
58191708,29,16,13,28,15,13,1,1,0,11,5,6,28,15,13,29,16,13,0,0,0,0,0,0
58191709,55,27,28,55,27,28,0,0,0,31,17,14,51,26,25,52,27,25,0,0,0,3,0,3
58191710,71,36,35,71,36,35,0,0,0,30,14,16,67,33,34,71,36,35,0,0,0,0,0,0
58191711,402,206,196,398,203,195,3,2,1,249,131,118,389,203,186,402,206,196,0,0,0,0,0,0
58191713,606,301,305,603,299,304,3,2,1,359,185,174,588,291,297,599,297,302,4,2,2,3,2,1
58191714,126,66,60,125,65,60,0,0,0,83,47,36,115,60,55,126,66,60,0,0,0,0,0,0
58191715,190,97,93,190,97,93,0,0,0,111,62,49,180,92,88,190,97,93,0,0,0,0,0,0
58191716,83,44,39,83,44,39,0,0,0,28,21,7,74,39,35,72,39,33,0,0,0,11,5,6
58191717,53,26,27,53,26,27,0,0,0,34,17,17,53,26,27,53,26,27,0,0,0,0,0,0
58191718,29,17,12,28,16,12,0,0,0,18,11,7,28,17,11,29,17,12,0,0,0,0,0,0
58191720,112,57,55,112,57,55,0,0,0,48,30,18,107,55,52,112,57,55,0,0,0,0,0,0
58191721,35,18,17,35,18,17,0,0,0,23,13,10,35,18,17,35,18,17,0,0,0,0,0,0
58191722,102,51,51,101,50,51,0,0,0,65,35,30,100,50,50,100,50,50,0,0,0,2,1,1
58191723,893,447,446,890,446,444,3,1,2,548,295,253,853,426,427,870,434,436,23,13,10,0,0,0
58191724,180,98,82,171,92,79,8,5,3,93,58,35,171,94,77,180,98,82,0,0,0,0,0,0
58191725,251,133,118,249,131,118,1,1,0,140,74,66,239,127,112,251,133,118,0,0,0,0,0,0
58191726,32,22,10,26,16,10,6,6,0,9,5,4,28,18,10,29,19,10,3,3,0,0,0,0
58191727,1908,883,1025,1877,866,1011,28,16,12,980,478,502,1769,808,961,1798,844,954,110,39,71,0,0,0
58191729,93,50,43,93,50,43,0,0,0,39,22,17,89,48,41,93,50,43,0,0,0,0,0,0
58191730,23,12,11,23,12,11,0,0,0,15,8,7,21,10,11,23,12,11,0,0,0,0,0,0
58191732,379,192,187,368,184,184,11,8,3,203,104,99,370,189,181,363,179,184,13,11,2,3,2,1
58191733,451,236,215,432,223,209,19,13,6,230,120,110,431,226,205,387,190,197,0,0,0,64,46,18
58192501,421,214,207,421,214,207,0,0,0,217,114,103,393,200,193,414,210,204,0,0,0,7,4,3
58193301,128,67,61,127,66,61,0,0,0,78,43,35,126,66,60,128,67,61,0,0,0,0,0,0
58194101,42,23,19,42,23,19,0,0,0,15,10,5,42,23,19,38,21,17,2,1,1,2,1,1
58195001,1094,542,552,1094,542,552,0,0,0,595,296,299,1047,515,532,1043,511,532,14,8,6,37,23,14
58195002,51,29,22,51,29,22,0,0,0,28,20,8,47,26,21,51,29,22,0,0,0,0,0,0
58196801,1461,718,743,1451,713,738,6,3,3,626,320,306,1373,669,704,1439,703,736,0,0,0,22,15,7
55387501,57,28,29,57,28,29,0,0,0,34,17,17,55,26,29,57,28,29,0,0,0,0,0,0
58199201,96,47,49,96,47,49,0,0,0,56,27,29,88,45,43,88,42,46,0,0,0,8,5,3
53100601,326,165,161,319,162,157,6,3,3,191,107,84,303,153,150,325,165,160,0,0,0,1,0,1
58201801,1853,912,941,1848,909,939,4,2,2,922,492,430,1781,872,909,1838,904,934,0,0,0,15,8,7
58202601,45,23,22,45,23,22,0,0,0,24,11,13,42,21,21,44,22,22,0,0,0,1,1,0
58203401,161,86,75,159,85,74,1,0,1,74,45,29,154,82,72,160,85,75,0,0,0,1,1,0
58204201,94,43,51,94,43,51,0,0,0,48,23,25,93,43,50,93,42,51,0,0,0,1,1,0
58204202,92,46,46,92,46,46,0,0,0,46,23,23,88,44,44,85,42,43,0,0,0,7,4,3
58206901,173,91,82,172,90,82,1,1,0,85,46,39,163,84,79,173,91,82,0,0,0,0,0,0
58207701,170,82,88,168,80,88,2,2,0,93,45,48,165,80,85,161,76,85,0,0,0,9,6,3
58208501,448,233,215,444,231,213,0,0,0,227,126,101,437,227,210,446,231,215,0,0,0,2,2,0
58210701,216,101,115,216,101,115,0,0,0,111,65,46,202,97,105,216,101,115,0,0,0,0,0,0
58211501,45,26,19,45,26,19,0,0,0,18,13,5,45,26,19,45,26,19,0,0,0,0,0,0
58211502,293,143,150,291,142,149,1,1,0,139,72,67,272,133,139,290,141,149,0,0,0,3,2,1
58213101,580,294,286,579,294,285,1,0,1,314,166,148,551,283,268,579,293,286,0,0,0,1,1,0
58215801,1609,799,810,1602,796,806,6,2,4,905,494,411,1544,761,783,1559,767,792,36,20,16,14,12,2
58216601,1050,541,509,1042,535,507,7,5,2,477,255,222,1012,523,489,952,486,466,6,3,3,92,52,40
58218201,1082,538,544,1077,535,542,5,3,2,561,291,270,1035,518,517,1055,526,529,8,0,8,19,12,7
58219101,189,102,87,188,102,86,1,0,1,107,61,46,175,95,80,186,101,85,0,0,0,3,1,2
58219102,66,34,32,66,34,32,0,0,0,37,21,16,61,33,28,64,33,31,0,0,0,2,1,1
58220401,128,63,65,128,63,65,0,0,0,87,44,43,125,62,63,121,59,62,0,0,0,7,4,3
58221201,633,319,314,632,318,314,1,1,0,245,134,111,585,301,284,601,306,295,19,4,15,13,9,4
58222101,257,145,112,257,145,112,0,0,0,151,99,52,248,139,109,257,145,112,0,0,0,0,0,0
58223901,210,105,105,210,105,105,0,0,0,118,59,59,201,102,99,205,102,103,0,0,0,5,3,2
58223902,88,42,46,88,42,46,0,0,0,39,22,17,85,42,43,83,40,43,0,0,0,5,2,3
58223903,958,451,507,948,447,501,9,4,5,471,217,254,916,431,485,955,449,506,2,1,1,1,1,0
58223904,2349,1192,1157,2335,1185,1150,14,7,7,1188,662,526,2238,1137,1101,2298,1152,1146,11,6,5,40,34,6
58224701,1335,671,664,1307,658,649,27,12,15,642,339,303,1258,630,628,1317,657,660,0,0,0,18,14,4
51370901,107,48,59,107,48,59,0,0,0,58,34,24,105,48,57,105,47,58,0,0,0,2,1,1
58227101,546,289,257,545,289,256,1,0,1,365,213,152,539,284,255,545,288,257,0,0,0,1,1,0
58228001,131,65,66,131,65,66,0,0,0,75,43,32,129,64,65,124,62,62,0,0,0,7,3,4
58229801,961,481,480,956,478,478,5,3,2,545,282,263,930,466,464,950,472,478,0,0,0,11,9,2
58231001,561,305,256,559,303,256,2,2,0,304,175,129,543,298,245,556,300,256,0,0,0,5,5,0
58231002,66,33,33,66,33,33,0,0,0,34,22,12,65,33,32,63,31,32,0,0,0,3,2,1
58232801,568,277,291,566,276,290,1,0,1,322,168,154,546,267,279,563,274,289,0,0,0,5,3,2
58233601,606,298,308,600,295,305,6,3,3,292,147,145,574,280,294,599,294,305,0,0,0,7,4,3
58234401,35,14,21,35,14,21,0,0,0,16,6,10,34,14,20,35,14,21,0,0,0,0,0,0
58234402,81,38,43,81,38,43,0,0,0,31,17,14,69,33,36,79,36,43,0,0,0,2,2,0
58235201,941,461,480,940,460,480,0,0,0,454,240,214,892,439,453,886,430,456,14,7,7,41,24,17
55696301,625,326,299,620,324,296,5,2,3,314,170,144,590,305,285,618,321,297,0,0,0,7,5,2
58262001,60,29,31,60,29,31,0,0,0,27,16,11,60,29,31,58,28,30,0,0,0,2,1,1
58262002,51,25,26,51,25,26,0,0,0,28,13,15,51,25,26,51,25,26,0,0,0,0,0,0
58262003,54,28,26,54,28,26,0,0,0,27,14,13,52,26,26,54,28,26,0,0,0,0,0,0
58239501,472,236,236,471,235,236,1,1,0,237,133,104,454,225,229,466,231,235,1,0,1,5,5,0
58240901,402,202,200,402,202,200,0,0,0,219,124,95,383,191,192,397,201,196,2,1,1,3,0,3
58240902,38,16,22,37,15,22,0,0,0,13,5,8,37,16,21,22,7,15,0,0,0,16,9,7
58241701,178,86,92,178,86,92,0,0,0,100,49,51,175,86,89,176,84,92,0,0,0,2,2,0
58241702,113,53,60,113,53,60,0,0,0,57,31,26,106,51,55,111,52,59,0,0,0,2,1,1
58606401,235,125,110,235,125,110,0,0,0,110,61,49,225,118,107,235,125,110,0,0,0,0,0,0
58243301,409,209,200,405,207,198,3,2,1,155,83,72,383,197,186,401,205,196,1,0,1,7,4,3
58244101,102,49,53,102,49,53,0,0,0,46,26,20,99,48,51,102,49,53,0,0,0,0,0,0
58244102,1655,790,865,1643,786,857,10,2,8,781,395,386,1560,747,813,1617,770,847,6,1,5,32,19,13
58246801,856,363,493,848,362,486,3,0,3,355,177,178,809,349,460,696,337,359,126,10,116,34,16,18
58247601,207,101,106,206,100,106,1,1,0,92,45,47,200,96,104,188,91,97,0,0,0,19,10,9
58247602,615,299,316,614,299,315,1,0,1,314,145,169,590,286,304,607,293,314,0,0,0,8,6,2
58248401,615,326,289,614,325,289,1,1,0,342,194,148,591,313,278,613,324,289,0,0,0,2,2,0
58248402,36,18,18,36,18,18,0,0,0,14,6,8,34,18,16,36,18,18,0,0,0,0,0,0
58249201,64,28,36,60,24,36,4,4,0,33,14,19,64,28,36,60,26,34,0,0,0,4,2,2
58249202,122,65,57,120,64,56,1,1,0,49,30,19,109,60,49,122,65,57,0,0,0,0,0,0
58250601,71,37,34,71,37,34,0,0,0,42,21,21,68,35,33,68,34,34,0,0,0,3,3,0
58253101,293,133,160,292,132,160,1,1,0,143,73,70,275,120,155,287,129,158,0,0,0,6,4,2
53469201,451,228,223,450,227,223,1,1,0,250,139,111,430,217,213,439,221,218,0,0,0,12,7,5
58255701,279,130,149,279,130,149,0,0,0,126,63,63,258,125,133,272,125,147,2,2,0,5,3,2
58257301,432,210,222,427,207,220,3,2,1,245,126,119,412,200,212,426,205,221,0,0,0,6,5,1
55388301,43,22,21,43,22,21,0,0,0,20,12,8,43,22,21,43,22,21,0,0,0,0,0,0
58258101,445,229,216,445,229,216,0,0,0,256,132,124,433,222,211,443,227,216,0,0,0,2,2,0
58259001,129,59,70,128,58,70,1,1,0,60,30,30,124,58,66,129,59,70,0,0,0,0,0,0
58259002,408,197,211,407,196,211,1,1,0,201,105,96,374,186,188,402,194,208,0,0,0,6,3,3
58260301,45,23,22,45,23,22,0,0,0,26,13,13,45,23,22,44,22,22,0,0,0,1,1,0
58260302,135,69,66,135,69,66,0,0,0,82,45,37,131,65,66,135,69,66,0,0,0,0,0,0
58260303,390,209,181,390,209,181,0,0,0,194,112,82,377,202,175,382,201,181,0,0,0,8,8,0
58260304,274,125,149,274,125,149,0,0,0,138,67,71,256,117,139,266,119,147,0,0,0,8,6,2
58261101,244,124,120,244,124,120,0,0,0,137,70,67,239,122,117,243,123,120,0,0,0,1,1,0
53082401,188,97,91,188,97,91,0,0,0,108,56,52,177,89,88,182,93,89,0,0,0,6,4,2
53082402,61,31,30,61,31,30,0,0,0,26,13,13,58,30,28,2,1,1,1,1,0,58,29,29
3131810,0,0,0,0,0,0,0,0,0,0,0,0,0,0,0,0,0,0,0,0,0,0,0,0
3131900,0,0,0,0,0,0,0,0,0,0,0,0,0,0,0,0,0,0,0,0,0,0,0,0
3132030,0,0,0,0,0,0,0,0,0,0,0,0,0,0,0,0,0,0,0,0,0,0,0,0
3132110,0,0,0,0,0,0,0,0,0,0,0,0,0,0,0,0,0,0,0,0,0,0,0,0
58264601,55,29,26,55,29,26,0,0,0,39,24,15,52,27,25,55,29,26,0,0,0,0,0,0
58264602,81,44,37,80,43,37,1,1,0,55,36,19,79,42,37,78,42,36,0,0,0,3,2,1
58264603,40,23,17,40,23,17,0,0,0,21,13,8,35,21,14,40,23,17,0,0,0,0,0,0
58264604,42,20,22,38,17,21,4,3,1,26,12,14,41,19,22,42,20,22,0,0,0,0,0,0
58264605,95,46,49,95,46,49,0,0,0,52,32,20,86,41,45,95,46,49,0,0,0,0,0,0
58264607,82,62,20,82,62,20,0,0,0,39,29,10,81,61,20,11,8,3,0,0,0,71,54,17
58264608,983,468,515,981,466,515,2,2,0,517,261,256,934,440,494,980,465,515,3,3,0,0,0,0
58264611,746,378,368,744,376,368,1,1,0,428,232,196,723,364,359,746,378,368,0,0,0,0,0,0
58264612,1340,673,667,1336,673,663,3,0,3,608,309,299,1289,647,642,1246,598,648,85,74,11,9,1,8
1820280,0,0,0,0,0,0,0,0,0,0,0,0,0,0,0,0,0,0,0,0,0,0,0,0
58265401,310,160,150,310,160,150,0,0,0,160,92,68,301,155,146,303,156,147,0,0,0,7,4,3
58266201,262,137,125,260,136,124,2,1,1,138,76,62,245,126,119,262,137,125,0,0,0,0,0,0
58267101,529,259,270,526,257,269,3,2,1,279,151,128,512,248,264,522,254,268,0,0,0,7,5,2
58268901,392,194,198,388,190,198,3,3,0,188,102,86,373,184,189,387,191,196,0,0,0,5,3,2
58270101,189,89,100,189,89,100,0,0,0,117,56,61,184,86,98,189,89,100,0,0,0,0,0,0
58270102,556,285,271,555,284,271,1,1,0,357,192,165,538,274,264,543,276,267,0,0,0,13,9,4
58600501,143,71,72,142,71,71,1,0,1,78,41,37,138,69,69,142,71,71,0,0,0,1,0,1
58272701,213,103,110,212,102,110,1,1,0,107,60,47,206,99,107,211,101,110,0,0,0,2,2,0
58274301,382,195,187,382,195,187,0,0,0,203,114,89,363,186,177,377,191,186,0,0,0,5,4,1
58275101,746,365,381,742,363,379,2,2,0,434,207,227,723,353,370,725,353,372,0,0,0,21,12,9
58276001,257,139,118,255,138,117,1,0,1,123,73,50,238,131,107,256,138,118,0,0,0,1,1,0
58277801,81,38,43,80,37,43,0,0,0,34,17,17,73,34,39,81,38,43,0,0,0,0,0,0
55108201,1106,788,318,941,713,228,132,48,84,385,285,100,744,482,262,334,165,169,768,621,147,4,2,2
55108202,3696,1740,1956,3589,1684,1905,79,39,40,2034,1008,1026,3561,1679,1882,3695,1739,1956,0,0,0,1,1,0
55108203,4604,2256,2348,4424,2157,2267,132,76,56,2551,1296,1255,4423,2159,2264,4599,2253,2346,1,0,1,4,3,1
55108204,37,21,16,35,19,16,2,2,0,20,13,7,36,20,16,17,10,7,12,7,5,8,4,4
55108205,4556,2080,2476,4379,1984,2395,114,61,53,2454,1205,1249,4398,2009,2389,4507,2070,2437,45,8,37,4,2,2
55108206,213,112,101,211,111,100,0,0,0,145,76,69,203,105,98,205,107,98,0,0,0,8,5,3
3039680,0,0,0,0,0,0,0,0,0,0,0,0,0,0,0,0,0,0,0,0,0,0,0,0
55132501,330,172,158,287,148,139,41,24,17,197,102,95,313,162,151,247,131,116,28,14,14,55,27,28
55132502,2272,1103,1169,2227,1076,1151,37,23,14,1633,804,829,2212,1073,1139,2235,1082,1153,25,16,9,12,5,7
0118780,0,0,0,0,0,0,0,0,0,0,0,0,0,0,0,0,0,0,0,0,0,0,0,0
55119801,3996,1907,2089,3960,1886,2074,26,13,13,2468,1227,1241,3905,1861,2044,3995,1907,2088,0,0,0,1,0,1
55119802,37,21,16,37,21,16,0,0,0,22,12,10,36,21,15,9,5,4,0,0,0,28,16,12
55119803,857,446,411,820,423,397,33,20,13,497,265,232,821,428,393,857,446,411,0,0,0,0,0,0
55119804,722,365,357,712,360,352,7,3,4,508,258,250,711,360,351,549,268,281,18,11,7,155,86,69
55119805,299,166,133,294,163,131,5,3,2,215,128,87,289,160,129,204,111,93,0,0,0,95,55,40
55119807,1253,592,661,1222,576,646,24,12,12,707,334,373,1199,566,633,1253,592,661,0,0,0,0,0,0
55119809,2661,1223,1438,2618,1206,1412,34,14,20,1507,749,758,2581,1188,1393,2471,1185,1286,190,38,152,0,0,0
55119810,53,26,27,50,24,26,3,2,1,31,17,14,50,24,26,37,19,18,0,0,0,16,7,9
55119811,1653,814,839,1630,800,830,20,13,7,1131,574,557,1622,804,818,1650,814,836,0,0,0,3,0,3
55119812,3480,1611,1869,3437,1590,1847,33,17,16,2101,1033,1068,3358,1557,1801,3476,1608,1868,1,1,0,3,2,1
55119813,116,63,53,107,56,51,7,5,2,52,29,23,90,53,37,71,38,33,3,2,1,42,23,19
55119814,1684,765,919,1670,757,913,12,6,6,1085,510,575,1629,737,892,1649,755,894,30,7,23,5,3,2
55119816,2119,999,1120,2071,970,1101,36,25,11,1267,610,657,2034,962,1072,2105,993,1112,14,6,8,0,0,0
55119817,5614,2587,3027,5468,2508,2960,104,58,46,3311,1586,1725,5416,2501,2915,5595,2583,3012,18,4,14,1,0,1
55119818,170,85,85,162,80,82,7,4,3,103,53,50,165,81,84,5,4,1,19,9,10,146,72,74
0112910,0,0,0,0,0,0,0,0,0,0,0,0,0,0,0,0,0,0,0,0,0,0,0,0
55106601,2260,1059,1201,2169,1011,1158,77,42,35,1297,629,668,2186,1022,1164,2255,1056,1199,2,1,1,3,2,1
55106602,443,267,176,332,212,120,110,54,56,142,91,51,397,234,163,126,61,65,268,168,100,49,38,11
55106603,2129,1010,1119,2012,950,1062,94,48,46,1219,596,623,2032,961,1071,2121,1002,1119,4,4,0,4,4,0
55106606,652,331,321,602,298,304,44,29,15,375,179,196,621,312,309,646,329,317,0,0,0,6,2,4
55106607,651,313,338,606,290,316,37,21,16,296,143,153,594,286,308,643,307,336,7,5,2,1,1,0
55106608,2203,1064,1139,2119,1014,1105,66,38,28,1380,690,690,2127,1018,1109,2200,1061,1139,0,0,0,3,3,0
55106609,36,26,10,23,14,9,10,9,1,9,6,3,26,18,8,11,6,5,3,3,0,22,17,5
3039760,0,0,0,0,0,0,0,0,0,0,0,0,0,0,0,0,0,0,0,0,0,0,0,0
55131701,3490,1736,1754,3396,1680,1716,79,48,31,2090,1065,1025,3362,1676,1686,3384,1687,1697,101,44,57,5,5,0
55131702,123,84,39,88,51,37,35,33,2,77,49,28,112,77,35,83,51,32,36,30,6,4,3,1
55137601,1915,933,982,1884,921,963,25,11,14,1217,596,621,1843,900,943,1881,918,963,3,2,1,31,13,18
55137602,82,44,38,82,44,38,0,0,0,59,34,25,80,43,37,11,5,6,0,0,0,71,39,32
55140601,1090,528,562,1075,520,555,14,8,6,750,373,377,1060,516,544,1079,522,557,0,0,0,11,6,5
0110370,0,0,0,0,0,0,0,0,0,0,0,0,0,0,0,0,0,0,0,0,0,0,0,0
55107401,43,21,22,43,21,22,0,0,0,28,14,14,42,20,22,30,15,15,6,4,2,7,2,5
55107402,735,388,347,680,346,334,46,36,10,375,192,183,682,359,323,735,388,347,0,0,0,0,0,0
55107403,35,26,9,33,24,9,2,2,0,17,12,5,35,26,9,0,0,0,34,25,9,1,1,0
55107404,145,75,70,142,74,68,3,1,2,84,46,38,140,71,69,128,66,62,0,0,0,17,9,8
55107405,199,128,71,87,57,30,105,67,38,38,25,13,109,71,38,6,2,4,192,125,67,1,1,0
55107406,842,406,436,788,379,409,48,25,23,506,243,263,809,384,425,838,404,434,0,0,0,4,2,2
55107407,1499,761,738,1337,655,682,128,88,40,806,420,386,1413,715,698,1364,677,687,133,82,51,2,2,0
55107408,390,215,175,355,193,162,29,21,8,198,117,81,367,200,167,379,206,173,8,6,2,3,3,0
55107409,2706,1299,1407,2587,1224,1363,108,70,38,1463,728,735,2594,1233,1361,2698,1293,1405,4,2,2,4,4,0
55107410,29,19,10,26,16,10,3,3,0,14,7,7,28,18,10,19,9,10,10,10,0,0,0,0
55107411,364,183,181,332,157,175,26,20,6,197,92,105,347,175,172,364,183,181,0,0,0,0,0,0
55107412,46,22,24,45,22,23,1,0,1,34,16,18,45,22,23,46,22,24,0,0,0,0,0,0
55107413,335,168,167,316,151,165,18,16,2,189,91,98,317,158,159,331,166,165,0,0,0,4,2,2
55107414,602,324,278,555,287,268,45,35,10,377,203,174,574,307,267,599,322,277,0,0,0,3,2,1
55107415,274,137,137,270,135,135,4,2,2,177,94,83,264,132,132,237,114,123,7,4,3,30,19,11
55107416,557,284,273,536,272,264,19,10,9,315,176,139,536,273,263,546,279,267,11,5,6,0,0,0
55107417,300,166,134,272,144,128,13,10,3,170,93,77,285,154,131,286,158,128,14,8,6,0,0,0
55107418,157,95,62,37,20,17,81,48,33,20,10,10,129,78,51,39,24,15,117,70,47,1,1,0
0105700,0,0,0,0,0,0,0,0,0,0,0,0,0,0,0,0,0,0,0,0,0,0,0,0
55117101,75,49,26,63,41,22,12,8,4,33,19,14,57,38,19,24,12,12,0,0,0,51,37,14
55117102,1387,652,735,1360,634,726,23,14,9,853,417,436,1350,635,715,1374,645,729,0,0,0,13,7,6
55117103,1115,533,582,1076,509,567,33,20,13,653,326,327,1066,510,556,1088,518,570,0,0,0,27,15,12
55117104,1741,858,883,1710,842,868,25,14,11,1222,615,607,1686,831,855,1728,851,877,7,4,3,6,3,3
55117105,127,64,63,125,64,61,2,0,2,83,44,39,119,60,59,114,56,58,0,0,0,13,8,5
55117106,172,79,93,156,71,85,13,6,7,107,51,56,157,70,87,165,75,90,5,2,3,2,2,0
0119410,0,0,0,0,0,0,0,0,0,0,0,0,0,0,0,0,0,0,0,0,0,0,0,0
0119590,0,0,0,0,0,0,0,0,0,0,0,0,0,0,0,0,0,0,0,0,0,0,0,0
55121002,884,438,446,869,430,439,13,8,5,634,321,313,865,429,436,884,438,446,0,0,0,0,0,0
55121003,68,37,31,68,37,31,0,0,0,52,28,24,66,35,31,6,3,3,0,0,0,62,34,28
55121004,153,74,79,152,74,78,1,0,1,103,47,56,144,69,75,68,35,33,25,13,12,60,26,34
55114701,5579,2632,2947,5492,2587,2905,65,32,33,3414,1653,1761,5387,2536,2851,5551,2618,2933,28,14,14,0,0,0
55114702,5994,2791,3203,5891,2733,3158,80,45,35,3737,1798,1939,5859,2724,3135,5906,2763,3143,86,26,60,2,2,0
55114704,505,259,246,486,250,236,9,5,4,304,163,141,488,247,241,488,247,241,0,0,0,17,12,5
55122801,1349,642,707,1315,626,689,30,14,16,775,386,389,1306,621,685,1348,641,707,0,0,0,1,1,0
55122803,3990,1883,2107,3882,1815,2067,89,60,29,2410,1140,1270,3878,1828,2050,3978,1878,2100,9,3,6,3,2,1
55122804,1238,597,641,1165,554,611,60,32,28,764,375,389,1193,572,621,1202,576,626,22,13,9,14,8,6
55122805,561,276,285,546,266,280,12,8,4,366,187,179,541,265,276,560,276,284,0,0,0,1,0,1
55122807,76,42,34,72,39,33,4,3,1,40,20,20,74,41,33,40,23,17,0,0,0,36,19,17
55122809,770,372,398,756,360,396,9,8,1,539,273,266,744,358,386,770,372,398,0,0,0,0,0,0
0113800,0,0,0,0,0,0,0,0,0,0,0,0,0,0,0,0,0,0,0,0,0,0,0,0
55100701,1536,740,796,1313,616,697,197,111,86,673,319,354,1421,680,741,1260,572,688,274,167,107,2,1,1
55100702,2083,994,1089,1945,907,1038,82,50,32,1098,521,577,2007,953,1054,2043,966,1077,39,27,12,1,1,0
55100703,89,57,32,68,41,27,21,16,5,31,17,14,79,49,30,50,30,20,29,18,11,10,9,1
55100704,4337,2110,2227,4053,1933,2120,209,135,74,2392,1135,1257,4134,1999,2135,4328,2104,2224,5,3,2,4,3,1
55100705,3330,1639,1691,3124,1519,1605,161,96,65,1928,959,969,3176,1559,1617,3328,1638,1690,1,1,0,1,0,1
55100706,1198,598,600,1055,520,535,122,66,56,533,277,256,1119,559,560,1182,587,595,14,10,4,2,1,1
55100707,4645,2164,2481,4373,2004,2369,222,135,87,2481,1159,1322,4434,2054,2380,4621,2141,2480,22,21,1,2,2,0
55100708,951,468,483,923,455,468,21,10,11,597,295,302,919,451,468,900,439,461,0,0,0,51,29,22
55100709,42,35,7,25,19,6,17,16,1,10,4,6,40,34,6,15,8,7,27,27,0,0,0,0
55100710,980,609,371,471,258,213,339,232,107,195,102,93,825,501,324,317,155,162,637,435,202,26,19,7
55100711,1928,943,985,1702,835,867,186,87,99,955,478,477,1801,879,922,1915,939,976,13,4,9,0,0,0
55100713,3762,1777,1985,3414,1597,1817,266,138,128,1997,961,1036,3549,1678,1871,3599,1699,1900,161,77,84,2,1,1
55100714,438,219,219,372,178,194,58,38,20,187,89,98,411,206,205,416,203,213,22,16,6,0,0,0
55100715,1656,814,842,1523,739,784,97,57,40,881,423,458,1555,759,796,1639,804,835,17,10,7,0,0,0
55100716,961,485,476,823,405,418,100,59,41,398,212,186,863,447,416,814,416,398,144,67,77,3,2,1
55100717,30,16,14,26,14,12,4,2,2,16,10,6,28,15,13,19,11,8,7,3,4,4,2,2
55100718,47,25,22,47,25,22,0,0,0,30,14,16,46,25,21,6,3,3,0,0,0,41,22,19
55100719,1339,674,665,1255,629,626,64,34,30,716,359,357,1230,616,614,1339,674,665,0,0,0,0,0,0
55100720,442,137,305,434,131,303,8,6,2,86,34,52,407,125,282,116,55,61,322,80,242,4,2,2
55100721,361,189,172,260,138,122,83,44,39,104,56,48,318,160,158,300,155,145,61,34,27,0,0,0
0124750,0,0,0,0,0,0,0,0,0,0,0,0,0,0,0,0,0,0,0,0,0,0,0,0
55128701,155,75,80,153,73,80,2,2,0,114,53,61,151,72,79,153,74,79,1,0,1,1,1,0
55128702,1864,903,961,1859,900,959,4,3,1,1387,693,694,1817,881,936,1859,899,960,0,0,0,5,4,1
55128703,2358,1139,1219,2316,1112,1204,34,21,13,1671,821,850,2287,1103,1184,2357,1139,1218,1,0,1,0,0,0
55128704,678,340,338,672,336,336,5,4,1,465,241,224,647,327,320,632,314,318,25,13,12,21,13,8
55128706,5665,2779,2886,5581,2737,2844,68,30,38,3399,1733,1666,5530,2705,2825,5663,2777,2886,0,0,0,2,2,0
55128707,87,34,53,87,34,53,0,0,0,66,27,39,87,34,53,86,33,53,0,0,0,1,1,0
55128708,1353,646,707,1317,629,688,25,12,13,808,387,421,1296,615,681,1341,642,699,2,1,1,10,3,7
55128709,91,44,47,89,42,47,1,1,0,63,31,32,87,41,46,86,43,43,0,0,0,5,1,4
55128710,10556,5078,5478,10370,4979,5391,153,82,71,6187,3072,3115,10210,4900,5310,10549,5074,5475,4,2,2,3,2,1
55128711,403,236,167,221,123,98,146,97,49,87,50,37,345,193,152,197,103,94,204,132,72,2,1,1
55128712,944,464,480,932,458,474,8,5,3,670,331,339,916,454,462,943,463,480,1,1,0,0,0,0
55128714,2112,1041,1071,2077,1018,1059,25,17,8,1300,671,629,2037,999,1038,2110,1039,1071,0,0,0,2,2,0
0125720,0,0,0,0,0,0,0,0,0,0,0,0,0,0,0,0,0,0,0,0,0,0,0,0
55125201,908,463,445,875,447,428,26,11,15,565,294,271,857,434,423,900,458,442,7,4,3,1,1,0
55125202,141,71,70,118,64,54,17,5,12,89,47,42,119,62,57,6,3,3,129,63,66,6,5,1
55125203,765,364,401,741,351,390,18,10,8,455,227,228,740,351,389,750,355,395,5,4,1,10,5,5
55125204,225,125,100,210,113,97,15,12,3,119,69,50,204,112,92,167,85,82,45,30,15,13,10,3
55125205,176,86,90,175,86,89,1,0,1,117,61,56,176,86,90,164,83,81,0,0,0,12,3,9
55125206,1147,559,588,1123,546,577,22,12,10,761,385,376,1113,541,572,1070,539,531,77,20,57,0,0,0
55125207,1768,865,903,1741,847,894,21,14,7,1196,597,599,1718,828,890,1757,859,898,0,0,0,11,6,5
55125208,237,119,118,235,118,117,2,1,1,177,90,87,229,116,113,219,108,111,0,0,0,18,11,7
55125209,81,40,41,81,40,41,0,0,0,47,22,25,77,38,39,30,15,15,2,0,2,49,25,24
55125210,928,448,480,911,440,471,15,8,7,606,302,304,888,433,455,923,447,476,0,0,0,5,1,4
55123602,3077,1514,1563,2941,1433,1508,104,62,42,1660,819,841,2952,1445,1507,3076,1514,1562,0,0,0,1,0,1
55123603,839,399,440,832,395,437,5,3,2,574,269,305,816,388,428,822,387,435,5,4,1,12,8,4
55123604,63,39,24,61,37,24,2,2,0,29,15,14,59,35,24,15,5,10,17,16,1,31,18,13
55123605,2124,992,1132,2053,943,1110,63,43,20,1171,571,600,2037,942,1095,2055,985,1070,68,6,62,1,1,0
3308170,0,0,0,0,0,0,0,0,0,0,0,0,0,0,0,0,0,0,0,0,0,0,0,0
55111201,1037,527,510,1004,504,500,24,18,6,650,344,306,998,507,491,1010,511,499,0,0,0,27,16,11
55111202,6344,3044,3300,6135,2907,3228,150,101,49,3597,1801,1796,6135,2940,3195,6247,3023,3224,70,9,61,27,12,15
55111203,2903,1354,1549,2801,1304,1497,80,40,40,1597,781,816,2813,1315,1498,2902,1353,1549,0,0,0,1,1,0
55142201,607,307,300,604,305,299,3,2,1,434,222,212,588,296,292,604,305,299,0,0,0,3,2,1
55124401,3554,1605,1949,3469,1550,1919,66,45,21,2088,953,1135,3429,1541,1888,3517,1597,1920,34,7,27,3,1,2
55124402,50,24,26,48,22,26,2,2,0,30,14,16,50,24,26,28,13,15,2,2,0,20,9,11
55124403,53,25,28,53,25,28,0,0,0,35,17,18,51,24,27,40,20,20,11,3,8,2,2,0
55124405,2439,1146,1293,2364,1103,1261,61,35,26,1308,625,683,2342,1088,1254,2436,1144,1292,0,0,0,3,2,1
55124406,3062,1472,1590,3000,1434,1566,48,28,20,1934,953,981,2944,1405,1539,3049,1461,1588,12,10,2,1,1,0
55124407,1682,832,850,1596,773,823,67,45,22,1038,525,513,1615,789,826,1666,829,837,11,1,10,5,2,3
55124408,1532,737,795,1458,690,768,59,38,21,845,410,435,1462,700,762,1524,732,792,0,0,0,8,5,3
55124409,613,312,301,604,307,297,4,1,3,414,221,193,594,300,294,607,309,298,0,0,0,6,3,3
55124411,478,237,241,466,228,238,10,7,3,312,157,155,466,229,237,475,235,240,0,0,0,3,2,1
55124412,799,367,432,781,358,423,14,8,6,479,234,245,762,349,413,799,367,432,0,0,0,0,0,0
55124413,865,433,432,846,421,425,17,11,6,592,300,292,832,419,413,856,427,429,4,3,1,5,3,2
3132890,0,0,0,0,0,0,0,0,0,0,0,0,0,0,0,0,0,0,0,0,0,0,0,0
55103101,1978,962,1016,1912,922,990,50,31,19,1199,599,600,1884,911,973,1971,959,1012,5,2,3,2,1,1
55103102,2080,1039,1041,1920,950,970,136,80,56,1035,500,535,1943,962,981,2047,1012,1035,33,27,6,0,0,0
55103103,524,280,244,488,254,234,32,23,9,293,156,137,486,260,226,524,280,244,0,0,0,0,0,0
55103104,2333,1208,1125,1943,961,982,343,223,120,1160,552,608,2155,1106,1049,2054,1019,1035,276,188,88,3,1,2
55103105,6196,2847,3349,6044,2772,3272,119,61,58,3540,1671,1869,5966,2735,3231,6192,2844,3348,0,0,0,4,3,1
55103106,3503,1656,1847,3422,1612,1810,67,38,29,2028,1012,1016,3393,1602,1791,3440,1643,1797,63,13,50,0,0,0
55103107,497,241,256,490,239,251,5,1,4,345,179,166,483,235,248,494,240,254,3,1,2,0,0,0
55103108,4106,1843,2263,3992,1778,2214,83,47,36,2364,1088,1276,3948,1763,2185,4096,1835,2261,0,0,0,10,8,2
55103109,1679,786,893,1632,763,869,33,15,18,971,470,501,1608,745,863,1663,776,887,0,0,0,16,10,6
55103110,2494,1210,1284,2481,1205,1276,11,4,7,1727,858,869,2448,1186,1262,2458,1196,1262,10,0,10,26,14,12
55103111,2241,1006,1235,2186,972,1214,44,28,16,1296,608,688,2166,962,1204,2191,983,1208,1,1,0,49,22,27
55103112,2201,1050,1151,2138,1015,1123,41,25,16,1323,662,661,2124,1015,1109,2201,1050,1151,0,0,0,0,0,0
55103113,3220,1524,1696,3105,1458,1647,75,45,30,1890,923,967,3081,1451,1630,3219,1523,1696,0,0,0,1,1,0
55103114,4437,2119,2318,4263,2037,2226,126,60,66,2601,1256,1345,4266,2043,2223,4431,2115,2316,0,0,0,6,4,2
55103115,2421,1136,1285,2275,1059,1216,110,60,50,1302,608,694,2275,1065,1210,2420,1136,1284,1,0,1,0,0,0
55103116,1172,555,617,1147,541,606,20,12,8,737,350,387,1134,541,593,1170,553,617,1,1,0,1,1,0
55103117,2006,987,1019,1868,897,971,97,67,30,1101,533,568,1889,926,963,1957,966,991,49,21,28,0,0,0
55103118,49,48,1,11,10,1,34,34,0,1,1,0,46,45,1,1,1,0,48,47,1,0,0,0
55103119,434,233,201,338,178,160,80,46,34,205,107,98,401,212,189,423,228,195,11,5,6,0,0,0
55103120,2734,1329,1405,2520,1219,1301,167,86,81,1409,690,719,2565,1245,1320,2724,1323,1401,7,4,3,3,2,1
55103121,1645,884,761,1425,747,678,172,111,61,805,405,400,1452,774,678,1534,810,724,101,67,34,10,7,3
55103122,432,208,224,406,195,211,23,10,13,252,124,128,408,195,213,432,208,224,0,0,0,0,0,0
55129502,1831,861,970,1802,846,956,27,14,13,1118,535,583,1754,826,928,1830,860,970,0,0,0,1,1,0
55129503,227,117,110,221,113,108,4,4,0,154,79,75,224,116,108,202,102,100,9,6,3,16,9,7
55129504,2427,1217,1210,2248,1110,1138,163,102,61,1338,663,675,2274,1131,1143,2356,1167,1189,70,50,20,1,0,1
55129505,54,27,27,54,27,27,0,0,0,39,20,19,53,26,27,49,25,24,0,0,0,5,2,3
55129506,520,266,254,505,253,252,12,10,2,319,167,152,494,251,243,512,260,252,5,5,0,3,1,2
55129507,3431,1632,1799,3363,1597,1766,50,25,25,1959,972,987,3327,1574,1753,3430,1632,1798,0,0,0,1,0,1
55129508,499,254,245,453,224,229,41,27,14,194,96,98,462,239,223,495,251,244,2,1,1,2,2,0
55129509,883,444,439,832,421,411,45,19,26,386,214,172,799,404,395,883,444,439,0,0,0,0,0,0
55129510,1232,623,609,1118,564,554,95,51,44,489,233,256,1139,578,561,1230,621,609,2,2,0,0,0,0
0120500,0,0,0,0,0,0,0,0,0,0,0,0,0,0,0,0,0,0,0,0,0,0,0,0
3308090,0,0,0,0,0,0,0,0,0,0,0,0,0,0,0,0,0,0,0,0,0,0,0,0
55109101,1382,677,705,1326,642,684,34,19,15,884,445,439,1349,657,692,1345,658,687,0,0,0,37,19,18
55109102,1144,549,595,1047,494,553,85,50,35,544,260,284,1068,513,555,1143,548,595,0,0,0,1,1,0
55109103,3016,1411,1605,2965,1382,1583,42,25,17,1874,921,953,2954,1378,1576,3016,1411,1605,0,0,0,0,0,0
55109105,7240,3298,3942,7051,3191,3860,141,81,60,4053,1936,2117,7017,3188,3829,7009,3240,3769,230,57,173,1,1,0
0101890,0,0,0,0,0,0,0,0,0,0,0,0,0,0,0,0,0,0,0,0,0,0,0,0
0102430,0,0,0,0,0,0,0,0,0,0,0,0,0,0,0,0,0,0,0,0,0,0,0,0
0106850,0,0,0,0,0,0,0,0,0,0,0,0,0,0,0,0,0,0,0,0,0,0,0,0
55097301,1266,650,616,1038,523,515,159,88,71,577,292,285,1150,586,564,1237,637,600,22,8,14,7,5,2
55097302,1411,748,663,1163,610,553,189,111,78,547,305,242,1295,696,599,1279,661,618,3,2,1,129,85,44
55097303,1990,1000,990,1756,861,895,147,92,55,937,463,474,1848,923,925,1898,950,948,68,30,38,24,20,4
55097304,633,314,319,572,277,295,54,33,21,327,174,153,598,295,303,631,314,317,2,0,2,0,0,0
55097305,3182,1514,1668,2896,1340,1556,234,140,94,1520,698,822,2986,1416,1570,3136,1495,1641,46,19,27,0,0,0
55097307,2658,1287,1371,2387,1133,1254,199,118,81,1214,601,613,2471,1197,1274,2614,1261,1353,41,24,17,3,2,1
55097308,8289,5446,2843,7822,5163,2659,381,228,153,3799,2492,1307,7892,5216,2676,3206,1660,1546,12,9,3,5071,3777,1294
55097309,1666,806,860,1508,728,780,138,69,69,846,409,437,1563,751,812,1665,805,860,0,0,0,1,1,0
55097310,1324,686,638,1192,615,577,86,49,37,624,329,295,1229,632,597,1286,658,628,35,26,9,3,2,1
55097311,521,256,265,474,235,239,43,17,26,271,137,134,495,241,254,517,254,263,0,0,0,4,2,2
55097312,39,21,18,37,20,17,1,1,0,18,12,6,32,19,13,34,16,18,5,5,0,0,0,0
55097313,2409,1148,1261,2200,1037,1163,164,94,70,1181,597,584,2291,1093,1198,2405,1144,1261,1,1,0,3,3,0
55097314,40,32,8,23,19,4,16,13,3,12,8,4,37,30,7,13,8,5,27,24,3,0,0,0
55097315,3475,1678,1797,3263,1560,1703,170,100,70,1729,853,876,3261,1580,1681,3428,1652,1776,44,23,21,3,3,0
55097316,1889,955,934,1765,890,875,95,48,47,964,502,462,1775,896,879,1834,945,889,46,6,40,9,4,5
55097317,813,404,409,732,352,380,70,43,27,376,206,170,765,382,383,752,355,397,46,34,12,15,15,0
55097319,115,55,60,99,44,55,13,8,5,36,19,17,99,47,52,114,54,60,1,1,0,0,0,0
55097320,661,311,350,608,279,329,42,23,19,337,162,175,628,294,334,655,306,349,6,5,1,0,0,0
55097321,112,52,60,112,52,60,0,0,0,79,41,38,106,49,57,103,48,55,0,0,0,9,4,5
55097323,450,206,244,436,202,234,13,3,10,285,137,148,439,200,239,448,206,242,2,0,2,0,0,0
55097324,604,296,308,282,142,140,219,109,110,154,77,77,451,232,219,291,141,150,303,152,151,10,3,7
55097325,1778,854,924,1680,801,879,41,23,18,1114,532,582,1703,819,884,1711,816,895,67,38,29,0,0,0
55097326,1161,565,596,1112,542,570,40,18,22,741,364,377,1119,543,576,1161,565,596,0,0,0,0,0,0
55097327,1613,772,841,1544,736,808,53,27,26,959,484,475,1555,743,812,1613,772,841,0,0,0,0,0,0
55097328,30,18,12,27,15,12,3,3,0,15,7,8,23,13,10,23,13,10,6,4,2,1,1,0
55097329,3465,1694,1771,3238,1559,1679,168,100,68,1768,852,916,3266,1593,1673,3454,1686,1768,11,8,3,0,0,0
55097330,5630,2752,2878,5188,2497,2691,333,197,136,2912,1437,1475,5313,2589,2724,5563,2737,2826,66,14,52,1,1,0
55097331,2115,1073,1042,1860,940,920,177,93,84,961,485,476,1973,989,984,2109,1068,1041,1,0,1,5,5,0
55097332,4137,2023,2114,3798,1828,1970,238,137,101,2075,1021,1054,3905,1902,2003,4127,2018,2109,8,4,4,2,1,1
55097333,5090,2543,2547,4528,2238,2290,382,216,166,2396,1206,1190,4757,2363,2394,5062,2529,2533,20,9,11,8,5,3
55097334,1214,563,651,1100,497,603,97,55,42,632,276,356,1152,534,618,1207,562,645,7,1,6,0,0,0
55097335,1351,740,611,1079,570,509,233,141,92,563,294,269,1197,656,541,1235,658,577,115,81,34,1,1,0
55097336,58,28,30,47,25,22,6,1,5,27,17,10,54,26,28,45,22,23,13,6,7,0,0,0
55097337,1011,550,461,886,465,421,103,69,34,505,263,242,925,499,426,953,504,449,48,38,10,10,8,2
55097338,2081,1061,1020,1774,905,869,253,128,125,893,451,442,1887,955,932,2071,1055,1016,4,2,2,6,4,2
55097339,2304,1149,1155,2074,1023,1051,175,101,74,1043,518,525,2124,1060,1064,2296,1145,1151,8,4,4,0,0,0
55097340,37,21,16,32,18,14,5,3,2,13,8,5,33,18,15,36,20,16,0,0,0,1,1,0
55097341,1275,724,551,1074,580,494,172,124,48,485,240,245,1185,674,511,1009,515,494,235,187,48,31,22,9
55097342,1267,682,585,1071,576,495,157,81,76,495,253,242,1102,578,524,1096,562,534,125,85,40,46,35,11
55097343,1298,665,633,1166,596,570,92,48,44,538,277,261,1180,594,586,1272,648,624,20,11,9,6,6,0
55097344,395,207,188,344,172,172,47,33,14,183,89,94,371,194,177,391,204,187,0,0,0,4,3,1
0121900,0,0,0,0,0,0,0,0,0,0,0,0,0,0,0,0,0,0,0,0,0,0,0,0
55130901,33,20,13,32,19,13,1,1,0,16,10,6,28,17,11,25,16,9,0,0,0,8,4,4
55130902,2638,1272,1366,2581,1235,1346,53,34,19,1770,888,882,2562,1228,1334,2534,1250,1284,98,17,81,6,5,1
55130904,1404,694,710,1368,671,697,33,22,11,933,459,474,1344,661,683,1336,654,682,30,20,10,38,20,18
55130905,77,45,32,54,27,27,22,17,5,34,14,20,63,33,30,68,38,30,1,1,0,8,6,2
55130906,380,187,193,375,183,192,5,4,1,271,143,128,364,180,184,349,180,169,29,5,24,2,2,0
55130907,1142,558,584,1120,544,576,18,13,5,789,383,406,1113,542,571,1137,556,581,0,0,0,5,2,3
55143101,920,449,471,908,442,466,9,5,4,604,307,297,893,432,461,850,411,439,3,1,2,67,37,30
55127901,12172,5716,6456,11920,5575,6345,193,106,87,6753,3291,3462,11735,5503,6232,11677,5603,6074,480,103,377,15,10,5
55099001,26,16,10,26,16,10,0,0,0,14,10,4,26,16,10,0,0,0,0,0,0,26,16,10
55099002,1958,893,1065,1860,830,1030,81,57,24,1049,481,568,1880,855,1025,1871,869,1002,86,23,63,1,1,0
55099003,1272,601,671,1199,569,630,61,27,34,624,299,325,1219,574,645,1269,600,669,3,1,2,0,0,0
55099004,1647,773,874,1584,735,849,45,27,18,1012,488,524,1588,743,845,1646,773,873,0,0,0,1,0,1
55099005,2919,1387,1532,2792,1317,1475,102,56,46,1639,794,845,2801,1326,1475,2912,1380,1532,7,7,0,0,0,0
55099006,1827,837,990,1762,802,960,45,25,20,1045,508,537,1756,805,951,1821,833,988,6,4,2,0,0,0
55099007,1100,532,568,1063,511,552,22,12,10,690,348,342,1060,512,548,1095,529,566,0,0,0,5,3,2
55099008,2223,1091,1132,2128,1035,1093,76,42,34,1343,666,677,2157,1056,1101,2223,1091,1132,0,0,0,0,0,0
55099009,2489,1147,1342,2388,1090,1298,76,41,35,1429,677,752,2376,1090,1286,2420,1130,1290,67,16,51,2,1,1
55099010,724,355,369,713,347,366,9,7,2,477,237,240,702,340,362,713,350,363,0,0,0,11,5,6
55099011,2104,1007,1097,2050,978,1072,40,22,18,1354,655,699,2007,956,1051,2085,998,1087,18,8,10,1,1,0
55099012,1818,878,940,1688,815,873,96,48,48,987,489,498,1728,836,892,1786,870,916,32,8,24,0,0,0
55099013,1155,565,590,1116,546,570,27,18,9,748,374,374,1120,547,573,1155,565,590,0,0,0,0,0,0
3132460,0,0,0,0,0,0,0,0,0,0,0,0,0,0,0,0,0,0,0,0,0,0,0,0
3132540,0,0,0,0,0,0,0,0,0,0,0,0,0,0,0,0,0,0,0,0,0,0,0,0
3132620,0,0,0,0,0,0,0,0,0,0,0,0,0,0,0,0,0,0,0,0,0,0,0,0
55136801,2096,1021,1075,1996,973,1023,81,37,44,1047,510,537,1898,915,983,2096,1021,1075,0,0,0,0,0,0
55136802,4126,2029,2097,4086,2004,2082,34,20,14,2887,1458,1429,4012,1967,2045,3915,1922,1993,10,4,6,201,103,98
55105801,1533,745,788,1471,719,752,51,24,27,905,477,428,1453,705,748,1487,733,754,45,11,34,1,1,0
55105802,1487,668,819,1443,643,800,35,20,15,871,392,479,1421,642,779,1287,621,666,200,47,153,0,0,0
55105803,2833,1387,1446,2705,1311,1394,105,64,41,1560,786,774,2701,1314,1387,2831,1385,1446,1,1,0,1,1,0
55105804,75,36,39,74,36,38,0,0,0,49,24,25,72,36,36,72,34,38,2,1,1,1,1,0
55105805,2787,1351,1436,2642,1276,1366,114,59,55,1654,812,842,2668,1298,1370,2779,1347,1432,8,4,4,0,0,0
55105806,2832,1290,1542,2786,1261,1525,32,20,12,1839,859,980,2730,1232,1498,2831,1289,1542,0,0,0,1,1,0
55105807,508,263,245,473,238,235,28,19,9,263,142,121,484,248,236,505,260,245,3,3,0,0,0,0
55105808,3123,1594,1529,2896,1465,1431,187,111,76,1803,922,881,2940,1502,1438,3114,1585,1529,7,7,0,2,2,0
55105809,55,32,23,55,32,23,0,0,0,33,15,18,51,29,22,15,8,7,40,24,16,0,0,0
55105810,234,121,113,214,108,106,19,12,7,122,63,59,218,113,105,234,121,113,0,0,0,0,0,0
55105811,1753,837,916,1642,765,877,102,66,36,954,481,473,1649,787,862,1737,825,912,16,12,4,0,0,0
55105812,2570,1300,1270,2357,1158,1199,200,133,67,1445,729,716,2416,1219,1197,2391,1232,1159,164,54,110,15,14,1
55105813,1111,541,570,1083,523,560,26,17,9,725,354,371,1069,518,551,935,456,479,176,85,91,0,0,0
55105814,1672,830,842,1547,761,786,79,43,36,917,463,454,1558,762,796,1619,798,821,53,32,21,0,0,0
58279401,1383,694,689,1364,685,679,16,7,9,580,303,277,1311,655,656,1312,659,653,10,4,6,61,31,30
58280801,602,292,310,594,285,309,6,5,1,246,126,120,567,273,294,600,291,309,0,0,0,2,1,1
58280802,196,92,104,194,91,103,1,1,0,42,18,24,174,82,92,196,92,104,0,0,0,0,0,0
58132101,137,71,66,137,71,66,0,0,0,82,48,34,131,69,62,136,70,66,0,0,0,1,1,0
58132102,54,26,28,50,24,26,0,0,0,33,19,14,53,25,28,54,26,28,0,0,0,0,0,0
58282401,3868,1907,1961,3830,1881,1949,33,22,11,1517,783,734,3637,1791,1846,3655,1798,1857,43,16,27,170,93,77
58283201,179,87,92,179,87,92,0,0,0,99,52,47,168,83,85,168,84,84,0,0,0,11,3,8
58284101,1234,622,612,1230,618,612,3,3,0,726,395,331,1177,590,587,1228,617,611,0,0,0,6,5,1
58285901,2203,1091,1112,2184,1083,1101,19,8,11,1284,662,622,2110,1049,1061,2172,1071,1101,14,6,8,17,14,3
59531401,278,142,136,278,142,136,0,0,0,133,77,56,258,129,129,265,135,130,0,0,0,13,7,6
59531402,87,47,40,87,47,40,0,0,0,49,28,21,85,46,39,87,47,40,0,0,0,0,0,0
59533101,108,47,61,107,46,61,1,1,0,58,26,32,104,46,58,107,46,61,0,0,0,1,1,0
58287501,198,92,106,197,92,105,1,0,1,95,47,48,192,89,103,189,86,103,0,0,0,9,6,3
59383401,590,311,279,587,309,278,2,1,1,272,147,125,550,291,259,586,308,278,0,0,0,4,3,1
58288301,677,342,335,674,342,332,3,0,3,324,166,158,639,327,312,655,328,327,0,0,0,22,14,8
58140201,250,129,121,250,129,121,0,0,0,165,97,68,243,126,117,246,125,121,0,0,0,4,4,0
58142901,570,288,282,564,285,279,3,2,1,235,119,116,540,273,267,567,285,282,0,0,0,3,3,0
58142902,528,247,281,520,243,277,8,4,4,217,107,110,496,236,260,509,240,269,0,0,0,19,7,12
58289101,343,168,175,340,166,174,2,2,0,132,74,58,314,155,159,224,113,111,0,0,0,119,55,64
58143701,89,45,44,89,45,44,0,0,0,41,26,15,85,44,41,89,45,44,0,0,0,0,0,0
55027201,645,326,319,642,325,317,2,1,1,288,165,123,615,309,306,639,321,318,0,0,0,6,5,1
58291301,1850,912,938,1829,901,928,21,11,10,911,486,425,1754,863,891,1794,880,914,0,0,0,56,32,24
59544601,146,77,69,146,77,69,0,0,0,83,48,35,142,75,67,145,76,69,0,0,0,1,1,0
58292101,1061,527,534,1039,519,520,14,5,9,307,171,136,1000,498,502,1025,506,519,0,0,0,36,21,15
58293001,428,219,209,427,218,209,1,1,0,247,125,122,414,212,202,421,214,207,0,0,0,7,5,2
58294801,1058,538,520,1047,529,518,11,9,2,559,298,261,1005,508,497,1028,524,504,19,6,13,11,8,3
58295601,122,59,63,122,59,63,0,0,0,69,36,33,121,58,63,120,59,61,0,0,0,2,0,2
58295602,2092,1055,1037,2047,1021,1026,42,33,9,946,481,465,1981,995,986,1966,970,996,64,48,16,62,37,25
58295603,171,77,94,169,76,93,2,1,1,69,32,37,170,76,94,156,67,89,0,0,0,15,10,5
59552701,54,28,26,54,28,26,0,0,0,28,12,16,50,25,25,54,28,26,0,0,0,0,0,0
59552702,967,487,480,965,487,478,1,0,1,440,244,196,923,469,454,950,475,475,1,1,0,16,11,5
59552703,82,36,46,82,36,46,0,0,0,29,11,18,78,35,43,82,36,46,0,0,0,0,0,0
59552704,173,87,86,173,87,86,0,0,0,80,47,33,157,77,80,172,86,86,1,1,0,0,0,0
58296401,662,347,315,648,335,313,14,12,2,338,181,157,619,320,299,650,341,309,0,0,0,12,6,6
59555101,792,407,385,789,406,383,3,1,2,397,214,183,764,393,371,733,370,363,6,1,5,53,36,17
59556001,121,69,52,121,69,52,0,0,0,72,46,26,118,69,49,113,65,48,2,1,1,6,3,3
58297201,2022,1002,1020,2013,999,1014,4,2,2,762,414,348,1901,948,953,1970,970,1000,4,1,3,48,31,17
58299901,690,346,344,679,339,340,8,6,2,243,128,115,648,323,325,685,342,343,0,0,0,5,4,1
58301401,170,85,85,170,85,85,0,0,0,84,48,36,159,82,77,164,82,82,0,0,0,6,3,3
58301402,57,26,31,57,26,31,0,0,0,24,11,13,56,26,30,3,1,2,1,1,0,53,24,29
58302201,302,153,149,301,152,149,0,0,0,141,70,71,294,151,143,283,143,140,0,0,0,19,10,9
58157701,93,50,43,93,50,43,0,0,0,35,21,14,85,47,38,92,50,42,0,0,0,1,0,1
58303101,1282,663,619,1267,656,611,12,5,7,521,285,236,1237,641,596,1257,650,607,0,0,0,25,13,12
59566701,28,15,13,28,15,13,0,0,0,12,8,4,26,14,12,21,11,10,0,0,0,7,4,3
59566702,271,140,131,271,140,131,0,0,0,149,78,71,251,130,121,263,134,129,0,0,0,8,6,2
58305701,821,411,410,819,410,409,1,0,1,319,165,154,778,392,386,768,383,385,0,0,0,53,28,25
58305702,20,11,9,20,11,9,0,0,0,6,4,2,15,7,8,7,4,3,0,0,0,13,7,6
58306501,669,333,336,667,332,335,2,1,1,260,135,125,633,317,316,643,316,327,0,0,0,26,17,9
0488440,0,0,0,0,0,0,0,0,0,0,0,0,0,0,0,0,0,0,0,0,0,0,0,0
58308102,54,26,28,53,26,27,1,0,1,17,10,7,49,24,25,48,23,25,0,0,0,6,3,3
58308103,1850,898,952,1826,884,942,20,13,7,731,389,342,1752,851,901,1829,891,938,18,6,12,3,1,2
58308104,1594,784,810,1579,776,803,12,8,4,687,373,314,1489,731,758,1548,748,800,2,1,1,44,35,9
58309001,346,168,178,346,168,178,0,0,0,150,73,77,329,159,170,344,167,177,0,0,0,2,1,1
58311101,1008,520,488,1002,518,484,5,2,3,434,245,189,948,493,455,974,498,476,0,0,0,34,22,12
58451701,722,359,363,717,357,360,5,2,3,410,208,202,704,351,353,708,350,358,0,0,0,14,9,5
0558080,0,0,0,0,0,0,0,0,0,0,0,0,0,0,0,0,0,0,0,0,0,0,0,0
3040420,0,0,0,0,0,0,0,0,0,0,0,0,0,0,0,0,0,0,0,0,0,0,0,0
58312002,56,31,25,56,31,25,0,0,0,33,19,14,50,26,24,3,3,0,0,0,0,53,28,25
58312003,263,132,131,262,131,131,1,1,0,152,86,66,248,125,123,257,130,127,2,1,1,4,1,3
58312004,246,124,122,246,124,122,0,0,0,146,68,78,236,120,116,234,119,115,1,0,1,11,5,6
58312005,33,17,16,33,17,16,0,0,0,18,9,9,31,15,16,20,8,12,0,0,0,13,9,4
58312006,708,361,347,705,361,344,3,0,3,461,239,222,677,345,332,680,343,337,26,17,9,2,1,1
58312007,535,273,262,535,273,262,0,0,0,353,188,165,518,267,251,532,271,261,3,2,1,0,0,0
58312009,587,294,293,587,294,293,0,0,0,422,211,211,563,281,282,587,294,293,0,0,0,0,0,0
58312010,346,161,185,345,160,185,0,0,0,246,112,134,337,157,180,343,160,183,0,0,0,3,1,2
58312011,543,259,284,541,257,284,2,2,0,330,171,159,524,251,273,540,257,283,0,0,0,3,2,1
58312012,501,241,260,496,238,258,3,2,1,299,149,150,478,228,250,499,241,258,2,0,2,0,0,0
58312013,1507,700,807,1494,692,802,13,8,5,743,373,370,1442,665,777,1435,683,752,62,12,50,10,5,5
58312014,1100,527,573,1084,521,563,15,6,9,556,287,269,1026,488,538,1086,524,562,14,3,11,0,0,0
58312015,103,65,38,103,65,38,0,0,0,40,27,13,98,62,36,78,46,32,0,0,0,25,19,6
58312016,962,511,451,959,510,449,1,1,0,533,285,248,927,493,434,779,378,401,1,1,0,182,132,50
58312017,1178,568,610,1165,563,602,12,5,7,594,319,275,1075,518,557,1178,568,610,0,0,0,0,0,0
58312018,948,467,481,941,463,478,7,4,3,560,286,274,890,436,454,920,452,468,0,0,0,28,15,13
58312019,82,43,39,82,43,39,0,0,0,34,20,14,82,43,39,80,42,38,0,0,0,2,1,1
58315402,340,171,169,338,169,169,2,2,0,145,73,72,311,153,158,323,162,161,0,0,0,17,9,8
58317101,783,413,370,777,409,368,5,4,1,278,145,133,738,391,347,767,404,363,4,1,3,12,8,4
58318901,949,461,488,939,456,483,9,5,4,521,264,257,907,441,466,944,460,484,0,0,0,5,1,4
59583701,194,93,101,191,91,100,1,0,1,95,45,50,184,88,96,190,90,100,0,0,0,4,3,1
59583702,99,52,47,99,52,47,0,0,0,51,34,17,92,47,45,99,52,47,0,0,0,0,0,0
58319701,1099,541,558,1095,539,556,3,1,2,330,161,169,1037,512,525,1019,497,522,2,1,1,78,43,35
58790701,265,140,125,264,139,125,1,1,0,143,84,59,260,137,123,252,132,120,0,0,0,13,8,5
58320101,618,298,320,618,298,320,0,0,0,308,149,159,581,280,301,612,296,316,0,0,0,6,2,4
58321901,1157,560,597,1153,557,596,2,2,0,518,250,268,1093,532,561,1141,547,594,0,0,0,16,13,3
58322701,26,13,13,26,13,13,0,0,0,4,2,2,21,11,10,26,13,13,0,0,0,0,0,0
58322702,640,317,323,638,316,322,2,1,1,328,162,166,615,305,310,622,305,317,0,0,0,18,12,6
58323501,466,235,231,465,234,231,1,1,0,226,121,105,436,224,212,453,226,227,0,0,0,13,9,4
59593401,225,122,103,224,122,102,0,0,0,108,71,37,215,118,97,219,117,102,0,0,0,6,5,1
58324301,353,184,169,349,182,167,4,2,2,152,84,68,336,176,160,345,177,168,0,0,0,8,7,1
3401890,0,0,0,0,0,0,0,0,0,0,0,0,0,0,0,0,0,0,0,0,0,0,0,0
58325101,3440,1718,1722,3401,1697,1704,36,18,18,1213,640,573,3261,1629,1632,3440,1718,1722,0,0,0,0,0,0
58325103,1844,862,982,1781,832,949,54,23,31,854,426,428,1728,809,919,1805,851,954,36,8,28,3,3,0
58325105,509,244,265,506,242,264,2,1,1,199,100,99,497,237,260,506,242,264,0,0,0,3,2,1
58325106,2876,1408,1468,2806,1372,1434,57,27,30,1279,649,630,2721,1327,1394,2750,1312,1438,4,3,1,122,93,29
58325108,590,581,9,541,535,6,19,16,3,11,11,0,417,414,3,7,5,2,581,574,7,2,2,0
58325109,551,280,271,550,279,271,1,1,0,288,154,134,541,276,265,551,280,271,0,0,0,0,0,0
58325111,91,58,33,65,39,26,26,19,7,17,11,6,86,58,28,65,35,30,22,20,2,4,3,1
58325112,1584,761,823,1563,755,808,21,6,15,781,418,363,1513,729,784,1560,749,811,1,0,1,23,12,11
59598502,138,69,69,137,69,68,1,0,1,68,42,26,131,64,67,125,63,62,0,0,0,13,6,7
59599302,190,90,100,190,90,100,0,0,0,80,38,42,176,82,94,183,86,97,0,0,0,7,4,3
58326001,52,28,24,51,28,23,1,0,1,21,11,10,52,28,24,43,22,21,1,0,1,8,6,2
58326003,659,322,337,640,317,323,18,5,13,353,170,183,626,311,315,609,297,312,17,5,12,33,20,13
58327801,213,106,107,208,105,103,4,1,3,98,51,47,193,93,100,184,90,94,0,0,0,29,16,13
58328601,1889,930,959,1884,927,957,5,3,2,731,359,372,1818,893,925,1801,876,925,5,3,2,83,51,32
58329401,288,149,139,286,147,139,2,2,0,123,68,55,280,145,135,261,138,123,0,0,0,27,11,16
58330801,128,66,62,126,65,61,1,1,0,62,31,31,119,62,57,126,64,62,0,0,0,2,2,0
59437701,549,289,260,545,287,258,4,2,2,252,147,105,513,272,241,542,284,258,0,0,0,7,5,2
58197601,74,40,34,74,40,34,0,0,0,42,24,18,70,38,32,74,40,34,0,0,0,0,0,0
58197602,60,32,28,60,32,28,0,0,0,42,27,15,60,32,28,60,32,28,0,0,0,0,0,0
58197603,48,25,23,48,25,23,0,0,0,24,12,12,44,23,21,47,24,23,0,0,0,1,1,0
58197604,1243,610,633,1239,609,630,2,1,1,587,307,280,1182,580,602,1222,598,624,8,2,6,13,10,3
58331601,562,275,287,558,272,286,4,3,1,244,122,122,538,263,275,532,260,272,0,0,0,30,15,15
59607801,50,21,29,50,21,29,0,0,0,32,17,15,47,20,27,50,21,29,0,0,0,0,0,0
58332401,627,302,325,625,300,325,2,2,0,317,149,168,599,288,311,621,296,325,0,0,0,6,6,0
58333201,725,355,370,716,351,365,9,4,5,252,125,127,663,324,339,716,350,366,0,0,0,9,5,4
58334101,823,412,411,817,409,408,6,3,3,410,213,197,794,396,398,777,386,391,0,0,0,46,26,20
58334102,161,81,80,161,81,80,0,0,0,78,46,32,156,77,79,158,80,78,0,0,0,3,1,2
58335901,526,259,267,522,259,263,2,0,2,271,137,134,501,248,253,513,252,261,0,0,0,13,7,6
58336701,858,425,433,849,421,428,9,4,5,384,200,184,831,414,417,838,414,424,5,2,3,15,9,6
58337501,479,239,240,477,239,238,2,0,2,265,138,127,454,225,229,462,227,235,0,0,0,17,12,5
58338301,1809,895,914,1787,884,903,20,11,9,913,474,439,1708,844,864,1760,860,900,0,0,0,49,35,14
58338302,39,19,20,38,18,20,1,1,0,22,9,13,38,19,19,39,19,20,0,0,0,0,0,0
3257670,0,0,0,0,0,0,0,0,0,0,0,0,0,0,0,0,0,0,0,0,0,0,0,0
58339101,4992,2519,2473,4676,2274,2402,279,222,57,1799,902,897,4612,2307,2305,4766,2415,2351,155,56,99,71,48,23
58339103,495,254,241,447,224,223,45,30,15,93,51,42,421,212,209,482,248,234,8,3,5,5,3,2
58340501,85,39,46,85,39,46,0,0,0,45,22,23,84,38,46,0,0,0,0,0,0,85,39,46
58340502,825,400,425,824,400,424,1,0,1,389,197,192,796,384,412,595,288,307,17,7,10,213,105,108
58340503,1794,860,934,1781,854,927,12,6,6,780,380,400,1694,816,878,1615,763,852,0,0,0,179,97,82
58341301,26,17,9,26,17,9,0,0,0,8,7,1,22,15,7,0,0,0,0,0,0,26,17,9
58341302,938,475,463,867,437,430,58,32,26,169,81,88,814,410,404,938,475,463,0,0,0,0,0,0
58341303,2634,1270,1364,2602,1254,1348,26,12,14,879,422,457,2526,1221,1305,2598,1251,1347,0,0,0,36,19,17
58342101,915,461,454,908,454,454,6,6,0,461,235,226,876,442,434,901,450,451,0,0,0,14,11,3
58342102,37,20,17,33,18,15,3,2,1,14,7,7,33,19,14,7,3,4,0,0,0,30,17,13
58343001,1095,558,537,1084,554,530,7,3,4,464,242,222,1046,538,508,1085,552,533,0,0,0,10,6,4
58344801,1104,569,535,1095,565,530,6,3,3,635,356,279,1056,549,507,1093,558,535,0,0,0,11,11,0
58345601,186,91,95,186,91,95,0,0,0,46,22,24,169,83,86,4,2,2,0,0,0,182,89,93
58345602,655,312,343,650,310,340,5,2,3,291,138,153,618,292,326,631,299,332,0,0,0,24,13,11
59617501,1215,599,616,1208,596,612,4,2,2,596,323,273,1178,579,599,1139,559,580,1,1,0,75,39,36
59617502,50,24,26,50,24,26,0,0,0,21,11,10,43,22,21,42,20,22,0,0,0,8,4,4
58346402,104,36,68,104,36,68,0,0,0,29,23,6,90,35,55,60,30,30,44,6,38,0,0,0
58347201,314,151,163,311,149,162,3,2,1,162,80,82,296,141,155,308,148,160,0,0,0,6,3,3
58348101,919,452,467,913,448,465,5,3,2,418,214,204,862,426,436,903,443,460,0,0,0,16,9,7
58349901,306,154,152,306,154,152,0,0,0,142,77,65,291,145,146,298,148,150,0,0,0,8,6,2
59619101,244,122,122,243,122,121,1,0,1,145,81,64,234,118,116,230,113,117,0,0,0,14,9,5
58472001,1306,662,644,1295,656,639,7,4,3,751,407,344,1261,646,615,1291,656,635,9,0,9,6,6,0
58350201,788,379,409,781,374,407,4,3,1,393,179,214,734,354,380,772,366,406,0,0,0,16,13,3
58351101,700,337,363,674,324,350,26,13,13,362,183,179,660,322,338,647,313,334,25,12,13,28,12,16
58352901,248,125,123,226,106,120,22,19,3,90,49,41,230,115,115,237,119,118,0,0,0,11,6,5
58353701,1546,787,759,1534,779,755,10,6,4,628,319,309,1426,725,701,1321,671,650,9,5,4,216,111,105
58212301,116,57,59,116,57,59,0,0,0,63,35,28,113,56,57,114,56,58,0,0,0,2,1,1
59630201,48,27,21,48,27,21,0,0,0,31,19,12,46,25,21,48,27,21,0,0,0,0,0,0
59630202,102,51,51,102,51,51,0,0,0,61,36,25,100,49,51,101,51,50,0,0,0,1,0,1
59630203,176,84,92,176,84,92,0,0,0,105,55,50,163,76,87,176,84,92,0,0,0,0,0,0
58354501,850,430,420,843,426,417,4,2,2,352,189,163,797,402,395,831,419,412,0,0,0,19,11,8
58355301,1114,545,569,1104,540,564,10,5,5,559,281,278,1062,516,546,1098,532,566,0,0,0,16,13,3
58356101,2754,1390,1364,2729,1376,1353,20,12,8,1498,775,723,2642,1324,1318,2694,1350,1344,12,8,4,48,32,16
58217401,130,67,63,130,67,63,0,0,0,77,47,30,117,60,57,122,63,59,0,0,0,8,4,4
58358801,596,313,283,590,309,281,5,3,2,312,169,143,567,295,272,592,313,279,2,0,2,2,0,2
58358802,1501,772,729,1495,768,727,5,4,1,934,481,453,1427,735,692,1501,772,729,0,0,0,0,0,0
58358803,182,91,91,175,84,91,7,7,0,105,49,56,164,79,85,180,90,90,2,1,1,0,0,0
58358805,133,76,57,133,76,57,0,0,0,78,52,26,130,74,56,133,76,57,0,0,0,0,0,0
58358806,57,27,30,56,26,30,0,0,0,35,17,18,54,25,29,56,26,30,0,0,0,1,1,0
58358807,2210,1099,1111,2196,1091,1105,11,8,3,1223,607,616,2092,1037,1055,2086,1018,1068,2,1,1,122,80,42
58359601,1786,912,874,1755,886,869,31,26,5,725,373,352,1675,852,823,1756,889,867,15,13,2,15,10,5
58359602,40,23,17,37,22,15,2,1,1,8,6,2,36,20,16,0,0,0,0,0,0,40,23,17
58360001,789,415,374,780,408,372,4,3,1,300,160,140,702,368,334,772,402,370,4,3,1,13,10,3
50669901,374,191,183,371,190,181,3,1,2,167,91,76,353,180,173,371,189,182,1,1,0,2,1,1
58476202,687,348,339,681,344,337,6,4,2,390,202,188,645,331,314,637,322,315,11,5,6,39,21,18
59640001,23,10,13,23,10,13,0,0,0,13,6,7,21,10,11,23,10,13,0,0,0,0,0,0
59640002,61,33,28,61,33,28,0,0,0,37,20,17,52,28,24,61,33,28,0,0,0,0,0,0
59640003,51,24,27,51,24,27,0,0,0,26,15,11,47,23,24,51,24,27,0,0,0,0,0,0
59640004,58,33,25,58,33,25,0,0,0,36,21,15,57,32,25,58,33,25,0,0,0,0,0,0
3258050,0,0,0,0,0,0,0,0,0,0,0,0,0,0,0,0,0,0,0,0,0,0,0,0
58363401,1418,732,686,1412,729,683,5,3,2,607,339,268,1354,701,653,1358,696,662,13,5,8,47,31,16
3398900,0,0,0,0,0,0,0,0,0,0,0,0,0,0,0,0,0,0,0,0,0,0,0,0
58480101,351,175,176,351,175,176,0,0,0,172,96,76,343,170,173,349,173,176,0,0,0,2,2,0
58480102,223,126,97,221,125,96,1,1,0,99,69,30,197,113,84,223,126,97,0,0,0,0,0,0
58480103,4405,2144,2261,4338,2102,2236,61,38,23,2047,1026,1021,4099,1997,2102,4310,2084,2226,14,6,8,81,54,27
58480104,282,132,150,279,132,147,3,0,3,130,67,63,262,124,138,279,130,149,0,0,0,3,2,1
54973801,419,207,212,414,204,210,5,3,2,171,87,84,400,198,202,398,196,202,0,0,0,21,11,10
58365101,361,172,189,361,172,189,0,0,0,168,91,77,346,165,181,356,168,188,0,0,0,5,4,1
58366901,191,98,93,183,92,91,8,6,2,54,29,25,169,86,83,7,3,4,0,0,0,184,95,89
58366902,559,285,274,543,276,267,13,6,7,272,157,115,537,272,265,529,262,267,5,5,0,25,18,7
58366903,1048,517,531,1017,502,515,26,12,14,275,145,130,978,486,492,1041,515,526,0,0,0,7,2,5
58367701,2279,1147,1132,2260,1138,1122,12,5,7,1098,575,523,2178,1094,1084,2230,1122,1108,17,3,14,32,22,10
58368501,911,462,449,903,458,445,8,4,4,463,224,239,861,436,425,893,452,441,0,0,0,18,10,8
58369301,653,348,305,651,347,304,1,0,1,297,168,129,608,329,279,620,328,292,0,0,0,33,20,13
58370701,936,464,472,933,461,472,2,2,0,481,248,233,885,436,449,924,456,468,0,0,0,12,8,4
58370702,23,12,11,23,12,11,0,0,0,7,4,3,21,11,10,7,4,3,0,0,0,16,8,8
54974601,1456,697,759,1449,692,757,6,4,2,592,311,281,1360,654,706,1347,670,677,86,11,75,23,16,7
58484301,1012,507,505,1008,506,502,4,1,3,532,293,239,952,481,471,989,489,500,0,0,0,23,18,5
58371501,646,315,331,643,312,331,3,3,0,334,154,180,615,301,314,627,306,321,0,0,0,19,9,10
58372301,467,234,233,465,232,233,2,2,0,217,115,102,434,216,218,438,218,220,0,0,0,29,16,13
58372302,67,34,33,64,32,32,3,2,1,29,15,14,64,33,31,61,33,28,0,0,0,6,1,5
58373101,851,420,431,851,420,431,0,0,0,462,229,233,821,408,413,845,414,431,1,1,0,5,5,0
58374001,760,395,365,751,389,362,8,6,2,373,197,176,737,385,352,742,386,356,0,0,0,18,9,9
58375801,71,36,35,70,35,35,1,1,0,14,7,7,66,35,31,65,34,31,1,1,0,5,1,4
58375802,4110,1994,2116,4022,1949,2073,78,39,39,1656,851,805,3826,1855,1971,3954,1927,2027,97,24,73,59,43,16
58376601,1479,729,750,1450,708,742,26,19,7,633,326,307,1388,669,719,1462,715,747,0,0,0,17,14,3
58225501,248,130,118,248,130,118,0,0,0,141,88,53,235,126,109,246,129,117,0,0,0,2,1,1
58377401,1087,538,549,1070,529,541,8,5,3,364,198,166,1012,504,508,1074,530,544,0,0,0,13,8,5
58226301,223,108,115,222,108,114,1,0,1,112,55,57,214,105,109,202,97,105,0,0,0,21,11,10
59658201,78,43,35,78,43,35,0,0,0,36,23,13,70,38,32,78,43,35,0,0,0,0,0,0
1412590,0,0,0,0,0,0,0,0,0,0,0,0,0,0,0,0,0,0,0,0,0,0,0,0
1413130,0,0,0,0,0,0,0,0,0,0,0,0,0,0,0,0,0,0,0,0,0,0,0,0
1413480,0,0,0,0,0,0,0,0,0,0,0,0,0,0,0,0,0,0,0,0,0,0,0,0
3400650,0,0,0,0,0,0,0,0,0,0,0,0,0,0,0,0,0,0,0,0,0,0,0,0
58378201,36,18,18,36,18,18,0,0,0,7,4,3,36,18,18,36,18,18,0,0,0,0,0,0
58378202,660,317,343,644,311,333,15,6,9,324,164,160,626,304,322,651,312,339,4,2,2,5,3,2
58378203,1275,625,650,1261,617,644,13,7,6,629,320,309,1225,597,628,1264,617,647,10,8,2,1,0,1
58378204,1291,612,679,1256,597,659,25,13,12,424,214,210,1100,518,582,1220,593,627,71,19,52,0,0,0
58378205,63,38,25,61,36,25,2,2,0,27,17,10,61,36,25,59,34,25,3,3,0,1,1,0
58378209,1101,545,556,1081,530,551,18,14,4,427,228,199,972,475,497,1101,545,556,0,0,0,0,0,0
58378210,57,25,32,57,25,32,0,0,0,20,10,10,54,23,31,48,21,27,0,0,0,9,4,5
58378211,365,174,191,352,169,183,13,5,8,183,89,94,339,159,180,359,171,188,6,3,3,0,0,0
58378212,774,384,390,771,382,389,1,1,0,337,171,166,744,375,369,772,383,389,0,0,0,2,1,1
58378213,978,503,475,968,497,471,9,6,3,432,226,206,909,468,441,894,438,456,0,0,0,84,65,19
58379101,1087,541,546,1081,541,540,5,0,5,381,197,184,1025,512,513,992,492,500,2,0,2,93,49,44
58380401,401,198,203,400,198,202,1,0,1,225,123,102,383,192,191,389,191,198,0,0,0,12,7,5
58382101,824,416,408,820,415,405,3,0,3,354,187,167,775,392,383,786,397,389,0,0,0,38,19,19
58383901,2074,1021,1053,2065,1015,1050,9,6,3,980,508,472,1973,974,999,2041,1003,1038,3,1,2,30,17,13
54978901,420,204,216,414,201,213,6,3,3,161,80,81,396,194,202,419,203,216,0,0,0,1,1,0
59669801,52,24,28,51,24,27,0,0,0,22,14,8,51,23,28,38,17,21,0,0,0,14,7,7
59166101,373,197,176,373,197,176,0,0,0,217,120,97,361,191,170,364,190,174,0,0,0,9,7,2
58384701,664,327,337,661,325,336,1,1,0,273,139,134,631,311,320,609,296,313,0,0,0,55,31,24
58385501,830,415,415,826,413,413,2,1,1,455,242,213,796,399,397,823,410,413,2,0,2,5,5,0
3316780,0,0,0,0,0,0,0,0,0,0,0,0,0,0,0,0,0,0,0,0,0,0,0,0
58386301,1075,523,552,1059,514,545,14,8,6,564,282,282,1038,506,532,1050,509,541,1,1,0,24,13,11
54529501,170,94,76,169,93,76,1,1,0,65,39,26,157,87,70,164,92,72,0,0,0,6,2,4
54989402,70,38,32,70,38,32,0,0,0,19,14,5,67,37,30,60,33,27,8,4,4,2,1,1
58388001,607,299,308,600,298,302,7,1,6,240,129,111,576,286,290,573,281,292,0,0,0,34,18,16
58389801,2417,1186,1231,2390,1169,1221,19,12,7,998,515,483,2273,1129,1144,2273,1136,1137,116,34,82,28,16,12
58390101,388,193,195,387,192,195,1,1,0,232,115,117,373,186,187,378,188,190,0,0,0,10,5,5
58237901,103,46,57,103,46,57,0,0,0,49,26,23,93,41,52,100,46,54,0,0,0,3,0,3
58237902,31,16,15,31,16,15,0,0,0,20,13,7,31,16,15,31,16,15,0,0,0,0,0,0
58391001,3046,1547,1499,3001,1510,1491,40,34,6,1457,775,682,2918,1473,1445,2821,1416,1405,126,80,46,99,51,48
58392801,433,224,209,430,222,208,2,1,1,220,128,92,415,213,202,421,216,205,0,0,0,12,8,4
58245002,122,68,54,122,68,54,0,0,0,62,39,23,121,67,54,119,65,54,0,0,0,3,3,0
58393601,1917,1001,916,1881,976,905,30,21,9,754,406,348,1798,936,862,1872,973,899,0,0,0,45,28,17
58394401,349,172,177,348,171,177,1,1,0,152,77,75,342,168,174,346,169,177,0,0,0,3,3,0
3135210,0,0,0,0,0,0,0,0,0,0,0,0,0,0,0,0,0,0,0,0,0,0,0,0
3402430,0,0,0,0,0,0,0,0,0,0,0,0,0,0,0,0,0,0,0,0,0,0,0,0
58395201,339,176,163,338,176,162,0,0,0,171,100,71,329,172,157,339,176,163,0,0,0,0,0,0
58395203,1470,758,712,1459,752,707,9,6,3,669,352,317,1384,714,670,1376,701,675,28,9,19,66,48,18
58395205,50,30,20,48,29,19,2,1,1,13,8,5,49,29,20,17,10,7,8,4,4,25,16,9
58395206,3018,1442,1576,2953,1408,1545,59,30,29,1217,575,642,2754,1306,1448,3012,1439,1573,0,0,0,6,3,3
58395207,1757,849,908,1730,835,895,26,14,12,780,376,404,1664,805,859,1745,842,903,1,1,0,11,6,5
58395208,1165,569,596,1159,565,594,5,3,2,576,287,289,1122,543,579,1165,569,596,0,0,0,0,0,0
58396101,495,257,238,495,257,238,0,0,0,226,125,101,478,249,229,482,252,230,0,0,0,13,5,8
59490301,281,149,132,281,149,132,0,0,0,118,70,48,259,141,118,275,144,131,0,0,0,6,5,1
58397901,299,142,157,299,142,157,0,0,0,131,69,62,284,137,147,298,142,156,0,0,0,1,0,1
58397902,1343,672,671,1337,667,670,4,4,0,717,365,352,1301,649,652,1320,654,666,0,0,0,23,18,5
58399501,1260,627,633,1254,622,632,5,4,1,637,346,291,1212,605,607,1242,615,627,0,0,0,18,12,6
58398701,1135,552,583,1114,540,574,18,10,8,493,257,236,1082,524,558,1103,537,566,10,5,5,22,10,12
1674010,0,0,0,0,0,0,0,0,0,0,0,0,0,0,0,0,0,0,0,0,0,0,0,0
1674100,0,0,0,0,0,0,0,0,0,0,0,0,0,0,0,0,0,0,0,0,0,0,0,0
1675250,0,0,0,0,0,0,0,0,0,0,0,0,0,0,0,0,0,0,0,0,0,0,0,0
58400201,68,34,34,68,34,34,0,0,0,29,15,14,65,33,32,61,31,30,0,0,0,7,3,4
58400202,48,21,27,48,21,27,0,0,0,23,7,16,48,21,27,43,19,24,0,0,0,5,2,3
58400203,93,55,38,92,54,38,1,1,0,49,30,19,83,51,32,89,53,36,0,0,0,4,2,2
58400204,63,30,33,63,30,33,0,0,0,25,11,14,61,29,32,54,28,26,0,0,0,9,2,7
58400205,21,8,13,20,8,12,1,0,1,12,4,8,21,8,13,20,7,13,0,0,0,1,1,0
58400206,901,458,443,890,453,437,7,4,3,454,233,221,844,430,414,765,363,402,4,3,1,132,92,40
58400207,1646,797,849,1629,787,842,15,9,6,694,346,348,1520,731,789,1645,797,848,0,0,0,1,0,1
58400209,131,68,63,130,68,62,1,0,1,71,44,27,129,68,61,126,66,60,4,1,3,1,1,0
58400210,132,68,64,122,64,58,8,3,5,62,34,28,127,66,61,129,65,64,1,1,0,2,2,0
58400211,833,390,443,825,388,437,3,2,1,427,199,228,814,383,431,833,390,443,0,0,0,0,0,0
58400212,1472,656,816,1463,653,810,7,3,4,603,271,332,1359,599,760,1417,648,769,55,8,47,0,0,0
58400213,1292,610,682,1286,608,678,5,2,3,614,314,300,1217,568,649,1232,580,652,50,26,24,10,4,6
58400214,1855,873,982,1841,867,974,13,5,8,771,391,380,1755,823,932,1717,826,891,137,46,91,1,1,0
58400215,270,134,136,269,134,135,1,0,1,140,70,70,264,131,133,243,119,124,0,0,0,27,15,12
58400216,420,213,207,417,211,206,3,2,1,229,126,103,398,199,199,410,210,200,0,0,0,10,3,7
59689201,101,48,53,101,48,53,0,0,0,42,21,21,96,45,51,93,44,49,0,0,0,8,4,4
58401101,384,196,188,384,196,188,0,0,0,216,118,98,377,193,184,383,195,188,0,0,0,1,1,0
59496201,654,324,330,652,322,330,2,2,0,302,163,139,622,312,310,643,314,329,0,0,0,11,10,1
58402901,519,243,276,512,240,272,7,3,4,237,113,124,470,222,248,500,230,270,0,0,0,19,13,6
58402902,1215,583,632,1205,580,625,7,2,5,549,268,281,1145,543,602,1189,565,624,0,0,0,26,18,8
58402903,648,336,312,645,333,312,3,3,0,171,96,75,606,314,292,648,336,312,0,0,0,0,0,0
58403701,1286,630,656,1282,628,654,3,1,2,679,342,337,1242,609,633,1252,614,638,4,2,2,30,14,16
58404501,3288,1570,1718,3268,1555,1713,17,14,3,1597,819,778,3132,1501,1631,3100,1501,1599,134,35,99,54,34,20
58405301,278,144,134,277,143,134,0,0,0,127,73,54,270,137,133,275,142,133,0,0,0,3,2,1
54990801,134,69,65,133,69,64,0,0,0,56,36,20,127,63,64,115,59,56,0,0,0,19,10,9
58256501,221,108,113,221,108,113,0,0,0,91,49,42,205,102,103,220,107,113,0,0,0,1,1,0
58406101,737,374,363,735,373,362,2,1,1,358,197,161,707,364,343,712,362,350,0,0,0,25,12,13
58407001,58,25,33,58,25,33,0,0,0,34,17,17,58,25,33,58,25,33,0,0,0,0,0,0
58407002,65,36,29,65,36,29,0,0,0,33,18,15,63,36,27,59,32,27,0,0,0,6,4,2
58409601,756,370,386,753,368,385,2,1,1,334,172,162,720,348,372,750,366,384,0,0,0,6,4,2
58410001,3293,1584,1709,3129,1532,1597,159,50,109,1544,803,741,3103,1494,1609,3114,1523,1591,99,18,81,80,43,37
58410002,70,36,34,70,36,34,0,0,0,26,12,14,66,34,32,70,36,34,0,0,0,0,0,0
58411801,956,487,469,940,486,454,16,1,15,480,253,227,901,464,437,935,475,460,0,0,0,21,12,9
58412601,1357,683,674,1349,678,671,5,3,2,600,316,284,1291,649,642,1328,668,660,0,0,0,29,15,14
58502501,870,434,436,856,421,435,14,13,1,467,248,219,817,396,421,846,417,429,0,0,0,24,17,7
58413401,197,97,100,195,96,99,2,1,1,76,41,35,188,93,95,194,94,100,0,0,0,3,3,0
58414201,36,19,17,36,19,17,0,0,0,4,2,2,34,18,16,5,3,2,0,0,0,31,16,15
58414202,1171,585,586,1159,578,581,11,6,5,524,269,255,1104,551,553,1149,569,580,0,0,0,22,16,6
58415101,916,454,462,908,450,458,6,3,3,352,193,159,863,431,432,866,429,437,33,16,17,17,9,8
58503301,2486,1226,1260,2475,1220,1255,9,5,4,1114,594,520,2336,1158,1178,2371,1183,1188,76,17,59,39,26,13
59710401,85,47,38,85,47,38,0,0,0,49,34,15,82,47,35,84,46,38,0,0,0,1,1,0
58416901,304,156,148,303,155,148,0,0,0,122,67,55,291,149,142,291,148,143,0,0,0,13,8,5
58417701,746,372,374,740,369,371,4,2,2,346,180,166,704,349,355,728,364,364,1,1,0,17,7,10
58418501,765,370,395,754,360,394,11,10,1,353,178,175,721,348,373,741,349,392,9,9,0,15,12,3
58419301,55,27,28,54,26,28,1,1,0,25,12,13,52,26,26,52,26,26,0,0,0,3,1,2
58420701,212,103,109,206,102,104,6,1,5,88,43,45,196,95,101,212,103,109,0,0,0,0,0,0
58420702,1707,780,927,1692,771,921,12,8,4,686,333,353,1607,735,872,1539,734,805,150,34,116,18,12,6
58420703,665,330,335,589,288,301,12,8,4,241,129,112,587,287,300,563,273,290,65,36,29,37,21,16
58421501,152,72,80,151,71,80,1,1,0,80,35,45,141,66,75,152,72,80,0,0,0,0,0,0
58421502,1077,541,536,1057,525,532,18,14,4,531,275,256,1015,507,508,1062,532,530,0,0,0,15,9,6
58422301,176,78,98,175,77,98,0,0,0,72,34,38,161,70,91,176,78,98,0,0,0,0,0,0
58422302,139,72,67,138,71,67,1,1,0,71,44,27,131,70,61,139,72,67,0,0,0,0,0,0
58422303,3341,1640,1701,3316,1629,1687,20,9,11,1875,949,926,3149,1556,1593,3233,1573,1660,29,14,15,79,53,26
58273501,74,37,37,74,37,37,0,0,0,44,27,17,70,36,34,71,35,36,0,0,0,3,2,1
58423101,1427,709,718,1420,705,715,7,4,3,677,359,318,1364,682,682,1387,692,695,21,6,15,19,11,8
58423102,147,72,75,147,72,75,0,0,0,82,45,37,144,71,73,147,72,75,0,0,0,0,0,0
58424001,907,466,441,903,462,441,3,3,0,460,250,210,858,437,421,896,457,439,0,0,0,11,9,2
59717101,27,14,13,26,14,12,1,0,1,14,7,7,26,14,12,27,14,13,0,0,0,0,0,0
59717103,320,176,144,320,176,144,0,0,0,180,112,68,309,172,137,292,159,133,1,0,1,27,17,10
58426601,1803,891,912,1768,870,898,28,18,10,634,327,307,1705,841,864,1697,831,866,6,3,3,100,57,43
58427401,509,247,262,505,245,260,3,1,2,164,75,89,479,232,247,483,234,249,0,0,0,26,13,13
58428201,905,450,455,895,444,451,10,6,4,390,205,185,851,425,426,896,444,452,1,1,0,8,5,3
58428202,849,408,441,836,401,435,8,5,3,400,230,170,814,389,425,841,402,439,0,0,0,8,6,2
58428203,581,290,291,566,283,283,15,7,8,206,118,88,537,268,269,577,287,290,2,2,0,2,1,1
58428204,21,9,12,21,9,12,0,0,0,7,3,4,17,8,9,21,9,12,0,0,0,0,0,0
58428205,1052,495,557,1037,488,549,14,7,7,426,207,219,996,463,533,983,456,527,20,6,14,49,33,16
58428209,294,137,157,288,134,154,5,3,2,143,72,71,271,129,142,290,133,157,0,0,0,4,4,0
58430401,388,190,198,386,189,197,2,1,1,208,103,105,373,184,189,384,186,198,0,0,0,4,4,0
58432101,901,425,476,896,422,474,3,2,1,477,253,224,848,398,450,887,414,473,11,8,3,3,3,0
58433901,834,435,399,828,430,398,5,4,1,434,232,202,796,413,383,816,420,396,0,0,0,18,15,3
58434701,1238,615,623,1228,610,618,7,3,4,756,389,367,1178,589,589,1220,604,616,4,4,0,14,7,7
58435501,541,258,283,536,255,281,4,2,2,234,126,108,498,240,258,517,243,274,2,1,1,22,14,8
58436301,1005,499,506,940,466,474,60,30,30,516,267,249,946,473,473,927,459,468,66,34,32,12,6,6
0136760,0,0,0,0,0,0,0,0,0,0,0,0,0,0,0,0,0,0,0,0,0,0,0,0
1263650,0,0,0,0,0,0,0,0,0,0,0,0,0,0,0,0,0,0,0,0,0,0,0,0
58429101,1687,832,855,1679,829,850,6,3,3,1207,608,599,1654,813,841,1679,828,851,0,0,0,8,4,4
58429103,3331,1560,1771,3282,1536,1746,45,22,23,1745,844,901,3199,1494,1705,3330,1559,1771,0,0,0,1,1,0
58429105,24,15,9,24,15,9,0,0,0,10,5,5,21,13,8,11,4,7,9,8,1,4,3,1
58429106,45,24,21,30,16,14,14,7,7,21,12,9,38,20,18,30,16,14,15,8,7,0,0,0
58429107,1660,836,824,1652,831,821,6,4,2,982,508,474,1616,815,801,1657,835,822,3,1,2,0,0,0
58429108,2692,1272,1420,2669,1261,1408,20,11,9,1564,768,796,2583,1223,1360,2651,1254,1397,37,16,21,4,2,2
58429109,115,107,8,111,103,8,0,0,0,13,6,7,71,63,8,16,8,8,99,99,0,0,0,0
58429110,1430,650,780,1413,637,776,15,12,3,749,369,380,1344,607,737,1161,570,591,267,78,189,2,2,0
58429111,1131,690,441,1107,667,440,11,10,1,504,282,222,1039,620,419,454,209,245,133,129,4,544,352,192
58429112,2070,997,1073,2031,982,1049,34,15,19,1167,595,572,1985,959,1026,2064,992,1072,6,5,1,0,0,0
58429114,45,27,18,45,27,18,0,0,0,25,17,8,39,24,15,44,26,18,0,0,0,1,1,0
58429115,426,216,210,400,204,196,22,11,11,210,120,90,390,195,195,415,209,206,5,4,1,6,3,3
58429116,981,453,528,956,443,513,20,9,11,497,241,256,921,430,491,918,422,496,63,31,32,0,0,0
58429118,1053,526,527,1042,521,521,10,5,5,722,368,354,1018,510,508,1049,524,525,0,0,0,4,2,2
58429119,406,200,206,392,197,195,11,2,9,204,101,103,371,182,189,397,194,203,9,6,3,0,0,0
58429120,1286,615,671,1268,606,662,18,9,9,713,364,349,1230,587,643,1286,615,671,0,0,0,0,0,0
58429122,3077,1431,1646,2996,1391,1605,69,35,34,1592,768,824,2907,1348,1559,3047,1409,1638,8,6,2,22,16,6
58429123,323,160,163,316,157,159,7,3,4,180,85,95,313,154,159,293,142,151,0,0,0,30,18,12
58429124,65,38,27,56,34,22,8,4,4,22,12,10,60,37,23,50,28,22,8,6,2,7,4,3
58429127,1810,860,950,1756,833,923,40,21,19,964,486,478,1723,817,906,1805,858,947,5,2,3,0,0,0
58429129,599,292,307,592,287,305,4,3,1,399,209,190,584,285,299,594,288,306,0,0,0,5,4,1
58429131,62,19,43,55,19,36,7,0,7,18,8,10,54,16,38,35,16,19,27,3,24,0,0,0
58437101,1626,822,804,1608,810,798,18,12,6,808,421,387,1544,785,759,1606,804,802,0,0,0,20,18,2
58438001,701,356,345,700,355,345,1,1,0,418,222,196,665,337,328,673,341,332,0,0,0,28,15,13
58440101,523,266,257,520,264,256,3,2,1,260,138,122,494,255,239,515,258,257,0,0,0,8,8,0
58441001,452,219,233,442,212,230,10,7,3,233,113,120,424,205,219,432,205,227,1,1,0,19,13,6
58442801,1628,829,799,1613,819,794,13,9,4,879,504,375,1559,793,766,1600,807,793,0,0,0,28,22,6
58443601,279,154,125,278,154,124,1,0,1,116,68,48,274,152,122,263,145,118,7,4,3,9,5,4
58444401,1796,919,877,1780,911,869,15,7,8,970,527,443,1683,856,827,1768,897,871,1,1,0,27,21,6
58445201,1290,629,661,1278,619,659,10,8,2,816,414,402,1244,605,639,1275,619,656,2,2,0,13,8,5
58446101,628,298,330,624,297,327,4,1,3,353,167,186,599,283,316,622,293,329,0,0,0,6,5,1
58447901,480,243,237,478,243,235,1,0,1,252,143,109,462,235,227,469,236,233,4,2,2,7,5,2
58448702,1616,795,821,1604,785,819,12,10,2,848,433,415,1528,755,773,1572,765,807,0,0,0,44,30,14
0499300,0,0,0,0,0,0,0,0,0,0,0,0,0,0,0,0,0,0,0,0,0,0,0,0
0499560,0,0,0,0,0,0,0,0,0,0,0,0,0,0,0,0,0,0,0,0,0,0,0,0
0499640,0,0,0,0,0,0,0,0,0,0,0,0,0,0,0,0,0,0,0,0,0,0,0,0
3399380,0,0,0,0,0,0,0,0,0,0,0,0,0,0,0,0,0,0,0,0,0,0,0,0
3399460,0,0,0,0,0,0,0,0,0,0,0,0,0,0,0,0,0,0,0,0,0,0,0,0
58449501,30,14,16,30,14,16,0,0,0,13,5,8,29,14,15,20,9,11,4,3,1,6,2,4
58449502,791,412,379,783,410,373,6,2,4,398,215,183,730,381,349,715,361,354,6,2,4,70,49,21
58449503,54,34,20,50,31,19,4,3,1,24,16,8,54,34,20,45,26,19,9,8,1,0,0,0
58449504,425,204,221,416,196,220,8,7,1,223,107,116,409,194,215,373,177,196,40,21,19,12,6,6
58449505,1884,892,992,1861,883,978,16,6,10,820,406,414,1777,842,935,1884,892,992,0,0,0,0,0,0
58449506,372,188,184,369,185,184,3,3,0,207,112,95,351,175,176,349,175,174,20,10,10,3,3,0
58449508,47,24,23,47,24,23,0,0,0,26,14,12,43,21,22,46,23,23,0,0,0,1,1,0
58449509,2473,1175,1298,2461,1167,1294,11,8,3,1153,581,572,2302,1094,1208,2382,1137,1245,88,35,53,3,3,0
58452501,681,337,344,671,331,340,8,4,4,276,143,133,645,319,326,595,295,300,64,28,36,22,14,8
55025601,205,101,104,204,100,104,1,1,0,105,59,46,191,94,97,201,97,104,0,0,0,4,4,0
58454101,484,221,263,473,216,257,11,5,6,182,96,86,454,204,250,385,196,189,85,14,71,14,11,3
58455001,219,120,99,219,120,99,0,0,0,106,64,42,206,113,93,219,120,99,0,0,0,0,0,0
58455002,2178,1111,1067,2154,1100,1054,19,9,10,1178,630,548,2063,1052,1011,2096,1073,1023,38,11,27,44,27,17
58455003,23,14,9,20,13,7,2,1,1,4,4,0,17,10,7,23,14,9,0,0,0,0,0,0
58456801,1893,936,957,1868,920,948,23,15,8,1180,580,600,1823,896,927,1860,912,948,18,12,6,15,12,3
58457601,1787,896,891,1778,891,887,6,4,2,957,460,497,1714,862,852,1771,884,887,0,0,0,16,12,4
58458401,1209,596,613,1199,591,608,6,3,3,660,328,332,1141,560,581,1187,586,601,4,1,3,18,9,9
58458402,22,10,12,22,10,12,0,0,0,8,4,4,21,10,11,22,10,12,0,0,0,0,0,0
58459201,1257,638,619,1254,635,619,3,3,0,792,425,367,1212,611,601,1238,624,614,0,0,0,19,14,5
55528201,435,228,207,431,226,205,4,2,2,166,92,74,416,219,197,428,221,207,0,0,0,7,7,0
55844301,1181,572,609,1163,562,601,17,10,7,651,317,334,1113,537,576,1159,558,601,6,2,4,16,12,4
58462201,3437,1653,1784,3411,1639,1772,15,10,5,2306,1126,1180,3310,1594,1716,3308,1583,1725,24,10,14,105,60,45
58463101,1858,908,950,1822,888,934,31,19,12,914,474,440,1771,864,907,1789,865,924,29,11,18,40,32,8
58463102,213,114,99,212,114,98,1,0,1,96,60,36,199,108,91,213,114,99,0,0,0,0,0,0
0943070,0,0,0,0,0,0,0,0,0,0,0,0,0,0,0,0,0,0,0,0,0,0,0,0
0943310,0,0,0,0,0,0,0,0,0,0,0,0,0,0,0,0,0,0,0,0,0,0,0,0
0943400,0,0,0,0,0,0,0,0,0,0,0,0,0,0,0,0,0,0,0,0,0,0,0,0
3399030,0,0,0,0,0,0,0,0,0,0,0,0,0,0,0,0,0,0,0,0,0,0,0,0
58464901,1308,611,697,1260,578,682,41,29,12,649,321,328,1234,569,665,1247,576,671,60,34,26,1,1,0
58464902,329,156,173,323,153,170,5,3,2,143,79,64,309,146,163,329,156,173,0,0,0,0,0,0
58464903,28,14,14,24,12,12,4,2,2,18,9,9,26,14,12,28,14,14,0,0,0,0,0,0
58464905,499,229,270,488,221,267,9,6,3,259,124,135,461,213,248,481,223,258,0,0,0,18,6,12
58464906,597,289,308,569,275,294,26,12,14,333,171,162,566,273,293,572,276,296,24,13,11,1,0,1
58464908,972,469,503,963,463,500,6,5,1,520,268,252,947,456,491,972,469,503,0,0,0,0,0,0
58464909,234,112,122,219,103,116,14,8,6,63,29,34,167,78,89,234,112,122,0,0,0,0,0,0
58464910,733,329,404,723,321,402,7,6,1,335,155,180,692,306,386,733,329,404,0,0,0,0,0,0
58464911,127,50,77,116,40,76,10,9,1,31,17,14,104,38,66,72,31,41,55,19,36,0,0,0
58464912,46,19,27,46,19,27,0,0,0,25,11,14,43,19,24,45,19,26,1,0,1,0,0,0
58464913,392,192,200,383,186,197,9,6,3,214,111,103,384,187,197,386,188,198,0,0,0,6,4,2
58464914,1055,521,534,994,491,503,59,28,31,575,314,261,980,489,491,1001,496,505,53,24,29,1,1,0
58464915,1141,572,569,1109,551,558,26,17,9,560,280,280,1080,543,537,966,442,524,8,3,5,167,127,40
58465701,454,221,233,447,216,231,7,5,2,237,110,127,412,198,214,445,216,229,0,0,0,9,5,4
58466501,2495,1208,1287,2476,1199,1277,19,9,10,1367,669,698,2404,1160,1244,2431,1172,1259,21,8,13,43,28,15
58467301,1400,708,692,1392,701,691,7,6,1,815,427,388,1350,680,670,1367,690,677,3,0,3,30,18,12
58468101,473,250,223,472,249,223,0,0,0,223,132,91,440,232,208,458,239,219,0,0,0,15,11,4
58470301,707,350,357,701,346,355,6,4,2,385,203,182,668,330,338,687,338,349,6,1,5,14,11,3
58471101,731,373,358,728,371,357,2,1,1,418,222,196,702,358,344,722,368,354,0,0,0,9,5,4
58471102,29,14,15,29,14,15,0,0,0,12,6,6,26,13,13,29,14,15,0,0,0,0,0,0
58474601,1249,618,631,1207,584,623,36,31,5,649,316,333,1158,566,592,1187,583,604,3,2,1,59,33,26
58475401,343,170,173,338,168,170,5,2,3,151,79,72,316,156,160,331,160,171,0,0,0,12,10,2
58477101,583,287,296,572,278,294,8,7,1,312,155,157,543,264,279,553,267,286,13,10,3,17,10,7
58478901,772,392,380,770,391,379,0,0,0,421,244,177,736,374,362,726,368,358,1,1,0,45,23,22
58479701,2887,1441,1446,2851,1417,1434,31,22,9,1541,802,739,2715,1349,1366,2818,1404,1414,36,11,25,33,26,7
58481901,973,476,497,972,475,497,1,1,0,532,274,258,929,453,476,958,467,491,1,0,1,14,9,5
58483501,123,66,57,123,66,57,0,0,0,43,26,17,117,63,54,119,63,56,0,0,0,4,3,1
58483502,623,315,308,622,315,307,0,0,0,339,175,164,600,297,303,598,299,299,0,0,0,25,16,9
58485101,126,61,65,126,61,65,0,0,0,64,32,32,121,60,61,126,61,65,0,0,0,0,0,0
58485102,614,309,305,613,309,304,0,0,0,367,195,172,594,300,294,599,299,300,0,0,0,15,10,5
58486001,26,13,13,26,13,13,0,0,0,5,2,3,26,13,13,26,13,13,0,0,0,0,0,0
58486002,2077,1054,1023,2060,1045,1015,16,9,7,1269,678,591,2000,1025,975,2036,1023,1013,11,6,5,30,25,5
58487801,109,55,54,108,54,54,1,1,0,55,33,22,105,54,51,108,54,54,0,0,0,1,1,0
58487802,684,353,331,677,349,328,5,3,2,334,184,150,648,335,313,668,340,328,2,1,1,14,12,2
58489401,888,433,455,886,433,453,1,0,1,468,224,244,847,412,435,877,424,453,0,0,0,11,9,2
58490801,876,464,412,862,452,410,14,12,2,491,252,239,838,442,396,857,452,405,5,5,0,14,7,7
58491601,780,391,389,779,391,388,0,0,0,422,228,194,748,371,377,755,373,382,4,2,2,21,16,5
58492401,1483,730,753,1459,714,745,22,14,8,842,428,414,1406,684,722,1441,707,734,29,16,13,13,7,6
58493201,2061,1046,1015,2051,1041,1010,9,5,4,1466,762,704,1983,1004,979,2030,1026,1004,1,1,0,30,19,11
58494101,2019,1009,1010,1968,977,991,50,32,18,1092,556,536,1935,966,969,1965,978,987,5,3,2,49,28,21
58495901,1020,505,515,1007,495,512,11,9,2,541,253,288,955,469,486,996,485,511,2,2,0,22,18,4
58496701,1073,526,547,1072,525,547,1,1,0,676,345,331,1019,501,518,1055,513,542,4,3,1,14,10,4
58497501,172,92,80,169,90,79,2,1,1,94,52,42,155,85,70,165,88,77,0,0,0,7,4,3
58497502,3353,1627,1726,3295,1596,1699,47,24,23,1670,873,797,3142,1534,1608,3181,1537,1644,120,43,77,52,47,5
58498301,28,16,12,28,16,12,0,0,0,15,11,4,27,15,12,5,2,3,0,0,0,23,14,9
58498302,3749,1826,1923,3731,1820,1911,14,5,9,2590,1286,1304,3608,1750,1858,3707,1807,1900,17,1,16,25,18,7
58499101,493,239,254,490,238,252,3,1,2,257,138,119,476,234,242,482,233,249,0,0,0,11,6,5
58500901,1724,871,853,1713,865,848,10,5,5,986,525,461,1664,844,820,1710,860,850,0,0,0,14,11,3
58500902,24,10,14,24,10,14,0,0,0,13,6,7,22,10,12,24,10,14,0,0,0,0,0,0
58501701,3070,1511,1559,3044,1496,1548,24,15,9,1822,912,910,2943,1449,1494,3002,1465,1537,15,8,7,53,38,15
58504101,1043,527,516,1038,525,513,4,1,3,667,347,320,990,503,487,1028,514,514,0,0,0,15,13,2
58505001,1454,727,727,1446,724,722,8,3,5,828,436,392,1326,658,668,1414,701,713,4,1,3,36,25,11
58603001,842,428,414,838,427,411,2,1,1,497,265,232,818,414,404,831,421,410,0,0,0,11,7,4
58604801,1865,926,939,1854,919,935,8,4,4,1231,625,606,1812,897,915,1821,901,920,27,10,17,17,15,2
58605601,397,212,185,391,209,182,6,3,3,237,132,105,380,200,180,391,208,183,2,1,1,4,3,1
58607201,665,330,335,664,330,334,1,0,1,390,185,205,637,318,319,655,323,332,0,0,0,10,7,3
3139390,0,0,0,0,0,0,0,0,0,0,0,0,0,0,0,0,0,0,0,0,0,0,0,0
58608101,80,37,43,80,37,43,0,0,0,19,9,10,76,35,41,77,35,42,3,2,1,0,0,0
58608103,225,119,106,223,117,106,2,2,0,86,49,37,208,108,100,225,119,106,0,0,0,0,0,0
58608104,1385,699,686,1363,684,679,19,13,6,714,373,341,1331,669,662,1306,648,658,14,2,12,65,49,16
58608105,1088,509,579,1006,471,535,75,34,41,508,252,256,1003,467,536,1018,479,539,70,30,40,0,0,0
58608106,1422,700,722,1399,689,710,19,9,10,684,359,325,1364,669,695,1422,700,722,0,0,0,0,0,0
58608108,94,43,51,94,43,51,0,0,0,43,19,24,91,42,49,94,43,51,0,0,0,0,0,0
58609901,1181,601,580,1170,596,574,8,4,4,589,316,273,1136,579,557,1163,589,574,0,0,0,18,12,6
58610201,2310,1150,1160,2303,1145,1158,6,5,1,1579,815,764,2198,1100,1098,2287,1134,1153,0,0,0,23,16,7
58611101,385,186,199,384,185,199,1,1,0,169,85,84,356,173,183,355,182,173,25,0,25,5,4,1
58611102,24,15,9,24,15,9,0,0,0,4,2,2,21,14,7,0,0,0,0,0,0,24,15,9
58612901,1414,705,709,1406,700,706,6,4,2,859,450,409,1313,654,659,1398,693,705,5,3,2,11,9,2
58613701,2897,1467,1430,2885,1461,1424,10,5,5,2000,1003,997,2796,1417,1379,2863,1440,1423,6,4,2,28,23,5
58614501,988,489,499,984,486,498,4,3,1,544,282,262,935,462,473,970,477,493,0,0,0,18,12,6
58615301,251,124,127,250,124,126,1,0,1,111,55,56,241,118,123,246,121,125,0,0,0,5,3,2
58616101,218,120,98,214,120,94,3,0,3,134,79,55,202,110,92,214,118,96,0,0,0,4,2,2
58616103,2144,1064,1080,2139,1062,1077,5,2,3,1500,756,744,2086,1031,1055,2142,1062,1080,0,0,0,2,2,0
58616104,3578,1762,1816,3568,1756,1812,10,6,4,2333,1163,1170,3441,1687,1754,3465,1677,1788,25,12,13,88,73,15
58616105,77,38,39,75,38,37,2,0,2,43,21,22,76,38,38,70,35,35,4,2,2,3,1,2
0405170,0,0,0,0,0,0,0,0,0,0,0,0,0,0,0,0,0,0,0,0,0,0,0,0
0405410,0,0,0,0,0,0,0,0,0,0,0,0,0,0,0,0,0,0,0,0,0,0,0,0
3399110,0,0,0,0,0,0,0,0,0,0,0,0,0,0,0,0,0,0,0,0,0,0,0,0
58602101,1809,867,942,1771,844,927,31,19,12,899,462,437,1707,813,894,1716,814,902,86,48,38,7,5,2
58602102,6585,3130,3455,6527,3097,3430,48,31,17,3555,1755,1800,6310,3013,3297,6522,3104,3418,43,16,27,20,10,10
58602103,2151,974,1177,2135,965,1170,13,8,5,1051,483,568,2061,928,1133,2146,971,1175,2,1,1,3,2,1
58602104,1573,743,830,1551,732,819,22,11,11,763,388,375,1485,704,781,1563,739,824,7,3,4,3,1,2
58602105,1901,1026,875,1883,1016,867,14,7,7,1012,557,455,1832,991,841,1296,599,697,35,17,18,570,410,160
58602106,193,107,86,173,90,83,20,17,3,98,55,43,171,95,76,139,72,67,45,27,18,9,8,1
58602107,131,60,71,124,55,69,6,4,2,73,37,36,128,58,70,131,60,71,0,0,0,0,0,0
58602108,93,47,46,91,46,45,2,1,1,52,28,24,89,45,44,93,47,46,0,0,0,0,0,0
58602109,4318,2068,2250,4240,2025,2215,70,37,33,2166,1117,1049,4106,1970,2136,4114,1994,2120,199,73,126,5,1,4
58602110,591,271,320,586,271,315,5,0,5,366,176,190,573,261,312,576,264,312,2,0,2,13,7,6
58602111,56,50,6,17,11,6,36,36,0,7,5,2,49,45,4,14,8,6,32,32,0,10,10,0
58602112,2665,1305,1360,2639,1288,1351,24,15,9,1474,761,713,2534,1236,1298,2550,1254,1296,111,48,63,4,3,1
58602114,123,65,58,122,64,58,1,1,0,83,44,39,118,61,57,122,64,58,0,0,0,1,1,0
58602115,33,19,14,31,17,14,2,2,0,11,7,4,32,19,13,30,16,14,1,1,0,2,2,0
58602118,1878,868,1010,1863,862,1001,13,6,7,1016,510,506,1767,817,950,1710,809,901,157,52,105,11,7,4
58617001,2124,1020,1104,2104,1007,1097,16,10,6,1353,668,685,2036,981,1055,2094,1001,1093,0,0,0,30,19,11
58618801,1129,568,561,1125,565,560,3,2,1,607,321,286,1083,538,545,1112,555,557,0,0,0,17,13,4
58619601,539,257,282,513,244,269,22,11,11,309,156,153,510,244,266,536,255,281,1,1,0,2,1,1
58619602,30,14,16,29,13,16,1,1,0,13,8,5,30,14,16,30,14,16,0,0,0,0,0,0
58620001,383,187,196,382,186,196,1,1,0,188,92,96,364,178,186,379,186,193,0,0,0,4,1,3
58621801,25,12,13,25,12,13,0,0,0,15,7,8,25,12,13,25,12,13,0,0,0,0,0,0
58621802,627,316,311,625,314,311,2,2,0,380,195,185,607,305,302,579,283,296,4,3,1,44,30,14
58622601,659,332,327,651,330,321,7,2,5,325,174,151,637,320,317,646,324,322,0,0,0,13,8,5
58623401,429,231,198,412,222,190,11,7,4,216,136,80,390,213,177,423,227,196,0,0,0,6,4,2
58624201,197,97,100,197,97,100,0,0,0,86,41,45,180,88,92,194,95,99,0,0,0,3,2,1
58625101,29,14,15,29,14,15,0,0,0,12,5,7,29,14,15,29,14,15,0,0,0,0,0,0
58625102,196,98,98,195,97,98,1,1,0,86,46,40,186,94,92,193,96,97,0,0,0,3,2,1
58626901,1036,521,515,1030,518,512,5,2,3,678,358,320,1007,506,501,1015,507,508,0,0,0,21,14,7
58627701,861,451,410,858,449,409,3,2,1,429,233,196,828,431,397,850,440,410,2,2,0,9,9,0
58628501,507,252,255,506,252,254,1,0,1,282,130,152,476,238,238,501,248,253,0,0,0,6,4,2
58629301,386,201,185,382,199,183,4,2,2,226,129,97,360,188,172,384,199,185,1,1,0,1,1,0
0784760,0,0,0,0,0,0,0,0,0,0,0,0,0,0,0,0,0,0,0,0,0,0,0,0
0784920,0,0,0,0,0,0,0,0,0,0,0,0,0,0,0,0,0,0,0,0,0,0,0,0
0785310,0,0,0,0,0,0,0,0,0,0,0,0,0,0,0,0,0,0,0,0,0,0,0,0
58630701,645,346,299,639,341,298,6,5,1,371,215,156,609,324,285,645,346,299,0,0,0,0,0,0
58630702,1737,862,875,1713,844,869,24,18,6,961,499,462,1680,829,851,1712,840,872,25,22,3,0,0,0
58630703,716,354,362,716,354,362,0,0,0,460,237,223,698,348,350,702,344,358,14,10,4,0,0,0
58630706,1870,939,931,1860,933,927,8,5,3,965,482,483,1759,886,873,1671,793,878,37,22,15,162,124,38
58630707,88,52,36,87,51,36,1,1,0,31,15,16,78,46,32,36,14,22,50,37,13,2,1,1
58630708,1872,849,1023,1860,840,1020,10,8,2,968,474,494,1793,809,984,1808,831,977,64,18,46,0,0,0
58630709,1017,487,530,1012,483,529,4,3,1,554,283,271,986,473,513,1007,481,526,0,0,0,10,6,4
58630710,991,445,546,988,444,544,1,1,0,515,252,263,959,433,526,991,445,546,0,0,0,0,0,0
58630711,501,291,210,493,287,206,6,2,4,94,54,40,454,270,184,139,65,74,362,226,136,0,0,0
58630712,1565,723,842,1552,714,838,11,8,3,784,391,393,1477,687,790,1552,718,834,9,3,6,4,2,2
58631501,149,75,74,149,75,74,0,0,0,70,33,37,142,72,70,147,73,74,0,0,0,2,2,0
58632301,1362,677,685,1355,671,684,7,6,1,835,434,401,1313,650,663,1336,668,668,16,5,11,10,4,6
58633101,877,457,420,876,457,419,1,0,1,566,321,245,852,443,409,870,451,419,0,0,0,7,6,1
58634001,811,400,411,809,399,410,1,1,0,487,252,235,769,384,385,806,395,411,0,0,0,5,5,0
58635801,2804,1386,1418,2775,1371,1404,25,14,11,1264,625,639,2661,1311,1350,2740,1344,1396,0,0,0,64,42,22
58636601,150,81,69,150,81,69,0,0,0,87,49,38,147,80,67,150,81,69,0,0,0,0,0,0
58637401,974,488,486,966,484,482,8,4,4,505,266,239,913,455,458,939,464,475,0,0,0,35,24,11
58637402,921,446,475,912,439,473,7,6,1,472,243,229,878,427,451,917,444,473,0,0,0,4,2,2
58638201,1771,895,876,1768,892,876,2,2,0,1148,589,559,1697,855,842,1738,872,866,7,3,4,26,20,6
58639101,76,37,39,76,37,39,0,0,0,36,19,17,68,35,33,11,4,7,0,0,0,65,33,32
58639102,631,335,296,630,334,296,1,1,0,337,173,164,602,317,285,624,328,296,0,0,0,7,7,0
58640401,1736,830,906,1722,822,900,14,8,6,1006,468,538,1661,796,865,1691,804,887,20,7,13,25,19,6
58640402,217,118,99,215,117,98,2,1,1,95,51,44,208,115,93,216,117,99,0,0,0,1,1,0
59335402,301,153,148,298,152,146,2,1,1,136,78,58,281,143,138,293,149,144,0,0,0,8,4,4
58641201,3529,1789,1740,3519,1785,1734,10,4,6,2426,1263,1163,3405,1719,1686,3460,1738,1722,1,1,0,68,50,18
58642101,842,423,419,838,420,418,3,2,1,529,264,265,825,415,410,829,414,415,0,0,0,13,9,4
58643901,323,159,164,321,158,163,2,1,1,176,93,83,315,155,160,319,157,162,0,0,0,4,2,2
58644701,471,228,243,469,226,243,2,2,0,230,108,122,431,211,220,459,219,240,0,0,0,12,9,3
58645501,20,11,9,20,11,9,0,0,0,13,9,4,20,11,9,20,11,9,0,0,0,0,0,0
58645502,443,243,200,438,238,200,4,4,0,325,177,148,415,224,191,427,234,193,0,0,0,16,9,7
58645503,49,22,27,49,22,27,0,0,0,25,14,11,49,22,27,19,9,10,2,1,1,28,12,16
58645504,75,37,38,74,36,38,1,1,0,56,28,28,73,35,38,75,37,38,0,0,0,0,0,0
58645505,24,12,12,24,12,12,0,0,0,9,4,5,24,12,12,22,11,11,0,0,0,2,1,1
58646301,228,114,114,225,111,114,2,2,0,95,45,50,211,106,105,222,111,111,0,0,0,6,3,3
58647101,222,105,117,222,105,117,0,0,0,119,60,59,215,103,112,218,101,117,0,0,0,4,4,0
58648001,1272,630,642,1257,623,634,15,7,8,715,355,360,1222,605,617,1253,615,638,0,0,0,19,15,4
58649801,2105,1046,1059,2092,1039,1053,11,6,5,1240,636,604,2020,1001,1019,2028,999,1029,17,6,11,60,41,19
58650101,826,426,400,817,422,395,8,3,5,465,240,225,795,409,386,695,356,339,6,5,1,125,65,60
58651001,3666,1792,1874,3653,1788,1865,12,3,9,2470,1213,1257,3543,1728,1815,3599,1755,1844,18,2,16,49,35,14
58651002,101,48,53,100,47,53,0,0,0,45,25,20,100,48,52,99,46,53,2,2,0,0,0,0
58652801,166,80,86,166,80,86,0,0,0,96,45,51,165,80,85,166,80,86,0,0,0,0,0,0
58652802,125,63,62,124,62,62,1,1,0,50,23,27,121,62,59,125,63,62,0,0,0,0,0,0
58652803,2392,1203,1189,2378,1195,1183,13,7,6,1134,600,534,2316,1171,1145,2332,1162,1170,0,0,0,60,41,19
58652804,592,296,296,582,289,293,9,7,2,281,149,132,550,282,268,585,290,295,5,4,1,2,2,0
58653601,134,70,64,133,69,64,1,1,0,74,37,37,125,65,60,134,70,64,0,0,0,0,0,0
58654401,483,243,240,482,243,239,1,0,1,267,137,130,468,234,234,473,237,236,0,0,0,10,6,4
58655201,788,383,405,787,382,405,1,1,0,460,224,236,764,367,397,777,374,403,0,0,0,11,9,2
58656101,931,468,463,925,464,461,3,2,1,551,280,271,878,444,434,913,456,457,0,0,0,18,12,6
58657901,352,177,175,351,177,174,1,0,1,151,79,72,324,160,164,340,167,173,2,2,0,10,8,2
3140810,0,0,0,0,0,0,0,0,0,0,0,0,0,0,0,0,0,0,0,0,0,0,0,0
3400060,0,0,0,0,0,0,0,0,0,0,0,0,0,0,0,0,0,0,0,0,0,0,0,0
58658702,127,73,54,123,70,53,4,3,1,67,40,27,124,71,53,127,73,54,0,0,0,0,0,0
58658703,23,13,10,22,13,9,1,0,1,10,5,5,23,13,10,23,13,10,0,0,0,0,0,0
58658704,2539,1206,1333,2518,1193,1325,21,13,8,1400,687,713,2418,1151,1267,2377,1132,1245,102,35,67,60,39,21
58658705,1477,734,743,1474,732,742,2,1,1,946,506,440,1438,717,721,1473,732,741,3,1,2,1,1,0
58658706,60,30,30,60,30,30,0,0,0,32,17,15,59,30,29,45,23,22,1,1,0,14,6,8
58658707,1086,543,543,1081,539,542,5,4,1,760,400,360,1057,526,531,1085,542,543,0,0,0,1,1,0
58658709,29,13,16,29,13,16,0,0,0,16,8,8,24,11,13,0,0,0,0,0,0,29,13,16
58659501,584,305,279,583,305,278,1,0,1,276,139,137,550,285,265,578,300,278,0,0,0,6,5,1
58660901,1199,582,617,1162,561,601,35,21,14,746,352,394,1158,561,597,1145,552,593,0,0,0,54,30,24
58661701,369,186,183,366,184,182,3,2,1,237,122,115,351,178,173,364,184,180,0,0,0,5,2,3
58661702,103,49,54,103,49,54,0,0,0,52,23,29,98,45,53,98,48,50,0,0,0,5,1,4
58662501,1492,747,745,1480,742,738,11,4,7,968,506,462,1438,722,716,1487,745,742,1,1,0,4,1,3
58662502,1902,964,938,1899,961,938,2,2,0,1131,583,548,1824,918,906,1837,922,915,22,7,15,43,35,8
58663301,341,181,160,340,180,160,1,1,0,192,112,80,325,174,151,337,178,159,0,0,0,4,3,1
58664101,2096,1033,1063,2087,1030,1057,7,3,4,1334,639,695,2009,984,1025,2074,1016,1058,0,0,0,22,17,5
58665001,524,256,268,521,255,266,3,1,2,301,156,145,500,246,254,516,252,264,0,0,0,8,4,4
58666801,866,418,448,864,417,447,2,1,1,510,245,265,819,401,418,835,401,434,12,4,8,19,13,6
58667601,372,183,189,372,183,189,0,0,0,203,104,99,360,179,181,364,179,185,0,0,0,8,4,4
58668401,47,26,21,40,22,18,7,4,3,10,4,6,41,23,18,7,4,3,1,1,0,39,21,18
58668402,834,414,420,833,413,420,1,1,0,507,273,234,802,397,405,819,402,417,0,0,0,15,12,3
58669201,736,359,377,733,356,377,3,3,0,462,234,228,701,346,355,724,353,371,0,0,0,12,6,6
58670601,2087,1050,1037,2074,1042,1032,10,7,3,1400,713,687,2016,1011,1005,2065,1032,1033,0,0,0,22,18,4
58671401,2732,1354,1378,2666,1319,1347,61,34,27,1653,858,795,2627,1303,1324,2692,1327,1365,0,0,0,40,27,13
1807000,0,0,0,0,0,0,0,0,0,0,0,0,0,0,0,0,0,0,0,0,0,0,0,0
3217450,0,0,0,0,0,0,0,0,0,0,0,0,0,0,0,0,0,0,0,0,0,0,0,0
3217530,0,0,0,0,0,0,0,0,0,0,0,0,0,0,0,0,0,0,0,0,0,0,0,0
58672203,730,364,366,729,363,366,1,1,0,481,239,242,719,358,361,729,363,366,0,0,0,1,1,0
58672204,803,408,395,798,404,394,5,4,1,523,281,242,780,396,384,803,408,395,0,0,0,0,0,0
58672206,27,15,12,27,15,12,0,0,0,15,9,6,27,15,12,9,4,5,15,9,6,3,2,1
58672207,87,40,47,87,40,47,0,0,0,59,26,33,84,38,46,87,40,47,0,0,0,0,0,0
58672208,521,252,269,518,249,269,0,0,0,247,130,117,498,238,260,484,228,256,27,20,7,10,4,6
58672209,2535,1171,1364,2521,1163,1358,10,5,5,1231,623,608,2421,1114,1307,2521,1164,1357,5,3,2,9,4,5
58672210,3655,1775,1880,3622,1759,1863,30,14,16,2056,1009,1047,3514,1703,1811,3636,1762,1874,15,12,3,4,1,3
58672211,1767,878,889,1755,872,883,10,5,5,876,448,428,1678,833,845,1546,720,826,50,17,33,171,141,30
58672212,230,110,120,224,107,117,6,3,3,129,64,65,223,107,116,222,106,116,5,3,2,3,1,2
58673101,470,245,225,468,244,224,2,1,1,240,128,112,424,216,208,457,236,221,0,0,0,13,9,4
58674901,997,503,494,996,502,494,1,1,0,501,249,252,950,476,474,982,491,491,2,1,1,13,11,2
58675701,783,382,401,783,382,401,0,0,0,533,258,275,757,372,385,783,382,401,0,0,0,0,0,0
58675702,2036,998,1038,2024,993,1031,9,4,5,1321,677,644,1968,965,1003,2001,982,1019,0,0,0,35,16,19
58676501,4399,2149,2250,4370,2138,2232,23,8,15,2730,1364,1366,4258,2073,2185,4313,2088,2225,20,9,11,66,52,14
58677301,566,288,278,565,287,278,0,0,0,254,127,127,543,274,269,537,268,269,8,7,1,21,13,8
58678101,702,368,334,700,367,333,2,1,1,391,210,181,681,356,325,689,357,332,0,0,0,13,11,2
58679001,55,25,30,55,25,30,0,0,0,19,6,13,52,24,28,55,25,30,0,0,0,0,0,0
58679002,27,16,11,25,15,10,1,1,0,9,5,4,27,16,11,27,16,11,0,0,0,0,0,0
58679003,993,492,501,991,491,500,0,0,0,571,285,286,959,481,478,974,476,498,0,0,0,19,16,3
58680301,2455,1229,1226,2443,1221,1222,9,7,2,1355,695,660,2345,1163,1182,2394,1198,1196,26,6,20,35,25,10
58681101,482,234,248,482,234,248,0,0,0,246,122,124,462,222,240,468,227,241,0,0,0,14,7,7
58682001,924,453,471,920,452,468,4,1,3,539,254,285,888,431,457,909,440,469,0,0,0,15,13,2
58683801,176,90,86,174,89,85,1,0,1,93,50,43,170,84,86,173,87,86,0,0,0,3,3,0
59289701,236,113,123,236,113,123,0,0,0,108,57,51,228,106,122,226,105,121,0,0,0,10,8,2
59290101,506,248,258,503,247,256,3,1,2,196,100,96,459,224,235,497,243,254,0,0,0,9,5,4
59290102,192,101,91,192,101,91,0,0,0,106,59,47,187,98,89,192,101,91,0,0,0,0,0,0
59290103,147,71,76,147,71,76,0,0,0,65,36,29,140,67,73,118,60,58,0,0,0,29,11,18
59291901,1239,617,622,1238,617,621,1,0,1,687,377,310,1200,602,598,1227,610,617,0,0,0,12,7,5
59292701,877,435,442,872,431,441,5,4,1,444,229,215,838,417,421,866,427,439,3,2,1,8,6,2
0141250,0,0,0,0,0,0,0,0,0,0,0,0,0,0,0,0,0,0,0,0,0,0,0,0
3299410,0,0,0,0,0,0,0,0,0,0,0,0,0,0,0,0,0,0,0,0,0,0,0,0
3918670,0,0,0,0,0,0,0,0,0,0,0,0,0,0,0,0,0,0,0,0,0,0,0,0
3918750,0,0,0,0,0,0,0,0,0,0,0,0,0,0,0,0,0,0,0,0,0,0,0,0
3918830,0,0,0,0,0,0,0,0,0,0,0,0,0,0,0,0,0,0,0,0,0,0,0,0
3918910,0,0,0,0,0,0,0,0,0,0,0,0,0,0,0,0,0,0,0,0,0,0,0,0
3919050,0,0,0,0,0,0,0,0,0,0,0,0,0,0,0,0,0,0,0,0,0,0,0,0
3148110,0,0,0,0,0,0,0,0,0,0,0,0,0,0,0,0,0,0,0,0,0,0,0,0
3399620,0,0,0,0,0,0,0,0,0,0,0,0,0,0,0,0,0,0,0,0,0,0,0,0
3399710,0,0,0,0,0,0,0,0,0,0,0,0,0,0,0,0,0,0,0,0,0,0,0,0
3399890,0,0,0,0,0,0,0,0,0,0,0,0,0,0,0,0,0,0,0,0,0,0,0,0
59294301,758,380,378,751,376,375,6,3,3,423,208,215,715,360,355,758,380,378,0,0,0,0,0,0
59294302,359,185,174,358,184,174,0,0,0,203,118,85,343,175,168,357,184,173,0,0,0,2,1,1
59294303,549,268,281,548,267,281,0,0,0,314,162,152,529,258,271,547,268,279,0,0,0,2,0,2
59294304,372,193,179,367,190,177,5,3,2,200,105,95,357,186,171,372,193,179,0,0,0,0,0,0
59294305,684,318,366,672,314,358,11,3,8,329,161,168,649,299,350,684,318,366,0,0,0,0,0,0
59294306,858,428,430,853,426,427,4,2,2,438,235,203,825,411,414,856,427,429,0,0,0,2,1,1
59294307,140,69,71,138,67,71,2,2,0,65,33,32,136,67,69,139,68,71,1,1,0,0,0,0
59294308,1856,930,926,1829,919,910,26,10,16,858,445,413,1738,865,873,1677,822,855,66,26,40,113,82,31
59294309,431,207,224,424,204,220,6,2,4,219,111,108,413,199,214,431,207,224,0,0,0,0,0,0
59294310,437,217,220,436,216,220,1,1,0,232,118,114,416,207,209,436,216,220,0,0,0,1,1,0
59297801,283,143,140,281,141,140,1,1,0,119,62,57,262,137,125,279,140,139,0,0,0,4,3,1
59298601,231,115,116,230,114,116,1,1,0,100,51,49,223,111,112,227,112,115,0,0,0,4,3,1
59299401,937,457,480,935,455,480,2,2,0,523,276,247,899,439,460,935,455,480,0,0,0,2,2,0
59300101,2382,1194,1188,2370,1187,1183,10,6,4,1155,598,557,2272,1136,1136,2318,1164,1154,16,1,15,48,29,19
59301001,619,301,318,613,299,314,6,2,4,290,147,143,573,278,295,607,291,316,0,0,0,12,10,2
59302802,932,479,453,928,477,451,3,2,1,382,202,180,880,455,425,854,435,419,65,36,29,13,8,5
55021302,850,424,426,832,413,419,15,8,7,390,194,196,807,398,409,843,418,425,0,0,0,7,6,1
59303601,444,220,224,443,220,223,1,0,1,243,128,115,409,203,206,440,217,223,0,0,0,4,3,1
59303602,48,22,26,48,22,26,0,0,0,17,8,9,46,21,25,48,22,26,0,0,0,0,0,0
59304401,1044,493,551,1038,492,546,4,1,3,485,226,259,981,461,520,1038,488,550,0,0,0,6,5,1
55082501,311,156,155,310,155,155,1,1,0,139,81,58,292,151,141,311,156,155,0,0,0,0,0,0
55082502,1046,535,511,1018,515,503,19,12,7,412,218,194,946,487,459,1034,529,505,1,1,0,11,5,6
55082503,176,89,87,176,89,87,0,0,0,86,45,41,170,86,84,176,89,87,0,0,0,0,0,0
59305201,828,413,415,826,413,413,2,0,2,425,215,210,796,396,400,821,409,412,0,0,0,7,4,3
59306101,370,193,177,368,192,176,2,1,1,174,98,76,347,183,164,369,192,177,0,0,0,1,1,0
59306102,249,127,122,245,126,119,2,1,1,118,62,56,239,121,118,244,122,122,0,0,0,5,5,0
59307901,777,380,397,769,372,397,8,8,0,385,193,192,732,354,378,770,376,394,0,0,0,7,4,3
59308701,524,255,269,523,254,269,1,1,0,177,102,75,494,242,252,433,228,205,87,24,63,4,3,1
59308703,79,38,41,79,38,41,0,0,0,25,12,13,70,32,38,78,37,41,0,0,0,1,1,0
59309501,257,132,125,256,132,124,1,0,1,123,75,48,239,125,114,255,130,125,0,0,0,2,2,0
59311701,509,256,253,498,250,248,10,6,4,225,130,95,463,236,227,434,227,207,75,29,46,0,0,0
59311702,2388,1155,1233,2353,1136,1217,32,17,15,1179,584,595,2269,1098,1171,2280,1098,1182,60,28,32,48,29,19
59312502,376,187,189,376,187,189,0,0,0,180,93,87,358,177,181,376,187,189,0,0,0,0,0,0
59314101,712,360,352,703,354,349,8,5,3,344,176,168,679,346,333,706,354,352,0,0,0,6,6,0
59315001,261,138,123,259,138,121,2,0,2,115,59,56,244,127,117,261,138,123,0,0,0,0,0,0
59315002,101,51,50,99,49,50,2,2,0,48,28,20,94,48,46,89,43,46,0,0,0,12,8,4
59316801,722,364,358,710,360,350,11,4,7,332,174,158,691,354,337,714,358,356,0,0,0,8,6,2
55010801,357,190,167,357,190,167,0,0,0,171,101,70,329,177,152,353,187,166,3,2,1,1,1,0
59318401,112,61,51,112,61,51,0,0,0,47,25,22,107,59,48,107,57,50,0,0,0,5,4,1
3207650,0,0,0,0,0,0,0,0,0,0,0,0,0,0,0,0,0,0,0,0,0,0,0,0
59319201,383,189,194,383,189,194,0,0,0,187,105,82,373,184,189,381,187,194,0,0,0,2,2,0
59321401,1905,967,938,1896,962,934,7,3,4,932,481,451,1820,925,895,1890,953,937,0,0,0,15,14,1
59322201,795,403,392,793,402,391,0,0,0,389,191,198,752,378,374,791,400,391,0,0,0,4,3,1
59323101,140,69,71,139,68,71,1,1,0,60,26,34,128,63,65,137,66,71,0,0,0,3,3,0
59324901,458,220,238,453,215,238,4,4,0,221,108,113,434,210,224,454,218,236,0,0,0,4,2,2
59325701,1313,643,670,1305,636,669,8,7,1,755,375,380,1267,618,649,1296,629,667,0,0,0,17,14,3
59326501,722,360,362,720,359,361,2,1,1,353,178,175,672,331,341,700,347,353,0,0,0,22,13,9
59327301,948,480,468,946,479,467,2,1,1,375,184,191,902,458,444,856,429,427,1,1,0,91,50,41
59328101,280,148,132,278,148,130,1,0,1,107,64,43,266,139,127,265,138,127,0,0,0,15,10,5
59329001,130,73,57,130,73,57,0,0,0,64,43,21,126,69,57,123,67,56,0,0,0,7,6,1
55014101,355,166,189,354,166,188,1,0,1,154,70,84,328,153,175,351,162,189,0,0,0,4,4,0
59332001,684,354,330,684,354,330,0,0,0,351,178,173,646,333,313,670,344,326,0,0,0,14,10,4
59333801,21,10,11,21,10,11,0,0,0,5,4,1,15,7,8,19,9,10,0,0,0,2,1,1
59333802,319,165,154,317,163,154,2,2,0,130,70,60,302,158,144,317,163,154,0,0,0,2,2,0
59334601,552,278,274,552,278,274,0,0,0,278,156,122,545,277,268,540,272,268,0,0,0,12,6,6
55704801,462,235,227,461,234,227,1,1,0,233,127,106,433,220,213,446,224,222,0,0,0,16,11,5
59337101,800,398,402,796,397,399,3,1,2,422,215,207,758,372,386,793,393,400,0,0,0,7,5,2
59338901,302,151,151,301,150,151,0,0,0,164,89,75,277,138,139,300,149,151,0,0,0,2,2,0
59339701,737,375,362,734,375,359,1,0,1,299,166,133,680,350,330,703,360,343,0,0,0,34,15,19
59340101,401,210,191,393,206,187,5,3,2,147,73,74,376,198,178,391,202,189,0,0,0,10,8,2
59341901,333,170,163,332,169,163,1,1,0,169,81,88,312,155,157,333,170,163,0,0,0,0,0,0
59341902,298,155,143,294,153,141,3,1,2,135,70,65,283,148,135,279,139,140,8,6,2,11,10,1
59341903,164,88,76,164,88,76,0,0,0,89,51,38,156,85,71,164,88,76,0,0,0,0,0,0
59341904,256,133,123,254,133,121,2,0,2,128,64,64,242,124,118,256,133,123,0,0,0,0,0,0
59342701,35,21,14,35,21,14,0,0,0,20,14,6,35,21,14,35,21,14,0,0,0,0,0,0
59342702,373,186,187,372,186,186,1,0,1,170,96,74,357,178,179,362,177,185,0,0,0,11,9,2
59343501,750,368,382,747,367,380,2,1,1,304,166,138,707,349,358,727,355,372,0,0,0,23,13,10
59344301,43,25,18,43,25,18,0,0,0,21,14,7,43,25,18,42,25,17,0,0,0,1,0,1
59344302,57,29,28,56,29,27,0,0,0,29,17,12,54,28,26,56,28,28,0,0,0,1,1,0
55013201,581,305,276,578,304,274,1,0,1,251,143,108,550,290,260,575,301,274,2,2,0,4,2,2
55013202,54,28,26,53,28,25,1,0,1,24,15,9,53,28,25,46,24,22,0,0,0,8,4,4
59346001,333,171,162,331,169,162,1,1,0,166,95,71,310,160,150,300,152,148,0,0,0,33,19,14
59347801,1567,799,768,1555,792,763,8,5,3,801,427,374,1507,770,737,1537,776,761,1,0,1,29,23,6
55079501,239,116,123,239,116,123,0,0,0,115,60,55,236,113,123,238,116,122,0,0,0,1,0,1
3303610,0,0,0,0,0,0,0,0,0,0,0,0,0,0,0,0,0,0,0,0,0,0,0,0
59348601,169,88,81,169,88,81,0,0,0,75,34,41,153,79,74,168,87,81,0,0,0,1,1,0
55017501,421,207,214,420,207,213,1,0,1,212,104,108,404,200,204,419,205,214,2,2,0,0,0,0
59349401,71,36,35,71,36,35,0,0,0,30,15,15,62,32,30,71,36,35,0,0,0,0,0,0
59349402,561,294,267,560,293,267,1,1,0,253,133,120,525,276,249,543,281,262,0,0,0,18,13,5
59350801,771,386,385,765,381,384,5,4,1,384,198,186,734,369,365,769,384,385,0,0,0,2,2,0
59350802,1049,522,527,1042,517,525,5,4,1,498,264,234,984,491,493,1028,509,519,0,0,0,21,13,8
59351601,552,286,266,548,283,265,3,2,1,247,127,120,515,268,247,476,249,227,0,0,0,76,37,39
59351602,683,345,338,679,342,337,2,1,1,341,181,160,651,327,324,653,328,325,0,0,0,30,17,13
59352401,311,163,148,310,163,147,1,0,1,128,80,48,292,156,136,306,159,147,0,0,0,5,4,1
59352402,94,51,43,94,51,43,0,0,0,41,27,14,92,51,41,94,51,43,0,0,0,0,0,0
59353201,679,353,326,675,349,326,3,3,0,393,214,179,649,336,313,666,343,323,1,1,0,12,9,3
55489801,364,183,181,361,181,180,3,2,1,126,66,60,339,167,172,350,173,177,0,0,0,14,10,4
55489802,163,82,81,163,82,81,0,0,0,70,39,31,157,79,78,163,82,81,0,0,0,0,0,0
3148710,0,0,0,0,0,0,0,0,0,0,0,0,0,0,0,0,0,0,0,0,0,0,0,0
3148890,0,0,0,0,0,0,0,0,0,0,0,0,0,0,0,0,0,0,0,0,0,0,0,0
3149010,0,0,0,0,0,0,0,0,0,0,0,0,0,0,0,0,0,0,0,0,0,0,0,0
3149190,0,0,0,0,0,0,0,0,0,0,0,0,0,0,0,0,0,0,0,0,0,0,0,0
59355901,430,207,223,427,205,222,3,2,1,235,120,115,401,193,208,430,207,223,0,0,0,0,0,0
59355902,303,152,151,299,151,148,2,0,2,191,103,88,297,149,148,303,152,151,0,0,0,0,0,0
59355903,744,358,386,741,358,383,3,0,3,378,194,184,679,323,356,744,358,386,0,0,0,0,0,0
59355904,671,330,341,669,329,340,2,1,1,353,181,172,638,317,321,671,330,341,0,0,0,0,0,0
59355905,42,27,15,39,25,14,2,2,0,12,7,5,35,22,13,3,2,1,39,25,14,0,0,0
59355906,138,68,70,138,68,70,0,0,0,84,45,39,136,66,70,138,68,70,0,0,0,0,0,0
59355907,503,239,264,499,239,260,3,0,3,261,132,129,475,230,245,503,239,264,0,0,0,0,0,0
59355908,319,154,165,319,154,165,0,0,0,167,86,81,302,143,159,319,154,165,0,0,0,0,0,0
59355909,389,186,203,388,186,202,1,0,1,227,112,115,364,172,192,388,185,203,0,0,0,1,1,0
59355910,1014,478,536,1000,470,530,11,7,4,496,252,244,961,452,509,1000,470,530,0,0,0,14,8,6
59355911,424,224,200,422,222,200,2,2,0,180,96,84,394,204,190,306,156,150,38,10,28,80,58,22
59355912,740,367,373,731,362,369,8,4,4,358,184,174,668,328,340,740,367,373,0,0,0,0,0,0
59356701,604,312,292,601,310,291,3,2,1,302,172,130,572,298,274,591,301,290,0,0,0,13,11,2
55397201,128,65,63,125,63,62,1,0,1,48,24,24,122,61,61,124,61,63,0,0,0,4,4,0
55397202,138,72,66,138,72,66,0,0,0,48,27,21,132,69,63,138,72,66,0,0,0,0,0,0
3045220,0,0,0,0,0,0,0,0,0,0,0,0,0,0,0,0,0,0,0,0,0,0,0,0
3045730,0,0,0,0,0,0,0,0,0,0,0,0,0,0,0,0,0,0,0,0,0,0,0,0
3045900,0,0,0,0,0,0,0,0,0,0,0,0,0,0,0,0,0,0,0,0,0,0,0,0
3046380,0,0,0,0,0,0,0,0,0,0,0,0,0,0,0,0,0,0,0,0,0,0,0,0
3046460,0,0,0,0,0,0,0,0,0,0,0,0,0,0,0,0,0,0,0,0,0,0,0,0
59358301,872,413,459,836,406,430,33,6,27,431,210,221,815,388,427,803,388,415,69,25,44,0,0,0
59358302,1816,873,943,1809,869,940,6,3,3,986,497,489,1728,834,894,1781,861,920,35,12,23,0,0,0
59358303,64,34,30,64,34,30,0,0,0,19,12,7,57,30,27,50,26,24,1,1,0,13,7,6
59358304,621,297,324,613,293,320,4,3,1,319,166,153,580,279,301,604,286,318,16,10,6,1,1,0
59358305,21,11,10,21,11,10,0,0,0,12,7,5,20,11,9,11,6,5,0,0,0,10,5,5
59358306,882,424,458,866,417,449,16,7,9,418,203,215,835,402,433,874,423,451,7,0,7,1,1,0
59358307,1098,551,547,1094,550,544,3,0,3,537,292,245,1022,517,505,1005,486,519,0,0,0,93,65,28
59358308,1181,566,615,1175,564,611,5,2,3,528,268,260,1127,539,588,1155,553,602,24,12,12,2,1,1
59358309,518,241,277,499,231,268,14,8,6,126,61,65,389,175,214,518,241,277,0,0,0,0,0,0
59359101,317,158,159,316,158,158,1,0,1,162,88,74,309,154,155,312,156,156,0,0,0,5,2,3
59360501,61,35,26,61,35,26,0,0,0,31,17,14,58,33,25,61,35,26,0,0,0,0,0,0
59360502,400,197,203,396,196,200,4,1,3,210,111,99,381,191,190,394,193,201,0,0,0,6,4,2
59361301,1043,503,540,1038,500,538,2,1,1,467,251,216,999,480,519,1033,495,538,0,0,0,10,8,2
59362101,991,499,492,987,497,490,2,1,1,602,325,277,933,474,459,990,498,492,0,0,0,1,1,0
59363001,342,168,174,340,167,173,2,1,1,154,83,71,310,150,160,341,167,174,0,0,0,1,1,0
59364801,573,295,278,568,292,276,4,3,1,265,144,121,550,279,271,561,284,277,0,0,0,12,11,1
55019101,242,125,117,242,125,117,0,0,0,112,64,48,225,116,109,240,124,116,0,0,0,2,1,1
59365601,432,226,206,422,220,202,9,6,3,204,105,99,413,212,201,429,223,206,0,0,0,3,3,0
59366401,741,371,370,741,371,370,0,0,0,361,193,168,700,351,349,731,364,367,0,0,0,10,7,3
59368101,1211,622,589,1205,618,587,6,4,2,562,298,264,1144,578,566,1192,608,584,0,0,0,19,14,5
1886110,0,0,0,0,0,0,0,0,0,0,0,0,0,0,0,0,0,0,0,0,0,0,0,0
1886200,0,0,0,0,0,0,0,0,0,0,0,0,0,0,0,0,0,0,0,0,0,0,0,0
1886380,0,0,0,0,0,0,0,0,0,0,0,0,0,0,0,0,0,0,0,0,0,0,0,0
1886710,0,0,0,0,0,0,0,0,0,0,0,0,0,0,0,0,0,0,0,0,0,0,0,0
1887600,0,0,0,0,0,0,0,0,0,0,0,0,0,0,0,0,0,0,0,0,0,0,0,0
1887860,0,0,0,0,0,0,0,0,0,0,0,0,0,0,0,0,0,0,0,0,0,0,0,0
1888080,0,0,0,0,0,0,0,0,0,0,0,0,0,0,0,0,0,0,0,0,0,0,0,0
3404300,0,0,0,0,0,0,0,0,0,0,0,0,0,0,0,0,0,0,0,0,0,0,0,0
59288901,380,181,199,379,181,198,1,0,1,244,115,129,340,164,176,363,176,187,12,3,9,5,2,3
59288904,368,177,191,368,177,191,0,0,0,246,119,127,352,170,182,361,175,186,0,0,0,7,2,5
59288905,35,16,19,35,16,19,0,0,0,22,12,10,33,15,18,34,16,18,0,0,0,1,0,1
59288906,576,286,290,572,284,288,3,1,2,337,167,170,544,270,274,571,283,288,0,0,0,5,3,2
59288907,338,165,173,334,164,170,4,1,3,186,98,88,326,162,164,333,162,171,1,1,0,4,2,2
59288909,1383,671,712,1375,666,709,7,4,3,777,403,374,1331,642,689,1374,665,709,1,1,0,8,5,3
59288910,551,250,301,550,249,301,1,1,0,263,120,143,528,241,287,546,246,300,1,1,0,4,3,1
59288911,2019,970,1049,2001,958,1043,12,7,5,922,452,470,1925,921,1004,2009,965,1044,10,5,5,0,0,0
59288912,88,37,51,88,37,51,0,0,0,61,23,38,81,33,48,88,37,51,0,0,0,0,0,0
59288913,1709,791,918,1695,780,915,14,11,3,892,437,455,1631,756,875,1687,782,905,0,0,0,22,9,13
59288914,1301,661,640,1292,655,637,8,5,3,813,436,377,1260,639,621,1294,657,637,6,4,2,1,0,1
59288915,367,184,183,367,184,183,0,0,0,256,134,122,355,179,176,367,184,183,0,0,0,0,0,0
59288916,584,284,300,578,281,297,6,3,3,284,139,145,567,277,290,549,264,285,35,20,15,0,0,0
59288917,424,141,283,423,141,282,0,0,0,140,65,75,397,135,262,203,84,119,221,57,164,0,0,0
59288918,736,343,393,731,340,391,4,2,2,393,199,194,708,328,380,731,340,391,0,0,0,5,3,2
59288919,1111,561,550,1107,560,547,2,0,2,581,321,260,1074,540,534,1083,545,538,2,1,1,26,15,11
59288920,558,289,269,555,288,267,3,1,2,306,164,142,535,277,258,558,289,269,0,0,0,0,0,0
59288921,681,396,285,656,378,278,23,18,5,321,183,138,633,368,265,446,227,219,0,0,0,235,169,66
59288922,389,192,197,389,192,197,0,0,0,224,114,110,378,187,191,389,192,197,0,0,0,0,0,0
59288923,150,87,63,123,67,56,23,18,5,67,36,31,123,70,53,123,67,56,27,20,7,0,0,0
59288924,172,83,89,169,81,88,0,0,0,85,42,43,152,75,77,162,76,86,10,7,3,0,0,0
59288925,65,36,29,65,36,29,0,0,0,31,17,14,54,30,24,60,32,28,0,0,0,5,4,1
59288926,182,103,79,107,63,44,75,40,35,19,4,15,167,90,77,4,1,3,176,102,74,2,0,2
59288927,4411,2072,2339,4354,2035,2319,43,27,16,2200,1090,1110,4209,1966,2243,4395,2066,2329,7,3,4,9,3,6
59288928,1445,661,784,1423,646,777,19,13,6,712,351,361,1365,624,741,1427,654,773,0,0,0,18,7,11
59288929,281,129,152,281,129,152,0,0,0,175,83,92,276,126,150,281,129,152,0,0,0,0,0,0
59369901,720,359,361,715,356,359,4,3,1,291,154,137,675,339,336,713,354,359,0,0,0,7,5,2
59370201,297,149,148,297,149,148,0,0,0,116,71,45,282,144,138,292,144,148,0,0,0,5,5,0
59372901,286,144,142,285,143,142,1,1,0,130,74,56,274,139,135,283,141,142,0,0,0,3,3,0
59373701,173,91,82,173,91,82,0,0,0,81,48,33,169,89,80,172,90,82,0,0,0,1,1,0
59373702,82,47,35,82,47,35,0,0,0,40,26,14,75,42,33,82,47,35,0,0,0,0,0,0
59373703,101,52,49,101,52,49,0,0,0,60,34,26,98,50,48,101,52,49,0,0,0,0,0,0
59374501,207,107,100,207,107,100,0,0,0,115,70,45,200,103,97,206,106,100,0,0,0,1,1,0
59375301,100,48,52,100,48,52,0,0,0,45,26,19,94,47,47,96,46,50,0,0,0,4,2,2
59375302,38,23,15,38,23,15,0,0,0,22,16,6,36,23,13,0,0,0,0,0,0,38,23,15
59376101,76,41,35,76,41,35,0,0,0,32,18,14,74,41,33,74,40,34,0,0,0,2,1,1
59377001,434,222,212,433,221,212,1,1,0,268,153,115,418,215,203,434,222,212,0,0,0,0,0,0
59377002,734,373,361,734,373,361,0,0,0,400,225,175,671,349,322,720,362,358,0,0,0,14,11,3
59378801,645,317,328,643,316,327,2,1,1,353,184,169,606,298,308,626,309,317,7,1,6,12,7,5
59379601,180,102,78,180,102,78,0,0,0,95,58,37,172,99,73,172,96,76,0,0,0,8,6,2
59380001,406,217,189,405,216,189,1,1,0,223,128,95,385,204,181,401,214,187,0,0,0,5,3,2
59381801,161,86,75,153,78,75,8,8,0,70,36,34,141,73,68,158,84,74,0,0,0,3,2,1
59382601,37,19,18,37,19,18,0,0,0,15,8,7,31,16,15,34,17,17,0,0,0,3,2,1
59382602,63,34,29,63,34,29,0,0,0,43,23,20,59,32,27,63,34,29,0,0,0,0,0,0
59382603,43,23,20,43,23,20,0,0,0,21,12,9,40,22,18,43,23,20,0,0,0,0,0,0
59382604,930,464,466,905,449,456,24,14,10,450,228,222,870,429,441,886,434,452,0,0,0,44,30,14
59382605,526,252,274,524,252,272,2,0,2,221,111,110,453,215,238,440,214,226,86,38,48,0,0,0
59384201,775,369,406,772,367,405,3,2,1,347,184,163,738,348,390,648,314,334,115,46,69,12,9,3
59385101,592,293,299,591,293,298,0,0,0,283,139,144,557,274,283,581,285,296,0,0,0,11,8,3
59386901,283,141,142,283,141,142,0,0,0,167,88,79,274,136,138,278,138,140,0,0,0,5,3,2
59387701,221,117,104,220,116,104,1,1,0,118,68,50,214,114,100,219,115,104,0,0,0,2,2,0
59388501,88,41,47,87,40,47,1,1,0,38,17,21,83,37,46,86,40,46,0,0,0,2,1,1
59389301,155,89,66,154,88,66,1,1,0,76,54,22,147,85,62,154,88,66,0,0,0,1,1,0
59390701,346,175,171,344,173,171,2,2,0,152,96,56,319,167,152,337,168,169,0,0,0,9,7,2
59392301,251,126,125,251,126,125,0,0,0,128,64,64,240,120,120,248,123,125,0,0,0,3,3,0
59393101,380,189,191,379,189,190,1,0,1,199,102,97,357,176,181,373,182,191,0,0,0,7,7,0
54694101,2263,1122,1141,2253,1114,1139,7,6,1,836,429,407,2140,1062,1078,2170,1056,1114,24,19,5,69,47,22
59395801,138,62,76,138,62,76,0,0,0,72,30,42,129,61,68,136,61,75,0,0,0,2,1,1
59396601,479,239,240,478,239,239,1,0,1,277,149,128,462,230,232,476,237,239,0,0,0,3,2,1
59397401,848,437,411,841,432,409,6,4,2,440,233,207,786,403,383,752,385,367,18,14,4,78,38,40
59398201,576,282,294,571,278,293,4,4,0,264,138,126,537,268,269,571,279,292,0,0,0,5,3,2
59399101,492,244,248,492,244,248,0,0,0,218,117,101,469,236,233,462,227,235,0,0,0,30,17,13
59400801,143,70,73,143,70,73,0,0,0,81,45,36,137,68,69,143,70,73,0,0,0,0,0,0
59401601,195,101,94,195,101,94,0,0,0,96,58,38,189,99,90,195,101,94,0,0,0,0,0,0
59402401,301,152,149,300,151,149,1,1,0,161,90,71,296,149,147,297,150,147,0,0,0,4,2,2
59403201,1332,672,660,1319,667,652,12,5,7,704,383,321,1275,641,634,1296,648,648,6,3,3,30,21,9
59404101,836,425,411,833,423,410,3,2,1,421,224,197,788,401,387,832,423,409,0,0,0,4,2,2
59405901,330,158,172,323,154,169,7,4,3,154,77,77,314,148,166,322,153,169,1,1,0,7,4,3
59406701,1672,839,833,1669,837,832,3,2,1,725,376,349,1614,810,804,1610,806,804,27,6,21,35,27,8
59407501,50,26,24,49,25,24,1,1,0,28,18,10,50,26,24,50,26,24,0,0,0,0,0,0
59407502,202,103,99,200,102,98,2,1,1,90,46,44,192,97,95,200,101,99,0,0,0,2,2,0
59408301,277,140,137,276,140,136,1,0,1,151,87,64,269,138,131,273,138,135,0,0,0,4,2,2
59409101,243,116,127,243,116,127,0,0,0,133,71,62,231,109,122,243,116,127,0,0,0,0,0,0
59409102,362,188,174,360,187,173,2,1,1,195,115,80,341,177,164,346,178,168,0,0,0,16,10,6
59410501,285,147,138,284,147,137,1,0,1,151,89,62,276,140,136,284,146,138,0,0,0,1,1,0
59411301,1009,523,486,1002,519,483,6,4,2,564,300,264,941,485,456,987,505,482,0,0,0,22,18,4
59411302,213,101,112,212,101,111,1,0,1,70,28,42,172,81,91,201,93,108,12,8,4,0,0,0
59411303,126,65,61,126,65,61,0,0,0,68,34,34,116,60,56,126,65,61,0,0,0,0,0,0
59411304,274,132,142,272,131,141,1,1,0,143,74,69,259,125,134,269,129,140,5,3,2,0,0,0
59412101,436,208,228,436,208,228,0,0,0,194,105,89,405,193,212,374,188,186,58,17,41,4,3,1
59413002,826,424,402,820,421,399,4,3,1,380,199,181,777,400,377,796,403,393,0,0,0,30,21,9
59414801,917,471,446,910,467,443,6,3,3,474,268,206,885,457,428,851,431,420,0,0,0,66,40,26
59415602,3054,1496,1558,3025,1479,1546,27,16,11,1563,811,752,2912,1426,1486,2953,1427,1526,28,12,16,73,57,16
59415603,132,81,51,131,80,51,1,1,0,57,34,23,120,74,46,130,79,51,2,2,0,0,0,0
59416402,102,59,43,102,59,43,0,0,0,40,27,13,92,56,36,91,52,39,1,1,0,10,6,4
3314900,0,0,0,0,0,0,0,0,0,0,0,0,0,0,0,0,0,0,0,0,0,0,0,0
59417201,626,300,326,606,291,315,18,8,10,282,145,137,598,286,312,564,270,294,15,6,9,47,24,23
59418101,433,228,205,433,228,205,0,0,0,258,149,109,411,216,195,429,224,205,0,0,0,4,4,0
59419901,1207,612,595,1203,609,594,2,2,0,646,340,306,1143,581,562,1173,586,587,4,2,2,30,24,6
59420201,35,16,19,30,14,16,5,2,3,15,8,7,30,15,15,8,4,4,4,2,2,23,10,13
59420202,1115,545,570,1109,541,568,6,4,2,460,241,219,1049,516,533,996,494,502,104,38,66,15,13,2
59421101,485,240,245,482,238,244,2,1,1,289,154,135,468,231,237,482,237,245,0,0,0,3,3,0
59421102,291,145,146,291,145,146,0,0,0,178,99,79,284,144,140,289,144,145,0,0,0,2,1,1
59422901,451,226,225,440,219,221,11,7,4,187,102,85,418,210,208,446,222,224,0,0,0,5,4,1
55084101,52,26,26,51,25,26,1,1,0,21,12,9,46,22,24,50,25,25,0,0,0,2,1,1
59423701,150,71,79,150,71,79,0,0,0,62,29,33,140,65,75,147,68,79,0,0,0,3,3,0
59425301,145,73,72,145,73,72,0,0,0,78,41,37,141,71,70,145,73,72,0,0,0,0,0,0
59426101,557,276,281,556,276,280,1,0,1,274,150,124,521,256,265,547,270,277,0,0,0,10,6,4
59427001,581,283,298,578,281,297,3,2,1,284,141,143,553,271,282,563,273,290,0,0,0,18,10,8
59428801,104,57,47,104,57,47,0,0,0,55,38,17,94,52,42,104,57,47,0,0,0,0,0,0
55008601,242,121,121,242,121,121,0,0,0,112,64,48,232,115,117,240,119,121,0,0,0,2,2,0
59429601,176,87,89,175,87,88,0,0,0,66,34,32,167,82,85,169,83,86,0,0,0,7,4,3
59430001,881,426,455,879,424,455,1,1,0,464,228,236,845,412,433,865,413,452,0,0,0,16,13,3
59431801,139,63,76,139,63,76,0,0,0,51,25,26,132,58,74,139,63,76,0,0,0,0,0,0
59432602,203,104,99,202,104,98,1,0,1,120,67,53,192,97,95,181,94,87,1,1,0,21,9,12
59433401,428,214,214,427,213,214,1,1,0,211,114,97,411,206,205,426,212,214,0,0,0,2,2,0
59433402,102,54,48,102,54,48,0,0,0,46,19,27,90,48,42,90,47,43,11,6,5,1,1,0
59434201,241,125,116,240,124,116,1,1,0,115,68,47,232,120,112,237,124,113,0,0,0,4,1,3
59435101,239,124,115,239,124,115,0,0,0,111,54,57,234,123,111,238,123,115,0,0,0,1,1,0
59436901,477,242,235,472,239,233,4,3,1,239,126,113,454,232,222,460,232,228,0,0,0,17,10,7
59438501,56,29,27,56,29,27,0,0,0,22,9,13,55,29,26,56,29,27,0,0,0,0,0,0
59439301,254,131,123,254,131,123,0,0,0,94,54,40,243,128,115,240,123,117,12,6,6,2,2,0
59440701,362,183,179,361,183,178,0,0,0,180,98,82,344,172,172,354,176,178,0,0,0,8,7,1
59441501,509,254,255,508,254,254,0,0,0,239,128,111,493,247,246,505,251,254,0,0,0,4,3,1
59442301,161,84,77,159,83,76,1,0,1,71,46,25,155,80,75,160,83,77,0,0,0,1,1,0
59443101,620,318,302,618,317,301,2,1,1,326,182,144,575,294,281,612,312,300,1,1,0,7,5,2
59444001,202,107,95,202,107,95,0,0,0,107,56,51,191,100,91,202,107,95,0,0,0,0,0,0
59445801,146,79,67,138,75,63,8,4,4,66,38,28,127,68,59,139,76,63,7,3,4,0,0,0
59445802,2835,1399,1436,2807,1383,1424,21,12,9,1570,814,756,2678,1315,1363,2773,1371,1402,29,5,24,33,23,10
59446601,327,157,170,326,156,170,1,1,0,166,76,90,309,151,158,327,157,170,0,0,0,0,0,0
59447401,232,112,120,231,111,120,1,1,0,112,56,56,218,106,112,232,112,120,0,0,0,0,0,0
3405020,0,0,0,0,0,0,0,0,0,0,0,0,0,0,0,0,0,0,0,0,0,0,0,0
59448201,466,227,239,466,227,239,0,0,0,332,175,157,455,223,232,466,227,239,0,0,0,0,0,0
59448202,293,139,154,291,139,152,1,0,1,170,87,83,277,133,144,293,139,154,0,0,0,0,0,0
59448205,155,75,80,153,75,78,2,0,2,93,44,49,150,74,76,155,75,80,0,0,0,0,0,0
59448206,462,235,227,462,235,227,0,0,0,264,142,122,437,223,214,462,235,227,0,0,0,0,0,0
59448207,21,9,12,21,9,12,0,0,0,16,8,8,19,8,11,21,9,12,0,0,0,0,0,0
59448209,1108,508,600,1105,506,599,0,0,0,533,269,264,1036,476,560,969,462,507,137,44,93,2,2,0
59448210,29,17,12,29,17,12,0,0,0,9,6,3,29,17,12,27,16,11,0,0,0,2,1,1
59448211,809,388,421,802,384,418,7,4,3,379,183,196,746,352,394,702,315,387,22,13,9,85,60,25
59448212,36,18,18,36,18,18,0,0,0,21,11,10,36,18,18,36,18,18,0,0,0,0,0,0
59448213,2274,1091,1183,2265,1082,1183,9,9,0,1089,551,538,2154,1030,1124,2201,1057,1144,6,4,2,67,30,37
59451201,179,94,85,178,94,84,1,0,1,83,50,33,176,93,83,176,91,85,0,0,0,3,3,0
59452101,81,43,38,81,43,38,0,0,0,41,26,15,76,40,36,78,40,38,0,0,0,3,3,0
58772901,1102,552,550,1095,549,546,6,3,3,432,227,205,1005,504,501,944,464,480,3,2,1,155,86,69
58772902,566,281,285,565,280,285,1,1,0,221,117,104,542,271,271,484,241,243,0,0,0,82,40,42
59455501,513,258,255,511,257,254,0,0,0,261,137,124,481,242,239,493,248,245,0,0,0,20,10,10
59456301,1137,586,551,1136,585,551,1,1,0,574,322,252,1092,565,527,1091,564,527,21,6,15,25,16,9
59457101,637,322,315,634,321,313,3,1,2,329,180,149,597,305,292,632,318,314,0,0,0,5,4,1
59458001,42,23,19,42,23,19,0,0,0,23,18,5,41,23,18,42,23,19,0,0,0,0,0,0
59458002,23,11,12,23,11,12,0,0,0,10,6,4,23,11,12,3,2,1,0,0,0,20,9,11
59459801,69,34,35,69,34,35,0,0,0,46,29,17,67,33,34,62,30,32,0,0,0,7,4,3
59460101,476,240,236,471,236,235,4,3,1,239,134,105,455,231,224,469,233,236,0,0,0,7,7,0
59461001,387,194,193,384,192,192,3,2,1,195,102,93,356,182,174,384,193,191,0,0,0,3,1,2
59462801,490,226,264,490,226,264,0,0,0,211,100,111,447,212,235,426,209,217,63,16,47,1,1,0
55005101,347,172,175,347,172,175,0,0,0,187,101,86,332,164,168,341,168,173,0,0,0,6,4,2
59463602,59,30,29,59,30,29,0,0,0,10,5,5,55,28,27,43,23,20,6,3,3,10,4,6
59464401,168,89,79,168,89,79,0,0,0,61,38,23,168,89,79,166,88,78,0,0,0,2,1,1
59465201,103,59,44,102,59,43,1,0,1,55,35,20,98,57,41,101,57,44,0,0,0,2,2,0
59467901,771,379,392,769,378,391,2,1,1,320,168,152,720,357,363,763,376,387,0,0,0,8,3,5
59468701,360,188,172,359,187,172,1,1,0,177,97,80,336,175,161,355,184,171,0,0,0,5,4,1
59469501,86,48,38,86,48,38,0,0,0,40,24,16,84,46,38,85,47,38,0,0,0,1,1,0
59470901,849,412,437,849,412,437,0,0,0,371,193,178,814,391,423,758,370,388,75,30,45,16,12,4
55007801,95,52,43,95,52,43,0,0,0,48,29,19,94,52,42,93,50,43,0,0,0,2,2,0
59472502,327,174,153,324,173,151,2,0,2,189,119,70,301,163,138,317,166,151,0,0,0,10,8,2
59473301,161,72,89,161,72,89,0,0,0,72,38,34,155,71,84,160,71,89,0,0,0,1,1,0
59474101,100,52,48,100,52,48,0,0,0,42,22,20,94,49,45,97,50,47,0,0,0,3,2,1
59475001,427,218,209,426,218,208,0,0,0,219,123,96,415,214,201,420,212,208,0,0,0,7,6,1
59476801,535,236,299,531,232,299,4,4,0,274,137,137,491,222,269,474,227,247,60,8,52,1,1,0
59477601,229,106,123,228,105,123,1,1,0,127,64,63,215,103,112,228,105,123,0,0,0,1,1,0
59478401,75,40,35,75,40,35,0,0,0,41,22,19,72,39,33,75,40,35,0,0,0,0,0,0
59478402,419,215,204,413,211,202,6,4,2,192,105,87,401,208,193,407,208,199,5,3,2,7,4,3
59479201,108,58,50,108,58,50,0,0,0,39,20,19,100,54,46,103,55,48,0,0,0,5,3,2
59480601,82,43,39,82,43,39,0,0,0,25,17,8,78,40,38,76,40,36,0,0,0,6,3,3
59480603,29,16,13,29,16,13,0,0,0,15,8,7,26,14,12,29,16,13,0,0,0,0,0,0
59480604,111,51,60,111,51,60,0,0,0,51,23,28,101,48,53,105,48,57,0,0,0,6,3,3
59481401,302,157,145,302,157,145,0,0,0,141,77,64,287,150,137,297,154,143,0,0,0,5,3,2
59482201,561,277,284,560,277,283,1,0,1,297,150,147,534,261,273,561,277,284,0,0,0,0,0,0
59482202,443,229,214,443,229,214,0,0,0,221,128,93,422,219,203,415,210,205,0,0,0,28,19,9
59483101,161,77,84,161,77,84,0,0,0,58,28,30,155,75,80,148,71,77,4,1,3,9,5,4
55523101,1369,701,668,1367,701,666,2,0,2,524,283,241,1328,677,651,1349,687,662,0,0,0,20,14,6
59484901,486,254,232,483,254,229,0,0,0,212,113,99,471,246,225,472,246,226,0,0,0,14,8,6
59486501,135,71,64,134,71,63,1,0,1,57,31,26,124,65,59,131,67,64,0,0,0,4,4,0
59487301,33,17,16,33,17,16,0,0,0,19,10,9,31,16,15,33,17,16,0,0,0,0,0,0
59487302,67,63,4,67,63,4,0,0,0,4,2,2,61,57,4,7,3,4,60,60,0,0,0,0
59487303,617,298,319,607,292,315,8,5,3,248,126,122,551,268,283,611,296,315,6,2,4,0,0,0
59487304,893,420,473,884,414,470,8,5,3,374,199,175,798,379,419,758,374,384,106,25,81,29,21,8
59488101,1082,528,554,1072,522,550,9,6,3,549,279,270,1031,501,530,1065,518,547,0,0,0,17,10,7
59489002,581,294,287,581,294,287,0,0,0,310,165,145,553,282,271,552,273,279,0,0,0,29,21,8
59491101,592,293,299,590,291,299,2,2,0,250,140,110,563,276,287,572,283,289,0,0,0,20,10,10
59492001,1303,669,634,1297,666,631,6,3,3,656,354,302,1258,647,611,1234,627,607,0,0,0,69,42,27
59493801,80,37,43,80,37,43,0,0,0,48,26,22,77,36,41,80,37,43,0,0,0,0,0,0
59493802,516,284,232,515,283,232,1,1,0,189,103,86,482,259,223,396,201,195,105,72,33,15,11,4
59494601,568,295,273,562,289,273,5,5,0,270,156,114,533,277,256,549,286,263,0,0,0,19,9,10
59495401,118,54,64,118,54,64,0,0,0,67,31,36,111,50,61,118,54,64,0,0,0,0,0,0
59497101,533,270,263,525,266,259,6,3,3,307,165,142,498,257,241,522,263,259,0,0,0,11,7,4
59498901,193,87,106,193,87,106,0,0,0,90,44,46,180,82,98,190,86,104,0,0,0,3,1,2
59499701,416,206,210,412,203,209,4,3,1,185,95,90,399,201,198,409,199,210,0,0,0,7,7,0
59500401,278,136,142,277,135,142,1,1,0,96,51,45,262,125,137,262,124,138,11,7,4,5,5,0
59500403,57,33,24,57,33,24,0,0,0,27,16,11,53,31,22,57,33,24,0,0,0,0,0,0
59501201,73,37,36,72,36,36,1,1,0,34,19,15,71,37,34,72,36,36,0,0,0,1,1,0
59502101,1291,663,628,1287,661,626,3,1,2,704,373,331,1221,628,593,1268,647,621,0,0,0,23,16,7
59503901,33,13,20,33,13,20,0,0,0,7,2,5,29,11,18,33,13,20,0,0,0,0,0,0
59503902,352,183,169,350,182,168,2,1,1,162,92,70,343,177,166,339,176,163,0,0,0,13,7,6
59504701,49,24,25,49,24,25,0,0,0,32,16,16,47,23,24,49,24,25,0,0,0,0,0,0
59504702,405,207,198,405,207,198,0,0,0,245,130,115,388,197,191,403,206,197,0,0,0,2,1,1
59504703,407,205,202,406,205,201,1,0,1,236,124,112,393,197,196,402,202,200,0,0,0,5,3,2
54532501,377,181,196,373,179,194,3,1,2,157,77,80,359,173,186,364,171,193,1,0,1,12,10,2
59505501,672,352,320,670,351,319,2,1,1,375,207,168,642,335,307,665,347,318,0,0,0,7,5,2
59506301,67,36,31,67,36,31,0,0,0,34,18,16,61,33,28,67,36,31,0,0,0,0,0,0
59507101,1076,540,536,1071,537,534,4,2,2,591,306,285,1016,509,507,1014,507,507,55,29,26,7,4,3
59508001,229,115,114,225,115,110,4,0,4,122,71,51,219,111,108,228,114,114,0,0,0,1,1,0
55001901,198,87,111,198,87,111,0,0,0,110,47,63,187,82,105,194,83,111,0,0,0,4,4,0
3260890,0,0,0,0,0,0,0,0,0,0,0,0,0,0,0,0,0,0,0,0,0,0,0,0
59509802,56,27,29,56,27,29,0,0,0,27,17,10,55,27,28,54,26,28,0,0,0,2,1,1
59509803,682,350,332,676,345,331,5,4,1,292,162,130,641,331,310,653,328,325,6,3,3,23,19,4
59510102,264,131,133,263,131,132,0,0,0,118,69,49,255,128,127,254,124,130,0,0,0,10,7,3
59511001,272,139,133,271,138,133,1,1,0,118,67,51,263,137,126,269,136,133,0,0,0,3,3,0
1988380,0,0,0,0,0,0,0,0,0,0,0,0,0,0,0,0,0,0,0,0,0,0,0,0
59512801,148,71,77,147,70,77,1,1,0,68,34,34,131,62,69,148,71,77,0,0,0,0,0,0
59512802,988,509,479,984,506,478,3,2,1,477,265,212,945,487,458,954,487,467,1,1,0,33,21,12
59513601,166,88,78,166,88,78,0,0,0,93,57,36,163,87,76,165,87,78,0,0,0,1,1,0
59514401,94,43,51,93,42,51,1,1,0,43,23,20,92,42,50,89,41,48,0,0,0,5,2,3
59515201,154,75,79,154,75,79,0,0,0,88,45,43,147,71,76,154,75,79,0,0,0,0,0,0
59516101,35,17,18,35,17,18,0,0,0,13,8,5,35,17,18,33,16,17,0,0,0,2,1,1
1935850,0,0,0,0,0,0,0,0,0,0,0,0,0,0,0,0,0,0,0,0,0,0,0,0
59371101,114,55,59,114,55,59,0,0,0,62,31,31,111,54,57,114,55,59,0,0,0,0,0,0
59371102,383,187,196,377,182,195,3,3,0,235,119,116,365,178,187,382,186,196,0,0,0,1,1,0
59371103,187,90,97,185,89,96,0,0,0,109,55,54,175,85,90,184,88,96,3,2,1,0,0,0
59371104,158,77,81,155,76,79,3,1,2,111,59,52,154,76,78,158,77,81,0,0,0,0,0,0
59371105,397,203,194,396,203,193,1,0,1,277,156,121,385,197,188,394,202,192,0,0,0,3,1,2
59371106,340,174,166,337,173,164,0,0,0,227,124,103,332,169,163,336,171,165,0,0,0,4,3,1
59371107,78,37,41,78,37,41,0,0,0,56,25,31,75,36,39,20,10,10,0,0,0,58,27,31
59371109,1221,610,611,1215,607,608,6,3,3,806,426,380,1184,591,593,1187,588,599,2,2,0,32,20,12
59371110,4224,2051,2173,4189,2028,2161,30,19,11,2451,1228,1223,4034,1942,2092,4203,2037,2166,7,7,0,14,7,7
59371112,721,339,382,719,338,381,2,1,1,437,222,215,692,327,365,721,339,382,0,0,0,0,0,0
59371113,129,64,65,129,64,65,0,0,0,68,36,32,126,62,64,19,7,12,1,1,0,109,56,53
59371114,6085,2824,3261,6010,2793,3217,70,30,40,3583,1750,1833,5756,2663,3093,6080,2820,3260,4,3,1,1,1,0
59371115,1534,714,820,1515,705,810,18,9,9,907,449,458,1480,688,792,1534,714,820,0,0,0,0,0,0
59371116,676,295,381,670,294,376,6,1,5,304,167,137,652,281,371,455,229,226,208,59,149,13,7,6
59371117,294,141,153,294,141,153,0,0,0,183,86,97,288,139,149,276,131,145,0,0,0,18,10,8
59371118,3885,1802,2083,3853,1784,2069,31,18,13,2150,1053,1097,3725,1724,2001,3871,1794,2077,1,0,1,13,8,5
59371119,174,77,97,172,76,96,2,1,1,75,31,44,165,75,90,169,74,95,1,1,0,4,2,2
59371120,277,225,52,270,218,52,1,1,0,81,51,30,214,165,49,98,52,46,177,172,5,2,1,1
59371121,1595,761,834,1583,753,830,11,7,4,901,446,455,1520,723,797,1499,722,777,79,28,51,17,11,6
59371122,90,46,44,90,46,44,0,0,0,46,22,24,86,44,42,76,40,36,0,0,0,14,6,8
59371123,371,176,195,370,175,195,1,1,0,216,111,105,350,170,180,327,160,167,38,12,26,6,4,2
59371124,2215,1025,1190,2103,970,1133,78,37,41,1101,549,552,2071,950,1121,2035,926,1109,176,97,79,4,2,2
59371125,1403,643,760,1390,638,752,10,4,6,828,405,423,1336,612,724,1382,631,751,18,10,8,3,2,1
59371126,273,141,132,272,140,132,0,0,0,181,95,86,263,137,126,255,134,121,0,0,0,18,7,11
59371127,127,64,63,125,63,62,2,1,1,85,44,41,125,62,63,119,60,59,3,2,1,5,2,3
59371128,2715,1451,1264,2681,1430,1251,30,18,12,1560,837,723,2556,1363,1193,2202,1077,1125,28,14,14,485,360,125
59371129,144,75,69,138,72,66,2,1,1,90,46,44,141,72,69,129,67,62,0,0,0,15,8,7
59371131,525,281,244,465,238,227,58,42,16,253,137,116,484,259,225,453,237,216,64,40,24,8,4,4
59371132,213,102,111,212,102,110,1,0,1,129,64,65,203,96,107,213,102,111,0,0,0,0,0,0
59371133,3188,1439,1749,3155,1419,1736,29,17,12,1795,857,938,3015,1358,1657,3031,1382,1649,129,41,88,28,16,12
59517901,297,147,150,295,146,149,2,1,1,131,69,62,272,132,140,287,141,146,6,2,4,4,4,0
59518701,355,183,172,354,183,171,1,0,1,176,92,84,335,173,162,352,180,172,0,0,0,3,3,0
59519501,263,137,126,262,136,126,0,0,0,116,62,54,247,129,118,259,133,126,0,0,0,4,4,0
52391701,733,365,368,731,363,368,2,2,0,340,181,159,704,351,353,717,357,360,8,3,5,8,5,3
52391703,845,438,407,845,438,407,0,0,0,422,228,194,787,411,376,806,413,393,1,1,0,38,24,14
52391704,22,11,11,22,11,11,0,0,0,6,3,3,21,10,11,19,8,11,0,0,0,3,3,0
52489101,675,343,332,670,339,331,2,2,0,311,170,141,614,310,304,646,323,323,4,2,2,25,18,7
52489102,63,33,30,62,33,29,1,0,1,36,18,18,63,33,30,63,33,30,0,0,0,0,0,0
52489103,22,15,7,21,14,7,0,0,0,9,8,1,20,13,7,22,15,7,0,0,0,0,0,0
52489104,23,11,12,23,11,12,0,0,0,10,4,6,23,11,12,22,11,11,0,0,0,1,0,1
52522701,27,10,17,26,10,16,1,0,1,9,5,4,24,9,15,27,10,17,0,0,0,0,0,0
52522702,67,38,29,66,37,29,1,1,0,31,17,14,59,34,25,63,34,29,0,0,0,4,4,0
52522703,214,107,107,195,99,96,11,7,4,66,29,37,180,92,88,154,76,78,60,31,29,0,0,0
52522704,62,35,27,61,34,27,1,1,0,6,3,3,19,10,9,24,11,13,38,24,14,0,0,0
53349102,58,31,27,58,31,27,0,0,0,18,9,9,58,31,27,44,22,22,1,1,0,13,8,5
53349104,458,232,226,457,231,226,1,1,0,246,127,119,433,221,212,429,215,214,21,10,11,8,7,1
56935601,2332,1144,1188,2305,1118,1187,27,26,1,930,472,458,2202,1076,1126,2274,1113,1161,22,5,17,36,26,10
55330101,136,63,73,136,63,73,0,0,0,47,20,27,127,59,68,129,60,69,0,0,0,7,3,4
55330102,227,109,118,224,108,116,2,1,1,71,32,39,207,98,109,222,105,117,0,0,0,5,4,1
1983400,0,0,0,0,0,0,0,0,0,0,0,0,0,0,0,0,0,0,0,0,0,0,0,0
53614802,219,107,112,217,106,111,1,0,1,122,67,55,208,101,107,201,96,105,14,8,6,4,3,1
53614803,54,29,25,50,28,22,2,0,2,16,9,7,52,29,23,52,27,25,0,0,0,2,2,0
53614804,56,29,27,56,29,27,0,0,0,25,16,9,49,26,23,55,28,27,1,1,0,0,0,0
53614805,25,14,11,25,14,11,0,0,0,6,2,4,21,11,10,10,6,4,10,7,3,5,1,4
53614807,1029,500,529,1021,494,527,7,5,2,453,236,217,949,465,484,907,438,469,60,17,43,62,45,17
53614809,1111,533,578,1107,531,576,4,2,2,533,269,264,1057,508,549,1083,512,571,27,20,7,1,1,0
0588580,0,0,0,0,0,0,0,0,0,0,0,0,0,0,0,0,0,0,0,0,0,0,0,0
0588740,0,0,0,0,0,0,0,0,0,0,0,0,0,0,0,0,0,0,0,0,0,0,0,0
0589120,0,0,0,0,0,0,0,0,0,0,0,0,0,0,0,0,0,0,0,0,0,0,0,0
3406690,0,0,0,0,0,0,0,0,0,0,0,0,0,0,0,0,0,0,0,0,0,0,0,0
3406850,0,0,0,0,0,0,0,0,0,0,0,0,0,0,0,0,0,0,0,0,0,0,0,0
53638501,775,388,387,772,386,386,2,1,1,475,252,223,745,371,374,768,383,385,6,4,2,1,1,0
53638502,148,76,72,146,75,71,2,1,1,85,49,36,140,72,68,144,74,70,0,0,0,4,2,2
53638503,623,296,327,618,292,326,5,4,1,317,165,152,600,288,312,616,294,322,7,2,5,0,0,0
53638504,63,30,33,63,30,33,0,0,0,34,13,21,60,29,31,61,29,32,0,0,0,2,1,1
53638505,65,32,33,65,32,33,0,0,0,30,20,10,62,31,31,65,32,33,0,0,0,0,0,0
53638506,938,440,498,926,433,493,10,6,4,444,231,213,894,420,474,920,433,487,17,6,11,1,1,0
53638507,30,17,13,29,16,13,1,1,0,17,9,8,28,16,12,29,16,13,0,0,0,1,1,0
53638508,142,70,72,142,70,72,0,0,0,78,39,39,138,69,69,141,70,71,1,0,1,0,0,0
53638509,743,340,403,732,333,399,8,5,3,366,183,183,695,311,384,733,332,401,3,2,1,7,6,1
53638511,1463,746,717,1456,742,714,6,3,3,660,358,302,1362,699,663,1250,572,678,7,5,2,206,169,37
53638512,104,52,52,103,51,52,0,0,0,36,17,19,89,44,45,81,39,42,23,13,10,0,0,0
53638513,356,169,187,346,164,182,10,5,5,141,78,63,332,159,173,244,129,115,112,40,72,0,0,0
53638514,120,57,63,114,55,59,6,2,4,37,24,13,109,51,58,103,48,55,17,9,8,0,0,0
53638515,711,384,327,708,382,326,3,2,1,369,206,163,663,356,307,649,336,313,8,6,2,54,42,12
53638516,25,12,13,24,12,12,0,0,0,10,5,5,24,11,13,25,12,13,0,0,0,0,0,0
53638517,476,238,238,474,236,238,2,2,0,228,118,110,442,217,225,457,222,235,15,13,2,4,3,1
53638518,1820,810,1010,1814,806,1008,4,3,1,833,421,412,1758,781,977,1814,804,1010,5,5,0,1,1,0
53638519,1941,897,1044,1935,893,1042,2,1,1,830,414,416,1827,844,983,1912,886,1026,21,9,12,8,2,6
55721801,366,166,200,366,166,200,0,0,0,118,53,65,333,152,181,276,133,143,78,26,52,12,7,5
54003002,294,151,143,293,150,143,1,1,0,135,76,59,275,142,133,272,140,132,2,1,1,20,10,10
54003003,1674,817,857,1665,813,852,4,2,2,729,380,349,1606,783,823,1610,772,838,6,4,2,58,41,17
54038201,28,11,17,28,11,17,0,0,0,11,6,5,25,10,15,28,11,17,0,0,0,0,0,0
54038202,51,29,22,51,29,22,0,0,0,19,12,7,44,24,20,45,26,19,0,0,0,6,3,3
54038204,1993,992,1001,1979,985,994,11,7,4,1014,530,484,1874,932,942,1885,907,978,25,20,5,83,65,18
54038205,306,156,150,304,155,149,2,1,1,171,92,79,289,150,139,303,154,149,0,0,0,3,2,1
1162112,0,0,0,0,0,0,0,0,0,0,0,0,0,0,0,0,0,0,0,0,0,0,0,0
56933001,126,64,62,119,61,58,7,3,4,41,24,17,116,60,56,109,54,55,8,5,3,9,5,4
56933002,28,15,13,28,15,13,0,0,0,8,4,4,25,12,13,15,8,7,6,4,2,7,3,4
56933003,26,18,8,26,18,8,0,0,0,4,4,0,25,17,8,16,10,6,8,7,1,2,1,1
54068402,786,389,397,780,384,396,4,3,1,348,180,168,744,366,378,774,380,394,0,0,0,12,9,3
54068403,129,68,61,129,68,61,0,0,0,50,32,18,118,63,55,129,68,61,0,0,0,0,0,0
55348401,51,24,27,49,23,26,2,1,1,20,12,8,49,24,25,48,23,25,0,0,0,3,1,2
55348402,88,41,47,88,41,47,0,0,0,36,16,20,79,38,41,86,40,46,0,0,0,2,1,1
55348403,130,63,67,130,63,67,0,0,0,42,22,20,120,58,62,130,63,67,0,0,0,0,0,0
55348404,363,186,177,363,186,177,0,0,0,192,106,86,347,179,168,349,176,173,0,0,0,14,10,4
55348406,38,20,18,38,20,18,0,0,0,18,10,8,30,17,13,38,20,18,0,0,0,0,0,0
54103601,191,105,86,189,104,85,2,1,1,102,65,37,184,103,81,191,105,86,0,0,0,0,0,0
54103602,24,10,14,24,10,14,0,0,0,10,6,4,23,9,14,24,10,14,0,0,0,0,0,0
54103603,345,174,171,343,173,170,0,0,0,177,90,87,334,167,167,335,166,169,0,0,0,10,8,2
54111701,611,315,296,605,312,293,6,3,3,276,154,122,568,298,270,588,298,290,0,0,0,23,17,6
54121401,43,21,22,43,21,22,0,0,0,21,6,15,39,19,20,43,21,22,0,0,0,0,0,0
54121402,43,21,22,43,21,22,0,0,0,11,7,4,40,19,21,32,16,16,0,0,0,11,5,6
54121403,337,172,165,337,172,165,0,0,0,171,103,68,306,155,151,268,137,131,53,25,28,16,10,6
54121404,54,27,27,54,27,27,0,0,0,29,14,15,49,25,24,54,27,27,0,0,0,0,0,0
54124901,21,10,11,21,10,11,0,0,0,7,4,3,18,9,9,21,10,11,0,0,0,0,0,0
54124903,1114,580,534,1113,580,533,1,0,1,530,305,225,1074,554,520,1085,555,530,0,0,0,29,25,4
55346801,64,30,34,64,30,34,0,0,0,32,14,18,59,27,32,56,27,29,0,0,0,8,3,5
55346802,318,169,149,318,169,149,0,0,0,155,92,63,297,156,141,295,151,144,0,0,0,23,18,5
55346803,187,96,91,179,93,86,4,1,3,81,44,37,163,86,77,185,95,90,2,1,1,0,0,0
55346804,108,46,62,108,46,62,0,0,0,54,23,31,106,45,61,108,46,62,0,0,0,0,0,0
56945301,20,10,10,20,10,10,0,0,0,8,6,2,19,9,10,20,10,10,0,0,0,0,0,0
56945302,41,21,20,40,20,20,1,1,0,17,10,7,38,20,18,41,21,20,0,0,0,0,0,0
56945303,427,224,203,425,223,202,2,1,1,212,116,96,408,216,192,418,216,202,0,0,0,9,8,1
54130301,1134,547,587,1126,542,584,8,5,3,515,278,237,1058,508,550,1067,524,543,43,10,33,24,13,11
54130302,25,12,13,25,12,13,0,0,0,11,4,7,25,12,13,25,12,13,0,0,0,0,0,0
54134601,46,23,23,46,23,23,0,0,0,19,11,8,39,20,19,46,23,23,0,0,0,0,0,0
54134603,326,164,162,326,164,162,0,0,0,145,74,71,312,156,156,314,154,160,0,0,0,12,10,2
59799601,45,25,20,45,25,20,0,0,0,11,6,5,41,22,19,44,24,20,1,1,0,0,0,0
59799603,243,125,118,239,123,116,4,2,2,111,63,48,222,113,109,237,123,114,6,2,4,0,0,0
59799604,81,44,37,81,44,37,0,0,0,23,13,10,77,42,35,73,38,35,5,4,1,3,2,1
59799605,33,16,17,33,16,17,0,0,0,24,11,13,32,15,17,32,15,17,1,1,0,0,0,0
59799606,27,9,18,27,9,18,0,0,0,17,5,12,26,9,17,27,9,18,0,0,0,0,0,0
59799607,2984,1496,1488,2968,1487,1481,14,8,6,1668,885,783,2865,1430,1435,2805,1390,1415,59,17,42,120,89,31
54157502,163,82,81,163,82,81,0,0,0,68,33,35,155,79,76,158,79,79,0,0,0,5,3,2
54157503,894,436,458,887,431,456,6,4,2,377,188,189,849,407,442,861,414,447,15,8,7,18,14,4
54157504,44,23,21,44,23,21,0,0,0,10,7,3,40,21,19,43,22,21,0,0,0,1,1,0
55235601,457,226,231,455,225,230,1,0,1,195,105,90,427,210,217,450,220,230,0,0,0,7,6,1
50052601,1017,533,484,1015,531,484,2,2,0,503,291,212,981,513,468,986,509,477,0,0,0,31,24,7
50052602,1254,627,627,1253,627,626,0,0,0,678,358,320,1198,596,602,1175,587,588,0,0,0,79,40,39
50062301,158,86,72,158,86,72,0,0,0,89,48,41,151,84,67,153,81,72,0,0,0,5,5,0
50062302,121,59,62,121,59,62,0,0,0,69,38,31,121,59,62,121,59,62,0,0,0,0,0,0
50062303,139,74,65,139,74,65,0,0,0,78,47,31,138,73,65,139,74,65,0,0,0,0,0,0
50062304,92,45,47,92,45,47,0,0,0,46,25,21,91,45,46,92,45,47,0,0,0,0,0,0
50062305,166,88,78,166,88,78,0,0,0,66,43,23,155,84,71,166,88,78,0,0,0,0,0,0
50062306,33,16,17,33,16,17,0,0,0,17,7,10,29,14,15,31,15,16,0,0,0,2,1,1
50062307,119,56,63,119,56,63,0,0,0,57,27,30,112,51,61,119,56,63,0,0,0,0,0,0
50062308,278,144,134,277,143,134,1,1,0,139,87,52,257,131,126,272,140,132,3,2,1,3,2,1
55206201,237,124,113,237,124,113,0,0,0,112,58,54,223,116,107,204,102,102,33,22,11,0,0,0
50080101,582,293,289,580,291,289,2,2,0,254,125,129,568,286,282,572,285,287,0,0,0,10,8,2
50080102,65,39,26,64,38,26,1,1,0,16,11,5,59,36,23,65,39,26,0,0,0,0,0,0
50085201,1121,570,551,1115,566,549,6,4,2,531,289,242,1080,548,532,1086,545,541,9,2,7,26,23,3
50085202,460,233,227,460,233,227,0,0,0,241,126,115,436,221,215,460,233,227,0,0,0,0,0,0
50085203,802,386,416,801,386,415,1,0,1,428,211,217,770,371,399,802,386,416,0,0,0,0,0,0
50086101,35,21,14,35,21,14,0,0,0,15,10,5,35,21,14,28,16,12,4,3,1,3,2,1
50086102,518,259,259,512,254,258,6,5,1,273,145,128,496,246,250,503,248,255,5,2,3,10,9,1
50086104,25,12,13,24,11,13,1,1,0,9,4,5,25,12,13,25,12,13,0,0,0,0,0,0
50086105,115,49,66,114,48,66,1,1,0,67,29,38,105,45,60,111,47,64,0,0,0,4,2,2
50086106,87,46,41,87,46,41,0,0,0,52,30,22,86,45,41,87,46,41,0,0,0,0,0,0
50086107,72,35,37,71,34,37,1,1,0,38,21,17,68,34,34,69,34,35,0,0,0,3,1,2
50086108,46,24,22,45,23,22,1,1,0,21,12,9,41,21,20,44,23,21,0,0,0,2,1,1
50086110,80,41,39,79,40,39,1,1,0,43,21,22,70,36,34,80,41,39,0,0,0,0,0,0
50086111,43,20,23,42,19,23,1,1,0,17,10,7,37,18,19,41,20,21,0,0,0,2,0,2
50086112,89,53,36,87,51,36,1,1,0,39,25,14,82,49,33,86,51,35,0,0,0,3,2,1
50086113,136,75,61,135,74,61,1,1,0,85,51,34,132,72,60,135,74,61,0,0,0,1,1,0
50086114,179,86,93,179,86,93,0,0,0,76,37,39,172,84,88,178,85,93,0,0,0,1,1,0
55240201,640,330,310,625,323,302,13,5,8,262,143,119,617,314,303,521,264,257,4,3,1,115,63,52
50087901,647,327,320,641,324,317,5,3,2,264,123,141,612,305,307,641,322,319,0,0,0,6,5,1
50087902,195,97,98,195,97,98,0,0,0,101,46,55,180,90,90,195,97,98,0,0,0,0,0,0
54702601,979,494,485,971,488,483,8,6,2,413,217,196,958,484,474,958,478,480,0,0,0,21,16,5
55218601,1490,724,766,1472,714,758,15,8,7,652,328,324,1394,674,720,1364,680,684,115,34,81,11,10,1
55244501,600,295,305,591,289,302,6,5,1,310,162,148,571,281,290,586,286,300,0,0,0,14,9,5
50147601,299,147,152,299,147,152,0,0,0,160,82,78,295,146,149,299,147,152,0,0,0,0,0,0
50147602,1348,680,668,1338,674,664,10,6,4,699,373,326,1302,655,647,1307,646,661,1,1,0,40,33,7
50147603,39,19,20,39,19,20,0,0,0,15,9,6,38,18,20,39,19,20,0,0,0,0,0,0
50147604,27,13,14,27,13,14,0,0,0,13,6,7,25,12,13,25,12,13,0,0,0,2,1,1
50147605,195,99,96,195,99,96,0,0,0,98,51,47,190,97,93,195,99,96,0,0,0,0,0,0
50164601,70,36,34,70,36,34,0,0,0,30,15,15,60,31,29,12,5,7,0,0,0,58,31,27
50164602,2204,1117,1087,2158,1088,1070,44,28,16,908,460,448,2074,1041,1033,2024,1021,1003,10,9,1,170,87,83
50164603,255,123,132,255,123,132,0,0,0,110,59,51,248,119,129,215,103,112,0,0,0,40,20,20
50164604,222,110,112,221,109,112,1,1,0,107,64,43,215,105,110,202,102,100,15,6,9,5,2,3
50164605,31,15,16,31,15,16,0,0,0,19,9,10,29,14,15,30,15,15,0,0,0,1,0,1
56839201,1293,639,654,1293,639,654,0,0,0,739,374,365,1257,623,634,1273,626,647,1,1,0,19,12,7
54527901,450,225,225,449,224,225,1,1,0,224,110,114,432,216,216,417,205,212,1,1,0,32,19,13
55231301,318,167,151,316,166,150,2,1,1,121,60,61,304,159,145,296,153,143,0,0,0,22,14,8
50175101,967,496,471,956,491,465,9,4,5,494,273,221,927,474,453,897,449,448,5,3,2,65,44,21
50175102,41,21,20,40,20,20,1,1,0,22,8,14,41,21,20,40,20,20,0,0,0,1,1,0
50175103,117,62,55,117,62,55,0,0,0,53,33,20,115,61,54,103,54,49,0,0,0,14,8,6
50175104,348,186,162,347,186,161,1,0,1,202,120,82,331,176,155,341,182,159,0,0,0,7,4,3
50175105,258,123,135,258,123,135,0,0,0,131,65,66,244,119,125,253,120,133,0,0,0,5,3,2
50179401,413,205,208,412,204,208,1,1,0,209,112,97,393,198,195,413,205,208,0,0,0,0,0,0
50179402,183,89,94,183,89,94,0,0,0,77,40,37,176,87,89,183,89,94,0,0,0,0,0,0
50179403,938,457,481,933,455,478,4,2,2,469,245,224,893,446,447,918,444,474,0,0,0,20,13,7
55207101,268,129,139,268,129,139,0,0,0,130,69,61,243,117,126,263,125,138,0,0,0,5,4,1
50184101,1473,717,756,1470,715,755,2,1,1,680,352,328,1409,683,726,1449,698,751,0,0,0,24,19,5
55217801,335,165,170,335,165,170,0,0,0,156,84,72,323,159,164,331,161,170,0,0,0,4,4,0
55217802,91,51,40,91,51,40,0,0,0,54,31,23,82,46,36,91,51,40,0,0,0,0,0,0
55233001,234,119,115,234,119,115,0,0,0,75,38,37,212,107,105,222,112,110,0,0,0,12,7,5
50214601,1423,687,736,1416,684,732,5,1,4,683,342,341,1358,657,701,1422,686,736,0,0,0,1,1,0
50214602,603,316,287,601,315,286,1,0,1,264,145,119,576,300,276,432,210,222,27,11,16,144,95,49
50214603,301,146,155,294,140,154,6,5,1,93,52,41,253,127,126,170,93,77,83,24,59,48,29,19
50214604,1717,832,885,1709,827,882,6,5,1,821,407,414,1637,796,841,1698,821,877,1,1,0,18,10,8
50214605,98,52,46,98,52,46,0,0,0,34,20,14,96,51,45,93,50,43,0,0,0,5,2,3
55202001,1018,515,503,1011,512,499,7,3,4,321,179,142,904,465,439,1016,513,503,0,0,0,2,2,0
50223501,1808,903,905,1774,877,897,32,25,7,653,355,298,1687,837,850,1790,892,898,1,1,0,17,10,7
50240501,621,306,315,618,305,313,2,1,1,299,171,128,578,281,297,601,297,304,11,4,7,9,5,4
50254501,2021,1010,1011,2020,1009,1011,0,0,0,907,474,433,1894,941,953,1970,971,999,22,15,7,29,24,5
50254502,504,263,241,504,263,241,0,0,0,270,147,123,483,252,231,504,263,241,0,0,0,0,0,0
56979802,300,149,151,299,148,151,1,1,0,134,70,64,286,143,143,288,143,145,0,0,0,12,6,6
54697601,133,73,60,133,73,60,0,0,0,64,37,27,121,64,57,130,71,59,0,0,0,3,2,1
59741401,122,59,63,121,59,62,1,0,1,50,22,28,113,54,59,119,57,62,0,0,0,3,2,1
59741402,415,211,204,415,211,204,0,0,0,216,109,107,398,200,198,396,193,203,0,0,0,19,18,1
56887201,178,81,97,174,77,97,4,4,0,99,44,55,165,73,92,178,81,97,0,0,0,0,0,0
56887202,290,141,149,290,141,149,0,0,0,137,67,70,277,135,142,290,141,149,0,0,0,0,0,0
56887203,403,203,200,402,202,200,1,1,0,201,96,105,381,194,187,383,191,192,0,0,0,20,12,8
50283901,693,343,350,691,341,350,2,2,0,353,176,177,665,326,339,684,338,346,0,0,0,9,5,4
50314201,570,286,284,569,285,284,1,1,0,283,135,148,546,271,275,539,269,270,0,0,0,31,17,14
54712301,257,114,143,256,114,142,1,0,1,80,47,33,225,106,119,174,92,82,75,17,58,8,5,3
50013501,80,38,42,80,38,42,0,0,0,10,4,6,68,32,36,80,38,42,0,0,0,0,0,0
50013502,76,44,32,76,44,32,0,0,0,30,17,13,70,40,30,76,44,32,0,0,0,0,0,0
50013503,64,30,34,64,30,34,0,0,0,16,8,8,63,29,34,64,30,34,0,0,0,0,0,0
50330401,528,266,262,525,264,261,3,2,1,271,147,124,510,255,255,502,252,250,8,8,0,18,6,12
50330402,307,149,158,302,145,157,5,4,1,142,73,69,280,137,143,304,146,158,0,0,0,3,3,0
55243701,488,232,256,484,229,255,2,1,1,250,118,132,468,222,246,484,229,255,0,0,0,4,3,1
55490101,240,120,120,238,119,119,1,1,0,118,62,56,220,111,109,240,120,120,0,0,0,0,0,0
55490102,1516,746,770,1509,739,770,6,6,0,606,295,311,1439,702,737,1479,720,759,0,0,0,37,26,11
3305150,0,0,0,0,0,0,0,0,0,0,0,0,0,0,0,0,0,0,0,0,0,0,0,0
3305230,0,0,0,0,0,0,0,0,0,0,0,0,0,0,0,0,0,0,0,0,0,0,0,0
3305740,0,0,0,0,0,0,0,0,0,0,0,0,0,0,0,0,0,0,0,0,0,0,0,0
3900710,0,0,0,0,0,0,0,0,0,0,0,0,0,0,0,0,0,0,0,0,0,0,0,0
3901940,0,0,0,0,0,0,0,0,0,0,0,0,0,0,0,0,0,0,0,0,0,0,0,0
3902590,0,0,0,0,0,0,0,0,0,0,0,0,0,0,0,0,0,0,0,0,0,0,0,0
56900301,81,40,41,81,40,41,0,0,0,35,19,16,80,39,41,81,40,41,0,0,0,0,0,0
56900302,521,261,260,519,260,259,2,1,1,232,115,117,496,250,246,513,254,259,0,0,0,8,7,1
55230501,49,26,23,49,26,23,0,0,0,12,6,6,47,24,23,49,26,23,0,0,0,0,0,0
55230502,109,62,47,108,61,47,1,1,0,29,16,13,104,59,45,99,53,46,0,0,0,10,9,1
54000501,184,93,91,182,91,91,2,2,0,91,45,46,176,89,87,178,88,90,0,0,0,6,5,1
3068010,0,0,0,0,0,0,0,0,0,0,0,0,0,0,0,0,0,0,0,0,0,0,0,0
3068190,0,0,0,0,0,0,0,0,0,0,0,0,0,0,0,0,0,0,0,0,0,0,0,0
3287070,0,0,0,0,0,0,0,0,0,0,0,0,0,0,0,0,0,0,0,0,0,0,0,0
3287150,0,0,0,0,0,0,0,0,0,0,0,0,0,0,0,0,0,0,0,0,0,0,0,0
50344401,254,126,128,253,125,128,1,1,0,152,78,74,248,123,125,254,126,128,0,0,0,0,0,0
50344402,213,112,101,213,112,101,0,0,0,119,63,56,199,103,96,213,112,101,0,0,0,0,0,0
50344403,394,198,196,394,198,196,0,0,0,222,115,107,371,189,182,389,195,194,0,0,0,5,3,2
50344404,438,220,218,438,220,218,0,0,0,251,140,111,426,212,214,437,219,218,0,0,0,1,1,0
50344405,204,100,104,204,100,104,0,0,0,126,68,58,197,96,101,204,100,104,0,0,0,0,0,0
50344406,91,45,46,91,45,46,0,0,0,63,33,30,88,45,43,91,45,46,0,0,0,0,0,0
50344408,129,66,63,129,66,63,0,0,0,73,43,30,125,66,59,121,62,59,0,0,0,8,4,4
50344409,205,96,109,205,96,109,0,0,0,108,56,52,197,92,105,203,95,108,0,0,0,2,1,1
50344410,243,115,128,243,115,128,0,0,0,171,86,85,233,110,123,243,115,128,0,0,0,0,0,0
50344411,378,184,194,377,184,193,1,0,1,224,116,108,351,169,182,378,184,194,0,0,0,0,0,0
50344413,190,90,100,189,89,100,1,1,0,100,47,53,182,86,96,190,90,100,0,0,0,0,0,0
50344414,134,65,69,134,65,69,0,0,0,81,40,41,133,64,69,134,65,69,0,0,0,0,0,0
50344415,29,16,13,28,15,13,1,1,0,6,3,3,25,14,11,28,15,13,1,1,0,0,0,0
50344416,325,155,170,318,150,168,7,5,2,198,100,98,303,144,159,325,155,170,0,0,0,0,0,0
50344417,1898,917,981,1887,912,975,7,4,3,1050,542,508,1822,880,942,1893,914,979,1,1,0,4,2,2
50344418,2056,977,1079,2040,965,1075,13,10,3,1084,551,533,1961,923,1038,2056,977,1079,0,0,0,0,0,0
50344419,1125,570,555,1120,567,553,2,2,0,537,289,248,1063,539,524,910,441,469,87,27,60,128,102,26
50344420,778,367,411,776,367,409,1,0,1,438,218,220,754,354,400,777,366,411,0,0,0,1,1,0
50344423,47,27,20,47,27,20,0,0,0,26,19,7,47,27,20,38,22,16,0,0,0,9,5,4
50344424,328,154,174,327,153,174,1,1,0,220,103,117,320,150,170,328,154,174,0,0,0,0,0,0
55223201,617,319,298,617,319,298,0,0,0,259,153,106,583,304,279,609,314,295,0,0,0,8,5,3
55203801,196,100,96,196,100,96,0,0,0,90,52,38,183,94,89,183,92,91,0,0,0,13,8,5
55221601,466,227,239,464,225,239,2,2,0,230,123,107,431,208,223,455,220,235,0,0,0,11,7,4
50362201,22,11,11,22,11,11,0,0,0,12,5,7,22,11,11,18,8,10,1,1,0,3,2,1
50362202,42,23,19,42,23,19,0,0,0,20,15,5,41,22,19,42,23,19,0,0,0,0,0,0
50362203,529,247,282,526,246,280,3,1,2,235,123,112,497,232,265,509,242,267,16,2,14,4,3,1
50362204,26,16,10,26,16,10,0,0,0,14,11,3,26,16,10,26,16,10,0,0,0,0,0,0
50362205,153,73,80,153,73,80,0,0,0,99,55,44,149,70,79,153,73,80,0,0,0,0,0,0
50362206,74,40,34,74,40,34,0,0,0,42,27,15,70,38,32,74,40,34,0,0,0,0,0,0
50365701,43,29,14,41,27,14,2,2,0,8,4,4,37,24,13,23,14,9,20,15,5,0,0,0
50365702,2227,1115,1112,2205,1097,1108,22,18,4,949,501,448,2140,1069,1071,2163,1062,1101,8,8,0,56,45,11
50365703,773,379,394,768,377,391,5,2,3,398,209,189,726,357,369,771,377,394,0,0,0,2,2,0
56984401,386,191,195,384,190,194,2,1,1,164,85,79,368,185,183,375,182,193,4,3,1,7,6,1
50373801,1148,573,575,1142,570,572,6,3,3,528,287,241,1098,548,550,1140,566,574,0,0,0,8,7,1
55237201,181,85,96,181,85,96,0,0,0,85,41,44,166,78,88,181,85,96,0,0,0,0,0,0
55237202,252,133,119,251,132,119,1,1,0,109,59,50,237,126,111,252,133,119,0,0,0,0,0,0
55237203,999,503,496,994,500,494,4,3,1,525,286,239,947,479,468,942,472,470,29,7,22,28,24,4
55237204,141,65,76,141,65,76,0,0,0,71,36,35,128,59,69,137,63,74,0,0,0,4,2,2
56891101,252,119,133,252,119,133,0,0,0,135,71,64,244,117,127,249,119,130,0,0,0,3,0,3
3305310,0,0,0,0,0,0,0,0,0,0,0,0,0,0,0,0,0,0,0,0,0,0,0,0
3305400,0,0,0,0,0,0,0,0,0,0,0,0,0,0,0,0,0,0,0,0,0,0,0,0
50016001,441,229,212,440,228,212,1,1,0,141,80,61,416,217,199,426,216,210,2,1,1,13,12,1
50016002,88,49,39,88,49,39,0,0,0,32,20,12,81,45,36,88,49,39,0,0,0,0,0,0
50424601,421,213,208,420,212,208,0,0,0,202,104,98,402,202,200,399,199,200,0,0,0,22,14,8
50424603,231,117,114,231,117,114,0,0,0,108,58,50,216,108,108,230,117,113,0,0,0,1,0,1
50424604,102,92,10,102,92,10,0,0,0,4,3,1,74,71,3,8,5,3,94,87,7,0,0,0
55234801,573,298,275,573,298,275,0,0,0,240,135,105,538,279,259,561,290,271,0,0,0,12,8,4
55234802,101,51,50,101,51,50,0,0,0,57,36,21,97,48,49,99,50,49,0,0,0,2,1,1
59767801,29,16,13,29,16,13,0,0,0,4,3,1,28,15,13,24,14,10,0,0,0,5,2,3
59767802,2549,1278,1271,2530,1268,1262,14,8,6,1283,700,583,2386,1204,1182,2406,1197,1209,71,28,43,72,53,19
59767803,30,18,12,30,18,12,0,0,0,8,4,4,30,18,12,25,14,11,0,0,0,5,4,1
59767804,82,40,42,82,40,42,0,0,0,44,26,18,80,39,41,79,38,41,0,0,0,3,2,1
59767805,95,49,46,95,49,46,0,0,0,52,29,23,83,42,41,95,49,46,0,0,0,0,0,0
55494401,164,87,77,164,87,77,0,0,0,69,35,34,157,85,72,164,87,77,0,0,0,0,0,0
55494402,489,244,245,489,244,245,0,0,0,189,103,86,463,229,234,469,230,239,7,3,4,13,11,2
54709301,48,26,22,48,26,22,0,0,0,14,6,8,47,25,22,41,22,19,0,0,0,7,4,3
50444102,114,56,58,114,56,58,0,0,0,61,32,29,108,53,55,113,55,58,0,0,0,1,1,0
50444103,353,170,183,353,170,183,0,0,0,207,99,108,336,164,172,353,170,183,0,0,0,0,0,0
50444104,961,470,491,958,469,489,2,0,2,462,242,220,935,459,476,925,447,478,0,0,0,36,23,13
50450501,116,68,48,116,68,48,0,0,0,67,43,24,108,64,44,116,68,48,0,0,0,0,0,0
50450502,2011,979,1032,2003,973,1030,7,5,2,942,490,452,1886,923,963,1940,953,987,46,8,38,25,18,7
59768601,102,55,47,102,55,47,0,0,0,51,29,22,97,52,45,98,52,46,0,0,0,4,3,1
59768602,21,10,11,21,10,11,0,0,0,5,1,4,19,9,10,20,9,11,0,0,0,1,1,0
59768604,120,65,55,120,65,55,0,0,0,54,31,23,110,61,49,120,65,55,0,0,0,0,0,0
55238101,393,195,198,393,195,198,0,0,0,195,102,93,379,186,193,393,195,198,0,0,0,0,0,0
55238102,318,162,156,317,161,156,1,1,0,157,99,58,305,153,152,313,159,154,0,0,0,5,3,2
55225901,220,105,115,220,105,115,0,0,0,118,60,58,211,103,108,215,100,115,0,0,0,5,5,0
1106550,0,0,0,0,0,0,0,0,0,0,0,0,0,0,0,0,0,0,0,0,0,0,0,0
3052010,0,0,0,0,0,0,0,0,0,0,0,0,0,0,0,0,0,0,0,0,0,0,0,0
3052940,0,0,0,0,0,0,0,0,0,0,0,0,0,0,0,0,0,0,0,0,0,0,0,0
3053160,0,0,0,0,0,0,0,0,0,0,0,0,0,0,0,0,0,0,0,0,0,0,0,0
3207060,0,0,0,0,0,0,0,0,0,0,0,0,0,0,0,0,0,0,0,0,0,0,0,0
50049601,1340,659,681,1335,656,679,3,2,1,879,448,431,1301,640,661,1241,607,634,0,0,0,99,52,47
50049602,634,328,306,599,306,293,35,22,13,348,187,161,593,302,291,604,308,296,27,17,10,3,3,0
50049603,79,42,37,75,39,36,4,3,1,45,28,17,72,40,32,73,38,35,3,2,1,3,2,1
50049604,3117,1539,1578,3027,1467,1560,87,70,17,1804,907,897,2965,1452,1513,3012,1446,1566,100,91,9,5,2,3
50049606,418,211,207,400,197,203,15,14,1,231,118,113,399,205,194,381,187,194,37,24,13,0,0,0
50049607,1070,530,540,1064,526,538,5,3,2,713,362,351,1025,507,518,1067,528,539,0,0,0,3,2,1
50049608,801,371,430,797,368,429,3,2,1,465,218,247,753,350,403,725,329,396,71,38,33,5,4,1
50049609,732,372,360,724,367,357,4,3,1,480,254,226,720,367,353,653,326,327,3,3,0,76,43,33
50049610,538,272,266,537,272,265,1,0,1,347,187,160,520,267,253,538,272,266,0,0,0,0,0,0
50049611,1312,649,663,1307,645,662,5,4,1,874,447,427,1266,627,639,1312,649,663,0,0,0,0,0,0
50049613,1341,622,719,1319,608,711,19,13,6,769,371,398,1300,597,703,1338,621,717,3,1,2,0,0,0
50049614,446,224,222,429,207,222,17,17,0,244,123,121,409,199,210,421,212,209,21,9,12,4,3,1
50049615,25,12,13,25,12,13,0,0,0,15,9,6,23,11,12,10,4,6,0,0,0,15,8,7
50049617,985,481,504,980,479,501,3,2,1,638,311,327,965,473,492,938,450,488,27,19,8,20,12,8
50049618,5871,2786,3085,5805,2751,3054,50,26,24,3252,1599,1653,5608,2646,2962,5803,2745,3058,68,41,27,0,0,0
50049619,643,314,329,641,313,328,1,1,0,378,185,193,620,302,318,643,314,329,0,0,0,0,0,0
50049620,1996,966,1030,1974,953,1021,15,11,4,1124,582,542,1908,923,985,1983,959,1024,11,6,5,2,1,1
50049621,217,102,115,216,102,114,1,0,1,138,66,72,204,96,108,215,101,114,0,0,0,2,1,1
50049623,1927,853,1074,1907,840,1067,16,12,4,1029,486,543,1864,819,1045,1926,852,1074,0,0,0,1,1,0
50049624,1871,914,957,1472,724,748,214,100,114,846,445,401,1684,828,856,1444,716,728,421,197,224,6,1,5
50049625,3464,1593,1871,3439,1580,1859,22,11,11,1845,885,960,3305,1521,1784,3460,1591,1869,0,0,0,4,2,2
50049626,1666,764,902,1647,753,894,16,9,7,841,408,433,1595,726,869,1661,761,900,1,1,0,4,2,2
50049628,3899,1773,2126,3811,1719,2092,78,47,31,1874,898,976,3639,1649,1990,3887,1765,2122,6,4,2,6,4,2
50049629,850,375,475,847,374,473,2,1,1,412,195,217,813,357,456,849,374,475,0,0,0,1,1,0
50049630,28,17,11,27,17,10,1,0,1,12,8,4,27,16,11,22,11,11,4,4,0,2,2,0
50049631,93,56,37,87,51,36,5,4,1,43,23,20,79,46,33,68,36,32,25,20,5,0,0,0
50049632,61,31,30,60,30,30,1,1,0,29,13,16,51,22,29,41,16,25,18,13,5,2,2,0
50049633,3014,1406,1608,2973,1384,1589,35,20,15,1765,864,901,2887,1347,1540,3008,1403,1605,5,2,3,1,1,0
50049634,499,240,259,494,236,258,5,4,1,260,131,129,450,214,236,490,233,257,7,5,2,2,2,0
50049635,72,34,38,72,34,38,0,0,0,42,20,22,70,33,37,70,33,37,0,0,0,2,1,1
50049636,48,33,15,46,31,15,2,2,0,18,15,3,41,29,12,20,13,7,28,20,8,0,0,0
50049637,1904,839,1065,1878,829,1049,22,10,12,1127,543,584,1789,791,998,1541,753,788,361,84,277,2,2,0
50049638,39,29,10,39,29,10,0,0,0,22,16,6,32,22,10,14,7,7,21,19,2,4,3,1
50049640,335,156,179,331,154,177,2,1,1,189,85,104,320,150,170,335,156,179,0,0,0,0,0,0
50049641,947,462,485,935,453,482,9,6,3,541,275,266,913,446,467,945,460,485,0,0,0,2,2,0
50049642,484,245,239,481,244,237,2,1,1,283,151,132,467,235,232,484,245,239,0,0,0,0,0,0
50049643,34,32,2,32,30,2,2,2,0,11,10,1,26,24,2,4,2,2,29,29,0,1,1,0
50049644,737,365,372,732,363,369,3,1,2,486,248,238,713,350,363,735,363,372,1,1,0,1,1,0
50049645,1786,857,929,1743,835,908,35,18,17,690,326,364,1545,742,803,1786,857,929,0,0,0,0,0,0
50049646,104,49,55,104,49,55,0,0,0,57,30,27,104,49,55,104,49,55,0,0,0,0,0,0
50049647,382,186,196,378,183,195,3,2,1,244,115,129,363,178,185,342,165,177,1,0,1,39,21,18
50049648,43,27,16,38,22,16,5,5,0,21,15,6,41,26,15,29,18,11,1,0,1,13,9,4
50049651,2804,1338,1466,2788,1330,1458,12,6,6,1623,817,806,2684,1282,1402,2694,1307,1387,98,24,74,12,7,5
50049652,361,172,189,357,169,188,3,3,0,206,105,101,354,167,187,361,172,189,0,0,0,0,0,0
50049653,475,243,232,475,243,232,0,0,0,310,172,138,453,230,223,475,243,232,0,0,0,0,0,0
50049654,187,94,93,186,94,92,1,0,1,104,52,52,174,90,84,186,93,93,0,0,0,1,1,0
50049655,647,325,322,639,321,318,5,3,2,382,210,172,614,303,311,647,325,322,0,0,0,0,0,0
50049656,967,451,516,940,435,505,23,13,10,506,235,271,901,414,487,966,450,516,0,0,0,1,1,0
50049657,94,47,47,94,47,47,0,0,0,42,22,20,76,39,37,88,45,43,0,0,0,6,2,4
50049658,1741,849,892,1706,829,877,22,13,9,857,439,418,1645,797,848,1732,842,890,9,7,2,0,0,0
50049659,2833,1320,1513,2782,1289,1493,38,20,18,1453,695,758,2664,1231,1433,2832,1319,1513,0,0,0,1,1,0
50049660,827,375,452,814,366,448,12,8,4,409,182,227,782,354,428,827,375,452,0,0,0,0,0,0
50049662,2832,1262,1570,2789,1239,1550,34,16,18,1438,693,745,2718,1209,1509,2832,1262,1570,0,0,0,0,0,0
50049663,102,50,52,99,47,52,3,3,0,52,26,26,94,48,46,101,49,52,0,0,0,1,1,0
50049664,2688,1254,1434,2629,1220,1409,49,28,21,1409,678,731,2537,1174,1363,2677,1243,1434,10,10,0,1,1,0
50049665,165,79,86,161,77,84,4,2,2,81,44,37,155,76,79,165,79,86,0,0,0,0,0,0
50049666,3322,1483,1839,3285,1469,1816,27,10,17,1708,816,892,3156,1406,1750,3317,1480,1837,1,1,0,4,2,2
50049667,870,421,449,847,412,435,15,6,9,415,212,203,794,382,412,660,322,338,210,99,111,0,0,0
50049668,2773,1251,1522,2721,1224,1497,41,23,18,1470,704,766,2639,1191,1448,2767,1246,1521,2,2,0,4,3,1
50049669,291,144,147,287,140,147,3,3,0,170,91,79,280,138,142,274,132,142,17,12,5,0,0,0
50049670,5942,2808,3134,5861,2761,3100,68,40,28,3027,1493,1534,5677,2673,3004,5942,2808,3134,0,0,0,0,0,0
50049671,4287,2016,2271,4232,1987,2245,49,25,24,2178,1071,1107,4101,1921,2180,4214,2002,2212,73,14,59,0,0,0
50049672,298,160,138,295,158,137,3,2,1,200,111,89,282,150,132,296,158,138,0,0,0,2,2,0
50049673,22,12,10,22,12,10,0,0,0,12,4,8,16,8,8,15,6,9,7,6,1,0,0,0
50049674,2684,1274,1410,2639,1249,1390,34,19,15,1394,700,694,2528,1194,1334,2674,1267,1407,8,6,2,2,1,1
50049675,883,424,459,862,414,448,17,8,9,454,234,220,811,390,421,883,424,459,0,0,0,0,0,0
50049676,232,103,129,84,41,43,99,44,55,40,18,22,165,75,90,66,34,32,160,67,93,6,2,4
50049677,5724,3251,2473,5538,3161,2377,137,67,70,2560,1480,1080,5288,3032,2256,3974,1965,2009,168,100,68,1582,1186,396
50049678,1888,1012,876,1809,971,838,57,26,31,791,405,386,1595,794,801,1619,778,841,268,233,35,1,1,0
50049679,261,129,132,250,121,129,9,6,3,123,61,62,229,110,119,254,123,131,0,0,0,7,6,1
50049680,1366,673,693,1313,642,671,38,25,13,648,340,308,1217,600,617,1346,655,691,15,13,2,5,5,0
50049681,3092,1463,1629,3023,1425,1598,55,31,24,1555,749,806,2915,1390,1525,3079,1451,1628,3,3,0,10,9,1
50049682,249,112,137,243,107,136,5,4,1,108,47,61,226,102,124,249,112,137,0,0,0,0,0,0
50049683,6590,3029,3561,6489,2975,3514,74,46,28,3327,1610,1717,6209,2832,3377,6455,2963,3492,127,62,65,8,4,4
50049684,136,54,82,133,51,82,2,2,0,71,28,43,119,45,74,112,43,69,24,11,13,0,0,0
50049685,1402,661,741,1373,649,724,28,12,16,698,332,366,1329,622,707,1402,661,741,0,0,0,0,0,0
50049686,1176,551,625,1160,542,618,15,9,6,598,283,315,1112,514,598,1176,551,625,0,0,0,0,0,0
50478501,29,17,12,29,17,12,0,0,0,6,4,2,23,13,10,10,6,4,0,0,0,19,11,8
50478502,284,141,143,284,141,143,0,0,0,125,60,65,202,103,99,213,109,104,71,32,39,0,0,0
50478503,1000,512,488,999,511,488,0,0,0,460,261,199,956,490,466,957,488,469,21,7,14,22,17,5
55216001,994,498,496,992,498,494,2,0,2,489,265,224,938,473,465,986,491,495,0,0,0,8,7,1
55241101,49,23,26,49,23,26,0,0,0,25,11,14,45,21,24,49,23,26,0,0,0,0,0,0
55241102,1388,721,667,1380,716,664,6,4,2,626,318,308,1285,659,626,1323,679,644,14,9,5,51,33,18
50501301,333,160,173,333,160,173,0,0,0,173,92,81,314,151,163,330,158,172,0,0,0,3,2,1
50501302,952,465,487,949,465,484,2,0,2,509,269,240,904,443,461,925,444,481,0,0,0,27,21,6
55410301,184,103,81,184,103,81,0,0,0,75,48,27,176,98,78,177,99,78,0,0,0,7,4,3
54707701,1343,656,687,1330,646,684,11,9,2,520,265,255,1270,619,651,1312,637,675,0,0,0,31,19,12
50508101,228,111,117,228,111,117,0,0,0,139,67,72,224,109,115,228,111,117,0,0,0,0,0,0
50508102,1268,623,645,1265,620,645,1,1,0,672,343,329,1204,594,610,1253,611,642,0,0,0,15,12,3
50508103,211,106,105,210,105,105,1,1,0,113,60,53,201,104,97,211,106,105,0,0,0,0,0,0
55226701,331,157,174,331,157,174,0,0,0,162,80,82,319,152,167,329,155,174,0,0,0,2,2,0
55215101,1116,543,573,1111,541,570,4,2,2,562,297,265,1088,530,558,1085,521,564,0,0,0,31,22,9
50511101,366,190,176,366,190,176,0,0,0,177,98,79,354,185,169,365,189,176,0,0,0,1,1,0
50511102,1164,592,572,1163,591,572,1,1,0,530,282,248,1111,568,543,1131,567,564,2,2,0,31,23,8
55219401,188,95,93,188,95,93,0,0,0,96,61,35,177,86,91,185,93,92,0,0,0,3,2,1
56905401,158,84,74,158,84,74,0,0,0,85,52,33,148,80,68,153,81,72,0,0,0,5,3,2
54701801,582,309,273,581,308,273,1,1,0,318,174,144,565,299,266,569,300,269,0,0,0,13,9,4
56977101,163,78,85,163,78,85,0,0,0,84,40,44,149,72,77,163,78,85,0,0,0,0,0,0
55242901,225,119,106,223,118,105,2,1,1,109,58,51,195,105,90,222,117,105,0,0,0,3,2,1
55201101,824,421,403,822,420,402,2,1,1,381,204,177,767,391,376,804,410,394,0,0,0,20,11,9
50516101,108,47,61,108,47,61,0,0,0,51,24,27,102,44,58,108,47,61,0,0,0,0,0,0
50516102,107,54,53,107,54,53,0,0,0,70,37,33,105,53,52,107,54,53,0,0,0,0,0,0
50516104,362,174,188,361,174,187,1,0,1,206,105,101,339,163,176,362,174,188,0,0,0,0,0,0
50516105,307,152,155,307,152,155,0,0,0,147,73,74,299,148,151,307,152,155,0,0,0,0,0,0
50516106,2444,1189,1255,2435,1184,1251,8,5,3,1176,581,595,2327,1140,1187,2375,1138,1237,0,0,0,69,51,18
50516107,61,31,30,61,31,30,0,0,0,33,18,15,52,27,25,61,31,30,0,0,0,0,0,0
1636510,0,0,0,0,0,0,0,0,0,0,0,0,0,0,0,0,0,0,0,0,0,0,0,0
3417970,0,0,0,0,0,0,0,0,0,0,0,0,0,0,0,0,0,0,0,0,0,0,0,0
50518801,90,47,43,90,47,43,0,0,0,62,33,29,89,46,43,90,47,43,0,0,0,0,0,0
50518802,30,18,12,30,18,12,0,0,0,20,13,7,29,18,11,27,16,11,0,0,0,3,2,1
50518803,136,79,57,136,79,57,0,0,0,89,57,32,134,78,56,134,77,57,0,0,0,2,2,0
50518804,144,69,75,142,68,74,1,1,0,89,43,46,137,65,72,144,69,75,0,0,0,0,0,0
50518805,104,54,50,103,54,49,0,0,0,53,30,23,98,51,47,86,44,42,0,0,0,18,10,8
50518806,978,452,526,970,447,523,6,4,2,497,249,248,927,425,502,959,443,516,17,7,10,2,2,0
50518807,1305,606,699,1299,602,697,5,3,2,756,391,365,1250,574,676,1301,603,698,4,3,1,0,0,0
50518808,1448,640,808,1440,634,806,4,2,2,715,340,375,1374,605,769,1448,640,808,0,0,0,0,0,0
50518809,1094,562,532,1086,557,529,6,4,2,588,300,288,1043,542,501,849,379,470,13,3,10,232,180,52
50518810,139,66,73,138,65,73,1,1,0,68,30,38,136,66,70,118,56,62,0,0,0,21,10,11
50518811,47,26,21,47,26,21,0,0,0,29,18,11,44,24,20,47,26,21,0,0,0,0,0,0
50518812,108,49,59,107,48,59,1,1,0,18,8,10,94,44,50,50,21,29,52,25,27,6,3,3
50518813,1746,856,890,1735,852,883,11,4,7,1023,530,493,1685,826,859,1746,856,890,0,0,0,0,0,0
50518815,857,409,448,856,409,447,1,0,1,462,227,235,828,396,432,840,406,434,14,1,13,3,2,1
50518816,757,353,404,752,352,400,4,1,3,452,221,231,700,329,371,750,350,400,0,0,0,7,3,4
50518817,299,148,151,299,148,151,0,0,0,187,94,93,288,141,147,299,148,151,0,0,0,0,0,0
50518818,764,373,391,761,371,390,3,2,1,373,189,184,741,361,380,640,303,337,122,68,54,2,2,0
50518819,1095,539,556,1095,539,556,0,0,0,695,355,340,1066,522,544,1093,538,555,0,0,0,2,1,1
50518820,1540,746,794,1528,738,790,8,6,2,885,461,424,1468,704,764,1539,745,794,1,1,0,0,0,0
50518821,44,23,21,44,23,21,0,0,0,25,13,12,42,21,21,42,22,20,0,0,0,2,1,1
50518822,41,26,15,41,26,15,0,0,0,18,12,6,39,25,14,24,16,8,0,0,0,17,10,7
50518823,241,124,117,240,124,116,1,0,1,150,84,66,237,121,116,233,119,114,0,0,0,8,5,3
50521801,312,157,155,312,157,155,0,0,0,188,97,91,295,149,146,310,157,153,0,0,0,2,0,2
50521802,1265,646,619,1263,645,618,2,1,1,759,434,325,1205,616,589,1256,638,618,0,0,0,9,8,1
50526901,257,116,141,256,116,140,0,0,0,119,52,67,225,100,125,255,115,140,0,0,0,2,1,1
50526902,672,354,318,671,354,317,1,0,1,296,173,123,627,331,296,637,328,309,0,0,0,35,26,9
50526903,349,179,170,349,179,170,0,0,0,185,109,76,335,172,163,349,179,170,0,0,0,0,0,0
55208901,618,302,316,614,300,314,4,2,2,235,113,122,575,285,290,583,283,300,0,0,0,35,19,16
50529301,198,98,100,198,98,100,0,0,0,119,66,53,190,93,97,198,98,100,0,0,0,0,0,0
50529302,56,26,30,56,26,30,0,0,0,28,15,13,52,24,28,56,26,30,0,0,0,0,0,0
50529303,236,104,132,235,103,132,1,1,0,131,60,71,226,102,124,236,104,132,0,0,0,0,0,0
50529304,1101,534,567,1099,532,567,1,1,0,650,318,332,1065,515,550,1076,522,554,8,1,7,17,11,6
50529305,155,77,78,154,77,77,1,0,1,69,38,31,150,76,74,153,76,77,0,0,0,2,1,1
50536601,118,62,56,118,62,56,0,0,0,52,34,18,106,55,51,118,62,56,0,0,0,0,0,0
50536602,235,124,111,231,122,109,3,1,2,64,36,28,210,112,98,225,120,105,0,0,0,10,4,6
50536603,112,60,52,109,59,50,0,0,0,39,29,10,109,57,52,101,54,47,0,0,0,11,6,5
50536604,1061,522,539,1059,520,539,2,2,0,544,286,258,1012,500,512,1026,503,523,0,0,0,35,19,16
50536605,153,78,75,153,78,75,0,0,0,67,40,27,132,69,63,152,78,74,0,0,0,1,0,1
50536606,82,40,42,82,40,42,0,0,0,45,19,26,80,40,40,82,40,42,0,0,0,0,0,0
50550101,128,66,62,127,65,62,1,1,0,67,34,33,117,62,55,128,66,62,0,0,0,0,0,0
50550102,223,116,107,223,116,107,0,0,0,91,54,37,215,113,102,223,116,107,0,0,0,0,0,0
50550103,1053,539,514,1051,538,513,2,1,1,532,290,242,1009,517,492,1027,518,509,0,0,0,26,21,5
1745480,0,0,0,0,0,0,0,0,0,0,0,0,0,0,0,0,0,0,0,0,0,0,0,0
1746020,0,0,0,0,0,0,0,0,0,0,0,0,0,0,0,0,0,0,0,0,0,0,0,0
1746290,0,0,0,0,0,0,0,0,0,0,0,0,0,0,0,0,0,0,0,0,0,0,0,0
3405700,0,0,0,0,0,0,0,0,0,0,0,0,0,0,0,0,0,0,0,0,0,0,0,0
50558701,295,140,155,284,131,153,11,9,2,132,72,60,275,129,146,209,104,105,81,34,47,5,2,3
50558702,119,63,56,119,63,56,0,0,0,69,40,29,113,60,53,114,60,54,0,0,0,5,3,2
50558703,112,57,55,112,57,55,0,0,0,72,42,30,108,54,54,112,57,55,0,0,0,0,0,0
50558704,122,61,61,122,61,61,0,0,0,71,40,31,116,56,60,120,60,60,0,0,0,2,1,1
50558705,192,92,100,192,92,100,0,0,0,105,46,59,186,88,98,191,91,100,0,0,0,1,1,0
50558706,204,104,100,204,104,100,0,0,0,128,70,58,197,100,97,204,104,100,0,0,0,0,0,0
50558707,396,198,198,396,198,198,0,0,0,243,126,117,379,186,193,396,198,198,0,0,0,0,0,0
50558709,104,51,53,100,48,52,4,3,1,64,33,31,100,48,52,101,48,53,3,3,0,0,0,0
50558710,215,113,102,211,111,100,3,2,1,122,66,56,209,110,99,215,113,102,0,0,0,0,0,0
50558711,2763,1300,1463,2726,1273,1453,33,24,9,1423,723,700,2614,1225,1389,2743,1290,1453,20,10,10,0,0,0
50558712,1529,750,779,1517,741,776,11,8,3,791,400,391,1470,716,754,1520,745,775,6,4,2,3,1,2
50558713,434,214,220,431,213,218,1,0,1,249,125,124,417,207,210,404,198,206,4,3,1,26,13,13
50558714,36,17,19,36,17,19,0,0,0,26,13,13,34,16,18,36,17,19,0,0,0,0,0,0
50558715,1236,618,618,1231,614,617,5,4,1,671,348,323,1195,601,594,1201,599,602,30,17,13,5,2,3
50558716,448,216,232,446,214,232,2,2,0,281,137,144,425,207,218,448,216,232,0,0,0,0,0,0
50558717,1523,697,826,1510,686,824,10,8,2,751,361,390,1449,660,789,1522,696,826,0,0,0,1,1,0
50558718,1209,641,568,1189,627,562,17,12,5,703,381,322,1140,605,535,1007,496,511,6,3,3,196,142,54
50558719,27,14,13,25,12,13,2,2,0,12,5,7,26,13,13,20,9,11,5,3,2,2,2,0
55236401,451,233,218,450,232,218,1,1,0,187,110,77,428,218,210,444,226,218,0,0,0,7,7,0
50560901,3470,1737,1733,3364,1681,1683,99,51,48,1556,811,745,3244,1626,1618,3304,1649,1655,95,37,58,71,51,20
50565001,345,182,163,345,182,163,0,0,0,174,93,81,337,179,158,344,181,163,0,0,0,1,1,0
50565002,2341,1139,1202,2333,1134,1199,5,4,1,1060,524,536,2203,1065,1138,2277,1099,1178,5,4,1,59,36,23
50565003,349,178,171,341,173,168,7,4,3,135,72,63,312,157,155,349,178,171,0,0,0,0,0,0
50566801,1359,679,680,1354,675,679,5,4,1,649,342,307,1310,648,662,1336,661,675,1,1,0,22,17,5
55211901,375,184,191,375,184,191,0,0,0,188,98,90,356,174,182,371,182,189,0,0,0,4,2,2
55211902,415,212,203,415,212,203,0,0,0,223,121,102,402,206,196,404,204,200,0,0,0,11,8,3
55211903,570,292,278,568,291,277,2,1,1,288,153,135,546,281,265,568,291,277,0,0,0,2,1,1
56896101,418,220,198,418,220,198,0,0,0,225,138,87,401,211,190,411,214,197,2,1,1,5,5,0
55239901,219,102,117,219,102,117,0,0,0,112,61,51,212,99,113,218,102,116,0,0,0,1,0,1
50586201,422,216,206,421,216,205,1,0,1,204,111,93,405,204,201,412,210,202,0,0,0,10,6,4
50676101,261,121,140,259,120,139,0,0,0,103,44,59,248,113,135,236,106,130,0,0,0,25,15,10
58926801,1099,561,538,1080,543,537,19,18,1,443,259,184,1030,522,508,1096,558,538,0,0,0,3,3,0
58927601,39,20,19,39,20,19,0,0,0,18,7,11,33,16,17,0,0,0,0,0,0,39,20,19
58927602,292,157,135,292,157,135,0,0,0,138,75,63,280,148,132,273,145,128,0,0,0,19,12,7
58927603,171,82,89,171,82,89,0,0,0,90,47,43,169,81,88,159,77,82,0,0,0,12,5,7
58928401,292,144,148,292,144,148,0,0,0,135,72,63,276,137,139,290,142,148,0,0,0,2,2,0
58929201,448,196,252,446,195,251,2,1,1,169,81,88,403,183,220,389,182,207,47,7,40,12,7,5
58930601,99,45,54,98,44,54,0,0,0,60,28,32,96,42,54,99,45,54,0,0,0,0,0,0
58930602,27,17,10,27,17,10,0,0,0,3,2,1,25,16,9,24,15,9,3,2,1,0,0,0
58931401,125,64,61,124,63,61,0,0,0,53,32,21,110,55,55,120,61,59,0,0,0,5,3,2
58931402,575,280,295,575,280,295,0,0,0,283,151,132,547,266,281,569,277,292,0,0,0,6,3,3
58931403,80,41,39,80,41,39,0,0,0,41,24,17,76,38,38,80,41,39,0,0,0,0,0,0
58932202,1292,636,656,1287,632,655,5,4,1,587,319,268,1226,603,623,1245,609,636,23,8,15,24,19,5
58932203,126,60,66,126,60,66,0,0,0,54,28,26,120,58,62,126,60,66,0,0,0,0,0,0
58933101,184,100,84,184,100,84,0,0,0,87,55,32,175,96,79,184,100,84,0,0,0,0,0,0
58934901,303,169,134,303,169,134,0,0,0,156,96,60,294,163,131,293,163,130,0,0,0,10,6,4
58934902,65,33,32,65,33,32,0,0,0,30,14,16,57,28,29,63,32,31,0,0,0,2,1,1
58934903,42,19,23,42,19,23,0,0,0,14,5,9,38,17,21,42,19,23,0,0,0,0,0,0
58935701,285,139,146,284,139,145,0,0,0,157,85,72,268,128,140,285,139,146,0,0,0,0,0,0
58936501,481,248,233,481,248,233,0,0,0,242,131,111,455,238,217,476,243,233,0,0,0,5,5,0
58938101,1003,497,506,1001,496,505,1,1,0,489,262,227,955,480,475,971,483,488,19,2,17,13,12,1
58939001,489,254,235,484,251,233,5,3,2,227,130,97,466,241,225,483,251,232,0,0,0,6,3,3
58940301,1004,502,502,1004,502,502,0,0,0,426,221,205,951,475,476,982,487,495,5,2,3,17,13,4
58940302,121,62,59,118,61,57,3,1,2,41,19,22,114,58,56,121,62,59,0,0,0,0,0,0
58940303,162,75,87,161,75,86,1,0,1,70,31,39,159,73,86,158,73,85,0,0,0,4,2,2
58942001,535,262,273,532,261,271,2,1,1,238,124,114,506,249,257,529,258,271,0,0,0,6,4,2
58943801,330,176,154,330,176,154,0,0,0,132,71,61,312,167,145,328,174,154,0,0,0,2,2,0
58944601,782,392,390,772,388,384,8,4,4,390,204,186,718,361,357,756,374,382,0,0,0,26,18,8
58945401,386,196,190,382,194,188,3,2,1,156,86,70,363,184,179,373,187,186,0,0,0,13,9,4
58945402,114,55,59,114,55,59,0,0,0,58,30,28,111,52,59,114,55,59,0,0,0,0,0,0
58946201,487,252,235,485,251,234,2,1,1,257,131,126,467,243,224,480,246,234,2,1,1,5,5,0
55841901,26,14,12,25,14,11,0,0,0,6,4,2,20,11,9,25,13,12,0,0,0,1,1,0
55841902,1379,689,690,1369,681,688,9,7,2,536,272,264,1281,637,644,1351,672,679,1,1,0,27,16,11
58948901,454,227,227,451,226,225,3,1,2,212,109,103,429,217,212,448,221,227,0,0,0,6,6,0
58949701,219,108,111,218,107,111,1,1,0,109,61,48,210,104,106,219,108,111,0,0,0,0,0,0
54996701,111,57,54,111,57,54,0,0,0,46,29,17,105,54,51,110,57,53,0,0,0,1,0,1
58950102,320,164,156,319,163,156,0,0,0,161,78,83,301,153,148,300,149,151,0,0,0,20,15,5
58951901,667,342,325,663,339,324,4,3,1,447,248,199,632,324,308,660,335,325,0,0,0,7,7,0
58951902,88,43,45,86,43,43,2,0,2,54,28,26,83,41,42,88,43,45,0,0,0,0,0,0
58951903,87,44,43,87,44,43,0,0,0,55,33,22,84,43,41,87,44,43,0,0,0,0,0,0
58952701,221,110,111,219,108,111,2,2,0,82,42,40,191,95,96,214,103,111,0,0,0,7,7,0
58952702,171,80,91,168,79,89,2,1,1,65,36,29,160,76,84,171,80,91,0,0,0,0,0,0
58953501,206,114,92,204,114,90,1,0,1,95,57,38,196,109,87,201,111,90,0,0,0,5,3,2
58954301,691,347,344,685,343,342,5,3,2,326,162,164,657,327,330,680,338,342,0,0,0,11,9,2
58954302,90,48,42,90,48,42,0,0,0,34,25,9,88,47,41,90,48,42,0,0,0,0,0,0
54354301,236,122,114,234,121,113,1,1,0,117,66,51,224,114,110,232,119,113,0,0,0,4,3,1
58956001,388,210,178,387,209,178,1,1,0,207,120,87,379,206,173,383,205,178,0,0,0,5,5,0
58956002,99,47,52,99,47,52,0,0,0,42,23,19,89,43,46,99,47,52,0,0,0,0,0,0
58956003,20,9,11,20,9,11,0,0,0,13,5,8,20,9,11,20,9,11,0,0,0,0,0,0
58956004,113,61,52,113,61,52,0,0,0,67,39,28,112,61,51,113,61,52,0,0,0,0,0,0
58957801,427,221,206,425,220,205,2,1,1,228,130,98,404,209,195,415,209,206,0,0,0,12,12,0
58958601,311,163,148,310,162,148,0,0,0,120,77,43,280,148,132,243,132,111,67,30,37,1,1,0
58959402,336,163,173,336,163,173,0,0,0,169,97,72,317,153,164,333,161,172,0,0,0,3,2,1
58960801,814,394,420,813,394,419,0,0,0,407,202,205,785,377,408,801,384,417,0,0,0,13,10,3
58961601,280,153,127,280,153,127,0,0,0,135,82,53,258,142,116,274,150,124,0,0,0,6,3,3
58962401,90,49,41,90,49,41,0,0,0,55,34,21,81,44,37,90,49,41,0,0,0,0,0,0
58962402,165,87,78,165,87,78,0,0,0,79,46,33,157,83,74,151,78,73,0,0,0,14,9,5
58962404,110,58,52,110,58,52,0,0,0,54,31,23,100,55,45,104,55,49,0,0,0,6,3,3
58962405,40,22,18,40,22,18,0,0,0,26,15,11,38,21,17,40,22,18,0,0,0,0,0,0
58962406,1940,930,1010,1924,921,1003,15,8,7,1018,518,500,1862,895,967,1888,891,997,10,8,2,42,31,11
58962407,145,73,72,145,73,72,0,0,0,73,43,30,140,70,70,139,70,69,0,0,0,6,3,3
58962408,115,59,56,113,57,56,1,1,0,49,24,25,107,55,52,115,59,56,0,0,0,0,0,0
58963201,2838,1350,1488,2821,1347,1474,16,3,13,1324,653,671,2681,1273,1408,2744,1310,1434,53,16,37,41,24,17
58964101,154,85,69,154,85,69,0,0,0,86,47,39,148,81,67,153,84,69,0,0,0,1,1,0
58964102,103,55,48,103,55,48,0,0,0,50,29,21,100,52,48,103,55,48,0,0,0,0,0,0
58965901,278,141,137,275,139,136,3,2,1,133,70,63,263,132,131,278,141,137,0,0,0,0,0,0
58965902,1258,642,616,1242,628,614,16,14,2,511,285,226,1192,611,581,1237,625,612,3,1,2,18,16,2
58965903,28,15,13,27,14,13,1,1,0,5,1,4,22,11,11,28,15,13,0,0,0,0,0,0
58965904,93,43,50,92,43,49,0,0,0,30,19,11,92,43,49,93,43,50,0,0,0,0,0,0
58966701,545,274,271,545,274,271,0,0,0,261,139,122,525,262,263,540,269,271,0,0,0,5,5,0
58967501,75,41,34,75,41,34,0,0,0,33,19,14,72,39,33,75,41,34,0,0,0,0,0,0
58967502,101,50,51,101,50,51,0,0,0,48,26,22,94,46,48,99,49,50,0,0,0,2,1,1
58967503,89,40,49,89,40,49,0,0,0,42,20,22,87,38,49,85,38,47,0,0,0,4,2,2
58967504,282,139,143,281,138,143,0,0,0,176,91,85,274,133,141,270,134,136,0,0,0,12,5,7
58968301,353,179,174,351,177,174,2,2,0,149,82,67,336,172,164,343,173,170,0,0,0,10,6,4
58969101,197,104,93,191,102,89,6,2,4,105,53,52,186,99,87,197,104,93,0,0,0,0,0,0
58969102,368,188,180,368,188,180,0,0,0,232,130,102,354,180,174,367,187,180,0,0,0,1,1,0
58969103,82,43,39,82,43,39,0,0,0,41,22,19,80,41,39,81,42,39,0,0,0,1,1,0
58969104,23,12,11,23,12,11,0,0,0,6,4,2,19,10,9,4,3,1,0,0,0,19,9,10
58970501,49,21,28,49,21,28,0,0,0,29,13,16,47,20,27,49,21,28,0,0,0,0,0,0
58970502,175,79,96,175,79,96,0,0,0,75,41,34,160,76,84,138,70,68,34,6,28,3,3,0
58970503,68,40,28,68,40,28,0,0,0,37,27,10,67,39,28,68,40,28,0,0,0,0,0,0
58970504,67,35,32,67,35,32,0,0,0,41,25,16,63,33,30,67,35,32,0,0,0,0,0,0
58970505,134,63,71,134,63,71,0,0,0,68,36,32,129,61,68,130,62,68,0,0,0,4,1,3
58971301,367,185,182,363,183,180,3,2,1,199,100,99,334,167,167,359,180,179,0,0,0,8,5,3
58972101,494,264,230,489,262,227,3,1,2,217,124,93,465,251,214,483,257,226,0,0,0,11,7,4
58973001,842,421,421,840,420,420,1,0,1,348,187,161,792,393,399,794,397,397,34,12,22,14,12,2
58973002,570,290,280,569,290,279,0,0,0,230,122,108,547,281,266,567,288,279,0,0,0,3,2,1
58973003,129,61,68,129,61,68,0,0,0,25,13,12,115,54,61,51,23,28,4,2,2,74,36,38
58973004,30,13,17,30,13,17,0,0,0,6,4,2,22,11,11,10,3,7,0,0,0,20,10,10
58974801,103,52,51,103,52,51,0,0,0,51,27,24,103,52,51,100,50,50,0,0,0,3,2,1
58974802,167,89,78,167,89,78,0,0,0,85,53,32,161,87,74,141,73,68,0,0,0,26,16,10
58974803,355,179,176,354,178,176,1,1,0,180,97,83,321,160,161,333,167,166,0,0,0,22,12,10
58975601,1854,908,946,1848,904,944,4,3,1,924,481,443,1772,879,893,1807,884,923,14,5,9,33,19,14
58976401,1414,749,665,1410,745,665,3,3,0,611,319,292,1331,704,627,1293,634,659,110,105,5,11,10,1
58976402,65,39,26,65,39,26,0,0,0,23,17,6,61,36,25,65,39,26,0,0,0,0,0,0
58977201,326,158,168,326,158,168,0,0,0,172,96,76,310,148,162,326,158,168,0,0,0,0,0,0
58979901,270,134,136,269,133,136,1,1,0,143,74,69,256,126,130,265,131,134,0,0,0,5,3,2
58980201,28,15,13,28,15,13,0,0,0,7,5,2,28,15,13,0,0,0,0,0,0,28,15,13
58980202,414,209,205,413,209,204,0,0,0,174,89,85,394,198,196,409,205,204,0,0,0,5,4,1
58981101,184,93,91,183,92,91,1,1,0,118,72,46,183,92,91,184,93,91,0,0,0,0,0,0
58982901,171,80,91,171,80,91,0,0,0,84,34,50,166,79,87,171,80,91,0,0,0,0,0,0
58982902,1606,792,814,1603,789,814,2,2,0,741,367,374,1532,754,778,1584,778,806,0,0,0,22,14,8
58983701,322,172,150,319,171,148,2,1,1,178,103,75,308,164,144,318,168,150,0,0,0,4,4,0
58984502,945,468,477,943,468,475,2,0,2,496,258,238,906,447,459,902,437,465,0,0,0,43,31,12
58984503,340,167,173,340,167,173,0,0,0,173,90,83,328,160,168,340,167,173,0,0,0,0,0,0
58985301,258,135,123,258,135,123,0,0,0,123,68,55,248,129,119,252,132,120,0,0,0,6,3,3
55719601,194,101,93,194,101,93,0,0,0,98,50,48,168,86,82,191,98,93,0,0,0,3,3,0
55719602,64,28,36,64,28,36,0,0,0,18,6,12,63,27,36,64,28,36,0,0,0,0,0,0
58987001,733,368,365,732,367,365,1,1,0,399,218,181,688,346,342,721,360,361,0,0,0,12,8,4
58988801,695,347,348,692,344,348,3,3,0,421,236,185,668,332,336,690,344,346,0,0,0,5,3,2
58989601,1619,793,826,1615,789,826,4,4,0,715,365,350,1548,758,790,1563,756,807,21,12,9,35,25,10
58989602,301,131,170,300,131,169,0,0,0,150,69,81,276,120,156,242,119,123,54,10,44,5,2,3
58989603,143,80,63,143,80,63,0,0,0,73,45,28,134,75,59,143,80,63,0,0,0,0,0,0
58989604,194,98,96,192,96,96,2,2,0,83,41,42,179,89,90,190,95,95,0,0,0,4,3,1
54998301,138,69,69,138,69,69,0,0,0,74,43,31,136,68,68,134,66,68,0,0,0,4,3,1
1335400,0,0,0,0,0,0,0,0,0,0,0,0,0,0,0,0,0,0,0,0,0,0,0,0
3043790,0,0,0,0,0,0,0,0,0,0,0,0,0,0,0,0,0,0,0,0,0,0,0,0
3204120,0,0,0,0,0,0,0,0,0,0,0,0,0,0,0,0,0,0,0,0,0,0,0,0
3204390,0,0,0,0,0,0,0,0,0,0,0,0,0,0,0,0,0,0,0,0,0,0,0,0
3204550,0,0,0,0,0,0,0,0,0,0,0,0,0,0,0,0,0,0,0,0,0,0,0,0
3407070,0,0,0,0,0,0,0,0,0,0,0,0,0,0,0,0,0,0,0,0,0,0,0,0
58925002,1515,745,770,1510,743,767,4,2,2,1000,500,500,1473,718,755,1515,745,770,0,0,0,0,0,0
58925004,60,27,33,59,26,33,1,1,0,25,11,14,33,18,15,60,27,33,0,0,0,0,0,0
58925005,1098,525,573,1096,525,571,2,0,2,686,338,348,1073,513,560,1090,521,569,0,0,0,8,4,4
58925007,2318,1106,1212,2296,1094,1202,22,12,10,1370,673,697,2229,1061,1168,2309,1100,1209,5,5,0,4,1,3
58925010,376,176,200,369,174,195,4,2,2,181,87,94,284,130,154,371,173,198,5,3,2,0,0,0
58925011,143,74,69,143,74,69,0,0,0,85,50,35,140,71,69,143,74,69,0,0,0,0,0,0
58925012,3372,1647,1725,3300,1604,1696,68,40,28,2045,1024,1021,3176,1537,1639,3286,1597,1689,85,49,36,1,1,0
58925013,337,160,177,337,160,177,0,0,0,229,117,112,324,155,169,325,153,172,0,0,0,12,7,5
58925014,26,13,13,26,13,13,0,0,0,16,10,6,25,13,12,21,11,10,0,0,0,5,2,3
58925015,4860,2257,2603,4819,2231,2588,35,21,14,2858,1380,1478,4666,2155,2511,4859,2256,2603,0,0,0,1,1,0
58925017,69,41,28,63,36,27,5,5,0,34,18,16,64,37,27,55,29,26,11,9,2,3,3,0
58925018,2335,1035,1300,2318,1023,1295,14,12,2,1346,643,703,2224,984,1240,2331,1032,1299,3,2,1,1,1,0
58925019,3036,1388,1648,2992,1361,1631,32,20,12,1728,836,892,2874,1299,1575,3036,1388,1648,0,0,0,0,0,0
58925020,3927,1887,2040,3901,1872,2029,21,12,9,2279,1138,1141,3728,1783,1945,3820,1834,1986,106,52,54,1,1,0
58925022,349,137,212,349,137,212,0,0,0,200,80,120,331,129,202,324,130,194,25,7,18,0,0,0
58925024,4460,2156,2304,4438,2142,2296,21,13,8,2396,1240,1156,4296,2067,2229,4452,2148,2304,0,0,0,8,8,0
58925025,2140,1050,1090,2122,1040,1082,15,8,7,1291,665,626,2003,988,1015,2131,1044,1087,1,1,0,8,5,3
58925026,3916,1754,2162,3896,1742,2154,18,11,7,2183,1006,1177,3767,1677,2090,3911,1752,2159,2,1,1,3,1,2
58925027,2252,1230,1022,2236,1221,1015,9,4,5,1236,641,595,2118,1158,960,1659,796,863,0,0,0,593,434,159
58925029,106,60,46,103,57,46,3,3,0,49,25,24,96,52,44,87,45,42,19,15,4,0,0,0
58925030,30,17,13,21,9,12,9,8,1,7,3,4,20,11,9,24,13,11,0,0,0,6,4,2
58925031,2161,959,1202,2138,946,1192,19,10,9,1147,543,604,2018,895,1123,1987,921,1066,174,38,136,0,0,0
58925032,2166,1025,1141,2157,1018,1139,7,5,2,1281,625,656,2052,964,1088,2166,1025,1141,0,0,0,0,0,0
58925033,276,79,197,273,78,195,2,1,1,69,21,48,237,67,170,26,12,14,250,67,183,0,0,0
58925034,58,44,14,58,44,14,0,0,0,23,19,4,47,34,13,4,3,1,51,39,12,3,2,1
58925035,2280,1100,1180,2239,1078,1161,33,18,15,1342,687,655,2147,1035,1112,2238,1072,1166,40,27,13,2,1,1
58991801,306,163,143,306,163,143,0,0,0,141,79,62,286,150,136,283,149,134,0,0,0,23,14,9
58992601,1012,496,516,1011,495,516,1,1,0,649,342,307,970,479,491,1012,496,516,0,0,0,0,0,0
58993401,1073,551,522,1055,535,520,18,16,2,538,302,236,992,503,489,1028,520,508,17,15,2,28,16,12
58993402,128,65,63,128,65,63,0,0,0,69,37,32,119,60,59,128,65,63,0,0,0,0,0,0
58994201,34,18,16,34,18,16,0,0,0,17,11,6,34,18,16,34,18,16,0,0,0,0,0,0
58994202,714,374,340,703,363,340,11,11,0,388,208,180,674,346,328,690,352,338,0,0,0,24,22,2
58994203,101,55,46,101,55,46,0,0,0,57,35,22,96,52,44,18,10,8,0,0,0,83,45,38
58994204,197,102,95,196,102,94,0,0,0,93,53,40,189,99,90,197,102,95,0,0,0,0,0,0
58995101,194,86,108,193,85,108,1,1,0,91,44,47,177,78,99,183,80,103,0,0,0,11,6,5
58996901,94,48,46,94,48,46,0,0,0,50,27,23,92,47,45,91,46,45,0,0,0,3,2,1
58997701,104,52,52,104,52,52,0,0,0,65,40,25,99,50,49,96,47,49,0,0,0,8,5,3
58997702,534,280,254,530,279,251,3,0,3,291,169,122,520,272,248,522,273,249,0,0,0,12,7,5
50677001,508,253,255,507,253,254,1,0,1,235,129,106,475,233,242,500,246,254,0,0,0,8,7,1
58999301,263,131,132,263,131,132,0,0,0,129,65,64,245,123,122,258,127,131,0,0,0,5,4,1
59000201,305,157,148,304,157,147,0,0,0,154,79,75,292,148,144,292,148,144,0,0,0,13,9,4
59001101,577,293,284,577,293,284,0,0,0,251,138,113,547,277,270,547,277,270,0,0,0,30,16,14
59002901,1539,792,747,1536,789,747,3,3,0,723,395,328,1479,764,715,1516,772,744,0,0,0,23,20,3
59004501,83,49,34,83,49,34,0,0,0,46,33,13,78,46,32,82,48,34,0,0,0,1,1,0
59005301,176,77,99,176,77,99,0,0,0,87,36,51,172,74,98,176,77,99,0,0,0,0,0,0
59005302,366,188,178,366,188,178,0,0,0,196,113,83,354,180,174,359,182,177,0,0,0,7,6,1
3242720,0,0,0,0,0,0,0,0,0,0,0,0,0,0,0,0,0,0,0,0,0,0,0,0
59006101,158,81,77,158,81,77,0,0,0,70,36,34,151,76,75,148,77,71,0,0,0,10,4,6
59007002,117,57,60,117,57,60,0,0,0,58,29,29,104,52,52,109,54,55,0,0,0,8,3,5
59007003,100,45,55,100,45,55,0,0,0,50,22,28,98,45,53,99,45,54,0,0,0,1,0,1
59007004,43,25,18,43,25,18,0,0,0,22,14,8,43,25,18,43,25,18,0,0,0,0,0,0
59007005,157,78,79,157,78,79,0,0,0,62,32,30,155,77,78,139,66,73,3,2,1,15,10,5
59008801,176,99,77,175,99,76,1,0,1,105,61,44,174,98,76,169,94,75,0,0,0,7,5,2
59008802,53,29,24,53,29,24,0,0,0,38,24,14,49,29,20,53,29,24,0,0,0,0,0,0
59008803,308,166,142,308,166,142,0,0,0,183,107,76,300,161,139,307,165,142,0,0,0,1,1,0
59009601,64,32,32,64,32,32,0,0,0,24,14,10,53,27,26,63,31,32,0,0,0,1,1,0
59009602,180,90,90,178,89,89,2,1,1,77,42,35,167,84,83,170,84,86,0,0,0,10,6,4
59010001,434,225,209,430,223,207,4,2,2,237,131,106,409,215,194,429,221,208,0,0,0,5,4,1
59011801,272,130,142,270,128,142,2,2,0,133,64,69,257,125,132,266,126,140,0,0,0,6,4,2
59012601,1314,644,670,1310,642,668,3,1,2,618,323,295,1234,611,623,1299,631,668,1,0,1,14,13,1
59013401,608,347,261,604,343,261,2,2,0,187,102,85,553,325,228,413,209,204,182,130,52,13,8,5
59014201,532,262,270,530,261,269,0,0,0,234,122,112,505,248,257,529,260,269,0,0,0,3,2,1
54471001,113,52,61,112,52,60,1,0,1,41,15,26,107,49,58,113,52,61,0,0,0,0,0,0
59015101,178,85,93,178,85,93,0,0,0,92,45,47,164,79,85,176,83,93,0,0,0,2,2,0
59017701,327,169,158,325,167,158,1,1,0,147,89,58,314,162,152,315,164,151,0,0,0,12,5,7
59017702,246,123,123,241,119,122,5,4,1,106,59,47,234,115,119,246,123,123,0,0,0,0,0,0
59018501,571,285,286,569,284,285,2,1,1,281,152,129,542,271,271,552,276,276,0,0,0,19,9,10
59018502,322,153,169,321,152,169,1,1,0,156,72,84,306,144,162,321,152,169,0,0,0,1,1,0
59018503,821,409,412,818,408,410,1,0,1,398,209,189,767,383,384,794,392,402,7,3,4,20,14,6
59019301,117,50,67,116,49,67,1,1,0,57,25,32,116,49,67,115,48,67,0,0,0,2,2,0
59019302,466,231,235,466,231,235,0,0,0,230,116,114,432,214,218,459,226,233,0,0,0,7,5,2
59020701,540,263,277,539,262,277,1,1,0,242,124,118,508,248,260,534,258,276,0,0,0,6,5,1
59021501,503,249,254,499,246,253,4,3,1,208,103,105,458,225,233,495,244,251,0,0,0,8,5,3
59022301,30,20,10,30,20,10,0,0,0,9,6,3,30,20,10,0,0,0,1,1,0,29,19,10
59022302,330,162,168,330,162,168,0,0,0,134,60,74,321,160,161,325,158,167,3,2,1,2,2,0
59024001,551,280,271,545,277,268,6,3,3,273,153,120,514,265,249,536,273,263,0,0,0,15,7,8
51223101,1232,642,590,1220,632,588,11,9,2,595,336,259,1149,590,559,1202,621,581,9,3,6,21,18,3
51223102,259,131,128,258,131,127,1,0,1,144,75,69,251,126,125,258,131,127,0,0,0,1,0,1
51223103,107,52,55,107,52,55,0,0,0,55,31,24,100,50,50,105,51,54,0,0,0,2,1,1
51223104,150,74,76,148,73,75,2,1,1,85,48,37,146,73,73,150,74,76,0,0,0,0,0,0
51228101,548,275,273,548,275,273,0,0,0,283,152,131,532,269,263,526,262,264,2,2,0,20,11,9
51228102,81,43,38,81,43,38,0,0,0,31,21,10,76,40,36,79,42,37,0,0,0,2,1,1
51240101,169,82,87,169,82,87,0,0,0,93,51,42,166,80,86,166,79,87,0,0,0,3,3,0
56917801,307,146,161,306,146,160,1,0,1,156,83,73,293,143,150,306,145,161,0,0,0,1,1,0
51253202,927,461,466,921,456,465,6,5,1,460,249,211,888,440,448,899,441,458,11,7,4,17,13,4
51280001,1626,795,831,1616,787,829,10,8,2,727,376,351,1571,764,807,1602,777,825,3,3,0,21,15,6
51280002,186,92,94,186,92,94,0,0,0,90,45,45,172,85,87,186,92,94,0,0,0,0,0,0
51282601,364,201,163,364,201,163,0,0,0,141,90,51,345,190,155,351,194,157,0,0,0,13,7,6
51287701,368,185,183,367,184,183,0,0,0,203,113,90,363,183,180,363,183,180,0,0,0,5,2,3
56913501,290,145,145,290,145,145,0,0,0,151,81,70,284,141,143,287,142,145,0,0,0,3,3,0
51298201,500,249,251,498,249,249,2,0,2,225,123,102,472,238,234,480,234,246,2,1,1,18,14,4
55277101,286,142,144,285,141,144,1,1,0,127,73,54,276,137,139,274,134,140,0,0,0,12,8,4
51305901,130,64,66,130,64,66,0,0,0,49,27,22,123,58,65,128,63,65,0,0,0,2,1,1
51306701,488,245,243,484,242,242,4,3,1,248,139,109,461,232,229,474,235,239,0,0,0,14,10,4
51306703,220,108,112,220,108,112,0,0,0,131,71,60,211,104,107,220,108,112,0,0,0,0,0,0
51310501,214,108,106,210,106,104,4,2,2,94,49,45,206,103,103,207,102,105,0,0,0,7,6,1
56925901,246,121,125,245,120,125,1,1,0,135,73,62,236,118,118,243,119,124,0,0,0,3,2,1
55298401,70,25,45,70,25,45,0,0,0,29,10,19,63,22,41,70,25,45,0,0,0,0,0,0
51319901,524,268,256,523,268,255,1,0,1,265,138,127,508,260,248,497,251,246,0,0,0,27,17,10
51319902,337,176,161,337,176,161,0,0,0,173,97,76,327,171,156,336,176,160,0,0,0,1,0,1
51319903,291,145,146,291,145,146,0,0,0,149,77,72,280,142,138,290,144,146,0,0,0,1,1,0
51321101,502,254,248,500,252,248,2,2,0,194,112,82,480,240,240,485,243,242,2,2,0,15,9,6
51322901,1451,756,695,1443,750,693,7,6,1,728,365,363,1382,722,660,1328,647,681,103,94,9,20,15,5
56919401,145,69,76,145,69,76,0,0,0,64,32,32,141,68,73,145,69,76,0,0,0,0,0,0
56926701,225,108,117,223,107,116,2,1,1,114,57,57,218,105,113,225,108,117,0,0,0,0,0,0
51349101,1623,810,813,1619,808,811,3,2,1,741,388,353,1573,785,788,1597,790,807,0,0,0,26,20,6
56927501,216,116,100,215,115,100,1,1,0,125,78,47,207,110,97,213,113,100,0,0,0,3,3,0
55296801,139,69,70,139,69,70,0,0,0,85,45,40,133,66,67,139,69,70,0,0,0,0,0,0
56954201,403,206,197,403,206,197,0,0,0,241,137,104,387,197,190,398,202,196,0,0,0,5,4,1
51363601,295,149,146,294,148,146,1,1,0,136,77,59,271,137,134,287,144,143,0,0,0,8,5,3
51373301,296,144,152,296,144,152,0,0,0,149,80,69,283,139,144,295,143,152,0,0,0,1,1,0
0477910,0,0,0,0,0,0,0,0,0,0,0,0,0,0,0,0,0,0,0,0,0,0,0,0
0478300,0,0,0,0,0,0,0,0,0,0,0,0,0,0,0,0,0,0,0,0,0,0,0,0
3055610,0,0,0,0,0,0,0,0,0,0,0,0,0,0,0,0,0,0,0,0,0,0,0,0
3408550,0,0,0,0,0,0,0,0,0,0,0,0,0,0,0,0,0,0,0,0,0,0,0,0
51375001,1780,875,905,1755,854,901,17,15,2,897,469,428,1681,822,859,1780,875,905,0,0,0,0,0,0
51375002,21,14,7,21,14,7,0,0,0,12,9,3,21,14,7,21,14,7,0,0,0,0,0,0
51375003,850,408,442,842,402,440,7,5,2,491,257,234,829,399,430,850,408,442,0,0,0,0,0,0
51375004,785,357,428,782,354,428,2,2,0,437,232,205,732,332,400,551,277,274,214,67,147,20,13,7
51375005,41,30,11,20,14,6,21,16,5,9,7,2,38,30,8,29,18,11,12,12,0,0,0,0
51375008,26,14,12,26,14,12,0,0,0,21,13,8,26,14,12,26,14,12,0,0,0,0,0,0
51375009,1227,576,651,1214,566,648,9,7,2,668,329,339,1157,550,607,1225,575,650,0,0,0,2,1,1
51375010,54,29,25,54,29,25,0,0,0,29,18,11,53,28,25,44,23,21,0,0,0,10,6,4
51375012,474,227,247,470,225,245,3,1,2,280,133,147,440,212,228,474,227,247,0,0,0,0,0,0
51375013,1421,659,762,1414,653,761,7,6,1,712,364,348,1356,624,732,1388,642,746,33,17,16,0,0,0
51375014,1263,608,655,1246,597,649,8,5,3,655,340,315,1187,567,620,1263,608,655,0,0,0,0,0,0
51375015,788,378,410,775,368,407,9,7,2,439,226,213,750,359,391,742,355,387,44,21,23,2,2,0
51375016,1867,879,988,1832,858,974,25,16,9,873,428,445,1795,844,951,1849,868,981,18,11,7,0,0,0
51375017,593,294,299,588,292,296,4,2,2,337,187,150,571,286,285,573,281,292,6,4,2,14,9,5
51375018,2465,1157,1308,2442,1145,1297,15,7,8,1267,633,634,2355,1103,1252,2465,1157,1308,0,0,0,0,0,0
51375019,991,559,432,972,551,421,13,7,6,508,282,226,943,533,410,666,323,343,20,14,6,305,222,83
51375020,73,36,37,73,36,37,0,0,0,34,18,16,72,35,37,73,36,37,0,0,0,0,0,0
51375021,25,12,13,23,11,12,2,1,1,14,7,7,19,10,9,0,0,0,25,12,13,0,0,0
51375022,92,55,37,91,54,37,1,1,0,53,29,24,82,47,35,6,4,2,86,51,35,0,0,0
51375024,1514,767,747,1507,763,744,6,3,3,883,475,408,1460,739,721,1464,740,724,20,11,9,30,16,14
51375025,25,16,9,23,15,8,2,1,1,9,6,3,24,16,8,21,14,7,0,0,0,4,2,2
51375026,254,118,136,254,118,136,0,0,0,144,72,72,241,110,131,236,113,123,18,5,13,0,0,0
51375027,44,25,19,44,25,19,0,0,0,22,15,7,44,25,19,25,14,11,0,0,0,19,11,8
51375028,71,32,39,71,32,39,0,0,0,36,18,18,66,32,34,66,30,36,0,0,0,5,2,3
51375029,56,31,25,56,31,25,0,0,0,31,20,11,55,30,25,56,31,25,0,0,0,0,0,0
51375030,135,68,67,135,68,67,0,0,0,81,46,35,131,67,64,131,66,65,0,0,0,4,2,2
51375031,91,44,47,91,44,47,0,0,0,63,37,26,89,42,47,91,44,47,0,0,0,0,0,0
51375032,443,220,223,443,220,223,0,0,0,292,156,136,433,216,217,443,220,223,0,0,0,0,0,0
51376801,1227,594,633,1212,585,627,15,9,6,716,361,355,1179,570,609,1186,576,610,31,10,21,10,8,2
51376802,225,108,117,221,106,115,3,1,2,140,73,67,219,107,112,225,108,117,0,0,0,0,0,0
51376803,58,33,25,58,33,25,0,0,0,27,17,10,54,31,23,53,29,24,4,3,1,1,1,0
51376804,185,100,85,185,100,85,0,0,0,121,79,42,180,97,83,185,100,85,0,0,0,0,0,0
55699801,86,44,42,85,43,42,1,1,0,42,25,17,80,40,40,86,44,42,0,0,0,0,0,0
55699802,565,283,282,564,282,282,1,1,0,327,181,146,550,277,273,562,280,282,0,0,0,3,3,0
51387301,458,225,233,456,224,232,1,1,0,272,147,125,427,205,222,456,224,232,0,0,0,2,1,1
56928301,135,58,77,135,58,77,0,0,0,61,32,29,125,54,71,128,57,71,0,0,0,7,1,6
51404701,242,118,124,242,118,124,0,0,0,118,72,46,230,111,119,239,117,122,0,0,0,3,1,2
51405501,5378,2650,2728,5337,2627,2710,32,21,11,2999,1565,1434,5143,2537,2606,5163,2529,2634,88,29,59,127,92,35
51405502,147,80,67,147,80,67,0,0,0,64,36,28,138,73,65,146,79,67,0,0,0,1,1,0
51405503,166,78,88,166,78,88,0,0,0,101,52,49,154,72,82,166,78,88,0,0,0,0,0,0
51415201,1114,530,584,1112,529,583,2,1,1,455,244,211,1063,503,560,964,471,493,95,19,76,55,40,15
56914301,421,213,208,420,213,207,1,0,1,207,115,92,402,204,198,418,211,207,0,0,0,3,2,1
55278001,412,201,211,410,201,209,2,0,2,232,131,101,396,193,203,406,197,209,0,0,0,6,4,2
51444601,153,71,82,153,71,82,0,0,0,84,41,43,146,69,77,147,65,82,0,0,0,6,6,0
51444602,32,21,11,32,21,11,0,0,0,9,7,2,32,21,11,28,17,11,0,0,0,4,4,0
51447102,530,276,254,530,276,254,0,0,0,225,132,93,506,263,243,484,247,237,0,0,0,46,29,17
51449701,298,142,156,298,142,156,0,0,0,156,81,75,284,136,148,297,141,156,0,0,0,1,1,0
51452701,75,42,33,75,42,33,0,0,0,21,17,4,68,36,32,43,21,22,0,0,0,32,21,11
3409280,0,0,0,0,0,0,0,0,0,0,0,0,0,0,0,0,0,0,0,0,0,0,0,0
51470501,50,26,24,50,26,24,0,0,0,24,14,10,47,24,23,29,16,13,0,0,0,21,10,11
51470502,2407,1136,1271,2390,1128,1262,14,7,7,1192,588,604,2286,1072,1214,2392,1125,1267,14,10,4,1,1,0
51470503,53,33,20,53,33,20,0,0,0,29,20,9,52,32,20,52,32,20,0,0,0,1,1,0
51470504,49,27,22,49,27,22,0,0,0,28,17,11,49,27,22,49,27,22,0,0,0,0,0,0
51470505,911,424,487,895,417,478,14,7,7,506,242,264,868,406,462,896,419,477,14,4,10,1,1,0
51470506,42,23,19,41,23,18,1,0,1,29,16,13,40,22,18,40,21,19,0,0,0,2,2,0
51470507,1740,844,896,1733,838,895,7,6,1,917,476,441,1649,805,844,1731,841,890,1,0,1,8,3,5
51470508,61,33,28,61,33,28,0,0,0,12,7,5,27,15,12,5,3,2,54,28,26,2,2,0
51470510,1265,662,603,1255,657,598,9,5,4,673,351,322,1202,619,583,1124,566,558,0,0,0,141,96,45
51470511,29,17,12,29,17,12,0,0,0,15,9,6,28,17,11,16,9,7,0,0,0,13,8,5
51470512,460,242,218,458,241,217,2,1,1,292,169,123,436,230,206,460,242,218,0,0,0,0,0,0
51470513,220,109,111,220,109,111,0,0,0,116,59,57,216,107,109,210,104,106,0,0,0,10,5,5
51470514,308,151,157,308,151,157,0,0,0,181,99,82,297,145,152,289,144,145,0,0,0,19,7,12
51470515,115,52,63,115,52,63,0,0,0,51,29,22,113,51,62,115,52,63,0,0,0,0,0,0
51477201,261,129,132,261,129,132,0,0,0,123,66,57,244,118,126,251,122,129,0,0,0,10,7,3
51480201,244,127,117,244,127,117,0,0,0,120,72,48,239,126,113,238,124,114,0,0,0,6,3,3
51519101,612,327,285,608,324,284,3,2,1,312,175,137,584,312,272,598,316,282,0,0,0,14,11,3
51519102,39,15,24,39,15,24,0,0,0,21,6,15,34,15,19,37,14,23,1,0,1,1,1,0
51519103,37,17,20,37,17,20,0,0,0,23,11,12,36,17,19,35,17,18,2,0,2,0,0,0
50015101,105,57,48,103,56,47,2,1,1,41,23,18,98,53,45,105,57,48,0,0,0,0,0,0
51532901,352,186,166,347,182,165,5,4,1,202,107,95,340,178,162,350,184,166,0,0,0,2,2,0
55290901,657,327,330,649,324,325,7,3,4,332,185,147,637,315,322,641,319,322,0,0,0,16,8,8
51541801,413,194,219,413,194,219,0,0,0,187,97,90,395,188,207,409,191,218,0,0,0,4,3,1
51547702,282,153,129,271,143,128,11,10,1,134,76,58,267,146,121,265,144,121,0,0,0,17,9,8
55281001,151,74,77,150,73,77,1,1,0,77,39,38,142,73,69,149,73,76,0,0,0,2,1,1
51578701,198,90,108,198,90,108,0,0,0,95,41,54,191,86,105,197,90,107,0,0,0,1,0,1
51582501,113,56,57,113,56,57,0,0,0,53,32,21,105,52,53,112,56,56,0,0,0,1,0,1
55284401,33,18,15,33,18,15,0,0,0,16,8,8,33,18,15,31,16,15,0,0,0,2,2,0
55284402,472,236,236,472,236,236,0,0,0,238,131,107,452,225,227,464,228,236,0,0,0,8,8,0
51620101,774,397,377,774,397,377,0,0,0,409,245,164,742,383,359,758,386,372,0,0,0,16,11,5
55300001,298,155,143,298,155,143,0,0,0,138,83,55,281,142,139,287,147,140,0,0,0,11,8,3
51635001,85,42,43,85,42,43,0,0,0,46,32,14,83,41,42,85,42,43,0,0,0,0,0,0
51661901,1250,618,632,1249,618,631,1,0,1,610,324,286,1192,593,599,1204,590,614,3,3,0,43,25,18
51663501,394,200,194,394,200,194,0,0,0,211,112,99,379,192,187,392,199,193,0,0,0,2,1,1
51668601,480,247,233,480,247,233,0,0,0,321,188,133,461,233,228,478,246,232,0,0,0,2,1,1
51669401,621,306,315,613,301,312,8,5,3,266,157,109,600,296,304,538,278,260,62,16,46,21,12,9
51669402,90,46,44,90,46,44,0,0,0,39,22,17,90,46,44,90,46,44,0,0,0,0,0,0
51686401,189,89,100,187,88,99,2,1,1,81,37,44,177,83,94,185,87,98,0,0,0,4,2,2
51689901,485,240,245,483,238,245,2,2,0,242,128,114,460,227,233,479,236,243,0,0,0,6,4,2
51691101,274,139,135,272,137,135,2,2,0,119,63,56,260,133,127,250,126,124,3,3,0,21,10,11
51710101,96,47,49,95,47,48,0,0,0,40,21,19,92,45,47,92,46,46,0,0,0,4,1,3
51710102,105,58,47,105,58,47,0,0,0,51,29,22,103,57,46,104,57,47,0,0,0,1,1,0
51710103,153,75,78,153,75,78,0,0,0,100,48,52,144,70,74,143,70,73,0,0,0,10,5,5
51710104,93,47,46,93,47,46,0,0,0,31,17,14,88,44,44,88,44,44,0,0,0,5,3,2
51710105,617,322,295,616,321,295,1,1,0,344,182,162,591,310,281,577,291,286,1,1,0,39,30,9
51710106,67,34,33,67,34,33,0,0,0,39,19,20,66,33,33,59,30,29,0,0,0,8,4,4
51715101,375,179,196,372,177,195,3,2,1,170,83,87,360,173,187,372,178,194,0,0,0,3,1,2
51715102,319,163,156,318,162,156,1,1,0,146,73,73,295,153,142,310,157,153,0,0,0,9,6,3
51715103,58,27,31,58,27,31,0,0,0,7,4,3,46,21,25,57,27,30,1,0,1,0,0,0
51720801,150,81,69,149,80,69,1,1,0,68,39,29,140,76,64,145,76,69,0,0,0,5,5,0
1349370,0,0,0,0,0,0,0,0,0,0,0,0,0,0,0,0,0,0,0,0,0,0,0,0
1349960,0,0,0,0,0,0,0,0,0,0,0,0,0,0,0,0,0,0,0,0,0,0,0,0
3055960,0,0,0,0,0,0,0,0,0,0,0,0,0,0,0,0,0,0,0,0,0,0,0,0
3408980,0,0,0,0,0,0,0,0,0,0,0,0,0,0,0,0,0,0,0,0,0,0,0,0
51138201,589,300,289,588,300,288,1,0,1,376,202,174,574,292,282,588,300,288,0,0,0,1,0,1
51138202,481,237,244,480,236,244,1,1,0,323,165,158,470,230,240,476,234,242,0,0,0,5,3,2
51138205,29,14,15,29,14,15,0,0,0,16,8,8,29,14,15,15,7,8,0,0,0,14,7,7
51138206,2276,1094,1182,2263,1085,1178,13,9,4,1360,694,666,2191,1051,1140,2271,1089,1182,5,5,0,0,0,0
51138207,1402,669,733,1392,662,730,10,7,3,830,416,414,1361,644,717,1364,663,701,37,5,32,1,1,0
51138209,285,142,143,284,141,143,1,1,0,211,110,101,279,140,139,285,142,143,0,0,0,0,0,0
51138210,872,407,465,866,404,462,4,3,1,529,257,272,824,386,438,784,370,414,86,35,51,2,2,0
51138211,4660,2179,2481,4626,2156,2470,31,21,10,2671,1302,1369,4479,2078,2401,4642,2175,2467,17,3,14,1,1,0
51138213,1383,666,717,1360,655,705,20,9,11,844,421,423,1326,634,692,1371,655,716,0,0,0,12,11,1
51138214,337,191,146,328,184,144,8,6,2,205,112,93,319,181,138,309,173,136,22,13,9,6,5,1
51138216,2779,1330,1449,2759,1313,1446,18,15,3,1575,774,801,2668,1281,1387,2693,1276,1417,0,0,0,86,54,32
51138217,2322,1100,1222,2277,1071,1206,43,27,16,1338,659,679,2142,1010,1132,2300,1087,1213,15,8,7,7,5,2
51138218,2231,1067,1164,2217,1059,1158,11,6,5,1279,652,627,2126,1012,1114,2224,1064,1160,7,3,4,0,0,0
51138219,1242,596,646,1236,591,645,6,5,1,780,383,397,1192,571,621,1239,593,646,0,0,0,3,3,0
51138220,53,28,25,51,27,24,2,1,1,19,9,10,47,24,23,25,9,16,11,9,2,17,10,7
51138221,3972,1859,2113,3941,1840,2101,29,17,12,2312,1140,1172,3829,1782,2047,3897,1841,2056,75,18,57,0,0,0
51138222,2713,1502,1211,2687,1483,1204,22,15,7,1462,814,648,2600,1444,1156,1904,910,994,11,10,1,798,582,216
51138223,229,83,146,229,83,146,0,0,0,102,38,64,225,81,144,165,70,95,64,13,51,0,0,0
51138225,1491,707,784,1485,703,782,5,4,1,850,443,407,1418,671,747,1488,705,783,1,1,0,2,1,1
51138227,1912,890,1022,1896,882,1014,14,7,7,1045,513,532,1814,842,972,1903,883,1020,8,6,2,1,1,0
51138228,2348,1119,1229,2328,1104,1224,18,14,4,1353,697,656,2276,1082,1194,2318,1106,1212,28,12,16,2,1,1
51138229,108,54,54,106,52,54,2,2,0,86,43,43,103,52,51,108,54,54,0,0,0,0,0,0
51138230,2771,1282,1489,2754,1273,1481,14,8,6,1541,769,772,2662,1224,1438,2747,1265,1482,19,13,6,5,4,1
51138232,38,17,21,32,11,21,6,6,0,20,7,13,36,16,20,20,7,13,5,5,0,13,5,8
51138233,66,36,30,65,36,29,0,0,0,45,24,21,64,34,30,66,36,30,0,0,0,0,0,0
51138234,55,26,29,55,26,29,0,0,0,47,23,24,54,25,29,50,24,26,0,0,0,5,2,3
51138235,649,319,330,646,318,328,1,0,1,454,230,224,633,313,320,630,312,318,0,0,0,19,7,12
51138236,349,176,173,349,176,173,0,0,0,234,128,106,343,173,170,347,175,172,0,0,0,2,1,1
51138237,436,228,208,434,226,208,2,2,0,282,161,121,427,224,203,433,226,207,0,0,0,3,2,1
51138238,77,34,43,77,34,43,0,0,0,38,18,20,72,32,40,77,34,43,0,0,0,0,0,0
51138239,868,431,437,866,430,436,1,1,0,612,305,307,832,410,422,843,417,426,0,0,0,25,14,11
51138241,187,95,92,187,95,92,0,0,0,129,66,63,180,94,86,187,95,92,0,0,0,0,0,0
51138242,242,121,121,242,121,121,0,0,0,164,94,70,235,117,118,242,121,121,0,0,0,0,0,0
51138243,39,19,20,39,19,20,0,0,0,22,10,12,36,18,18,39,19,20,0,0,0,0,0,0
51138244,672,319,353,671,319,352,1,0,1,450,211,239,664,315,349,665,315,350,0,0,0,7,4,3
51138245,44,22,22,44,22,22,0,0,0,30,15,15,44,22,22,44,22,22,0,0,0,0,0,0
51138246,518,281,237,507,271,236,10,9,1,358,193,165,503,273,230,499,273,226,0,0,0,19,8,11
51138247,152,82,70,152,82,70,0,0,0,103,55,48,148,79,69,143,77,66,0,0,0,9,5,4
51138249,142,74,68,142,74,68,0,0,0,70,45,25,127,66,61,135,70,65,0,0,0,7,4,3
51722401,255,136,119,255,136,119,0,0,0,111,63,48,242,126,116,249,132,117,1,1,0,5,3,2
51727501,158,81,77,158,81,77,0,0,0,79,40,39,155,80,75,143,73,70,0,0,0,15,8,7
51732101,281,97,184,281,97,184,0,0,0,42,22,20,207,74,133,85,40,45,196,57,139,0,0,0
51743701,141,76,65,141,76,65,0,0,0,84,54,30,136,74,62,141,76,65,0,0,0,0,0,0
51744501,171,86,85,170,85,85,1,1,0,89,51,38,163,81,82,170,85,85,0,0,0,1,1,0
51753401,1081,544,537,1079,543,536,2,1,1,566,314,252,1041,526,515,1062,530,532,4,2,2,15,12,3
51756901,262,131,131,261,130,131,1,1,0,129,69,60,244,120,124,246,125,121,0,0,0,16,6,10
51758501,381,195,186,381,195,186,0,0,0,189,114,75,370,189,181,372,189,183,0,0,0,9,6,3
51760701,1529,715,814,1527,714,813,0,0,0,709,375,334,1456,679,777,1377,687,690,136,15,121,16,13,3
51761501,263,127,136,263,127,136,0,0,0,139,77,62,250,123,127,261,127,134,2,0,2,0,0,0
51766601,436,216,220,429,212,217,6,4,2,203,109,94,406,202,204,425,208,217,0,0,0,11,8,3
51774701,634,283,351,634,283,351,0,0,0,229,137,92,596,268,328,550,277,273,76,3,73,8,3,5
51784401,572,298,274,570,296,274,2,2,0,289,161,128,542,283,259,569,296,273,0,0,0,3,2,1
51783601,155,79,76,155,79,76,0,0,0,74,44,30,147,76,71,153,77,76,0,0,0,2,2,0
51788701,584,290,294,583,290,293,1,0,1,289,153,136,562,277,285,562,276,286,10,7,3,12,7,5
55288701,236,115,121,230,113,117,6,2,4,93,50,43,219,108,111,228,109,119,0,0,0,8,6,2
51790901,814,392,422,814,392,422,0,0,0,481,254,227,772,371,401,795,384,411,0,0,0,19,8,11
51802601,290,137,153,288,135,153,2,2,0,159,83,76,281,132,149,277,129,148,0,0,0,13,8,5
55295001,207,101,106,207,101,106,0,0,0,90,52,38,196,97,99,188,93,95,0,0,0,19,8,11
57006101,275,135,140,275,135,140,0,0,0,167,91,76,263,129,134,271,133,138,0,0,0,4,2,2
51903101,412,204,208,409,202,207,3,2,1,125,66,59,383,188,195,400,197,203,0,0,0,12,7,5
51914601,116,59,57,115,59,56,1,0,1,54,28,26,104,52,52,115,58,57,0,0,0,1,1,0
51914602,2305,1114,1191,2297,1109,1188,7,4,3,1217,632,585,2168,1045,1123,2118,1045,1073,141,36,105,46,33,13
51965101,1935,957,978,1909,943,966,26,14,12,1170,608,562,1834,905,929,1902,934,968,15,8,7,18,15,3
52004701,424,199,225,424,199,225,0,0,0,229,115,114,411,194,217,420,198,222,0,0,0,4,1,3
55283601,208,109,99,208,109,99,0,0,0,78,48,30,193,103,90,204,105,99,0,0,0,4,4,0
57007901,751,383,368,749,381,368,2,2,0,351,187,164,722,370,352,732,371,361,0,0,0,19,12,7
55287901,508,265,243,506,264,242,2,1,1,275,158,117,475,252,223,501,260,241,0,0,0,7,5,2
52030601,526,274,252,525,273,252,1,1,0,318,188,130,512,268,244,525,273,252,0,0,0,1,1,0
52042001,148,73,75,148,73,75,0,0,0,82,44,38,141,70,71,148,73,75,0,0,0,0,0,0
52042002,690,357,333,687,356,331,2,1,1,335,176,159,653,334,319,612,306,306,23,23,0,55,28,27
52042003,22,11,11,22,11,11,0,0,0,7,5,2,22,11,11,20,9,11,0,0,0,2,2,0
55275501,202,104,98,202,104,98,0,0,0,108,58,50,191,99,92,201,103,98,0,0,0,1,1,0
54743301,125,61,64,125,61,64,0,0,0,70,40,30,124,61,63,125,61,64,0,0,0,0,0,0
54743302,518,271,247,517,270,247,1,1,0,291,156,135,504,265,239,514,268,246,0,0,0,4,3,1
52153101,827,408,419,825,407,418,2,1,1,420,219,201,788,390,398,818,401,417,0,0,0,9,7,2
54745001,264,131,133,264,131,133,0,0,0,119,60,59,255,127,128,255,128,127,0,0,0,9,3,6
54751401,170,79,91,170,79,91,0,0,0,60,31,29,159,75,84,156,70,86,0,0,0,14,9,5
52277502,230,116,114,226,115,111,4,1,3,128,74,54,222,113,109,220,112,108,1,0,1,9,4,5
52345301,239,123,116,238,122,116,1,1,0,127,72,55,226,116,110,239,123,116,0,0,0,0,0,0
52364001,522,261,261,521,260,261,1,1,0,231,129,102,500,252,248,519,259,260,0,0,0,3,2,1
52558801,2923,1449,1474,2917,1443,1474,4,4,0,1597,846,751,2797,1383,1414,2856,1402,1454,15,5,10,52,42,10
52558802,23,12,11,23,12,11,0,0,0,8,4,4,23,12,11,23,12,11,0,0,0,0,0,0
52580401,663,332,331,663,332,331,0,0,0,369,190,179,634,316,318,653,326,327,0,0,0,10,6,4
52580402,28,17,11,28,17,11,0,0,0,8,6,2,24,14,10,28,17,11,0,0,0,0,0,0
52580403,136,73,63,135,72,63,1,1,0,72,44,28,132,71,61,132,72,60,0,0,0,4,1,3
52580404,102,53,49,102,53,49,0,0,0,48,28,20,98,52,46,99,52,47,0,0,0,3,1,2
52580405,293,148,145,293,148,145,0,0,0,161,83,78,280,143,137,291,147,144,0,0,0,2,1,1
52588001,491,248,243,490,248,242,0,0,0,271,152,119,471,238,233,489,246,243,0,0,0,2,2,0
52597901,709,349,360,709,349,360,0,0,0,356,190,166,688,338,350,700,342,358,0,0,0,9,7,2
52616901,272,140,132,266,136,130,5,3,2,116,66,50,259,134,125,262,134,128,1,0,1,9,6,3
56943701,604,306,298,604,306,298,0,0,0,277,153,124,572,293,279,594,297,297,0,0,0,10,9,1
56943702,25,14,11,25,14,11,0,0,0,14,9,5,23,12,11,16,10,6,0,0,0,9,4,5
53072701,167,85,82,167,85,82,0,0,0,93,50,43,154,77,77,167,85,82,0,0,0,0,0,0
53072702,182,93,89,182,93,89,0,0,0,100,56,44,175,88,87,181,92,89,0,0,0,1,1,0
53072703,212,108,104,212,108,104,0,0,0,91,52,39,203,106,97,196,97,99,0,0,0,16,11,5
53072704,80,46,34,80,46,34,0,0,0,38,26,12,75,42,33,75,43,32,0,0,0,5,3,2
53289401,25,14,11,25,14,11,0,0,0,11,7,4,25,14,11,10,5,5,0,0,0,15,9,6
53289402,335,178,157,335,178,157,0,0,0,203,118,85,322,173,149,333,177,156,0,0,0,2,1,1
53368801,51,23,28,51,23,28,0,0,0,16,7,9,49,22,27,51,23,28,0,0,0,0,0,0
53368802,407,204,203,407,204,203,0,0,0,207,118,89,391,193,198,404,202,202,0,0,0,3,2,1
55337901,1001,483,518,997,481,516,3,2,1,428,227,201,959,466,493,981,469,512,0,0,0,20,14,6
55337902,106,52,54,106,52,54,0,0,0,27,15,12,96,48,48,106,52,54,0,0,0,0,0,0
55337903,207,97,110,207,97,110,0,0,0,73,40,33,201,95,106,207,97,110,0,0,0,0,0,0
57014102,339,168,171,336,167,169,3,1,2,196,116,80,328,163,165,333,162,171,0,0,0,6,6,0
53492701,1076,507,569,1073,506,567,2,1,1,568,280,288,1011,477,534,1062,499,563,0,0,0,14,8,6
53553201,2522,1248,1274,2515,1244,1271,6,3,3,1257,663,594,2414,1197,1217,2406,1171,1235,49,31,18,67,46,21
53553203,89,43,46,89,43,46,0,0,0,50,26,24,81,40,41,89,43,46,0,0,0,0,0,0
53553204,73,29,44,73,29,44,0,0,0,47,22,25,72,29,43,73,29,44,0,0,0,0,0,0
53553205,29,17,12,29,17,12,0,0,0,19,13,6,27,16,11,23,13,10,0,0,0,6,4,2
53553206,69,35,34,69,35,34,0,0,0,44,21,23,68,35,33,69,35,34,0,0,0,0,0,0
53553207,37,16,21,37,16,21,0,0,0,14,6,8,30,13,17,37,16,21,0,0,0,0,0,0
53577001,342,178,164,340,177,163,2,1,1,182,107,75,328,170,158,340,176,164,0,0,0,2,2,0
53588501,413,199,214,412,199,213,1,0,1,187,96,91,385,187,198,396,190,206,0,0,0,17,9,8
55338701,148,73,75,148,73,75,0,0,0,54,27,27,137,68,69,136,66,70,0,0,0,12,7,5
55338702,32,17,15,32,17,15,0,0,0,12,6,6,32,17,15,21,11,10,0,0,0,11,6,5
53609101,765,399,366,765,399,366,0,0,0,365,223,142,733,383,350,754,389,365,0,0,0,11,10,1
55322102,637,318,319,632,313,319,5,5,0,294,171,123,602,301,301,633,315,318,0,0,0,4,3,1
53611301,89,55,34,87,53,34,2,2,0,29,18,11,84,50,34,73,42,31,0,0,0,16,13,3
53611303,41,22,19,41,22,19,0,0,0,24,14,10,37,18,19,41,22,19,0,0,0,0,0,0
53611304,49,24,25,49,24,25,0,0,0,25,13,12,44,23,21,48,23,25,0,0,0,1,1,0
56930501,545,267,278,545,267,278,0,0,0,291,147,144,522,252,270,540,265,275,0,0,0,5,2,3
55334401,206,110,96,206,110,96,0,0,0,109,62,47,191,104,87,194,103,91,1,1,0,11,6,5
55321201,37,17,20,37,17,20,0,0,0,18,9,9,33,16,17,35,16,19,0,0,0,2,1,1
53628801,665,323,342,663,321,342,2,2,0,362,205,157,634,311,323,617,317,300,44,4,40,4,2,2
53639301,168,81,87,168,81,87,0,0,0,71,33,38,157,75,82,162,79,83,0,0,0,6,2,4
53639302,358,180,178,358,180,178,0,0,0,167,93,74,338,171,167,349,172,177,0,0,0,9,8,1
53639303,143,76,67,143,76,67,0,0,0,69,49,20,137,75,62,136,72,64,0,0,0,7,4,3
1983580,0,0,0,0,0,0,0,0,0,0,0,0,0,0,0,0,0,0,0,0,0,0,0,0
53652101,68,39,29,68,39,29,0,0,0,37,22,15,66,39,27,64,38,26,0,0,0,4,1,3
53652102,43,19,24,43,19,24,0,0,0,21,9,12,43,19,24,43,19,24,0,0,0,0,0,0
53652103,84,43,41,84,43,41,0,0,0,41,21,20,81,41,40,84,43,41,0,0,0,0,0,0
53652104,161,82,79,160,81,79,1,1,0,87,49,38,152,78,74,161,82,79,0,0,0,0,0,0
53652105,409,217,192,407,216,191,2,1,1,213,120,93,397,212,185,386,196,190,0,0,0,23,21,2
53652106,155,75,80,152,74,78,3,1,2,73,40,33,147,71,76,150,72,78,0,0,0,5,3,2
53652109,124,64,60,124,64,60,0,0,0,56,29,27,119,62,57,104,52,52,11,7,4,9,5,4
53657101,480,244,236,480,244,236,0,0,0,223,128,95,464,236,228,473,237,236,0,0,0,7,7,0
53668701,459,221,238,456,219,237,3,2,1,241,126,115,446,215,231,455,218,237,2,1,1,2,2,0
53668702,123,62,61,123,62,61,0,0,0,60,31,29,107,56,51,123,62,61,0,0,0,0,0,0
53673301,666,348,318,665,348,317,1,0,1,333,189,144,640,333,307,659,342,317,0,0,0,7,6,1
55324701,261,147,114,261,147,114,0,0,0,95,58,37,238,137,101,252,139,113,0,0,0,9,8,1
55324702,21,10,11,21,10,11,0,0,0,0,0,0,19,9,10,7,3,4,0,0,0,14,7,7
53681401,23,14,9,23,14,9,0,0,0,14,8,6,21,13,8,6,3,3,0,0,0,17,11,6
53681402,276,136,140,276,136,140,0,0,0,152,85,67,262,129,133,274,135,139,0,0,0,2,1,1
56937201,164,87,77,164,87,77,0,0,0,61,35,26,155,82,73,141,74,67,0,0,0,23,13,10
53728401,615,317,298,613,316,297,2,1,1,290,150,140,586,302,284,609,311,298,0,0,0,6,6,0
53771301,1221,609,612,1221,609,612,0,0,0,648,339,309,1181,588,593,1212,602,610,1,0,1,8,7,1
53996101,517,275,242,514,273,241,1,0,1,306,174,132,499,263,236,517,275,242,0,0,0,0,0,0
53996102,161,75,86,159,74,85,2,1,1,80,38,42,152,71,81,159,74,85,0,0,0,2,1,1
53996103,23,11,12,23,11,12,0,0,0,13,6,7,22,11,11,14,6,8,0,0,0,9,5,4
53996104,2449,1248,1201,2441,1244,1197,7,4,3,1380,751,629,2343,1191,1152,2312,1170,1142,62,16,46,75,62,13
54016101,212,104,108,211,103,108,0,0,0,105,54,51,207,102,105,210,103,107,0,0,0,2,1,1
54016102,168,90,78,166,89,77,1,0,1,58,35,23,156,81,75,168,90,78,0,0,0,0,0,0
54019601,155,78,77,155,78,77,0,0,0,102,49,53,147,74,73,155,78,77,0,0,0,0,0,0
54019602,2516,1243,1273,2498,1227,1271,17,15,2,1348,703,645,2398,1180,1218,2461,1203,1258,22,14,8,33,26,7
54019603,187,95,92,187,95,92,0,0,0,89,46,43,174,90,84,187,95,92,0,0,0,0,0,0
54022601,174,79,95,173,79,94,0,0,0,61,30,31,158,70,88,173,78,95,0,0,0,1,1,0
54022603,117,61,56,117,61,56,0,0,0,47,31,16,108,57,51,86,42,44,3,2,1,28,17,11
54022604,482,237,245,481,237,244,0,0,0,231,125,106,449,225,224,450,209,241,3,2,1,29,26,3
54022606,359,187,172,358,187,171,0,0,0,165,99,66,344,178,166,325,172,153,32,14,18,2,1,1
54022607,268,137,131,268,137,131,0,0,0,144,79,65,248,126,122,268,137,131,0,0,0,0,0,0
54023401,533,282,251,532,281,251,0,0,0,229,143,86,509,269,240,505,264,241,0,0,0,28,18,10
54023402,202,96,106,202,96,106,0,0,0,113,58,55,187,91,96,202,96,106,0,0,0,0,0,0
54023403,75,39,36,75,39,36,0,0,0,40,25,15,70,37,33,75,39,36,0,0,0,0,0,0
54033101,162,80,82,162,80,82,0,0,0,72,41,31,145,72,73,161,79,82,0,0,0,1,1,0
54033102,39,22,17,39,22,17,0,0,0,13,7,6,38,21,17,25,12,13,0,0,0,14,10,4
54033104,107,55,52,107,55,52,0,0,0,56,31,25,98,52,46,104,54,50,0,0,0,3,1,2
54033106,78,40,38,78,40,38,0,0,0,38,22,16,75,38,37,63,31,32,3,1,2,12,8,4
54033108,34,19,15,34,19,15,0,0,0,12,6,6,34,19,15,33,18,15,0,0,0,1,1,0
54033109,95,47,48,95,47,48,0,0,0,42,23,19,91,47,44,94,46,48,0,0,0,1,1,0
54036601,26,15,11,25,14,11,1,1,0,6,4,2,25,15,10,19,10,9,0,0,0,7,5,2
54036603,366,199,167,364,198,166,2,1,1,150,85,65,336,181,155,322,171,151,0,0,0,44,28,16
56938102,717,565,152,675,523,152,0,0,0,140,70,70,630,488,142,279,136,143,424,422,2,14,7,7
56938103,43,20,23,43,20,23,0,0,0,16,5,11,42,20,22,38,18,20,0,0,0,5,2,3
54047101,157,83,74,151,81,70,6,2,4,104,63,41,155,81,74,157,83,74,0,0,0,0,0,0
54047102,134,70,64,134,70,64,0,0,0,83,45,38,129,67,62,134,70,64,0,0,0,0,0,0
54047103,212,101,111,212,101,111,0,0,0,143,73,70,209,98,111,212,101,111,0,0,0,0,0,0
54047104,44,22,22,44,22,22,0,0,0,17,11,6,35,18,17,44,22,22,0,0,0,0,0,0
54047105,346,171,175,346,171,175,0,0,0,212,112,100,317,157,160,341,168,173,0,0,0,5,3,2
54047106,154,83,71,151,80,71,3,3,0,71,45,26,151,81,70,150,81,69,0,0,0,4,2,2
54047107,151,80,71,150,79,71,1,1,0,84,49,35,149,79,70,150,79,71,1,1,0,0,0,0
54047109,25,13,12,25,13,12,0,0,0,22,12,10,25,13,12,11,4,7,0,0,0,14,9,5
54047110,201,103,98,201,103,98,0,0,0,126,72,54,194,100,94,200,103,97,0,0,0,1,0,1
54047111,125,63,62,125,63,62,0,0,0,82,44,38,113,57,56,124,63,61,0,0,0,1,0,1
54047112,36,19,17,36,19,17,0,0,0,23,13,10,34,19,15,36,19,17,0,0,0,0,0,0
54047113,552,279,273,551,279,272,0,0,0,297,160,137,530,268,262,552,279,273,0,0,0,0,0,0
54047114,1923,942,981,1903,928,975,18,13,5,1083,578,505,1832,894,938,1903,930,973,20,12,8,0,0,0
54047116,3928,1868,2060,3895,1845,2050,23,17,6,1957,992,965,3702,1769,1933,3890,1857,2033,35,8,27,3,3,0
54047117,313,149,164,313,149,164,0,0,0,199,100,99,300,145,155,312,148,164,0,0,0,1,1,0
54047118,35,22,13,34,21,13,1,1,0,9,6,3,32,19,13,21,12,9,12,9,3,2,1,1
54047120,761,412,349,746,403,343,15,9,6,344,190,154,711,381,330,632,316,316,8,3,5,121,93,28
54047121,44,26,18,44,26,18,0,0,0,23,12,11,36,20,16,42,24,18,2,2,0,0,0,0
54048001,138,67,71,138,67,71,0,0,0,59,35,24,131,62,69,137,67,70,1,0,1,0,0,0
54048002,57,29,28,56,28,28,1,1,0,28,15,13,55,27,28,57,29,28,0,0,0,0,0,0
54048003,1045,523,522,1036,515,521,9,8,1,492,255,237,1008,506,502,1034,514,520,0,0,0,11,9,2
55347601,128,59,69,128,59,69,0,0,0,59,28,31,126,57,69,128,59,69,0,0,0,0,0,0
55347602,303,149,154,302,148,154,1,1,0,161,84,77,292,146,146,302,148,154,0,0,0,1,1,0
55347603,223,115,108,222,115,107,1,0,1,109,65,44,209,106,103,213,108,105,0,0,0,10,7,3
54050101,225,115,110,225,115,110,0,0,0,109,65,44,215,108,107,225,115,110,0,0,0,0,0,0
54050102,214,111,103,214,111,103,0,0,0,117,66,51,201,106,95,211,109,102,0,0,0,3,2,1
54050103,2975,1532,1443,2962,1522,1440,9,7,2,1229,661,568,2859,1464,1395,2918,1492,1426,12,7,5,45,33,12
54050104,53,30,23,53,30,23,0,0,0,12,10,2,48,26,22,2,1,1,0,0,0,51,29,22
54051001,215,103,112,215,103,112,0,0,0,124,73,51,207,99,108,215,103,112,0,0,0,0,0,0
54051002,808,420,388,807,419,388,1,1,0,350,177,173,775,399,376,745,359,386,54,54,0,9,7,2
54054401,110,58,52,110,58,52,0,0,0,50,32,18,107,55,52,107,56,51,0,0,0,3,2,1
54054402,242,125,117,242,125,117,0,0,0,112,67,45,229,119,110,227,118,109,0,0,0,15,7,8
54054403,86,44,42,86,44,42,0,0,0,30,13,17,66,32,34,28,13,15,24,12,12,34,19,15
54054404,592,294,298,584,287,297,6,5,1,319,178,141,564,283,281,559,269,290,1,1,0,32,24,8
54054405,130,59,71,130,59,71,0,0,0,67,34,33,125,55,70,128,58,70,0,0,0,2,1,1
54054406,111,58,53,111,58,53,0,0,0,61,30,31,110,58,52,106,56,50,0,0,0,5,2,3
54059501,331,171,160,331,171,160,0,0,0,157,93,64,316,163,153,329,169,160,0,0,0,2,2,0
54060901,90,45,45,90,45,45,0,0,0,49,23,26,86,43,43,90,45,45,0,0,0,0,0,0
54060902,76,34,42,76,34,42,0,0,0,30,12,18,73,32,41,76,34,42,0,0,0,0,0,0
54060903,235,119,116,235,119,116,0,0,0,138,79,59,219,113,106,232,118,114,0,0,0,3,1,2
54060904,78,37,41,78,37,41,0,0,0,47,23,24,77,36,41,72,33,39,0,0,0,6,4,2
54060905,92,49,43,92,49,43,0,0,0,51,31,20,88,48,40,82,44,38,0,0,0,10,5,5
54060907,81,46,35,81,46,35,0,0,0,35,22,13,79,45,34,77,44,33,0,0,0,4,2,2
50002001,1074,535,539,1074,535,539,0,0,0,391,215,176,1008,503,505,1036,519,517,31,10,21,7,6,1
50002002,121,57,64,121,57,64,0,0,0,42,23,19,116,57,59,121,57,64,0,0,0,0,0,0
54065001,103,51,52,103,51,52,0,0,0,57,31,26,100,51,49,99,48,51,0,0,0,4,3,1
54065002,574,275,299,572,274,298,2,1,1,329,176,153,549,267,282,564,269,295,0,0,0,10,6,4
54073101,205,109,96,204,109,95,1,0,1,95,56,39,197,105,92,198,105,93,0,0,0,7,4,3
54077301,2832,1361,1471,2824,1357,1467,7,3,4,1424,725,699,2734,1319,1415,2783,1332,1451,18,3,15,31,26,5
55335201,300,143,157,300,143,157,0,0,0,169,100,69,288,139,149,295,138,157,0,0,0,5,5,0
54085401,489,238,251,484,235,249,4,2,2,256,127,129,473,229,244,474,228,246,0,0,0,15,10,5
54086201,3002,1501,1501,2984,1488,1496,16,12,4,1215,642,573,2838,1426,1412,2920,1449,1471,19,5,14,63,47,16
54086202,44,23,21,43,22,21,1,1,0,12,6,6,43,23,20,33,17,16,0,0,0,11,6,5
55339501,164,83,81,163,82,81,1,1,0,72,40,32,163,82,81,153,76,77,0,0,0,11,7,4
54087101,129,56,73,129,56,73,0,0,0,56,26,30,115,51,64,129,56,73,0,0,0,0,0,0
54087102,66,38,28,65,37,28,0,0,0,25,17,8,60,35,25,66,38,28,0,0,0,0,0,0
54087103,389,207,182,389,207,182,0,0,0,201,118,83,363,193,170,377,197,180,0,0,0,12,10,2
54091901,770,377,393,770,377,393,0,0,0,414,232,182,733,358,375,767,377,390,0,0,0,3,0,3
54097801,114,63,51,114,63,51,0,0,0,60,38,22,106,59,47,114,63,51,0,0,0,0,0,0
54097802,96,49,47,96,49,47,0,0,0,59,32,27,90,44,46,96,49,47,0,0,0,0,0,0
54097803,671,332,339,668,331,337,2,0,2,376,196,180,653,322,331,669,332,337,0,0,0,2,0,2
54097804,36,21,15,36,21,15,0,0,0,19,12,7,34,20,14,36,21,15,0,0,0,0,0,0
54097805,379,184,195,378,183,195,1,1,0,231,114,117,359,175,184,377,183,194,0,0,0,2,1,1
54097806,1025,517,508,1022,516,506,3,1,2,504,271,233,974,492,482,993,492,501,0,0,0,32,25,7
54097807,78,40,38,78,40,38,0,0,0,45,22,23,77,40,37,78,40,38,0,0,0,0,0,0
54098602,95,50,45,95,50,45,0,0,0,39,26,13,88,45,43,72,37,35,3,2,1,20,11,9
54098603,995,489,506,993,488,505,1,0,1,434,227,207,933,457,476,882,438,444,60,22,38,53,29,24
1545390,0,0,0,0,0,0,0,0,0,0,0,0,0,0,0,0,0,0,0,0,0,0,0,0
54107902,60,32,28,60,32,28,0,0,0,30,17,13,60,32,28,47,23,24,4,2,2,9,7,2
54107903,51,31,20,51,31,20,0,0,0,23,14,9,51,31,20,49,30,19,0,0,0,2,1,1
54107904,1351,673,678,1350,673,677,1,0,1,745,399,346,1318,655,663,1307,639,668,7,7,0,37,27,10
54107905,21,11,10,21,11,10,0,0,0,13,7,6,20,10,10,21,11,10,0,0,0,0,0,0
54107908,43,25,18,43,25,18,0,0,0,17,11,6,42,25,17,39,23,16,0,0,0,4,2,2
54107909,37,24,13,37,24,13,0,0,0,10,9,1,37,24,13,14,9,5,5,4,1,18,11,7
57028101,127,66,61,127,66,61,0,0,0,65,42,23,122,65,57,127,66,61,0,0,0,0,0,0
54110901,1127,566,561,1124,565,559,3,1,2,530,288,242,1074,533,541,1115,560,555,0,0,0,12,6,6
54112501,392,196,196,392,196,196,0,0,0,212,122,90,378,189,189,391,195,196,0,0,0,1,1,0
57011701,26,15,11,26,15,11,0,0,0,6,5,1,25,15,10,21,12,9,0,0,0,5,3,2
54116801,72,37,35,72,37,35,0,0,0,37,22,15,70,37,33,63,34,29,0,0,0,9,3,6
54116802,92,48,44,92,48,44,0,0,0,49,30,19,89,46,43,83,44,39,0,0,0,9,4,5
54116803,1514,766,748,1497,754,743,17,12,5,802,432,370,1440,729,711,1410,714,696,68,30,38,36,22,14
54116806,134,72,62,133,72,61,1,0,1,79,45,34,126,68,58,132,71,61,0,0,0,2,1,1
54116807,101,50,51,101,50,51,0,0,0,69,38,31,96,48,48,101,50,51,0,0,0,0,0,0
1644370,0,0,0,0,0,0,0,0,0,0,0,0,0,0,0,0,0,0,0,0,0,0,0,0
1644700,0,0,0,0,0,0,0,0,0,0,0,0,0,0,0,0,0,0,0,0,0,0,0,0
1644880,0,0,0,0,0,0,0,0,0,0,0,0,0,0,0,0,0,0,0,0,0,0,0,0
3156480,0,0,0,0,0,0,0,0,0,0,0,0,0,0,0,0,0,0,0,0,0,0,0,0
52370401,170,116,54,169,115,54,1,1,0,58,42,16,147,97,50,67,37,30,66,50,16,37,29,8
52370405,1497,673,824,1482,666,816,12,6,6,744,362,382,1416,633,783,1497,673,824,0,0,0,0,0,0
52370406,1785,832,953,1747,813,934,34,18,16,1013,507,506,1672,777,895,1760,827,933,25,5,20,0,0,0
52370407,142,76,66,128,63,65,14,13,1,54,26,28,118,59,59,128,62,66,13,13,0,1,1,0
52370408,796,323,473,785,321,464,9,1,8,362,164,198,756,309,447,612,280,332,184,43,141,0,0,0
52370409,36,19,17,36,19,17,0,0,0,16,6,10,33,17,16,36,19,17,0,0,0,0,0,0
52370410,648,324,324,645,321,324,1,1,0,382,207,175,618,307,311,638,321,317,10,3,7,0,0,0
52370411,298,140,158,298,140,158,0,0,0,172,85,87,281,131,150,291,136,155,7,4,3,0,0,0
52370412,976,452,524,968,449,519,8,3,5,518,271,247,896,415,481,967,447,520,6,4,2,3,1,2
52370413,2946,1377,1569,2941,1374,1567,3,2,1,1562,764,798,2846,1323,1523,2946,1377,1569,0,0,0,0,0,0
52370414,1184,698,486,1175,695,480,6,3,3,616,358,258,1126,663,463,814,425,389,1,1,0,369,272,97
52370415,2696,1229,1467,2681,1220,1461,14,8,6,1431,719,712,2582,1178,1404,2690,1227,1463,6,2,4,0,0,0
52370416,2417,1114,1303,2406,1108,1298,8,5,3,1244,597,647,2307,1066,1241,2416,1113,1303,0,0,0,1,1,0
52370417,1639,756,883,1636,755,881,3,1,2,888,436,452,1567,725,842,1629,752,877,10,4,6,0,0,0
52370418,1281,608,673,1276,605,671,4,2,2,718,357,361,1229,584,645,1261,595,666,14,8,6,6,5,1
52370419,1161,543,618,1156,541,615,5,2,3,622,317,305,1108,517,591,1161,543,618,0,0,0,0,0,0
52370420,103,50,53,101,49,52,2,1,1,64,32,32,96,48,48,100,48,52,3,2,1,0,0,0
52370421,1207,567,640,1196,563,633,10,4,6,553,279,274,1137,536,601,1205,566,639,0,0,0,2,1,1
52370422,1073,486,587,1071,486,585,2,0,2,552,282,270,1031,462,569,1073,486,587,0,0,0,0,0,0
52370423,54,22,32,52,22,30,1,0,1,33,16,17,50,21,29,52,21,31,2,1,1,0,0,0
52370424,1057,530,527,1032,517,515,22,12,10,529,287,242,982,485,497,1003,496,507,52,33,19,2,1,1
52370425,2016,936,1080,2005,931,1074,9,4,5,1054,554,500,1915,894,1021,1997,936,1061,19,0,19,0,0,0
55333601,394,205,189,394,205,189,0,0,0,211,119,92,374,197,177,387,202,185,6,3,3,1,0,1
54122201,37,17,20,37,17,20,0,0,0,20,13,7,34,15,19,34,16,18,0,0,0,3,1,2
54122202,35,16,19,35,16,19,0,0,0,15,8,7,35,16,19,35,16,19,0,0,0,0,0,0
54122203,82,46,36,82,46,36,0,0,0,39,24,15,79,43,36,82,46,36,0,0,0,0,0,0
54122204,933,461,472,932,460,472,1,1,0,491,254,237,901,447,454,920,450,470,0,0,0,13,11,2
1983660,0,0,0,0,0,0,0,0,0,0,0,0,0,0,0,0,0,0,0,0,0,0,0,0
54126501,79,41,38,79,41,38,0,0,0,44,24,20,76,41,35,67,34,33,0,0,0,12,7,5
54126502,170,84,86,170,84,86,0,0,0,85,45,40,162,81,81,170,84,86,0,0,0,0,0,0
54126503,35,20,15,35,20,15,0,0,0,12,7,5,34,20,14,32,18,14,0,0,0,3,2,1
54126504,2077,1018,1059,2072,1014,1058,4,4,0,988,526,462,2006,983,1023,2012,974,1038,20,8,12,45,36,9
54126505,28,18,10,28,18,10,0,0,0,9,5,4,24,16,8,26,17,9,0,0,0,2,1,1
54126506,89,47,42,89,47,42,0,0,0,48,28,20,83,45,38,87,46,41,0,0,0,2,1,1
55414601,200,102,98,200,102,98,0,0,0,77,39,38,193,98,95,183,91,92,5,4,1,12,7,5
55319101,78,45,33,78,45,33,0,0,0,37,25,12,71,41,30,72,43,29,0,0,0,6,2,4
56944501,2177,1067,1110,2174,1064,1110,2,2,0,866,452,414,2076,1020,1056,2132,1035,1097,12,5,7,33,27,6
57009501,247,122,125,247,122,125,0,0,0,123,66,57,239,119,120,244,120,124,0,0,0,3,2,1
1894990,0,0,0,0,0,0,0,0,0,0,0,0,0,0,0,0,0,0,0,0,0,0,0,0
54135401,203,107,96,203,107,96,0,0,0,129,70,59,200,105,95,186,96,90,0,0,0,17,11,6
54135402,37,23,14,37,23,14,0,0,0,14,9,5,35,22,13,3,2,1,3,3,0,31,18,13
54135403,66,34,32,66,34,32,0,0,0,34,21,13,65,33,32,47,24,23,1,1,0,18,9,9
54135404,191,96,95,191,96,95,0,0,0,114,62,52,186,93,93,188,95,93,0,0,0,3,1,2
54135405,283,146,137,283,146,137,0,0,0,183,96,87,267,137,130,283,146,137,0,0,0,0,0,0
54135406,447,178,269,445,177,268,1,1,0,163,84,79,282,133,149,264,131,133,180,44,136,3,3,0
54135407,2754,1274,1480,2742,1263,1479,9,8,1,1459,727,732,2633,1218,1415,2754,1274,1480,0,0,0,0,0,0
54135409,997,418,579,995,416,579,1,1,0,525,242,283,951,395,556,958,407,551,33,7,26,6,4,2
54135410,1345,677,668,1341,674,667,3,2,1,712,362,350,1251,634,617,1097,499,598,1,0,1,247,178,69
54135411,968,484,484,962,482,480,4,2,2,570,312,258,908,456,452,922,460,462,42,21,21,4,3,1
54135412,417,225,192,409,217,192,8,8,0,203,110,93,391,212,179,349,181,168,38,28,10,30,16,14
54135413,1346,653,693,1344,651,693,2,2,0,747,366,381,1272,618,654,1293,618,675,53,35,18,0,0,0
54135414,105,59,46,99,53,46,6,6,0,72,38,34,101,55,46,104,58,46,0,0,0,1,1,0
54135415,513,255,258,513,255,258,0,0,0,310,159,151,501,250,251,510,253,257,3,2,1,0,0,0
54135417,495,245,250,495,245,250,0,0,0,283,147,136,475,232,243,495,245,250,0,0,0,0,0,0
54135418,834,417,417,831,414,417,2,2,0,463,253,210,791,395,396,831,416,415,0,0,0,3,1,2
54135419,1005,492,513,1001,490,511,4,2,2,580,311,269,973,474,499,1005,492,513,0,0,0,0,0,0
54135420,80,38,42,80,38,42,0,0,0,42,21,21,76,35,41,80,38,42,0,0,0,0,0,0
54135422,1393,639,754,1384,632,752,7,5,2,713,352,361,1277,586,691,1393,639,754,0,0,0,0,0,0
57033801,209,107,102,209,107,102,0,0,0,123,67,56,203,104,99,205,104,101,0,0,0,4,3,1
54147801,798,390,408,796,389,407,2,1,1,379,191,188,769,377,392,789,384,405,0,0,0,9,6,3
58830001,245,133,112,244,132,112,1,1,0,122,73,49,235,128,107,239,127,112,0,0,0,6,6,0
58830002,202,104,98,202,104,98,0,0,0,101,58,43,193,98,95,202,104,98,0,0,0,0,0,0
58832601,484,237,247,484,237,247,0,0,0,231,111,120,462,226,236,472,229,243,1,1,0,11,7,4
54231801,197,98,99,195,97,98,1,0,1,98,53,45,179,83,96,194,96,98,0,0,0,3,2,1
54969001,200,105,95,193,98,95,7,7,0,73,42,31,174,88,86,184,99,85,0,0,0,16,6,10
58837701,330,164,166,330,164,166,0,0,0,169,89,80,317,158,159,318,157,161,0,0,0,12,7,5
58838501,953,470,483,949,466,483,4,4,0,516,274,242,905,450,455,946,466,480,0,0,0,7,4,3
58839301,258,134,124,258,134,124,0,0,0,157,84,73,255,132,123,254,131,123,0,0,0,4,3,1
58839303,913,469,444,909,467,442,4,2,2,507,279,228,878,450,428,913,469,444,0,0,0,0,0,0
58839304,290,143,147,290,143,147,0,0,0,144,77,67,276,136,140,290,143,147,0,0,0,0,0,0
58839305,130,69,61,130,69,61,0,0,0,80,47,33,119,64,55,128,67,61,0,0,0,2,2,0
58839306,692,330,362,688,326,362,4,4,0,341,166,175,660,312,348,692,330,362,0,0,0,0,0,0
58839307,517,250,267,516,249,267,1,1,0,288,146,142,492,237,255,517,250,267,0,0,0,0,0,0
58839308,2472,1094,1378,2461,1085,1376,11,9,2,1187,554,633,2328,1020,1308,2396,1072,1324,71,17,54,5,5,0
58839309,380,203,177,380,203,177,0,0,0,202,122,80,363,193,170,380,203,177,0,0,0,0,0,0
58839310,766,417,349,763,415,348,1,1,0,383,191,192,719,389,330,594,280,314,34,33,1,138,104,34
58839311,735,333,402,734,332,402,1,1,0,376,180,196,690,315,375,715,329,386,20,4,16,0,0,0
58839313,647,308,339,646,307,339,1,1,0,372,198,174,629,301,328,647,308,339,0,0,0,0,0,0
58839314,61,30,31,61,30,31,0,0,0,24,12,12,55,25,30,57,27,30,0,0,0,4,3,1
58840701,228,117,111,228,117,111,0,0,0,85,46,39,190,95,95,186,96,90,42,21,21,0,0,0
58843101,416,211,205,415,211,204,1,0,1,225,121,104,399,201,198,389,200,189,14,5,9,13,6,7
0410330,0,0,0,0,0,0,0,0,0,0,0,0,0,0,0,0,0,0,0,0,0,0,0,0
3142260,0,0,0,0,0,0,0,0,0,0,0,0,0,0,0,0,0,0,0,0,0,0,0,0
3142340,0,0,0,0,0,0,0,0,0,0,0,0,0,0,0,0,0,0,0,0,0,0,0,0
58845801,438,221,217,437,220,217,0,0,0,264,141,123,419,210,209,424,215,209,0,0,0,14,6,8
58845802,60,32,28,60,32,28,0,0,0,40,21,19,59,31,28,60,32,28,0,0,0,0,0,0
58845803,1938,942,996,1934,939,995,4,3,1,1095,579,516,1874,913,961,1933,940,993,1,0,1,4,2,2
58845804,344,168,176,343,167,176,0,0,0,211,110,101,329,165,164,344,168,176,0,0,0,0,0,0
58845805,406,194,212,406,194,212,0,0,0,259,140,119,397,189,208,405,193,212,0,0,0,1,1,0
58845806,451,233,218,450,233,217,1,0,1,301,167,134,442,227,215,450,232,218,1,1,0,0,0,0
58845807,35,20,15,35,20,15,0,0,0,21,13,8,33,19,14,8,5,3,0,0,0,27,15,12
58845808,415,197,218,415,197,218,0,0,0,208,104,104,378,183,195,411,195,216,0,0,0,4,2,2
58845809,97,51,46,94,49,45,3,2,1,37,18,19,88,46,42,56,25,31,41,26,15,0,0,0
58845810,2249,1032,1217,2240,1026,1214,9,6,3,1198,566,632,2147,985,1162,2217,1023,1194,32,9,23,0,0,0
58845811,766,386,380,766,386,380,0,0,0,446,242,204,728,367,361,766,386,380,0,0,0,0,0,0
58845812,780,361,419,777,360,417,3,1,2,420,217,203,734,337,397,780,361,419,0,0,0,0,0,0
58845813,914,470,444,914,470,444,0,0,0,469,250,219,875,448,427,747,346,401,3,3,0,164,121,43
58845815,46,21,25,46,21,25,0,0,0,28,16,12,46,21,25,46,21,25,0,0,0,0,0,0
58845816,1064,470,594,1058,464,594,5,5,0,524,260,264,971,442,529,899,430,469,163,39,124,2,1,1
58845817,524,264,260,521,261,260,2,2,0,289,147,142,499,247,252,521,262,259,0,0,0,3,2,1
58845819,992,456,536,989,454,535,1,1,0,523,253,270,916,423,493,977,451,526,14,4,10,1,1,0
54234201,75,43,32,74,43,31,1,0,1,29,23,6,68,38,30,70,40,30,5,3,2,0,0,0
58847401,254,139,115,254,139,115,0,0,0,136,74,62,252,137,115,253,139,114,0,0,0,1,0,1
58848201,157,88,69,152,86,66,5,2,3,67,40,27,147,83,64,154,85,69,0,0,0,3,3,0
3142690,0,0,0,0,0,0,0,0,0,0,0,0,0,0,0,0,0,0,0,0,0,0,0,0
3287820,0,0,0,0,0,0,0,0,0,0,0,0,0,0,0,0,0,0,0,0,0,0,0,0
58849101,92,44,48,92,44,48,0,0,0,44,24,20,87,42,45,92,44,48,0,0,0,0,0,0
58849102,327,165,162,325,165,160,2,0,2,183,104,79,321,161,160,326,165,161,0,0,0,1,0,1
58849103,28,16,12,28,16,12,0,0,0,14,9,5,26,15,11,28,16,12,0,0,0,0,0,0
58849104,33,17,16,33,17,16,0,0,0,20,13,7,32,17,15,32,17,15,0,0,0,1,0,1
58849105,3104,1493,1611,3081,1478,1603,22,15,7,1546,790,756,2968,1432,1536,3104,1493,1611,0,0,0,0,0,0
58849107,1907,1013,894,1897,1007,890,6,4,2,1063,599,464,1819,961,858,1777,903,874,6,5,1,124,105,19
58849108,829,402,427,823,401,422,6,1,5,434,232,202,803,391,412,827,400,427,2,2,0,0,0,0
58850401,357,174,183,354,174,180,1,0,1,204,107,97,343,167,176,341,165,176,0,0,0,16,9,7
58851201,210,97,113,210,97,113,0,0,0,129,60,69,204,95,109,209,97,112,0,0,0,1,0,1
58851205,322,155,167,320,154,166,2,1,1,159,80,79,311,151,160,321,154,167,1,1,0,0,0,0
58851206,601,286,315,599,286,313,1,0,1,341,171,170,577,274,303,601,286,315,0,0,0,0,0,0
58851207,1012,511,501,1011,511,500,1,0,1,525,278,247,982,494,488,927,447,480,1,0,1,84,64,20
58851209,2442,1172,1270,2430,1164,1266,7,5,2,1142,595,547,2344,1124,1220,2441,1171,1270,0,0,0,1,1,0
50673701,997,468,529,995,466,529,2,2,0,405,200,205,950,442,508,915,447,468,77,17,60,5,4,1
50673702,79,35,44,79,35,44,0,0,0,23,8,15,78,34,44,78,34,44,1,1,0,0,0,0
50673703,463,241,222,459,238,221,4,3,1,216,110,106,443,231,212,404,199,205,10,8,2,49,34,15
58854701,181,92,89,180,92,88,1,0,1,81,49,32,172,86,86,178,90,88,0,0,0,3,2,1
58854702,43,22,21,43,22,21,0,0,0,18,11,7,42,21,21,42,22,20,0,0,0,1,0,1
58855501,379,193,186,379,193,186,0,0,0,183,106,77,356,182,174,378,192,186,0,0,0,1,1,0
58856301,306,156,150,306,156,150,0,0,0,108,54,54,285,148,137,304,154,150,0,0,0,2,2,0
58735401,237,119,118,237,119,118,0,0,0,135,75,60,220,112,108,237,119,118,0,0,0,0,0,0
58859801,270,128,142,270,128,142,0,0,0,163,83,80,257,123,134,260,119,141,0,0,0,10,9,1
58860101,257,128,129,257,128,129,0,0,0,114,55,59,244,122,122,244,120,124,0,0,0,13,8,5
58860102,206,104,102,205,104,101,1,0,1,110,56,54,200,101,99,206,104,102,0,0,0,0,0,0
58860103,1925,934,991,1916,931,985,9,3,6,1042,526,516,1856,902,954,1833,882,951,22,3,19,70,49,21
58860104,272,135,137,271,134,137,1,1,0,136,69,67,255,126,129,270,134,136,0,0,0,2,1,1
58852101,422,220,202,419,219,200,3,1,2,174,87,87,391,203,188,396,204,192,0,0,0,26,16,10
58852102,77,45,32,77,45,32,0,0,0,32,19,13,76,45,31,77,45,32,0,0,0,0,0,0
58852103,111,57,54,110,57,53,0,0,0,49,25,24,108,56,52,103,52,51,1,1,0,7,4,3
58861001,122,64,58,121,64,57,1,0,1,51,28,23,117,62,55,121,63,58,0,0,0,1,1,0
58861002,819,405,414,816,403,413,3,2,1,365,202,163,785,389,396,776,390,386,28,5,23,15,10,5
58861003,41,20,21,41,20,21,0,0,0,24,11,13,40,19,21,27,14,13,0,0,0,14,6,8
0040312,0,0,0,0,0,0,0,0,0,0,0,0,0,0,0,0,0,0,0,0,0,0,0,0
0748960,0,0,0,0,0,0,0,0,0,0,0,0,0,0,0,0,0,0,0,0,0,0,0,0
0749690,0,0,0,0,0,0,0,0,0,0,0,0,0,0,0,0,0,0,0,0,0,0,0,0
0749932,0,0,0,0,0,0,0,0,0,0,0,0,0,0,0,0,0,0,0,0,0,0,0,0
58829601,323,162,161,322,161,161,1,1,0,196,108,88,320,161,159,323,162,161,0,0,0,0,0,0
58829602,226,114,112,226,114,112,0,0,0,131,71,60,220,112,108,226,114,112,0,0,0,0,0,0
58829603,155,87,68,155,87,68,0,0,0,82,50,32,151,85,66,155,87,68,0,0,0,0,0,0
58829604,1174,538,636,1173,538,635,0,0,0,680,330,350,1114,513,601,1070,513,557,104,25,79,0,0,0
58829605,221,114,107,219,112,107,1,1,0,132,66,66,212,108,104,220,113,107,1,1,0,0,0,0
58829606,364,183,181,364,183,181,0,0,0,226,121,105,346,175,171,364,183,181,0,0,0,0,0,0
58829607,234,116,118,227,111,116,7,5,2,128,57,71,228,113,115,228,113,115,0,0,0,6,3,3
58829608,419,214,205,419,214,205,0,0,0,257,136,121,409,209,200,418,213,205,0,0,0,1,1,0
58829609,427,220,207,427,220,207,0,0,0,271,144,127,411,212,199,427,220,207,0,0,0,0,0,0
58829610,174,84,90,174,84,90,0,0,0,98,47,51,170,81,89,174,84,90,0,0,0,0,0,0
58829611,148,74,74,148,74,74,0,0,0,77,42,35,144,73,71,147,73,74,0,0,0,1,1,0
58829612,3234,1477,1757,3206,1460,1746,24,15,9,1687,820,867,3094,1400,1694,3207,1460,1747,26,16,10,1,1,0
58829613,2634,1198,1436,2621,1191,1430,11,7,4,1294,651,643,2549,1154,1395,2476,1152,1324,155,44,111,3,2,1
58829614,59,26,33,59,26,33,0,0,0,30,17,13,58,26,32,55,24,31,0,0,0,4,2,2
58829616,237,118,119,236,118,118,0,0,0,133,72,61,227,113,114,225,108,117,0,0,0,12,10,2
58829617,372,188,184,369,187,182,3,1,2,203,108,95,363,182,181,372,188,184,0,0,0,0,0,0
58829618,2559,1248,1311,2550,1243,1307,8,5,3,1508,767,741,2432,1190,1242,2539,1240,1299,0,0,0,20,8,12
58829619,732,344,388,732,344,388,0,0,0,367,177,190,662,318,344,679,326,353,53,18,35,0,0,0
58829620,2210,1110,1100,2183,1093,1090,26,16,10,1034,559,475,2038,1020,1018,1834,880,954,125,35,90,251,195,56
58829621,1142,529,613,1140,527,613,1,1,0,578,289,289,1091,505,586,1142,529,613,0,0,0,0,0,0
58829622,42,25,17,42,25,17,0,0,0,27,19,8,41,25,16,41,24,17,0,0,0,1,1,0
58829623,1011,518,493,1001,514,487,2,0,2,215,107,108,640,289,351,483,223,260,528,295,233,0,0,0
58829624,35,20,15,34,19,15,1,1,0,19,15,4,35,20,15,33,19,14,0,0,0,2,1,1
58829625,184,91,93,184,91,93,0,0,0,105,54,51,179,88,91,184,91,93,0,0,0,0,0,0
58829626,1858,851,1007,1851,847,1004,6,3,3,990,484,506,1757,798,959,1858,851,1007,0,0,0,0,0,0
58829627,3730,1758,1972,3721,1752,1969,9,6,3,1897,955,942,3577,1671,1906,3645,1705,1940,85,53,32,0,0,0
58829628,428,224,204,411,211,200,16,12,4,225,118,107,396,204,192,405,207,198,23,17,6,0,0,0
58829630,3948,1811,2137,3910,1789,2121,34,21,13,1937,944,993,3748,1708,2040,3812,1770,2042,129,35,94,7,6,1
58862801,80,40,40,79,40,39,1,0,1,18,8,10,75,38,37,79,39,40,0,0,0,1,1,0
58863601,254,135,119,248,131,117,5,3,2,135,81,54,247,130,117,247,130,117,0,0,0,7,5,2
58864401,2139,1085,1054,2137,1083,1054,2,2,0,1084,587,497,2043,1038,1005,2014,1006,1008,86,51,35,39,28,11
58865201,469,233,236,469,233,236,0,0,0,235,118,117,444,219,225,454,225,229,0,0,0,15,8,7
58866101,405,212,193,405,212,193,0,0,0,212,124,88,386,203,183,400,208,192,0,0,0,5,4,1
58869501,363,179,184,356,176,180,7,3,4,146,84,62,338,169,169,353,172,181,0,0,0,10,7,3
58869502,88,46,42,88,46,42,0,0,0,39,26,13,84,46,38,88,46,42,0,0,0,0,0,0
58870901,212,115,97,212,115,97,0,0,0,115,77,38,205,112,93,212,115,97,0,0,0,0,0,0
58870902,677,352,325,674,351,323,2,1,1,373,202,171,643,330,313,666,344,322,9,6,3,2,2,0
58871701,455,225,230,454,225,229,0,0,0,236,117,119,434,216,218,450,220,230,0,0,0,5,5,0
58872501,479,233,246,479,233,246,0,0,0,256,136,120,459,220,239,470,227,243,0,0,0,9,6,3
58873301,372,187,185,372,187,185,0,0,0,178,91,87,365,183,182,361,177,184,0,0,0,11,10,1
58873302,182,91,91,182,91,91,0,0,0,94,49,45,168,82,86,182,91,91,0,0,0,0,0,0
58874101,811,421,390,807,419,388,3,2,1,382,197,185,782,408,374,807,417,390,0,0,0,4,4,0
58875001,686,333,353,685,333,352,1,0,1,294,151,143,648,317,331,677,329,348,4,1,3,5,3,2
58876801,2374,1168,1206,2361,1160,1201,13,8,5,1245,625,620,2268,1107,1161,2310,1138,1172,32,6,26,32,24,8
58876802,24,14,10,23,14,9,0,0,0,10,7,3,20,12,8,24,14,10,0,0,0,0,0,0
58876803,24,13,11,23,12,11,0,0,0,7,3,4,19,10,9,22,12,10,0,0,0,2,1,1
58876804,355,179,176,353,177,176,2,2,0,192,107,85,336,170,166,355,179,176,0,0,0,0,0,0
55390501,268,135,133,263,132,131,5,3,2,131,74,57,248,126,122,266,134,132,0,0,0,2,1,1
58878401,335,169,166,328,165,163,6,4,2,166,101,65,322,161,161,331,165,166,0,0,0,4,4,0
58880601,217,110,107,215,109,106,0,0,0,104,55,49,203,103,100,213,106,107,0,0,0,4,4,0
58881401,420,214,206,419,213,206,1,1,0,238,124,114,398,204,194,414,209,205,0,0,0,6,5,1
58882201,171,86,85,171,86,85,0,0,0,107,59,48,160,79,81,171,86,85,0,0,0,0,0,0
58882202,246,133,113,245,132,113,1,1,0,129,80,49,234,123,111,245,132,113,0,0,0,1,1,0
58883101,212,109,103,212,109,103,0,0,0,117,68,49,205,106,99,206,104,102,0,0,0,6,5,1
58884901,175,85,90,175,85,90,0,0,0,88,43,45,163,79,84,175,85,90,0,0,0,0,0,0
58884902,463,216,247,463,216,247,0,0,0,209,102,107,426,198,228,380,185,195,72,22,50,11,9,2
58884903,214,106,108,205,103,102,8,3,5,80,46,34,191,95,96,213,105,108,0,0,0,1,1,0
58886501,457,222,235,455,221,234,2,1,1,208,111,97,435,214,221,451,216,235,0,0,0,6,6,0
58886502,227,112,115,227,112,115,0,0,0,117,62,55,216,106,110,227,112,115,0,0,0,0,0,0
58887301,430,223,207,429,222,207,1,1,0,247,143,104,420,219,201,417,215,202,0,0,0,13,8,5
58739701,259,134,125,257,133,124,1,0,1,102,56,46,240,122,118,210,111,99,28,9,19,21,14,7
58889001,676,352,324,676,352,324,0,0,0,367,209,158,655,339,316,671,348,323,0,0,0,5,4,1
58890301,1147,566,581,1147,566,581,0,0,0,715,368,347,1118,555,563,1139,560,579,0,0,0,8,6,2
54972001,962,474,488,961,473,488,1,1,0,471,250,221,911,454,457,939,461,478,0,0,0,23,13,10
58892001,54,33,21,54,33,21,0,0,0,21,13,8,52,31,21,36,22,14,0,0,0,18,11,7
58892002,21,11,10,21,11,10,0,0,0,7,3,4,20,10,10,11,6,5,0,0,0,10,5,5
58892003,382,201,181,381,201,180,1,0,1,188,104,84,367,194,173,370,194,176,5,2,3,7,5,2
58892004,21,11,10,21,11,10,0,0,0,13,7,6,20,10,10,20,10,10,0,0,0,1,1,0
58892005,21,11,10,21,11,10,0,0,0,14,7,7,19,10,9,8,3,5,0,0,0,13,8,5
58893801,483,234,249,481,233,248,1,0,1,202,91,111,455,221,234,482,234,248,1,0,1,0,0,0
58893802,446,225,221,446,225,221,0,0,0,231,110,121,423,213,210,424,208,216,0,0,0,22,17,5
58893803,214,107,107,213,107,106,1,0,1,83,46,37,191,94,97,213,107,106,1,0,1,0,0,0
58894601,643,322,321,643,322,321,0,0,0,339,195,144,608,304,304,635,316,319,0,0,0,8,6,2
58895401,65,31,34,65,31,34,0,0,0,29,12,17,64,31,33,14,7,7,0,0,0,51,24,27
58895403,589,296,293,588,295,293,1,1,0,277,145,132,547,274,273,583,292,291,0,0,0,6,4,2
58896201,58,30,28,58,30,28,0,0,0,32,20,12,56,28,28,12,6,6,5,3,2,41,21,20
58896202,488,259,229,487,258,229,0,0,0,248,143,105,453,240,213,437,232,205,2,1,1,49,26,23
58897101,569,269,300,568,269,299,1,0,1,314,165,149,557,264,293,563,265,298,0,0,0,6,4,2
58898901,357,184,173,353,180,173,4,4,0,143,75,68,336,176,160,352,180,172,0,0,0,5,4,1
58899701,30,15,15,30,15,15,0,0,0,17,7,10,27,13,14,14,6,8,0,0,0,16,9,7
58899702,596,294,302,595,293,302,1,1,0,284,144,140,571,283,288,566,284,282,20,2,18,10,8,2
58900401,146,70,76,146,70,76,0,0,0,69,33,36,137,68,69,146,70,76,0,0,0,0,0,0
58900402,74,44,30,73,43,30,0,0,0,26,19,7,65,38,27,74,44,30,0,0,0,0,0,0
58900403,134,71,63,132,70,62,2,1,1,65,34,31,130,69,61,131,68,63,0,0,0,3,3,0
58903901,595,312,283,586,305,281,8,6,2,260,148,112,554,287,267,558,278,280,28,27,1,9,7,2
58904701,233,132,101,230,131,99,3,1,2,88,59,29,223,127,96,230,129,101,0,0,0,3,3,0
58905501,144,74,70,143,74,69,1,0,1,62,38,24,135,68,67,141,71,70,0,0,0,3,3,0
55718801,352,180,172,350,180,170,2,0,2,142,82,60,340,173,167,347,177,170,0,0,0,5,3,2
58908001,277,145,132,276,144,132,1,1,0,114,59,55,271,142,129,257,129,128,1,1,0,19,15,4
58908002,139,67,72,138,66,72,1,1,0,71,38,33,132,63,69,138,66,72,1,1,0,0,0,0
58909801,227,112,115,225,111,114,2,1,1,129,73,56,215,106,109,225,110,115,0,0,0,2,2,0
58909802,29,17,12,29,17,12,0,0,0,16,10,6,28,17,11,29,17,12,0,0,0,0,0,0
58911001,169,77,92,168,76,92,1,1,0,76,39,37,153,69,84,167,75,92,0,0,0,2,2,0
58912801,333,157,176,331,157,174,1,0,1,147,70,77,304,144,160,329,155,174,0,0,0,4,2,2
58912802,73,36,37,72,35,37,1,1,0,21,11,10,71,35,36,73,36,37,0,0,0,0,0,0
58913601,386,203,183,370,188,182,15,14,1,207,126,81,351,180,171,378,197,181,0,0,0,8,6,2
54239301,190,97,93,189,97,92,0,0,0,86,48,38,182,93,89,190,97,93,0,0,0,0,0,0
58915201,304,153,151,299,149,150,4,3,1,155,92,63,289,145,144,300,150,150,0,0,0,4,3,1
58916101,27,14,13,27,14,13,0,0,0,6,4,2,26,13,13,27,14,13,0,0,0,0,0,0
58916102,657,307,350,652,304,348,5,3,2,283,132,151,597,278,319,648,299,349,0,0,0,9,8,1
58725701,137,75,62,137,75,62,0,0,0,61,41,20,132,73,59,136,74,62,0,0,0,1,1,0
58918701,194,100,94,193,100,93,0,0,0,104,55,49,185,95,90,194,100,94,0,0,0,0,0,0
58918702,1170,575,595,1169,575,594,1,0,1,530,278,252,1120,557,563,1091,526,565,57,35,22,22,14,8
58919501,142,80,62,142,80,62,0,0,0,79,53,26,138,79,59,142,80,62,0,0,0,0,0,0
58919502,231,120,111,229,119,110,2,1,1,115,58,57,222,116,106,230,120,110,0,0,0,1,0,1
58919503,124,63,61,123,62,61,0,0,0,75,42,33,116,60,56,120,61,59,0,0,0,4,2,2
58919505,160,81,79,160,81,79,0,0,0,78,44,34,153,80,73,160,81,79,0,0,0,0,0,0
58919506,1313,659,654,1307,656,651,6,3,3,654,346,308,1244,623,621,1266,626,640,0,0,0,47,33,14
58921701,150,77,73,150,77,73,0,0,0,63,32,31,139,74,65,150,77,73,0,0,0,0,0,0
58921702,446,224,222,444,222,222,1,1,0,202,112,90,425,213,212,437,215,222,0,0,0,9,9,0
58922501,547,259,288,546,259,287,0,0,0,317,167,150,525,248,277,547,259,288,0,0,0,0,0,0
58923301,800,391,409,796,388,408,4,3,1,456,261,195,770,378,392,794,387,407,0,0,0,6,4,2
59201301,1720,837,883,1668,814,854,48,22,26,816,408,408,1645,805,840,1685,811,874,5,2,3,30,24,6
59202101,2051,1023,1028,2036,1014,1022,12,7,5,1248,637,611,1939,967,972,2001,993,1008,15,6,9,35,24,11
59203001,1494,743,751,1485,737,748,7,5,2,783,381,402,1422,707,715,1453,711,742,0,0,0,41,32,9
59203002,375,184,191,375,184,191,0,0,0,220,109,111,370,180,190,373,183,190,0,0,0,2,1,1
59204801,305,164,141,302,161,141,2,2,0,201,107,94,296,158,138,305,164,141,0,0,0,0,0,0
59204802,223,105,118,223,105,118,0,0,0,140,63,77,213,98,115,223,105,118,0,0,0,0,0,0
59204803,148,77,71,147,76,71,1,1,0,80,38,42,139,69,70,147,76,71,0,0,0,1,1,0
59204804,1024,508,516,1014,503,511,10,5,5,593,319,274,980,487,493,1024,508,516,0,0,0,0,0,0
59204806,187,99,88,180,96,84,6,3,3,90,53,37,172,90,82,167,87,80,19,11,8,1,1,0
59204808,1818,880,938,1766,845,921,45,30,15,987,517,470,1720,827,893,1701,805,896,59,26,33,58,49,9
59204809,546,262,284,544,261,283,2,1,1,310,163,147,529,255,274,519,250,269,27,12,15,0,0,0
59206401,2085,1046,1039,2071,1039,1032,13,6,7,1205,629,576,1969,990,979,2005,1012,993,38,7,31,42,27,15
59205601,780,391,389,778,389,389,2,2,0,475,261,214,760,379,381,774,386,388,0,0,0,6,5,1
59207201,698,346,352,696,345,351,2,1,1,351,192,159,673,334,339,659,322,337,14,7,7,25,17,8
59207202,103,52,51,102,52,50,1,0,1,34,14,20,100,51,49,103,52,51,0,0,0,0,0,0
59208101,1664,846,818,1660,844,816,2,1,1,893,462,431,1624,824,800,1638,826,812,7,7,0,19,13,6
59209901,933,479,454,927,475,452,6,4,2,643,346,297,879,451,428,909,465,444,0,0,0,24,14,10
59210201,24,12,12,24,12,12,0,0,0,7,3,4,22,11,11,17,9,8,0,0,0,7,3,4
59210202,51,31,20,51,31,20,0,0,0,10,7,3,48,29,19,30,16,14,4,3,1,17,12,5
59210203,48,27,21,48,27,21,0,0,0,19,10,9,48,27,21,48,27,21,0,0,0,0,0,0
59210204,48,24,24,48,24,24,0,0,0,28,13,15,48,24,24,48,24,24,0,0,0,0,0,0
59210205,1994,938,1056,1979,932,1047,14,5,9,939,487,452,1869,876,993,1787,877,910,182,42,140,25,19,6
59210206,241,131,110,241,131,110,0,0,0,131,74,57,235,128,107,241,131,110,0,0,0,0,0,0
59211101,764,374,390,758,373,385,5,1,4,420,202,218,709,349,360,743,360,383,3,2,1,18,12,6
59211102,22,14,8,22,14,8,0,0,0,9,7,2,21,13,8,0,0,0,0,0,0,22,14,8
59213701,366,178,188,366,178,188,0,0,0,194,99,95,356,171,185,365,177,188,0,0,0,1,1,0
59214501,2761,1394,1367,2730,1367,1363,29,25,4,1933,990,943,2680,1355,1325,2739,1376,1363,3,1,2,19,17,2
59215301,481,245,236,480,245,235,1,0,1,292,163,129,463,235,228,480,245,235,0,0,0,1,0,1
59217002,4130,2016,2114,4079,1979,2100,42,34,8,2626,1314,1312,3947,1919,2028,4009,1959,2050,59,10,49,62,47,15
59218801,784,401,383,779,399,380,5,2,3,483,266,217,751,388,363,782,399,383,0,0,0,2,2,0
59219601,28,16,12,28,16,12,0,0,0,16,8,8,25,15,10,27,15,12,0,0,0,1,1,0
55073601,211,114,97,211,114,97,0,0,0,126,66,60,193,103,90,210,113,97,0,0,0,1,1,0
59220001,678,359,319,677,358,319,0,0,0,419,224,195,643,344,299,671,353,318,0,0,0,7,6,1
59220002,280,137,143,280,137,143,0,0,0,174,81,93,270,131,139,280,137,143,0,0,0,0,0,0
59221801,945,470,475,944,469,475,1,1,0,448,221,227,905,448,457,926,458,468,1,1,0,18,11,7
59222601,1747,874,873,1738,869,869,8,5,3,1060,559,501,1685,840,845,1720,855,865,4,2,2,23,17,6
59223401,432,227,205,432,227,205,0,0,0,243,128,115,420,220,200,425,221,204,0,0,0,7,6,1
59226901,1074,552,522,1072,551,521,2,1,1,600,320,280,1030,534,496,1064,544,520,0,0,0,10,8,2
59227701,521,252,269,519,251,268,2,1,1,268,142,126,500,241,259,509,245,264,0,0,0,12,7,5
59228501,899,450,449,887,443,444,11,7,4,553,298,255,861,428,433,889,443,446,0,0,0,10,7,3
59229301,843,426,417,840,425,415,3,1,2,458,229,229,820,413,407,833,421,412,0,0,0,10,5,5
59230701,35,19,16,35,19,16,0,0,0,8,2,6,34,18,16,33,18,15,0,0,0,2,1,1
59230703,376,191,185,372,189,183,2,1,1,228,119,109,358,181,177,368,187,181,0,0,0,8,4,4
59232301,145,74,71,145,74,71,0,0,0,59,28,31,138,69,69,136,69,67,0,0,0,9,5,4
59232302,788,389,399,788,389,399,0,0,0,414,209,205,764,378,386,778,380,398,0,0,0,10,9,1
3044330,0,0,0,0,0,0,0,0,0,0,0,0,0,0,0,0,0,0,0,0,0,0,0,0
55074401,2799,1330,1469,2770,1314,1456,23,14,9,1446,700,746,2650,1261,1389,2700,1296,1404,98,33,65,1,1,0
55074402,27,20,7,7,6,1,18,13,5,6,4,2,24,18,6,22,16,6,0,0,0,5,4,1
55074403,2410,1169,1241,2384,1157,1227,23,11,12,1273,606,667,2308,1112,1196,2280,1097,1183,65,28,37,65,44,21
55074404,101,55,46,97,52,45,4,3,1,32,21,11,76,45,31,91,50,41,10,5,5,0,0,0
59234002,235,123,112,223,116,107,9,6,3,104,56,48,211,110,101,226,118,108,6,2,4,3,3,0
59236601,446,234,212,446,234,212,0,0,0,216,113,103,429,225,204,429,225,204,16,9,7,1,0,1
0960910,0,0,0,0,0,0,0,0,0,0,0,0,0,0,0,0,0,0,0,0,0,0,0,0
59238201,152,81,71,152,81,71,0,0,0,86,37,49,143,75,68,152,81,71,0,0,0,0,0,0
59238202,988,503,485,986,502,484,2,1,1,626,304,322,966,488,478,973,491,482,0,0,0,15,12,3
59239101,680,335,345,678,334,344,2,1,1,339,179,160,652,320,332,669,325,344,0,0,0,11,10,1
59240401,759,377,382,753,372,381,5,4,1,429,217,212,728,362,366,740,364,376,9,6,3,10,7,3
59241201,1535,749,786,1530,748,782,2,1,1,829,416,413,1460,717,743,1505,729,776,9,1,8,21,19,2
59242101,760,359,401,752,356,396,8,3,5,317,184,133,669,321,348,620,315,305,128,34,94,12,10,2
59243901,3217,1589,1628,3196,1575,1621,15,11,4,2087,1049,1038,3055,1515,1540,3182,1569,1613,15,4,11,20,16,4
59244701,729,368,361,720,365,355,8,2,6,391,196,195,679,347,332,720,359,361,0,0,0,9,9,0
59245501,1359,684,675,1353,681,672,5,2,3,967,487,480,1315,658,657,1355,681,674,0,0,0,4,3,1
1161900,0,0,0,0,0,0,0,0,0,0,0,0,0,0,0,0,0,0,0,0,0,0,0,0
59246301,794,408,386,792,407,385,2,1,1,467,242,225,761,393,368,793,408,385,0,0,0,1,0,1
59246303,2463,1213,1250,2449,1203,1246,11,8,3,1506,737,769,2349,1155,1194,2398,1169,1229,9,5,4,56,39,17
59247101,95,47,48,90,44,46,4,2,2,22,11,11,82,40,42,54,28,26,1,0,1,40,19,21
59247102,762,385,377,758,383,375,3,1,2,405,219,186,719,365,354,724,368,356,26,8,18,12,9,3
59248001,666,337,329,666,337,329,0,0,0,379,207,172,628,319,309,655,327,328,0,0,0,11,10,1
59249801,28,13,15,28,13,15,0,0,0,16,7,9,28,13,15,28,13,15,0,0,0,0,0,0
59249802,837,421,416,836,420,416,1,1,0,500,270,230,794,402,392,825,410,415,0,0,0,12,11,1
59250101,851,417,434,848,415,433,2,1,1,431,220,211,806,393,413,819,394,425,0,0,0,32,23,9
59251001,1939,952,987,1926,943,983,13,9,4,1119,567,552,1864,913,951,1905,938,967,15,4,11,19,10,9
59252801,997,491,506,991,489,502,5,2,3,603,303,300,957,472,485,993,488,505,0,0,0,4,3,1
59253601,709,351,358,706,349,357,2,1,1,418,210,208,673,330,343,704,348,356,0,0,0,5,3,2
59253602,108,54,54,103,51,52,4,2,2,52,26,26,101,51,50,108,54,54,0,0,0,0,0,0
59253603,173,91,82,173,91,82,0,0,0,114,66,48,169,87,82,173,91,82,0,0,0,0,0,0
59255201,429,222,207,393,187,206,36,35,1,207,102,105,376,182,194,421,217,204,0,0,0,8,5,3
59256101,394,210,184,389,207,182,5,3,2,188,100,88,366,194,172,345,185,160,0,0,0,49,25,24
59257901,671,330,341,635,308,327,30,18,12,335,163,172,596,288,308,649,321,328,12,2,10,10,7,3
59258701,126,68,58,126,68,58,0,0,0,60,28,32,122,66,56,124,66,58,0,0,0,2,2,0
55075201,54,28,26,53,27,26,1,1,0,13,7,6,52,26,26,53,27,26,1,1,0,0,0,0
55075202,84,43,41,84,43,41,0,0,0,35,18,17,79,41,38,84,43,41,0,0,0,0,0,0
55075203,2703,1260,1443,2695,1255,1440,6,5,1,1336,643,693,2568,1193,1375,2574,1216,1358,122,40,82,7,4,3
55075204,3636,1808,1828,3613,1795,1818,21,11,10,1773,895,878,3446,1710,1736,3540,1727,1813,43,38,5,53,43,10
55075205,28,17,11,21,11,10,6,5,1,8,4,4,22,13,9,16,8,8,12,9,3,0,0,0
55075208,21,10,11,21,10,11,0,0,0,3,2,1,20,9,11,17,7,10,0,0,0,4,3,1
59260901,41,23,18,38,21,17,1,1,0,25,14,11,39,21,18,41,23,18,0,0,0,0,0,0
59260902,723,359,364,713,352,361,7,5,2,428,221,207,690,340,350,721,357,364,0,0,0,2,2,0
59261701,2121,1056,1065,2103,1047,1056,12,6,6,1694,880,814,2043,1021,1022,2088,1033,1055,0,0,0,33,23,10
59261702,1104,526,578,1088,516,572,14,10,4,806,390,416,1055,502,553,1100,522,578,0,0,0,4,4,0
59262501,359,174,185,357,173,184,1,1,0,154,77,77,339,167,172,358,173,185,0,0,0,1,1,0
59262502,37,23,14,37,23,14,0,0,0,13,9,4,36,22,14,25,15,10,0,0,0,12,8,4
59263301,151,85,66,150,84,66,1,1,0,73,45,28,147,82,65,150,84,66,0,0,0,1,1,0
59264101,1078,550,528,1074,548,526,4,2,2,685,370,315,1038,532,506,1067,542,525,6,3,3,5,5,0
59265001,586,300,286,583,299,284,2,0,2,234,129,105,549,285,264,584,298,286,0,0,0,2,2,0
59265002,55,33,22,54,32,22,0,0,0,20,13,7,52,30,22,55,33,22,0,0,0,0,0,0
59266801,217,107,110,210,105,105,2,1,1,110,55,55,203,102,101,214,105,109,0,0,0,3,2,1
59267601,1561,784,777,1553,780,773,7,4,3,1001,510,491,1509,756,753,1543,771,772,0,0,0,18,13,5
59269201,1530,770,760,1501,744,757,28,26,2,927,476,451,1457,718,739,1498,754,744,14,4,10,18,12,6
59270601,1115,542,573,1113,542,571,1,0,1,598,292,306,1064,514,550,1096,531,565,0,0,0,19,11,8
59271401,232,114,118,232,114,118,0,0,0,109,53,56,222,111,111,231,113,118,0,0,0,1,1,0
59272201,1095,550,545,1094,549,545,0,0,0,562,302,260,1059,528,531,1081,536,545,0,0,0,14,14,0
1729010,0,0,0,0,0,0,0,0,0,0,0,0,0,0,0,0,0,0,0,0,0,0,0,0
1729440,0,0,0,0,0,0,0,0,0,0,0,0,0,0,0,0,0,0,0,0,0,0,0,0
59200501,2120,1014,1106,2103,1005,1098,14,8,6,1153,580,573,2026,965,1061,2105,1010,1095,15,4,11,0,0,0
59200502,814,398,416,813,398,415,1,0,1,573,284,289,792,387,405,811,397,414,1,0,1,2,1,1
59200503,1075,527,548,1066,523,543,3,2,1,718,355,363,1036,504,532,1071,525,546,0,0,0,4,2,2
59200504,534,277,257,516,265,251,14,9,5,207,100,107,470,244,226,534,277,257,0,0,0,0,0,0
59200505,2735,1349,1386,2711,1336,1375,15,8,7,1261,644,617,2568,1260,1308,2730,1347,1383,0,0,0,5,2,3
59200506,3532,1731,1801,3516,1718,1798,13,11,2,2009,1035,974,3429,1682,1747,3522,1726,1796,0,0,0,10,5,5
59200507,566,280,286,497,249,248,19,9,10,227,110,117,463,228,235,494,245,249,72,35,37,0,0,0
59200508,58,29,29,57,29,28,1,0,1,33,21,12,56,29,27,58,29,29,0,0,0,0,0,0
59200509,613,280,333,612,280,332,1,0,1,389,166,223,585,270,315,598,275,323,15,5,10,0,0,0
59200510,258,123,135,255,123,132,3,0,3,151,71,80,247,118,129,258,123,135,0,0,0,0,0,0
59200511,2346,1157,1189,2289,1127,1162,45,25,20,1016,526,490,2170,1060,1110,2063,960,1103,40,12,28,243,185,58
59200512,321,149,172,318,147,171,1,1,0,132,65,67,300,142,158,305,146,159,16,3,13,0,0,0
59200513,932,415,517,928,413,515,4,2,2,477,236,241,881,393,488,920,411,509,0,0,0,12,4,8
59200514,477,209,268,472,209,263,4,0,4,211,105,106,458,201,257,474,206,268,3,3,0,0,0,0
59200515,52,36,16,29,13,16,23,23,0,13,8,5,35,20,15,29,13,16,22,22,0,1,1,0
59200516,26,12,14,26,12,14,0,0,0,9,5,4,22,9,13,0,0,0,11,7,4,15,5,10
59200517,3422,1553,1869,3389,1535,1854,24,13,11,1481,756,725,3263,1481,1782,3310,1532,1778,112,21,91,0,0,0
59200518,1377,634,743,1360,622,738,14,10,4,655,326,329,1298,593,705,1309,604,705,26,11,15,42,19,23
59200519,2059,940,1119,2027,919,1108,27,16,11,925,445,480,1946,886,1060,1974,894,1080,83,45,38,2,1,1
59200520,794,381,413,784,373,411,7,6,1,350,174,176,755,359,396,604,290,314,97,49,48,93,42,51
59200521,908,401,507,899,395,504,9,6,3,442,210,232,863,383,480,877,392,485,24,8,16,7,1,6
1730370,0,0,0,0,0,0,0,0,0,0,0,0,0,0,0,0,0,0,0,0,0,0,0,0
1731000,0,0,0,0,0,0,0,0,0,0,0,0,0,0,0,0,0,0,0,0,0,0,0,0
59273101,65,30,35,65,30,35,0,0,0,43,25,18,65,30,35,65,30,35,0,0,0,0,0,0
59273102,739,361,378,733,357,376,5,3,2,522,253,269,715,347,368,736,359,377,0,0,0,3,2,1
59273104,23,11,12,23,11,12,0,0,0,10,6,4,23,11,12,23,11,12,0,0,0,0,0,0
59273105,230,117,113,224,113,111,6,4,2,174,86,88,224,115,109,229,116,113,0,0,0,1,1,0
59273106,745,369,376,740,366,374,5,3,2,511,259,252,718,356,362,742,367,375,0,0,0,3,2,1
59273107,1024,520,504,1023,520,503,1,0,1,730,397,333,973,491,482,1017,515,502,0,0,0,7,5,2
59273108,33,20,13,32,19,13,1,1,0,20,12,8,26,17,9,24,13,11,4,3,1,5,4,1
59273110,92,48,44,91,48,43,1,0,1,60,33,27,89,47,42,91,47,44,0,0,0,1,1,0
59273112,940,433,507,936,432,504,3,1,2,578,282,296,911,421,490,930,429,501,0,0,0,10,4,6
59273113,4495,2104,2391,4437,2066,2371,53,33,20,2317,1154,1163,4230,1973,2257,4256,1993,2263,237,109,128,2,2,0
59273114,2132,1096,1036,2116,1087,1029,13,9,4,1166,631,535,1976,1015,961,1929,952,977,182,126,56,21,18,3
59273115,858,434,424,846,424,422,12,10,2,482,258,224,810,410,400,858,434,424,0,0,0,0,0,0
59273117,2209,1094,1115,2179,1072,1107,12,9,3,1334,698,636,2143,1062,1081,2161,1058,1103,43,33,10,5,3,2
59273119,2463,1222,1241,2429,1198,1231,32,23,9,1439,742,697,2356,1163,1193,2448,1211,1237,14,10,4,1,1,0
59273120,45,34,11,29,21,8,6,5,1,16,12,4,33,26,7,45,34,11,0,0,0,0,0,0
59274901,517,255,262,515,253,262,2,2,0,310,164,146,489,240,249,517,255,262,0,0,0,0,0,0
59274902,2474,1190,1284,2450,1174,1276,23,15,8,1470,719,751,2366,1134,1232,2393,1157,1236,81,33,48,0,0,0
59274903,1106,563,543,1097,560,537,8,2,6,638,337,301,1054,540,514,1045,515,530,0,0,0,61,48,13
59275701,236,119,117,236,119,117,0,0,0,90,46,44,217,110,107,234,117,117,0,0,0,2,2,0
59277301,51,32,19,49,31,18,2,1,1,30,21,9,51,32,19,45,28,17,0,0,0,6,4,2
59277303,47,26,21,47,26,21,0,0,0,31,19,12,46,26,20,47,26,21,0,0,0,0,0,0
59277304,85,46,39,85,46,39,0,0,0,50,31,19,85,46,39,80,42,38,0,0,0,5,4,1
59278101,403,203,200,403,203,200,0,0,0,211,112,99,390,198,192,392,198,194,6,1,5,5,4,1
59279001,1099,527,572,1090,527,563,8,0,8,420,222,198,1065,502,563,925,468,457,158,49,109,16,10,6
59280301,522,269,253,521,268,253,1,1,0,304,161,143,506,261,245,517,267,250,0,0,0,5,2,3
59282001,2810,1409,1401,2802,1403,1399,5,3,2,1918,975,943,2704,1358,1346,2743,1369,1374,13,2,11,54,38,16
59283801,96,54,42,88,52,36,5,0,5,62,37,25,87,50,37,88,50,38,0,0,0,8,4,4
59283802,32,22,10,32,22,10,0,0,0,12,9,3,24,19,5,31,21,10,0,0,0,1,1,0
59283803,25,13,12,25,13,12,0,0,0,19,11,8,24,13,11,25,13,12,0,0,0,0,0,0
59284601,947,487,460,941,484,457,5,2,3,540,287,253,906,464,442,937,478,459,1,1,0,9,8,1
59285401,321,166,155,318,165,153,3,1,2,163,86,77,290,151,139,316,162,154,0,0,0,5,4,1
59286201,1587,794,793,1583,791,792,3,2,1,835,414,421,1525,760,765,1571,783,788,0,0,0,16,11,5
59287102,42,20,22,37,17,20,5,3,2,26,12,14,37,17,20,42,20,22,0,0,0,0,0,0
59287105,128,64,64,121,60,61,6,3,3,75,36,39,112,56,56,118,57,61,0,0,0,10,7,3
54164801,49,32,17,48,32,16,0,0,0,13,8,5,46,29,17,49,32,17,0,0,0,0,0,0
54164802,923,478,445,918,473,445,5,5,0,446,237,209,873,454,419,893,463,430,0,0,0,30,15,15
54171101,108,55,53,108,55,53,0,0,0,53,30,23,106,54,52,73,39,34,0,0,0,35,16,19
54171102,171,82,89,170,81,89,0,0,0,82,43,39,164,78,86,148,70,78,0,0,0,23,12,11
54171103,30,14,16,30,14,16,0,0,0,15,7,8,27,12,15,13,7,6,0,0,0,17,7,10
54171104,696,344,352,696,344,352,0,0,0,327,175,152,675,332,343,681,337,344,0,0,0,15,7,8
0285680,0,0,0,0,0,0,0,0,0,0,0,0,0,0,0,0,0,0,0,0,0,0,0,0
54180001,31,18,13,31,18,13,0,0,0,18,13,5,31,18,13,29,17,12,0,0,0,2,1,1
54180002,65,31,34,65,31,34,0,0,0,17,5,12,59,28,31,48,24,24,0,0,0,17,7,10
54180003,20,9,11,20,9,11,0,0,0,14,5,9,19,9,10,18,8,10,0,0,0,2,1,1
54180004,1679,841,838,1666,836,830,10,3,7,973,512,461,1611,808,803,1643,818,825,20,14,6,16,9,7
54180006,36,18,18,36,18,18,0,0,0,26,15,11,34,17,17,36,18,18,0,0,0,0,0,0
54264402,81,45,36,78,42,36,3,3,0,55,32,23,77,41,36,81,45,36,0,0,0,0,0,0
54264403,1269,641,628,1264,639,625,4,2,2,842,464,378,1228,629,599,1245,621,624,0,0,0,24,20,4
54264404,72,43,29,72,43,29,0,0,0,40,29,11,68,40,28,71,42,29,0,0,0,1,1,0
54267901,1164,552,612,1151,542,609,13,10,3,639,322,317,1106,523,583,1098,510,588,14,7,7,52,35,17
54267902,193,97,96,192,96,96,1,1,0,108,57,51,182,93,89,193,97,96,0,0,0,0,0,0
54267903,208,103,105,205,100,105,2,2,0,150,79,71,205,103,102,205,103,102,0,0,0,3,0,3
54267904,115,57,58,115,57,58,0,0,0,81,45,36,113,56,57,107,54,53,0,0,0,8,3,5
54267905,75,38,37,75,38,37,0,0,0,46,29,17,70,37,33,75,38,37,0,0,0,0,0,0
54267906,95,46,49,95,46,49,0,0,0,60,29,31,91,44,47,95,46,49,0,0,0,0,0,0
54267907,87,48,39,86,48,38,1,0,1,41,23,18,85,47,38,82,45,37,0,0,0,5,3,2
54267908,242,130,112,240,128,112,2,2,0,156,87,69,232,123,109,241,129,112,0,0,0,1,1,0
54267909,137,69,68,137,69,68,0,0,0,85,50,35,131,65,66,136,69,67,0,0,0,1,0,1
54268702,152,76,76,151,76,75,1,0,1,86,47,39,145,72,73,136,70,66,0,0,0,16,6,10
54268703,23,12,11,23,12,11,0,0,0,20,11,9,23,12,11,23,12,11,0,0,0,0,0,0
54268704,57,30,27,57,30,27,0,0,0,30,17,13,49,25,24,44,23,21,0,0,0,13,7,6
54268706,442,219,223,439,217,222,2,2,0,271,148,123,428,214,214,415,204,211,1,1,0,26,14,12
54268707,57,31,26,57,31,26,0,0,0,31,15,16,56,30,26,49,26,23,0,0,0,8,5,3
54268710,41,23,18,41,23,18,0,0,0,22,13,9,39,23,16,23,12,11,0,0,0,18,11,7
54268711,32,13,19,32,13,19,0,0,0,21,9,12,31,13,18,32,13,19,0,0,0,0,0,0
54268712,45,23,22,45,23,22,0,0,0,21,12,9,44,22,22,35,19,16,0,0,0,10,4,6
54268713,27,11,16,27,11,16,0,0,0,14,4,10,21,8,13,25,10,15,0,0,0,2,1,1
54268714,51,23,28,50,23,27,1,0,1,24,12,12,49,23,26,43,20,23,7,3,4,1,0,1
54268715,64,33,31,64,33,31,0,0,0,39,21,18,58,28,30,60,29,31,2,2,0,2,2,0
54268716,275,145,130,269,144,125,6,1,5,165,94,71,268,145,123,234,124,110,7,4,3,34,17,17
54268717,187,90,97,187,90,97,0,0,0,123,68,55,178,85,93,173,83,90,0,0,0,14,7,7
54268718,926,479,447,922,478,444,2,1,1,536,308,228,891,457,434,896,459,437,2,2,0,28,18,10
54272501,1291,661,630,1289,660,629,2,1,1,710,405,305,1247,637,610,1287,658,629,4,3,1,0,0,0
54275001,2013,993,1020,2010,990,1020,3,3,0,1219,640,579,1925,947,978,1972,973,999,24,9,15,17,11,6
54275002,39,20,19,39,20,19,0,0,0,29,15,14,37,18,19,32,15,17,7,5,2,0,0,0
54275003,124,63,61,123,62,61,1,1,0,65,37,28,119,60,59,122,62,60,1,1,0,1,0,1
54276801,1577,796,781,1575,794,781,2,2,0,975,525,450,1515,766,749,1557,781,776,0,0,0,20,15,5
54276802,79,34,45,78,34,44,1,0,1,53,21,32,75,33,42,79,34,45,0,0,0,0,0,0
54276803,561,264,297,559,263,296,1,0,1,354,174,180,538,254,284,559,263,296,0,0,0,2,1,1
54276804,36,17,19,35,16,19,1,1,0,24,13,11,33,15,18,32,16,16,0,0,0,4,1,3
54278401,63,30,33,63,30,33,0,0,0,45,20,25,62,30,32,63,30,33,0,0,0,0,0,0
54278402,32,13,19,32,13,19,0,0,0,15,6,9,31,13,18,32,13,19,0,0,0,0,0,0
54278403,39,19,20,39,19,20,0,0,0,23,9,14,35,16,19,39,19,20,0,0,0,0,0,0
54278404,56,25,31,56,25,31,0,0,0,48,24,24,55,24,31,56,25,31,0,0,0,0,0,0
54278407,343,181,162,343,181,162,0,0,0,183,94,89,323,169,154,316,161,155,0,0,0,27,20,7
54278408,109,56,53,108,56,52,0,0,0,54,30,24,100,51,49,109,56,53,0,0,0,0,0,0
54278409,132,64,68,131,64,67,1,0,1,92,48,44,127,61,66,128,63,65,0,0,0,4,1,3
54278410,106,54,52,106,54,52,0,0,0,68,39,29,103,52,51,100,51,49,0,0,0,6,3,3
54278411,666,322,344,666,322,344,0,0,0,425,218,207,655,319,336,664,321,343,0,0,0,2,1,1
54278412,297,148,149,294,146,148,3,2,1,183,106,77,290,146,144,297,148,149,0,0,0,0,0,0
54278413,46,28,18,46,28,18,0,0,0,32,24,8,45,27,18,46,28,18,0,0,0,0,0,0
54278414,195,104,91,195,104,91,0,0,0,121,66,55,194,103,91,195,104,91,0,0,0,0,0,0
54281401,737,369,368,735,368,367,1,0,1,396,226,170,703,349,354,693,343,350,0,0,0,44,26,18
54281402,43,19,24,43,19,24,0,0,0,28,14,14,43,19,24,43,19,24,0,0,0,0,0,0
54281403,162,72,90,161,72,89,1,0,1,106,45,61,152,65,87,156,69,87,1,1,0,5,2,3
54281404,108,55,53,104,53,51,4,2,2,54,30,24,106,53,53,99,52,47,0,0,0,9,3,6
54281405,43,26,17,41,25,16,1,1,0,17,13,4,41,24,17,35,21,14,0,0,0,8,5,3
54281406,747,368,379,746,367,379,1,1,0,410,211,199,731,363,368,743,365,378,0,0,0,4,3,1
54281407,29,15,14,29,15,14,0,0,0,18,9,9,28,14,14,29,15,14,0,0,0,0,0,0
54281408,60,28,32,60,28,32,0,0,0,37,18,19,58,27,31,50,24,26,4,1,3,6,3,3
54283101,21,11,10,21,11,10,0,0,0,10,7,3,21,11,10,21,11,10,0,0,0,0,0,0
54283102,718,356,362,711,352,359,3,2,1,357,193,164,680,336,344,671,342,329,37,5,32,10,9,1
54286501,1905,964,941,1894,958,936,8,4,4,883,468,415,1828,929,899,1879,942,937,4,3,1,22,19,3
54286504,43,29,14,43,29,14,0,0,0,20,14,6,43,29,14,43,29,14,0,0,0,0,0,0
57034601,744,366,378,739,362,377,4,3,1,366,192,174,699,342,357,717,346,371,8,7,1,19,13,6
54290301,514,257,257,513,256,257,1,1,0,264,145,119,496,247,249,508,253,255,0,0,0,6,4,2
54290302,82,41,41,81,40,41,1,1,0,33,19,14,73,37,36,72,37,35,0,0,0,10,4,6
54290303,103,55,48,103,55,48,0,0,0,53,32,21,96,50,46,94,52,42,0,0,0,9,3,6
54290305,132,73,59,131,72,59,0,0,0,62,34,28,128,71,57,116,63,53,0,0,0,16,10,6
54291101,179,96,83,176,94,82,3,2,1,96,57,39,176,95,81,178,96,82,0,0,0,1,0,1
54291103,52,32,20,52,32,20,0,0,0,32,23,9,51,32,19,52,32,20,0,0,0,0,0,0
54291104,2169,1079,1090,2140,1062,1078,25,15,10,1147,617,530,2023,1002,1021,1959,981,978,171,65,106,39,33,6
54291105,58,29,29,58,29,29,0,0,0,28,14,14,56,28,28,56,28,28,0,0,0,2,1,1
54294602,50,25,25,50,25,25,0,0,0,30,17,13,50,25,25,42,21,21,0,0,0,8,4,4
54294603,976,522,454,970,517,453,6,5,1,521,295,226,922,501,421,962,514,448,0,0,0,14,8,6
54298901,101,49,52,101,49,52,0,0,0,65,34,31,94,45,49,101,49,52,0,0,0,0,0,0
54298902,150,78,72,149,77,72,1,1,0,82,47,35,138,72,66,150,78,72,0,0,0,0,0,0
54298903,137,75,62,136,75,61,1,0,1,79,53,26,131,71,60,132,72,60,0,0,0,5,3,2
54298904,254,131,123,254,131,123,0,0,0,157,90,67,242,126,116,254,131,123,0,0,0,0,0,0
54298905,1188,602,586,1181,598,583,7,4,3,712,378,334,1137,577,560,1164,587,577,1,1,0,23,14,9
54298906,748,374,374,748,374,374,0,0,0,480,256,224,727,366,361,743,373,370,4,0,4,1,1,0
54299701,451,235,216,450,234,216,1,1,0,285,173,112,426,222,204,446,232,214,0,0,0,5,3,2
50006201,1821,910,911,1818,908,910,2,2,0,753,405,348,1721,854,867,1808,901,907,0,0,0,13,9,4
50006202,199,101,98,199,101,98,0,0,0,83,44,39,190,99,91,199,101,98,0,0,0,0,0,0
54302101,46,28,18,45,28,17,1,0,1,23,17,6,44,27,17,46,28,18,0,0,0,0,0,0
54302102,575,304,271,573,303,270,1,1,0,334,196,138,527,280,247,568,298,270,0,0,0,7,6,1
54309801,829,408,421,826,408,418,2,0,2,537,301,236,793,394,399,818,399,419,6,4,2,5,5,0
54426401,633,318,315,633,318,315,0,0,0,348,189,159,617,313,304,623,310,313,0,0,0,10,8,2
54430201,394,205,189,394,205,189,0,0,0,230,128,102,371,192,179,374,197,177,7,2,5,13,6,7
54430202,719,355,364,717,353,364,2,2,0,395,214,181,675,333,342,702,342,360,6,4,2,11,9,2
54430203,214,110,104,214,110,104,0,0,0,99,59,40,211,110,101,207,107,100,0,0,0,7,3,4
54430204,143,62,81,143,62,81,0,0,0,93,41,52,139,62,77,142,61,81,0,0,0,1,1,0
54430206,254,123,131,254,123,131,0,0,0,148,72,76,238,117,121,254,123,131,0,0,0,0,0,0
54430207,113,54,59,113,54,59,0,0,0,59,30,29,109,51,58,113,54,59,0,0,0,0,0,0
54430208,170,86,84,170,86,84,0,0,0,98,51,47,164,82,82,167,85,82,0,0,0,3,1,2
55686601,42,19,23,42,19,23,0,0,0,22,13,9,42,19,23,23,10,13,0,0,0,19,9,10
55686602,691,351,340,673,333,340,18,18,0,339,177,162,643,324,319,672,340,332,0,0,0,19,11,8
54437001,1685,853,832,1678,849,829,6,3,3,1184,627,557,1618,818,800,1665,836,829,0,0,0,20,17,3
54437003,34,19,15,34,19,15,0,0,0,19,10,9,34,19,15,34,19,15,0,0,0,0,0,0
54439601,26,11,15,26,11,15,0,0,0,15,5,10,26,11,15,26,11,15,0,0,0,0,0,0
54439602,29,14,15,29,14,15,0,0,0,13,7,6,29,14,15,23,10,13,0,0,0,6,4,2
54439603,50,23,27,50,23,27,0,0,0,31,20,11,49,22,27,45,20,25,0,0,0,5,3,2
54439604,1307,627,680,1304,624,680,3,3,0,715,371,344,1237,592,645,1251,598,653,30,13,17,26,16,10
54439605,65,32,33,65,32,33,0,0,0,49,26,23,64,31,33,64,31,33,0,0,0,1,1,0
54441801,127,60,67,127,60,67,0,0,0,75,37,38,120,55,65,127,60,67,0,0,0,0,0,0
54441802,665,315,350,664,315,349,1,0,1,353,171,182,626,294,332,648,300,348,0,0,0,17,15,2
54443402,63,31,32,62,30,32,1,1,0,20,8,12,61,30,31,60,29,31,0,0,0,3,2,1
54443405,517,251,266,515,249,266,2,2,0,307,154,153,494,238,256,508,245,263,0,0,0,9,6,3
54446901,53,25,28,53,25,28,0,0,0,25,12,13,51,24,27,49,24,25,0,0,0,4,1,3
54446902,216,112,104,215,112,103,1,0,1,118,68,50,207,109,98,206,105,101,0,0,0,10,7,3
54450701,31,20,11,31,20,11,0,0,0,14,11,3,25,16,9,31,20,11,0,0,0,0,0,0
54450702,30,16,14,30,16,14,0,0,0,4,3,1,29,15,14,30,16,14,0,0,0,0,0,0
54450703,721,372,349,721,372,349,0,0,0,383,204,179,694,358,336,710,364,346,0,0,0,11,8,3
54450704,23,11,12,23,11,12,0,0,0,11,6,5,22,11,11,23,11,12,0,0,0,0,0,0
54456601,30,18,12,30,18,12,0,0,0,16,11,5,27,16,11,24,15,9,0,0,0,6,3,3
54456602,1801,920,881,1785,907,878,16,13,3,1159,625,534,1759,897,862,1733,878,855,15,3,12,53,39,14
54456603,501,262,239,497,262,235,4,0,4,335,189,146,492,257,235,495,258,237,4,2,2,2,2,0
54456604,65,33,32,64,32,32,1,1,0,43,20,23,64,33,31,64,32,32,0,0,0,1,1,0
54457401,333,171,162,332,170,162,0,0,0,165,90,75,326,168,158,301,152,149,0,0,0,32,19,13
54457402,64,34,30,64,34,30,0,0,0,27,17,10,61,33,28,64,34,30,0,0,0,0,0,0
54457403,62,28,34,62,28,34,0,0,0,24,9,15,56,25,31,62,28,34,0,0,0,0,0,0
56949601,252,144,108,251,143,108,0,0,0,132,83,49,240,138,102,247,139,108,0,0,0,5,5,0
54462101,569,282,287,568,282,286,1,0,1,285,154,131,533,266,267,557,273,284,0,0,0,12,9,3
50007101,1716,875,841,1715,874,841,1,1,0,774,424,350,1652,845,807,1700,867,833,0,0,0,16,8,8
54465501,559,272,287,558,271,287,1,1,0,338,171,167,544,261,283,543,261,282,5,4,1,11,7,4
54467101,456,237,219,456,237,219,0,0,0,291,165,126,439,231,208,442,229,213,0,0,0,14,8,6
54467102,46,24,22,46,24,22,0,0,0,23,13,10,44,23,21,42,22,20,0,0,0,4,2,2
54469801,314,157,157,314,157,157,0,0,0,174,91,83,298,151,147,278,139,139,0,0,0,36,18,18
54469802,110,52,58,110,52,58,0,0,0,55,23,32,104,48,56,110,52,58,0,0,0,0,0,0
54469803,67,35,32,67,35,32,0,0,0,34,17,17,64,35,29,50,24,26,0,0,0,17,11,6
54469805,80,40,40,80,40,40,0,0,0,47,26,21,77,38,39,80,40,40,0,0,0,0,0,0
54469806,1140,559,581,1139,558,581,1,1,0,628,320,308,1097,536,561,1080,527,553,3,1,2,57,31,26
54472801,79,46,33,78,45,33,1,1,0,32,26,6,77,45,32,60,37,23,0,0,0,19,9,10
54472803,564,292,272,563,291,272,1,1,0,250,127,123,535,278,257,489,240,249,61,43,18,14,9,5
54478701,1719,872,847,1713,869,844,6,3,3,971,536,435,1660,843,817,1684,845,839,0,0,0,35,27,8
54478702,55,23,32,55,23,32,0,0,0,36,16,20,54,22,32,52,23,29,0,0,0,3,0,3
54484101,1498,716,782,1468,699,769,24,14,10,720,379,341,1437,689,748,1498,716,782,0,0,0,0,0,0
54484103,81,35,46,44,20,24,24,12,12,28,14,14,53,25,28,43,20,23,37,15,22,1,0,1
54484104,1125,536,589,1105,529,576,19,6,13,469,252,217,1060,506,554,1121,532,589,4,4,0,0,0,0
54484105,1668,816,852,1640,800,840,21,12,9,726,413,313,1525,754,771,1253,590,663,211,64,147,204,162,42
54484106,146,71,75,141,69,72,5,2,3,82,41,41,140,68,72,144,70,74,0,0,0,2,1,1
54484108,27,12,15,27,12,15,0,0,0,16,6,10,27,12,15,27,12,15,0,0,0,0,0,0
54484109,418,209,209,392,198,194,23,10,13,219,122,97,393,195,198,386,192,194,28,14,14,4,3,1
54484110,731,354,377,723,349,374,7,5,2,423,224,199,698,339,359,726,351,375,0,0,0,5,3,2
54484111,148,71,77,148,71,77,0,0,0,88,45,43,138,67,71,148,71,77,0,0,0,0,0,0
54484112,130,65,65,130,65,65,0,0,0,64,32,32,125,61,64,112,55,57,0,0,0,18,10,8
54484113,1652,773,879,1631,761,870,17,10,7,725,357,368,1593,746,847,1652,773,879,0,0,0,0,0,0
54484114,2083,974,1109,2068,969,1099,10,4,6,971,486,485,1984,937,1047,2083,974,1109,0,0,0,0,0,0
54484115,1240,606,634,1234,605,629,5,0,5,723,370,353,1172,577,595,1238,604,634,0,0,0,2,2,0
54484116,2360,1103,1257,2328,1079,1249,23,16,7,1082,567,515,2252,1045,1207,2310,1058,1252,49,44,5,1,1,0
54484117,390,180,210,390,180,210,0,0,0,251,121,130,370,171,199,390,180,210,0,0,0,0,0,0
54484119,182,95,87,182,95,87,0,0,0,113,63,50,177,93,84,174,89,85,0,0,0,8,6,2
54484120,649,323,326,646,321,325,2,1,1,377,201,176,627,312,315,615,306,309,1,1,0,33,16,17
54484121,317,158,159,285,144,141,30,13,17,178,94,84,298,149,149,283,143,140,32,14,18,2,1,1
54484122,91,45,46,90,44,46,0,0,0,50,26,24,84,41,43,88,42,46,1,1,0,2,2,0
54484123,1069,528,541,1052,519,533,14,7,7,545,289,256,1033,511,522,1065,526,539,4,2,2,0,0,0
54485002,658,329,329,655,328,327,2,1,1,363,185,178,632,318,314,626,311,315,0,0,0,32,18,14
54485003,69,31,38,69,31,38,0,0,0,30,13,17,68,30,38,69,31,38,0,0,0,0,0,0
54485004,88,46,42,87,45,42,1,1,0,48,25,23,81,43,38,88,46,42,0,0,0,0,0,0
54485005,77,35,42,77,35,42,0,0,0,38,20,18,67,29,38,77,35,42,0,0,0,0,0,0
54490601,292,152,140,292,152,140,0,0,0,167,96,71,279,144,135,288,148,140,0,0,0,4,4,0
54491401,533,268,265,525,265,260,7,3,4,354,197,157,517,260,257,527,263,264,2,2,0,4,3,1
54492201,844,430,414,843,429,414,1,1,0,454,252,202,812,414,398,829,421,408,2,2,0,13,7,6
57037101,577,282,295,576,282,294,1,0,1,260,141,119,551,262,289,564,273,291,0,0,0,13,9,4
54494902,336,168,168,335,168,167,1,0,1,220,117,103,327,165,162,332,166,166,0,0,0,4,2,2
54494903,641,315,326,634,308,326,7,7,0,417,203,214,618,299,319,610,291,319,5,3,2,26,21,5
54494904,75,40,35,74,39,35,1,1,0,40,23,17,74,39,35,70,38,32,0,0,0,5,2,3
54494905,76,39,37,76,39,37,0,0,0,52,28,24,73,37,36,73,37,36,0,0,0,3,2,1
54494906,66,30,36,66,30,36,0,0,0,45,22,23,65,30,35,65,29,36,0,0,0,1,1,0
54494907,206,107,99,205,107,98,1,0,1,115,62,53,198,103,95,206,107,99,0,0,0,0,0,0
54494908,446,201,245,441,200,241,5,1,4,291,141,150,430,196,234,411,191,220,30,8,22,5,2,3
54494909,74,38,36,74,38,36,0,0,0,46,24,22,72,38,34,69,36,33,0,0,0,5,2,3
54494910,241,124,117,240,123,117,1,1,0,154,84,70,230,118,112,240,124,116,0,0,0,1,0,1
54499001,1256,635,621,1251,632,619,5,3,2,679,375,304,1194,602,592,1243,627,616,2,0,2,11,8,3
54499002,153,80,73,153,80,73,0,0,0,88,46,42,150,78,72,144,75,69,0,0,0,9,5,4
55302601,408,194,214,405,192,213,3,2,1,281,138,143,391,187,204,405,194,211,2,0,2,1,0,1
54505801,640,332,308,590,304,286,48,28,20,376,189,187,603,312,291,568,282,286,69,48,21,3,2,1
54505802,964,476,488,961,475,486,1,1,0,648,340,308,933,461,472,941,466,475,0,0,0,23,10,13
54505803,218,109,109,217,108,109,1,1,0,152,77,75,213,109,104,215,107,108,0,0,0,3,2,1
54505804,258,131,127,256,129,127,1,1,0,175,97,78,254,128,126,256,130,126,0,0,0,2,1,1
54505805,231,119,112,231,119,112,0,0,0,154,90,64,219,113,106,230,118,112,0,0,0,1,1,0
54505806,3016,1365,1651,2941,1329,1612,68,33,35,1617,798,819,2855,1283,1572,3016,1365,1651,0,0,0,0,0,0
54505807,193,94,99,190,91,99,2,2,0,124,59,65,190,93,97,193,94,99,0,0,0,0,0,0
54505808,90,44,46,88,42,46,1,1,0,55,29,26,87,43,44,90,44,46,0,0,0,0,0,0
54505809,288,151,137,286,149,137,2,2,0,177,94,83,281,146,135,288,151,137,0,0,0,0,0,0
54505810,2497,1163,1334,2402,1109,1293,84,46,38,1260,628,632,2336,1087,1249,2447,1127,1320,50,36,14,0,0,0
54505811,641,321,320,617,310,307,22,9,13,364,184,180,598,304,294,620,302,318,18,18,0,3,1,2
54505812,276,139,137,269,133,136,7,6,1,143,80,63,254,129,125,269,133,136,6,5,1,1,1,0
54505813,55,47,8,48,40,8,6,6,0,19,18,1,40,34,6,8,6,2,17,16,1,30,25,5
54505814,2456,1205,1251,2432,1190,1242,19,10,9,1341,701,640,2367,1162,1205,2450,1201,1249,0,0,0,6,4,2
54505815,2321,1132,1189,2291,1119,1172,25,11,14,1288,665,623,2235,1087,1148,2318,1129,1189,2,2,0,1,1,0
54505816,301,154,147,293,150,143,6,4,2,152,88,64,287,149,138,297,152,145,4,2,2,0,0,0
54505817,1944,896,1048,1913,883,1030,29,12,17,1029,524,505,1875,862,1013,1942,896,1046,0,0,0,2,0,2
54505818,90,48,42,68,36,32,21,11,10,52,33,19,78,42,36,77,40,37,13,8,5,0,0,0
54505820,898,497,401,885,490,395,12,6,6,399,221,178,866,482,384,562,250,312,19,7,12,317,240,77
54505821,294,135,159,294,135,159,0,0,0,173,83,90,284,132,152,291,134,157,3,1,2,0,0,0
54505822,459,219,240,458,218,240,1,1,0,283,145,138,441,210,231,458,218,240,1,1,0,0,0,0
54505823,1638,789,849,1617,775,842,20,14,6,909,466,443,1540,745,795,1435,699,736,203,90,113,0,0,0
54505825,218,113,105,217,112,105,1,1,0,108,52,56,212,110,102,217,112,105,1,1,0,0,0,0
54505826,240,102,138,239,101,138,0,0,0,167,70,97,232,99,133,237,100,137,0,0,0,3,2,1
54505828,1355,685,670,1354,684,670,1,1,0,927,492,435,1303,650,653,1340,678,662,0,0,0,15,7,8
54505829,128,65,63,126,65,61,2,0,2,85,41,44,121,63,58,111,59,52,2,0,2,15,6,9
54514701,101,52,49,100,52,48,1,0,1,56,29,27,99,52,47,100,51,49,0,0,0,1,1,0
54514702,97,52,45,97,52,45,0,0,0,60,38,22,94,50,44,97,52,45,0,0,0,0,0,0
54514703,87,42,45,87,42,45,0,0,0,43,22,21,84,41,43,50,22,28,0,0,0,37,20,17
54514704,192,96,96,192,96,96,0,0,0,99,53,46,176,90,86,188,94,94,0,0,0,4,2,2
54516301,227,116,111,226,115,111,1,1,0,158,90,68,217,111,106,205,104,101,0,0,0,22,12,10
54516302,1080,515,565,1071,508,563,8,6,2,675,341,334,1019,482,537,1045,495,550,0,0,0,35,20,15
54516303,68,36,32,67,36,31,0,0,0,48,28,20,68,36,32,67,36,31,0,0,0,1,0,1
54516304,41,22,19,40,21,19,1,1,0,27,15,12,37,20,17,41,22,19,0,0,0,0,0,0
54516306,41,22,19,41,22,19,0,0,0,27,14,13,40,22,18,32,17,15,0,0,0,9,5,4
54516307,33,14,19,33,14,19,0,0,0,19,7,12,31,12,19,26,11,15,1,1,0,6,2,4
54516308,229,118,111,225,114,111,4,4,0,134,75,59,212,106,106,216,112,104,1,1,0,12,5,7
54516310,208,114,94,203,111,92,5,3,2,143,84,59,202,111,91,199,110,89,0,0,0,9,4,5
54516312,24,13,11,24,13,11,0,0,0,18,10,8,24,13,11,24,13,11,0,0,0,0,0,0
54516313,90,49,41,90,49,41,0,0,0,64,37,27,88,48,40,84,45,39,0,0,0,6,4,2
54516314,114,63,51,112,62,50,2,1,1,71,44,27,106,59,47,113,63,50,0,0,0,1,0,1
54516315,58,25,33,57,25,32,1,0,1,31,12,19,51,21,30,55,24,31,3,1,2,0,0,0
54519801,161,82,79,160,81,79,0,0,0,63,33,30,155,79,76,161,82,79,0,0,0,0,0,0
54519802,1378,678,700,1376,676,700,1,1,0,809,416,393,1324,652,672,1352,658,694,0,0,0,26,20,6
54519803,96,53,43,96,53,43,0,0,0,49,31,18,90,51,39,96,53,43,0,0,0,0,0,0
54519804,38,20,18,38,20,18,0,0,0,26,16,10,36,19,17,38,20,18,0,0,0,0,0,0
54521001,1061,523,538,1055,519,536,5,3,2,464,247,217,1008,495,513,1044,509,535,2,1,1,15,13,2
3311710,0,0,0,0,0,0,0,0,0,0,0,0,0,0,0,0,0,0,0,0,0,0,0,0
3410700,0,0,0,0,0,0,0,0,0,0,0,0,0,0,0,0,0,0,0,0,0,0,0,0
54163001,2166,1011,1155,2159,1006,1153,6,4,2,1299,646,653,2085,968,1117,2166,1011,1155,0,0,0,0,0,0
54163002,33,18,15,33,18,15,0,0,0,24,13,11,33,18,15,28,15,13,0,0,0,5,3,2
54163004,95,47,48,95,47,48,0,0,0,67,32,35,92,46,46,84,41,43,1,1,0,10,5,5
54163005,1168,581,587,1163,577,586,5,4,1,731,378,353,1118,555,563,1143,562,581,17,12,5,8,7,1
54163006,295,132,163,288,126,162,6,5,1,166,82,84,288,128,160,295,132,163,0,0,0,0,0,0
54163008,780,408,372,771,403,368,8,5,3,513,275,238,751,387,364,717,358,359,13,12,1,50,38,12
54163009,111,54,57,110,53,57,1,1,0,64,29,35,101,48,53,110,53,57,0,0,0,1,1,0
54163010,445,219,226,444,218,226,0,0,0,313,163,150,436,214,222,416,203,213,0,0,0,29,16,13
54163011,2696,1295,1401,2684,1289,1395,11,6,5,1596,781,815,2612,1245,1367,2691,1294,1397,0,0,0,5,1,4
54163012,618,288,330,609,285,324,9,3,6,361,186,175,585,266,319,592,275,317,21,9,12,5,4,1
54163013,335,175,160,335,175,160,0,0,0,238,134,104,325,171,154,331,172,159,0,0,0,4,3,1
54163014,2413,1118,1295,2391,1104,1287,20,13,7,1411,694,717,2348,1085,1263,2354,1101,1253,59,17,42,0,0,0
54163015,2577,1193,1384,2543,1174,1369,29,17,12,1541,758,783,2452,1139,1313,2573,1190,1383,1,1,0,3,2,1
54163016,2363,1095,1268,2341,1082,1259,20,13,7,1436,698,738,2270,1047,1223,2360,1092,1268,1,1,0,2,2,0
54163018,506,246,260,506,246,260,0,0,0,354,185,169,494,241,253,479,226,253,26,19,7,1,1,0
54163019,1050,499,551,1045,494,551,4,4,0,655,334,321,1007,476,531,1008,487,521,42,12,30,0,0,0
54163020,2194,1021,1173,2175,1014,1161,14,6,8,1341,686,655,2086,974,1112,2186,1018,1168,2,0,2,6,3,3
54163021,515,243,272,508,239,269,7,4,3,373,182,191,489,227,262,512,242,270,0,0,0,3,1,2
54163022,142,106,36,14,9,5,111,85,26,15,10,5,58,42,16,0,0,0,116,83,33,26,23,3
54163023,169,80,89,169,80,89,0,0,0,117,59,58,169,80,89,168,79,89,0,0,0,1,1,0
54163024,951,469,482,949,468,481,2,1,1,627,329,298,918,454,464,920,456,464,19,6,13,12,7,5
54163026,459,214,245,456,212,244,3,2,1,303,153,150,438,204,234,459,214,245,0,0,0,0,0,0
54163027,69,37,32,67,35,32,2,2,0,47,25,22,66,36,30,61,30,31,0,0,0,8,7,1
54163028,2159,1127,1032,2093,1091,1002,60,34,26,1204,624,580,2063,1075,988,1699,794,905,21,11,10,439,322,117
54163029,649,295,354,645,293,352,4,2,2,379,183,196,618,284,334,608,286,322,41,9,32,0,0,0
54523601,526,268,258,525,268,257,1,0,1,322,164,158,504,255,249,526,268,258,0,0,0,0,0,0
54523602,2381,1196,1185,2348,1166,1182,33,30,3,1213,650,563,2252,1130,1122,2305,1139,1166,42,31,11,34,26,8
54523603,64,31,33,64,31,33,0,0,0,23,11,12,62,30,32,64,31,33,0,0,0,0,0,0
54524401,484,224,260,483,224,259,1,0,1,309,148,161,467,217,250,462,213,249,0,0,0,22,11,11
54524403,41,17,24,40,16,24,1,1,0,20,10,10,39,16,23,33,13,20,0,0,0,8,4,4
54525201,86,42,44,86,42,44,0,0,0,57,31,26,79,39,40,86,42,44,0,0,0,0,0,0
54525202,111,58,53,110,57,53,1,1,0,67,38,29,106,56,50,109,57,52,0,0,0,2,1,1
54525203,789,402,387,788,401,387,1,1,0,547,290,257,756,385,371,784,399,385,0,0,0,5,3,2
54525204,4346,2167,2179,4306,2144,2162,33,19,14,2573,1354,1219,4147,2072,2075,4278,2113,2165,7,6,1,61,48,13
58831801,317,157,160,316,157,159,1,0,1,121,66,55,303,149,154,311,153,158,0,0,0,6,4,2
58507601,646,320,326,642,318,324,4,2,2,379,200,179,619,311,308,630,308,322,1,1,0,15,11,4
55710201,362,182,180,361,182,179,1,0,1,193,106,87,340,172,168,355,178,177,0,0,0,7,4,3
58509201,748,368,380,743,365,378,3,2,1,400,196,204,735,361,374,732,360,372,0,0,0,16,8,8
58510601,44,21,23,44,21,23,0,0,0,28,16,12,40,20,20,44,21,23,0,0,0,0,0,0
58510602,612,315,297,611,314,297,1,1,0,391,215,176,581,306,275,608,312,296,0,0,0,4,3,1
58510603,89,45,44,87,44,43,1,1,0,51,31,20,87,44,43,85,42,43,0,0,0,4,3,1
3136450,0,0,0,0,0,0,0,0,0,0,0,0,0,0,0,0,0,0,0,0,0,0,0,0
58511402,36,19,17,36,19,17,0,0,0,15,9,6,36,19,17,36,19,17,0,0,0,0,0,0
58511403,1122,576,546,1114,571,543,7,5,2,766,412,354,1083,558,525,1120,576,544,0,0,0,2,0,2
58511404,644,324,320,639,319,320,5,5,0,443,239,204,614,310,304,637,319,318,7,5,2,0,0,0
58511405,76,38,38,72,37,35,3,0,3,37,21,16,73,38,35,76,38,38,0,0,0,0,0,0
58511406,160,85,75,146,76,70,14,9,5,102,56,46,142,76,66,142,77,65,0,0,0,18,8,10
58511407,276,153,123,274,151,123,2,2,0,207,115,92,268,148,120,273,151,122,0,0,0,3,2,1
58511408,1344,656,688,1327,648,679,16,7,9,859,436,423,1246,610,636,1342,655,687,2,1,1,0,0,0
58511409,67,37,30,66,37,29,1,0,1,49,30,19,63,35,28,65,36,29,0,0,0,2,1,1
58511410,513,265,248,513,265,248,0,0,0,365,204,161,501,259,242,513,265,248,0,0,0,0,0,0
58511411,953,471,482,934,459,475,18,11,7,581,300,281,900,444,456,884,423,461,11,7,4,58,41,17
53874401,1227,600,627,1225,598,627,1,1,0,622,308,314,1173,569,604,1207,586,621,0,0,0,20,14,6
53874402,85,48,37,84,47,37,1,1,0,39,21,18,82,46,36,74,40,34,0,0,0,11,8,3
53874403,30,17,13,30,17,13,0,0,0,14,9,5,28,16,12,21,12,9,0,0,0,9,5,4
3411420,0,0,0,0,0,0,0,0,0,0,0,0,0,0,0,0,0,0,0,0,0,0,0,0
58513101,503,246,257,499,244,255,4,2,2,249,128,121,481,238,243,496,241,255,0,0,0,7,5,2
58514901,668,344,324,632,309,323,35,34,1,329,167,162,609,295,314,650,334,316,0,0,0,18,10,8
58514902,25,14,11,21,10,11,4,4,0,7,3,4,19,9,10,25,14,11,0,0,0,0,0,0
58515701,190,92,98,184,89,95,6,3,3,82,41,41,183,88,95,188,90,98,0,0,0,2,2,0
58516501,223,111,112,222,111,111,0,0,0,140,73,67,216,106,110,222,110,112,0,0,0,1,1,0
58517301,638,311,327,632,308,324,6,3,3,355,187,168,614,297,317,613,299,314,2,1,1,23,11,12
58518101,578,296,282,578,296,282,0,0,0,291,144,147,544,281,263,568,288,280,0,0,0,10,8,2
58519001,406,215,191,398,209,189,8,6,2,237,145,92,388,205,183,395,207,188,6,4,2,5,4,1
58520301,335,177,158,334,176,158,1,1,0,181,106,75,317,171,146,312,163,149,0,0,0,23,14,9
58521101,35,15,20,35,15,20,0,0,0,13,2,11,31,14,17,35,15,20,0,0,0,0,0,0
58521103,311,158,153,310,158,152,0,0,0,176,89,87,303,153,150,311,158,153,0,0,0,0,0,0
58521105,101,52,49,101,52,49,0,0,0,65,35,30,99,50,49,101,52,49,0,0,0,0,0,0
58521106,66,35,31,65,34,31,1,1,0,22,12,10,63,33,30,66,35,31,0,0,0,0,0,0
58521107,1470,713,757,1464,709,755,2,2,0,754,376,378,1406,680,726,1382,661,721,60,29,31,28,23,5
58521108,1319,668,651,1312,664,648,6,4,2,664,363,301,1225,612,613,1319,668,651,0,0,0,0,0,0
58521109,84,41,43,84,41,43,0,0,0,35,18,17,79,38,41,82,40,42,0,0,0,2,1,1
58521110,275,144,131,273,142,131,2,2,0,138,72,66,259,136,123,264,138,126,0,0,0,11,6,5
58522001,86,41,45,83,39,44,2,1,1,30,12,18,83,39,44,72,32,40,0,0,0,14,9,5
58522002,586,293,293,577,290,287,9,3,6,291,155,136,550,279,271,579,289,290,0,0,0,7,4,3
58522003,1070,542,528,1065,539,526,5,3,2,631,315,316,1031,524,507,1036,522,514,0,0,0,34,20,14
58522004,109,61,48,108,60,48,0,0,0,56,34,22,105,59,46,109,61,48,0,0,0,0,0,0
58522005,57,33,24,56,33,23,1,0,1,24,18,6,51,31,20,50,28,22,0,0,0,7,5,2
58523801,83,44,39,82,43,39,1,1,0,38,23,15,79,42,37,83,44,39,0,0,0,0,0,0
58524601,565,277,288,563,275,288,2,2,0,305,161,144,537,261,276,542,265,277,0,0,0,23,12,11
58525401,287,157,130,284,154,130,3,3,0,162,95,67,273,146,127,280,152,128,0,0,0,7,5,2
58525402,243,128,115,239,127,112,4,1,3,138,81,57,236,126,110,237,124,113,0,0,0,6,4,2
58526201,20,9,11,20,9,11,0,0,0,5,2,3,18,8,10,20,9,11,0,0,0,0,0,0
58526202,444,221,223,437,215,222,6,5,1,199,110,89,404,202,202,399,201,198,37,15,22,8,5,3
58527101,528,265,263,525,262,263,1,1,0,301,153,148,515,257,258,527,264,263,0,0,0,1,1,0
58528901,1299,652,647,1297,651,646,2,1,1,638,346,292,1245,624,621,1262,627,635,6,4,2,31,21,10
58530101,897,448,449,894,447,447,2,1,1,531,295,236,862,431,431,876,438,438,0,0,0,21,10,11
58531901,257,137,120,256,136,120,0,0,0,154,92,62,246,132,114,255,135,120,0,0,0,2,2,0
58532701,261,129,132,258,126,132,3,3,0,157,82,75,256,124,132,260,129,131,0,0,0,1,0,1
58705201,236,122,114,236,122,114,0,0,0,121,65,56,229,120,109,235,122,113,0,0,0,1,0,1
58534301,893,451,442,887,450,437,5,1,4,494,265,229,852,430,422,870,436,434,0,0,0,23,15,8
59225101,152,83,69,151,82,69,1,1,0,75,47,28,140,78,62,146,79,67,0,0,0,6,4,2
54943601,293,149,144,291,148,143,0,0,0,146,69,77,272,139,133,291,148,143,0,0,0,2,1,1
58696001,181,93,88,180,92,88,1,1,0,105,62,43,179,92,87,177,92,85,0,0,0,4,1,3
57343401,882,451,431,881,451,430,0,0,0,466,258,208,840,435,405,870,440,430,0,0,0,12,11,1
54955001,248,122,126,248,122,126,0,0,0,124,65,59,236,114,122,244,118,126,0,0,0,4,4,0
54962201,791,390,401,790,389,401,0,0,0,346,185,161,757,369,388,780,383,397,4,3,1,7,4,3
54962203,37,19,18,37,19,18,0,0,0,14,8,6,36,19,17,35,17,18,0,0,0,2,2,0
58687101,336,176,160,334,174,160,2,2,0,183,92,91,327,169,158,332,172,160,0,0,0,4,4,0
1984550,0,0,0,0,0,0,0,0,0,0,0,0,0,0,0,0,0,0,0,0,0,0,0,0
58543201,495,217,278,494,216,278,1,1,0,204,102,102,458,203,255,338,161,177,154,53,101,3,3,0
58544101,628,307,321,624,305,319,2,1,1,373,190,183,606,297,309,614,301,313,0,0,0,14,6,8
58544102,59,29,30,59,29,30,0,0,0,35,18,17,59,29,30,59,29,30,0,0,0,0,0,0
58545901,192,100,92,192,100,92,0,0,0,121,70,51,184,98,86,192,100,92,0,0,0,0,0,0
58545902,4160,1969,2191,4091,1929,2162,58,36,22,1999,1045,954,3914,1841,2073,4023,1910,2113,84,21,63,53,38,15
58545903,257,140,117,257,140,117,0,0,0,137,82,55,252,138,114,256,139,117,0,0,0,1,1,0
58545904,233,124,109,233,124,109,0,0,0,139,78,61,225,122,103,233,124,109,0,0,0,0,0,0
58546701,1726,815,911,1713,807,906,13,8,5,815,438,377,1569,755,814,1488,740,748,188,52,136,50,23,27
55714501,460,236,224,450,227,223,10,9,1,201,106,95,427,217,210,455,233,222,0,0,0,5,3,2
58548301,312,153,159,311,152,159,1,1,0,165,82,83,299,144,155,311,152,159,0,0,0,1,1,0
58548302,99,42,57,99,42,57,0,0,0,50,24,26,98,41,57,99,42,57,0,0,0,0,0,0
58549101,641,321,320,641,321,320,0,0,0,333,175,158,611,306,305,639,320,319,0,0,0,2,1,1
58550501,676,343,333,666,335,331,10,8,2,299,161,138,625,315,310,662,333,329,7,6,1,7,4,3
58551304,879,456,423,870,450,420,9,6,3,394,213,181,834,435,399,763,375,388,29,10,19,87,71,16
58551305,79,39,40,78,38,40,0,0,0,34,15,19,77,38,39,75,37,38,0,0,0,4,2,2
58551306,67,36,31,62,32,30,5,4,1,24,17,7,59,31,28,62,32,30,5,4,1,0,0,0
58551308,1961,954,1007,1938,936,1002,19,14,5,870,453,417,1873,906,967,1961,954,1007,0,0,0,0,0,0
58551309,20,12,8,12,6,6,8,6,2,5,3,2,14,8,6,19,11,8,1,1,0,0,0,0
58551310,144,74,70,139,69,70,5,5,0,65,37,28,139,71,68,139,71,68,0,0,0,5,3,2
58551311,37,22,15,37,22,15,0,0,0,22,14,8,37,22,15,19,9,10,0,0,0,18,13,5
58551313,205,98,107,204,97,107,1,1,0,112,56,56,198,94,104,205,98,107,0,0,0,0,0,0
58551314,509,249,260,507,247,260,2,2,0,269,143,126,497,242,255,469,235,234,32,10,22,8,4,4
58551315,49,24,25,49,24,25,0,0,0,28,17,11,47,23,24,46,22,24,0,0,0,3,2,1
58551316,417,216,201,417,216,201,0,0,0,218,126,92,385,197,188,410,213,197,6,2,4,1,1,0
58551317,1084,500,584,1066,488,578,16,11,5,512,256,256,1000,453,547,1031,491,540,52,9,43,1,0,1
58551318,1477,727,750,1468,720,748,8,6,2,756,385,371,1428,694,734,1474,726,748,0,0,0,3,1,2
58552101,678,335,343,678,335,343,0,0,0,375,198,177,660,325,335,602,289,313,69,41,28,7,5,2
58553001,1315,681,634,1312,680,632,3,1,2,918,527,391,1257,657,600,1253,653,600,49,18,31,13,10,3
58554801,532,274,258,522,268,254,8,5,3,352,192,160,514,266,248,528,270,258,0,0,0,4,4,0
58554802,112,61,51,111,60,51,1,1,0,74,45,29,111,60,51,112,61,51,0,0,0,0,0,0
58555601,451,216,235,446,211,235,4,4,0,242,111,131,438,210,228,429,204,225,0,0,0,22,12,10
54944401,382,196,186,381,196,185,1,0,1,187,99,88,366,185,181,376,194,182,0,0,0,6,2,4
55717001,405,214,191,401,210,191,4,4,0,196,112,84,375,196,179,400,210,190,1,1,0,4,3,1
1167930,0,0,0,0,0,0,0,0,0,0,0,0,0,0,0,0,0,0,0,0,0,0,0,0
1168070,0,0,0,0,0,0,0,0,0,0,0,0,0,0,0,0,0,0,0,0,0,0,0,0
1168150,0,0,0,0,0,0,0,0,0,0,0,0,0,0,0,0,0,0,0,0,0,0,0,0
3412230,0,0,0,0,0,0,0,0,0,0,0,0,0,0,0,0,0,0,0,0,0,0,0,0
58559901,911,455,456,891,440,451,20,15,5,430,227,203,881,440,441,886,443,443,24,11,13,1,1,0
58559903,3829,1795,2034,3748,1745,2003,68,44,24,1621,854,767,3608,1690,1918,3803,1785,2018,21,7,14,5,3,2
58559904,732,379,353,730,378,352,1,1,0,374,201,173,715,370,345,726,373,353,5,5,0,1,1,0
58559905,82,40,42,82,40,42,0,0,0,41,23,18,82,40,42,82,40,42,0,0,0,0,0,0
58559908,31,21,10,29,19,10,2,2,0,2,2,0,28,18,10,0,0,0,27,17,10,4,4,0
58559909,4734,2312,2422,4597,2217,2380,99,69,30,2267,1171,1096,4458,2160,2298,4318,2079,2239,380,198,182,36,35,1
58559910,49,37,12,36,26,10,11,10,1,12,9,3,43,32,11,10,6,4,37,30,7,2,1,1
58559912,2390,1143,1247,2367,1129,1238,19,12,7,1030,531,499,2287,1100,1187,2388,1141,1247,1,1,0,1,1,0
58559913,822,400,422,821,399,422,1,1,0,469,234,235,798,388,410,817,397,420,3,2,1,2,1,1
58559914,3517,1781,1736,3456,1742,1714,53,37,16,1570,854,716,3366,1698,1668,3184,1568,1616,52,15,37,281,198,83
58559915,34,14,20,34,14,20,0,0,0,15,6,9,34,14,20,34,14,20,0,0,0,0,0,0
55687401,305,139,166,305,139,166,0,0,0,167,82,85,292,132,160,297,134,163,0,0,0,8,5,3
53481101,193,99,94,193,99,94,0,0,0,116,67,49,186,95,91,193,99,94,0,0,0,0,0,0
58561101,317,174,143,315,173,142,1,1,0,158,96,62,294,159,135,262,143,119,3,3,0,52,28,24
54946101,859,415,444,857,414,443,1,0,1,404,196,208,824,399,425,825,401,424,22,4,18,12,10,2
54953301,708,370,338,708,370,338,0,0,0,440,257,183,683,357,326,701,365,336,0,0,0,7,5,2
54940101,1202,596,606,1189,585,604,10,9,1,557,302,255,1124,551,573,1136,566,570,54,20,34,12,10,2
54940102,77,38,39,76,38,38,0,0,0,33,18,15,73,34,39,59,28,31,0,0,0,18,10,8
58566101,58,26,32,55,24,31,3,2,1,18,7,11,56,25,31,52,24,28,0,0,0,6,2,4
58566102,713,356,357,711,355,356,2,1,1,414,217,197,679,344,335,702,348,354,0,0,0,11,8,3
58567001,818,420,398,803,406,397,13,12,1,406,209,197,786,400,386,815,419,396,0,0,0,3,1,2
55698001,51,24,27,51,24,27,0,0,0,42,20,22,49,23,26,51,24,27,0,0,0,0,0,0
55698002,502,251,251,494,246,248,8,5,3,291,156,135,483,239,244,495,245,250,5,4,1,2,2,0
58691901,244,130,114,238,128,110,6,2,4,142,87,55,231,124,107,243,129,114,0,0,0,1,1,0
58572601,751,378,373,745,373,372,5,4,1,378,202,176,694,349,345,738,367,371,0,0,0,13,11,2
58573401,637,305,332,635,304,331,2,1,1,357,182,175,611,291,320,625,297,328,2,1,1,10,7,3
3138580,0,0,0,0,0,0,0,0,0,0,0,0,0,0,0,0,0,0,0,0,0,0,0,0
3138660,0,0,0,0,0,0,0,0,0,0,0,0,0,0,0,0,0,0,0,0,0,0,0,0
3411510,0,0,0,0,0,0,0,0,0,0,0,0,0,0,0,0,0,0,0,0,0,0,0,0
58575101,460,227,233,460,227,233,0,0,0,311,152,159,432,211,221,459,226,233,0,0,0,1,1,0
58575103,287,145,142,282,141,141,5,4,1,177,95,82,280,140,140,287,145,142,0,0,0,0,0,0
58575104,150,61,89,150,61,89,0,0,0,48,28,20,141,59,82,107,49,58,42,11,31,1,1,0
58575105,579,284,295,578,284,294,1,0,1,345,186,159,565,281,284,571,280,291,4,3,1,4,1,3
58575106,781,389,392,779,388,391,2,1,1,490,262,228,756,381,375,776,385,391,4,3,1,1,1,0
58575107,1689,817,872,1648,785,863,39,31,8,831,427,404,1605,765,840,1657,790,867,32,27,5,0,0,0
58575109,1028,497,531,1028,497,531,0,0,0,585,317,268,998,480,518,1028,497,531,0,0,0,0,0,0
58575110,1062,514,548,1055,509,546,6,4,2,584,299,285,1005,488,517,1004,476,528,0,0,0,58,38,20
58576901,541,266,275,539,264,275,2,2,0,320,169,151,527,258,269,540,266,274,0,0,0,1,0,1
58577701,2825,1380,1445,2744,1340,1404,73,37,36,1222,651,571,2665,1302,1363,2736,1316,1420,24,17,7,65,47,18
58579301,1643,817,826,1642,816,826,1,1,0,861,437,424,1590,788,802,1592,786,806,9,3,6,42,28,14
58580701,436,227,209,435,227,208,1,0,1,268,151,117,416,218,198,427,220,207,8,6,2,1,1,0
58581501,248,113,135,247,113,134,1,0,1,116,54,62,237,108,129,243,109,134,0,0,0,5,4,1
58583101,448,218,230,448,218,230,0,0,0,302,155,147,435,217,218,448,218,230,0,0,0,0,0,0
58583102,1522,772,750,1518,769,749,4,3,1,991,524,467,1436,728,708,1497,757,740,13,5,8,12,10,2
58583103,41,22,19,41,22,19,0,0,0,25,15,10,41,22,19,41,22,19,0,0,0,0,0,0
58583105,32,16,16,32,16,16,0,0,0,11,6,5,31,15,16,28,14,14,0,0,0,4,2,2
54493101,469,249,220,468,249,219,1,0,1,317,186,131,452,241,211,466,247,219,0,0,0,3,2,1
54964901,1349,701,648,1321,675,646,27,25,2,639,347,292,1249,640,609,1297,660,637,21,21,0,31,20,11
53518401,20,9,11,19,9,10,0,0,0,11,5,6,20,9,11,20,9,11,0,0,0,0,0,0
53518402,278,147,131,273,145,128,5,2,3,167,103,64,262,138,124,273,145,128,0,0,0,5,2,3
58585801,2223,1134,1089,2160,1081,1079,62,52,10,1094,573,521,2069,1032,1037,2160,1095,1065,17,4,13,46,35,11
58585802,127,78,49,126,77,49,1,1,0,54,36,18,120,74,46,126,77,49,0,0,0,1,1,0
58586601,1133,580,553,1118,571,547,12,8,4,649,338,311,1067,545,522,1085,549,536,1,1,0,47,30,17
58587401,280,142,138,280,142,138,0,0,0,126,75,51,271,139,132,270,135,135,0,0,0,10,7,3
58588201,1143,565,578,1142,564,578,1,1,0,706,367,339,1098,547,551,1131,555,576,0,0,0,12,10,2
58589101,219,112,107,218,111,107,1,1,0,127,66,61,207,107,100,207,106,101,1,1,0,11,5,6
58589102,318,162,156,317,162,155,1,0,1,190,103,87,296,150,146,291,147,144,27,15,12,0,0,0
58589103,86,45,41,86,45,41,0,0,0,61,36,25,84,44,40,86,45,41,0,0,0,0,0,0
58589104,860,417,443,848,410,438,11,6,5,454,243,211,813,400,413,855,413,442,4,3,1,1,1,0
58589105,24,14,10,19,9,10,5,5,0,6,2,4,19,9,10,15,8,7,0,0,0,9,6,3
58589107,1301,644,657,1292,641,651,6,3,3,710,368,342,1234,613,621,1237,596,641,0,0,0,64,48,16
58589109,1610,783,827,1597,778,819,12,5,7,824,442,382,1527,738,789,1520,756,764,88,25,63,2,2,0
58589110,289,140,149,289,140,149,0,0,0,172,84,88,278,134,144,289,140,149,0,0,0,0,0,0
54511201,305,158,147,300,156,144,5,2,3,154,81,73,285,149,136,297,151,146,3,3,0,5,4,1
58591201,719,345,374,717,344,373,1,1,0,401,201,200,700,336,364,709,338,371,1,1,0,9,6,3
58592101,788,392,396,776,384,392,12,8,4,412,213,199,751,372,379,775,382,393,0,0,0,13,10,3
3411260,0,0,0,0,0,0,0,0,0,0,0,0,0,0,0,0,0,0,0,0,0,0,0,0
58593901,192,95,97,191,94,97,1,1,0,97,55,42,179,89,90,192,95,97,0,0,0,0,0,0
58593902,1320,602,718,1308,599,709,10,3,7,599,306,293,1219,561,658,1137,526,611,182,75,107,1,1,0
58593903,1217,589,628,1211,585,626,4,2,2,622,305,317,1170,574,596,1209,582,627,5,5,0,3,2,1
58593904,52,24,28,52,24,28,0,0,0,33,16,17,51,24,27,45,20,25,4,1,3,3,3,0
58593905,698,352,346,698,352,346,0,0,0,366,206,160,672,342,330,695,351,344,0,0,0,3,1,2
58593906,35,16,19,35,16,19,0,0,0,22,7,15,33,16,17,35,16,19,0,0,0,0,0,0
58593907,135,64,71,134,63,71,0,0,0,77,39,38,131,61,70,135,64,71,0,0,0,0,0,0
58593908,79,42,37,78,41,37,1,1,0,33,21,12,72,40,32,57,30,27,1,1,0,21,11,10
58593909,1077,536,541,1072,534,538,4,1,3,557,276,281,1029,510,519,978,468,510,37,19,18,62,49,13
58593911,46,22,24,46,22,24,0,0,0,28,15,13,45,22,23,44,21,23,0,0,0,2,1,1
58699401,200,101,99,199,100,99,1,1,0,130,72,58,194,97,97,200,101,99,0,0,0,0,0,0
58595501,1042,517,525,1041,517,524,0,0,0,658,357,301,1012,501,511,1033,511,522,1,1,0,8,5,3
58595502,343,165,178,339,164,175,4,1,3,203,104,99,321,154,167,343,165,178,0,0,0,0,0,0
58596301,394,202,192,392,200,192,2,2,0,235,126,109,375,196,179,371,191,180,0,0,0,23,11,12
58597101,1097,540,557,1084,535,549,12,5,7,715,356,359,1064,525,539,1047,512,535,0,0,0,50,28,22
58598001,811,420,391,798,412,386,13,8,5,511,288,223,775,397,378,793,408,385,3,1,2,15,11,4
58599801,215,113,102,213,112,101,2,1,1,118,64,54,207,107,100,211,111,100,0,0,0,4,2,2
58599802,1065,558,507,1056,550,506,7,7,0,577,321,256,1001,523,478,1046,544,502,9,8,1,10,6,4
58599803,80,39,41,80,39,41,0,0,0,45,22,23,75,36,39,72,35,37,0,0,0,8,4,4
58599804,88,43,45,87,42,45,1,1,0,38,18,20,85,41,44,83,40,43,0,0,0,5,3,2
0359390,0,0,0,0,0,0,0,0,0,0,0,0,0,0,0,0,0,0,0,0,0,0,0,0
0360640,0,0,0,0,0,0,0,0,0,0,0,0,0,0,0,0,0,0,0,0,0,0,0,0
0360720,0,0,0,0,0,0,0,0,0,0,0,0,0,0,0,0,0,0,0,0,0,0,0,0
0361290,0,0,0,0,0,0,0,0,0,0,0,0,0,0,0,0,0,0,0,0,0,0,0,0
3318560,0,0,0,0,0,0,0,0,0,0,0,0,0,0,0,0,0,0,0,0,0,0,0,0
58506802,565,258,307,559,253,306,5,4,1,351,178,173,540,244,296,565,258,307,0,0,0,0,0,0
58506803,640,322,318,630,317,313,9,5,4,402,216,186,620,313,307,627,317,310,1,1,0,12,4,8
58506804,805,406,399,795,400,395,7,5,2,534,279,255,773,392,381,802,404,398,0,0,0,3,2,1
58506805,830,379,451,818,371,447,10,7,3,471,230,241,780,351,429,776,366,410,53,13,40,1,0,1
58506806,47,19,28,47,19,28,0,0,0,38,18,20,45,18,27,42,17,25,0,0,0,5,2,3
58506807,44,20,24,44,20,24,0,0,0,28,12,16,41,19,22,30,12,18,0,0,0,14,8,6
58506809,26,17,9,25,16,9,0,0,0,19,12,7,21,13,8,17,12,5,0,0,0,9,5,4
58506810,82,41,41,82,41,41,0,0,0,54,23,31,81,40,41,76,37,39,0,0,0,6,4,2
58506811,714,341,373,711,339,372,3,2,1,515,246,269,695,333,362,704,336,368,0,0,0,10,5,5
58506812,376,181,195,376,181,195,0,0,0,202,99,103,367,177,190,373,180,193,0,0,0,3,1,2
58506813,1677,837,840,1672,833,839,4,3,1,1086,575,511,1594,797,797,1667,830,837,0,0,0,10,7,3
58506814,142,74,68,142,74,68,0,0,0,101,53,48,140,73,67,129,66,63,0,0,0,13,8,5
58506815,235,111,124,235,111,124,0,0,0,150,76,74,231,111,120,235,111,124,0,0,0,0,0,0
58506816,144,69,75,144,69,75,0,0,0,101,46,55,139,66,73,144,69,75,0,0,0,0,0,0
58506817,249,121,128,245,118,127,4,3,1,160,85,75,242,118,124,249,121,128,0,0,0,0,0,0
58506818,778,388,390,774,386,388,2,1,1,561,287,274,757,376,381,778,388,390,0,0,0,0,0,0
58506820,25,15,10,25,15,10,0,0,0,21,13,8,25,15,10,22,13,9,0,0,0,3,2,1
58506821,1078,522,556,1072,518,554,6,4,2,712,344,368,1038,500,538,1070,517,553,2,2,0,6,3,3
58506822,55,28,27,54,28,26,0,0,0,21,9,12,54,28,26,54,27,27,1,1,0,0,0,0
58506823,2187,1019,1168,2171,1010,1161,13,9,4,1308,660,648,2081,963,1118,2185,1017,1168,1,1,0,1,1,0
58506825,60,28,32,60,28,32,0,0,0,45,24,21,60,28,32,31,13,18,0,0,0,29,15,14
58506826,53,31,22,53,31,22,0,0,0,32,19,13,53,31,22,47,27,20,0,0,0,6,4,2
58506827,1214,572,642,1202,563,639,9,7,2,784,389,395,1178,556,622,1213,571,642,1,1,0,0,0,0
58506828,1198,576,622,1189,570,619,8,5,3,813,404,409,1161,558,603,1198,576,622,0,0,0,0,0,0
58506829,332,157,175,332,157,175,0,0,0,218,116,102,323,152,171,318,150,168,0,0,0,14,7,7
58506831,1909,935,974,1903,931,972,5,4,1,1325,660,665,1874,914,960,1904,933,971,3,2,1,2,0,2
58506832,1798,864,934,1785,856,929,10,6,4,1205,614,591,1752,846,906,1795,864,931,3,0,3,0,0,0
58506834,195,98,97,195,98,97,0,0,0,120,63,57,191,96,95,195,98,97,0,0,0,0,0,0
58506835,613,319,294,610,317,293,2,1,1,431,234,197,598,311,287,600,312,288,0,0,0,13,7,6
58506837,634,308,326,630,307,323,2,0,2,429,210,219,608,294,314,630,306,324,2,1,1,2,1,1
58506838,34,21,13,33,20,13,1,1,0,13,10,3,34,21,13,8,4,4,1,1,0,25,16,9
58506840,1474,741,733,1462,731,731,9,8,1,954,503,451,1427,711,716,1422,712,710,52,29,23,0,0,0
58506841,3960,1805,2155,3906,1767,2139,52,37,15,2150,1047,1103,3727,1683,2044,3955,1802,2153,1,0,1,4,3,1
58506842,157,78,79,155,76,79,2,2,0,105,59,46,144,73,71,154,76,78,3,2,1,0,0,0
58506843,1502,750,752,1494,746,748,8,4,4,905,487,418,1462,729,733,1476,737,739,19,6,13,7,7,0
58506844,29,18,11,27,17,10,0,0,0,18,11,7,26,15,11,27,16,11,1,1,0,1,1,0
58506845,449,230,219,448,230,218,1,0,1,302,168,134,431,220,211,449,230,219,0,0,0,0,0,0
58506847,109,53,56,108,53,55,1,0,1,73,37,36,109,53,56,109,53,56,0,0,0,0,0,0
58506848,1169,551,618,1162,547,615,6,3,3,743,367,376,1126,533,593,1169,551,618,0,0,0,0,0,0
58506850,254,126,128,253,126,127,1,0,1,174,90,84,239,121,118,251,124,127,0,0,0,3,2,1
58506851,2824,1266,1558,2782,1243,1539,33,17,16,1615,758,857,2689,1198,1491,2816,1262,1554,3,2,1,5,2,3
58506852,1017,448,569,998,440,558,17,8,9,549,273,276,963,422,541,1007,448,559,10,0,10,0,0,0
58506853,11899,5669,6230,11743,5582,6161,135,75,60,6756,3347,3409,11380,5413,5967,11815,5647,6168,83,21,62,1,1,0
58506854,35,19,16,20,14,6,15,5,10,10,7,3,32,18,14,17,12,5,18,7,11,0,0,0
58506855,1212,585,627,1201,577,624,9,6,3,771,388,383,1167,565,602,1187,571,616,25,14,11,0,0,0
58506856,1882,842,1040,1856,831,1025,22,11,11,1094,515,579,1789,800,989,1728,813,915,150,27,123,4,2,2
58506857,3812,1867,1945,3790,1855,1935,20,10,10,2434,1226,1208,3696,1805,1891,3762,1832,1930,13,5,8,37,30,7
58506858,3309,1846,1463,3241,1803,1438,62,41,21,1789,991,798,3156,1758,1398,2293,1101,1192,52,15,37,964,730,234
58506859,1385,681,704,1361,670,691,21,10,11,801,413,388,1301,630,671,1331,639,692,18,15,3,36,27,9
58506860,523,249,274,522,249,273,0,0,0,328,163,165,512,244,268,520,246,274,2,2,0,1,1,0
58506861,28,16,12,28,16,12,0,0,0,14,8,6,28,16,12,26,14,12,0,0,0,2,2,0
58506862,104,72,32,95,68,27,5,1,4,28,19,9,72,50,22,0,0,0,99,68,31,5,4,1
58506863,1208,578,630,1073,484,589,129,92,37,574,284,290,1091,515,576,926,442,484,280,135,145,2,1,1
58506864,461,228,233,456,225,231,4,3,1,266,140,126,451,224,227,461,228,233,0,0,0,0,0,0
58506865,1560,741,819,1525,724,801,31,16,15,938,466,472,1468,695,773,1506,716,790,39,17,22,15,8,7
58506866,1951,895,1056,1932,886,1046,15,6,9,1238,603,635,1881,861,1020,1950,895,1055,1,0,1,0,0,0
58506867,2936,1447,1489,2881,1411,1470,48,30,18,1747,890,857,2806,1372,1434,2865,1397,1468,67,48,19,4,2,2
58506868,2119,975,1144,2067,944,1123,41,24,17,1229,588,641,1975,901,1074,2111,969,1142,0,0,0,8,6,2
58506869,6907,3223,3684,6807,3164,3643,86,55,31,3881,1911,1970,6626,3059,3567,6879,3201,3678,27,21,6,1,1,0
58506870,1164,573,591,1163,572,591,0,0,0,766,403,363,1126,551,575,1164,573,591,0,0,0,0,0,0
50001101,446,234,212,445,233,212,1,1,0,205,112,93,402,204,198,429,224,205,0,0,0,17,10,7
50001102,1371,675,696,1360,668,692,7,6,1,667,353,314,1311,648,663,1346,657,689,0,0,0,25,18,7
58601301,147,72,75,147,72,75,0,0,0,56,30,26,146,71,75,144,71,73,0,0,0,3,1,2
58601302,1004,500,504,999,496,503,5,4,1,523,267,256,963,481,482,976,485,491,3,2,1,25,13,12
55192901,361,176,185,361,176,185,0,0,0,159,84,75,339,165,174,348,167,181,0,0,0,13,9,4
59719801,186,97,89,186,97,89,0,0,0,92,49,43,183,95,88,184,95,89,0,0,0,2,2,0
59719802,22,13,9,21,12,9,1,1,0,1,1,0,15,10,5,22,13,9,0,0,0,0,0,0
0066450,0,0,0,0,0,0,0,0,0,0,0,0,0,0,0,0,0,0,0,0,0,0,0,0
59720101,236,130,106,236,130,106,0,0,0,93,54,39,227,125,102,226,122,104,0,0,0,10,8,2
59720103,33,18,15,33,18,15,0,0,0,13,8,5,24,13,11,33,18,15,0,0,0,0,0,0
59720105,94,51,43,94,51,43,0,0,0,39,25,14,93,50,43,93,50,43,0,0,0,1,1,0
59721001,1117,579,538,1114,577,537,3,2,1,403,221,182,1048,540,508,1092,562,530,0,0,0,25,17,8
59721002,219,105,114,217,103,114,2,2,0,88,42,46,197,94,103,216,103,113,0,0,0,3,2,1
0132260,0,0,0,0,0,0,0,0,0,0,0,0,0,0,0,0,0,0,0,0,0,0,0,0
59718002,34,14,20,34,14,20,0,0,0,16,5,11,33,14,19,34,14,20,0,0,0,0,0,0
59718003,584,282,302,584,282,302,0,0,0,297,146,151,557,269,288,538,252,286,26,19,7,20,11,9
59718004,913,457,456,900,450,450,11,6,5,328,165,163,786,391,395,800,394,406,92,49,43,21,14,7
59718005,311,137,174,310,137,173,1,0,1,171,79,92,295,131,164,310,136,174,1,1,0,0,0,0
59718006,20,16,4,20,16,4,0,0,0,9,7,2,18,15,3,19,15,4,1,1,0,0,0,0
59718007,3013,1495,1518,2955,1470,1485,53,21,32,1556,814,742,2855,1422,1433,2605,1217,1388,51,20,31,357,258,99
59718008,577,242,335,576,241,335,1,1,0,243,118,125,555,235,320,443,214,229,134,28,106,0,0,0
59718009,1824,888,936,1815,882,933,8,5,3,895,456,439,1745,854,891,1824,888,936,0,0,0,0,0,0
59718010,2538,1167,1371,2521,1157,1364,16,9,7,1253,623,630,2431,1110,1321,2514,1155,1359,23,11,12,1,1,0
59718012,300,154,146,288,146,142,11,8,3,144,74,70,279,143,136,292,149,143,8,5,3,0,0,0
59718013,3593,1693,1900,3584,1688,1896,9,5,4,1722,869,853,3443,1623,1820,3592,1693,1899,1,0,1,0,0,0
59718014,1229,611,618,1223,606,617,5,4,1,649,340,309,1193,591,602,1229,611,618,0,0,0,0,0,0
59722801,35,18,17,35,18,17,0,0,0,19,10,9,32,18,14,35,18,17,0,0,0,0,0,0
59722802,2650,1332,1318,2643,1327,1316,4,3,1,1311,703,608,2530,1270,1260,2603,1296,1307,5,3,2,42,33,9
59722803,115,56,59,114,55,59,1,1,0,53,26,27,110,55,55,115,56,59,0,0,0,0,0,0
59722804,32,11,21,32,11,21,0,0,0,13,6,7,31,10,21,32,11,21,0,0,0,0,0,0
56960701,130,63,67,130,63,67,0,0,0,41,19,22,125,60,65,127,60,67,0,0,0,3,3,0
56960702,37,16,21,37,16,21,0,0,0,10,2,8,35,15,20,37,16,21,0,0,0,0,0,0
55200301,300,149,151,300,149,151,0,0,0,132,70,62,278,138,140,295,145,150,0,0,0,5,4,1
59725201,406,209,197,406,209,197,0,0,0,184,98,86,376,196,180,395,200,195,5,3,2,6,6,0
55186401,202,105,97,198,103,95,4,2,2,68,35,33,187,99,88,190,95,95,0,0,0,12,10,2
55186403,62,27,35,62,27,35,0,0,0,25,12,13,57,24,33,61,26,35,0,0,0,1,1,0
55170801,83,42,41,83,42,41,0,0,0,21,11,10,81,42,39,80,41,39,0,0,0,3,1,2
59728701,241,111,130,239,110,129,2,1,1,101,51,50,224,105,119,190,96,94,38,6,32,13,9,4
59728702,153,81,72,153,81,72,0,0,0,70,35,35,147,79,68,136,71,65,2,1,1,15,9,6
59731701,1223,583,640,1211,578,633,6,2,4,588,308,280,1116,542,574,1178,555,623,30,14,16,15,14,1
59732501,286,141,145,285,141,144,0,0,0,135,67,68,274,135,139,276,135,141,0,0,0,10,6,4
55187201,152,72,80,152,72,80,0,0,0,49,23,26,140,65,75,146,66,80,5,5,0,1,1,0
55187202,29,14,15,29,14,15,0,0,0,11,4,7,18,8,10,29,14,15,0,0,0,0,0,0
59734102,132,67,65,132,67,65,0,0,0,65,31,34,128,64,64,132,67,65,0,0,0,0,0,0
59734103,327,177,150,327,177,150,0,0,0,140,79,61,312,167,145,301,157,144,5,4,1,21,16,5
59734104,41,26,15,41,26,15,0,0,0,11,7,4,40,25,15,38,24,14,0,0,0,3,2,1
59734105,63,33,30,62,32,30,0,0,0,20,9,11,62,32,30,57,28,29,2,2,0,4,3,1
59734107,89,48,41,89,48,41,0,0,0,27,13,14,87,46,41,84,45,39,0,0,0,5,3,2
59735001,1861,916,945,1855,913,942,4,3,1,1011,509,502,1790,883,907,1820,885,935,20,14,6,21,17,4
59735002,315,177,138,314,176,138,1,1,0,174,102,72,289,166,123,313,175,138,2,2,0,0,0,0
59736801,44,24,20,44,24,20,0,0,0,15,7,8,40,21,19,40,22,18,0,0,0,4,2,2
59736802,547,277,270,547,277,270,0,0,0,293,157,136,526,266,260,523,260,263,2,1,1,22,16,6
59736803,51,29,22,51,29,22,0,0,0,24,17,7,44,25,19,50,28,22,0,0,0,1,1,0
59736804,37,14,23,37,14,23,0,0,0,15,10,5,30,11,19,36,13,23,0,0,0,1,1,0
59736805,101,52,49,101,52,49,0,0,0,53,30,23,95,50,45,101,52,49,0,0,0,0,0,0
55180501,329,170,159,328,169,159,1,1,0,165,91,74,316,166,150,325,167,158,0,0,0,4,3,1
59739201,303,165,138,302,164,138,1,1,0,148,83,65,291,160,131,284,148,136,0,0,0,19,17,2
59739202,28,14,14,28,14,14,0,0,0,12,7,5,27,13,14,25,12,13,1,1,0,2,1,1
59739203,69,36,33,69,36,33,0,0,0,33,19,14,67,34,33,63,33,30,0,0,0,6,3,3
59739204,183,90,93,183,90,93,0,0,0,78,39,39,172,85,87,158,77,81,0,0,0,25,13,12
59743101,261,137,124,259,135,124,2,2,0,100,53,47,234,123,111,258,135,123,0,0,0,3,2,1
59744901,52,26,26,52,26,26,0,0,0,21,11,10,51,25,26,52,26,26,0,0,0,0,0,0
59744902,1063,532,531,1057,530,527,3,1,2,530,284,246,1023,514,509,1048,518,530,0,0,0,15,14,1
59745701,148,80,68,147,79,68,1,1,0,54,32,22,130,75,55,141,76,65,0,0,0,7,4,3
59745702,40,19,21,40,19,21,0,0,0,9,6,3,31,15,16,35,16,19,0,0,0,5,3,2
59745703,31,18,13,31,18,13,0,0,0,8,6,2,27,16,11,31,18,13,0,0,0,0,0,0
59745704,51,29,22,51,29,22,0,0,0,14,10,4,46,27,19,36,24,12,7,3,4,8,2,6
59745705,41,23,18,41,23,18,0,0,0,12,7,5,37,21,16,39,22,17,0,0,0,2,1,1
59747301,138,71,67,138,71,67,0,0,0,43,23,20,124,61,63,127,63,64,10,7,3,1,1,0
0634010,0,0,0,0,0,0,0,0,0,0,0,0,0,0,0,0,0,0,0,0,0,0,0,0
59748101,163,83,80,163,83,80,0,0,0,71,38,33,154,79,75,117,59,58,7,4,3,39,20,19
59748102,680,359,321,679,358,321,1,1,0,286,155,131,638,334,304,659,341,318,2,1,1,19,17,2
59748103,128,61,67,128,61,67,0,0,0,54,26,28,121,58,63,120,58,62,0,0,0,8,3,5
59751101,344,182,162,344,182,162,0,0,0,135,72,63,322,170,152,324,171,153,6,2,4,14,9,5
3048830,0,0,0,0,0,0,0,0,0,0,0,0,0,0,0,0,0,0,0,0,0,0,0,0
3219150,0,0,0,0,0,0,0,0,0,0,0,0,0,0,0,0,0,0,0,0,0,0,0,0
3413040,0,0,0,0,0,0,0,0,0,0,0,0,0,0,0,0,0,0,0,0,0,0,0,0
59752001,300,149,151,300,149,151,0,0,0,197,105,92,288,141,147,300,149,151,0,0,0,0,0,0
59752002,273,134,139,273,134,139,0,0,0,183,96,87,264,130,134,273,134,139,0,0,0,0,0,0
59752003,67,38,29,65,37,28,1,0,1,33,22,11,60,36,24,66,37,29,1,1,0,0,0,0
59752004,2060,883,1177,2039,871,1168,20,12,8,1213,576,637,1976,842,1134,1896,847,1049,164,36,128,0,0,0
59752005,223,108,115,222,107,115,1,1,0,134,68,66,208,100,108,223,108,115,0,0,0,0,0,0
59752006,246,126,120,246,126,120,0,0,0,157,78,79,234,120,114,246,126,120,0,0,0,0,0,0
59752007,548,272,276,548,272,276,0,0,0,363,190,173,530,264,266,548,272,276,0,0,0,0,0,0
59752008,1868,1010,858,1859,1005,854,9,5,4,1110,604,506,1807,980,827,1445,671,774,14,7,7,409,332,77
59752012,21,9,12,20,8,12,1,1,0,15,6,9,14,6,8,21,9,12,0,0,0,0,0,0
59752013,971,472,499,967,469,498,2,1,1,686,335,351,947,462,485,971,472,499,0,0,0,0,0,0
59752014,1389,680,709,1384,678,706,5,2,3,920,467,453,1354,666,688,1389,680,709,0,0,0,0,0,0
59752016,1553,751,802,1541,745,796,11,5,6,961,471,490,1467,710,757,1514,728,786,39,23,16,0,0,0
59752017,708,349,359,701,346,355,7,3,4,468,246,222,686,338,348,708,349,359,0,0,0,0,0,0
59752018,876,391,485,871,388,483,4,2,2,536,241,295,819,362,457,870,389,481,6,2,4,0,0,0
59752019,158,80,78,158,80,78,0,0,0,110,56,54,150,76,74,149,75,74,9,5,4,0,0,0
59752020,1653,759,894,1644,755,889,8,4,4,994,489,505,1600,733,867,1574,735,839,79,24,55,0,0,0
59752021,2104,970,1134,2096,967,1129,5,2,3,1258,612,646,2021,934,1087,2102,969,1133,0,0,0,2,1,1
59752022,204,100,104,204,100,104,0,0,0,115,61,54,199,96,103,204,100,104,0,0,0,0,0,0
59752023,39,19,20,39,19,20,0,0,0,23,8,15,39,19,20,39,19,20,0,0,0,0,0,0
59752024,1624,754,870,1616,748,868,5,3,2,1021,493,528,1571,726,845,1624,754,870,0,0,0,0,0,0
59752025,82,39,43,82,39,43,0,0,0,61,29,32,80,37,43,82,39,43,0,0,0,0,0,0
59752026,142,83,59,142,83,59,0,0,0,79,48,31,117,71,46,64,31,33,77,51,26,1,1,0
59752027,185,88,97,184,87,97,0,0,0,137,63,74,178,87,91,185,88,97,0,0,0,0,0,0
59752029,322,164,158,320,162,158,1,1,0,183,91,92,309,156,153,286,140,146,36,24,12,0,0,0
59752030,1082,532,550,1078,529,549,4,3,1,695,351,344,1039,511,528,1082,532,550,0,0,0,0,0,0
59752031,1356,611,745,1354,611,743,2,0,2,784,372,412,1305,589,716,1355,610,745,0,0,0,1,1,0
59752032,551,259,292,549,257,292,2,2,0,348,165,183,530,249,281,551,259,292,0,0,0,0,0,0
59752033,405,171,234,400,170,230,4,1,3,233,108,125,381,164,217,347,153,194,58,18,40,0,0,0
59752034,87,52,35,87,52,35,0,0,0,58,37,21,87,52,35,84,49,35,3,3,0,0,0,0
59752035,1020,528,492,1018,526,492,2,2,0,623,337,286,979,504,475,938,483,455,78,43,35,4,2,2
59753801,221,113,108,220,112,108,1,1,0,86,48,38,211,108,103,217,109,108,0,0,0,4,4,0
59754601,377,183,194,375,182,193,2,1,1,184,96,88,351,169,182,371,180,191,1,0,1,5,3,2
59755401,112,57,55,111,56,55,1,1,0,55,34,21,105,54,51,112,57,55,0,0,0,0,0,0
59755402,895,453,442,894,453,441,1,0,1,412,214,198,840,425,415,856,428,428,22,11,11,17,14,3
59757101,35,16,19,35,16,19,0,0,0,6,1,5,30,13,17,33,15,18,0,0,0,2,1,1
59757102,49,26,23,49,26,23,0,0,0,13,9,4,49,26,23,49,26,23,0,0,0,0,0,0
59757103,342,165,177,342,165,177,0,0,0,164,81,83,316,154,162,331,156,175,0,0,0,11,9,2
59758901,402,197,205,401,196,205,1,1,0,148,79,69,382,187,195,396,193,203,1,1,0,5,3,2
59758902,80,41,39,79,41,38,1,0,1,33,18,15,78,41,37,76,40,36,0,0,0,4,1,3
55199601,260,139,121,259,139,120,1,0,1,82,47,35,247,130,117,231,121,110,7,3,4,22,15,7
0902392,0,0,0,0,0,0,0,0,0,0,0,0,0,0,0,0,0,0,0,0,0,0,0,0
59760101,60,35,25,60,35,25,0,0,0,21,15,6,55,30,25,48,29,19,1,0,1,11,6,5
59760102,526,270,256,525,270,255,0,0,0,203,116,87,502,257,245,480,241,239,18,10,8,28,19,9
55190201,113,59,54,113,59,54,0,0,0,51,30,21,110,58,52,110,57,53,0,0,0,3,2,1
0933942,0,0,0,0,0,0,0,0,0,0,0,0,0,0,0,0,0,0,0,0,0,0,0,0
59763502,399,199,200,397,197,200,2,2,0,195,96,99,381,191,190,398,198,200,0,0,0,1,1,0
59763504,47,29,18,47,29,18,0,0,0,16,10,6,44,27,17,40,24,16,1,1,0,6,4,2
59763505,175,97,78,173,95,78,2,2,0,87,49,38,164,90,74,173,95,78,0,0,0,2,2,0
59763506,120,61,59,120,61,59,0,0,0,55,31,24,106,52,54,120,61,59,0,0,0,0,0,0
59763507,45,22,23,45,22,23,0,0,0,12,6,6,40,20,20,35,17,18,0,0,0,10,5,5
59763509,2484,1208,1276,2476,1205,1271,6,2,4,1101,577,524,2335,1134,1201,2293,1122,1171,151,59,92,40,27,13
59763510,34,16,18,34,16,18,0,0,0,9,5,4,32,15,17,28,13,15,0,0,0,6,3,3
59763512,83,36,47,82,35,47,0,0,0,23,13,10,74,32,42,57,29,28,26,7,19,0,0,0
55172401,394,214,180,394,214,180,0,0,0,117,63,54,361,203,158,364,195,169,0,0,0,30,19,11
56952601,122,68,54,120,67,53,2,1,1,33,18,15,119,67,52,112,61,51,0,0,0,10,7,3
56952602,253,131,122,253,131,122,0,0,0,81,40,41,233,121,112,251,129,122,0,0,0,2,2,0
55173201,120,59,61,120,59,61,0,0,0,31,11,20,108,54,54,118,58,60,0,0,0,2,1,1
55173202,437,225,212,436,225,211,1,0,1,153,75,78,417,214,203,430,218,212,0,0,0,7,7,0
54695001,58,31,27,57,30,27,0,0,0,11,11,0,55,30,25,50,26,24,3,2,1,5,3,2
56955101,93,49,44,93,49,44,0,0,0,40,22,18,91,49,42,93,49,44,0,0,0,0,0,0
56955102,236,119,117,235,118,117,1,1,0,92,50,42,218,113,105,229,112,117,0,0,0,7,7,0
56957701,426,223,203,425,223,202,0,0,0,164,99,65,399,207,192,420,217,203,0,0,0,6,6,0
1133100,0,0,0,0,0,0,0,0,0,0,0,0,0,0,0,0,0,0,0,0,0,0,0,0
59771601,978,485,493,971,482,489,4,2,2,306,157,149,868,437,431,892,435,457,78,44,34,8,6,2
55184801,122,62,60,122,62,60,0,0,0,38,20,18,109,54,55,120,60,60,1,1,0,1,1,0
59772401,476,251,225,475,250,225,1,1,0,179,102,77,462,240,222,466,242,224,0,0,0,10,9,1
59774101,195,102,93,195,102,93,0,0,0,72,37,35,188,97,91,193,101,92,0,0,0,2,1,1
55194501,37,24,13,37,24,13,0,0,0,8,7,1,32,22,10,26,18,8,0,0,0,11,6,5
55194502,330,173,157,325,171,154,2,0,2,144,78,66,305,158,147,328,171,157,0,0,0,2,2,0
59777501,26,13,13,26,13,13,0,0,0,6,4,2,25,12,13,26,13,13,0,0,0,0,0,0
59777503,121,59,62,121,59,62,0,0,0,41,25,16,115,54,61,118,58,60,0,0,0,3,1,2
1444870,0,0,0,0,0,0,0,0,0,0,0,0,0,0,0,0,0,0,0,0,0,0,0,0
3048910,0,0,0,0,0,0,0,0,0,0,0,0,0,0,0,0,0,0,0,0,0,0,0,0
3049130,0,0,0,0,0,0,0,0,0,0,0,0,0,0,0,0,0,0,0,0,0,0,0,0
3413550,0,0,0,0,0,0,0,0,0,0,0,0,0,0,0,0,0,0,0,0,0,0,0,0
59778301,36,18,18,36,18,18,0,0,0,20,11,9,35,17,18,36,18,18,0,0,0,0,0,0
59778302,340,177,163,339,176,163,1,1,0,219,120,99,334,174,160,335,174,161,0,0,0,5,3,2
59778303,28,14,14,28,14,14,0,0,0,16,7,9,28,14,14,28,14,14,0,0,0,0,0,0
59778304,475,234,241,474,233,241,1,1,0,303,157,146,452,227,225,475,234,241,0,0,0,0,0,0
59778305,137,69,68,136,68,68,1,1,0,77,41,36,133,66,67,137,69,68,0,0,0,0,0,0
59778307,179,88,91,178,87,91,1,1,0,96,48,48,172,83,89,179,88,91,0,0,0,0,0,0
59778308,142,61,81,142,61,81,0,0,0,83,34,49,139,59,80,142,61,81,0,0,0,0,0,0
59778309,60,32,28,60,32,28,0,0,0,34,15,19,57,30,27,60,32,28,0,0,0,0,0,0
59778310,21,13,8,21,13,8,0,0,0,13,9,4,21,13,8,18,10,8,2,2,0,1,1,0
59778311,1381,653,728,1375,650,725,5,3,2,759,394,365,1332,625,707,1377,652,725,4,1,3,0,0,0
59778312,143,68,75,142,67,75,1,1,0,84,46,38,138,64,74,143,68,75,0,0,0,0,0,0
59778313,1330,660,670,1327,658,669,3,2,1,788,429,359,1291,638,653,1328,658,670,1,1,0,1,1,0
59778314,1061,541,520,1058,540,518,2,1,1,631,321,310,1022,522,500,1033,514,519,17,16,1,11,11,0
59778315,786,376,410,786,376,410,0,0,0,462,235,227,763,362,401,786,376,410,0,0,0,0,0,0
59778317,213,105,108,212,104,108,0,0,0,127,68,59,208,102,106,213,105,108,0,0,0,0,0,0
59778318,29,15,14,29,15,14,0,0,0,17,10,7,28,15,13,29,15,14,0,0,0,0,0,0
59778319,1210,616,594,1205,613,592,5,3,2,694,346,348,1141,582,559,1114,547,567,0,0,0,96,69,27
59779101,600,309,291,592,304,288,8,5,3,246,133,113,566,290,276,589,301,288,0,0,0,11,8,3
55188101,163,80,83,162,79,83,0,0,0,59,29,30,152,74,78,163,80,83,0,0,0,0,0,0
1505680,0,0,0,0,0,0,0,0,0,0,0,0,0,0,0,0,0,0,0,0,0,0,0,0
59781301,30,16,14,30,16,14,0,0,0,10,5,5,30,16,14,30,16,14,0,0,0,0,0,0
59781302,30,15,15,30,15,15,0,0,0,7,5,2,28,13,15,30,15,15,0,0,0,0,0,0
59781303,170,98,72,170,98,72,0,0,0,80,54,26,162,93,69,161,91,70,0,0,0,9,7,2
59781305,250,131,119,250,131,119,0,0,0,138,76,62,239,126,113,250,131,119,0,0,0,0,0,0
55191101,427,224,203,424,223,201,2,1,1,157,87,70,401,210,191,419,219,200,0,0,0,8,5,3
55191102,36,17,19,36,17,19,0,0,0,16,9,7,32,15,17,32,15,17,0,0,0,4,2,2
55181301,190,94,96,190,94,96,0,0,0,93,44,49,171,84,87,190,94,96,0,0,0,0,0,0
55176701,736,378,358,734,376,358,2,2,0,298,170,128,714,364,350,729,374,355,0,0,0,7,4,3
55176702,107,53,54,106,52,54,1,1,0,30,14,16,100,49,51,107,53,54,0,0,0,0,0,0
59787201,92,54,38,92,54,38,0,0,0,15,7,8,79,45,34,39,21,18,38,26,12,15,7,8
59787202,102,53,49,102,53,49,0,0,0,33,15,18,100,52,48,85,42,43,0,0,0,17,11,6
59787203,62,32,30,62,32,30,0,0,0,21,12,9,52,28,24,51,26,25,2,1,1,9,5,4
59787204,60,31,29,60,31,29,0,0,0,19,11,8,51,27,24,48,23,25,2,1,1,10,7,3
59787205,1024,511,513,1024,511,513,0,0,0,499,261,238,964,479,485,979,487,492,25,6,19,20,18,2
59788101,507,257,250,506,256,250,1,1,0,244,142,102,488,246,242,505,255,250,1,1,0,1,1,0
59789901,22,11,11,22,11,11,0,0,0,7,4,3,20,10,10,14,6,8,0,0,0,8,5,3
59789902,38,20,18,38,20,18,0,0,0,11,4,7,37,19,18,38,20,18,0,0,0,0,0,0
59789903,109,57,52,109,57,52,0,0,0,50,24,26,104,53,51,102,54,48,0,0,0,7,3,4
59789904,359,188,171,359,188,171,0,0,0,173,89,84,339,180,159,335,171,164,14,8,6,10,9,1
59791102,145,73,72,145,73,72,0,0,0,62,34,28,131,66,65,145,73,72,0,0,0,0,0,0
59791103,709,383,326,709,383,326,0,0,0,363,211,152,668,364,304,686,366,320,0,0,0,23,17,6
55182101,22,12,10,22,12,10,0,0,0,3,1,2,20,10,10,18,9,9,0,0,0,4,3,1
55182102,78,43,35,78,43,35,0,0,0,23,13,10,72,38,34,74,40,34,0,0,0,4,3,1
55182104,127,65,62,127,65,62,0,0,0,51,33,18,121,63,58,112,54,58,0,0,0,15,11,4
59793701,928,470,458,925,468,457,2,2,0,383,201,182,874,446,428,909,457,452,0,0,0,19,13,6
59794501,140,77,63,140,77,63,0,0,0,74,43,31,130,72,58,139,76,63,0,0,0,1,1,0
59794503,327,166,161,326,166,160,1,0,1,119,65,54,268,137,131,306,154,152,0,0,0,21,12,9
55178301,235,125,110,235,125,110,0,0,0,91,50,41,224,120,104,203,107,96,0,0,0,32,18,14
55169401,316,171,145,315,170,145,1,1,0,143,88,55,304,165,139,312,169,143,1,1,0,3,1,2
59796102,703,346,357,702,346,356,0,0,0,390,210,180,664,329,335,621,313,308,71,27,44,11,6,5
59796103,25,14,11,25,14,11,0,0,0,14,8,6,21,11,10,23,13,10,1,1,0,1,0,1
59796104,3680,1801,1879,3669,1794,1875,7,4,3,1961,1012,949,3528,1719,1809,3462,1659,1803,148,87,61,70,55,15
59796105,332,170,162,332,170,162,0,0,0,195,110,85,313,160,153,331,169,162,0,0,0,1,1,0
59797001,55,26,29,55,26,29,0,0,0,19,9,10,54,25,29,54,25,29,0,0,0,1,1,0
59797002,79,44,35,79,44,35,0,0,0,29,18,11,75,42,33,78,43,35,0,0,0,1,1,0
59797003,133,70,63,132,69,63,1,1,0,54,31,23,114,59,55,132,69,63,0,0,0,1,1,0
59798801,568,279,289,568,279,289,0,0,0,274,147,127,537,265,272,564,276,288,1,1,0,3,2,1
59798802,528,276,252,527,275,252,1,1,0,255,124,131,504,260,244,514,265,249,2,1,1,12,10,2
59801101,117,61,56,116,60,56,1,1,0,47,25,22,111,56,55,117,61,56,0,0,0,0,0,0
59801102,1733,874,859,1719,864,855,14,10,4,765,399,366,1613,816,797,1667,825,842,0,0,0,66,49,17
59801103,728,353,375,724,349,375,3,3,0,300,146,154,690,333,357,698,338,360,0,0,0,30,15,15
59801104,165,85,80,161,83,78,0,0,0,51,30,21,150,78,72,163,84,79,0,0,0,2,1,1
59801105,1139,580,559,1131,576,555,7,4,3,466,251,215,1072,547,525,1129,575,554,2,1,1,8,4,4
59802001,143,75,68,138,71,67,5,4,1,62,37,25,138,74,64,113,60,53,14,7,7,16,8,8
59802002,43,20,23,43,20,23,0,0,0,26,14,12,40,20,20,39,18,21,0,0,0,4,2,2
59802003,56,32,24,55,32,23,1,0,1,27,16,11,52,29,23,39,22,17,6,3,3,11,7,4
51163301,449,226,223,446,224,222,3,2,1,214,99,115,425,212,213,449,226,223,0,0,0,0,0,0
59803801,4111,1992,2119,4093,1978,2115,16,12,4,2046,1039,1007,3914,1904,2010,4018,1950,2068,57,16,41,36,26,10
59804601,151,79,72,151,79,72,0,0,0,69,38,31,144,74,70,151,79,72,0,0,0,0,0,0
59804602,26,14,12,26,14,12,0,0,0,8,5,3,26,14,12,26,14,12,0,0,0,0,0,0
59804603,806,415,391,803,414,389,3,1,2,299,164,135,744,386,358,790,403,387,3,2,1,13,10,3
51193501,49,26,23,49,26,23,0,0,0,28,18,10,49,26,23,49,26,23,0,0,0,0,0,0
51193502,1276,651,625,1276,651,625,0,0,0,911,478,433,1229,623,606,1259,639,620,0,0,0,17,12,5
59806201,4102,1988,2114,4080,1976,2104,14,7,7,2196,1079,1117,3902,1899,2003,3994,1931,2063,48,16,32,60,41,19
59806202,863,411,452,862,410,452,1,1,0,419,219,200,829,394,435,845,404,441,17,6,11,1,1,0
59806203,210,103,107,210,103,107,0,0,0,136,65,71,203,101,102,204,100,104,0,0,0,6,3,3
59807101,124,62,62,124,62,62,0,0,0,48,26,22,119,59,60,98,48,50,0,0,0,26,14,12
59807102,563,276,287,560,275,285,3,1,2,186,98,88,519,257,262,378,176,202,16,10,6,169,90,79
59807103,37,23,14,37,23,14,0,0,0,7,4,3,20,10,10,24,13,11,13,10,3,0,0,0
59807104,2247,1130,1117,2223,1120,1103,20,8,12,880,484,396,2063,1042,1021,2009,1001,1008,62,29,33,176,100,76
59808901,3049,1528,1521,3041,1523,1518,8,5,3,1351,697,654,2849,1423,1426,3002,1492,1510,0,0,0,47,36,11
55254201,92,45,47,92,45,47,0,0,0,55,30,25,92,45,47,92,45,47,0,0,0,0,0,0
55254202,152,76,76,152,76,76,0,0,0,61,30,31,145,72,73,149,74,75,0,0,0,3,2,1
55254203,250,123,127,250,123,127,0,0,0,104,48,56,240,118,122,250,123,127,0,0,0,0,0,0
55254204,746,366,380,742,364,378,3,1,2,348,180,168,700,341,359,741,362,379,0,0,0,5,4,1
55254205,64,30,34,64,30,34,0,0,0,36,15,21,63,30,33,64,30,34,0,0,0,0,0,0
59810101,332,157,175,331,156,175,1,1,0,89,43,46,300,142,158,261,124,137,34,13,21,37,20,17
59810102,830,424,406,824,421,403,5,2,3,325,169,156,772,391,381,817,414,403,0,0,0,13,10,3
59810103,231,114,117,229,112,117,2,2,0,87,41,46,210,103,107,231,114,117,0,0,0,0,0,0
51195101,239,117,122,239,117,122,0,0,0,141,71,70,226,112,114,203,96,107,8,4,4,28,17,11
51195102,65,31,34,65,31,34,0,0,0,32,18,14,62,29,33,62,29,33,0,0,0,3,2,1
51195103,451,227,224,449,226,223,2,1,1,236,121,115,437,221,216,367,184,183,12,6,6,72,37,35
51195104,131,70,61,131,70,61,0,0,0,60,35,25,128,67,61,131,70,61,0,0,0,0,0,0
55260701,371,183,188,369,182,187,0,0,0,147,70,77,341,173,168,366,179,187,0,0,0,5,4,1
59813501,2241,1109,1132,2229,1100,1129,12,9,3,1156,610,546,2150,1064,1086,2217,1094,1123,3,2,1,21,13,8
59813502,51,23,28,51,23,28,0,0,0,17,8,9,50,22,28,51,23,28,0,0,0,0,0,0
0350410,0,0,0,0,0,0,0,0,0,0,0,0,0,0,0,0,0,0,0,0,0,0,0,0
3151330,0,0,0,0,0,0,0,0,0,0,0,0,0,0,0,0,0,0,0,0,0,0,0,0
59800301,1584,1057,527,1553,1037,516,29,18,11,748,493,255,1508,1009,499,643,316,327,3,2,1,938,739,199
59800302,7811,3735,4076,7719,3680,4039,77,45,32,4252,2125,2127,7435,3557,3878,7705,3710,3995,105,24,81,1,1,0
59800303,3207,1593,1614,3169,1571,1598,38,22,16,1828,943,885,3059,1518,1541,3159,1570,1589,47,22,25,1,1,0
59800304,459,248,211,451,243,208,8,5,3,275,153,122,381,203,178,458,247,211,0,0,0,1,1,0
59800305,3697,1761,1936,3646,1720,1926,47,39,8,2114,1048,1066,3512,1674,1838,3581,1712,1869,106,41,65,10,8,2
59800306,7996,3877,4119,7915,3829,4086,75,46,29,4275,2160,2115,7653,3698,3955,7954,3852,4102,31,14,17,11,11,0
59800307,212,109,103,203,101,102,9,8,1,125,62,63,198,101,97,208,106,102,4,3,1,0,0,0
59800308,370,199,171,367,197,170,3,2,1,239,134,105,351,188,163,362,195,167,0,0,0,8,4,4
59800310,1135,540,595,1107,522,585,25,16,9,692,347,345,1103,528,575,1134,540,594,0,0,0,1,0,1
59800311,92,50,42,92,50,42,0,0,0,48,29,19,89,48,41,92,50,42,0,0,0,0,0,0
59800312,837,422,415,834,420,414,2,1,1,496,255,241,815,409,406,837,422,415,0,0,0,0,0,0
59800313,129,53,76,123,49,74,6,4,2,64,31,33,104,47,57,101,47,54,28,6,22,0,0,0
59800314,33,16,17,29,12,17,4,4,0,14,7,7,31,15,16,29,13,16,4,3,1,0,0,0
59800315,638,326,312,630,321,309,8,5,3,416,218,198,624,320,304,630,321,309,0,0,0,8,5,3
59800316,808,406,402,806,404,402,2,2,0,512,286,226,790,398,392,795,398,397,0,0,0,13,8,5
59800317,1544,786,758,1541,785,756,3,1,2,1026,527,499,1505,768,737,1528,776,752,0,0,0,16,10,6
59800318,331,161,170,331,161,170,0,0,0,213,119,94,313,155,158,304,151,153,23,8,15,4,2,2
59800319,289,137,152,289,137,152,0,0,0,205,97,108,275,132,143,284,135,149,1,1,0,4,1,3
59800320,985,481,504,983,480,503,2,1,1,595,302,293,944,461,483,965,470,495,0,0,0,20,11,9
59800321,25,12,13,25,12,13,0,0,0,15,6,9,25,12,13,25,12,13,0,0,0,0,0,0
59800322,60,28,32,60,28,32,0,0,0,14,6,8,50,26,24,57,27,30,0,0,0,3,1,2
59800323,475,245,230,473,243,230,2,2,0,227,118,109,458,238,220,397,201,196,0,0,0,78,44,34
59800324,276,133,143,274,132,142,2,1,1,187,90,97,255,121,134,276,133,143,0,0,0,0,0,0
59800325,252,119,133,250,117,133,2,2,0,163,76,87,232,110,122,251,118,133,1,1,0,0,0,0
59800326,476,244,232,469,240,229,6,3,3,213,112,101,443,230,213,475,244,231,1,0,1,0,0,0
59800327,211,112,99,187,98,89,22,14,8,119,63,56,183,95,88,208,111,97,0,0,0,3,1,2
59800328,2737,1245,1492,2706,1224,1482,30,20,10,1479,701,778,2625,1193,1432,2642,1218,1424,91,24,67,4,3,1
59800329,4385,2129,2256,4315,2083,2232,56,38,18,2332,1172,1160,4156,2012,2144,4068,1902,2166,315,225,90,2,2,0
59800330,296,145,151,295,144,151,0,0,0,192,96,96,293,144,149,294,144,150,0,0,0,2,1,1
59800331,167,84,83,167,84,83,0,0,0,113,61,52,163,81,82,167,84,83,0,0,0,0,0,0
59800332,467,219,248,455,210,245,10,8,2,272,130,142,456,212,244,441,207,234,2,1,1,24,11,13
59800333,4993,2352,2641,4927,2310,2617,61,38,23,2668,1260,1408,4750,2234,2516,4984,2348,2636,8,3,5,1,1,0
59800334,1122,572,550,1105,560,545,12,7,5,636,346,290,1059,540,519,1001,479,522,61,40,21,60,53,7
59800335,27,18,9,24,16,8,3,2,1,14,10,4,24,16,8,25,16,9,2,2,0,0,0,0
59800336,4691,2115,2576,4656,2090,2566,33,24,9,2570,1252,1318,4486,2023,2463,4533,2076,2457,158,39,119,0,0,0
59800337,881,417,464,877,414,463,4,3,1,458,225,233,857,405,452,881,417,464,0,0,0,0,0,0
59814301,545,259,286,544,258,286,0,0,0,269,133,136,500,237,263,489,230,259,0,0,0,56,29,27
59814302,111,55,56,111,55,56,0,0,0,57,31,26,98,49,49,94,47,47,0,0,0,17,8,9
59814303,1287,637,650,1286,636,650,1,1,0,606,320,286,1238,614,624,1244,620,624,0,0,0,43,17,26
59814304,1633,808,825,1622,801,821,9,5,4,758,383,375,1537,764,773,1582,781,801,0,0,0,51,27,24
59814305,429,217,212,426,215,211,0,0,0,199,106,93,407,210,197,426,215,211,0,0,0,3,2,1
59814306,2492,1195,1297,2467,1176,1291,22,17,5,1112,548,564,2348,1115,1233,2389,1122,1267,10,4,6,93,69,24
59814307,2073,915,1158,2065,911,1154,5,3,2,985,451,534,1975,870,1105,1989,889,1100,84,26,58,0,0,0
59814308,441,216,225,437,214,223,3,2,1,224,116,108,426,211,215,403,200,203,0,0,0,38,16,22
59814309,632,296,336,630,295,335,2,1,1,309,159,150,613,288,325,608,280,328,0,0,0,24,16,8
59814310,27,15,12,27,15,12,0,0,0,14,7,7,25,13,12,27,15,12,0,0,0,0,0,0
59814311,119,61,58,119,61,58,0,0,0,54,29,25,108,55,53,115,59,56,0,0,0,4,2,2
59816001,1439,692,747,1437,690,747,2,2,0,640,330,310,1370,656,714,1365,661,704,47,11,36,27,20,7
51219201,155,81,74,155,81,74,0,0,0,52,28,24,144,74,70,147,75,72,0,0,0,8,6,2
51219202,465,229,236,463,227,236,2,2,0,166,76,90,415,200,215,465,229,236,0,0,0,0,0,0
51219203,103,53,50,102,52,50,1,1,0,37,19,18,96,49,47,103,53,50,0,0,0,0,0,0
51219204,255,133,122,254,133,121,1,0,1,88,47,41,236,125,111,254,132,122,0,0,0,1,1,0
51198601,228,124,104,228,124,104,0,0,0,124,74,50,215,118,97,197,103,94,5,3,2,26,18,8
51198602,101,58,43,101,58,43,0,0,0,64,34,30,92,53,39,90,53,37,0,0,0,11,5,6
55263101,207,100,107,206,100,106,1,0,1,93,43,50,195,94,101,205,99,106,0,0,0,2,1,1
55263102,448,227,221,444,224,220,4,3,1,162,87,75,407,208,199,438,219,219,0,0,0,10,8,2
51217601,1734,862,872,1727,859,868,6,2,4,959,463,496,1646,822,824,1715,852,863,5,2,3,14,8,6
51217602,60,28,32,60,28,32,0,0,0,29,14,15,55,25,30,60,28,32,0,0,0,0,0,0
59823202,22,11,11,18,10,8,2,1,1,11,6,5,21,11,10,22,11,11,0,0,0,0,0,0
59823203,194,102,92,192,100,92,2,2,0,122,68,54,187,100,87,191,99,92,0,0,0,3,3,0
59869101,519,269,250,519,269,250,0,0,0,271,150,121,489,251,238,508,267,241,11,2,9,0,0,0
59869102,67,31,36,67,31,36,0,0,0,32,18,14,66,31,35,50,22,28,0,0,0,17,9,8
59869103,205,106,99,205,106,99,0,0,0,106,62,44,199,105,94,204,106,98,0,0,0,1,0,1
59869104,542,276,266,541,276,265,1,0,1,270,143,127,501,254,247,519,259,260,0,0,0,23,17,6
59869105,683,335,348,682,334,348,1,1,0,385,206,179,641,317,324,683,335,348,0,0,0,0,0,0
59869106,89,43,46,89,43,46,0,0,0,37,18,19,81,39,42,89,43,46,0,0,0,0,0,0
59825901,156,79,77,156,79,77,0,0,0,100,52,48,149,76,73,156,79,77,0,0,0,0,0,0
59825902,480,191,289,479,190,289,1,1,0,257,126,131,450,180,270,335,162,173,145,29,116,0,0,0
59825903,304,152,152,302,151,151,2,1,1,201,96,105,296,147,149,304,152,152,0,0,0,0,0,0
59825904,236,105,131,232,103,129,4,2,2,129,63,66,230,104,126,222,98,124,2,1,1,12,6,6
59825905,238,122,116,237,122,115,0,0,0,135,72,63,231,118,113,238,122,116,0,0,0,0,0,0
59825906,2952,1413,1539,2934,1402,1532,15,9,6,1488,739,749,2798,1344,1454,2861,1358,1503,24,7,17,67,48,19
59825907,236,126,110,236,126,110,0,0,0,157,94,63,225,124,101,234,126,108,0,0,0,2,0,2
59825908,173,86,87,173,86,87,0,0,0,106,53,53,164,83,81,171,85,86,0,0,0,2,1,1
59825909,532,270,262,528,268,260,4,2,2,345,185,160,507,258,249,531,269,262,0,0,0,1,1,0
50742301,468,236,232,467,235,232,1,1,0,219,111,108,442,222,220,444,221,223,0,0,0,24,15,9
50742302,76,37,39,76,37,39,0,0,0,33,15,18,75,36,39,76,37,39,0,0,0,0,0,0
50742303,1360,672,688,1353,667,686,6,4,2,589,316,273,1290,639,651,1297,637,660,4,2,2,59,33,26
59827501,338,165,173,338,165,173,0,0,0,113,56,57,309,151,158,337,164,173,0,0,0,1,1,0
50723701,1215,608,607,1212,606,606,2,1,1,456,238,218,1120,559,561,935,471,464,114,51,63,166,86,80
50723702,235,119,116,234,118,116,0,0,0,75,39,36,219,112,107,211,108,103,2,1,1,22,10,12
50723703,71,36,35,71,36,35,0,0,0,28,15,13,68,36,32,43,20,23,1,1,0,27,15,12
50745801,73,37,36,73,37,36,0,0,0,39,21,18,69,35,34,73,37,36,0,0,0,0,0,0
50745802,270,145,125,270,145,125,0,0,0,140,81,59,261,142,119,231,123,108,0,0,0,39,22,17
59832101,44,21,23,44,21,23,0,0,0,22,12,10,43,20,23,41,19,22,0,0,0,3,2,1
59832102,126,62,64,126,62,64,0,0,0,71,40,31,125,61,64,123,60,63,0,0,0,3,2,1
59832103,29,12,17,29,12,17,0,0,0,21,9,12,29,12,17,29,12,17,0,0,0,0,0,0
59832104,43,25,18,43,25,18,0,0,0,22,15,7,42,24,18,37,23,14,0,0,0,6,2,4
59832105,2519,1242,1277,2507,1234,1273,7,5,2,1540,788,752,2394,1193,1201,2485,1221,1264,0,0,0,34,21,13
59832106,224,110,114,223,110,113,1,0,1,129,63,66,211,103,108,220,108,112,0,0,0,4,2,2
54967301,228,117,111,227,116,111,0,0,0,88,40,48,225,115,110,213,107,106,0,0,0,15,10,5
54967302,106,54,52,106,54,52,0,0,0,46,24,22,105,53,52,56,29,27,0,0,0,50,25,25
54967303,47,27,20,47,27,20,0,0,0,25,18,7,47,27,20,31,17,14,0,0,0,16,10,6
54967304,51,24,27,49,22,27,2,2,0,19,10,9,48,22,26,31,16,15,4,3,1,16,5,11
54967305,216,101,115,216,101,115,0,0,0,99,51,48,205,98,107,173,80,93,0,0,0,43,21,22
59834801,2289,1105,1184,2285,1104,1181,4,1,3,966,495,471,2193,1061,1132,2271,1096,1175,0,0,0,18,9,9
59835601,1013,519,494,1009,517,492,4,2,2,528,281,247,966,491,475,962,489,473,4,2,2,47,28,19
59835602,358,179,179,358,179,179,0,0,0,160,79,81,338,172,166,182,89,93,5,4,1,171,86,85
59835603,514,256,258,512,256,256,1,0,1,223,103,120,488,241,247,443,223,220,0,0,0,71,33,38
59835604,86,41,45,85,40,45,1,1,0,29,19,10,77,38,39,65,30,35,0,0,0,21,11,10
59835605,350,168,182,349,168,181,1,0,1,149,72,77,336,161,175,246,115,131,0,0,0,104,53,51
59836401,543,266,277,543,266,277,0,0,0,251,131,120,508,245,263,542,266,276,0,0,0,1,0,1
59839901,1305,663,642,1297,659,638,3,2,1,424,234,190,1200,610,590,1193,598,595,5,3,2,107,62,45
59839902,172,88,84,172,88,84,0,0,0,54,31,23,161,81,80,172,88,84,0,0,0,0,0,0
55259301,97,46,51,97,46,51,0,0,0,39,17,22,97,46,51,68,33,35,0,0,0,29,13,16
55259302,173,94,79,172,93,79,1,1,0,37,23,14,163,89,74,113,61,52,1,1,0,59,32,27
55259303,433,222,211,430,219,211,3,3,0,161,82,79,419,213,206,401,203,198,0,0,0,32,19,13
55259304,76,39,37,76,39,37,0,0,0,23,18,5,75,39,36,19,12,7,0,0,0,57,27,30
51218401,1705,854,851,1698,849,849,6,5,1,800,389,411,1626,809,817,1617,801,816,0,0,0,88,53,35
50754701,38,19,19,38,19,19,0,0,0,15,7,8,38,19,19,38,19,19,0,0,0,0,0,0
50754702,1264,639,625,1255,633,622,8,6,2,711,362,349,1180,601,579,1246,628,618,0,0,0,18,11,7
59844501,59,33,26,58,32,26,1,1,0,20,11,9,56,31,25,47,25,22,0,0,0,12,8,4
59844505,132,75,57,132,75,57,0,0,0,71,42,29,125,70,55,100,56,44,3,2,1,29,17,12
59844506,56,31,25,56,31,25,0,0,0,20,12,8,53,30,23,47,26,21,2,1,1,7,4,3
59844507,590,301,289,587,299,288,2,1,1,289,149,140,568,293,275,487,243,244,5,4,1,98,54,44
59844509,290,148,142,288,147,141,1,0,1,124,65,59,275,144,131,251,132,119,0,0,0,39,16,23
59844511,62,28,34,62,28,34,0,0,0,26,12,14,58,27,31,54,25,29,1,1,0,7,2,5
59845301,56,24,32,56,24,32,0,0,0,34,15,19,55,23,32,56,24,32,0,0,0,0,0,0
59845302,409,201,208,407,201,206,2,0,2,267,139,128,388,192,196,405,199,206,0,0,0,4,2,2
59845303,3174,1595,1579,3159,1586,1573,11,7,4,2135,1114,1021,3061,1539,1522,3118,1555,1563,2,2,0,54,38,16
59845304,23,12,11,23,12,11,0,0,0,18,9,9,21,11,10,21,11,10,0,0,0,2,1,1
55401401,2955,1451,1504,2943,1442,1501,9,6,3,1606,809,797,2826,1386,1440,2913,1418,1495,1,1,0,41,32,9
55401402,744,372,372,739,368,371,2,2,0,400,207,193,715,359,356,743,371,372,0,0,0,1,1,0
55401403,34,16,18,34,16,18,0,0,0,11,4,7,31,15,16,34,16,18,0,0,0,0,0,0
55252601,218,103,115,217,103,114,1,0,1,110,49,61,204,97,107,215,101,114,1,1,0,2,1,1
55252602,72,34,38,71,33,38,1,1,0,30,11,19,68,33,35,71,33,38,0,0,0,1,1,0
55251801,164,84,80,164,84,80,0,0,0,87,43,44,156,82,74,161,82,79,0,0,0,3,2,1
55251802,33,15,18,33,15,18,0,0,0,12,8,4,31,14,17,32,14,18,0,0,0,1,1,0
55251803,775,377,398,770,373,397,3,2,1,318,163,155,744,364,380,763,370,393,0,0,0,12,7,5
1081970,0,0,0,0,0,0,0,0,0,0,0,0,0,0,0,0,0,0,0,0,0,0,0,0
50709101,157,77,80,156,77,79,0,0,0,91,45,46,144,71,73,142,69,73,0,0,0,15,8,7
50709102,226,122,104,226,122,104,0,0,0,139,79,60,223,120,103,222,120,102,0,0,0,4,2,2
50709103,1405,693,712,1398,688,710,3,2,1,758,391,367,1308,651,657,1246,618,628,123,48,75,36,27,9
50709104,303,143,160,301,142,159,2,1,1,129,66,63,273,131,142,197,95,102,50,16,34,56,32,24
59854202,59,26,33,57,25,32,2,1,1,22,10,12,55,25,30,45,19,26,0,0,0,14,7,7
59854203,59,30,29,58,30,28,0,0,0,13,6,7,47,23,24,39,20,19,0,0,0,20,10,10
59854204,470,229,241,468,228,240,1,1,0,209,109,100,448,222,226,412,200,212,2,1,1,56,28,28
59854205,1074,555,519,1069,552,517,5,3,2,451,252,199,1004,519,485,921,469,452,39,13,26,114,73,41
59854206,706,343,363,697,334,363,9,9,0,270,156,114,663,318,345,607,298,309,4,3,1,95,42,53
59854207,120,66,54,120,66,54,0,0,0,51,30,21,110,63,47,40,21,19,5,5,0,75,40,35
59855101,25,14,11,25,14,11,0,0,0,10,6,4,23,13,10,21,12,9,0,0,0,4,2,2
59855102,435,216,219,433,215,218,1,0,1,224,129,95,412,204,208,433,215,218,0,0,0,2,1,1
59855103,51,29,22,50,28,22,1,1,0,9,6,3,40,21,19,29,18,11,0,0,0,22,11,11
59855104,2619,1328,1291,2614,1325,1289,4,3,1,1199,627,572,2507,1281,1226,2557,1290,1267,14,6,8,48,32,16
59855105,23,13,10,23,13,10,0,0,0,6,5,1,18,10,8,13,7,6,0,0,0,10,6,4
59855108,213,103,110,213,103,110,0,0,0,98,52,46,205,99,106,203,97,106,0,0,0,10,6,4
3416220,0,0,0,0,0,0,0,0,0,0,0,0,0,0,0,0,0,0,0,0,0,0,0,0
59856901,289,137,152,285,134,151,4,3,1,126,63,63,284,135,149,289,137,152,0,0,0,0,0,0
59856903,3390,1660,1730,3371,1651,1720,19,9,10,1478,733,745,3234,1597,1637,3349,1630,1719,1,1,0,40,29,11
55250001,322,166,156,322,166,156,0,0,0,128,82,46,305,158,147,317,162,155,0,0,0,5,4,1
55722601,94,42,52,94,42,52,0,0,0,65,28,37,91,41,50,93,42,51,0,0,0,1,0,1
55722602,888,439,449,886,438,448,2,1,1,478,223,255,841,420,421,883,435,448,0,0,0,5,4,1
51202801,1587,791,796,1583,790,793,3,1,2,915,466,449,1515,758,757,1565,778,787,0,0,0,22,13,9
51202803,209,105,104,209,105,104,0,0,0,116,62,54,200,102,98,202,102,100,3,1,2,4,2,2
56881301,878,432,446,876,430,446,2,2,0,301,161,140,842,417,425,854,418,436,2,2,0,22,12,10
50718101,1082,592,490,1078,590,488,3,1,2,363,189,174,1031,561,470,875,437,438,147,120,27,60,35,25
55257701,1020,522,498,1018,520,498,2,2,0,420,238,182,951,494,457,950,481,469,0,0,0,70,41,29
54966501,152,76,76,152,76,76,0,0,0,49,30,19,141,71,70,152,76,76,0,0,0,0,0,0
54966502,134,67,67,133,67,66,1,0,1,50,30,20,126,64,62,134,67,67,0,0,0,0,0,0
54966503,191,90,101,190,90,100,1,0,1,71,31,40,168,79,89,177,83,94,0,0,0,14,7,7
54966504,1351,637,714,1345,635,710,6,2,4,542,265,277,1269,600,669,1223,578,645,36,7,29,92,52,40
54966505,159,81,78,159,81,78,0,0,0,80,47,33,154,79,75,159,81,78,0,0,0,0,0,0
55697101,1361,653,708,1357,651,706,3,2,1,606,304,302,1277,615,662,1324,638,686,27,7,20,10,8,2
55697102,257,116,141,253,115,138,3,1,2,103,47,56,236,106,130,257,116,141,0,0,0,0,0,0
55264001,543,274,269,542,273,269,1,1,0,227,114,113,511,258,253,478,233,245,6,4,2,59,37,22
56883001,1635,831,804,1632,830,802,3,1,2,666,374,292,1568,795,773,1618,816,802,0,0,0,17,15,2
56883002,216,108,108,216,108,108,0,0,0,94,50,44,200,99,101,213,107,106,3,1,2,0,0,0
59867401,971,502,469,970,501,469,1,1,0,398,217,181,926,479,447,945,480,465,0,0,0,26,22,4
59867402,335,166,169,335,166,169,0,0,0,145,71,74,317,157,160,335,166,169,0,0,0,0,0,0
59867403,200,98,102,200,98,102,0,0,0,53,26,27,193,93,100,199,97,102,0,0,0,1,1,0
59867404,81,43,38,81,43,38,0,0,0,44,22,22,79,41,38,81,43,38,0,0,0,0,0,0
55265801,210,114,96,209,114,95,0,0,0,104,62,42,189,102,87,208,113,95,0,0,0,2,1,1
55265802,642,345,297,642,345,297,0,0,0,258,149,109,591,315,276,631,337,294,0,0,0,11,8,3
56879101,32,18,14,32,18,14,0,0,0,9,6,3,30,16,14,32,18,14,0,0,0,0,0,0
56879102,200,102,98,200,102,98,0,0,0,76,40,36,191,96,95,168,85,83,1,1,0,31,16,15
56879103,722,350,372,719,349,370,2,1,1,226,122,104,641,315,326,663,320,343,0,0,0,59,30,29
1542110,0,0,0,0,0,0,0,0,0,0,0,0,0,0,0,0,0,0,0,0,0,0,0,0
59874701,29,20,9,29,20,9,0,0,0,16,13,3,29,20,9,28,19,9,1,1,0,0,0,0
59874704,48,29,19,47,28,19,1,1,0,16,12,4,42,26,16,35,20,15,1,1,0,12,8,4
59874706,229,115,114,227,114,113,1,0,1,102,54,48,221,113,108,212,105,107,0,0,0,17,10,7
59874708,111,58,53,111,58,53,0,0,0,59,32,27,107,56,51,102,53,49,0,0,0,9,5,4
59874711,114,65,49,112,64,48,2,1,1,57,39,18,105,60,45,108,61,47,0,0,0,6,4,2
3151170,0,0,0,0,0,0,0,0,0,0,0,0,0,0,0,0,0,0,0,0,0,0,0,0
3416310,0,0,0,0,0,0,0,0,0,0,0,0,0,0,0,0,0,0,0,0,0,0,0,0
55255102,1007,489,518,1006,488,518,0,0,0,403,205,198,951,456,495,982,475,507,5,1,4,20,13,7
55255103,49,30,19,42,23,19,7,7,0,18,12,6,47,29,18,46,29,17,3,1,2,0,0,0
55255104,384,189,195,378,186,192,2,2,0,167,81,86,351,173,178,381,187,194,1,1,0,2,1,1
3067620,0,0,0,0,0,0,0,0,0,0,0,0,0,0,0,0,0,0,0,0,0,0,0,0
55256901,2098,1045,1053,2084,1035,1049,10,7,3,948,482,466,1999,1000,999,2053,1016,1037,13,7,6,32,22,10
55267401,996,497,499,994,495,499,1,1,0,442,240,202,948,476,472,983,487,496,0,0,0,13,10,3
56963102,2106,1059,1047,2074,1035,1039,30,22,8,620,307,313,1997,1005,992,2039,1023,1016,47,19,28,20,17,3
55262301,48,24,24,48,24,24,0,0,0,24,11,13,43,21,22,48,24,24,0,0,0,0,0,0
55262302,81,39,42,80,39,41,1,0,1,38,21,17,76,36,40,81,39,42,0,0,0,0,0,0
55262303,389,190,199,389,190,199,0,0,0,197,108,89,373,183,190,385,186,199,0,0,0,4,4,0
55262304,413,214,199,412,213,199,1,1,0,185,100,85,400,205,195,413,214,199,0,0,0,0,0,0
55262305,114,55,59,114,55,59,0,0,0,51,29,22,97,48,49,114,55,59,0,0,0,0,0,0
1710262,0,0,0,0,0,0,0,0,0,0,0,0,0,0,0,0,0,0,0,0,0,0,0,0
59881001,441,216,225,436,213,223,5,3,2,318,159,159,424,206,218,435,213,222,1,1,0,5,2,3
59881002,223,118,105,223,118,105,0,0,0,152,88,64,214,113,101,207,109,98,0,0,0,16,9,7
59881003,172,91,81,172,91,81,0,0,0,107,67,40,169,90,79,163,85,78,0,0,0,9,6,3
59881004,787,379,408,784,377,407,2,2,0,553,269,284,760,362,398,786,378,408,0,0,0,1,1,0
59881005,1848,905,943,1840,899,941,8,6,2,1315,659,656,1774,868,906,1839,896,943,7,7,0,2,2,0
59881006,105,51,54,105,51,54,0,0,0,77,39,38,105,51,54,105,51,54,0,0,0,0,0,0
59881007,961,476,485,959,475,484,1,0,1,703,350,353,946,470,476,961,476,485,0,0,0,0,0,0
59881008,474,245,229,473,245,228,1,0,1,370,195,175,464,239,225,474,245,229,0,0,0,0,0,0
59881009,865,431,434,864,431,433,1,0,1,689,347,342,830,415,415,861,429,432,0,0,0,4,2,2
59881010,713,340,373,711,339,372,2,1,1,515,252,263,686,324,362,707,337,370,3,2,1,3,1,2
59881011,1044,533,511,1013,507,506,25,20,5,668,347,321,998,510,488,990,491,499,40,28,12,14,14,0
59881013,1014,508,506,1004,502,502,10,6,4,756,385,371,992,495,497,1011,505,506,2,2,0,1,1,0
59881014,61,32,29,60,31,29,0,0,0,49,26,23,60,31,29,61,32,29,0,0,0,0,0,0
59881015,560,277,283,556,275,281,1,1,0,397,203,194,546,269,277,549,272,277,0,0,0,11,5,6
59881016,446,230,216,446,230,216,0,0,0,337,190,147,435,225,210,443,229,214,0,0,0,3,1,2
59881017,400,199,201,399,198,201,1,1,0,317,158,159,383,193,190,398,198,200,0,0,0,2,1,1
59881018,342,175,167,336,172,164,6,3,3,239,122,117,333,170,163,342,175,167,0,0,0,0,0,0
59881019,2471,1186,1285,2440,1173,1267,28,12,16,1545,770,775,2310,1117,1193,2308,1138,1170,163,48,115,0,0,0
59881020,711,349,362,711,349,362,0,0,0,531,261,270,684,334,350,707,347,360,1,1,0,3,1,2
59881022,415,204,211,414,203,211,1,1,0,254,125,129,395,195,200,414,203,211,0,0,0,1,1,0
59881023,465,235,230,465,235,230,0,0,0,326,160,166,450,229,221,409,210,199,5,1,4,51,24,27
59881024,58,24,34,58,24,34,0,0,0,33,16,17,53,22,31,57,24,33,0,0,0,1,0,1
59881025,1504,726,778,1487,716,771,16,10,6,870,437,433,1401,678,723,1457,703,754,47,23,24,0,0,0
59881026,1792,1043,749,1768,1032,736,21,8,13,1055,619,436,1714,1003,711,1290,652,638,7,5,2,495,386,109
59881027,26,14,12,26,14,12,0,0,0,17,8,9,26,14,12,26,14,12,0,0,0,0,0,0
59881029,659,342,317,651,336,315,6,4,2,430,221,209,630,324,306,620,303,317,39,39,0,0,0,0
59881030,40,21,19,40,21,19,0,0,0,29,17,12,40,21,19,40,21,19,0,0,0,0,0,0
59881031,372,185,187,371,185,186,1,0,1,248,132,116,364,182,182,370,184,186,1,1,0,1,0,1
59881032,24,18,6,16,10,6,8,8,0,8,5,3,24,18,6,17,11,6,6,6,0,1,1,0
59881033,322,155,167,317,151,166,5,4,1,226,116,110,310,152,158,322,155,167,0,0,0,0,0,0
59881034,3694,1725,1969,3662,1706,1956,30,17,13,2228,1078,1150,3535,1656,1879,3634,1704,1930,59,20,39,1,1,0
59881035,1197,578,619,1192,576,616,5,2,3,838,420,418,1152,558,594,1197,578,619,0,0,0,0,0,0
59881036,82,42,40,82,42,40,0,0,0,48,25,23,76,39,37,82,42,40,0,0,0,0,0,0
59881037,730,368,362,729,367,362,0,0,0,507,263,244,706,359,347,722,364,358,0,0,0,8,4,4
59881038,2968,1382,1586,2938,1364,1574,27,16,11,1800,862,938,2856,1330,1526,2967,1381,1586,0,0,0,1,1,0
59881039,546,277,269,546,277,269,0,0,0,415,206,209,540,274,266,544,276,268,0,0,0,2,1,1
59881040,2382,1092,1290,2344,1074,1270,33,17,16,1446,698,748,2277,1034,1243,2381,1091,1290,1,1,0,0,0,0
59881041,2868,1329,1539,2849,1318,1531,19,11,8,1754,843,911,2764,1277,1487,2863,1325,1538,1,1,0,4,3,1
55261501,294,143,151,285,134,151,8,8,0,115,58,57,275,133,142,289,140,149,0,0,0,5,3,2
55492801,786,384,402,779,380,399,5,3,2,350,176,174,754,372,382,786,384,402,0,0,0,0,0,0
55492802,705,352,353,704,351,353,0,0,0,299,162,137,683,341,342,683,344,339,16,5,11,6,3,3
55492803,2188,1103,1085,2182,1103,1079,5,0,5,1149,579,570,2093,1059,1034,2136,1072,1064,1,0,1,51,31,20
55492804,704,347,357,699,343,356,4,3,1,314,159,155,660,328,332,702,346,356,0,0,0,2,1,1
55248801,710,361,349,708,360,348,2,1,1,306,162,144,662,340,322,700,357,343,0,0,0,10,4,6
55268201,474,262,212,463,251,212,3,3,0,195,106,89,433,235,198,455,246,209,8,8,0,11,8,3
55268202,34,20,14,34,20,14,0,0,0,16,8,8,32,18,14,33,19,14,0,0,0,1,1,0
55268203,49,25,24,48,24,24,1,1,0,20,12,8,48,25,23,30,15,15,0,0,0,19,10,9
55268204,105,53,52,105,53,52,0,0,0,43,28,15,100,50,50,97,48,49,0,0,0,8,5,3
55268205,179,91,88,178,91,87,1,0,1,71,40,31,170,85,85,176,89,87,0,0,0,3,2,1
55269101,899,454,445,897,452,445,2,2,0,335,169,166,839,425,414,886,444,442,0,0,0,13,10,3
56816301,357,175,182,356,175,181,1,0,1,122,62,60,338,168,170,338,164,174,0,0,0,19,11,8
59892501,560,280,280,559,280,279,1,0,1,256,139,117,541,268,273,559,279,280,0,0,0,1,1,0
59892502,245,125,120,245,125,120,0,0,0,127,70,57,238,122,116,243,123,120,0,0,0,2,2,0
59892503,311,155,156,311,155,156,0,0,0,116,61,55,295,148,147,309,154,155,0,0,0,2,1,1
59892504,388,198,190,387,198,189,0,0,0,150,83,67,371,189,182,388,198,190,0,0,0,0,0,0
59892505,2238,1119,1119,2234,1116,1118,4,3,1,902,472,430,2108,1050,1058,2195,1087,1108,9,2,7,34,30,4
1367430,0,0,0,0,0,0,0,0,0,0,0,0,0,0,0,0,0,0,0,0,0,0,0,0
3153540,0,0,0,0,0,0,0,0,0,0,0,0,0,0,0,0,0,0,0,0,0,0,0,0
3414360,0,0,0,0,0,0,0,0,0,0,0,0,0,0,0,0,0,0,0,0,0,0,0,0
59905101,77,44,33,77,44,33,0,0,0,56,31,25,76,43,33,76,43,33,0,0,0,1,1,0
59905102,497,253,244,493,250,243,3,2,1,348,181,167,466,234,232,476,240,236,18,11,7,3,2,1
59905103,442,228,214,441,227,214,1,1,0,279,145,134,424,216,208,441,227,214,0,0,0,1,1,0
59905104,321,151,170,320,151,169,1,0,1,224,108,116,317,148,169,312,147,165,9,4,5,0,0,0
59905105,283,140,143,281,139,142,1,0,1,196,95,101,261,129,132,246,119,127,18,8,10,19,13,6
59905106,334,158,176,334,158,176,0,0,0,218,104,114,319,151,168,328,155,173,0,0,0,6,3,3
59905108,2168,1101,1067,2156,1097,1059,8,4,4,1333,705,628,2085,1064,1021,2163,1098,1065,0,0,0,5,3,2
59905109,65,35,30,64,34,30,0,0,0,43,19,24,65,35,30,64,34,30,0,0,0,1,1,0
59905110,423,205,218,420,205,215,2,0,2,246,121,125,412,200,212,408,199,209,0,0,0,15,6,9
59905111,860,393,467,852,390,462,4,1,3,526,250,276,830,379,451,761,360,401,80,19,61,19,14,5
59905112,433,206,227,427,203,224,6,3,3,213,103,110,413,201,212,431,205,226,0,0,0,2,1,1
59905113,868,456,412,866,456,410,2,0,2,522,282,240,835,444,391,868,456,412,0,0,0,0,0,0
59905114,1255,621,634,1248,619,629,7,2,5,730,377,353,1188,591,597,1255,621,634,0,0,0,0,0,0
59905115,2905,1390,1515,2893,1385,1508,7,2,5,1728,848,880,2818,1346,1472,2905,1390,1515,0,0,0,0,0,0
59905116,630,327,303,623,321,302,3,2,1,378,196,182,598,310,288,584,287,297,46,40,6,0,0,0
59905117,68,36,32,67,35,32,0,0,0,43,23,20,64,32,32,67,35,32,0,0,0,1,1,0
59905118,43,23,20,43,23,20,0,0,0,25,15,10,42,22,20,42,23,19,1,0,1,0,0,0
59905119,3764,1754,2010,3758,1749,2009,3,3,0,2194,1074,1120,3661,1705,1956,3751,1753,1998,13,1,12,0,0,0
59905121,3643,1862,1781,3621,1848,1773,19,12,7,2126,1114,1012,3490,1786,1704,3225,1558,1667,38,23,15,380,281,99
59905123,959,468,491,957,466,491,2,2,0,590,296,294,936,456,480,900,440,460,59,28,31,0,0,0
59893301,718,349,369,717,349,368,1,0,1,499,249,250,703,340,363,711,346,365,0,0,0,7,3,4
59893302,600,305,295,589,302,287,10,3,7,399,207,192,575,297,278,585,298,287,1,0,1,14,7,7
59893303,850,446,404,850,446,404,0,0,0,539,292,247,818,430,388,825,429,396,24,16,8,1,1,0
59893304,356,174,182,353,174,179,1,0,1,210,114,96,350,172,178,351,172,179,0,0,0,5,2,3
59893305,567,292,275,563,290,273,2,1,1,345,184,161,556,285,271,563,290,273,0,0,0,4,2,2
59893306,115,57,58,114,56,58,1,1,0,58,29,29,104,52,52,115,57,58,0,0,0,0,0,0
59893307,310,142,168,309,141,168,1,1,0,218,102,116,296,138,158,310,142,168,0,0,0,0,0,0
59893308,828,404,424,822,401,421,2,1,1,521,266,255,809,393,416,822,400,422,4,2,2,2,2,0
59893309,195,94,101,190,93,97,5,1,4,107,53,54,189,91,98,194,93,101,0,0,0,1,1,0
59893310,367,178,189,366,178,188,1,0,1,211,106,105,353,172,181,363,176,187,0,0,0,4,2,2
59893311,1623,763,860,1599,751,848,21,10,11,815,377,438,1558,726,832,1559,751,808,64,12,52,0,0,0
59893312,505,208,297,481,195,286,23,12,11,242,110,132,458,193,265,399,182,217,98,22,76,8,4,4
59893313,1154,535,619,1130,518,612,22,16,6,600,308,292,1109,515,594,1078,504,574,71,28,43,5,3,2
59893314,4869,2331,2538,4833,2308,2525,25,17,8,2211,1104,1107,4631,2218,2413,4839,2315,2524,29,15,14,1,1,0
59893315,2630,1232,1398,2589,1211,1378,38,19,19,1394,694,700,2537,1179,1358,2624,1229,1395,0,0,0,6,3,3
59893316,1909,901,1008,1873,880,993,32,18,14,1141,556,585,1810,849,961,1882,884,998,25,16,9,2,1,1
59893317,36,15,21,32,14,18,4,1,3,17,7,10,30,14,16,34,13,21,1,1,0,1,1,0
59893319,681,331,350,679,329,350,2,2,0,407,192,215,657,322,335,659,324,335,22,7,15,0,0,0
59893320,745,360,385,712,343,369,29,14,15,391,199,192,685,332,353,730,355,375,14,4,10,1,1,0
59893321,586,276,310,584,274,310,1,1,0,380,175,205,565,267,298,586,276,310,0,0,0,0,0,0
59893322,2873,1472,1401,2780,1424,1356,84,44,40,1479,772,707,2635,1355,1280,2541,1212,1329,0,0,0,332,260,72
59893323,613,294,319,613,294,319,0,0,0,357,167,190,607,290,317,613,294,319,0,0,0,0,0,0
3309900,0,0,0,0,0,0,0,0,0,0,0,0,0,0,0,0,0,0,0,0,0,0,0,0
59894101,3884,1933,1951,3872,1926,1946,10,6,4,1588,803,785,3655,1821,1834,3814,1899,1915,21,4,17,49,30,19
59894102,231,119,112,231,119,112,0,0,0,100,54,46,215,112,103,216,113,103,2,1,1,13,5,8
59896801,4414,2189,2225,4404,2184,2220,9,4,5,1847,938,909,4197,2080,2117,4318,2133,2185,18,5,13,78,51,27
59896802,636,301,335,631,300,331,3,1,2,410,192,218,609,290,319,636,301,335,0,0,0,0,0,0
56886401,1142,590,552,1140,588,552,1,1,0,396,202,194,1065,546,519,1117,572,545,0,0,0,25,18,7
0377880,0,0,0,0,0,0,0,0,0,0,0,0,0,0,0,0,0,0,0,0,0,0,0,0
0377960,0,0,0,0,0,0,0,0,0,0,0,0,0,0,0,0,0,0,0,0,0,0,0,0
55508801,580,292,288,580,292,288,0,0,0,363,189,174,561,283,278,580,292,288,0,0,0,0,0,0
55508802,5485,2571,2914,5460,2559,2901,23,11,12,2858,1421,1437,5296,2464,2832,5399,2536,2863,40,10,30,46,25,21
55508803,1669,810,859,1662,804,858,7,6,1,830,428,402,1622,787,835,1669,810,859,0,0,0,0,0,0
55508804,6506,3017,3489,6489,3006,3483,17,11,6,3209,1605,1604,6274,2902,3372,6478,3001,3477,20,11,9,8,5,3
55508805,1308,676,632,1305,673,632,3,3,0,828,444,384,1269,654,615,1296,670,626,0,0,0,12,6,6
55508806,1809,864,945,1806,862,944,2,1,1,1116,547,569,1759,840,919,1808,864,944,0,0,0,1,0,1
55508807,308,138,170,307,138,169,1,0,1,221,98,123,303,136,167,303,136,167,0,0,0,5,2,3
55508808,499,256,243,498,255,243,0,0,0,339,173,166,489,251,238,498,256,242,0,0,0,1,0,1
55508809,730,363,367,725,360,365,5,3,2,442,233,209,703,349,354,725,361,364,0,0,0,5,2,3
55508810,3617,1776,1841,3598,1766,1832,16,8,8,1787,918,869,3445,1684,1761,3617,1776,1841,0,0,0,0,0,0
55508811,4551,2225,2326,4521,2206,2315,26,17,9,2537,1264,1273,4381,2132,2249,4549,2224,2325,0,0,0,2,1,1
55508812,543,252,291,542,251,291,1,1,0,301,155,146,509,237,272,449,226,223,94,26,68,0,0,0
55508813,686,282,404,680,279,401,2,1,1,298,148,150,666,272,394,496,238,258,181,40,141,9,4,5
55508814,1779,833,946,1766,825,941,7,4,3,903,423,480,1710,804,906,1777,831,946,0,0,0,2,2,0
55508815,3762,1912,1850,3656,1848,1808,82,50,32,1595,822,773,3474,1750,1724,3706,1877,1829,11,9,2,45,26,19
55508816,50,28,22,49,27,22,1,1,0,27,18,9,45,26,19,42,24,18,3,1,2,5,3,2
55508817,2510,1336,1174,2440,1280,1160,45,33,12,1290,676,614,2363,1250,1113,2298,1178,1120,187,146,41,25,12,13
55508818,723,351,372,721,351,370,2,0,2,387,195,192,689,336,353,715,347,368,0,0,0,8,4,4
55508819,1156,567,589,1151,565,586,5,2,3,678,343,335,1135,557,578,1147,562,585,0,0,0,9,5,4
55508820,957,502,455,892,469,423,4,2,2,553,286,267,885,458,427,878,456,422,74,45,29,5,1,4
55508821,54,29,25,54,29,25,0,0,0,34,16,18,49,26,23,53,28,25,0,0,0,1,1,0
55508822,147,78,69,147,78,69,0,0,0,58,31,27,139,74,65,131,69,62,0,0,0,16,9,7
55508823,4849,2345,2504,4811,2323,2488,34,19,15,2667,1345,1322,4635,2249,2386,4789,2310,2479,58,33,25,2,2,0
55508824,3557,1654,1903,3541,1646,1895,14,7,7,1779,905,874,3415,1576,1839,3417,1620,1797,110,17,93,30,17,13
55508825,454,232,222,452,231,221,0,0,0,320,158,162,437,223,214,452,231,221,0,0,0,2,1,1
55508826,72,32,40,72,32,40,0,0,0,28,11,17,69,31,38,57,21,36,14,10,4,1,1,0
55508827,4878,2550,2328,4847,2533,2314,25,14,11,2537,1358,1179,4589,2397,2192,3989,1883,2106,769,579,190,120,88,32
55508828,36,18,18,36,18,18,0,0,0,24,12,12,36,18,18,26,13,13,0,0,0,10,5,5
55508829,3522,1690,1832,3500,1680,1820,15,8,7,1770,923,847,3346,1598,1748,3501,1677,1824,0,0,0,21,13,8
55508830,4144,1963,2181,4125,1953,2172,16,8,8,2162,1096,1066,3979,1879,2100,4142,1962,2180,0,0,0,2,1,1
55508831,2036,945,1091,2028,940,1088,4,3,1,1061,516,545,1956,905,1051,2035,944,1091,0,0,0,1,1,0
55508832,5176,2445,2731,5144,2432,2712,22,10,12,2650,1328,1322,4954,2339,2615,5105,2374,2731,6,6,0,65,65,0
59817801,869,429,440,866,426,440,2,2,0,275,136,139,810,395,415,840,410,430,0,0,0,29,19,10
59817802,259,124,135,259,124,135,0,0,0,104,48,56,248,120,128,259,124,135,0,0,0,0,0,0
59817803,297,140,157,296,139,157,1,1,0,97,47,50,281,131,150,297,140,157,0,0,0,0,0,0
59817804,316,155,161,316,155,161,0,0,0,108,54,54,305,149,156,316,155,161,0,0,0,0,0,0
59817805,736,373,363,734,373,361,1,0,1,229,131,98,690,349,341,734,372,362,0,0,0,2,1,1
55273901,754,387,367,753,387,366,1,0,1,304,153,151,734,377,357,754,387,367,0,0,0,0,0,0
55273902,3356,1708,1648,3337,1694,1643,15,10,5,1352,684,668,3153,1608,1545,3223,1636,1587,76,26,50,57,46,11
55273903,121,67,54,115,62,53,5,5,0,36,19,17,114,65,49,101,54,47,18,11,7,2,2,0
55529101,110,52,58,107,50,57,3,2,1,39,19,20,105,50,55,110,52,58,0,0,0,0,0,0
55529102,48,21,27,47,21,26,1,0,1,23,10,13,41,20,21,48,21,27,0,0,0,0,0,0
55529103,612,312,300,604,307,297,8,5,3,229,121,108,579,297,282,601,303,298,0,0,0,11,9,2
55529104,559,280,279,556,279,277,3,1,2,227,108,119,531,265,266,558,279,279,0,0,0,1,1,0
0638430,0,0,0,0,0,0,0,0,0,0,0,0,0,0,0,0,0,0,0,0,0,0,0,0
0639590,0,0,0,0,0,0,0,0,0,0,0,0,0,0,0,0,0,0,0,0,0,0,0,0
0640092,0,0,0,0,0,0,0,0,0,0,0,0,0,0,0,0,0,0,0,0,0,0,0,0
0640680,0,0,0,0,0,0,0,0,0,0,0,0,0,0,0,0,0,0,0,0,0,0,0,0
0640760,0,0,0,0,0,0,0,0,0,0,0,0,0,0,0,0,0,0,0,0,0,0,0,0
0640840,0,0,0,0,0,0,0,0,0,0,0,0,0,0,0,0,0,0,0,0,0,0,0,0
0640920,0,0,0,0,0,0,0,0,0,0,0,0,0,0,0,0,0,0,0,0,0,0,0,0
0641220,0,0,0,0,0,0,0,0,0,0,0,0,0,0,0,0,0,0,0,0,0,0,0,0
0641310,0,0,0,0,0,0,0,0,0,0,0,0,0,0,0,0,0,0,0,0,0,0,0,0
0641570,0,0,0,0,0,0,0,0,0,0,0,0,0,0,0,0,0,0,0,0,0,0,0,0
0641650,0,0,0,0,0,0,0,0,0,0,0,0,0,0,0,0,0,0,0,0,0,0,0,0
0641730,0,0,0,0,0,0,0,0,0,0,0,0,0,0,0,0,0,0,0,0,0,0,0,0
0873270,0,0,0,0,0,0,0,0,0,0,0,0,0,0,0,0,0,0,0,0,0,0,0,0
3312790,0,0,0,0,0,0,0,0,0,0,0,0,0,0,0,0,0,0,0,0,0,0,0,0
59891702,6234,2965,3269,6160,2917,3243,57,38,19,3944,1939,2005,6014,2841,3173,6215,2946,3269,19,19,0,0,0,0
59891703,837,434,403,829,429,400,8,5,3,622,324,298,813,422,391,833,432,401,4,2,2,0,0,0
59891704,354,175,179,353,174,179,0,0,0,255,131,124,332,169,163,322,163,159,29,10,19,3,2,1
59891705,273,140,133,272,140,132,1,0,1,203,102,101,267,139,128,261,134,127,0,0,0,12,6,6
59891706,244,121,123,243,120,123,1,1,0,165,83,82,229,114,115,244,121,123,0,0,0,0,0,0
59891707,137,74,63,136,73,63,1,1,0,93,51,42,132,71,61,137,74,63,0,0,0,0,0,0
59891711,1332,904,428,1310,883,427,12,11,1,729,474,255,1249,848,401,426,199,227,23,23,0,883,682,201
59891712,251,120,131,251,120,131,0,0,0,186,88,98,244,116,128,249,119,130,0,0,0,2,1,1
59891713,524,331,193,514,326,188,4,1,3,246,123,123,447,260,187,336,152,184,187,178,9,1,1,0
59891714,228,108,120,225,106,119,3,2,1,169,83,86,222,104,118,228,108,120,0,0,0,0,0,0
59891715,112,58,54,111,57,54,0,0,0,65,34,31,99,51,48,77,38,39,7,3,4,28,17,11
59891716,368,155,213,362,149,213,6,6,0,207,93,114,349,148,201,254,130,124,111,24,87,3,1,2
59891719,5420,2652,2768,5400,2639,2761,12,9,3,3471,1772,1699,5235,2550,2685,5365,2600,2765,7,6,1,48,46,2
59891720,955,473,482,953,472,481,2,1,1,686,338,348,925,458,467,955,473,482,0,0,0,0,0,0
59891721,4220,2018,2202,4199,2005,2194,15,10,5,2763,1376,1387,4090,1958,2132,4179,2010,2169,40,7,33,1,1,0
59891723,220,116,104,220,116,104,0,0,0,155,85,70,209,108,101,220,116,104,0,0,0,0,0,0
59891725,3146,1551,1595,3078,1505,1573,38,29,9,1786,884,902,2932,1440,1492,2848,1421,1427,286,123,163,12,7,5
59891726,4018,1896,2122,3975,1870,2105,30,20,10,2546,1210,1336,3849,1818,2031,4011,1892,2119,0,0,0,7,4,3
59891728,1287,659,628,1257,638,619,13,11,2,781,398,383,1193,603,590,1284,657,627,0,0,0,3,2,1
59891729,3860,1821,2039,3806,1789,2017,36,21,15,2396,1164,1232,3677,1719,1958,3844,1808,2036,15,12,3,1,1,0
59891730,5574,2661,2913,5522,2628,2894,46,28,18,3590,1797,1793,5342,2540,2802,5553,2647,2906,19,12,7,2,2,0
59891731,1169,517,652,1163,512,651,6,5,1,694,324,370,1129,500,629,1169,517,652,0,0,0,0,0,0
59891732,20,11,9,7,5,2,12,5,7,2,1,1,8,6,2,0,0,0,20,11,9,0,0,0
59891733,48,22,26,42,20,22,6,2,4,31,16,15,42,20,22,48,22,26,0,0,0,0,0,0
59891734,5037,2355,2682,5013,2341,2672,18,10,8,3267,1600,1667,4874,2269,2605,5024,2347,2677,3,2,1,10,6,4
59891735,1682,831,851,1674,826,848,3,2,1,1239,622,617,1638,811,827,1659,817,842,13,9,4,10,5,5
59891736,923,466,457,922,466,456,1,0,1,707,360,347,903,452,451,909,459,450,0,0,0,14,7,7
1124110,0,0,0,0,0,0,0,0,0,0,0,0,0,0,0,0,0,0,0,0,0,0,0,0
1124610,0,0,0,0,0,0,0,0,0,0,0,0,0,0,0,0,0,0,0,0,0,0,0,0
3415680,0,0,0,0,0,0,0,0,0,0,0,0,0,0,0,0,0,0,0,0,0,0,0,0
59906901,333,156,177,333,156,177,0,0,0,212,102,110,322,149,173,298,136,162,1,1,0,34,19,15
59906902,489,240,249,486,238,248,2,1,1,311,155,156,470,232,238,488,239,249,0,0,0,1,1,0
59906903,3355,1531,1824,3344,1525,1819,6,2,4,1652,803,849,3184,1454,1730,3175,1484,1691,177,46,131,3,1,2
59906904,541,250,291,541,250,291,0,0,0,284,127,157,524,244,280,535,246,289,0,0,0,6,4,2
59906905,318,154,164,316,152,164,1,1,0,177,92,85,316,152,164,318,154,164,0,0,0,0,0,0
59906906,4948,2460,2488,4932,2451,2481,13,7,6,2235,1140,1095,4700,2335,2365,4935,2456,2479,13,4,9,0,0,0
59906907,2665,1292,1373,2646,1281,1365,17,10,7,1400,709,691,2571,1244,1327,2664,1291,1373,0,0,0,1,1,0
59906908,3544,1689,1855,3526,1678,1848,15,9,6,1770,871,899,3389,1609,1780,3544,1689,1855,0,0,0,0,0,0
59906909,3868,1939,1929,3852,1932,1920,11,4,7,1820,920,900,3688,1863,1825,3346,1556,1790,123,63,60,399,320,79
59906910,489,230,259,489,230,259,0,0,0,300,146,154,468,225,243,489,230,259,0,0,0,0,0,0
59906911,293,144,149,293,144,149,0,0,0,177,93,84,282,138,144,290,142,148,0,0,0,3,2,1
59906912,55,14,41,55,14,41,0,0,0,13,4,9,49,13,36,1,1,0,53,13,40,1,0,1
59906914,262,119,143,262,119,143,0,0,0,125,55,70,247,113,134,253,112,141,2,2,0,7,5,2
59906915,67,36,31,67,36,31,0,0,0,35,21,14,64,36,28,67,36,31,0,0,0,0,0,0
59906916,735,364,371,728,360,368,7,4,3,367,185,182,672,330,342,700,349,351,33,14,19,2,1,1
59906917,171,84,87,171,84,87,0,0,0,94,49,45,162,79,83,170,83,87,0,0,0,1,1,0
59906919,21,13,8,21,13,8,0,0,0,15,9,6,21,13,8,21,13,8,0,0,0,0,0,0
59906920,76,45,31,76,45,31,0,0,0,43,29,14,73,43,30,70,42,28,0,0,0,6,3,3
59906921,73,35,38,71,33,38,1,1,0,38,17,21,70,34,36,73,35,38,0,0,0,0,0,0
59906922,2105,1075,1030,2097,1069,1028,5,3,2,1157,602,555,1997,1019,978,2105,1075,1030,0,0,0,0,0,0
59906923,1549,769,780,1544,766,778,5,3,2,823,411,412,1502,747,755,1540,764,776,0,0,0,9,5,4
59906924,105,56,49,105,56,49,0,0,0,67,35,32,98,52,46,105,56,49,0,0,0,0,0,0
59906925,595,301,294,594,300,294,1,1,0,341,170,171,570,290,280,593,300,293,1,0,1,1,1,0
59906926,404,200,204,403,199,204,1,1,0,256,127,129,396,199,197,404,200,204,0,0,0,0,0,0
59906927,520,262,258,506,253,253,6,4,2,206,113,93,468,235,233,442,215,227,67,40,27,11,7,4
59907701,1063,609,454,950,499,451,48,45,3,346,181,165,971,545,426,860,434,426,197,171,26,6,4,2
59907702,413,196,217,405,191,214,6,4,2,168,86,82,379,182,197,405,192,213,0,0,0,8,4,4
59907703,1979,987,992,1979,987,992,0,0,0,764,404,360,1833,913,920,1904,943,961,27,10,17,48,34,14
59907704,117,64,53,116,63,53,1,1,0,75,40,35,114,62,52,117,64,53,0,0,0,0,0,0
59907705,540,258,282,540,258,282,0,0,0,237,114,123,517,248,269,536,256,280,2,1,1,2,1,1
59907706,723,363,360,718,359,359,5,4,1,373,196,177,693,347,346,720,360,360,0,0,0,3,3,0
59908501,7460,3658,3802,7417,3624,3793,34,28,6,2837,1420,1417,6897,3396,3501,7204,3530,3674,161,59,102,95,69,26
59910701,3459,1729,1730,3441,1719,1722,16,9,7,1518,778,740,3288,1640,1648,3381,1666,1715,1,1,0,77,62,15
59910702,3997,1970,2027,3977,1959,2018,14,7,7,1625,817,808,3766,1845,1921,3932,1945,1987,50,18,32,15,7,8
3417030,0,0,0,0,0,0,0,0,0,0,0,0,0,0,0,0,0,0,0,0,0,0,0,0
3417110,0,0,0,0,0,0,0,0,0,0,0,0,0,0,0,0,0,0,0,0,0,0,0,0
3417200,0,0,0,0,0,0,0,0,0,0,0,0,0,0,0,0,0,0,0,0,0,0,0,0
3417380,0,0,0,0,0,0,0,0,0,0,0,0,0,0,0,0,0,0,0,0,0,0,0,0
59914001,196,99,97,195,99,96,1,0,1,58,36,22,179,90,89,196,99,97,0,0,0,0,0,0
59914002,1290,641,649,1283,637,646,6,3,3,510,266,244,1210,602,608,1276,632,644,4,1,3,10,8,2
59914003,215,105,110,212,104,108,1,0,1,96,49,47,205,100,105,215,105,110,0,0,0,0,0,0
59914004,20,11,9,20,11,9,0,0,0,11,4,7,19,10,9,20,11,9,0,0,0,0,0,0
59915801,743,373,370,741,372,369,2,1,1,296,154,142,694,349,345,732,368,364,0,0,0,11,5,6
59915802,181,90,91,181,90,91,0,0,0,70,35,35,173,87,86,176,87,89,0,0,0,5,3,2
59915803,70,35,35,70,35,35,0,0,0,27,13,14,61,31,30,67,33,34,3,2,1,0,0,0
59915804,450,232,218,449,231,218,1,1,0,189,98,91,417,212,205,427,217,210,9,7,2,14,8,6
59915805,191,98,93,191,98,93,0,0,0,72,38,34,175,91,84,191,98,93,0,0,0,0,0,0
59915806,2164,1072,1092,2160,1068,1092,4,4,0,927,461,466,2036,1006,1030,2108,1021,1087,26,26,0,30,25,5
59915807,171,83,88,170,83,87,0,0,0,58,31,27,167,81,86,156,77,79,0,0,0,15,6,9
59915808,257,130,127,257,130,127,0,0,0,100,49,51,242,123,119,243,124,119,0,0,0,14,6,8
59915809,419,204,215,417,202,215,2,2,0,133,64,69,366,176,190,406,197,209,6,3,3,7,4,3
56874101,667,329,338,666,329,337,1,0,1,387,205,182,636,315,321,664,326,338,0,0,0,3,3,0
59921201,1334,667,667,1330,664,666,4,3,1,671,351,320,1259,628,631,1313,652,661,0,0,0,21,15,6
59921202,348,181,167,347,180,167,0,0,0,156,83,73,335,173,162,347,180,167,0,0,0,1,1,0
56848101,941,491,450,938,489,449,3,2,1,460,265,195,896,463,433,918,481,437,5,3,2,18,7,11
54698401,594,313,281,593,312,281,1,1,0,256,146,110,564,295,269,572,298,274,4,1,3,18,14,4
0044480,0,0,0,0,0,0,0,0,0,0,0,0,0,0,0,0,0,0,0,0,0,0,0,0
0044560,0,0,0,0,0,0,0,0,0,0,0,0,0,0,0,0,0,0,0,0,0,0,0,0
3050310,0,0,0,0,0,0,0,0,0,0,0,0,0,0,0,0,0,0,0,0,0,0,0,0
3201290,0,0,0,0,0,0,0,0,0,0,0,0,0,0,0,0,0,0,0,0,0,0,0,0
59924701,27,10,17,27,10,17,0,0,0,15,5,10,27,10,17,25,9,16,0,0,0,2,1,1
59924702,262,130,132,261,130,131,1,0,1,156,86,70,256,127,129,262,130,132,0,0,0,0,0,0
59924703,119,62,57,92,48,44,23,14,9,42,20,22,100,50,50,109,56,53,10,6,4,0,0,0
59924704,388,189,199,388,189,199,0,0,0,226,117,109,367,179,188,388,189,199,0,0,0,0,0,0
59924705,64,26,38,64,26,38,0,0,0,39,15,24,54,19,35,64,26,38,0,0,0,0,0,0
59924706,227,105,122,227,105,122,0,0,0,124,63,61,207,94,113,224,103,121,0,0,0,3,2,1
59924707,593,313,280,587,311,276,6,2,4,305,165,140,547,286,261,576,304,272,0,0,0,17,9,8
59924709,145,72,73,145,72,73,0,0,0,73,38,35,136,69,67,145,72,73,0,0,0,0,0,0
59924710,847,405,442,829,393,436,17,11,6,453,220,233,810,383,427,830,393,437,17,12,5,0,0,0
59924711,91,43,48,90,42,48,0,0,0,54,29,25,89,42,47,91,43,48,0,0,0,0,0,0
59924712,1453,706,747,1444,699,745,8,6,2,883,454,429,1399,679,720,1393,687,706,60,19,41,0,0,0
59924713,1105,557,548,1087,551,536,18,6,12,610,326,284,1057,532,525,969,452,517,6,4,2,130,101,29
59924715,101,47,54,101,47,54,0,0,0,59,25,34,101,47,54,101,47,54,0,0,0,0,0,0
59924716,107,57,50,107,57,50,0,0,0,67,37,30,106,57,49,107,57,50,0,0,0,0,0,0
59924717,918,424,494,903,415,488,14,8,6,502,261,241,875,404,471,910,419,491,8,5,3,0,0,0
59924718,179,94,85,179,94,85,0,0,0,99,50,49,176,92,84,179,94,85,0,0,0,0,0,0
59924719,533,262,271,532,261,271,1,1,0,282,153,129,519,255,264,533,262,271,0,0,0,0,0,0
55493601,466,234,232,466,234,232,0,0,0,227,117,110,441,220,221,456,227,229,0,0,0,10,7,3
56843101,77,41,36,77,41,36,0,0,0,28,13,15,73,39,34,68,34,34,0,0,0,9,7,2
56843102,540,262,278,539,262,277,1,0,1,294,161,133,510,254,256,534,259,275,0,0,0,6,3,3
55685801,953,505,448,944,502,442,9,3,6,393,221,172,904,479,425,929,488,441,6,3,3,18,14,4
59934401,173,90,83,172,90,82,1,0,1,103,59,44,166,87,79,144,74,70,1,0,1,28,16,12
59934402,1307,666,641,1293,660,633,11,4,7,609,320,289,1243,631,612,1156,548,608,0,0,0,151,118,33
59934403,593,301,292,591,299,292,2,2,0,350,184,166,574,290,284,589,298,291,1,1,0,3,2,1
59934404,896,408,488,881,401,480,14,7,7,468,242,226,833,380,453,864,400,464,29,6,23,3,2,1
59934405,1057,527,530,1053,523,530,4,4,0,579,304,275,1021,509,512,1045,520,525,0,0,0,12,7,5
59934406,115,59,56,115,59,56,0,0,0,52,30,22,107,57,50,114,59,55,0,0,0,1,0,1
59934408,1383,658,725,1367,648,719,11,7,4,690,342,348,1322,627,695,1376,654,722,0,0,0,7,4,3
59934409,79,43,36,79,43,36,0,0,0,53,28,25,76,41,35,77,41,36,0,0,0,2,2,0
59934410,1580,810,770,1537,783,754,37,26,11,778,413,365,1511,767,744,1532,785,747,46,24,22,2,1,1
59934411,2316,1085,1231,2298,1074,1224,14,8,6,1218,607,611,2228,1038,1190,2267,1068,1199,46,15,31,3,2,1
59934412,1004,469,535,997,465,532,5,2,3,515,259,256,941,439,502,902,443,459,87,18,69,15,8,7
59934413,73,43,30,73,43,30,0,0,0,47,27,20,68,39,29,65,36,29,2,2,0,6,5,1
59935201,363,188,175,355,184,171,4,2,2,226,125,101,351,179,172,360,186,174,0,0,0,3,2,1
59935202,98,47,51,98,47,51,0,0,0,72,35,37,93,44,49,98,47,51,0,0,0,0,0,0
59935203,593,302,291,593,302,291,0,0,0,381,203,178,564,284,280,592,302,290,0,0,0,1,0,1
59935204,136,70,66,136,70,66,0,0,0,65,38,27,131,67,64,126,67,59,9,3,6,1,0,1
59935205,68,34,34,68,34,34,0,0,0,33,16,17,62,32,30,65,31,34,0,0,0,3,3,0
59935206,54,31,23,54,31,23,0,0,0,15,8,7,51,29,22,54,31,23,0,0,0,0,0,0
59935207,372,180,192,372,180,192,0,0,0,236,125,111,352,170,182,368,177,191,0,0,0,4,3,1
59935208,445,217,228,442,215,227,2,2,0,267,129,138,428,210,218,445,217,228,0,0,0,0,0,0
59935209,124,64,60,123,63,60,0,0,0,71,37,34,122,63,59,122,63,59,0,0,0,2,1,1
59935210,2801,1372,1429,2780,1360,1420,17,10,7,1628,814,814,2692,1310,1382,2663,1278,1385,70,42,28,68,52,16
59935211,135,62,73,134,62,72,1,0,1,76,39,37,130,60,70,135,62,73,0,0,0,0,0,0
59935212,167,86,81,167,86,81,0,0,0,108,59,49,163,84,79,167,86,81,0,0,0,0,0,0
56856201,295,153,142,294,152,142,0,0,0,179,99,80,277,143,134,280,146,134,0,0,0,15,7,8
56856202,60,34,26,60,34,26,0,0,0,31,14,17,59,33,26,57,33,24,0,0,0,3,1,2
56857101,172,85,87,172,85,87,0,0,0,64,32,32,165,82,83,164,79,85,0,0,0,8,6,2
56966601,147,70,77,145,68,77,1,1,0,63,27,36,143,68,75,146,69,77,0,0,0,1,1,0
56966602,794,407,387,788,402,386,5,5,0,422,219,203,756,387,369,782,398,384,0,0,0,12,9,3
59940901,1614,799,815,1608,797,811,6,2,4,923,480,443,1538,761,777,1606,792,814,0,0,0,8,7,1
56851101,765,383,382,763,382,381,2,1,1,378,206,172,744,372,372,761,380,381,0,0,0,4,3,1
55406501,618,295,323,618,295,323,0,0,0,275,141,134,583,274,309,599,281,318,1,0,1,18,14,4
59946801,177,78,99,177,78,99,0,0,0,89,39,50,166,76,90,175,77,98,0,0,0,2,1,1
59946802,317,165,152,317,165,152,0,0,0,183,106,77,306,161,145,315,164,151,0,0,0,2,1,1
59946803,55,26,29,54,26,28,1,0,1,28,16,12,52,25,27,55,26,29,0,0,0,0,0,0
59946804,996,504,492,996,504,492,0,0,0,588,304,284,951,478,473,967,482,485,1,0,1,28,22,6
59946806,247,128,119,246,127,119,1,1,0,125,61,64,236,122,114,247,128,119,0,0,0,0,0,0
59950601,432,216,216,432,216,216,0,0,0,194,106,88,412,208,204,432,216,216,0,0,0,0,0,0
59950602,1190,605,585,1184,601,583,5,4,1,505,280,225,1115,562,553,1177,592,585,0,0,0,13,13,0
56864301,686,335,351,684,334,350,2,1,1,371,184,187,647,316,331,669,329,340,14,4,10,3,2,1
0694420,0,0,0,0,0,0,0,0,0,0,0,0,0,0,0,0,0,0,0,0,0,0,0,0
3311470,0,0,0,0,0,0,0,0,0,0,0,0,0,0,0,0,0,0,0,0,0,0,0,0
59956501,788,397,391,784,393,391,4,4,0,520,276,244,762,390,372,786,396,390,0,0,0,2,1,1
59956502,604,317,287,602,315,287,2,2,0,391,215,176,584,307,277,603,316,287,0,0,0,1,1,0
59956503,3241,1668,1573,3222,1659,1563,13,6,7,1598,869,729,3094,1590,1504,2840,1361,1479,2,1,1,399,306,93
59956504,378,197,181,368,189,179,5,5,0,183,98,85,359,184,175,339,168,171,18,14,4,21,15,6
59956505,2162,1032,1130,2140,1015,1125,22,17,5,1154,565,589,2039,971,1068,2148,1025,1123,11,6,5,3,1,2
59956506,135,71,64,134,70,64,0,0,0,78,45,33,122,66,56,135,71,64,0,0,0,0,0,0
59956507,571,276,295,558,264,294,13,12,1,337,171,166,560,270,290,558,263,295,13,13,0,0,0,0
59956508,84,64,20,55,42,13,29,22,7,29,21,8,68,50,18,10,6,4,72,57,15,2,1,1
59956511,264,135,129,254,126,128,10,9,1,163,76,87,261,133,128,224,105,119,40,30,10,0,0,0
59956512,5331,2644,2687,5286,2613,2673,38,26,12,2589,1328,1261,5095,2521,2574,5197,2557,2640,133,86,47,1,1,0
59956513,332,170,162,332,170,162,0,0,0,216,121,95,321,166,155,332,170,162,0,0,0,0,0,0
59956514,234,117,117,232,115,117,2,2,0,136,75,61,219,110,109,226,112,114,0,0,0,8,5,3
59956515,254,121,133,254,121,133,0,0,0,159,78,81,241,112,129,254,121,133,0,0,0,0,0,0
59956516,2796,1303,1493,2784,1294,1490,11,8,3,1373,678,695,2690,1245,1445,2794,1301,1493,2,2,0,0,0,0
59956517,1995,973,1022,1986,968,1018,9,5,4,1033,530,503,1882,922,960,1995,973,1022,0,0,0,0,0,0
59956518,721,356,365,716,353,363,4,2,2,509,266,243,705,349,356,721,356,365,0,0,0,0,0,0
59956519,701,360,341,699,360,339,2,0,2,476,256,220,686,349,337,699,358,341,1,1,0,1,1,0
59956520,428,215,213,427,214,213,0,0,0,297,157,140,419,211,208,428,215,213,0,0,0,0,0,0
55531201,519,270,249,517,269,248,1,0,1,260,138,122,492,254,238,507,262,245,0,0,0,12,8,4
56854601,1811,880,931,1810,879,931,1,1,0,897,457,440,1732,843,889,1769,857,912,13,6,7,29,17,12
50004601,1699,855,844,1691,849,842,6,4,2,871,436,435,1625,809,816,1679,842,837,1,1,0,19,12,7
59960301,69,34,35,69,34,35,0,0,0,26,15,11,66,32,34,69,34,35,0,0,0,0,0,0
59960302,145,73,72,145,73,72,0,0,0,51,24,27,130,66,64,135,68,67,0,0,0,10,5,5
59960303,1299,684,615,1294,681,613,4,3,1,666,384,282,1231,652,579,1276,672,604,0,0,0,23,12,11
59964601,45,24,21,45,24,21,0,0,0,21,12,9,34,19,15,45,24,21,0,0,0,0,0,0
59964602,328,167,161,327,166,161,1,1,0,201,101,100,313,164,149,324,163,161,0,0,0,4,4,0
56858901,535,266,269,535,266,269,0,0,0,283,136,147,521,260,261,528,263,265,0,0,0,7,3,4
59968901,2328,1171,1157,2325,1168,1157,2,2,0,1458,760,698,2220,1119,1101,2292,1147,1145,9,3,6,27,21,6
59968902,43,21,22,43,21,22,0,0,0,23,15,8,42,21,21,43,21,22,0,0,0,0,0,0
3414100,0,0,0,0,0,0,0,0,0,0,0,0,0,0,0,0,0,0,0,0,0,0,0,0
3414280,0,0,0,0,0,0,0,0,0,0,0,0,0,0,0,0,0,0,0,0,0,0,0,0
56868601,425,226,199,424,226,198,1,0,1,190,106,84,406,220,186,421,223,198,0,0,0,4,3,1
56868602,324,156,168,318,152,166,4,3,1,179,99,80,309,148,161,322,155,167,0,0,0,2,1,1
1075060,0,0,0,0,0,0,0,0,0,0,0,0,0,0,0,0,0,0,0,0,0,0,0,0
1075570,0,0,0,0,0,0,0,0,0,0,0,0,0,0,0,0,0,0,0,0,0,0,0,0
3200810,0,0,0,0,0,0,0,0,0,0,0,0,0,0,0,0,0,0,0,0,0,0,0,0
59919101,391,203,188,391,203,188,0,0,0,254,137,117,378,196,182,388,200,188,0,0,0,3,3,0
59919102,195,94,101,193,92,101,2,2,0,126,63,63,191,91,100,191,93,98,0,0,0,4,1,3
59919103,2009,984,1025,1996,974,1022,11,9,2,1108,552,556,1917,935,982,2009,984,1025,0,0,0,0,0,0
59919104,960,483,477,953,478,475,5,3,2,595,308,287,914,452,462,958,482,476,0,0,0,2,1,1
59919106,28,11,17,28,11,17,0,0,0,19,6,13,28,11,17,28,11,17,0,0,0,0,0,0
59919107,489,227,262,488,226,262,1,1,0,347,170,177,475,221,254,469,219,250,17,6,11,3,2,1
59919108,22,9,13,22,9,13,0,0,0,14,7,7,22,9,13,22,9,13,0,0,0,0,0,0
59919109,5066,2371,2695,5014,2343,2671,44,25,19,2746,1347,1399,4809,2249,2560,5022,2342,2680,26,14,12,18,15,3
59919110,928,561,367,924,559,365,2,1,1,482,266,216,884,537,347,455,220,235,0,0,0,473,341,132
59919111,734,376,358,726,370,356,6,5,1,399,212,187,677,344,333,726,370,356,8,6,2,0,0,0
59919112,3316,1565,1751,3145,1430,1715,160,128,32,1680,824,856,3066,1415,1651,3040,1400,1640,267,160,107,9,5,4
59919113,117,61,56,116,60,56,1,1,0,60,29,31,105,55,50,97,51,46,16,7,9,4,3,1
59919114,691,333,358,687,330,357,4,3,1,334,170,164,659,317,342,691,333,358,0,0,0,0,0,0
59919115,2440,1128,1312,2420,1117,1303,18,9,9,1315,642,673,2354,1082,1272,2375,1096,1279,64,31,33,1,1,0
59919116,1442,704,738,1425,695,730,17,9,8,799,410,389,1380,668,712,1426,698,728,15,5,10,1,1,0
59919117,1924,906,1018,1911,900,1011,10,5,5,1083,536,547,1853,869,984,1831,871,960,92,35,57,1,0,1
59919119,168,80,88,168,80,88,0,0,0,75,40,35,155,75,80,168,80,88,0,0,0,0,0,0
59919120,810,425,385,806,422,384,3,2,1,519,286,233,776,412,364,810,425,385,0,0,0,0,0,0
59919121,926,447,479,917,442,475,7,3,4,545,287,258,895,431,464,912,441,471,14,6,8,0,0,0
59970101,211,107,104,211,107,104,0,0,0,132,71,61,207,105,102,210,106,104,0,0,0,1,1,0
59970103,150,80,70,143,77,66,6,3,3,68,45,23,146,78,68,132,68,64,0,0,0,18,12,6
59970104,502,247,255,502,247,255,0,0,0,291,155,136,487,240,247,494,242,252,0,0,0,8,5,3
59970105,155,79,76,155,79,76,0,0,0,87,45,42,150,78,72,147,75,72,0,0,0,8,4,4
59970106,153,86,67,153,86,67,0,0,0,91,58,33,146,80,66,140,82,58,1,0,1,12,4,8
59970107,209,109,100,206,108,98,1,0,1,113,67,46,202,105,97,191,99,92,0,0,0,18,10,8
59970108,188,100,88,187,100,87,1,0,1,105,57,48,177,94,83,173,93,80,0,0,0,15,7,8
59970109,232,123,109,231,122,109,1,1,0,129,67,62,216,115,101,231,122,109,1,1,0,0,0,0
59970110,1461,765,696,1401,728,673,51,33,18,831,447,384,1385,723,662,1365,682,683,18,12,6,78,71,7
59970111,45,22,23,43,21,22,2,1,1,26,13,13,44,21,23,45,22,23,0,0,0,0,0,0
59970112,161,76,85,161,76,85,0,0,0,95,48,47,159,75,84,161,76,85,0,0,0,0,0,0
59970113,1235,597,638,1206,578,628,28,18,10,678,352,326,1168,576,592,1162,576,586,73,21,52,0,0,0
59970114,683,321,362,681,319,362,2,2,0,396,198,198,662,309,353,683,321,362,0,0,0,0,0,0
59970115,382,176,206,374,173,201,8,3,5,218,104,114,368,166,202,382,176,206,0,0,0,0,0,0
59970116,1206,579,627,1189,567,622,16,11,5,739,353,386,1161,553,608,1206,579,627,0,0,0,0,0,0
59970118,36,21,15,36,21,15,0,0,0,23,16,7,35,21,14,36,21,15,0,0,0,0,0,0
1205110,0,0,0,0,0,0,0,0,0,0,0,0,0,0,0,0,0,0,0,0,0,0,0,0
59974301,120,54,66,120,54,66,0,0,0,54,28,26,117,54,63,120,54,66,0,0,0,0,0,0
59974302,1278,631,647,1268,625,643,10,6,4,712,367,345,1231,612,619,1267,620,647,0,0,0,11,11,0
59974303,252,116,136,251,116,135,1,0,1,112,49,63,230,108,122,218,107,111,32,8,24,2,1,1
1353810,0,0,0,0,0,0,0,0,0,0,0,0,0,0,0,0,0,0,0,0,0,0,0,0
3051620,0,0,0,0,0,0,0,0,0,0,0,0,0,0,0,0,0,0,0,0,0,0,0,0
59980801,494,248,246,493,247,246,0,0,0,303,161,142,468,235,233,493,247,246,0,0,0,1,1,0
59980802,264,124,140,260,121,139,4,3,1,142,67,75,256,120,136,264,124,140,0,0,0,0,0,0
59980803,716,405,311,695,391,304,19,13,6,366,199,167,669,379,290,603,316,287,19,15,4,94,74,20
59980804,505,247,258,503,246,257,2,1,1,287,150,137,492,242,250,505,247,258,0,0,0,0,0,0
59980806,1359,663,696,1343,651,692,16,12,4,682,354,328,1304,636,668,1358,662,696,0,0,0,1,1,0
59980807,525,278,247,525,278,247,0,0,0,326,188,138,501,268,233,523,277,246,0,0,0,2,1,1
59980808,338,164,174,338,164,174,0,0,0,183,99,84,322,156,166,338,164,174,0,0,0,0,0,0
59980809,739,332,407,727,322,405,12,10,2,363,171,192,650,301,349,658,308,350,81,24,57,0,0,0
59980810,502,246,256,493,238,255,9,8,1,263,136,127,478,231,247,494,239,255,8,7,1,0,0,0
59980811,2407,1128,1279,2384,1111,1273,21,17,4,1235,623,612,2275,1050,1225,2359,1113,1246,47,14,33,1,1,0
59980812,42,24,18,42,24,18,0,0,0,20,13,7,41,24,17,42,24,18,0,0,0,0,0,0
59980813,331,169,162,331,169,162,0,0,0,183,106,77,325,166,159,328,167,161,1,1,0,2,1,1
56877501,940,459,481,938,457,481,2,2,0,512,255,257,900,434,466,937,457,480,0,0,0,3,2,1
56855401,1182,589,593,1181,588,593,0,0,0,664,335,329,1137,560,577,1168,580,588,0,0,0,14,9,5
59983201,1612,779,833,1605,773,832,7,6,1,684,318,366,1499,725,774,1570,752,818,10,3,7,32,24,8
59983202,26,12,14,25,11,14,1,1,0,12,8,4,25,11,14,25,11,14,1,1,0,0,0,0
56871601,549,267,282,549,267,282,0,0,0,238,124,114,516,248,268,536,259,277,0,0,0,13,8,5
56871602,277,143,134,277,143,134,0,0,0,109,64,45,263,137,126,272,141,131,0,0,0,5,2,3
56840601,116,54,62,116,54,62,0,0,0,55,29,26,111,52,59,113,52,61,0,0,0,3,2,1
56840602,640,316,324,636,312,324,4,4,0,307,152,155,607,303,304,638,315,323,0,0,0,2,1,1
59986702,860,440,420,858,439,419,1,1,0,557,296,261,820,422,398,850,435,415,1,0,1,9,5,4
59990501,119,58,61,119,58,61,0,0,0,58,31,27,112,56,56,119,58,61,0,0,0,0,0,0
59990502,138,73,65,138,73,65,0,0,0,77,45,32,123,67,56,138,73,65,0,0,0,0,0,0
59990503,276,136,140,276,136,140,0,0,0,164,88,76,259,125,134,276,136,140,0,0,0,0,0,0
59990504,249,119,130,249,119,130,0,0,0,138,73,65,240,117,123,246,117,129,0,0,0,3,2,1
59990505,231,121,110,227,119,108,3,2,1,132,79,53,222,118,104,227,119,108,4,2,2,0,0,0
59990506,230,117,113,229,116,113,1,1,0,124,68,56,215,112,103,230,117,113,0,0,0,0,0,0
59990507,400,193,207,398,192,206,2,1,1,206,109,97,389,189,200,400,193,207,0,0,0,0,0,0
59990508,404,195,209,400,193,207,4,2,2,176,98,78,384,190,194,373,176,197,0,0,0,31,19,12
59990509,29,15,14,29,15,14,0,0,0,12,8,4,29,15,14,29,15,14,0,0,0,0,0,0
59990510,741,364,377,740,364,376,1,0,1,311,151,160,713,350,363,736,362,374,0,0,0,5,2,3
1584020,0,0,0,0,0,0,0,0,0,0,0,0,0,0,0,0,0,0,0,0,0,0,0,0
1584290,0,0,0,0,0,0,0,0,0,0,0,0,0,0,0,0,0,0,0,0,0,0,0,0
3154350,0,0,0,0,0,0,0,0,0,0,0,0,0,0,0,0,0,0,0,0,0,0,0,0
3154430,0,0,0,0,0,0,0,0,0,0,0,0,0,0,0,0,0,0,0,0,0,0,0,0
59992101,202,97,105,201,96,105,1,1,0,104,47,57,188,87,101,195,94,101,0,0,0,7,3,4
59992102,44,25,19,44,25,19,0,0,0,19,13,6,41,23,18,39,23,16,0,0,0,5,2,3
59992103,381,206,175,378,204,174,3,2,1,247,135,112,358,189,169,379,204,175,2,2,0,0,0,0
59992104,3538,1709,1829,3513,1692,1821,22,14,8,1976,962,1014,3384,1634,1750,3345,1577,1768,17,2,15,176,130,46
59992105,1085,525,560,1082,523,559,3,2,1,683,351,332,1041,503,538,1055,515,540,22,6,16,8,4,4
59992106,789,380,409,789,380,409,0,0,0,434,231,203,756,366,390,788,380,408,0,0,0,1,0,1
59992107,201,101,100,201,101,100,0,0,0,90,49,41,190,94,96,200,101,99,1,0,1,0,0,0
59992108,1397,703,694,1394,701,693,2,1,1,939,498,441,1362,686,676,1397,703,694,0,0,0,0,0,0
59992109,213,95,118,213,95,118,0,0,0,140,63,77,203,91,112,213,95,118,0,0,0,0,0,0
59992110,1131,561,570,1128,559,569,3,2,1,748,393,355,1077,543,534,1131,561,570,0,0,0,0,0,0
59993001,200,106,94,200,106,94,0,0,0,95,52,43,186,101,85,172,92,80,0,0,0,28,14,14
59993002,2030,991,1039,2023,986,1037,7,5,2,1072,566,506,1959,952,1007,1978,961,1017,19,4,15,33,26,7
59993003,311,159,152,307,156,151,4,3,1,167,85,82,279,144,135,309,159,150,1,0,1,1,0,1
3414440,0,0,0,0,0,0,0,0,0,0,0,0,0,0,0,0,0,0,0,0,0,0,0,0
55417101,1376,651,725,1368,643,725,7,7,0,540,271,269,1288,613,675,1370,647,723,0,0,0,6,4,2
55417102,549,255,294,546,252,294,3,3,0,196,98,98,519,239,280,516,231,285,0,0,0,33,24,9
55417103,76,39,37,76,39,37,0,0,0,20,7,13,73,37,36,76,39,37,0,0,0,0,0,0
1640890,0,0,0,0,0,0,0,0,0,0,0,0,0,0,0,0,0,0,0,0,0,0,0,0
59994801,1251,598,653,1246,596,650,4,2,2,620,306,314,1190,566,624,1239,593,646,9,3,6,3,2,1
59994802,187,89,98,186,88,98,1,1,0,87,44,43,183,86,97,184,87,97,0,0,0,3,2,1
59994803,1903,966,937,1894,962,932,8,3,5,990,534,456,1824,928,896,1869,939,930,5,3,2,29,24,5
59995601,1554,781,773,1546,776,770,7,4,3,869,468,401,1479,740,739,1504,752,752,1,1,0,49,28,21
59995602,232,116,116,230,115,115,2,1,1,59,26,33,205,101,104,231,115,116,0,0,0,1,1,0
59995603,27,11,16,27,11,16,0,0,0,9,1,8,26,11,15,27,11,16,0,0,0,0,0,0
59996401,93,44,49,93,44,49,0,0,0,59,32,27,88,44,44,93,44,49,0,0,0,0,0,0
59996402,869,431,438,864,426,438,5,5,0,507,254,253,817,397,420,864,428,436,0,0,0,5,3,2
56975501,25,12,13,25,12,13,0,0,0,10,5,5,25,12,13,25,12,13,0,0,0,0,0,0
56975502,701,357,344,700,357,343,1,0,1,402,216,186,680,345,335,698,355,343,0,0,0,3,2,1
59999902,1554,804,750,1537,789,748,16,14,2,690,375,315,1485,760,725,1419,722,697,18,12,6,117,70,47
59999903,412,198,214,410,197,213,2,1,1,176,91,85,378,179,199,330,156,174,0,0,0,82,42,40
59999904,176,91,85,174,89,85,1,1,0,76,41,35,170,88,82,169,87,82,0,0,0,7,4,3
59999905,412,203,209,412,203,209,0,0,0,182,92,90,399,194,205,385,187,198,0,0,0,27,16,11
56842201,1119,547,572,1116,545,571,3,2,1,504,257,247,1070,518,552,1098,533,565,0,0,0,21,14,7
50025901,1914,948,966,1910,946,964,4,2,2,1092,547,545,1844,907,937,1871,920,951,3,2,1,40,26,14
55491001,548,278,270,545,276,269,2,1,1,281,162,119,529,267,262,531,264,267,0,0,0,17,14,3
55491002,45,24,21,42,22,20,3,2,1,22,12,10,40,21,19,45,24,21,0,0,0,0,0,0
55491003,197,110,87,197,110,87,0,0,0,100,63,37,188,105,83,196,109,87,0,0,0,1,1,0
56974701,213,98,115,213,98,115,0,0,0,92,36,56,205,96,109,205,93,112,0,0,0,8,5,3
56847301,910,459,451,908,458,450,2,1,1,440,239,201,879,443,436,905,454,451,0,0,0,5,5,0
56847302,113,62,51,113,62,51,0,0,0,54,31,23,109,61,48,110,60,50,0,0,0,3,2,1
56873201,1058,530,528,1056,529,527,2,1,1,491,258,233,1014,512,502,1028,510,518,6,4,2,24,16,8
54700001,609,309,300,608,309,299,1,0,1,329,178,151,589,296,293,596,298,298,0,0,0,13,11,2
51297401,646,301,345,643,301,342,3,0,3,408,180,228,611,285,326,637,294,343,0,0,0,9,7,2
50619201,1706,844,862,1704,843,861,2,1,1,1080,534,546,1634,814,820,1688,835,853,0,0,0,18,9,9
50621401,3689,1813,1876,3665,1799,1866,22,12,10,2448,1192,1256,3547,1734,1813,3671,1797,1874,2,2,0,16,14,2
50621402,685,341,344,683,339,344,2,2,0,466,232,234,662,330,332,685,341,344,0,0,0,0,0,0
55419701,1017,502,515,1017,502,515,0,0,0,455,246,209,982,481,501,1009,496,513,0,0,0,8,6,2
55310701,157,84,73,157,84,73,0,0,0,76,48,28,144,76,68,157,84,73,0,0,0,0,0,0
50632001,866,448,418,866,448,418,0,0,0,471,260,211,828,429,399,852,435,417,0,0,0,14,13,1
50632002,22,13,9,22,13,9,0,0,0,2,0,2,15,10,5,10,4,6,0,0,0,12,9,3
50632003,24,10,14,24,10,14,0,0,0,7,3,4,24,10,14,9,4,5,0,0,0,15,6,9
50632004,80,40,40,79,40,39,1,0,1,42,25,17,70,35,35,80,40,40,0,0,0,0,0,0
50632005,325,159,166,322,157,165,3,2,1,161,82,79,302,150,152,325,159,166,0,0,0,0,0,0
50632007,147,81,66,147,81,66,0,0,0,78,48,30,140,76,64,147,81,66,0,0,0,0,0,0
50645101,489,253,236,488,252,236,1,1,0,289,157,132,476,246,230,482,247,235,0,0,0,7,6,1
50645102,109,60,49,108,59,49,0,0,0,63,34,29,94,53,41,109,60,49,0,0,0,0,0,0
50645103,171,82,89,171,82,89,0,0,0,118,59,59,156,77,79,171,82,89,0,0,0,0,0,0
50645104,293,145,148,290,143,147,3,2,1,178,99,79,282,138,144,289,143,146,0,0,0,4,2,2
50645105,261,142,119,251,133,118,9,9,0,160,100,60,253,139,114,261,142,119,0,0,0,0,0,0
0155470,0,0,0,0,0,0,0,0,0,0,0,0,0,0,0,0,0,0,0,0,0,0,0,0
1983740,0,0,0,0,0,0,0,0,0,0,0,0,0,0,0,0,0,0,0,0,0,0,0,0
3305580,0,0,0,0,0,0,0,0,0,0,0,0,0,0,0,0,0,0,0,0,0,0,0,0
50646001,2407,1168,1239,2401,1166,1235,4,2,2,1328,680,648,2275,1106,1169,2235,1074,1161,136,65,71,36,29,7
50646002,78,41,37,78,41,37,0,0,0,27,17,10,76,40,36,75,38,37,0,0,0,3,3,0
50646003,190,101,89,190,101,89,0,0,0,116,62,54,187,99,88,189,100,89,0,0,0,1,1,0
50646004,109,49,60,108,48,60,1,1,0,75,31,44,102,46,56,106,48,58,0,0,0,3,1,2
50646005,36,18,18,36,18,18,0,0,0,8,6,2,35,17,18,29,15,14,0,0,0,7,3,4
56826101,709,344,365,708,344,364,1,0,1,301,150,151,677,330,347,690,335,355,0,0,0,19,9,10
56826102,60,26,34,60,26,34,0,0,0,8,4,4,54,24,30,46,21,25,0,0,0,14,5,9
56995001,354,177,177,354,177,177,0,0,0,166,91,75,331,169,162,305,154,151,12,4,8,37,19,18
56822801,1291,613,678,1289,612,677,2,1,1,748,368,380,1237,589,648,1270,600,670,9,5,4,12,8,4
56823601,20,12,8,20,12,8,0,0,0,6,4,2,20,12,8,0,0,0,0,0,0,20,12,8
56823602,701,349,352,700,348,352,1,1,0,308,157,151,670,332,338,697,345,352,0,0,0,4,4,0
56989502,754,358,396,750,356,394,3,1,2,280,137,143,695,328,367,725,340,385,0,0,0,29,18,11
50670201,27,14,13,27,14,13,0,0,0,16,8,8,27,14,13,27,14,13,0,0,0,0,0,0
50670202,3167,1564,1603,3156,1557,1599,10,6,4,1819,945,874,3033,1497,1536,3126,1531,1595,0,0,0,41,33,8
50670204,694,344,350,692,343,349,2,1,1,453,241,212,669,326,343,694,344,350,0,0,0,0,0,0
55305101,918,477,441,918,477,441,0,0,0,498,259,239,885,453,432,830,406,424,83,66,17,5,5,0
55305102,115,61,54,115,61,54,0,0,0,48,32,16,108,57,51,115,61,54,0,0,0,0,0,0
50675301,1254,626,628,1248,624,624,4,2,2,682,350,332,1194,595,599,1235,612,623,0,0,0,19,14,5
50675302,571,260,311,569,259,310,0,0,0,305,158,147,537,250,287,504,245,259,65,14,51,2,1,1
50675303,365,177,188,364,176,188,1,1,0,190,96,94,344,162,182,365,177,188,0,0,0,0,0,0
50675304,318,151,167,317,151,166,1,0,1,150,81,69,304,143,161,315,149,166,0,0,0,3,2,1
50675305,595,284,311,595,284,311,0,0,0,332,169,163,581,278,303,595,284,311,0,0,0,0,0,0
50675306,76,36,40,76,36,40,0,0,0,32,17,15,73,35,38,75,35,40,1,1,0,0,0,0
56821001,2474,1214,1260,2471,1213,1258,2,1,1,1545,766,779,2359,1159,1200,2463,1204,1259,0,0,0,11,10,1
55309301,634,333,301,634,333,301,0,0,0,350,198,152,617,323,294,633,332,301,0,0,0,1,1,0
56836802,572,290,282,571,290,281,0,0,0,310,168,142,557,282,275,552,278,274,6,4,2,14,8,6
0397480,0,0,0,0,0,0,0,0,0,0,0,0,0,0,0,0,0,0,0,0,0,0,0,0
0398530,0,0,0,0,0,0,0,0,0,0,0,0,0,0,0,0,0,0,0,0,0,0,0,0
0398880,0,0,0,0,0,0,0,0,0,0,0,0,0,0,0,0,0,0,0,0,0,0,0,0
3154860,0,0,0,0,0,0,0,0,0,0,0,0,0,0,0,0,0,0,0,0,0,0,0,0
50701601,1295,640,655,1293,640,653,2,0,2,708,352,356,1229,605,624,1291,637,654,0,0,0,4,3,1
50701603,1311,634,677,1310,634,676,1,0,1,800,392,408,1266,616,650,1311,634,677,0,0,0,0,0,0
50701604,46,27,19,44,25,19,2,2,0,16,9,7,38,23,15,45,26,19,1,1,0,0,0,0
50701605,503,250,253,503,250,253,0,0,0,274,136,138,484,239,245,503,250,253,0,0,0,0,0,0
50701606,85,39,46,85,39,46,0,0,0,47,27,20,79,38,41,85,39,46,0,0,0,0,0,0
50701607,867,411,456,867,411,456,0,0,0,432,221,211,830,392,438,867,411,456,0,0,0,0,0,0
50701608,1695,818,877,1684,811,873,10,7,3,805,418,387,1607,771,836,1695,818,877,0,0,0,0,0,0
50701610,125,27,98,125,27,98,0,0,0,39,8,31,107,21,86,22,11,11,103,16,87,0,0,0
50701611,1937,899,1038,1936,899,1037,1,0,1,911,475,436,1846,854,992,1932,897,1035,0,0,0,5,2,3
50701612,232,111,121,232,111,121,0,0,0,126,65,61,229,111,118,232,111,121,0,0,0,0,0,0
50701613,74,37,37,73,36,37,0,0,0,46,25,21,71,36,35,70,35,35,0,0,0,4,2,2
50701614,445,211,234,445,211,234,0,0,0,270,132,138,419,198,221,445,211,234,0,0,0,0,0,0
50701615,1849,893,956,1847,892,955,2,1,1,1075,559,516,1794,866,928,1750,872,878,98,21,77,1,0,1
50701616,1989,1010,979,1980,1004,976,9,6,3,1042,544,498,1898,968,930,1815,873,942,1,1,0,173,136,37
50701617,1181,577,604,1174,573,601,6,4,2,677,324,353,1148,564,584,1181,577,604,0,0,0,0,0,0
50710501,961,478,483,958,475,483,3,3,0,629,312,317,907,449,458,959,476,483,0,0,0,2,2,0
50711301,690,338,352,690,338,352,0,0,0,377,204,173,669,327,342,682,332,350,0,0,0,8,6,2
50711302,143,69,74,142,69,73,1,0,1,95,46,49,141,68,73,143,69,74,0,0,0,0,0,0
50711303,386,195,191,386,195,191,0,0,0,230,126,104,376,190,186,386,195,191,0,0,0,0,0,0
50711304,94,48,46,94,48,46,0,0,0,49,31,18,90,47,43,94,48,46,0,0,0,0,0,0
50726101,704,342,362,701,340,361,3,2,1,296,140,156,660,321,339,693,333,360,0,0,0,11,9,2
50726102,393,200,193,390,198,192,3,2,1,57,25,32,368,188,180,233,101,132,160,99,61,0,0,0
50726103,121,62,59,121,62,59,0,0,0,66,38,28,120,62,58,121,62,59,0,0,0,0,0,0
50727001,27,11,16,27,11,16,0,0,0,12,7,5,26,11,15,2,1,1,0,0,0,25,10,15
50727002,212,102,110,212,102,110,0,0,0,122,56,66,210,100,110,208,100,108,0,0,0,4,2,2
50727003,333,163,170,331,161,170,2,2,0,217,110,107,321,160,161,333,163,170,0,0,0,0,0,0
50727005,246,120,126,246,120,126,0,0,0,150,81,69,228,111,117,227,113,114,0,0,0,19,7,12
50727006,77,36,41,77,36,41,0,0,0,37,17,20,71,32,39,72,33,39,0,0,0,5,3,2
50727007,2814,1378,1436,2793,1365,1428,20,12,8,1414,706,708,2703,1317,1386,2749,1342,1407,22,7,15,43,29,14
50727009,317,160,157,317,160,157,0,0,0,217,112,105,311,157,154,313,159,154,0,0,0,4,1,3
50727010,491,233,258,490,233,257,0,0,0,338,166,172,485,232,253,491,233,258,0,0,0,0,0,0
50727011,767,368,399,764,366,398,3,2,1,433,205,228,744,354,390,734,356,378,1,1,0,32,11,21
51292301,1157,557,600,1156,557,599,0,0,0,745,367,378,1103,533,570,1150,552,598,0,0,0,7,5,2
50733401,60,28,32,59,28,31,0,0,0,26,11,15,56,26,30,60,28,32,0,0,0,0,0,0
50733402,1118,555,563,1113,554,559,5,1,4,620,318,302,1071,532,539,1108,546,562,0,0,0,10,9,1
56990901,678,334,344,676,332,344,2,2,0,375,206,169,654,322,332,671,329,342,0,0,0,7,5,2
0450470,0,0,0,0,0,0,0,0,0,0,0,0,0,0,0,0,0,0,0,0,0,0,0,0
0450550,0,0,0,0,0,0,0,0,0,0,0,0,0,0,0,0,0,0,0,0,0,0,0,0
50737701,200,97,103,200,97,103,0,0,0,104,58,46,186,95,91,186,91,95,0,0,0,14,6,8
50737702,49,23,26,49,23,26,0,0,0,18,6,12,35,17,18,2,1,1,1,0,1,46,22,24
50737703,241,129,112,241,129,112,0,0,0,86,53,33,224,118,106,188,106,82,49,21,28,4,2,2
50737704,34,19,15,34,19,15,0,0,0,11,7,4,34,19,15,32,18,14,0,0,0,2,1,1
50737705,139,72,67,139,72,67,0,0,0,58,34,24,132,67,65,130,68,62,0,0,0,9,4,5
50737706,356,192,164,355,191,164,1,1,0,186,111,75,343,187,156,318,167,151,4,3,1,34,22,12
54719101,226,115,111,226,115,111,0,0,0,119,70,49,214,108,106,222,112,110,0,0,0,4,3,1
50750401,3137,1561,1576,3134,1558,1576,2,2,0,2158,1091,1067,3038,1506,1532,3111,1540,1571,1,0,1,25,21,4
54718201,1843,882,961,1838,879,959,4,2,2,1054,503,551,1752,836,916,1831,874,957,0,0,0,12,8,4
50758001,322,160,162,322,160,162,0,0,0,189,98,91,304,155,149,321,159,162,0,0,0,1,1,0
50758002,1630,806,824,1625,803,822,3,3,0,1062,533,529,1570,778,792,1629,805,824,1,1,0,0,0,0
50758003,20,10,10,20,10,10,0,0,0,16,8,8,18,9,9,20,10,10,0,0,0,0,0,0
50758004,4565,2270,2295,4550,2258,2292,11,8,3,3030,1519,1511,4369,2156,2213,4464,2211,2253,40,7,33,61,52,9
56818001,114,56,58,114,56,58,0,0,0,43,25,18,103,53,50,99,50,49,0,0,0,15,6,9
56818002,131,71,60,131,71,60,0,0,0,48,31,17,123,66,57,126,68,58,0,0,0,5,3,2
51290701,53,25,28,53,25,28,0,0,0,7,2,5,41,18,23,0,0,0,2,1,1,51,24,27
51290702,828,409,419,827,408,419,0,0,0,412,213,199,770,383,387,755,383,372,66,22,44,7,4,3
55311501,129,68,61,128,67,61,1,1,0,57,38,19,120,61,59,126,66,60,0,0,0,3,2,1
55311502,83,38,45,83,38,45,0,0,0,44,24,20,73,36,37,78,35,43,0,0,0,5,3,2
50792001,82,43,39,81,43,38,0,0,0,40,26,14,81,42,39,75,41,34,0,0,0,7,2,5
50792002,72,36,36,72,36,36,0,0,0,29,17,12,66,34,32,70,35,35,0,0,0,2,1,1
50792003,782,381,401,782,381,401,0,0,0,358,201,157,718,359,359,720,359,361,40,8,32,22,14,8
50797101,4314,2121,2193,4304,2112,2192,10,9,1,2246,1161,1085,4114,2021,2093,4223,2073,2150,47,14,33,44,34,10
50797102,513,259,254,513,259,254,0,0,0,252,125,127,496,254,242,513,259,254,0,0,0,0,0,0
50812801,2121,1065,1056,2110,1061,1049,10,3,7,1077,562,515,2010,1010,1000,2092,1042,1050,1,0,1,28,23,5
50814401,652,327,325,650,326,324,1,1,0,308,170,138,616,316,300,548,274,274,43,14,29,61,39,22
56827901,265,144,121,265,144,121,0,0,0,138,84,54,257,139,118,264,143,121,0,0,0,1,1,0
55304202,135,73,62,135,73,62,0,0,0,58,35,23,126,70,56,122,64,58,0,0,0,13,9,4
50837301,1096,547,549,1095,546,549,1,1,0,599,313,286,1058,528,530,1092,544,548,1,1,0,3,2,1
56909701,191,102,89,191,102,89,0,0,0,76,45,31,177,94,83,168,87,81,16,11,5,7,4,3
56909702,35,23,12,31,19,12,4,4,0,7,5,2,31,19,12,13,8,5,4,4,0,18,11,7
55315801,808,382,426,808,382,426,0,0,0,418,208,210,775,369,406,801,375,426,0,0,0,7,7,0
55315802,102,55,47,102,55,47,0,0,0,60,34,26,100,54,46,102,55,47,0,0,0,0,0,0
51289301,177,92,85,176,92,84,1,0,1,85,44,41,171,88,83,173,89,84,0,0,0,4,3,1
55527401,481,246,235,481,246,235,0,0,0,231,137,94,447,231,216,473,240,233,0,0,0,8,6,2
50957401,1383,673,710,1382,672,710,1,1,0,803,405,398,1314,636,678,1372,663,709,2,2,0,9,8,1
55535501,246,123,123,246,123,123,0,0,0,190,92,98,238,118,120,246,123,123,0,0,0,0,0,0
55535502,933,450,483,928,449,479,4,1,3,633,318,315,900,431,469,932,449,483,0,0,0,1,1,0
55535503,24,13,11,24,13,11,0,0,0,11,6,5,23,13,10,24,13,11,0,0,0,0,0,0
55535505,120,58,62,120,58,62,0,0,0,94,46,48,117,57,60,120,58,62,0,0,0,0,0,0
1119020,0,0,0,0,0,0,0,0,0,0,0,0,0,0,0,0,0,0,0,0,0,0,0,0
55533901,1654,822,832,1647,818,829,3,2,1,1289,664,625,1611,800,811,1654,822,832,0,0,0,0,0,0
55533902,56,32,24,56,32,24,0,0,0,43,28,15,53,30,23,56,32,24,0,0,0,0,0,0
55543601,305,155,150,305,155,150,0,0,0,219,117,102,295,150,145,305,155,150,0,0,0,0,0,0
1117080,0,0,0,0,0,0,0,0,0,0,0,0,0,0,0,0,0,0,0,0,0,0,0,0
1117410,0,0,0,0,0,0,0,0,0,0,0,0,0,0,0,0,0,0,0,0,0,0,0,0
1117830,0,0,0,0,0,0,0,0,0,0,0,0,0,0,0,0,0,0,0,0,0,0,0,0
1118210,0,0,0,0,0,0,0,0,0,0,0,0,0,0,0,0,0,0,0,0,0,0,0,0
55532101,668,316,352,666,315,351,1,0,1,436,212,224,656,308,348,668,316,352,0,0,0,0,0,0
55532102,1514,756,758,1506,750,756,5,4,1,1052,553,499,1455,725,730,1512,755,757,0,0,0,2,1,1
55532104,6600,3079,3521,6567,3059,3508,26,18,8,4022,1945,2077,6356,2965,3391,6524,3058,3466,72,18,54,4,3,1
55532105,3054,1408,1646,3024,1392,1632,25,14,11,1821,880,941,2937,1350,1587,3054,1408,1646,0,0,0,0,0,0
55532106,1240,605,635,1236,602,634,4,3,1,901,455,446,1197,585,612,1210,582,628,26,20,6,4,3,1
55532107,34,15,19,34,15,19,0,0,0,16,7,9,34,15,19,34,15,19,0,0,0,0,0,0
55532109,802,401,401,801,400,401,0,0,0,609,322,287,785,393,392,797,397,400,0,0,0,5,4,1
55532110,1065,493,572,1063,491,572,2,2,0,754,360,394,1037,477,560,1065,493,572,0,0,0,0,0,0
55532111,4067,1958,2109,4047,1948,2099,17,9,8,2741,1351,1390,3917,1877,2040,4063,1954,2109,2,2,0,2,2,0
55532112,1536,739,797,1527,735,792,7,3,4,917,457,460,1478,715,763,1536,739,797,0,0,0,0,0,0
55532113,836,395,441,835,395,440,1,0,1,611,300,311,816,387,429,836,395,441,0,0,0,0,0,0
55532114,872,435,437,871,434,437,0,0,0,637,330,307,859,430,429,872,435,437,0,0,0,0,0,0
55532115,3485,1872,1613,3383,1816,1567,88,48,40,1785,962,823,3278,1772,1506,2715,1282,1433,150,99,51,620,491,129
55532116,1038,499,539,1034,496,538,1,1,0,507,231,276,919,428,491,750,333,417,225,109,116,63,57,6
55532117,207,101,106,207,101,106,0,0,0,144,77,67,196,98,98,206,100,106,0,0,0,1,1,0
55532118,33,12,21,33,12,21,0,0,0,17,4,13,32,12,20,30,9,21,3,3,0,0,0,0
55532119,4352,2117,2235,4306,2090,2216,37,21,16,2509,1265,1244,4067,1966,2101,4155,1993,2162,194,122,72,3,2,1
55532120,2229,1045,1184,2206,1035,1171,19,9,10,1349,660,689,2132,994,1138,2188,1043,1145,41,2,39,0,0,0
55532121,2006,914,1092,1992,908,1084,13,5,8,1162,577,585,1934,877,1057,2006,914,1092,0,0,0,0,0,0
55532122,2929,1352,1577,2923,1349,1574,6,3,3,1844,893,951,2842,1303,1539,2926,1350,1576,3,2,1,0,0,0
55532124,66,29,37,65,28,37,1,1,0,38,17,21,63,26,37,66,29,37,0,0,0,0,0,0
55532125,2511,1111,1400,2484,1100,1384,18,11,7,1389,691,698,2307,1041,1266,2288,1093,1195,223,18,205,0,0,0
55532126,2246,1062,1184,2238,1055,1183,7,6,1,1323,663,660,2148,1013,1135,2182,1052,1130,60,8,52,4,2,2
55532127,2105,992,1113,2096,987,1109,9,5,4,1351,675,676,2026,952,1074,2061,981,1080,44,11,33,0,0,0
55532128,1473,710,763,1458,704,754,12,5,7,942,477,465,1388,677,711,1416,690,726,54,19,35,3,1,2
55532129,1017,472,545,1015,471,544,1,0,1,608,274,334,941,427,514,1014,471,543,3,1,2,0,0,0
55540101,155,74,81,155,74,81,0,0,0,109,56,53,150,72,78,155,74,81,0,0,0,0,0,0
55540102,423,215,208,423,215,208,0,0,0,315,175,140,413,210,203,422,214,208,0,0,0,1,1,0
55540103,141,66,75,141,66,75,0,0,0,112,52,60,140,65,75,138,63,75,3,3,0,0,0,0
55540104,35,19,16,35,19,16,0,0,0,22,12,10,31,17,14,7,4,3,0,0,0,28,15,13
55537101,1034,508,526,1032,506,526,1,1,0,701,353,348,1006,495,511,1021,502,519,0,0,0,13,6,7
3054210,0,0,0,0,0,0,0,0,0,0,0,0,0,0,0,0,0,0,0,0,0,0,0,0
3054480,0,0,0,0,0,0,0,0,0,0,0,0,0,0,0,0,0,0,0,0,0,0,0,0
55670001,110,60,50,110,60,50,0,0,0,79,43,36,105,57,48,110,60,50,0,0,0,0,0,0
55670002,161,81,80,156,78,78,5,3,2,115,65,50,159,80,79,161,81,80,0,0,0,0,0,0
55670003,735,359,376,734,359,375,1,0,1,554,278,276,718,352,366,735,359,376,0,0,0,0,0,0
55670004,30,17,13,30,17,13,0,0,0,18,8,10,27,14,13,30,17,13,0,0,0,0,0,0
55670005,237,119,118,237,119,118,0,0,0,160,84,76,228,114,114,236,118,118,1,1,0,0,0,0
55670006,44,24,20,44,24,20,0,0,0,31,18,13,38,19,19,44,24,20,0,0,0,0,0,0
55546101,174,90,84,174,90,84,0,0,0,135,72,63,171,88,83,174,90,84,0,0,0,0,0,0
55546102,211,105,106,211,105,106,0,0,0,144,73,71,204,101,103,209,104,105,2,1,1,0,0,0
55541001,333,169,164,333,169,164,0,0,0,243,122,121,326,167,159,333,169,164,0,0,0,0,0,0
50961201,1353,658,695,1345,655,690,7,3,4,638,316,322,1289,630,659,1338,646,692,4,1,3,11,11,0
50961202,40,19,21,40,19,21,0,0,0,18,9,9,40,19,21,40,19,21,0,0,0,0,0,0
50964701,1946,959,987,1938,952,986,8,7,1,1213,601,612,1875,925,950,1906,936,970,16,5,11,24,18,6
50964702,34,18,16,34,18,16,0,0,0,14,9,5,34,18,16,34,18,16,0,0,0,0,0,0
50964703,31,15,16,31,15,16,0,0,0,17,8,9,30,14,16,31,15,16,0,0,0,0,0,0
50973601,1332,647,685,1332,647,685,0,0,0,737,371,366,1282,626,656,1316,635,681,4,1,3,12,11,1
56831701,119,63,56,119,63,56,0,0,0,41,18,23,101,50,51,70,35,35,36,21,15,13,7,6
56831702,359,182,177,359,182,177,0,0,0,187,99,88,332,167,165,312,154,158,0,0,0,47,28,19
56831703,23,14,9,23,14,9,0,0,0,3,3,0,16,9,7,12,6,6,0,0,0,11,8,3
50984101,1142,575,567,1138,573,565,3,1,2,527,284,243,1074,537,537,1134,568,566,0,0,0,8,7,1
56837601,598,296,302,596,295,301,2,1,1,376,192,184,565,280,285,591,292,299,0,0,0,7,4,3
51013101,287,139,148,287,139,148,0,0,0,177,89,88,278,136,142,287,139,148,0,0,0,0,0,0
51013103,692,349,343,684,343,341,5,3,2,398,215,183,668,336,332,690,347,343,0,0,0,2,2,0
51028901,1952,977,975,1948,976,972,3,0,3,926,494,432,1877,940,937,1883,949,934,29,3,26,40,25,15
51028902,81,37,44,79,36,43,2,1,1,25,10,15,79,36,43,81,37,44,0,0,0,0,0,0
51029701,683,336,347,683,336,347,0,0,0,368,178,190,644,320,324,676,330,346,0,0,0,7,6,1
51029702,127,59,68,127,59,68,0,0,0,73,31,42,123,58,65,127,59,68,0,0,0,0,0,0
59782101,387,191,196,387,191,196,0,0,0,197,104,93,368,185,183,379,187,192,0,0,0,8,4,4
0754260,0,0,0,0,0,0,0,0,0,0,0,0,0,0,0,0,0,0,0,0,0,0,0,0
56819801,126,69,57,126,69,57,0,0,0,52,33,19,121,68,53,121,65,56,0,0,0,5,4,1
51034301,271,139,132,271,139,132,0,0,0,164,95,69,264,136,128,271,139,132,0,0,0,0,0,0
51034302,105,64,41,105,64,41,0,0,0,56,41,15,97,62,35,105,64,41,0,0,0,0,0,0
51034303,134,71,63,133,71,62,1,0,1,89,53,36,131,70,61,130,68,62,0,0,0,4,3,1
51034304,881,436,445,876,433,443,3,2,1,497,272,225,848,418,430,874,430,444,0,0,0,7,6,1
51286901,814,414,400,813,414,399,1,0,1,565,291,274,783,402,381,803,406,397,3,3,0,8,5,3
51286902,32,17,15,31,17,14,1,0,1,14,6,8,28,15,13,32,17,15,0,0,0,0,0,0
51037801,604,302,302,602,300,302,2,2,0,342,171,171,582,290,292,598,297,301,0,0,0,6,5,1
54713101,251,130,121,251,130,121,0,0,0,105,53,52,229,116,113,217,111,106,1,1,0,33,18,15
51043201,29,11,18,29,11,18,0,0,0,10,5,5,25,8,17,29,11,18,0,0,0,0,0,0
51043202,1543,783,760,1514,755,759,29,28,1,862,436,426,1485,750,735,1520,763,757,12,11,1,11,9,2
56833301,33,16,17,33,16,17,0,0,0,8,3,5,28,13,15,25,12,13,0,0,0,8,4,4
56833302,607,313,294,607,313,294,0,0,0,329,187,142,583,304,279,601,308,293,0,0,0,6,5,1
51048301,65,34,31,65,34,31,0,0,0,35,20,15,62,34,28,65,34,31,0,0,0,0,0,0
51048302,227,113,114,227,113,114,0,0,0,129,64,65,211,105,106,227,113,114,0,0,0,0,0,0
51048303,86,43,43,86,43,43,0,0,0,39,16,23,85,42,43,86,43,43,0,0,0,0,0,0
51048304,2687,1301,1386,2684,1301,1383,3,0,3,1765,853,912,2595,1255,1340,2657,1280,1377,0,0,0,30,21,9
51049101,1265,622,643,1256,614,642,8,7,1,663,348,315,1199,590,609,1258,616,642,0,0,0,7,6,1
51274501,800,378,422,798,377,421,2,1,1,481,231,250,775,363,412,796,377,419,0,0,0,4,1,3
56910101,221,115,106,221,115,106,0,0,0,90,49,41,205,108,97,209,106,103,1,1,0,11,8,3
56834101,360,175,185,358,174,184,2,1,1,178,100,78,342,167,175,355,171,184,0,0,0,5,4,1
51089101,75,39,36,74,39,35,1,0,1,36,21,15,71,37,34,75,39,36,0,0,0,0,0,0
51089102,189,95,94,189,95,94,0,0,0,93,54,39,184,93,91,189,95,94,0,0,0,0,0,0
51089103,66,40,26,66,40,26,0,0,0,32,20,12,61,38,23,66,40,26,0,0,0,0,0,0
51089104,188,104,84,188,104,84,0,0,0,105,71,34,186,103,83,184,102,82,0,0,0,4,2,2
51089105,77,41,36,77,41,36,0,0,0,31,20,11,76,40,36,77,41,36,0,0,0,0,0,0
51089107,986,469,517,984,467,517,2,2,0,452,222,230,903,432,471,922,432,490,42,19,23,22,18,4
1788110,0,0,0,0,0,0,0,0,0,0,0,0,0,0,0,0,0,0,0,0,0,0,0,0
51093901,1772,867,905,1764,860,904,8,7,1,1049,513,536,1689,825,864,1745,849,896,13,4,9,14,14,0
57003601,25,12,13,25,12,13,0,0,0,14,7,7,25,12,13,25,12,13,0,0,0,0,0,0
57003602,678,359,319,678,359,319,0,0,0,422,239,183,649,349,300,673,354,319,0,0,0,5,5,0
1830080,0,0,0,0,0,0,0,0,0,0,0,0,0,0,0,0,0,0,0,0,0,0,0,0
1830410,0,0,0,0,0,0,0,0,0,0,0,0,0,0,0,0,0,0,0,0,0,0,0,0
1830670,0,0,0,0,0,0,0,0,0,0,0,0,0,0,0,0,0,0,0,0,0,0,0,0
3305660,0,0,0,0,0,0,0,0,0,0,0,0,0,0,0,0,0,0,0,0,0,0,0,0
51102101,75,42,33,74,42,32,1,0,1,51,29,22,71,39,32,72,40,32,0,0,0,3,2,1
51102102,67,38,29,67,38,29,0,0,0,39,26,13,67,38,29,65,38,27,0,0,0,2,0,2
51102103,56,34,22,56,34,22,0,0,0,15,10,5,44,27,17,28,18,10,0,0,0,28,16,12
51102104,97,49,48,97,49,48,0,0,0,50,30,20,93,47,46,97,49,48,0,0,0,0,0,0
51102105,67,39,28,67,39,28,0,0,0,19,11,8,65,37,28,40,22,18,0,0,0,27,17,10
51102106,109,60,49,109,60,49,0,0,0,63,36,27,105,58,47,103,56,47,0,0,0,6,4,2
51102107,450,222,228,448,220,228,1,1,0,249,128,121,420,205,215,424,208,216,11,7,4,15,7,8
51102108,42,17,25,42,17,25,0,0,0,27,10,17,40,16,24,42,17,25,0,0,0,0,0,0
51102109,1073,540,533,1069,537,532,3,2,1,591,317,274,1011,504,507,993,472,521,5,2,3,75,66,9
51102111,2187,1034,1153,2181,1030,1151,5,3,2,1321,662,659,2109,996,1113,2163,1024,1139,24,10,14,0,0,0
51102112,1162,551,611,1158,549,609,2,0,2,617,348,269,1097,528,569,1072,526,546,87,23,64,3,2,1
51116101,499,259,240,497,257,240,0,0,0,256,153,103,480,250,230,494,256,238,0,0,0,5,3,2
56824401,1608,791,817,1604,789,815,2,1,1,847,416,431,1539,749,790,1598,783,815,0,0,0,10,8,2
55349201,573,276,297,573,276,297,0,0,0,364,167,197,553,264,289,572,275,297,0,0,0,1,1,0
56911901,488,234,254,488,234,254,0,0,0,236,123,113,459,220,239,479,228,251,0,0,0,9,6,3
50671101,1430,709,721,1429,708,721,1,1,0,643,336,307,1375,678,697,1403,689,714,0,0,0,27,20,7
56950001,621,306,315,621,306,315,0,0,0,266,126,140,599,298,301,608,298,310,0,0,0,13,8,5
56950002,192,96,96,192,96,96,0,0,0,55,26,29,183,91,92,81,38,43,0,0,0,111,58,53
3308680,0,0,0,0,0,0,0,0,0,0,0,0,0,0,0,0,0,0,0,0,0,0,0,0
59954901,246,118,128,245,118,127,1,0,1,91,43,48,232,110,122,246,118,128,0,0,0,0,0,0
59954902,317,155,162,316,155,161,0,0,0,145,81,64,297,145,152,316,154,162,0,0,0,1,1,0
59954903,92,45,47,92,45,47,0,0,0,36,18,18,87,43,44,91,45,46,0,0,0,1,0,1
59954904,141,71,70,140,70,70,1,1,0,60,32,28,136,68,68,141,71,70,0,0,0,0,0,0
59954905,3053,1485,1568,3039,1477,1562,11,7,4,1431,724,707,2924,1420,1504,2997,1457,1540,25,4,21,31,24,7
59954906,124,60,64,124,60,64,0,0,0,40,22,18,119,58,61,124,60,64,0,0,0,0,0,0
59954907,333,167,166,333,167,166,0,0,0,127,73,54,313,157,156,323,162,161,2,1,1,8,4,4
55404901,32,15,17,32,15,17,0,0,0,15,8,7,31,14,17,32,15,17,0,0,0,0,0,0
55404902,23,14,9,23,14,9,0,0,0,10,6,4,22,13,9,23,14,9,0,0,0,0,0,0
55404904,642,328,314,640,327,313,2,1,1,251,126,125,602,306,296,640,326,314,0,0,0,2,2,0
55433201,167,79,88,167,79,88,0,0,0,113,52,61,155,71,84,167,79,88,0,0,0,0,0,0
55433202,1516,755,761,1514,754,760,1,1,0,1117,557,560,1485,738,747,1493,743,750,0,0,0,23,12,11
55466901,136,73,63,130,68,62,5,5,0,96,51,45,132,70,62,134,71,63,0,0,0,2,2,0
55466904,1528,742,786,1519,737,782,9,5,4,1102,557,545,1490,724,766,1487,720,767,41,22,19,0,0,0
55466905,20,10,10,19,9,10,1,1,0,14,8,6,14,7,7,19,9,10,1,1,0,0,0,0
55466906,1958,960,998,1938,947,991,18,11,7,1444,732,712,1910,934,976,1892,915,977,5,1,4,61,44,17
55466907,116,56,60,116,56,60,0,0,0,90,43,47,112,54,58,115,56,59,1,0,1,0,0,0
55456101,2652,1293,1359,2647,1289,1358,5,4,1,1970,954,1016,2603,1267,1336,2544,1228,1316,0,0,0,108,65,43
55432401,1333,642,691,1329,640,689,3,1,2,992,483,509,1299,625,674,1328,637,691,0,0,0,5,5,0
1138410,0,0,0,0,0,0,0,0,0,0,0,0,0,0,0,0,0,0,0,0,0,0,0,0
1138910,0,0,0,0,0,0,0,0,0,0,0,0,0,0,0,0,0,0,0,0,0,0,0,0
1139050,0,0,0,0,0,0,0,0,0,0,0,0,0,0,0,0,0,0,0,0,0,0,0,0
1139130,0,0,0,0,0,0,0,0,0,0,0,0,0,0,0,0,0,0,0,0,0,0,0,0
1139210,0,0,0,0,0,0,0,0,0,0,0,0,0,0,0,0,0,0,0,0,0,0,0,0
55428601,625,343,282,613,331,282,12,12,0,356,194,162,577,314,263,415,215,200,207,125,82,3,3,0
55428602,470,230,240,461,226,235,5,3,2,296,157,139,447,215,232,443,222,221,27,8,19,0,0,0
55428603,795,358,437,779,345,434,13,11,2,402,191,211,744,331,413,795,358,437,0,0,0,0,0,0
55428604,5797,2762,3035,5669,2683,2986,111,70,41,3754,1808,1946,5546,2616,2930,5794,2759,3035,0,0,0,3,3,0
55428605,298,149,149,290,143,147,8,6,2,194,94,100,284,142,142,298,149,149,0,0,0,0,0,0
55428606,132,49,83,121,40,81,10,8,2,52,22,30,125,45,80,11,7,4,121,42,79,0,0,0
55428607,667,342,325,655,333,322,9,8,1,412,209,203,632,323,309,665,341,324,0,0,0,2,1,1
55428608,1931,995,936,1884,964,920,40,27,13,1185,609,576,1832,944,888,1783,870,913,4,3,1,144,122,22
55428609,806,473,333,752,425,327,51,46,5,520,297,223,745,430,315,747,414,333,54,54,0,5,5,0
55428610,83,45,38,83,45,38,0,0,0,56,27,29,79,42,37,81,43,38,1,1,0,1,1,0
55428612,25,10,15,25,10,15,0,0,0,14,6,8,25,10,15,9,5,4,16,5,11,0,0,0
55457001,241,123,118,240,122,118,1,1,0,159,84,75,237,122,115,228,115,113,0,0,0,13,8,5
55457004,232,120,112,232,120,112,0,0,0,184,99,85,225,119,106,229,118,111,0,0,0,3,2,1
55457005,726,368,358,694,355,339,29,12,17,506,259,247,678,346,332,656,324,332,64,39,25,6,5,1
55443001,912,482,430,903,478,425,7,2,5,602,308,294,881,463,418,870,448,422,0,0,0,42,34,8
55443002,1642,814,828,1635,811,824,7,3,4,1155,574,581,1583,785,798,1627,806,821,0,0,0,15,8,7
55443003,691,353,338,687,351,336,4,2,2,448,225,223,668,338,330,690,352,338,1,1,0,0,0,0
1135810,0,0,0,0,0,0,0,0,0,0,0,0,0,0,0,0,0,0,0,0,0,0,0,0
1135900,0,0,0,0,0,0,0,0,0,0,0,0,0,0,0,0,0,0,0,0,0,0,0,0
1136890,0,0,0,0,0,0,0,0,0,0,0,0,0,0,0,0,0,0,0,0,0,0,0,0
1137510,0,0,0,0,0,0,0,0,0,0,0,0,0,0,0,0,0,0,0,0,0,0,0,0
1137940,0,0,0,0,0,0,0,0,0,0,0,0,0,0,0,0,0,0,0,0,0,0,0,0
1141540,0,0,0,0,0,0,0,0,0,0,0,0,0,0,0,0,0,0,0,0,0,0,0,0
54591101,40,23,17,40,23,17,0,0,0,33,19,14,39,23,16,40,23,17,0,0,0,0,0,0
54591102,1916,909,1007,1885,885,1000,26,20,6,1141,560,581,1815,852,963,1886,885,1001,29,23,6,1,1,0
54591103,1222,815,407,1178,784,394,30,18,12,613,379,234,882,528,354,669,323,346,553,492,61,0,0,0
54591105,376,192,184,361,184,177,12,7,5,202,106,96,340,170,170,360,178,182,10,9,1,6,5,1
54591106,1805,854,951,1781,843,938,22,11,11,1136,550,586,1718,822,896,1753,836,917,50,16,34,2,2,0
54591107,2284,1066,1218,2242,1042,1200,38,21,17,1347,625,722,2191,1021,1170,2281,1063,1218,0,0,0,3,3,0
54591110,1029,463,566,1010,455,555,18,7,11,610,285,325,994,445,549,1028,462,566,0,0,0,1,1,0
54591111,757,381,376,684,341,343,65,37,28,435,223,212,714,355,359,731,371,360,25,9,16,1,1,0
54591112,121,64,57,119,62,57,2,2,0,74,39,35,116,60,56,82,35,47,39,29,10,0,0,0
54591113,2559,1405,1154,2399,1323,1076,126,67,59,1268,675,593,2378,1307,1071,1821,891,930,79,35,44,659,479,180
54591114,836,430,406,797,402,395,32,24,8,461,225,236,772,400,372,815,415,400,4,3,1,17,12,5
54591115,2583,1193,1390,2531,1164,1367,47,25,22,1421,661,760,2435,1124,1311,2580,1192,1388,2,1,1,1,0,1
54591116,633,309,324,619,301,318,12,7,5,352,178,174,600,294,306,633,309,324,0,0,0,0,0,0
54591117,1060,543,517,1021,521,500,35,18,17,661,338,323,1000,513,487,981,494,487,69,43,26,10,6,4
54591118,1952,966,986,1879,919,960,66,42,24,1049,535,514,1823,895,928,1938,957,981,4,3,1,10,6,4
54591119,137,72,65,133,68,65,4,4,0,84,44,40,125,67,58,137,72,65,0,0,0,0,0,0
54591120,1282,584,698,1256,575,681,24,8,16,754,343,411,1208,549,659,1262,578,684,16,4,12,4,2,2
54591122,1610,776,834,1573,749,824,31,24,7,913,435,478,1516,727,789,1605,772,833,2,2,0,3,2,1
54591125,555,290,265,387,191,196,164,97,67,205,102,103,478,251,227,555,290,265,0,0,0,0,0,0
54591126,1851,889,962,1826,876,950,19,11,8,1057,532,525,1759,849,910,1851,889,962,0,0,0,0,0,0
54591127,3921,1861,2060,3786,1782,2004,117,67,50,2337,1104,1233,3713,1752,1961,3921,1861,2060,0,0,0,0,0,0
54591128,5429,2609,2820,5342,2562,2780,76,40,36,3249,1639,1610,5197,2495,2702,5375,2595,2780,52,12,40,2,2,0
54591129,791,388,403,776,382,394,12,4,8,508,242,266,745,371,374,790,387,403,0,0,0,1,1,0
54591131,21,15,6,20,14,6,1,1,0,10,7,3,21,15,6,18,12,6,1,1,0,2,2,0
54591132,1615,817,798,1559,780,779,53,35,18,1006,494,512,1527,767,760,1481,750,731,113,46,67,21,21,0
54591134,1470,728,742,1427,696,731,33,23,10,896,451,445,1390,681,709,1440,700,740,25,25,0,5,3,2
55421901,290,138,152,281,134,147,8,4,4,171,88,83,276,134,142,290,138,152,0,0,0,0,0,0
55421902,39,18,21,38,18,20,1,0,1,27,11,16,38,17,21,39,18,21,0,0,0,0,0,0
55421903,32,17,15,32,17,15,0,0,0,21,12,9,32,17,15,32,17,15,0,0,0,0,0,0
55421904,1846,919,927,1840,916,924,5,2,3,1399,701,698,1804,896,908,1820,902,918,9,4,5,17,13,4
55436701,286,145,141,282,141,141,4,4,0,220,115,105,273,140,133,284,144,140,0,0,0,2,1,1
55436702,461,248,213,456,244,212,5,4,1,310,171,139,448,241,207,425,228,197,23,9,14,13,11,2
1143410,0,0,0,0,0,0,0,0,0,0,0,0,0,0,0,0,0,0,0,0,0,0,0,0
1143590,0,0,0,0,0,0,0,0,0,0,0,0,0,0,0,0,0,0,0,0,0,0,0,0
1144210,0,0,0,0,0,0,0,0,0,0,0,0,0,0,0,0,0,0,0,0,0,0,0,0
1144300,0,0,0,0,0,0,0,0,0,0,0,0,0,0,0,0,0,0,0,0,0,0,0,0
1145110,0,0,0,0,0,0,0,0,0,0,0,0,0,0,0,0,0,0,0,0,0,0,0,0
1156310,0,0,0,0,0,0,0,0,0,0,0,0,0,0,0,0,0,0,0,0,0,0,0,0
54613501,5026,2463,2563,4985,2436,2549,33,19,14,3299,1642,1657,4868,2381,2487,5023,2460,2563,0,0,0,3,3,0
54613502,2631,1284,1347,2608,1272,1336,20,9,11,1786,901,885,2546,1242,1304,2631,1284,1347,0,0,0,0,0,0
54613503,4932,2395,2537,4898,2383,2515,28,11,17,3193,1572,1621,4767,2309,2458,4931,2394,2537,0,0,0,1,1,0
54613504,32,20,12,26,14,12,5,5,0,20,11,9,30,18,12,32,20,12,0,0,0,0,0,0
54613505,3918,1811,2107,3883,1791,2092,29,17,12,2516,1191,1325,3792,1745,2047,3917,1810,2107,0,0,0,1,1,0
54613506,5676,2726,2950,5567,2642,2925,100,78,22,3659,1772,1887,5425,2569,2856,5368,2513,2855,305,210,95,3,3,0
54613507,2090,975,1115,2080,971,1109,9,3,6,1333,641,692,2036,944,1092,2090,975,1115,0,0,0,0,0,0
54613508,3982,2385,1597,3969,2379,1590,9,5,4,2298,1314,984,3855,2319,1536,2034,912,1122,9,7,2,1939,1466,473
54613509,2314,1045,1269,2302,1039,1263,10,5,5,1505,708,797,2244,1012,1232,2314,1045,1269,0,0,0,0,0,0
54613510,2628,1268,1360,2614,1259,1355,13,9,4,1851,889,962,2507,1209,1298,2609,1253,1356,17,13,4,2,2,0
54613511,691,323,368,691,323,368,0,0,0,495,234,261,670,314,356,691,323,368,0,0,0,0,0,0
54613512,4607,2149,2458,4574,2128,2446,31,20,11,3039,1474,1565,4460,2070,2390,4607,2149,2458,0,0,0,0,0,0
54613513,1649,780,869,1589,749,840,55,29,26,1007,490,517,1580,740,840,1512,705,807,134,73,61,3,2,1
54613514,227,105,122,207,95,112,19,10,9,157,72,85,222,102,120,227,105,122,0,0,0,0,0,0
54613515,304,138,166,303,137,166,1,1,0,174,78,96,286,127,159,304,138,166,0,0,0,0,0,0
54613516,4472,2135,2337,4446,2119,2327,22,14,8,2930,1447,1483,4351,2082,2269,4470,2134,2336,0,0,0,2,1,1
54613517,5233,2544,2689,5203,2529,2674,25,14,11,3441,1728,1713,5077,2474,2603,5203,2540,2663,27,3,24,3,1,2
54613518,2091,1021,1070,2079,1013,1066,10,6,4,1388,706,682,2037,995,1042,2074,1014,1060,17,7,10,0,0,0
54613519,962,468,494,958,466,492,4,2,2,666,345,321,946,460,486,962,468,494,0,0,0,0,0,0
54613520,63,27,36,63,27,36,0,0,0,44,20,24,61,26,35,63,27,36,0,0,0,0,0,0
54613522,1280,655,625,1194,593,601,78,57,21,775,401,374,1211,619,592,974,463,511,302,190,112,4,2,2
54613523,6000,2814,3186,5922,2767,3155,57,36,21,3848,1854,1994,5830,2725,3105,5631,2659,2972,366,153,213,3,2,1
54613524,5341,2601,2740,5280,2571,2709,52,26,26,3465,1748,1717,5155,2511,2644,5284,2582,2702,55,18,37,2,1,1
54613526,4647,2259,2388,4605,2240,2365,38,15,23,3024,1511,1513,4430,2134,2296,4155,2024,2131,492,235,257,0,0,0
54613527,3588,1780,1808,3492,1712,1780,54,40,14,2232,1123,1109,3482,1722,1760,3383,1652,1731,205,128,77,0,0,0
54613528,2093,1006,1087,2066,989,1077,22,15,7,1367,664,703,2032,966,1066,2091,1004,1087,0,0,0,2,2,0
54613529,4346,2099,2247,4302,2077,2225,37,18,19,2555,1289,1266,4181,2014,2167,4082,2030,2052,260,67,193,4,2,2
54613530,3444,1626,1818,3419,1610,1809,21,13,8,2304,1108,1196,3286,1540,1746,3443,1625,1818,0,0,0,1,1,0
54613531,957,470,487,947,463,484,9,7,2,690,347,343,913,448,465,954,467,487,3,3,0,0,0,0
54613532,2903,1298,1605,2884,1283,1601,13,10,3,1926,920,1006,2838,1268,1570,2846,1282,1564,57,16,41,0,0,0
54613533,1672,814,858,1660,807,853,10,7,3,1169,577,592,1624,793,831,1671,813,858,0,0,0,1,1,0
54613534,1668,804,864,1652,795,857,14,7,7,1127,563,564,1619,775,844,1668,804,864,0,0,0,0,0,0
54613535,1092,521,571,1069,506,563,22,14,8,704,333,371,1051,502,549,1091,521,570,0,0,0,1,0,1
54613536,4312,2042,2270,4257,2016,2241,47,22,25,2926,1389,1537,4181,1977,2204,4306,2037,2269,3,2,1,3,3,0
55430801,3096,1504,1592,3081,1494,1587,14,10,4,2112,1045,1067,2998,1446,1552,3035,1460,1575,17,10,7,44,34,10
55430802,44,23,21,44,23,21,0,0,0,35,18,17,43,22,21,44,23,21,0,0,0,0,0,0
55472301,354,169,185,350,167,183,1,1,0,262,120,142,346,161,185,354,169,185,0,0,0,0,0,0
55472302,783,398,385,778,397,381,4,0,4,578,303,275,757,380,377,771,387,384,0,0,0,12,11,1
55472303,359,174,185,359,174,185,0,0,0,288,134,154,349,170,179,359,174,185,0,0,0,0,0,0
55458801,672,322,350,669,320,349,3,2,1,507,248,259,655,315,340,668,320,348,0,0,0,4,2,2
55458802,78,50,28,77,49,28,0,0,0,38,18,20,59,33,26,52,25,27,24,24,0,2,1,1
55458804,4148,2066,2082,4116,2038,2078,30,27,3,3171,1591,1580,4034,2002,2032,4065,1996,2069,20,20,0,63,50,13
1152740,0,0,0,0,0,0,0,0,0,0,0,0,0,0,0,0,0,0,0,0,0,0,0,0
1153210,0,0,0,0,0,0,0,0,0,0,0,0,0,0,0,0,0,0,0,0,0,0,0,0
1155410,0,0,0,0,0,0,0,0,0,0,0,0,0,0,0,0,0,0,0,0,0,0,0,0
54622401,1376,949,427,1372,946,426,1,1,0,770,500,270,1348,929,419,437,210,227,0,0,0,939,739,200
54622402,2690,1223,1467,2664,1204,1460,21,17,4,1679,787,892,2572,1171,1401,2690,1223,1467,0,0,0,0,0,0
54622403,2697,1265,1432,2670,1250,1420,23,13,10,1739,836,903,2604,1208,1396,2688,1260,1428,0,0,0,9,5,4
54622404,2712,1237,1475,2688,1222,1466,20,12,8,1772,855,917,2617,1184,1433,2707,1233,1474,3,2,1,2,2,0
54622405,3448,1650,1798,3396,1618,1778,41,27,14,2169,1061,1108,3273,1560,1713,3448,1650,1798,0,0,0,0,0,0
54622406,1256,615,641,1239,605,634,16,10,6,874,444,430,1225,598,627,1239,603,636,15,11,4,2,1,1
54622407,2876,1357,1519,2821,1326,1495,50,28,22,1886,866,1020,2755,1296,1459,2875,1356,1519,0,0,0,1,1,0
54622408,672,328,344,667,324,343,4,3,1,413,209,204,655,321,334,672,328,344,0,0,0,0,0,0
54622409,3274,1464,1810,3222,1436,1786,49,25,24,1988,914,1074,3163,1412,1751,3274,1464,1810,0,0,0,0,0,0
54622411,1873,894,979,1850,880,970,17,9,8,1225,597,628,1804,859,945,1872,894,978,1,0,1,0,0,0
54622412,2917,1389,1528,2888,1371,1517,24,17,7,1923,966,957,2804,1333,1471,2917,1389,1528,0,0,0,0,0,0
54622413,3852,1799,2053,3802,1777,2025,40,18,22,2432,1165,1267,3661,1693,1968,3852,1799,2053,0,0,0,0,0,0
54622414,8272,3811,4461,8220,3784,4436,43,21,22,5330,2522,2808,7994,3671,4323,8269,3809,4460,2,1,1,1,1,0
54622415,8800,4064,4736,8718,4018,4700,65,35,30,5470,2644,2826,8511,3919,4592,8722,4039,4683,76,23,53,2,2,0
54622416,1878,905,973,1863,899,964,13,5,8,1198,595,603,1811,868,943,1877,904,973,0,0,0,1,1,0
54622417,1856,911,945,1838,903,935,13,6,7,1238,621,617,1774,870,904,1831,901,930,24,9,15,1,1,0
54622418,4931,2288,2643,4870,2257,2613,48,25,23,3147,1492,1655,4764,2203,2561,4925,2284,2641,3,3,0,3,1,2
54622419,2673,1202,1471,2648,1188,1460,21,11,10,1628,763,865,2565,1144,1421,2673,1202,1471,0,0,0,0,0,0
54622420,354,80,274,354,80,274,0,0,0,136,21,115,350,78,272,0,0,0,354,80,274,0,0,0
54622421,422,272,150,164,87,77,215,157,58,100,48,52,321,206,115,158,76,82,259,194,65,5,2,3
54622422,3110,1450,1660,3073,1429,1644,29,18,11,2031,989,1042,2991,1383,1608,3109,1449,1660,0,0,0,1,1,0
3055290,0,0,0,0,0,0,0,0,0,0,0,0,0,0,0,0,0,0,0,0,0,0,0,0
55437501,1204,605,599,1199,603,596,3,0,3,905,470,435,1169,590,579,1199,601,598,0,0,0,5,4,1
55424301,1312,641,671,1307,639,668,5,2,3,948,474,474,1280,626,654,1271,615,656,32,22,10,9,4,5
1150450,0,0,0,0,0,0,0,0,0,0,0,0,0,0,0,0,0,0,0,0,0,0,0,0
1150610,0,0,0,0,0,0,0,0,0,0,0,0,0,0,0,0,0,0,0,0,0,0,0,0
3199700,0,0,0,0,0,0,0,0,0,0,0,0,0,0,0,0,0,0,0,0,0,0,0,0
55453701,876,422,454,874,421,453,2,1,1,551,277,274,851,411,440,855,412,443,14,5,9,7,5,2
55453702,83,45,38,83,45,38,0,0,0,49,26,23,81,44,37,83,45,38,0,0,0,0,0,0
55453703,400,207,193,397,204,193,3,3,0,263,144,119,387,200,187,394,202,192,3,3,0,3,2,1
55453704,648,320,328,644,317,327,1,1,0,414,212,202,619,307,312,642,317,325,0,0,0,6,3,3
55453706,23,14,9,21,12,9,2,2,0,12,8,4,21,13,8,22,13,9,0,0,0,1,1,0
55453707,1492,735,757,1485,730,755,6,4,2,967,478,489,1451,714,737,1363,637,726,0,0,0,129,98,31
55453708,1306,663,643,1295,659,636,10,3,7,897,476,421,1274,647,627,1291,655,636,7,3,4,8,5,3
55453710,268,136,132,267,135,132,1,1,0,139,66,73,252,128,124,268,136,132,0,0,0,0,0,0
55453711,314,151,163,313,150,163,1,1,0,218,107,111,301,145,156,313,150,163,0,0,0,1,1,0
55453712,484,243,241,467,226,241,16,16,0,322,162,160,461,231,230,458,227,231,23,13,10,3,3,0
55453713,295,133,162,293,131,162,2,2,0,197,83,114,275,125,150,294,132,162,0,0,0,1,1,0
1146770,0,0,0,0,0,0,0,0,0,0,0,0,0,0,0,0,0,0,0,0,0,0,0,0
1146850,0,0,0,0,0,0,0,0,0,0,0,0,0,0,0,0,0,0,0,0,0,0,0,0
1147740,0,0,0,0,0,0,0,0,0,0,0,0,0,0,0,0,0,0,0,0,0,0,0,0
1148120,0,0,0,0,0,0,0,0,0,0,0,0,0,0,0,0,0,0,0,0,0,0,0,0
1148390,0,0,0,0,0,0,0,0,0,0,0,0,0,0,0,0,0,0,0,0,0,0,0,0
1148630,0,0,0,0,0,0,0,0,0,0,0,0,0,0,0,0,0,0,0,0,0,0,0,0
1148710,0,0,0,0,0,0,0,0,0,0,0,0,0,0,0,0,0,0,0,0,0,0,0,0
1148980,0,0,0,0,0,0,0,0,0,0,0,0,0,0,0,0,0,0,0,0,0,0,0,0
1149010,0,0,0,0,0,0,0,0,0,0,0,0,0,0,0,0,0,0,0,0,0,0,0,0
1149950,0,0,0,0,0,0,0,0,0,0,0,0,0,0,0,0,0,0,0,0,0,0,0,0
3054810,0,0,0,0,0,0,0,0,0,0,0,0,0,0,0,0,0,0,0,0,0,0,0,0
54604601,252,119,133,252,119,133,0,0,0,170,85,85,249,117,132,252,119,133,0,0,0,0,0,0
54604602,724,353,371,724,353,371,0,0,0,535,268,267,712,348,364,723,352,371,0,0,0,1,1,0
54604603,1951,944,1007,1930,933,997,20,10,10,1314,659,655,1877,905,972,1895,930,965,53,12,41,3,2,1
54604604,90,50,40,90,50,40,0,0,0,67,41,26,89,49,40,90,50,40,0,0,0,0,0,0
54604605,245,123,122,242,121,121,3,2,1,172,85,87,242,121,121,245,123,122,0,0,0,0,0,0
54604606,1037,497,540,1028,491,537,9,6,3,700,339,361,976,460,516,1034,495,539,2,1,1,1,1,0
54604607,3181,1554,1627,3112,1512,1600,65,39,26,2022,1025,997,3081,1506,1575,3062,1515,1547,117,37,80,2,2,0
54604609,484,247,237,479,244,235,4,3,1,344,184,160,466,234,232,482,245,237,0,0,0,2,2,0
54604610,504,244,260,503,243,260,0,0,0,357,173,184,494,240,254,504,244,260,0,0,0,0,0,0
54604611,1616,890,726,1570,856,714,43,32,11,863,454,409,1526,840,686,1250,620,630,2,1,1,364,269,95
54604612,272,137,135,270,136,134,1,1,0,192,93,99,266,134,132,266,134,132,5,2,3,1,1,0
54604613,585,284,301,573,275,298,12,9,3,391,190,201,553,264,289,580,280,300,2,2,0,3,2,1
54604614,1391,672,719,1317,635,682,66,34,32,794,389,405,1304,636,668,1248,614,634,142,57,85,1,1,0
54604615,25,13,12,25,13,12,0,0,0,18,7,11,25,13,12,25,13,12,0,0,0,0,0,0
54604616,1451,613,838,1422,598,824,26,14,12,815,348,467,1376,580,796,1258,575,683,193,38,155,0,0,0
54604617,194,100,94,185,95,90,9,5,4,133,67,66,184,94,90,192,98,94,1,1,0,1,1,0
54604618,186,98,88,185,97,88,1,1,0,116,65,51,173,94,79,186,98,88,0,0,0,0,0,0
54604619,846,419,427,836,413,423,9,5,4,564,284,280,814,399,415,846,419,427,0,0,0,0,0,0
54604620,256,118,138,250,114,136,5,4,1,165,77,88,238,108,130,255,117,138,0,0,0,1,1,0
54604621,43,20,23,43,20,23,0,0,0,27,12,15,42,19,23,43,20,23,0,0,0,0,0,0
54604622,90,53,37,86,50,36,4,3,1,51,24,27,86,51,35,86,49,37,3,3,0,1,1,0
54604623,786,784,2,747,745,2,2,2,0,240,238,2,574,572,2,0,0,0,786,784,2,0,0,0
54604624,965,509,456,952,500,452,13,9,4,657,357,300,922,488,434,924,488,436,41,21,20,0,0,0
54604625,428,213,215,410,200,210,17,12,5,265,130,135,397,194,203,420,209,211,8,4,4,0,0,0
54604626,264,127,137,263,127,136,1,0,1,170,88,82,260,126,134,259,124,135,0,0,0,5,3,2
54604628,787,375,412,781,369,412,5,5,0,564,273,291,755,359,396,776,370,406,7,3,4,4,2,2
54604629,297,146,151,297,146,151,0,0,0,229,111,118,296,146,150,297,146,151,0,0,0,0,0,0
54604630,1069,553,516,1054,540,514,14,12,2,622,319,303,1007,518,489,984,499,485,84,53,31,1,1,0
54604631,185,93,92,178,86,92,7,7,0,119,60,59,173,86,87,177,87,90,5,5,0,3,1,2
54604632,276,139,137,274,139,135,1,0,1,185,92,93,261,130,131,265,132,133,11,7,4,0,0,0
54604636,51,20,31,51,20,31,0,0,0,27,11,16,48,20,28,51,20,31,0,0,0,0,0,0
54604637,129,66,63,128,66,62,0,0,0,83,46,37,127,65,62,128,65,63,0,0,0,1,1,0
54604638,57,42,15,51,38,13,6,4,2,31,22,9,48,37,11,12,8,4,44,33,11,1,1,0
54604639,559,305,254,532,289,243,24,14,10,355,200,155,526,290,236,527,275,252,30,29,1,2,1,1
54604640,99,64,35,92,58,34,7,6,1,63,39,24,91,57,34,75,41,34,24,23,1,0,0,0
55423501,3958,1959,1999,3938,1946,1992,18,12,6,3125,1578,1547,3871,1918,1953,3918,1933,1985,5,2,3,35,24,11
55423502,22,11,11,22,11,11,0,0,0,22,11,11,21,10,11,19,10,9,0,0,0,3,1,2
1154790,0,0,0,0,0,0,0,0,0,0,0,0,0,0,0,0,0,0,0,0,0,0,0,0
55468501,150,81,69,148,81,67,2,0,2,105,57,48,143,75,68,96,48,48,54,33,21,0,0,0
55468502,564,279,285,561,276,285,3,3,0,428,209,219,553,272,281,564,279,285,0,0,0,0,0,0
55468504,90,36,54,90,36,54,0,0,0,67,22,45,87,36,51,90,36,54,0,0,0,0,0,0
55468505,194,102,92,192,101,91,2,1,1,141,73,68,188,99,89,194,102,92,0,0,0,0,0,0
55468506,125,62,63,125,62,63,0,0,0,83,42,41,125,62,63,125,62,63,0,0,0,0,0,0
55468509,3134,1537,1597,3098,1523,1575,31,13,18,2126,1076,1050,3047,1492,1555,3038,1470,1568,9,6,3,87,61,26
1154440,0,0,0,0,0,0,0,0,0,0,0,0,0,0,0,0,0,0,0,0,0,0,0,0
55471501,1828,883,945,1819,878,941,8,4,4,1348,653,695,1780,862,918,1794,862,932,18,8,10,16,13,3
1140570,0,0,0,0,0,0,0,0,0,0,0,0,0,0,0,0,0,0,0,0,0,0,0,0
1140650,0,0,0,0,0,0,0,0,0,0,0,0,0,0,0,0,0,0,0,0,0,0,0,0
55422701,3041,1558,1483,2956,1491,1465,71,59,12,1972,968,1004,2881,1451,1430,2851,1450,1401,157,75,82,33,33,0
55422702,340,108,232,337,107,230,3,1,2,159,54,105,267,89,178,159,74,85,181,34,147,0,0,0
55422704,980,481,499,974,477,497,6,4,2,595,293,302,932,455,477,979,480,499,0,0,0,1,1,0
55422706,1692,914,778,1668,897,771,21,14,7,977,526,451,1607,871,736,1463,750,713,22,7,15,207,157,50
55422709,55,30,25,54,29,25,1,1,0,38,22,16,53,29,24,52,27,25,3,3,0,0,0,0
55422710,250,126,124,245,124,121,4,1,3,171,87,84,236,119,117,237,118,119,13,8,5,0,0,0
55422711,1269,631,638,1242,613,629,24,16,8,722,361,361,1160,579,581,1142,579,563,126,52,74,1,0,1
55422712,26,15,11,23,12,11,0,0,0,11,6,5,25,15,10,22,12,10,3,3,0,1,0,1
59873901,343,166,177,343,166,177,0,0,0,165,91,74,333,163,170,343,166,177,0,0,0,0,0,0
59873902,74,38,36,74,38,36,0,0,0,26,14,12,72,38,34,74,38,36,0,0,0,0,0,0
59873903,2336,1183,1153,2331,1181,1150,4,2,2,1173,628,545,2236,1129,1107,2311,1168,1143,0,0,0,25,15,10
59879801,1075,536,539,1070,532,538,4,3,1,511,263,248,1021,507,514,1073,535,538,0,0,0,2,1,1
59879802,859,421,438,857,419,438,2,2,0,360,179,181,812,395,417,849,415,434,7,5,2,3,1,2
59879803,589,311,278,588,311,277,1,0,1,262,134,128,552,290,262,580,307,273,0,0,0,9,4,5
59879804,3755,1859,1896,3743,1854,1889,7,3,4,1574,805,769,3574,1769,1805,3676,1807,1869,2,0,2,77,52,25
59883601,2026,1012,1014,2014,1006,1008,6,3,3,857,442,415,1913,952,961,2009,998,1011,0,0,0,17,14,3
3250910,0,0,0,0,0,0,0,0,0,0,0,0,0,0,0,0,0,0,0,0,0,0,0,0
51088201,1989,973,1016,1984,969,1015,5,4,1,930,466,464,1917,936,981,1971,960,1011,0,0,0,18,13,5
59887901,1717,836,881,1707,829,878,8,5,3,778,388,390,1640,800,840,1704,827,877,0,0,0,13,9,4
59887902,797,393,404,795,391,404,0,0,0,355,173,182,755,371,384,795,392,403,0,0,0,2,1,1
59887903,4747,2323,2424,4730,2312,2418,16,10,6,2211,1141,1070,4533,2220,2313,4635,2235,2400,4,2,2,108,86,22
50029101,68,35,33,68,35,33,0,0,0,38,25,13,65,32,33,64,32,32,0,0,0,4,3,1
50029102,666,320,346,665,319,346,1,1,0,286,132,154,631,303,328,661,317,344,1,1,0,4,2,2
50029103,1997,1012,985,1995,1012,983,1,0,1,799,436,363,1924,976,948,1959,980,979,4,2,2,34,30,4
56844901,579,295,284,579,295,284,0,0,0,305,159,146,550,278,272,565,288,277,0,0,0,14,7,7
56844902,56,27,29,56,27,29,0,0,0,24,9,15,54,25,29,45,22,23,0,0,0,11,5,6
