kod_nadzsj_d,Obyvatelstvo celkem,Obyvatelstvo celkem - muži,Obyvatelstvo celkem - ženy,Obyvatelstvo - rodinný stav: svobodní  - celkem,Obyvatelstvo - rodinný stav: svobodní  - muži,Obyvatelstvo - rodinný stav: svobodní  - ženy,"Obyvatelstvo - rodinný stav: ženatí, vdané - celkem","Obyvatelstvo - rodinný stav: ženatí, vdané - muži","Obyvatelstvo - rodinný stav: ženatí, vdané - ženy",Obyvatelstvo - rodinný stav: rozvedení - celkem,Obyvatelstvo - rodinný stav: rozvedení - muži,Obyvatelstvo - rodinný stav: rozvedení - ženy,Obyvatelstvo - rodinný stav: ovdovělí - celkem,Obyvatelstvo - rodinný stav: ovdovělí - muži,Obyvatelstvo - rodinný stav: ovdovělí - ženy,Obyvatelstvo - rodinný stav: nezjištěno - celkem,Obyvatelstvo - rodinný stav: nezjištěno - muži,Obyvatelstvo - rodinný stav: nezjištěno - ženy
1270600,0,0,0,0,0,0,0,0,0,0,0,0,0,0,0,0,0,0
1271590,0,0,0,0,0,0,0,0,0,0,0,0,0,0,0,0,0,0
3182130,0,0,0,0,0,0,0,0,0,0,0,0,0,0,0,0,0,0
3182640,0,0,0,0,0,0,0,0,0,0,0,0,0,0,0,0,0,0
50005401,977,500,477,445,254,191,340,181,159,117,52,65,66,8,58,9,5,4
50005402,1895,973,922,929,515,414,583,305,278,249,120,129,99,17,82,33,14,19
50005403,1691,885,806,807,441,366,464,251,213,261,146,115,106,19,87,51,26,25
50005404,2686,1408,1278,1402,787,615,733,375,358,358,175,183,120,24,96,65,39,26
50005405,2343,1146,1197,1246,642,604,644,323,321,278,120,158,85,12,73,78,44,34
50005407,3178,1598,1580,1689,885,804,900,450,450,375,189,186,133,26,107,69,36,33
50005408,4365,2377,1988,2435,1400,1035,1021,536,485,597,332,265,183,31,152,120,69,51
50005409,1655,860,795,897,488,409,405,213,192,201,88,113,70,17,53,75,47,28
50005411,1377,638,739,712,333,379,393,196,197,172,81,91,74,15,59,19,6,13
50005412,2101,1058,1043,1009,549,460,689,346,343,264,123,141,97,15,82,35,20,15
50005413,28,16,12,13,9,4,5,3,2,5,2,3,3,0,3,0,0,0
50005414,90,51,39,42,27,15,38,20,18,6,3,3,3,0,3,1,1,0
50005416,581,314,267,289,171,118,192,93,99,53,31,22,32,6,26,10,8,2
1318060,0,0,0,0,0,0,0,0,0,0,0,0,0,0,0,0,0,0
1318570,0,0,0,0,0,0,0,0,0,0,0,0,0,0,0,0,0,0
1324620,0,0,0,0,0,0,0,0,0,0,0,0,0,0,0,0,0,0
1324710,0,0,0,0,0,0,0,0,0,0,0,0,0,0,0,0,0,0
3174620,0,0,0,0,0,0,0,0,0,0,0,0,0,0,0,0,0,0
3183960,0,0,0,0,0,0,0,0,0,0,0,0,0,0,0,0,0,0
50022401,42,6,36,3,0,3,2,1,1,8,0,8,29,5,24,0,0,0
50022402,2058,1008,1050,1113,588,525,604,298,306,200,85,115,73,5,68,65,29,36
50022404,1094,538,556,506,257,249,420,215,205,102,45,57,47,8,39,14,8,6
50022405,541,265,276,350,175,175,113,60,53,54,19,35,12,4,8,11,7,4
50022406,918,427,491,424,227,197,286,141,145,126,47,79,72,6,66,10,6,4
50022407,333,177,156,190,109,81,116,58,58,15,5,10,2,0,2,10,5,5
50022408,5734,2776,2958,3071,1610,1461,1493,751,742,749,297,452,304,54,250,93,49,44
50022409,97,56,41,46,35,11,34,16,18,12,4,8,5,1,4,0,0,0
50022410,316,152,164,133,70,63,117,59,58,40,18,22,25,4,21,1,1,0
50022411,4429,2040,2389,2304,1149,1155,1263,632,631,575,200,375,223,31,192,55,21,34
50022413,5328,2506,2822,2624,1363,1261,1601,802,799,679,257,422,376,66,310,38,12,26
50022414,3086,1765,1321,1477,943,534,763,381,382,619,390,229,208,40,168,18,11,7
50022415,3828,1808,2020,2042,1053,989,1030,511,519,451,181,270,249,34,215,46,21,25
50022416,4829,2317,2512,2531,1297,1234,1297,660,637,653,267,386,260,38,222,81,48,33
50022417,2265,1050,1215,1039,521,518,749,375,374,262,112,150,186,27,159,25,11,14
50022418,2828,1423,1405,1736,942,794,668,331,337,259,97,162,80,12,68,78,34,44
50022419,3736,1765,1971,2040,1021,1019,1071,529,542,402,154,248,133,15,118,76,34,42
50022421,27,22,5,14,12,2,5,3,2,8,7,1,0,0,0,0,0,0
50022422,2798,1314,1484,1139,618,521,1117,555,562,300,91,209,225,43,182,17,7,10
50022424,156,87,69,90,52,38,21,11,10,31,19,12,9,2,7,5,3,2
50022425,250,125,125,104,62,42,101,51,50,25,7,18,19,4,15,1,1,0
50022426,1219,593,626,648,340,308,391,189,202,127,48,79,27,4,23,26,12,14
50022427,4497,2170,2327,2194,1173,1021,1452,727,725,539,212,327,272,42,230,36,14,22
50022428,2945,1407,1538,1371,723,648,996,504,492,334,137,197,219,30,189,24,12,12
50022429,1436,643,793,683,334,349,444,226,218,164,58,106,132,20,112,11,5,6
50022430,3908,1844,2064,1704,920,784,1531,755,776,379,124,255,269,30,239,19,11,8
50022431,1077,483,594,463,223,240,373,184,189,141,52,89,98,22,76,2,2,0
50022432,4072,1927,2145,2070,1089,981,1127,553,574,603,225,378,216,29,187,44,19,25
50022433,2303,1107,1196,1122,595,527,695,349,346,297,123,174,163,25,138,17,7,10
50022434,4594,2192,2402,2224,1167,1057,1440,727,713,603,219,384,261,39,222,59,33,26
50022436,1194,573,621,535,285,250,431,212,219,136,53,83,85,19,66,6,3,3
50022437,4021,1882,2139,1699,901,798,1515,755,760,459,169,290,320,44,276,26,11,15
50022438,2118,1001,1117,934,490,444,799,396,403,211,80,131,163,28,135,9,5,4
50022439,165,128,37,67,54,13,25,21,4,63,47,16,3,1,2,7,5,2
50022440,7519,3399,4120,3478,1796,1682,2294,1132,1162,978,337,641,686,98,588,74,30,44
50022441,580,263,317,285,144,141,166,81,85,102,29,73,26,8,18,1,1,0
50022442,2849,1268,1581,1193,604,589,988,496,492,345,116,229,300,41,259,17,7,10
50022443,117,77,40,59,45,14,11,5,6,34,23,11,9,2,7,4,2,2
50022444,2041,993,1048,1112,556,556,639,323,316,211,94,117,54,5,49,22,13,9
50022445,4424,2071,2353,1973,1044,929,1426,723,703,556,202,354,424,79,345,40,20,20
50022446,74,43,31,31,20,11,27,15,12,12,5,7,3,2,1,1,1,0
50022447,4492,2158,2334,1937,1042,895,1613,803,810,559,239,320,360,58,302,23,16,7
50022448,5487,2717,2770,2640,1408,1232,1837,937,900,662,293,369,293,49,244,43,20,23
50022449,121,51,70,52,22,30,37,17,20,15,5,10,15,5,10,2,2,0
50022450,2398,1080,1318,959,488,471,900,447,453,289,105,184,233,33,200,15,5,10
50022451,3274,1548,1726,1418,754,664,1087,544,543,455,190,265,288,48,240,22,12,10
50022452,615,310,305,352,183,169,157,81,76,78,39,39,19,3,16,9,4,5
50022453,1888,889,999,892,467,425,655,318,337,212,73,139,101,15,86,22,12,10
50022454,54,28,26,22,12,10,24,13,11,6,3,3,2,0,2,0,0,0
50022455,202,104,98,97,56,41,56,31,25,37,15,22,10,2,8,2,0,2
1282440,0,0,0,0,0,0,0,0,0,0,0,0,0,0,0,0,0,0
3157700,0,0,0,0,0,0,0,0,0,0,0,0,0,0,0,0,0,0
54703402,2799,1386,1413,1375,700,675,1033,523,510,309,138,171,64,15,49,16,8,8
54703403,1023,457,566,452,226,226,321,160,161,163,59,104,80,9,71,6,2,4
54703404,5267,2484,2783,2205,1191,1014,1944,970,974,662,230,432,428,75,353,26,18,8
54703405,1873,934,939,753,423,330,819,413,406,155,64,91,138,31,107,8,3,5
54703407,7674,3527,4147,3152,1643,1509,2900,1445,1455,1003,312,691,560,96,464,54,29,25
54703408,4893,2300,2593,1970,1077,893,1858,920,938,664,225,439,368,57,311,29,18,11
54703409,5651,2739,2912,2238,1241,997,2342,1173,1169,684,244,440,346,58,288,40,22,18
54703410,5529,2660,2869,2231,1233,998,2305,1138,1167,671,212,459,287,53,234,33,24,9
54703411,108,51,57,52,28,24,37,19,18,12,2,10,5,0,5,1,1,0
54703412,323,221,102,120,79,41,143,104,39,55,37,18,4,0,4,1,1,0
54703413,5984,2849,3135,2551,1360,1191,2221,1102,1119,785,282,503,379,78,301,41,22,19
54703414,2979,1453,1526,1305,703,602,1153,582,571,351,124,227,148,28,120,19,14,5
54703415,4123,1909,2214,1691,875,816,1523,757,766,596,206,390,287,56,231,24,15,9
54703417,1817,819,998,687,369,318,690,340,350,178,68,110,256,41,215,6,1,5
54703418,5336,2720,2616,2313,1333,980,1753,870,883,898,431,467,334,66,268,35,18,17
54703419,2042,1007,1035,1122,576,546,757,378,379,125,40,85,20,2,18,17,11,6
54703420,4899,2314,2585,1984,1083,901,1813,911,902,710,252,458,356,52,304,28,14,14
54703421,6262,3040,3222,2561,1394,1167,2522,1261,1261,744,271,473,388,83,305,40,25,15
54703422,3520,1576,1944,1314,687,627,1375,686,689,406,136,270,401,58,343,21,9,12
1284490,0,0,0,0,0,0,0,0,0,0,0,0,0,0,0,0,0,0
1284570,0,0,0,0,0,0,0,0,0,0,0,0,0,0,0,0,0,0
1284730,0,0,0,0,0,0,0,0,0,0,0,0,0,0,0,0,0,0
1285380,0,0,0,0,0,0,0,0,0,0,0,0,0,0,0,0,0,0
1285540,0,0,0,0,0,0,0,0,0,0,0,0,0,0,0,0,0,0
1285970,0,0,0,0,0,0,0,0,0,0,0,0,0,0,0,0,0,0
3158000,0,0,0,0,0,0,0,0,0,0,0,0,0,0,0,0,0,0
3158420,0,0,0,0,0,0,0,0,0,0,0,0,0,0,0,0,0,0
3161720,0,0,0,0,0,0,0,0,0,0,0,0,0,0,0,0,0,0
3162700,0,0,0,0,0,0,0,0,0,0,0,0,0,0,0,0,0,0
3162880,0,0,0,0,0,0,0,0,0,0,0,0,0,0,0,0,0,0
3163180,0,0,0,0,0,0,0,0,0,0,0,0,0,0,0,0,0,0
3298270,0,0,0,0,0,0,0,0,0,0,0,0,0,0,0,0,0,0
54710701,73,35,38,33,16,17,29,15,14,10,4,6,1,0,1,0,0,0
54710702,22,13,9,6,5,1,11,6,5,1,1,0,4,1,3,0,0,0
54710703,1038,531,507,546,294,252,365,183,182,92,41,51,30,9,21,2,2,0
54710707,870,416,454,355,192,163,376,187,189,78,28,50,60,8,52,1,1,0
54710708,4595,2153,2442,1813,1002,811,1720,848,872,666,228,438,366,55,311,24,15,9
54710710,3234,1492,1742,1315,697,618,1219,602,617,441,155,286,244,32,212,10,4,6
54710711,5021,2370,2651,2198,1160,1038,1838,910,928,652,230,422,295,53,242,33,15,18
54710712,974,463,511,419,219,200,354,177,177,135,51,84,60,14,46,4,0,4
54710713,5305,2477,2828,2218,1148,1070,2052,1026,1026,680,236,444,331,51,280,24,16,8
54710714,26,13,13,7,4,3,16,8,8,0,0,0,3,1,2,0,0,0
54710715,1304,633,671,739,370,369,467,229,238,81,29,52,9,1,8,6,3,3
54710716,513,239,274,228,108,120,206,99,107,49,25,24,30,7,23,0,0,0
54710717,2028,953,1075,802,423,379,817,409,408,220,92,128,187,28,159,2,1,1
54710718,4427,2161,2266,1969,1050,919,1695,847,848,518,209,309,217,45,172,21,10,11
54710719,335,165,170,132,73,59,141,71,70,36,15,21,25,5,20,1,1,0
54710720,173,89,84,110,65,45,51,22,29,10,2,8,1,0,1,1,0,1
54710721,506,250,256,203,115,88,205,102,103,57,27,30,40,5,35,1,1,0
54710722,146,75,71,65,38,27,59,30,29,16,6,10,6,1,5,0,0,0
54710723,4802,2284,2518,2067,1084,983,1832,913,919,635,229,406,229,34,195,30,18,12
54710724,2639,1475,1164,1235,757,478,878,448,430,385,230,155,122,29,93,12,6,6
54710725,5598,2682,2916,2340,1240,1100,2233,1122,1111,685,252,433,309,51,258,27,16,11
54710726,4864,2422,2442,1988,1110,878,1865,965,900,609,230,379,322,59,263,75,54,21
54710728,677,345,332,372,184,188,218,118,100,63,33,30,11,2,9,10,5,5
54710729,2831,1342,1489,1467,722,745,976,485,491,256,103,153,105,16,89,21,11,10
54710730,731,379,352,425,234,191,234,116,118,57,23,34,9,3,6,5,2,3
54710731,1974,965,1009,833,432,401,811,410,401,203,90,113,117,28,89,9,5,4
54710734,1854,896,958,791,428,363,710,361,349,224,83,141,124,22,102,5,2,3
54710735,31,18,13,21,12,9,8,4,4,2,2,0,0,0,0,0,0,0
3163690,0,0,0,0,0,0,0,0,0,0,0,0,0,0,0,0,0,0
3168650,0,0,0,0,0,0,0,0,0,0,0,0,0,0,0,0,0,0
3168730,0,0,0,0,0,0,0,0,0,0,0,0,0,0,0,0,0,0
3168810,0,0,0,0,0,0,0,0,0,0,0,0,0,0,0,0,0,0
3168900,0,0,0,0,0,0,0,0,0,0,0,0,0,0,0,0,0,0
3169030,0,0,0,0,0,0,0,0,0,0,0,0,0,0,0,0,0,0
3182210,0,0,0,0,0,0,0,0,0,0,0,0,0,0,0,0,0,0
3183700,0,0,0,0,0,0,0,0,0,0,0,0,0,0,0,0,0,0
3205520,0,0,0,0,0,0,0,0,0,0,0,0,0,0,0,0,0,0
53969401,38,19,19,17,8,9,18,9,9,3,2,1,0,0,0,0,0,0
53969402,4950,2333,2617,2169,1148,1021,1864,916,948,672,208,464,211,40,171,32,21,11
53969403,97,46,51,37,18,19,53,26,27,4,1,3,3,1,2,0,0,0
53969404,5275,2689,2586,2626,1455,1171,1699,846,853,715,322,393,179,32,147,53,32,21
53969405,6011,2871,3140,2419,1269,1150,2489,1248,1241,752,263,489,290,59,231,46,24,22
53969406,2805,1392,1413,1460,765,695,975,479,496,277,121,156,65,11,54,23,13,10
53969407,1901,906,995,1096,542,554,590,293,297,160,50,110,28,6,22,24,13,11
53969408,4452,2068,2384,1800,938,862,1766,879,887,565,193,372,300,48,252,18,8,10
53969410,335,173,162,175,102,73,118,58,60,32,12,20,9,1,8,1,0,1
53969411,391,321,70,122,98,24,205,173,32,38,28,10,3,2,1,23,20,3
53969412,4523,2184,2339,2024,1092,932,1721,849,872,543,197,346,184,24,160,44,17,27
53969413,10255,4894,5361,4733,2480,2253,3873,1913,1960,1246,398,848,323,60,263,70,35,35
53969414,689,328,361,366,189,177,241,118,123,48,13,35,23,3,20,6,2,4
53969415,171,86,85,86,45,41,72,36,36,9,4,5,2,1,1,2,0,2
53969416,2294,1149,1145,970,533,437,1026,510,516,171,76,95,116,23,93,10,7,3
53969417,1098,557,541,477,259,218,438,222,216,100,48,52,67,16,51,13,9,4
53969419,5969,2854,3115,2376,1260,1116,2519,1244,1275,699,264,435,336,65,271,37,21,16
53969420,4802,2386,2416,2378,1295,1083,1731,857,874,494,167,327,134,23,111,56,36,20
53969421,2914,1444,1470,1487,778,709,1022,528,494,288,95,193,66,11,55,49,30,19
53969422,565,272,293,222,115,107,257,131,126,45,16,29,34,7,27,5,2,3
53969423,145,74,71,61,34,27,63,32,31,13,6,7,8,2,6,0,0,0
53969424,441,229,212,170,105,65,203,101,102,35,16,19,29,3,26,2,2,0
53969425,30,15,15,15,7,8,12,6,6,3,2,1,0,0,0,0,0,0
53969426,38,30,8,21,18,3,14,10,4,2,1,1,1,1,0,0,0,0
1316610,0,0,0,0,0,0,0,0,0,0,0,0,0,0,0,0,0,0
1316950,0,0,0,0,0,0,0,0,0,0,0,0,0,0,0,0,0,0
3065250,0,0,0,0,0,0,0,0,0,0,0,0,0,0,0,0,0,0
3170120,0,0,0,0,0,0,0,0,0,0,0,0,0,0,0,0,0,0
3170550,0,0,0,0,0,0,0,0,0,0,0,0,0,0,0,0,0,0
3172090,0,0,0,0,0,0,0,0,0,0,0,0,0,0,0,0,0,0
54736101,251,126,125,116,60,56,111,54,57,17,7,10,6,4,2,1,1,0
54736102,266,129,137,121,64,57,101,51,50,30,12,18,12,1,11,2,1,1
54736103,173,91,82,111,62,49,35,15,20,20,10,10,2,1,1,5,3,2
54736104,3913,1897,2016,1812,1004,808,1306,646,660,554,186,368,205,38,167,29,17,12
54736105,3670,1841,1829,1788,1007,781,1043,543,500,496,203,293,269,47,222,64,36,28
54736106,2255,1132,1123,984,543,441,805,408,397,277,133,144,166,40,126,19,6,13
54736109,138,70,68,82,43,39,43,22,21,10,5,5,2,0,2,1,0,1
54736110,51,29,22,29,16,13,16,9,7,6,4,2,0,0,0,0,0,0
54736111,5960,2968,2992,2715,1495,1220,2250,1117,1133,760,288,472,191,42,149,38,21,17
54736112,3570,1675,1895,1701,903,798,1088,534,554,655,211,444,107,20,87,12,5,7
54736113,718,360,358,382,196,186,223,125,98,90,32,58,18,3,15,5,4,1
54736114,6778,3252,3526,3117,1605,1512,2496,1255,1241,895,315,580,204,37,167,55,32,23
54736115,1050,518,532,580,293,287,358,183,175,80,36,44,18,2,16,14,4,10
54736116,4390,2324,2066,1878,1144,734,1520,768,752,694,346,348,257,48,209,38,16,22
54736117,43,24,19,10,6,4,22,13,9,9,4,5,1,0,1,1,1,0
54736118,3015,1521,1494,1463,795,668,1111,564,547,289,123,166,118,23,95,30,14,16
54736119,283,139,144,150,82,68,95,46,49,26,9,17,12,2,10,0,0,0
54736120,208,179,29,69,59,10,122,109,13,9,5,4,3,2,1,5,4,1
54736121,1394,710,684,627,349,278,553,279,274,145,61,84,56,13,43,13,8,5
54736122,1605,820,785,914,488,426,495,247,248,158,71,87,19,5,14,19,9,10
54736123,2247,1131,1116,964,528,436,924,461,463,248,120,128,101,18,83,8,3,5
54736124,49,44,5,7,7,0,37,32,5,2,2,0,0,0,0,3,3,0
54736125,1187,575,612,505,262,243,486,244,242,113,50,63,78,15,63,4,3,1
54736126,2478,1239,1239,1283,693,590,901,453,448,192,73,119,87,15,72,14,5,9
54736127,1322,642,680,623,318,305,525,266,259,107,45,62,54,8,46,11,3,8
1318650,0,0,0,0,0,0,0,0,0,0,0,0,0,0,0,0,0,0
3060450,0,0,0,0,0,0,0,0,0,0,0,0,0,0,0,0,0,0
3174200,0,0,0,0,0,0,0,0,0,0,0,0,0,0,0,0,0,0
3183880,0,0,0,0,0,0,0,0,0,0,0,0,0,0,0,0,0,0
54738701,58,32,26,24,16,8,21,11,10,6,4,2,3,0,3,2,1,1
54738702,1915,928,987,832,429,403,758,380,378,203,91,112,111,21,90,11,7,4
54738703,138,74,64,59,38,21,50,25,25,21,9,12,6,1,5,2,1,1
54738704,68,43,25,22,16,6,33,18,15,9,8,1,4,1,3,0,0,0
54738705,184,112,72,80,50,30,53,32,21,30,14,16,2,0,2,19,16,3
54738707,3899,1851,2048,1863,948,915,1382,694,688,404,163,241,219,29,190,30,16,14
54738708,4949,2366,2583,2076,1121,955,1885,953,932,566,195,371,359,62,297,52,28,24
54738709,509,257,252,212,118,94,222,116,106,46,20,26,29,3,26,0,0,0
54738710,1551,746,805,691,355,336,618,310,308,154,66,88,77,10,67,10,4,6
54738711,3488,1662,1826,1471,757,714,1368,691,677,415,158,257,216,47,169,12,5,7
54738713,2402,1186,1216,1311,673,638,830,415,415,201,76,125,31,4,27,25,14,11
54738714,5140,2455,2685,2444,1266,1178,1864,931,933,648,218,430,155,24,131,23,13,10
54738715,1805,882,923,1033,523,510,556,278,278,167,71,96,31,2,29,13,6,7
54738716,3458,1774,1684,1596,910,686,1187,594,593,505,240,265,159,27,132,10,3,7
54738717,161,86,75,91,51,40,62,33,29,6,2,4,2,0,2,0,0,0
54738719,5442,2515,2927,2431,1245,1186,1958,969,989,718,232,486,307,55,252,25,13,12
3061850,0,0,0,0,0,0,0,0,0,0,0,0,0,0,0,0,0,0
53960102,40,26,14,15,10,5,13,10,3,6,4,2,2,1,1,4,1,3
53960103,5585,2784,2801,2404,1312,1092,2188,1106,1082,617,283,334,335,54,281,36,26,10
53960104,21,11,10,11,6,5,5,2,3,4,3,1,1,0,1,0,0,0
53960106,27,12,15,13,7,6,10,4,6,2,1,1,2,0,2,0,0,0
53960107,184,100,84,77,50,27,67,34,33,27,12,15,11,3,8,2,1,1
53960108,2095,1019,1076,940,494,446,761,385,376,259,116,143,130,20,110,3,2,1
53960110,510,295,215,234,147,87,176,92,84,74,49,25,23,6,17,2,1,1
54717401,6045,2850,3195,2569,1363,1206,2353,1167,1186,786,247,539,313,62,251,23,10,13
54717402,45,30,15,16,7,9,11,8,3,16,15,1,2,0,2,0,0,0
54717403,2007,959,1048,858,447,411,816,407,409,181,75,106,144,26,118,8,4,4
54717404,798,363,435,350,163,187,321,157,164,82,33,49,39,8,31,4,0,4
54717405,7203,3524,3679,3231,1796,1435,2544,1240,1304,1061,410,651,328,53,275,34,20,14
54717406,595,297,298,287,150,137,252,129,123,36,13,23,17,3,14,3,2,1
54717407,5768,2792,2976,2543,1355,1188,2122,1058,1064,727,278,449,321,69,252,46,26,20
1311720,0,0,0,0,0,0,0,0,0,0,0,0,0,0,0,0,0,0
1314400,0,0,0,0,0,0,0,0,0,0,0,0,0,0,0,0,0,0
54741701,54,26,28,15,9,6,26,13,13,5,2,3,8,2,6,0,0,0
54741702,377,207,170,216,131,85,135,66,69,21,9,12,2,1,1,1,0,1
54741703,325,150,175,183,92,91,101,47,54,31,10,21,6,0,6,4,1,3
54741704,10945,5319,5626,5034,2649,2385,3998,2017,1981,1240,465,775,561,120,441,92,55,37
54741705,3822,1921,1901,1711,939,772,1413,719,694,497,217,280,184,35,149,17,11,6
54741706,4358,2158,2200,2508,1271,1237,1413,721,692,329,135,194,50,8,42,56,23,33
54741707,29,21,8,19,16,3,7,4,3,2,0,2,1,1,0,0,0,0
54741708,1668,808,860,932,481,451,537,262,275,145,54,91,36,6,30,16,5,11
54741709,124,62,62,49,24,25,53,27,26,17,10,7,4,0,4,1,1,0
1311990,0,0,0,0,0,0,0,0,0,0,0,0,0,0,0,0,0,0
3170390,0,0,0,0,0,0,0,0,0,0,0,0,0,0,0,0,0,0
54734401,230,110,120,108,59,49,84,43,41,22,6,16,16,2,14,0,0,0
54734402,860,440,420,356,191,165,347,176,171,110,57,53,45,14,31,0,0,0
54734404,205,106,99,134,72,62,54,29,25,10,4,6,2,0,2,5,1,4
54734405,21,10,11,5,3,2,10,5,5,2,0,2,4,2,2,0,0,0
54734406,2535,1247,1288,1140,604,536,1013,519,494,221,97,124,147,20,127,13,6,7
54734407,3365,1632,1733,1661,869,792,1105,565,540,399,157,242,180,33,147,19,7,12
1272300,0,0,0,0,0,0,0,0,0,0,0,0,0,0,0,0,0,0
3057910,0,0,0,0,0,0,0,0,0,0,0,0,0,0,0,0,0,0
3058040,0,0,0,0,0,0,0,0,0,0,0,0,0,0,0,0,0,0
3182050,0,0,0,0,0,0,0,0,0,0,0,0,0,0,0,0,0,0
50008901,1651,821,830,910,482,428,451,225,226,193,88,105,61,7,54,31,14,17
50008902,685,355,330,380,203,177,180,99,81,78,26,52,22,9,13,25,18,7
50008903,2662,1286,1376,1413,737,676,671,335,336,354,153,201,137,20,117,80,34,46
50008904,1497,779,718,879,486,393,345,171,174,143,69,74,57,13,44,69,36,33
50008905,2606,1294,1312,1341,724,617,773,398,375,320,119,201,101,12,89,64,37,27
50008906,2950,1479,1471,1500,802,698,835,424,411,349,160,189,145,23,122,115,66,49
50008907,1944,942,1002,1079,551,528,523,260,263,232,92,140,75,17,58,29,19,10
50008908,4353,2215,2138,2300,1264,1036,1293,665,628,446,183,263,172,19,153,124,71,53
50008909,6303,3252,3051,3369,1863,1506,1643,845,798,798,380,418,271,42,229,202,102,100
50008910,2938,1420,1518,1577,814,763,796,404,392,313,128,185,148,24,124,96,47,49
50008912,4203,2105,2098,2203,1183,1020,1273,648,625,444,185,259,162,18,144,112,62,50
50008913,4858,2347,2511,2630,1347,1283,1414,710,704,477,189,288,213,35,178,108,51,57
50008914,56,50,6,29,26,3,3,2,1,13,12,1,0,0,0,11,10,1
50008916,2547,1262,1285,1337,705,632,776,390,386,231,99,132,99,14,85,94,44,50
50008917,2003,1006,997,1086,567,519,550,285,265,222,98,124,89,20,69,52,32,20
50008918,4149,2089,2060,2261,1227,1034,1062,543,519,561,225,336,174,39,135,83,47,36
3065170,0,0,0,0,0,0,0,0,0,0,0,0,0,0,0,0,0,0
3170710,0,0,0,0,0,0,0,0,0,0,0,0,0,0,0,0,0,0
3170980,0,0,0,0,0,0,0,0,0,0,0,0,0,0,0,0,0,0
3172330,0,0,0,0,0,0,0,0,0,0,0,0,0,0,0,0,0,0
3172680,0,0,0,0,0,0,0,0,0,0,0,0,0,0,0,0,0,0
3249060,0,0,0,0,0,0,0,0,0,0,0,0,0,0,0,0,0,0
53821301,3280,1595,1685,1448,772,676,1249,621,628,406,169,237,159,26,133,13,5,8
53821302,38,28,10,14,11,3,12,9,3,9,6,3,2,1,1,1,1,0
53821304,37,22,15,20,12,8,10,7,3,7,3,4,0,0,0,0,0,0
53821307,36,24,12,11,7,4,14,8,6,10,8,2,1,1,0,0,0,0
53821308,7273,3580,3693,2964,1623,1341,3075,1541,1534,743,314,429,455,78,377,30,20,10
53821309,331,201,130,136,88,48,113,71,42,38,26,12,9,0,9,35,16,19
53821310,329,167,162,161,86,75,128,65,63,28,13,15,12,3,9,0,0,0
53821311,3890,1897,1993,1684,913,771,1505,760,745,422,160,262,246,45,201,31,17,14
53821312,89,44,45,42,22,20,34,16,18,11,6,5,2,0,2,0,0,0
3173220,0,0,0,0,0,0,0,0,0,0,0,0,0,0,0,0,0,0
53894901,36,19,17,16,9,7,16,8,8,3,2,1,1,0,1,0,0,0
53894902,7183,3598,3585,2986,1626,1360,3166,1602,1564,634,280,354,371,73,298,24,17,7
53894903,2261,1101,1160,938,508,430,949,477,472,249,89,160,119,25,94,4,2,2
53894904,949,457,492,452,231,221,389,191,198,82,34,48,24,0,24,2,1,1
3175010,0,0,0,0,0,0,0,0,0,0,0,0,0,0,0,0,0,0
3175510,0,0,0,0,0,0,0,0,0,0,0,0,0,0,0,0,0,0
3176410,0,0,0,0,0,0,0,0,0,0,0,0,0,0,0,0,0,0
3297540,0,0,0,0,0,0,0,0,0,0,0,0,0,0,0,0,0,0
53893101,703,357,346,316,181,135,302,150,152,57,20,37,27,5,22,1,1,0
53893103,77,39,38,38,22,16,19,10,9,16,6,10,3,0,3,1,1,0
53893104,2495,1203,1292,1379,694,685,820,402,418,225,83,142,45,9,36,20,10,10
53893106,81,46,35,45,27,18,24,11,13,7,6,1,5,2,3,0,0,0
53893107,5957,2994,2963,2694,1484,1210,2265,1153,1112,687,289,398,276,51,225,29,15,14
53893109,2382,1137,1245,1299,661,638,795,396,399,241,70,171,35,5,30,11,4,7
53893110,861,392,469,420,201,219,300,144,156,84,34,50,44,6,38,9,4,5
53893111,1347,656,691,702,353,349,498,250,248,123,48,75,13,1,12,10,3,7
1274000,0,0,0,0,0,0,0,0,0,0,0,0,0,0,0,0,0,0
50009701,32,19,13,21,14,7,3,2,1,8,3,5,0,0,0,0,0,0
50009702,1476,721,755,757,397,360,465,228,237,138,62,76,72,12,60,42,20,22
50009703,128,70,58,78,39,39,26,15,11,14,10,4,4,1,3,4,3,1
50009704,5783,2773,3010,3034,1577,1457,1518,763,755,760,299,461,330,58,272,132,68,64
50009705,3528,1974,1554,2042,1205,837,756,383,373,567,326,241,83,15,68,67,36,31
50009706,51,29,22,28,15,13,15,10,5,3,2,1,3,1,2,2,1,1
50009707,51,38,13,26,20,6,8,6,2,17,12,5,0,0,0,0,0,0
50009708,3012,1447,1565,1418,771,647,942,475,467,362,143,219,260,43,217,25,13,12
50009709,5402,2597,2805,2836,1457,1379,1460,747,713,713,285,428,297,47,250,68,39,29
50009710,3329,1504,1825,1536,798,738,1021,499,522,378,132,246,346,46,300,43,24,19
50009711,3658,1775,1883,1915,1001,914,1068,543,525,380,147,233,208,43,165,80,35,45
50009712,1108,542,566,644,321,323,381,187,194,56,24,32,5,0,5,18,7,11
50009713,5372,2700,2672,3178,1658,1520,1242,634,608,573,261,312,179,30,149,182,106,76
50009714,2494,1190,1304,1068,550,518,1033,517,516,232,80,152,129,26,103,31,16,15
50009715,2297,1069,1228,1294,627,667,585,289,296,259,104,155,115,23,92,37,22,15
50009716,4273,2227,2046,2551,1403,1148,1012,513,499,450,207,243,98,16,82,147,74,73
50009717,7102,3501,3601,3897,2074,1823,1888,934,954,895,376,519,269,43,226,129,60,69
50009718,4239,2076,2163,2141,1154,987,1245,631,614,533,198,335,238,43,195,77,47,30
50009719,1965,991,974,1132,594,538,635,315,320,118,53,65,27,4,23,46,18,28
50009720,2957,1391,1566,1401,733,668,990,496,494,345,120,225,194,29,165,24,12,12
50009721,2916,1357,1559,1516,764,752,780,390,390,387,145,242,169,27,142,55,24,31
50009722,3954,1934,2020,2144,1128,1016,1091,556,535,447,174,273,178,25,153,88,45,43
50009723,3726,1835,1891,1938,1021,917,1112,561,551,393,169,224,185,38,147,93,42,51
50009724,4377,2061,2316,2179,1108,1071,1287,648,639,542,210,332,260,33,227,97,52,45
50009725,1077,536,541,644,333,311,355,175,180,53,19,34,9,2,7,13,7,6
1276710,0,0,0,0,0,0,0,0,0,0,0,0,0,0,0,0,0,0
1279140,0,0,0,0,0,0,0,0,0,0,0,0,0,0,0,0,0,0
1281040,0,0,0,0,0,0,0,0,0,0,0,0,0,0,0,0,0,0
3058120,0,0,0,0,0,0,0,0,0,0,0,0,0,0,0,0,0,0
3058470,0,0,0,0,0,0,0,0,0,0,0,0,0,0,0,0,0,0
3069160,0,0,0,0,0,0,0,0,0,0,0,0,0,0,0,0,0,0
3157960,0,0,0,0,0,0,0,0,0,0,0,0,0,0,0,0,0,0
3158180,0,0,0,0,0,0,0,0,0,0,0,0,0,0,0,0,0,0
3159150,0,0,0,0,0,0,0,0,0,0,0,0,0,0,0,0,0,0
3159230,0,0,0,0,0,0,0,0,0,0,0,0,0,0,0,0,0,0
3159310,0,0,0,0,0,0,0,0,0,0,0,0,0,0,0,0,0,0
3160410,0,0,0,0,0,0,0,0,0,0,0,0,0,0,0,0,0,0
3205100,0,0,0,0,0,0,0,0,0,0,0,0,0,0,0,0,0,0
3207810,0,0,0,0,0,0,0,0,0,0,0,0,0,0,0,0,0,0
50011901,274,143,131,180,96,84,69,34,35,16,10,6,4,1,3,5,2,3
50011902,2797,1379,1418,1264,670,594,1092,546,546,289,127,162,136,25,111,12,7,5
50011903,885,391,494,398,181,217,330,164,166,95,39,56,57,5,52,5,2,3
50011905,64,56,8,25,23,2,7,4,3,27,25,2,1,0,1,4,4,0
50011906,55,41,14,18,16,2,20,11,9,15,12,3,1,1,0,1,1,0
50011907,8389,3962,4427,3524,1917,1607,2929,1478,1451,1049,361,688,804,155,649,76,44,32
50011908,1411,654,757,666,342,324,439,222,217,177,68,109,117,16,101,12,6,6
50011909,2998,1442,1556,1219,648,571,1284,640,644,276,118,158,212,34,178,6,2,4
50011911,2687,1288,1399,1079,570,509,1090,545,545,293,122,171,210,47,163,15,4,11
50011912,209,104,105,202,99,103,3,2,1,1,1,0,0,0,0,3,2,1
50011913,354,171,183,143,77,66,156,77,79,30,11,19,24,5,19,1,1,0
50011914,1706,852,854,726,417,309,518,264,254,307,144,163,144,22,122,11,5,6
50011915,736,364,372,320,161,159,283,141,142,103,50,53,25,7,18,5,5,0
50011916,699,358,341,293,167,126,271,136,135,84,43,41,39,7,32,12,5,7
50011917,483,244,239,214,126,88,187,93,94,47,17,30,33,8,25,0,0,0
50011918,3796,1773,2023,1798,946,852,1230,611,619,426,158,268,305,41,264,37,17,20
50011919,51,22,29,31,14,17,9,3,6,5,2,3,0,0,0,6,3,3
50011920,7270,3289,3981,3024,1555,1469,2470,1231,1239,996,344,652,706,120,586,59,32,27
50011921,59,9,50,23,7,16,14,0,14,15,1,14,2,0,2,5,1,4
50011922,3388,1607,1781,1700,883,817,978,491,487,465,174,291,210,40,170,31,17,14
50011923,2668,1282,1386,1130,590,540,1124,568,556,269,103,166,131,14,117,14,7,7
50011924,1965,934,1031,834,468,366,686,344,342,229,73,156,189,32,157,25,15,10
50011926,1494,1024,470,840,590,250,160,88,72,444,330,114,38,9,29,10,6,4
50011927,1176,531,645,620,316,304,269,136,133,144,58,86,126,17,109,16,4,12
50011928,1737,865,872,767,409,358,691,348,343,236,97,139,38,9,29,5,2,3
50011930,2418,1186,1232,1050,558,492,943,482,461,216,91,125,181,37,144,21,13,8
50011931,140,76,64,77,44,33,45,22,23,15,9,6,0,0,0,3,1,2
50011932,270,122,148,114,60,54,97,46,51,33,11,22,24,4,20,2,1,1
50011933,394,196,198,228,123,105,123,59,64,23,6,17,7,1,6,10,4,6
50011934,5226,2442,2784,2405,1256,1149,1628,815,813,653,266,387,441,53,388,92,48,44
50011936,4514,2166,2348,2356,1220,1136,1345,688,657,502,193,309,230,28,202,67,26,41
50011937,238,107,131,130,64,66,76,34,42,25,9,16,3,0,3,3,0,3
50011938,4585,2196,2389,2096,1079,1017,1573,796,777,563,221,342,299,68,231,52,30,22
50011941,3416,1641,1775,1459,779,680,1270,644,626,419,150,269,229,47,182,31,17,14
50011943,5330,2567,2763,2679,1411,1268,1596,794,802,690,272,418,289,47,242,65,37,28
50011944,3900,1805,2095,1831,937,894,1202,595,607,508,205,303,315,48,267,38,16,22
50011945,2398,1162,1236,1298,664,634,666,325,341,286,129,157,108,18,90,33,20,13
50011947,109,53,56,61,30,31,35,18,17,13,5,8,0,0,0,0,0,0
50011948,5449,2582,2867,2886,1485,1401,1435,709,726,768,308,460,292,42,250,56,30,26
50011949,1301,1065,236,730,619,111,189,126,63,267,227,40,22,5,17,90,85,5
50011950,4366,2080,2286,2305,1167,1138,1273,629,644,518,211,307,185,25,160,75,40,35
50011951,5917,2911,3006,3378,1778,1600,1429,707,722,730,314,416,257,44,213,112,62,50
50011952,2247,1094,1153,1242,648,594,621,310,311,226,88,138,102,17,85,50,25,25
50011953,4647,2269,2378,2389,1274,1115,1369,690,679,542,216,326,273,43,230,62,34,28
50011954,25,15,10,15,11,4,8,4,4,1,0,1,1,0,1,0,0,0
50011955,2764,1293,1471,1336,692,644,874,432,442,337,125,212,185,23,162,28,19,9
50011956,2427,1224,1203,1180,638,542,885,444,441,215,95,120,108,24,84,36,22,14
50011957,2154,1001,1153,966,491,475,803,392,411,216,84,132,153,24,129,14,8,6
50011958,1548,722,826,683,369,314,558,278,280,171,53,118,121,13,108,15,9,6
50011959,46,25,21,23,15,8,18,9,9,1,0,1,3,0,3,1,1,0
50011960,2837,1296,1541,1228,641,587,936,465,471,401,134,267,239,35,204,27,17,10
50011961,24,15,9,14,8,6,1,1,0,9,6,3,0,0,0,0,0,0
50011962,2581,1226,1355,1092,594,498,874,439,435,367,148,219,233,38,195,13,7,6
50011963,762,373,389,292,163,129,320,158,162,83,39,44,66,12,54,1,1,0
50011965,109,51,58,59,31,28,29,13,16,18,7,11,2,0,2,1,0,1
50011966,2398,1134,1264,965,514,451,950,472,478,270,114,156,203,30,173,8,4,4
50011967,2810,1336,1474,1265,646,619,1087,544,543,271,105,166,172,30,142,11,8,3
50011969,3753,1750,2003,1847,937,910,1061,543,518,530,216,314,276,39,237,33,13,20
50011970,2503,1206,1297,1099,574,525,990,490,500,220,98,122,179,35,144,14,8,6
1287240,0,0,0,0,0,0,0,0,0,0,0,0,0,0,0,0,0,0
3058710,0,0,0,0,0,0,0,0,0,0,0,0,0,0,0,0,0,0
3058800,0,0,0,0,0,0,0,0,0,0,0,0,0,0,0,0,0,0
3058980,0,0,0,0,0,0,0,0,0,0,0,0,0,0,0,0,0,0
3059010,0,0,0,0,0,0,0,0,0,0,0,0,0,0,0,0,0,0
3163420,0,0,0,0,0,0,0,0,0,0,0,0,0,0,0,0,0,0
3207730,0,0,0,0,0,0,0,0,0,0,0,0,0,0,0,0,0,0
50014301,1078,524,554,560,286,274,358,174,184,103,47,56,35,5,30,20,10,10
50014302,239,117,122,125,69,56,56,27,29,38,17,21,13,2,11,7,2,5
50014303,424,205,219,170,91,79,185,93,92,39,16,23,28,4,24,2,1,1
50014304,3555,1733,1822,1591,855,736,1367,683,684,434,155,279,146,32,114,17,8,9
50014305,877,422,455,399,212,187,342,164,178,77,37,40,52,6,46,6,2,4
50014306,3801,1808,1993,1824,949,875,1288,639,649,547,190,357,122,18,104,19,11,8
50014307,1694,815,879,898,463,435,556,273,283,173,62,111,42,6,36,21,9,12
50014309,2280,1083,1197,1297,651,646,681,328,353,207,75,132,47,3,44,41,19,22
50014310,77,39,38,30,17,13,33,16,17,10,4,6,4,2,2,0,0,0
50014311,65,28,37,35,16,19,19,10,9,9,2,7,2,0,2,0,0,0
50014312,650,309,341,318,166,152,223,112,111,73,23,50,29,5,24,6,2,4
50014313,3519,1664,1855,1541,804,737,1392,684,708,425,140,285,135,21,114,23,15,8
50014314,25,12,13,9,4,5,15,8,7,1,0,1,0,0,0,0,0,0
50014315,1863,893,970,923,461,462,655,328,327,182,81,101,93,16,77,10,7,3
50014317,448,215,233,279,136,143,113,56,57,47,19,28,5,2,3,3,1,2
50014318,3264,1543,1721,1342,706,636,1372,666,706,389,127,262,144,32,112,12,7,5
50014319,680,325,355,287,147,140,288,142,146,51,21,30,49,11,38,3,2,1
50014321,604,296,308,277,147,130,216,107,109,84,33,51,22,5,17,1,0,1
50014322,1348,662,686,611,334,277,521,259,262,114,43,71,89,18,71,11,6,5
50014323,2386,1122,1264,1173,591,582,793,397,396,217,85,132,165,28,137,33,18,15
50014324,4279,2077,2202,1895,1025,870,1651,818,833,430,158,272,257,49,208,42,23,19
50014325,3429,1799,1630,1971,1085,886,885,474,411,378,168,210,102,18,84,92,53,39
50014326,595,295,300,327,172,155,179,89,90,64,24,40,15,3,12,8,5,3
50014327,305,160,145,165,96,69,93,44,49,36,17,19,7,0,7,3,2,1
50014328,284,156,128,145,80,65,96,52,44,25,11,14,4,2,2,8,5,3
50014329,125,69,56,101,58,43,9,6,3,6,1,5,1,0,1,7,3,4
50014330,2817,1375,1442,1574,806,768,774,396,378,277,102,175,93,11,82,88,52,36
50014331,32,14,18,17,7,10,13,6,7,2,1,1,0,0,0,0,0,0
50014332,29,19,10,19,12,7,3,2,1,6,5,1,1,0,1,0,0,0
50014333,2441,1188,1253,1338,683,655,656,340,316,315,135,180,99,14,85,29,14,15
50014334,1255,631,624,680,363,317,345,182,163,138,60,78,63,12,51,29,14,15
50014335,2015,953,1062,985,500,485,668,331,337,214,89,125,126,19,107,21,13,8
50014336,4389,2115,2274,2380,1213,1167,1172,592,580,532,227,305,203,30,173,82,39,43
50014338,4738,2525,2213,2597,1460,1137,1147,588,559,695,384,311,183,34,149,108,51,57
50014339,1285,625,660,663,346,317,356,182,174,161,60,101,60,14,46,41,21,20
50014340,1695,848,847,814,449,365,610,305,305,172,71,101,83,15,68,13,5,8
50014341,108,79,29,41,34,7,49,36,13,9,4,5,3,1,2,6,4,2
50014342,2484,1207,1277,1128,594,534,925,463,462,248,96,152,162,38,124,19,14,5
50014343,296,179,117,164,99,65,68,39,29,45,27,18,4,0,4,14,13,1
50014344,2891,1341,1550,1558,759,799,789,383,406,365,152,213,122,15,107,49,26,23
50014345,674,346,328,363,200,163,241,117,124,53,25,28,13,2,11,4,2,2
50014346,3239,1565,1674,1841,973,868,792,402,390,367,137,230,174,29,145,56,20,36
50014348,4665,2250,2415,2224,1154,1070,1659,824,835,495,201,294,253,47,206,33,23,10
50014349,821,391,430,368,200,168,298,149,149,110,31,79,38,7,31,5,2,3
50014350,3855,1849,2006,1789,939,850,1456,730,726,384,128,256,191,34,157,32,15,17
50014352,53,23,30,16,11,5,19,6,13,10,4,6,7,1,6,1,1,0
50014353,3588,1810,1778,1664,915,749,1348,687,661,360,148,212,171,38,133,41,18,23
50014355,1221,597,624,724,359,365,385,191,194,73,32,41,10,2,8,28,12,16
50014357,25,13,12,9,5,4,12,6,6,3,2,1,1,0,1,0,0,0
50014358,52,31,21,26,17,9,13,7,6,11,5,6,1,1,0,1,1,0
50014360,2472,1224,1248,1259,654,605,937,469,468,206,77,129,36,11,25,34,13,21
50014361,28,13,15,10,4,6,14,7,7,4,2,2,0,0,0,0,0,0
50014362,245,121,124,148,73,75,69,32,37,24,13,11,1,0,1,3,3,0
50014363,717,358,359,378,202,176,193,100,93,111,48,63,28,4,24,5,2,3
50014364,24,13,11,8,4,4,9,6,3,4,3,1,1,0,1,2,0,2
50014365,2959,1353,1606,1329,661,668,1091,538,553,319,102,217,199,39,160,17,10,7
1294370,0,0,0,0,0,0,0,0,0,0,0,0,0,0,0,0,0,0
1296400,0,0,0,0,0,0,0,0,0,0,0,0,0,0,0,0,0,0
1297390,0,0,0,0,0,0,0,0,0,0,0,0,0,0,0,0,0,0
1297470,0,0,0,0,0,0,0,0,0,0,0,0,0,0,0,0,0,0
1298520,0,0,0,0,0,0,0,0,0,0,0,0,0,0,0,0,0,0
3059360,0,0,0,0,0,0,0,0,0,0,0,0,0,0,0,0,0,0
3248920,0,0,0,0,0,0,0,0,0,0,0,0,0,0,0,0,0,0
3327980,0,0,0,0,0,0,0,0,0,0,0,0,0,0,0,0,0,0
50017801,260,126,134,127,66,61,96,44,52,18,8,10,9,2,7,8,4,4
50017802,843,413,430,422,218,204,281,145,136,87,34,53,40,8,32,13,8,5
50017804,745,359,386,352,178,174,278,136,142,79,38,41,28,2,26,8,5,3
50017805,352,177,175,151,79,72,155,78,77,28,14,14,17,5,12,1,1,0
50017806,20,9,11,9,5,4,6,3,3,5,1,4,0,0,0,0,0,0
50017807,190,120,70,87,64,23,58,30,28,28,19,9,11,3,8,6,4,2
50017808,3720,1742,1978,1578,831,747,1289,646,643,539,194,345,288,56,232,18,9,9
50017809,141,76,65,86,49,37,17,9,8,32,14,18,2,1,1,4,3,1
50017810,3020,1687,1333,1494,896,598,1005,519,486,335,217,118,139,19,120,45,36,9
50017811,20,9,11,9,3,6,10,6,4,0,0,0,1,0,1,0,0,0
50017812,2024,996,1028,897,487,410,802,404,398,193,76,117,114,18,96,15,9,6
50017813,2118,1017,1101,953,491,462,811,407,404,222,91,131,123,25,98,9,3,6
50017814,761,366,395,340,170,170,344,170,174,53,20,33,21,4,17,1,0,1
50017815,57,24,33,24,8,16,25,13,12,5,2,3,2,0,2,1,1,0
50017816,2792,1288,1504,1274,660,614,946,463,483,312,118,194,238,39,199,19,8,11
50017817,611,292,319,302,157,145,213,107,106,53,16,37,32,5,27,11,7,4
50017818,263,142,121,142,82,60,98,48,50,19,11,8,3,0,3,1,1,0
50017819,630,300,330,251,131,120,268,133,135,64,25,39,43,8,35,4,3,1
50017820,1598,784,814,656,363,293,644,313,331,158,69,89,128,33,95,12,6,6
50017821,38,23,15,23,16,7,7,4,3,6,3,3,2,0,2,0,0,0
50017822,745,303,442,336,145,191,176,90,86,59,19,40,115,18,97,56,29,27
50017823,6510,3143,3367,3283,1669,1614,2207,1095,1112,629,291,338,306,44,262,80,42,38
50017824,1903,889,1014,754,394,360,785,385,400,184,68,116,156,30,126,18,9,9
50017825,1110,789,321,974,701,273,50,30,20,14,11,3,3,1,2,69,46,23
50017826,1528,721,807,652,333,319,572,286,286,176,75,101,114,20,94,9,6,3
50017827,92,32,60,25,9,16,13,7,6,13,5,8,40,10,30,1,1,0
50017828,5223,2399,2824,2620,1330,1290,1462,722,740,743,275,468,354,48,306,41,24,17
50017829,2713,1306,1407,1436,759,677,774,388,386,224,84,140,214,40,174,64,34,30
50017830,2420,1128,1292,1031,534,497,947,463,484,219,97,122,203,25,178,17,9,8
50017831,4172,1981,2191,2041,1041,1000,1451,717,734,436,171,265,206,32,174,38,20,18
50017832,4389,2043,2346,2085,1081,1004,1478,733,745,436,154,282,343,55,288,46,20,26
50017833,1082,509,573,526,279,247,339,168,171,133,39,94,66,14,52,17,8,9
50017834,1143,574,569,540,287,253,451,228,223,93,47,46,40,3,37,14,5,9
50017835,3041,1416,1625,1420,749,671,993,501,492,349,121,228,254,32,222,23,13,10
50017836,35,19,16,22,14,8,8,4,4,4,1,3,0,0,0,1,0,1
50017837,113,56,57,45,20,25,46,23,23,17,10,7,4,2,2,1,1,0
50017838,5063,2363,2700,2379,1228,1151,1613,810,803,593,222,371,413,66,347,62,35,27
50017839,2831,1381,1450,1313,701,612,1028,519,509,284,113,171,181,33,148,23,13,10
50017840,1948,925,1023,993,503,490,656,327,329,172,65,107,103,17,86,20,11,9
50017842,73,38,35,28,15,13,34,17,17,9,5,4,2,1,1,0,0,0
50017843,278,156,122,236,135,101,21,13,8,4,1,3,4,1,3,13,6,7
50017844,3886,1908,1978,2048,1089,959,1227,609,618,380,146,234,154,19,135,70,39,31
50017845,4046,1927,2119,1921,980,941,1437,730,707,396,157,239,251,38,213,40,22,18
50017847,148,83,65,64,36,28,58,38,20,14,7,7,11,1,10,1,1,0
50017848,377,190,187,179,87,92,147,74,73,33,20,13,16,8,8,2,1,1
50017849,1482,708,774,792,395,397,512,253,259,121,40,81,32,6,26,23,12,11
50017850,401,184,217,186,88,98,172,82,90,24,10,14,15,1,14,3,2,1
50017852,2399,1147,1252,1132,629,503,752,377,375,256,93,163,219,24,195,40,24,16
50017853,1371,651,720,527,273,254,604,301,303,116,49,67,114,22,92,9,6,3
50017854,6992,3329,3663,3178,1626,1552,2734,1346,1388,576,235,341,442,93,349,54,25,29
50017855,9219,4659,4560,4753,2574,2179,2751,1378,1373,1153,556,597,447,83,364,106,59,47
50017856,5229,2508,2721,2627,1368,1259,1678,834,844,596,241,355,272,36,236,48,27,21
50017857,566,290,276,281,151,130,199,116,83,54,18,36,17,0,17,15,5,10
50017858,197,103,94,115,61,54,41,21,20,28,16,12,11,3,8,0,0,0
50017859,301,150,151,128,71,57,116,58,58,33,17,16,22,3,19,2,1,1
50017860,25,16,9,15,9,6,6,4,2,3,2,1,1,1,0,0,0,0
1302220,0,0,0,0,0,0,0,0,0,0,0,0,0,0,0,0,0,0
1303200,0,0,0,0,0,0,0,0,0,0,0,0,0,0,0,0,0,0
3059440,0,0,0,0,0,0,0,0,0,0,0,0,0,0,0,0,0,0
3327630,0,0,0,0,0,0,0,0,0,0,0,0,0,0,0,0,0,0
50018601,5429,2662,2767,2912,1513,1399,1627,812,815,549,233,316,216,37,179,116,59,57
50018602,5675,2807,2868,3099,1632,1467,1419,721,698,776,342,434,263,43,220,103,57,46
50018604,4752,2314,2438,2549,1312,1237,1294,646,648,582,266,316,220,40,180,95,42,53
50018605,4690,2292,2398,2606,1343,1263,1345,676,669,445,196,249,196,24,172,94,50,44
50018606,700,388,312,443,249,194,153,75,78,77,52,25,5,1,4,20,11,9
50018607,5556,2720,2836,2984,1582,1402,1557,784,773,648,262,386,260,36,224,97,46,51
50018608,572,327,245,357,201,156,130,82,48,55,32,23,9,1,8,19,9,10
50018610,22,10,12,15,6,9,6,3,3,1,1,0,0,0,0,0,0,0
50018611,1806,948,858,1044,550,494,564,296,268,153,81,72,12,1,11,29,18,11
50018612,8462,4120,4342,4402,2303,2099,2518,1267,1251,937,391,546,428,62,366,150,80,70
50018616,64,38,26,36,22,14,20,11,9,7,4,3,0,0,0,1,1,0
50018617,6714,3275,3439,3766,1921,1845,1956,974,982,623,262,361,241,46,195,121,68,53
1303380,0,0,0,0,0,0,0,0,0,0,0,0,0,0,0,0,0,0
1303620,0,0,0,0,0,0,0,0,0,0,0,0,0,0,0,0,0,0
1305670,0,0,0,0,0,0,0,0,0,0,0,0,0,0,0,0,0,0
1305750,0,0,0,0,0,0,0,0,0,0,0,0,0,0,0,0,0,0
1305830,0,0,0,0,0,0,0,0,0,0,0,0,0,0,0,0,0,0
1307960,0,0,0,0,0,0,0,0,0,0,0,0,0,0,0,0,0,0
1309230,0,0,0,0,0,0,0,0,0,0,0,0,0,0,0,0,0,0
1309310,0,0,0,0,0,0,0,0,0,0,0,0,0,0,0,0,0,0
1309740,0,0,0,0,0,0,0,0,0,0,0,0,0,0,0,0,0,0
3059870,0,0,0,0,0,0,0,0,0,0,0,0,0,0,0,0,0,0
3169890,0,0,0,0,0,0,0,0,0,0,0,0,0,0,0,0,0,0
50020801,1886,876,1010,794,404,390,726,363,363,194,69,125,161,34,127,11,6,5
50020802,1236,578,658,602,295,307,474,230,244,116,46,70,35,5,30,8,1,7
50020803,3824,1793,2031,1529,824,705,1435,705,730,525,180,345,308,65,243,20,14,6
50020804,475,245,230,201,117,84,211,105,106,30,9,21,30,11,19,3,3,0
50020805,5415,2590,2825,2504,1303,1201,1919,960,959,657,252,405,297,58,239,31,12,19
50020806,1807,758,1049,704,367,337,478,234,244,352,118,234,266,36,230,7,3,4
50020807,6613,3126,3487,2708,1457,1251,2601,1295,1306,780,268,512,478,83,395,36,19,17
50020808,6339,2929,3410,2709,1417,1292,2244,1123,1121,862,285,577,489,86,403,29,12,17
50020809,498,286,212,252,167,85,96,47,49,108,60,48,32,6,26,10,6,4
50020810,1127,543,584,517,275,242,404,203,201,128,49,79,73,13,60,5,3,2
50020812,60,29,31,29,15,14,22,11,11,6,3,3,3,0,3,0,0,0
50020816,6219,2911,3308,2522,1320,1202,2530,1244,1286,685,243,442,444,85,359,35,17,18
50020817,357,170,187,203,103,100,127,60,67,22,7,15,4,0,4,1,0,1
50020818,2262,1063,1199,922,499,423,760,386,374,366,129,237,197,38,159,16,10,6
50020819,740,375,365,404,218,186,219,113,106,84,38,46,30,4,26,3,2,1
50020821,2622,1224,1398,1279,639,640,902,441,461,262,110,152,163,24,139,16,10,6
50020822,2353,1155,1198,1053,566,487,902,451,451,238,109,129,143,19,124,15,8,7
50020823,4825,2247,2578,2132,1077,1055,1737,867,870,557,213,344,352,66,286,44,22,22
50020824,1913,862,1051,712,361,351,747,369,378,227,91,136,206,32,174,16,6,10
50020826,2829,1268,1561,1083,563,520,1090,542,548,350,105,245,288,48,240,17,9,8
50020827,640,311,329,264,143,121,259,132,127,63,25,38,48,9,39,6,2,4
50020828,2432,1114,1318,1013,542,471,794,401,393,320,119,201,283,40,243,22,12,10
50020829,4032,1855,2177,1684,864,820,1439,718,721,531,194,337,348,63,285,26,13,13
50020830,410,186,224,171,86,85,173,82,91,38,15,23,26,2,24,2,1,1
50020831,4984,2216,2768,1910,991,919,1714,854,860,749,246,503,580,111,469,26,10,16
50020832,1332,938,394,761,555,206,132,74,58,403,302,101,34,6,28,1,1,0
50020833,3660,1827,1833,1937,1014,923,1018,513,505,504,230,274,134,28,106,54,37,17
50020834,4205,2118,2087,2352,1235,1117,1066,553,513,536,234,302,146,32,114,88,49,39
50020835,2042,1007,1035,980,522,458,781,387,394,192,81,111,76,11,65,13,6,7
50020836,429,233,196,163,95,68,120,78,42,88,44,44,40,5,35,18,11,7
50020837,4544,2279,2265,2494,1345,1149,1195,596,599,555,242,313,187,38,149,94,45,49
50020838,2989,1448,1541,1427,732,695,1083,547,536,289,117,172,149,25,124,36,22,14
50020839,893,443,450,506,265,241,249,123,126,78,33,45,29,5,24,31,17,14
50020840,63,40,23,31,21,10,18,11,7,10,6,4,3,1,2,1,1,0
50020841,2625,1288,1337,1182,622,560,1016,517,499,240,101,139,145,29,116,34,15,19
50020842,128,73,55,62,36,26,49,27,22,13,8,5,2,0,2,2,2,0
50020843,525,276,249,289,155,134,192,100,92,32,16,16,2,0,2,8,3,5
50020844,3327,1605,1722,1802,918,884,904,457,447,457,183,274,102,16,86,58,27,31
50020845,982,517,465,579,310,269,292,147,145,74,41,33,4,0,4,31,17,14
50020846,4174,2063,2111,2456,1277,1179,958,486,472,496,203,293,134,25,109,122,64,58
50020847,4633,2338,2295,2585,1384,1201,1255,636,619,514,212,302,155,25,130,108,70,38
50020849,2472,1209,1263,1224,662,562,733,381,352,304,116,188,148,21,127,55,26,29
1311640,0,0,0,0,0,0,0,0,0,0,0,0,0,0,0,0,0,0
50021601,37,20,17,14,9,5,14,6,8,5,3,2,4,2,2,0,0,0
50021602,2870,1386,1484,1707,860,847,849,414,435,220,77,143,35,5,30,51,25,26
50021603,4710,2135,2575,1933,1007,926,1653,820,833,642,208,434,439,75,364,39,25,14
50021604,3393,1545,1848,1382,703,679,1273,634,639,409,147,262,294,44,250,29,11,18
50021605,1693,782,911,666,349,317,612,304,308,237,95,142,163,25,138,10,4,6
50021606,3725,1760,1965,1844,966,878,1266,619,647,411,136,275,170,29,141,32,10,22
50021607,795,382,413,441,217,224,287,139,148,53,21,32,7,1,6,4,1,3
50021608,233,114,119,155,75,80,45,23,22,25,10,15,3,1,2,3,3,0
50021609,228,129,99,120,70,50,60,33,27,35,17,18,3,0,3,8,7,1
50021610,4266,2105,2161,2269,1175,1094,1208,627,581,531,224,307,184,27,157,64,42,22
50021611,142,72,70,58,33,25,56,28,28,19,8,11,8,2,6,1,1,0
50021612,570,274,296,349,168,181,174,87,87,36,13,23,1,1,0,10,5,5
50021613,313,152,161,150,82,68,92,47,45,45,19,26,25,3,22,1,1,0
50021614,1221,623,598,777,417,360,254,130,124,145,58,87,19,5,14,23,11,12
50021616,6627,3345,3282,3398,1846,1552,1791,901,890,1037,490,547,313,56,257,69,41,28
50021617,108,62,46,65,41,24,31,16,15,10,4,6,1,0,1,0,0,0
50021618,955,469,486,433,233,200,365,179,186,90,38,52,63,15,48,4,4,0
50021619,697,371,326,467,258,209,162,82,80,42,20,22,5,0,5,19,9,10
50021620,27,13,14,12,4,8,11,7,4,4,2,2,0,0,0,0,0,0
50021622,249,184,65,116,84,32,84,70,14,37,22,15,3,0,3,9,8,1
50021623,4329,2128,2201,2572,1320,1252,1312,643,669,304,108,196,49,7,42,79,39,40
50021624,1892,929,963,887,488,399,519,269,250,300,131,169,152,26,126,26,12,14
50021625,109,47,62,68,30,38,21,12,9,17,5,12,3,0,3,0,0,0
50021626,336,168,168,186,95,91,119,59,60,22,10,12,5,2,3,4,2,2
50021628,179,78,101,71,35,36,72,36,36,15,4,11,17,1,16,4,2,2
50021629,5753,2622,3131,2582,1300,1282,1921,957,964,736,251,485,441,75,366,59,34,25
50021630,7685,3622,4063,3279,1736,1543,2918,1451,1467,838,297,541,595,106,489,42,25,17
50021631,1316,655,661,669,350,319,466,236,230,139,63,76,28,4,24,14,2,12
50021632,1917,936,981,867,478,389,727,356,371,197,74,123,117,21,96,9,7,2
50021635,1886,965,921,1047,558,489,685,343,342,101,44,57,17,3,14,34,15,19
50021636,1033,497,536,494,244,250,379,184,195,113,55,58,36,7,29,9,7,2
50021637,578,330,248,304,168,136,186,110,76,68,43,25,10,3,7,8,6,2
50021638,1316,657,659,791,412,379,426,204,222,68,33,35,14,2,12,17,6,11
50021639,967,471,496,552,278,274,322,157,165,72,29,43,11,3,8,7,3,4
50021640,471,235,236,207,116,91,182,92,90,48,19,29,33,8,25,1,0,1
50021641,25,15,10,11,8,3,11,6,5,2,1,1,1,0,1,0,0,0
3173900,0,0,0,0,0,0,0,0,0,0,0,0,0,0,0,0,0,0
53806001,662,364,298,265,165,100,292,160,132,55,25,30,45,11,34,5,3,2
53806002,145,116,29,48,42,6,53,43,10,32,23,9,2,0,2,10,8,2
53806003,1563,774,789,709,383,326,584,299,285,163,73,90,102,16,86,5,3,2
53806005,44,23,21,17,13,4,19,9,10,6,1,5,2,0,2,0,0,0
3176590,0,0,0,0,0,0,0,0,0,0,0,0,0,0,0,0,0,0
53807802,729,356,373,304,162,142,330,158,172,63,28,35,28,6,22,2,1,1
53812403,1821,910,911,835,442,393,764,381,383,137,61,76,65,13,52,14,11,3
1314820,0,0,0,0,0,0,0,0,0,0,0,0,0,0,0,0,0,0
1314910,0,0,0,0,0,0,0,0,0,0,0,0,0,0,0,0,0,0
1315040,0,0,0,0,0,0,0,0,0,0,0,0,0,0,0,0,0,0
1315800,0,0,0,0,0,0,0,0,0,0,0,0,0,0,0,0,0,0
3170470,0,0,0,0,0,0,0,0,0,0,0,0,0,0,0,0,0,0
54731002,167,74,93,91,40,51,60,30,30,11,4,7,4,0,4,1,0,1
54731003,1619,769,850,736,372,364,625,311,314,185,70,115,67,13,54,5,3,2
54731004,199,136,63,101,72,29,38,27,11,47,33,14,9,0,9,4,4,0
54731005,3577,1769,1808,1961,1011,950,1298,643,655,245,95,150,43,4,39,20,11,9
54731006,138,67,71,58,27,31,61,32,29,15,8,7,2,0,2,2,0,2
54731007,3049,1469,1580,1436,751,685,983,489,494,447,189,258,155,23,132,22,13,9
54731008,1844,891,953,674,370,304,836,420,416,192,78,114,135,18,117,6,4,2
54731009,24,13,11,13,7,6,11,6,5,0,0,0,0,0,0,0,0,0
54731010,1367,668,699,650,354,296,538,261,277,114,43,71,59,6,53,6,4,2
1304270,0,0,0,0,0,0,0,0,0,0,0,0,0,0,0,0,0,0
1304350,0,0,0,0,0,0,0,0,0,0,0,0,0,0,0,0,0,0
3327800,0,0,0,0,0,0,0,0,0,0,0,0,0,0,0,0,0,0
54729801,22,12,10,8,4,4,10,6,4,2,1,1,0,0,0,2,1,1
54729802,3084,1541,1543,1357,724,633,1223,624,599,322,144,178,162,37,125,18,10,8
54729804,265,131,134,117,68,49,105,52,53,25,9,16,17,1,16,1,1,0
54729807,187,98,89,101,56,45,56,31,25,25,11,14,3,0,3,2,0,2
54729808,192,86,106,91,39,52,81,40,41,13,5,8,3,0,3,4,2,2
1303460,0,0,0,0,0,0,0,0,0,0,0,0,0,0,0,0,0,0
3311120,0,0,0,0,0,0,0,0,0,0,0,0,0,0,0,0,0,0
54730101,1709,846,863,707,387,320,736,373,363,143,64,79,116,20,96,7,2,5
54730102,28,11,17,14,5,9,10,5,5,1,1,0,3,0,3,0,0,0
54730104,909,451,458,537,276,261,306,149,157,54,22,32,3,0,3,8,3,5
54730105,2389,1201,1188,1078,583,495,1000,499,501,208,94,114,93,21,72,8,4,4
1325270,0,0,0,0,0,0,0,0,0,0,0,0,0,0,0,0,0,0
54737901,35,23,12,10,7,3,8,6,2,16,10,6,1,0,1,0,0,0
54737902,37,22,15,18,10,8,9,5,4,9,7,2,1,0,1,0,0,0
54737903,2215,1106,1109,1003,531,472,923,468,455,188,82,106,87,15,72,14,10,4
54737905,1769,848,921,1042,531,511,475,230,245,167,68,99,68,11,57,14,6,8
54737907,76,33,43,36,13,23,37,18,19,3,2,1,0,0,0,0,0,0
3173730,0,0,0,0,0,0,0,0,0,0,0,0,0,0,0,0,0,0
3173810,0,0,0,0,0,0,0,0,0,0,0,0,0,0,0,0,0,0
3174030,0,0,0,0,0,0,0,0,0,0,0,0,0,0,0,0,0,0
53817502,1453,723,730,627,334,293,618,306,312,120,59,61,79,21,58,6,2,4
53817503,457,232,225,172,96,76,214,109,105,42,22,20,27,5,22,2,0,2
53817504,892,464,428,422,234,188,325,170,155,95,48,47,44,8,36,3,1,2
53820502,40,19,21,14,7,7,13,6,7,9,4,5,3,1,2,1,1,0
53820503,4135,2058,2077,1846,991,855,1655,853,802,410,171,239,210,32,178,10,7,3
53830201,3511,1740,1771,1500,804,696,1486,743,743,331,151,180,175,33,142,19,9,10
3173490,0,0,0,0,0,0,0,0,0,0,0,0,0,0,0,0,0,0
53835301,1573,795,778,645,351,294,717,364,353,133,64,69,70,14,56,6,2,4
53835302,53,26,27,25,12,13,23,12,11,1,1,0,4,1,3,0,0,0
3176240,0,0,0,0,0,0,0,0,0,0,0,0,0,0,0,0,0,0
53836101,34,16,18,17,8,9,13,7,6,3,1,2,1,0,1,0,0,0
53836103,3609,1749,1860,1671,861,810,1423,706,717,354,149,205,153,31,122,6,1,5
53836104,301,140,161,133,61,72,137,66,71,19,8,11,9,3,6,3,2,1
3175780,0,0,0,0,0,0,0,0,0,0,0,0,0,0,0,0,0,0
53838802,438,231,207,196,117,79,158,80,78,49,21,28,21,5,16,10,4,6
53840001,42,21,21,21,11,10,13,6,7,5,2,3,2,1,1,1,1,0
53840003,1131,564,567,464,249,215,556,276,280,78,33,45,32,6,26,1,0,1
3159910,0,0,0,0,0,0,0,0,0,0,0,0,0,0,0,0,0,0
3161480,0,0,0,0,0,0,0,0,0,0,0,0,0,0,0,0,0,0
54704201,127,60,67,62,28,34,52,26,26,10,5,5,3,1,2,0,0,0
54704202,180,90,90,71,38,33,93,47,46,11,3,8,5,2,3,0,0,0
54704203,97,44,53,40,16,24,36,19,17,14,5,9,6,3,3,1,1,0
54704204,1843,908,935,737,420,317,741,367,374,199,89,110,156,25,131,7,5,2
54704206,181,89,92,73,38,35,81,41,40,18,8,10,8,1,7,1,1,0
54704207,219,115,104,113,62,51,68,34,34,28,15,13,7,2,5,3,2,1
54704208,23,10,13,13,6,7,9,4,5,1,0,1,0,0,0,0,0,0
54704209,2115,1028,1087,1103,561,542,711,356,355,224,93,131,53,6,47,22,11,11
54704211,2396,1120,1276,1095,577,518,773,382,391,305,107,198,206,42,164,11,6,5
54704212,1722,867,855,687,386,301,780,390,390,148,70,78,104,21,83,1,0,1
54704213,21,15,6,9,6,3,9,6,3,2,2,0,0,0,0,1,1,0
54704214,1167,545,622,862,397,465,29,18,11,9,4,5,0,0,0,267,126,141
3061420,0,0,0,0,0,0,0,0,0,0,0,0,0,0,0,0,0,0
3158340,0,0,0,0,0,0,0,0,0,0,0,0,0,0,0,0,0,0
3161560,0,0,0,0,0,0,0,0,0,0,0,0,0,0,0,0,0,0
3161990,0,0,0,0,0,0,0,0,0,0,0,0,0,0,0,0,0,0
3162530,0,0,0,0,0,0,0,0,0,0,0,0,0,0,0,0,0,0
54705101,2169,1026,1143,991,509,482,884,433,451,181,68,113,95,6,89,17,9,8
54705103,2328,1127,1201,1094,580,514,818,411,407,309,113,196,87,14,73,18,9,9
54705105,39,20,19,28,15,13,8,3,5,2,2,0,0,0,0,1,0,1
54705107,1068,530,538,557,291,266,342,170,172,117,55,62,33,8,25,14,5,9
54705108,1296,678,618,594,341,253,524,265,259,137,66,71,34,4,30,6,2,4
54705109,45,10,35,10,2,8,4,2,2,17,6,11,14,0,14,0,0,0
54705110,565,283,282,235,127,108,256,130,126,42,18,24,30,7,23,2,1,1
54705111,2527,1218,1309,1085,561,524,1010,505,505,273,116,157,136,21,115,21,14,7
53944901,616,316,300,273,145,128,243,127,116,82,40,42,17,4,13,1,0,1
53944902,23,11,12,10,6,4,7,3,4,3,0,3,3,2,1,0,0,0
53944903,1312,651,661,582,309,273,584,289,295,110,46,64,34,5,29,1,1,0
53944904,869,452,417,379,221,158,365,185,180,77,34,43,47,11,36,1,1,0
53944905,150,81,69,75,42,33,47,24,23,23,14,9,5,1,4,0,0,0
3164150,0,0,0,0,0,0,0,0,0,0,0,0,0,0,0,0,0,0
3166610,0,0,0,0,0,0,0,0,0,0,0,0,0,0,0,0,0,0
3166950,0,0,0,0,0,0,0,0,0,0,0,0,0,0,0,0,0,0
53946501,874,428,446,413,216,197,301,150,151,106,50,56,51,10,41,3,2,1
54714002,166,76,90,86,39,47,61,30,31,8,3,5,4,0,4,6,4,2
54714003,1318,670,648,624,346,278,502,255,247,120,53,67,64,11,53,6,3,3
54715801,465,221,244,210,104,106,212,104,108,18,6,12,8,1,7,17,6,11
54715802,53,25,28,18,9,9,19,9,10,8,6,2,8,1,7,0,0,0
54715804,2216,1116,1100,922,513,409,941,475,466,189,84,105,144,31,113,19,12,7
3176080,0,0,0,0,0,0,0,0,0,0,0,0,0,0,0,0,0,0
53853101,366,184,182,154,79,75,142,76,66,48,25,23,17,3,14,3,1,2
3174970,0,0,0,0,0,0,0,0,0,0,0,0,0,0,0,0,0,0
54739501,1373,680,693,593,305,288,546,275,271,151,87,64,81,12,69,2,1,1
54739502,4238,2050,2188,1812,969,843,1728,870,858,515,173,342,167,30,137,15,7,8
54739503,142,65,77,61,31,30,63,31,32,11,2,9,6,1,5,0,0,0
3169540,0,0,0,0,0,0,0,0,0,0,0,0,0,0,0,0,0,0
53958901,628,312,316,270,143,127,238,120,118,84,42,42,35,6,29,1,1,0
3166440,0,0,0,0,0,0,0,0,0,0,0,0,0,0,0,0,0,0
3166870,0,0,0,0,0,0,0,0,0,0,0,0,0,0,0,0,0,0
3167410,0,0,0,0,0,0,0,0,0,0,0,0,0,0,0,0,0,0
3167500,0,0,0,0,0,0,0,0,0,0,0,0,0,0,0,0,0,0
3183610,0,0,0,0,0,0,0,0,0,0,0,0,0,0,0,0,0,0
53963502,123,65,58,50,33,17,51,26,25,13,6,7,8,0,8,1,0,1
53963503,22,14,8,10,7,3,9,6,3,2,1,1,1,0,1,0,0,0
53963504,184,120,64,97,70,27,44,25,19,35,20,15,3,0,3,5,5,0
53963505,3460,1742,1718,1526,826,700,1423,716,707,306,151,155,191,42,149,12,6,6
53963506,1063,533,530,569,302,267,358,182,176,111,39,72,14,1,13,7,5,2
53963507,1223,614,609,645,331,314,457,231,226,84,38,46,17,1,16,19,12,7
3064280,0,0,0,0,0,0,0,0,0,0,0,0,0,0,0,0,0,0
3064440,0,0,0,0,0,0,0,0,0,0,0,0,0,0,0,0,0,0
53873601,2301,1169,1132,964,524,440,1039,536,503,187,84,103,103,22,81,8,3,5
53873602,87,57,30,42,28,14,28,18,10,14,10,4,3,1,2,0,0,0
3062150,0,0,0,0,0,0,0,0,0,0,0,0,0,0,0,0,0,0
3167330,0,0,0,0,0,0,0,0,0,0,0,0,0,0,0,0,0,0
3167680,0,0,0,0,0,0,0,0,0,0,0,0,0,0,0,0,0,0
53967801,414,205,209,177,97,80,183,92,91,29,11,18,24,4,20,1,1,0
53967802,49,23,26,20,10,10,21,11,10,8,2,6,0,0,0,0,0,0
53967804,3146,1542,1604,1399,727,672,1274,642,632,269,116,153,183,43,140,16,9,7
53967805,66,33,33,31,16,15,26,13,13,7,2,5,2,2,0,0,0,0
53967806,324,174,150,135,77,58,147,78,69,32,15,17,9,3,6,1,1,0
54727102,1431,674,757,618,323,295,557,280,277,124,37,87,124,31,93,8,3,5
54727103,595,290,305,313,156,157,199,98,101,60,28,32,20,5,15,3,3,0
54727105,1884,934,950,908,489,419,685,343,342,180,71,109,88,22,66,19,7,12
54727106,41,28,13,17,12,5,4,2,2,20,14,6,0,0,0,0,0,0
54727107,1768,848,920,742,384,358,750,377,373,159,65,94,108,17,91,8,5,3
54727108,551,328,223,389,239,150,106,60,46,15,7,8,18,7,11,23,15,8
54727109,569,273,296,244,129,115,223,113,110,60,26,34,35,4,31,7,1,6
3161300,0,0,0,0,0,0,0,0,0,0,0,0,0,0,0,0,0,0
3307100,0,0,0,0,0,0,0,0,0,0,0,0,0,0,0,0,0,0
3307280,0,0,0,0,0,0,0,0,0,0,0,0,0,0,0,0,0,0
53972402,1553,755,798,613,316,297,707,356,351,142,64,78,82,13,69,9,6,3
53972404,1626,806,820,710,363,347,717,362,355,125,68,57,68,10,58,6,3,3
3060370,0,0,0,0,0,0,0,0,0,0,0,0,0,0,0,0,0,0
3183450,0,0,0,0,0,0,0,0,0,0,0,0,0,0,0,0,0,0
54740901,126,64,62,61,35,26,49,24,25,8,4,4,6,1,5,0,0,0
54740903,32,18,14,14,9,5,13,8,5,2,1,1,3,0,3,0,0,0
54740904,2306,1166,1140,1097,599,498,886,447,439,221,96,125,87,16,71,9,4,5
54732801,93,51,42,46,27,19,36,16,20,9,7,2,1,0,1,1,1,0
54732802,432,210,222,196,102,94,172,84,88,38,17,21,21,4,17,4,2,2
54732803,943,463,480,444,231,213,362,182,180,85,34,51,37,4,33,9,7,2
53979101,2683,1296,1387,1277,662,615,1057,522,535,256,92,164,82,15,67,11,5,6
53979102,873,427,446,413,212,201,356,176,180,64,33,31,34,3,31,2,1,1
53979103,273,124,149,135,59,76,109,55,54,23,8,15,2,0,2,2,0,2
1291940,0,0,0,0,0,0,0,0,0,0,0,0,0,0,0,0,0,0
3163930,0,0,0,0,0,0,0,0,0,0,0,0,0,0,0,0,0,0
3165630,0,0,0,0,0,0,0,0,0,0,0,0,0,0,0,0,0,0
3167250,0,0,0,0,0,0,0,0,0,0,0,0,0,0,0,0,0,0
54711501,289,184,105,123,76,47,115,74,41,27,14,13,7,4,3,17,16,1
54711503,229,118,111,111,61,50,56,28,28,40,19,21,12,4,8,8,4,4
54711504,37,19,18,8,3,5,16,9,7,10,7,3,3,0,3,0,0,0
54711506,114,68,46,65,38,27,21,10,11,24,17,7,2,1,1,2,2,0
54711507,2158,1073,1085,1015,557,458,822,406,416,214,89,125,96,18,78,10,3,7
3064100,0,0,0,0,0,0,0,0,0,0,0,0,0,0,0,0,0,0
53900701,4499,2215,2284,2107,1085,1022,1765,887,878,431,194,237,168,31,137,20,12,8
53900702,29,15,14,10,5,5,16,8,8,3,2,1,0,0,0,0,0,0
3165980,0,0,0,0,0,0,0,0,0,0,0,0,0,0,0,0,0,0
3166100,0,0,0,0,0,0,0,0,0,0,0,0,0,0,0,0,0,0
53986401,128,77,51,52,35,17,53,34,19,12,2,10,8,3,5,3,3,0
53986403,253,124,129,114,60,54,83,45,38,37,13,24,17,5,12,2,1,1
53986404,140,65,75,61,29,32,57,25,32,14,8,6,8,3,5,0,0,0
53986405,65,31,34,36,18,18,18,9,9,9,4,5,2,0,2,0,0,0
53986406,1539,739,800,820,404,416,504,249,255,163,70,93,48,14,34,0,0,0
53986407,4254,2024,2230,1817,944,873,1656,843,813,500,193,307,270,37,233,9,7,2
53986408,3068,1504,1564,1391,751,640,1094,536,558,379,178,201,188,31,157,16,8,8
53986409,118,56,62,37,18,19,53,26,27,16,9,7,12,3,9,0,0,0
53986410,575,276,299,235,124,111,239,118,121,68,30,38,32,3,29,1,1,0
3169200,0,0,0,0,0,0,0,0,0,0,0,0,0,0,0,0,0,0
3205440,0,0,0,0,0,0,0,0,0,0,0,0,0,0,0,0,0,0
3206090,0,0,0,0,0,0,0,0,0,0,0,0,0,0,0,0,0,0
53989901,677,346,331,306,168,138,275,140,135,57,27,30,31,6,25,7,4,3
53989905,593,291,302,299,160,139,224,109,115,48,18,30,15,1,14,7,3,4
53989906,4187,2030,2157,2276,1135,1141,1433,704,729,320,140,180,77,8,69,74,38,36
53989907,2799,1400,1399,1237,693,544,1086,556,530,315,123,192,151,25,126,9,2,7
53989908,100,51,49,51,29,22,43,21,22,5,1,4,1,0,1,0,0,0
53989909,42,24,18,11,6,5,21,11,10,10,7,3,0,0,0,0,0,0
52930301,203,94,109,93,43,50,96,48,48,13,3,10,1,0,1,0,0,0
52930304,63,36,27,27,19,8,32,16,16,2,1,1,2,0,2,0,0,0
52930305,66,40,26,31,24,7,23,12,11,10,4,6,2,0,2,0,0,0
52930307,127,64,63,66,34,32,47,24,23,8,4,4,5,2,3,1,0,1
52930308,114,60,54,48,27,21,58,31,27,4,2,2,4,0,4,0,0,0
52930309,80,41,39,37,20,17,34,17,17,4,3,1,5,1,4,0,0,0
52930310,127,55,72,49,19,30,56,28,28,13,5,8,8,2,6,1,1,0
52930311,246,134,112,113,71,42,107,54,53,14,5,9,12,4,8,0,0,0
52930312,48,24,24,21,10,11,23,12,11,2,2,0,2,0,2,0,0,0
52930313,62,32,30,27,15,12,28,14,14,6,3,3,1,0,1,0,0,0
52930316,117,66,51,66,41,25,30,15,15,17,9,8,4,1,3,0,0,0
52930317,2136,942,1194,849,450,399,709,353,356,367,115,252,204,22,182,7,2,5
52930318,3091,1432,1659,1238,633,605,1201,605,596,433,157,276,213,33,180,6,4,2
52930319,1092,554,538,512,277,235,424,214,210,120,55,65,29,5,24,5,3,2
52930320,706,334,372,296,155,141,255,129,126,86,37,49,62,9,53,7,4,3
52930321,675,329,346,253,139,114,314,161,153,51,22,29,57,7,50,0,0,0
52930322,3400,1611,1789,1552,846,706,979,489,490,564,231,333,283,37,246,21,8,13
52930323,232,126,106,96,61,35,82,41,41,41,17,24,8,4,4,5,3,2
52930325,1387,677,710,524,284,240,664,331,333,101,47,54,94,12,82,4,3,1
52930326,2397,1190,1207,976,549,427,1024,515,509,256,101,155,139,24,115,2,1,1
53256801,225,107,118,79,39,40,116,58,58,14,7,7,16,3,13,0,0,0
53074301,188,98,90,78,40,38,82,42,40,20,14,6,7,2,5,1,0,1
53074302,43,22,21,17,10,7,18,10,8,5,2,3,3,0,3,0,0,0
53238001,98,48,50,35,21,14,40,21,19,12,6,6,11,0,11,0,0,0
53209601,86,42,44,33,18,15,38,19,19,9,3,6,6,2,4,0,0,0
53292401,753,385,368,306,168,138,320,160,160,92,47,45,35,10,25,0,0,0
52945101,2223,1095,1128,983,534,449,794,400,394,294,140,154,148,19,129,4,2,2
52945103,152,75,77,61,32,29,65,33,32,17,9,8,9,1,8,0,0,0
52945104,61,36,25,20,14,6,34,18,16,4,3,1,3,1,2,0,0,0
52945105,21,9,12,11,4,7,7,3,4,3,2,1,0,0,0,0,0,0
52945106,154,80,74,71,42,29,65,33,32,11,4,7,7,1,6,0,0,0
52945107,390,199,191,163,86,77,171,86,85,30,21,9,22,4,18,1,0,1
52945110,224,112,112,95,51,44,97,48,49,16,8,8,15,4,11,0,0,0
52945111,352,184,168,154,89,65,131,67,64,38,20,18,27,8,19,2,0,2
52945112,68,35,33,30,17,13,25,13,12,6,4,2,7,1,6,0,0,0
52945113,70,40,30,39,26,13,22,11,11,6,2,4,3,1,2,0,0,0
52945114,69,33,36,23,14,9,33,16,17,4,2,2,9,1,8,0,0,0
52945115,82,42,40,33,15,18,34,19,15,12,7,5,3,1,2,0,0,0
52945116,240,116,124,93,50,43,107,56,51,15,7,8,25,3,22,0,0,0
52945117,78,34,44,33,15,18,36,18,18,1,0,1,8,1,7,0,0,0
52945118,77,36,41,32,15,17,36,18,18,5,3,2,4,0,4,0,0,0
52945119,24,12,12,10,5,5,8,4,4,4,3,1,2,0,2,0,0,0
52945121,38,22,16,19,12,7,17,9,8,0,0,0,2,1,1,0,0,0
52945122,34,16,18,9,6,3,17,9,8,5,1,4,3,0,3,0,0,0
52945123,110,55,55,47,25,22,39,19,20,18,10,8,6,1,5,0,0,0
52945124,21,14,7,6,6,0,8,4,4,6,4,2,1,0,1,0,0,0
52945128,40,21,19,17,10,7,22,11,11,1,0,1,0,0,0,0,0,0
53269001,147,75,72,69,37,32,65,32,33,5,4,1,7,2,5,1,0,1
53269002,22,12,10,9,5,4,10,5,5,1,1,0,2,1,1,0,0,0
52947801,70,35,35,27,15,12,34,17,17,6,3,3,3,0,3,0,0,0
52947802,31,15,16,13,7,6,11,6,5,4,2,2,3,0,3,0,0,0
52947803,28,15,13,15,9,6,10,5,5,1,0,1,2,1,1,0,0,0
52948601,949,463,486,380,209,171,414,205,209,86,40,46,69,9,60,0,0,0
52948602,26,12,14,8,4,4,7,4,3,5,4,1,6,0,6,0,0,0
52948604,46,24,22,21,13,8,18,9,9,4,2,2,3,0,3,0,0,0
52948605,46,28,18,15,11,4,21,11,10,5,4,1,5,2,3,0,0,0
52948607,113,55,58,54,28,26,47,24,23,3,1,2,9,2,7,0,0,0
52948608,24,14,10,9,6,3,11,6,5,1,1,0,3,1,2,0,0,0
52948609,50,24,26,15,8,7,24,12,12,3,2,1,8,2,6,0,0,0
52948612,103,50,53,41,24,17,44,22,22,9,4,5,9,0,9,0,0,0
52948613,27,16,11,6,4,2,15,8,7,5,4,1,1,0,1,0,0,0
52951601,247,130,117,115,65,50,83,41,42,41,20,21,6,3,3,2,1,1
52951602,2239,1110,1129,933,508,425,901,458,443,266,115,151,131,26,105,7,3,4
52951603,508,257,251,220,115,105,221,111,110,40,21,19,26,9,17,1,1,0
52953201,221,116,105,108,64,44,88,44,44,15,6,9,10,2,8,0,0,0
52953202,70,32,38,26,13,13,32,16,16,5,1,4,7,2,5,0,0,0
52953203,59,28,31,25,11,14,23,11,12,5,4,1,6,2,4,0,0,0
52954101,43,20,23,16,10,6,16,8,8,7,2,5,4,0,4,0,0,0
52954102,23,13,10,5,4,1,11,5,6,6,4,2,1,0,1,0,0,0
52954104,103,50,53,35,15,20,51,26,25,15,9,6,2,0,2,0,0,0
52956701,586,289,297,240,127,113,255,125,130,61,32,29,28,5,23,2,0,2
52956702,259,119,140,90,45,45,110,54,56,30,15,15,27,5,22,1,0,1
53274601,59,31,28,27,15,12,20,10,10,6,5,1,6,1,5,0,0,0
52962101,87,39,48,41,18,23,38,18,20,3,2,1,5,1,4,0,0,0
52962102,1312,654,658,552,313,239,522,263,259,150,68,82,83,7,76,3,1,2
52962103,27,13,14,11,5,6,8,4,4,6,4,2,2,0,2,0,0,0
52962104,76,40,36,27,18,9,37,18,19,5,2,3,7,2,5,0,0,0
52962105,61,29,32,21,9,12,31,16,15,5,3,2,3,0,3,1,1,0
52962106,70,39,31,34,24,10,24,13,11,6,1,5,5,0,5,1,1,0
52962107,50,26,24,18,8,10,25,13,12,6,4,2,1,1,0,0,0,0
52962108,42,24,18,15,11,4,24,12,12,2,1,1,1,0,1,0,0,0
0293430,0,0,0,0,0,0,0,0,0,0,0,0,0,0,0,0,0,0
52964801,603,297,306,237,136,101,263,132,131,48,19,29,51,8,43,4,2,2
52964802,91,47,44,37,22,15,43,22,21,4,2,2,7,1,6,0,0,0
52964803,81,46,35,33,23,10,37,18,19,7,5,2,4,0,4,0,0,0
52964804,23,12,11,7,5,2,8,4,4,4,2,2,4,1,3,0,0,0
52964805,59,27,32,29,15,14,18,9,9,5,2,3,7,1,6,0,0,0
53215101,105,53,52,47,27,20,41,20,21,10,6,4,7,0,7,0,0,0
53284301,59,35,24,22,18,4,27,13,14,7,4,3,3,0,3,0,0,0
52970201,104,52,52,45,22,23,34,17,17,17,11,6,8,2,6,0,0,0
52970202,33,15,18,18,8,10,11,6,5,0,0,0,4,1,3,0,0,0
52970203,319,156,163,135,74,61,116,59,57,41,16,25,23,4,19,4,3,1
52970206,88,49,39,44,29,15,30,15,15,10,5,5,4,0,4,0,0,0
52970208,26,18,8,10,8,2,10,6,4,3,2,1,2,1,1,1,1,0
52970209,43,25,18,14,10,4,26,13,13,2,2,0,1,0,1,0,0,0
52970210,93,46,47,42,23,19,39,19,20,6,2,4,6,2,4,0,0,0
52970213,23,10,13,10,3,7,12,7,5,1,0,1,0,0,0,0,0,0
53293201,28,18,10,13,9,4,10,5,5,4,4,0,1,0,1,0,0,0
52973701,249,123,126,90,47,43,117,59,58,22,15,7,20,2,18,0,0,0
52973702,24,13,11,8,5,3,14,7,7,0,0,0,2,1,1,0,0,0
52974501,361,185,176,159,92,67,141,71,70,41,17,24,20,5,15,0,0,0
53288601,220,115,105,113,63,50,72,35,37,21,10,11,12,5,7,0,0,0
53287801,46,27,19,13,9,4,23,12,11,5,4,1,5,2,3,0,0,0
53204501,128,65,63,53,28,25,60,29,31,8,5,3,6,2,4,1,1,0
53204502,140,73,67,74,44,30,43,20,23,14,8,6,9,1,8,0,0,0
53204503,162,80,82,71,37,34,69,35,34,18,8,10,4,0,4,0,0,0
52977001,118,62,56,46,28,18,53,27,26,9,5,4,10,2,8,0,0,0
52978801,152,82,70,70,43,27,70,35,35,4,3,1,8,1,7,0,0,0
52979601,780,396,384,342,186,156,292,145,147,93,52,41,46,8,38,7,5,2
52979602,83,45,38,32,21,11,28,13,15,14,9,5,9,2,7,0,0,0
52979603,94,50,44,44,25,19,30,15,15,20,10,10,0,0,0,0,0,0
52979604,47,23,24,19,8,11,18,9,9,8,6,2,2,0,2,0,0,0
52979605,93,45,48,35,17,18,41,22,19,8,4,4,9,2,7,0,0,0
52979606,72,34,38,31,14,17,34,16,18,6,4,2,1,0,1,0,0,0
52979607,119,63,56,58,29,29,41,21,20,13,10,3,7,3,4,0,0,0
52979608,50,28,22,26,15,11,10,5,5,10,5,5,4,3,1,0,0,0
53260601,68,38,30,29,20,9,28,14,14,5,4,1,6,0,6,0,0,0
52981801,459,227,232,196,105,91,185,95,90,44,25,19,34,2,32,0,0,0
52981802,47,19,28,23,11,12,15,7,8,7,1,6,2,0,2,0,0,0
52981803,92,52,40,36,22,14,47,24,23,6,5,1,3,1,2,0,0,0
52981804,27,11,16,8,2,6,13,7,6,5,2,3,1,0,1,0,0,0
53203701,45,23,22,17,10,7,24,12,12,1,0,1,3,1,2,0,0,0
53203702,159,81,78,65,38,27,74,37,37,14,6,8,6,0,6,0,0,0
53203703,40,20,20,17,10,7,12,6,6,6,3,3,5,1,4,0,0,0
52984201,56,29,27,24,13,11,23,12,11,7,4,3,2,0,2,0,0,0
52984203,478,201,277,175,82,93,179,89,90,55,23,32,66,7,59,3,0,3
52984204,52,24,28,17,9,8,28,14,14,2,0,2,5,1,4,0,0,0
52984205,30,18,12,12,10,2,16,8,8,0,0,0,2,0,2,0,0,0
52984206,74,37,37,30,15,15,33,16,17,5,3,2,6,3,3,0,0,0
52984207,25,14,11,10,6,4,7,4,3,5,3,2,1,1,0,0,0,0
52984208,39,23,16,17,10,7,18,10,8,2,2,0,1,1,0,1,0,1
52984209,179,87,92,129,67,62,34,17,17,8,2,6,8,1,7,0,0,0
52985101,110,58,52,41,25,16,48,24,24,4,2,2,17,7,10,0,0,0
53213401,70,34,36,26,14,12,24,12,12,11,7,4,9,1,8,0,0,0
53213402,57,31,26,29,19,10,19,9,10,4,3,1,5,0,5,0,0,0
53103101,37,20,17,16,12,4,12,6,6,2,1,1,6,1,5,1,0,1
53103103,122,63,59,50,31,19,51,26,25,9,4,5,12,2,10,0,0,0
52990701,165,87,78,66,41,25,76,38,38,9,6,3,13,1,12,1,1,0
52990702,22,13,9,11,7,4,6,4,2,2,2,0,3,0,3,0,0,0
53308401,276,142,134,135,78,57,104,50,54,21,9,12,16,5,11,0,0,0
52993101,89,38,51,38,16,22,33,16,17,8,6,2,10,0,10,0,0,0
52993102,407,206,201,164,88,76,196,99,97,27,13,14,19,5,14,1,1,0
52993103,28,12,16,13,5,8,14,7,7,0,0,0,1,0,1,0,0,0
52994001,59,27,32,27,10,17,20,11,9,8,5,3,3,0,3,1,1,0
52994002,309,157,152,140,75,65,135,69,66,20,10,10,13,2,11,1,1,0
52994003,25,12,13,12,6,6,12,6,6,1,0,1,0,0,0,0,0,0
52995801,828,418,410,370,205,165,333,161,172,81,40,41,43,11,32,1,1,0
52995802,143,70,73,52,28,24,65,33,32,11,4,7,14,5,9,1,0,1
52995803,60,36,24,19,14,5,33,17,16,6,4,2,1,0,1,1,1,0
52997401,209,119,90,79,55,24,82,41,41,31,19,12,16,3,13,1,1,0
52997402,94,47,47,34,15,19,48,25,23,6,6,0,6,1,5,0,0,0
52997403,138,67,71,59,30,29,51,25,26,21,10,11,6,2,4,1,0,1
52997404,88,40,48,40,17,23,29,14,15,14,8,6,5,1,4,0,0,0
52999101,104,52,52,53,28,25,35,18,17,8,5,3,8,1,7,0,0,0
52999102,43,20,23,18,9,9,13,8,5,6,3,3,6,0,6,0,0,0
52999103,73,35,38,27,13,14,32,16,16,11,5,6,3,1,2,0,0,0
52999104,234,117,117,95,52,43,108,54,54,21,11,10,10,0,10,0,0,0
52999105,73,35,38,25,13,12,41,20,21,3,1,2,4,1,3,0,0,0
52999106,33,14,19,14,8,6,11,4,7,3,2,1,5,0,5,0,0,0
52999108,105,54,51,45,25,20,41,21,20,9,6,3,10,2,8,0,0,0
52999109,33,6,27,29,4,25,2,1,1,2,1,1,0,0,0,0,0,0
52999110,31,18,13,11,5,6,14,8,6,5,5,0,1,0,1,0,0,0
52999112,98,47,51,38,22,16,49,24,25,4,1,3,7,0,7,0,0,0
52999114,35,17,18,18,10,8,12,6,6,1,1,0,4,0,4,0,0,0
0764141,0,0,0,0,0,0,0,0,0,0,0,0,0,0,0,0,0,0
53000001,396,206,190,166,99,67,154,76,78,43,23,20,32,7,25,1,1,0
53000002,38,16,22,23,8,15,8,4,4,5,2,3,1,1,0,1,1,0
53002601,90,49,41,40,24,16,40,21,19,3,2,1,7,2,5,0,0,0
53005101,411,206,205,199,111,88,156,77,79,32,12,20,19,4,15,1,0,1
53005102,25,15,10,11,6,5,8,4,4,6,5,1,0,0,0,0,0,0
53005103,28,15,13,13,9,4,7,4,3,6,2,4,2,0,2,0,0,0
53005104,378,194,184,154,82,72,151,76,75,48,28,20,25,8,17,0,0,0
53005105,28,16,12,8,5,3,9,5,4,7,6,1,4,0,4,0,0,0
53006901,229,116,113,101,54,47,98,50,48,17,9,8,12,3,9,1,0,1
53225801,72,37,35,30,16,14,38,19,19,3,2,1,1,0,1,0,0,0
53009301,117,65,52,49,32,17,62,31,31,3,2,1,3,0,3,0,0,0
53009302,164,81,83,78,44,34,57,28,29,12,7,5,17,2,15,0,0,0
53009303,75,34,41,33,17,16,34,17,17,2,0,2,6,0,6,0,0,0
53009304,23,11,12,14,7,7,8,4,4,0,0,0,1,0,1,0,0,0
53009305,61,29,32,19,11,8,29,15,14,4,3,1,8,0,8,1,0,1
53009306,35,18,17,13,8,5,19,10,9,1,0,1,2,0,2,0,0,0
53009307,98,47,51,43,25,18,31,16,15,16,6,10,8,0,8,0,0,0
53009308,22,13,9,7,6,1,10,5,5,3,2,1,2,0,2,0,0,0
53010701,43,21,22,12,7,5,24,12,12,4,2,2,3,0,3,0,0,0
53010702,585,288,297,239,134,105,260,128,132,47,20,27,39,6,33,0,0,0
53010704,26,11,15,13,5,8,12,6,6,0,0,0,1,0,1,0,0,0
53219301,248,135,113,101,63,38,93,48,45,34,19,15,18,3,15,0,0,0
53219302,233,117,116,79,42,37,104,53,51,30,15,15,20,7,13,0,0,0
1901282,0,0,0,0,0,0,0,0,0,0,0,0,0,0,0,0,0,0
53011501,289,139,150,105,58,47,124,63,61,37,12,25,22,5,17,0,0,0
53011502,49,22,27,18,6,12,15,8,7,8,5,3,7,2,5,1,1,0
53011504,46,25,21,22,13,9,19,10,9,3,1,2,2,1,1,0,0,0
53011505,37,21,16,10,6,4,20,11,9,4,3,1,3,1,2,0,0,0
53011506,30,12,18,14,4,10,9,5,4,4,3,1,3,0,3,0,0,0
53011507,38,19,19,20,12,8,14,7,7,1,0,1,3,0,3,0,0,0
53011508,39,22,17,13,9,4,24,13,11,0,0,0,2,0,2,0,0,0
53011509,25,12,13,8,4,4,8,4,4,5,4,1,4,0,4,0,0,0
53011510,58,30,28,24,15,9,25,13,12,4,2,2,5,0,5,0,0,0
53011512,86,49,37,38,24,14,31,15,16,10,7,3,7,3,4,0,0,0
53011517,21,8,13,8,3,5,9,4,5,3,1,2,1,0,1,0,0,0
53015801,35,15,20,12,6,6,18,9,9,2,0,2,3,0,3,0,0,0
53015802,211,114,97,81,49,32,94,47,47,23,14,9,13,4,9,0,0,0
53015803,99,50,49,43,24,19,38,19,19,7,5,2,11,2,9,0,0,0
53015804,24,14,10,7,6,1,12,6,6,4,2,2,1,0,1,0,0,0
53016601,31,16,15,11,6,5,14,7,7,3,2,1,3,1,2,0,0,0
53016602,621,310,311,234,128,106,280,141,139,55,35,20,51,5,46,0,0,0
53016604,67,29,38,28,16,12,23,11,12,6,2,4,10,0,10,0,0,0
53016606,27,14,13,8,4,4,16,8,8,3,2,1,0,0,0,0,0,0
53016607,41,21,20,20,11,9,14,8,6,3,1,2,4,1,3,0,0,0
53016610,69,36,33,26,15,11,30,15,15,8,5,3,5,1,4,0,0,0
53017401,202,108,94,88,48,40,89,45,44,15,12,3,10,3,7,0,0,0
53019101,211,112,99,77,53,24,97,49,48,14,8,6,22,2,20,1,0,1
53020401,70,37,33,35,18,17,24,12,12,9,6,3,2,1,1,0,0,0
53020402,705,350,355,289,159,130,299,151,148,70,37,33,44,2,42,3,1,2
53020404,132,66,66,57,31,26,44,22,22,21,10,11,10,3,7,0,0,0
1499690,0,0,0,0,0,0,0,0,0,0,0,0,0,0,0,0,0,0
53021201,76,37,39,26,14,12,37,18,19,5,4,1,8,1,7,0,0,0
53021202,52,25,27,19,9,10,28,14,14,4,2,2,1,0,1,0,0,0
53021203,74,41,33,29,19,10,35,19,16,6,2,4,4,1,3,0,0,0
53021204,686,350,336,309,178,131,253,124,129,74,35,39,50,13,37,0,0,0
53021205,36,21,15,19,11,8,14,7,7,2,2,0,1,1,0,0,0,0
53021206,22,13,9,8,6,2,12,6,6,1,1,0,1,0,1,0,0,0
53021207,37,21,16,12,7,5,20,11,9,4,3,1,1,0,1,0,0,0
53021208,35,17,18,13,8,5,14,7,7,2,2,0,6,0,6,0,0,0
53021209,33,17,16,15,7,8,8,4,4,6,5,1,4,1,3,0,0,0
53026301,248,122,126,91,44,47,102,53,49,39,20,19,16,5,11,0,0,0
53026302,543,265,278,236,124,112,211,103,108,69,29,40,26,8,18,1,1,0
53026303,22,10,12,12,6,6,4,2,2,4,1,3,2,1,1,0,0,0
53029801,61,31,30,35,18,17,19,10,9,5,3,2,2,0,2,0,0,0
53029802,29,16,13,13,8,5,12,6,6,2,2,0,2,0,2,0,0,0
53029803,997,490,507,439,238,201,384,190,194,115,49,66,57,12,45,2,1,1
53029804,24,9,15,13,5,8,5,2,3,2,2,0,4,0,4,0,0,0
53029805,35,21,14,14,8,6,13,7,6,6,6,0,2,0,2,0,0,0
53029806,26,14,12,10,6,4,12,6,6,2,1,1,2,1,1,0,0,0
53030101,37,19,18,15,8,7,19,10,9,0,0,0,3,1,2,0,0,0
53030102,30,13,17,20,7,13,4,2,2,5,3,2,1,1,0,0,0,0
53030103,33,20,13,21,13,8,7,4,3,3,2,1,2,1,1,0,0,0
53030104,25,12,13,11,7,4,10,5,5,2,0,2,2,0,2,0,0,0
53030105,27,17,10,9,8,1,13,6,7,5,3,2,0,0,0,0,0,0
53030106,81,42,39,28,15,13,39,20,19,9,6,3,5,1,4,0,0,0
53030107,42,21,21,19,9,10,12,6,6,7,4,3,4,2,2,0,0,0
53030108,192,105,87,76,43,33,76,40,36,28,19,9,12,3,9,0,0,0
53030109,46,20,26,18,7,11,24,13,11,1,0,1,3,0,3,0,0,0
53030116,20,11,9,9,6,3,10,5,5,1,0,1,0,0,0,0,0,0
1358101,0,0,0,0,0,0,0,0,0,0,0,0,0,0,0,0,0,0
53031001,25,13,12,9,5,4,10,5,5,4,2,2,2,1,1,0,0,0
53031002,91,42,49,33,15,18,43,22,21,9,4,5,6,1,5,0,0,0
53031003,50,30,20,22,17,5,23,12,11,3,0,3,2,1,1,0,0,0
53031004,68,34,34,33,20,13,26,13,13,4,1,3,5,0,5,0,0,0
53031005,152,85,67,62,40,22,64,34,30,13,7,6,11,3,8,1,1,0
53031006,77,37,40,34,19,15,25,13,12,9,5,4,9,0,9,0,0,0
53031007,52,28,24,22,13,9,21,10,11,3,1,2,6,4,2,0,0,0
53031008,24,11,13,10,4,6,10,5,5,3,2,1,1,0,1,0,0,0
53031009,112,59,53,51,29,22,51,26,25,7,3,4,3,1,2,0,0,0
53031010,45,19,26,20,8,12,13,7,6,6,3,3,6,1,5,0,0,0
53031011,28,12,16,10,3,7,15,7,8,2,2,0,1,0,1,0,0,0
53031012,39,18,21,14,8,6,14,7,7,7,3,4,4,0,4,0,0,0
53031013,54,23,31,21,9,12,27,13,14,2,1,1,4,0,4,0,0,0
53031015,1413,692,721,603,331,272,541,263,278,173,79,94,92,17,75,2,2,0
53031016,233,155,78,197,138,59,30,15,15,5,2,3,1,0,1,0,0,0
53031018,61,28,33,29,16,13,19,9,10,6,1,5,7,2,5,0,0,0
53031019,37,18,19,9,5,4,25,13,12,0,0,0,3,0,3,0,0,0
53031020,28,11,17,12,4,8,12,6,6,3,1,2,1,0,1,0,0,0
53031021,114,64,50,43,32,11,57,29,28,9,3,6,5,0,5,0,0,0
1098861,0,0,0,0,0,0,0,0,0,0,0,0,0,0,0,0,0,0
53034402,118,59,59,49,30,19,47,24,23,13,5,8,9,0,9,0,0,0
53034403,60,28,32,29,15,14,21,10,11,4,2,2,6,1,5,0,0,0
53034404,756,383,373,305,165,140,346,174,172,61,31,30,40,11,29,3,2,1
53034406,55,27,28,16,8,8,26,14,12,7,3,4,6,2,4,0,0,0
53034407,46,25,21,17,10,7,19,9,10,8,6,2,2,0,2,0,0,0
53034408,120,65,55,63,39,24,40,20,20,9,6,3,8,0,8,0,0,0
53034409,49,28,21,23,15,8,21,11,10,2,2,0,3,0,3,0,0,0
53034410,162,85,77,71,41,30,66,35,31,18,7,11,7,2,5,0,0,0
59939501,56,30,26,20,11,9,28,14,14,6,3,3,2,2,0,0,0,0
53035202,45,24,21,21,14,7,16,8,8,3,2,1,4,0,4,1,0,1
53035203,348,158,190,139,72,67,120,62,58,43,18,25,46,6,40,0,0,0
53035204,73,36,37,26,16,10,37,19,18,7,1,6,3,0,3,0,0,0
53307601,243,122,121,103,61,42,108,54,54,21,7,14,11,0,11,0,0,0
53040901,230,114,116,82,43,39,117,60,57,13,8,5,17,2,15,1,1,0
53040902,20,13,7,5,5,0,14,7,7,0,0,0,1,1,0,0,0,0
53040903,42,19,23,15,6,9,24,12,12,3,1,2,0,0,0,0,0,0
53264902,73,36,37,28,14,14,36,19,17,5,2,3,4,1,3,0,0,0
53264903,152,74,78,56,29,27,64,31,33,22,11,11,10,3,7,0,0,0
53264904,49,25,24,19,10,9,26,13,13,2,1,1,2,1,1,0,0,0
53044101,110,53,57,42,23,19,45,22,23,14,7,7,8,0,8,1,1,0
53044102,58,30,28,20,11,9,28,13,15,6,5,1,4,1,3,0,0,0
53044103,1326,678,648,567,323,244,520,259,261,156,77,79,77,13,64,3,3,0
53045001,52,26,26,25,16,9,18,9,9,5,1,4,4,0,4,0,0,0
53045002,48,26,22,22,15,7,20,9,11,0,0,0,6,2,4,0,0,0
53045003,101,50,51,48,26,22,32,17,15,12,4,8,9,3,6,0,0,0
53045005,49,21,28,18,8,10,20,11,9,3,2,1,8,0,8,0,0,0
53045006,126,65,61,49,28,21,65,34,31,7,3,4,5,0,5,0,0,0
53045007,25,14,11,10,6,4,12,6,6,1,0,1,2,2,0,0,0,0
53045008,86,48,38,39,23,16,40,20,20,5,5,0,2,0,2,0,0,0
53045009,82,35,47,36,16,20,30,15,15,8,4,4,6,0,6,0,0,0
53045011,120,62,58,51,30,21,47,26,21,12,4,8,8,0,8,0,0,0
53045012,76,42,34,40,24,16,28,15,13,5,3,2,3,0,3,0,0,0
53045013,648,333,315,266,157,109,287,142,145,51,23,28,42,9,33,2,2,0
53045014,21,10,11,8,4,4,9,5,4,1,1,0,3,0,3,0,0,0
53045016,27,15,12,18,11,7,6,3,3,3,1,2,0,0,0,0,0,0
53047601,42,23,19,20,13,7,10,5,5,6,3,3,6,2,4,0,0,0
53047602,98,45,53,39,18,21,47,24,23,1,1,0,9,1,8,2,1,1
53047604,42,22,20,14,9,5,22,11,11,3,1,2,3,1,2,0,0,0
53047605,346,183,163,136,83,53,153,77,76,29,20,9,28,3,25,0,0,0
53047606,40,22,18,19,11,8,18,9,9,2,2,0,1,0,1,0,0,0
3323300,0,0,0,0,0,0,0,0,0,0,0,0,0,0,0,0,0,0
53049201,31,15,16,11,6,5,13,7,6,5,2,3,2,0,2,0,0,0
53049202,36,18,18,12,8,4,16,8,8,7,2,5,1,0,1,0,0,0
53049203,295,147,148,117,62,55,146,70,76,17,13,4,15,2,13,0,0,0
53049205,67,31,36,30,14,16,26,13,13,7,3,4,4,1,3,0,0,0
53051401,129,70,59,50,30,20,57,29,28,11,8,3,9,1,8,1,1,0
53868001,106,51,55,42,24,18,49,23,26,7,3,4,8,1,7,0,0,0
53868002,56,30,26,19,12,7,33,16,17,1,1,0,2,0,2,1,1,0
53868003,102,50,52,47,21,26,40,21,19,12,6,6,3,2,1,0,0,0
53868004,1243,603,640,538,284,254,487,241,246,126,61,65,86,14,72,6,3,3
53868005,380,195,185,168,96,72,156,78,78,37,18,19,18,3,15,1,0,1
53868006,409,200,209,177,88,89,185,91,94,32,16,16,14,4,10,1,1,0
53052201,64,34,30,18,12,6,30,16,14,10,6,4,6,0,6,0,0,0
53052202,46,22,24,14,5,9,22,12,10,7,5,2,3,0,3,0,0,0
53052203,62,31,31,21,11,10,22,12,10,12,6,6,7,2,5,0,0,0
53052204,50,21,29,21,9,12,13,6,7,12,6,6,4,0,4,0,0,0
53052205,40,18,22,16,6,10,14,8,6,9,4,5,1,0,1,0,0,0
53052206,58,30,28,24,10,14,21,11,10,12,8,4,1,1,0,0,0,0
53053102,38,21,17,17,10,7,17,9,8,1,1,0,3,1,2,0,0,0
53053103,366,181,185,161,85,76,156,79,77,23,12,11,25,5,20,1,0,1
53054901,161,79,82,74,40,34,57,29,28,17,10,7,13,0,13,0,0,0
53255001,212,111,101,88,57,31,92,46,46,13,5,8,19,3,16,0,0,0
53255002,49,24,25,20,11,9,23,12,11,2,1,1,4,0,4,0,0,0
53871001,60,29,31,26,14,12,25,13,12,5,2,3,4,0,4,0,0,0
53871002,184,93,91,79,41,38,83,41,42,12,6,6,10,5,5,0,0,0
53871003,88,44,44,43,21,22,35,18,17,5,5,0,5,0,5,0,0,0
53871004,44,19,25,19,8,11,12,5,7,10,5,5,3,1,2,0,0,0
53871005,36,16,20,15,7,8,17,7,10,4,2,2,0,0,0,0,0,0
53871006,89,46,43,30,17,13,37,20,17,14,9,5,8,0,8,0,0,0
53871007,36,17,19,13,7,6,19,9,10,2,1,1,2,0,2,0,0,0
53294101,226,121,105,96,65,31,99,49,50,14,5,9,17,2,15,0,0,0
53438201,102,52,50,36,21,15,43,22,21,13,7,6,8,2,6,2,0,2
53438202,762,374,388,292,155,137,347,174,173,66,34,32,57,11,46,0,0,0
53438203,80,38,42,28,13,15,32,16,16,10,6,4,10,3,7,0,0,0
53438204,32,16,16,11,7,4,16,7,9,4,2,2,1,0,1,0,0,0
53438205,27,16,11,9,6,3,16,9,7,2,1,1,0,0,0,0,0,0
53438206,2716,1360,1356,1094,629,465,962,480,482,416,202,214,236,45,191,7,3,4
53223101,30,17,13,13,10,3,8,4,4,6,3,3,3,0,3,0,0,0
53061101,45,22,23,16,10,6,23,11,12,2,1,1,4,0,4,0,0,0
53061102,28,13,15,12,6,6,11,5,6,2,2,0,3,0,3,0,0,0
53061103,36,17,19,14,8,6,10,5,5,6,3,3,6,1,5,0,0,0
53061104,153,83,70,58,35,23,57,30,27,22,13,9,16,5,11,0,0,0
53243601,101,55,46,49,28,21,34,17,17,10,7,3,8,3,5,0,0,0
53063801,89,44,45,45,22,23,33,16,17,6,6,0,5,0,5,0,0,0
53063802,22,13,9,10,7,3,9,4,5,3,2,1,0,0,0,0,0,0
53063803,309,158,151,135,75,60,132,66,66,25,13,12,17,4,13,0,0,0
53063804,59,24,35,25,10,15,17,8,9,8,5,3,9,1,8,0,0,0
59938701,25,13,12,10,7,3,11,5,6,2,1,1,2,0,2,0,0,0
59938702,32,16,16,12,8,4,12,6,6,1,0,1,7,2,5,0,0,0
59938703,185,93,92,68,38,30,78,39,39,19,11,8,19,4,15,1,1,0
59937901,95,55,40,33,24,9,46,23,23,10,6,4,5,1,4,1,1,0
59937902,22,9,13,12,4,8,9,5,4,0,0,0,1,0,1,0,0,0
59936101,130,65,65,43,24,19,69,35,34,12,5,7,6,1,5,0,0,0
53068901,103,53,50,49,30,19,38,19,19,9,4,5,7,0,7,0,0,0
53068902,28,13,15,9,5,4,15,7,8,2,1,1,2,0,2,0,0,0
53068903,54,28,26,25,15,10,22,11,11,4,1,3,3,1,2,0,0,0
53068905,35,17,18,9,6,3,19,9,10,2,0,2,5,2,3,0,0,0
53068906,70,36,34,34,19,15,25,12,13,4,3,1,7,2,5,0,0,0
53068907,90,44,46,39,20,19,41,21,20,8,3,5,2,0,2,0,0,0
53068908,95,49,46,44,24,20,38,19,19,9,5,4,2,1,1,2,0,2
53068909,84,43,41,32,18,14,39,19,20,9,5,4,4,1,3,0,0,0
53068910,394,212,182,160,96,64,178,90,88,39,20,19,17,6,11,0,0,0
53070101,33,16,17,9,7,2,13,6,7,5,2,3,6,1,5,0,0,0
53070103,132,68,64,40,24,16,69,35,34,7,4,3,16,5,11,0,0,0
53070104,154,87,67,72,45,27,64,33,31,10,5,5,7,4,3,1,0,1
53071901,103,50,53,39,20,19,49,25,24,10,4,6,4,1,3,1,0,1
1624340,0,0,0,0,0,0,0,0,0,0,0,0,0,0,0,0,0,0
53250901,33,16,17,12,7,5,16,7,9,0,0,0,3,0,3,0,0,0
53250902,26,15,11,9,6,3,11,6,5,3,2,1,3,1,2,0,0,0
53075101,60,28,32,22,10,12,26,13,13,5,3,2,7,2,5,0,0,0
53075102,281,138,143,134,74,60,106,52,54,25,12,13,16,0,16,0,0,0
53076001,119,63,56,48,33,15,53,26,27,9,3,6,9,1,8,0,0,0
53076002,37,17,20,13,5,8,22,11,11,1,1,0,1,0,1,0,0,0
53076003,34,18,16,10,6,4,22,11,11,2,1,1,0,0,0,0,0,0
53076004,314,166,148,144,82,62,140,72,68,20,10,10,10,2,8,0,0,0
53077802,67,39,28,24,18,6,39,20,19,0,0,0,4,1,3,0,0,0
53077804,107,56,51,48,26,22,49,25,24,4,4,0,6,1,5,0,0,0
53077805,28,19,9,9,9,0,13,7,6,5,3,2,1,0,1,0,0,0
53259201,236,119,117,92,50,42,109,54,55,19,11,8,15,3,12,1,1,0
53254101,134,65,69,54,26,28,58,30,28,13,8,5,8,1,7,1,0,1
53081601,89,43,46,31,17,14,38,19,19,9,5,4,11,2,9,0,0,0
53081602,97,54,43,43,31,12,46,23,23,1,0,1,7,0,7,0,0,0
53081603,84,41,43,21,12,9,42,22,20,5,4,1,16,3,13,0,0,0
53081604,108,52,56,44,22,22,44,22,22,9,4,5,11,4,7,0,0,0
53081606,966,487,479,404,226,178,407,209,198,76,41,35,77,9,68,1,1,0
53230401,98,51,47,40,22,18,33,17,16,14,10,4,11,2,9,0,0,0
53084101,200,99,101,83,43,40,90,46,44,14,7,7,12,2,10,1,1,0
53084102,56,30,26,21,12,9,24,12,12,4,3,1,7,3,4,0,0,0
53084103,450,219,231,187,102,85,190,96,94,35,17,18,37,4,33,1,0,1
53084104,217,117,100,90,59,31,84,41,43,29,15,14,14,2,12,0,0,0
53084105,269,141,128,116,72,44,100,51,49,33,15,18,20,3,17,0,0,0
53084106,335,174,161,171,103,68,87,41,46,59,25,34,16,5,11,2,0,2
53084107,541,267,274,215,113,102,238,119,119,49,24,25,39,11,28,0,0,0
53084108,444,221,223,214,123,91,143,69,74,61,24,37,21,2,19,3,1,2
53084109,2920,1411,1509,1104,620,484,1129,558,571,385,173,212,290,54,236,12,6,6
53084110,305,153,152,136,73,63,120,60,60,25,13,12,23,6,17,1,1,0
53206101,420,207,213,182,97,85,177,87,90,31,19,12,28,4,24,2,0,2
53206102,111,55,56,43,21,22,46,23,23,12,6,6,10,5,5,0,0,0
53206103,86,46,40,42,24,18,31,15,16,10,5,5,3,2,1,0,0,0
1781012,0,0,0,0,0,0,0,0,0,0,0,0,0,0,0,0,0,0
53086701,113,60,53,54,33,21,44,22,22,9,4,5,6,1,5,0,0,0
53086703,192,101,91,73,44,29,101,51,50,7,3,4,11,3,8,0,0,0
53086705,24,14,10,8,5,3,13,7,6,1,1,0,1,0,1,1,1,0
1834910,0,0,0,0,0,0,0,0,0,0,0,0,0,0,0,0,0,0
3070090,0,0,0,0,0,0,0,0,0,0,0,0,0,0,0,0,0,0
3340490,0,0,0,0,0,0,0,0,0,0,0,0,0,0,0,0,0,0
53088301,268,132,136,91,51,40,133,67,66,19,8,11,23,4,19,0,0,0
53088302,140,70,70,53,30,23,62,32,30,15,7,8,9,1,8,1,0,1
53088303,26,14,12,6,4,2,9,5,4,8,5,3,3,0,3,0,0,0
53088304,592,295,297,232,129,103,264,130,134,54,29,25,42,7,35,0,0,0
53088306,57,31,26,17,13,4,22,11,11,11,5,6,7,2,5,0,0,0
53088308,103,59,44,47,31,16,43,21,22,10,7,3,3,0,3,0,0,0
53088309,60,31,29,37,20,17,16,8,8,4,2,2,3,1,2,0,0,0
53088310,20,10,10,6,3,3,12,6,6,2,1,1,0,0,0,0,0,0
53088311,28,17,11,8,6,2,12,8,4,3,2,1,5,1,4,0,0,0
53088312,425,211,214,163,94,69,197,97,100,32,16,16,31,2,29,0,0,0
53088313,179,91,88,82,48,34,61,30,31,27,13,14,9,0,9,0,0,0
53088315,1174,520,654,533,269,264,353,176,177,180,62,118,105,12,93,3,1,2
53088316,1911,864,1047,745,393,352,632,313,319,301,120,181,229,35,194,4,3,1
53088317,2769,1333,1436,1168,644,524,996,497,499,402,149,253,184,29,155,18,13,5
53088318,48,28,20,22,14,8,20,10,10,5,4,1,1,0,1,0,0,0
53088321,921,465,456,343,196,147,430,213,217,81,41,40,63,14,49,4,1,3
53088323,2563,1256,1307,977,545,432,1140,575,565,219,91,128,224,42,182,1,1,0
53261401,108,59,49,48,26,22,43,22,21,12,9,3,5,2,3,0,0,0
53089101,60,33,27,26,20,6,26,12,14,4,1,3,4,0,4,0,0,0
53089103,53,24,29,22,8,14,25,13,12,3,3,0,3,0,3,0,0,0
53089104,33,17,16,9,5,4,16,8,8,5,3,2,3,1,2,0,0,0
53089105,40,23,17,14,9,5,16,8,8,7,5,2,3,1,2,0,0,0
53089106,334,147,187,104,60,44,109,53,56,45,25,20,74,8,66,2,1,1
53089107,32,13,19,16,8,8,10,5,5,2,0,2,4,0,4,0,0,0
0152702,0,0,0,0,0,0,0,0,0,0,0,0,0,0,0,0,0,0
53090501,101,45,56,39,16,23,49,24,25,7,4,3,6,1,5,0,0,0
53090503,43,22,21,17,10,7,22,11,11,0,0,0,4,1,3,0,0,0
53090504,34,15,19,20,9,11,7,3,4,6,3,3,1,0,1,0,0,0
53090505,36,19,17,13,8,5,16,8,8,0,0,0,7,3,4,0,0,0
53090506,60,32,28,26,15,11,22,11,11,8,5,3,4,1,3,0,0,0
53090508,78,40,38,31,15,16,30,15,15,11,8,3,5,1,4,0,0,0
53090509,41,19,22,17,6,11,20,10,10,4,3,1,0,0,0,0,0,0
53090510,24,11,13,7,3,4,9,5,4,4,2,2,4,1,3,0,0,0
53090511,62,32,30,22,12,10,31,16,15,3,2,1,6,2,4,0,0,0
53090512,49,23,26,20,9,11,23,12,11,2,2,0,4,0,4,0,0,0
53090514,40,21,19,19,8,11,15,8,7,4,4,0,2,1,1,0,0,0
53090515,24,12,12,8,5,3,11,5,6,2,2,0,3,0,3,0,0,0
53090516,82,42,40,28,18,10,41,21,20,9,2,7,4,1,3,0,0,0
53090518,29,13,16,18,9,9,10,4,6,1,0,1,0,0,0,0,0,0
53090521,57,30,27,17,10,7,26,14,12,8,5,3,6,1,5,0,0,0
53090523,307,149,158,103,62,41,135,68,67,22,9,13,46,9,37,1,1,0
53090524,2321,1121,1200,936,523,413,897,453,444,288,110,178,197,34,163,3,1,2
53090525,477,232,245,231,134,97,158,75,83,59,19,40,27,3,24,2,1,1
53090526,459,242,217,202,113,89,191,95,96,38,24,14,27,9,18,1,1,0
53090527,47,19,28,18,5,13,25,12,13,2,2,0,1,0,1,0,0,0
53091301,108,61,47,42,30,12,51,25,26,7,5,2,8,1,7,0,0,0
53091302,284,145,139,120,68,52,127,64,63,16,8,8,21,5,16,0,0,0
1853533,0,0,0,0,0,0,0,0,0,0,0,0,0,0,0,0,0,0
53092101,83,46,37,34,22,12,35,18,17,10,6,4,4,0,4,0,0,0
53092102,94,45,49,44,21,23,34,18,16,8,5,3,8,1,7,0,0,0
53092103,165,73,92,59,25,34,87,44,43,11,4,7,8,0,8,0,0,0
53092104,107,58,49,42,23,19,48,25,23,16,9,7,1,1,0,0,0,0
1864653,0,0,0,0,0,0,0,0,0,0,0,0,0,0,0,0,0,0
53094801,27,15,12,14,9,5,8,4,4,3,2,1,2,0,2,0,0,0
53094802,51,27,24,23,12,11,20,11,9,6,3,3,2,1,1,0,0,0
53094803,42,22,20,23,12,11,16,9,7,2,1,1,1,0,1,0,0,0
53094806,32,15,17,12,7,5,14,7,7,4,1,3,2,0,2,0,0,0
53094807,24,12,12,8,4,4,7,4,3,7,4,3,2,0,2,0,0,0
53094808,51,26,25,21,12,9,23,11,12,4,3,1,3,0,3,0,0,0
53094809,799,404,395,350,194,156,321,160,161,77,40,37,50,9,41,1,1,0
53226601,110,53,57,41,19,22,50,26,24,10,7,3,9,1,8,0,0,0
51348201,70,35,35,27,14,13,31,15,16,8,4,4,4,2,2,0,0,0
51348202,115,56,59,44,23,21,52,26,26,6,5,1,13,2,11,0,0,0
57141501,54,30,24,23,15,8,22,11,11,6,3,3,3,1,2,0,0,0
53102201,514,252,262,201,116,85,231,115,116,42,14,28,39,6,33,1,1,0
0834452,0,0,0,0,0,0,0,0,0,0,0,0,0,0,0,0,0,0
53104901,27,12,15,7,4,3,14,7,7,0,0,0,6,1,5,0,0,0
53104902,20,8,12,4,2,2,6,4,2,3,1,2,5,0,5,1,1,0
53104903,82,40,42,29,15,14,26,13,13,15,10,5,12,2,10,0,0,0
53104904,91,51,40,64,37,27,11,6,5,7,4,3,5,2,3,1,1,0
53104906,37,22,15,13,9,4,11,5,6,6,4,2,7,4,3,0,0,0
53104908,148,74,74,41,26,15,73,37,36,15,6,9,19,5,14,0,0,0
0012105,0,0,0,0,0,0,0,0,0,0,0,0,0,0,0,0,0,0
53442101,228,113,115,102,53,49,82,42,40,35,18,17,9,0,9,0,0,0
53442102,29,15,14,13,7,6,8,4,4,8,4,4,0,0,0,0,0,0
53442103,46,23,23,20,12,8,21,10,11,4,1,3,1,0,1,0,0,0
53442104,96,48,48,46,25,21,47,23,24,2,0,2,1,0,1,0,0,0
3209190,0,0,0,0,0,0,0,0,0,0,0,0,0,0,0,0,0,0
53105701,921,520,401,520,301,219,206,105,101,172,108,64,18,2,16,4,4,0
53105702,238,116,122,94,47,47,113,57,56,19,10,9,12,2,10,0,0,0
53105703,324,155,169,140,70,70,140,71,69,33,13,20,11,1,10,0,0,0
53105704,122,61,61,50,28,22,57,29,28,9,4,5,5,0,5,1,0,1
53105705,1236,563,673,443,226,217,538,268,270,109,47,62,142,21,121,4,1,3
53105706,77,38,39,38,21,17,23,11,12,5,2,3,9,2,7,1,1,0
53105707,957,451,506,506,246,260,342,169,173,81,29,52,23,3,20,5,4,1
53105708,34,16,18,13,7,6,12,6,6,8,3,5,1,0,1,0,0,0
53105709,493,228,265,278,138,140,146,70,76,48,15,33,18,2,16,3,3,0
53105710,329,174,155,149,78,71,105,64,41,50,23,27,15,2,13,10,7,3
53105711,70,36,34,40,22,18,16,9,7,10,5,5,4,0,4,0,0,0
53105712,206,103,103,107,58,49,49,24,25,40,19,21,9,1,8,1,1,0
53105713,710,351,359,374,204,170,244,120,124,73,23,50,17,2,15,1,1,0
53105714,3424,1616,1808,1459,784,675,1189,600,589,522,191,331,236,30,206,14,9,5
53105715,2532,1177,1355,1063,579,484,800,396,404,424,155,269,233,39,194,11,7,4
53105716,1203,558,645,492,267,225,424,212,212,185,59,126,98,20,78,4,0,4
53105717,1967,937,1030,860,489,371,626,308,318,315,118,197,155,18,137,9,2,7
53105718,2160,1054,1106,900,480,420,866,429,437,250,114,136,131,22,109,11,7,4
53105719,66,35,31,28,15,13,31,16,15,5,3,2,2,1,1,0,0,0
53105720,68,38,30,31,19,12,25,13,12,8,4,4,4,2,2,0,0,0
53105722,124,64,60,63,35,28,46,23,23,10,4,6,1,0,1,3,1,2
53105723,87,38,49,37,17,20,31,15,16,14,6,8,4,0,4,1,0,1
53105724,1097,529,568,437,240,197,469,228,241,107,46,61,82,13,69,0,0,0
53105726,1394,674,720,589,323,266,562,274,288,138,57,81,97,14,83,6,5,1
53105727,712,344,368,331,165,166,256,128,128,84,41,43,37,6,31,4,4,0
53107301,331,161,170,128,69,59,138,70,68,38,20,18,27,2,25,0,0,0
53108101,902,444,458,370,204,166,410,206,204,64,28,36,57,5,52,1,1,0
53108102,75,36,39,23,13,10,35,18,17,12,5,7,5,0,5,0,0,0
53109001,338,161,177,138,72,66,136,67,69,40,21,19,24,1,23,0,0,0
53110301,628,315,313,286,151,135,250,123,127,66,34,32,21,4,17,3,1,2
53414501,239,113,126,103,48,55,91,46,45,31,13,18,13,5,8,0,0,0
53112001,439,226,213,183,101,82,188,94,94,39,23,16,27,7,20,2,1,1
53113801,897,450,447,365,205,160,363,186,177,101,46,55,67,12,55,1,1,0
53113802,256,121,135,95,48,47,118,58,60,24,12,12,19,3,16,0,0,0
53115401,773,377,396,313,168,145,331,168,163,68,32,36,60,8,52,1,1,0
3303020,0,0,0,0,0,0,0,0,0,0,0,0,0,0,0,0,0,0
53116201,274,152,122,104,68,36,137,71,66,15,9,6,18,4,14,0,0,0
53117101,929,441,488,398,199,199,362,180,182,111,48,63,55,12,43,1,0,1
53117102,363,180,183,146,77,69,167,82,85,34,17,17,15,3,12,1,1,0
0454110,0,0,0,0,0,0,0,0,0,0,0,0,0,0,0,0,0,0
0454380,0,0,0,0,0,0,0,0,0,0,0,0,0,0,0,0,0,0
53118901,1023,524,499,431,259,172,358,184,174,145,67,78,79,10,69,9,4,5
53118902,645,341,304,252,151,101,248,124,124,89,46,43,45,14,31,11,6,5
53118903,157,82,75,60,37,23,69,35,34,14,6,8,13,3,10,1,1,0
53118904,36,14,22,15,6,9,8,4,4,5,4,1,8,0,8,0,0,0
53118905,1240,589,651,410,226,184,562,282,280,111,50,61,153,30,123,4,1,3
53118906,1253,590,663,581,306,275,395,203,192,193,73,120,81,7,74,3,1,2
53118907,88,44,44,43,24,19,31,16,15,8,2,6,4,0,4,0,0,0
53118908,245,133,112,97,59,38,102,59,43,25,10,15,17,2,15,4,3,1
53118909,723,342,381,277,146,131,300,151,149,90,34,56,56,11,45,0,0,0
53118910,1425,661,764,620,320,300,487,240,247,228,80,148,82,16,66,7,4,3
53120101,144,79,65,69,46,23,59,30,29,10,3,7,6,0,6,0,0,0
53120102,1426,723,703,601,329,272,609,310,299,131,70,61,79,10,69,6,4,2
53120103,79,28,51,15,11,4,8,6,2,11,5,6,41,6,35,4,0,4
53120104,43,20,23,12,4,8,22,11,11,6,4,2,3,1,2,0,0,0
53120105,175,90,85,67,37,30,72,39,33,18,9,9,18,5,13,0,0,0
53121901,401,213,188,153,93,60,173,89,84,42,26,16,32,5,27,1,0,1
53122702,31,19,12,11,7,4,13,8,5,6,3,3,0,0,0,0,0,0
53122703,1207,599,608,484,274,210,494,250,244,119,56,63,107,18,89,3,1,2
3303290,0,0,0,0,0,0,0,0,0,0,0,0,0,0,0,0,0,0
53123501,198,105,93,69,41,28,96,48,48,16,10,6,17,6,11,0,0,0
53123502,59,32,27,26,18,8,18,10,8,8,3,5,7,1,6,0,0,0
53124301,2096,1040,1056,932,510,422,835,418,417,209,94,115,109,13,96,11,5,6
3303370,0,0,0,0,0,0,0,0,0,0,0,0,0,0,0,0,0,0
53125101,150,82,68,68,41,27,65,34,31,11,5,6,6,2,4,0,0,0
53125102,65,31,34,20,13,7,33,17,16,7,1,6,5,0,5,0,0,0
53125103,236,120,116,93,48,45,98,49,49,25,18,7,20,5,15,0,0,0
53125104,77,38,39,32,15,17,30,15,15,7,5,2,8,3,5,0,0,0
53445501,230,115,115,86,47,39,96,50,46,25,12,13,22,5,17,1,1,0
53444701,693,362,331,278,155,123,313,162,151,69,36,33,29,7,22,4,2,2
53367001,1074,548,526,454,254,200,461,235,226,111,53,58,42,3,39,6,3,3
53129401,1153,569,584,466,261,205,450,228,222,129,58,71,104,22,82,2,0,2
53129402,147,80,67,47,30,17,60,30,30,29,18,11,11,2,9,0,0,0
53129403,73,42,31,23,15,8,39,20,19,6,4,2,5,3,2,0,0,0
53129404,130,62,68,44,25,19,65,32,33,12,4,8,9,1,8,0,0,0
53129405,22,11,11,7,4,3,13,7,6,2,0,2,0,0,0,0,0,0
53129406,322,153,169,146,71,75,117,59,58,36,16,20,22,7,15,1,0,1
53129407,75,35,40,28,14,14,35,17,18,7,3,4,5,1,4,0,0,0
53130801,207,105,102,82,46,36,87,44,43,22,11,11,16,4,12,0,0,0
53131601,102,46,56,37,18,19,42,22,20,16,4,12,6,1,5,1,1,0
53131602,278,151,127,123,77,46,103,52,51,35,17,18,16,4,12,1,1,0
53131603,391,192,199,159,89,70,152,75,77,40,18,22,36,6,30,0,0,0
53131604,100,49,51,45,22,23,38,19,19,14,8,6,3,0,3,0,0,0
53132401,23,12,11,8,6,2,9,4,5,3,2,1,3,0,3,0,0,0
53132402,109,52,57,52,24,28,48,24,24,5,3,2,4,1,3,0,0,0
53132403,2214,1115,1099,788,448,340,995,512,483,259,107,152,157,36,121,15,12,3
53133201,39,19,20,19,10,9,17,8,9,1,0,1,2,1,1,0,0,0
53133202,205,117,88,98,61,37,74,40,34,18,12,6,15,4,11,0,0,0
53379301,128,58,70,45,20,25,60,30,30,13,6,7,10,2,8,0,0,0
53407201,120,65,55,52,32,20,50,25,25,12,7,5,5,1,4,0,0,0
53407202,174,89,85,71,43,28,69,34,35,18,8,10,14,3,11,2,1,1
0730590,0,0,0,0,0,0,0,0,0,0,0,0,0,0,0,0,0,0
53320301,213,118,95,99,64,35,55,28,27,42,24,18,17,2,15,0,0,0
53320302,143,71,72,66,36,30,40,21,19,23,9,14,13,4,9,1,1,0
53320304,582,290,292,229,128,101,234,118,116,73,35,38,46,9,37,0,0,0
53320305,63,31,32,28,16,12,26,12,14,6,2,4,3,1,2,0,0,0
53320307,1375,672,703,607,329,278,518,263,255,164,61,103,83,18,65,2,1,1
53320309,451,221,230,227,113,114,189,95,94,29,12,17,5,1,4,1,0,1
53320310,620,318,302,298,161,137,246,126,120,61,28,33,11,1,10,3,1,2
53320311,1429,707,722,724,366,358,575,284,291,102,44,58,20,8,12,4,1,3
53320312,774,373,401,362,176,186,338,164,174,58,28,30,13,3,10,3,2,1
53320313,138,86,52,53,29,24,54,39,15,24,15,9,4,1,3,3,2,1
53320314,1279,611,668,572,305,267,464,231,233,173,65,108,68,8,60,2,2,0
53320315,791,411,380,381,215,166,230,116,114,132,71,61,47,8,39,1,1,0
53320316,1260,631,629,672,345,327,455,231,224,114,50,64,15,3,12,3,1,2
53320317,791,367,424,320,172,148,281,137,144,107,42,65,78,13,65,5,3,2
53320319,95,52,43,46,29,17,18,10,8,26,11,15,4,1,3,0,0,0
53137501,444,219,225,172,90,82,196,96,100,39,23,16,36,10,26,1,0,1
53137502,188,93,95,70,34,36,92,47,45,17,10,7,9,2,7,0,0,0
53393902,78,48,30,37,25,12,34,19,15,4,3,1,3,1,2,0,0,0
53393903,28,13,15,16,8,8,10,5,5,0,0,0,2,0,2,0,0,0
53333501,363,184,179,156,83,73,140,71,69,40,24,16,27,6,21,0,0,0
53144801,576,291,285,232,129,103,249,130,119,54,24,30,37,4,33,2,2,0
53144802,63,31,32,33,14,19,20,11,9,6,6,0,4,0,4,0,0,0
53145601,183,94,89,90,53,37,67,33,34,13,8,5,13,0,13,0,0,0
53145602,28,16,12,16,10,6,8,4,4,3,2,1,1,0,1,0,0,0
53145603,108,60,48,42,28,14,53,27,26,7,4,3,5,1,4,1,0,1
53145604,928,456,472,411,218,193,362,185,177,96,43,53,57,8,49,2,2,0
53146401,1676,851,825,756,428,328,642,324,318,176,83,93,90,9,81,11,6,5
53146402,308,144,164,123,59,64,126,63,63,36,18,18,23,4,19,0,0,0
53147202,1109,587,522,518,317,201,414,204,210,101,55,46,73,10,63,2,1,1
53147203,110,60,50,45,27,18,47,25,22,9,4,5,8,3,5,1,1,0
53147204,161,76,85,83,42,41,56,25,31,12,5,7,10,4,6,0,0,0
53440401,155,86,69,70,43,27,61,32,29,14,8,6,10,3,7,0,0,0
3303450,0,0,0,0,0,0,0,0,0,0,0,0,0,0,0,0,0,0
53331901,103,52,51,34,20,14,53,26,27,7,3,4,9,3,6,0,0,0
53421801,99,56,43,39,26,13,39,20,19,10,6,4,11,4,7,0,0,0
53152901,246,126,120,106,60,46,103,52,51,20,11,9,16,3,13,0,0,0
53152902,61,28,33,29,15,14,20,10,10,4,3,1,8,0,8,0,0,0
53153701,576,274,302,225,110,115,280,141,139,42,19,23,28,4,24,1,0,1
53154501,742,388,354,302,171,131,323,168,155,73,40,33,42,9,33,2,0,2
53154502,102,47,55,38,16,22,41,21,20,11,8,3,11,2,9,1,0,1
53391201,148,76,72,71,38,33,58,30,28,7,6,1,12,2,10,0,0,0
53391202,36,15,21,15,6,9,14,6,8,4,2,2,3,1,2,0,0,0
53360201,292,145,147,126,69,57,114,56,58,36,18,18,16,2,14,0,0,0
53426901,192,99,93,81,45,36,85,43,42,17,9,8,9,2,7,0,0,0
53158801,581,287,294,260,140,120,220,114,106,56,27,29,45,6,39,0,0,0
53159601,995,510,485,419,246,173,387,193,194,112,52,60,70,12,58,4,4,0
53159602,373,193,180,158,91,67,153,76,77,40,20,20,21,5,16,1,1,0
53159603,427,217,210,187,104,83,165,84,81,52,24,28,21,3,18,2,2,0
53159604,295,159,136,115,71,44,121,63,58,33,19,14,22,3,19,2,1,1
53160001,684,331,353,285,156,129,283,142,141,66,25,41,48,6,42,0,0,0
53160002,30,16,14,8,5,3,10,5,5,8,5,3,4,1,3,0,0,0
53162601,453,238,215,184,114,70,172,85,87,55,26,29,41,13,28,1,0,1
53163401,177,87,90,60,33,27,92,45,47,15,6,9,9,2,7,1,1,0
53163402,641,325,316,273,153,120,256,128,128,62,30,32,49,13,36,0,0,0
53164201,215,120,95,88,59,29,90,46,44,18,12,6,19,3,16,0,0,0
53164202,89,46,43,33,20,13,39,19,20,11,5,6,6,2,4,0,0,0
53411101,189,95,94,81,45,36,86,42,44,14,6,8,8,2,6,0,0,0
53166901,137,72,65,60,35,25,46,23,23,18,12,6,13,2,11,0,0,0
53166902,240,125,115,95,64,31,100,51,49,21,8,13,24,2,22,0,0,0
53166903,115,51,64,39,16,23,63,31,32,5,2,3,7,2,5,1,0,1
53428501,225,120,105,92,61,31,102,52,50,15,7,8,16,0,16,0,0,0
3303110,0,0,0,0,0,0,0,0,0,0,0,0,0,0,0,0,0,0
53168501,648,332,316,260,163,97,264,130,134,68,27,41,54,10,44,2,2,0
53169301,892,455,437,390,226,164,346,171,175,86,40,46,65,15,50,3,1,2
53171501,482,246,236,186,108,78,202,101,101,55,30,25,37,6,31,2,1,1
53396301,87,40,47,34,18,16,43,22,21,5,0,5,5,0,5,0,0,0
53396302,42,20,22,20,10,10,14,7,7,5,3,2,3,0,3,0,0,0
53174001,140,76,64,51,34,17,66,33,33,13,9,4,10,0,10,0,0,0
53174002,310,155,155,120,59,61,141,72,69,33,20,13,16,4,12,0,0,0
53174003,65,29,36,34,15,19,23,11,12,7,3,4,1,0,1,0,0,0
53174004,20,10,10,8,4,4,9,5,4,2,1,1,1,0,1,0,0,0
53174006,71,40,31,40,26,14,18,9,9,9,5,4,4,0,4,0,0,0
53175801,94,42,52,35,17,18,44,21,23,7,3,4,7,0,7,1,1,0
53175802,457,229,228,189,102,87,180,92,88,52,28,24,35,6,29,1,1,0
53176601,455,236,219,172,96,76,207,106,101,44,27,17,31,6,25,1,1,0
53178202,506,272,234,234,150,84,177,88,89,54,27,27,36,5,31,2,1,1
53179101,530,270,260,229,130,99,207,103,104,53,27,26,40,9,31,0,0,0
1602532,0,0,0,0,0,0,0,0,0,0,0,0,0,0,0,0,0,0
53180401,54,28,26,23,14,9,16,7,9,10,5,5,5,2,3,0,0,0
53180402,73,41,32,31,18,13,34,18,16,5,4,1,3,1,2,0,0,0
53180403,64,32,32,31,15,16,29,15,14,3,2,1,1,0,1,0,0,0
53181201,399,193,206,182,89,93,165,83,82,42,19,23,9,2,7,1,0,1
53181202,129,66,63,57,30,27,49,25,24,20,10,10,3,1,2,0,0,0
53181203,441,216,225,195,100,95,190,96,94,36,14,22,20,6,14,0,0,0
53183903,823,412,411,328,181,147,354,177,177,82,45,37,58,8,50,1,1,0
53184701,1043,538,505,396,220,176,490,262,228,84,37,47,61,11,50,12,8,4
53185501,143,74,69,66,38,28,60,31,29,9,4,5,8,1,7,0,0,0
53185502,1067,540,527,493,289,204,346,167,179,146,69,77,77,11,66,5,4,1
53446301,256,123,133,107,57,50,87,45,42,38,16,22,24,5,19,0,0,0
53310601,578,302,276,244,139,105,269,135,134,41,20,21,20,4,16,0,0,0
53188001,195,92,103,84,41,43,87,44,43,15,6,9,9,1,8,0,0,0
53190101,680,341,339,284,153,131,294,148,146,53,30,23,47,8,39,1,1,0
53191001,208,103,105,81,42,39,88,47,41,21,12,9,16,2,14,2,0,2
53191002,30,15,15,12,8,4,8,4,4,5,3,2,5,0,5,0,0,0
53191003,191,100,91,83,48,35,75,38,37,21,10,11,12,4,8,0,0,0
53423401,118,62,56,45,28,17,57,28,29,6,4,2,10,2,8,0,0,0
53404801,276,134,142,121,65,56,100,50,50,30,17,13,24,1,23,1,1,0
53194401,192,97,95,80,40,40,75,39,36,34,17,17,3,1,2,0,0,0
53194402,739,358,381,306,166,140,288,146,142,88,39,49,56,7,49,1,0,1
53194403,304,144,160,105,50,55,156,77,79,25,11,14,17,6,11,1,0,1
53195201,449,228,221,198,111,87,174,88,86,47,24,23,29,4,25,1,1,0
53196101,249,120,129,116,62,54,84,42,42,29,15,14,19,1,18,1,0,1
53196102,190,90,100,92,46,46,69,35,34,22,8,14,7,1,6,0,0,0
53196103,1253,638,615,599,313,286,525,260,265,81,47,34,28,3,25,16,11,5
53197901,990,500,490,411,234,177,410,205,205,103,51,52,62,7,55,3,3,0
53199501,159,85,74,54,33,21,64,34,30,24,13,11,15,3,12,0,0,0
53199502,126,63,63,44,24,20,68,33,35,7,5,2,6,0,6,1,1,0
53199503,166,85,81,73,43,30,64,30,34,17,11,6,11,1,10,1,0,1
53199505,211,100,111,84,46,38,95,48,47,12,5,7,20,1,19,0,0,0
53199506,783,407,376,322,195,127,328,164,164,75,39,36,56,8,48,2,1,1
53200201,494,257,237,209,118,91,209,108,101,50,26,24,26,5,21,0,0,0
53201101,204,102,102,81,48,33,80,40,40,34,13,21,9,1,8,0,0,0
53201102,192,92,100,78,42,36,75,38,37,21,8,13,18,4,14,0,0,0
53201103,259,135,124,116,73,43,90,44,46,34,15,19,18,3,15,1,0,1
53201104,3460,1697,1763,1389,768,621,1346,688,658,378,176,202,332,59,273,10,4,6
53202901,95,51,44,39,23,16,39,20,19,13,7,6,4,1,3,0,0,0
53202903,2087,1030,1057,869,483,386,838,411,427,241,107,134,128,23,105,10,5,5
59941701,306,152,154,143,73,70,126,62,64,21,13,8,15,4,11,0,0,0
53501001,304,160,144,113,72,41,138,71,67,32,14,18,20,2,18,1,1,0
53207001,202,100,102,83,44,39,90,45,45,19,10,9,9,0,9,1,1,0
53208801,90,48,42,36,21,15,37,17,20,11,6,5,3,1,2,1,1,0
53208802,298,146,152,129,65,64,121,61,60,31,15,16,16,4,12,1,1,0
53512501,196,101,95,74,41,33,76,39,37,25,14,11,20,6,14,1,1,0
53210001,286,142,144,107,61,46,119,59,60,37,18,19,22,3,19,0,0,0
53211801,1427,690,737,614,317,297,587,290,297,139,63,76,78,17,61,4,2,2
53211802,717,369,348,306,179,127,300,149,151,75,34,41,35,6,29,1,1,0
53212601,462,225,237,184,103,81,180,91,89,56,23,33,39,7,32,3,1,2
53212602,65,25,40,26,9,17,25,13,12,8,2,6,6,1,5,0,0,0
53212603,591,288,303,226,125,101,285,141,144,43,19,24,37,3,34,0,0,0
53214201,98,49,49,35,17,18,39,20,19,15,8,7,8,3,5,1,1,0
53214202,731,365,366,313,175,138,280,141,139,77,39,38,59,9,50,2,1,1
53214203,129,69,60,59,37,22,41,21,20,21,9,12,8,2,6,0,0,0
53216903,3859,1889,1970,1741,915,826,1558,778,780,348,145,203,194,40,154,10,6,4
53218501,686,345,341,298,162,136,277,139,138,68,36,32,39,6,33,4,2,2
53218502,57,27,30,29,15,14,15,7,8,11,4,7,2,1,1,0,0,0
53218503,41,20,21,13,6,7,16,8,8,10,6,4,2,0,2,0,0,0
53220701,126,63,63,61,34,27,44,21,23,13,6,7,7,1,6,1,1,0
53220702,72,38,34,26,12,14,31,16,15,10,7,3,3,1,2,0,0,0
53220703,542,263,279,235,131,104,194,98,96,57,25,32,55,9,46,1,0,1
53220704,188,95,93,81,47,34,67,33,34,24,9,15,16,6,10,0,0,0
53222301,1712,832,880,690,359,331,724,361,363,181,85,96,112,23,89,5,4,1
51313001,285,141,144,127,62,65,118,62,56,24,16,8,16,1,15,0,0,0
51299101,190,92,98,80,48,32,74,37,37,17,7,10,19,0,19,0,0,0
53227401,72,40,32,28,17,11,25,14,11,18,8,10,1,1,0,0,0,0
53227402,972,493,479,382,209,173,433,215,218,106,55,51,51,14,37,0,0,0
53228201,458,227,231,214,116,98,165,82,83,48,25,23,31,4,27,0,0,0
53229101,42,19,23,15,8,7,16,8,8,6,2,4,5,1,4,0,0,0
53229102,292,152,140,137,75,62,97,51,46,37,20,17,18,4,14,3,2,1
51307501,198,106,92,75,43,32,84,41,43,28,18,10,11,4,7,0,0,0
51307502,76,37,39,33,15,18,30,16,14,7,4,3,6,2,4,0,0,0
51307503,74,32,42,42,18,24,20,10,10,6,4,2,6,0,6,0,0,0
53231201,778,371,407,307,146,161,370,191,179,56,23,33,44,10,34,1,1,0
53232101,249,128,121,110,61,49,95,47,48,28,17,11,16,3,13,0,0,0
53515001,132,65,67,65,38,27,45,22,23,12,2,10,9,2,7,1,1,0
53233901,522,265,257,225,127,98,206,102,104,55,31,24,34,5,29,2,0,2
53233902,23,12,11,9,6,3,9,5,4,5,1,4,0,0,0,0,0,0
53234701,1562,797,765,687,381,306,651,329,322,136,65,71,81,18,63,4,2,2
53235501,153,71,82,66,31,35,59,30,29,18,8,10,10,2,8,0,0,0
53235502,103,48,55,35,17,18,44,22,22,14,7,7,10,2,8,0,0,0
53235503,246,124,122,96,52,44,105,52,53,30,17,13,14,3,11,1,0,1
53236301,516,266,250,201,112,89,244,122,122,49,27,22,20,5,15,2,0,2
53237101,2061,1032,1029,876,466,410,895,444,451,190,98,92,92,19,73,8,5,3
53237102,41,22,19,16,9,7,17,9,8,5,3,2,3,1,2,0,0,0
53239801,108,54,54,59,32,27,34,18,16,9,3,6,5,0,5,1,1,0
53239802,48,24,24,29,16,13,14,7,7,4,1,3,1,0,1,0,0,0
53239803,159,93,66,73,50,23,61,29,32,22,13,9,3,1,2,0,0,0
53240101,22,12,10,10,6,4,4,2,2,6,4,2,2,0,2,0,0,0
53240102,278,138,140,125,64,61,106,52,54,30,17,13,17,5,12,0,0,0
53241001,441,231,210,197,111,86,180,91,89,39,22,17,25,7,18,0,0,0
53242801,281,147,134,125,70,55,113,58,55,25,13,12,18,6,12,0,0,0
53244401,1195,590,605,469,258,211,521,256,265,126,61,65,79,15,64,0,0,0
53245201,29,17,12,12,7,5,11,6,5,4,2,2,2,2,0,0,0,0
53245202,1279,627,652,479,257,222,551,275,276,148,70,78,100,25,75,1,0,1
53245203,336,163,173,133,72,61,150,76,74,31,12,19,22,3,19,0,0,0
51303201,402,202,200,158,90,68,161,80,81,55,25,30,27,6,21,1,1,0
0649980,0,0,0,0,0,0,0,0,0,0,0,0,0,0,0,0,0,0
0651960,0,0,0,0,0,0,0,0,0,0,0,0,0,0,0,0,0,0
3071140,0,0,0,0,0,0,0,0,0,0,0,0,0,0,0,0,0,0
3071220,0,0,0,0,0,0,0,0,0,0,0,0,0,0,0,0,0,0
53205301,253,140,113,141,88,53,66,32,34,34,17,17,11,3,8,1,0,1
53205302,214,113,101,77,50,27,98,50,48,24,11,13,15,2,13,0,0,0
53205303,991,502,489,469,252,217,338,172,166,122,60,62,51,8,43,9,8,1
53205304,579,298,281,268,159,109,201,102,99,69,28,41,37,8,29,3,1,2
53205305,22,18,4,8,8,0,6,5,1,7,4,3,0,0,0,1,1,0
53205306,424,205,219,167,88,79,157,81,76,57,29,28,41,5,36,0,0,0
53205307,2913,1363,1550,1325,700,625,781,389,392,537,227,310,248,35,213,14,8,6
53205308,514,252,262,241,124,117,170,88,82,73,34,39,27,6,21,1,0,1
53205309,4857,2277,2580,2077,1071,1006,1685,842,843,757,289,468,308,54,254,25,18,7
53205310,56,28,28,27,16,11,18,9,9,4,1,3,7,2,5,0,0,0
53205311,113,28,85,17,9,8,15,8,7,14,2,12,65,8,57,2,1,1
53205312,205,104,101,105,55,50,61,31,30,32,18,14,7,0,7,0,0,0
53205313,5368,2968,2400,2849,1728,1121,1291,647,644,1007,544,463,188,37,151,25,10,15
53205314,1816,856,960,697,384,313,658,333,325,298,117,181,157,20,137,6,2,4
53205315,1443,704,739,548,294,254,661,334,327,139,64,75,92,11,81,3,1,2
53205316,446,207,239,213,103,110,163,81,82,48,19,29,18,4,14,4,0,4
53205317,1669,816,853,625,339,286,739,368,371,202,86,116,98,20,78,5,3,2
53205318,1275,625,650,624,322,302,420,208,212,187,88,99,36,3,33,6,4,2
53205320,1910,892,1018,840,427,413,694,342,352,220,91,129,144,26,118,10,5,5
53205321,3578,1662,1916,1439,766,673,1239,620,619,565,215,350,311,52,259,20,7,13
53205322,4007,1932,2075,1708,961,747,1422,700,722,592,205,387,261,55,206,18,10,8
53205323,3660,1760,1900,1631,879,752,1111,551,560,648,269,379,232,39,193,33,18,15
53205325,3179,1467,1712,1391,730,661,993,487,506,505,190,315,269,48,221,17,10,7
53205327,4031,1843,2188,1658,894,764,1344,669,675,637,210,427,366,58,308,22,12,10
53205328,28,10,18,13,6,7,5,2,3,6,2,4,4,0,4,0,0,0
53205329,917,440,477,349,187,162,372,184,188,132,63,69,59,4,55,3,2,1
53205331,1859,888,971,708,384,324,804,403,401,188,75,113,149,21,128,6,3,3
53205332,3585,1648,1937,1471,763,708,1222,605,617,568,215,353,301,56,245,17,9,8
53205333,216,143,73,117,72,45,73,58,15,16,10,6,2,1,1,8,2,6
53205334,1319,593,726,594,298,296,371,184,187,230,93,137,114,14,100,8,4,4
53205335,2835,1377,1458,1113,626,487,1117,556,561,356,158,198,233,29,204,9,5,4
53205336,103,61,42,44,28,16,24,13,11,32,19,13,1,0,1,1,1,0
53205337,880,432,448,539,273,266,179,89,90,126,54,72,21,4,17,8,5,3
53205338,3336,1544,1792,1453,784,669,1043,514,529,533,200,333,291,42,249,12,4,8
53205339,1439,714,725,702,370,332,489,243,246,178,79,99,58,14,44,10,7,3
53205342,2678,1299,1379,988,542,446,1163,579,584,317,139,178,205,35,170,5,4,1
53205343,2861,1381,1480,1198,632,566,1152,572,580,337,148,189,164,28,136,5,1,4
53205344,716,300,416,214,111,103,250,128,122,81,33,48,166,27,139,5,1,4
53205345,35,21,14,22,16,6,5,2,3,8,3,5,0,0,0,0,0,0
53205346,1426,704,722,566,319,247,564,283,281,166,74,92,125,25,100,3,1,2
53246101,574,286,288,252,142,110,230,113,117,50,25,25,41,5,36,1,1,0
53246102,125,60,65,60,28,32,45,23,22,14,9,5,5,0,5,0,0,0
53246103,107,52,55,45,21,24,42,21,21,14,8,6,5,1,4,1,1,0
53246104,70,39,31,26,16,10,26,14,12,15,8,7,3,1,2,0,0,0
53246105,140,69,71,69,35,34,54,27,27,9,6,3,8,1,7,0,0,0
53247901,280,133,147,132,66,66,107,53,54,26,12,14,14,2,12,1,0,1
53248701,570,297,273,219,126,93,240,121,119,74,41,33,34,7,27,3,2,1
53249501,514,264,250,240,131,109,176,90,86,63,31,32,33,10,23,0,0,0
53249502,38,22,16,15,10,5,18,9,9,2,2,0,3,1,2,0,0,0
53249503,32,16,16,12,6,6,14,7,7,2,2,0,3,0,3,0,0,0
53510901,253,142,111,119,75,44,105,52,53,23,15,8,6,0,6,0,0,0
57151201,114,57,57,45,25,20,51,26,25,12,5,7,6,1,5,0,0,0
53251701,88,43,45,38,19,19,35,18,17,7,4,3,8,2,6,0,0,0
53252501,622,315,307,253,149,104,252,127,125,69,31,38,48,8,40,0,0,0
54199103,2046,996,1050,831,444,387,894,446,448,196,80,116,120,23,97,3,3,0
54199104,183,87,96,82,44,38,71,36,35,7,4,3,23,3,20,0,0,0
53253301,585,310,275,304,182,122,184,90,94,53,28,25,38,5,33,6,5,1
51304101,675,322,353,259,127,132,317,156,161,59,29,30,38,8,30,2,2,0
56415001,69,33,36,31,15,16,29,14,15,5,3,2,4,1,3,0,0,0
57160101,373,188,185,167,86,81,159,79,80,28,18,10,19,5,14,0,0,0
53257601,2860,1443,1417,1234,683,551,1086,546,540,352,171,181,179,40,139,9,3,6
53257602,76,32,44,34,15,19,24,12,12,13,4,9,4,0,4,1,1,0
53257603,201,103,98,130,67,63,46,23,23,22,13,9,2,0,2,0,0,0
53258401,535,252,283,182,97,85,266,130,136,52,22,30,35,3,32,0,0,0
57155501,106,50,56,37,19,18,43,21,22,15,8,7,11,2,9,0,0,0
53509501,137,69,68,56,29,27,62,32,30,13,4,9,6,4,2,0,0,0
53262201,517,268,249,233,136,97,219,109,110,37,15,22,23,5,18,4,3,1
53263101,575,286,289,239,137,102,241,119,122,63,25,38,32,5,27,0,0,0
51311301,267,152,115,106,73,33,111,55,56,29,18,11,19,4,15,0,0,0
53265701,125,62,63,45,25,20,53,27,26,17,8,9,9,1,8,1,1,0
53265702,220,114,106,84,47,37,85,43,42,31,20,11,20,4,16,0,0,0
53265703,24,13,11,5,4,1,16,8,8,1,1,0,2,0,2,0,0,0
57152101,154,77,77,63,37,26,65,32,33,16,6,10,10,2,8,0,0,0
53266501,432,220,212,193,112,81,170,83,87,41,22,19,28,3,25,0,0,0
53268101,850,418,432,331,187,144,312,157,155,122,57,65,77,15,62,4,0,4
56419201,222,103,119,95,45,50,79,38,41,32,17,15,15,2,13,1,1,0
53271101,201,107,94,73,41,32,89,48,41,29,17,12,8,0,8,2,1,1
53272001,597,289,308,235,124,111,254,127,127,68,33,35,40,5,35,0,0,0
53272002,191,90,101,74,35,39,72,36,36,25,13,12,19,6,13,1,0,1
53272003,958,483,475,418,231,187,377,189,188,101,52,49,62,11,51,0,0,0
53272004,177,87,90,77,40,37,59,29,30,25,13,12,16,5,11,0,0,0
53273801,636,318,318,244,131,113,288,145,143,66,34,32,36,7,29,2,1,1
56412501,195,92,103,76,36,40,93,47,46,18,9,9,8,0,8,0,0,0
53275401,342,185,157,148,90,58,136,69,67,37,18,19,15,4,11,5,3,2
56408701,243,125,118,104,64,40,96,48,48,26,13,13,17,0,17,0,0,0
53276201,112,66,46,46,33,13,51,28,23,6,3,3,9,2,7,0,0,0
53276202,329,171,158,135,71,64,142,75,67,32,20,12,16,3,13,4,2,2
53277101,401,202,199,156,84,72,173,89,84,46,26,20,26,3,23,0,0,0
53279701,359,184,175,143,82,61,150,73,77,42,23,19,22,4,18,2,2,0
53280101,363,188,175,172,95,77,132,68,64,41,23,18,18,2,16,0,0,0
1494030,0,0,0,0,0,0,0,0,0,0,0,0,0,0,0,0,0,0
3071570,0,0,0,0,0,0,0,0,0,0,0,0,0,0,0,0,0,0
3347150,0,0,0,0,0,0,0,0,0,0,0,0,0,0,0,0,0,0
3347230,0,0,0,0,0,0,0,0,0,0,0,0,0,0,0,0,0,0
53281901,412,213,199,184,99,85,167,83,84,47,26,21,13,4,9,1,1,0
53281902,119,60,59,54,31,23,47,24,23,10,3,7,6,0,6,0,0,0
53281903,34,17,17,11,5,6,10,5,5,10,7,3,3,0,3,0,0,0
53281904,27,13,14,9,5,4,9,5,4,7,3,4,2,0,2,0,0,0
53281905,110,60,50,52,33,19,48,23,25,6,3,3,4,1,3,0,0,0
53281906,27,14,13,11,7,4,7,3,4,7,3,4,2,1,1,0,0,0
53281907,77,35,42,35,15,20,30,15,15,8,4,4,4,1,3,0,0,0
53281908,261,129,132,111,57,54,95,47,48,39,17,22,14,6,8,2,2,0
53281909,206,95,111,70,37,33,99,49,50,20,7,13,17,2,15,0,0,0
53281910,154,75,79,81,42,39,48,26,22,16,6,10,9,1,8,0,0,0
53281912,377,183,194,152,84,68,147,77,70,44,20,24,30,2,28,2,0,2
53281913,413,212,201,168,96,72,188,96,92,38,17,21,19,3,16,0,0,0
53281914,2476,1206,1270,1106,604,502,860,433,427,361,139,222,136,25,111,10,5,5
53281915,770,371,399,289,154,135,343,170,173,73,33,40,62,11,51,1,1,0
53281916,1523,706,817,600,329,271,582,289,293,202,68,134,133,17,116,5,2,3
53281917,37,22,15,9,4,5,20,12,8,3,1,2,1,1,0,4,4,0
53281918,45,22,23,25,13,12,11,4,7,5,4,1,3,0,3,1,1,0
53281920,1522,707,815,655,333,322,519,262,257,257,98,159,84,11,73,7,3,4
53281921,209,113,96,82,50,32,92,48,44,28,15,13,7,0,7,0,0,0
53281922,1506,754,752,651,361,290,568,294,274,177,76,101,99,17,82,11,6,5
53281927,67,31,36,25,14,11,23,12,11,13,4,9,6,1,5,0,0,0
53281928,662,315,347,329,157,172,270,138,132,50,20,30,12,0,12,1,0,1
53281929,898,406,492,381,202,179,295,144,151,106,47,59,109,9,100,7,4,3
53281930,2160,1048,1112,973,539,434,679,349,330,322,128,194,172,25,147,14,7,7
53281932,572,281,291,203,112,91,265,135,130,57,24,33,46,10,36,1,0,1
53281933,237,153,84,116,73,43,80,56,24,38,23,15,2,0,2,1,1,0
53281934,1044,567,477,543,308,235,289,156,133,164,90,74,43,10,33,5,3,2
53282701,667,335,332,293,158,135,275,138,137,65,33,32,31,6,25,1,0,1
53283501,1936,930,1006,829,443,386,690,349,341,234,102,132,176,34,142,7,2,5
53285101,1140,560,580,536,284,252,438,218,220,111,47,64,52,10,42,3,1,2
53286001,365,181,184,155,83,72,141,68,73,44,22,22,24,8,16,1,0,1
53286002,491,230,261,223,110,113,202,100,102,43,17,26,21,3,18,2,0,2
53286004,4114,1978,2136,1722,953,769,1333,666,667,701,305,396,345,51,294,10,3,7
53286005,309,152,157,130,70,60,109,55,54,45,22,23,25,5,20,0,0,0
59944101,141,73,68,62,29,33,49,25,24,21,16,5,9,3,6,0,0,0
55145701,485,239,246,208,113,95,214,107,107,36,14,22,24,3,21,1,0,1
59943301,22,11,11,14,7,7,6,3,3,1,0,1,1,1,0,0,0,0
59943302,580,294,286,247,138,109,255,129,126,60,26,34,16,1,15,0,0,0
53290801,724,363,361,286,156,130,283,145,138,112,54,58,43,8,35,0,0,0
53291601,63,30,33,37,20,17,18,9,9,6,1,5,2,0,2,0,0,0
53291602,75,38,37,27,14,13,29,15,14,10,6,4,8,3,5,1,0,1
53291603,62,28,34,17,8,9,32,16,16,4,2,2,6,1,5,1,1,0
53295901,29,16,13,13,8,5,11,5,6,4,3,1,1,0,1,0,0,0
53295902,552,287,265,219,125,94,231,115,116,72,41,31,28,4,24,2,2,0
53296701,226,112,114,99,49,50,87,44,43,26,16,10,14,3,11,0,0,0
53297501,21,12,9,11,8,3,4,2,2,4,2,2,2,0,2,0,0,0
53297502,441,231,210,175,105,70,162,82,80,69,35,34,33,8,25,2,1,1
53298301,410,205,205,162,94,68,173,86,87,44,21,23,31,4,27,0,0,0
53298302,2261,1114,1147,875,488,387,973,492,481,223,97,126,184,34,150,6,3,3
53298303,75,37,38,27,14,13,24,13,11,15,7,8,8,3,5,1,0,1
53217701,64,35,29,26,15,11,28,15,13,7,4,3,3,1,2,0,0,0
53217703,559,275,284,225,119,106,238,118,120,62,31,31,30,6,24,2,1,1
53300901,380,192,188,173,97,76,159,78,81,33,14,19,15,3,12,0,0,0
53301702,57,30,27,24,14,10,15,7,8,13,7,6,5,2,3,0,0,0
53301703,28,15,13,10,6,4,14,7,7,4,2,2,0,0,0,0,0,0
53301705,89,50,39,41,27,14,35,18,17,9,5,4,4,0,4,0,0,0
53301706,4556,2146,2410,1886,1001,885,1767,867,900,474,194,280,406,70,336,16,8,8
53301708,431,225,206,182,111,71,178,89,89,47,22,25,23,3,20,1,0,1
53302501,1853,926,927,748,409,339,819,406,413,190,94,96,88,12,76,4,3,1
53303301,997,488,509,416,218,198,433,214,219,94,42,52,48,10,38,6,4,2
53304101,166,75,91,74,38,36,64,31,33,16,5,11,12,1,11,0,0,0
53304103,256,133,123,104,63,41,106,53,53,29,13,16,15,3,12,2,1,1
53304104,21,10,11,8,3,5,10,5,5,3,2,1,0,0,0,0,0,0
53304105,92,45,47,37,18,19,43,22,21,11,5,6,1,0,1,0,0,0
53304106,2479,1226,1253,987,572,415,937,467,470,307,133,174,235,43,192,12,10,2
53305001,895,835,60,606,582,24,80,59,21,138,129,9,10,4,6,59,59,0
53305002,336,156,180,134,65,69,142,70,72,35,17,18,24,3,21,1,1,0
53305003,28,16,12,12,5,7,7,5,2,8,6,2,1,0,1,0,0,0
53305004,1552,771,781,624,347,277,611,309,302,212,98,114,95,13,82,10,4,6
53306801,50,24,26,26,12,14,19,10,9,2,0,2,2,1,1,1,1,0
53306802,82,42,40,42,22,20,28,14,14,7,5,2,5,1,4,0,0,0
53306803,624,298,326,295,148,147,211,107,104,76,36,40,39,5,34,1,0,1
57143101,202,102,100,77,44,33,81,40,41,28,14,14,16,4,12,0,0,0
57159801,22,12,10,8,5,3,5,3,2,7,4,3,2,0,2,0,0,0
57159802,110,54,56,48,26,22,38,21,17,19,6,13,5,1,4,0,0,0
53309201,112,49,63,51,24,27,45,22,23,10,3,7,6,0,6,0,0,0
53309202,27,12,15,12,6,6,9,4,5,4,2,2,2,0,2,0,0,0
53309203,152,82,70,66,39,27,56,27,29,20,13,7,9,2,7,0,0,0
53309204,312,160,152,140,75,65,106,56,50,40,21,19,26,8,18,0,0,0
57142301,184,89,95,77,38,39,86,42,44,14,8,6,7,1,6,0,0,0
57142302,29,15,14,10,6,4,10,5,5,6,3,3,3,1,2,0,0,0
53311401,175,90,85,71,42,29,72,37,35,21,10,11,10,1,9,1,0,1
53311402,137,72,65,62,36,26,42,23,19,21,11,10,10,1,9,2,1,1
53311403,67,30,37,36,17,19,20,9,11,3,3,0,7,0,7,1,1,0
53311404,125,64,61,51,30,21,53,26,27,15,7,8,6,1,5,0,0,0
53311405,1677,819,858,716,384,332,615,308,307,212,98,114,123,23,100,11,6,5
53312201,885,455,430,400,235,165,317,158,159,101,44,57,66,17,49,1,1,0
59942501,186,98,88,85,48,37,66,35,31,22,11,11,9,2,7,4,2,2
53314901,798,392,406,310,170,140,367,185,182,75,30,45,44,6,38,2,1,1
53315701,32,15,17,14,8,6,13,6,7,5,1,4,0,0,0,0,0,0
53315702,101,50,51,47,23,24,37,18,19,11,7,4,6,2,4,0,0,0
53315703,71,40,31,28,17,11,30,15,15,7,4,3,6,4,2,0,0,0
53315704,86,44,42,41,24,17,36,17,19,6,2,4,3,1,2,0,0,0
53315705,80,38,42,41,20,21,26,12,14,10,6,4,3,0,3,0,0,0
53315706,351,176,175,146,84,62,126,63,63,33,20,13,41,9,32,3,0,3
53317301,125,64,61,51,30,21,44,23,21,14,8,6,16,3,13,0,0,0
53317302,51,27,24,17,10,7,23,11,12,8,3,5,3,3,0,0,0,0
53317303,77,37,40,33,18,15,27,13,14,12,5,7,5,1,4,0,0,0
0013250,0,0,0,0,0,0,0,0,0,0,0,0,0,0,0,0,0,0
53318101,513,249,264,200,112,88,209,105,104,62,27,35,41,5,36,1,0,1
53318102,300,132,168,137,61,76,102,51,51,32,14,18,29,6,23,0,0,0
53318103,132,70,62,52,33,19,66,33,33,6,2,4,7,2,5,1,0,1
53318104,49,24,25,18,10,8,21,11,10,4,2,2,6,1,5,0,0,0
53318105,50,24,26,24,11,13,19,11,8,2,1,1,5,1,4,0,0,0
53319001,309,166,143,140,84,56,108,55,53,38,22,16,23,5,18,0,0,0
53321101,198,109,89,79,49,30,80,40,40,26,17,9,13,3,10,0,0,0
53321102,99,55,44,45,30,15,38,19,19,7,4,3,7,0,7,0,0,0
53322001,932,474,458,440,233,207,322,164,158,100,50,50,40,9,31,30,18,12
53323801,645,336,309,288,170,118,267,134,133,51,26,25,38,5,33,0,0,0
53324601,1553,765,788,667,365,302,637,314,323,163,67,96,84,19,65,2,0,2
53324603,238,122,116,94,56,38,89,45,44,35,16,19,20,5,15,0,0,0
59947601,161,86,75,67,42,25,57,30,27,20,11,9,17,3,14,0,0,0
59930101,166,81,85,80,40,40,62,32,30,15,8,7,8,0,8,0,0,0
53326201,153,77,76,57,29,28,70,36,34,17,10,7,8,1,7,1,1,0
53326202,80,41,39,34,17,17,35,19,16,8,5,3,3,0,3,0,0,0
53326203,93,47,46,37,21,16,36,18,18,14,7,7,6,1,5,0,0,0
53326204,93,54,39,29,23,6,45,22,23,11,7,4,8,2,6,0,0,0
53326205,1353,677,676,584,320,264,529,269,260,159,73,86,78,13,65,3,2,1
53326206,60,28,32,31,16,15,20,10,10,6,2,4,2,0,2,0,0,0
53326207,61,29,32,22,9,13,30,15,15,7,4,3,2,1,1,0,0,0
53326208,31,18,13,13,9,4,10,5,5,5,2,3,3,2,1,0,0,0
0228020,0,0,0,0,0,0,0,0,0,0,0,0,0,0,0,0,0,0
53327101,280,147,133,144,82,62,90,45,45,30,14,16,12,3,9,2,2,0
53327102,774,392,382,336,186,150,325,162,163,78,34,44,32,8,24,3,2,1
53327103,125,62,63,55,34,21,36,18,18,25,8,17,8,2,6,1,0,1
53327104,136,74,62,60,34,26,46,25,21,21,15,6,9,0,9,0,0,0
53327105,1372,652,720,609,308,301,573,285,288,107,42,65,78,13,65,3,2,1
53327106,2299,1122,1177,953,529,424,831,418,413,326,133,193,166,28,138,19,11,8
53327108,226,116,110,76,43,33,105,55,50,23,11,12,17,3,14,5,4,1
53327109,935,434,501,352,185,167,384,190,194,82,36,46,115,21,94,2,2,0
53327110,1114,565,549,544,307,237,309,154,155,183,92,91,70,9,61,8,3,5
53328901,783,392,391,308,176,132,338,168,170,69,36,33,65,10,55,3,2,1
53329701,242,132,110,103,65,38,92,47,45,32,18,14,15,2,13,0,0,0
53329702,125,59,66,62,29,33,43,21,22,14,8,6,6,1,5,0,0,0
53329703,109,58,51,34,21,13,55,28,27,14,9,5,6,0,6,0,0,0
51318101,118,59,59,45,28,17,40,20,20,18,9,9,13,2,11,0,0,0
53330101,1211,577,634,554,290,264,433,216,217,131,58,73,85,10,75,8,3,5
56468101,221,109,112,86,47,39,94,47,47,26,14,12,15,1,14,0,0,0
56468102,27,10,17,12,4,8,10,5,5,4,1,3,1,0,1,0,0,0
59945001,96,49,47,42,26,16,41,21,20,6,2,4,7,0,7,0,0,0
53332701,85,43,42,40,24,16,29,14,15,10,4,6,6,1,5,0,0,0
53332702,67,31,36,26,12,14,30,15,15,2,2,0,9,2,7,0,0,0
53332703,256,122,134,114,56,58,95,49,46,31,14,17,16,3,13,0,0,0
53332704,31,15,16,10,5,5,18,9,9,1,1,0,1,0,1,1,0,1
53332705,62,31,31,24,14,10,29,16,13,1,0,1,8,1,7,0,0,0
56480001,597,306,291,289,153,136,224,113,111,62,34,28,17,3,14,1,1,0
53499401,219,111,108,89,48,41,89,46,43,22,12,10,19,5,14,0,0,0
53334301,491,243,248,176,102,74,198,100,98,76,35,41,39,5,34,1,0,1
53335101,317,163,154,140,82,58,132,67,65,23,10,13,21,3,18,1,1,0
53335102,158,80,78,68,39,29,63,32,31,12,7,5,13,1,12,2,1,1
53335103,234,122,112,112,61,51,79,41,38,34,17,17,7,2,5,2,1,1
53336001,539,264,275,246,129,117,225,113,112,43,18,25,24,4,20,1,0,1
51341501,77,38,39,32,16,16,23,11,12,11,7,4,11,4,7,0,0,0
51341502,126,62,64,49,27,22,55,28,27,14,7,7,8,0,8,0,0,0
57168701,123,59,64,45,22,23,49,25,24,20,11,9,9,1,8,0,0,0
53338601,597,301,296,254,145,109,241,123,118,60,29,31,42,4,38,0,0,0
53338602,248,118,130,116,53,63,96,49,47,22,12,10,12,3,9,2,1,1
53338603,173,90,83,87,52,35,55,27,28,19,11,8,12,0,12,0,0,0
53338604,59,28,31,30,14,16,22,11,11,5,3,2,2,0,2,0,0,0
3072030,0,0,0,0,0,0,0,0,0,0,0,0,0,0,0,0,0,0
3072110,0,0,0,0,0,0,0,0,0,0,0,0,0,0,0,0,0,0
3210360,0,0,0,0,0,0,0,0,0,0,0,0,0,0,0,0,0,0
3210442,0,0,0,0,0,0,0,0,0,0,0,0,0,0,0,0,0,0
53316501,787,401,386,349,200,149,320,159,161,83,35,48,34,7,27,1,0,1
53316503,81,35,46,24,10,14,42,21,21,10,4,6,5,0,5,0,0,0
53316504,180,91,89,67,41,26,76,39,37,20,7,13,15,3,12,2,1,1
53316507,1641,802,839,679,361,318,686,343,343,166,78,88,105,17,88,3,3,0
53316508,1484,860,624,790,507,283,290,146,144,324,189,135,67,11,56,11,7,4
53316509,1436,693,743,544,292,252,661,330,331,128,52,76,100,17,83,3,2,1
53316510,895,416,479,373,191,182,305,158,147,127,54,73,86,11,75,4,2,2
53316511,4203,2067,2136,1932,1079,853,1355,687,668,598,229,369,284,51,233,27,15,12
53316512,28,13,15,13,6,7,10,5,5,3,1,2,2,1,1,0,0,0
53316513,5497,2486,3011,2105,1110,995,1926,955,971,851,326,525,588,83,505,26,12,14
53316514,603,342,261,341,226,115,144,73,71,93,37,56,15,2,13,9,4,5
53316515,93,42,51,47,19,28,36,19,17,7,3,4,3,1,2,0,0,0
53316516,2179,1035,1144,875,483,392,793,392,401,320,125,195,182,28,154,9,7,2
53316518,244,109,135,86,45,41,94,47,47,42,13,29,17,1,16,3,1,2
53316519,70,36,34,41,19,22,19,11,8,7,4,3,2,1,1,1,1,0
53316520,451,219,232,268,131,137,124,61,63,47,25,22,11,1,10,1,1,0
53316521,375,191,184,157,91,66,150,76,74,46,21,25,22,3,19,0,0,0
53316522,233,122,111,111,63,48,90,46,44,21,10,11,9,1,8,2,2,0
53316523,84,44,40,48,27,21,18,9,9,13,6,7,1,0,1,4,2,2
53316525,784,385,399,325,194,131,252,131,121,106,42,64,97,16,81,3,1,2
53316526,2666,1422,1244,1116,653,463,1054,569,485,337,163,174,139,24,115,16,11,5
53316528,1156,557,599,474,267,207,442,218,224,154,54,100,80,14,66,6,4,2
53316529,461,270,191,193,123,70,196,109,87,53,33,20,15,2,13,4,3,1
53316530,67,40,27,32,20,12,22,12,10,12,7,5,0,0,0,1,1,0
53316531,162,85,77,84,46,38,64,32,32,11,4,7,1,1,0,0,0,0
53316532,222,122,100,103,65,38,102,52,50,14,4,10,2,0,2,1,1,0
53316533,181,90,91,70,41,29,71,35,36,23,10,13,17,4,13,0,0,0
53316534,194,146,48,81,68,13,72,49,23,31,21,10,3,2,1,7,6,1
53316536,4043,1968,2075,1763,952,811,1477,754,723,541,205,336,243,47,196,18,10,8
53316537,444,243,201,217,136,81,130,67,63,68,33,35,22,1,21,5,4,1
53316538,600,289,311,237,130,107,257,125,132,54,27,27,50,6,44,2,1,1
53316539,406,198,208,159,88,71,148,75,73,55,24,31,42,9,33,2,2,0
53339401,852,424,428,351,183,168,349,175,174,100,53,47,48,11,37,4,2,2
53339402,34,18,16,12,6,6,14,7,7,5,3,2,3,2,1,0,0,0
53339403,93,49,44,37,23,14,37,18,19,7,4,3,12,4,8,0,0,0
53340801,211,108,103,85,48,37,91,44,47,24,11,13,11,5,6,0,0,0
53340802,261,130,131,97,53,44,108,55,53,39,20,19,17,2,15,0,0,0
53340803,147,75,72,57,32,25,53,27,26,25,12,13,12,4,8,0,0,0
53342401,26,12,14,11,4,7,11,5,6,4,3,1,0,0,0,0,0,0
53342402,1875,897,978,743,424,319,672,331,341,265,114,151,190,27,163,5,1,4
53342403,69,37,32,33,20,13,26,13,13,8,4,4,2,0,2,0,0,0
53344101,106,57,49,45,28,17,39,19,20,11,6,5,10,3,7,0,0,0
53344102,772,378,394,313,166,147,351,173,178,72,35,37,36,4,32,0,0,0
53345901,374,185,189,147,83,64,154,77,77,44,20,24,29,5,24,0,0,0
53345902,34,16,18,15,7,8,10,5,5,7,4,3,2,0,2,0,0,0
59948401,104,53,51,46,25,21,43,21,22,8,6,2,7,1,6,0,0,0
53346701,115,55,60,58,28,30,51,25,26,4,1,3,2,1,1,0,0,0
53346702,373,186,187,156,88,68,153,78,75,38,12,26,26,8,18,0,0,0
53346703,48,26,22,28,15,13,14,7,7,3,2,1,2,1,1,1,1,0
57171701,246,120,126,104,55,49,85,40,45,36,19,17,19,5,14,2,1,1
53347501,294,146,148,107,51,56,126,65,61,45,24,21,15,5,10,1,1,0
53348301,292,158,134,104,62,42,137,75,62,30,14,16,20,6,14,1,1,0
51327001,182,86,96,68,38,30,77,39,38,16,6,10,21,3,18,0,0,0
53350501,112,50,62,41,20,21,47,24,23,13,5,8,11,1,10,0,0,0
53350502,206,110,96,89,54,35,76,37,39,31,16,15,10,3,7,0,0,0
53351301,128,62,66,56,30,26,52,27,25,11,4,7,9,1,8,0,0,0
53351302,250,124,126,109,60,49,92,45,47,35,16,19,14,3,11,0,0,0
56470201,112,64,48,48,32,16,44,23,21,16,9,7,3,0,3,1,0,1
51328801,177,96,81,73,46,27,71,37,34,22,12,10,10,1,9,1,0,1
53352101,354,181,173,138,84,54,160,79,81,35,15,20,21,3,18,0,0,0
53352102,378,192,186,162,87,75,147,75,72,51,26,25,16,3,13,2,1,1
57163601,371,188,183,169,93,76,139,72,67,36,21,15,24,2,22,1,0,1
53353001,808,398,410,335,190,145,324,168,156,80,28,52,63,9,54,4,1,3
53353002,507,257,250,215,118,97,216,109,107,51,26,25,25,4,21,0,0,0
53355601,294,148,146,110,62,48,119,58,61,39,22,17,24,5,19,2,1,1
3309730,0,0,0,0,0,0,0,0,0,0,0,0,0,0,0,0,0,0
53357201,841,443,398,346,202,144,358,184,174,74,37,37,52,12,40,9,8,1
51342301,343,173,170,118,68,50,147,74,73,45,25,20,32,6,26,1,0,1
53764101,4195,2057,2138,1692,950,742,1641,818,823,528,231,297,321,54,267,10,2,8
53764102,539,275,264,259,142,117,196,97,99,47,25,22,33,7,26,0,0,0
53358101,60,32,28,31,19,12,18,9,9,8,3,5,3,1,2,0,0,0
53358102,90,46,44,34,21,13,38,18,20,11,5,6,7,2,5,0,0,0
53358103,1613,802,811,731,397,334,616,302,314,178,86,92,86,16,70,2,1,1
53358104,142,79,63,80,48,32,47,25,22,12,5,7,3,1,2,0,0,0
53767501,102,49,53,41,24,17,34,17,17,15,7,8,12,1,11,0,0,0
53767502,280,126,154,108,51,57,131,65,66,17,8,9,21,2,19,1,0,1
53767503,249,117,132,98,52,46,85,42,43,27,15,12,37,6,31,0,0,0
53359901,654,325,329,252,138,114,302,153,149,62,32,30,38,2,36,0,0,0
51323701,193,100,93,78,46,32,77,39,38,22,13,9,16,2,14,0,0,0
51314801,208,111,97,89,51,38,79,41,38,27,14,13,12,4,8,1,1,0
53770501,1559,761,798,637,330,307,659,336,323,152,69,83,104,22,82,7,4,3
51336901,310,154,156,134,71,63,129,66,63,30,14,16,16,2,14,1,1,0
51339301,451,221,230,189,103,86,192,95,97,44,21,23,26,2,24,0,0,0
53361101,478,255,223,240,142,98,183,91,92,40,18,22,15,4,11,0,0,0
53361102,144,69,75,75,40,35,47,23,24,17,5,12,4,1,3,1,0,1
53361103,262,127,135,127,64,63,101,48,53,22,11,11,12,4,8,0,0,0
53362901,39,18,21,16,7,9,12,6,6,10,5,5,1,0,1,0,0,0
53362902,1153,583,570,479,279,200,477,239,238,117,48,69,75,15,60,4,1,3
53363701,393,191,202,145,70,75,191,97,94,39,21,18,17,3,14,1,0,1
53364501,465,225,240,171,86,85,221,111,110,39,21,18,32,6,26,2,1,1
53364502,48,24,24,22,12,10,19,10,9,2,0,2,5,2,3,0,0,0
53365301,474,242,232,177,103,74,220,110,110,43,23,20,31,3,28,3,3,0
53365302,56,25,31,16,5,11,28,14,14,6,4,2,6,2,4,0,0,0
53365303,31,14,17,17,8,9,9,5,4,2,1,1,3,0,3,0,0,0
53774801,638,332,306,290,165,125,247,124,123,79,39,40,21,4,17,1,0,1
53366101,83,43,40,38,22,16,37,17,20,6,3,3,2,1,1,0,0,0
53366102,525,264,261,244,131,113,204,105,99,46,20,26,30,7,23,1,1,0
53369601,219,108,111,99,54,45,89,45,44,16,6,10,15,3,12,0,0,0
53370001,972,501,471,405,242,163,367,184,183,108,57,51,88,15,73,4,3,1
53370002,671,321,350,287,147,140,251,126,125,77,36,41,52,10,42,4,2,2
53372601,128,69,59,48,34,14,41,21,20,24,13,11,15,1,14,0,0,0
53372602,66,30,36,28,13,15,28,14,14,5,2,3,5,1,4,0,0,0
53372603,316,150,166,140,69,71,111,56,55,42,20,22,23,5,18,0,0,0
53788801,646,303,343,265,132,133,286,141,145,59,27,32,35,2,33,1,1,0
53373401,111,46,65,46,18,28,47,22,25,11,5,6,7,1,6,0,0,0
53373402,447,237,210,204,120,84,170,85,85,42,24,18,29,8,21,2,0,2
53374201,336,119,217,83,38,45,75,39,36,44,21,23,126,20,106,8,1,7
53374202,216,96,120,97,42,55,80,41,39,18,10,8,20,3,17,1,0,1
53375101,63,26,37,29,13,16,24,12,12,7,1,6,3,0,3,0,0,0
53375102,22,11,11,9,5,4,7,4,3,4,2,2,2,0,2,0,0,0
53375103,98,52,46,46,28,18,37,19,18,5,3,2,10,2,8,0,0,0
53375104,396,186,210,177,85,92,139,69,70,55,24,31,24,8,16,1,0,1
53376901,970,486,484,370,207,163,429,217,212,110,53,57,61,9,52,0,0,0
53377701,590,300,290,266,148,118,222,115,107,62,27,35,34,6,28,4,3,1
53378501,370,186,184,175,95,80,150,74,76,25,12,13,18,3,15,2,2,0
53378502,736,360,376,321,165,156,314,155,159,65,32,33,34,6,28,2,2,0
53380702,185,95,90,63,36,27,92,46,46,21,11,10,9,2,7,0,0,0
53380703,23,12,11,11,7,4,9,5,4,2,0,2,1,0,1,0,0,0
53380704,1657,800,857,705,373,332,637,322,315,183,87,96,126,16,110,6,2,4
53380705,225,115,110,91,52,39,92,47,45,20,13,7,22,3,19,0,0,0
53381501,144,74,70,49,32,17,69,34,35,11,3,8,13,3,10,0,0,0
53381502,200,98,102,72,41,31,88,44,44,28,12,16,12,1,11,0,0,0
53382301,239,117,122,98,51,47,94,46,48,22,14,8,20,4,16,5,2,3
53383101,2001,1043,958,776,467,309,880,461,419,188,91,97,149,18,131,8,6,2
53383102,237,125,112,104,58,46,89,44,45,29,17,12,14,5,9,1,1,0
53384001,2419,1208,1211,1015,560,455,969,488,481,257,115,142,164,38,126,10,5,5
53385802,468,238,230,188,110,78,211,105,106,46,20,26,22,2,20,1,1,0
53385803,950,453,497,405,215,190,363,182,181,93,44,49,87,10,77,2,2,0
53386601,107,51,56,47,22,25,31,15,16,14,8,6,11,2,9,2,2,0
53386602,368,178,190,156,82,74,138,69,69,51,26,25,22,1,21,1,0,1
53386604,196,108,88,87,53,34,90,45,45,15,8,7,4,2,2,0,0,0
53386605,165,80,85,77,41,36,65,32,33,13,5,8,9,1,8,1,1,0
53386606,31,16,15,14,8,6,10,5,5,6,3,3,1,0,1,0,0,0
53386607,241,118,123,110,59,51,78,40,38,33,17,16,19,2,17,1,0,1
53388201,510,257,253,218,118,100,226,114,112,51,23,28,15,2,13,0,0,0
56482601,248,122,126,89,44,45,113,58,55,31,17,14,11,2,9,3,1,2
53389101,413,209,204,211,117,94,132,66,66,48,23,25,20,3,17,2,0,2
51320201,34,18,16,9,7,2,12,7,5,5,2,3,8,2,6,0,0,0
51320202,85,50,35,33,21,12,33,18,15,14,10,4,5,1,4,0,0,0
53392101,175,94,81,80,50,30,62,31,31,14,8,6,16,3,13,1,0,1
53392102,69,52,17,52,45,7,9,4,5,6,3,3,2,0,2,0,0,0
53392103,109,51,58,42,17,25,54,28,26,13,6,7,0,0,0,0,0,0
53392104,147,70,77,72,35,37,58,28,30,12,6,6,5,1,4,0,0,0
53392105,21,12,9,9,6,3,6,3,3,2,1,1,3,1,2,0,0,0
53392106,1502,753,749,634,345,289,596,294,302,169,86,83,98,24,74,5,4,1
51326101,244,119,125,88,45,43,117,58,59,25,13,12,12,2,10,2,1,1
51316401,351,172,179,149,79,70,139,71,68,32,15,17,31,7,24,0,0,0
53803501,370,177,193,135,68,67,165,83,82,36,21,15,33,5,28,1,0,1
53803502,77,38,39,28,16,12,38,19,19,6,2,4,5,1,4,0,0,0
53394701,152,78,74,57,35,22,64,31,33,15,9,6,15,2,13,1,1,0
53394702,415,266,149,219,155,64,127,82,45,39,17,22,20,4,16,10,8,2
53394703,36,19,17,11,8,3,18,9,9,4,2,2,3,0,3,0,0,0
53394704,151,71,80,61,32,29,65,32,33,14,6,8,10,1,9,1,0,1
53394706,864,455,409,368,221,147,327,161,166,98,55,43,61,11,50,10,7,3
53394707,78,38,40,41,20,21,37,18,19,0,0,0,0,0,0,0,0,0
53136701,131,68,63,50,30,20,55,28,27,16,7,9,10,3,7,0,0,0
53111101,169,86,83,64,36,28,75,38,37,13,6,7,17,6,11,0,0,0
53397101,323,161,162,116,64,52,155,78,77,26,15,11,26,4,22,0,0,0
53397102,124,64,60,56,32,24,45,22,23,12,7,5,10,2,8,1,1,0
53397103,122,63,59,37,22,15,57,30,27,18,11,7,10,0,10,0,0,0
53096401,19,12,7,7,6,1,10,5,5,0,0,0,2,1,1,0,0,0
53398001,257,122,135,101,51,50,106,54,52,32,12,20,17,4,13,1,1,0
53398002,41,22,19,13,11,2,18,9,9,6,2,4,4,0,4,0,0,0
53398005,73,41,32,25,17,8,34,18,16,5,4,1,9,2,7,0,0,0
53398006,32,11,21,12,3,9,14,7,7,5,1,4,1,0,1,0,0,0
53398007,25,11,14,11,5,6,12,6,6,0,0,0,2,0,2,0,0,0
53083201,65,32,33,26,15,11,29,15,14,4,1,3,6,1,5,0,0,0
53083202,60,30,30,19,10,9,24,12,12,10,8,2,7,0,7,0,0,0
53128601,383,178,205,142,73,69,171,86,85,31,17,14,39,2,37,0,0,0
53399801,630,319,311,266,148,118,271,140,131,52,27,25,39,3,36,2,1,1
53399802,628,305,323,246,130,116,273,135,138,59,27,32,49,13,36,1,0,1
0183680,0,0,0,0,0,0,0,0,0,0,0,0,0,0,0,0,0,0
0183760,0,0,0,0,0,0,0,0,0,0,0,0,0,0,0,0,0,0
0184060,0,0,0,0,0,0,0,0,0,0,0,0,0,0,0,0,0,0
0184650,0,0,0,0,0,0,0,0,0,0,0,0,0,0,0,0,0,0
0184810,0,0,0,0,0,0,0,0,0,0,0,0,0,0,0,0,0,0
53400501,182,50,132,51,26,25,44,18,26,18,3,15,69,3,66,0,0,0
53400502,29,17,12,12,8,4,14,7,7,2,1,1,1,1,0,0,0,0
53400504,221,115,106,98,58,40,102,51,51,18,6,12,3,0,3,0,0,0
53400505,2294,1079,1215,938,508,430,872,441,431,311,102,209,169,25,144,4,3,1
53400506,2582,1222,1360,1121,581,540,904,458,446,367,140,227,181,39,142,7,4,3
53400507,130,65,65,61,33,28,34,18,16,24,12,12,11,2,9,0,0,0
53400508,71,37,34,29,16,13,26,13,13,11,6,5,5,2,3,0,0,0
53400509,1777,874,903,691,374,317,816,404,412,154,78,76,113,18,95,1,0,1
53400510,182,94,88,75,43,32,78,39,39,16,8,8,12,3,9,1,1,0
53400511,1532,734,798,640,369,271,508,250,258,233,90,143,147,22,125,3,2,1
53400512,260,102,158,67,37,30,85,44,41,28,13,15,78,6,72,2,2,0
53400513,894,467,427,438,258,180,261,128,133,145,70,75,44,9,35,6,2,4
52952401,33,20,13,10,7,3,16,9,7,4,4,0,3,0,3,0,0,0
0202732,0,0,0,0,0,0,0,0,0,0,0,0,0,0,0,0,0,0
53401301,96,50,46,33,19,14,49,25,24,7,4,3,7,2,5,0,0,0
53401302,51,23,28,18,10,8,21,11,10,6,1,5,6,1,5,0,0,0
53401303,91,48,43,38,22,16,29,14,15,17,9,8,7,3,4,0,0,0
53401304,61,35,26,23,16,7,25,12,13,9,7,2,4,0,4,0,0,0
53401305,22,13,9,6,4,2,8,4,4,5,4,1,3,1,2,0,0,0
53401306,47,26,21,16,10,6,21,10,11,6,4,2,4,2,2,0,0,0
53401308,27,13,14,9,5,4,14,7,7,1,0,1,2,1,1,1,0,1
53402101,506,255,251,189,112,77,215,110,105,49,23,26,52,10,42,1,0,1
53402104,32,16,16,14,6,8,12,6,6,5,4,1,1,0,1,0,0,0
53402105,43,21,22,19,11,8,18,9,9,3,1,2,3,0,3,0,0,0
53402106,60,30,30,19,10,9,27,13,14,9,6,3,5,1,4,0,0,0
53403001,50,23,27,18,11,7,20,10,10,4,1,3,8,1,7,0,0,0
53403002,144,71,73,61,35,26,49,25,24,18,9,9,16,2,14,0,0,0
53403003,53,27,26,20,9,11,29,15,14,3,3,0,1,0,1,0,0,0
53403004,28,18,10,10,8,2,15,8,7,3,2,1,0,0,0,0,0,0
53403005,45,23,22,12,7,5,24,12,12,6,4,2,3,0,3,0,0,0
53403006,78,36,42,40,20,20,22,11,11,10,5,5,6,0,6,0,0,0
53403007,27,19,8,12,9,3,7,4,3,5,5,0,3,1,2,0,0,0
52955902,118,62,56,47,26,21,51,24,27,5,4,1,12,5,7,3,3,0
53126001,99,50,49,31,17,14,51,25,26,9,6,3,8,2,6,0,0,0
53134101,383,186,197,139,77,62,167,84,83,41,20,21,36,5,31,0,0,0
53119701,575,291,284,234,133,101,268,133,135,37,20,17,33,4,29,2,0,2
53119702,52,27,25,20,12,8,26,14,12,3,1,2,3,0,3,0,0,0
53143001,37,19,18,13,8,5,18,9,9,1,0,1,5,2,3,0,0,0
53143002,131,66,65,50,29,21,46,23,23,22,14,8,13,0,13,0,0,0
53143003,214,109,105,74,43,31,111,56,55,10,6,4,19,4,15,0,0,0
0420480,0,0,0,0,0,0,0,0,0,0,0,0,0,0,0,0,0,0
53405601,41,23,18,10,8,2,24,12,12,5,2,3,2,1,1,0,0,0
53405602,38,21,17,10,8,2,22,11,11,2,2,0,4,0,4,0,0,0
53405603,23,8,15,3,1,2,11,6,5,8,1,7,1,0,1,0,0,0
53405604,206,101,105,69,37,32,104,51,53,17,11,6,16,2,14,0,0,0
53405605,75,36,39,31,14,17,35,18,17,7,4,3,2,0,2,0,0,0
53135901,380,187,193,156,87,69,151,74,77,37,20,17,35,5,30,1,1,0
53148101,179,88,91,58,35,23,84,43,41,19,9,10,18,1,17,0,0,0
53406401,245,134,111,110,67,43,83,42,41,30,17,13,21,8,13,0,0,0
53141301,103,54,49,36,25,11,44,22,22,10,6,4,13,1,12,0,0,0
53408102,96,45,51,33,16,17,38,20,18,16,9,7,9,0,9,0,0,0
53408103,144,75,69,52,30,22,61,31,30,12,7,5,14,3,11,3,2,1
0724271,0,0,0,0,0,0,0,0,0,0,0,0,0,0,0,0,0,0
53409901,329,169,160,147,81,66,129,65,64,37,22,15,16,1,15,0,0,0
53409902,36,17,19,10,6,4,19,9,10,3,1,2,4,1,3,0,0,0
53409903,58,31,27,17,10,7,20,10,10,11,8,3,9,2,7,1,1,0
53409904,81,40,41,29,14,15,35,18,17,9,4,5,8,4,4,0,0,0
53409905,49,28,21,16,11,5,24,12,12,5,3,2,4,2,2,0,0,0
53409906,36,16,20,15,9,6,10,6,4,8,1,7,3,0,3,0,0,0
53409907,24,14,10,6,5,1,10,5,5,6,3,3,2,1,1,0,0,0
53409908,25,14,11,10,7,3,9,4,5,4,3,1,2,0,2,0,0,0
53409909,92,44,48,36,17,19,37,19,18,11,5,6,8,3,5,0,0,0
53410201,761,402,359,319,193,126,327,165,162,66,34,32,49,10,39,0,0,0
53412903,577,290,287,231,129,102,256,127,129,49,27,22,39,6,33,2,1,1
53412904,59,31,28,28,16,12,20,10,10,5,4,1,5,1,4,1,0,1
53412906,68,36,32,27,16,11,29,14,15,6,5,1,6,1,5,0,0,0
53412907,49,27,22,23,15,8,20,11,9,2,1,1,4,0,4,0,0,0
53412908,43,19,24,16,8,8,20,10,10,3,1,2,4,0,4,0,0,0
53413701,375,200,175,169,99,70,149,75,74,38,20,18,19,6,13,0,0,0
53413702,73,42,31,26,17,9,36,19,17,6,4,2,5,2,3,0,0,0
53413703,81,36,45,33,16,17,36,17,19,5,3,2,7,0,7,0,0,0
53413704,29,13,16,10,5,5,15,7,8,2,1,1,2,0,2,0,0,0
53140501,210,98,112,88,42,46,81,40,41,30,15,15,11,1,10,0,0,0
55146501,61,28,33,31,16,15,22,11,11,1,1,0,7,0,7,0,0,0
53415302,59,28,31,17,11,6,32,16,16,2,1,1,8,0,8,0,0,0
53415303,361,166,195,141,62,79,156,78,78,35,18,17,28,7,21,1,1,0
53416101,20,9,11,7,4,3,10,5,5,1,0,1,2,0,2,0,0,0
53416102,84,38,46,39,19,20,27,15,12,11,4,7,7,0,7,0,0,0
53416103,47,27,20,18,13,5,23,12,11,2,2,0,4,0,4,0,0,0
53416104,36,19,17,20,11,9,12,7,5,2,1,1,2,0,2,0,0,0
53416105,506,259,247,215,121,94,224,114,110,41,20,21,25,4,21,1,0,1
0778101,0,0,0,0,0,0,0,0,0,0,0,0,0,0,0,0,0,0
0778610,0,0,0,0,0,0,0,0,0,0,0,0,0,0,0,0,0,0
0779330,0,0,0,0,0,0,0,0,0,0,0,0,0,0,0,0,0,0
0779500,0,0,0,0,0,0,0,0,0,0,0,0,0,0,0,0,0,0
0780002,0,0,0,0,0,0,0,0,0,0,0,0,0,0,0,0,0,0
3072460,0,0,0,0,0,0,0,0,0,0,0,0,0,0,0,0,0,0
3072540,0,0,0,0,0,0,0,0,0,0,0,0,0,0,0,0,0,0
3210950,0,0,0,0,0,0,0,0,0,0,0,0,0,0,0,0,0,0
3228062,0,0,0,0,0,0,0,0,0,0,0,0,0,0,0,0,0,0
3228063,0,0,0,0,0,0,0,0,0,0,0,0,0,0,0,0,0,0
53395501,113,63,50,53,32,21,47,26,21,5,3,2,8,2,6,0,0,0
53395502,1236,598,638,526,303,223,417,215,202,186,59,127,94,12,82,12,9,3
53395503,1130,552,578,482,253,229,466,231,235,126,58,68,49,7,42,7,3,4
53395504,2337,1059,1278,1005,511,494,720,364,356,385,135,250,211,37,174,16,12,4
53395506,309,136,173,161,81,80,82,42,40,53,12,41,13,1,12,0,0,0
53395507,31,18,13,13,8,5,4,3,1,8,5,3,6,2,4,0,0,0
53395508,221,111,110,92,46,46,98,51,47,20,12,8,11,2,9,0,0,0
53395510,1393,682,711,518,291,227,582,290,292,162,78,84,128,21,107,3,2,1
53395511,1730,830,900,610,335,275,778,387,391,182,85,97,156,22,134,4,1,3
53395512,22,12,10,10,7,3,8,3,5,4,2,2,0,0,0,0,0,0
53395514,24,14,10,10,5,5,10,5,5,3,3,0,1,1,0,0,0,0
53395515,628,324,304,274,155,119,251,129,122,68,32,36,32,8,24,1,0,1
53395516,25,20,5,10,10,0,8,6,2,4,2,2,1,1,0,2,1,1
53395519,187,91,96,78,40,38,78,39,39,20,9,11,11,3,8,0,0,0
53395520,52,28,24,14,8,6,23,12,11,9,6,3,5,1,4,1,1,0
53395522,164,81,83,95,48,47,45,22,23,16,9,7,8,2,6,0,0,0
53395523,1025,496,529,402,216,186,416,212,204,122,45,77,77,18,59,7,5,2
53395526,113,65,48,57,42,15,39,20,19,16,2,14,0,0,0,1,1,0
53395527,785,393,392,312,177,135,318,160,158,92,44,48,62,11,51,1,1,0
53395528,28,14,14,14,7,7,14,7,7,0,0,0,0,0,0,0,0,0
53395529,991,490,501,393,214,179,427,211,216,117,54,63,52,10,42,2,1,1
53395530,737,382,355,350,205,145,192,102,90,116,64,52,72,6,66,6,5,1
53395531,632,313,319,288,155,133,225,115,110,81,36,45,33,3,30,4,3,1
53395532,1446,814,632,756,459,297,377,195,182,233,141,92,71,14,57,9,5,4
53395533,2979,1456,1523,1161,662,499,1125,559,566,458,182,276,211,39,172,22,12,10
53395534,1306,626,680,560,300,260,474,237,237,180,73,107,82,12,70,9,3,6
53395535,154,67,87,55,24,31,45,24,21,39,17,22,14,1,13,1,1,0
53395536,62,30,32,31,15,16,22,11,11,5,3,2,4,1,3,0,0,0
53395537,174,88,86,63,33,30,87,45,42,16,9,7,7,1,6,1,0,1
53395538,128,61,67,70,39,31,31,15,16,20,7,13,6,0,6,1,0,1
53417001,219,119,100,93,62,31,82,43,39,23,8,15,19,4,15,2,2,0
53418801,865,427,438,356,185,171,374,186,188,79,45,34,54,10,44,2,1,1
53418802,45,22,23,20,11,9,13,7,6,9,4,5,3,0,3,0,0,0
53418804,57,30,27,20,13,7,21,10,11,11,7,4,5,0,5,0,0,0
53418805,46,21,25,16,9,7,16,7,9,6,3,3,8,2,6,0,0,0
53420001,64,33,31,27,17,10,23,11,12,11,4,7,3,1,2,0,0,0
53420002,158,81,77,69,36,33,63,32,31,18,12,6,8,1,7,0,0,0
53420003,83,43,40,44,21,23,30,15,15,7,5,2,2,2,0,0,0,0
53420004,49,23,26,22,11,11,22,11,11,4,1,3,1,0,1,0,0,0
53420005,403,194,209,170,89,81,149,74,75,54,23,31,30,8,22,0,0,0
53420006,386,195,191,173,93,80,163,82,81,34,18,16,15,1,14,1,1,0
53099901,390,194,196,154,80,74,173,87,86,34,18,16,23,6,17,6,3,3
53422602,44,19,25,13,6,7,21,10,11,4,2,2,5,0,5,1,1,0
53422603,158,80,78,70,41,29,64,32,32,12,7,5,11,0,11,0,0,0
53424201,830,433,397,346,206,140,343,176,167,80,41,39,57,7,50,3,2,1
53424202,21,12,9,15,11,4,3,1,2,0,0,0,3,0,3,0,0,0
53425101,192,97,95,79,46,33,92,48,44,9,3,6,12,0,12,0,0,0
1113251,0,0,0,0,0,0,0,0,0,0,0,0,0,0,0,0,0,0
53427701,56,31,25,22,13,9,29,15,14,2,2,0,3,1,2,0,0,0
53427702,56,27,29,22,11,11,22,11,11,4,3,1,8,2,6,0,0,0
53427703,174,94,80,90,53,37,56,29,27,22,10,12,6,2,4,0,0,0
53427704,24,10,14,6,1,5,14,7,7,3,2,1,1,0,1,0,0,0
53095601,140,75,65,47,28,19,64,34,30,25,13,12,4,0,4,0,0,0
53127801,210,101,109,88,50,38,93,46,47,12,3,9,16,1,15,1,1,0
53430702,38,22,16,11,8,3,23,12,11,2,1,1,2,1,1,0,0,0
53430703,21,13,8,9,7,2,6,3,3,2,2,0,4,1,3,0,0,0
53430705,91,51,40,26,20,6,47,24,23,7,4,3,10,2,8,1,1,0
53431503,209,108,101,68,39,29,101,51,50,26,15,11,14,3,11,0,0,0
53431504,35,15,20,11,5,6,11,6,5,7,3,4,6,1,5,0,0,0
53431505,49,21,28,15,6,9,24,13,11,4,2,2,6,0,6,0,0,0
53432301,25,16,9,13,10,3,11,6,5,1,0,1,0,0,0,0,0,0
53432302,24,11,13,7,2,5,14,7,7,0,0,0,3,2,1,0,0,0
53432303,20,8,12,8,4,4,9,4,5,0,0,0,3,0,3,0,0,0
53432304,34,15,19,12,5,7,19,10,9,1,0,1,2,0,2,0,0,0
53432305,23,10,13,9,5,4,10,5,5,1,0,1,3,0,3,0,0,0
53432306,39,19,20,21,11,10,13,7,6,1,0,1,4,1,3,0,0,0
52819601,24,13,11,8,5,3,12,6,6,3,2,1,1,0,1,0,0,0
52819602,147,75,72,56,31,25,60,30,30,15,8,7,15,5,10,1,1,0
52819603,23,12,11,6,3,3,10,5,5,5,4,1,2,0,2,0,0,0
52819604,21,13,8,7,5,2,10,5,5,2,2,0,2,1,1,0,0,0
53433101,620,290,330,243,115,128,262,131,131,68,34,34,45,9,36,2,1,1
53434001,191,94,97,74,40,34,74,36,38,23,15,8,20,3,17,0,0,0
53434002,39,21,18,15,11,4,13,7,6,5,2,3,6,1,5,0,0,0
53434003,90,45,45,37,20,17,30,15,15,17,10,7,6,0,6,0,0,0
53434004,80,36,44,35,14,21,31,15,16,10,5,5,3,1,2,1,1,0
53435801,44,26,18,13,11,2,20,10,10,7,4,3,4,1,3,0,0,0
53435802,29,14,15,9,5,4,11,6,5,3,2,1,6,1,5,0,0,0
53435803,55,28,27,24,15,9,22,11,11,3,1,2,6,1,5,0,0,0
53435804,428,231,197,190,119,71,155,79,76,52,26,26,31,7,24,0,0,0
52662201,336,174,162,132,80,52,146,73,73,32,18,14,26,3,23,0,0,0
53436601,91,49,42,29,20,9,46,23,23,7,5,2,9,1,8,0,0,0
53436602,29,16,13,13,7,6,10,6,4,5,3,2,1,0,1,0,0,0
53436603,39,18,21,17,7,10,15,9,6,6,2,4,1,0,1,0,0,0
53436604,56,27,29,20,11,9,20,10,10,9,5,4,7,1,6,0,0,0
53437402,45,23,22,8,4,4,22,11,11,10,7,3,5,1,4,0,0,0
53437403,91,32,59,15,11,4,15,9,6,23,8,15,37,4,33,1,0,1
53437404,77,37,40,29,14,15,33,17,16,9,4,5,6,2,4,0,0,0
53437405,50,28,22,14,9,5,28,14,14,6,4,2,2,1,1,0,0,0
53085901,276,137,139,112,60,52,115,60,55,26,12,14,23,5,18,0,0,0
53138301,85,42,43,36,19,17,31,16,15,10,5,5,8,2,6,0,0,0
53439101,91,50,41,34,23,11,35,17,18,19,10,9,3,0,3,0,0,0
53439102,64,35,29,28,17,11,23,12,11,9,6,3,4,0,4,0,0,0
53429301,66,31,35,24,11,13,29,15,14,5,4,1,8,1,7,0,0,0
53429302,114,61,53,42,24,18,42,23,19,18,12,6,12,2,10,0,0,0
53106501,141,63,78,60,31,29,52,25,27,15,4,11,13,2,11,1,1,0
53441201,41,21,20,17,10,7,18,9,9,2,1,1,4,1,3,0,0,0
53441202,51,25,26,14,9,5,27,14,13,4,1,3,6,1,5,0,0,0
53441203,47,24,23,20,13,7,18,9,9,3,2,1,5,0,5,1,0,1
53441204,94,49,45,44,29,15,32,15,17,9,3,6,9,2,7,0,0,0
53441205,26,11,15,9,3,6,14,7,7,1,1,0,2,0,2,0,0,0
53087501,140,81,59,51,38,13,61,31,30,16,9,7,11,2,9,1,1,0
53139101,73,32,41,29,13,16,27,13,14,6,4,2,11,2,9,0,0,0
53443901,199,106,93,80,49,31,90,47,43,12,6,6,15,3,12,2,1,1
53443902,51,27,24,22,13,9,24,12,12,3,1,2,2,1,1,0,0,0
53443903,78,40,38,29,15,14,39,19,20,6,4,2,4,2,2,0,0,0
53443904,672,348,324,243,144,99,311,157,154,60,33,27,56,13,43,1,0,1
53443905,72,37,35,29,16,13,26,13,13,12,8,4,5,0,5,0,0,0
53419601,298,144,154,124,61,63,115,57,58,34,23,11,25,3,22,0,0,0
53419602,443,219,224,183,96,87,184,92,92,43,23,20,31,7,24,1,0,1
53419603,36,15,21,12,4,8,16,8,8,7,3,4,1,0,1,0,0,0
53419604,104,52,52,40,19,21,46,23,23,14,9,5,4,1,3,0,0,0
53142101,94,42,52,43,18,25,39,20,19,5,3,2,7,1,6,0,0,0
53093001,133,61,72,58,30,28,48,24,24,12,5,7,15,2,13,0,0,0
53098101,282,137,145,141,75,66,94,48,46,26,12,14,20,2,18,1,0,1
53097201,34,18,16,12,8,4,18,9,9,3,1,2,1,0,1,0,0,0
53097203,87,46,41,29,19,10,39,19,20,9,7,2,10,1,9,0,0,0
57174101,139,75,64,51,32,19,62,31,31,20,11,9,5,0,5,1,1,0
53448001,640,330,310,259,157,102,267,133,134,65,30,35,48,10,38,1,0,1
53449802,22,12,10,7,3,4,11,6,5,1,1,0,3,2,1,0,0,0
53449803,69,40,29,31,22,9,22,11,11,11,6,5,5,1,4,0,0,0
53449804,32,14,18,14,6,8,15,7,8,2,1,1,1,0,1,0,0,0
53449806,35,19,16,17,10,7,17,9,8,0,0,0,1,0,1,0,0,0
53449807,83,45,38,32,20,12,44,22,22,6,3,3,1,0,1,0,0,0
53449808,2830,1394,1436,1060,618,442,1162,580,582,299,152,147,294,37,257,10,2,8
53450101,69,33,36,28,13,15,32,16,16,5,2,3,4,2,2,0,0,0
53450103,94,45,49,31,16,15,46,23,23,7,3,4,10,3,7,0,0,0
53450104,100,53,47,28,16,12,54,29,25,11,5,6,7,3,4,0,0,0
53450106,51,24,27,19,10,9,22,11,11,6,2,4,3,0,3,0,0,0
53450107,181,96,85,66,42,24,82,41,41,21,9,12,11,4,7,1,0,1
1758113,0,0,0,0,0,0,0,0,0,0,0,0,0,0,0,0,0,0
53451001,33,17,16,10,6,4,21,11,10,1,0,1,1,0,1,0,0,0
53451002,96,53,43,24,15,9,52,27,25,14,9,5,6,2,4,0,0,0
53451003,42,23,19,10,8,2,22,11,11,6,3,3,4,1,3,0,0,0
53451004,108,62,46,47,29,18,53,27,26,5,4,1,2,1,1,1,1,0
53451005,107,53,54,44,22,22,50,27,23,6,3,3,7,1,6,0,0,0
53451006,121,60,61,52,28,24,47,22,25,11,3,8,10,6,4,1,1,0
53451007,76,41,35,25,16,9,40,20,20,2,2,0,8,2,6,1,1,0
53451008,127,59,68,58,26,32,39,20,19,24,11,13,6,2,4,0,0,0
53452801,319,156,163,132,71,61,135,70,65,33,15,18,19,0,19,0,0,0
53452802,187,97,90,78,46,32,66,32,34,29,15,14,14,4,10,0,0,0
53452803,85,40,45,33,15,18,44,23,21,4,1,3,4,1,3,0,0,0
53453601,34,18,16,9,6,3,21,11,10,2,1,1,2,0,2,0,0,0
53453602,42,22,20,19,11,8,14,7,7,6,3,3,3,1,2,0,0,0
53453604,56,25,31,24,11,13,23,11,12,5,3,2,4,0,4,0,0,0
53453605,52,23,29,26,14,12,15,8,7,6,1,5,5,0,5,0,0,0
53453606,84,41,43,30,18,12,37,19,18,8,3,5,7,1,6,0,0,0
53454401,165,85,80,70,42,28,53,28,25,24,9,15,18,6,12,0,0,0
53454402,94,47,47,34,18,16,40,20,20,14,7,7,6,2,4,0,0,0
53455201,31,17,14,16,10,6,12,6,6,2,1,1,1,0,1,0,0,0
53455202,213,105,108,94,51,43,85,41,44,21,10,11,13,3,10,0,0,0
53456102,40,19,21,11,7,4,20,10,10,4,1,3,5,1,4,0,0,0
53456103,72,38,34,31,16,15,35,18,17,6,4,2,0,0,0,0,0,0
53456105,34,17,17,17,7,10,11,6,5,4,3,1,2,1,1,0,0,0
53456106,243,117,126,87,48,39,107,53,54,25,12,13,23,4,19,1,0,1
53456107,21,11,10,5,3,2,14,7,7,1,1,0,1,0,1,0,0,0
53456108,30,17,13,10,6,4,10,5,5,4,2,2,5,3,2,1,1,0
53456109,33,16,17,10,5,5,19,9,10,1,1,0,3,1,2,0,0,0
53457901,148,73,75,44,24,20,81,39,42,10,8,2,12,2,10,1,0,1
53457902,69,40,29,24,17,7,35,18,17,5,4,1,5,1,4,0,0,0
53457903,391,203,188,166,98,68,175,88,87,20,8,12,29,8,21,1,1,0
53101401,81,40,41,27,14,13,34,16,18,10,8,2,10,2,8,0,0,0
53458701,822,407,415,291,169,122,370,188,182,77,40,37,82,10,72,2,0,2
53458702,35,16,19,7,3,4,22,11,11,4,2,2,2,0,2,0,0,0
53458703,306,144,162,111,59,52,150,74,76,17,8,9,28,3,25,0,0,0
53458704,1403,711,692,590,331,259,592,299,293,122,61,61,94,18,76,4,2,2
53458705,71,41,30,30,21,9,23,12,11,14,8,6,4,0,4,0,0,0
53458706,144,74,70,49,27,22,65,33,32,22,12,10,8,2,6,0,0,0
53458707,64,36,28,23,14,9,28,14,14,7,7,0,6,1,5,0,0,0
53459501,113,50,63,34,16,18,55,28,27,10,6,4,13,0,13,1,0,1
53459502,722,376,346,311,184,127,257,128,129,87,45,42,59,15,44,5,3,2
53460902,48,25,23,21,12,9,22,12,10,2,0,2,3,1,2,0,0,0
53460903,42,23,19,17,8,9,17,9,8,7,6,1,1,0,1,0,0,0
53460904,63,35,28,22,15,7,29,15,14,6,3,3,6,2,4,0,0,0
53460905,86,44,42,36,20,16,33,17,16,12,6,6,5,1,4,0,0,0
53460906,242,131,111,101,64,37,101,50,51,26,15,11,13,2,11,1,0,1
53461702,57,28,29,20,11,9,24,14,10,6,3,3,7,0,7,0,0,0
53461703,31,15,16,10,6,4,14,7,7,4,2,2,3,0,3,0,0,0
53461704,62,31,31,23,14,9,26,13,13,8,4,4,5,0,5,0,0,0
53461705,39,21,18,10,7,3,21,11,10,2,1,1,6,2,4,0,0,0
53461707,32,14,18,13,5,8,16,8,8,1,1,0,2,0,2,0,0,0
53461709,36,18,18,8,5,3,17,8,9,8,5,3,3,0,3,0,0,0
53461710,38,18,20,19,11,8,12,6,6,4,1,3,3,0,3,0,0,0
53461712,22,9,13,6,3,3,8,4,4,4,2,2,4,0,4,0,0,0
53461713,30,15,15,8,3,5,17,8,9,2,2,0,3,2,1,0,0,0
53461714,1002,514,488,398,227,171,426,217,209,115,59,56,63,11,52,0,0,0
53461715,30,14,16,12,5,7,14,7,7,3,2,1,1,0,1,0,0,0
1920742,0,0,0,0,0,0,0,0,0,0,0,0,0,0,0,0,0,0
53462501,63,29,34,27,11,16,26,13,13,6,5,1,4,0,4,0,0,0
53462502,25,14,11,10,7,3,13,7,6,0,0,0,2,0,2,0,0,0
53462503,44,23,21,12,7,5,21,11,10,4,3,1,7,2,5,0,0,0
53462504,41,21,20,11,7,4,22,11,11,6,3,3,2,0,2,0,0,0
53462505,105,57,48,38,28,10,45,22,23,12,5,7,10,2,8,0,0,0
53462506,27,14,13,9,6,3,8,4,4,5,3,2,5,1,4,0,0,0
53462507,69,35,34,27,17,10,31,16,15,7,1,6,4,1,3,0,0,0
53462508,226,115,111,88,47,41,95,49,46,31,16,15,11,3,8,1,0,1
3072890,0,0,0,0,0,0,0,0,0,0,0,0,0,0,0,0,0,0
3072970,0,0,0,0,0,0,0,0,0,0,0,0,0,0,0,0,0,0
3073010,0,0,0,0,0,0,0,0,0,0,0,0,0,0,0,0,0,0
53463301,68,34,34,18,11,7,36,17,19,5,4,1,9,2,7,0,0,0
53463302,59,35,24,16,13,3,21,11,10,14,10,4,8,1,7,0,0,0
53463303,97,49,48,33,22,11,47,24,23,6,1,5,11,2,9,0,0,0
53463305,814,423,391,316,182,134,337,169,168,98,60,38,59,8,51,4,4,0
53463306,256,125,131,75,47,28,123,62,61,27,10,17,31,6,25,0,0,0
53463307,3322,1571,1751,1299,723,576,1253,624,629,436,171,265,325,48,277,8,4,4
53464101,273,130,143,115,59,56,116,58,58,28,11,17,14,2,12,0,0,0
53464102,96,50,46,41,21,20,39,20,19,13,8,5,3,1,2,0,0,0
53465001,83,41,42,33,19,14,30,15,15,8,4,4,11,2,9,1,1,0
53465002,755,381,374,318,171,147,328,163,165,69,38,31,36,6,30,3,2,1
53466801,68,30,38,25,11,14,30,15,15,7,3,4,6,1,5,0,0,0
53466802,51,26,25,28,15,13,16,8,8,5,2,3,2,1,1,0,0,0
53466803,69,34,35,21,13,8,35,18,17,6,2,4,7,1,6,0,0,0
53466804,1153,591,562,471,271,200,438,220,218,139,74,65,103,24,79,2,2,0
53471401,379,208,171,159,99,60,173,88,85,34,18,16,12,2,10,0,0,0
53471402,116,63,53,54,33,21,47,24,23,7,3,4,7,3,4,1,0,1
53472201,1354,683,671,610,340,270,484,241,243,173,87,86,86,15,71,0,0,0
53473101,73,44,29,25,18,7,37,21,16,5,3,2,3,1,2,3,1,2
53473102,1148,593,555,514,291,223,453,227,226,112,63,49,65,10,55,3,2,1
59829101,779,399,380,346,189,157,338,166,172,70,37,33,21,4,17,4,3,1
53474901,669,345,324,273,162,111,283,140,143,72,38,34,38,4,34,3,1,2
0277232,0,0,0,0,0,0,0,0,0,0,0,0,0,0,0,0,0,0
53157001,39,20,19,11,9,2,17,10,7,5,0,5,5,1,4,1,0,1
53157002,92,49,43,38,24,14,33,18,15,11,5,6,9,1,8,0,0,0
53157003,50,29,21,15,12,3,23,12,11,4,3,1,7,1,6,1,1,0
53920101,73,37,36,29,15,14,25,13,12,13,7,6,6,2,4,0,0,0
53920102,860,424,436,398,208,190,338,167,171,76,38,38,47,10,37,1,1,0
53476501,1099,567,532,484,282,202,416,206,210,128,62,66,66,14,52,3,2,1
53476502,55,29,26,16,9,7,22,12,10,12,7,5,5,1,4,0,0,0
53476503,351,173,178,159,77,82,140,68,72,33,20,13,15,5,10,3,3,0
53198701,96,49,47,43,23,20,38,21,17,8,4,4,6,0,6,1,1,0
53477301,465,242,223,195,112,83,178,89,89,60,35,25,30,5,25,2,1,1
3313330,0,0,0,0,0,0,0,0,0,0,0,0,0,0,0,0,0,0
53479001,1058,536,522,452,257,195,397,197,200,134,61,73,72,20,52,2,1,1
53479003,121,61,60,68,42,26,30,15,15,17,4,13,6,0,6,0,0,0
53480301,311,147,164,123,66,57,126,62,64,35,14,21,26,4,22,1,1,0
53480302,431,225,206,205,114,91,149,77,72,50,25,25,27,9,18,0,0,0
53480303,45,24,21,17,11,6,22,11,11,3,2,1,3,0,3,0,0,0
53480304,81,37,44,33,16,17,30,15,15,13,6,7,5,0,5,0,0,0
53480305,21,9,12,11,4,7,6,4,2,3,1,2,1,0,1,0,0,0
53149901,302,159,143,112,67,45,139,70,69,32,20,12,19,2,17,0,0,0
53192801,305,157,148,117,75,42,135,68,67,26,10,16,27,4,23,0,0,0
53482001,462,237,225,183,102,81,179,94,85,64,34,30,34,7,27,2,0,2
53483802,271,137,134,118,65,53,103,53,50,33,17,16,17,2,15,0,0,0
53483803,246,125,121,111,67,44,81,40,41,36,17,19,17,1,16,0,0,0
53483804,36,18,18,20,11,9,10,5,5,5,2,3,1,0,1,0,0,0
53484601,539,278,261,226,132,94,227,112,115,52,30,22,33,3,30,1,1,0
53187101,269,144,125,111,68,43,111,59,52,29,10,19,15,4,11,1,1,0
53177401,125,60,65,65,37,28,37,18,19,17,5,12,6,0,6,0,0,0
53177402,20,11,9,8,5,3,9,5,4,2,1,1,1,0,1,0,0,0
53165101,86,49,37,30,21,9,40,20,20,9,8,1,7,0,7,0,0,0
0667533,0,0,0,0,0,0,0,0,0,0,0,0,0,0,0,0,0,0
53489701,109,50,59,53,23,30,42,21,21,12,5,7,2,1,1,0,0,0
53489702,292,154,138,135,81,54,121,63,58,19,7,12,16,2,14,1,1,0
53489704,208,114,94,89,55,34,88,44,44,18,11,7,13,4,9,0,0,0
53489705,200,110,90,74,44,30,81,41,40,33,21,12,11,3,8,1,1,0
53489706,157,67,90,83,39,44,46,23,23,22,5,17,6,0,6,0,0,0
53489707,178,86,92,80,43,37,69,34,35,21,8,13,8,1,7,0,0,0
53489708,220,106,114,101,51,50,90,44,46,21,10,11,8,1,7,0,0,0
53489709,265,132,133,126,65,61,106,54,52,24,10,14,9,3,6,0,0,0
53834501,811,402,409,358,201,157,306,149,157,93,45,48,53,6,47,0,0,0
53490101,59,25,34,26,11,15,11,6,5,15,8,7,7,0,7,0,0,0
53490102,36,19,17,12,10,2,13,6,7,4,2,2,7,1,6,0,0,0
53490104,55,28,27,21,12,9,27,14,13,4,2,2,3,0,3,0,0,0
53490106,187,93,94,88,45,43,64,33,31,24,12,12,10,3,7,1,0,1
53490107,43,23,20,19,10,9,17,9,8,6,4,2,1,0,1,0,0,0
53493501,538,273,265,243,134,109,212,106,106,50,20,30,33,13,20,0,0,0
53493503,81,48,33,32,20,12,26,14,12,17,12,5,6,2,4,0,0,0
53493504,3574,1785,1789,1590,869,721,1336,680,656,430,187,243,211,45,166,7,4,3
53493505,59,32,27,21,14,7,26,13,13,8,3,5,4,2,2,0,0,0
57179202,472,247,225,203,117,86,199,100,99,39,21,18,29,7,22,2,2,0
0728000,0,0,0,0,0,0,0,0,0,0,0,0,0,0,0,0,0,0
0728180,0,0,0,0,0,0,0,0,0,0,0,0,0,0,0,0,0,0
3073270,0,0,0,0,0,0,0,0,0,0,0,0,0,0,0,0,0,0
53495101,204,103,101,67,38,29,96,48,48,26,13,13,14,4,10,1,0,1
53495102,642,314,328,277,144,133,259,130,129,71,32,39,34,7,27,1,1,0
53495104,149,74,75,72,39,33,63,28,35,11,7,4,3,0,3,0,0,0
53495106,209,97,112,72,40,32,95,47,48,17,5,12,23,4,19,2,1,1
53495107,929,464,465,411,229,182,373,182,191,87,39,48,54,10,44,2,2,0
53495108,1043,543,500,488,285,203,432,213,219,79,33,46,41,10,31,1,0,1
53495110,602,304,298,270,150,120,233,114,119,65,34,31,31,3,28,1,1,0
53495111,1116,608,508,576,338,238,281,143,138,183,108,75,70,16,54,5,3,2
53495112,737,374,363,288,161,127,337,169,168,79,38,41,31,5,26,2,1,1
53495113,27,15,12,11,7,4,10,5,5,4,3,1,2,0,2,0,0,0
53495114,2385,1154,1231,1115,606,509,767,390,377,325,123,202,163,22,141,15,13,2
53495115,183,79,104,75,34,41,72,35,37,12,6,6,22,4,18,0,0,0
53495116,109,52,57,58,25,33,49,25,24,2,2,0,0,0,0,0,0,0
53495117,2192,1047,1145,910,502,408,780,389,391,317,116,201,173,31,142,10,7,3
53495118,20,9,11,9,5,4,4,2,2,3,2,1,4,0,4,0,0,0
53495119,1474,711,763,540,305,235,565,293,272,222,82,140,132,23,109,13,8,5
53495120,184,118,66,77,48,29,76,52,24,24,14,10,4,1,3,3,3,0
53495121,330,189,141,153,88,65,121,68,53,33,16,17,6,3,3,17,14,3
53495122,125,66,59,48,30,18,57,28,29,9,6,3,11,2,9,0,0,0
53495125,1674,834,840,704,399,305,579,309,270,250,86,164,118,20,98,21,20,1
53495126,1996,980,1016,807,465,342,759,380,379,237,98,139,187,35,152,6,2,4
53495128,2045,969,1076,899,483,416,694,343,351,276,104,172,164,34,130,11,5,6
53497801,675,347,328,279,156,123,282,140,142,66,36,30,47,14,33,1,1,0
53189801,44,24,20,19,11,8,19,9,10,5,3,2,1,1,0,0,0,0
53189802,193,93,100,75,39,36,77,39,38,22,12,10,19,3,16,0,0,0
53189803,22,11,11,3,2,1,13,7,6,1,1,0,5,1,4,0,0,0
53189804,64,30,34,23,9,14,35,18,17,2,2,0,4,1,3,0,0,0
53500101,144,77,67,62,38,24,55,29,26,20,9,11,7,1,6,0,0,0
53500102,906,457,449,418,230,188,329,170,159,91,41,50,59,13,46,9,3,6
53500103,45,22,23,19,10,9,20,10,10,4,1,3,1,0,1,1,1,0
1036320,0,0,0,0,0,0,0,0,0,0,0,0,0,0,0,0,0,0
3193920,0,0,0,0,0,0,0,0,0,0,0,0,0,0,0,0,0,0
57178401,511,258,253,188,99,89,213,111,102,69,42,27,41,6,35,0,0,0
57178403,1910,975,935,797,447,350,790,398,392,212,101,111,105,23,82,3,3,0
53150201,470,227,243,208,113,95,174,87,87,51,19,32,37,8,29,0,0,0
53167701,162,83,79,74,41,33,67,32,35,14,10,4,6,0,6,1,0,1
53502801,76,40,36,28,15,13,44,23,21,3,2,1,1,0,1,0,0,0
53502802,1347,664,683,529,296,233,526,266,260,168,74,94,121,26,95,2,1,1
0914212,0,0,0,0,0,0,0,0,0,0,0,0,0,0,0,0,0,0
53503601,291,137,154,137,68,69,118,58,60,26,9,17,10,2,8,0,0,0
53503602,351,179,172,155,87,68,133,68,65,40,18,22,23,6,17,0,0,0
53503603,449,210,239,190,94,96,192,96,96,39,13,26,28,7,21,0,0,0
52957503,43,22,21,20,11,9,14,7,7,5,3,2,4,1,3,0,0,0
52957504,45,24,21,14,8,6,18,10,8,8,4,4,5,2,3,0,0,0
52957505,77,43,34,30,17,13,29,17,12,13,8,5,5,1,4,0,0,0
53504401,593,307,286,285,169,116,208,104,104,65,29,36,35,5,30,0,0,0
53504402,134,70,64,57,34,23,58,29,29,13,7,6,6,0,6,0,0,0
53504403,274,134,140,109,59,50,108,56,52,33,14,19,24,5,19,0,0,0
0929750,0,0,0,0,0,0,0,0,0,0,0,0,0,0,0,0,0,0
3010270,0,0,0,0,0,0,0,0,0,0,0,0,0,0,0,0,0,0
53467601,2923,1324,1599,1060,577,483,1020,507,513,451,171,280,383,64,319,7,4,3
53467602,870,401,469,373,181,192,316,159,157,108,46,62,73,15,58,0,0,0
53467603,37,21,16,24,14,10,12,6,6,1,1,0,0,0,0,0,0,0
53467604,1924,949,975,786,407,379,829,417,412,178,95,83,127,27,100,2,2,0
53467605,95,50,45,50,24,26,31,18,13,11,8,3,3,0,3,0,0,0
53467606,432,215,217,174,94,80,188,93,95,46,24,22,22,2,20,2,2,0
53467607,49,33,16,14,10,4,30,19,11,4,3,1,1,1,0,0,0,0
53467608,1180,560,620,491,252,239,506,251,255,119,47,72,62,9,53,2,1,1
53467609,101,46,55,51,23,28,41,21,20,7,2,5,2,0,2,0,0,0
53467610,2083,1011,1072,920,492,428,834,418,416,199,84,115,122,12,110,8,5,3
53467611,4161,1979,2182,1793,996,797,1376,689,687,657,236,421,323,50,273,8,5,3
53467613,2704,1289,1415,1094,587,507,1031,515,516,355,143,212,218,40,178,5,4,1
53467614,953,558,395,482,308,174,248,127,121,181,115,66,39,6,33,3,2,1
53467615,260,117,143,88,49,39,73,39,34,28,16,12,71,13,58,0,0,0
53467616,192,94,98,84,43,41,88,44,44,13,6,7,7,1,6,0,0,0
53467617,411,210,201,163,85,78,174,88,86,50,32,18,22,5,17,0,0,0
53467618,833,421,412,363,208,155,348,174,174,71,23,48,50,15,35,1,1,0
53467619,380,212,168,185,116,69,123,65,58,50,29,21,21,1,20,1,1,0
53505201,1221,576,645,486,262,224,420,211,209,171,87,84,141,16,125,3,0,3
53505202,54,25,29,21,8,13,23,11,12,7,5,2,3,1,2,0,0,0
53505206,137,65,72,56,27,29,61,30,31,13,6,7,7,2,5,0,0,0
53505207,39,19,20,14,8,6,17,9,8,5,2,3,3,0,3,0,0,0
53506101,407,202,205,185,104,81,133,66,67,54,25,29,35,7,28,0,0,0
53186301,308,152,156,132,76,56,120,61,59,31,12,19,25,3,22,0,0,0
53507901,204,91,113,80,39,41,80,40,40,28,10,18,16,2,14,0,0,0
53507902,44,27,17,16,12,4,16,8,8,10,6,4,2,1,1,0,0,0
53507903,349,169,180,178,88,90,141,68,73,25,11,14,4,1,3,1,1,0
53507904,496,244,252,240,123,117,193,96,97,48,22,26,12,1,11,3,2,1
53507905,37,18,19,17,8,9,15,7,8,3,3,0,2,0,2,0,0,0
53507906,981,490,491,418,223,195,398,201,197,104,50,54,58,15,43,3,1,2
53507907,50,32,18,20,14,6,15,9,6,8,6,2,5,1,4,2,2,0
3010510,0,0,0,0,0,0,0,0,0,0,0,0,0,0,0,0,0,0
53508701,298,156,142,144,80,64,105,58,47,29,13,16,15,4,11,2,1,1
53508702,382,185,197,167,90,77,135,68,67,54,26,28,23,1,22,0,0,0
53508703,813,403,410,361,189,172,330,165,165,85,40,45,36,8,28,1,1,0
53508705,620,318,302,270,153,117,231,117,114,78,41,37,41,7,34,0,0,0
53508706,1077,488,589,531,284,247,211,102,109,219,82,137,107,14,93,7,4,3
53508707,1455,698,757,619,327,292,535,270,265,174,73,101,117,24,93,8,4,4
53508708,2572,1221,1351,1065,575,490,948,468,480,351,144,207,203,33,170,3,1,2
53508709,328,166,162,168,85,83,118,62,56,23,12,11,12,3,9,6,4,2
53508710,4428,2107,2321,1800,970,830,1666,836,830,681,239,442,272,57,215,8,5,3
53508711,2617,1300,1317,1207,690,517,665,339,326,556,235,321,176,29,147,7,5,2
53508713,1238,603,635,456,237,219,592,295,297,111,52,59,78,18,60,1,1,0
53508714,38,19,19,19,9,10,13,7,6,6,3,3,0,0,0,0,0,0
1048171,0,0,0,0,0,0,0,0,0,0,0,0,0,0,0,0,0,0
53170701,62,29,33,23,13,10,28,13,15,8,3,5,3,0,3,0,0,0
53170702,135,67,68,50,26,24,55,27,28,17,13,4,13,1,12,0,0,0
53511701,416,204,212,160,79,81,165,84,81,57,34,23,34,7,27,0,0,0
53511702,78,46,32,32,22,10,28,15,13,11,5,6,7,4,3,0,0,0
53511703,149,77,72,47,28,19,66,32,34,26,11,15,10,6,4,0,0,0
53511704,264,137,127,119,69,50,111,56,55,23,9,14,11,3,8,0,0,0
53511705,157,84,73,67,40,27,66,36,30,15,7,8,9,1,8,0,0,0
1088390,0,0,0,0,0,0,0,0,0,0,0,0,0,0,0,0,0,0
53513301,39,21,18,13,8,5,23,12,11,2,1,1,1,0,1,0,0,0
53513302,1042,517,525,477,258,219,397,200,197,111,50,61,51,7,44,4,2,2
53513303,408,203,205,187,96,91,173,87,86,35,16,19,13,4,9,0,0,0
53513304,78,40,38,30,19,11,33,16,17,9,4,5,3,0,3,3,1,2
53267301,562,287,275,225,128,97,218,110,108,70,37,33,41,6,35,6,4,2
53514101,496,259,237,208,127,81,198,99,99,59,27,32,29,4,25,1,1,0
53864702,1817,908,909,894,458,436,746,375,371,122,62,60,45,8,37,8,3,5
53516801,550,284,266,228,131,97,221,112,109,66,32,34,34,9,25,1,0,1
53516803,133,64,69,49,26,23,46,24,22,24,11,13,14,3,11,0,0,0
53519201,518,265,253,263,145,118,157,80,77,59,32,27,37,8,29,0,0,0
53173101,22,13,9,10,8,2,8,4,4,2,1,1,2,0,2,0,0,0
53173102,184,100,84,82,51,31,66,34,32,17,10,7,19,5,14,0,0,0
53521401,144,81,63,58,41,17,60,31,29,14,7,7,12,2,10,0,0,0
53521402,320,155,165,132,64,68,128,66,62,42,21,21,16,3,13,2,1,1
1673472,0,0,0,0,0,0,0,0,0,0,0,0,0,0,0,0,0,0
53522201,1168,586,582,518,287,231,476,240,236,104,45,59,70,14,56,0,0,0
53522202,702,355,347,298,166,132,291,146,145,72,32,40,39,11,28,2,0,2
53522203,660,325,335,303,161,142,261,133,128,58,23,35,38,8,30,0,0,0
53156101,197,104,93,90,55,35,73,37,36,24,10,14,10,2,8,0,0,0
53156102,109,51,58,46,19,27,45,23,22,14,9,5,4,0,4,0,0,0
53156103,501,260,241,227,123,104,195,97,98,56,34,22,22,6,16,1,0,1
52958301,136,77,59,61,39,22,48,26,22,12,10,2,14,2,12,1,0,1
59949201,129,62,67,53,26,27,56,28,28,15,8,7,5,0,5,0,0,0
1758710,0,0,0,0,0,0,0,0,0,0,0,0,0,0,0,0,0,0
3265510,0,0,0,0,0,0,0,0,0,0,0,0,0,0,0,0,0,0
53525701,75,35,40,38,19,19,24,12,12,8,3,5,5,1,4,0,0,0
53525702,93,44,49,47,24,23,26,13,13,11,4,7,9,3,6,0,0,0
53525703,765,395,370,336,195,141,319,163,156,61,30,31,46,5,41,1,0,1
53526501,181,84,97,74,33,41,81,41,40,18,9,9,8,1,7,0,0,0
53526502,202,102,100,93,51,42,82,41,41,14,8,6,13,2,11,0,0,0
53526503,736,381,355,322,189,133,319,157,162,56,25,31,37,8,29,2,2,0
3194060,0,0,0,0,0,0,0,0,0,0,0,0,0,0,0,0,0,0
53527301,2193,1089,1104,956,513,443,899,452,447,218,92,126,114,27,87,6,5,1
53527302,22,11,11,11,5,6,6,3,3,4,3,1,1,0,1,0,0,0
53527303,65,35,30,34,20,14,26,13,13,3,1,2,2,1,1,0,0,0
53193601,164,83,81,62,34,28,32,16,16,48,28,20,22,5,17,0,0,0
53529001,110,52,58,44,25,19,43,21,22,11,5,6,12,1,11,0,0,0
53529002,72,38,34,34,19,15,29,15,14,5,2,3,3,1,2,1,1,0
53529003,49,25,24,19,11,8,22,11,11,5,3,2,3,0,3,0,0,0
53529004,640,326,314,283,153,130,258,137,121,63,30,33,32,4,28,4,2,2
53530301,252,133,119,104,62,42,119,61,58,16,10,6,13,0,13,0,0,0
53530302,579,298,281,258,149,109,222,112,110,62,31,31,34,3,31,1,1,0
53530303,91,44,47,37,18,19,35,18,17,8,3,5,11,5,6,0,0,0
53531101,29,19,10,9,7,2,13,7,6,2,2,0,3,1,2,0,0,0
53531102,398,188,210,153,77,76,147,76,71,42,22,20,52,10,42,4,3,1
53532001,775,386,389,338,183,155,301,153,148,86,40,46,45,6,39,3,2,1
53532002,1567,780,787,677,385,292,585,289,296,194,82,112,106,21,85,3,1,2
1879330,0,0,0,0,0,0,0,0,0,0,0,0,0,0,0,0,0,0
53533801,141,70,71,58,32,26,61,31,30,13,4,9,9,3,6,0,0,0
53533802,64,30,34,32,17,15,20,9,11,6,4,2,6,0,6,0,0,0
53533803,136,71,65,48,27,21,60,30,30,19,10,9,8,3,5,0,0,0
53533804,286,138,148,139,70,69,96,47,49,28,14,14,23,7,16,0,0,0
53533805,269,142,127,134,77,57,97,47,50,29,17,12,9,1,8,0,0,0
53535401,89,46,43,37,21,16,44,22,22,0,0,0,8,3,5,0,0,0
53535402,304,176,128,133,85,48,119,64,55,34,19,15,15,6,9,3,2,1
53535403,42,24,18,17,12,5,20,10,10,3,2,1,2,0,2,0,0,0
53151101,45,23,22,22,13,9,14,8,6,6,2,4,3,0,3,0,0,0
53151102,215,107,108,111,60,51,84,42,42,16,5,11,3,0,3,1,0,1
53151103,391,196,195,179,96,83,162,81,81,38,17,21,11,1,10,1,1,0
53538901,583,260,323,173,99,74,233,115,118,70,28,42,101,15,86,5,2,3
53539701,69,35,34,38,21,17,25,13,12,3,1,2,3,0,3,0,0,0
53539702,347,174,173,158,91,67,117,58,59,47,21,26,25,4,21,0,0,0
53539703,75,38,37,33,16,17,26,13,13,14,9,5,2,0,2,0,0,0
3228570,0,0,0,0,0,0,0,0,0,0,0,0,0,0,0,0,0,0
53542701,335,166,169,150,78,72,147,73,74,27,11,16,9,2,7,2,2,0
53542702,633,310,323,270,151,119,243,120,123,67,32,35,52,7,45,1,0,1
53542703,162,80,82,65,35,30,74,37,37,12,5,7,11,3,8,0,0,0
53542704,83,42,41,29,16,13,47,23,24,5,3,2,2,0,2,0,0,0
53542705,76,38,38,32,18,14,30,16,14,10,4,6,3,0,3,1,0,1
53542706,91,47,44,40,23,17,34,17,17,6,4,2,9,1,8,0,0,0
53542708,21,13,8,9,6,3,7,4,3,5,3,2,0,0,0,0,0,0
53542709,684,346,338,241,134,107,334,169,165,60,35,25,45,6,39,4,2,2
53542710,826,425,401,318,189,129,324,162,162,102,55,47,77,16,61,5,3,2
53542711,941,458,483,368,199,169,408,204,204,94,42,52,69,11,58,2,2,0
53542713,767,361,406,308,171,137,285,142,143,97,38,59,77,10,67,0,0,0
53542715,336,168,168,118,64,54,160,82,78,34,17,17,22,3,19,2,2,0
53542718,21,12,9,10,6,4,10,5,5,0,0,0,1,1,0,0,0,0
53544301,78,42,36,30,18,12,36,19,17,10,4,6,2,1,1,0,0,0
53544302,134,65,69,56,30,26,53,26,27,14,8,6,10,1,9,1,0,1
53544304,579,294,285,252,143,109,194,99,95,82,39,43,48,13,35,3,0,3
53544305,195,93,102,84,47,37,67,33,34,29,10,19,14,2,12,1,1,0
53544306,882,447,435,322,196,126,357,178,179,126,55,71,73,15,58,4,3,1
53544307,988,510,478,442,258,184,321,160,161,168,81,87,54,10,44,2,1,1
53544308,69,37,32,28,16,12,21,11,10,14,8,6,5,1,4,1,1,0
53544309,92,46,46,42,26,16,26,13,13,11,2,9,9,1,8,4,4,0
53544310,379,191,188,153,87,66,159,79,80,41,21,20,25,3,22,1,1,0
53544311,439,226,213,185,104,81,199,100,99,36,19,17,19,3,16,0,0,0
53544313,716,353,363,222,126,96,344,172,172,82,40,42,67,14,53,1,1,0
53544315,52,26,26,21,12,9,17,9,8,6,5,1,8,0,8,0,0,0
53544316,122,69,53,43,28,15,47,24,23,21,12,9,11,5,6,0,0,0
3075130,0,0,0,0,0,0,0,0,0,0,0,0,0,0,0,0,0,0
3075640,0,0,0,0,0,0,0,0,0,0,0,0,0,0,0,0,0,0
53545101,32,18,14,11,7,4,14,7,7,4,4,0,3,0,3,0,0,0
53545102,465,248,217,191,107,84,199,104,95,47,28,19,22,4,18,6,5,1
53545103,545,270,275,240,133,107,211,106,105,57,26,31,36,5,31,1,0,1
53545105,1188,581,607,487,263,224,488,244,244,128,56,72,83,16,67,2,2,0
53545106,920,484,436,444,257,187,283,146,137,134,67,67,55,13,42,3,0,3
53545107,130,67,63,53,32,21,58,29,29,10,5,5,9,1,8,0,0,0
53545108,66,37,29,32,20,12,24,14,10,8,3,5,2,0,2,0,0,0
53545109,394,206,188,156,98,58,175,87,88,35,17,18,28,4,24,0,0,0
53545111,1841,871,970,785,418,367,703,350,353,234,79,155,108,19,89,11,5,6
53545112,1574,754,820,616,348,268,593,296,297,175,83,92,179,21,158,11,6,5
53545114,290,157,133,123,74,49,116,57,59,28,15,13,22,10,12,1,1,0
53547801,948,488,460,448,246,202,344,175,169,84,43,41,66,19,47,2,1,1
56575001,120,55,65,57,27,30,40,20,20,17,6,11,6,2,4,0,0,0
53548601,305,168,137,120,76,44,139,71,68,27,15,12,18,5,13,1,1,0
53548602,58,28,30,20,10,10,27,14,13,7,3,4,4,1,3,0,0,0
53548603,68,36,32,32,19,13,28,14,14,5,3,2,3,0,3,0,0,0
53550801,130,69,61,64,36,28,51,28,23,11,5,6,4,0,4,0,0,0
53550802,134,65,69,75,37,38,48,24,24,9,3,6,2,1,1,0,0,0
53551601,382,186,196,168,92,76,157,76,81,30,14,16,25,3,22,2,1,1
53551602,51,27,24,19,12,7,22,11,11,4,3,1,6,1,5,0,0,0
53551603,92,52,40,35,23,12,43,21,22,8,6,2,4,0,4,0,0,0
57078801,1372,711,661,596,327,269,614,308,306,112,53,59,42,15,27,8,8,0
57194601,111,56,55,40,22,18,50,25,25,10,6,4,11,3,8,0,0,0
57194602,144,70,74,51,28,23,57,31,26,24,10,14,12,1,11,0,0,0
53555901,1065,522,543,427,228,199,465,230,235,98,48,50,73,15,58,2,1,1
53556701,396,204,192,159,92,67,173,88,85,40,19,21,24,5,19,0,0,0
53556702,35,17,18,13,8,5,14,7,7,4,2,2,4,0,4,0,0,0
53558301,142,70,72,54,28,26,63,32,31,13,5,8,12,5,7,0,0,0
53558302,822,420,402,356,202,154,369,185,184,60,26,34,34,5,29,3,2,1
53558303,44,24,20,22,12,10,16,7,9,5,5,0,1,0,1,0,0,0
59951401,265,138,127,105,62,43,110,57,53,29,16,13,21,3,18,0,0,0
59951402,53,29,24,23,15,8,23,11,12,6,3,3,1,0,1,0,0,0
53560501,562,280,282,276,150,126,204,102,102,53,23,30,28,5,23,1,0,1
53560502,209,102,107,89,49,40,85,41,44,20,10,10,15,2,13,0,0,0
57099101,147,72,75,62,32,30,65,31,34,11,7,4,7,1,6,2,1,1
53562101,552,270,282,243,131,112,208,104,104,59,23,36,40,11,29,2,1,1
53562102,329,171,158,150,85,65,113,57,56,44,20,24,21,8,13,1,1,0
53563001,858,423,435,357,185,172,399,201,198,67,28,39,35,9,26,0,0,0
3418510,0,0,0,0,0,0,0,0,0,0,0,0,0,0,0,0,0,0
57081801,252,140,112,107,67,40,102,52,50,28,18,10,13,2,11,2,1,1
53565601,450,241,209,190,116,74,197,103,94,40,17,23,21,5,16,2,0,2
53567201,247,129,118,93,55,38,117,58,59,21,12,9,14,4,10,2,0,2
53567203,1962,993,969,794,453,341,789,407,382,247,110,137,121,18,103,9,5,4
53567204,168,88,80,77,43,34,65,33,32,11,6,5,14,5,9,0,0,0
53567205,129,66,63,54,31,23,63,31,32,10,4,6,2,0,2,0,0,0
53567206,193,104,89,85,50,35,83,42,41,20,11,9,5,1,4,0,0,0
53567207,267,131,136,105,55,50,122,61,61,27,14,13,12,1,11,1,0,1
53567208,181,97,84,68,46,22,81,42,39,18,7,11,14,2,12,0,0,0
53567209,347,187,160,152,92,60,135,69,66,37,24,13,23,2,21,0,0,0
57198901,84,42,42,32,18,14,39,20,19,7,4,3,6,0,6,0,0,0
57198902,23,10,13,8,4,4,10,5,5,3,1,2,2,0,2,0,0,0
57198903,178,93,85,70,38,32,86,43,43,14,8,6,7,3,4,1,1,0
53570201,121,65,56,39,27,12,56,29,27,13,7,6,12,1,11,1,1,0
53570202,72,37,35,29,17,12,30,15,15,8,5,3,5,0,5,0,0,0
53570203,1858,938,920,774,432,342,790,400,390,183,78,105,105,25,80,6,3,3
53570204,250,118,132,108,53,55,97,49,48,28,15,13,17,1,16,0,0,0
53570205,128,59,69,47,24,23,66,33,33,6,1,5,8,1,7,1,0,1
53570206,173,93,80,80,45,35,61,32,29,24,14,10,7,1,6,1,1,0
53570208,53,28,25,16,9,7,26,16,10,9,3,6,2,0,2,0,0,0
53570209,202,80,122,72,41,31,46,21,25,34,10,24,49,8,41,1,0,1
53571101,231,116,115,98,54,44,89,45,44,29,15,14,15,2,13,0,0,0
53572901,309,153,156,134,72,62,127,63,64,31,16,15,14,0,14,1,0,1
53572902,53,26,27,21,9,12,23,12,11,6,4,2,3,1,2,0,0,0
57094001,350,180,170,159,91,68,163,82,81,17,5,12,10,1,9,1,1,0
53574501,234,123,111,96,59,37,92,46,46,32,18,14,14,0,14,0,0,0
53574502,54,28,26,15,8,7,29,15,14,6,4,2,4,1,3,0,0,0
57106701,154,82,72,67,39,28,64,32,32,16,9,7,6,2,4,1,0,1
53581801,570,283,287,246,137,109,228,110,118,59,27,32,36,8,28,1,1,0
53583401,105,51,54,42,23,19,44,22,22,14,6,8,5,0,5,0,0,0
53583402,133,66,67,51,32,19,59,29,30,12,3,9,11,2,9,0,0,0
59953101,329,160,169,144,72,72,124,62,62,46,22,24,15,4,11,0,0,0
53586901,62,28,34,29,12,17,25,13,12,5,2,3,3,1,2,0,0,0
53586902,691,355,336,278,153,125,291,147,144,79,43,36,41,11,30,2,1,1
56573301,227,112,115,108,58,50,82,42,40,20,11,9,17,1,16,0,0,0
59952201,156,71,85,65,26,39,77,39,38,10,5,5,4,1,3,0,0,0
56578401,229,117,112,102,54,48,105,53,52,13,7,6,9,3,6,0,0,0
56578402,120,62,58,47,28,19,53,27,26,12,4,8,5,0,5,2,2,0
1414291,0,0,0,0,0,0,0,0,0,0,0,0,0,0,0,0,0,0
53592302,113,62,51,54,32,22,44,22,22,10,7,3,5,1,4,0,0,0
53592303,122,73,49,61,43,18,44,22,22,11,6,5,5,1,4,1,1,0
53592304,44,22,22,14,8,6,23,12,11,4,2,2,3,0,3,0,0,0
53592305,29,18,11,9,8,1,15,8,7,3,1,2,2,1,1,0,0,0
53592306,82,43,39,40,23,17,27,14,13,9,4,5,6,2,4,0,0,0
53592307,46,23,23,19,9,10,20,10,10,1,1,0,6,3,3,0,0,0
53593101,242,122,120,128,71,57,81,40,41,24,11,13,8,0,8,1,0,1
53593102,1105,576,529,544,308,236,377,192,185,142,66,76,41,10,31,1,0,1
57184901,218,105,113,96,51,45,88,44,44,16,5,11,18,5,13,0,0,0
53596601,468,240,228,194,111,83,184,93,91,60,30,30,27,4,23,3,2,1
53597401,480,244,236,197,106,91,193,97,96,59,34,25,30,6,24,1,1,0
56603901,28,15,13,10,7,3,10,5,5,7,3,4,1,0,1,0,0,0
56603902,36,15,21,18,9,9,8,4,4,7,1,6,3,1,2,0,0,0
56603903,290,140,150,116,58,58,114,57,57,36,19,17,24,6,18,0,0,0
52961301,388,202,186,182,110,72,125,60,65,50,26,24,28,4,24,3,2,1
53600802,24,12,12,15,7,8,8,4,4,1,1,0,0,0,0,0,0,0
53600803,615,313,302,269,153,116,246,123,123,54,21,33,43,15,28,1,1,0
53600804,77,43,34,35,21,14,35,18,17,3,2,1,4,2,2,0,0,0
53600805,50,28,22,17,11,6,22,11,11,5,3,2,6,3,3,0,0,0
53600806,62,36,26,26,17,9,18,10,8,15,9,6,3,0,3,0,0,0
53602401,108,57,51,48,29,19,46,23,23,12,5,7,2,0,2,0,0,0
53602402,890,450,440,396,214,182,366,184,182,87,44,43,38,7,31,3,1,2
57107501,67,33,34,25,13,12,25,12,13,10,4,6,7,4,3,0,0,0
3208712,0,0,0,0,0,0,0,0,0,0,0,0,0,0,0,0,0,0
53604101,41,20,21,18,9,9,19,10,9,2,1,1,2,0,2,0,0,0
53604102,44,22,22,16,8,8,22,11,11,4,3,1,2,0,2,0,0,0
53604103,1278,643,635,538,289,249,527,269,258,141,68,73,63,9,54,9,8,1
53604104,92,47,45,29,18,11,52,26,26,6,3,3,5,0,5,0,0,0
53604105,101,48,53,37,16,21,52,27,25,8,5,3,3,0,3,1,0,1
53604106,77,38,39,30,16,14,33,17,16,8,4,4,6,1,5,0,0,0
53604107,50,24,26,18,10,8,22,11,11,5,2,3,5,1,4,0,0,0
53604108,60,32,28,26,15,11,20,12,8,9,5,4,5,0,5,0,0,0
53604110,111,53,58,34,17,17,59,29,30,7,5,2,11,2,9,0,0,0
53604111,43,23,20,18,13,5,16,8,8,4,2,2,5,0,5,0,0,0
53604112,51,27,24,21,12,9,20,10,10,5,3,2,5,2,3,0,0,0
53604113,115,62,53,47,28,19,51,25,26,9,5,4,6,2,4,0,0,0
53604114,73,39,34,34,20,14,29,15,14,6,3,3,4,1,3,0,0,0
53604115,61,31,30,21,14,7,27,14,13,5,3,2,8,0,8,0,0,0
57117201,154,78,76,66,33,33,63,32,31,18,10,8,6,2,4,1,1,0
53606701,474,246,228,196,117,79,194,98,96,56,28,28,28,3,25,0,0,0
57097401,446,238,208,201,120,81,195,96,99,39,17,22,7,3,4,4,2,2
59955701,77,40,37,31,16,15,36,17,19,5,5,0,5,2,3,0,0,0
0698920,0,0,0,0,0,0,0,0,0,0,0,0,0,0,0,0,0,0
0699140,0,0,0,0,0,0,0,0,0,0,0,0,0,0,0,0,0,0
0699310,0,0,0,0,0,0,0,0,0,0,0,0,0,0,0,0,0,0
3076290,0,0,0,0,0,0,0,0,0,0,0,0,0,0,0,0,0,0
57082601,401,203,198,152,78,74,209,105,104,29,16,13,11,4,7,0,0,0
57082602,20,9,11,10,6,4,7,3,4,1,0,1,2,0,2,0,0,0
57082603,1794,936,858,706,414,292,792,416,376,183,77,106,108,26,82,5,3,2
57082604,1791,907,884,694,392,302,774,389,385,187,91,96,126,27,99,10,8,2
57082605,465,246,219,227,149,78,79,41,38,103,43,60,32,3,29,22,10,12
57082606,372,306,66,80,60,20,116,94,22,26,17,9,7,2,5,143,133,10
57082607,300,146,154,131,62,69,124,63,61,39,19,20,4,1,3,2,1,1
53612101,497,252,245,201,113,88,227,114,113,41,19,22,28,6,22,0,0,0
56604701,164,78,86,78,34,44,68,35,33,10,7,3,7,1,6,1,1,0
56604702,33,17,16,13,8,5,14,7,7,4,1,3,2,1,1,0,0,0
56604703,31,17,14,11,7,4,14,7,7,5,3,2,1,0,1,0,0,0
57197101,123,63,60,48,29,19,54,28,26,11,4,7,10,2,8,0,0,0
57201201,122,65,57,57,34,23,47,24,23,10,4,6,7,2,5,1,1,0
53616401,192,99,93,85,48,37,70,34,36,16,11,5,18,3,15,3,3,0
53617201,86,46,40,35,22,13,39,19,20,6,2,4,6,3,3,0,0,0
53617202,111,58,53,52,28,24,40,20,20,14,9,5,5,1,4,0,0,0
53617203,149,78,71,83,51,32,34,17,17,21,9,12,11,1,10,0,0,0
53617204,223,120,103,79,44,35,115,60,55,17,13,4,12,3,9,0,0,0
53618101,75,34,41,38,20,18,21,10,11,7,1,6,9,3,6,0,0,0
53618102,314,171,143,135,82,53,120,61,59,45,23,22,12,3,9,0,0,0
53618103,101,47,54,44,21,23,35,19,16,15,6,9,7,1,6,0,0,0
53618104,240,115,125,105,58,47,76,38,38,34,16,18,23,1,22,2,2,0
53618105,213,110,103,84,50,34,90,45,45,25,11,14,12,3,9,2,1,1
53620201,386,199,187,128,71,57,196,99,97,39,23,16,22,5,17,1,1,0
53621101,135,64,71,66,31,35,53,26,27,11,6,5,5,1,4,0,0,0
53621102,31,18,13,11,8,3,14,7,7,4,2,2,2,1,1,0,0,0
56556301,346,183,163,149,83,66,144,75,69,36,19,17,17,6,11,0,0,0
57077001,81,41,40,29,15,14,31,16,15,11,7,4,10,3,7,0,0,0
57077003,129,66,63,50,32,18,39,20,19,27,13,14,12,0,12,1,1,0
53626101,41,20,21,16,8,8,16,8,8,4,3,1,5,1,4,0,0,0
53626102,38,17,21,16,6,10,13,6,7,5,3,2,3,1,2,1,1,0
53626103,282,143,139,119,68,51,114,58,56,31,12,19,17,4,13,1,1,0
53627001,1001,479,522,364,203,161,414,207,207,114,55,59,104,12,92,5,2,3
53627002,111,55,56,35,19,16,49,24,25,12,9,3,15,3,12,0,0,0
53627003,1161,559,602,568,294,274,315,158,157,237,97,140,37,6,31,4,4,0
56564401,540,276,264,214,117,97,256,128,128,45,23,22,25,8,17,0,0,0
0965390,0,0,0,0,0,0,0,0,0,0,0,0,0,0,0,0,0,0
3229112,0,0,0,0,0,0,0,0,0,0,0,0,0,0,0,0,0,0
3334170,0,0,0,0,0,0,0,0,0,0,0,0,0,0,0,0,0,0
53541901,124,69,55,56,35,21,45,22,23,14,8,6,9,4,5,0,0,0
53541902,187,100,87,77,47,30,89,44,45,16,8,8,5,1,4,0,0,0
53541903,356,175,181,147,73,74,162,84,78,29,14,15,16,3,13,2,1,1
53541905,260,131,129,113,62,51,119,58,61,19,11,8,8,0,8,1,0,1
53541907,361,207,154,186,110,76,100,58,42,58,31,27,8,1,7,9,7,2
53541911,168,87,81,67,38,29,73,37,36,17,11,6,11,1,10,0,0,0
53541912,565,282,283,197,115,82,256,127,129,58,28,30,50,10,40,4,2,2
53541913,1145,575,570,468,250,218,539,268,271,82,43,39,54,12,42,2,2,0
53541914,1237,752,485,709,451,258,256,130,126,225,151,74,31,9,22,12,9,3
53541915,752,391,361,278,152,126,325,168,157,86,48,38,44,7,37,19,16,3
53541916,160,79,81,67,35,32,66,32,34,19,7,12,7,4,3,1,1,0
53541917,119,56,63,75,33,42,35,17,18,7,4,3,0,0,0,0,0,0
53541918,395,196,199,186,92,94,172,88,84,34,15,19,3,1,2,0,0,0
53541919,384,187,197,157,83,74,168,83,85,33,14,19,23,5,18,3,2,1
53541920,1214,587,627,468,266,202,456,235,221,169,63,106,114,19,95,7,4,3
53541921,5103,2513,2590,2112,1171,941,1954,978,976,726,289,437,259,46,213,52,29,23
53541922,377,193,184,184,100,84,131,68,63,48,22,26,13,3,10,1,0,1
53541923,7177,3513,3664,2914,1658,1256,2576,1292,1284,1112,419,693,520,108,412,54,35,19
53541924,1955,1017,938,887,530,357,650,338,312,272,107,165,127,29,98,19,13,6
53541925,4075,2072,2003,1973,1110,863,1375,695,680,558,227,331,129,18,111,40,22,18
53541926,3653,1800,1853,1476,837,639,1376,705,671,482,189,293,285,48,237,31,21,10
53541927,280,259,21,187,174,13,58,53,5,23,21,2,0,0,0,12,11,1
53541928,1176,568,608,518,296,222,379,189,190,177,67,110,94,12,82,8,4,4
53541930,1047,503,544,455,257,198,318,159,159,157,59,98,107,21,86,10,7,3
53541932,459,237,222,236,135,101,133,69,64,67,22,45,20,9,11,3,2,1
53541933,552,294,258,263,149,114,172,91,81,66,35,31,30,4,26,21,15,6
53541934,360,190,170,151,88,63,141,75,66,35,16,19,31,9,22,2,2,0
53541935,71,32,39,33,11,22,32,16,16,6,5,1,0,0,0,0,0,0
53541938,41,21,20,15,10,5,16,8,8,4,1,3,4,1,3,2,1,1
53541939,1008,512,496,423,228,195,428,218,210,96,49,47,52,10,42,9,7,2
53541941,692,358,334,367,202,165,187,101,86,102,44,58,30,8,22,6,3,3
53541942,68,39,29,36,22,14,25,13,12,6,3,3,0,0,0,1,1,0
53541943,455,242,213,212,120,92,132,62,70,82,41,41,8,1,7,21,18,3
53541944,3026,1442,1584,1252,674,578,1081,551,530,399,157,242,274,48,226,18,10,8
53541945,2677,1270,1407,1191,623,568,888,458,430,355,150,205,220,25,195,20,12,8
53541946,134,66,68,53,31,22,65,31,34,10,4,6,6,0,6,0,0,0
53541947,24,10,14,17,8,9,7,2,5,0,0,0,0,0,0,0,0,0
53541948,287,145,142,140,71,69,106,58,48,31,13,18,9,2,7,1,1,0
53541949,412,218,194,193,110,83,151,81,70,46,21,25,16,2,14,6,4,2
3077420,0,0,0,0,0,0,0,0,0,0,0,0,0,0,0,0,0,0
53632601,56,29,27,25,14,11,23,11,12,6,3,3,2,1,1,0,0,0
53632602,149,80,69,65,38,27,74,37,37,7,5,2,3,0,3,0,0,0
53632603,103,48,55,35,21,14,35,16,19,25,10,15,8,1,7,0,0,0
53632604,91,51,40,84,51,33,0,0,0,5,0,5,2,0,2,0,0,0
53632605,264,136,128,102,58,44,132,66,66,19,10,9,11,2,9,0,0,0
53632606,112,62,50,47,25,22,36,20,16,21,16,5,8,1,7,0,0,0
53632607,597,303,294,290,146,144,252,128,124,49,27,22,4,1,3,2,1,1
53632608,22,9,13,13,5,8,6,3,3,2,1,1,1,0,1,0,0,0
53632609,34,16,18,12,5,7,16,8,8,3,1,2,1,0,1,0,0,0
53632610,82,42,40,31,19,12,38,19,19,9,4,5,4,0,4,0,0,0
53632612,667,340,327,257,147,110,310,156,154,53,28,25,45,8,37,2,1,1
53632613,81,43,38,32,20,12,37,21,16,9,2,7,3,0,3,0,0,0
53632615,1952,949,1003,745,414,331,804,411,393,239,94,145,154,27,127,10,3,7
53632616,717,357,360,292,169,123,255,129,126,106,50,56,63,8,55,1,1,0
53632617,823,395,428,301,175,126,318,160,158,103,40,63,95,17,78,3,0,3
53632618,722,358,364,327,186,141,239,121,118,116,48,68,38,3,35,2,0,2
53632620,80,35,45,44,15,29,29,15,14,7,5,2,0,0,0,0,0,0
53632622,68,41,27,21,14,7,25,18,7,18,8,10,4,1,3,0,0,0
53632624,1045,473,572,399,221,178,342,172,170,135,51,84,158,25,133,11,4,7
53632625,873,418,455,332,192,140,319,157,162,144,51,93,70,13,57,8,5,3
53632626,125,65,60,54,33,21,48,23,25,17,8,9,6,1,5,0,0,0
53632627,27,13,14,14,8,6,6,3,3,6,2,4,1,0,1,0,0,0
53632628,47,20,27,17,7,10,19,9,10,7,4,3,4,0,4,0,0,0
56582201,95,47,48,41,22,19,38,19,19,8,5,3,8,1,7,0,0,0
57186501,72,37,35,22,13,9,30,17,13,14,6,8,6,1,5,0,0,0
57186502,96,43,53,32,16,16,45,21,24,7,2,5,12,4,8,0,0,0
57186503,32,18,14,9,6,3,16,8,8,4,2,2,3,2,1,0,0,0
53633401,199,102,97,82,47,35,92,46,46,13,5,8,10,3,7,2,1,1
57115601,145,78,67,62,35,27,62,31,31,15,11,4,6,1,5,0,0,0
3266230,0,0,0,0,0,0,0,0,0,0,0,0,0,0,0,0,0,0
53635101,449,212,237,193,94,99,198,100,98,30,8,22,28,10,18,0,0,0
57199701,70,36,34,30,20,10,25,12,13,8,3,5,7,1,6,0,0,0
57112101,167,82,85,77,41,36,71,35,36,10,5,5,9,1,8,0,0,0
57112102,37,20,17,14,8,6,14,7,7,5,4,1,4,1,3,0,0,0
57112103,129,58,71,35,21,14,34,18,16,24,12,12,36,7,29,0,0,0
53637701,262,140,122,95,55,40,117,60,57,39,21,18,11,4,7,0,0,0
53637702,30,14,16,10,5,5,18,9,9,2,0,2,0,0,0,0,0,0
57180601,291,150,141,117,66,51,135,70,65,25,12,13,13,2,11,1,0,1
57089301,70,35,35,25,13,12,37,18,19,7,4,3,1,0,1,0,0,0
57089302,174,85,89,79,43,36,72,36,36,15,6,9,8,0,8,0,0,0
53640701,248,132,116,93,59,34,118,58,60,21,13,8,15,1,14,1,1,0
57103201,202,106,96,90,52,38,84,43,41,14,8,6,14,3,11,0,0,0
59824101,34,17,17,16,7,9,9,4,5,6,4,2,2,2,0,0,0,0
59824102,53,27,26,26,13,13,19,9,10,5,4,1,2,0,2,1,1,0
53643101,41,24,17,21,14,7,12,6,6,5,4,1,2,0,2,0,0,0
53643102,302,146,156,129,65,64,135,67,68,18,11,7,18,3,15,0,0,0
53644001,872,426,446,384,192,192,375,191,184,74,38,36,37,3,34,2,2,0
53644002,158,93,65,71,46,25,67,34,33,13,11,2,7,2,5,0,0,0
53645802,341,180,161,141,83,58,154,75,79,28,17,11,17,4,13,1,1,0
53645803,139,68,71,63,31,32,57,28,29,12,7,5,7,2,5,0,0,0
56558001,257,133,124,113,64,49,107,54,53,23,13,10,14,2,12,0,0,0
57075301,94,51,43,36,22,14,49,25,24,5,3,2,4,1,3,0,0,0
53649101,40,18,22,15,5,10,19,10,9,4,3,1,2,0,2,0,0,0
53649102,896,452,444,347,203,144,394,201,193,79,31,48,55,9,46,17,5,12
57092301,111,56,55,36,20,16,59,30,29,9,5,4,7,1,6,0,0,0
57193801,51,25,26,19,8,11,28,16,12,3,1,2,1,0,1,0,0,0
57193802,20,9,11,6,3,3,8,4,4,2,1,1,3,0,3,1,1,0
57193803,96,44,52,49,21,28,33,17,16,13,6,7,1,0,1,0,0,0
57193804,52,24,28,22,11,11,18,9,9,6,4,2,6,0,6,0,0,0
57193805,22,10,12,6,2,4,14,7,7,2,1,1,0,0,0,0,0,0
57193806,44,26,18,14,8,6,24,13,11,4,3,1,1,1,0,1,1,0
56565201,55,33,22,12,10,2,33,17,16,8,4,4,2,2,0,0,0,0
56563601,259,140,119,117,71,46,114,57,57,19,9,10,8,2,6,1,1,0
52960501,193,97,96,78,42,36,85,44,41,25,11,14,5,0,5,0,0,0
52960502,143,75,68,76,40,36,48,26,22,11,6,5,8,3,5,0,0,0
57114802,153,79,74,61,36,25,59,30,29,19,11,8,13,2,11,1,0,1
3266660,0,0,0,0,0,0,0,0,0,0,0,0,0,0,0,0,0,0
53658001,768,385,383,320,168,152,296,153,143,93,50,43,53,10,43,6,4,2
56566101,79,39,40,29,16,13,39,20,19,5,2,3,6,1,5,0,0,0
52959101,238,121,117,100,58,42,94,47,47,33,16,17,11,0,11,0,0,0
53661001,729,368,361,305,183,122,304,151,153,71,24,47,46,7,39,3,3,0
59957301,108,60,48,42,28,14,44,22,22,15,10,5,7,0,7,0,0,0
53663601,382,192,190,168,90,78,139,70,69,53,29,24,22,3,19,0,0,0
55703001,158,81,77,65,36,29,66,35,31,17,9,8,10,1,9,0,0,0
55703002,58,29,29,18,12,6,34,16,18,4,1,3,2,0,2,0,0,0
55703003,157,84,73,67,40,27,71,35,36,10,8,2,9,1,8,0,0,0
55703004,354,174,180,146,78,68,151,75,76,35,15,20,20,6,14,2,0,2
53665201,91,46,45,45,25,20,32,16,16,10,4,6,4,1,3,0,0,0
53665202,238,117,121,90,44,46,120,62,58,18,10,8,10,1,9,0,0,0
53665203,199,111,88,78,52,26,83,42,41,25,15,10,13,2,11,0,0,0
53665204,109,49,60,44,19,25,48,24,24,13,6,7,4,0,4,0,0,0
53665205,75,42,33,29,19,10,35,19,16,7,4,3,4,0,4,0,0,0
53666101,29,13,16,9,5,4,15,6,9,3,1,2,2,1,1,0,0,0
53666103,543,270,273,219,114,105,241,122,119,52,26,26,30,7,23,1,1,0
56553901,332,175,157,136,77,59,138,71,67,35,22,13,22,5,17,1,0,1
53670901,303,151,152,113,60,53,145,73,72,29,16,13,15,1,14,1,1,0
57188101,62,28,34,26,12,14,28,14,14,3,1,2,5,1,4,0,0,0
57188102,72,36,36,32,16,16,30,15,15,5,4,1,5,1,4,0,0,0
53671701,200,103,97,81,42,39,78,43,35,29,14,15,11,3,8,1,1,0
56592001,99,51,48,43,25,18,39,19,20,10,6,4,7,1,6,0,0,0
53676801,69,37,32,24,14,10,29,14,15,12,8,4,3,0,3,1,1,0
53676802,311,157,154,119,64,55,133,68,65,31,19,12,26,4,22,2,2,0
57098201,76,38,38,25,13,12,43,23,20,2,2,0,6,0,6,0,0,0
57098202,376,186,190,160,85,75,166,82,84,31,17,14,16,1,15,3,1,2
57076101,118,58,60,40,21,19,58,30,28,14,6,8,4,1,3,0,0,0
53685701,74,39,35,43,26,17,20,10,10,5,2,3,6,1,5,0,0,0
53685704,206,101,105,81,42,39,85,42,43,23,13,10,17,4,13,0,0,0
53685705,88,44,44,45,27,18,27,13,14,8,4,4,8,0,8,0,0,0
53685706,22,11,11,8,4,4,7,4,3,3,2,1,4,1,3,0,0,0
56572501,130,66,64,55,31,24,45,23,22,18,9,9,10,3,7,0,0,0
56562801,309,149,160,126,61,65,142,73,69,23,11,12,18,4,14,0,0,0
57084201,266,136,130,98,53,45,111,57,54,41,23,18,14,2,12,2,1,1
56557102,429,211,218,170,84,86,191,96,95,45,24,21,21,5,16,2,2,0
57202101,151,82,69,76,45,31,40,20,20,25,14,11,8,2,6,2,1,1
53693801,347,180,167,135,76,59,156,79,77,34,16,18,21,9,12,1,0,1
53693802,327,163,164,127,73,54,138,69,69,42,19,23,20,2,18,0,0,0
57181401,611,322,289,259,150,109,250,125,125,68,36,32,32,10,22,2,1,1
53697101,35,19,16,22,12,10,9,4,5,3,3,0,1,0,1,0,0,0
53697102,59,25,34,22,8,14,23,12,11,6,1,5,8,4,4,0,0,0
53697103,783,393,390,311,170,141,349,176,173,66,35,31,57,12,45,0,0,0
53697104,29,15,14,11,7,4,13,7,6,3,1,2,2,0,2,0,0,0
53697105,87,46,41,37,22,15,31,16,15,15,7,8,4,1,3,0,0,0
53697106,278,137,141,119,65,54,124,61,63,21,8,13,14,3,11,0,0,0
53697107,189,104,85,90,57,33,73,36,37,15,7,8,11,4,7,0,0,0
53698901,381,206,175,161,101,60,144,72,72,49,26,23,27,7,20,0,0,0
53699701,384,200,184,166,95,71,156,78,78,35,21,14,27,6,21,0,0,0
53702101,444,221,223,175,98,77,193,94,99,44,25,19,31,3,28,0,0,0
53702102,64,32,32,20,12,8,36,18,18,6,1,5,2,1,1,0,0,0
53702103,52,25,27,21,10,11,19,10,9,3,3,0,9,2,7,0,0,0
53702104,229,105,124,95,43,52,90,45,45,28,14,14,15,3,12,1,0,1
53702105,61,30,31,23,10,13,26,14,12,8,6,2,4,0,4,0,0,0
53703901,638,305,333,271,138,133,262,131,131,71,32,39,33,3,30,1,1,0
53703902,217,106,111,71,41,30,105,51,54,25,12,13,16,2,14,0,0,0
53704701,373,199,174,158,93,65,169,88,81,23,15,8,21,1,20,2,2,0
53705501,355,180,175,167,90,77,128,64,64,40,23,17,19,3,16,1,0,1
53705502,114,60,54,48,29,19,36,19,17,23,9,14,7,3,4,0,0,0
53705503,159,84,75,73,44,29,62,31,31,17,7,10,7,2,5,0,0,0
59967101,219,115,104,92,55,37,77,39,38,25,14,11,23,5,18,0,0,0
53708001,511,254,257,201,113,88,199,104,95,66,30,36,45,7,38,0,0,0
53709801,216,99,117,75,45,30,88,44,44,23,9,14,30,1,29,0,0,0
53710101,108,47,61,48,22,26,33,18,15,16,7,9,11,0,11,0,0,0
53710102,137,73,64,54,33,21,58,30,28,10,5,5,15,5,10,0,0,0
53711001,376,180,196,161,87,74,145,71,74,40,20,20,30,2,28,0,0,0
53711003,171,87,84,76,44,32,63,31,32,18,9,9,14,3,11,0,0,0
53712801,69,27,42,33,12,21,26,13,13,6,2,4,3,0,3,1,0,1
53712802,675,340,335,277,161,116,268,137,131,76,31,45,51,9,42,1,0,1
53712803,108,54,54,51,26,25,29,15,14,15,8,7,11,4,7,2,1,1
53485401,164,77,87,82,44,38,62,31,31,9,2,7,11,0,11,0,0,0
53715201,795,395,400,320,164,156,322,162,160,92,50,42,56,15,41,3,2,1
53716101,274,142,132,101,53,48,114,59,55,37,28,9,22,2,20,0,0,0
53717901,550,285,265,218,127,91,220,112,108,74,37,37,34,5,29,1,1,0
53717902,263,142,121,106,59,47,110,58,52,37,24,13,10,1,9,0,0,0
59963801,578,293,285,235,134,101,239,122,117,68,32,36,34,5,29,2,0,2
59962001,42,22,20,16,10,6,19,10,9,5,2,3,2,0,2,0,0,0
59962002,407,204,203,185,101,84,167,84,83,34,15,19,21,4,17,0,0,0
53721701,43,23,20,19,11,8,14,7,7,7,4,3,3,1,2,0,0,0
53721702,389,198,191,150,87,63,182,89,93,33,17,16,22,4,18,1,0,1
53722501,34,21,13,10,6,4,13,8,5,7,5,2,3,1,2,1,1,0
53722502,181,93,88,74,50,24,62,31,31,24,10,14,20,2,18,1,0,1
53722503,22,8,14,7,2,5,8,4,4,5,2,3,2,0,2,0,0,0
53722504,21,12,9,4,3,1,11,6,5,5,3,2,1,0,1,0,0,0
53722505,87,46,41,36,23,13,32,16,16,11,6,5,8,1,7,0,0,0
53723301,536,274,262,210,120,90,228,115,113,55,29,26,41,8,33,2,2,0
53470601,176,85,91,58,29,29,89,46,43,15,7,8,12,3,9,0,0,0
53470602,24,10,14,2,1,1,11,6,5,8,3,5,3,0,3,0,0,0
53725001,331,178,153,144,86,58,115,59,56,48,26,22,24,7,17,0,0,0
59958101,1094,939,155,682,626,56,180,109,71,167,153,14,19,5,14,46,46,0
53726801,146,77,69,62,34,28,54,28,26,13,8,5,15,6,9,2,1,1
53726802,229,115,114,92,48,44,98,50,48,21,13,8,16,3,13,2,1,1
53727601,525,268,257,214,125,89,227,115,112,52,24,28,31,3,28,1,1,0
53729201,57,27,30,15,6,9,28,14,14,6,4,2,8,3,5,0,0,0
53729202,403,188,215,162,79,83,152,76,76,46,21,25,41,10,31,2,2,0
53729203,49,25,24,17,10,7,22,11,11,9,4,5,1,0,1,0,0,0
55148102,28,15,13,13,7,6,13,7,6,1,1,0,1,0,1,0,0,0
55148103,142,69,73,56,32,24,56,28,28,19,8,11,11,1,10,0,0,0
53730601,88,42,46,33,20,13,27,14,13,19,7,12,9,1,8,0,0,0
53731401,853,438,415,319,180,139,377,190,187,92,56,36,61,9,52,4,3,1
52963001,227,119,108,79,44,35,105,53,52,30,18,12,12,3,9,1,1,0
52963002,103,49,54,40,21,19,35,18,17,20,8,12,8,2,6,0,0,0
53733101,169,85,84,74,45,29,67,34,33,9,4,5,17,0,17,0,0,0
53733102,73,34,39,27,15,12,35,17,18,6,2,4,3,0,3,0,0,0
53733103,1403,683,720,582,317,265,592,291,301,140,62,78,88,12,76,1,1,0
53733104,114,58,56,48,26,22,51,26,25,10,5,5,5,1,4,0,0,0
53733105,99,50,49,31,17,14,46,24,22,10,8,2,10,1,9,0,0,0
53734901,90,52,38,39,27,12,35,18,17,11,6,5,5,1,4,0,0,0
53734903,188,90,98,82,43,39,54,28,26,32,18,14,20,1,19,0,0,0
53734905,73,39,34,31,17,14,28,13,15,11,8,3,3,1,2,0,0,0
53735701,1587,762,825,701,358,343,665,331,334,136,56,80,78,11,67,3,2,1
53494301,336,172,164,138,77,61,145,73,72,32,18,14,20,3,17,1,1,0
53737301,325,158,167,127,70,57,147,73,74,33,15,18,17,0,17,1,0,1
53737302,571,277,294,242,127,115,232,117,115,66,28,38,28,3,25,2,1,1
53739001,729,375,354,275,163,112,317,160,157,88,43,45,48,8,40,1,1,0
53740301,427,223,204,176,107,69,187,93,94,34,14,20,28,8,20,2,1,1
53741101,53,28,25,17,10,7,21,11,10,11,7,4,4,0,4,0,0,0
53741102,925,469,456,372,223,149,378,191,187,99,42,57,73,12,61,3,1,2
53741103,121,63,58,49,29,20,45,23,22,19,9,10,8,2,6,0,0,0
53741104,86,45,41,38,24,14,35,17,18,9,3,6,3,1,2,1,0,1
53741105,37,18,19,9,4,5,18,10,8,8,4,4,2,0,2,0,0,0
53741106,77,41,36,29,16,13,39,20,19,5,4,1,4,1,3,0,0,0
53743801,1190,574,616,470,252,218,501,253,248,111,52,59,103,13,90,3,2,1
53744601,860,413,447,315,164,151,385,198,187,85,37,48,75,14,61,0,0,0
53744602,431,216,215,186,104,82,173,83,90,48,26,22,24,3,21,0,0,0
53744603,97,47,50,35,20,15,43,22,21,6,2,4,12,2,10,1,1,0
0895670,0,0,0,0,0,0,0,0,0,0,0,0,0,0,0,0,0,0
0896052,0,0,0,0,0,0,0,0,0,0,0,0,0,0,0,0,0,0
0896300,0,0,0,0,0,0,0,0,0,0,0,0,0,0,0,0,0,0
3252950,0,0,0,0,0,0,0,0,0,0,0,0,0,0,0,0,0,0
53745401,1571,768,803,642,341,301,696,348,348,121,60,61,98,13,85,12,6,6
53745402,25,16,9,9,6,3,9,5,4,7,5,2,0,0,0,0,0,0
53745403,178,96,82,74,49,25,68,35,33,21,10,11,15,2,13,0,0,0
53745406,125,61,64,45,18,27,54,28,26,17,10,7,8,4,4,1,1,0
53745408,230,117,113,99,56,43,97,48,49,26,12,14,7,1,6,1,0,1
53745409,2013,968,1045,823,432,391,842,421,421,198,92,106,146,22,124,4,1,3
53745410,1244,566,678,553,292,261,393,196,197,189,64,125,102,12,90,6,2,4
53745411,1074,547,527,531,290,241,394,200,194,108,47,61,36,6,30,3,2,1
53745412,1471,710,761,615,331,284,623,310,313,135,57,78,96,11,85,2,1,1
53745413,40,21,19,20,12,8,9,4,5,11,5,6,0,0,0,0,0,0
53745414,1144,582,562,492,276,216,405,201,204,163,87,76,79,17,62,3,1,2
53745415,744,333,411,313,150,163,289,143,146,85,32,53,55,7,48,2,1,1
53746201,402,207,195,162,90,72,165,83,82,49,25,24,23,7,16,1,0,1
53748901,2649,1266,1383,1071,574,497,1052,527,525,300,135,165,223,27,196,3,3,0
53748902,59,32,27,16,11,5,30,15,15,5,4,1,8,2,6,0,0,0
53748904,86,46,40,35,24,11,34,17,17,5,3,2,12,2,10,0,0,0
53749701,291,149,142,120,72,48,113,55,58,34,17,17,24,5,19,0,0,0
53750101,335,170,165,136,81,55,139,71,68,40,17,23,20,1,19,0,0,0
53750102,3004,1456,1548,1369,739,630,1123,555,568,365,137,228,133,15,118,6,6,0
53750103,292,153,139,140,80,60,90,44,46,51,25,26,9,2,7,2,2,0
53750104,6620,3257,3363,3583,1882,1701,1872,934,938,955,387,568,160,24,136,44,26,18
53750105,2462,1267,1195,1351,718,633,711,356,355,342,176,166,36,3,33,19,12,7
53491901,260,131,129,117,62,55,94,48,46,29,17,12,18,2,16,2,2,0
59965401,77,43,34,31,20,11,26,13,13,12,9,3,8,1,7,0,0,0
1083750,0,0,0,0,0,0,0,0,0,0,0,0,0,0,0,0,0,0
3077690,0,0,0,0,0,0,0,0,0,0,0,0,0,0,0,0,0,0
3197830,0,0,0,0,0,0,0,0,0,0,0,0,0,0,0,0,0,0
3335810,0,0,0,0,0,0,0,0,0,0,0,0,0,0,0,0,0,0
53700401,590,291,299,228,124,104,268,133,135,60,27,33,34,7,27,0,0,0
53700402,263,137,126,139,76,63,108,53,55,15,8,7,0,0,0,1,0,1
53700406,1465,698,767,689,370,319,473,236,237,201,71,130,94,15,79,8,6,2
53700407,166,83,83,82,43,39,75,37,38,4,2,2,4,0,4,1,1,0
53700408,1395,651,744,580,305,275,527,264,263,215,72,143,70,8,62,2,2,0
53700409,1798,854,944,772,401,371,703,351,352,196,78,118,124,24,100,3,0,3
53700410,1089,530,559,473,253,220,415,205,210,135,59,76,61,11,50,3,0,3
53700411,1380,689,691,672,374,298,384,196,188,222,103,119,91,10,81,9,6,3
53700412,54,26,28,23,13,10,18,10,8,9,2,7,4,1,3,0,0,0
53700413,1106,536,570,398,215,183,499,246,253,123,60,63,83,13,70,3,2,1
53700414,817,390,427,362,188,174,333,166,167,77,30,47,44,6,38,1,0,1
53700415,1393,667,726,581,318,263,521,260,261,172,67,105,110,18,92,9,4,5
53700418,35,20,15,17,10,7,7,3,4,9,6,3,2,1,1,0,0,0
53700419,60,45,15,20,14,6,22,16,6,11,9,2,1,0,1,6,6,0
53700420,243,121,122,90,46,44,112,57,55,29,15,14,11,3,8,1,0,1
53700421,2943,1352,1591,1236,690,546,952,466,486,472,152,320,266,37,229,13,7,6
53755101,341,186,155,143,86,57,137,69,68,39,23,16,22,8,14,0,0,0
53756001,152,80,72,63,37,26,58,29,29,20,11,9,11,3,8,0,0,0
53756002,39,22,17,13,8,5,16,8,8,7,4,3,3,2,1,0,0,0
53757801,437,222,215,175,97,78,187,95,92,38,21,17,37,9,28,0,0,0
53758601,215,106,109,87,42,45,90,46,44,20,13,7,18,5,13,0,0,0
53758602,167,82,85,48,27,21,88,44,44,15,9,6,14,2,12,2,0,2
53758603,439,215,224,186,101,85,170,87,83,46,20,26,37,7,30,0,0,0
53758604,83,42,41,35,18,17,30,15,15,10,6,4,8,3,5,0,0,0
59966201,149,72,77,54,27,27,71,35,36,13,6,7,9,4,5,2,0,2
59966202,25,14,11,8,6,2,9,5,4,4,2,2,3,0,3,0,0,0
53761601,533,269,264,204,117,87,224,112,112,62,30,32,42,9,33,1,1,0
53762401,515,261,254,214,117,97,216,107,109,46,26,20,31,7,24,8,4,4
53762402,27,15,12,2,2,0,16,9,7,5,4,1,3,0,3,1,0,1
53762403,77,35,42,33,15,18,28,13,15,10,6,4,6,1,5,0,0,0
53763201,755,393,362,300,179,121,340,171,169,65,34,31,49,8,41,0,0,0
53765901,528,251,277,217,116,101,204,98,106,65,33,32,41,3,38,1,1,0
53766701,429,223,206,160,97,63,185,93,92,50,26,24,34,7,27,0,0,0
1235950,0,0,0,0,0,0,0,0,0,0,0,0,0,0,0,0,0,0
1236090,0,0,0,0,0,0,0,0,0,0,0,0,0,0,0,0,0,0
1236170,0,0,0,0,0,0,0,0,0,0,0,0,0,0,0,0,0,0
53768301,639,330,309,253,142,111,290,144,146,67,36,31,28,8,20,1,0,1
53768302,442,213,229,153,82,71,223,110,113,33,15,18,33,6,27,0,0,0
53768303,850,429,421,342,193,149,368,183,185,82,39,43,53,10,43,3,2,1
53768304,347,169,178,150,74,76,146,72,74,32,21,11,19,2,17,0,0,0
53768306,3518,1621,1897,1455,755,700,1278,635,643,540,192,348,233,34,199,12,5,7
53768307,773,328,445,313,163,150,197,97,100,127,42,85,125,19,106,10,7,3
53768308,592,274,318,260,130,130,214,102,112,74,34,40,41,6,35,3,2,1
53768309,1435,727,708,676,391,285,502,250,252,155,69,86,99,15,84,2,2,0
53768311,537,280,257,230,146,84,238,118,120,43,14,29,26,2,24,0,0,0
53768312,57,23,34,23,8,15,22,11,11,8,4,4,4,0,4,0,0,0
53768314,274,181,93,148,101,47,62,37,25,56,40,16,6,2,4,2,1,1
53768315,199,100,99,83,45,38,78,39,39,29,13,16,8,3,5,1,0,1
53768316,2459,1131,1328,1013,523,490,905,443,462,346,134,212,187,28,159,5,3,2
53768317,1596,751,845,662,347,315,571,284,287,242,98,144,115,20,95,4,2,2
53768318,50,24,26,18,11,7,13,6,7,12,6,6,7,1,6,0,0,0
53768319,768,376,392,359,189,170,260,132,128,114,47,67,30,5,25,5,3,2
59959001,201,102,99,80,49,31,88,45,43,16,7,9,17,1,16,0,0,0
53772101,1239,613,626,529,282,247,512,256,256,121,54,67,70,16,54,7,5,2
53775601,25,12,13,10,6,4,8,4,4,3,1,2,3,1,2,1,0,1
53775602,31,12,19,9,5,4,9,4,5,7,2,5,6,1,5,0,0,0
53775603,68,34,34,26,15,11,29,14,15,9,5,4,4,0,4,0,0,0
53775604,46,23,23,21,13,8,18,9,9,5,1,4,2,0,2,0,0,0
53775605,1293,618,675,473,275,198,468,238,230,169,72,97,170,30,140,8,0,8
53775606,147,77,70,59,31,28,60,31,29,20,12,8,7,3,4,1,0,1
53775608,88,45,43,39,23,16,28,14,14,14,8,6,6,0,6,1,0,1
53776401,86,44,42,31,15,16,32,16,16,18,12,6,5,1,4,0,0,0
53776402,3185,1581,1604,1294,716,578,1287,643,644,391,181,210,205,38,167,8,3,5
53777201,559,277,282,257,136,121,223,110,113,45,25,20,34,6,28,0,0,0
53475701,223,114,109,82,47,35,89,47,42,30,13,17,22,7,15,0,0,0
53778101,20,6,14,3,0,3,12,6,6,3,0,3,2,0,2,0,0,0
53778102,1210,621,589,448,268,180,580,284,296,98,49,49,73,13,60,11,7,4
53779901,202,98,104,86,49,37,80,40,40,23,8,15,13,1,12,0,0,0
53780201,60,30,30,23,12,11,30,15,15,6,3,3,1,0,1,0,0,0
53780202,329,168,161,126,69,57,137,69,68,33,17,16,33,13,20,0,0,0
53780203,119,64,55,47,28,19,45,22,23,15,11,4,12,3,9,0,0,0
53781101,1088,552,536,446,263,183,474,238,236,88,39,49,77,10,67,3,2,1
53783701,72,34,38,33,15,18,31,16,15,6,3,3,2,0,2,0,0,0
53783702,755,356,399,272,143,129,364,164,200,72,37,35,41,9,32,6,3,3
53488901,196,100,96,78,40,38,82,45,37,20,10,10,13,3,10,3,2,1
53785301,541,268,273,233,122,111,205,106,99,71,35,36,29,3,26,3,2,1
53786101,640,318,322,271,146,125,268,135,133,58,27,31,40,8,32,3,2,1
53789601,1136,597,539,447,242,205,479,257,222,134,65,69,50,8,42,26,25,1
53790002,298,156,142,116,64,52,121,61,60,49,29,20,10,2,8,2,0,2
53608301,198,107,91,68,46,22,97,49,48,16,10,6,17,2,15,0,0,0
53487101,336,165,171,137,72,65,139,71,68,34,20,14,26,2,24,0,0,0
53794201,266,137,129,102,56,46,111,57,54,34,20,14,19,4,15,0,0,0
53794202,54,26,28,27,11,16,21,10,11,2,2,0,3,2,1,0,0,0
53795101,96,44,52,37,17,20,35,18,17,12,8,4,11,0,11,1,1,0
59961101,176,92,84,53,29,24,84,42,42,26,17,9,12,3,9,1,1,0
53797701,543,273,270,237,126,111,213,106,107,66,33,33,27,8,19,0,0,0
53798501,215,109,106,79,45,34,104,52,52,17,7,10,14,4,10,1,1,0
53798502,586,289,297,253,134,119,248,125,123,53,26,27,32,4,28,0,0,0
53799301,391,200,191,172,93,79,152,76,76,47,26,21,18,3,15,2,2,0
53447102,397,216,181,145,91,54,165,81,84,57,36,21,30,8,22,0,0,0
59969701,263,126,137,116,59,57,102,51,51,22,13,9,22,3,19,0,0,0
53486201,312,151,161,131,67,64,126,62,64,34,18,16,19,3,16,2,1,1
50341001,46,25,21,15,9,6,16,8,8,8,7,1,4,0,4,1,1,0
50341002,133,66,67,54,27,27,53,27,26,17,10,7,7,2,5,2,0,2
53804301,1415,686,729,629,308,321,637,319,318,112,46,66,35,12,23,2,1,1
53805101,2259,1131,1128,1074,562,512,928,461,467,189,88,101,54,9,45,8,5,3
53805102,730,388,342,371,216,155,286,143,143,54,25,29,18,3,15,1,1,0
53468401,345,169,176,143,73,70,141,73,68,37,17,20,23,6,17,1,0,1
53808601,553,268,285,271,143,128,212,108,104,41,12,29,28,5,23,0,0,0
53808602,185,85,100,88,47,41,60,28,32,30,8,22,5,1,4,2,1,1
53808603,376,162,214,134,68,66,142,74,68,33,12,21,66,8,58,1,0,1
53809401,138,80,58,68,44,24,45,22,23,17,9,8,6,3,3,2,2,0
53809402,101,60,41,46,32,14,43,22,21,9,5,4,3,1,2,0,0,0
53809403,1805,861,944,770,412,358,704,348,356,197,75,122,125,19,106,9,7,2
53809404,649,324,325,264,151,113,270,132,138,65,31,34,43,7,36,7,3,4
53809405,1032,524,508,463,261,202,360,180,180,137,61,76,66,20,46,4,2,2
53809406,3058,1499,1559,1418,747,671,1232,612,620,268,115,153,124,17,107,13,7,6
53809408,272,146,126,139,84,55,92,48,44,30,13,17,7,1,6,4,0,4
53809409,3527,1657,1870,1501,787,714,1300,649,651,441,156,285,245,42,203,38,22,16
53809410,372,176,196,198,104,94,124,59,65,42,9,33,7,3,4,1,1,0
53809411,1075,539,536,444,246,198,480,236,244,105,46,59,40,8,32,4,3,1
53809413,1062,600,462,562,345,217,268,137,131,186,105,81,38,7,31,7,5,2
53809414,39,18,21,23,11,12,10,5,5,5,2,3,1,0,1,0,0,0
53809415,302,149,153,134,67,67,138,70,68,19,9,10,8,1,7,1,0,1
53809416,619,295,324,283,156,127,218,109,109,76,25,51,40,4,36,1,1,0
53809418,1775,849,926,794,412,382,707,350,357,159,65,94,109,21,88,5,1,4
53809419,870,423,447,357,197,160,366,179,187,91,37,54,55,9,46,1,1,0
53809420,30,23,7,8,7,1,11,6,5,11,10,1,0,0,0,0,0,0
53809421,159,82,77,76,39,37,53,27,26,22,15,7,8,1,7,0,0,0
53809422,615,306,309,225,127,98,262,131,131,73,38,35,54,9,45,1,1,0
53809423,1008,474,534,399,203,196,398,203,195,101,45,56,101,19,82,6,3,3
53809424,521,254,267,217,115,102,210,102,108,53,31,22,41,6,35,0,0,0
53810801,102,49,53,42,23,19,37,19,18,11,6,5,12,1,11,0,0,0
53810802,397,204,193,185,104,81,151,78,73,38,14,24,21,7,14,2,1,1
53810803,242,120,122,117,66,51,86,43,43,23,7,16,15,3,12,1,1,0
56486901,692,354,338,312,171,141,296,150,146,55,27,28,22,3,19,7,3,4
0192670,0,0,0,0,0,0,0,0,0,0,0,0,0,0,0,0,0,0
0192750,0,0,0,0,0,0,0,0,0,0,0,0,0,0,0,0,0,0
53813201,718,356,362,321,172,149,310,155,155,49,21,28,35,5,30,3,3,0
53813203,180,96,84,74,44,30,93,46,47,8,5,3,5,1,4,0,0,0
53813204,98,52,46,36,21,15,50,25,25,5,4,1,7,2,5,0,0,0
53813206,367,174,193,166,90,76,133,64,69,41,16,25,26,3,23,0,0,0
53813207,2311,1152,1159,919,517,402,1062,526,536,177,76,101,145,27,118,4,2,2
53813208,655,326,329,271,150,121,264,129,135,72,35,37,44,9,35,4,3,1
53813209,934,448,486,380,203,177,377,184,193,94,43,51,76,14,62,7,4,3
53813210,2502,1231,1271,1057,583,474,929,468,461,372,157,215,136,21,115,6,0,6
53813211,52,22,30,24,9,15,18,8,10,9,5,4,1,0,1,0,0,0
53813212,801,395,406,322,181,141,329,167,162,96,39,57,50,7,43,1,0,1
53813213,2716,1287,1429,1280,672,608,950,469,481,325,120,205,144,17,127,13,5,8
53813214,63,27,36,20,11,9,25,10,15,14,4,10,2,0,2,2,2,0
53813215,867,421,446,358,200,158,320,155,165,122,50,72,62,13,49,5,3,2
53325402,48,26,22,20,14,6,15,7,8,10,4,6,2,0,2,0,0,0
53325404,332,170,162,129,71,58,119,64,55,62,34,28,21,1,20,1,0,1
53814101,20,11,9,11,7,4,6,3,3,3,1,2,0,0,0,0,0,0
53814102,722,359,363,301,165,136,313,155,158,58,26,32,44,8,36,4,3,1
56500801,328,163,165,151,78,73,137,71,66,25,12,13,15,2,13,0,0,0
53816701,1235,615,620,523,275,248,505,264,241,137,56,81,56,12,44,14,8,6
56488501,543,275,268,232,123,109,229,114,115,58,30,28,23,7,16,1,1,0
53819101,874,414,460,365,191,174,333,169,164,75,38,37,94,14,80,4,2,2
53478101,235,123,112,107,65,42,91,46,45,25,9,16,11,2,9,1,1,0
53478102,803,423,380,349,204,145,347,176,171,54,30,24,50,11,39,3,2,1
56491501,1106,538,568,534,266,268,467,232,235,84,34,50,16,3,13,4,2,2
56598901,434,227,207,193,107,86,177,92,85,42,20,22,21,7,14,1,1,0
53822101,1122,566,556,520,286,234,485,243,242,80,30,50,35,7,28,2,0,2
53822102,563,286,277,260,140,120,232,117,115,53,24,29,16,3,13,0,0,0
53823001,2687,1362,1325,1145,641,504,1183,580,603,235,114,121,116,23,93,8,4,4
53824801,632,317,315,286,156,130,244,119,125,69,35,34,33,7,26,0,0,0
53824802,97,43,54,38,17,21,38,19,19,14,6,8,4,1,3,1,0,1
53824803,184,94,90,86,47,39,77,39,38,15,6,9,6,2,4,0,0,0
53825601,226,119,107,105,59,46,91,46,45,16,7,9,13,6,7,1,1,0
53825602,1375,689,686,612,325,287,568,285,283,136,65,71,54,11,43,5,3,2
53826401,129,69,60,67,42,25,44,22,22,14,4,10,3,1,2,0,0,0
53826402,552,239,313,209,102,107,168,87,81,61,27,34,106,18,88,4,1,3
53826403,880,418,462,470,223,247,332,170,162,58,23,35,17,2,15,3,0,3
53337801,76,40,36,43,26,17,17,8,9,14,6,8,2,0,2,0,0,0
53337802,749,374,375,304,164,140,310,157,153,89,41,48,42,9,33,3,2,1
53827201,1532,749,783,703,373,330,627,315,312,127,49,78,66,8,58,9,4,5
53827202,72,47,25,31,26,5,16,9,7,12,6,6,4,2,2,8,3,5
53827203,407,210,197,187,108,79,176,85,91,30,12,18,11,3,8,3,2,1
53827204,1186,604,582,516,288,228,487,256,231,120,46,74,59,13,46,2,1,1
53828101,110,64,46,53,34,19,29,15,14,17,11,6,9,3,6,2,1,1
53828103,107,51,56,46,20,26,47,25,22,9,6,3,5,0,5,0,0,0
53828104,21,13,8,7,4,3,7,4,3,6,4,2,1,1,0,0,0,0
53828105,127,74,53,64,39,25,32,17,15,23,12,11,5,3,2,0,0,0
53829901,98,44,54,28,14,14,51,24,27,10,3,7,9,3,6,0,0,0
53829902,128,56,72,52,22,30,56,28,28,9,4,5,11,2,9,0,0,0
53829903,1053,515,538,456,239,217,390,201,189,152,65,87,52,9,43,3,1,2
53829904,45,18,27,25,11,14,10,4,6,6,2,4,3,1,2,1,0,1
53829905,581,308,273,250,151,99,249,125,124,60,29,31,22,3,19,0,0,0
53829906,251,129,122,116,67,49,103,51,52,24,8,16,8,3,5,0,0,0
53829907,668,330,338,294,146,148,277,139,138,66,36,30,29,8,21,2,1,1
53829908,31,13,18,12,5,7,10,5,5,4,1,3,4,1,3,1,1,0
53829909,695,339,356,301,151,150,257,130,127,91,47,44,40,7,33,6,4,2
53829911,144,70,74,66,32,34,65,34,31,10,4,6,3,0,3,0,0,0
53829912,368,187,181,153,87,66,162,82,80,30,14,16,21,3,18,2,1,1
53829913,89,42,47,41,22,19,30,15,15,11,4,7,7,1,6,0,0,0
53829914,665,320,345,287,151,136,275,137,138,60,22,38,39,7,32,4,3,1
53829915,182,92,90,94,51,43,60,31,29,21,9,12,7,1,6,0,0,0
56497401,853,428,425,328,173,155,325,168,157,131,69,62,65,15,50,1,0,1
53831101,63,28,35,31,12,19,16,9,7,6,3,3,3,0,3,7,4,3
53831102,211,108,103,96,51,45,86,43,43,20,11,9,8,2,6,1,1,0
53831103,3483,1766,1717,1660,918,742,1329,667,662,338,145,193,138,27,111,17,9,8
3246210,0,0,0,0,0,0,0,0,0,0,0,0,0,0,0,0,0,0
53832901,563,302,261,299,182,117,171,87,84,56,27,29,30,5,25,6,1,5
51362801,284,146,138,111,66,45,127,63,64,33,13,20,12,3,9,1,1,0
53155301,325,172,153,143,87,56,125,63,62,29,17,12,28,5,23,0,0,0
56476101,274,149,125,130,75,55,97,49,48,37,25,12,8,0,8,0,0,0
53341602,3614,1794,1820,1506,830,676,1395,705,690,439,193,246,257,58,199,13,4,9
53341603,220,115,105,95,52,43,93,47,46,18,10,8,14,6,8,0,0,0
53837001,792,395,397,334,189,145,354,177,177,64,23,41,39,6,33,1,0,1
53613001,501,242,259,223,112,111,200,100,100,50,22,28,27,7,20,0,0,0
53343201,857,438,419,369,213,156,361,181,180,81,33,48,46,11,35,0,0,0
53343202,56,26,30,27,14,13,19,8,11,9,3,6,1,1,0,0,0,0
53343203,43,24,19,20,10,10,16,8,8,6,6,0,1,0,1,0,0,0
53496001,306,151,155,136,67,69,124,62,62,30,19,11,16,3,13,0,0,0
56499101,215,104,111,108,56,52,90,41,49,14,6,8,2,0,2,1,1,0
56499102,73,28,45,32,9,23,37,17,20,3,2,1,1,0,1,0,0,0
56499103,363,185,178,182,96,86,131,64,67,41,19,22,7,4,3,2,2,0
56499104,436,208,228,183,88,95,198,102,96,33,16,17,21,2,19,1,0,1
53841801,75,34,41,41,20,21,21,11,10,7,2,5,6,1,5,0,0,0
53841802,200,96,104,76,39,37,102,51,51,11,5,6,10,0,10,1,1,0
0772242,0,0,0,0,0,0,0,0,0,0,0,0,0,0,0,0,0,0
3247440,0,0,0,0,0,0,0,0,0,0,0,0,0,0,0,0,0,0
53842601,126,60,66,54,25,29,52,27,25,14,8,6,6,0,6,0,0,0
53842602,56,27,29,27,11,16,21,11,10,5,3,2,2,1,1,1,1,0
53842603,901,459,442,414,229,185,372,186,186,76,39,37,39,5,34,0,0,0
53842605,660,322,338,268,142,126,280,140,140,65,34,31,47,6,41,0,0,0
53842606,85,47,38,29,20,9,37,19,18,13,7,6,5,1,4,1,0,1
56498201,595,298,297,288,151,137,255,129,126,39,13,26,9,2,7,2,1,1
56498202,1610,784,826,743,373,370,681,340,341,146,63,83,37,6,31,2,1,1
53891401,1460,745,715,614,347,267,608,311,297,154,71,83,78,13,65,4,3,1
53498601,494,251,243,192,110,82,219,108,111,43,21,22,39,12,27,0,0,0
53844201,3214,1584,1630,1526,802,724,1284,638,646,273,111,162,115,24,91,16,9,7
53845101,495,255,240,187,104,83,243,122,121,50,25,25,15,4,11,0,0,0
53845102,747,362,385,330,166,164,299,150,149,81,36,45,32,7,25,1,1,0
53846901,388,191,197,159,86,73,166,82,84,45,22,23,16,1,15,2,0,2
53847701,1242,598,644,564,281,283,543,270,273,100,40,60,32,7,25,3,0,3
53847702,905,453,452,366,207,159,335,165,170,126,62,64,73,15,58,5,4,1
53848501,113,54,59,55,27,28,43,21,22,12,6,6,3,0,3,0,0,0
53848502,1352,684,668,556,306,250,556,287,269,144,65,79,74,15,59,20,11,9
0975432,0,0,0,0,0,0,0,0,0,0,0,0,0,0,0,0,0,0
53849301,673,322,351,287,139,148,301,149,152,61,26,35,23,7,16,1,1,0
53849302,3175,1548,1627,1438,750,688,1203,612,591,323,139,184,202,41,161,5,2,3
53849303,308,152,156,140,70,70,120,60,60,38,19,19,10,3,7,0,0,0
59826701,39,23,16,12,8,4,21,11,10,3,3,0,2,0,2,1,1,0
59826702,506,286,220,225,134,91,186,98,88,77,45,32,14,5,9,4,4,0
53850701,1297,655,642,539,287,252,534,276,258,137,67,70,78,19,59,9,6,3
53851501,1464,745,719,658,353,305,602,317,285,140,63,77,56,8,48,5,3,2
53852301,1111,561,550,459,260,199,434,220,214,133,60,73,80,18,62,5,3,2
53852302,386,194,192,167,82,85,146,74,72,49,29,20,17,3,14,3,2,1
53852303,39,20,19,15,8,7,16,7,9,6,4,2,2,1,1,0,0,0
53852304,1006,502,504,475,251,224,416,204,212,90,41,49,24,5,19,1,1,0
53852305,362,170,192,145,81,64,142,69,73,49,15,34,24,5,19,2,0,2
53854001,40,19,21,19,9,10,12,6,6,7,4,3,2,0,2,0,0,0
53854002,3877,1950,1927,1877,976,901,1590,818,772,309,135,174,82,14,68,16,7,9
53855801,1517,732,785,776,383,393,557,276,281,150,64,86,30,6,24,2,2,0
53856601,546,262,284,222,113,109,218,109,109,73,33,40,32,7,25,1,0,1
53354801,360,178,182,160,87,73,133,67,66,36,18,18,30,6,24,0,0,0
3246980,0,0,0,0,0,0,0,0,0,0,0,0,0,0,0,0,0,0
56490701,1134,568,566,606,305,301,399,204,195,113,51,62,8,1,7,6,5,1
56490702,928,475,453,460,250,210,362,180,182,78,37,41,20,4,16,6,2,4
53857402,956,462,494,428,216,212,407,205,202,79,34,45,41,7,34,1,0,1
53857403,89,45,44,37,18,19,43,23,20,8,4,4,1,0,1,0,0,0
53857404,5134,2519,2615,2300,1251,1049,1902,946,956,645,266,379,267,39,228,17,14,3
53857405,70,41,29,39,21,18,15,10,5,13,8,5,2,1,1,1,1,0
53356401,166,83,83,72,45,27,54,27,27,23,9,14,17,2,15,0,0,0
53356402,135,64,71,58,30,28,52,26,26,15,8,7,10,0,10,0,0,0
53356403,58,32,26,25,16,9,24,12,12,5,3,2,4,1,3,0,0,0
53356404,178,94,84,69,42,27,78,39,39,15,10,5,15,3,12,1,0,1
53356405,435,215,220,156,82,74,180,93,87,47,30,17,50,8,42,0,0,0
53858202,1201,606,595,536,289,247,468,238,230,134,64,70,59,12,47,3,2,1
53858203,37,18,19,14,6,8,14,7,7,4,3,1,5,2,3,0,0,0
53858204,229,114,115,112,57,55,80,39,41,29,16,13,6,0,6,0,0,0
53858205,360,181,179,173,88,85,129,65,64,44,22,22,10,2,8,3,3,0
57167901,101,51,50,36,20,16,47,25,22,16,5,11,2,1,1,0,0,0
53860401,673,350,323,306,175,131,248,125,123,71,33,38,43,13,30,5,4,1
52965601,269,137,132,128,73,55,102,51,51,28,10,18,10,2,8,1,1,0
53861201,518,260,258,221,114,107,247,123,124,38,20,18,11,2,9,1,1,0
53861202,77,35,42,41,18,23,24,11,13,6,4,2,5,2,3,1,0,1
53862101,120,59,61,62,28,34,43,22,21,13,9,4,2,0,2,0,0,0
53862102,511,247,264,209,109,100,214,109,105,51,21,30,35,6,29,0,0,0
53863901,472,245,227,253,142,111,167,83,84,43,15,28,5,1,4,4,4,0
0277072,0,0,0,0,0,0,0,0,0,0,0,0,0,0,0,0,0,0
59922101,226,107,119,110,56,54,97,45,52,12,5,7,5,0,5,2,1,1
59922103,166,75,91,68,32,36,67,32,35,22,10,12,8,0,8,1,1,0
59922104,113,60,53,63,34,29,41,21,20,9,5,4,0,0,0,0,0,0
56478801,94,52,42,42,27,15,40,21,19,7,4,3,5,0,5,0,0,0
53865501,1292,627,665,581,293,288,544,270,274,119,53,66,39,8,31,7,3,4
53867101,2247,1134,1113,1084,596,488,891,432,459,200,91,109,68,12,56,4,3,1
53869801,91,46,45,34,17,17,41,21,20,9,3,6,5,3,2,0,0,0
53869803,116,57,59,49,24,25,46,24,22,18,9,9,3,0,3,0,0,0
53869804,299,151,148,129,69,60,135,65,70,22,14,8,12,3,9,1,0,1
53869805,67,27,40,33,13,20,25,12,13,6,2,4,3,0,3,0,0,0
3247280,0,0,0,0,0,0,0,0,0,0,0,0,0,0,0,0,0,0
53870101,1166,604,562,536,296,240,493,247,246,84,46,38,49,13,36,4,2,2
53872801,185,96,89,70,36,34,80,42,38,23,16,7,11,2,9,1,0,1
53872802,437,208,229,201,94,107,187,94,93,40,17,23,9,3,6,0,0,0
53872803,410,206,204,194,102,92,161,81,80,39,18,21,14,4,10,2,1,1
53872804,190,104,86,92,56,36,72,37,35,20,11,9,6,0,6,0,0,0
53872805,218,111,107,102,56,46,84,41,43,23,12,11,9,2,7,0,0,0
53872806,472,222,250,238,114,124,169,82,87,50,20,30,9,2,7,3,2,1
53872807,2060,1018,1042,873,467,406,792,409,383,251,115,136,137,22,115,7,5,2
53872808,413,179,234,158,86,72,106,53,53,53,22,31,89,14,75,7,4,3
53872810,163,82,81,65,39,26,56,28,28,28,12,16,13,2,11,1,1,0
53872811,322,142,180,115,53,62,149,73,76,31,13,18,27,3,24,0,0,0
53872812,843,428,415,387,218,169,368,182,186,59,22,37,25,5,20,4,1,3
53872813,64,30,34,26,11,15,22,11,11,11,8,3,5,0,5,0,0,0
53872814,3122,1567,1555,1386,753,633,1220,609,611,354,170,184,155,30,125,7,5,2
53872815,425,197,228,193,83,110,190,96,94,26,13,13,16,5,11,0,0,0
53872816,903,400,503,379,195,184,268,136,132,149,56,93,98,8,90,5,3,2
53872818,197,104,93,89,52,37,75,40,35,23,9,14,8,2,6,2,1,1
53872819,20,9,11,10,6,4,4,2,2,3,1,2,3,0,3,0,0,0
53872820,2210,1078,1132,980,532,448,835,418,417,260,101,159,129,22,107,4,3,1
53872821,25,13,12,15,9,6,7,3,4,3,1,2,0,0,0,0,0,0
53872822,1644,778,866,693,363,330,646,320,326,182,72,110,117,19,98,4,4,0
53872823,2121,993,1128,955,483,472,815,399,416,229,79,150,116,26,90,6,6,0
59828301,482,255,227,255,142,113,156,80,76,55,28,27,14,3,11,2,2,0
53875201,1309,655,654,542,293,249,540,275,265,143,69,74,79,15,64,4,2,2
53876101,577,292,285,254,134,120,215,111,104,74,40,34,33,6,27,1,1,0
53876102,273,152,121,143,90,53,105,55,50,18,5,13,4,2,2,1,0,1
53876103,230,108,122,113,52,61,90,44,46,19,10,9,6,0,6,2,2,0
53877901,724,357,367,301,162,139,297,147,150,86,43,43,39,4,35,1,1,0
53878701,180,91,89,96,51,45,72,35,37,10,5,5,2,0,2,0,0,0
53878702,63,33,30,25,14,11,26,14,12,10,4,6,1,0,1,1,1,0
53878703,561,270,291,224,114,110,239,120,119,51,25,26,44,9,35,3,2,1
53880901,83,42,41,45,24,21,23,12,11,11,6,5,4,0,4,0,0,0
53880902,114,52,62,63,32,31,31,15,16,17,5,12,3,0,3,0,0,0
53880903,25,9,16,13,4,9,8,4,4,3,1,2,1,0,1,0,0,0
53880904,96,50,46,49,25,24,34,16,18,9,8,1,4,1,3,0,0,0
53880905,138,69,69,65,33,32,47,24,23,19,12,7,6,0,6,1,0,1
53880907,209,111,98,93,53,40,82,45,37,23,11,12,8,1,7,3,1,2
53880908,2053,1009,1044,930,490,440,833,416,417,185,78,107,98,21,77,7,4,3
53882501,1003,506,497,443,238,205,425,215,210,94,40,54,35,10,25,3,2,1
53371801,76,41,35,30,16,14,22,11,11,20,13,7,3,1,2,1,0,1
53371802,168,80,88,72,38,34,67,33,34,10,6,4,19,3,16,0,0,0
53371803,47,25,22,18,11,7,12,6,6,14,8,6,3,0,3,0,0,0
53371804,238,118,120,98,48,50,109,56,53,17,11,6,13,3,10,1,0,1
53371805,29,14,15,11,4,7,13,7,6,4,2,2,1,1,0,0,0,0
53371807,844,434,410,359,207,152,341,173,168,87,45,42,55,9,46,2,0,2
53371808,87,44,43,38,22,16,33,16,17,13,5,8,3,1,2,0,0,0
53371809,36,18,18,11,7,4,15,7,8,10,4,6,0,0,0,0,0,0
57195401,518,254,264,235,126,109,208,103,105,44,21,23,30,4,26,0,0,0
53883301,313,149,164,133,63,70,141,71,70,29,13,16,10,2,8,0,0,0
53883302,305,139,166,142,59,83,117,57,60,32,17,15,14,6,8,0,0,0
53883303,959,475,484,434,225,209,412,209,203,80,35,45,28,4,24,4,2,2
53883304,564,287,277,232,126,106,273,138,135,43,19,24,14,3,11,2,1,1
53883305,331,171,160,137,75,62,156,81,75,30,14,16,7,1,6,1,0,1
59830501,574,307,267,274,157,117,220,112,108,65,34,31,11,3,8,4,1,3
53884101,1343,658,685,565,302,263,606,297,309,98,47,51,71,9,62,3,3,0
53885001,1300,644,656,583,315,268,509,255,254,146,64,82,60,8,52,1,1,0
53887601,4401,2169,2232,2023,1063,960,1813,913,900,403,157,246,147,26,121,10,6,4
53888401,1858,885,973,834,427,407,723,359,364,170,80,90,121,14,107,6,5,1
53888402,309,151,158,159,84,75,106,53,53,31,12,19,11,1,10,2,1,1
57164401,257,129,128,108,56,52,109,54,55,34,16,18,5,2,3,1,1,0
53889201,77,35,42,30,13,17,44,22,22,3,0,3,0,0,0,0,0,0
53889202,36,16,20,11,3,8,16,7,9,6,4,2,3,2,1,0,0,0
53889203,846,424,422,409,213,196,343,173,170,72,36,36,21,2,19,1,0,1
53889204,161,72,89,80,33,47,66,33,33,13,5,8,2,1,1,0,0,0
53889205,42,18,24,15,6,9,19,9,10,3,2,1,5,1,4,0,0,0
59971901,259,122,137,100,48,52,128,64,64,17,8,9,12,1,11,2,1,1
59971902,417,205,212,197,106,91,165,82,83,42,16,26,13,1,12,0,0,0
3078820,0,0,0,0,0,0,0,0,0,0,0,0,0,0,0,0,0,0
3078910,0,0,0,0,0,0,0,0,0,0,0,0,0,0,0,0,0,0
53895701,341,172,169,161,86,75,150,75,75,22,10,12,8,1,7,0,0,0
53895702,1534,755,779,736,384,352,619,314,305,121,48,73,54,6,48,2,1,1
53895703,1538,756,782,601,328,273,675,344,331,130,55,75,129,28,101,3,1,2
53895704,22,13,9,8,5,3,7,3,4,4,3,1,2,1,1,1,1,0
53895705,1652,836,816,761,413,348,627,315,312,173,79,94,84,25,59,3,0,3
53895706,489,254,235,230,137,93,202,96,106,44,21,23,13,0,13,0,0,0
53895707,1590,764,826,639,342,297,678,339,339,158,67,91,112,16,96,3,0,3
53896501,555,272,283,263,137,126,227,114,113,48,16,32,16,5,11,1,0,1
53896502,1317,662,655,621,325,296,539,275,264,105,52,53,45,5,40,7,5,2
53897301,390,191,199,184,95,89,155,77,78,31,12,19,16,6,10,4,1,3
1793022,0,0,0,0,0,0,0,0,0,0,0,0,0,0,0,0,0,0
53898101,574,284,290,243,127,116,229,114,115,69,39,30,32,3,29,1,1,0
53898102,73,41,32,36,21,15,16,8,8,17,10,7,2,0,2,2,2,0
53898103,20,12,8,12,6,6,4,2,2,4,4,0,0,0,0,0,0,0
53898104,202,97,105,93,45,48,74,38,36,23,13,10,11,1,10,1,0,1
53898105,35,16,19,16,7,9,17,8,9,1,0,1,1,1,0,0,0,0
53898106,157,87,70,81,49,32,54,28,26,16,9,7,6,1,5,0,0,0
53898107,2086,1080,1006,911,519,392,811,415,396,237,113,124,115,26,89,11,7,4
53898108,28,13,15,15,8,7,9,4,5,3,1,2,1,0,1,0,0,0
53898109,21,9,12,10,4,6,10,5,5,0,0,0,1,0,1,0,0,0
53899001,645,308,337,280,143,137,260,128,132,76,31,45,25,3,22,2,1,1
53387401,78,45,33,29,18,11,34,18,16,14,9,5,1,0,1,0,0,0
53387403,120,62,58,49,24,25,52,27,25,13,9,4,6,2,4,0,0,0
53387404,36,24,12,11,8,3,12,6,6,10,7,3,1,1,0,0,0,0
53901501,407,190,217,174,79,95,177,89,88,39,19,20,13,3,10,2,0,2
53901502,382,199,183,168,97,71,141,74,67,45,24,21,24,2,22,4,2,2
53903101,64,29,35,26,13,13,28,14,14,10,2,8,0,0,0,0,0,0
53903102,227,117,110,87,46,41,105,54,51,23,12,11,12,5,7,0,0,0
53903104,721,350,371,337,165,172,300,151,149,53,24,29,27,7,20,3,2,1
53904001,98,48,50,40,19,21,47,23,24,6,5,1,5,1,4,0,0,0
53904002,51,22,29,19,9,10,20,11,9,5,2,3,7,0,7,0,0,0
53904003,507,259,248,192,100,92,246,125,121,50,30,20,18,3,15,1,1,0
56479601,192,100,92,96,55,41,71,37,34,12,3,9,10,3,7,1,0,1
53390401,102,48,54,44,20,24,41,21,20,14,7,7,3,0,3,0,0,0
53390402,695,335,360,283,143,140,269,136,133,93,48,45,50,8,42,0,0,0
50578101,614,308,306,261,147,114,243,126,117,63,25,38,43,6,37,2,2,0
50578102,127,68,59,53,33,20,61,31,30,9,4,5,4,0,4,0,0,0
50578103,136,69,67,59,31,28,58,29,29,14,8,6,5,1,4,0,0,0
53536201,279,137,142,125,65,60,109,56,53,28,11,17,14,5,9,3,0,3
53536202,808,404,404,328,177,151,365,180,185,68,32,36,45,13,32,2,2,0
53905801,301,151,150,131,71,60,149,72,77,13,8,5,6,0,6,2,0,2
53905802,704,361,343,333,180,153,268,136,132,83,38,45,20,7,13,0,0,0
53905803,121,62,59,60,32,28,49,24,25,11,6,5,1,0,1,0,0,0
53905804,1132,556,576,529,266,263,495,247,248,85,40,45,22,3,19,1,0,1
53905805,594,293,301,291,140,151,240,121,119,50,26,24,11,4,7,0,0,0
53905806,271,139,132,113,58,55,125,62,63,24,11,13,4,3,1,1,1,0
53905807,707,372,335,311,181,130,307,156,151,56,28,28,31,6,25,2,1,1
53905808,552,297,255,224,139,85,221,116,105,70,37,33,35,4,31,2,1,1
53906601,39,19,20,18,8,10,13,7,6,6,3,3,2,1,1,0,0,0
53906602,3128,1572,1556,1453,776,677,1299,653,646,262,118,144,102,18,84,6,3,3
51364401,469,226,243,230,108,122,181,90,91,46,24,22,10,2,8,2,2,0
53908201,1202,607,595,622,337,285,470,229,241,78,37,41,23,4,19,5,0,5
53909101,559,279,280,226,126,100,254,126,128,53,24,29,26,3,23,0,0,0
53909102,41,18,23,17,8,9,20,10,10,2,0,2,2,0,2,0,0,0
53910401,43,20,23,19,10,9,14,6,8,5,2,3,4,1,3,0,0,0
53910402,66,39,27,23,15,8,27,14,13,15,9,6,1,1,0,0,0,0
53910403,210,116,94,83,54,29,80,40,40,34,19,15,13,3,10,0,0,0
53910404,134,72,62,59,37,22,47,23,24,18,9,9,10,3,7,0,0,0
53910405,70,38,32,30,18,12,31,15,16,6,4,2,3,1,2,0,0,0
57119901,193,88,105,86,37,49,78,39,39,24,11,13,5,1,4,0,0,0
57119902,24,10,14,6,2,4,6,3,3,10,5,5,2,0,2,0,0,0
59973501,333,176,157,129,68,61,145,75,70,46,27,19,13,6,7,0,0,0
59973502,394,197,197,178,97,81,162,79,83,37,20,17,17,1,16,0,0,0
59973503,709,350,359,290,151,139,309,155,154,82,39,43,25,4,21,1,1,0
59973504,37,17,20,11,4,7,14,7,7,9,5,4,3,1,2,0,0,0
54004801,21,8,13,8,2,6,12,5,7,0,0,0,1,1,0,0,0,0
54004802,326,177,149,131,81,50,150,74,76,33,16,17,11,5,6,1,1,0
53912101,561,295,266,243,138,105,244,124,120,51,24,27,22,8,14,1,1,0
53913901,1776,888,888,814,439,375,674,335,339,190,92,98,95,20,75,3,2,1
53913902,2104,983,1121,909,441,468,867,437,430,190,83,107,136,21,115,2,1,1
53913903,3827,1925,1902,1605,892,713,1664,828,836,332,144,188,208,51,157,15,10,5
53221501,1443,719,724,646,340,306,625,316,309,104,45,59,63,15,48,4,2,2
53221502,90,44,46,35,18,17,39,21,18,11,4,7,5,1,4,0,0,0
53914701,120,65,55,40,28,12,60,29,31,12,7,5,7,1,6,1,0,1
53914702,196,102,94,83,49,34,76,39,37,25,13,12,12,1,11,0,0,0
53915501,346,174,172,141,74,67,127,63,64,48,29,19,28,8,20,2,0,2
53915502,819,396,423,359,181,178,293,148,145,109,54,55,56,12,44,1,0,1
53916301,944,475,469,414,235,179,382,192,190,87,41,46,60,6,54,1,1,0
53916302,186,96,90,83,51,32,71,35,36,12,6,6,20,4,16,0,0,0
53916303,304,163,141,131,78,53,108,56,52,43,22,21,21,7,14,1,0,1
53916305,440,221,219,207,104,103,170,89,81,49,27,22,13,1,12,0,0,0
53917101,613,304,309,276,146,130,251,129,122,48,22,26,37,7,30,1,0,1
53918001,459,258,201,196,111,85,189,109,80,47,29,18,18,2,16,9,7,2
53919801,1115,564,551,507,289,218,434,215,219,112,45,67,56,13,43,3,0,3
53919802,2554,1258,1296,1143,628,515,941,479,462,294,111,183,162,33,129,9,4,5
53921001,3598,1813,1785,1692,903,789,1459,732,727,328,149,179,107,21,86,12,8,4
53921002,699,349,350,317,170,147,273,134,139,78,38,40,29,6,23,2,1,1
53921003,291,137,154,117,57,60,129,63,66,29,12,17,16,5,11,0,0,0
53921004,88,48,40,35,19,16,26,13,13,24,15,9,2,1,1,1,0,1
53114601,1454,738,716,716,383,333,561,280,281,123,58,65,40,8,32,10,5,5
53922801,797,381,416,346,173,173,316,159,157,87,43,44,45,5,40,1,1,0
53922802,194,94,100,85,42,43,82,45,37,12,5,7,15,2,13,0,0,0
53922803,1340,649,691,718,367,351,462,224,238,131,49,82,25,7,18,2,1,1
53923601,62,28,34,26,13,13,24,11,13,11,3,8,1,1,0,0,0,0
53923602,5089,2501,2588,2396,1280,1116,1956,975,981,471,194,277,231,33,198,34,18,16
0458372,0,0,0,0,0,0,0,0,0,0,0,0,0,0,0,0,0,0
53924401,132,68,64,53,34,19,47,23,24,17,7,10,15,4,11,0,0,0
53924402,5102,2495,2607,2360,1245,1115,1884,948,936,551,245,306,274,37,237,29,18,11
53924403,4523,2162,2361,2124,1080,1044,1775,886,889,399,146,253,185,26,159,36,20,16
53924405,30,18,12,11,8,3,12,6,6,4,3,1,2,0,2,0,0,0
53925201,371,185,186,155,86,69,152,75,77,43,21,22,20,2,18,1,1,0
53925202,1387,691,696,602,317,285,531,271,260,180,85,95,70,15,55,2,1,1
53925203,443,224,219,162,84,78,182,90,92,61,39,22,36,9,27,2,2,0
53925204,280,134,146,109,60,49,129,63,66,25,8,17,16,2,14,1,1,0
53926101,615,310,305,252,140,112,257,130,127,61,30,31,44,10,34,1,0,1
53928701,351,171,180,152,75,77,137,68,69,38,23,15,24,5,19,0,0,0
53928702,20,10,10,7,5,2,11,5,6,1,0,1,1,0,1,0,0,0
53929501,1053,506,547,476,232,244,434,218,216,96,45,51,43,9,34,4,2,2
53930901,306,156,150,141,77,64,138,69,69,23,9,14,4,1,3,0,0,0
53930902,4375,2156,2219,2336,1196,1140,1617,809,808,316,127,189,86,15,71,16,9,7
51343101,468,237,231,200,112,88,195,98,97,51,23,28,22,4,18,0,0,0
53931702,1350,679,671,570,319,251,556,278,278,126,69,57,91,10,81,7,3,4
53932501,926,452,474,370,191,179,430,212,218,89,40,49,34,8,26,3,1,2
53932502,266,136,130,127,66,61,128,65,63,9,5,4,1,0,1,1,0,1
53932503,5846,2840,3006,2898,1484,1414,2120,1060,1060,615,236,379,169,35,134,41,25,16
53932504,349,177,172,146,86,60,146,75,71,34,16,18,23,0,23,0,0,0
53932505,345,174,171,166,84,82,154,80,74,20,10,10,4,0,4,1,0,1
53932506,959,468,491,420,218,202,419,207,212,93,39,54,23,2,21,4,2,2
53932507,80,41,39,41,23,18,32,16,16,4,1,3,3,1,2,0,0,0
53932508,58,28,30,29,16,13,13,7,6,12,5,7,4,0,4,0,0,0
53932509,129,67,62,64,37,27,58,28,30,6,2,4,1,0,1,0,0,0
53932510,81,45,36,34,22,12,37,19,18,7,3,4,2,1,1,1,0,1
53932512,232,111,121,101,46,55,110,55,55,19,10,9,2,0,2,0,0,0
53932513,1374,672,702,675,339,336,566,276,290,100,46,54,25,6,19,6,3,3
53933301,215,103,112,79,40,39,94,47,47,29,13,16,12,3,9,1,0,1
53933302,142,73,69,57,32,25,46,25,21,30,14,16,9,2,7,0,0,0
53933303,3079,1512,1567,1381,735,646,1149,576,573,388,170,218,154,29,125,7,2,5
53933304,274,135,139,135,71,64,87,41,46,39,20,19,13,3,10,0,0,0
53933305,766,381,385,347,191,156,307,154,153,77,32,45,35,4,31,0,0,0
53933307,304,147,157,113,58,55,117,62,55,49,19,30,24,7,17,0,0,0
53933308,43,21,22,14,6,8,18,10,8,9,5,4,2,0,2,0,0,0
53933309,202,111,91,86,53,33,83,41,42,24,14,10,9,3,6,0,0,0
53933310,24,14,10,9,6,3,12,6,6,2,2,0,1,0,1,0,0,0
53934101,742,381,361,293,163,130,321,168,153,79,42,37,48,8,40,1,0,1
53935001,2245,1067,1178,1134,561,573,816,398,418,207,93,114,76,9,67,11,5,6
53936801,104,56,48,36,23,13,40,20,20,23,12,11,4,1,3,1,0,1
53936802,226,115,111,110,64,46,76,40,36,25,10,15,15,1,14,0,0,0
53936803,835,427,408,333,183,150,321,158,163,130,74,56,51,12,39,0,0,0
53936804,393,207,186,168,102,66,149,75,74,44,22,22,32,8,24,0,0,0
59972701,518,249,269,215,108,107,211,106,105,61,31,30,31,4,27,0,0,0
57121101,848,426,422,358,196,162,339,170,169,108,54,54,41,6,35,1,0,1
53938401,651,325,326,275,143,132,270,138,132,72,36,36,31,6,25,3,2,1
53939201,913,444,469,388,205,183,389,189,200,82,38,44,47,7,40,7,5,2
57126101,49,24,25,16,8,8,17,8,9,12,7,5,4,1,3,0,0,0
57126102,623,278,345,224,111,113,251,125,126,62,27,35,86,15,71,0,0,0
53940601,1527,737,790,706,359,347,615,306,309,133,57,76,67,12,55,6,3,3
53940602,103,49,54,45,22,23,36,18,18,14,7,7,7,1,6,1,1,0
53941401,1193,592,601,513,287,226,472,238,234,124,52,72,71,8,63,10,4,6
53941402,920,441,479,420,222,198,311,151,160,131,55,76,53,10,43,5,3,2
53941403,1413,732,681,634,364,270,547,274,273,150,74,76,77,17,60,4,3,1
53942201,683,349,334,287,162,125,293,151,142,67,28,39,35,8,27,1,0,1
53942202,142,78,64,63,39,24,51,28,23,19,9,10,7,0,7,0,0,0
53942203,35,18,17,13,9,4,12,5,7,5,2,3,4,2,2,0,0,0
53942204,733,368,365,317,170,147,301,150,151,82,39,43,32,8,24,0,0,0
57132601,98,51,47,54,31,23,28,14,14,9,4,5,7,2,5,0,0,0
57132602,343,178,165,157,88,69,141,72,69,35,17,18,10,1,9,0,0,0
53945701,489,240,249,234,125,109,193,94,99,39,16,23,23,5,18,0,0,0
53945702,201,101,100,104,50,54,73,38,35,17,12,5,7,1,6,0,0,0
53945703,163,87,76,60,35,25,82,43,39,13,6,7,8,3,5,0,0,0
53949001,888,428,460,337,178,159,393,197,196,93,40,53,65,13,52,0,0,0
54076502,5067,2445,2622,2244,1191,1053,1907,950,957,569,248,321,327,47,280,16,7,9
54076503,391,194,197,176,94,82,165,83,82,35,14,21,14,3,11,1,0,1
54076504,561,279,282,250,128,122,229,114,115,59,30,29,22,7,15,1,0,1
54076505,332,163,169,156,81,75,118,57,61,38,22,16,17,2,15,1,1,0
53161801,514,264,250,231,128,103,211,105,106,50,28,22,22,3,19,0,0,0
53161803,1293,639,654,597,305,292,545,269,276,106,53,53,42,11,31,3,1,2
53161804,74,35,39,37,16,21,14,7,7,19,10,9,2,0,2,0,0,0
53161805,552,280,272,269,145,124,221,112,109,49,22,27,12,1,11,1,0,1
53950301,867,444,423,371,203,168,379,192,187,81,39,42,33,9,24,3,1,2
53950302,705,368,337,281,160,121,328,164,164,71,38,33,24,5,19,1,1,0
57133401,52,26,26,29,15,14,12,6,6,6,3,3,1,0,1,2,2,0
57133402,56,29,27,23,15,8,24,12,12,4,1,3,4,0,4,1,1,0
53951101,561,292,269,244,139,105,240,122,118,48,25,23,29,6,23,0,0,0
53951102,102,58,44,38,23,15,42,22,20,16,10,6,6,3,3,0,0,0
53951103,168,89,79,61,38,23,67,36,31,18,10,8,21,4,17,1,1,0
53952001,1017,515,502,400,243,157,451,218,233,102,46,56,61,7,54,3,1,2
53954601,79,43,36,32,20,12,30,15,15,13,7,6,4,1,3,0,0,0
53954602,199,110,89,107,64,43,63,32,31,18,11,7,10,2,8,0,0,0
53954603,37,21,16,7,4,3,14,7,7,14,10,4,2,0,2,0,0,0
53954604,457,244,213,168,100,68,204,103,101,57,32,25,24,6,18,2,1,1
53954605,104,54,50,44,25,19,38,19,19,15,9,6,7,1,6,0,0,0
53956201,182,92,90,72,36,36,84,41,43,20,13,7,6,2,4,0,0,0
53956202,130,64,66,63,32,31,53,27,26,9,3,6,5,2,3,0,0,0
53956203,111,58,53,43,24,19,46,24,22,16,9,7,6,1,5,0,0,0
53957101,66,33,33,26,14,12,31,16,15,6,3,3,3,0,3,0,0,0
53957103,573,278,295,231,121,110,266,129,137,43,17,26,25,6,19,6,3,3
53957104,187,97,90,69,38,31,98,50,48,13,7,6,6,2,4,1,0,1
53957105,2097,1019,1078,828,466,362,899,447,452,177,69,108,167,29,138,25,7,18
53959701,276,141,135,124,66,58,114,58,56,32,15,17,6,2,4,0,0,0
53959702,2016,973,1043,885,430,455,897,439,458,173,87,86,55,13,42,4,2,2
53959703,504,248,256,238,138,100,156,74,82,78,31,47,32,5,27,0,0,0
53959704,1368,687,681,603,326,277,570,283,287,126,62,64,65,12,53,2,2,0
53959706,125,69,56,53,34,19,49,23,26,22,12,10,1,0,1,0,0,0
53278901,950,463,487,415,207,208,422,210,212,69,32,37,37,10,27,7,4,3
53278903,61,31,30,34,18,16,14,7,7,8,5,3,5,1,4,0,0,0
57131801,83,39,44,30,12,18,40,20,20,11,6,5,1,0,1,1,1,0
57131802,164,81,83,70,36,34,64,33,31,17,9,8,12,3,9,1,0,1
3079550,0,0,0,0,0,0,0,0,0,0,0,0,0,0,0,0,0,0
53962702,741,334,407,320,167,153,277,135,142,67,25,42,71,5,66,6,2,4
53962703,3434,1691,1743,1692,900,792,1253,626,627,325,137,188,152,23,129,9,2,7
53962704,2873,1410,1463,1367,705,662,1149,572,577,241,101,140,99,22,77,12,6,6
53962706,2131,1039,1092,920,496,424,871,433,438,196,76,120,129,25,104,12,8,4
53962707,37,21,16,22,14,8,11,6,5,3,1,2,1,0,1,0,0,0
53172301,64,33,31,31,18,13,26,12,14,6,3,3,1,0,1,0,0,0
53172302,3089,1492,1597,1417,747,670,1210,608,602,277,102,175,167,28,139,16,5,11
53172303,2005,1006,999,800,443,357,838,418,420,208,112,96,150,28,122,7,3,4
53964301,3734,1804,1930,1630,854,776,1493,752,741,354,148,206,245,41,204,10,7,3
53965101,1464,707,757,618,316,302,636,317,319,144,61,83,65,13,52,1,0,1
53966001,31,15,16,16,7,9,12,6,6,3,2,1,0,0,0,0,0,0
53966002,231,110,121,82,43,39,91,43,48,43,21,22,15,3,12,0,0,0
53966003,85,40,45,30,17,13,42,21,21,7,2,5,6,0,6,0,0,0
53966004,53,30,23,24,16,8,25,12,13,1,0,1,3,2,1,0,0,0
53966005,507,245,262,201,113,88,203,103,100,57,24,33,44,5,39,2,0,2
53968601,762,374,388,354,182,172,306,154,152,58,26,32,31,6,25,10,4,6
53968602,1141,564,577,507,262,245,486,239,247,96,49,47,45,11,34,7,3,4
53970801,82,48,34,23,13,10,35,20,15,6,3,3,5,1,4,13,11,2
53970802,1173,593,580,485,263,222,519,269,250,113,50,63,50,8,42,5,3,2
53970803,43,21,22,14,5,9,21,11,10,6,4,2,2,1,1,0,0,0
57134201,35,23,12,20,15,5,13,7,6,2,1,1,0,0,0,0,0,0
57134202,256,128,128,112,59,53,106,55,51,20,11,9,18,3,15,0,0,0
53973201,429,199,230,174,82,92,193,96,97,34,17,17,26,2,24,2,2,0
53973202,93,46,47,31,17,14,45,21,24,13,8,5,4,0,4,0,0,0
53973203,211,101,110,86,41,45,68,33,35,45,24,21,12,3,9,0,0,0
53973204,1221,608,613,545,305,240,437,216,221,157,77,80,80,8,72,2,2,0
53973205,52,28,24,18,12,6,22,11,11,6,5,1,6,0,6,0,0,0
53973206,169,87,82,57,31,26,84,43,41,20,12,8,8,1,7,0,0,0
53182101,907,452,455,385,209,176,400,197,203,74,34,40,48,12,36,0,0,0
59831301,611,302,309,271,147,124,241,119,122,57,28,29,36,4,32,6,4,2
53975901,28,14,14,12,6,6,16,8,8,0,0,0,0,0,0,0,0,0
53975902,244,125,119,109,59,50,89,44,45,29,18,11,16,4,12,1,0,1
53975903,1334,665,669,580,312,268,524,259,265,141,79,62,83,12,71,6,3,3
53976701,616,307,309,263,143,120,268,135,133,52,20,32,28,4,24,3,3,0
53976702,39,18,21,20,10,10,14,7,7,3,0,3,2,1,1,0,0,0
53976703,1087,529,558,518,260,258,435,219,216,78,35,43,49,13,36,3,2,1
53977501,858,405,453,395,204,191,317,158,159,103,38,65,37,3,34,2,1,1
57135101,100,54,46,44,27,17,41,21,20,8,4,4,5,0,5,0,0,0
57135102,699,356,343,291,159,132,294,149,145,77,40,37,31,2,29,6,6,0
53299101,1185,571,614,507,264,243,469,234,235,134,65,69,69,7,62,6,1,5
53980501,934,457,477,411,213,198,401,199,202,83,37,46,33,4,29,6,4,2
53981301,2170,967,1203,1067,476,591,853,415,438,182,63,119,54,8,46,8,3,5
53981302,1651,770,881,772,374,398,655,326,329,148,58,90,69,8,61,7,4,3
51345801,74,38,36,22,14,8,37,19,18,12,4,8,2,0,2,1,1,0
51345802,189,95,94,98,51,47,81,39,42,9,4,5,1,1,0,0,0,0
51345803,2597,1281,1316,1284,672,612,937,471,466,279,118,161,79,12,67,18,8,10
53983001,445,227,218,196,107,89,178,91,87,43,24,19,26,3,23,2,2,0
53983002,124,62,62,54,31,23,54,26,28,11,5,6,5,0,5,0,0,0
53984801,2385,1179,1206,1027,542,485,967,483,484,269,128,141,111,19,92,9,7,2
53984802,159,84,75,78,42,36,54,29,25,16,9,7,9,3,6,2,1,1
53984803,210,106,104,79,42,37,100,51,49,22,12,10,9,1,8,0,0,0
53985601,1068,524,544,424,224,200,459,229,230,98,50,48,84,19,65,3,2,1
53985602,676,340,336,282,148,134,282,145,137,71,40,31,38,4,34,2,2,0
57128801,344,172,172,133,73,60,150,77,73,35,14,21,26,8,18,0,0,0
53987201,1559,754,805,721,363,358,655,322,333,131,56,75,41,7,34,9,4,5
53988102,406,188,218,180,88,92,149,74,75,58,22,36,18,4,14,1,0,1
53988103,1030,517,513,437,239,198,433,219,214,110,48,62,47,8,39,2,2,0
53990201,196,99,97,76,46,30,82,41,41,23,10,13,15,2,13,0,0,0
53990202,442,224,218,190,105,85,194,96,98,44,19,25,13,3,10,1,1,0
53990203,1352,684,668,581,315,266,603,310,293,115,45,70,49,11,38,4,3,1
52967201,155,81,74,67,39,28,63,33,30,15,6,9,10,3,7,0,0,0
56455901,29,17,12,9,6,3,14,8,6,5,3,2,1,0,1,0,0,0
56455902,33,17,16,10,6,4,18,9,9,3,1,2,2,1,1,0,0,0
56455904,147,81,66,51,41,10,67,34,33,15,6,9,14,0,14,0,0,0
53995301,558,281,277,225,125,100,237,116,121,65,32,33,30,8,22,1,0,1
53995302,139,72,67,64,36,28,55,28,27,14,7,7,6,1,5,0,0,0
53995303,236,119,117,94,54,40,76,39,37,53,24,29,13,2,11,0,0,0
53995304,654,328,326,279,145,134,243,126,117,88,46,42,42,10,32,0,0,0
53995306,155,74,81,57,28,29,72,36,36,12,7,5,14,3,11,0,0,0
53997001,144,69,75,57,31,26,62,31,31,16,6,10,8,1,7,1,0,1
53997002,71,36,35,23,14,9,38,19,19,5,2,3,4,0,4,1,1,0
53997003,111,58,53,47,28,19,37,19,18,17,9,8,8,1,7,2,1,1
53997004,83,40,43,36,18,18,37,19,18,7,3,4,3,0,3,0,0,0
53997005,25,15,10,11,8,3,12,6,6,2,1,1,0,0,0,0,0,0
3302640,0,0,0,0,0,0,0,0,0,0,0,0,0,0,0,0,0,0
53998801,93,47,46,39,23,16,38,19,19,10,4,6,6,1,5,0,0,0
53998803,219,111,108,91,49,42,93,47,46,22,12,10,13,3,10,0,0,0
0143200,0,0,0,0,0,0,0,0,0,0,0,0,0,0,0,0,0,0
0143540,0,0,0,0,0,0,0,0,0,0,0,0,0,0,0,0,0,0
0143620,0,0,0,0,0,0,0,0,0,0,0,0,0,0,0,0,0,0
54001301,67,33,34,27,16,11,27,14,13,3,2,1,10,1,9,0,0,0
54001302,45,21,24,22,11,11,16,8,8,4,2,2,3,0,3,0,0,0
54001303,49,26,23,23,15,8,20,10,10,1,0,1,5,1,4,0,0,0
54001304,51,26,25,20,12,8,24,12,12,5,2,3,2,0,2,0,0,0
54001305,24,14,10,10,7,3,10,5,5,2,1,1,2,1,1,0,0,0
54001306,414,182,232,145,78,67,165,82,83,46,17,29,58,5,53,0,0,0
54001307,753,345,408,248,135,113,309,154,155,93,39,54,99,13,86,4,4,0
54001309,25,16,9,11,7,4,4,1,3,6,6,0,4,2,2,0,0,0
54001310,123,53,70,42,19,23,58,29,29,9,4,5,13,1,12,1,0,1
54001311,627,308,319,270,151,119,255,125,130,68,29,39,31,1,30,3,2,1
54001312,180,88,92,67,34,33,92,45,47,16,7,9,5,2,3,0,0,0
54001313,279,130,149,112,59,53,104,51,53,32,12,20,27,5,22,2,1,1
54001314,796,399,397,412,231,181,226,112,114,116,52,64,42,4,38,0,0,0
54002101,26,14,12,11,7,4,13,6,7,1,1,0,1,0,1,0,0,0
54002102,21,12,9,11,6,5,9,5,4,1,1,0,0,0,0,0,0,0
54002103,421,210,211,179,94,85,194,97,97,26,14,12,22,5,17,0,0,0
56466401,52,25,27,16,9,7,22,10,12,5,4,1,8,1,7,1,1,0
56466402,28,14,14,8,3,5,15,8,7,3,2,1,2,1,1,0,0,0
56441902,148,77,71,55,33,22,77,38,39,7,4,3,9,2,7,0,0,0
54007201,394,189,205,153,94,59,138,67,71,54,22,32,48,6,42,1,0,1
54008101,67,34,33,28,16,12,24,12,12,10,4,6,5,2,3,0,0,0
54008102,320,160,160,140,76,64,126,63,63,37,19,18,16,2,14,1,0,1
54009901,270,128,142,107,55,52,122,61,61,22,11,11,19,1,18,0,0,0
54009902,158,76,82,49,28,21,73,36,37,22,10,12,12,1,11,1,1,0
51350401,441,221,220,182,97,85,196,99,97,34,21,13,27,3,24,2,1,1
54011101,369,177,192,179,84,95,150,76,74,28,13,15,10,2,8,2,2,0
54011102,63,28,35,24,10,14,31,15,16,8,3,5,0,0,0,0,0,0
54011103,149,64,85,35,21,14,35,18,17,31,17,14,45,6,39,3,2,1
54011104,46,20,26,19,6,13,19,9,10,8,5,3,0,0,0,0,0,0
54011105,605,292,313,208,110,98,300,152,148,60,17,43,37,13,24,0,0,0
54011107,67,33,34,30,16,14,30,15,15,6,2,4,1,0,1,0,0,0
54011108,1468,719,749,620,335,285,609,305,304,169,71,98,70,8,62,0,0,0
54011109,70,40,30,24,16,8,37,19,18,5,4,1,3,0,3,1,1,0
54011110,1160,571,589,481,260,221,508,254,254,91,44,47,76,11,65,4,2,2
54011111,2343,1122,1221,973,536,437,866,432,434,301,122,179,198,28,170,5,4,1
54011112,309,148,161,158,83,75,93,45,48,46,17,29,8,1,7,4,2,2
54011113,2123,1037,1086,869,497,372,729,368,361,286,132,154,232,36,196,6,4,2
54012901,301,148,153,117,63,54,134,67,67,24,14,10,25,4,21,1,0,1
54012903,215,107,108,87,44,43,93,47,46,23,13,10,12,3,9,0,0,0
54012904,119,54,65,42,19,23,51,25,26,13,8,5,13,2,11,0,0,0
54012905,115,52,63,36,18,18,53,27,26,9,5,4,17,2,15,0,0,0
54012906,38,22,16,17,10,7,17,10,7,2,2,0,2,0,2,0,0,0
54012907,42,22,20,12,6,6,23,12,11,7,4,3,0,0,0,0,0,0
54012908,30,16,14,6,3,3,18,10,8,4,2,2,1,1,0,1,0,1
54012909,45,21,24,17,8,9,23,12,11,2,1,1,3,0,3,0,0,0
59929801,152,74,78,62,34,28,64,31,33,13,6,7,13,3,10,0,0,0
3302480,0,0,0,0,0,0,0,0,0,0,0,0,0,0,0,0,0,0
54014501,165,82,83,54,33,21,79,40,39,18,7,11,14,2,12,0,0,0
54014502,384,193,191,152,94,58,163,79,84,34,14,20,34,6,28,1,0,1
54015301,77,35,42,35,18,17,32,16,16,4,1,3,6,0,6,0,0,0
54015302,269,128,141,113,59,54,117,58,59,16,9,7,23,2,21,0,0,0
54015304,86,43,43,36,19,17,36,18,18,10,5,5,4,1,3,0,0,0
54017001,212,112,100,92,51,41,89,46,43,20,12,8,10,2,8,1,1,0
54017002,83,42,41,28,18,10,39,20,19,7,4,3,9,0,9,0,0,0
54017003,46,22,24,21,12,9,21,10,11,2,0,2,2,0,2,0,0,0
54017004,29,15,14,11,6,5,14,7,7,2,1,1,2,1,1,0,0,0
54018801,223,114,109,91,48,43,95,48,47,27,15,12,10,3,7,0,0,0
54018802,43,21,22,13,8,5,25,13,12,1,0,1,4,0,4,0,0,0
59838101,1238,1073,165,812,740,72,173,115,58,183,168,15,27,7,20,43,43,0
54021801,39,21,18,15,9,6,18,9,9,4,3,1,2,0,2,0,0,0
54021802,647,352,295,257,160,97,280,141,139,69,38,31,40,12,28,1,1,0
54021804,21,15,6,5,5,0,8,4,4,5,5,0,3,1,2,0,0,0
54021805,78,34,44,36,15,21,33,17,16,5,1,4,4,1,3,0,0,0
54021806,86,41,45,32,18,14,35,18,17,8,3,5,10,2,8,1,0,1
54021807,25,17,8,7,6,1,10,6,4,6,4,2,2,1,1,0,0,0
54021808,166,85,81,59,36,23,79,42,37,12,5,7,14,2,12,2,0,2
56450801,352,172,180,156,84,72,138,70,68,43,18,25,15,0,15,0,0,0
59840201,545,278,267,227,124,103,249,125,124,47,26,21,22,3,19,0,0,0
54024201,516,267,249,210,123,87,202,101,101,71,30,41,30,10,20,2,2,0
54024202,133,61,72,59,29,30,56,28,28,12,3,9,5,1,4,1,0,1
56460501,144,74,70,54,33,21,69,34,35,7,4,3,14,3,11,0,0,0
56425701,50,29,21,13,8,5,26,14,12,7,5,2,4,2,2,0,0,0
56425702,21,15,6,7,7,0,4,2,2,6,3,3,4,3,1,0,0,0
54028501,33,16,17,14,8,6,15,7,8,1,0,1,3,1,2,0,0,0
54028502,272,140,132,97,58,39,112,57,55,35,19,16,27,5,22,1,1,0
54028503,32,20,12,8,7,1,16,9,7,6,3,3,2,1,1,0,0,0
54028504,55,30,25,13,8,5,31,16,15,7,6,1,4,0,4,0,0,0
51358001,231,116,115,90,57,33,93,47,46,23,9,14,24,2,22,1,1,0
54031501,406,203,203,148,88,60,178,89,89,46,22,24,32,4,28,2,0,2
54031502,31,13,18,8,3,5,11,6,5,9,3,6,3,1,2,0,0,0
54031504,57,29,28,19,9,10,28,14,14,8,6,2,2,0,2,0,0,0
54031506,58,23,35,23,8,15,24,12,12,6,2,4,4,0,4,1,1,0
54031507,66,35,31,18,10,8,33,18,15,9,5,4,6,2,4,0,0,0
54031508,109,59,50,41,26,15,46,22,24,12,7,5,8,3,5,2,1,1
3224230,0,0,0,0,0,0,0,0,0,0,0,0,0,0,0,0,0,0
3224310,0,0,0,0,0,0,0,0,0,0,0,0,0,0,0,0,0,0
54032301,45,23,22,16,6,10,16,7,9,11,9,2,2,1,1,0,0,0
54032302,130,72,58,69,43,26,30,15,15,19,9,10,11,4,7,1,1,0
54032303,44,25,19,21,15,6,18,9,9,1,1,0,4,0,4,0,0,0
54032304,35,20,15,16,10,6,10,5,5,3,2,1,6,3,3,0,0,0
54032306,55,26,29,30,16,14,16,8,8,5,1,4,4,1,3,0,0,0
54032307,172,92,80,86,49,37,51,26,25,28,15,13,6,1,5,1,1,0
54032308,95,50,45,33,18,15,43,21,22,15,11,4,4,0,4,0,0,0
54032309,38,17,21,17,7,10,13,6,7,6,4,2,2,0,2,0,0,0
56424901,47,22,25,14,5,9,27,14,13,2,2,0,3,1,2,1,0,1
56424902,111,50,61,51,26,25,38,19,19,10,4,6,11,1,10,1,0,1
56424904,36,21,15,17,11,6,16,8,8,0,0,0,3,2,1,0,0,0
54035801,166,79,87,69,37,32,66,34,32,17,7,10,14,1,13,0,0,0
54035802,69,33,36,24,13,11,33,17,16,4,3,1,8,0,8,0,0,0
54037401,116,60,56,42,24,18,59,31,28,11,5,6,4,0,4,0,0,0
54037403,289,151,138,127,72,55,113,57,56,29,16,13,20,6,14,0,0,0
54039101,68,38,30,28,18,10,30,15,15,4,3,1,6,2,4,0,0,0
54039102,68,34,34,33,20,13,24,12,12,4,1,3,7,1,6,0,0,0
54039103,241,123,118,87,54,33,113,57,56,23,9,14,17,2,15,1,1,0
54039104,24,12,12,13,7,6,10,5,5,0,0,0,1,0,1,0,0,0
54039105,42,21,21,16,9,7,17,9,8,5,2,3,4,1,3,0,0,0
54039106,30,17,13,14,9,5,12,6,6,2,1,1,2,1,1,0,0,0
54039108,54,27,27,18,9,9,27,14,13,7,4,3,2,0,2,0,0,0
3302720,0,0,0,0,0,0,0,0,0,0,0,0,0,0,0,0,0,0
54040401,54,29,25,29,17,12,14,7,7,9,5,4,2,0,2,0,0,0
54040402,2040,1034,1006,939,525,414,727,367,360,246,118,128,123,20,103,3,2,1
54040403,112,58,54,44,27,17,52,27,25,9,3,6,7,1,6,0,0,0
54043901,589,299,290,247,138,109,232,118,114,69,34,35,40,8,32,1,1,0
54043902,124,63,61,56,30,26,53,27,26,8,5,3,7,1,6,0,0,0
54043903,40,21,19,23,13,10,9,4,5,8,4,4,0,0,0,0,0,0
54043904,89,47,42,34,21,13,41,21,20,10,4,6,4,1,3,0,0,0
54043905,104,58,46,38,28,10,49,25,24,10,4,6,7,1,6,0,0,0
54044702,21,9,12,5,3,2,9,4,5,2,1,1,5,1,4,0,0,0
54044703,261,140,121,106,62,44,122,64,58,21,12,9,12,2,10,0,0,0
54044707,47,27,20,13,10,3,23,11,12,7,6,1,4,0,4,0,0,0
54044708,39,15,24,15,5,10,16,8,8,4,1,3,4,1,3,0,0,0
54044709,31,16,15,15,8,7,14,7,7,2,1,1,0,0,0,0,0,0
54044710,43,24,19,21,11,10,16,11,5,2,1,1,4,1,3,0,0,0
59846101,274,148,126,114,74,40,123,63,60,18,8,10,18,3,15,1,0,1
59846102,46,21,25,14,8,6,21,11,10,3,1,2,7,0,7,1,1,0
59920401,67,32,35,27,12,15,27,15,12,5,3,2,8,2,6,0,0,0
59920402,63,29,34,26,14,12,24,11,13,6,2,4,7,2,5,0,0,0
0700092,0,0,0,0,0,0,0,0,0,0,0,0,0,0,0,0,0,0
54049801,38,19,19,17,12,5,14,7,7,5,0,5,2,0,2,0,0,0
54049802,958,484,474,404,231,173,363,180,183,105,54,51,86,19,67,0,0,0
54049803,103,51,52,53,31,22,23,11,12,18,9,9,9,0,9,0,0,0
54049804,46,25,21,19,12,7,25,13,12,1,0,1,1,0,1,0,0,0
54049805,64,37,27,23,17,6,35,18,17,1,1,0,5,1,4,0,0,0
54049807,42,20,22,12,6,6,24,12,12,1,1,0,5,1,4,0,0,0
54049808,47,23,24,16,8,8,22,11,11,5,4,1,4,0,4,0,0,0
51355501,204,101,103,88,47,41,84,42,42,18,11,7,14,1,13,0,0,0
52968101,122,63,59,51,30,21,41,21,20,15,11,4,15,1,14,0,0,0
54053601,21,12,9,5,3,2,8,4,4,6,4,2,2,1,1,0,0,0
54053604,359,184,175,154,89,65,134,69,65,40,21,19,29,3,26,0,0,0
54055201,27,13,14,9,5,4,16,8,8,1,0,1,1,0,1,0,0,0
54055202,790,402,388,339,188,151,324,164,160,74,36,38,52,14,38,1,0,1
54055203,22,11,11,7,3,4,9,5,4,5,3,2,1,0,1,0,0,0
54055205,26,10,16,13,3,10,11,6,5,2,1,1,0,0,0,0,0,0
54055207,36,20,16,14,9,5,18,9,9,3,2,1,1,0,1,0,0,0
54055208,37,23,14,11,8,3,19,12,7,3,2,1,2,0,2,2,1,1
54055209,20,9,11,7,4,3,10,5,5,1,0,1,2,0,2,0,0,0
54055210,47,23,24,15,8,7,23,11,12,2,1,1,7,3,4,0,0,0
54055211,26,8,18,13,4,9,8,4,4,1,0,1,4,0,4,0,0,0
54055214,60,32,28,25,16,9,30,15,15,1,0,1,4,1,3,0,0,0
54057901,20,11,9,7,4,3,12,6,6,1,1,0,0,0,0,0,0,0
54057902,172,89,83,72,39,33,71,37,34,17,11,6,11,2,9,1,0,1
3302990,0,0,0,0,0,0,0,0,0,0,0,0,0,0,0,0,0,0
54058701,148,73,75,53,29,24,68,34,34,18,10,8,9,0,9,0,0,0
3302210,0,0,0,0,0,0,0,0,0,0,0,0,0,0,0,0,0,0
54062501,579,288,291,223,116,107,256,129,127,53,31,22,47,12,35,0,0,0
56434601,216,113,103,90,52,38,82,42,40,30,17,13,14,2,12,0,0,0
51352101,210,106,104,83,40,43,98,50,48,23,12,11,6,4,2,0,0,0
59841101,496,242,254,202,108,94,212,107,105,50,24,26,32,3,29,0,0,0
54071401,641,326,315,269,154,115,277,136,141,52,31,21,42,4,38,1,1,0
54071402,424,212,212,175,92,83,192,98,94,36,18,18,21,4,17,0,0,0
54071403,65,33,32,29,15,14,30,15,15,2,1,1,4,2,2,0,0,0
54074901,24,13,11,6,4,2,10,5,5,4,3,1,4,1,3,0,0,0
54074902,67,39,28,30,20,10,26,13,13,5,4,1,6,2,4,0,0,0
54074903,189,101,88,78,49,29,55,28,27,33,18,15,23,6,17,0,0,0
54074904,20,11,9,5,2,3,8,4,4,4,4,0,3,1,2,0,0,0
54074905,22,10,12,5,2,3,8,4,4,4,3,1,5,1,4,0,0,0
54075701,63,27,36,22,7,15,25,13,12,13,7,6,3,0,3,0,0,0
54075702,219,114,105,93,55,38,96,47,49,15,7,8,15,5,10,0,0,0
54075703,96,54,42,54,32,22,27,14,13,9,7,2,6,1,5,0,0,0
54075704,21,9,12,10,4,6,10,5,5,1,0,1,0,0,0,0,0,0
54075705,1625,789,836,690,362,328,643,323,320,179,79,100,113,25,88,0,0,0
54075706,34,15,19,15,7,8,11,5,6,7,3,4,1,0,1,0,0,0
54075707,63,32,31,24,15,9,21,10,11,10,7,3,8,0,8,0,0,0
59975101,99,52,47,49,30,19,34,17,17,9,4,5,7,1,6,0,0,0
54078101,42,20,22,14,10,4,23,10,13,0,0,0,5,0,5,0,0,0
54078102,92,52,40,37,26,11,33,17,16,17,6,11,5,3,2,0,0,0
54078103,455,226,229,210,111,99,173,85,88,46,24,22,26,6,20,0,0,0
54078104,60,31,29,24,12,12,23,13,10,8,4,4,5,2,3,0,0,0
54078105,186,102,84,85,54,31,74,36,38,14,8,6,13,4,9,0,0,0
3212061,0,0,0,0,0,0,0,0,0,0,0,0,0,0,0,0,0,0
3212062,0,0,0,0,0,0,0,0,0,0,0,0,0,0,0,0,0,0
54079001,370,195,175,165,90,75,148,74,74,41,24,17,15,6,9,1,1,0
54079002,122,51,71,63,21,42,34,17,17,15,11,4,10,2,8,0,0,0
54079004,58,30,28,25,16,9,20,10,10,8,2,6,5,2,3,0,0,0
54079005,42,23,19,22,12,10,15,7,8,1,1,0,3,2,1,1,1,0
56447801,40,19,21,16,8,8,18,9,9,3,2,1,3,0,3,0,0,0
56447802,230,120,110,97,54,43,92,46,46,25,16,9,16,4,12,0,0,0
1019233,0,0,0,0,0,0,0,0,0,0,0,0,0,0,0,0,0,0
1019235,0,0,0,0,0,0,0,0,0,0,0,0,0,0,0,0,0,0
54081101,45,21,24,19,7,12,16,9,7,8,5,3,2,0,2,0,0,0
54081103,505,258,247,190,100,90,225,118,107,52,28,24,34,8,26,4,4,0
54081104,57,27,30,17,11,6,29,13,16,6,3,3,5,0,5,0,0,0
54081105,141,75,66,56,32,24,65,33,32,10,6,4,10,4,6,0,0,0
54082001,53,27,26,19,10,9,28,14,14,3,3,0,3,0,3,0,0,0
54082002,59,32,27,26,17,9,18,9,9,8,5,3,7,1,6,0,0,0
54082003,199,100,99,81,43,38,86,45,41,13,8,5,19,4,15,0,0,0
54082004,58,25,33,23,10,13,26,13,13,3,2,1,6,0,6,0,0,0
54082006,54,28,26,18,11,7,31,15,16,3,2,1,2,0,2,0,0,0
54082009,40,21,19,22,13,9,15,8,7,2,0,2,1,0,1,0,0,0
54084601,30,17,13,14,10,4,14,7,7,0,0,0,2,0,2,0,0,0
54084602,31,15,16,18,11,7,6,3,3,3,1,2,4,0,4,0,0,0
54084603,41,22,19,17,10,7,20,10,10,1,1,0,3,1,2,0,0,0
54084604,43,22,21,21,9,12,16,10,6,1,1,0,4,2,2,1,0,1
54084605,20,11,9,10,6,4,6,3,3,1,1,0,3,1,2,0,0,0
54084606,54,30,24,22,13,9,27,13,14,4,4,0,1,0,1,0,0,0
54084608,32,13,19,17,7,10,13,6,7,0,0,0,2,0,2,0,0,0
54084609,58,31,27,22,15,7,26,13,13,5,2,3,5,1,4,0,0,0
54084610,208,105,103,95,53,42,83,42,41,17,7,10,13,3,10,0,0,0
54084611,53,27,26,19,11,8,27,13,14,4,3,1,3,0,3,0,0,0
54084612,20,9,11,6,3,3,12,6,6,1,0,1,1,0,1,0,0,0
54084614,46,25,21,16,9,7,26,13,13,1,1,0,3,2,1,0,0,0
3302050,0,0,0,0,0,0,0,0,0,0,0,0,0,0,0,0,0,0
56452401,188,95,93,74,40,34,81,40,41,19,12,7,14,3,11,0,0,0
56452402,45,22,23,20,13,7,12,6,6,6,3,3,7,0,7,0,0,0
56422201,49,29,20,18,13,5,17,10,7,9,5,4,5,1,4,0,0,0
54088902,100,46,54,45,20,25,42,21,21,11,5,6,2,0,2,0,0,0
54088903,21,12,9,8,6,2,6,3,3,7,3,4,0,0,0,0,0,0
54088904,456,219,237,228,109,119,183,91,92,38,17,21,3,1,2,4,1,3
54088905,110,49,61,49,27,22,23,12,11,27,10,17,11,0,11,0,0,0
54088906,879,436,443,386,203,183,376,187,189,79,37,42,37,9,28,1,0,1
54089701,40,20,20,21,13,8,10,5,5,4,1,3,5,1,4,0,0,0
54089702,62,36,26,21,14,7,28,14,14,9,8,1,4,0,4,0,0,0
54089703,83,40,43,39,20,19,24,12,12,15,7,8,5,1,4,0,0,0
54089704,114,58,56,48,26,22,47,24,23,10,5,5,9,3,6,0,0,0
54090101,31,15,16,12,9,3,13,6,7,2,0,2,4,0,4,0,0,0
54090102,206,104,102,89,48,41,83,42,41,19,11,8,13,2,11,2,1,1
54090103,82,47,35,27,16,11,45,24,21,6,5,1,4,2,2,0,0,0
54090105,1010,494,516,443,248,195,373,185,188,119,50,69,72,11,61,3,0,3
54090106,311,157,154,126,71,55,132,65,67,30,15,15,22,5,17,1,1,0
54090107,367,182,185,149,82,67,166,85,81,25,10,15,26,4,22,1,1,0
51357101,193,95,98,72,39,33,95,47,48,16,8,8,10,1,9,0,0,0
54093502,1102,571,531,453,278,175,422,212,210,131,60,71,90,16,74,5,4,1
54093503,106,52,54,40,21,19,40,19,21,13,8,5,12,3,9,1,1,0
54094301,254,131,123,97,60,37,110,55,55,32,16,16,15,0,15,0,0,0
54095101,53,23,30,18,9,9,25,13,12,3,1,2,7,0,7,0,0,0
54095102,660,353,307,281,181,100,275,139,136,64,29,35,39,4,35,1,0,1
3302810,0,0,0,0,0,0,0,0,0,0,0,0,0,0,0,0,0,0
54096001,270,139,131,108,64,44,125,62,63,19,10,9,17,3,14,0,0,0
54096002,41,25,16,14,11,3,14,7,7,12,7,5,1,0,1,0,0,0
59847001,201,108,93,83,51,32,76,39,37,24,14,10,18,4,14,0,0,0
59847003,41,22,19,14,10,4,17,9,8,4,3,1,6,0,6,0,0,0
59837201,141,72,69,59,32,27,66,33,33,10,6,4,6,1,5,0,0,0
54101001,35,19,16,12,10,2,18,8,10,3,1,2,2,0,2,0,0,0
54101002,97,45,52,50,23,27,31,16,15,9,4,5,7,2,5,0,0,0
54101003,102,51,51,44,21,23,49,24,25,5,4,1,4,2,2,0,0,0
54102801,33,19,14,14,9,5,15,8,7,3,2,1,1,0,1,0,0,0
54102802,51,27,24,17,10,7,27,14,13,2,1,1,5,2,3,0,0,0
54102803,214,116,98,91,57,34,95,49,46,13,8,5,14,2,12,1,0,1
54102804,50,11,39,7,2,5,14,7,7,4,1,3,25,1,24,0,0,0
54102805,44,23,21,20,10,10,16,8,8,6,4,2,2,1,1,0,0,0
54104401,51,27,24,22,12,10,24,13,11,3,1,2,2,1,1,0,0,0
54104402,83,41,42,38,20,18,38,19,19,2,2,0,5,0,5,0,0,0
54104403,27,18,9,11,9,2,13,6,7,2,2,0,1,1,0,0,0,0
54104404,41,23,18,22,14,8,14,7,7,3,2,1,2,0,2,0,0,0
54104406,37,21,16,12,8,4,22,11,11,1,1,0,2,1,1,0,0,0
54104407,82,46,36,34,23,11,36,19,17,5,2,3,7,2,5,0,0,0
54104410,659,326,333,265,149,116,272,135,137,69,32,37,52,10,42,1,0,1
54104412,46,27,19,17,12,5,20,10,10,4,3,1,5,2,3,0,0,0
54104413,33,16,17,16,8,8,12,6,6,4,2,2,1,0,1,0,0,0
54104414,27,15,12,15,9,6,9,5,4,1,1,0,2,0,2,0,0,0
54104416,75,43,32,33,22,11,35,18,17,4,3,1,3,0,3,0,0,0
54104417,79,40,39,25,16,9,34,17,17,9,5,4,11,2,9,0,0,0
54104418,36,23,13,16,12,4,17,9,8,2,2,0,1,0,1,0,0,0
54104420,36,20,16,14,11,3,16,8,8,2,1,1,4,0,4,0,0,0
54105202,139,60,79,50,21,29,67,34,33,11,3,8,11,2,9,0,0,0
54105203,506,262,244,219,131,88,224,112,112,35,13,22,28,6,22,0,0,0
56421401,99,51,48,41,21,20,51,28,23,6,2,4,1,0,1,0,0,0
54108702,289,155,134,106,68,38,140,70,70,29,16,13,14,1,13,0,0,0
54108703,43,24,19,22,15,7,12,6,6,5,3,2,4,0,4,0,0,0
54108704,42,22,20,18,11,7,15,8,7,4,2,2,5,1,4,0,0,0
54108705,148,73,75,51,27,24,81,40,41,7,6,1,9,0,9,0,0,0
56448601,213,105,108,93,49,44,100,50,50,14,5,9,6,1,5,0,0,0
56448602,158,74,84,57,28,29,78,38,40,14,7,7,9,1,8,0,0,0
56448603,695,359,336,263,157,106,317,160,157,64,30,34,50,11,39,1,1,0
54113302,47,30,17,21,17,4,16,8,8,4,3,1,6,2,4,0,0,0
54113303,81,39,42,35,19,16,33,17,16,6,1,5,7,2,5,0,0,0
54113304,143,66,77,68,28,40,50,26,24,18,10,8,7,2,5,0,0,0
54113305,130,58,72,60,30,30,44,20,24,15,6,9,11,2,9,0,0,0
54113306,104,51,53,42,24,18,50,24,26,5,1,4,7,2,5,0,0,0
3080130,0,0,0,0,0,0,0,0,0,0,0,0,0,0,0,0,0,0
3211682,0,0,0,0,0,0,0,0,0,0,0,0,0,0,0,0,0,0
3342940,0,0,0,0,0,0,0,0,0,0,0,0,0,0,0,0,0,0
53991103,111,51,60,42,26,16,38,18,20,15,6,9,16,1,15,0,0,0
53991104,24,12,12,7,3,4,12,6,6,3,2,1,2,1,1,0,0,0
53991105,43,24,19,18,11,7,14,7,7,8,6,2,3,0,3,0,0,0
53991106,100,51,49,40,19,21,46,23,23,11,7,4,3,2,1,0,0,0
53991107,46,27,19,18,11,7,17,10,7,10,6,4,1,0,1,0,0,0
53991108,180,98,82,74,43,31,81,41,40,16,9,7,7,3,4,2,2,0
53991109,53,24,29,26,13,13,21,11,10,5,0,5,1,0,1,0,0,0
53991110,62,31,31,35,18,17,24,12,12,3,1,2,0,0,0,0,0,0
53991111,22,9,13,6,1,5,7,4,3,7,3,4,2,1,1,0,0,0
53991112,203,107,96,84,50,34,87,43,44,22,13,9,10,1,9,0,0,0
53991113,311,155,156,123,70,53,147,70,77,30,14,16,11,1,10,0,0,0
53991114,531,254,277,195,96,99,264,130,134,45,24,21,25,4,21,0,0,0
53991115,32,16,16,15,8,7,16,8,8,0,0,0,1,0,1,0,0,0
53991117,1018,660,358,543,391,152,164,89,75,261,171,90,44,4,40,6,5,1
53991118,315,161,154,131,72,59,107,56,51,60,30,30,17,3,14,0,0,0
53991119,1035,475,560,419,221,198,346,173,173,159,63,96,102,16,86,7,2,5
53991120,93,56,37,39,28,11,26,15,11,20,11,9,3,0,3,5,2,3
53991122,1302,618,684,503,269,234,569,279,290,127,53,74,101,17,84,0,0,0
53991125,786,387,399,359,193,166,281,142,139,93,43,50,50,7,43,3,2,1
53991126,436,204,232,172,86,86,191,94,97,43,22,21,30,2,28,0,0,0
53991127,1272,593,679,513,263,250,468,239,229,190,73,117,93,11,82,8,7,1
53991128,1778,804,974,700,370,330,640,319,321,282,93,189,149,18,131,4,1,3
53991129,20,12,8,7,5,2,12,6,6,0,0,0,1,1,0,0,0,0
53991130,617,293,324,300,146,154,195,101,94,92,41,51,26,2,24,4,3,1
53991131,1013,464,549,411,217,194,357,177,180,162,61,101,81,8,73,2,1,1
53991132,426,206,220,159,85,74,217,107,110,24,8,16,25,6,19,0,0,0
53991133,256,129,127,97,53,44,125,63,62,28,10,18,5,2,3,1,1,0
53991134,330,161,169,117,63,54,175,89,86,22,7,15,16,2,14,0,0,0
53991135,354,179,175,137,81,56,160,79,81,34,13,21,22,6,16,1,0,1
53991137,168,86,82,70,39,31,85,42,43,9,3,6,4,2,2,0,0,0
53991138,132,65,67,54,26,28,39,25,14,34,14,20,5,0,5,0,0,0
53991139,2253,1084,1169,903,500,403,880,435,445,353,129,224,108,16,92,5,2,3
53991141,387,184,203,118,63,55,198,98,100,43,20,23,28,3,25,0,0,0
53991142,88,47,41,49,27,22,26,13,13,11,7,4,2,0,2,0,0,0
53991143,1229,613,616,516,292,224,435,217,218,163,86,77,114,18,96,1,0,1
53991145,261,138,123,143,88,55,67,32,35,33,13,20,17,4,13,1,1,0
53991146,3906,1814,2092,1738,945,793,1168,579,589,678,236,442,309,49,260,13,5,8
53991147,3413,1577,1836,1515,798,717,1060,520,540,542,215,327,282,35,247,14,9,5
53991148,943,444,499,334,189,145,354,178,176,146,56,90,105,18,87,4,3,1
53991149,1612,755,857,711,386,325,564,280,284,223,77,146,109,11,98,5,1,4
53991150,1709,820,889,664,372,292,605,302,303,272,111,161,157,29,128,11,6,5
53991152,1792,804,988,627,354,273,639,316,323,289,98,191,221,29,192,11,7,4
53991153,708,327,381,255,144,111,258,127,131,121,45,76,72,10,62,2,1,1
53991154,341,167,174,126,66,60,157,79,78,33,16,17,25,6,19,0,0,0
51354701,343,165,178,149,77,72,137,69,68,37,17,20,17,1,16,3,1,2
56438902,174,101,73,65,45,20,84,44,40,17,9,8,7,3,4,1,0,1
59848802,154,75,79,69,37,32,56,28,28,18,9,9,11,1,10,0,0,0
59848805,63,28,35,25,11,14,26,13,13,5,3,2,7,1,6,0,0,0
54120601,447,229,218,184,114,70,167,84,83,53,25,28,42,6,36,1,0,1
54120602,301,153,148,128,70,58,125,63,62,27,15,12,20,4,16,1,1,0
54120603,77,41,36,31,17,14,35,17,18,6,5,1,5,2,3,0,0,0
3344130,0,0,0,0,0,0,0,0,0,0,0,0,0,0,0,0,0,0
54123101,78,38,40,20,10,10,40,21,19,10,7,3,8,0,8,0,0,0
54123102,32,15,17,9,5,4,16,8,8,3,2,1,4,0,4,0,0,0
54123103,27,14,13,12,5,7,14,8,6,1,1,0,0,0,0,0,0,0
54123104,209,108,101,85,50,35,90,43,47,22,12,10,12,3,9,0,0,0
54123105,43,23,20,13,7,6,20,10,10,5,3,2,4,2,2,0,0,0
54123108,370,196,174,159,100,59,149,75,74,28,16,12,34,5,29,0,0,0
54123109,95,48,47,32,18,14,46,23,23,13,7,6,4,0,4,0,0,0
54123110,179,92,87,77,43,34,73,38,35,11,4,7,18,7,11,0,0,0
54123111,48,25,23,27,15,12,18,9,9,2,1,1,1,0,1,0,0,0
54123115,129,59,70,67,34,33,35,17,18,19,7,12,8,1,7,0,0,0
54123116,662,330,332,276,162,114,225,111,114,102,50,52,58,7,51,1,0,1
54123117,1308,629,679,541,308,233,503,251,252,168,55,113,94,13,81,2,2,0
54123118,851,401,450,258,158,100,342,172,170,96,44,52,150,23,127,5,4,1
54123119,120,60,60,49,24,25,57,31,26,7,3,4,7,2,5,0,0,0
54123120,34,20,14,9,7,2,23,12,11,2,1,1,0,0,0,0,0,0
54125701,85,34,51,36,14,22,37,18,19,6,2,4,6,0,6,0,0,0
54125702,54,28,26,16,9,7,32,17,15,1,0,1,5,2,3,0,0,0
54125703,27,14,13,8,5,3,14,7,7,2,1,1,3,1,2,0,0,0
54125704,292,151,141,131,74,57,121,61,60,29,15,14,11,1,10,0,0,0
3302560,0,0,0,0,0,0,0,0,0,0,0,0,0,0,0,0,0,0
54127301,218,109,109,81,48,33,99,50,49,22,11,11,16,0,16,0,0,0
1465790,0,0,0,0,0,0,0,0,0,0,0,0,0,0,0,0,0,0
1466090,0,0,0,0,0,0,0,0,0,0,0,0,0,0,0,0,0,0
1466170,0,0,0,0,0,0,0,0,0,0,0,0,0,0,0,0,0,0
54128101,80,42,38,33,22,11,30,17,13,9,2,7,8,1,7,0,0,0
54128102,35,19,16,14,9,5,15,7,8,3,1,2,3,2,1,0,0,0
54128103,105,58,47,43,29,14,49,26,23,5,2,3,8,1,7,0,0,0
54128104,85,41,44,35,18,17,37,19,18,6,4,2,7,0,7,0,0,0
54128105,24,9,15,9,2,7,13,7,6,1,0,1,1,0,1,0,0,0
54128106,204,104,100,87,51,36,86,43,43,16,9,7,14,1,13,1,0,1
54128107,89,52,37,36,25,11,34,18,16,15,9,6,4,0,4,0,0,0
54128108,31,17,14,9,6,3,20,10,10,0,0,0,1,0,1,0,0,0
54128109,89,46,43,37,24,13,36,17,19,2,0,2,14,5,9,0,0,0
54128111,1521,643,878,533,291,242,455,226,229,257,82,175,267,40,227,8,3,5
54128113,132,62,70,65,37,28,34,18,16,27,7,20,5,0,5,1,0,1
54128114,30,14,16,16,9,7,8,4,4,6,1,5,0,0,0,0,0,0
54128115,246,123,123,97,50,47,114,58,56,18,11,7,17,4,13,0,0,0
54128116,839,414,425,378,210,168,283,142,141,117,47,70,59,13,46,2,2,0
54128117,537,258,279,189,102,87,273,133,140,32,13,19,39,10,29,1,0,1
54128118,26,12,14,12,5,7,7,3,4,5,3,2,2,1,1,0,0,0
54128119,1089,521,568,411,230,181,454,225,229,128,48,80,92,15,77,4,3,1
54128120,184,97,87,81,44,37,76,38,38,14,10,4,12,4,8,0,0,0
54128121,271,132,139,94,56,38,133,66,67,13,6,7,31,4,27,0,0,0
54128122,1256,580,676,520,276,244,462,228,234,166,63,103,104,11,93,4,2,2
53057301,57,35,22,24,17,7,27,14,13,5,4,1,1,0,1,0,0,0
53057302,84,41,43,32,16,16,34,17,17,11,6,5,7,2,5,0,0,0
53057303,74,39,35,26,16,10,42,21,21,1,1,0,5,1,4,0,0,0
53057304,50,25,25,18,9,9,28,14,14,2,1,1,2,1,1,0,0,0
53057305,62,31,31,24,13,11,31,16,15,4,1,3,2,1,1,0,0,0
53057306,50,26,24,18,10,8,20,10,10,6,4,2,6,2,4,0,0,0
53057307,26,11,15,11,6,5,10,5,5,1,0,1,4,0,4,0,0,0
53057308,50,27,23,17,13,4,21,11,10,5,2,3,7,1,6,0,0,0
53057309,124,72,52,51,37,14,58,29,29,8,5,3,7,1,6,0,0,0
53057310,27,14,13,15,9,6,4,2,2,6,3,3,2,0,2,0,0,0
53057311,44,23,21,15,10,5,20,10,10,5,3,2,4,0,4,0,0,0
53057312,125,65,60,53,29,24,55,28,27,8,5,3,7,1,6,0,0,0
53057313,32,15,17,10,4,6,18,9,9,3,2,1,1,0,1,0,0,0
53057314,69,36,33,26,16,10,36,18,18,2,1,1,5,1,4,0,0,0
53057315,31,18,13,12,8,4,14,7,7,2,2,0,3,1,2,0,0,0
53057316,33,18,15,12,6,6,16,8,8,4,3,1,1,1,0,0,0,0
53057317,21,9,12,11,4,7,9,5,4,0,0,0,1,0,1,0,0,0
53057319,157,75,82,81,43,38,54,27,27,10,5,5,12,0,12,0,0,0
53057320,41,23,18,11,8,3,18,10,8,4,3,1,6,1,5,2,1,1
53057321,34,17,17,19,9,10,9,5,4,3,2,1,3,1,2,0,0,0
53057322,35,15,20,15,7,8,14,7,7,1,0,1,5,1,4,0,0,0
53057323,608,285,323,214,125,89,237,119,118,45,21,24,110,20,90,2,0,2
53057324,1008,520,488,425,263,162,396,196,200,97,40,57,90,21,69,0,0,0
53057326,41,20,21,11,7,4,19,10,9,3,1,2,8,2,6,0,0,0
53057327,34,20,14,10,7,3,16,9,7,5,2,3,1,0,1,0,0,0
53057332,42,20,22,22,11,11,18,9,9,2,0,2,0,0,0,0,0,0
53057333,33,17,16,12,5,7,12,6,6,5,4,1,4,2,2,0,0,0
56463001,113,52,61,29,16,13,55,28,27,17,8,9,12,0,12,0,0,0
56463002,50,23,27,21,9,12,14,7,7,11,6,5,4,1,3,0,0,0
56463003,100,53,47,45,29,16,39,20,19,11,3,8,5,1,4,0,0,0
54131101,109,54,55,42,20,22,51,26,25,9,8,1,7,0,7,0,0,0
54131102,31,13,18,14,5,9,10,5,5,3,2,1,4,1,3,0,0,0
54131103,74,39,35,25,16,9,40,20,20,6,2,4,3,1,2,0,0,0
54131104,41,20,21,17,8,9,17,9,8,4,2,2,3,1,2,0,0,0
1523820,0,0,0,0,0,0,0,0,0,0,0,0,0,0,0,0,0,0
54132001,349,171,178,149,76,73,86,42,44,75,42,33,36,9,27,3,2,1
54132002,34,14,20,16,6,10,12,6,6,2,2,0,4,0,4,0,0,0
54133801,1587,787,800,692,378,314,613,310,303,170,74,96,103,20,83,7,3,4
56458301,130,62,68,60,32,28,45,22,23,17,7,10,8,1,7,0,0,0
54137101,94,51,43,46,26,20,39,20,19,4,3,1,5,2,3,0,0,0
54137102,304,144,160,121,58,63,135,67,68,32,17,15,15,1,14,1,1,0
54138901,144,68,76,61,29,32,66,32,34,9,4,5,8,3,5,0,0,0
54138902,22,12,10,8,5,3,9,5,4,4,2,2,1,0,1,0,0,0
54138903,362,182,180,149,83,66,161,81,80,30,13,17,18,2,16,4,3,1
1601482,0,0,0,0,0,0,0,0,0,0,0,0,0,0,0,0,0,0
54139701,46,24,22,20,12,8,23,12,11,0,0,0,3,0,3,0,0,0
54139703,112,61,51,38,26,12,51,25,26,14,9,5,9,1,8,0,0,0
54139704,64,38,26,23,16,7,31,16,15,7,5,2,3,1,2,0,0,0
54139706,218,107,111,95,53,42,92,45,47,17,7,10,13,2,11,1,0,1
54139707,30,16,14,7,6,1,12,7,5,6,3,3,5,0,5,0,0,0
54139708,50,23,27,17,8,9,26,13,13,3,1,2,4,1,3,0,0,0
54139709,78,40,38,35,19,16,29,15,14,7,4,3,5,2,3,2,0,2
54139710,84,60,24,64,52,12,12,6,6,5,1,4,3,1,2,0,0,0
56427302,101,53,48,36,20,16,50,25,25,5,4,1,10,4,6,0,0,0
54141901,21,9,12,7,2,5,12,6,6,1,1,0,1,0,1,0,0,0
54141902,63,30,33,30,14,16,26,13,13,6,3,3,1,0,1,0,0,0
54141903,154,86,68,75,47,28,61,32,29,11,7,4,7,0,7,0,0,0
54141904,93,45,48,37,19,18,40,21,19,11,5,6,5,0,5,0,0,0
54141905,23,11,12,8,5,3,11,5,6,2,1,1,2,0,2,0,0,0
52966401,51,24,27,32,15,17,10,6,4,7,2,5,2,1,1,0,0,0
54142701,79,43,36,36,22,14,28,14,14,11,7,4,4,0,4,0,0,0
54142702,50,25,25,19,10,9,23,11,12,5,3,2,3,1,2,0,0,0
54142703,486,254,232,185,110,75,207,106,101,55,30,25,39,8,31,0,0,0
59842901,438,230,208,170,99,71,210,106,104,33,20,13,23,5,18,1,0,1
54145101,267,136,131,123,66,57,90,44,46,38,21,17,15,5,10,1,0,1
59833001,88,42,46,35,20,15,40,19,21,9,3,6,4,0,4,0,0,0
59833002,22,9,13,14,5,9,4,2,2,2,1,1,2,1,1,0,0,0
51353901,197,95,102,74,41,33,77,39,38,26,11,15,19,4,15,1,0,1
3301910,0,0,0,0,0,0,0,0,0,0,0,0,0,0,0,0,0,0
54150801,166,83,83,59,31,28,81,41,40,18,10,8,8,1,7,0,0,0
54150802,510,269,241,214,131,83,200,99,101,65,33,32,30,6,24,0,0,0
54151601,580,279,301,229,122,107,252,125,127,65,26,39,33,6,27,1,0,1
54151602,82,45,37,36,23,13,34,17,17,9,5,4,3,0,3,0,0,0
54152401,205,98,107,72,38,34,104,52,52,12,5,7,16,3,13,1,0,1
54152402,36,21,15,8,6,2,20,11,9,5,3,2,3,1,2,0,0,0
54152403,112,64,48,49,31,18,47,24,23,8,6,2,7,3,4,1,0,1
54154101,656,333,323,272,148,124,267,141,126,73,37,36,42,6,36,2,1,1
54154102,102,53,49,40,18,22,37,19,18,14,9,5,3,0,3,4,3,1
56436201,21,10,11,8,4,4,12,6,6,1,0,1,0,0,0,0,0,0
56436202,76,40,36,23,14,9,40,20,20,6,4,2,7,2,5,0,0,0
56436203,50,21,29,22,9,13,20,10,10,5,2,3,3,0,3,0,0,0
3302130,0,0,0,0,0,0,0,0,0,0,0,0,0,0,0,0,0,0
54156701,297,145,152,124,71,53,113,56,57,34,15,19,25,2,23,0,0,0
59843701,133,70,63,42,28,14,60,32,28,20,9,11,11,1,10,0,0,0
54158301,346,166,180,127,66,61,167,84,83,28,13,15,24,3,21,0,0,0
54159101,124,65,59,54,30,24,52,27,25,6,4,2,12,4,8,0,0,0
54159102,20,11,9,6,4,2,9,5,4,2,1,1,3,1,2,0,0,0
54159103,100,56,44,44,30,14,46,23,23,6,3,3,4,0,4,0,0,0
54159104,36,18,18,12,8,4,15,8,7,7,2,5,2,0,2,0,0,0
54159105,371,191,180,156,100,56,154,76,78,29,10,19,31,4,27,1,1,0
54159107,144,72,72,50,32,18,56,29,27,19,8,11,18,2,16,1,1,0
54161301,273,143,130,114,75,39,107,52,55,23,10,13,29,6,23,0,0,0
54161302,28,14,14,11,6,5,9,5,4,6,3,3,2,0,2,0,0,0
56432001,126,61,65,42,20,22,63,32,31,15,8,7,5,1,4,1,0,1
51351202,289,149,140,121,74,47,129,64,65,22,9,13,17,2,15,0,0,0
51351203,34,17,17,7,6,1,19,10,9,2,0,2,6,1,5,0,0,0
56433801,79,38,41,27,16,11,33,17,16,7,3,4,12,2,10,0,0,0
56542301,75,36,39,31,17,14,29,15,14,8,3,5,7,1,6,0,0,0
54167203,207,96,111,67,36,31,105,51,54,13,8,5,22,1,21,0,0,0
56504101,121,70,51,49,33,16,52,27,25,12,8,4,8,2,6,0,0,0
54169901,697,354,343,286,165,121,288,145,143,73,34,39,47,9,38,3,1,2
54169902,20,12,8,7,4,3,10,6,4,3,2,1,0,0,0,0,0,0
54169904,28,16,12,8,6,2,10,5,5,5,5,0,5,0,5,0,0,0
54169906,26,15,11,16,10,6,6,4,2,4,1,3,0,0,0,0,0,0
54169907,27,17,10,6,4,2,12,6,6,7,6,1,2,1,1,0,0,0
54169909,20,11,9,10,5,5,6,3,3,3,2,1,1,1,0,0,0,0
54169910,63,34,29,19,12,7,26,13,13,10,4,6,8,5,3,0,0,0
56518101,93,49,44,47,26,21,21,11,10,20,12,8,5,0,5,0,0,0
56518102,42,22,20,15,9,6,17,9,8,5,2,3,5,2,3,0,0,0
56518103,77,41,36,38,20,18,27,13,14,6,4,2,5,3,2,1,1,0
52971101,38,22,16,6,3,3,23,12,11,8,7,1,1,0,1,0,0,0
52971103,24,11,13,7,2,5,8,4,4,7,4,3,2,1,1,0,0,0
54172901,399,188,211,167,83,84,136,70,66,65,29,36,30,5,25,1,1,0
54173701,84,41,43,26,12,14,47,25,22,7,4,3,4,0,4,0,0,0
54173703,276,147,129,130,77,53,90,45,45,36,17,19,19,7,12,1,1,0
54173704,38,22,16,18,11,7,15,8,7,4,3,1,1,0,1,0,0,0
54173705,50,32,18,20,16,4,20,11,9,8,4,4,2,1,1,0,0,0
56520201,69,37,32,16,11,5,39,20,19,8,6,2,6,0,6,0,0,0
54176101,117,62,55,42,27,15,40,20,20,25,12,13,10,3,7,0,0,0
54176103,26,14,12,12,6,6,10,5,5,4,3,1,0,0,0,0,0,0
54176104,48,24,24,15,6,9,21,11,10,9,7,2,3,0,3,0,0,0
54176106,29,14,15,7,3,4,17,9,8,2,2,0,3,0,3,0,0,0
54176107,28,15,13,11,8,3,14,7,7,0,0,0,3,0,3,0,0,0
54177001,571,280,291,236,138,98,227,113,114,59,21,38,47,8,39,2,0,2
56533401,98,46,52,42,19,23,34,17,17,9,6,3,13,4,9,0,0,0
56533402,46,22,24,25,11,14,10,5,5,6,3,3,5,3,2,0,0,0
54181801,578,293,285,243,140,103,224,111,113,69,33,36,40,8,32,2,1,1
54181802,55,28,27,25,13,12,24,12,12,3,2,1,3,1,2,0,0,0
56527001,140,74,66,46,32,14,62,30,32,24,11,13,8,1,7,0,0,0
54183402,39,23,16,20,12,8,12,7,5,4,3,1,3,1,2,0,0,0
54183403,1473,711,762,659,345,314,534,270,264,178,78,100,95,16,79,7,2,5
54183404,24,13,11,4,3,1,11,5,6,4,3,1,5,2,3,0,0,0
54183405,51,30,21,16,11,5,25,13,12,5,4,1,5,2,3,0,0,0
54183407,30,18,12,10,7,3,15,8,7,4,2,2,1,1,0,0,0,0
56544001,91,47,44,35,22,13,40,20,20,9,4,5,7,1,6,0,0,0
56544002,24,16,8,9,7,2,10,5,5,3,3,0,2,1,1,0,0,0
56528801,129,68,61,55,33,22,52,26,26,13,8,5,8,1,7,1,0,1
54187701,962,482,480,394,214,180,384,193,191,121,61,60,60,12,48,3,2,1
56519901,135,73,62,56,37,19,60,29,31,10,5,5,9,2,7,0,0,0
54189301,28,11,17,14,5,9,11,6,5,2,0,2,1,0,1,0,0,0
54189302,761,356,405,315,170,145,264,132,132,99,45,54,80,8,72,3,1,2
54189303,50,30,20,25,18,7,20,9,11,4,3,1,1,0,1,0,0,0
54190701,512,267,245,247,141,106,174,87,87,63,29,34,26,8,18,1,1,0
56538501,96,51,45,38,24,14,38,21,17,9,5,4,11,1,10,0,0,0
56535101,136,73,63,56,38,18,61,29,32,14,6,8,5,0,5,0,0,0
56536901,48,23,25,20,11,9,18,9,9,6,3,3,4,0,4,0,0,0
56536902,24,14,10,9,6,3,7,3,4,6,4,2,2,1,1,0,0,0
54194001,280,147,133,131,80,51,107,53,54,26,10,16,15,3,12,1,1,0
59850001,110,57,53,41,21,20,45,23,22,13,9,4,11,4,7,0,0,0
54196601,437,220,217,174,101,73,173,87,86,54,27,27,35,4,31,1,1,0
54197401,586,307,279,244,151,93,224,112,112,62,30,32,52,13,39,3,0,3
54198201,35,14,21,17,7,10,11,5,6,5,2,3,2,0,2,0,0,0
54198202,165,90,75,72,46,26,54,27,27,26,14,12,12,2,10,1,1,0
54198203,53,26,27,19,9,10,19,10,9,13,6,7,2,1,1,0,0,0
54198204,405,193,212,155,80,75,160,79,81,58,25,33,31,8,23,1,1,0
54198205,25,12,13,13,7,6,10,5,5,2,0,2,0,0,0,0,0,0
54200801,90,49,41,35,24,11,32,17,15,12,6,6,11,2,9,0,0,0
54200802,28,16,12,8,7,1,10,5,5,9,4,5,1,0,1,0,0,0
54201601,649,320,329,273,151,122,270,135,135,60,27,33,45,6,39,1,1,0
54203201,974,507,467,411,236,175,411,207,204,102,54,48,46,9,37,4,1,3
54203202,53,23,30,20,10,10,21,11,10,6,1,5,6,1,5,0,0,0
54204102,1275,644,631,540,307,233,497,252,245,128,62,66,110,23,87,0,0,0
54204104,653,299,354,256,126,130,266,132,134,84,34,50,45,5,40,2,2,0
56537701,90,50,40,40,27,13,38,19,19,6,4,2,5,0,5,1,0,1
54206702,425,220,205,170,102,68,163,82,81,51,27,24,35,6,29,4,1,3
54207501,220,106,114,80,42,38,90,45,45,31,16,15,17,2,15,2,1,1
54207502,66,31,35,28,13,15,25,12,13,7,4,3,6,2,4,0,0,0
56546601,135,74,61,53,37,16,49,27,22,19,6,13,10,2,8,0,0,0
56546602,59,33,26,24,16,8,25,13,12,7,4,3,3,0,3,0,0,0
54210501,853,419,434,332,184,148,338,167,171,118,56,62,65,12,53,0,0,0
54210502,21,13,8,10,8,2,10,5,5,0,0,0,1,0,1,0,0,0
54211301,132,63,69,49,28,21,59,30,29,11,3,8,13,2,11,0,0,0
54211302,426,199,227,195,94,101,165,83,82,40,20,20,25,1,24,1,1,0
54211303,68,36,32,16,9,7,36,18,18,13,8,5,3,1,2,0,0,0
54212101,65,29,36,19,12,7,32,15,17,5,2,3,9,0,9,0,0,0
54212102,701,345,356,283,147,136,284,141,143,81,43,38,51,13,38,2,1,1
54213001,445,235,210,191,114,77,184,91,93,45,25,20,21,1,20,2,2,0
59858502,97,47,50,36,21,15,36,17,19,10,5,5,14,3,11,1,1,0
54216401,5243,2519,2724,2199,1209,990,1986,984,1002,638,255,383,403,63,340,11,4,7
54216402,245,125,120,94,55,39,119,59,60,18,7,11,14,4,10,0,0,0
54216403,218,116,102,76,44,32,106,54,52,25,18,7,9,0,9,2,0,2
54218101,156,76,80,61,36,25,59,30,29,20,6,14,15,4,11,1,0,1
54219901,559,298,261,215,137,78,254,126,128,42,26,16,47,8,39,1,1,0
54220201,32,17,15,8,4,4,18,9,9,3,2,1,3,2,1,0,0,0
54220202,300,160,140,111,70,41,139,70,69,25,18,7,25,2,23,0,0,0
54220203,469,458,11,356,352,4,32,25,7,59,59,0,1,1,0,21,21,0
54221101,273,142,131,105,64,41,120,59,61,22,13,9,25,6,19,1,0,1
1183202,0,0,0,0,0,0,0,0,0,0,0,0,0,0,0,0,0,0
54424801,64,32,32,24,15,9,25,13,12,7,4,3,8,0,8,0,0,0
54424802,73,34,39,29,13,16,28,14,14,10,5,5,6,2,4,0,0,0
54424803,57,28,29,16,8,8,26,14,12,7,6,1,8,0,8,0,0,0
54424804,691,345,346,273,146,127,292,146,146,72,41,31,54,12,42,0,0,0
54424805,131,70,61,54,32,22,52,26,26,10,9,1,15,3,12,0,0,0
54424806,50,26,24,21,13,8,18,9,9,5,3,2,5,1,4,1,0,1
54222901,275,142,133,108,67,41,114,57,57,31,17,14,22,1,21,0,0,0
54223701,254,130,124,92,51,41,108,57,51,31,16,15,20,3,17,3,3,0
59857702,79,37,42,25,13,12,39,19,20,11,5,6,4,0,4,0,0,0
54225301,206,108,98,84,49,35,88,45,43,23,13,10,11,1,10,0,0,0
56526101,216,105,111,98,49,49,85,43,42,18,9,9,15,4,11,0,0,0
54227001,266,129,137,97,53,44,107,52,55,39,19,20,23,5,18,0,0,0
1369480,0,0,0,0,0,0,0,0,0,0,0,0,0,0,0,0,0,0
54228802,123,65,58,43,30,13,46,23,23,18,8,10,16,4,12,0,0,0
59976001,162,87,75,66,42,24,61,30,31,17,8,9,17,6,11,0,0,0
54165601,871,489,382,425,259,166,233,117,116,159,97,62,43,7,36,11,9,2
54165602,470,215,255,183,104,79,153,75,78,83,27,56,49,9,40,1,0,1
54165603,41,24,17,14,10,4,16,8,8,4,3,1,5,1,4,0,0,0
54165604,943,442,501,442,229,213,325,166,159,104,34,70,69,12,57,3,1,2
54165605,78,39,39,39,20,19,32,16,16,7,3,4,0,0,0,0,0,0
54165606,768,323,445,262,127,135,292,144,148,111,34,77,99,15,84,4,3,1
54165607,1302,581,721,500,249,251,434,215,219,220,95,125,143,17,126,5,5,0
54165609,3160,1499,1661,1279,688,591,1246,619,627,395,151,244,229,36,193,10,5,5
54165610,1397,635,762,630,315,315,469,229,240,199,69,130,93,17,76,3,3,0
54165611,36,19,17,21,12,9,7,4,3,6,2,4,1,0,1,1,1,0
54165612,1807,880,927,687,376,311,771,392,379,215,88,127,126,21,105,8,3,5
54165614,2566,1231,1335,992,548,444,1036,516,520,312,119,193,220,45,175,6,3,3
54165615,64,32,32,30,18,12,20,9,11,10,4,6,4,1,3,0,0,0
54165616,68,38,30,31,20,11,22,12,10,12,6,6,3,0,3,0,0,0
54165617,236,109,127,87,48,39,93,46,47,37,14,23,19,1,18,0,0,0
54165618,1223,561,662,555,286,269,348,175,173,206,79,127,108,18,90,6,3,3
54165619,49,19,30,20,6,14,27,13,14,1,0,1,1,0,1,0,0,0
54165620,241,128,113,105,57,48,83,45,38,38,23,15,14,2,12,1,1,0
54165621,53,24,29,30,13,17,14,7,7,7,4,3,2,0,2,0,0,0
59852601,67,51,16,63,48,15,3,2,1,1,1,0,0,0,0,0,0,0
59852602,896,457,439,341,198,143,377,191,186,122,57,65,49,7,42,7,4,3
59852604,50,26,24,19,12,7,17,8,9,8,5,3,6,1,5,0,0,0
54232601,35,16,19,11,5,6,13,7,6,10,4,6,1,0,1,0,0,0
54232603,735,363,372,300,157,143,313,159,154,71,35,36,49,10,39,2,2,0
54233401,1012,531,481,441,265,176,422,213,209,86,42,44,60,10,50,3,1,2
56550401,114,61,53,43,25,18,47,23,24,17,11,6,6,1,5,0,0,0
54235102,1278,652,626,505,302,203,533,267,266,129,61,68,109,20,89,2,2,0
54235103,125,68,57,54,32,22,32,18,14,30,16,14,7,0,7,0,0,0
54236901,239,134,105,85,57,28,119,59,60,22,13,9,13,5,8,0,0,0
54237702,123,56,67,55,25,30,42,21,21,16,9,7,10,1,9,0,0,0
54237703,142,75,67,56,29,27,69,36,33,11,8,3,6,2,4,0,0,0
54237704,957,476,481,406,221,185,410,205,205,89,45,44,52,5,47,0,0,0
54238502,153,79,74,50,30,20,68,35,33,22,12,10,13,2,11,0,0,0
54241501,33,15,18,13,7,6,16,8,8,1,0,1,3,0,3,0,0,0
54241502,96,48,48,34,18,16,47,24,23,8,4,4,7,2,5,0,0,0
54241504,106,50,56,34,18,16,53,27,26,12,5,7,6,0,6,1,0,1
54241505,49,29,20,14,9,5,25,14,11,6,3,3,4,3,1,0,0,0
54241507,338,178,160,137,78,59,138,69,69,35,21,14,28,10,18,0,0,0
54241508,53,28,25,14,10,4,31,16,15,3,1,2,5,1,4,0,0,0
56540701,81,39,42,44,23,21,29,13,16,5,3,2,3,0,3,0,0,0
54243101,314,164,150,132,76,56,124,62,62,29,18,11,25,4,21,4,4,0
54245801,298,152,146,121,72,49,112,56,56,34,20,14,29,2,27,2,2,0
54245802,62,30,32,29,13,16,19,10,9,11,6,5,3,1,2,0,0,0
54246601,104,52,52,27,10,17,43,22,21,30,18,12,4,2,2,0,0,0
54246602,471,239,232,165,98,67,212,105,107,51,25,26,42,11,31,1,0,1
54247401,522,268,254,208,124,84,222,112,110,57,26,31,34,5,29,1,1,0
59849601,40,20,20,15,11,4,13,7,6,5,1,4,7,1,6,0,0,0
59849602,30,15,15,10,6,4,12,6,6,3,2,1,5,1,4,0,0,0
59849603,86,43,43,41,21,20,34,17,17,7,4,3,4,1,3,0,0,0
56532601,43,25,18,12,9,3,22,11,11,7,5,2,2,0,2,0,0,0
54250401,164,78,86,71,38,33,66,34,32,13,4,9,12,1,11,2,1,1
54251201,87,46,41,22,10,12,45,25,20,14,10,4,6,1,5,0,0,0
54251202,412,196,216,159,87,72,180,90,90,37,15,22,35,4,31,1,0,1
56551201,70,39,31,24,16,8,33,16,17,8,6,2,5,1,4,0,0,0
54256303,272,135,137,118,63,55,100,51,49,33,17,16,21,4,17,0,0,0
54256304,26,13,13,10,6,4,14,7,7,2,0,2,0,0,0,0,0,0
1783490,0,0,0,0,0,0,0,0,0,0,0,0,0,0,0,0,0,0
52969901,55,25,30,15,8,7,28,15,13,4,2,2,7,0,7,1,0,1
56513001,99,49,50,39,22,17,43,22,21,10,4,6,7,1,6,0,0,0
54259801,316,164,152,128,81,47,137,68,69,23,13,10,27,1,26,1,1,0
54260101,356,193,163,170,104,66,142,71,71,33,17,16,11,1,10,0,0,0
54261001,234,117,117,91,47,44,104,52,52,29,15,14,9,2,7,1,1,0
54261003,38,22,16,11,9,2,17,9,8,8,4,4,2,0,2,0,0,0
54261004,311,152,159,122,63,59,116,58,58,46,26,20,27,5,22,0,0,0
59851801,32,17,15,13,8,5,14,7,7,4,2,2,1,0,1,0,0,0
59851802,102,49,53,57,29,28,31,15,16,8,4,4,6,1,5,0,0,0
53582601,610,303,307,248,141,107,278,136,142,47,16,31,37,10,27,0,0,0
53582602,387,188,199,192,91,101,173,85,88,17,12,5,5,0,5,0,0,0
53615601,111,57,54,42,27,15,43,21,22,12,7,5,14,2,12,0,0,0
54427201,1521,734,787,570,298,272,717,360,357,145,58,87,85,16,69,4,2,2
1684322,0,0,0,0,0,0,0,0,0,0,0,0,0,0,0,0,0,0
54428101,2828,1366,1462,1147,620,527,1176,588,588,301,123,178,199,34,165,2,0,2
54428102,418,211,207,165,95,70,199,99,100,27,13,14,27,4,23,0,0,0
54428103,41,24,17,12,10,2,24,12,12,2,1,1,2,0,2,1,1,0
54428104,143,72,71,66,36,30,47,23,24,21,12,9,9,1,8,0,0,0
54428105,250,126,124,97,51,46,117,58,59,21,10,11,13,5,8,0,0,0
54428106,94,48,46,38,22,16,40,20,20,11,5,6,5,1,4,0,0,0
54428107,102,45,57,49,22,27,45,22,23,6,1,5,2,0,2,0,0,0
54428108,164,83,81,65,34,31,68,35,33,14,9,5,17,5,12,0,0,0
53568101,21,13,8,6,5,1,10,5,5,2,2,0,3,1,2,0,0,0
53568102,87,43,44,28,15,13,49,23,26,6,2,4,4,3,1,0,0,0
53568103,42,22,20,15,8,7,24,12,12,1,1,0,2,1,1,0,0,0
54429901,959,458,501,408,199,209,412,204,208,96,49,47,43,6,37,0,0,0
54429902,286,134,152,131,64,67,126,62,64,27,6,21,2,2,0,0,0,0
54429903,37,17,20,16,8,8,16,8,8,5,1,4,0,0,0,0,0,0
54429904,580,283,297,275,138,137,218,110,108,53,29,24,30,4,26,4,2,2
54429905,30,16,14,12,8,4,11,5,6,4,2,2,1,0,1,2,1,1
54429906,23,14,9,6,5,1,13,7,6,3,2,1,1,0,1,0,0,0
54429907,127,65,62,56,34,22,59,30,29,7,1,6,5,0,5,0,0,0
53540101,213,100,113,88,44,44,84,41,43,22,11,11,19,4,15,0,0,0
55149001,271,132,139,108,59,49,118,59,59,29,11,18,16,3,13,0,0,0
53605901,46,23,23,19,9,10,18,9,9,7,5,2,1,0,1,0,0,0
53605902,126,63,63,55,28,27,52,26,26,10,6,4,9,3,6,0,0,0
53554101,197,92,105,85,44,41,75,37,38,21,8,13,14,3,11,2,0,2
53554102,66,27,39,26,11,15,31,15,16,5,1,4,4,0,4,0,0,0
53554103,29,18,11,12,10,2,8,4,4,5,4,1,4,0,4,0,0,0
54432901,389,201,188,170,100,70,160,79,81,44,18,26,15,4,11,0,0,0
59897601,62,29,33,26,11,15,32,16,16,1,1,0,3,1,2,0,0,0
0219890,0,0,0,0,0,0,0,0,0,0,0,0,0,0,0,0,0,0
0220120,0,0,0,0,0,0,0,0,0,0,0,0,0,0,0,0,0,0
0221010,0,0,0,0,0,0,0,0,0,0,0,0,0,0,0,0,0,0
0221360,0,0,0,0,0,0,0,0,0,0,0,0,0,0,0,0,0,0
0221610,0,0,0,0,0,0,0,0,0,0,0,0,0,0,0,0,0,0
0222332,0,0,0,0,0,0,0,0,0,0,0,0,0,0,0,0,0,0
0225270,0,0,0,0,0,0,0,0,0,0,0,0,0,0,0,0,0,0
3311800,0,0,0,0,0,0,0,0,0,0,0,0,0,0,0,0,0,0
54425601,3024,1735,1289,1674,1003,671,608,316,292,644,393,251,83,16,67,11,6,5
54425603,190,95,95,86,52,34,74,35,39,22,7,15,8,1,7,0,0,0
54425604,1061,517,544,550,295,255,318,156,162,139,56,83,43,7,36,10,2,8
54425605,870,409,461,506,254,252,251,121,130,94,30,64,15,1,14,4,3,1
54425606,562,279,283,229,128,101,245,123,122,58,25,33,29,3,26,1,0,1
54425607,259,134,125,111,63,48,113,58,55,19,9,10,15,3,12,1,1,0
54425608,9428,4332,5096,3513,1881,1632,3526,1759,1767,1437,510,927,914,169,745,30,10,20
54425609,14784,6966,7818,6608,3531,3077,4856,2412,2444,2500,859,1641,763,130,633,51,32,19
54425610,536,259,277,339,180,159,128,63,65,47,12,35,11,1,10,11,3,8
54425611,4657,2197,2460,1949,1040,909,1576,797,779,719,267,452,389,79,310,22,12,10
54425612,25,12,13,8,4,4,16,8,8,0,0,0,1,0,1,0,0,0
54425613,170,81,89,102,51,51,36,18,18,25,10,15,5,0,5,0,0,0
54425614,1478,736,742,576,328,248,644,324,320,135,63,72,118,18,100,5,3,2
54425615,1112,532,580,440,221,219,531,267,264,84,31,53,55,13,42,2,0,2
54425616,909,449,460,421,214,207,413,205,208,56,27,29,18,3,15,1,0,1
54425617,3216,1594,1622,1742,914,828,923,462,461,428,186,242,98,18,80,21,12,9
54425618,4044,1984,2060,2155,1091,1064,1201,609,592,523,241,282,147,30,117,17,13,4
54425619,5298,2455,2843,2262,1182,1080,1802,890,912,724,286,438,481,84,397,23,12,11
54425620,149,69,80,51,24,27,76,38,38,13,5,8,9,2,7,0,0,0
54425621,4190,2003,2187,1813,986,827,1378,696,682,631,246,385,347,61,286,14,7,7
54425623,1933,961,972,685,373,312,908,450,458,203,103,100,128,28,100,7,5,2
54425624,3415,1503,1912,1481,752,729,1012,507,505,501,171,330,400,60,340,19,11,8
54425625,2212,1006,1206,949,492,457,690,338,352,350,138,212,216,34,182,7,4,3
54425627,543,272,271,229,125,104,226,115,111,60,27,33,28,5,23,0,0,0
54425628,568,308,260,258,144,114,204,105,99,83,52,31,23,7,16,0,0,0
54425629,528,262,266,239,110,129,187,103,84,73,38,35,22,7,15,6,4,2
54425630,138,72,66,82,41,41,30,18,12,20,13,7,5,0,5,1,0,1
54425631,92,82,10,27,23,4,53,51,2,8,6,2,2,1,1,2,1,1
54425632,341,171,170,120,64,56,160,82,78,37,20,17,24,5,19,0,0,0
54425633,46,23,23,24,14,10,15,7,8,5,1,4,1,0,1,1,1,0
54425634,804,390,414,363,191,172,323,162,161,79,31,48,36,4,32,2,1,1
54425635,50,29,21,18,14,4,23,12,11,6,2,4,3,1,2,0,0,0
54425636,475,229,246,190,102,88,179,90,89,76,30,46,27,5,22,3,2,1
54425637,146,77,69,57,35,22,75,37,38,8,5,3,6,0,6,0,0,0
54425639,2675,1297,1378,1141,624,517,1041,516,525,304,123,181,179,29,150,8,5,3
54425640,187,102,85,74,42,32,84,43,41,21,14,7,8,3,5,0,0,0
54425641,3295,1594,1701,1295,708,587,1355,677,678,352,142,210,275,53,222,14,12,2
54425642,562,280,282,242,129,113,253,124,129,53,23,30,14,4,10,0,0,0
54425643,104,52,52,38,19,19,49,27,22,9,4,5,7,1,6,1,1,0
54425644,298,164,134,120,79,41,141,70,71,26,11,15,11,4,7,0,0,0
54425645,429,205,224,148,80,68,196,96,100,46,20,26,37,7,30,2,2,0
54425646,355,193,162,181,101,80,106,60,46,54,28,26,11,2,9,3,2,1
54425647,67,34,33,22,14,8,36,18,18,6,2,4,3,0,3,0,0,0
54425649,2503,1206,1297,1035,570,465,950,474,476,299,114,185,203,37,166,11,8,3
54425650,388,191,197,172,87,85,187,93,94,17,9,8,12,2,10,0,0,0
54425651,1726,822,904,716,377,339,697,345,352,195,77,118,116,22,94,2,1,1
54425653,852,435,417,301,171,130,429,216,213,65,33,32,55,14,41,1,0,1
54425654,384,197,187,171,91,80,180,90,90,25,13,12,7,3,4,1,0,1
54425655,2564,1263,1301,1315,706,609,743,380,363,366,140,226,116,22,94,22,14,8
54425656,271,141,130,113,67,46,98,49,49,40,18,22,18,5,13,2,2,0
54425657,91,43,48,58,27,31,14,7,7,14,8,6,5,1,4,0,0,0
54425658,276,213,63,174,137,37,37,24,13,55,45,10,4,1,3,6,6,0
54425659,28,11,17,10,7,3,3,1,2,5,2,3,10,1,9,0,0,0
54425660,50,26,24,22,11,11,19,10,9,8,4,4,0,0,0,1,1,0
54425662,2877,1339,1538,1160,619,541,927,465,462,473,191,282,305,56,249,8,4,4
54425663,1090,521,569,442,231,211,469,232,237,108,46,62,68,11,57,3,1,2
54425664,364,181,183,140,73,67,167,84,83,38,23,15,18,1,17,1,0,1
54425665,3330,1579,1751,1310,679,631,1364,675,689,385,163,222,259,55,204,12,7,5
54425666,3645,1728,1917,1535,817,718,1368,681,687,444,181,263,290,45,245,8,4,4
55150301,37,16,21,19,8,11,12,6,6,3,2,1,3,0,3,0,0,0
55150302,116,58,58,54,26,28,44,22,22,12,9,3,6,1,5,0,0,0
55150303,80,30,50,24,13,11,13,8,5,11,4,7,32,5,27,0,0,0
55150304,50,23,27,15,8,7,24,11,13,4,1,3,7,3,4,0,0,0
53524901,338,177,161,137,82,55,163,81,82,24,13,11,13,0,13,1,1,0
54436101,71,34,37,22,13,9,36,18,18,6,3,3,7,0,7,0,0,0
54436102,160,83,77,59,38,21,77,38,39,13,6,7,11,1,10,0,0,0
54436103,64,31,33,26,15,11,28,14,14,6,2,4,4,0,4,0,0,0
54436104,87,46,41,34,22,12,43,21,22,6,2,4,4,1,3,0,0,0
54436105,60,37,23,27,20,7,23,12,11,8,4,4,2,1,1,0,0,0
54436106,109,51,58,39,18,21,54,27,27,7,4,3,8,1,7,1,1,0
53520601,2800,1345,1455,1034,574,460,1134,561,573,292,150,142,328,55,273,11,4,7
53619901,114,57,57,54,30,24,45,22,23,8,4,4,7,1,6,0,0,0
54438801,1233,613,620,526,291,235,502,253,249,119,52,67,81,14,67,1,1,0
54438802,37,20,17,12,8,4,16,8,8,4,3,1,5,1,4,0,0,0
54438803,49,28,21,20,15,5,20,10,10,5,3,2,4,0,4,0,0,0
54438804,42,27,15,17,14,3,18,9,9,4,4,0,3,0,3,0,0,0
54438806,47,22,25,19,11,8,21,11,10,1,0,1,6,0,6,0,0,0
54438807,96,47,49,40,23,17,43,21,22,7,3,4,6,0,6,0,0,0
54438808,97,53,44,40,30,10,40,20,20,8,2,6,9,1,8,0,0,0
54438809,62,25,37,26,11,15,22,11,11,7,2,5,7,1,6,0,0,0
53566401,325,154,171,130,64,66,156,78,78,22,10,12,17,2,15,0,0,0
54440001,43,22,21,14,9,5,17,8,9,7,4,3,5,1,4,0,0,0
54440002,42,17,25,16,6,10,20,10,10,4,1,3,2,0,2,0,0,0
54440003,101,51,50,38,23,15,41,20,21,12,7,5,10,1,9,0,0,0
54440004,296,154,142,121,74,47,136,68,68,18,9,9,20,3,17,1,0,1
53595801,309,149,160,125,64,61,134,67,67,27,13,14,22,4,18,1,1,0
54937101,165,83,82,57,34,23,70,35,35,21,10,11,17,4,13,0,0,0
54937102,54,30,24,20,13,7,18,9,9,10,6,4,5,1,4,1,1,0
54937103,22,9,13,5,3,2,7,3,4,7,3,4,3,0,3,0,0,0
54442601,170,86,84,73,43,30,75,37,38,11,5,6,11,1,10,0,0,0
54442602,706,356,350,352,192,160,248,125,123,68,31,37,35,8,27,1,0,1
54442604,163,77,86,67,32,35,69,34,35,18,10,8,9,1,8,0,0,0
54442605,156,75,81,62,35,27,71,34,37,10,4,6,13,2,11,0,0,0
54442606,130,75,55,66,41,25,45,24,21,11,8,3,8,2,6,0,0,0
54442608,67,34,33,22,14,8,34,16,18,3,2,1,6,1,5,2,1,1
54442609,69,37,32,31,20,11,28,14,14,5,3,2,5,0,5,0,0,0
54442610,104,51,53,49,24,25,39,20,19,11,6,5,5,1,4,0,0,0
54442611,68,28,40,26,11,15,25,13,12,8,4,4,9,0,9,0,0,0
53578801,193,106,87,76,51,25,97,47,50,8,6,2,12,2,10,0,0,0
53578802,120,58,62,48,22,26,59,30,29,8,4,4,5,2,3,0,0,0
53578803,111,54,57,49,22,27,49,25,24,11,6,5,2,1,1,0,0,0
54444201,734,367,367,305,154,151,345,175,170,56,30,26,22,4,18,2,0,2
54444202,151,72,79,78,38,40,60,30,30,6,4,2,6,0,6,0,0,0
54444203,356,186,170,146,90,56,171,85,86,20,9,11,19,2,17,0,0,0
54444204,105,57,48,45,30,15,43,22,21,6,3,3,11,2,9,0,0,0
54444205,335,177,158,146,87,59,154,76,78,24,14,10,11,0,11,0,0,0
54445101,266,139,127,114,68,46,107,53,54,27,13,14,18,5,13,0,0,0
54445102,45,22,23,17,9,8,15,8,7,10,5,5,3,0,3,0,0,0
54445104,31,18,13,12,10,2,11,5,6,7,3,4,1,0,1,0,0,0
53557501,110,63,47,38,26,12,50,25,25,14,9,5,7,3,4,1,0,1
53607501,178,90,88,78,41,37,79,40,39,12,8,4,8,1,7,1,0,1
59859301,184,96,88,71,41,30,85,42,43,19,11,8,9,2,7,0,0,0
59859302,20,11,9,5,4,1,13,6,7,2,1,1,0,0,0,0,0,0
53585101,151,73,78,62,33,29,71,35,36,6,3,3,12,2,10,0,0,0
59860701,274,136,138,112,61,51,122,62,60,31,12,19,8,0,8,0,0,0
59860702,171,94,77,73,44,29,63,31,32,22,14,8,13,5,8,0,0,0
54448501,255,120,135,97,48,49,118,59,59,18,10,8,21,3,18,1,0,1
54448502,26,14,12,12,6,6,7,4,3,4,3,1,3,1,2,0,0,0
54448503,1606,777,829,658,343,315,696,347,349,145,63,82,83,13,70,22,11,11
54448504,24,12,12,12,6,6,12,6,6,0,0,0,0,0,0,0,0,0
54448505,44,24,20,21,13,8,11,6,5,10,4,6,2,1,1,0,0,0
54448506,109,59,50,43,27,16,45,23,22,13,8,5,6,0,6,2,1,1
54448507,2576,1250,1326,1083,583,500,1012,507,505,309,139,170,166,18,148,4,1,3
54448508,196,97,99,69,40,29,94,48,46,21,8,13,12,1,11,0,0,0
54448509,38,21,17,15,11,4,18,9,9,2,1,1,3,0,3,0,0,0
54448510,54,22,32,23,9,14,20,10,10,5,3,2,6,0,6,0,0,0
54448512,147,70,77,70,36,34,51,26,25,16,7,9,10,1,9,0,0,0
54448513,30,19,11,13,8,5,13,7,6,1,1,0,3,3,0,0,0,0
54448514,36,16,20,7,4,3,19,9,10,2,2,0,8,1,7,0,0,0
54448515,169,89,80,66,42,24,70,35,35,21,11,10,12,1,11,0,0,0
54449301,71,33,38,24,11,13,37,19,18,6,3,3,4,0,4,0,0,0
54449302,179,93,86,71,38,33,71,36,35,26,15,11,10,3,7,1,1,0
54449303,524,266,258,238,129,109,215,108,107,51,27,24,20,2,18,0,0,0
54449304,81,38,43,39,21,18,26,12,14,13,5,8,3,0,3,0,0,0
54449305,821,409,412,369,200,169,352,176,176,65,27,38,35,6,29,0,0,0
53610501,32,15,17,13,5,8,16,8,8,2,2,0,1,0,1,0,0,0
53610502,32,12,20,11,5,6,13,6,7,4,1,3,4,0,4,0,0,0
53610503,45,19,26,15,5,10,22,10,12,5,4,1,3,0,3,0,0,0
0442291,0,0,0,0,0,0,0,0,0,0,0,0,0,0,0,0,0,0
54451501,38,21,17,12,8,4,18,10,8,3,2,1,4,0,4,1,1,0
54451502,59,35,24,13,8,5,35,18,17,8,6,2,3,3,0,0,0,0
54451503,56,11,45,12,3,9,10,5,5,5,2,3,24,0,24,5,1,4
54451504,39,19,20,11,6,5,16,9,7,9,4,5,3,0,3,0,0,0
54451505,837,429,408,393,226,167,271,138,133,112,54,58,58,9,49,3,2,1
54451506,30,19,11,13,10,3,11,6,5,2,1,1,4,2,2,0,0,0
54451507,23,14,9,9,8,1,12,6,6,2,0,2,0,0,0,0,0,0
54451509,47,30,17,27,21,6,10,5,5,5,3,2,5,1,4,0,0,0
54451512,45,24,21,18,12,6,19,10,9,4,2,2,4,0,4,0,0,0
54451513,69,38,31,24,14,10,29,15,14,12,7,5,4,2,2,0,0,0
54451514,22,14,8,4,1,3,10,6,4,4,4,0,4,3,1,0,0,0
54451519,202,104,98,83,47,36,87,45,42,19,10,9,11,1,10,2,1,1
54452301,288,141,147,119,57,62,130,65,65,25,15,10,14,4,10,0,0,0
54452302,614,323,291,240,145,95,285,141,144,51,28,23,37,8,29,1,1,0
53552402,163,81,82,61,31,30,75,39,36,17,8,9,10,3,7,0,0,0
53546001,103,47,56,44,20,24,39,20,19,15,6,9,5,1,4,0,0,0
54454001,21,12,9,10,6,4,8,4,4,1,1,0,2,1,1,0,0,0
54454002,25,16,9,8,6,2,8,4,4,7,5,2,2,1,1,0,0,0
54454005,77,44,33,33,22,11,30,15,15,10,6,4,4,1,3,0,0,0
54454006,64,29,35,30,15,15,19,10,9,9,3,6,6,1,5,0,0,0
54455801,1436,721,715,516,284,232,730,363,367,116,52,64,70,18,52,4,4,0
54455802,49,26,23,18,9,9,22,11,11,7,4,3,2,2,0,0,0,0
53575301,610,315,295,259,148,111,268,135,133,54,24,30,29,8,21,0,0,0
53561301,136,66,70,59,29,30,58,29,29,15,8,7,4,0,4,0,0,0
53590701,61,32,29,28,18,10,18,9,9,9,4,5,5,0,5,1,1,0
53590702,215,116,99,92,57,35,103,52,51,8,5,3,12,2,10,0,0,0
54459102,85,44,41,41,23,18,32,15,17,7,6,1,4,0,4,1,0,1
54459104,101,47,54,38,20,18,47,24,23,2,1,1,14,2,12,0,0,0
54459105,406,202,204,182,100,82,164,82,82,33,16,17,26,4,22,1,0,1
54459106,123,73,50,44,30,14,61,32,29,10,8,2,8,3,5,0,0,0
54461201,204,102,102,79,44,35,87,42,45,22,12,10,15,4,11,1,0,1
54461202,173,89,84,72,43,29,69,36,33,19,5,14,13,5,8,0,0,0
54463901,515,266,249,228,131,97,182,91,91,70,35,35,35,9,26,0,0,0
54463902,43,16,27,16,5,11,18,10,8,6,1,5,3,0,3,0,0,0
54463903,157,78,79,70,36,34,59,31,28,17,10,7,11,1,10,0,0,0
54463904,43,23,20,17,12,5,16,8,8,3,1,2,7,2,5,0,0,0
54463905,95,46,49,45,26,19,36,18,18,6,2,4,8,0,8,0,0,0
54463907,40,15,25,15,3,12,18,8,10,4,2,2,3,2,1,0,0,0
54463908,111,56,55,37,18,19,53,27,26,13,9,4,7,1,6,1,1,0
54463909,23,9,14,8,2,6,10,5,5,4,2,2,1,0,1,0,0,0
53576101,58,31,27,26,15,11,25,12,13,5,3,2,1,0,1,1,1,0
53576102,368,190,178,155,77,78,168,87,81,30,20,10,14,5,9,1,1,0
53598201,222,112,110,107,63,44,78,40,38,22,8,14,15,1,14,0,0,0
53598202,20,10,10,7,3,4,12,6,6,1,1,0,0,0,0,0,0,0
53598203,70,34,36,32,16,16,24,12,12,7,5,2,7,1,6,0,0,0
54466301,40,19,21,12,6,6,17,8,9,8,4,4,3,1,2,0,0,0
54466302,56,24,32,23,9,14,28,14,14,3,1,2,2,0,2,0,0,0
54466303,27,12,15,17,7,10,7,4,3,1,1,0,2,0,2,0,0,0
54466304,55,28,27,30,14,16,16,8,8,8,5,3,1,1,0,0,0,0
54466305,88,40,48,35,19,16,33,15,18,12,5,7,8,1,7,0,0,0
54466306,1744,865,879,680,367,313,794,394,400,183,82,101,86,21,65,1,1,0
54466307,24,16,8,4,3,1,13,6,7,6,6,0,1,1,0,0,0,0
54466308,31,14,17,14,6,8,12,6,6,3,2,1,2,0,2,0,0,0
54466310,124,58,66,53,25,28,51,26,25,10,6,4,10,1,9,0,0,0
54466311,47,23,24,28,14,14,15,8,7,3,1,2,1,0,1,0,0,0
54466312,138,64,74,57,27,30,53,27,26,20,10,10,8,0,8,0,0,0
54466313,45,28,17,18,11,7,17,10,7,10,7,3,0,0,0,0,0,0
54466314,43,20,23,21,10,11,15,7,8,5,2,3,1,0,1,1,1,0
53587702,196,92,104,79,35,44,86,42,44,19,11,8,12,4,8,0,0,0
53587703,76,38,38,34,17,17,30,16,14,8,4,4,4,1,3,0,0,0
53587705,52,30,22,24,15,9,20,11,9,3,3,0,5,1,4,0,0,0
53587706,31,18,13,17,11,6,8,4,4,6,3,3,0,0,0,0,0,0
52972901,133,69,64,59,36,23,61,30,31,9,3,6,4,0,4,0,0,0
54473601,114,62,52,49,30,19,47,24,23,10,4,6,8,4,4,0,0,0
54473602,1859,930,929,749,423,326,792,397,395,181,81,100,133,27,106,1,0,1
54473604,139,73,66,63,38,25,60,30,30,8,4,4,8,1,7,0,0,0
54473605,96,49,47,44,22,22,41,21,20,7,5,2,3,0,3,1,1,0
54473606,196,95,101,83,44,39,81,41,40,18,5,13,13,4,9,1,1,0
54474401,49,24,25,15,6,9,25,13,12,5,4,1,4,1,3,0,0,0
54474402,161,85,76,75,44,31,64,34,30,10,5,5,12,2,10,0,0,0
54474403,83,47,36,32,21,11,33,18,15,11,7,4,5,1,4,0,0,0
54474404,123,62,61,50,24,26,57,29,28,13,9,4,3,0,3,0,0,0
53580001,90,40,50,38,17,21,39,19,20,9,4,5,4,0,4,0,0,0
53580002,201,110,91,117,74,43,43,20,23,34,15,19,6,1,5,1,0,1
53580003,331,168,163,136,80,56,155,77,78,27,10,17,13,1,12,0,0,0
54476101,170,87,83,61,36,25,85,43,42,12,7,5,12,1,11,0,0,0
54476102,475,239,236,213,118,95,206,103,103,29,12,17,27,6,21,0,0,0
54477901,37,16,21,15,6,9,16,7,9,2,2,0,4,1,3,0,0,0
54477902,262,128,134,116,57,59,107,56,51,25,14,11,14,1,13,0,0,0
54477903,49,23,26,18,11,7,20,9,11,6,3,3,5,0,5,0,0,0
54477904,49,29,20,16,11,5,25,14,11,4,3,1,4,1,3,0,0,0
54477905,129,60,69,58,29,29,49,25,24,11,5,6,10,0,10,1,1,0
54477906,93,48,45,37,23,14,38,19,19,9,4,5,9,2,7,0,0,0
54477907,78,46,32,35,23,12,36,19,17,4,3,1,3,1,2,0,0,0
54477908,88,45,43,34,21,13,40,20,20,8,4,4,6,0,6,0,0,0
54477909,42,20,22,23,11,12,18,9,9,1,0,1,0,0,0,0,0,0
54477910,3320,1649,1671,1372,752,620,1381,691,690,313,146,167,242,55,187,11,5,6
54477912,105,54,51,45,26,19,43,22,21,8,4,4,9,2,7,0,0,0
54477913,45,25,20,22,12,10,16,8,8,5,4,1,2,1,1,0,0,0
54477915,80,39,41,36,20,16,30,15,15,8,3,5,6,1,5,0,0,0
54477916,136,73,63,58,36,22,58,30,28,15,7,8,5,0,5,0,0,0
54479501,106,48,58,38,16,22,52,27,25,5,2,3,11,3,8,0,0,0
54479502,1101,544,557,443,234,209,497,253,244,116,47,69,41,6,35,2,2,0
54479503,614,299,315,252,125,127,273,142,131,64,27,37,24,5,19,0,0,0
54479504,606,325,281,234,143,91,309,158,151,43,19,24,20,5,15,0,0,0
54479505,223,108,115,97,46,51,100,50,50,21,11,10,5,1,4,0,0,0
54480901,565,311,254,223,142,81,251,124,127,63,43,20,27,2,25,1,0,1
54480902,163,84,79,62,40,22,57,28,29,27,13,14,16,3,13,1,0,1
53594001,213,118,95,91,55,36,80,40,40,24,15,9,17,7,10,1,1,0
54481701,233,128,105,111,70,41,85,44,41,19,9,10,18,5,13,0,0,0
54481702,66,33,33,32,17,15,27,14,13,5,1,4,2,1,1,0,0,0
54481703,96,48,48,40,19,21,48,25,23,3,2,1,5,2,3,0,0,0
54481704,31,17,14,12,8,4,12,6,6,4,2,2,3,1,2,0,0,0
59861501,67,31,36,30,18,12,24,11,13,6,1,5,7,1,6,0,0,0
59861502,33,16,17,16,7,9,12,6,6,3,3,0,2,0,2,0,0,0
53584202,117,56,61,42,20,22,58,29,29,8,5,3,8,1,7,1,1,0
53528101,213,102,111,79,38,41,98,49,49,23,14,9,10,0,10,1,1,0
53528102,85,41,44,37,17,20,32,16,16,13,6,7,2,1,1,1,1,0
53537101,209,104,105,96,51,45,76,38,38,22,12,10,15,3,12,0,0,0
54482501,42,20,22,15,9,6,20,10,10,3,1,2,4,0,4,0,0,0
54482502,322,165,157,136,79,57,131,65,66,37,16,21,18,5,13,0,0,0
53543501,351,178,173,137,77,60,157,80,77,27,12,15,29,9,20,1,0,1
53564801,332,176,156,138,79,59,148,75,73,27,16,11,19,6,13,0,0,0
53564802,58,31,27,25,13,12,22,11,11,8,7,1,3,0,3,0,0,0
53564803,298,146,152,119,66,53,141,70,71,28,10,18,10,0,10,0,0,0
53564804,75,32,43,25,13,12,36,16,20,7,3,4,7,0,7,0,0,0
54486801,151,76,75,83,45,38,40,20,20,18,9,9,9,1,8,1,1,0
54486802,87,40,47,25,13,12,33,17,16,16,8,8,12,1,11,1,1,0
54486803,36,17,19,15,8,7,16,8,8,3,1,2,2,0,2,0,0,0
54486805,1889,953,936,782,452,330,750,376,374,206,98,108,144,23,121,5,2,3
54486806,72,35,37,38,20,18,20,10,10,11,4,7,3,1,2,0,0,0
54486809,162,87,75,62,36,26,69,35,34,20,13,7,11,3,8,0,0,0
54486812,45,24,21,17,11,6,20,10,10,6,2,4,2,1,1,0,0,0
54488401,644,315,329,281,150,131,264,130,134,53,28,25,44,5,39,2,2,0
54488402,43,20,23,16,8,8,22,11,11,3,1,2,2,0,2,0,0,0
54488403,151,76,75,63,35,28,63,30,33,15,10,5,9,1,8,1,0,1
54489201,137,73,64,46,28,18,74,37,37,11,4,7,4,2,2,0,0,0
54489202,40,19,21,15,6,9,18,9,9,6,4,2,1,0,1,0,0,0
54489203,595,296,299,237,134,103,268,132,136,54,23,31,36,7,29,0,0,0
53523101,175,97,78,64,42,22,86,43,43,15,10,5,10,2,8,0,0,0
53569901,200,110,90,77,51,26,86,42,44,24,13,11,12,3,9,1,1,0
53569902,78,39,39,38,18,20,33,17,16,4,4,0,3,0,3,0,0,0
53599101,215,107,108,85,44,41,96,48,48,16,9,7,18,6,12,0,0,0
53599102,89,45,44,37,22,15,37,17,20,9,5,4,4,1,3,0,0,0
53599103,292,152,140,116,69,47,119,61,58,38,19,19,19,3,16,0,0,0
53599104,30,14,16,13,5,8,12,6,6,4,3,1,1,0,1,0,0,0
53517601,37,18,19,14,7,7,16,8,8,2,2,0,5,1,4,0,0,0
53517602,209,106,103,75,43,32,106,54,52,15,6,9,13,3,10,0,0,0
53534601,111,62,49,40,30,10,53,26,27,8,2,6,10,4,6,0,0,0
53534602,39,23,16,15,12,3,22,11,11,2,0,2,0,0,0,0,0,0
53534603,290,152,138,110,63,47,131,65,66,30,20,10,17,4,13,2,0,2
54496501,125,63,62,53,29,24,56,29,27,10,4,6,6,1,5,0,0,0
54496502,49,27,22,24,17,7,17,9,8,2,0,2,6,1,5,0,0,0
54497301,370,183,187,156,74,82,157,80,77,41,23,18,16,6,10,0,0,0
54497302,1019,518,501,457,257,200,431,209,222,88,41,47,39,7,32,4,4,0
54498101,2301,1152,1149,890,496,394,1009,509,500,234,110,124,164,34,130,3,2,1
54498102,188,97,91,84,46,38,80,38,42,17,9,8,7,4,3,0,0,0
54500701,85,48,37,38,24,14,34,17,17,8,4,4,5,3,2,0,0,0
54500704,67,31,36,20,9,11,37,19,18,4,3,1,6,0,6,0,0,0
54500705,54,30,24,27,18,9,18,9,9,8,3,5,1,0,1,0,0,0
54500708,62,37,25,32,21,11,24,12,12,5,4,1,1,0,1,0,0,0
54500709,634,312,322,281,147,134,268,133,135,50,25,25,34,6,28,1,1,0
54500710,42,21,21,17,10,7,16,8,8,6,2,4,3,1,2,0,0,0
54501501,112,55,57,48,23,25,57,29,28,5,2,3,2,1,1,0,0,0
54501502,43,19,24,21,9,12,19,9,10,1,1,0,2,0,2,0,0,0
54501503,104,50,54,56,35,21,26,13,13,9,2,7,13,0,13,0,0,0
54501504,207,99,108,77,40,37,91,47,44,18,7,11,21,5,16,0,0,0
54501505,57,32,25,27,16,11,24,12,12,3,2,1,3,2,1,0,0,0
54502301,69,34,35,30,16,14,32,17,15,6,1,5,1,0,1,0,0,0
54502302,67,36,31,30,19,11,27,13,14,5,3,2,5,1,4,0,0,0
54502303,56,24,32,17,7,10,26,12,14,9,4,5,3,0,3,1,1,0
54502304,27,16,11,9,7,2,16,8,8,1,1,0,1,0,1,0,0,0
54502305,83,50,33,39,27,12,33,17,16,9,6,3,2,0,2,0,0,0
54502306,383,194,189,165,97,68,142,71,71,51,21,30,25,5,20,0,0,0
54506601,1325,662,663,569,299,270,625,314,311,94,38,56,32,9,23,5,2,3
54506602,917,466,451,398,216,182,388,193,195,90,48,42,40,8,32,1,1,0
54506603,358,175,183,168,84,84,166,83,83,21,8,13,3,0,3,0,0,0
54506604,326,158,168,139,70,69,144,73,71,22,12,10,20,2,18,1,1,0
54507401,1281,632,649,511,263,248,569,288,281,125,69,56,74,11,63,2,1,1
54508201,63,30,33,28,11,17,19,10,9,11,7,4,5,2,3,0,0,0
54508202,29,15,14,12,7,5,14,7,7,2,1,1,1,0,1,0,0,0
54508203,329,167,162,135,76,59,148,73,75,30,18,12,16,0,16,0,0,0
54508204,99,47,52,41,20,21,35,17,18,18,9,9,5,1,4,0,0,0
53603201,55,30,25,29,18,11,14,7,7,7,3,4,5,2,3,0,0,0
54509101,210,106,104,77,44,33,98,50,48,22,12,10,13,0,13,0,0,0
54510401,30,16,14,8,4,4,18,9,9,2,2,0,2,1,1,0,0,0
54510402,32,12,20,12,4,8,16,8,8,2,0,2,2,0,2,0,0,0
54510404,97,52,45,44,26,18,43,21,22,8,5,3,2,0,2,0,0,0
54510406,418,214,204,167,93,74,175,88,87,52,29,23,23,4,19,1,0,1
54512101,1367,664,703,583,309,274,554,273,281,131,61,70,96,20,76,3,1,2
54513901,54,27,27,13,8,5,22,10,12,14,9,5,5,0,5,0,0,0
54513902,902,478,424,398,242,156,403,201,202,63,30,33,35,3,32,3,2,1
0139430,0,0,0,0,0,0,0,0,0,0,0,0,0,0,0,0,0,0
0139780,0,0,0,0,0,0,0,0,0,0,0,0,0,0,0,0,0,0
0139860,0,0,0,0,0,0,0,0,0,0,0,0,0,0,0,0,0,0
1658160,0,0,0,0,0,0,0,0,0,0,0,0,0,0,0,0,0,0
54515502,76,44,32,30,21,9,36,19,17,8,4,4,2,0,2,0,0,0
54515503,28,13,15,9,5,4,13,6,7,3,2,1,3,0,3,0,0,0
54515504,58,34,24,22,15,7,32,17,15,3,2,1,1,0,1,0,0,0
54515505,53,27,26,15,10,5,25,13,12,8,4,4,5,0,5,0,0,0
54515506,125,65,60,50,29,21,48,25,23,18,9,9,9,2,7,0,0,0
54515507,51,28,23,16,10,6,24,12,12,8,5,3,3,1,2,0,0,0
54515508,54,32,22,29,20,9,16,8,8,5,4,1,4,0,4,0,0,0
54515509,312,159,153,130,79,51,106,54,52,43,22,21,32,4,28,1,0,1
3353630,0,0,0,0,0,0,0,0,0,0,0,0,0,0,0,0,0,0
54517101,36,21,15,15,10,5,15,8,7,4,2,2,2,1,1,0,0,0
54517102,94,46,48,38,21,17,37,19,18,11,5,6,8,1,7,0,0,0
54517103,30,17,13,12,7,5,12,6,6,6,4,2,0,0,0,0,0,0
54517104,113,55,58,43,22,21,57,29,28,7,4,3,6,0,6,0,0,0
54517105,66,33,33,28,15,13,24,12,12,7,5,2,7,1,6,0,0,0
54517106,34,17,17,8,5,3,16,8,8,5,4,1,5,0,5,0,0,0
54517107,43,23,20,23,14,9,15,8,7,3,1,2,2,0,2,0,0,0
54517108,33,19,14,12,6,6,9,5,4,10,8,2,2,0,2,0,0,0
54517109,59,32,27,26,15,11,24,13,11,8,4,4,1,0,1,0,0,0
54517110,60,30,30,19,10,9,33,16,17,2,1,1,3,1,2,1,0,1
54517111,275,135,140,110,59,51,121,61,60,20,13,7,23,2,21,1,0,1
54517112,103,50,53,49,24,25,43,21,22,8,4,4,3,1,2,0,0,0
54517114,91,51,40,42,26,16,35,17,18,12,7,5,2,1,1,0,0,0
54517115,50,27,23,21,13,8,24,11,13,2,1,1,3,2,1,0,0,0
54517116,413,204,209,184,98,86,176,88,88,29,13,16,24,5,19,0,0,0
54517117,23,11,12,9,5,4,8,4,4,4,2,2,2,0,2,0,0,0
54517119,506,249,257,204,107,97,206,104,102,59,27,32,35,11,24,2,0,2
54517120,1624,809,815,707,390,317,620,312,308,193,87,106,104,20,84,0,0,0
54517121,29,15,14,11,6,5,18,9,9,0,0,0,0,0,0,0,0,0
54517122,1455,709,746,535,304,231,637,315,322,150,64,86,130,24,106,3,2,1
3354520,0,0,0,0,0,0,0,0,0,0,0,0,0,0,0,0,0,0
54520101,74,40,34,29,18,11,37,18,19,4,3,1,4,1,3,0,0,0
54520102,189,99,90,71,41,30,70,36,34,32,17,15,15,5,10,1,0,1
54520104,36,18,18,13,7,6,14,7,7,4,4,0,5,0,5,0,0,0
54520105,106,50,56,43,20,23,43,21,22,9,6,3,9,1,8,0,0,0
54520107,113,58,55,34,19,15,50,26,24,16,11,5,12,2,10,1,0,1
54520108,69,30,39,28,13,15,28,14,14,7,3,4,6,0,6,0,0,0
54520111,802,393,409,277,153,124,401,201,200,49,29,20,75,10,65,0,0,0
54520112,698,368,330,321,199,122,210,105,105,109,53,56,54,8,46,4,3,1
54520113,42,23,19,16,10,6,21,11,10,4,2,2,1,0,1,0,0,0
54520114,397,202,195,167,94,73,167,83,84,35,17,18,27,7,20,1,1,0
54520116,2384,1163,1221,1134,605,529,782,387,395,382,153,229,79,13,66,7,5,2
54520117,51,28,23,25,15,10,19,10,9,5,3,2,2,0,2,0,0,0
54520118,31,19,12,11,8,3,19,10,9,0,0,0,1,1,0,0,0,0
54520119,320,152,168,109,58,51,152,77,75,26,10,16,33,7,26,0,0,0
54520120,1399,643,756,548,290,258,508,253,255,222,76,146,119,22,97,2,2,0
54520121,42,22,20,20,11,9,16,8,8,6,3,3,0,0,0,0,0,0
54520122,62,31,31,22,12,10,33,18,15,3,1,2,4,0,4,0,0,0
54520123,787,389,398,323,186,137,309,156,153,91,37,54,64,10,54,0,0,0
53549401,508,261,247,221,123,98,207,103,104,56,28,28,23,6,17,1,1,0
54522801,1451,731,720,504,276,228,705,355,350,142,71,71,94,27,67,3,1,2
54522802,856,434,422,438,240,198,322,159,163,83,34,49,10,0,10,0,0,0
53573701,601,307,294,267,143,124,260,132,128,53,27,26,19,3,16,0,0,0
53589301,77,36,41,34,16,18,28,14,14,9,4,5,6,2,4,0,0,0
53589302,379,205,174,149,89,60,174,90,84,34,20,14,21,6,15,1,0,1
53591501,43,25,18,15,10,5,24,13,11,2,2,0,2,0,2,0,0,0
54526101,52,23,29,17,8,9,20,10,10,9,5,4,6,0,6,0,0,0
54526102,50,21,29,23,7,16,19,9,10,5,2,3,3,3,0,0,0,0
54526103,116,56,60,47,20,27,53,28,25,11,8,3,5,0,5,0,0,0
54526104,320,160,160,137,72,65,135,68,67,34,15,19,14,5,9,0,0,0
54526105,266,138,128,109,58,51,127,64,63,21,12,9,9,4,5,0,0,0
54526106,61,27,34,28,12,16,22,11,11,10,4,6,1,0,1,0,0,0
53579601,448,229,219,178,94,84,202,103,99,48,25,23,19,7,12,0,0,0
1872082,0,0,0,0,0,0,0,0,0,0,0,0,0,0,0,0,0,0
54528701,185,97,88,86,51,35,68,34,34,19,11,8,10,1,9,0,0,0
54528702,655,348,307,278,164,114,272,136,136,61,36,25,44,12,32,0,0,0
54528704,34,20,14,12,10,2,18,9,9,1,1,0,3,0,3,0,0,0
54528705,104,62,42,42,30,12,31,16,15,15,12,3,14,2,12,0,0,0
54528707,135,72,63,49,30,19,61,32,29,16,6,10,9,4,5,0,0,0
54531701,61,30,31,25,16,9,20,10,10,9,4,5,6,0,6,1,0,1
54531702,92,41,51,36,18,18,37,19,18,10,3,7,9,1,8,0,0,0
54531703,207,106,101,95,49,46,80,40,40,21,11,10,11,6,5,0,0,0
53601601,468,242,226,176,101,75,237,119,118,31,16,15,22,5,17,1,1,0
59977801,56,27,29,23,11,12,24,11,13,7,5,2,2,0,2,0,0,0
3081610,0,0,0,0,0,0,0,0,0,0,0,0,0,0,0,0,0,0
54534101,1683,833,850,624,355,269,709,356,353,189,95,94,158,25,133,3,2,1
54534104,1654,784,870,665,348,317,688,345,343,189,72,117,109,17,92,3,2,1
54534105,73,36,37,34,16,18,25,12,13,10,6,4,4,2,2,0,0,0
53559101,234,120,114,98,54,44,105,52,53,19,11,8,12,3,9,0,0,0
53559102,24,13,11,8,6,2,13,7,6,0,0,0,3,0,3,0,0,0
54536801,114,55,59,54,28,26,51,25,26,5,2,3,4,0,4,0,0,0
54536802,316,166,150,125,75,50,147,73,74,26,15,11,18,3,15,0,0,0
54537601,23,12,11,11,6,5,10,5,5,1,1,0,1,0,1,0,0,0
54537602,198,103,95,93,55,38,74,37,37,19,9,10,12,2,10,0,0,0
54537604,51,24,27,21,10,11,19,10,9,8,4,4,3,0,3,0,0,0
54537605,51,23,28,18,10,8,22,11,11,6,2,4,5,0,5,0,0,0
1970250,0,0,0,0,0,0,0,0,0,0,0,0,0,0,0,0,0,0
54538401,105,48,57,51,22,29,42,22,20,6,3,3,6,1,5,0,0,0
54538402,26,11,15,6,0,6,12,7,5,5,4,1,3,0,3,0,0,0
54538403,120,67,53,52,33,19,52,26,26,12,8,4,4,0,4,0,0,0
54538404,41,22,19,17,9,8,11,6,5,7,6,1,6,1,5,0,0,0
54538406,46,26,20,15,12,3,24,12,12,2,1,1,5,1,4,0,0,0
54538407,40,22,18,21,13,8,15,8,7,3,1,2,1,0,1,0,0,0
54538408,216,115,101,90,55,35,93,47,46,20,12,8,13,1,12,0,0,0
54540601,1058,531,527,462,256,206,382,188,194,139,69,70,66,12,54,9,6,3
54540603,24,15,9,9,7,2,11,6,5,3,2,1,1,0,1,0,0,0
54540605,62,32,30,18,11,7,32,18,14,7,3,4,5,0,5,0,0,0
54540607,101,57,44,38,23,15,49,26,23,12,6,6,2,2,0,0,0,0
54540608,36,18,18,15,7,8,15,8,7,4,3,1,2,0,2,0,0,0
54540610,27,13,14,5,2,3,13,6,7,8,5,3,1,0,1,0,0,0
54540611,42,22,20,18,9,9,18,10,8,6,3,3,0,0,0,0,0,0
54540612,54,27,27,23,13,10,16,8,8,11,6,5,4,0,4,0,0,0
54540613,38,24,14,14,11,3,16,9,7,6,4,2,2,0,2,0,0,0
54541401,767,376,391,335,188,147,294,145,149,77,35,42,61,8,53,0,0,0
54541402,46,23,23,22,13,9,16,7,9,4,2,2,4,1,3,0,0,0
53625302,89,50,39,46,26,20,28,15,13,10,7,3,2,1,1,1,1,0
53625303,39,19,20,21,12,9,14,7,7,2,0,2,2,0,2,0,0,0
53625304,29,14,15,13,5,8,13,8,5,1,1,0,2,0,2,0,0,0
53625305,132,74,58,59,38,21,47,23,24,17,10,7,9,3,6,0,0,0
0071530,0,0,0,0,0,0,0,0,0,0,0,0,0,0,0,0,0,0
3916970,0,0,0,0,0,0,0,0,0,0,0,0,0,0,0,0,0,0
3917350,0,0,0,0,0,0,0,0,0,0,0,0,0,0,0,0,0,0
3917430,0,0,0,0,0,0,0,0,0,0,0,0,0,0,0,0,0,0
3917780,0,0,0,0,0,0,0,0,0,0,0,0,0,0,0,0,0,0
3918160,0,0,0,0,0,0,0,0,0,0,0,0,0,0,0,0,0,0
3918240,0,0,0,0,0,0,0,0,0,0,0,0,0,0,0,0,0,0
54543103,819,431,388,344,212,132,348,173,175,68,37,31,57,8,49,2,1,1
54543105,76,37,39,32,15,17,33,17,16,6,4,2,5,1,4,0,0,0
54543106,26,17,9,13,10,3,9,5,4,3,2,1,1,0,1,0,0,0
54543107,30,15,15,12,7,5,16,8,8,2,0,2,0,0,0,0,0,0
54543108,44,20,24,17,10,7,13,7,6,6,3,3,8,0,8,0,0,0
54543109,79,48,31,37,26,11,31,16,15,6,5,1,4,0,4,1,1,0
54544901,357,191,166,187,113,74,106,53,53,38,19,19,24,4,20,2,2,0
54544902,23,14,9,8,4,4,9,5,4,4,4,0,2,1,1,0,0,0
54544903,86,48,38,42,28,14,29,14,15,10,4,6,4,2,2,1,0,1
54544904,60,31,29,19,11,8,25,13,12,8,5,3,8,2,6,0,0,0
54544905,37,20,17,14,9,5,18,9,9,3,2,1,2,0,2,0,0,0
0199170,0,0,0,0,0,0,0,0,0,0,0,0,0,0,0,0,0,0
54545701,24,15,9,10,9,1,13,6,7,1,0,1,0,0,0,0,0,0
54545702,47,25,22,19,11,8,18,9,9,8,5,3,2,0,2,0,0,0
54545703,33,17,16,10,4,6,15,7,8,3,2,1,4,3,1,1,1,0
54545704,615,297,318,271,139,132,238,117,121,66,36,30,40,5,35,0,0,0
54545706,25,14,11,6,3,3,13,8,5,4,2,2,2,1,1,0,0,0
54545707,45,23,22,16,11,5,17,9,8,6,3,3,6,0,6,0,0,0
0230192,0,0,0,0,0,0,0,0,0,0,0,0,0,0,0,0,0,0
0230602,0,0,0,0,0,0,0,0,0,0,0,0,0,0,0,0,0,0
3081700,0,0,0,0,0,0,0,0,0,0,0,0,0,0,0,0,0,0
54539203,777,364,413,327,171,156,288,139,149,85,36,49,71,16,55,6,2,4
54539204,402,200,202,162,91,71,171,84,87,50,20,30,17,3,14,2,2,0
54539205,2170,1018,1152,857,456,401,761,382,379,301,123,178,244,52,192,6,5,1
54539206,434,220,214,157,88,69,186,94,92,58,28,30,30,8,22,3,2,1
54539207,1431,707,724,601,330,271,579,288,291,170,69,101,79,19,60,1,1,0
54539208,408,192,216,137,82,55,152,73,79,50,23,27,66,12,54,3,2,1
54539210,618,311,307,255,139,116,265,135,130,67,30,37,31,7,24,0,0,0
54539211,2105,978,1127,883,476,407,710,354,356,327,112,215,176,33,143,7,3,4
54539212,110,53,57,54,26,28,34,19,15,16,7,9,6,1,5,0,0,0
54539213,540,272,268,244,133,111,200,99,101,75,36,39,21,4,17,0,0,0
54539214,226,115,111,72,42,30,119,59,60,16,10,6,18,3,15,1,1,0
54539215,1813,874,939,785,430,355,630,307,323,311,115,196,75,14,61,7,3,4
54539216,83,40,43,33,16,17,33,16,17,12,8,4,5,0,5,0,0,0
54539217,87,39,48,30,12,18,41,21,20,12,6,6,4,0,4,0,0,0
54539218,126,70,56,54,36,18,52,25,27,12,5,7,8,4,4,0,0,0
54539220,552,265,287,259,134,125,204,104,100,56,23,33,33,4,29,0,0,0
54539221,396,239,157,206,123,83,96,51,45,84,61,23,10,4,6,0,0,0
1442072,0,0,0,0,0,0,0,0,0,0,0,0,0,0,0,0,0,0
1442660,0,0,0,0,0,0,0,0,0,0,0,0,0,0,0,0,0,0
54546501,807,406,401,403,220,183,268,128,140,90,49,41,39,7,32,7,2,5
54546503,63,35,28,29,16,13,22,11,11,9,6,3,3,2,1,0,0,0
54546504,40,23,17,23,14,9,9,5,4,6,4,2,2,0,2,0,0,0
54546505,29,14,15,8,4,4,9,5,4,9,4,5,3,1,2,0,0,0
54546506,42,21,21,13,8,5,22,10,12,5,3,2,2,0,2,0,0,0
54546510,231,113,118,100,56,44,78,38,40,27,13,14,24,4,20,2,2,0
54546511,90,48,42,49,25,24,30,16,14,6,4,2,5,3,2,0,0,0
54547301,27,14,13,12,7,5,10,5,5,3,2,1,2,0,2,0,0,0
54547302,1060,510,550,452,234,218,419,207,212,137,61,76,52,8,44,0,0,0
54547303,26,9,17,12,5,7,8,4,4,1,0,1,5,0,5,0,0,0
54547304,42,21,21,20,11,9,15,8,7,6,2,4,1,0,1,0,0,0
54547305,64,30,34,29,14,15,30,15,15,1,1,0,4,0,4,0,0,0
54547306,47,25,22,20,13,7,20,10,10,3,2,1,4,0,4,0,0,0
54547307,20,12,8,11,8,3,6,3,3,2,1,1,1,0,1,0,0,0
54547308,71,37,34,27,16,11,26,13,13,10,5,5,8,3,5,0,0,0
54548101,26,14,12,6,3,3,20,11,9,0,0,0,0,0,0,0,0,0
54548102,1076,531,545,464,257,207,412,201,211,132,60,72,66,11,55,2,2,0
54548103,25,14,11,10,6,4,10,4,6,5,4,1,0,0,0,0,0,0
54548104,26,12,14,7,3,4,19,9,10,0,0,0,0,0,0,0,0,0
54548105,45,25,20,17,12,5,17,9,8,6,2,4,5,2,3,0,0,0
54548106,28,17,11,6,4,2,15,8,7,5,4,1,2,1,1,0,0,0
0414832,0,0,0,0,0,0,0,0,0,0,0,0,0,0,0,0,0,0
54549001,90,42,48,29,14,15,43,22,21,8,3,5,9,2,7,1,1,0
54549002,565,270,295,222,106,116,260,130,130,54,23,31,27,10,17,2,1,1
54549003,35,18,17,16,9,7,13,7,6,4,2,2,2,0,2,0,0,0
54549004,150,74,76,61,33,28,58,29,29,17,8,9,13,3,10,1,1,0
54549005,27,12,15,12,4,8,14,7,7,0,0,0,1,1,0,0,0,0
54549006,86,41,45,28,14,14,46,23,23,3,2,1,7,2,5,0,0,0
54549007,125,64,61,45,28,17,64,32,32,3,1,2,13,3,10,0,0,0
54550301,120,64,56,54,30,24,42,21,21,16,9,7,8,4,4,0,0,0
54550302,304,161,143,138,87,51,84,42,42,48,24,24,33,8,25,1,0,1
3304770,0,0,0,0,0,0,0,0,0,0,0,0,0,0,0,0,0,0
3917510,0,0,0,0,0,0,0,0,0,0,0,0,0,0,0,0,0,0
54551101,35,21,14,10,7,3,19,10,9,4,3,1,2,1,1,0,0,0
54551104,62,34,28,33,21,12,25,12,13,4,1,3,0,0,0,0,0,0
54551106,1652,799,853,638,366,272,586,288,298,232,106,126,191,36,155,5,3,2
54551108,22,10,12,5,2,3,10,5,5,3,2,1,4,1,3,0,0,0
54551110,43,23,20,13,7,6,18,11,7,7,2,5,3,1,2,0,0,0
54551111,78,47,31,30,22,8,32,17,15,7,5,2,9,3,6,0,0,0
54551112,32,15,17,13,5,8,15,8,7,3,2,1,1,0,1,0,0,0
54551113,43,26,17,14,10,4,19,10,9,6,4,2,4,2,2,0,0,0
54551114,42,22,20,17,9,8,21,10,11,3,3,0,1,0,1,0,0,0
0452761,0,0,0,0,0,0,0,0,0,0,0,0,0,0,0,0,0,0
1502580,0,0,0,0,0,0,0,0,0,0,0,0,0,0,0,0,0,0
54552001,671,354,317,295,177,118,252,126,126,83,43,40,39,8,31,2,0,2
54552002,57,29,28,25,11,14,24,12,12,7,5,2,1,1,0,0,0,0
54552003,43,25,18,24,15,9,8,5,3,9,3,6,2,2,0,0,0,0
54552005,45,24,21,30,17,13,8,4,4,6,3,3,1,0,1,0,0,0
53622901,62,32,30,29,17,12,24,12,12,6,3,3,3,0,3,0,0,0
53622903,39,20,19,18,8,10,18,10,8,2,2,0,1,0,1,0,0,0
0553440,0,0,0,0,0,0,0,0,0,0,0,0,0,0,0,0,0,0
3304420,0,0,0,0,0,0,0,0,0,0,0,0,0,0,0,0,0,0
54554601,102,51,51,44,23,21,43,23,20,9,3,6,6,2,4,0,0,0
54554603,99,59,40,55,35,20,15,7,8,27,17,10,2,0,2,0,0,0
54554605,1024,514,510,441,247,194,397,196,201,112,54,58,72,15,57,2,2,0
54555401,584,293,291,279,153,126,215,107,108,64,25,39,26,8,18,0,0,0
54555402,478,235,243,192,105,87,213,106,107,40,18,22,32,6,26,1,0,1
54555403,55,26,29,23,12,11,19,9,10,9,3,6,3,1,2,1,1,0
54555404,136,68,68,60,33,27,59,29,30,12,6,6,5,0,5,0,0,0
54555405,153,80,73,80,42,38,46,24,22,17,11,6,10,3,7,0,0,0
54555406,22,11,11,6,4,2,12,6,6,2,1,1,2,0,2,0,0,0
54555407,121,58,63,60,29,31,46,23,23,9,5,4,6,1,5,0,0,0
54555409,26,13,13,16,7,9,8,4,4,1,1,0,0,0,0,1,1,0
54555410,193,93,100,79,38,41,80,41,39,31,14,17,3,0,3,0,0,0
54555411,63,25,38,33,15,18,14,7,7,10,3,7,6,0,6,0,0,0
54555412,77,40,37,47,25,22,21,10,11,8,5,3,1,0,1,0,0,0
0631260,0,0,0,0,0,0,0,0,0,0,0,0,0,0,0,0,0,0
54556201,344,212,132,129,88,41,155,91,64,27,16,11,21,5,16,12,12,0
54556202,34,21,13,14,12,2,14,7,7,4,2,2,2,0,2,0,0,0
54556203,45,26,19,19,14,5,14,7,7,6,4,2,6,1,5,0,0,0
54556204,72,43,29,31,21,10,30,15,15,10,6,4,0,0,0,1,1,0
54556205,23,12,11,8,6,2,6,3,3,5,2,3,4,1,3,0,0,0
54556206,163,90,73,74,42,32,52,27,25,24,15,9,13,6,7,0,0,0
54556208,68,35,33,32,21,11,27,14,13,5,0,5,4,0,4,0,0,0
54556209,109,59,50,44,25,19,49,26,23,12,7,5,4,1,3,0,0,0
54556210,40,22,18,20,15,5,16,7,9,1,0,1,3,0,3,0,0,0
54556211,77,43,34,35,22,13,35,19,16,5,2,3,2,0,2,0,0,0
54556214,1134,548,586,476,256,220,410,205,205,156,71,85,88,13,75,4,3,1
54556216,850,454,396,429,251,178,225,114,111,147,78,69,44,7,37,5,4,1
54556217,1019,538,481,394,241,153,464,237,227,90,46,44,68,11,57,2,2,0
54556218,1502,728,774,608,341,267,593,297,296,180,70,110,112,14,98,9,6,3
54556220,1316,677,639,560,324,236,509,271,238,160,64,96,82,16,66,5,2,3
54556221,160,83,77,62,35,27,74,37,37,17,8,9,7,3,4,0,0,0
54556222,38,22,16,9,7,2,17,8,9,10,7,3,2,0,2,0,0,0
54557101,817,423,394,369,212,157,350,177,173,64,30,34,32,4,28,0,0,0
54557102,81,40,41,39,21,18,31,16,15,6,2,4,4,0,4,1,1,0
54557103,95,51,44,40,24,16,43,22,21,6,5,1,6,0,6,0,0,0
54557104,43,22,21,15,7,8,23,12,11,1,1,0,4,2,2,0,0,0
54557105,43,21,22,16,9,7,15,7,8,8,3,5,4,2,2,0,0,0
54557106,170,80,90,72,33,39,71,34,37,14,9,5,10,3,7,1,1,0
54557107,1242,605,637,483,262,221,542,267,275,119,51,68,95,23,72,2,2,0
54557108,86,38,48,30,14,16,36,18,18,7,5,2,13,1,12,0,0,0
54557109,22,9,13,7,2,5,13,7,6,2,0,2,0,0,0,0,0,0
54557110,234,122,112,97,58,39,96,48,48,23,11,12,18,5,13,0,0,0
54557112,86,51,35,39,29,10,33,16,17,8,4,4,5,1,4,1,1,0
54557113,40,25,15,16,11,5,16,10,6,7,4,3,1,0,1,0,0,0
54559701,445,230,215,218,121,97,142,74,68,58,27,31,26,8,18,1,0,1
54559702,139,66,73,55,25,30,53,27,26,24,13,11,7,1,6,0,0,0
54559703,50,26,24,25,14,11,18,9,9,5,2,3,2,1,1,0,0,0
1989190,0,0,0,0,0,0,0,0,0,0,0,0,0,0,0,0,0,0
54560102,60,40,20,38,29,9,6,3,3,13,7,6,3,1,2,0,0,0
54560103,64,31,33,27,13,14,31,15,16,6,3,3,0,0,0,0,0,0
54560105,73,43,30,39,29,10,19,10,9,5,2,3,10,2,8,0,0,0
54560106,1211,601,610,516,288,228,417,206,211,197,87,110,77,18,59,4,2,2
54560107,37,23,14,7,5,2,20,11,9,7,5,2,3,2,1,0,0,0
0911540,0,0,0,0,0,0,0,0,0,0,0,0,0,0,0,0,0,0
54561901,46,22,24,19,10,9,21,10,11,4,2,2,2,0,2,0,0,0
54561902,89,47,42,33,19,14,46,23,23,5,4,1,5,1,4,0,0,0
54561903,39,18,21,18,9,9,15,8,7,4,1,3,2,0,2,0,0,0
54561904,48,25,23,19,11,8,18,9,9,4,2,2,7,3,4,0,0,0
54561905,1014,530,484,473,263,210,397,199,198,100,56,44,41,11,30,3,1,2
54561906,114,59,55,53,30,23,38,20,18,12,5,7,9,2,7,2,2,0
0871650,0,0,0,0,0,0,0,0,0,0,0,0,0,0,0,0,0,0
1157890,0,0,0,0,0,0,0,0,0,0,0,0,0,0,0,0,0,0
1157970,0,0,0,0,0,0,0,0,0,0,0,0,0,0,0,0,0,0
53629601,72,35,37,29,15,14,27,14,13,11,5,6,5,1,4,0,0,0
53629603,30,17,13,9,6,3,16,8,8,4,3,1,1,0,1,0,0,0
53629604,41,20,21,16,8,8,13,7,6,9,5,4,2,0,2,1,0,1
54562701,59,35,24,27,19,8,17,8,9,11,7,4,4,1,3,0,0,0
54562702,45,24,21,22,12,10,18,9,9,5,3,2,0,0,0,0,0,0
54562704,222,111,111,90,48,42,96,48,48,23,12,11,13,3,10,0,0,0
54562705,77,41,36,38,23,15,33,16,17,3,2,1,3,0,3,0,0,0
54562708,53,25,28,17,8,9,29,15,14,3,2,1,4,0,4,0,0,0
59862301,55,26,29,25,13,12,15,8,7,11,4,7,4,1,3,0,0,0
59862302,230,111,119,105,51,54,104,51,53,11,7,4,10,2,8,0,0,0
54564301,25,16,9,13,10,3,5,3,2,4,2,2,3,1,2,0,0,0
54564302,382,197,185,146,94,52,157,78,79,47,19,28,32,6,26,0,0,0
54564303,47,24,23,14,8,6,16,8,8,12,6,6,5,2,3,0,0,0
51366101,57,28,29,27,13,14,24,13,11,5,2,3,1,0,1,0,0,0
51366103,335,169,166,139,80,59,150,76,74,19,10,9,27,3,24,0,0,0
54566001,32,14,18,16,7,9,15,7,8,0,0,0,1,0,1,0,0,0
54566002,84,49,35,35,24,11,34,18,16,7,4,3,4,0,4,4,3,1
54566003,262,126,136,122,57,65,93,48,45,32,17,15,15,4,11,0,0,0
54566004,91,47,44,33,18,15,42,21,21,12,5,7,4,3,1,0,0,0
54566005,35,20,15,19,13,6,8,4,4,5,3,2,3,0,3,0,0,0
54566006,48,24,24,26,14,12,14,7,7,6,3,3,1,0,1,1,0,1
1248000,0,0,0,0,0,0,0,0,0,0,0,0,0,0,0,0,0,0
54569403,207,112,95,97,56,41,69,36,33,33,16,17,6,2,4,2,2,0
3307520,0,0,0,0,0,0,0,0,0,0,0,0,0,0,0,0,0,0
50019401,52,28,24,21,11,10,21,10,11,9,7,2,1,0,1,0,0,0
50019402,146,78,68,93,51,42,35,18,17,16,9,7,2,0,2,0,0,0
0353190,0,0,0,0,0,0,0,0,0,0,0,0,0,0,0,0,0,0
54571602,32,14,18,13,4,9,11,6,5,5,4,1,3,0,3,0,0,0
54571603,56,27,29,16,10,6,29,13,16,9,4,5,2,0,2,0,0,0
54571605,99,58,41,26,17,9,51,27,24,17,12,5,5,2,3,0,0,0
1359170,0,0,0,0,0,0,0,0,0,0,0,0,0,0,0,0,0,0
54572402,87,47,40,56,32,24,24,12,12,5,3,2,2,0,2,0,0,0
54572404,460,229,231,204,108,96,186,94,92,46,23,23,24,4,20,0,0,0
54572406,32,12,20,9,2,7,13,6,7,7,4,3,3,0,3,0,0,0
54572407,44,27,17,16,10,6,18,10,8,7,5,2,3,2,1,0,0,0
54572409,37,18,19,13,5,8,15,8,7,7,4,3,2,1,1,0,0,0
54573201,188,94,94,71,39,32,87,43,44,19,9,10,10,2,8,1,1,0
54576701,134,72,62,63,36,27,54,28,26,9,6,3,8,2,6,0,0,0
54576702,209,115,94,101,61,40,70,34,36,26,16,10,11,4,7,1,0,1
1428160,0,0,0,0,0,0,0,0,0,0,0,0,0,0,0,0,0,0
54577503,53,31,22,33,22,11,12,5,7,5,2,3,3,2,1,0,0,0
54577506,320,170,150,137,81,56,125,63,62,42,21,21,15,4,11,1,1,0
54577507,26,12,14,11,4,7,9,4,5,3,2,1,3,2,1,0,0,0
54580501,20,14,6,11,9,2,8,4,4,1,1,0,0,0,0,0,0,0
54580502,23,12,11,11,6,5,10,5,5,2,1,1,0,0,0,0,0,0
54580503,315,162,153,117,72,45,145,73,72,30,13,17,21,3,18,2,1,1
53624501,323,161,162,117,64,53,147,72,75,35,22,13,23,2,21,1,1,0
55153801,204,120,84,86,60,26,77,45,32,30,14,16,9,0,9,2,1,1
55153802,125,62,63,42,21,21,62,31,31,14,7,7,6,2,4,1,1,0
55153803,58,31,27,28,16,12,22,11,11,7,4,3,1,0,1,0,0,0
1606360,0,0,0,0,0,0,0,0,0,0,0,0,0,0,0,0,0,0
54581303,229,116,113,104,59,45,83,42,41,27,14,13,15,1,14,0,0,0
54582101,27,15,12,6,6,0,12,6,6,4,3,1,5,0,5,0,0,0
54582102,52,26,26,16,8,8,24,12,12,10,6,4,2,0,2,0,0,0
54582103,59,27,32,21,10,11,29,15,14,5,2,3,4,0,4,0,0,0
54582105,35,17,18,14,7,7,14,7,7,3,2,1,4,1,3,0,0,0
54582106,3445,1693,1752,1441,792,649,1349,676,673,442,178,264,204,42,162,9,5,4
54582107,160,82,78,60,32,28,79,40,39,12,8,4,9,2,7,0,0,0
54583001,32,18,14,13,9,4,11,5,6,4,4,0,4,0,4,0,0,0
54583002,45,21,24,20,10,10,18,9,9,4,1,3,2,1,1,1,0,1
54583004,36,20,16,16,10,6,17,9,8,2,1,1,1,0,1,0,0,0
54583005,22,13,9,5,4,1,15,8,7,2,1,1,0,0,0,0,0,0
54583006,88,47,41,66,35,31,10,5,5,7,4,3,4,2,2,1,1,0
54583007,3064,1555,1509,1451,822,629,990,492,498,436,201,235,181,36,145,6,4,2
54583009,37,20,17,16,9,7,12,7,5,7,4,3,2,0,2,0,0,0
54583010,35,17,18,14,6,8,12,6,6,4,4,0,5,1,4,0,0,0
54583011,251,132,119,102,55,47,112,55,57,25,16,9,12,6,6,0,0,0
53630001,88,48,40,38,22,16,40,19,21,6,5,1,4,2,2,0,0,0
53630002,71,30,41,36,14,22,18,9,9,11,5,6,6,2,4,0,0,0
1889812,0,0,0,0,0,0,0,0,0,0,0,0,0,0,0,0,0,0
1890060,0,0,0,0,0,0,0,0,0,0,0,0,0,0,0,0,0,0
54584802,64,36,28,38,24,14,15,7,8,7,5,2,4,0,4,0,0,0
54584803,35,18,17,19,11,8,12,6,6,4,1,3,0,0,0,0,0,0
54584804,49,27,22,17,10,7,26,13,13,4,3,1,2,1,1,0,0,0
54584805,119,71,48,44,32,12,44,24,20,21,13,8,10,2,8,0,0,0
54584806,45,26,19,25,15,10,12,6,6,6,4,2,2,1,1,0,0,0
54584807,206,100,106,106,50,56,73,35,38,17,13,4,10,2,8,0,0,0
54584808,64,33,31,28,14,14,23,13,10,5,3,2,8,3,5,0,0,0
54584809,1861,938,923,786,447,339,758,381,377,212,91,121,97,14,83,7,4,3
54586401,133,65,68,50,27,23,60,30,30,12,6,6,11,2,9,0,0,0
54586402,197,95,102,81,42,39,88,44,44,19,7,12,9,2,7,0,0,0
54586403,264,127,137,111,55,56,116,58,58,22,10,12,15,4,11,0,0,0
54586404,178,94,84,69,37,32,74,39,35,21,13,8,14,5,9,0,0,0
54587201,72,40,32,28,20,8,33,17,16,5,2,3,6,1,5,0,0,0
54587202,288,149,139,126,73,53,116,59,57,20,12,8,25,5,20,1,0,1
54587203,64,33,31,28,16,12,24,12,12,6,3,3,6,2,4,0,0,0
53623701,95,43,52,40,18,22,38,19,19,10,6,4,7,0,7,0,0,0
56272601,108,61,47,37,25,12,53,27,26,11,7,4,5,0,5,2,2,0
56254801,116,57,59,51,29,22,41,20,21,12,6,6,11,1,10,1,1,0
56105301,182,93,89,74,44,30,72,37,35,18,10,8,18,2,16,0,0,0
56171101,279,141,138,115,59,56,113,56,57,38,21,17,11,3,8,0,0,0
56171103,27,11,16,11,4,7,13,6,7,2,1,1,1,0,1,0,0,0
56171104,52,26,26,15,8,7,25,13,12,12,5,7,0,0,0,0,0,0
56171105,42,21,21,17,9,8,16,8,8,8,4,4,1,0,1,0,0,0
56171106,68,41,27,30,20,10,23,12,11,11,8,3,4,1,3,0,0,0
56274201,97,48,49,49,26,23,28,14,14,12,6,6,7,1,6,1,1,0
50773301,113,59,54,34,24,10,53,26,27,9,4,5,16,5,11,1,0,1
54602001,23,15,8,13,11,2,7,3,4,0,0,0,3,1,2,0,0,0
54602002,185,96,89,86,50,36,74,37,37,15,7,8,9,2,7,1,0,1
54603801,408,204,204,185,100,85,171,85,86,30,14,16,20,3,17,2,2,0
54603802,150,77,73,59,37,22,72,36,36,6,3,3,13,1,12,0,0,0
54603803,36,18,18,16,11,5,14,7,7,2,0,2,4,0,4,0,0,0
54603804,86,48,38,47,32,15,30,16,14,3,0,3,6,0,6,0,0,0
50919101,158,81,77,65,40,25,62,31,31,15,7,8,16,3,13,0,0,0
54605401,297,161,136,130,82,48,114,57,57,32,16,16,21,6,15,0,0,0
54605402,86,38,48,33,16,17,39,20,19,8,2,6,6,0,6,0,0,0
54605403,43,22,21,8,6,2,20,10,10,10,5,5,5,1,4,0,0,0
54605404,65,30,35,20,8,12,35,18,17,7,3,4,3,1,2,0,0,0
50911601,208,110,98,93,56,37,89,46,43,12,6,6,13,1,12,1,1,0
54608901,3327,1656,1671,1467,803,664,1172,593,579,414,191,223,241,50,191,33,19,14
54609701,566,290,276,228,129,99,245,123,122,54,31,23,37,5,32,2,2,0
54609703,22,11,11,6,3,3,13,6,7,1,1,0,2,1,1,0,0,0
54609705,58,29,29,24,13,11,18,9,9,9,6,3,7,1,6,0,0,0
54609706,128,62,66,58,30,28,53,27,26,10,3,7,7,2,5,0,0,0
54609707,63,28,35,20,12,8,29,13,16,8,2,6,6,1,5,0,0,0
54609711,35,18,17,13,8,5,13,6,7,4,3,1,5,1,4,0,0,0
54610101,383,206,177,159,102,57,169,83,86,30,18,12,25,3,22,0,0,0
54610102,41,22,19,19,12,7,17,9,8,1,0,1,3,0,3,1,1,0
54610103,43,20,23,16,9,7,16,8,8,5,1,4,5,2,3,1,0,1
54610104,62,33,29,23,13,10,32,17,15,4,2,2,2,1,1,1,0,1
54610106,50,26,24,20,11,9,24,12,12,1,0,1,5,3,2,0,0,0
54610107,106,49,57,37,17,20,44,22,22,20,9,11,5,1,4,0,0,0
56170301,242,122,120,92,55,37,105,52,53,26,14,12,18,1,17,1,0,1
56170303,75,39,36,33,19,14,30,15,15,5,3,2,7,2,5,0,0,0
56170304,155,80,75,61,31,30,59,30,29,21,16,5,14,3,11,0,0,0
3082180,0,0,0,0,0,0,0,0,0,0,0,0,0,0,0,0,0,0
3082260,0,0,0,0,0,0,0,0,0,0,0,0,0,0,0,0,0,0
3082340,0,0,0,0,0,0,0,0,0,0,0,0,0,0,0,0,0,0
54612701,380,194,186,156,87,69,177,88,89,33,17,16,13,2,11,1,0,1
54612702,150,80,70,63,37,26,76,39,37,9,4,5,2,0,2,0,0,0
54612703,42,21,21,15,7,8,22,12,10,3,2,1,2,0,2,0,0,0
54612704,318,162,156,120,64,56,155,79,76,20,15,5,23,4,19,0,0,0
54612705,96,41,55,43,18,25,39,19,20,9,4,5,5,0,5,0,0,0
54612706,89,45,44,33,20,13,49,23,26,4,2,2,3,0,3,0,0,0
54612707,115,56,59,48,25,23,46,23,23,13,8,5,8,0,8,0,0,0
54612708,55,29,26,21,13,8,30,15,15,1,1,0,3,0,3,0,0,0
54612709,176,93,83,77,46,31,82,41,41,8,4,4,9,2,7,0,0,0
54612710,141,66,75,63,31,32,63,31,32,5,3,2,10,1,9,0,0,0
54612711,140,68,72,64,33,31,58,29,29,9,4,5,9,2,7,0,0,0
54612712,728,349,379,297,171,126,230,117,113,109,50,59,90,10,80,2,1,1
54612713,324,157,167,113,74,39,127,63,64,32,14,18,51,6,45,1,0,1
54612714,882,434,448,331,188,143,380,193,187,83,38,45,87,14,73,1,1,0
54612715,548,271,277,241,128,113,209,107,102,62,30,32,34,6,28,0,0,0
54612716,2838,1335,1503,1056,570,486,1196,595,601,340,130,210,236,33,203,10,7,3
54614301,47,27,20,18,13,5,23,11,12,3,2,1,3,1,2,0,0,0
54614302,269,140,129,123,75,48,88,45,43,36,16,20,21,3,18,1,1,0
54614303,29,16,13,13,9,4,12,6,6,1,1,0,3,0,3,0,0,0
54614304,28,15,13,10,5,5,11,6,5,4,3,1,3,1,2,0,0,0
54614305,42,19,23,13,6,7,22,10,12,4,3,1,3,0,3,0,0,0
54614306,50,26,24,21,12,9,20,10,10,4,2,2,5,2,3,0,0,0
54614307,111,51,60,53,28,25,24,12,12,12,5,7,22,6,16,0,0,0
54615101,667,331,336,258,145,113,301,147,154,62,31,31,44,6,38,2,2,0
54615102,29,16,13,11,7,4,10,5,5,7,4,3,1,0,1,0,0,0
52975301,74,42,32,25,17,8,40,19,21,8,6,2,1,0,1,0,0,0
56241601,45,26,19,17,12,5,27,14,13,0,0,0,1,0,1,0,0,0
56246701,406,201,205,174,88,86,187,95,92,34,15,19,11,3,8,0,0,0
56260201,82,44,38,38,23,15,38,20,18,4,0,4,2,1,1,0,0,0
56260202,68,37,31,30,15,15,27,14,13,9,7,2,2,1,1,0,0,0
56284001,82,40,42,35,21,14,36,17,19,7,2,5,4,0,4,0,0,0
56284002,334,152,182,151,69,82,122,60,62,39,20,19,21,2,19,1,1,0
50761001,85,42,43,39,20,19,27,14,13,10,5,5,7,2,5,2,1,1
56098702,51,24,27,19,10,9,23,12,11,3,1,2,6,1,5,0,0,0
56281501,218,112,106,95,55,40,92,46,46,21,7,14,10,4,6,0,0,0
50914101,344,163,181,139,72,67,161,80,81,22,10,12,19,1,18,1,0,1
56263701,148,68,80,52,25,27,65,33,32,11,8,3,19,2,17,1,0,1
56269601,48,22,26,23,11,12,14,7,7,3,1,2,8,3,5,0,0,0
56280701,167,85,82,55,38,17,71,36,35,20,8,12,21,3,18,0,0,0
56238601,93,52,41,37,21,16,35,19,16,16,10,6,5,2,3,0,0,0
56238602,254,124,130,105,63,42,107,52,55,22,8,14,20,1,19,0,0,0
54629102,136,66,70,54,29,25,54,27,27,15,8,7,12,1,11,1,1,0
54629103,31,14,17,20,11,9,4,2,2,1,1,0,5,0,5,1,0,1
54629104,71,35,36,29,17,12,32,16,16,3,2,1,7,0,7,0,0,0
54630501,86,40,46,35,17,18,38,19,19,5,2,3,7,1,6,1,1,0
59865801,90,43,47,34,17,17,37,19,18,8,4,4,11,3,8,0,0,0
56278501,74,40,34,34,23,11,23,12,11,7,3,4,10,2,8,0,0,0
54636401,47,21,26,13,6,7,24,13,11,4,1,3,6,1,5,0,0,0
54636402,399,202,197,154,87,67,179,90,89,42,18,24,23,7,16,1,0,1
54636403,99,51,48,41,25,16,34,16,18,15,9,6,9,1,8,0,0,0
0439232,0,0,0,0,0,0,0,0,0,0,0,0,0,0,0,0,0,0
54638102,184,90,94,64,32,32,92,47,45,19,10,9,9,1,8,0,0,0
54638104,68,34,34,32,19,13,17,9,8,13,6,7,6,0,6,0,0,0
56106101,208,99,109,89,40,49,92,45,47,22,14,8,5,0,5,0,0,0
56231901,134,73,61,60,40,20,57,28,29,7,2,5,9,2,7,1,1,0
54640201,386,183,203,166,80,86,156,79,77,47,23,24,17,1,16,0,0,0
54640202,31,19,12,16,10,6,9,5,4,5,4,1,1,0,1,0,0,0
56283101,75,38,37,27,14,13,39,20,19,5,3,2,4,1,3,0,0,0
54644501,40,18,22,11,6,5,18,9,9,4,2,2,7,1,6,0,0,0
54644502,290,144,146,123,68,55,139,70,69,10,3,7,17,2,15,1,1,0
54646101,907,451,456,341,200,141,357,177,180,124,59,65,82,14,68,3,1,2
54646102,213,102,111,74,39,35,89,46,43,26,10,16,21,5,16,3,2,1
54646103,27,17,10,9,7,2,15,7,8,3,3,0,0,0,0,0,0,0
54646104,26,14,12,15,8,7,9,4,5,1,1,0,1,1,0,0,0,0
54646105,34,17,17,11,5,6,20,10,10,2,1,1,1,1,0,0,0,0
54646106,41,24,17,18,11,7,20,10,10,2,2,0,1,1,0,0,0,0
54646107,236,104,132,73,39,34,100,49,51,24,7,17,37,7,30,2,2,0
54646108,87,44,43,26,13,13,37,20,17,14,8,6,10,3,7,0,0,0
54646109,84,41,43,28,14,14,43,21,22,8,5,3,5,1,4,0,0,0
54646110,178,90,88,62,35,27,81,42,39,16,9,7,18,3,15,1,1,0
54650001,57,24,33,23,9,14,24,12,12,6,3,3,4,0,4,0,0,0
54650002,44,22,22,23,11,12,16,8,8,5,3,2,0,0,0,0,0,0
54650004,671,337,334,268,154,114,284,144,140,73,31,42,44,8,36,2,0,2
54650005,25,14,11,12,6,6,10,5,5,2,2,0,1,1,0,0,0,0
54650006,88,41,47,39,17,22,39,20,19,5,3,2,4,0,4,1,1,0
54650007,154,77,77,62,37,25,65,33,32,16,6,10,11,1,10,0,0,0
54650008,30,15,15,17,9,8,12,6,6,1,0,1,0,0,0,0,0,0
56276901,123,60,63,47,25,22,61,30,31,9,4,5,6,1,5,0,0,0
0606070,0,0,0,0,0,0,0,0,0,0,0,0,0,0,0,0,0,0
0606580,0,0,0,0,0,0,0,0,0,0,0,0,0,0,0,0,0,0
3082510,0,0,0,0,0,0,0,0,0,0,0,0,0,0,0,0,0,0
3378030,0,0,0,0,0,0,0,0,0,0,0,0,0,0,0,0,0,0
54588101,245,120,125,100,53,47,105,52,53,21,11,10,19,4,15,0,0,0
54588102,55,31,24,16,11,5,28,14,14,6,4,2,5,2,3,0,0,0
54588103,262,135,127,110,58,52,113,56,57,24,14,10,15,7,8,0,0,0
54588104,252,121,131,84,42,42,116,60,56,32,16,16,18,2,16,2,1,1
54588105,271,126,145,105,46,59,129,64,65,28,15,13,9,1,8,0,0,0
54588106,195,92,103,83,39,44,84,43,41,19,9,10,9,1,8,0,0,0
54588107,250,132,118,112,63,49,102,51,51,26,12,14,9,6,3,1,0,1
54588108,754,335,419,312,170,142,192,96,96,126,49,77,123,20,103,1,0,1
54588109,586,291,295,254,134,120,267,132,135,41,20,21,23,4,19,1,1,0
54588110,388,190,198,139,75,64,192,95,97,27,13,14,28,5,23,0,0,0
54588111,215,107,108,105,62,43,63,31,32,28,11,17,18,3,15,1,0,1
54588112,79,45,34,31,20,11,38,19,19,7,5,2,3,1,2,0,0,0
54588113,590,295,295,298,168,130,188,94,94,75,28,47,25,4,21,4,1,3
54588114,1074,494,580,473,258,215,306,155,151,178,61,117,116,19,97,1,1,0
54588115,287,127,160,87,48,39,106,52,54,42,20,22,50,5,45,2,2,0
54588116,1296,593,703,562,303,259,430,212,218,195,65,130,103,11,92,4,2,2
54588117,50,25,25,19,11,8,24,12,12,3,1,2,4,1,3,0,0,0
54588118,772,432,340,394,232,162,200,102,98,141,89,52,30,5,25,7,4,3
54588119,82,46,36,40,23,17,28,15,13,10,7,3,4,1,3,0,0,0
54588122,879,435,444,332,179,153,396,198,198,92,43,49,59,15,44,0,0,0
54588123,1139,517,622,462,216,246,492,246,246,101,41,60,84,14,70,0,0,0
54588126,1254,604,650,496,263,233,517,258,259,134,64,70,106,18,88,1,1,0
54588127,619,278,341,199,106,93,269,129,140,101,36,65,49,7,42,1,0,1
54588129,77,36,41,32,15,17,22,11,11,14,6,8,9,4,5,0,0,0
54588130,231,121,110,89,53,36,90,47,43,33,14,19,19,7,12,0,0,0
54588131,3060,1422,1638,1186,631,555,1177,585,592,463,161,302,230,43,187,3,1,2
54588132,1626,763,863,648,352,296,556,276,280,257,108,149,161,25,136,4,2,2
54588133,76,37,39,35,18,17,18,9,9,16,7,9,7,3,4,0,0,0
54588134,27,15,12,11,7,4,12,6,6,3,2,1,1,0,1,0,0,0
54588135,33,14,19,13,3,10,19,10,9,1,1,0,0,0,0,0,0,0
54588136,1186,564,622,505,265,240,500,251,249,106,36,70,72,11,61,3,1,2
54588137,159,83,76,66,37,29,74,37,37,13,7,6,6,2,4,0,0,0
54588138,2368,1083,1285,1017,514,503,861,430,431,360,114,246,129,24,105,1,1,0
56249101,108,60,48,43,29,14,46,23,23,15,6,9,4,2,2,0,0,0
59863101,76,37,39,23,13,10,37,18,19,10,5,5,5,1,4,1,0,1
54654201,1882,938,944,772,429,343,723,359,364,261,123,138,125,27,98,1,0,1
54654202,49,25,24,21,13,8,18,9,9,6,3,3,4,0,4,0,0,0
54654203,26,14,12,10,6,4,12,6,6,3,2,1,1,0,1,0,0,0
54654204,86,47,39,31,21,10,43,22,21,2,1,1,10,3,7,0,0,0
54654205,104,55,49,38,24,14,51,25,26,9,4,5,5,1,4,1,1,0
56268801,164,82,82,61,32,29,64,33,31,22,13,9,17,4,13,0,0,0
50910801,302,155,147,120,73,47,131,65,66,33,16,17,17,1,16,1,0,1
50835701,164,90,74,77,49,28,64,32,32,13,7,6,10,2,8,0,0,0
0775692,0,0,0,0,0,0,0,0,0,0,0,0,0,0,0,0,0,0
0775772,0,0,0,0,0,0,0,0,0,0,0,0,0,0,0,0,0,0
54661503,1111,562,549,468,271,197,441,223,218,106,54,52,92,10,82,4,4,0
54661504,58,31,27,30,18,12,22,11,11,3,2,1,3,0,3,0,0,0
54661505,97,48,49,45,26,19,36,18,18,5,3,2,10,0,10,0,0,0
54661508,23,10,13,7,3,4,13,6,7,1,0,1,1,0,1,0,0,0
54661509,93,47,46,40,23,17,28,15,13,14,8,6,11,1,10,0,0,0
54662302,540,282,258,240,141,99,218,107,111,50,29,21,30,4,26,2,1,1
54666601,419,212,207,154,89,65,180,92,88,51,27,24,34,4,30,0,0,0
54666602,22,9,13,4,2,2,12,6,6,5,0,5,1,1,0,0,0,0
54666603,202,107,95,92,56,36,81,41,40,17,9,8,12,1,11,0,0,0
54667401,1701,829,872,700,383,317,679,341,338,197,80,117,122,23,99,3,2,1
50850101,423,206,217,164,82,82,179,91,88,51,29,22,29,4,25,0,0,0
54671201,122,62,60,55,29,26,52,27,25,7,5,2,8,1,7,0,0,0
54671202,40,18,22,13,7,6,16,8,8,4,3,1,7,0,7,0,0,0
54671203,320,154,166,131,70,61,129,65,64,35,17,18,24,2,22,1,0,1
1986250,0,0,0,0,0,0,0,0,0,0,0,0,0,0,0,0,0,0
54679801,136,70,66,49,29,20,54,27,27,13,7,6,19,7,12,1,0,1
54679802,33,18,15,9,6,3,16,8,8,5,4,1,3,0,3,0,0,0
54679803,143,70,73,63,37,26,54,27,27,15,5,10,11,1,10,0,0,0
54679804,46,26,20,24,14,10,12,7,5,8,4,4,1,0,1,1,1,0
54679806,49,24,25,21,13,8,24,11,13,1,0,1,3,0,3,0,0,0
54679808,2449,1221,1228,1010,560,450,998,497,501,257,123,134,179,39,140,5,2,3
54679809,67,35,32,30,17,13,24,12,12,8,3,5,3,1,2,2,2,0
54679811,56,29,27,25,14,11,25,13,12,3,1,2,3,1,2,0,0,0
54679812,59,32,27,19,13,6,22,11,11,11,7,4,7,1,6,0,0,0
54679814,21,10,11,7,4,3,11,6,5,2,0,2,1,0,1,0,0,0
54679815,30,17,13,7,5,2,20,10,10,2,2,0,1,0,1,0,0,0
56273401,120,61,59,49,29,20,50,26,24,11,5,6,9,1,8,1,0,1
54680101,29,16,13,15,9,6,8,4,4,3,3,0,3,0,3,0,0,0
54680103,2139,1055,1084,831,479,352,841,424,417,263,118,145,197,32,165,7,2,5
56236001,211,107,104,90,52,38,83,42,41,30,11,19,8,2,6,0,0,0
56236002,20,11,9,4,2,2,9,5,4,4,2,2,3,2,1,0,0,0
56236003,64,31,33,24,13,11,28,14,14,7,3,4,5,1,4,0,0,0
56236005,35,21,14,11,8,3,15,8,7,6,4,2,3,1,2,0,0,0
54684401,132,67,65,53,30,23,57,29,28,15,6,9,7,2,5,0,0,0
54684402,21,13,8,9,6,3,6,3,3,5,4,1,1,0,1,0,0,0
54684403,100,59,41,37,23,14,41,21,20,16,10,6,6,5,1,0,0,0
54684404,73,39,34,28,18,10,30,15,15,9,5,4,6,1,5,0,0,0
54684405,361,192,169,151,87,64,153,81,72,35,18,17,22,6,16,0,0,0
56247501,214,107,107,81,49,32,92,46,46,27,12,15,14,0,14,0,0,0
50771701,119,65,54,56,35,21,50,25,25,8,4,4,5,1,4,0,0,0
50771702,300,159,141,128,76,52,140,69,71,20,12,8,11,1,10,1,1,0
50771703,44,26,18,15,12,3,23,11,12,3,2,1,3,1,2,0,0,0
54691701,43,19,24,15,7,8,20,10,10,3,2,1,5,0,5,0,0,0
54691703,38,21,17,13,8,5,6,3,3,12,8,4,7,2,5,0,0,0
54691705,24,11,13,12,6,6,6,3,3,3,2,1,3,0,3,0,0,0
54691706,288,150,138,144,88,56,80,41,39,34,18,16,29,2,27,1,1,0
54691707,56,26,30,24,12,12,18,9,9,7,4,3,7,1,6,0,0,0
56107001,103,53,50,40,21,19,51,25,26,5,4,1,7,3,4,0,0,0
50907801,432,208,224,168,94,74,174,86,88,54,25,29,36,3,33,0,0,0
50762801,171,89,82,64,34,30,70,35,35,25,16,9,12,4,8,0,0,0
54696801,27,12,15,7,5,2,14,7,7,3,0,3,3,0,3,0,0,0
54696802,100,48,52,38,19,19,50,25,25,6,4,2,6,0,6,0,0,0
54696803,92,51,41,31,24,7,47,24,23,8,3,5,6,0,6,0,0,0
54696804,30,17,13,9,7,2,16,8,8,3,2,1,2,0,2,0,0,0
54696805,54,30,24,19,12,7,26,13,13,7,5,2,2,0,2,0,0,0
54696806,190,101,89,64,39,25,82,42,40,35,20,15,9,0,9,0,0,0
54696807,44,22,22,23,13,10,14,7,7,3,1,2,4,1,3,0,0,0
54696808,55,30,25,25,17,8,21,11,10,5,2,3,4,0,4,0,0,0
56245901,114,51,63,49,20,29,45,23,22,16,7,9,4,1,3,0,0,0
56267001,109,56,53,35,21,14,53,28,25,13,7,6,8,0,8,0,0,0
56265301,83,41,42,31,15,16,32,16,16,10,7,3,9,2,7,1,1,0
54699201,80,41,39,32,18,14,33,17,16,9,4,5,6,2,4,0,0,0
54699203,388,205,183,149,90,59,169,85,84,44,26,18,25,4,21,0,0,0
56108802,275,142,133,116,69,47,98,51,47,33,18,15,27,4,23,1,0,1
1986170,0,0,0,0,0,0,0,0,0,0,0,0,0,0,0,0,0,0
54706901,61,30,31,15,6,9,34,18,16,10,6,4,2,0,2,0,0,0
54706903,553,290,263,244,131,113,218,112,106,64,38,26,23,7,16,4,2,2
50778401,188,95,93,72,41,31,74,37,37,23,15,8,18,2,16,1,0,1
54708501,255,140,115,107,63,44,107,56,51,30,19,11,10,1,9,1,1,0
54708502,364,189,175,139,79,60,177,89,88,28,18,10,20,3,17,0,0,0
50800401,210,103,107,94,49,45,86,42,44,17,10,7,12,1,11,1,1,0
56099501,61,28,33,21,11,10,28,14,14,9,3,6,3,0,3,0,0,0
1985280,0,0,0,0,0,0,0,0,0,0,0,0,0,0,0,0,0,0
54716603,55,33,22,25,17,8,18,9,9,7,5,2,5,2,3,0,0,0
54716604,2105,1061,1044,845,482,363,895,447,448,213,108,105,151,24,127,0,0,0
54716606,44,21,23,16,7,9,18,10,8,6,3,3,4,1,3,0,0,0
54716607,37,19,18,11,7,4,20,10,10,5,2,3,1,0,1,0,0,0
56104502,113,53,60,51,27,24,39,20,19,11,5,6,12,1,11,0,0,0
56237801,123,70,53,37,29,8,64,33,31,9,6,3,13,2,11,0,0,0
56237802,70,31,39,22,11,11,32,15,17,8,5,3,8,0,8,0,0,0
54720401,36,17,19,13,8,5,13,7,6,4,1,3,6,1,5,0,0,0
54720403,401,200,201,177,95,82,150,75,75,45,24,21,29,6,23,0,0,0
54720404,70,32,38,31,14,17,29,14,15,5,2,3,4,1,3,1,1,0
1985360,0,0,0,0,0,0,0,0,0,0,0,0,0,0,0,0,0,0
1985440,0,0,0,0,0,0,0,0,0,0,0,0,0,0,0,0,0,0
1985520,0,0,0,0,0,0,0,0,0,0,0,0,0,0,0,0,0,0
1985610,0,0,0,0,0,0,0,0,0,0,0,0,0,0,0,0,0,0
1985790,0,0,0,0,0,0,0,0,0,0,0,0,0,0,0,0,0,0
1985870,0,0,0,0,0,0,0,0,0,0,0,0,0,0,0,0,0,0
1985950,0,0,0,0,0,0,0,0,0,0,0,0,0,0,0,0,0,0
1986090,0,0,0,0,0,0,0,0,0,0,0,0,0,0,0,0,0,0
54721204,400,208,192,163,99,64,147,74,73,56,29,27,34,6,28,0,0,0
54721207,36,21,15,12,11,1,17,8,9,3,2,1,4,0,4,0,0,0
54722101,96,40,56,33,14,19,48,23,25,6,2,4,9,1,8,0,0,0
54722102,24,12,12,14,7,7,8,4,4,1,1,0,1,0,1,0,0,0
54722103,22,9,13,15,6,9,4,2,2,1,1,0,2,0,2,0,0,0
54722105,702,335,367,282,145,137,288,144,144,80,40,40,52,6,46,0,0,0
54723901,218,113,105,94,57,37,79,41,38,36,15,21,9,0,9,0,0,0
54723902,67,32,35,31,15,16,21,10,11,9,6,3,6,1,5,0,0,0
54723903,70,35,35,30,17,13,30,15,15,4,2,2,5,0,5,1,1,0
54723905,1015,507,508,383,218,165,443,223,220,113,51,62,72,12,60,4,3,1
54724701,72,35,37,22,13,9,38,20,18,4,2,2,8,0,8,0,0,0
54724702,134,68,66,52,27,25,52,26,26,23,13,10,7,2,5,0,0,0
54724703,246,124,122,81,48,33,111,55,56,29,15,14,22,5,17,3,1,2
50815203,164,93,71,73,50,23,64,32,32,17,9,8,9,1,8,1,1,0
50815204,321,156,165,132,74,58,117,58,59,47,19,28,22,2,20,3,3,0
50815205,55,23,32,18,8,10,24,12,12,8,3,5,5,0,5,0,0,0
54726301,59,23,36,21,8,13,25,12,13,8,3,5,5,0,5,0,0,0
54726302,46,22,24,18,11,7,19,10,9,4,1,3,4,0,4,1,0,1
54726303,121,64,57,43,27,16,55,27,28,13,9,4,10,1,9,0,0,0
54726304,81,42,39,35,20,15,29,15,14,13,6,7,4,1,3,0,0,0
54726305,95,46,49,38,21,17,39,20,19,11,4,7,7,1,6,0,0,0
54726307,40,18,22,20,10,10,14,7,7,3,1,2,3,0,3,0,0,0
54726308,1579,790,789,597,344,253,671,342,329,165,74,91,144,28,116,2,2,0
54726309,85,46,39,36,22,14,37,20,17,6,3,3,5,1,4,1,0,1
54726310,30,14,16,11,5,6,10,5,5,6,3,3,3,1,2,0,0,0
54726311,21,13,8,13,8,5,6,4,2,2,1,1,0,0,0,0,0,0
54728001,52,28,24,15,8,7,21,10,11,11,8,3,5,2,3,0,0,0
54728002,133,70,63,58,32,26,49,26,23,18,10,8,8,2,6,0,0,0
54728003,89,39,50,32,14,18,41,21,20,7,3,4,8,1,7,1,0,1
54728004,226,120,106,106,64,42,80,40,40,23,12,11,16,4,12,1,0,1
54728006,2629,1274,1355,1086,571,515,1045,527,518,301,128,173,188,43,145,9,5,4
54728008,67,34,33,31,17,14,28,14,14,5,2,3,3,1,2,0,0,0
54728009,43,25,18,14,10,4,20,10,10,6,4,2,3,1,2,0,0,0
54728010,246,107,139,99,43,56,100,48,52,27,12,15,19,3,16,0,0,0
56102901,133,64,69,41,20,21,73,36,37,12,7,5,7,1,6,0,0,0
56232701,319,155,164,130,65,65,154,77,77,16,12,4,19,1,18,0,0,0
1703210,0,0,0,0,0,0,0,0,0,0,0,0,0,0,0,0,0,0
3082850,0,0,0,0,0,0,0,0,0,0,0,0,0,0,0,0,0,0
54733601,33,17,16,17,9,8,14,7,7,0,0,0,2,1,1,0,0,0
54733602,335,174,161,152,84,68,132,66,66,26,17,9,23,5,18,0,0,0
54733603,733,361,372,277,144,133,378,187,191,45,23,22,33,7,26,0,0,0
54733604,55,25,30,29,14,15,15,8,7,8,2,6,3,1,2,0,0,0
54733605,26,17,9,15,11,4,9,5,4,2,1,1,0,0,0,0,0,0
54733606,120,62,58,45,24,21,61,31,30,7,3,4,7,4,3,0,0,0
54733607,24,12,12,8,5,3,14,7,7,0,0,0,2,0,2,0,0,0
54733608,110,57,53,39,27,12,40,21,19,19,8,11,12,1,11,0,0,0
54733609,228,116,112,93,52,41,104,52,52,16,9,7,15,3,12,0,0,0
54733610,214,105,109,90,47,43,100,50,50,15,5,10,8,2,6,1,1,0
54733612,361,183,178,149,85,64,145,71,74,43,20,23,20,3,17,2,2,0
54733614,887,413,474,300,166,134,381,192,189,88,37,51,117,18,99,1,0,1
54733615,24,11,13,12,4,8,10,5,5,0,0,0,1,1,0,1,1,0
54733616,97,46,51,40,19,21,37,19,18,14,6,8,5,1,4,1,1,0
54733617,746,352,394,265,136,129,352,179,173,60,28,32,67,7,60,2,2,0
54733618,203,96,107,84,45,39,70,34,36,27,13,14,19,4,15,3,0,3
54733619,2324,1077,1247,864,483,381,857,422,435,331,123,208,262,43,219,10,6,4
54733620,167,82,85,82,42,40,55,28,27,21,11,10,9,1,8,0,0,0
54733622,1210,596,614,480,267,213,483,243,240,158,72,86,89,14,75,0,0,0
54733623,54,18,36,18,7,11,22,11,11,4,0,4,10,0,10,0,0,0
50764401,65,33,32,21,13,8,34,17,17,4,2,2,6,1,5,0,0,0
56259901,214,111,103,82,49,33,90,46,44,25,12,13,17,4,13,0,0,0
56103701,55,28,27,22,12,10,12,6,6,16,9,7,5,1,4,0,0,0
56103702,24,14,10,11,8,3,7,4,3,2,1,1,4,1,3,0,0,0
50765201,100,51,49,42,23,19,48,24,24,7,3,4,3,1,2,0,0,0
59864001,41,26,15,14,12,2,17,9,8,4,3,1,6,2,4,0,0,0
54744101,81,43,38,32,18,14,29,15,14,8,6,2,12,4,8,0,0,0
54744102,41,24,17,14,12,2,19,10,9,4,2,2,4,0,4,0,0,0
54744104,99,51,48,38,23,15,45,22,23,9,6,3,7,0,7,0,0,0
54744105,39,21,18,15,9,6,18,10,8,1,1,0,5,1,4,0,0,0
54744107,145,77,68,51,37,14,70,35,35,13,4,9,11,1,10,0,0,0
54744108,21,11,10,9,5,4,10,5,5,1,1,0,1,0,1,0,0,0
54744109,270,147,123,128,78,50,113,56,57,15,9,6,11,3,8,1,1,0
56262901,121,57,64,47,23,24,49,25,24,12,7,5,13,2,11,0,0,0
50868301,80,41,39,37,24,13,27,13,14,8,4,4,8,0,8,0,0,0
50769501,113,60,53,50,31,19,47,24,23,8,3,5,8,2,6,0,0,0
54746801,27,16,11,16,10,6,8,4,4,3,2,1,0,0,0,0,0,0
54746802,226,112,114,90,49,41,109,55,54,13,4,9,13,3,10,1,1,0
52976101,114,57,57,53,31,22,43,23,20,6,2,4,12,1,11,0,0,0
56242401,59,29,30,35,22,13,8,4,4,8,3,5,8,0,8,0,0,0
54925801,433,220,213,162,90,72,182,91,91,61,34,27,27,4,23,1,1,0
54925802,37,21,16,11,8,3,17,8,9,5,5,0,4,0,4,0,0,0
54925803,121,59,62,63,34,29,36,18,18,18,6,12,4,1,3,0,0,0
54925806,51,31,20,14,10,4,25,13,12,6,6,0,6,2,4,0,0,0
54925809,171,94,77,69,44,25,69,34,35,20,12,8,12,4,8,1,0,1
54925810,117,63,54,42,24,18,55,28,27,11,8,3,9,3,6,0,0,0
0026912,0,0,0,0,0,0,0,0,0,0,0,0,0,0,0,0,0,0
54926601,844,408,436,323,177,146,352,177,175,96,44,52,73,10,63,0,0,0
54926602,42,18,24,14,6,8,21,10,11,3,2,1,4,0,4,0,0,0
54926603,73,38,35,26,15,11,30,16,14,11,7,4,6,0,6,0,0,0
54926604,43,22,21,16,9,7,19,9,10,5,4,1,3,0,3,0,0,0
54926605,27,14,13,9,7,2,13,7,6,2,0,2,3,0,3,0,0,0
54926606,88,49,39,31,22,9,46,22,24,7,3,4,4,2,2,0,0,0
54926607,85,44,41,35,20,15,29,14,15,8,5,3,11,3,8,0,0,0
54926608,23,12,11,8,4,4,14,8,6,1,0,1,0,0,0,0,0,0
54926609,107,56,51,41,23,18,49,25,24,8,3,5,7,3,4,0,0,0
59878001,205,98,107,76,38,38,92,47,45,17,9,8,20,4,16,0,0,0
56212201,215,113,102,94,60,34,81,42,39,20,10,10,20,1,19,0,0,0
54929101,332,169,163,131,75,56,148,75,73,22,10,12,31,9,22,0,0,0
54930401,279,133,146,102,55,47,129,64,65,23,7,16,24,6,18,1,1,0
54932101,120,58,62,45,24,21,50,26,24,16,5,11,9,3,6,0,0,0
54932102,32,17,15,13,8,5,18,9,9,1,0,1,0,0,0,0,0,0
54933901,818,413,405,325,192,133,349,176,173,83,32,51,61,13,48,0,0,0
54933902,37,21,16,13,9,4,16,8,8,4,2,2,4,2,2,0,0,0
54933903,89,47,42,34,20,14,31,16,15,15,9,6,8,1,7,1,1,0
54934702,57,35,22,23,17,6,18,9,9,12,9,3,4,0,4,0,0,0
54934703,120,60,60,48,25,23,54,28,26,12,7,5,6,0,6,0,0,0
54934704,602,301,301,252,136,116,252,125,127,68,29,39,30,11,19,0,0,0
54934705,135,72,63,70,42,28,38,19,19,20,10,10,7,1,6,0,0,0
54934706,83,43,40,31,18,13,47,24,23,4,0,4,1,1,0,0,0,0
54934708,126,63,63,49,28,21,40,20,20,21,11,10,16,4,12,0,0,0
54934709,159,87,72,71,42,29,70,35,35,14,8,6,4,2,2,0,0,0
54934710,48,16,32,20,4,16,16,8,8,7,4,3,5,0,5,0,0,0
54936301,275,141,134,114,66,48,127,65,62,24,8,16,10,2,8,0,0,0
54936302,130,74,56,45,28,17,63,33,30,14,12,2,8,1,7,0,0,0
54936303,252,124,128,128,66,62,87,44,43,28,13,15,9,1,8,0,0,0
54936304,147,75,72,64,35,29,55,27,28,23,12,11,5,1,4,0,0,0
54936305,181,88,93,65,31,34,92,46,46,14,9,5,10,2,8,0,0,0
56230101,110,62,48,48,30,18,47,23,24,11,8,3,3,1,2,1,0,1
56230102,26,10,16,11,3,8,14,7,7,1,0,1,0,0,0,0,0,0
56230103,115,61,54,51,26,25,46,24,22,15,10,5,3,1,2,0,0,0
54938001,67,35,32,33,19,14,16,8,8,12,7,5,6,1,5,0,0,0
54938002,85,44,41,27,13,14,36,19,17,13,9,4,9,3,6,0,0,0
54938003,115,46,69,36,26,10,22,9,13,17,6,11,39,5,34,1,0,1
54938004,94,51,43,32,21,11,43,22,21,10,8,2,9,0,9,0,0,0
54938005,40,17,23,14,6,8,18,9,9,7,2,5,1,0,1,0,0,0
54938006,49,22,27,17,9,8,19,9,10,7,4,3,5,0,5,1,0,1
54938007,54,24,30,17,5,12,35,18,17,0,0,0,1,0,1,1,1,0
54938008,113,57,56,44,25,19,47,25,22,14,5,9,8,2,6,0,0,0
54939801,251,136,115,107,69,38,106,53,53,22,10,12,14,3,11,2,1,1
54939802,23,12,11,13,8,5,6,2,4,3,2,1,1,0,1,0,0,0
56152501,145,78,67,54,36,18,69,33,36,12,7,5,9,1,8,0,0,0
54941001,54,28,26,25,15,10,24,12,12,1,1,0,4,0,4,0,0,0
54941002,105,55,50,53,31,22,42,21,21,2,1,1,8,2,6,0,0,0
54941003,52,29,23,21,14,7,26,13,13,1,1,0,4,1,3,0,0,0
54941004,51,23,28,22,8,14,24,12,12,1,1,0,4,2,2,0,0,0
54942801,218,120,98,84,49,35,97,55,42,21,11,10,15,4,11,1,1,0
54942802,34,16,18,14,6,8,20,10,10,0,0,0,0,0,0,0,0,0
54942803,80,43,37,29,21,8,33,16,17,11,5,6,7,1,6,0,0,0
54942804,137,74,63,50,34,16,67,34,33,10,6,4,10,0,10,0,0,0
54945201,436,222,214,173,100,73,203,103,100,36,18,18,24,1,23,0,0,0
54945203,63,31,32,24,12,12,27,14,13,5,4,1,7,1,6,0,0,0
54945204,49,30,19,18,13,5,28,15,13,2,2,0,1,0,1,0,0,0
54945207,113,62,51,52,30,22,55,27,28,2,2,0,4,3,1,0,0,0
54945208,62,30,32,24,11,13,32,16,16,4,3,1,2,0,2,0,0,0
54945209,27,15,12,10,7,3,14,7,7,2,0,2,1,1,0,0,0,0
54945210,22,10,12,13,7,6,6,3,3,2,0,2,1,0,1,0,0,0
54945211,39,20,19,15,10,5,11,6,5,7,4,3,6,0,6,0,0,0
54945212,38,20,18,18,11,7,16,8,8,1,1,0,3,0,3,0,0,0
54945213,96,53,43,35,26,9,44,22,22,8,4,4,9,1,8,0,0,0
54945214,26,15,11,8,7,1,14,7,7,1,1,0,3,0,3,0,0,0
54945220,43,20,23,26,12,14,14,7,7,2,1,1,1,0,1,0,0,0
54947901,56,25,31,18,7,11,31,16,15,4,2,2,3,0,3,0,0,0
54947902,158,77,81,56,31,25,80,40,40,13,6,7,9,0,9,0,0,0
54947903,101,53,48,45,25,20,46,25,21,5,2,3,4,1,3,1,0,1
56208401,107,58,49,47,30,17,39,21,18,12,7,5,9,0,9,0,0,0
54948701,248,127,121,109,63,46,109,55,54,20,9,11,10,0,10,0,0,0
54948702,241,128,113,95,55,40,97,50,47,28,18,10,21,5,16,0,0,0
54948703,39,22,17,18,12,6,17,8,9,3,2,1,1,0,1,0,0,0
54948704,125,65,60,51,27,24,53,26,27,15,10,5,6,2,4,0,0,0
54948705,80,40,40,35,19,16,36,17,19,6,3,3,3,1,2,0,0,0
54949501,32,17,15,12,7,5,8,4,4,9,6,3,3,0,3,0,0,0
54949502,513,259,254,214,111,103,235,120,115,36,23,13,27,4,23,1,1,0
54949504,59,31,28,23,15,8,30,15,15,3,1,2,3,0,3,0,0,0
54950901,208,100,108,96,53,43,84,40,44,13,5,8,15,2,13,0,0,0
54950902,55,28,27,17,11,6,22,11,11,6,3,3,10,3,7,0,0,0
54950903,77,35,42,31,15,16,36,18,18,4,1,3,6,1,5,0,0,0
54950904,49,26,23,11,7,4,21,11,10,8,6,2,9,2,7,0,0,0
1898710,0,0,0,0,0,0,0,0,0,0,0,0,0,0,0,0,0,0
54951701,22,13,9,4,4,0,10,5,5,6,4,2,2,0,2,0,0,0
54951702,61,33,28,15,11,4,30,16,14,10,5,5,6,1,5,0,0,0
54951704,21,11,10,9,5,4,9,5,4,1,1,0,2,0,2,0,0,0
54951705,697,326,371,283,144,139,304,152,152,64,25,39,44,4,40,2,1,1
54951706,81,41,40,31,18,13,35,18,17,7,3,4,8,2,6,0,0,0
54951708,26,13,13,5,1,4,16,8,8,3,3,0,2,1,1,0,0,0
54951709,39,24,15,19,14,5,14,7,7,4,3,1,2,0,2,0,0,0
54951710,44,23,21,19,12,7,21,11,10,1,0,1,3,0,3,0,0,0
54951713,48,22,26,11,7,4,19,12,7,4,1,3,14,2,12,0,0,0
54951714,76,37,39,27,15,12,32,18,14,11,3,8,6,1,5,0,0,0
54951715,135,63,72,62,31,31,42,21,21,15,8,7,16,3,13,0,0,0
54951717,125,59,66,44,23,21,56,29,27,13,5,8,12,2,10,0,0,0
54951718,23,13,10,7,4,3,13,7,6,2,2,0,1,0,1,0,0,0
54951719,23,12,11,10,5,5,7,4,3,4,3,1,2,0,2,0,0,0
54951721,21,10,11,7,4,3,12,6,6,0,0,0,2,0,2,0,0,0
56155001,47,21,26,16,7,9,24,13,11,2,1,1,5,0,5,0,0,0
54952501,136,62,74,56,23,33,56,28,28,13,8,5,10,2,8,1,1,0
54952502,66,35,31,32,19,13,25,12,13,6,3,3,3,1,2,0,0,0
56218101,169,86,83,65,38,27,70,35,35,18,8,10,16,5,11,0,0,0
50975201,95,51,44,34,19,15,48,25,23,4,4,0,9,3,6,0,0,0
54954101,190,99,91,84,51,33,79,40,39,10,4,6,16,4,12,1,0,1
59880102,83,43,40,37,22,15,30,15,15,10,5,5,6,1,5,0,0,0
59880103,21,9,12,6,1,5,8,4,4,5,4,1,2,0,2,0,0,0
54956801,224,106,118,88,42,46,96,47,49,26,13,13,14,4,10,0,0,0
54956802,59,30,29,24,14,10,21,11,10,9,4,5,5,1,4,0,0,0
54957601,65,37,28,30,20,10,29,15,14,1,1,0,4,0,4,0,0,0
54957602,20,13,7,11,10,1,6,3,3,0,0,0,3,0,3,0,0,0
54957603,45,25,20,19,12,7,18,9,9,5,4,1,3,0,3,0,0,0
54957604,27,12,15,12,7,5,8,4,4,4,1,3,3,0,3,0,0,0
54957605,100,57,43,33,26,7,47,24,23,9,6,3,11,1,10,0,0,0
54957606,145,72,73,60,35,25,53,26,27,29,11,18,3,0,3,0,0,0
54957607,38,17,21,11,5,6,20,10,10,4,2,2,3,0,3,0,0,0
54957608,2648,1261,1387,947,546,401,985,490,495,380,164,216,325,50,275,9,9,0
54957609,1569,752,817,500,268,232,797,397,400,139,64,75,132,23,109,1,0,1
54957610,263,121,142,53,32,21,123,63,60,22,8,14,63,17,46,2,1,1
54957611,34,18,16,14,8,6,14,7,7,6,3,3,0,0,0,0,0,0
54957613,404,209,195,189,105,84,172,85,87,26,15,11,16,3,13,1,1,0
54957614,1450,722,728,641,363,278,469,237,232,236,114,122,103,8,95,1,0,1
54957615,717,352,365,231,133,98,372,187,185,67,25,42,46,7,39,1,0,1
54957616,364,185,179,127,72,55,180,94,86,26,15,11,29,3,26,2,1,1
56214901,25,14,11,7,6,1,11,6,5,2,2,0,5,0,5,0,0,0
54958402,68,36,32,22,16,6,31,16,15,10,4,6,5,0,5,0,0,0
54958403,47,25,22,18,12,6,21,10,11,4,3,1,4,0,4,0,0,0
54958404,965,502,463,430,250,180,358,183,175,112,54,58,61,12,49,4,3,1
54958405,41,24,17,26,17,9,8,4,4,5,2,3,2,1,1,0,0,0
54958408,82,46,36,34,23,11,40,20,20,6,3,3,2,0,2,0,0,0
54959201,47,27,20,22,14,8,15,8,7,6,4,2,4,1,3,0,0,0
54959203,32,15,17,16,9,7,13,6,7,1,0,1,2,0,2,0,0,0
54959204,1306,645,661,530,299,231,515,262,253,147,67,80,109,17,92,5,0,5
54959205,30,14,16,12,6,6,14,7,7,4,1,3,0,0,0,0,0,0
54959206,74,37,37,35,20,15,30,15,15,7,2,5,2,0,2,0,0,0
54959207,42,23,19,16,12,4,17,9,8,3,2,1,6,0,6,0,0,0
54959209,39,23,16,16,11,5,16,9,7,3,2,1,3,0,3,1,1,0
54960601,35,19,16,12,6,6,16,8,8,4,3,1,3,2,1,0,0,0
54960602,59,26,33,27,14,13,22,11,11,9,1,8,1,0,1,0,0,0
54960603,39,18,21,11,4,7,20,10,10,6,4,2,2,0,2,0,0,0
54960606,104,61,43,49,33,16,36,18,18,12,8,4,7,2,5,0,0,0
54961401,88,44,44,35,17,18,30,15,15,14,8,6,8,3,5,1,1,0
56215701,77,41,36,29,17,12,34,17,17,4,3,1,10,4,6,0,0,0
56215702,25,14,11,8,4,4,10,6,4,4,3,1,3,1,2,0,0,0
54965701,96,56,40,42,30,12,29,16,13,14,7,7,11,3,8,0,0,0
54965702,40,20,20,16,8,8,14,6,8,7,4,3,3,2,1,0,0,0
52987701,62,33,29,23,14,9,30,16,14,3,2,1,6,1,5,0,0,0
56219001,151,80,71,52,33,19,70,36,34,20,8,12,8,2,6,1,1,0
54968101,27,12,15,10,5,5,11,5,6,4,2,2,2,0,2,0,0,0
54968103,83,48,35,22,18,4,40,22,18,13,8,5,8,0,8,0,0,0
54968104,156,71,85,66,31,35,65,32,33,15,6,9,10,2,8,0,0,0
59882801,131,78,53,56,43,13,53,28,25,11,5,6,11,2,9,0,0,0
54970301,250,124,126,103,57,46,108,54,54,22,11,11,16,2,14,1,0,1
54970302,75,42,33,22,14,8,33,18,15,13,10,3,7,0,7,0,0,0
54971102,225,116,109,82,48,34,106,55,51,25,11,14,11,2,9,1,0,1
54971103,118,61,57,45,25,20,55,29,26,9,5,4,9,2,7,0,0,0
56225401,21,10,11,9,4,5,10,5,5,2,1,1,0,0,0,0,0,0
56225402,149,77,72,56,31,25,66,34,32,22,11,11,5,1,4,0,0,0
3083070,0,0,0,0,0,0,0,0,0,0,0,0,0,0,0,0,0,0
3350110,0,0,0,0,0,0,0,0,0,0,0,0,0,0,0,0,0,0
54924001,47,31,16,20,15,5,18,11,7,7,5,2,2,0,2,0,0,0
54924003,94,46,48,29,17,12,50,25,25,10,4,6,4,0,4,1,0,1
54924004,1922,937,985,775,407,368,860,430,430,194,78,116,92,21,71,1,1,0
54924005,110,59,51,37,26,11,40,21,19,22,8,14,10,3,7,1,1,0
54924006,425,213,212,200,112,88,139,68,71,58,27,31,28,6,22,0,0,0
54924008,590,291,299,234,118,116,262,129,133,66,36,30,27,8,19,1,0,1
54924009,1036,578,458,533,321,212,252,125,127,213,129,84,35,2,33,3,1,2
54924010,2397,1146,1251,1149,596,553,755,377,378,348,144,204,134,26,108,9,3,6
54924011,96,37,59,17,16,1,8,5,3,15,8,7,56,8,48,0,0,0
54924012,179,90,89,70,41,29,76,39,37,17,9,8,15,1,14,1,0,1
54924013,103,51,52,50,24,26,31,16,15,15,8,7,7,3,4,0,0,0
54924014,179,118,61,75,47,28,61,38,23,27,20,7,1,0,1,15,13,2
54924015,2073,993,1080,826,459,367,828,407,421,249,89,160,163,35,128,6,3,3
54924016,63,45,18,33,26,7,23,14,9,4,2,2,0,0,0,3,3,0
54924017,1773,868,905,642,346,296,880,440,440,138,58,80,107,20,87,6,4,2
54924018,3476,1650,1826,1319,718,601,1330,659,671,541,220,321,276,47,229,6,4,2
54924019,558,263,295,264,133,131,212,105,107,60,25,35,22,0,22,0,0,0
54924020,3185,1457,1728,1306,687,619,1074,536,538,441,169,272,347,54,293,17,11,6
54924021,4045,1911,2134,1670,930,740,1376,689,687,594,231,363,394,55,339,8,6,2
54924022,38,18,20,16,7,9,19,9,10,3,2,1,0,0,0,0,0,0
54924023,54,29,25,22,14,8,28,14,14,2,1,1,2,0,2,0,0,0
54924024,186,85,101,80,36,44,75,38,37,25,9,16,5,1,4,1,1,0
54924025,927,400,527,356,173,183,274,133,141,150,62,88,140,28,112,5,4,1
54924026,188,128,60,93,73,20,63,39,24,13,5,8,2,1,1,17,10,7
54924027,4276,2005,2271,1820,962,858,1462,726,736,684,254,430,271,37,234,37,25,12
54924028,1589,767,822,671,346,325,651,324,327,176,78,98,88,17,71,3,2,1
54975401,245,131,114,107,63,44,96,47,49,26,15,11,16,6,10,0,0,0
54975402,57,31,26,12,6,6,28,14,14,14,10,4,2,1,1,1,0,1
54975404,48,29,19,16,13,3,16,8,8,11,7,4,5,1,4,0,0,0
56150901,66,32,34,24,13,11,25,12,13,7,5,2,9,1,8,1,1,0
54977101,93,49,44,31,19,12,36,18,18,21,11,10,5,1,4,0,0,0
54977102,195,113,82,74,52,22,90,48,42,15,12,3,16,1,15,0,0,0
54977103,93,44,49,43,20,23,31,15,16,13,8,5,5,1,4,1,0,1
54977104,135,64,71,47,26,21,57,29,28,13,6,7,17,3,14,1,0,1
54977105,50,23,27,23,9,14,21,11,10,2,1,1,3,1,2,1,1,0
54977106,250,123,127,101,54,47,108,54,54,22,11,11,19,4,15,0,0,0
54977107,87,45,42,32,18,14,37,20,17,13,7,6,5,0,5,0,0,0
54977108,169,93,76,70,43,27,66,33,33,19,10,9,11,4,7,3,3,0
54977109,3591,1801,1790,1391,816,575,1396,707,689,437,200,237,357,70,287,10,8,2
56151701,134,75,59,52,32,20,64,35,29,11,6,5,7,2,5,0,0,0
50962101,77,41,36,30,18,12,30,16,14,12,7,5,5,0,5,0,0,0
50962102,90,41,49,48,22,26,30,15,15,7,3,4,5,1,4,0,0,0
50962103,94,47,47,32,18,14,42,21,21,12,6,6,8,2,6,0,0,0
50962104,50,26,24,20,11,9,22,11,11,6,3,3,2,1,1,0,0,0
50962106,60,29,31,20,12,8,23,12,11,8,4,4,9,1,8,0,0,0
50962107,84,44,40,37,20,17,29,14,15,14,8,6,4,2,2,0,0,0
50962108,22,10,12,9,4,5,12,6,6,0,0,0,1,0,1,0,0,0
50962109,112,55,57,46,25,21,43,21,22,15,8,7,8,1,7,0,0,0
54979701,52,28,24,21,15,6,23,11,12,3,2,1,5,0,5,0,0,0
54979703,159,78,81,64,34,30,70,35,35,14,7,7,10,1,9,1,1,0
54979704,53,25,28,18,9,9,21,10,11,8,5,3,5,0,5,1,1,0
54980101,400,209,191,169,96,73,167,85,82,37,23,14,27,5,22,0,0,0
54980102,154,73,81,58,27,31,74,37,37,11,8,3,11,1,10,0,0,0
56206801,273,105,168,92,42,50,85,43,42,28,12,16,67,8,59,1,0,1
54982701,246,122,124,85,46,39,107,54,53,34,17,17,20,5,15,0,0,0
54982702,97,45,52,34,19,15,36,18,18,17,8,9,9,0,9,1,0,1
54982703,52,21,31,35,13,22,12,6,6,3,1,2,2,1,1,0,0,0
54984301,189,92,97,76,43,33,82,41,41,12,6,6,19,2,17,0,0,0
54984302,1129,561,568,417,236,181,546,270,276,76,38,38,89,16,73,1,1,0
54985101,280,147,133,116,64,52,110,57,53,35,20,15,18,5,13,1,1,0
54985102,39,16,23,19,9,10,10,5,5,3,1,2,7,1,6,0,0,0
54986001,66,39,27,26,16,10,28,15,13,10,7,3,2,1,1,0,0,0
54986002,88,50,38,31,22,9,50,26,24,3,2,1,4,0,4,0,0,0
54986003,30,16,14,8,6,2,15,9,6,3,1,2,4,0,4,0,0,0
54986004,145,79,66,68,41,27,44,22,22,19,13,6,14,3,11,0,0,0
54986005,44,26,18,23,15,8,16,8,8,3,1,2,2,2,0,0,0,0
54987801,243,125,118,92,58,34,100,49,51,23,12,11,27,5,22,1,1,0
54987803,33,12,21,12,3,9,10,5,5,6,3,3,5,1,4,0,0,0
52988501,84,44,40,32,18,14,38,19,19,8,6,2,6,1,5,0,0,0
54993201,29,14,15,11,6,5,10,5,5,4,2,2,4,1,3,0,0,0
54993202,133,73,60,56,34,22,53,27,26,14,8,6,10,4,6,0,0,0
56227101,114,52,62,40,17,23,52,27,25,16,7,9,6,1,5,0,0,0
1916042,0,0,0,0,0,0,0,0,0,0,0,0,0,0,0,0,0,0
56221101,67,31,36,23,14,9,30,16,14,6,1,5,8,0,8,0,0,0
56221103,77,40,37,22,11,11,44,23,21,7,4,3,4,2,2,0,0,0
56221105,20,10,10,6,3,3,11,5,6,2,1,1,1,1,0,0,0,0
56221106,28,16,12,4,3,1,14,7,7,3,3,0,7,3,4,0,0,0
54997501,69,40,29,28,19,9,25,13,12,12,7,5,4,1,3,0,0,0
54997502,132,67,65,64,35,29,51,26,25,12,4,8,5,2,3,0,0,0
59884401,58,29,29,24,15,9,21,11,10,7,2,5,5,0,5,1,1,0
59884404,166,76,90,71,33,38,66,33,33,16,10,6,13,0,13,0,0,0
59885201,36,15,21,14,6,8,15,7,8,1,1,0,6,1,5,0,0,0
59885202,42,22,20,15,8,7,26,13,13,0,0,0,1,1,0,0,0,0
59885203,63,32,31,20,15,5,26,13,13,6,3,3,11,1,10,0,0,0
56228902,24,12,12,9,4,5,9,5,4,5,3,2,1,0,1,0,0,0
56228903,38,18,20,14,7,7,11,6,5,9,4,5,4,1,3,0,0,0
56228904,21,12,9,6,4,2,10,6,4,1,1,0,4,1,3,0,0,0
1857361,0,0,0,0,0,0,0,0,0,0,0,0,0,0,0,0,0,0
54999101,71,41,30,27,20,7,30,16,14,6,4,2,8,1,7,0,0,0
54999102,223,116,107,74,43,31,110,55,55,28,16,12,11,2,9,0,0,0
55000101,122,57,65,52,26,26,54,27,27,9,4,5,7,0,7,0,0,0
55000102,23,12,11,8,4,4,11,5,6,3,2,1,1,1,0,0,0,0
55000103,32,16,16,13,6,7,12,6,6,6,4,2,1,0,1,0,0,0
55002701,104,56,48,40,26,14,45,24,21,11,6,5,8,0,8,0,0,0
55002702,61,33,28,22,14,8,26,14,12,7,5,2,5,0,5,1,0,1
55002703,101,51,50,40,20,20,48,24,24,6,4,2,7,3,4,0,0,0
55002704,397,201,196,141,84,57,174,86,88,44,23,21,36,7,29,2,1,1
55002705,53,26,27,23,13,10,24,12,12,2,0,2,4,1,3,0,0,0
55002706,58,31,27,22,13,9,22,11,11,7,4,3,5,3,2,2,0,2
55003501,321,163,158,120,67,53,149,75,74,25,14,11,26,6,20,1,1,0
55004303,166,91,75,116,70,46,33,15,18,10,6,4,7,0,7,0,0,0
55006001,80,47,33,37,26,11,31,15,16,6,3,3,6,3,3,0,0,0
55006003,50,27,23,18,14,4,21,11,10,4,2,2,5,0,5,0,0,0
55006004,123,65,58,53,32,21,48,23,25,14,8,6,8,2,6,0,0,0
55006005,55,27,28,21,12,9,28,14,14,3,1,2,3,0,3,0,0,0
56216501,199,109,90,80,50,30,81,42,39,24,14,10,13,2,11,1,1,0
59886101,26,12,14,8,4,4,14,7,7,2,1,1,2,0,2,0,0,0
59886102,155,78,77,64,34,30,57,29,28,20,12,8,14,3,11,0,0,0
59886104,68,39,29,25,16,9,27,14,13,12,8,4,4,1,3,0,0,0
53724101,103,49,54,42,19,23,49,25,24,5,3,2,7,2,5,0,0,0
53724102,31,13,18,16,7,9,6,3,3,8,3,5,1,0,1,0,0,0
55011601,306,151,155,145,82,63,107,54,53,26,12,14,28,3,25,0,0,0
53752701,45,21,24,15,7,8,20,10,10,5,3,2,5,1,4,0,0,0
1079210,0,0,0,0,0,0,0,0,0,0,0,0,0,0,0,0,0,0
1079480,0,0,0,0,0,0,0,0,0,0,0,0,0,0,0,0,0,0
1079560,0,0,0,0,0,0,0,0,0,0,0,0,0,0,0,0,0,0
1079640,0,0,0,0,0,0,0,0,0,0,0,0,0,0,0,0,0,0
54590201,228,112,116,96,51,45,83,43,40,29,13,16,18,4,14,1,1,0
54590202,32,21,11,10,9,1,12,6,6,4,3,1,6,3,3,0,0,0
55012401,108,59,49,44,29,15,48,24,24,7,4,3,9,2,7,0,0,0
55012402,47,26,21,18,13,5,22,11,11,5,1,4,2,1,1,0,0,0
55012403,80,48,32,37,24,13,34,17,17,6,5,1,3,2,1,0,0,0
55012405,63,26,37,27,12,15,26,13,13,3,0,3,7,1,6,0,0,0
55012406,36,23,13,14,11,3,18,10,8,4,2,2,0,0,0,0,0,0
56157601,93,46,47,32,17,15,45,23,22,9,4,5,7,2,5,0,0,0
53751901,231,120,111,112,66,46,92,46,46,11,5,6,12,2,10,2,1,1
53751902,42,21,21,15,10,5,20,10,10,3,1,2,4,0,4,0,0,0
53751904,23,12,11,12,7,5,10,4,6,1,1,0,0,0,0,0,0,0
55015902,86,43,43,30,17,13,47,23,24,5,3,2,4,0,4,0,0,0
55015903,86,40,46,43,22,21,23,11,12,12,7,5,6,0,6,0,0,0
55015904,47,23,24,13,9,4,24,12,12,4,2,2,6,0,6,0,0,0
55015905,41,18,23,16,8,8,17,8,9,6,2,4,2,0,2,0,0,0
55016701,1225,591,634,450,239,211,544,274,270,122,52,70,80,14,66,29,12,17
55016702,84,41,43,35,19,16,37,19,18,5,2,3,7,1,6,0,0,0
55016703,40,27,13,16,14,2,15,8,7,6,5,1,3,0,3,0,0,0
55016704,86,37,49,33,13,20,39,20,19,8,4,4,6,0,6,0,0,0
55016705,34,19,15,13,9,4,20,10,10,0,0,0,1,0,1,0,0,0
55016706,63,29,34,31,15,16,28,14,14,2,0,2,2,0,2,0,0,0
55016707,41,21,20,17,10,7,17,9,8,4,2,2,3,0,3,0,0,0
53718701,53,30,23,12,8,4,34,17,17,5,3,2,2,2,0,0,0,0
53718702,44,24,20,14,9,5,21,11,10,5,3,2,4,1,3,0,0,0
55018302,269,146,123,139,86,53,87,43,44,32,14,18,11,3,8,0,0,0
55018303,58,30,28,21,15,6,28,14,14,4,1,3,5,0,5,0,0,0
55018305,49,23,26,16,7,9,21,11,10,7,5,2,5,0,5,0,0,0
53714401,103,43,60,52,24,28,30,15,15,8,3,5,13,1,12,0,0,0
0446360,0,0,0,0,0,0,0,0,0,0,0,0,0,0,0,0,0,0
0446440,0,0,0,0,0,0,0,0,0,0,0,0,0,0,0,0,0,0
0446520,0,0,0,0,0,0,0,0,0,0,0,0,0,0,0,0,0,0
0446610,0,0,0,0,0,0,0,0,0,0,0,0,0,0,0,0,0,0
55020501,24,11,13,10,6,4,10,5,5,2,0,2,2,0,2,0,0,0
55020502,291,139,152,129,64,65,94,46,48,42,24,18,26,5,21,0,0,0
55020503,24,13,11,8,5,3,15,7,8,0,0,0,1,1,0,0,0,0
55022101,289,148,141,128,74,54,114,57,57,23,13,10,23,3,20,1,1,0
55022102,80,43,37,43,23,20,30,15,15,4,4,0,2,0,2,0,0,0
55022103,34,16,18,7,6,1,19,9,10,3,1,2,4,0,4,1,0,1
55022104,75,34,41,27,12,15,37,20,17,4,2,2,7,0,7,0,0,0
55023002,50,25,25,23,12,11,20,10,10,4,3,1,3,0,3,0,0,0
55023003,1190,600,590,512,285,227,467,238,229,125,61,64,80,11,69,6,5,1
55023004,67,32,35,32,18,14,27,13,14,2,0,2,6,1,5,0,0,0
55023005,46,26,20,16,11,5,23,12,11,2,2,0,4,1,3,1,0,1
55024801,343,182,161,143,83,60,155,77,78,32,19,13,13,3,10,0,0,0
0542160,0,0,0,0,0,0,0,0,0,0,0,0,0,0,0,0,0,0
55026401,340,173,167,142,83,59,140,71,69,37,16,21,20,2,18,1,1,0
55026402,65,27,38,29,9,20,25,13,12,4,3,1,7,2,5,0,0,0
55026404,41,20,21,12,6,6,23,12,11,3,1,2,3,1,2,0,0,0
55026405,29,12,17,16,5,11,8,4,4,3,3,0,2,0,2,0,0,0
55026408,69,39,30,27,19,8,35,18,17,3,2,1,4,0,4,0,0,0
53742001,159,76,83,60,28,32,63,31,32,23,14,9,13,3,10,0,0,0
53713602,37,18,19,6,5,1,19,10,9,5,3,2,7,0,7,0,0,0
56167301,32,18,14,13,9,4,7,4,3,8,5,3,4,0,4,0,0,0
56167302,49,29,20,27,19,8,12,6,6,7,3,4,3,1,2,0,0,0
3304340,0,0,0,0,0,0,0,0,0,0,0,0,0,0,0,0,0,0
55032901,48,26,22,34,19,15,10,5,5,3,1,2,1,1,0,0,0,0
55032903,305,154,151,140,80,60,105,51,54,30,16,14,30,7,23,0,0,0
55032906,62,39,23,30,21,9,18,10,8,8,6,2,5,1,4,1,1,0
55032908,52,30,22,18,13,5,21,10,11,6,5,1,2,0,2,5,2,3
56397801,78,41,37,35,18,17,28,14,14,6,6,0,8,2,6,1,1,0
0783523,0,0,0,0,0,0,0,0,0,0,0,0,0,0,0,0,0,0
0783610,0,0,0,0,0,0,0,0,0,0,0,0,0,0,0,0,0,0
55033701,130,70,60,41,30,11,54,27,27,25,13,12,10,0,10,0,0,0
55034501,292,157,135,124,73,51,118,59,59,36,20,16,14,5,9,0,0,0
56164901,105,47,58,44,21,23,41,20,21,11,4,7,9,2,7,0,0,0
56164902,28,18,10,17,11,6,6,3,3,4,3,1,1,1,0,0,0,0
55035301,63,33,30,33,18,15,20,10,10,8,5,3,2,0,2,0,0,0
55035304,494,243,251,208,114,94,194,99,95,49,22,27,39,8,31,4,0,4
55035306,74,37,37,28,14,14,36,17,19,5,4,1,4,1,3,1,1,0
55036101,58,30,28,20,12,8,32,16,16,3,1,2,3,1,2,0,0,0
55036102,70,34,36,32,17,15,27,14,13,8,3,5,3,0,3,0,0,0
55036103,68,33,35,29,15,14,28,14,14,5,2,3,6,2,4,0,0,0
55036104,1516,823,693,588,343,245,680,386,294,150,70,80,90,17,73,8,7,1
55036105,38,20,18,17,9,8,12,7,5,4,2,2,4,2,2,1,0,1
55036106,54,28,26,22,13,9,24,12,12,3,2,1,5,1,4,0,0,0
55036107,81,43,38,31,18,13,40,20,20,5,3,2,4,1,3,1,1,0
55036108,61,34,27,22,15,7,32,17,15,4,2,2,3,0,3,0,0,0
55036109,27,13,14,13,8,5,9,4,5,2,1,1,3,0,3,0,0,0
55036110,66,32,34,23,14,9,28,15,13,5,2,3,10,1,9,0,0,0
53707101,80,37,43,27,12,15,33,16,17,11,8,3,9,1,8,0,0,0
53707102,121,62,59,50,26,24,47,26,21,16,8,8,8,2,6,0,0,0
53732201,35,18,17,17,9,8,16,8,8,2,1,1,0,0,0,0,0,0
53738101,164,86,78,72,42,30,68,33,35,17,9,8,7,2,5,0,0,0
55041801,33,18,15,13,7,6,12,7,5,5,3,2,3,1,2,0,0,0
55041802,50,17,33,23,7,16,16,8,8,4,2,2,7,0,7,0,0,0
55041804,123,64,59,47,27,20,55,27,28,10,8,2,11,2,9,0,0,0
55041805,211,118,93,91,63,28,71,37,34,32,15,17,16,3,13,1,0,1
55041806,114,58,56,50,29,21,44,22,22,14,7,7,6,0,6,0,0,0
55041807,105,56,49,41,27,14,53,27,26,3,0,3,8,2,6,0,0,0
55042601,26,14,12,9,6,3,15,8,7,1,0,1,1,0,1,0,0,0
55042602,68,41,27,29,22,7,30,15,15,4,3,1,5,1,4,0,0,0
55042603,58,32,26,27,18,9,26,13,13,3,1,2,2,0,2,0,0,0
55042604,173,89,84,87,51,36,60,29,31,16,8,8,10,1,9,0,0,0
55042605,34,16,18,13,5,8,14,7,7,4,3,1,3,1,2,0,0,0
55043401,50,30,20,16,11,5,27,14,13,4,3,1,3,2,1,0,0,0
55043402,36,19,17,12,7,5,20,11,9,2,1,1,2,0,2,0,0,0
55043403,26,14,12,14,8,6,9,5,4,1,1,0,2,0,2,0,0,0
55043404,281,140,141,128,69,59,123,60,63,18,7,11,11,3,8,1,1,0
55043405,198,103,95,90,50,40,88,43,45,13,8,5,7,2,5,0,0,0
55039601,177,88,89,72,39,33,79,40,39,17,9,8,9,0,9,0,0,0
55039602,20,9,11,5,2,3,13,7,6,1,0,1,1,0,1,0,0,0
55044201,2254,1109,1145,917,522,395,888,442,446,238,108,130,208,35,173,3,2,1
55044202,36,16,20,12,5,7,19,9,10,3,1,2,2,1,1,0,0,0
55044203,57,33,24,21,14,7,27,13,14,4,2,2,3,2,1,0,0,0
55044204,174,92,82,83,50,33,68,34,34,19,8,11,4,0,4,0,0,0
1534350,0,0,0,0,0,0,0,0,0,0,0,0,0,0,0,0,0,0
52989301,84,48,36,36,27,9,34,18,16,8,3,5,6,0,6,0,0,0
55045102,39,18,21,17,9,8,12,6,6,4,2,2,5,1,4,1,0,1
55045103,22,13,9,6,4,2,10,5,5,3,3,0,3,1,2,0,0,0
55045105,233,119,114,94,58,36,81,40,41,32,16,16,25,5,20,1,0,1
55045106,40,20,20,14,9,5,15,8,7,5,3,2,6,0,6,0,0,0
55045107,73,37,36,38,21,17,19,9,10,12,7,5,4,0,4,0,0,0
56156801,91,45,46,35,19,16,38,18,20,9,6,3,9,2,7,0,0,0
53736502,55,33,22,20,12,8,18,9,9,13,10,3,4,2,2,0,0,0
53754301,146,71,75,66,31,35,71,35,36,6,5,1,3,0,3,0,0,0
1327210,0,0,0,0,0,0,0,0,0,0,0,0,0,0,0,0,0,0
3014930,0,0,0,0,0,0,0,0,0,0,0,0,0,0,0,0,0,0
3274170,0,0,0,0,0,0,0,0,0,0,0,0,0,0,0,0,0,0
55009401,105,47,58,39,18,21,49,25,24,10,3,7,7,1,6,0,0,0
55009402,43,23,20,20,12,8,17,9,8,3,1,2,3,1,2,0,0,0
55009403,44,22,22,19,10,9,18,9,9,5,3,2,2,0,2,0,0,0
55009404,87,42,45,36,19,17,40,20,20,6,3,3,5,0,5,0,0,0
55009408,109,56,53,44,25,19,44,23,21,7,3,4,13,4,9,1,1,0
55009409,767,413,354,397,229,168,200,103,97,131,71,60,35,7,28,2,1,1
55009411,114,60,54,46,28,18,57,28,29,6,3,3,5,1,4,0,0,0
55009412,1098,531,567,390,227,163,487,241,246,118,45,73,103,18,85,0,0,0
55009413,523,255,268,178,97,81,271,135,136,42,16,26,31,7,24,1,0,1
55009414,77,40,37,29,17,12,24,11,13,16,10,6,6,1,5,2,1,1
55009415,1386,650,736,563,316,247,464,240,224,214,68,146,140,24,116,5,2,3
55009416,395,186,209,198,102,96,130,65,65,50,17,33,15,1,14,2,1,1
55009417,90,43,47,32,15,17,38,19,19,14,9,5,6,0,6,0,0,0
55009418,130,64,66,69,30,39,44,25,19,13,7,6,3,1,2,1,1,0
55009419,91,46,45,50,28,22,13,6,7,26,12,14,0,0,0,2,0,2
55009420,354,185,169,133,74,59,198,99,99,16,9,7,7,3,4,0,0,0
55009421,1070,521,549,420,229,191,476,236,240,107,41,66,64,15,49,2,0,2
55009422,740,347,393,246,138,108,285,148,137,84,38,46,96,15,81,29,8,21
55009423,3041,1424,1617,1244,681,563,1124,552,572,417,147,270,243,38,205,12,6,6
55009424,86,39,47,18,11,7,31,18,13,13,5,8,23,5,18,1,0,1
55009425,64,33,31,21,14,7,29,14,15,5,4,1,7,1,6,2,0,2
55009426,26,15,11,7,5,2,17,9,8,0,0,0,2,1,1,0,0,0
55048501,29,13,16,10,5,5,12,6,6,2,2,0,5,0,5,0,0,0
55048502,29,18,11,12,9,3,14,8,6,0,0,0,3,1,2,0,0,0
55048503,23,14,9,11,9,2,7,4,3,3,1,2,2,0,2,0,0,0
55048504,72,34,38,27,15,12,33,16,17,5,2,3,7,1,6,0,0,0
55051502,25,11,14,10,5,5,12,6,6,0,0,0,3,0,3,0,0,0
55051504,21,12,9,8,6,2,9,5,4,3,1,2,1,0,1,0,0,0
55051506,147,67,80,43,31,12,26,14,12,25,15,10,51,6,45,2,1,1
55051507,550,284,266,202,117,85,242,127,115,50,27,23,53,10,43,3,3,0
55051508,30,16,14,12,8,4,14,7,7,1,1,0,3,0,3,0,0,0
55051510,27,12,15,11,6,5,11,6,5,1,0,1,4,0,4,0,0,0
55051511,134,67,67,58,30,28,61,31,30,8,3,5,7,3,4,0,0,0
55051512,39,21,18,10,8,2,18,10,8,7,3,4,4,0,4,0,0,0
55051514,127,72,55,54,32,22,51,26,25,14,9,5,8,5,3,0,0,0
55051515,71,33,38,25,14,11,34,17,17,4,2,2,7,0,7,0,0,0
1556830,0,0,0,0,0,0,0,0,0,0,0,0,0,0,0,0,0,0
1557050,0,0,0,0,0,0,0,0,0,0,0,0,0,0,0,0,0,0
55052301,79,39,40,37,16,21,31,18,13,6,4,2,5,1,4,0,0,0
55052305,115,68,47,39,25,14,41,22,19,25,17,8,10,4,6,0,0,0
1566980,0,0,0,0,0,0,0,0,0,0,0,0,0,0,0,0,0,0
1567100,0,0,0,0,0,0,0,0,0,0,0,0,0,0,0,0,0,0
1567280,0,0,0,0,0,0,0,0,0,0,0,0,0,0,0,0,0,0
1985010,0,0,0,0,0,0,0,0,0,0,0,0,0,0,0,0,0,0
55053101,26,13,13,9,5,4,11,6,5,3,1,2,3,1,2,0,0,0
55053102,32,18,14,12,6,6,15,8,7,4,3,1,1,1,0,0,0,0
55053103,327,172,155,167,98,69,104,52,52,43,20,23,10,1,9,3,1,2
1571472,0,0,0,0,0,0,0,0,0,0,0,0,0,0,0,0,0,0
55054002,69,41,28,29,20,9,30,15,15,7,5,2,3,1,2,0,0,0
55054003,872,426,446,385,216,169,328,164,164,84,39,45,75,7,68,0,0,0
55054004,81,45,36,37,25,12,36,18,18,3,1,2,5,1,4,0,0,0
55054005,62,26,36,20,7,13,29,15,14,6,1,5,7,3,4,0,0,0
55054006,43,21,22,32,14,18,8,4,4,2,2,0,1,1,0,0,0,0
55054007,24,12,12,6,4,2,16,8,8,0,0,0,2,0,2,0,0,0
55054008,95,49,46,36,22,14,39,19,20,11,4,7,7,3,4,2,1,1
55055801,324,163,161,124,68,56,146,74,72,25,16,9,26,4,22,3,1,2
55055802,72,39,33,34,24,10,29,14,15,3,1,2,6,0,6,0,0,0
55055803,44,24,20,17,11,6,24,11,13,2,2,0,1,0,1,0,0,0
55055805,36,22,14,13,10,3,18,9,9,4,2,2,1,1,0,0,0,0
55055806,117,63,54,47,28,19,51,26,25,11,7,4,8,2,6,0,0,0
55057401,61,28,33,27,15,12,23,12,11,3,0,3,6,1,5,2,0,2
55057403,322,172,150,148,94,54,137,68,69,17,8,9,20,2,18,0,0,0
55057404,36,22,14,17,12,5,12,6,6,4,2,2,3,2,1,0,0,0
55058201,116,64,52,48,31,17,57,29,28,5,4,1,6,0,6,0,0,0
55058202,43,24,19,22,14,8,17,9,8,0,0,0,4,1,3,0,0,0
55058203,130,69,61,42,24,18,64,34,30,11,6,5,12,4,8,1,1,0
55060401,129,67,62,54,32,22,60,30,30,12,5,7,3,0,3,0,0,0
53753501,77,44,33,29,21,8,36,18,18,10,5,5,2,0,2,0,0,0
1945730,0,0,0,0,0,0,0,0,0,0,0,0,0,0,0,0,0,0
55062101,122,65,57,51,29,22,56,30,26,9,5,4,6,1,5,0,0,0
55062103,45,24,21,15,10,5,20,10,10,2,2,0,8,2,6,0,0,0
55062105,156,95,61,104,71,33,28,16,12,16,7,9,7,0,7,1,1,0
55062106,47,23,24,11,8,3,23,13,10,4,2,2,9,0,9,0,0,0
55062109,27,16,11,9,5,4,12,6,6,4,3,1,2,2,0,0,0,0
55062110,94,47,47,40,24,16,41,21,20,3,2,1,10,0,10,0,0,0
55062111,78,31,47,32,13,19,34,17,17,3,1,2,9,0,9,0,0,0
55062112,95,44,51,32,17,15,42,21,21,10,3,7,11,3,8,0,0,0
55062114,125,70,55,50,29,21,51,26,25,15,10,5,6,2,4,1,1,0
55062115,37,17,20,7,3,4,22,11,11,3,2,1,5,1,4,0,0,0
55062116,463,244,219,192,117,75,194,98,96,44,17,27,31,10,21,2,2,0
55062117,34,16,18,11,4,7,14,8,6,7,4,3,2,0,2,0,0,0
55062118,44,24,20,18,12,6,22,11,11,3,1,2,1,0,1,0,0,0
55062119,96,53,43,41,28,13,45,23,22,3,2,1,7,0,7,0,0,0
0655950,0,0,0,0,0,0,0,0,0,0,0,0,0,0,0,0,0,0
1821331,0,0,0,0,0,0,0,0,0,0,0,0,0,0,0,0,0,0
55064701,72,37,35,29,17,12,34,17,17,6,2,4,3,1,2,0,0,0
55064702,101,52,49,33,21,12,55,27,28,7,4,3,6,0,6,0,0,0
55064703,93,30,63,23,10,13,33,15,18,5,3,2,32,2,30,0,0,0
55064705,21,14,7,7,4,3,9,5,4,2,2,0,3,3,0,0,0,0
55064708,124,60,64,55,27,28,47,24,23,10,4,6,9,2,7,1,1,0
55064710,37,19,18,16,8,8,17,9,8,3,2,1,1,0,1,0,0,0
55064712,32,16,16,10,5,5,17,9,8,4,2,2,1,0,1,0,0,0
55064713,35,15,20,15,6,9,8,4,4,7,5,2,5,0,5,0,0,0
55064715,95,50,45,36,20,16,47,24,23,9,6,3,3,0,3,0,0,0
55064717,23,11,12,10,3,7,10,5,5,3,3,0,0,0,0,0,0,0
55064719,20,11,9,7,6,1,7,4,3,5,1,4,1,0,1,0,0,0
55064720,60,34,26,23,13,10,26,13,13,7,5,2,4,3,1,0,0,0
55064722,49,28,21,20,15,5,20,10,10,4,2,2,5,1,4,0,0,0
55064723,84,44,40,49,27,22,25,12,13,9,4,5,0,0,0,1,1,0
55064725,20,10,10,13,6,7,2,1,1,3,2,1,2,1,1,0,0,0
55064726,121,65,56,61,38,23,42,21,21,12,5,7,6,1,5,0,0,0
55064727,2086,1017,1069,970,537,433,718,358,360,272,99,173,118,20,98,4,3,1
55064728,561,272,289,222,119,103,215,109,106,75,35,40,47,9,38,2,0,2
55064729,977,464,513,363,197,166,411,198,213,109,47,62,93,21,72,1,1,0
55064730,99,48,51,46,23,23,47,24,23,1,0,1,5,1,4,0,0,0
55064731,102,46,56,51,20,31,46,23,23,2,2,0,3,1,2,0,0,0
55064732,816,367,449,284,144,140,288,145,143,149,65,84,90,11,79,0,0,0
55064733,40,21,19,19,11,8,14,8,6,3,1,2,4,1,3,0,0,0
55064735,96,47,49,26,20,6,25,11,14,22,13,9,23,3,20,0,0,0
55064736,542,264,278,249,130,119,204,103,101,56,28,28,31,3,28,2,0,2
55064737,275,139,136,97,61,36,110,55,55,29,11,18,38,11,27,1,1,0
55064738,61,32,29,26,14,12,32,16,16,3,2,1,0,0,0,0,0,0
55064740,39,21,18,11,5,6,21,11,10,7,5,2,0,0,0,0,0,0
55064741,504,275,229,247,149,98,146,73,73,85,50,35,24,3,21,2,0,2
55065501,39,22,17,14,8,6,19,11,8,5,3,2,1,0,1,0,0,0
55065502,27,12,15,16,7,9,7,4,3,2,1,1,2,0,2,0,0,0
55065503,462,232,230,208,118,90,201,102,99,24,10,14,27,2,25,2,0,2
55066301,23,11,12,12,6,6,8,4,4,2,1,1,1,0,1,0,0,0
55066302,34,17,17,12,6,6,16,9,7,4,2,2,2,0,2,0,0,0
55066303,39,22,17,14,10,4,19,10,9,5,1,4,1,1,0,0,0,0
55066305,22,12,10,8,5,3,8,4,4,4,2,2,2,1,1,0,0,0
55066307,37,19,18,14,8,6,18,9,9,3,2,1,2,0,2,0,0,0
55066308,1553,763,790,689,374,315,605,300,305,158,72,86,98,14,84,3,3,0
1847052,0,0,0,0,0,0,0,0,0,0,0,0,0,0,0,0,0,0
1847561,0,0,0,0,0,0,0,0,0,0,0,0,0,0,0,0,0,0
55067101,20,13,7,7,5,2,10,5,5,2,2,0,1,1,0,0,0,0
55067102,26,14,12,6,3,3,15,8,7,2,2,0,3,1,2,0,0,0
55067104,28,14,14,16,8,8,4,2,2,4,3,1,4,1,3,0,0,0
55067106,92,44,48,33,18,15,40,19,21,12,7,5,6,0,6,1,0,1
55067107,32,17,15,13,9,4,14,7,7,4,1,3,1,0,1,0,0,0
55067108,1570,753,817,646,345,301,629,307,322,175,78,97,120,23,97,0,0,0
55067109,30,15,15,14,6,8,14,7,7,1,1,0,1,1,0,0,0,0
55067111,1643,825,818,747,406,341,589,296,293,196,99,97,108,21,87,3,3,0
55067112,24,12,12,13,7,6,6,3,3,4,2,2,1,0,1,0,0,0
55067113,97,54,43,54,35,19,17,9,8,19,8,11,7,2,5,0,0,0
55067114,52,35,17,18,14,4,18,10,8,10,8,2,4,2,2,2,1,1
55067116,38,18,20,13,9,4,17,8,9,5,1,4,3,0,3,0,0,0
52991501,64,34,30,27,16,11,26,14,12,8,3,5,3,1,2,0,0,0
1891970,0,0,0,0,0,0,0,0,0,0,0,0,0,0,0,0,0,0
55068002,49,25,24,14,7,7,29,15,14,4,3,1,2,0,2,0,0,0
55068003,44,23,21,12,8,4,21,11,10,4,1,3,7,3,4,0,0,0
55068005,39,22,17,21,12,9,10,5,5,5,4,1,3,1,2,0,0,0
55068008,188,98,90,70,39,31,86,43,43,21,14,7,11,2,9,0,0,0
53719501,59,31,28,21,11,10,24,12,12,8,6,2,6,2,4,0,0,0
55069801,24,11,13,11,6,5,10,5,5,1,0,1,2,0,2,0,0,0
55069802,45,22,23,13,6,7,26,13,13,2,2,0,4,1,3,0,0,0
55069803,64,33,31,31,16,15,28,16,12,1,0,1,4,1,3,0,0,0
55069804,180,95,85,61,37,24,91,46,45,13,9,4,12,2,10,3,1,2
55070102,74,39,35,27,18,9,35,18,17,4,1,3,8,2,6,0,0,0
55070103,41,24,17,24,16,8,12,6,6,4,2,2,1,0,1,0,0,0
55070104,20,12,8,8,6,2,5,4,1,5,2,3,2,0,2,0,0,0
55070106,219,115,104,104,61,43,82,43,39,24,10,14,9,1,8,0,0,0
55072801,107,52,55,32,19,13,53,25,28,12,7,5,10,1,9,0,0,0
55072802,79,35,44,22,10,12,44,23,21,7,1,6,6,1,5,0,0,0
55072803,52,28,24,19,12,7,29,15,14,2,0,2,2,1,1,0,0,0
55072804,57,32,25,26,18,8,24,13,11,4,1,3,3,0,3,0,0,0
55072805,135,63,72,52,26,26,63,32,31,7,4,3,13,1,12,0,0,0
55072806,954,457,497,369,200,169,389,198,191,105,44,61,90,15,75,1,0,1
55072808,22,9,13,14,5,9,7,3,4,0,0,0,1,1,0,0,0,0
55072809,61,38,23,25,19,6,28,14,14,5,5,0,3,0,3,0,0,0
55072810,39,20,19,15,9,6,18,9,9,2,0,2,4,2,2,0,0,0
55072811,128,62,66,37,21,16,64,33,31,15,7,8,12,1,11,0,0,0
52992301,115,54,61,46,22,24,44,23,21,16,8,8,9,1,8,0,0,0
3304850,0,0,0,0,0,0,0,0,0,0,0,0,0,0,0,0,0,0
55076101,23,11,12,10,4,6,11,6,5,1,1,0,1,0,1,0,0,0
55076102,102,58,44,59,36,23,23,12,11,13,8,5,7,2,5,0,0,0
53720901,259,132,127,93,54,39,132,66,66,18,10,8,16,2,14,0,0,0
53720902,36,17,19,18,9,9,14,7,7,3,1,2,1,0,1,0,0,0
55080901,1227,599,628,514,271,243,472,238,234,146,74,72,91,16,75,2,0,2
55080902,69,31,38,26,15,11,31,15,16,5,1,4,7,0,7,0,0,0
55080903,41,22,19,28,16,12,7,3,4,5,3,2,1,0,1,0,0,0
55080904,141,73,68,67,39,28,48,25,23,16,7,9,10,2,8,0,0,0
55080906,32,15,17,12,7,5,10,5,5,9,3,6,1,0,1,0,0,0
55080907,104,54,50,46,28,18,33,17,16,15,8,7,8,1,7,0,0,0
55081701,677,341,336,257,148,109,296,152,144,73,33,40,49,7,42,2,1,1
55081703,50,26,24,20,12,8,22,11,11,5,3,2,3,0,3,0,0,0
55081704,39,20,19,12,6,6,19,10,9,5,4,1,3,0,3,0,0,0
55081706,51,27,24,19,13,6,22,10,12,6,4,2,4,0,4,0,0,0
55081707,52,25,27,22,11,11,23,12,11,4,2,2,3,0,3,0,0,0
55081708,65,34,31,26,16,10,25,13,12,7,4,3,6,0,6,1,1,0
55081709,63,31,32,24,14,10,24,11,13,8,4,4,7,2,5,0,0,0
59889501,283,153,130,109,70,39,137,71,66,17,9,8,20,3,17,0,0,0
59889502,51,31,20,23,17,6,23,11,12,4,3,1,1,0,1,0,0,0
59889503,20,11,9,8,5,3,10,5,5,2,1,1,0,0,0,0,0,0
55083301,129,68,61,51,35,16,56,27,29,12,4,8,8,1,7,2,1,1
55083302,40,26,14,19,12,7,14,8,6,5,5,0,2,1,1,0,0,0
55083303,30,15,15,12,8,4,10,5,5,1,1,0,7,1,6,0,0,0
55085001,44,23,21,21,13,8,17,10,7,3,0,3,3,0,3,0,0,0
55085003,80,38,42,30,17,13,34,16,18,11,5,6,5,0,5,0,0,0
55085004,28,16,12,7,6,1,14,7,7,5,3,2,2,0,2,0,0,0
55085006,78,37,41,20,12,8,36,19,17,8,3,5,14,3,11,0,0,0
55085007,63,30,33,24,12,12,26,13,13,7,4,3,6,1,5,0,0,0
55085008,124,63,61,55,30,25,55,28,27,7,5,2,7,0,7,0,0,0
55085009,42,20,22,17,8,9,16,8,8,5,3,2,4,1,3,0,0,0
55085011,97,49,48,35,21,14,50,25,25,8,2,6,4,1,3,0,0,0
55085012,129,71,58,47,30,17,53,27,26,12,10,2,14,2,12,3,2,1
55085013,940,476,464,298,178,120,500,247,253,70,31,39,61,14,47,11,6,5
55085014,286,140,146,94,54,40,132,65,67,33,15,18,26,5,21,1,1,0
55085015,463,222,241,209,109,100,175,88,87,52,20,32,26,5,21,1,0,1
55085016,448,233,215,182,112,70,194,96,98,41,19,22,31,6,25,0,0,0
55085017,27,14,13,8,4,4,14,7,7,5,3,2,0,0,0,0,0,0
55085018,1536,742,794,651,361,290,543,271,272,210,84,126,127,23,104,5,3,2
55085020,28,15,13,10,7,3,10,4,6,6,4,2,2,0,2,0,0,0
55085021,1311,609,702,471,274,197,471,234,237,200,64,136,160,31,129,9,6,3
55085022,565,264,301,201,115,86,229,112,117,68,27,41,64,8,56,3,2,1
53706301,63,32,31,28,16,12,22,12,10,8,4,4,5,0,5,0,0,0
53001801,59,31,28,18,14,4,25,13,12,7,4,3,9,0,9,0,0,0
56017101,49,30,19,25,15,10,16,8,8,5,4,1,2,2,0,0,0,0
52996601,166,82,84,62,30,32,72,37,35,20,12,8,12,3,9,0,0,0
55090601,451,237,214,202,117,85,168,89,79,58,25,33,23,6,17,0,0,0
55090602,65,40,25,30,22,8,24,12,12,7,6,1,4,0,4,0,0,0
51006801,178,90,88,74,44,30,70,34,36,26,11,15,8,1,7,0,0,0
55092201,493,259,234,208,123,85,192,97,95,66,31,35,27,8,19,0,0,0
55092202,114,52,62,44,24,20,39,20,19,16,6,10,13,2,11,2,0,2
55092203,94,55,39,49,34,15,33,17,16,7,4,3,5,0,5,0,0,0
55092204,184,94,90,73,42,31,80,40,40,18,10,8,13,2,11,0,0,0
55092206,36,16,20,18,8,10,12,6,6,4,2,2,2,0,2,0,0,0
55094902,103,56,47,42,27,15,38,20,18,13,7,6,10,2,8,0,0,0
55094903,37,20,17,12,7,5,18,9,9,5,3,2,2,1,1,0,0,0
55094904,41,19,22,21,11,10,15,8,7,2,0,2,3,0,3,0,0,0
55095701,20,11,9,11,6,5,4,2,2,2,2,0,3,1,2,0,0,0
55095702,551,266,285,216,118,98,242,122,120,48,16,32,43,8,35,0,0,0
55095704,37,19,18,15,8,7,11,6,5,6,4,2,5,1,4,0,0,0
55095705,38,19,19,12,6,6,17,9,8,4,3,1,5,1,4,0,0,0
55095706,52,30,22,21,16,5,20,10,10,7,4,3,4,0,4,0,0,0
55095707,29,16,13,13,8,5,12,6,6,2,2,0,2,0,2,0,0,0
55095708,26,13,13,11,7,4,9,5,4,2,1,1,4,0,4,0,0,0
55095709,52,26,26,21,10,11,25,13,12,3,1,2,3,2,1,0,0,0
55095710,90,46,44,38,19,19,35,18,17,10,6,4,5,1,4,2,2,0
55096501,356,163,193,140,65,75,139,69,70,45,25,20,32,4,28,0,0,0
55096502,34,18,16,12,7,5,17,8,9,4,3,1,1,0,1,0,0,0
55096503,39,22,17,12,7,5,22,13,9,2,1,1,3,1,2,0,0,0
55098101,206,107,99,80,50,30,87,43,44,24,14,10,15,0,15,0,0,0
55098102,55,24,31,25,11,14,25,13,12,2,0,2,3,0,3,0,0,0
55101501,98,48,50,34,17,17,36,21,15,14,7,7,14,3,11,0,0,0
55101502,291,146,145,117,62,55,126,62,64,19,13,6,29,9,20,0,0,0
56021901,184,96,88,77,50,27,89,41,48,7,4,3,11,1,10,0,0,0
55102301,56,30,26,21,14,7,26,13,13,5,3,2,4,0,4,0,0,0
55102302,68,38,30,21,14,7,40,20,20,5,4,1,2,0,2,0,0,0
55102303,30,13,17,8,3,5,16,8,8,3,1,2,3,1,2,0,0,0
55102304,77,41,36,29,17,12,33,17,16,7,5,2,8,2,6,0,0,0
56024301,22,10,12,5,1,4,14,7,7,3,2,1,0,0,0,0,0,0
56024302,114,59,55,46,27,19,55,28,27,6,3,3,7,1,6,0,0,0
55104001,160,77,83,72,34,38,72,36,36,10,5,5,6,2,4,0,0,0
55104003,26,12,14,5,3,2,12,5,7,6,3,3,3,1,2,0,0,0
55104004,48,27,21,18,12,6,16,8,8,10,7,3,4,0,4,0,0,0
55104007,70,33,37,22,12,10,38,20,18,1,1,0,9,0,9,0,0,0
55159701,160,79,81,73,39,34,66,35,31,12,4,8,9,1,8,0,0,0
56169001,45,24,21,25,16,9,14,7,7,5,1,4,1,0,1,0,0,0
53662801,84,45,39,26,14,12,39,20,19,10,7,3,7,2,5,0,0,0
53688101,148,75,73,59,36,23,58,28,30,14,8,6,17,3,14,0,0,0
53688102,129,71,58,52,35,17,55,26,29,11,8,3,11,2,9,0,0,0
53636901,63,35,28,36,23,13,21,11,10,1,0,1,5,1,4,0,0,0
55110401,76,42,34,30,19,11,34,18,16,9,4,5,3,1,2,0,0,0
55110402,83,38,45,34,19,15,28,13,15,14,5,9,7,1,6,0,0,0
55112101,144,74,70,54,31,23,55,27,28,18,11,7,17,5,12,0,0,0
55113901,409,211,198,179,104,75,173,88,85,37,17,20,20,2,18,0,0,0
52998201,197,108,89,87,57,30,83,42,41,11,8,3,15,0,15,1,1,0
53690301,43,23,20,14,10,4,21,11,10,2,1,1,6,1,5,0,0,0
55115501,219,109,110,83,49,34,91,46,45,27,12,15,18,2,16,0,0,0
55115502,49,26,23,22,12,10,21,10,11,4,3,1,2,1,1,0,0,0
55116301,176,91,85,86,50,36,58,30,28,20,8,12,12,3,9,0,0,0
55116302,34,18,16,12,8,4,17,9,8,1,1,0,4,0,4,0,0,0
55118001,116,61,55,44,24,20,51,27,24,11,9,2,10,1,9,0,0,0
55118002,79,41,38,38,22,16,29,14,15,9,4,5,3,1,2,0,0,0
55118004,104,61,43,48,32,16,41,21,20,9,6,3,6,2,4,0,0,0
55118005,76,37,39,22,11,11,35,18,17,12,7,5,7,1,6,0,0,0
53694601,77,35,42,23,14,9,37,18,19,5,3,2,12,0,12,0,0,0
55120101,1303,637,666,530,289,241,568,285,283,115,48,67,86,13,73,4,2,2
56040501,138,71,67,57,30,27,65,33,32,8,5,3,8,3,5,0,0,0
53660101,140,67,73,48,26,22,67,34,33,8,5,3,14,1,13,1,1,0
53634201,95,51,44,31,21,10,52,27,25,5,2,3,7,1,6,0,0,0
55126101,188,93,95,74,43,31,79,39,40,22,10,12,13,1,12,0,0,0
55126102,40,17,23,15,4,11,18,9,9,3,2,1,4,2,2,0,0,0
53680601,109,54,55,42,28,14,41,20,21,13,6,7,11,0,11,0,0,0
53680602,32,17,15,12,6,6,12,7,5,6,3,3,2,1,1,0,0,0
53695401,75,39,36,34,18,16,34,18,16,2,0,2,5,3,2,0,0,0
53655501,71,38,33,29,16,13,30,15,15,8,6,2,4,1,3,0,0,0
53655502,62,35,27,22,14,8,29,15,14,7,4,3,4,2,2,0,0,0
56039101,44,28,16,17,14,3,20,10,10,5,3,2,2,1,1,0,0,0
53675001,107,56,51,45,24,21,43,22,21,16,8,8,3,2,1,0,0,0
59895001,104,47,57,39,19,20,45,22,23,14,6,8,6,0,6,0,0,0
56019701,51,25,26,15,8,7,22,11,11,11,4,7,3,2,1,0,0,0
55133301,87,46,41,43,26,17,34,17,17,4,2,2,6,1,5,0,0,0
55133302,243,123,120,101,56,45,86,46,40,29,15,14,26,5,21,1,1,0
55133303,114,53,61,46,18,28,51,26,25,6,6,0,11,3,8,0,0,0
53683101,85,41,44,28,13,15,40,20,20,7,6,1,10,2,8,0,0,0
55134101,144,70,74,60,31,29,71,35,36,3,2,1,10,2,8,0,0,0
55134102,45,27,18,14,12,2,22,11,11,5,4,1,4,0,4,0,0,0
55134103,85,45,40,25,16,9,40,20,20,11,8,3,9,1,8,0,0,0
55135001,573,311,262,225,149,76,208,104,104,93,51,42,45,6,39,1,1,0
55135002,80,43,37,37,25,12,32,16,16,7,2,5,4,0,4,0,0,0
53682202,53,28,25,17,11,6,22,12,10,6,2,4,8,3,5,0,0,0
53682203,33,14,19,12,7,5,12,6,6,6,1,5,3,0,3,0,0,0
53646601,320,122,198,216,78,138,76,38,38,15,5,10,13,1,12,0,0,0
55138401,646,326,320,271,156,115,255,128,127,65,33,32,54,8,46,1,1,0
55138404,44,20,24,18,10,8,19,9,10,5,1,4,2,0,2,0,0,0
55139201,272,138,134,114,65,49,115,59,56,24,13,11,18,1,17,1,0,1
53641501,46,28,18,26,19,7,15,7,8,3,1,2,2,1,1,0,0,0
53653901,64,30,34,24,12,12,28,14,14,7,3,4,4,0,4,0,0,0
55141401,225,110,115,97,49,48,102,53,49,12,3,9,13,5,8,1,0,1
55141403,28,14,14,8,4,4,17,9,8,1,0,1,2,1,1,0,0,0
53656301,247,116,131,99,49,50,100,49,51,28,16,12,20,2,18,0,0,0
56027801,254,135,119,98,57,41,114,56,58,28,18,10,14,4,10,0,0,0
55147302,34,15,19,13,5,8,15,7,8,2,1,1,4,2,2,0,0,0
55147303,126,61,65,58,30,28,46,23,23,14,8,6,8,0,8,0,0,0
55147305,35,20,15,5,4,1,17,8,9,5,5,0,8,3,5,0,0,0
55147308,62,28,34,26,13,13,26,13,13,7,1,6,3,1,2,0,0,0
55147310,23,14,9,11,6,5,8,5,3,3,2,1,1,1,0,0,0,0
53664401,120,57,63,49,23,26,54,28,26,8,5,3,9,1,8,0,0,0
53664402,46,22,24,23,14,9,12,6,6,4,1,3,6,0,6,1,1,0
53647401,105,60,45,39,27,12,48,24,24,7,6,1,11,3,8,0,0,0
53672501,113,53,60,50,24,26,44,22,22,7,5,2,12,2,10,0,0,0
55152001,268,134,134,97,48,49,116,58,58,38,23,15,17,5,12,0,0,0
55152003,32,17,15,12,8,4,12,7,5,4,2,2,4,0,4,0,0,0
53696201,237,124,113,101,58,43,104,53,51,17,9,8,15,4,11,0,0,0
56020101,60,33,27,27,16,11,23,13,10,6,3,3,4,1,3,0,0,0
56020103,37,19,18,13,8,5,15,8,7,4,2,2,4,1,3,1,0,1
55155401,92,39,53,42,18,24,37,18,19,8,2,6,5,1,4,0,0,0
55155402,238,124,114,87,52,35,106,56,50,24,14,10,20,1,19,1,1,0
55156201,56,30,26,20,15,5,24,12,12,7,3,4,5,0,5,0,0,0
55156202,41,24,17,16,11,5,19,10,9,4,3,1,2,0,2,0,0,0
55156203,479,296,183,281,199,82,132,67,65,47,24,23,16,4,12,3,2,1
55156204,40,22,18,15,10,5,21,10,11,2,1,1,1,0,1,1,1,0
55156205,49,23,26,17,8,9,24,12,12,5,3,2,3,0,3,0,0,0
55157101,108,57,51,50,33,17,32,16,16,13,5,8,12,2,10,1,1,0
59888702,82,45,37,35,24,11,36,18,18,7,3,4,4,0,4,0,0,0
53691101,39,21,18,17,10,7,17,8,9,3,2,1,2,1,1,0,0,0
53691102,45,23,22,19,12,7,16,8,8,6,2,4,4,1,3,0,0,0
55161901,44,21,23,19,11,8,16,8,8,3,2,1,6,0,6,0,0,0
55161902,274,132,142,118,63,55,110,55,55,31,13,18,15,1,14,0,0,0
55162701,60,32,28,24,16,8,26,13,13,5,3,2,5,0,5,0,0,0
55162702,154,86,68,72,46,26,70,36,34,4,2,2,7,2,5,1,0,1
55162703,29,13,16,10,5,5,13,7,6,3,0,3,3,1,2,0,0,0
55162704,48,19,29,18,9,9,19,9,10,7,1,6,4,0,4,0,0,0
53679201,94,49,45,44,23,21,28,15,13,14,9,5,8,2,6,0,0,0
55163501,26,11,15,10,5,5,11,5,6,3,1,2,2,0,2,0,0,0
55163502,28,14,14,10,5,5,10,5,5,5,4,1,3,0,3,0,0,0
55163503,94,51,43,48,28,20,24,12,12,14,8,6,8,3,5,0,0,0
55163504,63,33,30,26,14,12,29,15,14,5,3,2,3,1,2,0,0,0
55163505,49,27,22,21,13,8,25,13,12,1,0,1,2,1,1,0,0,0
53654701,133,66,67,53,28,25,49,26,23,19,10,9,12,2,10,0,0,0
55164301,45,23,22,22,12,10,16,8,8,6,3,3,1,0,1,0,0,0
55164302,100,47,53,47,23,24,33,16,17,11,6,5,8,2,6,0,0,0
55164303,294,148,146,110,61,49,132,66,66,30,15,15,19,5,14,3,1,2
55164304,43,23,20,20,12,8,19,10,9,2,1,1,1,0,1,1,0,1
53642301,37,19,18,17,9,8,11,5,6,4,3,1,4,1,3,1,1,0
55166001,54,26,28,21,11,10,24,12,12,4,2,2,5,1,4,0,0,0
55166002,109,53,56,48,21,27,52,26,26,7,6,1,2,0,2,0,0,0
55166003,87,41,46,37,18,19,41,21,20,3,2,1,6,0,6,0,0,0
55166004,1002,488,514,427,227,200,407,206,201,93,43,50,67,7,60,5,2,3
55166006,62,32,30,23,14,9,23,11,12,11,6,5,5,1,4,0,0,0
55166007,40,18,22,17,7,10,19,10,9,0,0,0,4,1,3,0,0,0
55167802,90,47,43,32,18,14,43,21,22,8,7,1,7,1,6,0,0,0
55167803,476,248,228,178,99,79,227,120,107,44,21,23,24,6,18,3,2,1
55167805,25,12,13,10,5,5,6,3,3,4,4,0,5,0,5,0,0,0
55167806,38,20,18,15,9,6,19,10,9,1,1,0,3,0,3,0,0,0
53686501,227,111,116,80,42,38,108,53,55,21,10,11,18,6,12,0,0,0
53684901,461,243,218,198,113,85,192,102,90,47,21,26,24,7,17,0,0,0
55171601,66,35,31,27,17,10,22,11,11,9,5,4,8,2,6,0,0,0
55171602,70,39,31,28,20,8,28,14,14,7,4,3,7,1,6,0,0,0
55171604,1096,548,548,446,239,207,462,233,229,103,54,49,82,20,62,1,0,1
59890901,70,37,33,26,18,8,34,17,17,2,2,0,8,0,8,0,0,0
55174101,72,39,33,40,23,17,21,11,10,4,3,1,7,2,5,0,0,0
55174102,143,68,75,64,29,35,48,24,24,18,11,7,13,4,9,0,0,0
53677601,139,74,65,48,29,19,69,38,31,10,5,5,12,2,10,0,0,0
55175901,34,18,16,11,7,4,12,6,6,9,4,5,2,1,1,0,0,0
55175902,280,135,145,108,60,48,95,49,46,41,19,22,34,6,28,2,1,1
53003401,55,26,29,26,10,16,21,10,11,8,6,2,0,0,0,0,0,0
53003402,46,21,25,22,11,11,15,8,7,6,1,5,3,1,2,0,0,0
53003403,282,145,137,132,73,59,104,53,51,31,18,13,15,1,14,0,0,0
1560010,0,0,0,0,0,0,0,0,0,0,0,0,0,0,0,0,0,0
3016550,0,0,0,0,0,0,0,0,0,0,0,0,0,0,0,0,0,0
3016800,0,0,0,0,0,0,0,0,0,0,0,0,0,0,0,0,0,0
55078701,63,33,30,23,12,11,26,13,13,10,6,4,4,2,2,0,0,0
55078702,188,80,108,78,28,50,85,42,43,13,7,6,12,3,9,0,0,0
55078703,2026,1019,1007,740,426,314,951,478,473,204,90,114,122,19,103,9,6,3
55078704,164,78,86,60,29,31,85,45,40,9,4,5,10,0,10,0,0,0
55078705,542,270,272,189,108,81,255,125,130,58,27,31,40,10,30,0,0,0
55078706,162,80,82,67,33,34,85,43,42,8,3,5,2,1,1,0,0,0
55078707,342,175,167,114,67,47,182,90,92,32,16,16,14,2,12,0,0,0
55078708,338,176,162,134,79,55,150,75,75,35,20,15,19,2,17,0,0,0
55078709,43,22,21,14,9,5,20,10,10,4,2,2,5,1,4,0,0,0
55078710,42,24,18,17,11,6,24,12,12,0,0,0,1,1,0,0,0,0
55078711,77,41,36,27,17,10,37,19,18,8,4,4,5,1,4,0,0,0
55078713,1518,699,819,640,328,312,518,263,255,209,83,126,148,22,126,2,2,0
55078714,60,28,32,19,9,10,34,17,17,1,0,1,6,2,4,0,0,0
55078715,2298,1067,1231,924,513,411,764,382,382,330,124,206,271,42,229,7,4,3
55078716,31,17,14,12,8,4,15,7,8,4,2,2,0,0,0,0,0,0
55078717,4254,2073,2181,1775,1009,766,1495,742,753,619,251,368,360,66,294,5,5,0
55078718,596,291,305,236,129,107,258,132,126,54,23,31,48,7,41,0,0,0
55078719,182,95,87,98,56,42,70,35,35,13,4,9,1,0,1,0,0,0
55078720,1490,668,822,639,340,299,484,237,247,190,62,128,171,27,144,6,2,4
55078721,151,83,68,47,27,20,82,46,36,11,7,4,10,3,7,1,0,1
55078722,269,126,143,88,48,40,98,49,49,45,22,23,38,7,31,0,0,0
55078723,915,418,497,335,168,167,370,187,183,120,44,76,88,17,71,2,2,0
55078724,1539,747,792,649,364,285,608,292,316,208,75,133,73,16,57,1,0,1
55078725,92,47,45,48,25,23,18,9,9,24,12,12,2,1,1,0,0,0
55078726,96,51,45,48,25,23,32,17,15,14,9,5,2,0,2,0,0,0
55078728,3789,1755,2034,1627,870,757,1284,632,652,586,189,397,281,57,224,11,7,4
55078729,119,57,62,50,26,24,48,24,24,14,4,10,7,3,4,0,0,0
55078731,21,10,11,10,3,7,6,3,3,4,4,0,1,0,1,0,0,0
55078733,502,248,254,192,99,93,221,112,109,53,30,23,36,7,29,0,0,0
55177501,114,57,57,47,27,20,48,24,24,11,5,6,8,1,7,0,0,0
55177502,52,29,23,20,15,5,24,12,12,2,1,1,6,1,5,0,0,0
53678401,138,68,70,49,27,22,61,30,31,14,7,7,13,4,9,1,0,1
55179101,119,63,56,47,31,16,54,27,27,9,3,6,9,2,7,0,0,0
55179102,56,29,27,23,12,11,27,14,13,2,2,0,4,1,3,0,0,0
55179103,81,44,37,35,24,11,36,18,18,5,1,4,5,1,4,0,0,0
55179104,34,16,18,16,8,8,14,7,7,0,0,0,4,1,3,0,0,0
55179105,597,303,294,276,159,117,205,102,103,73,39,34,43,3,40,0,0,0
55183001,59,36,23,18,15,3,22,11,11,14,10,4,5,0,5,0,0,0
55183002,250,127,123,103,60,43,99,48,51,31,13,18,15,4,11,0,0,0
53692001,190,91,99,69,35,34,91,46,45,13,6,7,17,4,13,0,0,0
55185601,112,58,54,37,20,17,46,22,24,23,13,10,5,2,3,0,0,0
55185602,657,310,347,282,144,138,247,125,122,63,30,33,60,9,51,5,2,3
55185603,64,24,40,33,10,23,21,11,10,7,3,4,3,0,3,0,0,0
53659801,242,120,122,102,60,42,92,46,46,26,11,15,22,3,19,0,0,0
53651202,200,82,118,84,31,53,84,42,42,17,8,9,15,1,14,0,0,0
55189901,134,61,73,46,21,25,72,36,36,6,3,3,10,1,9,0,0,0
55189902,171,88,83,72,40,32,77,38,39,9,2,7,13,8,5,0,0,0
53667901,66,37,29,22,13,9,35,18,17,3,3,0,6,3,3,0,0,0
53669501,34,16,18,14,7,7,8,4,4,6,4,2,6,1,5,0,0,0
53669503,64,30,34,25,14,11,25,12,13,7,4,3,7,0,7,0,0,0
56395101,64,35,29,18,12,6,31,16,15,9,5,4,6,2,4,0,0,0
55193701,91,42,49,31,13,18,41,22,19,12,6,6,7,1,6,0,0,0
53689001,25,12,13,9,4,5,12,6,6,2,1,1,2,1,1,0,0,0
53689002,87,45,42,32,20,12,43,21,22,5,2,3,7,2,5,0,0,0
53650401,42,23,19,17,12,5,13,7,6,5,2,3,7,2,5,0,0,0
53674101,157,78,79,59,31,28,78,39,39,11,4,7,9,4,5,0,0,0
3017610,0,0,0,0,0,0,0,0,0,0,0,0,0,0,0,0,0,0
55195301,163,81,82,56,33,23,70,36,34,21,10,11,14,1,13,2,1,1
55195302,184,86,98,53,32,21,80,40,40,18,11,7,33,3,30,0,0,0
55195303,86,46,40,34,22,12,39,19,20,6,4,2,7,1,6,0,0,0
55195304,232,117,115,80,47,33,117,57,60,22,9,13,13,4,9,0,0,0
55195305,41,23,18,16,7,9,15,8,7,7,5,2,2,2,0,1,1,0
55195306,300,145,155,128,69,59,119,60,59,25,8,17,27,8,19,1,0,1
55195307,28,13,15,13,7,6,2,1,1,9,5,4,4,0,4,0,0,0
55195308,627,339,288,284,175,109,207,108,99,97,46,51,34,7,27,4,3,1
55195309,87,47,40,47,28,19,26,13,13,12,6,6,2,0,2,0,0,0
55195311,411,208,203,142,78,64,211,110,101,21,8,13,31,7,24,6,5,1
55195312,442,192,250,167,92,75,103,55,48,76,32,44,91,12,79,5,1,4
55195313,61,40,21,16,9,7,30,21,9,11,8,3,4,2,2,0,0,0
55195314,102,59,43,35,24,11,47,24,23,15,8,7,3,1,2,2,2,0
55195315,1245,613,632,491,283,208,505,247,258,141,59,82,103,21,82,5,3,2
55195316,691,347,344,293,162,131,274,137,137,78,33,45,42,13,29,3,1,2
55195317,1171,584,587,540,300,240,376,194,182,171,70,101,76,15,61,8,5,3
55195318,526,273,253,205,116,89,235,117,118,57,33,24,28,7,21,1,0,1
55195319,419,206,213,159,83,76,205,106,99,23,9,14,31,7,24,1,1,0
55196103,128,60,68,46,21,25,50,25,25,21,11,10,11,3,8,0,0,0
55196105,410,212,198,192,105,87,151,75,76,43,25,18,24,7,17,0,0,0
55197001,86,44,42,25,16,9,49,25,24,8,3,5,3,0,3,1,0,1
55197003,46,20,26,23,9,14,22,11,11,0,0,0,1,0,1,0,0,0
55197004,2789,1347,1442,1099,608,491,1156,573,583,301,128,173,222,31,191,11,7,4
55197005,85,44,41,43,25,18,32,15,17,3,2,1,7,2,5,0,0,0
55198801,322,155,167,140,77,63,130,64,66,37,14,23,15,0,15,0,0,0
53648201,43,23,20,14,10,4,13,7,6,7,5,2,9,1,8,0,0,0
53687301,60,27,33,19,9,10,24,12,12,8,3,5,9,3,6,0,0,0
56325101,62,35,27,29,18,11,24,12,12,6,4,2,3,1,2,0,0,0
56325102,81,39,42,32,15,17,30,15,15,15,8,7,4,1,3,0,0,0
56336601,72,45,27,33,24,9,23,12,11,6,4,2,10,5,5,0,0,0
3085610,0,0,0,0,0,0,0,0,0,0,0,0,0,0,0,0,0,0
55205401,77,36,41,30,15,15,34,17,17,8,3,5,5,1,4,0,0,0
55205402,123,62,61,44,27,17,59,30,29,10,5,5,9,0,9,1,0,1
55205403,60,30,30,38,19,19,9,4,5,12,7,5,1,0,1,0,0,0
55205404,497,271,226,228,139,89,163,82,81,75,44,31,30,6,24,1,0,1
55205405,90,52,38,31,21,10,41,21,20,9,8,1,9,2,7,0,0,0
55205406,2615,1276,1339,963,543,420,1115,552,563,315,147,168,214,30,184,7,3,4
55205408,1385,658,727,544,315,229,450,224,226,224,89,135,165,30,135,2,0,2
55205409,23,13,10,8,5,3,13,7,6,2,1,1,0,0,0,0,0,0
56044801,116,57,59,49,26,23,56,28,28,2,1,1,9,2,7,0,0,0
56044802,78,42,36,35,21,14,32,17,15,4,2,2,6,1,5,1,1,0
55209701,229,114,115,83,45,38,108,54,54,16,12,4,22,3,19,0,0,0
55210101,535,266,269,267,143,124,182,90,92,46,21,25,38,11,27,2,1,1
55210103,28,17,11,13,9,4,11,6,5,3,2,1,1,0,1,0,0,0
55210104,26,12,14,7,2,5,11,6,5,1,1,0,6,2,4,1,1,0
55210107,38,21,17,17,8,9,11,6,5,7,6,1,3,1,2,0,0,0
55210108,28,17,11,15,10,5,10,5,5,3,2,1,0,0,0,0,0,0
55210109,38,21,17,15,10,5,22,11,11,0,0,0,1,0,1,0,0,0
55212701,42,24,18,11,9,2,19,10,9,4,4,0,8,1,7,0,0,0
55213501,204,103,101,96,52,44,81,40,41,14,7,7,13,4,9,0,0,0
55213502,22,12,10,7,4,3,13,7,6,2,1,1,0,0,0,0,0,0
55214301,297,138,159,111,64,47,105,53,52,34,17,17,47,4,43,0,0,0
55214302,56,31,25,20,13,7,25,13,12,5,4,1,6,1,5,0,0,0
55214303,39,24,15,19,14,5,14,7,7,2,2,0,3,1,2,1,0,1
56372201,44,19,25,16,7,9,13,6,7,9,3,6,6,3,3,0,0,0
56372202,42,23,19,11,7,4,21,11,10,8,4,4,2,1,1,0,0,0
55220801,210,106,104,85,51,34,89,46,43,17,8,9,19,1,18,0,0,0
55220802,25,14,11,6,6,0,9,4,5,7,3,4,3,1,2,0,0,0
55220803,28,16,12,11,9,2,10,6,4,6,1,5,1,0,1,0,0,0
55220804,24,10,14,10,3,7,10,5,5,2,2,0,2,0,2,0,0,0
55220805,99,51,48,40,24,16,41,21,20,8,3,5,10,3,7,0,0,0
56365001,154,78,76,55,30,25,79,40,39,11,7,4,8,1,7,1,0,1
55222402,105,55,50,25,11,14,51,27,24,18,14,4,10,2,8,1,1,0
55224101,118,63,55,49,34,15,47,23,24,9,4,5,13,2,11,0,0,0
55224102,73,37,36,24,14,10,35,18,17,7,4,3,7,1,6,0,0,0
55224103,55,33,22,20,15,5,25,13,12,8,5,3,2,0,2,0,0,0
55224104,30,16,14,13,10,3,10,5,5,2,1,1,5,0,5,0,0,0
55224105,82,47,35,33,24,9,32,17,15,7,3,4,10,3,7,0,0,0
55224106,103,55,48,44,28,16,39,20,19,13,5,8,7,2,5,0,0,0
55224108,68,32,36,22,10,12,35,17,18,6,4,2,5,1,4,0,0,0
55224111,186,93,93,62,37,25,89,45,44,16,8,8,18,3,15,1,0,1
55224112,23,11,12,12,5,7,10,5,5,1,1,0,0,0,0,0,0,0
55224113,63,29,34,28,14,14,24,12,12,6,2,4,5,1,4,0,0,0
56052901,54,30,24,20,14,6,26,14,12,4,1,3,4,1,3,0,0,0
56052902,28,14,14,15,8,7,10,5,5,1,0,1,1,0,1,1,1,0
56052903,45,27,18,17,14,3,24,12,12,1,0,1,3,1,2,0,0,0
56376501,145,73,72,53,32,21,62,31,31,15,8,7,15,2,13,0,0,0
55227501,217,118,99,73,44,29,100,50,50,26,17,9,18,7,11,0,0,0
55228301,826,409,417,336,174,162,363,183,180,70,39,31,53,10,43,4,3,1
55229101,159,81,78,67,33,34,76,38,38,12,9,3,4,1,3,0,0,0
56330701,219,117,102,78,51,27,100,50,50,24,10,14,16,5,11,1,1,0
56362501,65,35,30,28,18,10,30,15,15,1,1,0,6,1,5,0,0,0
56048103,140,66,74,54,29,25,55,27,28,17,7,10,13,3,10,1,0,1
55232101,50,25,25,24,12,12,22,11,11,1,1,0,3,1,2,0,0,0
55232102,287,140,147,127,69,58,115,57,58,26,11,15,19,3,16,0,0,0
55232103,68,37,31,30,17,13,26,14,12,7,4,3,5,2,3,0,0,0
59899202,38,19,19,13,6,7,15,8,7,6,3,3,4,2,2,0,0,0
59899203,57,27,30,20,12,8,23,11,12,7,4,3,7,0,7,0,0,0
56290401,120,65,55,45,29,16,57,29,28,11,6,5,7,1,6,0,0,0
55245301,123,66,57,59,38,21,46,23,23,11,4,7,7,1,6,0,0,0
55246101,554,282,272,247,139,108,231,117,114,40,14,26,34,10,24,0,0,0
55246102,833,428,405,352,206,146,348,175,173,88,42,46,44,5,39,1,0,1
55246104,69,33,36,32,15,17,20,11,9,12,7,5,5,0,5,0,0,0
55246107,55,29,26,20,12,8,18,9,9,10,6,4,7,2,5,0,0,0
55246108,24,10,14,6,2,4,14,8,6,1,0,1,3,0,3,0,0,0
55246109,35,18,17,15,10,5,14,7,7,4,0,4,2,1,1,0,0,0
55246110,43,23,20,14,9,5,19,10,9,6,3,3,4,1,3,0,0,0
55246111,112,56,56,50,25,25,45,23,22,13,8,5,4,0,4,0,0,0
55246112,76,41,35,29,19,10,33,17,16,5,4,1,7,1,6,1,0,1
55247001,364,190,174,136,84,52,180,91,89,22,11,11,25,3,22,1,1,0
55247004,120,56,64,43,22,21,54,27,27,8,6,2,15,1,14,0,0,0
56314501,158,77,81,65,30,35,79,39,40,6,4,2,8,4,4,0,0,0
55249601,143,76,67,56,33,23,65,32,33,14,9,5,8,2,6,0,0,0
55249602,1949,925,1024,804,423,381,795,390,405,169,77,92,176,31,145,5,4,1
55249604,119,59,60,45,27,18,55,28,27,12,4,8,7,0,7,0,0,0
55249605,174,94,80,64,42,22,76,39,37,19,9,10,15,4,11,0,0,0
55249606,70,37,33,31,21,10,31,15,16,4,1,3,4,0,4,0,0,0
56296301,79,39,40,26,17,9,41,21,20,4,1,3,8,0,8,0,0,0
0611742,0,0,0,0,0,0,0,0,0,0,0,0,0,0,0,0,0,0
55253401,160,78,82,73,39,34,54,28,26,15,6,9,18,5,13,0,0,0
55253402,44,20,24,12,4,8,22,12,10,4,3,1,6,1,5,0,0,0
55253403,48,22,26,20,9,11,23,11,12,3,2,1,2,0,2,0,0,0
55253405,47,26,21,18,13,5,22,11,11,3,2,1,4,0,4,0,0,0
55253408,47,28,19,22,16,6,19,11,8,2,1,1,4,0,4,0,0,0
55253409,56,28,28,20,12,8,23,13,10,3,2,1,10,1,9,0,0,0
55253412,952,483,469,383,219,164,402,201,201,92,50,42,73,11,62,2,2,0
55253417,39,19,20,19,10,9,14,7,7,4,2,2,2,0,2,0,0,0
55253418,75,36,39,25,13,12,40,20,20,6,3,3,4,0,4,0,0,0
55253419,99,55,44,38,28,10,47,24,23,7,2,5,6,0,6,1,1,0
55253420,139,68,71,50,27,23,62,31,31,14,9,5,13,1,12,0,0,0
55253421,22,11,11,8,4,4,13,7,6,1,0,1,0,0,0,0,0,0
55253422,119,59,60,36,21,15,67,35,32,6,2,4,10,1,9,0,0,0
55253424,35,18,17,13,8,5,16,8,8,3,1,2,3,1,2,0,0,0
55253425,30,17,13,10,5,5,10,6,4,5,3,2,5,3,2,0,0,0
55253426,47,25,22,24,13,11,20,11,9,1,1,0,2,0,2,0,0,0
55253427,29,13,16,9,4,5,17,8,9,1,1,0,2,0,2,0,0,0
55253428,29,15,14,13,9,4,13,6,7,1,0,1,2,0,2,0,0,0
55253429,22,12,10,7,4,3,11,6,5,2,1,1,2,1,1,0,0,0
53004201,72,32,40,24,11,13,32,17,15,8,3,5,8,1,7,0,0,0
56398601,48,23,25,11,6,5,27,13,14,5,3,2,5,1,4,0,0,0
56398602,614,317,297,252,141,111,276,138,138,58,33,25,28,5,23,0,0,0
59928001,127,67,60,59,36,23,40,20,20,12,6,6,15,4,11,1,1,0
0708152,0,0,0,0,0,0,0,0,0,0,0,0,0,0,0,0,0,0
55258502,70,36,34,29,17,12,31,15,16,5,3,2,5,1,4,0,0,0
55258504,682,348,334,273,157,116,322,162,160,44,22,22,43,7,36,0,0,0
56295501,90,42,48,35,17,18,36,18,18,12,7,5,7,0,7,0,0,0
56063401,109,55,54,46,22,24,44,23,21,12,8,4,7,2,5,0,0,0
56303001,160,78,82,59,27,32,82,43,39,11,7,4,8,1,7,0,0,0
56354401,118,55,63,48,21,27,57,28,29,8,5,3,5,1,4,0,0,0
56358701,169,82,87,67,34,33,75,41,34,15,6,9,12,1,11,0,0,0
55266601,236,124,112,101,60,41,102,52,50,16,10,6,16,1,15,1,1,0
55266602,104,49,55,39,19,20,48,25,23,12,4,8,4,1,3,1,0,1
55266603,83,38,45,34,17,17,32,16,16,11,4,7,6,1,5,0,0,0
55266604,42,21,21,12,5,7,20,10,10,6,4,2,4,2,2,0,0,0
55266605,1081,533,548,448,245,203,462,228,234,95,48,47,73,11,62,3,1,2
55266606,29,17,12,9,8,1,15,7,8,2,1,1,3,1,2,0,0,0
55266607,23,14,9,14,9,5,4,2,2,3,3,0,2,0,2,0,0,0
55266608,100,51,49,37,20,17,36,19,17,14,10,4,13,2,11,0,0,0
55266609,120,50,70,42,17,25,57,28,29,11,5,6,10,0,10,0,0,0
56286601,126,62,64,54,33,21,40,19,21,15,9,6,16,1,15,1,0,1
56323401,171,86,85,77,42,35,73,36,37,7,5,2,14,3,11,0,0,0
59925501,105,48,57,43,22,21,44,23,21,6,3,3,12,0,12,0,0,0
0049872,0,0,0,0,0,0,0,0,0,0,0,0,0,0,0,0,0,0
0049952,0,0,0,0,0,0,0,0,0,0,0,0,0,0,0,0,0,0
55270402,59,28,31,21,10,11,30,15,15,3,3,0,5,0,5,0,0,0
55270403,35,18,17,19,11,8,8,4,4,4,2,2,4,1,3,0,0,0
55270406,54,27,27,18,11,7,30,15,15,2,1,1,4,0,4,0,0,0
55270408,2103,1034,1069,847,475,372,903,454,449,181,79,102,164,22,142,8,4,4
55270409,93,43,50,49,25,24,31,16,15,6,2,4,7,0,7,0,0,0
55270411,28,16,12,11,6,5,14,7,7,2,2,0,1,1,0,0,0,0
55270412,111,55,56,36,18,18,61,31,30,5,2,3,9,4,5,0,0,0
55270413,26,14,12,8,5,3,8,4,4,6,4,2,4,1,3,0,0,0
55270414,42,19,23,11,6,5,16,8,8,6,5,1,9,0,9,0,0,0
55270415,80,36,44,33,16,17,36,17,19,3,0,3,8,3,5,0,0,0
55271201,120,59,61,50,26,24,53,28,25,7,4,3,10,1,9,0,0,0
55272101,408,195,213,166,81,85,182,92,90,33,17,16,26,4,22,1,1,0
1010522,0,0,0,0,0,0,0,0,0,0,0,0,0,0,0,0,0,0
3204800,0,0,0,0,0,0,0,0,0,0,0,0,0,0,0,0,0,0
54963101,36,18,18,21,14,7,6,3,3,1,1,0,8,0,8,0,0,0
54963105,45,25,20,21,15,6,19,9,10,2,1,1,3,0,3,0,0,0
54963106,396,200,196,162,91,71,183,93,90,25,13,12,25,3,22,1,0,1
54963107,52,25,27,15,10,5,22,11,11,8,4,4,7,0,7,0,0,0
54963108,27,13,14,9,5,4,16,8,8,0,0,0,2,0,2,0,0,0
54963109,32,14,18,10,5,5,17,8,9,1,0,1,4,1,3,0,0,0
54963110,27,16,11,12,9,3,10,5,5,2,1,1,3,1,2,0,0,0
54963111,28,15,13,15,8,7,12,6,6,1,1,0,0,0,0,0,0,0
54963114,36,15,21,10,4,6,23,11,12,1,0,1,2,0,2,0,0,0
55901601,103,57,46,45,26,19,41,20,21,9,6,3,8,5,3,0,0,0
55274701,52,27,25,17,12,5,18,9,9,8,3,5,9,3,6,0,0,0
55274702,78,42,36,40,20,20,31,16,15,5,5,0,2,1,1,0,0,0
55274704,108,58,50,48,31,17,42,23,19,9,1,8,9,3,6,0,0,0
55274705,44,22,22,19,10,9,14,7,7,7,5,2,4,0,4,0,0,0
55276301,322,165,157,133,68,65,151,76,75,21,17,4,16,4,12,1,0,1
56345501,85,47,38,32,20,12,42,22,20,7,3,4,4,2,2,0,0,0
56345503,63,32,31,21,10,11,34,18,16,4,3,1,4,1,3,0,0,0
56345504,51,29,22,21,13,8,21,11,10,2,1,1,6,3,3,1,1,0
55279801,30,15,15,15,9,6,8,4,4,3,1,2,3,0,3,1,1,0
55279802,201,105,96,90,50,40,76,40,36,17,10,7,18,5,13,0,0,0
55280101,851,437,414,351,200,151,360,183,177,80,40,40,59,13,46,1,1,0
55280103,111,53,58,43,24,19,51,25,26,7,4,3,10,0,10,0,0,0
55280104,72,35,37,27,16,11,28,13,15,10,6,4,6,0,6,1,0,1
55280105,20,11,9,7,6,1,8,4,4,3,1,2,2,0,2,0,0,0
55280106,62,30,32,21,12,9,35,18,17,1,0,1,5,0,5,0,0,0
55280107,81,46,35,24,18,6,47,23,24,3,3,0,7,2,5,0,0,0
55280108,119,59,60,56,30,26,46,24,22,7,4,3,9,1,8,1,0,1
55282801,113,57,56,44,22,22,48,25,23,13,7,6,7,2,5,1,1,0
55282802,56,30,26,16,10,6,31,16,15,3,3,0,6,1,5,0,0,0
55282804,3012,1476,1536,1254,696,558,1173,589,584,348,147,201,221,34,187,16,10,6
55282805,1024,486,538,441,216,225,453,227,226,92,33,59,37,9,28,1,1,0
55282806,29,17,12,12,6,6,13,8,5,3,3,0,1,0,1,0,0,0
56055301,53,25,28,26,14,12,19,10,9,2,1,1,6,0,6,0,0,0
55285201,71,41,30,31,21,10,26,14,12,7,4,3,7,2,5,0,0,0
55286103,88,49,39,30,20,10,33,17,16,16,9,7,9,3,6,0,0,0
55289501,46,27,19,18,12,6,24,12,12,4,3,1,0,0,0,0,0,0
55289502,76,33,43,35,13,22,31,17,14,5,3,2,5,0,5,0,0,0
55289503,121,65,56,49,30,19,54,27,27,12,7,5,6,1,5,0,0,0
55289504,76,39,37,32,19,13,36,17,19,5,3,2,3,0,3,0,0,0
56337401,78,36,42,32,16,16,27,13,14,4,3,1,15,4,11,0,0,0
56337402,34,20,14,14,9,5,16,9,7,2,1,1,2,1,1,0,0,0
55291701,24,13,11,8,5,3,14,7,7,1,0,1,1,1,0,0,0,0
55291702,82,38,44,29,16,13,36,18,18,5,3,2,12,1,11,0,0,0
55291703,52,23,29,26,13,13,20,10,10,3,0,3,3,0,3,0,0,0
55291704,29,16,13,10,7,3,14,7,7,2,2,0,3,0,3,0,0,0
55291705,262,129,133,133,68,65,90,46,44,23,13,10,16,2,14,0,0,0
55291706,30,15,15,12,9,3,8,3,5,3,2,1,7,1,6,0,0,0
55291707,51,26,25,24,13,11,21,10,11,3,2,1,3,1,2,0,0,0
55292501,210,114,96,73,47,26,95,47,48,27,17,10,15,3,12,0,0,0
56319601,62,33,29,26,18,8,22,11,11,7,3,4,7,1,6,0,0,0
55293301,369,190,179,131,72,59,184,93,91,35,19,16,19,6,13,0,0,0
55294101,30,15,15,11,7,4,14,7,7,2,1,1,3,0,3,0,0,0
55294102,144,78,66,52,33,19,72,37,35,15,8,7,5,0,5,0,0,0
55297602,177,84,93,69,34,35,73,37,36,19,10,9,16,3,13,0,0,0
55299201,76,40,36,28,16,12,37,19,18,6,4,2,5,1,4,0,0,0
55299202,49,26,23,14,10,4,28,14,14,2,2,0,5,0,5,0,0,0
55299204,98,49,49,42,24,18,43,21,22,10,4,6,3,0,3,0,0,0
55299205,429,215,214,182,100,82,167,85,82,44,21,23,35,8,27,1,1,0
55299206,108,53,55,45,24,21,52,27,25,5,2,3,6,0,6,0,0,0
56062603,93,47,46,31,17,14,52,27,25,0,0,0,10,3,7,0,0,0
55301801,123,64,59,52,29,23,47,25,22,18,8,10,5,1,4,1,1,0
55301802,35,21,14,9,5,4,11,6,5,11,8,3,4,2,2,0,0,0
55301803,389,215,174,144,90,54,189,98,91,31,19,12,24,7,17,1,1,0
56051102,99,55,44,38,24,14,48,25,23,9,3,6,4,3,1,0,0,0
55303402,275,133,142,110,61,49,125,62,63,18,7,11,22,3,19,0,0,0
59911501,55,24,31,22,9,13,29,15,14,3,0,3,1,0,1,0,0,0
59911502,295,156,139,126,70,56,130,64,66,25,17,8,11,3,8,3,2,1
59926301,172,90,82,80,43,37,66,33,33,18,13,5,8,1,7,0,0,0
55306901,1221,594,627,447,255,192,554,278,276,126,50,76,92,11,81,2,0,2
55306902,1694,833,861,729,417,312,525,264,261,303,129,174,129,20,109,8,3,5
55306903,1754,821,933,602,337,265,704,353,351,227,89,138,212,36,176,9,6,3
55306904,47,25,22,28,17,11,16,8,8,3,0,3,0,0,0,0,0,0
55306905,475,228,247,175,96,79,208,103,105,46,19,27,45,10,35,1,0,1
55306906,227,112,115,104,49,55,100,50,50,20,11,9,2,2,0,1,0,1
55306908,1386,713,673,506,302,204,618,307,311,146,86,60,111,16,95,5,2,3
55306909,28,13,15,6,1,5,18,10,8,3,2,1,1,0,1,0,0,0
55306910,36,17,19,12,5,7,20,10,10,3,2,1,1,0,1,0,0,0
55307701,122,57,65,52,28,24,51,24,27,12,5,7,7,0,7,0,0,0
55307702,231,120,111,80,47,33,107,57,50,21,11,10,22,5,17,1,0,1
55307703,85,38,47,24,10,14,52,25,27,4,2,2,5,1,4,0,0,0
55307704,43,21,22,15,7,8,26,13,13,1,0,1,1,1,0,0,0,0
55308501,67,36,31,22,12,10,39,20,19,4,4,0,2,0,2,0,0,0
55308502,109,50,59,46,24,22,48,23,25,6,2,4,7,1,6,2,0,2
56066901,44,22,22,16,10,6,24,12,12,2,0,2,2,0,2,0,0,0
56066902,92,53,39,42,26,16,38,19,19,6,6,0,6,2,4,0,0,0
59902603,38,19,19,14,8,6,16,8,8,4,3,1,4,0,4,0,0,0
59902604,40,17,23,17,8,9,14,7,7,5,1,4,3,1,2,0,0,0
59902605,31,14,17,12,5,7,18,9,9,0,0,0,1,0,1,0,0,0
59902606,41,22,19,16,10,6,15,8,7,5,3,2,5,1,4,0,0,0
59904202,496,249,247,207,116,91,228,118,110,33,11,22,28,4,24,0,0,0
55312303,51,27,24,16,10,6,16,8,8,9,7,2,10,2,8,0,0,0
55312305,118,59,59,44,25,19,51,26,25,9,5,4,13,2,11,1,1,0
55312306,43,23,20,12,10,2,25,13,12,2,0,2,4,0,4,0,0,0
55312307,60,28,32,21,10,11,33,17,16,1,0,1,5,1,4,0,0,0
55312309,71,33,38,29,12,17,33,16,17,6,3,3,3,2,1,0,0,0
3018090,0,0,0,0,0,0,0,0,0,0,0,0,0,0,0,0,0,0
3085870,0,0,0,0,0,0,0,0,0,0,0,0,0,0,0,0,0,0
55313101,190,101,89,82,46,36,92,47,45,12,7,5,3,0,3,1,1,0
55313102,101,45,56,40,17,23,49,24,25,2,2,0,10,2,8,0,0,0
55313103,964,498,466,485,284,201,288,145,143,141,63,78,46,4,42,4,2,2
55313104,34,19,15,8,7,1,14,7,7,7,3,4,5,2,3,0,0,0
55313105,40,23,17,17,12,5,13,7,6,9,4,5,1,0,1,0,0,0
55313106,480,230,250,194,111,83,185,92,93,55,19,36,45,7,38,1,1,0
55313107,42,23,19,31,17,14,7,4,3,2,1,1,2,1,1,0,0,0
55313108,1076,511,565,453,231,222,394,192,202,146,73,73,81,13,68,2,2,0
55313109,71,35,36,26,12,14,38,19,19,6,4,2,1,0,1,0,0,0
55313110,36,15,21,16,7,9,11,5,6,4,2,2,4,0,4,1,1,0
55313111,864,421,443,339,192,147,356,178,178,95,35,60,74,16,58,0,0,0
55313112,498,238,260,149,87,62,266,131,135,34,13,21,48,6,42,1,1,0
55313113,102,54,48,40,24,16,54,28,26,4,1,3,4,1,3,0,0,0
55313114,2303,1059,1244,816,435,381,962,480,482,270,115,155,248,26,222,7,3,4
55314001,23,9,14,6,2,4,11,6,5,6,1,5,0,0,0,0,0,0
55314002,73,37,36,30,18,12,37,18,19,4,1,3,2,0,2,0,0,0
55314003,55,30,25,24,15,9,23,12,11,4,2,2,4,1,3,0,0,0
55314004,325,163,162,132,78,54,135,67,68,30,13,17,27,4,23,1,1,0
55314005,90,51,39,33,20,13,43,22,21,7,6,1,7,3,4,0,0,0
55316601,145,74,71,49,24,25,77,40,37,8,5,3,11,5,6,0,0,0
55316602,92,45,47,39,17,22,29,13,16,14,10,4,10,5,5,0,0,0
55316603,62,38,24,27,21,6,31,15,16,2,2,0,2,0,2,0,0,0
55316604,467,248,219,203,119,84,211,107,104,33,18,15,18,4,14,2,0,2
55317401,305,152,153,117,62,55,140,71,69,28,14,14,20,5,15,0,0,0
55318201,32,15,17,11,4,7,18,9,9,0,0,0,3,2,1,0,0,0
55318202,296,157,139,115,68,47,137,70,67,27,15,12,17,4,13,0,0,0
56317002,52,29,23,22,16,6,20,11,9,3,2,1,7,0,7,0,0,0
55320402,33,21,12,8,8,0,22,11,11,1,1,0,2,1,1,0,0,0
55320404,42,24,18,16,12,4,16,8,8,7,3,4,3,1,2,0,0,0
55320407,139,77,62,51,35,16,57,29,28,16,10,6,15,3,12,0,0,0
55320408,35,18,17,16,9,7,12,7,5,4,2,2,3,0,3,0,0,0
55320410,29,15,14,12,7,5,14,7,7,1,1,0,2,0,2,0,0,0
55320411,49,26,23,14,7,7,30,15,15,4,4,0,1,0,1,0,0,0
3085950,0,0,0,0,0,0,0,0,0,0,0,0,0,0,0,0,0,0
3086332,0,0,0,0,0,0,0,0,0,0,0,0,0,0,0,0,0,0
3212650,0,0,0,0,0,0,0,0,0,0,0,0,0,0,0,0,0,0
55204602,1355,663,692,546,288,258,584,289,295,127,67,60,98,19,79,0,0,0
55204603,180,88,92,77,42,35,74,36,38,17,7,10,12,3,9,0,0,0
55204604,651,338,313,263,150,113,278,142,136,73,38,35,37,8,29,0,0,0
55204605,29,13,16,12,2,10,13,7,6,4,4,0,0,0,0,0,0,0
55204606,208,112,96,76,48,28,93,47,46,26,15,11,13,2,11,0,0,0
55204607,393,213,180,158,99,59,182,89,93,39,22,17,14,3,11,0,0,0
55204608,32,19,13,14,10,4,12,7,5,5,2,3,1,0,1,0,0,0
55204609,912,457,455,324,184,140,451,223,228,71,38,33,64,12,52,1,0,1
55204610,148,77,71,47,29,18,69,35,34,14,9,5,17,3,14,1,1,0
55204612,37,19,18,15,8,7,16,8,8,3,2,1,3,1,2,0,0,0
55204613,49,20,29,17,5,12,22,11,11,4,3,1,6,1,5,0,0,0
55204614,28,12,16,11,5,6,12,6,6,5,1,4,0,0,0,0,0,0
55204615,1731,860,871,698,384,314,744,371,373,179,82,97,110,23,87,0,0,0
55204617,58,27,31,27,12,15,21,11,10,6,4,2,4,0,4,0,0,0
55204618,189,94,95,76,44,32,76,38,38,20,10,10,17,2,15,0,0,0
55204620,340,165,175,130,68,62,157,79,78,23,15,8,28,3,25,2,0,2
55204621,348,181,167,127,78,49,155,77,78,41,21,20,25,5,20,0,0,0
55204622,3625,1723,1902,1708,905,803,1106,548,558,577,227,350,215,32,183,16,9,7
55204623,1335,665,670,551,308,243,521,253,268,168,80,88,90,20,70,5,4,1
55204624,1825,863,962,745,392,353,689,343,346,246,98,148,139,28,111,6,2,4
55204625,2134,1011,1123,840,464,376,828,414,414,278,102,176,178,25,153,10,6,4
55204626,3408,1579,1829,1320,715,605,1176,589,587,545,199,346,357,72,285,8,4,4
55204627,1917,1061,856,957,552,405,567,303,264,332,191,141,58,13,45,3,2,1
55204628,7117,3344,3773,2922,1555,1367,2570,1274,1296,1186,441,745,415,63,352,20,11,9
55204629,65,32,33,38,19,19,16,8,8,8,4,4,3,1,2,0,0,0
55204630,64,34,30,31,19,12,23,11,12,7,3,4,3,1,2,0,0,0
55204631,505,273,232,220,132,88,155,80,75,99,50,49,23,6,17,8,5,3
55204632,1925,948,977,721,416,305,814,412,402,213,89,124,170,27,143,6,4,2
55204633,166,42,124,24,12,12,23,11,12,21,5,16,97,14,83,1,0,1
55204634,408,205,203,155,79,76,175,89,86,52,30,22,23,6,17,3,1,2
55204635,1131,507,624,426,221,205,420,207,213,195,63,132,89,16,73,1,0,1
55204636,616,290,326,228,111,117,292,146,146,56,25,31,38,6,32,2,2,0
55204637,431,213,218,172,93,79,208,101,107,35,15,20,14,2,12,0,0,0
56315301,61,30,31,24,13,11,27,14,13,1,1,0,9,2,7,0,0,0
55323901,66,29,37,26,11,15,28,14,14,9,4,5,3,0,3,0,0,0
55323902,146,62,84,58,24,34,68,33,35,12,5,7,8,0,8,0,0,0
55323903,570,301,269,228,142,86,235,116,119,65,32,33,42,11,31,0,0,0
55160101,265,129,136,110,61,49,123,60,63,16,8,8,16,0,16,0,0,0
59912301,386,204,182,167,95,72,178,91,87,21,12,9,19,5,14,1,1,0
55325501,78,39,39,35,19,16,30,15,15,4,3,1,9,2,7,0,0,0
55325502,169,84,85,57,33,24,75,36,39,21,13,8,16,2,14,0,0,0
55326301,50,27,23,27,14,13,17,9,8,4,3,1,2,1,1,0,0,0
55326302,39,21,18,20,12,8,12,6,6,2,1,1,5,2,3,0,0,0
55326303,177,97,80,80,53,27,67,33,34,21,9,12,9,2,7,0,0,0
3275730,0,0,0,0,0,0,0,0,0,0,0,0,0,0,0,0,0,0
55327101,187,93,94,72,41,31,83,42,41,17,7,10,14,3,11,1,0,1
55327102,3728,1835,1893,1550,875,675,1349,682,667,527,221,306,287,47,240,15,10,5
55327104,1697,841,856,650,359,291,728,369,359,182,81,101,131,29,102,6,3,3
55327105,20,12,8,10,8,2,4,2,2,4,2,2,2,0,2,0,0,0
55327106,67,41,26,35,20,15,17,11,6,10,7,3,3,1,2,2,2,0
55327107,512,259,253,201,122,79,222,109,113,37,17,20,51,10,41,1,1,0
55328002,36,19,17,13,9,4,15,8,7,4,2,2,4,0,4,0,0,0
55328003,98,51,47,28,20,8,45,23,22,10,7,3,15,1,14,0,0,0
55329801,60,28,32,18,11,7,31,15,16,4,2,2,7,0,7,0,0,0
55329802,217,110,107,81,47,34,99,50,49,21,11,10,16,2,14,0,0,0
55329803,32,17,15,11,6,5,15,8,7,2,1,1,4,2,2,0,0,0
56344702,109,61,48,43,27,16,39,20,19,18,11,7,9,3,6,0,0,0
55331001,176,97,79,70,47,23,75,38,37,19,9,10,12,3,9,0,0,0
55332801,44,23,21,17,8,9,20,10,10,6,5,1,1,0,1,0,0,0
55332802,33,21,12,15,14,1,10,6,4,1,0,1,7,1,6,0,0,0
55332805,34,20,14,14,12,2,10,5,5,6,3,3,4,0,4,0,0,0
55332806,54,27,27,15,11,4,30,15,15,5,1,4,4,0,4,0,0,0
56392701,34,16,18,8,5,3,22,11,11,1,0,1,3,0,3,0,0,0
59900001,53,25,28,11,5,6,37,19,18,4,1,3,1,0,1,0,0,0
55336101,37,18,19,12,6,6,16,8,8,6,4,2,3,0,3,0,0,0
55336102,170,80,90,63,33,30,77,39,38,11,7,4,19,1,18,0,0,0
59903402,103,53,50,45,27,18,45,23,22,7,3,4,6,0,6,0,0,0
56043001,162,75,87,59,27,32,81,41,40,10,5,5,11,1,10,1,1,0
59927101,260,123,137,106,55,51,105,53,52,28,14,14,21,1,20,0,0,0
55340901,312,152,160,114,60,54,150,74,76,26,12,14,22,6,16,0,0,0
55340902,95,47,48,40,22,18,45,22,23,7,2,5,3,1,2,0,0,0
55341701,105,58,47,44,27,17,45,23,22,7,4,3,9,4,5,0,0,0
55341702,849,428,421,367,195,172,367,182,185,74,40,34,41,11,30,0,0,0
56389701,233,119,114,96,52,44,110,56,54,14,10,4,13,1,12,0,0,0
55343301,317,155,162,125,69,56,134,67,67,40,14,26,14,2,12,2,1,1
0016352,0,0,0,0,0,0,0,0,0,0,0,0,0,0,0,0,0,0
55344101,1361,678,683,579,321,258,490,246,244,192,86,106,96,22,74,4,3,1
55344105,34,17,17,10,6,4,17,8,9,3,3,0,4,0,4,0,0,0
55344106,161,85,76,69,36,33,65,33,32,17,12,5,9,3,6,0,0,0
55344109,103,52,51,38,21,17,40,20,20,17,8,9,8,3,5,0,0,0
55344110,60,27,33,32,16,16,16,8,8,10,3,7,2,0,2,0,0,0
55345001,1028,523,505,481,271,210,371,189,182,120,52,68,53,9,44,0,0,0
55345003,107,56,51,56,34,22,35,18,17,6,4,2,10,0,10,0,0,0
55345004,128,74,54,45,33,12,70,37,33,7,4,3,6,0,6,0,0,0
55345005,124,62,62,44,24,20,48,25,23,18,8,10,12,3,9,2,2,0
55345006,56,31,25,20,14,6,28,14,14,4,2,2,4,1,3,0,0,0
55345007,83,41,42,30,19,11,34,15,19,14,7,7,5,0,5,0,0,0
56613601,408,223,185,170,112,58,172,89,83,41,16,25,25,6,19,0,0,0
55351401,239,117,122,86,50,36,116,59,57,15,3,12,21,5,16,1,0,1
0345502,0,0,0,0,0,0,0,0,0,0,0,0,0,0,0,0,0,0
55354901,432,220,212,184,98,86,181,90,91,44,29,15,20,2,18,3,1,2
55354903,27,16,11,12,8,4,12,7,5,3,1,2,0,0,0,0,0,0
55354904,108,50,58,47,21,26,43,22,21,10,6,4,7,1,6,1,0,1
55354905,202,99,103,101,49,52,72,37,35,21,12,9,6,0,6,2,1,1
55354906,54,27,27,25,11,14,20,11,9,6,4,2,3,1,2,0,0,0
55354907,58,28,30,26,12,14,18,10,8,7,5,2,7,1,6,0,0,0
55355701,367,179,188,127,63,64,188,96,92,28,12,16,24,8,16,0,0,0
3362030,0,0,0,0,0,0,0,0,0,0,0,0,0,0,0,0,0,0
55342501,472,235,237,178,97,81,203,103,100,50,24,26,39,10,29,2,1,1
55342503,51,20,31,17,9,8,8,4,4,14,6,8,12,1,11,0,0,0
55342504,54,29,25,19,14,5,25,12,13,5,3,2,5,0,5,0,0,0
55342505,2677,1273,1404,1159,639,520,959,474,485,377,128,249,172,26,146,10,6,4
55342508,269,137,132,131,72,59,89,44,45,33,17,16,15,3,12,1,1,0
55342509,729,383,346,382,222,160,216,107,109,110,53,57,20,1,19,1,0,1
55342510,1173,541,632,432,221,211,539,269,270,94,34,60,105,16,89,3,1,2
55342511,64,33,31,28,16,12,27,13,14,5,3,2,4,1,3,0,0,0
55342513,2688,1210,1478,979,505,474,964,483,481,439,165,274,298,54,244,7,3,4
55342514,462,227,235,206,116,90,187,90,97,38,11,27,30,9,21,1,1,0
55342515,703,334,369,300,151,149,269,133,136,80,39,41,51,9,42,3,2,1
55342516,32,15,17,17,9,8,12,6,6,0,0,0,3,0,3,0,0,0
55342517,1107,514,593,427,218,209,454,228,226,140,57,83,85,10,75,1,1,0
55342518,27,15,12,10,6,4,12,6,6,5,3,2,0,0,0,0,0,0
55342519,324,155,169,147,75,72,111,55,56,47,21,26,13,1,12,6,3,3
55342521,40,24,16,18,12,6,16,8,8,5,4,1,1,0,1,0,0,0
55357301,184,91,93,97,54,43,62,31,31,13,4,9,12,2,10,0,0,0
55358101,407,205,202,156,90,66,196,95,101,34,18,16,20,1,19,1,1,0
55362001,273,137,136,122,67,55,115,58,57,22,10,12,13,1,12,1,1,0
56664101,159,82,77,48,34,14,78,39,39,14,6,8,19,3,16,0,0,0
56627601,57,25,32,19,8,11,26,13,13,7,4,3,5,0,5,0,0,0
3018500,0,0,0,0,0,0,0,0,0,0,0,0,0,0,0,0,0,0
3276110,0,0,0,0,0,0,0,0,0,0,0,0,0,0,0,0,0,0
55367101,528,262,266,187,103,84,264,130,134,48,22,26,27,5,22,2,2,0
55367102,1030,504,526,418,226,192,444,224,220,97,44,53,63,7,56,8,3,5
55367103,1749,841,908,702,376,326,691,348,343,214,87,127,138,28,110,4,2,2
55367104,187,89,98,59,34,25,87,44,43,21,7,14,18,2,16,2,2,0
55367105,41,22,19,23,13,10,12,6,6,4,3,1,2,0,2,0,0,0
55367106,41,20,21,10,6,4,25,13,12,4,1,3,2,0,2,0,0,0
55367107,87,48,39,43,24,19,23,12,11,16,9,7,4,2,2,1,1,0
55367108,31,15,16,13,7,6,8,4,4,7,4,3,3,0,3,0,0,0
55367109,51,23,28,23,12,11,24,11,13,0,0,0,4,0,4,0,0,0
55367110,169,85,84,76,41,35,63,32,31,21,10,11,9,2,7,0,0,0
55367111,167,84,83,77,40,37,58,30,28,17,9,8,15,5,10,0,0,0
55367112,44,27,17,16,14,2,17,9,8,9,4,5,2,0,2,0,0,0
55367114,27,15,12,13,7,6,8,4,4,5,3,2,1,1,0,0,0,0
55367116,74,38,36,38,22,16,20,10,10,13,5,8,3,1,2,0,0,0
55367117,48,28,20,18,14,4,21,10,11,5,3,2,4,1,3,0,0,0
55367118,88,45,43,49,27,22,28,14,14,7,2,5,4,2,2,0,0,0
55367119,23,12,11,6,3,3,12,6,6,3,2,1,2,1,1,0,0,0
55367120,396,199,197,165,91,74,105,54,51,85,47,38,39,6,33,2,1,1
55368901,37,19,18,8,4,4,21,11,10,2,2,0,3,0,3,3,2,1
55368902,83,42,41,42,23,19,29,14,15,7,3,4,4,2,2,0,0,0
55368903,48,27,21,16,13,3,19,10,9,8,4,4,5,0,5,0,0,0
55368904,25,9,16,7,2,5,12,6,6,2,1,1,4,0,4,0,0,0
55368908,918,472,446,463,263,200,304,150,154,99,51,48,51,7,44,1,1,0
55368911,40,21,19,13,5,8,13,7,6,11,8,3,3,1,2,0,0,0
55368912,58,34,24,22,12,10,24,13,11,12,9,3,0,0,0,0,0,0
56617901,181,94,87,79,45,34,88,44,44,4,2,2,10,3,7,0,0,0
56633101,31,15,16,12,6,6,12,6,6,3,2,1,4,1,3,0,0,0
55372701,113,59,54,45,28,17,46,23,23,9,6,3,13,2,11,0,0,0
55373501,760,383,377,308,177,131,336,166,170,62,27,35,53,13,40,1,0,1
55374301,324,162,162,140,79,61,111,56,55,48,23,25,25,4,21,0,0,0
55374303,75,32,43,29,11,18,29,15,14,9,4,5,7,1,6,1,1,0
55375101,382,202,180,151,85,66,176,90,86,34,24,10,19,2,17,2,1,1
56614401,194,96,98,81,48,33,93,46,47,5,2,3,15,0,15,0,0,0
55377801,28,16,12,8,7,1,16,8,8,3,1,2,1,0,1,0,0,0
55378601,78,43,35,35,23,12,33,16,17,6,4,2,4,0,4,0,0,0
55378603,80,40,40,30,17,13,38,19,19,5,3,2,6,1,5,1,0,1
55378604,327,167,160,107,68,39,152,76,76,37,20,17,31,3,28,0,0,0
55378605,23,12,11,9,5,4,12,6,6,1,1,0,1,0,1,0,0,0
55378606,3565,1667,1898,1385,731,654,1365,674,691,467,199,268,331,58,273,17,5,12
55378607,310,141,169,188,86,102,68,33,35,45,20,25,7,0,7,0,0,0
55378609,417,203,214,162,86,76,185,93,92,42,20,22,28,4,24,0,0,0
55378612,83,43,40,36,23,13,34,18,16,6,2,4,7,0,7,0,0,0
55378613,116,56,60,47,25,22,45,23,22,15,7,8,8,1,7,1,0,1
55379401,44,21,23,22,11,11,14,7,7,4,3,1,3,0,3,1,0,1
55379403,41,20,21,25,13,12,10,5,5,5,2,3,1,0,1,0,0,0
55379404,1182,583,599,496,276,220,469,235,234,127,56,71,87,13,74,3,3,0
55381601,957,485,472,410,244,166,391,194,197,80,28,52,75,19,56,1,0,1
55381602,38,18,20,16,8,8,13,6,7,4,3,1,5,1,4,0,0,0
55382401,1008,481,527,374,198,176,443,219,224,108,53,55,81,10,71,1,1,0
55382402,41,22,19,15,11,4,20,10,10,2,1,1,4,0,4,0,0,0
55383201,137,73,64,50,32,18,62,30,32,14,10,4,11,1,10,0,0,0
55385901,118,57,61,47,25,22,55,27,28,7,3,4,9,2,7,0,0,0
55386701,123,65,58,48,27,21,57,28,29,9,8,1,9,2,7,0,0,0
55389101,166,89,77,69,42,27,75,38,37,9,4,5,13,5,8,0,0,0
55389102,224,120,104,82,53,29,114,57,57,15,7,8,12,2,10,1,1,0
55391301,56,29,27,28,17,11,16,8,8,8,4,4,4,0,4,0,0,0
55391302,71,38,33,30,20,10,28,14,14,5,2,3,8,2,6,0,0,0
55391303,25,12,13,13,6,7,10,5,5,2,1,1,0,0,0,0,0,0
55391304,658,335,323,276,153,123,288,146,142,59,30,29,35,6,29,0,0,0
55391305,54,24,30,19,10,9,26,12,14,4,2,2,4,0,4,1,0,1
55391308,29,17,12,13,9,4,12,6,6,4,2,2,0,0,0,0,0,0
55391309,47,25,22,16,8,8,21,12,9,8,5,3,1,0,1,1,0,1
55391310,255,133,122,111,62,49,104,54,50,26,14,12,14,3,11,0,0,0
55392101,124,66,58,52,31,21,60,30,30,4,2,2,8,3,5,0,0,0
55393001,25,16,9,5,5,0,16,8,8,2,1,1,2,2,0,0,0,0
55393002,92,48,44,36,19,17,33,17,16,12,8,4,9,2,7,0,0,0
55394801,23,11,12,9,5,4,11,5,6,1,1,0,2,0,2,0,0,0
55394802,418,209,209,156,85,71,206,102,104,26,15,11,26,5,21,4,2,2
55394803,144,77,67,56,34,22,66,34,32,11,5,6,11,4,7,0,0,0
55395601,222,117,105,92,54,38,97,49,48,21,11,10,11,3,8,1,0,1
55395602,85,40,45,54,28,26,19,9,10,8,2,6,4,1,3,0,0,0
0974970,0,0,0,0,0,0,0,0,0,0,0,0,0,0,0,0,0,0
56629201,143,74,69,61,35,26,51,26,25,20,9,11,11,4,7,0,0,0
56629202,47,27,20,22,16,6,11,5,6,9,5,4,4,0,4,1,1,0
56629203,25,11,14,8,3,5,10,5,5,4,2,2,3,1,2,0,0,0
59917401,56,30,26,25,17,8,16,8,8,7,4,3,8,1,7,0,0,0
55398101,29,15,14,9,5,4,17,9,8,1,1,0,2,0,2,0,0,0
55398102,29,14,15,11,7,4,15,7,8,0,0,0,3,0,3,0,0,0
55398103,71,33,38,33,16,17,32,15,17,3,2,1,3,0,3,0,0,0
55398104,443,229,214,165,98,67,216,109,107,27,12,15,34,9,25,1,1,0
55398105,447,231,216,167,100,67,230,116,114,22,11,11,28,4,24,0,0,0
55398106,30,11,19,15,5,10,12,6,6,0,0,0,3,0,3,0,0,0
55399902,215,110,105,101,60,41,71,34,37,25,12,13,18,4,14,0,0,0
55399905,41,18,23,17,6,11,18,9,9,3,1,2,1,0,1,2,2,0
1028810,0,0,0,0,0,0,0,0,0,0,0,0,0,0,0,0,0,0
1028900,0,0,0,0,0,0,0,0,0,0,0,0,0,0,0,0,0,0
1983820,0,0,0,0,0,0,0,0,0,0,0,0,0,0,0,0,0,0
55400601,30,17,13,13,8,5,13,7,6,3,1,2,0,0,0,1,1,0
55400602,151,76,75,69,35,34,43,21,22,31,19,12,8,1,7,0,0,0
55400603,28,13,15,15,7,8,7,3,4,4,3,1,2,0,2,0,0,0
55400604,26,15,11,10,6,4,11,6,5,3,2,1,2,1,1,0,0,0
59916602,130,66,64,61,34,27,36,18,18,15,9,6,16,4,12,2,1,1
55403101,176,94,82,78,48,30,75,38,37,11,7,4,10,1,9,0,0,0
59913101,139,70,69,53,27,26,65,32,33,11,7,4,9,3,6,1,1,0
55405702,215,107,108,106,53,53,72,39,33,20,10,10,17,5,12,0,0,0
55407302,36,19,17,10,5,5,23,13,10,2,1,1,1,0,1,0,0,0
55407303,600,311,289,248,145,103,261,130,131,55,31,24,35,4,31,1,1,0
56620901,108,56,52,51,27,24,40,22,18,11,6,5,6,1,5,0,0,0
59918201,136,70,66,59,32,27,58,28,30,11,7,4,8,3,5,0,0,0
59918202,75,44,31,33,21,12,31,16,15,9,5,4,2,2,0,0,0,0
55408101,95,50,45,38,24,14,43,23,20,6,2,4,8,1,7,0,0,0
55408102,122,60,62,49,28,21,56,27,29,11,5,6,6,0,6,0,0,0
55409001,217,118,99,72,48,24,108,54,54,25,13,12,12,3,9,0,0,0
56637301,79,40,39,32,17,15,39,20,19,6,3,3,2,0,2,0,0,0
55411103,48,23,25,30,15,15,13,7,6,4,1,3,1,0,1,0,0,0
55411104,83,44,39,30,18,12,28,14,14,17,9,8,8,3,5,0,0,0
55411105,1253,600,653,484,262,222,503,247,256,163,67,96,95,20,75,8,4,4
55411106,60,29,31,26,13,13,27,13,14,5,3,2,2,0,2,0,0,0
55411107,54,29,25,18,10,8,30,16,14,3,2,1,3,1,2,0,0,0
55412002,24,9,15,8,3,5,13,6,7,2,0,2,1,0,1,0,0,0
55412003,538,280,258,213,125,88,259,129,130,39,21,18,25,5,20,1,0,1
56636501,231,122,109,89,53,36,101,50,51,22,12,10,19,7,12,0,0,0
55413801,149,79,70,67,42,25,61,31,30,8,3,5,12,2,10,1,1,0
55413802,914,461,453,334,196,138,429,215,214,76,36,40,74,13,61,1,1,0
55415401,47,27,20,21,14,7,19,10,9,4,2,2,3,1,2,0,0,0
55415402,60,26,34,31,11,20,16,8,8,8,6,2,4,1,3,1,0,1
55415403,253,126,127,116,63,53,89,44,45,26,14,12,22,5,17,0,0,0
1439360,0,0,0,0,0,0,0,0,0,0,0,0,0,0,0,0,0,0
1439440,0,0,0,0,0,0,0,0,0,0,0,0,0,0,0,0,0,0
1439520,0,0,0,0,0,0,0,0,0,0,0,0,0,0,0,0,0,0
1439610,0,0,0,0,0,0,0,0,0,0,0,0,0,0,0,0,0,0
1439790,0,0,0,0,0,0,0,0,0,0,0,0,0,0,0,0,0,0
55418901,166,84,82,78,40,38,62,30,32,18,11,7,8,3,5,0,0,0
55420101,39,24,15,23,17,6,11,6,5,3,1,2,2,0,2,0,0,0
55420102,26,12,14,9,4,5,12,6,6,3,2,1,2,0,2,0,0,0
55420103,151,78,73,87,44,43,37,18,19,18,14,4,8,1,7,1,1,0
55425101,211,111,100,97,57,40,93,46,47,13,6,7,8,2,6,0,0,0
55426001,178,83,95,66,33,33,82,41,41,20,8,12,10,1,9,0,0,0
55426002,91,48,43,32,18,14,42,21,21,12,6,6,5,3,2,0,0,0
55426004,121,69,52,39,26,13,56,29,27,17,10,7,9,4,5,0,0,0
55427801,25,13,12,5,5,0,14,7,7,1,0,1,2,0,2,3,1,2
55427802,111,61,50,39,25,14,57,28,29,11,6,5,4,2,2,0,0,0
55427804,300,158,142,122,71,51,138,71,67,27,15,12,11,0,11,2,1,1
55427805,34,14,20,17,6,11,10,5,5,5,2,3,2,1,1,0,0,0
55429401,147,78,69,65,43,22,58,29,29,16,6,10,8,0,8,0,0,0
55429402,285,144,141,98,55,43,132,66,66,33,19,14,21,4,17,1,0,1
55429403,93,47,46,35,18,17,53,26,27,3,3,0,2,0,2,0,0,0
55429404,1504,757,747,610,353,257,568,290,278,210,93,117,112,20,92,4,1,3
55429405,1302,661,641,533,305,228,574,288,286,108,49,59,85,18,67,2,1,1
55431601,205,104,101,81,46,35,100,50,50,13,5,8,11,3,8,0,0,0
55434101,49,27,22,19,9,10,18,10,8,6,4,2,2,0,2,0,0,0
55434102,377,180,197,140,71,69,180,90,90,31,15,16,26,4,22,0,0,0
55435901,434,219,215,160,92,68,191,94,97,42,25,17,40,8,32,1,0,1
55435902,46,19,27,16,6,10,25,12,13,2,1,1,3,0,3,0,0,0
55435903,57,24,33,21,11,10,23,11,12,7,2,5,3,0,3,1,0,1
56616102,132,69,63,61,36,25,52,26,26,13,7,6,6,0,6,0,0,0
55438301,75,35,40,27,13,14,35,18,17,8,3,5,5,1,4,0,0,0
55438302,305,142,163,133,65,68,124,62,62,27,12,15,21,3,18,0,0,0
55438303,39,25,14,14,11,3,19,10,9,5,4,1,1,0,1,0,0,0
55439101,98,54,44,43,30,13,41,20,21,6,3,3,8,1,7,0,0,0
55440501,126,64,62,46,25,21,57,29,28,11,8,3,12,2,10,0,0,0
55441301,64,34,30,24,14,10,33,16,17,5,4,1,2,0,2,0,0,0
55441302,55,30,25,21,10,11,17,9,8,11,8,3,2,1,1,4,2,2
55441303,123,61,62,53,28,25,50,25,25,11,7,4,9,1,8,0,0,0
55442102,52,29,23,25,15,10,21,11,10,5,3,2,1,0,1,0,0,0
55442103,119,56,63,51,29,22,37,20,17,15,6,9,16,1,15,0,0,0
56625001,121,60,61,49,28,21,47,23,24,16,6,10,9,3,6,0,0,0
55444801,45,21,24,13,9,4,22,11,11,4,1,3,6,0,6,0,0,0
0504660,0,0,0,0,0,0,0,0,0,0,0,0,0,0,0,0,0,0
55445601,74,39,35,31,19,12,27,15,12,10,5,5,6,0,6,0,0,0
55445602,88,47,41,42,26,16,32,17,15,7,4,3,7,0,7,0,0,0
55445603,94,45,49,44,21,23,25,13,12,16,7,9,9,4,5,0,0,0
55445605,33,19,14,10,6,4,14,8,6,3,2,1,6,3,3,0,0,0
55445607,42,27,15,19,14,5,11,6,5,11,7,4,1,0,1,0,0,0
55445609,413,206,207,173,97,76,166,83,83,39,20,19,33,6,27,2,0,2
55446401,180,97,83,74,47,27,92,47,45,8,3,5,6,0,6,0,0,0
55446402,76,37,39,28,15,13,38,19,19,4,2,2,6,1,5,0,0,0
55446403,151,78,73,59,34,25,66,33,33,19,11,8,7,0,7,0,0,0
55446404,65,35,30,23,13,10,27,13,14,13,9,4,2,0,2,0,0,0
55446405,131,62,69,44,23,21,62,30,32,11,5,6,11,2,9,1,0,1
55446406,421,218,203,177,100,77,187,96,91,34,18,16,21,2,19,2,2,0
55447201,149,75,74,60,31,29,72,35,37,12,8,4,5,1,4,0,0,0
54184201,116,61,55,48,27,21,47,25,22,10,6,4,11,3,8,0,0,0
54184202,50,28,22,18,10,8,18,9,9,12,7,5,2,2,0,0,0,0
55579701,592,302,290,237,135,102,259,132,127,46,22,24,49,12,37,1,1,0
55579702,22,14,8,9,7,2,7,3,4,5,3,2,1,1,0,0,0,0
55579703,130,63,67,53,26,27,65,32,33,9,4,5,3,1,2,0,0,0
55579705,75,37,38,32,17,15,34,17,17,4,3,1,5,0,5,0,0,0
55580101,605,305,300,239,138,101,264,129,135,62,28,34,36,7,29,4,3,1
55580102,156,74,82,48,26,22,71,35,36,16,8,8,21,5,16,0,0,0
55580103,36,15,21,12,5,7,19,9,10,2,1,1,3,0,3,0,0,0
55580104,29,14,15,12,6,6,12,6,6,3,2,1,2,0,2,0,0,0
55580105,38,17,21,16,8,8,16,8,8,4,1,3,2,0,2,0,0,0
55580106,56,29,27,36,21,15,13,6,7,5,2,3,2,0,2,0,0,0
57808801,134,66,68,49,24,25,55,27,28,18,9,9,12,6,6,0,0,0
55583501,421,220,201,169,98,71,193,96,97,36,20,16,21,4,17,2,2,0
55583502,118,54,64,50,24,26,45,23,22,12,5,7,11,2,9,0,0,0
55583503,34,16,18,10,6,4,17,9,8,3,1,2,4,0,4,0,0,0
55583504,93,50,43,47,31,16,30,15,15,9,2,7,5,0,5,2,2,0
55583505,66,30,36,29,16,13,22,11,11,7,2,5,8,1,7,0,0,0
55583506,20,13,7,6,4,2,10,6,4,4,3,1,0,0,0,0,0,0
54192301,190,96,94,64,36,28,91,45,46,19,10,9,16,5,11,0,0,0
55589401,240,123,117,94,53,41,99,50,49,18,12,6,29,8,21,0,0,0
55589403,63,31,32,15,9,6,32,17,15,5,3,2,10,1,9,1,1,0
53008501,57,30,27,18,10,8,33,17,16,3,3,0,3,0,3,0,0,0
1989780,0,0,0,0,0,0,0,0,0,0,0,0,0,0,0,0,0,0
1991250,0,0,0,0,0,0,0,0,0,0,0,0,0,0,0,0,0,0
55594102,47,22,25,20,11,9,19,9,10,5,2,3,3,0,3,0,0,0
55594103,173,91,82,73,43,30,70,34,36,22,12,10,8,2,6,0,0,0
55594105,46,28,18,24,17,7,14,8,6,6,3,3,2,0,2,0,0,0
55594108,122,60,62,46,27,19,41,21,20,20,10,10,14,2,12,0,0,0
55594111,33,19,14,10,8,2,16,9,7,4,1,3,3,1,2,0,0,0
55594112,51,30,21,19,13,6,26,13,13,2,1,1,4,3,1,0,0,0
55353101,145,73,72,61,34,27,53,27,26,18,10,8,12,2,10,1,0,1
55353102,41,21,20,16,10,6,16,8,8,3,2,1,6,1,5,0,0,0
55353104,109,56,53,56,33,23,41,21,20,4,0,4,8,2,6,0,0,0
55353105,43,22,21,15,8,7,22,11,11,2,2,0,4,1,3,0,0,0
54217201,233,119,114,89,56,33,93,46,47,27,13,14,24,4,20,0,0,0
54202401,207,101,106,84,46,38,91,44,47,22,10,12,9,0,9,1,1,0
57849501,152,77,75,61,31,30,69,35,34,13,8,5,9,3,6,0,0,0
0256740,0,0,0,0,0,0,0,0,0,0,0,0,0,0,0,0,0,0
55604102,52,25,27,23,11,12,21,12,9,4,1,3,4,1,3,0,0,0
55604103,40,21,19,8,6,2,16,7,9,10,7,3,6,1,5,0,0,0
55604106,415,208,207,173,93,80,163,81,82,42,27,15,37,7,30,0,0,0
55604107,183,100,83,90,54,36,67,34,33,14,7,7,12,5,7,0,0,0
55606801,47,25,22,14,7,7,19,9,10,6,5,1,8,4,4,0,0,0
55606802,163,87,76,73,43,30,67,35,32,14,5,9,9,4,5,0,0,0
55606804,70,34,36,25,13,12,33,17,16,6,2,4,5,1,4,1,1,0
55606805,45,24,21,18,10,8,20,10,10,6,4,2,1,0,1,0,0,0
55606806,131,64,67,65,32,33,48,25,23,9,4,5,9,3,6,0,0,0
0265222,0,0,0,0,0,0,0,0,0,0,0,0,0,0,0,0,0,0
55607601,56,30,26,18,12,6,23,12,11,10,6,4,4,0,4,0,0,0
55607602,45,21,24,12,5,7,30,15,15,2,1,1,1,0,1,0,0,0
55607603,665,345,320,292,172,120,260,130,130,65,32,33,47,10,37,1,1,0
55607604,33,17,16,11,7,4,17,9,8,3,1,2,2,0,2,0,0,0
55607605,40,20,20,17,6,11,14,8,6,7,5,2,2,1,1,0,0,0
53012301,80,40,40,32,18,14,36,18,18,6,2,4,6,2,4,0,0,0
53012302,30,17,13,8,6,2,20,9,11,2,2,0,0,0,0,0,0,0
55610601,22,12,10,5,3,2,12,7,5,1,1,0,4,1,3,0,0,0
55610602,409,203,206,163,84,79,183,92,91,38,22,16,24,4,20,1,1,0
55610603,125,67,58,61,35,26,52,25,27,8,5,3,4,2,2,0,0,0
55610604,33,20,13,15,9,6,12,6,6,4,3,1,2,2,0,0,0,0
55610605,239,119,120,89,51,38,111,56,55,23,11,12,16,1,15,0,0,0
55610606,47,25,22,15,8,7,26,13,13,5,4,1,1,0,1,0,0,0
55610607,27,11,16,12,5,7,11,5,6,0,0,0,4,1,3,0,0,0
55610609,21,12,9,8,5,3,10,5,5,3,2,1,0,0,0,0,0,0
57851701,56,33,23,20,16,4,24,12,12,6,3,3,6,2,4,0,0,0
56668301,20,13,7,7,6,1,9,5,4,2,1,1,1,0,1,0,0,0
56668302,123,60,63,56,31,25,53,27,26,7,2,5,7,0,7,0,0,0
57852502,104,46,58,42,16,26,48,24,24,6,4,2,8,2,6,0,0,0
1927590,0,0,0,0,0,0,0,0,0,0,0,0,0,0,0,0,0,0
57824001,100,57,43,32,20,12,44,22,22,17,11,6,7,4,3,0,0,0
0373622,0,0,0,0,0,0,0,0,0,0,0,0,0,0,0,0,0,0
0373713,0,0,0,0,0,0,0,0,0,0,0,0,0,0,0,0,0,0
0374350,0,0,0,0,0,0,0,0,0,0,0,0,0,0,0,0,0,0
1989940,0,0,0,0,0,0,0,0,0,0,0,0,0,0,0,0,0,0
1990010,0,0,0,0,0,0,0,0,0,0,0,0,0,0,0,0,0,0
1990280,0,0,0,0,0,0,0,0,0,0,0,0,0,0,0,0,0,0
1990360,0,0,0,0,0,0,0,0,0,0,0,0,0,0,0,0,0,0
3208890,0,0,0,0,0,0,0,0,0,0,0,0,0,0,0,0,0,0
55618101,44,22,22,17,10,7,19,10,9,4,1,3,4,1,3,0,0,0
55618102,578,290,288,236,140,96,208,105,103,74,33,41,60,12,48,0,0,0
55618103,39,16,23,15,7,8,15,8,7,4,1,3,5,0,5,0,0,0
55618105,46,27,19,19,11,8,17,9,8,5,5,0,4,1,3,1,1,0
55618108,76,36,40,23,14,9,36,19,17,10,3,7,7,0,7,0,0,0
55618111,26,13,13,12,6,6,10,5,5,4,2,2,0,0,0,0,0,0
55618113,30,16,14,8,5,3,17,8,9,4,3,1,1,0,1,0,0,0
55618116,44,25,19,15,10,5,24,12,12,2,1,1,3,2,1,0,0,0
55618120,33,20,13,13,7,6,10,5,5,8,6,2,2,2,0,0,0,0
54179601,151,83,68,51,35,16,73,37,36,16,9,7,10,2,8,1,0,1
0391791,0,0,0,0,0,0,0,0,0,0,0,0,0,0,0,0,0,0
55620301,28,10,18,9,3,6,14,7,7,2,0,2,3,0,3,0,0,0
55620302,35,17,18,13,7,6,18,9,9,2,1,1,2,0,2,0,0,0
55620304,106,60,46,46,31,15,40,21,19,11,5,6,9,3,6,0,0,0
55620306,36,19,17,11,7,4,18,9,9,6,3,3,1,0,1,0,0,0
55620307,105,52,53,39,20,19,48,24,24,5,3,2,13,5,8,0,0,0
55620308,40,20,20,17,10,7,17,9,8,3,0,3,3,1,2,0,0,0
55620309,22,13,9,9,8,1,10,5,5,0,0,0,3,0,3,0,0,0
55620310,33,19,14,7,5,2,21,12,9,3,2,1,2,0,2,0,0,0
55620311,65,35,30,28,18,10,28,14,14,4,2,2,5,1,4,0,0,0
55620314,21,12,9,6,5,1,13,6,7,1,1,0,1,0,1,0,0,0
54208301,85,48,37,29,19,10,30,16,14,16,10,6,9,2,7,1,1,0
0419040,0,0,0,0,0,0,0,0,0,0,0,0,0,0,0,0,0,0
3021040,0,0,0,0,0,0,0,0,0,0,0,0,0,0,0,0,0,0
55625401,61,34,27,26,17,9,26,13,13,5,3,2,4,1,3,0,0,0
55625402,50,27,23,18,12,6,24,12,12,2,2,0,6,1,5,0,0,0
55625403,82,42,40,26,15,11,40,20,20,9,5,4,7,2,5,0,0,0
55625404,74,39,35,27,16,11,41,20,21,4,3,1,2,0,2,0,0,0
55625405,162,85,77,55,36,19,76,38,38,18,9,9,13,2,11,0,0,0
55625406,105,50,55,37,22,15,52,27,25,9,0,9,7,1,6,0,0,0
55625407,101,48,53,43,23,20,38,20,18,9,4,5,11,1,10,0,0,0
55625408,1533,698,835,497,270,227,657,325,332,185,72,113,190,29,161,4,2,2
55625410,268,140,128,87,52,35,148,75,73,22,11,11,11,2,9,0,0,0
55625411,34,18,16,15,8,7,14,7,7,3,2,1,2,1,1,0,0,0
55625412,637,316,321,280,161,119,203,102,101,105,46,59,46,6,40,3,1,2
55625413,202,92,110,89,41,48,84,41,43,13,8,5,16,2,14,0,0,0
55625414,730,369,361,282,155,127,307,155,152,89,51,38,51,8,43,1,0,1
55625415,25,14,11,7,4,3,15,8,7,1,1,0,2,1,1,0,0,0
55625416,21,11,10,9,5,4,6,3,3,4,2,2,2,1,1,0,0,0
55625417,155,79,76,69,35,34,59,30,29,15,11,4,12,3,9,0,0,0
55625418,747,371,376,344,197,147,284,141,143,72,26,46,47,7,40,0,0,0
54209101,58,27,31,29,14,15,20,10,10,5,3,2,4,0,4,0,0,0
55630101,150,88,62,47,33,14,80,42,38,14,10,4,9,3,6,0,0,0
55630102,75,39,36,28,18,10,34,16,18,6,4,2,7,1,6,0,0,0
55630104,106,52,54,37,18,19,52,26,26,9,5,4,8,3,5,0,0,0
55630105,41,23,18,12,8,4,24,12,12,1,0,1,4,3,1,0,0,0
55630106,709,348,361,271,149,122,314,158,156,72,32,40,51,8,43,1,1,0
55630107,63,30,33,26,13,13,29,15,14,2,0,2,6,2,4,0,0,0
55630108,120,58,62,48,24,24,52,26,26,12,6,6,8,2,6,0,0,0
55630109,43,21,22,19,11,8,20,10,10,1,0,1,3,0,3,0,0,0
55631901,59,33,26,23,17,6,26,13,13,4,2,2,6,1,5,0,0,0
55631902,281,145,136,126,73,53,111,54,57,21,12,9,22,5,17,1,1,0
55631903,78,37,41,26,15,11,41,20,21,5,2,3,6,0,6,0,0,0
55633501,26,14,12,8,7,1,9,4,5,4,2,2,5,1,4,0,0,0
55633502,64,34,30,20,12,8,35,17,18,5,4,1,4,1,3,0,0,0
55633503,68,33,35,28,14,14,34,17,17,2,1,1,4,1,3,0,0,0
55633504,61,34,27,22,14,8,29,15,14,3,3,0,7,2,5,0,0,0
55633505,116,56,60,53,29,24,47,23,24,5,3,2,11,1,10,0,0,0
55633506,20,16,4,5,4,1,11,9,2,4,3,1,0,0,0,0,0,0
55633507,376,201,175,150,95,55,169,87,82,30,16,14,26,3,23,1,0,1
55634301,139,69,70,42,23,19,61,30,31,25,16,9,11,0,11,0,0,0
55637802,650,318,332,248,140,108,271,136,135,79,34,45,50,8,42,2,0,2
55637803,53,30,23,21,14,7,24,12,12,6,3,3,2,1,1,0,0,0
55637804,30,13,17,9,4,5,8,4,4,9,5,4,4,0,4,0,0,0
0547210,0,0,0,0,0,0,0,0,0,0,0,0,0,0,0,0,0,0
55638601,36,18,18,17,10,7,14,7,7,3,0,3,2,1,1,0,0,0
55638602,76,40,36,38,20,18,19,9,10,12,8,4,7,3,4,0,0,0
55638603,231,131,100,117,76,41,83,41,42,19,11,8,11,2,9,1,1,0
55638605,173,84,89,66,37,29,87,44,43,12,3,9,8,0,8,0,0,0
55638607,22,8,14,10,2,8,10,5,5,1,0,1,1,1,0,0,0,0
55638608,55,27,28,28,16,12,17,8,9,6,3,3,4,0,4,0,0,0
55639401,50,26,24,19,12,7,20,10,10,6,3,3,5,1,4,0,0,0
55639402,108,53,55,49,26,23,45,23,22,7,3,4,7,1,6,0,0,0
55639403,55,25,30,19,10,9,26,13,13,5,2,3,5,0,5,0,0,0
55639404,59,28,31,24,12,12,26,13,13,3,1,2,6,2,4,0,0,0
55639405,42,20,22,20,10,10,16,8,8,3,2,1,3,0,3,0,0,0
55639406,1496,751,745,710,389,321,533,265,268,179,79,100,70,14,56,4,4,0
55639407,347,203,144,170,125,45,69,45,24,30,13,17,64,10,54,13,10,3
55639408,25,13,12,7,5,2,12,6,6,3,2,1,3,0,3,0,0,0
55639409,29,14,15,10,4,6,16,8,8,2,1,1,1,1,0,0,0,0
55639410,46,24,22,16,10,6,20,10,10,7,4,3,3,0,3,0,0,0
55639411,151,72,79,65,31,34,61,31,30,17,9,8,8,1,7,0,0,0
55639412,61,26,35,16,8,8,36,17,19,5,1,4,4,0,4,0,0,0
54186901,62,32,30,20,11,9,31,16,15,5,3,2,6,2,4,0,0,0
54175301,25,13,12,9,6,3,4,2,2,4,3,1,8,2,6,0,0,0
54175302,142,66,76,53,28,25,58,27,31,18,9,9,12,1,11,1,1,0
54175303,63,34,29,35,20,15,20,11,9,5,3,2,3,0,3,0,0,0
55643201,41,24,17,11,8,3,21,11,10,6,3,3,1,0,1,0,0,0
55643202,21,11,10,10,5,5,6,3,3,5,3,2,0,0,0,0,0,0
55643203,1190,587,603,490,296,194,416,208,208,175,71,104,106,10,96,3,2,1
55643204,48,22,26,17,9,8,20,10,10,4,2,2,7,1,6,0,0,0
55643208,26,16,10,12,9,3,11,6,5,2,1,1,1,0,1,0,0,0
55643209,35,16,19,11,6,5,16,8,8,5,2,3,3,0,3,0,0,0
54182601,108,53,55,40,23,17,56,28,28,4,1,3,8,1,7,0,0,0
1576012,0,0,0,0,0,0,0,0,0,0,0,0,0,0,0,0,0,0
3195540,0,0,0,0,0,0,0,0,0,0,0,0,0,0,0,0,0,0
3276620,0,0,0,0,0,0,0,0,0,0,0,0,0,0,0,0,0,0
3276710,0,0,0,0,0,0,0,0,0,0,0,0,0,0,0,0,0,0
3276890,0,0,0,0,0,0,0,0,0,0,0,0,0,0,0,0,0,0
3362970,0,0,0,0,0,0,0,0,0,0,0,0,0,0,0,0,0,0
55577101,297,142,155,145,70,75,105,50,55,30,17,13,16,5,11,1,0,1
55577102,45,24,21,17,10,7,25,12,13,1,1,0,2,1,1,0,0,0
55577103,932,445,487,355,191,164,428,215,213,72,30,42,77,9,68,0,0,0
55577104,85,42,43,39,20,19,38,19,19,6,3,3,2,0,2,0,0,0
55577106,54,29,25,24,14,10,21,12,9,9,3,6,0,0,0,0,0,0
55577107,104,49,55,42,22,20,36,18,18,16,9,7,10,0,10,0,0,0
55577108,108,60,48,44,26,18,46,23,23,13,10,3,4,1,3,0,0,0
55577109,34,17,17,11,9,2,13,6,7,4,2,2,6,0,6,0,0,0
55577110,74,35,39,26,12,14,39,21,18,2,0,2,7,2,5,0,0,0
55577111,53,25,28,16,9,7,26,13,13,7,2,5,4,1,3,0,0,0
55577112,119,63,56,49,31,18,55,28,27,10,3,7,5,1,4,0,0,0
55577113,330,164,166,124,64,60,152,77,75,35,21,14,19,2,17,0,0,0
55577114,265,129,136,102,49,53,133,68,65,19,12,7,11,0,11,0,0,0
55577115,108,54,54,49,28,21,44,22,22,7,3,4,7,0,7,1,1,0
55577116,109,52,57,42,19,23,55,28,27,8,5,3,4,0,4,0,0,0
55577117,306,147,159,115,60,55,156,77,79,21,10,11,14,0,14,0,0,0
55577118,176,93,83,74,43,31,78,38,40,12,7,5,12,5,7,0,0,0
55577119,35,16,19,11,5,6,20,10,10,2,1,1,2,0,2,0,0,0
55577120,149,78,71,57,34,23,72,36,36,14,7,7,6,1,5,0,0,0
55577121,60,31,29,35,20,15,15,8,7,9,3,6,1,0,1,0,0,0
55577122,776,427,349,422,243,179,177,90,87,151,90,61,26,4,22,0,0,0
55577123,321,161,160,138,87,51,89,46,43,58,21,37,31,5,26,4,1,3
55577125,43,22,21,16,9,7,19,10,9,3,2,1,5,1,4,0,0,0
55577128,977,467,510,352,189,163,432,214,218,121,51,70,72,13,59,0,0,0
55577129,34,22,12,18,14,4,12,6,6,4,2,2,0,0,0,0,0,0
55577130,34,18,16,20,10,10,8,4,4,6,4,2,0,0,0,0,0,0
55577131,1001,483,518,380,211,169,416,204,212,125,49,76,75,17,58,5,2,3
55577132,569,267,302,222,123,99,211,105,106,76,25,51,55,11,44,5,3,2
55577133,765,372,393,280,159,121,365,179,186,81,30,51,38,3,35,1,1,0
55577134,347,151,196,130,65,65,127,62,65,60,20,40,29,3,26,1,1,0
55577135,931,427,504,394,216,178,267,132,135,190,72,118,79,7,72,1,0,1
55577136,73,37,36,41,22,19,16,8,8,14,7,7,2,0,2,0,0,0
55577138,528,245,283,179,101,78,194,100,94,96,37,59,56,4,52,2,2,0
55577139,723,334,389,316,150,166,234,112,122,126,60,66,45,11,34,2,1,1
55577140,78,38,40,37,20,17,22,12,10,15,6,9,4,0,4,0,0,0
55577141,1558,750,808,616,340,276,657,321,336,191,72,119,88,13,75,6,4,2
55577142,2331,1053,1278,800,459,341,776,389,387,396,143,253,347,58,289,12,4,8
55577143,877,415,462,309,163,146,408,205,203,71,29,42,88,17,71,1,1,0
55577144,496,222,274,186,100,86,192,97,95,74,18,56,43,7,36,1,0,1
55577145,25,14,11,10,8,2,4,2,2,7,2,5,3,1,2,1,1,0
55577146,781,379,402,280,158,122,392,192,200,49,20,29,60,9,51,0,0,0
55577147,400,206,194,169,91,78,190,94,96,37,20,17,4,1,3,0,0,0
55577148,300,151,149,115,67,48,121,63,58,41,15,26,22,5,17,1,1,0
55577149,555,252,303,211,117,94,226,111,115,61,17,44,56,6,50,1,1,0
55577150,1565,754,811,644,341,303,603,298,305,226,85,141,90,28,62,2,2,0
55577151,1067,509,558,460,259,201,350,173,177,165,60,105,88,17,71,4,0,4
55577153,739,343,396,300,150,150,300,149,151,77,30,47,60,13,47,2,1,1
55577154,242,113,129,121,57,64,76,37,39,44,18,26,0,0,0,1,1,0
54185101,105,59,46,43,27,16,42,22,20,10,6,4,10,4,6,0,0,0
55646701,42,20,22,17,10,7,11,6,5,11,4,7,2,0,2,1,0,1
55646705,21,13,8,12,8,4,4,2,2,2,1,1,3,2,1,0,0,0
55646706,29,14,15,13,5,8,10,5,5,5,4,1,1,0,1,0,0,0
55646707,38,17,21,21,9,12,12,5,7,3,2,1,2,1,1,0,0,0
55646708,723,361,362,288,160,128,306,154,152,71,34,37,55,10,45,2,2,0
55646709,84,37,47,28,14,14,42,21,21,7,1,6,7,1,6,0,0,0
55646710,28,17,11,16,11,5,10,5,5,1,0,1,1,1,0,0,0,0
55646712,33,19,14,10,8,2,19,9,10,3,2,1,1,0,1,0,0,0
55646713,97,49,48,42,23,19,46,23,23,5,3,2,4,0,4,0,0,0
55646714,124,67,57,51,33,18,46,23,23,14,9,5,13,2,11,0,0,0
55646716,33,16,17,14,9,5,15,7,8,1,0,1,3,0,3,0,0,0
55646718,87,48,39,48,27,21,27,14,13,9,6,3,3,1,2,0,0,0
55646720,39,15,24,21,7,14,13,7,6,2,1,1,3,0,3,0,0,0
55646721,23,12,11,6,4,2,14,7,7,0,0,0,3,1,2,0,0,0
57817701,76,35,41,27,11,16,39,19,20,6,5,1,4,0,4,0,0,0
55650501,39,23,16,12,10,2,23,11,12,2,1,1,2,1,1,0,0,0
55650502,101,48,53,47,22,25,36,18,18,12,5,7,6,3,3,0,0,0
55650503,54,26,28,23,12,11,21,11,10,3,2,1,7,1,6,0,0,0
54193101,129,63,66,45,26,19,63,32,31,9,4,5,12,1,11,0,0,0
57807001,88,43,45,41,21,20,29,14,15,10,4,6,8,4,4,0,0,0
57807002,46,23,23,16,7,9,22,11,11,6,3,3,2,2,0,0,0,0
55662901,37,17,20,11,4,7,15,8,7,4,3,1,7,2,5,0,0,0
55662903,150,78,72,62,37,25,62,32,30,11,7,4,15,2,13,0,0,0
55662904,293,155,138,113,70,43,140,69,71,22,13,9,15,2,13,3,1,2
57841001,39,20,19,13,8,5,19,10,9,3,2,1,4,0,4,0,0,0
55663701,80,42,38,33,20,13,27,14,13,10,5,5,10,3,7,0,0,0
55663702,21,10,11,9,5,4,10,5,5,1,0,1,1,0,1,0,0,0
55663703,587,271,316,229,110,119,253,130,123,61,25,36,42,6,36,2,0,2
55663704,61,32,29,24,14,10,21,9,12,9,5,4,6,4,2,1,0,1
55663705,25,15,10,7,6,1,14,7,7,2,2,0,2,0,2,0,0,0
55663706,40,23,17,13,10,3,20,9,11,5,4,1,2,0,2,0,0,0
55663707,155,83,72,47,31,16,75,38,37,16,12,4,17,2,15,0,0,0
55663708,104,52,52,60,32,28,22,11,11,13,6,7,9,3,6,0,0,0
55663709,39,19,20,10,4,6,26,13,13,3,2,1,0,0,0,0,0,0
57846101,61,32,29,23,12,11,28,16,12,7,2,5,3,2,1,0,0,0
54205901,56,32,24,20,14,6,28,15,13,2,2,0,6,1,5,0,0,0
0978880,0,0,0,0,0,0,0,0,0,0,0,0,0,0,0,0,0,0
0978960,0,0,0,0,0,0,0,0,0,0,0,0,0,0,0,0,0,0
54214801,33,20,13,10,8,2,20,10,10,3,2,1,0,0,0,0,0,0
54214802,56,32,24,34,20,14,16,8,8,5,3,2,1,1,0,0,0,0
55671801,40,23,17,17,11,6,14,7,7,7,4,3,2,1,1,0,0,0
55671802,77,42,35,26,18,8,37,19,18,4,2,2,10,3,7,0,0,0
55671803,31,17,14,12,8,4,12,6,6,2,1,1,5,2,3,0,0,0
55671804,60,32,28,32,19,13,21,10,11,4,2,2,3,1,2,0,0,0
55671805,84,45,39,33,22,11,38,20,18,7,1,6,6,2,4,0,0,0
55671806,510,251,259,200,117,83,207,106,101,46,16,30,55,11,44,2,1,1
55671807,144,78,66,55,32,23,77,38,39,7,6,1,5,2,3,0,0,0
55671808,79,39,40,36,19,17,37,19,18,2,0,2,4,1,3,0,0,0
55671809,91,42,49,46,19,27,25,12,13,12,10,2,8,1,7,0,0,0
55671811,24,14,10,14,8,6,6,4,2,3,1,2,1,1,0,0,0,0
55672602,134,64,70,53,29,24,52,28,24,11,5,6,18,2,16,0,0,0
55673401,102,53,49,35,20,15,52,28,24,8,5,3,7,0,7,0,0,0
55673402,47,20,27,15,8,7,19,10,9,4,2,2,9,0,9,0,0,0
55673403,39,18,21,14,9,5,14,7,7,5,2,3,6,0,6,0,0,0
55673404,218,111,107,84,54,30,92,46,46,31,11,20,11,0,11,0,0,0
54174501,122,56,66,46,22,24,61,31,30,7,3,4,7,0,7,1,0,1
55675102,52,28,24,20,15,5,23,11,12,5,2,3,4,0,4,0,0,0
55675103,90,46,44,28,16,12,47,23,24,6,4,2,8,2,6,1,1,0
55675107,30,19,11,10,8,2,15,8,7,2,2,0,3,1,2,0,0,0
55675108,42,20,22,16,9,7,20,10,10,4,1,3,2,0,2,0,0,0
55675109,69,38,31,27,16,11,30,14,16,5,5,0,7,3,4,0,0,0
55675110,38,19,19,13,9,4,11,6,5,4,3,1,10,1,9,0,0,0
55675111,119,63,56,39,20,19,54,28,26,19,13,6,7,2,5,0,0,0
55675112,224,116,108,79,48,31,111,57,54,14,10,4,20,1,19,0,0,0
55675113,252,121,131,110,63,47,100,50,50,22,7,15,20,1,19,0,0,0
55675114,209,109,100,86,54,32,72,39,33,30,15,15,21,1,20,0,0,0
57822301,65,28,37,30,13,17,23,11,12,7,4,3,5,0,5,0,0,0
57853301,208,104,104,82,46,36,86,43,43,23,11,12,17,4,13,0,0,0
1044262,0,0,0,0,0,0,0,0,0,0,0,0,0,0,0,0,0,0
55681501,186,89,97,73,37,36,82,42,40,15,8,7,15,1,14,1,1,0
55681502,62,37,25,22,19,3,29,14,15,7,4,3,4,0,4,0,0,0
55681503,49,27,22,15,10,5,30,15,15,1,1,0,2,0,2,1,1,0
55681504,26,12,14,12,5,7,10,5,5,2,1,1,2,1,1,0,0,0
55683101,374,226,148,238,162,76,84,43,41,30,16,14,16,3,13,6,2,4
55683102,54,25,29,22,12,10,26,13,13,3,0,3,3,0,3,0,0,0
55683104,107,54,53,50,29,21,43,20,23,7,4,3,6,1,5,1,0,1
55683105,3985,1907,2078,1556,856,700,1628,810,818,466,178,288,314,52,262,21,11,10
55683106,49,24,25,17,11,6,20,10,10,10,3,7,2,0,2,0,0,0
55683107,159,73,86,59,28,31,65,30,35,23,14,9,12,1,11,0,0,0
55683108,25,12,13,6,2,4,13,7,6,5,3,2,1,0,1,0,0,0
54191501,220,109,111,90,49,41,100,49,51,21,10,11,9,1,8,0,0,0
54195801,95,45,50,29,14,15,56,28,28,5,2,3,5,1,4,0,0,0
54195802,89,48,41,37,23,14,28,14,14,13,8,5,11,3,8,0,0,0
57806101,70,32,38,29,15,14,32,16,16,5,1,4,4,0,4,0,0,0
55691201,347,190,157,125,86,39,154,76,78,34,22,12,33,6,27,1,0,1
55691202,155,76,79,66,36,30,62,31,31,13,8,5,14,1,13,0,0,0
55691203,68,36,32,27,15,12,25,13,12,5,5,0,11,3,8,0,0,0
55691204,28,14,14,13,7,6,10,5,5,3,2,1,2,0,2,0,0,0
55691205,71,36,35,23,12,11,31,15,16,8,6,2,8,2,6,1,1,0
1199620,0,0,0,0,0,0,0,0,0,0,0,0,0,0,0,0,0,0
55692101,30,16,14,13,7,6,15,8,7,1,0,1,1,1,0,0,0,0
55692102,44,20,24,17,8,9,18,9,9,6,3,3,3,0,3,0,0,0
55692104,36,16,20,11,3,8,15,9,6,3,2,1,7,2,5,0,0,0
55692107,244,130,114,98,59,39,105,53,52,24,15,9,15,2,13,2,1,1
55692108,27,16,11,11,7,4,12,6,6,2,2,0,2,1,1,0,0,0
55692110,27,17,10,10,9,1,14,7,7,0,0,0,3,1,2,0,0,0
55692111,60,28,32,30,14,16,21,11,10,5,3,2,4,0,4,0,0,0
55692113,37,19,18,14,9,5,13,6,7,6,3,3,3,0,3,1,1,0
55692114,56,31,25,20,14,6,26,13,13,8,4,4,2,0,2,0,0,0
55692117,46,21,25,21,10,11,14,7,7,6,3,3,5,1,4,0,0,0
0236040,0,0,0,0,0,0,0,0,0,0,0,0,0,0,0,0,0,0
55695501,52,26,26,22,12,10,21,10,11,5,4,1,4,0,4,0,0,0
55695502,63,32,31,27,16,11,26,13,13,2,2,0,8,1,7,0,0,0
55695503,102,57,45,45,29,16,36,18,18,10,6,4,11,4,7,0,0,0
55695504,114,62,52,45,31,14,49,26,23,8,5,3,12,0,12,0,0,0
55695505,44,21,23,14,7,7,17,9,8,10,4,6,3,1,2,0,0,0
55695506,44,24,20,14,11,3,23,11,12,4,2,2,3,0,3,0,0,0
55695507,105,51,54,39,20,19,42,21,21,14,7,7,10,3,7,0,0,0
55695508,59,29,30,20,11,9,32,16,16,2,2,0,5,0,5,0,0,0
55695509,850,426,424,314,176,138,386,194,192,83,43,40,65,12,53,2,1,1
55695510,28,13,15,7,4,3,14,7,7,4,1,3,3,1,2,0,0,0
55695511,44,23,21,18,10,8,18,9,9,6,3,3,1,0,1,1,1,0
55695512,24,14,10,10,7,3,12,6,6,0,0,0,1,0,1,1,1,0
55168601,126,60,66,54,29,25,50,25,25,11,5,6,11,1,10,0,0,0
54178801,36,19,17,16,9,7,13,7,6,7,3,4,0,0,0,0,0,0
54178802,38,16,22,22,9,13,12,6,6,2,1,1,2,0,2,0,0,0
54178803,134,77,57,54,34,20,55,28,27,16,12,4,9,3,6,0,0,0
54178804,26,16,10,14,11,3,8,4,4,2,0,2,2,1,1,0,0,0
54178805,59,36,23,25,18,7,25,12,13,4,3,1,5,3,2,0,0,0
1989350,0,0,0,0,0,0,0,0,0,0,0,0,0,0,0,0,0,0
55608401,104,59,45,46,30,16,42,21,21,14,8,6,2,0,2,0,0,0
55608402,30,15,15,16,5,11,7,4,3,7,6,1,0,0,0,0,0,0
55700501,118,66,52,59,34,25,41,22,19,13,8,5,5,2,3,0,0,0
55700502,32,20,12,12,9,3,17,9,8,1,1,0,2,1,1,0,0,0
55700503,112,55,57,37,20,17,56,27,29,11,7,4,8,1,7,0,0,0
55700504,155,79,76,69,39,30,66,34,32,8,5,3,11,1,10,1,0,1
55700505,73,39,34,25,17,8,42,21,21,1,1,0,5,0,5,0,0,0
55700506,316,155,161,145,73,72,125,63,62,28,14,14,17,5,12,1,0,1
55701301,84,39,45,34,16,18,33,17,16,11,5,6,6,1,5,0,0,0
55701302,86,43,43,31,18,13,33,17,16,11,7,4,11,1,10,0,0,0
55701303,336,175,161,124,76,48,138,69,69,48,27,21,26,3,23,0,0,0
1400742,0,0,0,0,0,0,0,0,0,0,0,0,0,0,0,0,0,0
1401210,0,0,0,0,0,0,0,0,0,0,0,0,0,0,0,0,0,0
1990440,0,0,0,0,0,0,0,0,0,0,0,0,0,0,0,0,0,0
1990520,0,0,0,0,0,0,0,0,0,0,0,0,0,0,0,0,0,0
55702101,33,18,15,12,8,4,16,8,8,4,2,2,1,0,1,0,0,0
55702102,22,13,9,9,6,3,8,4,4,1,1,0,4,2,2,0,0,0
55702104,151,76,75,57,29,28,53,26,27,24,19,5,17,2,15,0,0,0
55702105,39,22,17,13,11,2,17,8,9,4,1,3,5,2,3,0,0,0
57843601,96,47,49,34,24,10,42,20,22,9,3,6,10,0,10,1,0,1
55709901,53,26,27,20,11,9,21,12,9,6,1,5,6,2,4,0,0,0
55709903,31,16,15,7,4,3,15,8,7,5,3,2,4,1,3,0,0,0
55709904,284,141,143,114,70,44,103,52,51,36,16,20,30,2,28,1,1,0
55709905,25,17,8,12,10,2,11,6,5,0,0,0,2,1,1,0,0,0
1989860,0,0,0,0,0,0,0,0,0,0,0,0,0,0,0,0,0,0
55711101,42,23,19,23,13,10,12,6,6,4,2,2,3,2,1,0,0,0
55711102,152,77,75,57,30,27,66,34,32,17,10,7,11,3,8,1,0,1
55711105,27,13,14,9,3,6,14,8,6,2,2,0,2,0,2,0,0,0
55712903,75,39,36,20,12,8,38,19,19,8,6,2,9,2,7,0,0,0
55712904,189,91,98,80,38,42,70,35,35,24,12,12,15,6,9,0,0,0
55712906,42,23,19,13,8,5,18,10,8,5,3,2,6,2,4,0,0,0
55713702,26,14,12,12,7,5,9,5,4,1,0,1,3,2,1,1,0,1
55713703,40,20,20,14,7,7,18,9,9,5,4,1,3,0,3,0,0,0
55713704,52,24,28,22,12,10,18,9,9,4,3,1,8,0,8,0,0,0
55713705,88,48,40,36,23,13,44,23,21,6,1,5,2,1,1,0,0,0
55713708,892,456,436,367,210,157,392,197,195,78,38,40,54,10,44,1,1,0
55713709,60,30,30,34,17,17,22,12,10,3,1,2,1,0,1,0,0,0
55713710,24,12,12,12,7,5,8,4,4,1,0,1,3,1,2,0,0,0
55713711,51,27,24,26,12,14,18,10,8,3,3,0,3,1,2,1,1,0
55713712,38,22,16,15,9,6,16,8,8,5,4,1,1,0,1,1,1,0
55713714,72,31,41,25,9,16,37,19,18,3,1,2,7,2,5,0,0,0
1597012,0,0,0,0,0,0,0,0,0,0,0,0,0,0,0,0,0,0
1597190,0,0,0,0,0,0,0,0,0,0,0,0,0,0,0,0,0,0
3066140,0,0,0,0,0,0,0,0,0,0,0,0,0,0,0,0,0,0
3088460,0,0,0,0,0,0,0,0,0,0,0,0,0,0,0,0,0,0
55715301,41,18,23,14,7,7,22,10,12,2,1,1,3,0,3,0,0,0
55715302,21,10,11,9,5,4,8,4,4,2,1,1,2,0,2,0,0,0
55715303,81,46,35,36,26,10,33,17,16,5,2,3,7,1,6,0,0,0
55715305,49,26,23,18,12,6,28,14,14,2,0,2,1,0,1,0,0,0
55715307,202,96,106,66,40,26,103,49,54,17,6,11,16,1,15,0,0,0
55715308,123,62,61,46,21,25,57,29,28,11,9,2,9,3,6,0,0,0
55715309,36,19,17,20,11,9,13,7,6,2,1,1,1,0,1,0,0,0
55715310,65,33,32,30,16,14,29,14,15,5,3,2,1,0,1,0,0,0
55715314,597,328,269,320,189,131,135,70,65,110,65,45,30,4,26,2,0,2
55715315,32,15,17,10,5,5,14,8,6,3,1,2,5,1,4,0,0,0
55715316,119,54,65,46,22,24,47,24,23,12,6,6,14,2,12,0,0,0
55715317,2143,1019,1124,787,440,347,865,432,433,278,114,164,210,32,178,3,1,2
55715318,683,331,352,308,177,131,214,107,107,101,42,59,56,3,53,4,2,2
55715320,447,219,228,201,118,83,159,78,81,53,19,34,34,4,30,0,0,0
55715321,132,67,65,56,35,21,46,22,24,22,8,14,8,2,6,0,0,0
55715322,133,63,70,58,31,27,53,26,27,11,4,7,11,2,9,0,0,0
55715323,2867,1364,1503,1126,602,524,1121,557,564,423,166,257,188,35,153,9,4,5
55715324,1488,719,769,534,311,223,583,294,289,211,86,125,154,23,131,4,3,1
55715325,21,11,10,8,5,3,12,6,6,0,0,0,1,0,1,0,0,0
55715326,66,36,30,28,17,11,30,14,16,4,2,2,4,3,1,0,0,0
55715327,585,287,298,229,119,110,247,123,124,67,35,32,40,9,31,2,1,1
55715328,618,264,354,220,112,108,213,108,105,69,25,44,116,19,97,0,0,0
55716101,286,134,152,98,51,47,129,63,66,25,14,11,33,5,28,1,1,0
55720001,27,15,12,12,7,5,8,4,4,3,2,1,4,2,2,0,0,0
55720002,39,16,23,16,6,10,14,7,7,5,3,2,4,0,4,0,0,0
55720004,82,39,43,34,18,16,38,18,20,6,3,3,4,0,4,0,0,0
55720005,53,25,28,20,10,10,23,12,11,8,3,5,2,0,2,0,0,0
55720006,29,13,16,14,7,7,6,3,3,4,2,2,5,1,4,0,0,0
55720007,37,19,18,16,8,8,15,8,7,4,2,2,2,1,1,0,0,0
55720008,74,40,34,24,17,7,32,16,16,9,4,5,9,3,6,0,0,0
55720009,172,79,93,60,27,33,83,41,42,12,6,6,16,4,12,1,1,0
55720010,141,73,68,53,28,25,60,29,31,16,12,4,11,3,8,1,1,0
55720011,1011,498,513,403,230,173,403,201,202,122,51,71,81,16,65,2,0,2
55352201,93,49,44,37,26,11,42,21,21,3,1,2,11,1,10,0,0,0
54188501,39,21,18,20,13,7,13,6,7,3,1,2,3,1,2,0,0,0
54188502,258,132,126,108,61,47,105,54,51,32,15,17,13,2,11,0,0,0
54188503,32,19,13,15,11,4,8,4,4,7,3,4,1,1,0,1,0,1
57832101,122,66,56,50,31,19,42,20,22,18,11,7,12,4,8,0,0,0
0531471,0,0,0,0,0,0,0,0,0,0,0,0,0,0,0,0,0,0
55736601,24,11,13,10,4,6,14,7,7,0,0,0,0,0,0,0,0,0
55736602,96,51,45,27,19,8,47,24,23,15,7,8,7,1,6,0,0,0
55736603,115,55,60,46,23,23,56,28,28,4,2,2,9,2,7,0,0,0
55736605,36,21,15,13,10,3,22,11,11,0,0,0,1,0,1,0,0,0
55736606,149,78,71,54,35,19,72,36,36,10,4,6,13,3,10,0,0,0
55736608,404,205,199,155,84,71,164,82,82,48,31,17,37,8,29,0,0,0
55737401,244,122,122,91,55,36,108,55,53,24,10,14,21,2,19,0,0,0
55738201,84,42,42,35,19,16,33,17,16,6,4,2,10,2,8,0,0,0
55738202,110,62,48,47,30,17,46,24,22,4,3,1,13,5,8,0,0,0
55738203,340,173,167,143,82,61,135,69,66,41,18,23,21,4,17,0,0,0
55745501,266,124,142,109,50,59,128,64,64,13,8,5,16,2,14,0,0,0
55745502,171,80,91,62,30,32,88,45,43,8,3,5,12,2,10,1,0,1
55745503,149,80,69,59,38,21,67,34,33,9,6,3,14,2,12,0,0,0
55745504,301,153,148,122,68,54,144,71,73,16,10,6,19,4,15,0,0,0
56605501,306,160,146,121,75,46,141,71,70,22,11,11,22,3,19,0,0,0
55746302,28,15,13,11,7,4,11,6,5,3,2,1,3,0,3,0,0,0
55746304,52,23,29,11,6,5,19,10,9,15,5,10,7,2,5,0,0,0
55746305,44,21,23,13,7,6,22,12,10,4,2,2,4,0,4,1,0,1
55746307,268,143,125,110,69,41,113,57,56,28,12,16,16,4,12,1,1,0
55746308,32,18,14,10,6,4,16,9,7,5,3,2,1,0,1,0,0,0
57831201,103,55,48,38,23,15,48,25,23,10,6,4,7,1,6,0,0,0
55752801,37,21,16,18,10,8,14,8,6,3,2,1,2,1,1,0,0,0
55752802,100,56,44,44,27,17,29,15,14,19,12,7,6,1,5,2,1,1
55752803,227,116,111,100,52,48,99,51,48,16,10,6,10,1,9,0,0,0
55752804,42,21,21,18,11,7,13,6,7,7,2,5,4,2,2,0,0,0
55752805,1133,574,559,461,259,202,441,223,218,168,81,87,57,8,49,6,3,3
55752806,93,50,43,46,25,21,34,17,17,10,7,3,3,1,2,0,0,0
55753601,84,44,40,30,18,12,33,17,16,6,5,1,15,4,11,0,0,0
55753602,53,24,29,18,6,12,24,11,13,6,5,1,5,2,3,0,0,0
55753603,43,22,21,22,12,10,16,8,8,0,0,0,4,1,3,1,1,0
55753604,84,44,40,34,23,11,36,18,18,9,3,6,5,0,5,0,0,0
55753605,35,16,19,12,4,8,18,8,10,4,4,0,1,0,1,0,0,0
55753606,267,126,141,108,56,52,102,52,50,23,11,12,33,6,27,1,1,0
55754401,612,286,326,224,121,103,278,137,141,58,23,35,51,4,47,1,1,0
3023250,0,0,0,0,0,0,0,0,0,0,0,0,0,0,0,0,0,0
55758701,374,193,181,152,82,70,173,85,88,32,20,12,17,6,11,0,0,0
55758704,43,20,23,16,10,6,12,6,6,6,2,4,9,2,7,0,0,0
55758705,49,26,23,19,11,8,24,12,12,5,3,2,1,0,1,0,0,0
55758706,41,20,21,15,7,8,20,11,9,4,1,3,2,1,1,0,0,0
55758707,80,36,44,25,9,16,44,22,22,7,3,4,3,1,2,1,1,0
55758708,98,52,46,38,22,16,45,22,23,10,6,4,4,1,3,1,1,0
55758710,279,132,147,93,50,43,101,50,51,35,22,13,48,9,39,2,1,1
55758711,258,135,123,103,62,41,120,60,60,20,11,9,15,2,13,0,0,0
55758712,2139,1024,1115,851,467,384,837,417,420,291,119,172,153,20,133,7,1,6
55758713,29,14,15,9,4,5,18,9,9,2,1,1,0,0,0,0,0,0
55758714,477,231,246,185,100,85,208,104,104,50,22,28,34,5,29,0,0,0
55758715,132,61,71,54,27,27,62,31,31,11,3,8,5,0,5,0,0,0
54046301,62,30,32,21,12,9,28,15,13,5,2,3,8,1,7,0,0,0
3301750,0,0,0,0,0,0,0,0,0,0,0,0,0,0,0,0,0,0
56670501,90,44,46,29,15,14,32,18,14,13,9,4,16,2,14,0,0,0
54215601,225,109,116,91,47,44,89,45,44,29,16,13,15,0,15,1,1,0
54637201,255,128,127,102,54,48,114,57,57,23,13,10,14,3,11,1,0,1
55350601,120,58,62,51,24,27,55,27,28,10,5,5,4,2,2,0,0,0
56608001,95,55,40,50,31,19,30,16,14,14,8,6,1,0,1,0,0,0
56609801,158,68,90,37,22,15,37,20,17,17,9,8,65,17,48,2,0,2
56609802,20,12,8,8,7,1,8,4,4,1,0,1,3,1,2,0,0,0
55764101,461,240,221,179,108,71,214,108,106,36,20,16,32,4,28,0,0,0
55764102,105,51,54,29,17,12,54,27,27,15,7,8,7,0,7,0,0,0
55765001,135,63,72,66,32,34,46,23,23,13,7,6,9,0,9,1,1,0
55765002,56,29,27,23,13,10,23,12,11,5,4,1,4,0,4,1,0,1
55765004,141,69,72,56,32,24,58,28,30,17,8,9,10,1,9,0,0,0
55765006,42,22,20,10,6,4,19,9,10,8,5,3,5,2,3,0,0,0
55765007,50,24,26,14,3,11,25,13,12,8,5,3,3,3,0,0,0,0
55765008,90,45,45,33,19,14,43,24,19,6,2,4,8,0,8,0,0,0
55765009,130,70,60,46,31,15,54,28,26,19,10,9,11,1,10,0,0,0
57856801,64,36,28,21,14,7,30,17,13,8,3,5,5,2,3,0,0,0
57856802,54,34,20,24,18,6,22,11,11,5,4,1,3,1,2,0,0,0
55766801,115,67,48,53,38,15,42,22,20,10,7,3,10,0,10,0,0,0
55766802,676,354,322,252,151,101,300,151,149,64,37,27,51,9,42,9,6,3
55767601,122,71,51,45,33,12,60,31,29,13,5,8,3,1,2,1,1,0
55767602,6313,3216,3097,2876,1666,1210,2047,1026,1021,938,427,511,428,80,348,22,17,5
55767603,117,66,51,52,32,20,53,27,26,8,5,3,4,2,2,0,0,0
55767604,36,20,16,14,7,7,12,7,5,8,6,2,2,0,2,0,0,0
55767605,383,190,193,168,90,78,157,81,76,30,14,16,26,5,21,0,0,0
53994501,287,147,140,107,56,51,133,68,65,22,18,4,25,5,20,0,0,0
55768401,608,305,303,253,142,111,251,126,125,71,32,39,32,5,27,1,0,1
55768402,23,12,11,11,6,5,8,4,4,2,0,2,1,1,0,1,1,0
55768403,88,46,42,40,22,18,42,22,20,4,2,2,2,0,2,0,0,0
55768404,30,20,10,10,9,1,11,5,6,6,5,1,3,1,2,0,0,0
55768405,160,86,74,65,44,21,74,36,38,11,5,6,9,1,8,1,0,1
55768406,121,58,63,51,25,26,50,25,25,13,7,6,7,1,6,0,0,0
54025101,39,23,16,17,12,5,19,10,9,2,1,1,1,0,1,0,0,0
54025102,112,60,52,56,35,21,39,19,20,10,6,4,7,0,7,0,0,0
55365401,73,48,25,43,32,11,23,14,9,5,1,4,1,0,1,1,1,0
55365402,4829,2394,2435,2059,1129,930,1811,913,898,631,288,343,305,53,252,22,11,11
55365404,123,62,61,41,24,17,57,28,29,18,10,8,6,0,6,1,0,1
54066801,210,109,101,81,46,35,101,52,49,17,11,6,11,0,11,0,0,0
54066802,45,23,22,20,11,9,19,9,10,4,3,1,2,0,2,0,0,0
55366201,265,128,137,119,61,58,103,51,52,22,13,9,20,2,18,1,1,0
53982101,461,243,218,175,98,77,203,110,93,45,28,17,33,5,28,5,2,3
55772201,253,125,128,91,51,40,121,59,62,28,13,15,11,1,10,2,1,1
55772202,30,12,18,13,5,8,12,6,6,1,0,1,4,1,3,0,0,0
55772203,119,61,58,52,30,22,45,22,23,11,6,5,11,3,8,0,0,0
55773101,493,249,244,205,111,94,208,103,105,53,28,25,23,4,19,4,3,1
55773102,55,30,25,17,11,6,25,14,11,10,5,5,3,0,3,0,0,0
55774901,84,48,36,40,26,14,27,14,13,9,5,4,8,3,5,0,0,0
55774902,111,58,53,48,31,17,45,23,22,7,3,4,11,1,10,0,0,0
55774903,25,12,13,7,5,2,15,7,8,0,0,0,3,0,3,0,0,0
55777301,227,104,123,88,40,48,93,46,47,20,13,7,25,4,21,1,1,0
55778101,129,73,56,53,34,19,58,30,28,10,7,3,8,2,6,0,0,0
55778102,1989,995,994,851,491,360,763,381,382,214,91,123,157,30,127,4,2,2
55778103,168,103,65,64,42,22,65,41,24,21,15,6,13,3,10,5,2,3
54030701,88,42,46,28,14,14,44,22,22,9,5,4,7,1,6,0,0,0
55780301,420,225,195,173,105,68,171,90,81,47,24,23,28,5,23,1,1,0
55780302,31,16,15,12,6,6,15,8,7,1,1,0,3,1,2,0,0,0
55780304,68,32,36,29,14,15,30,15,15,1,0,1,8,3,5,0,0,0
55780305,61,28,33,28,15,13,20,10,10,8,3,5,5,0,5,0,0,0
55783801,2197,1104,1093,915,511,404,861,428,433,240,125,115,161,29,132,19,10,9
55783802,63,35,28,20,12,8,34,17,17,6,5,1,3,1,2,0,0,0
55783803,33,21,12,11,8,3,15,10,5,4,2,2,2,0,2,1,1,0
55783804,55,24,31,23,8,15,24,12,12,3,3,0,5,1,4,0,0,0
55783805,451,230,221,206,113,93,169,85,84,48,22,26,23,7,16,5,3,2
55783806,51,27,24,19,12,7,20,10,10,6,3,3,6,2,4,0,0,0
55783807,85,40,45,30,14,16,42,21,21,6,3,3,6,1,5,1,1,0
57854101,182,96,86,56,34,22,88,45,43,20,9,11,18,8,10,0,0,0
57854102,25,10,15,8,2,6,17,8,9,0,0,0,0,0,0,0,0,0
55786201,63,34,29,25,17,8,32,16,16,1,1,0,5,0,5,0,0,0
55786202,862,444,418,338,209,129,380,189,191,85,39,46,56,6,50,3,1,2
55786203,58,26,32,22,8,14,27,14,13,6,3,3,3,1,2,0,0,0
55786204,84,43,41,37,21,16,36,17,19,9,4,5,2,1,1,0,0,0
55786205,58,25,33,25,10,15,20,10,10,7,5,2,5,0,5,1,0,1
55786206,84,49,35,31,17,14,34,24,10,9,6,3,9,1,8,1,1,0
55786208,37,19,18,16,9,7,14,7,7,0,0,0,6,3,3,1,0,1
55787102,134,73,61,52,34,18,62,32,30,8,5,3,12,2,10,0,0,0
55787103,92,42,50,33,15,18,43,22,21,8,4,4,8,1,7,0,0,0
55787104,25,11,14,10,6,4,6,3,3,5,1,4,4,1,3,0,0,0
55787105,48,26,22,12,7,5,24,13,11,8,5,3,4,1,3,0,0,0
55789701,226,120,106,97,56,41,87,45,42,31,16,15,11,3,8,0,0,0
54063301,180,87,93,94,50,44,50,25,25,19,9,10,8,1,7,9,2,7
54063302,46,25,21,16,11,5,21,10,11,4,3,1,5,1,4,0,0,0
54063303,65,32,33,26,15,11,30,15,15,4,2,2,5,0,5,0,0,0
54020001,96,53,43,35,21,14,43,21,22,11,8,3,7,3,4,0,0,0
55794301,101,47,54,35,16,19,42,22,20,10,8,2,14,1,13,0,0,0
55384101,425,230,195,182,109,73,180,92,88,39,26,13,23,3,20,1,0,1
0805862,0,0,0,0,0,0,0,0,0,0,0,0,0,0,0,0,0,0
55795101,38,17,21,14,7,7,17,9,8,4,1,3,3,0,3,0,0,0
55795102,102,58,44,42,27,15,47,24,23,7,6,1,6,1,5,0,0,0
55795103,88,45,43,32,18,14,37,18,19,8,4,4,9,3,6,0,0,0
55795104,242,101,141,71,47,24,14,8,6,86,37,49,64,7,57,7,2,5
55795105,264,139,125,94,55,39,117,57,60,29,18,11,23,8,15,1,1,0
55795106,59,35,24,27,20,7,22,11,11,7,3,4,3,1,2,0,0,0
54006401,130,71,59,49,31,18,58,30,28,19,10,9,4,0,4,0,0,0
54061701,154,75,79,60,32,28,66,32,34,16,7,9,7,3,4,1,1,0
55801001,96,50,46,38,23,15,41,21,20,12,6,6,5,0,5,0,0,0
55802801,122,59,63,59,31,28,48,24,24,7,3,4,8,1,7,0,0,0
55802802,453,227,226,175,103,72,184,93,91,49,24,25,44,7,37,1,0,1
55802803,20,11,9,5,3,2,10,5,5,1,1,0,4,2,2,0,0,0
55802804,62,33,29,19,12,7,29,13,16,5,3,2,9,5,4,0,0,0
53971601,219,111,108,80,46,34,93,48,45,24,13,11,20,2,18,2,2,0
55804401,73,38,35,33,22,11,26,12,14,8,4,4,6,0,6,0,0,0
55804402,32,17,15,13,8,5,12,6,6,4,3,1,3,0,3,0,0,0
55804403,41,25,16,25,18,7,10,5,5,3,1,2,3,1,2,0,0,0
55804404,990,496,494,417,233,184,403,201,202,113,51,62,56,10,46,1,1,0
55805201,53,28,25,18,9,9,21,11,10,12,7,5,2,1,1,0,0,0
55805202,61,30,31,23,13,10,23,12,11,5,2,3,10,3,7,0,0,0
55805203,105,56,49,35,23,12,44,22,22,12,6,6,10,2,8,2,1,1
55805204,57,33,24,21,14,7,29,14,15,6,5,1,1,0,1,0,0,0
55805205,71,36,35,27,18,9,32,15,17,5,3,2,7,0,7,0,0,0
53014002,192,101,91,78,50,28,83,41,42,17,10,7,13,0,13,1,0,1
3301830,0,0,0,0,0,0,0,0,0,0,0,0,0,0,0,0,0,0
54639901,107,57,50,43,27,16,45,23,22,8,6,2,11,1,10,0,0,0
55806101,119,60,59,40,21,19,59,30,29,12,8,4,7,1,6,1,0,1
55806102,67,38,29,30,20,10,24,13,11,5,4,1,7,1,6,1,0,1
55806103,195,106,89,97,59,38,70,34,36,18,12,6,10,1,9,0,0,0
55806104,181,88,93,57,33,24,75,41,34,17,8,9,29,3,26,3,3,0
55806105,113,60,53,44,23,21,42,21,21,18,14,4,9,2,7,0,0,0
55807901,62,32,30,23,15,8,23,12,11,11,4,7,5,1,4,0,0,0
54034001,334,168,166,139,77,62,144,72,72,23,10,13,25,7,18,3,2,1
54034002,29,16,13,10,8,2,12,6,6,3,2,1,4,0,4,0,0,0
55809501,167,90,77,63,38,25,71,37,34,20,11,9,13,4,9,0,0,0
55810901,785,392,393,290,160,130,359,182,177,72,37,35,63,12,51,1,1,0
55810902,2779,1353,1426,1166,633,533,1062,529,533,373,161,212,176,30,146,2,0,2
55811701,202,103,99,84,47,37,84,43,41,19,9,10,15,4,11,0,0,0
55402201,149,78,71,65,36,29,60,30,30,16,10,6,8,2,6,0,0,0
55812501,92,47,45,30,15,15,48,24,24,9,7,2,5,1,4,0,0,0
55812502,238,125,113,89,52,37,104,53,51,25,17,8,20,3,17,0,0,0
55812503,72,34,38,24,14,10,34,19,15,4,0,4,10,1,9,0,0,0
55812504,62,29,33,28,12,16,24,12,12,7,5,2,3,0,3,0,0,0
55812505,76,32,44,25,9,16,43,21,22,5,2,3,3,0,3,0,0,0
55812506,100,50,50,39,21,18,40,19,21,10,7,3,9,2,7,2,1,1
55812507,75,35,40,27,13,14,26,14,12,10,5,5,12,3,9,0,0,0
54229601,202,103,99,80,43,37,81,41,40,25,14,11,16,5,11,0,0,0
54010201,96,50,46,37,22,15,39,21,18,10,5,5,10,2,8,0,0,0
54026901,291,144,147,100,52,48,137,68,69,39,20,19,14,4,10,1,0,1
55817601,39,21,18,8,4,4,20,11,9,5,4,1,6,2,4,0,0,0
55817602,27,13,14,10,5,5,11,6,5,3,2,1,3,0,3,0,0,0
55817603,81,44,37,34,19,15,31,15,16,12,9,3,4,1,3,0,0,0
55817604,218,122,96,92,61,31,83,42,41,26,17,9,17,2,15,0,0,0
53978301,317,164,153,109,66,43,162,80,82,22,16,6,24,2,22,0,0,0
55818401,127,67,60,44,32,12,52,27,25,16,6,10,15,2,13,0,0,0
55818404,218,105,113,93,48,45,78,39,39,24,13,11,23,5,18,0,0,0
54029301,152,76,76,51,28,23,67,33,34,18,11,7,14,3,11,2,1,1
55356501,37,20,17,9,4,5,18,10,8,5,3,2,5,3,2,0,0,0
55823101,40,21,19,13,7,6,18,9,9,5,5,0,4,0,4,0,0,0
55823102,176,90,86,64,40,24,82,42,40,15,5,10,15,3,12,0,0,0
54041201,77,40,37,33,16,17,32,16,16,7,6,1,5,2,3,0,0,0
54041202,180,81,99,67,28,39,76,39,37,23,11,12,12,1,11,2,2,0
53013101,23,13,10,7,5,2,12,6,6,2,2,0,2,0,2,0,0,0
53013102,208,98,110,83,42,41,89,45,44,19,9,10,17,2,15,0,0,0
3089010,0,0,0,0,0,0,0,0,0,0,0,0,0,0,0,0,0,0
3089270,0,0,0,0,0,0,0,0,0,0,0,0,0,0,0,0,0,0
55824901,408,220,188,172,104,68,166,84,82,38,23,15,29,8,21,1,1,0
55824902,233,115,118,84,45,39,103,53,50,34,16,18,12,1,11,0,0,0
55824903,132,69,63,51,32,19,53,27,26,21,10,11,7,0,7,0,0,0
55824905,618,302,316,321,169,152,204,99,105,76,33,43,16,1,15,1,0,1
55824906,647,323,324,281,173,108,225,111,114,66,26,40,70,11,59,5,2,3
55824907,804,411,393,327,195,132,320,158,162,93,50,43,60,6,54,3,2,1
55824908,38,21,17,15,9,6,12,7,5,9,5,4,2,0,2,0,0,0
55824909,1734,825,909,649,344,305,796,400,396,157,65,92,129,16,113,3,0,3
55824910,58,22,36,19,7,12,18,8,10,16,6,10,5,1,4,0,0,0
55824911,1315,586,729,492,265,227,485,240,245,209,62,147,118,12,106,11,7,4
55824912,84,42,42,37,20,17,32,16,16,10,5,5,5,1,4,0,0,0
55824913,520,253,267,221,110,111,194,98,96,66,39,27,38,6,32,1,0,1
55825701,122,67,55,55,33,22,54,28,26,7,5,2,6,1,5,0,0,0
55825702,958,489,469,409,235,174,414,206,208,84,41,43,50,6,44,1,1,0
55825703,77,40,37,25,15,10,42,22,20,4,2,2,6,1,5,0,0,0
55826501,151,72,79,59,31,28,50,25,25,24,10,14,17,6,11,1,0,1
55826502,45,23,22,15,8,7,22,11,11,8,4,4,0,0,0,0,0,0
54042101,91,50,41,40,26,14,30,15,15,11,5,6,8,2,6,0,0,0
55829001,271,138,133,103,60,43,113,58,55,26,13,13,27,5,22,2,2,0
55830301,163,81,82,64,34,30,80,40,40,10,5,5,8,2,6,1,0,1
55830302,28,16,12,11,9,2,11,6,5,3,1,2,3,0,3,0,0,0
55830303,292,155,137,107,68,39,135,67,68,24,13,11,23,6,17,3,1,2
55830304,97,49,48,38,20,18,49,25,24,4,3,1,6,1,5,0,0,0
55830305,20,9,11,7,2,5,8,4,4,3,2,1,2,1,1,0,0,0
55830306,111,58,53,48,29,19,49,24,25,8,4,4,6,1,5,0,0,0
55830307,166,85,81,67,39,28,72,38,34,15,7,8,12,1,11,0,0,0
55831101,289,141,148,110,60,50,136,70,66,23,8,15,20,3,17,0,0,0
54069201,115,57,58,32,15,17,60,30,30,16,11,5,7,1,6,0,0,0
53993701,206,104,102,85,42,43,81,42,39,24,16,8,16,4,12,0,0,0
55834601,221,101,120,83,40,43,94,47,47,26,10,16,18,4,14,0,0,0
55834602,380,188,192,137,75,62,186,93,93,27,16,11,28,2,26,0,0,0
3301670,0,0,0,0,0,0,0,0,0,0,0,0,0,0,0,0,0,0
55836201,208,108,100,82,47,35,93,48,45,19,10,9,14,3,11,0,0,0
55836203,194,105,89,80,49,31,86,44,42,14,6,8,13,5,8,1,1,0
55836204,151,74,77,61,32,29,70,33,37,10,6,4,9,2,7,1,1,0
55836206,1685,839,846,698,387,311,697,351,346,168,77,91,116,20,96,2,2,0
55836207,36,13,23,7,3,4,14,7,7,6,2,4,9,1,8,0,0,0
55836208,74,37,37,39,23,16,20,9,11,13,5,8,2,0,2,0,0,0
55836209,196,84,112,67,26,41,87,43,44,27,13,14,14,1,13,1,1,0
55836210,118,67,51,46,29,17,53,28,25,13,8,5,6,2,4,0,0,0
55836211,113,60,53,39,22,17,54,28,26,13,5,8,7,5,2,0,0,0
55836212,20,8,12,3,1,2,13,7,6,1,0,1,2,0,2,1,0,1
54067601,133,71,62,44,27,17,64,33,31,15,8,7,10,3,7,0,0,0
54067602,22,12,10,6,5,1,7,3,4,7,4,3,1,0,1,0,0,0
55838901,97,52,45,41,24,17,39,22,17,10,5,5,7,1,6,0,0,0
55838902,3483,1716,1767,1467,833,634,1289,636,653,433,191,242,279,48,231,12,8,4
54005601,147,71,76,62,30,32,72,36,36,7,4,3,6,1,5,0,0,0
55840101,384,200,184,153,84,69,175,89,86,32,17,15,24,10,14,0,0,0
3357970,0,0,0,0,0,0,0,0,0,0,0,0,0,0,0,0,0,0
55843501,2225,1113,1112,954,525,429,942,471,471,210,98,112,110,16,94,4,2,2
56610101,92,47,45,39,22,17,42,21,21,7,4,3,4,0,4,0,0,0
57861401,93,45,48,35,20,15,38,19,19,12,5,7,8,1,7,0,0,0
57859201,130,81,49,46,29,17,69,48,21,9,3,6,6,1,5,0,0,0
53992901,43,23,20,11,6,5,25,12,13,4,4,0,2,0,2,1,1,0
54052801,149,76,73,53,29,24,79,39,40,10,7,3,6,1,5,1,0,1
55848601,194,102,92,73,40,33,102,52,50,15,10,5,4,0,4,0,0,0
55848602,522,268,254,220,118,102,230,115,115,44,27,17,26,7,19,2,1,1
55849401,41,19,22,14,6,8,22,11,11,2,2,0,3,0,3,0,0,0
55849402,288,144,144,127,68,59,107,54,53,35,20,15,19,2,17,0,0,0
56669101,73,34,39,26,13,13,25,14,11,13,6,7,8,1,7,1,0,1
54070601,69,36,33,26,16,10,33,15,18,8,5,3,2,0,2,0,0,0
54070602,21,14,7,7,6,1,11,6,5,2,2,0,1,0,1,0,0,0
55855901,342,178,164,145,85,60,130,67,63,34,18,16,27,4,23,5,4,1
55856701,579,316,263,227,143,84,249,128,121,76,38,38,24,7,17,1,0,1
56607101,104,56,48,37,26,11,42,21,21,13,8,5,12,1,11,0,0,0
55858301,638,316,322,272,144,128,257,127,130,66,31,35,39,12,27,4,2,2
55859101,114,58,56,44,28,16,49,25,24,12,5,7,8,0,8,1,0,1
55859102,39,22,17,15,10,5,16,8,8,5,3,2,3,1,2,0,0,0
55859103,160,82,78,57,31,26,65,34,31,26,15,11,12,2,10,0,0,0
53018202,475,239,236,211,114,97,192,94,98,46,22,24,26,9,17,0,0,0
55860502,145,74,71,47,29,18,80,40,40,10,4,6,8,1,7,0,0,0
55860503,92,45,47,33,14,19,45,24,21,7,5,2,7,2,5,0,0,0
55860504,64,34,30,19,13,6,30,16,14,8,5,3,7,0,7,0,0,0
55860505,150,72,78,55,27,28,70,35,35,9,6,3,16,4,12,0,0,0
55863001,107,57,50,37,24,13,52,27,25,6,5,1,12,1,11,0,0,0
55863002,40,21,19,19,12,7,16,8,8,4,1,3,1,0,1,0,0,0
55863003,42,24,18,15,10,5,19,10,9,3,1,2,4,2,2,0,0,0
55863004,91,43,48,27,14,13,55,26,29,3,3,0,6,0,6,0,0,0
55863005,581,262,319,199,115,84,208,101,107,72,29,43,99,15,84,3,2,1
54013701,29,16,13,13,9,4,11,6,5,2,0,2,3,1,2,0,0,0
54013702,24,14,10,8,7,1,10,5,5,3,1,2,3,1,2,0,0,0
55885101,1427,704,723,591,319,272,594,301,293,155,65,90,81,15,66,6,4,2
55885103,394,206,188,143,86,57,187,91,96,36,22,14,27,6,21,1,1,0
55896601,1886,944,942,730,408,322,813,413,400,204,97,107,135,22,113,3,3,0
55784601,62,33,29,27,17,10,29,15,14,3,1,2,3,0,3,0,0,0
55784602,620,317,303,262,145,117,285,144,141,47,23,24,26,5,21,0,0,0
55784603,83,41,42,36,20,16,35,18,17,5,2,3,5,1,4,0,0,0
3004110,0,0,0,0,0,0,0,0,0,0,0,0,0,0,0,0,0,0
55913001,1059,526,533,439,237,202,487,243,244,84,36,48,48,9,39,1,1,0
54056101,835,413,422,350,190,160,391,193,198,51,22,29,43,8,35,0,0,0
57860601,206,98,108,83,39,44,93,46,47,19,12,7,11,1,10,0,0,0
55800101,1424,695,729,574,291,283,639,319,320,128,57,71,81,26,55,0,0,0
54064101,317,146,171,147,63,84,130,64,66,26,17,9,14,2,12,0,0,0
55359001,243,119,124,101,57,44,102,51,51,25,10,15,15,1,14,0,0,0
55814101,861,416,445,329,174,155,374,187,187,88,38,50,68,15,53,2,2,0
55814102,276,146,130,116,73,43,112,56,56,25,14,11,23,3,20,0,0,0
55814103,281,141,140,103,54,49,134,67,67,36,18,18,8,2,6,0,0,0
3022360,0,0,0,0,0,0,0,0,0,0,0,0,0,0,0,0,0,0
54597001,5661,2694,2967,2257,1232,1025,2159,1085,1074,764,274,490,455,84,371,25,18,7
54597002,9283,4329,4954,3659,1903,1756,3715,1848,1867,1246,446,800,623,114,509,37,17,20
54597003,10256,4936,5320,3961,2144,1817,4283,2136,2147,1422,523,899,524,97,427,53,29,24
54597004,1391,694,697,515,294,221,649,322,327,123,54,69,99,20,79,3,2,1
54597005,252,128,124,93,54,39,110,52,58,42,21,21,7,1,6,0,0,0
54597007,1738,845,893,788,412,376,695,346,349,175,68,107,63,12,51,17,7,10
54597008,1116,532,584,436,220,216,492,244,248,101,52,49,84,15,69,3,1,2
54597009,63,37,26,32,21,11,20,11,9,11,5,6,0,0,0,0,0,0
54597010,1891,934,957,960,499,461,589,297,292,264,117,147,53,9,44,22,12,10
54597011,508,263,245,220,126,94,245,122,123,33,14,19,7,0,7,3,1,2
54597012,28,15,13,18,10,8,0,0,0,10,5,5,0,0,0,0,0,0
54597013,4121,1885,2236,1607,863,744,1541,766,775,590,182,408,350,60,290,23,12,11
54597014,1133,563,570,573,309,264,344,175,169,125,52,73,67,13,54,23,13,10
54597015,336,167,169,131,74,57,159,79,80,26,12,14,19,1,18,1,1,0
54597016,234,122,112,83,50,33,100,51,49,31,17,14,19,3,16,1,1,0
54597017,43,23,20,14,9,5,18,9,9,4,3,1,7,2,5,0,0,0
54597018,326,164,162,166,87,79,107,56,51,37,14,23,12,3,9,2,2,0
54597019,1465,905,560,725,495,230,409,214,195,255,174,81,74,22,52,1,0,1
54597020,475,237,238,220,117,103,195,97,98,49,22,27,10,1,9,1,0,1
54597021,7496,3712,3784,3514,1926,1588,2541,1271,1270,1122,438,684,263,47,216,47,25,22
54597022,756,320,436,282,156,126,176,91,85,129,51,78,159,17,142,8,3,5
55797801,1692,854,838,756,403,353,717,361,356,160,76,84,54,11,43,5,3,2
1223193,0,0,0,0,0,0,0,0,0,0,0,0,0,0,0,0,0,0
54598801,1081,512,569,431,229,202,417,212,205,129,52,77,100,17,83,4,2,2
54598803,325,153,172,121,62,59,155,77,78,24,12,12,24,2,22,1,0,1
54598804,681,334,347,284,158,126,289,142,147,60,25,35,47,8,39,1,1,0
54598805,238,121,117,85,47,38,112,56,56,27,11,16,12,5,7,0,0,0
54598806,1057,518,539,382,216,166,467,234,233,110,48,62,94,17,77,2,1,1
54598807,1155,591,564,481,268,213,451,228,223,161,77,84,59,17,42,3,1,2
54598808,42,26,16,20,11,9,20,13,7,1,1,0,0,0,0,1,1,0
54598809,629,306,323,212,128,84,283,141,142,66,28,38,68,9,59,0,0,0
54598810,22,11,11,11,6,5,9,5,4,0,0,0,2,0,2,0,0,0
54598811,255,119,136,106,49,57,122,61,61,12,6,6,15,3,12,0,0,0
54598812,970,468,502,402,226,176,343,174,169,122,46,76,99,19,80,4,3,1
54598813,174,83,91,64,38,26,80,40,40,11,3,8,18,1,17,1,1,0
54598814,363,190,173,147,89,58,154,76,78,38,21,17,24,4,20,0,0,0
54598815,219,106,113,94,50,44,88,43,45,15,11,4,21,1,20,1,1,0
54598816,2118,1120,998,1050,639,411,510,253,257,403,199,204,144,23,121,9,6,3
54598817,183,96,87,93,51,42,63,35,28,15,7,8,11,2,9,1,1,0
54598818,581,280,301,248,136,112,201,101,100,87,33,54,41,8,33,4,2,2
54598819,2363,1143,1220,1062,588,474,834,414,420,288,107,181,162,26,136,17,8,9
54598820,1438,699,739,587,314,273,568,283,285,156,67,89,122,32,90,5,3,2
54598821,512,265,247,293,159,134,153,75,78,59,29,30,3,0,3,2,0,2
54598822,788,381,407,294,163,131,342,165,177,88,36,52,62,15,47,2,2,0
54598823,2340,1148,1192,990,539,451,793,399,394,313,131,182,186,38,148,57,40,17
54598824,7366,3696,3670,3812,2106,1706,1975,1018,957,1121,445,676,335,61,274,113,59,54
54598826,402,191,211,159,87,72,141,74,67,60,24,36,40,5,35,2,1,1
54598827,113,25,88,4,3,1,17,9,8,16,7,9,76,6,70,0,0,0
54598828,146,79,67,102,58,44,22,13,9,16,6,10,3,0,3,3,2,1
54598829,4704,2206,2498,2079,1120,959,1457,726,731,701,276,425,435,63,372,29,18,11
54598830,3091,1417,1674,1249,648,601,1063,538,525,446,173,273,313,45,268,16,11,5
54598831,162,82,80,83,46,37,48,25,23,24,11,13,7,0,7,0,0,0
54598832,209,111,98,77,47,30,84,40,44,29,15,14,19,9,10,0,0,0
54598833,964,450,514,354,177,177,450,220,230,90,44,46,67,9,58,3,0,3
54598834,1309,645,664,579,302,277,544,272,272,116,52,64,65,16,49,5,3,2
1225301,0,0,0,0,0,0,0,0,0,0,0,0,0,0,0,0,0,0
3293550,0,0,0,0,0,0,0,0,0,0,0,0,0,0,0,0,0,0
54600301,268,132,136,107,51,56,128,64,64,29,16,13,3,1,2,1,0,1
54600302,429,219,210,167,95,72,197,98,99,43,21,22,20,3,17,0,0,0
54600303,779,384,395,350,187,163,323,160,163,62,28,34,42,8,34,2,1,1
54600304,769,380,389,302,161,141,339,168,171,68,36,32,54,10,44,2,1,1
54600305,690,358,332,379,205,174,246,125,121,58,25,33,4,1,3,1,0,1
54600306,968,437,531,323,173,150,376,184,192,139,53,86,123,22,101,5,3,2
54600307,862,411,451,383,193,190,284,138,146,134,68,66,54,9,45,7,3,4
54600308,2702,1262,1440,992,556,436,971,492,479,398,157,241,320,42,278,18,13,5
54600309,196,94,102,79,36,43,91,45,46,23,12,11,3,1,2,0,0,0
54600310,68,42,26,30,21,9,18,11,7,10,6,4,2,0,2,8,4,4
54600311,2405,1789,616,1454,1170,284,374,225,149,415,297,118,71,16,55,91,81,10
54600312,4044,2045,1999,2057,1130,927,1125,581,544,579,238,341,147,29,118,134,65,69
54600313,1289,670,619,679,383,296,334,176,158,177,83,94,70,9,61,29,19,10
54600314,2385,1181,1204,1114,630,484,810,401,409,264,108,156,176,29,147,21,13,8
54600315,4311,2090,2221,1947,1051,896,1506,754,752,502,210,292,302,46,256,52,29,23
54600316,2231,1049,1182,868,473,395,786,399,387,335,123,212,220,43,177,20,9,11
54600317,1907,973,934,1020,562,458,526,273,253,272,111,161,54,10,44,32,17,15
54600318,238,117,121,154,75,79,58,30,28,15,7,8,7,2,5,4,3,1
54600319,2700,1596,1104,1489,914,575,550,303,247,486,311,175,62,12,50,108,54,54
54600320,130,72,58,60,38,22,48,28,20,17,6,11,5,0,5,0,0,0
54600321,2030,1015,1015,1121,606,515,518,270,248,287,106,181,74,13,61,25,15,10
54600322,894,531,363,596,359,237,159,94,65,91,52,39,11,4,7,37,22,15
54600323,2116,1034,1082,1051,563,488,650,328,322,277,108,169,107,18,89,30,16,14
54600324,4178,2050,2128,2078,1151,927,1204,594,610,617,249,368,231,35,196,44,19,25
54600325,2796,1288,1508,1078,582,496,1025,512,513,381,137,244,274,37,237,34,16,18
54600326,503,255,248,182,103,79,231,117,114,52,27,25,32,3,29,6,5,1
54600327,162,74,88,77,40,37,57,29,28,16,3,13,7,0,7,5,2,3
54600328,63,44,19,43,30,13,10,6,4,7,6,1,0,0,0,3,2,1
54600329,74,32,42,36,14,22,27,13,14,9,4,5,2,1,1,0,0,0
54600330,80,55,25,40,30,10,34,20,14,6,5,1,0,0,0,0,0,0
54600331,184,114,70,109,73,36,40,21,19,16,11,5,3,0,3,16,9,7
54600332,8317,3937,4380,3166,1736,1430,3295,1639,1656,1125,413,712,676,115,561,53,33,20
54600333,37,20,17,19,11,8,10,5,5,6,3,3,2,1,1,0,0,0
54600334,586,294,292,281,151,130,170,84,86,86,40,46,39,15,24,8,2,6
54600335,369,237,132,184,126,58,100,62,38,64,41,23,8,3,5,13,5,8
54600336,166,86,80,83,49,34,44,24,20,24,10,14,15,3,12,0,0,0
54600337,336,172,164,165,91,74,84,43,41,70,35,35,13,0,13,4,3,1
54600338,371,186,185,187,96,91,129,70,59,36,18,18,9,0,9,10,2,8
54600339,1621,805,816,868,449,419,437,229,208,221,88,133,40,5,35,52,32,20
54600340,222,112,110,91,44,47,103,52,51,19,13,6,9,3,6,0,0,0
54600341,887,454,433,397,219,178,327,169,158,134,62,72,23,4,19,4,0,4
1226290,0,0,0,0,0,0,0,0,0,0,0,0,0,0,0,0,0,0
3318210,0,0,0,0,0,0,0,0,0,0,0,0,0,0,0,0,0,0
54620801,1228,626,602,458,259,199,594,302,292,104,49,55,65,11,54,7,5,2
54620802,1564,717,847,672,348,324,524,262,262,208,76,132,152,26,126,8,5,3
54620803,280,143,137,99,64,35,126,63,63,37,14,23,17,1,16,1,1,0
54620804,3079,1406,1673,1214,638,576,1101,562,539,400,144,256,344,53,291,19,9,10
54620805,26,9,17,11,5,6,8,4,4,4,0,4,3,0,3,0,0,0
54620807,69,38,31,24,14,10,33,17,16,9,6,3,3,1,2,0,0,0
54620808,1266,618,648,462,252,210,559,284,275,150,59,91,92,21,71,1,0,1
54620809,149,69,80,79,38,41,52,26,26,17,4,13,1,1,0,0,0,0
54620810,137,59,78,83,33,50,35,17,18,13,7,6,5,1,4,1,1,0
54620811,1516,694,822,562,299,263,512,252,260,251,101,150,176,30,146,10,7,3
54620812,3519,1762,1757,1470,831,639,1254,630,624,503,248,255,282,49,233,8,4,4
54620813,35,19,16,15,10,5,11,6,5,7,3,4,1,0,1,1,0,1
54620814,532,264,268,207,110,97,265,131,134,32,16,16,28,7,21,0,0,0
54620815,1179,520,659,462,256,206,356,175,181,201,67,134,151,19,132,7,3,4
54620816,54,27,27,27,15,12,19,9,10,3,1,2,5,2,3,0,0,0
54620817,2270,1058,1212,907,481,426,815,409,406,322,128,194,210,30,180,14,8,6
54620818,2323,1076,1247,873,456,417,889,440,449,319,140,179,233,35,198,8,4,4
54620820,1817,861,956,778,421,357,611,307,304,259,103,156,161,26,135,8,4,4
54620821,1261,625,636,504,277,227,561,281,280,124,55,69,71,11,60,1,1,0
54620822,263,132,131,130,68,62,112,57,55,15,5,10,4,0,4,0,0,0
54620823,1076,544,532,450,251,199,464,230,234,95,48,47,65,13,52,2,2,0
54620824,70,40,30,33,23,10,27,13,14,6,3,3,4,1,3,0,0,0
54620825,106,52,54,66,34,32,20,9,11,13,7,6,4,0,4,3,2,1
55473101,2253,1103,1150,1019,540,479,826,415,411,235,117,118,167,29,138,6,2,4
55473102,176,97,79,80,46,34,65,34,31,26,15,11,4,2,2,1,0,1
55475801,1923,962,961,840,456,384,790,396,394,192,85,107,91,20,71,8,4,4
55475802,306,165,141,116,69,47,124,62,62,55,31,24,10,3,7,1,0,1
55476601,1043,509,534,406,213,193,438,218,220,123,60,63,75,17,58,1,1,0
55476602,47,28,19,23,15,8,22,11,11,2,2,0,0,0,0,0,0,0
55477401,1868,916,952,822,435,387,784,394,390,185,74,111,74,12,62,2,1,1
55919901,154,73,81,67,31,36,79,38,41,5,4,1,2,0,2,1,0,1
55919902,791,393,398,358,188,170,313,155,158,92,45,47,27,4,23,1,1,0
55837101,291,146,145,123,76,47,124,61,63,24,7,17,20,2,18,0,0,0
55837102,650,336,314,244,137,107,308,154,154,69,36,33,27,7,20,1,1,0
55837103,500,243,257,216,115,101,190,97,93,53,26,27,40,5,35,1,0,1
55837104,202,94,108,75,37,38,78,39,39,32,15,17,17,3,14,0,0,0
55837105,3589,1759,1830,1413,782,631,1579,783,796,351,146,205,238,41,197,8,7,1
55842701,101,56,45,36,21,15,33,16,17,26,17,9,6,2,4,0,0,0
55842702,508,237,271,195,94,101,223,111,112,53,22,31,36,10,26,1,0,1
55842703,105,53,52,41,22,19,40,21,19,17,7,10,7,3,4,0,0,0
55842704,2209,1126,1083,891,529,362,960,477,483,226,104,122,132,16,116,0,0,0
53974101,309,156,153,125,70,55,130,65,65,37,17,20,17,4,13,0,0,0
53974102,93,51,42,36,25,11,37,18,19,18,8,10,2,0,2,0,0,0
53974103,236,108,128,115,53,62,96,47,49,19,7,12,6,1,5,0,0,0
55846001,1084,576,508,456,270,186,491,248,243,91,49,42,46,9,37,0,0,0
56675601,742,395,347,320,189,131,318,158,160,75,40,35,29,8,21,0,0,0
56675602,28,17,11,12,8,4,6,3,3,7,5,2,3,1,2,0,0,0
55865601,390,200,190,177,107,70,123,63,60,50,25,25,38,4,34,2,1,1
55865602,27,20,7,9,9,0,12,7,5,5,3,2,1,1,0,0,0,0
55865604,59,30,29,25,14,11,19,11,8,8,3,5,7,2,5,0,0,0
55865605,75,36,39,40,20,20,21,10,11,11,5,6,3,1,2,0,0,0
55865606,33,17,16,11,7,4,15,8,7,4,2,2,3,0,3,0,0,0
55865607,22,14,8,7,5,2,7,4,3,5,5,0,3,0,3,0,0,0
55865609,23,10,13,8,3,5,10,5,5,3,2,1,2,0,2,0,0,0
55865610,35,19,16,14,9,5,14,7,7,7,3,4,0,0,0,0,0,0
53023901,75,39,36,35,21,14,31,14,17,3,1,2,4,2,2,2,1,1
55867201,925,464,461,383,204,179,416,210,206,76,42,34,48,7,41,2,1,1
56676401,63,35,28,26,18,8,28,14,14,5,2,3,4,1,3,0,0,0
56647101,87,44,43,29,16,13,35,19,16,13,5,8,9,3,6,0,0,0
56647102,25,13,12,8,4,4,13,7,6,2,2,0,2,0,2,0,0,0
56648901,67,37,30,22,15,7,31,16,15,8,5,3,6,1,5,0,0,0
55869901,162,84,78,66,42,24,70,35,35,14,6,8,12,1,11,0,0,0
55871101,22,11,11,8,5,3,12,6,6,0,0,0,2,0,2,0,0,0
55871102,300,158,142,133,76,57,119,61,58,30,19,11,18,2,16,0,0,0
56663201,80,40,40,35,20,15,31,16,15,8,3,5,6,1,5,0,0,0
53032801,55,30,25,17,10,7,22,10,12,13,9,4,3,1,2,0,0,0
53032802,141,62,79,69,29,40,48,25,23,12,8,4,12,0,12,0,0,0
55874501,23,9,14,4,1,3,14,7,7,2,1,1,3,0,3,0,0,0
55874502,570,282,288,232,122,110,260,130,130,45,22,23,32,8,24,1,0,1
55877001,80,42,38,40,20,20,27,14,13,9,5,4,4,3,1,0,0,0
55877002,342,176,166,136,77,59,160,80,80,25,16,9,20,3,17,1,0,1
55878801,244,127,117,83,51,32,111,56,55,30,18,12,20,2,18,0,0,0
55878802,39,22,17,18,12,6,17,8,9,3,1,2,1,1,0,0,0,0
55879601,457,230,227,184,98,86,193,96,97,41,26,15,38,10,28,1,0,1
55880001,21,15,6,6,5,1,10,5,5,4,4,0,1,1,0,0,0,0
55880002,45,20,25,16,7,9,21,10,11,4,1,3,4,2,2,0,0,0
57866501,105,54,51,49,28,21,42,21,21,7,3,4,7,2,5,0,0,0
57866504,45,25,20,21,14,7,12,6,6,7,4,3,5,1,4,0,0,0
55883401,781,371,410,322,165,157,344,171,173,63,28,35,51,7,44,1,0,1
55886901,105,55,50,49,28,21,40,20,20,9,4,5,7,3,4,0,0,0
55886902,156,72,84,65,31,34,68,34,34,12,6,6,11,1,10,0,0,0
55886903,90,50,40,42,25,17,36,19,17,8,4,4,4,2,2,0,0,0
55886904,87,48,39,43,24,19,25,12,13,15,10,5,4,2,2,0,0,0
55886905,294,150,144,129,76,53,132,67,65,13,5,8,18,2,16,2,0,2
55886906,993,489,504,406,235,171,385,190,195,122,51,71,77,12,65,3,1,2
56639001,80,39,41,32,15,17,31,17,14,11,6,5,6,1,5,0,0,0
53022101,106,57,49,50,31,19,39,19,20,12,5,7,5,2,3,0,0,0
56673001,53,20,33,19,6,13,22,11,11,5,2,3,7,1,6,0,0,0
55887701,31,17,14,7,5,2,19,9,10,2,2,0,3,1,2,0,0,0
55887702,267,144,123,117,73,44,109,55,54,16,10,6,21,4,17,4,2,2
55887703,80,46,34,29,22,7,31,17,14,11,4,7,9,3,6,0,0,0
55887704,77,39,38,35,19,16,33,16,17,6,4,2,3,0,3,0,0,0
55887705,113,61,52,39,23,16,53,27,26,9,6,3,12,5,7,0,0,0
55888501,3407,1658,1749,1350,785,565,1281,640,641,446,178,268,325,52,273,5,3,2
55888502,698,341,357,325,177,148,205,102,103,110,53,57,56,8,48,2,1,1
55891501,465,245,220,169,102,67,211,108,103,56,28,28,29,7,22,0,0,0
55891502,134,63,71,52,24,28,69,34,35,7,4,3,4,0,4,1,0,1
55891503,420,214,206,169,94,75,184,93,91,38,20,18,27,5,22,2,2,0
55891504,43,22,21,15,8,7,23,13,10,4,1,3,1,0,1,0,0,0
55891505,76,37,39,25,13,12,35,18,17,8,3,5,8,3,5,0,0,0
55891506,93,50,43,35,21,14,39,20,19,14,9,5,5,0,5,0,0,0
55893101,60,28,32,20,11,9,30,15,15,3,1,2,6,0,6,1,1,0
55893102,189,99,90,74,44,30,80,41,39,21,11,10,13,2,11,1,1,0
55894001,1037,537,500,417,247,170,445,225,220,109,50,59,65,14,51,1,1,0
55894002,229,112,117,96,48,48,112,56,56,17,8,9,4,0,4,0,0,0
55897401,209,114,95,81,51,30,74,37,37,33,22,11,21,4,17,0,0,0
55898201,131,70,61,49,33,16,60,30,30,8,3,5,14,4,10,0,0,0
55899101,151,76,75,58,33,25,64,32,32,23,10,13,6,1,5,0,0,0
55900801,2934,1439,1495,1191,647,544,1189,591,598,358,164,194,182,34,148,14,3,11
53818301,106,52,54,40,20,20,39,19,20,20,11,9,7,2,5,0,0,0
57877101,117,65,52,50,31,19,46,24,22,14,7,7,6,2,4,1,1,0
55902401,140,77,63,60,38,22,50,26,24,13,8,5,16,4,12,1,1,0
55903201,31,19,12,10,5,5,16,9,7,3,3,0,2,2,0,0,0,0
55903202,76,41,35,31,20,11,28,14,14,9,6,3,8,1,7,0,0,0
55904101,59,34,25,17,12,5,27,14,13,11,6,5,4,2,2,0,0,0
55904103,43,19,24,15,8,7,18,8,10,4,2,2,6,1,5,0,0,0
55904104,402,209,193,172,101,71,164,81,83,37,20,17,28,6,22,1,1,0
55904105,80,42,38,33,19,14,36,18,18,5,4,1,6,1,5,0,0,0
55905901,1043,517,526,445,243,202,407,204,203,117,55,62,72,14,58,2,1,1
55906701,57,34,23,20,15,5,26,13,13,7,5,2,4,1,3,0,0,0
55906702,128,66,62,60,37,23,50,24,26,7,2,5,11,3,8,0,0,0
55906703,38,20,18,10,6,4,22,11,11,5,3,2,1,0,1,0,0,0
55906704,89,42,47,40,19,21,33,17,16,5,4,1,10,2,8,1,0,1
55906706,1149,576,573,485,284,201,456,231,225,119,46,73,84,12,72,5,3,2
3023680,0,0,0,0,0,0,0,0,0,0,0,0,0,0,0,0,0,0
3363010,0,0,0,0,0,0,0,0,0,0,0,0,0,0,0,0,0,0
3363190,0,0,0,0,0,0,0,0,0,0,0,0,0,0,0,0,0,0
55907501,65,31,34,35,18,17,24,12,12,2,1,1,4,0,4,0,0,0
55907502,137,69,68,52,30,22,61,30,31,16,8,8,8,1,7,0,0,0
55907503,22,11,11,4,3,1,8,4,4,6,2,4,4,2,2,0,0,0
55907504,45,28,17,18,12,6,21,11,10,2,2,0,3,2,1,1,1,0
55907505,45,24,21,24,15,9,16,8,8,1,0,1,4,1,3,0,0,0
55907506,1453,714,739,611,346,265,579,289,290,173,66,107,86,11,75,4,2,2
55907507,1432,698,734,539,305,234,571,288,283,165,76,89,148,25,123,8,4,4
55907509,130,74,56,47,34,13,64,32,32,13,8,5,5,0,5,1,0,1
55907510,51,30,21,22,13,9,20,11,9,4,3,1,4,2,2,1,1,0
55908301,204,100,104,78,38,40,88,44,44,24,16,8,13,1,12,1,1,0
55908302,156,77,79,52,31,21,80,41,39,8,3,5,16,2,14,0,0,0
55909102,146,79,67,66,39,27,54,28,26,16,10,6,10,2,8,0,0,0
55909103,61,32,29,23,12,11,28,14,14,8,6,2,2,0,2,0,0,0
55909104,31,15,16,12,7,5,14,7,7,4,1,3,1,0,1,0,0,0
55909105,29,14,15,13,4,9,11,7,4,2,1,1,3,2,1,0,0,0
55910501,163,85,78,88,51,37,49,24,25,17,9,8,9,1,8,0,0,0
55910503,26,14,12,12,8,4,7,3,4,4,3,1,3,0,3,0,0,0
55910504,34,16,18,11,4,7,17,8,9,5,3,2,1,1,0,0,0,0
55912101,180,95,85,83,50,33,63,31,32,26,11,15,8,3,5,0,0,0
55914801,851,433,418,342,195,147,391,197,194,69,27,42,45,12,33,4,2,2
55916401,529,253,276,190,94,96,242,120,122,56,26,30,39,11,28,0,0,0
55916402,2257,1115,1142,966,515,451,933,469,464,243,112,131,109,14,95,4,3,1
55917201,74,37,37,28,13,15,28,14,14,12,8,4,6,2,4,0,0,0
55917202,69,40,29,28,15,13,27,14,13,12,9,3,2,2,0,0,0,0
55917203,25,11,14,12,6,6,6,3,3,7,2,5,0,0,0,0,0,0
55917204,27,15,12,13,8,5,8,4,4,4,3,1,2,0,2,0,0,0
55917205,59,31,28,14,9,5,31,15,16,7,4,3,4,1,3,1,0,1
55917207,346,166,180,146,73,73,147,73,74,41,18,23,12,2,10,0,0,0
55917209,87,43,44,43,24,19,25,12,13,12,5,7,7,2,5,0,0,0
55917210,34,15,19,14,7,7,13,6,7,4,1,3,3,1,2,0,0,0
55917211,37,16,21,18,6,12,12,6,6,5,3,2,2,1,1,0,0,0
56642001,183,94,89,76,45,31,70,35,35,20,11,9,16,2,14,1,1,0
56642002,26,14,12,15,9,6,9,5,4,1,0,1,1,0,1,0,0,0
56646201,111,58,53,51,29,22,43,21,22,12,7,5,5,1,4,0,0,0
56644601,261,136,125,113,66,47,101,51,50,33,16,17,14,3,11,0,0,0
0915020,0,0,0,0,0,0,0,0,0,0,0,0,0,0,0,0,0,0
55920201,28,17,11,8,4,4,10,5,5,6,5,1,4,3,1,0,0,0
55920203,37,21,16,12,9,3,18,9,9,3,2,1,4,1,3,0,0,0
55920205,719,354,365,298,162,136,280,141,139,83,43,40,58,8,50,0,0,0
55920206,63,35,28,24,17,7,31,15,16,4,3,1,4,0,4,0,0,0
55920209,49,28,21,17,13,4,23,12,11,4,2,2,5,1,4,0,0,0
55920210,51,27,24,22,13,9,20,10,10,6,4,2,3,0,3,0,0,0
55920212,25,10,15,11,2,9,7,4,3,5,3,2,2,1,1,0,0,0
55920213,95,47,48,36,17,19,41,21,20,11,8,3,7,1,6,0,0,0
55920214,39,17,22,10,3,7,23,12,11,1,1,0,5,1,4,0,0,0
55921101,53,31,22,20,15,5,22,11,11,6,4,2,5,1,4,0,0,0
55921102,2085,1039,1046,842,464,378,879,443,436,235,108,127,125,21,104,4,3,1
55923701,24,15,9,12,8,4,8,4,4,1,1,0,3,2,1,0,0,0
55923702,87,47,40,34,23,11,42,21,21,2,1,1,9,2,7,0,0,0
55923703,394,197,197,158,85,73,181,93,88,24,12,12,28,7,21,3,0,3
55923704,27,15,12,9,7,2,13,7,6,2,1,1,3,0,3,0,0,0
55923706,27,13,14,12,7,5,6,3,3,5,2,3,4,1,3,0,0,0
55924501,336,160,176,117,57,60,174,87,87,23,13,10,20,1,19,2,2,0
56654301,215,109,106,101,54,47,93,47,46,11,6,5,10,2,8,0,0,0
55925301,135,65,70,55,30,25,60,28,32,15,7,8,5,0,5,0,0,0
1020410,0,0,0,0,0,0,0,0,0,0,0,0,0,0,0,0,0,0
55926101,88,41,47,34,17,17,34,18,16,11,6,5,9,0,9,0,0,0
55926102,25,14,11,11,7,4,8,4,4,1,1,0,5,2,3,0,0,0
55926104,95,48,47,37,23,14,38,20,18,12,4,8,8,1,7,0,0,0
55926107,39,22,17,13,8,5,18,9,9,5,4,1,3,1,2,0,0,0
55926108,314,162,152,133,76,57,112,57,55,41,23,18,28,6,22,0,0,0
55926111,40,16,24,12,4,8,16,8,8,7,3,4,4,1,3,1,0,1
55927001,61,33,28,17,10,7,37,19,18,3,1,2,4,3,1,0,0,0
55927002,467,228,239,179,89,90,229,116,113,32,19,13,27,4,23,0,0,0
55928801,296,160,136,128,79,49,137,69,68,17,8,9,14,4,10,0,0,0
3089860,0,0,0,0,0,0,0,0,0,0,0,0,0,0,0,0,0,0
3312360,0,0,0,0,0,0,0,0,0,0,0,0,0,0,0,0,0,0
55930001,263,144,119,108,73,35,110,55,55,22,12,10,23,4,19,0,0,0
55930002,490,252,238,180,102,78,216,110,106,64,32,32,28,8,20,2,0,2
55930003,91,43,48,34,15,19,50,25,25,7,3,4,0,0,0,0,0,0
55930004,888,430,458,381,196,185,369,186,183,102,41,61,30,4,26,6,3,3
55930005,3055,1459,1596,1261,697,564,1120,557,563,352,154,198,314,49,265,8,2,6
55930006,76,38,38,31,19,12,28,13,15,8,3,5,5,0,5,4,3,1
55930007,372,180,192,148,78,70,162,82,80,40,17,23,21,3,18,1,0,1
55930008,69,32,37,42,20,22,21,10,11,5,2,3,1,0,1,0,0,0
55930009,131,69,62,54,32,22,54,28,26,15,7,8,8,2,6,0,0,0
55930010,800,411,389,372,212,160,268,133,135,95,52,43,63,14,49,0,0,0
55930011,78,38,40,51,26,25,23,12,11,3,0,3,1,0,1,0,0,0
55930012,328,171,157,118,79,39,156,77,79,33,15,18,21,0,21,0,0,0
55931801,545,270,275,217,112,105,228,117,111,63,35,28,36,6,30,1,0,1
55932601,48,26,22,22,12,10,15,8,7,6,3,3,5,3,2,0,0,0
55932602,58,29,29,22,13,9,23,12,11,3,3,0,10,1,9,0,0,0
55932603,87,45,42,40,22,18,37,19,18,5,2,3,5,2,3,0,0,0
56678101,68,32,36,33,16,17,17,9,8,9,5,4,9,2,7,0,0,0
55933402,92,48,44,32,20,12,42,22,20,13,5,8,5,1,4,0,0,0
55933403,33,17,16,13,8,5,12,7,5,7,2,5,1,0,1,0,0,0
55933404,42,21,21,19,9,10,15,8,7,7,4,3,1,0,1,0,0,0
55933406,529,267,262,227,128,99,208,106,102,55,26,29,39,7,32,0,0,0
53033602,42,22,20,13,10,3,20,10,10,4,2,2,5,0,5,0,0,0
53033604,125,64,61,62,32,30,36,18,18,21,13,8,6,1,5,0,0,0
53033605,80,43,37,30,20,10,36,18,18,7,5,2,7,0,7,0,0,0
55935101,20,12,8,5,5,0,10,5,5,1,1,0,4,1,3,0,0,0
55935102,148,68,80,56,30,26,72,35,37,9,3,6,10,0,10,0,0,0
55935103,214,108,106,96,58,38,80,41,39,26,9,17,12,0,12,0,0,0
55935104,80,45,35,30,21,9,33,16,17,8,7,1,9,1,8,0,0,0
55935105,179,88,91,77,42,35,68,34,34,17,8,9,17,4,13,0,0,0
55935106,1891,935,956,772,430,342,769,385,384,209,84,125,131,26,105,10,10,0
55935107,158,81,77,65,37,28,72,37,35,9,5,4,12,2,10,0,0,0
55936901,239,123,116,100,54,46,109,56,53,24,11,13,6,2,4,0,0,0
55936902,35,14,21,5,0,5,17,7,10,10,7,3,3,0,3,0,0,0
55937701,36,21,15,13,10,3,13,7,6,9,4,5,1,0,1,0,0,0
55937702,307,155,152,107,63,44,128,65,63,41,21,20,30,5,25,1,1,0
55937703,70,41,29,24,16,8,31,16,15,9,7,2,4,0,4,0,0,0
53024701,133,62,71,52,22,30,64,32,32,9,6,3,8,2,6,0,0,0
55939301,56,25,31,20,8,12,30,15,15,3,2,1,3,0,3,0,0,0
55939302,401,209,192,157,94,63,159,81,78,62,28,34,22,5,17,1,1,0
55939303,53,27,26,20,9,11,26,13,13,3,3,0,4,2,2,0,0,0
56708601,332,173,159,139,79,60,151,77,74,26,14,12,16,3,13,0,0,0
55942301,287,136,151,125,58,67,130,66,64,18,8,10,13,3,10,1,1,0
55943101,591,291,300,256,130,126,239,119,120,66,34,32,29,7,22,1,1,0
53027101,87,43,44,51,26,25,25,13,12,8,4,4,3,0,3,0,0,0
56674801,53,27,26,17,11,6,24,12,12,7,4,3,5,0,5,0,0,0
55360301,34,17,17,12,7,5,17,8,9,1,1,0,4,1,3,0,0,0
57879701,21,11,10,10,7,3,8,4,4,2,0,2,1,0,1,0,0,0
57879702,84,45,39,32,18,14,42,22,20,4,2,2,6,3,3,0,0,0
57898301,248,129,119,104,61,43,108,55,53,24,11,13,12,2,10,0,0,0
55948202,21,10,11,8,4,4,8,4,4,2,1,1,2,0,2,1,1,0
55948203,89,47,42,37,21,16,30,17,13,15,6,9,7,3,4,0,0,0
55949101,3295,1641,1654,1427,794,633,1323,661,662,346,155,191,192,30,162,7,1,6
55950401,986,487,499,381,212,169,428,212,216,74,39,35,99,22,77,4,2,2
55950402,27,16,11,13,9,4,10,5,5,1,1,0,3,1,2,0,0,0
55952101,231,111,120,107,53,54,98,48,50,15,7,8,10,2,8,1,1,0
55952102,3721,1855,1866,1465,812,653,1603,820,783,383,169,214,255,48,207,12,6,6
55952103,316,168,148,118,72,46,148,75,73,35,17,18,15,4,11,0,0,0
55952104,672,342,330,272,149,123,322,159,163,49,22,27,28,12,16,1,0,1
55952105,158,81,77,68,44,24,62,30,32,22,7,15,6,0,6,0,0,0
3356900,0,0,0,0,0,0,0,0,0,0,0,0,0,0,0,0,0,0
54641101,421,219,202,184,106,78,171,83,88,48,28,20,18,2,16,0,0,0
56659401,32,20,12,13,8,5,12,7,5,7,5,2,0,0,0,0,0,0
56659402,84,48,36,30,22,8,45,23,22,5,2,3,4,1,3,0,0,0
1742032,0,0,0,0,0,0,0,0,0,0,0,0,0,0,0,0,0,0
55955501,91,47,44,37,20,17,41,21,20,8,4,4,5,2,3,0,0,0
55955502,45,26,19,19,14,5,20,10,10,5,2,3,1,0,1,0,0,0
55955503,22,9,13,3,2,1,12,6,6,2,1,1,5,0,5,0,0,0
55955505,69,36,33,29,14,15,33,17,16,6,5,1,1,0,1,0,0,0
55955506,253,131,122,98,58,40,94,48,46,42,18,24,18,7,11,1,0,1
55956301,21,11,10,6,4,2,10,5,5,4,2,2,1,0,1,0,0,0
55956302,119,56,63,44,20,24,53,26,27,13,8,5,9,2,7,0,0,0
55956304,37,15,22,9,4,5,12,5,7,12,4,8,4,2,2,0,0,0
55956305,38,19,19,17,10,7,10,5,5,8,4,4,3,0,3,0,0,0
55956306,49,29,20,19,12,7,18,9,9,9,7,2,3,1,2,0,0,0
55956308,24,13,11,8,4,4,14,7,7,2,2,0,0,0,0,0,0,0
55956310,39,21,18,16,12,4,15,7,8,4,2,2,4,0,4,0,0,0
55956311,278,150,128,121,74,47,108,56,52,35,18,17,13,2,11,1,0,1
55957101,87,43,44,29,16,13,46,23,23,6,3,3,6,1,5,0,0,0
55957102,316,151,165,134,64,70,117,60,57,42,22,20,23,5,18,0,0,0
55957103,28,16,12,4,3,1,10,5,5,11,6,5,2,1,1,1,1,0
55958001,4479,2222,2257,1997,1072,925,1836,919,917,397,179,218,231,41,190,13,6,7
57892402,80,44,36,31,23,8,40,19,21,5,1,4,4,1,3,0,0,0
55960101,1499,732,767,787,404,383,523,260,263,138,58,80,49,9,40,2,1,1
56649701,53,23,30,22,10,12,22,10,12,5,3,2,4,0,4,0,0,0
55962801,128,64,64,66,35,31,39,18,21,13,8,5,10,3,7,0,0,0
55962803,73,36,37,26,15,11,34,17,17,10,4,6,3,0,3,0,0,0
55962804,24,13,11,4,2,2,14,7,7,5,3,2,1,1,0,0,0,0
55962805,50,23,27,16,7,9,29,16,13,5,0,5,0,0,0,0,0,0
55962806,1286,633,653,572,291,281,521,260,261,118,63,55,73,18,55,2,1,1
55962807,54,31,23,27,19,8,15,8,7,11,4,7,1,0,1,0,0,0
56696901,352,189,163,147,92,55,153,78,75,21,12,9,30,6,24,1,1,0
56696902,82,36,46,29,13,16,42,21,21,4,2,2,7,0,7,0,0,0
53028001,181,89,92,77,46,31,71,35,36,22,7,15,11,1,10,0,0,0
53028002,24,10,14,8,3,5,13,6,7,2,1,1,1,0,1,0,0,0
57882701,61,32,29,23,14,9,26,13,13,5,4,1,6,0,6,1,1,0
57882702,29,13,16,13,6,7,13,7,6,1,0,1,2,0,2,0,0,0
57882703,43,24,19,16,11,5,19,9,10,6,4,2,2,0,2,0,0,0
55966101,104,52,52,43,26,17,45,23,22,9,2,7,7,1,6,0,0,0
55966102,148,80,68,74,46,28,44,23,21,21,8,13,8,2,6,1,1,0
55966103,2472,1278,1194,1121,631,490,882,448,434,286,141,145,152,37,115,28,18,10
1936232,0,0,0,0,0,0,0,0,0,0,0,0,0,0,0,0,0,0
55967901,1627,796,831,633,331,302,747,372,375,158,75,83,85,16,69,4,2,2
55967903,1824,908,916,720,405,315,829,412,417,166,74,92,104,13,91,5,4,1
1968510,0,0,0,0,0,0,0,0,0,0,0,0,0,0,0,0,0,0
55969501,26,16,10,4,2,2,17,10,7,4,3,1,1,1,0,0,0,0
55969502,20,11,9,8,5,3,11,6,5,1,0,1,0,0,0,0,0,0
55969504,54,32,22,21,16,5,24,12,12,5,3,2,4,1,3,0,0,0
55969505,55,27,28,16,10,6,26,13,13,4,2,2,8,2,6,1,0,1
55969506,1049,522,527,396,239,157,423,212,211,121,52,69,108,18,90,1,1,0
55970901,208,105,103,86,46,40,80,40,40,25,14,11,17,5,12,0,0,0
55970902,262,141,121,120,71,49,103,52,51,22,11,11,16,6,10,1,1,0
54109501,144,72,72,56,28,28,74,36,38,8,7,1,6,1,5,0,0,0
55972501,571,301,270,236,141,95,224,114,110,69,36,33,41,10,31,1,0,1
55972502,558,257,301,204,110,94,224,113,111,66,24,42,63,10,53,1,0,1
55972503,27,15,12,5,3,2,16,10,6,3,1,2,3,1,2,0,0,0
55972504,239,120,119,92,52,40,108,54,54,21,11,10,14,1,13,2,2,0
55972505,25,11,14,7,4,3,6,3,3,8,3,5,3,1,2,1,0,1
55972506,425,213,212,167,91,76,190,98,92,34,17,17,32,5,27,2,2,0
55972507,274,141,133,120,71,49,119,60,59,22,8,14,12,2,10,1,0,1
55972508,166,88,78,64,37,27,62,32,30,26,17,9,14,2,12,0,0,0
55973301,372,188,184,153,88,65,160,80,80,31,16,15,26,3,23,2,1,1
55974101,72,38,34,28,21,7,30,15,15,4,1,3,10,1,9,0,0,0
55975001,353,184,169,131,73,58,164,82,82,36,23,13,22,6,16,0,0,0
55975002,194,96,98,81,46,35,80,40,40,19,9,10,14,1,13,0,0,0
55975003,96,50,46,35,19,16,52,26,26,6,3,3,3,2,1,0,0,0
55976801,151,81,70,72,45,27,46,22,24,18,10,8,15,4,11,0,0,0
54092701,23,13,10,6,5,1,10,6,4,3,2,1,4,0,4,0,0,0
3301160,0,0,0,0,0,0,0,0,0,0,0,0,0,0,0,0,0,0
55977602,1053,550,503,429,255,174,433,216,217,121,62,59,69,16,53,0,0,0
55977603,244,117,127,83,41,42,124,62,62,28,14,14,9,0,9,0,0,0
53037901,107,55,52,41,24,17,40,19,21,15,9,6,10,2,8,1,1,0
53037902,24,10,14,7,4,3,9,4,5,8,2,6,0,0,0,0,0,0
3359080,0,0,0,0,0,0,0,0,0,0,0,0,0,0,0,0,0,0
55979201,748,389,359,321,183,138,308,157,151,73,39,34,42,7,35,2,1,1
55980601,140,65,75,49,23,26,60,30,30,21,10,11,10,2,8,0,0,0
55980602,66,33,33,29,17,12,24,12,12,6,4,2,7,0,7,0,0,0
55980603,44,22,22,15,10,5,24,12,12,3,0,3,2,0,2,0,0,0
55980604,46,22,24,18,9,9,22,11,11,3,2,1,3,0,3,0,0,0
55981401,1456,734,722,580,328,252,581,295,286,186,91,95,98,16,82,8,4,4
3315890,0,0,0,0,0,0,0,0,0,0,0,0,0,0,0,0,0,0
3315970,0,0,0,0,0,0,0,0,0,0,0,0,0,0,0,0,0,0
55982201,767,367,400,310,162,148,339,169,170,66,28,38,50,7,43,2,1,1
55982202,1955,986,969,836,469,367,665,340,325,296,143,153,149,28,121,8,6,2
54100101,31,15,16,11,6,5,14,7,7,3,2,1,3,0,3,0,0,0
55984901,27,14,13,7,3,4,15,8,7,4,3,1,1,0,1,0,0,0
55984902,190,96,94,69,40,29,83,42,41,21,11,10,17,3,14,0,0,0
55985701,713,363,350,275,163,112,318,159,159,69,35,34,51,6,45,0,0,0
54080301,53,25,28,21,11,10,18,8,10,11,6,5,3,0,3,0,0,0
54114101,71,38,33,24,13,11,27,14,13,16,9,7,4,2,2,0,0,0
57901701,70,36,34,30,14,16,30,15,15,8,7,1,2,0,2,0,0,0
57901702,21,9,12,3,1,2,14,7,7,2,1,1,2,0,2,0,0,0
56681101,66,36,30,31,19,12,31,16,15,2,1,1,2,0,2,0,0,0
54115001,746,383,363,317,179,138,310,154,156,72,41,31,44,6,38,1,1,0
54115002,112,56,56,39,21,18,60,30,30,7,3,4,6,2,4,0,0,0
55990301,69,35,34,39,20,19,18,9,9,9,5,4,3,1,2,0,0,0
55990302,543,280,263,216,124,92,244,125,119,51,23,28,32,8,24,0,0,0
55990303,47,25,22,22,14,8,18,10,8,4,1,3,3,0,3,0,0,0
55990304,49,25,24,22,10,12,13,6,7,5,4,1,7,3,4,0,0,0
53036101,56,27,29,27,14,13,22,11,11,4,1,3,3,1,2,0,0,0
55991101,473,233,240,163,90,73,230,115,115,47,23,24,30,2,28,1,1,0
55992002,113,63,50,34,22,12,63,32,31,13,7,6,3,2,1,0,0,0
55992003,34,22,12,10,8,2,14,9,5,2,2,0,7,2,5,0,0,0
57903301,239,119,120,99,50,49,102,51,51,29,16,13,7,2,5,0,0,0
56700101,320,161,159,128,67,61,136,69,67,37,18,19,18,6,12,1,1,0
55994602,60,33,27,20,14,6,27,13,14,8,5,3,5,1,4,0,0,0
55995401,256,124,132,115,70,45,55,28,27,45,21,24,40,5,35,1,0,1
55995402,31,16,15,9,5,4,19,10,9,1,1,0,2,0,2,0,0,0
55996201,163,83,80,76,40,36,60,29,31,22,12,10,5,2,3,0,0,0
55996202,29,14,15,10,7,3,14,7,7,3,0,3,2,0,2,0,0,0
55361101,538,277,261,223,136,87,238,119,119,44,17,27,30,5,25,3,0,3
57900901,261,133,128,93,55,38,110,56,54,31,16,15,27,6,21,0,0,0
57908401,72,35,37,26,15,11,35,18,17,6,1,5,5,1,4,0,0,0
3301240,0,0,0,0,0,0,0,0,0,0,0,0,0,0,0,0,0,0
55999701,1809,870,939,663,404,259,641,319,322,209,100,109,287,44,243,9,3,6
55999702,510,252,258,190,103,87,177,88,89,89,44,45,50,15,35,4,2,2
55999703,45,27,18,17,13,4,21,11,10,4,2,2,2,0,2,1,1,0
55999704,69,32,37,34,17,17,21,11,10,9,4,5,5,0,5,0,0,0
56000601,239,121,118,89,52,37,116,58,58,22,10,12,12,1,11,0,0,0
56000602,41,16,25,15,6,9,16,8,8,6,2,4,4,0,4,0,0,0
56000603,37,20,17,17,9,8,14,7,7,2,2,0,3,2,1,1,0,1
56001401,120,64,56,43,25,18,45,22,23,24,13,11,7,3,4,1,1,0
56001402,1416,728,688,582,344,238,597,293,304,131,62,69,101,27,74,5,2,3
56683701,120,55,65,44,18,26,54,27,27,19,10,9,3,0,3,0,0,0
56683702,51,30,21,18,11,7,27,15,12,5,4,1,0,0,0,1,0,1
54119201,174,84,90,70,37,33,82,41,41,11,6,5,11,0,11,0,0,0
56005701,1274,639,635,546,293,253,540,270,270,119,59,60,68,17,51,1,0,1
56005702,69,34,35,20,10,10,37,19,18,6,1,5,5,3,2,1,1,0
56005703,84,38,46,22,10,12,47,23,24,8,4,4,7,1,6,0,0,0
56699301,47,21,26,13,5,8,18,9,9,13,7,6,3,0,3,0,0,0
56699302,30,14,16,12,6,6,14,6,8,3,2,1,1,0,1,0,0,0
56699303,33,15,18,11,4,7,15,7,8,4,3,1,3,1,2,0,0,0
56686101,120,62,58,45,27,18,49,25,24,14,7,7,11,3,8,1,0,1
56008101,256,123,133,98,53,45,102,50,52,33,17,16,23,3,20,0,0,0
57913101,407,207,200,158,90,68,189,97,92,27,15,12,33,5,28,0,0,0
56011101,209,109,100,82,48,34,78,39,39,27,17,10,22,5,17,0,0,0
56012001,1720,871,849,728,420,308,690,344,346,172,76,96,125,27,98,5,4,1
56012002,28,14,14,7,6,1,14,7,7,3,1,2,4,0,4,0,0,0
56694201,243,123,120,96,49,47,105,54,51,22,15,7,18,3,15,2,2,0
1407670,0,0,0,0,0,0,0,0,0,0,0,0,0,0,0,0,0,0
1407752,0,0,0,0,0,0,0,0,0,0,0,0,0,0,0,0,0,0
1408300,0,0,0,0,0,0,0,0,0,0,0,0,0,0,0,0,0,0
3358190,0,0,0,0,0,0,0,0,0,0,0,0,0,0,0,0,0,0
55971701,48,30,18,15,11,4,18,10,8,10,8,2,4,1,3,1,0,1
55971702,1659,812,847,629,348,281,738,370,368,167,68,99,118,22,96,6,4,2
55971703,119,58,61,56,24,32,46,24,22,15,10,5,2,0,2,0,0,0
55971704,476,230,246,167,91,76,201,100,101,58,27,31,50,12,38,0,0,0
55971705,22,11,11,11,6,5,10,5,5,1,0,1,0,0,0,0,0,0
55971706,989,477,512,415,217,198,378,192,186,125,56,69,62,8,54,9,4,5
55971708,46,24,22,18,12,6,15,7,8,9,4,5,4,1,3,0,0,0
55971709,447,220,227,195,104,91,185,93,92,43,16,27,21,5,16,1,0,1
55971710,381,191,190,158,88,70,142,70,72,52,22,30,21,3,18,6,6,0
55971712,220,109,111,72,42,30,107,53,54,24,9,15,14,3,11,3,2,1
55971713,87,39,48,27,12,15,41,20,21,16,6,10,3,1,2,0,0,0
55971714,2374,1145,1229,984,544,440,821,412,409,362,140,222,178,33,145,27,16,11
55971715,117,65,52,37,28,9,56,26,30,18,10,8,6,1,5,0,0,0
55971716,427,213,214,179,99,80,167,83,84,45,22,23,34,8,26,2,1,1
55971717,480,222,258,210,98,112,194,96,98,57,21,36,18,6,12,1,1,0
55971718,1070,509,561,438,249,189,368,183,185,187,62,125,72,12,60,4,2,2
55971720,155,82,73,80,45,35,41,23,18,28,13,15,6,1,5,0,0,0
55971721,449,205,244,135,72,63,205,103,102,56,21,35,47,5,42,3,2,1
55971724,1161,574,587,506,290,216,402,202,200,148,58,90,94,16,78,11,8,3
55971725,1041,496,545,356,190,166,430,222,208,151,58,93,93,19,74,11,7,4
55971726,425,236,189,246,152,94,92,53,39,57,20,37,13,1,12,17,10,7
55971727,1565,801,764,720,412,308,451,247,204,270,121,149,112,16,96,11,5,6
56014601,23,14,9,3,2,1,13,7,6,5,4,1,2,1,1,0,0,0
56014602,51,27,24,21,12,9,16,8,8,10,5,5,4,2,2,0,0,0
54648801,149,75,74,69,43,26,49,25,24,17,6,11,14,1,13,0,0,0
56684501,200,109,91,80,50,30,95,47,48,15,9,6,10,3,7,0,0,0
50666401,254,131,123,100,58,42,107,53,54,34,18,16,13,2,11,0,0,0
54072201,343,163,180,153,77,76,152,75,77,21,10,11,17,1,16,0,0,0
3301080,0,0,0,0,0,0,0,0,0,0,0,0,0,0,0,0,0,0
56016201,2440,1202,1238,1032,556,476,892,450,442,328,153,175,173,32,141,15,11,4
54117601,453,229,224,185,101,84,204,102,102,42,20,22,20,4,16,2,2,0
3301320,0,0,0,0,0,0,0,0,0,0,0,0,0,0,0,0,0,0
57934301,44,25,19,15,9,6,23,12,11,4,3,1,1,0,1,1,1,0
3300940,0,0,0,0,0,0,0,0,0,0,0,0,0,0,0,0,0,0
56018901,34,17,17,11,5,6,17,9,8,2,1,1,4,2,2,0,0,0
56018902,261,124,137,86,48,38,118,60,58,15,8,7,40,8,32,2,0,2
56680201,35,18,17,14,7,7,12,6,6,8,5,3,1,0,1,0,0,0
56680202,164,79,85,84,46,38,46,23,23,26,9,17,8,1,7,0,0,0
54652601,329,164,165,126,73,53,135,68,67,33,18,15,33,5,28,2,0,2
3301590,0,0,0,0,0,0,0,0,0,0,0,0,0,0,0,0,0,0
57924601,100,46,54,46,22,24,38,19,19,7,4,3,9,1,8,0,0,0
54653401,234,111,123,94,43,51,99,49,50,21,16,5,20,3,17,0,0,0
54655101,201,103,98,61,38,23,94,47,47,27,15,12,18,3,15,1,0,1
54655102,36,22,14,17,11,6,7,4,3,11,7,4,1,0,1,0,0,0
56022701,73,35,38,26,14,12,25,13,12,13,8,5,9,0,9,0,0,0
56022702,169,82,87,63,32,31,73,36,37,22,12,10,10,2,8,1,0,1
56023501,288,160,128,131,80,51,125,64,61,16,11,5,15,4,11,1,1,0
57928901,66,28,38,31,13,18,27,14,13,5,1,4,3,0,3,0,0,0
56025101,1253,638,615,497,275,222,544,282,262,118,61,57,91,18,73,3,2,1
56679901,283,144,139,101,58,43,147,73,74,20,11,9,14,1,13,1,1,0
56026002,32,18,14,12,9,3,16,8,8,2,1,1,2,0,2,0,0,0
56026003,29,15,14,10,6,4,7,4,3,7,4,3,5,1,4,0,0,0
56026004,43,22,21,11,6,5,21,11,10,5,4,1,6,1,5,0,0,0
56026005,1979,988,991,865,481,384,717,362,355,242,108,134,149,32,117,5,4,1
56026006,159,77,82,55,27,28,72,36,36,20,11,9,12,3,9,0,0,0
56026007,149,72,77,59,27,32,66,33,33,17,10,7,6,1,5,1,1,0
56026008,29,16,13,15,10,5,7,3,4,5,3,2,2,0,2,0,0,0
54106101,184,59,125,112,31,81,49,25,24,12,2,10,10,0,10,1,1,0
54106102,20,9,11,4,3,1,8,4,4,6,2,4,2,0,2,0,0,0
56072301,142,67,75,66,31,35,54,26,28,12,8,4,9,1,8,1,1,0
56072302,60,32,28,16,7,9,26,14,12,11,9,2,6,1,5,0,0,0
0037270,0,0,0,0,0,0,0,0,0,0,0,0,0,0,0,0,0,0
56074001,770,377,393,326,178,148,299,152,147,84,36,48,60,11,49,1,0,1
56074003,51,28,23,16,11,5,28,14,14,5,2,3,2,1,1,0,0,0
56074006,49,27,22,17,9,8,19,10,9,7,7,0,6,1,5,0,0,0
1159672,0,0,0,0,0,0,0,0,0,0,0,0,0,0,0,0,0,0
56075801,50,26,24,21,14,7,17,8,9,10,4,6,2,0,2,0,0,0
56075802,2572,1262,1310,1067,586,481,976,489,487,328,148,180,182,28,154,19,11,8
56075803,86,48,38,43,27,16,30,16,14,8,4,4,5,1,4,0,0,0
56075804,67,36,31,34,20,14,23,12,11,6,4,2,4,0,4,0,0,0
56075805,69,37,32,39,24,15,26,13,13,2,0,2,2,0,2,0,0,0
56075806,36,17,19,15,7,8,14,7,7,4,2,2,3,1,2,0,0,0
56075807,38,20,18,17,10,7,12,6,6,5,3,2,3,1,2,1,0,1
56075809,39,20,19,13,8,5,18,9,9,6,2,4,2,1,1,0,0,0
56075810,89,46,43,38,22,16,36,18,18,10,6,4,5,0,5,0,0,0
56075812,187,93,94,82,45,37,65,31,34,28,15,13,11,1,10,1,1,0
56075814,151,73,78,63,33,30,64,33,31,11,5,6,13,2,11,0,0,0
56075815,104,46,58,32,18,14,27,11,16,22,13,9,22,4,18,1,0,1
56075816,45,22,23,14,7,7,28,15,13,1,0,1,2,0,2,0,0,0
56075818,37,19,18,15,7,8,11,7,4,10,5,5,1,0,1,0,0,0
56075819,37,21,16,14,10,4,14,7,7,6,4,2,3,0,3,0,0,0
56075820,204,138,66,96,67,29,69,43,26,10,3,7,1,1,0,27,24,3
56075821,167,81,86,91,52,39,41,21,20,25,8,17,9,0,9,1,0,1
56075822,32,19,13,12,7,5,13,7,6,4,3,1,3,2,1,0,0,0
56075823,291,161,130,163,100,63,61,34,27,56,25,31,9,1,8,2,1,1
54160501,225,117,108,100,59,41,85,43,42,18,9,9,19,4,15,2,1,1
54140101,149,76,73,63,34,29,61,31,30,22,10,12,3,1,2,0,0,0
56078202,227,117,110,99,56,43,75,38,37,35,19,16,16,3,13,2,1,1
57945902,294,145,149,106,62,44,134,66,68,31,14,17,22,3,19,1,0,1
56080401,215,115,100,93,55,38,98,49,49,15,10,5,9,1,8,0,0,0
56080402,57,31,26,22,14,8,28,14,14,4,3,1,3,0,3,0,0,0
56080403,59,30,29,21,12,9,30,15,15,4,1,3,4,2,2,0,0,0
0204350,0,0,0,0,0,0,0,0,0,0,0,0,0,0,0,0,0,0
56081201,897,452,445,389,218,171,357,178,179,87,48,39,62,8,54,2,0,2
56081202,45,20,25,23,10,13,13,6,7,7,4,3,2,0,2,0,0,0
56081205,34,16,18,17,8,9,10,5,5,4,3,1,3,0,3,0,0,0
56081206,23,11,12,12,7,5,5,2,3,4,2,2,2,0,2,0,0,0
56081207,41,20,21,12,7,5,16,8,8,8,5,3,5,0,5,0,0,0
56081209,91,49,42,36,24,12,45,22,23,4,1,3,6,2,4,0,0,0
56083901,385,199,186,159,85,74,174,90,84,29,17,12,22,6,16,1,1,0
56085501,33,20,13,5,4,1,16,9,7,8,6,2,4,1,3,0,0,0
56085503,250,137,113,108,69,39,98,48,50,26,17,9,18,3,15,0,0,0
56085505,51,27,24,19,13,6,21,11,10,4,3,1,7,0,7,0,0,0
1983910,0,0,0,0,0,0,0,0,0,0,0,0,0,0,0,0,0,0
56086301,61,31,30,14,8,6,34,17,17,4,3,1,7,1,6,0,0,0
56086302,734,373,361,324,183,141,311,155,156,61,27,34,32,6,26,6,2,4
56086303,30,16,14,14,7,7,10,5,5,4,3,1,2,1,1,0,0,0
56086304,107,56,51,44,23,21,46,25,21,13,7,6,4,1,3,0,0,0
54129001,76,41,35,28,18,10,28,15,13,12,5,7,7,3,4,1,0,1
54129002,27,14,13,9,6,3,16,8,8,0,0,0,2,0,2,0,0,0
54129004,92,48,44,44,24,20,32,17,15,9,5,4,7,2,5,0,0,0
54129005,51,26,25,25,14,11,20,10,10,4,2,2,2,0,2,0,0,0
56089801,328,174,154,168,93,75,111,57,54,26,15,11,19,5,14,2,2,0
56089803,96,54,42,41,26,15,35,17,18,13,6,7,7,5,2,0,0,0
0940210,0,0,0,0,0,0,0,0,0,0,0,0,0,0,0,0,0,0
56090101,55,33,22,25,17,8,23,12,11,6,4,2,1,0,1,0,0,0
56090103,1546,794,752,682,380,302,588,298,290,176,94,82,93,17,76,7,5,2
56090105,44,24,20,22,15,7,15,7,8,4,2,2,3,0,3,0,0,0
56090107,79,48,31,33,24,9,34,17,17,6,5,1,6,2,4,0,0,0
56090109,81,43,38,31,17,14,34,18,16,9,4,5,7,4,3,0,0,0
56091001,57,25,32,23,9,14,26,14,12,6,2,4,2,0,2,0,0,0
56091002,38,20,18,18,9,9,16,8,8,4,3,1,0,0,0,0,0,0
56091003,69,36,33,23,14,9,36,18,18,4,4,0,4,0,4,0,0,0
56091004,383,196,187,178,97,81,153,76,77,27,17,10,24,5,19,1,1,0
56091005,36,16,20,13,7,6,16,8,8,3,1,2,3,0,3,1,0,1
56091006,36,17,19,12,6,6,19,10,9,3,1,2,2,0,2,0,0,0
56091007,144,70,74,71,35,36,55,28,27,11,5,6,7,2,5,0,0,0
56092801,67,39,28,27,19,8,32,17,15,5,2,3,3,1,2,0,0,0
56092802,30,17,13,15,9,6,11,6,5,2,2,0,2,0,2,0,0,0
56092803,1279,653,626,555,319,236,507,255,252,139,66,73,72,9,63,6,4,2
56092804,48,26,22,19,12,7,23,11,12,4,3,1,2,0,2,0,0,0
56092805,45,26,19,19,12,7,14,7,7,8,5,3,4,2,2,0,0,0
56092806,41,20,21,15,10,5,19,10,9,4,0,4,3,0,3,0,0,0
56092807,47,20,27,19,10,9,13,6,7,9,3,6,6,1,5,0,0,0
54155901,38,18,20,20,10,10,11,5,6,4,2,2,2,0,2,1,1,0
54155902,185,94,91,94,49,45,57,29,28,19,11,8,11,2,9,4,3,1
0679462,0,0,0,0,0,0,0,0,0,0,0,0,0,0,0,0,0,0
54149402,213,111,102,91,54,37,87,44,43,21,13,8,14,0,14,0,0,0
54149403,36,18,18,14,9,5,13,6,7,5,2,3,4,1,3,0,0,0
3199020,0,0,0,0,0,0,0,0,0,0,0,0,0,0,0,0,0,0
56095201,35,19,16,15,11,4,14,7,7,2,1,1,4,0,4,0,0,0
56095203,22,9,13,6,3,3,11,5,6,2,1,1,3,0,3,0,0,0
56095204,602,297,305,202,115,87,262,131,131,74,39,35,63,11,52,1,1,0
56095205,39,15,24,22,8,14,12,6,6,3,1,2,2,0,2,0,0,0
56095206,158,82,76,58,38,20,84,42,42,10,2,8,6,0,6,0,0,0
56095207,39,19,20,10,4,6,23,12,11,4,3,1,2,0,2,0,0,0
50391601,337,174,163,183,103,80,113,57,56,30,11,19,9,2,7,1,0,1
50391603,101,51,50,49,26,23,35,18,17,12,5,7,5,2,3,0,0,0
50391605,139,68,71,72,32,40,40,20,20,17,12,5,9,4,5,1,0,1
50391607,28,17,11,17,11,6,7,4,3,4,2,2,0,0,0,0,0,0
56097901,24,17,7,11,9,2,11,6,5,2,2,0,0,0,0,0,0,0
56097902,196,94,102,81,43,38,84,41,43,21,10,11,10,0,10,0,0,0
0800470,0,0,0,0,0,0,0,0,0,0,0,0,0,0,0,0,0,0
0800551,0,0,0,0,0,0,0,0,0,0,0,0,0,0,0,0,0,0
0800552,0,0,0,0,0,0,0,0,0,0,0,0,0,0,0,0,0,0
0801010,0,0,0,0,0,0,0,0,0,0,0,0,0,0,0,0,0,0
0801100,0,0,0,0,0,0,0,0,0,0,0,0,0,0,0,0,0,0
56100201,404,201,203,178,106,72,146,71,75,46,20,26,34,4,30,0,0,0
56100202,52,29,23,19,12,7,23,12,11,8,5,3,2,0,2,0,0,0
56101101,37,18,19,14,7,7,19,10,9,2,1,1,1,0,1,1,0,1
56101102,22,12,10,10,7,3,10,5,5,0,0,0,2,0,2,0,0,0
56101104,262,130,132,118,65,53,108,52,56,17,8,9,18,4,14,1,1,0
56101105,22,9,13,8,5,3,5,3,2,7,1,6,2,0,2,0,0,0
56101107,44,21,23,19,10,9,18,9,9,2,1,1,5,1,4,0,0,0
54170201,477,232,245,233,120,113,179,88,91,44,21,23,21,3,18,0,0,0
0883150,0,0,0,0,0,0,0,0,0,0,0,0,0,0,0,0,0,0
54153201,206,120,86,130,82,48,43,22,21,31,16,15,2,0,2,0,0,0
54153202,44,20,24,20,11,9,17,8,9,5,1,4,2,0,2,0,0,0
0883580,0,0,0,0,0,0,0,0,0,0,0,0,0,0,0,0,0,0
54144301,158,81,77,67,38,29,71,34,37,13,6,7,5,1,4,0,0,0
56688801,27,16,11,8,6,2,14,7,7,5,3,2,0,0,0,0,0,0
56688802,48,24,24,19,10,9,10,7,3,10,4,6,7,2,5,2,1,1
1164081,0,0,0,0,0,0,0,0,0,0,0,0,0,0,0,0,0,0
54168103,145,76,69,83,46,37,31,16,15,21,12,9,8,0,8,2,2,0
1185320,0,0,0,0,0,0,0,0,0,0,0,0,0,0,0,0,0,0
3361310,0,0,0,0,0,0,0,0,0,0,0,0,0,0,0,0,0,0
3361570,0,0,0,0,0,0,0,0,0,0,0,0,0,0,0,0,0,0
3361650,0,0,0,0,0,0,0,0,0,0,0,0,0,0,0,0,0,0
56113401,33,17,16,16,10,6,12,6,6,3,1,2,2,0,2,0,0,0
56113402,35,20,15,10,8,2,17,9,8,3,1,2,5,2,3,0,0,0
56113403,33,13,20,9,2,7,20,10,10,1,1,0,3,0,3,0,0,0
56113404,40,23,17,22,13,9,6,3,3,9,6,3,3,1,2,0,0,0
56113405,64,30,34,20,12,8,32,16,16,5,1,4,7,1,6,0,0,0
56113407,4785,2337,2448,2115,1177,938,1697,844,853,613,249,364,330,55,275,27,12,15
56113408,84,42,42,38,19,19,38,21,17,3,1,2,5,1,4,0,0,0
56113409,49,28,21,24,16,8,15,7,8,7,4,3,3,1,2,0,0,0
56113410,24,11,13,15,8,7,4,2,2,3,0,3,0,0,0,0,0,0
56113411,26,12,14,8,5,3,8,4,4,7,1,6,0,0,0,1,0,1
56113412,70,35,35,30,16,14,25,12,13,10,5,5,5,2,3,0,0,0
56113414,22,12,10,11,6,5,11,6,5,0,0,0,0,0,0,0,0,0
56113415,27,15,12,13,8,5,13,7,6,0,0,0,1,0,1,0,0,0
54148601,105,59,46,41,27,14,43,24,19,14,5,9,7,3,4,0,0,0
54148602,49,28,21,28,16,12,12,7,5,8,4,4,1,1,0,0,0,0
56115102,816,416,400,388,220,168,276,142,134,98,44,54,44,4,40,10,6,4
56115103,36,21,15,13,10,3,14,7,7,6,3,3,3,1,2,0,0,0
56115104,102,58,44,52,33,19,36,19,17,9,4,5,5,2,3,0,0,0
56115105,32,15,17,9,6,3,14,5,9,5,2,3,2,1,1,2,1,1
56115106,115,65,50,52,32,20,50,26,24,11,6,5,2,1,1,0,0,0
56115107,53,28,25,26,19,7,18,8,10,4,1,3,5,0,5,0,0,0
56115108,32,15,17,15,7,8,14,7,7,2,1,1,1,0,1,0,0,0
56115109,218,111,107,111,56,55,78,41,37,19,11,8,10,3,7,0,0,0
1426540,0,0,0,0,0,0,0,0,0,0,0,0,0,0,0,0,0,0
56116902,53,22,31,26,13,13,14,6,8,7,2,5,5,1,4,1,0,1
56116903,52,24,28,18,10,8,21,11,10,6,2,4,7,1,6,0,0,0
56116907,625,301,324,302,154,148,218,111,107,61,26,35,33,7,26,11,3,8
57946702,61,30,31,24,16,8,22,11,11,11,3,8,4,0,4,0,0,0
57946703,56,26,30,28,13,15,19,10,9,4,3,1,5,0,5,0,0,0
0788410,0,0,0,0,0,0,0,0,0,0,0,0,0,0,0,0,0,0
56118501,98,59,39,42,29,13,38,21,17,11,6,5,7,3,4,0,0,0
56118502,42,24,18,22,13,9,10,5,5,5,4,1,3,0,3,2,2,0
56118503,129,66,63,59,34,25,50,24,26,16,7,9,4,1,3,0,0,0
56118504,745,377,368,379,196,183,253,126,127,73,39,34,31,9,22,9,7,2
56118505,176,93,83,64,37,27,77,41,36,23,15,8,10,0,10,2,0,2
56119301,62,35,27,24,16,8,24,11,13,10,7,3,4,1,3,0,0,0
56119302,62,26,36,24,10,14,25,13,12,6,3,3,7,0,7,0,0,0
56119303,126,66,60,48,27,21,54,28,26,11,5,6,7,2,5,6,4,2
3361810,0,0,0,0,0,0,0,0,0,0,0,0,0,0,0,0,0,0
56120701,90,48,42,34,22,12,42,22,20,7,3,4,7,1,6,0,0,0
56120702,42,24,18,21,13,8,16,9,7,3,1,2,2,1,1,0,0,0
56120704,37,21,16,11,9,2,22,10,12,3,2,1,1,0,1,0,0,0
56120705,57,30,27,21,11,10,28,14,14,4,2,2,4,3,1,0,0,0
56120706,41,20,21,25,14,11,10,5,5,3,1,2,3,0,3,0,0,0
56120707,29,14,15,9,4,5,17,8,9,1,1,0,2,1,1,0,0,0
56120708,42,20,22,16,7,9,15,8,7,8,5,3,3,0,3,0,0,0
56120709,49,22,27,21,9,12,21,10,11,5,3,2,2,0,2,0,0,0
56120710,791,402,389,376,208,168,284,141,143,87,43,44,41,8,33,3,2,1
56120711,25,14,11,12,7,5,8,4,4,4,2,2,1,1,0,0,0,0
3024810,0,0,0,0,0,0,0,0,0,0,0,0,0,0,0,0,0,0
56121501,80,41,39,39,18,21,29,15,14,9,8,1,3,0,3,0,0,0
56121502,89,47,42,34,21,13,42,21,21,9,5,4,4,0,4,0,0,0
56121503,30,17,13,13,9,4,10,5,5,6,3,3,1,0,1,0,0,0
56121504,37,22,15,16,9,7,13,7,6,4,3,1,4,3,1,0,0,0
56121505,136,72,64,55,36,19,52,26,26,16,9,7,13,1,12,0,0,0
56121508,1331,612,719,553,295,258,440,221,219,197,74,123,132,19,113,9,3,6
56121510,735,368,367,300,168,132,278,137,141,108,50,58,44,9,35,3,2,1
56121511,1381,703,678,562,330,232,552,276,276,153,60,93,103,31,72,11,6,5
56121512,1120,593,527,533,302,231,359,188,171,138,73,65,65,17,48,25,13,12
56121514,641,324,317,274,151,123,272,135,137,63,32,31,30,5,25,2,1,1
56121515,1006,490,516,375,194,181,478,237,241,93,47,46,59,11,48,1,1,0
56121518,933,438,495,373,212,161,311,157,154,147,53,94,99,16,83,3,0,3
56122301,504,263,241,207,123,84,223,114,109,49,23,26,25,3,22,0,0,0
56123101,214,109,105,89,46,43,100,51,49,16,8,8,7,2,5,0,0,0
56125803,56,29,27,26,14,12,18,9,9,9,6,3,3,0,3,0,0,0
56125804,382,184,198,194,103,91,123,58,65,40,16,24,23,6,17,2,1,1
55708101,254,124,130,104,51,53,103,56,47,21,11,10,24,4,20,2,2,0
56071501,73,39,34,31,20,11,34,17,17,4,0,4,4,2,2,0,0,0
56071502,48,25,23,18,8,10,19,10,9,8,6,2,3,1,2,0,0,0
56071504,161,86,75,67,38,29,65,32,33,25,16,9,3,0,3,1,0,1
56071506,76,44,32,30,18,12,24,12,12,9,6,3,4,1,3,9,7,2
56071507,171,91,80,68,39,29,67,34,33,29,16,13,7,2,5,0,0,0
56071509,58,27,31,21,8,13,24,13,11,11,6,5,2,0,2,0,0,0
56071510,35,22,13,13,11,2,17,9,8,4,2,2,1,0,1,0,0,0
56071511,2789,1284,1505,1067,580,487,971,478,493,404,155,249,303,42,261,41,27,14
56071512,690,349,341,244,142,102,326,164,162,61,25,36,53,16,37,6,2,4
56071513,1136,564,572,427,236,191,475,238,237,131,73,58,93,12,81,10,5,5
56071514,996,559,437,440,276,164,276,144,132,178,111,67,78,16,62,24,12,12
56071517,1376,665,711,583,301,282,534,272,262,192,76,116,49,6,43,18,10,8
56071519,2664,1250,1414,1120,592,528,964,477,487,338,119,219,203,38,165,37,22,15
56071520,882,450,432,388,222,166,380,193,187,67,25,42,41,7,34,6,3,3
56071521,264,122,142,128,67,61,66,32,34,59,19,40,7,1,6,4,3,1
56071522,449,222,227,158,89,69,216,106,110,46,20,26,28,6,22,1,1,0
56071523,380,200,180,182,102,80,144,74,70,36,19,17,11,2,9,7,3,4
56071524,262,123,139,154,73,81,78,36,42,26,12,14,3,2,1,1,0,1
54162101,44,22,22,18,11,7,13,6,7,8,4,4,5,1,4,0,0,0
54162102,62,32,30,33,19,14,19,10,9,6,1,5,3,1,2,1,1,0
54162103,242,125,117,102,59,43,83,40,43,41,22,19,15,3,12,1,1,0
54162104,71,36,35,26,16,10,31,15,16,7,4,3,7,1,6,0,0,0
54162105,22,13,9,7,6,1,13,7,6,1,0,1,1,0,1,0,0,0
56129101,38,17,21,19,9,10,12,6,6,1,1,0,6,1,5,0,0,0
56129102,194,102,92,86,49,37,80,41,39,19,11,8,9,1,8,0,0,0
56130401,42,27,15,16,15,1,17,9,8,7,3,4,2,0,2,0,0,0
56130402,80,46,34,33,22,11,34,18,16,6,4,2,7,2,5,0,0,0
56130403,28,13,15,6,3,3,14,7,7,3,2,1,5,1,4,0,0,0
56130404,38,20,18,15,8,7,16,8,8,4,3,1,3,1,2,0,0,0
56130405,167,85,82,60,35,25,68,34,34,24,11,13,15,5,10,0,0,0
54143501,138,70,68,71,41,30,52,26,26,5,2,3,8,0,8,2,1,1
57949101,69,36,33,36,21,15,16,8,8,10,5,5,6,1,5,1,1,0
57949102,122,62,60,46,24,22,48,24,24,22,11,11,6,3,3,0,0,0
54136201,48,28,20,20,15,5,24,12,12,1,1,0,3,0,3,0,0,0
54136202,173,86,87,67,37,30,65,32,33,27,15,12,14,2,12,0,0,0
54166401,398,198,200,188,96,92,145,74,71,40,21,19,22,6,16,3,1,2
54146001,141,70,71,76,39,37,39,20,19,20,9,11,4,1,3,2,1,1
0004850,0,0,0,0,0,0,0,0,0,0,0,0,0,0,0,0,0,0
55449901,83,43,40,43,23,20,23,12,11,7,6,1,9,1,8,1,1,0
55449902,123,64,59,59,32,27,34,17,17,25,15,10,5,0,5,0,0,0
55449903,527,284,243,225,140,85,193,96,97,67,40,27,40,8,32,2,0,2
55449904,27,16,11,9,8,1,10,5,5,5,3,2,3,0,3,0,0,0
55449905,32,14,18,12,6,6,12,6,6,7,2,5,1,0,1,0,0,0
55449906,58,27,31,16,6,10,23,12,11,15,8,7,4,1,3,0,0,0
55449907,71,35,36,31,15,16,24,12,12,12,7,5,4,1,3,0,0,0
55449908,155,83,72,55,34,21,72,36,36,18,10,8,10,3,7,0,0,0
55449909,2766,1371,1395,1171,654,517,1049,521,528,353,153,200,183,38,145,7,3,4
55449911,4298,2066,2232,1908,1028,880,1307,652,655,714,308,406,343,68,275,25,10,15
55449912,599,292,307,318,168,150,173,88,85,71,29,42,34,5,29,3,2,1
55449913,261,127,134,141,77,64,72,33,39,37,14,23,10,2,8,1,1,0
55449914,1106,548,558,532,279,253,346,175,171,169,82,87,57,12,45,2,0,2
55449915,1121,560,561,574,317,257,307,157,150,161,72,89,75,11,64,4,3,1
55449916,637,320,317,300,162,138,224,112,112,71,36,35,38,8,30,4,2,2
55449917,36,18,18,15,10,5,16,8,8,1,0,1,4,0,4,0,0,0
55449918,357,181,176,186,106,80,104,50,54,50,24,26,15,1,14,2,0,2
0304222,0,0,0,0,0,0,0,0,0,0,0,0,0,0,0,0,0,0
55450201,802,410,392,367,219,148,288,142,146,89,41,48,56,8,48,2,0,2
55450203,87,42,45,36,18,18,33,17,16,12,7,5,6,0,6,0,0,0
55450204,61,33,28,23,14,9,29,15,14,8,4,4,1,0,1,0,0,0
55450205,40,22,18,15,9,6,17,8,9,6,4,2,2,1,1,0,0,0
55450206,76,37,39,30,15,15,28,15,13,15,6,9,3,1,2,0,0,0
55450207,66,28,38,28,12,16,21,10,11,13,5,8,4,1,3,0,0,0
55451101,987,496,491,400,224,176,425,208,217,89,46,43,69,14,55,4,4,0
0346494,0,0,0,0,0,0,0,0,0,0,0,0,0,0,0,0,0,0
0346495,0,0,0,0,0,0,0,0,0,0,0,0,0,0,0,0,0,0
0346812,0,0,0,0,0,0,0,0,0,0,0,0,0,0,0,0,0,0
55452901,2986,1413,1573,1252,682,570,964,480,484,526,197,329,226,44,182,17,9,8
55452902,890,431,459,367,193,174,374,184,190,88,47,41,57,6,51,4,1,3
55452904,47,20,27,14,4,10,22,10,12,10,6,4,1,0,1,0,0,0
55452905,416,211,205,181,105,76,161,79,82,54,26,28,20,1,19,0,0,0
55452906,47,21,26,25,10,15,13,6,7,7,5,2,2,0,2,0,0,0
55452907,308,154,154,119,62,57,149,73,76,25,16,9,15,3,12,0,0,0
55452908,44,20,24,21,8,13,4,2,2,16,8,8,3,2,1,0,0,0
55452910,59,25,34,19,10,9,26,13,13,4,0,4,10,2,8,0,0,0
55452911,235,116,119,94,56,38,87,44,43,34,14,20,20,2,18,0,0,0
55454501,155,80,75,62,36,26,75,37,38,10,3,7,7,3,4,1,1,0
55454502,1118,576,542,512,298,214,389,189,200,143,73,70,71,14,57,2,1,1
55454504,24,12,12,10,5,5,8,5,3,3,2,1,3,0,3,0,0,0
55454505,34,16,18,15,7,8,11,6,5,5,3,2,3,0,3,0,0,0
55454506,24,14,10,5,5,0,14,8,6,3,1,2,2,0,2,0,0,0
55454507,25,11,14,7,3,4,9,4,5,2,2,0,6,1,5,1,1,0
55454508,34,19,15,14,7,7,17,9,8,3,3,0,0,0,0,0,0,0
55454509,78,35,43,27,11,16,32,17,15,12,7,5,7,0,7,0,0,0
55455301,73,39,34,41,22,19,18,9,9,11,7,4,3,1,2,0,0,0
55455302,97,42,55,33,20,13,29,14,15,8,4,4,27,4,23,0,0,0
55455303,1473,726,747,669,353,316,511,259,252,186,89,97,98,20,78,9,5,4
55455305,24,14,10,7,5,2,15,8,7,1,0,1,1,1,0,0,0,0
55455307,73,40,33,35,21,14,26,13,13,6,3,3,6,3,3,0,0,0
55455308,201,101,100,94,52,42,69,35,34,24,8,16,14,6,8,0,0,0
55455309,57,31,26,19,11,8,28,13,15,9,6,3,1,1,0,0,0,0
0510802,0,0,0,0,0,0,0,0,0,0,0,0,0,0,0,0,0,0
0510980,0,0,0,0,0,0,0,0,0,0,0,0,0,0,0,0,0,0
3018680,0,0,0,0,0,0,0,0,0,0,0,0,0,0,0,0,0,0
3018840,0,0,0,0,0,0,0,0,0,0,0,0,0,0,0,0,0,0
3364410,0,0,0,0,0,0,0,0,0,0,0,0,0,0,0,0,0,0
55448101,25,13,12,10,5,5,14,7,7,1,1,0,0,0,0,0,0,0
55448102,70,37,33,28,14,14,29,15,14,10,6,4,3,2,1,0,0,0
55448103,52,31,21,29,18,11,16,7,9,5,4,1,2,2,0,0,0,0
55448104,111,57,54,61,31,30,36,20,16,12,5,7,1,0,1,1,1,0
55448105,919,457,462,356,186,170,450,226,224,68,35,33,44,9,35,1,1,0
55448106,47,23,24,18,9,9,22,11,11,5,2,3,2,1,1,0,0,0
55448107,104,53,51,30,16,14,47,24,23,20,12,8,7,1,6,0,0,0
55448108,142,75,67,50,29,21,59,28,31,25,16,9,8,2,6,0,0,0
55448109,41,26,15,16,13,3,18,9,9,3,3,0,3,0,3,1,1,0
55448110,144,73,71,59,31,28,61,31,30,16,6,10,8,5,3,0,0,0
55448111,84,43,41,27,16,11,39,19,20,15,8,7,3,0,3,0,0,0
55448112,172,78,94,72,35,37,67,33,34,25,9,16,6,0,6,2,1,1
55448113,49,28,21,19,13,6,22,12,10,6,3,3,2,0,2,0,0,0
55448114,57,26,31,24,13,11,25,11,14,5,1,4,3,1,2,0,0,0
55448115,24,15,9,5,3,2,14,8,6,4,3,1,1,1,0,0,0,0
55448116,26,16,10,10,7,3,14,7,7,2,2,0,0,0,0,0,0,0
55448117,553,287,266,190,110,80,257,131,126,66,38,28,39,7,32,1,1,0
55448118,112,64,48,49,31,18,53,27,26,7,5,2,3,1,2,0,0,0
55448119,28,12,16,15,4,11,10,6,4,1,1,0,2,1,1,0,0,0
55448120,23,11,12,7,4,3,10,5,5,2,1,1,4,1,3,0,0,0
55448121,209,110,99,83,50,33,81,41,40,29,16,13,16,3,13,0,0,0
55448123,86,44,42,39,20,19,32,17,15,10,5,5,5,2,3,0,0,0
55448124,109,58,51,52,31,21,39,22,17,13,5,8,4,0,4,1,0,1
55448125,206,102,104,80,37,43,78,44,34,30,16,14,15,2,13,3,3,0
55448126,366,206,160,189,103,86,102,63,39,56,31,25,14,5,9,5,4,1
55448127,72,39,33,27,20,7,31,15,16,9,3,6,5,1,4,0,0,0
55448128,114,58,56,58,34,24,35,18,17,15,5,10,5,0,5,1,1,0
55448129,2186,1013,1173,928,496,432,717,354,363,326,125,201,209,37,172,5,1,4
55448130,1906,897,1009,1034,531,503,489,246,243,259,101,158,116,17,99,6,1,5
55448131,1824,896,928,932,506,426,556,276,280,247,100,147,84,11,73,5,3,2
55448132,2476,1183,1293,1121,600,521,775,385,390,392,155,237,180,38,142,6,3,3
55448133,2310,1248,1062,1159,702,457,623,313,310,396,202,194,118,21,97,14,10,4
55448134,1866,913,953,937,517,420,503,241,262,302,126,176,113,21,92,7,4,3
55448136,3843,1784,2059,1538,820,718,1338,664,674,611,219,392,339,77,262,13,0,13
55448138,29,14,15,9,3,6,12,6,6,7,4,3,1,1,0,0,0,0
55448139,802,399,403,278,157,121,306,157,149,122,64,58,87,19,68,9,2,7
55448140,565,286,279,254,149,105,191,95,96,69,30,39,50,11,39,1,1,0
55448141,681,350,331,305,163,142,247,135,112,106,43,63,22,8,14,1,1,0
55448142,2601,1250,1351,1208,660,548,842,416,426,396,148,248,148,23,125,7,3,4
55448143,4062,1929,2133,1718,928,790,1344,671,673,659,275,384,332,50,282,7,4,3
55448144,840,418,422,356,186,170,379,192,187,75,35,40,30,5,25,0,0,0
55448145,225,118,107,92,52,40,103,51,52,18,9,9,12,6,6,0,0,0
0733770,0,0,0,0,0,0,0,0,0,0,0,0,0,0,0,0,0,0
53879501,48,24,24,22,11,11,20,10,10,3,2,1,2,1,1,1,0,1
53879502,518,264,254,234,132,102,206,102,104,55,25,30,21,4,17,1,1,0
0766600,0,0,0,0,0,0,0,0,0,0,0,0,0,0,0,0,0,0
55459601,224,111,113,98,53,45,95,46,49,14,9,5,16,2,14,1,1,0
55459602,38,19,19,15,9,6,18,9,9,3,1,2,2,0,2,0,0,0
55460002,47,20,27,29,11,18,14,7,7,1,1,0,3,1,2,0,0,0
55460003,1346,648,698,520,302,218,496,247,249,189,78,111,134,18,116,7,3,4
0815910,0,0,0,0,0,0,0,0,0,0,0,0,0,0,0,0,0,0
0816210,0,0,0,0,0,0,0,0,0,0,0,0,0,0,0,0,0,0
0816470,0,0,0,0,0,0,0,0,0,0,0,0,0,0,0,0,0,0
0816550,0,0,0,0,0,0,0,0,0,0,0,0,0,0,0,0,0,0
55461801,43,24,19,15,11,4,22,11,11,6,2,4,0,0,0,0,0,0
55461802,60,35,25,18,13,5,31,16,15,6,3,3,4,2,2,1,1,0
55461803,676,340,336,273,153,120,267,133,134,97,44,53,37,9,28,1,0,1
0844680,0,0,0,0,0,0,0,0,0,0,0,0,0,0,0,0,0,0
0845060,0,0,0,0,0,0,0,0,0,0,0,0,0,0,0,0,0,0
55462601,28,13,15,14,8,6,10,4,6,2,1,1,2,0,2,0,0,0
55462602,33,17,16,7,4,3,20,10,10,5,3,2,1,0,1,0,0,0
55462604,44,27,17,17,10,7,18,10,8,8,7,1,1,0,1,0,0,0
55462605,35,20,15,14,10,4,19,9,10,2,1,1,0,0,0,0,0,0
55462606,321,163,158,134,74,60,121,63,58,46,20,26,18,4,14,2,2,0
55462607,46,24,22,12,7,5,21,11,10,9,5,4,4,1,3,0,0,0
55462608,28,17,11,7,6,1,14,7,7,5,3,2,2,1,1,0,0,0
55462610,92,51,41,40,24,16,44,22,22,5,5,0,3,0,3,0,0,0
55462612,57,26,31,17,9,8,28,14,14,6,3,3,6,0,6,0,0,0
0881700,0,0,0,0,0,0,0,0,0,0,0,0,0,0,0,0,0,0
55463401,21,9,12,12,4,8,4,2,2,2,2,0,3,1,2,0,0,0
55463402,50,22,28,15,9,6,22,10,12,2,1,1,2,0,2,9,2,7
55463403,1884,943,941,806,445,361,695,353,342,251,116,135,127,27,100,5,2,3
55463407,57,30,27,29,15,14,12,6,6,11,7,4,5,2,3,0,0,0
0916340,0,0,0,0,0,0,0,0,0,0,0,0,0,0,0,0,0,0
0916690,0,0,0,0,0,0,0,0,0,0,0,0,0,0,0,0,0,0
55464201,32,19,13,9,7,2,12,6,6,9,6,3,2,0,2,0,0,0
55464202,109,61,48,44,29,15,45,25,20,11,5,6,8,1,7,0,0,0
55464204,888,416,472,306,164,142,371,183,188,127,51,76,77,15,62,7,3,4
55464205,672,310,362,246,137,109,230,114,116,118,42,76,76,16,60,2,1,1
55464206,132,65,67,55,28,27,53,28,25,18,8,10,4,0,4,2,1,1
55464207,2549,1072,1477,953,488,465,771,385,386,478,155,323,337,40,297,9,4,5
55464208,1720,813,907,666,354,312,705,343,362,229,97,132,117,17,100,3,2,1
55464211,660,303,357,208,112,96,307,148,159,78,33,45,66,9,57,1,1,0
55464212,71,37,34,31,16,15,29,16,13,7,4,3,4,1,3,0,0,0
55464213,80,38,42,42,20,22,29,14,15,5,3,2,4,1,3,0,0,0
55464214,29,19,10,12,10,2,8,4,4,5,4,1,4,1,3,0,0,0
55464215,1308,649,659,576,332,244,405,197,208,219,96,123,102,20,82,5,4,1
55464216,577,275,302,246,131,115,196,98,98,103,39,64,28,5,23,4,2,2
55464217,2059,974,1085,866,471,395,691,346,345,348,131,217,145,22,123,9,4,5
55464218,1093,575,518,559,323,236,299,146,153,178,94,84,45,6,39,10,6,4
0948380,0,0,0,0,0,0,0,0,0,0,0,0,0,0,0,0,0,0
55465101,38,16,22,11,5,6,21,11,10,1,0,1,5,0,5,0,0,0
55465104,260,132,128,156,89,67,66,32,34,22,8,14,16,3,13,0,0,0
55465105,21,13,8,14,9,5,4,2,2,2,2,0,1,0,1,0,0,0
53890601,74,41,33,40,22,18,25,13,12,7,4,3,2,2,0,0,0,0
53890602,155,79,76,76,41,35,50,26,24,17,8,9,12,4,8,0,0,0
53890603,42,21,21,17,9,8,17,9,8,6,3,3,2,0,2,0,0,0
53890606,27,11,16,9,2,7,10,5,5,5,3,2,3,1,2,0,0,0
55467701,195,76,119,116,38,78,55,30,25,11,5,6,11,2,9,2,1,1
55467702,66,35,31,23,14,9,33,17,16,6,2,4,4,2,2,0,0,0
55467703,98,47,51,37,19,18,43,20,23,10,7,3,8,1,7,0,0,0
55469301,23,12,11,12,8,4,6,3,3,3,1,2,2,0,2,0,0,0
55469304,320,158,162,133,76,57,133,65,68,32,14,18,20,1,19,1,1,0
0692050,0,0,0,0,0,0,0,0,0,0,0,0,0,0,0,0,0,0
1077270,0,0,0,0,0,0,0,0,0,0,0,0,0,0,0,0,0,0
55470701,65,38,27,29,21,8,24,11,13,11,6,5,1,0,1,0,0,0
55470704,32,15,17,12,5,7,10,5,5,6,3,3,4,2,2,0,0,0
55470706,33,15,18,16,7,9,14,7,7,0,0,0,3,1,2,0,0,0
55470708,57,30,27,33,17,16,12,6,6,7,7,0,5,0,5,0,0,0
55470710,271,133,138,130,66,64,92,46,46,30,14,16,18,7,11,1,0,1
55470712,28,18,10,9,6,3,5,3,2,8,7,1,6,2,4,0,0,0
53955401,22,14,8,8,6,2,9,5,4,4,3,1,1,0,1,0,0,0
53955403,41,18,23,15,5,10,17,8,9,5,5,0,4,0,4,0,0,0
53955404,38,21,17,15,9,6,16,8,8,4,3,1,3,1,2,0,0,0
53955405,73,35,38,24,10,14,32,16,16,12,6,6,5,3,2,0,0,0
53955406,49,25,24,20,12,8,22,11,11,4,1,3,2,1,1,1,0,1
53892201,62,33,29,22,15,7,29,15,14,8,1,7,2,1,1,1,1,0
53892202,189,94,95,88,47,41,63,30,33,28,15,13,10,2,8,0,0,0
1171450,0,0,0,0,0,0,0,0,0,0,0,0,0,0,0,0,0,0
53947301,128,69,59,58,35,23,43,22,21,21,11,10,6,1,5,0,0,0
55474001,103,51,52,40,21,19,40,21,19,13,7,6,10,2,8,0,0,0
55474002,1423,712,711,673,374,299,498,249,249,163,73,90,85,14,71,2,0,2
55474003,332,163,169,119,67,52,158,78,80,26,12,14,25,3,22,4,3,1
53881701,195,100,95,73,41,32,79,39,40,34,20,14,9,0,9,0,0,0
53886801,119,63,56,62,33,29,41,21,20,12,7,5,4,2,2,0,0,0
53886803,86,44,42,40,23,17,35,17,18,5,2,3,5,2,3,1,0,1
53886804,100,56,44,47,27,20,40,20,20,11,8,3,2,1,1,0,0,0
57797901,80,41,39,31,17,14,37,17,20,10,6,4,2,1,1,0,0,0
57797902,79,42,37,39,20,19,22,11,11,14,10,4,3,1,2,1,0,1
53953801,92,51,41,38,25,13,34,18,16,14,8,6,6,0,6,0,0,0
1481300,0,0,0,0,0,0,0,0,0,0,0,0,0,0,0,0,0,0
1481480,0,0,0,0,0,0,0,0,0,0,0,0,0,0,0,0,0,0
55481201,41,21,20,18,11,7,14,7,7,4,3,1,4,0,4,1,0,1
55481203,1610,792,818,666,374,292,638,320,318,173,80,93,119,13,106,14,5,9
55481204,160,85,75,63,33,30,66,37,29,24,13,11,5,2,3,2,0,2
55481206,111,40,71,13,6,7,25,10,15,12,7,5,31,6,25,30,11,19
1540320,0,0,0,0,0,0,0,0,0,0,0,0,0,0,0,0,0,0
1540410,0,0,0,0,0,0,0,0,0,0,0,0,0,0,0,0,0,0
53911201,115,58,57,44,25,19,46,23,23,15,7,8,10,3,7,0,0,0
53911202,77,39,38,35,18,17,31,16,15,6,4,2,5,1,4,0,0,0
53911203,20,10,10,11,5,6,7,4,3,2,1,1,0,0,0,0,0,0
53911204,226,118,108,102,59,43,85,42,43,24,12,12,15,5,10,0,0,0
53911206,25,12,13,13,5,8,8,4,4,4,3,1,0,0,0,0,0,0
55563101,37,19,18,21,11,10,10,5,5,3,2,1,3,1,2,0,0,0
55563102,31,19,12,8,6,2,17,9,8,3,2,1,3,2,1,0,0,0
55563104,32,17,15,13,5,8,11,6,5,6,4,2,2,2,0,0,0,0
55563106,43,25,18,25,15,10,16,9,7,1,0,1,1,1,0,0,0,0
55563107,42,24,18,14,12,2,18,9,9,8,3,5,2,0,2,0,0,0
55563111,40,21,19,15,8,7,20,10,10,4,3,1,1,0,1,0,0,0
55563113,43,20,23,15,7,8,16,8,8,6,4,2,6,1,5,0,0,0
55563114,20,10,10,11,6,5,7,3,4,2,1,1,0,0,0,0,0,0
55563116,65,38,27,30,21,9,25,13,12,6,4,2,3,0,3,1,0,1
55563117,59,30,29,39,19,20,14,7,7,4,4,0,2,0,2,0,0,0
55563118,34,15,19,15,9,6,14,6,8,3,0,3,2,0,2,0,0,0
55563119,41,19,22,15,6,9,16,8,8,5,2,3,5,3,2,0,0,0
55563120,26,18,8,9,8,1,7,3,4,5,4,1,4,2,2,1,1,0
55563123,103,54,49,47,26,21,29,13,16,16,9,7,10,5,5,1,1,0
55563125,30,18,12,6,5,1,17,9,8,7,4,3,0,0,0,0,0,0
55563126,112,58,54,73,38,35,25,13,12,11,7,4,3,0,3,0,0,0
55563127,2047,1013,1034,963,534,429,656,327,329,261,127,134,161,23,138,6,2,4
55563128,54,30,24,23,15,8,18,9,9,10,6,4,3,0,3,0,0,0
1688400,0,0,0,0,0,0,0,0,0,0,0,0,0,0,0,0,0,0
55485501,73,39,34,26,16,10,37,18,19,7,3,4,3,2,1,0,0,0
55485502,295,155,140,118,66,52,128,66,62,22,14,8,22,6,16,4,2,2
53902301,33,18,15,15,10,5,13,7,6,2,1,1,3,0,3,0,0,0
53902302,28,12,16,10,4,6,12,6,6,4,2,2,2,0,2,0,0,0
53902303,63,30,33,36,15,21,20,10,10,3,3,0,4,2,2,0,0,0
53902305,37,21,16,19,12,7,12,6,6,5,3,2,1,0,1,0,0,0
53902306,45,27,18,15,11,4,20,10,10,7,5,2,3,1,2,0,0,0
53902308,203,96,107,88,46,42,85,41,44,22,9,13,8,0,8,0,0,0
53902310,40,21,19,13,7,6,18,10,8,8,4,4,1,0,1,0,0,0
55488001,21,9,12,6,2,4,7,4,3,7,3,4,1,0,1,0,0,0
55488002,114,58,56,41,23,18,53,26,27,14,9,5,6,0,6,0,0,0
55488003,301,141,160,116,55,61,138,71,67,31,13,18,16,2,14,0,0,0
55488004,51,25,26,22,12,10,21,10,11,5,1,4,3,2,1,0,0,0
55488005,179,95,84,83,50,33,61,31,30,22,10,12,13,4,9,0,0,0
55488006,245,122,123,122,64,58,78,40,38,30,16,14,12,2,10,0,0,0
1718082,0,0,0,0,0,0,0,0,0,0,0,0,0,0,0,0,0,0
53961901,35,18,17,14,6,8,14,7,7,4,3,1,3,2,1,0,0,0
53961902,44,24,20,11,6,5,22,11,11,11,7,4,0,0,0,0,0,0
53961903,50,25,25,22,12,10,21,11,10,5,2,3,2,0,2,0,0,0
53948101,468,234,234,174,102,72,214,111,103,46,16,30,33,4,29,1,1,0
53927901,601,299,302,240,128,112,228,118,110,82,39,43,51,14,37,0,0,0
53927903,20,11,9,6,5,1,8,4,4,3,2,1,3,0,3,0,0,0
53927904,1632,815,817,646,366,280,663,335,328,198,86,112,117,24,93,8,4,4
57800201,162,89,73,67,39,28,67,34,33,23,14,9,4,1,3,0,0,0
53937601,21,12,9,8,5,3,6,3,3,7,4,3,0,0,0,0,0,0
53937602,104,51,53,41,24,17,28,15,13,22,9,13,13,3,10,0,0,0
53907401,29,13,16,10,4,6,16,8,8,2,1,1,1,0,1,0,0,0
53907402,50,20,30,22,7,15,22,11,11,4,2,2,2,0,2,0,0,0
53907403,70,42,28,34,20,14,20,10,10,14,12,2,2,0,2,0,0,0
53907404,72,42,30,29,20,9,24,12,12,12,7,5,7,3,4,0,0,0
53943101,46,23,23,16,7,9,23,12,11,6,4,2,1,0,1,0,0,0
53943102,196,105,91,87,47,40,85,43,42,12,9,3,10,4,6,2,2,0
53943103,89,46,43,33,20,13,35,17,18,16,8,8,5,1,4,0,0,0
55497901,759,400,359,364,213,151,221,114,107,113,60,53,59,11,48,2,2,0
55497902,54,26,28,19,9,10,23,12,11,9,4,5,3,1,2,0,0,0
53800101,390,190,200,152,75,77,169,84,85,51,29,22,18,2,16,0,0,0
55499501,754,399,355,293,188,105,310,153,157,107,53,54,42,4,38,2,1,1
55499502,84,35,49,36,13,23,34,17,17,12,5,7,1,0,1,1,0,1
55499503,71,32,39,31,13,18,33,15,18,5,3,2,2,1,1,0,0,0
0716410,0,0,0,0,0,0,0,0,0,0,0,0,0,0,0,0,0,0
0716500,0,0,0,0,0,0,0,0,0,0,0,0,0,0,0,0,0,0
1987220,0,0,0,0,0,0,0,0,0,0,0,0,0,0,0,0,0,0
55502901,1177,591,586,532,289,243,397,200,197,161,82,79,83,18,65,3,2,1
55502903,28,12,16,8,5,3,14,7,7,2,0,2,4,0,4,0,0,0
55502904,38,20,18,14,8,6,17,8,9,5,4,1,2,0,2,0,0,0
55502905,46,24,22,20,12,8,14,7,7,7,4,3,5,1,4,0,0,0
55502907,92,47,45,37,19,18,35,18,17,15,8,7,5,2,3,0,0,0
55502909,71,40,31,34,22,12,24,12,12,7,4,3,5,1,4,1,1,0
55502910,22,9,13,10,4,6,10,5,5,0,0,0,2,0,2,0,0,0
55502911,28,12,16,6,2,4,16,8,8,4,2,2,2,0,2,0,0,0
55502912,79,40,39,25,13,12,36,18,18,7,4,3,9,3,6,0,0,0
55502913,84,38,46,48,20,28,21,10,11,8,6,2,7,2,5,0,0,0
55502914,28,15,13,14,9,5,7,3,4,4,3,1,3,0,3,0,0,0
55502915,26,14,12,5,3,2,18,9,9,3,2,1,0,0,0,0,0,0
55502917,99,53,46,42,26,16,30,15,15,17,9,8,10,3,7,0,0,0
50648601,201,102,99,93,50,43,77,38,39,23,12,11,7,2,5,1,0,1
55504501,604,311,293,292,162,130,206,106,100,76,41,35,30,2,28,0,0,0
3300430,0,0,0,0,0,0,0,0,0,0,0,0,0,0,0,0,0,0
3909250,0,0,0,0,0,0,0,0,0,0,0,0,0,0,0,0,0,0
50010101,212,115,97,109,62,47,70,35,35,24,14,10,9,4,5,0,0,0
53787001,532,261,271,211,109,102,211,105,106,75,34,41,35,13,22,0,0,0
53801901,112,67,45,46,31,15,35,18,17,17,10,7,12,6,6,2,2,0
53801902,185,100,85,71,39,32,79,41,38,23,17,6,11,2,9,1,1,0
50662101,117,58,59,68,36,32,32,17,15,7,3,4,9,1,8,1,1,0
50662104,47,25,22,20,12,8,21,11,10,4,1,3,2,1,1,0,0,0
53791801,41,23,18,19,12,7,12,6,6,4,2,2,4,1,3,0,0,0
53791802,1142,580,562,482,263,219,401,201,200,193,96,97,60,15,45,2,1,1
53791803,189,99,90,81,46,35,80,40,40,20,11,9,8,2,6,0,0,0
53791804,132,60,72,48,20,28,67,33,34,14,6,8,3,1,2,0,0,0
53791805,92,42,50,42,19,23,32,16,16,13,6,7,5,1,4,0,0,0
53791806,292,154,138,114,68,46,118,60,58,38,23,15,22,3,19,0,0,0
53811601,309,170,139,141,84,57,113,58,55,37,24,13,18,4,14,0,0,0
53811602,103,56,47,34,18,16,56,28,28,8,6,2,5,4,1,0,0,0
3907980,0,0,0,0,0,0,0,0,0,0,0,0,0,0,0,0,0,0
50012701,60,34,26,31,19,12,12,6,6,10,6,4,7,3,4,0,0,0
50012702,67,40,27,34,25,9,18,9,9,10,5,5,5,1,4,0,0,0
50012703,20,12,8,12,8,4,6,3,3,0,0,0,2,1,1,0,0,0
53815901,572,292,280,254,141,113,234,115,119,60,31,29,23,4,19,1,1,0
53815902,56,29,27,18,8,10,28,15,13,5,3,2,4,2,2,0,0,0
53815903,23,14,9,8,6,2,11,6,5,3,2,1,1,0,1,0,0,0
55516901,349,184,165,163,91,72,105,56,49,54,30,24,24,5,19,1,0,1
55165101,364,181,183,152,78,74,156,77,79,44,24,20,12,2,10,0,0,0
3300860,0,0,0,0,0,0,0,0,0,0,0,0,0,0,0,0,0,0
3903210,0,0,0,0,0,0,0,0,0,0,0,0,0,0,0,0,0,0
3903810,0,0,0,0,0,0,0,0,0,0,0,0,0,0,0,0,0,0
3908360,0,0,0,0,0,0,0,0,0,0,0,0,0,0,0,0,0,0
3911070,0,0,0,0,0,0,0,0,0,0,0,0,0,0,0,0,0,0
3912470,0,0,0,0,0,0,0,0,0,0,0,0,0,0,0,0,0,0
3923160,0,0,0,0,0,0,0,0,0,0,0,0,0,0,0,0,0,0
55518501,87,42,45,34,18,16,36,18,18,9,6,3,8,0,8,0,0,0
55518502,95,50,45,42,24,18,39,20,19,9,4,5,4,2,2,1,0,1
55518503,1439,728,711,642,373,269,499,246,253,202,87,115,94,21,73,2,1,1
55518504,43,22,21,18,9,9,17,8,9,8,5,3,0,0,0,0,0,0
55518505,351,171,180,112,50,62,170,86,84,53,32,21,15,2,13,1,1,0
57801101,104,61,43,51,32,19,35,19,16,11,7,4,7,3,4,0,0,0
0555141,0,0,0,0,0,0,0,0,0,0,0,0,0,0,0,0,0,0
0555220,0,0,0,0,0,0,0,0,0,0,0,0,0,0,0,0,0,0
55520702,461,244,217,204,124,80,179,91,88,45,21,24,31,7,24,2,1,1
55520705,31,17,14,9,5,4,18,9,9,4,3,1,0,0,0,0,0,0
55520707,40,23,17,16,11,5,12,7,5,10,5,5,2,0,2,0,0,0
55520708,20,10,10,9,4,5,6,3,3,4,3,1,1,0,1,0,0,0
0564720,0,0,0,0,0,0,0,0,0,0,0,0,0,0,0,0,0,0
55521501,230,65,165,151,36,115,31,15,16,23,10,13,23,4,19,2,0,2
55521502,55,29,26,17,10,7,23,12,11,7,5,2,7,2,5,1,0,1
55521503,69,35,34,31,15,16,32,17,15,5,3,2,1,0,1,0,0,0
55521505,128,56,72,41,19,22,53,28,25,23,8,15,11,1,10,0,0,0
55521506,536,268,268,228,120,108,197,99,98,82,44,38,29,5,24,0,0,0
55521508,523,252,271,225,122,103,189,93,96,78,34,44,31,3,28,0,0,0
55521510,666,340,326,281,173,108,209,105,104,112,52,60,59,8,51,4,2,2
53792601,758,373,385,316,165,151,326,159,167,82,42,40,33,7,26,1,0,1
53792603,313,141,172,147,64,83,128,60,68,28,13,15,7,2,5,2,2,0
0636060,0,0,0,0,0,0,0,0,0,0,0,0,0,0,0,0,0,0
0636650,0,0,0,0,0,0,0,0,0,0,0,0,0,0,0,0,0,0
0636730,0,0,0,0,0,0,0,0,0,0,0,0,0,0,0,0,0,0
3196010,0,0,0,0,0,0,0,0,0,0,0,0,0,0,0,0,0,0
55496102,2065,982,1083,801,424,377,812,399,413,291,120,171,148,31,117,11,8,3
55496103,80,41,39,25,10,15,41,22,19,10,9,1,4,0,4,0,0,0
55496104,951,456,495,397,204,193,377,191,186,106,48,58,68,11,57,3,2,1
55496105,33,25,8,17,12,5,4,2,2,10,9,1,2,2,0,0,0,0
55496107,46,19,27,19,7,12,20,10,10,4,1,3,3,1,2,0,0,0
55496108,1805,885,920,768,418,350,615,311,304,286,126,160,130,27,103,5,2,3
55496109,1863,831,1032,668,351,317,642,320,322,353,128,225,195,32,163,3,0,3
55496110,542,252,290,202,105,97,217,109,108,74,30,44,47,6,41,2,2,0
55496111,3621,1682,1939,1365,737,628,1349,667,682,629,224,405,268,48,220,8,5,3
55496112,3178,1509,1669,1439,761,678,997,500,497,521,205,316,208,35,173,12,7,5
55496113,1339,662,677,489,284,205,525,266,259,206,97,109,111,12,99,6,1,5
55496114,656,347,309,297,172,125,205,114,91,118,54,64,31,4,27,2,2,0
55496115,322,144,178,111,62,49,118,57,61,56,23,33,37,2,35,0,0,0
55496116,375,185,190,144,81,63,167,82,85,36,19,17,27,3,24,1,0,1
55496118,110,58,52,43,26,17,42,21,21,17,9,8,7,1,6,1,1,0
55496119,570,284,286,259,142,117,201,99,102,72,36,36,37,6,31,1,1,0
55496120,325,169,156,141,89,52,126,64,62,40,14,26,17,2,15,1,0,1
55496121,185,91,94,70,37,33,81,41,40,16,10,6,18,3,15,0,0,0
55496122,629,311,318,258,141,117,231,117,114,104,42,62,34,10,24,1,0,1
55496123,1174,595,579,526,288,238,423,210,213,162,83,79,61,13,48,1,0,1
55496124,292,140,152,137,78,59,58,31,27,45,16,29,51,14,37,1,1,0
55496125,1369,605,764,568,285,283,428,213,215,266,98,168,102,9,93,5,0,5
55496126,4150,1846,2304,1594,810,784,1519,750,769,632,220,412,393,58,335,11,7,4
55496127,304,147,157,118,61,57,126,62,64,42,20,22,18,4,14,0,0,0
55496129,835,387,448,365,186,179,255,127,128,162,64,98,49,8,41,3,2,1
55496131,1685,764,921,612,323,289,613,308,305,273,109,164,183,22,161,4,2,2
55496132,3072,1419,1653,1195,675,520,950,462,488,588,222,366,322,51,271,13,7,6
55496133,47,23,24,16,8,8,20,12,8,7,3,4,4,0,4,0,0,0
55496134,1164,538,626,533,275,258,350,173,177,218,73,145,59,13,46,4,4,0
55496135,432,228,204,181,104,77,153,80,73,66,33,33,25,7,18,7,4,3
55496137,177,86,91,71,38,33,71,36,35,23,12,11,11,0,11,1,0,1
55496138,1388,681,707,620,322,298,465,237,228,246,115,131,47,4,43,9,2,7
55496139,2619,1147,1472,1140,574,566,802,387,415,401,133,268,264,48,216,11,4,7
55496140,22,14,8,17,11,6,5,3,2,0,0,0,0,0,0,0,0,0
55496141,447,211,236,155,90,65,193,94,99,66,23,43,32,4,28,1,0,1
55496142,2416,1378,1038,1187,760,427,574,295,279,536,291,245,111,24,87,5,5,0
55496143,1622,746,876,708,377,331,483,244,239,285,101,184,134,17,117,10,5,5
55496144,726,366,360,307,168,139,287,140,147,93,45,48,38,12,26,1,1,0
55496146,1205,566,639,448,248,200,437,221,216,207,81,126,107,14,93,4,2,2
55496148,25,16,9,8,8,0,14,8,6,1,0,1,2,0,2,0,0,0
55496149,457,222,235,177,92,85,180,89,91,66,31,35,32,9,23,2,1,1
55525801,182,94,88,81,47,34,82,40,42,12,5,7,7,2,5,0,0,0
55525802,637,321,316,274,151,123,256,127,129,74,34,40,32,8,24,1,1,0
55530401,324,162,162,124,71,53,132,66,66,42,21,21,24,3,21,2,1,1
55530402,55,24,31,29,11,18,18,9,9,5,2,3,2,1,1,1,1,0
0739460,0,0,0,0,0,0,0,0,0,0,0,0,0,0,0,0,0,0
0739540,0,0,0,0,0,0,0,0,0,0,0,0,0,0,0,0,0,0
57804501,32,16,16,11,6,5,13,7,6,6,3,3,2,0,2,0,0,0
57804502,31,16,15,13,9,4,12,6,6,3,1,2,3,0,3,0,0,0
57804503,235,108,127,106,42,64,92,47,45,28,15,13,9,4,5,0,0,0
57804505,20,12,8,10,8,2,8,3,5,2,1,1,0,0,0,0,0,0
55534701,28,15,13,15,7,8,7,4,3,4,4,0,2,0,2,0,0,0
55534702,50,25,25,13,6,7,28,14,14,7,4,3,2,1,1,0,0,0
55534703,715,381,334,305,184,121,295,149,146,78,40,38,36,8,28,1,0,1
55536301,34,16,18,13,8,5,14,6,8,4,2,2,3,0,3,0,0,0
55536302,746,368,378,310,160,150,265,134,131,110,54,56,58,17,41,3,3,0
55536303,36,20,16,15,8,7,16,8,8,5,4,1,0,0,0,0,0,0
55536304,74,41,33,28,18,10,31,17,14,11,5,6,4,1,3,0,0,0
53793401,253,132,121,103,60,43,101,50,51,32,15,17,11,3,8,0,0,0
53793402,68,32,36,26,13,13,34,17,17,3,2,1,5,0,5,0,0,0
3020400,0,0,0,0,0,0,0,0,0,0,0,0,0,0,0,0,0,0
55538001,91,48,43,47,27,20,37,19,18,6,2,4,1,0,1,0,0,0
55538002,43,22,21,16,8,8,19,9,10,6,3,3,2,2,0,0,0,0
55538003,34,20,14,13,6,7,13,7,6,7,6,1,1,1,0,0,0,0
55538004,312,157,155,140,73,67,127,64,63,31,16,15,14,4,10,0,0,0
55538006,270,145,125,116,70,46,117,59,58,22,13,9,15,3,12,0,0,0
55538007,55,29,26,23,11,12,21,11,10,9,7,2,2,0,2,0,0,0
55538009,146,78,68,55,32,23,62,31,31,22,13,9,7,2,5,0,0,0
55538010,142,70,72,48,20,28,70,36,34,17,10,7,7,4,3,0,0,0
55538011,156,75,81,55,28,27,73,37,36,20,10,10,8,0,8,0,0,0
55538012,1034,498,536,389,205,184,451,228,223,95,50,45,96,14,82,2,1,1
55538013,2238,1042,1196,1016,524,492,701,350,351,313,138,175,202,28,174,6,2,4
55538014,364,187,177,148,87,61,152,77,75,47,16,31,17,7,10,0,0,0
55538015,855,419,436,395,220,175,284,141,143,114,45,69,57,10,47,4,2,2
55538016,1649,848,801,799,473,326,449,223,226,289,135,154,104,13,91,5,2,3
55538017,212,105,107,79,41,38,95,47,48,25,12,13,12,4,8,1,1,0
55539801,137,75,62,60,35,25,62,31,31,8,6,2,7,3,4,0,0,0
55539802,662,335,327,292,154,138,280,140,140,63,33,30,24,6,18,3,2,1
55539803,3247,1562,1685,1328,731,597,1092,545,547,529,228,301,290,53,237,5,4,1
50649402,314,165,149,113,61,52,141,71,70,38,25,13,20,6,14,2,2,0
0782800,0,0,0,0,0,0,0,0,0,0,0,0,0,0,0,0,0,0
3365050,0,0,0,0,0,0,0,0,0,0,0,0,0,0,0,0,0,0
3365130,0,0,0,0,0,0,0,0,0,0,0,0,0,0,0,0,0,0
3365480,0,0,0,0,0,0,0,0,0,0,0,0,0,0,0,0,0,0
55542801,102,52,50,42,23,19,43,22,21,11,6,5,6,1,5,0,0,0
55542803,234,124,110,90,50,40,111,56,55,24,16,8,9,2,7,0,0,0
55542804,166,88,78,73,39,34,62,32,30,22,15,7,9,2,7,0,0,0
55542805,20,10,10,7,3,4,12,6,6,1,1,0,0,0,0,0,0,0
55542807,236,123,113,87,46,41,112,57,55,28,17,11,9,3,6,0,0,0
55542808,1203,1153,50,861,835,26,82,69,13,190,183,7,12,9,3,58,57,1
55542809,206,105,101,85,47,38,90,45,45,26,13,13,5,0,5,0,0,0
55542810,26,13,13,13,7,6,9,5,4,1,0,1,3,1,2,0,0,0
55542811,68,38,30,35,23,12,24,12,12,7,2,5,2,1,1,0,0,0
55542813,2769,1332,1437,1203,654,549,903,453,450,489,193,296,165,30,135,9,2,7
55542814,150,69,81,66,29,37,50,25,25,26,13,13,8,2,6,0,0,0
55542815,58,34,24,19,12,7,15,8,7,14,11,3,8,3,5,0,0,0
55542816,1323,745,578,628,387,241,406,214,192,226,127,99,58,13,45,5,4,1
55542817,4163,1941,2222,1652,897,755,1423,708,715,700,263,437,382,68,314,6,5,1
55542818,4954,2335,2619,2091,1118,973,1664,835,829,786,302,484,400,72,328,13,8,5
55542819,154,73,81,51,26,25,74,37,37,11,3,8,18,7,11,0,0,0
55542820,43,22,21,24,13,11,14,7,7,4,2,2,1,0,1,0,0,0
55542821,796,402,394,299,162,137,330,167,163,86,52,34,79,19,60,2,2,0
53796901,224,101,123,81,46,35,99,48,51,18,4,14,26,3,23,0,0,0
53796902,761,371,390,323,161,162,328,167,161,77,37,40,31,5,26,2,1,1
55544401,80,39,41,32,17,15,32,16,16,11,4,7,4,1,3,0,0,0
55544402,45,22,23,20,12,8,13,6,7,6,4,2,6,0,6,0,0,0
55544403,215,113,102,86,50,36,83,41,42,21,17,4,22,3,19,3,2,1
55544404,30,14,16,6,4,2,17,9,8,5,1,4,2,0,2,0,0,0
55544405,20,9,11,5,3,2,10,5,5,4,1,3,1,0,1,0,0,0
1193181,0,0,0,0,0,0,0,0,0,0,0,0,0,0,0,0,0,0
55545201,597,300,297,232,137,95,203,101,102,98,55,43,64,7,57,0,0,0
55694701,549,271,278,230,124,106,232,118,114,47,24,23,37,2,35,1,1,0
55547901,351,185,166,180,102,78,101,50,51,52,27,25,18,6,12,0,0,0
55547902,43,22,21,17,9,8,19,10,9,4,2,2,3,1,2,0,0,0
55552501,43,22,21,8,7,1,24,11,13,4,3,1,7,1,6,0,0,0
55552502,74,34,40,32,15,17,30,15,15,5,2,3,7,2,5,0,0,0
55552503,225,118,107,114,65,49,68,33,35,25,14,11,14,2,12,4,4,0
55552504,23,12,11,10,6,4,8,4,4,1,1,0,4,1,3,0,0,0
55552505,34,17,17,13,7,6,12,5,7,7,4,3,2,1,1,0,0,0
55552507,122,69,53,52,37,15,40,19,21,15,8,7,15,5,10,0,0,0
55552508,27,11,16,8,2,6,18,9,9,0,0,0,1,0,1,0,0,0
55553301,313,150,163,141,70,71,122,60,62,39,18,21,10,1,9,1,1,0
55553302,45,21,24,23,11,12,14,7,7,5,3,2,3,0,3,0,0,0
55553303,149,72,77,55,31,24,61,29,32,20,11,9,13,1,12,0,0,0
55553304,312,164,148,129,77,52,151,76,75,22,10,12,10,1,9,0,0,0
55553305,37,22,15,15,11,4,19,9,10,3,2,1,0,0,0,0,0,0
55553306,98,53,45,39,25,14,34,17,17,15,10,5,10,1,9,0,0,0
55553307,79,45,34,34,23,11,27,14,13,11,7,4,7,1,6,0,0,0
55553308,55,25,30,23,12,11,24,12,12,5,1,4,3,0,3,0,0,0
55553309,219,119,100,93,55,38,79,41,38,33,20,13,12,1,11,0,0,0
53802701,230,123,107,109,66,43,85,42,43,31,15,16,5,0,5,0,0,0
55555001,108,58,50,55,31,24,39,21,18,12,6,6,2,0,2,0,0,0
55555002,35,18,17,16,7,9,14,7,7,4,3,1,1,1,0,0,0,0
55555003,306,157,149,137,72,65,120,61,59,37,21,16,12,3,9,0,0,0
55555005,122,63,59,47,28,19,50,25,25,16,9,7,9,1,8,0,0,0
55558401,58,29,29,22,9,13,22,12,10,10,7,3,4,1,3,0,0,0
55558402,27,13,14,13,5,8,11,7,4,3,1,2,0,0,0,0,0,0
55558405,54,29,25,31,19,12,12,5,7,7,4,3,4,1,3,0,0,0
55558406,35,18,17,16,10,6,12,6,6,6,2,4,1,0,1,0,0,0
55558407,34,15,19,12,6,6,18,9,9,3,0,3,1,0,1,0,0,0
55558408,310,162,148,126,70,56,127,64,63,41,23,18,15,4,11,1,1,0
55558409,35,17,18,17,10,7,10,5,5,3,2,1,5,0,5,0,0,0
55559201,81,40,41,37,18,19,31,16,15,9,6,3,4,0,4,0,0,0
55559202,33,15,18,11,5,6,16,8,8,5,2,3,1,0,1,0,0,0
55559203,284,147,137,125,63,62,115,58,57,27,19,8,17,7,10,0,0,0
55559204,141,68,73,72,37,35,41,21,20,18,9,9,9,1,8,1,0,1
55561401,195,109,86,86,54,32,66,34,32,35,18,17,8,3,5,0,0,0
55561402,60,31,29,26,15,11,20,10,10,11,5,6,3,1,2,0,0,0
55561403,207,109,98,72,43,29,97,48,49,24,15,9,14,3,11,0,0,0
55561404,87,37,50,38,13,25,33,16,17,10,6,4,2,0,2,4,2,2
55561405,99,53,46,39,24,15,37,19,18,15,7,8,8,3,5,0,0,0
55562201,43,22,21,13,7,6,16,8,8,7,4,3,7,3,4,0,0,0
55562202,49,27,22,17,12,5,15,8,7,11,6,5,6,1,5,0,0,0
55562203,83,41,42,43,20,23,22,11,11,15,8,7,0,0,0,3,2,1
55562206,234,129,105,101,70,31,83,43,40,26,11,15,24,5,19,0,0,0
55562208,79,36,43,41,19,22,30,16,14,1,0,1,6,0,6,1,1,0
53784501,113,57,56,45,20,25,47,25,22,14,9,5,5,1,4,0,0,0
0270490,0,0,0,0,0,0,0,0,0,0,0,0,0,0,0,0,0,0
1679320,0,0,0,0,0,0,0,0,0,0,0,0,0,0,0,0,0,0
3020740,0,0,0,0,0,0,0,0,0,0,0,0,0,0,0,0,0,0
55565702,110,69,41,80,52,28,20,10,10,6,4,2,1,0,1,3,3,0
55565703,74,42,32,36,23,13,25,12,13,9,6,3,4,1,3,0,0,0
55565705,166,73,93,84,35,49,54,27,27,10,6,4,18,5,13,0,0,0
55565706,45,25,20,28,16,12,14,7,7,2,2,0,1,0,1,0,0,0
55565707,55,29,26,24,17,7,21,11,10,5,1,4,5,0,5,0,0,0
55565708,69,35,34,31,15,16,29,14,15,4,3,1,5,3,2,0,0,0
55565709,57,25,32,30,14,16,16,7,9,8,4,4,3,0,3,0,0,0
55565711,43,20,23,18,9,9,16,8,8,4,2,2,5,1,4,0,0,0
55565712,47,23,24,11,5,6,25,13,12,8,4,4,3,1,2,0,0,0
55565713,92,50,42,42,26,16,30,15,15,8,6,2,12,3,9,0,0,0
55565714,177,84,93,66,34,32,66,35,31,24,13,11,21,2,19,0,0,0
55565716,1492,730,762,640,361,279,539,269,270,204,79,125,107,19,88,2,2,0
55565717,482,248,234,205,120,85,176,89,87,58,31,27,42,8,34,1,0,1
55565718,109,50,59,42,20,22,49,25,24,11,4,7,7,1,6,0,0,0
55565719,439,205,234,184,90,94,173,85,88,55,26,29,27,4,23,0,0,0
55568102,68,30,38,26,11,15,21,10,11,12,7,5,8,2,6,1,0,1
55568103,64,31,33,26,12,14,26,12,14,7,4,3,3,1,2,0,0,0
55568104,43,20,23,20,9,11,17,9,8,3,2,1,3,0,3,0,0,0
55568106,432,219,213,198,108,90,152,76,76,54,28,26,25,5,20,3,2,1
3923910,0,0,0,0,0,0,0,0,0,0,0,0,0,0,0,0,0,0
55569001,46,22,24,15,7,8,20,10,10,8,5,3,3,0,3,0,0,0
55569002,21,11,10,2,2,0,13,7,6,2,1,1,4,1,3,0,0,0
55569003,35,17,18,18,10,8,13,6,7,1,1,0,3,0,3,0,0,0
55569005,261,142,119,111,67,44,94,48,46,38,23,15,18,4,14,0,0,0
55570301,398,204,194,163,89,74,152,75,77,48,31,17,35,9,26,0,0,0
55570302,79,40,39,33,17,16,29,14,15,10,6,4,7,3,4,0,0,0
55571101,59,30,29,27,15,12,21,11,10,5,3,2,6,1,5,0,0,0
55571102,30,16,14,12,6,6,16,8,8,2,2,0,0,0,0,0,0,0
55571104,52,22,30,23,7,16,13,7,6,13,7,6,3,1,2,0,0,0
55571105,28,17,11,12,8,4,10,5,5,5,3,2,0,0,0,1,1,0
55571106,181,93,88,92,56,36,56,27,29,20,9,11,13,1,12,0,0,0
55571108,98,52,46,46,25,21,23,13,10,24,13,11,5,1,4,0,0,0
55573801,220,114,106,106,58,48,81,41,40,20,10,10,13,5,8,0,0,0
55573802,329,176,153,145,80,65,111,59,52,48,26,22,22,8,14,3,3,0
55573803,33,22,11,16,13,3,15,7,8,1,1,0,1,1,0,0,0,0
56667501,49,22,27,25,10,15,16,8,8,7,4,3,1,0,1,0,0,0
56667503,130,60,70,61,28,33,37,19,18,20,11,9,8,0,8,0,0,0
57802901,221,89,132,108,42,66,70,35,35,29,11,18,8,1,7,6,0,6
57802902,126,57,69,56,28,28,48,24,24,17,5,12,5,0,5,0,0,0
1977340,0,0,0,0,0,0,0,0,0,0,0,0,0,0,0,0,0,0
1977420,0,0,0,0,0,0,0,0,0,0,0,0,0,0,0,0,0,0
1977770,0,0,0,0,0,0,0,0,0,0,0,0,0,0,0,0,0,0
55576203,69,34,35,24,12,12,23,12,11,15,8,7,7,2,5,0,0,0
55576205,32,16,16,15,8,7,14,6,8,3,2,1,0,0,0,0,0,0
55576206,52,28,24,22,16,6,17,8,9,7,3,4,6,1,5,0,0,0
55576207,32,15,17,11,4,7,14,7,7,4,4,0,3,0,3,0,0,0
55576208,1973,981,992,850,489,361,671,337,334,287,115,172,161,36,125,4,4,0
0146640,0,0,0,0,0,0,0,0,0,0,0,0,0,0,0,0,0,0
0704590,0,0,0,0,0,0,0,0,0,0,0,0,0,0,0,0,0,0
0704670,0,0,0,0,0,0,0,0,0,0,0,0,0,0,0,0,0,0
0704750,0,0,0,0,0,0,0,0,0,0,0,0,0,0,0,0,0,0
0704830,0,0,0,0,0,0,0,0,0,0,0,0,0,0,0,0,0,0
0705050,0,0,0,0,0,0,0,0,0,0,0,0,0,0,0,0,0,0
56029401,2240,1076,1164,955,518,437,792,395,397,286,127,159,203,34,169,2,2,0
56029402,81,44,37,31,21,10,39,20,19,7,3,4,4,0,4,0,0,0
56029403,36,19,17,16,10,6,12,6,6,4,3,1,4,0,4,0,0,0
56029407,33,15,18,7,4,3,20,10,10,2,1,1,4,0,4,0,0,0
56029409,52,25,27,23,12,11,20,10,10,4,3,1,5,0,5,0,0,0
56029410,135,70,65,52,31,21,64,33,31,16,5,11,2,0,2,0,0,0
56030801,362,195,167,131,74,57,157,80,77,50,35,15,23,6,17,1,0,1
56031601,1438,725,713,703,388,315,462,227,235,173,86,87,98,23,75,1,0,1
56032401,677,333,344,304,168,136,247,123,124,75,29,46,50,12,38,1,1,0
56032402,158,83,75,71,40,31,73,37,36,9,5,4,5,1,4,0,0,0
56033201,255,138,117,122,75,47,91,46,45,19,10,9,22,6,16,1,1,0
56034101,57,30,27,21,12,9,26,13,13,8,5,3,2,0,2,0,0,0
56034102,160,85,75,73,47,26,61,30,31,17,8,9,9,0,9,0,0,0
56034103,76,36,40,32,16,16,27,15,12,13,4,9,4,1,3,0,0,0
56034104,48,29,19,13,9,4,24,12,12,8,6,2,3,2,1,0,0,0
53859101,1294,643,651,557,313,244,520,260,260,114,52,62,99,17,82,4,1,3
56035901,3613,1801,1812,1737,973,764,1117,560,557,483,204,279,265,56,209,6,3,3
56035902,603,286,317,195,108,87,278,140,138,68,30,38,61,7,54,1,1,0
56035903,65,33,32,18,9,9,32,15,17,11,8,3,3,0,3,1,1,0
56035904,22,13,9,6,4,2,13,7,6,3,2,1,0,0,0,0,0,0
56035905,93,47,46,39,20,19,43,21,22,7,6,1,4,0,4,0,0,0
56035906,87,39,48,26,9,17,50,25,25,8,5,3,3,0,3,0,0,0
56036702,67,34,33,24,14,10,33,17,16,4,2,2,6,1,5,0,0,0
56036703,73,52,21,27,21,6,6,4,2,35,25,10,5,2,3,0,0,0
56036704,1325,665,660,633,369,264,382,188,194,225,99,126,80,7,73,5,2,3
56036705,216,117,99,136,75,61,41,21,20,33,17,16,5,3,2,1,1,0
56036706,1418,723,695,619,353,266,499,249,250,190,94,96,106,25,81,4,2,2
56036707,57,33,24,31,18,13,14,9,5,9,5,4,3,1,2,0,0,0
56036708,510,246,264,206,115,91,184,91,93,78,36,42,42,4,38,0,0,0
56036709,67,33,34,27,14,13,24,13,11,12,4,8,3,2,1,1,0,1
56036712,521,279,242,215,129,86,215,107,108,60,34,26,26,6,20,1,1,0
56036713,692,680,12,467,458,9,25,22,3,128,128,0,6,6,0,65,65,0
56036715,805,388,417,353,192,161,281,140,141,118,43,75,50,11,39,2,1,1
56037501,266,134,132,98,56,42,122,60,62,30,15,15,16,3,13,0,0,0
1537700,0,0,0,0,0,0,0,0,0,0,0,0,0,0,0,0,0,0
56038301,297,155,142,118,70,48,130,64,66,37,20,17,12,1,11,0,0,0
56038302,1638,877,761,737,454,283,532,270,262,269,135,134,94,16,78,2,2,0
56038304,52,31,21,34,24,10,13,6,7,3,1,2,2,0,2,0,0,0
56038305,193,99,94,125,70,55,37,19,18,25,10,15,6,0,6,0,0,0
56038306,3785,1836,1949,1829,1026,803,1105,548,557,598,217,381,243,39,204,8,4,4
56038308,171,93,78,70,36,34,56,28,28,36,23,13,9,6,3,0,0,0
56038309,935,444,491,372,187,185,341,173,168,151,64,87,64,16,48,3,2,1
56038310,2021,959,1062,800,427,373,734,363,371,309,131,178,172,35,137,5,3,2
56038311,2077,1015,1062,793,436,357,845,420,425,287,131,156,148,27,121,2,1,1
56038312,1282,585,697,530,283,247,415,202,213,219,78,141,114,21,93,2,1,1
0604880,0,0,0,0,0,0,0,0,0,0,0,0,0,0,0,0,0,0
56041301,41,21,20,19,10,9,15,7,8,4,3,1,3,1,2,0,0,0
56041302,61,33,28,11,8,3,36,19,17,9,5,4,5,1,4,0,0,0
56041303,42,26,16,16,9,7,18,10,8,8,7,1,0,0,0,0,0,0
56041305,38,21,17,14,7,7,14,7,7,8,6,2,2,1,1,0,0,0
56041307,312,164,148,136,79,57,112,58,54,44,23,21,20,4,16,0,0,0
51158701,57,31,26,24,17,7,13,6,7,14,7,7,6,1,5,0,0,0
51158702,56,27,29,31,14,17,19,10,9,5,3,2,1,0,1,0,0,0
51158703,26,10,16,9,6,3,8,3,5,2,1,1,7,0,7,0,0,0
51158704,103,48,55,41,21,20,39,18,21,16,8,8,6,0,6,1,1,0
51158705,139,67,72,50,31,19,55,27,28,24,9,15,10,0,10,0,0,0
56042101,151,75,76,51,30,21,67,34,33,15,8,7,18,3,15,0,0,0
56042102,237,126,111,100,63,37,97,49,48,24,11,13,16,3,13,0,0,0
0722810,0,0,0,0,0,0,0,0,0,0,0,0,0,0,0,0,0,0
0723030,0,0,0,0,0,0,0,0,0,0,0,0,0,0,0,0,0,0
56045601,38,20,18,10,4,6,18,9,9,6,6,0,3,0,3,1,1,0
56045602,28,16,12,13,7,6,10,4,6,4,4,0,1,1,0,0,0,0
56045603,22,12,10,10,6,4,10,5,5,1,1,0,1,0,1,0,0,0
56045604,724,367,357,306,171,135,315,159,156,64,28,36,37,9,28,0,0,0
56045605,43,22,21,15,10,5,16,8,8,8,4,4,4,0,4,0,0,0
56045606,41,20,21,14,7,7,19,10,9,5,3,2,3,0,3,0,0,0
0726812,0,0,0,0,0,0,0,0,0,0,0,0,0,0,0,0,0,0
56046401,893,434,459,332,190,142,276,143,133,163,81,82,119,19,100,3,1,2
0733260,0,0,0,0,0,0,0,0,0,0,0,0,0,0,0,0,0,0
3091410,0,0,0,0,0,0,0,0,0,0,0,0,0,0,0,0,0,0
56047201,44,22,22,19,11,8,12,6,6,6,2,4,7,3,4,0,0,0
56047202,29,13,16,15,6,9,10,5,5,4,2,2,0,0,0,0,0,0
56047205,38,21,17,14,9,5,16,8,8,7,4,3,1,0,1,0,0,0
56047207,88,50,38,24,16,8,42,22,20,17,11,6,5,1,4,0,0,0
56047208,135,76,59,61,37,24,51,25,26,17,12,5,6,2,4,0,0,0
56047209,45,23,22,24,12,12,8,4,4,12,7,5,1,0,1,0,0,0
56047210,42,19,23,19,10,9,14,7,7,6,2,4,3,0,3,0,0,0
56047213,31,16,15,8,3,5,19,10,9,3,3,0,1,0,1,0,0,0
56047214,455,236,219,173,103,70,199,98,101,51,25,26,29,7,22,2,2,0
56047215,587,296,291,251,141,110,235,118,117,71,31,40,30,6,24,0,0,0
56047216,61,28,33,16,7,9,38,19,19,4,2,2,3,0,3,0,0,0
56047217,971,455,516,421,225,196,283,139,144,175,71,104,89,18,71,3,2,1
56047218,1617,797,820,745,426,319,495,246,249,258,103,155,115,21,94,4,1,3
56047219,609,318,291,240,145,95,244,122,122,74,40,34,48,10,38,3,1,2
56047220,1534,750,784,701,379,322,507,250,257,205,91,114,119,28,91,2,2,0
56047221,20,8,12,6,1,5,11,6,5,1,1,0,2,0,2,0,0,0
0738220,0,0,0,0,0,0,0,0,0,0,0,0,0,0,0,0,0,0
53833701,31,17,14,20,12,8,10,5,5,1,0,1,0,0,0,0,0,0
53833702,47,24,23,24,12,12,22,11,11,1,1,0,0,0,0,0,0,0
53833703,589,303,286,246,143,103,235,117,118,66,33,33,41,9,32,0,0,0
56049901,54,23,31,22,7,15,21,11,10,9,5,4,2,0,2,0,0,0
56049902,39,18,21,15,7,8,15,8,7,6,1,5,1,0,1,0,0,0
56049903,3790,1846,1944,1592,882,710,1316,650,666,563,244,319,294,55,239,18,13,5
56049904,172,85,87,93,48,45,54,28,26,13,6,7,11,2,9,1,1,0
56049906,65,31,34,26,13,13,32,16,16,2,1,1,5,1,4,0,0,0
56049907,45,24,21,19,9,10,18,10,8,6,5,1,2,0,2,0,0,0
56049908,584,531,53,390,371,19,56,36,20,87,78,9,7,2,5,44,44,0
56049909,236,89,147,53,33,20,63,32,31,38,13,25,81,11,70,1,0,1
56050201,37,17,20,12,7,5,18,9,9,4,1,3,3,0,3,0,0,0
56050202,452,221,231,194,105,89,138,68,70,75,35,40,42,11,31,2,1,1
56053701,21,9,12,2,1,1,15,7,8,2,1,1,2,0,2,0,0,0
56053702,1155,552,603,496,262,234,433,215,218,177,69,108,48,6,42,1,0,1
56053703,567,311,256,230,146,84,227,118,109,73,38,35,34,7,27,3,2,1
56053705,759,397,362,337,199,138,279,140,139,95,43,52,48,15,33,0,0,0
56053706,274,131,143,128,61,67,79,39,40,49,24,25,18,7,11,0,0,0
56053707,68,35,33,23,14,9,28,14,14,12,6,6,5,1,4,0,0,0
56053708,92,49,43,44,27,17,22,11,11,19,9,10,7,2,5,0,0,0
56054501,773,400,373,344,204,140,291,146,145,76,39,37,61,11,50,1,0,1
56054502,512,251,261,223,119,104,214,105,109,53,25,28,22,2,20,0,0,0
56056101,48,26,22,30,17,13,14,7,7,3,1,2,0,0,0,1,1,0
56056102,135,71,64,78,45,33,35,17,18,12,6,6,9,2,7,1,1,0
56057001,49,27,22,26,16,10,14,8,6,8,3,5,1,0,1,0,0,0
56057002,186,94,92,85,46,39,73,37,36,17,7,10,8,4,4,1,0,1
56057003,140,69,71,53,32,21,56,27,29,20,10,10,11,0,11,0,0,0
56057004,507,261,246,190,111,79,174,88,86,79,44,35,61,18,43,2,0,2
56057005,983,488,495,536,284,252,234,120,114,145,67,78,65,17,48,2,0,2
56057006,657,343,314,281,160,121,260,130,130,64,37,27,50,15,35,2,1,1
56058801,83,46,37,33,23,10,42,21,21,6,2,4,2,0,2,0,0,0
56058802,703,352,351,343,191,152,192,96,96,111,55,56,55,9,46,2,1,1
56058804,512,245,267,233,125,108,170,84,86,74,34,40,35,2,33,0,0,0
56058805,192,100,92,89,50,39,76,41,35,13,7,6,13,2,11,1,0,1
56058806,46,21,25,14,7,7,17,8,9,10,5,5,5,1,4,0,0,0
56058807,21,11,10,2,2,0,10,5,5,6,4,2,3,0,3,0,0,0
1341470,0,0,0,0,0,0,0,0,0,0,0,0,0,0,0,0,0,0
1341550,0,0,0,0,0,0,0,0,0,0,0,0,0,0,0,0,0,0
56059601,64,33,31,16,9,7,30,16,14,11,7,4,7,1,6,0,0,0
56060001,30,16,14,13,7,6,13,6,7,3,3,0,1,0,1,0,0,0
56060002,213,109,104,74,43,31,94,47,47,22,15,7,23,4,19,0,0,0
56060003,2140,1046,1094,1025,577,448,620,310,310,304,128,176,184,29,155,5,2,3
56060004,200,106,94,110,61,49,59,30,29,18,10,8,12,4,8,1,1,0
56060005,53,26,27,18,12,6,19,9,10,11,3,8,5,2,3,0,0,0
1421820,0,0,0,0,0,0,0,0,0,0,0,0,0,0,0,0,0,0
56061803,41,22,19,18,9,9,19,10,9,4,3,1,0,0,0,0,0,0
56061805,189,103,86,93,55,38,46,25,21,34,18,16,14,5,9,2,0,2
56061806,34,15,19,13,6,7,13,7,6,6,2,4,2,0,2,0,0,0
3024570,0,0,0,0,0,0,0,0,0,0,0,0,0,0,0,0,0,0
56028601,90,48,42,29,18,11,42,21,21,12,9,3,7,0,7,0,0,0
56028603,200,103,97,74,46,28,104,52,52,11,4,7,11,1,10,0,0,0
56028605,1608,796,812,784,437,347,490,242,248,234,100,134,95,14,81,5,3,2
56028606,969,578,391,505,336,169,206,110,96,189,121,68,67,10,57,2,1,1
56028607,1771,844,927,720,389,331,598,294,304,307,131,176,145,30,115,1,0,1
56028608,5875,2787,3088,2616,1404,1212,1859,924,935,939,378,561,447,75,372,10,4,6
56028609,2649,1254,1395,1264,680,584,749,369,380,414,155,259,216,46,170,6,4,2
56028610,3249,1544,1705,1333,718,615,1156,574,582,554,216,338,203,36,167,1,0,1
56028611,566,281,285,228,118,110,248,124,124,54,30,24,35,8,27,1,1,0
56028612,22,17,5,13,12,1,2,1,1,6,4,2,1,0,1,0,0,0
56028613,998,472,526,395,207,188,361,181,180,151,64,87,86,18,68,3,1,2
56028615,1679,773,906,678,361,317,570,277,293,295,111,184,129,21,108,7,3,4
56028616,1010,493,517,393,212,181,403,204,199,129,63,66,81,12,69,4,2,2
56028617,129,61,68,53,29,24,49,23,26,18,7,11,9,2,7,0,0,0
56028618,669,349,320,456,244,212,128,65,63,69,35,34,14,5,9,2,0,2
56064201,779,406,373,273,162,111,376,188,188,85,49,36,44,6,38,1,1,0
1576510,0,0,0,0,0,0,0,0,0,0,0,0,0,0,0,0,0,0
56065101,483,249,234,208,114,94,189,95,94,51,33,18,34,7,27,0,0,0
53843401,1338,661,677,558,305,253,514,262,252,173,77,96,90,15,75,3,2,1
53843402,34,18,16,8,4,4,13,8,5,10,5,5,3,1,2,0,0,0
53843403,274,133,141,79,43,36,148,73,75,30,14,16,17,3,14,0,0,0
53839601,331,160,171,123,61,62,158,79,79,30,15,15,19,4,15,1,1,0
1625580,0,0,0,0,0,0,0,0,0,0,0,0,0,0,0,0,0,0
56067701,104,55,49,45,26,19,42,22,20,9,4,5,8,3,5,0,0,0
56067702,60,32,28,23,12,11,23,11,12,9,6,3,5,3,2,0,0,0
56067704,55,31,24,17,12,5,20,11,9,13,7,6,5,1,4,0,0,0
56067705,90,49,41,32,21,11,38,19,19,15,9,6,5,0,5,0,0,0
53866301,160,85,75,74,44,30,65,33,32,13,6,7,8,2,6,0,0,0
57936001,261,133,128,99,54,45,125,64,61,27,12,15,9,2,7,1,1,0
56068501,1175,587,588,612,324,288,354,176,178,144,70,74,62,14,48,2,2,0
3313090,0,0,0,0,0,0,0,0,0,0,0,0,0,0,0,0,0,0
56070701,360,201,159,246,140,106,42,21,21,53,29,24,18,10,8,1,1,0
56234301,390,199,191,146,80,66,179,91,88,37,23,14,28,5,23,0,0,0
56235101,54,26,28,25,14,11,18,9,9,7,2,5,4,1,3,0,0,0
56235102,353,168,185,124,68,56,145,74,71,47,21,26,36,5,31,0,0,0
56235103,106,52,54,61,31,30,31,16,15,7,3,4,7,2,5,0,0,0
56235104,112,59,53,50,31,19,33,17,16,15,8,7,13,2,11,1,1,0
56235105,455,231,224,227,127,100,159,80,79,41,16,25,27,7,20,1,1,0
56235106,495,271,224,224,135,89,166,85,81,78,45,33,26,6,20,1,0,1
56235109,938,436,502,376,205,171,322,162,160,134,53,81,104,15,89,2,1,1
56235110,33,20,13,9,7,2,14,8,6,8,4,4,2,1,1,0,0,0
56235111,224,112,112,88,46,42,98,49,49,20,13,7,18,4,14,0,0,0
56235113,91,42,49,38,21,17,31,15,16,10,5,5,12,1,11,0,0,0
56235114,679,346,333,328,191,137,244,122,122,68,27,41,39,6,33,0,0,0
54464701,335,172,163,148,80,68,134,69,65,33,20,13,20,3,17,0,0,0
0213512,0,0,0,0,0,0,0,0,0,0,0,0,0,0,0,0,0,0
3098690,0,0,0,0,0,0,0,0,0,0,0,0,0,0,0,0,0,0
56239401,765,378,387,382,205,177,245,123,122,89,40,49,47,8,39,2,2,0
56239402,94,43,51,36,19,17,36,18,18,17,6,11,5,0,5,0,0,0
56239403,131,44,87,39,20,19,34,16,18,32,8,24,26,0,26,0,0,0
56239404,40,23,17,20,14,6,12,6,6,5,2,3,3,1,2,0,0,0
56239405,311,155,156,111,66,45,124,62,62,40,19,21,36,8,28,0,0,0
56239406,43,24,19,24,14,10,11,6,5,6,4,2,2,0,2,0,0,0
56239407,195,91,104,83,42,41,76,39,37,26,9,17,10,1,9,0,0,0
56239409,63,28,35,24,9,15,28,14,14,8,3,5,3,2,1,0,0,0
56239410,69,40,29,30,18,12,25,13,12,8,5,3,6,4,2,0,0,0
56239411,164,84,80,93,50,43,52,25,27,13,8,5,5,1,4,1,0,1
56239412,136,76,60,46,30,16,63,33,30,17,9,8,7,1,6,1,1,0
56239413,82,44,38,33,19,14,36,19,17,8,5,3,5,1,4,0,0,0
56239414,30,13,17,11,5,6,10,5,5,8,3,5,1,0,1,0,0,0
56239415,82,38,44,40,19,21,28,14,14,7,2,5,5,1,4,2,2,0
56239416,208,106,102,91,49,42,88,45,43,17,8,9,11,3,8,1,1,0
56239417,92,45,47,26,17,9,44,22,22,12,2,10,10,4,6,0,0,0
56239418,457,210,247,169,97,72,156,76,80,72,26,46,59,10,49,1,1,0
56239419,509,266,243,191,116,75,222,111,111,62,33,29,34,6,28,0,0,0
56239420,1237,626,611,617,344,273,365,180,185,180,84,96,72,16,56,2,1,1
56239421,387,176,211,159,85,74,122,62,60,42,16,26,61,12,49,3,1,2
0250032,0,0,0,0,0,0,0,0,0,0,0,0,0,0,0,0,0,0
0250540,0,0,0,0,0,0,0,0,0,0,0,0,0,0,0,0,0,0
0252670,0,0,0,0,0,0,0,0,0,0,0,0,0,0,0,0,0,0
0252830,0,0,0,0,0,0,0,0,0,0,0,0,0,0,0,0,0,0
0252910,0,0,0,0,0,0,0,0,0,0,0,0,0,0,0,0,0,0
3099230,0,0,0,0,0,0,0,0,0,0,0,0,0,0,0,0,0,0
3194650,0,0,0,0,0,0,0,0,0,0,0,0,0,0,0,0,0,0
3194730,0,0,0,0,0,0,0,0,0,0,0,0,0,0,0,0,0,0
3368150,0,0,0,0,0,0,0,0,0,0,0,0,0,0,0,0,0,0
3368310,0,0,0,0,0,0,0,0,0,0,0,0,0,0,0,0,0,0
56233501,85,44,41,35,17,18,28,15,13,16,10,6,6,2,4,0,0,0
56233502,76,39,37,40,22,18,18,9,9,14,7,7,4,1,3,0,0,0
56233503,51,27,24,31,20,11,9,4,5,9,3,6,2,0,2,0,0,0
56233506,181,86,95,75,38,37,80,39,41,17,9,8,9,0,9,0,0,0
56233507,4330,2024,2306,1896,988,908,1405,699,706,689,274,415,320,51,269,15,7,8
56233509,86,50,36,31,22,9,44,21,23,5,3,2,6,4,2,0,0,0
56233510,3335,1529,1806,1308,703,605,1184,586,598,501,185,316,332,50,282,9,5,4
56233512,2527,1252,1275,1148,661,487,848,423,425,362,141,221,165,25,140,4,2,2
56233514,31,15,16,11,5,6,7,4,3,9,6,3,4,0,4,0,0,0
56233516,157,80,77,61,34,27,60,31,29,25,12,13,10,2,8,1,1,0
56233517,3499,1608,1891,1472,798,674,1022,506,516,599,228,371,396,72,324,9,4,5
56233520,4581,2386,2195,2389,1383,1006,1116,555,561,838,395,443,227,48,179,10,4,6
56233521,456,218,238,162,81,81,231,115,116,40,17,23,23,5,18,0,0,0
56233522,339,171,168,134,76,58,123,60,63,60,32,28,22,3,19,0,0,0
56233523,342,166,176,216,104,112,80,42,38,31,15,16,13,4,9,1,1,0
56233526,2896,1430,1466,1192,656,536,1130,564,566,344,156,188,227,52,175,3,2,1
56233527,4161,1929,2232,1717,922,795,1384,686,698,677,249,428,375,67,308,6,4,2
56233528,445,199,246,165,79,86,195,97,98,51,18,33,34,5,29,0,0,0
56233529,1252,635,617,543,297,246,465,235,230,158,85,73,84,17,67,1,1,0
56233530,704,352,352,363,187,176,226,117,109,85,42,43,30,6,24,0,0,0
56233532,3670,1792,1878,1496,852,644,1322,663,659,555,225,330,293,49,244,4,3,1
56233533,907,447,460,353,195,158,386,195,191,104,46,58,62,10,52,2,1,1
56233534,292,153,139,131,77,54,98,49,49,45,23,22,16,3,13,2,1,1
56233536,277,141,136,102,61,41,123,62,61,32,14,18,20,4,16,0,0,0
56233537,166,84,82,66,36,30,65,33,32,18,10,8,17,5,12,0,0,0
56233538,1757,835,922,743,394,349,651,318,333,236,100,136,121,17,104,4,4,0
56233539,333,174,159,126,74,52,153,78,75,35,18,17,19,4,15,0,0,0
56233540,141,82,59,57,36,21,49,25,24,23,17,6,8,1,7,0,0,0
56233542,594,288,306,237,114,123,270,136,134,54,26,28,33,12,21,0,0,0
56233543,185,87,98,87,45,42,57,28,29,29,13,16,12,1,11,0,0,0
56233544,232,119,113,87,46,41,107,55,52,23,14,9,14,3,11,1,1,0
56233545,97,51,46,33,22,11,48,24,24,10,4,6,6,1,5,0,0,0
56233546,559,285,274,185,109,76,289,145,144,50,25,25,34,6,28,0,0,0
56233547,100,53,47,32,19,13,51,27,24,9,5,4,7,1,6,1,1,0
56233548,195,95,100,78,37,41,89,44,45,21,11,10,6,2,4,1,1,0
56233549,218,113,105,71,46,25,111,56,55,21,10,11,15,1,14,0,0,0
56233550,445,224,221,165,94,71,214,105,109,32,15,17,33,9,24,1,1,0
56233551,306,149,157,101,57,44,158,77,81,27,11,16,20,4,16,0,0,0
56233552,175,81,94,60,26,34,87,42,45,17,11,6,10,1,9,1,1,0
56233553,297,156,141,118,68,50,131,65,66,29,16,13,17,5,12,0,0,0
56233555,4437,2153,2284,2247,1200,1047,1331,667,664,595,239,356,252,41,211,6,3,3
56233556,58,41,17,19,11,8,22,15,7,3,1,2,0,0,0,14,14,0
56233557,269,136,133,104,61,43,110,56,54,31,14,17,24,5,19,0,0,0
56233558,401,209,192,156,90,66,173,88,85,47,25,22,24,6,18,1,0,1
56233559,30,14,16,8,2,6,18,9,9,3,2,1,1,1,0,0,0,0
56233560,282,149,133,107,66,41,125,64,61,29,16,13,21,3,18,0,0,0
56233561,152,77,75,55,29,26,69,35,34,14,8,6,14,5,9,0,0,0
56233563,93,52,41,35,23,12,43,22,21,11,5,6,4,2,2,0,0,0
56233564,45,29,16,17,13,4,15,8,7,9,5,4,3,2,1,1,1,0
56233565,90,43,47,39,19,20,40,20,20,8,3,5,3,1,2,0,0,0
56240801,551,289,262,226,134,92,196,97,99,87,48,39,37,6,31,2,1,1
56240802,84,45,39,30,18,12,37,20,17,12,7,5,5,0,5,0,0,0
54578301,51,28,23,22,13,9,22,11,11,4,3,1,3,1,2,0,0,0
54578302,371,202,169,154,87,67,157,80,77,36,24,12,23,10,13,1,1,0
54585601,559,272,287,230,119,111,232,113,119,63,34,29,34,6,28,0,0,0
56243201,1090,543,547,497,266,231,405,202,203,118,55,63,65,17,48,3,1,2
56243202,95,47,48,52,28,24,31,15,16,7,3,4,5,1,4,0,0,0
56244101,1238,606,632,587,313,274,424,209,215,144,66,78,77,13,64,6,5,1
56244102,248,143,105,141,93,48,73,37,36,21,9,12,13,4,9,0,0,0
56244103,53,21,32,26,9,17,20,10,10,3,1,2,4,1,3,0,0,0
56244105,44,26,18,27,17,10,9,5,4,8,4,4,0,0,0,0,0,0
53041701,114,56,58,34,17,17,55,30,25,14,8,6,10,0,10,1,1,0
54589901,165,84,81,69,39,30,67,32,35,22,12,10,7,1,6,0,0,0
54589902,218,111,107,95,53,42,83,42,41,24,16,8,16,0,16,0,0,0
56248301,47,27,20,18,11,7,20,11,9,5,3,2,4,2,2,0,0,0
56248302,142,77,65,66,42,24,52,26,26,17,8,9,6,1,5,1,0,1
56248303,274,140,134,114,64,50,102,51,51,34,18,16,22,5,17,0,0,0
54592901,408,207,201,163,93,70,163,81,82,52,27,25,30,6,24,0,0,0
56250501,694,356,338,288,158,130,284,143,141,75,40,35,43,11,32,4,4,0
56250502,22,13,9,7,5,2,10,5,5,4,3,1,0,0,0,1,0,1
56250504,83,40,43,51,26,25,28,14,14,3,0,3,1,0,1,0,0,0
56251301,175,96,79,79,48,31,69,34,35,22,13,9,4,1,3,1,0,1
56251302,49,29,20,17,12,5,21,11,10,9,5,4,1,0,1,1,1,0
56252101,366,190,176,151,87,64,160,79,81,36,19,17,19,5,14,0,0,0
56252102,113,55,58,43,22,21,52,27,25,12,4,8,6,2,4,0,0,0
56252103,33,19,14,12,8,4,19,10,9,0,0,0,2,1,1,0,0,0
56252104,107,51,56,45,22,23,49,25,24,8,2,6,4,1,3,1,1,0
56252105,68,37,31,45,23,22,10,6,4,10,7,3,2,0,2,1,1,0
56252106,88,43,45,36,20,16,29,14,15,14,9,5,9,0,9,0,0,0
56253001,382,210,172,194,111,83,104,56,48,50,27,23,34,16,18,0,0,0
56253002,210,104,106,94,52,42,76,38,38,19,12,7,21,2,19,0,0,0
56253003,620,310,310,281,167,114,209,104,105,67,25,42,60,11,49,3,3,0
56253004,141,67,74,62,32,30,54,26,28,18,8,10,7,1,6,0,0,0
54468001,315,147,168,109,57,52,121,63,58,60,22,38,23,4,19,2,1,1
53039501,205,106,99,98,54,44,70,36,34,31,14,17,6,2,4,0,0,0
0592690,0,0,0,0,0,0,0,0,0,0,0,0,0,0,0,0,0,0
56255602,147,77,70,44,27,17,64,35,29,24,14,10,15,1,14,0,0,0
56255603,42,24,18,12,9,3,20,9,11,6,4,2,3,1,2,1,1,0
56255604,73,41,32,25,14,11,27,13,14,14,10,4,7,4,3,0,0,0
56255605,110,49,61,38,18,20,46,22,24,14,8,6,12,1,11,0,0,0
3099910,0,0,0,0,0,0,0,0,0,0,0,0,0,0,0,0,0,0
3100000,0,0,0,0,0,0,0,0,0,0,0,0,0,0,0,0,0,0
56256401,345,173,172,144,80,64,124,62,62,52,25,27,24,6,18,1,0,1
56256402,555,285,270,236,141,95,229,116,113,57,22,35,32,5,27,1,1,0
56256403,370,176,194,144,73,71,144,73,71,50,21,29,31,8,23,1,1,0
56256404,102,53,49,37,19,18,49,25,24,13,8,5,3,1,2,0,0,0
56256405,1601,765,836,670,376,294,518,253,265,282,112,170,128,22,106,2,2,0
56256406,574,276,298,213,109,104,273,137,136,43,21,22,44,8,36,1,1,0
56256407,217,113,104,73,38,35,114,58,56,17,12,5,13,5,8,0,0,0
56256408,489,263,226,219,131,88,215,108,107,40,22,18,15,2,13,0,0,0
56256409,373,209,164,162,102,60,130,65,65,65,40,25,16,2,14,0,0,0
56256410,309,159,150,124,72,52,144,73,71,28,12,16,13,2,11,0,0,0
56257202,639,307,332,295,146,149,237,119,118,69,30,39,35,11,24,3,1,2
56257205,43,27,16,18,13,5,19,10,9,5,4,1,1,0,1,0,0,0
56258101,401,186,215,149,76,73,135,68,67,63,34,29,52,7,45,2,1,1
56258102,143,72,71,50,27,23,68,34,34,16,9,7,9,2,7,0,0,0
56258103,2758,1385,1373,1364,775,589,861,431,430,323,136,187,207,42,165,3,1,2
56258104,82,41,41,27,14,13,37,18,19,11,7,4,7,2,5,0,0,0
56258105,76,35,41,37,16,21,24,12,12,8,5,3,6,2,4,1,0,1
54645301,259,140,119,114,69,45,114,56,58,23,14,9,8,1,7,0,0,0
56261102,33,16,17,13,7,6,14,7,7,3,1,2,3,1,2,0,0,0
56261103,46,24,22,22,11,11,18,11,7,5,2,3,0,0,0,1,0,1
56261104,2993,1488,1505,1426,812,614,901,448,453,402,178,224,251,45,206,9,3,6
56261105,90,46,44,49,26,23,27,15,12,11,5,6,3,0,3,0,0,0
56261106,28,17,11,10,6,4,12,6,6,5,4,1,1,1,0,0,0,0
56261107,31,13,18,10,3,7,10,5,5,7,4,3,4,1,3,0,0,0
56261108,115,52,63,50,24,26,41,19,22,12,6,6,11,3,8,1,0,1
56261109,46,24,22,12,7,5,13,7,6,14,9,5,7,1,6,0,0,0
54633001,196,96,100,96,49,47,71,36,35,19,9,10,10,2,8,0,0,0
54633002,20,9,11,8,3,5,9,5,4,1,1,0,2,0,2,0,0,0
54633003,22,12,10,5,4,1,12,6,6,3,1,2,2,1,1,0,0,0
56264501,103,65,38,72,53,19,16,7,9,8,4,4,6,1,5,1,0,1
56264502,186,97,89,68,41,27,78,39,39,27,14,13,12,3,9,1,0,1
56264503,85,46,39,30,17,13,34,18,16,13,8,5,8,3,5,0,0,0
56264504,44,17,27,14,6,8,19,9,10,3,0,3,7,2,5,1,0,1
56264506,67,31,36,21,9,12,30,14,16,9,6,3,6,1,5,1,1,0
54470101,229,122,107,83,51,32,112,57,55,19,11,8,14,3,11,1,0,1
56266102,639,299,340,306,164,142,192,93,99,78,30,48,59,9,50,4,3,1
54570801,225,124,101,104,64,40,90,45,45,17,10,7,14,5,9,0,0,0
54570802,43,20,23,16,8,8,8,5,3,15,7,8,4,0,4,0,0,0
54649601,910,473,437,355,210,145,405,202,203,89,47,42,60,14,46,1,0,1
56270001,132,67,65,54,29,25,51,26,25,15,9,6,12,3,9,0,0,0
56270002,212,106,106,95,50,45,87,45,42,13,8,5,17,3,14,0,0,0
56270003,120,60,60,49,28,21,47,22,25,17,8,9,7,2,5,0,0,0
56271801,34,16,18,13,7,6,16,8,8,2,1,1,2,0,2,1,0,1
56271802,47,27,20,16,10,6,26,13,13,4,4,0,1,0,1,0,0,0
56271803,129,60,69,56,28,28,59,29,30,6,3,3,8,0,8,0,0,0
56271804,69,43,26,32,26,6,29,15,14,5,0,5,3,2,1,0,0,0
56271805,539,269,270,241,128,113,219,108,111,51,28,23,28,5,23,0,0,0
56271806,27,12,15,14,5,9,10,5,5,3,2,1,0,0,0,0,0,0
56271807,61,30,31,27,17,10,21,11,10,7,2,5,6,0,6,0,0,0
54567801,692,351,341,301,172,129,281,141,140,72,32,40,38,6,32,0,0,0
54579101,215,113,102,87,50,37,87,44,43,27,15,12,13,3,10,1,1,0
56275101,398,197,201,178,92,86,153,76,77,38,20,18,28,8,20,1,1,0
56275102,1501,768,733,624,371,253,542,271,271,193,94,99,135,29,106,7,3,4
56275103,28,16,12,18,11,7,6,3,3,3,2,1,1,0,1,0,0,0
56275104,71,32,39,29,12,17,36,18,18,2,2,0,4,0,4,0,0,0
1435530,0,0,0,0,0,0,0,0,0,0,0,0,0,0,0,0,0,0
3028130,0,0,0,0,0,0,0,0,0,0,0,0,0,0,0,0,0,0
3100690,0,0,0,0,0,0,0,0,0,0,0,0,0,0,0,0,0,0
3280650,0,0,0,0,0,0,0,0,0,0,0,0,0,0,0,0,0,0
56277701,219,119,100,86,52,34,87,43,44,28,17,11,18,7,11,0,0,0
56277702,50,25,25,18,9,9,24,12,12,4,2,2,4,2,2,0,0,0
56277703,232,114,118,106,58,48,83,42,41,22,8,14,20,6,14,1,0,1
56277704,443,218,225,201,112,89,176,88,88,43,18,25,23,0,23,0,0,0
56277705,28,13,15,9,4,5,15,8,7,1,1,0,3,0,3,0,0,0
56277706,27,23,4,15,13,2,5,4,1,6,6,0,1,0,1,0,0,0
56277707,709,351,358,296,155,141,319,157,162,56,30,26,37,8,29,1,1,0
56277708,278,133,145,104,51,53,131,67,64,28,14,14,15,1,14,0,0,0
56277709,171,86,85,68,37,31,75,37,38,23,10,13,3,1,2,2,1,1
56277710,429,206,223,183,95,88,181,88,93,33,18,15,29,4,25,3,1,2
56277711,899,473,426,455,269,186,257,126,131,138,72,66,48,5,43,1,1,0
56277712,87,46,41,35,23,12,41,22,19,6,1,5,5,0,5,0,0,0
56277713,578,275,303,224,121,103,235,117,118,76,32,44,41,3,38,0,0,0
56277714,142,72,70,53,29,24,71,36,35,9,6,3,8,0,8,0,0,0
56277715,346,179,167,149,89,60,154,77,77,25,11,14,17,1,16,1,1,0
56277716,37,23,14,15,11,4,16,8,8,4,3,1,2,1,1,0,0,0
56277717,2899,1364,1535,1331,711,620,844,420,424,455,183,272,253,41,212,12,8,4
56277718,517,261,256,219,125,94,208,104,104,53,23,30,37,9,28,0,0,0
56277719,1792,833,959,779,400,379,639,316,323,247,89,158,123,25,98,4,3,1
56277720,498,231,267,189,92,97,227,112,115,48,23,25,32,3,29,1,1,0
56690002,26,14,12,8,4,4,10,6,4,6,4,2,2,0,2,0,0,0
56690003,525,280,245,211,129,82,228,113,115,54,29,25,31,8,23,1,1,0
56279301,94,53,41,35,23,12,38,20,18,11,6,5,10,4,6,0,0,0
56279302,574,299,275,238,133,105,232,118,114,68,40,28,36,8,28,0,0,0
54634801,264,136,128,106,58,48,102,51,51,35,22,13,21,5,16,0,0,0
56282301,209,123,86,109,71,38,57,28,29,29,21,8,12,1,11,2,2,0
56282304,691,355,336,317,174,143,238,120,118,85,47,38,48,13,35,3,1,2
56282305,39,18,21,18,9,9,16,8,8,3,0,3,2,1,1,0,0,0
56282306,202,90,112,88,37,51,63,31,32,34,17,17,17,5,12,0,0,0
54553801,151,85,66,65,40,25,53,26,27,23,17,6,10,2,8,0,0,0
54553802,51,25,26,17,9,8,23,12,11,5,4,1,6,0,6,0,0,0
0727020,0,0,0,0,0,0,0,0,0,0,0,0,0,0,0,0,0,0
3101400,0,0,0,0,0,0,0,0,0,0,0,0,0,0,0,0,0,0
3102210,0,0,0,0,0,0,0,0,0,0,0,0,0,0,0,0,0,0
56285801,21,9,12,10,5,5,8,4,4,1,0,1,2,0,2,0,0,0
56285802,37,18,19,15,9,6,12,6,6,9,3,6,1,0,1,0,0,0
56285803,103,51,52,34,20,14,57,29,28,8,2,6,4,0,4,0,0,0
56285804,124,64,60,52,29,23,49,25,24,15,7,8,7,2,5,1,1,0
56285805,35,18,17,10,5,5,18,9,9,5,4,1,2,0,2,0,0,0
56285807,217,114,103,90,53,37,90,45,45,21,12,9,16,4,12,0,0,0
56285808,104,57,47,50,31,19,34,18,16,13,7,6,7,1,6,0,0,0
56285809,178,91,87,78,44,34,68,34,34,17,9,8,15,4,11,0,0,0
56285810,198,101,97,115,62,53,50,25,25,24,14,10,9,0,9,0,0,0
56285811,464,227,237,199,113,86,187,93,94,40,15,25,37,5,32,1,1,0
56285812,535,241,294,230,122,108,149,76,73,86,32,54,67,10,57,3,1,2
56285814,624,321,303,322,184,138,169,85,84,90,42,48,40,7,33,3,3,0
56285815,483,240,243,258,130,128,153,79,74,49,26,23,23,5,18,0,0,0
56285816,247,109,138,68,38,30,98,48,50,21,9,12,60,14,46,0,0,0
56285817,1331,662,669,835,452,383,262,128,134,158,66,92,74,14,60,2,2,0
56285818,222,120,102,97,65,32,88,44,44,27,10,17,10,1,9,0,0,0
56285820,465,237,228,225,127,98,154,77,77,56,26,30,28,5,23,0,0,0
56285821,102,58,44,44,28,16,43,22,21,12,7,5,3,1,2,0,0,0
55519301,48,20,28,23,9,14,18,9,9,2,1,1,5,1,4,0,0,0
55519303,47,24,23,20,11,9,20,11,9,4,1,3,3,1,2,0,0,0
55519304,55,26,29,23,10,13,25,12,13,5,3,2,2,1,1,0,0,0
55519305,364,190,174,164,95,69,146,72,74,38,18,20,16,5,11,0,0,0
1766130,0,0,0,0,0,0,0,0,0,0,0,0,0,0,0,0,0,0
56287401,374,201,173,156,89,67,152,78,74,42,24,18,23,9,14,1,1,0
1770410,0,0,0,0,0,0,0,0,0,0,0,0,0,0,0,0,0,0
1770830,0,0,0,0,0,0,0,0,0,0,0,0,0,0,0,0,0,0
1771130,0,0,0,0,0,0,0,0,0,0,0,0,0,0,0,0,0,0
3028300,0,0,0,0,0,0,0,0,0,0,0,0,0,0,0,0,0,0
56288201,341,183,158,129,72,57,141,71,70,47,31,16,20,7,13,3,2,1
56288202,1333,642,691,503,257,246,620,310,310,129,62,67,73,11,62,4,2,2
56288204,1013,489,524,474,249,225,317,157,160,159,67,92,60,13,47,3,3,0
56288205,569,278,291,235,127,108,232,116,116,62,27,35,37,7,30,3,1,2
56288206,769,370,399,340,193,147,254,125,129,111,42,69,62,9,53,2,1,1
56288207,468,244,224,185,103,82,201,100,101,43,31,12,36,8,28,2,1,1
56288208,797,392,405,312,173,139,331,167,164,86,40,46,68,12,56,0,0,0
56288209,499,255,244,235,128,107,168,82,86,60,33,27,33,10,23,3,2,1
56288210,1119,530,589,534,282,252,313,158,155,168,74,94,103,15,88,1,1,0
56288211,1676,759,917,690,377,313,534,263,271,282,95,187,164,20,144,4,2,2
56288212,1126,515,611,504,263,241,329,165,164,200,66,134,89,18,71,4,3,1
56288213,821,406,415,359,197,162,301,150,151,103,48,55,56,10,46,2,1,1
56288214,1110,540,570,596,315,281,247,118,129,195,93,102,69,14,55,2,0,2
56288215,636,308,328,286,151,135,234,119,115,85,31,54,31,7,24,0,0,0
56288216,53,26,27,27,13,14,13,7,6,8,4,4,5,2,3,0,0,0
56288217,635,308,327,267,147,120,262,129,133,66,28,38,38,3,35,0,0,0
56288218,763,418,345,387,241,146,185,92,93,131,73,58,55,9,46,5,3,2
56288220,627,299,328,282,145,137,232,118,114,70,29,41,40,6,34,2,1,1
56288221,35,17,18,11,5,6,17,9,8,3,2,1,4,1,3,0,0,0
56289101,167,76,91,69,30,39,71,35,36,16,9,7,10,1,9,1,1,0
56289102,64,31,33,26,14,12,28,14,14,8,3,5,2,0,2,0,0,0
56289103,272,137,135,95,57,38,132,66,66,24,10,14,21,4,17,0,0,0
56291201,53,27,26,13,10,3,24,12,12,11,4,7,4,0,4,1,1,0
56291203,67,36,31,29,18,11,23,11,12,8,4,4,6,2,4,1,1,0
56291205,1308,655,653,589,317,272,483,241,242,143,78,65,91,19,72,2,0,2
56291206,461,225,236,210,114,96,167,86,81,51,20,31,32,4,28,1,1,0
56292102,89,49,40,39,29,10,31,14,17,14,4,10,5,2,3,0,0,0
56292104,81,44,37,26,14,12,42,20,22,11,9,2,2,1,1,0,0,0
56292105,94,54,40,31,20,11,45,24,21,14,9,5,4,1,3,0,0,0
56292106,32,17,15,8,5,3,14,8,6,8,3,5,2,1,1,0,0,0
56292107,878,441,437,390,214,176,359,178,181,78,36,42,48,11,37,1,0,1
56293901,347,181,166,154,89,65,143,72,71,31,17,14,18,2,16,1,1,0
56294701,884,407,477,351,178,173,336,169,167,112,46,66,83,13,70,2,1,1
56298001,126,66,60,53,28,25,52,27,25,12,10,2,9,1,8,0,0,0
56298002,102,50,52,42,19,23,43,22,21,10,6,4,7,3,4,0,0,0
56299801,62,31,31,22,9,13,36,18,18,4,4,0,0,0,0,0,0,0
56299802,249,129,120,98,53,45,100,50,50,37,22,15,12,3,9,2,1,1
56299803,64,35,29,16,11,5,37,18,19,10,6,4,1,0,1,0,0,0
56299804,23,11,12,8,2,6,9,5,4,4,4,0,2,0,2,0,0,0
56299805,49,27,22,22,11,11,19,10,9,5,5,0,3,1,2,0,0,0
56299806,33,13,20,13,4,9,14,7,7,3,2,1,3,0,3,0,0,0
56299807,51,29,22,21,13,8,20,10,10,4,3,1,5,2,3,1,1,0
56299808,64,34,30,27,14,13,25,13,12,9,6,3,3,1,2,0,0,0
56300501,206,117,89,83,55,28,91,45,46,20,11,9,10,5,5,2,1,1
56300502,81,42,39,44,24,20,24,11,13,8,5,3,3,2,1,0,0,0
56300503,23,13,10,10,5,5,10,6,4,2,2,0,1,0,1,0,0,0
56301301,1152,568,584,511,274,237,448,226,222,104,50,54,87,18,69,2,0,2
56301303,20,14,6,9,8,1,8,4,4,2,2,0,1,0,1,0,0,0
56301304,79,38,41,38,20,18,24,13,11,13,3,10,2,0,2,2,2,0
56301305,28,14,14,9,4,5,12,6,6,4,4,0,3,0,3,0,0,0
56301306,100,49,51,52,27,25,28,15,13,9,4,5,10,2,8,1,1,0
56301307,31,17,14,18,11,7,10,5,5,1,0,1,2,1,1,0,0,0
56302101,622,304,318,242,121,121,282,144,138,51,24,27,44,12,32,3,3,0
0307320,0,0,0,0,0,0,0,0,0,0,0,0,0,0,0,0,0,0
56304802,75,43,32,24,16,8,37,19,18,12,7,5,2,1,1,0,0,0
56304803,98,44,54,43,19,24,39,19,20,12,6,6,4,0,4,0,0,0
56305601,801,399,402,303,152,151,344,176,168,98,54,44,51,12,39,5,5,0
0418230,0,0,0,0,0,0,0,0,0,0,0,0,0,0,0,0,0,0
56306401,113,55,58,51,30,21,41,20,21,17,5,12,4,0,4,0,0,0
56306402,196,109,87,101,59,42,62,32,30,27,17,10,6,1,5,0,0,0
56307201,430,223,207,208,117,91,152,76,76,48,26,22,21,4,17,1,0,1
56307202,50,27,23,21,9,12,16,9,7,10,8,2,3,1,2,0,0,0
56308101,280,146,134,145,85,60,81,41,40,41,18,23,13,2,11,0,0,0
56308102,31,14,17,10,4,6,13,7,6,5,3,2,3,0,3,0,0,0
56308104,21,11,10,5,3,2,10,5,5,5,2,3,1,1,0,0,0,0
56308105,79,39,40,24,11,13,37,18,19,13,8,5,5,2,3,0,0,0
56308106,23,14,9,7,4,3,5,4,1,8,5,3,3,1,2,0,0,0
56308108,160,86,74,56,33,23,67,34,33,22,14,8,15,5,10,0,0,0
0525230,0,0,0,0,0,0,0,0,0,0,0,0,0,0,0,0,0,0
0525910,0,0,0,0,0,0,0,0,0,0,0,0,0,0,0,0,0,0
3366020,0,0,0,0,0,0,0,0,0,0,0,0,0,0,0,0,0,0
56297101,1142,533,609,505,284,221,325,163,162,193,69,124,115,17,98,4,0,4
56297103,4669,2240,2429,2224,1166,1058,1416,707,709,733,293,440,281,69,212,9,5,4
56297104,2869,1370,1499,1114,625,489,998,503,495,462,193,269,289,46,243,5,3,2
56297105,100,56,44,32,17,15,42,26,16,22,11,11,4,2,2,0,0,0
56297106,444,218,226,180,91,89,175,86,89,58,32,26,30,9,21,1,0,1
56297107,801,369,432,331,165,166,292,146,146,123,48,75,53,10,43,2,0,2
56297108,205,99,106,93,49,44,48,24,24,41,18,23,22,8,14,1,0,1
56297109,1266,614,652,470,248,222,590,294,296,111,50,61,91,18,73,2,2,0
56297110,147,79,68,63,35,28,72,36,36,11,7,4,1,1,0,0,0,0
56297111,56,20,36,4,2,2,23,12,11,8,2,6,21,4,17,0,0,0
56297112,349,183,166,164,97,67,125,61,64,38,18,20,14,4,10,8,3,5
56297113,3075,1468,1607,1254,693,561,1086,539,547,450,179,271,279,55,224,4,2,2
56297114,1334,648,686,667,355,312,348,173,175,235,103,132,79,15,64,4,2,2
56297115,694,330,364,239,126,113,333,166,167,70,27,43,52,11,41,0,0,0
56297116,2998,1410,1588,1596,815,781,828,409,419,409,158,251,154,23,131,11,5,6
56297117,428,203,225,248,123,125,105,55,50,53,20,33,22,5,17,0,0,0
56297118,54,31,23,25,16,9,14,7,7,15,8,7,0,0,0,0,0,0
56297119,175,82,93,60,30,30,95,47,48,15,5,10,5,0,5,0,0,0
56297120,482,223,259,192,106,86,168,84,84,77,26,51,43,7,36,2,0,2
56297121,1241,599,642,528,290,238,465,231,234,153,62,91,90,14,76,5,2,3
56297122,1945,951,994,847,466,381,675,339,336,273,116,157,146,27,119,4,3,1
56297123,3601,1760,1841,1562,832,730,1334,668,666,491,225,266,205,29,176,7,4,3
56297124,4429,2085,2344,2024,1057,967,1292,653,639,769,300,469,329,70,259,13,5,8
56297125,2480,1382,1098,1245,793,452,557,289,268,484,263,221,186,33,153,4,2,2
56297126,7182,3432,3750,3389,1830,1559,2137,1060,1077,1111,435,676,518,92,426,18,8,10
56297127,3266,1527,1739,1627,846,781,813,413,400,524,207,317,280,51,229,18,9,9
56297128,23,14,9,7,7,0,14,7,7,1,0,1,1,0,1,0,0,0
56297129,51,23,28,25,11,14,17,8,9,8,4,4,1,0,1,0,0,0
56297130,43,37,6,32,28,4,2,2,0,7,6,1,1,0,1,0,0,0
0608440,0,0,0,0,0,0,0,0,0,0,0,0,0,0,0,0,0,0
56309902,119,61,58,36,21,15,62,31,31,8,4,4,13,5,8,0,0,0
56309903,428,220,208,176,98,78,202,102,100,32,17,15,18,3,15,0,0,0
56309904,121,56,65,61,29,32,56,25,31,3,2,1,1,0,1,0,0,0
56309905,25,16,9,9,7,2,8,4,4,6,5,1,2,0,2,0,0,0
56309906,137,69,68,50,25,25,62,31,31,13,9,4,12,4,8,0,0,0
56309907,28,14,14,11,6,5,14,7,7,2,1,1,1,0,1,0,0,0
56309908,1751,851,900,693,368,325,636,320,316,280,129,151,138,32,106,2,2,0
56309909,2565,1256,1309,1166,633,533,815,410,405,396,177,219,178,30,148,8,4,4
56309910,401,210,191,155,83,72,182,100,82,37,16,21,11,2,9,16,9,7
56309911,1497,727,770,698,371,327,478,234,244,221,98,123,94,19,75,5,5,0
56309912,1136,531,605,368,206,162,490,246,244,133,58,75,141,20,121,4,1,3
56309913,3465,1757,1708,1695,971,724,976,492,484,559,254,305,225,38,187,8,2,6
56309914,119,56,63,49,20,29,44,22,22,19,12,7,7,2,5,0,0,0
56309916,2839,1406,1433,1632,884,748,602,295,307,433,193,240,160,30,130,9,4,5
56309917,3259,1603,1656,1684,935,749,940,469,471,498,171,327,125,24,101,10,3,7
56309918,467,224,243,156,78,78,226,114,112,50,26,24,32,6,26,1,0,1
56309919,30,14,16,13,6,7,12,6,6,3,2,1,2,0,2,0,0,0
1718910,0,0,0,0,0,0,0,0,0,0,0,0,0,0,0,0,0,0
1732820,0,0,0,0,0,0,0,0,0,0,0,0,0,0,0,0,0,0
3218340,0,0,0,0,0,0,0,0,0,0,0,0,0,0,0,0,0,0
3218420,0,0,0,0,0,0,0,0,0,0,0,0,0,0,0,0,0,0
3281110,0,0,0,0,0,0,0,0,0,0,0,0,0,0,0,0,0,0
3366450,0,0,0,0,0,0,0,0,0,0,0,0,0,0,0,0,0,0
3366530,0,0,0,0,0,0,0,0,0,0,0,0,0,0,0,0,0,0
56310201,52,26,26,23,13,10,18,10,8,6,3,3,5,0,5,0,0,0
56310205,22,12,10,13,7,6,4,2,2,5,3,2,0,0,0,0,0,0
56310206,78,46,32,28,18,10,28,14,14,17,13,4,4,1,3,1,0,1
56310207,157,85,72,114,63,51,17,9,8,22,13,9,4,0,4,0,0,0
56310208,168,91,77,64,36,28,79,43,36,18,11,7,7,1,6,0,0,0
56310209,183,89,94,104,50,54,59,31,28,14,7,7,6,1,5,0,0,0
56310210,20,10,10,10,5,5,8,4,4,1,1,0,1,0,1,0,0,0
56310211,114,60,54,43,24,19,58,29,29,7,4,3,6,3,3,0,0,0
56310212,113,60,53,49,29,20,55,28,27,3,2,1,6,1,5,0,0,0
56310214,1995,1019,976,1016,586,430,529,279,250,302,119,183,131,25,106,17,10,7
56310215,1294,624,670,543,307,236,419,217,202,175,75,100,149,23,126,8,2,6
56310216,3771,1823,1948,1786,956,830,1117,570,547,565,235,330,274,50,224,23,12,11
56310217,1378,680,698,638,357,281,445,229,216,193,77,116,94,15,79,8,2,6
56310218,508,256,252,208,110,98,237,120,117,50,22,28,11,3,8,2,1,1
56310219,3054,1454,1600,1307,708,599,1090,558,532,389,146,243,254,34,220,13,7,6
56310220,29,12,17,4,0,4,13,6,7,10,6,4,2,0,2,0,0,0
56310221,269,133,136,111,53,58,139,71,68,13,8,5,5,0,5,1,1,0
56310222,35,20,15,13,9,4,16,8,8,3,3,0,3,0,3,0,0,0
56310223,249,121,128,99,50,49,87,44,43,41,22,19,21,5,16,0,0,0
56310224,105,54,51,43,26,17,55,27,28,3,1,2,4,0,4,0,0,0
56310225,130,65,65,57,33,24,46,21,25,16,8,8,10,3,7,1,0,1
56310226,644,320,324,265,150,115,264,131,133,69,32,37,46,7,39,0,0,0
56310228,94,45,49,37,19,18,42,20,22,12,6,6,3,0,3,0,0,0
56310229,1320,706,614,606,352,254,435,228,207,187,105,82,87,17,70,5,4,1
56310231,1604,775,829,689,382,307,561,278,283,235,89,146,114,24,90,5,2,3
0621380,0,0,0,0,0,0,0,0,0,0,0,0,0,0,0,0,0,0
0621460,0,0,0,0,0,0,0,0,0,0,0,0,0,0,0,0,0,0
56311101,102,53,49,40,25,15,42,20,22,12,6,6,7,1,6,1,1,0
56311102,46,28,18,17,12,5,21,12,9,5,3,2,3,1,2,0,0,0
56311103,80,41,39,42,25,17,20,10,10,14,6,8,4,0,4,0,0,0
0656920,0,0,0,0,0,0,0,0,0,0,0,0,0,0,0,0,0,0
1802030,0,0,0,0,0,0,0,0,0,0,0,0,0,0,0,0,0,0
1802110,0,0,0,0,0,0,0,0,0,0,0,0,0,0,0,0,0,0
1984980,0,0,0,0,0,0,0,0,0,0,0,0,0,0,0,0,0,0
3029020,0,0,0,0,0,0,0,0,0,0,0,0,0,0,0,0,0,0
3029290,0,0,0,0,0,0,0,0,0,0,0,0,0,0,0,0,0,0
56312901,98,52,46,36,19,17,55,28,27,4,3,1,3,2,1,0,0,0
56312903,89,44,45,29,14,15,39,19,20,16,11,5,5,0,5,0,0,0
56312904,64,30,34,27,12,15,29,15,14,5,3,2,3,0,3,0,0,0
56312905,138,65,73,53,27,26,54,28,26,20,8,12,10,1,9,1,1,0
56312907,271,135,136,91,54,37,138,70,68,18,10,8,24,1,23,0,0,0
56312908,136,71,65,50,27,23,45,23,22,29,18,11,11,2,9,1,1,0
56312909,30,16,14,10,6,4,11,5,6,4,3,1,5,2,3,0,0,0
56312911,37,18,19,13,7,6,11,5,6,8,4,4,4,1,3,1,1,0
56312912,2338,1101,1237,990,545,445,761,379,382,380,140,240,199,33,166,6,4,2
56312913,936,530,406,433,270,163,314,158,156,132,88,44,57,14,43,0,0,0
56312915,1841,905,936,942,502,440,496,250,246,266,122,144,130,29,101,6,2,4
56312916,359,175,184,135,69,66,160,81,79,40,24,16,24,1,23,0,0,0
56312917,1409,687,722,623,339,284,489,240,249,213,94,119,82,13,69,2,1,1
56312918,1965,969,996,911,512,399,608,312,296,277,114,163,155,24,131,13,7,6
56312920,28,14,14,8,5,3,17,8,9,3,1,2,0,0,0,0,0,0
56312922,1596,801,795,659,384,275,611,302,309,206,95,111,114,19,95,4,1,3
56312923,85,52,33,44,32,12,16,9,7,19,9,10,3,0,3,3,2,1
56312924,2409,1135,1274,993,534,459,836,414,422,379,144,235,193,38,155,6,5,1
56313701,940,492,448,391,237,154,362,184,178,114,59,55,72,12,60,1,0,1
1361660,0,0,0,0,0,0,0,0,0,0,0,0,0,0,0,0,0,0
1362120,0,0,0,0,0,0,0,0,0,0,0,0,0,0,0,0,0,0
56331502,131,101,30,32,22,10,69,57,12,19,16,3,6,1,5,5,5,0
56331505,31,16,15,10,5,5,11,5,6,6,4,2,3,1,2,1,1,0
0762520,0,0,0,0,0,0,0,0,0,0,0,0,0,0,0,0,0,0
56316101,39,19,20,16,8,8,15,8,7,4,2,2,4,1,3,0,0,0
56316102,82,44,38,35,20,15,32,17,15,11,5,6,3,1,2,1,1,0
56316103,163,103,60,85,55,30,37,20,17,34,27,7,7,1,6,0,0,0
56316104,51,24,27,23,12,11,22,10,12,3,1,2,3,1,2,0,0,0
56316105,47,23,24,20,9,11,20,10,10,6,3,3,1,1,0,0,0,0
56318801,35,14,21,9,3,6,13,6,7,5,3,2,8,2,6,0,0,0
56318802,199,100,99,73,40,33,90,45,45,21,11,10,14,3,11,1,1,0
54651801,53,29,24,21,11,10,18,11,7,10,7,3,4,0,4,0,0,0
54651802,40,26,14,15,8,7,12,7,5,13,11,2,0,0,0,0,0,0
0729230,0,0,0,0,0,0,0,0,0,0,0,0,0,0,0,0,0,0
0910060,0,0,0,0,0,0,0,0,0,0,0,0,0,0,0,0,0,0
56320001,67,27,40,40,17,23,15,7,8,9,3,6,3,0,3,0,0,0
56320002,152,76,76,54,25,29,73,36,37,19,11,8,6,4,2,0,0,0
56320003,579,304,275,246,143,103,228,116,112,70,37,33,32,6,26,0,0,0
56320004,36,20,16,20,13,7,12,5,7,3,2,1,1,0,1,0,0,0
56320005,44,20,24,17,8,9,19,9,10,4,2,2,3,0,3,1,1,0
56320007,50,26,24,16,5,11,12,6,6,20,13,7,2,2,0,0,0,0
0922740,0,0,0,0,0,0,0,0,0,0,0,0,0,0,0,0,0,0
56321802,600,295,305,242,131,111,213,107,106,88,46,42,55,10,45,2,1,1
56322601,23,12,11,11,6,5,8,4,4,1,1,0,3,1,2,0,0,0
56322603,118,60,58,46,23,23,40,20,20,23,13,10,9,4,5,0,0,0
56324201,120,66,54,33,23,10,70,35,35,10,6,4,7,2,5,0,0,0
56324202,264,142,122,101,60,41,114,60,54,23,18,5,22,3,19,4,1,3
56324203,39,23,16,16,11,5,11,6,5,12,6,6,0,0,0,0,0,0
54616001,151,85,66,54,36,18,75,38,37,15,11,4,6,0,6,1,0,1
54616002,98,49,49,44,24,20,32,17,15,11,6,5,11,2,9,0,0,0
3300350,0,0,0,0,0,0,0,0,0,0,0,0,0,0,0,0,0,0
56326901,146,76,70,58,33,25,65,32,33,16,11,5,7,0,7,0,0,0
56326903,221,130,91,93,64,29,92,46,46,26,15,11,9,4,5,0,0,0
56326904,30,14,16,16,7,9,11,5,6,2,1,1,1,1,0,0,0,0
56327701,687,354,333,278,157,121,310,155,155,54,32,22,44,9,35,1,1,0
56328502,126,62,64,49,24,25,57,28,29,10,9,1,9,1,8,1,0,1
56328503,177,91,86,71,41,30,65,33,32,27,15,12,13,2,11,1,0,1
56328504,42,15,27,18,4,14,22,11,11,2,0,2,0,0,0,0,0,0
56328505,602,313,289,241,148,93,255,127,128,61,26,35,45,12,33,0,0,0
56328506,115,61,54,55,32,23,49,25,24,9,4,5,2,0,2,0,0,0
56328507,38,21,17,18,11,7,11,5,6,9,5,4,0,0,0,0,0,0
56328508,50,28,22,29,16,13,14,7,7,7,5,2,0,0,0,0,0,0
54606201,189,94,95,80,40,40,86,43,43,19,11,8,4,0,4,0,0,0
56329301,189,107,82,95,60,35,71,35,36,16,9,7,6,2,4,1,1,0
54607101,387,199,188,161,94,67,161,80,81,37,17,20,27,8,19,1,0,1
1824512,0,0,0,0,0,0,0,0,0,0,0,0,0,0,0,0,0,0
56332301,36,20,16,14,9,5,15,8,7,4,2,2,3,1,2,0,0,0
56332302,34,20,14,16,9,7,13,7,6,3,3,0,2,1,1,0,0,0
56332303,868,433,435,396,214,182,316,159,157,91,50,41,63,8,55,2,2,0
56332307,55,32,23,27,18,9,20,10,10,5,3,2,3,1,2,0,0,0
56332308,37,20,17,18,10,8,12,6,6,5,4,1,2,0,2,0,0,0
56332309,106,56,50,44,27,17,52,26,26,4,2,2,5,1,4,1,0,1
56332311,27,15,12,7,5,2,16,9,7,2,1,1,2,0,2,0,0,0
56333101,49,25,24,16,7,9,22,11,11,11,7,4,0,0,0,0,0,0
56333102,178,82,96,114,51,63,45,22,23,15,8,7,3,0,3,1,1,0
56333104,47,23,24,16,8,8,18,9,9,3,2,1,10,4,6,0,0,0
56333105,59,37,22,30,22,8,16,9,7,8,5,3,5,1,4,0,0,0
56333106,55,23,32,28,11,17,20,9,11,3,2,1,4,1,3,0,0,0
0742760,0,0,0,0,0,0,0,0,0,0,0,0,0,0,0,0,0,0
56334001,1433,742,691,579,333,246,636,319,317,134,70,64,83,19,64,1,1,0
56335801,146,74,72,59,35,24,66,33,33,15,6,9,6,0,6,0,0,0
56335802,785,394,391,358,191,167,323,163,160,72,31,41,31,8,23,1,1,0
56335803,55,30,25,22,14,8,21,11,10,9,5,4,3,0,3,0,0,0
56335804,64,34,30,27,16,11,25,13,12,6,4,2,6,1,5,0,0,0
56338201,139,72,67,61,38,23,52,27,25,13,7,6,13,0,13,0,0,0
56338202,1069,541,528,425,233,192,464,234,230,112,58,54,68,16,52,0,0,0
56340401,44,28,16,18,14,4,19,11,8,7,3,4,0,0,0,0,0,0
56340402,138,69,69,47,26,21,66,35,31,16,5,11,9,3,6,0,0,0
56340403,2513,1278,1235,1183,671,512,782,392,390,363,168,195,180,45,135,5,2,3
56341201,26,15,11,10,7,3,16,8,8,0,0,0,0,0,0,0,0,0
56341202,96,46,50,47,21,26,36,20,16,8,4,4,5,1,4,0,0,0
56341203,92,41,51,39,19,20,27,13,14,13,5,8,13,4,9,0,0,0
56341204,56,32,24,28,17,11,14,7,7,11,7,4,3,1,2,0,0,0
56341205,44,26,18,13,9,4,22,11,11,6,4,2,3,2,1,0,0,0
56343901,441,226,215,184,96,88,178,90,88,51,33,18,28,7,21,0,0,0
56343902,21,11,10,5,3,2,10,5,5,3,2,1,1,0,1,2,1,1
56343903,67,31,36,31,16,15,24,12,12,6,3,3,6,0,6,0,0,0
56343904,61,36,25,35,23,12,18,10,8,4,2,2,4,1,3,0,0,0
1067210,0,0,0,0,0,0,0,0,0,0,0,0,0,0,0,0,0,0
56346302,184,96,88,87,49,38,55,27,28,28,13,15,13,6,7,1,1,0
56346303,127,63,64,44,19,25,55,28,27,21,13,8,7,3,4,0,0,0
56347101,535,462,73,361,336,25,73,46,27,77,66,11,12,2,10,12,12,0
56348001,176,80,96,84,39,45,63,31,32,19,8,11,10,2,8,0,0,0
1878280,0,0,0,0,0,0,0,0,0,0,0,0,0,0,0,0,0,0
56349803,35,20,15,13,7,6,18,10,8,3,3,0,1,0,1,0,0,0
56349804,227,121,106,78,49,29,100,50,50,35,19,16,12,2,10,2,1,1
1881070,0,0,0,0,0,0,0,0,0,0,0,0,0,0,0,0,0,0
56350101,73,35,38,24,13,11,41,21,20,2,1,1,6,0,6,0,0,0
56350102,201,100,101,74,40,34,87,43,44,30,15,15,10,2,8,0,0,0
56350104,789,394,395,317,171,146,342,169,173,71,40,31,58,14,44,1,0,1
56457502,754,366,388,341,179,162,281,143,138,73,34,39,57,9,48,2,1,1
56457503,103,53,50,44,25,19,43,21,22,9,5,4,7,2,5,0,0,0
56457504,396,185,211,161,81,80,166,83,83,38,19,19,31,2,29,0,0,0
56459101,2078,1011,1067,890,469,421,758,376,382,295,137,158,127,25,102,7,3,4
56459102,337,165,172,137,73,64,138,68,70,41,19,22,20,4,16,1,1,0
56461301,436,224,212,192,106,86,184,92,92,39,22,17,19,4,15,2,0,2
56462101,1139,555,584,515,282,233,425,213,212,115,47,68,78,9,69,6,4,2
56462102,88,48,40,32,16,16,34,19,15,19,12,7,3,1,2,0,0,0
54675501,89,48,41,42,23,19,27,15,12,14,9,5,6,1,5,0,0,0
56464801,438,233,205,200,122,78,175,88,87,43,20,23,20,3,17,0,0,0
56465601,20,12,8,7,5,2,10,5,5,1,1,0,2,1,1,0,0,0
56465602,122,62,60,45,26,19,54,27,27,13,8,5,10,1,9,0,0,0
56465603,1374,687,687,552,312,240,523,263,260,183,95,88,110,12,98,5,4,1
56465604,188,96,92,82,51,31,63,33,30,24,11,13,18,1,17,1,0,1
56465605,84,43,41,32,20,12,32,16,16,13,6,7,7,1,6,0,0,0
56465606,24,13,11,11,6,5,10,5,5,2,2,0,1,0,1,0,0,0
56465607,122,62,60,54,29,25,52,26,26,13,7,6,3,0,3,0,0,0
56465608,98,54,44,38,26,12,37,19,18,20,9,11,3,0,3,0,0,0
56465609,94,52,42,42,26,16,33,17,16,12,7,5,5,1,4,2,1,1
54678001,220,113,107,98,55,43,88,44,44,21,12,9,13,2,11,0,0,0
54678002,80,40,40,32,17,15,30,15,15,6,4,2,12,4,8,0,0,0
56467201,353,174,179,163,87,76,141,70,71,30,13,17,19,4,15,0,0,0
54685201,223,111,112,88,49,39,101,51,50,18,10,8,16,1,15,0,0,0
56469901,130,70,60,51,32,19,53,28,25,14,8,6,12,2,10,0,0,0
54242301,315,168,147,135,80,55,142,73,69,22,14,8,16,1,15,0,0,0
3315460,0,0,0,0,0,0,0,0,0,0,0,0,0,0,0,0,0,0
56471101,1304,624,680,566,299,267,497,247,250,143,67,76,96,10,86,2,1,1
56471102,96,48,48,44,24,20,39,19,20,7,4,3,6,1,5,0,0,0
56472901,127,72,55,58,39,19,52,27,25,11,6,5,6,0,6,0,0,0
56472902,41,21,20,17,7,10,21,11,10,1,1,0,2,2,0,0,0,0
56472903,38,18,20,16,9,7,16,8,8,2,1,1,4,0,4,0,0,0
56472904,173,90,83,66,40,26,77,39,38,14,6,8,15,4,11,1,1,0
56473701,170,83,87,111,57,54,33,15,18,18,10,8,8,1,7,0,0,0
56474501,536,279,257,229,131,98,224,113,111,56,28,28,26,7,19,1,0,1
56475301,447,206,241,193,88,105,171,87,84,52,27,25,31,4,27,0,0,0
55364601,281,160,121,116,76,40,112,54,58,27,19,8,25,11,14,1,0,1
56477001,44,23,21,20,11,9,17,8,9,6,4,2,1,0,1,0,0,0
56477002,211,102,109,97,54,43,71,36,35,24,11,13,19,1,18,0,0,0
56477004,28,16,12,12,8,4,8,4,4,4,3,1,4,1,3,0,0,0
56481801,412,218,194,186,109,77,171,90,81,31,12,19,21,5,16,3,2,1
56483401,249,137,112,100,72,28,105,51,54,23,12,11,21,2,19,0,0,0
56483402,32,16,16,8,4,4,15,8,7,5,2,3,4,2,2,0,0,0
56484201,127,61,66,40,18,22,67,34,33,15,8,7,5,1,4,0,0,0
56484203,82,40,42,41,20,21,34,17,17,4,2,2,3,1,2,0,0,0
56484204,88,42,46,31,14,17,40,21,19,12,6,6,5,1,4,0,0,0
56485101,1195,651,544,570,369,201,346,172,174,180,83,97,90,20,70,5,3,2
54676301,99,46,53,36,17,19,47,24,23,9,4,5,6,0,6,1,1,0
56487701,836,426,410,371,203,168,310,155,155,107,54,53,44,10,34,2,2,0
56487702,605,314,291,264,151,113,261,130,131,53,26,27,24,5,19,3,2,1
56487703,167,83,84,76,39,37,63,30,33,15,9,6,13,5,8,0,0,0
56487704,99,53,46,41,25,16,41,20,21,10,6,4,5,0,5,2,2,0
56489301,431,227,204,173,103,70,177,90,87,48,27,21,31,6,25,2,1,1
56489302,271,130,141,124,67,57,104,51,53,28,8,20,13,3,10,2,1,1
56492301,348,175,173,151,86,65,125,63,62,45,23,22,26,3,23,1,0,1
56492302,322,160,162,129,76,53,115,58,57,44,22,22,33,4,29,1,0,1
56493101,151,76,75,57,37,20,60,30,30,21,7,14,13,2,11,0,0,0
56494001,537,301,236,256,163,93,213,107,106,35,20,15,31,10,21,2,1,1
56495801,289,151,138,127,74,53,125,63,62,23,13,10,14,1,13,0,0,0
56496601,155,83,72,57,33,24,62,33,29,28,16,12,8,1,7,0,0,0
56496602,53,26,27,25,13,12,21,10,11,5,2,3,2,1,1,0,0,0
54681001,130,66,64,67,34,33,38,19,19,17,10,7,8,3,5,0,0,0
54681002,46,22,24,17,9,8,24,12,12,5,1,4,0,0,0,0,0,0
50552801,313,164,149,116,70,46,128,64,64,39,21,18,26,6,20,2,1,1
54677101,180,98,82,68,41,27,76,39,37,22,13,9,14,5,9,0,0,0
56501601,369,185,184,157,85,72,154,78,76,32,18,14,26,4,22,0,0,0
56502401,474,247,227,188,114,74,193,98,95,47,26,21,45,9,36,1,0,1
56503201,560,291,269,231,131,100,231,114,117,69,37,32,29,9,20,0,0,0
56505901,414,219,195,163,97,66,174,89,85,46,24,22,31,9,22,0,0,0
56506701,436,205,231,176,89,87,187,94,93,36,17,19,37,5,32,0,0,0
56506702,400,178,222,126,76,50,161,79,82,45,16,29,67,7,60,1,0,1
56506703,86,43,43,36,19,17,34,18,16,11,6,5,5,0,5,0,0,0
56507501,253,130,123,104,60,44,105,54,51,22,11,11,21,4,17,1,1,0
56507503,96,52,44,24,14,10,47,24,23,15,9,6,9,5,4,1,0,1
56508301,817,422,395,354,212,142,320,161,159,86,40,46,53,8,45,4,1,3
56508302,142,72,70,53,31,22,62,31,31,17,8,9,10,2,8,0,0,0
56508303,127,68,59,44,25,19,51,27,24,20,12,8,12,4,8,0,0,0
56508304,35,21,14,14,9,5,12,6,6,8,6,2,1,0,1,0,0,0
56508305,313,173,140,149,93,56,110,56,54,33,17,16,21,7,14,0,0,0
56509101,287,144,143,100,59,41,140,68,72,27,13,14,17,3,14,1,1,0
56510501,28,14,14,9,7,2,12,6,6,2,1,1,5,0,5,0,0,0
56510502,96,53,43,23,19,4,47,23,24,18,10,8,8,1,7,0,0,0
56510504,22,13,9,9,7,2,10,4,6,2,1,1,1,1,0,0,0,0
56511301,364,215,149,135,75,60,172,109,63,39,23,16,17,7,10,1,1,0
1516452,0,0,0,0,0,0,0,0,0,0,0,0,0,0,0,0,0,0
56512101,90,44,46,34,20,14,41,20,21,10,4,6,5,0,5,0,0,0
56512102,72,37,35,30,16,14,30,16,14,7,4,3,5,1,4,0,0,0
56512104,54,28,26,26,15,11,19,9,10,3,3,0,6,1,5,0,0,0
56512105,751,387,364,326,196,130,265,133,132,99,47,52,60,10,50,1,1,0
56512106,29,10,19,7,4,3,8,4,4,3,2,1,11,0,11,0,0,0
56512107,81,45,36,30,17,13,39,20,19,9,6,3,1,0,1,0,0,0
56512108,52,28,24,22,10,12,20,12,8,7,5,2,3,1,2,0,0,0
56512109,46,26,20,17,13,4,18,9,9,6,4,2,5,0,5,0,0,0
56512110,26,14,12,10,6,4,12,6,6,3,2,1,1,0,1,0,0,0
56512111,24,10,14,11,3,8,12,6,6,1,1,0,0,0,0,0,0,0
56512112,160,86,74,64,38,26,68,33,35,17,10,7,11,5,6,0,0,0
56512113,65,33,32,22,10,12,37,19,18,5,4,1,1,0,1,0,0,0
56514801,540,254,286,240,121,119,205,104,101,54,22,32,38,5,33,3,2,1
56515601,484,244,240,190,108,82,211,104,107,45,24,21,37,7,30,1,1,0
56515602,73,41,32,30,17,13,27,15,12,11,7,4,5,2,3,0,0,0
56516401,189,87,102,78,37,41,80,41,39,15,5,10,16,4,12,0,0,0
56516402,2813,1364,1449,1119,634,485,1027,509,518,358,158,200,299,58,241,8,5,3
56516403,389,194,195,147,84,63,184,93,91,32,12,20,26,5,21,0,0,0
56517201,426,207,219,173,96,77,183,92,91,39,16,23,31,3,28,0,0,0
0855960,0,0,0,0,0,0,0,0,0,0,0,0,0,0,0,0,0,0
0856000,0,0,0,0,0,0,0,0,0,0,0,0,0,0,0,0,0,0
0856690,0,0,0,0,0,0,0,0,0,0,0,0,0,0,0,0,0,0
56456701,20,9,11,10,4,6,8,4,4,2,1,1,0,0,0,0,0,0
56456702,2658,1301,1357,1020,569,451,1137,570,567,344,138,206,153,21,132,4,3,1
56456703,551,281,270,198,116,82,263,133,130,54,24,30,35,8,27,0,0,0
56456705,200,102,98,84,53,31,68,34,34,35,14,21,12,1,11,0,0,0
56456706,197,103,94,127,72,55,36,18,18,26,11,15,8,2,6,0,0,0
56456707,802,376,426,320,167,153,315,155,160,108,41,67,57,12,45,2,1,1
56456708,1062,681,381,580,431,149,266,145,121,154,85,69,52,11,41,10,9,1
56456709,1934,919,1015,881,458,423,661,329,332,288,107,181,101,25,76,3,0,3
56456710,55,31,24,19,10,9,17,9,8,17,12,5,2,0,2,0,0,0
56456711,107,42,65,27,15,12,11,4,7,25,16,9,42,5,37,2,2,0
56456712,80,36,44,41,19,22,29,15,14,6,2,4,4,0,4,0,0,0
56456713,49,39,10,33,27,6,3,2,1,13,10,3,0,0,0,0,0,0
56456714,99,46,53,43,22,21,37,18,19,15,6,9,4,0,4,0,0,0
56456715,2100,1005,1095,875,507,368,694,338,356,321,121,200,204,34,170,6,5,1
56456716,1458,678,780,616,344,272,451,225,226,194,79,115,192,28,164,5,2,3
56456717,59,29,30,18,8,10,24,12,12,12,7,5,3,1,2,1,1,0
56456718,4089,1879,2210,1664,882,782,1465,716,749,628,229,399,323,48,275,7,4,3
56456719,66,36,30,35,23,12,14,8,6,11,4,7,6,1,5,0,0,0
56456720,1907,884,1023,808,425,383,637,314,323,336,127,209,123,17,106,3,1,2
56456722,2776,1340,1436,1255,665,590,988,493,495,408,148,260,115,25,90,10,9,1
56456723,129,66,63,42,26,16,44,24,20,29,13,16,14,3,11,0,0,0
56456724,24,8,16,11,2,9,12,6,6,1,0,1,0,0,0,0,0,0
56456725,1007,500,507,359,197,162,495,249,246,93,44,49,60,10,50,0,0,0
56456726,500,243,257,231,113,118,234,116,118,32,13,19,3,1,2,0,0,0
56456727,1503,853,650,762,490,272,376,192,184,295,158,137,63,8,55,4,4,0
54669101,187,100,87,89,54,35,66,34,32,22,11,11,9,1,8,1,0,1
56521101,23,9,14,6,1,5,11,6,5,3,1,2,3,1,2,0,0,0
56521102,268,127,141,121,64,57,103,52,51,24,9,15,19,1,18,1,1,0
56521103,66,34,32,24,13,11,32,16,16,5,4,1,4,0,4,1,1,0
56521104,56,28,28,21,11,10,26,12,14,7,4,3,2,1,1,0,0,0
56521105,20,13,7,5,4,1,7,4,3,6,5,1,2,0,2,0,0,0
56521107,61,26,35,22,8,14,29,15,14,7,2,5,3,1,2,0,0,0
56521108,99,53,46,37,19,18,44,23,21,14,9,5,4,2,2,0,0,0
0877420,0,0,0,0,0,0,0,0,0,0,0,0,0,0,0,0,0,0
0878230,0,0,0,0,0,0,0,0,0,0,0,0,0,0,0,0,0,0
0878310,0,0,0,0,0,0,0,0,0,0,0,0,0,0,0,0,0,0
56522901,328,160,168,144,71,73,133,68,65,39,20,19,12,1,11,0,0,0
56522902,2117,1036,1081,960,534,426,631,319,312,328,143,185,188,37,151,7,3,4
56522903,181,84,97,76,40,36,73,34,39,19,8,11,8,0,8,5,2,3
56522906,35,17,18,18,11,7,13,6,7,4,0,4,0,0,0,0,0,0
56522907,2238,1054,1184,1092,583,509,592,289,303,376,155,221,171,24,147,5,1,4
56522908,348,173,175,138,75,63,148,75,73,30,16,14,30,7,23,2,0,2
56522910,979,488,491,391,227,164,426,208,218,92,35,57,67,16,51,3,2,1
56522911,2349,1063,1286,1017,522,495,791,387,404,359,126,233,177,27,150,3,1,2
56522912,71,39,32,48,27,21,10,5,5,11,6,5,2,1,1,0,0,0
56523701,348,180,168,156,88,68,127,66,61,47,20,27,18,6,12,0,0,0
56524501,684,339,345,269,153,116,282,142,140,66,30,36,64,13,51,3,1,2
54249101,132,69,63,63,37,26,51,26,25,12,6,6,6,0,6,0,0,0
54249102,45,25,20,18,11,7,20,10,10,4,2,2,3,2,1,0,0,0
56525301,247,124,123,105,57,48,99,49,50,25,15,10,18,3,15,0,0,0
56525302,81,41,40,30,17,13,34,16,18,11,6,5,5,1,4,1,1,0
56525303,243,131,112,91,59,32,109,54,55,23,14,9,20,4,16,0,0,0
56525304,229,115,114,95,50,45,90,44,46,25,16,9,19,5,14,0,0,0
54252101,153,82,71,61,38,23,59,31,28,19,8,11,14,5,9,0,0,0
53050601,209,111,98,77,43,34,100,50,50,22,16,6,10,2,8,0,0,0
56529601,232,110,122,109,54,55,74,37,37,31,17,14,18,2,16,0,0,0
56530001,550,278,272,235,133,102,241,122,119,36,17,19,37,5,32,1,1,0
3306980,0,0,0,0,0,0,0,0,0,0,0,0,0,0,0,0,0,0
56531801,890,457,433,371,215,156,354,178,176,108,52,56,56,11,45,1,1,0
56531802,217,110,107,84,46,38,96,49,47,19,12,7,18,3,15,0,0,0
56531803,209,115,94,81,51,30,95,49,46,21,14,7,12,1,11,0,0,0
56531804,62,31,31,25,17,8,25,12,13,7,2,5,5,0,5,0,0,0
56531805,31,15,16,7,5,2,16,8,8,4,2,2,4,0,4,0,0,0
56531806,119,60,59,39,22,17,53,28,25,13,7,6,13,2,11,0,0,0
56531807,29,17,12,15,10,5,12,6,6,2,1,1,0,0,0,0,0,0
56531808,225,118,107,86,47,39,92,48,44,30,17,13,16,5,11,0,0,0
56534201,166,91,75,77,50,27,63,32,31,14,7,7,12,2,10,0,0,0
56534202,229,112,117,94,49,45,88,42,46,31,18,13,16,3,13,0,0,0
54244001,100,55,45,40,28,12,40,20,20,14,6,8,6,1,5,0,0,0
54253901,207,109,98,70,48,22,97,49,48,24,10,14,16,2,14,0,0,0
56539301,313,152,161,150,82,68,109,55,54,34,12,22,20,3,17,0,0,0
56539302,67,30,37,34,15,19,22,11,11,5,3,2,6,1,5,0,0,0
56539304,34,20,14,9,8,1,12,6,6,5,2,3,5,1,4,1,1,0
56539305,49,28,21,21,11,10,14,7,7,12,9,3,2,1,1,0,0,0
56541502,161,80,81,56,34,22,70,34,36,18,10,8,17,2,15,0,0,0
56541503,28,14,14,11,4,7,9,5,4,2,1,1,6,4,2,0,0,0
56541504,68,41,27,25,18,7,30,15,15,8,6,2,5,2,3,0,0,0
56541505,391,182,209,153,78,75,143,71,72,59,25,34,36,8,28,0,0,0
56543101,47,21,26,27,11,16,15,8,7,4,1,3,1,1,0,0,0,0
56543102,137,70,67,57,33,24,61,31,30,13,5,8,6,1,5,0,0,0
56543104,55,27,28,21,11,10,25,13,12,6,3,3,3,0,3,0,0,0
56543105,96,48,48,47,25,22,30,15,15,14,5,9,5,3,2,0,0,0
56543107,173,92,81,66,38,28,84,42,42,19,12,7,3,0,3,0,0,0
56543108,81,38,43,30,17,13,33,16,17,9,5,4,9,0,9,0,0,0
56543109,680,334,346,263,146,117,280,142,138,86,38,48,51,8,43,0,0,0
56545801,246,127,119,96,53,43,100,50,50,34,21,13,14,2,12,2,1,1
56545802,388,197,191,147,84,63,160,80,80,53,29,24,28,4,24,0,0,0
56547401,288,143,145,129,70,59,103,53,50,39,17,22,15,3,12,0,0,0
56548201,355,179,176,142,80,62,143,73,70,45,22,23,24,3,21,1,1,0
56549101,601,306,295,265,146,119,242,122,120,53,29,24,40,9,31,1,0,1
56552101,482,247,235,196,112,84,216,110,106,35,21,14,34,3,31,1,1,0
56554701,153,77,76,56,33,23,79,39,40,7,3,4,11,2,9,0,0,0
1417210,0,0,0,0,0,0,0,0,0,0,0,0,0,0,0,0,0,0
1417800,0,0,0,0,0,0,0,0,0,0,0,0,0,0,0,0,0,0
56555501,870,438,432,314,171,143,400,199,201,90,50,40,64,16,48,2,2,0
56555503,56,28,28,21,10,11,28,14,14,3,2,1,4,2,2,0,0,0
56555504,1100,549,551,473,275,198,414,212,202,125,45,80,87,16,71,1,1,0
56555505,1229,576,653,511,271,240,421,208,213,186,70,116,107,25,82,4,2,2
56555506,95,51,44,35,22,13,35,18,17,16,9,7,8,1,7,1,1,0
56555507,77,39,38,38,17,21,22,12,10,15,10,5,2,0,2,0,0,0
56555508,1231,581,650,483,260,223,528,260,268,127,51,76,90,9,81,3,1,2
56555509,455,222,233,161,83,78,225,113,112,40,19,21,29,7,22,0,0,0
56555511,113,64,49,75,45,30,23,14,9,13,5,8,2,0,2,0,0,0
56555512,2878,1317,1561,1145,613,532,1029,509,520,432,150,282,253,40,213,17,5,12
56555513,1185,630,555,620,358,262,326,163,163,166,93,73,66,12,54,5,4,1
56555514,805,378,427,349,193,156,260,129,131,113,40,73,81,15,66,2,1,1
56555515,165,84,81,69,39,30,72,35,37,14,7,7,10,3,7,0,0,0
56555516,1440,712,728,544,315,229,622,309,313,146,68,78,125,17,108,1,1,0
56555517,29,16,13,12,8,4,11,6,5,6,2,4,0,0,0,0,0,0
56555518,367,176,191,153,78,75,152,78,74,38,14,24,24,6,18,0,0,0
56555519,277,133,144,80,42,38,142,72,70,23,10,13,30,8,22,2,1,1
54672101,213,112,101,89,56,33,101,51,50,9,3,6,11,1,10,2,1,1
56559801,260,132,128,107,59,48,117,60,57,16,9,7,19,3,16,1,1,0
56560101,253,129,124,89,49,40,118,62,56,19,10,9,25,6,19,0,0,0
56561001,73,40,33,30,19,11,32,16,16,5,1,4,6,4,2,0,0,0
56561002,268,143,125,116,67,49,84,43,41,53,28,25,14,4,10,1,1,0
56561003,115,64,51,58,34,24,46,24,22,8,4,4,3,2,1,0,0,0
56561004,26,14,12,6,5,1,12,6,6,6,3,3,2,0,2,0,0,0
56561005,49,22,27,21,8,13,16,8,8,6,4,2,6,2,4,0,0,0
56561006,26,14,12,15,9,6,5,3,2,2,1,1,4,1,3,0,0,0
56561008,139,72,67,66,38,28,56,28,28,11,5,6,5,1,4,0,0,0
56561009,82,41,41,28,15,13,39,19,20,8,5,3,7,2,5,0,0,0
54682801,28,17,11,11,8,3,14,7,7,3,2,1,0,0,0,0,0,0
56567901,632,304,328,267,141,126,253,125,128,59,27,32,51,10,41,2,1,1
56567902,409,198,211,176,83,93,182,93,89,31,19,12,19,3,16,1,0,1
3315380,0,0,0,0,0,0,0,0,0,0,0,0,0,0,0,0,0,0
56569501,691,365,326,281,165,116,277,139,138,91,46,45,42,15,27,0,0,0
3111620,0,0,0,0,0,0,0,0,0,0,0,0,0,0,0,0,0,0
3111970,0,0,0,0,0,0,0,0,0,0,0,0,0,0,0,0,0,0
56570901,223,118,105,87,59,28,97,47,50,24,10,14,15,2,13,0,0,0
56570902,259,132,127,126,70,56,94,46,48,22,12,10,17,4,13,0,0,0
56570903,40,18,22,19,10,9,12,6,6,6,2,4,3,0,3,0,0,0
56570904,35,20,15,11,9,2,14,7,7,5,3,2,5,1,4,0,0,0
56570905,137,76,61,57,38,19,46,24,22,25,14,11,8,0,8,1,0,1
56570906,59,26,33,29,12,17,19,10,9,6,2,4,4,2,2,1,0,1
56570907,240,123,117,101,54,47,94,48,46,26,16,10,19,5,14,0,0,0
56570908,191,95,96,87,42,45,80,39,41,15,10,5,8,3,5,1,1,0
56570910,107,56,51,35,19,16,44,21,23,13,9,4,15,7,8,0,0,0
56570911,954,451,503,432,218,214,358,180,178,108,43,65,54,9,45,1,1,0
56570912,742,366,376,303,169,134,273,133,140,119,57,62,44,5,39,3,2,1
56570913,723,357,366,314,170,144,265,133,132,86,41,45,56,11,45,2,2,0
56570914,31,17,14,17,12,5,10,5,5,3,0,3,1,0,1,0,0,0
56570915,691,322,369,317,167,150,227,111,116,94,30,64,51,13,38,2,1,1
56570916,1616,751,865,734,386,348,480,239,241,267,105,162,129,18,111,4,3,1
56570917,1628,812,816,728,409,319,498,255,243,290,124,166,107,22,85,5,2,3
56570918,550,283,267,285,154,131,116,65,51,108,52,56,35,11,24,4,1,3
56570921,94,41,53,31,18,13,27,13,14,13,4,9,23,6,17,0,0,0
56571701,551,277,274,226,122,104,243,122,121,49,25,24,31,7,24,2,1,1
56571702,139,72,67,60,38,22,52,26,26,19,7,12,8,1,7,0,0,0
56571703,43,21,22,9,6,3,29,14,15,3,1,2,2,0,2,0,0,0
56571704,327,163,164,139,79,60,119,59,60,43,18,25,24,5,19,2,2,0
56571705,27,15,12,6,4,2,18,9,9,2,1,1,1,1,0,0,0,0
56571707,1656,814,842,793,451,342,471,234,237,267,103,164,107,19,88,14,7,7
56571710,219,90,129,45,24,21,85,45,40,22,11,11,66,10,56,0,0,0
56574101,83,45,38,21,15,6,38,19,19,13,7,6,11,4,7,0,0,0
56574102,512,252,260,191,101,90,236,118,118,55,29,26,30,4,26,0,0,0
54240701,300,152,148,107,62,45,150,74,76,29,9,20,14,7,7,0,0,0
54240702,116,55,61,62,28,34,38,19,19,12,6,6,4,2,2,0,0,0
56576802,21,11,10,6,5,1,13,6,7,0,0,0,2,0,2,0,0,0
56576803,132,61,71,60,31,29,41,19,22,20,11,9,11,0,11,0,0,0
56576804,54,27,27,21,11,10,25,13,12,4,2,2,4,1,3,0,0,0
56576805,92,46,46,37,19,18,40,20,20,12,7,5,3,0,3,0,0,0
56576806,75,34,41,28,12,16,37,18,19,7,4,3,3,0,3,0,0,0
56576807,1412,714,698,552,322,230,625,309,316,129,67,62,102,13,89,4,3,1
56576808,67,33,34,16,10,6,27,14,13,13,7,6,10,1,9,1,1,0
56576809,23,9,14,10,2,8,8,4,4,4,3,1,1,0,1,0,0,0
56577602,106,51,55,37,19,18,48,24,24,13,7,6,7,1,6,1,0,1
56577603,21,10,11,5,2,3,9,5,4,5,3,2,2,0,2,0,0,0
56577604,38,19,19,16,8,8,13,7,6,6,4,2,3,0,3,0,0,0
56577605,22,12,10,11,6,5,4,2,2,6,3,3,1,1,0,0,0,0
56577606,69,36,33,30,18,12,31,16,15,3,2,1,5,0,5,0,0,0
56577607,49,23,26,22,10,12,24,12,12,3,1,2,0,0,0,0,0,0
56577608,508,240,268,201,106,95,203,100,103,66,30,36,38,4,34,0,0,0
56579201,57,32,25,28,19,9,16,8,8,7,4,3,6,1,5,0,0,0
56579202,48,24,24,25,13,12,18,9,9,2,1,1,2,1,1,1,0,1
56579203,36,21,15,13,9,4,19,10,9,2,1,1,2,1,1,0,0,0
56579205,77,40,37,26,16,10,38,18,20,7,5,2,6,1,5,0,0,0
56579206,372,191,181,150,91,59,134,67,67,55,26,29,32,7,25,1,0,1
56580601,272,139,133,126,68,58,101,50,51,34,19,15,11,2,9,0,0,0
1980052,0,0,0,0,0,0,0,0,0,0,0,0,0,0,0,0,0,0
56581402,28,16,12,11,9,2,14,7,7,2,0,2,1,0,1,0,0,0
56581403,122,59,63,52,29,23,42,21,21,15,6,9,10,1,9,1,0,1
56581404,40,20,20,19,10,9,11,5,6,6,4,2,4,1,3,0,0,0
56581405,37,18,19,9,4,5,17,9,8,7,4,3,4,1,3,0,0,0
56581406,69,33,36,24,12,12,26,13,13,13,5,8,6,3,3,0,0,0
56581407,33,17,16,7,5,2,22,11,11,3,1,2,1,0,1,0,0,0
56581409,56,31,25,24,14,10,26,14,12,3,2,1,3,1,2,0,0,0
56581410,142,81,61,59,38,21,58,29,29,18,13,5,7,1,6,0,0,0
56581411,33,18,15,14,10,4,15,7,8,2,1,1,2,0,2,0,0,0
56581412,64,35,29,28,16,12,26,13,13,8,4,4,2,2,0,0,0,0
56581413,60,30,30,32,18,14,17,8,9,7,4,3,4,0,4,0,0,0
56581414,137,66,71,56,29,27,57,28,29,11,5,6,13,4,9,0,0,0
56581415,22,11,11,7,4,3,12,6,6,2,1,1,1,0,1,0,0,0
56581416,78,35,43,27,14,13,33,16,17,8,3,5,10,2,8,0,0,0
56581418,39,18,21,20,9,11,12,6,6,5,3,2,2,0,2,0,0,0
56581419,102,51,51,44,23,21,36,19,17,17,7,10,5,2,3,0,0,0
56581421,53,27,26,24,14,10,25,13,12,1,0,1,3,0,3,0,0,0
56581422,88,42,46,31,14,17,38,18,20,15,9,6,4,1,3,0,0,0
56581423,415,228,187,207,129,78,105,54,51,85,40,45,18,5,13,0,0,0
56581424,330,171,159,141,77,64,128,69,59,39,17,22,17,3,14,5,5,0
56581425,777,371,406,311,168,143,297,147,150,80,37,43,87,17,70,2,2,0
56581426,27,13,14,5,1,4,20,11,9,1,1,0,1,0,1,0,0,0
56583101,608,313,295,220,131,89,296,147,149,58,26,32,33,8,25,0,0,0
56583102,292,145,147,131,73,58,117,58,59,25,11,14,19,3,16,0,0,0
56584901,88,51,37,43,29,14,28,14,14,10,5,5,6,2,4,1,1,0
56584902,81,40,41,38,20,18,34,16,18,7,3,4,2,1,1,0,0,0
56584903,33,21,12,17,15,2,9,5,4,4,1,3,3,0,3,0,0,0
56584904,58,29,29,25,15,10,24,11,13,7,3,4,2,0,2,0,0,0
56584905,39,21,18,17,13,4,16,8,8,3,0,3,3,0,3,0,0,0
56584906,60,33,27,22,14,8,26,13,13,8,5,3,3,0,3,0,0,0
56584907,95,41,54,43,17,26,34,17,17,11,5,6,6,1,5,1,1,0
56584908,31,14,17,11,5,6,15,7,8,4,2,2,1,0,1,0,0,0
56584909,316,147,169,86,46,40,121,64,57,53,26,27,55,11,44,1,0,1
56584911,129,65,64,52,26,26,54,28,26,16,11,5,7,0,7,0,0,0
56584912,106,55,51,39,25,14,48,24,24,11,5,6,7,0,7,1,1,0
56584913,645,334,311,295,167,128,237,121,116,70,37,33,41,9,32,2,0,2
56585701,480,249,231,190,108,82,209,109,100,45,25,20,36,7,29,0,0,0
56586501,48,30,18,19,14,5,20,11,9,8,5,3,1,0,1,0,0,0
56586502,229,108,121,89,49,40,101,50,51,24,6,18,15,3,12,0,0,0
56587301,178,82,96,65,30,35,79,40,39,23,9,14,11,3,8,0,0,0
56588101,405,218,187,181,112,69,145,73,72,41,25,16,36,8,28,1,0,1
56589002,266,123,143,108,53,55,119,59,60,20,8,12,19,3,16,0,0,0
56589003,268,138,130,119,68,51,95,48,47,34,19,15,19,2,17,1,1,0
56590301,301,153,148,125,68,57,117,58,59,32,22,10,24,4,20,3,1,2
56591101,98,47,51,40,21,19,42,21,21,11,5,6,5,0,5,0,0,0
56591102,220,112,108,94,54,40,84,43,41,23,11,12,18,4,14,1,0,1
54248201,69,32,37,34,14,20,22,11,11,9,6,3,4,1,3,0,0,0
54248202,154,73,81,81,39,42,51,25,26,12,6,6,9,2,7,1,1,0
56593801,268,135,133,115,61,54,109,55,54,25,13,12,18,5,13,0,0,0
56594601,505,259,246,212,115,97,196,98,98,59,32,27,36,12,24,2,2,0
56595401,402,209,193,191,109,82,144,73,71,39,20,19,25,5,20,3,2,1
56596201,476,245,231,202,118,84,220,108,112,33,17,16,21,2,19,0,0,0
56596202,293,163,130,163,100,63,82,40,42,34,19,15,13,4,9,1,0,1
56596203,838,420,418,348,189,159,365,185,180,74,38,36,50,8,42,1,0,1
56599701,267,135,132,122,71,51,96,48,48,30,13,17,17,3,14,1,0,1
56599702,48,25,23,20,11,9,15,7,8,11,6,5,1,1,0,1,0,1
56599703,63,34,29,34,21,13,13,6,7,11,6,5,5,1,4,0,0,0
56599704,40,18,22,20,10,10,13,7,6,4,1,3,3,0,3,0,0,0
56600401,396,189,207,150,86,64,159,79,80,57,21,36,30,3,27,0,0,0
56600402,82,43,39,34,22,12,34,17,17,8,3,5,6,1,5,0,0,0
56601201,279,134,145,143,69,74,93,47,46,30,15,15,12,2,10,1,1,0
56602101,407,226,181,193,121,72,143,72,71,34,21,13,35,10,25,1,1,0
56602102,35,19,16,16,10,6,13,7,6,5,2,3,1,0,1,0,0,0
56602103,149,72,77,58,31,27,71,36,35,10,5,5,10,0,10,0,0,0
56602104,68,41,27,23,18,5,24,12,12,12,9,3,9,2,7,0,0,0
56602105,119,56,63,51,27,24,45,22,23,13,6,7,10,1,9,0,0,0
56602106,151,77,74,58,33,25,55,27,28,21,14,7,17,3,14,0,0,0
54254701,392,207,185,164,95,69,177,89,88,39,21,18,12,2,10,0,0,0
54689501,78,40,38,23,13,10,34,17,17,13,7,6,8,3,5,0,0,0
56606301,304,152,152,142,75,67,109,53,56,30,20,10,23,4,19,0,0,0
54257101,1022,537,485,456,273,183,424,211,213,80,40,40,61,12,49,1,1,0
53058101,273,139,134,128,71,57,105,53,52,22,13,9,18,2,16,0,0,0
53058102,29,17,12,16,9,7,6,3,3,6,4,2,1,1,0,0,0,0
54262801,1140,554,586,475,266,209,433,216,217,125,50,75,106,21,85,1,1,0
54262802,135,68,67,54,29,25,63,32,31,12,7,5,6,0,6,0,0,0
56612801,168,87,81,65,39,26,63,30,33,27,15,12,11,1,10,2,2,0
56612802,34,21,13,16,11,5,10,5,5,5,3,2,2,1,1,1,1,0
54686101,1388,706,682,574,306,268,617,313,304,122,67,55,72,19,53,1,1,0
56615201,459,238,221,190,114,76,176,88,88,59,31,28,32,4,28,2,1,1
56615202,179,93,86,82,48,34,66,33,33,12,8,4,19,4,15,0,0,0
56618701,385,201,184,151,88,63,167,82,85,44,24,20,22,6,16,1,1,0
56618702,48,25,23,20,11,9,18,9,9,8,4,4,2,1,1,0,0,0
56618703,86,45,41,31,19,12,37,18,19,10,6,4,8,2,6,0,0,0
56618704,84,44,40,36,19,17,32,16,16,12,8,4,4,1,3,0,0,0
56619501,69,33,36,29,15,14,29,14,15,6,3,3,4,1,3,1,0,1
56619502,343,172,171,130,71,59,143,74,69,34,20,14,35,7,28,1,0,1
56621701,352,172,180,137,73,64,154,76,78,41,22,19,20,1,19,0,0,0
56621702,63,33,30,20,15,5,29,15,14,8,2,6,6,1,5,0,0,0
56621703,206,109,97,72,42,30,94,48,46,28,16,12,12,3,9,0,0,0
56623301,362,185,177,139,81,58,161,81,80,38,23,15,24,0,24,0,0,0
56623302,193,86,107,67,27,40,82,40,42,35,18,17,9,1,8,0,0,0
56624101,281,151,130,126,77,49,103,53,50,28,15,13,21,4,17,1,0,1
56624102,97,55,42,46,29,17,34,17,17,9,6,3,7,3,4,1,0,1
56624103,139,70,69,72,38,34,39,20,19,22,12,10,6,0,6,0,0,0
54642901,123,66,57,50,29,21,54,27,27,8,6,2,11,4,7,0,0,0
54601101,49,30,19,22,17,5,19,9,10,6,3,3,2,1,1,0,0,0
54601102,234,113,121,112,61,51,88,44,44,19,7,12,15,1,14,0,0,0
54601103,162,84,78,70,41,29,62,31,31,16,9,7,14,3,11,0,0,0
54601104,422,224,198,183,111,72,160,81,79,51,23,28,27,8,19,1,1,0
56628401,410,209,201,154,90,64,186,92,94,36,19,17,34,8,26,0,0,0
56628402,23,11,12,11,6,5,9,4,5,1,0,1,1,0,1,1,1,0
56628404,66,30,36,18,9,9,33,15,18,11,5,6,3,0,3,1,1,0
56628405,56,27,29,14,7,7,27,14,13,6,4,2,8,2,6,1,0,1
56628406,45,22,23,15,8,7,14,6,8,11,8,3,5,0,5,0,0,0
53055701,125,63,62,52,27,25,44,23,21,22,12,10,7,1,6,0,0,0
56630601,59,27,32,18,9,9,25,12,13,4,2,2,12,4,8,0,0,0
56630602,22,13,9,11,8,3,5,2,3,4,3,1,2,0,2,0,0,0
56630603,59,30,29,29,21,8,18,9,9,6,0,6,5,0,5,1,0,1
56630604,419,206,213,167,99,68,159,77,82,55,24,31,33,3,30,3,1,2
56630605,35,18,17,19,10,9,14,7,7,1,1,0,1,0,1,0,0,0
56630606,34,15,19,14,7,7,10,5,5,5,3,2,5,0,5,0,0,0
56631401,1842,900,942,797,426,371,665,333,332,227,104,123,142,31,111,9,6,3
56631402,139,71,68,60,35,25,57,29,28,9,5,4,12,1,11,1,1,0
56631403,117,58,59,66,35,31,33,17,16,12,4,8,6,2,4,0,0,0
56631404,202,92,110,82,38,44,78,39,39,20,12,8,20,2,18,1,1,0
56632201,1366,668,698,595,312,283,513,257,256,149,76,73,106,21,85,2,1,1
56634901,97,49,48,49,26,23,34,18,16,7,2,5,7,3,4,0,0,0
56634902,49,27,22,24,12,12,17,9,8,5,4,1,2,1,1,0,0,0
56634903,72,41,31,32,20,12,27,13,14,8,7,1,3,0,3,2,1,1
56634906,41,22,19,23,13,10,11,6,5,4,3,1,3,0,3,0,0,0
56634907,49,24,25,16,8,8,24,13,11,6,1,5,3,2,1,0,0,0
56634909,511,266,245,227,131,96,185,101,84,64,31,33,35,3,32,0,0,0
56634910,54,28,26,21,12,9,27,14,13,4,2,2,2,0,2,0,0,0
56634911,32,16,16,11,5,6,14,7,7,5,3,2,2,1,1,0,0,0
56635701,114,56,58,44,24,20,53,26,27,11,6,5,6,0,6,0,0,0
56635702,38,20,18,13,8,5,18,10,8,6,2,4,1,0,1,0,0,0
56635703,116,60,56,51,29,22,43,22,21,10,6,4,12,3,9,0,0,0
56635704,279,145,134,117,65,52,124,62,62,26,15,11,12,3,9,0,0,0
56635705,147,79,68,63,39,24,51,27,24,22,12,10,11,1,10,0,0,0
56635706,40,21,19,12,7,5,26,13,13,1,1,0,1,0,1,0,0,0
53059001,497,249,248,202,111,91,208,104,104,51,23,28,36,11,25,0,0,0
56638101,266,129,137,136,69,67,89,45,44,32,12,20,9,3,6,0,0,0
56638102,64,37,27,25,17,8,24,12,12,6,5,1,8,2,6,1,1,0
56640301,205,100,105,96,45,51,79,40,39,23,14,9,7,1,6,0,0,0
56640302,69,36,33,23,11,12,33,17,16,12,8,4,1,0,1,0,0,0
56640303,306,154,152,113,59,54,128,63,65,44,29,15,20,3,17,1,0,1
56641101,149,79,70,68,40,28,64,32,32,11,6,5,6,1,5,0,0,0
54687901,457,232,225,162,91,71,204,103,101,54,33,21,37,5,32,0,0,0
0874410,0,0,0,0,0,0,0,0,0,0,0,0,0,0,0,0,0,0
0874910,0,0,0,0,0,0,0,0,0,0,0,0,0,0,0,0,0,0
56597101,143,77,66,56,35,21,55,28,27,21,10,11,11,4,7,0,0,0
56597102,102,55,47,48,29,19,36,18,18,13,7,6,5,1,4,0,0,0
56597103,22,13,9,7,5,2,9,5,4,4,3,1,2,0,2,0,0,0
56597104,2385,1099,1286,1040,539,501,812,407,405,315,114,201,209,33,176,9,6,3
56597105,181,47,134,21,11,10,12,6,6,27,10,17,117,19,98,4,1,3
56597108,928,427,501,427,215,212,276,135,141,147,62,85,72,12,60,4,3,1
56597109,2064,1027,1037,849,489,360,833,413,420,280,109,171,97,13,84,4,2,2
56597110,82,45,37,29,20,9,46,21,25,4,3,1,3,1,2,0,0,0
56597111,100,47,53,59,28,31,20,11,9,10,4,6,9,2,7,2,2,0
56597112,28,15,13,14,9,5,7,3,4,4,3,1,3,0,3,0,0,0
56597113,1695,786,909,740,399,341,549,271,278,248,92,156,149,20,129,7,4,3
56597114,934,454,480,369,207,162,387,194,193,99,38,61,75,12,63,4,3,1
56597115,887,522,365,451,289,162,225,122,103,167,101,66,40,8,32,3,1,2
56597116,588,293,295,286,154,132,227,112,115,61,24,37,10,1,9,1,1,0
56597118,747,376,371,366,201,165,236,126,110,99,40,59,42,7,35,4,2,2
56597119,1060,512,548,497,271,226,339,167,172,150,61,89,73,12,61,1,1,0
56597121,49,22,27,32,14,18,10,5,5,7,3,4,0,0,0,0,0,0
56597122,3901,1764,2137,1659,858,801,1304,641,663,630,222,408,298,37,261,9,6,3
56597123,45,23,22,20,12,8,18,9,9,6,2,4,1,0,1,0,0,0
56597125,29,14,15,5,1,4,15,8,7,6,4,2,3,1,2,0,0,0
56597126,1405,694,711,611,338,273,477,238,239,228,92,136,81,20,61,8,6,2
56597127,188,101,87,83,49,34,89,44,45,14,6,8,2,2,0,0,0,0
0878820,0,0,0,0,0,0,0,0,0,0,0,0,0,0,0,0,0,0
56643801,301,61,240,205,49,156,45,9,36,42,3,39,4,0,4,3,0,3
56643802,90,44,46,35,18,17,35,16,19,10,7,3,9,2,7,1,1,0
56643804,24,13,11,11,5,6,5,3,2,5,4,1,2,0,2,1,1,0
56643805,42,25,17,24,18,6,14,7,7,3,0,3,1,0,1,0,0,0
56643806,87,39,48,28,12,16,39,20,19,11,5,6,9,2,7,0,0,0
56643807,961,489,472,370,219,151,403,199,204,104,53,51,83,17,66,1,1,0
56643809,23,10,13,10,4,6,4,2,2,8,4,4,1,0,1,0,0,0
56645401,442,223,219,192,113,79,180,89,91,47,18,29,22,3,19,1,0,1
56645402,43,23,20,20,11,9,16,9,7,5,3,2,2,0,2,0,0,0
56645403,237,116,121,99,56,43,90,43,47,26,12,14,20,4,16,2,1,1
56645404,208,109,99,91,51,40,86,45,41,19,11,8,11,2,9,1,0,1
56650102,55,23,32,32,12,20,11,6,5,5,3,2,7,2,5,0,0,0
56650104,376,197,179,182,100,82,137,69,68,31,23,8,26,5,21,0,0,0
54263601,116,60,56,45,27,18,47,24,23,7,4,3,17,5,12,0,0,0
56651901,54,27,27,20,10,10,31,15,16,3,2,1,0,0,0,0,0,0
56651904,724,560,164,460,393,67,141,77,64,91,73,18,22,7,15,10,10,0
56651905,124,59,65,82,42,40,26,13,13,10,4,6,6,0,6,0,0,0
56651906,47,26,21,14,10,4,24,13,11,2,2,0,7,1,6,0,0,0
54258001,434,209,225,180,87,93,195,98,97,38,18,20,20,5,15,1,1,0
56652701,307,165,142,140,82,58,120,61,59,28,19,9,17,2,15,2,1,1
56652702,53,25,28,17,9,8,21,10,11,12,6,6,3,0,3,0,0,0
54255501,116,58,58,36,21,15,52,26,26,11,8,3,17,3,14,0,0,0
56653501,415,218,197,159,90,69,171,87,84,56,30,26,26,8,18,1,1,0
56655101,226,110,116,96,53,43,92,46,46,30,11,19,8,0,8,0,0,0
56655102,215,109,106,69,36,33,101,52,49,28,18,10,17,3,14,0,0,0
56655103,196,89,107,69,34,35,81,42,39,21,9,12,23,3,20,2,1,1
56655104,181,89,92,71,37,34,83,42,41,20,10,10,7,0,7,0,0,0
56655105,227,118,109,82,54,28,99,48,51,24,12,12,22,4,18,0,0,0
56655107,909,468,441,400,234,166,363,181,182,89,43,46,56,10,46,1,0,1
56655108,359,177,182,139,77,62,151,78,73,41,19,22,28,3,25,0,0,0
56656001,56,31,25,26,15,11,19,9,10,10,6,4,1,1,0,0,0,0
56656002,140,70,70,67,36,31,57,29,28,9,3,6,7,2,5,0,0,0
56656003,175,88,87,69,41,28,64,32,32,26,11,15,16,4,12,0,0,0
56656004,307,174,133,150,97,53,85,43,42,44,26,18,27,7,20,1,1,0
56657801,141,67,74,70,35,35,46,23,23,17,9,8,7,0,7,1,0,1
56657802,209,103,106,84,47,37,85,42,43,24,12,12,16,2,14,0,0,0
56658601,85,47,38,39,24,15,38,20,18,1,1,0,7,2,5,0,0,0
56658602,119,56,63,38,18,20,66,33,33,9,3,6,6,2,4,0,0,0
56658603,92,48,44,44,26,18,31,16,15,10,5,5,7,1,6,0,0,0
56660801,154,79,75,83,45,38,44,23,21,13,6,7,14,5,9,0,0,0
1232770,0,0,0,0,0,0,0,0,0,0,0,0,0,0,0,0,0,0
3113590,0,0,0,0,0,0,0,0,0,0,0,0,0,0,0,0,0,0
56661601,380,211,169,176,117,59,133,65,68,43,23,20,26,5,21,2,1,1
56661603,61,34,27,21,15,6,26,13,13,9,4,5,5,2,3,0,0,0
56661605,92,46,46,48,26,22,30,15,15,7,4,3,7,1,6,0,0,0
56661606,58,29,29,24,14,10,25,12,13,4,2,2,5,1,4,0,0,0
56661607,26,13,13,13,7,6,6,3,3,4,2,2,2,0,2,1,1,0
56661610,383,206,177,181,112,69,146,73,73,34,17,17,20,4,16,2,0,2
56661611,146,70,76,78,40,38,39,19,20,19,9,10,10,2,8,0,0,0
56661613,30,15,15,9,6,3,14,7,7,5,1,4,2,1,1,0,0,0
56661614,77,43,34,52,30,22,14,7,7,7,6,1,4,0,4,0,0,0
56661615,107,47,60,69,29,40,22,12,10,5,4,1,11,2,9,0,0,0
56661616,1322,701,621,575,345,230,456,230,226,206,103,103,78,19,59,7,4,3
56661617,2351,1064,1287,1013,534,479,705,348,357,356,134,222,264,44,220,13,4,9
56661619,399,209,190,208,114,94,156,78,78,28,15,13,7,2,5,0,0,0
56661621,88,44,44,43,20,23,44,23,21,1,1,0,0,0,0,0,0,0
56661622,47,25,22,15,9,6,19,9,10,11,6,5,2,1,1,0,0,0
56661623,465,223,242,176,90,86,210,108,102,48,21,27,30,3,27,1,1,0
56661624,283,135,148,106,55,51,119,58,61,38,18,20,20,4,16,0,0,0
56662401,157,72,85,79,32,47,52,26,26,18,12,6,8,2,6,0,0,0
56662402,163,77,86,87,45,42,48,23,25,19,8,11,8,0,8,0,0,0
56662403,34,17,17,16,8,8,10,5,5,6,3,3,2,1,1,0,0,0
56662404,42,23,19,11,8,3,22,11,11,7,4,3,2,0,2,0,0,0
56662405,76,43,33,30,21,9,32,16,16,6,5,1,8,1,7,0,0,0
56662407,67,34,33,29,14,15,32,16,16,4,4,0,2,0,2,0,0,0
56662408,137,69,68,59,33,26,50,25,25,18,9,9,9,1,8,1,1,0
56662409,34,17,17,11,6,5,19,10,9,1,1,0,2,0,2,1,0,1
56662410,138,66,72,87,46,41,28,14,14,12,5,7,11,1,10,0,0,0
56662411,140,75,65,66,42,24,52,25,27,14,6,8,8,2,6,0,0,0
56662412,46,28,18,23,14,9,17,9,8,4,4,0,1,1,0,1,0,1
56662413,112,57,55,41,22,19,58,29,29,10,6,4,3,0,3,0,0,0
56662414,44,22,22,18,11,7,16,8,8,7,2,5,3,1,2,0,0,0
56662415,52,31,21,21,12,9,16,8,8,15,11,4,0,0,0,0,0,0
56662417,221,120,101,98,58,40,97,49,48,14,9,5,12,4,8,0,0,0
56662418,1596,804,792,770,442,328,455,231,224,246,104,142,118,23,95,4,3,1
56662420,540,273,267,232,127,105,219,110,109,54,28,26,34,7,27,1,1,0
56662422,499,252,247,276,145,131,136,68,68,58,32,26,26,4,22,3,3,0
56662424,561,284,277,277,164,113,150,75,75,92,36,56,37,6,31,5,3,2
56665902,228,117,111,77,42,35,115,57,58,24,16,8,12,2,10,0,0,0
56666701,53,25,28,19,8,11,25,13,12,3,1,2,6,3,3,0,0,0
56666703,448,225,223,184,114,70,161,80,81,69,26,43,32,3,29,2,2,0
56666704,57,27,30,22,10,12,25,13,12,3,2,1,7,2,5,0,0,0
56671301,22,11,11,4,3,1,12,5,7,5,3,2,1,0,1,0,0,0
56671302,587,296,291,266,145,121,217,108,109,70,40,30,34,3,31,0,0,0
56672101,437,212,225,167,88,79,191,97,94,49,26,23,28,1,27,2,0,2
56672102,20,9,11,6,4,2,10,5,5,2,0,2,1,0,1,1,0,1
1536212,0,0,0,0,0,0,0,0,0,0,0,0,0,0,0,0,0,0
54312801,796,395,401,359,195,164,286,144,142,94,44,50,51,10,41,3,1,2
54312802,61,30,31,19,11,8,30,15,15,9,4,5,3,0,3,0,0,0
54312803,163,86,77,75,45,30,65,32,33,13,5,8,8,2,6,2,2,0
56682901,85,43,42,29,20,9,28,13,15,16,9,7,12,1,11,0,0,0
56682902,43,22,21,18,11,7,15,8,7,6,3,3,4,0,4,0,0,0
56682903,140,77,63,53,33,20,52,27,25,20,13,7,15,4,11,0,0,0
56685301,34,19,15,9,6,3,18,9,9,5,3,2,2,1,1,0,0,0
56685302,59,32,27,19,11,8,29,16,13,3,1,2,8,4,4,0,0,0
56685304,100,50,50,39,21,18,40,20,20,12,5,7,5,1,4,2,1,1
56685305,484,264,220,237,150,87,181,90,91,29,11,18,36,12,24,1,1,0
54617801,84,39,45,29,14,15,32,18,14,9,6,3,13,1,12,1,0,1
3376760,0,0,0,0,0,0,0,0,0,0,0,0,0,0,0,0,0,0
56687001,25,15,10,13,7,6,6,3,3,4,4,0,2,1,1,0,0,0
56687002,50,27,23,27,17,10,12,6,6,4,1,3,4,1,3,1,0,1
56687003,235,125,110,115,64,51,79,42,37,21,11,10,19,7,12,1,1,0
56687004,37,21,16,20,11,9,12,7,5,5,3,2,0,0,0,0,0,0
56689601,424,201,223,190,94,96,171,85,86,34,17,17,27,4,23,2,1,1
56691801,94,47,47,22,13,9,52,27,25,9,4,5,9,1,8,0,0,0
56691802,149,73,76,49,25,24,75,38,37,15,9,6,9,0,9,1,1,0
56692601,190,97,93,61,33,28,95,49,46,23,11,12,11,4,7,0,0,0
56693401,29,14,15,10,5,5,12,6,6,3,3,0,2,0,2,0,0,0
56693402,59,30,29,28,14,14,20,11,9,5,4,1,6,1,5,0,0,0
56693404,32,18,14,18,8,10,7,4,3,6,5,1,1,1,0,0,0,0
56693405,21,14,7,10,6,4,4,3,1,2,2,0,5,3,2,0,0,0
56693407,111,58,53,61,34,27,34,18,16,9,5,4,7,1,6,0,0,0
56693408,1538,764,774,610,351,259,599,300,299,209,91,118,115,18,97,4,3,1
54688701,261,124,137,101,52,49,104,53,51,31,13,18,25,6,19,0,0,0
1711310,0,0,0,0,0,0,0,0,0,0,0,0,0,0,0,0,0,0
56695101,105,56,49,48,30,18,42,20,22,11,5,6,4,1,3,0,0,0
56695102,44,24,20,23,14,9,15,7,8,4,2,2,2,1,1,0,0,0
56695103,328,164,164,130,72,58,131,67,64,43,23,20,23,2,21,0,0,0
53060301,28,13,15,15,6,9,6,3,3,5,2,3,1,1,0,1,1,0
53060302,31,17,14,13,8,5,12,6,6,4,2,2,0,0,0,2,1,1
53060303,37,18,19,14,6,8,15,8,7,4,3,1,4,1,3,0,0,0
56697701,115,53,62,44,19,25,52,25,27,9,7,2,8,0,8,2,2,0
56697702,102,50,52,43,19,24,31,16,15,17,11,6,11,4,7,0,0,0
56697703,35,21,14,12,10,2,16,7,9,2,1,1,4,2,2,1,1,0
56697705,143,70,73,60,30,30,67,34,33,11,6,5,5,0,5,0,0,0
1949300,0,0,0,0,0,0,0,0,0,0,0,0,0,0,0,0,0,0
3369980,0,0,0,0,0,0,0,0,0,0,0,0,0,0,0,0,0,0
56698501,79,41,38,36,20,16,36,18,18,4,3,1,2,0,2,1,0,1
56698502,259,135,124,122,65,57,92,47,45,30,16,14,15,7,8,0,0,0
56698503,26,13,13,10,5,5,14,7,7,1,1,0,1,0,1,0,0,0
56698504,97,48,49,43,24,19,33,16,17,11,5,6,8,1,7,0,0,0
56698505,141,73,68,60,33,27,65,34,31,8,5,3,7,0,7,1,1,0
56698506,86,47,39,36,22,14,34,17,17,12,7,5,4,1,3,0,0,0
56698507,50,27,23,28,17,11,14,7,7,4,2,2,4,1,3,0,0,0
56698508,177,84,93,72,36,36,71,36,35,24,11,13,10,1,9,0,0,0
56698511,3169,1510,1659,1212,671,541,1249,623,626,397,165,232,296,41,255,14,9,5
56698512,1473,655,818,665,346,319,419,205,214,260,82,178,124,18,106,4,3,1
56698513,572,280,292,238,123,115,233,115,118,70,35,35,31,7,24,0,0,0
56698514,25,16,9,7,7,0,15,8,7,3,1,2,0,0,0,0,0,0
56698515,2227,1136,1091,1219,645,574,588,296,292,324,171,153,85,18,67,11,6,5
56698516,1995,913,1082,895,455,440,621,306,315,287,122,165,181,26,155,10,4,6
56698517,37,22,15,11,8,3,22,11,11,1,1,0,3,2,1,0,0,0
56698519,53,28,25,22,15,7,22,11,11,8,2,6,1,0,1,0,0,0
56698520,2244,1061,1183,1046,569,477,697,349,348,306,111,195,191,30,161,4,2,2
56698521,34,17,17,14,7,7,17,9,8,1,1,0,2,0,2,0,0,0
56698522,467,229,238,190,104,86,184,92,92,51,25,26,39,7,32,3,1,2
56698524,73,39,34,27,14,13,32,16,16,13,9,4,1,0,1,0,0,0
56698525,1935,937,998,825,452,373,703,355,348,262,91,171,141,38,103,4,1,3
56698526,177,86,91,63,34,29,83,43,40,13,5,8,17,4,13,0,0,0
56698527,2385,1152,1233,1031,576,455,837,415,422,344,128,216,163,29,134,8,4,4
56698528,65,30,35,29,14,15,25,12,13,6,3,3,5,1,4,0,0,0
56698529,247,124,123,101,58,43,87,43,44,38,18,20,21,5,16,0,0,0
56698530,39,20,19,15,8,7,18,10,8,4,2,2,2,0,2,0,0,0
56698531,335,172,163,158,90,68,121,60,61,35,16,19,19,5,14,1,0,1
53056501,95,44,51,35,17,18,42,20,22,11,6,5,7,1,6,0,0,0
54301201,205,99,106,75,40,35,80,40,40,24,12,12,25,6,19,1,1,0
56701902,101,50,51,39,24,15,38,19,19,19,7,12,5,0,5,0,0,0
56701903,74,35,39,36,19,17,26,12,14,8,4,4,4,0,4,0,0,0
56701904,209,103,106,88,48,40,60,30,30,41,21,20,19,3,16,1,1,0
1968010,0,0,0,0,0,0,0,0,0,0,0,0,0,0,0,0,0,0
1968190,0,0,0,0,0,0,0,0,0,0,0,0,0,0,0,0,0,0
1968270,0,0,0,0,0,0,0,0,0,0,0,0,0,0,0,0,0,0
56704301,1301,641,660,652,353,299,362,181,181,199,91,108,88,16,72,0,0,0
56704302,31,17,14,9,6,3,16,8,8,5,3,2,1,0,1,0,0,0
56704303,30,17,13,15,9,6,14,7,7,0,0,0,1,1,0,0,0,0
56705101,28,14,14,10,6,4,14,7,7,1,1,0,3,0,3,0,0,0
56705102,709,657,52,445,427,18,82,58,24,96,89,7,6,4,2,80,79,1
56705103,61,32,29,23,13,10,26,13,13,7,5,2,5,1,4,0,0,0
56706001,1147,588,559,527,300,227,393,197,196,148,78,70,79,13,66,0,0,0
56706002,27,14,13,10,6,4,12,6,6,3,2,1,2,0,2,0,0,0
56707801,270,138,132,93,55,38,125,66,59,27,12,15,25,5,20,0,0,0
56710801,98,48,50,32,15,17,43,21,22,19,10,9,4,2,2,0,0,0
3237810,0,0,0,0,0,0,0,0,0,0,0,0,0,0,0,0,0,0
56714101,430,222,208,205,117,88,148,73,75,54,29,25,23,3,20,0,0,0
56714102,77,44,33,42,28,14,22,11,11,10,5,5,3,0,3,0,0,0
56714103,121,63,58,54,31,23,52,25,27,13,7,6,2,0,2,0,0,0
1984800,0,0,0,0,0,0,0,0,0,0,0,0,0,0,0,0,0,0
56716701,433,228,205,197,108,89,168,86,82,47,26,21,19,7,12,2,1,1
56716703,23,15,8,12,10,2,7,3,4,3,2,1,1,0,1,0,0,0
0000940,0,0,0,0,0,0,0,0,0,0,0,0,0,0,0,0,0,0
0001080,0,0,0,0,0,0,0,0,0,0,0,0,0,0,0,0,0,0
0292540,0,0,0,0,0,0,0,0,0,0,0,0,0,0,0,0,0,0
56717502,232,121,111,103,61,42,88,45,43,26,13,13,15,2,13,0,0,0
56717503,1811,923,888,820,469,351,664,331,333,193,98,95,131,23,108,2,2,0
56717504,47,20,27,19,9,10,19,8,11,6,3,3,2,0,2,1,0,1
56719101,31,16,15,10,5,5,19,10,9,2,1,1,0,0,0,0,0,0
56719102,47,17,30,20,4,16,21,11,10,4,2,2,2,0,2,0,0,0
56719103,39,22,17,3,2,1,26,13,13,6,5,1,4,2,2,0,0,0
56719104,53,28,25,23,13,10,20,10,10,10,5,5,0,0,0,0,0,0
56722101,174,92,82,60,35,25,86,43,43,21,12,9,7,2,5,0,0,0
56722102,49,29,20,23,16,7,20,11,9,3,2,1,3,0,3,0,0,0
56724801,38,23,15,14,11,3,17,8,9,6,4,2,1,0,1,0,0,0
56724802,122,59,63,55,26,29,49,25,24,12,7,5,6,1,5,0,0,0
56724803,38,25,13,12,10,2,17,9,8,5,4,1,4,2,2,0,0,0
0861420,0,0,0,0,0,0,0,0,0,0,0,0,0,0,0,0,0,0
0861930,0,0,0,0,0,0,0,0,0,0,0,0,0,0,0,0,0,0
3367340,0,0,0,0,0,0,0,0,0,0,0,0,0,0,0,0,0,0
3367420,0,0,0,0,0,0,0,0,0,0,0,0,0,0,0,0,0,0
56725601,1641,806,835,733,398,335,570,287,283,215,92,123,115,26,89,7,3,4
56725602,226,114,112,73,42,31,113,58,55,20,12,8,20,2,18,0,0,0
56725603,3095,1525,1570,1937,1010,927,666,327,339,335,144,191,144,35,109,13,9,4
56725604,573,294,279,224,150,74,157,80,77,87,46,41,104,18,86,1,0,1
56725606,117,65,52,61,37,24,35,18,17,14,8,6,7,2,5,0,0,0
56725607,57,33,24,18,12,6,26,13,13,10,7,3,3,1,2,0,0,0
56725608,54,34,20,39,23,16,5,2,3,8,8,0,1,0,1,1,1,0
56725609,1356,695,661,580,327,253,531,267,264,153,80,73,92,21,71,0,0,0
56725610,87,56,31,54,36,18,12,8,4,20,12,8,1,0,1,0,0,0
56725611,61,31,30,25,11,14,29,15,14,6,5,1,1,0,1,0,0,0
56725612,25,12,13,14,8,6,8,4,4,2,0,2,1,0,1,0,0,0
56725615,38,21,17,8,6,2,22,11,11,6,3,3,2,1,1,0,0,0
56725616,29,17,12,10,7,3,11,6,5,5,4,1,3,0,3,0,0,0
56725617,1993,992,1001,916,515,401,643,318,325,292,130,162,130,26,104,6,3,3
56725618,2303,1202,1101,1163,676,487,593,299,294,397,199,198,142,23,119,4,3,1
56725619,76,39,37,28,18,10,35,18,17,9,3,6,4,0,4,0,0,0
56725620,47,22,25,11,7,4,25,12,13,6,3,3,5,0,5,0,0,0
56725621,802,407,395,367,212,155,259,129,130,120,50,70,54,16,38,1,0,1
56725622,514,241,273,224,118,106,145,72,73,108,40,68,34,8,26,3,3,0
56725623,2695,1231,1464,1097,572,525,848,426,422,465,183,282,275,46,229,6,3,3
56725624,45,19,26,26,8,18,13,7,6,6,4,2,0,0,0,0,0,0
56725625,43,26,17,17,12,5,22,12,10,2,1,1,2,1,1,0,0,0
56725626,1878,907,971,756,412,344,701,350,351,264,115,149,154,28,126,3,2,1
56725627,1723,796,927,722,371,351,545,272,273,283,118,165,164,32,132,6,2,4
56725628,2910,1420,1490,1243,695,548,847,428,419,546,236,310,264,54,210,10,7,3
56726401,1941,971,970,961,516,445,665,337,328,210,102,108,103,16,87,2,0,2
56726402,803,378,425,290,146,144,379,187,192,86,38,48,46,5,41,2,2,0
56726403,872,440,432,336,194,142,334,171,163,119,59,60,80,14,66,3,2,1
56727201,663,344,319,301,169,132,247,123,124,80,42,38,35,10,25,0,0,0
56728101,457,226,231,187,101,86,184,92,92,53,28,25,33,5,28,0,0,0
56728102,91,49,42,34,20,14,39,19,20,16,10,6,2,0,2,0,0,0
0165350,0,0,0,0,0,0,0,0,0,0,0,0,0,0,0,0,0,0
0409590,0,0,0,0,0,0,0,0,0,0,0,0,0,0,0,0,0,0
56729901,195,102,93,84,48,36,85,42,43,19,10,9,7,2,5,0,0,0
56729902,30,17,13,11,7,4,12,6,6,6,4,2,1,0,1,0,0,0
0829611,0,0,0,0,0,0,0,0,0,0,0,0,0,0,0,0,0,0
56730201,463,250,213,221,131,90,161,82,79,52,30,22,26,5,21,3,2,1
3115880,0,0,0,0,0,0,0,0,0,0,0,0,0,0,0,0,0,0
56731101,1743,844,899,700,397,303,609,304,305,254,105,149,174,34,140,5,3,2
56731103,1071,505,566,412,215,197,461,227,234,120,47,73,78,16,62,0,0,0
56731104,1855,873,982,855,459,396,513,253,260,305,138,167,179,22,157,3,1,2
0165510,0,0,0,0,0,0,0,0,0,0,0,0,0,0,0,0,0,0
0330900,0,0,0,0,0,0,0,0,0,0,0,0,0,0,0,0,0,0
0450120,0,0,0,0,0,0,0,0,0,0,0,0,0,0,0,0,0,0
0688880,0,0,0,0,0,0,0,0,0,0,0,0,0,0,0,0,0,0
0693290,0,0,0,0,0,0,0,0,0,0,0,0,0,0,0,0,0,0
0693370,0,0,0,0,0,0,0,0,0,0,0,0,0,0,0,0,0,0
0693450,0,0,0,0,0,0,0,0,0,0,0,0,0,0,0,0,0,0
0993500,0,0,0,0,0,0,0,0,0,0,0,0,0,0,0,0,0,0
0994570,0,0,0,0,0,0,0,0,0,0,0,0,0,0,0,0,0,0
0994730,0,0,0,0,0,0,0,0,0,0,0,0,0,0,0,0,0,0
0995710,0,0,0,0,0,0,0,0,0,0,0,0,0,0,0,0,0,0
0996780,0,0,0,0,0,0,0,0,0,0,0,0,0,0,0,0,0,0
0996940,0,0,0,0,0,0,0,0,0,0,0,0,0,0,0,0,0,0
0997410,0,0,0,0,0,0,0,0,0,0,0,0,0,0,0,0,0,0
1492090,0,0,0,0,0,0,0,0,0,0,0,0,0,0,0,0,0,0
1705420,0,0,0,0,0,0,0,0,0,0,0,0,0,0,0,0,0,0
3115960,0,0,0,0,0,0,0,0,0,0,0,0,0,0,0,0,0,0
3116000,0,0,0,0,0,0,0,0,0,0,0,0,0,0,0,0,0,0
3189900,0,0,0,0,0,0,0,0,0,0,0,0,0,0,0,0,0,0
3190070,0,0,0,0,0,0,0,0,0,0,0,0,0,0,0,0,0,0
3190400,0,0,0,0,0,0,0,0,0,0,0,0,0,0,0,0,0,0
3367000,0,0,0,0,0,0,0,0,0,0,0,0,0,0,0,0,0,0
3367510,0,0,0,0,0,0,0,0,0,0,0,0,0,0,0,0,0,0
3367690,0,0,0,0,0,0,0,0,0,0,0,0,0,0,0,0,0,0
3367770,0,0,0,0,0,0,0,0,0,0,0,0,0,0,0,0,0,0
3367850,0,0,0,0,0,0,0,0,0,0,0,0,0,0,0,0,0,0
3367930,0,0,0,0,0,0,0,0,0,0,0,0,0,0,0,0,0,0
56702701,462,235,227,182,101,81,219,110,109,41,22,19,20,2,18,0,0,0
56702704,41,20,21,27,13,14,4,2,2,8,4,4,2,1,1,0,0,0
56702705,234,118,116,95,54,41,99,48,51,21,9,12,17,5,12,2,2,0
56702706,29,16,13,13,6,7,10,5,5,3,3,0,3,2,1,0,0,0
56702707,198,150,48,106,81,25,27,24,3,55,39,16,6,3,3,3,3,0
56702710,261,130,131,104,57,47,121,60,61,21,10,11,15,3,12,0,0,0
56702711,286,139,147,90,48,42,147,75,72,22,11,11,26,4,22,1,1,0
56702712,840,407,433,312,160,152,402,200,202,85,37,48,41,10,31,0,0,0
56702713,8466,4102,4364,3523,1910,1613,3133,1565,1568,1303,513,790,479,97,382,17,11,6
56702714,1149,570,579,456,254,202,438,222,216,148,69,79,102,20,82,5,5,0
56702716,688,350,338,542,294,248,58,28,30,64,22,42,22,5,17,2,1,1
56702718,3948,1913,2035,1831,1016,815,1044,521,523,705,286,419,347,74,273,15,10,5
56702719,25,19,6,17,14,3,5,3,2,3,2,1,0,0,0,0,0,0
56702721,3567,1713,1854,1924,1024,900,708,367,341,647,267,380,274,50,224,6,4,2
56702722,426,205,221,187,105,82,149,73,76,54,21,33,32,3,29,4,3,1
56702724,276,137,139,121,61,60,142,70,72,13,6,7,0,0,0,0,0,0
56702725,130,61,69,53,24,29,62,31,31,10,5,5,5,1,4,0,0,0
56702726,666,347,319,243,139,104,359,178,181,41,23,18,22,7,15,1,0,1
56702727,4617,2122,2495,2119,1108,1011,1286,641,645,742,286,456,462,81,381,6,5,1
56702728,4653,2187,2466,2115,1127,988,1345,674,671,782,304,478,396,72,324,13,10,3
56702730,2271,1068,1203,981,520,461,799,400,399,302,117,185,181,27,154,8,4,4
56702731,55,28,27,16,9,7,29,15,14,8,4,4,2,0,2,0,0,0
56702732,772,378,394,311,173,138,307,153,154,85,39,46,67,11,56,2,2,0
56702733,825,640,185,539,425,114,72,48,24,207,165,42,7,2,5,0,0,0
56702734,6158,2871,3287,2638,1404,1234,1805,895,910,1114,460,654,586,102,484,12,8,4
56702735,188,102,86,80,47,33,89,45,44,16,8,8,1,0,1,0,0,0
56702736,7005,3292,3713,3321,1744,1577,2202,1096,1106,1111,391,720,352,53,299,10,5,5
56702737,342,116,226,72,35,37,46,25,21,59,28,31,158,26,132,7,2,5
56702738,24,11,13,9,3,6,7,4,3,5,4,1,3,0,3,0,0,0
56702739,3679,1744,1935,1590,875,715,1225,608,617,542,207,335,306,46,260,11,5,6
56702740,2823,1388,1435,1613,845,768,646,322,324,424,187,237,120,21,99,11,7,4
56702741,6024,2878,3146,2868,1540,1328,1766,888,878,950,373,577,424,68,356,13,7,6
56702742,178,96,82,67,42,25,79,39,40,26,13,13,5,1,4,0,0,0
56732902,102,54,48,44,25,19,35,17,18,15,9,6,8,3,5,0,0,0
56732903,28,15,13,13,7,6,11,6,5,4,2,2,0,0,0,0,0,0
56732904,315,159,156,131,68,63,118,57,61,48,30,18,16,3,13,2,1,1
56733701,184,92,92,82,44,38,74,37,37,19,7,12,8,3,5,1,1,0
56733702,69,35,34,24,15,9,23,12,11,16,8,8,6,0,6,0,0,0
56733703,1604,823,781,1010,549,461,325,162,163,182,94,88,83,17,66,2,1,1
56734501,457,224,233,181,94,87,202,100,102,42,22,20,30,7,23,2,1,1
56735301,226,121,105,96,56,40,85,43,42,28,17,11,16,5,11,1,0,1
56736101,68,36,32,21,12,9,33,16,17,9,5,4,5,3,2,0,0,0
56736102,45,23,22,10,4,6,29,15,14,6,4,2,0,0,0,0,0,0
56736103,154,82,72,49,31,18,78,38,40,17,9,8,8,2,6,0,0,0
3308330,0,0,0,0,0,0,0,0,0,0,0,0,0,0,0,0,0,0
54643701,115,56,59,38,20,18,60,30,30,11,5,6,6,1,5,0,0,0
56742601,128,65,63,57,37,20,44,22,22,13,5,8,14,1,13,0,0,0
56742602,325,178,147,122,75,47,149,77,72,32,21,11,21,4,17,1,1,0
0043590,0,0,0,0,0,0,0,0,0,0,0,0,0,0,0,0,0,0
0148510,0,0,0,0,0,0,0,0,0,0,0,0,0,0,0,0,0,0
0584750,0,0,0,0,0,0,0,0,0,0,0,0,0,0,0,0,0,0
3116260,0,0,0,0,0,0,0,0,0,0,0,0,0,0,0,0,0,0
3190740,0,0,0,0,0,0,0,0,0,0,0,0,0,0,0,0,0,0
56745101,154,84,70,54,37,17,71,36,35,19,9,10,10,2,8,0,0,0
56745103,41,27,14,17,14,3,12,6,6,8,5,3,4,2,2,0,0,0
56745105,332,166,166,150,81,69,126,63,63,33,16,17,21,5,16,2,1,1
56745106,434,217,217,197,103,94,156,78,78,52,28,24,28,7,21,1,1,0
56745107,403,200,203,189,104,85,143,72,71,38,15,23,29,7,22,0,0,0
56745108,56,30,26,22,14,8,18,10,8,11,4,7,5,2,3,0,0,0
56745109,920,421,499,414,227,187,266,133,133,139,43,96,97,16,81,4,2,2
56745110,800,366,434,302,155,147,314,154,160,82,32,50,94,18,76,6,5,1
56745111,1041,523,518,426,234,192,409,214,195,136,60,76,64,12,52,6,3,3
56745112,1822,912,910,1099,583,516,344,177,167,243,116,127,129,32,97,7,4,3
56745113,3376,1597,1779,1617,858,759,953,476,477,500,199,301,289,56,233,17,8,9
56745115,2121,1045,1076,887,503,384,750,377,373,332,143,189,145,18,127,7,4,3
56745116,109,53,56,42,24,18,39,21,18,22,8,14,6,0,6,0,0,0
56745119,537,321,216,293,190,103,140,72,68,86,56,30,14,1,13,2,2,0
56745120,1916,959,957,836,476,360,663,328,335,264,117,147,149,37,112,1,1,0
56745121,42,24,18,13,10,3,18,9,9,7,5,2,4,0,4,0,0,0
56746901,48,22,26,18,7,11,17,9,8,9,4,5,2,0,2,0,0,0
56746902,357,180,177,148,80,68,137,67,70,38,24,14,31,7,24,1,0,1
56747702,520,224,296,157,92,65,162,81,81,66,24,42,128,27,101,7,0,7
56747703,73,34,39,28,14,14,38,19,19,4,1,3,3,0,3,0,0,0
56747704,102,55,47,40,24,16,46,22,24,10,5,5,6,4,2,0,0,0
56747705,56,29,27,23,11,12,26,13,13,4,3,1,2,2,0,1,0,1
56747706,548,266,282,213,114,99,239,120,119,51,22,29,43,8,35,2,2,0
56747707,465,232,233,203,111,92,182,92,90,58,27,31,22,2,20,0,0,0
56747708,63,35,28,32,20,12,23,12,11,5,3,2,3,0,3,0,0,0
56747709,71,39,32,18,14,4,34,16,18,15,7,8,4,2,2,0,0,0
56748501,69,31,38,27,13,14,32,15,17,4,2,2,6,1,5,0,0,0
56748502,204,109,95,83,50,33,85,42,43,28,15,13,8,2,6,0,0,0
56748503,98,47,51,38,19,19,41,20,21,12,7,5,7,1,6,0,0,0
56748504,71,35,36,25,14,11,36,19,17,4,1,3,6,1,5,0,0,0
56748505,93,49,44,44,27,17,34,17,17,9,5,4,6,0,6,0,0,0
56748506,203,104,99,77,45,32,93,47,46,25,11,14,8,1,7,0,0,0
56748507,105,52,53,34,20,14,49,25,24,10,4,6,12,3,9,0,0,0
56748508,41,24,17,13,9,4,25,13,12,3,2,1,0,0,0,0,0,0
0334480,0,0,0,0,0,0,0,0,0,0,0,0,0,0,0,0,0,0
0334810,0,0,0,0,0,0,0,0,0,0,0,0,0,0,0,0,0,0
56750701,120,61,59,50,24,26,46,23,23,14,10,4,9,3,6,1,1,0
56750702,345,174,171,138,70,68,144,74,70,47,20,27,16,10,6,0,0,0
56750703,268,130,138,112,58,54,92,47,45,40,18,22,23,6,17,1,1,0
56750704,508,243,265,246,131,115,162,80,82,70,25,45,29,6,23,1,1,0
56750705,676,328,348,279,141,138,263,133,130,79,39,40,54,14,40,1,1,0
56750706,227,109,118,91,43,48,108,54,54,12,7,5,16,5,11,0,0,0
56750707,77,36,41,37,18,19,30,15,15,3,2,1,7,1,6,0,0,0
56750709,248,126,122,107,59,48,98,49,49,30,16,14,13,2,11,0,0,0
56750710,236,107,129,96,51,45,61,30,31,34,17,17,42,8,34,3,1,2
56750711,934,476,458,487,263,224,257,128,129,124,66,58,63,16,47,1,1,0
56750712,563,273,290,233,119,114,234,116,118,64,26,38,31,12,19,1,0,1
56750713,1587,722,865,609,316,293,482,242,240,257,118,139,232,42,190,7,4,3
56750714,1707,856,851,768,425,343,575,288,287,240,118,122,121,24,97,3,1,2
56750715,64,33,31,29,16,13,22,11,11,5,4,1,7,1,6,1,1,0
0337740,0,0,0,0,0,0,0,0,0,0,0,0,0,0,0,0,0,0
0848240,0,0,0,0,0,0,0,0,0,0,0,0,0,0,0,0,0,0
1986760,0,0,0,0,0,0,0,0,0,0,0,0,0,0,0,0,0,0
56751501,218,112,106,106,58,48,89,45,44,18,9,9,5,0,5,0,0,0
56751502,184,99,85,76,43,33,86,43,43,16,10,6,6,3,3,0,0,0
56751503,750,420,330,426,260,166,198,101,97,93,50,43,27,4,23,5,4,1
56751504,67,34,33,41,18,23,11,6,5,13,8,5,2,2,0,0,0,0
56751505,1326,684,642,840,455,385,265,130,135,163,84,79,55,14,41,2,1,1
56751506,61,31,30,31,15,16,23,12,11,5,4,1,2,0,2,0,0,0
56751507,1313,615,698,548,293,255,390,198,192,241,101,140,131,22,109,1,1,0
56751508,1783,857,926,783,421,362,609,305,304,236,103,133,149,26,123,0,0,0
56751509,1470,710,760,626,343,283,511,254,257,223,88,135,107,24,83,3,1,2
56751510,1334,612,722,574,299,275,429,210,219,178,81,97,150,22,128,3,0,3
56752301,181,91,90,78,38,40,88,44,44,12,8,4,3,1,2,0,0,0
56752302,1140,595,545,531,309,222,444,221,223,102,51,51,62,14,48,1,0,1
56753101,1173,596,577,607,333,274,350,175,175,133,69,64,79,16,63,4,3,1
56755801,1331,659,672,557,309,248,520,261,259,146,71,75,106,17,89,2,1,1
56755802,140,74,66,56,32,24,56,28,28,22,12,10,6,2,4,0,0,0
56755803,127,69,58,65,38,27,42,21,21,12,7,5,6,2,4,2,1,1
56755804,355,182,173,148,82,66,154,78,76,29,16,13,23,5,18,0,0,0
1387110,0,0,0,0,0,0,0,0,0,0,0,0,0,0,0,0,0,0
1387200,0,0,0,0,0,0,0,0,0,0,0,0,0,0,0,0,0,0
1387380,0,0,0,0,0,0,0,0,0,0,0,0,0,0,0,0,0,0
56756601,363,186,177,167,94,73,136,68,68,37,19,18,21,4,17,2,1,1
56756602,64,35,29,27,17,10,24,12,12,9,5,4,4,1,3,0,0,0
56756603,39,21,18,11,7,4,22,11,11,5,3,2,1,0,1,0,0,0
56756604,118,56,62,43,22,21,53,27,26,13,6,7,8,0,8,1,1,0
56756605,55,28,27,21,10,11,25,12,13,6,4,2,3,2,1,0,0,0
56756606,184,93,91,75,42,33,82,41,41,17,8,9,10,2,8,0,0,0
56756607,36,20,16,21,13,8,6,3,3,5,3,2,4,1,3,0,0,0
56756608,78,42,36,30,18,12,30,15,15,12,7,5,6,2,4,0,0,0
56756610,94,44,50,33,19,14,43,22,21,9,3,6,9,0,9,0,0,0
0583270,0,0,0,0,0,0,0,0,0,0,0,0,0,0,0,0,0,0
56758201,315,167,148,143,75,68,117,60,57,42,27,15,13,5,8,0,0,0
56758202,593,304,289,244,137,107,258,129,129,53,27,26,36,9,27,0,0,0
56760401,430,221,209,187,102,85,172,87,85,56,29,27,15,3,12,0,0,0
56761202,932,478,454,384,213,171,401,203,198,83,44,39,63,17,46,1,1,0
56762101,1767,868,899,806,443,363,596,302,294,230,96,134,127,22,105,7,5,2
56762102,1268,592,676,546,295,251,447,221,226,179,58,121,89,15,74,3,1,2
56762103,103,57,46,45,27,18,47,23,24,7,5,2,4,2,2,0,0,0
0753290,0,0,0,0,0,0,0,0,0,0,0,0,0,0,0,0,0,0
0753612,0,0,0,0,0,0,0,0,0,0,0,0,0,0,0,0,0,0
0753960,0,0,0,0,0,0,0,0,0,0,0,0,0,0,0,0,0,0
3157530,0,0,0,0,0,0,0,0,0,0,0,0,0,0,0,0,0,0
3418780,0,0,0,0,0,0,0,0,0,0,0,0,0,0,0,0,0,0
3418860,0,0,0,0,0,0,0,0,0,0,0,0,0,0,0,0,0,0
3418940,0,0,0,0,0,0,0,0,0,0,0,0,0,0,0,0,0,0
56763901,2844,1415,1429,1231,694,537,1007,500,507,401,184,217,197,33,164,5,1,4
56763902,962,456,506,385,208,177,375,187,188,104,37,67,93,21,72,4,2,2
56763903,205,110,95,93,52,41,89,47,42,16,7,9,7,4,3,0,0,0
56763904,3149,1539,1610,1596,844,752,871,431,440,462,220,242,204,38,166,12,5,7
56763905,373,187,186,138,77,61,173,86,87,36,14,22,23,7,16,0,0,0
56763906,100,52,48,41,20,21,45,23,22,11,9,2,3,0,3,0,0,0
56763907,796,393,403,299,157,142,365,187,178,85,37,48,47,12,35,0,0,0
56763908,96,52,44,30,19,11,45,22,23,11,9,2,8,0,8,0,0,0
56763909,793,421,372,312,191,121,352,174,178,74,40,34,54,15,39,1,1,0
56763910,54,32,22,27,19,8,11,6,5,10,4,6,5,2,3,1,1,0
56763912,291,140,151,131,66,65,108,55,53,35,18,17,16,0,16,0,0,0
56763913,137,74,63,67,37,30,55,28,27,13,8,5,2,1,1,0,0,0
56763914,1556,725,831,656,337,319,538,266,272,227,95,132,131,25,106,3,2,1
56763915,750,363,387,352,183,169,266,134,132,85,39,46,46,7,39,0,0,0
56764701,689,345,344,301,167,134,268,135,133,68,27,41,51,16,35,1,0,1
56765501,508,254,254,235,133,102,159,79,80,81,34,47,30,6,24,3,2,1
54690901,68,36,32,29,18,11,31,15,16,4,2,2,4,1,3,0,0,0
54690902,73,39,34,27,16,11,30,16,14,10,6,4,5,1,4,1,0,1
56769801,248,121,127,110,56,54,96,49,47,26,14,12,16,2,14,0,0,0
56769802,53,27,26,21,12,9,28,14,14,4,1,3,0,0,0,0,0,0
56770101,220,110,110,87,46,41,85,43,42,33,16,17,14,5,9,1,0,1
56771001,287,142,145,115,61,54,130,66,64,28,12,16,12,2,10,2,1,1
56771002,82,40,42,29,16,13,34,17,17,11,6,5,8,1,7,0,0,0
56771003,356,196,160,151,92,59,145,74,71,37,24,13,23,6,17,0,0,0
56771004,79,44,35,28,17,11,33,17,16,11,8,3,7,2,5,0,0,0
56771005,20,9,11,9,3,6,5,3,2,6,3,3,0,0,0,0,0,0
56771006,206,107,99,95,51,44,78,40,38,21,12,9,12,4,8,0,0,0
0983290,0,0,0,0,0,0,0,0,0,0,0,0,0,0,0,0,0,0
0983370,0,0,0,0,0,0,0,0,0,0,0,0,0,0,0,0,0,0
56772801,132,79,53,67,44,23,37,21,16,21,12,9,6,1,5,1,1,0
56772802,40,21,19,15,8,7,17,9,8,5,3,2,3,1,2,0,0,0
56775201,2054,1028,1026,872,465,407,773,387,386,252,142,110,148,30,118,4,3,1
56776101,111,55,56,55,30,25,29,14,15,13,7,6,14,4,10,0,0,0
56776102,244,121,123,113,58,55,99,50,49,15,9,6,17,4,13,0,0,0
56776103,23,10,13,9,4,5,11,5,6,2,1,1,1,0,1,0,0,0
56776104,32,16,16,10,7,3,14,7,7,5,2,3,3,0,3,0,0,0
56776105,140,68,72,66,34,32,50,25,25,15,7,8,9,2,7,0,0,0
56776106,202,94,108,85,42,43,83,41,42,18,7,11,15,4,11,1,0,1
1129760,0,0,0,0,0,0,0,0,0,0,0,0,0,0,0,0,0,0
1129920,0,0,0,0,0,0,0,0,0,0,0,0,0,0,0,0,0,0
3117310,0,0,0,0,0,0,0,0,0,0,0,0,0,0,0,0,0,0
3117400,0,0,0,0,0,0,0,0,0,0,0,0,0,0,0,0,0,0
3117580,0,0,0,0,0,0,0,0,0,0,0,0,0,0,0,0,0,0
56777901,24,12,12,3,1,2,15,8,7,5,3,2,1,0,1,0,0,0
56777902,60,30,30,25,14,11,25,12,13,5,3,2,5,1,4,0,0,0
56777903,1501,692,809,588,323,265,480,239,241,238,95,143,190,32,158,5,3,2
56777904,893,464,429,428,237,191,323,161,162,106,58,48,34,7,27,2,1,1
56777905,1170,578,592,482,253,229,511,258,253,110,51,59,66,16,50,1,0,1
56777906,884,457,427,364,212,152,373,183,190,98,51,47,45,9,36,3,2,1
56778701,2383,1217,1166,939,540,399,1025,513,512,263,133,130,155,30,125,1,1,0
56778702,233,117,116,88,49,39,87,44,43,38,20,18,19,3,16,1,1,0
56780901,64,32,32,26,12,14,27,14,13,8,5,3,3,1,2,0,0,0
56780902,63,31,32,27,16,11,28,14,14,4,1,3,4,0,4,0,0,0
56780903,402,212,190,152,92,60,160,81,79,67,36,31,21,3,18,0,0,0
56780904,120,63,57,50,30,20,49,23,26,11,6,5,9,3,6,1,1,0
56780905,107,56,51,45,25,20,40,22,18,16,9,7,6,0,6,0,0,0
56780906,39,21,18,13,8,5,18,9,9,6,3,3,2,1,1,0,0,0
56783301,284,141,143,122,63,59,118,59,59,25,13,12,19,6,13,0,0,0
56783302,174,95,79,74,43,31,75,38,37,20,12,8,4,1,3,1,1,0
1603420,0,0,0,0,0,0,0,0,0,0,0,0,0,0,0,0,0,0
56784101,226,112,114,94,53,41,91,46,45,28,13,15,13,0,13,0,0,0
56784102,82,41,41,47,24,23,20,10,10,8,5,3,6,2,4,1,0,1
56784103,183,90,93,79,42,37,73,36,37,18,8,10,13,4,9,0,0,0
56784104,275,132,143,115,56,59,104,53,51,33,18,15,23,5,18,0,0,0
56784105,166,95,71,62,45,17,78,39,39,14,7,7,12,4,8,0,0,0
56784106,59,37,22,22,18,4,29,15,14,6,4,2,2,0,2,0,0,0
1661970,0,0,0,0,0,0,0,0,0,0,0,0,0,0,0,0,0,0
1662270,0,0,0,0,0,0,0,0,0,0,0,0,0,0,0,0,0,0
1662350,0,0,0,0,0,0,0,0,0,0,0,0,0,0,0,0,0,0
56744201,85,50,35,46,30,16,24,14,10,13,5,8,2,1,1,0,0,0
56744202,566,286,280,238,128,110,252,126,126,43,22,21,33,10,23,0,0,0
56744203,1144,576,568,441,255,186,514,256,258,106,45,61,81,20,61,2,0,2
56744204,46,28,18,20,15,5,13,7,6,13,6,7,0,0,0,0,0,0
56744205,68,28,40,23,9,14,24,12,12,17,7,10,4,0,4,0,0,0
56744206,3902,1909,1993,1558,841,717,1185,647,538,738,331,407,389,66,323,30,24,6
56744207,799,391,408,319,183,136,275,137,138,123,56,67,77,14,63,5,1,4
56744208,2560,1224,1336,1124,601,523,864,431,433,414,162,252,139,21,118,18,9,9
56744209,41,23,18,13,8,5,19,9,10,5,3,2,4,3,1,0,0,0
56744210,4799,2262,2537,1798,1012,786,1770,885,885,739,280,459,477,78,399,12,5,7
56744211,4817,2254,2563,2205,1140,1065,1418,699,719,827,337,490,346,65,281,14,10,4
56744212,662,311,351,246,143,103,265,132,133,84,25,59,65,10,55,2,1,1
56744213,4692,2263,2429,2048,1106,942,1612,810,802,722,290,432,292,45,247,14,8,6
56744214,267,134,133,112,58,54,116,58,58,28,16,12,10,1,9,1,1,0
56744215,2816,1380,1436,1353,704,649,883,449,434,415,190,225,155,29,126,7,6,1
56744216,408,202,206,211,110,101,139,71,68,39,16,23,18,4,14,1,1,0
56744218,1315,653,662,556,305,251,489,240,249,217,97,120,49,9,40,2,2,0
56744219,1130,556,574,474,265,209,382,189,193,197,79,118,66,16,50,11,7,4
56744220,2139,1048,1091,982,560,422,609,309,300,372,154,218,164,18,146,11,7,4
56744221,111,58,53,59,31,28,29,17,12,19,9,10,4,1,3,0,0,0
56744222,1076,515,561,404,218,186,487,242,245,114,43,71,69,11,58,1,0,1
56744223,1741,880,861,922,514,408,455,227,228,282,117,165,74,15,59,7,6,1
56744224,2295,1233,1062,1140,692,448,544,269,275,456,238,218,140,27,113,12,5,7
56744225,1040,491,549,465,248,217,304,148,156,155,72,83,109,18,91,5,3,2
56744227,2462,1190,1272,1218,653,565,669,330,339,413,175,238,153,29,124,9,3,6
56744228,22,11,11,9,6,3,8,4,4,3,1,2,2,0,2,0,0,0
56744229,1646,791,855,644,355,289,656,325,331,208,81,127,133,28,105,5,2,3
56744231,368,198,170,223,132,91,81,42,39,46,19,27,16,3,13,1,1,0
56744232,1688,816,872,810,418,392,533,265,268,256,114,142,86,19,67,2,0,2
56744233,908,429,479,369,195,174,350,175,175,119,44,75,63,12,51,5,3,2
56744234,2057,963,1094,801,433,368,780,389,391,290,101,189,184,38,146,2,2,0
56744235,758,364,394,262,132,130,347,172,175,88,47,41,60,12,48,1,1,0
56785002,60,29,31,21,12,9,27,13,14,8,3,5,4,1,3,0,0,0
56785003,771,384,387,371,213,158,211,106,105,134,57,77,54,7,47,1,1,0
56786801,138,70,68,52,28,24,72,36,36,7,4,3,7,2,5,0,0,0
56786802,267,138,129,111,66,45,122,62,60,19,9,10,15,1,14,0,0,0
56786803,65,38,27,24,17,7,27,14,13,7,5,2,6,2,4,1,0,1
56786804,387,188,199,172,96,76,139,69,70,42,21,21,34,2,32,0,0,0
56786806,280,145,135,120,68,52,108,54,54,34,16,18,16,5,11,0,0,0
56787602,79,40,39,33,18,15,28,15,13,15,6,9,2,0,2,1,1,0
56787603,432,219,213,181,99,82,170,86,84,48,26,22,32,8,24,1,0,1
56788401,23,14,9,6,5,1,10,5,5,6,4,2,1,0,1,0,0,0
56788402,192,100,92,82,47,35,72,36,36,30,16,14,8,1,7,0,0,0
56793101,539,276,263,195,107,88,233,118,115,82,41,41,27,8,19,0,0,0
56795701,206,105,101,96,54,42,80,40,40,17,9,8,12,1,11,1,1,0
56797301,39,21,18,14,6,8,10,5,5,11,9,2,4,1,3,0,0,0
56797302,30,14,16,10,6,4,15,7,8,3,1,2,2,0,2,0,0,0
56797304,31,14,17,10,5,5,13,7,6,6,2,4,2,0,2,0,0,0
56797305,138,74,64,60,36,24,52,26,26,12,9,3,14,3,11,0,0,0
56797306,85,43,42,33,20,13,41,20,21,2,1,1,9,2,7,0,0,0
56797307,37,19,18,13,6,7,19,9,10,3,3,0,2,1,1,0,0,0
56797308,35,13,22,14,4,10,7,4,3,10,5,5,4,0,4,0,0,0
1876310,0,0,0,0,0,0,0,0,0,0,0,0,0,0,0,0,0,0
56800701,2166,1043,1123,885,466,419,797,402,395,290,136,154,185,36,149,9,3,6
56800703,294,149,145,133,75,58,111,54,57,35,17,18,15,3,12,0,0,0
56801501,83,38,45,29,12,17,34,17,17,11,7,4,9,2,7,0,0,0
56801502,49,27,22,22,14,8,18,9,9,8,4,4,1,0,1,0,0,0
56801504,3443,1665,1778,1412,766,646,1233,617,616,500,218,282,282,56,226,11,7,4
56801505,355,181,174,162,89,73,158,78,80,23,13,10,12,1,11,0,0,0
56801506,241,114,127,71,34,37,127,64,63,21,8,13,20,7,13,2,1,1
56802301,97,55,42,35,23,12,44,22,22,16,10,6,2,0,2,0,0,0
56802302,488,231,257,198,100,98,221,106,115,34,16,18,31,7,24,4,2,2
56802303,88,43,45,40,20,20,42,22,20,5,1,4,1,0,1,0,0,0
56802304,27,16,11,15,10,5,11,5,6,1,1,0,0,0,0,0,0,0
56802305,23,12,11,11,6,5,10,5,5,2,1,1,0,0,0,0,0,0
56802306,137,67,70,60,26,34,61,32,29,8,6,2,8,3,5,0,0,0
56802307,34,20,14,13,9,4,15,8,7,2,2,0,4,1,3,0,0,0
56802308,87,44,43,41,23,18,32,17,15,8,3,5,6,1,5,0,0,0
56802309,89,50,39,38,23,15,40,20,20,8,6,2,3,1,2,0,0,0
56805801,93,51,42,31,17,14,45,23,22,13,11,2,4,0,4,0,0,0
56805802,27,14,13,15,10,5,9,4,5,1,0,1,2,0,2,0,0,0
56805803,1628,822,806,648,362,286,697,345,352,167,85,82,114,29,85,2,1,1
56805804,56,30,26,23,13,10,26,13,13,6,4,2,1,0,1,0,0,0
56805805,30,16,14,13,8,5,10,5,5,5,2,3,2,1,1,0,0,0
56809102,131,68,63,53,33,20,44,21,23,23,12,11,10,1,9,1,1,0
56809103,365,182,183,139,78,61,159,80,79,48,21,27,17,3,14,0,0,0
56810402,115,57,58,41,21,20,63,32,31,5,2,3,6,2,4,0,0,0
56810403,366,193,173,160,96,64,150,75,75,40,16,24,14,4,10,2,2,0
56810404,25,14,11,8,6,2,10,5,5,3,1,2,4,2,2,0,0,0
56810405,41,19,22,17,8,9,17,8,9,6,2,4,1,1,0,0,0,0
56810406,87,49,38,37,22,15,33,18,15,9,7,2,7,1,6,1,1,0
56810407,24,16,8,11,8,3,10,5,5,2,2,0,1,1,0,0,0,0
56810408,82,48,34,37,26,11,37,19,18,5,3,2,3,0,3,0,0,0
56810409,44,21,23,21,11,10,15,7,8,6,3,3,2,0,2,0,0,0
56810410,67,34,33,32,13,19,21,11,10,5,4,1,7,4,3,0,0,0
56814701,153,85,68,67,41,26,59,31,28,15,7,8,12,6,6,0,0,0
56814704,726,375,351,326,180,146,297,150,147,76,38,38,24,5,19,3,2,1
56815501,33,19,14,13,8,5,12,6,6,7,4,3,1,1,0,0,0,0
56815502,75,35,40,28,16,12,36,18,18,7,1,6,4,0,4,0,0,0
56815503,24,11,13,13,6,7,10,5,5,0,0,0,1,0,1,0,0,0
56815504,628,311,317,264,147,117,231,114,117,86,39,47,44,8,36,1,1,0
56815507,36,18,18,12,5,7,11,6,5,10,6,4,3,1,2,0,0,0
56815508,1218,613,605,485,268,217,523,264,259,133,70,63,74,9,65,3,2,1
56815509,34,21,13,14,10,4,10,5,5,7,6,1,3,0,3,0,0,0
56815510,50,28,22,16,12,4,27,13,14,7,3,4,0,0,0,0,0,0
56815511,117,56,61,52,27,25,45,21,24,12,7,5,6,1,5,2,0,2
3419320,0,0,0,0,0,0,0,0,0,0,0,0,0,0,0,0,0,0
53062001,471,246,225,200,111,89,194,99,95,53,32,21,22,3,19,2,1,1
54618601,197,91,106,77,37,40,85,41,44,25,13,12,10,0,10,0,0,0
0864360,0,0,0,0,0,0,0,0,0,0,0,0,0,0,0,0,0,0
1450250,0,0,0,0,0,0,0,0,0,0,0,0,0,0,0,0,0,0
56820101,291,140,151,102,53,49,139,70,69,26,15,11,24,2,22,0,0,0
56820102,46,23,23,23,13,10,19,9,10,1,0,1,3,1,2,0,0,0
56820103,94,44,50,36,18,18,41,21,20,11,3,8,6,2,4,0,0,0
56820104,129,55,74,44,20,24,65,33,32,8,1,7,12,1,11,0,0,0
56820105,77,45,32,30,19,11,39,21,18,7,5,2,1,0,1,0,0,0
56820106,459,239,220,204,116,88,176,90,86,53,27,26,26,6,20,0,0,0
56820107,148,83,65,53,38,15,62,33,29,22,11,11,11,1,10,0,0,0
56820108,147,76,71,63,36,27,57,28,29,18,10,8,9,2,7,0,0,0
54692501,95,53,42,32,21,11,47,24,23,11,7,4,5,1,4,0,0,0
54692502,65,38,27,27,20,7,25,11,14,9,7,2,4,0,4,0,0,0
54692503,66,31,35,29,13,16,27,14,13,7,2,5,3,2,1,0,0,0
54692504,139,70,69,52,31,21,52,26,26,26,12,14,9,1,8,0,0,0
54692505,70,32,38,23,11,12,33,17,16,9,3,6,5,1,4,0,0,0
56828701,137,64,73,60,27,33,54,27,27,13,7,6,10,3,7,0,0,0
56829501,75,37,38,30,16,14,30,14,16,10,5,5,4,1,3,1,1,0
56829503,25,18,7,9,8,1,13,8,5,2,2,0,1,0,1,0,0,0
56829504,197,98,99,86,47,39,72,38,34,25,12,13,14,1,13,0,0,0
56829505,305,156,149,120,66,54,139,70,69,29,16,13,16,3,13,1,1,0
56829506,87,50,37,36,22,14,37,19,18,10,6,4,4,3,1,0,0,0
56830902,27,17,10,14,11,3,10,5,5,3,1,2,0,0,0,0,0,0
56830903,25,12,13,12,6,6,12,6,6,1,0,1,0,0,0,0,0,0
56830904,936,492,444,401,235,166,384,195,189,103,52,51,44,9,35,4,1,3
3181750,0,0,0,0,0,0,0,0,0,0,0,0,0,0,0,0,0,0
55369701,369,184,185,160,86,74,150,76,74,41,19,22,18,3,15,0,0,0
55369702,83,42,41,22,14,8,43,22,21,7,4,3,11,2,9,0,0,0
55369704,2645,1331,1314,1507,799,708,690,349,341,318,149,169,122,33,89,6,1,5
1484822,0,0,0,0,0,0,0,0,0,0,0,0,0,0,0,0,0,0
1713610,0,0,0,0,0,0,0,0,0,0,0,0,0,0,0,0,0,0
1749040,0,0,0,0,0,0,0,0,0,0,0,0,0,0,0,0,0,0
1749630,0,0,0,0,0,0,0,0,0,0,0,0,0,0,0,0,0,0
1749980,0,0,0,0,0,0,0,0,0,0,0,0,0,0,0,0,0,0
1758971,0,0,0,0,0,0,0,0,0,0,0,0,0,0,0,0,0,0
1758972,0,0,0,0,0,0,0,0,0,0,0,0,0,0,0,0,0,0
3034020,0,0,0,0,0,0,0,0,0,0,0,0,0,0,0,0,0,0
3118550,0,0,0,0,0,0,0,0,0,0,0,0,0,0,0,0,0,0
3119280,0,0,0,0,0,0,0,0,0,0,0,0,0,0,0,0,0,0
3191550,0,0,0,0,0,0,0,0,0,0,0,0,0,0,0,0,0,0
56789201,496,242,254,183,98,85,228,115,113,61,24,37,24,5,19,0,0,0
56789202,395,195,200,162,80,82,183,92,91,33,20,13,17,3,14,0,0,0
56789203,50,28,22,20,13,7,23,12,11,6,2,4,0,0,0,0,0,0
56789204,184,87,97,71,34,37,88,43,45,18,10,8,7,0,7,0,0,0
56789205,249,118,131,84,41,43,121,60,61,29,13,16,15,4,11,0,0,0
56789206,1379,682,697,553,291,262,649,324,325,110,51,59,64,14,50,3,2,1
56789208,314,154,160,103,59,44,147,75,72,30,13,17,34,7,27,0,0,0
56789209,104,52,52,63,32,31,19,9,10,15,9,6,5,1,4,2,1,1
56789210,1126,569,557,816,416,400,206,106,100,74,37,37,22,4,18,8,6,2
56789211,201,126,75,137,76,61,42,33,9,15,14,1,1,0,1,6,3,3
56789212,27,13,14,18,9,9,8,4,4,0,0,0,1,0,1,0,0,0
56789213,1733,831,902,837,434,403,533,268,265,262,113,149,93,12,81,4,2,2
56789215,209,108,101,102,60,42,57,29,28,42,18,24,7,0,7,1,1,0
56789216,321,167,154,159,91,68,92,47,45,54,25,29,16,4,12,0,0,0
56789217,4250,2063,2187,2005,1068,937,1367,678,689,615,260,355,252,51,201,8,3,5
56789218,33,19,14,18,12,6,8,5,3,5,2,3,2,0,2,0,0,0
56789219,170,85,85,75,39,36,69,35,34,13,6,7,12,4,8,1,1,0
56789220,1280,614,666,532,285,247,484,242,242,195,77,118,68,9,59,1,1,0
56789221,1474,668,806,629,316,313,481,235,246,256,101,155,106,16,90,2,0,2
56789222,116,61,55,55,30,25,40,21,19,11,6,5,7,3,4,3,1,2
56789224,755,371,384,309,173,136,311,153,158,69,34,35,65,11,54,1,0,1
56789225,189,82,107,61,25,36,93,47,46,20,9,11,15,1,14,0,0,0
56789226,1897,881,1016,716,374,342,732,368,364,280,107,173,164,29,135,5,3,2
56789227,2802,1386,1416,1401,746,655,837,426,411,425,193,232,128,16,112,9,3,6
56789228,246,130,116,112,63,49,81,43,38,39,24,15,14,0,14,0,0,0
56789229,175,75,100,117,51,66,28,13,15,27,9,18,3,2,1,0,0,0
56789230,45,20,25,18,9,9,12,7,5,12,4,8,3,0,3,0,0,0
56789231,781,381,400,394,206,188,220,109,111,131,58,73,32,5,27,3,2,1
56789233,3648,1736,1912,1536,835,701,1209,600,609,553,231,322,332,61,271,12,5,7
56789235,52,29,23,33,18,15,10,4,6,8,6,2,1,1,0,0,0,0
56789236,565,297,268,471,252,219,51,25,26,27,16,11,16,4,12,0,0,0
56789237,700,335,365,325,169,156,221,110,111,94,47,47,59,8,51,0,0,0
56789238,135,76,59,71,39,32,26,15,11,29,20,9,6,1,5,3,1,2
56789239,1268,604,664,659,351,308,232,115,117,266,113,153,102,17,85,5,4,1
56789240,1658,920,738,885,543,342,367,186,181,305,174,131,92,13,79,6,1,5
56789241,3640,1652,1988,1573,824,749,1149,578,571,563,188,375,344,57,287,6,3,3
56789242,943,453,490,360,203,157,350,175,175,136,59,77,91,14,77,5,2,3
56789243,266,137,129,101,61,40,119,60,59,25,12,13,20,4,16,1,0,1
56789244,1139,534,605,470,249,221,401,203,198,147,62,85,121,20,101,0,0,0
50208101,1939,908,1031,858,456,402,607,304,303,389,133,256,81,11,70,2,2,0
50208102,2019,973,1046,1317,662,655,435,212,223,185,77,108,78,18,60,2,2,0
50208103,264,134,130,109,58,51,111,58,53,27,15,12,16,2,14,1,1,0
50208105,1878,900,978,837,462,375,599,293,306,304,124,180,135,19,116,3,2,1
50208106,3631,1870,1761,1632,959,673,1116,560,556,648,303,345,222,43,179,9,3,6
50208107,118,58,60,50,27,23,43,21,22,15,7,8,10,3,7,0,0,0
50208108,355,198,157,234,139,95,77,41,36,29,16,13,12,2,10,3,0,3
50208109,342,190,152,172,107,65,106,54,52,47,25,22,15,3,12,2,1,1
50208110,2541,1230,1311,1080,595,485,789,402,387,450,197,253,208,32,176,9,2,7
50208113,6761,3258,3503,3270,1727,1543,2100,1047,1053,1011,401,610,361,73,288,14,7,7
50208114,1698,815,883,763,402,361,608,307,301,227,87,140,98,17,81,2,2,0
50208115,602,307,295,389,205,184,120,57,63,72,42,30,20,3,17,1,0,1
50129801,249,123,126,107,58,49,108,52,56,26,12,14,8,1,7,0,0,0
50129802,8864,4136,4728,3611,1953,1658,2724,1355,1369,1559,652,907,950,165,785,14,8,6
50129803,40,21,19,16,8,8,24,13,11,0,0,0,0,0,0,0,0,0
50129804,4921,2330,2591,2218,1198,1020,1556,766,790,802,302,500,327,52,275,13,7,6
50129805,195,137,58,79,52,27,27,15,12,76,63,13,8,3,5,5,4,1
50129806,3652,1687,1965,1468,790,678,1280,635,645,546,206,340,350,51,299,5,2,3
50129807,83,37,46,32,15,17,36,18,18,8,4,4,7,0,7,0,0,0
50129808,351,178,173,143,73,70,162,81,81,34,21,13,11,2,9,1,1,0
50129809,441,208,233,173,95,78,167,82,85,51,20,31,33,5,28,17,6,11
50129810,32,15,17,10,4,6,17,8,9,4,3,1,1,0,1,0,0,0
50129811,137,69,68,42,20,22,73,37,36,19,12,7,3,0,3,0,0,0
1752420,0,0,0,0,0,0,0,0,0,0,0,0,0,0,0,0,0,0
3119360,0,0,0,0,0,0,0,0,0,0,0,0,0,0,0,0,0,0
3294950,0,0,0,0,0,0,0,0,0,0,0,0,0,0,0,0,0,0
50231601,1308,652,656,433,239,194,624,317,307,140,73,67,106,21,85,1,0,1
50231602,129,66,63,47,23,24,63,32,31,13,10,3,5,1,4,1,0,1
50231603,179,87,92,62,32,30,80,39,41,24,14,10,13,2,11,0,0,0
50231604,503,256,247,194,103,91,227,114,113,53,27,26,29,12,17,0,0,0
50231605,89,46,43,39,21,18,35,18,17,10,5,5,5,2,3,0,0,0
50231606,833,406,427,302,156,146,389,195,194,75,39,36,64,14,50,1,0,1
50231607,20,9,11,9,4,5,8,4,4,2,1,1,1,0,1,0,0,0
50231608,275,139,136,126,74,52,103,51,52,32,13,19,14,1,13,0,0,0
50231609,2277,1100,1177,935,494,441,875,438,437,289,134,155,175,32,143,2,1,1
50231610,139,68,71,53,26,27,64,33,31,15,7,8,7,2,5,0,0,0
50231611,1371,634,737,688,349,339,341,172,169,213,91,122,124,20,104,5,2,3
50231612,635,320,315,214,123,91,309,156,153,68,30,38,44,11,33,0,0,0
50231613,2461,1187,1274,1104,581,523,779,405,374,355,150,205,215,47,168,2,2,0
50231614,174,96,78,106,65,41,40,20,20,19,8,11,9,3,6,0,0,0
50231615,1907,897,1010,812,448,364,652,323,329,305,101,204,134,22,112,2,1,1
50231616,25,16,9,9,6,3,8,4,4,8,6,2,0,0,0,0,0,0
50231617,1260,686,574,695,405,290,270,134,136,250,136,114,43,9,34,2,2,0
56835001,408,204,204,153,79,74,191,97,94,42,25,17,22,3,19,0,0,0
56835002,250,126,124,104,56,48,94,47,47,37,20,17,14,2,12,1,1,0
56835003,234,118,116,109,55,54,104,52,52,15,10,5,6,1,5,0,0,0
56835004,1424,668,756,562,309,253,556,278,278,165,65,100,139,16,123,2,0,2
55522301,69,37,32,21,15,6,37,19,18,5,3,2,6,0,6,0,0,0
55522302,144,72,72,68,36,32,56,29,27,15,7,8,5,0,5,0,0,0
55522303,51,26,25,21,12,9,20,10,10,8,3,5,2,1,1,0,0,0
55522304,110,59,51,49,30,19,52,25,27,6,3,3,3,1,2,0,0,0
55522305,341,164,177,170,86,84,111,56,55,44,22,22,16,0,16,0,0,0
55522306,86,41,45,36,17,19,43,22,21,6,2,4,1,0,1,0,0,0
56838401,63,32,31,20,10,10,31,16,15,9,4,5,3,2,1,0,0,0
56838402,167,81,86,61,36,25,67,33,34,25,10,15,13,2,11,1,0,1
56139801,358,178,180,145,83,62,138,69,69,42,21,21,31,4,27,2,1,1
56140102,66,32,34,24,11,13,28,14,14,10,6,4,4,1,3,0,0,0
56140105,22,11,11,7,4,3,8,4,4,4,3,1,3,0,3,0,0,0
56140106,50,30,20,20,12,8,15,8,7,12,8,4,3,2,1,0,0,0
56141001,415,211,204,180,92,88,151,78,73,51,31,20,31,9,22,2,1,1
56141003,56,33,23,28,18,10,15,9,6,6,5,1,6,1,5,1,0,1
56141004,118,57,61,55,28,27,44,21,23,13,6,7,6,2,4,0,0,0
56142801,234,118,116,111,59,52,75,39,36,30,15,15,16,3,13,2,2,0
56144401,471,250,221,202,120,82,192,99,93,39,24,15,38,7,31,0,0,0
56144402,207,98,109,98,52,46,65,34,31,19,7,12,24,5,19,1,0,1
56144403,108,56,52,47,28,19,41,20,21,12,8,4,8,0,8,0,0,0
56144404,111,56,55,47,25,22,38,19,19,19,8,11,5,2,3,0,0,0
56144405,58,34,24,26,15,11,24,13,11,6,5,1,2,1,1,0,0,0
56144406,370,187,183,148,80,68,157,80,77,38,22,16,27,5,22,0,0,0
0838442,0,0,0,0,0,0,0,0,0,0,0,0,0,0,0,0,0,0
56147901,185,87,98,70,40,30,88,42,46,11,4,7,16,1,15,0,0,0
56147902,37,23,14,15,13,2,20,10,10,2,0,2,0,0,0,0,0,0
56147903,37,20,17,13,10,3,19,9,10,2,1,1,3,0,3,0,0,0
56147904,386,201,185,169,98,71,138,70,68,44,23,21,34,9,25,1,1,0
56147905,21,10,11,7,4,3,9,4,5,3,2,1,2,0,2,0,0,0
56147906,992,496,496,461,256,205,323,164,159,133,62,71,72,13,59,3,1,2
56147907,2676,1314,1362,1138,637,501,952,477,475,375,155,220,202,40,162,7,5,2
0214660,0,0,0,0,0,0,0,0,0,0,0,0,0,0,0,0,0,0
0214820,0,0,0,0,0,0,0,0,0,0,0,0,0,0,0,0,0,0
0215120,0,0,0,0,0,0,0,0,0,0,0,0,0,0,0,0,0,0
3025890,0,0,0,0,0,0,0,0,0,0,0,0,0,0,0,0,0,0
3025970,0,0,0,0,0,0,0,0,0,0,0,0,0,0,0,0,0,0
3026010,0,0,0,0,0,0,0,0,0,0,0,0,0,0,0,0,0,0
3026190,0,0,0,0,0,0,0,0,0,0,0,0,0,0,0,0,0,0
3026270,0,0,0,0,0,0,0,0,0,0,0,0,0,0,0,0,0,0
56138002,331,169,162,123,73,50,156,79,77,27,12,15,23,5,18,2,0,2
56138004,354,192,162,157,94,63,94,51,43,72,35,37,27,8,19,4,4,0
56138005,53,30,23,20,15,5,23,12,11,7,3,4,3,0,3,0,0,0
56138006,551,275,276,224,125,99,227,110,117,58,31,27,42,9,33,0,0,0
56138007,258,114,144,101,42,59,134,65,69,12,5,7,10,2,8,1,0,1
56138008,109,49,60,36,16,20,53,26,27,13,7,6,7,0,7,0,0,0
56138009,383,190,193,167,90,77,157,78,79,38,19,19,21,3,18,0,0,0
56138010,90,43,47,36,18,18,44,23,21,7,2,5,3,0,3,0,0,0
56138011,68,34,34,19,12,7,38,18,20,10,4,6,1,0,1,0,0,0
56138012,83,41,42,36,20,16,27,14,13,15,7,8,5,0,5,0,0,0
56138013,40,18,22,11,2,9,23,12,11,5,4,1,0,0,0,1,0,1
56138014,95,49,46,38,24,14,35,18,17,13,6,7,9,1,8,0,0,0
56138015,28,12,16,5,1,4,17,8,9,4,2,2,2,1,1,0,0,0
56138016,129,62,67,45,24,21,70,34,36,7,4,3,7,0,7,0,0,0
56138017,290,153,137,112,68,44,129,64,65,35,17,18,14,4,10,0,0,0
56138019,3163,1519,1644,1651,870,781,776,388,388,580,229,351,140,24,116,14,8,6
56138021,73,51,22,34,27,7,17,12,5,15,9,6,1,0,1,6,3,3
56138022,112,62,50,60,39,21,30,15,15,14,7,7,8,1,7,0,0,0
56138023,1674,793,881,647,328,319,764,376,388,140,64,76,119,23,96,4,2,2
56138024,2495,1157,1338,1044,557,487,819,404,415,374,150,224,247,43,204,6,3,3
56138025,367,187,180,114,67,47,183,90,93,53,24,29,17,6,11,0,0,0
56138026,1597,789,808,696,381,315,525,268,257,253,117,136,116,18,98,7,5,2
56138027,200,119,81,109,59,50,67,50,17,16,8,8,8,2,6,0,0,0
56138028,456,230,226,191,106,85,194,95,99,38,21,17,33,8,25,0,0,0
56138029,401,203,198,172,105,67,143,72,71,55,21,34,30,4,26,1,1,0
56138030,1325,649,676,579,334,245,461,229,232,213,72,141,65,9,56,7,5,2
56138031,98,39,59,22,12,10,25,13,12,13,6,7,37,8,29,1,0,1
56138032,3586,1730,1856,1538,842,696,1389,685,704,470,168,302,175,26,149,11,7,4
56138033,818,383,435,368,199,169,255,128,127,139,48,91,50,3,47,2,1,1
56138034,1853,1068,785,997,617,380,394,199,195,380,235,145,66,12,54,12,5,7
56138035,720,350,370,417,210,207,192,101,91,67,31,36,44,8,36,0,0,0
56138036,1318,626,692,600,311,289,402,202,200,248,99,149,60,10,50,5,3,2
56138037,1801,889,912,727,396,331,679,344,335,248,113,135,141,32,109,6,4,2
56138038,4686,2262,2424,2134,1165,969,1579,785,794,738,266,472,213,33,180,22,13,9
56138039,2317,1068,1249,903,506,397,764,380,384,373,134,239,265,42,223,11,5,6
56138040,3968,1891,2077,1856,990,866,1200,606,594,680,254,426,205,27,178,27,14,13
3093540,0,0,0,0,0,0,0,0,0,0,0,0,0,0,0,0,0,0
3094010,0,0,0,0,0,0,0,0,0,0,0,0,0,0,0,0,0,0
3094190,0,0,0,0,0,0,0,0,0,0,0,0,0,0,0,0,0,0
3094270,0,0,0,0,0,0,0,0,0,0,0,0,0,0,0,0,0,0
3094430,0,0,0,0,0,0,0,0,0,0,0,0,0,0,0,0,0,0
56149502,65,29,36,19,9,10,24,11,13,12,6,6,9,2,7,1,1,0
56149503,496,267,229,186,116,70,220,115,105,54,28,26,34,7,27,2,1,1
56149504,30,15,15,12,7,5,11,6,5,3,1,2,4,1,3,0,0,0
56149505,219,111,108,91,46,45,90,45,45,26,16,10,12,4,8,0,0,0
56149506,145,72,73,61,30,31,64,32,32,7,5,2,13,5,8,0,0,0
56149507,56,29,27,19,9,10,27,14,13,6,4,2,4,2,2,0,0,0
56149509,99,47,52,46,25,21,42,22,20,9,0,9,2,0,2,0,0,0
56149510,593,293,300,226,129,97,251,124,127,62,24,38,51,14,37,2,1,1
56149511,484,233,251,222,123,99,154,73,81,65,32,33,41,5,36,2,0,2
56149512,466,230,236,211,114,97,168,83,85,62,28,34,23,4,19,2,1,1
56149514,849,395,454,339,169,170,352,177,175,95,36,59,62,12,50,1,1,0
56149515,42,19,23,23,9,14,11,6,5,5,3,2,3,1,2,0,0,0
56149516,561,307,254,299,178,121,152,78,74,83,44,39,25,6,19,2,1,1
56149518,63,35,28,22,14,8,27,15,12,8,5,3,5,0,5,1,1,0
56149519,1009,458,551,406,224,182,349,172,177,151,54,97,101,7,94,1,0,1
56153301,108,57,51,44,26,18,34,17,17,15,9,6,15,5,10,0,0,0
56153302,21,11,10,8,5,3,7,4,3,0,0,0,6,2,4,0,0,0
56153304,1137,553,584,475,252,223,437,221,216,120,61,59,99,15,84,6,4,2
56153305,28,14,14,11,5,6,12,6,6,1,1,0,2,0,2,0,0,0
56153306,35,19,16,14,11,3,11,6,5,6,2,4,3,0,3,0,0,0
56153307,30,17,13,12,7,5,12,6,6,4,3,1,2,1,1,0,0,0
56153308,37,21,16,19,10,9,16,9,7,0,0,0,2,2,0,0,0,0
56153311,26,15,11,11,9,2,8,4,4,3,2,1,3,0,3,1,0,1
56153312,31,16,15,12,8,4,9,5,4,3,2,1,6,1,5,1,0,1
56153315,102,51,51,57,33,24,31,15,16,8,3,5,5,0,5,1,0,1
56153316,85,45,40,42,23,19,33,17,16,9,4,5,1,1,0,0,0,0
56153318,41,22,19,15,11,4,17,8,9,7,2,5,1,0,1,1,1,0
56154101,627,333,294,264,155,109,255,128,127,77,44,33,29,5,24,2,1,1
54433701,220,122,98,106,64,42,74,39,35,26,15,11,13,4,9,0,0,0
54433702,139,75,64,59,35,24,55,27,28,21,13,8,4,0,4,0,0,0
54433703,30,13,17,9,3,6,17,8,9,3,2,1,1,0,1,0,0,0
54433704,41,20,21,15,9,6,17,8,9,4,3,1,5,0,5,0,0,0
56158401,450,235,215,207,120,87,172,85,87,45,27,18,25,3,22,1,0,1
56158403,51,22,29,19,7,12,19,10,9,10,5,5,3,0,3,0,0,0
56158405,31,15,16,10,7,3,13,7,6,3,0,3,5,1,4,0,0,0
56158407,26,13,13,9,5,4,14,7,7,3,1,2,0,0,0,0,0,0
56159201,808,417,391,343,192,151,366,184,182,68,36,32,30,5,25,1,0,1
0438263,0,0,0,0,0,0,0,0,0,0,0,0,0,0,0,0,0,0
56160601,649,333,316,261,149,112,277,140,137,75,39,36,36,5,31,0,0,0
56160602,63,33,30,22,12,10,26,13,13,10,6,4,5,2,3,0,0,0
56161401,46,24,22,13,8,5,21,11,10,5,3,2,7,2,5,0,0,0
56161402,221,119,102,90,53,37,83,43,40,32,18,14,15,4,11,1,1,0
56162201,175,80,95,65,32,33,65,32,33,28,13,15,16,3,13,1,0,1
56166501,641,326,315,304,168,136,225,115,110,67,36,31,42,5,37,3,2,1
56166502,46,25,21,12,8,4,20,11,9,8,4,4,6,2,4,0,0,0
56166503,80,37,43,28,11,17,44,23,21,4,3,1,4,0,4,0,0,0
56168101,3389,1697,1692,1450,813,637,1246,621,625,449,213,236,240,49,191,4,1,3
56168102,407,212,195,195,112,83,121,61,60,65,33,32,26,6,20,0,0,0
54623201,146,75,71,52,30,22,68,34,34,14,9,5,11,1,10,1,1,0
56172001,110,54,56,53,25,28,38,19,19,16,9,7,3,1,2,0,0,0
56172002,522,272,250,219,141,78,204,103,101,57,25,32,41,3,38,0,0,0
56172003,39,20,19,14,8,6,17,9,8,7,3,4,1,0,1,0,0,0
56172004,28,12,16,6,2,4,14,7,7,5,3,2,3,0,3,0,0,0
56172005,32,16,16,17,9,8,8,4,4,5,3,2,2,0,2,0,0,0
56172006,36,18,18,20,11,9,13,6,7,0,0,0,3,1,2,0,0,0
56173801,163,80,83,76,38,38,61,30,31,13,8,5,12,3,9,1,1,0
56173803,39,20,19,6,2,4,18,9,9,13,9,4,2,0,2,0,0,0
56174601,598,299,299,250,133,117,231,116,115,72,41,31,45,9,36,0,0,0
54625901,40,20,20,15,10,5,13,7,6,7,3,4,5,0,5,0,0,0
54625902,188,97,91,70,41,29,87,44,43,17,10,7,13,1,12,1,1,0
51416101,95,46,49,42,20,22,41,19,22,9,6,3,3,1,2,0,0,0
56182701,65,33,32,22,8,14,25,14,11,14,9,5,4,2,2,0,0,0
56182702,34,20,14,2,1,1,23,14,9,4,3,1,5,2,3,0,0,0
56182704,187,83,104,77,33,44,63,32,31,24,13,11,19,3,16,4,2,2
56182705,36,22,14,10,8,2,19,10,9,6,4,2,0,0,0,1,0,1
3095670,0,0,0,0,0,0,0,0,0,0,0,0,0,0,0,0,0,0
56183502,116,54,62,44,22,22,53,27,26,7,3,4,12,2,10,0,0,0
56183503,364,175,189,137,75,62,163,81,82,36,15,21,28,4,24,0,0,0
56183505,607,292,315,227,133,94,222,112,110,85,33,52,69,11,58,4,3,1
56183507,1684,799,885,704,391,313,566,280,286,260,102,158,148,21,127,5,4,1
56183508,696,354,342,290,167,123,281,138,143,81,38,43,40,9,31,4,2,2
56183509,237,116,121,119,59,60,95,48,47,15,8,7,8,1,7,0,0,0
56183511,91,49,42,41,27,14,31,16,15,12,4,8,7,2,5,0,0,0
56183512,469,268,201,264,157,107,102,53,49,94,58,36,9,0,9,0,0,0
56183515,1081,537,544,496,285,211,348,176,172,161,65,96,72,9,63,4,2,2
56183516,151,71,80,69,35,34,55,26,29,20,10,10,7,0,7,0,0,0
56183517,69,38,31,30,15,15,28,14,14,7,5,2,4,4,0,0,0,0
56183518,511,265,246,195,113,82,232,116,116,50,27,23,34,9,25,0,0,0
56183519,25,13,12,12,8,4,10,5,5,0,0,0,3,0,3,0,0,0
3316940,0,0,0,0,0,0,0,0,0,0,0,0,0,0,0,0,0,0
56185101,297,148,149,129,76,53,114,56,58,31,12,19,22,4,18,1,0,1
3027160,0,0,0,0,0,0,0,0,0,0,0,0,0,0,0,0,0,0
3027590,0,0,0,0,0,0,0,0,0,0,0,0,0,0,0,0,0,0
3370640,0,0,0,0,0,0,0,0,0,0,0,0,0,0,0,0,0,0
56186001,65,30,35,23,11,12,35,18,17,5,1,4,2,0,2,0,0,0
56186002,117,53,64,42,19,23,59,29,30,8,4,4,7,0,7,1,1,0
56186003,375,185,190,150,82,68,171,86,85,29,10,19,24,6,18,1,1,0
56186004,492,247,245,227,126,101,134,67,67,86,43,43,41,8,33,4,3,1
56186005,222,103,119,85,42,43,100,50,50,22,9,13,15,2,13,0,0,0
56186007,23,14,9,9,7,2,3,2,1,9,5,4,2,0,2,0,0,0
56186008,983,481,502,452,262,190,280,138,142,187,73,114,62,7,55,1,1,0
56186009,504,224,280,184,89,95,192,98,94,77,33,44,49,3,46,2,1,1
56186010,626,311,315,235,130,105,269,135,134,74,37,37,48,9,39,0,0,0
56186011,548,264,284,226,117,109,207,101,106,75,37,38,37,7,30,3,2,1
56186012,462,212,250,192,103,89,127,63,64,86,34,52,56,11,45,1,1,0
56186015,133,58,75,50,27,23,24,12,12,27,13,14,31,5,26,1,1,0
56186016,746,370,376,281,156,125,360,176,184,56,30,26,48,7,41,1,1,0
56186017,331,150,181,128,71,57,96,46,50,63,23,40,44,10,34,0,0,0
56186018,1949,972,977,909,517,392,547,270,277,359,169,190,125,11,114,6,5,1
56186019,405,187,218,142,74,68,176,89,87,47,18,29,38,6,32,2,0,2
56186020,372,176,196,140,74,66,136,67,69,54,26,28,41,8,33,1,1,0
56186021,168,86,82,63,33,30,74,37,37,22,15,7,9,1,8,0,0,0
56186022,1015,480,535,402,231,171,289,145,144,216,88,128,105,14,91,3,2,1
56186023,1370,651,719,556,308,248,491,244,247,203,79,124,113,16,97,7,4,3
56186024,316,161,155,126,70,56,146,73,73,28,13,15,16,5,11,0,0,0
56186025,211,107,104,90,47,43,82,42,40,24,16,8,14,2,12,1,0,1
56187801,370,186,184,156,83,73,138,69,69,54,32,22,21,2,19,1,0,1
56187802,397,194,203,165,89,76,171,86,85,37,16,21,23,2,21,1,1,0
56188601,300,159,141,127,76,51,114,58,56,43,24,19,15,1,14,1,0,1
56189401,537,283,254,214,124,90,235,119,116,54,34,20,33,5,28,1,1,0
51427601,417,217,200,200,114,86,137,69,68,56,29,27,23,4,19,1,1,0
56195901,445,216,229,203,111,92,183,89,94,38,14,24,20,2,18,0,0,0
56198301,660,335,325,268,147,121,259,128,131,83,44,39,43,13,30,7,3,4
56198302,62,34,28,31,20,11,19,10,9,9,3,6,2,0,2,1,1,0
56199101,177,90,87,66,40,26,68,35,33,26,13,13,17,2,15,0,0,0
56199102,177,87,90,74,38,36,73,38,35,14,6,8,16,5,11,0,0,0
56199103,105,51,54,36,21,15,54,26,28,9,4,5,6,0,6,0,0,0
53038701,90,44,46,46,21,25,35,18,17,7,4,3,2,1,1,0,0,0
53038702,167,78,89,71,33,38,76,39,37,8,6,2,12,0,12,0,0,0
1991090,0,0,0,0,0,0,0,0,0,0,0,0,0,0,0,0,0,0
56201701,606,331,275,259,156,103,131,68,63,174,91,83,38,12,26,4,4,0
56201703,65,39,26,37,24,13,14,7,7,11,8,3,3,0,3,0,0,0
56201704,41,20,21,14,5,9,14,7,7,11,8,3,2,0,2,0,0,0
56201705,156,84,72,68,39,29,60,30,30,18,11,7,10,4,6,0,0,0
56201706,124,68,56,95,54,41,15,9,6,12,5,7,2,0,2,0,0,0
56201707,830,413,417,467,244,223,167,81,86,156,78,78,37,9,28,3,1,2
56201708,125,69,56,60,37,23,43,22,21,14,8,6,8,2,6,0,0,0
56201709,140,75,65,60,35,25,59,30,29,17,10,7,4,0,4,0,0,0
56202501,70,37,33,32,17,15,26,13,13,8,5,3,3,1,2,1,1,0
56202502,1454,761,693,628,367,261,538,270,268,205,104,101,80,18,62,3,2,1
51389001,168,84,84,71,40,31,65,32,33,20,8,12,12,4,8,0,0,0
56205001,724,362,362,284,161,123,267,136,131,96,50,46,74,14,60,3,1,2
54627501,144,76,68,51,28,23,66,36,30,22,11,11,5,1,4,0,0,0
56207601,677,338,339,270,148,122,308,155,153,61,27,34,36,7,29,2,1,1
3316860,0,0,0,0,0,0,0,0,0,0,0,0,0,0,0,0,0,0
56209201,4377,2463,1914,2170,1414,756,1168,598,570,726,364,362,259,46,213,50,39,11
56210601,56,33,23,19,14,5,28,14,14,8,5,3,1,0,1,0,0,0
56210602,295,152,143,117,66,51,127,65,62,31,19,12,19,2,17,1,0,1
56210604,614,307,307,250,140,110,255,128,127,72,34,38,37,5,32,0,0,0
1586402,0,0,0,0,0,0,0,0,0,0,0,0,0,0,0,0,0,0
56211403,253,131,122,118,66,52,85,44,41,32,19,13,16,1,15,2,1,1
56211405,30,14,16,8,3,5,14,7,7,6,3,3,2,1,1,0,0,0
56211406,28,17,11,10,7,3,15,8,7,2,2,0,1,0,1,0,0,0
54628301,238,123,115,84,49,35,103,52,51,41,19,22,9,3,6,1,0,1
54628302,21,10,11,9,5,4,8,4,4,3,1,2,1,0,1,0,0,0
56213101,54,30,24,16,12,4,26,13,13,9,5,4,3,0,3,0,0,0
56213102,577,292,285,253,146,107,226,114,112,58,30,28,40,2,38,0,0,0
55363801,198,107,91,102,61,41,68,36,32,21,10,11,7,0,7,0,0,0
54626701,28,14,14,9,5,4,12,6,6,3,3,0,4,0,4,0,0,0
54626702,22,13,9,5,4,1,10,5,5,6,3,3,0,0,0,1,1,0
54626703,48,23,25,14,9,5,23,12,11,6,2,4,5,0,5,0,0,0
54626704,189,107,82,95,62,33,59,29,30,25,15,10,8,1,7,2,0,2
56217301,170,92,78,66,38,28,69,35,34,22,14,8,12,4,8,1,1,0
56220301,23,13,10,9,6,3,12,6,6,2,1,1,0,0,0,0,0,0
56220302,115,55,60,49,25,24,41,20,21,14,8,6,11,2,9,0,0,0
56220303,47,22,25,27,14,13,12,6,6,3,2,1,5,0,5,0,0,0
56222001,54,30,24,22,16,6,19,9,10,6,3,3,7,2,5,0,0,0
56222002,652,328,324,283,146,137,245,122,123,78,48,30,46,12,34,0,0,0
56223801,107,55,52,43,27,16,46,22,24,14,6,8,4,0,4,0,0,0
56224601,52,27,25,18,9,9,25,13,12,5,5,0,4,0,4,0,0,0
56224603,567,297,270,250,144,106,217,108,109,61,34,27,38,10,28,1,1,0
56224604,62,34,28,27,19,8,25,14,11,4,0,4,4,0,4,2,1,1
56226201,112,58,54,50,28,22,42,22,20,13,7,6,7,1,6,0,0,0
56226202,36,17,19,16,5,11,6,3,3,9,8,1,2,0,2,3,1,2
56226203,159,79,80,64,37,27,67,33,34,20,9,11,8,0,8,0,0,0
56226204,220,117,103,94,54,40,94,47,47,21,13,8,11,3,8,0,0,0
56226205,81,34,47,34,14,20,28,14,14,9,4,5,10,2,8,0,0,0
56226206,1669,834,835,706,398,308,624,308,316,214,102,112,120,24,96,5,2,3
56226207,498,238,260,231,131,100,105,53,52,98,45,53,62,8,54,2,1,1
56226208,34,15,19,13,6,7,14,6,8,6,3,3,1,0,1,0,0,0
56226209,28,13,15,12,5,7,9,5,4,4,2,2,3,1,2,0,0,0
56229701,135,73,62,49,31,18,60,30,30,14,7,7,9,4,5,1,1,0
56229702,97,49,48,44,24,20,36,18,18,15,7,8,2,0,2,0,0,0
56229703,148,74,74,69,38,31,52,26,26,17,7,10,10,3,7,0,0,0
56229704,37,19,18,12,5,7,14,7,7,10,7,3,1,0,1,0,0,0
56229705,54,29,25,19,9,10,24,13,11,9,7,2,0,0,0,0,0,0
56229706,1352,649,703,555,302,253,501,251,250,163,79,84,125,14,111,8,3,5
56229707,21,12,9,6,3,3,10,5,5,4,4,0,1,0,1,0,0,0
51419501,26,13,13,17,9,8,4,2,2,3,2,1,2,0,2,0,0,0
51419502,92,50,42,35,22,13,39,20,19,11,6,5,7,2,5,0,0,0
56352801,295,152,143,128,69,59,111,56,55,43,26,17,12,1,11,1,0,1
56352802,37,19,18,8,5,3,19,9,10,7,4,3,3,1,2,0,0,0
56353601,335,171,164,143,78,65,141,73,68,37,19,18,14,1,13,0,0,0
53042501,208,110,98,85,52,33,88,46,42,24,12,12,11,0,11,0,0,0
56355201,106,52,54,35,22,13,46,24,22,12,5,7,11,1,10,0,0,0
56355202,632,309,323,253,138,115,229,115,114,102,46,56,45,10,35,1,0,1
56355203,174,92,82,82,48,34,64,32,32,16,8,8,12,4,8,0,0,0
56355205,74,37,37,18,10,8,32,17,15,19,9,10,5,1,4,0,0,0
56355206,1151,542,609,483,264,219,364,180,184,188,82,106,112,13,99,1,1,0
56355207,99,53,46,46,26,20,35,18,17,14,8,6,4,1,3,0,0,0
56355208,138,70,68,51,28,23,62,31,31,20,10,10,5,1,4,0,0,0
56355212,380,184,196,182,97,85,112,55,57,55,26,29,29,5,24,2,1,1
56355213,95,51,44,65,35,30,17,8,9,13,8,5,0,0,0,0,0,0
56355214,114,59,55,40,23,17,47,24,23,17,8,9,10,4,6,0,0,0
56356101,569,285,284,235,132,103,221,112,109,69,32,37,40,6,34,4,3,1
0352032,0,0,0,0,0,0,0,0,0,0,0,0,0,0,0,0,0,0
3373400,0,0,0,0,0,0,0,0,0,0,0,0,0,0,0,0,0,0
56357901,125,60,65,47,24,23,55,27,28,17,8,9,6,1,5,0,0,0
56357902,63,33,30,28,17,11,26,13,13,5,2,3,4,1,3,0,0,0
56357903,67,32,35,20,11,9,35,17,18,6,3,3,6,1,5,0,0,0
56357904,259,132,127,106,57,49,99,50,49,33,20,13,21,5,16,0,0,0
56357905,51,28,23,18,14,4,22,11,11,7,2,5,4,1,3,0,0,0
56357906,44,25,19,14,11,3,24,12,12,3,2,1,3,0,3,0,0,0
56357907,95,46,49,30,17,13,44,23,21,15,6,9,6,0,6,0,0,0
56357908,146,68,78,67,35,32,51,26,25,17,7,10,11,0,11,0,0,0
57708101,503,250,253,198,101,97,208,105,103,63,33,30,31,9,22,3,2,1
57708102,39,20,19,21,12,9,13,6,7,4,1,3,1,1,0,0,0,0
57708104,804,393,411,345,185,160,302,152,150,97,41,56,58,13,45,2,2,0
3104760,0,0,0,0,0,0,0,0,0,0,0,0,0,0,0,0,0,0
3105570,0,0,0,0,0,0,0,0,0,0,0,0,0,0,0,0,0,0
3105900,0,0,0,0,0,0,0,0,0,0,0,0,0,0,0,0,0,0
56351001,1110,512,598,444,228,216,378,191,187,168,75,93,116,17,99,4,1,3
56351002,1179,545,634,444,246,198,386,194,192,219,82,137,115,15,100,15,8,7
56351003,261,122,139,92,42,50,126,64,62,27,14,13,16,2,14,0,0,0
56351004,49,26,23,17,11,6,22,11,11,8,3,5,2,1,1,0,0,0
56351005,720,362,358,313,177,136,270,137,133,93,38,55,42,8,34,0,0,0
56351007,612,309,303,244,141,103,265,132,133,47,22,25,53,13,40,3,1,2
56351008,272,140,132,125,69,56,106,53,53,26,13,13,15,5,10,0,0,0
56351009,928,460,468,443,238,205,327,158,169,131,55,76,23,6,17,4,3,1
56351010,778,384,394,343,187,156,294,143,151,100,43,57,39,10,29,1,0,1
56351011,350,176,174,160,83,77,159,79,80,23,11,12,8,3,5,0,0,0
56351012,792,404,388,415,232,183,250,124,126,98,43,55,27,4,23,2,1,1
56351013,1340,628,712,633,315,318,447,220,227,175,76,99,80,14,66,5,3,2
56351014,83,51,32,41,27,14,19,9,10,20,15,5,3,0,3,0,0,0
56351015,100,44,56,49,22,27,37,17,20,7,4,3,7,1,6,0,0,0
56351016,1408,649,759,581,300,281,506,254,252,217,79,138,99,13,86,4,3,1
56351017,2939,1659,1280,1681,1007,674,646,340,306,493,278,215,99,22,77,17,10,7
56351018,322,165,157,147,86,61,120,60,60,38,18,20,17,1,16,0,0,0
56351019,2308,1066,1242,1014,542,472,609,311,298,499,176,323,176,33,143,10,4,6
56351020,739,339,400,283,138,145,308,152,156,80,37,43,65,9,56,2,2,0
56351021,1160,566,594,461,256,205,495,247,248,133,50,83,69,13,56,2,0,2
56351022,1914,877,1037,721,375,346,720,356,364,294,110,184,174,32,142,4,4,0
56351023,1974,909,1065,851,456,395,614,307,307,343,122,221,162,23,139,4,1,3
56351024,1563,719,844,623,335,288,564,279,285,252,90,162,113,12,101,7,3,4
56351025,130,59,71,63,29,34,41,22,19,20,8,12,6,0,6,0,0,0
56351026,2028,990,1038,1021,530,491,621,313,308,279,121,158,89,20,69,13,4,9
56351027,1309,629,680,539,311,228,408,200,208,240,95,145,109,19,90,10,4,6
56351028,1545,746,799,713,386,327,555,268,287,186,70,116,85,20,65,6,2,4
56351029,2713,1306,1407,1265,684,581,892,445,447,397,144,253,151,28,123,8,5,3
56351030,335,181,154,160,96,64,103,52,51,58,31,27,14,2,12,0,0,0
56351031,28,13,15,9,5,4,16,8,8,0,0,0,3,0,3,0,0,0
56351032,544,263,281,274,144,130,161,82,79,84,33,51,22,3,19,3,1,2
56351033,491,247,244,197,113,84,226,114,112,45,18,27,22,2,20,1,0,1
56351034,69,37,32,30,16,14,25,12,13,12,8,4,2,1,1,0,0,0
56351035,1936,897,1039,719,370,349,835,417,418,252,87,165,126,22,104,4,1,3
56351037,1612,762,850,643,367,276,500,254,246,306,116,190,154,20,134,9,5,4
56351038,2007,941,1066,779,426,353,803,399,404,273,88,185,147,26,121,5,2,3
56351039,151,76,75,56,31,25,67,34,33,18,8,10,10,3,7,0,0,0
56351040,224,115,109,85,46,39,102,51,51,17,11,6,20,7,13,0,0,0
56351041,1813,810,1003,764,384,380,608,304,304,315,97,218,119,21,98,6,4,2
56351042,125,30,95,20,13,7,18,8,10,17,4,13,67,4,63,3,1,2
56351043,486,471,15,367,356,11,19,16,3,85,84,1,2,2,0,13,13,0
56351044,1457,692,765,634,342,292,512,248,264,231,84,147,78,17,61,2,1,1
56351045,243,118,125,87,47,40,117,58,59,31,11,20,8,2,6,0,0,0
56351046,354,173,181,136,75,61,158,81,77,38,15,23,22,2,20,0,0,0
56351047,298,153,145,124,69,55,142,70,72,20,11,9,12,3,9,0,0,0
56351048,915,460,455,376,200,176,380,192,188,95,46,49,55,16,39,7,4,3
56351049,84,43,41,37,19,18,38,19,19,6,4,2,3,1,2,0,0,0
56351050,688,329,359,268,141,127,290,147,143,71,29,42,57,10,47,2,2,0
56359501,506,261,245,218,123,95,194,98,96,64,32,32,25,6,19,4,1,3
56359502,631,332,299,276,160,116,206,103,103,96,58,38,47,8,39,6,3,3
56359503,255,133,122,106,56,50,105,53,52,32,22,10,8,1,7,2,1,1
56359504,36,16,20,14,7,7,19,9,10,3,0,3,0,0,0,0,0,0
56360901,342,177,165,147,84,63,158,78,80,23,10,13,13,4,9,1,1,0
56360902,639,317,322,263,141,122,280,139,141,64,32,32,31,4,27,1,1,0
56360903,232,121,111,109,64,45,84,41,43,25,12,13,11,1,10,1,1,0
56361701,214,104,110,84,43,41,96,47,49,25,14,11,9,0,9,0,0,0
54658501,427,222,205,152,100,52,163,82,81,74,33,41,38,7,31,0,0,0
56363301,190,100,90,72,44,28,83,41,42,17,10,7,16,3,13,2,2,0
56363302,246,125,121,107,58,49,87,43,44,37,20,17,15,4,11,0,0,0
56363303,419,224,195,184,111,73,147,72,75,53,29,24,33,10,23,2,2,0
56363304,44,27,17,15,11,4,22,11,11,4,4,0,3,1,2,0,0,0
56364101,106,48,58,40,19,21,48,24,24,8,3,5,10,2,8,0,0,0
56364102,37,22,15,12,8,4,18,9,9,5,4,1,2,1,1,0,0,0
56364103,35,18,17,15,8,7,12,6,6,2,2,0,6,2,4,0,0,0
56364104,555,278,277,217,119,98,276,138,138,31,15,16,31,6,25,0,0,0
56364105,98,43,55,37,18,19,43,21,22,7,3,4,11,1,10,0,0,0
56364107,101,45,56,38,17,21,47,23,24,7,3,4,9,2,7,0,0,0
56364108,34,14,20,7,3,4,23,11,12,2,0,2,2,0,2,0,0,0
56366801,184,98,86,81,46,35,66,35,31,29,16,13,8,1,7,0,0,0
56366803,58,29,29,20,10,10,29,16,13,5,2,3,4,1,3,0,0,0
56366805,25,12,13,8,3,5,12,6,6,3,3,0,2,0,2,0,0,0
56366807,170,87,83,68,39,29,54,27,27,29,15,14,19,6,13,0,0,0
56366809,34,14,20,11,4,7,11,6,5,9,4,5,3,0,3,0,0,0
56366810,133,56,77,55,25,30,46,23,23,18,6,12,13,1,12,1,1,0
56366811,24,16,8,14,12,2,3,2,1,5,2,3,2,0,2,0,0,0
56366812,236,127,109,101,61,40,83,42,41,41,22,19,10,1,9,1,1,0
56367601,226,114,112,99,51,48,92,49,43,25,13,12,10,1,9,0,0,0
56367602,36,19,17,12,7,5,14,7,7,6,5,1,4,0,4,0,0,0
56368401,220,116,104,91,54,37,81,42,39,24,15,9,21,4,17,1,1,0
56369201,160,106,54,100,80,20,46,22,24,8,4,4,4,0,4,0,0,0
56369202,149,85,64,69,43,26,65,34,31,10,7,3,5,1,4,0,0,0
56369203,1476,749,727,599,331,268,598,304,294,195,93,102,79,17,62,5,4,1
56369204,35,15,20,18,5,13,11,5,6,6,5,1,0,0,0,0,0,0
56369206,132,68,64,56,29,27,50,25,25,14,9,5,10,3,7,0,0,0
56370602,48,20,28,24,9,15,17,8,9,5,2,3,2,1,1,0,0,0
56370603,60,36,24,28,19,9,22,11,11,8,5,3,2,1,1,0,0,0
56370604,127,60,67,57,31,26,42,21,21,13,4,9,14,3,11,1,1,0
56370605,153,73,80,61,29,32,71,36,35,12,5,7,9,3,6,0,0,0
56370606,422,207,215,173,99,74,184,93,91,37,14,23,27,1,26,1,0,1
56370607,138,73,65,43,29,14,67,34,33,15,8,7,13,2,11,0,0,0
56370608,44,23,21,13,8,5,20,10,10,9,5,4,2,0,2,0,0,0
56370609,154,76,78,62,33,29,61,30,31,19,12,7,12,1,11,0,0,0
56370610,39,17,22,20,9,11,12,6,6,4,1,3,3,1,2,0,0,0
56371401,66,32,34,22,12,10,37,19,18,5,1,4,0,0,0,2,0,2
56371402,536,274,262,204,113,91,250,128,122,47,22,25,33,9,24,2,2,0
56373101,38,21,17,16,10,6,13,6,7,6,4,2,3,1,2,0,0,0
56373102,786,419,367,312,189,123,342,174,168,90,46,44,41,10,31,1,0,1
56374901,36,17,19,12,6,6,16,8,8,6,3,3,2,0,2,0,0,0
56374902,527,250,277,220,107,113,230,115,115,51,23,28,25,4,21,1,1,0
56374903,335,169,166,130,80,50,151,75,76,24,9,15,30,5,25,0,0,0
56374904,127,63,64,49,26,23,67,33,34,5,3,2,6,1,5,0,0,0
56374905,307,155,152,126,63,63,137,69,68,31,21,10,13,2,11,0,0,0
56374906,337,175,162,140,79,61,139,73,66,33,18,15,24,4,20,1,1,0
56374907,140,83,57,51,38,13,62,32,30,17,11,6,10,2,8,0,0,0
56374908,167,78,89,75,35,40,62,30,32,20,10,10,9,2,7,1,1,0
56375701,488,246,242,201,116,85,183,92,91,61,29,32,43,9,34,0,0,0
56375702,524,271,253,250,132,118,169,86,83,75,44,31,26,5,21,4,4,0
54657702,391,186,205,186,86,100,161,81,80,31,16,15,13,3,10,0,0,0
54657703,63,33,30,25,14,11,34,17,17,3,2,1,1,0,1,0,0,0
56377301,182,100,82,82,53,29,74,37,37,11,6,5,15,4,11,0,0,0
56378101,55,26,29,32,15,17,16,8,8,4,3,1,3,0,3,0,0,0
56378102,39,17,22,16,8,8,16,7,9,6,2,4,1,0,1,0,0,0
56378103,838,420,418,347,183,164,380,192,188,76,37,39,33,6,27,0,0,0
56379001,52,29,23,22,16,6,22,11,11,6,2,4,2,0,2,0,0,0
56379003,2545,1297,1248,1081,610,471,1017,505,512,302,153,149,136,24,112,7,3,4
56379005,126,67,59,58,35,23,52,26,26,14,6,8,2,0,2,0,0,0
56380301,215,101,114,86,41,45,95,47,48,21,10,11,13,3,10,0,0,0
56380302,379,197,182,151,90,61,174,88,86,33,17,16,21,2,19,0,0,0
56381101,436,219,217,198,109,89,163,85,78,47,20,27,28,5,23,0,0,0
56381102,566,279,287,241,137,104,212,106,106,68,29,39,43,6,37,1,1,0
56381103,70,37,33,25,16,9,28,14,14,13,5,8,4,2,2,0,0,0
56381105,1054,545,509,524,292,232,331,163,168,146,78,68,47,8,39,4,4,0
56381106,383,186,197,164,86,78,162,81,81,44,18,26,11,1,10,0,0,0
56381107,60,38,22,29,20,9,20,11,9,7,5,2,2,1,1,1,1,0
56381108,576,293,283,230,129,101,253,127,126,63,27,36,29,10,19,1,0,1
56381109,626,315,311,332,178,154,186,91,95,73,40,33,34,6,28,1,0,1
3030970,0,0,0,0,0,0,0,0,0,0,0,0,0,0,0,0,0,0
56382001,251,127,124,102,58,44,105,50,55,22,14,8,22,5,17,0,0,0
56382002,79,35,44,32,15,17,32,15,17,7,5,2,8,0,8,0,0,0
56382003,405,190,215,160,89,71,132,66,66,81,29,52,32,6,26,0,0,0
56382004,62,27,35,30,11,19,18,9,9,11,7,4,3,0,3,0,0,0
56382005,985,463,522,409,209,200,378,190,188,129,52,77,66,12,54,3,0,3
56382006,61,31,30,24,13,11,30,15,15,4,2,2,3,1,2,0,0,0
56382007,3028,1461,1567,1239,689,550,1031,513,518,524,212,312,227,45,182,6,1,5
56382008,374,225,149,182,121,61,78,39,39,89,57,32,25,8,17,0,0,0
56382009,79,38,41,33,18,15,33,16,17,8,4,4,5,0,5,0,0,0
56382010,386,194,192,168,86,82,143,72,71,50,31,19,25,5,20,0,0,0
56382011,115,59,56,51,29,22,50,26,24,11,3,8,3,1,2,0,0,0
56383801,153,74,79,59,28,31,67,34,33,16,9,7,11,3,8,0,0,0
56383802,118,56,62,46,29,17,36,18,18,18,9,9,18,0,18,0,0,0
56383803,427,206,221,166,93,73,193,96,97,35,14,21,33,3,30,0,0,0
56383804,1811,849,962,757,406,351,568,288,280,292,120,172,188,32,156,6,3,3
56383805,108,56,52,39,20,19,44,22,22,16,9,7,8,4,4,1,1,0
56384601,113,62,51,43,27,16,41,20,21,19,13,6,10,2,8,0,0,0
56385401,844,409,435,331,181,150,372,183,189,73,36,37,65,8,57,3,1,2
56385402,28,14,14,13,5,8,11,6,5,3,2,1,1,1,0,0,0,0
56386201,37,18,19,13,9,4,15,8,7,5,1,4,4,0,4,0,0,0
56386202,36,21,15,13,10,3,16,8,8,3,1,2,3,1,2,1,1,0
56386204,185,92,93,75,38,37,82,42,40,19,10,9,8,1,7,1,1,0
56386205,238,113,125,104,55,49,90,43,47,23,10,13,20,4,16,1,1,0
3107270,0,0,0,0,0,0,0,0,0,0,0,0,0,0,0,0,0,0
3107350,0,0,0,0,0,0,0,0,0,0,0,0,0,0,0,0,0,0
56387101,113,55,58,42,23,19,46,24,22,13,5,8,12,3,9,0,0,0
56387102,208,111,97,73,42,31,91,45,46,31,19,12,12,4,8,1,1,0
56387103,42,19,23,14,5,9,18,10,8,6,4,2,4,0,4,0,0,0
56387104,283,141,142,114,67,47,108,55,53,42,17,25,18,1,17,1,1,0
56387105,267,134,133,93,54,39,134,66,68,26,11,15,13,2,11,1,1,0
56387106,147,74,73,71,36,35,56,30,26,10,5,5,9,3,6,1,0,1
56387107,58,32,26,25,15,10,28,15,13,5,2,3,0,0,0,0,0,0
56387108,134,62,72,50,25,25,62,31,31,14,6,8,8,0,8,0,0,0
56387109,45,25,20,23,14,9,14,7,7,6,3,3,2,1,1,0,0,0
56387110,203,94,109,81,39,42,103,53,50,11,2,9,7,0,7,1,0,1
56387111,37,21,16,15,11,4,16,9,7,6,1,5,0,0,0,0,0,0
56387112,179,84,95,56,34,22,61,32,29,29,14,15,33,4,29,0,0,0
56387113,57,25,32,17,10,7,25,13,12,9,2,7,6,0,6,0,0,0
56387115,42,18,24,20,8,12,12,6,6,5,4,1,5,0,5,0,0,0
56387116,368,179,189,154,90,64,122,60,62,60,24,36,32,5,27,0,0,0
56387117,802,404,398,356,209,147,264,132,132,125,58,67,55,4,51,2,1,1
56387118,69,31,38,24,9,15,27,14,13,12,7,5,6,1,5,0,0,0
56387119,757,338,419,294,153,141,262,130,132,135,45,90,63,9,54,2,1,1
56387120,354,166,188,122,59,63,156,80,76,45,23,22,29,2,27,0,0,0
56387121,1195,584,611,499,276,223,442,223,219,155,64,91,92,16,76,7,5,2
56387122,374,176,198,137,71,66,158,81,77,45,19,26,33,4,29,1,1,0
56390101,315,157,158,139,73,66,141,70,71,17,9,8,18,5,13,0,0,0
56390103,212,96,116,98,42,56,89,45,44,15,8,7,10,1,9,0,0,0
56390105,67,34,33,27,14,13,29,14,15,6,3,3,5,3,2,0,0,0
56390106,29,17,12,11,8,3,11,5,6,4,3,1,3,1,2,0,0,0
56390107,25,12,13,5,2,3,11,5,6,5,5,0,4,0,4,0,0,0
56390108,39,21,18,12,7,5,16,9,7,5,4,1,6,1,5,0,0,0
56390109,58,30,28,17,10,7,32,16,16,7,3,4,2,1,1,0,0,0
56390110,45,20,25,20,8,12,17,8,9,5,3,2,3,1,2,0,0,0
56390111,136,74,62,61,39,22,64,32,32,7,2,5,3,0,3,1,1,0
56390112,28,17,11,15,9,6,10,5,5,3,3,0,0,0,0,0,0,0
56391901,988,513,475,441,266,175,386,191,195,101,48,53,58,8,50,2,0,2
56391902,20,12,8,10,7,3,8,4,4,1,1,0,1,0,1,0,0,0
56391903,55,25,30,21,11,10,25,12,13,5,2,3,4,0,4,0,0,0
54663101,694,348,346,314,169,145,268,133,135,71,37,34,40,9,31,0,0,0
56393501,329,163,166,173,90,83,97,46,51,39,20,19,19,6,13,1,1,0
56393502,552,291,261,249,142,107,189,94,95,77,47,30,36,8,28,1,0,1
56393503,49,23,26,23,11,12,16,8,8,7,4,3,3,0,3,0,0,0
56394302,37,15,22,17,6,11,15,7,8,2,1,1,3,1,2,0,0,0
56394304,64,36,28,31,21,10,23,12,11,5,2,3,4,0,4,0,0,0
56394306,20,11,9,9,6,3,10,5,5,0,0,0,1,0,1,0,0,0
54599601,75,41,34,28,16,12,35,18,17,9,5,4,3,2,1,0,0,0
54599602,90,46,44,41,23,18,29,13,16,11,7,4,6,1,5,3,2,1
54599603,70,33,37,40,23,17,16,8,8,8,1,7,6,1,5,0,0,0
54599604,77,41,36,32,18,14,32,17,15,8,4,4,4,1,3,1,1,0
56396001,67,36,31,26,17,9,32,15,17,6,3,3,3,1,2,0,0,0
56396002,101,53,48,45,26,19,44,22,22,8,5,3,4,0,4,0,0,0
56396003,53,32,21,24,18,6,17,8,9,8,5,3,4,1,3,0,0,0
56396004,33,16,17,8,3,5,19,11,8,4,2,2,2,0,2,0,0,0
56396005,103,52,51,38,20,18,46,23,23,12,6,6,7,3,4,0,0,0
56396006,90,46,44,22,14,8,54,27,27,6,3,3,8,2,6,0,0,0
56396007,35,22,13,13,11,2,14,7,7,4,3,1,3,0,3,1,1,0
56396008,22,11,11,6,4,2,14,7,7,1,0,1,1,0,1,0,0,0
56396009,34,18,16,14,7,7,10,5,5,7,5,2,3,1,2,0,0,0
56396010,61,33,28,29,21,8,20,10,10,7,2,5,5,0,5,0,0,0
56396011,60,34,26,20,14,6,28,14,14,8,4,4,4,2,2,0,0,0
56396012,30,18,12,11,8,3,14,7,7,2,2,0,3,1,2,0,0,0
56396013,141,69,72,63,32,31,63,33,30,9,4,5,6,0,6,0,0,0
56396014,215,112,103,96,59,37,76,37,39,29,14,15,14,2,12,0,0,0
56396015,360,185,175,164,93,71,135,67,68,39,19,20,21,5,16,1,1,0
56396016,1057,492,565,343,204,139,447,230,217,109,34,75,149,18,131,9,6,3
56396017,290,147,143,111,69,42,126,60,66,25,12,13,28,6,22,0,0,0
54453101,231,118,113,102,58,44,87,44,43,23,10,13,12,1,11,5,3,2
54453102,25,14,11,8,5,3,12,6,6,5,3,2,0,0,0,0,0,0
54453103,307,154,153,108,58,50,157,79,78,27,12,15,15,5,10,0,0,0
54660701,696,348,348,309,170,139,249,126,123,88,39,49,49,13,36,1,0,1
53046801,881,461,420,380,223,157,381,189,192,77,38,39,40,9,31,3,2,1
53046802,66,33,33,20,10,10,32,17,15,12,6,6,2,0,2,0,0,0
56399401,542,273,269,236,129,107,221,109,112,51,29,22,34,6,28,0,0,0
3031600,0,0,0,0,0,0,0,0,0,0,0,0,0,0,0,0,0,0
3031860,0,0,0,0,0,0,0,0,0,0,0,0,0,0,0,0,0,0
56402801,113,53,60,50,23,27,45,23,22,12,6,6,6,1,5,0,0,0
56402802,46,23,23,17,12,5,19,9,10,8,2,6,2,0,2,0,0,0
56402803,69,35,34,31,18,13,27,14,13,8,2,6,3,1,2,0,0,0
56402804,50,24,26,28,13,15,10,4,6,7,4,3,4,2,2,1,1,0
56402805,1487,691,796,576,317,259,547,272,275,222,79,143,140,23,117,2,0,2
56402806,40,19,21,8,5,3,24,12,12,4,2,2,4,0,4,0,0,0
56402807,251,137,114,148,88,60,64,33,31,30,14,16,9,2,7,0,0,0
56402808,1407,646,761,632,323,309,425,210,215,221,90,131,126,22,104,3,1,2
56402809,59,28,31,31,15,16,18,9,9,7,3,4,2,0,2,1,1,0
56402810,1051,545,506,548,304,244,300,150,150,149,80,69,50,9,41,4,2,2
56402811,1387,696,691,535,297,238,635,315,320,131,58,73,85,26,59,1,0,1
56402812,346,177,169,133,77,56,124,62,62,48,29,19,40,9,31,1,0,1
56402813,209,112,97,89,53,36,97,48,49,17,8,9,6,3,3,0,0,0
56402814,445,224,221,186,105,81,198,99,99,31,17,14,30,3,27,0,0,0
56402815,77,45,32,26,19,7,39,20,19,6,4,2,6,2,4,0,0,0
56402817,178,92,86,74,39,35,83,42,41,14,9,5,7,2,5,0,0,0
56402818,40,19,21,14,6,8,21,11,10,2,2,0,3,0,3,0,0,0
56403601,424,215,209,178,101,77,167,85,82,51,22,29,24,4,20,4,3,1
56403602,35,18,17,19,11,8,9,4,5,4,2,2,3,1,2,0,0,0
56404401,274,146,128,102,61,41,117,60,57,28,17,11,27,8,19,0,0,0
56404402,2360,1176,1184,1015,575,440,862,426,436,306,126,180,164,39,125,11,8,3
0260260,0,0,0,0,0,0,0,0,0,0,0,0,0,0,0,0,0,0
54435301,173,93,80,71,39,32,67,35,32,24,13,11,11,6,5,0,0,0
54435302,96,51,45,33,16,17,39,20,19,20,14,6,3,0,3,1,1,0
56405201,109,46,63,38,17,21,43,22,21,15,6,9,13,1,12,0,0,0
56405202,29,13,16,10,4,6,14,8,6,2,1,1,2,0,2,1,0,1
56405204,82,43,39,32,20,12,39,20,19,5,2,3,6,1,5,0,0,0
56406101,153,71,82,63,29,34,70,35,35,10,7,3,9,0,9,1,0,1
56406102,2585,1295,1290,1122,624,498,936,464,472,336,159,177,169,33,136,20,15,5
56406103,29,15,14,11,7,4,13,7,6,4,1,3,1,0,1,0,0,0
56406105,156,81,75,67,35,32,69,35,34,13,8,5,6,2,4,1,1,0
56406106,21,7,14,11,3,8,6,3,3,3,1,2,1,0,1,0,0,0
56407901,195,108,87,81,53,28,61,32,29,32,19,13,20,4,16,0,0,0
56407902,41,23,18,17,12,5,18,9,9,5,2,3,1,0,1,0,0,0
3108670,0,0,0,0,0,0,0,0,0,0,0,0,0,0,0,0,0,0
56409501,164,81,83,68,37,31,70,35,35,12,7,5,12,2,10,0,0,0
56409502,56,30,26,28,18,10,18,9,9,8,3,5,2,0,2,0,0,0
56409504,968,465,503,397,205,192,416,208,208,83,42,41,66,7,59,3,3,0
56409505,76,36,40,30,16,14,22,11,11,17,8,9,7,1,6,0,0,0
56409506,30,13,17,13,6,7,9,4,5,6,3,3,2,0,2,0,0,0
56409507,160,88,72,68,45,23,65,32,33,23,11,12,4,0,4,0,0,0
56409508,107,56,51,36,22,14,51,25,26,13,8,5,5,0,5,2,1,1
56409509,219,110,109,84,45,39,94,47,47,22,15,7,18,3,15,1,0,1
56409510,51,26,25,26,13,13,20,10,10,4,3,1,1,0,1,0,0,0
56409511,463,222,241,204,105,99,189,95,94,36,18,18,33,3,30,1,1,0
56409512,59,27,32,26,11,15,25,13,12,7,2,5,0,0,0,0,0,0
56409513,749,375,374,353,197,156,268,134,134,88,36,52,39,7,32,1,1,0
56409515,37,20,17,22,13,9,10,5,5,4,2,2,1,0,1,0,0,0
56409516,503,244,259,201,115,86,199,98,101,67,28,39,34,1,33,2,2,0
56409517,1561,794,767,793,437,356,450,232,218,223,109,114,93,14,79,2,2,0
56409518,993,479,514,421,233,188,319,161,158,162,67,95,88,16,72,1,1,0
56409520,210,113,97,97,54,43,76,41,35,20,9,11,14,7,7,3,2,1
56409521,622,314,308,253,144,109,270,135,135,60,30,30,37,5,32,2,0,2
56409522,161,82,79,65,36,29,64,31,33,18,11,7,14,4,10,0,0,0
56409523,217,114,103,98,56,42,70,35,35,34,19,15,14,3,11,1,1,0
56409524,205,101,104,102,53,49,73,37,36,19,10,9,11,1,10,0,0,0
56410901,107,53,54,48,25,23,31,16,15,20,10,10,7,1,6,1,1,0
56410902,880,431,449,359,192,167,345,176,169,99,48,51,76,14,62,1,1,0
56411701,353,179,174,148,79,69,157,80,77,36,16,20,12,4,8,0,0,0
56411702,524,259,265,256,136,120,197,96,101,51,22,29,20,5,15,0,0,0
56411703,52,28,24,19,12,7,26,13,13,5,3,2,2,0,2,0,0,0
56411704,44,25,19,21,16,5,17,8,9,5,1,4,1,0,1,0,0,0
56411705,278,151,127,133,83,50,103,51,52,32,13,19,10,4,6,0,0,0
56411706,123,63,60,55,30,25,50,26,24,14,7,7,4,0,4,0,0,0
56411707,256,130,126,97,60,37,102,53,49,29,13,16,26,3,23,2,1,1
56411708,315,167,148,132,77,55,139,72,67,26,14,12,17,3,14,1,1,0
56411709,124,56,68,51,25,26,50,25,25,12,5,7,11,1,10,0,0,0
56411710,1125,538,587,500,262,238,395,198,197,159,63,96,68,13,55,3,2,1
56411711,1072,542,530,502,287,215,322,169,153,160,72,88,81,11,70,5,3,2
56411712,149,73,76,51,28,23,70,35,35,22,9,13,6,1,5,0,0,0
56411713,44,21,23,19,8,11,19,10,9,6,3,3,0,0,0,0,0,0
56411714,590,284,306,244,132,112,238,118,120,67,27,40,40,6,34,1,1,0
56411715,334,149,185,113,57,56,149,72,77,35,17,18,37,3,34,0,0,0
56411716,579,289,290,278,153,125,176,89,87,91,42,49,32,5,27,0,0,0
56411717,65,32,33,21,10,11,34,17,17,7,4,3,3,1,2,0,0,0
56411718,40,20,20,19,10,9,15,7,8,6,3,3,0,0,0,0,0,0
56411719,24,14,10,12,8,4,7,3,4,5,3,2,0,0,0,0,0,0
56163101,251,140,111,90,56,34,110,55,55,35,21,14,15,8,7,1,0,1
56163102,139,66,73,58,29,29,55,28,27,16,6,10,10,3,7,0,0,0
56163103,1573,772,801,726,395,331,539,268,271,205,92,113,101,16,85,2,1,1
56163104,30,15,15,13,7,6,14,6,8,3,2,1,0,0,0,0,0,0
56163105,963,481,482,408,234,174,358,180,178,124,52,72,69,13,56,4,2,2
56163106,33,16,17,11,7,4,14,7,7,7,2,5,1,0,1,0,0,0
56163107,143,78,65,79,48,31,41,20,21,16,7,9,7,3,4,0,0,0
56163108,28,14,14,11,6,5,12,6,6,3,2,1,2,0,2,0,0,0
56163109,82,38,44,31,14,17,36,18,18,11,5,6,4,1,3,0,0,0
56163110,25,14,11,9,6,3,12,6,6,4,2,2,0,0,0,0,0,0
56163112,168,96,72,70,48,22,63,31,32,22,13,9,12,3,9,1,1,0
56163113,135,73,62,61,33,28,54,29,25,18,11,7,2,0,2,0,0,0
56163115,55,32,23,43,26,17,8,4,4,3,1,2,1,1,0,0,0,0
56165701,95,48,47,31,18,13,43,21,22,15,7,8,6,2,4,0,0,0
54665801,170,87,83,64,39,25,74,37,37,21,9,12,11,2,9,0,0,0
53048401,396,208,188,165,94,71,164,82,82,55,30,25,12,2,10,0,0,0
53048402,179,95,84,76,43,33,87,44,43,11,6,5,5,2,3,0,0,0
56413301,39,18,21,11,4,7,24,12,12,2,1,1,2,1,1,0,0,0
56413302,573,267,306,258,141,117,158,77,81,76,37,39,79,11,68,2,1,1
56414101,86,45,41,31,20,11,33,17,16,14,7,7,8,1,7,0,0,0
56414102,60,29,31,23,11,12,33,17,16,0,0,0,3,0,3,1,1,0
56414103,51,25,26,14,8,6,30,14,16,4,2,2,3,1,2,0,0,0
56414104,60,34,26,27,16,11,24,12,12,8,5,3,1,1,0,0,0,0
56414105,35,20,15,16,11,5,14,7,7,4,2,2,1,0,1,0,0,0
56414107,33,16,17,15,9,6,10,5,5,4,1,3,4,1,3,0,0,0
56414108,29,11,18,10,2,8,14,7,7,3,2,1,2,0,2,0,0,0
56416801,449,224,225,190,97,93,175,88,87,59,33,26,24,5,19,1,1,0
56417601,308,168,140,128,73,55,127,66,61,38,21,17,14,7,7,1,1,0
56417602,80,40,40,36,18,18,29,15,14,13,7,6,2,0,2,0,0,0
56418401,562,285,277,238,125,113,227,115,112,63,37,26,33,7,26,1,1,0
56418402,287,148,139,136,75,61,103,52,51,28,17,11,20,4,16,0,0,0
53043301,365,203,162,158,100,58,154,79,75,34,18,16,17,5,12,2,1,1
56420601,449,226,223,198,112,86,170,86,84,55,21,34,25,6,19,0,0,0
54593701,212,96,116,73,32,41,98,49,49,25,12,13,15,3,12,1,0,1
0820403,0,0,0,0,0,0,0,0,0,0,0,0,0,0,0,0,0,0
0821390,0,0,0,0,0,0,0,0,0,0,0,0,0,0,0,0,0,0
3186800,0,0,0,0,0,0,0,0,0,0,0,0,0,0,0,0,0,0
3187440,0,0,0,0,0,0,0,0,0,0,0,0,0,0,0,0,0,0
55690401,1736,1141,595,997,665,332,278,162,116,401,292,109,38,6,32,17,12,5
55690402,193,97,96,97,55,42,54,29,25,24,8,16,10,2,8,8,3,5
55690403,1394,695,699,742,394,348,381,208,173,190,72,118,69,10,59,10,9,1
55690404,89,41,48,42,21,21,39,19,20,5,0,5,3,1,2,0,0,0
55690405,2369,1114,1255,1084,565,519,778,390,388,349,136,213,142,15,127,12,5,7
55690406,28,14,14,8,5,3,16,8,8,2,1,1,2,0,2,0,0,0
55690408,2655,1297,1358,1209,640,569,953,478,475,324,140,184,155,27,128,8,6,2
55690409,78,38,40,34,22,12,19,10,9,15,4,11,6,1,5,4,1,3
55690410,1251,609,642,535,286,249,501,244,257,143,62,81,65,13,52,6,4,2
55690411,1558,687,871,718,364,354,473,228,245,221,77,144,139,15,124,4,3,1
55690412,3232,1507,1725,1350,720,630,1144,562,582,484,173,311,240,42,198,10,8,2
55690413,3035,1446,1589,1212,679,533,1113,551,562,462,157,305,228,44,184,17,12,5
55690414,400,202,198,212,122,90,82,44,38,79,29,50,24,5,19,3,2,1
55690416,1072,529,543,502,268,234,353,180,173,150,67,83,61,9,52,5,4,1
55690417,1829,856,973,693,377,316,698,349,349,292,103,189,137,23,114,7,2,5
55690418,87,54,33,39,24,15,27,21,6,12,6,6,5,0,5,4,3,1
55690419,76,43,33,31,20,11,34,19,15,7,4,3,3,0,3,1,0,1
55690420,5979,2872,3107,2628,1442,1186,1982,991,991,995,369,626,345,51,294,25,17,8
55690421,1486,741,745,726,390,336,433,220,213,256,118,138,63,10,53,8,3,5
55690422,656,354,302,308,187,121,204,107,97,111,54,57,30,4,26,3,2,1
55690423,1019,495,524,392,214,178,414,214,200,116,46,70,83,17,66,10,4,6
55690424,32,18,14,17,13,4,8,3,5,6,2,4,1,0,1,0,0,0
55690425,237,127,110,109,70,39,100,49,51,20,8,12,8,0,8,0,0,0
55690426,2165,1064,1101,890,483,407,887,440,447,260,107,153,122,29,93,6,5,1
55690427,193,105,88,93,53,40,74,39,35,14,7,7,7,2,5,4,3,1
55690428,202,97,105,89,48,41,79,39,40,22,8,14,11,1,10,1,1,0
55690429,870,434,436,379,214,165,310,152,158,118,54,64,60,13,47,3,1,2
55690430,3676,1774,1902,1626,884,742,1181,597,584,580,230,350,264,49,215,21,14,7
55690431,1679,817,862,675,375,300,668,339,329,209,84,125,121,15,106,4,2,2
55690434,67,31,36,29,11,18,28,15,13,7,5,2,3,0,3,0,0,0
55690435,480,232,248,184,89,95,216,109,107,47,29,18,28,2,26,3,1,2
55690436,55,31,24,21,15,6,29,14,15,4,2,2,1,0,1,0,0,0
55690437,777,366,411,276,134,142,372,185,187,64,28,36,64,18,46,1,1,0
55690438,689,333,356,295,160,135,304,152,152,68,16,52,20,4,16,2,1,1
55690439,3217,1544,1673,1369,737,632,1196,601,595,433,166,267,212,39,173,5,1,4
55690440,2578,1164,1414,1060,532,528,971,479,492,344,117,227,197,34,163,6,2,4
55690442,1844,899,945,769,421,348,800,394,406,176,73,103,93,9,84,5,2,3
55690443,2189,1029,1160,881,450,431,846,422,424,311,131,180,150,26,124,1,0,1
55690444,3318,1502,1816,1378,724,654,1017,511,506,553,210,343,362,53,309,5,2,3
55690445,1078,519,559,497,270,227,407,201,206,98,34,64,74,13,61,2,1,1
55690446,237,115,122,97,47,50,112,56,56,23,11,12,5,1,4,0,0,0
55690447,532,234,298,177,91,86,204,100,104,78,30,48,70,10,60,3,3,0
55690448,137,68,69,57,30,27,63,33,30,7,3,4,10,2,8,0,0,0
55690449,3101,1446,1655,1311,691,620,1167,580,587,447,143,304,166,29,137,6,3,3
55690450,1095,506,589,425,213,212,466,231,235,120,45,75,80,14,66,4,3,1
55690451,1988,1042,946,1070,615,455,634,319,315,190,82,108,77,14,63,17,12,5
55690452,377,178,199,156,73,83,174,87,87,35,16,19,11,1,10,1,1,0
55690453,540,297,243,253,157,96,198,100,98,62,31,31,24,7,17,3,2,1
55690454,539,259,280,232,116,116,235,116,119,56,26,30,15,0,15,1,1,0
55690456,1490,749,741,637,346,291,658,327,331,124,57,67,65,15,50,4,4,0
55690457,155,73,82,65,32,33,72,36,36,13,3,10,5,2,3,0,0,0
55690458,672,331,341,288,153,135,268,133,135,65,34,31,46,7,39,4,3,1
55690459,490,247,243,202,112,90,233,119,114,27,13,14,27,3,24,0,0,0
55690460,574,285,289,265,143,122,247,123,124,37,15,22,23,2,21,1,1,0
55690461,2357,1159,1198,1036,543,493,905,454,451,292,129,163,114,28,86,10,5,5
55690462,29,12,17,8,3,5,12,6,6,7,3,4,2,0,2,0,0,0
55690463,21,9,12,6,2,4,12,6,6,2,1,1,1,0,1,0,0,0
55690464,642,307,335,270,140,130,230,119,111,94,41,53,48,7,41,0,0,0
55690465,967,472,495,384,203,181,431,214,217,97,50,47,52,5,47,1,0,1
55690466,704,363,341,290,161,129,313,155,158,64,35,29,36,12,24,0,0,0
55690467,109,55,54,40,24,16,49,23,26,15,7,8,5,1,4,0,0,0
55690468,172,87,85,71,39,32,81,40,41,14,7,7,6,1,5,0,0,0
55690469,1050,524,526,431,238,193,406,203,203,124,59,65,85,22,63,4,2,2
55690470,115,58,57,33,17,16,60,30,30,16,8,8,6,3,3,0,0,0
55690471,200,105,95,84,48,36,84,43,41,23,12,11,9,2,7,0,0,0
55690472,153,82,71,77,46,31,58,28,30,14,8,6,4,0,4,0,0,0
55690473,4154,1995,2159,1812,944,868,1620,810,810,505,198,307,197,31,166,14,7,7
55690475,172,90,82,75,41,34,75,38,37,15,9,6,7,2,5,0,0,0
55690476,950,496,454,516,287,229,236,127,109,161,72,89,31,5,26,5,5,0
55690477,2029,1178,851,1092,710,382,547,281,266,285,149,136,82,22,60,21,14,7
55690478,342,185,157,201,116,85,72,36,36,49,25,24,11,2,9,9,6,3
55690479,1713,787,926,785,412,373,498,251,247,261,95,166,155,21,134,14,8,6
55690480,60,38,22,20,14,6,32,21,11,4,2,2,2,1,1,2,0,2
55690481,2670,1279,1391,1239,682,557,739,372,367,436,185,251,231,32,199,25,8,17
55690482,872,453,419,505,278,227,193,98,95,140,71,69,29,4,25,4,1,3
55690483,358,157,201,131,64,67,112,56,56,68,27,41,45,9,36,1,0,1
55690484,1924,937,987,901,476,425,635,315,320,270,117,153,100,20,80,9,3,6
55690485,773,397,376,378,212,166,224,112,112,121,54,67,32,6,26,16,11,5
55690486,62,34,28,20,12,8,32,16,16,9,6,3,1,0,1,0,0,0
55690487,2456,1104,1352,1066,548,518,761,378,383,367,137,230,245,34,211,13,7,6
55690488,34,23,11,18,14,4,11,6,5,3,3,0,2,0,2,0,0,0
55690489,1849,905,944,856,457,399,655,324,331,243,98,145,79,16,63,13,8,5
55690491,132,73,59,74,46,28,38,19,19,14,5,9,6,3,3,0,0,0
55690492,841,413,428,373,198,175,294,146,148,105,45,60,41,5,36,28,19,9
55689101,85,41,44,41,20,21,24,11,13,10,6,4,8,3,5,2,1,1
55689102,95,54,41,56,35,21,24,10,14,13,7,6,2,2,0,0,0,0
55689103,38,16,22,19,8,11,10,4,6,5,4,1,4,0,4,0,0,0
55689104,2704,1288,1416,1163,612,551,903,447,456,453,186,267,162,31,131,22,11,11
55689105,412,201,211,180,88,92,177,92,85,35,16,19,18,4,14,2,1,1
55689106,761,377,384,320,163,157,341,171,170,67,31,36,31,10,21,2,2,0
55689107,768,379,389,342,183,159,287,142,145,102,48,54,36,5,31,1,1,0
55689108,683,300,383,252,130,122,232,117,115,71,25,46,120,25,95,8,3,5
55689109,1651,767,884,832,449,383,408,199,209,331,105,226,73,9,64,3,1,2
55689110,1738,877,861,710,397,313,763,376,387,164,77,87,94,22,72,3,2,1
56423101,49,23,26,21,9,12,24,12,12,3,2,1,1,0,1,0,0,0
56423102,277,152,125,118,74,44,118,61,57,30,15,15,8,1,7,1,1,0
56423103,1313,668,645,594,327,267,510,256,254,149,74,75,59,10,49,0,0,0
54659301,45,22,23,17,9,8,24,12,12,2,0,2,2,1,1,0,0,0
54659302,723,374,349,320,181,139,277,143,134,88,43,45,34,6,28,4,1,3
54659303,47,30,17,14,12,2,22,11,11,7,6,1,3,1,2,1,0,1
54659304,99,44,55,36,17,19,39,19,20,16,7,9,8,1,7,0,0,0
56426501,114,59,55,56,33,23,38,20,18,13,5,8,6,1,5,1,0,1
56426502,89,40,49,27,14,13,44,22,22,5,2,3,12,1,11,1,1,0
56426503,138,67,71,62,34,28,49,24,25,14,8,6,12,0,12,1,1,0
56426504,33,14,19,14,5,9,8,4,4,7,5,2,3,0,3,1,0,1
56426505,3122,1538,1584,1395,755,640,1122,561,561,383,180,203,208,38,170,12,4,8
56428101,692,347,345,309,165,144,293,145,148,59,29,30,31,8,23,0,0,0
56428102,87,45,42,38,21,17,37,18,19,8,5,3,4,1,3,0,0,0
56429001,152,85,67,72,44,28,64,32,32,10,7,3,6,2,4,0,0,0
56429002,56,33,23,19,16,3,28,15,13,6,2,4,3,0,3,0,0,0
56429003,38,18,20,12,5,7,15,8,7,6,3,3,4,1,3,1,1,0
56429004,34,15,19,14,7,7,11,6,5,7,2,5,2,0,2,0,0,0
56429005,438,227,211,191,107,84,185,92,93,34,19,15,27,8,19,1,1,0
56429006,407,197,210,154,76,78,184,92,92,48,27,21,21,2,19,0,0,0
56429007,21,11,10,5,3,2,12,6,6,4,2,2,0,0,0,0,0,0
54595301,132,66,66,55,29,26,59,29,30,13,5,8,4,2,2,1,1,0
54595303,165,82,83,63,33,30,78,40,38,13,5,8,11,4,7,0,0,0
54595304,58,30,28,27,16,11,28,14,14,0,0,0,3,0,3,0,0,0
56430301,50,23,27,19,10,9,21,10,11,6,2,4,3,0,3,1,1,0
56430302,59,28,31,22,10,12,33,16,17,3,1,2,1,1,0,0,0,0
56430303,37,20,17,15,9,6,15,8,7,4,2,2,2,1,1,1,0,1
56430304,275,141,134,93,52,41,144,73,71,18,11,7,20,5,15,0,0,0
56430306,180,97,83,71,45,26,89,45,44,11,5,6,9,2,7,0,0,0
56430307,80,38,42,36,18,18,38,18,20,1,1,0,5,1,4,0,0,0
56430309,26,15,11,8,6,2,17,9,8,0,0,0,1,0,1,0,0,0
56431101,184,89,95,81,43,38,56,28,28,32,16,16,14,2,12,1,0,1
56431102,96,49,47,45,22,23,32,15,17,13,11,2,6,1,5,0,0,0
54434501,75,41,34,22,15,7,30,15,15,17,8,9,5,2,3,1,1,0
54434503,244,122,122,97,51,46,107,54,53,30,15,15,9,2,7,1,0,1
54434504,74,39,35,27,15,12,40,20,20,6,3,3,1,1,0,0,0,0
54434505,25,11,14,14,6,8,10,5,5,1,0,1,0,0,0,0,0,0
56435401,1238,606,632,462,239,223,522,260,262,157,75,82,90,26,64,7,6,1
54458201,395,178,217,130,71,59,156,76,80,36,16,20,72,15,57,1,0,1
56437101,32,18,14,11,7,4,17,9,8,2,1,1,2,1,1,0,0,0
56437102,2698,1346,1352,1214,654,560,991,496,495,308,150,158,176,38,138,9,8,1
56439701,201,96,105,84,41,43,84,42,42,21,10,11,11,2,9,0,0,0
56439702,25,10,15,10,3,7,10,5,5,4,2,2,1,0,1,0,0,0
56439703,79,38,41,29,16,13,36,18,18,6,2,4,6,2,4,0,0,0
56439704,454,235,219,183,115,68,167,83,84,60,26,34,41,9,32,2,2,0
56439705,28,16,12,10,6,4,10,5,5,6,4,2,1,0,1,0,0,0
56440102,35,20,15,15,11,4,14,7,7,3,2,1,3,0,3,0,0,0
56440103,124,65,59,42,22,20,66,35,31,13,7,6,3,1,2,0,0,0
54447701,2254,1137,1117,933,509,424,966,478,488,240,120,120,113,29,84,2,1,1
54447702,87,39,48,39,18,21,27,13,14,16,8,8,4,0,4,1,0,1
56442701,371,189,182,135,73,62,165,85,80,49,26,23,22,5,17,0,0,0
56442703,148,76,72,69,39,30,49,25,24,17,7,10,11,3,8,1,1,0
56442704,80,40,40,37,21,16,30,15,15,6,2,4,7,2,5,0,0,0
56442705,101,57,44,41,27,14,38,19,19,10,8,2,11,2,9,0,0,0
56442707,101,45,56,49,25,24,34,18,16,6,1,5,12,1,11,0,0,0
56442710,150,73,77,55,33,22,69,34,35,10,4,6,16,2,14,0,0,0
56443501,34,17,17,13,9,4,16,8,8,1,0,1,4,0,4,0,0,0
56443502,402,208,194,174,107,67,161,81,80,38,16,22,29,4,25,0,0,0
56444301,167,81,86,64,29,35,80,41,39,13,7,6,10,4,6,0,0,0
56444302,194,112,82,86,56,30,76,39,37,23,15,8,9,2,7,0,0,0
56445101,55,31,24,26,18,8,20,10,10,6,3,3,3,0,3,0,0,0
56445102,72,40,32,29,17,12,29,14,15,14,9,5,0,0,0,0,0,0
56445103,33,18,15,15,9,6,8,4,4,8,5,3,0,0,0,0,0,0
56445104,48,23,25,24,15,9,13,6,7,9,1,8,2,1,1,0,0,0
56445105,27,15,12,9,7,2,11,6,5,4,1,3,3,1,2,0,0,0
56446001,1135,588,547,494,281,213,526,264,262,89,40,49,23,2,21,2,1,1
56446002,60,28,32,27,11,16,29,15,14,3,2,1,1,0,1,0,0,0
56446003,219,108,111,101,51,50,96,46,50,17,9,8,5,2,3,0,0,0
56449401,119,63,56,53,33,20,38,19,19,18,9,9,10,2,8,0,0,0
56449402,25,13,12,9,5,4,10,5,5,5,3,2,1,0,1,0,0,0
56449403,26,15,11,6,3,3,10,5,5,7,6,1,3,1,2,0,0,0
56449405,128,69,59,52,31,21,42,22,20,20,13,7,14,3,11,0,0,0
56449406,153,71,82,62,31,31,62,30,32,21,9,12,8,1,7,0,0,0
56449407,159,82,77,74,43,31,56,30,26,16,8,8,13,1,12,0,0,0
56449408,148,79,69,71,45,26,52,26,26,16,6,10,9,2,7,0,0,0
56449409,530,286,244,250,158,92,202,102,100,45,21,24,33,5,28,0,0,0
56451601,119,60,59,56,31,25,50,24,26,10,4,6,2,0,2,1,1,0
56451602,46,23,23,16,9,7,18,9,9,6,4,2,6,1,5,0,0,0
56451603,189,92,97,75,40,35,62,32,30,34,17,17,18,3,15,0,0,0
56453202,31,15,16,10,5,5,14,8,6,2,1,1,5,1,4,0,0,0
56453203,22,10,12,11,6,5,7,4,3,2,0,2,2,0,2,0,0,0
56453205,65,32,33,39,19,20,16,8,8,7,4,3,3,1,2,0,0,0
56453206,35,18,17,12,7,5,18,10,8,3,1,2,2,0,2,0,0,0
56453207,40,18,22,12,5,7,22,11,11,6,2,4,0,0,0,0,0,0
56453208,25,10,15,8,4,4,10,5,5,3,1,2,4,0,4,0,0,0
56453209,84,39,45,38,18,20,33,16,17,9,5,4,4,0,4,0,0,0
56453210,220,124,96,82,55,27,89,47,42,33,16,17,15,6,9,1,0,1
56453211,73,39,34,37,21,16,30,15,15,4,2,2,2,1,1,0,0,0
56454101,282,145,137,107,59,48,130,66,64,24,16,8,20,3,17,1,1,0
54460401,162,81,81,70,38,32,79,39,40,6,2,4,7,2,5,0,0,0
57697201,260,140,120,104,69,35,113,57,56,27,11,16,16,3,13,0,0,0
57698101,338,170,168,142,77,65,152,75,77,27,13,14,14,2,12,1,1,0
57698102,336,162,174,143,74,69,132,66,66,32,14,18,28,7,21,1,1,0
57698103,79,49,30,32,26,6,30,15,15,14,8,6,3,0,3,0,0,0
57698104,23,13,10,11,8,3,6,3,3,5,1,4,1,1,0,0,0,0
57698105,163,83,80,55,37,18,74,37,37,12,6,6,22,3,19,0,0,0
57698106,57,27,30,29,15,14,20,10,10,4,2,2,4,0,4,0,0,0
57698107,75,37,38,37,20,17,29,14,15,4,2,2,5,1,4,0,0,0
57699901,303,155,148,150,88,62,90,44,46,37,17,20,26,6,20,0,0,0
57699902,63,31,32,36,18,18,16,8,8,6,2,4,5,3,2,0,0,0
57699903,84,45,39,38,23,15,31,16,15,8,5,3,7,1,6,0,0,0
57699904,352,177,175,138,73,65,162,82,80,33,20,13,18,1,17,1,1,0
57700601,76,40,36,44,22,22,22,11,11,8,6,2,0,0,0,2,1,1
57700602,498,264,234,204,122,82,208,105,103,49,28,21,36,8,28,1,1,0
57701401,236,114,122,82,42,40,116,59,57,20,9,11,17,3,14,1,1,0
57703101,202,108,94,82,49,33,94,46,48,17,11,6,8,1,7,1,1,0
57704901,126,69,57,54,32,22,47,24,23,18,11,7,7,2,5,0,0,0
57705701,563,289,274,206,123,83,263,133,130,57,28,29,34,2,32,3,3,0
57707301,294,144,150,127,64,63,108,54,54,37,20,17,21,5,16,1,1,0
57707302,59,28,31,23,11,12,30,15,15,5,2,3,1,0,1,0,0,0
57707303,150,83,67,68,45,23,68,34,34,6,2,4,8,2,6,0,0,0
57707304,121,57,64,44,21,23,54,26,28,12,7,5,11,3,8,0,0,0
57711101,96,50,46,40,24,16,34,17,17,13,6,7,9,3,6,0,0,0
57420101,141,75,66,61,36,25,51,25,26,19,10,9,10,4,6,0,0,0
57420102,103,57,46,44,32,12,41,21,20,9,3,6,8,1,7,1,0,1
57712001,1298,651,647,542,305,237,579,292,287,95,38,57,78,14,64,4,2,2
57712002,540,273,267,229,126,103,234,117,117,38,21,17,39,9,30,0,0,0
57714601,27,17,10,9,4,5,12,7,5,3,3,0,3,3,0,0,0,0
57714602,104,54,50,43,30,13,41,20,21,12,4,8,7,0,7,1,0,1
57714604,91,46,45,29,18,11,54,27,27,2,1,1,6,0,6,0,0,0
57714605,35,22,13,15,12,3,14,7,7,3,2,1,2,1,1,1,0,1
57714606,292,152,140,112,63,49,124,64,60,34,20,14,20,4,16,2,1,1
57714607,36,17,19,14,7,7,16,8,8,4,1,3,1,0,1,0,0,0
57714608,24,15,9,8,6,2,11,6,5,5,3,2,0,0,0,0,0,0
57715401,708,363,345,280,160,120,328,168,160,55,23,32,44,12,32,1,0,1
57715403,95,46,49,41,20,21,42,21,21,6,4,2,6,1,5,0,0,0
57715404,22,10,12,13,7,6,6,3,3,1,0,1,2,0,2,0,0,0
57715405,45,23,22,21,13,8,21,10,11,2,0,2,1,0,1,0,0,0
57715406,49,23,26,22,9,13,22,12,10,4,2,2,1,0,1,0,0,0
57715407,37,19,18,12,7,5,21,10,11,3,2,1,1,0,1,0,0,0
0559212,0,0,0,0,0,0,0,0,0,0,0,0,0,0,0,0,0,0
3372770,0,0,0,0,0,0,0,0,0,0,0,0,0,0,0,0,0,0
57716201,62,26,36,16,11,5,12,6,6,12,8,4,22,1,21,0,0,0
57716203,24,10,14,8,2,6,12,7,5,1,0,1,3,1,2,0,0,0
57716204,25,14,11,8,6,2,16,8,8,0,0,0,1,0,1,0,0,0
57716205,29,17,12,13,8,5,10,5,5,5,4,1,1,0,1,0,0,0
57716206,31,15,16,7,5,2,16,8,8,5,2,3,3,0,3,0,0,0
57716207,61,25,36,21,7,14,28,14,14,8,3,5,4,1,3,0,0,0
57716208,969,483,486,385,218,167,367,186,181,141,63,78,75,16,59,1,0,1
57716209,26,13,13,10,5,5,9,4,5,3,3,0,4,1,3,0,0,0
57716210,33,21,12,13,10,3,12,7,5,3,3,0,5,1,4,0,0,0
57716212,114,55,59,46,24,22,54,27,27,6,3,3,8,1,7,0,0,0
57716213,36,17,19,15,7,8,14,7,7,5,3,2,2,0,2,0,0,0
57716214,81,36,45,38,20,18,17,9,8,20,7,13,6,0,6,0,0,0
57717102,463,247,216,182,108,74,192,99,93,55,31,24,34,9,25,0,0,0
57718901,51,23,28,20,7,13,15,8,7,10,6,4,6,2,4,0,0,0
57718903,46,27,19,21,16,5,13,7,6,5,2,3,7,2,5,0,0,0
57718905,130,72,58,56,34,22,43,23,20,18,11,7,13,4,9,0,0,0
3037120,0,0,0,0,0,0,0,0,0,0,0,0,0,0,0,0,0,0
3037210,0,0,0,0,0,0,0,0,0,0,0,0,0,0,0,0,0,0
3125170,0,0,0,0,0,0,0,0,0,0,0,0,0,0,0,0,0,0
3125250,0,0,0,0,0,0,0,0,0,0,0,0,0,0,0,0,0,0
57719701,704,370,334,282,175,107,293,147,146,81,36,45,45,10,35,3,2,1
57719703,489,254,235,170,106,64,239,121,118,42,19,23,37,7,30,1,1,0
57719705,706,355,351,283,158,125,284,145,139,79,31,48,56,18,38,3,3,0
57719706,585,295,290,294,162,132,165,83,82,95,42,53,28,8,20,1,0,1
57719707,786,358,428,332,157,175,306,150,156,104,40,64,42,10,32,2,1,1
57719708,1977,948,1029,818,472,346,677,335,342,307,108,199,169,32,137,6,1,5
57720101,208,111,97,86,51,35,102,50,52,11,9,2,9,1,8,0,0,0
0633550,0,0,0,0,0,0,0,0,0,0,0,0,0,0,0,0,0,0
57721901,47,24,23,16,10,6,19,10,9,8,4,4,4,0,4,0,0,0
57721902,364,181,183,118,64,54,172,87,85,51,23,28,22,7,15,1,0,1
57721903,85,46,39,37,24,13,29,15,14,10,5,5,9,2,7,0,0,0
57721904,194,98,96,75,44,31,83,41,42,21,9,12,14,3,11,1,1,0
57721905,83,44,39,34,20,14,36,18,18,8,5,3,5,1,4,0,0,0
57722701,158,89,69,67,44,23,67,35,32,15,9,6,8,0,8,1,1,0
57722702,26,16,10,7,5,2,16,9,7,1,0,1,2,2,0,0,0,0
57723501,43,23,20,17,10,7,20,11,9,4,2,2,2,0,2,0,0,0
57723503,1207,587,620,512,291,221,429,215,214,154,62,92,107,17,90,5,2,3
57723505,340,155,185,149,67,82,132,68,64,29,15,14,30,5,25,0,0,0
57724301,462,246,216,166,105,61,219,107,112,46,25,21,31,9,22,0,0,0
54748401,176,95,81,65,41,24,79,39,40,17,11,6,15,4,11,0,0,0
54748402,28,14,14,10,4,6,11,6,5,2,1,1,5,3,2,0,0,0
57737501,276,141,135,113,67,46,108,52,56,27,17,10,28,5,23,0,0,0
57737502,64,31,33,28,14,14,30,15,15,3,2,1,3,0,3,0,0,0
57729401,918,463,455,383,220,163,354,179,175,95,50,45,84,12,72,2,2,0
57730801,49,28,21,25,14,11,19,13,6,2,0,2,3,1,2,0,0,0
57730802,76,40,36,29,18,11,37,19,18,4,1,3,6,2,4,0,0,0
57730803,65,32,33,23,15,8,28,14,14,7,2,5,7,1,6,0,0,0
57730804,4621,2305,2316,1849,1053,796,1835,935,900,572,260,312,341,44,297,24,13,11
57730805,26,16,10,18,13,5,6,3,3,1,0,1,1,0,1,0,0,0
57730806,246,118,128,100,55,45,105,52,53,21,8,13,20,3,17,0,0,0
57730808,60,27,33,24,11,13,26,13,13,6,3,3,4,0,4,0,0,0
57730809,47,22,25,12,5,7,24,13,11,7,2,5,4,2,2,0,0,0
57730810,52,31,21,21,15,6,20,10,10,6,5,1,5,1,4,0,0,0
57730811,70,38,32,28,17,11,32,16,16,7,5,2,3,0,3,0,0,0
57730812,58,22,36,25,8,17,25,13,12,4,1,3,4,0,4,0,0,0
57730813,21,13,8,10,8,2,10,5,5,0,0,0,1,0,1,0,0,0
57730814,24,14,10,12,9,3,10,5,5,1,0,1,1,0,1,0,0,0
57340001,170,82,88,62,30,32,79,39,40,16,11,5,12,2,10,1,0,1
57341801,617,327,290,246,145,101,286,141,145,49,30,19,36,11,25,0,0,0
57731601,126,66,60,41,22,19,70,35,35,8,7,1,7,2,5,0,0,0
57731602,182,79,103,62,28,34,72,36,36,28,11,17,20,4,16,0,0,0
57731603,94,50,44,38,23,15,41,20,21,11,7,4,4,0,4,0,0,0
57731604,31,15,16,17,8,9,9,5,4,4,2,2,1,0,1,0,0,0
57731605,51,25,26,18,8,10,23,14,9,6,3,3,4,0,4,0,0,0
57731606,31,17,14,15,10,5,14,7,7,1,0,1,1,0,1,0,0,0
57731607,47,22,25,21,11,10,17,8,9,7,3,4,2,0,2,0,0,0
57731608,88,50,38,47,29,18,33,18,15,7,3,4,1,0,1,0,0,0
57731609,46,24,22,20,12,8,21,10,11,3,2,1,2,0,2,0,0,0
57731610,38,21,17,14,9,5,18,9,9,3,2,1,3,1,2,0,0,0
57731611,32,18,14,14,7,7,11,6,5,4,3,1,3,2,1,0,0,0
57731612,200,101,99,77,40,37,94,47,47,18,10,8,11,4,7,0,0,0
57731613,112,54,58,44,23,21,43,21,22,17,7,10,6,1,5,2,2,0
57731614,49,25,24,23,12,11,22,12,10,2,1,1,2,0,2,0,0,0
57731615,39,17,22,15,6,9,20,10,10,3,1,2,1,0,1,0,0,0
57731616,42,22,20,13,10,3,23,11,12,3,1,2,3,0,3,0,0,0
57731617,56,24,32,24,9,15,22,11,11,5,3,2,5,1,4,0,0,0
57731618,138,67,71,55,27,28,66,32,34,11,8,3,6,0,6,0,0,0
57731619,20,10,10,9,5,4,10,5,5,0,0,0,1,0,1,0,0,0
57731620,111,53,58,50,26,24,46,23,23,10,4,6,5,0,5,0,0,0
57731621,216,108,108,79,45,34,93,47,46,22,8,14,19,7,12,1,1,0
57732401,235,123,112,94,56,38,101,51,50,31,13,18,8,2,6,1,1,0
57732402,213,109,104,89,53,36,91,45,46,18,10,8,15,1,14,0,0,0
57733201,588,311,277,263,152,111,256,131,125,37,21,16,31,7,24,1,0,1
57734101,625,311,314,262,148,114,262,130,132,54,25,29,45,7,38,2,1,1
57735901,1088,540,548,418,226,192,482,248,234,107,54,53,76,10,66,5,2,3
57736702,163,85,78,69,44,25,67,34,33,11,7,4,16,0,16,0,0,0
57736703,52,28,24,22,14,8,25,13,12,1,0,1,4,1,3,0,0,0
54747601,147,71,76,65,34,31,58,29,29,14,7,7,10,1,9,0,0,0
54747602,69,40,29,22,15,7,35,18,17,6,6,0,6,1,5,0,0,0
54747603,39,17,22,12,5,7,16,8,8,7,4,3,4,0,4,0,0,0
57739101,272,139,133,121,64,57,109,55,54,26,16,10,16,4,12,0,0,0
57740501,31,19,12,6,5,1,17,9,8,6,4,2,2,1,1,0,0,0
57740502,23,13,10,8,5,3,10,5,5,3,2,1,2,1,1,0,0,0
57740504,130,59,71,45,27,18,49,24,25,18,5,13,18,3,15,0,0,0
57740505,861,442,419,329,199,130,366,187,179,98,43,55,64,11,53,4,2,2
57741301,848,428,420,320,170,150,393,206,187,80,35,45,47,11,36,7,6,1
57741302,116,60,56,36,24,12,65,32,33,7,4,3,8,0,8,0,0,0
57742101,181,97,84,77,45,32,69,36,33,22,13,9,13,3,10,0,0,0
57742102,60,31,29,30,17,13,23,11,12,5,3,2,2,0,2,0,0,0
57743001,72,37,35,34,17,17,26,13,13,7,5,2,5,2,3,0,0,0
57743003,173,97,76,72,48,24,79,39,40,11,4,7,11,6,5,0,0,0
57743004,111,56,55,45,26,19,50,25,25,9,3,6,7,2,5,0,0,0
57743005,88,49,39,36,22,14,35,17,18,9,7,2,7,2,5,1,1,0
57744801,97,60,37,36,25,11,47,24,23,11,8,3,3,3,0,0,0,0
1409702,0,0,0,0,0,0,0,0,0,0,0,0,0,0,0,0,0,0
57745601,797,382,415,310,184,126,287,143,144,78,36,42,121,19,102,1,0,1
57745602,77,36,41,25,14,11,31,15,16,10,4,6,11,3,8,0,0,0
57745604,58,35,23,19,12,7,26,13,13,10,9,1,3,1,2,0,0,0
57745605,1454,737,717,574,329,245,617,315,302,140,73,67,123,20,103,0,0,0
57745607,73,39,34,31,19,12,22,11,11,12,7,5,8,2,6,0,0,0
57745609,23,12,11,16,8,8,7,4,3,0,0,0,0,0,0,0,0,0
57746401,269,133,136,105,55,50,130,65,65,25,13,12,9,0,9,0,0,0
57747201,33,13,20,17,5,12,12,6,6,3,2,1,1,0,1,0,0,0
57747202,47,24,23,26,15,11,15,7,8,2,1,1,4,1,3,0,0,0
57747203,40,19,21,12,6,6,14,7,7,8,5,3,6,1,5,0,0,0
57747204,21,8,13,7,1,6,9,5,4,1,1,0,4,1,3,0,0,0
57747205,1108,559,549,448,254,194,463,231,232,125,58,67,70,16,54,2,0,2
57747206,45,27,18,14,11,3,20,11,9,6,4,2,5,1,4,0,0,0
57749901,1055,520,535,455,241,214,443,222,221,82,38,44,71,18,53,4,1,3
57748101,97,47,50,35,16,19,50,28,22,5,2,3,7,1,6,0,0,0
57748102,22,12,10,7,5,2,11,6,5,1,1,0,3,0,3,0,0,0
57696401,326,160,166,113,65,48,139,69,70,46,24,22,28,2,26,0,0,0
57696402,2195,1015,1180,842,470,372,779,385,394,351,133,218,216,23,193,7,4,3
57696403,1151,513,638,512,264,248,330,161,169,179,64,115,122,21,101,6,3,3
57696404,364,184,180,131,73,58,162,81,81,43,25,18,28,5,23,0,0,0
57696405,144,75,69,68,36,32,53,27,26,12,9,3,11,3,8,0,0,0
57696406,809,371,438,388,204,184,187,95,92,143,64,79,87,7,80,4,1,3
57696407,336,179,157,135,83,52,142,71,71,35,19,16,24,6,18,0,0,0
57696408,38,22,16,19,13,6,10,5,5,6,4,2,3,0,3,0,0,0
57696409,40,24,16,17,13,4,15,8,7,3,2,1,5,1,4,0,0,0
57696410,41,23,18,15,9,6,17,9,8,6,4,2,3,1,2,0,0,0
57696411,139,66,73,57,29,28,61,32,29,11,4,7,10,1,9,0,0,0
57696412,465,222,243,175,91,84,191,95,96,60,32,28,37,4,33,2,0,2
57696413,205,97,108,97,46,51,88,44,44,14,7,7,6,0,6,0,0,0
57696414,1036,551,485,514,313,201,288,140,148,164,78,86,64,17,47,6,3,3
57696415,66,35,31,33,19,14,16,8,8,15,8,7,2,0,2,0,0,0
57696416,54,25,29,25,13,12,19,10,9,7,2,5,3,0,3,0,0,0
57696417,589,300,289,237,141,96,244,122,122,59,28,31,48,9,39,1,0,1
57752901,116,65,51,47,31,16,46,24,22,13,7,6,10,3,7,0,0,0
57752902,87,46,41,42,25,17,35,16,19,7,5,2,3,0,3,0,0,0
57752903,70,37,33,27,15,12,35,18,17,6,4,2,2,0,2,0,0,0
57752904,185,86,99,78,40,38,72,35,37,24,9,15,11,2,9,0,0,0
57752905,50,24,26,14,9,5,23,12,11,7,2,5,6,1,5,0,0,0
57752906,158,80,78,73,42,31,62,30,32,14,4,10,9,4,5,0,0,0
57752908,24,11,13,14,7,7,9,4,5,1,0,1,0,0,0,0,0,0
57754502,48,26,22,17,13,4,21,11,10,6,2,4,4,0,4,0,0,0
57754503,509,255,254,200,112,88,209,108,101,50,24,26,50,11,39,0,0,0
57754504,104,54,50,38,22,16,46,23,23,14,8,6,6,1,5,0,0,0
57755301,173,84,89,65,36,29,72,38,34,18,5,13,18,5,13,0,0,0
57755302,1246,616,630,509,273,236,551,274,277,103,55,48,82,14,68,1,0,1
57755303,435,221,214,193,111,82,183,92,91,30,14,16,28,3,25,1,1,0
57756101,99,56,43,36,24,12,47,23,24,11,8,3,5,1,4,0,0,0
57756102,62,34,28,23,17,6,32,16,16,2,1,1,5,0,5,0,0,0
57757001,147,79,68,58,37,21,65,33,32,14,7,7,8,0,8,2,2,0
57757003,81,42,39,31,20,11,39,20,19,3,1,2,8,1,7,0,0,0
57759601,459,228,231,191,99,92,201,101,100,42,21,21,23,5,18,2,2,0
57759602,28,13,15,13,6,7,12,6,6,2,1,1,1,0,1,0,0,0
57759603,53,27,26,22,13,9,22,12,10,4,2,2,5,0,5,0,0,0
57759604,27,14,13,10,6,4,13,7,6,3,1,2,1,0,1,0,0,0
57760002,26,12,14,9,6,3,6,3,3,5,2,3,6,1,5,0,0,0
57760003,71,38,33,19,11,8,35,17,18,7,6,1,10,4,6,0,0,0
1717270,0,0,0,0,0,0,0,0,0,0,0,0,0,0,0,0,0,0
57762601,131,70,61,59,39,20,44,22,22,12,7,5,14,2,12,0,0,0
57762602,42,17,25,23,9,14,13,7,6,4,1,3,2,0,2,0,0,0
57762604,308,167,141,125,79,46,127,62,65,35,20,15,21,6,15,0,0,0
57762607,1148,549,599,403,222,181,497,250,247,124,54,70,120,20,100,4,3,1
57762608,535,260,275,218,114,104,222,112,110,59,31,28,36,3,33,0,0,0
57762610,115,54,61,34,12,22,67,33,34,5,4,1,9,5,4,0,0,0
57762611,94,47,47,39,21,18,44,23,21,5,1,4,6,2,4,0,0,0
57762612,92,40,52,35,16,19,39,19,20,10,5,5,7,0,7,1,0,1
57762613,269,129,140,88,49,39,136,68,68,20,9,11,25,3,22,0,0,0
57762614,45,19,26,15,7,8,22,10,12,4,2,2,4,0,4,0,0,0
57762615,39,20,19,19,9,10,16,9,7,2,1,1,1,0,1,1,1,0
57762616,28,15,13,11,7,4,14,7,7,1,1,0,2,0,2,0,0,0
57762617,98,51,47,33,19,14,52,28,24,7,4,3,6,0,6,0,0,0
57762618,1110,535,575,425,216,209,511,255,256,96,48,48,76,14,62,2,2,0
57762619,24,17,7,14,11,3,5,2,3,4,4,0,1,0,1,0,0,0
57762620,2553,1213,1340,1037,585,452,832,415,417,440,166,274,231,39,192,11,6,5
57762621,166,81,85,88,51,37,56,26,30,15,3,12,6,1,5,1,0,1
57762622,1703,882,821,830,473,357,545,276,269,244,116,128,78,13,65,6,4,2
57762623,117,50,67,57,27,30,36,17,19,14,5,9,10,1,9,0,0,0
57762624,2147,1012,1135,842,450,392,832,426,406,305,113,192,163,21,142,5,2,3
57762625,425,208,217,179,103,76,166,81,85,54,18,36,25,5,20,1,1,0
57762626,2890,1364,1526,1147,621,526,1071,528,543,402,172,230,257,35,222,12,8,4
57762627,109,51,58,37,18,19,53,27,26,12,5,7,7,1,6,0,0,0
57762628,54,27,27,22,11,11,21,10,11,6,4,2,5,2,3,0,0,0
1805562,0,0,0,0,0,0,0,0,0,0,0,0,0,0,0,0,0,0
57764202,70,34,36,32,17,15,27,14,13,5,1,4,6,2,4,0,0,0
57764203,101,53,48,48,25,23,39,20,19,7,4,3,4,2,2,1,0,1
57764204,28,15,13,9,5,4,13,7,6,4,3,1,2,0,2,0,0,0
57764205,33,12,21,15,5,10,12,6,6,3,1,2,3,0,3,0,0,0
57765101,214,108,106,85,47,38,94,47,47,18,10,8,17,4,13,0,0,0
57765102,578,278,300,258,133,125,245,122,123,44,20,24,30,3,27,1,0,1
57765103,74,37,37,24,12,12,30,15,15,11,7,4,9,3,6,0,0,0
57766903,309,161,148,122,66,56,139,71,68,29,17,12,19,7,12,0,0,0
57766904,36,17,19,17,8,9,10,6,4,8,3,5,1,0,1,0,0,0
57767701,103,53,50,50,30,20,39,19,20,9,4,5,3,0,3,0,0,0
57767702,93,42,51,32,14,18,42,22,20,8,4,4,9,0,9,2,2,0
57767703,398,202,196,144,84,60,194,98,96,33,16,17,27,4,23,0,0,0
57768501,35,17,18,20,9,11,8,4,4,5,3,2,1,1,0,1,0,1
57768503,74,39,35,29,16,13,33,18,15,5,3,2,5,1,4,1,0,1
57768504,307,158,149,119,69,50,139,70,69,26,14,12,22,4,18,0,0,0
57769301,36,18,18,16,11,5,13,6,7,2,1,1,5,0,5,0,0,0
57769302,178,91,87,72,37,35,84,42,42,14,7,7,8,5,3,0,0,0
57769303,56,27,29,27,17,10,16,8,8,6,2,4,7,0,7,0,0,0
57769304,131,70,61,50,28,22,63,32,31,10,6,4,7,3,4,1,1,0
57769305,819,417,402,325,188,137,333,166,167,82,44,38,77,18,59,2,1,1
57770701,77,43,34,25,16,9,39,20,19,8,5,3,5,2,3,0,0,0
57770702,81,47,34,28,20,8,43,23,20,5,4,1,5,0,5,0,0,0
57770703,52,31,21,23,16,7,19,10,9,8,5,3,2,0,2,0,0,0
57770704,182,81,101,83,35,48,67,33,34,16,11,5,16,2,14,0,0,0
57770705,97,52,45,43,24,19,39,20,19,7,4,3,7,3,4,1,1,0
57772301,89,42,47,42,23,19,30,16,14,11,3,8,5,0,5,1,0,1
57772302,81,41,40,30,17,13,36,19,17,9,3,6,6,2,4,0,0,0
56982801,159,81,78,62,38,24,66,33,33,19,8,11,12,2,10,0,0,0
56982802,20,11,9,6,3,3,10,5,5,3,3,0,1,0,1,0,0,0
56983601,272,141,131,110,67,43,117,58,59,24,12,12,20,3,17,1,1,0
56985201,413,205,208,168,89,79,183,91,92,43,23,20,18,2,16,1,0,1
56986101,120,65,55,50,31,19,51,27,24,12,5,7,7,2,5,0,0,0
56987901,432,213,219,193,99,94,172,85,87,44,21,23,23,8,15,0,0,0
56988701,198,98,100,82,43,39,82,43,39,21,11,10,13,1,12,0,0,0
56988702,218,116,102,87,50,37,106,54,52,15,10,5,10,2,8,0,0,0
56988703,99,49,50,41,23,18,42,21,21,8,3,5,8,2,6,0,0,0
56988705,69,34,35,20,10,10,35,17,18,9,5,4,5,2,3,0,0,0
56991701,163,89,74,73,42,31,62,33,29,18,12,6,10,2,8,0,0,0
56991702,1885,935,950,747,401,346,844,426,418,184,86,98,109,21,88,1,1,0
56991703,216,117,99,90,55,35,102,51,51,14,8,6,10,3,7,0,0,0
56992501,1100,521,579,417,230,187,415,207,208,125,65,60,139,17,122,4,2,2
56993301,170,88,82,74,40,34,69,34,35,18,11,7,9,3,6,0,0,0
56994101,248,127,121,101,56,45,116,60,56,20,10,10,11,1,10,0,0,0
56996801,488,252,236,199,114,85,202,103,99,54,27,27,33,8,25,0,0,0
56996802,73,31,42,22,11,11,32,16,16,9,4,5,9,0,9,1,0,1
56997601,193,100,93,77,48,29,85,43,42,19,8,11,12,1,11,0,0,0
56997602,67,32,35,26,12,14,27,13,14,10,5,5,4,2,2,0,0,0
56997603,91,44,47,33,19,14,46,23,23,7,2,5,5,0,5,0,0,0
56997604,75,35,40,33,16,17,30,16,14,8,3,5,4,0,4,0,0,0
56998401,370,192,178,150,86,64,170,85,85,29,13,16,21,8,13,0,0,0
56998403,61,34,27,23,13,10,33,17,16,3,3,0,2,1,1,0,0,0
56998405,121,63,58,48,31,17,55,27,28,10,4,6,8,1,7,0,0,0
56998406,216,109,107,92,51,41,89,45,44,18,9,9,16,4,12,1,0,1
56999201,322,177,145,129,79,50,150,78,72,24,15,9,17,4,13,2,1,1
57000101,428,206,222,183,93,90,171,84,87,43,22,21,31,7,24,0,0,0
57000102,244,120,124,99,57,42,106,53,53,18,6,12,21,4,17,0,0,0
57001001,161,83,78,55,32,23,84,42,42,17,9,8,5,0,5,0,0,0
57002801,531,263,268,208,109,99,214,110,104,65,35,30,43,8,35,1,1,0
57002802,358,175,183,136,70,66,180,89,91,28,15,13,14,1,13,0,0,0
57004401,489,239,250,212,109,103,187,92,95,50,29,21,38,8,30,2,1,1
57004402,21,11,10,11,6,5,8,4,4,1,1,0,1,0,1,0,0,0
57004403,59,30,29,22,13,9,31,15,16,1,1,0,5,1,4,0,0,0
57004404,116,61,55,46,27,19,44,21,23,15,8,7,11,5,6,0,0,0
0469903,0,0,0,0,0,0,0,0,0,0,0,0,0,0,0,0,0,0
3034452,0,0,0,0,0,0,0,0,0,0,0,0,0,0,0,0,0,0
3034960,0,0,0,0,0,0,0,0,0,0,0,0,0,0,0,0,0,0
3035180,0,0,0,0,0,0,0,0,0,0,0,0,0,0,0,0,0,0
3067380,0,0,0,0,0,0,0,0,0,0,0,0,0,0,0,0,0,0
3120700,0,0,0,0,0,0,0,0,0,0,0,0,0,0,0,0,0,0
3121000,0,0,0,0,0,0,0,0,0,0,0,0,0,0,0,0,0,0
3213710,0,0,0,0,0,0,0,0,0,0,0,0,0,0,0,0,0,0
3214011,0,0,0,0,0,0,0,0,0,0,0,0,0,0,0,0,0,0
3214782,0,0,0,0,0,0,0,0,0,0,0,0,0,0,0,0,0,0
3214940,0,0,0,0,0,0,0,0,0,0,0,0,0,0,0,0,0,0
3309220,0,0,0,0,0,0,0,0,0,0,0,0,0,0,0,0,0,0
56981001,346,184,162,158,94,64,120,66,54,58,21,37,9,3,6,1,0,1
56981002,24,14,10,12,8,4,9,4,5,2,2,0,1,0,1,0,0,0
56981003,529,258,271,218,123,95,220,110,110,48,16,32,41,7,34,2,2,0
56981004,3279,1493,1786,1242,671,571,1086,540,546,673,236,437,254,34,220,20,9,11
56981005,1208,583,625,502,251,251,516,262,254,111,55,56,79,15,64,0,0,0
56981006,2987,1411,1576,1106,604,502,1296,642,654,297,104,193,283,57,226,3,2,1
56981007,88,40,48,25,13,12,40,19,21,17,6,11,6,2,4,0,0,0
56981008,2369,1075,1294,1034,539,495,779,389,390,379,116,263,161,27,134,8,3,5
56981009,74,34,40,40,17,23,22,11,11,10,5,5,1,0,1,1,1,0
56981010,163,80,83,58,33,25,81,40,41,14,6,8,10,1,9,0,0,0
56981011,1882,874,1008,583,324,259,830,414,416,176,75,101,280,56,224,13,5,8
56981012,1590,742,848,625,332,293,579,290,289,193,76,117,181,34,147,10,8,2
56981013,4570,2183,2387,1804,962,842,1799,895,904,680,271,409,241,34,207,44,19,25
56981015,2710,1289,1421,1111,594,517,1008,502,506,428,164,264,143,21,122,18,6,12
56981017,1538,744,794,781,411,370,503,249,254,195,73,122,53,9,44,5,2,3
56981018,52,30,22,23,18,5,17,9,8,8,3,5,4,0,4,0,0,0
56981019,1954,961,993,787,436,351,792,395,397,246,106,140,126,22,104,3,2,1
56981021,611,318,293,277,153,124,224,119,105,67,39,28,37,4,33,6,3,3
56981022,869,428,441,336,181,155,390,196,194,80,39,41,61,10,51,1,1,0
56981023,1108,525,583,426,213,213,484,240,244,118,59,59,75,11,64,3,2,1
56981024,670,341,329,270,154,116,283,141,142,77,38,39,40,8,32,0,0,0
56981025,67,31,36,27,13,14,32,16,16,6,1,5,2,1,1,0,0,0
56981028,1812,894,918,720,385,335,752,385,367,223,104,119,111,18,93,4,2,2
56981029,275,141,134,111,63,48,129,65,64,20,10,10,14,2,12,1,1,0
56981030,186,100,86,67,44,23,87,44,43,18,8,10,14,4,10,0,0,0
56981031,71,29,42,18,6,12,34,16,18,10,3,7,5,1,4,2,1,1
56981032,1703,834,869,656,364,292,736,370,366,179,67,112,128,33,95,4,0,4
56981034,233,215,18,146,137,9,31,29,2,49,42,7,0,0,0,7,7,0
56981036,2354,1126,1228,890,478,412,998,500,498,290,111,179,173,35,138,3,2,1
56981038,24,16,8,11,8,3,8,4,4,5,4,1,0,0,0,0,0,0
56981039,58,32,26,22,15,7,27,14,13,4,3,1,5,0,5,0,0,0
56981040,873,448,425,344,196,148,399,199,200,96,43,53,34,10,24,0,0,0
56981041,411,211,200,160,92,68,180,89,91,44,24,20,27,6,21,0,0,0
56981042,742,381,361,252,139,113,384,194,190,62,37,25,43,10,33,1,1,0
56981043,826,408,418,309,172,137,377,188,189,91,43,48,47,4,43,2,1,1
56981044,238,107,131,90,38,52,116,58,58,22,7,15,9,4,5,1,0,1
56981045,2464,1210,1254,1009,554,455,1058,527,531,226,95,131,168,33,135,3,1,2
56981046,168,83,85,64,34,30,78,39,39,15,7,8,10,2,8,1,1,0
56981047,177,79,98,126,62,64,21,9,12,24,7,17,3,0,3,3,1,2
56981048,1665,1018,647,906,582,324,331,170,161,354,237,117,54,15,39,19,14,5
56981050,1223,546,677,509,251,258,446,222,224,181,64,117,86,9,77,1,0,1
56981051,2416,1227,1189,1191,656,535,705,356,349,337,159,178,140,25,115,43,31,12
56981052,1252,603,649,639,344,295,363,181,182,184,68,116,61,7,54,5,3,2
56981054,872,398,474,407,213,194,259,128,131,124,45,79,76,7,69,4,3,1
56981055,1308,664,644,789,422,367,309,158,151,152,69,83,33,6,27,23,7,16
56981056,3744,1806,1938,1868,965,903,1147,590,557,503,196,307,187,36,151,36,18,18
56981057,245,119,126,126,71,55,75,37,38,26,10,16,16,1,15,2,0,2
56981058,861,370,491,400,205,195,199,98,101,99,36,63,61,10,51,102,21,81
56981059,111,52,59,47,22,25,47,23,24,8,2,6,4,1,3,5,4,1
56981061,908,426,482,409,221,188,273,133,140,160,60,100,63,9,54,3,3,0
56981062,2557,1255,1302,964,539,425,1114,560,554,251,107,144,225,48,177,1,1,0
56981063,65,30,35,27,14,13,27,13,14,6,3,3,5,0,5,0,0,0
56981064,723,340,383,314,165,149,250,122,128,103,44,59,54,8,46,2,1,1
56981065,4238,1884,2354,1654,825,829,1491,751,740,631,216,415,446,84,362,13,8,5
56981066,2978,1439,1539,1178,623,555,1255,627,628,345,149,196,192,35,157,6,3,3
56981067,501,256,245,212,114,98,174,90,84,79,44,35,33,6,27,3,2,1
56981068,2129,1020,1109,982,509,473,729,362,367,271,114,157,133,29,104,10,2,8
56981069,2237,1075,1162,1135,603,532,629,320,309,300,114,186,142,23,119,29,14,15
56981070,174,82,92,57,25,32,65,34,31,37,21,16,15,2,13,0,0,0
56981071,1908,879,1029,777,418,359,627,313,314,286,111,175,210,33,177,8,4,4
56981072,131,63,68,53,28,25,47,24,23,23,10,13,8,1,7,0,0,0
56981073,151,87,64,51,31,20,76,43,33,15,10,5,7,2,5,2,1,1
56981074,2149,1000,1149,867,467,400,709,353,356,341,133,208,223,41,182,8,5,3
56981075,193,89,104,84,41,43,72,36,36,22,9,13,14,2,12,1,1,0
56981076,4416,2045,2371,1738,918,820,1623,818,805,581,214,367,454,83,371,18,10,8
56981078,523,244,279,206,98,108,200,100,100,90,41,49,25,4,21,2,1,1
56981079,2023,1006,1017,1153,606,547,614,311,303,215,81,134,32,2,30,5,2,3
56981080,286,143,143,124,64,60,123,62,61,27,13,14,11,3,8,1,1,0
56981081,1401,674,727,510,285,225,619,305,314,158,61,97,112,23,89,2,0,2
56981082,2776,1308,1468,991,534,457,1194,594,600,358,128,230,225,48,177,6,2,4
56981083,31,26,5,10,9,1,21,17,4,0,0,0,0,0,0,0,0,0
56981084,185,89,96,77,39,38,79,38,41,21,11,10,8,1,7,0,0,0
56981085,4966,2316,2650,1902,999,903,2059,1020,1039,650,224,426,335,62,273,16,9,7
57005201,172,93,79,64,42,22,78,38,40,16,9,7,14,4,10,0,0,0
57008701,408,188,220,157,87,70,160,79,81,36,19,17,55,3,52,0,0,0
57362101,217,114,103,97,57,40,93,46,47,13,9,4,13,2,11,1,0,1
57362102,42,21,21,17,10,7,19,10,9,3,1,2,3,0,3,0,0,0
57010901,109,56,53,51,29,22,38,19,19,15,6,9,5,2,3,0,0,0
57010902,98,49,49,48,25,23,35,17,18,12,6,6,3,1,2,0,0,0
57010903,172,86,86,72,37,35,75,36,39,15,9,6,10,4,6,0,0,0
57010904,116,62,54,49,31,18,47,24,23,13,6,7,7,1,6,0,0,0
57010905,733,396,337,323,198,125,231,116,115,110,59,51,57,16,41,12,7,5
57010906,221,109,112,106,59,47,82,41,41,22,7,15,11,2,9,0,0,0
57010907,386,165,221,135,68,67,148,73,75,31,11,20,68,12,56,4,1,3
57010908,785,392,393,313,183,130,333,169,164,87,33,54,52,7,45,0,0,0
57010909,2932,1425,1507,1136,601,535,1243,627,616,311,147,164,238,47,191,4,3,1
57012501,270,136,134,116,64,52,127,63,64,17,9,8,10,0,10,0,0,0
57013301,492,250,242,199,110,89,212,106,106,52,27,25,29,7,22,0,0,0
57635201,320,169,151,134,77,57,152,76,76,23,13,10,10,2,8,1,1,0
57015001,188,98,90,73,43,30,79,40,39,25,14,11,11,1,10,0,0,0
57016801,321,156,165,116,64,52,150,77,73,25,12,13,28,3,25,1,0,1
57016802,70,35,35,18,10,8,35,18,17,11,7,4,6,0,6,0,0,0
57371001,263,131,132,121,64,57,114,55,59,19,10,9,9,2,7,0,0,0
57017601,353,186,167,131,81,50,171,87,84,25,15,10,26,3,23,0,0,0
57018401,334,171,163,119,72,47,159,80,79,38,17,21,18,2,16,0,0,0
57019201,41,21,20,15,9,6,20,10,10,2,2,0,4,0,4,0,0,0
57019202,189,93,96,71,38,33,88,43,45,14,11,3,15,0,15,1,1,0
57019203,88,46,42,34,20,14,46,22,24,7,4,3,1,0,1,0,0,0
57019204,54,24,30,29,11,18,16,8,8,7,5,2,2,0,2,0,0,0
57020601,554,271,283,200,109,91,265,134,131,52,25,27,36,3,33,1,0,1
57020602,62,32,30,25,14,11,32,16,16,1,1,0,4,1,3,0,0,0
57021401,377,186,191,174,92,82,147,72,75,30,16,14,25,5,20,1,1,0
57643301,57,23,34,29,9,20,22,13,9,3,1,2,3,0,3,0,0,0
57643302,242,122,120,87,55,32,115,58,57,17,7,10,22,1,21,1,1,0
57643303,35,15,20,15,6,9,16,8,8,1,1,0,3,0,3,0,0,0
57022201,212,108,104,83,43,40,91,46,45,23,15,8,14,3,11,1,1,0
57023101,92,41,51,35,16,19,32,16,16,18,7,11,7,2,5,0,0,0
57023102,872,433,439,328,187,141,425,209,216,77,32,45,41,5,36,1,0,1
57024901,777,398,379,296,167,129,382,190,192,58,31,27,40,10,30,1,0,1
57024902,91,47,44,34,21,13,38,19,19,13,5,8,6,2,4,0,0,0
57025701,28,12,16,10,4,6,10,5,5,7,3,4,1,0,1,0,0,0
57025702,28,14,14,8,4,4,14,7,7,5,3,2,1,0,1,0,0,0
57025703,113,50,63,38,14,24,61,30,31,7,4,3,7,2,5,0,0,0
57026501,555,280,275,234,127,107,249,125,124,50,22,28,20,4,16,2,2,0
57027301,300,151,149,123,74,49,135,66,69,20,8,12,21,2,19,1,1,0
57029001,126,70,56,54,37,17,49,24,25,9,4,5,14,5,9,0,0,0
57029002,42,22,20,12,7,5,14,7,7,7,5,2,7,1,6,0,0,0
57030301,45,22,23,20,11,9,16,8,8,6,2,4,3,1,2,0,0,0
57030302,385,200,185,155,94,61,175,87,88,34,17,17,21,2,19,0,0,0
57031101,622,313,309,278,154,124,248,122,126,57,32,25,39,5,34,0,0,0
57032001,646,322,324,254,146,108,303,151,152,43,19,24,45,5,40,1,1,0
57035402,124,60,64,50,26,24,56,29,27,10,3,7,8,2,6,0,0,0
57036201,492,235,257,182,98,84,222,112,110,39,18,21,46,6,40,1,1,0
57377901,205,103,102,89,48,41,84,42,42,21,10,11,11,3,8,0,0,0
57039701,77,42,35,24,16,8,35,17,18,10,6,4,8,3,5,0,0,0
57039702,145,78,67,55,34,21,71,36,35,8,5,3,11,3,8,0,0,0
57039704,369,196,173,148,88,60,180,90,90,26,15,11,15,3,12,0,0,0
57040101,224,110,114,89,51,38,107,54,53,13,3,10,14,2,12,1,0,1
57041901,356,197,159,140,87,53,168,87,81,35,22,13,13,1,12,0,0,0
57042701,174,85,89,64,35,29,74,38,36,20,9,11,15,2,13,1,1,0
57043501,49,27,22,20,12,8,24,12,12,2,1,1,3,2,1,0,0,0
57043502,257,120,137,90,44,46,125,63,62,21,9,12,21,4,17,0,0,0
57043503,55,27,28,22,10,12,20,10,10,8,4,4,5,3,2,0,0,0
57043504,49,23,26,20,10,10,23,12,11,2,0,2,4,1,3,0,0,0
57044301,295,145,150,131,69,62,117,58,59,26,16,10,21,2,19,0,0,0
57044302,80,40,40,25,14,11,39,20,19,9,5,4,7,1,6,0,0,0
57045101,27,14,13,13,7,6,10,5,5,2,2,0,2,0,2,0,0,0
57045102,202,109,93,80,50,30,89,44,45,22,14,8,10,1,9,1,0,1
57045103,1361,660,701,531,292,239,580,288,292,136,66,70,110,13,97,4,1,3
57045104,357,184,173,136,82,54,158,79,79,37,15,22,25,7,18,1,1,0
57045105,38,20,18,15,9,6,10,5,5,8,5,3,5,1,4,0,0,0
57045106,72,32,40,31,14,17,28,14,14,3,1,2,9,2,7,1,1,0
57045107,192,96,96,77,46,31,87,43,44,14,6,8,14,1,13,0,0,0
57045108,142,67,75,60,32,28,53,26,27,14,7,7,15,2,13,0,0,0
57047801,96,48,48,37,23,14,42,20,22,9,3,6,8,2,6,0,0,0
57047802,720,350,370,281,148,133,341,169,172,54,28,26,43,4,39,1,1,0
57047803,140,68,72,46,24,22,69,34,35,12,7,5,13,3,10,0,0,0
57049401,390,198,192,160,91,69,160,80,80,40,16,24,29,10,19,1,1,0
1072550,0,0,0,0,0,0,0,0,0,0,0,0,0,0,0,0,0,0
3035260,0,0,0,0,0,0,0,0,0,0,0,0,0,0,0,0,0,0
3213540,0,0,0,0,0,0,0,0,0,0,0,0,0,0,0,0,0,0
3213620,0,0,0,0,0,0,0,0,0,0,0,0,0,0,0,0,0,0
3284130,0,0,0,0,0,0,0,0,0,0,0,0,0,0,0,0,0,0
57050801,47,27,20,16,10,6,25,13,12,5,4,1,1,0,1,0,0,0
57050802,457,216,241,177,90,87,192,97,95,50,19,31,38,10,28,0,0,0
57050803,325,160,165,128,70,58,148,74,74,32,13,19,17,3,14,0,0,0
57050804,220,110,110,89,50,39,79,38,41,33,17,16,17,3,14,2,2,0
57050806,62,28,34,22,11,11,26,14,12,10,3,7,4,0,4,0,0,0
57050807,129,64,65,53,29,24,54,27,27,10,7,3,12,1,11,0,0,0
57050808,76,38,38,27,12,15,30,15,15,13,8,5,6,3,3,0,0,0
57050809,624,298,326,204,107,97,288,143,145,74,35,39,58,13,45,0,0,0
57050810,1305,621,684,677,360,317,321,162,159,210,84,126,93,13,80,3,1,2
57050811,1310,632,678,545,296,249,552,274,278,134,49,85,76,11,65,3,2,1
57050812,1913,943,970,787,461,326,733,365,368,217,86,131,166,30,136,10,1,9
57050813,272,144,128,115,73,42,109,55,54,27,11,16,19,4,15,2,1,1
57050815,157,83,74,77,46,31,47,24,23,25,12,13,8,1,7,0,0,0
54806501,308,167,141,129,82,47,135,70,65,22,9,13,22,6,16,0,0,0
57051602,329,167,162,121,73,48,146,74,72,35,15,20,20,2,18,1,1,0
57052401,86,43,43,38,24,14,33,16,17,7,3,4,8,0,8,0,0,0
57052402,295,147,148,129,70,59,110,55,55,36,17,19,20,5,15,0,0,0
57053201,342,168,174,155,83,72,145,72,73,26,11,15,16,2,14,0,0,0
57053202,106,57,49,54,34,20,44,22,22,3,1,2,5,0,5,0,0,0
57053203,74,40,34,35,22,13,28,13,15,5,3,2,4,0,4,2,2,0
57054101,148,76,72,64,35,29,60,31,29,12,6,6,12,4,8,0,0,0
57056702,290,139,151,116,63,53,115,58,57,34,14,20,25,4,21,0,0,0
57057501,261,122,139,114,52,62,102,51,51,24,15,9,21,4,17,0,0,0
57064801,606,319,287,225,143,82,293,148,145,45,22,23,40,6,34,1,0,1
57065601,607,302,305,242,130,112,281,141,140,53,24,29,30,6,24,1,1,0
57065602,131,70,61,51,29,22,53,27,26,16,10,6,11,4,7,0,0,0
57065603,86,38,48,35,15,20,30,15,15,11,4,7,9,3,6,1,1,0
57065604,249,119,130,102,52,50,108,53,55,22,11,11,16,2,14,1,1,0
57067201,1779,873,906,702,376,326,788,392,396,163,79,84,120,23,97,4,3,1
57068101,333,160,173,146,75,71,123,62,61,37,20,17,27,3,24,0,0,0
53067101,67,31,36,24,12,12,29,15,14,9,3,6,5,1,4,0,0,0
57353101,110,53,57,40,21,19,50,25,25,11,4,7,9,3,6,0,0,0
57070201,151,85,66,63,42,21,62,31,31,13,8,5,13,4,9,0,0,0
57071101,216,110,106,97,52,45,87,45,42,19,12,7,12,0,12,1,1,0
57072901,97,49,48,27,14,13,51,27,24,11,7,4,8,1,7,0,0,0
57072902,40,22,18,17,10,7,20,10,10,2,1,1,1,1,0,0,0,0
57074501,656,328,328,271,150,121,290,146,144,51,24,27,43,7,36,1,1,0
57319101,319,152,167,104,55,49,155,80,75,29,10,19,30,6,24,1,1,0
57079601,415,211,204,167,93,74,184,94,90,39,19,20,25,5,20,0,0,0
57080002,128,60,68,53,28,25,58,28,30,10,4,6,7,0,7,0,0,0
57080003,296,154,142,113,68,45,128,63,65,35,20,15,20,3,17,0,0,0
57080004,240,124,116,113,69,44,88,43,45,29,10,19,9,1,8,1,1,0
57083401,1064,503,561,495,235,260,407,210,197,96,47,49,65,10,55,1,1,0
57085101,491,248,243,198,118,80,209,107,102,50,22,28,34,1,33,0,0,0
57086901,299,181,118,167,119,48,100,51,49,19,10,9,13,1,12,0,0,0
57086902,203,109,94,84,50,34,84,43,41,23,13,10,11,3,8,1,0,1
57086903,96,47,49,39,20,19,32,16,16,14,9,5,11,2,9,0,0,0
57086904,105,54,51,36,25,11,47,23,24,9,4,5,12,1,11,1,1,0
57086905,823,423,400,340,198,142,329,162,167,91,50,41,58,9,49,3,2,1
57087701,206,107,99,91,56,35,83,42,41,22,9,13,10,0,10,0,0,0
57087703,2590,1312,1278,1053,611,442,944,487,457,383,177,206,198,30,168,11,7,4
57088501,141,79,62,49,33,16,69,35,34,11,7,4,11,3,8,1,1,0
57088502,392,208,184,166,99,67,184,92,92,28,17,11,14,0,14,0,0,0
57090701,74,41,33,31,20,11,30,15,15,6,2,4,7,4,3,0,0,0
57090702,150,74,76,77,38,39,50,25,25,16,10,6,7,1,6,0,0,0
57091501,134,70,64,49,29,20,60,31,29,17,8,9,8,2,6,0,0,0
57313201,410,201,209,185,99,86,146,72,74,47,23,24,32,7,25,0,0,0
57093101,170,84,86,80,43,37,75,36,39,10,5,5,5,0,5,0,0,0
57093102,1487,716,771,634,317,317,631,318,313,133,63,70,87,16,71,2,2,0
57093103,26,12,14,15,10,5,5,2,3,3,0,3,3,0,3,0,0,0
57093104,429,205,224,180,92,88,197,96,101,31,11,20,20,5,15,1,1,0
57095801,39,20,19,11,7,4,16,8,8,8,5,3,4,0,4,0,0,0
57095802,250,138,112,86,58,28,128,64,64,22,12,10,14,4,10,0,0,0
0266202,0,0,0,0,0,0,0,0,0,0,0,0,0,0,0,0,0,0
57096601,99,44,55,35,18,17,37,19,18,14,5,9,13,2,11,0,0,0
57096602,269,126,143,97,51,46,133,66,67,20,7,13,19,2,17,0,0,0
54815401,323,171,152,130,77,53,144,73,71,33,18,15,15,3,12,1,0,1
57100801,424,227,197,176,105,71,179,90,89,45,27,18,24,5,19,0,0,0
57101601,112,62,50,35,27,8,54,29,25,10,5,5,12,1,11,1,0,1
57102401,363,187,176,141,84,57,153,79,74,45,20,25,23,3,20,1,1,0
57104101,350,172,178,148,85,63,140,71,69,36,13,23,25,3,22,1,0,1
57104102,96,49,47,40,19,21,44,22,22,6,4,2,6,4,2,0,0,0
57104103,223,109,114,88,48,40,98,49,49,23,10,13,13,1,12,1,1,0
57104104,53,26,27,19,9,10,28,14,14,3,2,1,3,1,2,0,0,0
57104105,225,112,113,85,48,37,88,43,45,31,16,15,20,5,15,1,0,1
57104106,56,30,26,27,19,8,20,10,10,4,1,3,5,0,5,0,0,0
57104107,4631,2261,2370,1891,1025,866,1915,958,957,482,199,283,331,71,260,10,8,2
57105901,72,36,36,32,18,14,20,10,10,16,6,10,4,2,2,0,0,0
57105902,205,102,103,95,50,45,91,46,45,8,4,4,11,2,9,0,0,0
51371701,287,149,138,104,64,40,132,68,64,23,13,10,28,4,24,0,0,0
57108301,73,37,36,26,16,10,33,16,17,6,4,2,8,1,7,0,0,0
57108302,73,39,34,28,17,11,36,19,17,5,2,3,4,1,3,0,0,0
57108303,106,47,59,45,24,21,36,17,19,14,4,10,11,2,9,0,0,0
57108304,190,92,98,74,45,29,81,40,41,17,6,11,18,1,17,0,0,0
54805701,63,30,33,27,17,10,25,12,13,4,1,3,7,0,7,0,0,0
57109101,220,113,107,97,58,39,91,45,46,16,8,8,15,1,14,1,1,0
57109102,160,76,84,64,30,34,69,35,34,15,9,6,12,2,10,0,0,0
57109103,240,109,131,89,41,48,122,60,62,16,6,10,13,2,11,0,0,0
57109104,234,116,118,95,49,46,107,54,53,22,11,11,10,2,8,0,0,0
57109105,175,83,92,66,37,29,79,38,41,16,7,9,14,1,13,0,0,0
57109106,663,329,334,252,144,108,314,157,157,59,22,37,37,5,32,1,1,0
57110501,39,24,15,14,10,4,19,10,9,5,3,2,1,1,0,0,0,0
57110502,379,192,187,174,101,73,154,76,78,26,12,14,25,3,22,0,0,0
57111301,1794,903,891,791,433,358,790,390,400,154,69,85,54,9,45,3,2,1
54867701,97,56,41,38,26,12,40,20,20,13,8,5,4,0,4,0,0,0
57113001,245,119,126,112,56,56,97,49,48,25,13,12,10,0,10,1,1,0
57374401,157,83,74,57,36,21,75,39,36,9,5,4,16,3,13,0,0,0
55370101,126,68,58,45,30,15,48,25,23,19,10,9,14,3,11,0,0,0
55370102,35,21,14,13,9,4,18,9,9,3,3,0,1,0,1,0,0,0
57266701,203,103,100,86,46,40,90,45,45,18,11,7,9,1,8,0,0,0
57267501,20,11,9,13,9,4,3,1,2,3,1,2,1,0,1,0,0,0
57267502,217,113,104,94,54,40,80,40,40,28,16,12,15,3,12,0,0,0
54890101,94,42,52,32,13,19,42,22,20,10,7,3,10,0,10,0,0,0
54890102,31,17,14,13,8,5,12,6,6,1,1,0,5,2,3,0,0,0
0059322,0,0,0,0,0,0,0,0,0,0,0,0,0,0,0,0,0,0
57270501,56,25,31,28,13,15,24,12,12,0,0,0,4,0,4,0,0,0
57270502,51,25,26,17,8,9,33,16,17,1,1,0,0,0,0,0,0,0
57270503,99,57,42,39,24,15,46,25,21,7,5,2,7,3,4,0,0,0
57270504,43,22,21,14,9,5,24,12,12,1,0,1,3,1,2,1,0,1
54897901,34,19,15,14,9,5,12,6,6,6,4,2,2,0,2,0,0,0
54897902,42,23,19,17,11,6,20,10,10,3,2,1,2,0,2,0,0,0
54897903,23,11,12,10,5,5,10,5,5,3,1,2,0,0,0,0,0,0
54910001,30,15,15,7,3,4,19,10,9,3,2,1,1,0,1,0,0,0
54910002,66,34,32,27,16,11,33,16,17,2,1,1,4,1,3,0,0,0
54910003,88,44,44,36,20,16,43,21,22,8,3,5,1,0,1,0,0,0
54907001,131,65,66,52,29,23,58,28,30,14,8,6,7,0,7,0,0,0
54885501,238,120,118,90,47,43,89,47,42,32,19,13,27,7,20,0,0,0
54895201,148,69,79,60,30,30,55,28,27,15,7,8,17,4,13,1,0,1
57335301,115,58,57,45,23,22,51,26,25,11,7,4,8,2,6,0,0,0
57335302,34,15,19,13,6,7,18,9,9,1,0,1,2,0,2,0,0,0
54928201,253,122,131,98,43,55,125,62,63,19,11,8,11,6,5,0,0,0
57277201,313,150,163,120,64,56,146,73,73,27,10,17,18,2,16,2,1,1
57277202,25,12,13,11,5,6,7,4,3,5,3,2,2,0,2,0,0,0
57278101,586,295,291,268,151,117,203,102,101,73,34,39,41,8,33,1,0,1
57278103,193,88,105,73,31,42,90,46,44,17,9,8,13,2,11,0,0,0
54899501,138,63,75,53,25,28,62,31,31,11,7,4,12,0,12,0,0,0
54899502,22,12,10,9,6,3,11,6,5,1,0,1,1,0,1,0,0,0
57281101,165,87,78,50,31,19,79,40,39,24,11,13,10,3,7,0,0,0
57281102,77,33,44,36,14,22,33,18,15,5,0,5,2,0,2,1,1,0
57282901,124,59,65,45,23,22,55,28,27,14,8,6,10,0,10,0,0,0
57282902,353,170,183,139,74,65,138,69,69,38,23,15,38,4,34,0,0,0
57282903,214,113,101,98,59,39,77,39,38,25,13,12,14,2,12,0,0,0
54911801,67,31,36,29,14,15,30,14,16,2,1,1,6,2,4,0,0,0
57283701,288,153,135,116,71,45,120,60,60,32,16,16,20,6,14,0,0,0
57283702,291,142,149,134,69,65,122,62,60,22,11,11,11,0,11,0,0,0
54908801,47,20,27,18,8,10,24,12,12,0,0,0,5,0,5,0,0,0
57333701,209,100,109,81,40,41,90,46,44,24,13,11,14,1,13,0,0,0
57333702,51,27,24,17,10,7,30,15,15,3,2,1,1,0,1,0,0,0
57290001,335,172,163,127,77,50,153,76,77,31,16,15,24,3,21,0,0,0
57290002,52,26,26,19,11,8,20,10,10,8,4,4,5,1,4,0,0,0
57290003,102,51,51,41,22,19,45,23,22,8,4,4,8,2,6,0,0,0
57290004,128,67,61,55,33,22,52,26,26,11,4,7,10,4,6,0,0,0
57291801,256,135,121,97,58,39,109,56,53,29,16,13,21,5,16,0,0,0
57291802,30,15,15,17,10,7,6,3,3,4,1,3,3,1,2,0,0,0
57291803,232,108,124,89,40,49,105,53,52,24,11,13,14,4,10,0,0,0
0147962,0,0,0,0,0,0,0,0,0,0,0,0,0,0,0,0,0,0
0311512,0,0,0,0,0,0,0,0,0,0,0,0,0,0,0,0,0,0
0452252,0,0,0,0,0,0,0,0,0,0,0,0,0,0,0,0,0,0
3198302,0,0,0,0,0,0,0,0,0,0,0,0,0,0,0,0,0,0
57292601,92,46,46,39,21,18,32,16,16,11,7,4,10,2,8,0,0,0
57292602,25,18,7,15,14,1,6,3,3,4,1,3,0,0,0,0,0,0
57292603,31,16,15,9,3,6,12,6,6,8,6,2,2,1,1,0,0,0
57292604,154,75,79,64,33,31,74,37,37,9,4,5,7,1,6,0,0,0
57292605,73,33,40,34,16,18,21,10,11,12,4,8,6,3,3,0,0,0
57292606,47,25,22,18,11,7,26,13,13,2,1,1,1,0,1,0,0,0
57292607,63,34,29,24,15,9,26,13,13,5,4,1,8,2,6,0,0,0
57292608,124,64,60,48,28,20,56,29,27,14,6,8,5,1,4,1,0,1
57292609,751,368,383,257,143,114,350,173,177,85,34,51,57,16,41,2,2,0
57292610,39,17,22,18,8,10,15,8,7,1,0,1,5,1,4,0,0,0
57292611,1216,593,623,474,254,220,531,271,260,136,54,82,74,14,60,1,0,1
57292612,962,486,476,461,271,190,284,140,144,148,66,82,68,9,59,1,0,1
57292613,198,106,92,98,58,40,66,33,33,20,10,10,12,3,9,2,2,0
57292614,217,102,115,81,49,32,80,38,42,35,12,23,18,2,16,3,1,2
57292615,1798,862,936,733,390,343,707,357,350,216,84,132,136,27,109,6,4,2
57292616,432,216,216,138,81,57,242,119,123,34,15,19,18,1,17,0,0,0
57292618,1794,802,992,624,336,288,671,329,342,256,101,155,235,33,202,7,2,5
57292619,67,37,30,25,15,10,24,13,11,11,7,4,7,2,5,0,0,0
57292620,102,58,44,50,31,19,18,10,8,24,13,11,8,2,6,2,2,0
54935501,221,109,112,91,48,43,86,43,43,29,15,14,14,2,12,1,1,0
57296901,399,205,194,162,94,68,182,92,90,29,14,15,25,4,21,1,1,0
57296902,43,17,26,13,4,9,22,11,11,3,2,1,5,0,5,0,0,0
57296903,155,65,90,42,21,21,66,33,33,15,5,10,32,6,26,0,0,0
54903701,199,103,96,73,44,29,94,48,46,18,9,9,14,2,12,0,0,0
54922301,172,86,86,81,43,38,64,33,31,16,9,7,11,1,10,0,0,0
57299301,93,47,46,36,19,17,44,22,22,8,5,3,5,1,4,0,0,0
57299302,292,147,145,122,70,52,109,54,55,40,19,21,21,4,17,0,0,0
3122580,0,0,0,0,0,0,0,0,0,0,0,0,0,0,0,0,0,0
3380010,0,0,0,0,0,0,0,0,0,0,0,0,0,0,0,0,0,0
57265901,299,147,152,109,57,52,129,63,66,44,23,21,17,4,13,0,0,0
57265902,239,123,116,119,63,56,68,34,34,35,19,16,13,4,9,4,3,1
57265903,791,386,405,293,161,132,357,179,178,65,28,37,64,11,53,12,7,5
57265904,579,279,300,219,122,97,246,124,122,65,27,38,48,6,42,1,0,1
57265905,105,53,52,52,29,23,27,14,13,20,7,13,5,2,3,1,1,0
57265906,4659,2266,2393,1911,1095,816,1707,856,851,677,252,425,344,47,297,20,16,4
57265908,216,104,112,79,41,38,98,49,49,27,13,14,12,1,11,0,0,0
57265909,405,220,185,182,105,77,163,84,79,40,26,14,20,5,15,0,0,0
57265910,33,19,14,12,9,3,20,10,10,1,0,1,0,0,0,0,0,0
57265912,548,280,268,219,124,95,248,126,122,51,24,27,26,3,23,4,3,1
57265913,68,36,32,40,22,18,19,9,10,8,5,3,1,0,1,0,0,0
57265914,30,17,13,11,8,3,9,5,4,6,3,3,4,1,3,0,0,0
57265915,214,109,105,112,61,51,59,29,30,33,16,17,10,3,7,0,0,0
57265916,85,38,47,37,17,20,34,17,17,12,4,8,2,0,2,0,0,0
57265917,124,62,62,42,26,16,68,34,34,5,2,3,9,0,9,0,0,0
57265918,507,239,268,255,128,127,155,75,80,66,30,36,26,3,23,4,3,1
57265919,773,411,362,307,169,138,365,195,170,64,35,29,35,10,25,2,2,0
57265920,1144,541,603,487,251,236,404,202,202,194,80,114,57,7,50,2,1,1
57265921,956,469,487,358,195,163,443,219,224,79,40,39,75,14,61,1,1,0
57265922,80,42,38,33,20,13,29,15,14,14,7,7,4,0,4,0,0,0
57265924,931,444,487,409,215,194,335,162,173,120,51,69,65,14,51,2,2,0
57265925,380,226,154,178,115,63,84,46,38,95,56,39,20,7,13,3,2,1
57265926,2694,1242,1452,1054,579,475,1054,520,534,342,103,239,235,37,198,7,3,4
57265927,44,23,21,20,12,8,20,10,10,3,1,2,1,0,1,0,0,0
57300101,44,25,19,20,13,7,14,7,7,5,3,2,5,2,3,0,0,0
57300102,40,17,23,18,9,9,10,5,5,10,3,7,2,0,2,0,0,0
57300103,76,32,44,40,16,24,27,14,13,3,1,2,4,0,4,2,1,1
57300104,343,187,156,151,96,55,143,73,70,30,13,17,18,4,14,1,1,0
57300105,55,30,25,14,10,4,30,16,14,7,4,3,4,0,4,0,0,0
57300106,34,20,14,13,10,3,11,5,6,5,4,1,5,1,4,0,0,0
54915101,142,69,73,53,28,25,71,34,37,9,6,3,9,1,8,0,0,0
54915102,48,26,22,19,12,7,20,10,10,7,3,4,2,1,1,0,0,0
54931201,138,71,67,55,34,21,53,26,27,19,9,10,9,1,8,2,1,1
54931202,34,17,17,12,7,5,16,8,8,4,2,2,2,0,2,0,0,0
54916901,67,34,33,28,16,12,31,16,15,5,2,3,3,0,3,0,0,0
54916902,152,73,79,59,31,28,64,32,32,16,8,8,11,1,10,2,1,1
57304302,23,13,10,6,4,2,11,6,5,4,3,1,1,0,1,1,0,1
57304303,252,137,115,100,62,38,104,51,53,28,19,9,20,5,15,0,0,0
57305101,126,67,59,51,30,21,58,29,29,12,8,4,5,0,5,0,0,0
57305102,299,150,149,124,65,59,140,71,69,16,11,5,18,2,16,1,1,0
57306001,80,44,36,34,21,13,34,18,16,11,5,6,1,0,1,0,0,0
57306002,141,73,68,62,37,25,65,33,32,5,3,2,8,0,8,1,0,1
57306003,1739,890,849,763,446,317,651,330,321,185,90,95,130,16,114,10,8,2
57306005,79,38,41,23,15,8,41,21,20,4,0,4,11,2,9,0,0,0
54892801,37,16,21,15,6,9,11,6,5,7,4,3,4,0,4,0,0,0
54894401,137,70,67,56,30,26,59,30,29,12,7,5,10,3,7,0,0,0
57213601,179,94,85,72,42,30,72,36,36,23,12,11,10,2,8,2,2,0
57204701,75,36,39,29,15,14,32,16,16,9,4,5,4,0,4,1,1,0
57309402,51,25,26,24,14,10,19,9,10,4,2,2,4,0,4,0,0,0
57309403,137,76,61,66,41,25,53,29,24,8,4,4,9,1,8,1,1,0
57309404,301,145,156,108,56,52,136,70,66,34,13,21,20,5,15,3,1,2
57309405,580,297,283,227,139,88,248,124,124,59,27,32,43,6,37,3,1,2
57309406,97,56,41,39,31,8,42,21,21,5,2,3,11,2,9,0,0,0
57309407,174,93,81,63,41,22,85,42,43,15,7,8,10,2,8,1,1,0
57309408,1924,975,949,806,483,323,738,366,372,214,106,108,163,18,145,3,2,1
57309409,317,160,157,124,68,56,130,66,64,26,17,9,33,9,24,4,0,4
57310801,33,18,15,6,6,0,15,8,7,7,4,3,5,0,5,0,0,0
57310802,1584,806,778,672,386,286,597,312,285,191,85,106,115,17,98,8,6,2
57310803,54,32,22,28,20,8,20,10,10,3,1,2,2,0,2,0,0,0
57310804,130,67,63,55,33,22,51,25,26,14,8,6,10,1,9,0,0,0
57310805,49,23,26,18,9,9,14,7,7,9,5,4,8,2,6,0,0,0
57311601,36,20,16,12,7,5,17,9,8,5,4,1,2,0,2,0,0,0
57311602,307,152,155,116,71,45,118,59,59,33,17,16,40,5,35,0,0,0
57311606,37,17,20,14,7,7,19,9,10,2,1,1,2,0,2,0,0,0
57311607,23,12,11,12,7,5,8,4,4,2,1,1,1,0,1,0,0,0
57311608,36,20,16,11,8,3,17,9,8,4,3,1,4,0,4,0,0,0
57311609,44,23,21,14,7,7,22,11,11,6,4,2,1,0,1,0,0,0
57311610,31,15,16,10,5,5,12,6,6,8,4,4,1,0,1,0,0,0
57311611,47,22,25,18,7,11,18,9,9,7,4,3,2,0,2,2,2,0
57312401,100,50,50,35,23,12,43,22,21,12,4,8,10,1,9,0,0,0
57312402,46,23,23,21,11,10,18,9,9,2,1,1,5,2,3,0,0,0
57312404,37,23,14,15,11,4,14,7,7,4,4,0,4,1,3,0,0,0
57312405,486,247,239,197,112,85,207,102,105,57,29,28,25,4,21,0,0,0
57312406,100,42,58,35,13,22,43,21,22,13,7,6,9,1,8,0,0,0
57308601,141,67,74,56,30,26,59,31,28,14,6,8,12,0,12,0,0,0
57308602,72,37,35,23,13,10,28,14,14,14,8,6,5,0,5,1,1,0
57314102,31,17,14,13,8,5,10,5,5,4,3,1,4,1,3,0,0,0
57314103,277,140,137,117,68,49,114,57,57,26,11,15,19,3,16,1,1,0
57315901,571,287,284,215,124,91,260,128,132,57,29,28,38,5,33,1,1,0
57316701,67,32,35,34,16,18,23,12,11,6,3,3,3,1,2,0,0,0
57316703,201,101,100,78,43,35,90,45,45,21,10,11,11,2,9,1,1,0
57316706,78,34,44,26,11,15,33,17,16,12,6,6,7,0,7,0,0,0
57316707,68,34,34,26,15,11,34,17,17,1,1,0,7,1,6,0,0,0
57316708,52,27,25,17,10,7,24,12,12,7,3,4,4,2,2,0,0,0
57316709,39,21,18,20,14,6,12,6,6,4,0,4,2,0,2,1,1,0
57317501,45,26,19,18,15,3,20,10,10,2,1,1,5,0,5,0,0,0
57317502,857,435,422,367,216,151,339,168,171,92,43,49,55,7,48,4,1,3
54886301,289,140,149,122,60,62,132,67,65,23,12,11,12,1,11,0,0,0
0969032,0,0,0,0,0,0,0,0,0,0,0,0,0,0,0,0,0,0
57320501,52,27,25,22,16,6,16,8,8,6,3,3,8,0,8,0,0,0
57320502,32,17,15,17,10,7,7,4,3,4,2,2,4,1,3,0,0,0
57320503,239,122,117,89,55,34,101,52,49,26,11,15,22,3,19,1,1,0
57320504,35,17,18,13,6,7,16,8,8,3,2,1,3,1,2,0,0,0
57320506,97,52,45,33,23,10,45,22,23,8,5,3,11,2,9,0,0,0
57320507,38,15,23,8,1,7,18,10,8,6,2,4,6,2,4,0,0,0
57321302,551,262,289,194,110,84,203,101,102,69,33,36,82,16,66,3,2,1
57323001,20,10,10,8,5,3,5,2,3,2,1,1,5,2,3,0,0,0
57323002,324,156,168,145,71,74,123,61,62,34,17,17,22,7,15,0,0,0
54920701,177,88,89,86,46,40,54,28,26,24,13,11,13,1,12,0,0,0
57324801,55,29,26,24,15,9,22,11,11,5,3,2,4,0,4,0,0,0
57324802,64,28,36,28,11,17,27,13,14,8,4,4,1,0,1,0,0,0
57324803,102,55,47,47,27,20,48,24,24,5,4,1,2,0,2,0,0,0
57324804,69,35,34,25,15,10,37,18,19,5,1,4,2,1,1,0,0,0
57324805,155,77,78,63,33,30,64,32,32,18,10,8,10,2,8,0,0,0
57324806,201,96,105,78,43,35,84,41,43,26,10,16,13,2,11,0,0,0
57324807,209,102,107,91,42,49,81,42,39,26,15,11,11,3,8,0,0,0
57324808,46,23,23,19,11,8,20,10,10,6,2,4,1,0,1,0,0,0
57324809,75,40,35,22,14,8,40,21,19,9,4,5,4,1,3,0,0,0
57324810,308,155,153,126,71,55,123,62,61,35,20,15,24,2,22,0,0,0
57324811,68,29,39,28,14,14,28,14,14,3,0,3,9,1,8,0,0,0
57324813,125,59,66,51,27,24,50,24,26,14,6,8,9,2,7,1,0,1
57324814,355,181,174,142,76,66,158,81,77,35,19,16,19,5,14,1,0,1
57324815,26,11,15,8,2,6,12,6,6,5,2,3,1,1,0,0,0,0
57324816,1581,779,802,656,370,286,532,273,259,240,112,128,147,22,125,6,2,4
57324817,265,134,131,73,39,34,143,72,71,27,16,11,21,7,14,1,0,1
57324818,1384,696,688,500,291,209,637,316,321,133,61,72,110,25,85,2,1,1
57324819,2020,935,1085,808,462,346,742,360,382,279,88,191,188,22,166,3,3,0
57324820,362,188,174,140,81,59,167,84,83,35,18,17,20,5,15,0,0,0
57324821,700,333,367,240,128,112,323,164,159,66,31,35,71,10,61,0,0,0
57324822,219,101,118,86,48,38,83,41,42,31,10,21,18,2,16,1,0,1
57324823,141,66,75,67,37,30,25,12,13,38,15,23,11,2,9,0,0,0
54918501,73,35,38,29,15,14,28,15,13,10,3,7,6,2,4,0,0,0
54891001,118,55,63,49,26,23,61,29,32,5,0,5,3,0,3,0,0,0
57326401,228,115,113,91,48,43,102,51,51,21,13,8,14,3,11,0,0,0
57327201,99,46,53,39,17,22,39,19,20,11,8,3,10,2,8,0,0,0
57327202,45,24,21,27,13,14,14,8,6,2,2,0,2,1,1,0,0,0
57327203,48,28,20,15,12,3,28,14,14,4,2,2,1,0,1,0,0,0
57327204,1124,577,547,462,283,179,480,237,243,100,39,61,80,16,64,2,2,0
57328101,103,59,44,51,34,17,35,17,18,10,7,3,7,1,6,0,0,0
57329901,188,95,93,78,42,36,78,40,38,19,9,10,12,3,9,1,1,0
57329902,45,24,21,21,10,11,16,8,8,7,5,2,1,1,0,0,0,0
57329904,47,24,23,18,10,8,27,14,13,0,0,0,2,0,2,0,0,0
57329905,61,26,35,25,11,14,28,14,14,4,0,4,4,1,3,0,0,0
57329906,686,331,355,260,139,121,288,145,143,80,33,47,57,13,44,1,1,0
57329908,125,68,57,44,31,13,56,28,28,15,8,7,10,1,9,0,0,0
57329909,46,25,21,17,10,7,21,11,10,6,4,2,2,0,2,0,0,0
57329910,73,41,32,26,18,8,32,17,15,8,4,4,7,2,5,0,0,0
54887101,47,24,23,21,12,9,17,9,8,5,3,2,4,0,4,0,0,0
57331101,259,129,130,101,60,41,108,53,55,27,11,16,23,5,18,0,0,0
57331102,344,172,172,136,75,61,143,72,71,46,22,24,19,3,16,0,0,0
57332902,79,35,44,25,11,14,40,19,21,6,3,3,8,2,6,0,0,0
57332903,162,80,82,74,38,36,56,28,28,20,12,8,11,2,9,1,0,1
57332905,95,48,47,31,15,16,48,24,24,9,5,4,7,4,3,0,0,0
57332906,115,58,57,40,19,21,58,31,27,10,6,4,7,2,5,0,0,0
57332907,42,20,22,23,11,12,10,5,5,7,3,4,2,1,1,0,0,0
57334501,26,13,13,11,6,5,10,5,5,3,1,2,2,1,1,0,0,0
57334502,211,110,101,87,50,37,80,43,37,30,17,13,13,0,13,1,0,1
57337002,246,118,128,90,47,43,109,56,53,27,13,14,20,2,18,0,0,0
57337003,89,40,49,36,11,25,36,19,17,12,9,3,5,1,4,0,0,0
57337004,46,24,22,14,7,7,19,10,9,12,7,5,1,0,1,0,0,0
57337005,34,15,19,12,7,5,16,7,9,2,1,1,4,0,4,0,0,0
54927401,108,56,52,44,24,20,46,24,22,13,8,5,5,0,5,0,0,0
57322101,321,160,161,125,65,60,147,75,72,26,16,10,22,3,19,1,1,0
54889801,73,39,34,30,19,11,29,15,14,5,3,2,8,1,7,1,1,0
54889802,50,23,27,24,11,13,14,7,7,7,3,4,5,2,3,0,0,0
57344201,39,16,23,15,6,9,15,7,8,2,1,1,7,2,5,0,0,0
57344203,31,14,17,11,5,6,16,8,8,3,1,2,1,0,1,0,0,0
57344205,28,17,11,9,7,2,10,5,5,5,4,1,4,1,3,0,0,0
57344206,25,11,14,9,4,5,11,5,6,3,2,1,2,0,2,0,0,0
57344207,136,71,65,52,30,22,70,35,35,11,6,5,3,0,3,0,0,0
57345101,66,34,32,24,14,10,30,16,14,5,2,3,6,1,5,0,0,0
57345102,237,119,118,106,56,50,98,49,49,20,11,9,11,1,10,2,2,0
57345103,27,16,11,11,8,3,10,5,5,3,1,2,3,2,1,0,0,0
54896101,103,54,49,43,27,16,44,22,22,8,4,4,8,1,7,0,0,0
57214401,116,64,52,35,26,9,58,29,29,13,7,6,10,2,8,0,0,0
57346901,122,52,70,45,29,16,30,15,15,10,5,5,37,3,34,0,0,0
57346902,77,37,40,29,15,14,25,13,12,16,9,7,7,0,7,0,0,0
57346903,345,167,178,127,67,60,143,70,73,45,27,18,30,3,27,0,0,0
57218701,127,69,58,35,26,9,53,27,26,21,11,10,18,5,13,0,0,0
57347701,286,155,131,112,73,39,120,61,59,30,17,13,24,4,20,0,0,0
57336101,93,48,45,40,21,19,41,21,20,4,3,1,7,2,5,1,1,0
0646372,0,0,0,0,0,0,0,0,0,0,0,0,0,0,0,0,0,0
57349301,49,23,26,21,11,10,21,11,10,4,1,3,3,0,3,0,0,0
57349303,48,24,24,26,12,14,16,8,8,5,3,2,1,1,0,0,0,0
57349304,23,12,11,9,6,3,10,5,5,1,1,0,3,0,3,0,0,0
57349305,1986,979,1007,790,445,345,783,391,392,228,103,125,179,35,144,6,5,1
57349306,58,34,24,23,19,4,24,12,12,8,3,5,3,0,3,0,0,0
57349307,74,33,41,26,13,13,31,15,16,9,3,6,8,2,6,0,0,0
57349308,28,13,15,15,7,8,11,6,5,0,0,0,2,0,2,0,0,0
57349309,34,16,18,19,9,10,12,6,6,2,1,1,1,0,1,0,0,0
57350701,129,69,60,51,32,19,59,29,30,8,5,3,11,3,8,0,0,0
57350702,34,18,16,10,7,3,18,9,9,3,2,1,3,0,3,0,0,0
57350703,55,27,28,22,11,11,26,13,13,5,3,2,2,0,2,0,0,0
57350704,162,80,82,66,38,28,67,34,33,15,6,9,14,2,12,0,0,0
57350705,172,85,87,73,43,30,68,35,33,18,6,12,12,0,12,1,1,0
57350706,1412,711,701,595,337,258,569,285,284,132,64,68,110,23,87,6,2,4
57350707,24,14,10,8,6,2,11,5,6,3,2,1,2,1,1,0,0,0
53073501,165,85,80,63,33,30,66,34,32,29,16,13,7,2,5,0,0,0
53073502,21,13,8,4,3,1,10,5,5,3,2,1,3,2,1,1,1,0
54909601,305,147,158,121,67,54,122,61,61,36,15,21,24,3,21,2,1,1
57352301,246,123,123,105,59,46,97,49,48,26,15,11,18,0,18,0,0,0
57354001,58,27,31,21,9,12,32,16,16,1,0,1,4,2,2,0,0,0
57354002,67,37,30,30,18,12,26,13,13,7,4,3,4,2,2,0,0,0
57354003,163,74,89,75,38,37,58,29,29,17,5,12,13,2,11,0,0,0
57354004,26,14,12,13,7,6,7,4,3,3,2,1,3,1,2,0,0,0
54888002,243,125,118,98,56,42,107,53,54,25,14,11,13,2,11,0,0,0
57330201,95,50,45,42,24,18,34,18,16,15,7,8,4,1,3,0,0,0
57325602,161,80,81,70,39,31,61,29,32,19,9,10,11,3,8,0,0,0
57325603,20,9,11,3,1,2,14,7,7,1,1,0,1,0,1,1,0,1
57275601,54,29,25,25,15,10,24,12,12,1,1,0,4,1,3,0,0,0
57275602,51,25,26,19,7,12,19,10,9,7,6,1,5,1,4,1,1,0
57275603,53,29,24,21,13,8,26,14,12,1,1,0,4,0,4,1,1,0
57361201,46,20,26,24,11,13,15,7,8,2,1,1,5,1,4,0,0,0
57361202,190,100,90,58,32,26,104,53,51,18,12,6,10,3,7,0,0,0
57361203,25,14,11,9,6,3,8,4,4,5,3,2,3,1,2,0,0,0
57363901,334,172,162,152,83,69,126,65,61,26,12,14,28,12,16,0,0,0
57364701,128,64,64,67,36,31,46,23,23,9,5,4,6,0,6,0,0,0
57365501,31,17,14,12,7,5,6,3,3,8,7,1,5,0,5,0,0,0
57365503,115,57,58,51,25,26,47,24,23,12,7,5,5,1,4,0,0,0
57365504,24,12,12,12,5,7,11,6,5,1,1,0,0,0,0,0,0,0
57365505,184,96,88,75,45,30,75,39,36,14,8,6,19,4,15,1,0,1
57365506,101,52,49,36,22,14,50,25,25,5,2,3,9,3,6,1,0,1
57366301,78,40,38,26,14,12,34,19,15,13,6,7,5,1,4,0,0,0
57366302,26,11,15,8,2,6,12,6,6,4,3,1,2,0,2,0,0,0
57366303,143,63,80,66,29,37,49,23,26,15,9,6,13,2,11,0,0,0
57366304,74,35,39,53,26,27,15,8,7,6,1,5,0,0,0,0,0,0
57367101,37,18,19,13,8,5,16,8,8,6,2,4,2,0,2,0,0,0
57367102,50,25,25,22,13,9,19,9,10,4,2,2,5,1,4,0,0,0
57367103,45,19,26,25,11,14,13,6,7,5,2,3,2,0,2,0,0,0
57368001,23,11,12,6,2,4,15,8,7,1,1,0,1,0,1,0,0,0
57368002,89,43,46,27,13,14,38,19,19,12,9,3,12,2,10,0,0,0
57368003,80,43,37,34,21,13,34,16,18,10,4,6,2,2,0,0,0,0
57368004,115,61,54,54,32,22,46,23,23,8,5,3,6,1,5,1,0,1
57369801,37,15,22,20,7,13,11,5,6,1,0,1,4,2,2,1,1,0
57369802,280,147,133,125,67,58,114,57,57,30,19,11,11,4,7,0,0,0
57370101,2373,1725,648,1216,1010,206,610,325,285,317,234,83,91,19,72,139,137,2
57372801,138,70,68,60,35,25,52,27,25,16,6,10,10,2,8,0,0,0
57372802,55,30,25,24,17,7,26,13,13,4,0,4,1,0,1,0,0,0
57373601,54,26,28,22,11,11,26,14,12,3,1,2,3,0,3,0,0,0
57373602,286,155,131,117,76,41,137,68,69,18,10,8,14,1,13,0,0,0
57375201,30,11,19,14,4,10,10,5,5,4,2,2,2,0,2,0,0,0
57375202,255,124,131,95,51,44,115,58,57,26,12,14,19,3,16,0,0,0
57375203,45,24,21,20,10,10,18,10,8,6,3,3,1,1,0,0,0,0
57376101,232,121,111,88,54,34,106,52,54,22,11,11,16,4,12,0,0,0
57212801,48,25,23,16,12,4,24,11,13,7,2,5,1,0,1,0,0,0
57212802,114,63,51,54,36,18,45,22,23,6,2,4,8,2,6,1,1,0
57379501,218,113,105,97,57,40,81,41,40,29,14,15,10,1,9,1,0,1
54902901,99,59,40,43,31,12,37,19,18,10,6,4,8,2,6,1,1,0
57380901,61,35,26,21,13,8,25,13,12,9,7,2,6,2,4,0,0,0
57380902,662,336,326,298,176,122,251,125,126,63,28,35,49,7,42,1,0,1
57380903,151,73,78,76,41,35,47,22,25,21,8,13,7,2,5,0,0,0
54919302,106,61,45,40,24,16,49,24,25,13,11,2,4,2,2,0,0,0
54919304,22,11,11,8,4,4,8,4,4,4,2,2,2,1,1,0,0,0
57318302,48,24,24,17,10,7,18,8,10,5,3,2,5,1,4,3,2,1
57318303,114,60,54,53,30,23,44,23,21,8,5,3,8,2,6,1,0,1
57382502,72,38,34,30,18,12,35,18,17,3,2,1,4,0,4,0,0,0
57382503,24,14,10,11,6,5,11,6,5,2,2,0,0,0,0,0,0,0
57382504,37,19,18,19,9,10,13,7,6,2,2,0,3,1,2,0,0,0
57382505,42,25,17,17,10,7,20,10,10,2,2,0,3,3,0,0,0,0
57382506,1109,557,552,456,251,205,453,231,222,137,61,76,58,12,46,5,2,3
57382507,20,10,10,10,5,5,10,5,5,0,0,0,0,0,0,0,0,0
57383302,52,25,27,23,12,11,14,7,7,9,4,5,5,2,3,1,0,1
57383304,207,102,105,89,52,37,83,41,42,18,8,10,16,1,15,1,0,1
57384101,95,53,42,35,22,13,46,23,23,8,7,1,6,1,5,0,0,0
57385001,228,104,124,80,38,42,114,57,57,16,7,9,18,2,16,0,0,0
54778601,131,69,62,35,23,12,69,35,34,18,10,8,8,1,7,1,0,1
54778602,337,161,176,145,83,62,130,62,68,44,15,29,18,1,17,0,0,0
57388401,608,323,285,262,156,106,264,132,132,55,29,26,27,6,21,0,0,0
0064750,0,0,0,0,0,0,0,0,0,0,0,0,0,0,0,0,0,0
57389201,984,499,485,397,227,170,437,217,220,87,46,41,61,9,52,2,0,2
57390601,196,102,94,61,35,26,86,45,41,30,17,13,17,3,14,0,0,0
57391401,332,157,175,143,74,69,138,67,71,31,12,19,20,4,16,0,0,0
57392201,1104,548,556,528,289,239,350,177,173,148,64,84,76,16,60,0,0,0
57392202,122,67,55,43,27,16,64,33,31,9,4,5,6,3,3,0,0,0
57392204,41,21,20,16,8,8,13,6,7,8,6,2,4,1,3,0,0,0
57392205,1025,473,552,332,181,151,474,233,241,108,44,64,107,14,93,4,1,3
57392206,63,31,32,25,14,11,25,12,13,8,5,3,5,0,5,0,0,0
57392207,35,19,16,12,10,2,13,6,7,5,3,2,5,0,5,0,0,0
57392208,508,236,272,183,102,81,195,99,96,76,27,49,52,6,46,2,2,0
57392210,675,340,335,307,170,137,208,104,104,109,55,54,49,9,40,1,1,0
57392211,343,165,178,207,105,102,65,32,33,56,27,29,14,1,13,0,0,0
57392212,106,50,56,48,23,25,44,22,22,5,2,3,7,2,5,2,1,1
57392214,162,78,84,61,34,27,70,35,35,18,7,11,12,1,11,1,1,0
57392215,979,493,486,484,269,215,247,122,125,188,90,98,55,12,43,4,0,4
57392216,1093,523,570,422,228,194,430,214,216,157,63,94,81,17,64,3,1,2
57392217,213,107,106,69,46,23,104,52,52,18,7,11,21,2,19,1,0,1
57392218,405,180,225,203,101,102,99,53,46,68,24,44,33,2,31,2,0,2
0134710,0,0,0,0,0,0,0,0,0,0,0,0,0,0,0,0,0,0
57393102,171,91,80,62,40,22,86,45,41,10,4,6,11,1,10,2,1,1
57393104,80,46,34,29,20,9,36,19,17,9,7,2,6,0,6,0,0,0
54775101,340,180,160,128,78,50,146,73,73,40,23,17,24,5,19,2,1,1
57395701,445,223,222,175,95,80,199,100,99,43,20,23,27,8,19,1,0,1
50509901,198,100,98,83,46,37,95,48,47,11,3,8,9,3,6,0,0,0
57396501,213,108,105,85,46,39,97,48,49,22,11,11,9,3,6,0,0,0
57396502,5087,2486,2601,2022,1124,898,2049,1026,1023,597,248,349,407,83,324,12,5,7
57396503,662,334,328,282,156,126,290,145,145,44,24,20,46,9,37,0,0,0
57396504,1114,528,586,395,213,182,530,265,265,97,37,60,91,12,79,1,1,0
57396505,93,49,44,39,24,15,40,20,20,10,3,7,4,2,2,0,0,0
57396506,34,19,15,14,10,4,14,7,7,2,2,0,4,0,4,0,0,0
57396507,161,76,85,69,37,32,67,32,35,13,5,8,12,2,10,0,0,0
57396508,34,18,16,8,6,2,19,10,9,2,1,1,5,1,4,0,0,0
57396509,559,296,263,233,136,97,256,128,128,43,27,16,27,5,22,0,0,0
57396510,59,29,30,19,9,10,33,17,16,3,2,1,4,1,3,0,0,0
57397301,465,227,238,197,106,91,180,90,90,55,28,27,33,3,30,0,0,0
57398101,165,78,87,61,29,32,69,34,35,20,10,10,14,5,9,1,0,1
57398102,42,21,21,18,11,7,17,8,9,3,1,2,4,1,3,0,0,0
57398104,78,41,37,37,18,19,23,13,10,10,9,1,8,1,7,0,0,0
57399001,335,159,176,93,50,43,176,87,89,35,14,21,31,8,23,0,0,0
57399002,3119,1466,1653,1259,674,585,1118,556,562,454,191,263,276,43,233,10,2,8
57399003,51,26,25,25,16,9,12,6,6,7,3,4,6,1,5,1,0,1
57399004,942,462,480,396,214,182,394,197,197,89,42,47,63,9,54,0,0,0
57399006,75,37,38,39,20,19,20,10,10,14,6,8,2,1,1,0,0,0
57399007,203,103,100,85,46,39,90,45,45,16,8,8,12,4,8,0,0,0
57399008,207,104,103,64,35,29,107,54,53,25,13,12,10,2,8,1,0,1
57401501,158,80,78,62,34,28,66,33,33,20,10,10,10,3,7,0,0,0
57401502,232,124,108,97,63,34,107,53,54,15,7,8,13,1,12,0,0,0
57401503,65,34,31,28,18,10,19,9,10,12,7,5,6,0,6,0,0,0
57401504,36,20,16,17,11,6,14,7,7,2,2,0,3,0,3,0,0,0
57401505,158,72,86,65,34,31,70,35,35,13,1,12,10,2,8,0,0,0
57402301,704,348,356,280,155,125,303,151,152,73,36,37,46,6,40,2,0,2
57403101,573,280,293,212,114,98,260,132,128,60,28,32,40,6,34,1,0,1
57404001,60,29,31,17,8,9,29,15,14,11,5,6,3,1,2,0,0,0
57404002,106,48,58,37,20,17,44,21,23,12,6,6,13,1,12,0,0,0
57404003,146,75,71,56,31,25,61,31,30,19,12,7,10,1,9,0,0,0
57404004,88,46,42,50,29,21,25,12,13,12,5,7,1,0,1,0,0,0
0386012,0,0,0,0,0,0,0,0,0,0,0,0,0,0,0,0,0,0
57405801,64,32,32,25,14,11,32,16,16,2,1,1,5,1,4,0,0,0
57405802,395,205,190,176,99,77,141,71,70,50,27,23,28,8,20,0,0,0
57405803,23,12,11,4,3,1,14,7,7,3,1,2,0,0,0,2,1,1
57406601,29,13,16,8,4,4,17,8,9,2,1,1,2,0,2,0,0,0
57406602,400,201,199,159,85,74,170,84,86,48,29,19,23,3,20,0,0,0
57406603,70,36,34,25,14,11,26,13,13,11,6,5,8,3,5,0,0,0
54753101,152,80,72,67,40,27,56,28,28,16,9,7,13,3,10,0,0,0
57407401,386,192,194,159,83,76,174,86,88,27,19,8,26,4,22,0,0,0
57407402,67,37,30,27,18,9,31,16,15,7,3,4,1,0,1,1,0,1
57407403,25,12,13,6,3,3,17,8,9,1,1,0,1,0,1,0,0,0
57407404,75,34,41,24,9,15,36,19,17,8,5,3,7,1,6,0,0,0
3123040,0,0,0,0,0,0,0,0,0,0,0,0,0,0,0,0,0,0
3382570,0,0,0,0,0,0,0,0,0,0,0,0,0,0,0,0,0,0
57408201,1842,875,967,721,378,343,766,382,384,208,90,118,138,22,116,9,3,6
57408202,188,88,100,71,35,36,80,40,40,20,11,9,16,2,14,1,0,1
57408203,842,425,417,328,199,129,268,134,134,143,71,72,98,17,81,3,2,1
57408204,856,388,468,321,165,156,293,147,146,147,61,86,90,13,77,5,2,3
57408205,28,14,14,9,5,4,16,8,8,2,0,2,1,1,0,0,0,0
57408206,946,467,479,407,219,188,394,197,197,93,45,48,52,6,46,0,0,0
57408207,20,9,11,7,3,4,12,6,6,0,0,0,1,0,1,0,0,0
57408208,42,21,21,21,11,10,18,9,9,2,1,1,1,0,1,0,0,0
57408209,694,351,343,273,150,123,312,158,154,66,32,34,42,10,32,1,1,0
57408210,150,74,76,70,40,30,53,27,26,17,7,10,10,0,10,0,0,0
57408211,274,127,147,117,53,64,112,56,56,26,16,10,19,2,17,0,0,0
57408212,134,51,83,24,14,10,28,14,14,27,15,12,54,8,46,1,0,1
57416301,178,99,79,86,57,29,52,27,25,27,13,14,13,2,11,0,0,0
57411201,382,190,192,161,89,72,141,71,70,59,29,30,21,1,20,0,0,0
57411202,24,13,11,8,5,3,15,8,7,1,0,1,0,0,0,0,0,0
57411203,22,11,11,6,4,2,10,5,5,4,2,2,2,0,2,0,0,0
57411204,148,77,71,62,37,25,64,32,32,13,6,7,9,2,7,0,0,0
57411205,30,19,11,11,8,3,14,7,7,5,4,1,0,0,0,0,0,0
57411206,105,50,55,40,20,20,50,25,25,8,5,3,7,0,7,0,0,0
57411207,37,18,19,16,7,9,10,5,5,6,4,2,5,2,3,0,0,0
0574013,0,0,0,0,0,0,0,0,0,0,0,0,0,0,0,0,0,0
57412102,114,54,60,56,28,28,38,19,19,10,7,3,10,0,10,0,0,0
57412104,1743,882,861,754,429,325,646,323,323,242,111,131,97,16,81,2,2,0
57412105,1099,527,572,470,254,216,337,170,167,204,86,118,83,15,68,5,2,3
57412107,231,123,108,109,57,52,74,43,31,34,19,15,13,3,10,1,1,0
57412108,2745,1312,1433,1096,623,473,1003,494,509,404,158,246,236,33,203,6,4,2
57412109,566,290,276,223,129,94,229,117,112,74,35,39,38,8,30,1,1,0
57412110,1291,612,679,451,246,205,571,283,288,159,56,103,104,25,79,5,2,3
57412111,123,65,58,50,32,18,47,25,22,19,8,11,7,0,7,0,0,0
57412112,22,9,13,12,6,6,4,2,2,5,1,4,1,0,1,0,0,0
57412113,483,235,248,210,117,93,170,85,85,62,25,37,40,7,33,1,1,0
57412114,237,119,118,81,48,33,121,62,59,17,6,11,17,3,14,1,0,1
57412115,204,104,100,86,48,38,81,41,40,32,13,19,5,2,3,0,0,0
57412116,1537,776,761,824,447,377,453,226,227,178,79,99,67,14,53,13,8,5
57412117,465,244,221,209,122,87,179,89,90,46,23,23,30,9,21,1,1,0
57412118,249,125,124,96,52,44,114,58,56,22,12,10,16,2,14,1,1,0
57412119,283,131,152,118,56,62,115,56,59,29,15,14,21,4,17,0,0,0
57412120,165,87,78,68,42,26,75,37,38,13,8,5,9,0,9,0,0,0
57412122,423,256,167,238,157,81,86,41,45,85,55,30,13,2,11,0,0,0
57413901,736,375,361,296,173,123,321,161,160,83,35,48,34,5,29,2,1,1
57414701,132,76,56,40,31,9,78,39,39,6,5,1,8,1,7,0,0,0
57415501,421,228,193,190,119,71,159,83,76,42,20,22,28,4,24,1,1,0
57454601,192,102,90,72,44,28,87,44,43,25,13,12,8,1,7,0,0,0
57454602,560,288,272,198,114,84,257,128,129,67,33,34,35,11,24,3,2,1
57454603,121,65,56,42,25,17,58,29,29,15,10,5,6,1,5,0,0,0
57454604,74,37,37,26,14,12,34,17,17,7,4,3,7,2,5,0,0,0
57454605,57,29,28,22,12,10,28,14,14,5,3,2,2,0,2,0,0,0
57417101,424,222,202,177,102,75,177,90,87,42,24,18,26,6,20,2,0,2
57418001,142,75,67,59,33,26,57,30,27,20,10,10,4,0,4,0,0,0
57418002,63,36,27,23,16,7,28,14,14,9,6,3,3,0,3,0,0,0
57418003,63,31,32,33,17,16,24,13,11,2,1,1,4,0,4,0,0,0
54770101,61,31,30,23,10,13,22,12,10,12,8,4,4,1,3,0,0,0
57338801,93,47,46,36,19,17,40,20,20,10,7,3,6,1,5,1,0,1
57421002,123,66,57,64,36,28,36,18,18,19,11,8,4,1,3,0,0,0
57421003,492,246,246,188,111,77,215,108,107,37,18,19,52,9,43,0,0,0
57421004,109,53,56,37,18,19,48,24,24,13,9,4,11,2,9,0,0,0
57421005,318,150,168,108,56,52,154,78,76,31,14,17,23,2,21,0,0,0
57422801,475,232,243,183,94,89,198,100,98,58,31,27,35,6,29,1,1,0
57423601,126,61,65,43,23,20,55,27,28,16,9,7,12,2,10,0,0,0
57424401,222,116,106,79,47,32,111,56,55,18,9,9,14,4,10,0,0,0
57425201,105,56,49,45,28,17,42,21,21,15,7,8,3,0,3,0,0,0
57425202,250,127,123,98,56,42,108,55,53,27,12,15,17,4,13,0,0,0
57425203,1187,550,637,434,227,207,463,231,232,169,72,97,117,20,97,4,0,4
57425204,109,57,52,56,31,25,33,16,17,13,7,6,7,3,4,0,0,0
57425206,75,42,33,29,20,9,29,14,15,10,6,4,5,1,4,2,1,1
57425207,239,130,109,101,67,34,91,47,44,28,15,13,19,1,18,0,0,0
57425208,266,135,131,92,54,38,119,61,58,29,15,14,25,4,21,1,1,0
57426101,54,34,20,25,19,6,25,12,13,3,3,0,1,0,1,0,0,0
57426102,32,17,15,15,9,6,14,7,7,2,1,1,1,0,1,0,0,0
57426103,79,44,35,34,20,14,28,14,14,12,7,5,5,3,2,0,0,0
57426104,36,19,17,16,10,6,15,7,8,1,1,0,4,1,3,0,0,0
57426105,371,190,181,150,81,69,163,83,80,35,19,16,22,6,16,1,1,0
57386801,113,64,49,46,31,15,39,19,20,17,11,6,11,3,8,0,0,0
57386803,246,114,132,109,48,61,106,55,51,18,5,13,13,6,7,0,0,0
57386804,402,204,198,149,82,67,206,103,103,26,12,14,19,6,13,2,1,1
57386805,548,278,270,212,123,89,246,122,124,57,24,33,32,8,24,1,1,0
57386806,87,45,42,34,18,16,39,19,20,8,5,3,5,2,3,1,1,0
57386809,1306,636,670,489,272,217,547,276,271,164,64,100,102,21,81,4,3,1
57386810,257,134,123,104,61,43,121,62,59,18,11,7,14,0,14,0,0,0
57386811,99,49,50,40,21,19,39,20,19,11,6,5,9,2,7,0,0,0
57386812,488,234,254,183,98,85,227,111,116,45,18,27,32,6,26,1,1,0
57386813,1502,727,775,685,377,308,479,237,242,280,100,180,55,11,44,3,2,1
57386815,502,225,277,195,100,95,170,88,82,84,28,56,49,7,42,3,2,1
57386816,436,193,243,165,86,79,130,65,65,95,33,62,46,9,37,0,0,0
57386817,507,255,252,199,118,81,217,107,110,64,25,39,26,4,22,1,1,0
57386818,246,116,130,96,52,44,107,52,55,22,11,11,20,1,19,1,0,1
57386819,194,99,95,67,38,29,85,42,43,27,14,13,15,5,10,0,0,0
57386820,1150,571,579,446,252,194,526,262,264,118,48,70,58,8,50,2,1,1
57386821,1618,849,769,787,445,342,430,224,206,311,162,149,79,10,69,9,6,3
57386822,64,32,32,34,17,17,17,8,9,8,5,3,5,2,3,0,0,0
57386824,441,212,229,197,105,92,122,63,59,76,28,48,42,14,28,2,0,2
57386825,1829,869,960,665,368,297,700,350,350,331,124,207,127,22,105,6,5,1
57386826,2401,1108,1293,1169,594,575,669,337,332,411,153,258,145,20,125,7,4,3
57386827,716,339,377,261,129,132,331,163,168,83,38,45,39,8,31,2,1,1
57386828,1048,486,562,404,226,178,341,168,173,193,68,125,105,22,83,5,2,3
57386829,1045,483,562,413,220,193,362,177,185,170,68,102,96,17,79,4,1,3
57386831,1470,672,798,494,282,212,580,293,287,166,63,103,227,33,194,3,1,2
57386832,78,40,38,33,19,14,31,15,16,10,5,5,4,1,3,0,0,0
57386833,268,137,131,90,51,39,130,66,64,30,15,15,18,5,13,0,0,0
3202260,0,0,0,0,0,0,0,0,0,0,0,0,0,0,0,0,0,0
3316510,0,0,0,0,0,0,0,0,0,0,0,0,0,0,0,0,0,0
3381170,0,0,0,0,0,0,0,0,0,0,0,0,0,0,0,0,0,0
57427902,1374,685,689,476,270,206,669,335,334,126,60,66,102,19,83,1,1,0
57427903,103,52,51,40,20,20,49,24,25,10,6,4,4,2,2,0,0,0
57427904,235,119,116,101,56,45,99,49,50,21,11,10,12,1,11,0,0,0
57427905,445,211,234,197,96,101,184,94,90,44,21,23,20,0,20,0,0,0
57427906,252,125,127,97,52,45,110,56,54,31,15,16,12,1,11,2,1,1
57427907,1028,471,557,373,198,175,392,194,198,147,59,88,114,19,95,2,1,1
57427908,1472,689,783,544,296,248,565,282,283,248,91,157,112,18,94,3,2,1
57427909,1082,543,539,475,277,198,380,188,192,157,72,85,65,5,60,5,1,4
57427910,140,71,69,51,32,19,65,32,33,11,5,6,13,2,11,0,0,0
57427911,2563,1260,1303,950,535,415,1138,570,568,274,121,153,195,31,164,6,3,3
57427912,127,65,62,43,23,20,65,32,33,14,7,7,5,3,2,0,0,0
57427913,52,32,20,16,13,3,26,13,13,6,6,0,4,0,4,0,0,0
1073102,0,0,0,0,0,0,0,0,0,0,0,0,0,0,0,0,0,0
1073360,0,0,0,0,0,0,0,0,0,0,0,0,0,0,0,0,0,0
57428703,763,375,388,316,169,147,338,168,170,65,32,33,42,4,38,2,2,0
57428704,33,19,14,16,11,5,15,8,7,2,0,2,0,0,0,0,0,0
57429501,337,167,170,135,77,58,155,79,76,17,10,7,30,1,29,0,0,0
57431701,335,167,168,143,81,62,129,63,66,40,19,21,23,4,19,0,0,0
57434101,131,69,62,45,26,19,57,29,28,20,13,7,9,1,8,0,0,0
57434102,60,27,33,18,9,9,34,17,17,1,0,1,7,1,6,0,0,0
57434104,224,115,109,78,43,35,111,56,55,20,13,7,15,3,12,0,0,0
57434105,1172,595,577,532,316,216,391,189,202,180,75,105,68,15,53,1,0,1
57434106,61,27,34,20,9,11,34,17,17,2,1,1,5,0,5,0,0,0
57434107,2244,1074,1170,804,457,347,942,469,473,280,94,186,214,51,163,2,1,1
1339063,0,0,0,0,0,0,0,0,0,0,0,0,0,0,0,0,0,0
1339140,0,0,0,0,0,0,0,0,0,0,0,0,0,0,0,0,0,0
57435001,140,71,69,55,33,22,61,31,30,16,6,10,8,1,7,0,0,0
57435002,356,180,176,152,89,63,154,75,79,27,14,13,23,2,21,0,0,0
57435003,29,15,14,11,6,5,14,8,6,3,1,2,1,0,1,0,0,0
57435004,76,43,33,30,21,9,38,19,19,2,1,1,6,2,4,0,0,0
57435005,25,12,13,13,6,7,12,6,6,0,0,0,0,0,0,0,0,0
57435007,566,290,276,229,129,100,261,131,130,49,26,23,27,4,23,0,0,0
57436801,185,96,89,75,45,30,81,41,40,20,9,11,9,1,8,0,0,0
57437601,72,39,33,31,18,13,34,17,17,6,3,3,1,1,0,0,0,0
57437603,600,287,313,235,120,115,267,132,135,60,26,34,38,9,29,0,0,0
57438401,172,89,83,70,38,32,75,38,37,14,8,6,13,5,8,0,0,0
57438402,193,101,92,67,41,26,97,49,48,19,9,10,10,2,8,0,0,0
57440601,70,31,39,28,11,17,33,17,16,4,2,2,5,1,4,0,0,0
57440602,303,150,153,119,66,53,130,66,64,29,14,15,24,4,20,1,0,1
57440603,239,114,125,92,47,45,108,53,55,24,12,12,14,1,13,1,1,0
53078601,224,109,115,105,53,52,95,48,47,11,6,5,13,2,11,0,0,0
54772701,117,58,59,47,27,20,53,26,27,7,4,3,10,1,9,0,0,0
57442202,45,24,21,14,7,7,25,13,12,3,2,1,3,2,1,0,0,0
57442203,267,135,132,105,60,45,106,52,54,29,17,12,26,5,21,1,1,0
57443101,257,134,123,96,56,40,122,61,61,23,12,11,15,4,11,1,1,0
57445701,58,23,35,24,8,16,29,15,14,0,0,0,5,0,5,0,0,0
57445702,244,121,123,103,56,47,107,53,54,16,9,7,18,3,15,0,0,0
57446501,90,47,43,33,19,14,34,18,16,13,7,6,10,3,7,0,0,0
57446502,75,40,35,25,18,7,32,16,16,12,5,7,6,1,5,0,0,0
57446503,41,21,20,17,12,5,14,7,7,5,2,3,5,0,5,0,0,0
57446504,407,203,204,168,95,73,158,79,79,46,21,25,33,7,26,2,1,1
57448101,47,22,25,19,10,9,21,10,11,6,2,4,1,0,1,0,0,0
57448102,39,20,19,11,7,4,21,11,10,3,1,2,4,1,3,0,0,0
57448103,150,81,69,50,28,22,75,39,36,17,10,7,8,4,4,0,0,0
57448104,359,177,182,149,79,70,150,75,75,39,18,21,20,4,16,1,1,0
57448105,38,25,13,14,12,2,19,10,9,4,3,1,1,0,1,0,0,0
57448106,57,33,24,26,17,9,19,11,8,9,5,4,3,0,3,0,0,0
57448107,295,144,151,116,63,53,122,62,60,31,15,16,26,4,22,0,0,0
57448108,94,45,49,42,22,20,40,20,20,5,2,3,7,1,6,0,0,0
57449001,50,29,21,19,14,5,23,12,11,5,3,2,3,0,3,0,0,0
57449002,329,172,157,134,75,59,152,76,76,28,15,13,11,3,8,2,1,1
54765401,38,20,18,8,6,2,18,9,9,9,5,4,3,0,3,0,0,0
54765402,140,73,67,52,30,22,63,33,30,15,5,10,9,4,5,1,1,0
57451101,284,143,141,125,67,58,96,49,47,41,21,20,22,6,16,0,0,0
57453801,60,34,26,17,13,4,32,16,16,7,4,3,4,1,3,0,0,0
57453802,40,27,13,20,16,4,8,4,4,9,7,2,3,0,3,0,0,0
57453803,235,120,115,100,62,38,79,40,39,32,13,19,24,5,19,0,0,0
57453804,110,52,58,47,21,26,41,21,20,14,8,6,8,2,6,0,0,0
57453805,59,33,26,20,12,8,25,13,12,6,5,1,7,2,5,1,1,0
57453806,89,48,41,35,24,11,37,18,19,13,5,8,4,1,3,0,0,0
57453810,20,9,11,10,4,6,5,2,3,2,2,0,2,0,2,1,1,0
57453811,786,411,375,325,199,126,273,137,136,132,65,67,55,10,45,1,0,1
57453812,168,89,79,82,49,33,57,29,28,20,9,11,9,2,7,0,0,0
57455401,195,101,94,71,43,28,74,36,38,37,21,16,13,1,12,0,0,0
57455402,527,260,267,203,108,95,234,119,115,43,24,19,47,9,38,0,0,0
57456201,632,319,313,257,137,120,244,127,117,80,45,35,49,8,41,2,2,0
57456203,35,19,16,15,8,7,15,8,7,3,3,0,2,0,2,0,0,0
57456204,44,27,17,16,13,3,20,11,9,5,3,2,3,0,3,0,0,0
57457101,24,14,10,4,3,1,14,7,7,3,2,1,3,2,1,0,0,0
57457102,321,171,150,129,76,53,141,70,71,34,17,17,15,7,8,2,1,1
57457103,50,25,25,18,9,9,20,10,10,8,6,2,4,0,4,0,0,0
54764601,2196,1075,1121,842,437,405,907,457,450,311,146,165,133,34,99,1,1,0
57458901,313,169,144,118,73,45,137,70,67,36,20,16,21,5,16,1,1,0
54774301,303,155,148,129,68,61,119,60,59,41,24,17,14,3,11,0,0,0
54756502,139,71,68,58,33,25,67,33,34,8,4,4,6,1,5,0,0,0
54756503,43,20,23,17,8,9,21,9,12,4,3,1,1,0,1,0,0,0
57460101,69,31,38,27,11,16,32,16,16,4,3,1,5,1,4,1,0,1
57460102,305,150,155,130,73,57,128,63,65,29,11,18,18,3,15,0,0,0
57462701,137,70,67,60,32,28,63,32,31,9,5,4,5,1,4,0,0,0
57463501,190,103,87,83,48,35,75,38,37,20,13,7,12,4,8,0,0,0
57463503,91,50,41,35,19,16,41,22,19,11,7,4,4,2,2,0,0,0
57464301,482,245,237,192,108,84,217,109,108,45,21,24,26,6,20,2,1,1
57465101,216,115,101,87,49,38,93,46,47,22,14,8,13,6,7,1,0,1
57465102,177,97,80,79,48,31,73,37,36,15,10,5,10,2,8,0,0,0
57465103,97,52,45,38,24,14,46,23,23,6,4,2,7,1,6,0,0,0
57465104,54,30,24,20,13,7,30,15,15,3,1,2,1,1,0,0,0,0
57466001,29,17,12,9,7,2,15,8,7,4,2,2,1,0,1,0,0,0
57466002,110,52,58,47,20,27,46,23,23,11,7,4,6,2,4,0,0,0
57466003,164,91,73,73,50,23,60,31,29,17,6,11,9,1,8,5,3,2
57466005,138,74,64,67,36,31,44,22,22,19,14,5,7,2,5,1,0,1
57468601,626,315,311,254,141,113,288,144,144,54,26,28,30,4,26,0,0,0
57469402,563,272,291,214,113,101,264,132,132,57,23,34,28,4,24,0,0,0
57470802,277,147,130,130,75,55,115,58,57,20,10,10,12,4,8,0,0,0
57607701,1044,502,542,388,221,167,440,222,218,109,44,65,105,15,90,2,0,2
3178960,0,0,0,0,0,0,0,0,0,0,0,0,0,0,0,0,0,0
57608501,316,167,149,131,81,50,131,65,66,33,18,15,19,2,17,2,1,1
57608502,52,30,22,22,13,9,20,10,10,5,4,1,5,3,2,0,0,0
0010310,0,0,0,0,0,0,0,0,0,0,0,0,0,0,0,0,0,0
57609301,115,56,59,48,27,21,44,21,23,17,6,11,5,1,4,1,1,0
57609304,78,42,36,45,27,18,17,9,8,13,5,8,3,1,2,0,0,0
57610701,305,160,145,134,76,58,139,68,71,18,11,7,13,5,8,1,0,1
57610702,259,131,128,115,65,50,97,50,47,27,13,14,18,3,15,2,0,2
57610703,58,29,29,24,13,11,17,9,8,12,7,5,5,0,5,0,0,0
57610704,68,31,37,32,16,16,24,12,12,4,2,2,8,1,7,0,0,0
57611501,171,78,93,79,34,45,75,38,37,7,5,2,9,0,9,1,1,0
57611502,22,11,11,7,3,4,10,5,5,4,3,1,1,0,1,0,0,0
57612301,381,190,191,164,87,77,155,79,76,38,21,17,23,3,20,1,0,1
57612302,96,47,49,40,21,19,42,21,21,9,5,4,5,0,5,0,0,0
57612303,120,62,58,41,24,17,49,25,24,15,11,4,14,1,13,1,1,0
57613101,1944,933,1011,772,434,338,704,352,352,248,104,144,211,37,174,6,4,2
57613102,81,44,37,26,15,11,42,21,21,11,7,4,2,1,1,0,0,0
57614001,153,80,73,58,32,26,66,34,32,17,11,6,10,2,8,2,1,1
57614003,130,64,66,51,28,23,57,28,29,12,7,5,10,1,9,0,0,0
57614004,114,64,50,47,30,17,44,22,22,17,10,7,5,2,3,1,0,1
57616602,258,139,119,102,68,34,112,57,55,27,11,16,15,2,13,2,1,1
57617401,220,108,112,86,44,42,105,53,52,17,10,7,12,1,11,0,0,0
57618201,1671,887,784,697,427,270,667,344,323,193,94,99,105,16,89,9,6,3
57619101,24,9,15,9,5,4,6,3,3,5,1,4,4,0,4,0,0,0
57619102,608,282,326,239,115,124,250,124,126,75,33,42,44,10,34,0,0,0
57619104,294,149,145,119,65,54,119,60,59,39,23,16,16,0,16,1,1,0
57619105,102,49,53,35,13,22,49,25,24,14,8,6,2,1,1,0,0,0
57620401,662,342,320,280,162,118,286,147,139,56,28,28,38,4,34,2,1,1
57620402,145,72,73,53,31,22,71,35,36,10,5,5,11,1,10,0,0,0
57621201,25,12,13,11,5,6,7,3,4,5,3,2,2,1,1,0,0,0
57621202,1681,822,859,735,384,351,689,344,345,163,72,91,92,20,72,2,2,0
57621203,87,40,47,67,32,35,14,7,7,2,1,1,4,0,4,0,0,0
57621204,116,57,59,49,26,23,54,28,26,4,3,1,9,0,9,0,0,0
57621206,32,19,13,9,7,2,16,9,7,2,0,2,4,3,1,1,0,1
57622102,497,253,244,203,118,85,214,107,107,46,21,25,34,7,27,0,0,0
57622103,61,29,32,20,10,10,31,16,15,5,2,3,5,1,4,0,0,0
3381920,0,0,0,0,0,0,0,0,0,0,0,0,0,0,0,0,0,0
57624701,40,24,16,21,15,6,18,9,9,1,0,1,0,0,0,0,0,0
57624702,67,31,36,40,19,21,18,8,10,8,4,4,1,0,1,0,0,0
57624704,393,189,204,138,74,64,172,87,85,43,22,21,37,5,32,3,1,2
57624705,22,13,9,8,5,3,9,5,4,3,2,1,2,1,1,0,0,0
57624706,20,8,12,11,4,7,8,4,4,0,0,0,1,0,1,0,0,0
57624707,22,12,10,11,5,6,8,5,3,1,0,1,2,2,0,0,0,0
57626301,548,274,274,259,142,117,197,101,96,56,26,30,35,5,30,1,0,1
57626302,106,54,52,42,22,20,46,23,23,14,8,6,4,1,3,0,0,0
57626304,108,54,54,49,27,22,45,23,22,10,4,6,4,0,4,0,0,0
57626305,48,23,25,11,6,5,28,14,14,4,2,2,4,1,3,1,0,1
57626306,25,12,13,8,5,3,13,6,7,2,1,1,2,0,2,0,0,0
0275880,0,0,0,0,0,0,0,0,0,0,0,0,0,0,0,0,0,0
3036820,0,0,0,0,0,0,0,0,0,0,0,0,0,0,0,0,0,0
3036910,0,0,0,0,0,0,0,0,0,0,0,0,0,0,0,0,0,0
3216300,0,0,0,0,0,0,0,0,0,0,0,0,0,0,0,0,0,0
57627101,128,64,64,55,28,27,58,29,29,9,4,5,6,3,3,0,0,0
57627103,260,142,118,101,63,38,124,63,61,24,14,10,11,2,9,0,0,0
57627104,220,110,110,80,44,36,112,57,55,14,8,6,14,1,13,0,0,0
57627105,84,42,42,40,21,19,30,15,15,7,5,2,7,1,6,0,0,0
57627106,66,35,31,21,14,7,39,19,20,3,2,1,3,0,3,0,0,0
57627107,67,35,32,23,12,11,36,18,18,5,5,0,3,0,3,0,0,0
57627108,222,117,105,85,50,35,106,52,54,20,11,9,11,4,7,0,0,0
57627109,54,27,27,23,10,13,25,13,12,5,4,1,1,0,1,0,0,0
57627110,47,26,21,17,12,5,28,14,14,1,0,1,1,0,1,0,0,0
57627111,25,13,12,9,3,6,11,6,5,3,3,0,1,0,1,1,1,0
57627112,104,51,53,39,18,21,50,25,25,13,6,7,2,2,0,0,0,0
57627113,1657,775,882,656,348,308,632,313,319,244,100,144,119,12,107,5,2,3
57627114,690,343,347,240,128,112,352,176,176,50,27,23,48,12,36,0,0,0
57627115,668,333,335,282,155,127,235,116,119,98,49,49,52,13,39,1,0,1
57627116,1446,711,735,629,340,289,553,281,272,150,68,82,114,22,92,0,0,0
57627117,657,301,356,238,129,109,243,122,121,106,40,66,64,7,57,6,3,3
57628001,128,66,62,50,28,22,65,32,33,9,5,4,4,1,3,0,0,0
57630101,1522,738,784,609,325,284,584,293,291,202,95,107,125,25,100,2,0,2
57630102,114,66,48,37,27,10,58,29,29,16,10,6,3,0,3,0,0,0
57630103,63,32,31,32,17,15,22,11,11,7,4,3,2,0,2,0,0,0
54864201,84,40,44,40,20,20,30,14,16,8,3,5,4,3,1,2,0,2
54864202,74,37,37,29,15,14,34,18,16,6,3,3,5,1,4,0,0,0
54864203,105,65,40,43,31,12,45,23,22,7,6,1,10,5,5,0,0,0
54864204,95,47,48,39,19,20,45,23,22,8,3,5,3,2,1,0,0,0
57631001,195,102,93,61,40,21,93,48,45,18,8,10,23,6,17,0,0,0
54879101,77,40,37,32,18,14,35,17,18,5,3,2,5,2,3,0,0,0
54878201,110,53,57,42,21,21,48,24,24,13,7,6,7,1,6,0,0,0
57632801,62,34,28,27,18,9,26,13,13,4,2,2,5,1,4,0,0,0
57632802,36,16,20,13,7,6,13,7,6,8,2,6,2,0,2,0,0,0
0578272,0,0,0,0,0,0,0,0,0,0,0,0,0,0,0,0,0,0
57633601,63,32,31,31,17,14,28,14,14,2,1,1,2,0,2,0,0,0
57633602,934,476,458,388,215,173,419,210,209,75,42,33,51,8,43,1,1,0
57633603,37,19,18,15,8,7,18,9,9,2,1,1,2,1,1,0,0,0
57633604,32,18,14,8,7,1,17,9,8,4,1,3,3,1,2,0,0,0
57636101,5675,2766,2909,2393,1307,1086,2030,1035,995,747,320,427,424,74,350,81,30,51
57636102,84,44,40,33,20,13,41,21,20,6,3,3,4,0,4,0,0,0
57636103,282,145,137,121,65,56,125,63,62,21,12,9,15,5,10,0,0,0
57636104,66,35,31,35,19,16,28,14,14,1,1,0,2,1,1,0,0,0
57638701,149,82,67,60,41,19,68,35,33,11,5,6,10,1,9,0,0,0
57639501,26,11,15,13,6,7,6,3,3,3,2,1,4,0,4,0,0,0
57639502,74,35,39,32,14,18,29,15,14,6,5,1,7,1,6,0,0,0
57639503,43,20,23,19,9,10,18,9,9,3,2,1,3,0,3,0,0,0
57639505,75,44,31,31,22,9,32,17,15,7,5,2,5,0,5,0,0,0
57640901,260,127,133,113,57,56,111,56,55,23,10,13,13,4,9,0,0,0
54868502,99,56,43,42,29,13,43,21,22,10,5,5,4,1,3,0,0,0
57642501,36,35,1,15,15,0,21,20,1,0,0,0,0,0,0,0,0,0
57642502,1617,903,714,692,447,245,627,324,303,178,96,82,96,17,79,24,19,5
57644101,134,69,65,76,44,32,38,19,19,11,4,7,8,1,7,0,0,0
57644102,209,104,105,94,52,42,84,42,42,16,6,10,15,4,11,0,0,0
54865101,159,83,76,60,35,25,74,39,35,14,7,7,11,2,9,0,0,0
57645001,87,43,44,44,25,19,32,16,16,5,2,3,6,0,6,0,0,0
57645002,159,86,73,75,45,30,54,27,27,17,10,7,13,4,9,0,0,0
57645003,193,106,87,96,59,37,62,32,30,18,8,10,16,7,9,1,0,1
57645004,62,28,34,34,17,17,19,9,10,4,2,2,5,0,5,0,0,0
57645005,42,24,18,20,12,8,17,9,8,5,3,2,0,0,0,0,0,0
57645006,27,18,9,15,12,3,11,6,5,0,0,0,1,0,1,0,0,0
57645008,116,61,55,63,37,26,31,16,15,19,8,11,3,0,3,0,0,0
57646801,513,252,261,202,109,93,245,122,123,40,17,23,25,4,21,1,0,1
57646802,78,39,39,33,21,12,28,13,15,8,3,5,9,2,7,0,0,0
57646803,43,23,20,17,10,7,22,12,10,2,0,2,2,1,1,0,0,0
57647601,52,31,21,27,18,9,18,9,9,5,3,2,2,1,1,0,0,0
57647602,526,272,254,223,130,93,226,116,110,40,20,20,35,4,31,2,2,0
57649201,613,320,293,238,141,97,280,142,138,58,28,30,37,9,28,0,0,0
57650601,273,136,137,120,63,57,112,56,56,23,14,9,15,2,13,3,1,2
57652201,38,20,18,17,11,6,13,7,6,6,2,4,2,0,2,0,0,0
57652202,134,68,66,53,30,23,54,28,26,17,10,7,9,0,9,1,0,1
57654901,27,14,13,11,6,5,10,5,5,5,2,3,1,1,0,0,0,0
57654902,194,101,93,64,33,31,96,48,48,23,16,7,10,3,7,1,1,0
57655701,38,21,17,17,10,7,13,7,6,5,2,3,3,2,1,0,0,0
57655702,179,92,87,69,38,31,72,36,36,21,12,9,16,6,10,1,0,1
57656501,471,239,232,194,110,84,202,103,99,32,18,14,43,8,35,0,0,0
57656502,45,25,20,21,14,7,19,9,10,3,1,2,2,1,1,0,0,0
57658101,89,41,48,33,13,20,46,23,23,5,5,0,5,0,5,0,0,0
57658102,381,201,180,146,85,61,163,83,80,47,28,19,24,5,19,1,0,1
57657302,392,198,194,166,91,75,164,81,83,38,21,17,24,5,19,0,0,0
57659001,241,125,116,100,59,41,103,52,51,21,12,9,16,2,14,1,0,1
57659002,42,19,23,15,7,8,17,8,9,7,4,3,3,0,3,0,0,0
57659003,403,190,213,208,106,102,123,60,63,55,22,33,16,2,14,1,0,1
57659004,2419,1167,1252,949,531,418,954,479,475,284,121,163,221,30,191,11,6,5
1122080,0,0,0,0,0,0,0,0,0,0,0,0,0,0,0,0,0,0
57660301,158,87,71,72,46,26,62,32,30,18,9,9,6,0,6,0,0,0
57660305,25,10,15,11,4,7,8,3,5,3,1,2,2,1,1,1,1,0
57661101,69,31,38,31,14,17,25,12,13,10,3,7,3,2,1,0,0,0
57661102,167,84,83,62,36,26,79,39,40,11,8,3,15,1,14,0,0,0
57661103,58,25,33,22,6,16,32,17,15,2,2,0,2,0,2,0,0,0
57662001,447,223,224,183,101,82,187,95,92,39,22,17,38,5,33,0,0,0
57665401,50,28,22,21,14,7,23,12,11,2,1,1,4,1,3,0,0,0
57665403,354,186,168,165,94,71,152,75,77,18,11,7,19,6,13,0,0,0
57665404,85,43,42,36,20,16,34,17,17,9,3,6,6,3,3,0,0,0
57665405,91,51,40,33,24,9,43,21,22,8,4,4,7,2,5,0,0,0
57666201,658,324,334,280,148,132,281,140,141,59,29,30,37,7,30,1,0,1
54872302,136,62,74,48,24,24,59,29,30,16,6,10,13,3,10,0,0,0
57667101,143,74,69,64,38,26,55,29,26,16,7,9,8,0,8,0,0,0
57667102,831,407,424,328,175,153,345,173,172,93,45,48,65,14,51,0,0,0
54875801,49,26,23,16,10,6,23,13,10,4,2,2,6,1,5,0,0,0
57668901,667,317,350,255,128,127,241,123,118,92,51,41,78,15,63,1,0,1
54866902,279,142,137,122,65,57,116,57,59,23,14,9,17,5,12,1,1,0
57670101,73,41,32,29,18,11,35,19,16,6,3,3,3,1,2,0,0,0
57670104,1668,846,822,775,456,319,524,261,263,263,113,150,102,13,89,4,3,1
57670105,50,25,25,20,10,10,17,8,9,10,7,3,3,0,3,0,0,0
57670106,84,43,41,29,16,13,31,17,14,11,8,3,12,2,10,1,0,1
57670107,51,30,21,26,17,9,16,8,8,6,4,2,3,1,2,0,0,0
57672701,294,149,145,119,68,51,128,64,64,26,12,14,21,5,16,0,0,0
57672702,36,18,18,8,5,3,19,10,9,5,2,3,4,1,3,0,0,0
57672703,84,43,41,36,24,12,31,16,15,9,3,6,8,0,8,0,0,0
1441690,0,0,0,0,0,0,0,0,0,0,0,0,0,0,0,0,0,0
1441770,0,0,0,0,0,0,0,0,0,0,0,0,0,0,0,0,0,0
1441850,0,0,0,0,0,0,0,0,0,0,0,0,0,0,0,0,0,0
3216050,0,0,0,0,0,0,0,0,0,0,0,0,0,0,0,0,0,0
3312440,0,0,0,0,0,0,0,0,0,0,0,0,0,0,0,0,0,0
3380950,0,0,0,0,0,0,0,0,0,0,0,0,0,0,0,0,0,0
57606901,23,10,13,8,1,7,12,6,6,2,2,0,1,1,0,0,0,0
57606902,525,260,265,225,117,108,220,113,107,47,24,23,33,6,27,0,0,0
57606904,47,20,27,16,8,8,20,10,10,6,2,4,5,0,5,0,0,0
57606905,310,156,154,130,66,64,141,73,68,24,13,11,12,2,10,3,2,1
57606906,89,46,43,34,17,17,46,24,22,7,5,2,2,0,2,0,0,0
57606907,110,53,57,42,21,21,47,24,23,11,5,6,9,3,6,1,0,1
57606908,310,153,157,135,67,68,132,67,65,25,14,11,18,5,13,0,0,0
57606909,126,70,56,52,35,17,57,29,28,9,6,3,8,0,8,0,0,0
57606910,265,151,114,127,84,43,87,44,43,32,19,13,17,3,14,2,1,1
57606911,1031,487,544,343,183,160,492,247,245,103,38,65,92,18,74,1,1,0
57606912,1111,525,586,534,266,268,375,191,184,111,52,59,83,12,71,8,4,4
57606913,851,422,429,377,202,175,297,149,148,127,59,68,49,11,38,1,1,0
57606914,1617,810,807,688,383,305,573,288,285,240,112,128,104,21,83,12,6,6
57606915,4102,1919,2183,1623,884,739,1472,729,743,641,237,404,349,55,294,16,13,3
57606916,71,38,33,35,19,16,30,15,15,5,3,2,1,1,0,0,0,0
57673501,102,54,48,46,25,21,41,22,19,10,7,3,5,0,5,0,0,0
57674302,222,114,108,116,65,51,74,38,36,21,9,12,11,2,9,0,0,0
57675102,416,210,206,166,97,69,175,87,88,51,23,28,24,3,21,0,0,0
57677801,202,100,102,88,45,43,89,44,45,15,9,6,10,2,8,0,0,0
57677802,23,11,12,11,5,6,10,5,5,1,1,0,1,0,1,0,0,0
57677803,82,41,41,38,22,16,34,17,17,5,2,3,5,0,5,0,0,0
57677804,79,40,39,31,17,14,40,20,20,4,2,2,4,1,3,0,0,0
57677805,86,45,41,33,21,12,46,23,23,3,1,2,4,0,4,0,0,0
57677806,29,15,14,12,7,5,11,6,5,5,2,3,1,0,1,0,0,0
57677807,28,13,15,5,2,3,15,8,7,5,3,2,3,0,3,0,0,0
57677808,39,19,20,19,9,10,9,5,4,7,4,3,4,1,3,0,0,0
57677809,513,251,262,208,120,88,205,101,104,67,25,42,33,5,28,0,0,0
57678601,846,439,407,348,202,146,388,199,189,55,28,27,55,10,45,0,0,0
57679401,136,59,77,47,21,26,63,31,32,13,5,8,13,2,11,0,0,0
57680801,270,144,126,99,63,36,129,70,59,22,8,14,20,3,17,0,0,0
57680802,1918,998,920,756,443,313,804,413,391,197,94,103,133,26,107,28,22,6
54869301,42,21,21,20,10,10,21,11,10,0,0,0,1,0,1,0,0,0
54869302,123,61,62,53,30,23,48,23,25,7,4,3,15,4,11,0,0,0
57681601,49,29,20,24,14,10,18,11,7,5,3,2,1,0,1,1,1,0
57681602,155,83,72,59,38,21,72,35,37,16,9,7,8,1,7,0,0,0
57681603,216,101,115,85,42,43,100,49,51,19,9,10,12,1,11,0,0,0
57682401,272,135,137,126,65,61,113,57,56,21,10,11,12,3,9,0,0,0
57682402,242,124,118,90,48,42,112,56,56,29,17,12,11,3,8,0,0,0
57682403,57,26,31,25,13,12,19,10,9,4,2,2,9,1,8,0,0,0
57682404,95,47,48,40,21,19,42,21,21,9,4,5,4,1,3,0,0,0
57682405,70,36,34,30,17,13,32,17,15,3,2,1,5,0,5,0,0,0
57683201,289,154,135,121,72,49,132,67,65,21,12,9,15,3,12,0,0,0
57684101,63,30,33,23,12,11,29,15,14,3,2,1,8,1,7,0,0,0
57684102,285,139,146,119,63,56,119,60,59,24,13,11,23,3,20,0,0,0
57685902,256,121,135,104,52,52,108,53,55,29,15,14,15,1,14,0,0,0
57685904,187,101,86,72,44,28,78,38,40,23,15,8,12,2,10,2,2,0
57685905,218,108,110,81,47,34,92,45,47,25,13,12,19,3,16,1,0,1
57685906,152,72,80,61,35,26,63,31,32,14,5,9,14,1,13,0,0,0
57685907,4918,2391,2527,1971,1084,887,1884,945,939,659,291,368,387,61,326,17,10,7
57685908,181,85,96,84,39,45,77,38,39,14,6,8,6,2,4,0,0,0
57687501,80,41,39,41,22,19,28,13,15,6,5,1,5,1,4,0,0,0
57687502,220,113,107,90,51,39,92,47,45,17,6,11,21,9,12,0,0,0
57688301,291,141,150,100,59,41,130,66,64,31,11,20,30,5,25,0,0,0
57688302,22,11,11,9,4,5,11,6,5,2,1,1,0,0,0,0,0,0
57688303,26,12,14,9,4,5,14,7,7,1,1,0,2,0,2,0,0,0
57688305,30,19,11,15,11,4,15,8,7,0,0,0,0,0,0,0,0,0
57688306,286,148,138,121,71,50,128,63,65,20,12,8,17,2,15,0,0,0
57688307,3760,1849,1911,1531,857,674,1359,689,670,551,236,315,300,55,245,19,12,7
57688308,65,33,32,31,16,15,28,14,14,3,2,1,3,1,2,0,0,0
57689101,38,20,18,11,8,3,20,10,10,3,1,2,4,1,3,0,0,0
57689102,87,38,49,30,14,16,37,19,18,8,2,6,9,0,9,1,1,0
57689103,77,36,41,30,11,19,31,16,15,8,5,3,7,3,4,0,0,0
57689104,156,80,76,59,33,26,76,39,37,9,5,4,11,2,9,1,1,0
57689105,305,162,143,120,71,49,142,73,69,25,15,10,18,3,15,0,0,0
57689106,43,21,22,22,10,12,16,8,8,3,2,1,2,1,1,0,0,0
54870701,30,14,16,13,6,7,12,6,6,3,1,2,2,1,1,0,0,0
54870702,124,67,57,56,34,22,49,26,23,9,4,5,10,3,7,0,0,0
57692101,584,300,284,221,122,99,261,132,129,69,37,32,32,8,24,1,1,0
57693001,255,128,127,100,57,43,107,54,53,26,13,13,18,2,16,4,2,2
57694801,31,19,12,19,12,7,8,4,4,4,3,1,0,0,0,0,0,0
57694802,38,25,13,15,10,5,12,8,4,8,5,3,2,1,1,1,1,0
57694804,58,27,31,19,8,11,18,11,7,14,7,7,7,1,6,0,0,0
57694805,29,16,13,12,7,5,13,7,6,3,2,1,1,0,1,0,0,0
57695601,25,13,12,6,3,3,12,6,6,5,3,2,2,1,1,0,0,0
57695602,33,18,15,19,10,9,10,5,5,2,2,0,2,1,1,0,0,0
57695603,451,222,229,192,99,93,197,100,97,42,17,25,20,6,14,0,0,0
57904101,122,69,53,41,27,14,63,32,31,11,7,4,7,3,4,0,0,0
57904102,629,332,297,256,154,102,276,140,136,50,30,20,46,7,39,1,1,0
57905003,772,390,382,323,183,140,309,155,154,93,40,53,45,11,34,2,1,1
57905004,34,17,17,14,8,6,19,9,10,1,0,1,0,0,0,0,0,0
57905005,61,33,28,25,14,11,28,15,13,7,4,3,1,0,1,0,0,0
57906801,61,29,32,20,10,10,28,14,14,11,5,6,2,0,2,0,0,0
57906802,1072,534,538,450,253,197,409,207,202,136,61,75,74,11,63,2,2,0
57906803,51,27,24,18,13,5,26,13,13,3,1,2,4,0,4,0,0,0
57906804,128,72,56,43,30,13,67,33,34,12,7,5,6,2,4,0,0,0
57907601,162,80,82,59,29,30,78,40,38,12,5,7,11,4,7,2,2,0
57909201,342,183,159,141,90,51,122,62,60,50,25,25,28,6,22,1,0,1
54882101,183,103,80,77,54,23,64,33,31,28,13,15,14,3,11,0,0,0
57910601,397,207,190,167,100,67,169,86,83,30,15,15,31,6,25,0,0,0
57911401,334,172,162,129,80,49,151,73,78,25,15,10,29,4,25,0,0,0
57911402,274,131,143,119,59,60,92,46,46,43,23,20,20,3,17,0,0,0
57911403,110,53,57,56,26,30,27,14,13,23,13,10,4,0,4,0,0,0
57912201,949,480,469,379,209,170,424,214,210,90,47,43,55,9,46,1,1,0
55486302,389,207,182,157,91,66,172,86,86,42,25,17,17,5,12,1,0,1
57914901,249,135,114,93,51,42,106,54,52,34,24,10,16,6,10,0,0,0
57915701,538,267,271,213,123,90,217,108,109,54,29,25,53,6,47,1,1,0
57915702,128,67,61,61,35,26,57,28,29,4,3,1,6,1,5,0,0,0
57916501,788,384,404,353,183,170,300,150,150,80,38,42,53,12,41,1,1,0
57917301,188,99,89,91,52,39,72,35,37,16,9,7,9,3,6,0,0,0
57917302,100,50,50,42,25,17,46,23,23,9,2,7,3,0,3,0,0,0
57917303,56,25,31,29,13,16,16,8,8,6,3,3,5,1,4,0,0,0
57917304,25,12,13,12,7,5,6,3,3,6,2,4,1,0,1,0,0,0
57918101,300,154,146,117,67,50,119,59,60,40,21,19,24,7,17,0,0,0
57918102,28,13,15,10,5,5,12,6,6,3,2,1,3,0,3,0,0,0
57918103,37,15,22,20,8,12,12,6,6,1,1,0,4,0,4,0,0,0
57919001,648,306,342,256,128,128,277,140,137,72,34,38,42,4,38,1,0,1
3126810,0,0,0,0,0,0,0,0,0,0,0,0,0,0,0,0,0,0
57920301,165,89,76,58,36,22,67,33,34,25,15,10,14,4,10,1,1,0
57920302,329,160,169,121,65,56,138,69,69,44,19,25,26,7,19,0,0,0
57920303,152,85,67,51,34,17,69,35,34,20,13,7,12,3,9,0,0,0
57920304,225,121,104,82,43,39,97,50,47,37,22,15,8,5,3,1,1,0
57920305,393,200,193,158,90,68,178,88,90,31,16,15,25,6,19,0,0,0
57920306,164,83,81,74,39,35,55,27,28,22,12,10,12,5,7,1,0,1
57920307,47,26,21,20,13,7,21,11,10,3,2,1,3,0,3,0,0,0
57920308,237,121,116,84,45,39,117,60,57,21,15,6,14,1,13,0,0,0
57920309,76,36,40,36,16,20,32,16,16,5,3,2,2,0,2,0,0,0
57920310,508,238,270,242,133,109,137,69,68,88,31,57,40,5,35,1,0,1
57920311,835,422,413,293,167,126,391,199,192,84,43,41,64,10,54,3,3,0
57920312,1798,915,883,852,487,365,544,273,271,301,134,167,93,17,76,8,4,4
57920313,1888,916,972,783,444,339,731,361,370,231,90,141,139,19,120,3,2,1
57920314,129,60,69,60,30,30,46,23,23,18,7,11,5,0,5,0,0,0
57920315,1225,616,609,478,256,222,525,266,259,144,73,71,73,19,54,3,2,1
57920316,2197,1028,1169,854,488,366,718,359,359,346,130,216,269,47,222,9,4,5
57920317,1176,515,661,449,226,223,420,209,211,186,66,120,119,12,107,0,0,0
57920318,294,130,164,125,58,67,89,46,43,62,21,41,16,3,13,1,1,0
57920319,20,12,8,9,5,4,9,5,4,2,2,0,0,0,0,0,0,0
57920320,1198,581,617,486,268,218,495,246,249,129,54,75,87,13,74,1,0,1
57920321,197,99,98,79,43,36,80,40,40,22,14,8,15,2,13,1,0,1
57920322,151,80,71,66,38,28,63,33,30,15,8,7,7,1,6,0,0,0
57920324,1546,720,826,539,293,246,632,311,321,211,86,125,157,26,131,3,2,1
57921101,541,298,243,275,169,106,165,85,80,73,38,35,28,6,22,0,0,0
57921102,20,9,11,9,4,5,4,2,2,5,2,3,2,1,1,0,0,0
57921104,34,17,17,13,6,7,19,10,9,1,1,0,1,0,1,0,0,0
57921105,227,104,123,85,39,46,95,49,46,26,14,12,21,2,19,0,0,0
57921106,27,14,13,10,6,4,12,6,6,4,2,2,1,0,1,0,0,0
57921108,59,25,34,27,9,18,12,6,6,12,8,4,8,2,6,0,0,0
57921109,50,25,25,24,12,12,19,9,10,5,4,1,2,0,2,0,0,0
57921110,60,31,29,24,14,10,27,14,13,5,3,2,4,0,4,0,0,0
57922001,45,21,24,20,9,11,20,10,10,4,2,2,1,0,1,0,0,0
57922002,59,32,27,14,9,5,35,18,17,6,4,2,4,1,3,0,0,0
57922003,830,419,411,317,175,142,392,198,194,66,35,31,51,7,44,3,3,0
57923801,428,230,198,161,99,62,180,90,90,58,32,26,29,9,20,0,0,0
57925401,356,179,177,147,88,59,148,75,73,28,11,17,33,5,28,0,0,0
57926202,34,21,13,12,7,5,13,7,6,7,5,2,0,0,0,0,0,0
57926203,39,20,19,16,8,8,14,7,7,7,5,2,2,0,2,0,0,0
57926206,139,73,66,53,32,21,56,28,28,24,12,12,6,1,5,0,0,0
57926207,597,306,291,258,146,112,214,108,106,78,39,39,47,13,34,0,0,0
57926209,117,75,42,57,48,9,29,15,14,21,11,10,10,1,9,0,0,0
57927101,64,34,30,23,14,9,24,13,11,10,6,4,7,1,6,0,0,0
57927102,126,71,55,47,32,15,51,25,26,18,13,5,9,1,8,1,0,1
57927103,60,25,35,22,9,13,30,15,15,2,1,1,6,0,6,0,0,0
57927104,41,24,17,16,11,5,19,10,9,3,2,1,3,1,2,0,0,0
57929701,4128,2024,2104,1770,997,773,1424,711,713,583,248,335,338,62,276,13,6,7
57930102,168,86,82,69,41,28,64,32,32,23,10,13,12,3,9,0,0,0
57930103,39,20,19,18,11,7,10,5,5,7,4,3,4,0,4,0,0,0
57931901,663,340,323,266,152,114,267,133,134,82,43,39,47,11,36,1,1,0
57931902,227,117,110,95,48,47,86,46,40,28,17,11,17,5,12,1,1,0
57931903,71,36,35,30,16,14,31,16,15,5,3,2,5,1,4,0,0,0
57932701,30,18,12,10,7,3,12,6,6,6,5,1,2,0,2,0,0,0
57932702,51,29,22,21,15,6,19,10,9,7,3,4,4,1,3,0,0,0
57932703,467,234,233,203,112,91,168,86,82,60,31,29,35,5,30,1,0,1
57933501,479,257,222,213,129,84,173,86,87,60,33,27,31,7,24,2,2,0
57933502,159,78,81,61,31,30,66,32,34,20,11,9,12,4,8,0,0,0
57935103,34,16,18,9,5,4,19,9,10,2,1,1,4,1,3,0,0,0
57935104,60,33,27,25,16,9,28,14,14,5,3,2,2,0,2,0,0,0
57935105,118,58,60,40,24,16,40,21,19,30,13,17,7,0,7,1,0,1
57935106,444,220,224,184,99,85,163,82,81,75,34,41,21,4,17,1,1,0
57937801,24,14,10,10,6,4,4,2,2,6,5,1,4,1,3,0,0,0
57937802,39,22,17,17,11,6,14,7,7,6,4,2,2,0,2,0,0,0
57937803,251,122,129,109,60,49,79,41,38,44,18,26,18,3,15,1,0,1
57937804,45,30,15,17,12,5,20,14,6,7,3,4,0,0,0,1,1,0
57937805,126,67,59,59,37,22,34,17,17,21,11,10,12,2,10,0,0,0
57937807,50,24,26,15,6,9,28,14,14,7,4,3,0,0,0,0,0,0
57938601,220,107,113,90,52,38,83,40,43,25,13,12,22,2,20,0,0,0
57939401,263,136,127,107,63,44,125,62,63,14,7,7,17,4,13,0,0,0
57939402,43,25,18,17,11,6,22,12,10,1,0,1,2,2,0,1,0,1
57939403,194,103,91,76,47,29,79,40,39,26,14,12,12,1,11,1,1,0
57940801,40,19,21,10,4,6,17,9,8,8,4,4,5,2,3,0,0,0
57940803,170,88,82,66,39,27,71,35,36,21,12,9,12,2,10,0,0,0
57940804,53,30,23,22,13,9,23,13,10,5,3,2,3,1,2,0,0,0
53080801,160,82,78,52,28,24,66,34,32,27,16,11,15,4,11,0,0,0
57941602,70,32,38,28,11,17,30,15,15,8,5,3,4,1,3,0,0,0
57941603,187,97,90,72,44,28,73,38,35,33,13,20,8,1,7,1,1,0
57942401,540,274,266,227,123,104,212,110,102,67,36,31,33,4,29,1,1,0
54880401,362,157,205,142,69,73,115,58,57,56,24,32,47,5,42,2,1,1
57943201,451,225,226,211,118,93,170,84,86,43,20,23,27,3,24,0,0,0
57943202,1290,671,619,562,327,235,487,243,244,167,84,83,70,15,55,4,2,2
57944101,82,40,42,32,18,14,35,18,17,9,2,7,4,0,4,2,2,0
57944102,46,23,23,19,9,10,14,8,6,7,4,3,5,1,4,1,1,0
57944103,37,19,18,8,5,3,20,10,10,3,2,1,6,2,4,0,0,0
57944104,38,16,22,13,5,8,14,7,7,8,4,4,3,0,3,0,0,0
57947501,310,160,150,122,75,47,143,70,73,23,12,11,22,3,19,0,0,0
57947502,50,24,26,25,11,14,18,9,9,4,3,1,3,1,2,0,0,0
57948301,139,73,66,48,28,20,70,35,35,10,6,4,10,3,7,0,0,0
57948302,20,12,8,9,6,3,8,4,4,2,2,0,1,0,1,0,0,0
54647001,113,61,52,41,23,18,49,24,25,17,10,7,6,4,2,0,0,0
54647002,64,35,29,30,21,9,25,12,13,5,1,4,4,1,3,0,0,0
57950501,80,44,36,35,19,16,29,15,14,13,9,4,1,0,1,2,1,1
57950502,77,45,32,32,20,12,29,15,14,15,10,5,1,0,1,0,0,0
57951301,1197,596,601,470,271,199,472,238,234,170,73,97,82,13,69,3,1,2
57951302,307,274,33,208,195,13,35,22,13,38,34,4,4,1,3,22,22,0
57951303,73,36,37,24,11,13,36,18,18,3,2,1,8,3,5,0,0,0
57951304,99,52,47,36,20,16,37,19,18,13,9,4,12,4,8,1,0,1
57953001,171,86,85,67,33,34,72,37,35,19,12,7,11,2,9,2,2,0
57954801,181,99,82,75,44,31,83,42,41,15,9,6,7,3,4,1,1,0
57954802,289,141,148,143,73,70,98,47,51,31,19,12,17,2,15,0,0,0
57954803,1758,897,861,750,441,309,653,328,325,214,99,115,138,27,111,3,2,1
57955601,26,15,11,6,5,1,16,8,8,1,1,0,3,1,2,0,0,0
57955602,54,32,22,26,17,9,19,10,9,7,5,2,2,0,2,0,0,0
57955603,647,327,320,224,130,94,261,130,131,100,56,44,58,9,49,4,2,2
57955604,138,74,64,55,33,22,54,28,26,19,10,9,10,3,7,0,0,0
57955606,151,79,72,56,32,24,75,38,37,12,8,4,8,1,7,0,0,0
57955607,60,31,29,21,12,9,24,12,12,12,6,6,3,1,2,0,0,0
57955608,82,39,43,26,14,12,45,23,22,4,1,3,7,1,6,0,0,0
57956401,417,215,202,170,94,76,185,93,92,39,20,19,21,7,14,2,1,1
57956402,121,59,62,57,30,27,50,24,26,11,5,6,3,0,3,0,0,0
57956403,81,39,42,34,17,17,38,19,19,4,3,1,5,0,5,0,0,0
57956404,168,82,86,63,33,30,76,39,37,16,7,9,13,3,10,0,0,0
57958102,366,201,165,172,101,71,123,64,59,52,30,22,18,6,12,1,0,1
57958103,109,52,57,46,24,22,40,21,19,15,6,9,7,1,6,1,0,1
57958104,185,98,87,78,39,39,69,37,32,25,18,7,11,3,8,2,1,1
57959901,708,342,366,305,171,134,219,110,109,103,49,54,80,11,69,1,1,0
57959902,200,95,105,70,36,34,92,44,48,18,9,9,19,5,14,1,1,0
57959903,194,95,99,76,41,35,90,46,44,20,7,13,7,1,6,1,0,1
57959904,80,41,39,33,19,14,33,16,17,11,5,6,3,1,2,0,0,0
57960201,587,302,285,273,147,126,208,105,103,70,40,30,35,9,26,1,1,0
57962901,882,423,459,368,199,169,273,136,137,163,77,86,77,10,67,1,1,0
57962902,34,19,15,13,8,5,18,9,9,3,2,1,0,0,0,0,0,0
57963701,2876,1417,1459,1073,609,464,1202,606,596,318,155,163,274,45,229,9,2,7
57964501,126,72,54,55,38,17,52,26,26,12,7,5,7,1,6,0,0,0
57964502,288,142,146,120,73,47,96,48,48,43,16,27,29,5,24,0,0,0
57964504,89,45,44,44,25,19,29,14,15,10,5,5,6,1,5,0,0,0
57964505,486,253,233,205,120,85,193,102,91,50,25,25,37,5,32,1,1,0
57964506,256,131,125,103,64,39,106,51,55,27,11,16,20,5,15,0,0,0
57964507,48,24,24,18,11,7,21,12,9,4,1,3,5,0,5,0,0,0
57964508,83,38,45,37,19,18,25,12,13,15,6,9,5,0,5,1,1,0
57964509,635,332,303,285,164,121,219,108,111,91,51,40,40,9,31,0,0,0
54881201,57,26,31,25,12,13,15,8,7,7,5,2,10,1,9,0,0,0
57966101,125,59,66,49,24,25,52,26,26,16,9,7,8,0,8,0,0,0
57966102,52,28,24,20,12,8,27,14,13,3,1,2,2,1,1,0,0,0
57966103,110,53,57,36,20,16,54,27,27,13,5,8,5,0,5,2,1,1
57966104,292,157,135,127,72,55,120,62,58,30,18,12,15,5,10,0,0,0
57966105,33,15,18,16,6,10,10,5,5,3,2,1,4,2,2,0,0,0
57969602,178,91,87,78,43,35,76,37,39,13,10,3,11,1,10,0,0,0
57972601,361,182,179,147,80,67,160,81,79,27,12,15,26,8,18,1,1,0
57973401,159,81,78,54,25,29,85,44,41,11,9,2,8,2,6,1,1,0
57973402,1072,505,567,391,216,175,398,201,197,140,62,78,139,22,117,2,2,0
57973403,706,343,363,284,155,129,271,138,133,103,39,64,47,11,36,1,0,1
57974202,599,274,325,285,145,140,184,88,96,91,36,55,39,5,34,0,0,0
57974204,76,41,35,34,18,16,31,17,14,6,4,2,4,1,3,1,1,0
57974205,41,23,18,20,10,10,17,11,6,3,2,1,1,0,1,0,0,0
57974209,61,38,23,28,20,8,21,10,11,9,7,2,3,1,2,0,0,0
57974212,254,138,116,122,69,53,77,40,37,39,23,16,15,6,9,1,0,1
57974213,28,15,13,16,9,7,12,6,6,0,0,0,0,0,0,0,0,0
57975101,91,46,45,43,25,18,29,14,15,13,7,6,5,0,5,1,0,1
1690990,0,0,0,0,0,0,0,0,0,0,0,0,0,0,0,0,0,0
1691290,0,0,0,0,0,0,0,0,0,0,0,0,0,0,0,0,0,0
1691700,0,0,0,0,0,0,0,0,0,0,0,0,0,0,0,0,0,0
3126900,0,0,0,0,0,0,0,0,0,0,0,0,0,0,0,0,0,0
3200300,0,0,0,0,0,0,0,0,0,0,0,0,0,0,0,0,0,0
57902501,124,67,57,52,32,20,51,26,25,16,9,7,4,0,4,1,0,1
57902502,74,32,42,36,18,18,19,9,10,11,5,6,8,0,8,0,0,0
57902503,122,67,55,41,27,14,59,31,28,13,8,5,9,1,8,0,0,0
57902504,120,62,58,40,24,16,55,29,26,13,7,6,12,2,10,0,0,0
57902505,35,18,17,14,8,6,17,9,8,2,1,1,2,0,2,0,0,0
57902506,76,38,38,43,20,23,19,10,9,12,8,4,2,0,2,0,0,0
57902508,227,115,112,111,58,53,72,36,36,28,19,9,14,2,12,0,0,0
57902510,22,11,11,5,2,3,10,5,5,3,2,1,4,2,2,0,0,0
57902511,31,16,15,16,8,8,12,6,6,2,2,0,1,0,1,0,0,0
57902512,311,166,145,120,70,50,128,65,63,47,25,22,16,6,10,0,0,0
57902513,64,27,37,24,10,14,26,13,13,8,3,5,5,1,4,1,0,1
57902514,98,51,47,41,23,18,32,16,16,14,9,5,11,3,8,0,0,0
57902515,84,47,37,40,26,14,26,13,13,13,7,6,5,1,4,0,0,0
57902516,64,33,31,29,15,14,27,14,13,6,3,3,1,0,1,1,1,0
57902517,337,156,181,147,72,75,121,60,61,53,24,29,15,0,15,1,0,1
57902518,2277,1023,1254,930,478,452,757,378,379,343,118,225,237,44,193,8,4,4
57902519,31,16,15,10,5,5,16,8,8,5,3,2,0,0,0,0,0,0
57902520,1227,584,643,562,296,266,415,207,208,168,66,102,78,14,64,2,1,1
57902522,1252,586,666,539,294,245,379,187,192,223,90,133,105,9,96,6,6,0
57902523,1443,687,756,614,348,266,471,227,244,219,93,126,135,17,118,4,2,2
57902524,926,451,475,333,181,152,430,215,215,103,44,59,58,10,48,2,1,1
57902526,920,417,503,344,172,172,355,178,177,117,45,72,101,20,81,3,2,1
57902528,246,122,124,112,62,50,78,39,39,45,19,26,9,1,8,1,1,0
57902529,1128,517,611,426,224,202,433,213,220,172,61,111,96,18,78,1,1,0
57902530,1240,587,653,548,298,250,383,193,190,210,81,129,96,14,82,3,1,2
57902531,31,14,17,21,9,12,8,4,4,1,1,0,1,0,1,0,0,0
57902532,275,143,132,105,65,40,141,70,71,20,7,13,9,1,8,0,0,0
57902533,26,12,14,14,6,8,9,4,5,3,2,1,0,0,0,0,0,0
57902534,919,439,480,310,175,135,425,211,214,99,38,61,84,15,69,1,0,1
57902535,2945,1399,1546,1141,630,511,1049,521,528,487,199,288,253,39,214,13,8,5
57902536,546,281,265,222,121,101,234,119,115,61,34,27,25,6,19,2,1,1
57902537,154,78,76,79,41,38,70,35,35,4,2,2,1,0,1,0,0,0
57902538,412,218,194,249,138,111,113,61,52,41,17,24,9,2,7,0,0,0
57902539,245,116,129,97,50,47,110,56,54,24,9,15,13,1,12,1,0,1
57902540,1549,753,796,661,378,283,506,255,251,305,102,203,72,15,57,5,3,2
57902541,3904,1856,2048,1569,859,710,1430,710,720,665,239,426,229,41,188,11,7,4
57902542,160,82,78,62,35,27,68,33,35,24,12,12,5,1,4,1,1,0
57902544,1454,702,752,693,362,331,473,231,242,210,94,116,76,14,62,2,1,1
57902545,240,114,126,96,49,47,101,49,52,30,14,16,12,1,11,1,1,0
57902546,153,82,71,63,37,26,61,30,31,21,14,7,8,1,7,0,0,0
57902547,1279,612,667,597,323,274,399,196,203,206,84,122,76,9,67,1,0,1
57902548,146,71,75,73,38,35,35,16,19,26,15,11,12,2,10,0,0,0
57902549,128,64,64,64,38,26,33,17,16,21,7,14,9,2,7,1,0,1
57902551,288,141,147,125,69,56,119,58,61,29,13,16,15,1,14,0,0,0
57902552,131,67,64,58,29,29,56,29,27,13,8,5,4,1,3,0,0,0
57902553,350,177,173,140,83,57,150,76,74,41,14,27,19,4,15,0,0,0
57902554,53,26,27,21,13,8,17,8,9,12,4,8,3,1,2,0,0,0
57902555,1187,719,468,670,431,239,199,105,94,286,178,108,30,3,27,2,2,0
57976902,36,20,16,8,7,1,18,9,9,4,3,1,6,1,5,0,0,0
57976903,46,26,20,20,13,7,16,8,8,7,4,3,3,1,2,0,0,0
57976904,49,28,21,29,18,11,15,8,7,4,2,2,1,0,1,0,0,0
57976905,22,11,11,3,1,2,19,10,9,0,0,0,0,0,0,0,0,0
57976906,289,145,144,118,64,54,126,63,63,29,16,13,16,2,14,0,0,0
57977701,346,172,174,126,67,59,159,81,78,33,17,16,27,7,20,1,0,1
57977702,4992,2359,2633,2085,1121,964,1728,868,860,698,301,397,463,64,399,16,5,11
57978501,128,65,63,47,26,21,60,28,32,15,8,7,6,3,3,0,0,0
57978503,214,111,103,78,43,35,93,46,47,27,15,12,14,5,9,0,0,0
57978504,877,446,431,344,192,152,378,192,186,79,43,36,73,17,56,3,2,1
57979301,82,42,40,35,17,18,37,18,19,7,5,2,3,2,1,0,0,0
57979302,144,77,67,64,37,27,47,23,24,22,13,9,10,3,7,1,1,0
57979303,28,15,13,8,5,3,12,6,6,4,3,1,4,1,3,0,0,0
57459701,21,11,10,10,7,3,7,3,4,3,1,2,1,0,1,0,0,0
57459702,163,85,78,65,37,28,70,36,34,14,6,8,14,6,8,0,0,0
57981501,37,18,19,10,4,6,22,11,11,5,3,2,0,0,0,0,0,0
57981502,445,223,222,202,104,98,180,91,89,42,22,20,20,5,15,1,1,0
57981503,84,44,40,31,19,12,33,17,16,12,5,7,8,3,5,0,0,0
57981504,580,303,277,289,170,119,175,89,86,81,39,42,32,3,29,3,2,1
57981506,247,126,121,116,65,51,95,48,47,19,7,12,17,6,11,0,0,0
57981508,40,20,20,15,6,9,16,8,8,6,5,1,3,1,2,0,0,0
57981509,24,12,12,9,5,4,8,4,4,4,2,2,3,1,2,0,0,0
57982302,542,275,267,244,131,113,200,100,100,61,35,26,37,9,28,0,0,0
57983101,144,70,74,58,33,25,59,29,30,14,6,8,13,2,11,0,0,0
57983102,214,112,102,86,56,30,85,41,44,30,12,18,13,3,10,0,0,0
3038790,0,0,0,0,0,0,0,0,0,0,0,0,0,0,0,0,0,0
3127620,0,0,0,0,0,0,0,0,0,0,0,0,0,0,0,0,0,0
57985802,246,126,120,107,59,48,114,58,56,14,6,8,11,3,8,0,0,0
57985803,1438,704,734,574,305,269,598,298,300,171,83,88,93,18,75,2,0,2
57985804,893,446,447,377,206,171,335,168,167,113,58,55,63,12,51,4,2,2
57985806,196,105,91,88,47,41,67,36,31,25,15,10,15,6,9,1,1,0
57985808,147,69,78,49,22,27,71,35,36,12,7,5,14,4,10,1,1,0
57985809,610,287,323,262,145,117,202,101,101,79,32,47,66,9,57,1,0,1
57985810,2088,962,1126,771,422,349,747,371,376,305,123,182,261,44,217,3,1,2
57985811,734,342,392,287,146,141,291,146,145,97,40,57,59,10,49,0,0,0
57985813,2216,1129,1087,984,557,427,761,379,382,325,160,165,136,26,110,8,5,3
57985814,2146,1002,1144,912,471,441,782,392,390,323,119,204,128,19,109,0,0,0
57985815,99,50,49,57,32,25,21,10,11,15,7,8,6,1,5,0,0,0
57985816,26,14,12,12,5,7,10,5,5,4,4,0,0,0,0,0,0,0
57985817,1089,508,581,460,237,223,377,186,191,145,60,85,106,24,82,1,1,0
54883901,55,27,28,21,11,10,24,12,12,6,3,3,4,1,3,0,0,0
54883902,27,14,13,11,7,4,14,7,7,0,0,0,2,0,2,0,0,0
54883903,55,24,31,20,9,11,30,14,16,2,0,2,3,1,2,0,0,0
54884701,134,64,70,57,26,31,59,30,29,9,6,3,9,2,7,0,0,0
57986601,213,110,103,86,47,39,101,52,49,18,10,8,8,1,7,0,0,0
1942550,0,0,0,0,0,0,0,0,0,0,0,0,0,0,0,0,0,0
57987401,228,119,109,91,53,38,96,50,46,25,13,12,16,3,13,0,0,0
57987403,21,12,9,12,8,4,6,3,3,3,1,2,0,0,0,0,0,0
57987407,2644,1288,1356,1052,576,476,906,456,450,414,203,211,265,51,214,7,2,5
57118101,89,46,43,31,20,11,39,19,20,13,5,8,6,2,4,0,0,0
57118102,171,92,79,65,39,26,72,37,35,20,12,8,14,4,10,0,0,0
57118103,74,36,38,24,13,11,32,15,17,9,5,4,9,3,6,0,0,0
57118104,35,16,19,13,7,6,15,7,8,3,2,1,4,0,4,0,0,0
57118105,38,21,17,8,5,3,24,12,12,3,3,0,3,1,2,0,0,0
57118106,47,25,22,15,10,5,20,10,10,9,5,4,3,0,3,0,0,0
57118108,80,42,38,37,23,14,30,15,15,7,4,3,6,0,6,0,0,0
57394901,79,40,39,45,22,23,21,12,9,10,4,6,3,2,1,0,0,0
50500501,25,10,15,11,3,8,12,6,6,1,1,0,1,0,1,0,0,0
50500502,414,214,200,168,97,71,188,94,94,29,17,12,27,6,21,2,0,2
57120201,247,123,124,87,56,31,118,59,59,11,3,8,31,5,26,0,0,0
57120202,104,59,45,44,31,13,54,27,27,1,1,0,5,0,5,0,0,0
57120203,28,13,15,8,3,5,14,7,7,6,3,3,0,0,0,0,0,0
57120204,76,29,47,33,11,22,28,14,14,7,2,5,8,2,6,0,0,0
57120205,91,50,41,35,23,12,41,21,20,8,3,5,6,2,4,1,1,0
57120206,25,15,10,10,8,2,12,6,6,1,1,0,2,0,2,0,0,0
57120207,20,11,9,10,6,4,8,4,4,1,1,0,1,0,1,0,0,0
57120208,28,14,14,15,8,7,12,6,6,0,0,0,1,0,1,0,0,0
54786701,140,76,64,57,36,21,54,27,27,15,8,7,13,4,9,1,1,0
57122901,145,77,68,65,38,27,59,29,30,13,8,5,8,2,6,0,0,0
57122902,51,27,24,16,10,6,25,12,13,6,4,2,4,1,3,0,0,0
57123701,185,94,91,86,48,38,73,36,37,15,8,7,11,2,9,0,0,0
57123702,34,15,19,11,5,6,14,7,7,6,3,3,3,0,3,0,0,0
57124501,444,228,216,185,103,82,200,101,99,35,18,17,23,5,18,1,1,0
57125301,46,23,23,21,13,8,15,8,7,6,1,5,4,1,3,0,0,0
57125302,27,11,16,14,5,9,8,4,4,4,1,3,1,1,0,0,0,0
57125303,38,20,18,11,8,3,17,9,8,4,3,1,6,0,6,0,0,0
57125304,43,23,20,9,7,2,27,14,13,4,2,2,3,0,3,0,0,0
57125305,27,13,14,13,8,5,9,5,4,2,0,2,3,0,3,0,0,0
57125306,65,32,33,24,14,10,28,15,13,6,2,4,7,1,6,0,0,0
57127001,377,188,189,181,103,78,136,69,67,33,13,20,26,3,23,1,0,1
57129602,21,10,11,7,4,3,12,6,6,0,0,0,2,0,2,0,0,0
57129603,47,25,22,21,10,11,19,10,9,4,2,2,3,3,0,0,0,0
57129604,45,25,20,18,11,7,19,10,9,5,3,2,3,1,2,0,0,0
57130001,132,73,59,46,30,16,69,38,31,6,2,4,10,2,8,1,1,0
50503001,225,117,108,103,58,45,96,49,47,13,7,6,13,3,10,0,0,0
50430101,430,214,216,183,94,89,190,96,94,33,17,16,23,7,16,1,0,1
50495501,162,87,75,70,39,31,67,35,32,11,7,4,12,4,8,1,1,0
57137701,221,108,113,97,51,46,88,44,44,18,9,9,18,4,14,0,0,0
57138501,4193,1973,2220,1601,903,698,1574,779,795,606,235,371,402,53,349,8,2,6
57138502,25,12,13,10,4,6,11,6,5,2,1,1,2,1,1,0,0,0
57138503,72,40,32,28,20,8,28,14,14,12,6,6,4,0,4,0,0,0
57138504,258,133,125,100,58,42,131,64,67,14,7,7,13,4,9,0,0,0
57138505,46,20,26,22,10,12,16,8,8,7,2,5,1,0,1,0,0,0
57138506,140,64,76,49,18,31,68,38,30,13,7,6,9,0,9,1,1,0
57138507,35,21,14,14,11,3,20,10,10,0,0,0,1,0,1,0,0,0
3218930,0,0,0,0,0,0,0,0,0,0,0,0,0,0,0,0,0,0
3222880,0,0,0,0,0,0,0,0,0,0,0,0,0,0,0,0,0,0
57139302,569,297,272,225,129,96,271,135,136,46,28,18,25,4,21,2,1,1
57139303,107,57,50,47,30,17,39,19,20,9,5,4,12,3,9,0,0,0
57139304,266,134,132,114,63,51,109,54,55,26,14,12,17,3,14,0,0,0
57139305,261,134,127,110,62,48,104,55,49,23,13,10,23,4,19,1,0,1
57139306,262,143,119,112,70,42,121,62,59,12,4,8,17,7,10,0,0,0
57139308,2045,995,1050,746,425,321,865,433,432,199,92,107,230,42,188,5,3,2
57139309,83,40,43,40,20,20,32,16,16,8,3,5,3,1,2,0,0,0
57139310,929,433,496,446,231,215,285,141,144,139,52,87,56,7,49,3,2,1
57139312,123,54,69,59,26,33,46,24,22,9,3,6,9,1,8,0,0,0
57139313,650,347,303,291,179,112,235,116,119,84,47,37,39,5,34,1,0,1
57139314,78,38,40,27,14,13,34,18,16,12,6,6,5,0,5,0,0,0
57139315,756,386,370,315,183,132,287,143,144,94,44,50,57,15,42,3,1,2
57139316,3142,1446,1696,1218,664,554,1160,574,586,433,153,280,321,51,270,9,4,5
57140701,141,75,66,51,33,18,70,35,35,7,4,3,12,2,10,1,1,0
57140702,36,16,20,8,4,4,20,10,10,4,2,2,4,0,4,0,0,0
54779401,73,37,36,27,14,13,31,16,15,7,5,2,7,1,6,1,1,0
57144001,348,174,174,144,80,64,147,72,75,29,17,12,28,5,23,0,0,0
57144002,463,238,225,213,126,87,184,92,92,32,17,15,33,3,30,1,0,1
57145801,97,50,47,44,24,20,38,19,19,10,6,4,5,1,4,0,0,0
57145802,71,40,31,32,22,10,22,11,11,11,6,5,5,0,5,1,1,0
57146601,69,36,33,31,19,12,26,14,12,8,2,6,4,1,3,0,0,0
57146602,325,160,165,126,71,55,141,71,70,32,15,17,25,3,22,1,0,1
57146603,29,13,16,9,4,5,12,6,6,5,2,3,3,1,2,0,0,0
57147401,107,50,57,31,14,17,57,29,28,10,7,3,9,0,9,0,0,0
57147403,28,13,15,7,3,4,13,7,6,5,2,3,3,1,2,0,0,0
57147404,73,35,38,25,14,11,29,14,15,12,5,7,7,2,5,0,0,0
57147405,40,21,19,13,10,3,20,10,10,0,0,0,6,1,5,0,0,0
57147407,57,36,21,20,16,4,24,14,10,6,3,3,7,3,4,0,0,0
57147408,125,63,62,52,26,26,43,21,22,20,13,7,10,3,7,0,0,0
57148201,26,15,11,11,7,4,11,6,5,2,0,2,2,2,0,0,0,0
57148202,117,64,53,53,30,23,49,26,23,6,4,2,9,4,5,0,0,0
57149101,75,47,28,27,23,4,35,19,16,9,4,5,4,1,3,0,0,0
57149102,29,16,13,11,7,4,14,7,7,3,1,2,1,1,0,0,0,0
57149103,1580,802,778,671,362,309,651,346,305,153,76,77,96,14,82,7,4,3
57149104,21,11,10,9,5,4,11,5,6,1,1,0,0,0,0,0,0,0
57149105,268,133,135,112,61,51,123,62,61,10,4,6,22,5,17,1,1,0
57150401,333,168,165,144,85,59,134,69,65,27,11,16,28,3,25,0,0,0
57153901,241,120,121,95,48,47,114,57,57,17,8,9,15,7,8,0,0,0
57153902,135,64,71,55,30,25,44,21,23,21,11,10,15,2,13,0,0,0
57153903,2325,1132,1193,926,510,416,961,478,483,231,104,127,202,39,163,2,1,1
57153904,319,169,150,140,77,63,132,68,64,31,19,12,15,5,10,1,0,1
57153905,74,40,34,28,19,9,34,17,17,8,4,4,4,0,4,0,0,0
57154701,20,9,11,6,3,3,6,3,3,5,3,2,3,0,3,0,0,0
57154702,78,41,37,29,19,10,24,13,11,13,7,6,12,2,10,0,0,0
57154703,692,343,349,298,160,138,280,137,143,63,36,27,50,10,40,1,0,1
57154704,103,54,49,33,20,13,56,29,27,8,4,4,6,1,5,0,0,0
57154705,43,21,22,14,7,7,16,8,8,3,3,0,10,3,7,0,0,0
57154706,212,107,105,96,54,42,80,40,40,14,8,6,22,5,17,0,0,0
57154707,45,21,24,14,8,6,15,8,7,6,3,3,10,2,8,0,0,0
0543560,0,0,0,0,0,0,0,0,0,0,0,0,0,0,0,0,0,0
0543990,0,0,0,0,0,0,0,0,0,0,0,0,0,0,0,0,0,0
1987730,0,0,0,0,0,0,0,0,0,0,0,0,0,0,0,0,0,0
3298510,0,0,0,0,0,0,0,0,0,0,0,0,0,0,0,0,0,0
57116401,110,57,53,55,33,22,39,20,19,11,4,7,5,0,5,0,0,0
57116402,222,125,97,93,61,32,102,52,50,17,10,7,10,2,8,0,0,0
57116403,601,300,301,244,137,107,270,134,136,42,19,23,45,10,35,0,0,0
57116404,172,89,83,72,38,34,85,43,42,11,7,4,4,1,3,0,0,0
57116405,693,418,275,384,245,139,154,79,75,134,85,49,18,6,12,3,3,0
57116406,1332,628,704,613,324,289,470,231,239,155,58,97,92,15,77,2,0,2
57116408,528,252,276,191,105,86,239,118,121,68,24,44,27,4,23,3,1,2
57116409,51,23,28,17,8,9,25,13,12,4,2,2,5,0,5,0,0,0
57116410,1588,769,819,572,327,245,764,381,383,135,47,88,116,13,103,1,1,0
57116411,586,274,312,192,103,89,280,139,141,54,23,31,60,9,51,0,0,0
57116412,933,477,456,495,270,225,334,167,167,87,40,47,17,0,17,0,0,0
57116413,182,83,99,60,31,29,92,46,46,10,5,5,20,1,19,0,0,0
57116414,81,42,39,41,23,18,22,11,11,16,6,10,0,0,0,0,0,0
57116415,34,15,19,17,7,10,12,6,6,3,2,1,2,0,2,0,0,0
57116416,1235,601,634,461,256,205,504,253,251,187,71,116,77,18,59,6,3,3
57116417,1376,637,739,616,334,282,427,219,208,192,65,127,138,18,120,3,1,2
57116418,3279,1516,1763,1243,682,561,1296,645,651,416,151,265,311,32,279,9,5,4
57116419,93,51,42,44,31,13,31,14,17,10,5,5,8,1,7,0,0,0
57116420,162,69,93,39,24,15,38,23,15,13,6,7,69,13,56,3,3,0
57116421,30,19,11,13,10,3,11,6,5,5,2,3,1,1,0,0,0,0
57116422,281,153,128,139,83,56,110,55,55,21,13,8,11,2,9,0,0,0
57116423,235,125,110,120,68,52,92,45,47,14,9,5,8,3,5,1,0,1
57116424,1094,541,553,462,270,192,376,188,188,154,61,93,97,17,80,5,5,0
57116425,92,69,23,33,27,6,52,37,15,3,1,2,0,0,0,4,4,0
57116426,1575,772,803,736,386,350,508,260,248,249,106,143,74,15,59,6,4,2
57116427,974,452,522,491,254,237,304,150,154,115,36,79,58,8,50,3,2,1
57116428,923,449,474,361,195,166,392,196,196,100,45,55,69,12,57,1,1,0
57116429,757,338,419,235,119,116,317,155,162,93,42,51,109,21,88,3,1,2
57116430,88,45,43,41,21,20,21,11,10,22,13,9,4,0,4,0,0,0
57116431,815,405,410,333,180,153,386,194,192,58,23,35,37,7,30,1,1,0
57116432,214,101,113,108,55,53,73,37,36,24,9,15,9,0,9,0,0,0
57116433,2367,1151,1216,1016,577,439,882,437,445,373,119,254,93,17,76,2,0,2
57116434,170,92,78,93,53,40,36,18,18,32,19,13,9,2,7,0,0,0
54781601,446,218,228,185,96,89,211,106,105,20,8,12,29,8,21,1,0,1
57156301,209,98,111,91,45,46,80,40,40,23,12,11,15,1,14,0,0,0
57156302,50,25,25,18,10,8,28,14,14,2,1,1,2,0,2,0,0,0
57156303,66,29,37,28,10,18,32,16,16,2,1,1,4,2,2,0,0,0
57156304,31,20,11,10,9,1,13,6,7,3,3,0,5,2,3,0,0,0
57156305,66,34,32,28,15,13,25,13,12,7,5,2,6,1,5,0,0,0
57157101,77,42,35,35,21,14,28,14,14,8,6,2,6,1,5,0,0,0
57157102,29,19,10,12,10,2,14,7,7,2,2,0,1,0,1,0,0,0
57157103,662,330,332,277,151,126,301,150,151,40,21,19,44,8,36,0,0,0
57158001,249,124,125,96,56,40,113,58,55,14,7,7,26,3,23,0,0,0
57378701,327,172,155,145,87,58,131,66,65,36,18,18,15,1,14,0,0,0
57378702,71,33,38,37,16,21,23,11,12,9,5,4,2,1,1,0,0,0
57400701,135,69,66,46,26,20,60,31,29,19,12,7,10,0,10,0,0,0
57161001,690,353,337,304,165,139,297,152,145,59,29,30,30,7,23,0,0,0
57162801,312,158,154,131,73,58,132,67,65,30,14,16,18,4,14,1,0,1
57162802,48,20,28,20,7,13,21,10,11,7,3,4,0,0,0,0,0,0
57165202,79,43,36,36,20,16,27,13,14,7,6,1,8,3,5,1,1,0
57165203,74,35,39,26,14,12,33,16,17,8,5,3,7,0,7,0,0,0
57166101,74,36,38,25,11,14,30,16,14,10,5,5,8,3,5,0,0,0
57166102,43,22,21,16,8,8,19,9,10,7,5,2,1,0,1,0,0,0
57166103,953,493,460,410,239,171,404,203,201,66,35,31,71,14,57,2,2,0
57166104,114,60,54,44,23,21,61,31,30,2,1,1,7,5,2,0,0,0
57166105,195,92,103,72,37,35,100,51,49,9,3,6,14,1,13,0,0,0
54782401,30,15,15,13,7,6,14,7,7,1,1,0,2,0,2,0,0,0
54782402,93,48,45,37,24,13,41,21,20,8,3,5,7,0,7,0,0,0
50480701,54,28,26,17,11,6,32,16,16,2,1,1,3,0,3,0,0,0
50480702,242,114,128,117,58,59,79,40,39,31,14,17,15,2,13,0,0,0
57170901,150,75,75,58,27,31,64,33,31,20,14,6,7,0,7,1,1,0
57172501,84,49,35,35,26,9,34,17,17,7,4,3,8,2,6,0,0,0
57173301,114,62,52,56,32,24,45,23,22,8,6,2,5,1,4,0,0,0
57173302,26,14,12,7,3,4,16,8,8,2,2,0,1,1,0,0,0,0
57173304,26,13,13,7,3,4,12,6,6,5,3,2,1,0,1,1,1,0
54783201,146,71,75,63,34,29,60,29,31,13,8,5,10,0,10,0,0,0
54783202,103,48,55,44,20,24,42,21,21,10,6,4,7,1,6,0,0,0
54787501,121,67,54,48,28,20,44,22,22,18,12,6,11,5,6,0,0,0
54787502,124,58,66,43,24,19,58,29,29,12,3,9,9,1,8,2,1,1
57175001,152,79,73,57,34,23,78,38,40,8,5,3,8,1,7,1,1,0
57176801,430,220,210,186,106,80,196,97,99,23,12,11,24,5,19,1,0,1
57176802,234,112,122,84,41,43,117,59,58,14,9,5,19,3,16,0,0,0
57176803,115,55,60,42,19,23,45,23,22,19,11,8,8,1,7,1,1,0
57176805,49,20,29,17,7,10,18,10,8,7,2,5,6,1,5,1,0,1
57176806,40,22,18,16,12,4,16,9,7,2,1,1,5,0,5,1,0,1
57177601,228,113,115,71,38,33,114,60,54,19,13,6,24,2,22,0,0,0
57177602,88,39,49,39,17,22,35,17,18,8,4,4,6,1,5,0,0,0
57177603,41,20,21,14,10,4,17,8,9,2,1,1,8,1,7,0,0,0
57177604,75,38,37,28,17,11,39,20,19,2,0,2,6,1,5,0,0,0
57177605,27,13,14,14,7,7,10,5,5,2,1,1,1,0,1,0,0,0
57177606,1449,732,717,615,340,275,595,306,289,144,65,79,89,19,70,6,2,4
57177607,46,24,22,16,10,6,20,11,9,5,2,3,5,1,4,0,0,0
57177608,299,130,169,102,53,49,122,61,61,21,11,10,53,5,48,1,0,1
57177609,66,32,34,31,15,16,26,13,13,5,4,1,4,0,4,0,0,0
57177610,28,11,17,6,2,4,14,8,6,3,1,2,5,0,5,0,0,0
57177611,51,25,26,23,12,11,22,11,11,3,2,1,3,0,3,0,0,0
57177612,226,115,111,84,51,33,95,48,47,30,10,20,15,4,11,1,1,0
57182202,147,73,74,53,26,27,68,36,32,13,7,6,13,4,9,0,0,0
57182204,70,33,37,28,16,12,28,14,14,5,3,2,9,0,9,0,0,0
57182205,53,27,26,13,7,6,22,12,10,10,5,5,8,3,5,0,0,0
0959233,0,0,0,0,0,0,0,0,0,0,0,0,0,0,0,0,0,0
57183101,43,23,20,20,13,7,15,7,8,8,3,5,0,0,0,0,0,0
57183102,27,16,11,18,12,6,7,3,4,2,1,1,0,0,0,0,0,0
57183103,24,13,11,3,3,0,15,8,7,3,2,1,3,0,3,0,0,0
57183104,71,29,42,36,12,24,28,13,15,4,3,1,3,1,2,0,0,0
57183105,128,63,65,52,28,24,55,27,28,10,6,4,11,2,9,0,0,0
57183106,70,35,35,33,18,15,29,15,14,4,2,2,4,0,4,0,0,0
57183107,35,22,13,18,14,4,8,4,4,9,4,5,0,0,0,0,0,0
57183108,548,284,264,207,126,81,267,134,133,40,15,25,34,9,25,0,0,0
57183109,30,15,15,14,7,7,13,6,7,2,2,0,1,0,1,0,0,0
57183110,131,61,70,51,25,26,68,33,35,6,2,4,6,1,5,0,0,0
57183111,23,11,12,11,5,6,9,5,4,1,1,0,2,0,2,0,0,0
57183112,48,22,26,19,10,9,24,11,13,3,1,2,2,0,2,0,0,0
57183113,38,20,18,16,10,6,13,7,6,1,1,0,8,2,6,0,0,0
57183114,52,28,24,21,15,6,21,10,11,5,2,3,4,0,4,1,1,0
0970552,0,0,0,0,0,0,0,0,0,0,0,0,0,0,0,0,0,0
57185701,80,37,43,41,21,20,25,12,13,5,2,3,9,2,7,0,0,0
57185702,49,22,27,21,10,11,19,9,10,2,1,1,7,2,5,0,0,0
57185703,53,26,27,15,7,8,33,17,16,3,2,1,2,0,2,0,0,0
57185704,29,13,16,11,5,6,12,6,6,2,1,1,3,0,3,1,1,0
57185705,48,23,25,18,8,10,26,13,13,2,1,1,1,0,1,1,1,0
57185706,59,35,24,23,16,7,27,14,13,4,4,0,5,1,4,0,0,0
57185707,35,17,18,10,6,4,20,10,10,1,1,0,4,0,4,0,0,0
57187301,105,57,48,47,30,17,46,23,23,6,2,4,6,2,4,0,0,0
57187302,142,79,63,63,41,22,53,27,26,10,7,3,16,4,12,0,0,0
57187303,338,176,162,154,88,66,146,75,71,20,11,9,17,1,16,1,1,0
57187304,89,44,45,39,25,14,31,15,16,8,4,4,11,0,11,0,0,0
57187305,74,35,39,29,14,15,36,18,18,5,3,2,4,0,4,0,0,0
55484701,287,150,137,116,73,43,124,62,62,22,12,10,25,3,22,0,0,0
55484702,30,15,15,11,7,4,16,8,8,0,0,0,3,0,3,0,0,0
57189001,125,63,62,53,27,26,55,29,26,8,4,4,9,3,6,0,0,0
57190301,128,65,63,46,26,20,65,33,32,10,6,4,7,0,7,0,0,0
57190302,506,259,247,200,107,93,225,113,112,49,28,21,32,11,21,0,0,0
57191101,1202,577,625,501,271,230,494,244,250,105,48,57,101,13,88,1,1,0
57191103,34,17,17,10,7,3,12,6,6,7,3,4,3,1,2,0,0,0
57191104,62,36,26,22,14,8,30,16,14,8,5,3,2,1,1,0,0,0
57191105,161,83,78,70,42,28,68,34,34,17,6,11,6,1,5,0,0,0
57191106,39,19,20,17,10,7,16,8,8,4,1,3,2,0,2,0,0,0
57191107,73,41,32,34,22,12,27,14,13,8,5,3,4,0,4,0,0,0
57191108,55,28,27,17,11,6,32,16,16,3,0,3,3,1,2,0,0,0
57196201,771,400,371,307,176,131,352,180,172,58,34,24,52,8,44,2,2,0
57410401,193,101,92,82,48,34,83,42,41,19,10,9,9,1,8,0,0,0
55495201,276,159,117,108,81,27,131,66,65,16,8,8,20,4,16,1,0,1
57200401,44,25,19,20,13,7,16,8,8,3,3,0,5,1,4,0,0,0
57200402,196,93,103,86,44,42,78,38,40,14,6,8,18,5,13,0,0,0
57203901,40,20,20,18,10,8,8,4,4,8,5,3,6,1,5,0,0,0
57203902,44,21,23,11,6,5,15,8,7,9,6,3,9,1,8,0,0,0
57203903,162,89,73,56,36,20,70,36,34,20,12,8,16,5,11,0,0,0
57206301,251,134,117,110,69,41,101,50,51,18,10,8,22,5,17,0,0,0
3316600,0,0,0,0,0,0,0,0,0,0,0,0,0,0,0,0,0,0
57207101,1367,685,682,616,346,270,489,246,243,184,76,108,71,12,59,7,5,2
57208001,209,107,102,76,42,34,99,50,49,25,14,11,9,1,8,0,0,0
57208002,45,24,21,17,10,7,18,10,8,9,4,5,1,0,1,0,0,0
57208003,88,44,44,30,18,12,44,23,21,4,0,4,10,3,7,0,0,0
57208004,59,27,32,24,11,13,22,11,11,6,3,3,6,1,5,1,1,0
57208005,173,87,86,69,39,30,70,36,34,21,11,10,13,1,12,0,0,0
57208006,1029,511,518,437,253,184,419,209,210,92,44,48,79,5,74,2,0,2
57208007,389,196,193,140,86,54,185,92,93,33,15,18,31,3,28,0,0,0
57209801,91,50,41,38,28,10,38,19,19,6,3,3,9,0,9,0,0,0
57209802,38,21,17,16,10,6,17,9,8,4,2,2,1,0,1,0,0,0
57209803,60,28,32,24,12,12,26,13,13,4,1,3,5,1,4,1,1,0
57209804,595,289,306,257,142,115,239,119,120,44,20,24,51,4,47,4,4,0
57210101,361,189,172,156,90,66,145,74,71,37,18,19,22,7,15,1,0,1
57211001,214,120,94,88,58,30,90,46,44,22,13,9,14,3,11,0,0,0
55688201,61,28,33,31,13,18,22,12,10,6,3,3,2,0,2,0,0,0
55688202,609,300,309,246,132,114,297,149,148,41,14,27,25,5,20,0,0,0
55688203,161,76,85,61,33,28,73,37,36,12,3,9,15,3,12,0,0,0
57215201,76,37,39,32,19,13,31,15,16,7,3,4,5,0,5,1,0,1
57215202,70,37,33,30,18,12,28,14,14,4,3,1,8,2,6,0,0,0
57215203,207,113,94,85,55,30,91,46,45,18,12,6,13,0,13,0,0,0
57216101,69,31,38,26,11,15,22,11,11,12,8,4,9,1,8,0,0,0
57216102,127,62,65,39,22,17,64,33,31,11,7,4,13,0,13,0,0,0
57216103,1435,720,715,553,311,242,627,319,308,130,65,65,111,16,95,13,9,4
57217901,955,476,479,380,210,170,420,212,208,94,42,52,59,10,49,2,2,0
57217902,117,56,61,53,30,23,43,20,23,6,3,3,15,3,12,0,0,0
57217903,117,62,55,47,30,17,52,26,26,13,4,9,5,2,3,0,0,0
57217904,135,68,67,65,39,26,47,23,24,11,5,6,12,1,11,0,0,0
54780801,287,155,132,128,81,47,116,59,57,23,12,11,20,3,17,0,0,0
57221701,481,247,234,206,123,83,194,95,99,40,18,22,41,11,30,0,0,0
57222502,51,27,24,16,10,6,21,11,10,7,4,3,7,2,5,0,0,0
57222503,58,31,27,15,9,6,28,15,13,10,5,5,5,2,3,0,0,0
57222505,44,23,21,15,10,5,17,8,9,8,4,4,4,1,3,0,0,0
57222506,173,92,81,62,40,22,79,39,40,12,8,4,17,4,13,3,1,2
57222508,54,29,25,20,11,9,24,13,11,7,5,2,3,0,3,0,0,0
57222510,590,303,287,217,129,88,257,130,127,60,33,27,52,8,44,4,3,1
57222511,638,316,322,223,132,91,173,89,84,111,68,43,124,24,100,5,1,4
57222512,36,20,16,8,6,2,15,7,8,12,7,5,1,0,1,0,0,0
57222513,125,66,59,50,34,16,53,26,27,12,6,6,10,0,10,0,0,0
57222515,82,39,43,28,16,12,36,18,18,11,5,6,7,0,7,0,0,0
57222516,44,23,21,13,9,4,24,12,12,3,2,1,4,0,4,0,0,0
57224101,62,34,28,22,14,8,29,15,14,7,4,3,4,1,3,0,0,0
57224102,50,25,25,19,12,7,19,10,9,3,2,1,9,1,8,0,0,0
57224103,110,53,57,43,22,21,53,26,27,9,3,6,4,1,3,1,1,0
57224104,41,21,20,18,13,5,14,7,7,5,1,4,4,0,4,0,0,0
57224105,226,113,113,87,45,42,115,58,57,17,7,10,7,3,4,0,0,0
57224107,69,38,31,22,15,7,29,15,14,8,4,4,10,4,6,0,0,0
57224109,3675,1769,1906,1497,819,678,1381,685,696,456,202,254,330,59,271,9,4,5
57224110,152,81,71,71,44,27,66,32,34,11,5,6,4,0,4,0,0,0
57224111,62,31,31,29,14,15,27,14,13,2,2,0,3,0,3,1,1,0
57224113,176,93,83,70,39,31,84,44,40,13,10,3,9,0,9,0,0,0
57224114,107,55,52,41,24,17,55,28,27,5,1,4,6,2,4,0,0,0
57224115,177,91,86,76,43,33,74,38,36,11,7,4,16,3,13,0,0,0
57224116,129,61,68,45,22,23,70,35,35,8,3,5,6,1,5,0,0,0
57226801,99,48,51,39,18,21,48,25,23,7,4,3,5,1,4,0,0,0
57226802,46,23,23,13,5,8,16,8,8,12,8,4,5,2,3,0,0,0
57226803,46,24,22,18,11,7,27,13,14,0,0,0,1,0,1,0,0,0
57226804,3037,1528,1509,1237,717,520,1253,629,624,330,139,191,214,40,174,3,3,0
57226805,490,247,243,202,108,94,224,111,113,41,22,19,22,5,17,1,1,0
57226806,251,125,126,92,52,40,112,56,56,25,12,13,21,5,16,1,0,1
57381701,131,63,68,55,27,28,58,30,28,9,4,5,9,2,7,0,0,0
57227601,54,28,26,29,18,11,12,6,6,6,4,2,7,0,7,0,0,0
57227602,388,198,190,170,90,80,185,93,92,17,10,7,15,4,11,1,1,0
57227603,581,291,290,286,153,133,240,119,121,40,14,26,14,4,10,1,1,0
54789101,364,177,187,140,69,71,184,91,93,19,12,7,21,5,16,0,0,0
57231401,58,29,29,21,11,10,24,12,12,9,5,4,4,1,3,0,0,0
57231402,103,52,51,31,19,12,41,21,20,18,10,8,13,2,11,0,0,0
57232201,36,16,20,14,7,7,13,6,7,3,1,2,6,2,4,0,0,0
57232202,371,188,183,146,82,64,172,85,87,22,13,9,31,8,23,0,0,0
57232203,44,27,17,15,12,3,25,13,12,2,2,0,2,0,2,0,0,0
57233101,48,22,26,18,10,8,25,12,13,3,0,3,2,0,2,0,0,0
57233102,373,199,174,146,90,56,171,85,86,30,18,12,26,6,20,0,0,0
57234902,883,442,441,365,201,164,365,182,183,75,43,32,77,15,62,1,1,0
57238101,125,69,56,63,37,26,40,21,19,17,11,6,5,0,5,0,0,0
57238102,77,36,41,27,14,13,35,18,17,3,3,0,12,1,11,0,0,0
57238104,67,30,37,28,14,14,21,10,11,14,5,9,4,1,3,0,0,0
57238105,47,27,20,22,15,7,21,11,10,1,0,1,3,1,2,0,0,0
1680762,0,0,0,0,0,0,0,0,0,0,0,0,0,0,0,0,0,0
57239001,23,9,14,6,3,3,10,5,5,3,1,2,4,0,4,0,0,0
57239002,30,16,14,12,6,6,14,8,6,3,2,1,1,0,1,0,0,0
57239004,94,47,47,43,25,18,33,16,17,9,4,5,8,2,6,0,0,0
57239005,772,387,385,307,170,137,365,179,186,61,33,28,39,5,34,0,0,0
57240301,180,93,87,74,44,30,72,37,35,17,10,7,17,2,15,0,0,0
3388770,0,0,0,0,0,0,0,0,0,0,0,0,0,0,0,0,0,0
57241101,66,31,35,23,11,12,29,15,14,9,5,4,5,0,5,0,0,0
57241103,99,55,44,31,24,7,56,27,29,5,3,2,7,1,6,0,0,0
57241104,30,18,12,8,6,2,16,8,8,5,4,1,1,0,1,0,0,0
57241105,70,34,36,27,16,11,29,14,15,3,3,0,10,1,9,1,0,1
57241107,2506,1245,1261,936,526,410,1070,540,530,298,124,174,181,43,138,21,12,9
57241109,133,71,62,47,31,16,66,35,31,11,2,9,9,3,6,0,0,0
50492101,299,152,147,110,61,49,143,73,70,21,11,10,25,7,18,0,0,0
57242001,614,306,308,266,143,123,261,131,130,45,24,21,41,7,34,1,1,0
53069701,94,52,42,34,23,11,49,25,24,5,4,1,6,0,6,0,0,0
53069702,46,23,23,25,13,12,16,8,8,3,2,1,2,0,2,0,0,0
57244601,460,224,236,185,101,84,197,96,101,40,20,20,37,7,30,1,0,1
57245402,40,19,21,16,6,10,15,7,8,7,5,2,2,1,1,0,0,0
57245403,271,137,134,108,55,53,102,53,49,39,24,15,19,3,16,3,2,1
57246201,59,31,28,20,10,10,29,16,13,7,4,3,3,1,2,0,0,0
57246202,63,31,32,24,16,8,28,13,15,6,2,4,5,0,5,0,0,0
57246203,37,20,17,10,7,3,22,11,11,4,2,2,1,0,1,0,0,0
57246204,280,142,138,111,57,54,117,61,56,29,20,9,23,4,19,0,0,0
57246206,37,18,19,18,12,6,12,6,6,3,0,3,4,0,4,0,0,0
57246207,54,27,27,21,13,8,22,11,11,8,3,5,3,0,3,0,0,0
57247101,287,141,146,117,65,52,122,60,62,26,12,14,22,4,18,0,0,0
57249701,94,51,43,39,25,14,30,15,15,18,10,8,7,1,6,0,0,0
57249702,355,172,183,149,82,67,147,73,74,31,13,18,27,4,23,1,0,1
57250101,364,191,173,135,82,53,168,86,82,31,17,14,29,6,23,1,0,1
57250102,26,11,15,12,4,8,12,7,5,1,0,1,1,0,1,0,0,0
57252701,26,15,11,9,7,2,16,8,8,0,0,0,1,0,1,0,0,0
57252702,196,88,108,66,32,34,84,43,41,18,10,8,27,2,25,1,1,0
57253502,49,23,26,18,10,8,21,10,11,5,3,2,5,0,5,0,0,0
57253503,37,19,18,10,6,4,21,10,11,5,3,2,1,0,1,0,0,0
57253504,268,136,132,104,60,44,122,62,60,23,11,12,19,3,16,0,0,0
57254301,24,13,11,7,4,3,15,8,7,1,1,0,1,0,1,0,0,0
57254302,30,16,14,10,6,4,17,8,9,3,2,1,0,0,0,0,0,0
57254303,95,46,49,33,16,17,39,21,18,9,6,3,14,3,11,0,0,0
57255101,74,39,35,24,16,8,33,17,16,7,5,2,9,1,8,1,0,1
57255102,139,67,72,46,22,24,68,34,34,10,7,3,15,4,11,0,0,0
57255103,347,178,169,140,81,59,159,80,79,25,9,16,21,8,13,0,0,0
57255105,46,22,24,17,8,9,24,12,12,1,0,1,4,2,2,0,0,0
57255106,31,18,13,11,9,2,13,7,6,4,1,3,3,1,2,0,0,0
57255109,35,21,14,15,12,3,8,4,4,6,3,3,6,2,4,0,0,0
54784101,65,33,32,25,11,14,36,18,18,1,1,0,3,3,0,0,0,0
54784102,151,71,80,55,25,30,70,35,35,14,8,6,12,3,9,0,0,0
57257802,1025,531,494,401,231,170,459,231,228,80,46,34,83,22,61,2,1,1
54785901,96,52,44,32,18,14,36,18,18,18,12,6,9,3,6,1,1,0
57387601,265,127,138,101,51,50,131,65,66,21,8,13,12,3,9,0,0,0
57409102,140,68,72,49,22,27,61,32,29,18,11,7,11,3,8,1,0,1
57264101,30,17,13,11,7,4,9,5,4,8,5,3,2,0,2,0,0,0
57264103,234,123,111,84,52,32,115,57,58,18,12,6,15,1,14,2,1,1
57472401,289,143,146,121,62,59,134,69,65,19,10,9,14,1,13,1,1,0
57474101,342,175,167,141,84,57,152,75,77,25,11,14,22,3,19,0,0,0
57478301,286,137,149,109,56,53,124,62,62,37,19,18,16,0,16,0,0,0
57479101,40,22,18,12,9,3,19,9,10,4,3,1,5,1,4,0,0,0
57479102,187,91,96,67,36,31,87,43,44,14,8,6,18,3,15,1,1,0
57480501,1028,525,503,442,252,190,423,211,212,106,50,56,56,11,45,1,1,0
57480502,49,24,25,20,13,7,17,8,9,7,2,5,5,1,4,0,0,0
57481301,240,118,122,84,44,40,124,61,63,17,9,8,14,3,11,1,1,0
57482101,88,40,48,39,16,23,28,14,14,15,9,6,6,1,5,0,0,0
57483001,252,119,133,105,53,52,114,58,56,15,8,7,18,0,18,0,0,0
57483002,130,63,67,59,25,34,62,32,30,2,2,0,7,4,3,0,0,0
57484801,261,133,128,114,60,54,112,58,54,27,14,13,8,1,7,0,0,0
57484802,124,61,63,57,30,27,55,27,28,5,0,5,7,4,3,0,0,0
57484803,838,433,405,365,208,157,372,186,186,62,29,33,39,10,29,0,0,0
57484804,94,44,50,32,16,16,50,25,25,6,2,4,6,1,5,0,0,0
57484805,212,105,107,104,50,54,93,47,46,13,7,6,2,1,1,0,0,0
57484806,157,81,76,59,36,23,71,35,36,17,9,8,10,1,9,0,0,0
57279901,221,110,111,113,64,49,81,40,41,12,5,7,14,0,14,1,1,0
0195770,0,0,0,0,0,0,0,0,0,0,0,0,0,0,0,0,0,0
57485602,67,38,29,27,17,10,27,15,12,7,5,2,5,0,5,1,1,0
57485603,1118,556,562,428,223,205,523,261,262,101,55,46,62,15,47,2,2,0
57486401,448,234,214,196,115,81,187,93,94,39,21,18,24,4,20,2,1,1
57289601,688,342,346,310,167,143,287,144,143,68,27,41,22,4,18,0,0,0
57489901,1698,885,813,731,423,308,641,336,305,214,101,113,104,18,86,8,7,1
57489902,95,53,42,42,25,17,39,20,19,8,7,1,6,1,5,0,0,0
57489903,25,14,11,10,8,2,11,6,5,2,0,2,1,0,1,1,0,1
57489904,178,94,84,77,45,32,81,42,39,8,4,4,12,3,9,0,0,0
57489905,173,91,82,91,49,42,73,39,34,8,3,5,1,0,1,0,0,0
57489906,42,24,18,18,11,7,15,9,6,6,4,2,3,0,3,0,0,0
57490201,395,205,190,178,108,70,163,81,82,33,14,19,19,1,18,2,1,1
57491101,879,423,456,340,179,161,376,188,188,113,51,62,50,5,45,0,0,0
57491102,610,307,303,273,155,118,250,126,124,50,19,31,37,7,30,0,0,0
57491103,214,108,106,90,47,43,96,49,47,20,12,8,8,0,8,0,0,0
57491104,290,150,140,129,72,57,110,55,55,35,20,15,16,3,13,0,0,0
57492901,982,475,507,410,223,187,450,222,228,71,25,46,50,5,45,1,0,1
57495301,588,291,297,263,135,128,253,127,126,40,23,17,31,5,26,1,1,0
57297701,318,151,167,125,58,67,152,75,77,21,12,9,20,6,14,0,0,0
57496101,265,131,134,102,53,49,103,52,51,32,19,13,27,7,20,1,0,1
3124360,0,0,0,0,0,0,0,0,0,0,0,0,0,0,0,0,0,0
57498802,1193,594,599,479,258,221,494,248,246,126,65,61,86,17,69,7,6,1
57498803,128,62,66,45,24,21,61,30,31,10,4,6,12,4,8,0,0,0
57498804,253,121,132,99,54,45,112,56,56,22,8,14,20,3,17,0,0,0
57498805,95,53,42,38,24,14,42,21,21,12,7,5,3,1,2,0,0,0
57498806,487,239,248,170,96,74,237,119,118,36,19,17,43,5,38,1,0,1
57498807,180,91,89,81,49,32,69,35,34,15,5,10,15,2,13,0,0,0
57498808,1793,876,917,728,424,304,689,345,344,206,89,117,166,18,148,0,0,0
57498809,2306,1093,1213,968,534,434,791,392,399,269,101,168,262,55,207,16,11,5
57498810,31,17,14,14,9,5,9,5,4,7,3,4,1,0,1,0,0,0
57498811,36,17,19,9,5,4,24,12,12,1,0,1,2,0,2,0,0,0
57498812,188,102,86,68,43,25,101,51,50,8,5,3,11,3,8,0,0,0
57498813,55,31,24,24,15,9,20,10,10,3,2,1,5,2,3,3,2,1
57301901,62,31,31,20,10,10,31,17,14,8,3,5,3,1,2,0,0,0
57499601,139,75,64,65,40,25,54,28,26,15,6,9,5,1,4,0,0,0
57499602,1898,941,957,749,421,328,793,397,396,207,97,110,143,24,119,4,2,2
57501101,1023,522,501,415,243,172,478,241,237,78,31,47,52,7,45,0,0,0
3313500,0,0,0,0,0,0,0,0,0,0,0,0,0,0,0,0,0,0
57504601,230,105,125,96,43,53,95,47,48,23,12,11,16,3,13,0,0,0
57505402,1116,540,576,457,249,208,456,228,228,132,50,82,68,12,56,3,1,2
57505404,58,32,26,18,11,7,22,12,10,14,8,6,4,1,3,0,0,0
57506201,359,186,173,150,88,62,163,81,82,29,15,14,17,2,15,0,0,0
57276401,108,50,58,43,20,23,47,24,23,13,5,8,5,1,4,0,0,0
3308410,0,0,0,0,0,0,0,0,0,0,0,0,0,0,0,0,0,0
57507101,118,57,61,58,30,28,44,22,22,10,4,6,6,1,5,0,0,0
57507102,2666,1306,1360,1092,601,491,987,495,492,380,174,206,198,29,169,7,5,2
57507103,22,10,12,10,5,5,10,5,5,2,0,2,0,0,0,0,0,0
57508901,727,376,351,291,166,125,326,172,154,64,30,34,45,7,38,1,1,0
57509701,207,104,103,90,52,38,90,45,45,14,5,9,13,2,11,0,0,0
57510101,150,75,75,62,37,25,56,28,28,18,9,9,14,1,13,0,0,0
57510102,94,49,45,34,21,13,43,21,22,10,6,4,7,1,6,0,0,0
57510103,79,40,39,25,14,11,35,17,18,17,9,8,2,0,2,0,0,0
57511901,219,103,116,94,46,48,87,43,44,24,10,14,13,3,10,1,1,0
57512701,136,72,64,62,39,23,51,25,26,13,6,7,10,2,8,0,0,0
57512702,27,14,13,5,3,2,16,8,8,4,3,1,2,0,2,0,0,0
57513501,237,125,112,97,56,41,113,57,56,13,8,5,13,3,10,1,1,0
57514301,388,201,187,171,97,74,155,78,77,34,18,16,26,7,19,2,1,1
57515101,125,58,67,44,21,23,62,31,31,8,3,5,11,3,8,0,0,0
57515102,72,40,32,35,21,14,32,17,15,3,1,2,2,1,1,0,0,0
57517801,117,61,56,39,24,15,51,25,26,14,8,6,13,4,9,0,0,0
57517802,337,162,175,133,66,67,134,68,66,43,25,18,26,3,23,1,0,1
57517803,108,58,50,41,24,17,45,23,22,13,8,5,8,3,5,1,0,1
57517804,59,24,35,18,8,10,28,14,14,7,2,5,6,0,6,0,0,0
57519401,430,226,204,165,98,67,194,99,95,44,23,21,26,6,20,1,0,1
57523201,547,283,264,239,133,106,232,115,117,42,24,18,34,11,23,0,0,0
57286101,226,124,102,83,49,34,98,51,47,27,19,8,18,5,13,0,0,0
57351501,345,190,155,138,81,57,152,81,71,38,25,13,16,2,14,1,1,0
57525901,237,112,125,97,47,50,101,50,51,27,12,15,10,3,7,0,0,0
57284501,136,73,63,52,30,22,60,31,29,14,9,5,9,2,7,1,1,0
57476701,3407,1695,1712,1348,733,615,1412,709,703,438,200,238,203,47,156,4,4,0
57530501,647,333,314,278,159,119,280,144,136,53,19,34,36,11,25,0,0,0
57531301,344,172,172,129,77,52,146,72,74,39,21,18,30,2,28,0,0,0
57531302,73,41,32,26,19,7,32,15,17,8,2,6,4,2,2,1,1,0
57533002,58,32,26,18,12,6,26,13,13,10,4,6,4,3,1,0,0,0
57533003,103,55,48,35,18,17,47,23,24,13,10,3,8,4,4,0,0,0
57280201,124,60,64,52,27,25,53,27,26,4,3,1,12,2,10,3,1,2
57537201,260,137,123,116,68,48,113,58,55,19,9,10,12,2,10,0,0,0
57537202,42,21,21,12,7,5,22,10,12,6,3,3,2,1,1,0,0,0
57537203,1008,493,515,419,219,200,451,226,225,83,37,46,52,11,41,1,0,1
57537204,35,21,14,17,12,5,18,9,9,0,0,0,0,0,0,0,0,0
57538101,178,84,94,62,29,33,92,45,47,12,7,5,12,3,9,0,0,0
57303501,83,40,43,23,12,11,38,19,19,12,8,4,10,1,9,0,0,0
57539901,56,29,27,30,17,13,14,8,6,8,3,5,4,1,3,0,0,0
57539902,95,51,44,29,20,9,50,26,24,8,4,4,8,1,7,0,0,0
57539903,1103,527,576,394,224,170,459,230,229,125,55,70,123,16,107,0,0,0
57539904,148,69,79,61,26,35,64,32,32,19,10,9,4,1,3,0,0,0
57539905,231,118,113,86,50,36,106,54,52,23,10,13,15,3,12,1,1,0
57539906,130,65,65,40,21,19,57,29,28,20,12,8,13,3,10,0,0,0
57539907,21,11,10,10,6,4,10,5,5,0,0,0,1,0,1,0,0,0
57287001,581,296,285,270,144,126,245,122,123,54,27,27,9,1,8,1,0,1
57287002,180,101,79,80,52,28,82,41,41,12,8,4,6,0,6,0,0,0
57307801,76,41,35,25,18,7,23,11,12,26,12,14,2,0,2,0,0,0
57307802,90,43,47,33,13,20,48,24,24,8,6,2,1,0,1,0,0,0
3309490,0,0,0,0,0,0,0,0,0,0,0,0,0,0,0,0,0,0
57542901,2195,1082,1113,988,532,456,827,417,410,259,114,145,117,15,102,2,2,0
57542902,591,293,298,258,130,128,266,134,132,40,24,16,24,3,21,3,2,1
57543701,67,33,34,31,17,14,29,15,14,3,1,2,4,0,4,0,0,0
57543702,1028,511,517,407,219,188,467,234,233,86,45,41,66,12,54,2,1,1
57544501,724,361,363,278,162,116,328,165,163,54,28,26,62,6,56,2,0,2
57544502,168,88,80,64,36,28,74,39,35,14,10,4,14,2,12,2,1,1
1179010,0,0,0,0,0,0,0,0,0,0,0,0,0,0,0,0,0,0
3290880,0,0,0,0,0,0,0,0,0,0,0,0,0,0,0,0,0,0
57471601,1471,997,474,804,572,232,240,132,108,380,280,100,45,12,33,2,1,1
57471602,85,38,47,32,13,19,40,19,21,12,5,7,1,1,0,0,0,0
57471603,26,12,14,9,3,6,16,8,8,0,0,0,1,1,0,0,0,0
57471604,251,130,121,117,66,51,87,41,46,29,14,15,13,5,8,1,1,0
57471605,227,109,118,96,46,50,98,48,50,23,11,12,9,3,6,1,1,0
57471606,1246,606,640,590,318,272,406,205,201,156,64,92,88,15,73,6,4,2
57471607,2324,1121,1203,961,514,447,874,436,438,308,135,173,174,30,144,6,5,1
57471608,2402,1126,1276,1102,609,493,708,355,353,305,108,197,268,45,223,17,9,8
57471610,20,12,8,12,9,3,4,2,2,3,0,3,1,1,0,0,0,0
57471612,5980,2992,2988,2720,1533,1187,1975,999,976,887,357,530,362,82,280,33,18,15
57471613,2453,1180,1273,983,537,446,928,470,458,363,138,225,169,30,139,10,5,5
57471614,4443,2210,2233,2048,1142,906,1473,757,716,579,216,363,267,44,223,73,50,23
3223690,0,0,0,0,0,0,0,0,0,0,0,0,0,0,0,0,0,0
55512601,30,20,10,7,5,2,16,9,7,4,4,0,2,2,0,1,0,1
55512602,302,145,157,121,64,57,135,65,70,22,13,9,24,3,21,0,0,0
55512603,204,107,97,115,62,53,73,38,35,11,5,6,2,2,0,1,0,1
55512604,1545,768,777,701,394,307,546,274,272,230,78,152,62,19,43,6,3,3
55512606,3281,1521,1760,1343,730,613,1041,524,517,550,207,343,321,48,273,24,10,14
55512607,2660,1387,1273,1216,699,517,831,418,413,380,154,226,111,24,87,120,92,28
55512608,3728,1742,1986,1569,843,726,1168,585,583,644,247,397,331,59,272,12,7,5
55512609,555,292,263,346,191,155,128,64,64,56,24,32,13,4,9,12,9,3
55512611,2487,1175,1312,1108,595,513,736,373,363,363,141,222,255,51,204,21,15,6
55512612,3272,1520,1752,1280,704,576,1202,594,608,501,168,333,269,39,230,17,13,4
3290450,0,0,0,0,0,0,0,0,0,0,0,0,0,0,0,0,0,0
55706402,618,618,0,435,435,0,41,41,0,121,121,0,3,3,0,18,18,0
55706403,100,59,41,48,32,16,38,19,19,8,5,3,5,3,2,1,0,1
55706404,1760,847,913,643,339,304,792,397,395,188,80,108,131,26,105,6,5,1
55706406,1961,896,1065,763,412,351,744,364,380,228,69,159,217,46,171,9,5,4
55706407,335,204,131,96,61,35,66,39,27,30,16,14,3,0,3,140,88,52
55706408,8003,3776,4227,3176,1727,1449,2939,1466,1473,1271,473,798,585,94,491,28,15,13
55706410,458,232,226,141,83,58,233,117,116,46,23,23,38,9,29,0,0,0
55706411,1327,640,687,452,251,201,651,324,327,113,46,67,111,19,92,0,0,0
55706412,713,327,386,239,136,103,333,162,171,65,18,47,75,10,65,1,1,0
1178112,0,0,0,0,0,0,0,0,0,0,0,0,0,0,0,0,0,0
3181831,0,0,0,0,0,0,0,0,0,0,0,0,0,0,0,0,0,0
3181832,0,0,0,0,0,0,0,0,0,0,0,0,0,0,0,0,0,0
3213380,0,0,0,0,0,0,0,0,0,0,0,0,0,0,0,0,0,0
3317240,0,0,0,0,0,0,0,0,0,0,0,0,0,0,0,0,0,0
3317320,0,0,0,0,0,0,0,0,0,0,0,0,0,0,0,0,0,0
55509601,962,486,476,355,200,155,435,223,212,108,49,59,57,9,48,5,3,2
55509602,103,57,46,35,23,12,56,28,28,6,3,3,6,3,3,0,0,0
55509603,364,179,185,131,64,67,174,89,85,41,22,19,16,3,13,2,1,1
55509604,215,108,107,84,43,41,110,55,55,14,6,8,5,2,3,0,0,0
55509606,47,26,21,17,12,5,26,13,13,3,1,2,1,0,1,0,0,0
55509607,1228,600,628,490,257,233,545,269,276,104,58,46,89,16,73,0,0,0
55509608,66,34,32,28,17,11,23,11,12,6,3,3,8,2,6,1,1,0
55509609,22,9,13,11,5,6,5,2,3,6,2,4,0,0,0,0,0,0
55509610,38,24,14,15,9,6,17,10,7,5,5,0,1,0,1,0,0,0
55509611,1522,762,760,549,302,247,759,380,379,123,59,64,90,21,69,1,0,1
55509612,445,221,224,163,97,66,202,100,102,37,17,20,43,7,36,0,0,0
55509613,220,106,114,86,47,39,92,46,46,21,8,13,21,5,16,0,0,0
0322552,0,0,0,0,0,0,0,0,0,0,0,0,0,0,0,0,0,0
1177490,0,0,0,0,0,0,0,0,0,0,0,0,0,0,0,0,0,0
1180872,0,0,0,0,0,0,0,0,0,0,0,0,0,0,0,0,0,0
55707201,677,338,339,286,146,140,301,154,147,55,29,26,33,9,24,2,0,2
55707202,582,288,294,234,135,99,224,109,115,94,36,58,30,8,22,0,0,0
55707203,231,138,93,136,90,46,56,29,27,28,19,9,9,0,9,2,0,2
55707205,580,284,296,352,177,175,165,82,83,52,24,28,7,0,7,4,1,3
55707207,3884,1943,1941,1954,1059,895,1212,606,606,521,229,292,176,34,142,20,14,6
55707208,1660,788,872,588,307,281,751,378,373,180,86,94,138,16,122,3,1,2
55707210,5306,2511,2795,2290,1241,1049,1792,886,906,769,292,477,431,76,355,19,12,7
55707211,396,200,196,252,132,120,99,50,49,32,15,17,9,1,8,3,1,2
55707212,3189,1499,1690,1340,730,610,1058,530,528,494,187,307,279,42,237,15,8,7
1180520,0,0,0,0,0,0,0,0,0,0,0,0,0,0,0,0,0,0
1180610,0,0,0,0,0,0,0,0,0,0,0,0,0,0,0,0,0,0
1180790,0,0,0,0,0,0,0,0,0,0,0,0,0,0,0,0,0,0
3290290,0,0,0,0,0,0,0,0,0,0,0,0,0,0,0,0,0,0
3317590,0,0,0,0,0,0,0,0,0,0,0,0,0,0,0,0,0,0
55510001,433,215,218,171,92,79,196,101,95,36,18,18,29,4,25,1,0,1
55510002,249,123,126,100,56,44,106,53,53,27,11,16,16,3,13,0,0,0
55510003,121,80,41,61,43,18,33,21,12,12,8,4,8,3,5,7,5,2
55510004,3944,1940,2004,1678,920,758,1641,815,826,379,165,214,234,36,198,5,2,3
55510006,1164,594,570,494,280,214,492,249,243,98,44,54,77,20,57,2,0,2
55510007,472,231,241,173,96,77,211,106,105,51,20,31,35,8,27,2,1,1
1180100,0,0,0,0,0,0,0,0,0,0,0,0,0,0,0,0,0,0
1412161,0,0,0,0,0,0,0,0,0,0,0,0,0,0,0,0,0,0
3213200,0,0,0,0,0,0,0,0,0,0,0,0,0,0,0,0,0,0
55511801,2124,1099,1025,817,435,382,837,468,369,342,160,182,117,28,89,7,6,1
55511803,1236,618,618,478,252,226,545,270,275,132,64,68,72,27,45,5,1,4
55511804,870,407,463,487,241,246,248,119,129,108,42,66,24,3,21,0,0,0
55511805,641,324,317,246,146,100,289,144,145,59,26,33,47,8,39,0,0,0
55511806,1514,728,786,605,309,296,653,323,330,142,73,69,111,21,90,2,1,1
55511807,481,243,238,225,124,101,182,92,90,54,22,32,20,5,15,0,0,0
55511809,91,71,20,31,27,4,30,22,8,14,11,3,3,1,2,13,10,3
57502001,275,133,142,103,50,53,129,63,66,26,15,11,16,5,11,1,0,1
57294201,110,57,53,45,26,19,49,24,25,8,5,3,8,2,6,0,0,0
57546101,280,151,129,117,69,48,119,60,59,26,15,11,18,7,11,0,0,0
57547001,120,63,57,54,31,23,50,25,25,9,5,4,7,2,5,0,0,0
57295101,159,77,82,63,33,30,63,33,30,19,8,11,14,3,11,0,0,0
57285301,113,59,54,49,27,22,46,23,23,10,7,3,7,2,5,1,0,1
1346190,0,0,0,0,0,0,0,0,0,0,0,0,0,0,0,0,0,0
3389150,0,0,0,0,0,0,0,0,0,0,0,0,0,0,0,0,0,0
57550001,22,11,11,5,3,2,14,7,7,3,1,2,0,0,0,0,0,0
57550002,162,76,86,75,38,37,60,30,30,15,5,10,12,3,9,0,0,0
57550003,169,85,84,67,39,28,73,37,36,20,9,11,8,0,8,1,0,1
57550004,94,49,45,41,23,18,37,18,19,9,6,3,7,2,5,0,0,0
57550005,276,139,137,113,61,52,109,57,52,34,17,17,20,4,16,0,0,0
57550006,190,88,102,67,33,34,90,45,45,20,9,11,12,1,11,1,0,1
57550007,133,68,65,55,28,27,62,31,31,13,8,5,3,1,2,0,0,0
57550008,70,40,30,28,20,8,32,16,16,8,4,4,2,0,2,0,0,0
57550009,171,85,86,66,37,29,73,36,37,21,9,12,11,3,8,0,0,0
57550010,934,450,484,380,213,167,342,170,172,121,50,71,78,8,70,13,9,4
57550011,2005,978,1027,852,479,373,719,359,360,314,112,202,113,23,90,7,5,2
57550013,1157,610,547,532,320,212,378,191,187,180,86,94,58,9,49,7,3,4
57550014,1805,853,952,674,397,277,610,308,302,268,103,165,227,33,194,26,12,14
57550015,1401,683,718,497,267,230,667,328,339,112,57,55,117,25,92,8,6,2
57550016,366,192,174,157,92,65,152,76,76,39,17,22,18,7,11,0,0,0
57550017,321,214,107,169,133,36,89,53,36,38,19,19,10,1,9,15,8,7
57551801,219,111,108,88,48,40,95,48,47,22,12,10,14,3,11,0,0,0
57552601,81,43,38,30,18,12,39,19,20,9,6,3,3,0,3,0,0,0
57553401,575,293,282,247,141,106,244,123,121,51,21,30,29,6,23,2,2,0
57555101,592,287,305,236,125,111,250,123,127,61,30,31,43,7,36,2,2,0
57556901,259,137,122,86,54,32,121,61,60,31,20,11,21,2,19,0,0,0
57557701,168,86,82,67,34,33,79,40,39,18,11,7,4,1,3,0,0,0
57557702,37,22,15,14,10,4,17,8,9,6,4,2,0,0,0,0,0,0
57557703,45,22,23,21,8,13,16,8,8,6,5,1,2,1,1,0,0,0
57557704,625,330,295,257,158,99,269,137,132,59,26,33,38,8,30,2,1,1
3310740,0,0,0,0,0,0,0,0,0,0,0,0,0,0,0,0,0,0
57559301,1345,638,707,586,319,267,400,204,196,228,86,142,121,23,98,10,6,4
57560701,216,114,102,82,50,32,86,44,42,22,13,9,26,7,19,0,0,0
57560702,1128,558,570,436,242,194,471,233,238,117,64,53,102,18,84,2,1,1
57561501,144,71,73,57,28,29,54,28,26,17,13,4,16,2,14,0,0,0
57562301,594,291,303,243,134,109,250,126,124,52,24,28,49,7,42,0,0,0
57564001,111,51,60,47,22,25,48,24,24,7,4,3,9,1,8,0,0,0
57564002,193,96,97,90,47,43,67,34,33,26,12,14,10,3,7,0,0,0
57564003,64,36,28,23,17,6,33,17,16,2,1,1,6,1,5,0,0,0
57564004,128,68,60,52,30,22,58,29,29,15,8,7,3,1,2,0,0,0
57564006,171,87,84,64,34,30,77,40,37,22,9,13,8,4,4,0,0,0
57564007,2754,1378,1376,1132,635,497,1179,591,588,264,110,154,168,34,134,8,5,3
57564008,92,42,50,33,14,19,45,22,23,10,6,4,4,0,4,0,0,0
57564009,29,17,12,10,6,4,15,8,7,2,2,0,2,1,1,0,0,0
57564010,161,77,84,75,38,37,70,36,34,6,2,4,9,1,8,1,0,1
57564011,384,196,188,163,84,79,190,98,92,25,11,14,6,3,3,0,0,0
57565801,27,16,11,14,10,4,5,2,3,6,3,3,1,0,1,1,1,0
57565802,40,21,19,17,11,6,16,7,9,5,2,3,2,1,1,0,0,0
57565803,26,9,17,14,3,11,12,6,6,0,0,0,0,0,0,0,0,0
57565804,331,172,159,134,84,50,129,65,64,41,20,21,26,3,23,1,0,1
57566601,284,154,130,122,76,46,113,58,55,31,17,14,18,3,15,0,0,0
57302701,115,61,54,46,28,18,44,23,21,15,7,8,10,3,7,0,0,0
57419801,587,296,291,236,129,107,275,139,136,46,20,26,28,6,22,2,2,0
57568201,224,110,114,94,49,45,97,49,48,17,8,9,13,1,12,1,1,0
57568202,145,76,69,75,46,29,58,29,29,9,1,8,3,0,3,0,0,0
57568203,1316,652,664,537,281,256,623,314,309,93,44,49,60,10,50,3,3,0
55371901,827,416,411,380,204,176,358,183,175,66,23,43,22,5,17,1,1,0
57570401,433,233,200,188,111,77,172,87,85,48,27,21,25,8,17,0,0,0
57570402,83,38,45,32,12,20,41,21,20,7,5,2,2,0,2,1,0,1
57570403,261,132,129,114,62,52,124,62,62,13,5,8,9,2,7,1,1,0
57570404,80,41,39,31,20,11,41,20,21,3,0,3,5,1,4,0,0,0
57570405,1093,536,557,443,238,205,460,228,232,120,51,69,67,17,50,3,2,1
57571201,477,247,230,212,120,92,211,105,106,34,19,15,20,3,17,0,0,0
57572101,648,353,295,285,174,111,258,133,125,64,37,27,38,6,32,3,3,0
57573901,808,412,396,378,200,178,332,167,165,66,36,30,29,6,23,1,1,0
57293401,282,149,133,122,68,54,123,62,61,21,15,6,16,4,12,0,0,0
57575501,216,105,111,79,41,38,87,43,44,33,19,14,17,2,15,0,0,0
57576301,325,167,158,151,89,62,121,61,60,26,15,11,27,2,25,0,0,0
57577101,59,27,32,16,6,10,34,17,17,6,4,2,3,0,3,0,0,0
57577102,59,32,27,24,14,10,26,13,13,5,4,1,4,1,3,0,0,0
57577103,336,171,165,147,81,66,126,64,62,41,24,17,21,2,19,1,0,1
57577104,42,20,22,18,8,10,18,9,9,5,3,2,1,0,1,0,0,0
57578001,51,27,24,20,12,8,24,12,12,3,0,3,3,2,1,1,1,0
57578002,203,101,102,86,46,40,91,45,46,12,6,6,14,4,10,0,0,0
57578003,22,12,10,9,6,3,12,6,6,1,0,1,0,0,0,0,0,0
57581001,177,92,85,66,39,27,85,43,42,13,6,7,13,4,9,0,0,0
3308500,0,0,0,0,0,0,0,0,0,0,0,0,0,0,0,0,0,0
53079401,209,98,111,85,43,42,84,42,42,24,13,11,15,0,15,1,0,1
57582801,38,14,24,13,4,9,17,8,9,5,2,3,3,0,3,0,0,0
57582802,58,34,24,28,19,9,20,10,10,7,4,3,3,1,2,0,0,0
57582803,126,67,59,50,28,22,58,30,28,11,7,4,7,2,5,0,0,0
57298501,272,135,137,123,64,59,110,55,55,25,9,16,14,7,7,0,0,0
57584401,47,21,26,18,7,11,20,9,11,7,5,2,2,0,2,0,0,0
57584402,31,16,15,17,10,7,3,2,1,9,4,5,2,0,2,0,0,0
57584403,212,107,105,83,45,38,83,41,42,34,19,15,12,2,10,0,0,0
57587901,296,153,143,113,62,51,144,78,66,22,11,11,17,2,15,0,0,0
57588701,298,150,148,132,73,59,120,59,61,25,12,13,19,5,14,2,1,1
57590901,233,111,122,105,52,53,97,47,50,21,10,11,10,2,8,0,0,0
57288801,207,101,106,95,47,48,80,40,40,20,11,9,10,2,8,1,0,1
57591701,63,32,31,16,12,4,34,17,17,7,3,4,6,0,6,0,0,0
57592501,450,223,227,171,96,75,193,97,96,48,23,25,34,4,30,4,3,1
57593301,132,73,59,55,34,21,63,32,31,7,4,3,7,3,4,0,0,0
57594101,476,233,243,196,97,99,206,105,101,46,28,18,27,3,24,1,0,1
57596801,356,179,177,144,84,60,152,77,75,36,14,22,24,4,20,0,0,0
57598401,311,150,161,128,65,63,135,68,67,28,14,14,20,3,17,0,0,0
57599201,315,156,159,134,74,60,138,69,69,18,9,9,25,4,21,0,0,0
57599202,52,25,27,18,11,7,24,12,12,3,1,2,7,1,6,0,0,0
57600001,428,204,224,164,79,85,183,92,91,48,28,20,31,4,27,2,1,1
57601801,249,127,122,95,54,41,125,62,63,16,10,6,13,1,12,0,0,0
1922521,0,0,0,0,0,0,0,0,0,0,0,0,0,0,0,0,0,0
57602601,133,72,61,65,40,25,40,20,20,17,10,7,11,2,9,0,0,0
57602602,476,231,245,206,113,93,172,86,86,62,28,34,36,4,32,0,0,0
57604201,120,68,52,43,29,14,58,30,28,9,5,4,9,4,5,1,0,1
57605101,150,72,78,55,25,30,79,40,39,10,5,5,6,2,4,0,0,0
57605102,153,71,82,60,30,30,60,29,31,16,8,8,17,4,13,0,0,0
57605103,642,312,330,261,146,115,268,133,135,63,25,38,47,7,40,3,1,2
57256001,280,136,144,105,57,48,122,61,61,34,18,16,19,0,19,0,0,0
57258601,417,199,218,160,91,69,178,87,91,45,20,25,34,1,33,0,0,0
57258602,68,36,32,23,14,9,24,12,12,15,9,6,6,1,5,0,0,0
50539101,242,121,121,88,48,40,104,53,51,25,16,9,25,4,21,0,0,0
50539102,34,17,17,11,6,5,13,6,7,7,4,3,3,1,2,0,0,0
50539103,55,29,26,20,13,7,20,11,9,7,4,3,6,1,5,2,0,2
57777401,374,171,203,161,73,88,166,84,82,28,14,14,19,0,19,0,0,0
57430901,128,65,63,38,22,16,71,37,34,7,3,4,12,3,9,0,0,0
57430902,39,23,16,15,10,5,14,7,7,5,4,1,5,2,3,0,0,0
57251901,432,216,216,199,109,90,169,85,84,33,17,16,31,5,26,0,0,0
57251902,38,23,15,18,10,8,13,7,6,7,6,1,0,0,0,0,0,0
57781201,133,71,62,39,23,16,66,33,33,15,12,3,12,3,9,1,0,1
57782101,111,53,58,42,28,14,42,20,22,13,4,9,13,0,13,1,1,0
57783901,71,35,36,32,17,15,28,14,14,3,2,1,8,2,6,0,0,0
57783902,847,424,423,362,204,158,359,178,181,68,29,39,56,11,45,2,2,0
57783903,79,40,39,42,23,19,31,15,16,3,1,2,3,1,2,0,0,0
57263201,44,18,26,17,6,11,16,8,8,8,4,4,3,0,3,0,0,0
57263202,101,58,43,49,34,15,33,16,17,8,5,3,10,3,7,1,0,1
57263203,20,11,9,9,6,3,6,3,3,5,2,3,0,0,0,0,0,0
57786301,391,181,210,145,80,65,140,69,71,63,24,39,38,5,33,4,3,1
57786302,68,36,32,25,15,10,27,14,13,11,5,6,5,2,3,0,0,0
57786303,145,72,73,58,32,26,65,33,32,9,3,6,13,4,9,0,0,0
57786304,583,288,295,225,127,98,225,115,110,76,36,40,56,10,46,1,0,1
57786305,24,17,7,7,7,0,8,4,4,5,4,1,4,2,2,0,0,0
57787101,260,134,126,100,62,38,103,51,52,28,16,12,29,5,24,0,0,0
57787102,42,20,22,22,12,10,14,6,8,4,2,2,2,0,2,0,0,0
57225001,85,44,41,36,23,13,33,17,16,8,3,5,8,1,7,0,0,0
57225002,35,18,17,11,5,6,16,7,9,7,6,1,1,0,1,0,0,0
57789801,143,75,68,54,32,22,62,33,29,11,5,6,15,4,11,1,1,0
0147530,0,0,0,0,0,0,0,0,0,0,0,0,0,0,0,0,0,0
50514501,1147,559,588,508,273,235,429,213,216,148,61,87,60,10,50,2,2,0
50514502,147,73,74,62,34,28,56,28,28,18,8,10,11,3,8,0,0,0
50514503,53,26,27,19,11,8,30,15,15,0,0,0,4,0,4,0,0,0
50514504,219,111,108,89,58,31,91,45,46,19,8,11,20,0,20,0,0,0
57791001,446,244,202,179,111,68,208,103,105,31,17,14,28,13,15,0,0,0
57792801,1426,694,732,561,323,238,624,311,313,85,35,50,152,25,127,4,0,4
57792802,37,23,14,15,11,4,14,7,7,5,4,1,3,1,2,0,0,0
57793601,678,340,338,264,137,127,321,166,155,48,28,20,44,9,35,1,0,1
57793602,95,42,53,38,16,22,49,24,25,5,2,3,3,0,3,0,0,0
57794401,944,471,473,381,210,171,444,222,222,65,31,34,50,6,44,2,0,2
57235701,373,203,170,155,92,63,187,94,93,19,13,6,12,4,8,0,0,0
57796101,80,41,39,29,17,12,41,21,20,7,3,4,3,0,3,0,0,0
57796102,54,31,23,20,13,7,20,10,10,12,7,5,1,0,1,1,1,0
57796103,196,107,89,88,50,38,74,41,33,18,10,8,13,3,10,3,3,0
57268301,180,91,89,59,32,27,80,40,40,22,12,10,15,4,11,4,3,1
57798701,543,274,269,236,133,103,207,105,102,59,27,32,38,8,30,3,1,2
57799501,1747,858,889,667,371,296,847,423,424,115,47,68,115,15,100,3,2,1
57799502,93,49,44,46,27,19,39,19,20,3,2,1,5,1,4,0,0,0
57799503,20,8,12,9,4,5,6,3,3,2,1,1,3,0,3,0,0,0
57432501,176,95,81,77,45,32,62,33,29,25,12,13,12,5,7,0,0,0
57432502,56,28,28,29,14,15,18,9,9,7,5,2,2,0,2,0,0,0
57228401,54,31,23,25,16,9,20,10,10,7,4,3,2,1,1,0,0,0
57803701,271,137,134,112,63,49,119,60,59,14,6,8,24,6,18,2,2,0
57805301,131,65,66,56,30,26,60,30,30,9,4,5,6,1,5,0,0,0
57236501,211,111,100,100,59,41,84,42,42,12,7,5,15,3,12,0,0,0
57236502,94,43,51,38,19,19,39,20,19,3,1,2,14,3,11,0,0,0
57236503,88,49,39,41,26,15,32,16,16,8,6,2,7,1,6,0,0,0
57269101,1611,809,802,654,363,291,656,326,330,172,95,77,127,24,103,2,1,1
57273001,172,83,89,77,38,39,64,32,32,15,10,5,16,3,13,0,0,0
57809601,672,336,336,280,165,115,266,133,133,76,31,45,49,7,42,1,0,1
57809602,124,63,61,46,28,18,51,25,26,17,9,8,9,1,8,1,0,1
57810001,67,34,33,28,18,10,23,11,12,6,3,3,9,1,8,1,1,0
57810002,56,29,27,23,16,7,22,11,11,7,1,6,4,1,3,0,0,0
57811801,129,65,64,59,33,26,54,27,27,4,3,1,12,2,10,0,0,0
57812601,115,57,58,46,25,21,55,26,29,5,5,0,9,1,8,0,0,0
57812602,84,45,39,29,19,10,39,20,19,12,5,7,4,1,3,0,0,0
57813401,47,24,23,17,9,8,18,9,9,11,6,5,1,0,1,0,0,0
57813402,859,423,436,374,196,178,350,173,177,84,43,41,50,11,39,1,0,1
57813403,61,16,45,45,8,37,14,8,6,1,0,1,1,0,1,0,0,0
57814201,56,29,27,23,10,13,21,9,12,9,8,1,3,2,1,0,0,0
57815101,1113,575,538,403,245,158,447,227,220,129,77,52,130,23,107,4,3,1
57815102,44,20,24,16,8,8,18,9,9,6,3,3,4,0,4,0,0,0
57816901,179,97,82,76,48,28,85,42,43,9,5,4,8,1,7,1,1,0
57271301,402,199,203,156,78,78,188,93,95,32,22,10,25,5,20,1,1,0
57818501,995,480,515,424,231,193,397,197,200,95,44,51,79,8,71,0,0,0
57818502,25,15,10,13,9,4,8,4,4,4,2,2,0,0,0,0,0,0
3385590,0,0,0,0,0,0,0,0,0,0,0,0,0,0,0,0,0,0
57819301,64,35,29,23,16,7,24,12,12,14,7,7,3,0,3,0,0,0
57819303,582,292,290,283,156,127,178,85,93,94,47,47,27,4,23,0,0,0
57819304,2031,970,1061,791,431,360,819,411,408,240,99,141,174,24,150,5,3,2
57819305,65,32,33,32,14,18,21,11,10,11,6,5,1,1,0,0,0,0
57820701,532,268,264,218,119,99,252,124,128,36,20,16,26,5,21,0,0,0
57821501,236,116,120,78,42,36,97,49,48,35,20,15,26,5,21,0,0,0
57821502,59,30,29,25,14,11,26,13,13,4,1,3,4,2,2,0,0,0
57274801,304,150,154,122,65,57,120,60,60,37,16,21,23,7,16,1,1,0
57274802,88,43,45,30,15,15,38,20,18,12,7,5,8,1,7,0,0,0
57823101,20,9,11,7,4,3,10,5,5,1,0,1,2,0,2,0,0,0
57823102,651,320,331,285,162,123,246,120,126,64,29,35,52,6,46,4,3,1
0695400,0,0,0,0,0,0,0,0,0,0,0,0,0,0,0,0,0,0
57825801,724,362,362,286,161,125,343,170,173,41,21,20,53,10,43,1,0,1
57825802,37,15,22,18,6,12,15,8,7,3,1,2,1,0,1,0,0,0
57826601,144,73,71,74,43,31,43,22,21,12,6,6,15,2,13,0,0,0
57827401,384,204,180,156,99,57,164,83,81,38,16,22,26,6,20,0,0,0
57259401,73,35,38,22,12,10,39,19,20,5,4,1,7,0,7,0,0,0
57828201,929,478,451,407,235,172,370,186,184,96,46,50,54,10,44,1,1,0
57828202,369,185,184,164,90,74,158,80,78,24,10,14,23,5,18,0,0,0
57829101,111,57,54,65,36,29,31,16,15,14,5,9,1,0,1,0,0,0
57829102,258,143,115,117,78,39,102,51,51,20,9,11,19,5,14,0,0,0
57830401,112,65,47,45,33,12,57,29,28,4,2,2,6,1,5,0,0,0
57833901,590,297,293,239,142,97,245,122,123,56,26,30,50,7,43,0,0,0
0857740,0,0,0,0,0,0,0,0,0,0,0,0,0,0,0,0,0,0
0857820,0,0,0,0,0,0,0,0,0,0,0,0,0,0,0,0,0,0
0857910,0,0,0,0,0,0,0,0,0,0,0,0,0,0,0,0,0,0
0858120,0,0,0,0,0,0,0,0,0,0,0,0,0,0,0,0,0,0
3125760,0,0,0,0,0,0,0,0,0,0,0,0,0,0,0,0,0,0
3316430,0,0,0,0,0,0,0,0,0,0,0,0,0,0,0,0,0,0
57834701,137,72,65,54,32,22,64,33,31,12,6,6,7,1,6,0,0,0
57834702,441,221,220,173,89,84,215,107,108,37,16,21,16,9,7,0,0,0
57834704,1147,563,584,379,216,163,592,296,296,87,31,56,88,20,68,1,0,1
57834705,1130,561,569,457,246,211,518,258,260,72,38,34,78,18,60,5,1,4
57834707,270,153,117,98,65,33,118,66,52,25,8,17,10,4,6,19,10,9
57834708,256,123,133,116,58,58,105,52,53,20,9,11,15,4,11,0,0,0
57834709,101,51,50,44,23,21,43,21,22,9,5,4,4,1,3,1,1,0
57834710,130,65,65,50,26,24,57,29,28,13,8,5,9,2,7,1,0,1
57834711,290,142,148,137,74,63,108,54,54,22,11,11,22,2,20,1,1,0
57834713,1453,678,775,654,343,311,497,246,251,186,71,115,106,13,93,9,5,4
57834714,382,186,196,133,75,58,175,88,87,38,17,21,34,5,29,2,1,1
57834717,3130,1478,1652,1280,685,595,1152,576,576,457,166,291,225,45,180,13,5,8
57834718,751,367,384,278,154,124,336,171,165,52,23,29,75,12,63,10,7,3
57834719,310,154,156,132,74,58,131,64,67,25,11,14,21,4,17,1,1,0
57834720,99,51,48,37,20,17,50,25,25,8,5,3,4,1,3,0,0,0
57835501,892,458,434,340,214,126,411,206,205,57,27,30,80,9,71,4,2,2
57836301,305,155,150,127,71,56,141,73,68,15,8,7,22,3,19,0,0,0
57837101,100,57,43,45,26,19,38,20,18,13,9,4,4,2,2,0,0,0
57838001,38,20,18,11,5,6,13,7,6,9,6,3,5,2,3,0,0,0
57838002,132,75,57,54,39,15,52,26,26,13,7,6,13,3,10,0,0,0
57838003,538,282,256,243,143,100,212,104,108,59,28,31,24,7,17,0,0,0
57838004,45,26,19,18,12,6,18,9,9,5,4,1,4,1,3,0,0,0
57838005,233,118,115,78,46,32,108,54,54,22,11,11,25,7,18,0,0,0
57838006,50,26,24,17,10,7,26,12,14,3,2,1,2,0,2,2,2,0
57838008,36,19,17,13,10,3,13,7,6,4,1,3,6,1,5,0,0,0
57838009,77,35,42,32,15,17,30,15,15,10,5,5,5,0,5,0,0,0
57838011,48,25,23,16,8,8,25,13,12,5,3,2,2,1,1,0,0,0
57838012,52,25,27,18,9,9,25,12,13,3,3,0,6,1,5,0,0,0
57838014,56,31,25,27,18,9,16,8,8,5,4,1,8,1,7,0,0,0
57839801,272,133,139,113,57,56,122,61,61,21,11,10,15,3,12,1,1,0
57840101,429,211,218,205,115,90,138,69,69,47,24,23,39,3,36,0,0,0
57842801,49,24,25,23,10,13,14,7,7,10,6,4,2,1,1,0,0,0
57842802,453,230,223,154,93,61,244,120,124,29,12,17,26,5,21,0,0,0
57842803,174,93,81,76,46,30,77,39,38,12,5,7,7,2,5,2,1,1
57842804,25,11,14,14,7,7,8,4,4,1,0,1,2,0,2,0,0,0
0988840,0,0,0,0,0,0,0,0,0,0,0,0,0,0,0,0,0,0
3385320,0,0,0,0,0,0,0,0,0,0,0,0,0,0,0,0,0,0
57844402,645,335,310,252,155,97,256,127,129,79,43,36,57,9,48,1,1,0
57844403,262,140,122,89,60,29,135,68,67,17,7,10,21,5,16,0,0,0
57844405,507,254,253,200,111,89,218,109,109,55,26,29,33,7,26,1,1,0
57844406,1064,564,500,572,340,232,226,116,110,204,96,108,52,9,43,10,3,7
57844407,3797,1696,2101,1469,757,712,1373,689,684,539,180,359,405,67,338,11,3,8
57844408,803,397,406,326,193,133,284,140,144,115,50,65,67,8,59,11,6,5
57844409,1468,712,756,582,318,264,494,248,246,243,124,119,141,20,121,8,2,6
57844410,1059,526,533,409,225,184,467,236,231,105,48,57,76,15,61,2,2,0
57844412,22,9,13,8,3,5,10,5,5,3,1,2,1,0,1,0,0,0
57845201,200,105,95,75,46,29,90,44,46,17,10,7,18,5,13,0,0,0
58069401,485,247,238,226,121,105,211,106,105,33,17,16,15,3,12,0,0,0
58069403,287,133,154,126,63,63,106,53,53,27,11,16,27,6,21,1,0,1
58069404,238,121,117,106,63,43,98,49,49,16,6,10,18,3,15,0,0,0
57260801,191,96,95,91,44,47,75,38,37,12,7,5,13,7,6,0,0,0
57260802,47,25,22,24,12,12,11,6,5,8,5,3,3,1,2,1,1,0
57243801,59,32,27,26,16,10,25,13,12,5,3,2,3,0,3,0,0,0
57847901,46,25,21,19,12,7,20,10,10,5,3,2,2,0,2,0,0,0
57847902,557,285,272,212,128,84,268,134,134,44,20,24,33,3,30,0,0,0
57848701,1086,561,525,463,265,198,436,220,216,113,65,48,72,10,62,2,1,1
57848702,40,23,17,13,8,5,14,7,7,7,6,1,5,1,4,1,1,0
57272101,72,37,35,31,17,14,30,15,15,8,4,4,3,1,2,0,0,0
57272102,27,16,11,12,9,3,12,6,6,3,1,2,0,0,0,0,0,0
57272103,328,173,155,120,69,51,165,83,82,24,16,8,19,5,14,0,0,0
57272104,267,129,138,111,60,51,116,58,58,25,9,16,15,2,13,0,0,0
57850901,954,480,474,369,210,159,450,225,225,72,34,38,62,11,51,1,0,1
57855001,204,110,94,76,47,29,73,37,36,37,22,15,18,4,14,0,0,0
57855002,89,48,41,36,21,15,45,23,22,3,3,0,5,1,4,0,0,0
1254070,0,0,0,0,0,0,0,0,0,0,0,0,0,0,0,0,0,0
1254150,0,0,0,0,0,0,0,0,0,0,0,0,0,0,0,0,0,0
1254230,0,0,0,0,0,0,0,0,0,0,0,0,0,0,0,0,0,0
57857601,215,105,110,97,52,45,89,46,43,16,7,9,13,0,13,0,0,0
57857602,137,76,61,53,39,14,61,31,30,13,4,9,10,2,8,0,0,0
57857603,33,23,10,15,12,3,8,5,3,8,5,3,2,1,1,0,0,0
57857604,94,50,44,46,27,19,34,17,17,13,6,7,1,0,1,0,0,0
57857605,1789,857,932,660,361,299,808,404,404,182,75,107,131,16,115,6,1,5
57857606,88,43,45,42,21,21,26,14,12,16,8,8,4,0,4,0,0,0
57857607,3249,1498,1751,1349,705,644,1297,647,650,296,103,193,302,42,260,3,1,2
57857608,428,200,228,151,91,60,140,68,72,55,22,33,82,19,63,0,0,0
57857609,89,45,44,25,18,7,40,19,21,10,5,5,14,3,11,0,0,0
57857610,1643,814,829,722,396,326,669,331,338,175,75,100,73,10,63,4,2,2
57857612,113,53,60,47,26,21,48,23,25,11,4,7,7,0,7,0,0,0
57857613,176,86,90,73,41,32,77,38,39,12,6,6,14,1,13,0,0,0
57857614,568,300,268,263,153,110,193,96,97,82,48,34,30,3,27,0,0,0
57858401,1251,651,600,551,323,228,518,262,256,102,47,55,75,15,60,5,4,1
57237301,90,48,42,49,27,22,30,15,15,8,4,4,3,2,1,0,0,0
57237302,322,173,149,131,79,52,139,72,67,32,18,14,20,4,16,0,0,0
57237303,93,54,39,38,26,12,48,24,24,4,3,1,3,1,2,0,0,0
57862201,158,78,80,72,40,32,68,34,34,7,4,3,11,0,11,0,0,0
57863101,35,14,21,13,5,8,15,8,7,3,1,2,4,0,4,0,0,0
57863102,275,138,137,113,61,52,136,68,68,11,6,5,11,2,9,2,1,1
57864901,29,15,14,14,7,7,11,5,6,3,3,0,1,0,1,0,0,0
57864903,35,14,21,12,4,8,17,9,8,3,1,2,3,0,3,0,0,0
57864904,89,50,39,29,20,9,46,24,22,5,4,1,9,2,7,0,0,0
57865701,1113,560,553,466,256,210,448,225,223,114,61,53,84,17,67,1,1,0
57433301,116,60,56,52,29,23,43,22,21,15,8,7,6,1,5,0,0,0
57867302,606,292,314,223,122,101,274,137,137,54,26,28,53,7,46,2,0,2
57868101,90,45,45,34,17,17,42,22,20,9,4,5,5,2,3,0,0,0
57868102,140,79,61,49,34,15,69,35,34,13,8,5,9,2,7,0,0,0
57868103,78,35,43,37,16,21,25,12,13,10,5,5,5,1,4,1,1,0
57869001,239,123,116,93,53,40,108,56,52,17,10,7,21,4,17,0,0,0
57870301,62,32,30,27,17,10,24,12,12,9,2,7,2,1,1,0,0,0
57870302,82,40,42,33,17,16,38,19,19,5,4,1,6,0,6,0,0,0
57871101,600,318,282,295,176,119,186,94,92,71,40,31,40,3,37,7,5,2
57223301,60,33,27,21,12,9,32,16,16,4,4,0,3,1,2,0,0,0
57872001,539,266,273,229,117,112,243,125,118,31,16,15,36,8,28,0,0,0
57873801,354,185,169,163,94,69,145,73,72,25,13,12,21,5,16,0,0,0
57873802,499,246,253,220,118,102,231,117,114,20,7,13,28,4,24,0,0,0
57873803,73,33,40,24,9,15,38,19,19,6,5,1,5,0,5,0,0,0
57874601,223,118,105,91,49,42,102,52,50,19,12,7,10,4,6,0,0,0
57875401,211,106,105,91,55,36,71,36,35,27,12,15,22,3,19,0,0,0
1496670,0,0,0,0,0,0,0,0,0,0,0,0,0,0,0,0,0,0
57876201,147,68,79,61,31,30,60,30,30,12,6,6,13,1,12,1,0,1
58032501,645,329,316,267,151,116,295,146,149,44,22,22,36,9,27,3,1,2
58032502,1072,511,561,411,220,191,463,235,228,85,44,41,109,11,98,4,1,3
57878901,28,13,15,14,7,7,10,5,5,0,0,0,4,1,3,0,0,0
57878902,31,14,17,13,4,9,11,6,5,4,3,1,2,1,1,1,0,1
57878903,120,61,59,63,37,26,40,20,20,7,1,6,10,3,7,0,0,0
57878904,72,39,33,36,20,16,25,12,13,9,6,3,2,1,1,0,0,0
57878905,721,372,349,307,175,132,311,156,155,57,31,26,45,9,36,1,1,0
57880101,242,123,119,102,53,49,95,48,47,26,19,7,18,2,16,0,0,0
57881901,245,122,123,101,54,47,114,56,58,12,7,5,17,5,12,1,0,1
57883501,91,46,45,38,21,17,40,20,20,7,4,3,6,1,5,0,0,0
1610210,0,0,0,0,0,0,0,0,0,0,0,0,0,0,0,0,0,0
1610550,0,0,0,0,0,0,0,0,0,0,0,0,0,0,0,0,0,0
1610630,0,0,0,0,0,0,0,0,0,0,0,0,0,0,0,0,0,0
3386990,0,0,0,0,0,0,0,0,0,0,0,0,0,0,0,0,0,0
57773101,753,367,386,285,152,133,334,166,168,67,35,32,46,12,34,21,2,19
57773103,214,92,122,89,39,50,78,39,39,35,13,22,12,1,11,0,0,0
57773104,60,31,29,27,16,11,22,11,11,9,4,5,2,0,2,0,0,0
57773105,2947,1405,1542,1281,665,616,1115,559,556,394,157,237,150,21,129,6,3,3
57773106,1737,801,936,709,377,332,640,315,325,255,84,171,129,22,107,4,3,1
57773107,493,238,255,174,92,82,224,114,110,49,22,27,46,10,36,0,0,0
57773108,626,320,306,273,155,118,247,125,122,75,34,41,31,6,25,0,0,0
57773109,518,259,259,287,154,133,116,61,55,89,40,49,23,2,21,3,2,1
57773110,1188,548,640,496,254,242,401,202,199,186,72,114,97,17,80,8,3,5
57773111,1472,682,790,633,325,308,517,257,260,202,81,121,117,17,100,2,1,1
57773112,2002,932,1070,857,441,416,697,347,350,267,115,152,168,25,143,13,4,9
57773113,2524,1259,1265,1010,574,436,918,457,461,353,176,177,223,46,177,17,3,14
57773114,171,79,92,77,36,41,53,27,26,32,13,19,8,2,6,1,1,0
57773116,1472,685,787,623,330,293,514,257,257,212,82,130,117,14,103,6,2,4
57773117,65,42,23,24,18,6,8,4,4,24,17,7,8,2,6,1,1,0
57884301,32,16,16,9,6,3,16,8,8,2,2,0,5,0,5,0,0,0
57884303,57,27,30,20,10,10,26,13,13,7,4,3,4,0,4,0,0,0
57884304,33,16,17,13,7,6,15,8,7,3,1,2,2,0,2,0,0,0
57884305,123,64,59,48,28,20,53,27,26,14,6,8,8,3,5,0,0,0
57884306,41,20,21,17,8,9,19,9,10,3,2,1,2,1,1,0,0,0
57884307,90,39,51,33,16,17,36,18,18,7,3,4,12,1,11,2,1,1
57885101,398,210,188,171,102,69,181,91,90,25,14,11,21,3,18,0,0,0
57886001,103,50,53,37,23,14,35,17,18,12,7,5,19,3,16,0,0,0
57887801,418,220,198,194,114,80,173,87,86,29,15,14,21,3,18,1,1,0
57888601,55,30,25,19,11,8,28,14,14,4,2,2,4,3,1,0,0,0
57888602,357,175,182,149,79,70,167,84,83,16,9,7,25,3,22,0,0,0
57889401,510,270,240,205,127,78,237,118,119,35,15,20,33,10,23,0,0,0
57261601,157,85,72,57,37,20,66,33,33,16,10,6,16,5,11,2,0,2
57890801,863,433,430,410,238,172,297,146,151,87,41,46,67,7,60,2,1,1
57891601,123,57,66,50,26,24,48,24,24,15,6,9,10,1,9,0,0,0
57262401,329,168,161,164,87,77,131,66,65,24,12,12,9,2,7,1,1,0
57893201,943,472,471,404,215,189,404,203,201,67,39,28,66,13,53,2,2,0
57894101,292,147,145,122,68,54,143,72,71,10,5,5,17,2,15,0,0,0
57895901,157,78,79,63,33,30,67,34,33,17,11,6,10,0,10,0,0,0
57896701,394,205,189,159,100,59,162,81,81,40,19,21,33,5,28,0,0,0
58112701,100,54,46,41,24,17,44,22,22,12,8,4,3,0,3,0,0,0
57897502,194,100,94,90,50,40,69,34,35,25,14,11,10,2,8,0,0,0
57897503,231,114,117,81,46,35,109,55,54,24,12,12,16,1,15,1,0,1
57229201,64,36,28,25,16,9,31,16,15,5,4,1,3,0,3,0,0,0
57899101,42,21,21,16,8,8,19,9,10,5,2,3,1,1,0,1,1,0
57219502,37,19,18,16,9,7,18,9,9,2,1,1,1,0,1,0,0,0
54798101,452,227,225,168,94,74,186,94,92,56,35,21,42,4,38,0,0,0
57342601,184,78,106,111,44,67,36,19,17,25,12,13,10,3,7,2,0,2
55376001,407,208,199,170,94,76,187,92,95,29,15,14,21,7,14,0,0,0
54800601,96,50,46,42,22,20,39,21,18,10,5,5,5,2,3,0,0,0
57994701,1277,625,652,500,285,215,509,255,254,148,66,82,115,15,100,5,4,1
57996301,241,115,126,112,54,58,97,49,48,13,8,5,19,4,15,0,0,0
57997101,1057,528,529,462,254,208,461,230,231,67,31,36,65,12,53,2,1,1
57997102,64,34,30,29,14,15,30,15,15,4,4,0,1,1,0,0,0,0
57998001,265,133,132,132,69,63,99,51,48,19,9,10,15,4,11,0,0,0
57998002,29,15,14,10,7,3,8,4,4,7,4,3,4,0,4,0,0,0
57998003,43,21,22,11,7,4,18,9,9,9,4,5,5,1,4,0,0,0
57998004,26,17,9,12,11,1,6,3,3,6,3,3,2,0,2,0,0,0
57999801,180,91,89,72,39,33,69,36,33,23,12,11,16,4,12,0,0,0
58001501,115,58,57,60,30,30,33,17,16,11,8,3,10,2,8,1,1,0
58001502,62,26,36,27,11,16,20,10,10,11,4,7,3,1,2,1,0,1
58001503,1880,883,997,743,401,342,684,341,343,214,104,110,235,35,200,4,2,2
58001504,341,175,166,174,100,74,85,43,42,60,28,32,22,4,18,0,0,0
58001505,170,92,78,83,50,33,63,31,32,14,8,6,10,3,7,0,0,0
58001506,25,15,10,11,6,5,3,2,1,5,4,1,5,3,2,1,0,1
58001508,92,46,46,39,22,17,38,20,18,7,3,4,8,1,7,0,0,0
58001509,68,33,35,33,15,18,25,13,12,7,4,3,3,1,2,0,0,0
58001510,116,56,60,44,23,21,52,27,25,11,6,5,9,0,9,0,0,0
58002301,373,189,184,163,89,74,147,74,73,40,18,22,23,8,15,0,0,0
0218570,0,0,0,0,0,0,0,0,0,0,0,0,0,0,0,0,0,0
0218650,0,0,0,0,0,0,0,0,0,0,0,0,0,0,0,0,0,0
0218900,0,0,0,0,0,0,0,0,0,0,0,0,0,0,0,0,0,0
3127970,0,0,0,0,0,0,0,0,0,0,0,0,0,0,0,0,0,0
3216810,0,0,0,0,0,0,0,0,0,0,0,0,0,0,0,0,0,0
58003101,1426,697,729,556,300,256,621,311,310,157,70,87,89,14,75,2,1,1
58003102,511,246,265,210,104,106,244,123,121,33,17,16,24,2,22,0,0,0
58003103,652,325,327,252,133,119,284,143,141,70,39,31,46,10,36,0,0,0
58003104,120,67,53,46,31,15,53,26,27,14,9,5,7,1,6,0,0,0
58003105,116,58,58,43,25,18,57,28,29,13,5,8,3,0,3,0,0,0
58003106,1345,621,724,524,259,265,545,268,277,213,79,134,60,14,46,3,1,2
58003107,336,160,176,136,68,68,140,70,70,29,17,12,31,5,26,0,0,0
58003108,206,103,103,86,47,39,82,42,40,28,13,15,10,1,9,0,0,0
58003109,56,28,28,22,12,10,17,9,8,14,6,8,3,1,2,0,0,0
58003110,822,448,374,399,242,157,223,110,113,151,86,65,45,6,39,2,2,0
58003111,67,44,23,19,15,4,34,18,16,13,11,2,1,0,1,0,0,0
58003113,2889,1373,1516,1162,651,511,1027,513,514,416,156,260,273,48,225,7,5,2
58003114,1448,726,722,533,309,224,616,308,308,176,78,98,117,26,91,6,5,1
58003115,1404,675,729,583,316,267,458,232,226,229,93,136,125,26,99,7,6,1
58003116,714,352,362,493,263,230,96,46,50,110,42,68,14,1,13,1,0,1
58003117,1662,804,858,586,327,259,732,367,365,180,77,103,156,29,127,8,4,4
58003118,1092,527,565,373,210,163,489,242,247,94,49,45,132,26,106,4,0,4
58004001,28,16,12,11,8,3,10,5,5,3,1,2,4,2,2,0,0,0
58004002,414,208,206,168,97,71,199,99,100,21,7,14,25,4,21,1,1,0
58004003,82,42,40,32,17,15,35,17,18,10,8,2,5,0,5,0,0,0
58004004,75,33,42,28,13,15,31,16,15,6,4,2,10,0,10,0,0,0
58005801,562,284,278,239,136,103,257,128,129,42,18,24,23,1,22,1,1,0
58005802,44,23,21,17,9,8,18,9,9,6,4,2,3,1,2,0,0,0
58006601,152,81,71,69,38,31,67,33,34,12,6,6,4,4,0,0,0,0
58007401,649,324,325,286,160,126,253,128,125,60,26,34,46,7,39,2,1,1
54801401,1256,619,637,519,284,235,540,271,269,114,52,62,80,12,68,1,0,1
54803101,814,407,407,359,197,162,328,164,164,85,41,44,39,5,34,3,0,3
58009101,470,230,240,211,109,102,192,97,95,40,19,21,27,5,22,0,0,0
58009102,77,42,35,35,23,12,30,15,15,7,3,4,5,1,4,0,0,0
58011201,1210,590,620,520,283,237,508,251,257,111,44,67,70,11,59,1,1,0
58011202,114,57,57,52,28,24,42,21,21,12,7,5,8,1,7,0,0,0
58012101,2055,1064,991,854,505,349,921,463,458,143,70,73,133,22,111,4,4,0
58012102,257,135,122,117,67,50,110,55,55,18,11,7,10,0,10,2,2,0
58012103,128,67,61,50,32,18,63,31,32,8,2,6,7,2,5,0,0,0
58016301,94,52,42,37,23,14,42,21,21,11,7,4,4,1,3,0,0,0
58016302,20,10,10,13,7,6,4,2,2,2,1,1,1,0,1,0,0,0
58016303,258,130,128,142,75,67,88,45,43,20,7,13,7,2,5,1,1,0
58021001,364,184,180,165,88,77,137,68,69,44,24,20,17,3,14,1,1,0
58022801,205,100,105,83,46,37,92,45,47,15,5,10,15,4,11,0,0,0
54804901,488,258,230,206,114,92,198,107,91,50,29,21,34,8,26,0,0,0
54804902,25,13,12,10,5,5,12,6,6,3,2,1,0,0,0,0,0,0
58026101,786,376,410,319,157,162,346,173,173,54,26,28,64,18,46,3,2,1
58027901,812,406,406,337,183,154,365,182,183,63,31,32,46,9,37,1,1,0
58027902,46,24,22,23,13,10,16,8,8,4,3,1,3,0,3,0,0,0
58027903,94,50,44,42,26,16,40,21,19,7,2,5,5,1,4,0,0,0
58029501,29,20,9,16,13,3,9,5,4,1,0,1,3,2,1,0,0,0
58029503,96,49,47,41,25,16,36,17,19,8,5,3,11,2,9,0,0,0
58029504,304,142,162,121,58,63,130,64,66,27,14,13,24,4,20,0,0,0
58033301,611,307,304,261,147,114,256,128,128,57,26,31,34,3,31,1,1,0
54797201,103,58,45,39,26,13,43,22,21,16,9,7,3,1,2,2,0,2
58034101,20,9,11,6,4,2,10,5,5,1,0,1,3,0,3,0,0,0
58034102,348,186,162,148,87,61,145,75,70,36,22,14,19,2,17,0,0,0
3128430,0,0,0,0,0,0,0,0,0,0,0,0,0,0,0,0,0,0
3128600,0,0,0,0,0,0,0,0,0,0,0,0,0,0,0,0,0,0
3128780,0,0,0,0,0,0,0,0,0,0,0,0,0,0,0,0,0,0
3216990,0,0,0,0,0,0,0,0,0,0,0,0,0,0,0,0,0,0
58035001,187,92,95,80,46,34,78,39,39,17,7,10,12,0,12,0,0,0
58035002,39,20,19,21,12,9,14,7,7,3,1,2,1,0,1,0,0,0
58035004,46,23,23,16,10,6,25,12,13,2,1,1,3,0,3,0,0,0
58035005,118,64,54,54,35,19,46,23,23,10,5,5,8,1,7,0,0,0
58035007,104,52,52,29,15,14,56,28,28,16,9,7,3,0,3,0,0,0
58035009,511,258,253,207,120,87,204,101,103,59,29,30,41,8,33,0,0,0
58035010,2877,1360,1517,1186,643,543,1050,521,529,416,162,254,212,25,187,13,9,4
58035013,33,15,18,17,9,8,12,6,6,2,0,2,2,0,2,0,0,0
58035014,309,165,144,115,65,50,132,68,64,47,27,20,15,5,10,0,0,0
58035015,3222,1575,1647,1267,718,549,1268,639,629,376,161,215,298,50,248,11,5,6
58035016,24,15,9,14,8,6,6,4,2,4,3,1,0,0,0,0,0,0
58035017,299,154,145,150,81,69,118,61,57,22,10,12,9,2,7,0,0,0
58035018,653,326,327,262,149,113,279,139,140,60,27,33,49,8,41,2,2,0
58037601,2850,1393,1457,1151,624,527,1189,591,598,285,130,155,215,44,171,10,4,6
58037602,55,26,29,26,13,13,19,10,9,8,3,5,2,0,2,0,0,0
58039201,691,362,329,293,166,127,313,157,156,43,26,17,40,12,28,2,1,1
58040601,246,127,119,100,58,42,109,55,54,17,11,6,19,3,16,1,0,1
58041401,303,149,154,120,60,60,146,74,72,21,12,9,16,3,13,0,0,0
58042201,311,152,159,115,60,55,146,74,72,27,16,11,22,2,20,1,0,1
58043102,37,22,15,16,11,5,13,7,6,3,2,1,5,2,3,0,0,0
58043103,634,330,304,272,161,111,236,117,119,83,41,42,41,11,30,2,0,2
58043104,136,73,63,66,37,29,56,29,27,9,6,3,5,1,4,0,0,0
58043106,81,44,37,36,21,15,29,15,14,13,7,6,3,1,2,0,0,0
58046501,126,67,59,53,30,23,52,26,26,12,8,4,9,3,6,0,0,0
58046502,239,118,121,99,52,47,102,49,53,17,10,7,21,7,14,0,0,0
57444901,171,88,83,74,37,37,77,40,37,13,8,5,7,3,4,0,0,0
58048102,192,98,94,86,51,35,77,38,39,16,8,8,13,1,12,0,0,0
58048103,105,52,53,36,18,18,46,24,22,13,8,5,10,2,8,0,0,0
58048104,83,42,41,37,17,20,35,18,17,8,6,2,3,1,2,0,0,0
58048105,76,40,36,26,14,12,43,22,21,5,4,1,2,0,2,0,0,0
58048106,80,44,36,38,22,16,27,14,13,8,6,2,7,2,5,0,0,0
58048107,3128,1524,1604,1251,689,562,1253,626,627,340,150,190,276,55,221,8,4,4
58048108,69,37,32,24,14,10,38,20,18,4,3,1,3,0,3,0,0,0
58048109,143,74,69,55,33,22,63,32,31,13,7,6,12,2,10,0,0,0
58049001,292,151,141,124,70,54,121,61,60,31,16,15,15,4,11,1,0,1
58050302,70,29,41,31,15,16,23,11,12,7,2,5,9,1,8,0,0,0
58050303,28,15,13,9,6,3,7,5,2,6,4,2,6,0,6,0,0,0
58050304,20,11,9,6,4,2,11,5,6,2,2,0,1,0,1,0,0,0
58050305,772,387,385,303,165,138,337,171,166,80,41,39,51,10,41,1,0,1
0789720,0,0,0,0,0,0,0,0,0,0,0,0,0,0,0,0,0,0
0790060,0,0,0,0,0,0,0,0,0,0,0,0,0,0,0,0,0,0
3385160,0,0,0,0,0,0,0,0,0,0,0,0,0,0,0,0,0,0
58051101,705,338,367,322,179,143,232,115,117,108,37,71,42,7,35,1,0,1
58051102,142,63,79,63,29,34,54,27,27,17,7,10,8,0,8,0,0,0
58051103,1304,609,695,488,248,240,568,282,286,156,60,96,87,16,71,5,3,2
58051104,165,82,83,75,38,37,67,35,32,11,5,6,11,3,8,1,1,0
58051105,354,167,187,166,82,84,105,51,54,57,28,29,24,5,19,2,1,1
58051107,422,207,215,163,86,77,179,89,90,47,24,23,32,7,25,1,1,0
58051108,2168,1056,1112,908,513,395,879,438,441,235,94,141,143,10,133,3,1,2
58051109,2529,1182,1347,1016,542,474,970,485,485,299,115,184,237,37,200,7,3,4
58051110,200,99,101,93,50,43,62,30,32,33,15,18,12,4,8,0,0,0
58051112,118,51,67,51,31,20,50,14,36,13,3,10,3,3,0,1,0,1
58051113,90,46,44,49,26,23,39,20,19,2,0,2,0,0,0,0,0,0
58051114,295,148,147,107,64,43,120,59,61,45,19,26,22,5,17,1,1,0
58051115,490,255,235,226,127,99,198,100,98,36,21,15,28,6,22,2,1,1
58051116,488,259,229,245,140,105,127,68,59,88,46,42,26,5,21,2,0,2
57169501,85,50,35,38,26,12,29,15,14,15,8,7,3,1,2,0,0,0
57169502,61,32,29,26,13,13,27,14,13,5,4,1,3,1,2,0,0,0
57169503,148,67,81,63,28,35,58,29,29,16,8,8,10,2,8,1,0,1
57169504,41,24,17,14,9,5,18,11,7,6,4,2,3,0,3,0,0,0
58053801,122,55,67,45,23,22,54,27,27,9,5,4,14,0,14,0,0,0
58053802,83,45,38,40,24,16,35,18,17,4,1,3,4,2,2,0,0,0
58053803,20,9,11,4,1,3,9,5,4,6,3,3,1,0,1,0,0,0
58053804,996,507,489,421,233,188,476,238,238,49,28,21,48,8,40,2,0,2
58053805,3921,1938,1983,1632,907,725,1582,797,785,459,182,277,239,46,193,6,3,3
58053806,1028,496,532,404,211,193,473,238,235,78,35,43,68,12,56,5,0,5
58056201,39,20,19,16,8,8,15,7,8,8,5,3,0,0,0,0,0,0
58056204,143,76,67,58,37,21,58,29,29,20,9,11,7,1,6,0,0,0
58014701,978,493,485,396,219,177,435,218,217,82,43,39,62,10,52,3,3,0
58014702,502,246,256,210,106,104,224,112,112,46,24,22,22,4,18,0,0,0
58014703,254,137,117,105,65,40,121,61,60,19,10,9,9,1,8,0,0,0
58057101,491,243,248,210,110,100,210,107,103,41,20,21,30,6,24,0,0,0
58058901,53,26,27,18,9,9,25,13,12,5,4,1,5,0,5,0,0,0
58058902,691,354,337,285,167,118,318,156,162,49,23,26,38,7,31,1,1,0
58061901,363,186,177,163,87,76,157,80,77,25,17,8,17,2,15,1,0,1
58062701,1153,566,587,485,253,232,507,254,253,98,47,51,61,11,50,2,1,1
58063501,109,56,53,70,40,30,28,14,14,3,1,2,8,1,7,0,0,0
58063502,626,314,312,279,157,122,263,130,133,39,20,19,45,7,38,0,0,0
58064301,575,308,267,245,147,98,253,127,126,43,25,18,33,8,25,1,1,0
58065101,399,200,199,177,99,78,152,77,75,38,15,23,32,9,23,0,0,0
58065103,107,52,55,44,20,24,41,21,20,12,6,6,10,5,5,0,0,0
58066001,208,108,100,96,53,43,86,44,42,18,10,8,8,1,7,0,0,0
58066002,53,29,24,26,17,9,23,11,12,2,1,1,2,0,2,0,0,0
58067801,137,71,66,62,36,26,56,28,28,9,4,5,10,3,7,0,0,0
58068601,62,31,31,22,13,9,29,15,14,9,3,6,2,0,2,0,0,0
58068602,863,442,421,354,204,150,385,192,193,69,36,33,51,9,42,4,1,3
57192001,74,41,33,26,16,10,31,17,14,10,8,2,7,0,7,0,0,0
57192002,36,18,18,13,8,5,16,8,8,5,2,3,2,0,2,0,0,0
57192003,194,101,93,85,49,36,80,41,39,20,10,10,9,1,8,0,0,0
58071601,75,39,36,34,19,15,28,14,14,9,5,4,4,1,3,0,0,0
58071603,44,22,22,21,10,11,13,6,7,7,5,2,3,1,2,0,0,0
58071604,112,55,57,40,22,18,38,19,19,18,11,7,15,2,13,1,1,0
58071605,339,170,169,146,79,67,153,77,76,19,9,10,19,4,15,2,1,1
58071606,38,21,17,14,9,5,20,10,10,2,1,1,2,1,1,0,0,0
58071607,30,15,15,16,8,8,11,6,5,3,1,2,0,0,0,0,0,0
58072401,269,141,128,117,70,47,113,57,56,24,11,13,15,3,12,0,0,0
58073201,632,335,297,309,174,135,238,119,119,50,31,19,35,11,24,0,0,0
58074101,230,116,114,103,57,46,91,46,45,22,12,10,14,1,13,0,0,0
58075901,26,15,11,14,9,5,11,5,6,1,1,0,0,0,0,0,0,0
58075902,166,81,85,55,30,25,60,30,30,21,15,6,29,6,23,1,0,1
58075904,58,28,30,29,15,14,21,11,10,2,2,0,6,0,6,0,0,0
58075905,100,48,52,48,24,24,44,22,22,3,2,1,5,0,5,0,0,0
58076701,249,123,126,108,58,50,115,58,57,11,4,7,14,3,11,1,0,1
58077501,551,283,268,247,141,106,231,115,116,48,23,25,24,4,20,1,0,1
58078301,66,35,31,31,19,12,22,11,11,5,3,2,7,1,6,1,1,0
58080501,136,65,71,53,25,28,65,33,32,9,5,4,8,2,6,1,0,1
58080502,122,65,57,43,29,14,64,32,32,3,2,1,12,2,10,0,0,0
58082101,50,21,29,17,7,10,18,10,8,12,4,8,3,0,3,0,0,0
58082102,301,150,151,143,72,71,123,62,61,16,8,8,19,8,11,0,0,0
58083001,71,39,32,24,14,10,31,16,15,13,9,4,3,0,3,0,0,0
57554201,96,49,47,28,14,14,47,24,23,11,8,3,10,3,7,0,0,0
57554202,61,31,30,23,12,11,25,12,13,7,4,3,6,3,3,0,0,0
58084801,970,510,460,416,242,174,389,195,194,119,65,54,45,8,37,1,0,1
58084802,70,39,31,28,19,9,29,15,14,8,3,5,4,1,3,0,0,0
58084803,806,367,439,421,214,207,200,97,103,157,53,104,26,2,24,2,1,1
54790501,811,411,400,343,188,155,332,166,166,84,43,41,51,14,37,1,0,1
57220901,47,27,20,10,7,3,30,15,15,6,5,1,1,0,1,0,0,0
57220902,47,24,23,18,11,7,18,9,9,7,3,4,4,1,3,0,0,0
57220903,283,152,131,117,71,46,113,57,56,32,15,17,21,9,12,0,0,0
58087201,26,10,16,11,4,7,11,5,6,1,1,0,3,0,3,0,0,0
58087202,623,313,310,256,136,120,276,140,136,40,22,18,48,14,34,3,1,2
58088101,244,121,123,88,46,42,117,59,58,20,11,9,19,5,14,0,0,0
57439201,569,294,275,241,141,100,258,130,128,35,19,16,34,4,30,0,0,0
58090201,144,78,66,62,37,25,60,30,30,12,8,4,10,3,7,0,0,0
55524001,602,301,301,283,152,131,229,115,114,50,29,21,40,5,35,0,0,0
58092901,373,193,180,159,92,67,150,75,75,40,22,18,23,3,20,1,1,0
58094501,430,204,226,170,84,86,213,108,105,32,11,21,15,1,14,0,0,0
54796401,226,117,109,81,47,34,108,56,52,19,12,7,18,2,16,0,0,0
58096101,864,442,422,340,193,147,370,186,184,85,47,38,68,16,52,1,0,1
58097001,25,10,15,13,5,8,10,5,5,1,0,1,1,0,1,0,0,0
58097002,541,284,257,223,139,84,255,128,127,31,15,16,32,2,30,0,0,0
57230601,183,100,83,82,52,30,68,34,34,10,6,4,21,7,14,2,1,1
58098801,113,56,57,56,32,24,39,19,20,9,4,5,9,1,8,0,0,0
58099601,71,33,38,30,15,15,33,17,16,3,1,2,5,0,5,0,0,0
58099602,113,58,55,49,27,22,48,24,24,7,5,2,9,2,7,0,0,0
58100301,131,75,56,64,41,23,46,23,23,15,10,5,6,1,5,0,0,0
58101101,169,79,90,73,35,38,67,34,33,14,7,7,15,3,12,0,0,0
58070801,72,34,38,22,12,10,35,18,17,6,4,2,9,0,9,0,0,0
58070802,200,105,95,75,43,32,100,50,50,14,10,4,11,2,9,0,0,0
58103801,195,102,93,80,50,30,88,43,45,11,8,3,16,1,15,0,0,0
58104601,831,438,393,350,208,142,347,173,174,85,52,33,47,5,42,2,0,2
58105401,111,62,49,44,25,19,43,22,21,19,13,6,5,2,3,0,0,0
58105403,472,240,232,166,93,73,218,109,109,56,28,28,31,9,22,1,1,0
58106201,113,55,58,48,23,25,54,27,27,7,3,4,4,2,2,0,0,0
58106202,363,189,174,133,73,60,187,95,92,28,16,12,13,3,10,0,0,0
58106203,86,42,44,32,18,14,40,20,20,5,3,2,9,1,8,0,0,0
54792101,91,49,42,50,28,22,29,15,14,7,6,1,5,0,5,0,0,0
58107101,733,370,363,302,169,133,314,156,158,73,35,38,44,10,34,0,0,0
57586101,152,75,77,61,32,29,58,28,30,18,11,7,15,4,11,0,0,0
58108901,110,58,52,46,25,21,44,22,22,15,10,5,5,1,4,0,0,0
58108902,26,11,15,16,7,9,8,4,4,0,0,0,2,0,2,0,0,0
58108903,181,86,95,75,41,34,68,34,34,19,9,10,19,2,17,0,0,0
1753740,0,0,0,0,0,0,0,0,0,0,0,0,0,0,0,0,0,0
1753910,0,0,0,0,0,0,0,0,0,0,0,0,0,0,0,0,0,0
3038870,0,0,0,0,0,0,0,0,0,0,0,0,0,0,0,0,0,0
57989101,295,149,146,110,64,46,129,64,65,32,17,15,23,3,20,1,1,0
57989102,52,28,24,20,13,7,23,12,11,6,3,3,3,0,3,0,0,0
57989103,48,23,25,24,12,12,14,7,7,6,3,3,4,1,3,0,0,0
57989104,326,173,153,143,91,52,138,70,68,25,9,16,20,3,17,0,0,0
57989106,827,404,423,367,196,171,306,153,153,104,45,59,49,9,40,1,1,0
57989107,25,12,13,14,6,8,11,6,5,0,0,0,0,0,0,0,0,0
57989108,2165,1105,1060,914,519,395,883,453,430,255,113,142,106,16,90,7,4,3
57989110,758,366,392,311,156,155,282,142,140,108,53,55,53,11,42,4,4,0
57989111,130,67,63,58,33,25,58,29,29,10,5,5,4,0,4,0,0,0
57989112,103,52,51,50,28,22,43,22,21,6,2,4,4,0,4,0,0,0
57989113,58,31,27,18,12,6,32,16,16,6,3,3,2,0,2,0,0,0
57989114,193,90,103,73,37,36,81,40,41,18,9,9,21,4,17,0,0,0
57989115,1483,716,767,617,332,285,581,295,286,169,68,101,113,20,93,2,1,1
57989116,969,481,488,366,206,160,437,221,216,95,38,57,67,15,52,4,1,3
57989118,4172,1902,2270,1550,833,717,1563,773,790,610,230,380,432,56,376,16,9,7
57989119,669,383,286,330,199,131,202,102,100,109,73,36,23,5,18,1,1,0
57989120,1513,744,769,674,374,300,537,269,268,221,88,133,79,12,67,1,1,0
57989122,172,55,117,31,16,15,35,19,16,24,8,16,81,12,69,1,0,1
58110101,28,16,12,20,11,9,7,4,3,1,1,0,0,0,0,0,0,0
58110102,228,124,104,88,59,29,101,50,51,22,12,10,17,3,14,0,0,0
58111901,720,359,361,314,170,144,321,162,159,45,22,23,40,5,35,0,0,0
57248901,132,65,67,49,27,22,53,27,26,15,7,8,15,4,11,0,0,0
58114301,117,65,52,43,27,16,51,26,25,11,9,2,12,3,9,0,0,0
58114302,206,105,101,90,54,36,84,42,42,18,8,10,14,1,13,0,0,0
58115101,147,70,77,51,28,23,63,32,31,14,8,6,19,2,17,0,0,0
58115102,62,32,30,29,15,14,26,14,12,3,3,0,4,0,4,0,0,0
58115103,547,278,269,248,139,109,206,102,104,57,32,25,33,4,29,3,1,2
54802201,78,40,38,31,19,12,33,17,16,12,4,8,2,0,2,0,0,0
54802202,73,37,36,26,14,12,39,20,19,4,3,1,4,0,4,0,0,0
0673930,0,0,0,0,0,0,0,0,0,0,0,0,0,0,0,0,0,0
58117801,97,47,50,33,17,16,53,26,27,7,4,3,4,0,4,0,0,0
58117803,845,433,412,363,204,159,357,181,176,80,39,41,44,8,36,1,1,0
1882710,0,0,0,0,0,0,0,0,0,0,0,0,0,0,0,0,0,0
1882980,0,0,0,0,0,0,0,0,0,0,0,0,0,0,0,0,0,0
3038950,0,0,0,0,0,0,0,0,0,0,0,0,0,0,0,0,0,0
58118601,98,55,43,42,28,14,42,21,21,5,4,1,9,2,7,0,0,0
58118602,166,87,79,59,35,24,78,40,38,15,10,5,14,2,12,0,0,0
58118603,46,24,22,18,10,8,15,7,8,6,4,2,5,1,4,0,0,0
58118604,102,55,47,44,26,18,37,19,18,14,7,7,7,3,4,0,0,0
58118605,85,46,39,27,19,8,45,22,23,7,5,2,5,0,5,1,0,1
58118606,107,55,52,44,25,19,48,25,23,11,5,6,4,0,4,0,0,0
58118607,156,83,73,75,47,28,57,28,29,15,7,8,9,1,8,0,0,0
58118608,45,33,12,9,6,3,27,19,8,5,4,1,0,0,0,4,4,0
58118609,249,117,132,99,44,55,125,63,62,18,10,8,7,0,7,0,0,0
58118610,212,104,108,103,54,49,74,37,37,23,11,12,12,2,10,0,0,0
58118612,1015,519,496,365,213,152,487,243,244,85,42,43,74,17,57,4,4,0
58118613,1988,973,1015,791,448,343,786,404,382,251,96,155,150,19,131,9,5,4
58118614,2316,1098,1218,940,533,407,779,388,391,359,132,227,229,40,189,9,5,4
58118615,43,21,22,14,8,6,16,8,8,11,5,6,2,0,2,0,0,0
58118616,1376,653,723,592,328,264,486,246,240,158,50,108,131,26,105,7,1,6
58118617,48,28,20,24,16,8,20,10,10,2,1,1,2,1,1,0,0,0
58118618,263,132,131,111,64,47,110,55,55,20,6,14,22,7,15,0,0,0
58118619,241,118,123,176,86,90,43,22,21,12,6,6,10,4,6,0,0,0
58118620,807,432,375,381,230,151,259,125,134,115,67,48,49,7,42,3,3,0
58118621,936,471,465,372,220,152,383,194,189,111,48,63,67,9,58,3,0,3
58118623,24,13,11,12,6,6,8,4,4,2,2,0,2,1,1,0,0,0
58118625,73,41,32,34,25,9,24,12,12,7,2,5,7,2,5,1,0,1
58118626,1673,831,842,749,410,339,639,326,313,176,70,106,103,21,82,6,4,2
58119401,40,25,15,13,10,3,18,9,9,7,4,3,2,2,0,0,0,0
58119402,52,28,24,19,13,6,22,11,11,8,3,5,3,1,2,0,0,0
58120801,152,74,78,55,29,26,73,37,36,14,8,6,10,0,10,0,0,0
58120802,133,72,61,54,34,20,43,24,19,19,10,9,11,0,11,6,4,2
58120803,28,13,15,7,3,4,11,5,6,8,5,3,2,0,2,0,0,0
58120804,423,210,213,182,102,80,171,87,84,41,17,24,29,4,25,0,0,0
58121601,67,36,31,26,15,11,34,18,16,4,2,2,2,0,2,1,1,0
58121602,167,84,83,73,43,30,57,29,28,22,10,12,14,1,13,1,1,0
58122401,41,16,25,16,5,11,12,6,6,10,4,6,2,0,2,0,0,0
58122402,58,25,33,23,9,14,27,14,13,6,2,4,2,0,2,0,0,0
58122403,184,99,85,66,42,24,89,44,45,14,10,4,15,3,12,0,0,0
58122404,60,33,27,24,14,10,26,14,12,7,4,3,3,1,2,0,0,0
58122405,374,185,189,168,90,78,139,68,71,40,21,19,26,6,20,1,0,1
58123201,208,96,112,86,42,44,94,48,46,12,6,6,16,0,16,0,0,0
58125901,2112,1021,1091,846,474,372,848,423,425,273,92,181,140,28,112,5,4,1
58125902,730,372,358,368,197,171,216,108,108,106,57,49,39,10,29,1,0,1
58125903,139,74,65,56,35,21,64,32,32,10,4,6,9,3,6,0,0,0
58125904,85,47,38,47,31,16,22,11,11,15,5,10,1,0,1,0,0,0
58125905,423,214,209,195,104,91,149,75,74,59,27,32,19,7,12,1,1,0
58125906,902,425,477,324,182,142,365,184,181,91,40,51,120,18,102,2,1,1
58125907,36,19,17,16,9,7,16,8,8,2,2,0,2,0,2,0,0,0
58125909,131,68,63,52,29,23,55,28,27,17,10,7,7,1,6,0,0,0
58125910,1230,599,631,554,314,240,440,216,224,161,58,103,69,8,61,6,3,3
58126701,39,19,20,20,10,10,12,6,6,5,3,2,2,0,2,0,0,0
58126702,253,157,96,144,105,39,85,44,41,14,8,6,10,0,10,0,0,0
58127501,971,484,487,445,231,214,410,203,207,70,37,33,45,12,33,1,1,0
54619401,121,60,61,44,25,19,59,29,30,8,4,4,10,2,8,0,0,0
54826001,155,90,65,65,45,20,57,29,28,18,12,6,15,4,11,0,0,0
57356601,162,84,78,60,37,23,81,39,42,12,7,5,8,1,7,1,0,1
57356602,52,27,25,17,9,8,20,10,10,8,6,2,7,2,5,0,0,0
54843001,225,118,107,78,47,31,108,55,53,19,12,7,20,4,16,0,0,0
56845701,174,92,82,65,36,29,83,42,41,14,10,4,12,4,8,0,0,0
56845702,62,28,34,26,12,14,25,13,12,7,3,4,4,0,4,0,0,0
56845703,54,27,27,23,12,11,26,14,12,1,0,1,4,1,3,0,0,0
57355802,66,32,34,30,16,14,20,10,10,10,5,5,6,1,5,0,0,0
56846501,51,25,26,21,10,11,21,11,10,4,2,2,5,2,3,0,0,0
56846502,73,36,37,28,16,12,32,16,16,5,3,2,8,1,7,0,0,0
54827801,168,79,89,51,29,22,82,43,39,11,3,8,24,4,20,0,0,0
56849001,161,87,74,60,37,23,79,40,39,12,7,5,10,3,7,0,0,0
54837501,87,42,45,30,14,16,42,21,21,8,5,3,7,2,5,0,0,0
56850301,67,32,35,30,15,15,27,13,14,7,4,3,3,0,3,0,0,0
56850302,980,499,481,417,237,180,429,214,215,70,33,37,62,13,49,2,2,0
56852001,149,76,73,54,32,22,70,35,35,9,5,4,15,4,11,1,0,1
56852002,49,25,24,23,12,11,13,7,6,11,6,5,2,0,2,0,0,0
56852003,35,21,14,12,10,2,17,9,8,4,2,2,2,0,2,0,0,0
56852004,69,34,35,36,17,19,26,14,12,5,3,2,2,0,2,0,0,0
56852005,32,17,15,12,8,4,14,7,7,1,1,0,5,1,4,0,0,0
56853801,425,208,217,174,92,82,178,89,89,35,19,16,34,5,29,4,3,1
56859701,378,194,184,169,94,75,157,79,78,31,17,14,20,4,16,1,0,1
56859702,27,11,16,9,4,5,12,6,6,1,1,0,5,0,5,0,0,0
56860101,747,387,360,304,175,129,340,170,170,59,30,29,42,10,32,2,2,0
56860103,57,27,30,17,11,6,24,12,12,5,3,2,10,1,9,1,0,1
56860104,38,16,22,16,8,8,7,4,3,7,3,4,8,1,7,0,0,0
56860105,63,32,31,15,10,5,36,18,18,6,3,3,6,1,5,0,0,0
54844801,92,41,51,41,18,23,31,16,15,11,5,6,8,1,7,1,1,0
56861901,171,81,90,79,39,40,70,35,35,14,6,8,7,0,7,1,1,0
56863502,2268,1133,1135,947,535,412,881,452,429,257,115,142,179,27,152,3,3,0
56863504,64,28,36,29,13,16,26,12,14,5,2,3,4,1,3,0,0,0
56863505,52,29,23,20,14,6,23,12,11,5,2,3,4,1,3,0,0,0
56863507,60,26,34,20,12,8,26,13,13,4,1,3,10,0,10,0,0,0
56863508,21,11,10,6,4,2,12,6,6,0,0,0,3,1,2,0,0,0
56863509,76,35,41,29,16,13,29,14,15,8,4,4,10,1,9,0,0,0
56863510,52,27,25,10,7,3,35,18,17,5,2,3,2,0,2,0,0,0
56865101,27,15,12,9,5,4,14,7,7,1,1,0,2,2,0,1,0,1
56865102,163,108,55,100,78,22,55,27,28,3,3,0,5,0,5,0,0,0
56865103,97,52,45,30,22,8,53,26,27,5,3,2,9,1,8,0,0,0
56865104,983,489,494,398,225,173,442,220,222,70,35,35,72,9,63,1,0,1
56866001,892,448,444,380,211,169,374,187,187,79,37,42,58,13,45,1,0,1
56866002,54,26,28,20,10,10,23,12,11,4,2,2,6,2,4,1,0,1
56866003,20,12,8,5,3,2,10,5,5,3,2,1,0,0,0,0,0,0
56841401,70,37,33,30,18,12,24,12,12,8,6,2,8,1,7,0,0,0
56841402,54,23,31,17,5,12,28,14,14,3,2,1,6,2,4,0,0,0
56841403,432,217,215,178,97,81,194,98,96,35,18,17,23,2,21,2,2,0
56841404,95,51,44,35,22,13,41,21,20,12,7,5,7,1,6,0,0,0
56841405,395,208,187,170,101,69,155,81,74,38,17,21,32,9,23,0,0,0
56841406,25,12,13,7,4,3,13,6,7,2,1,1,3,1,2,0,0,0
56841407,67,36,31,23,14,9,30,15,15,7,6,1,7,1,6,0,0,0
56841409,132,68,64,51,28,23,70,35,35,5,3,2,6,2,4,0,0,0
56841410,61,37,24,30,22,8,24,12,12,4,2,2,3,1,2,0,0,0
56841411,86,47,39,30,20,10,43,22,21,6,3,3,7,2,5,0,0,0
56841412,234,121,113,109,60,49,101,51,50,14,8,6,10,2,8,0,0,0
56841413,74,39,35,28,16,12,38,19,19,4,2,2,4,2,2,0,0,0
56841414,126,68,58,58,35,23,49,24,25,13,7,6,6,2,4,0,0,0
56841415,212,101,111,88,47,41,89,45,44,17,7,10,18,2,16,0,0,0
56841416,71,34,37,33,20,13,22,10,12,8,3,5,8,1,7,0,0,0
56841417,291,152,139,113,69,44,130,64,66,32,16,16,16,3,13,0,0,0
56841418,251,130,121,123,68,55,96,49,47,16,10,6,16,3,13,0,0,0
56841419,429,208,221,155,87,68,208,102,106,28,13,15,37,6,31,1,0,1
56841420,1799,923,876,726,420,306,677,334,343,279,142,137,108,21,87,9,6,3
56841421,306,151,155,109,63,46,147,74,73,25,11,14,25,3,22,0,0,0
56841423,1078,512,566,527,264,263,430,214,216,82,29,53,38,5,33,1,0,1
56841424,1624,778,846,687,382,305,594,293,301,230,81,149,108,20,88,5,2,3
56841425,2470,1198,1272,902,485,417,1132,567,565,237,102,135,188,38,150,9,6,3
56841426,1126,510,616,472,253,219,389,195,194,156,45,111,104,15,89,5,2,3
56841429,1679,784,895,597,338,259,667,331,336,201,82,119,209,30,179,5,3,2
56841430,335,165,170,155,89,66,109,55,54,52,15,37,19,6,13,0,0,0
56841431,75,34,41,29,14,15,35,17,18,6,3,3,5,0,5,0,0,0
56841432,1051,523,528,359,205,154,538,268,270,76,32,44,78,18,60,0,0,0
56841433,292,171,121,157,114,43,46,20,26,59,32,27,25,2,23,5,3,2
56841434,1343,630,713,575,300,275,504,254,250,167,65,102,91,11,80,6,0,6
56841435,904,441,463,353,196,157,383,188,195,100,44,56,67,13,54,1,0,1
56841436,199,111,88,79,52,27,96,48,48,14,7,7,8,3,5,2,1,1
56841437,862,424,438,359,198,161,337,169,168,90,35,55,63,15,48,13,7,6
56841438,817,410,407,325,196,129,320,161,159,105,44,61,64,8,56,1,1,0
56841439,2263,1040,1223,878,463,415,849,425,424,313,117,196,212,31,181,11,4,7
56841440,877,413,464,365,207,158,241,121,120,169,59,110,96,22,74,6,4,2
56841441,276,153,123,114,68,46,111,57,54,35,17,18,6,3,3,10,8,2
56841442,346,180,166,150,85,65,87,47,40,78,33,45,17,4,13,14,11,3
56841443,93,48,45,32,17,15,50,24,26,6,4,2,5,3,2,0,0,0
56867801,589,304,285,247,144,103,253,125,128,47,28,19,42,7,35,0,0,0
56867802,57,25,32,20,9,11,27,13,14,5,2,3,5,1,4,0,0,0
56867803,66,33,33,19,10,9,34,18,16,5,4,1,7,0,7,1,1,0
56867804,133,64,69,56,31,25,52,23,29,15,6,9,9,3,6,1,1,0
56867805,21,11,10,6,3,3,7,4,3,5,3,2,2,1,1,1,0,1
56867806,81,39,42,32,15,17,35,19,16,8,3,5,6,2,4,0,0,0
56867807,68,36,32,23,14,9,39,19,20,3,2,1,3,1,2,0,0,0
56867808,64,37,27,23,15,8,29,15,14,6,3,3,6,4,2,0,0,0
54859602,51,24,27,14,8,6,26,13,13,4,1,3,6,2,4,1,0,1
0400700,0,0,0,0,0,0,0,0,0,0,0,0,0,0,0,0,0,0
56869401,24,13,11,14,8,6,8,4,4,2,1,1,0,0,0,0,0,0
56869402,380,193,187,161,90,71,172,85,87,19,13,6,28,5,23,0,0,0
56869403,69,37,32,24,16,8,36,20,16,1,1,0,8,0,8,0,0,0
56869404,64,33,31,19,13,6,28,15,13,11,4,7,6,1,5,0,0,0
56869406,77,42,35,29,19,10,30,15,15,13,7,6,5,1,4,0,0,0
0431502,0,0,0,0,0,0,0,0,0,0,0,0,0,0,0,0,0,0
56870801,468,248,220,202,117,85,223,114,109,23,11,12,20,6,14,0,0,0
56870803,43,23,20,19,10,9,22,12,10,1,1,0,1,0,1,0,0,0
56870804,58,26,32,26,12,14,28,14,14,1,0,1,3,0,3,0,0,0
54824301,68,40,28,22,19,3,31,16,15,4,4,0,10,0,10,1,1,0
56872401,30,12,18,18,8,10,6,3,3,2,1,1,4,0,4,0,0,0
56872402,166,90,76,59,33,26,79,44,35,18,10,8,10,3,7,0,0,0
56872403,43,22,21,15,10,5,16,8,8,6,2,4,6,2,4,0,0,0
53064601,241,127,114,94,58,36,110,55,55,22,13,9,15,1,14,0,0,0
0529140,0,0,0,0,0,0,0,0,0,0,0,0,0,0,0,0,0,0
1359842,0,0,0,0,0,0,0,0,0,0,0,0,0,0,0,0,0,0
56875901,266,142,124,117,73,44,116,59,57,12,6,6,21,4,17,0,0,0
56875902,69,30,39,19,8,11,34,17,17,7,5,2,9,0,9,0,0,0
56875904,113,59,54,41,26,15,54,27,27,11,5,6,7,1,6,0,0,0
56875905,136,70,66,47,25,22,67,34,33,12,9,3,10,2,8,0,0,0
56875906,74,42,32,29,18,11,33,17,16,6,5,1,6,2,4,0,0,0
56875907,91,48,43,32,20,12,49,25,24,2,0,2,8,3,5,0,0,0
56875908,139,69,70,53,27,26,65,33,32,10,6,4,11,3,8,0,0,0
56875909,23,15,8,6,6,0,11,6,5,5,3,2,1,0,1,0,0,0
56875910,101,48,53,44,23,21,38,18,20,11,6,5,8,1,7,0,0,0
56875911,235,123,112,95,58,37,102,52,50,20,10,10,18,3,15,0,0,0
56875912,670,327,343,249,146,103,270,134,136,88,38,50,61,8,53,2,1,1
56875913,376,180,196,109,53,56,207,103,104,31,19,12,28,4,24,1,1,0
56875914,732,361,371,324,173,151,306,153,153,64,28,36,37,6,31,1,1,0
56875916,39,24,15,23,16,7,7,4,3,6,3,3,3,1,2,0,0,0
56875917,633,305,328,203,118,85,307,153,154,46,21,25,77,13,64,0,0,0
56875918,247,124,123,139,72,67,85,43,42,20,8,12,3,1,2,0,0,0
56875921,28,18,10,8,7,1,11,6,5,6,4,2,3,1,2,0,0,0
56875922,1510,745,765,648,371,277,500,251,249,244,106,138,112,13,99,6,4,2
56875923,38,18,20,15,7,8,15,8,7,4,3,1,4,0,4,0,0,0
56875924,1482,719,763,544,310,234,676,339,337,143,49,94,118,20,98,1,1,0
56875927,1785,860,925,731,401,330,708,355,353,236,86,150,108,17,91,2,1,1
56876701,114,63,51,48,34,14,38,19,19,15,9,6,11,0,11,2,1,1
57357401,37,14,23,14,6,8,14,6,8,5,1,4,4,1,3,0,0,0
57357402,111,63,48,39,28,11,57,30,27,5,2,3,10,3,7,0,0,0
56878301,38,16,22,18,5,13,14,7,7,3,3,0,3,1,2,0,0,0
56878302,45,26,19,22,14,8,15,8,7,3,2,1,5,2,3,0,0,0
56880501,48,25,23,18,10,8,22,11,11,4,4,0,4,0,4,0,0,0
56880502,148,78,70,51,29,22,74,39,35,12,7,5,11,3,8,0,0,0
56880504,54,26,28,22,12,10,24,11,13,4,1,3,4,2,2,0,0,0
54841301,117,60,57,46,24,22,61,31,30,3,3,0,7,2,5,0,0,0
54621601,226,113,113,99,53,46,93,47,46,19,10,9,14,2,12,1,1,0
56882101,70,41,29,24,19,5,32,16,16,8,5,3,6,1,5,0,0,0
56882102,264,128,136,107,60,47,106,54,52,22,10,12,28,4,24,1,0,1
56882103,46,22,24,20,8,12,13,7,6,12,7,5,1,0,1,0,0,0
56884801,259,132,127,98,57,41,126,66,60,17,7,10,18,2,16,0,0,0
56885601,77,40,37,29,20,9,30,15,15,9,4,5,9,1,8,0,0,0
56885603,36,20,16,14,9,5,18,9,9,2,2,0,2,0,2,0,0,0
54828601,62,32,30,24,14,10,31,15,16,4,2,2,3,1,2,0,0,0
54828602,261,131,130,107,56,51,114,58,56,29,16,13,11,1,10,0,0,0
54828603,23,11,12,11,5,6,8,4,4,2,2,0,2,0,2,0,0,0
54828604,85,44,41,38,25,13,39,19,20,2,0,2,6,0,6,0,0,0
54852901,177,81,96,80,39,41,79,39,40,6,2,4,11,1,10,1,0,1
56888101,157,79,78,57,30,27,77,38,39,12,7,5,11,4,7,0,0,0
54818901,197,98,99,78,45,33,88,44,44,13,7,6,18,2,16,0,0,0
56889901,81,40,41,37,23,14,28,14,14,7,3,4,9,0,9,0,0,0
56889902,20,10,10,8,4,4,10,5,5,1,1,0,1,0,1,0,0,0
56889903,24,13,11,8,6,2,12,6,6,1,1,0,3,0,3,0,0,0
56889905,75,31,44,30,11,19,31,16,15,6,3,3,7,0,7,1,1,0
56890201,140,74,66,49,32,17,64,32,32,16,8,8,11,2,9,0,0,0
56890203,578,289,289,235,138,97,236,117,119,63,31,32,44,3,41,0,0,0
56890204,82,40,42,38,19,19,36,18,18,6,2,4,2,1,1,0,0,0
54861801,51,25,26,22,12,10,23,12,11,3,1,2,3,0,3,0,0,0
54861802,58,29,29,21,12,9,28,13,15,6,4,2,3,0,3,0,0,0
56892901,49,27,22,17,12,5,24,12,12,2,2,0,6,1,5,0,0,0
56892903,83,41,42,30,16,14,38,20,18,11,4,7,4,1,3,0,0,0
56892904,38,21,17,17,11,6,16,8,8,3,1,2,2,1,1,0,0,0
56892905,52,27,25,19,13,6,22,11,11,3,2,1,8,1,7,0,0,0
56892907,23,12,11,8,5,3,11,6,5,1,1,0,3,0,3,0,0,0
56892908,176,92,84,67,39,28,80,40,40,21,12,9,8,1,7,0,0,0
56892909,31,15,16,10,5,5,18,9,9,2,1,1,1,0,1,0,0,0
56892910,46,24,22,17,10,7,23,12,11,3,2,1,3,0,3,0,0,0
56892911,21,11,10,9,5,4,8,4,4,3,2,1,1,0,1,0,0,0
56893701,119,60,59,39,22,17,56,29,27,10,5,5,13,3,10,1,1,0
56894501,67,31,36,27,15,12,23,12,11,10,2,8,7,2,5,0,0,0
56894502,1268,648,620,538,311,227,561,279,282,81,41,40,85,16,69,3,1,2
56894503,183,100,83,65,44,21,83,41,42,19,12,7,16,3,13,0,0,0
54857001,109,61,48,45,31,14,46,24,22,11,6,5,7,0,7,0,0,0
56895302,157,85,72,52,33,19,78,40,38,13,8,5,14,4,10,0,0,0
56895303,64,33,31,17,11,6,34,16,18,10,5,5,3,1,2,0,0,0
54830801,118,66,52,46,31,15,50,26,24,15,6,9,7,3,4,0,0,0
54830802,28,18,10,15,11,4,7,3,4,5,4,1,1,0,1,0,0,0
56897001,95,47,48,36,18,18,44,22,22,7,3,4,8,4,4,0,0,0
54848101,25,15,10,11,8,3,11,5,6,2,1,1,1,1,0,0,0,0
54848102,29,15,14,11,7,4,14,7,7,3,1,2,1,0,1,0,0,0
3120450,0,0,0,0,0,0,0,0,0,0,0,0,0,0,0,0,0,0
56898801,201,102,99,78,45,33,92,48,44,14,8,6,17,1,16,0,0,0
56898802,91,44,47,34,19,15,42,21,21,8,3,5,7,1,6,0,0,0
56898803,45,21,24,16,10,6,18,9,9,4,2,2,7,0,7,0,0,0
56898804,486,244,242,162,92,70,241,119,122,40,24,16,43,9,34,0,0,0
56898805,485,253,232,198,127,71,160,81,79,81,40,41,43,3,40,3,2,1
56898806,659,320,339,246,132,114,273,137,136,84,42,42,54,8,46,2,1,1
56898807,89,63,26,56,46,10,10,5,5,11,8,3,9,2,7,3,2,1
56898808,1138,571,567,407,238,169,525,262,263,103,52,51,101,17,84,2,2,0
56898809,1614,745,869,615,332,283,597,299,298,234,85,149,165,28,137,3,1,2
56899601,83,39,44,39,19,20,29,15,14,9,5,4,6,0,6,0,0,0
56901101,64,31,33,19,11,8,33,17,16,6,3,3,6,0,6,0,0,0
56901102,368,182,186,146,83,63,162,81,81,32,13,19,27,4,23,1,1,0
56901103,40,22,18,16,11,5,14,7,7,6,4,2,4,0,4,0,0,0
56901104,41,19,22,10,5,5,19,10,9,7,3,4,4,1,3,1,0,1
56902003,61,28,33,16,9,7,24,12,12,8,6,2,13,1,12,0,0,0
56902004,49,25,24,26,13,13,19,10,9,1,0,1,3,2,1,0,0,0
56902007,59,33,26,24,16,8,18,9,9,8,5,3,9,3,6,0,0,0
56902008,571,281,290,226,117,109,278,140,138,28,18,10,39,6,33,0,0,0
56902009,83,45,38,27,16,11,46,23,23,5,4,1,5,2,3,0,0,0
56903801,160,84,76,66,40,26,78,39,39,8,4,4,7,0,7,1,1,0
56903802,31,13,18,14,6,8,14,7,7,0,0,0,3,0,3,0,0,0
56903803,811,401,410,331,174,157,369,186,183,59,26,33,52,15,37,0,0,0
56903804,136,68,68,52,28,24,64,33,31,13,4,9,6,3,3,1,0,1
56904601,29,16,13,7,5,2,16,8,8,4,3,1,1,0,1,1,0,1
56904602,537,292,245,218,135,83,219,115,104,58,33,25,41,8,33,1,1,0
56904603,32,18,14,12,9,3,12,6,6,3,2,1,5,1,4,0,0,0
56906201,29,10,19,14,5,9,10,4,6,1,1,0,4,0,4,0,0,0
56906202,555,288,267,222,133,89,234,117,117,57,31,26,42,7,35,0,0,0
56906203,28,13,15,15,7,8,10,5,5,1,0,1,2,1,1,0,0,0
56907101,201,101,100,75,44,31,97,48,49,13,7,6,16,2,14,0,0,0
56908901,40,22,18,17,12,5,18,9,9,1,0,1,4,1,3,0,0,0
56908903,25,12,13,10,7,3,9,4,5,3,1,2,3,0,3,0,0,0
56908904,55,34,21,27,20,7,23,12,11,3,2,1,2,0,2,0,0,0
56908905,26,12,14,9,4,5,12,6,6,3,2,1,2,0,2,0,0,0
56908906,425,208,217,142,78,64,224,115,109,24,10,14,35,5,30,0,0,0
56908907,33,17,16,7,5,2,17,9,8,7,3,4,2,0,2,0,0,0
54831601,224,119,105,99,58,41,94,49,45,17,10,7,14,2,12,0,0,0
56912701,155,79,76,57,29,28,74,37,37,11,8,3,12,5,7,1,0,1
54819701,66,31,35,22,12,10,28,14,14,9,4,5,7,1,6,0,0,0
56916001,499,252,247,206,111,95,215,108,107,37,25,12,41,8,33,0,0,0
56916002,41,21,20,21,11,10,12,6,6,5,3,2,3,1,2,0,0,0
56915101,114,54,60,43,21,22,58,29,29,6,3,3,7,1,6,0,0,0
55526601,504,250,254,198,102,96,244,123,121,37,20,17,25,5,20,0,0,0
55526602,26,17,9,13,11,2,8,3,5,3,2,1,1,1,0,1,0,1
56918601,187,95,92,72,38,34,81,40,41,22,13,9,12,4,8,0,0,0
56918602,755,380,375,315,177,138,335,166,169,67,31,36,38,6,32,0,0,0
56918603,54,26,28,30,16,14,14,7,7,6,3,3,4,0,4,0,0,0
56918604,137,63,74,55,27,28,66,33,33,7,3,4,9,0,9,0,0,0
56918605,118,55,63,54,28,26,42,21,21,7,4,3,14,1,13,1,1,0
56918606,82,36,46,31,14,17,39,19,20,8,3,5,4,0,4,0,0,0
56918607,25,14,11,12,8,4,9,4,5,4,2,2,0,0,0,0,0,0
54858801,248,123,125,115,59,56,100,49,51,22,13,9,10,1,9,1,1,0
54858802,26,12,14,11,5,6,9,5,4,4,2,2,2,0,2,0,0,0
56920801,192,96,96,91,52,39,83,41,42,7,3,4,11,0,11,0,0,0
56921601,379,182,197,163,78,85,173,87,86,23,13,10,19,3,16,1,1,0
54835901,146,73,73,63,35,28,67,33,34,9,4,5,7,1,6,0,0,0
56922401,353,175,178,140,81,59,164,82,82,25,10,15,24,2,22,0,0,0
56923201,175,88,87,78,45,33,66,33,33,11,5,6,20,5,15,0,0,0
56924102,120,64,56,45,26,19,45,23,22,21,11,10,9,4,5,0,0,0
54863402,52,29,23,23,15,8,22,11,11,2,2,0,5,1,4,0,0,0
54863403,78,42,36,35,21,14,30,15,15,5,4,1,8,2,6,0,0,0
54825101,123,64,59,33,22,11,62,32,30,16,8,8,12,2,10,0,0,0
56929101,595,292,303,248,133,115,244,124,120,55,27,28,48,8,40,0,0,0
56929102,41,23,18,18,13,5,14,7,7,5,2,3,4,1,3,0,0,0
56929103,60,30,30,26,16,10,19,10,9,4,1,3,11,3,8,0,0,0
57359101,75,39,36,31,17,14,31,16,15,8,5,3,5,1,4,0,0,0
56931301,54,26,28,23,12,11,18,9,9,8,4,4,5,1,4,0,0,0
56931302,49,25,24,27,15,12,20,10,10,0,0,0,2,0,2,0,0,0
56931303,36,15,21,15,5,10,14,7,7,4,3,1,3,0,3,0,0,0
56932101,101,47,54,35,18,17,52,26,26,7,3,4,7,0,7,0,0,0
56932102,165,95,70,79,54,25,55,28,27,17,9,8,13,3,10,1,1,0
56932103,198,101,97,83,48,35,94,47,47,11,6,5,9,0,9,1,0,1
56932104,97,53,44,45,30,15,44,22,22,3,1,2,5,0,5,0,0,0
56932105,83,41,42,34,18,16,31,16,15,8,6,2,10,1,9,0,0,0
56932106,90,42,48,35,16,19,36,18,18,11,6,5,8,2,6,0,0,0
56932107,32,12,20,12,5,7,11,5,6,5,2,3,4,0,4,0,0,0
56932108,2845,1411,1434,1151,650,501,1229,618,611,256,110,146,202,29,173,5,2,3
56932109,49,23,26,23,12,11,20,10,10,1,1,0,5,0,5,0,0,0
56932110,110,56,54,45,22,23,40,20,20,21,14,7,4,0,4,0,0,0
56932111,53,28,25,25,14,11,18,9,9,5,4,1,5,1,4,0,0,0
56934801,417,209,208,174,96,78,179,92,87,39,19,20,25,2,23,0,0,0
56936401,159,85,74,71,45,26,61,30,31,18,8,10,9,2,7,0,0,0
56939901,31,15,16,14,8,6,13,6,7,2,1,1,2,0,2,0,0,0
56939902,449,230,219,162,90,72,238,120,118,25,13,12,23,6,17,1,1,0
56940201,29,14,15,8,4,4,11,5,6,6,4,2,3,0,3,1,1,0
56940202,136,69,67,47,28,19,65,32,33,16,8,8,8,1,7,0,0,0
56941101,69,36,33,27,17,10,27,13,14,9,6,3,6,0,6,0,0,0
56942901,309,163,146,118,77,41,140,70,70,24,13,11,27,3,24,0,0,0
54842101,168,86,82,70,38,32,84,43,41,7,3,4,7,2,5,0,0,0
54842102,113,54,59,44,22,22,55,28,27,7,4,3,7,0,7,0,0,0
54832401,90,46,44,37,23,14,31,15,16,13,6,7,9,2,7,0,0,0
56946102,95,47,48,42,24,18,34,17,17,11,4,7,8,2,6,0,0,0
56946103,78,35,43,33,14,19,28,14,14,9,7,2,7,0,7,1,0,1
56947001,290,148,142,119,69,50,133,68,65,15,8,7,23,3,20,0,0,0
54855301,113,64,49,51,31,20,50,27,23,9,4,5,3,2,1,0,0,0
1501770,0,0,0,0,0,0,0,0,0,0,0,0,0,0,0,0,0,0
56948801,25,13,12,7,4,3,9,5,4,3,3,0,6,1,5,0,0,0
56948804,128,70,58,47,30,17,63,32,31,10,6,4,8,2,6,0,0,0
56948805,141,71,70,48,28,20,55,29,26,19,11,8,16,1,15,3,2,1
54834101,67,38,29,29,17,12,27,14,13,8,7,1,3,0,3,0,0,0
54849901,41,21,20,15,11,4,17,9,8,0,0,0,8,0,8,1,1,0
57360401,76,41,35,29,17,12,36,19,17,5,3,2,6,2,4,0,0,0
57360402,66,27,39,24,10,14,30,16,14,4,1,3,8,0,8,0,0,0
56951801,20,13,7,12,9,3,8,4,4,0,0,0,0,0,0,0,0,0
56951802,630,324,306,245,140,105,310,157,153,40,21,19,35,6,29,0,0,0
56951803,60,31,29,25,14,11,30,15,15,4,2,2,1,0,1,0,0,0
56953401,253,132,121,107,65,42,116,58,58,16,8,8,14,1,13,0,0,0
56956902,52,26,26,20,13,7,18,8,10,8,5,3,6,0,6,0,0,0
56956904,59,28,31,19,9,10,27,14,13,7,4,3,6,1,5,0,0,0
56956905,138,63,75,43,21,22,58,29,29,19,11,8,18,2,16,0,0,0
56956906,77,41,36,37,21,16,25,12,13,12,8,4,3,0,3,0,0,0
56956907,59,30,29,20,11,9,28,15,13,6,3,3,5,1,4,0,0,0
56956908,106,51,55,44,19,25,46,23,23,12,7,5,4,2,2,0,0,0
56956909,64,30,34,22,11,11,27,15,12,8,4,4,7,0,7,0,0,0
56956910,30,15,15,10,7,3,13,6,7,4,2,2,3,0,3,0,0,0
56956911,38,21,17,13,7,6,22,12,10,2,2,0,1,0,1,0,0,0
56956912,159,77,82,64,33,31,73,37,36,14,6,8,8,1,7,0,0,0
56956913,125,67,58,43,31,12,51,24,27,26,12,14,5,0,5,0,0,0
56956914,221,113,108,97,54,43,100,49,51,16,8,8,7,1,6,1,1,0
56956915,43,21,22,11,7,4,20,10,10,4,3,1,8,1,7,0,0,0
56956916,87,44,43,34,17,17,40,20,20,12,7,5,1,0,1,0,0,0
56956918,108,55,53,42,26,16,45,23,22,12,3,9,8,3,5,1,0,1
56956919,4579,2203,2376,1688,935,753,1922,960,962,592,255,337,365,48,317,12,5,7
56956920,909,99,810,628,98,530,69,0,69,170,1,169,17,0,17,23,0,23
56956921,104,51,53,43,27,16,44,21,23,9,2,7,8,1,7,0,0,0
56956922,99,52,47,36,22,14,49,24,25,9,4,5,5,2,3,0,0,0
56956923,31,17,14,13,8,5,13,7,6,3,1,2,2,1,1,0,0,0
56956924,49,23,26,21,11,10,24,12,12,2,0,2,2,0,2,0,0,0
56958501,52,29,23,19,14,5,23,11,12,6,3,3,4,1,3,0,0,0
56958502,42,20,22,19,7,12,17,8,9,2,2,0,2,1,1,2,2,0
56958503,682,350,332,283,167,116,271,138,133,72,35,37,55,10,45,1,0,1
56959301,107,54,53,42,22,20,49,24,25,9,8,1,7,0,7,0,0,0
56959302,97,51,46,34,21,13,51,26,25,7,4,3,5,0,5,0,0,0
56959303,110,56,54,47,26,21,45,23,22,11,4,7,7,3,4,0,0,0
56959304,78,40,38,31,15,16,38,19,19,7,4,3,2,2,0,0,0,0
56959305,1394,703,691,589,324,265,608,306,302,122,54,68,75,19,56,0,0,0
56959306,117,62,55,58,33,25,47,24,23,8,4,4,4,1,3,0,0,0
56961501,76,37,39,31,16,15,30,15,15,6,4,2,9,2,7,0,0,0
56961502,292,150,142,135,78,57,117,58,59,23,10,13,17,4,13,0,0,0
56962301,26,14,12,15,9,6,8,4,4,2,1,1,1,0,1,0,0,0
56962302,52,28,24,19,11,8,19,11,8,7,4,3,7,2,5,0,0,0
56962303,52,28,24,22,12,10,24,12,12,6,4,2,0,0,0,0,0,0
56962304,36,15,21,11,4,7,13,6,7,7,4,3,5,1,4,0,0,0
56964001,32,17,15,8,4,4,20,10,10,3,3,0,1,0,1,0,0,0
56964002,62,29,33,17,10,7,34,17,17,2,1,1,7,0,7,2,1,1
56964003,91,46,45,43,25,18,31,16,15,5,4,1,11,1,10,1,0,1
56964004,320,162,158,133,79,54,140,71,69,22,8,14,24,3,21,1,1,0
54853701,48,24,24,25,12,13,19,10,9,3,2,1,1,0,1,0,0,0
56965801,83,43,40,29,18,11,40,20,20,6,2,4,8,3,5,0,0,0
56965802,20,12,8,8,5,3,7,4,3,3,3,0,2,0,2,0,0,0
56965803,573,283,290,233,127,106,236,117,119,64,33,31,39,6,33,1,0,1
56967401,74,31,43,30,10,20,36,18,18,1,1,0,7,2,5,0,0,0
56967402,242,108,134,92,42,50,116,58,58,13,7,6,21,1,20,0,0,0
56968201,580,293,287,245,136,109,257,129,128,46,24,22,31,4,27,1,0,1
56969101,40,18,22,13,5,8,19,9,10,5,3,2,3,1,2,0,0,0
56969102,99,52,47,34,18,16,47,24,23,10,6,4,8,4,4,0,0,0
56969103,99,54,45,40,23,17,45,23,22,8,5,3,6,3,3,0,0,0
56969105,572,292,280,224,135,89,226,114,112,73,35,38,44,5,39,3,1,2
56970401,161,81,80,59,34,25,73,37,36,9,7,2,20,3,17,0,0,0
56970402,249,120,129,106,54,52,106,52,54,17,8,9,19,5,14,1,1,0
56971201,32,14,18,9,5,4,14,7,7,4,2,2,5,0,5,0,0,0
56971203,65,31,34,21,11,10,40,20,20,0,0,0,4,0,4,0,0,0
56971205,195,94,101,70,41,29,79,37,42,27,16,11,19,0,19,0,0,0
56971206,516,254,262,192,110,82,227,111,116,52,22,30,44,11,33,1,0,1
56971207,36,17,19,10,5,5,20,10,10,3,2,1,3,0,3,0,0,0
56971208,27,12,15,9,4,5,13,6,7,2,2,0,3,0,3,0,0,0
56971209,60,25,35,24,11,13,19,10,9,8,3,5,8,0,8,1,1,0
56972101,256,128,128,106,59,47,115,57,58,21,9,12,12,2,10,2,1,1
57358201,169,86,83,71,39,32,78,38,40,10,8,2,10,1,9,0,0,0
56973901,42,23,19,14,9,5,20,11,9,5,2,3,3,1,2,0,0,0
53065402,51,25,26,23,13,10,21,10,11,5,2,3,2,0,2,0,0,0
53065403,198,97,101,99,51,48,72,35,37,21,11,10,6,0,6,0,0,0
54862601,69,30,39,26,12,14,27,13,14,8,4,4,8,1,7,0,0,0
53066201,145,70,75,63,31,32,62,32,30,14,5,9,6,2,4,0,0,0
3395800,0,0,0,0,0,0,0,0,0,0,0,0,0,0,0,0,0,0
56978001,235,117,118,93,53,40,105,53,52,17,11,6,20,0,20,0,0,0
56978002,116,55,61,46,24,22,44,23,21,11,4,7,15,4,11,0,0,0
56978003,36,23,13,18,14,4,13,7,6,1,0,1,4,2,2,0,0,0
56978004,93,45,48,26,13,13,55,28,27,2,0,2,10,4,6,0,0,0
56978005,141,65,76,46,23,23,72,36,36,11,5,6,11,1,10,1,0,1
56978006,89,43,46,34,18,16,36,18,18,7,6,1,12,1,11,0,0,0
56978007,93,50,43,29,18,11,47,23,24,8,7,1,9,2,7,0,0,0
56978008,2166,1051,1115,898,491,407,937,468,469,163,65,98,162,24,138,6,3,3
56978009,25,13,12,15,9,6,6,3,3,2,1,1,2,0,2,0,0,0
56980101,35,15,20,11,4,7,18,9,9,2,2,0,4,0,4,0,0,0
56980103,348,167,181,144,75,69,159,79,80,16,6,10,29,7,22,0,0,0
58685401,174,91,83,62,35,27,82,42,40,15,10,5,15,4,11,0,0,0
58686201,157,75,82,62,32,30,72,37,35,11,4,7,12,2,10,0,0,0
58686202,1626,819,807,643,371,272,729,365,364,140,63,77,111,19,92,3,1,2
58686203,98,50,48,35,19,16,47,24,23,12,7,5,4,0,4,0,0,0
58686204,102,56,46,39,28,11,47,23,24,9,5,4,7,0,7,0,0,0
58686205,188,95,93,81,47,34,88,43,45,7,3,4,12,2,10,0,0,0
58686206,105,53,52,48,29,19,33,16,17,11,8,3,11,0,11,0,0,0
58688901,289,146,143,124,66,58,132,66,66,23,12,11,9,1,8,1,1,0
58689701,21,10,11,9,6,3,7,3,4,1,1,0,4,0,4,0,0,0
58689702,105,54,51,34,18,16,56,28,28,7,5,2,8,3,5,0,0,0
58689703,208,106,102,86,49,37,86,44,42,20,10,10,16,3,13,0,0,0
58689704,69,32,37,28,14,14,26,13,13,6,2,4,8,2,6,1,1,0
58690101,118,69,49,47,36,11,57,30,27,4,2,2,10,1,9,0,0,0
58718401,77,38,39,32,19,13,33,16,17,3,1,2,8,2,6,1,0,1
58692701,31,17,14,15,10,5,13,6,7,0,0,0,3,1,2,0,0,0
58692702,127,59,68,54,22,32,59,29,30,8,7,1,6,1,5,0,0,0
58694301,2385,1178,1207,1023,562,461,926,463,463,265,125,140,166,25,141,5,3,2
58694302,138,70,68,65,37,28,53,27,26,11,6,5,9,0,9,0,0,0
58694303,83,44,39,28,18,10,38,19,19,6,4,2,9,1,8,0,0,0
58694304,86,48,38,35,25,10,38,19,19,6,2,4,6,1,5,1,1,0
58694305,29,15,14,13,8,5,8,4,4,7,3,4,1,0,1,0,0,0
58694306,218,115,103,83,52,31,113,55,58,8,4,4,13,3,10,1,1,0
58694307,238,122,116,91,54,37,112,56,56,24,10,14,11,2,9,0,0,0
58694308,55,29,26,22,15,7,26,13,13,1,1,0,6,0,6,0,0,0
58694309,71,37,34,24,17,7,35,18,17,3,2,1,9,0,9,0,0,0
58694310,320,161,159,132,77,55,155,77,78,10,5,5,22,1,21,0,0,0
58694311,89,47,42,31,18,13,54,28,26,1,1,0,3,0,3,0,0,0
59037101,97,47,50,47,24,23,30,15,15,9,5,4,11,3,8,0,0,0
58695101,304,152,152,145,78,67,125,64,61,15,7,8,17,3,14,2,0,2
58697802,489,245,244,208,109,99,213,108,105,38,24,14,29,4,25,1,0,1
58697803,27,12,15,10,3,7,12,6,6,4,3,1,1,0,1,0,0,0
58698601,122,59,63,58,28,30,54,27,27,5,2,3,5,2,3,0,0,0
58698602,74,35,39,29,15,14,27,13,14,12,7,5,6,0,6,0,0,0
58700101,61,33,28,24,17,7,26,13,13,7,3,4,4,0,4,0,0,0
58700102,30,17,13,10,7,3,15,7,8,2,2,0,3,1,2,0,0,0
58700103,20,11,9,4,2,2,14,7,7,2,2,0,0,0,0,0,0,0
58711701,70,36,34,27,17,10,34,17,17,5,2,3,4,0,4,0,0,0
58711702,136,62,74,58,25,33,55,27,28,14,7,7,8,2,6,1,1,0
58711703,80,41,39,21,9,12,55,30,25,3,2,1,1,0,1,0,0,0
58701001,372,196,176,159,96,63,166,83,83,19,10,9,28,7,21,0,0,0
58702801,1384,689,695,586,323,263,576,287,289,142,59,83,80,20,60,0,0,0
58702802,37,21,16,15,9,6,17,9,8,5,3,2,0,0,0,0,0,0
58702803,379,199,180,160,95,65,157,80,77,42,20,22,16,2,14,4,2,2
58703601,282,142,140,135,72,63,107,53,54,25,14,11,15,3,12,0,0,0
58704401,890,451,439,363,195,168,375,197,178,98,46,52,51,10,41,3,3,0
58704402,252,129,123,95,52,43,120,61,59,18,12,6,18,4,14,1,0,1
58704403,76,40,36,27,15,12,44,23,21,3,2,1,2,0,2,0,0,0
58706101,99,46,53,47,23,24,42,21,21,5,1,4,5,1,4,0,0,0
58707901,96,49,47,43,25,18,38,19,19,11,5,6,4,0,4,0,0,0
58708701,34,18,16,13,10,3,16,8,8,1,0,1,4,0,4,0,0,0
58708702,141,77,64,65,39,26,57,29,28,13,7,6,6,2,4,0,0,0
58709501,463,237,226,198,112,86,204,102,102,35,18,17,26,5,21,0,0,0
50672901,215,107,108,77,45,32,99,49,50,24,12,12,14,0,14,1,1,0
58710901,28,12,16,15,6,9,12,6,6,0,0,0,1,0,1,0,0,0
58710902,52,27,25,21,14,7,22,11,11,4,2,2,5,0,5,0,0,0
58710903,27,13,14,9,6,3,15,7,8,1,0,1,2,0,2,0,0,0
58710904,24,14,10,10,7,3,10,5,5,3,2,1,1,0,1,0,0,0
58712501,170,96,74,64,42,22,77,40,37,15,9,6,13,4,9,1,1,0
58714101,682,330,352,251,135,116,321,160,161,52,30,22,56,5,51,2,0,2
58715001,76,37,39,30,19,11,34,17,17,5,1,4,7,0,7,0,0,0
58715002,42,26,16,12,7,5,24,14,10,1,1,0,5,4,1,0,0,0
58715003,27,14,13,6,3,3,18,9,9,2,2,0,1,0,1,0,0,0
58716801,309,172,137,126,82,44,105,52,53,43,25,18,35,13,22,0,0,0
58716802,197,108,89,71,42,29,94,48,46,18,11,7,14,7,7,0,0,0
58716803,44,19,25,18,7,11,21,10,11,4,2,2,1,0,1,0,0,0
58720601,88,46,42,41,23,18,37,18,19,5,2,3,5,3,2,0,0,0
58719201,66,37,29,24,16,8,34,17,17,3,2,1,5,2,3,0,0,0
58719202,58,32,26,27,16,11,24,12,12,5,4,1,2,0,2,0,0,0
59068101,104,52,52,57,31,26,40,20,20,2,1,1,5,0,5,0,0,0
58722201,60,33,27,19,12,7,37,19,18,1,1,0,3,1,2,0,0,0
58722202,73,37,36,25,13,12,43,22,21,2,2,0,3,0,3,0,0,0
55028101,55,23,32,17,5,12,26,13,13,10,5,5,1,0,1,1,0,1
55028102,30,11,19,13,3,10,10,5,5,4,2,2,3,1,2,0,0,0
55028103,389,197,192,167,96,71,157,76,81,38,21,17,26,3,23,0,0,0
58724902,555,281,274,232,135,97,246,119,127,29,15,14,46,11,35,2,1,1
58726501,167,85,82,71,40,31,72,36,36,11,5,6,12,3,9,1,1,0
58727301,236,123,113,93,54,39,107,54,53,21,13,8,15,2,13,0,0,0
58728101,112,61,51,40,27,13,42,22,20,14,9,5,16,3,13,0,0,0
0597492,0,0,0,0,0,0,0,0,0,0,0,0,0,0,0,0,0,0
0598712,0,0,0,0,0,0,0,0,0,0,0,0,0,0,0,0,0,0
3041400,0,0,0,0,0,0,0,0,0,0,0,0,0,0,0,0,0,0
3041820,0,0,0,0,0,0,0,0,0,0,0,0,0,0,0,0,0,0
3285110,0,0,0,0,0,0,0,0,0,0,0,0,0,0,0,0,0,0
58684601,201,93,108,81,37,44,87,45,42,22,11,11,11,0,11,0,0,0
58684603,404,192,212,217,100,117,164,81,83,22,11,11,1,0,1,0,0,0
58684604,1743,844,899,675,353,322,823,410,413,147,59,88,97,21,76,1,1,0
58684605,1648,803,845,796,427,369,548,271,277,241,91,150,54,7,47,7,7,0
58684606,145,75,70,54,30,24,72,37,35,9,6,3,10,2,8,0,0,0
58684607,32,14,18,11,4,7,12,6,6,8,4,4,1,0,1,0,0,0
58684608,180,85,95,69,35,34,77,40,37,22,8,14,12,2,10,0,0,0
58684610,606,322,284,279,154,125,233,127,106,76,36,40,17,5,12,1,0,1
58684611,639,312,327,270,136,134,276,136,140,64,36,28,29,4,25,0,0,0
58684612,397,196,201,185,97,88,174,85,89,31,9,22,6,4,2,1,1,0
58684613,111,55,56,49,27,22,40,20,20,12,5,7,10,3,7,0,0,0
58684614,1015,504,511,363,196,167,522,258,264,71,40,31,57,9,48,2,1,1
58684616,46,24,22,13,10,3,23,11,12,4,1,3,4,1,3,2,1,1
58684617,249,138,111,110,66,44,92,47,45,31,16,15,11,4,7,5,5,0
58684618,170,89,81,62,37,25,79,40,39,18,11,7,10,0,10,1,1,0
58684619,112,51,61,47,19,28,51,26,25,11,6,5,3,0,3,0,0,0
58684620,40,16,24,15,7,8,16,8,8,4,0,4,5,1,4,0,0,0
58684621,122,64,58,52,29,23,53,27,26,15,7,8,2,1,1,0,0,0
58684622,72,36,36,27,14,13,36,18,18,4,2,2,5,2,3,0,0,0
58684623,254,126,128,117,58,59,112,57,55,20,9,11,5,2,3,0,0,0
58684624,458,251,207,208,126,82,156,86,70,60,27,33,27,6,21,5,4,1
58684625,119,62,57,46,27,19,40,20,20,23,11,12,9,3,6,1,1,0
58684626,211,105,106,81,38,43,103,55,48,23,10,13,4,2,2,0,0,0
58684627,7100,3411,3689,2818,1569,1249,2731,1365,1366,1013,373,640,507,89,418,28,15,13
58684628,23,12,11,17,9,8,4,2,2,2,1,1,0,0,0,0,0,0
58684629,458,216,242,223,113,110,134,68,66,75,32,43,25,2,23,1,1,0
58684630,3349,1565,1784,1359,743,616,1235,614,621,403,159,244,343,45,298,7,4,3
58684631,294,151,143,127,78,49,115,60,55,27,10,17,24,3,21,1,0,1
58684632,73,39,34,26,16,10,38,19,19,7,4,3,2,0,2,0,0,0
58684633,3890,1921,1969,1468,832,636,1712,852,860,417,169,248,276,60,216,16,8,8
58684634,2886,1397,1489,1011,570,441,1318,653,665,304,123,181,244,47,197,9,4,5
58684635,302,117,185,87,52,35,81,41,40,27,8,19,104,16,88,3,0,3
58684638,3170,1613,1557,1426,810,616,1093,572,521,433,180,253,199,37,162,15,10,5
58684639,44,20,24,20,10,10,14,7,7,5,2,3,5,1,4,0,0,0
58684640,792,386,406,384,196,188,335,167,168,52,19,33,19,3,16,2,1,1
58684641,264,153,111,162,111,51,24,7,17,61,34,27,16,1,15,0,0,0
58684643,223,109,114,85,43,42,109,54,55,23,10,13,6,2,4,0,0,0
58684644,2276,1123,1153,954,521,433,960,481,479,270,96,174,90,24,66,2,1,1
58684645,144,64,80,63,28,35,67,33,34,11,2,9,3,1,2,0,0,0
58684646,881,432,449,335,186,149,392,197,195,83,35,48,71,14,57,0,0,0
58684647,71,44,27,33,22,11,22,15,7,7,4,3,3,0,3,6,3,3
58684649,717,351,366,333,172,161,302,152,150,56,22,34,25,4,21,1,1,0
58684650,3245,1550,1695,1413,753,660,1157,581,576,423,174,249,237,31,206,9,5,4
58684651,3695,1772,1923,1521,822,699,1334,664,670,516,216,300,301,59,242,19,9,10
58684653,4130,2235,1895,2282,1299,983,983,502,481,684,381,303,149,31,118,22,14,8
58684654,125,65,60,80,42,38,26,13,13,17,10,7,2,0,2,0,0,0
58684655,3113,1415,1698,1227,641,586,1094,544,550,448,169,279,328,53,275,16,8,8
58684657,284,143,141,108,58,50,137,69,68,19,10,9,20,6,14,0,0,0
58729001,188,98,90,73,43,30,78,39,39,20,10,10,17,6,11,0,0,0
58730301,88,48,40,35,22,13,44,23,21,4,2,2,5,1,4,0,0,0
58732001,120,63,57,48,28,20,56,28,28,8,6,2,8,1,7,0,0,0
58733802,144,75,69,52,29,23,66,36,30,12,6,6,13,4,9,1,0,1
58734601,1361,714,647,566,343,223,596,300,296,105,57,48,93,14,79,0,0,0
58734602,59,27,32,19,10,9,32,16,16,1,1,0,7,0,7,0,0,0
58734603,186,93,93,80,46,34,83,42,41,9,3,6,13,2,11,1,0,1
58734604,290,146,144,132,74,58,123,62,61,20,7,13,15,3,12,0,0,0
58736201,173,83,90,62,31,31,83,41,42,16,9,7,12,2,10,0,0,0
58737101,71,31,40,23,10,13,33,17,16,6,3,3,9,1,8,0,0,0
0670322,0,0,0,0,0,0,0,0,0,0,0,0,0,0,0,0,0,0
59084301,132,64,68,58,32,26,58,29,29,6,2,4,10,1,9,0,0,0
59084303,1082,569,513,441,264,177,495,248,247,78,41,37,68,16,52,0,0,0
59084305,107,52,55,49,23,26,47,24,23,4,3,1,6,2,4,1,0,1
58738902,175,85,90,64,37,27,79,39,40,13,4,9,18,5,13,1,0,1
58740101,900,477,423,393,234,159,371,190,181,81,40,41,49,9,40,6,4,2
58741901,73,38,35,31,18,13,31,16,15,7,3,4,4,1,3,0,0,0
58742701,450,232,218,169,99,70,223,113,110,28,14,14,30,6,24,0,0,0
58743501,612,308,304,247,141,106,265,131,134,55,28,27,42,7,35,3,1,2
58744301,197,102,95,89,53,36,81,42,39,13,6,7,14,1,13,0,0,0
58745101,94,50,44,39,24,15,39,20,19,13,6,7,3,0,3,0,0,0
58747802,2812,1416,1396,1180,654,526,1228,617,611,249,117,132,153,27,126,2,1,1
58747803,87,46,41,32,20,12,43,22,21,5,2,3,6,2,4,1,0,1
58747805,29,17,12,14,10,4,8,4,4,5,3,2,2,0,2,0,0,0
58747806,30,15,15,13,8,5,13,7,6,0,0,0,4,0,4,0,0,0
58748601,568,282,286,217,113,104,252,126,126,56,31,25,43,12,31,0,0,0
58749401,180,95,85,68,43,25,82,42,40,16,9,7,14,1,13,0,0,0
58750801,266,130,136,115,57,58,117,59,58,21,11,10,12,2,10,1,1,0
58752401,138,73,65,53,32,21,69,35,34,8,4,4,8,2,6,0,0,0
58753201,75,43,32,34,23,11,32,16,16,5,2,3,4,2,2,0,0,0
58753202,83,44,39,34,22,12,30,15,15,9,6,3,10,1,9,0,0,0
58754101,61,38,23,23,20,3,28,15,13,3,3,0,7,0,7,0,0,0
58754102,742,371,371,293,175,118,306,151,155,78,37,41,65,8,57,0,0,0
58754103,43,22,21,18,10,8,18,9,9,3,2,1,4,1,3,0,0,0
58755901,118,62,56,42,25,17,66,33,33,3,2,1,7,2,5,0,0,0
58756701,204,107,97,84,48,36,91,46,45,14,7,7,12,3,9,3,3,0
58757501,192,96,96,80,44,36,85,42,43,13,9,4,14,1,13,0,0,0
58758301,225,121,104,93,58,35,100,51,49,12,8,4,20,4,16,0,0,0
58759101,811,416,395,338,193,145,322,162,160,82,43,39,68,18,50,1,0,1
58761301,84,40,44,38,21,17,32,16,16,8,3,5,6,0,6,0,0,0
58721401,65,34,31,30,17,13,25,13,12,8,4,4,2,0,2,0,0,0
58762101,198,102,96,82,48,34,89,45,44,15,8,7,12,1,11,0,0,0
58763001,66,35,31,30,19,11,31,15,16,2,0,2,3,1,2,0,0,0
58764801,83,38,45,22,11,11,35,18,17,15,8,7,11,1,10,0,0,0
58765601,206,101,105,93,46,47,94,47,47,12,7,5,7,1,6,0,0,0
58767201,37,16,21,13,5,8,17,8,9,5,3,2,2,0,2,0,0,0
58767202,83,48,35,42,27,15,28,15,13,6,2,4,7,4,3,0,0,0
58768101,44,22,22,18,9,9,25,13,12,0,0,0,1,0,1,0,0,0
58768102,324,166,158,126,74,52,145,72,73,29,16,13,24,4,20,0,0,0
58768103,25,14,11,15,9,6,8,4,4,1,1,0,1,0,1,0,0,0
58770201,187,90,97,78,40,38,78,40,38,17,7,10,14,3,11,0,0,0
58771101,278,136,142,119,60,59,138,70,68,6,3,3,15,3,12,0,0,0
58771102,171,78,93,68,35,33,75,38,37,14,5,9,14,0,14,0,0,0
58771103,20,8,12,8,2,6,10,5,5,2,1,1,0,0,0,0,0,0
58771104,148,71,77,58,26,32,71,35,36,13,6,7,6,4,2,0,0,0
58771105,663,343,320,283,166,117,279,139,140,69,33,36,29,4,25,3,1,2
58771106,547,280,267,263,155,108,173,88,85,79,29,50,30,6,24,2,2,0
58771108,1021,524,497,433,249,184,455,226,229,79,35,44,53,13,40,1,1,0
58771109,622,314,308,258,151,107,245,125,120,59,27,32,60,11,49,0,0,0
58771110,1584,764,820,642,351,291,674,335,339,150,61,89,114,14,100,4,3,1
58771111,35,18,17,14,9,5,18,9,9,2,0,2,1,0,1,0,0,0
58774502,657,354,303,268,169,99,283,145,138,67,34,33,38,5,33,1,1,0
58774503,46,21,25,19,8,11,24,12,12,1,1,0,2,0,2,0,0,0
58774504,126,58,68,48,23,25,56,28,28,17,6,11,5,1,4,0,0,0
58776101,224,118,106,90,51,39,99,48,51,20,12,8,15,7,8,0,0,0
58717601,452,240,212,194,114,80,199,101,98,44,21,23,15,4,11,0,0,0
58778801,396,211,185,156,93,63,176,90,86,38,19,19,23,7,16,3,2,1
58778802,60,28,32,25,11,14,25,13,12,6,3,3,4,1,3,0,0,0
58779602,397,188,209,147,72,75,190,95,95,33,18,15,24,3,21,1,0,1
58780001,137,76,61,55,37,18,56,28,28,12,5,7,13,6,7,1,0,1
58781801,331,180,151,141,93,48,155,77,78,13,7,6,22,3,19,0,0,0
58782601,126,62,64,56,27,29,55,28,27,8,5,3,6,2,4,1,0,1
58783401,236,123,113,95,57,38,102,51,51,23,11,12,15,3,12,0,0,0
58785101,86,39,47,39,19,20,33,16,17,8,4,4,6,0,6,0,0,0
58787701,56,29,27,22,14,8,27,14,13,3,1,2,4,0,4,0,0,0
58788501,294,144,150,131,71,60,129,65,64,16,7,9,18,1,17,0,0,0
55029901,280,141,139,119,71,48,116,58,58,23,9,14,22,3,19,0,0,0
55029902,64,32,32,26,11,15,29,15,14,7,6,1,1,0,1,1,0,1
55029903,111,57,54,54,28,26,45,23,22,9,5,4,2,0,2,0,0,0
58791501,167,86,81,72,41,31,75,38,37,8,5,3,11,1,10,1,1,0
58792302,600,314,286,243,147,96,267,134,133,51,28,23,39,5,34,0,0,0
58793102,1070,519,551,468,243,225,430,213,217,103,50,53,65,10,55,3,3,0
58794001,93,46,47,39,20,19,39,20,19,8,5,3,7,1,6,0,0,0
58795802,457,237,220,190,114,76,190,95,95,45,21,24,31,6,25,1,1,0
58798201,46,22,24,13,6,7,23,12,11,7,3,4,3,1,2,0,0,0
58798202,86,43,43,41,21,20,30,15,15,10,6,4,5,1,4,0,0,0
58798203,118,59,59,44,26,18,59,29,30,8,4,4,7,0,7,0,0,0
58799101,43,20,23,14,8,6,13,6,7,7,5,2,9,1,8,0,0,0
58800801,215,108,107,89,47,42,97,48,49,16,10,6,13,3,10,0,0,0
54725501,75,33,42,32,16,16,26,13,13,6,2,4,11,2,9,0,0,0
1656380,0,0,0,0,0,0,0,0,0,0,0,0,0,0,0,0,0,0
1656710,0,0,0,0,0,0,0,0,0,0,0,0,0,0,0,0,0,0
58802401,78,41,37,37,21,16,30,15,15,7,5,2,4,0,4,0,0,0
58802402,260,147,113,122,79,43,79,43,36,33,20,13,24,3,21,0,0,0
58802403,79,41,38,31,18,13,35,17,18,9,5,4,4,1,3,0,0,0
58802404,77,38,39,27,16,11,34,17,17,8,4,4,7,1,6,1,0,1
58802405,328,152,176,128,73,55,101,51,50,59,22,37,38,6,32,2,0,2
58802406,486,242,244,189,107,82,221,112,109,41,18,23,35,5,30,0,0,0
58802408,25,15,10,11,8,3,10,5,5,2,1,1,2,1,1,0,0,0
58802409,809,388,421,327,182,145,305,155,150,73,35,38,103,16,87,1,0,1
58802410,224,93,131,59,33,26,74,39,35,19,11,8,70,9,61,2,1,1
58802411,356,173,183,129,68,61,169,85,84,29,13,16,26,7,19,3,0,3
58802413,1186,574,612,455,251,204,539,267,272,103,46,57,84,8,76,5,2,3
58802414,37,20,17,20,11,9,11,7,4,4,1,3,1,0,1,1,1,0
58802415,1206,564,642,516,275,241,457,227,230,137,47,90,94,14,80,1,0,1
58803201,91,38,53,36,15,21,40,20,20,4,1,3,11,2,9,0,0,0
58803202,129,67,62,46,27,19,62,31,31,7,4,3,14,5,9,0,0,0
58803203,173,90,83,75,46,29,72,36,36,10,6,4,16,2,14,0,0,0
58803204,175,95,80,64,42,22,66,34,32,29,17,12,16,2,14,0,0,0
58803205,33,17,16,14,8,6,15,8,7,1,0,1,2,1,1,1,0,1
58803206,2130,1051,1079,922,509,413,785,396,389,286,122,164,133,23,110,2,1,1
58803208,210,104,106,76,45,31,103,52,51,14,5,9,17,2,15,0,0,0
58803209,347,183,164,138,83,55,168,86,82,24,10,14,16,3,13,1,1,0
58803210,2163,1071,1092,777,441,336,968,485,483,230,101,129,186,44,142,2,0,2
58804101,156,83,73,73,43,30,70,35,35,6,3,3,7,2,5,0,0,0
58806701,121,54,67,49,22,27,55,28,27,7,3,4,10,1,9,0,0,0
58807502,210,112,98,86,51,35,94,48,46,16,9,7,14,4,10,0,0,0
58808301,89,45,44,42,24,18,28,14,14,11,6,5,8,1,7,0,0,0
3390240,0,0,0,0,0,0,0,0,0,0,0,0,0,0,0,0,0,0
58809101,35,17,18,20,11,9,10,5,5,3,1,2,2,0,2,0,0,0
58810501,40,19,21,7,3,4,27,14,13,2,1,1,2,0,2,2,1,1
1981700,0,0,0,0,0,0,0,0,0,0,0,0,0,0,0,0,0,0
58811301,49,24,25,21,11,10,20,10,10,4,2,2,4,1,3,0,0,0
58811303,61,33,28,28,17,11,26,13,13,4,2,2,3,1,2,0,0,0
58811304,858,438,420,297,172,125,438,217,221,76,39,37,44,8,36,3,2,1
58811305,23,9,14,9,3,6,8,4,4,3,2,1,3,0,3,0,0,0
58811306,253,132,121,109,64,45,124,62,62,14,3,11,6,3,3,0,0,0
58812102,620,307,313,265,148,117,249,123,126,61,29,32,44,7,37,1,0,1
58813001,148,73,75,58,31,27,70,35,35,10,5,5,10,2,8,0,0,0
58814801,134,72,62,66,39,27,56,28,28,6,4,2,4,1,3,1,0,1
58815601,55,28,27,28,15,13,19,9,10,7,4,3,1,0,1,0,0,0
58815602,249,133,116,104,58,46,109,56,53,23,16,7,13,3,10,0,0,0
58816401,68,34,34,34,17,17,24,11,13,3,3,0,7,3,4,0,0,0
58817201,78,36,42,30,15,15,39,19,20,8,2,6,1,0,1,0,0,0
58817202,157,78,79,64,35,29,64,32,32,18,9,9,11,2,9,0,0,0
58817203,161,89,72,55,36,19,85,42,43,11,8,3,10,3,7,0,0,0
58817205,521,253,268,218,110,108,238,120,118,40,20,20,25,3,22,0,0,0
58818101,407,210,197,178,104,74,190,94,96,21,8,13,17,3,14,1,1,0
58819901,112,47,65,48,17,31,48,24,24,5,4,1,10,1,9,1,1,0
58820201,254,134,120,106,64,42,117,60,57,13,8,5,17,1,16,1,1,0
58723101,46,21,25,18,11,7,23,10,13,3,0,3,2,0,2,0,0,0
58821101,220,113,107,74,38,36,103,60,43,24,13,11,19,2,17,0,0,0
58822901,100,49,51,47,24,23,39,19,20,10,6,4,3,0,3,1,0,1
58824501,48,29,19,17,12,5,22,11,11,7,6,1,2,0,2,0,0,0
58825301,426,213,213,177,94,83,204,101,103,23,14,9,22,4,18,0,0,0
58826101,80,40,40,33,18,15,34,17,17,5,3,2,8,2,6,0,0,0
58827001,110,57,53,46,31,15,37,19,18,15,7,8,12,0,12,0,0,0
58828801,496,203,293,184,87,97,185,92,93,33,13,20,94,11,83,0,0,0
50938801,87,43,44,27,13,14,45,23,22,7,4,3,8,3,5,0,0,0
56111801,82,44,38,39,24,15,35,17,18,4,1,3,4,2,2,0,0,0
56112601,47,23,24,19,11,8,20,10,10,3,2,1,5,0,5,0,0,0
54754901,170,85,85,59,32,27,79,38,41,21,14,7,11,1,10,0,0,0
56124001,67,31,36,24,11,13,32,16,16,4,3,1,7,1,6,0,0,0
50941801,102,52,50,39,22,17,48,24,24,7,5,2,8,1,7,0,0,0
54758101,611,302,309,242,136,106,285,143,142,39,18,21,45,5,40,0,0,0
54758102,20,11,9,7,5,2,11,5,6,1,1,0,1,0,1,0,0,0
54760301,138,74,64,44,30,14,64,34,30,17,9,8,13,1,12,0,0,0
54763801,283,149,134,113,71,42,144,71,73,15,6,9,11,1,10,0,0,0
54763802,45,23,22,16,9,7,24,12,12,3,2,1,2,0,2,0,0,0
56131201,44,23,21,16,7,9,20,10,10,7,6,1,1,0,1,0,0,0
56131202,114,57,57,43,27,16,45,23,22,10,6,4,16,1,15,0,0,0
56131205,49,26,23,15,12,3,27,13,14,2,0,2,5,1,4,0,0,0
56180101,121,66,55,45,29,16,49,24,25,17,12,5,10,1,9,0,0,0
54766201,35,20,15,9,7,2,19,10,9,4,2,2,3,1,2,0,0,0
54766202,267,140,127,101,63,38,125,63,62,21,11,10,19,3,16,1,0,1
54768901,50,29,21,18,14,4,21,11,10,6,3,3,5,1,4,0,0,0
54768903,27,15,12,8,7,1,6,3,3,8,5,3,5,0,5,0,0,0
54768904,31,13,18,15,6,9,12,6,6,3,1,2,1,0,1,0,0,0
54771901,59,27,32,25,13,12,14,7,7,14,7,7,6,0,6,0,0,0
54771902,354,182,172,144,81,63,141,72,69,43,25,18,26,4,22,0,0,0
54771904,30,15,15,13,7,6,13,7,6,3,1,2,1,0,1,0,0,0
54771905,144,63,81,60,26,34,59,30,29,13,6,7,12,1,11,0,0,0
54771906,46,23,23,12,6,6,26,13,13,5,3,2,3,1,2,0,0,0
54773501,566,302,264,215,134,81,281,142,139,43,21,22,27,5,22,0,0,0
54773502,29,15,14,13,8,5,13,7,6,2,0,2,1,0,1,0,0,0
52982601,89,45,44,36,22,14,46,22,24,2,1,1,5,0,5,0,0,0
56114201,120,55,65,46,21,25,56,28,28,6,5,1,12,1,11,0,0,0
0268410,0,0,0,0,0,0,0,0,0,0,0,0,0,0,0,0,0,0
54776001,69,31,38,30,14,16,28,14,14,5,3,2,6,0,6,0,0,0
54776002,1420,709,711,629,360,269,563,281,282,130,53,77,96,15,81,2,0,2
54776004,26,16,10,11,8,3,8,4,4,6,3,3,1,1,0,0,0,0
54776005,56,29,27,23,12,11,20,10,10,9,6,3,3,1,2,1,0,1
54776006,21,12,9,6,5,1,8,4,4,5,2,3,2,1,1,0,0,0
54776007,84,40,44,38,20,18,30,15,15,6,3,3,10,2,8,0,0,0
54776009,52,28,24,19,14,5,22,11,11,4,2,2,7,1,6,0,0,0
54777802,837,418,419,328,185,143,330,166,164,93,48,45,84,18,66,2,1,1
54777804,83,41,42,39,22,17,34,17,17,3,1,2,7,1,6,0,0,0
54777805,32,15,17,13,7,6,14,7,7,3,1,2,2,0,2,0,0,0
54777806,63,31,32,28,15,13,22,11,11,6,4,2,7,1,6,0,0,0
59870401,137,70,67,53,27,26,61,31,30,12,8,4,10,3,7,1,1,0
56192401,33,17,16,13,8,5,14,7,7,2,2,0,4,0,4,0,0,0
56192403,44,19,25,19,9,10,18,9,9,3,0,3,4,1,3,0,0,0
56192404,39,16,23,12,5,7,19,9,10,5,2,3,3,0,3,0,0,0
56193201,123,59,64,51,23,28,52,27,25,10,7,3,9,1,8,1,1,0
56193202,24,14,10,8,6,2,14,7,7,1,1,0,1,0,1,0,0,0
56193203,34,18,16,15,11,4,10,5,5,4,2,2,5,0,5,0,0,0
56176201,89,48,41,32,20,12,47,24,23,5,4,1,5,0,5,0,0,0
55154601,77,40,37,36,19,17,28,14,14,10,5,5,3,2,1,0,0,0
52986901,24,16,8,9,9,0,12,6,6,2,1,1,1,0,1,0,0,0
52986902,27,13,14,9,5,4,10,5,5,4,3,1,4,0,4,0,0,0
56175401,54,29,25,22,14,8,26,13,13,3,1,2,3,1,2,0,0,0
54788301,109,54,55,48,27,21,47,24,23,4,1,3,10,2,8,0,0,0
56109601,75,37,38,24,13,11,26,12,14,16,9,7,9,3,6,0,0,0
54791301,1316,653,663,518,288,230,567,286,281,131,64,67,95,13,82,4,2,2
54791302,241,117,124,104,56,48,105,51,54,19,6,13,13,4,9,0,0,0
54791303,61,30,31,24,12,12,24,12,12,8,4,4,5,2,3,0,0,0
54791304,93,48,45,38,21,17,32,17,15,16,9,7,7,1,6,0,0,0
54791305,20,12,8,5,4,1,11,6,5,2,1,1,2,1,1,0,0,0
55158901,158,82,76,59,33,26,76,39,37,13,8,5,10,2,8,0,0,0
54793001,25,13,12,9,7,2,12,6,6,2,0,2,2,0,2,0,0,0
54793002,284,141,143,111,57,54,118,60,58,32,19,13,23,5,18,0,0,0
54794801,21,11,10,9,5,4,12,6,6,0,0,0,0,0,0,0,0,0
54794802,580,285,295,217,122,95,259,131,128,50,21,29,50,9,41,4,2,2
54795601,128,60,68,42,22,20,61,31,30,7,5,2,18,2,16,0,0,0
54795603,60,29,31,16,7,9,35,17,18,5,4,1,4,1,3,0,0,0
54799901,391,203,188,164,96,68,177,89,88,29,16,13,21,2,19,0,0,0
54799902,293,141,152,105,53,52,130,68,62,31,15,16,26,5,21,1,0,1
54799903,245,125,120,106,61,45,113,54,59,21,10,11,5,0,5,0,0,0
54799904,33,21,12,22,14,8,2,1,1,7,4,3,1,1,0,1,1,0
54799905,179,86,93,67,33,34,90,44,46,12,7,5,9,2,7,1,0,1
54799906,263,120,143,105,50,55,106,55,51,29,12,17,23,3,20,0,0,0
54799907,36,17,19,12,6,6,16,8,8,6,3,3,2,0,2,0,0,0
54799908,167,91,76,47,35,12,83,42,41,21,11,10,15,2,13,1,1,0
54799909,173,81,92,61,33,28,79,38,41,18,8,10,15,2,13,0,0,0
54799910,171,78,93,69,29,40,70,35,35,21,12,9,10,2,8,1,0,1
54799911,65,37,28,26,17,9,24,13,11,9,4,5,6,3,3,0,0,0
54799912,805,400,405,349,194,155,238,122,116,135,65,70,80,18,62,3,1,2
54799913,1902,934,968,763,430,333,739,371,368,207,90,117,169,31,138,24,12,12
54799915,553,272,281,193,105,88,267,136,131,54,26,28,38,5,33,1,0,1
54799916,24,15,9,8,4,4,14,9,5,1,1,0,0,0,0,1,1,0
54799917,1044,507,537,376,206,170,469,237,232,103,50,53,93,13,80,3,1,2
54799919,201,98,103,94,49,45,79,39,40,17,8,9,11,2,9,0,0,0
54799920,2704,1338,1366,1035,604,431,1157,578,579,300,113,187,200,36,164,12,7,5
54799921,37,30,7,7,5,2,24,21,3,6,4,2,0,0,0,0,0,0
54799922,1331,646,685,614,350,264,417,213,204,185,68,117,106,10,96,9,5,4
54799923,50,25,25,17,10,7,25,13,12,4,2,2,4,0,4,0,0,0
54799924,120,51,69,38,25,13,36,16,20,13,7,6,33,3,30,0,0,0
54799925,48,26,22,22,16,6,20,9,11,3,1,2,3,0,3,0,0,0
56133901,39,20,19,18,11,7,10,6,4,3,0,3,7,3,4,1,0,1
56132101,87,48,39,35,22,13,40,20,20,9,5,4,3,1,2,0,0,0
56146101,36,18,18,15,9,6,14,7,7,6,2,4,1,0,1,0,0,0
54807301,74,40,34,31,18,13,34,17,17,5,3,2,4,2,2,0,0,0
54808101,796,407,389,341,194,147,338,169,169,73,38,35,44,6,38,0,0,0
54808102,25,13,12,7,4,3,15,8,7,0,0,0,3,1,2,0,0,0
54808103,111,59,52,43,27,16,54,27,27,9,5,4,5,0,5,0,0,0
54809001,32,18,14,13,8,5,14,7,7,5,3,2,0,0,0,0,0,0
54809002,20,10,10,6,3,3,9,5,4,3,2,1,1,0,1,1,0,1
54809003,281,153,128,117,77,40,117,59,58,25,10,15,20,6,14,2,1,1
54809004,30,17,13,2,2,0,19,10,9,3,2,1,6,3,3,0,0,0
54810301,240,121,119,90,48,42,115,58,57,17,10,7,17,4,13,1,1,0
54810302,23,8,15,11,3,8,6,3,3,5,2,3,1,0,1,0,0,0
1330012,0,0,0,0,0,0,0,0,0,0,0,0,0,0,0,0,0,0
3013610,0,0,0,0,0,0,0,0,0,0,0,0,0,0,0,0,0,0
54811101,68,32,36,19,10,9,32,16,16,8,4,4,9,2,7,0,0,0
54811102,81,40,41,26,14,12,41,20,21,7,5,2,6,0,6,1,1,0
54811104,151,81,70,60,36,24,59,30,29,22,13,9,10,2,8,0,0,0
54811105,57,31,26,25,18,7,16,9,7,11,4,7,5,0,5,0,0,0
54811107,69,36,33,39,20,19,18,9,9,6,5,1,6,2,4,0,0,0
54811108,1114,569,545,469,271,198,445,219,226,116,59,57,76,16,60,8,4,4
54811111,2063,1004,1059,824,466,358,800,404,396,251,100,151,180,30,150,6,4,2
54812001,433,214,219,186,96,90,202,99,103,26,11,15,19,8,11,0,0,0
54814601,42,21,21,12,6,6,17,9,8,8,6,2,5,0,5,0,0,0
54814602,131,67,64,50,29,21,63,31,32,8,5,3,10,2,8,0,0,0
59871201,92,51,41,29,19,10,51,25,26,4,3,1,8,4,4,0,0,0
59871202,248,118,130,109,53,56,114,57,57,13,7,6,12,1,11,0,0,0
54816201,188,103,85,76,49,27,85,45,40,15,8,7,12,1,11,0,0,0
54817101,693,335,358,272,141,131,321,161,160,49,21,28,49,10,39,2,2,0
56137101,131,69,62,58,36,22,62,31,31,5,1,4,6,1,5,0,0,0
54820101,229,117,112,88,56,32,113,57,56,6,2,4,22,2,20,0,0,0
54821903,57,32,25,25,16,9,21,11,10,3,2,1,8,3,5,0,0,0
54821905,282,144,138,99,60,39,136,69,67,21,10,11,26,5,21,0,0,0
54822701,29,13,16,10,5,5,12,5,7,3,2,1,4,1,3,0,0,0
54822704,87,43,44,38,22,16,30,15,15,9,5,4,10,1,9,0,0,0
54822705,44,22,22,17,11,6,18,9,9,4,1,3,5,1,4,0,0,0
54823501,100,55,45,38,27,11,41,21,20,13,7,6,8,0,8,0,0,0
56204101,62,29,33,30,16,14,21,10,11,6,2,4,5,1,4,0,0,0
56128202,89,49,40,31,21,10,43,22,21,10,6,4,5,0,5,0,0,0
59872101,211,106,105,82,48,34,107,54,53,9,2,7,13,2,11,0,0,0
59872102,47,22,25,22,12,10,17,9,8,4,1,3,4,0,4,0,0,0
56110002,233,155,78,138,111,27,61,30,31,21,10,11,11,2,9,2,2,0
56110004,36,16,20,15,8,7,14,7,7,2,0,2,5,1,4,0,0,0
56126601,68,35,33,28,16,12,29,16,13,6,2,4,5,1,4,0,0,0
54833201,32,13,19,12,6,6,10,5,5,3,2,1,7,0,7,0,0,0
54833202,840,438,402,329,198,131,387,196,191,68,34,34,54,8,46,2,2,0
54833203,44,25,19,15,11,4,26,13,13,1,1,0,2,0,2,0,0,0
54833204,23,10,13,12,5,7,7,4,3,1,0,1,3,1,2,0,0,0
56134701,53,22,31,14,4,10,25,12,13,9,5,4,5,1,4,0,0,0
54836701,25,15,10,5,5,0,15,7,8,3,2,1,2,1,1,0,0,0
54836702,47,24,23,19,12,7,18,9,9,6,2,4,4,1,3,0,0,0
54836703,42,23,19,12,9,3,18,9,9,5,3,2,7,2,5,0,0,0
52983401,98,52,46,43,26,17,45,23,22,6,3,3,4,0,4,0,0,0
52983402,42,21,21,17,10,7,19,9,10,2,1,1,3,0,3,1,1,0
54838301,25,12,13,10,5,5,10,5,5,3,1,2,2,1,1,0,0,0
54838302,156,81,75,54,28,26,83,42,41,9,9,0,10,2,8,0,0,0
54838303,75,34,41,28,13,15,34,17,17,3,2,1,10,2,8,0,0,0
54839102,96,52,44,42,26,16,36,18,18,12,7,5,6,1,5,0,0,0
54839103,43,19,24,14,8,6,20,9,11,2,1,1,7,1,6,0,0,0
54839104,24,11,13,8,4,4,14,7,7,0,0,0,2,0,2,0,0,0
54839106,208,98,110,79,38,41,108,54,54,11,5,6,10,1,9,0,0,0
54839107,27,14,13,11,6,5,16,8,8,0,0,0,0,0,0,0,0,0
54840501,177,96,81,65,40,25,79,41,38,18,12,6,15,3,12,0,0,0
56181901,113,54,59,41,20,21,61,30,31,5,4,1,5,0,5,1,0,1
56117701,129,61,68,53,25,28,62,31,31,7,4,3,6,1,5,1,0,1
54845601,84,44,40,27,18,9,44,22,22,5,4,1,8,0,8,0,0,0
54845602,31,18,13,8,6,2,19,10,9,3,2,1,1,0,1,0,0,0
54845603,24,12,12,9,5,4,9,5,4,3,2,1,3,0,3,0,0,0
54845604,53,26,27,19,9,10,22,12,10,6,4,2,6,1,5,0,0,0
54845605,720,358,362,306,173,133,282,143,139,80,32,48,51,10,41,1,0,1
54845606,55,26,29,22,11,11,24,12,12,4,2,2,5,1,4,0,0,0
54845607,185,87,98,47,32,15,64,32,32,22,11,11,50,11,39,2,1,1
54846401,78,36,42,30,15,15,38,19,19,4,1,3,5,0,5,1,1,0
54846402,30,14,16,14,6,8,14,7,7,2,1,1,0,0,0,0,0,0
54846403,690,360,330,275,174,101,298,150,148,73,30,43,44,6,38,0,0,0
54846404,57,31,26,28,17,11,22,11,11,2,2,0,4,0,4,1,1,0
54846406,142,73,69,56,33,23,62,31,31,16,8,8,7,0,7,1,1,0
54847202,67,34,33,30,16,14,27,14,13,5,4,1,5,0,5,0,0,0
54847203,546,268,278,216,117,99,230,115,115,55,26,29,45,10,35,0,0,0
54847204,35,17,18,13,9,4,15,8,7,2,0,2,5,0,5,0,0,0
54847205,42,24,18,10,8,2,24,13,11,4,2,2,4,1,3,0,0,0
54847207,64,31,33,20,11,9,30,15,15,4,2,2,10,3,7,0,0,0
56196701,46,25,21,19,12,7,24,12,12,1,1,0,2,0,2,0,0,0
56196702,352,173,179,130,73,57,171,83,88,26,13,13,25,4,21,0,0,0
56196703,64,36,28,25,17,8,32,16,16,3,2,1,4,1,3,0,0,0
56196704,82,36,46,30,12,18,48,24,24,1,0,1,3,0,3,0,0,0
53769101,160,88,72,60,37,23,87,44,43,7,5,2,6,2,4,0,0,0
54850202,192,89,103,63,34,29,75,37,38,20,8,12,32,9,23,2,1,1
54850203,41,22,19,13,9,4,24,12,12,2,1,1,2,0,2,0,0,0
1172340,0,0,0,0,0,0,0,0,0,0,0,0,0,0,0,0,0,0
1172510,0,0,0,0,0,0,0,0,0,0,0,0,0,0,0,0,0,0
54851101,167,85,82,58,33,25,86,43,43,9,5,4,14,4,10,0,0,0
54851102,109,59,50,35,19,16,56,29,27,13,8,5,5,3,2,0,0,0
54851103,31,19,12,14,10,4,12,6,6,2,1,1,2,1,1,1,1,0
54851104,46,18,28,15,7,8,21,10,11,2,1,1,8,0,8,0,0,0
54851105,81,42,39,30,17,13,39,20,19,6,5,1,6,0,6,0,0,0
54851106,25,12,13,10,6,4,8,4,4,4,2,2,3,0,3,0,0,0
54851107,1695,834,861,660,371,289,746,376,370,157,57,100,126,24,102,6,6,0
54851108,61,33,28,28,17,11,21,11,10,7,4,3,5,1,4,0,0,0
54851109,701,339,362,283,167,116,264,130,134,65,26,39,87,16,71,0,0,0
54851111,41,18,23,16,8,8,17,9,8,3,0,3,5,1,4,0,0,0
54851113,1624,767,857,555,323,232,704,353,351,149,66,83,211,22,189,5,3,2
56191601,119,61,58,41,24,17,62,32,30,11,5,6,5,0,5,0,0,0
1007142,0,0,0,0,0,0,0,0,0,0,0,0,0,0,0,0,0,0
54749201,49,22,27,20,8,12,25,12,13,3,2,1,1,0,1,0,0,0
54749202,46,24,22,12,8,4,26,13,13,4,3,1,4,0,4,0,0,0
54749203,62,28,34,22,9,13,31,16,15,3,2,1,6,1,5,0,0,0
54749204,36,19,17,18,9,9,10,6,4,3,3,0,5,1,4,0,0,0
54749205,52,24,28,17,7,10,21,10,11,10,7,3,4,0,4,0,0,0
54749206,69,34,35,27,13,14,37,18,19,3,2,1,2,1,1,0,0,0
54749208,69,38,31,28,20,8,25,13,12,6,2,4,9,3,6,1,0,1
54749209,26,17,9,12,8,4,7,4,3,5,4,1,2,1,1,0,0,0
54749210,60,29,31,21,12,9,30,15,15,3,2,1,6,0,6,0,0,0
54749211,91,44,47,37,19,18,39,19,20,6,3,3,9,3,6,0,0,0
54749213,51,25,26,18,8,10,26,13,13,3,3,0,4,1,3,0,0,0
54749214,71,39,32,22,13,9,37,20,17,7,5,2,5,1,4,0,0,0
54749215,29,13,16,9,3,6,14,8,6,4,1,3,2,1,1,0,0,0
54749216,56,26,30,21,10,11,24,12,12,3,2,1,8,2,6,0,0,0
54749217,37,18,19,20,10,10,15,7,8,2,1,1,0,0,0,0,0,0
54749218,143,71,72,59,31,28,76,37,39,2,1,1,5,2,3,1,0,1
54749219,59,34,25,22,15,7,29,15,14,4,2,2,4,2,2,0,0,0
54749220,50,30,20,16,13,3,23,13,10,8,4,4,2,0,2,1,0,1
54749221,21,11,10,8,3,5,10,5,5,3,3,0,0,0,0,0,0,0
54749222,181,85,96,66,34,32,82,41,41,17,6,11,14,3,11,2,1,1
54749223,328,169,159,138,78,60,149,75,74,23,12,11,17,4,13,1,0,1
54749224,22,13,9,8,5,3,12,6,6,2,2,0,0,0,0,0,0,0
54749225,170,89,81,79,46,33,73,37,36,7,5,2,11,1,10,0,0,0
54749226,104,54,50,36,19,17,51,26,25,8,6,2,9,3,6,0,0,0
54749227,745,359,386,324,176,148,273,139,134,104,35,69,44,9,35,0,0,0
54749228,696,311,385,200,118,82,288,144,144,70,29,41,133,19,114,5,1,4
54749229,1240,608,632,421,229,192,635,317,318,85,42,43,98,19,79,1,1,0
54749230,485,276,209,215,134,81,159,82,77,92,54,38,15,3,12,4,3,1
54749232,35,13,22,13,4,9,12,6,6,6,3,3,4,0,4,0,0,0
54749233,41,21,20,16,8,8,19,9,10,4,4,0,2,0,2,0,0,0
54749234,321,171,150,144,83,61,128,67,61,28,17,11,17,3,14,3,1,2
54749235,491,246,245,233,118,115,234,119,115,21,9,12,3,0,3,0,0,0
54749236,2000,922,1078,790,412,378,760,390,370,255,87,168,191,32,159,4,1,3
54749237,4567,2181,2386,1801,988,813,1914,947,967,527,197,330,308,41,267,15,8,7
54749239,1721,819,902,581,314,267,871,433,438,112,49,63,156,23,133,1,0,1
54749240,790,410,380,322,195,127,293,151,142,113,52,61,60,11,49,1,1,0
54749242,563,280,283,232,132,100,247,123,124,44,19,25,39,5,34,1,1,0
54854501,45,23,22,19,10,9,21,11,10,4,2,2,1,0,1,0,0,0
54854502,34,18,16,12,7,5,16,8,8,4,2,2,2,1,1,0,0,0
54856102,41,23,18,12,8,4,19,9,10,7,5,2,3,1,2,0,0,0
54856103,42,25,17,13,9,4,26,14,12,0,0,0,3,2,1,0,0,0
54856104,2301,1112,1189,922,511,411,893,448,445,251,111,140,220,34,186,15,8,7
54856105,31,18,13,12,10,2,9,5,4,6,2,4,3,1,2,1,0,1
54856106,90,48,42,40,25,15,38,19,19,4,4,0,8,0,8,0,0,0
56143601,98,52,46,47,28,19,39,20,19,3,2,1,9,2,7,0,0,0
54860002,139,69,70,54,31,23,56,27,29,16,9,7,11,1,10,2,1,1
54860003,132,64,68,43,34,9,29,15,14,28,13,15,30,2,28,2,0,2
54860004,24,13,11,8,6,2,8,4,4,6,3,3,2,0,2,0,0,0
53782901,72,36,36,26,16,10,31,16,15,6,3,3,9,1,8,0,0,0
56194101,89,42,47,37,18,19,42,22,20,6,2,4,3,0,3,1,0,1
59875501,266,139,127,111,64,47,120,60,60,19,12,7,16,3,13,0,0,0
56178901,212,112,100,91,55,36,96,49,47,13,7,6,12,1,11,0,0,0
56127401,56,27,29,28,16,12,17,9,8,6,2,4,5,0,5,0,0,0
56200901,635,326,309,255,151,104,317,156,161,31,14,17,32,5,27,0,0,0
54871502,57,29,28,17,9,8,29,13,16,4,4,0,7,3,4,0,0,0
54871504,54,30,24,17,13,4,30,15,15,3,2,1,4,0,4,0,0,0
54871505,37,19,18,18,9,9,14,7,7,2,2,0,3,1,2,0,0,0
54873101,99,47,52,34,19,15,44,22,22,12,4,8,9,2,7,0,0,0
54873102,28,15,13,13,9,4,11,6,5,1,0,1,3,0,3,0,0,0
54874001,59,31,28,25,13,12,23,12,11,3,3,0,8,3,5,0,0,0
54874002,88,43,45,29,16,13,50,25,25,4,1,3,5,1,4,0,0,0
54876601,150,81,69,53,38,15,68,33,35,15,8,7,13,1,12,1,1,0
54877401,20,10,10,8,4,4,8,4,4,3,2,1,1,0,1,0,0,0
54877402,27,11,16,9,4,5,12,6,6,1,1,0,5,0,5,0,0,0
54877403,732,362,370,308,160,148,340,171,169,45,21,24,39,10,29,0,0,0
54877405,38,19,19,12,7,5,18,9,9,4,2,2,4,1,3,0,0,0
56184301,72,35,37,27,13,14,38,19,19,3,2,1,4,1,3,0,0,0
56145201,107,57,50,49,30,19,38,19,19,17,8,9,3,0,3,0,0,0
53759401,28,17,11,8,6,2,14,8,6,3,2,1,2,1,1,1,0,1
53759403,72,35,37,24,14,10,39,19,20,4,2,2,5,0,5,0,0,0
56148702,63,35,28,20,14,6,27,14,13,9,5,4,7,2,5,0,0,0
59876301,123,64,59,60,36,24,45,23,22,6,3,3,12,2,10,0,0,0
59877101,49,26,23,22,14,8,16,8,8,4,3,1,7,1,6,0,0,0
56135501,59,34,25,20,15,5,25,15,10,7,3,4,7,1,6,0,0,0
54893601,45,21,24,15,5,10,23,12,11,5,4,1,2,0,2,0,0,0
54893602,24,11,13,10,5,5,10,5,5,2,1,1,2,0,2,0,0,0
54893603,54,33,21,20,14,6,20,10,10,9,6,3,5,3,2,0,0,0
54893605,264,136,128,88,52,36,127,64,63,18,11,7,31,9,22,0,0,0
53760801,252,128,124,109,61,48,106,54,52,19,9,10,18,4,14,0,0,0
54898701,55,31,24,22,18,4,25,13,12,3,0,3,5,0,5,0,0,0
56203301,104,52,52,38,23,15,46,23,23,4,3,1,15,2,13,1,1,0
53773001,65,35,30,21,16,5,28,14,14,6,4,2,9,0,9,1,1,0
54900201,236,120,116,86,46,40,107,55,52,26,16,10,16,3,13,1,0,1
54901101,259,135,124,99,61,38,125,61,64,15,9,6,20,4,16,0,0,0
54904501,192,97,95,70,41,29,92,46,46,20,9,11,10,1,9,0,0,0
54905301,219,103,116,86,41,45,102,51,51,14,9,5,17,2,15,0,0,0
54906101,40,21,19,18,13,5,13,6,7,6,2,4,3,0,3,0,0,0
54906102,88,48,40,31,21,10,40,21,19,12,6,6,5,0,5,0,0,0
54912601,85,42,43,21,13,8,45,24,21,10,4,6,9,1,8,0,0,0
59923901,197,104,93,92,50,42,70,35,35,22,15,7,12,3,9,1,1,0
54913401,44,20,24,8,5,3,21,11,10,6,4,2,9,0,9,0,0,0
54913406,96,49,47,41,23,18,31,17,14,10,8,2,14,1,13,0,0,0
54914201,48,24,24,19,12,7,22,11,11,1,0,1,6,1,5,0,0,0
54914202,72,33,39,26,12,14,37,19,18,4,1,3,5,1,4,0,0,0
54914203,572,286,286,221,122,99,267,133,134,49,23,26,35,8,27,0,0,0
56177101,16,7,9,2,1,1,12,6,6,0,0,0,2,0,2,0,0,0
56179701,277,138,139,98,51,47,137,70,67,28,16,12,14,1,13,0,0,0
54917701,43,25,18,22,14,8,15,8,7,3,1,2,2,1,1,1,1,0
54917702,171,83,88,55,29,26,90,47,43,12,7,5,14,0,14,0,0,0
54917703,20,10,10,12,6,6,8,4,4,0,0,0,0,0,0,0,0,0
56197501,44,19,25,19,9,10,18,9,9,3,1,2,4,0,4,0,0,0
56197502,172,91,81,62,38,24,78,39,39,16,10,6,16,4,12,0,0,0
56136301,103,56,47,37,27,10,38,20,18,17,7,10,10,1,9,1,1,0
59866601,43,21,22,22,11,11,10,5,5,8,5,3,3,0,3,0,0,0
54921501,32,17,15,12,6,6,14,7,7,4,4,0,2,0,2,0,0,0
54921502,91,44,47,34,17,17,41,21,20,9,4,5,6,2,4,1,0,1
54921503,51,25,26,25,15,10,14,7,7,5,3,2,7,0,7,0,0,0
54921504,22,12,10,7,5,2,12,6,6,0,0,0,3,1,2,0,0,0
54921506,36,23,13,13,11,2,15,8,7,3,3,0,5,1,4,0,0,0
54921508,103,49,54,34,19,15,44,21,23,14,8,6,11,1,10,0,0,0
54921509,754,375,379,305,175,130,343,172,171,50,20,30,53,6,47,3,2,1
54921510,36,15,21,19,6,13,15,8,7,1,0,1,1,1,0,0,0,0
56190801,84,42,42,33,18,15,40,20,20,5,2,3,5,1,4,1,1,0
54923101,45,25,20,22,13,9,21,11,10,2,1,1,0,0,0,0,0,0
54923102,90,49,41,36,26,10,36,17,19,6,3,3,11,2,9,1,1,0
54923103,133,70,63,56,34,22,60,32,28,5,3,2,11,0,11,1,1,0
54923104,100,50,50,43,21,22,36,20,16,11,7,4,10,2,8,0,0,0
54923105,45,21,24,17,8,9,25,12,13,2,1,1,1,0,1,0,0,0
54923106,2348,1176,1172,893,526,367,993,503,490,238,99,139,208,37,171,16,11,5
59027401,128,61,67,43,20,23,70,35,35,7,5,2,8,1,7,0,0,0
59027402,58,31,27,27,17,10,24,12,12,3,0,3,4,2,2,0,0,0
59028201,124,57,67,54,25,29,46,23,23,11,7,4,13,2,11,0,0,0
59028202,73,29,44,21,9,12,36,17,19,6,3,3,8,0,8,2,0,2
54483301,93,49,44,40,23,17,46,24,22,5,2,3,2,0,2,0,0,0
59030401,140,74,66,60,35,25,63,31,32,9,5,4,8,3,5,0,0,0
59030402,51,23,28,17,6,11,33,17,16,0,0,0,1,0,1,0,0,0
59031201,214,114,100,88,55,33,87,43,44,22,13,9,17,3,14,0,0,0
59031202,46,24,22,18,10,8,14,7,7,8,7,1,6,0,6,0,0,0
59032101,356,184,172,143,82,61,168,86,82,17,10,7,27,5,22,1,1,0
55040001,123,58,65,50,25,25,50,25,25,11,5,6,11,2,9,1,1,0
59034701,47,24,23,12,8,4,32,16,16,0,0,0,2,0,2,1,0,1
59034702,91,46,45,34,21,13,39,20,19,6,4,2,12,1,11,0,0,0
59036301,222,113,109,75,44,31,118,58,60,11,4,7,17,6,11,1,1,0
59038001,685,344,341,278,160,118,309,153,156,44,20,24,51,10,41,1,1,0
59040101,65,30,35,25,13,12,26,13,13,4,2,2,10,2,8,0,0,0
59040102,61,36,25,36,23,13,20,11,9,5,2,3,0,0,0,0,0,0
59040103,973,501,472,399,233,166,415,210,205,88,43,45,69,15,54,2,0,2
59040104,49,25,24,14,9,5,27,13,14,4,3,1,4,0,4,0,0,0
59040105,58,27,31,20,11,9,27,14,13,7,2,5,4,0,4,0,0,0
59041001,361,179,182,175,95,80,143,72,71,20,7,13,23,5,18,0,0,0
59042801,84,48,36,30,21,9,42,21,21,5,3,2,7,3,4,0,0,0
59043601,508,257,251,201,115,86,237,120,117,35,17,18,35,5,30,0,0,0
59043602,21,11,10,4,4,0,10,5,5,4,1,3,3,1,2,0,0,0
55396401,171,92,79,77,47,30,73,37,36,7,4,3,14,4,10,0,0,0
59044401,298,135,163,134,60,74,125,62,63,17,10,7,21,2,19,1,1,0
59044402,24,12,12,5,2,3,17,9,8,2,1,1,0,0,0,0,0,0
59045201,296,155,141,107,64,43,164,83,81,13,6,7,12,2,10,0,0,0
59046101,177,88,89,67,38,29,84,41,43,10,7,3,16,2,14,0,0,0
59047901,221,104,117,94,48,46,99,50,49,13,6,7,15,0,15,0,0,0
59048701,123,63,60,44,27,17,53,27,26,12,6,6,14,3,11,0,0,0
59048702,93,52,41,34,23,11,43,23,20,6,4,2,10,2,8,0,0,0
59049501,176,88,88,58,38,20,92,45,47,10,4,6,15,1,14,1,0,1
59050901,191,98,93,73,46,27,94,47,47,10,4,6,14,1,13,0,0,0
59051701,529,268,261,206,120,86,241,122,119,42,21,21,39,4,35,1,1,0
59052501,114,54,60,45,23,22,48,24,24,12,7,5,9,0,9,0,0,0
59053301,120,61,59,48,28,20,57,29,28,3,1,2,12,3,9,0,0,0
59053302,287,149,138,138,81,57,108,54,54,24,13,11,17,1,16,0,0,0
58766401,145,79,66,57,34,23,76,39,37,9,4,5,3,2,1,0,0,0
59055001,399,192,207,169,93,76,175,87,88,20,8,12,35,4,31,0,0,0
59056801,318,161,157,140,78,62,126,63,63,26,14,12,26,6,20,0,0,0
1488490,0,0,0,0,0,0,0,0,0,0,0,0,0,0,0,0,0,0
1488570,0,0,0,0,0,0,0,0,0,0,0,0,0,0,0,0,0,0
59057601,843,422,421,336,187,149,360,177,183,98,50,48,47,6,41,2,2,0
59058401,533,276,257,203,120,83,248,125,123,39,22,17,43,9,34,0,0,0
59059201,297,148,149,126,69,57,144,73,71,14,5,9,13,1,12,0,0,0
59059202,46,26,20,19,11,8,22,11,11,3,3,0,2,1,1,0,0,0
59061401,191,95,96,79,44,35,84,42,42,12,6,6,16,3,13,0,0,0
59062201,301,157,144,126,77,49,134,68,66,14,6,8,27,6,21,0,0,0
59063101,141,68,73,55,30,25,72,35,37,3,1,2,11,2,9,0,0,0
55061201,50,22,28,13,6,7,28,14,14,3,2,1,6,0,6,0,0,0
59064901,260,127,133,89,42,47,128,65,63,22,15,7,21,5,16,0,0,0
59065701,80,36,44,28,11,17,44,22,22,2,1,1,6,2,4,0,0,0
59066501,61,29,32,18,8,10,34,17,17,1,1,0,7,2,5,1,1,0
59067301,1729,867,862,709,402,307,735,369,366,160,74,86,122,21,101,3,1,2
55063901,111,58,53,48,30,18,54,26,28,6,2,4,3,0,3,0,0,0
59069001,108,54,54,46,25,21,47,24,23,10,3,7,5,2,3,0,0,0
59070301,297,151,146,128,73,55,140,70,70,8,3,5,21,5,16,0,0,0
59071101,148,70,78,53,27,26,74,37,37,10,6,4,11,0,11,0,0,0
55047701,101,51,50,40,23,17,51,25,26,3,2,1,7,1,6,0,0,0
59074601,626,312,314,264,144,120,273,135,138,45,23,22,44,10,34,0,0,0
59075401,184,96,88,85,45,40,73,38,35,11,8,3,15,5,10,0,0,0
59075402,81,35,46,31,18,13,32,15,17,8,2,6,10,0,10,0,0,0
59075403,73,37,36,32,16,16,31,16,15,6,4,2,3,1,2,1,0,1
59075404,110,62,48,44,28,16,40,22,18,16,11,5,10,1,9,0,0,0
59075405,216,108,108,106,61,45,72,36,36,21,11,10,17,0,17,0,0,0
59075406,204,100,104,81,43,38,87,43,44,17,11,6,19,3,16,0,0,0
59075407,910,442,468,367,195,172,403,204,199,80,32,48,59,11,48,1,0,1
59075409,1295,627,668,519,287,232,514,256,258,133,61,72,124,20,104,4,3,1
59075411,455,220,235,188,95,93,197,98,99,43,21,22,26,6,20,1,0,1
59075412,381,198,183,186,105,81,133,67,66,42,21,21,20,5,15,0,0,0
59076201,176,88,88,71,38,33,83,41,42,14,8,6,8,1,7,0,0,0
3145520,0,0,0,0,0,0,0,0,0,0,0,0,0,0,0,0,0,0
3393180,0,0,0,0,0,0,0,0,0,0,0,0,0,0,0,0,0,0
59078901,76,36,40,24,13,11,36,18,18,9,4,5,7,1,6,0,0,0
59078902,81,41,40,34,20,14,34,17,17,9,4,5,4,0,4,0,0,0
59078903,542,257,285,260,130,130,203,101,102,49,23,26,29,3,26,1,0,1
59078904,408,208,200,146,88,58,164,82,82,58,30,28,38,7,31,2,1,1
59078906,555,271,284,259,140,119,219,107,112,56,21,35,20,2,18,1,1,0
59078907,1352,638,714,504,264,240,624,311,313,112,48,64,108,13,95,3,1,2
59078908,324,159,165,130,73,57,140,69,71,22,9,13,32,8,24,0,0,0
59078910,570,298,272,244,150,94,209,107,102,72,38,34,44,3,41,1,0,1
59079701,228,115,113,92,52,40,107,54,53,18,7,11,11,2,9,0,0,0
55059101,71,37,34,28,15,13,30,15,15,8,6,2,5,1,4,0,0,0
59080101,187,89,98,65,30,35,96,48,48,14,7,7,12,4,8,0,0,0
59080102,22,14,8,7,5,2,9,5,4,4,3,1,1,0,1,0,0,0
59081901,120,63,57,45,30,15,58,28,30,8,5,3,9,0,9,0,0,0
59082701,190,98,92,69,40,29,89,46,43,16,8,8,16,4,12,0,0,0
59083501,172,90,82,67,41,26,72,37,35,17,9,8,14,3,11,2,0,2
59085101,182,94,88,87,48,39,68,34,34,14,10,4,13,2,11,0,0,0
59085102,108,27,81,24,8,16,12,6,6,16,4,12,54,9,45,2,0,2
51064501,85,44,41,37,20,17,32,16,16,9,6,3,7,2,5,0,0,0
59086001,424,225,199,153,95,58,199,100,99,47,26,21,25,4,21,0,0,0
59087801,105,54,51,40,25,15,47,24,23,6,4,2,12,1,11,0,0,0
59088602,490,254,236,182,112,70,240,120,120,34,18,16,33,4,29,1,0,1
59089401,181,90,91,88,50,38,65,33,32,9,5,4,19,2,17,0,0,0
59090801,367,182,185,126,68,58,196,98,98,22,13,9,23,3,20,0,0,0
59091601,111,54,57,47,27,20,46,23,23,9,4,5,9,0,9,0,0,0
59091602,28,15,13,9,8,1,12,5,7,4,1,3,3,1,2,0,0,0
54530901,440,221,219,164,87,77,221,111,110,34,19,15,21,4,17,0,0,0
55071001,274,130,144,109,55,54,117,57,60,22,13,9,24,5,19,2,0,2
59094101,123,68,55,37,24,13,67,35,32,9,7,2,9,2,7,1,0,1
59094102,883,454,429,354,208,146,395,198,197,75,37,38,58,11,47,1,0,1
59095901,109,53,56,43,24,19,38,20,18,15,8,7,13,1,12,0,0,0
59095902,24,15,9,11,8,3,7,4,3,5,3,2,1,0,1,0,0,0
59096701,167,85,82,61,34,27,80,40,40,10,7,3,16,4,12,0,0,0
59097501,219,110,109,96,53,43,85,43,42,24,11,13,14,3,11,0,0,0
55030201,41,26,15,24,15,9,11,6,5,6,5,1,0,0,0,0,0,0
55030202,118,66,52,44,30,14,52,27,25,9,6,3,13,3,10,0,0,0
51055601,272,132,140,109,55,54,133,68,65,11,7,4,19,2,17,0,0,0
59098301,55,35,20,25,20,5,24,13,11,2,1,1,4,1,3,0,0,0
59098302,42,26,16,18,14,4,19,10,9,2,1,1,2,0,2,1,1,0
59099101,797,743,54,539,522,17,91,64,27,128,127,1,13,4,9,26,26,0
59100902,25,11,14,7,3,4,14,7,7,1,1,0,3,0,3,0,0,0
59100903,452,247,205,207,132,75,173,89,84,39,20,19,31,4,27,2,2,0
57348501,77,45,32,33,25,8,36,18,18,3,1,2,5,1,4,0,0,0
59102501,164,81,83,72,41,31,62,31,31,12,5,7,17,4,13,1,0,1
54487601,149,83,66,69,48,21,54,26,28,11,4,7,15,5,10,0,0,0
59104101,387,196,191,161,98,63,165,83,82,26,12,14,35,3,32,0,0,0
55050701,531,269,262,224,125,99,216,109,107,54,31,23,37,4,33,0,0,0
59106801,120,57,63,38,21,17,59,31,28,7,3,4,16,2,14,0,0,0
58760501,135,69,66,52,26,26,58,29,29,14,9,5,11,5,6,0,0,0
59109201,112,54,58,45,25,20,52,26,26,2,0,2,13,3,10,0,0,0
54495701,63,30,33,25,13,12,31,15,16,2,1,1,5,1,4,0,0,0
55056601,217,106,111,86,48,38,102,52,50,14,3,11,15,3,12,0,0,0
55056602,159,83,76,64,38,26,75,37,38,10,6,4,10,2,8,0,0,0
59111401,278,141,137,115,63,52,120,61,59,27,14,13,16,3,13,0,0,0
55038801,227,125,102,80,55,25,103,51,52,22,13,9,20,4,16,0,0,0
59112201,189,93,96,60,31,29,104,52,52,11,7,4,14,3,11,0,0,0
54503101,127,63,64,47,26,21,60,30,30,12,6,6,8,1,7,0,0,0
59114901,76,38,38,31,17,14,31,17,14,7,4,3,5,0,5,2,0,2
59115701,209,105,104,82,45,37,96,49,47,16,8,8,15,3,12,0,0,0
59116501,327,165,162,140,80,60,138,69,69,25,14,11,24,2,22,0,0,0
59116502,46,21,25,17,7,10,20,10,10,4,2,2,5,2,3,0,0,0
59117301,1307,655,652,479,276,203,624,316,308,99,46,53,105,17,88,0,0,0
0989810,0,0,0,0,0,0,0,0,0,0,0,0,0,0,0,0,0,0
3145790,0,0,0,0,0,0,0,0,0,0,0,0,0,0,0,0,0,0
3145950,0,0,0,0,0,0,0,0,0,0,0,0,0,0,0,0,0,0
59118101,112,52,60,47,27,20,41,20,21,12,3,9,12,2,10,0,0,0
59118102,38,19,19,15,7,8,16,9,7,5,3,2,2,0,2,0,0,0
59118103,173,89,84,71,39,32,86,42,44,9,6,3,7,2,5,0,0,0
59118104,114,60,54,44,27,17,52,26,26,11,5,6,7,2,5,0,0,0
59118105,115,54,61,43,25,18,53,27,26,7,2,5,12,0,12,0,0,0
59118106,2068,963,1105,829,452,377,833,410,423,212,79,133,191,22,169,3,0,3
59118107,57,31,26,23,14,9,32,16,16,1,1,0,1,0,1,0,0,0
59118108,97,56,41,34,23,11,54,27,27,6,4,2,3,2,1,0,0,0
59118109,377,186,191,154,79,75,165,83,82,38,17,21,20,7,13,0,0,0
59118112,626,294,332,226,124,102,264,130,134,68,32,36,68,8,60,0,0,0
59118113,753,388,365,327,199,128,241,122,119,122,57,65,62,10,52,1,0,1
59118114,33,18,15,14,8,6,16,8,8,1,1,0,2,1,1,0,0,0
59118115,401,196,205,170,99,71,166,82,84,42,12,30,23,3,20,0,0,0
59118117,659,334,325,244,137,107,321,160,161,42,21,21,52,16,36,0,0,0
59118118,1444,687,757,563,301,262,603,301,302,166,68,98,108,14,94,4,3,1
59118119,26,13,13,11,6,5,14,7,7,0,0,0,1,0,1,0,0,0
59119001,749,352,397,295,165,130,262,131,131,78,36,42,113,19,94,1,1,0
55077901,164,83,81,63,31,32,85,43,42,10,7,3,6,2,4,0,0,0
3146330,0,0,0,0,0,0,0,0,0,0,0,0,0,0,0,0,0,0
3146410,0,0,0,0,0,0,0,0,0,0,0,0,0,0,0,0,0,0
3295500,0,0,0,0,0,0,0,0,0,0,0,0,0,0,0,0,0,0
3389580,0,0,0,0,0,0,0,0,0,0,0,0,0,0,0,0,0,0
3389660,0,0,0,0,0,0,0,0,0,0,0,0,0,0,0,0,0,0
59121101,71,33,38,27,14,13,36,18,18,3,1,2,5,0,5,0,0,0
59121102,52,26,26,19,11,8,20,10,10,8,4,4,5,1,4,0,0,0
59121103,100,50,50,38,22,16,44,22,22,9,5,4,8,0,8,1,1,0
59121104,493,260,233,210,130,80,204,101,103,40,16,24,38,13,25,1,0,1
59121105,779,380,399,303,164,139,360,178,182,53,26,27,61,12,49,2,0,2
59121106,436,219,217,202,111,91,146,76,70,61,30,31,27,2,25,0,0,0
59121107,1590,736,854,591,336,255,600,299,301,202,69,133,194,32,162,3,0,3
59121108,1184,597,587,482,273,209,549,272,277,101,44,57,50,7,43,2,1,1
59122001,340,171,169,124,70,54,162,81,81,18,11,7,36,9,27,0,0,0
59123801,52,28,24,16,13,3,28,14,14,3,1,2,5,0,5,0,0,0
59124601,211,110,101,93,53,40,95,48,47,13,7,6,10,2,8,0,0,0
59124602,35,16,19,14,8,6,11,5,6,8,3,5,2,0,2,0,0,0
59125401,120,64,56,44,28,16,56,28,28,14,8,6,6,0,6,0,0,0
59125402,747,385,362,302,174,128,296,151,145,90,49,41,59,11,48,0,0,0
59126201,92,51,41,44,30,14,38,19,19,4,0,4,6,2,4,0,0,0
51098001,317,146,171,111,54,57,152,76,76,27,13,14,27,3,24,0,0,0
59128901,101,49,52,32,18,14,52,25,27,8,5,3,9,1,8,0,0,0
59129701,108,50,58,41,21,20,47,24,23,15,5,10,5,0,5,0,0,0
54693301,189,93,96,67,38,29,105,52,53,6,2,4,10,1,9,1,0,1
59130101,278,144,134,94,58,36,151,76,75,12,6,6,19,2,17,1,1,0
59130102,1682,835,847,665,374,291,712,354,358,171,89,82,128,17,111,6,1,5
59131901,737,360,377,316,168,148,307,153,154,62,31,31,51,8,43,1,0,1
59132701,177,92,85,79,44,35,82,41,41,5,5,0,11,2,9,0,0,0
59133501,157,88,69,57,34,23,76,46,30,12,5,7,9,0,9,3,3,0
55046901,161,92,69,68,46,22,73,36,37,11,6,5,9,4,5,0,0,0
59136001,399,198,201,160,87,73,178,89,89,36,16,20,24,5,19,1,1,0
59137801,126,67,59,52,30,22,60,31,29,10,5,5,4,1,3,0,0,0
55037001,113,58,55,44,26,18,54,28,26,8,4,4,6,0,6,1,0,1
59139401,337,164,173,143,78,65,139,70,69,24,10,14,31,6,25,0,0,0
59140801,67,35,32,20,13,7,30,16,14,7,6,1,10,0,10,0,0,0
59141601,21,11,10,10,7,3,8,4,4,2,0,2,1,0,1,0,0,0
59141602,136,71,65,52,36,16,52,27,25,9,5,4,22,2,20,1,1,0
59142401,73,35,38,34,17,17,35,17,18,0,0,0,4,1,3,0,0,0
59143201,38,17,21,8,3,5,24,12,12,1,1,0,5,1,4,0,0,0
59143202,614,308,306,251,142,109,260,129,131,48,23,25,53,14,39,2,0,2
59144101,134,67,67,48,25,23,65,32,33,9,7,2,12,3,9,0,0,0
59145901,780,395,385,306,176,130,372,185,187,54,22,32,48,12,36,0,0,0
54475201,245,124,121,99,60,39,84,42,42,31,18,13,31,4,27,0,0,0
59149102,153,77,76,68,38,30,59,30,29,12,9,3,14,0,14,0,0,0
59150501,386,190,196,148,74,74,183,91,92,25,15,10,27,9,18,1,1,0
59150502,79,40,39,30,18,12,36,18,18,8,3,5,5,1,4,0,0,0
51130701,118,60,58,53,32,21,48,24,24,8,4,4,9,0,9,0,0,0
59152101,82,42,40,38,24,14,32,16,16,8,2,6,4,0,4,0,0,0
55049301,137,74,63,50,34,16,63,33,30,13,7,6,11,0,11,0,0,0
59154801,305,154,151,129,70,59,123,64,59,33,17,16,20,3,17,0,0,0
59155601,79,40,39,31,15,16,33,17,16,7,4,3,8,4,4,0,0,0
59156401,159,82,77,58,35,23,88,44,44,4,1,3,8,2,6,1,0,1
54504001,98,51,47,31,22,9,48,24,24,8,5,3,11,0,11,0,0,0
59158101,517,270,247,212,124,88,234,117,117,38,19,19,33,10,23,0,0,0
59160201,111,59,52,39,28,11,49,25,24,7,4,3,16,2,14,0,0,0
59161101,817,417,400,326,187,139,387,195,192,48,25,23,55,10,45,1,0,1
0385390,0,0,0,0,0,0,0,0,0,0,0,0,0,0,0,0,0,0
59162901,1043,526,517,438,254,184,438,220,218,98,45,53,68,7,61,1,0,1
59162902,75,37,38,24,14,10,34,18,16,9,3,6,6,0,6,0,0,0
59163701,665,332,333,268,151,117,301,151,150,44,22,22,51,7,44,1,1,0
59164501,430,214,216,169,96,73,208,104,104,23,11,12,29,2,27,1,1,0
51108101,245,125,120,90,53,37,119,59,60,18,10,8,18,3,15,0,0,0
59168801,217,106,111,83,43,40,101,50,51,15,11,4,18,2,16,0,0,0
59170001,61,30,31,24,13,11,30,15,15,3,1,2,4,1,3,0,0,0
59170002,70,37,33,24,15,9,36,19,17,4,3,1,6,0,6,0,0,0
59170003,144,71,73,65,33,32,57,29,28,8,4,4,14,5,9,0,0,0
54518001,183,91,92,79,44,35,67,34,33,18,11,7,18,2,16,1,0,1
59172601,251,128,123,100,56,44,115,58,57,17,11,6,19,3,16,0,0,0
59174201,81,35,46,34,13,21,30,15,15,8,4,4,9,3,6,0,0,0
59174202,170,90,80,75,43,32,74,37,37,13,7,6,8,3,5,0,0,0
59174203,1338,661,677,528,273,255,630,314,316,92,54,38,88,20,68,0,0,0
58746001,123,66,57,48,30,18,52,26,26,12,7,5,10,2,8,1,1,0
3398310,0,0,0,0,0,0,0,0,0,0,0,0,0,0,0,0,0,0
55487101,537,287,250,195,117,78,265,144,121,42,21,21,34,4,30,1,1,0
59176901,509,260,249,206,121,85,236,120,116,34,14,20,33,5,28,0,0,0
59176902,61,33,28,28,16,12,27,14,13,5,3,2,0,0,0,1,0,1
59177701,133,65,68,55,29,26,55,28,27,6,5,1,17,3,14,0,0,0
59178501,343,178,165,134,83,51,146,73,73,23,13,10,39,8,31,1,1,0
59179301,230,127,103,88,55,33,112,56,56,14,11,3,15,4,11,1,1,0
59180701,420,208,212,163,89,74,191,96,95,34,15,19,32,8,24,0,0,0
59180702,37,17,20,18,10,8,12,6,6,5,1,4,2,0,2,0,0,0
59181501,289,145,144,114,62,52,128,64,64,21,15,6,24,4,20,0,0,0
59182301,113,56,57,42,25,17,55,27,28,7,3,4,9,1,8,0,0,0
59184001,31,15,16,11,7,4,12,6,6,5,2,3,3,0,3,0,0,0
59184002,671,347,324,286,159,127,302,149,153,46,31,15,35,7,28,1,0,1
59185801,394,204,190,169,96,73,164,83,81,32,17,15,29,8,21,0,0,0
59186601,45,19,26,18,7,11,18,9,9,4,2,2,4,1,3,1,0,1
59186602,71,42,29,30,22,8,32,16,16,4,2,2,5,2,3,0,0,0
59186603,321,156,165,135,69,66,135,69,66,29,13,16,22,5,17,0,0,0
1697730,0,0,0,0,0,0,0,0,0,0,0,0,0,0,0,0,0,0
1698460,0,0,0,0,0,0,0,0,0,0,0,0,0,0,0,0,0,0
1699600,0,0,0,0,0,0,0,0,0,0,0,0,0,0,0,0,0,0
59026601,245,129,116,104,62,42,106,53,53,21,12,9,14,2,12,0,0,0
59026602,181,88,93,69,34,35,88,45,43,13,8,5,11,1,10,0,0,0
59026603,208,96,112,79,32,47,102,52,50,13,9,4,14,3,11,0,0,0
59026604,154,89,65,66,45,21,72,37,35,11,5,6,5,2,3,0,0,0
59026605,272,133,139,98,51,47,133,67,66,22,10,12,18,5,13,1,0,1
59026606,109,57,52,40,25,15,50,24,26,9,6,3,10,2,8,0,0,0
59026609,531,266,265,239,137,102,199,98,101,47,24,23,45,6,39,1,1,0
59026610,1649,762,887,627,335,292,573,285,288,263,106,157,181,34,147,4,2,2
59026611,29,16,13,14,7,7,11,6,5,3,2,1,0,0,0,1,1,0
59026612,1044,521,523,397,225,172,494,243,251,94,41,53,58,11,47,1,1,0
59026613,1849,916,933,750,420,330,758,377,381,252,95,157,87,22,65,2,2,0
59026614,164,76,88,93,46,47,52,24,28,14,6,8,4,0,4,1,0,1
59026615,69,30,39,25,9,16,32,16,16,9,5,4,3,0,3,0,0,0
59026617,89,50,39,39,23,16,44,23,21,5,4,1,1,0,1,0,0,0
59026619,1191,592,599,445,254,191,578,285,293,101,39,62,66,14,52,1,0,1
59026620,459,227,232,201,111,90,177,88,89,49,23,26,30,5,25,2,0,2
59026621,48,25,23,21,11,10,20,10,10,6,4,2,1,0,1,0,0,0
59026622,1511,712,799,540,287,253,706,347,359,131,57,74,132,20,112,2,1,1
59026624,299,146,153,102,55,47,157,78,79,25,9,16,15,4,11,0,0,0
59026625,117,60,57,41,24,17,63,31,32,8,3,5,5,2,3,0,0,0
59026626,1509,712,797,502,274,228,683,344,339,161,64,97,155,27,128,8,3,5
59026627,708,469,239,384,269,115,110,60,50,198,136,62,15,3,12,0,0,0
59026628,336,164,172,176,88,88,104,51,53,35,21,14,20,3,17,1,1,0
59026631,21,13,8,9,6,3,8,5,3,3,2,1,1,0,1,0,0,0
59026632,1330,652,678,540,289,251,543,272,271,169,72,97,76,19,57,2,0,2
59026633,242,94,148,43,30,13,19,10,9,63,37,26,113,15,98,4,2,2
59026634,128,64,64,46,27,19,65,33,32,9,3,6,8,1,7,0,0,0
59026635,2310,1130,1180,911,521,390,982,489,493,300,92,208,111,22,89,5,5,0
59026636,4191,2026,2165,1649,897,752,1813,900,913,523,186,337,197,34,163,4,4,0
59026637,910,412,498,379,189,190,316,160,156,142,46,96,73,17,56,0,0,0
59026638,3350,1581,1769,1347,729,618,1238,618,620,549,200,349,207,30,177,9,4,5
59026639,2569,1202,1367,974,523,451,1020,504,516,346,138,208,222,34,188,7,3,4
59026641,227,109,118,97,45,52,87,45,42,31,13,18,11,5,6,1,1,0
59026642,554,283,271,246,137,109,199,101,98,72,36,36,36,9,27,1,0,1
59026643,3853,1777,2076,1518,832,686,1411,701,710,500,177,323,412,60,352,10,6,4
59026645,327,172,155,161,97,64,84,43,41,62,25,37,18,5,13,2,2,0
59026646,1072,507,565,513,259,254,394,194,200,143,50,93,20,2,18,2,2,0
59026647,192,97,95,76,40,36,82,41,41,19,12,7,15,4,11,0,0,0
59026648,197,99,98,58,33,25,108,53,55,20,10,10,11,3,8,0,0,0
59026649,124,65,59,55,29,26,50,25,25,12,8,4,7,3,4,0,0,0
55031101,101,48,53,38,20,18,47,23,24,7,4,3,9,1,8,0,0,0
58769901,110,52,58,40,20,20,54,26,28,6,4,2,9,1,8,1,1,0
59187401,816,402,414,360,185,175,360,182,178,55,28,27,39,7,32,2,0,2
58834201,190,99,91,91,53,38,77,39,38,7,5,2,15,2,13,0,0,0
51124201,404,200,204,164,88,76,191,96,95,24,13,11,25,3,22,0,0,0
59190401,66,30,36,26,12,14,31,16,15,3,1,2,6,1,5,0,0,0
59190402,187,97,90,72,44,28,85,43,42,11,6,5,18,4,14,0,0,0
59190403,891,458,433,329,191,138,407,206,201,80,42,38,72,17,55,1,0,1
59191201,139,69,70,67,33,34,51,25,26,10,8,2,11,3,8,0,0,0
59193901,141,72,69,52,25,27,69,40,29,13,6,7,7,1,6,0,0,0
59193902,691,355,336,279,162,117,322,165,157,38,20,18,52,8,44,0,0,0
59194701,53,29,24,20,14,6,27,13,14,4,1,3,2,1,1,0,0,0
59194703,80,43,37,30,20,10,39,19,20,7,4,3,4,0,4,0,0,0
59195501,118,64,54,42,27,15,55,28,27,12,7,5,8,1,7,1,1,0
59196301,21,9,12,4,1,3,12,6,6,4,2,2,1,0,1,0,0,0
59196302,93,52,41,31,18,13,52,25,27,8,8,0,2,1,1,0,0,0
59198001,209,103,106,81,42,39,100,49,51,18,9,9,10,3,7,0,0,0
59199801,179,93,86,79,48,31,68,34,34,15,7,8,16,3,13,1,1,0
59199802,162,82,80,59,35,24,79,39,40,11,7,4,13,1,12,0,0,0
59199803,145,80,65,51,33,18,71,35,36,7,6,1,16,6,10,0,0,0
59199804,952,477,475,384,217,167,409,205,204,88,39,49,70,16,54,1,0,1
59521701,133,68,65,56,31,25,57,29,28,9,7,2,11,1,10,0,0,0
59524101,188,90,98,73,44,29,82,41,41,11,2,9,20,1,19,0,0,0
59524102,85,43,42,30,16,14,34,17,17,12,7,5,7,3,4,0,0,0
59525001,248,121,127,105,56,49,108,54,54,13,6,7,21,4,17,1,1,0
59525002,78,37,41,30,16,14,36,18,18,4,3,1,8,0,8,0,0,0
59526801,543,276,267,224,122,102,251,126,125,37,21,16,31,7,24,0,0,0
59526802,329,170,159,133,73,60,159,77,82,23,16,7,13,3,10,1,1,0
59527601,238,127,111,94,59,35,105,52,53,20,10,10,19,6,13,0,0,0
59528401,267,145,122,106,68,38,121,62,59,12,7,5,28,8,20,0,0,0
59529201,922,462,460,405,218,187,394,197,197,46,25,21,75,21,54,2,1,1
59529202,194,104,90,81,51,30,87,44,43,13,7,6,13,2,11,0,0,0
59530601,211,105,106,93,48,45,102,51,51,9,6,3,7,0,7,0,0,0
59530602,43,21,22,15,7,8,21,11,10,2,2,0,4,0,4,1,1,0
59532201,171,78,93,60,28,32,89,45,44,7,4,3,15,1,14,0,0,0
59564101,377,181,196,144,71,73,189,94,95,25,15,10,19,1,18,0,0,0
59564102,48,25,23,16,7,9,25,13,12,5,3,2,1,1,0,1,1,0
59564103,319,151,168,131,68,63,138,70,68,21,11,10,28,1,27,1,1,0
59534901,150,80,70,65,39,26,64,32,32,11,6,5,10,3,7,0,0,0
59535701,150,76,74,56,34,22,74,38,36,7,3,4,13,1,12,0,0,0
59535702,26,12,14,8,4,4,15,8,7,0,0,0,3,0,3,0,0,0
59536501,23,10,13,12,5,7,6,3,3,4,2,2,1,0,1,0,0,0
59536502,275,150,125,125,77,48,128,64,64,13,7,6,8,2,6,1,0,1
59538101,152,82,70,61,38,23,63,34,29,14,7,7,14,3,11,0,0,0
59538102,23,13,10,11,6,5,4,2,2,6,5,1,2,0,2,0,0,0
59539001,166,81,85,65,33,32,82,42,40,6,4,2,13,2,11,0,0,0
59540301,168,90,78,69,47,22,81,40,41,5,1,4,13,2,11,0,0,0
0170270,0,0,0,0,0,0,0,0,0,0,0,0,0,0,0,0,0,0
59541101,78,47,31,31,22,9,35,18,17,7,5,2,5,2,3,0,0,0
59541102,81,38,43,31,17,14,34,17,17,6,3,3,10,1,9,0,0,0
59541103,122,61,61,48,25,23,56,30,26,9,5,4,9,1,8,0,0,0
59541104,293,157,136,120,75,45,147,74,73,14,5,9,12,3,9,0,0,0
59541105,33,16,17,14,7,7,14,7,7,4,1,3,1,1,0,0,0,0
59541106,96,47,49,31,18,13,51,26,25,7,3,4,7,0,7,0,0,0
59541107,71,29,42,23,8,15,27,14,13,12,7,5,9,0,9,0,0,0
59541108,107,56,51,49,30,19,43,22,21,6,1,5,9,3,6,0,0,0
59541109,62,31,31,28,16,12,26,12,14,6,3,3,2,0,2,0,0,0
59541110,194,105,89,73,50,23,96,49,47,13,4,9,12,2,10,0,0,0
59541111,97,45,52,38,20,18,46,23,23,6,2,4,7,0,7,0,0,0
59541112,37,17,20,16,8,8,18,8,10,1,1,0,2,0,2,0,0,0
59541113,935,451,484,386,221,165,329,167,162,130,48,82,89,14,75,1,1,0
59541114,1698,800,898,681,363,318,649,319,330,233,92,141,134,26,108,1,0,1
59541115,41,22,19,13,10,3,22,11,11,3,1,2,3,0,3,0,0,0
59541116,671,327,344,258,139,119,333,164,169,41,21,20,39,3,36,0,0,0
59541117,80,44,36,36,25,11,28,14,14,11,3,8,5,2,3,0,0,0
59541118,1202,569,633,449,266,183,422,206,216,194,76,118,132,17,115,5,4,1
59541119,663,323,340,247,138,109,293,149,144,65,28,37,56,8,48,2,0,2
59541120,121,60,61,53,27,26,54,27,27,9,3,6,5,3,2,0,0,0
59541122,810,441,369,330,217,113,301,146,155,123,72,51,56,6,50,0,0,0
59542001,90,44,46,48,27,21,32,16,16,1,0,1,9,1,8,0,0,0
59542002,72,37,35,26,14,12,37,18,19,3,2,1,3,0,3,3,3,0
58801601,102,55,47,50,30,20,42,21,21,4,1,3,6,3,3,0,0,0
59543801,240,123,117,100,57,43,101,52,49,17,9,8,22,5,17,0,0,0
59543802,48,30,18,26,21,5,18,9,9,0,0,0,4,0,4,0,0,0
59545401,526,269,257,225,132,93,232,116,116,25,13,12,44,8,36,0,0,0
59545402,38,19,19,15,8,7,18,9,9,2,2,0,3,0,3,0,0,0
59545403,77,42,35,26,16,10,40,21,19,4,3,1,6,1,5,1,1,0
59546202,154,73,81,74,38,36,55,28,27,9,5,4,16,2,14,0,0,0
59547101,254,123,131,119,58,61,105,55,50,9,4,5,21,6,15,0,0,0
59548901,346,179,167,144,82,62,162,82,80,22,13,9,18,2,16,0,0,0
59550101,455,218,237,185,93,92,212,105,107,35,17,18,23,3,20,0,0,0
59550102,36,17,19,12,6,6,22,11,11,1,0,1,1,0,1,0,0,0
59551901,141,68,73,57,32,25,61,30,31,7,4,3,16,2,14,0,0,0
59553501,568,294,274,221,131,90,215,111,104,73,39,34,56,13,43,1,0,1
59553502,41,21,20,15,9,6,22,11,11,2,1,1,2,0,2,0,0,0
59557801,321,164,157,118,69,49,148,76,72,25,13,12,27,3,24,3,3,0
59558601,1163,575,588,448,239,209,539,267,272,87,47,40,85,20,65,4,2,2
59558602,249,116,133,99,48,51,123,60,63,13,8,5,14,0,14,0,0,0
59558603,106,46,60,43,17,26,50,25,25,8,4,4,5,0,5,0,0,0
0383342,0,0,0,0,0,0,0,0,0,0,0,0,0,0,0,0,0,0
59559401,804,407,397,323,186,137,379,191,188,49,23,26,52,7,45,1,0,1
59559402,73,42,31,28,20,8,37,19,18,5,3,2,3,0,3,0,0,0
59559403,71,33,38,14,6,8,40,21,19,7,3,4,10,3,7,0,0,0
59559405,348,175,173,132,77,55,161,83,78,26,11,15,28,4,24,1,0,1
59560801,21,11,10,7,5,2,8,4,4,2,1,1,4,1,3,0,0,0
59560802,188,95,93,84,51,33,76,38,38,11,4,7,17,2,15,0,0,0
59562401,148,75,73,62,37,25,56,28,28,19,10,9,11,0,11,0,0,0
59565901,170,89,81,74,43,31,73,37,36,11,7,4,12,2,10,0,0,0
59565902,22,10,12,12,6,6,6,3,3,3,1,2,1,0,1,0,0,0
59567501,83,40,43,28,14,14,50,26,24,1,0,1,4,0,4,0,0,0
59568301,67,39,28,25,20,5,35,18,17,3,1,2,4,0,4,0,0,0
59571301,169,92,77,70,44,26,74,37,37,13,7,6,12,4,8,0,0,0
59572101,210,104,106,80,43,37,78,38,40,30,21,9,22,2,20,0,0,0
59570501,40,20,20,20,11,9,14,7,7,3,2,1,3,0,3,0,0,0
59573001,329,175,154,142,87,55,151,76,75,12,5,7,21,4,17,1,1,0
59575601,606,315,291,256,150,106,293,149,144,21,11,10,34,4,30,2,1,1
59574801,108,54,54,50,25,25,48,24,24,7,4,3,3,1,2,0,0,0
0602322,0,0,0,0,0,0,0,0,0,0,0,0,0,0,0,0,0,0
59577201,208,103,105,81,44,37,100,50,50,9,4,5,16,4,12,2,1,1
59577202,650,313,337,260,141,119,260,127,133,63,33,30,65,12,53,2,0,2
59577203,109,52,57,43,22,21,49,26,23,4,2,2,12,1,11,1,1,0
59577204,60,32,28,20,14,6,29,15,14,2,1,1,9,2,7,0,0,0
59577205,89,49,40,37,25,12,36,19,17,7,3,4,9,2,7,0,0,0
59580201,275,140,135,105,60,45,128,70,58,17,8,9,25,2,23,0,0,0
59581101,172,87,85,83,45,38,63,32,31,13,9,4,13,1,12,0,0,0
59582901,153,87,66,64,43,21,65,33,32,13,8,5,10,3,7,1,0,1
59584501,109,57,52,52,31,21,42,22,20,10,3,7,5,1,4,0,0,0
59585301,153,82,71,67,40,27,62,31,31,7,6,1,15,3,12,0,0,0
59586101,31,17,14,15,8,7,12,6,6,3,3,0,1,0,1,0,0,0
59586102,171,92,79,70,43,27,79,40,39,9,8,1,13,1,12,0,0,0
59586103,51,30,21,17,13,4,24,12,12,4,2,2,5,2,3,1,1,0
59587001,103,51,52,33,18,15,42,21,21,13,7,6,15,5,10,0,0,0
59588801,172,85,87,55,33,22,82,41,41,20,9,11,15,2,13,0,0,0
59589601,101,46,55,40,17,23,47,23,24,9,6,3,5,0,5,0,0,0
59590001,270,135,135,104,55,49,131,66,65,17,10,7,18,4,14,0,0,0
58784201,368,188,180,167,92,75,172,85,87,13,5,8,16,6,10,0,0,0
59591801,76,33,43,24,9,15,38,19,19,7,3,4,7,2,5,0,0,0
59591802,273,131,142,99,55,44,129,65,64,23,9,14,21,2,19,1,0,1
59591803,25,13,12,10,6,4,10,5,5,2,2,0,3,0,3,0,0,0
59592601,29,15,14,12,7,5,14,7,7,2,1,1,1,0,1,0,0,0
59592602,1744,880,864,774,424,350,751,384,367,108,54,54,110,18,92,1,0,1
59595101,615,310,305,260,143,117,279,140,139,44,20,24,32,7,25,0,0,0
59596901,87,44,43,32,17,15,43,21,22,6,4,2,6,2,4,0,0,0
59596902,104,49,55,48,25,23,37,18,19,11,4,7,7,1,6,1,1,0
59597701,168,87,81,60,38,22,86,43,43,10,4,6,12,2,10,0,0,0
59600101,45,23,22,17,9,8,22,11,11,1,1,0,5,2,3,0,0,0
59601901,527,270,257,255,152,103,210,105,105,38,10,28,22,3,19,2,0,2
59601902,88,51,37,38,24,14,46,26,20,3,1,2,1,0,1,0,0,0
59603501,228,127,101,101,65,36,108,55,53,9,6,3,10,1,9,0,0,0
59605101,364,201,163,154,89,65,176,97,79,16,8,8,13,3,10,5,4,1
59605103,28,14,14,10,7,3,10,5,5,4,2,2,4,0,4,0,0,0
59606001,55,25,30,17,10,7,27,13,14,1,0,1,10,2,8,0,0,0
59608601,258,133,125,103,57,46,120,60,60,17,12,5,18,4,14,0,0,0
59609401,27,12,15,11,4,7,14,7,7,0,0,0,2,1,1,0,0,0
59609402,423,203,220,186,99,87,194,97,97,17,6,11,25,1,24,1,0,1
59610801,195,92,103,69,34,35,98,49,49,10,5,5,18,4,14,0,0,0
59611601,1840,941,899,736,445,291,812,408,404,152,70,82,136,16,120,4,2,2
59611602,147,77,70,65,38,27,69,34,35,6,4,2,7,1,6,0,0,0
58751601,167,79,88,82,43,39,62,31,31,9,4,5,14,1,13,0,0,0
54983501,48,26,22,16,11,5,27,13,14,3,2,1,2,0,2,0,0,0
58777001,72,41,31,31,20,11,26,14,12,10,7,3,5,0,5,0,0,0
59613201,121,66,55,49,34,15,50,25,25,8,4,4,14,3,11,0,0,0
59614101,650,306,344,265,146,119,253,125,128,50,26,24,81,9,72,1,0,1
59615901,24,14,10,12,10,2,8,4,4,0,0,0,4,0,4,0,0,0
59615902,20,11,9,5,4,1,7,4,3,5,3,2,3,0,3,0,0,0
59618301,23,13,10,4,2,2,12,6,6,6,5,1,1,0,1,0,0,0
59618302,299,145,154,113,61,52,132,68,64,23,13,10,27,1,26,2,0,2
59618303,26,12,14,10,5,5,10,5,5,1,1,0,4,0,4,1,1,0
59620501,150,74,76,59,32,27,72,36,36,5,4,1,14,2,12,0,0,0
59620502,734,372,362,311,183,128,331,166,165,51,17,34,41,6,35,0,0,0
59620503,39,24,15,15,13,2,17,8,9,4,1,3,3,2,1,0,0,0
59621301,153,71,82,66,32,34,69,34,35,7,3,4,11,2,9,0,0,0
59622101,631,321,310,271,150,121,300,149,151,22,12,10,37,10,27,1,0,1
58797401,308,155,153,117,63,54,155,77,78,18,12,6,18,3,15,0,0,0
59623001,166,90,76,66,42,24,83,42,41,6,4,2,11,2,9,0,0,0
59623002,235,123,112,99,55,44,115,59,56,11,6,5,10,3,7,0,0,0
59623003,246,122,124,114,56,58,110,57,53,11,7,4,11,2,9,0,0,0
59623004,462,231,231,193,109,84,206,102,104,27,12,15,34,7,27,2,1,1
59623005,241,124,117,111,61,50,100,50,50,16,9,7,14,4,10,0,0,0
59623006,211,111,100,85,51,34,103,52,51,8,6,2,15,2,13,0,0,0
59623007,215,102,113,91,50,41,102,50,52,7,1,6,15,1,14,0,0,0
59623008,31,14,17,14,8,6,12,6,6,3,0,3,2,0,2,0,0,0
59623009,431,227,204,165,100,65,225,113,112,14,6,8,26,7,19,1,1,0
59623010,1078,531,547,421,254,167,426,210,216,124,53,71,105,12,93,0,0,0
59623011,654,294,360,210,104,106,307,155,152,40,15,25,96,20,76,1,0,1
59623012,188,98,90,64,36,28,97,48,49,18,11,7,9,3,6,0,0,0
59623013,105,49,56,38,18,20,51,26,25,9,4,5,7,1,6,0,0,0
59623015,355,166,189,133,66,67,148,74,74,42,20,22,31,5,26,1,1,0
59623016,22,11,11,11,5,6,10,5,5,1,1,0,0,0,0,0,0,0
59623017,702,364,338,277,174,103,258,130,128,107,49,58,59,10,49,1,1,0
59623018,760,357,403,271,144,127,327,162,165,109,43,66,52,8,44,1,0,1
59623019,344,163,181,112,53,59,193,99,94,22,8,14,17,3,14,0,0,0
59623020,243,110,133,124,52,72,102,51,51,16,7,9,1,0,1,0,0,0
59623022,804,391,413,297,162,135,391,195,196,58,26,32,55,8,47,2,0,2
59623023,99,56,43,47,30,17,37,22,15,9,3,6,6,1,5,0,0,0
59623026,807,390,417,318,172,146,352,177,175,83,32,51,54,9,45,0,0,0
59623027,1089,526,563,433,254,179,395,198,197,156,59,97,104,14,90,1,1,0
59624801,260,128,132,110,54,56,125,64,61,12,7,5,13,3,10,0,0,0
59625601,1295,643,652,524,286,238,612,308,304,83,38,45,74,9,65,2,2,0
59626401,23,14,9,14,10,4,7,3,4,1,1,0,1,0,1,0,0,0
59626402,38,15,23,13,5,8,15,8,7,4,2,2,6,0,6,0,0,0
59627201,169,91,78,68,44,24,85,43,42,6,3,3,9,1,8,1,0,1
59628101,413,212,201,188,109,79,171,85,86,25,11,14,28,6,22,0,0,0
59632901,224,118,106,94,57,37,103,50,53,16,10,6,11,1,10,0,0,0
59632902,87,41,46,32,18,14,34,16,18,9,6,3,12,1,11,0,0,0
59633701,659,337,322,273,155,118,310,156,154,38,21,17,38,5,33,0,0,0
51141201,137,74,63,56,32,24,65,32,33,10,7,3,6,3,3,0,0,0
59634501,33,16,17,14,5,9,11,6,5,6,4,2,2,1,1,0,0,0
59634502,902,426,476,381,186,195,413,207,206,62,28,34,46,5,41,0,0,0
59635301,95,47,48,48,24,24,36,19,17,4,3,1,7,1,6,0,0,0
59636101,895,447,448,360,198,162,421,210,211,55,26,29,58,12,46,1,1,0
59636102,30,18,12,14,10,4,10,5,5,2,2,0,4,1,3,0,0,0
59637001,54,28,26,24,15,9,22,11,11,4,1,3,4,1,3,0,0,0
59637002,186,96,90,92,52,40,73,36,37,14,7,7,6,1,5,1,0,1
59637003,86,42,44,36,20,16,43,21,22,1,1,0,6,0,6,0,0,0
0932620,0,0,0,0,0,0,0,0,0,0,0,0,0,0,0,0,0,0
59638801,250,132,118,107,66,41,113,57,56,13,6,7,17,3,14,0,0,0
59639601,326,173,153,131,82,49,151,76,75,22,11,11,21,3,18,1,1,0
59641801,244,133,111,107,65,42,109,55,54,20,11,9,7,2,5,1,0,1
59641802,51,26,25,21,12,9,24,12,12,4,2,2,2,0,2,0,0,0
54991601,314,164,150,121,74,47,153,76,77,20,10,10,20,4,16,0,0,0
59643401,157,79,78,59,30,29,80,41,39,8,5,3,10,3,7,0,0,0
59644201,241,119,122,119,61,58,91,45,46,16,12,4,15,1,14,0,0,0
59645101,253,135,118,104,59,45,124,63,61,13,9,4,11,3,8,1,1,0
59646901,88,47,41,35,20,15,44,22,22,5,3,2,3,2,1,1,0,1
59647702,146,79,67,62,37,25,63,31,32,10,6,4,11,5,6,0,0,0
59648501,94,41,53,33,13,20,44,23,21,11,5,6,6,0,6,0,0,0
59648502,702,354,348,293,160,133,330,165,165,48,25,23,31,4,27,0,0,0
59649301,55,26,29,17,10,7,24,12,12,7,4,3,7,0,7,0,0,0
59649302,102,56,46,30,21,9,58,29,29,4,4,0,10,2,8,0,0,0
59649303,192,98,94,71,44,27,90,45,45,14,6,8,17,3,14,0,0,0
59650701,51,26,25,23,12,11,23,12,11,1,0,1,4,2,2,0,0,0
58805901,129,77,52,57,39,18,58,30,28,5,5,0,9,3,6,0,0,0
59651501,173,83,90,76,40,36,69,35,34,15,5,10,11,2,9,2,1,1
59652301,123,61,62,50,27,23,53,26,27,14,7,7,5,0,5,1,1,0
59653101,599,308,291,247,140,107,284,143,141,32,15,17,35,10,25,1,0,1
54992401,111,60,51,42,26,16,55,28,27,5,4,1,9,2,7,0,0,0
54992402,45,22,23,19,11,8,18,9,9,3,1,2,5,1,4,0,0,0
59654001,95,53,42,38,25,13,42,22,20,5,4,1,10,2,8,0,0,0
59655801,287,142,145,112,56,56,134,67,67,17,12,5,22,5,17,2,2,0
59656601,144,70,74,49,27,22,62,31,31,13,7,6,20,5,15,0,0,0
59657401,886,453,433,398,228,170,394,198,196,41,20,21,53,7,46,0,0,0
59657402,28,17,11,11,8,3,13,7,6,3,2,1,1,0,1,0,0,0
58773701,99,45,54,49,23,26,37,18,19,6,4,2,7,0,7,0,0,0
54994101,41,19,22,14,6,8,16,8,8,6,5,1,5,0,5,0,0,0
59660401,31,17,14,11,6,5,12,7,5,5,4,1,3,0,3,0,0,0
59660402,77,42,35,37,26,11,19,9,10,9,6,3,11,0,11,1,1,0
59661201,62,33,29,24,15,9,30,15,15,3,1,2,5,2,3,0,0,0
59661202,553,270,283,232,125,107,239,120,119,40,17,23,39,7,32,3,1,2
59663901,87,41,46,36,21,15,38,19,19,5,1,4,8,0,8,0,0,0
59664701,80,46,34,30,22,8,36,18,18,4,2,2,8,2,6,0,0,0
59664702,40,24,16,14,10,4,22,11,11,3,3,0,1,0,1,0,0,0
59664703,81,45,36,26,18,8,42,22,20,9,4,5,4,1,3,0,0,0
59664704,430,211,219,180,91,89,187,95,92,25,18,7,37,6,31,1,1,0
59664705,20,9,11,10,5,5,7,3,4,0,0,0,3,1,2,0,0,0
59665501,68,33,35,18,10,8,44,22,22,0,0,0,6,1,5,0,0,0
59665502,505,259,246,199,115,84,245,122,123,32,16,16,29,6,23,0,0,0
59665503,23,11,12,8,4,4,10,5,5,3,2,1,2,0,2,0,0,0
59665504,164,91,73,65,45,20,72,35,37,13,8,5,13,3,10,1,0,1
59666301,36,21,15,17,12,5,15,7,8,2,1,1,2,1,1,0,0,0
59666302,346,190,156,140,88,52,162,84,78,22,12,10,20,5,15,2,1,1
59667101,211,104,107,89,48,41,94,46,48,15,8,7,13,2,11,0,0,0
59668001,454,224,230,197,112,85,206,104,102,18,6,12,33,2,31,0,0,0
59670101,35,17,18,12,8,4,16,8,8,4,1,3,3,0,3,0,0,0
59670102,578,292,286,244,132,112,249,126,123,54,26,28,29,6,23,2,2,0
59670103,24,10,14,11,4,7,12,6,6,0,0,0,1,0,1,0,0,0
58823701,265,130,135,122,65,57,107,53,54,15,7,8,21,5,16,0,0,0
59671001,42,14,28,13,2,11,22,11,11,2,1,1,5,0,5,0,0,0
59671002,98,54,44,39,26,13,52,25,27,1,1,0,6,2,4,0,0,0
59671003,32,15,17,15,7,8,11,5,6,1,1,0,5,2,3,0,0,0
59672801,271,146,125,119,77,42,128,63,65,7,3,4,17,3,14,0,0,0
59673601,99,48,51,38,17,21,54,28,26,5,2,3,2,1,1,0,0,0
59674401,215,102,113,81,43,38,103,52,51,9,5,4,22,2,20,0,0,0
59675201,104,54,50,42,23,19,44,23,21,14,7,7,4,1,3,0,0,0
59675202,28,15,13,8,4,4,15,8,7,2,2,0,3,1,2,0,0,0
59676101,154,82,72,57,38,19,68,33,35,8,6,2,21,5,16,0,0,0
59678701,21,13,8,7,5,2,11,6,5,1,1,0,2,1,1,0,0,0
59678702,21,10,11,10,4,6,9,5,4,1,1,0,1,0,1,0,0,0
59678703,46,28,18,21,16,5,22,10,12,1,1,0,2,1,1,0,0,0
59678704,48,30,18,17,12,5,22,12,10,7,5,2,1,0,1,1,1,0
59678706,541,258,283,219,114,105,232,117,115,42,16,26,47,11,36,1,0,1
59678707,41,21,20,17,10,7,19,9,10,3,1,2,1,1,0,1,0,1
59679501,26,16,10,4,4,0,18,9,9,2,2,0,2,1,1,0,0,0
59680901,122,64,58,50,32,18,52,26,26,7,5,2,13,1,12,0,0,0
59681701,47,28,19,20,16,4,20,11,9,2,1,1,5,0,5,0,0,0
59681702,106,52,54,42,23,19,50,25,25,5,3,2,9,1,8,0,0,0
59681703,37,21,16,15,10,5,21,11,10,0,0,0,1,0,1,0,0,0
59681704,400,201,199,164,90,74,186,93,93,18,11,7,30,6,24,2,1,1
59682501,73,37,36,25,16,9,29,15,14,8,4,4,11,2,9,0,0,0
59682503,140,67,73,59,25,34,67,34,33,7,3,4,7,5,2,0,0,0
59682504,139,45,94,32,17,15,20,7,13,32,14,18,54,7,47,1,0,1
59682505,37,17,20,12,6,6,22,11,11,0,0,0,3,0,3,0,0,0
59682506,486,236,250,189,99,90,228,115,113,28,15,13,40,6,34,1,1,0
54988601,100,50,50,31,18,13,54,27,27,8,5,3,7,0,7,0,0,0
59683301,45,22,23,17,8,9,22,11,11,3,2,1,3,1,2,0,0,0
59683302,95,48,47,39,24,15,44,21,23,4,1,3,8,2,6,0,0,0
59684101,414,207,207,165,89,76,194,96,98,29,14,15,25,7,18,1,1,0
59684102,26,12,14,13,6,7,12,6,6,0,0,0,1,0,1,0,0,0
59685001,110,57,53,43,24,19,52,26,26,6,5,1,9,2,7,0,0,0
59686801,76,44,32,31,22,9,35,18,17,6,3,3,4,1,3,0,0,0
59686803,151,82,69,41,29,12,93,46,47,10,6,4,7,1,6,0,0,0
59686804,1102,549,553,418,244,174,487,246,241,93,43,50,103,16,87,1,0,1
59687601,670,333,337,263,143,120,294,151,143,44,23,21,68,15,53,0,0,0
59688401,120,58,62,40,21,19,61,32,29,8,5,3,11,0,11,0,0,0
59688402,39,17,22,16,8,8,14,7,7,2,1,1,7,1,6,0,0,0
59688403,487,256,231,192,119,73,236,120,116,23,11,12,35,5,30,1,1,0
59688404,48,21,27,16,8,8,24,12,12,3,1,2,4,0,4,1,0,1
59183101,654,337,317,267,154,113,281,142,139,61,33,28,45,8,37,0,0,0
58775301,109,55,54,46,23,23,49,26,23,11,6,5,3,0,3,0,0,0
54995901,80,39,41,27,15,12,39,20,19,5,3,2,9,1,8,0,0,0
59690601,32,18,14,18,13,5,10,5,5,2,0,2,2,0,2,0,0,0
59690602,344,190,154,169,104,65,151,75,76,18,7,11,6,4,2,0,0,0
59691401,80,37,43,27,10,17,37,18,19,7,4,3,9,5,4,0,0,0
59691403,39,19,20,13,8,5,20,10,10,3,1,2,3,0,3,0,0,0
59691404,105,51,54,40,20,20,54,27,27,7,4,3,4,0,4,0,0,0
59691405,161,82,79,68,36,32,76,37,39,7,7,0,10,2,8,0,0,0
59691406,79,42,37,27,18,9,39,20,19,7,4,3,6,0,6,0,0,0
59692201,263,139,124,113,68,45,128,65,63,11,6,5,11,0,11,0,0,0
59693101,188,95,93,84,51,33,75,37,38,12,5,7,16,1,15,1,1,0
59694901,317,164,153,120,69,51,161,81,80,12,7,5,23,6,17,1,1,0
59695701,91,44,47,31,17,14,46,23,23,8,3,5,5,0,5,1,1,0
59695702,92,54,38,37,28,9,44,22,22,2,1,1,9,3,6,0,0,0
59695703,104,56,48,49,29,20,44,23,21,5,2,3,6,2,4,0,0,0
59695704,133,72,61,61,38,23,61,32,29,4,0,4,7,2,5,0,0,0
59695705,218,107,111,89,49,40,100,49,51,15,7,8,14,2,12,0,0,0
59695707,32,20,12,12,10,2,18,9,9,1,1,0,1,0,1,0,0,0
59696501,311,158,153,114,66,48,157,80,77,14,7,7,26,5,21,0,0,0
3149780,0,0,0,0,0,0,0,0,0,0,0,0,0,0,0,0,0,0
3181410,0,0,0,0,0,0,0,0,0,0,0,0,0,0,0,0,0,0
3296900,0,0,0,0,0,0,0,0,0,0,0,0,0,0,0,0,0,0
3394580,0,0,0,0,0,0,0,0,0,0,0,0,0,0,0,0,0,0
59697301,72,36,36,34,19,15,30,15,15,5,1,4,3,1,2,0,0,0
59697302,127,70,57,60,38,22,58,30,28,3,2,1,6,0,6,0,0,0
59697303,156,75,81,69,34,35,65,32,33,4,2,2,17,6,11,1,1,0
59697304,80,43,37,28,17,11,36,18,18,6,3,3,9,5,4,1,0,1
59697305,50,23,27,19,8,11,27,14,13,3,1,2,1,0,1,0,0,0
59697306,78,38,40,33,16,17,32,16,16,5,3,2,8,3,5,0,0,0
59697308,188,98,90,78,46,32,88,44,44,12,8,4,10,0,10,0,0,0
59697309,42,20,22,16,8,8,18,10,8,5,1,4,3,1,2,0,0,0
59697310,436,212,224,170,91,79,206,101,105,34,16,18,26,4,22,0,0,0
59697311,281,159,122,123,78,45,97,46,51,49,33,16,11,2,9,1,0,1
59697312,2233,1079,1154,911,507,404,877,438,439,257,96,161,183,35,148,5,3,2
59697313,549,277,272,269,147,122,222,111,111,40,15,25,17,3,14,1,1,0
59697315,848,416,432,350,190,160,364,180,184,78,39,39,56,7,49,0,0,0
59698101,67,32,35,28,15,13,29,15,14,5,2,3,5,0,5,0,0,0
59698102,1090,559,531,468,274,194,498,251,247,63,28,35,61,6,55,0,0,0
59699001,132,70,62,51,29,22,71,37,34,4,3,1,6,1,5,0,0,0
3048590,0,0,0,0,0,0,0,0,0,0,0,0,0,0,0,0,0,0
59700701,165,88,77,78,45,33,75,38,37,7,4,3,5,1,4,0,0,0
59700702,116,59,57,43,24,19,59,30,29,7,4,3,7,1,6,0,0,0
59700703,89,46,43,32,18,14,44,22,22,8,6,2,5,0,5,0,0,0
59700704,83,43,40,33,21,12,38,19,19,6,3,3,6,0,6,0,0,0
59700705,271,138,133,111,62,49,130,66,64,16,9,7,14,1,13,0,0,0
59700706,42,17,25,11,5,6,18,10,8,6,1,5,7,1,6,0,0,0
59700707,530,284,246,216,132,84,263,134,129,27,16,11,24,2,22,0,0,0
59700708,272,154,118,123,78,45,116,60,56,20,10,10,13,6,7,0,0,0
59700709,845,427,418,406,229,177,291,149,142,100,45,55,47,3,44,1,1,0
59700710,31,14,17,14,7,7,14,6,8,2,0,2,1,1,0,0,0,0
59700711,2808,1325,1483,1076,575,501,1202,600,602,309,123,186,214,23,191,7,4,3
59700712,168,90,78,78,47,31,65,33,32,17,8,9,8,2,6,0,0,0
59700714,26,12,14,11,5,6,9,5,4,3,2,1,3,0,3,0,0,0
59700715,20,12,8,7,2,5,10,8,2,3,2,1,0,0,0,0,0,0
59700716,1496,695,801,662,349,313,548,272,276,171,61,110,112,13,99,3,0,3
59700717,467,230,237,175,104,71,224,111,113,30,7,23,36,7,29,1,1,0
59700718,99,55,44,41,27,14,44,21,23,8,7,1,6,0,6,0,0,0
59700719,1099,547,552,540,296,244,319,163,156,164,79,85,74,8,66,2,1,1
59700720,1492,694,798,602,317,285,615,307,308,163,53,110,108,14,94,4,3,1
59700721,797,382,415,339,177,162,348,172,176,59,28,31,50,5,45,1,0,1
59700722,417,208,209,160,98,62,180,90,90,38,16,22,38,3,35,1,1,0
59700723,29,16,13,11,9,2,11,6,5,6,1,5,1,0,1,0,0,0
59700724,47,28,19,20,13,7,22,11,11,4,4,0,1,0,1,0,0,0
58789301,106,51,55,38,21,17,42,21,21,11,6,5,14,2,12,1,1,0
59701501,420,237,183,173,115,58,208,102,106,18,10,8,21,10,11,0,0,0
59703101,81,39,42,33,17,16,37,19,18,3,2,1,8,1,7,0,0,0
59703102,35,19,16,14,11,3,14,8,6,4,0,4,3,0,3,0,0,0
59703103,43,18,25,19,8,11,9,5,4,12,5,7,2,0,2,1,0,1
59704001,41,22,19,17,13,4,15,8,7,1,1,0,8,0,8,0,0,0
59704002,30,16,14,10,6,4,18,9,9,1,0,1,1,1,0,0,0,0
59704003,173,80,93,74,36,38,76,37,39,8,6,2,15,1,14,0,0,0
59705801,411,210,201,180,99,81,193,97,96,19,12,7,19,2,17,0,0,0
59705802,43,22,21,23,11,12,18,9,9,0,0,0,2,2,0,0,0,0
59706601,164,82,82,67,37,30,66,33,33,16,7,9,15,5,10,0,0,0
59707401,560,271,289,224,123,101,233,117,116,62,27,35,40,4,36,0,0,0
59707402,111,51,60,44,20,24,51,25,26,8,4,4,8,2,6,0,0,0
58786902,139,73,66,59,36,23,63,32,31,13,5,8,3,0,3,1,0,1
59708201,41,22,19,16,9,7,21,12,9,2,1,1,2,0,2,0,0,0
59708202,232,118,114,92,52,40,119,59,60,8,4,4,13,3,10,0,0,0
59709102,753,383,370,304,169,135,325,164,161,68,40,28,56,10,46,0,0,0
58833401,194,101,93,95,55,40,79,40,39,11,4,7,8,2,6,1,0,1
59711201,265,133,132,109,59,50,124,61,63,20,10,10,10,1,9,0,0,0
59712101,134,68,66,56,34,22,64,32,32,3,1,2,11,1,10,0,0,0
59713901,206,106,100,78,48,30,102,52,50,12,5,7,14,1,13,0,0,0
59714702,509,258,251,219,119,100,242,121,121,26,12,14,22,6,16,0,0,0
59715501,218,111,107,95,50,45,109,55,54,5,3,2,9,3,6,0,0,0
59715502,99,49,50,41,23,18,48,25,23,2,1,1,8,0,8,0,0,0
59715503,329,176,153,121,72,49,160,82,78,24,17,7,24,5,19,0,0,0
59716301,231,109,122,104,48,56,102,51,51,14,8,6,11,2,9,0,0,0
1953240,0,0,0,0,0,0,0,0,0,0,0,0,0,0,0,0,0,0
1953590,0,0,0,0,0,0,0,0,0,0,0,0,0,0,0,0,0,0
1954300,0,0,0,0,0,0,0,0,0,0,0,0,0,0,0,0,0,0
3149940,0,0,0,0,0,0,0,0,0,0,0,0,0,0,0,0,0,0
59520901,266,134,132,103,60,43,129,65,64,15,6,9,19,3,16,0,0,0
59520902,163,84,79,58,35,23,76,39,37,14,6,8,15,4,11,0,0,0
59520903,127,63,64,61,32,29,55,28,27,9,3,6,1,0,1,1,0,1
59520905,63,29,34,28,14,14,28,14,14,3,1,2,4,0,4,0,0,0
59520906,76,39,37,39,23,16,29,14,15,7,2,5,1,0,1,0,0,0
59520908,261,129,132,98,58,40,122,60,62,18,10,8,23,1,22,0,0,0
59520909,1994,928,1066,723,396,327,788,389,399,296,103,193,184,38,146,3,2,1
59520910,581,305,276,242,137,105,232,123,109,60,30,30,40,8,32,7,7,0
59520913,38,19,19,17,9,8,16,8,8,3,1,2,2,1,1,0,0,0
59520914,28,13,15,8,3,5,19,9,10,0,0,0,1,1,0,0,0,0
59520915,335,246,89,182,136,46,39,20,19,106,86,20,6,3,3,2,1,1
59520916,604,344,260,237,162,75,250,132,118,62,25,37,37,11,26,18,14,4
59520917,68,43,25,27,18,9,23,12,11,15,11,4,2,1,1,1,1,0
59520918,23,11,12,17,8,9,4,2,2,0,0,0,1,1,0,1,0,1
59520919,165,83,82,66,37,29,68,34,34,18,9,9,13,3,10,0,0,0
59520920,1951,938,1013,703,357,346,990,497,493,170,70,100,86,13,73,2,1,1
59520922,633,323,310,317,168,149,273,136,137,40,19,21,3,0,3,0,0,0
59520923,2676,1273,1403,1156,629,527,840,414,426,463,185,278,210,41,169,7,4,3
59520924,1455,680,775,558,316,242,525,255,270,217,89,128,150,18,132,5,2,3
59520925,2608,1189,1419,978,517,461,1018,508,510,345,107,238,258,52,206,9,5,4
59520926,1598,765,833,540,298,242,763,381,382,132,55,77,160,29,131,3,2,1
59520927,1342,643,699,415,216,199,711,355,356,100,41,59,111,30,81,5,1,4
59520928,3069,1450,1619,1192,648,544,1275,632,643,405,140,265,191,28,163,4,2,2
58129102,2141,1021,1120,901,491,410,834,415,419,279,97,182,122,18,104,3,0,3
58129103,1778,884,894,715,403,312,552,276,276,347,162,185,141,27,114,17,10,7
58129104,312,168,144,124,80,44,142,71,71,30,13,17,15,3,12,1,1,0
58129105,215,111,104,105,59,46,61,30,31,35,18,17,12,3,9,2,1,1
58131301,231,118,113,91,55,36,100,51,49,22,10,12,18,2,16,0,0,0
58133001,104,48,56,41,22,19,45,22,23,10,4,6,8,0,8,0,0,0
58133002,525,264,261,215,120,95,243,123,120,39,16,23,26,3,23,1,1,0
3202420,0,0,0,0,0,0,0,0,0,0,0,0,0,0,0,0,0,0
3401620,0,0,0,0,0,0,0,0,0,0,0,0,0,0,0,0,0,0
58128301,565,275,290,224,121,103,261,134,127,35,9,26,44,11,33,1,0,1
58128302,435,217,218,174,101,73,190,96,94,29,13,16,39,7,32,1,0,1
58128303,615,292,323,253,124,129,278,139,139,48,27,21,36,2,34,0,0,0
58128304,420,213,207,139,75,64,215,111,104,39,21,18,27,6,21,0,0,0
58128305,115,54,61,41,19,22,56,28,28,10,6,4,8,1,7,0,0,0
58128306,146,72,74,65,32,33,62,31,31,13,8,5,6,1,5,0,0,0
58128308,37,19,18,15,7,8,14,8,6,7,3,4,1,1,0,0,0,0
58128309,213,104,109,79,41,38,107,53,54,12,6,6,15,4,11,0,0,0
58128310,470,243,227,191,112,79,223,112,111,35,17,18,21,2,19,0,0,0
58128311,385,206,179,185,104,81,154,78,76,35,20,15,10,3,7,1,1,0
58128312,73,39,34,37,20,17,26,13,13,8,6,2,2,0,2,0,0,0
58128315,197,103,94,83,46,37,51,26,25,49,27,22,14,4,10,0,0,0
58128316,507,239,268,201,103,98,218,110,108,51,18,33,37,8,29,0,0,0
58128319,51,34,17,20,13,7,16,10,6,11,9,2,2,1,1,2,1,1
58128321,2875,1395,1480,1125,609,516,1227,612,615,388,148,240,133,25,108,2,1,1
58128322,476,243,233,190,110,80,219,109,110,31,18,13,35,6,29,1,0,1
58128324,1286,635,651,533,293,240,493,246,247,149,68,81,85,11,74,26,17,9
58128325,1526,774,752,679,396,283,471,235,236,232,119,113,136,18,118,8,6,2
58128326,1371,612,759,485,256,229,556,282,274,122,43,79,204,30,174,4,1,3
58128327,1982,927,1055,834,441,393,743,361,382,297,105,192,97,12,85,11,8,3
58128328,1815,811,1004,768,400,368,505,250,255,358,132,226,176,25,151,7,3,4
58128330,2537,1208,1329,975,525,450,993,495,498,382,153,229,177,30,147,10,5,5
58128331,93,49,44,37,22,15,54,27,27,0,0,0,2,0,2,0,0,0
58128332,169,84,85,60,37,23,67,34,33,26,10,16,15,2,13,1,1,0
58128334,21,9,12,12,4,8,7,3,4,1,1,0,0,0,0,1,1,0
58128335,1520,747,773,534,307,227,670,335,335,163,65,98,151,38,113,2,2,0
58135601,417,179,238,161,81,80,161,80,81,36,12,24,58,6,52,1,0,1
58136401,1228,609,619,469,266,203,575,287,288,87,39,48,97,17,80,0,0,0
58137201,81,37,44,30,12,18,40,21,19,7,4,3,4,0,4,0,0,0
58137202,212,105,107,101,54,47,85,43,42,15,5,10,11,3,8,0,0,0
58137203,353,184,169,156,93,63,154,76,78,26,12,14,16,3,13,1,0,1
58137204,247,136,111,116,74,42,100,51,49,16,9,7,15,2,13,0,0,0
58137205,44,23,21,19,11,8,14,6,8,10,6,4,1,0,1,0,0,0
58137206,1039,511,528,395,218,177,468,230,238,101,45,56,72,16,56,3,2,1
58137207,107,47,60,51,20,31,40,20,20,13,7,6,3,0,3,0,0,0
58137208,1666,757,909,646,348,298,583,292,291,194,81,113,228,30,198,13,6,7
58137209,458,227,231,208,115,93,176,86,90,45,24,21,28,2,26,1,0,1
58137210,318,149,169,120,66,54,126,61,65,40,17,23,31,4,27,1,1,0
58137211,2642,1201,1441,1212,594,618,902,446,456,340,127,213,180,27,153,7,6,1
58137212,1030,544,486,513,295,218,316,159,157,146,76,70,51,12,39,4,2,2
58137213,321,158,163,140,74,66,133,67,66,29,9,20,18,7,11,1,1,0
58137214,1535,703,832,613,331,282,558,276,282,228,81,147,132,13,119,4,2,2
58137216,81,42,39,28,17,11,43,22,21,7,3,4,3,0,3,0,0,0
58137217,274,143,131,112,64,48,113,54,59,28,20,8,21,5,16,0,0,0
58137219,388,195,193,169,101,68,135,67,68,48,22,26,34,5,29,2,0,2
58137220,1037,501,536,448,238,210,388,196,192,142,51,91,53,13,40,6,3,3
58137221,86,42,44,37,17,20,28,14,14,16,8,8,4,2,2,1,1,0
58138101,265,131,134,109,60,49,118,58,60,21,10,11,17,3,14,0,0,0
58138102,76,38,38,30,15,15,41,21,20,3,2,1,2,0,2,0,0,0
58144501,466,235,231,196,111,85,200,99,101,46,21,25,23,3,20,0,0,0
58145301,614,310,304,270,147,123,258,131,127,51,23,28,34,8,26,1,1,0
58146101,253,127,126,99,57,42,111,55,56,25,11,14,18,4,14,0,0,0
58147001,707,363,344,282,165,117,312,158,154,63,32,31,46,8,38,4,0,4
55416201,167,90,77,68,41,27,80,41,39,13,7,6,6,1,5,0,0,0
58149601,389,206,183,187,105,82,176,86,90,17,12,5,8,2,6,1,1,0
58149602,1812,839,973,680,347,333,737,372,365,190,87,103,201,30,171,4,3,1
58150001,369,195,174,157,92,65,161,84,77,24,14,10,26,4,22,1,1,0
58151801,154,74,80,64,37,27,61,30,31,13,5,8,15,1,14,1,1,0
58151802,69,35,34,27,14,13,28,14,14,9,6,3,4,0,4,1,1,0
58152601,141,79,62,63,45,18,53,28,25,13,6,7,12,0,12,0,0,0
58154201,1090,576,514,432,261,171,507,255,252,70,37,33,80,22,58,1,1,0
58154202,217,115,102,87,49,38,94,48,46,17,15,2,19,3,16,0,0,0
58155101,1321,660,661,587,327,260,577,287,290,84,33,51,72,13,59,1,0,1
58156902,456,228,228,210,115,95,183,92,91,38,17,21,24,3,21,1,1,0
58159301,118,58,60,48,24,24,46,26,20,11,5,6,12,3,9,1,0,1
58161501,153,74,79,61,35,26,68,33,35,9,4,5,15,2,13,0,0,0
58163101,261,141,120,99,62,37,119,59,60,21,17,4,22,3,19,0,0,0
51369501,20,9,11,9,5,4,4,2,2,2,1,1,5,1,4,0,0,0
51369502,102,51,51,49,24,25,40,20,20,6,6,0,6,0,6,1,1,0
58153401,211,115,96,93,56,37,88,44,44,23,14,9,7,1,6,0,0,0
58166601,386,198,188,152,86,66,183,92,91,29,18,11,22,2,20,0,0,0
58168201,2746,1355,1391,1080,599,481,1210,607,603,265,120,145,190,29,161,1,0,1
58172101,44,27,17,16,12,4,16,9,7,7,4,3,5,2,3,0,0,0
58172102,115,64,51,52,35,17,53,27,26,3,1,2,7,1,6,0,0,0
58173901,868,426,442,378,205,173,348,172,176,79,41,38,62,8,54,1,0,1
58175501,338,181,157,150,96,54,135,68,67,23,13,10,29,3,26,1,1,0
58176301,904,454,450,351,207,144,409,205,204,67,29,38,77,13,64,0,0,0
58177101,113,53,60,53,28,25,45,22,23,6,1,5,9,2,7,0,0,0
58178001,457,233,224,202,113,89,198,98,100,33,16,17,23,6,17,1,0,1
58179801,143,75,68,55,33,22,68,34,34,9,7,2,11,1,10,0,0,0
58180101,33,17,16,13,8,5,12,6,6,5,3,2,3,0,3,0,0,0
58180102,453,223,230,175,99,76,207,102,105,33,20,13,38,2,36,0,0,0
58181001,196,99,97,72,39,33,93,47,46,15,8,7,16,5,11,0,0,0
58182801,874,425,449,342,192,150,350,175,175,94,49,45,88,9,79,0,0,0
58183601,160,86,74,55,40,15,64,34,30,20,9,11,20,2,18,1,1,0
58184401,63,33,30,27,15,12,23,12,11,6,4,2,7,2,5,0,0,0
58185201,195,97,98,79,41,38,96,48,48,10,6,4,8,1,7,2,1,1
58186101,280,138,142,112,63,49,117,58,59,31,14,17,20,3,17,0,0,0
58187901,61,29,32,27,15,12,26,13,13,1,0,1,7,1,6,0,0,0
58187902,1903,921,982,792,427,365,737,367,370,226,103,123,140,20,120,6,3,3
58187903,242,121,121,90,53,37,118,60,58,18,7,11,16,1,15,0,0,0
58187904,288,137,151,139,73,66,102,50,52,22,11,11,25,3,22,0,0,0
58187905,215,104,111,89,44,45,89,45,44,20,14,6,16,0,16,1,1,0
58187906,25,15,10,12,9,3,8,4,4,2,1,1,3,1,2,0,0,0
58188701,175,87,88,65,37,28,83,42,41,12,5,7,15,3,12,0,0,0
58190901,421,201,220,177,89,88,164,81,83,48,25,23,31,6,25,1,0,1
58191701,50,25,25,18,11,7,25,12,13,3,0,3,4,2,2,0,0,0
58191702,49,26,23,18,12,6,21,11,10,5,3,2,5,0,5,0,0,0
58191703,62,31,31,20,11,9,28,14,14,8,5,3,6,1,5,0,0,0
58191704,34,15,19,11,6,5,18,9,9,3,0,3,2,0,2,0,0,0
58191705,71,39,32,20,15,5,36,18,18,10,6,4,5,0,5,0,0,0
58191706,143,69,74,63,33,30,68,35,33,3,1,2,9,0,9,0,0,0
58191707,92,44,48,33,17,16,40,20,20,7,5,2,10,1,9,2,1,1
58191708,29,16,13,10,8,2,13,6,7,3,2,1,3,0,3,0,0,0
58191709,55,27,28,28,16,12,16,8,8,8,3,5,3,0,3,0,0,0
58191710,71,36,35,36,20,16,26,13,13,4,2,2,5,1,4,0,0,0
58191711,402,206,196,185,99,86,173,87,86,32,16,16,10,2,8,2,2,0
58191713,606,301,305,247,135,112,277,137,140,44,21,23,38,8,30,0,0,0
58191714,126,66,60,57,33,24,46,22,24,12,7,5,10,3,7,1,1,0
58191715,190,97,93,78,45,33,84,42,42,12,5,7,16,5,11,0,0,0
58191716,83,44,39,27,16,11,37,19,18,12,7,5,7,2,5,0,0,0
58191717,53,26,27,19,9,10,19,9,10,10,7,3,5,1,4,0,0,0
58191718,29,17,12,13,8,5,12,6,6,3,2,1,0,0,0,1,1,0
58191720,112,57,55,43,25,18,48,24,24,11,5,6,10,3,7,0,0,0
58191721,35,18,17,14,8,6,14,7,7,5,3,2,2,0,2,0,0,0
58191722,102,51,51,45,25,20,37,19,18,6,4,2,13,2,11,1,1,0
58191723,893,447,446,333,187,146,415,211,204,72,35,37,71,12,59,2,2,0
58191724,180,98,82,73,44,29,75,37,38,19,11,8,11,4,7,1,1,0
58191725,251,133,118,90,50,40,122,62,60,15,9,6,23,11,12,1,1,0
58191726,32,22,10,13,10,3,10,6,4,7,5,2,2,1,1,0,0,0
58191727,1908,883,1025,776,433,343,653,322,331,258,96,162,215,29,186,6,3,3
58191729,93,50,43,37,24,13,30,15,15,21,11,10,5,0,5,0,0,0
58191730,23,12,11,11,7,4,9,4,5,3,1,2,0,0,0,0,0,0
58191732,379,192,187,143,83,60,164,86,78,36,17,19,36,6,30,0,0,0
58191733,451,236,215,208,122,86,139,70,69,74,42,32,28,2,26,2,0,2
58192501,421,214,207,191,111,80,165,82,83,33,14,19,31,6,25,1,1,0
58193301,128,67,61,53,33,20,56,28,28,8,4,4,10,1,9,1,1,0
58194101,42,23,19,20,13,7,17,8,9,1,1,0,3,1,2,1,0,1
58195001,1094,542,552,422,235,187,484,242,242,98,53,45,89,11,78,1,1,0
58195002,51,29,22,27,18,9,17,8,9,3,1,2,4,2,2,0,0,0
58196801,1461,718,743,588,309,279,676,337,339,115,55,60,76,14,62,4,1,3
55387501,57,28,29,18,12,6,24,12,12,4,2,2,11,2,9,0,0,0
58199201,96,47,49,37,22,15,45,23,22,6,2,4,8,0,8,0,0,0
53100601,326,165,161,141,75,66,140,72,68,28,16,12,16,2,14,1,0,1
58201801,1853,912,941,740,412,328,794,399,395,178,82,96,140,18,122,1,1,0
58202601,45,23,22,26,15,11,10,6,4,4,1,3,5,1,4,0,0,0
58203401,161,86,75,61,39,22,72,36,36,13,8,5,13,1,12,2,2,0
58204201,94,43,51,47,22,25,32,16,16,4,3,1,11,2,9,0,0,0
58204202,92,46,46,33,18,15,50,25,25,3,2,1,6,1,5,0,0,0
58206901,173,91,82,80,48,32,68,35,33,14,8,6,11,0,11,0,0,0
58207701,170,82,88,65,36,29,66,33,33,23,11,12,16,2,14,0,0,0
58208501,448,233,215,180,109,71,191,95,96,43,20,23,29,7,22,4,2,2
58210701,216,101,115,97,48,49,90,45,45,13,7,6,16,1,15,0,0,0
58211501,45,26,19,24,16,8,17,9,8,2,1,1,2,0,2,0,0,0
58211502,293,143,150,122,65,57,120,60,60,28,14,14,21,3,18,2,1,1
58213101,580,294,286,251,140,111,261,132,129,41,19,22,27,3,24,0,0,0
58215801,1609,799,810,649,360,289,692,344,348,136,69,67,131,25,106,1,1,0
58216601,1050,541,509,418,239,179,467,234,233,88,47,41,76,20,56,1,1,0
58218201,1082,538,544,432,251,181,463,230,233,95,40,55,88,15,73,4,2,2
58219101,189,102,87,83,47,36,78,39,39,17,10,7,11,6,5,0,0,0
58219102,66,34,32,32,16,16,26,13,13,4,3,1,4,2,2,0,0,0
58220401,128,63,65,51,27,24,59,30,29,5,3,2,13,3,10,0,0,0
58221201,633,319,314,277,149,128,235,120,115,76,38,38,43,12,31,2,0,2
58222101,257,145,112,111,77,34,114,56,58,13,7,6,19,5,14,0,0,0
58223901,210,105,105,84,46,38,103,50,53,14,8,6,9,1,8,0,0,0
58223902,88,42,46,39,21,18,29,14,15,12,6,6,8,1,7,0,0,0
58223903,958,451,507,397,206,191,409,202,207,90,35,55,61,7,54,1,1,0
58223904,2349,1192,1157,997,589,408,949,477,472,242,99,143,160,27,133,1,0,1
58224701,1335,671,664,535,302,233,602,301,301,107,53,54,90,14,76,1,1,0
51370901,107,48,59,45,20,25,44,22,22,8,4,4,10,2,8,0,0,0
58227101,546,289,257,239,139,100,254,128,126,35,19,16,18,3,15,0,0,0
58228001,131,65,66,47,27,20,57,29,28,13,5,8,13,3,10,1,1,0
58229801,961,481,480,386,206,180,437,221,216,85,47,38,53,7,46,0,0,0
58231001,561,305,256,256,157,99,224,112,112,46,25,21,32,8,24,3,3,0
58231002,66,33,33,20,12,8,33,17,16,7,4,3,6,0,6,0,0,0
58232801,568,277,291,234,122,112,268,135,133,25,14,11,40,5,35,1,1,0
58233601,606,298,308,247,143,104,238,118,120,71,32,39,47,3,44,3,2,1
58234401,35,14,21,15,6,9,14,6,8,5,2,3,1,0,1,0,0,0
58234402,81,38,43,36,17,19,32,16,16,9,4,5,4,1,3,0,0,0
58235201,941,461,480,369,205,164,398,197,201,98,48,50,73,9,64,3,2,1
55696301,625,326,299,241,145,96,297,147,150,47,28,19,40,6,34,0,0,0
58262001,60,29,31,24,15,9,20,9,11,6,3,3,10,2,8,0,0,0
58262002,51,25,26,21,10,11,24,12,12,2,2,0,4,1,3,0,0,0
58262003,54,28,26,22,13,9,23,12,11,7,2,5,2,1,1,0,0,0
58239501,472,236,236,206,115,91,183,94,89,48,25,23,33,1,32,2,1,1
58240901,402,202,200,159,95,64,175,88,87,35,16,19,33,3,30,0,0,0
58240902,38,16,22,16,7,9,11,6,5,10,3,7,0,0,0,1,0,1
58241701,178,86,92,79,42,37,86,43,43,3,1,2,10,0,10,0,0,0
58241702,113,53,60,52,25,27,45,22,23,9,4,5,7,2,5,0,0,0
58606401,235,125,110,98,57,41,101,52,49,23,12,11,11,2,9,0,0,0
58243301,409,209,200,164,90,74,191,97,94,32,19,13,21,3,18,1,0,1
58244101,102,49,53,43,23,20,44,22,22,7,2,5,7,1,6,1,1,0
58244102,1655,790,865,709,365,344,627,313,314,187,89,98,127,19,108,4,3,1
58246801,856,363,493,391,163,228,293,144,149,87,41,46,79,13,66,6,2,4
58247601,207,101,106,90,44,46,101,52,49,9,4,5,7,1,6,0,0,0
58247602,615,299,316,254,133,121,266,132,134,56,27,29,39,7,32,0,0,0
58248401,615,326,289,231,145,86,279,140,139,61,35,26,44,6,38,0,0,0
58248402,36,18,18,12,8,4,20,10,10,2,0,2,2,0,2,0,0,0
58249201,64,28,36,25,11,14,27,14,13,7,2,5,5,1,4,0,0,0
58249202,122,65,57,55,32,23,47,25,22,10,7,3,9,1,8,1,0,1
58250601,71,37,34,30,15,15,30,16,14,6,4,2,5,2,3,0,0,0
58253101,293,133,160,118,59,59,107,56,51,38,15,23,29,2,27,1,1,0
53469201,451,228,223,195,115,80,192,96,96,34,14,20,30,3,27,0,0,0
58255701,279,130,149,113,57,56,120,59,61,28,11,17,18,3,15,0,0,0
58257301,432,210,222,163,83,80,189,96,93,44,26,18,34,4,30,2,1,1
55388301,43,22,21,19,11,8,18,9,9,2,1,1,4,1,3,0,0,0
58258101,445,229,216,190,107,83,194,98,96,25,16,9,35,8,27,1,0,1
58259001,129,59,70,54,29,25,48,24,24,16,5,11,11,1,10,0,0,0
58259002,408,197,211,162,80,82,168,85,83,52,26,26,26,6,20,0,0,0
58260301,45,23,22,19,10,9,20,10,10,3,3,0,3,0,3,0,0,0
58260302,135,69,66,50,34,16,66,32,34,9,2,7,10,1,9,0,0,0
58260303,390,209,181,152,90,62,171,87,84,37,25,12,28,5,23,2,2,0
58260304,274,125,149,99,52,47,122,61,61,24,11,13,27,1,26,0,0,0
58261101,244,124,120,106,58,48,103,52,51,19,11,8,16,3,13,0,0,0
53082401,188,97,91,80,47,33,81,40,41,15,8,7,11,1,10,1,1,0
53082402,61,31,30,19,11,8,30,15,15,9,5,4,3,0,3,0,0,0
3131810,0,0,0,0,0,0,0,0,0,0,0,0,0,0,0,0,0,0
3131900,0,0,0,0,0,0,0,0,0,0,0,0,0,0,0,0,0,0
3132030,0,0,0,0,0,0,0,0,0,0,0,0,0,0,0,0,0,0
3132110,0,0,0,0,0,0,0,0,0,0,0,0,0,0,0,0,0,0
58264601,55,29,26,22,14,8,27,14,13,3,1,2,3,0,3,0,0,0
58264602,81,44,37,29,20,9,37,20,17,4,3,1,11,1,10,0,0,0
58264603,40,23,17,22,14,8,14,7,7,3,2,1,1,0,1,0,0,0
58264604,42,20,22,16,9,7,22,11,11,0,0,0,4,0,4,0,0,0
58264605,95,46,49,37,22,15,36,18,18,6,2,4,16,4,12,0,0,0
58264607,82,62,20,57,43,14,8,5,3,17,14,3,0,0,0,0,0,0
58264608,983,468,515,404,221,183,380,187,193,124,50,74,73,10,63,2,0,2
58264611,746,378,368,287,173,114,327,163,164,61,25,36,70,16,54,1,1,0
58264612,1340,673,667,604,359,245,463,233,230,154,54,100,116,26,90,3,1,2
1820280,0,0,0,0,0,0,0,0,0,0,0,0,0,0,0,0,0,0
58265401,310,160,150,117,67,50,132,67,65,35,23,12,26,3,23,0,0,0
58266201,262,137,125,120,76,44,103,51,52,25,10,15,14,0,14,0,0,0
58267101,529,259,270,220,125,95,208,102,106,63,31,32,38,1,37,0,0,0
58268901,392,194,198,147,75,72,193,98,95,30,15,15,21,5,16,1,1,0
58270101,189,89,100,64,35,29,88,45,43,20,8,12,17,1,16,0,0,0
58270102,556,285,271,207,120,87,268,133,135,47,25,22,34,7,27,0,0,0
58600501,143,71,72,57,33,24,63,31,32,12,7,5,11,0,11,0,0,0
58272701,213,103,110,99,53,46,86,43,43,15,6,9,13,1,12,0,0,0
58274301,382,195,187,146,87,59,184,91,93,30,14,16,22,3,19,0,0,0
58275101,746,365,381,331,173,158,325,161,164,40,26,14,50,5,45,0,0,0
58276001,257,139,118,108,65,43,109,53,56,25,14,11,14,6,8,1,1,0
58277801,81,38,43,33,18,15,34,16,18,9,3,6,4,0,4,1,1,0
55108201,1106,788,318,667,507,160,211,120,91,176,130,46,21,4,17,31,27,4
55108202,3696,1740,1956,1473,775,698,1498,742,756,458,157,301,231,45,186,32,19,13
55108203,4604,2256,2348,1963,1058,905,1915,954,961,496,177,319,180,41,139,48,24,24
55108204,37,21,16,14,10,4,9,4,5,10,6,4,4,1,3,0,0,0
55108205,4556,2080,2476,1784,932,852,1701,838,863,607,192,415,389,76,313,64,35,29
55108206,213,112,101,94,55,39,92,47,45,15,7,8,11,2,9,1,1,0
3039680,0,0,0,0,0,0,0,0,0,0,0,0,0,0,0,0,0,0
55132501,330,172,158,162,88,74,132,65,67,24,15,9,9,3,6,3,1,2
55132502,2272,1103,1169,961,494,467,973,493,480,198,88,110,129,21,108,9,5,4
0118780,0,0,0,0,0,0,0,0,0,0,0,0,0,0,0,0,0,0
55119801,3996,1907,2089,1593,868,725,1594,794,800,530,193,337,264,41,223,10,9,1
55119802,37,21,16,17,9,8,10,5,5,7,6,1,3,1,2,0,0,0
55119803,857,446,411,455,249,206,320,161,159,66,29,37,11,3,8,3,2,1
55119804,722,365,357,314,173,141,294,146,148,79,33,46,33,11,22,0,0,0
55119805,299,166,133,130,78,52,100,50,50,46,31,15,23,7,16,0,0,0
55119807,1253,592,661,541,274,267,464,232,232,184,69,115,57,13,44,6,3,3
55119809,2661,1223,1438,1001,538,463,1024,506,518,370,132,238,258,43,215,5,3,2
55119810,53,26,27,25,13,12,20,10,10,6,1,5,2,2,0,0,0,0
55119811,1653,814,839,645,357,288,711,354,357,178,74,104,116,28,88,3,1,2
55119812,3480,1611,1869,1504,768,736,1335,659,676,469,156,313,160,23,137,12,5,7
55119813,116,63,53,65,39,26,33,16,17,13,6,7,3,1,2,2,1,1
55119814,1684,765,919,695,345,350,641,318,323,209,73,136,136,27,109,2,1,1
55119816,2119,999,1120,1076,520,556,844,422,422,153,50,103,31,3,28,12,3,9
55119817,5614,2587,3027,2472,1254,1218,1866,926,940,881,317,564,346,62,284,44,23,21
55119818,170,85,85,67,31,36,61,32,29,33,18,15,8,3,5,1,1,0
0112910,0,0,0,0,0,0,0,0,0,0,0,0,0,0,0,0,0,0
55106601,2260,1059,1201,1068,557,511,707,359,348,325,111,214,139,24,115,16,7,9
55106602,443,267,176,245,163,82,111,51,60,74,48,26,11,4,7,2,1,1
55106603,2129,1010,1119,981,520,461,709,357,352,244,91,153,173,31,142,22,11,11
55106606,652,331,321,319,172,147,217,111,106,75,38,37,32,4,28,8,5,3
55106607,651,313,338,386,199,187,140,67,73,95,39,56,23,6,17,7,2,5
55106608,2203,1064,1139,1037,536,501,807,401,406,234,92,142,101,20,81,21,13,8
55106609,36,26,10,11,9,2,14,10,4,6,5,1,4,1,3,1,1,0
3039760,0,0,0,0,0,0,0,0,0,0,0,0,0,0,0,0,0,0
55131701,3490,1736,1754,1492,820,672,1437,714,723,328,150,178,213,42,171,18,10,8
55131702,123,84,39,56,39,17,59,39,20,6,4,2,2,2,0,0,0,0
55137601,1915,933,982,802,399,403,906,456,450,129,61,68,70,14,56,5,1,4
55137602,82,44,38,34,21,13,31,16,15,17,7,10,0,0,0,0,0,0
55140601,1090,528,562,414,218,196,512,255,257,95,47,48,68,8,60,1,0,1
0110370,0,0,0,0,0,0,0,0,0,0,0,0,0,0,0,0,0,0
55107401,43,21,22,20,10,10,20,10,10,1,1,0,2,0,2,0,0,0
55107402,735,388,347,360,193,167,275,148,127,67,37,30,24,3,21,8,6,2
55107403,35,26,9,12,10,2,12,7,5,10,8,2,1,1,0,0,0,0
55107404,145,75,70,68,37,31,54,28,26,17,9,8,6,1,5,0,0,0
55107405,199,128,71,118,77,41,35,21,14,30,22,8,9,4,5,7,4,3
55107406,842,406,436,331,169,162,390,194,196,70,33,37,43,6,37,7,3,4
55107407,1499,761,738,744,432,312,445,223,222,187,70,117,86,15,71,35,19,16
55107408,390,215,175,213,128,85,97,49,48,56,33,23,19,4,15,5,1,4
55107409,2706,1299,1407,1221,657,564,862,447,415,469,162,307,140,27,113,13,5,8
55107410,29,19,10,13,7,6,9,6,3,5,5,0,2,1,1,0,0,0
55107411,364,183,181,171,84,87,142,74,68,30,15,15,15,4,11,6,6,0
55107412,46,22,24,19,9,10,22,10,12,4,3,1,1,0,1,0,0,0
55107413,335,168,167,152,80,72,123,67,56,31,18,13,26,2,24,1,1,0
55107414,602,324,278,256,155,101,247,129,118,67,33,34,31,6,25,1,1,0
55107415,274,137,137,102,52,50,130,66,64,32,17,15,10,2,8,0,0,0
55107416,557,284,273,251,141,110,199,103,96,69,27,42,32,9,23,4,4,0
55107417,300,166,134,132,76,56,101,54,47,36,22,14,14,1,13,17,13,4
55107418,157,95,62,70,49,21,27,11,16,15,6,9,5,1,4,40,28,12
0105700,0,0,0,0,0,0,0,0,0,0,0,0,0,0,0,0,0,0
55117101,75,49,26,33,23,10,21,11,10,20,15,5,1,0,1,0,0,0
55117102,1387,652,735,598,308,290,523,261,262,152,56,96,110,23,87,4,4,0
55117103,1115,533,582,555,295,260,379,187,192,120,39,81,53,6,47,6,4,2
55117104,1741,858,883,688,369,319,751,379,372,167,71,96,128,35,93,7,4,3
55117105,127,64,63,59,34,25,49,24,25,13,6,7,6,0,6,0,0,0
55117106,172,79,93,86,38,48,56,29,27,21,9,12,5,0,5,4,3,1
0119410,0,0,0,0,0,0,0,0,0,0,0,0,0,0,0,0,0,0
0119590,0,0,0,0,0,0,0,0,0,0,0,0,0,0,0,0,0,0
55121002,884,438,446,345,187,158,399,197,202,90,38,52,48,16,32,2,0,2
55121003,68,37,31,18,8,10,29,15,14,19,13,6,2,1,1,0,0,0
55121004,153,74,79,68,35,33,57,28,29,21,11,10,5,0,5,0,0,0
55114701,5579,2632,2947,2343,1237,1106,2021,1014,1007,793,282,511,393,84,309,25,13,12
55114702,5994,2791,3203,2419,1269,1150,2349,1171,1178,771,241,530,428,94,334,27,16,11
55114704,505,259,246,202,116,86,205,105,100,62,29,33,26,5,21,10,4,6
55122801,1349,642,707,563,302,261,551,273,278,123,43,80,106,21,85,6,3,3
55122803,3990,1883,2107,1643,878,765,1625,806,819,446,149,297,257,42,215,18,8,10
55122804,1238,597,641,611,300,311,455,227,228,123,55,68,35,6,29,14,9,5
55122805,561,276,285,220,125,95,242,122,120,47,20,27,47,5,42,5,4,1
55122807,76,42,34,37,24,13,25,12,13,12,5,7,2,1,1,0,0,0
55122809,770,372,398,315,163,152,341,167,174,69,27,42,38,10,28,6,4,2
0113800,0,0,0,0,0,0,0,0,0,0,0,0,0,0,0,0,0,0
55100701,1536,740,796,735,397,338,485,240,245,189,74,115,103,16,87,22,13,9
55100702,2083,994,1089,935,506,429,627,304,323,293,116,177,168,30,138,60,38,22
55100703,89,57,32,56,36,20,20,14,6,11,7,4,2,0,2,0,0,0
55100704,4337,2110,2227,2130,1124,1006,1406,718,688,448,167,281,272,57,215,80,43,37
55100705,3330,1639,1691,1546,832,714,1225,618,607,315,131,184,199,32,167,43,24,19
55100706,1198,598,600,678,360,318,361,178,183,114,45,69,25,4,21,20,11,9
55100707,4645,2164,2481,2121,1105,1016,1500,756,744,598,211,387,370,64,306,52,25,27
55100708,951,468,483,388,209,179,399,194,205,109,48,61,44,13,31,8,4,4
55100709,42,35,7,13,10,3,27,24,3,1,1,0,1,0,1,0,0,0
55100710,980,609,371,563,372,191,177,98,79,40,18,22,30,2,28,170,119,51
55100711,1928,943,985,1069,574,495,536,262,274,195,70,125,83,15,68,40,20,20
55100713,3762,1777,1985,1790,931,859,1209,599,610,419,149,270,262,55,207,77,39,38
55100714,438,219,219,255,140,115,108,53,55,50,22,28,17,1,16,8,3,5
55100715,1656,814,842,844,452,392,538,262,276,166,71,95,75,13,62,33,16,17
55100716,961,485,476,594,313,281,189,96,93,109,50,59,33,5,28,35,20,15
55100717,30,16,14,18,10,8,7,3,4,5,3,2,0,0,0,0,0,0
55100718,47,25,22,16,9,7,20,10,10,8,5,3,3,1,2,0,0,0
55100719,1339,674,665,755,394,361,495,248,247,63,25,38,9,0,9,14,6,8
55100720,442,137,305,91,37,54,66,33,33,84,33,51,191,31,160,10,3,7
55100721,361,189,172,245,130,115,64,37,27,32,15,17,2,0,2,17,6,11
0124750,0,0,0,0,0,0,0,0,0,0,0,0,0,0,0,0,0,0
55128701,155,75,80,62,30,32,62,32,30,13,9,4,18,4,14,0,0,0
55128702,1864,903,961,694,379,315,828,413,415,200,90,110,139,19,120,2,1,1
55128703,2358,1139,1219,953,506,447,1008,503,505,218,95,123,169,29,140,8,5,3
55128704,678,340,338,283,154,129,281,142,139,67,32,35,45,11,34,1,0,1
55128706,5665,2779,2886,2432,1327,1105,2274,1128,1146,667,257,410,265,51,214,20,15,5
55128707,87,34,53,38,15,23,31,15,16,10,3,7,8,1,7,0,0,0
55128708,1353,646,707,639,315,324,539,271,268,119,45,74,44,8,36,10,5,5
55128709,91,44,47,36,16,20,44,23,21,9,4,5,1,0,1,1,1,0
55128710,10556,5078,5478,4566,2456,2110,4059,2015,2044,1354,476,878,529,102,427,36,21,15
55128711,403,236,167,157,95,62,107,63,44,85,57,28,13,1,12,41,20,21
55128712,944,464,480,387,206,181,407,211,196,90,38,52,53,5,48,6,3,3
55128714,2112,1041,1071,945,510,435,794,391,403,269,111,158,90,21,69,10,6,4
0125720,0,0,0,0,0,0,0,0,0,0,0,0,0,0,0,0,0,0
55125201,908,463,445,415,235,180,363,181,182,75,34,41,45,5,40,8,6,2
55125202,141,71,70,96,53,43,22,9,13,11,6,5,10,2,8,2,1,1
55125203,765,364,401,337,174,163,286,141,145,89,38,51,43,4,39,7,4,3
55125204,225,125,100,93,62,31,79,40,39,46,23,23,7,0,7,0,0,0
55125205,176,86,90,80,41,39,66,34,32,17,8,9,13,3,10,0,0,0
55125206,1147,559,588,490,277,213,427,216,211,122,46,76,101,19,82,5,1,4
55125207,1768,865,903,777,416,361,726,363,363,155,69,86,103,12,91,5,3,2
55125208,237,119,118,86,47,39,114,60,54,22,10,12,15,2,13,0,0,0
55125209,81,40,41,36,17,19,33,17,16,10,5,5,2,1,1,0,0,0
55125210,928,448,480,439,223,216,340,170,170,102,47,55,46,8,38,1,0,1
55123602,3077,1514,1563,1663,856,807,1053,521,532,255,103,152,74,15,59,27,15,12
55123603,839,399,440,395,198,197,317,155,162,79,38,41,45,7,38,2,1,1
55123604,63,39,24,29,17,12,18,9,9,12,10,2,4,3,1,0,0,0
55123605,2124,992,1132,844,435,409,845,431,414,256,91,165,170,29,141,9,6,3
3308170,0,0,0,0,0,0,0,0,0,0,0,0,0,0,0,0,0,0
55111201,1037,527,510,440,239,201,425,216,209,107,56,51,57,12,45,8,4,4
55111202,6344,3044,3300,2955,1572,1383,2278,1140,1138,795,262,533,257,37,220,52,30,22
55111203,2903,1354,1549,1184,607,577,1107,556,551,424,149,275,168,34,134,20,8,12
55142201,607,307,300,258,149,109,263,131,132,51,22,29,35,5,30,0,0,0
55124401,3554,1605,1949,1526,795,731,1207,604,603,469,155,314,327,38,289,19,11,8
55124402,50,24,26,17,9,8,22,11,11,7,3,4,4,1,3,0,0,0
55124403,53,25,28,24,13,11,18,9,9,5,2,3,6,1,5,0,0,0
55124405,2439,1146,1293,1042,538,504,952,478,474,247,89,158,183,32,151,13,8,5
55124406,3062,1472,1590,1284,696,588,1200,602,598,324,131,193,238,32,206,16,11,5
55124407,1682,832,850,629,341,288,727,376,351,163,68,95,142,31,111,20,15,5
55124408,1532,737,795,703,383,320,473,236,237,225,88,137,116,22,94,15,8,7
55124409,613,312,301,275,155,120,242,120,122,58,24,34,31,7,24,5,4,1
55124411,478,237,241,183,96,87,221,111,110,43,20,23,28,8,20,3,2,1
55124412,799,367,432,273,147,126,360,178,182,88,27,61,73,13,60,5,2,3
55124413,865,433,432,318,172,146,429,215,214,71,32,39,43,10,33,2,2,0
3132890,0,0,0,0,0,0,0,0,0,0,0,0,0,0,0,0,0,0
55103101,1978,962,1016,913,488,425,718,354,364,190,79,111,142,32,110,14,9,5
55103102,2080,1039,1041,1104,599,505,537,281,256,305,126,179,103,18,85,24,11,13
55103103,524,280,244,274,159,115,174,91,83,48,22,26,23,4,19,3,2,1
55103104,2333,1208,1125,1302,704,598,696,379,317,196,85,111,86,13,73,50,25,25
55103105,6196,2847,3349,2727,1404,1323,1917,964,953,886,351,535,620,107,513,41,19,22
55103106,3503,1656,1847,1564,832,732,1267,635,632,380,137,243,278,45,233,10,5,5
55103107,497,241,256,212,117,95,197,98,99,49,21,28,37,4,33,2,1,1
55103108,4106,1843,2263,1733,898,835,1428,697,731,508,177,331,403,53,350,31,18,13
55103109,1679,786,893,669,349,320,670,334,336,176,68,108,149,25,124,13,8,5
55103110,2494,1210,1284,1018,522,496,1150,573,577,209,91,118,116,23,93,1,1,0
55103111,2241,1006,1235,955,494,461,672,335,337,349,123,226,246,44,202,14,6,8
55103112,2201,1050,1151,1039,549,490,744,370,374,238,100,138,152,18,134,24,11,13
55103113,3220,1524,1696,1469,786,683,1061,530,531,405,142,263,250,50,200,33,16,17
55103114,4437,2119,2318,2214,1160,1054,1331,668,663,570,210,360,262,50,212,50,23,27
55103115,2421,1136,1285,1222,632,590,656,331,325,360,136,224,141,18,123,39,18,21
55103116,1172,555,617,515,267,248,452,227,225,121,41,80,69,10,59,7,2,5
55103117,2006,987,1019,975,531,444,666,332,334,188,76,112,131,22,109,44,26,18
55103118,49,48,1,37,36,1,5,5,0,1,1,0,1,1,0,5,5,0
55103119,434,233,201,286,154,132,75,40,35,47,28,19,11,2,9,15,9,6
55103120,2734,1329,1405,1564,809,755,615,312,303,382,165,217,113,12,101,53,28,25
55103121,1645,884,761,984,560,424,377,201,176,179,75,104,50,17,33,51,28,23
55103122,432,208,224,251,128,123,93,44,49,66,32,34,20,2,18,2,2,0
55129502,1831,861,970,746,386,360,710,358,352,217,87,130,152,25,127,4,3,1
55129503,227,117,110,87,51,36,92,48,44,35,16,19,11,2,9,2,0,2
55129504,2427,1217,1210,1123,600,523,1001,512,489,188,84,104,93,15,78,20,6,14
55129505,54,27,27,22,10,12,20,11,9,5,3,2,7,3,4,0,0,0
55129506,520,266,254,239,132,107,196,101,95,58,28,30,24,3,21,3,2,1
55129507,3431,1632,1799,1382,732,650,1349,669,680,485,182,303,195,40,155,18,9,9
55129508,499,254,245,274,143,131,146,79,67,63,29,34,13,1,12,3,2,1
55129509,883,444,439,524,272,252,277,140,137,56,25,31,16,2,14,5,3,2
55129510,1232,623,609,733,379,354,387,196,191,85,37,48,9,2,7,15,6,9
0120500,0,0,0,0,0,0,0,0,0,0,0,0,0,0,0,0,0,0
3308090,0,0,0,0,0,0,0,0,0,0,0,0,0,0,0,0,0,0
55109101,1382,677,705,570,296,274,589,292,297,132,59,73,66,12,54,25,18,7
55109102,1144,549,595,598,301,297,401,197,204,93,38,55,39,6,33,11,5,6
55109103,3016,1411,1605,1262,658,604,1145,572,573,403,142,261,194,34,160,9,5,4
55109105,7240,3298,3942,2877,1521,1356,2646,1313,1333,1022,335,687,634,95,539,58,32,26
0101890,0,0,0,0,0,0,0,0,0,0,0,0,0,0,0,0,0,0
0102430,0,0,0,0,0,0,0,0,0,0,0,0,0,0,0,0,0,0
0106850,0,0,0,0,0,0,0,0,0,0,0,0,0,0,0,0,0,0
55097301,1266,650,616,748,408,340,265,133,132,149,65,84,36,4,32,66,38,28
55097302,1411,748,663,827,444,383,306,174,132,173,92,81,40,7,33,61,29,32
55097303,1990,1000,990,1120,584,536,435,221,214,276,129,147,66,13,53,88,49,39
55097304,633,314,319,306,161,145,213,115,98,69,27,42,36,5,31,7,4,3
55097305,3182,1514,1668,1733,911,822,806,396,410,404,148,256,174,21,153,54,35,19
55097307,2658,1287,1371,1309,696,613,806,415,391,272,113,159,199,27,172,69,35,34
55097308,8289,5446,2843,4845,3234,1611,1139,628,511,2005,1448,557,192,63,129,93,63,30
55097309,1666,806,860,909,485,424,412,204,208,242,96,146,82,13,69,20,8,12
55097310,1324,686,638,674,393,281,396,199,197,134,55,79,74,17,57,45,21,24
55097311,521,256,265,244,125,119,194,100,94,45,25,20,31,2,29,4,4,0
55097312,39,21,18,20,12,8,13,7,6,4,1,3,1,1,0,1,0,1
55097313,2409,1148,1261,1167,636,531,712,361,351,299,105,194,181,24,157,45,17,28
55097314,40,32,8,28,25,3,6,3,3,5,4,1,0,0,0,1,0,1
55097315,3475,1678,1797,1648,884,764,1069,543,526,428,173,255,286,55,231,38,17,21
55097316,1889,955,934,973,531,442,593,291,302,204,93,111,81,18,63,33,18,15
55097317,813,404,409,389,206,183,254,130,124,102,48,54,56,11,45,12,9,3
55097319,115,55,60,76,34,42,26,12,14,10,6,4,0,0,0,3,3,0
55097320,661,311,350,286,139,147,248,129,119,50,25,25,65,8,57,12,10,2
55097321,112,52,60,49,23,26,43,22,21,14,7,7,6,0,6,0,0,0
55097323,450,206,244,177,89,88,198,99,99,41,11,30,33,6,27,1,1,0
55097324,604,296,308,341,171,170,121,63,58,23,12,11,16,5,11,103,45,58
55097325,1778,854,924,767,394,373,704,350,354,140,58,82,109,21,88,56,29,27
55097326,1161,565,596,500,266,234,492,244,248,89,36,53,71,14,57,9,5,4
55097327,1613,772,841,618,336,282,708,357,351,131,45,86,139,24,115,17,10,7
55097328,30,18,12,19,11,8,9,6,3,1,1,0,1,0,1,0,0,0
55097329,3465,1694,1771,1856,988,868,822,399,423,487,222,265,233,44,189,65,39,26
55097330,5630,2752,2878,2873,1519,1354,1693,854,839,646,270,376,301,45,256,111,59,52
55097331,2115,1073,1042,1157,622,535,512,268,244,280,134,146,86,12,74,74,37,37
55097332,4137,2023,2114,2192,1153,1039,1175,588,587,470,191,279,198,32,166,100,58,42
55097333,5090,2543,2547,2789,1518,1271,1411,702,709,529,203,326,178,27,151,179,92,87
55097334,1214,563,651,795,380,415,219,116,103,138,49,89,44,6,38,15,10,5
55097335,1351,740,611,763,437,326,345,186,159,167,78,89,32,5,27,39,29,10
55097336,58,28,30,23,11,12,16,8,8,11,6,5,3,1,2,5,2,3
55097337,1011,550,461,628,354,274,199,104,95,140,72,68,21,3,18,22,17,5
55097338,2081,1061,1020,1280,676,604,449,231,218,230,110,120,60,11,49,56,29,27
55097339,2304,1149,1155,1318,711,607,624,317,307,226,83,143,74,10,64,56,27,29
55097340,37,21,16,21,12,9,12,7,5,3,2,1,1,0,1,0,0,0
55097341,1275,724,551,668,377,291,327,208,119,196,103,93,47,11,36,30,20,10
55097342,1267,682,585,701,406,295,263,131,132,216,113,103,46,5,41,37,25,12
55097343,1298,665,633,751,420,331,259,129,130,193,86,107,54,11,43,40,19,21
55097344,395,207,188,234,134,100,101,52,49,45,18,27,10,1,9,5,2,3
0121900,0,0,0,0,0,0,0,0,0,0,0,0,0,0,0,0,0,0
55130901,33,20,13,16,10,6,10,6,4,6,3,3,1,1,0,0,0,0
55130902,2638,1272,1366,1045,562,483,1109,555,554,249,108,141,228,43,185,5,2,3
55130904,1404,694,710,548,309,239,597,303,294,154,63,91,101,17,84,4,2,2
55130905,77,45,32,35,23,12,28,18,10,11,2,9,2,1,1,1,1,0
55130906,380,187,193,143,85,58,166,80,86,35,15,20,35,6,29,1,1,0
55130907,1142,558,584,466,248,218,496,247,249,102,49,53,74,12,62,2,1,1
55143101,920,449,471,398,207,191,397,198,199,81,35,46,43,9,34,1,0,1
55127901,12172,5716,6456,4941,2640,2301,4660,2325,2335,1630,572,1058,857,133,724,78,42,36
55099001,26,16,10,9,4,5,8,5,3,6,5,1,3,2,1,0,0,0
55099002,1958,893,1065,822,439,383,654,327,327,244,79,165,218,40,178,18,6,12
55099003,1272,601,671,602,311,291,420,210,210,148,65,83,90,11,79,12,4,8
55099004,1647,773,874,744,393,351,623,306,317,136,48,88,126,15,111,18,11,7
55099005,2919,1387,1532,1240,683,557,1039,521,518,326,114,212,282,55,227,26,12,14
55099006,1827,837,990,794,422,372,532,271,261,297,102,195,179,29,150,23,11,12
55099007,1100,532,568,439,234,205,447,225,222,85,35,50,114,29,85,15,9,6
55099008,2223,1091,1132,952,508,444,915,458,457,190,78,112,148,32,116,18,15,3
55099009,2489,1147,1342,1166,624,542,703,346,357,373,125,248,219,33,186,26,17,9
55099010,724,355,369,273,152,121,330,166,164,47,19,28,71,16,55,3,2,1
55099011,2104,1007,1097,936,498,438,828,411,417,181,72,109,145,19,126,14,7,7
55099012,1818,878,940,887,475,412,625,309,316,163,59,104,109,20,89,34,15,19
55099013,1155,565,590,515,280,235,463,231,232,103,41,62,61,11,50,13,2,11
3132460,0,0,0,0,0,0,0,0,0,0,0,0,0,0,0,0,0,0
3132540,0,0,0,0,0,0,0,0,0,0,0,0,0,0,0,0,0,0
3132620,0,0,0,0,0,0,0,0,0,0,0,0,0,0,0,0,0,0
55136801,2096,1021,1075,1182,601,581,655,328,327,197,76,121,44,7,37,16,9,7
55136802,4126,2029,2097,1788,949,839,1768,884,884,348,145,203,212,46,166,9,5,4
55105801,1533,745,788,675,370,305,576,289,287,149,59,90,118,21,97,13,4,9
55105802,1487,668,819,613,331,282,474,230,244,201,68,133,180,31,149,19,8,11
55105803,2833,1387,1446,1304,698,606,1038,521,517,301,130,171,165,23,142,23,13,10
55105804,75,36,39,34,20,14,29,14,15,9,2,7,2,0,2,1,0,1
55105805,2787,1351,1436,1257,659,598,967,487,480,351,155,196,178,32,146,28,13,15
55105806,2832,1290,1542,1357,708,649,856,422,434,381,121,260,224,31,193,14,8,6
55105807,508,263,245,245,144,101,147,74,73,81,36,45,24,1,23,9,8,1
55105808,3123,1594,1529,1513,843,670,1063,543,520,353,158,195,151,31,120,39,17,22
55105809,55,32,23,19,12,7,12,6,6,20,12,8,4,2,2,0,0,0
55105810,234,121,113,95,55,40,90,48,42,29,13,16,19,4,15,1,1,0
55105811,1753,837,916,836,454,382,503,250,253,290,107,183,115,19,96,8,6,2
55105812,2570,1300,1270,1166,662,504,894,462,432,283,125,158,201,36,165,21,11,10
55105813,1111,541,570,612,320,292,245,128,117,175,77,98,70,10,60,5,4,1
55105814,1672,830,842,871,479,392,444,222,222,225,81,144,80,18,62,45,26,19
58279401,1383,694,689,590,321,269,626,311,315,93,49,44,72,12,60,1,1,0
58280801,602,292,310,266,142,124,240,118,122,55,23,32,40,8,32,1,1,0
58280802,196,92,104,85,41,44,95,48,47,9,2,7,7,1,6,0,0,0
58132101,137,71,66,51,30,21,71,37,34,5,2,3,10,2,8,0,0,0
58132102,54,26,28,17,9,8,22,10,12,7,5,2,4,0,4,4,2,2
58282401,3868,1907,1961,1750,938,812,1531,766,765,368,158,210,207,38,169,8,6,2
58283201,179,87,92,70,36,34,79,39,40,13,7,6,17,5,12,0,0,0
58284101,1234,622,612,535,298,237,551,273,278,72,33,39,73,16,57,3,2,1
58285901,2203,1091,1112,902,503,399,966,488,478,167,81,86,162,18,144,5,1,4
59531401,278,142,136,110,61,49,129,65,64,26,14,12,13,2,11,0,0,0
59531402,87,47,40,32,20,12,44,22,22,7,4,3,4,1,3,0,0,0
59533101,108,47,61,41,18,23,58,29,29,4,0,4,5,0,5,0,0,0
58287501,198,92,106,64,32,32,106,54,52,14,5,9,14,1,13,0,0,0
59383401,590,311,279,249,152,97,249,124,125,48,26,22,42,7,35,2,2,0
58288301,677,342,335,286,159,127,296,149,147,60,24,36,33,8,25,0,0,0
58140201,250,129,121,102,61,41,109,55,54,13,9,4,26,4,22,0,0,0
58142901,570,288,282,256,140,116,254,125,129,32,14,18,25,8,17,3,1,2
58142902,528,247,281,220,110,110,233,116,117,42,16,26,32,4,28,0,0,0
58289101,343,168,175,132,76,56,132,66,66,51,24,27,27,2,25,1,0,1
58143701,89,45,44,40,24,16,37,18,19,6,3,3,6,0,6,0,0,0
55027201,645,326,319,272,154,118,273,139,134,53,25,28,45,7,38,2,1,1
58291301,1850,912,938,763,419,344,836,417,419,137,61,76,112,14,98,2,1,1
59544601,146,77,69,54,31,23,74,37,37,11,6,5,7,3,4,0,0,0
58292101,1061,527,534,424,237,187,513,255,258,71,25,46,44,6,38,9,4,5
58293001,428,219,209,157,96,61,195,100,95,28,14,14,47,8,39,1,1,0
58294801,1058,538,520,413,232,181,475,241,234,85,46,39,85,19,66,0,0,0
58295601,122,59,63,37,25,12,65,31,34,8,2,6,12,1,11,0,0,0
58295602,2092,1055,1037,882,492,390,822,429,393,245,117,128,136,12,124,6,4,2
58295603,171,77,94,77,39,38,58,30,28,19,8,11,17,0,17,0,0,0
59552701,54,28,26,25,12,13,18,10,8,8,6,2,3,0,3,0,0,0
59552702,967,487,480,349,199,150,441,221,220,108,48,60,68,19,49,1,0,1
59552703,82,36,46,23,10,13,45,23,22,7,2,5,7,1,6,0,0,0
59552704,173,87,86,66,34,32,78,41,37,12,8,4,17,4,13,0,0,0
58296401,662,347,315,297,171,126,273,137,136,47,27,20,45,12,33,0,0,0
59555101,792,407,385,292,174,118,377,189,188,59,29,30,63,15,48,1,0,1
59556001,121,69,52,63,39,24,39,20,19,11,7,4,8,3,5,0,0,0
58297201,2022,1002,1020,922,493,429,845,419,426,156,73,83,95,16,79,4,1,3
58299901,690,346,344,319,174,145,294,145,149,46,24,22,28,2,26,3,1,2
58301401,170,85,85,67,33,34,77,39,38,17,13,4,9,0,9,0,0,0
58301402,57,26,31,15,7,8,26,13,13,11,5,6,5,1,4,0,0,0
58302201,302,153,149,117,62,55,148,75,73,24,13,11,12,2,10,1,1,0
58157701,93,50,43,42,26,16,34,17,17,11,6,5,6,1,5,0,0,0
58303101,1282,663,619,573,326,247,544,273,271,103,50,53,57,11,46,5,3,2
59566701,28,15,13,9,6,3,12,6,6,3,2,1,3,0,3,1,1,0
59566702,271,140,131,102,65,37,127,62,65,15,8,7,27,5,22,0,0,0
58305701,821,411,410,360,195,165,348,172,176,71,36,35,41,7,34,1,1,0
58305702,20,11,9,12,6,6,4,2,2,3,3,0,1,0,1,0,0,0
58306501,669,333,336,295,156,139,273,139,134,56,28,28,45,10,35,0,0,0
0488440,0,0,0,0,0,0,0,0,0,0,0,0,0,0,0,0,0,0
58308102,54,26,28,15,9,6,17,10,7,18,6,12,4,1,3,0,0,0
58308103,1850,898,952,809,430,379,746,372,374,181,79,102,107,14,93,5,3,2
58308104,1594,784,810,712,387,325,577,290,287,200,96,104,100,9,91,5,2,3
58309001,346,168,178,146,76,70,151,75,76,30,17,13,19,0,19,0,0,0
58311101,1008,520,488,440,246,194,409,205,204,101,53,48,55,14,41,3,2,1
58451701,722,359,363,283,153,130,328,165,163,56,31,25,55,10,45,0,0,0
0558080,0,0,0,0,0,0,0,0,0,0,0,0,0,0,0,0,0,0
3040420,0,0,0,0,0,0,0,0,0,0,0,0,0,0,0,0,0,0
58312002,56,31,25,27,18,9,22,11,11,4,2,2,3,0,3,0,0,0
58312003,263,132,131,95,52,43,135,69,66,17,9,8,15,1,14,1,1,0
58312004,246,124,122,86,46,40,114,56,58,33,20,13,13,2,11,0,0,0
58312005,33,17,16,13,5,8,11,6,5,7,6,1,2,0,2,0,0,0
58312006,708,361,347,286,165,121,285,141,144,84,43,41,52,11,41,1,1,0
58312007,535,273,262,220,126,94,229,115,114,45,20,25,39,11,28,2,1,1
58312009,587,294,293,253,144,109,225,111,114,59,29,30,49,9,40,1,1,0
58312010,346,161,185,128,65,63,149,74,75,33,17,16,35,4,31,1,1,0
58312011,543,259,284,185,97,88,249,126,123,65,26,39,44,10,34,0,0,0
58312012,501,241,260,209,103,106,206,102,104,51,24,27,32,11,21,3,1,2
58312013,1507,700,807,563,307,256,577,287,290,219,84,135,142,16,126,2,2,0
58312014,1100,527,573,490,259,231,424,209,215,131,49,82,51,8,43,3,2,1
58312015,103,65,38,33,21,12,44,23,21,21,18,3,4,2,2,1,1,0
58312016,962,511,451,416,236,180,303,155,148,173,103,70,64,14,50,3,0,3
58312017,1178,568,610,537,295,242,421,213,208,141,53,88,76,6,70,3,1,2
58312018,948,467,481,380,210,170,394,194,200,97,46,51,75,16,59,2,1,1
58312019,82,43,39,34,22,12,37,18,19,10,3,7,1,0,1,0,0,0
58315402,340,171,169,134,76,58,148,75,73,36,16,20,22,4,18,0,0,0
58317101,783,413,370,326,187,139,371,185,186,59,34,25,26,7,19,1,0,1
58318901,949,461,488,400,208,192,432,219,213,59,26,33,55,6,49,3,2,1
59583701,194,93,101,81,36,45,84,42,42,13,10,3,14,3,11,2,2,0
59583702,99,52,47,37,25,12,49,24,25,6,3,3,7,0,7,0,0,0
58319701,1099,541,558,483,243,240,483,241,242,94,51,43,39,6,33,0,0,0
58790701,265,140,125,113,65,48,124,63,61,18,9,9,10,3,7,0,0,0
58320101,618,298,320,241,122,119,264,136,128,61,27,34,49,12,37,3,1,2
58321901,1157,560,597,510,259,251,499,247,252,90,42,48,55,11,44,3,1,2
58322701,26,13,13,15,8,7,8,4,4,3,1,2,0,0,0,0,0,0
58322702,640,317,323,256,135,121,292,147,145,43,28,15,49,7,42,0,0,0
58323501,466,235,231,179,95,84,206,106,100,53,29,24,27,4,23,1,1,0
59593401,225,122,103,90,56,34,103,52,51,14,10,4,17,4,13,1,0,1
58324301,353,184,169,158,92,66,161,81,80,22,9,13,11,1,10,1,1,0
3401890,0,0,0,0,0,0,0,0,0,0,0,0,0,0,0,0,0,0
58325101,3440,1718,1722,1548,838,710,1452,716,736,337,136,201,95,22,73,6,4,2
58325103,1844,862,982,813,416,397,666,333,333,222,91,131,137,17,120,6,5,1
58325105,509,244,265,215,110,105,218,107,111,52,25,27,23,1,22,1,1,0
58325106,2876,1408,1468,1270,719,551,971,478,493,402,170,232,220,35,185,9,6,3
58325108,590,581,9,395,391,4,54,51,3,111,109,2,1,1,0,29,29,0
58325109,551,280,271,221,125,96,274,136,138,30,13,17,24,4,20,0,0,0
58325111,91,58,33,40,24,16,38,24,14,11,10,1,2,0,2,0,0,0
58325112,1584,761,823,621,341,280,641,317,324,203,76,127,111,23,88,5,1,4
59598502,138,69,69,54,33,21,62,30,32,9,4,5,12,2,10,1,0,1
59599302,190,90,100,89,45,44,75,38,37,15,6,9,11,1,10,0,0,0
58326001,52,28,24,20,12,8,19,10,9,7,5,2,6,1,5,0,0,0
58326003,659,322,337,251,136,115,323,159,164,46,19,27,38,8,30,1,0,1
58327801,213,106,107,87,49,38,82,40,42,23,15,8,20,2,18,1,0,1
58328601,1889,930,959,758,406,352,871,434,437,142,68,74,115,20,95,3,2,1
58329401,288,149,139,112,61,51,139,68,71,22,17,5,14,2,12,1,1,0
58330801,128,66,62,58,31,27,53,27,26,8,5,3,8,3,5,1,0,1
59437701,549,289,260,248,148,100,227,113,114,42,23,19,30,4,26,2,1,1
58197601,74,40,34,38,24,14,26,13,13,3,3,0,7,0,7,0,0,0
58197602,60,32,28,26,15,11,27,14,13,4,3,1,3,0,3,0,0,0
58197603,48,25,23,21,13,8,20,11,9,4,1,3,3,0,3,0,0,0
58197604,1243,610,633,510,283,227,546,273,273,109,43,66,73,9,64,5,2,3
58331601,562,275,287,256,129,127,227,114,113,53,24,29,24,8,16,2,0,2
59607801,50,21,29,18,9,9,25,12,13,2,0,2,5,0,5,0,0,0
58332401,627,302,325,239,125,114,289,145,144,59,28,31,40,4,36,0,0,0
58333201,725,355,370,312,157,155,315,156,159,65,31,34,31,9,22,2,2,0
58334101,823,412,411,334,180,154,386,194,192,63,29,34,40,9,31,0,0,0
58334102,161,81,80,65,37,28,73,36,37,14,8,6,9,0,9,0,0,0
58335901,526,259,267,217,116,101,250,126,124,34,13,21,23,4,19,2,0,2
58336701,858,425,433,357,198,159,357,180,177,76,34,42,64,11,53,4,2,2
58337501,479,239,240,199,107,92,203,102,101,47,25,22,30,5,25,0,0,0
58338301,1809,895,914,789,430,359,766,379,387,156,74,82,97,12,85,1,0,1
58338302,39,19,20,19,10,9,11,5,6,8,4,4,1,0,1,0,0,0
3257670,0,0,0,0,0,0,0,0,0,0,0,0,0,0,0,0,0,0
58339101,4992,2519,2473,2104,1187,917,1975,1027,948,502,221,281,380,65,315,31,19,12
58339103,495,254,241,273,142,131,148,82,66,62,28,34,10,2,8,2,0,2
58340501,85,39,46,25,15,10,43,22,21,9,2,7,8,0,8,0,0,0
58340502,825,400,425,327,183,144,357,174,183,85,36,49,56,7,49,0,0,0
58340503,1794,860,934,732,366,366,753,382,371,199,89,110,108,22,86,2,1,1
58341301,26,17,9,6,5,1,14,7,7,6,5,1,0,0,0,0,0,0
58341302,938,475,463,514,276,238,328,164,164,70,25,45,10,2,8,11,5,6
58341303,2634,1270,1364,1134,587,547,1169,573,596,193,87,106,127,16,111,9,7,2
58342101,915,461,454,352,193,159,410,207,203,89,45,44,61,13,48,3,3,0
58342102,37,20,17,18,11,7,13,7,6,4,1,3,2,1,1,0,0,0
58343001,1095,558,537,448,251,197,516,258,258,70,30,40,57,18,39,4,1,3
58344801,1104,569,535,436,262,174,513,255,258,76,41,35,75,9,66,4,2,2
58345601,186,91,95,77,34,43,73,38,35,29,16,13,7,3,4,0,0,0
58345602,655,312,343,277,135,142,292,145,147,58,26,32,27,6,21,1,0,1
59617501,1215,599,616,457,250,207,543,270,273,122,63,59,89,15,74,4,1,3
59617502,50,24,26,18,10,8,21,10,11,6,3,3,5,1,4,0,0,0
58346402,104,36,68,29,13,16,32,15,17,5,2,3,38,6,32,0,0,0
58347201,314,151,163,133,69,64,137,69,68,28,10,18,14,3,11,2,0,2
58348101,919,452,467,374,202,172,407,205,202,78,32,46,55,10,45,5,3,2
58349901,306,154,152,115,65,50,133,69,64,34,16,18,24,4,20,0,0,0
59619101,244,122,122,101,54,47,120,61,59,6,3,3,17,4,13,0,0,0
58472001,1306,662,644,548,309,239,572,289,283,93,48,45,89,13,76,4,3,1
58350201,788,379,409,350,188,162,319,157,162,56,22,34,60,10,50,3,2,1
58351101,700,337,363,270,148,122,315,156,159,59,26,33,56,7,49,0,0,0
58352901,248,125,123,119,63,56,90,48,42,25,12,13,14,2,12,0,0,0
58353701,1546,787,759,647,360,287,649,320,329,148,81,67,95,20,75,6,5,1
58212301,116,57,59,42,22,20,59,29,30,9,5,4,5,0,5,1,1,0
59630201,48,27,21,14,10,4,25,11,14,7,5,2,2,1,1,0,0,0
59630202,102,51,51,38,22,16,52,26,26,4,1,3,8,2,6,0,0,0
59630203,176,84,92,78,36,42,81,42,39,7,4,3,10,2,8,0,0,0
58354501,850,430,420,326,178,148,391,198,193,80,43,37,51,10,41,2,1,1
58355301,1114,545,569,465,248,217,470,237,233,94,50,44,82,9,73,2,0,2
58356101,2754,1390,1364,1168,660,508,1160,585,575,228,105,123,185,35,150,7,2,5
58217401,130,67,63,56,36,20,56,27,29,5,3,2,13,1,12,0,0,0
58358801,596,313,283,235,141,94,260,131,129,58,31,27,41,9,32,2,1,1
58358802,1501,772,729,586,352,234,656,328,328,147,71,76,108,18,90,4,3,1
58358803,182,91,91,68,39,29,81,41,40,18,9,9,15,2,13,0,0,0
58358805,133,76,57,52,37,15,60,29,31,11,7,4,10,3,7,0,0,0
58358806,57,27,30,23,12,11,21,10,11,10,3,7,2,1,1,1,1,0
58358807,2210,1099,1111,953,523,430,846,431,415,254,107,147,150,35,115,7,3,4
58359601,1786,912,874,711,402,309,818,416,402,158,72,86,98,21,77,1,1,0
58359602,40,23,17,20,11,9,12,6,6,8,6,2,0,0,0,0,0,0
58360001,789,415,374,321,191,130,359,177,182,74,38,36,31,6,25,4,3,1
50669901,374,191,183,152,84,68,186,94,92,19,8,11,17,5,12,0,0,0
58476202,687,348,339,288,165,123,289,147,142,60,31,29,50,5,45,0,0,0
59640001,23,10,13,10,4,6,12,6,6,0,0,0,1,0,1,0,0,0
59640002,61,33,28,19,14,5,30,16,14,7,3,4,5,0,5,0,0,0
59640003,51,24,27,19,8,11,26,14,12,1,1,0,5,1,4,0,0,0
59640004,58,33,25,27,19,8,19,9,10,6,5,1,6,0,6,0,0,0
3258050,0,0,0,0,0,0,0,0,0,0,0,0,0,0,0,0,0,0
58363401,1418,732,686,590,339,251,635,319,316,107,55,52,85,19,66,1,0,1
3398900,0,0,0,0,0,0,0,0,0,0,0,0,0,0,0,0,0,0
58480101,351,175,176,142,76,66,149,74,75,39,22,17,20,2,18,1,1,0
58480102,223,126,97,112,70,42,76,40,36,19,12,7,14,3,11,2,1,1
58480103,4405,2144,2261,1923,1051,872,1705,852,853,485,193,292,280,41,239,11,6,5
58480104,282,132,150,141,71,70,95,46,49,25,12,13,21,3,18,0,0,0
54973801,419,207,212,175,98,77,176,88,88,40,15,25,26,6,20,0,0,0
58365101,361,172,189,153,79,74,144,69,75,35,20,15,29,4,25,0,0,0
58366901,191,98,93,104,55,49,56,30,26,26,13,13,5,0,5,0,0,0
58366902,559,285,274,225,134,91,223,111,112,64,28,36,43,9,34,4,3,1
58366903,1048,517,531,510,257,253,435,213,222,77,40,37,19,4,15,7,3,4
58367701,2279,1147,1132,934,522,412,1017,517,500,189,84,105,130,21,109,7,3,4
58368501,911,462,449,362,208,154,409,205,204,82,38,44,56,9,47,2,2,0
58369301,653,348,305,290,174,116,258,128,130,74,39,35,29,5,24,2,2,0
58370701,936,464,472,395,213,182,420,212,208,62,29,33,57,9,48,2,1,1
58370702,23,12,11,6,4,2,10,5,5,5,3,2,2,0,2,0,0,0
54974601,1456,697,759,572,305,267,599,300,299,136,64,72,146,27,119,2,1,1
58484301,1012,507,505,422,234,188,414,210,204,100,49,51,74,12,62,2,2,0
58371501,646,315,331,269,147,122,250,125,125,69,35,34,58,8,50,0,0,0
58372301,467,234,233,197,109,88,197,99,98,44,19,25,29,7,22,0,0,0
58372302,67,34,33,26,14,12,25,13,12,9,5,4,7,2,5,0,0,0
58373101,851,420,431,337,177,160,364,182,182,80,44,36,66,13,53,0,0,0
58374001,760,395,365,324,194,130,327,164,163,60,24,36,46,11,35,1,0,1
58375801,71,36,35,39,21,18,19,10,9,10,4,6,2,0,2,1,1,0
58375802,4110,1994,2116,1793,973,820,1568,772,796,410,181,229,312,56,256,27,12,15
58376601,1479,729,750,622,327,295,625,319,306,142,65,77,83,14,69,5,4,1
58225501,248,130,118,115,71,44,101,51,50,15,6,9,17,2,15,0,0,0
58377401,1087,538,549,444,229,215,507,253,254,91,46,45,41,8,33,4,2,2
58226301,223,108,115,73,40,33,108,53,55,17,10,7,24,4,20,1,1,0
59658201,78,43,35,33,22,11,30,16,14,7,3,4,8,2,6,0,0,0
1412590,0,0,0,0,0,0,0,0,0,0,0,0,0,0,0,0,0,0
1413130,0,0,0,0,0,0,0,0,0,0,0,0,0,0,0,0,0,0
1413480,0,0,0,0,0,0,0,0,0,0,0,0,0,0,0,0,0,0
3400650,0,0,0,0,0,0,0,0,0,0,0,0,0,0,0,0,0,0
58378201,36,18,18,16,8,8,17,8,9,3,2,1,0,0,0,0,0,0
58378202,660,317,343,263,144,119,302,149,153,49,20,29,44,4,40,2,0,2
58378203,1275,625,650,505,267,238,599,301,298,94,39,55,74,16,58,2,1,1
58378204,1291,612,679,599,320,279,430,216,214,181,64,117,68,8,60,13,4,9
58378205,63,38,25,33,22,11,24,13,11,4,2,2,2,1,1,0,0,0
58378209,1101,545,556,519,286,233,404,204,200,115,43,72,59,10,49,4,2,2
58378210,57,25,32,22,8,14,28,14,14,6,3,3,1,0,1,0,0,0
58378211,365,174,191,164,83,81,130,68,62,45,18,27,25,5,20,0,0,0
58378212,774,384,390,333,176,157,334,168,166,63,30,33,41,8,33,3,2,1
58378213,978,503,475,413,245,168,357,179,178,136,65,71,67,13,54,5,1,4
58379101,1087,541,546,431,232,199,514,255,259,89,44,45,51,10,41,2,0,2
58380401,401,198,203,179,98,81,161,79,82,29,15,14,30,4,26,2,2,0
58382101,824,416,408,334,184,150,345,172,173,86,45,41,57,13,44,2,2,0
58383901,2074,1021,1053,860,462,398,910,452,458,188,85,103,114,21,93,1,0,1
54978901,420,204,216,163,80,83,203,102,101,32,17,15,22,5,17,0,0,0
59669801,52,24,28,22,11,11,21,11,10,4,2,2,4,0,4,1,0,1
59166101,373,197,176,133,76,57,181,92,89,30,22,8,27,5,22,0,0,0
58384701,664,327,337,286,150,136,295,147,148,48,27,21,35,3,32,0,0,0
58385501,830,415,415,333,192,141,356,175,181,78,36,42,62,11,51,1,1,0
3316780,0,0,0,0,0,0,0,0,0,0,0,0,0,0,0,0,0,0
58386301,1075,523,552,443,226,217,473,237,236,80,43,37,74,14,60,5,3,2
54529501,170,94,76,63,41,22,85,43,42,14,8,6,8,2,6,0,0,0
54989402,70,38,32,35,22,13,16,8,8,14,7,7,5,1,4,0,0,0
58388001,607,299,308,259,140,119,258,130,128,49,20,29,38,7,31,1,0,1
58389801,2417,1186,1231,1010,548,462,1023,510,513,199,86,113,170,32,138,13,8,5
58390101,388,193,195,166,92,74,174,88,86,25,13,12,23,0,23,0,0,0
58237901,103,46,57,49,22,27,32,16,16,9,7,2,13,1,12,0,0,0
58237902,31,16,15,10,7,3,17,9,8,2,0,2,2,0,2,0,0,0
58391001,3046,1547,1499,1303,724,579,1362,691,671,196,86,110,180,43,137,5,3,2
58392801,433,224,209,161,98,63,211,107,104,25,10,15,34,8,26,2,1,1
58245002,122,68,54,40,24,16,61,32,29,10,8,2,11,4,7,0,0,0
58393601,1917,1001,916,875,506,369,816,411,405,138,68,70,77,10,67,10,5,5
58394401,349,172,177,163,88,75,142,69,73,26,14,12,18,1,17,0,0,0
3135210,0,0,0,0,0,0,0,0,0,0,0,0,0,0,0,0,0,0
3402430,0,0,0,0,0,0,0,0,0,0,0,0,0,0,0,0,0,0
58395201,339,176,163,134,83,51,153,78,75,29,12,17,22,3,19,1,0,1
58395203,1470,758,712,630,360,270,606,302,304,159,85,74,73,10,63,1,0,1
58395205,50,30,20,19,14,5,18,11,7,9,4,5,3,0,3,0,0,0
58395206,3018,1442,1576,1348,713,635,1175,581,594,299,118,181,188,26,162,6,4,2
58395207,1757,849,908,696,369,327,786,390,396,158,64,94,114,24,90,1,0,1
58395208,1165,569,596,461,256,205,511,253,258,114,46,68,75,10,65,2,2,0
58396101,495,257,238,190,111,79,241,120,121,31,17,14,31,7,24,0,0,0
59490301,281,149,132,127,79,48,94,48,46,40,21,19,20,1,19,0,0,0
58397901,299,142,157,131,67,64,124,61,63,30,12,18,14,2,12,0,0,0
58397902,1343,672,671,560,309,251,615,306,309,92,41,51,74,15,59,2,1,1
58399501,1260,627,633,532,296,236,506,252,254,130,59,71,89,17,72,3,3,0
58398701,1135,552,583,434,228,206,523,260,263,101,46,55,74,16,58,3,2,1
1674010,0,0,0,0,0,0,0,0,0,0,0,0,0,0,0,0,0,0
1674100,0,0,0,0,0,0,0,0,0,0,0,0,0,0,0,0,0,0
1675250,0,0,0,0,0,0,0,0,0,0,0,0,0,0,0,0,0,0
58400201,68,34,34,24,13,11,33,16,17,9,4,5,2,1,1,0,0,0
58400202,48,21,27,16,7,9,22,11,11,4,2,2,6,1,5,0,0,0
58400203,93,55,38,35,26,9,46,25,21,7,4,3,5,0,5,0,0,0
58400204,63,30,33,30,13,17,30,16,14,2,1,1,1,0,1,0,0,0
58400205,21,8,13,5,1,4,10,5,5,4,2,2,2,0,2,0,0,0
58400206,901,458,443,412,234,178,312,154,158,127,60,67,45,8,37,4,1,3
58400207,1646,797,849,738,391,347,563,280,283,216,94,122,127,31,96,2,1,1
58400209,131,68,63,55,37,18,45,23,22,20,8,12,11,0,11,0,0,0
58400210,132,68,64,56,34,22,53,26,27,17,6,11,4,1,3,2,1,1
58400211,833,390,443,329,169,160,369,181,188,72,30,42,58,10,48,5,0,5
58400212,1472,656,816,758,365,393,485,236,249,162,48,114,64,6,58,3,1,2
58400213,1292,610,682,494,263,231,576,286,290,110,43,67,110,17,93,2,1,1
58400214,1855,873,982,749,410,339,628,310,318,282,116,166,191,33,158,5,4,1
58400215,270,134,136,108,64,44,110,55,55,22,10,12,29,4,25,1,1,0
58400216,420,213,207,194,116,78,147,71,76,49,20,29,30,6,24,0,0,0
59689201,101,48,53,42,21,21,47,24,23,8,3,5,4,0,4,0,0,0
58401101,384,196,188,168,99,69,156,77,79,27,14,13,33,6,27,0,0,0
59496201,654,324,330,285,157,128,250,126,124,66,36,30,52,5,47,1,0,1
58402901,519,243,276,217,106,111,211,108,103,55,25,30,33,2,31,3,2,1
58402902,1215,583,632,504,254,250,517,257,260,112,52,60,78,20,58,3,0,3
58402903,648,336,312,243,144,99,341,169,172,47,18,29,16,5,11,1,0,1
58403701,1286,630,656,489,271,218,602,304,298,105,38,67,89,16,73,1,1,0
58404501,3288,1570,1718,1285,693,592,1365,685,680,322,140,182,311,50,261,4,1,3
58405301,278,144,134,109,64,45,125,64,61,22,12,10,22,4,18,0,0,0
54990801,134,69,65,54,32,22,60,30,30,11,6,5,8,1,7,1,0,1
58256501,221,108,113,91,44,47,99,51,48,16,9,7,15,4,11,0,0,0
58406101,737,374,363,290,165,125,332,165,167,67,35,32,46,7,39,0,0,0
58407001,58,25,33,18,7,11,28,13,15,3,2,1,9,3,6,0,0,0
58407002,65,36,29,28,16,12,30,15,15,3,3,0,4,2,2,0,0,0
58409601,756,370,386,312,171,141,359,177,182,45,17,28,39,4,35,1,1,0
58410001,3293,1584,1709,1354,722,632,1400,692,708,337,136,201,197,31,166,5,3,2
58410002,70,36,34,26,15,11,32,17,15,8,4,4,4,0,4,0,0,0
58411801,956,487,469,410,238,172,414,207,207,70,33,37,61,8,53,1,1,0
58412601,1357,683,674,542,303,239,642,322,320,87,43,44,86,15,71,0,0,0
58502501,870,434,436,394,208,186,343,176,167,66,38,28,65,11,54,1,1,0
58413401,197,97,100,77,39,38,104,52,52,11,6,5,5,0,5,0,0,0
58414201,36,19,17,13,6,7,10,5,5,10,7,3,3,1,2,0,0,0
58414202,1171,585,586,483,263,220,525,262,263,87,42,45,72,14,58,4,4,0
58415101,916,454,462,408,218,190,371,184,187,81,43,38,53,8,45,3,1,2
58503301,2486,1226,1260,1052,590,462,1014,506,508,210,98,112,202,29,173,4,3,1
59710401,85,47,38,32,19,13,36,18,18,11,8,3,6,2,4,0,0,0
58416901,304,156,148,136,73,63,130,66,64,23,15,8,14,1,13,1,1,0
58417701,746,372,374,312,173,139,322,162,160,68,30,38,44,7,37,0,0,0
58418501,765,370,395,304,155,149,347,176,171,61,30,31,52,8,44,1,1,0
58419301,55,27,28,17,9,8,28,14,14,4,4,0,6,0,6,0,0,0
58420701,212,103,109,86,43,43,90,43,47,28,14,14,8,3,5,0,0,0
58420702,1707,780,927,678,360,318,642,317,325,193,75,118,188,24,164,6,4,2
58420703,665,330,335,233,127,106,266,134,132,53,25,28,55,10,45,58,34,24
58421501,152,72,80,63,30,33,68,34,34,11,8,3,10,0,10,0,0,0
58421502,1077,541,536,416,248,168,497,246,251,71,31,40,84,9,75,7,5,2
58422301,176,78,98,79,37,42,58,28,30,27,10,17,11,2,9,1,1,0
58422302,139,72,67,58,34,24,67,34,33,9,3,6,5,1,4,0,0,0
58422303,3341,1640,1701,1369,769,600,1278,641,637,410,186,224,279,41,238,5,3,2
58273501,74,37,37,35,20,15,30,15,15,5,0,5,4,2,2,0,0,0
58423101,1427,709,718,597,337,260,583,291,292,133,60,73,108,20,88,5,1,4
58423102,147,72,75,62,36,26,69,33,36,6,3,3,10,0,10,0,0,0
58424001,907,466,441,403,241,162,359,178,181,69,36,33,75,10,65,1,1,0
59717101,27,14,13,12,5,7,12,6,6,2,2,0,1,1,0,0,0,0
59717103,320,176,144,123,79,44,137,69,68,39,23,16,21,5,16,0,0,0
58426601,1803,891,912,750,413,337,788,394,394,154,66,88,102,13,89,6,3,3
58427401,509,247,262,203,99,104,250,127,123,28,13,15,27,7,20,1,1,0
58428201,905,450,455,436,248,188,319,155,164,98,36,62,51,10,41,1,1,0
58428202,849,408,441,346,186,160,364,183,181,73,28,45,63,11,52,3,0,3
58428203,581,290,291,299,161,138,204,101,103,63,24,39,12,2,10,3,2,1
58428204,21,9,12,12,4,8,5,3,2,3,1,2,1,1,0,0,0,0
58428205,1052,495,557,401,226,175,369,184,185,182,74,108,95,7,88,5,4,1
58428209,294,137,157,131,60,71,112,56,56,35,16,19,13,4,9,3,1,2
58430401,388,190,198,152,85,67,184,91,93,25,11,14,27,3,24,0,0,0
58432101,901,425,476,382,193,189,381,188,193,80,40,40,56,3,53,2,1,1
58433901,834,435,399,369,217,152,337,170,167,65,33,32,62,14,48,1,1,0
58434701,1238,615,623,484,265,219,556,278,278,101,59,42,94,11,83,3,2,1
58435501,541,258,283,215,117,98,220,111,109,60,25,35,45,4,41,1,1,0
58436301,1005,499,506,411,235,176,420,208,212,86,38,48,82,14,68,6,4,2
0136760,0,0,0,0,0,0,0,0,0,0,0,0,0,0,0,0,0,0
1263650,0,0,0,0,0,0,0,0,0,0,0,0,0,0,0,0,0,0
58429101,1687,832,855,662,378,284,740,370,370,139,56,83,143,26,117,3,2,1
58429103,3331,1560,1771,1520,799,721,1097,542,555,583,185,398,116,24,92,10,6,4
58429105,24,15,9,8,5,3,8,5,3,6,4,2,2,1,1,0,0,0
58429106,45,24,21,17,13,4,18,8,10,7,1,6,2,1,1,1,1,0
58429107,1660,836,824,545,310,235,877,439,438,124,60,64,110,25,85,4,2,2
58429108,2692,1272,1420,1049,550,499,1058,528,530,380,154,226,196,36,160,7,2,5
58429109,115,107,8,74,70,4,12,10,2,22,22,0,3,1,2,4,4,0
58429110,1430,650,780,527,296,231,465,234,231,210,86,124,226,33,193,2,1,1
58429111,1131,690,441,589,386,203,206,108,98,252,173,79,70,11,59,14,12,2
58429112,2070,997,1073,873,475,398,792,395,397,275,108,167,122,17,105,7,2,5
58429114,45,27,18,20,15,5,19,9,10,5,3,2,1,0,1,0,0,0
58429115,426,216,210,208,119,89,146,72,74,53,23,30,14,1,13,5,1,4
58429116,981,453,528,377,201,176,345,175,170,160,62,98,97,14,83,2,1,1
58429118,1053,526,527,421,255,166,438,216,222,107,41,66,86,14,72,1,0,1
58429119,406,200,206,206,109,97,129,63,66,51,22,29,17,5,12,3,1,2
58429120,1286,615,671,510,279,231,542,268,274,153,51,102,79,17,62,2,0,2
58429122,3077,1431,1646,1273,686,587,1021,509,512,510,177,333,252,49,203,19,8,11
58429123,323,160,163,106,62,44,152,75,77,44,20,24,21,3,18,0,0,0
58429124,65,38,27,16,8,8,26,14,12,20,16,4,2,0,2,1,0,1
58429127,1810,860,950,742,399,343,605,304,301,305,126,179,145,23,122,13,8,5
58429129,599,292,307,225,129,96,269,133,136,45,22,23,58,7,51,2,1,1
58429131,62,19,43,24,12,12,11,1,10,16,6,10,11,0,11,0,0,0
58437101,1626,822,804,704,392,312,686,343,343,146,72,74,89,14,75,1,1,0
58438001,701,356,345,305,175,130,252,124,128,80,43,37,60,12,48,4,2,2
58440101,523,266,257,222,126,96,215,106,109,53,28,25,33,6,27,0,0,0
58441001,452,219,233,204,111,93,168,85,83,48,20,28,31,3,28,1,0,1
58442801,1628,829,799,626,370,256,699,352,347,173,91,82,128,15,113,2,1,1
58443601,279,154,125,107,69,38,106,53,53,38,26,12,26,6,20,0,0,0
58444401,1796,919,877,771,442,329,749,374,375,179,87,92,94,14,80,1,0,1
58445201,1290,629,661,506,283,223,573,285,288,113,51,62,95,7,88,3,3,0
58446101,628,298,330,255,132,123,266,133,133,44,24,20,62,9,53,1,0,1
58447901,480,243,237,204,118,86,194,99,95,42,21,21,39,5,34,1,0,1
58448702,1616,795,821,656,339,317,721,363,358,139,78,61,97,13,84,3,2,1
0499300,0,0,0,0,0,0,0,0,0,0,0,0,0,0,0,0,0,0
0499560,0,0,0,0,0,0,0,0,0,0,0,0,0,0,0,0,0,0
0499640,0,0,0,0,0,0,0,0,0,0,0,0,0,0,0,0,0,0
3399380,0,0,0,0,0,0,0,0,0,0,0,0,0,0,0,0,0,0
3399460,0,0,0,0,0,0,0,0,0,0,0,0,0,0,0,0,0,0
58449501,30,14,16,14,7,7,11,5,6,4,2,2,1,0,1,0,0,0
58449502,791,412,379,346,207,139,306,155,151,95,41,54,41,8,33,2,0,2
58449503,54,34,20,22,14,8,22,14,8,8,5,3,2,1,1,0,0,0
58449504,425,204,221,161,85,76,185,95,90,52,22,30,27,2,25,0,0,0
58449505,1884,892,992,770,413,357,740,367,373,228,85,143,139,24,115,7,3,4
58449506,372,188,184,162,94,68,145,73,72,48,19,29,17,2,15,0,0,0
58449508,47,24,23,24,14,10,18,8,10,4,2,2,1,0,1,0,0,0
58449509,2473,1175,1298,1049,566,483,972,484,488,265,97,168,179,23,156,8,5,3
58452501,681,337,344,290,155,135,227,111,116,92,52,40,68,16,52,4,3,1
55025601,205,101,104,83,44,39,85,44,41,21,7,14,16,6,10,0,0,0
58454101,484,221,263,216,99,117,182,90,92,56,26,30,30,6,24,0,0,0
58455001,219,120,99,95,61,34,88,44,44,20,12,8,15,2,13,1,1,0
58455002,2178,1111,1067,931,553,378,850,425,425,211,99,112,179,31,148,7,3,4
58455003,23,14,9,9,8,1,10,5,5,2,1,1,1,0,1,1,0,1
58456801,1893,936,957,707,408,299,880,441,439,142,62,80,161,23,138,3,2,1
58457601,1787,896,891,681,391,290,789,395,394,168,86,82,141,20,121,6,2,4
58458401,1209,596,613,480,269,211,556,279,277,89,37,52,82,10,72,2,1,1
58458402,22,10,12,7,3,4,12,6,6,1,1,0,2,0,2,0,0,0
58459201,1257,638,619,542,317,225,547,274,273,88,38,50,79,9,70,1,0,1
55528201,435,228,207,191,108,83,186,92,94,38,23,15,19,4,15,1,1,0
55844301,1181,572,609,427,230,197,533,268,265,112,61,51,108,13,95,1,0,1
58462201,3437,1653,1784,1359,743,616,1485,737,748,289,131,158,295,37,258,9,5,4
58463101,1858,908,950,719,378,341,801,403,398,183,98,85,148,27,121,6,2,4
58463102,213,114,99,91,58,33,100,50,50,16,6,10,6,0,6,0,0,0
0943070,0,0,0,0,0,0,0,0,0,0,0,0,0,0,0,0,0,0
0943310,0,0,0,0,0,0,0,0,0,0,0,0,0,0,0,0,0,0
0943400,0,0,0,0,0,0,0,0,0,0,0,0,0,0,0,0,0,0
3399030,0,0,0,0,0,0,0,0,0,0,0,0,0,0,0,0,0,0
58464901,1308,611,697,632,329,303,409,204,205,187,59,128,71,14,57,9,5,4
58464902,329,156,173,157,74,83,142,70,72,22,10,12,7,2,5,1,0,1
58464903,28,14,14,15,8,7,13,6,7,0,0,0,0,0,0,0,0,0
58464905,499,229,270,206,105,101,193,90,103,65,24,41,33,8,25,2,2,0
58464906,597,289,308,220,118,102,264,128,136,67,32,35,43,9,34,3,2,1
58464908,972,469,503,399,221,178,395,197,198,108,42,66,66,7,59,4,2,2
58464909,234,112,122,127,57,70,73,35,38,29,16,13,4,3,1,1,1,0
58464910,733,329,404,330,158,172,253,125,128,97,35,62,49,8,41,4,3,1
58464911,127,50,77,47,22,25,26,15,11,17,7,10,32,4,28,5,2,3
58464912,46,19,27,23,10,13,15,7,8,6,1,5,2,1,1,0,0,0
58464913,392,192,200,139,73,66,190,96,94,36,17,19,27,6,21,0,0,0
58464914,1055,521,534,436,235,201,421,210,211,120,56,64,75,18,57,2,2,0
58464915,1141,572,569,549,312,237,304,150,154,205,88,117,76,17,59,7,5,2
58465701,454,221,233,192,101,91,187,96,91,35,14,21,39,10,29,1,0,1
58466501,2495,1208,1287,990,531,459,1060,530,530,247,113,134,195,32,163,3,2,1
58467301,1400,708,692,563,329,234,609,306,303,122,57,65,104,15,89,2,1,1
58468101,473,250,223,194,120,74,198,100,98,46,23,23,31,5,26,4,2,2
58470301,707,350,357,305,170,135,286,142,144,71,30,41,44,7,37,1,1,0
58471101,731,373,358,309,175,134,323,163,160,51,25,26,47,9,38,1,1,0
58471102,29,14,15,13,6,7,10,5,5,4,1,3,2,2,0,0,0,0
58474601,1249,618,631,541,296,245,505,261,244,122,49,73,74,9,65,7,3,4
58475401,343,170,173,151,83,68,126,64,62,43,21,22,23,2,21,0,0,0
58477101,583,287,296,244,131,113,222,114,108,71,33,38,43,7,36,3,2,1
58478901,772,392,380,316,177,139,343,170,173,66,32,34,45,12,33,2,1,1
58479701,2887,1441,1446,1179,663,516,1184,592,592,298,149,149,218,33,185,8,4,4
58481901,973,476,497,416,222,194,402,199,203,84,43,41,69,10,59,2,2,0
58483501,123,66,57,54,32,22,49,25,24,12,7,5,8,2,6,0,0,0
58483502,623,315,308,275,159,116,209,106,103,92,43,49,46,7,39,1,0,1
58485101,126,61,65,51,28,23,41,21,20,18,10,8,16,2,14,0,0,0
58485102,614,309,305,247,145,102,232,114,118,76,38,38,58,12,46,1,0,1
58486001,26,13,13,12,4,8,11,6,5,3,3,0,0,0,0,0,0,0
58486002,2077,1054,1023,796,470,326,937,470,467,195,92,103,147,21,126,2,1,1
58487801,109,55,54,43,29,14,41,21,20,13,4,9,12,1,11,0,0,0
58487802,684,353,331,291,167,124,277,138,139,60,33,27,46,10,36,6,3,3
58489401,888,433,455,356,192,164,399,198,201,65,32,33,67,11,56,0,0,0
58490801,876,464,412,398,235,163,338,173,165,90,45,45,48,10,38,2,1,1
58491601,780,391,389,313,173,140,336,168,168,69,36,33,61,14,47,1,0,1
58492401,1483,730,753,606,344,262,591,298,293,149,75,74,135,11,124,2,2,0
58493201,2061,1046,1015,850,483,367,983,489,494,113,58,55,114,16,98,1,0,1
58494101,2019,1009,1010,810,462,348,867,439,428,174,80,94,162,25,137,4,1,3
58495901,1020,505,515,417,227,190,451,227,224,83,36,47,66,13,53,3,2,1
58496701,1073,526,547,412,217,195,498,249,249,83,45,38,79,15,64,1,0,1
58497501,172,92,80,83,47,36,64,32,32,16,10,6,8,2,6,1,1,0
58497502,3353,1627,1726,1321,737,584,1312,651,661,396,172,224,293,47,246,31,20,11
58498301,28,16,12,10,6,4,11,5,6,6,5,1,1,0,1,0,0,0
58498302,3749,1826,1923,1469,806,663,1733,867,866,248,111,137,294,40,254,5,2,3
58499101,493,239,254,212,112,100,204,101,103,41,21,20,36,5,31,0,0,0
58500901,1724,871,853,684,400,284,794,397,397,114,51,63,129,20,109,3,3,0
58500902,24,10,14,10,4,6,12,6,6,1,0,1,1,0,1,0,0,0
58501701,3070,1511,1559,1241,701,540,1275,638,637,320,130,190,231,42,189,1,0,1
58504101,1043,527,516,398,235,163,491,248,243,73,32,41,80,11,69,1,1,0
58505001,1454,727,727,629,358,271,564,281,283,160,74,86,100,14,86,1,0,1
58603001,842,428,414,314,180,134,397,201,196,76,38,38,52,9,43,3,0,3
58604801,1865,926,939,645,385,260,886,443,443,170,75,95,158,20,138,6,3,3
58605601,397,212,185,145,93,52,190,96,94,31,16,15,31,7,24,0,0,0
58607201,665,330,335,241,137,104,303,154,149,56,29,27,64,10,54,1,0,1
3139390,0,0,0,0,0,0,0,0,0,0,0,0,0,0,0,0,0,0
58608101,80,37,43,33,16,17,27,13,14,16,8,8,4,0,4,0,0,0
58608103,225,119,106,96,59,37,83,43,40,37,14,23,9,3,6,0,0,0
58608104,1385,699,686,570,329,241,546,275,271,151,78,73,115,15,100,3,2,1
58608105,1088,509,579,409,224,185,463,228,235,121,46,75,87,6,81,8,5,3
58608106,1422,700,722,576,313,263,605,303,302,151,70,81,83,11,72,7,3,4
58608108,94,43,51,42,20,22,34,17,17,9,5,4,9,1,8,0,0,0
58609901,1181,601,580,441,260,181,541,273,268,110,58,52,87,10,77,2,0,2
58610201,2310,1150,1160,876,514,362,1079,542,537,142,75,67,209,18,191,4,1,3
58611101,385,186,199,144,83,61,164,83,81,39,18,21,38,2,36,0,0,0
58611102,24,15,9,6,4,2,9,4,5,6,6,0,3,1,2,0,0,0
58612901,1414,705,709,603,338,265,624,308,316,101,49,52,85,10,75,1,0,1
58613701,2897,1467,1430,1185,685,500,1327,661,666,182,87,95,198,31,167,5,3,2
58614501,988,489,499,400,226,174,420,208,212,90,42,48,77,13,64,1,0,1
58615301,251,124,127,103,53,50,97,48,49,35,20,15,15,2,13,1,1,0
58616101,218,120,98,98,66,32,71,35,36,36,17,19,12,1,11,1,1,0
58616103,2144,1064,1080,825,476,349,960,479,481,200,83,117,159,26,133,0,0,0
58616104,3578,1762,1816,1446,820,626,1420,714,706,426,182,244,281,44,237,5,2,3
58616105,77,38,39,28,15,13,28,13,15,12,6,6,9,4,5,0,0,0
0405170,0,0,0,0,0,0,0,0,0,0,0,0,0,0,0,0,0,0
0405410,0,0,0,0,0,0,0,0,0,0,0,0,0,0,0,0,0,0
3399110,0,0,0,0,0,0,0,0,0,0,0,0,0,0,0,0,0,0
58602101,1809,867,942,790,435,355,583,293,290,273,110,163,150,21,129,10,6,4
58602102,6585,3130,3455,2746,1455,1291,2505,1247,1258,991,360,631,330,63,267,11,4,7
58602103,2151,974,1177,766,404,362,776,389,387,400,148,252,201,31,170,7,2,5
58602104,1573,743,830,595,319,276,569,282,287,265,115,150,138,26,112,6,1,5
58602105,1901,1026,875,881,523,358,529,265,264,362,206,156,119,24,95,7,5,2
58602106,193,107,86,80,49,31,77,42,35,28,15,13,8,1,7,0,0,0
58602107,131,60,71,72,35,37,31,16,15,16,7,9,11,1,10,1,1,0
58602108,93,47,46,37,24,13,39,20,19,10,3,7,7,0,7,0,0,0
58602109,4318,2068,2250,1743,974,769,1428,713,715,710,304,406,413,62,351,20,13,7
58602110,591,271,320,219,107,112,252,125,127,66,27,39,50,8,42,2,2,0
58602111,56,50,6,14,12,2,31,30,1,8,5,3,0,0,0,3,3,0
58602112,2665,1305,1360,1093,607,486,1016,512,504,359,156,203,191,26,165,4,4,0
58602114,123,65,58,60,34,26,51,26,25,8,4,4,4,1,3,0,0,0
58602115,33,19,14,10,7,3,15,9,6,5,3,2,3,0,3,0,0,0
58602118,1878,868,1010,771,406,365,663,328,335,243,97,146,197,36,161,4,1,3
58617001,2124,1020,1104,812,459,353,945,468,477,148,66,82,214,24,190,5,3,2
58618801,1129,568,561,411,240,171,539,270,269,85,44,41,92,12,80,2,2,0
58619601,539,257,282,214,112,102,236,119,117,35,18,17,52,7,45,2,1,1
58619602,30,14,16,7,4,3,19,9,10,4,1,3,0,0,0,0,0,0
58620001,383,187,196,161,85,76,154,77,77,38,19,19,30,6,24,0,0,0
58621801,25,12,13,9,5,4,15,7,8,0,0,0,1,0,1,0,0,0
58621802,627,316,311,234,141,93,287,144,143,45,21,24,61,10,51,0,0,0
58622601,659,332,327,267,156,111,301,150,151,49,20,29,41,6,35,1,0,1
58623401,429,231,198,177,113,64,190,96,94,31,16,15,24,4,20,7,2,5
58624201,197,97,100,74,41,33,95,47,48,10,6,4,18,3,15,0,0,0
58625101,29,14,15,16,9,7,8,4,4,3,1,2,2,0,2,0,0,0
58625102,196,98,98,70,42,28,100,51,49,11,4,7,15,1,14,0,0,0
58626901,1036,521,515,367,220,147,509,255,254,60,30,30,97,15,82,1,1,0
58627701,861,451,410,345,213,132,385,192,193,78,38,40,53,8,45,0,0,0
58628501,507,252,255,201,111,90,248,124,124,37,14,23,21,3,18,0,0,0
58629301,386,201,185,153,91,62,181,89,92,24,17,7,28,4,24,0,0,0
0784760,0,0,0,0,0,0,0,0,0,0,0,0,0,0,0,0,0,0
0784920,0,0,0,0,0,0,0,0,0,0,0,0,0,0,0,0,0,0
0785310,0,0,0,0,0,0,0,0,0,0,0,0,0,0,0,0,0,0
58630701,645,346,299,273,174,99,251,124,127,63,34,29,56,12,44,2,2,0
58630702,1737,862,875,640,356,284,843,423,420,117,61,56,136,21,115,1,1,0
58630703,716,354,362,286,162,124,318,157,161,72,29,43,40,6,34,0,0,0
58630706,1870,939,931,828,465,363,620,311,309,296,139,157,119,19,100,5,3,2
58630707,88,52,36,37,24,13,22,11,11,22,14,8,7,3,4,0,0,0
58630708,1872,849,1023,732,379,353,693,344,349,252,94,158,187,28,159,6,4,2
58630709,1017,487,530,390,220,170,407,199,208,131,51,80,87,16,71,2,1,1
58630710,991,445,546,379,202,177,349,173,176,137,55,82,123,14,109,3,1,2
58630711,501,291,210,296,232,64,60,27,33,52,18,34,90,12,78,3,2,1
58630712,1565,723,842,601,316,285,593,297,296,241,94,147,127,15,112,3,1,2
58631501,149,75,74,56,31,25,61,30,31,19,12,7,12,2,10,1,0,1
58632301,1362,677,685,520,297,223,626,315,311,104,51,53,111,13,98,1,1,0
58633101,877,457,420,335,207,128,408,206,202,63,28,35,70,16,54,1,0,1
58634001,811,400,411,326,175,151,372,185,187,58,33,25,54,7,47,1,0,1
58635801,2804,1386,1418,1050,587,463,1235,624,611,287,138,149,217,33,184,12,3,9
58636601,150,81,69,55,37,18,77,38,39,8,4,4,10,2,8,0,0,0
58637401,974,488,486,414,228,186,439,221,218,67,29,38,50,8,42,4,2,2
58637402,921,446,475,340,176,164,436,217,219,79,41,38,60,9,51,5,3,2
58638201,1771,895,876,693,395,298,803,403,400,137,70,67,136,26,110,2,1,1
58639101,76,37,39,26,14,12,34,16,18,11,7,4,5,0,5,0,0,0
58639102,631,335,296,251,162,89,286,142,144,42,19,23,51,11,40,1,1,0
58640401,1736,830,906,714,376,338,742,370,372,134,60,74,146,24,122,0,0,0
58640402,217,118,99,93,59,34,80,42,38,29,14,15,15,3,12,0,0,0
59335402,301,153,148,122,69,53,128,66,62,28,13,15,22,5,17,1,0,1
58641201,3529,1789,1740,1424,828,596,1618,807,811,246,113,133,236,39,197,4,2,2
58642101,842,423,419,340,196,144,358,180,178,77,38,39,66,8,58,1,1,0
58643901,323,159,164,137,80,57,129,64,65,29,12,17,28,3,25,0,0,0
58644701,471,228,243,208,111,97,183,91,92,45,17,28,35,9,26,0,0,0
58645501,20,11,9,5,4,1,10,5,5,1,1,0,4,1,3,0,0,0
58645502,443,243,200,195,128,67,169,86,83,41,17,24,37,11,26,1,1,0
58645503,49,22,27,20,9,11,24,12,12,4,1,3,1,0,1,0,0,0
58645504,75,37,38,36,19,17,26,13,13,7,5,2,6,0,6,0,0,0
58645505,24,12,12,9,3,6,11,6,5,2,2,0,2,1,1,0,0,0
58646301,228,114,114,88,54,34,98,50,48,23,8,15,18,1,17,1,1,0
58647101,222,105,117,93,51,42,82,41,41,27,12,15,20,1,19,0,0,0
58648001,1272,630,642,515,284,231,547,273,274,104,56,48,102,15,87,4,2,2
58649801,2105,1046,1059,847,480,367,913,456,457,197,94,103,145,15,130,2,1,1
58650101,826,426,400,310,180,130,386,194,192,66,38,28,59,9,50,5,5,0
58651001,3666,1792,1874,1387,787,600,1638,816,822,302,140,162,331,44,287,5,3,2
58651002,101,48,53,40,23,17,30,16,14,20,7,13,10,1,9,1,1,0
58652801,166,80,86,52,32,20,77,39,38,19,7,12,18,2,16,0,0,0
58652802,125,63,62,46,26,20,49,25,24,21,9,12,9,3,6,0,0,0
58652803,2392,1203,1189,888,497,391,1043,523,520,273,138,135,177,39,138,8,3,5
58652804,592,296,296,238,134,104,273,139,134,51,20,31,29,3,26,1,0,1
58653601,134,70,64,48,30,18,55,28,27,14,6,8,17,6,11,0,0,0
58654401,483,243,240,191,109,82,217,109,108,39,19,20,36,6,30,0,0,0
58655201,788,383,405,280,163,117,356,177,179,73,34,39,78,9,69,1,0,1
58656101,931,468,463,368,200,168,407,203,204,87,44,43,66,19,47,3,2,1
58657901,352,177,175,145,83,62,143,72,71,34,19,15,28,2,26,2,1,1
3140810,0,0,0,0,0,0,0,0,0,0,0,0,0,0,0,0,0,0
3400060,0,0,0,0,0,0,0,0,0,0,0,0,0,0,0,0,0,0
58658702,127,73,54,58,37,21,60,30,30,7,4,3,2,2,0,0,0,0
58658703,23,13,10,5,3,2,12,6,6,5,3,2,1,1,0,0,0,0
58658704,2539,1206,1333,987,558,429,946,467,479,347,140,207,254,39,215,5,2,3
58658705,1477,734,743,544,313,231,727,361,366,91,43,48,113,15,98,2,2,0
58658706,60,30,30,21,12,9,31,16,15,5,2,3,3,0,3,0,0,0
58658707,1086,543,543,412,237,175,518,258,260,68,33,35,85,14,71,3,1,2
58658709,29,13,16,10,4,6,15,7,8,2,2,0,2,0,2,0,0,0
58659501,584,305,279,222,133,89,258,131,127,56,28,28,46,13,33,2,0,2
58660901,1199,582,617,470,258,212,555,276,279,83,34,49,89,13,76,2,1,1
58661701,369,186,183,146,86,60,155,77,78,30,15,15,37,8,29,1,0,1
58661702,103,49,54,43,21,22,41,21,20,10,6,4,9,1,8,0,0,0
58662501,1492,747,745,614,354,260,626,315,311,133,61,72,117,17,100,2,0,2
58662502,1902,964,938,745,441,304,805,407,398,190,93,97,159,20,139,3,3,0
58663301,341,181,160,129,84,45,155,78,77,24,11,13,32,7,25,1,1,0
58664101,2096,1033,1063,840,471,369,895,447,448,183,88,95,170,23,147,8,4,4
58665001,524,256,268,211,115,96,246,122,124,34,12,22,32,7,25,1,0,1
58666801,866,418,448,350,183,167,388,188,200,53,26,27,73,20,53,2,1,1
58667601,372,183,189,153,84,69,137,68,69,46,24,22,35,6,29,1,1,0
58668401,47,26,21,9,6,3,27,15,12,9,5,4,2,0,2,0,0,0
58668402,834,414,420,342,198,144,362,183,179,63,28,35,66,5,61,1,0,1
58669201,736,359,377,296,164,132,328,162,166,55,26,29,55,7,48,0,0,0
58670601,2087,1050,1037,853,487,366,916,458,458,163,77,86,150,27,123,3,1,2
58671401,2732,1354,1378,1102,622,480,1159,583,576,244,113,131,219,34,185,8,2,6
1807000,0,0,0,0,0,0,0,0,0,0,0,0,0,0,0,0,0,0
3217450,0,0,0,0,0,0,0,0,0,0,0,0,0,0,0,0,0,0
3217530,0,0,0,0,0,0,0,0,0,0,0,0,0,0,0,0,0,0
58672203,730,364,366,282,162,120,328,163,165,71,29,42,48,9,39,1,1,0
58672204,803,408,395,296,181,115,380,189,191,52,22,30,73,14,59,2,2,0
58672206,27,15,12,12,8,4,10,5,5,4,2,2,1,0,1,0,0,0
58672207,87,40,47,40,18,22,41,20,21,5,2,3,1,0,1,0,0,0
58672208,521,252,269,209,118,91,167,82,85,91,42,49,49,7,42,4,3,1
58672209,2535,1171,1364,1023,556,467,871,430,441,398,147,251,235,34,201,8,4,4
58672210,3655,1775,1880,1358,752,606,1664,833,831,359,144,215,264,39,225,10,7,3
58672211,1767,878,889,715,416,299,611,300,311,267,131,136,169,29,140,5,2,3
58672212,230,110,120,96,51,45,90,45,45,31,12,19,13,2,11,0,0,0
58673101,470,245,225,197,120,77,209,104,105,29,16,13,34,5,29,0,0,0
58674901,997,503,494,387,217,170,446,224,222,90,44,46,68,14,54,6,4,2
58675701,783,382,401,303,158,145,386,193,193,33,18,15,60,13,47,1,0,1
58675702,2036,998,1038,790,449,341,954,477,477,130,52,78,156,19,137,6,1,5
58676501,4399,2149,2250,1797,1003,794,1838,917,921,432,184,248,321,39,282,11,6,5
58677301,566,288,278,195,108,87,265,134,131,69,38,31,36,7,29,1,1,0
58678101,702,368,334,276,169,107,306,156,150,59,33,26,61,10,51,0,0,0
58679001,55,25,30,27,15,12,18,8,10,5,2,3,5,0,5,0,0,0
58679002,27,16,11,6,6,0,14,7,7,4,3,1,2,0,2,1,0,1
58679003,993,492,501,399,217,182,469,235,234,60,28,32,62,11,51,3,1,2
58680301,2455,1229,1226,980,574,406,1030,515,515,245,102,143,193,36,157,5,1,4
58681101,482,234,248,166,87,79,245,123,122,35,19,16,36,5,31,0,0,0
58682001,924,453,471,331,188,143,426,214,212,95,43,52,71,8,63,1,0,1
58683801,176,90,86,65,37,28,80,41,39,18,9,9,12,2,10,1,1,0
59289701,236,113,123,93,53,40,99,51,48,21,7,14,23,2,21,0,0,0
59290101,506,248,258,216,117,99,204,102,102,50,22,28,34,6,28,2,1,1
59290102,192,101,91,72,43,29,85,43,42,20,12,8,15,3,12,0,0,0
59290103,147,71,76,55,28,27,70,35,35,17,6,11,5,2,3,0,0,0
59291901,1239,617,622,518,284,234,548,274,274,103,50,53,69,9,60,1,0,1
59292701,877,435,442,358,204,154,391,192,199,67,26,41,60,12,48,1,1,0
0141250,0,0,0,0,0,0,0,0,0,0,0,0,0,0,0,0,0,0
3299410,0,0,0,0,0,0,0,0,0,0,0,0,0,0,0,0,0,0
3918670,0,0,0,0,0,0,0,0,0,0,0,0,0,0,0,0,0,0
3918750,0,0,0,0,0,0,0,0,0,0,0,0,0,0,0,0,0,0
3918830,0,0,0,0,0,0,0,0,0,0,0,0,0,0,0,0,0,0
3918910,0,0,0,0,0,0,0,0,0,0,0,0,0,0,0,0,0,0
3919050,0,0,0,0,0,0,0,0,0,0,0,0,0,0,0,0,0,0
3148110,0,0,0,0,0,0,0,0,0,0,0,0,0,0,0,0,0,0
3399620,0,0,0,0,0,0,0,0,0,0,0,0,0,0,0,0,0,0
3399710,0,0,0,0,0,0,0,0,0,0,0,0,0,0,0,0,0,0
3399890,0,0,0,0,0,0,0,0,0,0,0,0,0,0,0,0,0,0
59294301,758,380,378,325,172,153,307,154,153,82,45,37,43,8,35,1,1,0
59294302,359,185,174,159,93,66,145,72,73,36,19,17,16,0,16,1,1,0
59294303,549,268,281,218,117,101,254,128,126,45,17,28,29,3,26,2,2,0
59294304,372,193,179,146,84,62,179,91,88,25,12,13,21,5,16,1,1,0
59294305,684,318,366,269,148,121,253,124,129,87,35,52,74,10,64,1,1,0
59294306,858,428,430,347,204,143,357,176,181,97,41,56,56,7,49,1,0,1
59294307,140,69,71,69,39,30,48,24,24,14,5,9,9,1,8,0,0,0
59294308,1856,930,926,817,478,339,618,308,310,271,120,151,147,21,126,3,3,0
59294309,431,207,224,195,106,89,170,84,86,44,15,29,21,2,19,1,0,1
59294310,437,217,220,186,96,90,196,99,97,26,17,9,28,5,23,1,0,1
59297801,283,143,140,133,74,59,103,52,51,26,15,11,20,1,19,1,1,0
59298601,231,115,116,98,47,51,95,47,48,25,16,9,13,5,8,0,0,0
59299401,937,457,480,373,201,172,424,213,211,69,36,33,71,7,64,0,0,0
59300101,2382,1194,1188,944,545,399,1034,513,521,215,102,113,186,33,153,3,1,2
59301001,619,301,318,286,153,133,239,118,121,59,26,33,34,3,31,1,1,0
59302802,932,479,453,391,215,176,374,193,181,102,62,40,63,8,55,2,1,1
55021302,850,424,426,366,198,168,379,191,188,54,30,24,49,4,45,2,1,1
59303601,444,220,224,194,109,85,177,90,87,36,14,22,36,7,29,1,0,1
59303602,48,22,26,19,9,10,24,12,12,3,1,2,2,0,2,0,0,0
59304401,1044,493,551,438,231,207,445,221,224,71,29,42,86,10,76,4,2,2
55082501,311,156,155,142,77,65,126,62,64,20,10,10,22,6,16,1,1,0
55082502,1046,535,511,476,261,215,428,213,215,91,44,47,42,10,32,9,7,2
55082503,176,89,87,71,42,29,82,41,41,11,3,8,12,3,9,0,0,0
59305201,828,413,415,338,185,153,348,173,175,77,39,38,63,14,49,2,2,0
59306101,370,193,177,146,86,60,163,83,80,37,18,19,24,6,18,0,0,0
59306102,249,127,122,115,62,53,99,50,49,26,13,13,7,2,5,0,0,0
59307901,777,380,397,337,176,161,342,174,168,52,24,28,43,4,39,3,2,1
59308701,524,255,269,209,125,84,168,85,83,66,33,33,79,12,67,2,0,2
59308703,79,38,41,27,17,10,28,15,13,10,6,4,14,0,14,0,0,0
59309501,257,132,125,100,59,41,104,53,51,28,16,12,25,4,21,0,0,0
59311701,509,256,253,188,109,79,189,94,95,57,38,19,71,14,57,4,1,3
59311702,2388,1155,1233,999,543,456,887,446,441,285,136,149,214,28,186,3,2,1
59312502,376,187,189,136,78,58,167,84,83,39,22,17,34,3,31,0,0,0
59314101,712,360,352,303,167,136,312,155,157,60,31,29,37,7,30,0,0,0
59315001,261,138,123,132,77,55,89,45,44,24,12,12,16,4,12,0,0,0
59315002,101,51,50,39,21,18,43,22,21,16,7,9,3,1,2,0,0,0
59316801,722,364,358,315,182,133,288,141,147,68,32,36,50,9,41,1,0,1
55010801,357,190,167,162,98,64,147,71,76,26,15,11,21,5,16,1,1,0
59318401,112,61,51,44,28,16,37,19,18,19,12,7,12,2,10,0,0,0
3207650,0,0,0,0,0,0,0,0,0,0,0,0,0,0,0,0,0,0
59319201,383,189,194,146,78,68,190,94,96,21,13,8,26,4,22,0,0,0
59321401,1905,967,938,792,464,328,836,419,417,151,65,86,123,16,107,3,3,0
59322201,795,403,392,339,187,152,342,173,169,68,37,31,43,5,38,3,1,2
59323101,140,69,71,56,31,25,65,33,32,11,4,7,8,1,7,0,0,0
59324901,458,220,238,204,106,98,192,95,97,32,12,20,28,5,23,2,2,0
59325701,1313,643,670,517,285,232,596,295,301,103,52,51,97,11,86,0,0,0
59326501,722,360,362,316,176,140,310,156,154,49,22,27,46,5,41,1,1,0
59327301,948,480,468,395,216,179,401,202,199,99,49,50,51,12,39,1,1,0
59328101,280,148,132,122,69,53,109,53,56,35,23,12,13,3,10,1,0,1
59329001,130,73,57,56,38,18,47,26,21,14,7,7,13,2,11,0,0,0
55014101,355,166,189,149,75,74,142,70,72,40,18,22,22,1,21,0,0,0
59332001,684,354,330,296,176,120,267,132,135,62,35,27,59,11,48,0,0,0
59333801,21,10,11,15,6,9,4,2,2,2,2,0,0,0,0,0,0,0
59333802,319,165,154,132,82,50,141,71,70,24,10,14,21,1,20,1,1,0
59334601,552,278,274,222,131,91,225,112,113,47,25,22,55,8,47,2,1,1
55704801,462,235,227,194,106,88,200,100,100,35,20,15,30,7,23,3,2,1
59337101,800,398,402,338,192,146,332,164,168,67,31,36,62,11,51,1,0,1
59338901,302,151,151,135,72,63,112,57,55,31,19,12,23,2,21,1,1,0
59339701,737,375,362,300,168,132,339,172,167,53,30,23,42,4,38,3,1,2
59340101,401,210,191,160,96,64,148,73,75,60,32,28,27,8,19,2,1,1
59341901,333,170,163,127,73,54,157,80,77,27,13,14,21,3,18,1,1,0
59341902,298,155,143,119,68,51,120,60,60,30,19,11,28,7,21,1,1,0
59341903,164,88,76,72,47,25,64,32,32,12,7,5,15,1,14,1,1,0
59341904,256,133,123,96,63,33,107,51,56,27,14,13,26,5,21,0,0,0
59342701,35,21,14,15,11,4,16,8,8,2,1,1,2,1,1,0,0,0
59342702,373,186,187,146,79,67,179,89,90,23,11,12,23,6,17,2,1,1
59343501,750,368,382,315,171,144,302,150,152,81,38,43,52,9,43,0,0,0
59344301,43,25,18,17,10,7,18,10,8,8,5,3,0,0,0,0,0,0
59344302,57,29,28,25,15,10,16,8,8,8,4,4,8,2,6,0,0,0
55013201,581,305,276,242,133,109,258,129,129,52,33,19,26,9,17,3,1,2
55013202,54,28,26,17,9,8,32,17,15,2,1,1,3,1,2,0,0,0
59346001,333,171,162,143,84,59,135,67,68,27,15,12,27,4,23,1,1,0
59347801,1567,799,768,674,384,290,671,337,334,136,61,75,81,13,68,4,3,1
55079501,239,116,123,105,61,44,90,45,45,23,8,15,21,2,19,0,0,0
3303610,0,0,0,0,0,0,0,0,0,0,0,0,0,0,0,0,0,0
59348601,169,88,81,69,41,28,74,37,37,13,7,6,13,3,10,0,0,0
55017501,421,207,214,171,91,80,192,96,96,31,17,14,25,2,23,2,1,1
59349401,71,36,35,29,15,14,28,13,15,9,7,2,4,0,4,1,1,0
59349402,561,294,267,237,141,96,221,110,111,59,34,25,44,9,35,0,0,0
59350801,771,386,385,328,183,145,351,176,175,48,19,29,43,7,36,1,1,0
59350802,1049,522,527,471,257,214,442,222,220,84,36,48,50,7,43,2,0,2
59351601,552,286,266,216,125,91,251,123,128,54,30,24,29,7,22,2,1,1
59351602,683,345,338,279,156,123,297,148,149,66,33,33,37,5,32,3,3,0
59352401,311,163,148,121,75,46,140,70,70,33,14,19,17,4,13,0,0,0
59352402,94,51,43,33,21,12,48,24,24,10,5,5,3,1,2,0,0,0
59353201,679,353,326,317,188,129,276,139,137,47,18,29,38,7,31,1,1,0
55489801,364,183,181,154,81,73,149,74,75,45,26,19,16,2,14,0,0,0
55489802,163,82,81,71,38,33,62,32,30,19,11,8,10,1,9,1,0,1
3148710,0,0,0,0,0,0,0,0,0,0,0,0,0,0,0,0,0,0
3148890,0,0,0,0,0,0,0,0,0,0,0,0,0,0,0,0,0,0
3149010,0,0,0,0,0,0,0,0,0,0,0,0,0,0,0,0,0,0
3149190,0,0,0,0,0,0,0,0,0,0,0,0,0,0,0,0,0,0
59355901,430,207,223,198,101,97,180,88,92,32,15,17,20,3,17,0,0,0
59355902,303,152,151,130,70,60,127,64,63,28,13,15,16,4,12,2,1,1
59355903,744,358,386,323,172,151,314,156,158,60,24,36,47,6,41,0,0,0
59355904,671,330,341,280,150,130,293,147,146,61,27,34,37,6,31,0,0,0
59355905,42,27,15,20,12,8,9,6,3,11,8,3,0,0,0,2,1,1
59355906,138,68,70,36,20,16,81,41,40,8,4,4,13,3,10,0,0,0
59355907,503,239,264,215,106,109,206,102,104,52,25,27,30,6,24,0,0,0
59355908,319,154,165,122,63,59,147,75,72,32,15,17,18,1,17,0,0,0
59355909,389,186,203,160,85,75,152,75,77,37,19,18,39,6,33,1,1,0
59355910,1014,478,536,459,247,212,325,162,163,152,54,98,73,12,61,5,3,2
59355911,424,224,200,190,107,83,127,64,63,65,42,23,37,11,26,0,0,0
59355912,740,367,373,328,177,151,305,152,153,63,29,34,43,8,35,1,1,0
59356701,604,312,292,248,149,99,242,121,121,67,36,31,47,6,41,0,0,0
55397201,128,65,63,54,27,27,47,25,22,16,10,6,9,1,8,2,2,0
55397202,138,72,66,47,28,19,66,33,33,17,10,7,8,1,7,0,0,0
3045220,0,0,0,0,0,0,0,0,0,0,0,0,0,0,0,0,0,0
3045730,0,0,0,0,0,0,0,0,0,0,0,0,0,0,0,0,0,0
3045900,0,0,0,0,0,0,0,0,0,0,0,0,0,0,0,0,0,0
3046380,0,0,0,0,0,0,0,0,0,0,0,0,0,0,0,0,0,0
3046460,0,0,0,0,0,0,0,0,0,0,0,0,0,0,0,0,0,0
59358301,872,413,459,368,187,181,364,177,187,78,37,41,58,10,48,4,2,2
59358302,1816,873,943,720,398,322,739,367,372,198,79,119,156,26,130,1,1,0
59358303,64,34,30,33,17,16,22,11,11,9,6,3,0,0,0,0,0,0
59358304,621,297,324,304,150,154,213,109,104,62,29,33,39,8,31,3,1,2
59358305,21,11,10,12,6,6,6,3,3,1,1,0,1,0,1,0,0,0
59358306,882,424,458,352,179,173,429,217,212,51,22,29,50,6,44,0,0,0
59358307,1098,551,547,496,279,217,393,196,197,131,59,72,76,15,61,2,2,0
59358308,1181,566,615,525,284,241,432,212,220,154,52,102,67,18,49,3,0,3
59358309,518,241,277,305,145,160,158,77,81,43,18,25,5,0,5,4,1,3
59359101,317,158,159,127,72,55,128,65,63,30,18,12,32,3,29,0,0,0
59360501,61,35,26,22,14,8,31,16,15,4,2,2,4,3,1,0,0,0
59360502,400,197,203,139,79,60,188,94,94,34,15,19,36,8,28,3,1,2
59361301,1043,503,540,456,248,208,424,212,212,97,35,62,64,7,57,2,1,1
59362101,991,499,492,420,234,186,438,220,218,75,33,42,57,11,46,1,1,0
59363001,342,168,174,156,86,70,140,67,73,23,10,13,23,5,18,0,0,0
59364801,573,295,278,238,141,97,243,123,120,43,22,21,48,9,39,1,0,1
55019101,242,125,117,92,55,37,99,49,50,29,18,11,21,2,19,0,0,0
59365601,432,226,206,162,95,67,192,98,94,49,28,21,28,5,23,1,0,1
59366401,741,371,370,311,166,145,313,158,155,65,37,28,50,9,41,2,1,1
59368101,1211,622,589,517,298,219,538,265,273,97,50,47,58,9,49,1,0,1
1886110,0,0,0,0,0,0,0,0,0,0,0,0,0,0,0,0,0,0
1886200,0,0,0,0,0,0,0,0,0,0,0,0,0,0,0,0,0,0
1886380,0,0,0,0,0,0,0,0,0,0,0,0,0,0,0,0,0,0
1886710,0,0,0,0,0,0,0,0,0,0,0,0,0,0,0,0,0,0
1887600,0,0,0,0,0,0,0,0,0,0,0,0,0,0,0,0,0,0
1887860,0,0,0,0,0,0,0,0,0,0,0,0,0,0,0,0,0,0
1888080,0,0,0,0,0,0,0,0,0,0,0,0,0,0,0,0,0,0
3404300,0,0,0,0,0,0,0,0,0,0,0,0,0,0,0,0,0,0
59288901,380,181,199,155,80,75,169,84,85,33,15,18,22,1,21,1,1,0
59288904,368,177,191,131,69,62,171,85,86,39,20,19,26,3,23,1,0,1
59288905,35,16,19,14,7,7,18,8,10,3,1,2,0,0,0,0,0,0
59288906,576,286,290,249,139,110,241,120,121,52,23,29,33,3,30,1,1,0
59288907,338,165,173,140,74,66,146,75,71,29,12,17,23,4,19,0,0,0
59288909,1383,671,712,515,274,241,634,317,317,133,66,67,97,12,85,4,2,2
59288910,551,250,301,235,111,124,197,98,99,81,30,51,37,10,27,1,1,0
59288911,2019,970,1049,772,415,357,835,416,419,316,111,205,88,23,65,8,5,3
59288912,88,37,51,36,16,20,40,19,21,5,0,5,7,2,5,0,0,0
59288913,1709,791,918,733,391,342,586,291,295,260,84,176,123,21,102,5,4,1
59288914,1301,661,640,528,307,221,553,274,279,124,62,62,91,16,75,4,2,2
59288915,367,184,183,153,80,73,157,79,78,34,19,15,23,6,17,0,0,0
59288916,584,284,300,197,111,86,267,133,134,63,30,33,53,9,44,2,1,1
59288917,424,141,283,77,35,42,97,51,46,76,33,43,170,22,148,4,0,4
59288918,736,343,393,272,156,116,288,145,143,102,32,70,73,9,64,1,1,0
59288919,1111,561,550,434,249,185,521,262,259,85,38,47,68,11,57,3,1,2
59288920,558,289,269,259,158,101,193,94,99,60,25,35,44,10,34,0,0,0
59288921,681,396,285,367,228,139,159,84,75,126,79,47,27,4,23,2,1,1
59288922,389,192,197,154,83,71,173,86,87,40,17,23,22,6,16,0,0,0
59288923,150,87,63,73,43,30,41,26,15,30,16,14,4,0,4,2,2,0
59288924,172,83,89,75,44,31,59,29,30,25,7,18,10,1,9,3,2,1
59288925,65,36,29,33,20,13,13,7,6,15,8,7,4,1,3,0,0,0
59288926,182,103,79,46,32,14,105,62,43,22,8,14,7,1,6,2,0,2
59288927,4411,2072,2339,1829,983,846,1684,837,847,585,202,383,298,38,260,14,11,3
59288928,1445,661,784,571,298,273,525,261,264,216,79,137,129,21,108,4,2,2
59288929,281,129,152,103,52,51,121,60,61,28,9,19,29,8,21,0,0,0
59369901,720,359,361,320,174,146,301,149,152,63,27,36,32,7,25,2,0,2
59370201,297,149,148,116,65,51,133,68,65,26,11,15,21,5,16,1,0,1
59372901,286,144,142,122,70,52,102,51,51,41,20,21,20,2,18,1,1,0
59373701,173,91,82,60,40,20,79,40,39,14,8,6,19,2,17,1,1,0
59373702,82,47,35,37,24,13,38,20,18,3,2,1,4,1,3,0,0,0
59373703,101,52,49,44,26,18,44,24,20,4,1,3,9,1,8,0,0,0
59374501,207,107,100,86,52,34,95,48,47,16,7,9,10,0,10,0,0,0
59375301,100,48,52,32,19,13,52,27,25,7,2,5,9,0,9,0,0,0
59375302,38,23,15,16,12,4,17,9,8,1,1,0,4,1,3,0,0,0
59376101,76,41,35,28,14,14,38,20,18,6,5,1,4,2,2,0,0,0
59377001,434,222,212,178,98,80,200,99,101,30,18,12,26,7,19,0,0,0
59377002,734,373,361,321,189,132,292,146,146,66,30,36,53,6,47,2,2,0
59378801,645,317,328,246,133,113,290,145,145,57,27,30,50,11,39,2,1,1
59379601,180,102,78,72,49,23,78,38,40,16,11,5,14,4,10,0,0,0
59380001,406,217,189,188,107,81,157,79,78,36,25,11,25,6,19,0,0,0
59381801,161,86,75,67,40,27,65,34,31,18,11,7,11,1,10,0,0,0
59382601,37,19,18,17,8,9,11,6,5,6,4,2,3,1,2,0,0,0
59382602,63,34,29,31,17,14,24,12,12,6,4,2,2,1,1,0,0,0
59382603,43,23,20,24,13,11,13,7,6,6,3,3,0,0,0,0,0,0
59382604,930,464,466,416,224,192,339,169,170,131,64,67,42,6,36,2,1,1
59382605,526,252,274,211,117,94,157,80,77,74,37,37,80,14,66,4,4,0
59384201,775,369,406,416,207,209,241,119,122,70,33,37,48,10,38,0,0,0
59385101,592,293,299,276,140,136,247,123,124,43,25,18,26,5,21,0,0,0
59386901,283,141,142,117,61,56,114,58,56,22,12,10,30,10,20,0,0,0
59387701,221,117,104,99,61,38,90,45,45,16,8,8,16,3,13,0,0,0
59388501,88,41,47,35,20,15,37,18,19,7,3,4,9,0,9,0,0,0
59389301,155,89,66,64,44,20,71,36,35,12,6,6,7,2,5,1,1,0
59390701,346,175,171,134,80,54,145,73,72,41,18,23,26,4,22,0,0,0
59392301,251,126,125,98,56,42,118,61,57,14,6,8,21,3,18,0,0,0
59393101,380,189,191,152,80,72,161,82,79,32,19,13,33,6,27,2,2,0
54694101,2263,1122,1141,907,494,413,1022,512,510,201,90,111,129,22,107,4,4,0
59395801,138,62,76,61,29,32,55,27,28,12,6,6,10,0,10,0,0,0
59396601,479,239,240,179,100,79,242,120,122,29,12,17,29,7,22,0,0,0
59397401,848,437,411,418,241,177,282,143,139,84,42,42,62,10,52,2,1,1
59398201,576,282,294,264,134,130,238,118,120,45,23,22,25,5,20,4,2,2
59399101,492,244,248,201,112,89,221,110,111,45,20,25,25,2,23,0,0,0
59400801,143,70,73,57,31,26,67,34,33,8,3,5,11,2,9,0,0,0
59401601,195,101,94,87,49,38,76,38,38,20,11,9,12,3,9,0,0,0
59402401,301,152,149,121,71,50,126,63,63,34,13,21,20,5,15,0,0,0
59403201,1332,672,660,618,356,262,498,246,252,118,51,67,93,15,78,1,0,1
59404101,836,425,411,329,181,148,389,195,194,67,38,29,51,11,40,0,0,0
59405901,330,158,172,157,75,82,132,67,65,27,11,16,14,5,9,0,0,0
59406701,1672,839,833,711,406,305,660,331,329,195,84,111,104,16,88,2,2,0
59407501,50,26,24,21,12,9,22,11,11,3,2,1,4,1,3,0,0,0
59407502,202,103,99,95,52,43,82,41,41,13,7,6,11,2,9,1,1,0
59408301,277,140,137,105,61,44,128,64,64,27,12,15,15,1,14,0,0,0
59409101,243,116,127,90,44,46,118,59,59,15,8,7,20,5,15,0,0,0
59409102,362,188,174,120,72,48,192,99,93,26,11,15,23,6,17,1,0,1
59410501,285,147,138,118,70,48,132,65,67,20,7,13,14,4,10,1,1,0
59411301,1009,523,486,413,249,164,408,201,207,117,60,57,68,13,55,3,0,3
59411302,213,101,112,117,55,62,82,40,42,12,5,7,2,1,1,0,0,0
59411303,126,65,61,51,29,22,50,26,24,14,7,7,11,3,8,0,0,0
59411304,274,132,142,108,59,49,120,59,61,24,12,12,21,2,19,1,0,1
59412101,436,208,228,164,91,73,185,91,94,33,13,20,53,13,40,1,0,1
59413002,826,424,402,382,216,166,275,138,137,96,50,46,63,17,46,7,3,4
59414801,917,471,446,409,236,173,337,170,167,104,52,52,65,12,53,1,1,0
59415602,3054,1496,1558,1294,707,587,1214,605,609,335,152,183,205,29,176,4,1,3
59415603,132,81,51,59,43,16,49,25,24,17,8,9,6,4,2,1,1,0
59416402,102,59,43,38,26,12,37,19,18,14,11,3,12,2,10,1,1,0
3314900,0,0,0,0,0,0,0,0,0,0,0,0,0,0,0,0,0,0
59417201,626,300,326,276,139,137,272,134,138,47,21,26,28,4,24,3,2,1
59418101,433,228,205,173,101,72,196,101,95,30,17,13,33,8,25,1,1,0
59419901,1207,612,595,570,320,250,439,219,220,117,58,59,78,13,65,3,2,1
59420201,35,16,19,12,6,6,13,5,8,6,4,2,4,1,3,0,0,0
59420202,1115,545,570,442,249,193,440,216,224,119,64,55,111,15,96,3,1,2
59421101,485,240,245,211,118,93,215,108,107,27,11,16,31,2,29,1,1,0
59421102,291,145,146,130,67,63,137,68,69,8,4,4,15,5,10,1,1,0
59422901,451,226,225,191,108,83,194,98,96,44,15,29,21,4,17,1,1,0
55084101,52,26,26,18,10,8,25,14,11,6,2,4,3,0,3,0,0,0
59423701,150,71,79,65,32,33,50,25,25,20,10,10,14,4,10,1,0,1
59425301,145,73,72,58,34,24,63,33,30,13,5,8,11,1,10,0,0,0
59426101,557,276,281,218,122,96,238,120,118,55,27,28,45,6,39,1,1,0
59427001,581,283,298,256,136,120,240,118,122,51,23,28,34,6,28,0,0,0
59428801,104,57,47,37,24,13,51,25,26,10,7,3,6,1,5,0,0,0
55008601,242,121,121,107,62,45,87,43,44,30,12,18,18,4,14,0,0,0
59429601,176,87,89,77,41,36,67,34,33,22,10,12,9,2,7,1,0,1
59430001,881,426,455,347,184,163,396,197,199,72,41,31,65,3,62,1,1,0
59431801,139,63,76,65,32,33,44,22,22,13,6,7,17,3,14,0,0,0
59432602,203,104,99,93,55,38,64,28,36,30,18,12,14,2,12,2,1,1
59433401,428,214,214,207,108,99,152,76,76,49,26,23,20,4,16,0,0,0
59433402,102,54,48,49,26,23,30,15,15,15,8,7,8,5,3,0,0,0
59434201,241,125,116,106,62,44,101,51,50,12,7,5,21,4,17,1,1,0
59435101,239,124,115,94,51,43,111,54,57,19,16,3,14,3,11,1,0,1
59436901,477,242,235,219,122,97,179,90,89,51,25,26,26,4,22,2,1,1
59438501,56,29,27,16,11,5,23,12,11,10,5,5,7,1,6,0,0,0
59439301,254,131,123,96,59,37,109,55,54,32,14,18,17,3,14,0,0,0
59440701,362,183,179,164,87,77,142,71,71,35,20,15,19,5,14,2,0,2
59441501,509,254,255,220,124,96,218,108,110,36,15,21,32,7,25,3,0,3
59442301,161,84,77,60,33,27,74,38,36,12,8,4,14,4,10,1,1,0
59443101,620,318,302,247,139,108,292,144,148,48,27,21,32,8,24,1,0,1
59444001,202,107,95,73,44,29,104,52,52,12,6,6,13,5,8,0,0,0
59445801,146,79,67,68,41,27,55,27,28,15,9,6,8,2,6,0,0,0
59445802,2835,1399,1436,1161,645,516,1167,584,583,268,120,148,225,42,183,12,6,6
59446601,327,157,170,125,63,62,144,72,72,31,18,13,26,4,22,1,0,1
59447401,232,112,120,89,47,42,96,48,48,25,13,12,22,4,18,0,0,0
3405020,0,0,0,0,0,0,0,0,0,0,0,0,0,0,0,0,0,0
59448201,466,227,239,193,107,86,204,102,102,27,11,16,40,6,34,2,1,1
59448202,293,139,154,112,58,54,146,73,73,17,5,12,17,3,14,1,0,1
59448205,155,75,80,70,36,34,49,24,25,20,11,9,15,4,11,1,0,1
59448206,462,235,227,193,110,83,216,108,108,32,14,18,21,3,18,0,0,0
59448207,21,9,12,9,3,6,10,5,5,1,1,0,1,0,1,0,0,0
59448209,1108,508,600,426,215,211,474,236,238,99,42,57,104,13,91,4,2,2
59448210,29,17,12,14,11,3,4,2,2,7,3,4,4,1,3,0,0,0
59448211,809,388,421,329,177,152,274,137,137,140,59,81,64,13,51,2,2,0
59448212,36,18,18,13,6,7,17,9,8,3,3,0,3,0,3,0,0,0
59448213,2274,1091,1183,936,510,426,887,442,445,285,106,179,163,33,130,3,0,3
59451201,179,94,85,81,52,29,59,30,29,23,11,12,14,1,13,0,0,0
59452101,81,43,38,30,19,11,43,21,22,5,3,2,3,0,3,0,0,0
58772901,1102,552,550,475,258,217,487,240,247,97,42,55,41,12,29,2,0,2
58772902,566,281,285,239,130,109,230,116,114,65,27,38,31,7,24,1,1,0
59455501,513,258,255,211,118,93,218,108,110,51,23,28,30,7,23,2,1,1
59456301,1137,586,551,459,271,188,503,252,251,99,49,50,74,12,62,1,1,0
59457101,637,322,315,264,150,114,272,134,138,61,28,33,40,10,30,0,0,0
59458001,42,23,19,20,12,8,17,9,8,1,1,0,3,0,3,1,1,0
59458002,23,11,12,7,4,3,11,6,5,3,1,2,2,0,2,0,0,0
59459801,69,34,35,28,16,12,32,16,16,3,2,1,6,0,6,0,0,0
59460101,476,240,236,195,107,88,205,103,102,46,24,22,29,5,24,1,1,0
59461001,387,194,193,156,84,72,176,88,88,29,16,13,26,6,20,0,0,0
59462801,490,226,264,153,84,69,224,115,109,35,16,19,76,10,66,2,1,1
55005101,347,172,175,149,84,65,144,72,72,29,12,17,25,4,21,0,0,0
59463602,59,30,29,15,10,5,26,13,13,9,5,4,9,2,7,0,0,0
59464401,168,89,79,63,40,23,69,34,35,22,14,8,14,1,13,0,0,0
59465201,103,59,44,55,34,21,39,21,18,4,3,1,5,1,4,0,0,0
59467901,771,379,392,348,192,156,303,151,152,80,27,53,39,8,31,1,1,0
59468701,360,188,172,173,105,68,124,62,62,40,19,21,23,2,21,0,0,0
59469501,86,48,38,40,24,16,27,15,12,11,7,4,6,1,5,2,1,1
59470901,849,412,437,334,181,153,338,170,168,98,48,50,77,12,65,2,1,1
55007801,95,52,43,33,23,10,43,22,21,9,5,4,10,2,8,0,0,0
59472502,327,174,153,141,92,49,127,65,62,28,10,18,29,5,24,2,2,0
59473301,161,72,89,55,27,28,73,37,36,16,6,10,17,2,15,0,0,0
59474101,100,52,48,42,26,16,35,18,17,14,8,6,9,0,9,0,0,0
59475001,427,218,209,168,96,72,194,96,98,38,23,15,26,3,23,1,0,1
59476801,535,236,299,216,101,115,204,104,100,36,17,19,76,12,64,3,2,1
59477601,229,106,123,88,45,43,91,46,45,22,10,12,28,5,23,0,0,0
59478401,75,40,35,31,19,12,30,15,15,10,5,5,4,1,3,0,0,0
59478402,419,215,204,164,95,69,195,97,98,30,12,18,29,10,19,1,1,0
59479201,108,58,50,52,35,17,29,14,15,17,7,10,8,1,7,2,1,1
59480601,82,43,39,32,23,9,31,15,16,8,5,3,11,0,11,0,0,0
59480603,29,16,13,8,5,3,15,8,7,4,3,1,2,0,2,0,0,0
59480604,111,51,60,43,22,21,45,22,23,15,5,10,7,2,5,1,0,1
59481401,302,157,145,134,80,54,126,63,63,23,13,10,19,1,18,0,0,0
59482201,561,277,284,278,154,124,176,89,87,66,27,39,41,7,34,0,0,0
59482202,443,229,214,202,121,81,156,79,77,47,24,23,37,5,32,1,0,1
59483101,161,77,84,58,29,29,69,35,34,17,9,8,17,4,13,0,0,0
55523101,1369,701,668,560,306,254,640,322,318,103,57,46,66,16,50,0,0,0
59484901,486,254,232,201,116,85,199,101,98,47,25,22,34,10,24,5,2,3
59486501,135,71,64,63,36,27,47,25,22,14,7,7,11,3,8,0,0,0
59487301,33,17,16,14,7,7,15,8,7,3,2,1,1,0,1,0,0,0
59487302,67,63,4,50,48,2,5,3,2,10,10,0,2,2,0,0,0,0
59487303,617,298,319,318,162,156,205,101,104,75,29,46,18,6,12,1,0,1
59487304,893,420,473,340,195,145,327,162,165,91,42,49,129,19,110,4,2,2
59488101,1082,528,554,451,247,204,446,225,221,96,43,53,83,12,71,4,1,3
59489002,581,294,287,250,146,104,204,103,101,72,36,36,55,9,46,0,0,0
59491101,592,293,299,245,144,101,262,128,134,36,15,21,48,6,42,1,0,1
59492001,1303,669,634,513,297,216,577,291,286,121,68,53,91,13,78,1,0,1
59493801,80,37,43,25,13,12,36,18,18,10,5,5,9,1,8,0,0,0
59493802,516,284,232,271,166,105,183,95,88,41,20,21,21,3,18,0,0,0
59494601,568,295,273,233,135,98,262,132,130,39,21,18,31,5,26,3,2,1
59495401,118,54,64,51,27,24,48,23,25,5,2,3,14,2,12,0,0,0
59497101,533,270,263,208,117,91,245,122,123,40,22,18,40,9,31,0,0,0
59498901,193,87,106,71,32,39,77,39,38,17,11,6,24,3,21,0,0,0
59499701,416,206,210,166,86,80,181,92,89,46,26,20,23,2,21,0,0,0
59500401,278,136,142,113,56,57,101,51,50,37,25,12,26,4,22,1,0,1
59500403,57,33,24,27,19,8,16,8,8,8,6,2,6,0,6,0,0,0
59501201,73,37,36,27,16,11,33,16,17,10,5,5,3,0,3,0,0,0
59502101,1291,663,628,537,308,229,573,282,291,101,55,46,76,16,60,4,2,2
59503901,33,13,20,18,6,12,12,6,6,2,1,1,1,0,1,0,0,0
59503902,352,183,169,146,85,61,154,77,77,30,17,13,22,4,18,0,0,0
59504701,49,24,25,22,12,10,25,12,13,1,0,1,1,0,1,0,0,0
59504702,405,207,198,146,92,54,189,94,95,36,18,18,34,3,31,0,0,0
59504703,407,205,202,160,92,68,196,98,98,27,12,15,23,3,20,1,0,1
54532501,377,181,196,147,82,65,161,82,79,37,14,23,31,2,29,1,1,0
59505501,672,352,320,256,160,96,324,163,161,43,23,20,49,6,43,0,0,0
59506301,67,36,31,25,15,10,24,12,12,7,5,2,11,4,7,0,0,0
59507101,1076,540,536,402,227,175,517,261,256,79,37,42,76,13,63,2,2,0
59508001,229,115,114,85,47,38,100,50,50,29,14,15,15,4,11,0,0,0
55001901,198,87,111,87,37,50,88,44,44,11,4,7,12,2,10,0,0,0
3260890,0,0,0,0,0,0,0,0,0,0,0,0,0,0,0,0,0,0
59509802,56,27,29,15,11,4,27,13,14,7,3,4,7,0,7,0,0,0
59509803,682,350,332,268,156,112,293,149,144,64,32,32,53,9,44,4,4,0
59510102,264,131,133,116,60,56,100,51,49,26,17,9,21,3,18,1,0,1
59511001,272,139,133,107,62,45,120,62,58,27,12,15,17,3,14,1,0,1
1988380,0,0,0,0,0,0,0,0,0,0,0,0,0,0,0,0,0,0
59512801,148,71,77,74,36,38,52,26,26,13,8,5,9,1,8,0,0,0
59512802,988,509,479,428,259,169,400,201,199,92,38,54,66,10,56,2,1,1
59513601,166,88,78,65,41,24,76,38,38,12,7,5,13,2,11,0,0,0
59514401,94,43,51,43,19,24,38,19,19,6,4,2,7,1,6,0,0,0
59515201,154,75,79,55,28,27,80,40,40,7,4,3,12,3,9,0,0,0
59516101,35,17,18,10,5,5,17,9,8,3,1,2,4,2,2,1,0,1
1935850,0,0,0,0,0,0,0,0,0,0,0,0,0,0,0,0,0,0
59371101,114,55,59,56,30,26,45,21,24,8,3,5,5,1,4,0,0,0
59371102,383,187,196,146,80,66,179,89,90,30,10,20,24,5,19,4,3,1
59371103,187,90,97,92,47,45,69,34,35,12,6,6,12,2,10,2,1,1
59371104,158,77,81,64,35,29,71,34,37,12,6,6,11,2,9,0,0,0
59371105,397,203,194,159,96,63,171,86,85,35,14,21,32,7,25,0,0,0
59371106,340,174,166,143,77,66,144,71,73,33,18,15,17,7,10,3,1,2
59371107,78,37,41,27,10,17,46,23,23,3,3,0,2,1,1,0,0,0
59371109,1221,610,611,507,281,226,534,268,266,112,53,59,65,6,59,3,2,1
59371110,4224,2051,2173,1841,977,864,1704,848,856,501,190,311,164,27,137,12,7,5
59371112,721,339,382,241,125,116,342,173,169,66,29,37,71,11,60,1,1,0
59371113,129,64,65,53,24,29,53,28,25,16,12,4,7,0,7,0,0,0
59371114,6085,2824,3261,2760,1421,1339,2022,1003,1019,804,306,498,487,88,399,12,6,6
59371115,1534,714,820,600,307,293,657,322,335,184,67,117,92,18,74,1,0,1
59371116,676,295,381,237,133,104,167,87,80,118,54,64,150,19,131,4,2,2
59371117,294,141,153,118,59,59,127,62,65,30,15,15,19,5,14,0,0,0
59371118,3885,1802,2083,1573,827,746,1411,703,708,548,210,338,346,60,286,5,2,3
59371119,174,77,97,78,41,37,51,23,28,30,10,20,14,2,12,1,1,0
59371120,277,225,52,167,146,21,50,32,18,48,37,11,6,4,2,6,6,0
59371121,1595,761,834,639,344,295,674,335,339,166,57,109,114,24,90,2,1,1
59371122,90,46,44,38,20,18,37,18,19,9,6,3,6,2,4,0,0,0
59371123,371,176,195,158,81,77,154,76,78,32,14,18,26,4,22,1,1,0
59371124,2215,1025,1190,806,428,378,821,414,407,362,128,234,189,38,151,35,17,18
59371125,1403,643,760,615,320,295,454,222,232,220,80,140,110,19,91,3,1,2
59371126,273,141,132,114,64,50,114,56,58,33,19,14,10,1,9,1,1,0
59371127,127,64,63,62,32,30,50,25,25,8,6,2,7,1,6,0,0,0
59371128,2715,1451,1264,1400,806,594,723,355,368,472,261,211,111,24,87,7,5,2
59371129,144,75,69,54,30,24,63,32,31,21,10,11,2,1,1,4,2,2
59371131,525,281,244,246,142,104,166,91,75,88,42,46,21,3,18,4,3,1
59371132,213,102,111,109,52,57,68,34,34,28,13,15,6,1,5,0,0,0
59371133,3188,1439,1749,1318,691,627,1084,532,552,438,167,271,336,41,295,11,7,4
59517901,297,147,150,119,70,49,117,58,59,25,12,13,35,6,29,1,1,0
59518701,355,183,172,148,87,61,164,83,81,31,13,18,12,0,12,0,0,0
59519501,263,137,126,100,58,42,119,58,61,27,16,11,15,3,12,2,2,0
52391701,733,365,368,306,165,141,301,150,151,72,39,33,54,11,43,0,0,0
52391703,845,438,407,347,201,146,345,175,170,84,48,36,68,14,54,1,0,1
52391704,22,11,11,10,5,5,9,5,4,2,1,1,1,0,1,0,0,0
52489101,675,343,332,340,191,149,208,106,102,73,33,40,49,10,39,5,3,2
52489102,63,33,30,35,21,14,14,7,7,12,5,7,2,0,2,0,0,0
52489103,22,15,7,10,7,3,7,5,2,4,2,2,0,0,0,1,1,0
52489104,23,11,12,8,4,4,7,4,3,3,3,0,5,0,5,0,0,0
52522701,27,10,17,9,3,6,15,6,9,2,1,1,1,0,1,0,0,0
52522702,67,38,29,43,25,18,19,10,9,4,2,2,1,1,0,0,0,0
52522703,214,107,107,110,55,55,60,33,27,23,16,7,13,2,11,8,1,7
52522704,62,35,27,36,20,16,13,7,6,12,8,4,1,0,1,0,0,0
53349102,58,31,27,18,16,2,28,13,15,5,2,3,7,0,7,0,0,0
53349104,458,232,226,201,118,83,180,91,89,42,19,23,35,4,31,0,0,0
56935601,2332,1144,1188,971,516,455,932,471,461,262,119,143,163,35,128,4,3,1
55330101,136,63,73,53,26,27,54,28,26,18,8,10,11,1,10,0,0,0
55330102,227,109,118,105,59,46,83,41,42,27,9,18,11,0,11,1,0,1
1983400,0,0,0,0,0,0,0,0,0,0,0,0,0,0,0,0,0,0
53614802,219,107,112,81,46,35,77,38,39,37,19,18,23,3,20,1,1,0
53614803,54,29,25,17,10,7,17,9,8,10,6,4,8,3,5,2,1,1
53614804,56,29,27,17,10,7,30,14,16,6,5,1,3,0,3,0,0,0
53614805,25,14,11,13,8,5,8,4,4,2,2,0,2,0,2,0,0,0
53614807,1029,500,529,442,259,183,334,166,168,144,53,91,105,21,84,4,1,3
53614809,1111,533,578,487,262,225,377,190,187,158,67,91,84,11,73,4,2,2
0588580,0,0,0,0,0,0,0,0,0,0,0,0,0,0,0,0,0,0
0588740,0,0,0,0,0,0,0,0,0,0,0,0,0,0,0,0,0,0
0589120,0,0,0,0,0,0,0,0,0,0,0,0,0,0,0,0,0,0
3406690,0,0,0,0,0,0,0,0,0,0,0,0,0,0,0,0,0,0
3406850,0,0,0,0,0,0,0,0,0,0,0,0,0,0,0,0,0,0
53638501,775,388,387,316,174,142,329,162,167,76,41,35,51,8,43,3,3,0
53638502,148,76,72,73,38,35,50,25,25,17,10,7,8,3,5,0,0,0
53638503,623,296,327,220,116,104,277,136,141,76,34,42,50,10,40,0,0,0
53638504,63,30,33,21,10,11,31,16,15,6,4,2,5,0,5,0,0,0
53638505,65,32,33,22,16,6,25,13,12,6,2,4,12,1,11,0,0,0
53638506,938,440,498,355,194,161,352,179,173,143,51,92,84,13,71,4,3,1
53638507,30,17,13,13,9,4,11,6,5,6,2,4,0,0,0,0,0,0
53638508,142,70,72,63,36,27,58,29,29,10,3,7,11,2,9,0,0,0
53638509,743,340,403,309,157,152,258,127,131,119,44,75,53,9,44,4,3,1
53638511,1463,746,717,691,400,291,406,205,201,265,126,139,98,13,85,3,2,1
53638512,104,52,52,56,32,24,34,16,18,11,4,7,3,0,3,0,0,0
53638513,356,169,187,203,113,90,75,39,36,37,9,28,40,8,32,1,0,1
53638514,120,57,63,29,18,11,59,29,30,27,10,17,5,0,5,0,0,0
53638515,711,384,327,323,190,133,275,136,139,86,49,37,27,9,18,0,0,0
53638516,25,12,13,11,4,7,11,6,5,1,1,0,1,1,0,1,0,1
53638517,476,238,238,159,94,65,214,106,108,58,27,31,44,10,34,1,1,0
53638518,1820,810,1010,689,367,322,611,300,311,313,110,203,202,30,172,5,3,2
53638519,1941,897,1044,854,441,413,586,295,291,315,122,193,179,34,145,7,5,2
55721801,366,166,200,140,69,71,114,55,59,61,31,30,49,11,38,2,0,2
54003002,294,151,143,111,69,42,119,57,62,41,17,24,22,8,14,1,0,1
54003003,1674,817,857,626,347,279,673,338,335,231,108,123,137,19,118,7,5,2
54038201,28,11,17,14,7,7,5,2,3,5,2,3,4,0,4,0,0,0
54038202,51,29,22,18,12,6,23,11,12,6,5,1,4,1,3,0,0,0
54038204,1993,992,1001,795,448,347,751,378,373,258,129,129,183,36,147,6,1,5
54038205,306,156,150,134,81,53,126,61,65,21,10,11,25,4,21,0,0,0
1162112,0,0,0,0,0,0,0,0,0,0,0,0,0,0,0,0,0,0
56933001,126,64,62,55,31,24,46,22,24,16,10,6,9,1,8,0,0,0
56933002,28,15,13,13,7,6,11,6,5,3,2,1,1,0,1,0,0,0
56933003,26,18,8,9,7,2,12,7,5,3,3,0,2,1,1,0,0,0
54068402,786,389,397,305,167,138,321,158,163,105,54,51,51,9,42,4,1,3
54068403,129,68,61,46,29,17,60,30,30,15,7,8,7,1,6,1,1,0
55348401,51,24,27,16,10,6,21,10,11,4,3,1,10,1,9,0,0,0
55348402,88,41,47,36,16,20,40,20,20,6,5,1,6,0,6,0,0,0
55348403,130,63,67,49,25,24,62,30,32,13,6,7,6,2,4,0,0,0
55348404,363,186,177,148,86,62,131,66,65,49,26,23,35,8,27,0,0,0
55348406,38,20,18,17,10,7,15,7,8,4,2,2,2,1,1,0,0,0
54103601,191,105,86,87,56,31,76,39,37,17,10,7,11,0,11,0,0,0
54103602,24,10,14,8,3,5,9,5,4,4,2,2,3,0,3,0,0,0
54103603,345,174,171,136,75,61,150,75,75,34,19,15,24,5,19,1,0,1
54111701,611,315,296,243,142,101,262,131,131,72,35,37,33,6,27,1,1,0
54121401,43,21,22,19,8,11,16,8,8,4,4,0,4,1,3,0,0,0
54121402,43,21,22,22,11,11,12,6,6,4,3,1,5,1,4,0,0,0
54121403,337,172,165,158,94,64,117,58,59,36,17,19,25,2,23,0,0,0
54121404,54,27,27,23,13,10,20,10,10,7,4,3,4,0,4,0,0,0
54124901,21,10,11,7,3,4,8,4,4,5,3,2,1,0,1,0,0,0
54124903,1114,580,534,464,276,188,439,222,217,121,63,58,88,18,70,2,1,1
55346801,64,30,34,24,12,12,23,11,12,11,7,4,6,0,6,0,0,0
55346802,318,169,149,142,89,53,114,57,57,36,20,16,25,2,23,1,1,0
55346803,187,96,91,102,57,45,56,30,26,15,5,10,12,3,9,2,1,1
55346804,108,46,62,56,24,32,36,18,18,8,3,5,8,1,7,0,0,0
56945301,20,10,10,7,5,2,6,3,3,4,2,2,3,0,3,0,0,0
56945302,41,21,20,19,11,8,13,6,7,6,3,3,3,1,2,0,0,0
56945303,427,224,203,177,106,71,170,86,84,48,23,25,31,8,23,1,1,0
54130301,1134,547,587,496,272,224,354,176,178,159,80,79,125,19,106,0,0,0
54130302,25,12,13,6,2,4,12,6,6,6,4,2,1,0,1,0,0,0
54134601,46,23,23,20,13,7,17,9,8,7,1,6,2,0,2,0,0,0
54134603,326,164,162,144,81,63,126,63,63,23,14,9,33,6,27,0,0,0
59799601,45,25,20,9,6,3,22,12,10,8,7,1,6,0,6,0,0,0
59799603,243,125,118,97,55,42,99,50,49,31,15,16,16,5,11,0,0,0
59799604,81,44,37,26,16,10,35,19,16,13,8,5,7,1,6,0,0,0
59799605,33,16,17,16,7,9,6,3,3,6,3,3,5,3,2,0,0,0
59799606,27,9,18,9,3,6,12,6,6,1,0,1,5,0,5,0,0,0
59799607,2984,1496,1488,1240,711,529,1025,511,514,455,216,239,250,51,199,14,7,7
54157502,163,82,81,59,32,27,58,29,29,19,12,7,25,7,18,2,2,0
54157503,894,436,458,413,223,190,296,148,148,123,53,70,59,10,49,2,1,1
54157504,44,23,21,11,8,3,25,13,12,6,2,4,2,0,2,0,0,0
55235601,457,226,231,186,105,81,190,95,95,34,16,18,44,7,37,1,1,0
50052601,1017,533,484,413,249,164,465,231,234,84,45,39,54,7,47,1,1,0
50052602,1254,627,627,529,290,239,518,258,260,135,66,69,68,13,55,2,0,2
50062301,158,86,72,73,45,28,63,32,31,13,6,7,9,3,6,0,0,0
50062302,121,59,62,49,25,24,57,28,29,5,2,3,10,4,6,0,0,0
50062303,139,74,65,41,29,12,75,37,38,12,6,6,11,2,9,0,0,0
50062304,92,45,47,38,19,19,41,21,20,8,3,5,5,2,3,0,0,0
50062305,166,88,78,70,43,27,69,34,35,20,8,12,7,3,4,0,0,0
50062306,33,16,17,11,5,6,17,9,8,3,2,1,2,0,2,0,0,0
50062307,119,56,63,50,24,26,49,24,25,11,6,5,9,2,7,0,0,0
50062308,278,144,134,106,63,43,123,61,62,28,17,11,21,3,18,0,0,0
55206201,237,124,113,100,59,41,93,48,45,27,15,12,17,2,15,0,0,0
50080101,582,293,289,237,129,108,266,136,130,47,24,23,32,4,28,0,0,0
50080102,65,39,26,25,17,8,27,14,13,8,5,3,5,3,2,0,0,0
50085201,1121,570,551,440,250,190,513,257,256,104,47,57,63,16,47,0,0,0
50085202,460,233,227,183,107,76,207,103,104,46,19,27,23,3,20,1,1,0
50085203,802,386,416,308,168,140,372,186,186,61,23,38,61,9,52,0,0,0
50086101,35,21,14,12,8,4,17,9,8,4,3,1,2,1,1,0,0,0
50086102,518,259,259,198,114,84,219,109,110,58,27,31,41,7,34,2,2,0
50086104,25,12,13,6,3,3,11,6,5,6,3,3,2,0,2,0,0,0
50086105,115,49,66,42,18,24,46,23,23,10,6,4,17,2,15,0,0,0
50086106,87,46,41,31,24,7,38,18,20,5,2,3,13,2,11,0,0,0
50086107,72,35,37,18,12,6,38,19,19,12,4,8,4,0,4,0,0,0
50086108,46,24,22,16,11,5,22,11,11,3,1,2,4,0,4,1,1,0
50086110,80,41,39,32,17,15,35,19,16,9,5,4,4,0,4,0,0,0
50086111,43,20,23,12,4,8,24,13,11,4,2,2,3,1,2,0,0,0
50086112,89,53,36,35,26,9,36,18,18,8,6,2,9,2,7,1,1,0
50086113,136,75,61,50,35,15,63,32,31,12,5,7,11,3,8,0,0,0
50086114,179,86,93,78,40,38,69,35,34,16,7,9,16,4,12,0,0,0
55240201,640,330,310,269,151,118,285,141,144,52,29,23,31,6,25,3,3,0
50087901,647,327,320,282,152,130,274,137,137,56,32,24,34,6,28,1,0,1
50087902,195,97,98,82,47,35,73,37,36,22,12,10,18,1,17,0,0,0
54702601,979,494,485,403,222,181,449,223,226,82,43,39,45,6,39,0,0,0
55218601,1490,724,766,606,336,270,582,292,290,146,71,75,145,22,123,11,3,8
55244501,600,295,305,230,133,97,271,135,136,45,17,28,53,10,43,1,0,1
50147601,299,147,152,129,74,55,103,52,51,39,17,22,28,4,24,0,0,0
50147602,1348,680,668,561,304,257,559,277,282,144,81,63,83,17,66,1,1,0
50147603,39,19,20,11,6,5,24,12,12,3,1,2,1,0,1,0,0,0
50147604,27,13,14,7,4,3,13,6,7,4,2,2,2,0,2,1,1,0
50147605,195,99,96,82,45,37,82,41,41,18,12,6,13,1,12,0,0,0
50164601,70,36,34,35,18,17,11,6,5,15,8,7,9,4,5,0,0,0
50164602,2204,1117,1087,927,504,423,997,501,496,175,89,86,102,22,80,2,1,1
50164603,255,123,132,100,51,49,111,56,55,31,13,18,13,3,10,0,0,0
50164604,222,110,112,90,50,40,83,42,41,23,12,11,26,6,20,0,0,0
50164605,31,15,16,18,10,8,6,3,3,4,1,3,3,1,2,0,0,0
56839201,1293,639,654,526,281,245,594,296,298,93,46,47,80,16,64,0,0,0
54527901,450,225,225,211,117,94,161,81,80,49,22,27,27,4,23,1,1,0
55231301,318,167,151,144,83,61,128,66,62,36,17,19,10,1,9,0,0,0
50175101,967,496,471,370,219,151,429,216,213,99,54,45,65,5,60,4,2,2
50175102,41,21,20,18,10,8,15,8,7,4,3,1,4,0,4,0,0,0
50175103,117,62,55,36,25,11,54,28,26,16,6,10,11,3,8,0,0,0
50175104,348,186,162,142,89,53,156,78,78,29,16,13,20,3,17,1,0,1
50175105,258,123,135,90,43,47,126,64,62,21,10,11,21,6,15,0,0,0
50179401,413,205,208,151,85,66,192,96,96,43,19,24,27,5,22,0,0,0
50179402,183,89,94,84,42,42,75,39,36,13,5,8,11,3,8,0,0,0
50179403,938,457,481,395,212,183,392,195,197,77,32,45,73,18,55,1,0,1
55207101,268,129,139,129,67,62,104,52,52,22,10,12,13,0,13,0,0,0
50184101,1473,717,756,600,322,278,627,311,316,151,65,86,92,18,74,2,1,1
55217801,335,165,170,123,72,51,141,71,70,29,15,14,40,5,35,2,2,0
55217802,91,51,40,47,31,16,30,15,15,9,3,6,5,2,3,0,0,0
55233001,234,119,115,98,52,46,109,55,54,17,9,8,10,3,7,0,0,0
50214601,1423,687,736,597,319,278,549,275,274,191,79,112,82,11,71,4,3,1
50214602,603,316,287,219,131,88,236,119,117,86,52,34,54,8,46,3,1,2
50214603,301,146,155,85,57,28,105,57,48,49,27,22,59,4,55,1,1,0
50214604,1717,832,885,668,370,298,707,351,356,229,96,133,111,15,96,2,0,2
50214605,98,52,46,36,22,14,37,18,19,18,10,8,7,2,5,0,0,0
55202001,1018,515,503,457,251,206,440,219,221,85,37,48,33,7,26,1,1,0
50223501,1808,903,905,763,397,366,799,403,396,155,83,72,85,17,68,6,3,3
50240501,621,306,315,289,156,133,220,110,110,71,33,38,39,6,33,2,1,1
50254501,2021,1010,1011,859,471,388,840,422,418,202,95,107,115,20,95,3,2,1
50254502,504,263,241,194,116,78,228,116,112,48,26,22,32,5,27,0,0,0
56979802,300,149,151,136,73,63,115,59,56,27,14,13,21,2,19,1,1,0
54697601,133,73,60,54,35,19,58,28,30,15,9,6,6,1,5,0,0,0
59741401,122,59,63,61,29,32,48,24,24,11,6,5,2,0,2,0,0,0
59741402,415,211,204,194,107,87,141,70,71,48,28,20,32,6,26,0,0,0
56887201,178,81,97,75,33,42,73,38,35,20,9,11,10,1,9,0,0,0
56887202,290,141,149,121,62,59,131,66,65,24,10,14,13,2,11,1,1,0
56887203,403,203,200,197,102,95,150,75,75,37,20,17,18,5,13,1,1,0
50283901,693,343,350,281,157,124,299,150,149,57,24,33,56,12,44,0,0,0
50314201,570,286,284,229,122,107,250,128,122,49,25,24,40,10,30,2,1,1
54712301,257,114,143,91,50,41,75,36,39,23,16,7,65,11,54,1,1,0
50013501,80,38,42,31,15,16,17,9,8,26,13,13,6,1,5,0,0,0
50013502,76,44,32,31,19,12,25,12,13,15,12,3,5,1,4,0,0,0
50013503,64,30,34,24,13,11,23,12,11,14,5,9,3,0,3,0,0,0
50330401,528,266,262,207,119,88,257,129,128,35,13,22,29,5,24,0,0,0
50330402,307,149,158,129,68,61,130,68,62,26,10,16,22,3,19,0,0,0
55243701,488,232,256,203,97,106,203,103,100,40,20,20,37,9,28,3,3,0
55490101,240,120,120,99,50,49,106,53,53,23,14,9,11,3,8,1,0,1
55490102,1516,746,770,625,325,300,673,337,336,123,57,66,92,25,67,3,2,1
3305150,0,0,0,0,0,0,0,0,0,0,0,0,0,0,0,0,0,0
3305230,0,0,0,0,0,0,0,0,0,0,0,0,0,0,0,0,0,0
3305740,0,0,0,0,0,0,0,0,0,0,0,0,0,0,0,0,0,0
3900710,0,0,0,0,0,0,0,0,0,0,0,0,0,0,0,0,0,0
3901940,0,0,0,0,0,0,0,0,0,0,0,0,0,0,0,0,0,0
3902590,0,0,0,0,0,0,0,0,0,0,0,0,0,0,0,0,0,0
56900301,81,40,41,36,21,15,36,18,18,3,1,2,6,0,6,0,0,0
56900302,521,261,260,211,118,93,227,112,115,52,26,26,30,4,26,1,1,0
55230501,49,26,23,19,11,8,24,13,11,4,2,2,2,0,2,0,0,0
55230502,109,62,47,49,32,17,43,22,21,10,7,3,7,1,6,0,0,0
54000501,184,93,91,82,44,38,73,36,37,14,10,4,15,3,12,0,0,0
3068010,0,0,0,0,0,0,0,0,0,0,0,0,0,0,0,0,0,0
3068190,0,0,0,0,0,0,0,0,0,0,0,0,0,0,0,0,0,0
3287070,0,0,0,0,0,0,0,0,0,0,0,0,0,0,0,0,0,0
3287150,0,0,0,0,0,0,0,0,0,0,0,0,0,0,0,0,0,0
50344401,254,126,128,102,59,43,106,53,53,29,10,19,17,4,13,0,0,0
50344402,213,112,101,76,51,25,95,48,47,25,10,15,16,2,14,1,1,0
50344403,394,198,196,165,90,75,181,91,90,21,11,10,25,5,20,2,1,1
50344404,438,220,218,179,102,77,191,95,96,34,18,16,33,5,28,1,0,1
50344405,204,100,104,82,46,36,81,40,41,20,13,7,21,1,20,0,0,0
50344406,91,45,46,34,18,16,40,20,20,9,5,4,8,2,6,0,0,0
50344408,129,66,63,50,26,24,58,29,29,10,7,3,11,4,7,0,0,0
50344409,205,96,109,80,39,41,96,48,48,18,9,9,11,0,11,0,0,0
50344410,243,115,128,115,54,61,104,51,53,12,8,4,11,2,9,1,0,1
50344411,378,184,194,141,76,65,169,85,84,37,17,20,31,6,25,0,0,0
50344413,190,90,100,91,49,42,75,36,39,13,4,9,11,1,10,0,0,0
50344414,134,65,69,43,24,19,78,39,39,8,2,6,5,0,5,0,0,0
50344415,29,16,13,8,5,3,14,8,6,6,3,3,1,0,1,0,0,0
50344416,325,155,170,131,69,62,134,68,66,29,13,16,31,5,26,0,0,0
50344417,1898,917,981,761,422,339,723,362,361,256,114,142,150,15,135,8,4,4
50344418,2056,977,1079,870,475,395,782,393,389,236,76,160,163,30,133,5,3,2
50344419,1125,570,555,487,281,206,302,153,149,217,115,102,113,18,95,6,3,3
50344420,778,367,411,294,155,139,344,170,174,72,32,40,67,10,57,1,0,1
50344423,47,27,20,16,11,5,26,13,13,5,3,2,0,0,0,0,0,0
50344424,328,154,174,149,72,77,134,69,65,33,11,22,12,2,10,0,0,0
55223201,617,319,298,240,142,98,273,138,135,61,31,30,42,7,35,1,1,0
55203801,196,100,96,83,50,33,78,39,39,20,9,11,15,2,13,0,0,0
55221601,466,227,239,180,94,86,206,104,102,44,20,24,33,8,25,3,1,2
50362201,22,11,11,8,4,4,8,4,4,4,3,1,2,0,2,0,0,0
50362202,42,23,19,15,9,6,22,11,11,3,2,1,2,1,1,0,0,0
50362203,529,247,282,204,112,92,234,118,116,38,12,26,53,5,48,0,0,0
50362204,26,16,10,6,5,1,14,7,7,2,2,0,4,2,2,0,0,0
50362205,153,73,80,67,39,28,62,31,31,9,3,6,14,0,14,1,0,1
50362206,74,40,34,36,21,15,27,15,12,5,3,2,6,1,5,0,0,0
50365701,43,29,14,22,17,5,12,7,5,7,4,3,2,1,1,0,0,0
50365702,2227,1115,1112,869,492,377,942,475,467,280,121,159,135,26,109,1,1,0
50365703,773,379,394,331,170,161,327,164,163,72,35,37,43,10,33,0,0,0
56984401,386,191,195,156,83,73,172,88,84,30,18,12,27,2,25,1,0,1
50373801,1148,573,575,483,270,213,513,257,256,79,34,45,73,12,61,0,0,0
55237201,181,85,96,82,42,40,73,36,37,17,6,11,8,0,8,1,1,0
55237202,252,133,119,116,69,47,89,45,44,26,14,12,21,5,16,0,0,0
55237203,999,503,496,434,239,195,392,200,192,99,50,49,73,14,59,1,0,1
55237204,141,65,76,61,29,32,60,30,30,9,4,5,11,2,9,0,0,0
56891101,252,119,133,99,53,46,111,56,55,25,9,16,17,1,16,0,0,0
3305310,0,0,0,0,0,0,0,0,0,0,0,0,0,0,0,0,0,0
3305400,0,0,0,0,0,0,0,0,0,0,0,0,0,0,0,0,0,0
50016001,441,229,212,212,121,91,122,61,61,81,41,40,26,6,20,0,0,0
50016002,88,49,39,42,29,13,25,12,13,16,8,8,5,0,5,0,0,0
50424601,421,213,208,177,94,83,174,88,86,44,23,21,25,7,18,1,1,0
50424603,231,117,114,106,59,47,88,44,44,19,13,6,18,1,17,0,0,0
50424604,102,92,10,94,86,8,2,1,1,6,5,1,0,0,0,0,0,0
55234801,573,298,275,241,139,102,245,121,124,48,24,24,36,11,25,1,1,0
55234802,101,51,50,53,27,26,33,17,16,9,5,4,6,2,4,0,0,0
59767801,29,16,13,14,9,5,10,5,5,5,2,3,0,0,0,0,0,0
59767802,2549,1278,1271,1164,659,505,847,422,425,301,153,148,229,39,190,8,5,3
59767803,30,18,12,5,3,2,15,8,7,9,7,2,1,0,1,0,0,0
59767804,82,40,42,35,20,15,28,14,14,13,6,7,6,0,6,0,0,0
59767805,95,49,46,44,25,19,38,19,19,9,4,5,4,1,3,0,0,0
55494401,164,87,77,68,42,26,72,36,36,18,6,12,6,3,3,0,0,0
55494402,489,244,245,197,117,80,205,100,105,48,18,30,37,8,29,2,1,1
54709301,48,26,22,20,12,8,16,8,8,8,5,3,4,1,3,0,0,0
50444102,114,56,58,47,26,21,48,24,24,11,5,6,8,1,7,0,0,0
50444103,353,170,183,154,75,79,154,77,77,25,15,10,20,3,17,0,0,0
50444104,961,470,491,391,209,182,415,209,206,87,42,45,67,9,58,1,1,0
50450501,116,68,48,46,33,13,55,28,27,5,3,2,9,3,6,1,1,0
50450502,2011,979,1032,847,469,378,830,412,418,150,67,83,182,30,152,2,1,1
59768601,102,55,47,40,27,13,30,15,15,18,9,9,14,4,10,0,0,0
59768602,21,10,11,7,4,3,6,3,3,4,3,1,4,0,4,0,0,0
59768604,120,65,55,50,30,20,46,25,21,12,7,5,12,3,9,0,0,0
55238101,393,195,198,149,79,70,186,95,91,30,17,13,27,4,23,1,0,1
55238102,318,162,156,114,70,44,145,74,71,32,16,16,27,2,25,0,0,0
55225901,220,105,115,106,53,53,70,36,34,22,13,9,22,3,19,0,0,0
1106550,0,0,0,0,0,0,0,0,0,0,0,0,0,0,0,0,0,0
3052010,0,0,0,0,0,0,0,0,0,0,0,0,0,0,0,0,0,0
3052940,0,0,0,0,0,0,0,0,0,0,0,0,0,0,0,0,0,0
3053160,0,0,0,0,0,0,0,0,0,0,0,0,0,0,0,0,0,0
3207060,0,0,0,0,0,0,0,0,0,0,0,0,0,0,0,0,0,0
50049601,1340,659,681,557,297,260,607,301,306,104,46,58,68,12,56,2,1,1
50049602,634,328,306,281,168,113,228,114,114,90,37,53,34,8,26,1,1,0
50049603,79,42,37,40,23,17,31,16,15,5,2,3,3,1,2,0,0,0
50049604,3117,1539,1578,1280,673,607,1257,648,609,382,170,212,193,44,149,4,3,1
50049606,418,211,207,210,102,108,153,81,72,42,25,17,12,3,9,1,0,1
50049607,1070,530,540,413,227,186,476,234,242,111,56,55,66,11,55,2,2,0
50049608,801,371,430,316,156,160,332,165,167,74,35,39,73,12,61,3,2,1
50049609,732,372,360,277,156,121,338,169,169,70,35,35,44,10,34,3,2,1
50049610,538,272,266,242,133,109,217,109,108,52,25,27,27,5,22,0,0,0
50049611,1312,649,663,583,309,274,558,279,279,113,56,57,58,5,53,0,0,0
50049613,1341,622,719,662,358,304,352,172,180,264,82,182,57,8,49,3,1,2
50049614,446,224,222,186,101,85,161,87,74,54,26,28,45,10,35,0,0,0
50049615,25,12,13,12,5,7,5,2,3,8,5,3,0,0,0,0,0,0
50049617,985,481,504,396,203,193,412,207,205,116,59,57,55,11,44,4,1,3
50049618,5871,2786,3085,2541,1332,1209,2229,1108,1121,741,279,462,342,59,283,18,8,10
50049619,643,314,329,265,139,126,246,125,121,80,36,44,49,12,37,1,0,1
50049620,1996,966,1030,1000,530,470,669,332,337,240,86,154,75,16,59,7,2,5
50049621,217,102,115,89,47,42,91,42,49,28,11,17,9,2,7,0,0,0
50049623,1927,853,1074,783,399,384,638,317,321,308,108,200,190,26,164,8,3,5
50049624,1871,914,957,806,421,385,665,332,333,149,60,89,63,8,55,187,92,95
50049625,3464,1593,1871,1503,773,730,1286,635,651,447,146,301,223,36,187,5,3,2
50049626,1666,764,902,633,335,298,617,307,310,251,91,160,160,28,132,5,3,2
50049628,3899,1773,2126,1838,931,907,1112,560,552,591,223,368,339,47,292,14,9,5
50049629,850,375,475,329,171,158,257,128,129,149,62,87,113,13,100,2,1,1
50049630,28,17,11,18,12,6,6,3,3,3,2,1,1,0,1,0,0,0
50049631,93,56,37,41,24,17,30,18,12,14,10,4,6,2,4,1,1,0
50049632,61,31,30,29,14,15,12,8,4,16,7,9,4,2,2,0,0,0
50049633,3014,1406,1608,1318,703,615,1048,515,533,405,141,264,238,45,193,5,2,3
50049634,499,240,259,264,143,121,131,66,65,74,28,46,28,3,25,2,0,2
50049635,72,34,38,27,11,16,38,19,19,4,3,1,3,1,2,0,0,0
50049636,48,33,15,25,19,6,4,2,2,18,12,6,1,0,1,0,0,0
50049637,1904,839,1065,687,367,320,671,339,332,223,86,137,313,46,267,10,1,9
50049638,39,29,10,16,13,3,5,3,2,16,13,3,2,0,2,0,0,0
50049640,335,156,179,137,68,69,137,66,71,33,12,21,25,9,16,3,1,2
50049641,947,462,485,374,192,182,397,198,199,130,61,69,43,8,35,3,3,0
50049642,484,245,239,254,139,115,156,76,80,55,26,29,17,3,14,2,1,1
50049643,34,32,2,21,20,1,3,2,1,10,10,0,0,0,0,0,0,0
50049644,737,365,372,328,184,144,280,138,142,88,36,52,36,5,31,3,2,1
50049645,1786,857,929,1089,545,544,487,242,245,171,65,106,31,1,30,7,3,4
50049646,104,49,55,44,22,22,51,25,26,5,2,3,4,0,4,0,0,0
50049647,382,186,196,138,75,63,184,92,92,38,15,23,21,3,18,1,1,0
50049648,43,27,16,25,19,6,7,4,3,9,3,6,2,1,1,0,0,0
50049651,2804,1338,1466,1285,661,624,985,494,491,330,144,186,194,35,159,6,2,4
50049652,361,172,189,137,73,64,175,87,88,23,10,13,23,2,21,1,0,1
50049653,475,243,232,199,111,88,202,101,101,46,25,21,26,6,20,1,0,1
50049654,187,94,93,81,42,39,77,37,40,20,11,9,9,4,5,0,0,0
50049655,647,325,322,273,148,125,262,131,131,78,37,41,27,8,19,5,1,4
50049656,967,451,516,460,232,228,342,168,174,112,41,71,49,7,42,4,3,1
50049657,94,47,47,54,27,27,24,12,12,14,7,7,2,1,1,0,0,0
50049658,1741,849,892,780,406,374,707,351,356,203,78,125,39,7,32,12,7,5
50049659,2833,1320,1513,1278,658,620,976,483,493,345,127,218,216,37,179,15,12,3
50049660,827,375,452,400,179,221,318,157,161,82,31,51,25,6,19,2,2,0
50049662,2832,1262,1570,1150,592,558,966,477,489,425,141,284,274,43,231,12,9,3
50049663,102,50,52,47,23,24,33,16,17,18,9,9,4,2,2,0,0,0
50049664,2688,1254,1434,1178,609,569,918,461,457,356,136,220,223,42,181,11,6,5
50049665,165,79,86,76,37,39,65,33,32,15,6,9,8,2,6,1,1,0
50049666,3322,1483,1839,1337,670,667,1139,568,571,535,189,346,295,48,247,13,5,8
50049667,870,421,449,462,234,228,264,133,131,105,43,62,31,8,23,8,3,5
50049668,2773,1251,1522,1176,611,565,919,460,459,381,128,253,281,44,237,13,5,8
50049669,291,144,147,107,64,43,115,58,57,40,18,22,29,4,25,0,0,0
50049670,5942,2808,3134,2751,1438,1313,2100,1046,1054,822,280,542,247,35,212,15,7,8
50049671,4287,2016,2271,1827,944,883,1640,812,828,605,215,390,197,32,165,11,7,4
50049672,298,160,138,135,84,51,101,50,51,41,21,20,21,5,16,0,0,0
50049673,22,12,10,14,8,6,4,2,2,4,2,2,0,0,0,0,0,0
50049674,2684,1274,1410,1291,675,616,905,449,456,306,118,188,168,24,144,12,6,6
50049675,883,424,459,504,258,246,189,95,94,141,61,80,44,6,38,5,4,1
50049676,232,103,129,142,64,78,33,17,16,6,4,2,2,0,2,49,18,31
50049677,5724,3251,2473,3351,1983,1368,1150,586,564,979,601,378,185,48,137,53,28,25
50049678,1888,1012,876,1042,607,435,499,256,243,231,124,107,93,10,83,23,15,8
50049679,261,129,132,141,72,69,77,36,41,30,15,15,10,3,7,3,3,0
50049680,1366,673,693,713,386,327,425,206,219,148,59,89,63,14,49,17,8,9
50049681,3092,1463,1629,1497,763,734,975,497,478,418,160,258,185,33,152,10,5,5
50049682,249,112,137,119,56,63,83,42,41,35,11,24,8,0,8,1,1,0
50049683,6590,3029,3561,2934,1515,1419,2216,1093,1123,944,337,607,462,72,390,27,8,19
50049684,136,54,82,73,34,39,25,13,12,19,5,14,19,2,17,0,0,0
50049685,1402,661,741,704,357,347,410,202,208,213,87,126,68,9,59,2,1,1
50049686,1176,551,625,477,240,237,479,237,242,157,60,97,59,11,48,1,0,1
50478501,29,17,12,6,4,2,15,8,7,7,5,2,1,0,1,0,0,0
50478502,284,141,143,130,73,57,59,31,28,50,25,25,43,10,33,0,0,0
50478503,1000,512,488,435,249,186,409,201,208,84,49,35,71,12,59,1,1,0
55216001,994,498,496,475,253,222,372,185,187,84,48,36,63,12,51,0,0,0
55241101,49,23,26,19,11,8,23,12,11,3,0,3,4,0,4,0,0,0
55241102,1388,721,667,587,348,239,531,268,263,188,92,96,78,11,67,4,2,2
50501301,333,160,173,139,75,64,133,66,67,36,15,21,25,4,21,0,0,0
50501302,952,465,487,392,210,182,376,188,188,105,51,54,77,16,61,2,0,2
55410301,184,103,81,75,51,24,83,41,42,18,10,8,8,1,7,0,0,0
54707701,1343,656,687,554,291,263,581,288,293,127,57,70,77,19,58,2,1,1
50508101,228,111,117,91,50,41,112,55,57,7,3,4,18,3,15,0,0,0
50508102,1268,623,645,497,266,231,557,280,277,116,58,58,93,15,78,5,4,1
50508103,211,106,105,95,58,37,79,38,41,15,8,7,22,2,20,0,0,0
55226701,331,157,174,136,69,67,144,74,70,26,11,15,24,2,22,1,1,0
55215101,1116,543,573,476,251,225,458,228,230,110,52,58,71,11,60,1,1,0
50511101,366,190,176,144,90,54,164,82,82,30,15,15,28,3,25,0,0,0
50511102,1164,592,572,419,248,171,504,253,251,121,63,58,119,27,92,1,1,0
55219401,188,95,93,87,47,40,69,35,34,16,10,6,16,3,13,0,0,0
56905401,158,84,74,80,46,34,54,27,27,14,6,8,8,3,5,1,1,0
54701801,582,309,273,243,148,95,253,127,126,57,27,30,29,7,22,0,0,0
56977101,163,78,85,71,38,33,60,31,29,18,6,12,14,3,11,0,0,0
55242901,225,119,106,91,52,39,92,45,47,25,16,9,14,4,10,1,0,1
55201101,824,421,403,357,199,158,353,175,178,77,38,39,36,8,28,1,1,0
50516101,108,47,61,48,20,28,41,20,21,11,4,7,7,2,5,1,1,0
50516102,107,54,53,35,20,15,58,29,29,4,3,1,9,2,7,1,0,1
50516104,362,174,188,173,89,84,143,70,73,26,12,14,20,3,17,0,0,0
50516105,307,152,155,136,70,66,133,67,66,23,12,11,15,3,12,0,0,0
50516106,2444,1189,1255,960,523,437,1018,509,509,285,128,157,176,28,148,3,1,2
50516107,61,31,30,22,13,9,20,10,10,8,3,5,9,3,6,0,0,0
1636510,0,0,0,0,0,0,0,0,0,0,0,0,0,0,0,0,0,0
3417970,0,0,0,0,0,0,0,0,0,0,0,0,0,0,0,0,0,0
50518801,90,47,43,42,25,17,35,18,17,7,2,5,6,2,4,0,0,0
50518802,30,18,12,17,11,6,11,6,5,1,1,0,1,0,1,0,0,0
50518803,136,79,57,53,38,15,55,27,28,16,9,7,12,5,7,0,0,0
50518804,144,69,75,71,35,36,48,24,24,14,6,8,9,3,6,2,1,1
50518805,104,54,50,46,26,20,45,23,22,7,3,4,4,1,3,2,1,1
50518806,978,452,526,395,202,193,358,177,181,140,55,85,80,14,66,3,2,1
50518807,1305,606,699,509,290,219,433,214,219,194,78,116,166,23,143,3,1,2
50518808,1448,640,808,575,307,268,451,223,228,257,84,173,155,20,135,10,6,4
50518809,1094,562,532,593,313,280,236,120,116,213,121,92,48,7,41,4,1,3
50518810,139,66,73,47,21,26,62,31,31,24,13,11,6,1,5,0,0,0
50518811,47,26,21,24,16,8,18,9,9,4,1,3,1,0,1,0,0,0
50518812,108,49,59,44,24,20,26,13,13,24,10,14,14,2,12,0,0,0
50518813,1746,856,890,776,427,349,645,320,325,203,90,113,121,18,103,1,1,0
50518815,857,409,448,304,161,143,393,197,196,102,46,56,57,4,53,1,1,0
50518816,757,353,404,330,168,162,298,145,153,76,28,48,53,12,41,0,0,0
50518817,299,148,151,134,72,62,124,61,63,28,13,15,13,2,11,0,0,0
50518818,764,373,391,356,192,164,266,132,134,89,39,50,52,9,43,1,1,0
50518819,1095,539,556,424,239,185,490,245,245,104,40,64,75,15,60,2,0,2
50518820,1540,746,794,605,331,274,665,332,333,174,68,106,91,13,78,5,2,3
50518821,44,23,21,15,8,7,20,10,10,5,5,0,4,0,4,0,0,0
50518822,41,26,15,25,17,8,9,5,4,3,2,1,4,2,2,0,0,0
50518823,241,124,117,82,46,36,122,62,60,21,14,7,16,2,14,0,0,0
50521801,312,157,155,133,72,61,131,65,66,26,17,9,22,3,19,0,0,0
50521802,1265,646,619,516,306,210,523,261,262,121,57,64,105,22,83,0,0,0
50526901,257,116,141,111,50,61,112,56,56,18,8,10,15,2,13,1,0,1
50526902,672,354,318,265,169,96,277,137,140,77,37,40,51,10,41,2,1,1
50526903,349,179,170,147,87,60,137,71,66,37,17,20,27,4,23,1,0,1
55208901,618,302,316,245,125,120,291,146,145,51,26,25,30,4,26,1,1,0
50529301,198,98,100,84,44,40,94,48,46,8,4,4,12,2,10,0,0,0
50529302,56,26,30,21,8,13,23,12,11,4,4,0,8,2,6,0,0,0
50529303,236,104,132,113,50,63,82,41,41,23,12,11,18,1,17,0,0,0
50529304,1101,534,567,421,225,196,515,254,261,74,39,35,86,13,73,3,1,2
50529305,155,77,78,53,34,19,73,36,37,21,7,14,8,0,8,0,0,0
50536601,118,62,56,53,34,19,42,21,21,10,3,7,12,3,9,1,1,0
50536602,235,124,111,113,64,49,101,50,51,11,6,5,9,3,6,1,1,0
50536603,112,60,52,37,21,16,43,22,21,18,15,3,11,1,10,3,1,2
50536604,1061,522,539,456,240,216,415,208,207,118,60,58,71,13,58,1,1,0
50536605,153,78,75,72,40,32,64,33,31,7,4,3,10,1,9,0,0,0
50536606,82,40,42,34,18,16,32,16,16,8,5,3,8,1,7,0,0,0
50550101,128,66,62,48,26,22,59,30,29,15,9,6,6,1,5,0,0,0
50550102,223,116,107,99,62,37,82,42,40,28,9,19,14,3,11,0,0,0
50550103,1053,539,514,437,257,180,415,208,207,109,57,52,88,15,73,4,2,2
1745480,0,0,0,0,0,0,0,0,0,0,0,0,0,0,0,0,0,0
1746020,0,0,0,0,0,0,0,0,0,0,0,0,0,0,0,0,0,0
1746290,0,0,0,0,0,0,0,0,0,0,0,0,0,0,0,0,0,0
3405700,0,0,0,0,0,0,0,0,0,0,0,0,0,0,0,0,0,0
50558701,295,140,155,109,64,45,95,52,43,30,12,18,60,11,49,1,1,0
50558702,119,63,56,47,27,20,50,25,25,10,5,5,11,6,5,1,0,1
50558703,112,57,55,41,25,16,56,28,28,7,3,4,8,1,7,0,0,0
50558704,122,61,61,49,28,21,50,24,26,15,6,9,6,2,4,2,1,1
50558705,192,92,100,71,33,38,77,38,39,30,17,13,14,4,10,0,0,0
50558706,204,104,100,82,46,36,91,46,45,18,8,10,13,4,9,0,0,0
50558707,396,198,198,149,79,70,177,89,88,42,22,20,28,8,20,0,0,0
50558709,104,51,53,31,18,13,58,29,29,7,3,4,7,0,7,1,1,0
50558710,215,113,102,88,49,39,85,43,42,26,18,8,14,3,11,2,0,2
50558711,2763,1300,1463,1168,670,498,819,408,411,482,182,300,285,34,251,9,6,3
50558712,1529,750,779,564,329,235,655,327,328,189,78,111,116,11,105,5,5,0
50558713,434,214,220,147,81,66,200,101,99,51,25,26,34,6,28,2,1,1
50558714,36,17,19,15,7,8,18,9,9,2,1,1,1,0,1,0,0,0
50558715,1236,618,618,478,276,202,525,265,260,128,57,71,103,20,83,2,0,2
50558716,448,216,232,187,96,91,191,96,95,44,16,28,26,8,18,0,0,0
50558717,1523,697,826,596,324,272,577,283,294,202,64,138,142,21,121,6,5,1
50558718,1209,641,568,607,352,255,356,177,179,173,92,81,67,16,51,5,4,1
50558719,27,14,13,13,7,6,10,5,5,2,2,0,2,0,2,0,0,0
55236401,451,233,218,181,110,71,190,96,94,57,24,33,23,3,20,0,0,0
50560901,3470,1737,1733,1422,782,640,1477,735,742,341,166,175,217,47,170,11,5,6
50565001,345,182,163,150,85,65,161,81,80,18,13,5,16,3,13,0,0,0
50565002,2341,1139,1202,1021,524,497,1001,494,507,199,95,104,114,22,92,6,4,2
50565003,349,178,171,150,84,66,149,74,75,29,16,13,19,2,17,2,2,0
50566801,1359,679,680,590,327,263,539,269,270,138,74,64,92,9,83,0,0,0
55211901,375,184,191,158,82,76,171,84,87,24,14,10,20,4,16,2,0,2
55211902,415,212,203,169,96,73,185,94,91,26,13,13,34,8,26,1,1,0
55211903,570,292,278,246,139,107,241,120,121,43,24,19,38,7,31,1,1,0
56896101,418,220,198,175,108,67,168,86,82,31,17,14,43,9,34,1,0,1
55239901,219,102,117,84,42,42,96,48,48,21,10,11,18,2,16,0,0,0
50586201,422,216,206,174,98,76,183,93,90,37,20,17,26,4,22,2,1,1
50676101,261,121,140,99,51,48,110,54,56,20,9,11,30,6,24,2,1,1
58926801,1099,561,538,463,259,204,451,227,224,111,58,53,73,16,57,1,1,0
58927601,39,20,19,12,8,4,18,9,9,5,3,2,4,0,4,0,0,0
58927602,292,157,135,108,65,43,136,68,68,32,20,12,16,4,12,0,0,0
58927603,171,82,89,75,41,34,65,33,32,17,7,10,14,1,13,0,0,0
58928401,292,144,148,127,66,61,112,57,55,29,14,15,23,6,17,1,1,0
58929201,448,196,252,182,94,88,156,78,78,50,19,31,60,5,55,0,0,0
58930601,99,45,54,37,18,19,46,22,24,5,2,3,10,2,8,1,1,0
58930602,27,17,10,3,2,1,16,9,7,6,5,1,2,1,1,0,0,0
58931401,125,64,61,44,25,19,60,31,29,9,6,3,10,1,9,2,1,1
58931402,575,280,295,222,122,100,239,117,122,56,28,28,58,13,45,0,0,0
58931403,80,41,39,31,18,13,36,18,18,7,4,3,6,1,5,0,0,0
58932202,1292,636,656,537,290,247,523,261,262,140,65,75,89,18,71,3,2,1
58932203,126,60,66,48,25,23,55,27,28,12,7,5,11,1,10,0,0,0
58933101,184,100,84,66,41,25,89,45,44,19,13,6,10,1,9,0,0,0
58934901,303,169,134,124,87,37,131,66,65,25,12,13,23,4,19,0,0,0
58934902,65,33,32,21,11,10,30,15,15,8,6,2,6,1,5,0,0,0
58934903,42,19,23,19,10,9,18,9,9,0,0,0,5,0,5,0,0,0
58935701,285,139,146,98,60,38,134,68,66,17,10,7,35,1,34,1,0,1
58936501,481,248,233,191,107,84,215,108,107,41,25,16,34,8,26,0,0,0
58938101,1003,497,506,389,210,179,484,244,240,68,33,35,59,9,50,3,1,2
58939001,489,254,235,195,116,79,209,104,105,50,26,24,32,6,26,1,0,1
58940301,1004,502,502,407,233,174,395,198,197,117,58,59,82,11,71,1,0,1
58940302,121,62,59,58,36,22,44,21,23,13,5,8,6,0,6,0,0,0
58940303,162,75,87,80,35,45,65,32,33,8,5,3,9,3,6,0,0,0
58942001,535,262,273,212,111,101,231,114,117,46,28,18,45,9,36,1,0,1
58943801,330,176,154,126,82,44,164,82,82,24,10,14,16,2,14,0,0,0
58944601,782,392,390,360,205,155,290,145,145,67,34,33,63,8,55,2,0,2
58945401,386,196,190,148,84,64,163,82,81,50,25,25,22,4,18,3,1,2
58945402,114,55,59,48,25,23,45,23,22,15,5,10,6,2,4,0,0,0
58946201,487,252,235,199,125,74,195,96,99,39,23,16,53,7,46,1,1,0
55841901,26,14,12,14,9,5,11,5,6,0,0,0,1,0,1,0,0,0
55841902,1379,689,690,562,301,261,611,307,304,112,55,57,87,21,66,5,3,2
58948901,454,227,227,182,101,81,185,94,91,54,26,28,33,6,27,0,0,0
58949701,219,108,111,81,44,37,100,51,49,16,9,7,22,4,18,0,0,0
54996701,111,57,54,41,27,14,46,23,23,13,7,6,11,0,11,0,0,0
58950102,320,164,156,131,72,59,143,72,71,22,13,9,22,6,16,2,1,1
58951901,667,342,325,281,172,109,272,138,134,58,23,35,55,8,47,1,1,0
58951902,88,43,45,40,20,20,28,15,13,11,5,6,9,3,6,0,0,0
58951903,87,44,43,38,21,17,37,19,18,4,2,2,8,2,6,0,0,0
58952701,221,110,111,104,56,48,77,39,38,22,11,11,18,4,14,0,0,0
58952702,171,80,91,74,35,39,78,40,38,12,5,7,6,0,6,1,0,1
58953501,206,114,92,81,54,27,96,48,48,13,7,6,15,5,10,1,0,1
58954301,691,347,344,294,164,130,310,156,154,38,19,19,47,6,41,2,2,0
58954302,90,48,42,29,20,9,42,20,22,10,6,4,9,2,7,0,0,0
54354301,236,122,114,108,61,47,94,48,46,20,10,10,13,2,11,0,0,0
58956001,388,210,178,154,98,56,185,94,91,14,10,4,34,7,27,0,0,0
58956002,99,47,52,45,24,21,39,19,20,5,4,1,10,0,10,0,0,0
58956003,20,9,11,4,3,1,12,6,6,3,0,3,1,0,1,0,0,0
58956004,113,61,52,39,27,12,62,30,32,5,3,2,7,1,6,0,0,0
58957801,427,221,206,173,105,68,158,80,78,55,26,29,41,10,31,0,0,0
58958601,311,163,148,115,67,48,110,55,55,45,31,14,40,9,31,1,1,0
58959402,336,163,173,124,63,61,156,78,78,30,19,11,26,3,23,0,0,0
58960801,814,394,420,361,193,168,330,166,164,63,27,36,58,8,50,2,0,2
58961601,280,153,127,123,76,47,120,60,60,23,13,10,14,4,10,0,0,0
58962401,90,49,41,44,27,17,37,18,19,4,2,2,5,2,3,0,0,0
58962402,165,87,78,66,41,25,69,34,35,11,8,3,19,4,15,0,0,0
58962404,110,58,52,21,14,7,64,32,32,16,10,6,8,1,7,1,1,0
58962405,40,22,18,20,12,8,14,7,7,3,1,2,3,2,1,0,0,0
58962406,1940,930,1010,799,432,367,802,399,403,192,80,112,143,17,126,4,2,2
58962407,145,73,72,59,37,22,62,31,31,14,5,9,10,0,10,0,0,0
58962408,115,59,56,37,23,14,54,27,27,13,6,7,10,2,8,1,1,0
58963201,2838,1350,1488,1111,588,523,1218,608,610,258,110,148,244,40,204,5,2,3
58964101,154,85,69,64,41,23,72,37,35,9,5,4,9,2,7,0,0,0
58964102,103,55,48,36,22,14,49,24,25,10,6,4,8,3,5,0,0,0
58965901,278,141,137,119,65,54,125,62,63,18,10,8,16,4,12,0,0,0
58965902,1258,642,616,554,309,245,566,289,277,83,33,50,53,10,43,2,1,1
58965903,28,15,13,12,7,5,11,5,6,2,2,0,3,1,2,0,0,0
58965904,93,43,50,31,13,18,45,22,23,10,5,5,6,3,3,1,0,1
58966701,545,274,271,217,129,88,234,116,118,48,23,25,45,6,39,1,0,1
58967501,75,41,34,20,15,5,43,22,21,7,4,3,5,0,5,0,0,0
58967502,101,50,51,43,22,21,47,24,23,5,3,2,6,1,5,0,0,0
58967503,89,40,49,32,15,17,44,23,21,4,1,3,9,1,8,0,0,0
58967504,282,139,143,106,59,47,142,70,72,14,7,7,19,2,17,1,1,0
58968301,353,179,174,135,78,57,160,80,80,33,17,16,25,4,21,0,0,0
58969101,197,104,93,72,48,24,88,43,45,23,10,13,14,3,11,0,0,0
58969102,368,188,180,115,69,46,202,102,100,20,10,10,31,7,24,0,0,0
58969103,82,43,39,26,12,14,41,22,19,7,5,2,8,4,4,0,0,0
58969104,23,12,11,9,6,3,9,4,5,3,2,1,2,0,2,0,0,0
58970501,49,21,28,21,8,13,24,12,12,0,0,0,3,1,2,1,0,1
58970502,175,79,96,53,30,23,70,35,35,21,11,10,31,3,28,0,0,0
58970503,68,40,28,20,16,4,42,21,21,3,3,0,3,0,3,0,0,0
58970504,67,35,32,24,13,11,33,17,16,5,4,1,5,1,4,0,0,0
58970505,134,63,71,45,24,21,67,33,34,10,6,4,12,0,12,0,0,0
58971301,367,185,182,143,82,61,153,79,74,28,14,14,42,10,32,1,0,1
58972101,494,264,230,215,129,86,196,99,97,51,27,24,30,7,23,2,2,0
58973001,842,421,421,280,161,119,384,191,193,97,48,49,76,18,58,5,3,2
58973002,570,290,280,228,134,94,257,128,129,54,22,32,31,6,25,0,0,0
58973003,129,61,68,46,19,27,60,31,29,19,11,8,4,0,4,0,0,0
58973004,30,13,17,9,3,6,15,8,7,5,2,3,1,0,1,0,0,0
58974801,103,52,51,33,16,17,56,29,27,6,4,2,8,3,5,0,0,0
58974802,167,89,78,60,36,24,72,35,37,22,14,8,13,4,9,0,0,0
58974803,355,179,176,141,79,62,158,78,80,29,17,12,27,5,22,0,0,0
58975601,1854,908,946,756,418,338,754,375,379,182,82,100,157,31,126,5,2,3
58976401,1414,749,665,692,415,277,533,263,270,102,50,52,84,18,66,3,3,0
58976402,65,39,26,31,23,8,21,11,10,9,4,5,4,1,3,0,0,0
58977201,326,158,168,136,74,62,131,66,65,35,17,18,24,1,23,0,0,0
58979901,270,134,136,124,70,54,94,48,46,31,16,15,21,0,21,0,0,0
58980201,28,15,13,10,7,3,10,4,6,5,3,2,3,1,2,0,0,0
58980202,414,209,205,164,93,71,190,97,93,34,16,18,24,2,22,2,1,1
58981101,184,93,91,81,47,34,81,41,40,8,4,4,14,1,13,0,0,0
58982901,171,80,91,80,37,43,66,34,32,10,6,4,14,3,11,0,0,0
58982902,1606,792,814,698,375,323,671,337,334,145,65,80,91,14,77,1,1,0
58983701,322,172,150,127,82,45,141,73,68,24,11,13,29,6,23,1,0,1
58984502,945,468,477,365,205,160,410,204,206,93,46,47,75,12,63,2,1,1
58984503,340,167,173,141,72,69,143,72,71,29,17,12,25,4,21,1,1,0
58985301,258,135,123,97,64,33,108,53,55,28,13,15,24,5,19,1,0,1
55719601,194,101,93,86,52,34,75,37,38,19,8,11,14,4,10,0,0,0
55719602,64,28,36,20,9,11,24,12,12,13,7,6,7,0,7,0,0,0
58987001,733,368,365,321,176,145,312,157,155,60,29,31,40,6,34,0,0,0
58988801,695,347,348,280,156,124,318,159,159,52,22,30,45,10,35,0,0,0
58989601,1619,793,826,644,354,290,667,332,335,207,93,114,99,13,86,2,1,1
58989602,301,131,170,108,61,47,104,53,51,25,8,17,63,9,54,1,0,1
58989603,143,80,63,56,40,16,50,25,25,21,13,8,16,2,14,0,0,0
58989604,194,98,96,77,43,34,79,41,38,29,12,17,9,2,7,0,0,0
54998301,138,69,69,49,33,16,69,33,36,6,3,3,14,0,14,0,0,0
1335400,0,0,0,0,0,0,0,0,0,0,0,0,0,0,0,0,0,0
3043790,0,0,0,0,0,0,0,0,0,0,0,0,0,0,0,0,0,0
3204120,0,0,0,0,0,0,0,0,0,0,0,0,0,0,0,0,0,0
3204390,0,0,0,0,0,0,0,0,0,0,0,0,0,0,0,0,0,0
3204550,0,0,0,0,0,0,0,0,0,0,0,0,0,0,0,0,0,0
3407070,0,0,0,0,0,0,0,0,0,0,0,0,0,0,0,0,0,0
58925002,1515,745,770,587,309,278,714,358,356,134,64,70,78,13,65,2,1,1
58925004,60,27,33,27,15,12,17,8,9,10,4,6,6,0,6,0,0,0
58925005,1098,525,573,401,202,199,528,264,264,96,45,51,73,14,59,0,0,0
58925007,2318,1106,1212,1033,535,498,906,449,457,262,103,159,115,19,96,2,0,2
58925010,376,176,200,152,79,73,123,64,59,74,28,46,26,5,21,1,0,1
58925011,143,74,69,46,32,14,75,37,38,10,2,8,11,3,8,1,0,1
58925012,3372,1647,1725,1333,708,625,1403,701,702,415,186,229,207,42,165,11,7,4
58925013,337,160,177,127,70,57,157,76,81,19,9,10,34,5,29,0,0,0
58925014,26,13,13,6,3,3,16,8,8,3,2,1,1,0,1,0,0,0
58925015,4860,2257,2603,1858,986,872,1894,954,940,654,243,411,436,64,372,15,8,7
58925017,69,41,28,35,23,12,22,12,10,9,6,3,2,0,2,1,0,1
58925018,2335,1035,1300,935,470,465,787,388,399,389,142,247,214,34,180,10,1,9
58925019,3036,1388,1648,1376,712,664,916,456,460,465,171,294,262,41,221,17,8,9
58925020,3927,1887,2040,1705,922,783,1441,714,727,511,198,313,260,48,212,9,4,5
58925022,349,137,212,108,54,54,102,54,48,72,26,46,65,3,62,0,0,0
58925024,4460,2156,2304,1741,986,755,1764,893,871,703,233,470,247,41,206,4,2,2
58925025,2140,1050,1090,888,498,390,792,394,398,298,113,185,153,40,113,6,2,4
58925026,3916,1754,2162,1544,799,745,1353,669,684,661,225,436,351,59,292,7,2,5
58925027,2252,1230,1022,1208,707,501,522,260,262,437,251,186,75,5,70,9,6,3
58925029,106,60,46,47,29,18,42,25,17,9,4,5,6,2,4,0,0,0
58925030,30,17,13,17,9,8,11,8,3,2,0,2,0,0,0,0,0,0
58925031,2161,959,1202,857,462,395,660,326,334,349,134,215,287,34,253,6,1,5
58925032,2166,1025,1141,945,509,436,749,370,379,299,116,183,169,26,143,3,3,0
58925033,276,79,197,94,36,58,27,16,11,48,11,37,100,15,85,7,1,6
58925034,58,44,14,26,21,5,4,2,2,25,20,5,3,1,2,0,0,0
58925035,2280,1100,1180,1069,569,500,730,357,373,325,136,189,147,34,113,9,4,5
58991801,306,163,143,138,84,54,117,60,57,31,15,16,20,4,16,0,0,0
58992601,1012,496,516,420,227,193,457,232,225,56,25,31,76,11,65,3,1,2
58993401,1073,551,522,429,254,175,449,229,220,100,52,48,91,13,78,4,3,1
58993402,128,65,63,48,25,23,53,28,25,16,8,8,11,4,7,0,0,0
58994201,34,18,16,17,11,6,10,5,5,4,2,2,3,0,3,0,0,0
58994202,714,374,340,298,186,112,297,152,145,72,29,43,46,6,40,1,1,0
58994203,101,55,46,42,26,16,39,20,19,11,8,3,9,1,8,0,0,0
58994204,197,102,95,77,42,35,78,38,40,24,15,9,15,5,10,1,0,1
58995101,194,86,108,83,43,40,79,38,41,13,4,9,19,1,18,0,0,0
58996901,94,48,46,41,22,19,38,19,19,6,5,1,9,2,7,0,0,0
58997701,104,52,52,44,25,19,34,17,17,17,10,7,9,0,9,0,0,0
58997702,534,280,254,215,129,86,216,108,108,60,33,27,42,9,33,1,1,0
50677001,508,253,255,211,115,96,218,110,108,40,21,19,39,7,32,0,0,0
58999301,263,131,132,100,52,48,119,59,60,24,16,8,20,4,16,0,0,0
59000201,305,157,148,136,78,58,118,60,58,29,18,11,21,1,20,1,0,1
59001101,577,293,284,243,136,107,262,129,133,43,22,21,29,6,23,0,0,0
59002901,1539,792,747,588,339,249,714,359,355,138,71,67,96,21,75,2,2,0
59004501,83,49,34,35,23,12,30,16,14,13,8,5,5,2,3,0,0,0
59005301,176,77,99,73,33,40,75,37,38,16,6,10,12,1,11,0,0,0
59005302,366,188,178,165,98,67,154,77,77,26,10,16,18,3,15,1,0,1
3242720,0,0,0,0,0,0,0,0,0,0,0,0,0,0,0,0,0,0
59006101,158,81,77,66,41,25,66,33,33,16,7,9,10,0,10,0,0,0
59007002,117,57,60,44,25,19,51,26,25,11,5,6,10,0,10,1,1,0
59007003,100,45,55,34,18,16,41,20,21,10,3,7,15,4,11,0,0,0
59007004,43,25,18,17,13,4,13,7,6,6,3,3,7,2,5,0,0,0
59007005,157,78,79,55,27,28,66,35,31,23,14,9,13,2,11,0,0,0
59008801,176,99,77,64,44,20,83,41,42,17,12,5,12,2,10,0,0,0
59008802,53,29,24,20,14,6,22,11,11,6,4,2,5,0,5,0,0,0
59008803,308,166,142,125,74,51,148,76,72,12,10,2,21,4,17,2,2,0
59009601,64,32,32,38,20,18,14,7,7,6,3,3,6,2,4,0,0,0
59009602,180,90,90,73,44,29,63,33,30,18,8,10,23,3,20,3,2,1
59010001,434,225,209,194,110,84,168,85,83,30,20,10,40,9,31,2,1,1
59011801,272,130,142,118,68,50,94,47,47,27,11,16,33,4,29,0,0,0
59012601,1314,644,670,555,302,253,574,286,288,97,47,50,86,7,79,1,1,0
59013401,608,347,261,314,227,87,156,76,80,59,29,30,75,11,64,4,4,0
59014201,532,262,270,229,121,108,219,111,108,48,22,26,34,7,27,2,1,1
54471001,113,52,61,40,21,19,50,25,25,10,4,6,13,2,11,0,0,0
59015101,178,85,93,76,42,34,64,31,33,24,12,12,14,0,14,0,0,0
59017701,327,169,158,126,73,53,145,72,73,35,18,17,19,5,14,2,1,1
59017702,246,123,123,91,50,41,107,55,52,33,17,16,14,1,13,1,0,1
59018501,571,285,286,267,141,126,210,108,102,64,31,33,30,5,25,0,0,0
59018502,322,153,169,139,73,66,128,63,65,26,12,14,29,5,24,0,0,0
59018503,821,409,412,354,190,164,326,164,162,81,38,43,57,15,42,3,2,1
59019301,117,50,67,49,22,27,48,24,24,9,2,7,11,2,9,0,0,0
59019302,466,231,235,200,107,93,207,104,103,35,15,20,23,4,19,0,0,0
59020701,540,263,277,236,118,118,214,107,107,56,31,25,34,7,27,0,0,0
59021501,503,249,254,223,122,101,197,97,100,59,25,34,24,5,19,0,0,0
59022301,30,20,10,9,7,2,13,7,6,8,6,2,0,0,0,0,0,0
59022302,330,162,168,137,73,64,127,62,65,49,22,27,17,5,12,0,0,0
59024001,551,280,271,243,136,107,220,111,109,46,25,21,42,8,34,0,0,0
51223101,1232,642,590,569,331,238,450,222,228,133,70,63,77,18,59,3,1,2
51223102,259,131,128,105,59,46,118,58,60,20,10,10,16,4,12,0,0,0
51223103,107,52,55,52,28,24,35,18,17,12,4,8,8,2,6,0,0,0
51223104,150,74,76,64,33,31,62,31,31,14,6,8,10,4,6,0,0,0
51228101,548,275,273,196,116,80,260,130,130,44,22,22,47,6,41,1,1,0
51228102,81,43,38,30,19,11,40,20,20,6,4,2,5,0,5,0,0,0
51240101,169,82,87,65,37,28,80,40,40,9,5,4,14,0,14,1,0,1
56917801,307,146,161,107,55,52,149,76,73,21,10,11,30,5,25,0,0,0
51253202,927,461,466,359,203,156,406,208,198,82,37,45,77,12,65,3,1,2
51280001,1626,795,831,659,377,282,640,317,323,184,81,103,141,18,123,2,2,0
51280002,186,92,94,81,44,37,82,42,40,10,5,5,13,1,12,0,0,0
51282601,364,201,163,144,94,50,168,82,86,32,22,10,20,3,17,0,0,0
51287701,368,185,183,142,76,66,181,91,90,18,10,8,26,7,19,1,1,0
56913501,290,145,145,111,66,45,139,69,70,15,8,7,25,2,23,0,0,0
51298201,500,249,251,206,111,95,219,110,109,40,21,19,35,7,28,0,0,0
55277101,286,142,144,104,63,41,128,62,66,22,12,10,32,5,27,0,0,0
51305901,130,64,66,55,30,25,50,25,25,16,8,8,9,1,8,0,0,0
51306701,488,245,243,194,116,78,213,106,107,42,19,23,38,3,35,1,1,0
51306703,220,108,112,81,45,36,104,53,51,14,8,6,21,2,19,0,0,0
51310501,214,108,106,84,48,36,97,49,48,17,10,7,15,0,15,1,1,0
56925901,246,121,125,100,57,43,113,57,56,14,6,8,19,1,18,0,0,0
55298401,70,25,45,28,7,21,30,15,15,6,3,3,6,0,6,0,0,0
51319901,524,268,256,220,127,93,218,109,109,43,23,20,43,9,34,0,0,0
51319902,337,176,161,132,82,50,150,73,77,37,18,19,18,3,15,0,0,0
51319903,291,145,146,110,58,52,131,67,64,32,15,17,18,5,13,0,0,0
51321101,502,254,248,200,111,89,221,113,108,50,25,25,30,4,26,1,1,0
51322901,1451,756,695,649,398,251,575,287,288,104,51,53,117,17,100,6,3,3
56919401,145,69,76,46,26,20,77,38,39,10,3,7,12,2,10,0,0,0
56926701,225,108,117,79,41,38,112,56,56,17,8,9,17,3,14,0,0,0
51349101,1623,810,813,639,361,278,708,356,352,148,70,78,126,23,103,2,0,2
56927501,216,116,100,88,54,34,97,49,48,13,7,6,17,5,12,1,1,0
55296801,139,69,70,48,25,23,71,36,35,11,8,3,9,0,9,0,0,0
56954201,403,206,197,146,92,54,192,96,96,29,16,13,36,2,34,0,0,0
51363601,295,149,146,123,70,53,127,64,63,23,11,12,20,3,17,2,1,1
51373301,296,144,152,123,70,53,138,68,70,13,6,7,22,0,22,0,0,0
0477910,0,0,0,0,0,0,0,0,0,0,0,0,0,0,0,0,0,0
0478300,0,0,0,0,0,0,0,0,0,0,0,0,0,0,0,0,0,0
3055610,0,0,0,0,0,0,0,0,0,0,0,0,0,0,0,0,0,0
3408550,0,0,0,0,0,0,0,0,0,0,0,0,0,0,0,0,0,0
51375001,1780,875,905,751,418,333,635,317,318,252,111,141,129,21,108,13,8,5
51375002,21,14,7,9,8,1,8,4,4,4,2,2,0,0,0,0,0,0
51375003,850,408,442,289,158,131,393,199,194,79,32,47,89,19,70,0,0,0
51375004,785,357,428,243,150,93,287,142,145,85,36,49,167,26,141,3,3,0
51375005,41,30,11,6,5,1,26,18,8,9,7,2,0,0,0,0,0,0
51375008,26,14,12,10,6,4,10,5,5,4,2,2,2,1,1,0,0,0
51375009,1227,576,651,561,298,263,398,191,207,176,65,111,87,18,69,5,4,1
51375010,54,29,25,16,10,6,24,13,11,11,6,5,3,0,3,0,0,0
51375012,474,227,247,195,107,88,201,98,103,42,16,26,34,4,30,2,2,0
51375013,1421,659,762,610,328,282,451,229,222,230,76,154,128,26,102,2,0,2
51375014,1263,608,655,615,339,276,359,181,178,196,66,130,78,12,66,11,8,3
51375015,788,378,410,291,162,129,339,168,171,76,30,46,77,14,63,5,4,1
51375016,1867,879,988,724,398,326,716,354,362,279,94,185,136,26,110,12,7,5
51375017,593,294,299,215,114,101,289,147,142,54,23,31,34,10,24,1,0,1
51375018,2465,1157,1308,1001,527,474,940,471,469,350,137,213,162,15,147,12,7,5
51375019,991,559,432,528,323,205,228,115,113,192,114,78,35,4,31,6,1,5
51375020,73,36,37,42,21,21,28,14,14,2,1,1,1,0,1,0,0,0
51375021,25,12,13,7,2,5,1,1,0,9,7,2,7,2,5,0,0,0
51375022,92,55,37,56,35,21,10,5,5,21,12,9,5,3,2,0,0,0
51375024,1514,767,747,580,323,257,694,349,345,143,73,70,95,20,75,2,2,0
51375025,25,16,9,9,7,2,11,6,5,4,2,2,1,1,0,0,0,0
51375026,254,118,136,114,56,58,99,48,51,23,11,12,18,3,15,0,0,0
51375027,44,25,19,16,11,5,21,11,10,7,3,4,0,0,0,0,0,0
51375028,71,32,39,27,12,15,32,16,16,10,4,6,2,0,2,0,0,0
51375029,56,31,25,20,12,8,32,17,15,2,1,1,2,1,1,0,0,0
51375030,135,68,67,57,36,21,53,26,27,9,4,5,16,2,14,0,0,0
51375031,91,44,47,35,19,16,40,21,19,8,4,4,8,0,8,0,0,0
51375032,443,220,223,171,98,73,200,101,99,26,15,11,46,6,40,0,0,0
51376801,1227,594,633,485,260,225,537,271,266,106,47,59,96,14,82,2,1,1
51376802,225,108,117,87,46,41,108,54,54,19,8,11,11,0,11,0,0,0
51376803,58,33,25,25,16,9,24,12,12,6,4,2,3,1,2,0,0,0
51376804,185,100,85,73,50,23,86,44,42,7,3,4,19,3,16,0,0,0
55699801,86,44,42,42,23,19,29,15,14,9,5,4,6,1,5,0,0,0
55699802,565,283,282,229,133,96,239,121,118,51,22,29,46,7,39,0,0,0
51387301,458,225,233,169,94,75,215,109,106,30,15,15,43,7,36,1,0,1
56928301,135,58,77,60,27,33,52,26,26,10,2,8,13,3,10,0,0,0
51404701,242,118,124,93,51,42,118,59,59,13,7,6,18,1,17,0,0,0
51405501,5378,2650,2728,2233,1245,988,2039,1023,1016,656,292,364,435,85,350,12,4,8
51405502,147,80,67,58,37,21,59,30,29,19,12,7,11,1,10,0,0,0
51405503,166,78,88,69,34,35,77,39,38,11,4,7,9,1,8,0,0,0
51415201,1114,530,584,453,231,222,456,226,230,105,55,50,100,18,82,0,0,0
56914301,421,213,208,182,102,80,175,90,85,33,16,17,31,5,26,0,0,0
55278001,412,201,211,176,98,78,164,83,81,36,14,22,36,6,30,0,0,0
51444601,153,71,82,59,30,29,64,33,31,14,6,8,16,2,14,0,0,0
51444602,32,21,11,12,10,2,13,7,6,7,4,3,0,0,0,0,0,0
51447102,530,276,254,221,132,89,238,121,117,34,16,18,37,7,30,0,0,0
51449701,298,142,156,103,53,50,150,75,75,19,10,9,25,3,22,0,0,0
51452701,75,42,33,34,24,10,22,12,10,14,4,10,5,2,3,0,0,0
3409280,0,0,0,0,0,0,0,0,0,0,0,0,0,0,0,0,0,0
51470501,50,26,24,21,13,8,22,11,11,4,2,2,3,0,3,0,0,0
51470502,2407,1136,1271,904,493,411,942,467,475,348,135,213,207,37,170,4,2,2
51470503,53,33,20,25,17,8,19,10,9,6,5,1,2,1,1,1,0,1
51470504,49,27,22,17,12,5,27,13,14,1,0,1,4,2,2,0,0,0
51470505,911,424,487,395,197,198,353,176,177,104,46,58,56,5,51,1,0,1
51470506,42,23,19,14,10,4,18,9,9,6,4,2,4,0,4,0,0,0
51470507,1740,844,896,702,393,309,708,356,352,192,76,116,136,19,117,2,0,2
51470508,61,33,28,34,17,17,12,6,6,15,10,5,0,0,0,0,0,0
51470510,1265,662,603,670,373,297,358,182,176,169,96,73,64,11,53,4,0,4
51470511,29,17,12,11,7,4,10,5,5,7,4,3,1,1,0,0,0,0
51470512,460,242,218,187,122,65,200,100,100,35,18,17,38,2,36,0,0,0
51470513,220,109,111,84,45,39,99,50,49,20,11,9,17,3,14,0,0,0
51470514,308,151,157,118,65,53,139,69,70,27,12,15,23,4,19,1,1,0
51470515,115,52,63,55,26,29,41,21,20,11,5,6,8,0,8,0,0,0
51477201,261,129,132,104,63,41,100,49,51,31,15,16,26,2,24,0,0,0
51480201,244,127,117,91,52,39,115,59,56,22,15,7,13,0,13,1,1,0
51519101,612,327,285,240,147,93,276,140,136,51,30,21,44,10,34,1,0,1
51519102,39,15,24,25,11,14,7,3,4,6,1,5,1,0,1,0,0,0
51519103,37,17,20,16,6,10,12,6,6,6,3,3,2,1,1,1,1,0
50015101,105,57,48,46,31,15,40,20,20,13,5,8,6,1,5,0,0,0
51532901,352,186,166,142,83,59,164,86,78,25,13,12,21,4,17,0,0,0
55290901,657,327,330,298,163,135,267,134,133,37,20,17,54,10,44,1,0,1
51541801,413,194,219,162,76,86,182,92,90,43,22,21,25,4,21,0,0,0
51547702,282,153,129,108,64,44,138,73,65,17,9,8,17,5,12,2,2,0
55281001,151,74,77,67,39,28,58,29,29,12,6,6,14,0,14,0,0,0
51578701,198,90,108,79,35,44,85,44,41,22,9,13,10,1,9,2,1,1
51582501,113,56,57,49,28,21,38,19,19,16,9,7,10,0,10,0,0,0
55284401,33,18,15,7,4,3,15,9,6,7,4,3,4,1,3,0,0,0
55284402,472,236,236,194,106,88,204,104,100,37,19,18,37,7,30,0,0,0
51620101,774,397,377,325,184,141,323,163,160,67,38,29,55,10,45,4,2,2
55300001,298,155,143,118,73,45,117,59,58,36,18,18,27,5,22,0,0,0
51635001,85,42,43,30,17,13,45,23,22,3,2,1,7,0,7,0,0,0
51661901,1250,618,632,528,285,243,542,268,274,109,50,59,71,15,56,0,0,0
51663501,394,200,194,168,95,73,169,83,86,35,18,17,22,4,18,0,0,0
51668601,480,247,233,195,117,78,232,114,118,24,13,11,29,3,26,0,0,0
51669401,621,306,315,251,142,109,241,121,120,53,30,23,75,12,63,1,1,0
51669402,90,46,44,35,20,15,48,24,24,3,1,2,4,1,3,0,0,0
51686401,189,89,100,81,41,40,65,33,32,21,13,8,20,2,18,0,0,0
51689901,485,240,245,205,106,99,215,108,107,41,25,16,24,1,23,0,0,0
51691101,274,139,135,133,81,52,79,40,39,33,15,18,29,3,26,0,0,0
51710101,96,47,49,41,22,19,33,17,16,12,6,6,9,2,7,1,0,1
51710102,105,58,47,34,20,14,62,32,30,6,5,1,3,1,2,0,0,0
51710103,153,75,78,70,35,35,64,33,31,8,6,2,11,1,10,0,0,0
51710104,93,47,46,38,22,16,39,19,20,8,4,4,8,2,6,0,0,0
51710105,617,322,295,255,158,97,228,113,115,74,40,34,59,11,48,1,0,1
51710106,67,34,33,22,12,10,36,18,18,0,0,0,9,4,5,0,0,0
51715101,375,179,196,126,62,64,152,77,75,61,35,26,34,3,31,2,2,0
51715102,319,163,156,127,69,58,150,74,76,18,10,8,24,10,14,0,0,0
51715103,58,27,31,32,15,17,10,5,5,12,7,5,4,0,4,0,0,0
51720801,150,81,69,67,38,29,56,28,28,20,14,6,7,1,6,0,0,0
1349370,0,0,0,0,0,0,0,0,0,0,0,0,0,0,0,0,0,0
1349960,0,0,0,0,0,0,0,0,0,0,0,0,0,0,0,0,0,0
3055960,0,0,0,0,0,0,0,0,0,0,0,0,0,0,0,0,0,0
3408980,0,0,0,0,0,0,0,0,0,0,0,0,0,0,0,0,0,0
51138201,589,300,289,223,129,94,282,143,139,47,23,24,37,5,32,0,0,0
51138202,481,237,244,183,100,83,216,109,107,45,23,22,37,5,32,0,0,0
51138205,29,14,15,9,4,5,14,7,7,3,2,1,3,1,2,0,0,0
51138206,2276,1094,1182,883,490,393,923,460,463,344,118,226,125,25,100,1,1,0
51138207,1402,669,733,533,289,244,624,314,310,135,49,86,109,17,92,1,0,1
51138209,285,142,143,103,55,48,130,65,65,25,17,8,27,5,22,0,0,0
51138210,872,407,465,345,173,172,340,171,169,108,47,61,77,16,61,2,0,2
51138211,4660,2179,2481,1830,1005,825,1686,832,854,769,273,496,361,61,300,11,6,5
51138213,1383,666,717,603,329,274,473,238,235,218,83,135,84,13,71,5,3,2
51138214,337,191,146,203,115,88,72,38,34,49,32,17,12,5,7,1,1,0
51138216,2779,1330,1449,1023,546,477,1179,596,583,382,150,232,191,34,157,4,4,0
51138217,2322,1100,1222,1187,608,579,608,305,303,363,154,209,156,28,128,6,5,1
51138218,2231,1067,1164,822,456,366,878,437,441,332,133,199,193,39,154,6,2,4
51138219,1242,596,646,487,257,230,431,218,213,214,95,119,107,23,84,1,1,0
51138220,53,28,25,29,13,16,12,8,4,12,7,5,0,0,0,0,0,0
51138221,3972,1859,2113,1549,838,711,1451,727,724,536,217,319,425,69,356,5,3,2
51138222,2713,1502,1211,1294,791,503,766,387,379,487,281,206,157,36,121,4,4,0
51138223,229,83,146,43,26,17,93,44,49,36,8,28,57,5,52,0,0,0
51138225,1491,707,784,565,325,240,553,278,275,210,77,133,158,24,134,5,3,2
51138227,1912,890,1022,711,387,324,716,354,362,311,110,201,169,36,133,5,3,2
51138228,2348,1119,1229,907,513,394,860,428,432,369,136,233,207,39,168,3,1,2
51138229,108,54,54,76,37,39,27,15,12,5,2,3,0,0,0,0,0,0
51138230,2771,1282,1489,1066,593,473,953,476,477,442,170,272,301,38,263,9,5,4
51138232,38,17,21,11,3,8,18,11,7,6,3,3,3,0,3,0,0,0
51138233,66,36,30,28,17,11,35,18,17,2,1,1,0,0,0,1,0,1
51138234,55,26,29,30,14,16,17,9,8,5,2,3,3,1,2,0,0,0
51138235,649,319,330,221,118,103,316,158,158,54,32,22,55,8,47,1,1,0
51138236,349,176,173,133,71,62,156,78,78,34,22,12,25,4,21,1,1,0
51138237,436,228,208,165,98,67,219,111,108,25,10,15,25,7,18,0,0,0
51138238,77,34,43,34,18,16,20,10,10,12,5,7,11,1,10,0,0,0
51138239,868,431,437,333,185,148,393,198,195,78,39,39,61,9,52,1,0,1
51138241,187,95,92,72,39,33,77,40,37,22,12,10,14,4,10,0,0,0
51138242,242,121,121,92,51,41,117,60,57,15,7,8,17,2,15,0,0,0
51138243,39,19,20,14,7,7,15,7,8,8,5,3,2,0,2,0,0,0
51138244,672,319,353,215,109,106,353,175,178,58,26,32,45,8,37,1,1,0
51138245,44,22,22,18,11,7,21,10,11,4,1,3,1,0,1,0,0,0
51138246,518,281,237,186,115,71,255,131,124,45,24,21,30,9,21,2,2,0
51138247,152,82,70,57,34,23,59,30,29,21,15,6,15,3,12,0,0,0
51138249,142,74,68,49,28,21,59,30,29,22,15,7,12,1,11,0,0,0
51722401,255,136,119,104,65,39,101,49,52,24,13,11,25,8,17,1,1,0
51727501,158,81,77,56,28,28,81,42,39,13,7,6,8,4,4,0,0,0
51732101,281,97,184,50,24,26,70,37,33,43,23,20,114,12,102,4,1,3
51743701,141,76,65,58,34,24,62,31,31,11,6,5,10,5,5,0,0,0
51744501,171,86,85,62,34,28,81,41,40,12,8,4,15,2,13,1,1,0
51753401,1081,544,537,439,240,199,500,250,250,72,37,35,69,17,52,1,0,1
51756901,262,131,131,113,64,49,104,53,51,25,12,13,20,2,18,0,0,0
51758501,381,195,186,173,97,76,156,78,78,28,18,10,24,2,22,0,0,0
51760701,1529,715,814,665,326,339,641,320,321,121,55,66,99,13,86,3,1,2
51761501,263,127,136,110,57,53,116,59,57,21,10,11,16,1,15,0,0,0
51766601,436,216,220,177,94,83,176,89,87,45,28,17,37,5,32,1,0,1
51774701,634,283,351,303,126,177,259,129,130,41,19,22,31,9,22,0,0,0
51784401,572,298,274,238,146,92,255,127,128,38,18,20,39,7,32,2,0,2
51783601,155,79,76,54,32,22,73,35,38,18,11,7,10,1,9,0,0,0
51788701,584,290,294,260,136,124,221,109,112,64,37,27,39,8,31,0,0,0
55288701,236,115,121,100,49,51,91,44,47,30,16,14,13,4,9,0,0,0
51790901,814,392,422,310,160,150,386,193,193,54,27,27,64,12,52,0,0,0
51802601,290,137,153,99,53,46,136,67,69,27,13,14,28,4,24,0,0,0
55295001,207,101,106,83,44,39,93,47,46,13,6,7,18,4,14,0,0,0
57006101,275,135,140,106,60,46,123,61,62,21,11,10,24,3,21,1,0,1
51903101,412,204,208,164,93,71,159,80,79,59,27,32,29,4,25,1,0,1
51914601,116,59,57,46,26,20,41,21,20,19,10,9,9,1,8,1,1,0
51914602,2305,1114,1191,892,496,396,919,461,458,215,96,119,271,56,215,8,5,3
51965101,1935,957,978,715,410,305,903,450,453,148,67,81,164,25,139,5,5,0
52004701,424,199,225,160,83,77,201,101,100,25,13,12,36,2,34,0,0,0
55283601,208,109,99,90,50,40,92,48,44,19,10,9,7,1,6,0,0,0
57007901,751,383,368,284,169,115,318,160,158,87,44,43,62,10,52,0,0,0
55287901,508,265,243,194,118,76,213,108,105,50,28,22,50,10,40,1,1,0
52030601,526,274,252,206,118,88,242,121,121,45,27,18,31,7,24,2,1,1
52042001,148,73,75,53,33,20,68,33,35,11,6,5,16,1,15,0,0,0
52042002,690,357,333,282,173,109,306,155,151,51,20,31,50,9,41,1,0,1
52042003,22,11,11,8,4,4,8,4,4,5,3,2,1,0,1,0,0,0
55275501,202,104,98,84,52,32,85,42,43,15,7,8,18,3,15,0,0,0
54743301,125,61,64,45,27,18,64,32,32,7,1,6,9,1,8,0,0,0
54743302,518,271,247,201,123,78,245,124,121,36,17,19,35,7,28,1,0,1
52153101,827,408,419,334,185,149,370,184,186,61,31,30,60,7,53,2,1,1
54745001,264,131,133,120,64,56,90,45,45,28,14,14,25,7,18,1,1,0
54751401,170,79,91,60,29,31,72,36,36,25,13,12,13,1,12,0,0,0
52277502,230,116,114,101,58,43,97,48,49,15,4,11,17,6,11,0,0,0
52345301,239,123,116,105,61,44,109,54,55,16,7,9,9,1,8,0,0,0
52364001,522,261,261,180,106,74,264,130,134,42,18,24,36,7,29,0,0,0
52558801,2923,1449,1474,1153,632,521,1278,639,639,264,129,135,222,44,178,5,4,1
52558802,23,12,11,9,7,2,10,5,5,2,0,2,2,0,2,0,0,0
52580401,663,332,331,281,155,126,292,144,148,43,26,17,46,6,40,1,1,0
52580402,28,17,11,12,11,1,9,5,4,5,1,4,2,0,2,0,0,0
52580403,136,73,63,62,37,25,55,29,26,11,5,6,8,2,6,0,0,0
52580404,102,53,49,46,30,16,37,18,19,7,2,5,11,2,9,1,1,0
52580405,293,148,145,109,60,49,136,68,68,29,15,14,19,5,14,0,0,0
52588001,491,248,243,217,126,91,184,94,90,50,22,28,38,6,32,2,0,2
52597901,709,349,360,280,157,123,289,145,144,84,40,44,55,6,49,1,1,0
52616901,272,140,132,113,61,52,101,50,51,34,19,15,22,8,14,2,2,0
56943701,604,306,298,250,135,115,273,136,137,49,32,17,32,3,29,0,0,0
56943702,25,14,11,14,9,5,6,3,3,4,2,2,1,0,1,0,0,0
53072701,167,85,82,69,40,29,68,34,34,16,7,9,14,4,10,0,0,0
53072702,182,93,89,71,38,33,82,42,40,14,9,5,13,2,11,0,0,0
53072703,212,108,104,91,50,41,88,44,44,23,14,9,10,0,10,0,0,0
53072704,80,46,34,33,22,11,35,18,17,8,4,4,4,2,2,0,0,0
53289401,25,14,11,8,5,3,14,7,7,2,2,0,1,0,1,0,0,0
53289402,335,178,157,131,81,50,159,79,80,26,13,13,19,5,14,0,0,0
53368801,51,23,28,17,7,10,21,10,11,6,5,1,7,1,6,0,0,0
53368802,407,204,203,153,86,67,195,98,97,36,16,20,22,3,19,1,1,0
55337901,1001,483,518,397,207,190,449,226,223,86,35,51,65,12,53,2,1,1
55337902,106,52,54,51,27,24,41,20,21,7,5,2,7,0,7,0,0,0
55337903,207,97,110,65,37,28,98,48,50,19,9,10,25,3,22,0,0,0
57014102,339,168,171,138,74,64,162,82,80,19,9,10,20,3,17,0,0,0
53492701,1076,507,569,453,231,222,455,227,228,80,38,42,85,11,74,3,0,3
53553201,2522,1248,1274,1043,603,440,911,457,454,362,154,208,199,33,166,4,1,3
53553203,89,43,46,38,21,17,33,16,17,11,5,6,7,1,6,0,0,0
53553204,73,29,44,43,16,27,19,9,10,9,3,6,2,1,1,0,0,0
53553205,29,17,12,12,9,3,13,6,7,4,2,2,0,0,0,0,0,0
53553206,69,35,34,30,15,15,29,16,13,4,3,1,6,1,5,0,0,0
53553207,37,16,21,17,7,10,12,6,6,3,2,1,5,1,4,0,0,0
53577001,342,178,164,136,78,58,170,85,85,12,9,3,23,6,17,1,0,1
53588501,413,199,214,180,90,90,176,87,89,34,17,17,22,4,18,1,1,0
55338701,148,73,75,71,36,35,60,30,30,10,5,5,7,2,5,0,0,0
55338702,32,17,15,12,8,4,15,8,7,4,1,3,1,0,1,0,0,0
53609101,765,399,366,322,190,132,298,150,148,88,45,43,57,14,43,0,0,0
55322102,637,318,319,258,144,114,292,148,144,52,20,32,35,6,29,0,0,0
53611301,89,55,34,34,25,9,33,18,15,15,10,5,7,2,5,0,0,0
53611303,41,22,19,19,13,6,11,6,5,6,3,3,5,0,5,0,0,0
53611304,49,24,25,20,9,11,17,9,8,9,5,4,3,1,2,0,0,0
56930501,545,267,278,218,118,100,245,122,123,40,18,22,42,9,33,0,0,0
55334401,206,110,96,105,64,41,63,32,31,24,10,14,13,3,10,1,1,0
55321201,37,17,20,18,9,9,12,6,6,2,1,1,5,1,4,0,0,0
53628801,665,323,342,244,144,100,300,146,154,41,20,21,76,12,64,4,1,3
53639301,168,81,87,77,42,35,68,34,34,12,4,8,11,1,10,0,0,0
53639302,358,180,178,138,74,64,169,84,85,26,14,12,25,8,17,0,0,0
53639303,143,76,67,67,41,26,53,26,27,16,8,8,7,1,6,0,0,0
1983580,0,0,0,0,0,0,0,0,0,0,0,0,0,0,0,0,0,0
53652101,68,39,29,28,16,12,23,14,9,11,6,5,6,3,3,0,0,0
53652102,43,19,24,19,10,9,11,5,6,7,3,4,6,1,5,0,0,0
53652103,84,43,41,30,17,13,43,22,21,9,4,5,2,0,2,0,0,0
53652104,161,82,79,67,37,30,65,31,34,18,11,7,11,3,8,0,0,0
53652105,409,217,192,185,113,72,138,71,67,58,27,31,28,6,22,0,0,0
53652106,155,75,80,77,42,35,44,22,22,15,7,8,19,4,15,0,0,0
53652109,124,64,60,44,25,19,48,24,24,19,14,5,13,1,12,0,0,0
53657101,480,244,236,181,106,75,193,97,96,69,31,38,35,8,27,2,2,0
53668701,459,221,238,183,95,88,213,106,107,38,16,22,25,4,21,0,0,0
53668702,123,62,61,53,31,22,50,25,25,7,3,4,13,3,10,0,0,0
53673301,666,348,318,250,149,101,309,157,152,58,31,27,49,11,38,0,0,0
55324701,261,147,114,144,88,56,78,40,38,25,16,9,14,3,11,0,0,0
55324702,21,10,11,6,4,2,8,4,4,6,2,4,1,0,1,0,0,0
53681401,23,14,9,8,6,2,10,5,5,5,3,2,0,0,0,0,0,0
53681402,276,136,140,125,65,60,113,57,56,15,10,5,23,4,19,0,0,0
56937201,164,87,77,76,46,30,63,32,31,16,8,8,8,1,7,1,0,1
53728401,615,317,298,251,143,108,280,140,140,47,26,21,37,8,29,0,0,0
53771301,1221,609,612,495,282,213,549,273,276,83,38,45,92,15,77,2,1,1
53996101,517,275,242,207,125,82,249,127,122,30,16,14,28,4,24,3,3,0
53996102,161,75,86,66,30,36,70,36,34,12,8,4,13,1,12,0,0,0
53996103,23,11,12,5,2,3,15,7,8,2,2,0,1,0,1,0,0,0
53996104,2449,1248,1201,1052,627,425,929,464,465,248,128,120,214,28,186,5,1,4
54016101,212,104,108,75,43,32,93,46,47,26,11,15,17,3,14,1,1,0
54016102,168,90,78,74,46,28,76,37,39,9,5,4,7,1,6,2,1,1
54019601,155,78,77,59,30,29,61,32,29,20,13,7,15,3,12,0,0,0
54019602,2516,1243,1273,967,562,405,990,488,502,308,148,160,243,38,205,8,7,1
54019603,187,95,92,74,44,30,75,37,38,25,11,14,13,3,10,0,0,0
54022601,174,79,95,61,31,30,67,34,33,25,12,13,20,2,18,1,0,1
54022603,117,61,56,36,20,16,53,26,27,20,11,9,8,4,4,0,0,0
54022604,482,237,245,208,115,93,146,73,73,85,40,45,39,8,31,4,1,3
54022606,359,187,172,112,75,37,145,75,70,57,28,29,44,9,35,1,0,1
54022607,268,137,131,97,57,40,122,61,61,27,14,13,22,5,17,0,0,0
54023401,533,282,251,225,145,80,201,101,100,74,33,41,32,2,30,1,1,0
54023402,202,96,106,96,49,47,80,40,40,16,5,11,10,2,8,0,0,0
54023403,75,39,36,25,16,9,34,17,17,8,4,4,7,1,6,1,1,0
54033101,162,80,82,88,48,40,42,21,21,17,9,8,15,2,13,0,0,0
54033102,39,22,17,10,6,4,25,14,11,1,0,1,3,2,1,0,0,0
54033104,107,55,52,44,24,20,33,17,16,23,12,11,7,2,5,0,0,0
54033106,78,40,38,33,18,15,29,15,14,11,6,5,5,1,4,0,0,0
54033108,34,19,15,13,9,4,13,6,7,6,2,4,2,2,0,0,0,0
54033109,95,47,48,54,27,27,19,9,10,15,10,5,7,1,6,0,0,0
54036601,26,15,11,5,5,0,10,5,5,8,5,3,3,0,3,0,0,0
54036603,366,199,167,165,94,71,127,67,60,56,33,23,17,4,13,1,1,0
56938102,717,565,152,390,333,57,114,66,48,136,110,26,33,12,21,43,43,0
56938103,43,20,23,16,6,10,21,11,10,4,3,1,2,0,2,0,0,0
54047101,157,83,74,67,41,26,69,34,35,10,7,3,11,1,10,0,0,0
54047102,134,70,64,56,31,25,57,28,29,14,9,5,7,2,5,0,0,0
54047103,212,101,111,78,40,38,103,52,51,12,5,7,19,4,15,0,0,0
54047104,44,22,22,24,14,10,15,7,8,4,1,3,1,0,1,0,0,0
54047105,346,171,175,140,76,64,139,69,70,38,19,19,27,5,22,1,1,0
54047106,154,83,71,61,39,22,69,35,34,14,6,8,9,2,7,1,1,0
54047107,151,80,71,57,30,27,74,37,37,15,12,3,5,1,4,0,0,0
54047109,25,13,12,13,7,6,8,4,4,4,2,2,0,0,0,0,0,0
54047110,201,103,98,89,49,40,84,42,42,17,9,8,11,3,8,0,0,0
54047111,125,63,62,60,33,27,45,23,22,9,5,4,11,2,9,0,0,0
54047112,36,19,17,16,9,7,16,8,8,4,2,2,0,0,0,0,0,0
54047113,552,279,273,182,105,77,290,145,145,41,20,21,38,9,29,1,0,1
54047114,1923,942,981,798,452,346,755,379,376,228,87,141,139,21,118,2,2,0
54047116,3928,1868,2060,1706,944,762,1320,654,666,585,207,378,296,49,247,17,11,6
54047117,313,149,164,123,68,55,130,65,65,33,14,19,27,2,25,0,0,0
54047118,35,22,13,17,12,5,8,4,4,10,6,4,0,0,0,0,0,0
54047120,761,412,349,386,227,159,192,96,96,136,82,54,44,6,38,2,0,2
54047121,44,26,18,21,13,8,12,6,6,10,6,4,1,1,0,0,0,0
54048001,138,67,71,51,31,20,53,27,26,18,7,11,16,2,14,0,0,0
54048002,57,29,28,16,9,7,30,16,14,5,3,2,6,1,5,0,0,0
54048003,1045,523,522,410,218,192,472,239,233,92,52,40,70,14,56,1,0,1
55347601,128,59,69,54,27,27,54,26,28,9,4,5,11,2,9,0,0,0
55347602,303,149,154,121,63,58,140,71,69,22,12,10,20,3,17,0,0,0
55347603,223,115,108,89,48,41,110,55,55,16,11,5,8,1,7,0,0,0
54050101,225,115,110,94,57,37,92,47,45,22,8,14,17,3,14,0,0,0
54050102,214,111,103,85,47,38,102,52,50,18,10,8,8,1,7,1,1,0
54050103,2975,1532,1443,1335,761,574,1251,625,626,249,116,133,133,26,107,7,4,3
54050104,53,30,23,12,9,3,31,18,13,9,3,6,1,0,1,0,0,0
54051001,215,103,112,90,48,42,89,44,45,18,8,10,18,3,15,0,0,0
54051002,808,420,388,365,221,144,320,157,163,73,32,41,49,10,39,1,0,1
54054401,110,58,52,38,24,14,40,21,19,20,11,9,12,2,10,0,0,0
54054402,242,125,117,105,62,43,102,51,51,17,9,8,17,3,14,1,0,1
54054403,86,44,42,36,16,20,28,15,13,15,12,3,5,1,4,0,0,0
54054404,592,294,298,245,144,101,223,113,110,68,26,42,54,9,45,2,2,0
54054405,130,59,71,47,22,25,65,33,32,7,3,4,11,1,10,0,0,0
54054406,111,58,53,38,24,14,53,27,26,12,6,6,8,1,7,0,0,0
54059501,331,171,160,127,82,45,148,75,73,31,12,19,25,2,23,0,0,0
54060901,90,45,45,32,17,15,44,22,22,6,5,1,8,1,7,0,0,0
54060902,76,34,42,22,10,12,42,21,21,6,2,4,6,1,5,0,0,0
54060903,235,119,116,107,58,49,92,46,46,22,11,11,14,4,10,0,0,0
54060904,78,37,41,29,14,15,40,20,20,6,3,3,3,0,3,0,0,0
54060905,92,49,43,33,22,11,43,21,22,11,5,6,5,1,4,0,0,0
54060907,81,46,35,37,25,12,31,16,15,7,3,4,6,2,4,0,0,0
50002001,1074,535,539,402,227,175,461,234,227,127,60,67,81,12,69,2,1,1
50002002,121,57,64,52,24,28,45,23,22,11,6,5,13,4,9,0,0,0
54065001,103,51,52,39,21,18,53,27,26,6,3,3,5,0,5,0,0,0
54065002,574,275,299,243,121,122,251,126,125,48,26,22,32,2,30,0,0,0
54073101,205,109,96,79,50,29,81,40,41,27,15,12,18,4,14,0,0,0
54077301,2832,1361,1471,1118,591,527,1184,592,592,304,133,171,224,43,181,1,1,0
55335201,300,143,157,122,65,57,133,67,66,22,8,14,23,3,20,0,0,0
54085401,489,238,251,202,102,100,222,110,112,31,18,13,33,7,26,1,1,0
54086201,3002,1501,1501,1240,685,555,1201,606,595,352,167,185,202,40,162,5,3,2
54086202,44,23,21,22,10,12,16,9,7,4,4,0,2,0,2,0,0,0
55339501,164,83,81,68,37,31,72,36,36,17,9,8,7,1,6,0,0,0
54087101,129,56,73,59,25,34,44,22,22,13,7,6,13,2,11,0,0,0
54087102,66,38,28,20,14,6,33,16,17,7,6,1,5,1,4,1,1,0
54087103,389,207,182,161,100,61,150,75,75,46,28,18,31,4,27,0,0,0
54091901,770,377,393,336,178,158,322,162,160,50,27,23,61,9,52,1,1,0
54097801,114,63,51,48,33,15,56,28,28,3,2,1,7,0,7,0,0,0
54097802,96,49,47,40,23,17,36,18,18,11,6,5,9,2,7,0,0,0
54097803,671,332,339,268,155,113,291,145,146,57,24,33,54,7,47,1,1,0
54097804,36,21,15,9,8,1,21,10,11,4,2,2,2,1,1,0,0,0
54097805,379,184,195,157,80,77,157,78,79,32,16,16,33,10,23,0,0,0
54097806,1025,517,508,412,235,177,447,225,222,106,49,57,60,8,52,0,0,0
54097807,78,40,38,30,15,15,43,22,21,1,1,0,4,2,2,0,0,0
54098602,95,50,45,35,22,13,31,16,15,19,10,9,10,2,8,0,0,0
54098603,995,489,506,400,235,165,363,182,181,120,50,70,111,21,90,1,1,0
1545390,0,0,0,0,0,0,0,0,0,0,0,0,0,0,0,0,0,0
54107902,60,32,28,23,13,10,23,11,12,9,7,2,5,1,4,0,0,0
54107903,51,31,20,14,10,4,24,13,11,9,8,1,4,0,4,0,0,0
54107904,1351,673,678,593,342,251,475,241,234,171,74,97,110,15,95,2,1,1
54107905,21,11,10,11,7,4,8,4,4,0,0,0,2,0,2,0,0,0
54107908,43,25,18,17,9,8,12,6,6,11,7,4,3,3,0,0,0,0
54107909,37,24,13,11,10,1,20,10,10,5,4,1,1,0,1,0,0,0
57028101,127,66,61,59,35,24,46,23,23,12,6,6,10,2,8,0,0,0
54110901,1127,566,561,504,297,207,414,206,208,126,53,73,83,10,73,0,0,0
54112501,392,196,196,154,82,72,179,89,90,23,16,7,36,9,27,0,0,0
57011701,26,15,11,9,7,2,11,7,4,2,1,1,4,0,4,0,0,0
54116801,72,37,35,29,16,13,27,14,13,9,6,3,7,1,6,0,0,0
54116802,92,48,44,31,23,8,47,24,23,5,0,5,9,1,8,0,0,0
54116803,1514,766,748,652,373,279,597,297,300,162,81,81,101,14,87,2,1,1
54116806,134,72,62,58,35,23,64,32,32,9,4,5,3,1,2,0,0,0
54116807,101,50,51,56,27,29,35,17,18,4,2,2,6,4,2,0,0,0
1644370,0,0,0,0,0,0,0,0,0,0,0,0,0,0,0,0,0,0
1644700,0,0,0,0,0,0,0,0,0,0,0,0,0,0,0,0,0,0
1644880,0,0,0,0,0,0,0,0,0,0,0,0,0,0,0,0,0,0
3156480,0,0,0,0,0,0,0,0,0,0,0,0,0,0,0,0,0,0
52370401,170,116,54,85,65,20,25,11,14,56,40,16,4,0,4,0,0,0
52370405,1497,673,824,610,323,287,489,244,245,261,86,175,133,18,115,3,1,2
52370406,1785,832,953,764,393,371,631,312,319,243,99,144,140,25,115,7,3,4
52370407,142,76,66,71,43,28,40,24,16,25,8,17,6,1,5,0,0,0
52370408,796,323,473,249,126,123,267,132,135,109,36,73,164,27,137,7,2,5
52370409,36,19,17,13,6,7,17,9,8,5,4,1,1,0,1,0,0,0
52370410,648,324,324,279,151,128,251,128,123,65,32,33,51,11,40,2,2,0
52370411,298,140,158,113,55,58,125,60,65,43,22,21,17,3,14,0,0,0
52370412,976,452,524,451,247,204,293,143,150,167,51,116,60,7,53,3,2,1
52370413,2946,1377,1569,1265,644,621,1068,531,537,461,167,294,142,28,114,6,4,2
52370414,1184,698,486,655,421,234,267,130,137,216,135,81,40,11,29,3,1,2
52370415,2696,1229,1467,1120,574,546,916,447,469,424,169,255,234,38,196,2,1,1
52370416,2417,1114,1303,999,527,472,835,411,424,386,150,236,193,25,168,4,1,3
52370417,1639,756,883,667,350,317,604,299,305,244,85,159,119,19,100,1,1,0
52370418,1281,608,673,485,260,225,539,265,274,173,65,108,81,15,66,1,1,0
52370419,1161,543,618,456,249,207,447,221,226,161,57,104,95,15,80,2,1,1
52370420,103,50,53,59,31,28,26,13,13,10,4,6,8,2,6,0,0,0
52370421,1207,567,640,477,256,221,411,209,202,198,79,119,119,23,96,2,0,2
52370422,1073,486,587,425,224,201,382,192,190,150,51,99,115,19,96,1,0,1
52370423,54,22,32,21,7,14,16,8,8,14,7,7,2,0,2,1,0,1
52370424,1057,530,527,473,268,205,341,170,171,163,76,87,74,12,62,6,4,2
52370425,2016,936,1080,741,399,342,862,432,430,225,77,148,182,24,158,5,3,2
55333601,394,205,189,169,103,66,167,83,84,25,14,11,32,4,28,1,1,0
54122201,37,17,20,12,6,6,16,8,8,3,3,0,6,0,6,0,0,0
54122202,35,16,19,13,6,7,14,7,7,4,3,1,4,0,4,0,0,0
54122203,82,46,36,37,24,13,20,10,10,15,12,3,10,0,10,0,0,0
54122204,933,461,472,383,209,174,404,201,203,74,38,36,66,8,58,4,3,1
1983660,0,0,0,0,0,0,0,0,0,0,0,0,0,0,0,0,0,0
54126501,79,41,38,29,18,11,35,18,17,8,4,4,7,1,6,0,0,0
54126502,170,84,86,78,43,35,62,30,32,15,8,7,15,3,12,0,0,0
54126503,35,20,15,12,9,3,19,9,10,2,1,1,2,1,1,0,0,0
54126504,2077,1018,1059,785,428,357,870,434,436,225,120,105,191,33,158,4,3,1
54126505,28,18,10,12,9,3,13,7,6,2,2,0,1,0,1,0,0,0
54126506,89,47,42,35,21,14,37,18,19,8,6,2,9,2,7,0,0,0
55414601,200,102,98,80,43,37,92,45,47,22,14,8,6,0,6,0,0,0
55319101,78,45,33,34,21,13,29,16,13,7,5,2,7,3,4,1,0,1
56944501,2177,1067,1110,840,457,383,1006,501,505,208,89,119,122,19,103,1,1,0
57009501,247,122,125,107,57,50,104,52,52,19,11,8,17,2,15,0,0,0
1894990,0,0,0,0,0,0,0,0,0,0,0,0,0,0,0,0,0,0
54135401,203,107,96,84,52,32,90,45,45,10,7,3,19,3,16,0,0,0
54135402,37,23,14,9,7,2,16,8,8,8,6,2,4,2,2,0,0,0
54135403,66,34,32,27,15,12,27,13,14,7,5,2,4,0,4,1,1,0
54135404,191,96,95,71,41,30,82,42,40,23,10,13,15,3,12,0,0,0
54135405,283,146,137,103,59,44,141,70,71,24,13,11,15,4,11,0,0,0
54135406,447,178,269,116,65,51,146,74,72,47,23,24,134,15,119,4,1,3
54135407,2754,1274,1480,1023,541,482,1139,565,574,367,127,240,218,35,183,6,5,1
54135409,997,418,579,398,194,204,348,170,178,126,40,86,123,12,111,2,2,0
54135410,1345,677,668,676,377,299,328,165,163,252,119,133,86,13,73,3,3,0
54135411,968,484,484,399,236,163,359,179,180,114,49,65,91,18,73,5,2,3
54135412,417,225,192,193,115,78,148,77,71,57,26,31,18,6,12,1,1,0
54135413,1346,653,693,610,322,288,513,256,257,156,64,92,65,9,56,2,2,0
54135414,105,59,46,51,32,19,42,23,19,10,4,6,2,0,2,0,0,0
54135415,513,255,258,186,103,83,251,125,126,40,24,16,36,3,33,0,0,0
54135417,495,245,250,193,98,95,245,122,123,35,18,17,22,7,15,0,0,0
54135418,834,417,417,319,181,138,386,193,193,74,35,39,52,6,46,3,2,1
54135419,1005,492,513,372,205,167,451,222,229,80,41,39,101,23,78,1,1,0
54135420,80,38,42,34,17,17,29,15,14,9,5,4,8,1,7,0,0,0
54135422,1393,639,754,645,327,318,387,197,190,242,99,143,116,14,102,2,2,0
57033801,209,107,102,83,46,37,103,52,51,11,7,4,12,2,10,0,0,0
54147801,798,390,408,325,173,152,355,178,177,63,32,31,55,7,48,0,0,0
58830001,245,133,112,99,63,36,100,52,48,25,15,10,21,3,18,0,0,0
58830002,202,104,98,77,44,33,86,44,42,20,13,7,19,3,16,0,0,0
58832601,484,237,247,194,100,94,218,111,107,40,21,19,32,5,27,0,0,0
54231801,197,98,99,74,46,28,91,47,44,16,4,12,15,0,15,1,1,0
54969001,200,105,95,77,42,35,102,54,48,13,5,8,8,4,4,0,0,0
58837701,330,164,166,124,74,50,153,77,76,22,10,12,30,2,28,1,1,0
58838501,953,470,483,409,220,189,399,200,199,78,38,40,66,11,55,1,1,0
58839301,258,134,124,99,59,40,125,61,64,18,10,8,16,4,12,0,0,0
58839303,913,469,444,323,200,123,441,220,221,96,42,54,52,6,46,1,1,0
58839304,290,143,147,113,65,48,121,61,60,36,15,21,20,2,18,0,0,0
58839305,130,69,61,51,34,17,57,28,29,10,6,4,12,1,11,0,0,0
58839306,692,330,362,277,152,125,254,128,126,107,44,63,52,6,46,0,0,0
58839307,517,250,267,189,102,87,247,124,123,55,20,35,26,4,22,0,0,0
58839308,2472,1094,1378,989,511,478,824,409,415,397,134,263,256,37,219,5,2,3
58839309,380,203,177,161,104,57,162,81,81,28,12,16,28,5,23,1,1,0
58839310,766,417,349,371,233,138,232,112,120,116,63,53,45,8,37,2,1,1
58839311,735,333,402,257,129,128,306,152,154,102,44,58,68,7,61,2,1,1
58839313,647,308,339,252,131,121,291,144,147,54,23,31,50,10,40,0,0,0
58839314,61,30,31,13,7,6,25,12,13,18,11,7,5,0,5,0,0,0
58840701,228,117,111,93,54,39,80,41,39,28,18,10,27,4,23,0,0,0
58843101,416,211,205,169,96,73,175,87,88,34,19,15,37,8,29,0,0,0
0410330,0,0,0,0,0,0,0,0,0,0,0,0,0,0,0,0,0,0
3142260,0,0,0,0,0,0,0,0,0,0,0,0,0,0,0,0,0,0
3142340,0,0,0,0,0,0,0,0,0,0,0,0,0,0,0,0,0,0
58845801,438,221,217,168,93,75,207,102,105,38,20,18,23,5,18,2,1,1
58845802,60,32,28,26,16,10,26,13,13,4,2,2,4,1,3,0,0,0
58845803,1938,942,996,745,417,328,876,436,440,187,69,118,126,17,109,4,3,1
58845804,344,168,176,128,70,58,153,76,77,31,16,15,30,4,26,2,2,0
58845805,406,194,212,163,83,80,188,95,93,23,10,13,32,6,26,0,0,0
58845806,451,233,218,177,98,79,218,108,110,33,21,12,23,6,17,0,0,0
58845807,35,20,15,14,11,3,12,6,6,5,2,3,4,1,3,0,0,0
58845808,415,197,218,189,96,93,149,76,73,55,23,32,21,2,19,1,0,1
58845809,97,51,46,42,22,20,22,12,10,28,15,13,5,2,3,0,0,0
58845810,2249,1032,1217,941,496,445,779,388,391,347,120,227,177,25,152,4,3,1
58845811,766,386,380,301,174,127,357,177,180,65,27,38,43,8,35,0,0,0
58845812,780,361,419,319,168,151,259,130,129,113,53,60,89,10,79,0,0,0
58845813,914,470,444,392,227,165,303,154,149,159,78,81,59,10,49,1,1,0
58845815,46,21,25,11,4,7,26,13,13,5,2,3,4,2,2,0,0,0
58845816,1064,470,594,426,222,204,309,159,150,165,71,94,160,17,143,4,1,3
58845817,524,264,260,218,109,109,209,105,104,64,40,24,31,9,22,2,1,1
58845819,992,456,536,391,205,186,371,182,189,151,54,97,75,13,62,4,2,2
54234201,75,43,32,37,26,11,23,12,11,9,5,4,6,0,6,0,0,0
58847401,254,139,115,95,60,35,126,64,62,21,11,10,12,4,8,0,0,0
58848201,157,88,69,68,47,21,68,33,35,15,8,7,6,0,6,0,0,0
3142690,0,0,0,0,0,0,0,0,0,0,0,0,0,0,0,0,0,0
3287820,0,0,0,0,0,0,0,0,0,0,0,0,0,0,0,0,0,0
58849101,92,44,48,37,19,18,36,18,18,12,4,8,7,3,4,0,0,0
58849102,327,165,162,137,76,61,141,71,70,29,17,12,19,1,18,1,0,1
58849103,28,16,12,12,9,3,10,5,5,4,1,3,2,1,1,0,0,0
58849104,33,17,16,15,10,5,7,3,4,7,4,3,4,0,4,0,0,0
58849105,3104,1493,1611,1244,685,559,1153,578,575,470,184,286,232,44,188,4,2,2
58849107,1907,1013,894,769,463,306,755,380,375,228,133,95,149,32,117,6,5,1
58849108,829,402,427,282,168,114,365,181,184,102,40,62,80,13,67,0,0,0
58850401,357,174,183,147,85,62,144,70,74,27,12,15,36,5,31,3,2,1
58851201,210,97,113,82,38,44,93,47,46,18,9,9,16,2,14,1,1,0
58851205,322,155,167,116,61,55,131,66,65,47,25,22,27,3,24,1,0,1
58851206,601,286,315,228,122,106,260,130,130,53,25,28,58,8,50,1,0,1
58851207,1012,511,501,427,245,182,381,192,189,123,61,62,79,12,67,2,1,1
58851209,2442,1172,1270,993,545,448,899,446,453,373,146,227,169,30,139,8,5,3
50673701,997,468,529,407,200,207,418,208,210,84,41,43,85,17,68,3,2,1
50673702,79,35,44,26,9,17,44,22,22,3,3,0,6,1,5,0,0,0
50673703,463,241,222,175,101,74,212,108,104,46,27,19,30,5,25,0,0,0
58854701,181,92,89,68,39,29,70,35,35,27,15,12,16,3,13,0,0,0
58854702,43,22,21,12,10,2,14,7,7,5,4,1,12,1,11,0,0,0
58855501,379,193,186,153,82,71,167,85,82,34,21,13,24,4,20,1,1,0
58856301,306,156,150,128,69,59,142,71,71,20,9,11,16,7,9,0,0,0
58735401,237,119,118,96,55,41,117,59,58,8,3,5,15,1,14,1,1,0
58859801,270,128,142,105,51,54,125,63,62,14,9,5,26,5,21,0,0,0
58860101,257,128,129,110,63,47,83,41,42,29,17,12,35,7,28,0,0,0
58860102,206,104,102,79,48,31,90,45,45,21,7,14,16,4,12,0,0,0
58860103,1925,934,991,809,469,340,651,324,327,262,108,154,199,31,168,4,2,2
58860104,272,135,137,91,47,44,134,71,63,29,14,15,18,3,15,0,0,0
58852101,422,220,202,153,91,62,203,101,102,38,22,16,28,6,22,0,0,0
58852102,77,45,32,36,24,12,28,14,14,9,6,3,4,1,3,0,0,0
58852103,111,57,54,55,29,26,31,16,15,21,10,11,3,2,1,1,0,1
58861001,122,64,58,41,25,16,61,31,30,12,7,5,8,1,7,0,0,0
58861002,819,405,414,322,178,144,339,173,166,85,41,44,71,11,60,2,2,0
58861003,41,20,21,20,11,9,18,9,9,2,0,2,1,0,1,0,0,0
0040312,0,0,0,0,0,0,0,0,0,0,0,0,0,0,0,0,0,0
0748960,0,0,0,0,0,0,0,0,0,0,0,0,0,0,0,0,0,0
0749690,0,0,0,0,0,0,0,0,0,0,0,0,0,0,0,0,0,0
0749932,0,0,0,0,0,0,0,0,0,0,0,0,0,0,0,0,0,0
58829601,323,162,161,130,71,59,137,69,68,37,19,18,19,3,16,0,0,0
58829602,226,114,112,89,48,41,103,51,52,23,13,10,11,2,9,0,0,0
58829603,155,87,68,65,45,20,66,33,33,17,8,9,7,1,6,0,0,0
58829604,1174,538,636,400,211,189,523,261,262,120,47,73,130,19,111,1,0,1
58829605,221,114,107,85,45,40,95,48,47,29,17,12,11,3,8,1,1,0
58829606,364,183,181,140,83,57,165,82,83,31,15,16,28,3,25,0,0,0
58829607,234,116,118,95,49,46,93,46,47,27,14,13,19,7,12,0,0,0
58829608,419,214,205,168,94,74,195,100,95,29,13,16,25,6,19,2,1,1
58829609,427,220,207,177,97,80,197,98,99,32,21,11,21,4,17,0,0,0
58829610,174,84,90,68,32,36,83,42,41,16,8,8,7,2,5,0,0,0
58829611,148,74,74,63,33,30,58,29,29,16,9,7,11,3,8,0,0,0
58829612,3234,1477,1757,1333,693,640,1138,571,567,470,173,297,283,33,250,9,6,3
58829613,2634,1198,1436,961,490,471,1041,518,523,349,139,210,277,47,230,6,4,2
58829614,59,26,33,17,6,11,31,15,16,8,4,4,3,1,2,0,0,0
58829616,237,118,119,87,47,40,101,52,49,31,16,15,16,2,14,1,0,1
58829617,372,188,184,136,80,56,183,92,91,45,14,31,8,2,6,0,0,0
58829618,2559,1248,1311,1109,607,502,1025,509,516,273,110,163,148,21,127,4,1,3
58829619,732,344,388,293,141,152,340,168,172,71,29,42,28,6,22,0,0,0
58829620,2210,1110,1100,1035,588,447,596,301,295,390,194,196,183,24,159,5,3,2
58829621,1142,529,613,432,227,205,458,227,231,161,64,97,87,10,77,2,1,1
58829622,42,25,17,18,13,5,14,7,7,7,5,2,3,0,3,0,0,0
58829623,1011,518,493,617,329,288,151,73,78,189,103,86,48,10,38,6,3,3
58829624,35,20,15,13,11,2,16,8,8,3,1,2,3,0,3,0,0,0
58829625,184,91,93,76,39,37,102,50,52,2,1,1,4,1,3,0,0,0
58829626,1858,851,1007,769,412,357,643,318,325,257,86,171,184,32,152,5,3,2
58829627,3730,1758,1972,1460,820,640,1403,690,713,601,207,394,260,37,223,6,4,2
58829628,428,224,204,173,103,70,155,80,75,69,34,35,30,6,24,1,1,0
58829630,3948,1811,2137,1573,861,712,1257,632,625,700,250,450,404,62,342,11,6,5
58862801,80,40,40,39,19,20,26,14,12,12,7,5,3,0,3,0,0,0
58863601,254,135,119,102,64,38,114,57,57,14,9,5,23,4,19,1,1,0
58864401,2139,1085,1054,852,491,361,887,445,442,254,129,125,141,19,122,4,1,3
58865201,469,233,236,189,97,92,199,99,100,50,29,21,29,6,23,0,0,0
58866101,405,212,193,155,89,66,193,97,96,34,21,13,23,5,18,0,0,0
58869501,363,179,184,180,98,82,120,59,61,38,21,17,25,1,24,0,0,0
58869502,88,46,42,44,28,16,29,15,14,6,1,5,9,2,7,0,0,0
58870901,212,115,97,87,50,37,89,45,44,24,15,9,12,5,7,0,0,0
58870902,677,352,325,286,170,116,300,148,152,51,29,22,39,5,34,1,0,1
58871701,455,225,230,195,108,87,165,82,83,61,28,33,32,6,26,2,1,1
58872501,479,233,246,190,97,93,207,104,103,45,23,22,36,8,28,1,1,0
58873301,372,187,185,151,86,65,156,79,77,36,17,19,28,4,24,1,1,0
58873302,182,91,91,72,42,30,76,37,39,22,10,12,11,2,9,0,0,0
58874101,811,421,390,323,182,141,398,202,196,49,26,23,40,11,29,1,0,1
58875001,686,333,353,282,146,136,306,152,154,60,29,31,37,5,32,1,1,0
58876801,2374,1168,1206,992,546,446,1003,504,499,212,89,123,165,29,136,2,0,2
58876802,24,14,10,8,6,2,10,6,4,3,2,1,2,0,2,1,0,1
58876803,24,13,11,9,6,3,11,5,6,3,1,2,0,0,0,1,1,0
58876804,355,179,176,152,84,68,151,74,77,24,15,9,27,5,22,0,0,0
55390501,268,135,133,116,69,47,105,52,53,23,10,13,24,4,20,0,0,0
58878401,335,169,166,135,75,60,142,71,71,35,16,19,23,7,16,0,0,0
58880601,217,110,107,86,48,38,93,48,45,21,13,8,15,0,15,2,1,1
58881401,420,214,206,177,100,77,171,89,82,45,21,24,27,4,23,0,0,0
58882201,171,86,85,77,44,33,72,37,35,6,3,3,16,2,14,0,0,0
58882202,246,133,113,108,69,39,102,52,50,17,6,11,17,4,13,2,2,0
58883101,212,109,103,90,54,36,90,45,45,20,9,11,12,1,11,0,0,0
58884901,175,85,90,60,34,26,77,38,39,14,6,8,23,6,17,0,0,0
58884902,463,216,247,181,100,81,154,77,77,59,28,31,67,11,56,2,0,2
58884903,214,106,108,90,49,41,88,43,45,15,10,5,21,4,17,0,0,0
58886501,457,222,235,178,95,83,208,102,106,40,23,17,30,2,28,1,0,1
58886502,227,112,115,96,54,42,94,47,47,16,8,8,21,3,18,0,0,0
58887301,430,223,207,167,101,66,196,101,95,29,15,14,36,6,30,2,0,2
58739701,259,134,125,87,57,30,110,56,54,22,13,9,35,5,30,5,3,2
58889001,676,352,324,250,146,104,319,161,158,68,39,29,37,5,32,2,1,1
58890301,1147,566,581,475,268,207,470,234,236,104,48,56,95,13,82,3,3,0
54972001,962,474,488,382,201,181,448,222,226,78,41,37,54,10,44,0,0,0
58892001,54,33,21,20,15,5,20,10,10,10,6,4,4,2,2,0,0,0
58892002,21,11,10,8,5,3,9,5,4,2,1,1,2,0,2,0,0,0
58892003,382,201,181,165,105,60,166,82,84,26,9,17,25,5,20,0,0,0
58892004,21,11,10,10,6,4,4,2,2,3,3,0,4,0,4,0,0,0
58892005,21,11,10,8,4,4,8,5,3,3,1,2,2,1,1,0,0,0
58893801,483,234,249,190,101,89,215,106,109,40,19,21,37,7,30,1,1,0
58893802,446,225,221,197,109,88,162,80,82,64,28,36,22,7,15,1,1,0
58893803,214,107,107,70,38,32,110,55,55,21,11,10,13,3,10,0,0,0
58894601,643,322,321,245,143,102,279,139,140,62,32,30,55,8,47,0,0,0
58895401,65,31,34,18,8,10,38,19,19,5,3,2,4,1,3,0,0,0
58895403,589,296,293,230,130,100,255,130,125,67,34,33,37,2,35,0,0,0
58896201,58,30,28,21,15,6,28,13,15,5,2,3,4,0,4,0,0,0
58896202,488,259,229,187,112,75,205,106,99,58,32,26,37,8,29,1,1,0
58897101,569,269,300,240,119,121,251,125,126,38,19,19,37,5,32,3,1,2
58898901,357,184,173,137,78,59,170,86,84,28,15,13,22,5,17,0,0,0
58899701,30,15,15,15,7,8,10,6,4,4,2,2,1,0,1,0,0,0
58899702,596,294,302,242,138,104,240,120,120,64,29,35,48,7,41,2,0,2
58900401,146,70,76,54,26,28,68,34,34,12,7,5,12,3,9,0,0,0
58900402,74,44,30,31,22,9,25,13,12,11,7,4,6,1,5,1,1,0
58900403,134,71,63,68,41,27,41,20,21,17,8,9,8,2,6,0,0,0
58903901,595,312,283,240,146,94,248,123,125,55,29,26,51,13,38,1,1,0
58904701,233,132,101,102,68,34,93,47,46,23,15,8,15,2,13,0,0,0
58905501,144,74,70,55,31,24,57,29,28,23,12,11,9,2,7,0,0,0
55718801,352,180,172,163,93,70,137,69,68,26,13,13,26,5,21,0,0,0
58908001,277,145,132,115,65,50,95,48,47,44,25,19,22,6,16,1,1,0
58908002,139,67,72,56,28,28,59,30,29,14,7,7,10,2,8,0,0,0
58909801,227,112,115,100,57,43,87,43,44,20,10,10,20,2,18,0,0,0
58909802,29,17,12,16,11,5,10,5,5,2,1,1,1,0,1,0,0,0
58911001,169,77,92,70,35,35,63,31,32,21,10,11,15,1,14,0,0,0
58912801,333,157,176,144,70,74,131,66,65,36,20,16,21,1,20,1,0,1
58912802,73,36,37,28,15,13,29,15,14,12,5,7,4,1,3,0,0,0
58913601,386,203,183,140,85,55,187,101,86,27,13,14,30,2,28,2,2,0
54239301,190,97,93,57,32,25,108,54,54,14,10,4,10,1,9,1,0,1
58915201,304,153,151,121,68,53,134,67,67,20,12,8,27,5,22,2,1,1
58916101,27,14,13,8,5,3,16,8,8,2,1,1,1,0,1,0,0,0
58916102,657,307,350,255,132,123,278,139,139,71,33,38,53,3,50,0,0,0
58725701,137,75,62,52,31,21,69,36,33,5,3,2,11,5,6,0,0,0
58918701,194,100,94,89,50,39,69,35,34,14,9,5,21,6,15,1,0,1
58918702,1170,575,595,486,268,218,470,234,236,117,53,64,96,19,77,1,1,0
58919501,142,80,62,50,34,16,69,34,35,11,8,3,12,4,8,0,0,0
58919502,231,120,111,96,52,44,101,49,52,25,16,9,9,3,6,0,0,0
58919503,124,63,61,51,31,20,52,26,26,13,5,8,8,1,7,0,0,0
58919505,160,81,79,65,38,27,56,28,28,25,13,12,14,2,12,0,0,0
58919506,1313,659,654,568,325,243,525,261,264,135,60,75,84,13,71,1,0,1
58921701,150,77,73,67,35,32,62,31,31,14,11,3,7,0,7,0,0,0
58921702,446,224,222,200,109,91,172,86,86,44,22,22,28,5,23,2,2,0
58922501,547,259,288,221,109,112,255,129,126,31,14,17,38,7,31,2,0,2
58923301,800,391,409,326,176,150,370,185,185,51,27,24,53,3,50,0,0,0
59201301,1720,837,883,634,334,300,788,395,393,174,86,88,118,19,99,6,3,3
59202101,2051,1023,1028,826,457,369,953,478,475,118,56,62,147,26,121,5,4,1
59203001,1494,743,751,594,330,264,658,326,332,141,70,71,97,14,83,4,3,1
59203002,375,184,191,149,79,70,189,95,94,14,5,9,23,5,18,0,0,0
59204801,305,164,141,124,75,49,135,67,68,23,12,11,19,7,12,2,1,1
59204802,223,105,118,92,51,41,91,45,46,17,5,12,23,4,19,0,0,0
59204803,148,77,71,57,35,22,66,33,33,13,5,8,10,2,8,0,0,0
59204804,1024,508,516,423,234,189,444,224,220,88,35,53,67,14,53,2,1,1
59204806,187,99,88,78,48,30,70,34,36,32,16,16,6,1,5,1,0,1
59204808,1818,880,938,711,410,301,673,339,334,222,99,123,203,28,175,9,4,5
59204809,546,262,284,239,121,118,238,119,119,35,14,21,33,7,26,1,1,0
59206401,2085,1046,1039,784,448,336,983,495,488,145,67,78,172,35,137,1,1,0
59205601,780,391,389,300,171,129,342,173,169,73,36,37,65,11,54,0,0,0
59207201,698,346,352,261,149,112,325,162,163,53,27,26,58,8,50,1,0,1
59207202,103,52,51,37,20,17,53,27,26,8,5,3,5,0,5,0,0,0
59208101,1664,846,818,657,388,269,741,369,372,134,66,68,128,20,108,4,3,1
59209901,933,479,454,386,231,155,401,202,199,69,35,34,76,10,66,1,1,0
59210201,24,12,12,9,5,4,6,3,3,6,3,3,2,1,1,1,0,1
59210202,51,31,20,14,11,3,24,12,12,10,7,3,3,1,2,0,0,0
59210203,48,27,21,22,13,9,15,8,7,8,5,3,3,1,2,0,0,0
59210204,48,24,24,18,9,9,21,11,10,4,2,2,5,2,3,0,0,0
59210205,1994,938,1056,696,399,297,849,428,421,185,80,105,261,29,232,3,2,1
59210206,241,131,110,102,64,38,111,55,56,14,9,5,13,2,11,1,1,0
59211101,764,374,390,298,160,138,324,165,159,78,39,39,63,10,53,1,0,1
59211102,22,14,8,4,3,1,15,9,6,1,1,0,2,1,1,0,0,0
59213701,366,178,188,136,79,57,163,83,80,31,11,20,36,5,31,0,0,0
59214501,2761,1394,1367,1046,629,417,1300,655,645,186,77,109,223,30,193,6,3,3
59215301,481,245,236,193,121,72,222,111,111,22,8,14,43,4,39,1,1,0
59217002,4130,2016,2114,1569,852,717,1879,949,930,340,156,184,330,53,277,12,6,6
59218801,784,401,383,286,171,115,358,179,179,67,39,28,73,12,61,0,0,0
59219601,28,16,12,12,7,5,11,6,5,4,2,2,1,1,0,0,0,0
55073601,211,114,97,94,60,34,87,44,43,12,8,4,18,2,16,0,0,0
59220001,678,359,319,280,171,109,307,153,154,44,26,18,43,6,37,4,3,1
59220002,280,137,143,114,63,51,138,69,69,12,3,9,15,1,14,1,1,0
59221801,945,470,475,352,190,162,433,217,216,94,50,44,64,11,53,2,2,0
59222601,1747,874,873,718,402,316,803,399,404,113,52,61,108,19,89,5,2,3
59223401,432,227,205,166,98,68,197,100,97,34,22,12,35,7,28,0,0,0
59226901,1074,552,522,421,247,174,528,266,262,57,24,33,67,14,53,1,1,0
59227701,521,252,269,211,115,96,231,116,115,33,15,18,46,6,40,0,0,0
59228501,899,450,449,347,204,143,381,193,188,79,40,39,88,10,78,4,3,1
59229301,843,426,417,322,187,135,374,188,186,83,43,40,64,8,56,0,0,0
59230701,35,19,16,12,7,5,18,10,8,3,1,2,2,1,1,0,0,0
59230703,376,191,185,154,85,69,159,82,77,26,14,12,35,9,26,2,1,1
59232301,145,74,71,60,32,28,67,34,33,12,6,6,6,2,4,0,0,0
59232302,788,389,399,302,167,135,357,180,177,78,37,41,51,5,46,0,0,0
3044330,0,0,0,0,0,0,0,0,0,0,0,0,0,0,0,0,0,0
55074401,2799,1330,1469,1069,580,489,1247,621,626,247,96,151,226,28,198,10,5,5
55074402,27,20,7,7,6,1,12,9,3,5,4,1,1,0,1,2,1,1
55074403,2410,1169,1241,994,523,471,1026,513,513,214,104,110,169,28,141,7,1,6
55074404,101,55,46,65,36,29,15,8,7,18,11,7,3,0,3,0,0,0
59234002,235,123,112,104,59,45,91,46,45,26,16,10,11,1,10,3,1,2
59236601,446,234,212,189,113,76,189,95,94,37,20,17,30,6,24,1,0,1
0960910,0,0,0,0,0,0,0,0,0,0,0,0,0,0,0,0,0,0
59238201,152,81,71,60,34,26,67,34,33,17,10,7,8,3,5,0,0,0
59238202,988,503,485,392,222,170,453,226,227,61,37,24,81,17,64,1,1,0
59239101,680,335,345,259,144,115,301,151,150,56,29,27,62,11,51,2,0,2
59240401,759,377,382,295,167,128,338,169,169,54,27,27,71,14,57,1,0,1
59241201,1535,749,786,627,342,285,646,321,325,130,62,68,128,23,105,4,1,3
59242101,760,359,401,272,163,109,292,142,150,59,30,29,135,24,111,2,0,2
59243901,3217,1589,1628,1276,705,571,1431,717,714,263,118,145,237,44,193,8,5,3
59244701,729,368,361,289,166,123,335,169,166,63,30,33,41,2,39,1,1,0
59245501,1359,684,675,516,304,212,606,302,304,118,62,56,118,15,103,1,1,0
1161900,0,0,0,0,0,0,0,0,0,0,0,0,0,0,0,0,0,0
59246301,794,408,386,332,191,141,359,182,177,53,25,28,49,10,39,1,0,1
59246303,2463,1213,1250,920,523,397,1129,562,567,224,89,135,185,37,148,5,2,3
59247101,95,47,48,27,17,10,48,24,24,14,5,9,5,0,5,1,1,0
59247102,762,385,377,285,172,113,330,164,166,65,36,29,80,11,69,2,2,0
59248001,666,337,329,259,151,108,305,153,152,49,27,22,53,6,47,0,0,0
59249801,28,13,15,15,7,8,8,5,3,2,1,1,3,0,3,0,0,0
59249802,837,421,416,344,189,155,377,193,184,51,26,25,65,13,52,0,0,0
59250101,851,417,434,364,193,171,351,175,176,74,37,37,61,11,50,1,1,0
59251001,1939,952,987,734,403,331,927,458,469,136,66,70,141,24,117,1,1,0
59252801,997,491,506,372,212,160,474,236,238,69,34,35,81,9,72,1,0,1
59253601,709,351,358,282,156,126,328,162,166,49,20,29,47,11,36,3,2,1
59253602,108,54,54,59,33,26,36,17,19,7,4,3,6,0,6,0,0,0
59253603,173,91,82,61,38,23,91,46,45,10,6,4,11,1,10,0,0,0
59255201,429,222,207,145,80,65,201,114,87,34,20,14,49,8,41,0,0,0
59256101,394,210,184,150,91,59,180,91,89,41,23,18,23,5,18,0,0,0
59257901,671,330,341,277,151,126,271,139,132,53,25,28,62,9,53,8,6,2
59258701,126,68,58,47,26,21,59,31,28,12,8,4,8,3,5,0,0,0
55075201,54,28,26,18,11,7,12,6,6,19,11,8,5,0,5,0,0,0
55075202,84,43,41,40,22,18,27,13,14,12,7,5,5,1,4,0,0,0
55075203,2703,1260,1443,1049,549,500,1137,565,572,272,107,165,241,38,203,4,1,3
55075204,3636,1808,1828,1485,812,673,1576,791,785,350,159,191,220,41,179,3,3,0
55075205,28,17,11,10,3,7,12,9,3,5,4,1,0,0,0,1,1,0
55075208,21,10,11,10,5,5,1,1,0,9,4,5,1,0,1,0,0,0
59260901,41,23,18,12,8,4,20,10,10,1,1,0,6,3,3,2,1,1
59260902,723,359,364,296,172,124,286,144,142,71,29,42,66,10,56,2,2,0
59261701,2121,1056,1065,825,480,345,963,481,482,137,65,72,190,27,163,6,3,3
59261702,1104,526,578,410,230,180,493,246,247,96,41,55,102,8,94,3,1,2
59262501,359,174,185,136,74,62,146,73,73,45,22,23,31,5,26,1,0,1
59262502,37,23,14,14,9,5,9,6,3,10,8,2,4,0,4,0,0,0
59263301,151,85,66,58,36,22,56,28,28,22,17,5,15,4,11,0,0,0
59264101,1078,550,528,427,250,177,508,255,253,63,27,36,78,17,61,2,1,1
59265001,586,300,286,225,131,94,281,140,141,43,21,22,36,7,29,1,1,0
59265002,55,33,22,23,18,5,25,12,13,4,2,2,2,0,2,1,1,0
59266801,217,107,110,77,49,28,90,46,44,26,10,16,19,1,18,5,1,4
59267601,1561,784,777,596,348,248,721,361,360,120,52,68,120,21,99,4,2,2
59269201,1530,770,760,602,343,259,655,334,321,138,69,69,132,23,109,3,1,2
59270601,1115,542,573,430,224,206,491,247,244,112,59,53,81,12,69,1,0,1
59271401,232,114,118,90,48,42,98,50,48,21,14,7,23,2,21,0,0,0
59272201,1095,550,545,440,244,196,522,261,261,71,32,39,61,12,49,1,1,0
1729010,0,0,0,0,0,0,0,0,0,0,0,0,0,0,0,0,0,0
1729440,0,0,0,0,0,0,0,0,0,0,0,0,0,0,0,0,0,0
59200501,2120,1014,1106,829,442,387,923,463,460,235,88,147,125,16,109,6,3,3
59200502,814,398,416,298,165,133,389,195,194,67,29,38,60,9,51,0,0,0
59200503,1075,527,548,386,218,168,525,263,262,74,30,44,83,13,70,7,3,4
59200504,534,277,257,330,182,148,139,69,70,52,22,30,9,1,8,4,3,1
59200505,2735,1349,1386,1216,682,534,1043,515,528,380,125,255,86,22,64,10,5,5
59200506,3532,1731,1801,1251,692,559,1739,865,874,284,130,154,253,41,212,5,3,2
59200507,566,280,286,265,141,124,183,92,91,59,22,37,8,3,5,51,22,29
59200508,58,29,29,17,11,6,28,14,14,6,3,3,7,1,6,0,0,0
59200509,613,280,333,260,123,137,245,122,123,68,30,38,40,5,35,0,0,0
59200510,258,123,135,104,54,50,97,49,48,31,16,15,26,4,22,0,0,0
59200511,2346,1157,1189,1074,609,465,668,331,337,409,186,223,182,23,159,11,6,5
59200512,321,149,172,157,82,75,104,47,57,37,15,22,21,4,17,2,1,1
59200513,932,415,517,374,201,173,288,140,148,164,61,103,104,13,91,1,0,1
59200514,477,209,268,167,87,80,179,89,90,67,27,40,62,6,56,2,0,2
59200515,52,36,16,17,10,7,23,18,5,9,6,3,2,1,1,1,1,0
59200516,26,12,14,12,7,5,7,3,4,5,2,3,2,0,2,0,0,0
59200517,3422,1553,1869,1270,693,577,1235,614,621,566,187,379,338,54,284,13,5,8
59200518,1377,634,743,513,270,243,560,279,281,168,61,107,133,22,111,3,2,1
59200519,2059,940,1119,818,456,362,659,325,334,360,131,229,216,24,192,6,4,2
59200520,794,381,413,287,160,127,269,137,132,172,66,106,62,16,46,4,2,2
59200521,908,401,507,404,202,202,275,133,142,153,56,97,75,10,65,1,0,1
1730370,0,0,0,0,0,0,0,0,0,0,0,0,0,0,0,0,0,0
1731000,0,0,0,0,0,0,0,0,0,0,0,0,0,0,0,0,0,0
59273101,65,30,35,20,10,10,37,19,18,3,0,3,5,1,4,0,0,0
59273102,739,361,378,262,143,119,364,181,183,51,24,27,61,12,49,1,1,0
59273104,23,11,12,11,6,5,7,4,3,4,1,3,1,0,1,0,0,0
59273105,230,117,113,80,48,32,120,60,60,14,7,7,16,2,14,0,0,0
59273106,745,369,376,277,153,124,389,194,195,33,14,19,46,8,38,0,0,0
59273107,1024,520,504,387,233,154,488,244,244,69,33,36,78,9,69,2,1,1
59273108,33,20,13,12,8,4,17,9,8,2,2,0,2,1,1,0,0,0
59273110,92,48,44,34,21,13,41,20,21,9,5,4,8,2,6,0,0,0
59273112,940,433,507,382,212,170,356,170,186,115,38,77,85,12,73,2,1,1
59273113,4495,2104,2391,1797,1019,778,1524,761,763,667,240,427,496,75,421,10,8,2
59273114,2132,1096,1036,936,552,384,782,393,389,297,129,168,111,20,91,4,0,4
59273115,858,434,424,360,208,152,349,177,172,97,38,59,52,11,41,0,0,0
59273117,2209,1094,1115,839,455,384,991,499,492,223,105,118,136,21,115,20,14,6
59273119,2463,1222,1241,1051,586,465,1015,515,500,243,96,147,150,23,127,4,2,2
59273120,45,34,11,17,13,4,11,7,4,7,6,1,0,0,0,10,8,2
59274901,517,255,262,202,105,97,235,116,119,40,21,19,40,13,27,0,0,0
59274902,2474,1190,1284,938,521,417,1081,543,538,216,91,125,237,33,204,2,2,0
59274903,1106,563,543,437,246,191,463,231,232,126,69,57,76,14,62,4,3,1
59275701,236,119,117,102,57,45,94,48,46,22,11,11,18,3,15,0,0,0
59277301,51,32,19,25,17,8,13,7,6,10,8,2,3,0,3,0,0,0
59277303,47,26,21,18,12,6,16,9,7,8,4,4,5,1,4,0,0,0
59277304,85,46,39,38,24,14,38,19,19,3,1,2,6,2,4,0,0,0
59278101,403,203,200,152,86,66,187,94,93,38,19,19,26,4,22,0,0,0
59279001,1099,527,572,507,253,254,451,228,223,72,33,39,68,13,55,1,0,1
59280301,522,269,253,193,119,74,251,125,126,32,16,16,45,8,37,1,1,0
59282001,2810,1409,1401,1072,622,450,1313,655,658,192,95,97,220,29,191,11,8,3
59283801,96,54,42,47,30,17,37,17,20,4,2,2,6,3,3,2,2,0
59283802,32,22,10,17,13,4,10,6,4,4,3,1,1,0,1,0,0,0
59283803,25,13,12,12,6,6,10,6,4,0,0,0,3,1,2,0,0,0
59284601,947,487,460,365,217,148,440,219,221,67,36,31,75,15,60,0,0,0
59285401,321,166,155,141,79,62,134,66,68,28,17,11,17,3,14,1,1,0
59286201,1587,794,793,582,331,251,776,390,386,114,54,60,113,18,95,2,1,1
59287102,42,20,22,22,10,12,17,9,8,1,1,0,2,0,2,0,0,0
59287105,128,64,64,63,31,32,42,21,21,13,9,4,9,2,7,1,1,0
54164801,49,32,17,23,17,6,7,3,4,16,12,4,2,0,2,1,0,1
54164802,923,478,445,406,242,164,367,183,184,83,36,47,64,15,49,2,1,1
54171101,108,55,53,37,22,15,45,24,21,14,7,7,12,2,10,0,0,0
54171102,171,82,89,63,34,29,69,35,34,21,11,10,17,1,16,1,1,0
54171103,30,14,16,8,4,4,15,7,8,4,2,2,3,1,2,0,0,0
54171104,696,344,352,295,157,138,293,146,147,62,33,29,46,8,38,0,0,0
0285680,0,0,0,0,0,0,0,0,0,0,0,0,0,0,0,0,0,0
54180001,31,18,13,12,9,3,17,8,9,1,1,0,1,0,1,0,0,0
54180002,65,31,34,21,10,11,35,17,18,8,4,4,1,0,1,0,0,0
54180003,20,9,11,7,2,5,9,5,4,2,2,0,2,0,2,0,0,0
54180004,1679,841,838,682,391,291,716,358,358,125,61,64,150,28,122,6,3,3
54180006,36,18,18,15,8,7,16,8,8,3,2,1,2,0,2,0,0,0
54264402,81,45,36,39,22,17,26,15,11,6,3,3,10,5,5,0,0,0
54264403,1269,641,628,530,299,231,579,288,291,81,40,41,76,13,63,3,1,2
54264404,72,43,29,27,22,5,32,17,15,6,3,3,7,1,6,0,0,0
54267901,1164,552,612,510,277,233,451,225,226,102,40,62,101,10,91,0,0,0
54267902,193,97,96,70,41,29,108,53,55,8,2,6,7,1,6,0,0,0
54267903,208,103,105,81,46,35,99,50,49,14,5,9,13,1,12,1,1,0
54267904,115,57,58,47,28,19,51,26,25,7,3,4,10,0,10,0,0,0
54267905,75,38,37,39,22,17,27,15,12,3,1,2,6,0,6,0,0,0
54267906,95,46,49,42,22,20,34,17,17,9,6,3,10,1,9,0,0,0
54267907,87,48,39,40,26,14,37,19,18,6,2,4,4,1,3,0,0,0
54267908,242,130,112,106,66,40,101,50,51,26,14,12,9,0,9,0,0,0
54267909,137,69,68,66,35,31,46,24,22,14,9,5,11,1,10,0,0,0
54268702,152,76,76,61,33,28,70,35,35,11,5,6,9,2,7,1,1,0
54268703,23,12,11,9,4,5,12,6,6,2,2,0,0,0,0,0,0,0
54268704,57,30,27,23,13,10,32,16,16,1,0,1,0,0,0,0,0,0
54268706,442,219,223,177,100,77,193,97,96,39,18,21,32,4,28,1,0,1
54268707,57,31,26,21,13,8,29,15,14,3,1,2,4,2,2,0,0,0
54268710,41,23,18,16,11,5,17,9,8,5,3,2,3,0,3,0,0,0
54268711,32,13,19,13,4,9,15,7,8,2,1,1,2,1,1,0,0,0
54268712,45,23,22,24,13,11,15,8,7,2,1,1,4,1,3,0,0,0
54268713,27,11,16,9,4,5,12,6,6,3,1,2,3,0,3,0,0,0
54268714,51,23,28,20,9,11,20,10,10,4,1,3,5,1,4,0,0,0
54268715,64,33,31,25,16,9,24,12,12,6,3,3,9,2,7,0,0,0
54268716,275,145,130,117,71,46,108,54,54,28,17,11,22,3,19,0,0,0
54268717,187,90,97,82,48,34,68,36,32,13,3,10,24,3,21,0,0,0
54268718,926,479,447,381,239,142,375,184,191,83,40,43,85,16,69,2,0,2
54272501,1291,661,630,523,304,219,582,292,290,95,49,46,91,16,75,0,0,0
54275001,2013,993,1020,839,467,372,819,412,407,192,90,102,161,22,139,0,0,0
54275002,39,20,19,14,8,6,15,8,7,5,4,1,5,0,5,0,0,0
54275003,124,63,61,49,27,22,51,26,25,10,4,6,14,6,8,0,0,0
54276801,1577,796,781,664,373,291,685,345,340,115,59,56,109,18,91,3,1,2
54276802,79,34,45,37,14,23,35,18,17,5,2,3,2,0,2,0,0,0
54276803,561,264,297,233,127,106,244,121,123,36,13,23,47,2,45,1,1,0
54276804,36,17,19,11,6,5,18,9,9,3,2,1,4,0,4,0,0,0
54278401,63,30,33,39,20,19,18,9,9,4,0,4,2,1,1,0,0,0
54278402,32,13,19,10,4,6,17,8,9,3,1,2,2,0,2,0,0,0
54278403,39,19,20,13,7,6,15,8,7,5,4,1,6,0,6,0,0,0
54278404,56,25,31,25,12,13,25,13,12,1,0,1,5,0,5,0,0,0
54278407,343,181,162,153,91,62,151,75,76,16,11,5,23,4,19,0,0,0
54278408,109,56,53,45,23,22,51,27,24,9,6,3,3,0,3,1,0,1
54278409,132,64,68,61,34,27,57,28,29,4,1,3,9,1,8,1,0,1
54278410,106,54,52,55,30,25,42,21,21,4,2,2,5,1,4,0,0,0
54278411,666,322,344,270,148,122,289,145,144,40,21,19,67,8,59,0,0,0
54278412,297,148,149,122,65,57,136,69,67,21,11,10,18,3,15,0,0,0
54278413,46,28,18,24,17,7,12,6,6,5,3,2,5,2,3,0,0,0
54278414,195,104,91,99,62,37,72,36,36,10,5,5,14,1,13,0,0,0
54281401,737,369,368,313,177,136,312,153,159,65,32,33,45,6,39,2,1,1
54281402,43,19,24,19,9,10,17,8,9,2,1,1,5,1,4,0,0,0
54281403,162,72,90,63,25,38,73,37,36,11,8,3,14,2,12,1,0,1
54281404,108,55,53,49,28,21,49,26,23,4,1,3,6,0,6,0,0,0
54281405,43,26,17,15,13,2,21,11,10,4,2,2,2,0,2,1,0,1
54281406,747,368,379,292,161,131,364,184,180,38,18,20,53,5,48,0,0,0
54281407,29,15,14,9,7,2,14,7,7,1,0,1,4,0,4,1,1,0
54281408,60,28,32,23,13,10,19,10,9,9,4,5,9,1,8,0,0,0
54283101,21,11,10,6,3,3,12,6,6,2,2,0,1,0,1,0,0,0
54283102,718,356,362,284,164,120,301,151,150,57,26,31,72,13,59,4,2,2
54286501,1905,964,941,815,471,344,766,386,380,192,90,102,128,15,113,4,2,2
54286504,43,29,14,20,16,4,16,8,8,4,4,0,3,1,2,0,0,0
57034601,744,366,378,300,158,142,315,157,158,70,42,28,58,8,50,1,1,0
54290301,514,257,257,228,130,98,217,108,109,40,14,26,29,5,24,0,0,0
54290302,82,41,41,38,21,17,31,16,15,7,3,4,5,1,4,1,0,1
54290303,103,55,48,59,33,26,39,20,19,3,1,2,2,1,1,0,0,0
54290305,132,73,59,52,36,16,54,27,27,16,7,9,9,2,7,1,1,0
54291101,179,96,83,68,43,25,85,42,43,12,8,4,14,3,11,0,0,0
54291103,52,32,20,24,18,6,17,9,8,6,4,2,5,1,4,0,0,0
54291104,2169,1079,1090,857,534,323,817,410,407,253,108,145,234,24,210,8,3,5
54291105,58,29,29,25,15,10,19,9,10,7,4,3,7,1,6,0,0,0
54294602,50,25,25,25,13,12,22,11,11,2,1,1,1,0,1,0,0,0
54294603,976,522,454,407,261,146,404,202,202,79,39,40,81,16,65,3,2,1
54298901,101,49,52,44,23,21,41,21,20,4,2,2,11,2,9,1,1,0
54298902,150,78,72,64,37,27,62,31,31,12,7,5,12,3,9,0,0,0
54298903,137,75,62,54,34,20,65,34,31,7,3,4,11,4,7,0,0,0
54298904,254,131,123,100,57,43,120,59,61,18,12,6,16,3,13,0,0,0
54298905,1188,602,586,512,297,215,494,244,250,104,49,55,78,12,66,0,0,0
54298906,748,374,374,295,173,122,341,171,170,45,20,25,67,10,57,0,0,0
54299701,451,235,216,187,116,71,201,99,102,27,15,12,35,4,31,1,1,0
50006201,1821,910,911,753,423,330,770,386,384,167,76,91,128,24,104,3,1,2
50006202,199,101,98,90,50,40,78,39,39,19,9,10,12,3,9,0,0,0
54302101,46,28,18,18,12,6,20,10,10,5,5,0,3,1,2,0,0,0
54302102,575,304,271,236,150,86,261,129,132,41,20,21,36,5,31,1,0,1
54309801,829,408,421,363,193,170,345,174,171,57,32,25,60,6,54,4,3,1
54426401,633,318,315,256,144,112,267,134,133,59,31,28,50,8,42,1,1,0
54430201,394,205,189,163,104,59,165,83,82,32,14,18,33,3,30,1,1,0
54430202,719,355,364,329,182,147,293,144,149,56,23,33,40,6,34,1,0,1
54430203,214,110,104,76,44,32,100,50,50,20,11,9,18,5,13,0,0,0
54430204,143,62,81,60,30,30,56,28,28,11,3,8,16,1,15,0,0,0
54430206,254,123,131,104,54,50,108,54,54,23,12,11,19,3,16,0,0,0
54430207,113,54,59,38,21,17,50,24,26,12,6,6,13,3,10,0,0,0
54430208,170,86,84,73,37,36,73,37,36,9,7,2,14,5,9,1,0,1
55686601,42,19,23,16,8,8,18,8,10,3,1,2,5,2,3,0,0,0
55686602,691,351,340,292,165,127,280,146,134,57,28,29,60,11,49,2,1,1
54437001,1685,853,832,732,433,299,758,379,379,68,30,38,124,8,116,3,3,0
54437003,34,19,15,18,12,6,14,7,7,1,0,1,1,0,1,0,0,0
54439601,26,11,15,12,4,8,8,4,4,3,2,1,3,1,2,0,0,0
54439602,29,14,15,9,5,4,13,6,7,4,2,2,3,1,2,0,0,0
54439603,50,23,27,20,9,11,21,11,10,6,3,3,3,0,3,0,0,0
54439604,1307,627,680,590,313,277,528,259,269,88,39,49,99,15,84,2,1,1
54439605,65,32,33,32,17,15,28,13,15,2,1,1,3,1,2,0,0,0
54441801,127,60,67,58,31,27,51,25,26,7,3,4,11,1,10,0,0,0
54441802,665,315,350,314,164,150,239,117,122,61,24,37,50,10,40,1,0,1
54443402,63,31,32,22,11,11,29,14,15,9,5,4,2,0,2,1,1,0
54443405,517,251,266,203,102,101,241,122,119,31,19,12,41,8,33,1,0,1
54446901,53,25,28,13,9,4,29,15,14,6,1,5,5,0,5,0,0,0
54446902,216,112,104,77,49,28,102,51,51,19,8,11,18,4,14,0,0,0
54450701,31,20,11,9,9,0,16,8,8,2,1,1,4,2,2,0,0,0
54450702,30,16,14,10,5,5,13,7,6,4,2,2,2,2,0,1,0,1
54450703,721,372,349,315,184,131,303,151,152,55,29,26,47,8,39,1,0,1
54450704,23,11,12,7,4,3,10,5,5,2,1,1,3,0,3,1,1,0
54456601,30,18,12,13,11,2,8,4,4,4,3,1,5,0,5,0,0,0
54456602,1801,920,881,760,454,306,700,354,346,154,81,73,183,28,155,4,3,1
54456603,501,262,239,207,127,80,226,115,111,32,15,17,36,5,31,0,0,0
54456604,65,33,32,30,16,14,25,13,12,4,2,2,5,1,4,1,1,0
54457401,333,171,162,112,64,48,181,92,89,18,10,8,21,4,17,1,1,0
54457402,64,34,30,29,17,12,30,15,15,4,2,2,1,0,1,0,0,0
54457403,62,28,34,20,9,11,37,19,18,4,0,4,1,0,1,0,0,0
56949601,252,144,108,109,69,40,114,58,56,15,11,4,12,4,8,2,2,0
54462101,569,282,287,248,133,115,247,123,124,43,23,20,31,3,28,0,0,0
50007101,1716,875,841,657,391,266,803,402,401,138,65,73,116,16,100,2,1,1
54465501,559,272,287,217,117,100,261,129,132,31,20,11,49,5,44,0,0,0
54467101,456,237,219,185,109,76,213,107,106,28,14,14,28,6,22,2,1,1
54467102,46,24,22,18,12,6,20,10,10,5,2,3,3,0,3,0,0,0
54469801,314,157,157,130,65,65,136,69,67,29,21,8,18,1,17,1,1,0
54469802,110,52,58,42,23,19,42,23,19,14,6,8,12,0,12,0,0,0
54469803,67,35,32,27,14,13,31,16,15,3,2,1,6,3,3,0,0,0
54469805,80,40,40,32,19,13,30,15,15,6,3,3,12,3,9,0,0,0
54469806,1140,559,581,501,274,227,469,230,239,91,44,47,77,9,68,1,1,0
54472801,79,46,33,32,23,9,28,15,13,14,7,7,5,1,4,0,0,0
54472803,564,292,272,227,135,92,227,111,116,70,38,32,40,8,32,0,0,0
54478701,1719,872,847,721,422,299,731,365,366,148,69,79,116,16,100,1,0,1
54478702,55,23,32,22,9,13,24,11,13,2,1,1,7,2,5,0,0,0
54484101,1498,716,782,663,360,303,514,252,262,248,91,157,64,8,56,7,3,4
54484103,81,35,46,25,13,12,32,16,16,5,1,4,5,1,4,14,4,10
54484104,1125,536,589,440,239,201,435,219,216,184,60,124,65,17,48,1,1,0
54484105,1668,816,852,674,405,269,479,239,240,253,131,122,242,30,212,16,10,6
54484106,146,71,75,64,33,31,70,35,35,8,2,6,4,1,3,0,0,0
54484108,27,12,15,9,3,6,14,7,7,2,2,0,2,0,2,0,0,0
54484109,418,209,209,155,90,65,187,92,95,36,18,18,37,8,29,3,1,2
54484110,731,354,377,288,152,136,329,164,165,50,24,26,63,14,49,1,0,1
54484111,148,71,77,59,31,28,70,34,36,12,6,6,7,0,7,0,0,0
54484112,130,65,65,54,29,25,54,28,26,17,8,9,5,0,5,0,0,0
54484113,1652,773,879,701,367,334,557,274,283,295,118,177,94,11,83,5,3,2
54484114,2083,974,1109,849,449,400,809,396,413,276,99,177,142,28,114,5,2,3
54484115,1240,606,634,499,262,237,596,299,297,67,27,40,76,17,59,2,1,1
54484116,2360,1103,1257,934,509,425,807,407,400,382,145,237,222,31,191,15,11,4
54484117,390,180,210,164,79,85,170,86,84,26,11,15,30,4,26,0,0,0
54484119,182,95,87,69,40,29,93,47,46,12,7,5,8,1,7,0,0,0
54484120,649,323,326,252,137,115,295,147,148,52,30,22,48,7,41,2,2,0
54484121,317,158,159,142,80,62,131,64,67,26,12,14,16,1,15,2,1,1
54484122,91,45,46,32,19,13,37,19,18,11,5,6,10,1,9,1,1,0
54484123,1069,528,541,404,237,167,457,224,233,116,50,66,86,14,72,6,3,3
54485002,658,329,329,254,140,114,307,154,153,52,28,24,43,7,36,2,0,2
54485003,69,31,38,30,14,16,26,13,13,5,3,2,8,1,7,0,0,0
54485004,88,46,42,28,17,11,45,22,23,4,4,0,10,2,8,1,1,0
54485005,77,35,42,35,20,15,28,14,14,5,1,4,9,0,9,0,0,0
54490601,292,152,140,132,80,52,113,56,57,22,12,10,25,4,21,0,0,0
54491401,533,268,265,224,130,94,219,112,107,35,15,20,54,11,43,1,0,1
54492201,844,430,414,347,209,138,365,182,183,64,27,37,66,10,56,2,2,0
57037101,577,282,295,234,128,106,235,117,118,53,28,25,53,8,45,2,1,1
54494902,336,168,168,135,71,64,164,81,83,20,12,8,17,4,13,0,0,0
54494903,641,315,326,267,145,122,268,136,132,51,28,23,54,6,48,0,0,0
54494904,75,40,35,34,23,11,30,15,15,7,2,5,4,0,4,0,0,0
54494905,76,39,37,36,20,16,31,16,15,6,3,3,3,0,3,0,0,0
54494906,66,30,36,36,15,21,23,12,11,6,2,4,1,1,0,0,0,0
54494907,206,107,99,84,52,32,91,46,45,14,6,8,16,3,13,1,0,1
54494908,446,201,245,180,94,86,173,87,86,40,15,25,52,5,47,1,0,1
54494909,74,38,36,30,16,14,36,18,18,4,3,1,4,1,3,0,0,0
54494910,241,124,117,103,60,43,106,53,53,15,8,7,17,3,14,0,0,0
54499001,1256,635,621,527,303,224,581,293,288,68,30,38,79,9,70,1,0,1
54499002,153,80,73,66,37,29,68,33,35,9,7,2,9,3,6,1,0,1
55302601,408,194,214,174,93,81,161,82,79,30,14,16,43,5,38,0,0,0
54505801,640,332,308,273,147,126,267,143,124,63,31,32,35,11,24,2,0,2
54505802,964,476,488,392,209,183,435,219,216,79,37,42,56,11,45,2,0,2
54505803,218,109,109,91,47,44,93,48,45,21,11,10,13,3,10,0,0,0
54505804,258,131,127,95,56,39,120,60,60,21,7,14,19,5,14,3,3,0
54505805,231,119,112,86,56,30,109,54,55,18,5,13,18,4,14,0,0,0
54505806,3016,1365,1651,1305,687,618,989,486,503,425,146,279,287,42,245,10,4,6
54505807,193,94,99,72,34,38,98,49,49,12,8,4,10,2,8,1,1,0
54505808,90,44,46,42,21,21,26,12,14,18,10,8,4,1,3,0,0,0
54505809,288,151,137,117,71,46,128,64,64,23,12,11,20,4,16,0,0,0
54505810,2497,1163,1334,1109,598,511,773,381,392,379,147,232,213,21,192,21,14,7
54505811,641,321,320,335,185,150,202,102,100,72,27,45,30,5,25,2,2,0
54505812,276,139,137,115,67,48,84,44,40,52,23,29,24,4,20,1,1,0
54505813,55,47,8,20,18,2,7,6,1,24,20,4,3,2,1,1,1,0
54505814,2456,1205,1251,964,545,419,1055,527,528,274,102,172,154,24,130,8,7,1
54505815,2321,1132,1189,915,526,389,926,457,469,335,127,208,141,20,121,4,2,2
54505816,301,154,147,115,68,47,131,67,64,25,13,12,28,6,22,2,0,2
54505817,1944,896,1048,780,423,357,694,349,345,275,101,174,188,19,169,5,4,1
54505818,90,48,42,40,25,15,33,16,17,10,7,3,7,0,7,0,0,0
54505820,898,497,401,410,251,159,230,116,114,201,123,78,55,5,50,2,2,0
54505821,294,135,159,110,53,57,138,67,71,23,11,12,23,4,19,0,0,0
54505822,459,219,240,204,97,107,218,108,110,27,11,16,10,3,7,0,0,0
54505823,1638,789,849,698,391,307,580,289,291,193,77,116,163,31,132,4,1,3
54505825,218,113,105,101,60,41,72,36,36,29,14,15,16,3,13,0,0,0
54505826,240,102,138,105,40,65,101,49,52,24,10,14,9,2,7,1,1,0
54505828,1355,685,670,530,294,236,621,311,310,109,60,49,95,20,75,0,0,0
54505829,128,65,63,46,23,23,68,35,33,10,5,5,4,2,2,0,0,0
54514701,101,52,49,43,23,20,43,22,21,9,6,3,6,1,5,0,0,0
54514702,97,52,45,35,21,14,52,26,26,4,3,1,6,2,4,0,0,0
54514703,87,42,45,40,22,18,31,15,16,11,5,6,5,0,5,0,0,0
54514704,192,96,96,75,40,35,89,45,44,13,8,5,15,3,12,0,0,0
54516301,227,116,111,87,50,37,107,54,53,14,7,7,19,5,14,0,0,0
54516302,1080,515,565,435,230,205,432,217,215,110,52,58,101,15,86,2,1,1
54516303,68,36,32,21,16,5,32,16,16,5,2,3,9,2,7,1,0,1
54516304,41,22,19,17,10,7,14,8,6,2,1,1,8,3,5,0,0,0
54516306,41,22,19,12,8,4,24,12,12,3,1,2,2,1,1,0,0,0
54516307,33,14,19,12,5,7,15,7,8,3,2,1,3,0,3,0,0,0
54516308,229,118,111,85,50,35,98,51,47,24,14,10,22,3,19,0,0,0
54516310,208,114,94,75,47,28,102,53,49,17,11,6,14,3,11,0,0,0
54516312,24,13,11,8,7,1,10,5,5,2,1,1,4,0,4,0,0,0
54516313,90,49,41,40,29,11,35,17,18,5,2,3,10,1,9,0,0,0
54516314,114,63,51,42,30,12,48,24,24,14,9,5,10,0,10,0,0,0
54516315,58,25,33,20,8,12,27,14,13,3,2,1,7,0,7,1,1,0
54519801,161,82,79,57,29,28,83,41,42,13,10,3,7,1,6,1,1,0
54519802,1378,678,700,550,309,241,620,310,310,100,44,56,106,14,92,2,1,1
54519803,96,53,43,39,28,11,39,20,19,8,3,5,9,2,7,1,0,1
54519804,38,20,18,12,7,5,19,9,10,2,2,0,5,2,3,0,0,0
54521001,1061,523,538,453,244,209,462,231,231,75,39,36,70,8,62,1,1,0
3311710,0,0,0,0,0,0,0,0,0,0,0,0,0,0,0,0,0,0
3410700,0,0,0,0,0,0,0,0,0,0,0,0,0,0,0,0,0,0
54163001,2166,1011,1155,902,483,419,834,405,429,286,92,194,136,26,110,6,3,3
54163002,33,18,15,13,8,5,12,6,6,5,3,2,2,1,1,1,0,1
54163004,95,47,48,28,12,16,43,20,23,18,13,5,6,2,4,0,0,0
54163005,1168,581,587,480,267,213,471,236,235,141,62,79,76,16,60,0,0,0
54163006,295,132,163,74,44,30,105,54,51,58,18,40,52,11,41,4,3,1
54163008,780,408,372,277,163,114,361,180,181,88,57,31,53,8,45,1,0,1
54163009,111,54,57,52,25,27,44,22,22,11,6,5,4,1,3,0,0,0
54163010,445,219,226,183,99,84,185,95,90,39,19,20,36,4,32,2,2,0
54163011,2696,1295,1401,1103,596,507,1100,550,550,349,122,227,142,26,116,2,1,1
54163012,618,288,330,288,160,128,166,82,84,109,40,69,55,6,49,0,0,0
54163013,335,175,160,137,80,57,147,73,74,27,14,13,23,7,16,1,1,0
54163014,2413,1118,1295,893,480,413,939,475,464,313,119,194,261,39,222,7,5,2
54163015,2577,1193,1384,1096,576,520,886,440,446,348,142,206,243,33,210,4,2,2
54163016,2363,1095,1268,1049,549,500,721,358,363,373,132,241,212,53,159,7,3,4
54163018,506,246,260,215,114,101,203,100,103,61,29,32,27,3,24,0,0,0
54163019,1050,499,551,424,233,191,433,214,219,144,45,99,48,6,42,1,1,0
54163020,2194,1021,1173,964,524,440,740,368,372,266,103,163,215,24,191,8,2,6
54163021,515,243,272,340,169,171,116,60,56,44,14,30,15,0,15,0,0,0
54163022,142,106,36,50,41,9,67,48,19,8,5,3,0,0,0,17,12,5
54163023,169,80,89,57,29,28,88,45,43,13,6,7,11,0,11,0,0,0
54163024,951,469,482,355,210,145,406,205,201,96,42,54,91,11,80,3,1,2
54163026,459,214,245,195,95,100,177,90,87,57,26,31,30,3,27,0,0,0
54163027,69,37,32,25,16,9,33,17,16,7,4,3,4,0,4,0,0,0
54163028,2159,1127,1032,1001,588,413,611,305,306,416,210,206,124,21,103,7,3,4
54163029,649,295,354,230,119,111,275,137,138,74,30,44,70,9,61,0,0,0
54523601,526,268,258,219,129,90,234,118,116,34,13,21,39,8,31,0,0,0
54523602,2381,1196,1185,989,545,444,1005,512,493,217,109,108,167,28,139,3,2,1
54523603,64,31,33,26,13,13,27,13,14,9,5,4,2,0,2,0,0,0
54524401,484,224,260,181,90,91,219,109,110,44,19,25,39,6,33,1,0,1
54524403,41,17,24,22,9,13,16,8,8,0,0,0,3,0,3,0,0,0
54525201,86,42,44,44,20,24,36,18,18,4,2,2,2,2,0,0,0,0
54525202,111,58,53,38,20,18,55,27,28,11,8,3,7,3,4,0,0,0
54525203,789,402,387,334,192,142,354,176,178,45,25,20,56,9,47,0,0,0
54525204,4346,2167,2179,1765,995,770,1859,933,926,416,177,239,296,56,240,9,6,3
58831801,317,157,160,133,74,59,140,70,70,25,12,13,19,1,18,0,0,0
58507601,646,320,326,268,145,123,264,132,132,59,31,28,54,11,43,1,1,0
55710201,362,182,180,136,81,55,176,88,88,21,8,13,28,5,23,1,0,1
58509201,748,368,380,285,154,131,326,164,162,63,37,26,69,10,59,5,3,2
58510601,44,21,23,22,11,11,19,10,9,1,0,1,2,0,2,0,0,0
58510602,612,315,297,245,145,100,278,141,137,43,21,22,46,8,38,0,0,0
58510603,89,45,44,36,18,18,39,20,19,7,5,2,6,2,4,1,0,1
3136450,0,0,0,0,0,0,0,0,0,0,0,0,0,0,0,0,0,0
58511402,36,19,17,24,14,10,10,5,5,1,0,1,1,0,1,0,0,0
58511403,1122,576,546,457,276,181,501,252,249,78,38,40,83,9,74,3,1,2
58511404,644,324,320,242,147,95,300,150,150,40,21,19,62,6,56,0,0,0
58511405,76,38,38,27,15,12,37,18,19,5,3,2,6,1,5,1,1,0
58511406,160,85,75,66,42,24,67,34,33,18,5,13,9,4,5,0,0,0
58511407,276,153,123,104,71,33,125,64,61,19,12,7,28,6,22,0,0,0
58511408,1344,656,688,563,310,253,587,295,292,104,36,68,86,12,74,4,3,1
58511409,67,37,30,28,18,10,33,17,16,3,1,2,3,1,2,0,0,0
58511410,513,265,248,188,116,72,250,125,125,31,17,14,44,7,37,0,0,0
58511411,953,471,482,399,225,174,388,192,196,83,39,44,78,12,66,4,2,2
53874401,1227,600,627,495,261,234,537,267,270,96,53,43,95,16,79,2,1,1
53874402,85,48,37,36,26,10,25,15,10,12,5,7,12,2,10,0,0,0
53874403,30,17,13,8,5,3,17,9,8,4,3,1,1,0,1,0,0,0
3411420,0,0,0,0,0,0,0,0,0,0,0,0,0,0,0,0,0,0
58513101,503,246,257,204,105,99,235,117,118,34,16,18,30,8,22,0,0,0
58514901,668,344,324,252,137,115,304,165,139,46,29,17,64,12,52,2,1,1
58514902,25,14,11,9,3,6,14,9,5,2,2,0,0,0,0,0,0,0
58515701,190,92,98,72,36,36,89,45,44,15,7,8,14,4,10,0,0,0
58516501,223,111,112,81,48,33,87,43,44,24,13,11,27,4,23,4,3,1
58517301,638,311,327,248,132,116,319,162,157,37,16,21,34,1,33,0,0,0
58518101,578,296,282,249,143,106,227,112,115,58,32,26,43,8,35,1,1,0
58519001,406,215,191,159,98,61,182,94,88,27,12,15,35,8,27,3,3,0
58520301,335,177,158,132,82,50,151,75,76,35,18,17,17,2,15,0,0,0
58521101,35,15,20,16,6,10,12,6,6,3,3,0,4,0,4,0,0,0
58521103,311,158,153,119,67,52,134,68,66,42,20,22,14,2,12,2,1,1
58521105,101,52,49,38,23,15,59,28,31,1,1,0,3,0,3,0,0,0
58521106,66,35,31,29,16,13,26,13,13,9,5,4,2,1,1,0,0,0
58521107,1470,713,757,582,325,257,603,301,302,147,64,83,128,18,110,9,4,5
58521108,1319,668,651,501,289,212,607,305,302,117,58,59,90,13,77,2,1,1
58521109,84,41,43,37,20,17,36,17,19,5,2,3,6,2,4,0,0,0
58521110,275,144,131,117,68,49,127,65,62,18,8,10,13,3,10,0,0,0
58522001,86,41,45,36,18,18,37,19,18,6,3,3,6,0,6,1,1,0
58522002,586,293,293,261,138,123,242,120,122,48,25,23,34,9,25,0,0,0
58522003,1070,542,528,439,245,194,460,231,229,97,49,48,72,15,57,2,2,0
58522004,109,61,48,52,31,21,45,22,23,9,6,3,2,1,1,1,1,0
58522005,57,33,24,21,14,7,29,15,14,6,3,3,1,1,0,0,0,0
58523801,83,44,39,40,22,18,33,17,16,8,4,4,2,1,1,0,0,0
58524601,565,277,288,232,120,112,248,124,124,53,28,25,32,5,27,0,0,0
58525401,287,157,130,138,83,55,110,56,54,22,14,8,17,4,13,0,0,0
58525402,243,128,115,104,61,43,106,54,52,22,11,11,11,2,9,0,0,0
58526201,20,9,11,7,4,3,10,5,5,1,0,1,2,0,2,0,0,0
58526202,444,221,223,191,95,96,186,95,91,42,26,16,25,5,20,0,0,0
58527101,528,265,263,202,114,88,250,125,125,31,20,11,43,4,39,2,2,0
58528901,1299,652,647,513,279,234,572,281,291,127,68,59,85,22,63,2,2,0
58530101,897,448,449,359,199,160,419,212,207,64,31,33,54,6,48,1,0,1
58531901,257,137,120,110,66,44,111,56,55,11,7,4,23,7,16,2,1,1
58532701,261,129,132,108,62,46,112,57,55,22,8,14,18,1,17,1,1,0
58705201,236,122,114,79,49,30,116,57,59,18,9,9,22,6,16,1,1,0
58534301,893,451,442,358,209,149,432,212,220,48,22,26,53,8,45,2,0,2
59225101,152,83,69,51,33,18,68,34,34,21,13,8,12,3,9,0,0,0
54943601,293,149,144,107,61,46,127,62,65,28,20,8,30,5,25,1,1,0
58696001,181,93,88,87,55,32,69,34,35,11,4,7,14,0,14,0,0,0
57343401,882,451,431,364,215,149,401,201,200,55,27,28,61,7,54,1,1,0
54955001,248,122,126,99,54,45,105,52,53,26,14,12,18,2,16,0,0,0
54962201,791,390,401,323,179,144,352,176,176,66,27,39,48,7,41,2,1,1
54962203,37,19,18,19,11,8,12,6,6,4,2,2,2,0,2,0,0,0
58687101,336,176,160,141,85,56,153,78,75,20,11,9,22,2,20,0,0,0
1984550,0,0,0,0,0,0,0,0,0,0,0,0,0,0,0,0,0,0
58543201,495,217,278,165,94,71,178,90,88,40,21,19,109,11,98,3,1,2
58544101,628,307,321,252,136,116,287,142,145,38,24,14,47,2,45,4,3,1
58544102,59,29,30,24,11,13,30,15,15,2,1,1,3,2,1,0,0,0
58545901,192,100,92,77,45,32,87,44,43,13,8,5,15,3,12,0,0,0
58545902,4160,1969,2191,1555,862,693,1679,842,837,525,201,324,382,54,328,19,10,9
58545903,257,140,117,86,53,33,121,60,61,35,22,13,15,5,10,0,0,0
58545904,233,124,109,91,56,35,109,55,54,18,10,8,15,3,12,0,0,0
58546701,1726,815,911,631,358,273,711,358,353,144,64,80,235,32,203,3,1,2
55714501,460,236,224,187,105,82,213,110,103,30,13,17,29,7,22,1,1,0
58548301,312,153,159,129,72,57,124,62,62,33,16,17,26,3,23,0,0,0
58548302,99,42,57,35,14,21,48,25,23,2,1,1,13,1,12,1,1,0
58549101,641,321,320,260,151,109,291,144,147,48,23,25,42,3,39,0,0,0
58550501,676,343,333,285,157,128,305,155,150,45,23,22,41,8,33,0,0,0
58551304,879,456,423,364,219,145,326,162,164,121,61,60,67,13,54,1,1,0
58551305,79,39,40,28,13,15,42,21,21,5,4,1,3,0,3,1,1,0
58551306,67,36,31,31,20,11,23,12,11,5,2,3,7,2,5,1,0,1
58551308,1961,954,1007,757,437,320,713,356,357,350,134,216,137,23,114,4,4,0
58551309,20,12,8,5,2,3,13,9,4,2,1,1,0,0,0,0,0,0
58551310,144,74,70,69,40,29,53,26,27,11,6,5,11,2,9,0,0,0
58551311,37,22,15,14,9,5,9,5,4,11,8,3,3,0,3,0,0,0
58551313,205,98,107,79,39,40,92,46,46,17,9,8,17,4,13,0,0,0
58551314,509,249,260,191,106,85,203,103,100,59,30,29,56,10,46,0,0,0
58551315,49,24,25,22,12,10,18,9,9,7,3,4,2,0,2,0,0,0
58551316,417,216,201,175,110,65,164,81,83,49,21,28,29,4,25,0,0,0
58551317,1084,500,584,424,227,197,414,209,205,133,46,87,111,17,94,2,1,1
58551318,1477,727,750,530,295,235,688,341,347,148,75,73,108,15,93,3,1,2
58552101,678,335,343,283,155,128,284,142,142,55,28,27,53,9,44,3,1,2
58553001,1315,681,634,565,341,224,587,300,287,40,25,15,122,15,107,1,0,1
58554801,532,274,258,238,136,102,249,124,125,12,9,3,30,3,27,3,2,1
58554802,112,61,51,49,30,19,50,26,24,4,3,1,9,2,7,0,0,0
58555601,451,216,235,201,106,95,180,89,91,37,16,21,31,4,27,1,0,1
54944401,382,196,186,155,90,65,166,83,83,35,14,21,26,9,17,0,0,0
55717001,405,214,191,141,85,56,179,91,88,58,33,25,26,4,22,1,1,0
1167930,0,0,0,0,0,0,0,0,0,0,0,0,0,0,0,0,0,0
1168070,0,0,0,0,0,0,0,0,0,0,0,0,0,0,0,0,0,0
1168150,0,0,0,0,0,0,0,0,0,0,0,0,0,0,0,0,0,0
3412230,0,0,0,0,0,0,0,0,0,0,0,0,0,0,0,0,0,0
58559901,911,455,456,341,190,151,418,211,207,86,45,41,65,8,57,1,1,0
58559903,3829,1795,2034,1517,842,675,1267,634,633,669,260,409,358,49,309,17,10,7
58559904,732,379,353,288,175,113,308,154,154,90,42,48,45,8,37,1,0,1
58559905,82,40,42,25,14,11,40,20,20,8,6,2,9,0,9,0,0,0
58559908,31,21,10,27,17,10,2,2,0,1,1,0,1,1,0,0,0,0
58559909,4734,2312,2422,1875,1063,812,1677,841,836,700,311,389,432,70,362,47,26,21
58559910,49,37,12,19,16,3,10,5,5,17,14,3,1,1,0,2,1,1
58559912,2390,1143,1247,962,528,434,845,419,426,413,155,258,161,36,125,9,5,4
58559913,822,400,422,260,144,116,437,221,216,56,23,33,69,12,57,0,0,0
58559914,3517,1781,1736,1452,854,598,1322,658,664,518,236,282,211,26,185,14,7,7
58559915,34,14,20,7,2,5,22,11,11,2,1,1,3,0,3,0,0,0
55687401,305,139,166,107,49,58,155,77,78,20,10,10,22,3,19,1,0,1
53481101,193,99,94,86,51,35,75,39,36,13,8,5,19,1,18,0,0,0
58561101,317,174,143,110,73,37,145,74,71,32,20,12,29,7,22,1,0,1
54946101,859,415,444,331,179,152,360,183,177,82,41,41,82,8,74,2,2,0
54953301,708,370,338,295,176,119,328,165,163,41,22,19,43,7,36,1,0,1
54940101,1202,596,606,450,259,191,533,270,263,106,49,57,107,15,92,6,3,3
54940102,77,38,39,24,13,11,33,17,16,12,6,6,7,2,5,1,0,1
58566101,58,26,32,19,7,12,31,16,15,6,2,4,2,1,1,0,0,0
58566102,713,356,357,282,163,119,308,153,155,66,31,35,54,9,45,1,0,1
58567001,818,420,398,322,179,143,393,200,193,51,29,22,49,9,40,3,3,0
55698001,51,24,27,22,10,12,18,9,9,5,5,0,6,0,6,0,0,0
55698002,502,251,251,186,109,77,239,121,118,30,14,16,44,6,38,3,1,2
58691901,244,130,114,91,54,37,117,59,58,17,13,4,19,4,15,0,0,0
58572601,751,378,373,296,160,136,349,175,174,54,28,26,50,14,36,2,1,1
58573401,637,305,332,239,126,113,290,144,146,45,25,20,60,8,52,3,2,1
3138580,0,0,0,0,0,0,0,0,0,0,0,0,0,0,0,0,0,0
3138660,0,0,0,0,0,0,0,0,0,0,0,0,0,0,0,0,0,0
3411510,0,0,0,0,0,0,0,0,0,0,0,0,0,0,0,0,0,0
58575101,460,227,233,171,94,77,227,114,113,36,15,21,26,4,22,0,0,0
58575103,287,145,142,111,66,45,126,66,60,24,9,15,25,3,22,1,1,0
58575104,150,61,89,30,18,12,63,31,32,22,8,14,35,4,31,0,0,0
58575105,579,284,295,224,126,98,259,130,129,44,21,23,50,6,44,2,1,1
58575106,781,389,392,276,158,118,392,195,197,52,23,29,59,12,47,2,1,1
58575107,1689,817,872,630,346,284,752,381,371,184,64,120,115,21,94,7,5,2
58575109,1028,497,531,370,215,155,450,224,226,108,46,62,100,12,88,0,0,0
58575110,1062,514,548,440,241,199,427,213,214,126,53,73,67,7,60,2,0,2
58576901,541,266,275,214,124,90,253,124,129,22,9,13,52,9,43,0,0,0
58577701,2825,1380,1445,1133,616,517,1185,593,592,337,141,196,157,27,130,12,3,9
58579301,1643,817,826,638,356,282,738,369,369,148,75,73,117,15,102,2,2,0
58580701,436,227,209,166,102,64,191,95,96,38,26,12,41,4,37,0,0,0
58581501,248,113,135,102,49,53,104,52,52,29,12,17,13,0,13,0,0,0
58583101,448,218,230,184,100,84,203,101,102,19,7,12,42,10,32,0,0,0
58583102,1522,772,750,590,343,247,713,356,357,90,47,43,125,24,101,4,2,2
58583103,41,22,19,19,13,6,14,6,8,2,1,1,5,2,3,1,0,1
58583105,32,16,16,13,7,6,10,5,5,2,2,0,6,1,5,1,1,0
54493101,469,249,220,195,124,71,203,101,102,27,16,11,43,8,35,1,0,1
54964901,1349,701,648,542,306,236,584,299,285,148,76,72,74,19,55,1,1,0
53518401,20,9,11,8,5,3,5,3,2,4,1,3,2,0,2,1,0,1
53518402,278,147,131,119,71,48,127,64,63,16,11,5,16,1,15,0,0,0
58585801,2223,1134,1089,912,532,380,896,461,435,240,110,130,172,29,143,3,2,1
58585802,127,78,49,53,36,17,51,27,24,21,14,7,2,1,1,0,0,0
58586601,1133,580,553,446,258,188,504,252,252,90,52,38,87,15,72,6,3,3
58587401,280,142,138,126,71,55,119,59,60,16,9,7,19,3,16,0,0,0
58588201,1143,565,578,475,262,213,510,254,256,75,37,38,82,12,70,1,0,1
58589101,219,112,107,91,52,39,90,44,46,19,11,8,18,4,14,1,1,0
58589102,318,162,156,139,79,60,146,75,71,12,6,6,21,2,19,0,0,0
58589103,86,45,41,35,21,14,40,20,20,4,1,3,6,2,4,1,1,0
58589104,860,417,443,379,214,165,312,157,155,97,33,64,69,11,58,3,2,1
58589105,24,14,10,9,6,3,12,7,5,3,1,2,0,0,0,0,0,0
58589107,1301,644,657,542,289,253,570,286,284,105,61,44,80,8,72,4,0,4
58589109,1610,783,827,668,383,285,653,320,333,145,56,89,137,20,117,7,4,3
58589110,289,140,149,112,59,53,128,65,63,26,12,14,23,4,19,0,0,0
54511201,305,158,147,134,80,54,132,66,66,17,8,9,22,4,18,0,0,0
58591201,719,345,374,283,149,134,345,173,172,40,19,21,49,4,45,2,0,2
58592101,788,392,396,321,172,149,358,180,178,66,35,31,43,5,38,0,0,0
3411260,0,0,0,0,0,0,0,0,0,0,0,0,0,0,0,0,0,0
58593901,192,95,97,84,42,42,84,44,40,13,7,6,11,2,9,0,0,0
58593902,1320,602,718,524,279,245,459,230,229,165,68,97,164,23,141,8,2,6
58593903,1217,589,628,507,257,250,544,274,270,99,44,55,64,11,53,3,3,0
58593904,52,24,28,25,10,15,17,8,9,9,6,3,1,0,1,0,0,0
58593905,698,352,346,290,165,125,316,156,160,58,24,34,33,7,26,1,0,1
58593906,35,16,19,15,5,10,18,9,9,2,2,0,0,0,0,0,0,0
58593907,135,64,71,49,26,23,64,31,33,7,3,4,14,3,11,1,1,0
58593908,79,42,37,33,19,14,29,15,14,13,7,6,4,1,3,0,0,0
58593909,1077,536,541,454,258,196,432,213,219,113,52,61,78,13,65,0,0,0
58593911,46,22,24,20,10,10,22,11,11,1,1,0,3,0,3,0,0,0
58699401,200,101,99,81,47,34,85,44,41,14,9,5,20,1,19,0,0,0
58595501,1042,517,525,415,234,181,455,228,227,86,48,38,84,5,79,2,2,0
58595502,343,165,178,136,71,65,153,78,75,25,13,12,29,3,26,0,0,0
58596301,394,202,192,155,90,65,164,83,81,44,22,22,29,5,24,0,0,0
58597101,1097,540,557,427,242,185,509,255,254,66,31,35,93,11,82,2,1,1
58598001,811,420,391,334,202,132,367,186,181,50,21,29,59,10,49,1,1,0
58599801,215,113,102,86,52,34,95,47,48,15,9,6,19,5,14,0,0,0
58599802,1065,558,507,448,257,191,466,239,227,86,42,44,63,19,44,2,1,1
58599803,80,39,41,36,17,19,33,17,16,6,5,1,5,0,5,0,0,0
58599804,88,43,45,35,16,19,36,19,17,13,7,6,4,1,3,0,0,0
0359390,0,0,0,0,0,0,0,0,0,0,0,0,0,0,0,0,0,0
0360640,0,0,0,0,0,0,0,0,0,0,0,0,0,0,0,0,0,0
0360720,0,0,0,0,0,0,0,0,0,0,0,0,0,0,0,0,0,0
0361290,0,0,0,0,0,0,0,0,0,0,0,0,0,0,0,0,0,0
3318560,0,0,0,0,0,0,0,0,0,0,0,0,0,0,0,0,0,0
58506802,565,258,307,178,94,84,268,134,134,63,23,40,55,6,49,1,1,0
58506803,640,322,318,245,132,113,305,154,151,58,31,27,31,5,26,1,0,1
58506804,805,406,399,341,177,164,357,179,178,66,39,27,36,8,28,2,1,1
58506805,830,379,451,303,167,136,296,149,147,133,45,88,95,17,78,3,1,2
58506806,47,19,28,18,5,13,20,10,10,5,3,2,4,1,3,0,0,0
58506807,44,20,24,12,6,6,21,11,10,6,2,4,5,1,4,0,0,0
58506809,26,17,9,10,8,2,7,3,4,6,4,2,2,1,1,1,1,0
58506810,82,41,41,38,19,19,30,15,15,10,7,3,4,0,4,0,0,0
58506811,714,341,373,290,143,147,320,159,161,63,32,31,41,7,34,0,0,0
58506812,376,181,195,158,77,81,159,78,81,34,18,16,23,7,16,2,1,1
58506813,1677,837,840,718,387,331,735,364,371,142,68,74,79,16,63,3,2,1
58506814,142,74,68,59,30,29,59,30,29,18,11,7,6,3,3,0,0,0
58506815,235,111,124,83,41,42,106,53,53,22,12,10,23,4,19,1,1,0
58506816,144,69,75,63,32,31,59,31,28,14,5,9,8,1,7,0,0,0
58506817,249,121,128,95,51,44,110,56,54,26,13,13,18,1,17,0,0,0
58506818,778,388,390,318,180,138,319,160,159,72,37,35,68,10,58,1,1,0
58506820,25,15,10,13,9,4,9,4,5,2,1,1,1,1,0,0,0,0
58506821,1078,522,556,451,248,203,463,229,234,94,34,60,67,9,58,0,0,0
58506822,55,28,27,31,18,13,12,6,6,8,4,4,1,0,1,1,0,1
58506823,2187,1019,1168,871,474,397,850,416,434,258,93,165,197,33,164,11,3,8
58506825,60,28,32,22,11,11,27,14,13,7,2,5,4,1,3,0,0,0
58506826,53,31,22,16,11,5,31,16,15,4,3,1,2,1,1,0,0,0
58506827,1214,572,642,493,253,240,492,247,245,132,54,78,90,13,77,6,5,1
58506828,1198,576,622,511,257,254,551,273,278,75,35,40,59,9,50,2,2,0
58506829,332,157,175,120,63,57,154,79,75,29,11,18,29,4,25,0,0,0
58506831,1909,935,974,710,384,326,924,459,465,138,69,69,134,21,113,3,2,1
58506832,1798,864,934,670,354,316,875,438,437,131,52,79,117,16,101,5,4,1
58506834,195,98,97,89,51,38,74,37,37,14,8,6,17,1,16,0,0,0
58506835,613,319,294,242,146,96,287,142,145,44,23,21,38,6,32,2,2,0
58506837,634,308,326,244,130,114,279,140,139,58,31,27,51,6,45,2,1,1
58506838,34,21,13,7,5,2,16,8,8,8,7,1,3,1,2,0,0,0
58506840,1474,741,733,568,320,248,637,321,316,144,71,73,117,26,91,8,3,5
58506841,3960,1805,2155,1613,859,754,1348,678,670,529,184,345,456,75,381,11,7,4
58506842,157,78,79,64,38,26,53,27,26,23,11,12,17,2,15,0,0,0
58506843,1502,750,752,565,320,245,656,325,331,158,78,80,119,26,93,3,1,2
58506844,29,18,11,10,7,3,6,3,3,9,7,2,2,0,2,2,1,1
58506845,449,230,219,180,97,83,224,114,110,29,17,12,16,2,14,0,0,0
58506847,109,53,56,37,22,15,54,27,27,9,3,6,9,1,8,0,0,0
58506848,1169,551,618,400,219,181,552,272,280,124,40,84,91,19,72,2,1,1
58506850,254,126,128,110,62,48,113,55,58,19,8,11,12,1,11,0,0,0
58506851,2824,1266,1558,1195,618,577,945,470,475,417,135,282,250,33,217,12,8,4
58506852,1017,448,569,425,214,211,329,165,164,158,59,99,101,9,92,4,1,3
58506853,11899,5669,6230,5223,2759,2464,4382,2177,2205,1697,610,1087,550,101,449,39,20,19
58506854,35,19,16,19,10,9,1,1,0,12,7,5,2,1,1,1,0,1
58506855,1212,585,627,490,260,230,522,265,257,112,45,67,85,13,72,2,2,0
58506856,1882,842,1040,712,368,344,730,363,367,216,83,133,215,27,188,9,1,8
58506857,3812,1867,1945,1577,865,712,1610,810,800,383,148,235,236,40,196,5,3,2
58506858,3309,1846,1463,1541,979,562,734,367,367,788,464,324,231,26,205,13,8,5
58506859,1385,681,704,554,309,245,548,279,269,183,71,112,93,19,74,5,1,4
58506860,523,249,274,182,94,88,257,128,129,48,23,25,34,4,30,2,0,2
58506861,28,16,12,9,6,3,14,7,7,2,1,1,2,1,1,1,1,0
58506862,104,72,32,75,52,23,13,8,5,13,10,3,0,0,0,3,2,1
58506863,1208,578,630,503,295,208,355,187,168,206,74,132,133,18,115,11,4,7
58506864,461,228,233,193,100,93,210,107,103,32,17,15,25,3,22,1,1,0
58506865,1560,741,819,674,359,315,572,285,287,199,65,134,110,30,80,5,2,3
58506866,1951,895,1056,741,392,349,769,382,387,249,83,166,183,33,150,8,5,3
58506867,2936,1447,1489,1268,713,555,1094,550,544,389,143,246,172,34,138,10,6,4
58506868,2119,975,1144,934,478,456,656,336,320,312,121,191,199,29,170,14,9,5
58506869,6907,3223,3684,2617,1442,1175,2534,1264,1270,1152,402,750,570,102,468,25,8,17
58506870,1164,573,591,453,261,192,504,249,255,128,50,78,77,12,65,2,1,1
50001101,446,234,212,176,105,71,195,97,98,51,27,24,22,5,17,0,0,0
50001102,1371,675,696,495,275,220,628,319,309,120,60,60,120,18,102,6,3,3
58601301,147,72,75,61,29,32,74,37,37,8,5,3,4,1,3,0,0,0
58601302,1004,500,504,391,208,183,473,237,236,76,41,35,63,13,50,1,1,0
55192901,361,176,185,160,76,84,136,66,70,43,27,16,22,7,15,0,0,0
59719801,186,97,89,73,46,27,84,42,42,11,6,5,16,2,14,2,1,1
59719802,22,13,9,4,3,1,12,7,5,5,3,2,1,0,1,0,0,0
0066450,0,0,0,0,0,0,0,0,0,0,0,0,0,0,0,0,0,0
59720101,236,130,106,110,69,41,73,37,36,31,21,10,21,2,19,1,1,0
59720103,33,18,15,16,10,6,10,5,5,3,2,1,4,1,3,0,0,0
59720105,94,51,43,42,26,16,33,16,17,12,9,3,6,0,6,1,0,1
59721001,1117,579,538,486,277,209,442,221,221,113,60,53,74,19,55,2,2,0
59721002,219,105,114,91,49,42,88,42,46,25,12,13,15,2,13,0,0,0
0132260,0,0,0,0,0,0,0,0,0,0,0,0,0,0,0,0,0,0
59718002,34,14,20,15,5,10,13,7,6,2,1,1,4,1,3,0,0,0
59718003,584,282,302,327,168,159,142,70,72,85,38,47,29,6,23,0,0,0
59718004,913,457,456,648,332,316,102,48,54,128,70,58,35,7,28,0,0,0
59718005,311,137,174,137,73,64,90,41,49,46,12,34,37,10,27,1,1,0
59718006,20,16,4,11,8,3,0,0,0,7,7,0,2,1,1,0,0,0
59718007,3013,1495,1518,1475,834,641,855,421,434,510,208,302,165,26,139,8,6,2
59718008,577,242,335,185,100,85,176,88,88,100,41,59,113,13,100,3,0,3
59718009,1824,888,936,715,399,316,722,357,365,237,103,134,148,27,121,2,2,0
59718010,2538,1167,1371,1201,637,564,687,336,351,454,163,291,193,31,162,1,0,1
59718012,300,154,146,119,67,52,142,72,70,32,14,18,6,1,5,1,0,1
59718013,3593,1693,1900,1584,840,744,1189,593,596,561,212,349,257,47,210,2,1,1
59718014,1229,611,618,451,250,201,556,279,277,133,59,74,88,22,66,1,1,0
59722801,35,18,17,21,11,10,7,4,3,4,3,1,3,0,3,0,0,0
59722802,2650,1332,1318,1105,658,447,910,455,455,367,176,191,263,38,225,5,5,0
59722803,115,56,59,47,26,21,49,24,25,13,4,9,6,2,4,0,0,0
59722804,32,11,21,11,3,8,11,5,6,6,2,4,4,1,3,0,0,0
56960701,130,63,67,63,30,33,47,24,23,13,6,7,6,3,3,1,0,1
56960702,37,16,21,9,2,7,19,10,9,7,4,3,2,0,2,0,0,0
55200301,300,149,151,146,76,70,109,55,54,29,16,13,16,2,14,0,0,0
59725201,406,209,197,165,99,66,164,84,80,51,23,28,26,3,23,0,0,0
55186401,202,105,97,104,60,44,54,27,27,28,15,13,16,3,13,0,0,0
55186403,62,27,35,27,14,13,19,10,9,9,2,7,7,1,6,0,0,0
55170801,83,42,41,33,18,15,38,20,18,4,2,2,7,2,5,1,0,1
59728701,241,111,130,91,46,45,78,39,39,30,18,12,41,8,33,1,0,1
59728702,153,81,72,74,40,34,58,30,28,11,6,5,10,5,5,0,0,0
59731701,1223,583,640,532,279,253,427,214,213,164,73,91,92,14,78,6,3,3
59732501,286,141,145,107,58,49,117,59,58,31,18,13,30,6,24,1,0,1
55187201,152,72,80,84,42,42,33,18,15,18,10,8,16,2,14,1,0,1
55187202,29,14,15,19,10,9,6,3,3,2,1,1,2,0,2,0,0,0
59734102,132,67,65,51,27,24,59,29,30,16,11,5,6,0,6,0,0,0
59734103,327,177,150,155,92,63,109,57,52,41,27,14,22,1,21,0,0,0
59734104,41,26,15,14,10,4,14,7,7,8,6,2,5,3,2,0,0,0
59734105,63,33,30,15,9,6,34,17,17,6,5,1,7,1,6,1,1,0
59734107,89,48,41,22,14,8,42,22,20,18,10,8,7,2,5,0,0,0
59735001,1861,916,945,832,456,376,658,330,328,220,100,120,147,30,117,2,0,2
59735002,315,177,138,163,101,62,116,60,56,25,14,11,11,2,9,0,0,0
59736801,44,24,20,15,9,6,24,13,11,3,2,1,2,0,2,0,0,0
59736802,547,277,270,251,146,105,183,91,92,67,33,34,46,7,39,0,0,0
59736803,51,29,22,16,13,3,25,14,11,6,2,4,4,0,4,0,0,0
59736804,37,14,23,15,5,10,12,5,7,8,4,4,2,0,2,0,0,0
59736805,101,52,49,45,27,18,30,15,15,10,5,5,15,4,11,1,1,0
55180501,329,170,159,146,84,62,145,73,72,24,12,12,14,1,13,0,0,0
59739201,303,165,138,136,86,50,103,54,49,34,20,14,28,4,24,2,1,1
59739202,28,14,14,10,4,6,14,7,7,4,3,1,0,0,0,0,0,0
59739203,69,36,33,26,13,13,31,17,14,6,4,2,5,1,4,1,1,0
59739204,183,90,93,71,34,37,87,44,43,14,9,5,10,2,8,1,1,0
59743101,261,137,124,83,49,34,113,59,54,35,22,13,30,7,23,0,0,0
59744901,52,26,26,17,9,8,24,12,12,7,4,3,4,1,3,0,0,0
59744902,1063,532,531,441,256,185,370,187,183,147,72,75,99,15,84,5,2,3
59745701,148,80,68,78,48,30,43,22,21,19,9,10,8,1,7,0,0,0
59745702,40,19,21,14,7,7,18,10,8,6,2,4,2,0,2,0,0,0
59745703,31,18,13,13,8,5,13,7,6,3,3,0,2,0,2,0,0,0
59745704,51,29,22,21,13,8,18,8,10,9,7,2,3,1,2,0,0,0
59745705,41,23,18,20,13,7,13,7,6,6,3,3,2,0,2,0,0,0
59747301,138,71,67,63,37,26,51,26,25,17,7,10,7,1,6,0,0,0
0634010,0,0,0,0,0,0,0,0,0,0,0,0,0,0,0,0,0,0
59748101,163,83,80,77,46,31,54,27,27,20,9,11,12,1,11,0,0,0
59748102,680,359,321,301,182,119,247,128,119,84,40,44,46,9,37,2,0,2
59748103,128,61,67,47,24,23,59,30,29,11,6,5,11,1,10,0,0,0
59751101,344,182,162,144,92,52,126,64,62,41,21,20,33,5,28,0,0,0
3048830,0,0,0,0,0,0,0,0,0,0,0,0,0,0,0,0,0,0
3219150,0,0,0,0,0,0,0,0,0,0,0,0,0,0,0,0,0,0
3413040,0,0,0,0,0,0,0,0,0,0,0,0,0,0,0,0,0,0
59752001,300,149,151,120,65,55,126,63,63,33,15,18,21,6,15,0,0,0
59752002,273,134,139,124,63,61,106,52,54,32,17,15,11,2,9,0,0,0
59752003,67,38,29,33,21,12,17,8,9,14,8,6,2,0,2,1,1,0
59752004,2060,883,1177,839,442,397,664,328,336,302,90,212,251,22,229,4,1,3
59752005,223,108,115,111,62,49,69,35,34,26,11,15,17,0,17,0,0,0
59752006,246,126,120,89,50,39,122,60,62,24,13,11,11,3,8,0,0,0
59752007,548,272,276,191,112,79,265,130,135,47,21,26,45,9,36,0,0,0
59752008,1868,1010,858,923,558,365,470,237,233,381,202,179,90,11,79,4,2,2
59752012,21,9,12,13,5,8,4,2,2,3,2,1,1,0,1,0,0,0
59752013,971,472,499,339,180,159,439,218,221,116,62,54,75,10,65,2,2,0
59752014,1389,680,709,542,303,239,601,300,301,146,59,87,97,18,79,3,0,3
59752016,1553,751,802,702,376,326,503,248,255,242,108,134,99,13,86,5,5,0
59752017,708,349,359,345,183,162,229,118,111,93,43,50,41,5,36,0,0,0
59752018,876,391,485,420,198,222,262,130,132,138,50,88,52,9,43,4,4,0
59752019,158,80,78,84,48,36,49,23,26,18,9,9,7,0,7,0,0,0
59752020,1653,759,894,555,287,268,643,320,323,262,112,150,186,37,149,7,3,4
59752021,2104,970,1134,826,440,386,752,372,380,353,118,235,166,36,130,7,4,3
59752022,204,100,104,79,41,38,76,38,38,39,19,20,10,2,8,0,0,0
59752023,39,19,20,17,7,10,20,10,10,2,2,0,0,0,0,0,0,0
59752024,1624,754,870,679,363,316,546,266,280,263,97,166,131,26,105,5,2,3
59752025,82,39,43,45,21,24,31,15,16,5,3,2,1,0,1,0,0,0
59752026,142,83,59,89,53,36,21,11,10,23,16,7,9,3,6,0,0,0
59752027,185,88,97,65,34,31,90,44,46,15,9,6,14,0,14,1,1,0
59752029,322,164,158,137,77,60,142,71,71,25,11,14,17,4,13,1,1,0
59752030,1082,532,550,498,264,234,376,189,187,130,63,67,75,13,62,1,1,0
59752031,1356,611,745,544,286,258,492,245,247,204,60,144,113,20,93,3,0,3
59752032,551,259,292,266,134,132,160,81,79,97,40,57,27,4,23,1,0,1
59752033,405,171,234,210,89,121,129,62,67,42,19,23,23,1,22,1,0,1
59752034,87,52,35,40,29,11,33,19,14,10,3,7,4,1,3,0,0,0
59752035,1020,528,492,405,236,169,358,178,180,172,95,77,83,19,64,1,0,1
59753801,221,113,108,90,48,42,96,48,48,23,15,8,12,2,10,0,0,0
59754601,377,183,194,154,78,76,124,64,60,59,35,24,38,6,32,2,0,2
59755401,112,57,55,55,34,21,33,17,16,16,5,11,8,1,7,0,0,0
59755402,895,453,442,397,218,179,344,173,171,98,54,44,55,8,47,1,0,1
59757101,35,16,19,16,8,8,8,4,4,8,2,6,3,2,1,0,0,0
59757102,49,26,23,21,14,7,24,12,12,2,0,2,2,0,2,0,0,0
59757103,342,165,177,142,75,67,139,70,69,31,16,15,30,4,26,0,0,0
59758901,402,197,205,170,93,77,148,74,74,53,24,29,31,6,25,0,0,0
59758902,80,41,39,49,29,20,18,9,9,7,3,4,6,0,6,0,0,0
55199601,260,139,121,95,65,30,111,55,56,30,15,15,22,3,19,2,1,1
0902392,0,0,0,0,0,0,0,0,0,0,0,0,0,0,0,0,0,0
59760101,60,35,25,20,13,7,30,16,14,6,4,2,4,2,2,0,0,0
59760102,526,270,256,193,107,86,222,113,109,72,39,33,38,11,27,1,0,1
55190201,113,59,54,38,19,19,49,26,23,17,10,7,8,3,5,1,1,0
0933942,0,0,0,0,0,0,0,0,0,0,0,0,0,0,0,0,0,0
59763502,399,199,200,155,82,73,171,88,83,41,24,17,32,5,27,0,0,0
59763504,47,29,18,14,11,3,19,10,9,9,5,4,3,1,2,0,0,0
59763505,175,97,78,77,47,30,78,40,38,13,9,4,6,0,6,1,1,0
59763506,120,61,59,47,27,20,56,29,27,13,5,8,4,0,4,0,0,0
59763507,45,22,23,12,5,7,17,8,9,9,8,1,7,1,6,0,0,0
59763509,2484,1208,1276,1099,602,497,871,435,436,294,127,167,213,43,170,6,1,5
59763510,34,16,18,9,5,4,19,9,10,2,1,1,4,1,3,0,0,0
59763512,83,36,47,26,15,11,23,11,12,19,7,12,14,2,12,1,1,0
55172401,394,214,180,158,93,65,182,94,88,37,23,14,16,4,12,0,0,0
56952601,122,68,54,55,33,22,45,22,23,15,12,3,7,1,6,0,0,0
56952602,253,131,122,121,68,53,77,39,38,40,20,20,15,4,11,0,0,0
55173201,120,59,61,52,26,26,50,24,26,14,6,8,4,3,1,0,0,0
55173202,437,225,212,175,99,76,194,98,96,39,24,15,29,4,25,0,0,0
54695001,58,31,27,29,19,10,23,11,12,3,0,3,2,0,2,1,1,0
56955101,93,49,44,49,28,21,25,13,12,17,8,9,2,0,2,0,0,0
56955102,236,119,117,113,59,54,88,43,45,20,12,8,15,5,10,0,0,0
56957701,426,223,203,183,106,77,186,93,93,33,19,14,22,5,17,2,0,2
1133100,0,0,0,0,0,0,0,0,0,0,0,0,0,0,0,0,0,0
59771601,978,485,493,531,297,234,245,121,124,103,46,57,96,20,76,3,1,2
55184801,122,62,60,46,25,21,54,28,26,8,6,2,14,3,11,0,0,0
59772401,476,251,225,207,121,86,175,90,85,66,34,32,28,6,22,0,0,0
59774101,195,102,93,75,41,34,93,48,45,13,10,3,14,3,11,0,0,0
55194501,37,24,13,19,15,4,15,7,8,1,1,0,2,1,1,0,0,0
55194502,330,173,157,152,89,63,121,60,61,32,15,17,22,7,15,3,2,1
59777501,26,13,13,11,7,4,9,5,4,3,1,2,3,0,3,0,0,0
59777503,121,59,62,49,26,23,44,22,22,20,9,11,8,2,6,0,0,0
1444870,0,0,0,0,0,0,0,0,0,0,0,0,0,0,0,0,0,0
3048910,0,0,0,0,0,0,0,0,0,0,0,0,0,0,0,0,0,0
3049130,0,0,0,0,0,0,0,0,0,0,0,0,0,0,0,0,0,0
3413550,0,0,0,0,0,0,0,0,0,0,0,0,0,0,0,0,0,0
59778301,36,18,18,15,9,6,14,7,7,3,0,3,4,2,2,0,0,0
59778302,340,177,163,141,78,63,154,77,77,30,19,11,15,3,12,0,0,0
59778303,28,14,14,14,6,8,9,5,4,5,3,2,0,0,0,0,0,0
59778304,475,234,241,197,104,93,198,99,99,47,25,22,33,6,27,0,0,0
59778305,137,69,68,56,34,22,63,31,32,7,3,4,11,1,10,0,0,0
59778307,179,88,91,85,46,39,66,31,35,20,8,12,8,3,5,0,0,0
59778308,142,61,81,65,27,38,59,30,29,5,2,3,13,2,11,0,0,0
59778309,60,32,28,26,12,14,27,15,12,5,4,1,2,1,1,0,0,0
59778310,21,13,8,15,9,6,4,3,1,1,1,0,1,0,1,0,0,0
59778311,1381,653,728,544,309,235,482,240,242,190,81,109,157,21,136,6,2,4
59778312,143,68,75,51,27,24,61,31,30,17,8,9,14,2,12,0,0,0
59778313,1330,660,670,555,325,230,461,230,231,193,86,107,120,18,102,1,1,0
59778314,1061,541,520,432,255,177,399,199,200,146,72,74,78,12,66,6,3,3
59778315,786,376,410,285,160,125,327,165,162,89,36,53,83,14,69,2,1,1
59778317,213,105,108,87,47,40,82,40,42,23,8,15,20,9,11,1,1,0
59778318,29,15,14,18,10,8,6,3,3,4,2,2,1,0,1,0,0,0
59778319,1210,616,594,579,331,248,363,177,186,199,90,109,66,16,50,2,1,1
59779101,600,309,291,240,140,100,237,116,121,62,36,26,55,13,42,5,3,2
55188101,163,80,83,92,48,44,32,15,17,21,13,8,17,3,14,1,1,0
1505680,0,0,0,0,0,0,0,0,0,0,0,0,0,0,0,0,0,0
59781301,30,16,14,4,4,0,14,7,7,8,5,3,4,0,4,0,0,0
59781302,30,15,15,16,7,9,7,4,3,4,2,2,2,2,0,1,0,1
59781303,170,98,72,77,55,22,79,40,39,5,3,2,9,0,9,0,0,0
59781305,250,131,119,131,81,50,76,37,39,31,10,21,12,3,9,0,0,0
55191101,427,224,203,159,97,62,184,92,92,54,26,28,28,8,20,2,1,1
55191102,36,17,19,12,6,6,16,8,8,5,1,4,3,2,1,0,0,0
55181301,190,94,96,65,36,29,84,42,42,19,12,7,22,4,18,0,0,0
55176701,736,378,358,297,166,131,321,159,162,80,47,33,38,6,32,0,0,0
55176702,107,53,54,32,16,16,46,25,21,13,7,6,16,5,11,0,0,0
59787201,92,54,38,54,36,18,29,13,16,8,4,4,1,1,0,0,0,0
59787202,102,53,49,38,20,18,43,22,21,14,9,5,7,2,5,0,0,0
59787203,62,32,30,24,13,11,27,14,13,11,5,6,0,0,0,0,0,0
59787204,60,31,29,20,15,5,29,15,14,5,1,4,6,0,6,0,0,0
59787205,1024,511,513,458,257,201,353,178,175,119,63,56,92,13,79,2,0,2
59788101,507,257,250,215,126,89,216,108,108,47,21,26,29,2,27,0,0,0
59789901,22,11,11,10,6,4,6,3,3,2,1,1,4,1,3,0,0,0
59789902,38,20,18,12,5,7,19,10,9,5,3,2,2,2,0,0,0,0
59789903,109,57,52,30,15,15,58,30,28,13,9,4,8,3,5,0,0,0
59789904,359,188,171,177,101,76,116,58,58,43,24,19,22,4,18,1,1,0
59791102,145,73,72,51,32,19,64,32,32,11,7,4,19,2,17,0,0,0
59791103,709,383,326,307,187,120,264,132,132,86,44,42,52,20,32,0,0,0
55182101,22,12,10,6,3,3,13,7,6,1,1,0,2,1,1,0,0,0
55182102,78,43,35,29,19,10,29,14,15,13,7,6,7,3,4,0,0,0
55182104,127,65,62,46,25,21,53,27,26,15,10,5,12,2,10,1,1,0
59793701,928,470,458,354,200,154,418,210,208,95,53,42,59,6,53,2,1,1
59794501,140,77,63,61,37,24,57,30,27,16,9,7,6,1,5,0,0,0
59794503,327,166,161,186,100,86,85,41,44,33,19,14,22,5,17,1,1,0
55178301,235,125,110,100,62,38,92,46,46,30,15,15,13,2,11,0,0,0
55169401,316,171,145,121,80,41,127,64,63,33,20,13,34,6,28,1,1,0
59796102,703,346,357,262,154,108,281,142,139,78,38,40,80,12,68,2,0,2
59796103,25,14,11,9,4,5,11,6,5,4,3,1,1,1,0,0,0,0
59796104,3680,1801,1879,1524,863,661,1276,639,637,523,229,294,342,64,278,11,6,5
59796105,332,170,162,121,72,49,155,78,77,31,17,14,25,3,22,0,0,0
59797001,55,26,29,19,12,7,20,10,10,8,4,4,8,0,8,0,0,0
59797002,79,44,35,27,18,9,32,17,15,11,7,4,9,2,7,0,0,0
59797003,133,70,63,73,42,31,36,21,15,11,4,7,12,2,10,1,1,0
59798801,568,279,289,231,123,108,231,117,114,66,38,28,39,1,38,1,0,1
59798802,528,276,252,221,130,91,220,110,110,52,26,26,34,9,25,1,1,0
59801101,117,61,56,36,25,11,64,32,32,7,3,4,10,1,9,0,0,0
59801102,1733,874,859,698,388,310,724,363,361,186,96,90,122,25,97,3,2,1
59801103,728,353,375,285,158,127,308,154,154,70,33,37,61,7,54,2,1,1
59801104,165,85,80,67,36,31,68,34,34,16,9,7,12,5,7,2,1,1
59801105,1139,580,559,432,251,181,509,254,255,119,56,63,76,17,59,1,0,1
59802001,143,75,68,56,34,22,62,31,31,12,8,4,13,2,11,0,0,0
59802002,43,20,23,18,8,10,17,9,8,3,3,0,5,0,5,0,0,0
59802003,56,32,24,17,13,4,25,14,11,8,4,4,5,0,5,1,1,0
51163301,449,226,223,175,98,77,218,110,108,34,13,21,21,4,17,1,1,0
59803801,4111,1992,2119,1622,874,748,1802,901,901,369,163,206,312,51,261,6,3,3
59804601,151,79,72,56,34,22,73,37,36,10,6,4,12,2,10,0,0,0
59804602,26,14,12,10,6,4,14,7,7,2,1,1,0,0,0,0,0,0
59804603,806,415,391,357,211,146,330,166,164,64,32,32,55,6,49,0,0,0
51193501,49,26,23,23,14,9,19,10,9,3,2,1,4,0,4,0,0,0
51193502,1276,651,625,558,329,229,558,277,281,58,27,31,99,15,84,3,3,0
59806201,4102,1988,2114,1609,887,722,1872,925,947,302,131,171,304,35,269,15,10,5
59806202,863,411,452,318,177,141,400,201,199,64,22,42,80,11,69,1,0,1
59806203,210,103,107,72,39,33,94,47,47,31,16,15,13,1,12,0,0,0
59807101,124,62,62,35,23,12,63,31,32,17,7,10,8,1,7,1,0,1
59807102,563,276,287,195,108,87,249,127,122,78,36,42,39,4,35,2,1,1
59807103,37,23,14,22,15,7,6,3,3,8,5,3,1,0,1,0,0,0
59807104,2247,1130,1117,975,533,442,879,451,428,242,123,119,146,21,125,5,2,3
59808901,3049,1528,1521,1158,658,500,1383,698,685,273,131,142,227,37,190,7,4,3
55254201,92,45,47,39,23,16,42,21,21,4,0,4,7,1,6,0,0,0
55254202,152,76,76,56,29,27,74,38,36,10,7,3,12,2,10,0,0,0
55254203,250,123,127,108,56,52,119,59,60,9,4,5,14,4,10,0,0,0
55254204,746,366,380,293,154,139,366,184,182,49,21,28,36,6,30,2,1,1
55254205,64,30,34,24,10,14,32,16,16,3,3,0,5,1,4,0,0,0
59810101,332,157,175,119,64,55,139,70,69,41,18,23,30,4,26,3,1,2
59810102,830,424,406,321,180,141,412,208,204,54,29,25,41,6,35,2,1,1
59810103,231,114,117,90,46,44,106,54,52,23,11,12,12,3,9,0,0,0
51195101,239,117,122,100,51,49,105,54,51,19,9,10,15,3,12,0,0,0
51195102,65,31,34,18,7,11,36,18,18,7,5,2,4,1,3,0,0,0
51195103,451,227,224,181,100,81,207,105,102,35,18,17,27,4,23,1,0,1
51195104,131,70,61,56,34,22,56,28,28,7,3,4,12,5,7,0,0,0
55260701,371,183,188,163,90,73,157,79,78,33,13,20,17,1,16,1,0,1
59813501,2241,1109,1132,854,478,376,1031,518,513,191,86,105,161,26,135,2,1,1
59813502,51,23,28,21,8,13,25,13,12,2,1,1,3,1,2,0,0,0
0350410,0,0,0,0,0,0,0,0,0,0,0,0,0,0,0,0,0,0
3151330,0,0,0,0,0,0,0,0,0,0,0,0,0,0,0,0,0,0
59800301,1584,1057,527,878,643,235,292,152,140,353,246,107,56,13,43,2,2,0
59800302,7811,3735,4076,3332,1778,1554,2815,1400,1415,1133,452,681,505,88,417,24,15,9
59800303,3207,1593,1614,1470,819,651,1070,533,537,473,202,271,189,37,152,5,2,3
59800304,459,248,211,207,124,83,185,92,93,51,28,23,16,4,12,0,0,0
59800305,3697,1761,1936,1595,870,725,1129,566,563,588,261,327,378,62,316,5,2,3
59800306,7996,3877,4119,3495,1907,1588,2776,1383,1393,1322,504,818,384,72,312,14,8,6
59800307,212,109,103,92,49,43,80,44,36,30,15,15,10,1,9,0,0,0
59800308,370,199,171,161,97,64,159,79,80,38,19,19,12,4,8,0,0,0
59800310,1135,540,595,420,215,205,518,256,262,114,48,66,79,18,61,4,3,1
59800311,92,50,42,38,21,17,43,22,21,9,5,4,2,2,0,0,0,0
59800312,837,422,415,300,167,133,426,214,212,68,33,35,42,7,35,1,1,0
59800313,129,53,76,58,28,30,34,18,16,11,5,6,19,1,18,7,1,6
59800314,33,16,17,22,13,9,7,3,4,4,0,4,0,0,0,0,0,0
59800315,638,326,312,248,141,107,296,149,147,58,27,31,36,9,27,0,0,0
59800316,808,406,402,308,182,126,392,195,197,56,22,34,49,7,42,1,0,1
59800317,1544,786,758,603,329,274,752,377,375,116,54,62,69,23,46,4,3,1
59800318,331,161,170,135,71,64,130,65,65,31,18,13,35,7,28,0,0,0
59800319,289,137,152,115,56,59,133,67,66,23,9,14,18,5,13,0,0,0
59800320,985,481,504,386,208,178,457,228,229,82,34,48,60,11,49,0,0,0
59800321,25,12,13,8,4,4,10,5,5,5,2,3,2,1,1,0,0,0
59800322,60,28,32,29,13,16,27,14,13,3,1,2,1,0,1,0,0,0
59800323,475,245,230,183,111,72,206,105,101,63,27,36,23,2,21,0,0,0
59800324,276,133,143,106,58,48,120,60,60,26,11,15,24,4,20,0,0,0
59800325,252,119,133,136,62,74,80,40,40,25,11,14,11,6,5,0,0,0
59800326,476,244,232,211,123,88,173,85,88,64,31,33,27,4,23,1,1,0
59800327,211,112,99,107,57,50,63,34,29,32,20,12,9,1,8,0,0,0
59800328,2737,1245,1492,1107,582,525,855,420,435,494,197,297,277,44,233,3,2,1
59800329,4385,2129,2256,1938,1060,878,1246,621,625,853,377,476,329,59,270,16,10,6
59800330,296,145,151,120,66,54,129,66,63,25,11,14,21,1,20,1,1,0
59800331,167,84,83,74,40,34,72,36,36,11,7,4,10,1,9,0,0,0
59800332,467,219,248,148,77,71,233,118,115,36,12,24,49,12,37,1,0,1
59800333,4993,2352,2641,2247,1201,1046,1531,763,768,814,319,495,386,62,324,9,7,2
59800334,1122,572,550,446,264,182,452,223,229,123,67,56,96,14,82,5,4,1
59800335,27,18,9,12,8,4,12,7,5,2,2,0,1,1,0,0,0,0
59800336,4691,2115,2576,1986,1036,950,1481,740,741,696,258,438,514,76,438,12,5,7
59800337,881,417,464,282,157,125,381,189,192,121,58,63,97,13,84,0,0,0
59814301,545,259,286,217,104,113,247,124,123,48,27,21,31,2,29,2,2,0
59814302,111,55,56,41,23,18,58,29,29,5,3,2,7,0,7,0,0,0
59814303,1287,637,650,476,268,208,583,291,292,132,60,72,95,17,78,1,1,0
59814304,1633,808,825,627,347,280,750,372,378,149,74,75,105,13,92,2,2,0
59814305,429,217,212,161,94,67,196,98,98,47,19,28,22,4,18,3,2,1
59814306,2492,1195,1297,1051,603,448,837,412,425,380,144,236,215,33,182,7,3,4
59814307,2073,915,1158,824,416,408,751,368,383,279,96,183,207,31,176,10,4,6
59814308,441,216,225,176,89,87,184,93,91,49,27,22,30,6,24,2,1,1
59814309,632,296,336,247,129,118,281,139,142,60,25,35,44,3,41,0,0,0
59814310,27,15,12,16,11,5,6,3,3,3,0,3,2,1,1,0,0,0
59814311,119,61,58,48,29,19,45,23,22,17,9,8,9,0,9,0,0,0
59816001,1439,692,747,515,278,237,663,333,330,124,62,62,134,17,117,1,0,1
51219201,155,81,74,69,41,28,65,32,33,10,6,4,9,2,7,0,0,0
51219202,465,229,236,203,107,96,218,109,109,24,11,13,20,2,18,0,0,0
51219203,103,53,50,45,26,19,49,25,24,4,1,3,5,1,4,0,0,0
51219204,255,133,122,106,59,47,105,53,52,31,16,15,13,5,8,0,0,0
51198601,228,124,104,88,60,28,99,52,47,22,11,11,19,1,18,0,0,0
51198602,101,58,43,46,34,12,28,14,14,15,8,7,10,0,10,2,2,0
55263101,207,100,107,82,40,42,92,47,45,27,13,14,6,0,6,0,0,0
55263102,448,227,221,196,113,83,193,96,97,36,16,20,21,2,19,0,0,0
51217601,1734,862,872,681,381,300,808,402,406,127,56,71,113,21,92,5,2,3
51217602,60,28,32,22,10,12,32,16,16,4,2,2,2,0,2,0,0,0
59823202,22,11,11,7,4,3,11,6,5,1,1,0,1,0,1,2,0,2
59823203,194,102,92,75,44,31,83,41,42,20,15,5,16,2,14,0,0,0
59869101,519,269,250,203,123,80,240,120,120,31,16,15,45,10,35,0,0,0
59869102,67,31,36,26,12,14,36,17,19,4,2,2,1,0,1,0,0,0
59869103,205,106,99,85,53,32,83,41,42,18,6,12,19,6,13,0,0,0
59869104,542,276,266,209,116,93,253,128,125,51,28,23,29,4,25,0,0,0
59869105,683,335,348,279,150,129,294,146,148,55,28,27,55,11,44,0,0,0
59869106,89,43,46,35,19,16,41,21,20,9,3,6,4,0,4,0,0,0
59825901,156,79,77,54,30,24,82,42,40,7,4,3,13,3,10,0,0,0
59825902,480,191,289,177,84,93,172,86,86,32,11,21,95,8,87,4,2,2
59825903,304,152,152,119,73,46,135,69,66,25,9,16,23,1,22,0,0,0
59825904,236,105,131,88,44,44,99,50,49,25,10,15,23,1,22,1,0,1
59825905,238,122,116,100,55,45,110,57,53,18,8,10,9,2,7,1,0,1
59825906,2952,1413,1539,1172,645,527,1181,589,592,331,135,196,260,38,222,8,6,2
59825907,236,126,110,99,60,39,108,54,54,15,10,5,14,2,12,0,0,0
59825908,173,86,87,65,39,26,77,38,39,12,4,8,19,5,14,0,0,0
59825909,532,270,262,209,118,91,256,129,127,26,17,9,40,5,35,1,1,0
50742301,468,236,232,179,95,84,215,110,105,44,24,20,30,7,23,0,0,0
50742302,76,37,39,29,17,12,38,19,19,3,0,3,6,1,5,0,0,0
50742303,1360,672,688,566,303,263,585,294,291,109,57,52,94,15,79,4,3,1
59827501,338,165,173,133,68,65,171,85,86,20,10,10,14,2,12,0,0,0
50723701,1215,608,607,478,279,199,520,258,262,93,46,47,123,24,99,1,1,0
50723702,235,119,116,100,51,49,110,57,53,18,8,10,6,2,4,1,1,0
50723703,71,36,35,26,14,12,36,20,16,5,2,3,4,0,4,0,0,0
50745801,73,37,36,29,17,12,33,16,17,6,2,4,5,2,3,0,0,0
50745802,270,145,125,105,66,39,126,64,62,19,11,8,20,4,16,0,0,0
59832101,44,21,23,23,9,14,19,10,9,1,1,0,1,1,0,0,0,0
59832102,126,62,64,57,32,25,46,23,23,17,7,10,6,0,6,0,0,0
59832103,29,12,17,12,5,7,8,4,4,7,3,4,2,0,2,0,0,0
59832104,43,25,18,18,12,6,15,7,8,5,3,2,5,3,2,0,0,0
59832105,2519,1242,1277,999,551,448,1154,577,577,164,74,90,197,37,160,5,3,2
59832106,224,110,114,95,53,42,89,44,45,23,10,13,17,3,14,0,0,0
54967301,228,117,111,86,48,38,107,57,50,16,6,10,17,5,12,2,1,1
54967302,106,54,52,41,19,22,45,24,21,12,9,3,8,2,6,0,0,0
54967303,47,27,20,21,16,5,15,7,8,6,4,2,5,0,5,0,0,0
54967304,51,24,27,20,9,11,21,10,11,5,4,1,5,1,4,0,0,0
54967305,216,101,115,84,40,44,96,47,49,20,11,9,16,3,13,0,0,0
59834801,2289,1105,1184,855,456,399,1097,552,545,181,70,111,154,27,127,2,0,2
59835601,1013,519,494,414,227,187,440,222,218,93,50,43,65,20,45,1,0,1
59835602,358,179,179,138,82,56,158,80,78,36,12,24,26,5,21,0,0,0
59835603,514,256,258,194,108,86,224,116,108,60,26,34,34,5,29,2,1,1
59835604,86,41,45,29,16,13,38,17,21,14,7,7,5,1,4,0,0,0
59835605,350,168,182,140,67,73,153,75,78,41,25,16,16,1,15,0,0,0
59836401,543,266,277,220,119,101,251,124,127,39,18,21,33,5,28,0,0,0
59839901,1305,663,642,519,300,219,580,290,290,118,58,60,82,13,69,4,2,2
59839902,172,88,84,72,43,29,68,34,34,18,11,7,14,0,14,0,0,0
55259301,97,46,51,37,18,19,47,24,23,7,4,3,6,0,6,0,0,0
55259302,173,94,79,58,36,22,84,44,40,23,12,11,5,0,5,1,0,1
55259303,433,222,211,195,104,91,185,94,91,37,20,17,16,4,12,0,0,0
55259304,76,39,37,16,9,7,39,22,17,14,7,7,7,1,6,0,0,0
51218401,1705,854,851,650,366,284,803,404,399,123,68,55,124,14,110,5,2,3
50754701,38,19,19,13,7,6,19,9,10,3,3,0,3,0,3,0,0,0
50754702,1264,639,625,491,280,211,593,297,296,81,45,36,95,14,81,3,2,1
59844501,59,33,26,21,14,7,31,16,15,4,3,1,3,0,3,0,0,0
59844505,132,75,57,55,36,19,62,32,30,10,6,4,4,0,4,1,1,0
59844506,56,31,25,21,13,8,24,12,12,8,5,3,3,1,2,0,0,0
59844507,590,301,289,245,141,104,239,120,119,57,32,25,47,6,41,2,2,0
59844509,290,148,142,116,66,50,126,62,64,25,16,9,22,3,19,1,1,0
59844511,62,28,34,28,16,12,19,9,10,10,3,7,5,0,5,0,0,0
59845301,56,24,32,25,10,15,25,12,13,3,1,2,3,1,2,0,0,0
59845302,409,201,208,160,88,72,184,93,91,34,17,17,30,3,27,1,0,1
59845303,3174,1595,1579,1257,715,542,1482,741,741,197,95,102,231,41,190,7,3,4
59845304,23,12,11,8,5,3,10,5,5,2,1,1,3,1,2,0,0,0
55401401,2955,1451,1504,1199,661,538,1275,636,639,243,117,126,232,33,199,6,4,2
55401402,744,372,372,304,170,134,327,164,163,55,30,25,55,6,49,3,2,1
55401403,34,16,18,12,8,4,14,7,7,4,1,3,4,0,4,0,0,0
55252601,218,103,115,95,50,45,86,41,45,22,10,12,15,2,13,0,0,0
55252602,72,34,38,32,15,17,32,17,15,2,1,1,6,1,5,0,0,0
55251801,164,84,80,58,35,23,86,43,43,8,5,3,12,1,11,0,0,0
55251802,33,15,18,10,3,7,18,9,9,5,3,2,0,0,0,0,0,0
55251803,775,377,398,292,148,144,360,179,181,73,39,34,49,10,39,1,1,0
1081970,0,0,0,0,0,0,0,0,0,0,0,0,0,0,0,0,0,0
50709101,157,77,80,59,35,24,62,31,31,16,10,6,19,1,18,1,0,1
50709102,226,122,104,83,57,26,112,56,56,18,6,12,13,3,10,0,0,0
50709103,1405,693,712,490,284,206,643,324,319,109,58,51,158,23,135,5,4,1
50709104,303,143,160,97,54,43,125,62,63,30,17,13,50,9,41,1,1,0
59854202,59,26,33,21,7,14,28,14,14,8,5,3,2,0,2,0,0,0
59854203,59,30,29,23,11,12,18,10,8,12,8,4,5,1,4,1,0,1
59854204,470,229,241,173,87,86,232,117,115,31,22,9,33,2,31,1,1,0
59854205,1074,555,519,438,265,173,428,219,209,109,55,54,97,15,82,2,1,1
59854206,706,343,363,250,141,109,292,148,144,98,41,57,64,13,51,2,0,2
59854207,120,66,54,49,31,18,58,30,28,10,5,5,3,0,3,0,0,0
59855101,25,14,11,10,7,3,12,6,6,1,1,0,2,0,2,0,0,0
59855102,435,216,219,167,94,73,188,94,94,41,24,17,37,2,35,2,2,0
59855103,51,29,22,24,16,8,20,9,11,7,4,3,0,0,0,0,0,0
59855104,2619,1328,1291,1048,575,473,1201,602,599,204,118,86,161,29,132,5,4,1
59855105,23,13,10,4,4,0,14,7,7,4,2,2,1,0,1,0,0,0
59855108,213,103,110,78,37,41,113,57,56,16,9,7,6,0,6,0,0,0
3416220,0,0,0,0,0,0,0,0,0,0,0,0,0,0,0,0,0,0
59856901,289,137,152,88,45,43,147,73,74,26,16,10,28,3,25,0,0,0
59856903,3390,1660,1730,1326,724,602,1423,703,720,394,187,207,242,43,199,2,1,1
55250001,322,166,156,145,85,60,142,70,72,21,10,11,14,1,13,0,0,0
55722601,94,42,52,40,19,21,34,16,18,11,6,5,9,1,8,0,0,0
55722602,888,439,449,374,199,175,426,213,213,38,17,21,49,9,40,1,1,0
51202801,1587,791,796,638,361,277,725,360,365,99,52,47,122,18,104,3,0,3
51202803,209,105,104,86,48,38,105,53,52,11,3,8,7,1,6,0,0,0
56881301,878,432,446,327,183,144,398,199,199,97,41,56,56,9,47,0,0,0
50718101,1082,592,490,524,326,198,420,211,209,81,45,36,55,9,46,2,1,1
55257701,1020,522,498,417,237,180,461,230,231,89,42,47,50,12,38,2,1,1
54966501,152,76,76,66,36,30,63,32,31,17,8,9,6,0,6,0,0,0
54966502,134,67,67,40,22,18,67,33,34,16,10,6,11,2,9,0,0,0
54966503,191,90,101,78,38,40,90,44,46,16,6,10,7,2,5,0,0,0
54966504,1351,637,714,531,288,243,579,285,294,96,42,54,143,22,121,2,0,2
54966505,159,81,78,69,41,28,66,34,32,8,5,3,16,1,15,0,0,0
55697101,1361,653,708,503,273,230,646,323,323,88,38,50,123,19,104,1,0,1
55697102,257,116,141,109,49,60,118,59,59,10,3,7,18,5,13,2,0,2
55264001,543,274,269,198,104,94,259,131,128,54,35,19,31,3,28,1,1,0
56883001,1635,831,804,644,365,279,753,377,376,135,70,65,102,18,84,1,1,0
56883002,216,108,108,92,48,44,92,46,46,18,11,7,13,3,10,1,0,1
59867401,971,502,469,398,234,164,430,215,215,90,44,46,52,9,43,1,0,1
59867402,335,166,169,146,78,68,150,76,74,18,9,9,21,3,18,0,0,0
59867403,200,98,102,89,43,46,89,44,45,13,8,5,9,3,6,0,0,0
59867404,81,43,38,35,20,15,34,18,16,7,4,3,5,1,4,0,0,0
55265801,210,114,96,84,54,30,111,56,55,4,2,2,10,2,8,1,0,1
55265802,642,345,297,255,158,97,302,152,150,54,28,26,30,7,23,1,0,1
56879101,32,18,14,12,8,4,16,8,8,2,2,0,2,0,2,0,0,0
56879102,200,102,98,73,44,29,95,47,48,17,11,6,15,0,15,0,0,0
56879103,722,350,372,258,135,123,339,168,171,78,39,39,46,8,38,1,0,1
1542110,0,0,0,0,0,0,0,0,0,0,0,0,0,0,0,0,0,0
59874701,29,20,9,11,9,2,15,9,6,2,1,1,1,1,0,0,0,0
59874704,48,29,19,17,13,4,26,14,12,3,2,1,2,0,2,0,0,0
59874706,229,115,114,91,55,36,105,53,52,14,4,10,18,2,16,1,1,0
59874708,111,58,53,48,29,19,37,19,18,12,8,4,14,2,12,0,0,0
59874711,114,65,49,40,31,9,54,27,27,9,4,5,11,3,8,0,0,0
3151170,0,0,0,0,0,0,0,0,0,0,0,0,0,0,0,0,0,0
3416310,0,0,0,0,0,0,0,0,0,0,0,0,0,0,0,0,0,0
55255102,1007,489,518,395,213,182,440,220,220,92,42,50,79,13,66,1,1,0
55255103,49,30,19,21,14,7,18,11,7,7,4,3,3,1,2,0,0,0
55255104,384,189,195,158,87,71,165,82,83,38,19,19,22,1,21,1,0,1
3067620,0,0,0,0,0,0,0,0,0,0,0,0,0,0,0,0,0,0
55256901,2098,1045,1053,819,445,374,927,463,464,205,104,101,138,28,110,9,5,4
55267401,996,497,499,394,215,179,434,218,216,94,50,44,73,14,59,1,0,1
56963102,2106,1059,1047,845,472,373,918,460,458,197,97,100,138,22,116,6,6,0
55262301,48,24,24,22,13,9,19,9,10,4,1,3,2,0,2,1,1,0
55262302,81,39,42,41,20,21,28,14,14,11,5,6,1,0,1,0,0,0
55262303,389,190,199,156,90,66,173,86,87,30,11,19,30,3,27,0,0,0
55262304,413,214,199,154,94,60,196,99,97,28,13,15,35,8,27,0,0,0
55262305,114,55,59,39,19,20,58,30,28,9,4,5,8,2,6,0,0,0
1710262,0,0,0,0,0,0,0,0,0,0,0,0,0,0,0,0,0,0
59881001,441,216,225,174,100,74,203,102,101,27,10,17,36,4,32,1,0,1
59881002,223,118,105,73,47,26,123,63,60,14,7,7,13,1,12,0,0,0
59881003,172,91,81,68,42,26,83,41,42,7,4,3,11,2,9,0,0,0
59881004,787,379,408,318,162,156,324,162,162,87,43,44,57,12,45,1,0,1
59881005,1848,905,943,742,402,340,863,431,432,125,55,70,112,16,96,4,1,3
59881006,105,51,54,44,22,22,51,26,25,4,1,3,6,2,4,0,0,0
59881007,961,476,485,342,197,145,471,236,235,67,32,35,78,9,69,2,2,0
59881008,474,245,229,189,110,79,232,115,117,29,17,12,24,3,21,0,0,0
59881009,865,431,434,324,179,145,446,222,224,44,21,23,50,8,42,1,1,0
59881010,713,340,373,235,125,110,362,179,183,55,27,28,57,7,50,0,0,0
59881011,1044,533,511,407,231,176,395,202,193,139,76,63,92,15,77,11,9,2
59881013,1014,508,506,361,202,159,520,261,259,64,34,30,69,11,58,0,0,0
59881014,61,32,29,14,10,4,37,19,18,5,2,3,5,1,4,0,0,0
59881015,560,277,283,212,118,94,275,139,136,32,17,15,38,2,36,3,1,2
59881016,446,230,216,159,95,64,242,121,121,18,6,12,26,7,19,1,1,0
59881017,400,199,201,168,94,74,196,98,98,15,5,10,20,2,18,0,0,0
59881018,342,175,167,127,71,56,176,88,88,23,15,8,16,1,15,0,0,0
59881019,2471,1186,1285,959,534,425,1017,509,508,267,104,163,216,33,183,12,6,6
59881020,711,349,362,266,142,124,355,179,176,50,25,25,40,3,37,0,0,0
59881022,415,204,211,162,94,68,131,65,66,80,40,40,42,5,37,0,0,0
59881023,465,235,230,160,87,73,233,118,115,40,24,16,32,6,26,0,0,0
59881024,58,24,34,29,12,17,14,7,7,12,5,7,3,0,3,0,0,0
59881025,1504,726,778,685,383,302,311,149,162,376,176,200,129,16,113,2,1,1
59881026,1792,1043,749,850,572,278,533,269,264,294,175,119,107,23,84,6,3,3
59881027,26,14,12,14,7,7,4,2,2,6,5,1,2,0,2,0,0,0
59881029,659,342,317,246,155,91,276,139,137,74,36,38,60,10,50,3,2,1
59881030,40,21,19,12,8,4,18,9,9,8,4,4,2,0,2,0,0,0
59881031,372,185,187,154,87,67,132,66,66,54,25,29,30,5,25,0,0,0
59881032,24,18,6,13,9,4,9,7,2,2,2,0,0,0,0,0,0,0
59881033,322,155,167,130,66,64,135,67,68,34,18,16,22,4,18,1,0,1
59881034,3694,1725,1969,1570,839,731,1160,568,592,612,263,349,340,49,291,10,6,4
59881035,1197,578,619,429,224,205,588,293,295,86,40,46,92,20,72,2,1,1
59881036,82,42,40,22,12,10,38,19,19,13,9,4,9,2,7,0,0,0
59881037,730,368,362,247,151,96,372,186,186,60,21,39,49,9,40,2,1,1
59881038,2968,1382,1586,1085,610,475,1123,561,562,391,157,234,358,49,309,11,5,6
59881039,546,277,269,222,122,100,252,127,125,43,21,22,28,7,21,1,0,1
59881040,2382,1092,1290,962,526,436,752,380,372,419,147,272,239,35,204,10,4,6
59881041,2868,1329,1539,1167,645,522,980,489,491,416,150,266,298,42,256,5,3,2
55261501,294,143,151,115,55,60,140,70,70,16,12,4,21,4,17,2,2,0
55492801,786,384,402,322,176,146,363,182,181,38,19,19,61,6,55,2,1,1
55492802,705,352,353,273,152,121,343,173,170,42,21,21,45,5,40,2,1,1
55492803,2188,1103,1085,844,466,378,1049,521,528,135,74,61,157,40,117,3,2,1
55492804,704,347,357,246,138,108,375,186,189,39,18,21,42,3,39,2,2,0
55248801,710,361,349,295,160,135,333,167,166,42,24,18,40,10,30,0,0,0
55268201,474,262,212,167,107,60,213,109,104,44,24,20,42,14,28,8,8,0
55268202,34,20,14,15,11,4,16,8,8,3,1,2,0,0,0,0,0,0
55268203,49,25,24,12,8,4,26,14,12,5,3,2,6,0,6,0,0,0
55268204,105,53,52,43,24,19,49,25,24,8,4,4,5,0,5,0,0,0
55268205,179,91,88,55,32,23,95,47,48,14,8,6,15,4,11,0,0,0
55269101,899,454,445,383,215,168,376,189,187,87,40,47,53,10,43,0,0,0
56816301,357,175,182,147,76,71,158,80,78,34,16,18,18,3,15,0,0,0
59892501,560,280,280,203,117,86,280,137,143,41,20,21,36,6,30,0,0,0
59892502,245,125,120,87,51,36,122,60,62,13,10,3,22,4,18,1,0,1
59892503,311,155,156,126,66,60,149,75,74,23,13,10,13,1,12,0,0,0
59892504,388,198,190,133,80,53,195,98,97,27,12,15,30,7,23,3,1,2
59892505,2238,1119,1119,872,498,374,966,484,482,220,106,114,177,28,149,3,3,0
1367430,0,0,0,0,0,0,0,0,0,0,0,0,0,0,0,0,0,0
3153540,0,0,0,0,0,0,0,0,0,0,0,0,0,0,0,0,0,0
3414360,0,0,0,0,0,0,0,0,0,0,0,0,0,0,0,0,0,0
59905101,77,44,33,23,17,6,44,22,22,8,3,5,2,2,0,0,0,0
59905102,497,253,244,202,115,87,231,117,114,27,13,14,35,6,29,2,2,0
59905103,442,228,214,177,102,75,196,99,97,36,21,15,31,5,26,2,1,1
59905104,321,151,170,113,59,54,149,74,75,24,12,12,34,6,28,1,0,1
59905105,283,140,143,175,85,90,53,26,27,38,23,15,16,5,11,1,1,0
59905106,334,158,176,114,57,57,164,81,83,29,16,13,26,4,22,1,0,1
59905108,2168,1101,1067,854,501,353,926,463,463,229,106,123,153,29,124,6,2,4
59905109,65,35,30,39,20,19,16,9,7,8,4,4,1,1,0,1,1,0
59905110,423,205,218,148,86,62,193,93,100,44,20,24,37,5,32,1,1,0
59905111,860,393,467,304,153,151,315,158,157,107,52,55,125,23,102,9,7,2
59905112,433,206,227,149,76,73,194,97,97,45,24,21,44,8,36,1,1,0
59905113,868,456,412,390,235,155,295,149,146,141,64,77,41,7,34,1,1,0
59905114,1255,621,634,494,272,222,574,287,287,109,47,62,75,12,63,0,0,0
59905115,2905,1390,1515,1147,660,487,1041,517,524,430,161,269,267,42,225,14,6,8
59905116,630,327,303,285,165,120,189,93,96,108,57,51,43,7,36,5,5,0
59905117,68,36,32,46,26,20,13,6,7,7,3,4,1,0,1,1,1,0
59905118,43,23,20,15,11,4,17,8,9,10,4,6,1,0,1,0,0,0
59905119,3764,1754,2010,1518,802,716,1281,646,635,640,251,389,310,51,259,12,4,8
59905121,3643,1862,1781,1717,982,735,1029,512,517,622,304,318,255,50,205,13,9,4
59905123,959,468,491,345,190,155,420,210,210,108,47,61,86,21,65,0,0,0
59893301,718,349,369,275,140,135,352,175,177,56,28,28,35,6,29,0,0,0
59893302,600,305,295,249,139,110,283,142,141,35,17,18,32,7,25,1,0,1
59893303,850,446,404,345,203,142,407,203,204,55,27,28,42,12,30,0,0,0
59893304,356,174,182,133,69,64,181,93,88,23,11,12,17,1,16,2,0,2
59893305,567,292,275,214,123,91,281,141,140,43,23,20,27,4,23,2,1,1
59893306,115,57,58,37,20,17,61,30,31,7,5,2,10,2,8,0,0,0
59893307,310,142,168,128,58,70,139,69,70,22,10,12,20,4,16,1,1,0
59893308,828,404,424,319,177,142,367,187,180,78,30,48,61,9,52,3,1,2
59893309,195,94,101,68,37,31,94,46,48,20,9,11,13,2,11,0,0,0
59893310,367,178,189,143,81,62,168,84,84,33,10,23,23,3,20,0,0,0
59893311,1623,763,860,606,347,259,585,291,294,243,95,148,181,24,157,8,6,2
59893312,505,208,297,165,86,79,148,73,75,80,32,48,107,15,92,4,2,2
59893313,1154,535,619,453,239,214,399,198,201,180,85,95,119,11,108,3,2,1
59893314,4869,2331,2538,2073,1113,960,1758,877,881,777,292,485,246,42,204,11,5,6
59893315,2630,1232,1398,935,517,418,1012,508,504,394,160,234,277,39,238,11,7,4
59893316,1909,901,1008,778,418,360,739,366,373,233,91,142,156,24,132,3,2,1
59893317,36,15,21,17,6,11,13,6,7,3,3,0,3,0,3,0,0,0
59893319,681,331,350,276,149,127,262,132,130,83,40,43,59,9,50,1,1,0
59893320,745,360,385,324,174,150,286,141,145,82,37,45,49,5,44,4,3,1
59893321,586,276,310,212,107,105,281,142,139,54,24,30,38,2,36,1,1,0
59893322,2873,1472,1401,1404,787,617,837,418,419,471,226,245,144,32,112,17,9,8
59893323,613,294,319,222,111,111,278,141,137,61,25,36,50,15,35,2,2,0
3309900,0,0,0,0,0,0,0,0,0,0,0,0,0,0,0,0,0,0
59894101,3884,1933,1951,1432,778,654,1862,935,927,309,163,146,277,56,221,4,1,3
59894102,231,119,112,88,52,36,106,53,53,18,10,8,19,4,15,0,0,0
59896801,4414,2189,2225,1645,912,733,2070,1032,1038,379,190,189,312,49,263,4,2,2
59896802,636,301,335,224,122,102,306,151,155,42,14,28,63,13,50,1,1,0
56886401,1142,590,552,492,296,196,436,218,218,121,61,60,89,14,75,2,1,1
0377880,0,0,0,0,0,0,0,0,0,0,0,0,0,0,0,0,0,0
0377960,0,0,0,0,0,0,0,0,0,0,0,0,0,0,0,0,0,0
55508801,580,292,288,222,113,109,278,142,136,57,30,27,23,7,16,0,0,0
55508802,5485,2571,2914,2053,1143,910,2122,1050,1072,770,291,479,527,82,445,8,3,5
55508803,1669,810,859,580,320,260,704,353,351,237,101,136,146,35,111,2,1,1
55508804,6506,3017,3489,2263,1250,1013,2428,1205,1223,1018,415,603,772,135,637,23,11,12
55508805,1308,676,632,473,278,195,658,325,333,102,57,45,73,14,59,2,2,0
55508806,1809,864,945,594,320,274,898,444,454,158,71,87,157,27,130,2,2,0
55508807,308,138,170,115,56,59,141,69,72,27,10,17,25,3,22,0,0,0
55508808,499,256,243,189,105,84,240,120,120,38,17,21,30,12,18,2,2,0
55508809,730,363,367,231,130,101,363,181,182,61,30,31,74,22,52,1,0,1
55508810,3617,1776,1841,1435,804,631,1387,691,696,584,242,342,205,37,168,4,2,2
55508811,4551,2225,2326,2105,1145,960,1463,732,731,776,311,465,197,34,163,8,3,5
55508812,543,252,291,168,93,75,241,120,121,34,13,21,100,26,74,0,0,0
55508813,686,282,404,180,99,81,247,127,120,71,27,44,181,26,155,7,3,4
55508814,1779,833,946,723,372,351,673,335,338,237,99,138,136,23,113,10,4,6
55508815,3762,1912,1850,2014,1125,889,780,390,390,681,333,348,260,48,212,25,14,11
55508816,50,28,22,22,16,6,22,12,10,3,0,3,3,0,3,0,0,0
55508817,2510,1336,1174,1020,616,404,918,469,449,367,191,176,175,32,143,30,28,2
55508818,723,351,372,325,161,164,258,131,127,93,52,41,44,6,38,1,1,0
55508819,1156,567,589,383,204,179,600,306,294,92,43,49,81,14,67,0,0,0
55508820,957,502,455,366,212,154,434,220,214,77,41,36,35,6,29,45,23,22
55508821,54,29,25,21,15,6,22,11,11,5,2,3,6,1,5,0,0,0
55508822,147,78,69,56,38,18,54,27,27,21,10,11,15,2,13,1,1,0
55508823,4849,2345,2504,2279,1239,1040,1341,669,672,875,391,484,338,37,301,14,7,7
55508824,3557,1654,1903,1238,698,540,1345,674,671,553,224,329,409,51,358,12,7,5
55508825,454,232,222,179,104,75,215,107,108,29,13,16,28,7,21,3,1,2
55508826,72,32,40,33,18,15,16,8,8,16,6,10,7,0,7,0,0,0
55508827,4878,2550,2328,2401,1437,964,1199,599,600,911,456,455,353,51,302,11,6,5
55508828,36,18,18,12,7,5,19,9,10,4,2,2,1,0,1,0,0,0
55508829,3522,1690,1832,1485,837,648,1046,523,523,616,276,340,362,50,312,9,3,6
55508830,4144,1963,2181,1647,930,717,1336,663,673,731,302,429,421,63,358,9,5,4
55508831,2036,945,1091,781,427,354,708,349,359,341,138,203,197,26,171,9,5,4
55508832,5176,2445,2731,2187,1204,983,1535,770,765,897,394,503,535,71,464,18,6,12
59817801,869,429,440,327,179,148,446,216,230,55,28,27,39,5,34,2,1,1
59817802,259,124,135,101,50,51,124,62,62,18,8,10,16,4,12,0,0,0
59817803,297,140,157,109,52,57,144,72,72,21,14,7,23,2,21,0,0,0
59817804,316,155,161,115,65,50,150,75,75,29,11,18,21,4,17,1,0,1
59817805,736,373,363,267,151,116,385,195,190,55,24,31,28,3,25,1,0,1
55273901,754,387,367,249,154,95,392,199,193,58,26,32,54,8,46,1,0,1
55273902,3356,1708,1648,1363,797,566,1347,673,674,377,189,188,264,45,219,5,4,1
55273903,121,67,54,71,38,33,23,13,10,21,13,8,5,2,3,1,1,0
55529101,110,52,58,44,21,23,50,25,25,3,2,1,12,4,8,1,0,1
55529102,48,21,27,19,9,10,25,11,14,0,0,0,4,1,3,0,0,0
55529103,612,312,300,231,127,104,307,154,153,42,25,17,32,6,26,0,0,0
55529104,559,280,279,250,131,119,245,122,123,35,23,12,28,4,24,1,0,1
0638430,0,0,0,0,0,0,0,0,0,0,0,0,0,0,0,0,0,0
0639590,0,0,0,0,0,0,0,0,0,0,0,0,0,0,0,0,0,0
0640092,0,0,0,0,0,0,0,0,0,0,0,0,0,0,0,0,0,0
0640680,0,0,0,0,0,0,0,0,0,0,0,0,0,0,0,0,0,0
0640760,0,0,0,0,0,0,0,0,0,0,0,0,0,0,0,0,0,0
0640840,0,0,0,0,0,0,0,0,0,0,0,0,0,0,0,0,0,0
0640920,0,0,0,0,0,0,0,0,0,0,0,0,0,0,0,0,0,0
0641220,0,0,0,0,0,0,0,0,0,0,0,0,0,0,0,0,0,0
0641310,0,0,0,0,0,0,0,0,0,0,0,0,0,0,0,0,0,0
0641570,0,0,0,0,0,0,0,0,0,0,0,0,0,0,0,0,0,0
0641650,0,0,0,0,0,0,0,0,0,0,0,0,0,0,0,0,0,0
0641730,0,0,0,0,0,0,0,0,0,0,0,0,0,0,0,0,0,0
0873270,0,0,0,0,0,0,0,0,0,0,0,0,0,0,0,0,0,0
3312790,0,0,0,0,0,0,0,0,0,0,0,0,0,0,0,0,0,0
59891702,6234,2965,3269,2386,1315,1071,2187,1092,1095,990,421,569,644,120,524,25,15,10
59891703,837,434,403,309,194,115,383,192,191,85,39,46,60,9,51,0,0,0
59891704,354,175,179,154,85,69,137,68,69,35,14,21,27,7,20,1,1,0
59891705,273,140,133,89,55,34,140,70,70,17,9,8,26,6,20,0,0,0
59891706,244,121,123,87,53,34,123,62,61,11,3,8,23,3,20,0,0,0
59891707,137,74,63,53,32,21,57,29,28,18,13,5,9,0,9,0,0,0
59891711,1332,904,428,777,568,209,211,108,103,262,202,60,67,11,56,15,15,0
59891712,251,120,131,88,49,39,125,62,63,14,5,9,23,3,20,1,1,0
59891713,524,331,193,236,173,63,163,88,75,72,54,18,47,12,35,4,4,0
59891714,228,108,120,81,43,38,103,50,53,26,11,15,18,4,14,0,0,0
59891715,112,58,54,56,33,23,29,14,15,14,5,9,12,5,7,1,1,0
59891716,368,155,213,93,57,36,138,70,68,32,13,19,102,15,87,3,0,3
59891719,5420,2652,2768,2140,1230,910,1956,980,976,824,349,475,487,87,400,12,6,6
59891720,955,473,482,307,173,134,496,247,249,74,38,36,77,14,63,1,1,0
59891721,4220,2018,2202,1556,893,663,1639,813,826,597,243,354,415,62,353,9,6,3
59891723,220,116,104,68,44,24,127,63,64,12,7,5,12,1,11,1,1,0
59891725,3146,1551,1595,1783,982,801,477,247,230,559,270,289,299,37,262,28,15,13
59891726,4018,1896,2122,1705,890,815,1356,680,676,563,251,312,377,65,312,17,10,7
59891728,1287,659,628,692,385,307,286,145,141,216,105,111,78,15,63,15,9,6
59891729,3860,1821,2039,1646,884,762,1164,578,586,608,274,334,417,73,344,24,12,12
59891730,5574,2661,2913,2407,1313,1094,1830,915,915,806,337,469,517,86,431,8,6,2
59891731,1169,517,652,401,223,178,397,198,199,190,63,127,179,33,146,2,0,2
59891732,20,11,9,7,4,3,7,3,4,5,3,2,0,0,0,1,1,0
59891733,48,22,26,18,7,11,22,11,11,3,2,1,2,1,1,3,1,2
59891734,5037,2355,2682,1919,1050,869,1852,923,929,736,286,450,518,90,428,11,6,5
59891735,1682,831,851,539,305,234,828,416,412,160,80,80,150,27,123,5,3,2
59891736,923,466,457,332,191,141,427,214,213,91,47,44,73,14,59,0,0,0
1124110,0,0,0,0,0,0,0,0,0,0,0,0,0,0,0,0,0,0
1124610,0,0,0,0,0,0,0,0,0,0,0,0,0,0,0,0,0,0
3415680,0,0,0,0,0,0,0,0,0,0,0,0,0,0,0,0,0,0
59906901,333,156,177,115,62,53,146,72,74,33,16,17,38,6,32,1,0,1
59906902,489,240,249,176,98,78,243,122,121,39,16,23,29,3,26,2,1,1
59906903,3355,1531,1824,1317,734,583,1088,541,547,476,176,300,462,69,393,12,11,1
59906904,541,250,291,201,94,107,271,137,134,36,15,21,33,4,29,0,0,0
59906905,318,154,164,98,52,46,171,85,86,21,9,12,25,7,18,3,1,2
59906906,4948,2460,2488,2094,1166,928,1874,933,941,755,317,438,215,39,176,8,5,3
59906907,2665,1292,1373,1165,636,529,988,493,495,353,126,227,150,31,119,8,6,2
59906908,3544,1689,1855,1483,792,691,1278,637,641,493,207,286,284,48,236,6,5,1
59906909,3868,1939,1929,1602,950,652,1151,575,576,731,348,383,368,57,311,14,9,5
59906910,489,230,259,148,79,69,245,122,123,39,19,20,57,10,47,0,0,0
59906911,293,144,149,85,45,40,155,78,77,23,13,10,30,8,22,0,0,0
59906912,55,14,41,2,1,1,8,5,3,10,1,9,35,7,28,0,0,0
59906914,262,119,143,102,45,57,113,56,57,25,11,14,22,7,15,0,0,0
59906915,67,36,31,24,15,9,33,17,16,6,3,3,4,1,3,0,0,0
59906916,735,364,371,325,183,142,270,132,138,77,37,40,61,11,50,2,1,1
59906917,171,84,87,89,49,40,52,26,26,17,7,10,11,2,9,1,0,1
59906919,21,13,8,11,8,3,6,3,3,3,2,1,0,0,0,1,0,1
59906920,76,45,31,31,22,9,32,16,16,11,6,5,1,0,1,1,1,0
59906921,73,35,38,39,20,19,19,10,9,8,4,4,6,0,6,1,1,0
59906922,2105,1075,1030,1130,629,501,551,274,277,259,135,124,159,31,128,4,4,0
59906923,1549,769,780,525,284,241,722,359,363,184,106,78,117,20,97,1,0,1
59906924,105,56,49,43,26,17,40,20,20,13,7,6,9,3,6,0,0,0
59906925,595,301,294,199,117,82,312,158,154,38,20,18,46,6,40,0,0,0
59906926,404,200,204,146,88,58,200,100,100,22,10,12,36,2,34,0,0,0
59906927,520,262,258,339,176,163,89,44,45,65,35,30,21,4,17,6,3,3
59907701,1063,609,454,393,235,158,432,233,199,110,59,51,62,17,45,66,65,1
59907702,413,196,217,173,82,91,153,78,75,62,30,32,23,5,18,2,1,1
59907703,1979,987,992,706,398,308,989,499,490,144,70,74,138,19,119,1,1,0
59907704,117,64,53,46,28,18,56,29,27,9,5,4,5,1,4,1,1,0
59907705,540,258,282,192,95,97,264,131,133,47,26,21,36,6,30,1,0,1
59907706,723,363,360,270,157,113,342,172,170,54,23,31,57,11,46,0,0,0
59908501,7460,3658,3802,3076,1609,1467,3104,1557,1547,761,385,376,495,92,403,16,13,3
59910701,3459,1729,1730,1372,776,596,1428,715,713,401,185,216,251,49,202,7,4,3
59910702,3997,1970,2027,1590,866,724,1733,857,876,350,171,179,309,65,244,11,8,3
3417030,0,0,0,0,0,0,0,0,0,0,0,0,0,0,0,0,0,0
3417110,0,0,0,0,0,0,0,0,0,0,0,0,0,0,0,0,0,0
3417200,0,0,0,0,0,0,0,0,0,0,0,0,0,0,0,0,0,0
3417380,0,0,0,0,0,0,0,0,0,0,0,0,0,0,0,0,0,0
59914001,196,99,97,85,50,35,85,43,42,12,5,7,14,1,13,0,0,0
59914002,1290,641,649,525,292,233,551,273,278,118,61,57,95,14,81,1,1,0
59914003,215,105,110,76,40,36,104,52,52,17,8,9,17,4,13,1,1,0
59914004,20,11,9,6,5,1,10,5,5,0,0,0,4,1,3,0,0,0
59915801,743,373,370,300,163,137,333,169,164,69,33,36,41,8,33,0,0,0
59915802,181,90,91,62,33,29,93,47,46,14,9,5,11,0,11,1,1,0
59915803,70,35,35,33,17,16,28,14,14,6,4,2,3,0,3,0,0,0
59915804,450,232,218,160,92,68,206,103,103,60,32,28,24,5,19,0,0,0
59915805,191,98,93,82,46,36,77,38,39,21,10,11,11,4,7,0,0,0
59915806,2164,1072,1092,749,426,323,1027,516,511,196,106,90,192,24,168,0,0,0
59915807,171,83,88,60,30,30,90,45,45,11,7,4,9,1,8,1,0,1
59915808,257,130,127,78,41,37,138,70,68,25,13,12,15,5,10,1,1,0
59915809,419,204,215,148,77,71,223,111,112,26,14,12,22,2,20,0,0,0
56874101,667,329,338,271,153,118,285,140,145,55,28,27,54,8,46,2,0,2
59921201,1334,667,667,590,313,277,524,262,262,135,71,64,83,20,63,2,1,1
59921202,348,181,167,145,87,58,141,71,70,34,16,18,26,5,21,2,2,0
56848101,941,491,450,409,233,176,422,211,211,55,32,23,55,15,40,0,0,0
54698401,594,313,281,262,160,102,231,115,116,63,31,32,36,6,30,2,1,1
0044480,0,0,0,0,0,0,0,0,0,0,0,0,0,0,0,0,0,0
0044560,0,0,0,0,0,0,0,0,0,0,0,0,0,0,0,0,0,0
3050310,0,0,0,0,0,0,0,0,0,0,0,0,0,0,0,0,0,0
3201290,0,0,0,0,0,0,0,0,0,0,0,0,0,0,0,0,0,0
59924701,27,10,17,12,4,8,8,4,4,4,1,3,3,1,2,0,0,0
59924702,262,130,132,126,72,54,99,49,50,22,9,13,15,0,15,0,0,0
59924703,119,62,57,51,33,18,47,24,23,10,5,5,8,0,8,3,0,3
59924704,388,189,199,138,78,60,190,94,96,38,13,25,21,4,17,1,0,1
59924705,64,26,38,27,13,14,19,10,9,7,3,4,11,0,11,0,0,0
59924706,227,105,122,76,37,39,111,56,55,18,8,10,21,4,17,1,0,1
59924707,593,313,280,232,136,96,267,134,133,50,28,22,42,13,29,0,0,0
59924709,145,72,73,51,26,25,70,35,35,12,8,4,12,3,9,0,0,0
59924710,847,405,442,355,186,169,320,162,158,105,43,62,65,12,53,2,2,0
59924711,91,43,48,28,11,17,49,24,25,8,6,2,5,1,4,1,1,0
59924712,1453,706,747,570,328,242,601,298,303,150,54,96,127,24,103,4,2,2
59924713,1105,557,548,500,290,210,354,178,176,180,81,99,66,6,60,4,1,3
59924715,101,47,54,44,18,26,48,24,24,8,5,3,1,0,1,0,0,0
59924716,107,57,50,43,26,17,53,26,27,5,4,1,6,1,5,0,0,0
59924717,918,424,494,354,184,170,344,172,172,106,50,56,111,17,94,3,1,2
59924718,179,94,85,83,51,32,72,36,36,11,6,5,13,1,12,0,0,0
59924719,533,262,271,231,124,107,230,116,114,43,16,27,28,6,22,1,0,1
55493601,466,234,232,177,97,80,234,118,116,31,15,16,24,4,20,0,0,0
56843101,77,41,36,30,18,12,40,20,20,3,1,2,4,2,2,0,0,0
56843102,540,262,278,219,118,101,237,118,119,41,16,25,43,10,33,0,0,0
55685801,953,505,448,418,256,162,399,201,198,74,34,40,58,11,47,3,2,1
59934401,173,90,83,77,42,35,72,37,35,18,10,8,6,1,5,0,0,0
59934402,1307,666,641,595,344,251,439,221,218,191,84,107,76,13,63,6,4,2
59934403,593,301,292,247,138,109,261,131,130,47,24,23,38,8,30,0,0,0
59934404,896,408,488,374,194,180,323,160,163,117,40,77,81,14,67,1,0,1
59934405,1057,527,530,376,217,159,510,253,257,92,48,44,77,8,69,2,1,1
59934406,115,59,56,42,23,19,52,26,26,13,8,5,8,2,6,0,0,0
59934408,1383,658,725,579,328,251,433,213,220,236,99,137,129,15,114,5,3,2
59934409,79,43,36,35,21,14,37,18,19,3,3,0,4,1,3,0,0,0
59934410,1580,810,770,691,425,266,465,231,234,309,135,174,104,13,91,11,6,5
59934411,2316,1085,1231,978,529,449,840,420,420,319,101,218,173,29,144,6,6,0
59934412,1004,469,535,347,181,166,460,230,230,85,38,47,108,18,90,4,2,2
59934413,73,43,30,36,23,13,29,14,15,5,5,0,3,1,2,0,0,0
59935201,363,188,175,158,90,68,148,74,74,34,18,16,20,5,15,3,1,2
59935202,98,47,51,42,22,20,48,23,25,3,2,1,5,0,5,0,0,0
59935203,593,302,291,264,148,116,229,115,114,62,34,28,38,5,33,0,0,0
59935204,136,70,66,64,35,29,50,26,24,14,8,6,8,1,7,0,0,0
59935205,68,34,34,31,17,14,26,13,13,5,1,4,6,3,3,0,0,0
59935206,54,31,23,20,12,8,24,12,12,7,6,1,3,1,2,0,0,0
59935207,372,180,192,134,69,65,185,94,91,30,15,15,23,2,21,0,0,0
59935208,445,217,228,178,94,84,206,103,103,27,16,11,33,4,29,1,0,1
59935209,124,64,60,63,36,27,39,19,20,13,8,5,8,0,8,1,1,0
59935210,2801,1372,1429,1180,647,533,1003,505,498,357,173,184,253,43,210,8,4,4
59935211,135,62,73,55,26,29,55,27,28,11,7,4,14,2,12,0,0,0
59935212,167,86,81,76,46,30,68,33,35,13,5,8,10,2,8,0,0,0
56856201,295,153,142,140,79,61,118,59,59,20,12,8,16,2,14,1,1,0
56856202,60,34,26,19,14,5,34,17,17,3,3,0,4,0,4,0,0,0
56857101,172,85,87,81,41,40,55,28,27,13,11,2,23,5,18,0,0,0
56966601,147,70,77,54,26,28,68,34,34,14,6,8,10,3,7,1,1,0
56966602,794,407,387,320,183,137,353,177,176,72,39,33,48,8,40,1,0,1
59940901,1614,799,815,637,348,289,718,361,357,146,72,74,113,18,95,0,0,0
56851101,765,383,382,309,178,131,319,161,158,66,29,37,67,11,56,0,0,0
55406501,618,295,323,271,142,129,233,118,115,58,22,36,56,13,43,0,0,0
59946801,177,78,99,91,39,52,56,29,27,11,5,6,19,5,14,0,0,0
59946802,317,165,152,129,76,53,144,74,70,25,14,11,18,1,17,1,0,1
59946803,55,26,29,21,10,11,29,15,14,4,1,3,1,0,1,0,0,0
59946804,996,504,492,424,245,179,399,200,199,98,48,50,73,9,64,1,1,0
59946806,247,128,119,119,68,51,103,52,51,13,7,6,12,1,11,0,0,0
59950601,432,216,216,171,102,69,182,91,91,47,17,30,31,5,26,1,1,0
59950602,1190,605,585,491,275,216,523,261,262,103,58,45,71,10,61,2,1,1
56864301,686,335,351,268,146,122,290,144,146,63,36,27,64,8,56,1,1,0
0694420,0,0,0,0,0,0,0,0,0,0,0,0,0,0,0,0,0,0
3311470,0,0,0,0,0,0,0,0,0,0,0,0,0,0,0,0,0,0
59956501,788,397,391,308,179,129,361,181,180,56,28,28,61,7,54,0,0,0
59956502,604,317,287,229,142,87,282,140,142,40,24,16,50,11,39,1,0,1
59956503,3241,1668,1573,1431,850,581,1046,522,524,543,254,289,210,36,174,10,5,5
59956504,378,197,181,131,79,52,172,87,85,42,23,19,27,4,23,6,4,2
59956505,2162,1032,1130,951,513,438,751,373,378,301,121,180,156,23,133,3,2,1
59956506,135,71,64,67,41,26,58,28,30,4,1,3,5,0,5,1,1,0
59956507,571,276,295,185,104,81,277,138,139,46,20,26,59,10,49,4,4,0
59956508,84,64,20,50,38,12,16,12,4,15,13,2,2,1,1,1,0,1
59956511,264,135,129,103,47,56,120,66,54,27,18,9,14,4,10,0,0,0
59956512,5331,2644,2687,2393,1334,1059,1725,865,860,932,379,553,267,59,208,12,7,5
59956513,332,170,162,115,65,50,171,87,84,27,16,11,19,2,17,0,0,0
59956514,234,117,117,84,46,38,116,57,59,18,10,8,15,4,11,1,0,1
59956515,254,121,133,98,50,48,115,58,57,22,10,12,19,3,16,0,0,0
59956516,2796,1303,1493,1152,614,538,938,466,472,511,191,320,189,29,160,6,3,3
59956517,1995,973,1022,870,485,385,723,361,362,291,107,184,110,19,91,1,1,0
59956518,721,356,365,272,148,124,350,176,174,50,22,28,44,8,36,5,2,3
59956519,701,360,341,288,165,123,335,170,165,40,18,22,38,7,31,0,0,0
59956520,428,215,213,181,100,81,203,101,102,18,7,11,25,6,19,1,1,0
55531201,519,270,249,232,130,102,207,106,101,45,28,17,33,5,28,2,1,1
56854601,1811,880,931,817,440,377,676,336,340,178,81,97,138,23,115,2,0,2
50004601,1699,855,844,672,379,293,780,389,391,126,64,62,119,21,98,2,2,0
59960301,69,34,35,27,15,12,39,19,20,1,0,1,2,0,2,0,0,0
59960302,145,73,72,60,39,21,62,29,33,14,5,9,9,0,9,0,0,0
59960303,1299,684,615,535,325,210,583,293,290,108,53,55,73,13,60,0,0,0
59964601,45,24,21,15,11,4,25,13,12,2,0,2,3,0,3,0,0,0
59964602,328,167,161,148,79,69,133,67,66,27,15,12,20,6,14,0,0,0
56858901,535,266,269,230,124,106,209,104,105,56,31,25,38,6,32,2,1,1
59968901,2328,1171,1157,1022,592,430,944,470,474,163,80,83,194,27,167,5,2,3
59968902,43,21,22,11,6,5,25,13,12,3,2,1,4,0,4,0,0,0
3414100,0,0,0,0,0,0,0,0,0,0,0,0,0,0,0,0,0,0
3414280,0,0,0,0,0,0,0,0,0,0,0,0,0,0,0,0,0,0
56868601,425,226,199,174,107,67,167,85,82,46,26,20,37,8,29,1,0,1
56868602,324,156,168,136,77,59,143,71,72,25,6,19,18,1,17,2,1,1
1075060,0,0,0,0,0,0,0,0,0,0,0,0,0,0,0,0,0,0
1075570,0,0,0,0,0,0,0,0,0,0,0,0,0,0,0,0,0,0
3200810,0,0,0,0,0,0,0,0,0,0,0,0,0,0,0,0,0,0
59919101,391,203,188,148,85,63,195,97,98,28,15,13,19,5,14,1,1,0
59919102,195,94,101,80,39,41,86,43,43,16,10,6,12,2,10,1,0,1
59919103,2009,984,1025,964,541,423,663,327,336,313,103,210,63,11,52,3,2,1
59919104,960,483,477,386,209,177,424,212,212,90,46,44,57,13,44,3,3,0
59919106,28,11,17,14,5,9,11,5,6,3,1,2,0,0,0,0,0,0
59919107,489,227,262,206,103,103,202,102,100,39,18,21,42,4,38,0,0,0
59919108,22,9,13,12,4,8,7,3,4,3,2,1,0,0,0,0,0,0
59919109,5066,2371,2695,2245,1206,1039,1686,833,853,714,259,455,402,61,341,14,9,5
59919110,928,561,367,558,348,210,148,75,73,195,128,67,25,9,16,2,1,1
59919111,734,376,358,365,212,153,207,100,107,127,58,69,32,4,28,3,2,1
59919112,3316,1565,1751,1466,825,641,1024,513,511,480,174,306,331,43,288,15,10,5
59919113,117,61,56,78,39,39,15,8,7,19,12,7,4,1,3,1,1,0
59919114,691,333,358,309,171,138,245,123,122,88,29,59,49,10,39,0,0,0
59919115,2440,1128,1312,996,515,481,914,452,462,331,130,201,197,30,167,2,1,1
59919116,1442,704,738,554,294,260,629,315,314,148,71,77,105,23,82,6,1,5
59919117,1924,906,1018,879,459,420,623,312,311,245,102,143,171,32,139,5,1,4
59919119,168,80,88,76,40,36,53,26,27,30,12,18,8,2,6,1,0,1
59919120,810,425,385,328,193,135,352,177,175,78,47,31,51,7,44,1,1,0
59919121,926,447,479,381,209,172,386,191,195,92,36,56,65,9,56,2,2,0
59970101,211,107,104,76,44,32,109,56,53,12,5,7,14,2,12,0,0,0
59970103,150,80,70,56,33,23,71,35,36,15,11,4,8,1,7,0,0,0
59970104,502,247,255,204,111,93,228,114,114,41,17,24,28,4,24,1,1,0
59970105,155,79,76,75,41,34,40,21,19,19,12,7,21,5,16,0,0,0
59970106,153,86,67,77,54,23,45,23,22,16,9,7,15,0,15,0,0,0
59970107,209,109,100,89,55,34,90,45,45,17,6,11,12,2,10,1,1,0
59970108,188,100,88,73,46,27,81,42,39,14,9,5,20,3,17,0,0,0
59970109,232,123,109,110,62,48,97,49,48,13,8,5,12,4,8,0,0,0
59970110,1461,765,696,686,405,281,464,237,227,207,96,111,93,22,71,11,5,6
59970111,45,22,23,15,9,6,21,11,10,5,2,3,4,0,4,0,0,0
59970112,161,76,85,54,30,24,75,37,38,19,7,12,12,1,11,1,1,0
59970113,1235,597,638,515,284,231,464,236,228,109,49,60,144,25,119,3,3,0
59970114,683,321,362,248,140,108,274,136,138,91,34,57,69,11,58,1,0,1
59970115,382,176,206,176,91,85,142,70,72,42,13,29,22,2,20,0,0,0
59970116,1206,579,627,536,278,258,445,225,220,133,55,78,87,16,71,5,5,0
59970118,36,21,15,18,12,6,12,6,6,5,2,3,1,1,0,0,0,0
1205110,0,0,0,0,0,0,0,0,0,0,0,0,0,0,0,0,0,0
59974301,120,54,66,48,21,27,51,26,25,16,7,9,5,0,5,0,0,0
59974302,1278,631,647,473,256,217,591,297,294,105,62,43,106,16,90,2,0,2
59974303,252,116,136,99,55,44,92,46,46,20,11,9,36,1,35,5,3,2
1353810,0,0,0,0,0,0,0,0,0,0,0,0,0,0,0,0,0,0
3051620,0,0,0,0,0,0,0,0,0,0,0,0,0,0,0,0,0,0
59980801,494,248,246,183,94,89,264,133,131,23,15,8,22,4,18,2,2,0
59980802,264,124,140,99,51,48,133,65,68,13,6,7,19,2,17,0,0,0
59980803,716,405,311,326,210,116,265,132,133,83,53,30,38,9,29,2,1,1
59980804,505,247,258,202,114,88,242,120,122,29,7,22,32,6,26,0,0,0
59980806,1359,663,696,524,279,245,553,276,277,191,91,100,89,15,74,2,2,0
59980807,525,278,247,223,136,87,226,113,113,43,23,20,32,5,27,1,1,0
59980808,338,164,174,147,86,61,129,64,65,30,8,22,32,6,26,0,0,0
59980809,739,332,407,322,164,158,250,124,126,83,28,55,83,16,67,1,0,1
59980810,502,246,256,191,105,86,217,111,106,52,21,31,42,9,33,0,0,0
59980811,2407,1128,1279,995,563,432,816,406,410,339,121,218,251,35,216,6,3,3
59980812,42,24,18,19,12,7,19,10,9,1,1,0,3,1,2,0,0,0
59980813,331,169,162,131,77,54,144,73,71,34,14,20,20,3,17,2,2,0
56877501,940,459,481,331,190,141,434,217,217,101,44,57,73,7,66,1,1,0
56855401,1182,589,593,481,264,217,539,270,269,75,34,41,84,18,66,3,3,0
59983201,1612,779,833,689,351,338,684,344,340,134,64,70,103,19,84,2,1,1
59983202,26,12,14,7,4,3,16,8,8,1,0,1,2,0,2,0,0,0
56871601,549,267,282,238,126,112,218,111,107,49,23,26,42,5,37,2,2,0
56871602,277,143,134,117,65,52,123,61,62,24,11,13,13,6,7,0,0,0
56840601,116,54,62,41,21,20,50,25,25,12,4,8,11,2,9,0,0,0
56840602,640,316,324,273,142,131,283,142,141,49,24,25,35,8,27,0,0,0
59986702,860,440,420,373,216,157,345,173,172,73,40,33,67,10,57,2,1,1
59990501,119,58,61,54,30,24,50,25,25,8,3,5,6,0,6,0,0,0
59990502,138,73,65,63,33,30,48,24,24,21,13,8,6,3,3,0,0,0
59990503,276,136,140,119,64,55,130,65,65,6,3,3,21,4,17,0,0,0
59990504,249,119,130,101,54,47,111,56,55,14,6,8,23,3,20,0,0,0
59990505,231,121,110,95,59,36,100,50,50,17,9,8,18,3,15,1,0,1
59990506,230,117,113,100,59,41,96,47,49,18,10,8,15,1,14,1,0,1
59990507,400,193,207,164,86,78,190,95,95,18,7,11,28,5,23,0,0,0
59990508,404,195,209,159,81,78,172,85,87,40,26,14,33,3,30,0,0,0
59990509,29,15,14,7,5,2,16,8,8,3,1,2,3,1,2,0,0,0
59990510,741,364,377,314,169,145,341,171,170,42,18,24,42,6,36,2,0,2
1584020,0,0,0,0,0,0,0,0,0,0,0,0,0,0,0,0,0,0
1584290,0,0,0,0,0,0,0,0,0,0,0,0,0,0,0,0,0,0
3154350,0,0,0,0,0,0,0,0,0,0,0,0,0,0,0,0,0,0
3154430,0,0,0,0,0,0,0,0,0,0,0,0,0,0,0,0,0,0
59992101,202,97,105,87,44,43,79,39,40,26,12,14,10,2,8,0,0,0
59992102,44,25,19,28,16,12,7,3,4,9,6,3,0,0,0,0,0,0
59992103,381,206,175,162,94,68,146,75,71,45,25,20,26,10,16,0,0,0
59992104,3538,1709,1829,1537,837,700,1183,586,597,509,228,281,299,50,249,10,8,2
59992105,1085,525,560,423,229,194,482,240,242,89,41,48,90,14,76,1,1,0
59992106,789,380,409,350,194,156,229,116,113,126,51,75,78,18,60,6,1,5
59992107,201,101,100,72,42,30,80,40,40,33,16,17,16,3,13,0,0,0
59992108,1397,703,694,570,321,249,614,308,306,108,51,57,102,20,82,3,3,0
59992109,213,95,118,75,31,44,112,56,56,12,4,8,14,4,10,0,0,0
59992110,1131,561,570,415,239,176,537,264,273,80,38,42,98,19,79,1,1,0
59993001,200,106,94,83,50,33,91,46,45,16,8,8,10,2,8,0,0,0
59993002,2030,991,1039,885,483,402,816,409,407,182,81,101,141,16,125,4,2,2
59993003,311,159,152,141,77,64,108,54,54,40,21,19,21,6,15,1,1,0
3414440,0,0,0,0,0,0,0,0,0,0,0,0,0,0,0,0,0,0
55417101,1376,651,725,567,281,286,566,285,281,145,63,82,96,20,76,2,2,0
55417102,549,255,294,215,114,101,227,114,113,54,21,33,53,6,47,0,0,0
55417103,76,39,37,21,14,7,32,17,15,14,8,6,9,0,9,0,0,0
1640890,0,0,0,0,0,0,0,0,0,0,0,0,0,0,0,0,0,0
59994801,1251,598,653,524,278,246,434,218,216,187,85,102,99,13,86,7,4,3
59994802,187,89,98,67,32,35,92,47,45,14,8,6,14,2,12,0,0,0
59994803,1903,966,937,729,435,294,876,443,433,154,66,88,142,20,122,2,2,0
59995601,1554,781,773,658,373,285,674,339,335,111,47,64,109,20,89,2,2,0
59995602,232,116,116,102,53,49,106,54,52,12,6,6,11,2,9,1,1,0
59995603,27,11,16,9,3,6,14,7,7,2,1,1,2,0,2,0,0,0
59996401,93,44,49,33,14,19,49,25,24,4,3,1,7,2,5,0,0,0
59996402,869,431,438,341,187,154,412,205,207,63,26,37,51,12,39,2,1,1
56975501,25,12,13,10,5,5,12,6,6,2,1,1,1,0,1,0,0,0
56975502,701,357,344,300,169,131,292,148,144,58,34,24,51,6,45,0,0,0
59999902,1554,804,750,656,386,270,690,347,343,103,51,52,98,19,79,5,1,4
59999903,412,198,214,167,82,85,183,90,93,38,20,18,23,5,18,1,1,0
59999904,176,91,85,74,39,35,71,36,35,14,10,4,16,5,11,1,1,0
59999905,412,203,209,165,89,76,198,100,98,22,10,12,26,3,23,1,1,0
56842201,1119,547,572,475,258,217,483,242,241,95,45,50,66,2,64,0,0,0
50025901,1914,948,966,794,447,347,810,399,411,161,84,77,147,17,130,1,1,0
55491001,548,278,270,229,134,95,236,119,117,44,21,23,39,4,35,0,0,0
55491002,45,24,21,17,9,8,22,11,11,4,3,1,2,1,1,0,0,0
55491003,197,110,87,78,50,28,96,48,48,14,9,5,9,3,6,0,0,0
56974701,213,98,115,84,37,47,94,47,47,20,12,8,15,2,13,0,0,0
56847301,910,459,451,379,205,174,426,213,213,55,34,21,50,7,43,0,0,0
56847302,113,62,51,46,32,14,53,26,27,9,3,6,5,1,4,0,0,0
56873201,1058,530,528,458,255,203,459,229,230,83,40,43,58,6,52,0,0,0
54700001,609,309,300,255,141,114,256,130,126,51,23,28,45,13,32,2,2,0
51297401,646,301,345,248,130,118,287,143,144,42,18,24,66,9,57,3,1,2
50619201,1706,844,862,669,368,301,838,419,419,79,39,40,117,17,100,3,1,2
50621401,3689,1813,1876,1440,781,659,1765,876,889,235,112,123,245,41,204,4,3,1
50621402,685,341,344,256,148,108,334,166,168,51,23,28,44,4,40,0,0,0
55419701,1017,502,515,385,218,167,466,232,234,98,41,57,64,9,55,2,2,0
55310701,157,84,73,78,51,27,59,30,29,10,3,7,10,0,10,0,0,0
50632001,866,448,418,351,203,148,405,202,203,69,37,32,41,6,35,0,0,0
50632002,22,13,9,7,5,2,11,6,5,3,2,1,1,0,1,0,0,0
50632003,24,10,14,8,4,4,12,6,6,3,0,3,1,0,1,0,0,0
50632004,80,40,40,36,19,17,32,16,16,9,5,4,3,0,3,0,0,0
50632005,325,159,166,141,78,63,135,68,67,26,10,16,23,3,20,0,0,0
50632007,147,81,66,69,43,26,48,24,24,17,10,7,13,4,9,0,0,0
50645101,489,253,236,185,104,81,237,119,118,41,21,20,25,8,17,0,0,0
50645102,109,60,49,36,20,16,52,27,25,10,7,3,10,5,5,1,1,0
50645103,171,82,89,73,38,35,75,38,37,10,5,5,13,1,12,0,0,0
50645104,293,145,148,130,75,55,106,54,52,26,13,13,28,3,25,1,0,1
50645105,261,142,119,100,61,39,142,76,66,9,3,6,10,2,8,0,0,0
0155470,0,0,0,0,0,0,0,0,0,0,0,0,0,0,0,0,0,0
1983740,0,0,0,0,0,0,0,0,0,0,0,0,0,0,0,0,0,0
3305580,0,0,0,0,0,0,0,0,0,0,0,0,0,0,0,0,0,0
50646001,2407,1168,1239,1139,634,505,758,374,384,286,127,159,218,29,189,6,4,2
50646002,78,41,37,27,16,11,37,19,18,9,5,4,5,1,4,0,0,0
50646003,190,101,89,81,51,30,76,38,38,21,10,11,12,2,10,0,0,0
50646004,109,49,60,44,20,24,43,21,22,13,7,6,9,1,8,0,0,0
50646005,36,18,18,11,6,5,16,8,8,8,4,4,1,0,1,0,0,0
56826101,709,344,365,288,150,138,337,168,169,48,23,25,35,3,32,1,0,1
56826102,60,26,34,16,5,11,30,15,15,5,2,3,9,4,5,0,0,0
56995001,354,177,177,175,90,85,124,61,63,37,22,15,17,3,14,0,0,0
56822801,1291,613,678,506,262,244,610,305,305,63,34,29,110,12,98,2,0,2
56823601,20,12,8,6,5,1,8,4,4,6,3,3,0,0,0,0,0,0
56823602,701,349,352,269,144,125,337,167,170,47,25,22,47,12,35,1,1,0
56989502,754,358,396,291,149,142,321,159,162,69,33,36,71,16,55,2,1,1
50670201,27,14,13,12,7,5,12,6,6,3,1,2,0,0,0,0,0,0
50670202,3167,1564,1603,1154,648,506,1433,716,717,313,153,160,265,46,219,2,1,1
50670204,694,344,350,269,152,117,330,166,164,39,17,22,56,9,47,0,0,0
55305101,918,477,441,400,239,161,382,192,190,69,35,34,65,9,56,2,2,0
55305102,115,61,54,43,28,15,54,27,27,9,4,5,9,2,7,0,0,0
50675301,1254,626,628,482,285,197,555,276,279,106,51,55,109,14,95,2,0,2
50675302,571,260,311,204,107,97,234,117,117,49,25,24,81,10,71,3,1,2
50675303,365,177,188,134,71,63,175,89,86,27,12,15,28,4,24,0,0,0
50675304,318,151,167,117,59,58,144,73,71,33,17,16,22,1,21,2,1,1
50675305,595,284,311,203,112,91,300,151,149,41,16,25,51,5,46,0,0,0
50675306,76,36,40,27,14,13,32,16,16,12,6,6,5,0,5,0,0,0
56821001,2474,1214,1260,998,552,446,1128,563,565,146,64,82,199,34,165,3,1,2
55309301,634,333,301,272,164,108,269,134,135,46,26,20,47,9,38,0,0,0
56836802,572,290,282,221,123,98,252,130,122,53,28,25,43,8,35,3,1,2
0397480,0,0,0,0,0,0,0,0,0,0,0,0,0,0,0,0,0,0
0398530,0,0,0,0,0,0,0,0,0,0,0,0,0,0,0,0,0,0
0398880,0,0,0,0,0,0,0,0,0,0,0,0,0,0,0,0,0,0
3154860,0,0,0,0,0,0,0,0,0,0,0,0,0,0,0,0,0,0
50701601,1295,640,655,456,258,198,655,323,332,97,46,51,87,13,74,0,0,0
50701603,1311,634,677,467,253,214,662,331,331,79,38,41,101,12,89,0,0,0
50701604,46,27,19,14,11,3,20,11,9,7,4,3,5,1,4,0,0,0
50701605,503,250,253,193,114,79,242,120,122,32,13,19,36,3,33,0,0,0
50701606,85,39,46,29,15,14,43,21,22,5,1,4,8,2,6,0,0,0
50701607,867,411,456,333,179,154,345,171,174,102,50,52,84,10,74,2,1,1
50701608,1695,818,877,757,416,341,464,235,229,293,140,153,177,26,151,4,1,3
50701610,125,27,98,12,6,6,19,9,10,16,3,13,76,8,68,2,1,1
50701611,1937,899,1038,797,426,371,733,365,368,242,84,158,162,24,138,1,0,1
50701612,232,111,121,92,50,42,112,56,56,10,4,6,18,1,17,0,0,0
50701613,74,37,37,28,14,14,38,18,20,4,3,1,3,1,2,1,1,0
50701614,445,211,234,190,95,95,188,96,92,32,15,17,35,5,30,0,0,0
50701615,1849,893,956,723,375,348,829,412,417,154,79,75,141,25,116,2,2,0
50701616,1989,1010,979,923,516,407,668,329,339,266,134,132,124,26,98,7,5,2
50701617,1181,577,604,409,221,188,617,304,313,73,28,45,82,24,58,0,0,0
50710501,961,478,483,365,206,159,472,235,237,52,23,29,71,14,57,1,0,1
50711301,690,338,352,269,147,122,323,162,161,49,23,26,49,6,43,0,0,0
50711302,143,69,74,56,29,27,66,32,34,4,2,2,15,4,11,2,2,0
50711303,386,195,191,170,94,76,160,80,80,25,15,10,30,6,24,1,0,1
50711304,94,48,46,42,26,16,36,18,18,7,4,3,9,0,9,0,0,0
50726101,704,342,362,284,142,142,339,170,169,49,25,24,31,4,27,1,1,0
50726102,393,200,193,144,86,58,81,42,39,93,49,44,67,17,50,7,6,1
50726103,121,62,59,43,26,17,61,31,30,7,2,5,9,2,7,1,1,0
50727001,27,11,16,6,2,4,18,8,10,3,1,2,0,0,0,0,0,0
50727002,212,102,110,94,53,41,81,40,41,13,6,7,24,3,21,0,0,0
50727003,333,163,170,149,77,72,135,67,68,25,15,10,23,3,20,1,1,0
50727005,246,120,126,98,50,48,120,62,58,15,8,7,13,0,13,0,0,0
50727006,77,36,41,26,12,14,37,19,18,6,4,2,8,1,7,0,0,0
50727007,2814,1378,1436,1114,595,519,1244,626,618,260,122,138,192,33,159,4,2,2
50727009,317,160,157,118,67,51,156,78,78,16,12,4,27,3,24,0,0,0
50727010,491,233,258,197,104,93,232,116,116,16,6,10,44,6,38,2,1,1
50727011,767,368,399,307,155,152,342,170,172,73,34,39,45,9,36,0,0,0
51292301,1157,557,600,448,237,211,564,281,283,57,25,32,87,13,74,1,1,0
50733401,60,28,32,22,12,10,32,16,16,3,0,3,3,0,3,0,0,0
50733402,1118,555,563,432,241,191,503,251,252,93,43,50,88,18,70,1,1,0
56990901,678,334,344,282,152,130,290,145,145,53,32,21,53,5,48,0,0,0
0450470,0,0,0,0,0,0,0,0,0,0,0,0,0,0,0,0,0,0
0450550,0,0,0,0,0,0,0,0,0,0,0,0,0,0,0,0,0,0
50737701,200,97,103,101,54,47,66,33,33,17,7,10,16,3,13,0,0,0
50737702,49,23,26,21,10,11,19,10,9,9,3,6,0,0,0,0,0,0
50737703,241,129,112,116,67,49,83,43,40,28,14,14,13,4,9,1,1,0
50737704,34,19,15,12,8,4,13,7,6,3,1,2,6,3,3,0,0,0
50737705,139,72,67,56,32,24,47,25,22,19,8,11,16,6,10,1,1,0
50737706,356,192,164,149,92,57,144,76,68,38,20,18,25,4,21,0,0,0
54719101,226,115,111,83,48,35,116,60,56,10,4,6,17,3,14,0,0,0
50750401,3137,1561,1576,1207,670,537,1556,778,778,147,75,72,224,36,188,3,2,1
54718201,1843,882,961,700,374,326,867,432,435,122,53,69,149,21,128,5,2,3
50758001,322,160,162,137,73,64,145,72,73,21,11,10,18,3,15,1,1,0
50758002,1630,806,824,642,350,292,778,387,391,107,53,54,101,16,85,2,0,2
50758003,20,10,10,5,2,3,8,4,4,4,3,1,3,1,2,0,0,0
50758004,4565,2270,2295,1815,1030,785,2032,1016,1016,328,153,175,373,59,314,17,12,5
56818001,114,56,58,44,21,23,45,23,22,16,10,6,9,2,7,0,0,0
56818002,131,71,60,48,31,17,59,30,29,12,7,5,12,3,9,0,0,0
51290701,53,25,28,23,11,12,17,9,8,9,5,4,3,0,3,1,0,1
51290702,828,409,419,310,181,129,373,186,187,60,26,34,82,15,67,3,1,2
55311501,129,68,61,49,30,19,61,31,30,12,6,6,7,1,6,0,0,0
55311502,83,38,45,40,17,23,29,15,14,7,4,3,7,2,5,0,0,0
50792001,82,43,39,37,25,12,34,16,18,1,0,1,9,2,7,1,0,1
50792002,72,36,36,26,15,11,36,18,18,3,3,0,7,0,7,0,0,0
50792003,782,381,401,313,180,133,297,151,146,80,29,51,91,21,70,1,0,1
50797101,4314,2121,2193,1633,907,726,1962,988,974,356,166,190,359,57,302,4,3,1
50797102,513,259,254,204,115,89,240,117,123,29,18,11,38,9,29,0,0,0
50812801,2121,1065,1056,878,497,381,965,481,484,140,64,76,136,22,114,2,1,1
50814401,652,327,325,296,160,136,236,117,119,66,41,25,54,9,45,0,0,0
56827901,265,144,121,110,69,41,120,61,59,14,10,4,20,3,17,1,1,0
55304202,135,73,62,59,38,21,51,25,26,11,7,4,13,3,10,1,0,1
50837301,1096,547,549,414,240,174,517,261,256,90,36,54,72,9,63,1,1,0
56909701,191,102,89,80,47,33,84,43,41,15,9,6,12,3,9,0,0,0
56909702,35,23,12,14,10,4,15,8,7,5,4,1,1,1,0,0,0,0
55315801,808,382,426,305,147,158,364,181,183,81,44,37,58,10,48,0,0,0
55315802,102,55,47,39,23,16,47,25,22,9,5,4,7,2,5,0,0,0
51289301,177,92,85,60,36,24,83,42,41,22,10,12,12,4,8,0,0,0
55527401,481,246,235,170,98,72,229,116,113,47,22,25,34,10,24,1,0,1
50957401,1383,673,710,584,313,271,634,314,320,68,29,39,94,15,79,3,2,1
55535501,246,123,123,92,49,43,113,56,57,23,12,11,17,5,12,1,1,0
55535502,933,450,483,381,207,174,403,201,202,74,33,41,74,9,65,1,0,1
55535503,24,13,11,11,7,4,11,6,5,0,0,0,2,0,2,0,0,0
55535505,120,58,62,47,26,21,56,28,28,5,1,4,11,2,9,1,1,0
1119020,0,0,0,0,0,0,0,0,0,0,0,0,0,0,0,0,0,0
55533901,1654,822,832,646,361,285,767,385,382,113,48,65,125,27,98,3,1,2
55533902,56,32,24,19,13,6,28,14,14,6,5,1,3,0,3,0,0,0
55543601,305,155,150,116,62,54,150,75,75,27,14,13,12,4,8,0,0,0
1117080,0,0,0,0,0,0,0,0,0,0,0,0,0,0,0,0,0,0
1117410,0,0,0,0,0,0,0,0,0,0,0,0,0,0,0,0,0,0
1117830,0,0,0,0,0,0,0,0,0,0,0,0,0,0,0,0,0,0
1118210,0,0,0,0,0,0,0,0,0,0,0,0,0,0,0,0,0,0
55532101,668,316,352,206,109,97,366,182,184,48,19,29,47,5,42,1,1,0
55532102,1514,756,758,581,328,253,675,336,339,156,71,85,98,18,80,4,3,1
55532104,6600,3079,3521,2687,1428,1259,2388,1189,1199,1044,379,665,465,76,389,13,4,9
55532105,3054,1408,1646,1253,662,591,1022,504,518,495,195,300,275,43,232,9,4,5
55532106,1240,605,635,508,278,230,502,248,254,138,59,79,91,19,72,1,1,0
55532107,34,15,19,20,9,11,12,6,6,2,0,2,0,0,0,0,0,0
55532109,802,401,401,305,176,129,384,192,192,48,23,25,64,9,55,1,1,0
55532110,1065,493,572,372,196,176,499,249,250,90,31,59,104,17,87,0,0,0
55532111,4067,1958,2109,1682,893,789,1653,822,831,448,194,254,275,46,229,9,3,6
55532112,1536,739,797,570,312,258,647,321,326,209,82,127,108,22,86,2,2,0
55532113,836,395,441,329,168,161,406,202,204,56,18,38,44,6,38,1,1,0
55532114,872,435,437,332,186,146,401,200,201,71,37,34,66,11,55,2,1,1
55532115,3485,1872,1613,1832,1080,752,776,396,380,688,354,334,175,33,142,11,7,4
55532116,1038,499,539,453,259,194,281,138,143,161,76,85,135,20,115,5,4,1
55532117,207,101,106,94,50,44,80,38,42,21,7,14,12,6,6,0,0,0
55532118,33,12,21,16,4,12,11,6,5,4,2,2,2,0,2,0,0,0
55532119,4352,2117,2235,2026,1120,906,1276,635,641,686,290,396,347,62,285,13,7,6
55532120,2229,1045,1184,939,506,433,759,379,380,334,135,199,189,20,169,6,3,3
55532121,2006,914,1092,826,453,373,599,302,297,321,120,201,251,35,216,8,4,4
55532122,2929,1352,1577,1163,596,567,1194,593,601,341,127,214,227,33,194,3,3,0
55532124,66,29,37,23,8,15,38,19,19,3,1,2,2,1,1,0,0,0
55532125,2511,1111,1400,1265,596,669,786,381,405,326,112,214,122,20,102,11,1,10
55532126,2246,1062,1184,983,551,432,669,335,334,390,144,246,200,30,170,4,2,2
55532127,2105,992,1113,840,449,391,824,411,413,244,101,143,192,27,165,5,4,1
55532128,1473,710,763,710,369,341,475,239,236,190,79,111,92,20,72,6,3,3
55532129,1017,472,545,485,258,227,295,145,150,157,57,100,76,10,66,3,1,2
55540101,155,74,81,60,29,31,72,36,36,8,5,3,15,4,11,0,0,0
55540102,423,215,208,163,98,65,191,95,96,37,20,17,32,2,30,0,0,0
55540103,141,66,75,56,25,31,66,33,33,10,7,3,9,1,8,0,0,0
55540104,35,19,16,16,10,6,12,6,6,4,2,2,3,1,2,0,0,0
55537101,1034,508,526,392,218,174,467,234,233,90,42,48,84,13,71,1,1,0
3054210,0,0,0,0,0,0,0,0,0,0,0,0,0,0,0,0,0,0
3054480,0,0,0,0,0,0,0,0,0,0,0,0,0,0,0,0,0,0
55670001,110,60,50,53,29,24,42,21,21,8,4,4,6,5,1,1,1,0
55670002,161,81,80,60,36,24,76,39,37,10,5,5,15,1,14,0,0,0
55670003,735,359,376,289,150,139,351,177,174,43,23,20,52,9,43,0,0,0
55670004,30,17,13,11,7,4,16,8,8,2,2,0,1,0,1,0,0,0
55670005,237,119,118,84,46,38,117,59,58,26,11,15,10,3,7,0,0,0
55670006,44,24,20,21,14,7,12,6,6,9,4,5,2,0,2,0,0,0
55546101,174,90,84,66,39,27,83,42,41,13,8,5,11,1,10,1,0,1
55546102,211,105,106,83,44,39,92,47,45,17,12,5,17,0,17,0,0,0
55541001,333,169,164,124,71,53,162,81,81,22,12,10,25,5,20,0,0,0
50961201,1353,658,695,535,284,251,626,311,315,99,49,50,92,14,78,1,0,1
50961202,40,19,21,16,8,8,18,9,9,4,1,3,2,1,1,0,0,0
50964701,1946,959,987,703,396,307,927,467,460,141,60,81,169,31,138,4,3,1
50964702,34,18,16,16,11,5,12,6,6,3,1,2,3,0,3,0,0,0
50964703,31,15,16,12,5,7,12,7,5,5,3,2,2,0,2,0,0,0
50973601,1332,647,685,490,268,222,641,325,316,92,37,55,107,16,91,2,1,1
56831701,119,63,56,72,43,29,32,17,15,7,2,5,8,1,7,0,0,0
56831702,359,182,177,159,83,76,150,77,73,27,18,9,23,4,19,0,0,0
56831703,23,14,9,5,5,0,15,8,7,2,1,1,1,0,1,0,0,0
50984101,1142,575,567,496,285,211,490,246,244,82,33,49,71,8,63,3,3,0
56837601,598,296,302,244,140,104,273,138,135,36,15,21,44,3,41,1,0,1
51013101,287,139,148,120,63,57,140,71,69,11,5,6,16,0,16,0,0,0
51013103,692,349,343,290,157,133,313,160,153,39,20,19,47,9,38,3,3,0
51028901,1952,977,975,786,444,342,900,448,452,136,67,69,129,17,112,1,1,0
51028902,81,37,44,36,18,18,39,19,20,3,0,3,3,0,3,0,0,0
51029701,683,336,347,296,166,130,285,142,143,54,25,29,48,3,45,0,0,0
51029702,127,59,68,49,23,26,60,30,30,7,4,3,11,2,9,0,0,0
59782101,387,191,196,174,96,78,135,66,69,47,23,24,31,6,25,0,0,0
0754260,0,0,0,0,0,0,0,0,0,0,0,0,0,0,0,0,0,0
56819801,126,69,57,43,26,17,46,24,22,21,11,10,14,6,8,2,2,0
51034301,271,139,132,113,66,47,126,62,64,18,8,10,14,3,11,0,0,0
51034302,105,64,41,46,36,10,43,21,22,7,6,1,9,1,8,0,0,0
51034303,134,71,63,44,26,18,67,33,34,15,9,6,8,3,5,0,0,0
51034304,881,436,445,354,193,161,410,205,205,60,29,31,56,9,47,1,0,1
51286901,814,414,400,315,190,125,393,195,198,37,17,20,67,10,57,2,2,0
51286902,32,17,15,25,12,13,3,2,1,3,3,0,1,0,1,0,0,0
51037801,604,302,302,237,135,102,260,130,130,50,27,23,55,8,47,2,2,0
54713101,251,130,121,121,65,56,93,48,45,28,17,11,8,0,8,1,0,1
51043201,29,11,18,17,8,9,5,2,3,5,1,4,2,0,2,0,0,0
51043202,1543,783,760,592,337,255,719,369,350,113,61,52,114,14,100,5,2,3
56833301,33,16,17,13,6,7,19,10,9,0,0,0,1,0,1,0,0,0
56833302,607,313,294,234,129,105,282,142,140,52,33,19,36,9,27,3,0,3
51048301,65,34,31,23,15,8,34,17,17,3,2,1,5,0,5,0,0,0
51048302,227,113,114,92,50,42,108,54,54,14,7,7,13,2,11,0,0,0
51048303,86,43,43,33,18,15,40,20,20,10,5,5,3,0,3,0,0,0
51048304,2687,1301,1386,1033,565,468,1297,648,649,152,58,94,201,28,173,4,2,2
51049101,1265,622,643,479,268,211,572,287,285,119,54,65,92,10,82,3,3,0
51274501,800,378,422,299,161,138,371,184,187,52,24,28,78,9,69,0,0,0
56910101,221,115,106,97,53,44,84,43,41,24,16,8,16,3,13,0,0,0
56834101,360,175,185,158,83,75,151,75,76,29,11,18,22,6,16,0,0,0
51089101,75,39,36,37,21,16,26,13,13,8,4,4,4,1,3,0,0,0
51089102,189,95,94,87,50,37,70,35,35,12,7,5,20,3,17,0,0,0
51089103,66,40,26,37,23,14,10,5,5,15,11,4,4,1,3,0,0,0
51089104,188,104,84,69,52,17,88,43,45,15,8,7,16,1,15,0,0,0
51089105,77,41,36,27,16,11,37,19,18,7,4,3,5,1,4,1,1,0
51089107,986,469,517,432,217,215,406,203,203,85,38,47,63,11,52,0,0,0
1788110,0,0,0,0,0,0,0,0,0,0,0,0,0,0,0,0,0,0
51093901,1772,867,905,730,399,331,797,396,401,130,59,71,113,12,101,2,1,1
57003601,25,12,13,8,4,4,14,7,7,2,1,1,1,0,1,0,0,0
57003602,678,359,319,269,163,106,319,161,158,40,26,14,50,9,41,0,0,0
1830080,0,0,0,0,0,0,0,0,0,0,0,0,0,0,0,0,0,0
1830410,0,0,0,0,0,0,0,0,0,0,0,0,0,0,0,0,0,0
1830670,0,0,0,0,0,0,0,0,0,0,0,0,0,0,0,0,0,0
3305660,0,0,0,0,0,0,0,0,0,0,0,0,0,0,0,0,0,0
51102101,75,42,33,40,24,16,25,14,11,7,2,5,3,2,1,0,0,0
51102102,67,38,29,28,18,10,28,14,14,4,4,0,7,2,5,0,0,0
51102103,56,34,22,22,13,9,25,14,11,9,7,2,0,0,0,0,0,0
51102104,97,49,48,41,22,19,42,20,22,7,5,2,7,2,5,0,0,0
51102105,67,39,28,24,17,7,24,12,12,12,8,4,7,2,5,0,0,0
51102106,109,60,49,49,29,20,45,23,22,12,6,6,3,2,1,0,0,0
51102107,450,222,228,192,102,90,167,83,84,56,31,25,34,5,29,1,1,0
51102108,42,17,25,16,4,12,22,11,11,3,1,2,1,1,0,0,0,0
51102109,1073,540,533,485,289,196,317,159,158,163,73,90,105,17,88,3,2,1
51102111,2187,1034,1153,937,502,435,800,398,402,267,105,162,181,28,153,2,1,1
51102112,1162,551,611,463,260,203,394,197,197,147,63,84,154,27,127,3,3,0
51116101,499,259,240,203,123,80,228,113,115,36,17,19,27,3,24,5,3,2
56824401,1608,791,817,618,343,275,793,395,398,90,38,52,103,13,90,2,2,0
55349201,573,276,297,220,122,98,269,134,135,35,15,20,49,5,44,0,0,0
56911901,488,234,254,177,95,82,244,120,124,38,17,21,29,2,27,0,0,0
50671101,1430,709,721,536,289,247,692,348,344,111,56,55,90,15,75,1,1,0
56950001,621,306,315,216,115,101,314,154,160,51,24,27,40,13,27,0,0,0
56950002,192,96,96,63,29,34,87,43,44,31,21,10,9,3,6,0,0,0
3308680,0,0,0,0,0,0,0,0,0,0,0,0,0,0,0,0,0,0
59954901,246,118,128,91,48,43,123,62,61,17,4,13,15,4,11,0,0,0
59954902,317,155,162,118,62,56,148,75,73,24,16,8,25,2,23,2,0,2
59954903,92,45,47,39,22,17,42,20,22,9,3,6,2,0,2,0,0,0
59954904,141,71,70,61,32,29,70,35,35,3,3,0,6,0,6,1,1,0
59954905,3053,1485,1568,1204,658,546,1308,652,656,303,140,163,232,33,199,6,2,4
59954906,124,60,64,57,29,28,48,24,24,15,7,8,4,0,4,0,0,0
59954907,333,167,166,133,74,59,158,80,78,23,9,14,19,4,15,0,0,0
55404901,32,15,17,20,12,8,6,3,3,2,0,2,4,0,4,0,0,0
55404902,23,14,9,12,8,4,11,6,5,0,0,0,0,0,0,0,0,0
55404904,642,328,314,249,144,105,294,147,147,56,28,28,42,8,34,1,1,0
55433201,167,79,88,66,30,36,84,42,42,12,6,6,5,1,4,0,0,0
55433202,1516,755,761,600,344,256,684,341,343,115,52,63,116,18,98,1,0,1
55466901,136,73,63,61,38,23,47,25,22,20,9,11,7,1,6,1,0,1
55466904,1528,742,786,686,386,300,510,255,255,208,76,132,120,24,96,2,1,1
55466905,20,10,10,7,2,5,9,5,4,4,3,1,0,0,0,0,0,0
55466906,1958,960,998,735,400,335,863,433,430,202,94,108,153,30,123,4,2,2
55466907,116,56,60,57,28,29,51,26,25,5,2,3,3,0,3,0,0,0
55456101,2652,1293,1359,975,526,449,1215,604,611,270,130,140,189,30,159,2,2,0
55432401,1333,642,691,516,271,245,634,317,317,86,39,47,93,12,81,4,3,1
1138410,0,0,0,0,0,0,0,0,0,0,0,0,0,0,0,0,0,0
1138910,0,0,0,0,0,0,0,0,0,0,0,0,0,0,0,0,0,0
1139050,0,0,0,0,0,0,0,0,0,0,0,0,0,0,0,0,0,0
1139130,0,0,0,0,0,0,0,0,0,0,0,0,0,0,0,0,0,0
1139210,0,0,0,0,0,0,0,0,0,0,0,0,0,0,0,0,0,0
55428601,625,343,282,328,197,131,103,54,49,164,84,80,28,6,22,1,1,0
55428602,470,230,240,255,142,113,75,39,36,93,42,51,43,6,37,4,1,3
55428603,795,358,437,361,195,166,191,95,96,146,55,91,91,9,82,6,4,2
55428604,5797,2762,3035,2654,1428,1226,1702,865,837,999,386,613,414,71,343,21,10,11
55428605,298,149,149,233,118,115,22,11,11,35,19,16,8,1,7,0,0,0
55428606,132,49,83,31,18,13,15,10,5,28,12,16,54,8,46,4,1,3
55428607,667,342,325,352,195,157,164,83,81,119,58,61,28,4,24,3,2,1
55428608,1931,995,936,861,508,353,619,313,306,305,143,162,136,27,109,8,4,4
55428609,806,473,333,403,250,153,209,120,89,151,89,62,37,10,27,5,3,2
55428610,83,45,38,56,27,29,13,7,6,12,10,2,2,1,1,0,0,0
55428612,25,10,15,12,6,6,7,3,4,4,1,3,2,0,2,0,0,0
55457001,241,123,118,90,52,38,102,51,51,36,16,20,13,4,9,0,0,0
55457004,232,120,112,81,51,30,107,53,54,21,10,11,23,6,17,0,0,0
55457005,726,368,358,262,154,108,332,165,167,86,41,45,44,8,36,2,0,2
55443001,912,482,430,495,286,209,248,125,123,124,60,64,42,9,33,2,2,0
55443002,1642,814,828,637,348,289,751,379,372,163,69,94,90,17,73,1,1,0
55443003,691,353,338,333,189,144,209,104,105,106,52,54,43,8,35,0,0,0
1135810,0,0,0,0,0,0,0,0,0,0,0,0,0,0,0,0,0,0
1135900,0,0,0,0,0,0,0,0,0,0,0,0,0,0,0,0,0,0
1136890,0,0,0,0,0,0,0,0,0,0,0,0,0,0,0,0,0,0
1137510,0,0,0,0,0,0,0,0,0,0,0,0,0,0,0,0,0,0
1137940,0,0,0,0,0,0,0,0,0,0,0,0,0,0,0,0,0,0
1141540,0,0,0,0,0,0,0,0,0,0,0,0,0,0,0,0,0,0
54591101,40,23,17,28,17,11,8,4,4,2,1,1,1,1,0,0,0,0
54591102,1916,909,1007,856,455,401,589,296,293,306,124,182,156,28,128,8,6,2
54591103,1222,815,407,747,538,209,240,131,109,176,118,58,41,13,28,14,13,1
54591105,376,192,184,231,121,110,83,39,44,52,31,21,7,0,7,3,1,2
54591106,1805,854,951,881,458,423,468,236,232,301,132,169,146,23,123,8,4,4
54591107,2284,1066,1218,1021,526,495,732,363,369,369,143,226,154,28,126,6,5,1
54591110,1029,463,566,473,247,226,291,147,144,168,56,112,93,12,81,1,0,1
54591111,757,381,376,356,194,162,267,138,129,90,35,55,38,11,27,6,3,3
54591112,121,64,57,71,42,29,15,6,9,29,15,14,6,1,5,0,0,0
54591113,2559,1405,1154,1455,861,594,577,295,282,394,219,175,90,11,79,39,17,22
54591114,836,430,406,494,280,214,169,87,82,120,48,72,39,7,32,9,4,5
54591115,2583,1193,1390,1183,621,562,735,368,367,424,151,273,227,45,182,12,7,5
54591116,633,309,324,342,184,158,142,72,70,115,44,71,27,3,24,2,1,1
54591117,1060,543,517,741,388,353,124,60,64,149,80,69,41,11,30,2,2,0
54591118,1952,966,986,1000,546,454,580,288,292,268,105,163,90,17,73,11,8,3
54591119,137,72,65,79,50,29,35,19,16,13,3,10,10,0,10,0,0,0
54591120,1282,584,698,543,274,269,460,225,235,186,72,114,87,10,77,4,2,2
54591122,1610,776,834,768,412,356,444,214,230,280,128,152,105,16,89,8,3,5
54591125,555,290,265,328,171,157,178,94,84,41,22,19,4,1,3,4,2,2
54591126,1851,889,962,807,435,372,634,315,319,302,125,177,97,11,86,8,2,6
54591127,3921,1861,2060,1932,1013,919,1141,562,579,558,229,329,264,41,223,19,11,8
54591128,5429,2609,2820,2394,1313,1081,1791,885,906,858,326,532,359,71,288,19,12,7
54591129,791,388,403,495,257,238,154,74,80,100,43,57,35,7,28,4,4,0
54591131,21,15,6,11,8,3,4,2,2,4,4,0,2,1,1,0,0,0
54591132,1615,817,798,1090,567,523,216,115,101,218,114,104,81,14,67,8,5,3
54591134,1470,728,742,746,390,356,421,219,202,224,100,124,67,10,57,11,9,2
55421901,290,138,152,136,65,71,125,64,61,24,8,16,4,1,3,1,0,1
55421902,39,18,21,19,10,9,15,7,8,3,1,2,2,0,2,0,0,0
55421903,32,17,15,15,8,7,14,8,6,2,1,1,1,0,1,0,0,0
55421904,1846,919,927,729,405,324,850,427,423,139,65,74,127,21,106,1,1,0
55436701,286,145,141,132,73,59,103,53,50,25,12,13,24,5,19,0,0,0
55436702,461,248,213,208,124,84,118,62,56,102,55,47,29,4,25,2,1,1
1143410,0,0,0,0,0,0,0,0,0,0,0,0,0,0,0,0,0,0
1143590,0,0,0,0,0,0,0,0,0,0,0,0,0,0,0,0,0,0
1144210,0,0,0,0,0,0,0,0,0,0,0,0,0,0,0,0,0,0
1144300,0,0,0,0,0,0,0,0,0,0,0,0,0,0,0,0,0,0
1145110,0,0,0,0,0,0,0,0,0,0,0,0,0,0,0,0,0,0
1156310,0,0,0,0,0,0,0,0,0,0,0,0,0,0,0,0,0,0
54613501,5026,2463,2563,2289,1235,1054,1770,884,886,765,298,467,188,34,154,10,8,2
54613502,2631,1284,1347,1264,686,578,857,426,431,432,154,278,71,14,57,4,4,0
54613503,4932,2395,2537,2047,1109,938,1895,945,950,784,301,483,198,38,160,6,1,5
54613504,32,20,12,13,7,6,10,7,3,8,5,3,0,0,0,1,1,0
54613505,3918,1811,2107,1592,869,723,1257,623,634,644,246,398,412,66,346,13,7,6
54613506,5676,2726,2950,2438,1349,1089,1754,896,858,967,387,580,496,80,416,15,12,3
54613507,2090,975,1115,838,463,375,718,355,363,317,113,204,206,38,168,9,6,3
54613508,3982,2385,1597,2194,1453,741,725,375,350,845,514,331,208,39,169,6,3,3
54613509,2314,1045,1269,941,495,446,809,405,404,316,105,211,240,35,205,8,5,3
54613510,2628,1268,1360,1284,688,596,732,358,374,436,186,250,170,31,139,4,3,1
54613511,691,323,368,276,135,141,268,133,135,85,41,44,57,11,46,4,2,2
54613512,4607,2149,2458,1877,1004,873,1564,778,786,742,287,455,409,76,333,9,4,5
54613513,1649,780,869,653,367,286,585,292,293,261,103,158,141,16,125,7,2,5
54613514,227,105,122,96,46,50,100,51,49,13,4,9,18,4,14,0,0,0
54613515,304,138,166,155,84,71,68,33,35,59,19,40,20,1,19,1,0,1
54613516,4472,2135,2337,1773,965,808,1603,801,802,711,299,412,371,64,307,12,6,6
54613517,5233,2544,2689,2143,1177,966,1941,969,972,769,317,452,361,72,289,14,7,7
54613518,2091,1021,1070,829,440,389,886,440,446,272,122,150,99,14,85,5,5,0
54613519,962,468,494,329,183,146,451,225,226,92,41,51,86,16,70,1,1,0
54613520,63,27,36,23,11,12,28,14,14,7,2,5,5,0,5,0,0,0
54613522,1280,655,625,568,332,236,307,162,145,313,141,172,80,12,68,10,6,4
54613523,6000,2814,3186,2422,1325,1097,1869,940,929,994,408,586,670,122,548,39,17,22
54613524,5341,2601,2740,2264,1244,1020,2050,1021,1029,711,264,447,299,62,237,15,8,7
54613526,4647,2259,2388,2276,1193,1083,1566,778,788,606,249,357,193,35,158,5,4,1
54613527,3588,1780,1808,1498,817,681,1311,655,656,553,236,317,181,41,140,41,29,12
54613528,2093,1006,1087,989,528,461,607,303,304,372,159,213,120,15,105,3,1,2
54613529,4346,2099,2247,1921,1076,845,918,466,452,1039,473,566,451,75,376,15,8,7
54613530,3444,1626,1818,1544,838,706,985,491,494,586,237,349,320,54,266,8,6,2
54613531,957,470,487,450,244,206,309,159,150,140,55,85,54,10,44,3,1,2
54613532,2903,1298,1605,1200,637,563,892,440,452,471,162,309,328,51,277,8,7,1
54613533,1672,814,858,723,399,324,615,312,303,185,77,108,143,23,120,6,3,3
54613534,1668,804,864,797,416,381,541,269,272,269,103,166,57,13,44,3,3,0
54613535,1092,521,571,516,265,251,360,180,180,172,66,106,38,6,32,2,2,0
54613536,4312,2042,2270,1967,1029,938,1526,756,770,652,224,428,150,26,124,12,5,7
55430801,3096,1504,1592,1247,684,563,1271,633,638,327,148,179,240,34,206,6,1,5
55430802,44,23,21,18,11,7,24,12,12,1,0,1,1,0,1,0,0,0
55472301,354,169,185,148,74,74,168,84,84,25,8,17,11,2,9,2,1,1
55472302,783,398,385,310,179,131,361,182,179,66,27,39,42,7,35,4,3,1
55472303,359,174,185,132,67,65,170,86,84,41,19,22,16,2,14,0,0,0
55458801,672,322,350,270,139,131,309,152,157,61,25,36,31,5,26,1,1,0
55458802,78,50,28,48,38,10,20,10,10,4,1,3,5,0,5,1,1,0
55458804,4148,2066,2082,1592,878,714,1911,963,948,345,169,176,293,51,242,6,4,2
1152740,0,0,0,0,0,0,0,0,0,0,0,0,0,0,0,0,0,0
1153210,0,0,0,0,0,0,0,0,0,0,0,0,0,0,0,0,0,0
1155410,0,0,0,0,0,0,0,0,0,0,0,0,0,0,0,0,0,0
54622401,1376,949,427,762,565,197,272,140,132,299,234,65,39,7,32,4,3,1
54622402,2690,1223,1467,1090,611,479,818,400,418,456,162,294,312,43,269,7,3,4
54622403,2697,1265,1432,1300,707,593,732,361,371,438,168,270,216,26,190,7,3,4
54622404,2712,1237,1475,1155,613,542,865,431,434,431,149,282,251,36,215,10,8,2
54622405,3448,1650,1798,1674,896,778,957,478,479,557,229,328,244,40,204,13,5,8
54622406,1256,615,641,433,240,193,618,310,308,98,48,50,104,16,88,3,1,2
54622407,2876,1357,1519,1385,719,666,774,385,389,479,206,273,222,40,182,10,5,5
54622408,672,328,344,267,153,114,274,133,141,60,23,37,69,18,51,2,1,1
54622409,3274,1464,1810,1342,697,645,1116,557,559,492,165,327,312,41,271,10,4,6
54622411,1873,894,979,862,479,383,534,262,272,315,125,190,151,21,130,10,6,4
54622412,2917,1389,1528,1337,739,598,859,421,438,485,192,293,226,33,193,9,3,6
54622413,3852,1799,2053,1566,863,703,1330,661,669,561,211,350,375,56,319,17,8,9
54622414,8272,3811,4461,3316,1780,1536,2999,1496,1503,1146,391,755,780,128,652,23,13,10
54622415,8800,4064,4736,3459,1856,1603,3234,1597,1637,1295,464,831,777,125,652,27,18,9
54622416,1878,905,973,780,425,355,727,366,361,236,92,144,127,19,108,8,3,5
54622417,1856,911,945,1031,559,472,325,161,164,371,162,209,120,25,95,6,2,4
54622418,4931,2288,2643,2113,1126,987,1585,782,803,729,286,443,481,84,397,20,9,11
54622419,2673,1202,1471,1067,562,505,820,408,412,457,173,284,321,53,268,6,4,2
54622420,354,80,274,12,6,6,44,26,18,45,14,31,247,32,215,6,2,4
54622421,422,272,150,276,196,80,70,38,32,18,7,11,15,3,12,43,28,15
54622422,3110,1450,1660,1310,724,586,1023,512,511,436,159,277,325,50,275,10,5,5
3055290,0,0,0,0,0,0,0,0,0,0,0,0,0,0,0,0,0,0
55437501,1204,605,599,463,262,201,570,282,288,81,42,39,83,14,69,4,4,0
55424301,1312,641,671,535,275,260,564,278,286,129,68,61,82,19,63,2,1,1
1150450,0,0,0,0,0,0,0,0,0,0,0,0,0,0,0,0,0,0
1150610,0,0,0,0,0,0,0,0,0,0,0,0,0,0,0,0,0,0
3199700,0,0,0,0,0,0,0,0,0,0,0,0,0,0,0,0,0,0
55453701,876,422,454,310,162,148,386,191,195,94,48,46,81,18,63,5,3,2
55453702,83,45,38,32,21,11,37,18,19,12,6,6,2,0,2,0,0,0
55453703,400,207,193,154,81,73,179,91,88,45,28,17,22,7,15,0,0,0
55453704,648,320,328,255,135,120,287,145,142,71,31,40,31,7,24,3,2,1
55453706,23,14,9,13,8,5,8,5,3,2,1,1,0,0,0,0,0,0
55453707,1492,735,757,593,329,264,594,299,295,179,90,89,122,15,107,3,2,1
55453708,1306,663,643,545,303,242,531,266,265,146,72,74,77,17,60,6,5,1
55453710,268,136,132,120,65,55,83,41,42,41,25,16,22,5,17,0,0,0
55453711,314,151,163,157,83,74,114,57,57,18,8,10,25,3,22,0,0,0
55453712,484,243,241,208,110,98,149,78,71,83,43,40,38,6,32,3,3,0
55453713,295,133,162,124,57,67,116,59,57,34,14,20,19,3,16,2,0,2
1146770,0,0,0,0,0,0,0,0,0,0,0,0,0,0,0,0,0,0
1146850,0,0,0,0,0,0,0,0,0,0,0,0,0,0,0,0,0,0
1147740,0,0,0,0,0,0,0,0,0,0,0,0,0,0,0,0,0,0
1148120,0,0,0,0,0,0,0,0,0,0,0,0,0,0,0,0,0,0
1148390,0,0,0,0,0,0,0,0,0,0,0,0,0,0,0,0,0,0
1148630,0,0,0,0,0,0,0,0,0,0,0,0,0,0,0,0,0,0
1148710,0,0,0,0,0,0,0,0,0,0,0,0,0,0,0,0,0,0
1148980,0,0,0,0,0,0,0,0,0,0,0,0,0,0,0,0,0,0
1149010,0,0,0,0,0,0,0,0,0,0,0,0,0,0,0,0,0,0
1149950,0,0,0,0,0,0,0,0,0,0,0,0,0,0,0,0,0,0
3054810,0,0,0,0,0,0,0,0,0,0,0,0,0,0,0,0,0,0
54604601,252,119,133,86,44,42,131,65,66,10,4,6,24,6,18,1,0,1
54604602,724,353,371,275,156,119,308,153,155,84,38,46,56,6,50,1,0,1
54604603,1951,944,1007,882,463,419,737,368,369,200,84,116,123,26,97,2,0,2
54604604,90,50,40,33,20,13,47,24,23,7,5,2,2,1,1,1,0,1
54604605,245,123,122,107,56,51,107,53,54,26,12,14,4,1,3,1,1,0
54604606,1037,497,540,616,310,306,236,121,115,124,56,68,58,8,50,1,0,1
54604607,3181,1554,1627,1364,744,620,1265,629,636,338,140,198,207,35,172,7,6,1
54604609,484,247,237,246,137,109,167,84,83,50,22,28,21,4,17,0,0,0
54604610,504,244,260,229,121,108,152,76,76,88,43,45,34,3,31,1,1,0
54604611,1616,890,726,885,503,382,420,211,209,255,155,100,46,13,33,6,4,2
54604612,272,137,135,125,69,56,99,49,50,32,16,16,15,3,12,1,0,1
54604613,585,284,301,227,116,111,248,127,121,62,30,32,47,11,36,1,0,1
54604614,1391,672,719,608,328,280,451,232,219,200,88,112,117,17,100,15,7,8
54604615,25,13,12,10,4,6,8,5,3,6,4,2,1,0,1,0,0,0
54604616,1451,613,838,640,338,302,329,167,162,204,64,140,265,38,227,11,4,7
54604617,194,100,94,124,68,56,36,20,16,28,11,17,6,1,5,0,0,0
54604618,186,98,88,89,52,37,56,28,28,31,17,14,9,0,9,1,1,0
54604619,846,419,427,399,224,175,235,118,117,141,59,82,68,16,52,3,2,1
54604620,256,118,138,115,49,66,97,50,47,26,17,9,17,2,15,1,0,1
54604621,43,20,23,20,9,11,14,7,7,8,3,5,1,1,0,0,0,0
54604622,90,53,37,69,38,31,12,7,5,7,7,0,2,1,1,0,0,0
54604623,786,784,2,591,589,2,41,41,0,117,117,0,0,0,0,37,37,0
54604624,965,509,456,617,342,275,223,113,110,84,40,44,38,13,25,3,1,2
54604625,428,213,215,301,159,142,58,28,30,47,20,27,19,4,15,3,2,1
54604626,264,127,137,82,39,43,147,75,72,18,7,11,17,6,11,0,0,0
54604628,787,375,412,315,159,156,365,184,181,60,26,34,46,5,41,1,1,0
54604629,297,146,151,114,65,49,127,63,64,29,14,15,26,4,22,1,0,1
54604630,1069,553,516,664,360,304,183,90,93,165,85,80,54,17,37,3,1,2
54604631,185,93,92,74,40,34,73,41,32,24,10,14,14,2,12,0,0,0
54604632,276,139,137,126,68,58,98,49,49,37,19,18,14,3,11,1,0,1
54604636,51,20,31,18,4,14,21,10,11,7,4,3,3,0,3,0,0,0
54604637,129,66,63,59,33,26,41,21,20,19,8,11,9,4,5,1,0,1
54604638,57,42,15,34,25,9,12,8,4,10,8,2,1,1,0,0,0,0
54604639,559,305,254,227,137,90,244,127,117,45,27,18,39,11,28,4,3,1
54604640,99,64,35,35,27,8,35,19,16,24,18,6,5,0,5,0,0,0
55423501,3958,1959,1999,1571,861,710,1832,916,916,293,134,159,253,44,209,8,4,4
55423502,22,11,11,12,7,5,8,4,4,2,0,2,0,0,0,0,0,0
1154790,0,0,0,0,0,0,0,0,0,0,0,0,0,0,0,0,0,0
55468501,150,81,69,83,52,31,29,15,14,23,13,10,15,1,14,0,0,0
55468502,564,279,285,213,114,99,242,121,121,67,34,33,40,9,31,2,1,1
55468504,90,36,54,37,13,24,36,18,18,11,4,7,6,1,5,0,0,0
55468505,194,102,92,83,45,38,82,42,40,19,12,7,10,3,7,0,0,0
55468506,125,62,63,43,23,20,59,31,28,15,7,8,8,1,7,0,0,0
55468509,3134,1537,1597,1177,655,522,1363,684,679,340,151,189,248,46,202,6,1,5
1154440,0,0,0,0,0,0,0,0,0,0,0,0,0,0,0,0,0,0
55471501,1828,883,945,664,349,315,852,425,427,155,72,83,152,34,118,5,3,2
1140570,0,0,0,0,0,0,0,0,0,0,0,0,0,0,0,0,0,0
1140650,0,0,0,0,0,0,0,0,0,0,0,0,0,0,0,0,0,0
55422701,3041,1558,1483,1871,1018,853,596,308,288,415,206,209,143,19,124,16,7,9
55422702,340,108,232,101,52,49,37,22,15,37,10,27,160,22,138,2,2,0
55422704,980,481,499,441,237,204,313,158,155,158,75,83,68,11,57,0,0,0
55422706,1692,914,778,930,546,384,373,193,180,304,156,148,75,14,61,7,3,4
55422709,55,30,25,32,17,15,15,8,7,7,4,3,1,1,0,0,0,0
55422710,250,126,124,150,83,67,44,22,22,46,18,28,9,2,7,1,1,0
55422711,1269,631,638,577,331,246,366,183,183,191,90,101,130,23,107,4,3,1
55422712,26,15,11,10,6,4,3,2,1,6,3,3,4,1,3,3,3,0
59873901,343,166,177,147,82,65,132,65,67,31,13,18,31,5,26,2,1,1
59873902,74,38,36,26,14,12,42,21,21,3,2,1,3,1,2,0,0,0
59873903,2336,1183,1153,896,522,374,1106,554,552,167,77,90,162,27,135,5,3,2
59879801,1075,536,539,398,218,180,521,260,261,82,39,43,71,16,55,2,2,0
59879802,859,421,438,329,179,150,384,193,191,83,37,46,62,11,51,1,1,0
59879803,589,311,278,226,142,84,266,131,135,58,26,32,37,10,27,0,0,0
59879804,3755,1859,1896,1387,776,611,1742,872,870,330,155,175,287,51,236,7,5,2
59883601,2026,1012,1014,753,412,341,997,497,500,144,75,69,123,21,102,6,4,2
3250910,0,0,0,0,0,0,0,0,0,0,0,0,0,0,0,0,0,0
51088201,1989,973,1016,791,408,383,927,463,464,146,74,72,120,24,96,3,2,1
59887901,1717,836,881,706,367,339,764,383,381,160,71,89,80,12,68,4,2,2
59887902,797,393,404,334,167,167,358,181,177,65,32,33,37,10,27,3,3,0
59887903,4747,2323,2424,1931,1084,847,1836,916,920,559,243,316,408,74,334,12,5,7
50029101,68,35,33,31,20,11,27,14,13,6,1,5,4,0,4,0,0,0
50029102,666,320,346,242,127,115,334,166,168,44,18,26,45,9,36,1,0,1
50029103,1997,1012,985,751,430,321,962,474,488,173,84,89,109,23,86,2,1,1
56844901,579,295,284,250,141,109,251,126,125,43,20,23,35,8,27,0,0,0
56844902,56,27,29,21,10,11,27,13,14,7,4,3,1,0,1,0,0,0
