kod_nadzsj_d,Obyvatelstvo - věk: 15 a více - celkem,Obyvatelstvo - věk: 15 a více - muži,Obyvatelstvo - věk: 15 a více - ženy,"Obyvatelstvo - věk: 15 a více - nejvyšší dosažené vzdělání: bez vzdělání, neúplné vzdělání, základní vzdělání - celkem","Obyvatelstvo - věk: 15 a více - nejvyšší dosažené vzdělání: bez vzdělání, neúplné vzdělání, základní vzdělání - muži","Obyvatelstvo - věk: 15 a více - nejvyšší dosažené vzdělání: bez vzdělání, neúplné vzdělání, základní vzdělání - ženy",Obyvatelstvo - věk: 15 a více - nejvyšší dosažené vzdělání: - střední vč. vyučení bez maturity - celkem,Obyvatelstvo - věk: 15 a více - nejvyšší dosažené vzdělání: - střední vč. vyučení bez maturity - muži,Obyvatelstvo - věk: 15 a více - nejvyšší dosažené vzdělání: - střední vč. vyučení bez maturity - ženy,Obyvatelstvo - věk: 15 a více - nejvyšší dosažené vzdělání: - střední s maturitou vč. nástavbového a pomaturitního - celkem,Obyvatelstvo - věk: 15 a více - nejvyšší dosažené vzdělání: - střední s maturitou vč. nástavbového a pomaturitního - muži,Obyvatelstvo - věk: 15 a více - nejvyšší dosažené vzdělání: - střední s maturitou vč. nástavbového a pomaturitního - ženy,Obyvatelstvo - věk: 15 a více - nejvyšší dosažené vzdělání: VOŠ a konzervatoř - celkem,Obyvatelstvo - věk: 15 a více - nejvyšší dosažené vzdělání: VOŠ a konzervatoř - muži,Obyvatelstvo - věk: 15 a více - nejvyšší dosažené vzdělání: VOŠ a konzervatoř - ženy,Obyvatelstvo - věk: 15 a více - nejvyšší dosažené vzdělání:  vysokoškolské - celkem,Obyvatelstvo - věk: 15 a více - nejvyšší dosažené vzdělání:  vysokoškolské - muži,Obyvatelstvo - věk: 15 a více - nejvyšší dosažené vzdělání:  vysokoškolské- ženy,Obyvatelstvo - věk: 15 a více - nejvyšší dosažené vzdělání: nezjištěno - celkem,Obyvatelstvo - věk: 15 a více - nejvyšší dosažené vzdělání: nezjištěno - muži,Obyvatelstvo - věk: 15 a více - nejvyšší dosažené vzdělání: nezjištěno - ženy
1270600,0,0,0,0,0,0,0,0,0,0,0,0,0,0,0,0,0,0,0,0,0
1271590,0,0,0,0,0,0,0,0,0,0,0,0,0,0,0,0,0,0,0,0,0
3182130,0,0,0,0,0,0,0,0,0,0,0,0,0,0,0,0,0,0,0,0,0
3182640,0,0,0,0,0,0,0,0,0,0,0,0,0,0,0,0,0,0,0,0,0
50005401,848,421,427,52,20,32,73,44,29,266,123,143,14,7,7,353,169,184,90,58,32
50005402,1677,868,809,94,44,50,164,83,81,508,256,252,39,16,23,644,322,322,228,147,81
50005403,1542,809,733,96,45,51,185,108,77,496,256,240,56,25,31,527,261,266,182,114,68
50005404,2416,1266,1150,152,78,74,264,148,116,755,372,383,43,21,22,935,469,466,267,178,89
50005405,2065,1001,1064,136,74,62,178,106,72,592,269,323,61,28,33,927,426,501,171,98,73
50005407,2795,1392,1403,204,100,104,307,177,130,891,414,477,89,38,51,1099,536,563,205,127,78
50005408,3969,2162,1807,262,132,130,444,276,168,1232,633,599,87,38,49,1382,709,673,562,374,188
50005409,1473,773,700,85,44,41,180,98,82,485,255,230,37,21,16,548,276,272,138,79,59
50005411,1195,544,651,70,33,37,106,48,58,309,140,169,38,14,24,577,261,316,95,48,47
50005412,1835,932,903,116,60,56,194,123,71,532,228,304,53,32,21,787,402,385,153,87,66
50005413,25,14,11,3,3,0,5,2,3,7,5,2,0,0,0,9,4,5,1,0,1
50005414,80,48,32,7,5,2,6,4,2,15,7,8,0,0,0,48,31,17,4,1,3
50005416,501,276,225,48,25,23,53,37,16,140,72,68,17,11,6,221,115,106,22,16,6
1318060,0,0,0,0,0,0,0,0,0,0,0,0,0,0,0,0,0,0,0,0,0
1318570,0,0,0,0,0,0,0,0,0,0,0,0,0,0,0,0,0,0,0,0,0
1324620,0,0,0,0,0,0,0,0,0,0,0,0,0,0,0,0,0,0,0,0,0
1324710,0,0,0,0,0,0,0,0,0,0,0,0,0,0,0,0,0,0,0,0,0
3174620,0,0,0,0,0,0,0,0,0,0,0,0,0,0,0,0,0,0,0,0,0
3183960,0,0,0,0,0,0,0,0,0,0,0,0,0,0,0,0,0,0,0,0,0
50022401,42,6,36,4,0,4,2,0,2,20,3,17,0,0,0,13,3,10,3,0,3
50022402,1747,850,897,92,55,37,143,81,62,457,211,246,47,22,25,900,422,478,108,59,49
50022404,881,429,452,42,20,22,68,30,38,280,125,155,26,9,17,431,223,208,34,22,12
50022405,458,219,239,27,15,12,45,23,22,161,84,77,12,0,12,183,82,101,30,15,15
50022406,810,368,442,71,26,45,129,67,62,266,100,166,22,10,12,282,144,138,40,21,19
50022407,256,131,125,8,6,2,11,8,3,52,23,29,8,5,3,151,76,75,26,13,13
50022408,5046,2442,2604,341,146,195,841,453,388,1509,705,804,117,41,76,1902,905,997,336,192,144
50022409,88,50,38,11,7,4,12,7,5,26,16,10,5,2,3,30,16,14,4,2,2
50022410,281,136,145,27,13,14,40,23,17,114,58,56,3,2,1,86,36,50,11,4,7
50022411,3793,1744,2049,268,120,148,623,309,314,1252,540,712,76,34,42,1367,641,726,207,100,107
50022413,4563,2103,2460,333,149,184,838,406,432,1576,708,868,87,28,59,1539,721,818,190,91,99
50022414,2780,1606,1174,201,115,86,470,268,202,717,340,377,27,14,13,586,298,288,779,571,208
50022415,3348,1551,1797,224,99,125,498,248,250,1054,468,586,78,29,49,1281,591,690,213,116,97
50022416,4280,2042,2238,322,144,178,807,433,374,1440,651,789,91,44,47,1354,626,728,266,144,122
50022417,1960,892,1068,152,63,89,389,199,190,689,292,397,32,12,20,597,276,321,101,50,51
50022418,2476,1225,1251,158,81,77,283,148,135,734,371,363,81,30,51,1058,499,559,162,96,66
50022419,3228,1525,1703,187,87,100,426,213,213,905,415,490,85,29,56,1433,668,765,192,113,79
50022421,27,22,5,3,3,0,9,6,3,10,8,2,0,0,0,2,2,0,3,3,0
50022422,2389,1097,1292,183,78,105,462,251,211,866,357,509,51,19,32,742,358,384,85,34,51
50022424,131,73,58,46,20,26,44,29,15,24,14,10,1,0,1,10,6,4,6,4,2
50022425,217,105,112,25,9,16,50,34,16,90,37,53,6,1,5,39,20,19,7,4,3
50022426,1045,499,546,56,27,29,76,41,35,287,120,167,21,8,13,527,259,268,78,44,34
50022427,3826,1801,2025,301,132,169,697,369,328,1289,565,724,82,43,39,1270,590,680,187,102,85
50022428,2505,1180,1325,182,79,103,387,203,184,829,340,489,55,26,29,912,442,470,140,90,50
50022429,1248,549,699,113,45,68,235,128,107,472,189,283,29,7,22,355,157,198,44,23,21
50022430,3209,1489,1720,249,119,130,541,269,272,1096,464,632,76,34,42,1142,548,594,105,55,50
50022431,925,404,521,85,33,52,184,96,88,324,125,199,21,8,13,276,123,153,35,19,16
50022432,3554,1670,1884,290,132,158,683,364,319,1205,542,663,83,31,52,1087,487,600,206,114,92
50022433,2010,945,1065,202,87,115,426,223,203,688,310,378,53,24,29,540,247,293,101,54,47
50022434,3961,1868,2093,295,145,150,736,391,345,1346,584,762,98,36,62,1261,586,675,225,126,99
50022436,991,467,524,75,33,42,231,128,103,342,143,199,17,7,10,292,141,151,34,15,19
50022437,3499,1624,1875,288,124,164,711,362,349,1278,569,709,79,25,54,998,471,527,145,73,72
50022438,1752,817,935,137,61,76,250,130,120,603,276,327,39,17,22,683,311,372,40,22,18
50022439,158,123,35,33,19,14,58,48,10,40,35,5,6,4,2,5,2,3,16,15,1
50022440,6536,2905,3631,513,224,289,1391,685,706,2399,1025,1374,140,40,100,1835,812,1023,258,119,139
50022441,496,214,282,89,37,52,116,59,57,179,70,109,12,4,8,89,38,51,11,6,5
50022442,2331,1019,1312,215,68,147,410,206,204,750,301,449,48,17,31,810,383,427,98,44,54
50022443,105,72,33,37,23,14,45,34,11,17,9,8,0,0,0,2,2,0,4,4,0
50022444,1693,833,860,131,69,62,180,110,70,515,246,269,40,18,22,704,318,386,123,72,51
50022445,3866,1792,2074,316,148,168,825,423,402,1419,583,836,94,32,62,973,464,509,239,142,97
50022446,65,38,27,15,9,6,10,6,4,17,9,8,4,1,3,12,6,6,7,7,0
50022447,3873,1844,2029,321,151,170,737,398,339,1364,593,771,96,39,57,1175,568,607,180,95,85
50022448,4619,2273,2346,383,172,211,843,485,358,1551,710,841,117,46,71,1447,689,758,278,171,107
50022449,101,44,57,17,6,11,24,10,14,41,20,21,2,1,1,16,6,10,1,1,0
50022450,2040,895,1145,166,63,103,399,202,197,745,298,447,49,16,33,611,275,336,70,41,29
50022451,2826,1313,1513,248,106,142,601,296,305,1033,452,581,67,35,32,733,335,398,144,89,55
50022452,518,261,257,32,17,15,73,42,31,180,83,97,5,1,4,160,74,86,68,44,24
50022453,1596,737,859,102,42,60,274,155,119,537,221,316,40,14,26,577,269,308,66,36,30
50022454,48,26,22,18,8,10,17,11,6,5,3,2,1,1,0,3,2,1,4,1,3
50022455,183,96,87,31,15,16,62,36,26,54,27,27,3,1,2,25,13,12,8,4,4
1282440,0,0,0,0,0,0,0,0,0,0,0,0,0,0,0,0,0,0,0,0,0
3157700,0,0,0,0,0,0,0,0,0,0,0,0,0,0,0,0,0,0,0,0,0
54703402,2239,1101,1138,177,77,100,343,206,137,813,369,444,56,24,32,746,356,390,104,69,35
54703403,898,402,496,87,40,47,210,104,106,306,122,184,17,6,11,216,97,119,62,33,29
54703404,4445,2044,2401,395,177,218,1064,528,536,1600,645,955,98,40,58,1082,543,539,206,111,95
54703405,1588,774,814,159,70,89,343,197,146,557,255,302,39,12,27,450,216,234,40,24,16
54703407,6511,2932,3579,658,280,378,1622,816,806,2352,923,1429,149,64,85,1425,678,747,305,171,134
54703408,4215,1945,2270,391,146,245,1105,581,524,1494,601,893,57,23,34,1000,505,495,168,89,79
54703409,4815,2290,2525,357,158,199,1107,605,502,1767,740,1027,82,31,51,1304,644,660,198,112,86
54703410,4742,2246,2496,336,162,174,858,451,407,1687,705,982,91,32,59,1589,792,797,181,104,77
54703411,94,44,50,9,1,8,15,7,8,32,17,15,4,1,3,34,18,16,0,0,0
54703412,309,214,95,2,0,2,2,2,0,9,4,5,2,1,1,6,3,3,288,204,84
54703413,5176,2418,2758,503,212,291,1032,568,464,1882,767,1115,129,49,80,1362,668,694,268,154,114
54703414,2539,1248,1291,184,99,85,351,173,178,847,363,484,61,22,39,894,457,437,202,134,68
54703415,3593,1641,1952,326,133,193,889,475,414,1290,504,786,66,24,42,839,416,423,183,89,94
54703417,1535,670,865,208,71,137,335,173,162,531,208,323,35,13,22,395,192,203,31,13,18
54703418,4652,2364,2288,414,182,232,1149,650,499,1432,625,807,72,34,38,984,453,531,601,420,181
54703419,1458,703,755,74,32,42,83,49,34,425,202,223,43,13,30,787,383,404,46,24,22
54703420,4253,1982,2271,417,176,241,1026,541,485,1542,649,893,93,38,55,990,472,518,185,106,79
54703421,5321,2525,2796,480,201,279,1144,639,505,1902,786,1116,94,37,57,1463,730,733,238,132,106
54703422,3010,1322,1688,264,97,167,705,342,363,1071,412,659,62,29,33,795,376,419,113,66,47
1284490,0,0,0,0,0,0,0,0,0,0,0,0,0,0,0,0,0,0,0,0,0
1284570,0,0,0,0,0,0,0,0,0,0,0,0,0,0,0,0,0,0,0,0,0
1284730,0,0,0,0,0,0,0,0,0,0,0,0,0,0,0,0,0,0,0,0,0
1285380,0,0,0,0,0,0,0,0,0,0,0,0,0,0,0,0,0,0,0,0,0
1285540,0,0,0,0,0,0,0,0,0,0,0,0,0,0,0,0,0,0,0,0,0
1285970,0,0,0,0,0,0,0,0,0,0,0,0,0,0,0,0,0,0,0,0,0
3158000,0,0,0,0,0,0,0,0,0,0,0,0,0,0,0,0,0,0,0,0,0
3158420,0,0,0,0,0,0,0,0,0,0,0,0,0,0,0,0,0,0,0,0,0
3161720,0,0,0,0,0,0,0,0,0,0,0,0,0,0,0,0,0,0,0,0,0
3162700,0,0,0,0,0,0,0,0,0,0,0,0,0,0,0,0,0,0,0,0,0
3162880,0,0,0,0,0,0,0,0,0,0,0,0,0,0,0,0,0,0,0,0,0
3163180,0,0,0,0,0,0,0,0,0,0,0,0,0,0,0,0,0,0,0,0,0
3298270,0,0,0,0,0,0,0,0,0,0,0,0,0,0,0,0,0,0,0,0,0
54710701,57,28,29,10,3,7,14,9,5,21,10,11,0,0,0,12,6,6,0,0,0
54710702,19,11,8,2,0,2,8,7,1,3,1,2,1,0,1,5,3,2,0,0,0
54710703,768,389,379,86,42,44,162,96,66,251,123,128,20,8,12,225,104,121,24,16,8
54710707,715,334,381,78,33,45,186,102,84,242,101,141,11,5,6,171,80,91,27,13,14
54710708,4010,1842,2168,341,138,203,990,499,491,1467,596,871,78,30,48,975,496,479,159,83,76
54710710,2758,1262,1496,285,123,162,760,376,384,930,400,530,50,20,30,632,287,345,101,56,45
54710711,4189,1920,2269,391,173,218,1013,516,497,1501,633,868,81,28,53,1007,483,524,196,87,109
54710712,832,398,434,70,33,37,161,82,79,325,136,189,18,9,9,227,118,109,31,20,11
54710713,4536,2093,2443,427,178,249,975,522,453,1666,677,989,96,47,49,1177,558,619,195,111,84
54710714,23,12,11,4,2,2,9,7,2,9,2,7,0,0,0,0,0,0,1,1,0
54710715,903,444,459,26,12,14,49,28,21,236,109,127,35,16,19,526,259,267,31,20,11
54710716,417,199,218,43,15,28,82,53,29,146,61,85,9,1,8,133,66,67,4,3,1
54710717,1703,789,914,137,58,79,310,154,156,619,252,367,30,10,20,561,291,270,46,24,22
54710718,3644,1765,1879,278,126,152,719,412,307,1285,567,718,85,34,51,1092,516,576,185,110,75
54710719,272,133,139,20,9,11,48,31,17,97,43,54,8,2,6,93,44,49,6,4,2
54710720,116,56,60,2,2,0,7,2,5,32,15,17,2,1,1,69,34,35,4,2,2
54710721,421,208,213,66,28,38,107,63,44,120,57,63,4,2,2,119,57,62,5,1,4
54710722,118,58,60,11,6,5,25,17,8,36,18,18,2,1,1,41,15,26,3,1,2
54710723,4039,1905,2134,307,147,160,753,428,325,1448,603,845,83,25,58,1235,581,654,213,121,92
54710724,2248,1273,975,187,102,85,408,254,154,592,282,310,51,17,34,567,277,290,443,341,102
54710725,4734,2237,2497,453,195,258,1129,647,482,1604,639,965,93,32,61,1220,590,630,235,134,101
54710726,4220,2074,2146,358,156,202,952,509,443,1470,632,838,108,48,60,1022,516,506,310,213,97
54710728,576,300,276,25,16,9,49,29,20,166,88,78,13,5,8,266,124,142,57,38,19
54710729,2279,1064,1215,184,82,102,345,195,150,751,327,424,46,19,27,861,387,474,92,54,38
54710730,528,274,254,17,12,5,24,14,10,153,82,71,10,6,4,309,151,158,15,9,6
54710731,1668,816,852,145,68,77,319,184,135,571,248,323,41,19,22,533,265,268,59,32,27
54710734,1531,734,797,158,70,88,383,216,167,545,233,312,30,8,22,353,175,178,62,32,30
54710735,26,16,10,3,3,0,6,5,1,13,6,7,0,0,0,3,1,2,1,1,0
3163690,0,0,0,0,0,0,0,0,0,0,0,0,0,0,0,0,0,0,0,0,0
3168650,0,0,0,0,0,0,0,0,0,0,0,0,0,0,0,0,0,0,0,0,0
3168730,0,0,0,0,0,0,0,0,0,0,0,0,0,0,0,0,0,0,0,0,0
3168810,0,0,0,0,0,0,0,0,0,0,0,0,0,0,0,0,0,0,0,0,0
3168900,0,0,0,0,0,0,0,0,0,0,0,0,0,0,0,0,0,0,0,0,0
3169030,0,0,0,0,0,0,0,0,0,0,0,0,0,0,0,0,0,0,0,0,0
3182210,0,0,0,0,0,0,0,0,0,0,0,0,0,0,0,0,0,0,0,0,0
3183700,0,0,0,0,0,0,0,0,0,0,0,0,0,0,0,0,0,0,0,0,0
3205520,0,0,0,0,0,0,0,0,0,0,0,0,0,0,0,0,0,0,0,0,0
53969401,25,13,12,0,0,0,7,5,2,6,3,3,0,0,0,10,4,6,2,1,1
53969402,4248,1967,2281,342,140,202,806,394,412,1519,670,849,92,37,55,1321,642,679,168,84,84
53969403,84,38,46,5,2,3,2,1,1,17,4,13,1,0,1,59,31,28,0,0,0
53969404,4504,2265,2239,424,211,213,531,291,240,1210,575,635,117,43,74,1532,689,843,690,456,234
53969405,5131,2430,2701,336,142,194,901,495,406,1834,787,1047,129,54,75,1704,813,891,227,139,88
53969406,2233,1085,1148,153,79,74,185,96,89,640,308,332,64,25,39,1061,504,557,130,73,57
53969407,1545,729,816,56,29,27,82,40,42,388,194,194,36,11,25,876,404,472,107,51,56
53969408,3793,1744,2049,342,155,187,943,515,428,1333,538,795,74,26,48,947,430,517,154,80,74
53969410,280,145,135,24,13,11,48,26,22,112,60,52,3,3,0,89,40,49,4,3,1
53969411,381,317,64,24,18,6,51,38,13,44,34,10,12,11,1,22,11,11,228,205,23
53969412,3843,1808,2035,309,169,140,614,335,279,1278,521,757,90,27,63,1361,640,721,191,116,75
53969413,8496,3999,4497,785,363,422,1556,843,713,2915,1245,1670,208,77,131,2593,1211,1382,439,260,179
53969414,515,236,279,18,7,11,39,21,18,139,58,81,19,7,12,289,139,150,11,4,7
53969415,121,61,60,11,10,1,6,2,4,23,10,13,4,2,2,77,37,40,0,0,0
53969416,1898,936,962,179,89,90,426,260,166,583,251,332,34,15,19,616,290,326,60,31,29
53969417,906,450,456,92,41,51,163,89,74,297,144,153,18,7,11,307,151,156,29,18,11
53969419,5145,2428,2717,425,184,241,1025,557,468,1877,810,1067,113,33,80,1531,742,789,174,102,72
53969420,4070,1997,2073,325,170,155,532,284,248,1401,662,739,106,45,61,1459,697,762,247,139,108
53969421,2411,1180,1231,173,86,87,213,135,78,712,326,386,84,30,54,1084,514,570,145,89,56
53969422,479,232,247,54,30,24,93,47,46,163,72,91,8,4,4,143,70,73,18,9,9
53969423,115,58,57,8,3,5,21,13,8,44,20,24,3,2,1,34,18,16,5,2,3
53969424,371,184,187,40,15,25,124,75,49,101,40,61,7,3,4,85,43,42,14,8,6
53969425,24,11,13,2,2,0,4,3,1,14,5,9,0,0,0,3,1,2,1,0,1
53969426,37,30,7,2,1,1,8,5,3,12,11,1,7,5,2,8,8,0,0,0,0
1316610,0,0,0,0,0,0,0,0,0,0,0,0,0,0,0,0,0,0,0,0,0
1316950,0,0,0,0,0,0,0,0,0,0,0,0,0,0,0,0,0,0,0,0,0
3065250,0,0,0,0,0,0,0,0,0,0,0,0,0,0,0,0,0,0,0,0,0
3170120,0,0,0,0,0,0,0,0,0,0,0,0,0,0,0,0,0,0,0,0,0
3170550,0,0,0,0,0,0,0,0,0,0,0,0,0,0,0,0,0,0,0,0,0
3172090,0,0,0,0,0,0,0,0,0,0,0,0,0,0,0,0,0,0,0,0,0
54736101,184,96,88,19,12,7,31,19,12,59,27,32,4,1,3,68,35,33,3,2,1
54736102,222,111,111,20,9,11,56,32,24,92,42,50,9,4,5,42,22,20,3,2,1
54736103,147,77,70,12,4,8,15,9,6,35,19,16,6,3,3,78,41,37,1,1,0
54736104,3327,1580,1747,379,161,218,825,438,387,1057,468,589,91,31,60,791,380,411,184,102,82
54736105,3249,1622,1627,284,142,142,740,382,358,1044,515,529,84,38,46,793,365,428,304,180,124
54736106,1935,966,969,146,73,73,388,207,181,665,313,352,36,17,19,578,275,303,122,81,41
54736109,121,61,60,1,1,0,7,4,3,56,25,31,5,2,3,52,29,23,0,0,0
54736110,41,24,17,2,1,1,13,8,5,23,14,9,1,1,0,2,0,2,0,0,0
54736111,5048,2473,2575,585,309,276,1040,569,471,1810,821,989,117,46,71,1231,587,644,265,141,124
54736112,3069,1407,1662,495,229,266,788,393,395,1039,450,589,61,19,42,536,239,297,150,77,73
54736113,610,314,296,69,34,35,137,75,62,210,106,104,19,7,12,121,55,66,54,37,17
54736114,5785,2752,3033,700,294,406,1338,710,628,2059,941,1118,135,61,74,1211,549,662,342,197,145
54736115,820,405,415,63,29,34,70,42,28,253,123,130,38,12,26,350,167,183,46,32,14
54736116,3869,2047,1822,441,211,230,1018,558,460,1083,512,571,61,23,38,625,302,323,641,441,200
54736117,41,23,18,8,4,4,11,6,5,12,5,7,1,1,0,3,2,1,6,5,1
54736118,2525,1250,1275,230,108,122,424,233,191,804,380,424,62,18,44,804,390,414,201,121,80
54736119,224,111,113,30,14,16,61,37,24,72,30,42,4,2,2,50,25,25,7,3,4
54736120,208,179,29,8,5,3,56,52,4,65,56,9,1,1,0,14,6,8,64,59,5
54736121,1163,573,590,116,53,63,264,160,104,462,203,259,21,7,14,253,125,128,47,25,22
54736122,1293,655,638,78,42,36,138,90,48,424,208,216,38,11,27,489,229,260,126,75,51
54736123,1872,937,935,192,101,91,460,277,183,617,276,341,35,11,24,503,226,277,65,46,19
54736124,49,44,5,0,0,0,11,10,1,5,4,1,4,3,1,0,0,0,29,27,2
54736125,1005,486,519,95,38,57,234,134,100,372,171,201,22,6,16,252,120,132,30,17,13
54736126,1855,889,966,132,56,76,281,151,130,589,288,301,53,12,41,740,349,391,60,33,27
54736127,1005,476,529,120,54,66,180,101,79,286,117,169,19,11,8,367,178,189,33,15,18
1318650,0,0,0,0,0,0,0,0,0,0,0,0,0,0,0,0,0,0,0,0,0
3060450,0,0,0,0,0,0,0,0,0,0,0,0,0,0,0,0,0,0,0,0,0
3174200,0,0,0,0,0,0,0,0,0,0,0,0,0,0,0,0,0,0,0,0,0
3183880,0,0,0,0,0,0,0,0,0,0,0,0,0,0,0,0,0,0,0,0,0
54738701,47,26,21,8,4,4,12,7,5,13,10,3,2,0,2,11,4,7,1,1,0
54738702,1626,795,831,129,52,77,358,204,154,615,278,337,27,11,16,450,226,224,47,24,23
54738703,121,63,58,15,6,9,34,17,17,36,21,15,1,0,1,26,13,13,9,6,3
54738704,60,38,22,6,3,3,24,18,6,20,11,9,0,0,0,8,4,4,2,2,0
54738705,162,98,64,19,11,8,35,25,10,58,32,26,2,0,2,18,10,8,30,20,10
54738707,3258,1521,1737,253,116,137,531,291,240,1141,503,638,79,26,53,1103,498,605,151,87,64
54738708,4338,2057,2281,314,127,187,913,493,420,1735,749,986,89,37,52,1072,527,545,215,124,91
54738709,433,217,216,49,23,26,83,45,38,177,84,93,10,5,5,96,49,47,18,11,7
54738710,1261,601,660,102,54,48,222,122,100,380,161,219,33,10,23,456,217,239,68,37,31
54738711,2928,1373,1555,234,92,142,621,337,284,1042,428,614,66,25,41,810,395,415,155,96,59
54738713,1818,891,927,93,46,47,152,88,64,531,251,280,55,17,38,868,419,449,119,70,49
54738714,4164,1979,2185,353,175,178,833,446,387,1520,657,863,113,42,71,1207,577,630,138,82,56
54738715,1452,698,754,74,32,42,134,70,64,494,247,247,59,19,40,602,279,323,89,51,38
54738716,2923,1499,1424,274,139,135,662,384,278,983,442,541,58,21,37,660,324,336,286,189,97
54738717,108,53,55,9,4,5,2,1,1,29,13,16,1,0,1,61,29,32,6,6,0
54738719,4460,2022,2438,444,204,240,1119,592,527,1571,636,935,107,37,70,1067,476,591,152,77,75
3061850,0,0,0,0,0,0,0,0,0,0,0,0,0,0,0,0,0,0,0,0,0
53960102,40,26,14,6,4,2,12,9,3,12,5,7,1,0,1,2,2,0,7,6,1
53960103,4590,2261,2329,436,206,230,950,554,396,1542,681,861,78,35,43,1339,641,698,245,144,101
53960104,19,9,10,3,1,2,6,4,2,6,0,6,0,0,0,4,4,0,0,0,0
53960106,21,8,13,8,3,5,4,2,2,3,2,1,1,0,1,2,1,1,3,0,3
53960107,159,85,74,22,9,13,59,37,22,46,18,28,0,0,0,22,13,9,10,8,2
53960108,1733,834,899,180,83,97,414,228,186,563,237,326,34,11,23,456,225,231,86,50,36
53960110,451,263,188,49,29,20,106,71,35,127,61,66,14,6,8,78,35,43,77,61,16
54717401,5138,2369,2769,471,202,269,1134,595,539,1888,806,1082,110,31,79,1325,635,690,210,100,110
54717402,41,28,13,4,1,3,19,15,4,14,10,4,1,1,0,2,0,2,1,1,0
54717403,1669,798,871,143,66,77,297,171,126,596,250,346,37,19,18,550,270,280,46,22,24
54717404,664,300,364,67,30,37,140,80,60,246,105,141,12,6,6,183,71,112,16,8,8
54717405,6111,2942,3169,617,311,306,1330,714,616,2164,932,1232,117,41,76,1416,659,757,467,285,182
54717406,437,217,220,35,15,20,20,13,7,115,44,71,9,3,6,238,132,106,20,10,10
54717407,4904,2326,2578,478,190,288,1005,544,461,1706,710,996,111,40,71,1356,701,655,248,141,107
1311720,0,0,0,0,0,0,0,0,0,0,0,0,0,0,0,0,0,0,0,0,0
1314400,0,0,0,0,0,0,0,0,0,0,0,0,0,0,0,0,0,0,0,0,0
54741701,47,22,25,4,1,3,7,2,5,14,9,5,0,0,0,18,9,9,4,1,3
54741702,234,122,112,16,10,6,13,7,6,74,40,34,5,3,2,120,58,62,6,4,2
54741703,261,118,143,18,7,11,15,7,8,88,42,46,15,3,12,97,45,52,28,14,14
54741704,9038,4342,4696,905,393,512,2146,1145,1001,3149,1423,1726,228,78,150,2130,1011,1119,480,292,188
54741705,3194,1588,1606,298,139,159,722,401,321,1097,494,603,56,17,39,792,379,413,229,158,71
54741706,3434,1694,1740,165,72,93,315,177,138,1036,517,519,131,46,85,1603,767,836,184,115,69
54741707,26,18,8,4,4,0,8,6,2,5,2,3,1,1,0,2,0,2,6,5,1
54741708,1339,630,709,98,49,49,142,76,66,421,186,235,39,14,25,538,243,295,101,62,39
54741709,109,54,55,11,4,7,17,7,10,58,28,30,0,0,0,21,13,8,2,2,0
1311990,0,0,0,0,0,0,0,0,0,0,0,0,0,0,0,0,0,0,0,0,0
3170390,0,0,0,0,0,0,0,0,0,0,0,0,0,0,0,0,0,0,0,0,0
54734401,196,92,104,15,10,5,34,16,18,78,34,44,2,1,1,58,28,30,9,3,6
54734402,706,361,345,75,31,44,150,92,58,216,98,118,15,4,11,181,90,91,69,46,23
54734404,166,83,83,7,2,5,15,7,8,52,27,25,3,0,3,83,44,39,6,3,3
54734405,18,8,10,1,0,1,5,3,2,7,3,4,0,0,0,5,2,3,0,0,0
54734406,1965,946,1019,195,84,111,386,228,158,664,273,391,46,18,28,600,297,303,74,46,28
54734407,2690,1282,1408,274,116,158,506,281,225,954,447,507,68,25,43,775,357,418,113,56,57
1272300,0,0,0,0,0,0,0,0,0,0,0,0,0,0,0,0,0,0,0,0,0
3057910,0,0,0,0,0,0,0,0,0,0,0,0,0,0,0,0,0,0,0,0,0
3058040,0,0,0,0,0,0,0,0,0,0,0,0,0,0,0,0,0,0,0,0,0
3182050,0,0,0,0,0,0,0,0,0,0,0,0,0,0,0,0,0,0,0,0,0
50008901,1427,712,715,113,55,58,172,97,75,382,186,196,39,17,22,605,288,317,116,69,47
50008902,622,331,291,29,17,12,51,23,28,176,86,90,19,8,11,271,153,118,76,44,32
50008903,2402,1157,1245,198,93,105,334,183,151,764,344,420,62,29,33,874,410,464,170,98,72
50008904,1346,690,656,104,57,47,148,86,62,454,226,228,32,16,16,509,242,267,99,63,36
50008905,2306,1140,1166,163,94,69,272,147,125,709,329,380,73,28,45,931,451,480,158,91,67
50008906,2625,1308,1317,177,74,103,296,166,130,851,412,439,78,28,50,1014,506,508,209,122,87
50008907,1689,813,876,112,61,51,263,145,118,552,257,295,51,21,30,611,271,340,100,58,42
50008908,3749,1896,1853,215,103,112,449,245,204,1071,501,570,90,37,53,1606,810,796,318,200,118
50008909,5607,2898,2709,355,192,163,690,403,287,1691,798,893,129,59,70,2115,1026,1089,627,420,207
50008910,2600,1247,1353,160,93,67,276,156,120,823,378,445,68,28,40,1084,484,600,189,108,81
50008912,3577,1776,1801,159,84,75,319,180,139,1093,522,571,78,35,43,1639,789,850,289,166,123
50008913,4134,1996,2138,230,116,114,402,225,177,1234,585,649,89,35,54,1898,881,1017,281,154,127
50008914,55,49,6,15,13,2,23,22,1,12,10,2,0,0,0,4,3,1,1,1,0
50008916,2179,1080,1099,114,50,64,186,104,82,652,313,339,53,24,29,1003,490,513,171,99,72
50008917,1770,894,876,120,64,56,176,99,77,557,255,302,50,28,22,679,344,335,188,104,84
50008918,3682,1843,1839,308,146,162,641,371,270,1199,581,618,90,34,56,1143,539,604,301,172,129
3065170,0,0,0,0,0,0,0,0,0,0,0,0,0,0,0,0,0,0,0,0,0
3170710,0,0,0,0,0,0,0,0,0,0,0,0,0,0,0,0,0,0,0,0,0
3170980,0,0,0,0,0,0,0,0,0,0,0,0,0,0,0,0,0,0,0,0,0
3172330,0,0,0,0,0,0,0,0,0,0,0,0,0,0,0,0,0,0,0,0,0
3172680,0,0,0,0,0,0,0,0,0,0,0,0,0,0,0,0,0,0,0,0,0
3249060,0,0,0,0,0,0,0,0,0,0,0,0,0,0,0,0,0,0,0,0,0
53821301,2697,1294,1403,201,93,108,479,247,232,1070,482,588,60,18,42,746,368,378,141,86,55
53821302,37,27,10,2,0,2,4,3,1,8,3,5,7,6,1,2,2,0,14,13,1
53821304,35,21,14,11,5,6,11,8,3,4,2,2,0,0,0,7,4,3,2,2,0
53821307,35,24,11,5,4,1,15,11,4,11,6,5,0,0,0,2,1,1,2,2,0
53821308,6146,3002,3144,635,288,347,1260,690,570,2222,962,1260,118,54,64,1566,786,780,345,222,123
53821309,327,199,128,19,15,4,54,38,16,103,52,51,35,25,10,58,32,26,58,37,21
53821310,252,124,128,36,19,17,53,29,24,90,38,52,5,4,1,59,28,31,9,6,3
53821311,3232,1565,1667,378,188,190,735,414,321,1086,466,620,71,29,42,818,390,428,144,78,66
53821312,70,34,36,7,2,5,10,8,2,26,10,16,1,1,0,19,11,8,7,2,5
3173220,0,0,0,0,0,0,0,0,0,0,0,0,0,0,0,0,0,0,0,0,0
53894901,30,16,14,3,2,1,6,4,2,7,3,4,0,0,0,12,6,6,2,1,1
53894902,5889,2933,2956,664,318,346,1172,679,493,1947,869,1078,86,35,51,1786,897,889,234,135,99
53894903,1844,882,962,182,70,112,388,200,188,735,335,400,43,15,28,407,210,197,89,52,37
53894904,714,334,380,72,34,38,62,30,32,222,92,130,19,2,17,305,161,144,34,15,19
3175010,0,0,0,0,0,0,0,0,0,0,0,0,0,0,0,0,0,0,0,0,0
3175510,0,0,0,0,0,0,0,0,0,0,0,0,0,0,0,0,0,0,0,0,0
3176410,0,0,0,0,0,0,0,0,0,0,0,0,0,0,0,0,0,0,0,0,0
3297540,0,0,0,0,0,0,0,0,0,0,0,0,0,0,0,0,0,0,0,0,0
53893101,543,266,277,72,33,39,111,64,47,181,81,100,10,3,7,164,81,83,5,4,1
53893103,65,32,33,18,11,7,21,11,10,20,7,13,0,0,0,3,1,2,3,2,1
53893104,1944,924,1020,94,50,44,252,141,111,665,319,346,84,32,52,765,340,425,84,42,42
53893106,66,39,27,3,1,2,15,11,4,40,22,18,0,0,0,8,5,3,0,0,0
53893107,4871,2421,2450,501,236,265,1127,627,500,1578,698,880,78,31,47,1282,641,641,305,188,117
53893109,1705,777,928,86,40,46,223,118,105,607,251,356,50,20,30,651,293,358,88,55,33
53893110,676,301,375,58,28,30,103,46,57,243,103,140,15,4,11,210,92,118,47,28,19
53893111,1039,499,540,89,51,38,107,58,49,346,159,187,35,15,20,404,182,222,58,34,24
1274000,0,0,0,0,0,0,0,0,0,0,0,0,0,0,0,0,0,0,0,0,0
50009701,26,17,9,5,3,2,9,7,2,6,3,3,0,0,0,5,4,1,1,0,1
50009702,1281,620,661,95,46,49,185,109,76,493,212,281,30,10,20,406,202,204,72,41,31
50009703,107,60,47,9,5,4,8,3,5,37,22,15,2,2,0,49,27,22,2,1,1
50009704,5165,2453,2712,348,154,194,703,378,325,1596,700,896,92,35,57,2035,947,1088,391,239,152
50009705,3146,1777,1369,275,160,115,481,304,177,824,419,405,65,32,33,796,382,414,705,480,225
50009706,48,27,21,2,1,1,8,5,3,14,9,5,0,0,0,22,11,11,2,1,1
50009707,49,36,13,13,12,1,20,15,5,9,4,5,0,0,0,6,5,1,1,0,1
50009708,2593,1209,1384,204,99,105,524,271,253,883,361,522,52,19,33,755,356,399,175,103,72
50009709,4736,2247,2489,386,199,187,966,510,456,1510,676,834,121,43,78,1371,595,776,382,224,158
50009710,2904,1290,1614,239,92,147,531,261,270,1041,410,631,63,26,37,882,423,459,148,78,70
50009711,3198,1522,1676,192,93,99,429,213,216,1015,459,556,59,23,36,1308,621,687,195,113,82
50009712,820,398,422,34,18,16,28,11,17,194,103,91,15,7,8,506,239,267,43,20,23
50009713,4753,2396,2357,360,183,177,672,403,269,1415,694,721,110,41,69,1792,839,953,404,236,168
50009714,2095,975,1120,153,55,98,312,168,144,736,320,416,47,22,25,793,377,416,54,33,21
50009715,2044,946,1098,117,49,68,325,169,156,715,318,397,41,12,29,725,333,392,121,65,56
50009716,3859,1995,1864,293,138,155,562,342,220,1234,622,612,100,49,51,1346,654,692,324,190,134
50009717,6172,3039,3133,499,241,258,1022,550,472,1818,889,929,144,61,83,2207,1039,1168,482,259,223
50009718,3710,1800,1910,315,112,203,696,379,317,1176,550,626,82,30,52,1200,590,610,241,139,102
50009719,1612,802,810,61,30,31,76,44,32,378,177,201,41,20,21,949,472,477,107,59,48
50009720,2534,1165,1369,203,92,111,396,209,187,938,397,541,62,25,37,803,371,432,132,71,61
50009721,2640,1221,1419,184,85,99,374,198,176,857,366,491,64,28,36,1017,461,556,144,83,61
50009722,3405,1624,1781,174,68,106,392,198,194,1068,482,586,69,22,47,1461,707,754,241,147,94
50009723,3281,1608,1673,181,87,94,377,197,180,978,459,519,70,29,41,1451,701,750,224,135,89
50009724,3902,1819,2083,221,103,118,508,279,229,1221,519,702,80,32,48,1600,720,880,272,166,106
50009725,844,420,424,32,18,14,31,24,7,189,101,88,20,9,11,520,240,280,52,28,24
1276710,0,0,0,0,0,0,0,0,0,0,0,0,0,0,0,0,0,0,0,0,0
1279140,0,0,0,0,0,0,0,0,0,0,0,0,0,0,0,0,0,0,0,0,0
1281040,0,0,0,0,0,0,0,0,0,0,0,0,0,0,0,0,0,0,0,0,0
3058120,0,0,0,0,0,0,0,0,0,0,0,0,0,0,0,0,0,0,0,0,0
3058470,0,0,0,0,0,0,0,0,0,0,0,0,0,0,0,0,0,0,0,0,0
3069160,0,0,0,0,0,0,0,0,0,0,0,0,0,0,0,0,0,0,0,0,0
3157960,0,0,0,0,0,0,0,0,0,0,0,0,0,0,0,0,0,0,0,0,0
3158180,0,0,0,0,0,0,0,0,0,0,0,0,0,0,0,0,0,0,0,0,0
3159150,0,0,0,0,0,0,0,0,0,0,0,0,0,0,0,0,0,0,0,0,0
3159230,0,0,0,0,0,0,0,0,0,0,0,0,0,0,0,0,0,0,0,0,0
3159310,0,0,0,0,0,0,0,0,0,0,0,0,0,0,0,0,0,0,0,0,0
3160410,0,0,0,0,0,0,0,0,0,0,0,0,0,0,0,0,0,0,0,0,0
3205100,0,0,0,0,0,0,0,0,0,0,0,0,0,0,0,0,0,0,0,0,0
3207810,0,0,0,0,0,0,0,0,0,0,0,0,0,0,0,0,0,0,0,0,0
50011901,230,115,115,14,7,7,20,13,7,60,26,34,3,1,2,124,62,62,9,6,3
50011902,2326,1129,1197,164,87,77,362,206,156,799,342,457,66,22,44,842,419,423,93,53,40
50011903,735,318,417,87,33,54,93,47,46,239,101,138,17,4,13,267,123,144,32,10,22
50011905,62,55,7,12,9,3,30,28,2,15,14,1,0,0,0,3,2,1,2,2,0
50011906,55,41,14,6,3,3,24,18,6,21,17,4,1,1,0,3,2,1,0,0,0
50011907,7265,3373,3892,566,242,324,1434,758,676,2553,1075,1478,195,84,111,2061,950,1111,456,264,192
50011908,1197,550,647,98,45,53,230,130,100,447,179,268,38,9,29,315,144,171,69,43,26
50011909,2455,1163,1292,201,109,92,277,169,108,797,348,449,53,18,35,1065,488,577,62,31,31
50011911,2284,1077,1207,209,91,118,492,271,221,812,326,486,41,19,22,661,333,328,69,37,32
50011912,209,104,105,1,1,0,9,6,3,148,72,76,2,1,1,40,20,20,9,4,5
50011913,302,143,159,24,10,14,49,29,20,110,45,65,4,1,3,108,55,53,7,3,4
50011914,1493,750,743,164,81,83,428,259,169,502,213,289,18,7,11,292,134,158,89,56,33
50011915,597,294,303,72,37,35,143,79,64,231,104,127,16,7,9,107,47,60,28,20,8
50011916,600,306,294,46,20,26,93,56,37,186,83,103,19,8,11,234,125,109,22,14,8
50011917,415,206,209,39,23,16,55,32,23,130,57,73,15,6,9,159,77,82,17,11,6
50011918,3313,1538,1775,256,111,145,625,322,303,1117,473,644,91,36,55,1083,517,566,141,79,62
50011919,49,21,28,0,0,0,1,1,0,4,2,2,0,0,0,44,18,26,0,0,0
50011920,6311,2823,3488,560,248,312,1392,721,671,2267,897,1370,141,41,100,1626,754,872,325,162,163
50011921,59,9,50,0,0,0,4,0,4,35,3,32,5,1,4,10,5,5,5,0,5
50011922,3000,1426,1574,209,95,114,544,285,259,1017,447,570,67,29,38,988,462,526,175,108,67
50011923,2261,1079,1182,200,100,100,356,197,159,771,323,448,53,27,26,816,389,427,65,43,22
50011924,1730,817,913,109,46,63,301,149,152,609,259,350,48,20,28,577,295,282,86,48,38
50011926,1399,980,419,121,85,36,222,162,60,180,108,72,13,10,3,86,45,41,777,570,207
50011927,1040,459,581,173,79,94,220,95,125,321,135,186,20,5,15,208,93,115,98,52,46
50011928,1495,732,763,131,58,73,151,74,77,567,270,297,35,13,22,561,285,276,50,32,18
50011930,2057,1011,1046,117,62,55,270,154,116,728,317,411,46,17,29,814,411,403,82,50,32
50011931,107,56,51,6,2,4,3,3,0,21,10,11,6,2,4,49,29,20,22,10,12
50011932,233,101,132,11,4,7,57,33,24,88,34,54,9,1,8,52,20,32,16,9,7
50011933,318,155,163,18,7,11,22,14,8,80,40,40,9,5,4,181,84,97,8,5,3
50011934,4547,2109,2438,320,135,185,834,402,432,1543,688,855,123,51,72,1460,690,770,267,143,124
50011936,3824,1811,2013,302,134,168,561,298,263,1204,542,662,80,35,45,1435,666,769,242,136,106
50011937,191,84,107,14,5,9,13,6,7,42,21,21,5,0,5,101,45,56,16,7,9
50011938,3946,1866,2080,286,122,164,820,450,370,1440,628,812,94,31,63,1118,540,578,188,95,93
50011941,2964,1413,1551,195,88,107,471,217,254,1062,453,609,66,35,31,1021,550,471,149,70,79
50011943,4727,2263,2464,351,177,174,808,444,364,1567,684,883,110,34,76,1612,763,849,279,161,118
50011944,3442,1565,1877,253,98,155,637,313,324,1184,497,687,78,32,46,1113,530,583,177,95,82
50011945,2140,1042,1098,153,80,73,359,199,160,701,329,372,43,12,31,756,354,402,128,68,60
50011947,90,47,43,1,1,0,1,0,1,16,6,10,0,0,0,50,23,27,22,17,5
50011948,4828,2274,2554,335,143,192,858,441,417,1596,732,864,123,36,87,1611,740,871,305,182,123
50011949,1247,1039,208,298,267,31,423,385,38,336,269,67,22,16,6,154,94,60,14,8,6
50011950,3747,1765,1982,304,140,164,594,325,269,1128,501,627,99,34,65,1397,638,759,225,127,98
50011951,5177,2513,2664,409,178,231,879,500,379,1609,763,846,123,47,76,1751,795,956,406,230,176
50011952,1971,942,1029,138,64,74,309,169,140,649,296,353,45,19,26,729,338,391,101,56,45
50011953,3989,1927,2062,284,141,143,528,291,237,1291,601,690,101,38,63,1590,741,849,195,115,80
50011954,20,11,9,3,1,2,6,6,0,4,1,3,0,0,0,6,3,3,1,0,1
50011955,2328,1070,1258,163,78,85,316,167,149,820,339,481,50,23,27,882,413,469,97,50,47
50011956,2082,1047,1035,108,54,54,189,109,80,698,329,369,50,22,28,968,501,467,69,32,37
50011957,1816,824,992,127,60,67,216,109,107,575,241,334,32,9,23,794,366,428,72,39,33
50011958,1329,605,724,102,47,55,211,106,105,463,187,276,28,12,16,463,212,251,62,41,21
50011959,35,19,16,2,0,2,4,2,2,5,4,1,2,2,0,18,9,9,4,2,2
50011960,2448,1110,1338,214,96,118,532,259,273,886,376,510,61,22,39,621,279,342,134,78,56
50011961,23,15,8,4,2,2,6,4,2,8,8,0,1,0,1,3,0,3,1,1,0
50011962,2243,1047,1196,203,75,128,548,275,273,762,350,412,58,21,37,556,263,293,116,63,53
50011963,655,316,339,57,22,35,130,73,57,242,103,139,18,10,8,192,100,92,16,8,8
50011965,100,49,51,4,3,1,16,8,8,36,20,16,2,0,2,24,13,11,18,5,13
50011966,2022,929,1093,151,77,74,369,197,172,735,289,446,38,14,24,661,317,344,68,35,33
50011967,2312,1085,1227,150,63,87,305,160,145,796,359,437,51,22,29,944,450,494,66,31,35
50011969,3263,1505,1758,264,118,146,606,325,281,1098,483,615,89,32,57,1036,445,591,170,102,68
50011970,2079,1006,1073,132,68,64,241,127,114,708,324,384,52,19,33,882,433,449,64,35,29
1287240,0,0,0,0,0,0,0,0,0,0,0,0,0,0,0,0,0,0,0,0,0
3058710,0,0,0,0,0,0,0,0,0,0,0,0,0,0,0,0,0,0,0,0,0
3058800,0,0,0,0,0,0,0,0,0,0,0,0,0,0,0,0,0,0,0,0,0
3058980,0,0,0,0,0,0,0,0,0,0,0,0,0,0,0,0,0,0,0,0,0
3059010,0,0,0,0,0,0,0,0,0,0,0,0,0,0,0,0,0,0,0,0,0
3163420,0,0,0,0,0,0,0,0,0,0,0,0,0,0,0,0,0,0,0,0,0
3207730,0,0,0,0,0,0,0,0,0,0,0,0,0,0,0,0,0,0,0,0,0
50014301,918,454,464,54,31,23,70,45,25,271,122,149,23,9,14,428,207,221,72,40,32
50014302,214,103,111,22,7,15,46,27,19,74,34,40,10,7,3,40,18,22,22,10,12
50014303,363,173,190,39,14,25,54,32,22,140,61,79,6,4,2,116,59,57,8,3,5
50014304,2952,1408,1544,235,109,126,500,286,214,986,422,564,76,32,44,1022,490,532,133,69,64
50014305,758,360,398,60,28,32,83,45,38,264,113,151,20,6,14,313,159,154,18,9,9
50014306,3221,1509,1712,298,133,165,564,308,256,1174,494,680,82,39,43,959,449,510,144,86,58
50014307,1392,640,752,78,29,49,122,61,61,412,193,219,30,8,22,650,302,348,100,47,53
50014309,1828,852,976,123,67,56,148,78,70,582,253,329,46,18,28,833,381,452,96,55,41
50014310,70,37,33,7,4,3,19,11,8,23,11,12,1,0,1,19,10,9,1,1,0
50014311,52,23,29,3,1,2,18,8,10,14,5,9,0,0,0,11,5,6,6,4,2
50014312,539,241,298,39,19,20,101,51,50,199,79,120,6,3,3,161,73,88,33,16,17
50014313,2945,1382,1563,227,111,116,474,267,207,1055,444,611,54,21,33,1016,471,545,119,68,51
50014314,25,12,13,4,2,2,0,0,0,6,3,3,0,0,0,15,7,8,0,0,0
50014315,1480,707,773,122,62,60,188,102,86,476,206,270,35,14,21,582,277,305,77,46,31
50014317,362,178,184,14,9,5,44,27,17,121,61,60,9,1,8,162,76,86,12,4,8
50014318,2763,1293,1470,192,90,102,428,225,203,951,398,553,58,19,39,1045,519,526,89,42,47
50014319,573,277,296,38,18,20,105,53,52,190,89,101,11,7,4,209,96,113,20,14,6
50014321,492,234,258,22,10,12,74,38,36,169,77,92,9,3,6,199,99,100,19,7,12
50014322,1133,551,582,82,42,40,160,87,73,365,160,205,25,8,17,448,228,220,53,26,27
50014323,1976,923,1053,125,58,67,180,91,89,624,273,351,38,15,23,909,428,481,100,58,42
50014324,3635,1721,1914,272,145,127,451,237,214,1136,488,648,79,31,48,1526,729,797,171,91,80
50014325,3095,1636,1459,255,122,133,423,243,180,975,521,454,76,41,35,1049,517,532,317,192,125
50014326,471,229,242,27,9,18,19,12,7,126,52,74,11,5,6,244,124,120,44,27,17
50014327,236,117,119,17,7,10,9,3,6,60,32,28,3,2,1,136,65,71,11,8,3
50014328,247,137,110,10,5,5,6,6,0,45,23,22,4,3,1,142,77,65,40,23,17
50014329,124,69,55,6,4,2,5,4,1,66,37,29,1,0,1,33,18,15,13,6,7
50014330,2508,1219,1289,201,98,103,315,177,138,754,350,404,61,21,40,943,441,502,234,132,102
50014331,27,14,13,2,2,0,3,2,1,5,2,3,0,0,0,17,8,9,0,0,0
50014332,24,16,8,1,1,0,2,1,1,9,5,4,1,0,1,10,9,1,1,0,1
50014333,2153,1044,1109,195,90,105,345,199,146,666,292,374,52,13,39,715,346,369,180,104,76
50014334,1093,549,544,77,39,38,164,102,62,328,145,183,22,10,12,407,194,213,95,59,36
50014335,1714,810,904,107,45,62,230,128,102,526,224,302,43,15,28,708,338,370,100,60,40
50014336,3801,1829,1972,288,127,161,483,254,229,1140,534,606,106,57,49,1441,671,770,343,186,157
50014338,4188,2263,1925,314,157,157,496,306,190,1036,512,524,77,34,43,1396,664,732,869,590,279
50014339,1090,530,560,57,30,27,129,72,57,335,149,186,34,14,20,435,203,232,100,62,38
50014340,1391,685,706,88,32,56,206,116,90,436,208,228,40,17,23,558,270,288,63,42,21
50014341,107,79,28,15,12,3,16,13,3,32,22,10,6,4,2,11,9,2,27,19,8
50014342,2102,1005,1097,113,51,62,277,135,142,673,308,365,57,24,33,898,433,465,84,54,30
50014343,269,164,105,34,27,7,71,50,21,91,48,43,9,5,4,47,21,26,17,13,4
50014344,2501,1146,1355,231,104,127,463,242,221,765,340,425,63,24,39,786,334,452,193,102,91
50014345,535,267,268,21,14,7,16,10,6,112,55,57,10,2,8,356,175,181,20,11,9
50014346,2895,1383,1512,206,107,99,479,260,219,934,422,512,77,28,49,989,450,539,210,116,94
50014348,3863,1850,2013,317,158,159,626,355,271,1223,538,685,101,40,61,1430,663,767,166,96,70
50014349,698,331,367,44,19,25,96,56,40,251,108,143,16,5,11,245,113,132,46,30,16
50014350,3147,1496,1651,230,120,110,401,209,192,958,409,549,60,22,38,1363,659,704,135,77,58
50014352,53,23,30,7,3,4,7,5,2,7,3,4,1,1,0,1,0,1,30,11,19
50014353,3038,1533,1505,223,116,107,407,227,180,908,412,496,65,25,40,1241,636,605,194,117,77
50014355,970,475,495,31,15,16,51,36,15,216,105,111,18,9,9,611,288,323,43,22,21
50014357,22,11,11,7,3,4,8,5,3,5,3,2,1,0,1,1,0,1,0,0,0
50014358,42,27,15,2,2,0,6,5,1,19,12,7,1,0,1,14,8,6,0,0,0
50014360,1928,948,980,109,53,56,90,57,33,463,210,253,47,23,24,1042,500,542,177,105,72
50014361,22,10,12,1,1,0,7,3,4,9,5,4,0,0,0,5,1,4,0,0,0
50014362,185,90,95,7,4,3,8,4,4,42,15,27,4,2,2,121,63,58,3,2,1
50014363,624,309,315,54,28,26,99,63,36,198,88,110,15,5,10,229,109,120,29,16,13
50014364,21,11,10,0,0,0,2,1,1,7,4,3,0,0,0,5,2,3,7,4,3
50014365,2471,1128,1343,167,84,83,370,192,178,894,360,534,48,14,34,909,440,469,83,38,45
1294370,0,0,0,0,0,0,0,0,0,0,0,0,0,0,0,0,0,0,0,0,0
1296400,0,0,0,0,0,0,0,0,0,0,0,0,0,0,0,0,0,0,0,0,0
1297390,0,0,0,0,0,0,0,0,0,0,0,0,0,0,0,0,0,0,0,0,0
1297470,0,0,0,0,0,0,0,0,0,0,0,0,0,0,0,0,0,0,0,0,0
1298520,0,0,0,0,0,0,0,0,0,0,0,0,0,0,0,0,0,0,0,0,0
3059360,0,0,0,0,0,0,0,0,0,0,0,0,0,0,0,0,0,0,0,0,0
3248920,0,0,0,0,0,0,0,0,0,0,0,0,0,0,0,0,0,0,0,0,0
3327980,0,0,0,0,0,0,0,0,0,0,0,0,0,0,0,0,0,0,0,0,0
50017801,214,106,108,16,9,7,12,9,3,63,34,29,5,0,5,101,46,55,17,8,9
50017802,719,351,368,36,14,22,76,39,37,207,100,107,16,5,11,344,171,173,40,22,18
50017804,608,291,317,53,22,31,120,74,46,197,93,104,17,7,10,204,89,115,17,6,11
50017805,275,139,136,12,6,6,35,16,19,99,50,49,6,2,4,117,62,55,6,3,3
50017806,20,9,11,1,1,0,3,1,2,12,5,7,0,0,0,4,2,2,0,0,0
50017807,172,111,61,18,10,8,58,43,15,57,33,24,0,0,0,27,17,10,12,8,4
50017808,3209,1475,1734,268,114,154,684,319,365,1160,519,641,71,17,54,876,426,450,150,80,70
50017809,139,75,64,5,3,2,28,17,11,54,29,25,6,2,4,41,22,19,5,2,3
50017810,2526,1448,1078,363,231,132,514,359,155,744,406,338,46,20,26,781,388,393,78,44,34
50017811,16,8,8,0,0,0,3,2,1,5,2,3,0,0,0,6,3,3,2,1,1
50017812,1656,796,860,148,75,73,225,124,101,495,206,289,35,8,27,672,344,328,81,39,42
50017813,1755,848,907,111,66,45,224,121,103,563,223,340,37,17,20,757,385,372,63,36,27
50017814,604,296,308,39,22,17,62,37,25,189,81,108,13,4,9,282,140,142,19,12,7
50017815,44,20,24,6,2,4,11,8,3,17,6,11,2,1,1,7,2,5,1,1,0
50017816,2401,1094,1307,172,71,101,323,159,164,841,376,465,52,20,32,942,430,512,71,38,33
50017817,503,235,268,37,13,24,41,23,18,162,72,90,8,4,4,240,115,125,15,8,7
50017818,187,94,93,10,5,5,9,4,5,42,23,19,3,0,3,111,57,54,12,5,7
50017819,511,242,269,31,11,20,72,38,34,201,88,113,15,5,10,172,91,81,20,9,11
50017820,1332,636,696,101,44,57,164,92,72,450,206,244,17,8,9,566,269,297,34,17,17
50017821,34,21,13,6,3,3,10,4,6,5,3,2,0,0,0,11,10,1,2,1,1
50017822,674,271,403,41,9,32,75,29,46,270,98,172,16,7,9,250,117,133,22,11,11
50017823,5400,2617,2783,392,208,184,519,308,211,1584,689,895,119,42,77,2519,1216,1303,267,154,113
50017824,1605,744,861,95,35,60,212,104,108,617,266,351,34,12,22,608,308,300,39,19,20
50017825,1100,785,315,6,4,2,36,30,6,582,392,190,16,10,6,436,335,101,24,14,10
50017826,1300,610,690,90,41,49,179,83,96,410,174,236,24,13,11,546,271,275,51,28,23
50017827,83,29,54,9,4,5,15,1,14,27,9,18,2,1,1,26,11,15,4,3,1
50017828,4546,2042,2504,354,139,215,762,400,362,1420,601,819,101,38,63,1606,708,898,303,156,147
50017829,2414,1162,1252,107,44,63,283,136,147,801,376,425,38,16,22,1109,550,559,76,40,36
50017830,1984,897,1087,122,47,75,179,94,85,571,223,348,44,17,27,986,476,510,82,40,42
50017831,3534,1662,1872,248,116,132,390,216,174,1062,479,583,78,33,45,1582,733,849,174,85,89
50017832,3693,1687,2006,215,99,116,455,209,246,1100,457,643,87,33,54,1618,766,852,218,123,95
50017833,936,435,501,73,29,44,177,90,87,331,145,186,17,8,9,298,143,155,40,20,20
50017834,936,457,479,65,32,33,109,60,49,283,133,150,14,2,12,425,206,219,40,24,16
50017835,2620,1201,1419,166,74,92,402,188,214,802,316,486,57,24,33,1041,512,529,152,87,65
50017836,25,14,11,2,1,1,2,1,1,10,6,4,1,1,0,9,5,4,1,0,1
50017837,99,50,49,4,2,2,21,14,7,38,17,21,2,1,1,29,13,16,5,3,2
50017838,4386,2003,2383,261,107,154,636,316,320,1435,595,840,96,26,70,1720,837,883,238,122,116
50017839,2380,1146,1234,162,83,79,272,140,132,748,349,399,46,10,36,1039,496,543,113,68,45
50017840,1614,740,874,94,51,43,150,77,73,489,214,275,34,14,20,787,352,435,60,32,28
50017842,64,34,30,8,6,2,23,12,11,10,5,5,1,1,0,19,8,11,3,2,1
50017843,269,154,115,2,1,1,18,13,5,166,95,71,2,2,0,77,39,38,4,4,0
50017844,3310,1611,1699,217,109,108,337,190,147,973,469,504,64,25,39,1517,701,816,202,117,85
50017845,3389,1610,1779,209,98,111,390,214,176,1033,454,579,54,19,35,1556,745,811,147,80,67
50017847,125,72,53,11,5,6,14,13,1,56,30,26,6,5,1,33,15,18,5,4,1
50017848,298,156,142,31,14,17,41,27,14,100,50,50,9,2,7,104,55,49,13,8,5
50017849,1166,560,606,65,37,28,35,14,21,278,136,142,27,11,16,661,307,354,100,55,45
50017850,308,138,170,22,10,12,45,23,22,90,35,55,8,2,6,128,62,66,15,6,9
50017852,2097,992,1105,132,55,77,252,116,136,704,302,402,40,11,29,887,462,425,82,46,36
50017853,1119,523,596,62,29,33,69,38,31,320,121,199,18,4,14,615,314,301,35,17,18
50017854,5711,2670,3041,402,184,218,475,234,241,1663,703,960,120,56,64,2838,1393,1445,213,100,113
50017855,7820,3906,3914,502,276,226,810,470,340,2288,1052,1236,148,56,92,3279,1529,1750,793,523,270
50017856,4377,2061,2316,304,162,142,529,292,237,1420,615,805,97,38,59,1854,864,990,173,90,83
50017857,466,235,231,26,15,11,15,9,6,118,61,57,14,7,7,242,104,138,51,39,12
50017858,173,89,84,25,13,12,47,29,18,51,25,26,3,2,1,41,18,23,6,2,4
50017859,251,126,125,21,9,12,42,25,17,81,36,45,9,3,6,91,49,42,7,4,3
50017860,25,16,9,5,3,2,0,0,0,7,3,4,1,1,0,9,6,3,3,3,0
1302220,0,0,0,0,0,0,0,0,0,0,0,0,0,0,0,0,0,0,0,0,0
1303200,0,0,0,0,0,0,0,0,0,0,0,0,0,0,0,0,0,0,0,0,0
3059440,0,0,0,0,0,0,0,0,0,0,0,0,0,0,0,0,0,0,0,0,0
3327630,0,0,0,0,0,0,0,0,0,0,0,0,0,0,0,0,0,0,0,0,0
50018601,4538,2198,2340,304,156,148,507,267,240,1316,591,725,104,35,69,2011,969,1042,296,180,116
50018602,4962,2448,2514,365,164,201,720,387,333,1423,668,755,99,37,62,1820,842,978,535,350,185
50018604,4147,2025,2122,306,143,163,648,356,292,1319,604,715,87,38,49,1508,710,798,279,174,105
50018605,3935,1903,2032,210,99,111,495,271,224,1153,534,619,97,38,59,1708,811,897,272,150,122
50018606,585,332,253,74,47,27,83,62,21,102,63,39,11,5,6,277,131,146,38,24,14
50018607,4820,2325,2495,380,160,220,756,405,351,1543,699,844,99,42,57,1624,765,859,418,254,164
50018608,523,299,224,43,20,23,62,43,19,187,90,97,17,9,8,136,71,65,78,66,12
50018610,17,8,9,5,2,3,0,0,0,5,3,2,1,0,1,4,2,2,2,1,1
50018611,1446,770,676,55,25,30,75,56,19,363,210,153,25,8,17,826,406,420,102,65,37
50018612,7258,3506,3752,476,228,248,976,562,414,2306,1040,1266,192,75,117,2948,1372,1576,360,229,131
50018616,49,29,20,4,3,1,7,5,2,14,7,7,1,1,0,20,11,9,3,2,1
50018617,5497,2653,2844,314,142,172,492,280,212,1554,731,823,148,59,89,2640,1216,1424,349,225,124
1303380,0,0,0,0,0,0,0,0,0,0,0,0,0,0,0,0,0,0,0,0,0
1303620,0,0,0,0,0,0,0,0,0,0,0,0,0,0,0,0,0,0,0,0,0
1305670,0,0,0,0,0,0,0,0,0,0,0,0,0,0,0,0,0,0,0,0,0
1305750,0,0,0,0,0,0,0,0,0,0,0,0,0,0,0,0,0,0,0,0,0
1305830,0,0,0,0,0,0,0,0,0,0,0,0,0,0,0,0,0,0,0,0,0
1307960,0,0,0,0,0,0,0,0,0,0,0,0,0,0,0,0,0,0,0,0,0
1309230,0,0,0,0,0,0,0,0,0,0,0,0,0,0,0,0,0,0,0,0,0
1309310,0,0,0,0,0,0,0,0,0,0,0,0,0,0,0,0,0,0,0,0,0
1309740,0,0,0,0,0,0,0,0,0,0,0,0,0,0,0,0,0,0,0,0,0
3059870,0,0,0,0,0,0,0,0,0,0,0,0,0,0,0,0,0,0,0,0,0
3169890,0,0,0,0,0,0,0,0,0,0,0,0,0,0,0,0,0,0,0,0,0
50020801,1563,722,841,130,53,77,297,149,148,495,209,286,23,8,15,560,269,291,58,34,24
50020802,1017,461,556,78,33,45,72,35,37,275,93,182,23,12,11,513,255,258,56,33,23
50020803,3294,1510,1784,269,106,163,689,364,325,1139,457,682,74,30,44,1001,485,516,122,68,54
50020804,396,203,193,33,17,16,61,32,29,137,67,70,9,2,7,151,81,70,5,4,1
50020805,4624,2186,2438,401,192,209,939,487,452,1617,700,917,97,35,62,1348,641,707,222,131,91
50020806,1646,685,961,186,67,119,426,190,236,540,201,339,30,12,18,365,169,196,99,46,53
50020807,5593,2593,3000,540,225,315,1353,706,647,2012,850,1162,108,43,65,1380,661,719,200,108,92
50020808,5397,2454,2943,536,227,309,1354,694,660,1971,806,1165,113,42,71,1213,571,642,210,114,96
50020809,466,269,197,98,62,36,112,85,27,133,60,73,11,3,8,56,28,28,56,31,25
50020810,918,434,484,104,52,52,190,102,88,324,142,182,17,7,10,236,109,127,47,22,25
50020812,44,20,24,4,2,2,7,3,4,9,3,6,1,1,0,22,11,11,1,0,1
50020816,5287,2427,2860,450,205,245,1050,547,503,1867,769,1098,98,44,54,1651,779,872,171,83,88
50020817,230,105,125,9,5,4,9,4,5,60,26,34,3,2,1,146,68,78,3,0,3
50020818,1995,937,1058,180,69,111,484,247,237,788,331,457,44,20,24,405,207,198,94,63,31
50020819,616,309,307,58,27,31,116,62,54,204,102,102,16,9,7,194,92,102,28,17,11
50020821,2195,1021,1174,150,67,83,375,210,165,722,301,421,70,27,43,788,369,419,90,47,43
50020822,1962,959,1003,160,78,82,348,201,147,634,297,337,43,15,28,724,344,380,53,24,29
50020823,4090,1893,2197,302,122,180,809,434,375,1453,599,854,77,30,47,1259,602,657,190,106,84
50020824,1660,749,911,127,52,75,296,128,168,585,241,344,44,16,28,559,281,278,49,31,18
50020826,2486,1111,1375,209,90,119,507,254,253,913,358,555,55,17,38,725,353,372,77,39,38
50020827,541,259,282,43,17,26,106,60,46,179,77,102,6,1,5,198,99,99,9,5,4
50020828,2076,924,1152,187,75,112,539,264,275,728,290,438,41,13,28,482,227,255,99,55,44
50020829,3501,1592,1909,326,137,189,801,413,388,1197,481,716,68,22,46,920,437,483,189,102,87
50020830,330,146,184,30,14,16,39,23,16,123,45,78,5,0,5,130,64,66,3,0,3
50020831,4435,1942,2493,355,142,213,966,480,486,1499,563,936,98,30,68,1288,611,677,229,116,113
50020832,1238,888,350,113,72,41,212,171,41,117,87,30,6,0,6,58,33,25,732,525,207
50020833,3205,1596,1609,276,128,148,625,362,263,981,481,500,85,36,49,996,447,549,242,142,100
50020834,3659,1837,1822,320,141,179,643,363,280,1089,524,565,77,41,36,1198,579,619,332,189,143
50020835,1687,827,860,119,59,60,179,107,72,426,173,253,44,13,31,824,417,407,95,58,37
50020836,399,220,179,44,23,21,77,49,28,84,36,48,9,4,5,95,42,53,90,66,24
50020837,3958,1958,2000,301,144,157,710,406,304,1219,572,647,88,35,53,1390,661,729,250,140,110
50020838,2520,1219,1301,173,85,88,316,171,145,853,382,471,61,17,44,992,491,501,125,73,52
50020839,795,391,404,35,20,15,76,44,32,285,121,164,15,4,11,350,186,164,34,16,18
50020840,62,40,22,3,1,2,13,8,5,17,13,4,4,1,3,14,8,6,11,9,2
50020841,2242,1097,1145,162,65,97,302,174,128,726,324,402,51,18,33,842,422,420,159,94,65
50020842,113,65,48,10,5,5,24,13,11,48,31,17,4,1,3,25,13,12,2,2,0
50020843,431,230,201,14,5,9,12,9,3,79,45,34,10,4,6,263,138,125,53,29,24
50020844,2899,1385,1514,259,128,131,527,290,237,893,398,495,65,28,37,940,422,518,215,119,96
50020845,824,434,390,28,11,17,28,15,13,150,81,69,30,15,15,474,242,232,114,70,44
50020846,3642,1793,1849,259,122,137,488,277,211,1131,552,579,93,37,56,1417,659,758,254,146,108
50020847,3978,2003,1975,263,119,144,492,280,212,1123,536,587,88,34,54,1716,856,860,296,178,118
50020849,2109,1018,1091,145,58,87,359,181,178,652,316,336,55,15,40,744,359,385,154,89,65
1311640,0,0,0,0,0,0,0,0,0,0,0,0,0,0,0,0,0,0,0,0,0
50021601,36,19,17,4,3,1,5,3,2,12,6,6,0,0,0,4,2,2,11,5,6
50021602,2314,1114,1200,108,57,51,200,98,102,725,380,345,75,28,47,1083,489,594,123,62,61
50021603,4085,1824,2261,368,153,215,920,468,452,1474,593,881,89,30,59,1004,461,543,230,119,111
50021604,2912,1296,1616,271,111,160,622,320,302,1028,409,619,63,24,39,794,361,433,134,71,63
50021605,1464,665,799,137,60,77,359,193,166,525,214,311,36,13,23,359,163,196,48,22,26
50021606,3152,1472,1680,257,120,137,610,332,278,998,420,578,84,29,55,1015,463,552,188,108,80
50021607,595,283,312,56,25,31,38,23,15,140,58,82,8,4,4,323,159,164,30,14,16
50021608,223,108,115,13,6,7,16,13,3,76,34,42,2,1,1,103,46,57,13,8,5
50021609,203,113,90,4,1,3,12,8,4,65,35,30,9,7,2,84,44,40,29,18,11
50021610,3739,1855,1884,300,132,168,656,349,307,1153,558,595,80,34,46,1237,583,654,313,199,114
50021611,115,55,60,5,2,3,18,10,8,45,21,24,7,3,4,38,19,19,2,0,2
50021612,436,214,222,26,13,13,24,15,9,108,57,51,6,2,4,266,125,141,6,2,4
50021613,271,130,141,34,12,22,58,29,29,87,48,39,3,3,0,61,23,38,28,15,13
50021614,1050,532,518,105,59,46,163,88,75,335,178,157,24,9,15,345,154,191,78,44,34
50021616,5778,2905,2873,547,259,288,1109,626,483,1732,776,956,137,60,77,1655,792,863,598,392,206
50021617,86,45,41,6,4,2,3,1,2,21,7,14,3,3,0,41,23,18,12,7,5
50021618,802,391,411,55,29,26,110,64,46,264,121,143,20,7,13,331,160,171,22,10,12
50021619,595,313,282,26,17,9,45,30,15,179,97,82,19,6,13,293,139,154,33,24,9
50021620,21,13,8,3,2,1,1,1,0,12,8,4,0,0,0,4,1,3,1,1,0
50021622,242,179,63,24,13,11,40,29,11,72,51,21,8,5,3,22,14,8,76,67,9
50021623,3461,1680,1781,161,74,87,299,153,146,1010,520,490,89,36,53,1704,780,924,198,117,81
50021624,1691,818,873,185,79,106,395,203,192,547,259,288,51,22,29,383,185,198,130,70,60
50021625,75,32,43,24,11,13,14,7,7,15,5,10,0,0,0,3,2,1,19,7,12
50021626,258,124,134,5,1,4,13,6,7,54,25,29,6,1,5,164,82,82,16,9,7
50021628,152,63,89,8,3,5,34,13,21,59,23,36,5,2,3,44,21,23,2,1,1
50021629,4954,2234,2720,428,167,261,1101,568,533,1693,694,999,108,47,61,1314,590,724,310,168,142
50021630,6499,3032,3467,653,283,370,1489,809,680,2272,953,1319,175,70,105,1615,756,859,295,161,134
50021631,1075,532,543,83,30,53,99,52,47,328,166,162,17,4,13,484,240,244,64,40,24
50021632,1641,785,856,200,97,103,298,159,139,547,239,308,37,11,26,493,246,247,66,33,33
50021635,1340,672,668,54,26,28,50,24,26,305,155,150,47,20,27,824,408,416,60,39,21
50021636,821,387,434,62,26,36,128,70,58,271,132,139,21,12,9,314,134,180,25,13,12
50021637,483,283,200,36,25,11,62,47,15,108,59,49,12,5,7,192,91,101,73,56,17
50021638,1012,488,524,38,22,16,38,23,15,250,125,125,23,9,14,619,289,330,44,20,24
50021639,722,343,379,24,10,14,49,24,25,187,92,95,14,8,6,414,189,225,34,20,14
50021640,379,189,190,56,30,26,103,55,48,119,49,70,10,5,5,79,42,37,12,8,4
50021641,22,12,10,4,2,2,3,2,1,7,4,3,0,0,0,6,3,3,2,1,1
3173900,0,0,0,0,0,0,0,0,0,0,0,0,0,0,0,0,0,0,0,0,0
53806001,545,295,250,66,45,21,111,62,49,197,93,104,7,4,3,139,74,65,25,17,8
53806002,137,109,28,17,12,5,36,24,12,46,42,4,3,2,1,5,3,2,30,26,4
53806003,1261,612,649,139,58,81,324,186,138,421,191,230,31,16,15,279,115,164,67,46,21
53806005,34,16,18,4,1,3,7,3,4,12,8,4,0,0,0,7,3,4,4,1,3
3176590,0,0,0,0,0,0,0,0,0,0,0,0,0,0,0,0,0,0,0,0,0
53807802,582,275,307,51,23,28,87,46,41,175,70,105,8,2,6,231,116,115,30,18,12
53812403,1393,671,722,144,68,76,207,123,84,446,186,260,36,14,22,495,247,248,65,33,32
1314820,0,0,0,0,0,0,0,0,0,0,0,0,0,0,0,0,0,0,0,0,0
1314910,0,0,0,0,0,0,0,0,0,0,0,0,0,0,0,0,0,0,0,0,0
1315040,0,0,0,0,0,0,0,0,0,0,0,0,0,0,0,0,0,0,0,0,0
1315800,0,0,0,0,0,0,0,0,0,0,0,0,0,0,0,0,0,0,0,0,0
3170470,0,0,0,0,0,0,0,0,0,0,0,0,0,0,0,0,0,0,0,0,0
54731002,121,52,69,11,5,6,4,3,1,39,14,25,2,1,1,61,26,35,4,3,1
54731003,1329,629,700,169,73,96,303,166,137,446,190,256,29,9,20,333,167,166,49,24,25
54731004,191,135,56,41,19,22,82,64,18,29,22,7,3,3,0,9,6,3,27,21,6
54731005,2536,1234,1302,138,78,60,278,158,120,790,372,418,87,20,67,1123,525,598,120,81,39
54731006,104,53,51,15,6,9,16,12,4,42,19,23,2,0,2,28,15,13,1,1,0
54731007,2506,1200,1306,272,119,153,620,323,297,878,401,477,44,15,29,515,234,281,177,108,69
54731008,1549,739,810,175,59,116,459,251,208,531,246,285,22,14,8,320,148,172,42,21,21
54731009,15,9,6,4,3,1,6,3,3,5,3,2,0,0,0,0,0,0,0,0,0
54731010,1034,496,538,127,56,71,224,129,95,321,140,181,25,7,18,302,144,158,35,20,15
1304270,0,0,0,0,0,0,0,0,0,0,0,0,0,0,0,0,0,0,0,0,0
1304350,0,0,0,0,0,0,0,0,0,0,0,0,0,0,0,0,0,0,0,0,0
3327800,0,0,0,0,0,0,0,0,0,0,0,0,0,0,0,0,0,0,0,0,0
54729801,18,9,9,2,1,1,11,6,5,2,1,1,0,0,0,2,0,2,1,1,0
54729802,2585,1276,1309,270,123,147,588,335,253,842,370,472,45,21,24,697,335,362,143,92,51
54729804,219,103,116,28,11,17,23,8,15,73,34,39,4,1,3,86,47,39,5,2,3
54729807,152,76,76,8,4,4,13,5,8,38,17,21,3,1,2,64,35,29,26,14,12
54729808,140,63,77,9,2,7,23,10,13,46,24,22,3,1,2,56,24,32,3,2,1
1303460,0,0,0,0,0,0,0,0,0,0,0,0,0,0,0,0,0,0,0,0,0
3311120,0,0,0,0,0,0,0,0,0,0,0,0,0,0,0,0,0,0,0,0,0
54730101,1428,694,734,147,71,76,266,151,115,501,207,294,25,9,16,439,224,215,50,32,18
54730102,26,10,16,3,0,3,11,6,5,8,1,7,0,0,0,4,3,1,0,0,0
54730104,627,295,332,24,13,11,25,15,10,159,86,73,15,8,7,383,164,219,21,9,12
54730105,1939,966,973,185,92,93,331,197,134,627,281,346,30,12,18,706,346,360,60,38,22
1325270,0,0,0,0,0,0,0,0,0,0,0,0,0,0,0,0,0,0,0,0,0
54737901,33,23,10,6,4,2,11,9,2,12,8,4,1,0,1,3,2,1,0,0,0
54737902,33,22,11,3,2,1,12,8,4,7,6,1,0,0,0,7,3,4,4,3,1
54737903,1736,855,881,169,79,90,321,173,148,569,259,310,33,11,22,532,263,269,112,70,42
54737905,1429,672,757,75,31,44,149,87,62,499,232,267,45,12,33,568,256,312,93,54,39
54737907,56,28,28,7,4,3,1,1,0,16,8,8,3,0,3,27,14,13,2,1,1
3173730,0,0,0,0,0,0,0,0,0,0,0,0,0,0,0,0,0,0,0,0,0
3173810,0,0,0,0,0,0,0,0,0,0,0,0,0,0,0,0,0,0,0,0,0
3174030,0,0,0,0,0,0,0,0,0,0,0,0,0,0,0,0,0,0,0,0,0
53817502,1145,550,595,123,53,70,199,117,82,385,172,213,22,8,14,367,177,190,49,23,26
53817503,375,185,190,41,17,24,91,53,38,128,55,73,10,4,6,99,52,47,6,4,2
53817504,681,361,320,92,48,44,133,86,47,196,91,105,9,4,5,218,115,103,33,17,16
53820502,38,18,20,7,4,3,8,6,2,14,4,10,0,0,0,6,3,3,3,1,2
53820503,3254,1593,1661,321,149,172,721,430,291,1073,454,619,62,14,48,895,434,461,182,112,70
53830201,2882,1423,1459,253,122,131,417,240,177,998,433,565,59,23,36,981,490,491,174,115,59
3173490,0,0,0,0,0,0,0,0,0,0,0,0,0,0,0,0,0,0,0,0,0
53835301,1291,655,636,150,74,76,261,151,110,380,162,218,23,6,17,387,204,183,90,58,32
53835302,40,22,18,4,2,2,7,4,3,21,12,9,2,1,1,6,3,3,0,0,0
3176240,0,0,0,0,0,0,0,0,0,0,0,0,0,0,0,0,0,0,0,0,0
53836101,26,11,15,4,0,4,5,3,2,5,2,3,0,0,0,12,6,6,0,0,0
53836103,2800,1348,1452,311,142,169,480,276,204,876,388,488,61,25,36,994,480,514,78,37,41
53836104,226,107,119,25,10,15,45,28,17,77,37,40,4,0,4,70,29,41,5,3,2
3175780,0,0,0,0,0,0,0,0,0,0,0,0,0,0,0,0,0,0,0,0,0
53838802,348,185,163,42,20,22,99,56,43,93,49,44,6,3,3,82,43,39,26,14,12
53840001,34,18,16,6,6,0,5,3,2,12,5,7,1,1,0,8,2,6,2,1,1
53840003,929,457,472,85,41,44,131,72,59,270,128,142,11,3,8,400,193,207,32,20,12
3159910,0,0,0,0,0,0,0,0,0,0,0,0,0,0,0,0,0,0,0,0,0
3161480,0,0,0,0,0,0,0,0,0,0,0,0,0,0,0,0,0,0,0,0,0
54704201,92,43,49,8,3,5,5,2,3,27,11,16,3,2,1,47,25,22,2,0,2
54704202,151,75,76,8,6,2,19,11,8,53,20,33,2,0,2,64,34,30,5,4,1
54704203,82,40,42,11,6,5,8,1,7,37,16,21,1,0,1,23,15,8,2,2,0
54704204,1540,749,791,159,72,87,319,180,139,536,230,306,21,8,13,425,204,221,80,55,25
54704206,158,78,80,7,4,3,33,20,13,59,21,38,3,3,0,47,24,23,9,6,3
54704207,186,97,89,31,10,21,52,33,19,56,28,28,5,1,4,35,19,16,7,6,1
54704208,14,6,8,1,1,0,3,2,1,5,1,4,0,0,0,4,2,2,1,0,1
54704209,1647,782,865,125,71,54,108,55,53,462,203,259,39,12,27,793,376,417,120,65,55
54704211,1997,904,1093,183,93,90,274,133,141,673,264,409,38,14,24,752,352,400,77,48,29
54704212,1435,718,717,151,83,68,263,156,107,507,215,292,31,16,15,450,233,217,33,15,18
54704213,21,15,6,4,2,2,3,3,0,11,7,4,1,1,0,1,1,0,1,1,0
54704214,1164,544,620,4,2,2,37,19,18,694,290,404,5,1,4,385,215,170,39,17,22
3061420,0,0,0,0,0,0,0,0,0,0,0,0,0,0,0,0,0,0,0,0,0
3158340,0,0,0,0,0,0,0,0,0,0,0,0,0,0,0,0,0,0,0,0,0
3161560,0,0,0,0,0,0,0,0,0,0,0,0,0,0,0,0,0,0,0,0,0
3161990,0,0,0,0,0,0,0,0,0,0,0,0,0,0,0,0,0,0,0,0,0
3162530,0,0,0,0,0,0,0,0,0,0,0,0,0,0,0,0,0,0,0,0,0
54705101,1672,784,888,164,71,93,330,165,165,540,256,284,39,15,24,544,252,292,55,25,30
54705103,1957,941,1016,230,100,130,421,227,194,688,300,388,33,12,21,427,200,227,158,102,56
54705105,36,17,19,0,0,0,0,0,0,1,0,1,0,0,0,33,16,17,2,1,1
54705107,859,429,430,93,49,44,135,81,54,326,143,183,23,14,9,228,110,118,54,32,22
54705108,1069,556,513,146,73,73,188,115,73,349,158,191,17,10,7,288,141,147,81,59,22
54705109,45,10,35,8,2,6,11,3,8,15,3,12,2,0,2,6,2,4,3,0,3
54705110,469,230,239,42,20,22,91,49,42,177,80,97,8,2,6,135,71,64,16,8,8
54705111,2098,1007,1091,234,99,135,506,290,216,730,316,414,40,11,29,487,235,252,101,56,45
53944901,480,235,245,45,19,26,108,61,47,153,78,75,15,6,9,132,56,76,27,15,12
53944902,20,8,12,4,1,3,7,3,4,4,2,2,0,0,0,4,2,2,1,0,1
53944903,1037,505,532,114,62,52,220,120,100,348,153,195,10,3,7,319,151,168,26,16,10
53944904,721,374,347,73,32,41,187,111,76,247,117,130,12,6,6,165,81,84,37,27,10
53944905,120,64,56,12,9,3,22,15,7,44,21,23,3,0,3,29,13,16,10,6,4
3164150,0,0,0,0,0,0,0,0,0,0,0,0,0,0,0,0,0,0,0,0,0
3166610,0,0,0,0,0,0,0,0,0,0,0,0,0,0,0,0,0,0,0,0,0
3166950,0,0,0,0,0,0,0,0,0,0,0,0,0,0,0,0,0,0,0,0,0
53946501,688,338,350,76,38,38,173,109,64,216,88,128,14,3,11,184,84,100,25,16,9
54714002,135,62,73,1,1,0,8,3,5,24,10,14,4,1,3,93,44,49,5,3,2
54714003,1092,545,547,104,55,49,159,99,60,316,141,175,14,6,8,458,218,240,41,26,15
54715801,343,160,183,16,10,6,14,7,7,73,28,45,6,3,3,203,99,104,31,13,18
54715802,47,22,25,5,4,1,11,6,5,8,3,5,0,0,0,18,6,12,5,3,2
54715804,1813,900,913,161,80,81,341,199,142,568,248,320,37,19,18,602,297,305,104,57,47
3176080,0,0,0,0,0,0,0,0,0,0,0,0,0,0,0,0,0,0,0,0,0
53853101,296,152,144,35,17,18,81,46,35,99,45,54,4,1,3,53,28,25,24,15,9
3174970,0,0,0,0,0,0,0,0,0,0,0,0,0,0,0,0,0,0,0,0,0
54739501,1141,570,571,116,49,67,240,145,95,356,154,202,25,5,20,326,167,159,78,50,28
54739502,3527,1674,1853,298,139,159,713,394,319,1342,584,758,71,18,53,957,451,506,146,88,58
54739503,115,50,65,10,4,6,21,12,9,43,16,27,0,0,0,38,16,22,3,2,1
3169540,0,0,0,0,0,0,0,0,0,0,0,0,0,0,0,0,0,0,0,0,0
53958901,523,258,265,42,18,24,105,66,39,179,68,111,11,5,6,142,70,72,44,31,13
3166440,0,0,0,0,0,0,0,0,0,0,0,0,0,0,0,0,0,0,0,0,0
3166870,0,0,0,0,0,0,0,0,0,0,0,0,0,0,0,0,0,0,0,0,0
3167410,0,0,0,0,0,0,0,0,0,0,0,0,0,0,0,0,0,0,0,0,0
3167500,0,0,0,0,0,0,0,0,0,0,0,0,0,0,0,0,0,0,0,0,0
3183610,0,0,0,0,0,0,0,0,0,0,0,0,0,0,0,0,0,0,0,0,0
53963502,106,53,53,15,7,8,33,19,14,29,13,16,3,3,0,25,11,14,1,0,1
53963503,20,13,7,4,2,2,1,1,0,9,4,5,0,0,0,2,2,0,4,4,0
53963504,176,116,60,18,11,7,71,57,14,49,31,18,3,0,3,20,9,11,15,8,7
53963505,2827,1428,1399,305,141,164,670,395,275,856,401,455,54,25,29,829,408,421,113,58,55
53963506,828,420,408,43,28,15,85,47,38,231,111,120,28,9,19,387,193,194,54,32,22
53963507,969,479,490,41,20,21,57,29,28,259,125,134,38,16,22,501,236,265,73,53,20
3064280,0,0,0,0,0,0,0,0,0,0,0,0,0,0,0,0,0,0,0,0,0
3064440,0,0,0,0,0,0,0,0,0,0,0,0,0,0,0,0,0,0,0,0,0
53873601,1890,966,924,242,116,126,329,201,128,575,263,312,31,11,20,566,274,292,147,101,46
53873602,76,51,25,9,6,3,19,12,7,23,16,7,3,2,1,10,6,4,12,9,3
3062150,0,0,0,0,0,0,0,0,0,0,0,0,0,0,0,0,0,0,0,0,0
3167330,0,0,0,0,0,0,0,0,0,0,0,0,0,0,0,0,0,0,0,0,0
3167680,0,0,0,0,0,0,0,0,0,0,0,0,0,0,0,0,0,0,0,0,0
53967801,353,170,183,42,17,25,107,63,44,99,38,61,9,2,7,83,44,39,13,6,7
53967802,37,16,21,4,1,3,14,5,9,10,6,4,2,1,1,6,3,3,1,0,1
53967804,2482,1194,1288,243,99,144,429,254,175,798,348,450,50,18,32,879,422,457,83,53,30
53967805,49,27,22,4,3,1,11,6,5,18,12,6,2,1,1,11,4,7,3,1,2
53967806,263,140,123,23,11,12,56,36,20,84,40,44,9,3,6,82,43,39,9,7,2
54727102,1212,563,649,121,59,62,177,93,84,409,179,230,20,4,16,448,208,240,37,20,17
54727103,499,247,252,42,24,18,33,22,11,144,69,75,11,4,7,242,112,130,27,16,11
54727105,1490,727,763,115,57,58,219,121,98,434,195,239,28,11,17,624,301,323,70,42,28
54727106,39,27,12,4,4,0,14,9,5,10,7,3,0,0,0,5,3,2,6,4,2
54727107,1470,690,780,138,68,70,271,141,130,489,213,276,31,9,22,510,241,269,31,18,13
54727108,535,322,213,9,5,4,24,17,7,136,77,59,8,5,3,345,210,135,13,8,5
54727109,477,221,256,34,13,21,68,36,32,169,66,103,8,6,2,180,88,92,18,12,6
3161300,0,0,0,0,0,0,0,0,0,0,0,0,0,0,0,0,0,0,0,0,0
3307100,0,0,0,0,0,0,0,0,0,0,0,0,0,0,0,0,0,0,0,0,0
3307280,0,0,0,0,0,0,0,0,0,0,0,0,0,0,0,0,0,0,0,0,0
53972402,1299,614,685,123,52,71,231,138,93,425,179,246,22,9,13,445,210,235,53,26,27
53972404,1362,680,682,156,70,86,267,159,108,394,178,216,28,10,18,432,211,221,85,52,33
3060370,0,0,0,0,0,0,0,0,0,0,0,0,0,0,0,0,0,0,0,0,0
3183450,0,0,0,0,0,0,0,0,0,0,0,0,0,0,0,0,0,0,0,0,0
54740901,94,45,49,9,3,6,36,19,17,21,12,9,4,1,3,22,9,13,2,1,1
54740903,29,17,12,8,3,5,9,7,2,8,5,3,0,0,0,4,2,2,0,0,0
54740904,1843,931,912,162,79,83,257,146,111,640,305,335,58,20,38,590,293,297,136,88,48
54732801,79,40,39,6,0,6,11,8,3,26,15,11,3,0,3,30,15,15,3,2,1
54732802,350,165,185,30,14,16,44,26,18,122,47,75,7,3,4,138,71,67,9,4,5
54732803,763,371,392,51,25,26,59,38,21,237,109,128,10,5,5,380,176,204,26,18,8
53979101,2145,1030,1115,198,88,110,283,165,118,703,309,394,51,21,30,789,384,405,121,63,58
53979102,670,327,343,75,35,40,148,89,59,210,96,114,17,5,12,214,97,117,6,5,1
53979103,201,96,105,9,5,4,19,13,6,75,32,43,2,1,1,84,38,46,12,7,5
1291940,0,0,0,0,0,0,0,0,0,0,0,0,0,0,0,0,0,0,0,0,0
3163930,0,0,0,0,0,0,0,0,0,0,0,0,0,0,0,0,0,0,0,0,0
3165630,0,0,0,0,0,0,0,0,0,0,0,0,0,0,0,0,0,0,0,0,0
3167250,0,0,0,0,0,0,0,0,0,0,0,0,0,0,0,0,0,0,0,0,0
54711501,267,176,91,33,22,11,62,43,19,77,49,28,14,11,3,60,36,24,21,15,6
54711503,188,96,92,18,7,11,51,30,21,67,30,37,3,3,0,35,18,17,14,8,6
54711504,34,18,16,2,0,2,14,8,6,10,4,6,1,0,1,5,5,0,2,1,1
54711506,100,61,39,18,11,7,32,26,6,27,15,12,3,1,2,14,4,10,6,4,2
54711507,1706,833,873,152,78,74,247,143,104,531,240,291,59,19,40,624,305,319,93,48,45
3064100,0,0,0,0,0,0,0,0,0,0,0,0,0,0,0,0,0,0,0,0,0
53900701,3537,1740,1797,346,157,189,705,389,316,1194,537,657,78,25,53,1095,554,541,119,78,41
53900702,23,11,12,1,0,1,9,6,3,10,3,7,0,0,0,3,2,1,0,0,0
3165980,0,0,0,0,0,0,0,0,0,0,0,0,0,0,0,0,0,0,0,0,0
3166100,0,0,0,0,0,0,0,0,0,0,0,0,0,0,0,0,0,0,0,0,0
53986401,105,65,40,7,3,4,23,17,6,48,32,16,4,2,2,19,10,9,4,1,3
53986403,212,101,111,27,12,15,70,38,32,65,27,38,8,4,4,39,18,21,3,2,1
53986404,121,58,63,18,8,10,23,16,7,36,14,22,3,2,1,37,16,21,4,2,2
53986405,51,26,25,3,1,2,10,4,6,17,8,9,2,2,0,18,10,8,1,1,0
53986406,1178,547,631,76,32,44,124,66,58,384,157,227,26,6,20,494,239,255,74,47,27
53986407,3563,1695,1868,367,176,191,692,380,312,1222,522,700,70,22,48,1061,514,547,151,81,70
53986408,2593,1264,1329,276,116,160,529,322,207,862,381,481,65,27,38,726,337,389,135,81,54
53986409,101,48,53,7,4,3,34,19,15,40,14,26,1,0,1,16,9,7,3,2,1
53986410,488,228,260,76,37,39,115,64,51,142,59,83,11,0,11,131,64,67,13,4,9
3169200,0,0,0,0,0,0,0,0,0,0,0,0,0,0,0,0,0,0,0,0,0
3205440,0,0,0,0,0,0,0,0,0,0,0,0,0,0,0,0,0,0,0,0,0
3206090,0,0,0,0,0,0,0,0,0,0,0,0,0,0,0,0,0,0,0,0,0
53989901,558,280,278,52,26,26,86,55,31,183,85,98,8,1,7,215,104,111,14,9,5
53989905,470,224,246,23,9,14,70,42,28,149,71,78,15,3,12,198,92,106,15,7,8
53989906,3339,1604,1735,157,77,80,258,146,112,1046,492,554,118,49,69,1564,742,822,196,98,98
53989907,2374,1176,1198,198,89,109,546,330,216,796,356,440,55,23,32,649,301,348,130,77,53
53989908,81,41,40,2,0,2,6,2,4,22,14,8,2,2,0,49,23,26,0,0,0
53989909,34,20,14,1,0,1,9,7,2,8,5,3,0,0,0,16,8,8,0,0,0
52930301,142,69,73,14,8,6,23,11,12,54,27,27,4,2,2,45,21,24,2,0,2
52930304,53,29,24,16,5,11,23,15,8,9,6,3,0,0,0,4,3,1,1,0,1
52930305,52,31,21,5,3,2,11,7,4,22,13,9,1,0,1,12,7,5,1,1,0
52930307,103,52,51,12,3,9,26,19,7,48,21,27,0,0,0,17,9,8,0,0,0
52930308,92,49,43,14,6,8,35,23,12,27,14,13,4,1,3,6,1,5,6,4,2
52930309,62,31,31,6,2,4,15,8,7,26,13,13,0,0,0,13,6,7,2,2,0
52930310,107,47,60,14,3,11,32,21,11,43,18,25,1,1,0,12,2,10,5,2,3
52930311,205,110,95,28,14,14,74,48,26,63,27,36,3,1,2,33,17,16,4,3,1
52930312,37,18,19,4,2,2,14,6,8,9,4,5,0,0,0,6,4,2,4,2,2
52930313,51,26,25,4,3,1,16,7,9,20,10,10,1,1,0,10,5,5,0,0,0
52930316,91,47,44,18,9,9,28,19,9,30,11,19,3,1,2,7,3,4,5,4,1
52930317,1858,805,1053,225,86,139,574,272,302,699,279,420,30,10,20,230,102,128,100,56,44
52930318,2648,1226,1422,256,98,158,750,400,350,1017,460,557,53,23,30,477,202,275,95,43,52
52930319,868,438,430,85,40,45,172,105,67,304,141,163,18,8,10,238,111,127,51,33,18
52930320,597,284,313,59,23,36,153,84,69,220,110,110,9,1,8,112,48,64,44,18,26
52930321,589,293,296,52,24,28,129,64,65,229,119,110,10,4,6,155,73,82,14,9,5
52930322,2917,1383,1534,350,128,222,737,366,371,1015,469,546,52,14,38,506,242,264,257,164,93
52930323,198,106,92,16,8,8,60,38,22,58,29,29,7,3,4,42,21,21,15,7,8
52930325,1132,541,591,89,36,53,275,161,114,442,199,243,17,4,13,287,130,157,22,11,11
52930326,2027,999,1028,188,80,108,609,337,272,749,367,382,34,11,23,345,155,190,102,49,53
53256801,185,91,94,18,7,11,73,44,29,59,24,35,1,0,1,25,11,14,9,5,4
53074301,154,83,71,18,8,10,76,46,30,29,19,10,2,0,2,19,6,13,10,4,6
53074302,38,19,19,4,1,3,14,11,3,13,5,8,0,0,0,5,2,3,2,0,2
53238001,87,43,44,13,3,10,39,24,15,21,9,12,2,0,2,11,6,5,1,1,0
53209601,73,36,37,5,3,2,27,16,11,17,5,12,1,0,1,21,12,9,2,0,2
53292401,611,316,295,89,33,56,221,138,83,180,75,105,9,3,6,74,45,29,38,22,16
52945101,1853,902,951,220,97,123,612,339,273,624,288,336,35,10,25,251,101,150,111,67,44
52945103,118,56,62,16,5,11,40,23,17,40,18,22,2,1,1,20,9,11,0,0,0
52945104,57,35,22,5,3,2,25,20,5,16,7,9,2,1,1,7,3,4,2,1,1
52945105,14,7,7,1,1,0,2,2,0,8,3,5,1,0,1,2,1,1,0,0,0
52945106,113,56,57,12,2,10,38,21,17,34,21,13,0,0,0,29,12,17,0,0,0
52945107,317,157,160,40,16,24,92,60,32,121,43,78,3,1,2,50,31,19,11,6,5
52945110,174,89,85,23,11,12,66,45,21,55,24,31,5,0,5,19,6,13,6,3,3
52945111,295,153,142,22,7,15,102,64,38,99,49,50,3,2,1,63,28,35,6,3,3
52945112,60,30,30,6,2,4,15,10,5,22,12,10,1,0,1,14,5,9,2,1,1
52945113,59,34,25,6,2,4,25,15,10,17,11,6,0,0,0,4,1,3,7,5,2
52945114,63,30,33,6,3,3,27,13,14,21,9,12,0,0,0,6,4,2,3,1,2
52945115,67,36,31,9,5,4,22,16,6,21,7,14,0,0,0,5,3,2,10,5,5
52945116,200,99,101,32,13,19,95,60,35,58,20,38,2,2,0,10,2,8,3,2,1
52945117,67,30,37,7,2,5,16,12,4,22,7,15,1,1,0,21,8,13,0,0,0
52945118,62,31,31,10,4,6,25,15,10,21,9,12,1,1,0,5,2,3,0,0,0
52945119,18,9,9,4,0,4,9,7,2,3,2,1,0,0,0,2,0,2,0,0,0
52945121,35,20,15,4,2,2,10,6,4,18,9,9,1,1,0,2,2,0,0,0,0
52945122,32,14,18,9,1,8,8,6,2,11,5,6,0,0,0,3,2,1,1,0,1
52945123,90,47,43,6,1,5,34,21,13,32,17,15,2,2,0,14,4,10,2,2,0
52945124,20,13,7,2,2,0,7,5,2,8,4,4,0,0,0,3,2,1,0,0,0
52945128,35,19,16,2,1,1,11,8,3,16,8,8,0,0,0,6,2,4,0,0,0
53269001,108,58,50,5,2,3,38,26,12,46,21,25,1,0,1,15,8,7,3,1,2
53269002,18,10,8,1,1,0,5,3,2,3,1,2,0,0,0,9,5,4,0,0,0
52947801,58,29,29,7,4,3,18,9,9,21,9,12,1,0,1,9,5,4,2,2,0
52947802,26,13,13,3,1,2,6,4,2,12,6,6,0,0,0,4,2,2,1,0,1
52947803,20,9,11,2,1,1,3,1,2,9,4,5,0,0,0,6,3,3,0,0,0
52948601,776,369,407,82,27,55,281,167,114,275,120,155,9,0,9,97,35,62,32,20,12
52948602,24,11,13,5,1,4,12,7,5,4,0,4,0,0,0,2,2,0,1,1,0
52948604,38,22,16,3,0,3,15,11,4,13,8,5,1,0,1,6,3,3,0,0,0
52948605,43,26,17,4,2,2,22,15,7,11,6,5,0,0,0,6,3,3,0,0,0
52948607,90,45,45,9,3,6,35,19,16,34,18,16,1,0,1,9,3,6,2,2,0
52948608,23,14,9,3,1,2,9,7,2,8,3,5,1,1,0,2,2,0,0,0,0
52948609,41,19,22,4,1,3,13,10,3,11,3,8,0,0,0,8,2,6,5,3,2
52948612,88,41,47,7,2,5,37,20,17,34,15,19,0,0,0,10,4,6,0,0,0
52948613,22,12,10,1,0,1,8,6,2,10,5,5,0,0,0,3,1,2,0,0,0
52951601,194,102,92,17,6,11,58,38,20,67,27,40,4,3,1,40,21,19,8,7,1
52951602,1859,921,938,225,99,126,534,306,228,610,286,324,32,13,19,339,150,189,119,67,52
52951603,396,204,192,47,25,22,92,50,42,130,61,69,10,5,5,106,55,51,11,8,3
52953201,172,90,82,29,12,17,55,37,18,60,27,33,2,2,0,15,4,11,11,8,3
52953202,60,29,31,7,2,5,15,11,4,28,11,17,0,0,0,9,5,4,1,0,1
52953203,47,25,22,9,2,7,15,11,4,17,8,9,0,0,0,5,3,2,1,1,0
52954101,34,16,18,0,0,0,12,7,5,8,3,5,1,0,1,11,5,6,2,1,1
52954102,21,11,10,1,0,1,10,6,4,8,5,3,0,0,0,2,0,2,0,0,0
52954104,84,45,39,7,3,4,30,19,11,28,14,14,0,0,0,16,7,9,3,2,1
52956701,477,234,243,52,25,27,103,62,41,172,77,95,6,2,4,125,59,66,19,9,10
52956702,214,99,115,21,5,16,54,34,20,91,39,52,3,1,2,43,20,23,2,0,2
53274601,45,26,19,3,1,2,19,15,4,16,7,9,0,0,0,3,1,2,4,2,2
52962101,62,28,34,8,2,6,19,15,4,20,7,13,3,1,2,10,2,8,2,1,1
52962102,1051,510,541,137,49,88,322,180,142,345,161,184,18,10,8,167,71,96,62,39,23
52962103,23,12,11,4,3,1,4,3,1,7,2,5,0,0,0,3,1,2,5,3,2
52962104,65,33,32,4,1,3,31,19,12,21,8,13,1,0,1,6,3,3,2,2,0
52962105,52,26,26,5,1,4,20,13,7,20,9,11,2,0,2,5,3,2,0,0,0
52962106,61,34,27,11,3,8,17,10,7,19,13,6,1,1,0,5,2,3,8,5,3
52962107,44,23,21,6,2,4,12,10,2,19,8,11,0,0,0,4,2,2,3,1,2
52962108,32,18,14,2,0,2,12,9,3,9,5,4,0,0,0,9,4,5,0,0,0
0293430,0,0,0,0,0,0,0,0,0,0,0,0,0,0,0,0,0,0,0,0,0
52964801,509,247,262,47,19,28,203,105,98,185,86,99,10,4,6,49,22,27,15,11,4
52964802,81,42,39,9,2,7,30,19,11,27,11,16,3,1,2,10,8,2,2,1,1
52964803,67,36,31,5,3,2,29,15,14,22,12,10,1,1,0,9,4,5,1,1,0
52964804,18,9,9,2,1,1,6,4,2,8,4,4,1,0,1,1,0,1,0,0,0
52964805,48,23,25,6,1,5,21,14,7,15,6,9,0,0,0,4,1,3,2,1,1
53215101,82,39,43,9,3,6,22,13,9,38,16,22,1,0,1,8,5,3,4,2,2
53284301,48,27,21,5,3,2,26,18,8,15,5,10,0,0,0,1,0,1,1,1,0
52970201,89,46,43,19,8,11,32,21,11,29,13,16,1,0,1,7,3,4,1,1,0
52970202,25,13,12,6,4,2,9,5,4,6,4,2,2,0,2,2,0,2,0,0,0
52970203,266,131,135,28,8,20,112,68,44,76,38,38,5,1,4,26,6,20,19,10,9
52970206,72,39,33,10,5,5,35,23,12,19,9,10,2,0,2,3,0,3,3,2,1
52970208,24,16,8,2,1,1,10,8,2,8,3,5,0,0,0,3,3,0,1,1,0
52970209,37,21,16,0,0,0,19,14,5,9,3,6,0,0,0,4,3,1,5,1,4
52970210,70,35,35,5,1,4,26,18,8,27,13,14,2,0,2,10,3,7,0,0,0
52970213,18,9,9,4,2,2,3,2,1,6,4,2,0,0,0,5,1,4,0,0,0
53293201,24,15,9,3,2,1,15,9,6,3,2,1,0,0,0,2,1,1,1,1,0
52973701,206,103,103,23,7,16,76,51,25,67,29,38,4,1,3,29,11,18,7,4,3
52973702,22,11,11,5,1,4,9,7,2,7,3,4,0,0,0,1,0,1,0,0,0
52974501,296,150,146,29,11,18,97,64,33,120,50,70,4,1,3,35,19,16,11,5,6
53288601,164,88,76,23,7,16,62,48,14,56,24,32,2,2,0,17,5,12,4,2,2
53287801,41,24,17,5,3,2,20,13,7,10,5,5,1,0,1,4,2,2,1,1,0
53204501,102,53,49,17,9,8,28,20,8,32,14,18,3,2,1,19,6,13,3,2,1
53204502,102,52,50,8,4,4,35,17,18,38,21,17,3,0,3,8,4,4,10,6,4
53204503,124,63,61,13,6,7,27,16,11,43,21,22,3,2,1,36,17,19,2,1,1
52977001,110,59,51,15,5,10,38,23,15,41,22,19,0,0,0,14,9,5,2,0,2
52978801,124,65,59,14,9,5,45,31,14,37,13,24,2,1,1,25,11,14,1,0,1
52979601,623,305,318,66,26,40,187,110,77,223,93,130,16,9,7,106,50,56,25,17,8
52979602,69,38,31,6,3,3,23,16,7,31,14,17,0,0,0,7,3,4,2,2,0
52979603,79,43,36,7,2,5,28,18,10,24,12,12,1,1,0,11,5,6,8,5,3
52979604,40,20,20,4,2,2,18,12,6,14,5,9,2,1,1,2,0,2,0,0,0
52979605,78,37,41,15,5,10,26,15,11,26,13,13,3,0,3,7,4,3,1,0,1
52979606,58,29,29,8,4,4,16,10,6,19,10,9,0,0,0,7,2,5,8,3,5
52979607,95,54,41,9,1,8,38,26,12,35,23,12,0,0,0,10,3,7,3,1,2
52979608,39,22,17,7,3,4,21,12,9,6,4,2,0,0,0,2,0,2,3,3,0
53260601,58,35,23,10,6,4,24,15,9,19,10,9,0,0,0,4,4,0,1,0,1
52981801,367,181,186,48,16,32,110,67,43,130,56,74,6,3,3,45,18,27,28,21,7
52981802,40,18,22,6,3,3,14,7,7,10,5,5,0,0,0,9,3,6,1,0,1
52981803,81,45,36,13,10,3,30,19,11,25,10,15,1,0,1,9,5,4,3,1,2
52981804,23,10,13,2,0,2,6,5,1,9,2,7,1,1,0,4,2,2,1,0,1
53203701,34,15,19,3,0,3,14,9,5,9,2,7,2,1,1,6,3,3,0,0,0
53203702,134,65,69,19,6,13,40,27,13,53,23,30,0,0,0,13,4,9,9,5,4
53203703,34,16,18,3,0,3,13,11,2,14,3,11,0,0,0,3,1,2,1,1,0
52984201,44,22,22,5,1,4,25,15,10,8,5,3,1,0,1,3,1,2,2,0,2
52984203,411,171,240,68,18,50,158,84,74,117,42,75,6,0,6,41,15,26,21,12,9
52984204,41,18,23,2,0,2,22,10,12,8,5,3,1,0,1,8,3,5,0,0,0
52984205,25,13,12,2,0,2,15,9,6,5,3,2,0,0,0,3,1,2,0,0,0
52984206,59,30,29,9,3,6,23,15,8,18,8,10,1,0,1,7,3,4,1,1,0
52984207,25,14,11,2,0,2,13,10,3,8,2,6,0,0,0,1,1,0,1,1,0
52984208,31,18,13,2,1,1,12,6,6,10,7,3,0,0,0,6,3,3,1,1,0
52984209,162,75,87,100,44,56,29,17,12,23,8,15,0,0,0,10,6,4,0,0,0
52985101,99,52,47,13,7,6,40,21,19,35,19,16,1,0,1,10,5,5,0,0,0
53213401,61,32,29,8,2,6,26,18,8,18,8,10,0,0,0,6,2,4,3,2,1
53213402,41,19,22,5,0,5,19,13,6,8,2,6,0,0,0,6,2,4,3,2,1
53103101,34,18,16,2,1,1,17,7,10,10,7,3,1,1,0,3,2,1,1,0,1
53103103,103,51,52,12,3,9,39,21,18,33,18,15,1,1,0,12,5,7,6,3,3
52990701,142,76,66,16,5,11,63,39,24,40,21,19,0,0,0,15,8,7,8,3,5
52990702,20,11,9,4,2,2,7,3,4,2,1,1,0,0,0,5,3,2,2,2,0
53308401,219,109,110,20,3,17,63,41,22,69,31,38,7,3,4,43,19,24,17,12,5
52993101,73,34,39,10,3,7,29,16,13,17,7,10,0,0,0,11,5,6,6,3,3
52993102,326,166,160,39,15,24,124,75,49,103,49,54,7,2,5,38,16,22,15,9,6
52993103,25,11,14,4,2,2,7,4,3,7,2,5,1,1,0,5,1,4,1,1,0
52994001,42,21,21,2,1,1,19,8,11,13,9,4,3,0,3,2,1,1,3,2,1
52994002,240,115,125,23,7,16,82,45,37,85,36,49,2,1,1,42,22,20,6,4,2
52994003,21,11,10,1,0,1,6,4,2,8,6,2,1,0,1,4,1,3,1,0,1
52995801,651,328,323,72,26,46,191,122,69,224,101,123,13,6,7,117,51,66,34,22,12
52995802,126,60,66,20,6,14,41,27,14,39,15,24,2,0,2,20,10,10,4,2,2
52995803,56,34,22,5,4,1,20,15,5,18,10,8,0,0,0,9,3,6,4,2,2
52997401,179,99,80,22,8,14,70,48,22,52,22,30,1,0,1,19,9,10,15,12,3
52997402,77,41,36,7,1,6,36,24,12,18,8,10,1,0,1,12,6,6,3,2,1
52997403,102,49,53,15,7,8,27,18,9,42,18,24,0,0,0,14,5,9,4,1,3
52997404,71,37,34,6,3,3,33,20,13,24,10,14,2,0,2,6,4,2,0,0,0
52999101,80,39,41,12,4,8,36,24,12,25,9,16,1,0,1,5,2,3,1,0,1
52999102,32,14,18,3,1,2,10,3,7,11,6,5,3,2,1,5,2,3,0,0,0
52999103,61,28,33,7,1,6,25,17,8,20,8,12,1,1,0,7,1,6,1,0,1
52999104,195,98,97,21,11,10,92,54,38,57,24,33,2,0,2,14,5,9,9,4,5
52999105,60,30,30,8,3,5,25,18,7,14,6,8,0,0,0,13,3,10,0,0,0
52999106,27,12,15,3,1,2,15,7,8,5,3,2,0,0,0,2,1,1,2,0,2
52999108,88,45,43,14,6,8,33,23,10,30,12,18,3,1,2,7,3,4,1,0,1
52999109,31,4,27,1,0,1,2,2,0,10,1,9,2,0,2,16,1,15,0,0,0
52999110,27,16,11,2,0,2,9,6,3,15,10,5,0,0,0,1,0,1,0,0,0
52999112,76,36,40,9,3,6,27,17,10,29,12,17,1,0,1,9,4,5,1,0,1
52999114,30,14,16,7,4,3,12,7,5,8,2,6,1,0,1,2,1,1,0,0,0
0764141,0,0,0,0,0,0,0,0,0,0,0,0,0,0,0,0,0,0,0,0,0
53000001,336,175,161,43,20,23,149,87,62,83,40,43,5,0,5,33,11,22,23,17,6
53000002,28,13,15,2,1,1,15,8,7,7,4,3,0,0,0,4,0,4,0,0,0
53002601,71,39,32,10,3,7,27,18,9,21,11,10,2,1,1,9,5,4,2,1,1
53005101,308,152,156,47,23,24,94,54,40,95,40,55,6,0,6,49,27,22,17,8,9
53005102,21,12,9,3,2,1,3,3,0,7,2,5,0,0,0,6,3,3,2,2,0
53005103,24,13,11,3,1,2,13,8,5,3,2,1,0,0,0,5,2,3,0,0,0
53005104,328,174,154,36,16,20,134,89,45,93,42,51,10,4,6,41,15,26,14,8,6
53005105,25,15,10,3,1,2,10,8,2,7,3,4,0,0,0,4,2,2,1,1,0
53006901,185,94,91,34,12,22,74,43,31,48,22,26,3,1,2,18,10,8,8,6,2
53225801,58,29,29,6,3,3,25,14,11,16,6,10,1,1,0,8,4,4,2,1,1
53009301,90,50,40,15,9,6,27,16,11,26,10,16,2,1,1,15,11,4,5,3,2
53009302,130,66,64,19,7,12,48,29,19,44,21,23,4,1,3,9,4,5,6,4,2
53009303,59,28,31,8,3,5,27,14,13,16,7,9,2,2,0,5,1,4,1,1,0
53009304,16,9,7,1,0,1,4,2,2,6,4,2,0,0,0,4,2,2,1,1,0
53009305,55,27,28,5,0,5,25,14,11,15,9,6,2,0,2,3,2,1,5,2,3
53009306,29,16,13,4,2,2,10,6,4,8,3,5,1,0,1,4,4,0,2,1,1
53009307,82,38,44,12,7,5,39,17,22,19,9,10,2,1,1,6,2,4,4,2,2
53009308,22,13,9,2,0,2,13,8,5,7,5,2,0,0,0,0,0,0,0,0,0
53010701,38,19,19,5,2,3,11,8,3,16,6,10,0,0,0,3,1,2,3,2,1
53010702,479,230,249,44,11,33,177,108,69,149,60,89,11,3,8,66,25,41,32,23,9
53010704,17,8,9,1,0,1,10,5,5,3,3,0,0,0,0,3,0,3,0,0,0
53219301,199,105,94,21,10,11,45,28,17,79,37,42,6,3,3,29,16,13,19,11,8
53219302,198,103,95,14,6,8,47,26,21,68,34,34,2,1,1,58,30,28,9,6,3
1901282,0,0,0,0,0,0,0,0,0,0,0,0,0,0,0,0,0,0,0,0,0
53011501,247,113,134,30,8,22,93,57,36,78,28,50,4,0,4,30,15,15,12,5,7
53011502,39,19,20,5,1,4,22,12,10,7,3,4,0,0,0,5,3,2,0,0,0
53011504,33,18,15,5,3,2,12,7,5,8,1,7,0,0,0,4,3,1,4,4,0
53011505,33,19,14,3,0,3,13,9,4,5,2,3,1,1,0,9,5,4,2,2,0
53011506,24,11,13,3,1,2,14,8,6,7,2,5,0,0,0,0,0,0,0,0,0
53011507,28,13,15,2,0,2,16,9,7,7,4,3,1,0,1,2,0,2,0,0,0
53011508,34,18,16,3,0,3,20,13,7,5,2,3,0,0,0,4,2,2,2,1,1
53011509,21,12,9,0,0,0,11,7,4,7,4,3,0,0,0,3,1,2,0,0,0
53011510,46,21,25,3,1,2,12,6,6,13,5,8,0,0,0,16,7,9,2,2,0
53011512,70,41,29,9,5,4,32,24,8,21,9,12,1,0,1,3,1,2,4,2,2
53011517,17,7,10,2,1,1,6,3,3,6,2,4,0,0,0,3,1,2,0,0,0
53015801,30,13,17,4,1,3,13,8,5,11,4,7,0,0,0,2,0,2,0,0,0
53015802,171,88,83,21,10,11,60,38,22,62,27,35,1,0,1,21,9,12,6,4,2
53015803,76,37,39,10,3,7,35,21,14,18,7,11,4,2,2,5,2,3,4,2,2
53015804,19,9,10,1,0,1,11,8,3,5,1,4,1,0,1,1,0,1,0,0,0
53016601,25,14,11,3,0,3,13,8,5,5,3,2,0,0,0,4,3,1,0,0,0
53016602,534,263,271,63,20,43,231,135,96,155,74,81,10,2,8,56,20,36,19,12,7
53016604,54,24,30,10,4,6,27,11,16,9,4,5,1,0,1,0,0,0,7,5,2
53016606,22,13,9,3,2,1,10,7,3,7,2,5,0,0,0,2,2,0,0,0,0
53016607,32,17,15,7,5,2,9,6,3,11,5,6,0,0,0,3,0,3,2,1,1
53016610,61,33,28,11,3,8,31,20,11,13,7,6,0,0,0,5,3,2,1,0,1
53017401,159,86,73,13,4,9,56,34,22,64,32,32,3,3,0,17,9,8,6,4,2
53019101,185,95,90,21,7,14,85,49,36,52,28,24,3,0,3,19,8,11,5,3,2
53020401,52,30,22,6,1,5,18,12,6,18,11,7,2,2,0,7,4,3,1,0,1
53020402,571,278,293,61,22,39,158,95,63,201,92,109,9,3,6,116,52,64,26,14,12
53020404,113,56,57,6,2,4,47,25,22,40,21,19,3,1,2,15,6,9,2,1,1
1499690,0,0,0,0,0,0,0,0,0,0,0,0,0,0,0,0,0,0,0,0,0
53021201,66,34,32,2,1,1,23,15,8,24,12,12,0,0,0,12,4,8,5,2,3
53021202,44,23,21,2,0,2,18,10,8,14,7,7,1,0,1,5,3,2,4,3,1
53021203,65,36,29,13,5,8,25,19,6,22,8,14,0,0,0,3,2,1,2,2,0
53021204,566,303,263,74,39,35,236,146,90,164,77,87,6,5,1,47,19,28,39,17,22
53021205,32,19,13,3,1,2,16,11,5,12,7,5,0,0,0,1,0,1,0,0,0
53021206,19,11,8,2,1,1,11,6,5,5,3,2,0,0,0,1,1,0,0,0,0
53021207,31,16,15,4,1,3,13,8,5,9,5,4,0,0,0,5,2,3,0,0,0
53021208,29,14,15,3,1,2,6,3,3,12,6,6,1,0,1,7,4,3,0,0,0
53021209,29,16,13,10,4,6,11,8,3,6,3,3,0,0,0,1,0,1,1,1,0
53026301,199,101,98,24,11,13,60,38,22,65,28,37,2,0,2,41,20,21,7,4,3
53026302,448,216,232,53,18,35,140,84,56,171,69,102,2,0,2,62,31,31,20,14,6
53026303,19,9,10,2,1,1,5,3,2,8,4,4,0,0,0,4,1,3,0,0,0
53029801,44,22,22,5,4,1,18,10,8,14,6,8,1,0,1,6,2,4,0,0,0
53029802,25,13,12,4,3,1,9,4,5,7,3,4,0,0,0,4,2,2,1,1,0
53029803,819,406,413,99,48,51,310,180,130,264,115,149,7,2,5,95,37,58,44,24,20
53029804,22,9,13,4,1,3,8,4,4,4,2,2,0,0,0,4,1,3,2,1,1
53029805,30,17,13,2,0,2,15,9,6,11,7,4,0,0,0,1,0,1,1,1,0
53029806,22,13,9,1,1,0,8,6,2,8,4,4,0,0,0,5,2,3,0,0,0
53030101,30,15,15,5,3,2,15,9,6,8,2,6,1,0,1,1,1,0,0,0,0
53030102,24,11,13,6,0,6,10,8,2,7,3,4,0,0,0,1,0,1,0,0,0
53030103,21,14,7,3,2,1,7,6,1,6,3,3,1,1,0,2,1,1,2,1,1
53030104,17,7,10,2,1,1,10,5,5,4,1,3,0,0,0,0,0,0,1,0,1
53030105,24,15,9,0,0,0,7,3,4,11,8,3,1,0,1,5,4,1,0,0,0
53030106,72,38,34,14,7,7,34,21,13,16,5,11,1,0,1,2,2,0,5,3,2
53030107,34,18,16,5,3,2,13,8,5,8,2,6,1,0,1,4,2,2,3,3,0
53030108,158,90,68,15,7,8,68,46,22,41,14,27,1,1,0,12,3,9,21,19,2
53030109,36,17,19,2,1,1,15,9,6,10,4,6,3,2,1,6,1,5,0,0,0
53030116,15,7,8,2,0,2,4,3,1,6,3,3,1,1,0,2,0,2,0,0,0
1358101,0,0,0,0,0,0,0,0,0,0,0,0,0,0,0,0,0,0,0,0,0
53031001,23,12,11,5,1,4,12,7,5,6,4,2,0,0,0,0,0,0,0,0,0
53031002,73,37,36,8,6,2,28,16,12,25,9,16,2,1,1,7,4,3,3,1,2
53031003,39,23,16,3,1,2,22,16,6,10,3,7,0,0,0,4,3,1,0,0,0
53031004,51,24,27,3,1,2,19,10,9,20,10,10,1,0,1,6,2,4,2,1,1
53031005,126,73,53,13,7,6,53,36,17,40,20,20,1,0,1,12,5,7,7,5,2
53031006,60,28,32,13,6,7,19,9,10,19,11,8,0,0,0,8,2,6,1,0,1
53031007,45,25,20,1,1,0,27,15,12,9,6,3,1,0,1,5,2,3,2,1,1
53031008,19,10,9,1,0,1,10,7,3,6,2,4,0,0,0,2,1,1,0,0,0
53031009,86,44,42,10,4,6,32,20,12,27,14,13,2,0,2,14,6,8,1,0,1
53031010,40,18,22,4,1,3,23,14,9,10,2,8,0,0,0,1,1,0,2,0,2
53031011,21,11,10,5,2,3,4,3,1,11,6,5,0,0,0,1,0,1,0,0,0
53031012,35,16,19,10,4,6,14,6,8,9,5,4,0,0,0,1,0,1,1,1,0
53031013,43,18,25,9,2,7,18,12,6,9,2,7,1,0,1,5,2,3,1,0,1
53031015,1152,561,591,143,64,79,430,245,185,358,151,207,20,8,12,146,54,92,55,39,16
53031016,218,146,72,142,103,39,19,11,8,13,5,8,1,0,1,11,3,8,32,24,8
53031018,52,26,26,9,4,5,20,12,8,17,8,9,0,0,0,6,2,4,0,0,0
53031019,34,17,17,2,1,1,17,11,6,12,4,8,0,0,0,3,1,2,0,0,0
53031020,23,11,12,4,1,3,10,5,5,8,4,4,0,0,0,1,1,0,0,0,0
53031021,93,50,43,14,8,6,44,31,13,21,6,15,2,1,1,7,3,4,5,1,4
1098861,0,0,0,0,0,0,0,0,0,0,0,0,0,0,0,0,0,0,0,0,0
53034402,103,50,53,18,2,16,37,20,17,36,22,14,3,0,3,8,5,3,1,1,0
53034403,47,20,27,4,0,4,16,9,7,15,8,7,1,0,1,10,3,7,1,0,1
53034404,615,315,300,72,23,49,215,131,84,207,98,109,7,1,6,77,34,43,37,28,9
53034406,49,23,26,3,0,3,18,14,4,10,2,8,1,0,1,11,5,6,6,2,4
53034407,41,21,20,5,3,2,14,8,6,7,4,3,2,0,2,13,6,7,0,0,0
53034408,102,54,48,9,3,6,43,26,17,31,14,17,2,2,0,15,7,8,2,2,0
53034409,37,20,17,3,1,2,18,13,5,8,2,6,4,2,2,2,0,2,2,2,0
53034410,136,70,66,22,9,13,52,27,25,49,29,20,1,1,0,9,3,6,3,1,2
59939501,48,26,22,6,3,3,17,12,5,13,6,7,0,0,0,4,0,4,8,5,3
53035202,34,17,17,3,1,2,12,7,5,12,6,6,1,0,1,5,2,3,1,1,0
53035203,283,126,157,46,12,34,107,58,49,90,38,52,3,0,3,29,15,14,8,3,5
53035204,63,29,34,10,3,7,17,8,9,26,12,14,1,1,0,9,5,4,0,0,0
53307601,193,90,103,24,6,18,72,42,30,62,26,36,1,0,1,23,12,11,11,4,7
53040901,197,97,100,26,8,18,82,48,34,59,22,37,2,1,1,17,10,7,11,8,3
53040902,17,10,7,0,0,0,5,4,1,5,2,3,0,0,0,7,4,3,0,0,0
53040903,32,15,17,4,2,2,10,7,3,11,3,8,1,1,0,5,2,3,1,0,1
53264902,62,32,30,8,5,3,28,17,11,22,8,14,0,0,0,2,1,1,2,1,1
53264903,135,67,68,8,4,4,56,36,20,51,18,33,1,1,0,14,6,8,5,2,3
53264904,41,20,21,1,1,0,15,10,5,11,3,8,3,2,1,9,3,6,2,1,1
53044101,91,43,48,12,6,6,32,18,14,31,11,20,2,1,1,13,7,6,1,0,1
53044102,49,24,25,3,1,2,15,8,7,18,8,10,4,2,2,7,3,4,2,2,0
53044103,1054,527,527,112,53,59,287,164,123,372,169,203,23,9,14,212,99,113,48,33,15
53045001,41,17,24,6,2,4,16,8,8,12,3,9,0,0,0,3,2,1,4,2,2
53045002,39,22,17,3,1,2,13,8,5,16,10,6,3,2,1,4,1,3,0,0,0
53045003,80,40,40,11,3,8,26,17,9,32,14,18,1,0,1,7,4,3,3,2,1
53045005,45,20,25,5,1,4,24,14,10,11,4,7,1,0,1,4,1,3,0,0,0
53045006,99,51,48,9,5,4,28,17,11,34,17,17,4,1,3,19,8,11,5,3,2
53045007,19,10,9,2,2,0,8,4,4,4,3,1,0,0,0,5,1,4,0,0,0
53045008,74,39,35,6,1,5,32,22,10,25,10,15,1,1,0,7,3,4,3,2,1
53045009,65,30,35,7,2,5,26,14,12,23,12,11,0,0,0,7,1,6,2,1,1
53045011,101,52,49,19,5,14,29,19,10,35,22,13,2,0,2,14,5,9,2,1,1
53045012,54,29,25,6,3,3,15,11,4,21,9,12,1,1,0,10,4,6,1,1,0
53045013,534,275,259,53,23,30,216,125,91,155,70,85,7,2,5,64,33,31,39,22,17
53045014,20,10,10,1,1,0,8,6,2,11,3,8,0,0,0,0,0,0,0,0,0
53045016,20,11,9,5,3,2,1,1,0,7,4,3,0,0,0,7,3,4,0,0,0
53047601,38,21,17,7,2,5,14,9,5,12,7,5,1,0,1,4,3,1,0,0,0
53047602,81,37,44,9,1,8,29,16,13,30,15,15,2,1,1,8,3,5,3,1,2
53047604,35,19,16,7,5,2,19,11,8,6,2,4,0,0,0,3,1,2,0,0,0
53047605,303,158,145,50,20,30,104,63,41,98,48,50,3,2,1,32,14,18,16,11,5
53047606,28,13,15,6,3,3,7,5,2,9,3,6,0,0,0,6,2,4,0,0,0
3323300,0,0,0,0,0,0,0,0,0,0,0,0,0,0,0,0,0,0,0,0,0
53049201,25,12,13,1,1,0,9,5,4,6,2,4,0,0,0,7,3,4,2,1,1
53049202,28,14,14,2,2,0,4,2,2,11,4,7,2,0,2,7,5,2,2,1,1
53049203,238,118,120,21,3,18,95,56,39,81,36,45,0,0,0,30,15,15,11,8,3
53049205,55,28,27,4,2,2,15,9,6,25,13,12,1,0,1,10,4,6,0,0,0
53051401,110,58,52,11,4,7,42,28,14,31,12,19,0,0,0,16,10,6,10,4,6
53868001,80,36,44,7,1,6,22,12,10,30,16,14,5,0,5,15,6,9,1,1,0
53868002,44,25,19,3,2,1,9,7,2,14,6,8,1,1,0,14,8,6,3,1,2
53868003,82,42,40,11,6,5,24,15,9,25,12,13,2,0,2,19,8,11,1,1,0
53868004,948,457,491,87,38,49,271,144,127,309,133,176,20,9,11,214,101,113,47,32,15
53868005,286,140,146,27,10,17,40,17,23,109,54,55,5,3,2,92,45,47,13,11,2
53868006,316,158,158,38,19,19,71,46,25,114,47,67,9,4,5,75,38,37,9,4,5
53052201,60,33,27,8,3,5,25,19,6,16,4,12,2,1,1,5,4,1,4,2,2
53052202,42,21,21,7,2,5,13,6,7,10,4,6,3,2,1,7,5,2,2,2,0
53052203,56,28,28,6,1,5,24,12,12,15,7,8,0,0,0,8,5,3,3,3,0
53052204,40,16,24,1,0,1,7,4,3,22,8,14,1,1,0,6,1,5,3,2,1
53052205,33,16,17,1,0,1,9,7,2,12,3,9,0,0,0,9,4,5,2,2,0
53052206,45,24,21,5,3,2,8,3,5,20,10,10,0,0,0,9,6,3,3,2,1
53053102,31,19,12,6,3,3,13,10,3,8,3,5,0,0,0,4,3,1,0,0,0
53053103,284,139,145,26,3,23,122,74,48,95,41,54,2,0,2,27,16,11,12,5,7
53054901,139,70,69,17,6,11,72,41,31,26,12,14,0,0,0,15,5,10,9,6,3
53255001,175,88,87,22,8,14,66,41,25,58,24,34,3,0,3,20,11,9,6,4,2
53255002,37,19,18,6,5,1,9,3,6,14,6,8,0,0,0,7,4,3,1,1,0
53871001,52,27,25,9,3,6,15,10,5,18,8,10,0,0,0,8,4,4,2,2,0
53871002,156,78,78,16,7,9,47,30,17,54,25,29,1,1,0,31,11,20,7,4,3
53871003,71,36,35,10,3,7,25,16,9,26,9,17,0,0,0,8,6,2,2,2,0
53871004,33,15,18,3,2,1,12,6,6,6,1,5,1,1,0,9,4,5,2,1,1
53871005,31,16,15,6,3,3,3,2,1,15,8,7,0,0,0,7,3,4,0,0,0
53871006,77,40,37,12,3,9,20,13,7,18,9,9,1,0,1,20,10,10,6,5,1
53871007,31,14,17,2,1,1,7,2,5,9,6,3,2,1,1,10,4,6,1,0,1
53294101,172,91,81,13,5,8,63,39,24,70,34,36,3,1,2,16,7,9,7,5,2
53438201,88,44,44,15,4,11,39,23,16,17,10,7,3,1,2,11,5,6,3,1,2
53438202,623,305,318,71,27,44,217,123,94,227,97,130,11,4,7,86,46,40,11,8,3
53438203,72,36,36,10,4,6,18,10,8,31,16,15,1,0,1,12,6,6,0,0,0
53438204,29,14,15,8,5,3,8,4,4,7,1,6,1,1,0,4,2,2,1,1,0
53438205,22,13,9,2,1,1,7,5,2,9,5,4,1,1,0,3,1,2,0,0,0
53438206,2327,1155,1172,385,152,233,908,504,404,673,316,357,25,11,14,185,85,100,151,87,64
53223101,24,12,12,2,1,1,10,7,3,7,3,4,1,0,1,4,1,3,0,0,0
53061101,40,20,20,5,2,3,18,10,8,13,6,7,2,1,1,2,1,1,0,0,0
53061102,24,11,13,3,0,3,10,7,3,7,3,4,0,0,0,3,1,2,1,0,1
53061103,32,14,18,4,1,3,13,8,5,13,4,9,0,0,0,2,1,1,0,0,0
53061104,130,70,60,6,3,3,74,44,30,35,18,17,1,0,1,11,3,8,3,2,1
53243601,80,44,36,12,4,8,37,25,12,20,8,12,2,1,1,7,4,3,2,2,0
53063801,66,33,33,7,3,4,14,7,7,17,10,7,0,0,0,26,12,14,2,1,1
53063802,14,8,6,0,0,0,4,3,1,1,0,1,0,0,0,9,5,4,0,0,0
53063803,234,119,115,17,10,7,72,44,28,89,36,53,4,1,3,38,18,20,14,10,4
53063804,43,19,24,7,3,4,15,9,6,13,3,10,1,1,0,7,3,4,0,0,0
59938701,21,11,10,5,3,2,9,5,4,4,2,2,0,0,0,3,1,2,0,0,0
59938702,27,14,13,4,2,2,12,8,4,9,3,6,0,0,0,2,1,1,0,0,0
59938703,161,77,84,27,7,20,63,40,23,44,17,27,3,0,3,18,10,8,6,3,3
59937901,77,44,33,8,4,4,31,19,12,22,9,13,3,2,1,8,5,3,5,5,0
59937902,16,8,8,2,0,2,5,4,1,7,2,5,0,0,0,2,2,0,0,0,0
59936101,112,58,54,14,7,7,58,37,21,31,11,20,2,1,1,2,0,2,5,2,3
53068901,81,38,43,13,6,7,31,20,11,28,9,19,1,0,1,7,2,5,1,1,0
53068902,24,11,13,1,0,1,7,2,5,13,8,5,1,0,1,1,0,1,1,1,0
53068903,41,20,21,8,3,5,12,6,6,11,6,5,1,1,0,8,3,5,1,1,0
53068905,32,14,18,4,2,2,13,6,7,10,4,6,0,0,0,5,2,3,0,0,0
53068906,59,31,28,3,1,2,25,17,8,20,6,14,0,0,0,8,4,4,3,3,0
53068907,67,33,34,6,3,3,16,11,5,26,10,16,3,2,1,13,5,8,3,2,1
53068908,73,34,39,6,3,3,25,11,14,25,14,11,1,0,1,12,5,7,4,1,3
53068909,68,34,34,5,4,1,17,9,8,31,16,15,0,0,0,14,5,9,1,0,1
53068910,326,173,153,39,16,23,122,79,43,111,55,56,5,3,2,39,13,26,10,7,3
53070101,32,16,16,5,1,4,11,6,5,6,2,4,1,0,1,8,6,2,1,1,0
53070103,118,58,60,9,5,4,52,27,25,37,17,20,0,0,0,14,5,9,6,4,2
53070104,118,67,51,19,8,11,53,40,13,32,14,18,0,0,0,6,3,3,8,2,6
53071901,86,45,41,7,5,2,34,20,14,26,14,12,3,1,2,13,4,9,3,1,2
1624340,0,0,0,0,0,0,0,0,0,0,0,0,0,0,0,0,0,0,0,0,0
53250901,28,14,14,7,4,3,9,4,5,8,5,3,1,0,1,3,1,2,0,0,0
53250902,22,13,9,3,1,2,9,6,3,6,4,2,1,0,1,2,2,0,1,0,1
53075101,52,25,27,9,3,6,19,15,4,13,3,10,0,0,0,11,4,7,0,0,0
53075102,237,113,124,31,10,21,67,39,28,74,39,35,5,2,3,45,16,29,15,7,8
53076001,87,40,47,12,3,9,29,18,11,31,11,20,0,0,0,12,5,7,3,3,0
53076002,30,15,15,4,1,3,11,7,4,11,5,6,1,0,1,3,2,1,0,0,0
53076003,28,14,14,2,2,0,9,4,5,15,8,7,0,0,0,2,0,2,0,0,0
53076004,241,123,118,35,19,16,59,38,21,97,45,52,7,1,6,37,17,20,6,3,3
53077802,57,31,26,5,3,2,23,15,8,23,12,11,1,0,1,3,0,3,2,1,1
53077804,84,47,37,8,2,6,34,24,10,26,13,13,2,0,2,10,5,5,4,3,1
53077805,27,18,9,4,2,2,12,8,4,7,5,2,0,0,0,1,1,0,3,2,1
53259201,204,106,98,23,11,12,79,42,37,65,30,35,3,1,2,24,13,11,10,9,1
53254101,113,58,55,16,4,12,45,28,17,32,12,20,1,0,1,8,6,2,11,8,3
53081601,76,39,37,9,3,6,28,18,10,25,11,14,0,0,0,9,5,4,5,2,3
53081602,76,39,37,5,2,3,32,21,11,20,7,13,1,0,1,17,8,9,1,1,0
53081603,77,36,41,7,1,6,40,24,16,21,8,13,1,0,1,4,2,2,4,1,3
53081604,89,42,47,7,0,7,38,26,12,23,3,20,0,0,0,14,9,5,7,4,3
53081606,812,401,411,97,38,59,289,165,124,249,113,136,12,7,5,86,33,53,79,45,34
53230401,80,40,40,10,2,8,39,24,15,23,10,13,0,0,0,8,4,4,0,0,0
53084101,156,78,78,15,6,9,54,31,23,59,26,33,5,2,3,23,13,10,0,0,0
53084102,46,24,22,8,2,6,20,14,6,11,5,6,2,1,1,5,2,3,0,0,0
53084103,367,180,187,37,17,20,151,91,60,119,46,73,2,1,1,41,20,21,17,5,12
53084104,180,89,91,20,11,9,53,32,21,80,33,47,3,1,2,20,10,10,4,2,2
53084105,213,110,103,24,9,15,81,49,32,68,34,34,2,0,2,28,14,14,10,4,6
53084106,272,133,139,32,16,16,77,42,35,109,53,56,5,3,2,37,14,23,12,5,7
53084107,459,230,229,61,24,37,145,91,54,149,72,77,14,3,11,80,36,44,10,4,6
53084108,356,169,187,40,17,23,101,49,52,142,67,75,6,0,6,52,28,24,15,8,7
53084109,2500,1200,1300,319,128,191,868,493,375,816,344,472,37,12,25,317,139,178,143,84,59
53084110,236,119,117,26,11,15,81,50,31,87,40,47,2,1,1,36,16,20,4,1,3
53206101,335,165,170,45,18,27,133,74,59,103,47,56,7,2,5,25,11,14,22,13,9
53206102,91,47,44,9,5,4,27,19,8,33,11,22,2,2,0,19,9,10,1,1,0
53206103,65,35,30,8,1,7,20,14,6,25,13,12,1,0,1,11,7,4,0,0,0
1781012,0,0,0,0,0,0,0,0,0,0,0,0,0,0,0,0,0,0,0,0,0
53086701,90,49,41,14,6,8,40,26,14,20,6,14,5,4,1,4,2,2,7,5,2
53086703,164,86,78,19,7,12,62,37,25,62,32,30,5,0,5,11,7,4,5,3,2
53086705,23,14,9,3,1,2,12,7,5,5,3,2,0,0,0,3,3,0,0,0,0
1834910,0,0,0,0,0,0,0,0,0,0,0,0,0,0,0,0,0,0,0,0,0
3070090,0,0,0,0,0,0,0,0,0,0,0,0,0,0,0,0,0,0,0,0,0
3340490,0,0,0,0,0,0,0,0,0,0,0,0,0,0,0,0,0,0,0,0,0
53088301,231,114,117,30,8,22,93,55,38,66,35,31,9,4,5,21,7,14,12,5,7
53088302,116,55,61,14,2,12,45,26,19,38,21,17,4,2,2,13,3,10,2,1,1
53088303,26,14,12,5,0,5,10,8,2,8,4,4,0,0,0,1,1,0,2,1,1
53088304,507,252,255,72,23,49,198,120,78,142,57,85,13,6,7,54,28,26,28,18,10
53088306,51,27,24,1,0,1,22,10,12,18,13,5,0,0,0,6,2,4,4,2,2
53088308,86,49,37,12,7,5,28,20,8,28,13,15,0,0,0,16,7,9,2,2,0
53088309,43,22,21,7,3,4,14,8,6,10,3,7,1,0,1,9,6,3,2,2,0
53088310,16,8,8,1,1,0,6,4,2,8,3,5,0,0,0,1,0,1,0,0,0
53088311,25,15,10,3,0,3,9,6,3,7,4,3,2,2,0,3,2,1,1,1,0
53088312,364,180,184,53,20,33,110,68,42,121,58,63,3,1,2,64,26,38,13,7,6
53088313,139,71,68,13,8,5,40,26,14,53,26,27,3,0,3,26,9,17,4,2,2
53088315,982,427,555,160,46,114,354,182,172,294,122,172,10,2,8,99,40,59,65,35,30
53088316,1642,735,907,250,74,176,616,312,304,494,215,279,24,8,16,172,84,88,86,42,44
53088317,2350,1119,1231,268,101,167,740,405,335,763,334,429,31,9,22,331,136,195,217,134,83
53088318,40,22,18,8,3,5,9,7,2,11,5,6,1,1,0,11,6,5,0,0,0
53088321,776,387,389,79,29,50,238,137,101,289,135,154,13,7,6,136,65,71,21,14,7
53088323,2168,1062,1106,243,90,153,598,370,228,867,395,472,37,13,24,363,160,203,60,34,26
53261401,91,52,39,11,4,7,41,32,9,27,11,16,2,0,2,8,3,5,2,2,0
53089101,47,23,24,12,4,8,19,13,6,8,4,4,1,0,1,5,1,4,2,1,1
53089103,44,21,23,5,0,5,13,9,4,24,11,13,0,0,0,1,0,1,1,1,0
53089104,29,16,13,4,2,2,13,10,3,5,2,3,1,0,1,6,2,4,0,0,0
53089105,34,19,15,4,1,3,19,13,6,9,5,4,0,0,0,2,0,2,0,0,0
53089106,306,135,171,58,17,41,125,59,66,66,29,37,2,1,1,29,11,18,26,18,8
53089107,23,8,15,3,0,3,13,7,6,6,1,5,0,0,0,1,0,1,0,0,0
0152702,0,0,0,0,0,0,0,0,0,0,0,0,0,0,0,0,0,0,0,0,0
53090501,83,38,45,14,4,10,33,20,13,22,6,16,2,2,0,7,3,4,5,3,2
53090503,35,18,17,2,1,1,17,9,8,9,5,4,0,0,0,5,2,3,2,1,1
53090504,25,12,13,1,0,1,12,6,6,7,3,4,1,1,0,3,1,2,1,1,0
53090505,30,18,12,3,1,2,15,13,2,7,1,6,1,0,1,4,3,1,0,0,0
53090506,44,23,21,6,3,3,18,12,6,15,5,10,1,0,1,2,2,0,2,1,1
53090508,66,35,31,8,2,6,23,17,6,21,10,11,0,0,0,12,5,7,2,1,1
53090509,32,16,16,7,2,5,10,7,3,7,5,2,1,0,1,5,2,3,2,0,2
53090510,23,11,12,1,0,1,8,6,2,10,4,6,0,0,0,0,0,0,4,1,3
53090511,51,26,25,3,0,3,21,13,8,15,8,7,1,0,1,3,1,2,8,4,4
53090512,38,17,21,4,1,3,20,10,10,12,6,6,0,0,0,2,0,2,0,0,0
53090514,31,16,15,3,0,3,8,6,2,15,8,7,0,0,0,4,1,3,1,1,0
53090515,21,10,11,3,0,3,11,8,3,6,2,4,0,0,0,1,0,1,0,0,0
53090516,71,34,37,6,2,4,33,21,12,27,10,17,2,1,1,3,0,3,0,0,0
53090518,21,9,12,1,0,1,3,2,1,8,4,4,1,1,0,7,2,5,1,0,1
53090521,50,26,24,8,4,4,19,14,5,14,6,8,0,0,0,7,2,5,2,0,2
53090523,271,126,145,39,15,24,90,45,45,94,44,50,4,2,2,38,17,21,6,3,3
53090524,1959,916,1043,273,98,175,708,391,317,651,269,382,30,8,22,213,102,111,84,48,36
53090525,401,192,209,70,33,37,165,93,72,108,41,67,3,1,2,27,10,17,28,14,14
53090526,368,196,172,41,17,24,115,77,38,118,54,64,6,3,3,45,17,28,43,28,15
53090527,36,16,20,1,1,0,10,5,5,13,4,9,2,1,1,8,4,4,2,1,1
53091301,94,50,44,15,6,9,39,23,16,28,15,13,1,1,0,6,3,3,5,2,3
53091302,229,118,111,24,9,15,82,51,31,80,34,46,10,4,6,29,17,12,4,3,1
1853533,0,0,0,0,0,0,0,0,0,0,0,0,0,0,0,0,0,0,0,0,0
53092101,69,37,32,7,3,4,29,22,7,19,4,15,1,1,0,7,3,4,6,4,2
53092102,76,37,39,10,3,7,19,11,8,21,10,11,1,1,0,24,11,13,1,1,0
53092103,141,66,75,16,2,14,52,30,22,44,19,25,4,0,4,15,10,5,10,5,5
53092104,87,47,40,11,5,6,19,14,5,32,14,18,1,1,0,18,9,9,6,4,2
1864653,0,0,0,0,0,0,0,0,0,0,0,0,0,0,0,0,0,0,0,0,0
53094801,21,12,9,0,0,0,13,6,7,6,5,1,0,0,0,2,1,1,0,0,0
53094802,43,22,21,6,3,3,19,11,8,11,6,5,2,0,2,5,2,3,0,0,0
53094803,32,17,15,5,2,3,13,10,3,6,2,4,0,0,0,8,3,5,0,0,0
53094806,28,13,15,2,0,2,18,11,7,5,1,4,1,0,1,1,0,1,1,1,0
53094807,20,9,11,1,0,1,7,4,3,5,2,3,1,0,1,4,1,3,2,2,0
53094808,38,18,20,2,0,2,15,9,6,16,6,10,1,1,0,3,1,2,1,1,0
53094809,652,326,326,80,28,52,255,154,101,201,93,108,8,2,6,78,30,48,30,19,11
53226601,94,45,49,10,3,7,28,19,9,39,17,22,0,0,0,17,6,11,0,0,0
51348201,62,30,32,10,3,7,25,14,11,15,6,9,2,0,2,7,5,2,3,2,1
51348202,104,53,51,17,6,11,41,26,15,32,15,17,3,1,2,5,3,2,6,2,4
57141501,47,26,21,7,5,2,16,10,6,14,5,9,1,0,1,6,3,3,3,3,0
53102201,439,221,218,39,14,25,167,100,67,162,74,88,7,2,5,53,23,30,11,8,3
0834452,0,0,0,0,0,0,0,0,0,0,0,0,0,0,0,0,0,0,0,0,0
53104901,26,11,15,5,1,4,13,8,5,5,0,5,0,0,0,2,2,0,1,0,1
53104902,18,7,11,3,0,3,11,6,5,3,1,2,0,0,0,1,0,1,0,0,0
53104903,71,34,37,12,4,8,29,15,14,16,9,7,1,0,1,9,4,5,4,2,2
53104904,86,48,38,48,27,21,22,13,9,9,3,6,0,0,0,3,2,1,4,3,1
53104906,29,18,11,6,3,3,7,7,0,6,2,4,0,0,0,4,2,2,6,4,2
53104908,128,64,64,20,6,14,48,30,18,34,12,22,2,1,1,20,11,9,4,4,0
0012105,0,0,0,0,0,0,0,0,0,0,0,0,0,0,0,0,0,0,0,0,0
53442101,189,98,91,21,11,10,82,51,31,66,28,38,1,0,1,12,5,7,7,3,4
53442102,23,11,12,3,1,2,7,5,2,7,3,4,2,1,1,4,1,3,0,0,0
53442103,32,16,16,2,0,2,12,7,5,7,5,2,0,0,0,11,4,7,0,0,0
53442104,61,30,31,3,2,1,16,10,6,30,14,16,1,0,1,10,4,6,1,0,1
3209190,0,0,0,0,0,0,0,0,0,0,0,0,0,0,0,0,0,0,0,0,0
53105701,755,434,321,86,43,43,138,78,60,205,108,97,12,7,5,108,51,57,206,147,59
53105702,202,102,100,25,11,14,75,47,28,62,28,34,3,1,2,29,13,16,8,2,6
53105703,262,127,135,43,17,26,76,40,36,84,40,44,4,2,2,45,21,24,10,7,3
53105704,95,48,47,10,4,6,26,18,8,20,10,10,7,2,5,28,12,16,4,2,2
53105705,1037,469,568,93,34,59,185,103,82,387,144,243,20,10,10,331,168,163,21,10,11
53105706,70,34,36,15,6,9,17,10,7,25,9,16,0,0,0,6,4,2,7,5,2
53105707,706,317,389,84,34,50,83,39,44,223,94,129,14,1,13,285,137,148,17,12,5
53105708,30,15,15,4,1,3,10,5,5,8,3,5,1,1,0,5,3,2,2,2,0
53105709,346,154,192,40,13,27,46,16,30,87,42,45,5,2,3,149,74,75,19,7,12
53105710,284,151,133,35,14,21,68,43,25,85,37,48,13,9,4,42,18,24,41,30,11
53105711,56,29,27,3,2,1,14,9,5,24,12,12,0,0,0,10,4,6,5,2,3
53105712,169,88,81,25,15,10,59,36,23,49,25,24,2,0,2,25,8,17,9,4,5
53105713,522,244,278,51,22,29,84,47,37,179,81,98,13,4,9,183,85,98,12,5,7
53105714,2887,1351,1536,320,125,195,729,390,339,1047,454,593,58,25,33,540,244,296,193,113,80
53105715,2179,1002,1177,306,109,197,739,395,344,721,305,416,30,9,21,256,119,137,127,65,62
53105716,1007,457,550,105,41,64,245,132,113,386,157,229,13,4,9,219,103,116,39,20,19
53105717,1650,778,872,240,108,132,548,290,258,546,224,322,23,12,11,189,84,105,104,60,44
53105718,1785,859,926,212,89,123,467,268,199,645,299,346,36,14,22,338,148,190,87,41,46
53105719,53,27,26,3,1,2,16,8,8,19,9,10,0,0,0,12,8,4,3,1,2
53105720,50,26,24,6,4,2,16,8,8,19,10,9,0,0,0,8,3,5,1,1,0
53105722,100,49,51,2,1,1,7,3,4,35,18,17,3,1,2,44,18,26,9,8,1
53105723,83,37,46,2,1,1,15,8,7,30,10,20,16,8,8,6,2,4,14,8,6
53105724,912,431,481,100,43,57,239,141,98,329,135,194,11,5,6,212,91,121,21,16,5
53105726,1119,528,591,126,49,77,283,180,103,401,159,242,18,7,11,272,119,153,19,14,5
53105727,570,274,296,97,33,64,178,103,75,187,87,100,10,4,6,59,26,33,39,21,18
53107301,282,139,143,44,12,32,120,76,44,73,30,43,2,1,1,20,6,14,23,14,9
53108101,731,360,371,93,35,58,245,144,101,243,108,135,16,5,11,101,49,52,33,19,14
53108102,69,32,37,15,4,11,27,19,8,19,7,12,1,1,0,5,1,4,2,0,2
53109001,269,125,144,34,15,19,86,52,34,105,43,62,0,0,0,33,12,21,11,3,8
53110301,475,236,239,60,23,37,119,73,46,143,59,84,10,4,6,130,67,63,13,10,3
53414501,196,98,98,24,10,14,76,45,31,62,28,34,4,0,4,21,10,11,9,5,4
53112001,373,195,178,42,17,25,137,88,49,121,55,66,5,0,5,49,22,27,19,13,6
53113801,752,377,375,106,40,66,257,159,98,256,117,139,14,6,8,77,29,48,42,26,16
53113802,217,105,112,30,12,18,67,38,29,70,33,37,5,1,4,33,15,18,12,6,6
53115401,623,302,321,81,21,60,222,137,85,217,93,124,4,2,2,69,27,42,30,22,8
3303020,0,0,0,0,0,0,0,0,0,0,0,0,0,0,0,0,0,0,0,0,0
53116201,219,119,100,30,14,16,62,38,24,92,47,45,3,0,3,30,18,12,2,2,0
53117101,728,346,382,55,24,31,179,99,80,259,110,149,20,8,12,192,93,99,23,12,11
53117102,279,140,139,30,10,20,70,45,25,89,41,48,6,4,2,77,37,40,7,3,4
0454110,0,0,0,0,0,0,0,0,0,0,0,0,0,0,0,0,0,0,0,0,0
0454380,0,0,0,0,0,0,0,0,0,0,0,0,0,0,0,0,0,0,0,0,0
53118901,883,444,439,108,44,64,287,158,129,263,119,144,9,2,7,101,39,62,115,82,33
53118902,558,287,271,55,22,33,186,116,70,162,69,93,16,7,9,75,39,36,64,34,30
53118903,123,61,62,19,5,14,37,24,13,39,18,21,0,0,0,22,11,11,6,3,3
53118904,27,10,17,2,0,2,10,6,4,9,2,7,1,1,0,4,1,3,1,0,1
53118905,1078,506,572,145,38,107,310,185,125,375,165,210,15,4,11,213,102,111,20,12,8
53118906,1025,472,553,107,42,65,297,154,143,347,145,202,22,9,13,170,69,101,82,53,29
53118907,65,31,34,10,3,7,17,11,6,19,9,10,5,2,3,11,5,6,3,1,2
53118908,214,119,95,28,15,13,63,36,27,71,41,30,11,5,6,26,11,15,15,11,4
53118909,613,288,325,68,29,39,158,89,69,222,101,121,14,3,11,124,50,74,27,16,11
53118910,1196,552,644,138,45,93,406,225,181,394,168,226,24,5,19,153,67,86,81,42,39
53120101,109,54,55,14,8,6,42,25,17,31,13,18,4,0,4,14,7,7,4,1,3
53120102,1198,616,582,143,51,92,473,294,179,348,157,191,14,3,11,149,65,84,71,46,25
53120103,79,28,51,32,8,24,29,10,19,12,5,7,1,0,1,5,5,0,0,0,0
53120104,37,18,19,4,0,4,22,14,8,6,2,4,0,0,0,4,1,3,1,1,0
53120105,149,77,72,10,4,6,68,41,27,42,17,25,3,1,2,16,8,8,10,6,4
53121901,340,182,158,46,23,23,105,67,38,121,51,70,7,3,4,49,28,21,12,10,2
53122702,25,17,8,1,1,0,10,7,3,7,7,0,0,0,0,5,0,5,2,2,0
53122703,1013,502,511,154,64,90,377,228,149,295,126,169,17,6,11,120,57,63,50,21,29
3303290,0,0,0,0,0,0,0,0,0,0,0,0,0,0,0,0,0,0,0,0,0
53123501,166,85,81,20,6,14,50,32,18,53,24,29,3,1,2,28,14,14,12,8,4
53123502,50,26,24,9,4,5,14,10,4,19,10,9,0,0,0,8,2,6,0,0,0
53124301,1695,841,854,189,84,105,438,256,182,634,283,351,25,6,19,347,176,171,62,36,26
3303370,0,0,0,0,0,0,0,0,0,0,0,0,0,0,0,0,0,0,0,0,0
53125101,126,67,59,13,5,8,41,26,15,52,29,23,3,2,1,15,3,12,2,2,0
53125102,57,27,30,4,2,2,16,9,7,22,9,13,1,1,0,12,5,7,2,1,1
53125103,202,104,98,19,5,14,70,49,21,67,23,44,4,3,1,30,14,16,12,10,2
53125104,67,33,34,4,1,3,25,15,10,26,10,16,0,0,0,12,7,5,0,0,0
53445501,195,99,96,25,7,18,97,57,40,49,22,27,4,3,1,11,3,8,9,7,2
53444701,565,294,271,70,31,39,183,111,72,181,90,91,7,2,5,82,32,50,42,28,14
53367001,857,429,428,87,40,47,199,116,83,291,135,156,13,3,10,229,113,116,38,22,16
53129401,995,503,492,138,55,83,326,204,122,351,152,199,9,2,7,105,54,51,66,36,30
53129402,132,70,62,16,3,13,54,35,19,32,16,16,1,0,1,22,11,11,7,5,2
53129403,65,35,30,1,0,1,18,11,7,31,18,13,1,0,1,14,6,8,0,0,0
53129404,113,54,59,12,4,8,50,31,19,30,10,20,1,0,1,14,5,9,6,4,2
53129405,16,8,8,0,0,0,3,2,1,7,3,4,1,0,1,5,3,2,0,0,0
53129406,259,121,138,34,9,25,63,44,19,89,35,54,1,0,1,65,30,35,7,3,4
53129407,58,28,30,6,2,4,9,6,3,25,8,17,1,1,0,17,11,6,0,0,0
53130801,167,85,82,18,5,13,71,43,28,49,24,25,1,0,1,22,11,11,6,2,4
53131601,86,39,47,6,3,3,26,15,11,31,11,20,5,2,3,13,5,8,5,3,2
53131602,231,126,105,26,15,11,76,43,33,69,37,32,7,1,6,35,17,18,18,13,5
53131603,328,161,167,32,14,18,111,65,46,116,50,66,2,0,2,57,27,30,10,5,5
53131604,79,39,40,5,2,3,24,17,7,32,14,18,0,0,0,16,5,11,2,1,1
53132401,21,10,11,3,1,2,11,6,5,5,3,2,0,0,0,2,0,2,0,0,0
53132402,80,40,40,10,4,6,21,15,6,24,9,15,3,1,2,20,10,10,2,1,1
53132403,1919,956,963,202,68,134,691,404,287,663,289,374,27,9,18,213,106,107,123,80,43
53133201,33,17,16,2,2,0,14,8,6,7,3,4,0,0,0,8,3,5,2,1,1
53133202,167,96,71,19,9,10,45,29,16,58,29,29,2,1,1,30,18,12,13,10,3
53379301,100,47,53,10,2,8,35,20,15,37,18,19,3,0,3,14,7,7,1,0,1
53407201,97,54,43,5,1,4,46,33,13,31,12,19,1,0,1,9,5,4,5,3,2
53407202,151,76,75,19,10,9,67,41,26,42,15,27,3,1,2,12,5,7,8,4,4
0730590,0,0,0,0,0,0,0,0,0,0,0,0,0,0,0,0,0,0,0,0,0
53320301,185,102,83,27,13,14,79,50,29,54,26,28,4,2,2,12,5,7,9,6,3
53320302,116,60,56,28,12,16,33,21,12,35,17,18,4,1,3,10,4,6,6,5,1
53320304,489,241,248,58,22,36,165,105,60,197,85,112,4,1,3,53,25,28,12,3,9
53320305,48,22,26,10,6,4,10,5,5,16,5,11,1,1,0,11,5,6,0,0,0
53320307,1131,546,585,169,75,94,328,178,150,395,187,208,17,6,11,161,69,92,61,31,30
53320309,297,147,150,25,11,14,44,24,20,124,61,63,10,3,7,90,46,44,4,2,2
53320310,436,220,216,42,22,20,94,52,42,149,74,75,16,4,12,129,65,64,6,3,3
53320311,994,490,504,74,34,40,163,104,59,386,191,195,18,9,9,330,146,184,23,6,17
53320312,565,276,289,71,36,35,119,66,53,186,84,102,10,3,7,166,79,87,13,8,5
53320313,131,86,45,13,6,7,19,11,8,14,11,3,1,0,1,3,2,1,81,56,25
53320314,1043,498,545,140,47,93,378,212,166,345,153,192,17,7,10,107,48,59,56,31,25
53320315,657,342,315,96,43,53,192,108,84,175,82,93,11,3,8,58,28,30,125,78,47
53320316,880,441,439,69,40,29,104,66,38,322,153,169,32,12,20,310,149,161,43,21,22
53320317,656,296,360,89,36,53,221,124,97,222,80,142,12,3,9,68,25,43,44,28,16
53320319,83,44,39,11,4,7,33,23,10,16,3,13,1,0,1,7,4,3,15,10,5
53137501,362,179,183,36,15,21,127,75,52,121,53,68,2,2,0,52,21,31,24,13,11
53137502,156,81,75,15,8,7,61,39,22,51,21,30,2,0,2,22,9,13,5,4,1
53393902,66,43,23,8,3,5,28,23,5,17,10,7,1,0,1,8,3,5,4,4,0
53393903,18,8,10,2,1,1,5,2,3,4,1,3,0,0,0,6,3,3,1,1,0
53333501,286,148,138,31,8,23,117,74,43,84,41,43,4,1,3,38,16,22,12,8,4
53144801,485,244,241,63,26,37,184,99,85,135,59,76,10,3,7,57,30,27,36,27,9
53144802,49,25,24,14,5,9,17,11,6,7,3,4,0,0,0,9,4,5,2,2,0
53145601,140,67,73,22,9,13,42,24,18,52,23,29,0,0,0,20,8,12,4,3,1
53145602,24,14,10,6,3,3,6,5,1,9,4,5,0,0,0,2,1,1,1,1,0
53145603,89,48,41,11,5,6,37,21,16,23,15,8,2,1,1,11,4,7,5,2,3
53145604,740,358,382,106,38,68,240,147,93,223,89,134,15,3,12,107,47,60,49,34,15
53146401,1385,698,687,187,79,108,365,223,142,453,212,241,22,9,13,259,120,139,99,55,44
53146402,262,127,135,22,9,13,80,47,33,96,41,55,2,2,0,50,23,27,12,5,7
53147202,889,453,436,149,80,69,295,175,120,273,115,158,18,8,10,98,41,57,56,34,22
53147203,91,50,41,7,5,2,41,26,15,26,9,17,1,0,1,13,8,5,3,2,1
53147204,124,61,63,17,8,9,61,35,26,24,9,15,1,0,1,7,3,4,14,6,8
53440401,125,72,53,20,12,8,49,34,15,38,17,21,2,0,2,9,6,3,7,3,4
3303450,0,0,0,0,0,0,0,0,0,0,0,0,0,0,0,0,0,0,0,0,0
53331901,85,42,43,7,3,4,31,20,11,28,12,16,0,0,0,14,4,10,5,3,2
53421801,86,50,36,10,5,5,31,22,9,31,13,18,1,1,0,9,5,4,4,4,0
53152901,196,95,101,26,12,14,92,54,38,46,18,28,2,0,2,22,8,14,8,3,5
53152902,50,24,26,12,4,8,25,15,10,11,4,7,0,0,0,0,0,0,2,1,1
53153701,492,238,254,49,12,37,163,93,70,159,69,90,8,3,5,94,51,43,19,10,9
53154501,599,309,290,70,27,43,208,130,78,192,89,103,13,8,5,97,41,56,19,14,5
53154502,89,45,44,10,4,6,34,18,16,25,16,9,0,0,0,17,6,11,3,1,2
53391201,123,63,60,18,9,9,42,24,18,37,15,22,1,1,0,21,12,9,4,2,2
53391202,30,14,16,2,1,1,8,5,3,10,5,5,0,0,0,10,3,7,0,0,0
53360201,237,113,124,24,9,15,73,39,34,82,38,44,4,1,3,43,18,25,11,8,3
53426901,156,81,75,18,10,8,54,31,23,57,27,30,1,0,1,21,10,11,5,3,2
53158801,471,231,240,75,30,45,189,113,76,145,62,83,4,3,1,48,19,29,10,4,6
53159601,827,417,410,121,49,72,244,147,97,253,116,137,12,5,7,127,53,74,70,47,23
53159602,312,159,153,34,18,16,121,67,54,109,53,56,3,0,3,39,17,22,6,4,2
53159603,337,166,171,36,14,22,106,65,41,106,43,63,9,5,4,73,34,39,7,5,2
53159604,247,136,111,30,13,17,76,56,20,87,38,49,2,1,1,44,25,19,8,3,5
53160001,559,258,301,75,28,47,179,111,68,201,74,127,15,5,10,76,30,46,13,10,3
53160002,27,14,13,1,0,1,14,6,8,8,5,3,0,0,0,3,3,0,1,0,1
53162601,387,199,188,51,19,32,157,102,55,120,51,69,3,0,3,42,19,23,14,8,6
53163401,155,75,80,19,7,12,55,36,19,62,27,35,3,0,3,15,5,10,1,0,1
53163402,539,276,263,62,24,38,200,121,79,183,94,89,9,2,7,67,24,43,18,11,7
53164201,188,104,84,14,8,6,90,51,39,47,25,22,3,0,3,21,10,11,13,10,3
53164202,79,41,38,9,6,3,35,22,13,28,11,17,0,0,0,4,0,4,3,2,1
53411101,153,76,77,14,4,10,55,36,19,62,28,34,4,1,3,11,5,6,7,2,5
53166901,114,62,52,18,11,7,44,23,21,22,12,10,7,4,3,14,8,6,9,4,5
53166902,201,96,105,23,10,13,69,43,26,54,18,36,5,3,2,43,19,24,7,3,4
53166903,95,46,49,14,7,7,35,22,13,29,10,19,2,0,2,13,7,6,2,0,2
53428501,184,96,88,17,4,13,69,46,23,72,33,39,1,1,0,24,11,13,1,1,0
3303110,0,0,0,0,0,0,0,0,0,0,0,0,0,0,0,0,0,0,0,0,0
53168501,540,264,276,70,23,47,186,108,78,183,78,105,8,2,6,57,25,32,36,28,8
53169301,727,367,360,96,40,56,301,185,116,219,90,129,5,0,5,65,29,36,41,23,18
53171501,409,210,199,47,21,26,174,109,65,117,51,66,4,1,3,47,14,33,20,14,6
53396301,70,33,37,5,1,4,28,18,10,22,9,13,1,0,1,11,4,7,3,1,2
53396302,35,16,19,3,0,3,16,11,5,10,3,7,0,0,0,4,1,3,2,1,1
53174001,119,65,54,12,5,7,59,37,22,24,12,12,4,1,3,13,7,6,7,3,4
53174002,258,134,124,31,14,17,77,45,32,87,46,41,6,1,5,46,20,26,11,8,3
53174003,41,17,24,2,1,1,9,4,5,14,7,7,0,0,0,14,4,10,2,1,1
53174004,15,8,7,1,1,0,4,3,1,4,2,2,0,0,0,6,2,4,0,0,0
53174006,55,32,23,3,1,2,26,16,10,21,12,9,1,1,0,4,2,2,0,0,0
53175801,78,37,41,10,3,7,25,13,12,24,14,10,0,0,0,15,6,9,4,1,3
53175802,359,181,178,27,14,13,118,67,51,114,54,60,8,3,5,74,30,44,18,13,5
53176601,371,193,178,41,14,27,154,100,54,97,41,56,4,3,1,52,22,30,23,13,10
53178202,429,229,200,83,49,34,154,92,62,120,50,70,7,1,6,35,17,18,30,20,10
53179101,430,213,217,47,20,27,142,83,59,161,70,91,8,4,4,63,31,32,9,5,4
1602532,0,0,0,0,0,0,0,0,0,0,0,0,0,0,0,0,0,0,0,0,0
53180401,39,19,20,3,2,1,12,5,7,13,7,6,1,0,1,8,4,4,2,1,1
53180402,62,36,26,5,2,3,15,9,6,21,12,9,1,0,1,13,7,6,7,6,1
53180403,45,24,21,2,2,0,7,4,3,16,8,8,1,1,0,14,7,7,5,2,3
53181201,282,139,143,22,9,13,51,31,20,108,53,55,9,2,7,82,38,44,10,6,4
53181202,99,51,48,11,5,6,29,17,12,35,17,18,2,1,1,18,9,9,4,2,2
53181203,343,164,179,29,9,20,97,54,43,128,59,69,9,4,5,72,33,39,8,5,3
53183903,693,350,343,72,28,44,225,136,89,244,117,127,7,0,7,112,49,63,33,20,13
53184701,876,460,416,97,31,66,280,183,97,326,160,166,14,7,7,113,53,60,46,26,20
53185501,113,59,54,19,7,12,33,22,11,39,19,20,1,0,1,19,10,9,2,1,1
53185502,852,423,429,136,61,75,315,185,130,259,117,142,14,4,10,91,36,55,37,20,17
53446301,209,101,108,22,5,17,79,48,31,65,26,39,2,1,1,32,16,16,9,5,4
53310601,448,230,218,33,21,12,114,58,56,170,88,82,7,2,5,104,51,53,20,10,10
53188001,154,74,80,14,7,7,53,29,24,57,25,32,1,0,1,24,12,12,5,1,4
53190101,561,284,277,69,26,43,183,108,75,205,95,110,5,1,4,75,40,35,24,14,10
53191001,178,88,90,15,8,7,67,38,29,62,22,40,5,3,2,24,14,10,5,3,2
53191002,25,11,14,3,0,3,6,5,1,11,3,8,2,1,1,1,1,0,2,1,1
53191003,159,82,77,13,5,8,68,44,24,52,25,27,2,0,2,20,5,15,4,3,1
53423401,97,49,48,13,3,10,40,30,10,29,9,20,0,0,0,13,5,8,2,2,0
53404801,230,113,117,33,11,22,89,53,36,83,37,46,4,1,3,16,7,9,5,4,1
53194401,158,84,74,19,10,9,48,30,18,51,26,25,5,2,3,26,11,15,9,5,4
53194402,624,296,328,78,33,45,205,114,91,209,82,127,10,3,7,94,46,48,28,18,10
53194403,259,125,134,29,15,14,79,45,34,82,39,43,6,2,4,53,22,31,10,2,8
53195201,366,185,181,34,15,19,139,85,54,130,54,76,3,0,3,43,22,21,17,9,8
53196101,194,90,104,25,10,15,66,37,29,59,25,34,2,0,2,36,14,22,6,4,2
53196102,149,73,76,19,6,13,58,36,22,42,15,27,1,0,1,20,10,10,9,6,3
53196103,901,461,440,55,28,27,125,76,49,286,145,141,38,16,22,371,177,194,26,19,7
53197901,804,401,403,84,46,38,204,112,92,282,130,152,12,0,12,189,91,98,33,22,11
53199501,137,71,66,19,5,14,51,32,19,42,21,21,5,1,4,13,8,5,7,4,3
53199502,104,52,52,12,1,11,37,24,13,39,20,19,2,0,2,12,6,6,2,1,1
53199503,126,63,63,27,10,17,46,32,14,36,15,21,3,0,3,8,3,5,6,3,3
53199505,180,84,96,16,5,11,58,32,26,72,31,41,2,0,2,26,12,14,6,4,2
53199506,657,338,319,85,29,56,258,156,102,202,102,100,8,3,5,70,28,42,34,20,14
53200201,424,224,200,47,17,30,185,118,67,126,54,72,3,1,2,28,12,16,35,22,13
53201101,174,82,92,21,8,13,56,31,25,66,29,37,3,2,1,22,9,13,6,3,3
53201102,153,73,80,24,9,15,61,38,23,43,14,29,2,0,2,22,11,11,1,1,0
53201103,211,110,101,31,17,14,80,49,31,59,26,33,2,1,1,25,11,14,14,6,8
53201104,2925,1423,1502,367,152,215,1069,618,451,898,364,534,39,11,28,390,171,219,162,107,55
53202901,85,45,40,10,1,9,40,26,14,27,14,13,3,1,2,3,1,2,2,2,0
53202903,1775,856,919,206,89,117,604,348,256,596,261,335,28,8,20,239,99,140,102,51,51
59941701,236,111,125,34,9,25,77,46,31,78,35,43,4,1,3,29,13,16,14,7,7
53501001,266,137,129,27,9,18,95,56,39,92,48,44,6,2,4,35,17,18,11,5,6
53207001,169,86,83,27,8,19,40,25,15,45,22,23,4,2,2,40,20,20,13,9,4
53208801,74,39,35,11,3,8,30,22,8,18,7,11,0,0,0,7,3,4,8,4,4
53208802,233,114,119,23,7,16,69,42,27,84,36,48,3,1,2,33,12,21,21,16,5
53512501,167,87,80,26,7,19,64,40,24,44,23,21,1,1,0,21,9,12,11,7,4
53210001,244,115,129,37,14,23,104,57,47,64,24,40,3,1,2,30,15,15,6,4,2
53211801,1141,562,579,141,63,78,315,167,148,423,209,214,24,7,17,192,90,102,46,26,20
53211802,598,306,292,78,35,43,204,123,81,180,86,94,17,7,10,85,36,49,34,19,15
53212601,401,194,207,53,19,34,110,66,44,132,58,74,6,0,6,70,31,39,30,20,10
53212602,56,24,32,14,5,9,10,5,5,23,12,11,0,0,0,8,1,7,1,1,0
53212603,471,224,247,46,16,30,110,62,48,176,83,93,11,5,6,113,51,62,15,7,8
53214201,91,46,45,14,4,10,40,25,15,32,15,17,0,0,0,4,1,3,1,1,0
53214202,599,297,302,89,33,56,183,113,70,205,98,107,10,3,7,81,29,52,31,21,10
53214203,98,47,51,9,2,7,31,20,11,33,17,16,3,0,3,21,7,14,1,1,0
53216903,3012,1460,1552,346,144,202,678,406,272,1075,473,602,73,25,48,729,347,382,111,65,46
53218501,547,268,279,75,24,51,197,121,76,159,64,95,7,0,7,77,40,37,32,19,13
53218502,41,19,22,7,3,4,19,9,10,11,6,5,0,0,0,4,1,3,0,0,0
53218503,37,19,18,6,3,3,10,7,3,12,5,7,0,0,0,7,3,4,2,1,1
53220701,97,50,47,27,9,18,35,22,13,17,7,10,2,1,1,7,4,3,9,7,2
53220702,61,33,28,11,4,7,22,17,5,15,4,11,1,1,0,4,2,2,8,5,3
53220703,457,218,239,78,24,54,174,100,74,114,46,68,8,4,4,38,18,20,45,26,19
53220704,152,71,81,24,9,15,61,40,21,49,20,29,4,1,3,10,1,9,4,0,4
53222301,1359,656,703,150,62,88,351,211,140,535,225,310,24,5,19,245,123,122,54,30,24
51313001,239,122,117,30,12,18,68,40,28,87,44,43,3,0,3,32,13,19,19,13,6
51299101,160,79,81,12,5,7,56,30,26,60,27,33,6,3,3,23,11,12,3,3,0
53227401,57,32,25,8,7,1,20,14,6,19,7,12,2,1,1,6,3,3,2,0,2
53227402,808,409,399,91,45,46,257,168,89,280,123,157,17,2,15,138,58,80,25,13,12
53228201,363,180,183,65,25,40,130,80,50,106,41,65,5,1,4,38,20,18,19,13,6
53229101,38,19,19,6,3,3,15,8,7,11,5,6,0,0,0,3,2,1,3,1,2
53229102,227,118,109,33,12,21,92,63,29,70,26,44,3,1,2,16,7,9,13,9,4
51307501,175,97,78,33,14,19,85,55,30,29,12,17,4,2,2,12,6,6,12,8,4
51307502,62,30,32,9,4,5,21,12,9,14,7,7,0,0,0,13,6,7,5,1,4
51307503,57,28,29,17,8,9,17,9,8,16,7,9,1,1,0,3,2,1,3,1,2
53231201,641,305,336,85,30,55,134,82,52,241,103,138,7,1,6,149,77,72,25,12,13
53232101,210,107,103,19,8,11,83,47,36,77,36,41,5,2,3,18,9,9,8,5,3
53515001,105,47,58,22,8,14,45,24,21,26,12,14,1,0,1,5,1,4,6,2,4
53233901,432,221,211,77,33,44,187,110,77,98,46,52,8,2,6,21,8,13,41,22,19
53233902,21,10,11,4,1,3,4,3,1,8,3,5,0,0,0,2,1,1,3,2,1
53234701,1248,644,604,140,58,82,344,211,133,433,206,227,37,18,19,245,118,127,49,33,16
53235501,130,62,68,12,3,9,34,26,8,55,24,31,2,0,2,22,6,16,5,3,2
53235502,86,39,47,15,7,8,23,14,9,34,13,21,1,0,1,13,5,8,0,0,0
53235503,200,104,96,28,11,17,55,39,16,75,35,40,5,0,5,30,16,14,7,3,4
53236301,423,214,209,51,18,33,140,91,49,141,64,77,5,0,5,72,31,41,14,10,4
53237101,1667,828,839,213,100,113,358,208,150,631,292,339,36,9,27,336,168,168,93,51,42
53237102,33,20,13,2,2,0,18,10,8,10,6,4,0,0,0,1,0,1,2,2,0
53239801,82,40,42,10,2,8,35,24,11,23,9,14,0,0,0,9,2,7,5,3,2
53239802,33,17,16,4,2,2,10,4,6,11,6,5,0,0,0,8,5,3,0,0,0
53239803,134,76,58,16,7,9,39,25,14,44,26,18,0,0,0,26,12,14,9,6,3
53240101,20,10,10,6,3,3,7,4,3,4,1,3,0,0,0,0,0,0,3,2,1
53240102,229,119,110,48,22,26,105,64,41,55,25,30,2,1,1,8,1,7,11,6,5
53241001,356,190,166,50,21,29,136,89,47,101,46,55,7,2,5,41,17,24,21,15,6
53242801,231,121,110,29,16,13,61,35,26,87,42,45,5,2,3,31,14,17,18,12,6
53244401,997,483,514,130,41,89,354,218,136,327,137,190,12,4,8,113,49,64,61,34,27
53245201,23,14,9,2,1,1,6,4,2,9,5,4,0,0,0,6,4,2,0,0,0
53245202,1087,534,553,107,44,63,363,223,140,407,163,244,12,6,6,146,71,75,52,27,25
53245203,290,137,153,38,12,26,83,48,35,85,39,46,3,0,3,58,26,32,23,12,11
51303201,343,172,171,56,18,38,148,92,56,96,42,54,5,1,4,20,6,14,18,13,5
0649980,0,0,0,0,0,0,0,0,0,0,0,0,0,0,0,0,0,0,0,0,0
0651960,0,0,0,0,0,0,0,0,0,0,0,0,0,0,0,0,0,0,0,0,0
3071140,0,0,0,0,0,0,0,0,0,0,0,0,0,0,0,0,0,0,0,0,0
3071220,0,0,0,0,0,0,0,0,0,0,0,0,0,0,0,0,0,0,0,0,0
53205301,204,113,91,59,34,25,57,33,24,28,14,14,4,1,3,11,9,2,45,22,23
53205302,188,96,92,30,14,16,60,38,22,72,32,40,3,0,3,22,11,11,1,1,0
53205303,790,396,394,167,74,93,236,147,89,240,105,135,14,3,11,82,37,45,51,30,21
53205304,474,239,235,100,37,63,153,84,69,127,67,60,7,2,5,55,31,24,32,18,14
53205305,22,18,4,1,1,0,8,5,3,5,4,1,2,2,0,4,4,0,2,2,0
53205306,356,174,182,41,14,27,110,58,52,145,76,69,4,1,3,46,18,28,10,7,3
53205307,2497,1142,1355,414,145,269,787,433,354,774,319,455,38,10,28,307,144,163,177,91,86
53205308,425,204,221,60,25,35,99,54,45,140,67,73,8,2,6,106,50,56,12,6,6
53205309,4116,1918,2198,608,222,386,1172,614,558,1348,617,731,80,25,55,621,296,325,287,144,143
53205310,47,21,26,1,1,0,2,2,0,20,6,14,0,0,0,22,11,11,2,1,1
53205311,112,27,85,42,6,36,34,7,27,25,9,16,0,0,0,8,4,4,3,1,2
53205312,161,83,78,65,33,32,39,22,17,41,22,19,1,0,1,9,5,4,6,1,5
53205313,4599,2577,2022,595,294,301,1001,627,374,1131,500,631,76,24,52,521,248,273,1275,884,391
53205314,1595,733,862,208,74,134,533,290,243,513,208,305,42,17,25,213,99,114,86,45,41
53205315,1208,578,630,136,54,82,250,136,114,473,215,258,25,10,15,286,142,144,38,21,17
53205316,376,173,203,89,33,56,66,38,28,119,53,66,7,4,3,82,40,42,13,5,8
53205317,1434,701,733,138,66,72,329,189,140,525,232,293,22,7,15,365,176,189,55,31,24
53205318,1028,489,539,154,71,83,255,141,114,347,154,193,21,5,16,217,97,120,34,21,13
53205320,1577,730,847,242,90,152,307,167,140,560,245,315,24,7,17,342,168,174,102,53,49
53205321,3075,1404,1671,420,163,257,881,489,392,1050,404,646,62,20,42,421,193,228,241,135,106
53205322,3395,1612,1783,545,230,315,1141,612,529,1082,478,604,63,26,37,381,169,212,183,97,86
53205323,3088,1473,1615,519,203,316,1015,546,469,935,417,518,56,25,31,349,172,177,214,110,104
53205325,2701,1220,1481,404,145,259,823,414,409,853,370,483,56,20,36,356,161,195,209,110,99
53205327,3430,1518,1912,524,176,348,1180,599,581,1115,457,658,62,23,39,346,153,193,203,110,93
53205328,25,8,17,2,2,0,11,3,8,8,3,5,1,0,1,3,0,3,0,0,0
53205329,793,377,416,104,48,56,223,120,103,304,135,169,14,5,9,111,53,58,37,16,21
53205331,1585,752,833,210,83,127,394,208,186,614,286,328,19,5,14,299,145,154,49,25,24
53205332,3088,1403,1685,410,136,274,867,474,393,1095,457,638,55,21,34,479,223,256,182,92,90
53205333,181,127,54,51,29,22,16,12,4,14,7,7,5,2,3,5,3,2,90,74,16
53205334,1131,501,630,167,61,106,369,186,183,361,144,217,21,7,14,135,59,76,78,44,34
53205335,2422,1148,1274,316,119,197,571,305,266,891,402,489,30,9,21,514,258,256,100,55,45
53205336,97,58,39,20,9,11,44,32,12,18,8,10,1,0,1,6,4,2,8,5,3
53205337,699,342,357,52,27,25,139,83,56,260,121,139,26,9,17,146,67,79,76,35,41
53205338,2829,1291,1538,454,170,284,958,515,443,919,371,548,48,21,27,312,138,174,138,76,62
53205339,1157,570,587,242,102,140,314,185,129,367,179,188,22,9,13,133,58,75,79,37,42
53205342,2248,1075,1173,273,106,167,539,311,228,850,379,471,45,16,29,494,237,257,47,26,21
53205343,2332,1121,1211,354,151,203,716,419,297,837,378,459,36,6,30,299,129,170,90,38,52
53205344,623,254,369,110,27,83,233,115,118,177,66,111,9,2,7,71,32,39,23,12,11
53205345,30,18,12,3,2,1,18,10,8,7,5,2,0,0,0,1,0,1,1,1,0
53205346,1190,580,610,170,74,96,351,208,143,435,196,239,25,10,15,161,68,93,48,24,24
53246101,476,239,237,87,30,57,176,107,69,125,53,72,3,2,1,36,16,20,49,31,18
53246102,97,47,50,22,9,13,43,25,18,14,5,9,2,1,1,2,1,1,14,6,8
53246103,85,43,42,18,3,15,35,21,14,17,12,5,1,0,1,9,4,5,5,3,2
53246104,57,30,27,13,4,9,24,17,7,13,4,9,1,1,0,4,3,1,2,1,1
53246105,113,55,58,23,7,16,50,28,22,28,16,12,2,0,2,4,1,3,6,3,3
53247901,234,112,122,49,16,33,73,45,28,59,22,37,3,2,1,20,10,10,30,17,13
53248701,484,255,229,63,27,36,166,99,67,163,80,83,12,4,8,58,31,27,22,14,8
53249501,428,220,208,55,23,32,170,101,69,110,57,53,11,4,7,57,20,37,25,15,10
53249502,32,19,13,4,2,2,17,9,8,9,8,1,0,0,0,2,0,2,0,0,0
53249503,25,14,11,2,0,2,9,4,5,9,6,3,0,0,0,4,3,1,1,1,0
53510901,197,101,96,28,12,16,59,38,21,66,30,36,5,3,2,31,13,18,8,5,3
57151201,97,46,51,14,4,10,44,23,21,29,13,16,0,0,0,5,3,2,5,3,2
53251701,73,34,39,10,2,8,28,14,14,21,11,10,1,0,1,5,2,3,8,5,3
53252501,527,261,266,59,29,30,160,85,75,170,80,90,8,3,5,98,46,52,32,18,14
54199103,1648,789,859,193,69,124,451,250,201,572,258,314,41,17,24,352,172,180,39,23,16
54199104,142,64,78,26,6,20,56,32,24,37,16,21,3,0,3,19,9,10,1,1,0
53253301,485,263,222,150,94,56,134,85,49,114,46,68,7,1,6,53,23,30,27,14,13
51304101,545,263,282,77,32,45,170,103,67,183,76,107,12,3,9,91,42,49,12,7,5
56415001,50,24,26,4,2,2,13,9,4,22,9,13,0,0,0,9,3,6,2,1,1
57160101,297,155,142,47,18,29,93,62,31,97,44,53,2,0,2,41,21,20,17,10,7
53257601,2347,1170,1177,339,133,206,731,430,301,779,337,442,33,17,16,262,132,130,203,121,82
53257602,61,28,33,8,3,5,16,8,8,28,14,14,2,0,2,1,0,1,6,3,3
53257603,126,68,58,16,10,6,21,13,8,39,18,21,1,1,0,14,8,6,35,18,17
53258401,438,204,234,35,12,23,112,61,51,159,71,88,6,4,2,112,52,60,14,4,10
57155501,87,43,44,13,5,8,41,22,19,23,11,12,2,0,2,7,5,2,1,0,1
53509501,111,57,54,16,7,9,54,32,22,28,13,15,2,1,1,7,2,5,4,2,2
53262201,410,207,203,47,23,24,107,62,45,124,58,66,15,3,12,91,47,44,26,14,12
53263101,467,225,242,48,18,30,116,69,47,161,77,84,12,4,8,120,52,68,10,5,5
51311301,228,124,104,23,13,10,63,34,29,84,37,47,6,3,3,39,25,14,13,12,1
53265701,108,53,55,22,7,15,40,24,16,29,13,16,1,0,1,9,4,5,7,5,2
53265702,193,102,91,26,12,14,73,43,30,60,30,30,4,3,1,20,8,12,10,6,4
53265703,19,9,10,1,0,1,10,5,5,8,4,4,0,0,0,0,0,0,0,0,0
57152101,127,64,63,20,7,13,44,24,20,40,22,18,4,2,2,11,4,7,8,5,3
53266501,366,186,180,56,22,34,172,100,72,98,45,53,3,0,3,23,9,14,14,10,4
53268101,702,344,358,111,39,72,260,146,114,215,106,109,17,3,14,71,33,38,28,17,11
56419201,176,81,95,25,8,17,70,42,28,57,22,35,3,1,2,11,4,7,10,4,6
53271101,167,88,79,15,4,11,54,33,21,60,30,30,2,1,1,23,13,10,13,7,6
53272001,513,245,268,74,23,51,193,111,82,170,83,87,10,2,8,54,19,35,12,7,5
53272002,164,81,83,32,10,22,68,39,29,43,23,20,1,0,1,8,4,4,12,5,7
53272003,797,402,395,126,44,82,273,163,110,248,119,129,20,5,15,74,35,39,56,36,20
53272004,145,71,74,23,7,16,51,30,21,45,23,22,4,1,3,14,6,8,8,4,4
53273801,507,253,254,61,27,34,131,77,54,179,74,105,13,6,7,101,54,47,22,15,7
56412501,167,79,88,27,11,16,72,41,31,46,19,27,2,0,2,14,5,9,6,3,3
53275401,285,154,131,44,15,29,102,67,35,90,50,40,3,2,1,30,9,21,16,11,5
56408701,207,105,102,44,19,25,91,56,35,55,21,34,2,1,1,10,4,6,5,4,1
53276201,96,55,41,14,5,9,33,18,15,29,19,10,3,1,2,9,5,4,8,7,1
53276202,282,153,129,43,13,30,98,69,29,79,32,47,2,1,1,23,13,10,37,25,12
53277101,328,163,165,38,20,18,114,69,45,111,44,67,9,1,8,39,22,17,17,7,10
53279701,297,151,146,30,13,17,103,60,43,97,43,54,4,2,2,39,20,19,24,13,11
53280101,281,149,132,44,22,22,108,67,41,85,37,48,9,5,4,25,12,13,10,6,4
1494030,0,0,0,0,0,0,0,0,0,0,0,0,0,0,0,0,0,0,0,0,0
3071570,0,0,0,0,0,0,0,0,0,0,0,0,0,0,0,0,0,0,0,0,0
3347150,0,0,0,0,0,0,0,0,0,0,0,0,0,0,0,0,0,0,0,0,0
3347230,0,0,0,0,0,0,0,0,0,0,0,0,0,0,0,0,0,0,0,0,0
53281901,329,168,161,41,16,25,129,79,50,106,47,59,5,1,4,45,22,23,3,3,0
53281902,100,50,50,15,3,12,34,23,11,37,18,19,2,2,0,12,4,8,0,0,0
53281903,27,14,13,3,0,3,11,6,5,12,8,4,0,0,0,1,0,1,0,0,0
53281904,25,12,13,1,0,1,11,7,4,9,3,6,2,1,1,1,0,1,1,1,0
53281905,86,44,42,17,7,10,28,15,13,29,17,12,1,1,0,9,4,5,2,0,2
53281906,23,12,11,1,1,0,12,6,6,9,4,5,0,0,0,1,1,0,0,0,0
53281907,56,26,30,11,5,6,6,3,3,24,10,14,0,0,0,15,8,7,0,0,0
53281908,218,110,108,32,15,17,76,48,28,66,28,38,4,0,4,33,15,18,7,4,3
53281909,175,82,93,22,8,14,57,28,29,59,28,31,1,0,1,35,17,18,1,1,0
53281910,125,61,64,35,19,16,25,17,8,24,6,18,1,0,1,12,6,6,28,13,15
53281912,306,146,160,31,11,20,88,47,41,111,54,57,6,2,4,61,27,34,9,5,4
53281913,337,172,165,49,20,29,86,49,37,98,47,51,8,3,5,90,50,40,6,3,3
53281914,2103,1015,1088,292,111,181,610,336,274,709,308,401,26,9,17,351,187,164,115,64,51
53281915,639,298,341,56,23,33,168,94,74,244,107,137,15,4,11,137,62,75,19,8,11
53281916,1293,586,707,160,57,103,404,210,194,440,182,258,27,9,18,166,74,92,96,54,42
53281917,35,21,14,6,1,5,8,7,1,15,7,8,1,1,0,4,4,0,1,1,0
53281918,34,18,16,8,4,4,9,6,3,3,2,1,2,2,0,7,2,5,5,2,3
53281920,1274,577,697,163,62,101,391,186,205,428,184,244,23,6,17,187,89,98,82,50,32
53281921,180,93,87,25,10,15,54,37,17,64,28,36,1,0,1,28,15,13,8,3,5
53281922,1262,624,638,199,87,112,367,208,159,403,175,228,35,22,13,167,82,85,91,50,41
53281927,60,27,33,13,4,9,25,13,12,14,6,8,0,0,0,8,4,4,0,0,0
53281928,493,236,257,29,10,19,57,31,26,178,90,88,11,4,7,206,95,111,12,6,6
53281929,741,322,419,132,48,84,173,74,99,226,98,128,12,3,9,154,73,81,44,26,18
53281930,1798,854,944,247,97,150,543,284,259,580,265,315,33,13,20,255,116,139,140,79,61
53281932,481,234,247,45,15,30,151,84,67,188,86,102,10,3,7,76,37,39,11,9,2
53281933,206,138,68,45,21,24,41,32,9,46,26,20,11,8,3,18,12,6,45,39,6
53281934,877,498,379,138,70,68,220,137,83,211,104,107,20,7,13,97,47,50,191,133,58
53282701,531,258,273,82,31,51,167,107,60,172,73,99,9,3,6,85,36,49,16,8,8
53283501,1625,764,861,334,124,210,565,319,246,431,181,250,23,8,15,168,76,92,104,56,48
53285101,874,426,448,113,43,70,246,148,98,262,118,144,21,9,12,187,84,103,45,24,21
53286001,298,147,151,38,15,23,124,71,53,92,41,51,7,3,4,27,9,18,10,8,2
53286002,375,182,193,46,23,23,93,53,40,136,64,72,7,2,5,82,36,46,11,4,7
53286004,3546,1689,1857,593,206,387,1453,764,689,950,430,520,28,7,21,251,117,134,271,165,106
53286005,254,124,130,26,9,17,76,46,30,97,45,52,2,1,1,42,18,24,11,5,6
59944101,112,59,53,33,12,21,47,33,14,21,9,12,1,0,1,4,1,3,6,4,2
55145701,383,191,192,43,17,26,116,69,47,130,56,74,7,3,4,60,28,32,27,18,9
59943301,18,8,10,2,1,1,4,2,2,6,3,3,0,0,0,3,1,2,3,1,2
59943302,461,235,226,61,30,31,106,66,40,143,59,84,13,5,8,123,64,59,15,11,4
53290801,600,300,300,79,33,46,201,116,85,198,92,106,11,5,6,61,27,34,50,27,23
53291601,48,23,25,10,3,7,25,16,9,7,1,6,0,0,0,0,0,0,6,3,3
53291602,62,30,32,9,3,6,28,16,12,17,8,9,0,0,0,4,2,2,4,1,3
53291603,56,27,29,11,6,5,29,15,14,15,5,10,0,0,0,0,0,0,1,1,0
53295901,23,13,10,4,2,2,10,6,4,6,4,2,0,0,0,1,0,1,2,1,1
53295902,457,238,219,55,21,34,181,114,67,146,64,82,8,5,3,43,17,26,24,17,7
53296701,188,98,90,27,12,15,78,49,29,54,22,32,6,1,5,14,8,6,9,6,3
53297501,18,10,8,5,1,4,7,6,1,4,2,2,0,0,0,2,1,1,0,0,0
53297502,375,191,184,49,21,28,145,88,57,109,41,68,5,3,2,43,21,22,24,17,7
53298301,328,158,170,52,20,32,115,71,44,105,39,66,5,2,3,38,19,19,13,7,6
53298302,1849,897,952,258,103,155,542,317,225,646,283,363,37,13,24,274,121,153,92,60,32
53298303,68,34,34,6,4,2,23,12,11,24,11,13,1,0,1,13,7,6,1,0,1
53217701,51,26,25,9,5,4,13,9,4,18,6,12,1,0,1,5,3,2,5,3,2
53217703,460,226,234,44,16,28,171,99,72,162,70,92,6,1,5,52,25,27,25,15,10
53300901,311,155,156,49,22,27,133,76,57,76,32,44,4,1,3,24,6,18,25,18,7
53301702,47,23,24,8,1,7,13,9,4,11,6,5,2,1,1,10,4,6,3,2,1
53301703,23,12,11,2,2,0,3,3,0,7,2,5,1,0,1,10,5,5,0,0,0
53301705,65,37,28,9,5,4,11,8,3,27,13,14,3,1,2,9,5,4,6,5,1
53301706,3676,1692,1984,445,165,280,885,468,417,1306,560,746,69,23,46,830,404,426,141,72,69
53301708,355,177,178,30,18,12,67,39,28,121,52,69,6,3,3,113,54,59,18,11,7
53302501,1560,778,782,186,87,99,356,210,146,595,265,330,26,7,19,343,183,160,54,26,28
53303301,821,415,406,84,40,44,262,157,105,303,128,175,16,7,9,134,69,65,22,14,8
53304101,143,64,79,24,9,15,58,34,24,44,15,29,2,0,2,10,4,6,5,2,3
53304103,205,103,102,34,15,19,80,46,34,56,26,30,4,0,4,30,16,14,1,0,1
53304104,20,9,11,3,0,3,5,3,2,8,3,5,0,0,0,2,2,0,2,1,1
53304105,75,36,39,11,4,7,35,22,13,18,7,11,0,0,0,5,1,4,6,2,4
53304106,2115,1034,1081,350,136,214,764,424,340,635,302,333,29,10,19,225,96,129,112,66,46
53305001,867,821,46,355,345,10,324,315,9,123,104,19,8,5,3,30,27,3,27,25,2
53305002,275,130,145,28,8,20,121,69,52,88,39,49,9,4,5,22,6,16,7,4,3
53305003,24,14,10,3,2,1,8,6,2,8,4,4,1,0,1,3,1,2,1,1,0
53305004,1287,641,646,175,84,91,386,225,161,444,205,239,23,10,13,179,74,105,80,43,37
53306801,40,21,19,7,4,3,16,8,8,10,6,4,0,0,0,6,3,3,1,0,1
53306802,61,34,27,13,5,8,28,19,9,10,4,6,0,0,0,3,2,1,7,4,3
53306803,518,246,272,106,40,66,200,108,92,128,59,69,6,0,6,42,17,25,36,22,14
57143101,173,85,88,16,5,11,75,41,34,42,18,24,0,0,0,11,7,4,29,14,15
57159801,18,9,9,2,1,1,5,2,3,10,5,5,0,0,0,0,0,0,1,1,0
57159802,90,45,45,9,4,5,22,9,13,38,21,17,1,1,0,16,7,9,4,3,1
53309201,94,43,51,19,4,15,21,14,7,33,14,19,0,0,0,17,8,9,4,3,1
53309202,24,11,13,0,0,0,6,4,2,11,4,7,0,0,0,4,2,2,3,1,2
53309203,128,71,57,22,12,10,40,24,16,40,22,18,1,0,1,21,11,10,4,2,2
53309204,256,135,121,36,13,23,99,62,37,65,30,35,6,1,5,32,16,16,18,13,5
57142301,141,69,72,17,9,8,34,17,17,48,21,27,1,1,0,38,20,18,3,1,2
57142302,27,13,14,4,2,2,9,5,4,10,5,5,1,0,1,2,1,1,1,0,1
53311401,147,76,71,18,6,12,61,39,22,45,20,25,1,1,0,15,5,10,7,5,2
53311402,110,56,54,19,11,8,45,26,19,22,6,16,0,0,0,11,4,7,13,9,4
53311403,61,28,33,14,5,9,33,15,18,6,3,3,1,1,0,5,2,3,2,2,0
53311404,102,50,52,20,7,13,52,32,20,19,8,11,2,0,2,7,2,5,2,1,1
53311405,1408,685,723,261,90,171,550,318,232,360,165,195,20,8,12,91,33,58,126,71,55
53312201,716,364,352,112,47,65,269,172,97,207,94,113,13,2,11,61,19,42,54,30,24
59942501,150,80,70,26,11,15,53,35,18,41,19,22,0,0,0,11,4,7,19,11,8
53314901,661,326,335,78,32,46,181,103,78,245,117,128,15,5,10,105,45,60,37,24,13
53315701,26,10,16,0,0,0,6,4,2,11,2,9,0,0,0,9,4,5,0,0,0
53315702,81,42,39,18,5,13,27,20,7,27,13,14,0,0,0,6,3,3,3,1,2
53315703,56,31,25,7,2,5,19,14,5,14,6,8,1,0,1,11,6,5,4,3,1
53315704,74,36,38,15,6,9,33,18,15,15,6,9,2,1,1,5,2,3,4,3,1
53315705,63,29,34,12,6,6,24,14,10,16,7,9,1,0,1,4,0,4,6,2,4
53315706,292,146,146,46,18,28,106,67,39,94,36,58,5,1,4,25,14,11,16,10,6
53317301,109,58,51,18,10,8,44,28,16,26,9,17,2,2,0,7,4,3,12,5,7
53317302,46,24,22,3,1,2,18,11,7,16,7,9,1,0,1,6,4,2,2,1,1
53317303,63,26,37,10,1,9,21,11,10,17,7,10,1,0,1,6,3,3,8,4,4
0013250,0,0,0,0,0,0,0,0,0,0,0,0,0,0,0,0,0,0,0,0,0
53318101,433,202,231,56,16,40,158,87,71,134,58,76,7,2,5,60,30,30,18,9,9
53318102,249,103,146,64,12,52,92,55,37,58,24,34,1,0,1,28,10,18,6,2,4
53318103,101,52,49,8,5,3,47,28,19,26,10,16,3,2,1,14,5,9,3,2,1
53318104,45,22,23,7,2,5,15,10,5,19,9,10,0,0,0,4,1,3,0,0,0
53318105,39,18,21,7,3,4,10,6,4,15,7,8,1,0,1,6,2,4,0,0,0
53319001,244,122,122,36,13,23,97,60,37,75,38,37,4,2,2,16,4,12,16,5,11
53321101,162,89,73,21,8,13,70,46,24,42,18,24,2,1,1,11,6,5,16,10,6
53321102,81,43,38,12,2,10,36,23,13,25,14,11,1,0,1,3,2,1,4,2,2
53322001,734,376,358,116,55,61,221,143,78,230,104,126,22,11,11,107,37,70,38,26,12
53323801,503,252,251,64,32,32,146,84,62,183,86,97,9,5,4,77,31,46,24,14,10
53324601,1244,610,634,193,82,111,474,272,202,370,154,216,20,7,13,116,53,63,71,42,29
53324603,193,93,100,35,14,21,73,41,32,56,25,31,2,0,2,17,6,11,10,7,3
59947601,139,75,64,16,5,11,66,45,21,39,14,25,1,0,1,6,4,2,11,7,4
59930101,132,67,65,30,13,17,50,27,23,28,16,12,4,0,4,13,8,5,7,3,4
53326201,126,63,63,17,6,11,44,29,15,48,18,30,2,2,0,7,3,4,8,5,3
53326202,70,37,33,4,1,3,24,15,9,32,16,16,1,1,0,8,4,4,1,0,1
53326203,80,42,38,12,7,5,35,20,15,27,12,15,1,0,1,4,3,1,1,0,1
53326204,78,43,35,8,3,5,34,23,11,23,14,9,2,0,2,10,3,7,1,0,1
53326205,1110,559,551,137,56,81,348,202,146,386,185,201,24,9,15,154,69,85,61,38,23
53326206,43,19,24,8,4,4,12,6,6,16,8,8,1,0,1,5,1,4,1,0,1
53326207,51,26,25,3,1,2,22,14,8,16,7,9,0,0,0,7,2,5,3,2,1
53326208,25,14,11,3,1,2,7,6,1,7,5,2,1,1,0,3,0,3,4,1,3
0228020,0,0,0,0,0,0,0,0,0,0,0,0,0,0,0,0,0,0,0,0,0
53327101,239,123,116,44,28,16,73,39,34,67,32,35,4,0,4,43,19,24,8,5,3
53327102,603,306,297,78,38,40,167,103,64,213,91,122,9,4,5,108,54,54,28,16,12
53327103,105,52,53,22,6,16,37,25,12,28,13,15,2,1,1,4,2,2,12,5,7
53327104,109,60,49,14,6,8,24,19,5,51,27,24,0,0,0,13,4,9,7,4,3
53327105,1106,525,581,184,83,101,280,149,131,363,154,209,17,9,8,241,119,122,21,11,10
53327106,1928,914,1014,245,91,154,572,315,257,642,280,362,37,14,23,361,170,191,71,44,27
53327108,197,104,93,26,19,7,73,41,32,52,21,31,1,1,0,35,17,18,10,5,5
53327109,773,355,418,105,29,76,202,117,85,255,110,145,16,6,10,170,78,92,25,15,10
53327110,941,480,461,126,50,76,252,145,107,244,103,141,19,8,11,138,63,75,162,111,51
53328901,659,321,338,99,34,65,232,146,86,226,95,131,14,5,9,70,33,37,18,8,10
53329701,191,102,89,33,19,14,80,51,29,51,21,30,1,0,1,12,4,8,14,7,7
53329702,94,48,46,20,12,8,26,17,9,33,12,21,1,0,1,6,3,3,8,4,4
53329703,94,50,44,20,9,11,27,17,10,37,19,18,2,1,1,5,3,2,3,1,2
51318101,105,52,53,20,9,11,35,23,12,36,15,21,0,0,0,9,3,6,5,2,3
53330101,934,426,508,103,35,68,272,163,109,330,134,196,13,3,10,191,79,112,25,12,13
56468101,183,90,93,22,8,14,78,54,24,61,20,41,4,1,3,12,4,8,6,3,3
56468102,23,9,14,7,1,6,7,5,2,4,1,3,0,0,0,5,2,3,0,0,0
59945001,78,42,36,10,4,6,30,20,10,20,8,12,2,1,1,10,5,5,6,4,2
53332701,65,32,33,8,3,5,22,14,8,24,8,16,2,2,0,5,3,2,4,2,2
53332702,56,27,29,6,2,4,24,14,10,16,7,9,0,0,0,7,3,4,3,1,2
53332703,213,100,113,34,13,21,74,49,25,81,29,52,0,0,0,9,3,6,15,6,9
53332704,23,11,12,1,0,1,3,2,1,11,5,6,0,0,0,6,3,3,2,1,1
53332705,51,24,27,7,3,4,12,9,3,27,7,20,0,0,0,5,5,0,0,0,0
56480001,451,228,223,72,36,36,105,64,41,163,76,87,4,1,3,78,33,45,29,18,11
53499401,172,83,89,22,5,17,78,46,32,46,20,26,1,0,1,16,7,9,9,5,4
53334301,420,203,217,74,26,48,179,107,72,88,27,61,6,1,5,40,19,21,33,23,10
53335101,257,133,124,54,27,27,94,53,41,69,34,35,2,1,1,27,10,17,11,8,3
53335102,133,64,69,22,10,12,46,30,16,51,19,32,2,1,1,8,3,5,4,1,3
53335103,190,99,91,24,8,16,63,44,19,51,16,35,3,1,2,20,9,11,29,21,8
53336001,416,204,212,48,18,30,138,83,55,164,72,92,8,3,5,45,23,22,13,5,8
51341501,65,31,34,12,4,8,22,13,9,22,9,13,1,0,1,4,3,1,4,2,2
51341502,107,53,54,14,4,10,32,23,9,51,20,31,0,0,0,8,5,3,2,1,1
57168701,104,53,51,14,4,10,40,23,17,31,18,13,2,1,1,9,3,6,8,4,4
53338601,483,241,242,63,24,39,185,109,76,130,61,69,12,3,9,67,30,37,26,14,12
53338602,190,95,95,26,11,15,61,40,21,61,27,34,0,0,0,27,12,15,15,5,10
53338603,135,66,69,25,10,15,56,32,24,37,18,19,2,0,2,14,5,9,1,1,0
53338604,45,23,22,3,2,1,20,10,10,11,5,6,2,1,1,7,4,3,2,1,1
3072030,0,0,0,0,0,0,0,0,0,0,0,0,0,0,0,0,0,0,0,0,0
3072110,0,0,0,0,0,0,0,0,0,0,0,0,0,0,0,0,0,0,0,0,0
3210360,0,0,0,0,0,0,0,0,0,0,0,0,0,0,0,0,0,0,0,0,0
3210442,0,0,0,0,0,0,0,0,0,0,0,0,0,0,0,0,0,0,0,0,0
53316501,611,305,306,81,36,45,161,92,69,227,111,116,16,5,11,117,57,60,9,4,5
53316503,78,33,45,9,2,7,26,15,11,31,10,21,1,0,1,11,6,5,0,0,0
53316504,151,76,75,24,10,14,64,40,24,48,21,27,5,0,5,9,4,5,1,1,0
53316507,1333,647,686,166,67,99,434,265,169,495,209,286,16,5,11,189,85,104,33,16,17
53316508,1268,733,535,227,123,104,306,177,129,254,127,127,15,6,9,118,62,56,348,238,110
53316509,1212,573,639,109,42,67,247,134,113,484,224,260,32,15,17,305,140,165,35,18,17
53316510,767,355,412,131,48,83,184,94,90,258,124,134,14,9,5,135,51,84,45,29,16
53316511,3538,1747,1791,430,169,261,1093,632,461,1258,561,697,81,39,42,497,242,255,179,104,75
53316512,20,10,10,1,1,0,4,2,2,9,5,4,1,0,1,4,2,2,1,0,1
53316513,4748,2118,2630,625,223,402,1458,761,697,1731,712,1019,88,24,64,606,261,345,240,137,103
53316514,490,271,219,70,31,39,160,97,63,144,79,65,18,11,7,71,37,34,27,16,11
53316515,78,37,41,4,3,1,14,7,7,40,16,24,1,1,0,15,6,9,4,4,0
53316516,1843,867,976,213,78,135,565,302,263,651,290,361,39,16,23,297,135,162,78,46,32
53316518,217,97,120,29,12,17,77,41,36,77,27,50,3,1,2,22,11,11,9,5,4
53316519,57,31,26,20,8,12,13,8,5,14,9,5,1,1,0,5,2,3,4,3,1
53316520,351,173,178,32,16,16,67,37,30,113,50,63,14,7,7,106,56,50,19,7,12
53316521,311,153,158,39,22,17,73,40,33,114,51,63,5,2,3,71,34,37,9,4,5
53316522,198,98,100,28,10,18,31,18,13,74,34,40,3,1,2,58,33,25,4,2,2
53316523,60,32,28,32,15,17,17,9,8,6,4,2,0,0,0,0,0,0,5,4,1
53316525,676,317,359,97,39,58,136,72,64,201,88,113,14,5,9,119,58,61,109,55,54
53316526,2303,1242,1061,290,128,162,625,374,251,719,350,369,65,41,24,454,249,205,150,100,50
53316528,963,457,506,116,48,68,254,141,113,370,156,214,29,16,13,169,85,84,25,11,14
53316529,386,227,159,36,18,18,77,48,29,132,75,57,29,14,15,88,55,33,24,17,7
53316530,54,35,19,6,3,3,12,6,6,21,12,9,3,3,0,9,8,1,3,3,0
53316531,112,59,53,11,7,4,10,6,4,36,20,16,6,2,4,49,24,25,0,0,0
53316532,164,84,80,22,9,13,23,15,8,59,30,29,3,0,3,53,27,26,4,3,1
53316533,158,79,79,19,8,11,62,36,26,50,20,30,2,0,2,20,11,9,5,4,1
53316534,190,142,48,7,3,4,29,23,6,64,48,16,26,22,4,50,37,13,14,9,5
53316536,3345,1640,1705,424,187,237,917,499,418,1117,506,611,72,33,39,603,298,305,212,117,95
53316537,367,199,168,55,23,32,116,70,46,111,53,58,3,2,1,35,18,17,47,33,14
53316538,502,240,262,48,22,26,143,74,69,207,96,111,6,1,5,84,41,43,14,6,8
53316539,335,159,176,43,15,28,110,57,53,106,51,55,4,1,3,57,26,31,15,9,6
53339401,681,340,341,90,36,54,223,125,98,219,110,109,11,3,8,103,44,59,35,22,13
53339402,29,17,12,5,1,4,12,9,3,11,6,5,0,0,0,0,0,0,1,1,0
53339403,79,41,38,13,6,7,33,21,12,21,9,12,2,2,0,4,1,3,6,2,4
53340801,174,88,86,31,14,17,69,44,25,58,23,35,2,0,2,10,5,5,4,2,2
53340802,211,103,108,35,14,21,76,43,33,69,30,39,1,0,1,15,6,9,15,10,5
53340803,127,65,62,20,6,14,62,42,20,32,12,20,0,0,0,5,1,4,8,4,4
53342401,19,10,9,1,0,1,10,5,5,6,4,2,0,0,0,2,1,1,0,0,0
53342402,1568,734,834,254,99,155,541,303,238,455,200,255,22,7,15,206,77,129,90,48,42
53342403,56,28,28,15,7,8,17,8,9,12,6,6,0,0,0,7,3,4,5,4,1
53344101,83,43,40,12,5,7,42,22,20,19,10,9,0,0,0,5,2,3,5,4,1
53344102,629,313,316,90,28,62,233,145,88,223,103,120,3,1,2,59,25,34,21,11,10
53345901,318,157,161,49,22,27,113,69,44,99,42,57,7,1,6,32,12,20,18,11,7
53345902,26,13,13,3,2,1,10,6,4,8,2,6,0,0,0,5,3,2,0,0,0
59948401,93,46,47,11,5,6,39,26,13,21,6,15,3,1,2,16,6,10,3,2,1
53346701,87,43,44,14,6,8,25,15,10,25,13,12,2,0,2,17,6,11,4,3,1
53346702,315,154,161,43,20,23,136,78,58,96,42,54,2,0,2,20,4,16,18,10,8
53346703,36,20,16,9,3,6,10,6,4,11,7,4,0,0,0,2,0,2,4,4,0
57171701,204,100,104,24,8,16,71,43,28,59,22,37,3,0,3,27,15,12,20,12,8
53347501,248,125,123,36,15,21,96,57,39,74,34,40,3,0,3,20,11,9,19,8,11
53348301,259,137,122,39,14,25,120,74,46,75,36,39,0,0,0,10,6,4,15,7,8
51327001,151,71,80,26,8,18,76,42,34,35,13,22,0,0,0,9,5,4,5,3,2
53350501,88,41,47,17,6,11,35,17,18,23,12,11,0,0,0,9,4,5,4,2,2
53350502,162,85,77,23,11,12,64,42,22,54,20,34,2,0,2,7,5,2,12,7,5
53351301,98,48,50,14,4,10,44,27,17,27,10,17,1,1,0,7,4,3,5,2,3
53351302,197,98,99,26,12,14,80,42,38,64,29,35,1,0,1,21,11,10,5,4,1
56470201,97,55,42,8,5,3,42,30,12,27,10,17,2,0,2,16,9,7,2,1,1
51328801,153,81,72,25,10,15,54,35,19,49,18,31,1,0,1,12,12,0,12,6,6
53352101,301,153,148,43,25,18,93,51,42,118,56,62,8,2,6,36,16,20,3,3,0
53352102,287,146,141,36,15,21,105,57,48,87,45,42,4,2,2,38,18,20,17,9,8
57163601,303,153,150,45,14,31,107,66,41,93,41,52,4,2,2,35,20,15,19,10,9
53353001,690,343,347,129,49,80,257,157,100,190,83,107,8,3,5,61,26,35,45,25,20
53353002,415,207,208,51,19,32,138,81,57,138,64,74,13,6,7,63,32,31,12,5,7
53355601,244,122,122,33,9,24,100,68,32,77,33,44,6,2,4,20,6,14,8,4,4
3309730,0,0,0,0,0,0,0,0,0,0,0,0,0,0,0,0,0,0,0,0,0
53357201,712,380,332,104,37,67,269,165,104,204,95,109,24,18,6,74,45,29,37,20,17
51342301,296,146,150,44,20,24,115,73,42,89,34,55,2,0,2,35,12,23,11,7,4
53764101,3468,1666,1802,479,179,300,1169,662,507,1129,509,620,55,24,31,411,173,238,225,119,106
53764102,422,208,214,50,14,36,160,91,69,129,67,62,7,1,6,52,24,28,24,11,13
53358101,47,25,22,9,3,6,20,12,8,13,7,6,0,0,0,2,1,1,3,2,1
53358102,76,39,37,13,6,7,35,23,12,17,7,10,2,1,1,4,2,2,5,0,5
53358103,1308,645,663,207,84,123,415,247,168,436,196,240,21,5,16,137,59,78,92,54,38
53358104,105,56,49,36,18,18,26,15,11,18,8,10,0,0,0,5,2,3,20,13,7
53767501,89,43,46,14,6,8,32,17,15,36,18,18,1,0,1,4,0,4,2,2,0
53767502,221,102,119,35,14,21,78,44,34,74,32,42,4,0,4,25,9,16,5,3,2
53767503,198,96,102,20,6,14,78,52,26,64,17,47,2,0,2,22,12,10,12,9,3
53359901,548,267,281,57,20,37,152,87,65,210,90,120,11,6,5,98,51,47,20,13,7
51323701,153,74,79,22,5,17,58,36,22,46,21,25,2,1,1,20,7,13,5,4,1
51314801,169,87,82,34,13,21,61,38,23,49,24,25,2,2,0,9,5,4,14,5,9
53770501,1271,622,649,144,47,97,398,240,158,451,198,253,19,6,13,209,105,104,50,26,24
51336901,252,124,128,37,19,18,71,45,26,80,32,48,4,0,4,48,22,26,12,6,6
51339301,370,179,191,55,22,33,119,71,48,135,57,78,4,1,3,41,18,23,16,10,6
53361101,377,199,178,54,28,26,121,77,44,110,49,61,8,2,6,58,27,31,26,16,10
53361102,110,53,57,6,0,6,33,22,11,42,20,22,3,0,3,20,8,12,6,3,3
53361103,203,98,105,26,11,15,50,31,19,75,35,40,2,0,2,47,20,27,3,1,2
53362901,30,15,15,2,1,1,11,7,4,10,3,7,0,0,0,5,3,2,2,1,1
53362902,943,466,477,138,53,85,352,209,143,319,143,176,15,4,11,75,31,44,44,26,18
53363701,319,155,164,29,8,21,78,50,28,141,57,84,9,3,6,46,23,23,16,14,2
53364501,395,191,204,60,20,40,176,108,68,102,42,60,5,1,4,34,13,21,18,7,11
53364502,39,19,20,10,2,8,20,11,9,5,4,1,1,0,1,1,0,1,2,2,0
53365301,396,200,196,51,22,29,124,76,48,150,68,82,10,4,6,49,23,26,12,7,5
53365302,48,23,25,5,1,4,14,8,6,20,10,10,0,0,0,9,4,5,0,0,0
53365303,24,10,14,1,0,1,10,5,5,8,3,5,0,0,0,4,2,2,1,0,1
53774801,503,256,247,64,26,38,187,119,68,145,59,86,8,1,7,49,20,29,50,31,19
53366101,65,33,32,10,5,5,18,13,5,26,10,16,0,0,0,5,3,2,6,2,4
53366102,401,199,202,60,25,35,110,63,47,120,52,68,11,3,8,76,36,40,24,20,4
53369601,167,82,85,20,9,11,60,36,24,51,19,32,1,0,1,23,12,11,12,6,6
53370001,814,419,395,95,38,57,313,189,124,276,124,152,15,3,12,69,38,31,46,27,19
53370002,543,267,276,50,20,30,207,118,89,202,91,111,7,4,3,61,25,36,16,9,7
53372601,111,59,52,16,7,9,43,29,14,36,16,20,1,1,0,5,2,3,10,4,6
53372602,53,22,31,7,2,5,24,10,14,18,7,11,1,1,0,2,2,0,1,0,1
53372603,272,138,134,66,27,39,110,68,42,58,21,37,4,1,3,16,7,9,18,14,4
53788801,520,246,274,64,27,37,214,120,94,158,63,95,5,0,5,57,26,31,22,10,12
53373401,95,40,55,17,4,13,25,13,12,33,13,20,2,2,0,15,6,9,3,2,1
53373402,361,192,169,60,31,29,141,88,53,109,51,58,3,1,2,22,7,15,26,14,12
53374201,310,105,205,67,15,52,123,51,72,86,23,63,0,0,0,25,13,12,9,3,6
53374202,181,81,100,20,3,17,63,37,26,63,24,39,1,1,0,22,8,14,12,8,4
53375101,53,24,29,10,4,6,15,7,8,15,8,7,1,1,0,10,3,7,2,1,1
53375102,18,10,8,1,0,1,10,7,3,5,2,3,0,0,0,1,1,0,1,0,1
53375103,71,32,39,5,1,4,29,16,13,21,6,15,1,0,1,10,5,5,5,4,1
53375104,320,151,169,45,18,27,118,64,54,91,35,56,3,0,3,40,19,21,23,15,8
53376901,800,394,406,106,39,67,290,169,121,254,119,135,14,5,9,110,50,60,26,12,14
53377701,466,241,225,63,23,40,162,105,57,138,60,78,9,2,7,69,33,36,25,18,7
53378501,277,139,138,38,17,21,68,44,24,86,41,45,3,2,1,71,31,40,11,4,7
53378502,564,280,284,70,33,37,145,87,58,186,83,103,9,4,5,126,56,70,28,17,11
53380702,156,77,79,17,6,11,51,35,16,63,24,39,2,2,0,17,8,9,6,2,4
53380703,20,11,9,5,4,1,8,3,5,4,3,1,1,1,0,2,0,2,0,0,0
53380704,1370,676,694,152,55,97,490,279,211,448,210,238,20,9,11,167,65,102,93,58,35
53380705,183,92,91,26,11,15,64,39,25,63,28,35,4,2,2,21,9,12,5,3,2
53381501,127,63,64,26,7,19,49,30,19,36,14,22,0,0,0,11,10,1,5,2,3
53381502,181,89,92,30,12,18,62,35,27,57,29,28,1,0,1,20,9,11,11,4,7
53382301,196,99,97,23,5,18,96,56,40,61,30,31,2,0,2,8,5,3,6,3,3
53383101,1697,877,820,222,88,134,536,304,232,600,307,293,36,18,18,231,119,112,72,41,31
53383102,185,98,87,31,14,17,70,40,30,54,30,24,2,1,1,19,7,12,9,6,3
53384001,1990,980,1010,262,106,156,612,355,257,676,309,367,32,13,19,281,126,155,127,71,56
53385802,374,192,182,44,21,23,106,65,41,129,60,69,10,3,7,66,32,34,19,11,8
53385803,795,377,418,97,22,75,281,162,119,288,129,159,9,3,6,80,35,45,40,26,14
53386601,92,46,46,27,8,19,23,18,5,30,14,16,0,0,0,5,3,2,7,3,4
53386602,315,157,158,57,29,28,120,66,54,86,40,46,4,0,4,34,15,19,14,7,7
53386604,151,80,71,28,12,16,57,35,22,40,17,23,0,0,0,11,5,6,15,11,4
53386605,125,59,66,22,8,14,37,25,12,47,22,25,1,0,1,16,3,13,2,1,1
53386606,27,15,12,4,1,3,15,9,6,4,4,0,0,0,0,2,0,2,2,1,1
53386607,203,101,102,36,13,23,90,55,35,32,13,19,0,0,0,15,5,10,30,15,15
53388201,428,219,209,71,29,42,158,108,50,145,58,87,5,1,4,24,9,15,25,14,11
56482601,221,114,107,31,16,15,72,45,27,70,27,43,2,0,2,33,19,14,13,7,6
53389101,330,167,163,49,19,30,143,86,57,84,32,52,1,0,1,21,8,13,32,22,10
51320201,30,15,15,4,0,4,14,9,5,9,4,5,0,0,0,3,2,1,0,0,0
51320202,74,43,31,10,5,5,32,22,10,23,10,13,0,0,0,7,4,3,2,2,0
53392101,148,81,67,32,17,15,62,43,19,34,10,24,4,1,3,9,5,4,7,5,2
53392102,67,50,17,39,31,8,12,10,2,11,5,6,0,0,0,0,0,0,5,4,1
53392103,94,45,49,14,5,9,36,24,12,28,8,20,1,0,1,14,7,7,1,1,0
53392104,116,54,62,18,9,9,45,24,21,39,16,23,2,0,2,10,4,6,2,1,1
53392105,19,11,8,0,0,0,12,6,6,7,5,2,0,0,0,0,0,0,0,0,0
53392106,1217,601,616,157,67,90,428,247,181,399,178,221,18,9,9,136,57,79,79,43,36
51326101,205,96,109,27,8,19,85,50,35,64,25,39,1,0,1,13,5,8,15,8,7
51316401,293,148,145,36,16,20,116,68,48,95,37,58,5,2,3,31,18,13,10,7,3
53803501,311,153,158,37,11,26,120,66,54,107,48,59,5,3,2,26,13,13,16,12,4
53803502,69,33,36,12,5,7,31,15,16,19,9,10,1,0,1,5,3,2,1,1,0
53394701,125,64,61,27,10,17,55,34,21,28,15,13,0,0,0,8,3,5,7,2,5
53394702,373,247,126,51,34,17,90,58,32,85,44,41,15,11,4,56,43,13,76,57,19
53394703,34,17,17,7,4,3,7,4,3,15,6,9,1,0,1,3,2,1,1,1,0
53394704,121,58,63,18,5,13,59,38,21,31,10,21,3,1,2,8,2,6,2,2,0
53394706,729,382,347,105,49,56,288,166,122,202,94,108,17,9,8,59,31,28,58,33,25
53394707,48,23,25,1,0,1,13,10,3,23,9,14,0,0,0,8,3,5,3,1,2
53136701,114,60,54,10,5,5,51,29,22,40,18,22,0,0,0,9,5,4,4,3,1
53111101,150,76,74,23,8,15,72,48,24,37,15,22,1,1,0,15,3,12,2,1,1
53397101,280,140,140,38,11,27,144,86,58,60,23,37,2,1,1,15,7,8,21,12,9
53397102,105,56,49,11,6,5,50,31,19,26,13,13,2,0,2,10,4,6,6,2,4
53397103,108,54,54,12,5,7,59,38,21,23,8,15,0,0,0,12,3,9,2,0,2
53096401,18,11,7,2,1,1,9,7,2,3,1,2,0,0,0,3,1,2,1,1,0
53398001,217,104,113,19,4,15,94,54,40,59,23,36,5,0,5,31,17,14,9,6,3
53398002,38,19,19,4,3,1,20,11,9,7,2,5,0,0,0,5,2,3,2,1,1
53398005,60,34,26,9,4,5,26,18,8,17,8,9,2,1,1,4,3,1,2,0,2
53398006,27,11,16,4,2,2,7,5,2,12,4,8,0,0,0,3,0,3,1,0,1
53398007,20,10,10,2,1,1,5,3,2,7,2,5,2,1,1,4,3,1,0,0,0
53083201,57,29,28,7,3,4,25,13,12,25,13,12,0,0,0,0,0,0,0,0,0
53083202,55,29,26,6,2,4,27,19,8,16,5,11,0,0,0,5,2,3,1,1,0
53128601,328,152,176,42,11,31,126,65,61,110,58,52,10,2,8,31,10,21,9,6,3
53399801,529,270,259,52,25,27,181,109,72,206,94,112,9,2,7,51,21,30,30,19,11
53399802,525,251,274,77,28,49,181,109,72,183,81,102,12,5,7,59,21,38,13,7,6
0183680,0,0,0,0,0,0,0,0,0,0,0,0,0,0,0,0,0,0,0,0,0
0183760,0,0,0,0,0,0,0,0,0,0,0,0,0,0,0,0,0,0,0,0,0
0184060,0,0,0,0,0,0,0,0,0,0,0,0,0,0,0,0,0,0,0,0,0
0184650,0,0,0,0,0,0,0,0,0,0,0,0,0,0,0,0,0,0,0,0,0
0184810,0,0,0,0,0,0,0,0,0,0,0,0,0,0,0,0,0,0,0,0,0
53400501,160,42,118,51,10,41,51,15,36,36,8,28,0,0,0,9,2,7,13,7,6
53400502,23,14,9,3,2,1,0,0,0,6,5,1,3,2,1,9,4,5,2,1,1
53400504,164,84,80,18,14,4,34,18,16,53,22,31,3,1,2,53,27,26,3,2,1
53400505,1919,889,1030,230,91,139,474,235,239,710,320,390,48,16,32,341,160,181,116,67,49
53400506,2159,1031,1128,291,117,174,622,326,296,732,328,404,49,12,37,320,165,155,145,83,62
53400507,114,56,58,21,11,10,41,25,16,27,10,17,5,1,4,9,4,5,11,5,6
53400508,59,33,26,8,4,4,24,18,6,17,5,12,1,0,1,7,4,3,2,2,0
53400509,1403,689,714,132,60,72,371,207,164,502,234,268,30,5,25,327,160,167,41,23,18
53400510,153,78,75,21,10,11,50,27,23,46,20,26,1,1,0,17,9,8,18,11,7
53400511,1304,612,692,160,68,92,316,157,159,509,228,281,39,15,24,227,113,114,53,31,22
53400512,240,91,149,52,11,41,88,35,53,76,30,46,3,1,2,18,11,7,3,3,0
53400513,745,392,353,93,44,49,206,113,93,253,123,130,8,1,7,90,41,49,95,70,25
52952401,33,20,13,4,2,2,18,12,6,5,3,2,1,1,0,5,2,3,0,0,0
0202732,0,0,0,0,0,0,0,0,0,0,0,0,0,0,0,0,0,0,0,0,0
53401301,83,42,41,10,5,5,29,16,13,25,10,15,0,0,0,14,8,6,5,3,2
53401302,46,22,24,3,1,2,17,11,6,21,8,13,0,0,0,3,2,1,2,0,2
53401303,78,42,36,13,5,8,36,22,14,18,10,8,1,1,0,7,2,5,3,2,1
53401304,48,26,22,5,2,3,16,12,4,21,9,12,1,0,1,5,3,2,0,0,0
53401305,21,13,8,6,2,4,7,6,1,3,2,1,0,0,0,3,2,1,2,1,1
53401306,41,23,18,4,1,3,18,11,7,17,11,6,1,0,1,1,0,1,0,0,0
53401308,23,11,12,2,0,2,4,3,1,11,4,7,1,0,1,4,3,1,1,1,0
53402101,441,222,219,59,24,35,168,99,69,149,61,88,5,2,3,41,24,17,19,12,7
53402104,27,13,14,2,2,0,10,5,5,7,3,4,0,0,0,4,2,2,4,1,3
53402105,38,18,20,7,3,4,14,9,5,12,4,8,0,0,0,5,2,3,0,0,0
53402106,54,27,27,12,6,6,19,10,9,13,7,6,1,1,0,8,2,6,1,1,0
53403001,45,21,24,6,0,6,19,14,5,11,4,7,3,1,2,6,2,4,0,0,0
53403002,125,61,64,17,4,13,61,40,21,29,8,21,2,1,1,10,3,7,6,5,1
53403003,45,24,21,7,1,6,19,11,8,12,7,5,3,1,2,2,2,0,2,2,0
53403004,24,14,10,3,2,1,10,7,3,8,3,5,0,0,0,3,2,1,0,0,0
53403005,40,20,20,1,0,1,24,16,8,7,2,5,3,0,3,3,2,1,2,0,2
53403006,58,27,31,11,3,8,19,12,7,21,9,12,1,1,0,6,2,4,0,0,0
53403007,23,16,7,1,0,1,11,8,3,6,4,2,0,0,0,5,4,1,0,0,0
52955902,101,53,48,12,4,8,40,28,12,23,8,15,4,1,3,19,9,10,3,3,0
53126001,83,43,40,13,4,9,41,28,13,16,5,11,0,0,0,10,5,5,3,1,2
53134101,329,159,170,37,10,27,142,77,65,102,48,54,6,0,6,26,15,11,16,9,7
53119701,456,224,232,47,13,34,169,102,67,148,70,78,10,5,5,60,24,36,22,10,12
53119702,42,22,20,2,2,0,11,5,6,16,9,7,0,0,0,11,5,6,2,1,1
53143001,31,15,16,7,3,4,13,8,5,8,3,5,1,0,1,2,1,1,0,0,0
53143002,110,55,55,18,9,9,35,20,15,40,18,22,1,0,1,11,5,6,5,3,2
53143003,190,95,95,29,9,20,67,42,25,60,24,36,5,2,3,23,14,9,6,4,2
0420480,0,0,0,0,0,0,0,0,0,0,0,0,0,0,0,0,0,0,0,0,0
53405601,39,21,18,6,2,4,18,13,5,13,6,7,1,0,1,1,0,1,0,0,0
53405602,33,18,15,10,5,5,15,9,6,5,2,3,0,0,0,1,0,1,2,2,0
53405603,23,8,15,6,1,5,8,4,4,7,3,4,0,0,0,2,0,2,0,0,0
53405604,181,90,91,29,10,19,66,41,25,71,32,39,1,0,1,7,3,4,7,4,3
53405605,63,30,33,4,1,3,31,21,10,14,4,10,1,1,0,12,3,9,1,0,1
53135901,300,146,154,30,7,23,116,65,51,95,42,53,8,5,3,28,14,14,23,13,10
53148101,161,80,81,18,4,14,73,39,34,54,28,26,2,2,0,8,3,5,6,4,2
53406401,208,112,96,31,17,14,90,55,35,42,13,29,4,1,3,21,12,9,20,14,6
53141301,93,47,46,19,5,14,38,22,16,23,11,12,0,0,0,5,2,3,8,7,1
53408102,84,39,45,13,3,10,38,22,16,27,12,15,0,0,0,2,0,2,4,2,2
53408103,126,66,60,12,4,8,56,33,23,36,18,18,4,1,3,8,5,3,10,5,5
0724271,0,0,0,0,0,0,0,0,0,0,0,0,0,0,0,0,0,0,0,0,0
53409901,269,136,133,32,12,20,114,74,40,80,34,46,4,1,3,25,8,17,14,7,7
53409902,31,13,18,3,1,2,16,7,9,8,4,4,0,0,0,3,1,2,1,0,1
53409903,53,31,22,7,1,6,27,20,7,14,7,7,0,0,0,2,2,0,3,1,2
53409904,74,38,36,7,2,5,29,19,10,26,11,15,0,0,0,7,4,3,5,2,3
53409905,43,24,19,8,3,5,24,15,9,7,4,3,0,0,0,3,1,2,1,1,0
53409906,35,15,20,8,3,5,19,11,8,7,1,6,0,0,0,1,0,1,0,0,0
53409907,23,14,9,2,1,1,8,6,2,10,5,5,0,0,0,3,2,1,0,0,0
53409908,21,13,8,2,1,1,6,5,1,11,6,5,0,0,0,1,0,1,1,1,0
53409909,76,38,38,7,1,6,34,25,9,16,7,9,0,0,0,9,1,8,10,4,6
53410201,624,323,301,82,33,49,187,108,79,228,117,111,13,5,8,77,38,39,37,22,15
53412903,485,242,243,60,23,37,188,113,75,142,65,77,10,3,7,60,28,32,25,10,15
53412904,40,19,21,10,5,5,4,3,1,17,8,9,1,0,1,7,3,4,1,0,1
53412906,52,30,22,10,6,4,18,12,6,9,5,4,2,0,2,11,6,5,2,1,1
53412907,36,19,17,3,1,2,14,8,6,13,6,7,1,1,0,3,1,2,2,2,0
53412908,35,14,21,5,1,4,13,8,5,14,4,10,0,0,0,2,1,1,1,0,1
53413701,285,153,132,26,12,14,118,78,40,89,39,50,10,4,6,32,13,19,10,7,3
53413702,65,37,28,6,1,5,31,20,11,20,11,9,0,0,0,8,5,3,0,0,0
53413703,62,26,36,9,1,8,22,14,8,23,8,15,1,0,1,3,0,3,4,3,1
53413704,23,11,12,1,0,1,13,8,5,3,0,3,1,1,0,2,1,1,3,1,2
53140501,174,84,90,23,9,14,64,32,32,53,30,23,2,2,0,16,5,11,16,6,10
55146501,51,22,29,7,1,6,17,12,5,16,5,11,2,0,2,7,3,4,2,1,1
53415302,52,24,28,7,4,3,24,14,10,12,2,10,0,0,0,9,4,5,0,0,0
53415303,291,137,154,31,10,21,111,66,45,104,37,67,3,1,2,31,15,16,11,8,3
53416101,18,7,11,2,0,2,11,5,6,3,2,1,0,0,0,2,0,2,0,0,0
53416102,65,29,36,10,4,6,24,13,11,19,7,12,0,0,0,3,1,2,9,4,5
53416103,42,23,19,4,1,3,23,17,6,13,4,9,0,0,0,2,1,1,0,0,0
53416104,29,16,13,1,0,1,13,7,6,5,3,2,3,0,3,1,1,0,6,5,1
53416105,424,220,204,55,25,30,160,96,64,135,63,72,12,3,9,39,16,23,23,17,6
0778101,0,0,0,0,0,0,0,0,0,0,0,0,0,0,0,0,0,0,0,0,0
0778610,0,0,0,0,0,0,0,0,0,0,0,0,0,0,0,0,0,0,0,0,0
0779330,0,0,0,0,0,0,0,0,0,0,0,0,0,0,0,0,0,0,0,0,0
0779500,0,0,0,0,0,0,0,0,0,0,0,0,0,0,0,0,0,0,0,0,0
0780002,0,0,0,0,0,0,0,0,0,0,0,0,0,0,0,0,0,0,0,0,0
3072460,0,0,0,0,0,0,0,0,0,0,0,0,0,0,0,0,0,0,0,0,0
3072540,0,0,0,0,0,0,0,0,0,0,0,0,0,0,0,0,0,0,0,0,0
3210950,0,0,0,0,0,0,0,0,0,0,0,0,0,0,0,0,0,0,0,0,0
3228062,0,0,0,0,0,0,0,0,0,0,0,0,0,0,0,0,0,0,0,0,0
3228063,0,0,0,0,0,0,0,0,0,0,0,0,0,0,0,0,0,0,0,0,0
53395501,95,50,45,9,6,3,26,16,10,35,18,17,4,2,2,15,6,9,6,2,4
53395502,1039,499,540,149,61,88,303,154,149,345,155,190,33,15,18,144,75,69,65,39,26
53395503,921,456,465,92,38,54,177,102,75,339,158,181,35,13,22,231,115,116,47,30,17
53395504,1991,896,1095,303,110,193,636,324,312,644,269,375,32,11,21,256,101,155,120,81,39
53395506,257,111,146,56,23,33,77,39,38,87,33,54,3,0,3,23,10,13,11,6,5
53395507,30,18,12,6,3,3,11,7,4,5,2,3,0,0,0,4,3,1,4,3,1
53395508,184,94,90,24,9,15,33,20,13,69,30,39,3,0,3,53,34,19,2,1,1
53395510,1181,558,623,106,38,68,337,193,144,414,173,241,23,9,14,253,117,136,48,28,20
53395511,1493,714,779,121,46,75,376,203,173,559,245,314,32,17,15,372,186,186,33,17,16
53395512,18,9,9,2,1,1,1,0,1,4,1,3,0,0,0,5,3,2,6,4,2
53395514,24,14,10,7,4,3,8,6,2,5,2,3,0,0,0,3,2,1,1,0,1
53395515,535,274,261,43,19,24,158,98,60,209,104,105,14,6,8,93,37,56,18,10,8
53395516,25,20,5,1,1,0,4,4,0,6,5,1,2,0,2,3,2,1,9,8,1
53395519,154,78,76,26,10,16,64,39,25,46,21,25,4,0,4,8,5,3,6,3,3
53395520,44,25,19,5,5,0,18,9,9,16,8,8,0,0,0,4,2,2,1,1,0
53395522,129,66,63,43,16,27,41,24,17,23,14,9,1,0,1,2,1,1,19,11,8
53395523,873,425,448,103,46,57,272,156,116,308,133,175,18,12,6,136,55,81,36,23,13
53395526,106,60,46,18,10,8,35,21,14,29,16,13,1,1,0,9,2,7,14,10,4
53395527,658,332,326,81,34,47,235,139,96,231,111,120,4,2,2,86,36,50,21,10,11
53395528,19,9,10,3,1,2,2,2,0,9,3,6,0,0,0,5,3,2,0,0,0
53395529,815,410,405,98,43,55,267,173,94,313,140,173,12,5,7,107,41,66,18,8,10
53395530,618,322,296,173,104,69,139,80,59,162,71,91,8,4,4,112,52,60,24,11,13
53395531,535,270,265,59,31,28,118,61,57,182,88,94,16,9,7,124,60,64,36,21,15
53395532,1198,684,514,145,73,72,237,149,88,304,151,153,20,10,10,194,96,98,298,205,93
53395533,2595,1260,1335,298,122,176,873,465,408,936,433,503,46,13,33,297,145,152,145,82,63
53395534,1129,541,588,152,58,94,318,170,148,428,200,228,22,6,16,159,79,80,50,28,22
53395535,142,64,78,11,2,9,55,25,30,52,22,30,0,0,0,16,10,6,8,5,3
53395536,46,21,25,4,2,2,8,5,3,17,6,11,1,1,0,14,6,8,2,1,1
53395537,146,74,72,11,4,7,32,23,9,51,20,31,9,5,4,27,15,12,16,7,9
53395538,111,52,59,12,6,6,33,21,12,41,13,28,0,0,0,25,12,13,0,0,0
53417001,192,103,89,21,13,8,60,36,24,64,29,35,4,1,3,36,18,18,7,6,1
53418801,718,358,360,83,29,54,252,151,101,246,109,137,16,8,8,87,42,45,34,19,15
53418802,38,18,20,12,2,10,12,7,5,10,7,3,1,0,1,3,2,1,0,0,0
53418804,47,24,23,8,4,4,21,13,8,13,5,8,0,0,0,5,2,3,0,0,0
53418805,39,18,21,6,2,4,10,6,4,13,5,8,0,0,0,8,4,4,2,1,1
53420001,51,26,25,9,5,4,12,7,5,13,6,7,3,0,3,8,4,4,6,4,2
53420002,122,63,59,19,8,11,28,16,12,37,19,18,3,1,2,34,19,15,1,0,1
53420003,56,31,25,1,0,1,17,12,5,21,12,9,4,1,3,10,4,6,3,2,1
53420004,40,20,20,4,3,1,9,6,3,15,6,9,1,0,1,9,3,6,2,2,0
53420005,349,173,176,44,13,31,129,74,55,115,56,59,4,1,3,27,10,17,30,19,11
53420006,288,146,142,26,12,14,72,44,28,111,54,57,6,2,4,70,32,38,3,2,1
53099901,315,152,163,45,15,30,121,66,55,87,46,41,11,3,8,37,15,22,14,7,7
53422602,39,18,21,7,3,4,18,12,6,8,1,7,4,1,3,1,0,1,1,1,0
53422603,127,64,63,14,4,10,53,32,21,44,20,24,6,2,4,8,4,4,2,2,0
53424201,707,366,341,95,38,57,284,170,114,215,100,115,10,6,4,56,26,30,47,26,21
53424202,16,9,7,1,1,0,3,2,1,2,0,2,0,0,0,0,0,0,10,6,4
53425101,160,78,82,23,10,13,71,39,32,41,17,24,3,0,3,10,6,4,12,6,6
1113251,0,0,0,0,0,0,0,0,0,0,0,0,0,0,0,0,0,0,0,0,0
53427701,48,26,22,9,4,5,19,13,6,12,5,7,1,0,1,4,2,2,3,2,1
53427702,45,22,23,8,2,6,15,8,7,12,10,2,1,0,1,9,2,7,0,0,0
53427703,135,70,65,15,8,7,66,32,34,37,17,20,1,0,1,7,5,2,9,8,1
53427704,22,10,12,3,1,2,7,3,4,10,6,4,0,0,0,2,0,2,0,0,0
53095601,117,62,55,8,5,3,46,25,21,37,16,21,2,2,0,21,11,10,3,3,0
53127801,165,82,83,16,4,12,63,40,23,47,19,28,1,1,0,27,14,13,11,4,7
53430702,30,17,13,2,0,2,16,11,5,6,2,4,0,0,0,2,1,1,4,3,1
53430703,20,12,8,7,4,3,8,6,2,4,1,3,0,0,0,0,0,0,1,1,0
53430705,85,48,37,18,9,9,32,19,13,19,11,8,0,0,0,12,7,5,4,2,2
53431503,180,92,88,23,6,17,76,49,27,50,24,26,2,1,1,15,5,10,14,7,7
53431504,32,14,18,8,4,4,11,6,5,7,1,6,1,0,1,3,2,1,2,1,1
53431505,40,18,22,4,0,4,21,12,9,12,4,8,0,0,0,3,2,1,0,0,0
53432301,20,13,7,2,1,1,10,6,4,5,3,2,1,1,0,1,1,0,1,1,0
53432302,20,10,10,4,1,3,8,4,4,4,2,2,0,0,0,4,3,1,0,0,0
53432303,15,7,8,0,0,0,8,3,5,5,2,3,1,1,0,0,0,0,1,1,0
53432304,25,12,13,2,0,2,7,4,3,10,6,4,0,0,0,3,0,3,3,2,1
53432305,21,8,13,4,0,4,4,2,2,10,6,4,0,0,0,2,0,2,1,0,1
53432306,32,15,17,7,4,3,16,9,7,5,1,4,0,0,0,2,0,2,2,1,1
52819601,20,12,8,4,2,2,7,7,0,8,3,5,0,0,0,0,0,0,1,0,1
52819602,128,68,60,16,9,7,57,35,22,41,19,22,1,0,1,9,4,5,4,1,3
52819603,19,10,9,3,0,3,7,5,2,6,4,2,0,0,0,1,0,1,2,1,1
52819604,15,9,6,0,0,0,6,5,1,8,3,5,0,0,0,1,1,0,0,0,0
53433101,503,238,265,55,19,36,205,112,93,159,69,90,11,1,10,54,26,28,19,11,8
53434001,159,78,81,27,8,19,66,38,28,35,14,21,2,1,1,22,12,10,7,5,2
53434002,38,20,18,1,0,1,16,10,6,18,10,8,0,0,0,2,0,2,1,0,1
53434003,81,40,41,12,5,7,25,15,10,19,8,11,0,0,0,14,6,8,11,6,5
53434004,62,29,33,6,4,2,29,16,13,17,6,11,1,0,1,2,0,2,7,3,4
53435801,38,21,17,2,0,2,15,8,7,8,5,3,1,0,1,9,6,3,3,2,1
53435802,29,14,15,2,0,2,9,5,4,16,9,7,0,0,0,2,0,2,0,0,0
53435803,44,22,22,9,5,4,12,6,6,12,6,6,1,0,1,10,5,5,0,0,0
53435804,366,201,165,80,45,35,107,61,46,118,58,60,5,0,5,35,20,15,21,17,4
52662201,274,137,137,22,9,13,99,57,42,100,46,54,5,2,3,43,19,24,5,4,1
53436601,82,42,40,12,5,7,36,22,14,29,14,15,0,0,0,3,1,2,2,0,2
53436602,27,14,13,4,1,3,10,6,4,11,6,5,0,0,0,2,1,1,0,0,0
53436603,31,16,15,4,1,3,17,9,8,7,5,2,0,0,0,0,0,0,3,1,2
53436604,47,25,22,7,3,4,18,8,10,14,10,4,0,0,0,3,1,2,5,3,2
53437402,41,22,19,3,2,1,15,10,5,8,2,6,1,1,0,11,5,6,3,2,1
53437403,90,31,59,31,7,24,34,15,19,15,2,13,1,0,1,6,4,2,3,3,0
53437404,66,32,34,15,7,8,27,15,12,16,5,11,0,0,0,6,4,2,2,1,1
53437405,45,25,20,2,1,1,21,13,8,13,4,9,0,0,0,5,5,0,4,2,2
53085901,224,113,111,29,10,19,93,57,36,62,26,36,1,1,0,25,12,13,14,7,7
53138301,73,36,37,7,3,4,31,18,13,21,11,10,2,0,2,8,3,5,4,1,3
53439101,81,44,37,12,4,8,32,21,11,28,13,15,0,0,0,6,4,2,3,2,1
53439102,59,32,27,7,2,5,20,14,6,17,7,10,1,0,1,9,5,4,5,4,1
53429301,58,29,29,8,3,5,21,12,9,20,12,8,0,0,0,9,2,7,0,0,0
53429302,99,55,44,19,7,12,39,28,11,25,11,14,0,0,0,9,5,4,7,4,3
53106501,116,52,64,13,4,9,54,28,26,42,19,23,0,0,0,6,0,6,1,1,0
53441201,29,14,15,2,0,2,10,8,2,14,4,10,1,1,0,2,1,1,0,0,0
53441202,45,21,24,6,1,5,12,8,4,18,7,11,1,1,0,7,3,4,1,1,0
53441203,38,19,19,3,1,2,18,10,8,10,5,5,1,1,0,5,1,4,1,1,0
53441204,72,37,35,7,2,5,37,22,15,17,8,9,0,0,0,8,3,5,3,2,1
53441205,20,10,10,1,0,1,2,0,2,12,8,4,0,0,0,5,2,3,0,0,0
53087501,128,72,56,18,8,10,42,29,13,42,19,23,0,0,0,22,13,9,4,3,1
53139101,64,29,35,9,6,3,21,11,10,22,6,16,0,0,0,8,3,5,4,3,1
53443901,171,89,82,18,7,11,90,60,30,43,17,26,1,0,1,14,3,11,5,2,3
53443902,45,21,24,6,3,3,18,10,8,14,5,9,0,0,0,7,3,4,0,0,0
53443903,68,33,35,9,4,5,27,15,12,19,10,9,2,0,2,9,4,5,2,0,2
53443904,592,304,288,55,22,33,219,130,89,210,96,114,6,2,4,74,35,39,28,19,9
53443905,58,31,27,13,4,9,24,17,7,14,6,8,1,1,0,5,3,2,1,0,1
53419601,246,111,135,37,6,31,104,58,46,69,32,37,5,1,4,20,8,12,11,6,5
53419602,353,175,178,28,10,18,155,94,61,106,42,64,10,6,4,35,11,24,19,12,7
53419603,30,13,17,0,0,0,11,8,3,13,3,10,1,1,0,4,1,3,1,0,1
53419604,85,43,42,11,4,7,37,24,13,21,6,15,1,1,0,12,6,6,3,2,1
53142101,75,36,39,14,4,10,24,12,12,20,11,9,1,0,1,13,7,6,3,2,1
53093001,109,51,58,16,6,10,48,24,24,31,15,16,2,1,1,11,4,7,1,1,0
53098101,218,109,109,30,14,16,80,43,37,67,31,36,1,0,1,12,8,4,28,13,15
53097201,28,15,13,1,1,0,10,6,4,11,4,7,2,2,0,3,1,2,1,1,0
53097203,75,38,37,11,3,8,38,23,15,11,4,7,1,0,1,5,3,2,9,5,4
57174101,120,63,57,10,5,5,49,29,20,37,16,21,5,1,4,14,8,6,5,4,1
53448001,529,266,263,53,23,30,219,129,90,170,76,94,14,3,11,51,23,28,22,12,10
53449802,21,12,9,2,1,1,9,7,2,9,4,5,0,0,0,1,0,1,0,0,0
53449803,50,25,25,6,1,5,21,14,7,17,9,8,1,0,1,5,1,4,0,0,0
53449804,23,10,13,0,0,0,6,4,2,11,3,8,0,0,0,4,3,1,2,0,2
53449806,27,16,11,2,2,0,13,8,5,9,4,5,0,0,0,1,0,1,2,2,0
53449807,62,32,30,7,3,4,29,17,12,13,5,8,1,0,1,9,5,4,3,2,1
53449808,2455,1189,1266,367,134,233,937,522,415,757,346,411,33,10,23,227,88,139,134,89,45
53450101,53,27,26,5,2,3,16,12,4,20,9,11,2,0,2,10,4,6,0,0,0
53450103,81,41,40,13,4,9,38,26,12,19,8,11,1,0,1,7,2,5,3,1,2
53450104,84,44,40,9,4,5,30,15,15,29,17,12,2,1,1,12,6,6,2,1,1
53450106,50,24,26,5,3,2,22,10,12,20,10,10,0,0,0,3,1,2,0,0,0
53450107,149,73,76,27,8,19,48,30,18,38,18,20,9,3,6,20,9,11,7,5,2
1758113,0,0,0,0,0,0,0,0,0,0,0,0,0,0,0,0,0,0,0,0,0
53451001,31,15,16,2,1,1,6,4,2,14,6,8,1,0,1,8,4,4,0,0,0
53451002,84,46,38,15,3,12,46,32,14,20,10,10,1,1,0,2,0,2,0,0,0
53451003,36,19,17,4,1,3,14,9,5,13,7,6,1,0,1,3,2,1,1,0,1
53451004,89,50,39,13,7,6,31,17,14,27,12,15,1,0,1,12,10,2,5,4,1
53451005,91,45,46,16,5,11,40,23,17,27,15,12,2,0,2,5,2,3,1,0,1
53451006,99,51,48,16,6,10,42,27,15,29,13,16,2,0,2,5,2,3,5,3,2
53451007,64,32,32,6,1,5,27,17,10,24,9,15,0,0,0,5,3,2,2,2,0
53451008,93,46,47,10,4,6,33,21,12,26,11,15,1,0,1,15,6,9,8,4,4
53452801,246,122,124,26,13,13,110,70,40,68,26,42,4,0,4,32,10,22,6,3,3
53452802,150,76,74,18,5,13,59,34,25,52,26,26,2,1,1,7,4,3,12,6,6
53452803,69,33,36,12,5,7,23,14,9,20,8,12,0,0,0,14,6,8,0,0,0
53453601,30,14,16,2,0,2,16,7,9,11,7,4,0,0,0,1,0,1,0,0,0
53453602,32,17,15,5,2,3,5,4,1,11,3,8,2,2,0,8,5,3,1,1,0
53453604,44,19,25,4,1,3,15,8,7,14,5,9,1,1,0,6,2,4,4,2,2
53453605,41,18,23,2,1,1,14,9,5,15,4,11,1,0,1,5,1,4,4,3,1
53453606,68,33,35,9,4,5,25,11,14,23,11,12,2,1,1,3,2,1,6,4,2
53454401,137,71,66,20,7,13,56,35,21,43,20,23,0,0,0,8,3,5,10,6,4
53454402,82,43,39,18,10,8,31,19,12,27,12,15,1,1,0,4,1,3,1,0,1
53455201,25,12,13,6,2,4,11,7,4,5,1,4,0,0,0,1,1,0,2,1,1
53455202,173,83,90,25,9,16,83,48,35,42,17,25,1,0,1,13,4,9,9,5,4
53456102,40,19,21,5,0,5,17,8,9,10,5,5,1,1,0,5,4,1,2,1,1
53456103,57,27,30,6,1,5,27,15,12,17,9,8,0,0,0,7,2,5,0,0,0
53456105,29,16,13,6,3,3,11,7,4,6,3,3,0,0,0,3,2,1,3,1,2
53456106,201,97,104,21,5,16,76,41,35,62,27,35,6,2,4,21,12,9,15,10,5
53456107,19,10,9,4,1,3,7,4,3,8,5,3,0,0,0,0,0,0,0,0,0
53456108,28,16,12,2,1,1,13,8,5,8,3,5,0,0,0,2,2,0,3,2,1
53456109,27,13,14,3,1,2,10,7,3,9,2,7,0,0,0,3,2,1,2,1,1
53457901,129,64,65,20,5,15,48,29,19,42,22,20,3,0,3,10,5,5,6,3,3
53457902,63,36,27,4,2,2,28,19,9,22,12,10,1,0,1,8,3,5,0,0,0
53457903,321,164,157,39,18,21,122,78,44,108,43,65,1,0,1,38,17,21,13,8,5
53101401,67,33,34,4,0,4,35,22,13,20,8,12,1,0,1,5,3,2,2,0,2
53458701,694,345,349,90,34,56,270,150,120,205,94,111,11,3,8,72,34,38,46,30,16
53458702,32,15,17,2,1,1,18,9,9,7,3,4,1,0,1,3,1,2,1,1,0
53458703,253,119,134,27,9,18,93,54,39,93,38,55,3,0,3,28,14,14,9,4,5
53458704,1190,602,588,150,75,75,496,282,214,361,160,201,15,4,11,78,34,44,90,47,43
53458705,65,38,27,12,7,5,23,14,9,18,11,7,2,1,1,6,3,3,4,2,2
53458706,123,63,60,17,7,10,62,33,29,25,11,14,0,0,0,11,5,6,8,7,1
53458707,57,33,24,6,1,5,31,23,8,14,6,8,0,0,0,4,2,2,2,1,1
53459501,101,43,58,9,4,5,52,24,28,30,11,19,2,1,1,4,2,2,4,1,3
53459502,591,308,283,74,27,47,206,124,82,210,110,100,10,3,7,62,28,34,29,16,13
53460902,40,20,20,4,1,3,13,8,5,17,8,9,1,1,0,5,2,3,0,0,0
53460903,30,17,13,1,1,0,15,9,6,9,5,4,0,0,0,5,2,3,0,0,0
53460904,55,30,25,5,1,4,28,18,10,16,9,7,4,1,3,1,0,1,1,1,0
53460905,77,39,38,10,3,7,41,24,17,16,9,7,0,0,0,5,2,3,5,1,4
53460906,190,96,94,19,9,10,85,50,35,60,25,35,1,0,1,18,7,11,7,5,2
53461702,51,26,25,6,1,5,21,12,9,18,10,8,0,0,0,5,2,3,1,1,0
53461703,27,13,14,6,2,4,16,8,8,2,1,1,0,0,0,3,2,1,0,0,0
53461704,55,26,29,10,2,8,22,13,9,17,10,7,0,0,0,6,1,5,0,0,0
53461705,36,19,17,8,3,5,14,9,5,12,6,6,0,0,0,2,1,1,0,0,0
53461707,24,11,13,2,0,2,8,4,4,11,7,4,0,0,0,3,0,3,0,0,0
53461709,31,16,15,4,0,4,13,10,3,8,3,5,2,1,1,4,2,2,0,0,0
53461710,31,16,15,4,2,2,9,6,3,9,4,5,0,0,0,4,1,3,5,3,2
53461712,20,9,11,4,1,3,7,5,2,5,1,4,0,0,0,1,1,0,3,1,2
53461713,26,14,12,4,1,3,11,8,3,8,4,4,0,0,0,1,0,1,2,1,1
53461714,862,439,423,108,42,66,329,217,112,290,121,169,7,3,4,86,33,53,42,23,19
53461715,21,11,10,1,1,0,12,9,3,6,1,5,1,0,1,0,0,0,1,0,1
1920742,0,0,0,0,0,0,0,0,0,0,0,0,0,0,0,0,0,0,0,0,0
53462501,53,27,26,7,4,3,25,14,11,15,6,9,0,0,0,4,2,2,2,1,1
53462502,21,11,10,1,0,1,6,5,1,10,4,6,2,0,2,2,2,0,0,0,0
53462503,40,22,18,3,2,1,20,9,11,12,8,4,0,0,0,5,3,2,0,0,0
53462504,38,19,19,7,2,5,11,7,4,16,9,7,1,0,1,3,1,2,0,0,0
53462505,91,47,44,13,6,7,41,25,16,25,10,15,2,0,2,8,5,3,2,1,1
53462506,24,11,13,4,0,4,9,7,2,9,4,5,0,0,0,1,0,1,1,0,1
53462507,61,29,32,5,3,2,22,13,9,23,9,14,2,0,2,8,4,4,1,0,1
53462508,192,100,92,14,3,11,81,46,35,59,32,27,0,0,0,25,12,13,13,7,6
3072890,0,0,0,0,0,0,0,0,0,0,0,0,0,0,0,0,0,0,0,0,0
3072970,0,0,0,0,0,0,0,0,0,0,0,0,0,0,0,0,0,0,0,0,0
3073010,0,0,0,0,0,0,0,0,0,0,0,0,0,0,0,0,0,0,0,0,0
53463301,60,29,31,10,2,8,28,16,12,18,8,10,2,1,1,1,1,0,1,1,0
53463302,55,32,23,11,6,5,25,14,11,13,9,4,0,0,0,5,2,3,1,1,0
53463303,91,46,45,17,8,9,38,22,16,26,11,15,3,2,1,6,2,4,1,1,0
53463305,708,369,339,99,45,54,273,153,120,212,102,110,10,1,9,49,26,23,65,42,23
53463306,230,108,122,27,9,18,87,45,42,73,36,37,2,1,1,31,14,17,10,3,7
53463307,2833,1328,1505,449,171,278,1071,543,528,829,390,439,57,20,37,283,122,161,144,82,62
53464101,224,110,114,29,9,20,94,56,38,62,27,35,1,1,0,28,11,17,10,6,4
53464102,78,40,38,6,1,5,32,18,14,27,13,14,0,0,0,11,6,5,2,2,0
53465001,71,37,34,5,3,2,30,18,12,25,9,16,0,0,0,5,3,2,6,4,2
53465002,597,292,305,56,24,32,214,118,96,206,105,101,13,3,10,89,31,58,19,11,8
53466801,59,29,30,7,1,6,34,19,15,15,8,7,0,0,0,1,0,1,2,1,1
53466802,37,18,19,11,2,9,13,9,4,4,2,2,0,0,0,2,1,1,7,4,3
53466803,55,26,29,5,3,2,26,13,13,13,7,6,0,0,0,6,2,4,5,1,4
53466804,960,488,472,110,39,71,383,232,151,273,125,148,16,4,12,97,43,54,81,45,36
53471401,307,164,143,43,25,18,99,57,42,93,48,45,8,1,7,35,14,21,29,19,10
53471402,86,47,39,10,8,2,30,17,13,33,15,18,1,0,1,8,3,5,4,4,0
53472201,1111,554,557,165,61,104,406,233,173,327,152,175,18,7,11,114,46,68,81,55,26
53473101,63,36,27,6,3,3,23,13,10,24,15,9,3,1,2,6,3,3,1,1,0
53473102,932,475,457,127,63,64,333,202,131,293,129,164,13,6,7,109,41,68,57,34,23
59829101,608,307,301,69,35,34,132,75,57,230,112,118,19,9,10,122,57,65,36,19,17
53474901,548,269,279,70,26,44,217,126,91,153,67,86,9,2,7,57,21,36,42,27,15
0277232,0,0,0,0,0,0,0,0,0,0,0,0,0,0,0,0,0,0,0,0,0
53157001,33,15,18,9,1,8,10,7,3,11,6,5,0,0,0,1,0,1,2,1,1
53157002,76,40,36,17,7,10,28,20,8,12,5,7,1,0,1,9,4,5,9,4,5
53157003,46,27,19,7,3,4,15,12,3,11,6,5,2,0,2,9,5,4,2,1,1
53920101,60,29,31,4,1,3,19,13,6,25,8,17,1,1,0,9,5,4,2,1,1
53920102,690,345,345,88,34,54,239,141,98,206,92,114,15,6,9,111,50,61,31,22,9
53476501,918,463,455,131,59,72,333,201,132,272,112,160,15,7,8,89,37,52,78,47,31
53476502,50,25,25,9,3,6,25,14,11,12,5,7,0,0,0,3,3,0,1,0,1
53476503,280,137,143,48,22,26,95,60,35,76,31,45,4,0,4,27,11,16,30,13,17
53198701,77,39,38,9,3,6,30,17,13,23,11,12,1,0,1,7,3,4,7,5,2
53477301,374,189,185,61,22,39,147,90,57,106,48,58,2,1,1,39,19,20,19,9,10
3313330,0,0,0,0,0,0,0,0,0,0,0,0,0,0,0,0,0,0,0,0,0
53479001,885,443,442,138,55,83,349,213,136,289,125,164,8,3,5,50,22,28,51,25,26
53479003,104,51,53,22,9,13,42,21,21,19,9,10,0,0,0,9,5,4,12,7,5
53480301,263,125,138,39,16,23,116,74,42,64,18,46,3,0,3,27,10,17,14,7,7
53480302,344,183,161,38,18,20,112,64,48,104,55,49,10,4,6,47,22,25,33,20,13
53480303,33,16,17,5,1,4,13,7,6,8,4,4,0,0,0,5,3,2,2,1,1
53480304,70,35,35,8,3,5,30,13,17,16,9,7,2,1,1,9,5,4,5,4,1
53480305,17,9,8,2,1,1,5,3,2,3,1,2,0,0,0,5,2,3,2,2,0
53149901,251,129,122,34,18,16,97,55,42,79,34,45,0,0,0,34,18,16,7,4,3
53192801,259,132,127,27,12,15,113,63,50,79,37,42,3,1,2,18,8,10,19,11,8
53482001,374,190,184,38,15,23,145,83,62,124,58,66,2,0,2,30,13,17,35,21,14
53483802,217,107,110,28,8,20,104,58,46,54,20,34,1,0,1,18,10,8,12,11,1
53483803,206,105,101,37,18,19,94,52,42,53,26,27,1,0,1,18,9,9,3,0,3
53483804,29,13,16,3,2,1,11,4,7,9,4,5,1,0,1,3,1,2,2,2,0
53484601,443,223,220,57,20,37,171,102,69,152,71,81,4,1,3,51,27,24,8,2,6
53187101,222,118,104,28,15,13,71,46,25,66,27,39,6,2,4,45,23,22,6,5,1
53177401,103,48,55,22,10,12,37,19,18,30,11,19,0,0,0,5,4,1,9,4,5
53177402,19,10,9,7,3,4,8,4,4,3,3,0,0,0,0,1,0,1,0,0,0
53165101,74,41,33,14,7,7,28,18,10,17,6,11,1,1,0,11,7,4,3,2,1
0667533,0,0,0,0,0,0,0,0,0,0,0,0,0,0,0,0,0,0,0,0,0
53489701,89,42,47,11,5,6,38,19,19,28,13,15,1,0,1,7,3,4,4,2,2
53489702,219,114,105,25,13,12,53,29,24,82,37,45,8,6,2,45,24,21,6,5,1
53489704,174,95,79,15,7,8,48,30,18,68,37,31,3,1,2,25,11,14,15,9,6
53489705,167,93,74,25,12,13,73,48,25,49,21,28,3,1,2,11,6,5,6,5,1
53489706,125,56,69,27,8,19,39,24,15,33,10,23,1,1,0,9,3,6,16,10,6
53489707,145,68,77,19,9,10,41,23,18,39,14,25,3,0,3,36,18,18,7,4,3
53489708,177,84,93,27,14,13,68,37,31,52,24,28,6,2,4,14,3,11,10,4,6
53489709,203,95,108,33,15,18,65,36,29,61,24,37,2,1,1,40,17,23,2,2,0
53834501,641,314,327,93,36,57,227,129,98,185,79,106,10,5,5,89,43,46,37,22,15
53490101,50,22,28,6,2,4,17,11,6,22,9,13,0,0,0,4,0,4,1,0,1
53490102,31,15,16,9,4,5,7,5,2,9,5,4,1,0,1,4,1,3,1,0,1
53490104,47,23,24,4,1,3,19,12,7,14,5,9,1,0,1,8,5,3,1,0,1
53490106,148,71,77,16,4,12,57,34,23,40,16,24,2,1,1,22,7,15,11,9,2
53490107,35,20,15,3,1,2,9,7,2,13,8,5,2,0,2,6,3,3,2,1,1
53493501,445,220,225,69,25,44,164,105,59,126,54,72,5,0,5,55,26,29,26,10,16
53493503,71,41,30,8,3,5,31,24,7,26,10,16,0,0,0,3,1,2,3,3,0
53493504,2910,1444,1466,332,140,192,921,511,410,1001,464,537,62,20,42,423,203,220,171,106,65
53493505,54,29,25,5,3,2,24,15,9,17,7,10,2,1,1,6,3,3,0,0,0
57179202,379,196,183,54,20,34,130,88,42,110,46,64,6,2,4,56,28,28,23,12,11
0728000,0,0,0,0,0,0,0,0,0,0,0,0,0,0,0,0,0,0,0,0,0
0728180,0,0,0,0,0,0,0,0,0,0,0,0,0,0,0,0,0,0,0,0,0
3073270,0,0,0,0,0,0,0,0,0,0,0,0,0,0,0,0,0,0,0,0,0
53495101,190,96,94,15,8,7,62,35,27,69,31,38,1,0,1,39,20,19,4,2,2
53495102,530,258,272,96,30,66,187,111,76,168,84,84,7,1,6,53,22,31,19,10,9
53495104,108,52,56,10,6,4,15,9,6,45,18,27,3,1,2,33,17,16,2,1,1
53495106,177,84,93,23,12,11,63,33,30,65,27,38,3,2,1,18,7,11,5,3,2
53495107,739,363,376,102,47,55,219,122,97,246,112,134,14,8,6,131,58,73,27,16,11
53495108,817,416,401,101,44,57,226,141,85,288,145,143,13,4,9,167,74,93,22,8,14
53495110,493,247,246,64,27,37,164,94,70,166,78,88,6,2,4,78,37,41,15,9,6
53495111,937,513,424,129,60,69,252,154,98,241,121,120,12,4,8,98,41,57,205,133,72
53495112,625,314,311,65,24,41,185,112,73,198,97,101,10,3,7,135,61,74,32,17,15
53495113,27,15,12,6,2,4,17,11,6,2,0,2,0,0,0,2,2,0,0,0,0
53495114,2016,965,1051,357,136,221,601,318,283,599,298,301,32,11,21,257,118,139,170,84,86
53495115,153,69,84,22,8,14,43,24,19,57,25,32,1,0,1,25,11,14,5,1,4
53495116,71,37,34,8,5,3,4,3,1,26,10,16,1,1,0,31,18,13,1,0,1
53495117,1885,886,999,247,89,158,609,323,286,630,288,342,30,10,20,274,122,152,95,54,41
53495118,18,9,9,9,4,5,3,0,3,3,3,0,0,0,0,0,0,0,3,2,1
53495119,1307,629,678,166,59,107,385,195,190,445,224,221,36,20,16,204,93,111,71,38,33
53495120,171,111,60,27,15,12,33,22,11,49,24,25,4,2,2,10,7,3,48,41,7
53495121,278,163,115,37,21,16,83,53,30,88,51,37,12,7,5,52,28,24,6,3,3
53495122,106,56,50,10,8,2,27,18,9,49,21,28,2,1,1,18,8,10,0,0,0
53495125,1445,720,725,196,74,122,495,274,221,461,208,253,16,6,10,166,77,89,111,81,30
53495126,1691,817,874,194,71,123,567,315,252,562,257,305,38,9,29,249,116,133,81,49,32
53495128,1732,810,922,195,76,119,549,307,242,610,258,352,37,12,25,265,114,151,76,43,33
53497801,557,288,269,73,30,43,229,139,90,158,77,81,9,5,4,53,21,32,35,16,19
53189801,32,17,15,2,1,1,5,3,2,16,8,8,1,1,0,8,4,4,0,0,0
53189802,160,77,83,20,12,8,42,23,19,52,23,29,4,1,3,29,12,17,13,6,7
53189803,21,10,11,3,1,2,6,3,3,6,4,2,0,0,0,4,1,3,2,1,1
53189804,59,29,30,7,3,4,16,10,6,24,9,15,1,1,0,11,6,5,0,0,0
53500101,116,61,55,19,10,9,54,29,25,32,17,15,1,0,1,6,2,4,4,3,1
53500102,763,381,382,142,53,89,285,173,112,199,82,117,8,5,3,92,46,46,37,22,15
53500103,39,18,21,6,3,3,15,7,8,15,8,7,0,0,0,3,0,3,0,0,0
1036320,0,0,0,0,0,0,0,0,0,0,0,0,0,0,0,0,0,0,0,0,0
3193920,0,0,0,0,0,0,0,0,0,0,0,0,0,0,0,0,0,0,0,0,0
57178401,433,216,217,47,15,32,144,86,58,154,63,91,6,3,3,67,37,30,15,12,3
57178403,1581,813,768,216,97,119,550,320,230,498,240,258,24,5,19,181,72,109,112,79,33
53150201,389,186,203,71,23,48,154,90,64,102,37,65,4,2,2,29,15,14,29,19,10
53167701,131,67,64,23,10,13,37,23,14,33,14,19,2,1,1,22,10,12,14,9,5
53502801,59,30,29,9,4,5,15,11,4,24,10,14,1,0,1,7,3,4,3,2,1
53502802,1138,555,583,196,80,116,422,245,177,322,133,189,16,9,7,90,37,53,92,51,41
0914212,0,0,0,0,0,0,0,0,0,0,0,0,0,0,0,0,0,0,0,0,0
53503601,221,107,114,19,10,9,66,32,34,87,44,43,4,1,3,35,15,20,10,5,5
53503602,274,139,135,47,20,27,96,48,48,75,41,34,4,0,4,31,14,17,21,16,5
53503603,386,185,201,74,27,47,138,75,63,122,59,63,1,1,0,29,13,16,22,10,12
52957503,33,16,17,6,2,4,14,7,7,5,3,2,1,0,1,6,4,2,1,0,1
52957504,41,23,18,5,2,3,16,9,7,14,7,7,0,0,0,4,3,1,2,2,0
52957505,63,35,28,7,4,3,16,10,6,25,11,14,0,0,0,7,4,3,8,6,2
53504401,476,242,234,75,28,47,202,119,83,119,44,75,3,1,2,30,17,13,47,33,14
53504402,108,56,52,18,9,9,51,28,23,29,15,14,0,0,0,8,3,5,2,1,1
53504403,226,109,117,53,22,31,101,57,44,54,23,31,0,0,0,14,4,10,4,3,1
0929750,0,0,0,0,0,0,0,0,0,0,0,0,0,0,0,0,0,0,0,0,0
3010270,0,0,0,0,0,0,0,0,0,0,0,0,0,0,0,0,0,0,0,0,0
53467601,2555,1128,1427,379,122,257,808,404,404,920,391,529,33,12,21,303,137,166,112,62,50
53467602,704,328,376,110,43,67,230,131,99,227,95,132,15,10,5,76,28,48,46,21,25
53467603,26,14,12,3,0,3,5,4,1,14,8,6,0,0,0,4,2,2,0,0,0
53467604,1572,759,813,195,75,120,491,273,218,569,279,290,28,12,16,214,82,132,75,38,37
53467605,76,40,36,18,7,11,18,12,6,23,10,13,0,0,0,10,6,4,7,5,2
53467606,363,182,181,55,28,27,100,59,41,123,57,66,5,2,3,57,22,35,23,14,9
53467607,42,28,14,4,0,4,15,11,4,8,6,2,0,0,0,3,2,1,12,9,3
53467608,950,448,502,93,42,51,267,149,118,330,152,178,25,6,19,208,82,126,27,17,10
53467609,72,33,39,9,3,6,10,7,3,18,7,11,1,0,1,32,15,17,2,1,1
53467610,1715,826,889,217,88,129,554,304,250,568,260,308,37,14,23,260,112,148,79,48,31
53467611,3527,1635,1892,427,163,264,1058,563,495,1257,548,709,53,20,33,516,214,302,216,127,89
53467613,2311,1091,1220,266,104,162,606,320,286,861,393,468,34,11,23,415,199,216,129,64,65
53467614,814,473,341,91,47,44,162,106,56,198,88,110,10,3,7,129,59,70,224,170,54
53467615,216,92,124,23,10,13,65,26,39,76,29,47,3,1,2,41,21,20,8,5,3
53467616,144,69,75,15,9,6,27,11,16,52,24,28,3,3,0,46,22,24,1,0,1
53467617,341,174,167,35,14,21,120,81,39,106,43,63,6,1,5,63,27,36,11,8,3
53467618,665,337,328,68,35,33,216,114,102,251,124,127,15,6,9,97,46,51,18,12,6
53467619,317,182,135,66,36,30,94,62,32,111,60,51,5,3,2,32,16,16,9,5,4
53505201,1049,483,566,171,53,118,420,239,181,279,118,161,14,3,11,106,41,65,59,29,30
53505202,42,21,21,6,2,4,11,6,5,17,10,7,2,0,2,5,3,2,1,0,1
53505206,110,52,58,14,3,11,44,26,18,31,12,19,1,1,0,9,4,5,11,6,5
53505207,34,16,18,4,1,3,11,5,6,10,6,4,1,1,0,6,2,4,2,1,1
53506101,347,170,177,59,22,37,143,88,55,86,30,56,3,0,3,28,12,16,28,18,10
53186301,249,125,124,32,11,21,114,75,39,60,20,40,4,2,2,21,8,13,18,9,9
53507901,172,80,92,27,10,17,53,29,24,59,25,34,1,1,0,28,14,14,4,1,3
53507902,38,23,15,5,3,2,19,11,8,12,8,4,0,0,0,2,1,1,0,0,0
53507903,229,111,118,18,7,11,34,19,15,78,43,35,5,2,3,91,39,52,3,1,2
53507904,359,179,180,42,15,27,76,54,22,119,59,60,5,0,5,107,46,61,10,5,5
53507905,29,13,16,3,0,3,11,8,3,5,2,3,2,0,2,4,2,2,4,1,3
53507906,812,403,409,121,46,75,268,155,113,267,124,143,14,4,10,107,54,53,35,20,15
53507907,46,29,17,10,5,5,15,12,3,10,4,6,0,0,0,6,5,1,5,3,2
3010510,0,0,0,0,0,0,0,0,0,0,0,0,0,0,0,0,0,0,0,0,0
53508701,247,129,118,30,10,20,86,47,39,83,46,37,7,4,3,39,22,17,2,0,2
53508702,326,160,166,48,26,22,120,65,55,114,46,68,3,2,1,25,12,13,16,9,7
53508703,659,326,333,81,35,46,218,130,88,234,101,133,9,4,5,96,42,54,21,14,7
53508705,519,265,254,81,34,47,246,149,97,130,58,72,8,1,7,42,17,25,12,6,6
53508706,909,396,513,243,88,155,364,188,176,178,66,112,12,2,10,47,19,28,65,33,32
53508707,1202,569,633,136,50,86,396,217,179,428,197,231,18,2,16,157,61,96,67,42,25
53508708,2195,1026,1169,295,118,177,716,383,333,777,326,451,23,8,15,271,133,138,113,58,55
53508709,265,138,127,80,34,46,76,50,26,52,23,29,2,1,1,25,10,15,30,20,10
53508710,3764,1757,2007,530,219,311,1332,716,616,1248,530,718,66,21,45,416,184,232,172,87,85
53508711,2262,1127,1135,384,154,230,734,401,333,555,239,316,31,11,20,170,66,104,388,256,132
53508713,1040,506,534,101,36,65,271,160,111,411,186,225,14,2,12,216,108,108,27,14,13
53508714,31,16,15,8,3,5,13,8,5,5,2,3,0,0,0,0,0,0,5,3,2
1048171,0,0,0,0,0,0,0,0,0,0,0,0,0,0,0,0,0,0,0,0,0
53170701,56,26,30,8,4,4,29,16,13,13,3,10,0,0,0,6,3,3,0,0,0
53170702,116,60,56,16,2,14,55,33,22,30,17,13,1,1,0,11,5,6,3,2,1
53511701,345,176,169,30,5,25,150,87,63,100,51,49,6,3,3,35,13,22,24,17,7
53511702,67,40,27,9,6,3,22,15,7,22,10,12,3,1,2,8,5,3,3,3,0
53511703,132,69,63,18,6,12,60,40,20,39,18,21,1,0,1,12,4,8,2,1,1
53511704,208,104,104,30,11,19,63,39,24,76,36,40,5,1,4,28,14,14,6,3,3
53511705,135,71,64,21,7,14,37,24,13,48,24,24,1,1,0,19,11,8,9,4,5
1088390,0,0,0,0,0,0,0,0,0,0,0,0,0,0,0,0,0,0,0,0,0
53513301,35,18,17,2,1,1,12,5,7,14,7,7,1,1,0,4,2,2,2,2,0
53513302,834,413,421,92,34,58,296,168,128,288,135,153,15,2,13,106,49,57,37,25,12
53513303,297,153,144,27,13,14,89,47,42,110,59,51,4,1,3,52,23,29,15,10,5
53513304,70,35,35,8,5,3,29,14,15,23,10,13,1,0,1,3,2,1,6,4,2
53267301,465,234,231,64,23,41,165,93,72,152,80,72,6,4,2,55,23,32,23,11,12
53514101,413,214,199,58,23,35,176,107,69,130,61,69,2,0,2,26,11,15,21,12,9
53864702,1329,662,667,116,56,60,308,171,137,508,255,253,41,12,29,301,134,167,55,34,21
53516801,430,218,212,57,20,37,158,92,66,137,63,74,7,2,5,45,20,25,26,21,5
53516803,106,50,56,16,3,13,50,30,20,28,13,15,1,1,0,11,3,8,0,0,0
53519201,407,206,201,60,21,39,135,84,51,112,50,62,3,2,1,42,17,25,55,32,23
53173101,17,10,7,5,3,2,7,4,3,1,1,0,0,0,0,4,2,2,0,0,0
53173102,151,80,71,26,11,15,58,37,21,27,11,16,2,0,2,25,14,11,13,7,6
53521401,118,62,56,15,5,10,50,30,20,34,17,17,3,1,2,15,9,6,1,0,1
53521402,269,136,133,34,13,21,114,73,41,68,27,41,2,0,2,32,12,20,19,11,8
1673472,0,0,0,0,0,0,0,0,0,0,0,0,0,0,0,0,0,0,0,0,0
53522201,934,465,469,125,56,69,315,177,138,306,139,167,18,7,11,125,54,71,45,32,13
53522202,556,270,286,58,20,38,192,108,84,200,95,105,10,3,7,74,33,41,22,11,11
53522203,530,262,268,94,40,54,190,114,76,162,69,93,5,2,3,69,32,37,10,5,5
53156101,160,82,78,18,7,11,72,47,25,48,22,26,2,1,1,18,4,14,2,1,1
53156102,91,45,46,16,8,8,34,19,15,24,10,14,2,1,1,12,5,7,3,2,1
53156103,404,212,192,45,24,21,182,115,67,113,43,70,4,0,4,39,20,19,21,10,11
52958301,117,67,50,26,9,17,54,37,17,22,13,9,1,0,1,5,1,4,9,7,2
59949201,106,51,55,10,3,7,53,32,21,24,7,17,2,1,1,10,4,6,7,4,3
1758710,0,0,0,0,0,0,0,0,0,0,0,0,0,0,0,0,0,0,0,0,0
3265510,0,0,0,0,0,0,0,0,0,0,0,0,0,0,0,0,0,0,0,0,0
53525701,56,27,29,17,8,9,13,7,6,13,6,7,3,1,2,5,3,2,5,2,3
53525702,79,38,41,21,9,12,38,21,17,15,7,8,1,0,1,1,0,1,3,1,2
53525703,634,336,298,77,40,37,216,131,85,202,90,112,16,4,12,74,35,39,49,36,13
53526501,148,72,76,23,7,16,47,29,18,48,25,23,3,1,2,21,8,13,6,2,4
53526502,169,84,85,27,6,21,45,31,14,61,28,33,3,1,2,21,9,12,12,9,3
53526503,592,304,288,90,43,47,220,131,89,177,78,99,9,2,7,66,29,37,30,21,9
3194060,0,0,0,0,0,0,0,0,0,0,0,0,0,0,0,0,0,0,0,0,0
53527301,1781,885,896,193,81,112,526,285,241,658,329,329,32,11,21,308,138,170,64,41,23
53527302,18,9,9,2,1,1,6,3,3,3,1,2,0,0,0,3,1,2,4,3,1
53527303,41,19,22,1,0,1,6,3,3,12,7,5,2,0,2,20,9,11,0,0,0
53193601,152,77,75,41,14,27,66,42,24,28,13,15,1,0,1,9,4,5,7,4,3
53529001,91,41,50,13,3,10,51,26,25,22,10,12,0,0,0,4,1,3,1,1,0
53529002,55,28,27,17,7,10,15,10,5,14,7,7,1,0,1,6,3,3,2,1,1
53529003,39,20,19,3,1,2,16,10,6,14,5,9,0,0,0,3,2,1,3,2,1
53529004,518,260,258,80,29,51,173,98,75,162,76,86,6,2,4,54,25,29,43,30,13
53530301,203,109,94,30,16,14,76,42,34,59,32,27,7,4,3,22,9,13,9,6,3
53530302,463,240,223,69,37,32,160,91,69,138,59,79,5,3,2,43,21,22,48,29,19
53530303,73,35,38,19,4,15,32,23,9,15,4,11,1,1,0,3,1,2,3,2,1
53531101,24,15,9,4,2,2,5,2,3,10,8,2,0,0,0,4,2,2,1,1,0
53531102,329,157,172,52,15,37,106,56,50,94,50,44,2,1,1,46,18,28,29,17,12
53532001,612,305,307,87,37,50,208,115,93,219,106,113,8,0,8,68,36,32,22,11,11
53532002,1277,615,662,187,76,111,446,248,198,411,176,235,17,4,13,137,64,73,79,47,32
1879330,0,0,0,0,0,0,0,0,0,0,0,0,0,0,0,0,0,0,0,0,0
53533801,123,62,61,19,9,10,45,26,19,37,19,18,4,3,1,14,2,12,4,3,1
53533802,50,23,27,6,1,5,15,9,6,16,6,10,0,0,0,9,3,6,4,4,0
53533803,118,63,55,17,7,10,45,31,14,35,13,22,0,0,0,19,10,9,2,2,0
53533804,221,106,115,40,15,25,70,44,26,66,27,39,6,1,5,16,6,10,23,13,10
53533805,217,115,102,33,14,19,62,41,21,67,32,35,5,0,5,30,12,18,20,16,4
53535401,71,39,32,10,5,5,32,19,13,16,7,9,0,0,0,4,1,3,9,7,2
53535402,256,146,110,34,19,15,121,75,46,64,32,32,0,0,0,16,6,10,21,14,7
53535403,39,22,17,7,6,1,12,7,5,13,4,9,1,0,1,2,2,0,4,3,1
53151101,41,20,21,3,1,2,11,6,5,11,6,5,2,1,1,6,2,4,8,4,4
53151102,152,74,78,11,4,7,31,22,9,56,24,32,2,1,1,46,21,25,6,2,4
53151103,296,152,144,40,19,21,74,43,31,104,50,54,5,3,2,60,28,32,13,9,4
53538901,499,216,283,54,23,31,157,71,86,188,80,108,9,2,7,66,26,40,25,14,11
53539701,54,28,26,9,3,6,19,12,7,12,5,7,0,0,0,9,5,4,5,3,2
53539702,289,140,149,41,14,27,96,56,40,87,36,51,6,4,2,33,14,19,26,16,10
53539703,62,36,26,17,10,7,18,12,6,15,5,10,0,0,0,10,7,3,2,2,0
3228570,0,0,0,0,0,0,0,0,0,0,0,0,0,0,0,0,0,0,0,0,0
53542701,256,125,131,29,10,19,68,41,27,111,50,61,2,0,2,42,21,21,4,3,1
53542702,520,255,265,80,29,51,186,100,86,147,69,78,9,2,7,55,29,26,43,26,17
53542703,131,63,68,9,1,8,58,33,25,38,19,19,2,0,2,20,8,12,4,2,2
53542704,71,36,35,11,4,7,31,20,11,18,9,9,0,0,0,8,3,5,3,0,3
53542705,62,29,33,7,3,4,21,10,11,17,7,10,1,0,1,10,6,4,6,3,3
53542706,69,36,33,6,3,3,23,16,7,25,8,17,3,1,2,6,4,2,6,4,2
53542708,17,11,6,1,0,1,8,7,1,6,3,3,0,0,0,2,1,1,0,0,0
53542709,578,288,290,58,20,38,211,125,86,211,96,115,7,3,4,81,39,42,10,5,5
53542710,695,360,335,79,32,47,244,143,101,214,98,116,10,0,10,74,33,41,74,54,20
53542711,797,380,417,84,32,52,249,152,97,281,110,171,11,4,7,139,62,77,33,20,13
53542713,627,289,338,71,29,42,200,105,95,218,95,123,11,4,7,91,37,54,36,19,17
53542715,295,151,144,36,11,25,106,68,38,96,47,49,6,2,4,33,12,21,18,11,7
53542718,15,8,7,1,1,0,5,3,2,5,2,3,0,0,0,3,2,1,1,0,1
53544301,65,33,32,7,2,5,24,17,7,20,8,12,0,0,0,13,5,8,1,1,0
53544302,111,54,57,15,6,9,46,27,19,32,15,17,0,0,0,13,3,10,5,3,2
53544304,492,246,246,77,24,53,205,131,74,127,52,75,7,1,6,31,14,17,45,24,21
53544305,163,76,87,22,9,13,57,33,24,64,25,39,1,1,0,14,5,9,5,3,2
53544306,749,370,379,127,44,83,317,175,142,206,103,103,3,0,3,42,16,26,54,32,22
53544307,815,418,397,130,53,77,333,193,140,212,97,115,6,2,4,48,21,27,86,52,34
53544308,60,31,29,13,6,7,29,18,11,10,5,5,0,0,0,1,0,1,7,2,5
53544309,83,41,42,37,19,18,28,14,14,8,2,6,0,0,0,0,0,0,10,6,4
53544310,314,155,159,52,19,33,126,71,55,95,48,47,5,1,4,25,10,15,11,6,5
53544311,352,183,169,51,29,22,125,71,54,115,54,61,6,2,4,46,23,23,9,4,5
53544313,609,292,317,74,21,53,215,126,89,199,84,115,12,2,10,75,37,38,34,22,12
53544315,47,23,24,10,3,7,26,15,11,7,3,4,0,0,0,4,2,2,0,0,0
53544316,101,60,41,16,5,11,43,30,13,28,17,11,0,0,0,6,3,3,8,5,3
3075130,0,0,0,0,0,0,0,0,0,0,0,0,0,0,0,0,0,0,0,0,0
3075640,0,0,0,0,0,0,0,0,0,0,0,0,0,0,0,0,0,0,0,0,0
53545101,26,15,11,2,1,1,11,6,5,12,7,5,0,0,0,1,1,0,0,0,0
53545102,396,218,178,62,26,36,119,72,47,106,55,51,18,11,7,66,35,31,25,19,6
53545103,443,215,228,66,29,37,164,94,70,141,59,82,3,1,2,49,22,27,20,10,10
53545105,958,463,495,96,48,48,244,133,111,346,143,203,17,7,10,222,109,113,33,23,10
53545106,752,398,354,136,65,71,217,125,92,162,82,80,10,2,8,86,33,53,141,91,50
53545107,107,56,51,12,7,5,37,24,13,45,20,25,1,0,1,10,5,5,2,0,2
53545108,56,33,23,15,9,6,17,8,9,8,7,1,1,0,1,2,1,1,13,8,5
53545109,333,171,162,43,26,17,96,52,44,120,60,60,2,0,2,47,20,27,25,13,12
53545111,1555,728,827,215,76,139,540,295,245,468,197,271,23,7,16,169,76,93,140,77,63
53545112,1325,626,699,217,82,135,447,238,209,404,180,224,18,5,13,137,62,75,102,59,43
53545114,231,125,106,22,10,12,84,50,34,87,48,39,3,1,2,26,10,16,9,6,3
53547801,767,400,367,117,53,64,280,171,109,220,102,118,12,4,8,62,27,35,76,43,33
56575001,100,45,55,17,6,11,30,18,12,32,11,21,1,1,0,8,4,4,12,5,7
53548601,250,135,115,27,13,14,85,53,32,68,33,35,3,0,3,53,29,24,14,7,7
53548602,52,26,26,6,3,3,23,15,8,15,4,11,0,0,0,7,4,3,1,0,1
53548603,49,27,22,7,5,2,22,14,8,15,6,9,2,0,2,2,1,1,1,1,0
53550801,109,62,47,9,7,2,58,32,26,23,11,12,2,1,1,5,2,3,12,9,3
53550802,99,50,49,21,10,11,35,20,15,17,7,10,0,0,0,5,2,3,21,11,10
53551601,300,143,157,37,20,17,107,59,48,84,39,45,4,2,2,55,16,39,13,7,6
53551602,46,25,21,6,1,5,17,12,5,20,11,9,0,0,0,2,1,1,1,0,1
53551603,82,47,35,7,3,4,33,22,11,22,10,12,0,0,0,15,8,7,5,4,1
57078801,1115,573,542,129,70,59,137,78,59,414,193,221,31,13,18,345,181,164,59,38,21
57194601,96,49,47,16,8,8,32,20,12,33,15,18,2,0,2,9,5,4,4,1,3
57194602,127,62,65,11,3,8,47,27,20,39,20,19,7,2,5,16,6,10,7,4,3
53555901,876,436,440,93,30,63,384,230,154,242,103,139,12,2,10,99,44,55,46,27,19
53556701,321,164,157,32,13,19,105,68,37,127,60,67,1,0,1,45,16,29,11,7,4
53556702,28,13,15,3,1,2,12,7,5,12,5,7,0,0,0,0,0,0,1,0,1
53558301,118,60,58,10,5,5,35,23,12,48,23,25,3,0,3,18,7,11,4,2,2
53558302,633,316,317,73,35,38,168,99,69,222,98,124,14,5,9,126,66,60,30,13,17
53558303,34,17,17,6,2,4,9,5,4,14,7,7,0,0,0,4,3,1,1,0,1
59951401,219,116,103,21,12,9,105,62,43,62,30,32,3,0,3,12,3,9,16,9,7
59951402,47,25,22,9,3,6,11,7,4,21,13,8,0,0,0,4,1,3,2,1,1
53560501,436,213,223,58,15,43,176,99,77,127,62,65,6,1,5,35,18,17,34,18,16
53560502,166,83,83,25,9,16,56,35,21,54,25,29,1,0,1,18,10,8,12,4,8
57099101,117,60,57,13,6,7,45,31,14,32,12,20,4,0,4,15,6,9,8,5,3
53562101,454,222,232,67,27,40,178,102,76,134,59,75,9,1,8,42,19,23,24,14,10
53562102,271,145,126,48,22,26,136,85,51,58,26,32,2,1,1,19,8,11,8,3,5
53563001,681,345,336,96,50,46,233,141,92,232,96,136,8,3,5,75,39,36,37,16,21
3418510,0,0,0,0,0,0,0,0,0,0,0,0,0,0,0,0,0,0,0,0,0
57081801,200,109,91,27,15,12,61,44,17,68,32,36,1,0,1,32,11,21,11,7,4
53565601,356,188,168,40,13,27,116,72,44,113,56,57,9,1,8,42,22,20,36,24,12
53567201,198,101,97,11,5,6,84,47,37,64,31,33,4,2,2,32,14,18,3,2,1
53567203,1650,828,822,186,73,113,565,337,228,548,238,310,28,12,16,205,104,101,118,64,54
53567204,137,72,65,14,5,9,60,41,19,39,16,23,3,1,2,19,8,11,2,1,1
53567205,98,46,52,13,5,8,24,14,10,36,16,20,5,2,3,19,8,11,1,1,0
53567206,155,84,71,20,10,10,51,34,17,48,24,24,3,2,1,27,12,15,6,2,4
53567207,213,103,110,27,6,21,67,37,30,75,35,40,3,1,2,22,11,11,19,13,6
53567208,160,86,74,23,11,12,65,37,28,48,27,21,0,0,0,17,8,9,7,3,4
53567209,298,159,139,33,13,20,109,70,39,110,54,56,6,1,5,29,16,13,11,5,6
57198901,68,35,33,7,1,6,25,17,8,20,8,12,1,0,1,9,5,4,6,4,2
57198902,18,8,10,1,0,1,5,3,2,8,3,5,0,0,0,2,1,1,2,1,1
57198903,139,73,66,21,8,13,58,37,21,44,20,24,4,2,2,7,2,5,5,4,1
53570201,99,50,49,11,5,6,40,20,20,29,17,12,2,0,2,13,4,9,4,4,0
53570202,61,29,32,8,2,6,29,16,13,20,8,12,2,2,0,1,1,0,1,0,1
53570203,1505,766,739,177,77,100,588,344,244,466,208,258,22,2,20,158,81,77,94,54,40
53570204,204,97,107,31,8,23,87,51,36,57,29,28,4,0,4,19,7,12,6,2,4
53570205,106,49,57,16,4,12,44,27,17,26,11,15,1,0,1,16,6,10,3,1,2
53570206,136,74,62,27,14,13,40,26,14,48,23,25,0,0,0,9,4,5,12,7,5
53570208,44,22,22,6,3,3,21,13,8,13,4,9,0,0,0,3,1,2,1,1,0
53570209,178,66,112,26,7,19,69,31,38,56,21,35,2,0,2,19,6,13,6,1,5
53571101,187,92,95,39,16,23,74,43,31,40,16,24,3,1,2,11,3,8,20,13,7
53572901,253,129,124,36,17,19,87,54,33,77,34,43,3,1,2,31,12,19,19,11,8
53572902,43,22,21,5,3,2,15,7,8,10,8,2,0,0,0,12,3,9,1,1,0
57094001,256,128,128,35,17,18,70,40,30,93,47,46,4,1,3,46,19,27,8,4,4
53574501,195,101,94,30,15,15,74,43,31,53,29,24,3,0,3,18,4,14,17,10,7
53574502,46,24,22,3,1,2,20,13,7,16,7,9,0,0,0,5,2,3,2,1,1
57106701,125,68,57,21,13,8,41,27,14,42,18,24,2,1,1,9,4,5,10,5,5
53581801,459,225,234,69,25,44,168,105,63,138,54,84,5,0,5,47,25,22,32,16,16
53583401,84,40,44,12,5,7,38,18,20,25,12,13,1,1,0,7,3,4,1,1,0
53583402,115,58,57,16,7,9,55,31,24,22,7,15,0,0,0,15,7,8,7,6,1
59953101,256,130,126,42,19,23,95,54,41,78,37,41,4,2,2,29,12,17,8,6,2
53586901,46,24,22,4,2,2,16,9,7,20,9,11,1,1,0,3,1,2,2,2,0
53586902,559,291,268,66,29,37,183,110,73,209,101,108,1,1,0,76,33,43,24,17,7
56573301,179,80,99,38,16,22,63,30,33,47,21,26,2,0,2,21,10,11,8,3,5
59952201,130,63,67,15,6,9,38,20,18,51,23,28,3,1,2,20,12,8,3,1,2
56578401,174,86,88,21,6,15,54,36,18,60,25,35,3,1,2,30,16,14,6,2,4
56578402,100,52,48,7,3,4,36,20,16,33,19,14,2,0,2,15,6,9,7,4,3
1414291,0,0,0,0,0,0,0,0,0,0,0,0,0,0,0,0,0,0,0,0,0
53592302,92,51,41,13,9,4,46,27,19,22,9,13,1,0,1,6,4,2,4,2,2
53592303,98,53,45,9,4,5,45,27,18,25,13,12,1,0,1,11,5,6,7,4,3
53592304,40,20,20,6,3,3,14,8,6,15,8,7,0,0,0,5,1,4,0,0,0
53592305,27,17,10,1,1,0,13,9,4,10,5,5,0,0,0,3,2,1,0,0,0
53592306,68,36,32,11,6,5,24,15,9,18,9,9,3,0,3,11,6,5,1,0,1
53592307,36,17,19,4,3,1,18,10,8,10,3,7,0,0,0,3,1,2,1,0,1
53593101,177,85,92,17,6,11,61,36,25,60,26,34,2,0,2,16,8,8,21,9,12
53593102,863,442,421,127,53,74,294,181,113,260,119,141,11,3,8,110,51,59,61,35,26
57184901,167,79,88,13,6,7,70,37,33,56,24,32,4,0,4,15,8,7,9,4,5
53596601,387,200,187,32,14,18,134,87,47,134,55,79,8,1,7,63,35,28,16,8,8
53597401,384,199,185,40,14,26,170,103,67,125,59,66,5,1,4,31,12,19,13,10,3
56603901,23,13,10,5,2,3,10,8,2,7,3,4,1,0,1,0,0,0,0,0,0
56603902,31,13,18,5,1,4,13,7,6,5,1,4,1,0,1,5,3,2,2,1,1
56603903,246,119,127,43,22,21,80,42,38,81,38,43,3,0,3,30,11,19,9,6,3
52961301,329,170,159,52,27,25,138,79,59,79,38,41,4,1,3,21,5,16,35,20,15
53600802,19,9,10,4,2,2,3,3,0,6,1,5,2,2,0,3,0,3,1,1,0
53600803,497,252,245,65,33,32,194,108,86,162,72,90,3,1,2,36,15,21,37,23,14
53600804,58,32,26,5,2,3,18,14,4,22,11,11,0,0,0,12,4,8,1,1,0
53600805,46,27,19,6,2,4,18,12,6,14,8,6,0,0,0,5,3,2,3,2,1
53600806,57,33,24,7,3,4,24,18,6,12,4,8,3,1,2,5,2,3,6,5,1
53602401,81,42,39,7,4,3,27,17,10,24,8,16,2,2,0,14,7,7,7,4,3
53602402,690,363,327,87,42,45,239,144,95,206,95,111,13,6,7,86,41,45,59,35,24
57107501,58,29,29,8,2,6,22,17,5,19,6,13,0,0,0,7,3,4,2,1,1
3208712,0,0,0,0,0,0,0,0,0,0,0,0,0,0,0,0,0,0,0,0,0
53604101,34,18,16,7,2,5,7,5,2,11,6,5,1,1,0,7,3,4,1,1,0
53604102,34,18,16,3,1,2,11,5,6,11,7,4,2,1,1,6,3,3,1,1,0
53604103,1010,504,506,114,49,65,318,196,122,359,164,195,17,5,12,153,62,91,49,28,21
53604104,78,38,40,12,2,10,24,13,11,26,14,12,2,0,2,13,9,4,1,0,1
53604105,80,41,39,8,3,5,32,19,13,24,9,15,1,0,1,10,7,3,5,3,2
53604106,67,36,31,9,3,6,24,13,11,18,10,8,0,0,0,12,7,5,4,3,1
53604107,44,20,24,9,4,5,21,10,11,11,5,6,1,0,1,2,1,1,0,0,0
53604108,50,25,25,9,2,7,18,13,5,18,8,10,4,2,2,0,0,0,1,0,1
53604110,93,47,46,7,2,5,39,24,15,38,16,22,0,0,0,5,2,3,4,3,1
53604111,33,17,16,4,2,2,15,10,5,11,4,7,0,0,0,2,1,1,1,0,1
53604112,38,20,18,4,3,1,12,7,5,12,6,6,1,0,1,6,2,4,3,2,1
53604113,90,50,40,7,4,3,42,25,17,26,13,13,3,0,3,8,5,3,4,3,1
53604114,58,32,26,7,3,4,18,11,7,20,10,10,2,1,1,10,6,4,1,1,0
53604115,50,26,24,3,3,0,31,15,16,12,6,6,2,2,0,1,0,1,1,0,1
57117201,116,60,56,8,4,4,35,21,14,40,19,21,4,2,2,26,13,13,3,1,2
53606701,386,196,190,50,18,32,113,70,43,150,74,76,5,1,4,49,20,29,19,13,6
57097401,345,182,163,41,21,20,64,35,29,127,75,52,6,2,4,88,40,48,19,9,10
59955701,69,38,31,6,4,2,33,20,13,18,11,7,0,0,0,9,2,7,3,1,2
0698920,0,0,0,0,0,0,0,0,0,0,0,0,0,0,0,0,0,0,0,0,0
0699140,0,0,0,0,0,0,0,0,0,0,0,0,0,0,0,0,0,0,0,0,0
0699310,0,0,0,0,0,0,0,0,0,0,0,0,0,0,0,0,0,0,0,0,0
3076290,0,0,0,0,0,0,0,0,0,0,0,0,0,0,0,0,0,0,0,0,0
57082601,313,159,154,31,11,20,91,57,34,102,53,49,6,1,5,77,34,43,6,3,3
57082602,19,9,10,4,1,3,7,5,2,6,2,4,0,0,0,2,1,1,0,0,0
57082603,1519,799,720,149,72,77,347,194,153,510,241,269,32,17,15,378,207,171,103,68,35
57082604,1508,760,748,174,84,90,405,231,174,547,249,298,24,9,15,273,132,141,85,55,30
57082605,446,238,208,36,23,13,62,43,19,81,41,40,16,11,5,39,13,26,212,107,105
57082606,359,299,60,35,26,9,147,128,19,49,30,19,1,1,0,34,26,8,93,88,5
57082607,237,120,117,16,6,10,28,18,10,91,45,46,2,1,1,84,41,43,16,9,7
53612101,398,199,199,50,16,34,133,91,42,141,60,81,7,1,6,51,18,33,16,13,3
56604701,123,63,60,12,5,7,49,31,18,41,16,25,0,0,0,17,7,10,4,4,0
56604702,30,16,14,3,2,1,14,11,3,9,3,6,1,0,1,2,0,2,1,0,1
56604703,26,14,12,1,0,1,13,8,5,6,4,2,0,0,0,5,2,3,1,0,1
57197101,99,48,51,15,4,11,40,24,16,17,8,9,2,0,2,11,4,7,14,8,6
57201201,100,55,45,14,5,9,43,26,17,30,16,14,2,0,2,2,0,2,9,8,1
53616401,156,81,75,26,13,13,80,46,34,32,13,19,2,0,2,2,1,1,14,8,6
53617201,67,36,31,8,5,3,29,16,13,25,11,14,0,0,0,4,3,1,1,1,0
53617202,89,46,43,20,11,9,31,14,17,21,9,12,0,0,0,5,3,2,12,9,3
53617203,96,43,53,16,7,9,40,17,23,22,14,8,2,1,1,11,2,9,5,2,3
53617204,190,104,86,27,14,13,47,30,17,69,32,37,3,1,2,41,24,17,3,3,0
53618101,54,24,30,3,1,2,22,12,10,20,8,12,2,0,2,6,2,4,1,1,0
53618102,250,133,117,44,17,27,109,70,39,59,26,33,4,0,4,20,11,9,14,9,5
53618103,91,44,47,16,2,14,42,29,13,24,9,15,1,0,1,2,1,1,6,3,3
53618104,199,94,105,31,9,22,85,48,37,57,24,33,2,0,2,11,6,5,13,7,6
53618105,182,94,88,24,12,12,56,36,20,70,29,41,2,0,2,13,3,10,17,14,3
53620201,320,170,150,29,11,18,143,87,56,93,44,49,0,0,0,46,23,23,9,5,4
53621101,109,54,55,23,12,11,43,20,23,26,11,15,1,0,1,8,6,2,8,5,3
53621102,23,11,12,2,1,1,9,6,3,10,3,7,0,0,0,1,1,0,1,0,1
56556301,276,144,132,42,21,21,94,62,32,85,35,50,4,1,3,43,20,23,8,5,3
57077001,66,33,33,8,3,5,33,15,18,16,10,6,0,0,0,7,3,4,2,2,0
57077003,107,55,52,10,4,6,41,26,15,45,20,25,2,0,2,5,3,2,4,2,2
53626101,33,17,16,1,0,1,13,7,6,11,6,5,0,0,0,3,1,2,5,3,2
53626102,32,15,17,6,3,3,13,6,7,8,6,2,0,0,0,5,0,5,0,0,0
53626103,220,108,112,26,9,17,82,50,32,69,28,41,3,0,3,27,14,13,13,7,6
53627001,858,407,451,114,30,84,347,191,156,276,124,152,12,5,7,70,33,37,39,24,15
53627002,89,44,45,16,5,11,33,23,10,28,12,16,0,0,0,6,0,6,6,4,2
53627003,933,452,481,134,64,70,304,159,145,312,136,176,12,3,9,97,44,53,74,46,28
56564401,435,229,206,43,18,25,191,114,77,127,62,65,2,0,2,51,22,29,21,13,8
0965390,0,0,0,0,0,0,0,0,0,0,0,0,0,0,0,0,0,0,0,0,0
3229112,0,0,0,0,0,0,0,0,0,0,0,0,0,0,0,0,0,0,0,0,0
3334170,0,0,0,0,0,0,0,0,0,0,0,0,0,0,0,0,0,0,0,0,0
53541901,106,59,47,19,11,8,53,30,23,17,10,7,2,0,2,5,2,3,10,6,4
53541902,151,81,70,22,12,10,49,28,21,56,30,26,1,0,1,18,9,9,5,2,3
53541903,297,154,143,43,15,28,89,51,38,100,57,43,8,3,5,42,20,22,15,8,7
53541905,195,93,102,18,9,9,45,25,20,54,28,26,7,1,6,60,27,33,11,3,8
53541907,303,177,126,51,19,32,84,54,30,72,37,35,11,7,4,24,12,12,61,48,13
53541911,138,71,67,11,4,7,34,18,16,57,29,28,2,1,1,30,16,14,4,3,1
53541912,489,248,241,65,34,31,143,86,57,166,65,101,10,2,8,82,49,33,23,12,11
53541913,935,462,473,105,44,61,226,135,91,327,153,174,19,7,12,234,109,125,24,14,10
53541914,1050,649,401,122,65,57,186,119,67,203,109,94,16,5,11,124,62,62,399,289,110
53541915,629,329,300,86,32,54,191,120,71,213,106,107,14,4,10,97,47,50,28,20,8
53541916,131,69,62,14,4,10,45,25,20,48,26,22,2,1,1,13,7,6,9,6,3
53541917,94,46,48,2,1,1,11,7,4,41,21,20,1,1,0,35,13,22,4,3,1
53541918,293,141,152,25,8,17,24,16,8,114,47,67,5,1,4,122,68,54,3,1,2
53541919,315,148,167,43,20,23,116,61,55,107,45,62,3,0,3,39,18,21,7,4,3
53541920,1082,521,561,122,48,74,286,153,133,369,170,199,19,6,13,195,86,109,91,58,33
53541921,4357,2147,2210,505,219,286,1476,820,656,1434,634,800,65,22,43,589,284,305,288,168,120
53541922,321,161,160,24,14,10,41,20,21,119,51,68,5,1,4,99,53,46,33,22,11
53541923,6163,2977,3186,827,322,505,2010,1079,931,1952,875,1077,108,38,70,732,350,382,534,313,221
53541924,1694,878,816,202,88,114,500,292,208,500,232,268,40,12,28,311,169,142,141,85,56
53541925,3392,1716,1676,389,191,198,978,537,441,1147,534,613,62,19,43,614,304,310,202,131,71
53541926,3176,1552,1624,367,160,207,996,545,451,1074,448,626,46,20,26,428,224,204,265,155,110
53541927,279,258,21,8,8,0,76,70,6,44,43,1,6,5,1,87,76,11,58,56,2
53541928,1010,476,534,128,58,70,256,135,121,311,133,178,23,5,18,180,89,91,112,56,56
53541930,910,439,471,121,40,81,248,132,116,292,136,156,17,6,11,162,78,84,70,47,23
53541932,389,197,192,54,16,38,81,44,37,115,55,60,3,2,1,88,51,37,48,29,19
53541933,484,262,222,64,29,35,140,87,53,150,72,78,9,6,3,76,41,35,45,27,18
53541934,314,163,151,27,7,20,103,54,49,89,46,43,9,5,4,53,28,25,33,23,10
53541935,53,25,28,8,2,6,2,1,1,14,6,8,3,1,2,26,15,11,0,0,0
53541938,35,18,17,2,0,2,10,5,5,10,4,6,1,1,0,3,3,0,9,5,4
53541939,836,428,408,80,39,41,231,146,85,272,109,163,19,9,10,186,99,87,48,26,22
53541941,603,315,288,69,28,41,120,67,53,181,82,99,7,2,5,129,65,64,97,71,26
53541942,52,31,21,4,3,1,5,4,1,16,8,8,1,1,0,21,11,10,5,4,1
53541943,393,214,179,48,22,26,91,60,31,139,64,75,5,0,5,66,39,27,44,29,15
53541944,2603,1237,1366,270,101,169,723,392,331,933,415,518,39,9,30,436,194,242,202,126,76
53541945,2268,1082,1186,262,98,164,608,326,282,731,337,394,38,13,25,410,181,229,219,127,92
53541946,105,49,56,9,4,5,19,11,8,50,22,28,1,0,1,25,11,14,1,1,0
53541947,18,10,8,0,0,0,4,2,2,2,1,1,1,0,1,9,7,2,2,0,2
53541948,251,131,120,23,8,15,60,38,22,85,40,45,8,5,3,51,24,27,24,16,8
53541949,351,188,163,68,31,37,103,58,45,103,56,47,8,5,3,38,20,18,31,18,13
3077420,0,0,0,0,0,0,0,0,0,0,0,0,0,0,0,0,0,0,0,0,0
53632601,44,24,20,4,3,1,15,8,7,15,8,7,0,0,0,5,2,3,5,3,2
53632602,113,59,54,15,6,9,49,32,17,28,11,17,1,0,1,17,8,9,3,2,1
53632603,89,42,47,9,2,7,36,20,16,33,16,17,4,1,3,7,3,4,0,0,0
53632604,91,51,40,84,46,38,0,0,0,0,0,0,0,0,0,0,0,0,7,5,2
53632605,207,104,103,19,8,11,60,34,26,82,42,40,4,0,4,39,17,22,3,3,0
53632606,92,53,39,15,4,11,41,31,10,19,9,10,0,0,0,9,4,5,8,5,3
53632607,394,205,189,30,16,14,47,25,22,129,68,61,9,2,7,171,90,81,8,4,4
53632608,16,7,9,3,2,1,4,3,1,7,2,5,0,0,0,2,0,2,0,0,0
53632609,25,12,13,7,3,4,10,5,5,3,2,1,0,0,0,4,2,2,1,0,1
53632610,66,33,33,8,3,5,25,13,12,24,12,12,0,0,0,9,5,4,0,0,0
53632612,565,285,280,64,25,39,228,130,98,191,87,104,3,0,3,56,30,26,23,13,10
53632613,77,41,36,7,5,2,26,14,12,27,13,14,2,1,1,5,1,4,10,7,3
53632615,1685,806,879,199,82,117,584,300,284,567,280,287,26,8,18,233,99,134,76,37,39
53632616,629,312,317,66,37,29,180,100,80,194,79,115,9,3,6,86,32,54,94,61,33
53632617,700,329,371,73,34,39,239,130,109,235,106,129,11,2,9,105,44,61,37,13,24
53632618,600,303,297,88,43,45,216,120,96,179,86,93,9,2,7,62,22,40,46,30,16
53632620,46,23,23,2,0,2,9,6,3,10,4,6,0,0,0,25,13,12,0,0,0
53632622,65,38,27,9,6,3,25,15,10,18,10,8,2,1,1,5,3,2,6,3,3
53632624,925,414,511,134,44,90,315,151,164,305,138,167,10,2,8,123,56,67,38,23,15
53632625,760,361,399,94,32,62,271,145,126,251,107,144,5,0,5,87,49,38,52,28,24
53632626,98,52,46,8,3,5,33,21,12,38,18,20,5,1,4,12,8,4,2,1,1
53632627,23,12,11,4,3,1,8,5,3,8,3,5,0,0,0,3,1,2,0,0,0
53632628,38,17,21,4,1,3,14,9,5,11,5,6,4,0,4,4,1,3,1,1,0
56582201,78,38,40,6,3,3,35,19,16,22,12,10,3,0,3,7,2,5,5,2,3
57186501,62,30,32,7,5,2,20,11,9,21,10,11,3,0,3,9,3,6,2,1,1
57186502,80,33,47,9,2,7,30,13,17,27,11,16,0,0,0,6,3,3,8,4,4
57186503,30,17,13,3,0,3,16,12,4,7,4,3,0,0,0,3,1,2,1,0,1
53633401,170,86,84,24,14,10,52,32,20,67,28,39,1,0,1,19,10,9,7,2,5
57115601,124,68,56,15,7,8,61,38,23,30,14,16,1,0,1,10,6,4,7,3,4
3266230,0,0,0,0,0,0,0,0,0,0,0,0,0,0,0,0,0,0,0,0,0
53635101,362,178,184,35,15,20,108,61,47,128,62,66,8,1,7,71,32,39,12,7,5
57199701,62,32,30,7,4,3,26,11,15,20,10,10,0,0,0,6,4,2,3,3,0
57112101,131,68,63,15,6,9,51,31,20,48,27,21,3,1,2,14,3,11,0,0,0
57112102,31,18,13,3,1,2,14,11,3,9,4,5,1,0,1,3,1,2,1,1,0
57112103,122,55,67,22,6,16,51,24,27,30,16,14,2,0,2,9,5,4,8,4,4
53637701,205,105,100,18,6,12,63,42,21,78,40,38,3,1,2,35,10,25,8,6,2
53637702,27,13,14,3,1,2,7,4,3,13,7,6,0,0,0,4,1,3,0,0,0
57180601,242,125,117,17,7,10,108,63,45,66,28,38,3,0,3,29,13,16,19,14,5
57089301,60,30,30,7,2,5,23,14,9,18,8,10,1,0,1,9,5,4,2,1,1
57089302,139,72,67,14,6,8,52,31,21,48,19,29,1,0,1,16,10,6,8,6,2
53640701,213,111,102,39,15,24,88,56,32,60,28,32,5,0,5,14,9,5,7,3,4
57103201,162,84,78,27,15,12,70,44,26,48,18,30,1,0,1,8,3,5,8,4,4
59824101,27,14,13,5,3,2,9,7,2,8,2,6,0,0,0,3,1,2,2,1,1
59824102,41,20,21,4,1,3,7,7,0,17,4,13,1,1,0,7,4,3,5,3,2
53643101,32,20,12,3,1,2,10,10,0,13,5,8,1,0,1,5,4,1,0,0,0
53643102,240,121,119,29,14,15,97,59,38,69,28,41,3,0,3,27,13,14,15,7,8
53644001,666,334,332,53,18,35,186,108,78,254,118,136,15,6,9,129,67,62,29,17,12
53644002,129,71,58,17,7,10,56,39,17,50,22,28,0,0,0,3,1,2,3,2,1
53645802,287,150,137,30,12,18,95,55,40,94,44,50,3,0,3,35,17,18,30,22,8
53645803,110,54,56,16,8,8,33,17,16,38,18,20,0,0,0,19,9,10,4,2,2
56558001,209,102,107,33,11,22,74,47,27,66,28,38,1,0,1,21,7,14,14,9,5
57075301,77,40,37,10,5,5,37,22,15,22,10,12,0,0,0,6,1,5,2,2,0
53649101,32,15,17,2,0,2,5,5,0,13,4,9,2,0,2,10,6,4,0,0,0
53649102,775,378,397,123,57,66,330,184,146,200,79,121,13,6,7,59,26,33,50,26,24
57092301,98,51,47,15,8,7,37,25,12,27,10,17,1,0,1,11,3,8,7,5,2
57193801,42,22,20,2,2,0,13,8,5,13,3,10,0,0,0,12,8,4,2,1,1
57193802,17,8,9,2,0,2,8,4,4,3,3,0,1,0,1,3,1,2,0,0,0
57193803,69,32,37,7,3,4,20,10,10,22,12,10,2,0,2,14,5,9,4,2,2
57193804,43,21,22,0,0,0,24,14,10,13,5,8,1,1,0,5,1,4,0,0,0
57193805,21,9,12,1,0,1,10,6,4,8,1,7,0,0,0,2,2,0,0,0,0
57193806,40,25,15,4,3,1,12,8,4,17,9,8,4,4,0,2,0,2,1,1,0
56565201,51,30,21,8,3,5,21,15,6,13,8,5,0,0,0,4,1,3,5,3,2
56563601,192,101,91,19,10,9,72,42,30,63,31,32,6,1,5,28,15,13,4,2,2
52960501,153,76,77,23,8,15,62,37,25,47,21,26,1,0,1,13,5,8,7,5,2
52960502,110,58,52,21,10,11,34,19,15,30,13,17,2,0,2,17,12,5,6,4,2
57114802,129,68,61,37,15,22,46,27,19,26,16,10,1,1,0,11,4,7,8,5,3
3266660,0,0,0,0,0,0,0,0,0,0,0,0,0,0,0,0,0,0,0,0,0
53658001,656,326,330,84,34,50,208,120,88,229,104,125,10,3,7,91,41,50,34,24,10
56566101,68,35,33,11,5,6,31,17,14,16,8,8,1,0,1,5,3,2,4,2,2
52959101,191,100,91,24,13,11,60,34,26,58,30,28,2,1,1,33,12,21,14,10,4
53661001,582,278,304,72,26,46,169,100,69,198,80,118,7,1,6,106,53,53,30,18,12
59957301,91,49,42,8,4,4,44,28,16,25,10,15,2,0,2,10,6,4,2,1,1
53663601,309,156,153,34,13,21,134,76,58,95,43,52,4,1,3,30,16,14,12,7,5
55703001,127,64,63,12,7,5,29,19,10,48,22,26,2,0,2,31,12,19,5,4,1
55703002,48,23,25,5,3,2,16,8,8,18,9,9,0,0,0,9,3,6,0,0,0
55703003,117,61,56,13,7,6,24,13,11,46,22,24,1,0,1,29,17,12,4,2,2
55703004,285,138,147,30,11,19,90,54,36,102,45,57,4,1,3,45,19,26,14,8,6
53665201,67,34,33,7,4,3,28,18,10,25,8,17,1,1,0,0,0,0,6,3,3
53665202,198,101,97,34,9,25,78,47,31,62,32,30,1,0,1,17,8,9,6,5,1
53665203,172,89,83,30,8,22,74,52,22,45,17,28,1,0,1,13,8,5,9,4,5
53665204,92,44,48,11,2,9,40,21,19,30,15,15,0,0,0,7,4,3,4,2,2
53665205,62,33,29,3,0,3,24,15,9,27,15,12,1,0,1,5,2,3,2,1,1
53666101,23,10,13,2,1,1,8,4,4,9,5,4,0,0,0,3,0,3,1,0,1
53666103,444,221,223,49,21,28,177,107,70,160,72,88,3,1,2,46,19,27,9,1,8
56553901,275,146,129,38,20,18,107,66,41,93,47,46,2,0,2,20,5,15,15,8,7
53670901,245,117,128,22,9,13,89,48,41,81,37,44,2,1,1,36,14,22,15,8,7
57188101,50,23,27,7,2,5,18,13,5,18,4,14,1,0,1,4,3,1,2,1,1
57188102,57,28,29,3,0,3,18,10,8,26,14,12,1,1,0,9,3,6,0,0,0
53671701,174,94,80,28,13,15,68,42,26,49,23,26,3,0,3,13,7,6,13,9,4
56592001,81,42,39,11,7,4,24,14,10,30,11,19,0,0,0,12,8,4,4,2,2
53676801,58,31,27,4,2,2,24,17,7,19,9,10,1,0,1,6,2,4,4,1,3
53676802,272,139,133,32,15,17,120,71,49,78,34,44,2,0,2,26,12,14,14,7,7
57098201,63,29,34,9,2,7,15,11,4,23,7,16,3,0,3,10,7,3,3,2,1
57098202,290,144,146,20,8,12,99,57,42,108,49,59,5,2,3,39,17,22,19,11,8
57076101,100,50,50,12,3,9,51,29,22,25,10,15,0,0,0,9,6,3,3,2,1
53685701,62,32,30,15,8,7,20,12,8,21,9,12,1,0,1,3,2,1,2,1,1
53685704,174,85,89,20,6,14,86,48,38,47,22,25,1,0,1,8,3,5,12,6,6
53685705,72,34,38,11,6,5,31,17,14,18,7,11,0,0,0,3,1,2,9,3,6
53685706,20,11,9,1,1,0,9,5,4,6,3,3,0,0,0,2,1,1,2,1,1
56572501,111,56,55,17,9,8,53,29,24,26,11,15,0,0,0,11,4,7,4,3,1
56562801,244,118,126,29,9,20,86,56,30,76,34,42,2,1,1,44,14,30,7,4,3
57084201,234,119,115,33,10,23,104,64,40,53,20,33,1,1,0,15,6,9,28,18,10
56557102,363,187,176,44,15,29,151,94,57,105,48,57,4,1,3,41,20,21,18,9,9
57202101,118,67,51,17,9,8,51,30,21,20,8,12,1,1,0,6,2,4,23,17,6
53693801,274,145,129,32,14,18,101,60,41,88,43,45,6,2,4,33,16,17,14,10,4
53693802,285,139,146,29,12,17,104,58,46,106,49,57,5,2,3,24,8,16,17,10,7
57181401,486,256,230,89,41,48,163,105,58,145,72,73,18,3,15,55,25,30,16,10,6
53697101,27,17,10,1,1,0,14,8,6,3,1,2,0,0,0,2,1,1,7,6,1
53697102,46,20,26,3,0,3,19,8,11,13,7,6,0,0,0,8,4,4,3,1,2
53697103,646,319,327,57,21,36,215,130,85,247,106,141,12,3,9,88,43,45,27,16,11
53697104,28,15,13,3,1,2,10,6,4,11,7,4,1,0,1,3,1,2,0,0,0
53697105,61,31,30,6,2,4,23,13,10,15,7,8,1,1,0,11,4,7,5,4,1
53697106,238,120,118,33,14,19,96,56,40,70,32,38,3,0,3,26,12,14,10,6,4
53697107,153,79,74,25,9,16,53,34,19,44,21,23,1,0,1,19,8,11,11,7,4
53698901,321,168,153,48,19,29,137,83,54,89,48,41,2,0,2,26,9,17,19,9,10
53699701,301,151,150,33,20,13,112,63,49,102,46,56,3,1,2,41,16,25,10,5,5
53702101,377,189,188,59,13,46,169,101,68,90,42,48,8,2,6,20,11,9,31,20,11
53702102,54,28,26,9,5,4,23,13,10,11,3,8,1,1,0,6,3,3,4,3,1
53702103,42,20,22,13,3,10,16,10,6,10,5,5,1,0,1,2,2,0,0,0,0
53702104,182,89,93,36,12,24,75,42,33,47,22,25,1,1,0,14,8,6,9,4,5
53702105,51,26,25,9,3,6,18,12,6,14,7,7,2,1,1,8,3,5,0,0,0
53703901,527,261,266,77,36,41,196,111,85,160,75,85,7,1,6,53,21,32,34,17,17
53703902,187,90,97,19,7,12,85,48,37,55,19,36,1,0,1,23,12,11,4,4,0
53704701,306,157,149,44,16,28,106,65,41,102,49,53,7,3,4,30,13,17,17,11,6
53705501,291,145,146,46,11,35,109,70,39,80,30,50,2,1,1,37,18,19,17,15,2
53705502,96,50,46,21,12,9,36,22,14,28,10,18,0,0,0,9,4,5,2,2,0
53705503,134,69,65,28,13,15,64,37,27,24,11,13,2,1,1,15,7,8,1,0,1
59967101,185,96,89,31,13,18,95,56,39,39,20,19,2,1,1,9,3,6,9,3,6
53708001,434,215,219,65,29,36,183,101,82,120,59,61,1,0,1,35,12,23,30,14,16
53709801,191,82,109,27,8,19,81,41,40,57,21,36,2,0,2,20,10,10,4,2,2
53710101,84,39,45,6,1,5,36,19,17,23,10,13,1,0,1,6,2,4,12,7,5
53710102,117,59,58,15,6,9,48,28,20,30,14,16,0,0,0,18,9,9,6,2,4
53711001,307,147,160,38,22,16,117,60,57,96,41,55,5,0,5,33,12,21,18,12,6
53711003,146,78,68,20,9,11,60,37,23,44,20,24,0,0,0,16,9,7,6,3,3
53712801,52,20,32,7,2,5,16,8,8,11,2,9,1,0,1,12,6,6,5,2,3
53712802,569,285,284,87,37,50,218,125,93,155,62,93,6,2,4,55,28,27,48,31,17
53712803,82,42,40,12,3,9,37,23,14,17,9,8,1,0,1,9,5,4,6,2,4
53485401,124,58,66,12,5,7,52,28,24,37,15,22,0,0,0,16,8,8,7,2,5
53715201,648,323,325,79,29,50,204,124,80,234,104,130,12,5,7,92,46,46,27,15,12
53716101,232,120,112,33,10,23,97,61,36,77,35,42,7,4,3,11,5,6,7,5,2
53717901,455,224,231,52,13,39,146,91,55,154,74,80,9,2,7,73,33,40,21,11,10
53717902,213,112,101,14,9,5,49,31,18,82,35,47,1,1,0,66,35,31,1,1,0
59963801,487,247,240,51,24,27,209,116,93,153,77,76,14,3,11,38,15,23,22,12,10
59962001,31,15,16,1,0,1,6,5,1,18,8,10,1,1,0,5,1,4,0,0,0
59962002,336,173,163,62,24,38,137,83,54,88,41,47,8,4,4,23,9,14,18,12,6
53721701,35,18,17,4,3,1,8,5,3,15,7,8,2,1,1,6,2,4,0,0,0
53721702,330,169,161,37,16,21,122,71,51,102,49,53,4,1,3,41,18,23,24,14,10
53722501,31,19,12,3,2,1,12,7,5,13,8,5,0,0,0,1,0,1,2,2,0
53722502,156,76,80,20,9,11,71,37,34,44,16,28,3,2,1,6,3,3,12,9,3
53722503,21,7,14,3,0,3,8,4,4,4,1,3,0,0,0,4,2,2,2,0,2
53722504,18,10,8,4,1,3,7,6,1,5,2,3,1,1,0,1,0,1,0,0,0
53722505,83,42,41,18,8,10,29,20,9,27,9,18,0,0,0,8,4,4,1,1,0
53723301,441,221,220,70,18,52,161,99,62,144,77,67,7,1,6,40,15,25,19,11,8
53470601,161,80,81,28,11,17,73,44,29,37,13,24,5,3,2,14,6,8,4,3,1
53470602,24,10,14,3,0,3,9,5,4,10,3,7,0,0,0,2,2,0,0,0,0
53725001,274,142,132,51,20,31,107,67,40,71,30,41,5,3,2,23,11,12,17,11,6
59958101,1037,908,129,312,299,13,413,385,28,234,174,60,9,4,5,60,40,20,9,6,3
53726801,126,64,62,20,6,14,43,27,16,38,18,20,0,0,0,19,8,11,6,5,1
53726802,187,94,93,26,10,16,75,43,32,59,28,31,0,0,0,22,11,11,5,2,3
53727601,438,217,221,71,34,37,181,100,81,120,51,69,4,0,4,31,14,17,31,18,13
53729201,54,26,28,9,2,7,18,10,8,21,13,8,0,0,0,6,1,5,0,0,0
53729202,345,167,178,44,13,31,163,100,63,105,42,63,5,2,3,21,6,15,7,4,3
53729203,44,21,23,2,0,2,23,11,12,15,8,7,1,0,1,2,1,1,1,1,0
55148102,25,13,12,1,0,1,11,8,3,8,4,4,1,0,1,2,0,2,2,1,1
55148103,118,57,61,13,3,10,50,27,23,40,21,19,0,0,0,11,3,8,4,3,1
53730601,75,36,39,10,4,6,34,19,15,22,9,13,0,0,0,6,2,4,3,2,1
53731401,721,371,350,94,36,58,266,158,108,220,114,106,15,7,8,90,37,53,36,19,17
52963001,185,99,86,16,6,10,67,44,23,70,33,37,3,0,3,24,12,12,5,4,1
52963002,87,43,44,7,1,6,43,26,17,28,11,17,2,1,1,6,3,3,1,1,0
53733101,141,70,71,21,8,13,63,35,28,35,18,17,4,1,3,15,7,8,3,1,2
53733102,58,26,32,11,5,6,22,11,11,18,7,11,0,0,0,7,3,4,0,0,0
53733103,1159,555,604,141,48,93,367,220,147,424,186,238,28,5,23,149,67,82,50,29,21
53733104,96,50,46,12,3,9,37,26,11,27,10,17,1,1,0,14,7,7,5,3,2
53733105,87,44,43,8,2,6,43,27,16,28,10,18,0,0,0,6,3,3,2,2,0
53734901,78,45,33,11,4,7,31,22,9,18,10,8,1,0,1,5,2,3,12,7,5
53734903,154,77,77,23,7,16,70,41,29,41,16,25,0,0,0,8,3,5,12,10,2
53734905,60,32,28,5,2,3,25,17,8,15,5,10,1,0,1,6,4,2,8,4,4
53735701,1238,598,640,148,56,92,393,231,162,422,188,234,22,8,14,223,96,127,30,19,11
53494301,271,140,131,45,20,25,109,67,42,68,33,35,4,3,1,35,12,23,10,5,5
53737301,266,123,143,41,15,26,92,50,42,76,29,47,5,1,4,36,20,16,16,8,8
53737302,477,232,245,82,40,42,195,106,89,126,49,77,5,2,3,44,22,22,25,13,12
53739001,628,321,307,79,36,43,261,156,105,208,94,114,8,3,5,47,19,28,25,13,12
53740301,344,178,166,52,22,30,120,71,49,107,54,53,6,1,5,40,17,23,19,13,6
53741101,47,25,22,3,2,1,23,16,7,14,3,11,0,0,0,6,4,2,1,0,1
53741102,790,391,399,117,50,67,307,178,129,248,104,144,15,8,7,55,23,32,48,28,20
53741103,107,58,49,18,7,11,52,33,19,26,10,16,1,1,0,8,6,2,2,1,1
53741104,74,39,35,11,6,5,31,16,15,23,14,9,1,0,1,5,2,3,3,1,2
53741105,35,18,17,3,1,2,12,9,3,14,5,9,0,0,0,6,3,3,0,0,0
53741106,70,37,33,9,5,4,26,18,8,26,10,16,1,0,1,8,4,4,0,0,0
53743801,1015,491,524,114,43,71,342,194,148,331,155,176,18,4,14,137,53,84,73,42,31
53744601,722,354,368,82,30,52,215,122,93,267,124,143,8,0,8,116,63,53,34,15,19
53744602,359,182,177,43,22,21,131,78,53,123,55,68,5,2,3,44,18,26,13,7,6
53744603,81,36,45,12,4,8,24,11,13,26,14,12,5,1,4,9,5,4,5,1,4
0895670,0,0,0,0,0,0,0,0,0,0,0,0,0,0,0,0,0,0,0,0,0
0896052,0,0,0,0,0,0,0,0,0,0,0,0,0,0,0,0,0,0,0,0,0
0896300,0,0,0,0,0,0,0,0,0,0,0,0,0,0,0,0,0,0,0,0,0
3252950,0,0,0,0,0,0,0,0,0,0,0,0,0,0,0,0,0,0,0,0,0
53745401,1268,627,641,129,47,82,401,233,168,423,188,235,15,9,6,262,127,135,38,23,15
53745402,24,16,8,2,1,1,7,5,2,9,7,2,0,0,0,4,2,2,2,1,1
53745403,143,73,70,25,13,12,38,20,18,54,26,28,3,1,2,21,12,9,2,1,1
53745406,105,55,50,10,4,6,42,28,14,34,14,20,3,1,2,13,6,7,3,2,1
53745408,187,97,90,26,14,12,41,31,10,50,18,32,1,1,0,68,33,35,1,0,1
53745409,1656,779,877,229,96,133,486,274,212,514,223,291,38,7,31,339,155,184,50,24,26
53745410,1026,450,576,123,45,78,290,133,157,371,162,209,24,6,18,167,74,93,51,30,21
53745411,804,395,409,79,39,40,130,70,60,239,122,117,23,8,15,304,144,160,29,12,17
53745412,1178,562,616,122,61,61,337,188,149,437,182,255,15,1,14,239,121,118,28,9,19
53745413,36,19,17,11,4,7,10,5,5,9,5,4,0,0,0,1,0,1,5,5,0
53745414,957,491,466,115,48,67,245,144,101,278,123,155,17,7,10,174,85,89,128,84,44
53745415,580,260,320,60,24,36,111,54,57,209,83,126,11,5,6,167,83,84,22,11,11
53746201,332,170,162,50,20,30,134,77,57,95,44,51,4,3,1,32,15,17,17,11,6
53748901,2226,1064,1162,319,116,203,850,493,357,691,286,405,30,8,22,201,84,117,135,77,58
53748902,49,25,24,7,5,2,25,15,10,7,2,5,1,0,1,4,1,3,5,2,3
53748904,74,38,36,13,5,8,34,21,13,16,9,7,2,0,2,6,2,4,3,1,2
53749701,238,122,116,32,13,19,91,51,40,67,32,35,2,0,2,26,14,12,20,12,8
53750101,281,140,141,53,24,29,86,52,34,82,37,45,5,1,4,48,22,26,7,4,3
53750102,2368,1114,1254,371,167,204,749,403,346,821,342,479,35,16,19,312,152,160,80,34,46
53750103,228,120,108,27,14,13,85,52,33,91,40,51,2,1,1,17,9,8,6,4,2
53750104,5133,2476,2657,821,388,433,1413,757,656,1690,769,921,113,40,73,722,320,402,374,202,172
53750105,1879,983,896,270,136,134,433,255,178,587,277,310,42,15,27,306,145,161,241,155,86
53491901,213,105,108,30,10,20,106,57,49,59,29,30,1,0,1,8,3,5,9,6,3
59965401,68,37,31,13,5,8,30,20,10,18,8,10,0,0,0,6,3,3,1,1,0
1083750,0,0,0,0,0,0,0,0,0,0,0,0,0,0,0,0,0,0,0,0,0
3077690,0,0,0,0,0,0,0,0,0,0,0,0,0,0,0,0,0,0,0,0,0
3197830,0,0,0,0,0,0,0,0,0,0,0,0,0,0,0,0,0,0,0,0,0
3335810,0,0,0,0,0,0,0,0,0,0,0,0,0,0,0,0,0,0,0,0,0
53700401,493,242,251,60,26,34,169,99,70,174,75,99,5,2,3,64,27,37,21,13,8
53700402,160,76,84,8,1,7,12,6,6,58,28,30,7,3,4,74,37,37,1,1,0
53700406,1186,560,626,208,98,110,312,159,153,373,158,215,30,14,16,210,103,107,53,28,25
53700407,108,53,55,10,4,6,18,10,8,36,18,18,3,1,2,41,20,21,0,0,0
53700408,1183,549,634,140,43,97,401,217,184,430,183,247,25,9,16,133,66,67,54,31,23
53700409,1509,720,789,175,82,93,358,202,156,571,235,336,24,9,15,321,161,160,60,31,29
53700410,890,425,465,85,30,55,218,122,96,335,153,182,19,4,15,199,96,103,34,20,14
53700411,1160,592,568,177,71,106,324,157,167,321,164,157,10,5,5,142,63,79,186,132,54
53700412,47,22,25,7,2,5,16,8,8,14,6,8,0,0,0,5,3,2,5,3,2
53700413,928,456,472,85,40,45,265,146,119,354,168,186,17,7,10,170,78,92,37,17,20
53700414,655,313,342,78,29,49,170,93,77,220,110,110,11,3,8,148,67,81,28,11,17
53700415,1150,541,609,149,71,78,334,173,161,393,166,227,25,10,15,176,85,91,73,36,37
53700418,29,17,12,5,2,3,13,10,3,10,5,5,0,0,0,1,0,1,0,0,0
53700419,57,44,13,3,1,2,24,18,6,17,13,4,3,3,0,3,2,1,7,7,0
53700420,213,110,103,12,6,6,84,50,34,79,40,39,4,1,3,30,11,19,4,2,2
53700421,2507,1121,1386,292,111,181,883,434,449,879,373,506,63,26,37,260,111,149,130,66,64
53755101,287,155,132,30,11,19,120,77,43,82,41,41,3,2,1,31,11,20,21,13,8
53756001,123,64,59,13,3,10,70,40,30,29,14,15,1,0,1,4,3,1,6,4,2
53756002,35,20,15,4,2,2,15,11,4,10,4,6,1,1,0,4,1,3,1,1,0
53757801,362,188,174,50,21,29,153,92,61,92,41,51,1,0,1,43,19,24,23,15,8
53758601,177,89,88,31,12,19,72,46,26,59,26,33,1,0,1,11,4,7,3,1,2
53758602,151,76,75,25,8,17,55,33,22,52,27,25,1,0,1,7,2,5,11,6,5
53758603,365,178,187,63,24,39,144,81,63,90,44,46,10,3,7,32,11,21,26,15,11
53758604,66,33,33,9,3,6,31,19,12,14,4,10,0,0,0,9,4,5,3,3,0
59966201,125,60,65,16,5,11,40,19,21,42,24,18,2,1,1,21,9,12,4,2,2
59966202,22,11,11,1,1,0,8,4,4,7,3,4,0,0,0,1,0,1,5,3,2
53761601,464,228,236,70,28,42,200,117,83,130,55,75,5,1,4,41,17,24,18,10,8
53762401,420,212,208,52,21,31,158,95,63,136,63,73,10,3,7,49,20,29,15,10,5
53762402,27,15,12,0,0,0,14,6,8,9,6,3,0,0,0,2,1,1,2,2,0
53762403,62,30,32,6,3,3,15,8,7,26,10,16,0,0,0,9,5,4,6,4,2
53763201,609,306,303,76,25,51,219,130,89,184,91,93,10,2,8,92,43,49,28,15,13
53765901,433,207,226,53,17,36,164,101,63,144,61,83,9,2,7,40,13,27,23,13,10
53766701,358,182,176,36,20,16,124,72,52,126,56,70,5,2,3,36,16,20,31,16,15
1235950,0,0,0,0,0,0,0,0,0,0,0,0,0,0,0,0,0,0,0,0,0
1236090,0,0,0,0,0,0,0,0,0,0,0,0,0,0,0,0,0,0,0,0,0
1236170,0,0,0,0,0,0,0,0,0,0,0,0,0,0,0,0,0,0,0,0,0
53768301,525,268,257,50,20,30,138,78,60,196,94,102,12,6,6,107,56,51,22,14,8
53768302,383,181,202,35,13,22,97,53,44,157,70,87,7,1,6,78,40,38,9,4,5
53768303,690,354,336,69,38,31,186,121,65,264,117,147,13,4,9,126,60,66,32,14,18
53768304,275,133,142,33,6,27,88,48,40,91,49,42,6,3,3,53,24,29,4,3,1
53768306,2970,1346,1624,309,127,182,793,406,387,1092,459,633,65,26,39,592,267,325,119,61,58
53768307,656,268,388,79,29,50,209,78,131,208,88,120,12,5,7,106,48,58,42,20,22
53768308,479,221,258,46,18,28,115,62,53,173,79,94,11,3,8,113,46,67,21,13,8
53768309,1206,604,602,107,44,63,284,141,143,486,245,241,24,12,12,250,132,118,55,30,25
53768311,421,209,212,44,30,14,69,35,34,141,61,80,9,3,6,151,77,74,7,3,4
53768312,46,19,27,6,1,5,7,5,2,17,5,12,1,0,1,13,7,6,2,1,1
53768314,235,162,73,17,12,5,53,34,19,44,27,17,2,1,1,21,12,9,98,76,22
53768315,170,81,89,23,8,15,31,14,17,62,33,29,6,3,3,44,20,24,4,3,1
53768316,2082,949,1133,227,91,136,514,259,255,746,335,411,52,15,37,457,210,247,86,39,47
53768317,1328,617,711,115,40,75,307,160,147,445,186,259,42,23,19,352,174,178,67,34,33
53768318,42,18,24,6,1,5,15,9,6,15,6,9,0,0,0,6,2,4,0,0,0
53768319,619,302,317,53,30,23,79,44,35,202,94,108,20,9,11,228,106,122,37,19,18
59959001,165,78,87,29,12,17,68,36,32,34,13,21,2,0,2,24,13,11,8,4,4
53772101,999,498,501,130,64,66,376,210,166,287,131,156,16,6,10,149,63,86,41,24,17
53775601,21,10,11,4,1,3,12,6,6,4,3,1,0,0,0,0,0,0,1,0,1
53775602,30,11,19,6,2,4,9,3,6,12,4,8,0,0,0,2,1,1,1,1,0
53775603,55,27,28,4,2,2,29,17,12,16,5,11,1,0,1,3,2,1,2,1,1
53775604,40,19,21,7,3,4,10,4,6,16,7,9,0,0,0,2,1,1,5,4,1
53775605,1132,530,602,216,69,147,466,253,213,304,135,169,7,3,4,51,21,30,88,49,39
53775606,112,58,54,11,1,10,40,25,15,34,20,14,1,0,1,15,6,9,11,6,5
53775608,73,39,34,18,8,10,24,15,9,14,9,5,1,0,1,6,3,3,10,4,6
53776401,72,38,34,8,1,7,21,17,4,24,14,10,1,0,1,16,6,10,2,0,2
53776402,2688,1328,1360,377,148,229,954,560,394,888,386,502,33,12,21,299,135,164,137,87,50
53777201,457,235,222,46,17,29,204,124,80,147,66,81,12,3,9,36,16,20,12,9,3
53475701,194,100,94,27,10,17,84,48,36,59,30,29,1,0,1,19,9,10,4,3,1
53778101,18,6,12,3,0,3,4,2,2,6,2,4,0,0,0,5,2,3,0,0,0
53778102,1040,534,506,114,51,63,397,229,168,288,135,153,22,7,15,112,45,67,107,67,40
53779901,165,77,88,24,11,13,59,33,26,57,24,33,1,0,1,18,5,13,6,4,2
53780201,51,26,25,7,2,5,26,17,9,14,6,8,1,1,0,3,0,3,0,0,0
53780202,279,145,134,52,20,32,115,73,42,79,36,43,3,0,3,14,9,5,16,7,9
53780203,105,58,47,18,8,10,57,36,21,23,10,13,2,0,2,2,1,1,3,3,0
53781101,896,444,452,117,41,76,376,232,144,279,116,163,8,2,6,82,32,50,34,21,13
53783701,58,28,30,7,1,6,10,5,5,24,12,12,0,0,0,15,8,7,2,2,0
53783702,640,305,335,77,30,47,279,149,130,180,78,102,9,3,6,56,23,33,39,22,17
53488901,166,86,80,25,12,13,57,31,26,55,27,28,4,1,3,16,12,4,9,3,6
53785301,456,234,222,81,38,43,177,108,69,132,54,78,5,1,4,29,14,15,32,19,13
53786101,509,255,254,70,30,40,146,86,60,179,83,96,8,1,7,69,34,35,37,21,16
53789601,962,525,437,120,48,72,292,172,120,280,133,147,36,26,10,155,101,54,79,45,34
53790002,246,126,120,38,14,24,93,66,27,78,30,48,3,2,1,20,7,13,14,7,7
53608301,174,94,80,25,7,18,50,35,15,61,33,28,4,1,3,20,9,11,14,9,5
53487101,264,127,137,24,9,15,111,63,48,77,32,45,3,1,2,34,16,18,15,6,9
53794201,226,122,104,35,14,21,114,66,48,46,27,19,1,0,1,14,4,10,16,11,5
53794202,40,22,18,9,5,4,14,7,7,11,5,6,0,0,0,3,2,1,3,3,0
53795101,82,39,43,5,2,3,41,21,20,19,8,11,1,1,0,10,3,7,6,4,2
59961101,149,78,71,22,10,12,60,32,28,47,24,23,1,1,0,15,7,8,4,4,0
53797701,427,216,211,47,14,33,180,110,70,130,57,73,4,1,3,49,20,29,17,14,3
53798501,179,91,88,23,11,12,79,44,35,55,26,29,4,1,3,16,8,8,2,1,1
53798502,467,224,243,57,19,38,159,90,69,177,76,101,8,1,7,45,22,23,21,16,5
53799301,328,166,162,49,19,30,129,75,54,83,41,42,9,2,7,28,15,13,30,14,16
53447102,323,170,153,43,19,24,121,73,48,98,45,53,6,1,5,32,16,16,23,16,7
59969701,216,103,113,38,17,21,91,50,41,53,23,30,2,0,2,13,5,8,19,8,11
53486201,262,123,139,34,12,22,101,49,52,85,41,44,3,1,2,30,16,14,9,4,5
50341001,37,19,18,4,0,4,19,14,5,11,4,7,1,0,1,1,0,1,1,1,0
50341002,108,55,53,18,8,10,47,31,16,27,9,18,1,0,1,7,3,4,8,4,4
53804301,1060,521,539,102,47,55,242,147,95,360,164,196,23,10,13,299,135,164,34,18,16
53805101,1663,826,837,162,82,80,309,184,125,608,291,317,55,19,36,467,212,255,62,38,24
53805102,530,272,258,44,24,20,123,75,48,160,79,81,15,5,10,160,73,87,28,16,12
53468401,283,145,138,23,8,15,80,50,30,96,43,53,6,2,4,68,33,35,10,9,1
53808601,439,208,231,51,23,28,129,76,53,140,60,80,9,5,4,92,35,57,18,9,9
53808602,142,60,82,24,10,14,21,11,10,49,19,30,1,0,1,45,20,25,2,0,2
53808603,318,136,182,35,13,22,112,56,56,99,35,64,4,1,3,58,25,33,10,6,4
53809401,104,57,47,20,12,8,34,21,13,30,12,18,1,0,1,17,10,7,2,2,0
53809402,73,42,31,11,7,4,8,6,2,20,13,7,1,0,1,32,15,17,1,1,0
53809403,1464,685,779,169,78,91,387,207,180,533,226,307,37,11,26,297,142,155,41,21,20
53809404,557,273,284,79,41,38,133,77,56,190,78,112,8,1,7,108,59,49,39,17,22
53809405,861,434,427,108,53,55,229,131,98,255,121,134,27,10,17,163,73,90,79,46,33
53809406,2367,1160,1207,234,115,119,489,290,199,814,368,446,68,27,41,648,303,345,114,57,57
53809408,211,112,99,28,14,14,40,22,18,59,27,32,10,8,2,62,33,29,12,8,4
53809409,2940,1373,1567,287,121,166,740,374,366,1074,473,601,59,11,48,641,328,313,139,66,73
53809410,281,126,155,30,18,12,52,30,22,106,40,66,12,2,10,72,31,41,9,5,4
53809411,876,437,439,77,35,42,225,119,106,326,158,168,17,2,15,188,95,93,43,28,15
53809413,898,507,391,108,54,54,191,114,77,217,98,119,15,5,10,130,67,63,237,169,68
53809414,24,11,13,5,3,2,4,3,1,7,2,5,1,0,1,7,3,4,0,0,0
53809415,211,107,104,15,8,7,29,21,8,80,34,46,3,3,0,81,40,41,3,1,2
53809416,519,245,274,83,32,51,143,74,69,147,67,80,18,4,14,85,44,41,43,24,19
53809418,1379,643,736,158,55,103,328,180,148,474,212,262,22,6,16,334,157,177,63,33,30
53809419,704,333,371,82,35,47,190,110,80,245,101,144,12,6,6,145,68,77,30,13,17
53809420,28,22,6,2,1,1,5,4,1,10,8,2,1,1,0,8,7,1,2,1,1
53809421,131,71,60,17,9,8,27,18,9,32,15,17,0,0,0,45,22,23,10,7,3
53809422,513,252,261,67,26,41,173,97,76,157,76,81,13,4,9,82,39,43,21,10,11
53809423,831,392,439,87,38,49,207,108,99,299,129,170,9,3,6,181,89,92,48,25,23
53809424,432,203,229,50,24,26,116,57,59,150,67,83,7,2,5,98,46,52,11,7,4
53810801,88,41,47,7,2,5,31,19,12,36,15,21,2,0,2,10,3,7,2,2,0
53810802,323,166,157,33,10,23,116,68,48,114,62,52,3,1,2,39,14,25,18,11,7
53810803,203,93,110,33,15,18,72,39,33,61,24,37,4,0,4,27,12,15,6,3,3
56486901,541,274,267,52,24,28,159,99,60,184,86,98,15,7,8,112,49,63,19,9,10
0192670,0,0,0,0,0,0,0,0,0,0,0,0,0,0,0,0,0,0,0,0,0
0192750,0,0,0,0,0,0,0,0,0,0,0,0,0,0,0,0,0,0,0,0,0
53813201,554,273,281,70,33,37,154,88,66,181,80,101,8,3,5,132,66,66,9,3,6
53813203,152,79,73,19,12,7,11,9,2,58,24,34,2,2,0,61,32,29,1,0,1
53813204,89,49,40,10,4,6,26,18,8,39,19,20,3,2,1,11,6,5,0,0,0
53813206,297,135,162,50,19,31,115,64,51,90,34,56,4,2,2,30,12,18,8,4,4
53813207,1897,924,973,213,81,132,454,266,188,667,302,365,40,17,23,497,246,251,26,12,14
53813208,555,281,274,58,19,39,170,96,74,210,100,110,12,7,5,72,39,33,33,20,13
53813209,769,366,403,93,36,57,235,132,103,251,112,139,17,7,10,147,66,81,26,13,13
53813210,2053,999,1054,243,100,143,585,330,255,715,310,405,57,18,39,303,138,165,150,103,47
53813211,41,19,22,8,3,5,19,9,10,6,4,2,0,0,0,4,1,3,4,2,2
53813212,675,328,347,89,36,53,189,107,82,245,115,130,20,9,11,117,53,64,15,8,7
53813213,2168,1012,1156,293,125,168,569,290,279,704,320,384,68,21,47,430,194,236,104,62,42
53813214,58,24,34,6,2,4,8,5,3,7,2,5,4,2,2,5,3,2,28,10,18
53813215,733,359,374,98,45,53,240,131,109,256,112,144,7,2,5,106,52,54,26,17,9
53325402,42,22,20,5,2,3,14,10,4,17,7,10,0,0,0,0,0,0,6,3,3
53325404,287,151,136,34,19,15,113,65,48,84,40,44,3,0,3,33,19,14,20,8,12
53814101,13,6,7,0,0,0,3,2,1,5,1,4,1,0,1,3,2,1,1,1,0
53814102,587,286,301,45,25,20,149,80,69,179,66,113,10,4,6,176,96,80,28,15,13
56500801,257,128,129,35,17,18,64,36,28,90,37,53,5,2,3,46,24,22,17,12,5
53816701,1002,504,498,99,41,58,237,138,99,320,145,175,10,6,4,266,137,129,70,37,33
56488501,435,215,220,49,18,31,113,76,37,172,79,93,13,7,6,70,25,45,18,10,8
53819101,708,327,381,96,35,61,203,119,84,224,97,127,13,7,6,137,56,81,35,13,22
53478101,197,100,97,28,15,13,72,44,28,65,28,37,6,1,5,22,10,12,4,2,2
53478102,656,344,312,69,28,41,243,143,100,210,111,99,10,5,5,69,26,43,55,31,24
56491501,793,387,406,69,35,34,106,59,47,295,141,154,19,7,12,269,120,149,35,25,10
56598901,347,186,161,44,22,22,108,68,40,95,39,56,9,1,8,59,30,29,32,26,6
53822101,842,414,428,95,52,43,144,77,67,280,125,155,16,4,12,276,140,136,31,16,15
53822102,422,213,209,28,10,18,111,79,32,154,63,91,12,1,11,97,49,48,20,11,9
53823001,2143,1066,1077,267,128,139,496,287,209,718,335,383,36,7,29,544,258,286,82,51,31
53824801,514,259,255,62,29,33,159,98,61,159,74,85,15,2,13,97,43,54,22,13,9
53824802,80,37,43,11,2,9,20,12,8,32,16,16,1,0,1,12,6,6,4,1,3
53824803,132,66,66,14,7,7,44,21,23,35,18,17,1,0,1,33,17,16,5,3,2
53825601,167,88,79,12,5,7,38,24,14,46,22,24,2,1,1,66,33,33,3,3,0
53825602,1048,521,527,95,44,51,176,97,79,290,117,173,17,8,9,431,229,202,39,26,13
53826401,100,53,47,25,15,10,24,14,10,33,17,16,0,0,0,13,5,8,5,2,3
53826402,458,200,258,83,20,63,147,79,68,117,43,74,6,2,4,77,40,37,28,16,12
53826403,602,290,312,64,26,38,54,27,27,179,95,84,26,12,14,246,109,137,33,21,12
53337801,57,29,28,8,3,5,25,18,7,16,6,10,1,0,1,5,2,3,2,0,2
53337802,618,310,308,61,32,29,153,94,59,199,80,119,16,8,8,168,82,86,21,14,7
53827201,1183,565,618,132,49,83,266,150,116,414,196,218,26,6,20,278,123,155,67,41,26
53827202,67,43,24,6,4,2,36,24,12,15,7,8,1,1,0,6,4,2,3,3,0
53827203,305,156,149,35,20,15,76,42,34,90,46,44,10,3,7,86,42,44,8,3,5
53827204,962,476,486,100,46,54,255,153,102,320,139,181,18,5,13,223,105,118,46,28,18
53828101,91,54,37,13,8,5,31,20,11,24,13,11,0,0,0,15,7,8,8,6,2
53828103,84,38,46,8,2,6,29,18,11,27,10,17,3,0,3,12,4,8,5,4,1
53828104,17,11,6,4,3,1,10,6,4,3,2,1,0,0,0,0,0,0,0,0,0
53828105,100,57,43,7,6,1,46,25,21,36,21,15,1,0,1,7,4,3,3,1,2
53829901,86,40,46,5,3,2,8,3,5,29,11,18,0,0,0,39,19,20,5,4,1
53829902,105,49,56,12,7,5,21,11,10,45,16,29,1,1,0,24,13,11,2,1,1
53829903,866,429,437,101,46,55,275,165,110,291,122,169,13,4,9,170,83,87,16,9,7
53829904,41,16,25,6,2,4,13,7,6,20,6,14,0,0,0,1,1,0,1,0,1
53829905,450,224,226,39,15,24,131,85,46,153,66,87,8,1,7,96,40,56,23,17,6
53829906,200,102,98,16,9,7,43,30,13,67,32,35,3,1,2,59,24,35,12,6,6
53829907,515,252,263,48,21,27,100,67,33,178,77,101,6,3,3,168,76,92,15,8,7
53829908,27,12,15,5,1,4,10,7,3,8,2,6,1,0,1,3,2,1,0,0,0
53829909,574,286,288,54,15,39,128,71,57,173,78,95,13,5,8,135,66,69,71,51,20
53829911,111,56,55,13,6,7,25,17,8,40,16,24,1,0,1,30,16,14,2,1,1
53829912,293,141,152,32,12,20,54,29,25,89,41,48,4,2,2,102,49,53,12,8,4
53829913,78,34,44,18,6,12,27,13,14,21,9,12,1,0,1,8,4,4,3,2,1
53829914,542,260,282,79,38,41,138,76,62,178,78,100,13,4,9,117,56,61,17,8,9
53829915,148,74,74,19,9,10,40,25,15,59,29,30,3,1,2,23,9,14,4,1,3
56497401,717,363,354,80,30,50,219,132,87,260,123,137,8,5,3,117,54,63,33,19,14
53831101,59,25,34,10,6,4,17,7,10,11,1,10,1,1,0,8,1,7,12,9,3
53831102,177,89,88,17,7,10,48,31,17,70,29,41,3,2,1,31,14,17,8,6,2
53831103,2770,1372,1398,279,129,150,591,324,267,990,464,526,72,24,48,704,348,356,134,83,51
3246210,0,0,0,0,0,0,0,0,0,0,0,0,0,0,0,0,0,0,0,0,0
53832901,481,256,225,50,24,26,144,82,62,143,59,84,6,2,4,81,44,37,57,45,12
51362801,222,105,117,21,10,11,62,37,25,88,32,56,3,2,1,41,20,21,7,4,3
53155301,266,139,127,33,15,18,109,64,45,77,34,43,1,0,1,28,15,13,18,11,7
56476101,225,121,104,31,15,16,73,50,23,72,33,39,2,0,2,25,10,15,22,13,9
53341602,3043,1505,1538,376,158,218,1002,582,420,991,450,541,53,13,40,452,192,260,169,110,59
53341603,180,95,85,30,14,16,65,37,28,52,26,26,2,0,2,19,10,9,12,8,4
53837001,621,306,315,61,24,37,179,104,75,213,91,122,10,4,6,143,73,70,15,10,5
53613001,413,207,206,47,21,26,159,97,62,130,51,79,4,2,2,63,28,35,10,8,2
53343201,663,326,337,85,30,55,205,121,84,236,114,122,12,2,10,98,44,54,27,15,12
53343202,48,22,26,10,5,5,7,6,1,22,8,14,1,0,1,8,3,5,0,0,0
53343203,34,20,14,4,2,2,10,8,2,14,8,6,2,1,1,4,1,3,0,0,0
53496001,252,128,124,21,6,15,99,59,40,77,38,39,6,1,5,25,8,17,24,16,8
56499101,147,68,79,11,4,7,21,15,6,54,27,27,5,1,4,51,18,33,5,3,2
56499102,52,20,32,5,1,4,5,3,2,25,11,14,3,0,3,14,5,9,0,0,0
56499103,268,139,129,39,21,18,32,17,15,95,47,48,6,2,4,82,42,40,14,10,4
56499104,353,179,174,33,13,20,134,77,57,102,50,52,4,3,1,58,22,36,22,14,8
53841801,62,28,34,8,4,4,8,5,3,23,9,14,4,2,2,18,7,11,1,1,0
53841802,159,75,84,5,1,4,47,25,22,66,30,36,1,0,1,33,15,18,7,4,3
0772242,0,0,0,0,0,0,0,0,0,0,0,0,0,0,0,0,0,0,0,0,0
3247440,0,0,0,0,0,0,0,0,0,0,0,0,0,0,0,0,0,0,0,0,0
53842601,95,45,50,11,4,7,20,11,9,28,16,12,3,1,2,32,13,19,1,0,1
53842602,42,22,20,8,4,4,6,5,1,11,5,6,2,1,1,12,5,7,3,2,1
53842603,706,354,352,83,43,40,175,112,63,241,104,137,16,4,12,164,74,90,27,17,10
53842605,501,243,258,43,21,22,113,59,54,167,84,83,10,2,8,149,64,85,19,13,6
53842606,71,37,34,7,2,5,20,11,9,22,14,8,3,0,3,13,6,7,6,4,2
56498201,423,205,218,42,24,18,50,27,23,151,73,78,12,3,9,155,72,83,13,6,7
56498202,1199,575,624,131,61,70,190,103,87,440,199,241,27,13,14,387,187,200,24,12,12
53891401,1169,600,569,132,63,69,297,182,115,422,192,230,21,7,14,222,108,114,75,48,27
53498601,414,208,206,40,14,26,130,79,51,129,56,73,17,7,10,84,41,43,14,11,3
53844201,2379,1145,1234,261,115,146,491,275,216,728,325,403,49,16,33,726,344,382,124,70,54
53845101,385,194,191,32,18,14,71,43,28,163,70,93,6,3,3,104,54,50,9,6,3
53845102,591,284,307,63,30,33,147,80,67,206,87,119,13,3,10,145,72,73,17,12,5
53846901,317,151,166,29,12,17,89,48,41,118,46,72,5,3,2,60,33,27,16,9,7
53847701,927,451,476,100,51,49,181,98,83,350,169,181,23,6,17,248,111,137,25,16,9
53847702,770,389,381,128,55,73,249,149,100,224,100,124,9,3,6,111,53,58,49,29,20
53848501,85,40,45,12,5,7,15,8,7,39,18,21,4,4,0,14,4,10,1,1,0
53848502,1095,560,535,99,47,52,274,163,111,375,181,194,34,14,20,249,117,132,64,38,26
0975432,0,0,0,0,0,0,0,0,0,0,0,0,0,0,0,0,0,0,0,0,0
53849301,520,247,273,49,19,30,85,50,35,208,95,113,14,7,7,151,73,78,13,3,10
53849302,2480,1190,1290,279,105,174,559,336,223,848,359,489,45,15,30,617,303,314,132,72,60
53849303,235,112,123,19,4,15,57,36,21,67,32,35,8,3,5,73,31,42,11,6,5
59826701,33,19,14,5,2,3,10,8,2,8,3,5,0,0,0,7,3,4,3,3,0
59826702,439,244,195,40,20,20,152,98,54,123,62,61,9,4,5,66,30,36,49,30,19
53850701,1073,556,517,131,67,64,377,214,163,319,141,178,19,10,9,128,60,68,99,64,35
53851501,1137,583,554,121,49,72,322,197,125,353,157,196,31,9,22,223,107,116,87,64,23
53852301,899,437,462,90,37,53,224,126,98,308,138,170,18,4,14,218,102,116,41,30,11
53852302,309,155,154,30,15,15,77,43,34,122,54,68,5,2,3,63,33,30,12,8,4
53852303,30,15,15,4,2,2,8,3,5,12,6,6,0,0,0,6,4,2,0,0,0
53852304,739,359,380,77,40,37,147,78,69,287,125,162,15,5,10,190,98,92,23,13,10
53852305,296,131,165,39,13,26,81,41,40,107,54,53,7,2,5,47,16,31,15,5,10
53854001,32,15,17,7,3,4,11,7,4,2,0,2,1,0,1,3,2,1,8,3,5
53854002,2849,1440,1409,279,132,147,589,343,246,1019,484,535,67,26,41,720,328,392,175,127,48
53855801,1115,529,586,88,37,51,266,150,116,456,201,255,33,10,23,229,105,124,43,26,17
53856601,443,218,225,46,17,29,116,74,42,158,66,92,7,4,3,105,50,55,11,7,4
53354801,305,147,158,43,17,26,131,75,56,83,33,50,6,1,5,30,14,16,12,7,5
3246980,0,0,0,0,0,0,0,0,0,0,0,0,0,0,0,0,0,0,0,0,0
56490701,818,398,420,70,36,34,138,78,60,357,172,185,33,15,18,191,77,114,29,20,9
56490702,689,340,349,51,25,26,129,73,56,253,119,134,27,12,15,189,84,105,40,27,13
53857402,754,368,386,88,43,45,177,92,85,296,143,153,17,3,14,163,80,83,13,7,6
53857403,64,32,32,3,1,2,17,9,8,25,11,14,0,0,0,18,10,8,1,1,0
53857404,4087,1976,2111,445,200,245,1109,603,506,1488,686,802,87,23,64,742,337,405,216,127,89
53857405,62,38,24,9,3,6,26,16,10,10,5,5,1,1,0,3,3,0,13,10,3
53356401,133,66,67,14,5,9,60,38,22,42,16,26,1,0,1,12,5,7,4,2,2
53356402,112,51,61,22,12,10,51,23,28,25,11,14,1,0,1,10,3,7,3,2,1
53356403,48,26,22,5,5,0,27,16,11,12,4,8,2,0,2,2,1,1,0,0,0
53356404,139,68,71,17,4,13,56,34,22,43,21,22,1,1,0,17,6,11,5,2,3
53356405,353,175,178,55,22,33,145,76,69,90,42,48,7,2,5,32,16,16,24,17,7
53858202,931,468,463,94,46,48,272,163,109,305,132,173,13,8,5,205,92,113,42,27,15
53858203,30,16,14,4,1,3,8,6,2,10,5,5,0,0,0,7,4,3,1,0,1
53858204,174,86,88,16,6,10,35,23,12,74,32,42,3,1,2,42,22,20,4,2,2
53858205,275,136,139,33,17,16,97,55,42,79,35,44,4,3,1,51,18,33,11,8,3
57167901,88,45,43,8,3,5,38,21,17,18,10,8,3,0,3,18,9,9,3,2,1
53860401,531,272,259,48,27,21,155,94,61,181,84,97,12,6,6,118,52,66,17,9,8
52965601,210,106,104,20,11,9,45,27,18,72,33,39,4,1,3,53,24,29,16,10,6
53861201,407,211,196,50,25,25,114,66,48,160,81,79,6,4,2,68,30,38,9,5,4
53861202,63,31,32,7,2,5,21,13,8,16,5,11,1,1,0,16,9,7,2,1,1
53862101,84,45,39,9,3,6,28,18,10,30,18,12,1,0,1,15,6,9,1,0,1
53862102,432,209,223,55,19,36,165,96,69,133,57,76,1,1,0,57,25,32,21,11,10
53863901,356,180,176,31,21,10,105,55,50,139,69,70,4,1,3,58,22,36,19,12,7
0277072,0,0,0,0,0,0,0,0,0,0,0,0,0,0,0,0,0,0,0,0,0
59922101,178,83,95,18,8,10,39,21,18,69,32,37,4,2,2,39,16,23,9,4,5
59922103,133,61,72,15,6,9,32,20,12,47,17,30,3,0,3,35,17,18,1,1,0
59922104,78,40,38,5,3,2,4,2,2,21,8,13,5,3,2,41,23,18,2,1,1
56478801,74,39,35,13,3,10,37,26,11,19,7,12,0,0,0,2,1,1,3,2,1
53865501,966,464,502,89,40,49,218,123,95,344,141,203,23,9,14,259,133,126,33,18,15
53867101,1698,832,866,162,93,69,305,170,135,558,246,312,51,16,35,568,280,288,54,27,27
53869801,71,37,34,7,4,3,27,16,11,23,10,13,2,1,1,10,6,4,2,0,2
53869803,99,49,50,15,10,5,20,14,6,30,14,16,3,0,3,22,8,14,9,3,6
53869804,240,120,120,29,16,13,48,29,19,88,39,49,7,4,3,63,31,32,5,1,4
53869805,50,23,27,3,2,1,13,8,5,21,7,14,0,0,0,9,4,5,4,2,2
3247280,0,0,0,0,0,0,0,0,0,0,0,0,0,0,0,0,0,0,0,0,0
53870101,900,453,447,116,49,67,223,127,96,271,131,140,14,5,9,242,118,124,34,23,11
53872801,152,82,70,18,7,11,46,30,16,57,27,30,5,1,4,18,10,8,8,7,1
53872802,325,154,171,30,13,17,36,18,18,90,37,53,11,3,8,145,77,68,13,6,7
53872803,302,147,155,22,7,15,105,65,40,97,37,60,7,2,5,58,29,29,13,7,6
53872804,132,71,61,12,6,6,26,13,13,49,28,21,7,3,4,35,19,16,3,2,1
53872805,170,83,87,17,5,12,32,22,10,73,37,36,4,1,3,41,18,23,3,0,3
53872806,343,162,181,20,9,11,43,25,18,110,52,58,8,3,5,142,60,82,20,13,7
53872807,1704,840,864,171,80,91,379,216,163,581,264,317,26,8,18,464,218,246,83,54,29
53872808,336,137,199,39,12,27,120,40,80,94,48,46,7,2,5,66,30,36,10,5,5
53872810,141,66,75,22,13,9,53,28,25,36,12,24,3,0,3,18,9,9,9,4,5
53872811,270,122,148,22,8,14,52,27,25,94,38,56,4,1,3,92,45,47,6,3,3
53872812,613,305,308,52,31,21,122,72,50,203,90,113,25,8,17,203,101,102,8,3,5
53872813,46,23,23,5,2,3,6,5,1,17,7,10,3,2,1,10,4,6,5,3,2
53872814,2474,1228,1246,232,100,132,521,308,213,778,353,425,41,13,28,687,317,370,215,137,78
53872815,320,152,168,32,14,18,48,29,19,121,50,71,6,3,3,107,54,53,6,2,4
53872816,786,339,447,92,28,64,190,90,100,262,104,158,17,2,15,174,80,94,51,35,16
53872818,150,76,74,16,12,4,31,16,15,55,26,29,1,0,1,44,21,23,3,1,2
53872819,16,6,10,1,1,0,5,3,2,5,1,4,1,0,1,4,1,3,0,0,0
53872820,1793,866,927,171,70,101,351,193,158,608,274,334,41,11,30,529,256,273,93,62,31
53872821,17,7,10,4,1,3,5,3,2,6,2,4,1,0,1,1,1,0,0,0,0
53872822,1366,641,725,136,61,75,288,152,136,484,214,270,22,4,18,376,177,199,60,33,27
53872823,1700,790,910,168,76,92,313,180,133,593,237,356,32,13,19,529,254,275,65,30,35
59828301,373,196,177,36,18,18,76,50,26,140,68,72,5,2,3,108,52,56,8,6,2
53875201,1067,525,542,107,43,64,252,148,104,386,175,211,27,8,19,244,119,125,51,32,19
53876101,476,243,233,57,22,35,150,81,69,137,73,64,7,3,4,92,42,50,33,22,11
53876102,186,96,90,26,14,12,16,11,5,76,37,39,4,0,4,61,33,28,3,1,2
53876103,168,80,88,26,8,18,30,18,12,50,22,28,7,2,5,50,27,23,5,3,2
53877901,606,300,306,66,21,45,251,156,95,180,76,104,5,1,4,79,31,48,25,15,10
53878701,123,59,64,8,4,4,15,10,5,52,26,26,1,1,0,45,16,29,2,2,0
53878702,49,25,24,8,3,5,12,8,4,13,5,8,1,0,1,9,4,5,6,5,1
53878703,458,222,236,71,27,44,137,82,55,155,69,86,1,0,1,76,37,39,18,7,11
53880901,67,32,35,3,0,3,26,16,10,19,6,13,5,1,4,9,6,3,5,3,2
53880902,85,35,50,17,9,8,18,9,9,30,8,22,1,0,1,14,6,8,5,3,2
53880903,21,9,12,4,0,4,1,0,1,12,7,5,0,0,0,1,1,0,3,1,2
53880904,73,39,34,10,8,2,13,8,5,28,13,15,1,0,1,20,9,11,1,1,0
53880905,113,58,55,14,7,7,34,18,16,33,16,17,2,1,1,26,12,14,4,4,0
53880907,163,86,77,9,4,5,41,23,18,58,36,22,4,0,4,39,18,21,12,5,7
53880908,1621,795,826,193,88,105,373,227,146,522,225,297,37,8,29,414,196,218,82,51,31
53882501,786,401,385,74,29,45,244,151,93,265,123,142,19,8,11,162,80,82,22,10,12
53371801,69,37,32,12,3,9,16,8,8,21,14,7,3,2,1,13,8,5,4,2,2
53371802,136,64,72,23,6,17,51,32,19,36,16,20,4,1,3,14,5,9,8,4,4
53371803,43,22,21,4,1,3,18,9,9,9,4,5,1,0,1,6,5,1,5,3,2
53371804,195,98,97,28,16,12,52,34,18,56,21,35,6,2,4,37,17,20,16,8,8
53371805,24,13,11,0,0,0,11,7,4,9,3,6,0,0,0,4,3,1,0,0,0
53371807,716,365,351,101,37,64,254,158,96,227,106,121,11,4,7,77,37,40,46,23,23
53371808,69,37,32,5,3,2,18,13,5,30,13,17,1,0,1,12,6,6,3,2,1
53371809,34,16,18,7,3,4,15,8,7,8,3,5,0,0,0,1,0,1,3,2,1
57195401,417,206,211,57,25,32,159,102,57,133,52,81,4,0,4,43,15,28,21,12,9
53883301,249,121,128,20,13,7,57,33,24,96,42,54,4,1,3,63,23,40,9,9,0
53883302,238,113,125,27,10,17,78,46,32,70,31,39,6,2,4,46,20,26,11,4,7
53883303,730,364,366,67,30,37,164,103,61,261,114,147,15,6,9,187,92,95,36,19,17
53883304,461,237,224,42,20,22,41,24,17,173,82,91,11,5,6,189,103,86,5,3,2
53883305,272,133,139,38,18,20,54,31,23,95,45,50,7,2,5,73,33,40,5,4,1
59830501,434,236,198,46,27,19,88,56,32,161,80,81,9,4,5,108,55,53,22,14,8
53884101,1054,508,546,121,54,67,235,138,97,320,129,191,23,8,15,323,156,167,32,23,9
53885001,1012,490,522,116,56,60,300,174,126,362,152,210,23,4,19,170,79,91,41,25,16
53887601,3373,1635,1738,410,188,222,608,345,263,1077,470,607,62,27,35,1104,541,563,112,64,48
53888401,1410,663,747,174,72,102,340,189,151,460,200,260,34,9,25,357,170,187,45,23,22
53888402,240,113,127,26,12,14,68,41,27,82,34,48,7,3,4,46,18,28,11,5,6
57164401,210,107,103,24,13,11,62,40,22,75,35,40,7,2,5,31,10,21,11,7,4
53889201,61,27,34,5,3,2,8,4,4,22,7,15,1,0,1,20,11,9,5,2,3
53889202,29,14,15,2,0,2,14,9,5,7,3,4,0,0,0,6,2,4,0,0,0
53889203,635,316,319,71,32,39,148,96,52,217,95,122,20,2,18,156,77,79,23,14,9
53889204,112,53,59,13,7,6,5,2,3,45,21,24,4,0,4,42,21,21,3,2,1
53889205,35,15,20,4,2,2,8,3,5,15,6,9,1,1,0,5,1,4,2,2,0
59971901,202,94,108,15,6,9,45,27,18,92,39,53,5,3,2,34,14,20,11,5,6
59971902,325,159,166,44,20,24,65,34,31,127,61,66,4,1,3,75,37,38,10,6,4
3078820,0,0,0,0,0,0,0,0,0,0,0,0,0,0,0,0,0,0,0,0,0
3078910,0,0,0,0,0,0,0,0,0,0,0,0,0,0,0,0,0,0,0,0,0
53895701,246,114,132,29,8,21,30,21,9,88,41,47,3,0,3,91,41,50,5,3,2
53895702,1123,549,574,100,50,50,186,117,69,382,164,218,39,15,24,390,186,204,26,17,9
53895703,1219,581,638,116,41,75,262,132,130,393,177,216,17,7,10,405,207,198,26,17,9
53895704,19,11,8,1,0,1,8,6,2,8,4,4,0,0,0,1,1,0,1,0,1
53895705,1339,687,652,164,89,75,271,157,114,440,206,234,22,11,11,360,170,190,82,54,28
53895706,354,175,179,46,20,26,53,29,24,109,60,49,9,3,6,129,58,71,8,5,3
53895707,1323,623,700,124,52,72,347,192,155,485,202,283,32,12,20,284,142,142,51,23,28
53896501,406,202,204,42,20,22,85,50,35,122,64,58,19,6,13,131,59,72,7,3,4
53896502,991,497,494,114,56,58,289,170,119,326,150,176,18,8,10,192,84,108,52,29,23
53897301,311,155,156,28,9,19,90,55,35,111,60,51,4,0,4,69,25,44,9,6,3
1793022,0,0,0,0,0,0,0,0,0,0,0,0,0,0,0,0,0,0,0,0,0
53898101,465,236,229,51,23,28,107,60,47,149,69,80,3,3,0,140,72,68,15,9,6
53898102,62,38,24,7,5,2,18,12,6,15,7,8,1,0,1,18,11,7,3,3,0
53898103,11,7,4,0,0,0,1,1,0,2,2,0,0,0,0,7,3,4,1,1,0
53898104,155,77,78,26,10,16,44,26,18,38,14,24,0,0,0,34,19,15,13,8,5
53898105,26,12,14,5,3,2,5,4,1,8,2,6,1,0,1,6,3,3,1,0,1
53898106,112,59,53,14,7,7,34,21,13,36,17,19,3,0,3,22,11,11,3,3,0
53898107,1690,871,819,204,96,108,435,265,170,521,221,300,27,16,11,374,185,189,129,88,41
53898108,24,10,14,2,1,1,5,2,3,6,1,5,0,0,0,10,6,4,1,0,1
53898109,14,7,7,1,1,0,5,3,2,4,2,2,1,1,0,2,0,2,1,0,1
53899001,514,247,267,62,27,35,130,77,53,178,79,99,13,5,8,111,48,63,20,11,9
53387401,65,36,29,3,1,2,27,19,8,22,10,12,0,0,0,6,3,3,7,3,4
53387403,100,53,47,11,6,5,28,18,10,35,16,19,3,1,2,17,8,9,6,4,2
53387404,32,22,10,2,2,0,18,12,6,4,3,1,2,0,2,1,1,0,5,4,1
53901501,310,145,165,22,7,15,89,46,43,96,46,50,7,3,4,78,32,46,18,11,7
53901502,304,158,146,34,18,16,116,62,54,82,39,43,4,2,2,45,23,22,23,14,9
53903101,55,25,30,6,2,4,15,10,5,24,9,15,1,0,1,9,4,5,0,0,0
53903102,176,87,89,18,6,12,46,27,19,62,28,34,8,5,3,40,21,19,2,0,2
53903104,543,272,271,54,23,31,119,74,45,188,98,90,15,4,11,152,64,88,15,9,6
53904001,81,43,38,13,7,6,27,15,12,24,13,11,2,0,2,11,6,5,4,2,2
53904002,39,15,24,6,2,4,15,7,8,12,4,8,0,0,0,5,2,3,1,0,1
53904003,430,225,205,54,22,32,151,97,54,132,61,71,10,5,5,59,26,33,24,14,10
56479601,145,72,73,20,7,13,64,40,24,43,19,24,1,0,1,9,3,6,8,3,5
53390401,74,36,38,7,2,5,17,11,6,26,11,15,1,0,1,19,10,9,4,2,2
53390402,585,277,308,65,22,43,202,108,94,194,86,108,19,6,13,84,43,41,21,12,9
50578101,504,249,255,59,24,35,168,92,76,157,66,91,4,1,3,70,34,36,46,32,14
50578102,104,54,50,17,9,8,35,23,12,31,8,23,1,0,1,13,8,5,7,6,1
50578103,104,49,55,10,2,8,41,27,14,25,9,16,3,1,2,18,7,11,7,3,4
53536201,229,113,116,25,12,13,63,40,23,85,32,53,6,2,4,44,25,19,6,2,4
53536202,642,322,320,86,33,53,211,142,69,199,77,122,15,3,12,96,46,50,35,21,14
53905801,240,120,120,36,15,21,32,21,11,96,49,47,1,0,1,71,34,37,4,1,3
53905802,546,282,264,61,30,31,127,84,43,192,86,106,15,4,11,129,65,64,22,13,9
53905803,84,42,42,9,4,5,5,3,2,30,17,13,3,2,1,36,15,21,1,1,0
53905804,833,415,418,99,45,54,101,57,44,210,102,108,19,9,10,358,175,183,46,27,19
53905805,423,205,218,39,15,24,60,31,29,154,72,82,8,3,5,143,71,72,19,13,6
53905806,218,113,105,27,14,13,38,24,14,82,39,43,7,2,5,59,29,30,5,5,0
53905807,582,307,275,82,45,37,127,76,51,206,90,116,15,8,7,115,61,54,37,27,10
53905808,471,259,212,49,25,24,126,69,57,151,72,79,12,7,5,78,44,34,55,42,13
53906601,34,19,15,5,2,3,15,8,7,9,6,3,1,1,0,4,2,2,0,0,0
53906602,2394,1191,1203,311,146,165,423,237,186,753,335,418,42,16,26,771,393,378,94,64,30
51364401,339,169,170,40,19,21,72,43,29,119,56,63,9,3,6,90,44,46,9,4,5
53908201,856,426,430,58,25,33,137,88,49,296,149,147,19,6,13,307,138,169,39,20,19
53909101,455,221,234,46,17,29,177,98,79,141,63,78,6,1,5,75,37,38,10,5,5
53909102,31,14,17,6,2,4,5,3,2,12,6,6,0,0,0,8,3,5,0,0,0
53910401,34,15,19,1,0,1,7,4,3,15,7,8,0,0,0,11,4,7,0,0,0
53910402,60,34,26,13,5,8,27,20,7,13,7,6,0,0,0,5,1,4,2,1,1
53910403,177,99,78,19,10,9,72,45,27,45,24,21,2,1,1,26,10,16,13,9,4
53910404,111,58,53,12,8,4,48,28,20,32,16,16,2,1,1,12,3,9,5,2,3
53910405,58,31,27,4,2,2,19,10,9,22,14,8,1,0,1,11,4,7,1,1,0
57119901,150,69,81,12,1,11,49,26,23,56,28,28,2,0,2,24,10,14,7,4,3
57119902,23,10,13,2,0,2,13,7,6,6,1,5,0,0,0,1,1,0,1,1,0
59973501,270,144,126,23,12,11,63,37,26,103,56,47,2,1,1,74,35,39,5,3,2
59973502,309,150,159,33,9,24,87,55,32,88,33,55,8,3,5,84,44,40,9,6,3
59973503,575,284,291,53,24,29,136,81,55,223,100,123,7,1,6,123,58,65,33,20,13
59973504,34,15,19,6,2,4,16,9,7,5,1,4,1,1,0,6,2,4,0,0,0
54004801,14,6,8,1,0,1,2,2,0,7,3,4,0,0,0,4,1,3,0,0,0
54004802,280,151,129,32,18,14,83,57,26,103,46,57,2,1,1,51,24,27,9,5,4
53912101,432,230,202,38,22,16,114,74,40,145,67,78,9,4,5,100,47,53,26,16,10
53913901,1429,715,714,144,72,72,238,154,84,433,188,245,28,9,19,484,231,253,102,61,41
53913902,1630,764,866,148,63,85,233,128,105,498,207,291,37,10,27,665,329,336,49,27,22
53913903,3113,1519,1594,299,153,146,520,301,219,1003,421,582,58,20,38,1154,578,576,79,46,33
53221501,1133,560,573,141,56,85,293,183,110,408,182,226,32,10,22,214,100,114,45,29,16
53221502,66,29,37,5,1,4,17,11,6,24,10,14,3,2,1,16,5,11,1,0,1
53914701,104,54,50,16,7,9,39,24,15,35,14,21,1,1,0,9,5,4,4,3,1
53914702,167,87,80,32,16,16,48,29,19,40,21,19,1,0,1,34,14,20,12,7,5
53915501,281,143,138,33,10,23,103,69,34,90,40,50,4,0,4,41,19,22,10,5,5
53915502,662,322,340,64,24,40,220,132,88,218,82,136,13,5,8,114,58,56,33,21,12
53916301,755,372,383,79,35,44,215,138,77,246,102,144,7,3,4,160,63,97,48,31,17
53916302,148,71,77,17,6,11,53,29,24,38,19,19,2,0,2,29,13,16,9,4,5
53916303,254,134,120,36,19,17,77,45,32,73,38,35,5,1,4,54,26,28,9,5,4
53916305,327,166,161,32,15,17,77,54,23,126,55,71,9,4,5,75,32,43,8,6,2
53917101,485,238,247,66,28,38,137,82,55,186,89,97,7,0,7,75,31,44,14,8,6
53918001,386,224,162,33,13,20,83,55,28,109,48,61,9,5,4,85,48,37,67,55,12
53919801,899,438,461,88,44,44,133,81,52,298,126,172,25,9,16,329,168,161,26,10,16
53919802,2028,963,1065,188,85,103,401,216,185,647,268,379,48,12,36,636,307,329,108,75,33
53921001,2779,1391,1388,355,185,170,454,253,201,828,369,459,47,21,26,963,473,490,132,90,42
53921002,535,262,273,55,29,26,94,49,45,167,73,94,17,5,12,179,95,84,23,11,12
53921003,236,115,121,18,9,9,61,35,26,96,43,53,3,0,3,52,26,26,6,2,4
53921004,74,41,33,5,2,3,22,16,6,28,13,15,1,0,1,14,8,6,4,2,2
53114601,1049,526,523,116,48,68,194,121,73,325,158,167,16,3,13,338,165,173,60,31,29
53922801,625,296,329,78,30,48,211,118,93,188,81,107,9,4,5,112,46,66,27,17,10
53922802,153,78,75,21,10,11,50,28,22,37,17,20,3,1,2,39,19,20,3,3,0
53922803,939,445,494,50,21,29,108,61,47,355,161,194,38,13,25,344,160,184,44,29,15
53923601,51,21,30,2,1,1,13,8,5,15,5,10,0,0,0,21,7,14,0,0,0
53923602,4027,1947,2080,375,182,193,790,425,365,1312,608,704,100,45,55,1304,608,696,146,79,67
0458372,0,0,0,0,0,0,0,0,0,0,0,0,0,0,0,0,0,0,0,0,0
53924401,109,53,56,11,3,8,35,19,16,36,20,16,1,0,1,19,8,11,7,3,4
53924402,4120,1981,2139,451,183,268,856,493,363,1352,568,784,89,41,48,1192,580,612,180,116,64
53924403,3682,1723,1959,352,165,187,710,399,311,1279,531,748,100,42,58,1102,514,588,139,72,67
53924405,26,16,10,2,2,0,3,2,1,8,4,4,1,1,0,7,5,2,5,2,3
53925201,300,144,156,37,17,20,105,54,51,91,43,48,9,3,6,53,24,29,5,3,2
53925202,1118,551,567,112,43,69,323,198,125,369,154,215,14,2,12,245,120,125,55,34,21
53925203,375,185,190,32,13,19,124,74,50,129,58,71,6,2,4,71,31,40,13,7,6
53925204,223,104,119,22,8,14,68,34,34,80,38,42,3,1,2,40,20,20,10,3,7
53926101,499,258,241,42,20,22,140,87,53,169,78,91,16,7,9,117,56,61,15,10,5
53928701,277,137,140,40,21,19,94,57,37,93,37,56,5,1,4,41,18,23,4,3,1
53928702,16,7,9,4,1,3,9,6,3,2,0,2,0,0,0,1,0,1,0,0,0
53929501,850,416,434,69,26,43,225,133,92,272,112,160,24,7,17,207,105,102,53,33,20
53930901,213,103,110,14,7,7,21,14,7,67,33,34,9,2,7,98,44,54,4,3,1
53930902,3144,1533,1611,234,116,118,463,286,177,1142,561,581,101,33,68,1096,476,620,108,61,47
51343101,380,189,191,49,21,28,76,49,27,134,55,79,5,1,4,100,54,46,16,9,7
53931702,1110,543,567,159,64,95,373,211,162,356,155,201,10,2,8,157,79,78,55,32,23
53932501,744,362,382,66,36,30,148,79,69,264,103,161,14,7,7,241,132,109,11,5,6
53932502,195,96,99,23,13,10,14,8,6,57,23,34,3,0,3,96,50,46,2,2,0
53932503,4532,2174,2358,488,223,265,778,435,343,1542,693,849,94,35,59,1372,647,725,258,141,117
53932504,289,143,146,31,18,13,98,57,41,102,40,62,5,1,4,44,21,23,9,6,3
53932505,268,134,134,25,16,9,8,4,4,75,39,36,15,8,7,135,64,71,10,3,7
53932506,754,370,384,87,44,43,141,84,57,271,121,150,18,11,7,205,93,112,32,17,15
53932507,52,26,26,6,5,1,2,0,2,18,7,11,1,0,1,23,13,10,2,1,1
53932508,51,24,27,10,4,6,14,6,8,15,7,8,1,0,1,10,6,4,1,1,0
53932509,82,40,42,6,3,3,11,6,5,24,10,14,5,1,4,36,20,16,0,0,0
53932510,62,32,30,11,7,4,3,2,1,27,10,17,0,0,0,21,13,8,0,0,0
53932512,183,84,99,24,11,13,18,8,10,57,24,33,2,1,1,76,35,41,6,5,1
53932513,1007,484,523,107,55,52,114,63,51,329,137,192,15,6,9,403,203,200,39,20,19
53933301,182,87,95,19,8,11,63,38,25,76,32,44,5,2,3,16,6,10,3,1,2
53933302,115,58,57,10,4,6,38,22,16,39,15,24,1,0,1,17,10,7,10,7,3
53933303,2429,1184,1245,271,124,147,636,357,279,784,344,440,46,22,24,526,237,289,166,100,66
53933304,212,102,110,19,5,14,66,36,30,66,31,35,5,0,5,41,21,20,15,9,6
53933305,596,283,313,68,27,41,159,88,71,194,91,103,8,1,7,154,71,83,13,5,8
53933307,261,130,131,31,9,22,81,50,31,91,34,57,5,3,2,44,26,18,9,8,1
53933308,38,19,19,2,2,0,14,8,6,11,4,7,3,1,2,8,4,4,0,0,0
53933309,165,92,73,20,10,10,63,43,20,42,20,22,0,0,0,28,13,15,12,6,6
53933310,21,12,9,3,1,2,9,7,2,8,4,4,0,0,0,1,0,1,0,0,0
53934101,635,323,312,39,15,24,133,82,51,217,95,122,18,9,9,163,75,88,65,47,18
53935001,1724,803,921,175,73,102,392,233,159,567,250,317,38,13,25,496,207,289,56,27,29
53936801,92,49,43,13,7,6,32,23,9,30,11,19,1,0,1,15,7,8,1,1,0
53936802,179,89,90,29,14,15,50,27,23,72,35,37,4,1,3,17,8,9,7,4,3
53936803,678,343,335,90,34,56,262,159,103,189,87,102,9,1,8,81,35,46,47,27,20
53936804,326,167,159,45,25,20,104,63,41,108,45,63,5,1,4,50,25,25,14,8,6
59972701,418,200,218,42,22,20,76,42,34,156,67,89,4,2,2,119,57,62,21,10,11
57121101,677,333,344,77,32,45,163,96,67,214,98,116,12,5,7,182,86,96,29,16,13
53938401,550,279,271,48,20,28,172,97,75,197,93,104,11,6,5,95,47,48,27,16,11
53939201,767,373,394,110,43,67,203,122,81,232,101,131,11,5,6,185,86,99,26,16,10
57126101,42,21,21,3,0,3,16,11,5,14,6,8,1,0,1,8,4,4,0,0,0
57126102,501,225,276,46,13,33,149,88,61,167,55,112,11,1,10,108,56,52,20,12,8
53940601,1170,570,600,117,63,54,233,124,109,398,181,217,26,14,12,347,160,187,49,28,21
53940602,84,41,43,12,5,7,24,12,12,23,10,13,2,0,2,19,11,8,4,3,1
53941401,977,479,498,114,48,66,300,170,130,311,144,167,14,6,8,206,98,108,32,13,19
53941402,751,353,398,130,57,73,232,128,104,191,84,107,10,3,7,155,62,93,33,19,14
53941403,1122,582,540,122,51,71,285,177,108,376,171,205,12,5,7,264,134,130,63,44,19
53942201,567,286,281,66,30,36,182,109,73,199,85,114,12,3,9,91,50,41,17,9,8
53942202,118,63,55,19,9,10,32,18,14,33,17,16,3,3,0,21,9,12,10,7,3
53942203,29,13,16,4,1,3,10,5,5,11,6,5,0,0,0,3,0,3,1,1,0
53942204,592,288,304,57,19,38,141,84,57,214,97,117,6,2,4,130,57,73,44,29,15
57132601,85,44,41,28,15,13,23,12,11,19,9,10,1,0,1,1,0,1,13,8,5
57132602,247,124,123,26,12,14,42,31,11,76,33,43,3,2,1,84,37,47,16,9,7
53945701,373,188,185,35,14,21,71,49,22,117,51,66,10,5,5,113,51,62,27,18,9
53945702,160,81,79,15,11,4,37,20,17,68,31,37,3,2,1,32,14,18,5,3,2
53945703,134,72,62,15,9,6,41,30,11,46,19,27,3,2,1,25,8,17,4,4,0
53949001,731,353,378,61,31,30,178,95,83,248,116,132,23,10,13,191,88,103,30,13,17
54076502,4021,1915,2106,472,204,268,1082,602,480,1245,531,714,77,17,60,962,453,509,183,108,75
54076503,291,144,147,37,16,21,52,30,22,73,35,38,9,4,5,117,57,60,3,2,1
54076504,422,217,205,46,23,23,92,55,37,132,65,67,13,4,9,125,64,61,14,6,8
54076505,258,121,137,31,14,17,68,43,25,88,32,56,7,3,4,59,28,31,5,1,4
53161801,408,208,200,50,26,24,88,51,37,131,62,69,7,3,4,119,57,62,13,9,4
53161803,1012,510,502,122,54,68,220,134,86,332,138,194,26,11,15,264,141,123,48,32,16
53161804,63,32,31,8,5,3,23,13,10,21,11,10,0,0,0,7,2,5,4,1,3
53161805,406,204,202,45,31,14,74,43,31,128,60,68,14,8,6,137,58,79,8,4,4
53950301,703,357,346,72,35,37,127,75,52,237,110,127,13,6,7,228,117,111,26,14,12
53950302,558,294,264,56,34,22,116,67,49,204,113,91,21,4,17,146,67,79,15,9,6
57133401,43,22,21,6,4,2,11,8,3,16,6,10,1,0,1,8,4,4,1,0,1
57133402,47,24,23,6,3,3,10,3,7,11,6,5,0,0,0,14,8,6,6,4,2
53951101,459,243,216,48,18,30,166,110,56,158,68,90,7,3,4,65,35,30,15,9,6
53951102,83,47,36,6,3,3,34,20,14,29,16,13,3,0,3,11,8,3,0,0,0
53951103,151,78,73,20,9,11,50,33,17,58,25,33,1,0,1,20,10,10,2,1,1
53952001,857,422,435,102,47,55,213,116,97,234,96,138,16,7,9,252,137,115,40,19,21
53954601,65,36,29,6,5,1,14,9,5,24,14,10,1,1,0,18,5,13,2,2,0
53954602,151,82,69,13,9,4,30,20,10,59,30,29,2,1,1,43,22,21,4,0,4
53954603,37,21,16,5,3,2,17,11,6,10,3,7,0,0,0,0,0,0,5,4,1
53954604,387,206,181,50,19,31,116,79,37,103,48,55,3,1,2,89,39,50,26,20,6
53954605,79,41,38,5,2,3,18,10,8,38,19,19,3,1,2,7,5,2,8,4,4
53956201,153,80,73,18,5,13,42,28,14,47,16,31,3,1,2,30,19,11,13,11,2
53956202,105,52,53,10,5,5,39,20,19,30,14,16,4,2,2,19,10,9,3,1,2
53956203,92,51,41,12,6,6,27,17,10,28,16,12,4,1,3,15,6,9,6,5,1
53957101,55,27,28,8,3,5,17,9,8,16,6,10,0,0,0,11,7,4,3,2,1
53957103,469,223,246,30,18,12,71,37,34,173,74,99,14,4,10,161,78,83,20,12,8
53957104,162,84,78,15,7,8,17,7,10,53,24,29,4,2,2,66,38,28,7,6,1
53957105,1758,822,936,169,74,95,309,162,147,553,208,345,28,7,21,588,311,277,111,60,51
53959701,213,109,104,20,12,8,59,38,21,73,29,44,5,3,2,53,26,27,3,1,2
53959702,1561,752,809,160,69,91,304,187,117,535,224,311,25,10,15,484,235,249,53,27,26
53959703,407,192,215,44,18,26,132,65,67,128,58,70,4,0,4,64,28,36,35,23,12
53959704,1163,579,584,209,107,102,249,131,118,324,143,181,17,8,9,320,166,154,44,24,20
53959706,104,54,50,7,5,2,29,16,13,38,20,18,4,0,4,22,11,11,4,2,2
53278901,748,366,382,91,48,43,134,80,54,279,116,163,12,7,5,216,107,109,16,8,8
53278903,44,22,22,4,0,4,8,7,1,16,7,9,1,1,0,15,7,8,0,0,0
57131801,69,34,35,7,4,3,19,12,7,24,10,14,1,0,1,12,6,6,6,2,4
57131802,139,67,72,16,6,10,38,18,20,46,24,22,3,1,2,31,16,15,5,2,3
3079550,0,0,0,0,0,0,0,0,0,0,0,0,0,0,0,0,0,0,0,0,0
53962702,595,262,333,69,28,41,95,51,44,164,75,89,9,2,7,199,90,109,59,16,43
53962703,2708,1336,1372,235,113,122,392,225,167,870,399,471,54,18,36,976,476,500,181,105,76
53962704,2207,1083,1124,250,114,136,344,199,145,647,283,364,39,16,23,853,428,425,74,43,31
53962706,1742,837,905,152,74,78,283,163,120,622,269,353,32,12,20,604,295,309,49,24,25
53962707,33,19,14,15,10,5,4,3,1,7,2,5,0,0,0,7,4,3,0,0,0
53172301,49,27,22,10,8,2,14,7,7,16,10,6,1,0,1,7,2,5,1,0,1
53172302,2419,1144,1275,276,122,154,444,246,198,840,370,470,69,24,45,713,343,370,77,39,38
53172303,1657,829,828,187,90,97,468,278,190,553,249,304,37,13,24,344,156,188,68,43,25
53964301,2971,1426,1545,303,128,175,630,366,264,991,433,558,56,17,39,883,426,457,108,56,52
53965101,1180,571,609,138,69,69,272,145,127,387,178,209,19,11,8,335,154,181,29,14,15
53966001,22,11,11,2,1,1,5,3,2,8,4,4,0,0,0,4,1,3,3,2,1
53966002,197,94,103,14,4,10,50,28,22,80,34,46,2,1,1,46,23,23,5,4,1
53966003,76,37,39,14,9,5,29,15,14,22,8,14,3,1,2,6,3,3,2,1,1
53966004,41,23,18,2,1,1,17,9,8,10,5,5,0,0,0,10,6,4,2,2,0
53966005,430,199,231,53,26,27,123,60,63,153,68,85,7,3,4,76,33,43,18,9,9
53968601,586,280,306,66,29,37,121,71,50,158,55,103,19,7,12,208,113,95,14,5,9
53968602,889,440,449,92,46,46,130,84,46,275,119,156,24,8,16,303,150,153,65,33,32
53970801,70,41,29,6,1,5,23,19,4,18,10,8,2,0,2,17,8,9,4,3,1
53970802,952,488,464,89,38,51,202,126,76,355,170,185,16,4,12,256,129,127,34,21,13
53970803,35,19,16,6,1,5,12,10,2,11,6,5,0,0,0,3,1,2,3,1,2
57134201,23,13,10,3,1,2,5,5,0,5,1,4,1,1,0,9,5,4,0,0,0
57134202,223,112,111,35,12,23,89,54,35,61,24,37,1,0,1,29,15,14,8,7,1
53973201,327,152,175,36,14,22,93,55,38,123,53,70,7,3,4,64,25,39,4,2,2
53973202,79,39,40,10,6,4,23,13,10,24,9,15,2,2,0,17,9,8,3,0,3
53973203,172,87,85,14,8,6,46,30,16,65,27,38,6,2,4,34,16,18,7,4,3
53973204,1007,491,516,126,53,73,306,178,128,316,131,185,20,6,14,174,79,95,65,44,21
53973205,46,23,23,3,1,2,22,12,10,13,6,7,3,0,3,4,3,1,1,1,0
53973206,149,77,72,10,6,4,48,32,16,51,21,30,2,0,2,27,14,13,11,4,7
53182101,741,369,372,83,33,50,205,130,75,223,93,130,18,10,8,190,92,98,22,11,11
59831301,492,242,250,48,29,19,85,51,34,163,70,93,13,6,7,165,76,89,18,10,8
53975901,20,9,11,1,0,1,0,0,0,8,5,3,0,0,0,11,4,7,0,0,0
53975902,197,103,94,26,14,12,46,31,15,74,35,39,4,1,3,40,19,21,7,3,4
53975903,1067,522,545,128,57,71,290,175,115,361,156,205,15,5,10,232,104,128,41,25,16
53976701,507,255,252,63,25,38,131,80,51,164,76,88,16,4,12,100,51,49,33,19,14
53976702,31,14,17,2,0,2,6,3,3,11,4,7,2,1,1,8,5,3,2,1,1
53976703,843,402,441,93,39,54,184,104,80,260,111,149,17,8,9,256,125,131,33,15,18
53977501,707,336,371,90,33,57,193,108,85,221,92,129,11,3,8,137,67,70,55,33,22
57135101,78,41,37,10,5,5,20,14,6,18,8,10,1,0,1,26,12,14,3,2,1
57135102,586,294,292,73,34,39,148,90,58,189,91,98,7,2,5,136,55,81,33,22,11
53299101,958,461,497,93,35,58,293,167,126,312,138,174,13,5,8,205,90,115,42,26,16
53980501,700,336,364,73,34,39,136,82,54,185,76,109,10,5,5,270,127,143,26,12,14
53981301,1622,724,898,227,80,147,226,118,108,483,190,293,33,16,17,591,289,302,62,31,31
53981302,1246,579,667,151,66,85,246,135,111,391,168,223,30,11,19,369,168,201,59,31,28
51345801,62,30,32,5,4,1,14,8,6,27,10,17,0,0,0,14,7,7,2,1,1
51345802,130,71,59,24,17,7,10,7,3,37,18,19,1,1,0,54,27,27,4,1,3
51345803,2035,1000,1035,230,124,106,300,168,132,757,335,422,44,16,28,601,292,309,103,65,38
53983001,358,181,177,42,21,21,109,60,49,95,38,57,6,3,3,88,44,44,18,15,3
53983002,98,45,53,12,5,7,31,17,14,33,13,20,2,0,2,17,7,10,3,3,0
53984801,1945,961,984,244,107,137,457,281,176,643,272,371,39,11,28,457,225,232,105,65,40
53984802,132,72,60,8,4,4,33,26,7,57,25,32,1,0,1,27,12,15,6,5,1
53984803,173,86,87,14,6,8,65,40,25,59,22,37,1,1,0,29,13,16,5,4,1
53985601,901,437,464,102,50,52,230,127,103,317,135,182,16,4,12,197,96,101,39,25,14
53985602,555,284,271,59,30,29,154,96,58,161,70,91,14,6,8,134,58,76,33,24,9
57128801,281,142,139,28,17,11,63,32,31,98,47,51,3,0,3,78,40,38,11,6,5
53987201,1182,573,609,80,32,48,206,134,72,427,177,250,29,10,19,395,197,198,45,23,22
53988102,343,157,186,66,23,43,117,61,56,114,56,58,5,1,4,35,12,23,6,4,2
53988103,843,430,413,83,41,42,249,147,102,264,110,154,12,4,8,170,82,88,65,46,19
53990201,162,80,82,12,9,3,42,22,20,77,33,44,0,0,0,27,13,14,4,3,1
53990202,357,179,178,39,21,18,30,17,13,121,52,69,8,3,5,145,79,66,14,7,7
53990203,1083,547,536,111,55,56,280,159,121,338,139,199,21,11,10,288,153,135,45,30,15
52967201,136,72,64,10,3,7,48,32,16,47,22,25,2,0,2,22,10,12,7,5,2
56455901,26,15,11,5,3,2,12,9,3,9,3,6,0,0,0,0,0,0,0,0,0
56455902,31,16,15,4,0,4,13,10,3,10,4,6,0,0,0,3,1,2,1,1,0
56455904,128,69,59,20,10,10,59,35,24,33,16,17,0,0,0,12,6,6,4,2,2
53995301,450,224,226,53,23,30,156,94,62,162,72,90,9,6,3,57,21,36,13,8,5
53995302,115,58,57,17,8,9,40,27,13,35,16,19,1,1,0,19,5,14,3,1,2
53995303,210,106,104,18,6,12,65,39,26,60,22,38,3,2,1,27,13,14,37,24,13
53995304,537,272,265,72,37,35,170,105,65,179,80,99,19,5,14,65,30,35,32,15,17
53995306,137,65,72,18,7,11,53,30,23,45,20,25,1,0,1,16,7,9,4,1,3
53997001,125,58,67,22,6,16,41,23,18,38,13,25,0,0,0,13,7,6,11,9,2
53997002,58,29,29,7,4,3,23,13,10,16,8,8,0,0,0,12,4,8,0,0,0
53997003,99,54,45,12,5,7,45,26,19,26,14,12,2,1,1,10,4,6,4,4,0
53997004,68,33,35,8,2,6,35,20,15,14,6,8,1,1,0,8,3,5,2,1,1
53997005,20,12,8,2,1,1,15,10,5,2,0,2,0,0,0,1,1,0,0,0,0
3302640,0,0,0,0,0,0,0,0,0,0,0,0,0,0,0,0,0,0,0,0,0
53998801,82,43,39,12,5,7,29,18,11,21,9,12,1,1,0,10,5,5,9,5,4
53998803,184,94,90,17,8,9,66,43,23,59,27,32,5,1,4,33,12,21,4,3,1
0143200,0,0,0,0,0,0,0,0,0,0,0,0,0,0,0,0,0,0,0,0,0
0143540,0,0,0,0,0,0,0,0,0,0,0,0,0,0,0,0,0,0,0,0,0
0143620,0,0,0,0,0,0,0,0,0,0,0,0,0,0,0,0,0,0,0,0,0
54001301,55,27,28,11,4,7,17,12,5,15,6,9,1,0,1,9,5,4,2,0,2
54001302,34,15,19,11,2,9,8,5,3,10,6,4,1,0,1,4,2,2,0,0,0
54001303,40,21,19,7,2,5,9,7,2,19,9,10,2,0,2,3,3,0,0,0,0
54001304,44,23,21,8,6,2,17,11,6,12,3,9,1,0,1,4,3,1,2,0,2
54001305,24,14,10,2,2,0,7,5,2,10,5,5,0,0,0,5,2,3,0,0,0
54001306,350,150,200,54,22,32,99,54,45,132,53,79,3,1,2,55,17,38,7,3,4
54001307,675,302,373,116,46,70,261,132,129,190,82,108,11,3,8,68,23,45,29,16,13
54001309,22,14,8,7,5,2,11,7,4,1,1,0,0,0,0,3,1,2,0,0,0
54001310,107,46,61,13,4,9,45,19,26,39,19,20,1,0,1,7,3,4,2,1,1
54001311,525,253,272,76,26,50,179,109,70,165,74,91,9,3,6,73,28,45,23,13,10
54001312,152,74,78,16,8,8,39,19,20,63,32,31,2,1,1,27,10,17,5,4,1
54001313,244,113,131,36,7,29,86,54,32,78,36,42,2,1,1,33,12,21,9,3,6
54001314,648,328,320,147,65,82,227,131,96,146,60,86,13,5,8,52,30,22,63,37,26
54002101,21,10,11,1,0,1,12,7,5,6,2,4,0,0,0,2,1,1,0,0,0
54002102,13,8,5,0,0,0,2,0,2,4,4,0,2,0,2,3,2,1,2,2,0
54002103,330,163,167,51,27,24,99,59,40,119,48,71,3,2,1,52,24,28,6,3,3
56466401,47,23,24,4,3,1,15,8,7,19,8,11,1,0,1,6,3,3,2,1,1
56466402,23,13,10,2,0,2,7,5,2,6,4,2,0,0,0,5,3,2,3,1,2
56441902,128,69,59,18,5,13,50,32,18,42,23,19,1,0,1,9,3,6,8,6,2
54007201,347,163,184,42,16,26,125,70,55,122,46,76,1,0,1,36,19,17,21,12,9
54008101,58,30,28,12,6,6,24,16,8,17,5,12,0,0,0,3,1,2,2,2,0
54008102,264,129,135,31,15,16,93,53,40,83,39,44,10,1,9,37,17,20,10,4,6
54009901,229,104,125,31,6,25,98,63,35,64,21,43,4,0,4,24,9,15,8,5,3
54009902,139,67,72,16,7,9,65,34,31,36,18,18,0,0,0,17,6,11,5,2,3
51350401,354,174,180,38,11,27,133,84,49,119,50,69,6,1,5,36,17,19,22,11,11
54011101,275,132,143,27,9,18,49,32,17,94,40,54,6,2,4,85,41,44,14,8,6
54011102,52,23,29,5,2,3,12,7,5,11,4,7,1,0,1,21,10,11,2,0,2
54011103,138,60,78,26,10,16,44,22,22,39,17,22,1,0,1,14,6,8,14,5,9
54011104,34,18,16,2,1,1,13,9,4,10,4,6,0,0,0,8,3,5,1,1,0
54011105,519,249,270,47,20,27,141,73,68,187,91,96,11,4,7,120,56,64,13,5,8
54011107,47,22,25,6,4,2,8,4,4,17,9,8,2,2,0,14,3,11,0,0,0
54011108,1156,556,600,111,44,67,298,159,139,390,168,222,19,7,12,292,153,139,46,25,21
54011109,61,34,27,8,3,5,27,16,11,18,10,8,1,0,1,5,3,2,2,2,0
54011110,956,467,489,99,40,59,321,183,138,317,147,170,11,5,6,184,84,100,24,8,16
54011111,1956,926,1030,226,92,134,550,310,240,648,272,376,35,12,23,404,183,221,93,57,36
54011112,248,120,128,13,7,6,59,36,23,89,35,54,6,1,5,74,38,36,7,3,4
54011113,1845,895,950,228,90,138,598,326,272,553,235,318,33,11,22,282,127,155,151,106,45
54012901,261,131,130,34,14,20,125,71,54,68,32,36,8,4,4,21,8,13,5,2,3
54012903,176,85,91,30,13,17,58,37,21,58,24,34,3,0,3,20,7,13,7,4,3
54012904,98,45,53,15,4,11,45,25,20,24,10,14,0,0,0,9,4,5,5,2,3
54012905,106,48,58,17,3,14,50,28,22,29,11,18,2,1,1,6,3,3,2,2,0
54012906,29,16,13,2,1,1,13,6,7,6,3,3,1,1,0,1,0,1,6,5,1
54012907,36,19,17,3,1,2,11,7,4,12,7,5,1,0,1,8,3,5,1,1,0
54012908,29,16,13,2,0,2,10,7,3,11,6,5,0,0,0,6,3,3,0,0,0
54012909,35,17,18,4,0,4,16,11,5,6,4,2,0,0,0,9,2,7,0,0,0
59929801,138,66,72,16,5,11,51,31,20,42,14,28,3,2,1,16,9,7,10,5,5
3302480,0,0,0,0,0,0,0,0,0,0,0,0,0,0,0,0,0,0,0,0,0
54014501,142,69,73,21,5,16,43,26,17,55,28,27,2,1,1,18,8,10,3,1,2
54014502,329,162,167,58,24,34,132,75,57,85,39,46,3,1,2,43,21,22,8,2,6
54015301,61,27,34,8,4,4,27,16,11,17,4,13,4,2,2,4,0,4,1,1,0
54015302,234,114,120,33,9,24,99,64,35,64,22,42,2,0,2,27,13,14,9,6,3
54015304,77,39,38,14,5,9,37,22,15,13,7,6,3,0,3,9,4,5,1,1,0
54017001,175,95,80,27,14,13,69,37,32,52,28,24,2,1,1,16,8,8,9,7,2
54017002,68,33,35,4,1,3,20,12,8,28,15,13,1,0,1,14,5,9,1,0,1
54017003,36,18,18,1,0,1,13,6,7,10,6,4,0,0,0,9,4,5,3,2,1
54017004,22,11,11,2,1,1,10,7,3,7,1,6,0,0,0,3,2,1,0,0,0
54018801,187,92,95,26,12,14,73,44,29,45,21,24,5,1,4,33,10,23,5,4,1
54018802,37,18,19,4,3,1,12,6,6,15,8,7,0,0,0,6,1,5,0,0,0
59838101,1162,1042,120,488,466,22,448,417,31,147,111,36,7,3,4,45,25,20,27,20,7
54021801,36,19,17,2,0,2,21,14,7,13,5,8,0,0,0,0,0,0,0,0,0
54021802,551,300,251,83,31,52,220,146,74,162,77,85,13,3,10,46,19,27,27,24,3
54021804,18,12,6,0,0,0,4,3,1,9,5,4,0,0,0,5,4,1,0,0,0
54021805,59,27,32,11,3,8,21,11,10,19,10,9,0,0,0,8,3,5,0,0,0
54021806,81,41,40,9,1,8,37,19,18,25,17,8,1,0,1,7,3,4,2,1,1
54021807,24,17,7,1,0,1,12,10,2,7,5,2,0,0,0,4,2,2,0,0,0
54021808,143,72,71,18,7,11,62,35,27,47,24,23,1,0,1,10,4,6,5,2,3
56450801,279,137,142,33,13,20,87,49,38,95,45,50,5,2,3,47,23,24,12,5,7
59840201,433,223,210,53,24,29,134,83,51,148,75,73,11,2,9,73,31,42,14,8,6
54024201,443,226,217,64,30,34,154,85,69,143,66,77,7,2,5,58,31,27,17,12,5
54024202,103,50,53,17,9,8,33,19,14,31,12,19,3,1,2,15,8,7,4,1,3
56460501,125,62,63,18,10,8,51,29,22,36,16,20,3,1,2,17,6,11,0,0,0
56425701,49,29,20,6,3,3,16,11,5,19,11,8,1,1,0,7,3,4,0,0,0
56425702,19,13,6,2,1,1,13,10,3,3,1,2,0,0,0,1,1,0,0,0,0
54028501,26,13,13,7,3,4,9,6,3,7,2,5,0,0,0,3,2,1,0,0,0
54028502,243,124,119,36,10,26,92,60,32,82,38,44,2,0,2,17,8,9,14,8,6
54028503,28,16,12,6,4,2,15,9,6,6,3,3,0,0,0,1,0,1,0,0,0
54028504,54,29,25,11,4,7,20,16,4,17,7,10,0,0,0,6,2,4,0,0,0
51358001,187,89,98,27,9,18,64,41,23,73,31,42,4,1,3,14,6,8,5,1,4
54031501,348,172,176,62,26,36,135,83,52,90,33,57,7,4,3,34,15,19,20,11,9
54031502,30,13,17,3,1,2,15,9,6,8,2,6,0,0,0,4,1,3,0,0,0
54031504,50,25,25,8,2,6,15,11,4,15,7,8,0,0,0,7,3,4,5,2,3
54031506,49,20,29,7,1,6,20,10,10,15,7,8,0,0,0,2,1,1,5,1,4
54031507,58,32,26,11,4,7,18,13,5,20,11,9,1,0,1,8,4,4,0,0,0
54031508,94,50,44,13,5,8,33,22,11,26,11,15,1,0,1,10,6,4,11,6,5
3224230,0,0,0,0,0,0,0,0,0,0,0,0,0,0,0,0,0,0,0,0,0
3224310,0,0,0,0,0,0,0,0,0,0,0,0,0,0,0,0,0,0,0,0,0
54032301,36,20,16,0,0,0,14,8,6,15,8,7,0,0,0,7,4,3,0,0,0
54032302,108,61,47,13,10,3,32,19,13,28,10,18,1,0,1,14,7,7,20,15,5
54032303,35,19,16,7,4,3,15,10,5,10,5,5,0,0,0,2,0,2,1,0,1
54032304,30,18,12,4,3,1,11,8,3,9,3,6,3,1,2,2,2,0,1,1,0
54032306,41,19,22,4,2,2,20,13,7,11,3,8,0,0,0,5,1,4,1,0,1
54032307,133,73,60,19,8,11,45,34,11,42,16,26,3,0,3,19,12,7,5,3,2
54032308,77,43,34,5,1,4,28,21,7,27,12,15,0,0,0,12,6,6,5,3,2
54032309,29,14,15,2,2,0,5,4,1,17,5,12,0,0,0,4,3,1,1,0,1
56424901,41,18,23,6,3,3,13,6,7,9,3,6,2,1,1,10,5,5,1,0,1
56424902,94,43,51,18,7,11,34,18,16,28,13,15,1,0,1,6,1,5,7,4,3
56424904,34,21,13,2,2,0,13,8,5,13,8,5,0,0,0,5,2,3,1,1,0
54035801,140,67,73,27,12,15,42,23,19,43,21,22,2,0,2,21,6,15,5,5,0
54035802,59,29,30,7,4,3,17,10,7,17,6,11,5,3,2,10,4,6,3,2,1
54037401,96,51,45,15,4,11,47,30,17,26,14,12,3,1,2,5,2,3,0,0,0
54037403,237,122,115,34,12,22,105,67,38,66,26,40,3,1,2,18,7,11,11,9,2
54039101,52,28,24,6,2,4,23,16,7,14,4,10,2,0,2,6,5,1,1,1,0
54039102,52,24,28,11,3,8,19,14,5,16,4,12,1,0,1,5,3,2,0,0,0
54039103,214,111,103,25,10,15,98,52,46,69,38,31,1,0,1,12,5,7,9,6,3
54039104,18,9,9,5,2,3,4,4,0,4,1,3,3,1,2,2,1,1,0,0,0
54039105,36,18,18,2,1,1,13,6,7,14,7,7,0,0,0,6,3,3,1,1,0
54039106,25,14,11,5,2,3,9,7,2,7,3,4,0,0,0,3,2,1,1,0,1
54039108,47,23,24,5,2,3,23,14,9,10,2,8,0,0,0,9,5,4,0,0,0
3302720,0,0,0,0,0,0,0,0,0,0,0,0,0,0,0,0,0,0,0,0,0
54040401,43,23,20,5,2,3,14,8,6,19,12,7,1,0,1,2,1,1,2,0,2
54040402,1703,882,821,231,103,128,545,299,246,517,266,251,31,14,17,251,127,124,128,73,55
54040403,96,49,47,14,6,8,30,17,13,29,14,15,6,3,3,13,7,6,4,2,2
54043901,502,256,246,64,23,41,188,106,82,150,69,81,5,1,4,58,27,31,37,30,7
54043902,98,50,48,15,6,9,32,23,9,34,14,20,1,0,1,16,7,9,0,0,0
54043903,27,14,13,3,2,1,6,3,3,14,9,5,1,0,1,3,0,3,0,0,0
54043904,79,41,38,9,3,6,27,15,12,27,14,13,2,1,1,14,8,6,0,0,0
54043905,93,51,42,13,6,7,36,21,15,32,18,14,2,0,2,10,6,4,0,0,0
54044702,20,8,12,5,0,5,4,1,3,6,3,3,0,0,0,2,2,0,3,2,1
54044703,225,125,100,31,19,12,87,55,32,63,28,35,5,1,4,25,12,13,14,10,4
54044707,44,25,19,4,0,4,23,16,7,13,7,6,0,0,0,4,2,2,0,0,0
54044708,35,14,21,7,1,6,15,7,8,10,4,6,0,0,0,3,2,1,0,0,0
54044709,27,15,12,5,3,2,9,5,4,10,5,5,0,0,0,3,2,1,0,0,0
54044710,35,19,16,6,1,5,14,9,5,8,7,1,2,0,2,3,1,2,2,1,1
59846101,222,118,104,28,18,10,86,47,39,73,34,39,2,0,2,25,15,10,8,4,4
59846102,38,18,20,4,1,3,12,8,4,14,6,8,0,0,0,5,1,4,3,2,1
59920401,57,27,30,5,1,4,20,12,8,17,8,9,2,1,1,10,3,7,3,2,1
59920402,54,24,30,10,5,5,22,12,10,15,6,9,1,0,1,6,1,5,0,0,0
0700092,0,0,0,0,0,0,0,0,0,0,0,0,0,0,0,0,0,0,0,0,0
54049801,31,15,16,5,2,3,7,3,4,12,8,4,3,1,2,3,0,3,1,1,0
54049802,796,394,402,122,46,76,303,175,128,241,119,122,17,7,10,84,31,53,29,16,13
54049803,83,39,44,17,6,11,35,18,17,13,6,7,0,0,0,5,1,4,13,8,5
54049804,41,20,21,7,3,4,16,7,9,14,8,6,0,0,0,4,2,2,0,0,0
54049805,51,28,23,9,5,4,16,9,7,13,7,6,0,0,0,12,6,6,1,1,0
54049807,37,17,20,4,1,3,19,13,6,14,3,11,0,0,0,0,0,0,0,0,0
54049808,41,21,20,5,0,5,17,13,4,10,4,6,0,0,0,7,3,4,2,1,1
51355501,174,90,84,14,10,4,73,44,29,52,18,34,0,0,0,27,12,15,8,6,2
52968101,107,56,51,15,4,11,54,35,19,26,12,14,2,2,0,5,0,5,5,3,2
54053601,19,11,8,2,0,2,10,7,3,5,3,2,1,1,0,1,0,1,0,0,0
54053604,301,151,150,45,16,29,132,82,50,79,35,44,4,0,4,15,3,12,26,15,11
54055201,23,11,12,2,1,1,11,7,4,9,2,7,0,0,0,1,1,0,0,0,0
54055202,674,338,336,94,44,50,275,160,115,187,77,110,5,3,2,74,31,43,39,23,16
54055203,18,10,8,2,1,1,7,4,3,6,3,3,0,0,0,2,1,1,1,1,0
54055205,20,9,11,2,1,1,5,3,2,6,4,2,1,0,1,6,1,5,0,0,0
54055207,28,14,14,1,0,1,9,5,4,10,6,4,1,0,1,6,3,3,1,0,1
54055208,36,22,14,4,3,1,8,4,4,23,14,9,0,0,0,1,1,0,0,0,0
54055209,16,7,9,2,0,2,10,5,5,2,2,0,0,0,0,2,0,2,0,0,0
54055210,40,20,20,6,4,2,13,7,6,17,8,9,0,0,0,4,1,3,0,0,0
54055211,21,7,14,6,2,4,6,4,2,3,1,2,0,0,0,6,0,6,0,0,0
54055214,53,28,25,7,2,5,21,14,7,19,9,10,0,0,0,5,2,3,1,1,0
54057901,16,9,7,2,1,1,6,6,0,6,2,4,0,0,0,2,0,2,0,0,0
54057902,138,75,63,16,5,11,50,36,14,39,18,21,5,2,3,20,10,10,8,4,4
3302990,0,0,0,0,0,0,0,0,0,0,0,0,0,0,0,0,0,0,0,0,0
54058701,120,57,63,13,2,11,48,26,22,40,19,21,5,0,5,12,8,4,2,2,0
3302210,0,0,0,0,0,0,0,0,0,0,0,0,0,0,0,0,0,0,0,0,0
54062501,475,235,240,49,18,31,167,101,66,163,74,89,14,2,12,65,30,35,17,10,7
56434601,180,94,86,24,13,11,56,35,21,63,29,34,3,1,2,22,11,11,12,5,7
51352101,171,87,84,26,10,16,62,42,20,57,27,30,1,0,1,21,7,14,4,1,3
59841101,419,206,213,58,24,34,143,81,62,144,69,75,4,2,2,52,18,34,18,12,6
54071401,535,274,261,61,25,36,221,133,88,158,75,83,10,4,6,63,24,39,22,13,9
54071402,341,172,169,36,17,19,134,80,54,118,52,66,4,0,4,41,20,21,8,3,5
54071403,57,28,29,8,2,6,26,16,10,17,6,11,1,1,0,5,3,2,0,0,0
54074901,20,11,9,1,0,1,7,4,3,8,5,3,0,0,0,3,2,1,1,0,1
54074902,58,35,23,11,5,6,18,12,6,12,9,3,0,0,0,4,3,1,13,6,7
54074903,169,91,78,27,9,18,73,45,28,34,19,15,2,0,2,17,8,9,16,10,6
54074904,18,11,7,3,2,1,6,4,2,4,3,1,0,0,0,3,2,1,2,0,2
54074905,21,10,11,3,1,2,6,4,2,6,2,4,0,0,0,5,2,3,1,1,0
54075701,50,23,27,5,2,3,22,11,11,11,3,8,1,0,1,9,5,4,2,2,0
54075702,182,93,89,23,10,13,65,43,22,55,25,30,4,1,3,29,11,18,6,3,3
54075703,69,37,32,7,3,4,27,17,10,22,10,12,1,1,0,7,2,5,5,4,1
54075704,17,8,9,2,0,2,7,4,3,5,3,2,0,0,0,1,0,1,2,1,1
54075705,1349,655,694,178,65,113,488,287,201,414,177,237,20,4,16,160,65,95,89,57,32
54075706,28,11,17,5,3,2,11,5,6,10,3,7,1,0,1,0,0,0,1,0,1
54075707,50,23,27,3,1,2,23,12,11,9,2,7,0,0,0,8,4,4,7,4,3
59975101,74,35,39,8,3,5,32,20,12,24,8,16,3,1,2,7,3,4,0,0,0
54078101,34,15,19,3,0,3,11,7,4,10,5,5,4,0,4,5,3,2,1,0,1
54078102,75,39,36,10,3,7,33,22,11,19,8,11,0,0,0,6,1,5,7,5,2
54078103,347,174,173,32,16,16,127,72,55,106,46,60,4,0,4,46,17,29,32,23,9
54078104,54,27,27,8,2,6,16,11,5,17,5,12,0,0,0,11,7,4,2,2,0
54078105,150,81,69,25,15,10,48,32,16,42,19,23,5,1,4,27,13,14,3,1,2
3212061,0,0,0,0,0,0,0,0,0,0,0,0,0,0,0,0,0,0,0,0,0
3212062,0,0,0,0,0,0,0,0,0,0,0,0,0,0,0,0,0,0,0,0,0
54079001,295,152,143,28,10,18,126,80,46,91,45,46,5,1,4,31,7,24,14,9,5
54079002,104,40,64,31,1,30,34,20,14,28,14,14,3,1,2,5,3,2,3,1,2
54079004,49,25,24,7,3,4,15,10,5,16,6,10,0,0,0,9,4,5,2,2,0
54079005,32,19,13,5,5,0,11,8,3,10,3,7,0,0,0,4,2,2,2,1,1
56447801,36,18,18,7,4,3,16,9,7,8,4,4,0,0,0,2,0,2,3,1,2
56447802,195,103,92,22,8,14,67,41,26,63,31,32,4,2,2,29,14,15,10,7,3
1019233,0,0,0,0,0,0,0,0,0,0,0,0,0,0,0,0,0,0,0,0,0
1019235,0,0,0,0,0,0,0,0,0,0,0,0,0,0,0,0,0,0,0,0,0
54081101,36,18,18,6,2,4,6,3,3,13,9,4,2,1,1,9,3,6,0,0,0
54081103,432,223,209,63,26,37,182,105,77,109,51,58,4,3,1,50,25,25,24,13,11
54081104,51,25,26,3,2,1,22,15,7,12,3,9,0,0,0,10,4,6,4,1,3
54081105,122,63,59,17,5,12,46,32,14,28,8,20,1,1,0,22,12,10,8,5,3
54082001,36,18,18,0,0,0,12,6,6,14,6,8,0,0,0,10,6,4,0,0,0
54082002,51,28,23,7,3,4,33,21,12,8,3,5,1,0,1,1,0,1,1,1,0
54082003,168,87,81,31,10,21,70,42,28,44,25,19,3,1,2,13,4,9,7,5,2
54082004,51,24,27,13,2,11,19,11,8,18,10,8,0,0,0,1,1,0,0,0,0
54082006,49,25,24,7,1,6,12,8,4,22,13,9,1,0,1,6,3,3,1,0,1
54082009,29,15,14,5,2,3,11,4,7,6,5,1,0,0,0,2,1,1,5,3,2
54084601,26,13,13,4,1,3,14,10,4,6,1,5,0,0,0,1,0,1,1,1,0
54084602,26,12,14,5,0,5,14,9,5,5,2,3,1,0,1,1,1,0,0,0,0
54084603,34,18,16,7,2,5,20,15,5,4,1,3,1,0,1,2,0,2,0,0,0
54084604,35,20,15,6,0,6,10,9,1,11,6,5,1,1,0,6,3,3,1,1,0
54084605,17,11,6,4,2,2,10,7,3,2,2,0,0,0,0,1,0,1,0,0,0
54084606,39,21,18,8,4,4,18,13,5,9,3,6,3,0,3,1,1,0,0,0,0
54084608,22,9,13,5,2,3,4,3,1,7,2,5,1,0,1,3,2,1,2,0,2
54084609,53,27,26,11,5,6,23,13,10,15,6,9,0,0,0,4,3,1,0,0,0
54084610,164,81,83,28,10,18,60,40,20,49,22,27,2,0,2,21,7,14,4,2,2
54084611,50,26,24,5,2,3,28,19,9,7,1,6,3,1,2,3,1,2,4,2,2
54084612,18,8,10,3,1,2,10,6,4,4,1,3,0,0,0,1,0,1,0,0,0
54084614,39,22,17,9,5,4,9,7,2,8,3,5,2,1,1,9,5,4,2,1,1
3302050,0,0,0,0,0,0,0,0,0,0,0,0,0,0,0,0,0,0,0,0,0
56452401,161,79,82,23,8,15,58,33,25,50,28,22,5,3,2,13,2,11,12,5,7
56452402,37,17,20,6,2,4,15,9,6,6,1,5,0,0,0,5,3,2,5,2,3
56422201,42,25,17,8,2,6,16,13,3,11,5,6,0,0,0,4,3,1,3,2,1
54088902,74,34,40,4,1,3,27,14,13,24,10,14,0,0,0,16,6,10,3,3,0
54088903,18,10,8,2,1,1,10,5,5,2,1,1,0,0,0,4,3,1,0,0,0
54088904,328,157,171,22,10,12,34,20,14,126,57,69,3,3,0,136,64,72,7,3,4
54088905,93,38,55,12,4,8,24,14,10,30,9,21,4,2,2,12,5,7,11,4,7
54088906,685,344,341,82,43,39,232,136,96,213,89,124,8,1,7,127,61,66,23,14,9
54089701,34,17,17,2,1,1,11,6,5,13,7,6,0,0,0,8,3,5,0,0,0
54089702,54,30,24,5,3,2,21,15,6,16,7,9,1,0,1,9,4,5,2,1,1
54089703,63,30,33,11,5,6,28,16,12,18,5,13,1,0,1,1,0,1,4,4,0
54089704,89,42,47,7,3,4,34,20,14,30,11,19,1,1,0,12,4,8,5,3,2
54090101,29,13,16,3,3,0,10,6,4,9,2,7,1,0,1,4,2,2,2,0,2
54090102,165,81,84,22,7,15,80,47,33,37,15,22,2,1,1,15,6,9,9,5,4
54090103,72,42,30,10,3,7,30,21,9,23,12,11,0,0,0,4,2,2,5,4,1
54090105,843,400,443,107,43,64,351,195,156,232,89,143,13,2,11,83,40,43,57,31,26
54090106,255,128,127,24,8,16,110,67,43,65,26,39,6,0,6,35,18,17,15,9,6
54090107,286,141,145,34,14,20,97,56,41,84,36,48,3,1,2,58,29,29,10,5,5
51357101,154,75,79,16,4,12,55,33,22,53,24,29,3,1,2,20,8,12,7,5,2
54093502,927,472,455,132,56,76,344,210,134,302,137,165,11,0,11,88,38,50,50,31,19
54093503,96,48,48,14,4,10,39,23,16,30,17,13,1,0,1,11,4,7,1,0,1
54094301,222,113,109,34,16,18,79,44,35,76,38,38,1,0,1,26,10,16,6,5,1
54095101,49,21,28,8,2,6,22,11,11,12,4,8,1,0,1,5,3,2,1,1,0
54095102,549,285,264,72,39,33,205,120,85,163,74,89,11,2,9,75,35,40,23,15,8
3302810,0,0,0,0,0,0,0,0,0,0,0,0,0,0,0,0,0,0,0,0,0
54096001,220,113,107,27,10,17,90,56,34,67,32,35,3,1,2,29,13,16,4,1,3
54096002,39,24,15,7,5,2,16,10,6,11,6,5,0,0,0,4,2,2,1,1,0
59847001,174,95,79,22,9,13,77,51,26,54,24,30,2,0,2,10,6,4,9,5,4
59847003,37,19,18,6,2,4,16,12,4,11,4,7,1,0,1,1,0,1,2,1,1
59837201,109,56,53,9,4,5,38,24,14,40,19,21,4,1,3,15,6,9,3,2,1
54101001,31,16,15,5,2,3,7,4,3,9,5,4,0,0,0,10,5,5,0,0,0
54101002,77,36,41,11,4,7,24,14,10,26,11,15,2,0,2,10,5,5,4,2,2
54101003,77,35,42,9,2,7,28,16,12,25,12,13,1,1,0,13,4,9,1,0,1
54102801,30,17,13,4,1,3,9,5,4,8,7,1,2,1,1,6,2,4,1,1,0
54102802,45,23,22,7,1,6,19,13,6,14,5,9,0,0,0,1,0,1,4,4,0
54102803,184,98,86,32,16,16,77,49,28,54,24,30,2,2,0,12,4,8,7,3,4
54102804,49,11,38,16,1,15,20,5,15,9,2,7,0,0,0,3,3,0,1,0,1
54102805,34,18,16,5,1,4,13,9,4,9,3,6,0,0,0,3,2,1,4,3,1
54104401,43,22,21,8,1,7,12,10,2,13,4,9,0,0,0,9,6,3,1,1,0
54104402,66,34,32,9,4,5,32,17,15,13,4,9,1,1,0,6,4,2,5,4,1
54104403,22,14,8,4,2,2,8,8,0,5,2,3,1,0,1,4,2,2,0,0,0
54104404,36,21,15,5,3,2,13,9,4,11,6,5,0,0,0,2,0,2,5,3,2
54104406,33,19,14,3,1,2,12,8,4,15,8,7,0,0,0,3,2,1,0,0,0
54104407,62,33,29,9,4,5,22,13,9,17,9,8,0,0,0,12,6,6,2,1,1
54104410,550,263,287,57,16,41,229,137,92,159,64,95,7,3,4,66,21,45,32,22,10
54104412,38,23,15,5,2,3,16,10,6,8,7,1,2,1,1,5,2,3,2,1,1
54104413,25,13,12,2,0,2,12,7,5,10,6,4,0,0,0,0,0,0,1,0,1
54104414,22,10,12,3,0,3,6,4,2,6,2,4,0,0,0,4,1,3,3,3,0
54104416,62,35,27,8,6,2,19,13,6,19,10,9,3,0,3,10,4,6,3,2,1
54104417,71,35,36,14,4,10,20,10,10,28,16,12,1,0,1,5,3,2,3,2,1
54104418,34,22,12,7,5,2,12,7,5,11,7,4,0,0,0,2,2,0,2,1,1
54104420,33,18,15,4,2,2,13,8,5,12,7,5,2,1,1,2,0,2,0,0,0
54105202,110,51,59,11,5,6,40,21,19,29,12,17,3,2,1,21,9,12,6,2,4
54105203,414,210,204,64,35,29,165,92,73,116,47,69,5,1,4,39,17,22,25,18,7
56421401,78,39,39,14,4,10,28,14,14,26,16,10,2,1,1,5,1,4,3,3,0
54108702,242,131,111,32,17,15,107,61,46,66,35,31,5,1,4,20,9,11,12,8,4
54108703,39,22,17,5,2,3,16,11,5,14,6,8,0,0,0,2,2,0,2,1,1
54108704,34,18,16,5,0,5,16,12,4,10,4,6,0,0,0,3,2,1,0,0,0
54108705,129,62,67,22,4,18,49,31,18,44,20,24,2,1,1,10,4,6,2,2,0
56448601,167,82,85,16,6,10,44,24,20,55,28,27,6,2,4,41,18,23,5,4,1
56448602,136,66,70,15,8,7,48,27,21,54,23,31,0,0,0,12,5,7,7,3,4
56448603,588,302,286,59,22,37,206,132,74,186,80,106,13,5,8,93,42,51,31,21,10
54113302,42,27,15,9,4,5,19,15,4,10,5,5,0,0,0,2,2,0,2,1,1
54113303,63,30,33,11,6,5,21,14,7,24,8,16,0,0,0,4,1,3,3,1,2
54113304,113,58,55,8,2,6,31,24,7,50,25,25,0,0,0,19,5,14,5,2,3
54113305,113,51,62,22,6,16,43,28,15,32,10,22,2,0,2,9,4,5,5,3,2
54113306,89,41,48,13,3,10,43,27,16,21,6,15,2,0,2,6,2,4,4,3,1
3080130,0,0,0,0,0,0,0,0,0,0,0,0,0,0,0,0,0,0,0,0,0
3211682,0,0,0,0,0,0,0,0,0,0,0,0,0,0,0,0,0,0,0,0,0
3342940,0,0,0,0,0,0,0,0,0,0,0,0,0,0,0,0,0,0,0,0,0
53991103,101,45,56,13,5,8,34,17,17,36,15,21,1,0,1,15,7,8,2,1,1
53991104,21,11,10,1,0,1,9,7,2,6,3,3,1,0,1,4,1,3,0,0,0
53991105,38,20,18,3,1,2,9,8,1,21,10,11,0,0,0,5,1,4,0,0,0
53991106,80,46,34,10,5,5,30,21,9,22,11,11,1,1,0,13,4,9,4,4,0
53991107,36,22,14,1,0,1,19,16,3,8,2,6,1,1,0,6,3,3,1,0,1
53991108,136,74,62,15,9,6,33,21,12,51,24,27,1,0,1,29,16,13,7,4,3
53991109,36,14,22,5,1,4,8,5,3,10,2,8,0,0,0,13,6,7,0,0,0
53991110,46,24,22,6,4,2,14,9,5,21,10,11,2,0,2,2,0,2,1,1,0
53991111,20,9,11,2,2,0,9,4,5,6,1,5,0,0,0,1,1,0,2,1,1
53991112,159,83,76,22,14,8,40,21,19,50,29,21,3,0,3,42,17,25,2,2,0
53991113,254,121,133,36,11,25,57,36,21,100,47,53,6,2,4,45,19,26,10,6,4
53991114,440,210,230,53,22,31,110,67,43,158,69,89,7,3,4,96,41,55,16,8,8
53991115,21,10,11,1,1,0,1,1,0,8,3,5,0,0,0,9,4,5,2,1,1
53991117,886,585,301,119,62,57,215,149,66,140,75,65,5,1,4,55,28,27,352,270,82
53991118,271,132,139,30,10,20,88,56,32,88,36,52,12,5,7,44,19,25,9,6,3
53991119,899,412,487,111,44,67,264,134,130,314,129,185,28,14,14,132,61,71,50,30,20
53991120,86,54,32,10,7,3,31,24,7,19,11,8,6,1,5,13,7,6,7,4,3
53991122,1116,530,586,126,60,66,235,139,96,423,192,231,17,6,11,286,122,164,29,11,18
53991125,650,312,338,101,49,52,178,100,78,223,93,130,10,1,9,117,54,63,21,15,6
53991126,343,164,179,33,14,19,70,35,35,137,67,70,6,3,3,89,40,49,8,5,3
53991127,1071,512,559,137,64,73,271,141,130,351,155,196,23,9,14,235,112,123,54,31,23
53991128,1535,689,846,220,93,127,465,238,227,544,219,325,33,12,21,198,87,111,75,40,35
53991129,18,10,8,1,0,1,1,1,0,6,4,2,0,0,0,10,5,5,0,0,0
53991130,499,240,259,95,36,59,179,93,86,114,50,64,13,5,8,42,20,22,56,36,20
53991131,858,382,476,92,35,57,256,131,125,294,123,171,8,1,7,167,72,95,41,20,21
53991132,351,171,180,24,8,16,101,59,42,125,66,59,4,1,3,88,33,55,9,4,5
53991133,214,102,112,18,7,11,36,28,8,89,36,53,4,1,3,62,28,34,5,2,3
53991134,293,142,151,32,12,20,70,43,27,96,40,56,5,2,3,82,41,41,8,4,4
53991135,301,148,153,30,13,17,86,53,33,111,50,61,8,2,6,61,27,34,5,3,2
53991137,136,67,69,25,12,13,9,3,6,54,27,27,1,0,1,47,25,22,0,0,0
53991138,116,58,58,28,11,17,40,21,19,20,11,9,1,0,1,7,2,5,20,13,7
53991139,1894,899,995,194,85,109,566,308,258,721,305,416,38,9,29,313,158,155,62,34,28
53991141,339,166,173,31,13,18,85,48,37,124,56,68,9,4,5,83,41,42,7,4,3
53991142,73,38,35,16,8,8,29,18,11,16,5,11,0,0,0,3,2,1,9,5,4
53991143,1037,504,533,143,63,80,328,187,141,333,147,186,15,5,10,184,80,104,34,22,12
53991145,199,102,97,46,21,25,54,31,23,40,17,23,0,0,0,29,14,15,30,19,11
53991146,3295,1484,1811,486,191,295,1117,578,539,1017,425,592,57,19,38,385,161,224,233,110,123
53991147,2904,1314,1590,388,146,242,995,513,482,939,396,543,46,14,32,349,139,210,187,106,81
53991148,822,384,438,91,37,54,234,115,119,270,116,154,14,2,12,149,74,75,64,40,24
53991149,1347,612,735,158,60,98,388,206,182,449,188,261,36,12,24,240,102,138,76,44,32
53991150,1483,703,780,179,65,114,475,264,211,506,210,296,36,13,23,214,101,113,73,50,23
53991152,1588,698,890,199,72,127,482,251,231,580,227,353,33,6,27,234,115,119,60,27,33
53991153,615,278,337,80,31,49,200,110,90,205,81,124,13,3,10,101,44,57,16,9,7
53991154,298,151,147,35,21,14,82,48,34,114,52,62,7,5,2,58,23,35,2,2,0
51354701,275,132,143,35,8,27,94,60,34,100,46,54,6,1,5,31,11,20,9,6,3
56438902,141,75,66,27,12,15,47,34,13,43,14,29,2,1,1,15,8,7,7,6,1
59848802,127,59,68,21,6,15,66,38,28,26,11,15,1,0,1,10,3,7,3,1,2
59848805,53,24,29,5,2,3,26,15,11,10,2,8,0,0,0,9,4,5,3,1,2
54120601,379,194,185,56,26,30,134,76,58,117,55,62,5,1,4,39,18,21,28,18,10
54120602,250,129,121,21,10,11,96,56,40,76,37,39,2,0,2,24,8,16,31,18,13
54120603,59,31,28,11,4,7,19,12,7,17,10,7,2,0,2,8,3,5,2,2,0
3344130,0,0,0,0,0,0,0,0,0,0,0,0,0,0,0,0,0,0,0,0,0
54123101,72,36,36,8,3,5,33,20,13,21,9,12,1,0,1,8,3,5,1,1,0
54123102,30,15,15,3,1,2,11,6,5,10,3,7,0,0,0,5,4,1,1,1,0
54123103,22,10,12,2,0,2,9,6,3,7,4,3,1,0,1,2,0,2,1,0,1
54123104,170,86,84,29,14,15,67,40,27,45,20,25,0,0,0,18,6,12,11,6,5
54123105,40,23,17,5,2,3,3,1,2,17,9,8,0,0,0,14,10,4,1,1,0
54123108,311,157,154,49,17,32,107,68,39,110,49,61,4,2,2,29,12,17,12,9,3
54123109,82,40,42,9,3,6,29,15,14,25,16,9,3,0,3,11,3,8,5,3,2
54123110,158,82,76,24,11,13,55,31,24,39,20,19,3,0,3,31,17,14,6,3,3
54123111,28,15,13,5,4,1,2,1,1,14,8,6,0,0,0,6,2,4,1,0,1
54123115,98,44,54,25,6,19,33,23,10,24,11,13,0,0,0,8,0,8,8,4,4
54123116,564,283,281,80,31,49,181,99,82,171,77,94,8,4,4,48,22,26,76,50,26
54123117,1138,544,594,177,73,104,407,220,187,361,156,205,18,7,11,141,68,73,34,20,14
54123118,748,333,415,146,44,102,262,145,117,226,96,130,13,5,8,79,32,47,22,11,11
54123119,92,48,44,12,5,7,28,17,11,34,18,16,2,0,2,13,6,7,3,2,1
54123120,30,17,13,3,2,1,17,11,6,7,3,4,0,0,0,2,1,1,1,0,1
54125701,67,29,38,9,3,6,23,10,13,22,11,11,0,0,0,11,3,8,2,2,0
54125702,45,24,21,8,4,4,19,12,7,8,3,5,0,0,0,10,5,5,0,0,0
54125703,22,11,11,3,1,2,4,1,3,7,5,2,0,0,0,6,3,3,2,1,1
54125704,231,118,113,18,6,12,77,53,24,84,36,48,4,0,4,35,16,19,13,7,6
3302560,0,0,0,0,0,0,0,0,0,0,0,0,0,0,0,0,0,0,0,0,0
54127301,188,93,95,19,4,15,70,40,30,71,36,35,4,0,4,21,11,10,3,2,1
1465790,0,0,0,0,0,0,0,0,0,0,0,0,0,0,0,0,0,0,0,0,0
1466090,0,0,0,0,0,0,0,0,0,0,0,0,0,0,0,0,0,0,0,0,0
1466170,0,0,0,0,0,0,0,0,0,0,0,0,0,0,0,0,0,0,0,0,0
54128101,68,33,35,5,0,5,24,15,9,19,7,12,3,2,1,12,5,7,5,4,1
54128102,31,18,13,4,1,3,14,11,3,9,5,4,1,0,1,2,0,2,1,1,0
54128103,90,47,43,18,7,11,33,20,13,25,13,12,5,3,2,8,3,5,1,1,0
54128104,71,34,37,9,4,5,35,21,14,20,7,13,0,0,0,7,2,5,0,0,0
54128105,21,9,12,3,0,3,7,5,2,6,2,4,0,0,0,5,2,3,0,0,0
54128106,169,85,84,16,6,10,74,45,29,53,24,29,7,1,6,13,6,7,6,3,3
54128107,75,43,32,5,3,2,36,25,11,27,11,16,0,0,0,4,2,2,3,2,1
54128108,31,17,14,8,3,5,12,8,4,5,2,3,1,0,1,3,3,0,2,1,1
54128109,78,41,37,13,4,9,46,30,16,15,6,9,0,0,0,4,1,3,0,0,0
54128111,1359,562,797,265,70,195,543,278,265,361,145,216,10,2,8,123,40,83,57,27,30
54128113,108,48,60,32,15,17,40,20,20,22,8,14,2,0,2,6,3,3,6,2,4
54128114,20,8,12,3,1,2,6,4,2,8,3,5,1,0,1,2,0,2,0,0,0
54128115,211,102,109,29,8,21,65,37,28,81,38,43,0,0,0,31,15,16,5,4,1
54128116,723,360,363,108,37,71,222,134,88,212,95,117,15,5,10,88,35,53,78,54,24
54128117,474,230,244,48,15,33,142,86,56,163,78,85,10,2,8,98,43,55,13,6,7
54128118,22,10,12,4,1,3,10,3,7,7,5,2,0,0,0,1,1,0,0,0,0
54128119,940,443,497,93,35,58,287,163,124,353,159,194,18,4,14,156,63,93,33,19,14
54128120,156,86,70,16,8,8,50,37,13,61,29,32,3,1,2,15,7,8,11,4,7
54128121,238,112,126,38,11,27,93,58,35,68,33,35,5,0,5,29,7,22,5,3,2
54128122,1072,489,583,151,52,99,356,178,178,354,174,180,17,7,10,152,56,96,42,22,20
53057301,46,28,18,6,3,3,20,14,6,13,5,8,3,2,1,4,4,0,0,0,0
53057302,70,34,36,10,3,7,26,16,10,24,11,13,3,2,1,7,2,5,0,0,0
53057303,58,28,30,7,3,4,17,14,3,22,6,16,0,0,0,11,4,7,1,1,0
53057304,39,20,19,0,0,0,16,10,6,8,4,4,1,0,1,11,4,7,3,2,1
53057305,52,26,26,6,3,3,19,9,10,17,10,7,2,1,1,7,2,5,1,1,0
53057306,48,26,22,11,4,7,21,13,8,10,7,3,1,0,1,4,2,2,1,0,1
53057307,24,11,13,4,0,4,9,6,3,9,4,5,0,0,0,2,1,1,0,0,0
53057308,44,24,20,7,4,3,16,11,5,14,6,8,0,0,0,5,2,3,2,1,1
53057309,100,53,47,7,0,7,37,24,13,28,16,12,2,1,1,17,8,9,9,4,5
53057310,24,12,12,9,3,6,8,7,1,5,2,3,1,0,1,0,0,0,1,0,1
53057311,40,21,19,9,2,7,13,11,2,13,5,8,0,0,0,5,3,2,0,0,0
53057312,104,54,50,23,8,15,46,30,16,23,11,12,2,0,2,8,3,5,2,2,0
53057313,26,13,13,4,1,3,8,6,2,10,3,7,0,0,0,3,3,0,1,0,1
53057314,57,29,28,13,4,9,20,13,7,16,9,7,0,0,0,4,1,3,4,2,2
53057315,27,15,12,6,2,4,14,9,5,4,3,1,2,0,2,1,1,0,0,0,0
53057316,23,13,10,3,1,2,5,4,1,8,6,2,0,0,0,7,2,5,0,0,0
53057317,16,8,8,4,1,3,9,6,3,1,1,0,1,0,1,1,0,1,0,0,0
53057319,107,46,61,23,2,21,29,18,11,34,18,16,3,0,3,12,3,9,6,5,1
53057320,38,21,17,6,3,3,15,11,4,12,6,6,0,0,0,4,1,3,1,0,1
53057321,28,16,12,5,4,1,8,5,3,11,5,6,0,0,0,2,1,1,2,1,1
53057322,25,13,12,4,3,1,11,8,3,8,1,7,0,0,0,0,0,0,2,1,1
53057323,537,249,288,88,26,62,207,121,86,164,67,97,7,3,4,62,26,36,9,6,3
53057324,830,412,418,114,37,77,308,187,121,264,123,141,8,3,5,94,37,57,42,25,17
53057326,39,20,19,6,1,5,15,11,4,14,7,7,0,0,0,3,0,3,1,1,0
53057327,30,17,13,2,0,2,14,10,4,9,3,6,0,0,0,5,4,1,0,0,0
53057332,27,11,16,5,1,4,10,7,3,6,1,5,0,0,0,6,2,4,0,0,0
53057333,28,15,13,4,2,2,12,6,6,9,5,4,0,0,0,2,1,1,1,1,0
56463001,98,47,51,12,3,9,44,27,17,30,13,17,1,0,1,11,4,7,0,0,0
56463002,39,18,21,7,2,5,8,5,3,16,7,9,0,0,0,8,4,4,0,0,0
56463003,80,41,39,7,1,6,38,25,13,24,7,17,0,0,0,3,1,2,8,7,1
54131101,96,47,49,13,4,9,43,25,18,25,12,13,2,1,1,9,2,7,4,3,1
54131102,20,9,11,6,0,6,3,2,1,7,5,2,0,0,0,4,2,2,0,0,0
54131103,58,30,28,10,6,4,22,14,8,19,7,12,0,0,0,7,3,4,0,0,0
54131104,34,18,16,4,2,2,21,13,8,8,2,6,0,0,0,1,1,0,0,0,0
1523820,0,0,0,0,0,0,0,0,0,0,0,0,0,0,0,0,0,0,0,0,0
54132001,282,140,142,61,21,40,92,50,42,69,38,31,6,3,3,22,8,14,32,20,12
54132002,27,12,15,3,2,1,8,4,4,4,1,3,1,0,1,6,2,4,5,3,2
54133801,1261,620,641,141,63,78,392,224,168,444,203,241,26,6,20,200,92,108,58,32,26
56458301,107,52,55,15,3,12,55,35,20,23,7,16,0,0,0,12,6,6,2,1,1
54137101,74,37,37,7,2,5,29,15,14,27,15,12,1,0,1,7,3,4,3,2,1
54137102,237,114,123,28,9,19,67,41,26,88,42,46,3,1,2,40,14,26,11,7,4
54138901,112,51,61,11,2,9,38,21,17,36,14,22,4,3,1,18,9,9,5,2,3
54138902,20,10,10,2,2,0,10,4,6,7,4,3,0,0,0,0,0,0,1,0,1
54138903,283,139,144,25,6,19,104,57,47,99,49,50,4,2,2,47,22,25,4,3,1
1601482,0,0,0,0,0,0,0,0,0,0,0,0,0,0,0,0,0,0,0,0,0
54139701,33,17,16,6,2,4,15,9,6,7,4,3,1,0,1,3,1,2,1,1,0
54139703,103,56,47,15,4,11,39,27,12,27,13,14,1,0,1,14,7,7,7,5,2
54139704,55,32,23,7,4,3,21,14,7,20,9,11,0,0,0,6,4,2,1,1,0
54139706,173,86,87,24,9,15,62,40,22,45,18,27,4,2,2,20,9,11,18,8,10
54139707,27,13,14,10,4,6,9,6,3,4,0,4,0,0,0,4,3,1,0,0,0
54139708,44,22,22,7,3,4,9,8,1,18,7,11,3,1,2,6,2,4,1,1,0
54139709,67,35,32,7,2,5,28,16,12,18,10,8,3,2,1,9,4,5,2,1,1
54139710,79,58,21,53,44,9,10,6,4,9,5,4,2,1,1,5,2,3,0,0,0
56427302,82,44,38,5,1,4,32,24,8,38,16,22,1,0,1,5,3,2,1,0,1
54141901,19,8,11,1,0,1,5,3,2,8,3,5,1,0,1,2,0,2,2,2,0
54141902,51,25,26,6,3,3,20,12,8,16,5,11,2,0,2,7,5,2,0,0,0
54141903,118,64,54,16,5,11,39,25,14,33,20,13,6,2,4,11,4,7,13,8,5
54141904,74,36,38,7,4,3,28,16,12,23,7,16,3,1,2,6,4,2,7,4,3
54141905,21,9,12,2,1,1,6,2,4,10,5,5,0,0,0,3,1,2,0,0,0
52966401,40,19,21,7,2,5,14,9,5,7,2,5,0,0,0,7,2,5,5,4,1
54142701,64,37,27,11,4,7,36,25,11,9,4,5,0,0,0,6,3,3,2,1,1
54142702,43,22,21,7,3,4,10,8,2,20,9,11,2,0,2,4,2,2,0,0,0
54142703,407,213,194,50,26,24,142,90,52,138,58,80,7,1,6,38,17,21,32,21,11
59842901,361,191,170,33,18,15,131,81,50,113,48,65,6,3,3,51,23,28,27,18,9
54145101,215,107,108,34,20,14,74,43,31,69,25,44,3,1,2,27,12,15,8,6,2
59833001,75,34,41,8,1,7,33,20,13,21,8,13,2,0,2,6,2,4,5,3,2
59833002,14,6,8,0,0,0,3,2,1,5,2,3,0,0,0,6,2,4,0,0,0
51353901,175,82,93,22,9,13,49,31,18,63,25,38,5,2,3,27,11,16,9,4,5
3301910,0,0,0,0,0,0,0,0,0,0,0,0,0,0,0,0,0,0,0,0,0
54150801,137,68,69,18,8,10,50,34,16,43,16,27,2,0,2,16,6,10,8,4,4
54150802,416,219,197,63,27,36,179,106,73,119,56,63,3,1,2,30,14,16,22,15,7
54151601,472,228,244,57,15,42,180,102,78,136,62,74,9,5,4,64,28,36,26,16,10
54151602,69,39,30,11,7,4,23,15,8,22,12,10,1,1,0,11,4,7,1,0,1
54152401,182,89,93,19,10,9,83,48,35,55,21,34,3,0,3,18,9,9,4,1,3
54152402,33,19,14,5,3,2,9,6,3,12,5,7,1,1,0,5,3,2,1,1,0
54152403,102,60,42,25,15,10,40,27,13,27,14,13,3,1,2,4,1,3,3,2,1
54154101,542,279,263,40,17,23,162,95,67,197,94,103,9,6,3,107,51,56,27,16,11
54154102,79,41,38,7,4,3,22,16,6,25,12,13,1,0,1,22,9,13,2,0,2
56436201,19,8,11,2,1,1,8,5,3,8,2,6,0,0,0,0,0,0,1,0,1
56436202,66,34,32,8,2,6,20,11,9,25,12,13,3,2,1,6,5,1,4,2,2
56436203,41,19,22,6,3,3,12,8,4,12,4,8,1,0,1,8,3,5,2,1,1
3302130,0,0,0,0,0,0,0,0,0,0,0,0,0,0,0,0,0,0,0,0,0
54156701,246,116,130,45,19,26,75,45,30,83,35,48,5,1,4,20,8,12,18,8,10
59843701,119,63,56,15,4,11,39,23,16,32,17,15,3,2,1,21,10,11,9,7,2
54158301,287,135,152,38,12,26,80,52,28,106,48,58,2,0,2,54,20,34,7,3,4
54159101,103,57,46,15,7,8,37,24,13,27,11,16,1,1,0,16,9,7,7,5,2
54159102,18,10,8,4,2,2,4,3,1,8,4,4,1,0,1,1,1,0,0,0,0
54159103,87,47,40,11,5,6,34,20,14,28,17,11,1,1,0,9,2,7,4,2,2
54159104,34,18,16,9,6,3,12,9,3,7,0,7,2,0,2,1,1,0,3,2,1
54159105,321,162,159,49,20,29,118,73,45,99,39,60,2,1,1,27,15,12,26,14,12
54159107,119,59,60,14,6,8,60,33,27,21,8,13,4,2,2,14,7,7,6,3,3
54161301,233,119,114,35,13,22,109,66,43,67,28,39,2,0,2,14,7,7,6,5,1
54161302,26,14,12,4,1,3,17,11,6,3,1,2,0,0,0,1,0,1,1,1,0
56432001,111,54,57,16,3,13,49,32,17,29,11,18,1,1,0,9,3,6,7,4,3
51351202,238,118,120,26,9,17,99,60,39,65,27,38,7,3,4,32,12,20,9,7,2
51351203,34,17,17,5,4,1,11,4,7,14,6,8,0,0,0,3,2,1,1,1,0
56433801,67,31,36,6,1,5,33,17,16,19,9,10,2,1,1,4,3,1,3,0,3
56542301,57,25,32,14,4,10,12,8,4,23,9,14,0,0,0,7,4,3,1,0,1
54167203,177,81,96,29,6,23,62,34,28,53,26,27,1,0,1,22,8,14,10,7,3
56504101,102,57,45,18,9,9,44,29,15,23,10,13,2,1,1,12,6,6,3,2,1
54169901,580,288,292,90,30,60,254,151,103,153,65,88,6,0,6,35,16,19,42,26,16
54169902,16,10,6,2,2,0,8,7,1,4,1,3,0,0,0,2,0,2,0,0,0
54169904,27,15,12,8,2,6,11,10,1,7,3,4,0,0,0,1,0,1,0,0,0
54169906,20,13,7,2,2,0,5,3,2,8,5,3,0,0,0,4,2,2,1,1,0
54169907,26,16,10,3,2,1,11,7,4,6,2,4,0,0,0,4,4,0,2,1,1
54169909,17,9,8,7,4,3,8,4,4,0,0,0,1,1,0,0,0,0,1,0,1
54169910,56,29,27,4,2,2,31,17,14,14,7,7,0,0,0,4,1,3,3,2,1
56518101,73,38,35,16,4,12,26,17,9,18,11,7,2,0,2,4,2,2,7,4,3
56518102,37,19,18,4,2,2,20,13,7,8,2,6,1,1,0,3,1,2,1,0,1
56518103,58,30,28,13,5,8,19,9,10,8,6,2,0,0,0,3,1,2,15,9,6
52971101,36,21,15,5,0,5,18,14,4,6,3,3,0,0,0,3,2,1,4,2,2
52971103,21,10,11,4,1,3,8,5,3,7,3,4,1,0,1,1,1,0,0,0,0
54172901,336,165,171,75,25,50,145,91,54,74,30,44,4,1,3,16,7,9,22,11,11
54173701,71,37,34,16,7,9,28,14,14,20,14,6,1,0,1,4,1,3,2,1,1
54173703,230,119,111,62,23,39,79,47,32,32,15,17,2,1,1,12,4,8,43,29,14
54173704,32,18,14,10,6,4,15,8,7,1,1,0,0,0,0,0,0,0,6,3,3
54173705,39,23,16,13,9,4,12,9,3,8,4,4,1,1,0,3,0,3,2,0,2
56520201,60,32,28,8,4,4,26,15,11,17,8,9,0,0,0,7,3,4,2,2,0
54176101,108,58,50,17,6,11,44,31,13,30,13,17,0,0,0,11,5,6,6,3,3
54176103,14,8,6,0,0,0,4,3,1,7,4,3,0,0,0,3,1,2,0,0,0
54176104,39,21,18,3,0,3,10,8,2,19,9,10,0,0,0,7,4,3,0,0,0
54176106,27,14,13,5,1,4,11,7,4,9,5,4,0,0,0,2,1,1,0,0,0
54176107,24,12,12,4,1,3,13,8,5,5,3,2,1,0,1,1,0,1,0,0,0
54177001,475,233,242,62,24,38,201,110,91,146,66,80,6,0,6,34,17,17,26,16,10
56533401,81,39,42,18,5,13,24,15,9,21,11,10,3,0,3,12,7,5,3,1,2
56533402,41,20,21,8,3,5,21,10,11,9,5,4,0,0,0,1,1,0,2,1,1
54181801,484,244,240,55,18,37,180,115,65,157,70,87,8,1,7,45,20,25,39,20,19
54181802,43,21,22,7,2,5,15,11,4,14,4,10,1,1,0,5,2,3,1,1,0
56527001,125,65,60,13,7,6,54,31,23,35,14,21,1,0,1,18,9,9,4,4,0
54183402,35,20,15,9,2,7,19,13,6,6,4,2,0,0,0,0,0,0,1,1,0
54183403,1211,579,632,272,95,177,408,227,181,319,157,162,17,4,13,111,48,63,84,48,36
54183404,21,11,10,2,1,1,7,4,3,10,5,5,0,0,0,1,0,1,1,1,0
54183405,46,26,20,6,3,3,26,16,10,9,3,6,0,0,0,4,4,0,1,0,1
54183407,30,18,12,4,3,1,10,7,3,9,4,5,0,0,0,6,3,3,1,1,0
56544001,75,38,37,11,3,8,29,18,11,25,15,10,0,0,0,8,1,7,2,1,1
56544002,21,14,7,1,1,0,9,7,2,7,3,4,0,0,0,4,3,1,0,0,0
56528801,112,58,54,13,4,9,49,33,16,37,13,24,2,1,1,6,4,2,5,3,2
54187701,803,402,401,106,45,61,373,217,156,214,99,115,7,0,7,59,22,37,44,19,25
56519901,118,62,56,29,11,18,50,26,24,19,13,6,2,0,2,5,3,2,13,9,4
54189301,18,8,10,2,0,2,2,1,1,10,6,4,1,0,1,0,0,0,3,1,2
54189302,634,291,343,173,59,114,226,126,100,146,65,81,9,2,7,44,18,26,36,21,15
54189303,42,26,16,7,3,4,22,15,7,9,7,2,0,0,0,0,0,0,4,1,3
54190701,407,209,198,78,35,43,173,99,74,95,45,50,5,3,2,25,11,14,31,16,15
56538501,83,44,39,10,3,7,31,19,12,26,12,14,1,1,0,9,5,4,6,4,2
56535101,107,55,52,15,7,8,45,27,18,33,14,19,1,1,0,7,2,5,6,4,2
56536901,38,17,21,4,0,4,11,7,4,12,5,7,2,0,2,7,4,3,2,1,1
56536902,19,10,9,2,0,2,13,7,6,2,2,0,0,0,0,1,0,1,1,1,0
54194001,225,114,111,23,11,12,102,61,41,68,30,38,5,2,3,13,4,9,14,6,8
59850001,94,47,47,18,7,11,34,21,13,26,11,15,0,0,0,9,4,5,7,4,3
54196601,362,185,177,37,13,24,173,101,72,97,44,53,1,0,1,36,15,21,18,12,6
54197401,494,257,237,78,37,41,163,101,62,165,78,87,12,6,6,62,27,35,14,8,6
54198201,29,13,16,9,3,6,11,6,5,6,4,2,0,0,0,3,0,3,0,0,0
54198202,136,70,66,24,9,15,44,26,18,33,18,15,1,0,1,18,8,10,16,9,7
54198203,46,24,22,4,2,2,21,11,10,13,4,9,1,1,0,7,6,1,0,0,0
54198204,339,162,177,36,11,25,101,57,44,119,55,64,6,2,4,67,31,36,10,6,4
54198205,14,6,8,0,0,0,3,1,2,5,1,4,1,0,1,5,4,1,0,0,0
54200801,73,37,36,7,3,4,32,19,13,19,12,7,1,0,1,5,1,4,9,2,7
54200802,25,14,11,5,2,3,10,7,3,6,3,3,0,0,0,3,1,2,1,1,0
54201601,549,271,278,77,22,55,232,139,93,156,72,84,6,1,5,42,19,23,36,18,18
54203201,800,412,388,127,56,71,257,146,111,256,127,129,21,8,13,101,53,48,38,22,16
54203202,42,19,23,14,7,7,15,7,8,8,2,6,0,0,0,4,2,2,1,1,0
54204102,1043,513,530,128,53,75,383,219,164,348,159,189,16,7,9,119,52,67,49,23,26
54204104,540,249,291,72,27,45,165,92,73,187,86,101,6,3,3,82,29,53,28,12,16
56537701,73,39,34,11,1,10,28,17,11,26,16,10,0,0,0,4,3,1,4,2,2
54206702,357,181,176,50,18,32,146,87,59,109,53,56,3,1,2,35,14,21,14,8,6
54207501,186,91,95,38,15,23,76,45,31,46,18,28,0,0,0,17,7,10,9,6,3
54207502,53,25,28,5,1,4,18,10,8,17,8,9,3,1,2,4,2,2,6,3,3
56546601,113,56,57,21,5,16,47,27,20,33,18,15,0,0,0,11,5,6,1,1,0
56546602,47,25,22,5,1,4,16,11,5,18,11,7,1,0,1,6,1,5,1,1,0
54210501,716,352,364,87,26,61,261,153,108,241,111,130,9,2,7,76,34,42,42,26,16
54210502,17,9,8,3,1,2,2,2,0,4,2,2,0,0,0,5,2,3,3,2,1
54211301,109,50,59,7,3,4,43,22,21,43,20,23,3,1,2,10,2,8,3,2,1
54211302,339,164,175,44,18,26,126,76,50,108,45,63,4,2,2,31,10,21,26,13,13
54211303,57,30,27,5,1,4,28,18,10,16,7,9,1,1,0,7,3,4,0,0,0
54212101,60,27,33,13,6,7,21,10,11,15,6,9,0,0,0,7,3,4,4,2,2
54212102,584,296,288,83,34,49,246,143,103,165,77,88,7,3,4,54,21,33,29,18,11
54213001,359,179,180,55,21,34,135,84,51,109,43,66,1,1,0,40,21,19,19,9,10
59858502,82,37,45,15,5,10,31,19,12,27,7,20,0,0,0,7,5,2,2,1,1
54216401,4316,2036,2280,555,203,352,1294,714,580,1444,649,795,98,32,66,737,334,403,188,104,84
54216402,191,95,96,16,6,10,50,30,20,67,35,32,5,1,4,48,21,27,5,2,3
54216403,182,99,83,34,15,19,47,30,17,63,31,32,4,0,4,26,16,10,8,7,1
54218101,131,62,69,21,6,15,42,27,15,41,18,23,6,1,5,14,7,7,7,3,4
54219901,477,251,226,65,23,42,168,111,57,149,76,73,3,2,1,75,28,47,17,11,6
54220201,29,15,14,2,1,1,11,7,4,9,4,5,0,0,0,7,3,4,0,0,0
54220202,261,136,125,40,18,22,93,55,38,74,37,37,9,2,7,25,13,12,20,11,9
54220203,465,457,8,199,198,1,195,191,4,61,58,3,2,2,0,7,7,0,1,1,0
54221101,234,120,114,23,8,15,100,64,36,80,34,46,1,0,1,8,4,4,22,10,12
1183202,0,0,0,0,0,0,0,0,0,0,0,0,0,0,0,0,0,0,0,0,0
54424801,54,25,29,6,1,5,24,14,10,15,7,8,0,0,0,8,2,6,1,1,0
54424802,63,31,32,13,7,6,25,13,12,13,6,7,1,0,1,4,2,2,7,3,4
54424803,53,27,26,6,0,6,22,15,7,18,6,12,0,0,0,2,1,1,5,5,0
54424804,560,283,277,76,22,54,217,139,78,177,83,94,16,5,11,51,22,29,23,12,11
54424805,112,60,52,13,4,9,43,29,14,36,17,19,0,0,0,12,6,6,8,4,4
54424806,42,22,20,8,3,5,18,12,6,13,6,7,0,0,0,0,0,0,3,1,2
54222901,229,115,114,37,11,26,80,54,26,72,32,40,4,1,3,25,11,14,11,6,5
54223701,225,114,111,40,16,24,98,62,36,60,25,35,2,0,2,11,4,7,14,7,7
59857702,65,31,34,7,4,3,17,9,8,22,10,12,0,0,0,16,7,9,3,1,2
54225301,175,93,82,26,7,19,72,45,27,53,31,22,0,0,0,17,7,10,7,3,4
56526101,175,89,86,26,9,17,68,44,24,52,20,32,4,1,3,16,9,7,9,6,3
54227001,223,110,113,40,13,27,96,56,40,50,20,30,0,0,0,16,8,8,21,13,8
1369480,0,0,0,0,0,0,0,0,0,0,0,0,0,0,0,0,0,0,0,0,0
54228802,105,54,51,12,2,10,54,34,20,26,10,16,0,0,0,9,4,5,4,4,0
59976001,139,74,65,26,9,17,48,32,16,44,23,21,1,1,0,16,6,10,4,3,1
54165601,743,420,323,97,49,48,199,132,67,212,95,117,7,5,2,81,39,42,147,100,47
54165602,412,182,230,61,21,40,120,54,66,141,64,77,5,3,2,59,30,29,26,10,16
54165603,39,23,16,7,2,5,7,6,1,17,7,10,0,0,0,7,7,0,1,1,0
54165604,775,361,414,94,36,58,210,101,109,288,139,149,12,4,8,128,58,70,43,23,20
54165605,58,30,28,5,3,2,12,8,4,21,10,11,0,0,0,19,8,11,1,1,0
54165606,667,272,395,114,31,83,220,106,114,226,86,140,11,3,8,78,36,42,18,10,8
54165607,1118,499,619,173,60,113,371,200,171,385,151,234,19,6,13,117,57,60,53,25,28
54165609,2657,1237,1420,335,124,211,736,417,319,1024,440,584,37,14,23,426,198,228,99,44,55
54165610,1190,547,643,153,49,104,354,201,153,446,187,259,14,2,12,174,80,94,49,28,21
54165611,27,15,12,7,4,3,9,4,5,4,2,2,1,1,0,4,3,1,2,1,1
54165612,1545,750,795,187,76,111,442,265,177,560,250,310,27,5,22,264,121,143,65,33,32
54165614,2209,1046,1163,256,92,164,631,342,289,789,368,421,45,7,38,416,200,216,72,37,35
54165615,54,26,28,10,5,5,25,10,15,11,7,4,2,0,2,3,2,1,3,2,1
54165616,60,34,26,9,3,6,27,18,9,15,8,7,0,0,0,6,2,4,3,3,0
54165617,208,97,111,33,7,26,72,41,31,67,33,34,1,0,1,24,11,13,11,5,6
54165618,1043,470,573,174,63,111,310,167,143,367,153,214,19,3,16,118,51,67,55,33,22
54165619,40,17,23,3,2,1,13,8,5,12,1,11,2,2,0,8,3,5,2,1,1
54165620,207,109,98,49,20,29,79,47,32,60,28,32,1,1,0,11,8,3,7,5,2
54165621,45,19,26,3,0,3,12,6,6,15,6,9,2,0,2,13,7,6,0,0,0
59852601,63,48,15,59,46,13,4,2,2,0,0,0,0,0,0,0,0,0,0,0,0
59852602,761,386,375,79,24,55,283,158,125,246,125,121,8,1,7,93,43,50,52,35,17
59852604,47,25,22,6,4,2,19,11,8,12,8,4,0,0,0,9,2,7,1,0,1
54232601,33,16,17,4,1,3,14,8,6,5,1,4,0,0,0,6,3,3,4,3,1
54232603,596,294,302,79,35,44,190,119,71,210,88,122,4,3,1,92,41,51,21,8,13
54233401,800,407,393,121,40,81,261,160,101,247,123,124,16,6,10,108,50,58,47,28,19
56550401,98,52,46,14,3,11,37,27,10,26,10,16,4,1,3,11,6,5,6,5,1
54235102,1104,560,544,143,51,92,457,275,182,337,161,176,17,3,14,107,48,59,43,22,21
54235103,107,59,48,22,9,13,33,21,12,37,22,15,1,1,0,5,2,3,9,4,5
54236901,205,115,90,25,8,17,92,66,26,57,25,32,2,1,1,21,10,11,8,5,3
54237702,101,46,55,13,4,9,43,22,21,32,13,19,2,1,1,7,4,3,4,2,2
54237703,116,62,54,22,8,14,48,32,16,36,18,18,1,0,1,7,2,5,2,2,0
54237704,765,372,393,104,40,64,252,158,94,272,116,156,13,2,11,93,40,53,31,16,15
54238502,137,73,64,18,9,9,44,24,20,35,18,17,1,0,1,27,15,12,12,7,5
54241501,28,12,16,4,1,3,10,4,6,8,5,3,2,1,1,4,1,3,0,0,0
54241502,79,40,39,12,5,7,28,18,10,32,14,18,2,1,1,2,1,1,3,1,2
54241504,92,44,48,10,3,7,38,20,18,27,15,12,2,0,2,15,6,9,0,0,0
54241505,44,25,19,8,3,5,16,12,4,10,5,5,1,0,1,5,2,3,4,3,1
54241507,276,146,130,33,13,20,95,58,37,92,46,46,2,1,1,32,16,16,22,12,10
54241508,48,24,24,3,1,2,23,11,12,14,7,7,0,0,0,5,3,2,3,2,1
56540701,62,32,30,8,5,3,26,14,12,14,8,6,0,0,0,6,2,4,8,3,5
54243101,268,139,129,43,12,31,118,73,45,71,33,38,1,1,0,18,9,9,17,11,6
54245801,248,125,123,52,21,31,102,65,37,71,29,42,1,0,1,12,4,8,10,6,4
54245802,47,23,24,11,1,10,21,15,6,12,5,7,0,0,0,2,2,0,1,0,1
54246601,94,50,44,11,3,8,34,24,10,33,15,18,0,0,0,11,5,6,5,3,2
54246602,402,208,194,47,18,29,115,73,42,143,72,71,8,0,8,68,34,34,21,11,10
54247401,427,213,214,57,26,31,186,107,79,118,44,74,5,1,4,37,18,19,24,17,7
59849601,38,20,18,13,6,7,8,4,4,11,7,4,1,1,0,2,0,2,3,2,1
59849602,26,12,14,0,0,0,12,6,6,11,5,6,0,0,0,3,1,2,0,0,0
59849603,66,33,33,12,5,7,26,16,10,17,8,9,1,1,0,8,2,6,2,1,1
56532601,37,21,16,4,1,3,17,13,4,9,4,5,1,0,1,3,1,2,3,2,1
54250401,137,68,69,17,7,10,55,31,24,44,20,24,2,0,2,11,5,6,8,5,3
54251201,78,44,34,4,3,1,38,26,12,27,12,15,3,1,2,4,1,3,2,1,1
54251202,347,161,186,50,12,38,134,86,48,105,41,64,6,2,4,39,13,26,13,7,6
56551201,61,32,29,11,4,7,33,21,12,11,3,8,0,0,0,3,1,2,3,3,0
54256303,224,112,112,29,7,22,77,48,29,90,43,47,1,1,0,20,10,10,7,3,4
54256304,24,13,11,2,2,0,7,6,1,8,2,6,0,0,0,6,3,3,1,0,1
1783490,0,0,0,0,0,0,0,0,0,0,0,0,0,0,0,0,0,0,0,0,0
52969901,51,22,29,11,1,10,28,15,13,6,4,2,1,0,1,2,1,1,3,1,2
56513001,82,40,42,9,2,7,35,21,14,27,11,16,0,0,0,2,1,1,9,5,4
54259801,263,135,128,44,19,25,106,68,38,73,22,51,1,1,0,26,15,11,13,10,3
54260101,299,163,136,73,48,25,110,69,41,73,31,42,2,0,2,25,9,16,16,6,10
54261001,202,103,99,21,10,11,59,38,21,81,34,47,2,2,0,25,11,14,14,8,6
54261003,33,18,15,4,2,2,11,6,5,9,5,4,0,0,0,4,1,3,5,4,1
54261004,271,131,140,27,11,16,104,58,46,92,38,54,1,0,1,39,19,20,8,5,3
59851801,22,11,11,5,2,3,4,3,1,7,4,3,0,0,0,4,2,2,2,0,2
59851802,67,33,34,19,6,13,26,15,11,10,4,6,0,0,0,1,1,0,11,7,4
53582601,490,243,247,52,29,23,146,82,64,168,79,89,6,3,3,96,41,55,22,9,13
53582602,252,124,128,13,7,6,28,19,9,76,37,39,10,3,7,123,57,66,2,1,1
53615601,91,45,46,18,6,12,41,25,16,22,11,11,1,0,1,5,0,5,4,3,1
54427201,1266,599,667,119,56,63,305,164,141,450,199,251,26,6,20,343,164,179,23,10,13
1684322,0,0,0,0,0,0,0,0,0,0,0,0,0,0,0,0,0,0,0,0,0
54428101,2318,1088,1230,302,110,192,821,449,372,700,303,397,28,9,19,356,159,197,111,58,53
54428102,346,172,174,49,19,30,124,71,53,115,54,61,2,2,0,48,20,28,8,6,2
54428103,34,18,16,4,3,1,14,8,6,7,3,4,1,1,0,8,3,5,0,0,0
54428104,117,56,61,22,8,14,50,30,20,24,10,14,3,0,3,10,4,6,8,4,4
54428105,200,99,101,27,5,22,69,48,21,61,27,34,5,2,3,31,15,16,7,2,5
54428106,82,43,39,20,11,9,16,8,8,24,14,10,3,3,0,15,5,10,4,2,2
54428107,81,37,44,11,4,7,25,14,11,32,13,19,0,0,0,9,3,6,4,3,1
54428108,138,72,66,17,8,9,61,37,24,43,19,24,1,1,0,15,7,8,1,0,1
53568101,19,12,7,1,1,0,9,7,2,8,4,4,0,0,0,1,0,1,0,0,0
53568102,74,37,37,9,3,6,31,18,13,27,11,16,0,0,0,5,4,1,2,1,1
53568103,31,16,15,1,0,1,11,8,3,9,4,5,1,0,1,6,2,4,3,2,1
54429901,759,371,388,94,39,55,191,115,76,254,113,141,11,3,8,185,87,98,24,14,10
54429902,223,102,121,20,8,12,29,16,13,88,37,51,3,1,2,78,38,40,5,2,3
54429903,28,11,17,2,2,0,13,7,6,9,1,8,1,0,1,2,1,1,1,0,1
54429904,453,223,230,75,30,45,129,76,53,130,67,63,14,8,6,80,29,51,25,13,12
54429905,25,12,13,2,1,1,12,6,6,5,2,3,0,0,0,4,2,2,2,1,1
54429906,19,11,8,1,1,0,12,7,5,2,1,1,0,0,0,4,2,2,0,0,0
54429907,89,42,47,12,5,7,15,10,5,33,12,21,6,4,2,21,10,11,2,1,1
53540101,177,84,93,20,10,10,77,38,39,49,24,25,5,2,3,22,9,13,4,1,3
55149001,226,111,115,25,14,11,75,38,37,73,35,38,2,1,1,39,16,23,12,7,5
53605901,41,22,19,2,1,1,25,15,10,9,5,4,1,0,1,4,1,3,0,0,0
53605902,101,53,48,14,5,9,31,20,11,28,13,15,1,0,1,21,10,11,6,5,1
53554101,160,75,85,21,7,14,42,25,17,48,19,29,3,0,3,41,21,20,5,3,2
53554102,52,23,29,0,0,0,24,14,10,14,2,12,0,0,0,12,6,6,2,1,1
53554103,26,15,11,6,2,4,10,7,3,8,5,3,0,0,0,1,0,1,1,1,0
54432901,312,162,150,34,19,15,117,67,50,97,49,48,1,0,1,50,19,31,13,8,5
59897601,48,22,26,9,4,5,21,13,8,6,2,4,0,0,0,11,3,8,1,0,1
0219890,0,0,0,0,0,0,0,0,0,0,0,0,0,0,0,0,0,0,0,0,0
0220120,0,0,0,0,0,0,0,0,0,0,0,0,0,0,0,0,0,0,0,0,0
0221010,0,0,0,0,0,0,0,0,0,0,0,0,0,0,0,0,0,0,0,0,0
0221360,0,0,0,0,0,0,0,0,0,0,0,0,0,0,0,0,0,0,0,0,0
0221610,0,0,0,0,0,0,0,0,0,0,0,0,0,0,0,0,0,0,0,0,0
0222332,0,0,0,0,0,0,0,0,0,0,0,0,0,0,0,0,0,0,0,0,0
0225270,0,0,0,0,0,0,0,0,0,0,0,0,0,0,0,0,0,0,0,0,0
3311800,0,0,0,0,0,0,0,0,0,0,0,0,0,0,0,0,0,0,0,0,0
54425601,2661,1562,1099,281,151,130,508,324,184,532,265,267,39,23,16,385,177,208,916,622,294
54425603,162,78,84,18,8,10,35,15,20,67,35,32,3,2,1,36,17,19,3,1,2
54425604,869,407,462,90,33,57,187,104,83,281,122,159,15,7,8,229,108,121,67,33,34
54425605,681,304,377,47,25,22,83,39,44,202,89,113,22,7,15,297,130,167,30,14,16
54425606,475,235,240,51,25,26,112,59,53,164,75,89,12,5,7,123,64,59,13,7,6
54425607,206,104,102,16,6,10,65,42,23,74,37,37,4,1,3,42,17,25,5,1,4
54425608,8106,3638,4468,902,290,612,2317,1172,1145,2910,1241,1669,141,59,82,1474,712,762,362,164,198
54425609,12509,5798,6711,1652,679,973,3591,1845,1746,3934,1685,2249,171,77,94,2365,1072,1293,796,440,356
54425610,458,222,236,24,10,14,51,27,24,139,61,78,8,4,4,224,114,110,12,6,6
54425611,4088,1913,2175,475,193,282,1280,667,613,1326,568,758,57,24,33,761,353,408,189,108,81
54425612,20,11,9,2,2,0,4,2,2,8,5,3,0,0,0,3,1,2,3,1,2
54425613,144,69,75,6,4,2,27,12,15,60,28,32,6,3,3,41,20,21,4,2,2
54425614,1269,619,650,132,48,84,413,237,176,417,183,234,21,8,13,251,126,125,35,17,18
54425615,887,420,467,75,29,46,152,78,74,287,128,159,17,6,11,339,171,168,17,8,9
54425616,671,335,336,57,25,32,60,34,26,199,93,106,16,9,7,324,164,160,15,10,5
54425617,2675,1311,1364,299,132,167,495,274,221,834,406,428,69,30,39,775,355,420,203,114,89
54425618,3357,1656,1701,411,175,236,703,396,307,1054,488,566,68,20,48,770,333,437,351,244,107
54425619,4522,2070,2452,456,175,281,1184,598,586,1620,727,893,82,38,44,972,415,557,208,117,91
54425620,130,63,67,13,4,9,25,10,15,54,27,27,1,1,0,37,21,16,0,0,0
54425621,3646,1736,1910,337,141,196,917,480,437,1310,590,720,70,27,43,837,385,452,175,113,62
54425623,1653,823,830,184,75,109,488,279,209,579,272,307,24,16,8,337,159,178,41,22,19
54425624,2949,1263,1686,320,96,224,763,383,380,1003,414,589,52,24,28,679,277,402,132,69,63
54425625,1906,860,1046,184,69,115,438,208,230,680,311,369,35,14,21,470,209,261,99,49,50
54425627,470,239,231,57,25,32,152,89,63,159,76,83,6,3,3,81,40,41,15,6,9
54425628,467,261,206,69,34,35,141,95,46,144,71,73,10,5,5,83,42,41,20,14,6
54425629,454,233,221,63,24,39,125,75,50,168,86,82,10,5,5,61,26,35,27,17,10
54425630,107,58,49,38,18,20,27,16,11,16,12,4,1,0,1,7,5,2,18,7,11
54425631,91,82,9,9,8,1,5,4,1,17,16,1,11,11,0,13,11,2,36,32,4
54425632,293,144,149,32,11,21,68,41,27,113,50,63,2,0,2,72,38,34,6,4,2
54425633,37,19,18,0,0,0,5,4,1,13,6,7,2,1,1,17,8,9,0,0,0
54425634,662,315,347,75,31,44,194,113,81,219,95,124,15,7,8,129,53,76,30,16,14
54425635,46,26,20,6,5,1,8,7,1,15,8,7,1,0,1,16,6,10,0,0,0
54425636,395,186,209,40,12,28,112,61,51,121,49,72,8,5,3,90,46,44,24,13,11
54425637,120,61,59,19,8,11,36,21,15,42,21,21,2,1,1,19,9,10,2,1,1
54425639,2249,1074,1175,231,90,141,568,305,263,798,385,413,49,26,23,525,228,297,78,40,38
54425640,163,91,72,24,13,11,48,29,19,42,23,19,4,2,2,39,20,19,6,4,2
54425641,2791,1336,1455,274,108,166,809,443,366,955,432,523,47,22,25,599,274,325,107,57,50
54425642,473,229,244,55,32,23,43,25,18,162,72,90,7,1,6,193,92,101,13,7,6
54425643,83,41,42,18,10,8,30,16,14,20,8,12,1,1,0,8,2,6,6,4,2
54425644,242,118,124,26,15,11,34,18,16,75,34,41,6,1,5,94,46,48,7,4,3
54425645,376,183,193,39,16,23,113,67,46,130,60,70,8,2,6,78,34,44,8,4,4
54425646,314,172,142,44,20,24,76,50,26,81,42,39,15,5,10,41,17,24,57,38,19
54425647,58,28,30,9,5,4,12,7,5,23,12,11,0,0,0,13,4,9,1,0,1
54425649,2106,996,1110,166,70,96,469,265,204,769,345,424,36,14,22,580,255,325,86,47,39
54425650,313,150,163,34,18,16,45,23,22,100,48,52,4,2,2,127,58,69,3,1,2
54425651,1430,668,762,156,65,91,340,172,168,516,236,280,21,11,10,353,157,196,44,27,17
54425653,726,372,354,83,32,51,236,142,94,259,135,124,9,2,7,129,56,73,10,5,5
54425654,277,143,134,21,10,11,47,32,15,79,41,38,8,4,4,119,54,65,3,2,1
54425655,2158,1058,1100,278,138,140,497,275,222,686,328,358,52,28,24,518,214,304,127,75,52
54425656,219,108,111,11,7,4,25,11,14,65,28,37,4,1,3,97,48,49,17,13,4
54425657,78,38,40,6,3,3,16,10,6,23,9,14,4,3,1,28,12,16,1,1,0
54425658,256,207,49,95,77,18,96,87,9,41,30,11,3,2,1,18,10,8,3,1,2
54425659,28,11,17,4,0,4,9,5,4,11,5,6,0,0,0,1,0,1,3,1,2
54425660,40,21,19,7,4,3,9,4,5,12,7,5,1,0,1,11,6,5,0,0,0
54425662,2518,1161,1357,284,94,190,602,313,289,839,374,465,41,21,20,604,281,323,148,78,70
54425663,882,424,458,80,39,41,192,105,87,317,151,166,21,7,14,253,118,135,19,4,15
54425664,306,152,154,30,11,19,58,33,25,122,62,60,4,1,3,87,43,44,5,2,3
54425665,2813,1322,1491,287,116,171,667,363,304,1002,441,561,54,19,35,722,333,389,81,50,31
54425666,3076,1430,1646,293,127,166,691,355,336,1054,457,597,69,30,39,845,387,458,124,74,50
55150301,26,11,15,1,0,1,14,8,6,5,1,4,1,0,1,2,0,2,3,2,1
55150302,84,47,37,11,4,7,40,24,16,17,8,9,2,0,2,11,8,3,3,3,0
55150303,76,27,49,22,7,15,23,11,12,9,1,8,1,0,1,8,5,3,13,3,10
55150304,44,21,23,6,2,4,14,8,6,15,6,9,0,0,0,2,1,1,7,4,3
53524901,272,138,134,27,9,18,85,56,29,90,43,47,3,1,2,55,22,33,12,7,5
54436101,59,27,32,5,2,3,28,16,12,20,9,11,0,0,0,5,0,5,1,0,1
54436102,145,73,72,12,4,8,50,24,26,53,29,24,1,0,1,22,9,13,7,7,0
54436103,56,27,29,5,2,3,22,11,11,21,10,11,2,1,1,5,2,3,1,1,0
54436104,72,36,36,12,6,6,29,16,13,17,9,8,0,0,0,11,2,9,3,3,0
54436105,49,31,18,6,4,2,23,15,8,15,11,4,1,0,1,3,1,2,1,0,1
54436106,94,43,51,8,3,5,41,24,17,29,9,20,1,1,0,10,4,6,5,2,3
53520601,2350,1092,1258,298,103,195,622,334,288,769,342,427,30,9,21,529,254,275,102,50,52
53619901,91,45,46,17,6,11,50,30,20,12,3,9,0,0,0,5,1,4,7,5,2
54438801,997,494,503,114,50,64,380,215,165,306,143,163,13,5,8,140,51,89,44,30,14
54438802,31,17,14,3,1,2,9,6,3,10,5,5,0,0,0,6,4,2,3,1,2
54438803,44,24,20,5,1,4,19,11,8,9,5,4,0,0,0,7,4,3,4,3,1
54438804,31,18,13,2,1,1,12,7,5,12,8,4,1,0,1,4,2,2,0,0,0
54438806,40,20,20,7,3,4,15,9,6,17,7,10,0,0,0,1,1,0,0,0,0
54438807,82,39,43,10,4,6,37,19,18,27,14,13,0,0,0,7,2,5,1,0,1
54438808,83,44,39,11,2,9,39,24,15,24,14,10,0,0,0,8,4,4,1,0,1
54438809,55,21,34,14,6,8,19,9,10,15,3,12,0,0,0,6,3,3,1,0,1
53566401,262,125,137,31,10,21,55,34,21,98,44,54,5,1,4,66,33,33,7,3,4
54440001,39,19,20,8,3,5,16,8,8,9,6,3,0,0,0,5,2,3,1,0,1
54440002,32,14,18,1,0,1,12,5,7,10,5,5,1,0,1,6,3,3,2,1,1
54440003,85,45,40,8,3,5,36,20,16,27,13,14,2,2,0,10,6,4,2,1,1
54440004,244,123,121,29,9,20,95,63,32,82,34,48,1,1,0,26,11,15,11,5,6
53595801,239,115,124,22,7,15,83,51,32,81,35,46,2,1,1,40,18,22,11,3,8
54937101,142,71,71,22,7,15,56,37,19,39,15,24,2,1,1,15,8,7,8,3,5
54937102,50,28,22,4,1,3,16,13,3,20,9,11,0,0,0,5,2,3,5,3,2
54937103,22,9,13,2,0,2,11,4,7,6,2,4,0,0,0,2,2,0,1,1,0
54442601,137,68,69,16,4,12,54,36,18,40,18,22,4,0,4,18,7,11,5,3,2
54442602,555,272,283,80,26,54,189,117,72,172,78,94,7,5,2,75,31,44,32,15,17
54442604,131,65,66,18,9,9,53,30,23,37,19,18,1,0,1,17,6,11,5,1,4
54442605,128,62,66,23,9,14,63,33,30,32,17,15,1,0,1,5,0,5,4,3,1
54442606,102,59,43,17,6,11,37,27,10,25,14,11,1,0,1,12,6,6,10,6,4
54442608,61,29,32,5,3,2,22,10,12,21,9,12,1,1,0,7,3,4,5,3,2
54442609,58,31,27,11,4,7,26,17,9,9,5,4,5,3,2,5,2,3,2,0,2
54442610,88,45,43,25,12,13,38,21,17,13,6,7,3,0,3,3,2,1,6,4,2
54442611,60,25,35,8,3,5,26,14,12,16,4,12,2,0,2,6,2,4,2,2,0
53578801,170,93,77,17,7,10,56,37,19,57,27,30,2,1,1,29,17,12,9,4,5
53578802,100,51,49,9,4,5,22,17,5,39,16,23,4,3,1,22,8,14,4,3,1
53578803,84,43,41,9,6,3,20,11,9,31,14,17,2,1,1,20,10,10,2,1,1
54444201,589,296,293,66,25,41,182,104,78,203,103,100,10,4,6,109,49,60,19,11,8
54444202,112,53,59,16,8,8,43,21,22,43,17,26,0,0,0,7,4,3,3,3,0
54444203,288,149,139,28,14,14,91,53,38,97,50,47,4,3,1,64,27,37,4,2,2
54444204,92,50,42,9,6,3,45,25,20,19,12,7,1,0,1,13,5,8,5,2,3
54444205,264,134,130,29,13,16,61,37,24,84,44,40,4,1,3,77,34,43,9,5,4
54445101,223,111,112,25,11,14,87,49,38,75,30,45,4,3,1,25,12,13,7,6,1
54445102,41,19,22,4,1,3,15,8,7,17,10,7,0,0,0,5,0,5,0,0,0
54445104,30,17,13,7,3,4,11,8,3,2,1,1,0,0,0,5,2,3,5,3,2
53557501,94,53,41,8,4,4,36,26,10,28,13,15,3,1,2,13,5,8,6,4,2
53607501,142,72,70,20,7,13,56,29,27,42,23,19,1,0,1,13,4,9,10,9,1
59859301,145,77,68,11,5,6,54,34,20,44,20,24,2,1,1,29,14,15,5,3,2
59859302,18,9,9,3,2,1,7,4,3,8,3,5,0,0,0,0,0,0,0,0,0
53585101,127,59,68,15,5,10,40,24,16,42,16,26,5,2,3,20,9,11,5,3,2
59860701,216,107,109,22,14,8,19,8,11,67,26,41,3,2,1,100,54,46,5,3,2
59860702,134,70,64,18,7,11,35,21,14,38,19,19,2,1,1,38,19,19,3,3,0
54448501,212,103,109,25,11,14,77,47,30,62,26,36,4,0,4,34,15,19,10,4,6
54448502,22,13,9,8,3,5,9,6,3,4,4,0,1,0,1,0,0,0,0,0,0
54448503,1339,651,688,160,81,79,324,167,157,439,206,233,23,12,11,358,164,194,35,21,14
54448504,17,9,8,3,3,0,5,3,2,8,2,6,0,0,0,1,1,0,0,0,0
54448505,38,21,17,6,2,4,18,13,5,8,5,3,0,0,0,4,0,4,2,1,1
54448506,99,55,44,14,7,7,20,11,9,40,24,16,2,0,2,19,11,8,4,2,2
54448507,2097,1014,1083,228,97,131,492,277,215,679,312,367,43,18,25,525,235,290,130,75,55
54448508,173,83,90,26,8,18,75,43,32,54,21,33,4,2,2,13,9,4,1,0,1
54448509,35,19,16,4,1,3,12,8,4,13,7,6,0,0,0,6,3,3,0,0,0
54448510,48,21,27,7,2,5,14,8,6,20,9,11,0,0,0,5,1,4,2,1,1
54448512,113,53,60,22,9,13,43,22,21,28,11,17,2,1,1,12,5,7,6,5,1
54448513,23,15,8,0,0,0,7,5,2,6,5,1,0,0,0,7,3,4,3,2,1
54448514,33,13,20,6,2,4,11,5,6,9,2,7,0,0,0,7,4,3,0,0,0
54448515,144,75,69,20,7,13,66,43,23,38,16,22,1,1,0,12,4,8,7,4,3
54449301,62,29,33,8,3,5,23,13,10,14,5,9,1,1,0,13,6,7,3,1,2
54449302,136,68,68,8,2,6,34,23,11,49,26,23,6,3,3,29,9,20,10,5,5
54449303,417,207,210,51,23,28,110,69,41,137,57,80,8,3,5,89,42,47,22,13,9
54449304,69,35,34,11,5,6,28,16,12,19,8,11,0,0,0,5,2,3,6,4,2
54449305,616,304,312,59,28,31,146,88,58,215,99,116,12,5,7,166,73,93,18,11,7
53610501,28,14,14,3,1,2,9,5,4,10,5,5,1,1,0,5,2,3,0,0,0
53610502,28,11,17,5,1,4,9,3,6,8,5,3,0,0,0,6,2,4,0,0,0
53610503,39,17,22,6,2,4,16,8,8,9,4,5,0,0,0,8,3,5,0,0,0
0442291,0,0,0,0,0,0,0,0,0,0,0,0,0,0,0,0,0,0,0,0,0
54451501,34,18,16,7,3,4,10,6,4,12,8,4,1,0,1,4,1,3,0,0,0
54451502,55,33,22,6,3,3,24,16,8,15,9,6,1,0,1,6,3,3,3,2,1
54451503,55,11,44,18,1,17,22,5,17,5,1,4,1,1,0,5,2,3,4,1,3
54451504,32,14,18,1,0,1,6,3,3,10,5,5,1,0,1,14,6,8,0,0,0
54451505,700,358,342,145,55,90,299,173,126,155,77,78,7,3,4,40,19,21,54,31,23
54451506,27,17,10,7,4,3,11,9,2,6,2,4,0,0,0,1,1,0,2,1,1
54451507,20,11,9,1,1,0,5,3,2,8,3,5,0,0,0,4,3,1,2,1,1
54451509,41,25,16,13,7,6,17,11,6,4,3,1,0,0,0,0,0,0,7,4,3
54451512,40,22,18,10,2,8,14,12,2,11,5,6,1,0,1,4,3,1,0,0,0
54451513,62,36,26,15,5,10,31,21,10,14,8,6,0,0,0,1,1,0,1,1,0
54451514,20,13,7,3,1,2,5,3,2,8,6,2,0,0,0,2,1,1,2,2,0
54451519,171,89,82,33,14,19,86,52,34,23,8,15,1,1,0,17,6,11,11,8,3
54452301,229,117,112,25,7,18,93,57,36,62,32,30,2,1,1,36,13,23,11,7,4
54452302,499,253,246,51,23,28,168,99,69,134,59,75,16,9,7,109,53,56,21,10,11
53552402,144,71,73,21,7,14,60,34,26,45,25,20,1,0,1,11,2,9,6,3,3
53546001,81,39,42,9,3,6,21,11,10,33,17,16,0,0,0,17,8,9,1,0,1
54454001,16,9,7,2,1,1,6,4,2,5,3,2,0,0,0,3,1,2,0,0,0
54454002,23,14,9,1,0,1,4,2,2,8,5,3,0,0,0,6,4,2,4,3,1
54454005,60,33,27,11,6,5,29,21,8,13,5,8,0,0,0,3,0,3,4,1,3
54454006,54,25,29,8,3,5,22,10,12,16,8,8,0,0,0,4,2,2,4,2,2
54455801,1219,606,613,120,53,67,280,162,118,450,215,235,16,9,7,307,141,166,46,26,20
54455802,42,23,19,8,5,3,14,9,5,8,4,4,0,0,0,6,3,3,6,2,4
53575301,492,256,236,53,24,29,163,110,53,155,58,97,7,3,4,95,48,47,19,13,6
53561301,106,51,55,11,3,8,49,30,19,30,10,20,4,2,2,7,2,5,5,4,1
53590701,48,24,24,3,1,2,15,7,8,16,8,8,0,0,0,8,4,4,6,4,2
53590702,168,81,87,25,7,18,51,35,16,53,26,27,2,1,1,30,9,21,7,3,4
54459102,76,40,36,7,2,5,33,22,11,24,9,15,1,0,1,11,7,4,0,0,0
54459104,83,38,45,12,3,9,43,23,20,21,8,13,1,1,0,5,2,3,1,1,0
54459105,326,166,160,36,12,24,131,82,49,109,52,57,7,2,5,32,13,19,11,5,6
54459106,103,62,41,8,5,3,48,33,15,30,14,16,0,0,0,13,6,7,4,4,0
54461201,171,82,89,19,5,14,72,44,28,56,25,31,0,0,0,23,8,15,1,0,1
54461202,147,79,68,23,14,9,63,36,27,37,18,19,0,0,0,14,5,9,10,6,4
54463901,418,213,205,55,19,36,163,95,68,119,55,64,11,5,6,51,26,25,19,13,6
54463902,41,16,25,5,1,4,16,9,7,14,4,10,2,1,1,4,1,3,0,0,0
54463903,129,66,63,18,4,14,64,38,26,28,16,12,4,1,3,13,6,7,2,1,1
54463904,37,19,18,1,0,1,17,11,6,11,4,7,0,0,0,7,3,4,1,1,0
54463905,75,34,41,13,2,11,30,15,15,20,11,9,0,0,0,3,3,0,9,3,6
54463907,34,15,19,2,0,2,14,9,5,8,3,5,0,0,0,9,2,7,1,1,0
54463908,94,49,45,14,2,12,42,28,14,24,10,14,2,1,1,9,5,4,3,3,0
54463909,20,9,11,3,1,2,3,3,0,3,0,3,0,0,0,9,4,5,2,1,1
53576101,44,24,20,6,4,2,11,7,4,13,5,8,2,2,0,10,4,6,2,2,0
53576102,283,150,133,28,10,18,64,40,24,100,49,51,11,5,6,59,30,29,21,16,5
53598201,186,92,94,46,11,35,86,58,28,32,15,17,1,0,1,10,1,9,11,7,4
53598202,15,8,7,2,0,2,7,5,2,4,2,2,0,0,0,2,1,1,0,0,0
53598203,59,30,29,12,4,8,33,20,13,10,4,6,0,0,0,1,0,1,3,2,1
54466301,35,17,18,4,2,2,12,9,3,10,3,7,0,0,0,8,3,5,1,0,1
54466302,45,20,25,4,1,3,13,8,5,20,10,10,2,0,2,6,1,5,0,0,0
54466303,20,11,9,2,1,1,3,1,2,10,7,3,0,0,0,4,1,3,1,1,0
54466304,42,25,17,7,4,3,17,11,6,13,8,5,0,0,0,5,2,3,0,0,0
54466305,75,36,39,14,7,7,18,11,7,24,7,17,1,0,1,18,11,7,0,0,0
54466306,1435,706,729,170,69,101,386,208,178,515,258,257,25,12,13,287,133,154,52,26,26
54466307,20,13,7,1,0,1,8,6,2,5,2,3,0,0,0,4,3,1,2,2,0
54466308,24,11,13,3,0,3,8,5,3,5,3,2,0,0,0,8,3,5,0,0,0
54466310,99,45,54,13,3,10,35,19,16,24,8,16,1,1,0,15,8,7,11,6,5
54466311,35,19,16,1,0,1,7,4,3,12,9,3,1,0,1,11,5,6,3,1,2
54466312,108,50,58,16,5,11,30,17,13,32,17,15,0,0,0,19,6,13,11,5,6
54466313,32,20,12,2,2,0,7,4,3,10,5,5,0,0,0,9,5,4,4,4,0
54466314,29,14,15,1,1,0,8,2,6,8,4,4,2,2,0,10,5,5,0,0,0
53587702,150,70,80,10,3,7,59,33,26,45,21,24,4,0,4,27,10,17,5,3,2
53587703,65,32,33,6,2,4,23,14,9,26,10,16,0,0,0,8,5,3,2,1,1
53587705,40,24,16,4,1,3,18,13,5,11,8,3,1,0,1,4,1,3,2,1,1
53587706,28,16,12,3,1,2,16,11,5,7,4,3,0,0,0,2,0,2,0,0,0
52972901,103,48,55,13,3,10,32,19,13,37,18,19,5,2,3,14,5,9,2,1,1
54473601,89,48,41,15,9,6,32,19,13,23,13,10,2,2,0,16,5,11,1,0,1
54473602,1537,751,786,214,78,136,463,277,186,461,203,258,28,7,21,296,145,151,75,41,34
54473604,111,58,53,14,8,6,50,30,20,25,12,13,3,0,3,15,7,8,4,1,3
54473605,74,40,34,7,3,4,13,10,3,25,12,13,7,4,3,22,11,11,0,0,0
54473606,158,80,78,21,10,11,64,40,24,53,19,34,2,0,2,17,10,7,1,1,0
54474401,45,21,24,8,2,6,24,14,10,7,2,5,1,0,1,5,3,2,0,0,0
54474402,122,63,59,15,6,9,36,23,13,38,14,24,4,2,2,18,9,9,11,9,2
54474403,68,38,30,12,6,6,23,14,9,19,12,7,3,1,2,8,3,5,3,2,1
54474404,94,50,44,8,5,3,36,18,18,24,10,14,2,1,1,16,12,4,8,4,4
53580001,69,33,36,10,4,6,19,12,7,25,12,13,0,0,0,12,4,8,3,1,2
53580002,170,91,79,49,23,26,58,33,25,34,22,12,2,0,2,24,11,13,3,2,1
53580003,260,130,130,21,11,10,68,40,28,86,39,47,9,4,5,66,30,36,10,6,4
54476101,143,73,70,16,5,11,38,22,16,44,22,22,3,1,2,35,18,17,7,5,2
54476102,375,186,189,50,17,33,127,79,48,115,51,64,7,4,3,61,26,35,15,9,6
54477901,26,12,14,3,3,0,8,5,3,7,2,5,0,0,0,6,1,5,2,1,1
54477902,211,105,106,33,13,20,90,56,34,48,14,34,3,1,2,25,12,13,12,9,3
54477903,41,17,24,7,2,5,13,6,7,19,7,12,0,0,0,2,2,0,0,0,0
54477904,42,23,19,10,4,6,3,3,0,19,11,8,0,0,0,8,3,5,2,2,0
54477905,102,48,54,13,3,10,37,21,16,34,17,17,1,1,0,13,5,8,4,1,3
54477906,83,45,38,13,5,8,41,28,13,18,9,9,0,0,0,10,3,7,1,0,1
54477907,57,32,25,5,3,2,24,16,8,16,7,9,0,0,0,12,6,6,0,0,0
54477908,77,38,39,11,3,8,29,16,13,25,14,11,1,0,1,8,3,5,3,2,1
54477909,35,15,20,7,2,5,11,6,5,11,6,5,1,0,1,4,1,3,1,0,1
54477910,2739,1338,1401,327,128,199,922,539,383,845,388,457,42,17,25,461,188,273,142,78,64
54477912,84,45,39,6,1,5,40,28,12,26,11,15,1,0,1,11,5,6,0,0,0
54477913,34,18,16,3,1,2,13,8,5,7,5,2,2,1,1,8,2,6,1,1,0
54477915,60,31,29,5,3,2,21,12,9,21,8,13,1,1,0,7,3,4,5,4,1
54477916,104,50,54,15,7,8,37,24,13,33,14,19,3,1,2,14,4,10,2,0,2
54479501,90,40,50,8,4,4,26,12,14,33,11,22,0,0,0,19,10,9,4,3,1
54479502,922,453,469,101,46,55,188,97,91,317,148,169,18,6,12,247,118,129,51,38,13
54479503,492,247,245,55,21,34,114,71,43,149,60,89,14,2,12,135,71,64,25,22,3
54479504,492,256,236,55,29,26,104,65,39,157,78,79,5,2,3,143,63,80,28,19,9
54479505,158,79,79,14,4,10,23,11,12,56,26,30,3,2,1,57,33,24,5,3,2
54480901,470,254,216,75,37,38,180,108,72,143,71,72,5,3,2,42,19,23,25,16,9
54480902,146,76,70,25,10,15,56,38,18,48,20,28,2,0,2,9,7,2,6,1,5
53594001,180,100,80,27,13,14,71,45,26,54,25,29,2,0,2,11,5,6,15,12,3
54481701,190,104,86,24,13,11,98,58,40,38,17,21,1,0,1,16,8,8,13,8,5
54481702,44,23,21,5,2,3,19,12,7,8,3,5,1,0,1,9,5,4,2,1,1
54481703,77,43,34,9,6,3,29,19,10,21,11,10,1,0,1,10,3,7,7,4,3
54481704,27,14,13,0,0,0,16,8,8,10,5,5,0,0,0,1,1,0,0,0,0
59861501,52,23,29,7,4,3,26,12,14,10,4,6,1,1,0,8,2,6,0,0,0
59861502,21,12,9,2,2,0,7,4,3,10,5,5,0,0,0,1,0,1,1,1,0
53584202,94,43,51,11,1,10,31,21,10,29,11,18,0,0,0,21,9,12,2,1,1
53528101,175,87,88,23,10,13,67,35,32,53,26,27,3,1,2,23,11,12,6,4,2
53528102,68,34,34,8,3,5,34,21,13,16,5,11,0,0,0,6,3,3,4,2,2
53537101,169,83,86,31,12,19,67,40,27,49,21,28,0,0,0,11,4,7,11,6,5
54482501,35,17,18,4,1,3,7,5,2,17,8,9,0,0,0,6,3,3,1,0,1
54482502,264,133,131,37,17,20,74,49,25,92,35,57,3,2,1,49,25,24,9,5,4
53543501,291,149,142,27,10,17,122,68,54,87,46,41,3,3,0,39,13,26,13,9,4
53564801,276,149,127,30,12,18,90,62,28,97,45,52,8,3,5,40,19,21,11,8,3
53564802,43,26,17,9,4,5,9,7,2,16,8,8,0,0,0,6,4,2,3,3,0
53564803,240,115,125,15,5,10,77,46,31,84,39,45,4,2,2,51,19,32,9,4,5
53564804,64,26,38,9,1,8,26,17,9,14,3,11,1,0,1,12,5,7,2,0,2
54486801,126,66,60,33,18,15,51,30,21,21,10,11,0,0,0,9,2,7,12,6,6
54486802,76,36,40,17,5,12,26,14,12,19,10,9,2,0,2,3,2,1,9,5,4
54486803,26,12,14,0,0,0,11,6,5,7,4,3,0,0,0,8,2,6,0,0,0
54486805,1598,810,788,257,102,155,580,339,241,449,209,240,23,13,10,193,92,101,96,55,41
54486806,55,26,29,9,5,4,19,9,10,11,4,7,0,0,0,13,6,7,3,2,1
54486809,140,78,62,32,17,15,59,38,21,28,10,18,3,2,1,12,6,6,6,5,1
54486812,34,18,16,4,3,1,11,6,5,9,3,6,0,0,0,7,4,3,3,2,1
54488401,512,251,261,92,31,61,183,105,78,159,70,89,2,0,2,52,30,22,24,15,9
54488402,33,16,17,4,2,2,12,5,7,13,6,7,0,0,0,4,3,1,0,0,0
54488403,123,62,61,19,7,12,53,31,22,28,14,14,2,0,2,14,6,8,7,4,3
54489201,114,60,54,12,5,7,46,28,18,33,17,16,3,1,2,12,4,8,8,5,3
54489202,33,16,17,4,1,3,11,7,4,8,3,5,1,0,1,8,4,4,1,1,0
54489203,491,243,248,73,26,47,205,116,89,126,65,61,6,2,4,60,24,36,21,10,11
53523101,144,75,69,15,8,7,57,34,23,34,14,20,3,2,1,31,15,16,4,2,2
53569901,170,92,78,29,13,16,72,47,25,43,15,28,1,0,1,19,13,6,6,4,2
53569902,64,37,27,8,4,4,26,18,8,18,8,10,0,0,0,9,4,5,3,3,0
53599101,174,89,85,21,6,15,73,41,32,51,27,24,4,2,2,23,11,12,2,2,0
53599102,70,34,36,6,1,5,35,21,14,19,9,10,1,1,0,6,0,6,3,2,1
53599103,249,129,120,25,10,15,115,70,45,66,28,38,3,1,2,31,16,15,9,4,5
53599104,21,11,10,2,1,1,5,5,0,6,3,3,0,0,0,7,2,5,1,0,1
53517601,33,17,16,4,0,4,11,8,3,10,4,6,0,0,0,5,4,1,3,1,2
53517602,177,87,90,21,6,15,56,34,22,58,23,35,4,2,2,24,14,10,14,8,6
53534601,95,50,45,7,5,2,42,24,18,31,13,18,1,0,1,10,6,4,4,2,2
53534602,36,20,16,5,3,2,3,1,2,14,9,5,2,1,1,10,5,5,2,1,1
53534603,249,131,118,23,14,9,65,41,24,82,41,41,2,0,2,68,32,36,9,3,6
54496501,107,53,54,20,4,16,52,33,19,24,12,12,2,1,1,6,1,5,3,2,1
54496502,39,18,21,7,3,4,15,10,5,13,5,8,1,0,1,3,0,3,0,0,0
54497301,271,132,139,27,10,17,66,38,28,89,45,44,2,1,1,79,34,45,8,4,4
54497302,812,400,412,91,41,50,191,112,79,261,112,149,17,6,11,226,111,115,26,18,8
54498101,1922,958,964,189,88,101,536,304,232,662,302,360,32,18,14,401,187,214,102,59,43
54498102,151,83,68,14,7,7,50,32,18,57,29,28,2,1,1,13,7,6,15,7,8
54500701,65,38,27,7,4,3,24,16,8,22,13,9,2,0,2,9,4,5,1,1,0
54500704,55,28,27,6,2,4,16,8,8,16,9,7,2,2,0,9,5,4,6,2,4
54500705,40,21,19,2,1,1,15,10,5,16,8,8,0,0,0,6,2,4,1,0,1
54500708,48,27,21,6,3,3,14,11,3,16,9,7,0,0,0,11,3,8,1,1,0
54500709,513,261,252,51,25,26,145,88,57,177,80,97,13,2,11,112,57,55,15,9,6
54500710,30,14,16,2,0,2,6,5,1,13,6,7,1,0,1,8,3,5,0,0,0
54501501,86,45,41,7,3,4,30,18,12,29,15,14,4,1,3,15,7,8,1,1,0
54501502,32,14,18,4,1,3,7,4,3,14,8,6,0,0,0,7,1,6,0,0,0
54501503,81,37,44,11,4,7,23,15,8,18,7,11,0,0,0,22,10,12,7,1,6
54501504,171,77,94,28,7,21,61,35,26,49,19,30,3,0,3,21,9,12,9,7,2
54501505,49,27,22,6,3,3,12,7,5,21,12,9,0,0,0,7,4,3,3,1,2
54502301,59,31,28,7,3,4,28,23,5,18,5,13,0,0,0,5,0,5,1,0,1
54502302,57,30,27,8,2,6,28,17,11,16,8,8,0,0,0,2,1,1,3,2,1
54502303,44,19,25,6,2,4,15,9,6,15,7,8,0,0,0,8,1,7,0,0,0
54502304,22,12,10,2,2,0,14,7,7,3,2,1,0,0,0,3,1,2,0,0,0
54502305,65,36,29,10,4,6,30,23,7,12,3,9,1,0,1,11,5,6,1,1,0
54502306,321,163,158,66,24,42,118,69,49,80,41,39,2,1,1,30,12,18,25,16,9
54506601,1032,517,515,91,41,50,214,131,83,354,158,196,18,8,10,336,169,167,19,10,9
54506602,727,360,367,81,35,46,157,95,62,270,132,138,18,8,10,178,73,105,23,17,6
54506603,238,117,121,18,9,9,32,17,15,85,50,35,8,3,5,94,38,56,1,0,1
54506604,271,134,137,32,19,13,76,43,33,98,41,57,1,0,1,54,25,29,10,6,4
54507401,1056,512,544,127,48,79,262,153,109,348,159,189,18,7,11,255,118,137,46,27,19
54508201,54,27,27,10,5,5,18,12,6,16,7,9,1,0,1,9,3,6,0,0,0
54508202,23,13,10,1,1,0,12,5,7,5,3,2,1,1,0,4,3,1,0,0,0
54508203,280,144,136,36,18,18,118,65,53,80,40,40,2,1,1,34,14,20,10,6,4
54508204,81,40,41,8,3,5,35,20,15,23,11,12,2,2,0,11,4,7,2,0,2
53603201,46,24,22,7,1,6,23,17,6,7,1,6,0,0,0,1,1,0,8,4,4
54509101,170,85,85,23,13,10,54,30,24,61,26,35,1,0,1,23,10,13,8,6,2
54510401,27,15,12,4,1,3,10,7,3,3,1,2,1,0,1,8,5,3,1,1,0
54510402,24,10,14,0,0,0,7,6,1,9,2,7,0,0,0,8,2,6,0,0,0
54510404,74,37,37,10,4,6,21,15,6,23,10,13,0,0,0,20,8,12,0,0,0
54510406,344,177,167,46,19,27,132,78,54,99,51,48,4,2,2,44,16,28,19,11,8
54512101,1147,557,590,136,55,81,390,228,162,382,157,225,13,4,9,166,77,89,60,36,24
54513901,50,25,25,15,6,9,23,15,8,7,2,5,0,0,0,3,2,1,2,0,2
54513902,705,366,339,87,37,50,252,152,100,215,111,104,9,1,8,111,49,62,31,16,15
0139430,0,0,0,0,0,0,0,0,0,0,0,0,0,0,0,0,0,0,0,0,0
0139780,0,0,0,0,0,0,0,0,0,0,0,0,0,0,0,0,0,0,0,0,0
0139860,0,0,0,0,0,0,0,0,0,0,0,0,0,0,0,0,0,0,0,0,0
1658160,0,0,0,0,0,0,0,0,0,0,0,0,0,0,0,0,0,0,0,0,0
54515502,68,38,30,16,8,8,26,16,10,21,11,10,1,1,0,4,2,2,0,0,0
54515503,25,11,14,6,2,4,9,5,4,7,4,3,0,0,0,1,0,1,2,0,2
54515504,47,26,21,9,5,4,13,8,5,16,9,7,0,0,0,7,3,4,2,1,1
54515505,46,24,22,7,2,5,19,14,5,12,5,7,1,0,1,5,2,3,2,1,1
54515506,111,57,54,7,1,6,55,32,23,28,13,15,2,1,1,10,5,5,9,5,4
54515507,47,25,22,2,1,1,24,13,11,15,7,8,0,0,0,5,3,2,1,1,0
54515508,43,24,19,9,6,3,16,8,8,8,4,4,0,0,0,6,4,2,4,2,2
54515509,263,131,132,55,15,40,114,65,49,64,35,29,4,2,2,10,4,6,16,10,6
3353630,0,0,0,0,0,0,0,0,0,0,0,0,0,0,0,0,0,0,0,0,0
54517101,27,16,11,3,1,2,12,7,5,8,6,2,0,0,0,3,1,2,1,1,0
54517102,79,37,42,9,3,6,44,26,18,20,6,14,0,0,0,5,2,3,1,0,1
54517103,26,15,11,2,1,1,7,7,0,11,6,5,0,0,0,3,1,2,3,0,3
54517104,90,45,45,11,2,9,44,29,15,15,8,7,2,1,1,14,3,11,4,2,2
54517105,50,25,25,8,3,5,16,12,4,11,5,6,0,0,0,14,5,9,1,0,1
54517106,31,16,15,6,2,4,6,5,1,8,2,6,0,0,0,9,6,3,2,1,1
54517107,38,21,17,11,9,2,15,7,8,4,0,4,1,1,0,6,3,3,1,1,0
54517108,29,18,11,5,3,2,14,11,3,4,2,2,0,0,0,5,2,3,1,0,1
54517109,50,27,23,6,3,3,20,11,9,13,6,7,1,1,0,5,3,2,5,3,2
54517110,50,26,24,5,2,3,22,14,8,14,7,7,1,0,1,7,3,4,1,0,1
54517111,215,104,111,26,11,15,83,47,36,66,28,38,6,2,4,27,13,14,7,3,4
54517112,79,38,41,15,7,8,26,17,9,22,6,16,0,0,0,13,5,8,3,3,0
54517114,67,39,28,6,4,2,30,22,8,17,8,9,3,0,3,9,4,5,2,1,1
54517115,38,20,18,5,4,1,17,6,11,8,6,2,0,0,0,7,4,3,1,0,1
54517116,320,157,163,54,25,29,104,63,41,105,47,58,8,3,5,39,14,25,10,5,5
54517117,20,10,10,2,1,1,12,6,6,4,2,2,0,0,0,1,0,1,1,1,0
54517119,432,213,219,55,22,33,153,86,67,144,69,75,6,3,3,58,24,34,16,9,7
54517120,1350,680,670,176,65,111,565,343,222,391,171,220,15,3,12,123,47,76,80,51,29
54517121,20,11,9,1,1,0,7,4,3,6,4,2,0,0,0,6,2,4,0,0,0
54517122,1232,595,637,171,56,115,470,255,215,361,176,185,21,9,12,169,79,90,40,20,20
3354520,0,0,0,0,0,0,0,0,0,0,0,0,0,0,0,0,0,0,0,0,0
54520101,60,30,30,5,1,4,24,17,7,23,10,13,1,0,1,7,2,5,0,0,0
54520102,170,92,78,22,8,14,74,45,29,51,24,27,2,1,1,12,7,5,9,7,2
54520104,30,16,14,9,4,5,13,10,3,5,1,4,0,0,0,2,0,2,1,1,0
54520105,86,43,43,9,3,6,28,18,10,28,10,18,0,0,0,15,7,8,6,5,1
54520107,100,51,49,19,6,13,35,21,14,33,18,15,0,0,0,11,6,5,2,0,2
54520108,61,27,34,4,1,3,26,12,14,19,7,12,0,0,0,5,2,3,7,5,2
54520111,680,328,352,69,23,46,201,109,92,238,107,131,9,3,6,150,77,73,13,9,4
54520112,604,311,293,78,35,43,165,96,69,160,70,90,6,5,1,85,40,45,110,65,45
54520113,35,19,16,4,3,1,8,4,4,11,5,6,1,0,1,8,5,3,3,2,1
54520114,332,169,163,42,18,24,111,62,49,102,55,47,4,1,3,53,20,33,20,13,7
54520116,1943,944,999,273,112,161,657,335,322,647,320,327,25,6,19,240,111,129,101,60,41
54520117,42,22,20,7,2,5,21,13,8,12,6,6,0,0,0,2,1,1,0,0,0
54520118,23,12,11,2,1,1,7,5,2,10,4,6,0,0,0,3,1,2,1,1,0
54520119,279,133,146,34,11,23,95,52,43,93,43,50,2,1,1,50,25,25,5,1,4
54520120,1207,556,651,172,62,110,462,234,228,363,155,208,23,10,13,136,64,72,51,31,20
54520121,29,15,14,4,2,2,6,4,2,7,1,6,0,0,0,11,7,4,1,1,0
54520122,53,26,27,8,1,7,20,13,7,16,7,9,0,0,0,8,4,4,1,1,0
54520123,672,326,346,90,36,54,246,140,106,217,101,116,8,4,4,91,38,53,20,7,13
53549401,399,193,206,44,15,29,115,67,48,134,63,71,11,2,9,78,36,42,17,10,7
54522801,1222,619,603,119,48,71,344,202,142,435,208,227,18,8,10,252,120,132,54,33,21
54522802,595,285,310,43,22,21,90,60,30,181,84,97,27,12,15,239,101,138,15,6,9
53573701,485,253,232,57,27,30,117,69,48,167,76,91,9,5,4,118,64,54,17,12,5
53589301,59,30,29,7,4,3,17,7,10,20,11,9,0,0,0,14,7,7,1,1,0
53589302,297,157,140,41,20,21,95,48,47,94,51,43,1,0,1,50,26,24,16,12,4
53591501,37,22,15,2,1,1,18,12,6,11,6,5,0,0,0,2,1,1,4,2,2
54526101,45,21,24,6,1,5,15,10,5,15,8,7,0,0,0,8,1,7,1,1,0
54526102,45,21,24,6,1,5,11,9,2,11,4,7,0,0,0,11,4,7,6,3,3
54526103,96,50,46,7,2,5,38,23,15,25,12,13,1,0,1,20,10,10,5,3,2
54526104,246,120,126,20,7,13,88,54,34,71,27,44,4,1,3,55,28,27,8,3,5
54526105,209,109,100,19,8,11,65,40,25,62,33,29,3,1,2,49,23,26,11,4,7
54526106,45,21,24,4,2,2,16,10,6,9,4,5,1,0,1,15,5,10,0,0,0
53579601,369,195,174,41,22,19,113,70,43,117,60,57,6,1,5,71,26,45,21,16,5
1872082,0,0,0,0,0,0,0,0,0,0,0,0,0,0,0,0,0,0,0,0,0
54528701,155,81,74,19,10,9,70,38,32,43,23,20,2,0,2,17,7,10,4,3,1
54528702,541,291,250,78,31,47,197,124,73,152,71,81,8,4,4,75,35,40,31,26,5
54528704,29,16,13,7,5,2,9,6,3,9,4,5,1,0,1,3,1,2,0,0,0
54528705,90,52,38,16,9,7,37,22,15,22,10,12,1,1,0,4,1,3,10,9,1
54528707,126,66,60,10,6,4,61,38,23,44,16,28,0,0,0,9,4,5,2,2,0
54531701,45,21,24,5,2,3,16,7,9,11,6,5,1,0,1,10,5,5,2,1,1
54531702,76,35,41,18,8,10,36,19,17,13,5,8,1,0,1,6,2,4,2,1,1
54531703,173,90,83,21,11,10,57,37,20,52,19,33,4,1,3,25,14,11,14,8,6
53601601,399,201,198,51,16,35,136,83,53,127,63,64,8,2,6,60,26,34,17,11,6
59977801,43,23,20,3,1,2,18,12,6,11,6,5,0,0,0,7,3,4,4,1,3
3081610,0,0,0,0,0,0,0,0,0,0,0,0,0,0,0,0,0,0,0,0,0
54534101,1447,710,737,187,58,129,518,304,214,486,212,274,15,8,7,159,78,81,82,50,32
54534104,1362,640,722,169,48,121,474,263,211,463,214,249,19,7,12,188,84,104,49,24,25
54534105,61,32,29,9,2,7,36,22,14,6,3,3,2,0,2,8,5,3,0,0,0
53559101,192,98,94,27,11,16,69,41,28,69,36,33,0,0,0,18,5,13,9,5,4
53559102,24,13,11,2,0,2,13,8,5,7,4,3,0,0,0,1,1,0,1,0,1
54536801,94,47,47,17,6,11,37,22,15,17,10,7,1,0,1,22,9,13,0,0,0
54536802,272,146,126,28,15,13,106,69,37,90,41,49,3,2,1,34,13,21,11,6,5
54537601,15,8,7,3,2,1,2,1,1,3,2,1,0,0,0,7,3,4,0,0,0
54537602,167,89,78,41,16,25,67,39,28,38,20,18,1,0,1,10,7,3,10,7,3
54537604,45,22,23,6,2,4,30,15,15,7,5,2,0,0,0,2,0,2,0,0,0
54537605,44,19,25,6,1,5,11,6,5,22,8,14,0,0,0,3,3,0,2,1,1
1970250,0,0,0,0,0,0,0,0,0,0,0,0,0,0,0,0,0,0,0,0,0
54538401,79,38,41,12,3,9,34,17,17,17,10,7,0,0,0,13,6,7,3,2,1
54538402,23,11,12,3,2,1,8,4,4,3,2,1,1,0,1,6,2,4,2,1,1
54538403,101,56,45,11,3,8,46,30,16,31,15,16,2,0,2,4,3,1,7,5,2
54538404,32,16,16,5,1,4,6,5,1,13,4,9,1,0,1,6,5,1,1,1,0
54538406,42,22,20,3,0,3,22,11,11,12,7,5,0,0,0,5,4,1,0,0,0
54538407,36,18,18,12,4,8,11,8,3,9,4,5,0,0,0,4,2,2,0,0,0
54538408,185,99,86,27,8,19,83,46,37,46,24,22,1,0,1,13,7,6,15,14,1
54540601,885,441,444,186,75,111,354,196,158,210,93,117,4,1,3,41,20,21,90,56,34
54540603,20,13,7,2,1,1,8,6,2,4,2,2,0,0,0,4,3,1,2,1,1
54540605,56,29,27,8,3,5,26,16,10,13,5,8,0,0,0,7,4,3,2,1,1
54540607,85,50,35,4,4,0,32,21,11,27,14,13,0,0,0,11,3,8,11,8,3
54540608,32,16,16,9,3,6,15,10,5,5,1,4,0,0,0,2,1,1,1,1,0
54540610,24,12,12,3,2,1,4,3,1,11,4,7,0,0,0,6,3,3,0,0,0
54540611,34,18,16,4,2,2,12,8,4,12,5,7,0,0,0,1,0,1,5,3,2
54540612,48,26,22,9,4,5,29,18,11,6,3,3,0,0,0,1,0,1,3,1,2
54540613,33,21,12,5,3,2,16,10,6,7,5,2,1,1,0,1,0,1,3,2,1
54541401,639,311,328,103,36,67,292,169,123,158,68,90,7,1,6,60,23,37,19,14,5
54541402,35,19,16,2,2,0,11,7,4,13,6,7,2,1,1,4,2,2,3,1,2
53625302,66,36,30,14,6,8,25,17,8,16,6,10,0,0,0,4,1,3,7,6,1
53625303,35,18,17,12,3,9,11,7,4,5,3,2,0,0,0,1,1,0,6,4,2
53625304,22,11,11,2,1,1,13,6,7,3,2,1,2,1,1,1,0,1,1,1,0
53625305,114,62,52,31,12,19,59,40,19,15,7,8,0,0,0,4,0,4,5,3,2
0071530,0,0,0,0,0,0,0,0,0,0,0,0,0,0,0,0,0,0,0,0,0
3916970,0,0,0,0,0,0,0,0,0,0,0,0,0,0,0,0,0,0,0,0,0
3917350,0,0,0,0,0,0,0,0,0,0,0,0,0,0,0,0,0,0,0,0,0
3917430,0,0,0,0,0,0,0,0,0,0,0,0,0,0,0,0,0,0,0,0,0
3917780,0,0,0,0,0,0,0,0,0,0,0,0,0,0,0,0,0,0,0,0,0
3918160,0,0,0,0,0,0,0,0,0,0,0,0,0,0,0,0,0,0,0,0,0
3918240,0,0,0,0,0,0,0,0,0,0,0,0,0,0,0,0,0,0,0,0,0
54543103,677,356,321,96,49,47,280,166,114,198,95,103,10,3,7,71,31,40,22,12,10
54543105,55,25,30,4,1,3,19,10,9,16,9,7,0,0,0,13,4,9,3,1,2
54543106,24,16,8,7,5,2,8,6,2,5,4,1,0,0,0,4,1,3,0,0,0
54543107,25,12,13,2,1,1,12,7,5,7,3,4,1,1,0,2,0,2,1,0,1
54543108,36,17,19,7,1,6,12,7,5,9,5,4,1,0,1,7,4,3,0,0,0
54543109,65,39,26,11,3,8,34,21,13,12,9,3,0,0,0,5,3,2,3,3,0
54544901,279,146,133,50,23,27,141,81,60,54,20,34,4,2,2,8,4,4,22,16,6
54544902,21,14,7,2,1,1,7,4,3,7,5,2,0,0,0,5,4,1,0,0,0
54544903,69,38,31,14,8,6,36,23,13,13,4,9,1,0,1,0,0,0,5,3,2
54544904,51,27,24,12,5,7,33,20,13,6,2,4,0,0,0,0,0,0,0,0,0
54544905,31,16,15,5,2,3,13,9,4,10,4,6,0,0,0,1,0,1,2,1,1
0199170,0,0,0,0,0,0,0,0,0,0,0,0,0,0,0,0,0,0,0,0,0
54545701,20,12,8,5,4,1,6,3,3,7,4,3,0,0,0,2,1,1,0,0,0
54545702,38,21,17,15,5,10,16,12,4,4,3,1,0,0,0,0,0,0,3,1,2
54545703,29,16,13,7,4,3,9,6,3,5,3,2,0,0,0,4,0,4,4,3,1
54545704,512,250,262,100,35,65,220,127,93,108,49,59,6,2,4,49,22,27,29,15,14
54545706,23,13,10,5,3,2,11,8,3,6,2,4,0,0,0,0,0,0,1,0,1
54545707,36,17,19,7,2,5,15,8,7,6,4,2,1,0,1,3,2,1,4,1,3
0230192,0,0,0,0,0,0,0,0,0,0,0,0,0,0,0,0,0,0,0,0,0
0230602,0,0,0,0,0,0,0,0,0,0,0,0,0,0,0,0,0,0,0,0,0
3081700,0,0,0,0,0,0,0,0,0,0,0,0,0,0,0,0,0,0,0,0,0
54539203,654,295,359,76,32,44,151,87,64,218,87,131,13,6,7,144,59,85,52,24,28
54539204,336,165,171,42,17,25,92,57,35,118,47,71,6,3,3,62,30,32,16,11,5
54539205,1858,859,999,306,122,184,605,298,307,583,269,314,18,7,11,248,109,139,98,54,44
54539206,381,193,188,67,25,42,108,65,43,116,53,63,3,1,2,69,35,34,18,14,4
54539207,1207,583,624,135,68,67,313,191,122,428,184,244,19,8,11,259,107,152,53,25,28
54539208,361,165,196,58,26,32,84,43,41,126,52,74,8,3,5,57,28,29,28,13,15
54539210,513,258,255,75,30,45,136,86,50,172,77,95,5,0,5,90,48,42,35,17,18
54539211,1793,817,976,323,115,208,634,328,306,483,205,278,22,9,13,211,100,111,120,60,60
54539212,94,46,48,17,9,8,29,16,13,29,12,17,2,0,2,10,3,7,7,6,1
54539213,424,214,210,45,20,25,138,88,50,137,59,78,5,2,3,78,35,43,21,10,11
54539214,189,96,93,19,7,12,63,40,23,59,28,31,3,2,1,39,16,23,6,3,3
54539215,1545,727,818,270,123,147,463,232,231,450,202,248,17,6,11,230,106,124,115,58,57
54539216,76,37,39,6,1,5,30,16,14,25,15,10,2,1,1,13,4,9,0,0,0
54539217,74,37,37,11,4,7,21,12,9,24,9,15,1,0,1,17,12,5,0,0,0
54539218,105,60,45,15,9,6,30,17,13,37,17,20,3,2,1,18,13,5,2,2,0
54539220,446,219,227,70,27,43,166,97,69,135,62,73,7,1,6,43,19,24,25,13,12
54539221,338,211,127,46,28,18,57,40,17,61,29,32,4,3,1,54,30,24,116,81,35
1442072,0,0,0,0,0,0,0,0,0,0,0,0,0,0,0,0,0,0,0,0,0
1442660,0,0,0,0,0,0,0,0,0,0,0,0,0,0,0,0,0,0,0,0,0
54546501,665,335,330,119,53,66,262,145,117,155,69,86,9,2,7,34,16,18,86,50,36
54546503,53,29,24,9,3,6,22,16,6,13,6,7,0,0,0,2,0,2,7,4,3
54546504,33,19,14,8,6,2,13,9,4,2,0,2,0,0,0,1,0,1,9,4,5
54546505,24,12,12,5,3,2,13,7,6,4,1,3,0,0,0,1,0,1,1,1,0
54546506,37,18,19,5,1,4,17,10,7,9,5,4,1,1,0,5,1,4,0,0,0
54546510,197,94,103,41,16,25,97,45,52,29,15,14,0,0,0,9,6,3,21,12,9
54546511,68,36,32,16,7,9,25,14,11,10,5,5,1,0,1,3,2,1,13,8,5
54547301,23,12,11,5,2,3,10,8,2,6,1,5,0,0,0,2,1,1,0,0,0
54547302,853,411,442,123,50,73,247,136,111,298,143,155,16,6,10,135,62,73,34,14,20
54547303,21,8,13,2,0,2,11,5,6,5,2,3,0,0,0,3,1,2,0,0,0
54547304,34,18,16,3,3,0,10,5,5,13,6,7,0,0,0,4,2,2,4,2,2
54547305,52,25,27,7,0,7,19,11,8,17,9,8,0,0,0,6,2,4,3,3,0
54547306,38,20,18,4,2,2,18,9,9,8,4,4,1,1,0,7,4,3,0,0,0
54547307,18,10,8,3,1,2,6,4,2,6,2,4,0,0,0,1,1,0,2,2,0
54547308,63,32,31,11,2,9,29,18,11,9,5,4,2,0,2,4,2,2,8,5,3
54548101,24,13,11,2,0,2,9,6,3,7,4,3,1,0,1,5,3,2,0,0,0
54548102,878,422,456,116,43,73,323,175,148,256,118,138,14,4,10,101,45,56,68,37,31
54548103,22,12,10,4,1,3,9,5,4,5,3,2,0,0,0,3,2,1,1,1,0
54548104,24,10,14,4,2,2,11,4,7,6,2,4,0,0,0,2,1,1,1,1,0
54548105,40,21,19,6,1,5,17,10,7,11,7,4,0,0,0,0,0,0,6,3,3
54548106,26,15,11,2,0,2,11,7,4,7,5,2,1,0,1,4,3,1,1,0,1
0414832,0,0,0,0,0,0,0,0,0,0,0,0,0,0,0,0,0,0,0,0,0
54549001,76,36,40,11,5,6,24,14,10,23,11,12,0,0,0,12,4,8,6,2,4
54549002,456,217,239,50,16,34,144,79,65,126,57,69,11,6,5,101,45,56,24,14,10
54549003,28,14,14,6,2,4,7,4,3,10,6,4,1,0,1,4,2,2,0,0,0
54549004,124,62,62,11,4,7,58,33,25,36,15,21,2,1,1,17,9,8,0,0,0
54549005,23,11,12,1,0,1,9,4,5,7,4,3,1,1,0,5,2,3,0,0,0
54549006,74,37,37,8,0,8,24,15,9,28,16,12,0,0,0,11,4,7,3,2,1
54549007,111,57,54,15,5,10,38,22,16,36,19,17,3,2,1,14,7,7,5,2,3
54550301,100,55,45,13,4,9,41,29,12,27,14,13,0,0,0,10,3,7,9,5,4
54550302,261,134,127,76,32,44,98,58,40,50,20,30,3,2,1,13,9,4,21,13,8
3304770,0,0,0,0,0,0,0,0,0,0,0,0,0,0,0,0,0,0,0,0,0
3917510,0,0,0,0,0,0,0,0,0,0,0,0,0,0,0,0,0,0,0,0,0
54551101,33,21,12,6,4,2,10,4,6,12,9,3,0,0,0,2,2,0,3,2,1
54551104,47,25,22,17,7,10,12,8,4,4,3,1,0,0,0,7,4,3,7,3,4
54551106,1406,666,740,281,102,179,534,298,236,366,159,207,7,2,5,118,49,69,100,56,44
54551108,20,9,11,3,0,3,7,3,4,3,1,2,1,1,0,6,4,2,0,0,0
54551110,38,22,16,8,4,4,16,10,6,5,2,3,0,0,0,6,4,2,3,2,1
54551111,71,43,28,13,7,6,28,21,7,21,11,10,1,0,1,2,1,1,6,3,3
54551112,29,14,15,4,1,3,16,8,8,7,4,3,0,0,0,1,0,1,1,1,0
54551113,38,22,16,7,3,4,15,9,6,8,5,3,0,0,0,2,0,2,6,5,1
54551114,35,20,15,5,3,2,10,8,2,9,3,6,1,0,1,8,5,3,2,1,1
0452761,0,0,0,0,0,0,0,0,0,0,0,0,0,0,0,0,0,0,0,0,0
1502580,0,0,0,0,0,0,0,0,0,0,0,0,0,0,0,0,0,0,0,0,0
54552001,557,281,276,114,53,61,248,148,100,125,51,74,3,0,3,28,4,24,39,25,14
54552002,47,24,23,6,1,5,12,9,3,15,8,7,0,0,0,13,5,8,1,1,0
54552003,33,19,14,11,7,4,3,1,2,8,6,2,1,1,0,1,0,1,9,4,5
54552005,36,20,16,9,4,5,19,11,8,3,2,1,0,0,0,2,0,2,3,3,0
53622901,47,23,24,6,4,2,9,3,6,14,8,6,1,1,0,16,6,10,1,1,0
53622903,33,19,14,6,2,4,6,5,1,10,9,1,1,0,1,6,1,5,4,2,2
0553440,0,0,0,0,0,0,0,0,0,0,0,0,0,0,0,0,0,0,0,0,0
3304420,0,0,0,0,0,0,0,0,0,0,0,0,0,0,0,0,0,0,0,0,0
54554601,87,43,44,11,6,5,40,25,15,20,6,14,1,0,1,13,5,8,2,1,1
54554603,86,53,33,27,19,8,21,14,7,25,13,12,1,1,0,10,5,5,2,1,1
54554605,856,428,428,156,62,94,356,200,156,214,106,108,4,1,3,71,26,45,55,33,22
54555401,470,237,233,75,26,49,161,97,64,125,55,70,3,1,2,52,21,31,54,37,17
54555402,387,187,200,59,25,34,129,79,50,121,51,70,3,0,3,59,25,34,16,7,9
54555403,43,21,22,8,2,6,22,13,9,9,3,6,0,0,0,3,2,1,1,1,0
54555404,109,55,54,17,9,8,36,27,9,36,9,27,1,1,0,16,8,8,3,1,2
54555405,120,66,54,23,11,12,43,31,12,20,11,9,3,0,3,21,8,13,10,5,5
54555406,19,9,10,6,3,3,7,4,3,3,2,1,0,0,0,2,0,2,1,0,1
54555407,86,43,43,18,7,11,37,23,14,16,7,9,0,0,0,12,4,8,3,2,1
54555409,18,10,8,1,1,0,6,3,3,3,1,2,1,0,1,7,5,2,0,0,0
54555410,151,72,79,17,7,10,38,19,19,55,28,27,4,2,2,31,14,17,6,2,4
54555411,53,22,31,9,4,5,19,10,9,18,5,13,0,0,0,2,0,2,5,3,2
54555412,59,31,28,8,3,5,23,14,9,12,8,4,1,1,0,9,1,8,6,4,2
0631260,0,0,0,0,0,0,0,0,0,0,0,0,0,0,0,0,0,0,0,0,0
54556201,294,182,112,50,35,15,109,72,37,59,26,33,1,1,0,33,15,18,42,33,9
54556202,31,19,12,6,4,2,7,6,1,13,7,6,2,1,1,2,1,1,1,0,1
54556203,39,23,16,4,1,3,11,10,1,18,8,10,3,2,1,2,2,0,1,0,1
54556204,60,35,25,16,11,5,19,11,8,16,8,8,0,0,0,7,4,3,2,1,1
54556205,20,10,10,4,0,4,7,4,3,6,4,2,0,0,0,3,2,1,0,0,0
54556206,125,72,53,14,3,11,63,43,20,31,17,14,1,0,1,13,6,7,3,3,0
54556208,56,27,29,7,3,4,24,12,12,19,8,11,0,0,0,6,4,2,0,0,0
54556209,93,51,42,18,8,10,39,23,16,25,14,11,0,0,0,5,1,4,6,5,1
54556210,35,18,17,3,2,1,15,9,6,10,5,5,0,0,0,5,1,4,2,1,1
54556211,62,34,28,10,5,5,16,9,7,27,15,12,1,1,0,8,4,4,0,0,0
54556214,964,454,510,139,50,89,356,186,170,319,142,177,15,6,9,50,19,31,85,51,34
54556216,711,384,327,129,53,76,254,148,106,175,94,81,8,4,4,44,18,26,101,67,34
54556217,849,439,410,111,57,54,290,159,131,283,138,145,9,7,2,113,46,67,43,32,11
54556218,1253,589,664,159,58,101,467,243,224,425,197,228,21,5,16,105,41,64,76,45,31
54556220,1101,567,534,145,68,77,390,211,179,313,137,176,18,8,10,108,51,57,127,92,35
54556221,143,79,64,16,11,5,35,19,16,63,36,27,6,2,4,18,8,10,5,3,2
54556222,32,17,15,2,0,2,11,8,3,11,4,7,0,0,0,6,4,2,2,1,1
54557101,628,318,310,79,43,36,173,98,75,213,109,104,12,6,6,132,52,80,19,10,9
54557102,62,28,34,11,3,8,15,8,7,18,11,7,1,0,1,15,6,9,2,0,2
54557103,78,40,38,8,3,5,33,24,9,26,8,18,1,1,0,9,4,5,1,0,1
54557104,37,19,18,8,4,4,11,6,5,10,4,6,0,0,0,7,4,3,1,1,0
54557105,37,19,18,4,3,1,12,6,6,11,6,5,0,0,0,8,3,5,2,1,1
54557106,135,67,68,14,3,11,61,42,19,30,12,18,1,0,1,13,0,13,16,10,6
54557107,1063,512,551,127,42,85,347,197,150,339,156,183,13,4,9,186,80,106,51,33,18
54557108,77,37,40,10,4,6,27,14,13,23,11,12,1,0,1,13,6,7,3,2,1
54557109,16,7,9,2,0,2,5,2,3,5,4,1,2,1,1,2,0,2,0,0,0
54557110,187,97,90,16,4,12,78,48,30,57,25,32,5,4,1,27,13,14,4,3,1
54557112,66,37,29,9,3,6,26,19,7,20,10,10,1,0,1,5,2,3,5,3,2
54557113,32,20,12,3,2,1,12,10,2,9,4,5,1,0,1,4,3,1,3,1,2
54559701,362,188,174,64,27,37,107,56,51,106,57,49,1,0,1,48,27,21,36,21,15
54559702,118,57,61,16,6,10,45,24,21,31,14,17,1,0,1,24,12,12,1,1,0
54559703,41,19,22,7,1,6,12,8,4,9,2,7,2,1,1,7,5,2,4,2,2
1989190,0,0,0,0,0,0,0,0,0,0,0,0,0,0,0,0,0,0,0,0,0
54560102,55,36,19,16,12,4,15,8,7,9,6,3,0,0,0,0,0,0,15,10,5
54560103,54,26,28,10,4,6,15,10,5,17,7,10,0,0,0,3,1,2,9,4,5
54560105,59,32,27,13,5,8,24,15,9,16,8,8,1,1,0,3,2,1,2,1,1
54560106,1054,522,532,253,103,150,417,231,186,232,98,134,6,4,2,38,18,20,108,68,40
54560107,37,23,14,7,4,3,6,4,2,17,12,5,2,2,0,5,1,4,0,0,0
0911540,0,0,0,0,0,0,0,0,0,0,0,0,0,0,0,0,0,0,0,0,0
54561901,35,17,18,4,1,3,12,7,5,10,4,6,1,0,1,8,5,3,0,0,0
54561902,73,40,33,8,3,5,36,22,14,17,9,8,0,0,0,10,5,5,2,1,1
54561903,34,17,17,10,4,6,17,8,9,6,5,1,0,0,0,1,0,1,0,0,0
54561904,44,24,20,8,3,5,16,12,4,11,5,6,0,0,0,2,0,2,7,4,3
54561905,811,423,388,158,74,84,310,183,127,222,105,117,7,3,4,56,25,31,58,33,25
54561906,89,46,43,13,4,9,42,25,17,23,10,13,0,0,0,6,4,2,5,3,2
0871650,0,0,0,0,0,0,0,0,0,0,0,0,0,0,0,0,0,0,0,0,0
1157890,0,0,0,0,0,0,0,0,0,0,0,0,0,0,0,0,0,0,0,0,0
1157970,0,0,0,0,0,0,0,0,0,0,0,0,0,0,0,0,0,0,0,0,0
53629601,63,33,30,16,7,9,26,15,11,9,3,6,1,0,1,4,3,1,7,5,2
53629603,27,17,10,8,5,3,12,8,4,5,3,2,0,0,0,2,1,1,0,0,0
53629604,32,14,18,2,0,2,13,7,6,11,5,6,1,1,0,5,1,4,0,0,0
54562701,52,30,22,12,5,7,26,18,8,4,1,3,0,0,0,2,1,1,8,5,3
54562702,34,17,17,3,1,2,14,9,5,8,3,5,1,0,1,6,2,4,2,2,0
54562704,184,94,90,25,6,19,73,41,32,51,27,24,0,0,0,12,5,7,23,15,8
54562705,53,25,28,2,1,1,16,12,4,24,8,16,0,0,0,9,2,7,2,2,0
54562708,43,20,23,5,3,2,14,8,6,13,5,8,1,0,1,9,3,6,1,1,0
59862301,43,18,25,10,4,6,14,5,9,9,6,3,2,0,2,6,3,3,2,0,2
59862302,173,86,87,24,13,11,72,37,35,58,28,30,3,0,3,15,8,7,1,0,1
54564301,22,13,9,5,4,1,6,4,2,6,3,3,0,0,0,5,2,3,0,0,0
54564302,326,164,162,42,22,20,147,89,58,84,31,53,2,1,1,35,15,20,16,6,10
54564303,40,19,21,0,0,0,11,5,6,21,11,10,2,0,2,5,2,3,1,1,0
51366101,44,22,22,6,2,4,13,8,5,11,5,6,0,0,0,12,6,6,2,1,1
51366103,281,140,141,45,15,30,120,76,44,79,31,48,2,0,2,19,9,10,16,9,7
54566001,22,10,12,3,1,2,6,4,2,11,4,7,0,0,0,2,1,1,0,0,0
54566002,68,36,32,14,6,8,32,21,11,10,6,4,1,0,1,6,1,5,5,2,3
54566003,216,107,109,38,15,23,75,47,28,60,20,40,3,1,2,18,9,9,22,15,7
54566004,74,40,34,13,7,6,35,20,15,20,9,11,0,0,0,1,0,1,5,4,1
54566005,30,17,13,12,6,6,14,8,6,4,3,1,0,0,0,0,0,0,0,0,0
54566006,42,22,20,7,6,1,13,6,7,10,5,5,1,1,0,5,1,4,6,3,3
1248000,0,0,0,0,0,0,0,0,0,0,0,0,0,0,0,0,0,0,0,0,0
54569403,174,97,77,32,14,18,56,29,27,35,21,14,2,1,1,11,6,5,38,26,12
3307520,0,0,0,0,0,0,0,0,0,0,0,0,0,0,0,0,0,0,0,0,0
50019401,41,24,17,6,4,2,14,5,9,10,5,5,1,0,1,3,3,0,7,7,0
50019402,116,63,53,41,16,25,43,27,16,12,7,5,1,1,0,3,1,2,16,11,5
0353190,0,0,0,0,0,0,0,0,0,0,0,0,0,0,0,0,0,0,0,0,0
54571602,23,11,12,3,0,3,8,3,5,7,5,2,0,0,0,2,1,1,3,2,1
54571603,52,24,28,8,2,6,26,14,12,13,7,6,1,0,1,4,1,3,0,0,0
54571605,90,55,35,14,6,8,37,21,16,21,12,9,0,0,0,11,9,2,7,7,0
1359170,0,0,0,0,0,0,0,0,0,0,0,0,0,0,0,0,0,0,0,0,0
54572402,64,32,32,25,13,12,23,15,8,6,2,4,1,0,1,2,0,2,7,2,5
54572404,357,178,179,78,30,48,139,78,61,85,37,48,1,1,0,32,16,16,22,16,6
54572406,24,11,13,2,0,2,8,5,3,10,4,6,1,1,0,3,1,2,0,0,0
54572407,37,22,15,6,4,2,8,6,2,6,4,2,1,1,0,14,6,8,2,1,1
54572409,30,15,15,4,0,4,10,6,4,10,5,5,0,0,0,6,4,2,0,0,0
54573201,152,74,78,17,8,9,52,33,19,59,22,37,1,0,1,20,9,11,3,2,1
54576701,112,56,56,16,4,12,64,36,28,18,8,10,2,1,1,5,2,3,7,5,2
54576702,179,100,79,27,12,15,72,47,25,47,25,22,0,0,0,18,3,15,15,13,2
1428160,0,0,0,0,0,0,0,0,0,0,0,0,0,0,0,0,0,0,0,0,0
54577503,41,25,16,11,6,5,12,9,3,11,6,5,0,0,0,2,1,1,5,3,2
54577506,272,147,125,56,22,34,131,76,55,55,25,30,0,0,0,15,12,3,15,12,3
54577507,22,11,11,2,0,2,6,4,2,5,4,1,1,1,0,8,2,6,0,0,0
54580501,14,8,6,0,0,0,10,7,3,3,1,2,0,0,0,1,0,1,0,0,0
54580502,15,8,7,0,0,0,7,5,2,5,2,3,0,0,0,3,1,2,0,0,0
54580503,266,131,135,27,8,19,108,64,44,86,42,44,3,1,2,28,7,21,14,9,5
53624501,276,141,135,40,17,23,106,60,46,79,42,37,5,3,2,34,13,21,12,6,6
55153801,182,109,73,32,20,12,73,38,35,39,23,16,0,0,0,8,4,4,30,24,6
55153802,111,55,56,18,4,14,48,28,20,34,17,17,0,0,0,6,3,3,5,3,2
55153803,52,29,23,11,5,6,15,8,7,12,6,6,1,1,0,7,4,3,6,5,1
1606360,0,0,0,0,0,0,0,0,0,0,0,0,0,0,0,0,0,0,0,0,0
54581303,192,99,93,47,18,29,80,49,31,36,19,17,2,0,2,12,4,8,15,9,6
54582101,25,13,12,7,2,5,7,5,2,7,3,4,1,1,0,2,1,1,1,1,0
54582102,45,23,22,4,1,3,18,8,10,13,11,2,0,0,0,10,3,7,0,0,0
54582103,47,21,26,5,1,4,19,11,8,18,8,10,0,0,0,5,1,4,0,0,0
54582105,27,13,14,3,0,3,8,6,2,10,4,6,1,0,1,5,3,2,0,0,0
54582106,2910,1427,1483,411,155,256,1015,545,470,890,431,459,52,25,27,360,167,193,182,104,78
54582107,131,66,65,12,5,7,47,27,20,43,22,21,0,0,0,21,8,13,8,4,4
54583001,27,16,11,5,2,3,11,8,3,6,5,1,0,0,0,0,0,0,5,1,4
54583002,39,20,19,4,2,2,16,11,5,11,5,6,2,0,2,5,1,4,1,1,0
54583004,28,17,11,6,5,1,12,8,4,7,3,4,0,0,0,2,1,1,1,0,1
54583005,21,12,9,3,1,2,9,5,4,7,6,1,1,0,1,1,0,1,0,0,0
54583006,61,35,26,25,13,12,2,1,1,1,0,1,0,0,0,0,0,0,33,21,12
54583007,2548,1278,1270,591,246,345,978,552,426,538,243,295,22,8,14,140,59,81,279,170,109
54583009,32,17,15,5,2,3,10,5,5,9,6,3,1,0,1,3,1,2,4,3,1
54583010,31,16,15,4,1,3,8,5,3,14,8,6,0,0,0,5,2,3,0,0,0
54583011,207,106,101,30,14,16,89,51,38,67,31,36,1,1,0,10,3,7,10,6,4
53630001,72,41,31,8,6,2,33,18,15,19,10,9,1,1,0,9,5,4,2,1,1
53630002,58,25,33,11,5,6,16,9,7,19,8,11,1,0,1,7,2,5,4,1,3
1889812,0,0,0,0,0,0,0,0,0,0,0,0,0,0,0,0,0,0,0,0,0
1890060,0,0,0,0,0,0,0,0,0,0,0,0,0,0,0,0,0,0,0,0,0
54584802,53,28,25,15,7,8,18,11,7,6,3,3,0,0,0,5,2,3,9,5,4
54584803,24,12,12,3,1,2,8,5,3,5,3,2,0,0,0,3,1,2,5,2,3
54584804,44,25,19,10,5,5,8,6,2,19,12,7,1,0,1,6,2,4,0,0,0
54584805,105,60,45,8,3,5,33,21,12,32,13,19,5,5,0,9,7,2,18,11,7
54584806,34,20,14,9,6,3,10,7,3,14,7,7,0,0,0,1,0,1,0,0,0
54584807,173,86,87,30,16,14,44,23,21,65,31,34,4,0,4,15,8,7,15,8,7
54584808,53,29,24,11,2,9,30,18,12,7,6,1,0,0,0,3,1,2,2,2,0
54584809,1550,780,770,292,118,174,523,300,223,460,223,237,18,6,12,135,66,69,122,67,55
54586401,112,56,56,21,12,9,40,23,17,26,10,16,3,0,3,14,7,7,8,4,4
54586402,156,76,80,11,4,7,61,31,30,54,27,27,5,2,3,18,8,10,7,4,3
54586403,217,104,113,29,12,17,68,41,27,81,35,46,5,3,2,27,10,17,7,3,4
54586404,151,83,68,20,7,13,50,29,21,44,27,17,0,0,0,23,10,13,14,10,4
54587201,62,32,30,6,3,3,30,16,14,19,10,9,2,0,2,5,3,2,0,0,0
54587202,225,114,111,33,15,18,77,48,29,71,32,39,6,3,3,29,9,20,9,7,2
54587203,51,28,23,6,3,3,22,15,7,13,5,8,0,0,0,9,5,4,1,0,1
53623701,76,33,43,16,5,11,29,16,13,17,6,11,3,1,2,5,2,3,6,3,3
56272601,91,52,39,21,9,12,29,21,8,22,15,7,1,0,1,17,6,11,1,1,0
56254801,88,42,46,16,5,11,35,20,15,21,11,10,3,1,2,8,3,5,5,2,3
56105301,154,78,76,28,11,17,51,32,19,46,19,27,1,1,0,19,10,9,9,5,4
56171101,225,121,104,32,14,18,77,52,25,65,30,35,2,0,2,31,12,19,18,13,5
56171103,23,10,13,2,1,1,11,6,5,7,2,5,1,0,1,1,1,0,1,0,1
56171104,45,24,21,4,1,3,10,7,3,20,9,11,1,0,1,9,7,2,1,0,1
56171105,37,17,20,4,1,3,14,9,5,8,2,6,2,1,1,9,4,5,0,0,0
56171106,62,36,26,10,5,5,23,17,6,14,7,7,0,0,0,8,3,5,7,4,3
56274201,77,39,38,21,11,10,32,17,15,13,5,8,0,0,0,5,1,4,6,5,1
50773301,98,50,48,12,8,4,47,25,22,26,13,13,1,0,1,7,3,4,5,1,4
54602001,21,14,7,2,0,2,11,9,2,4,2,2,0,0,0,4,3,1,0,0,0
54602002,156,79,77,26,13,13,61,37,24,45,17,28,3,1,2,18,9,9,3,2,1
54603801,338,176,162,39,12,27,139,91,48,108,51,57,7,1,6,32,14,18,13,7,6
54603802,126,65,61,15,6,9,65,39,26,29,13,16,0,0,0,10,4,6,7,3,4
54603803,31,14,17,5,1,4,15,10,5,5,2,3,0,0,0,3,1,2,3,0,3
54603804,71,36,35,20,3,17,31,20,11,17,11,6,0,0,0,1,1,0,2,1,1
50919101,137,67,70,27,7,20,64,38,26,29,11,18,0,0,0,6,4,2,11,7,4
54605401,252,135,117,43,18,25,118,73,45,53,24,29,3,1,2,17,7,10,18,12,6
54605402,72,33,39,8,3,5,34,17,17,14,8,6,3,0,3,5,1,4,8,4,4
54605403,42,21,21,10,3,7,20,13,7,10,4,6,1,0,1,0,0,0,1,1,0
54605404,61,30,31,15,3,12,21,15,6,16,8,8,3,1,2,5,2,3,1,1,0
50911601,171,93,78,20,4,16,87,56,31,44,23,21,1,0,1,17,10,7,2,0,2
54608901,2769,1377,1392,438,159,279,1018,557,461,778,392,386,51,23,28,166,76,90,318,170,148
54609701,497,257,240,101,35,66,211,132,79,121,54,67,2,0,2,30,19,11,32,17,15
54609703,22,11,11,1,0,1,7,4,3,6,3,3,1,0,1,4,3,1,3,1,2
54609705,46,24,22,8,2,6,12,10,2,15,5,10,0,0,0,9,5,4,2,2,0
54609706,102,51,51,16,7,9,48,30,18,28,10,18,1,1,0,8,3,5,1,0,1
54609707,55,24,31,7,4,3,31,15,16,6,2,4,0,0,0,9,3,6,2,0,2
54609711,31,17,14,6,4,2,8,5,3,8,3,5,2,0,2,6,4,2,1,1,0
54610101,340,182,158,76,31,45,147,96,51,75,34,41,0,0,0,23,8,15,19,13,6
54610102,34,17,17,8,3,5,15,9,6,7,4,3,0,0,0,2,0,2,2,1,1
54610103,37,18,19,10,5,5,17,9,8,5,1,4,0,0,0,4,2,2,1,1,0
54610104,54,28,26,7,3,4,18,8,10,14,9,5,0,0,0,11,5,6,4,3,1
54610106,44,23,21,15,9,6,19,11,8,4,2,2,1,0,1,2,0,2,3,1,2
54610107,91,44,47,19,5,14,33,20,13,30,17,13,2,0,2,7,2,5,0,0,0
56170301,208,104,104,38,18,20,99,56,43,48,18,30,1,0,1,12,5,7,10,7,3
56170303,61,32,29,11,5,6,18,12,6,20,10,10,1,1,0,9,4,5,2,0,2
56170304,125,67,58,18,3,15,70,43,27,29,17,12,2,1,1,4,1,3,2,2,0
3082180,0,0,0,0,0,0,0,0,0,0,0,0,0,0,0,0,0,0,0,0,0
3082260,0,0,0,0,0,0,0,0,0,0,0,0,0,0,0,0,0,0,0,0,0
3082340,0,0,0,0,0,0,0,0,0,0,0,0,0,0,0,0,0,0,0,0,0
54612701,310,154,156,43,18,25,139,81,58,84,36,48,2,0,2,27,8,19,15,11,4
54612702,116,56,60,10,5,5,46,25,21,37,18,19,3,0,3,16,6,10,4,2,2
54612703,36,19,17,7,2,5,19,11,8,3,2,1,0,0,0,6,3,3,1,1,0
54612704,275,142,133,42,14,28,101,68,33,89,41,48,1,0,1,24,9,15,18,10,8
54612705,77,33,44,14,2,12,28,18,10,20,8,12,0,0,0,9,3,6,6,2,4
54612706,75,38,37,6,3,3,24,13,11,26,12,14,0,0,0,10,5,5,9,5,4
54612707,100,48,52,16,2,14,50,32,18,23,10,13,0,0,0,7,3,4,4,1,3
54612708,41,20,21,3,0,3,21,15,6,10,4,6,0,0,0,6,1,5,1,0,1
54612709,147,78,69,23,9,14,61,38,23,45,22,23,1,1,0,15,8,7,2,0,2
54612710,113,56,57,15,8,7,53,32,21,26,7,19,2,0,2,14,6,8,3,3,0
54612711,118,58,60,18,4,14,48,24,24,39,22,17,0,0,0,11,6,5,2,2,0
54612712,638,308,330,111,35,76,225,122,103,179,80,99,6,1,5,59,31,28,58,39,19
54612713,285,134,151,63,24,39,76,48,28,89,36,53,5,3,2,42,19,23,10,4,6
54612714,762,376,386,91,41,50,265,148,117,279,130,149,6,2,4,115,52,63,6,3,3
54612715,457,231,226,54,21,33,165,99,66,132,62,70,8,2,6,81,39,42,17,8,9
54612716,2437,1140,1297,317,102,215,900,501,399,815,358,457,40,15,25,278,114,164,87,50,37
54614301,42,24,18,7,3,4,24,14,10,4,2,2,1,1,0,2,1,1,4,3,1
54614302,234,121,113,47,19,28,114,66,48,41,19,22,2,0,2,11,4,7,19,13,6
54614303,25,13,12,7,2,5,14,9,5,4,2,2,0,0,0,0,0,0,0,0,0
54614304,24,14,10,15,6,9,5,5,0,2,2,0,0,0,0,0,0,0,2,1,1
54614305,34,16,18,6,0,6,13,9,4,7,3,4,0,0,0,5,1,4,3,3,0
54614306,40,21,19,9,5,4,21,11,10,3,2,1,0,0,0,4,1,3,3,2,1
54614307,97,45,52,41,15,26,33,20,13,9,2,7,0,0,0,2,1,1,12,7,5
54615101,560,278,282,75,30,45,244,144,100,158,59,99,7,4,3,56,28,28,20,13,7
54615102,25,13,12,6,3,3,12,7,5,6,3,3,0,0,0,0,0,0,1,0,1
52975301,61,33,28,5,1,4,22,13,9,25,15,10,1,1,0,7,3,4,1,0,1
56241601,37,22,15,4,0,4,18,13,5,6,4,2,1,0,1,6,3,3,2,2,0
56246701,314,160,154,39,16,23,71,47,24,119,54,65,6,3,3,68,32,36,11,8,3
56260201,66,33,33,8,4,4,20,12,8,21,13,8,1,0,1,14,3,11,2,1,1
56260202,53,31,22,5,3,2,20,13,7,17,7,10,0,0,0,11,8,3,0,0,0
56284001,69,31,38,9,4,5,16,9,7,26,11,15,2,1,1,15,6,9,1,0,1
56284002,269,126,143,37,14,23,100,54,46,70,30,40,3,2,1,44,18,26,15,8,7
50761001,69,35,34,5,3,2,37,23,14,23,7,16,0,0,0,3,2,1,1,0,1
56098702,41,20,21,6,1,5,25,15,10,7,3,4,0,0,0,3,1,2,0,0,0
56281501,177,91,86,24,10,14,76,44,32,45,21,24,3,2,1,22,10,12,7,4,3
50914101,278,132,146,37,12,25,107,56,51,85,48,37,4,1,3,27,8,19,18,7,11
56263701,123,57,66,22,5,17,54,35,19,34,14,20,0,0,0,8,2,6,5,1,4
56269601,37,16,21,3,0,3,14,10,4,10,1,9,0,0,0,2,1,1,8,4,4
56280701,153,74,79,22,7,15,68,37,31,38,11,27,3,2,1,13,9,4,9,8,1
56238601,79,46,33,7,4,3,41,21,20,20,14,6,0,0,0,6,3,3,5,4,1
56238602,215,103,112,36,17,19,88,47,41,62,24,38,1,1,0,16,7,9,12,7,5
54629102,113,55,58,6,1,5,52,32,20,35,12,23,3,0,3,14,8,6,3,2,1
54629103,21,9,12,1,0,1,4,3,1,8,4,4,0,0,0,7,2,5,1,0,1
54629104,57,29,28,7,0,7,15,8,7,18,13,5,1,0,1,15,8,7,1,0,1
54630501,75,37,38,8,2,6,31,18,13,30,14,16,0,0,0,4,2,2,2,1,1
59865801,73,37,36,13,5,8,37,25,12,15,1,14,1,0,1,4,3,1,3,3,0
56278501,65,34,31,13,4,9,31,17,14,9,5,4,1,0,1,3,1,2,8,7,1
54636401,43,19,24,7,0,7,22,13,9,9,4,5,0,0,0,5,2,3,0,0,0
54636402,340,168,172,42,17,25,155,92,63,90,38,52,5,3,2,34,12,22,14,6,8
54636403,82,40,42,13,5,8,31,17,14,19,11,8,5,3,2,9,3,6,5,1,4
0439232,0,0,0,0,0,0,0,0,0,0,0,0,0,0,0,0,0,0,0,0,0
54638102,161,82,79,12,3,9,76,49,27,46,20,26,3,2,1,14,3,11,10,5,5
54638104,55,28,27,7,2,5,23,12,11,17,9,8,0,0,0,4,2,2,4,3,1
56106101,166,85,81,21,9,12,43,31,12,66,29,37,1,0,1,31,13,18,4,3,1
56231901,119,62,57,13,4,9,57,33,24,29,15,14,0,0,0,17,8,9,3,2,1
54640201,313,151,162,49,18,31,168,95,73,62,25,37,3,0,3,15,4,11,16,9,7
54640202,24,15,9,2,1,1,12,9,3,5,4,1,1,0,1,3,0,3,1,1,0
56283101,64,35,29,12,5,7,21,17,4,17,5,12,0,0,0,5,2,3,9,6,3
54644501,37,17,20,6,1,5,16,9,7,8,2,6,0,0,0,7,5,2,0,0,0
54644502,232,112,120,37,17,20,90,53,37,71,28,43,2,0,2,24,7,17,8,7,1
54646101,790,394,396,110,38,72,366,195,171,198,97,101,3,1,2,63,30,33,50,33,17
54646102,189,92,97,28,10,18,83,47,36,39,15,24,2,2,0,18,9,9,19,9,10
54646103,25,16,9,3,1,2,13,9,4,7,4,3,1,1,0,1,1,0,0,0,0
54646104,19,11,8,0,0,0,8,7,1,8,4,4,0,0,0,3,0,3,0,0,0
54646105,27,15,12,4,3,1,14,8,6,5,2,3,0,0,0,2,0,2,2,2,0
54646106,38,22,16,2,0,2,19,13,6,11,5,6,1,1,0,4,2,2,1,1,0
54646107,208,91,117,48,15,33,81,42,39,60,24,36,1,1,0,14,7,7,4,2,2
54646108,79,41,38,7,3,4,33,19,14,28,12,16,1,0,1,6,4,2,4,3,1
54646109,74,36,38,13,2,11,29,21,8,20,8,12,2,1,1,10,4,6,0,0,0
54646110,160,81,79,30,9,21,70,41,29,37,19,18,5,1,4,14,8,6,4,3,1
54650001,44,19,25,7,2,5,13,8,5,13,4,9,2,2,0,8,2,6,1,1,0
54650002,35,17,18,3,0,3,11,6,5,14,7,7,2,1,1,2,1,1,3,2,1
54650004,587,295,292,94,43,51,206,124,82,183,82,101,3,0,3,74,27,47,27,19,8
54650005,22,13,9,2,1,1,6,5,1,8,5,3,3,0,3,2,1,1,1,1,0
54650006,70,34,36,8,3,5,22,13,9,21,8,13,3,1,2,12,6,6,4,3,1
54650007,131,63,68,19,6,13,45,21,24,45,26,19,0,0,0,16,6,10,6,4,2
54650008,17,9,8,1,1,0,2,1,1,7,3,4,1,1,0,4,2,2,2,1,1
56276901,95,48,47,8,5,3,42,26,16,34,13,21,0,0,0,11,4,7,0,0,0
0606070,0,0,0,0,0,0,0,0,0,0,0,0,0,0,0,0,0,0,0,0,0
0606580,0,0,0,0,0,0,0,0,0,0,0,0,0,0,0,0,0,0,0,0,0
3082510,0,0,0,0,0,0,0,0,0,0,0,0,0,0,0,0,0,0,0,0,0
3378030,0,0,0,0,0,0,0,0,0,0,0,0,0,0,0,0,0,0,0,0,0
54588101,195,94,101,33,11,22,68,42,26,58,24,34,4,1,3,27,11,16,5,5,0
54588102,50,29,21,15,8,7,14,8,6,14,9,5,0,0,0,2,1,1,5,3,2
54588103,201,104,97,30,13,17,95,56,39,49,25,24,3,1,2,12,2,10,12,7,5
54588104,217,104,113,24,9,15,73,44,29,82,34,48,7,2,5,28,13,15,3,2,1
54588105,231,110,121,38,12,26,92,56,36,69,30,39,2,0,2,27,10,17,3,2,1
54588106,160,77,83,13,4,9,74,35,39,47,26,21,1,0,1,25,12,13,0,0,0
54588107,202,108,94,25,14,11,49,33,16,87,41,46,2,1,1,37,17,20,2,2,0
54588108,627,270,357,130,42,88,256,119,137,142,62,80,5,5,0,67,29,38,27,13,14
54588109,470,240,230,58,33,25,138,79,59,158,64,94,4,1,3,96,51,45,16,12,4
54588110,333,164,169,44,16,28,90,52,38,111,48,63,6,3,3,78,42,36,4,3,1
54588111,174,78,96,20,6,14,66,40,26,59,22,37,3,1,2,24,8,16,2,1,1
54588112,67,37,30,10,4,6,23,15,8,16,11,5,0,0,0,12,5,7,6,2,4
54588113,498,244,254,90,39,51,128,67,61,135,71,64,9,4,5,106,50,56,30,13,17
54588114,903,405,498,116,44,72,319,168,151,291,112,179,8,1,7,126,54,72,43,26,17
54588115,256,114,142,57,25,32,69,30,39,78,32,46,2,1,1,38,18,20,12,8,4
54588116,1103,496,607,156,56,100,335,178,157,368,152,216,20,7,13,174,77,97,50,26,24
54588117,42,20,22,10,5,5,8,5,3,15,5,10,1,1,0,8,4,4,0,0,0
54588118,683,390,293,100,39,61,124,72,52,153,79,74,13,6,7,88,43,45,205,151,54
54588119,67,38,29,7,3,4,16,10,6,29,14,15,0,0,0,8,5,3,7,6,1
54588122,754,370,384,94,42,52,236,143,93,251,109,142,19,4,15,143,65,78,11,7,4
54588123,1001,449,552,199,75,124,231,124,107,324,137,187,15,3,12,215,102,113,17,8,9
54588126,1059,497,562,138,45,93,292,159,133,366,159,207,19,8,11,219,110,109,25,16,9
54588127,562,248,314,63,26,37,208,110,98,212,74,138,7,2,5,70,34,36,2,2,0
54588129,68,33,35,14,6,8,20,13,7,21,7,14,2,1,1,7,5,2,4,1,3
54588130,197,102,95,26,16,10,59,34,25,59,25,34,1,0,1,41,21,20,11,6,5
54588131,2618,1200,1418,333,119,214,954,475,479,898,385,513,39,15,24,277,136,141,117,70,47
54588132,1424,653,771,182,71,111,510,252,258,461,193,268,20,11,9,162,78,84,89,48,41
54588133,61,29,32,8,2,6,22,13,9,24,11,13,0,0,0,7,3,4,0,0,0
54588134,22,11,11,3,1,2,6,3,3,10,6,4,1,0,1,2,1,1,0,0,0
54588135,24,12,12,4,2,2,9,5,4,5,2,3,0,0,0,5,2,3,1,1,0
54588136,976,453,523,128,56,72,297,159,138,299,128,171,11,5,6,209,89,120,32,16,16
54588137,133,68,65,11,6,5,28,18,10,50,22,28,1,0,1,40,20,20,3,2,1
54588138,2001,903,1098,242,90,152,627,322,305,699,304,395,33,5,28,318,138,180,82,44,38
56249101,87,48,39,8,5,3,35,19,16,33,20,13,3,0,3,5,1,4,3,3,0
59863101,66,32,34,7,3,4,23,14,9,25,9,16,1,0,1,9,5,4,1,1,0
54654201,1592,793,799,223,83,140,579,352,227,500,219,281,21,10,11,153,65,88,116,64,52
54654202,39,21,18,6,3,3,16,11,5,11,5,6,1,0,1,4,2,2,1,0,1
54654203,19,10,9,4,1,3,5,4,1,6,3,3,2,2,0,2,0,2,0,0,0
54654204,73,37,36,8,3,5,32,20,12,20,9,11,1,1,0,10,2,8,2,2,0
54654205,87,47,40,6,3,3,36,22,14,23,10,13,2,2,0,14,7,7,6,3,3
56268801,146,75,71,17,6,11,55,33,22,40,19,21,0,0,0,20,11,9,14,6,8
50910801,251,125,126,25,11,14,102,68,34,73,26,47,9,2,7,30,14,16,12,4,8
50835701,141,79,62,17,6,11,74,51,23,36,14,22,0,0,0,10,8,2,4,0,4
0775692,0,0,0,0,0,0,0,0,0,0,0,0,0,0,0,0,0,0,0,0,0
0775772,0,0,0,0,0,0,0,0,0,0,0,0,0,0,0,0,0,0,0,0,0
54661503,961,484,477,163,58,105,391,223,168,253,121,132,6,4,2,94,41,53,54,37,17
54661504,48,26,22,4,1,3,23,16,7,13,5,8,0,0,0,4,2,2,4,2,2
54661505,76,39,37,16,6,10,28,18,10,17,7,10,0,0,0,12,7,5,3,1,2
54661508,20,8,12,2,1,1,5,1,4,9,4,5,0,0,0,4,2,2,0,0,0
54661509,84,44,40,19,7,12,38,23,15,13,6,7,1,0,1,9,5,4,4,3,1
54662302,446,236,210,61,25,36,188,106,82,128,68,60,4,2,2,41,23,18,24,12,12
54666601,362,186,176,61,24,37,168,97,71,86,42,44,3,0,3,20,10,10,24,13,11
54666602,20,8,12,2,0,2,11,5,6,6,2,4,0,0,0,1,1,0,0,0,0
54666603,154,83,71,34,14,20,63,41,22,33,17,16,4,2,2,11,4,7,9,5,4
54667401,1422,684,738,209,88,121,522,272,250,431,209,222,18,7,11,160,66,94,82,42,40
50850101,347,168,179,41,11,30,114,70,44,113,55,58,5,1,4,52,20,32,22,11,11
54671201,98,51,47,11,6,5,31,20,11,34,17,17,6,1,5,11,4,7,5,3,2
54671202,34,15,19,2,0,2,12,7,5,12,2,10,1,1,0,5,4,1,2,1,1
54671203,265,125,140,46,15,31,116,63,53,66,32,34,4,1,3,15,3,12,18,11,7
1986250,0,0,0,0,0,0,0,0,0,0,0,0,0,0,0,0,0,0,0,0,0
54679801,119,61,58,32,10,22,43,32,11,28,11,17,0,0,0,10,5,5,6,3,3
54679802,30,16,14,4,1,3,14,6,8,9,6,3,0,0,0,0,0,0,3,3,0
54679803,120,60,60,25,13,12,53,26,27,20,7,13,3,2,1,9,4,5,10,8,2
54679804,34,19,15,6,2,4,16,10,6,6,4,2,0,0,0,3,1,2,3,2,1
54679806,45,22,23,13,5,8,17,10,7,6,1,5,0,0,0,6,4,2,3,2,1
54679808,2061,1008,1053,373,134,239,873,493,380,528,242,286,24,8,16,147,68,79,116,63,53
54679809,59,33,26,5,2,3,30,20,10,15,7,8,0,0,0,8,3,5,1,1,0
54679811,44,21,23,8,3,5,15,8,7,17,6,11,0,0,0,2,2,0,2,2,0
54679812,50,25,25,7,4,3,21,13,8,16,5,11,0,0,0,4,1,3,2,2,0
54679814,17,7,10,1,1,0,2,1,1,6,2,4,1,1,0,5,2,3,2,0,2
54679815,27,15,12,5,3,2,9,5,4,4,3,1,0,0,0,7,3,4,2,1,1
56273401,99,52,47,17,7,10,44,28,16,20,9,11,1,0,1,10,2,8,7,6,1
54680101,23,12,11,3,0,3,11,7,4,8,5,3,0,0,0,0,0,0,1,0,1
54680103,1834,894,940,273,107,166,795,452,343,527,219,308,21,11,10,132,59,73,86,46,40
56236001,166,88,78,22,11,11,73,42,31,50,27,23,3,1,2,7,2,5,11,5,6
56236002,19,11,8,3,0,3,9,7,2,4,3,1,1,0,1,0,0,0,2,1,1
56236003,54,28,26,11,3,8,24,17,7,16,7,9,1,0,1,1,0,1,1,1,0
56236005,35,21,14,11,4,7,12,8,4,6,3,3,1,1,0,3,3,0,2,2,0
54684401,113,54,59,17,5,12,49,27,22,31,15,16,2,2,0,10,1,9,4,4,0
54684402,19,12,7,0,0,0,9,6,3,7,4,3,0,0,0,2,1,1,1,1,0
54684403,87,51,36,8,2,6,36,25,11,22,11,11,2,0,2,9,6,3,10,7,3
54684404,65,34,31,3,1,2,30,16,14,16,10,6,0,0,0,13,7,6,3,0,3
54684405,296,151,145,35,12,23,106,64,42,93,39,54,1,0,1,28,11,17,33,25,8
56247501,181,88,93,28,11,17,75,41,34,53,25,28,5,1,4,15,7,8,5,3,2
50771701,92,51,41,20,10,10,49,30,19,12,4,8,1,1,0,6,3,3,4,3,1
50771702,237,124,113,35,13,22,114,72,42,60,28,32,1,0,1,16,5,11,11,6,5
50771703,36,20,16,7,3,4,15,11,4,8,3,5,1,0,1,3,2,1,2,1,1
54691701,37,17,20,7,3,4,15,9,6,9,1,8,0,0,0,1,1,0,5,3,2
54691703,35,19,16,9,5,4,18,11,7,7,3,4,0,0,0,0,0,0,1,0,1
54691705,22,10,12,6,1,5,8,5,3,3,2,1,0,0,0,4,2,2,1,0,1
54691706,239,124,115,60,21,39,110,61,49,39,19,20,2,0,2,5,4,1,23,19,4
54691707,49,22,27,10,2,8,22,12,10,8,2,6,0,0,0,6,4,2,3,2,1
56107001,84,44,40,11,5,6,31,22,9,29,11,18,1,0,1,7,4,3,5,2,3
50907801,369,175,194,46,16,30,141,74,67,120,61,59,3,1,2,36,11,25,23,12,11
50762801,149,77,72,18,7,11,68,41,27,37,19,18,1,1,0,19,3,16,6,6,0
54696801,21,8,13,3,0,3,9,5,4,3,1,2,0,0,0,6,2,4,0,0,0
54696802,83,39,44,11,4,7,44,24,20,21,9,12,0,0,0,7,2,5,0,0,0
54696803,83,44,39,14,7,7,37,18,19,19,13,6,0,0,0,5,2,3,8,4,4
54696804,25,13,12,2,1,1,10,8,2,9,2,7,0,0,0,4,2,2,0,0,0
54696805,45,25,20,5,1,4,21,16,5,17,7,10,0,0,0,2,1,1,0,0,0
54696806,165,88,77,21,11,10,69,40,29,58,25,33,0,0,0,7,3,4,10,9,1
54696807,36,20,16,3,2,1,16,11,5,8,4,4,0,0,0,7,2,5,2,1,1
54696808,45,24,21,2,2,0,20,12,8,18,7,11,0,0,0,5,3,2,0,0,0
56245901,96,46,50,13,5,8,36,21,15,37,17,20,1,0,1,7,3,4,2,0,2
56267001,99,54,45,15,8,7,39,21,18,26,13,13,2,0,2,7,7,0,10,5,5
56265301,72,38,34,9,4,5,34,19,15,19,8,11,0,0,0,9,6,3,1,1,0
54699201,64,35,29,9,3,6,32,21,11,17,9,8,1,0,1,3,1,2,2,1,1
54699203,321,164,157,43,19,24,148,86,62,83,34,49,3,0,3,28,12,16,16,13,3
56108802,235,120,115,32,10,22,83,50,33,74,36,38,3,0,3,35,19,16,8,5,3
1986170,0,0,0,0,0,0,0,0,0,0,0,0,0,0,0,0,0,0,0,0,0
54706901,57,30,27,7,2,5,19,14,5,13,3,10,0,0,0,10,5,5,8,6,2
54706903,447,239,208,104,40,64,168,106,62,102,56,46,5,4,1,29,10,19,39,23,16
50778401,165,82,83,22,7,15,57,36,21,56,24,32,1,0,1,21,12,9,8,3,5
54708501,207,112,95,21,11,10,83,52,31,65,33,32,4,2,2,24,6,18,10,8,2
54708502,298,156,142,35,14,21,89,54,35,93,48,45,9,2,7,57,28,29,15,10,5
50800401,167,84,83,24,8,16,71,48,23,47,21,26,1,0,1,19,5,14,5,2,3
56099501,53,24,29,7,1,6,25,13,12,16,7,9,0,0,0,3,1,2,2,2,0
1985280,0,0,0,0,0,0,0,0,0,0,0,0,0,0,0,0,0,0,0,0,0
54716603,49,31,18,6,4,2,20,16,4,17,8,9,0,0,0,3,1,2,3,2,1
54716604,1827,926,901,294,100,194,817,469,348,428,209,219,17,6,11,142,63,79,129,79,50
54716606,40,19,21,6,0,6,19,12,7,8,4,4,0,0,0,5,2,3,2,1,1
54716607,34,17,17,9,3,6,12,9,3,7,1,6,0,0,0,4,2,2,2,2,0
56104502,96,44,52,17,5,12,35,19,16,27,10,17,0,0,0,13,8,5,4,2,2
56237801,113,63,50,7,2,5,53,31,22,34,17,17,2,0,2,9,8,1,8,5,3
56237802,61,29,32,8,2,6,23,12,11,22,12,10,1,0,1,5,1,4,2,2,0
54720401,31,15,16,5,1,4,11,5,6,9,7,2,0,0,0,3,0,3,3,2,1
54720403,347,180,167,77,29,48,147,89,58,76,32,44,1,0,1,22,11,11,24,19,5
54720404,50,24,26,13,5,8,15,9,6,8,4,4,2,1,1,6,2,4,6,3,3
1985360,0,0,0,0,0,0,0,0,0,0,0,0,0,0,0,0,0,0,0,0,0
1985440,0,0,0,0,0,0,0,0,0,0,0,0,0,0,0,0,0,0,0,0,0
1985520,0,0,0,0,0,0,0,0,0,0,0,0,0,0,0,0,0,0,0,0,0
1985610,0,0,0,0,0,0,0,0,0,0,0,0,0,0,0,0,0,0,0,0,0
1985790,0,0,0,0,0,0,0,0,0,0,0,0,0,0,0,0,0,0,0,0,0
1985870,0,0,0,0,0,0,0,0,0,0,0,0,0,0,0,0,0,0,0,0,0
1985950,0,0,0,0,0,0,0,0,0,0,0,0,0,0,0,0,0,0,0,0,0
1986090,0,0,0,0,0,0,0,0,0,0,0,0,0,0,0,0,0,0,0,0,0
54721204,341,180,161,77,25,52,159,101,58,52,24,28,2,1,1,15,4,11,36,25,11
54721207,34,19,15,8,4,4,7,5,2,6,3,3,0,0,0,10,6,4,3,1,2
54722101,76,33,43,12,3,9,32,16,16,14,7,7,1,0,1,15,6,9,2,1,1
54722102,18,8,10,2,1,1,5,1,4,9,5,4,0,0,0,2,1,1,0,0,0
54722103,14,6,8,2,1,1,6,3,3,2,1,1,0,0,0,4,1,3,0,0,0
54722105,600,282,318,71,12,59,249,138,111,163,70,93,7,2,5,72,38,34,38,22,16
54723901,181,93,88,33,13,20,76,42,34,46,22,24,3,1,2,8,4,4,15,11,4
54723902,52,25,27,8,1,7,24,15,9,10,5,5,0,0,0,6,3,3,4,1,3
54723903,60,27,33,17,7,10,22,10,12,15,7,8,0,0,0,3,1,2,3,2,1
54723905,858,429,429,114,41,73,375,220,155,238,104,134,13,4,9,66,27,39,52,33,19
54724701,67,33,34,11,7,4,28,14,14,14,4,10,1,1,0,8,4,4,5,3,2
54724702,114,57,57,14,7,7,51,25,26,29,16,13,0,0,0,15,6,9,5,3,2
54724703,219,110,109,26,10,16,94,54,40,49,21,28,6,1,5,24,12,12,20,12,8
50815203,137,77,60,26,11,15,43,25,18,39,20,19,4,3,1,11,6,5,14,12,2
50815204,273,136,137,47,13,34,126,76,50,63,28,35,3,1,2,8,2,6,26,16,10
50815205,50,21,29,15,4,11,20,10,10,12,5,7,0,0,0,3,2,1,0,0,0
54726301,50,20,30,6,1,5,25,14,11,8,3,5,1,0,1,8,2,6,2,0,2
54726302,35,17,18,6,3,3,8,4,4,10,7,3,0,0,0,9,3,6,2,0,2
54726303,99,49,50,17,7,10,55,32,23,18,6,12,1,0,1,6,4,2,2,0,2
54726304,66,35,31,7,1,6,24,15,9,26,16,10,0,0,0,7,2,5,2,1,1
54726305,77,37,40,8,4,4,35,18,17,22,10,12,1,0,1,9,4,5,2,1,1
54726307,29,13,16,7,2,5,10,6,4,5,1,4,3,1,2,4,3,1,0,0,0
54726308,1355,670,685,214,74,140,586,322,264,338,162,176,13,3,10,122,56,66,82,53,29
54726309,68,37,31,14,3,11,27,19,8,16,11,5,0,0,0,10,3,7,1,1,0
54726310,24,12,12,1,1,0,9,4,5,8,4,4,0,0,0,4,1,3,2,2,0
54726311,18,12,6,2,1,1,3,3,0,8,5,3,0,0,0,5,3,2,0,0,0
54728001,47,24,23,1,0,1,17,11,6,22,9,13,2,2,0,4,2,2,1,0,1
54728002,109,58,51,15,6,9,46,28,18,30,18,12,2,1,1,16,5,11,0,0,0
54728003,73,36,37,10,2,8,21,13,8,30,15,15,4,3,1,8,3,5,0,0,0
54728004,180,93,87,24,13,11,67,41,26,59,24,35,3,1,2,19,11,8,8,3,5
54728006,2228,1089,1139,342,121,221,845,460,385,664,332,332,24,9,15,216,93,123,137,74,63
54728008,57,28,29,7,3,4,23,15,8,19,8,11,2,0,2,5,1,4,1,1,0
54728009,36,20,16,6,2,4,15,10,5,7,3,4,1,1,0,7,4,3,0,0,0
54728010,211,94,117,39,9,30,92,50,42,52,24,28,4,3,1,21,6,15,3,2,1
56102901,117,59,58,19,7,12,50,29,21,32,13,19,0,0,0,11,8,3,5,2,3
56232701,242,124,118,33,12,21,93,55,38,69,33,36,2,0,2,38,20,18,7,4,3
1703210,0,0,0,0,0,0,0,0,0,0,0,0,0,0,0,0,0,0,0,0,0
3082850,0,0,0,0,0,0,0,0,0,0,0,0,0,0,0,0,0,0,0,0,0
54733601,23,11,12,2,1,1,6,3,3,10,4,6,0,0,0,5,3,2,0,0,0
54733602,276,144,132,40,20,20,104,59,45,83,44,39,5,0,5,37,16,21,7,5,2
54733603,597,294,303,48,20,28,187,102,85,230,112,118,8,1,7,108,52,56,16,7,9
54733604,46,21,25,11,2,9,26,14,12,6,4,2,2,1,1,1,0,1,0,0,0
54733605,19,12,7,3,3,0,7,4,3,3,1,2,0,0,0,2,1,1,4,3,1
54733606,108,58,50,16,7,9,48,32,16,33,15,18,0,0,0,7,3,4,4,1,3
54733607,21,11,10,6,3,3,9,6,3,3,1,2,0,0,0,3,1,2,0,0,0
54733608,99,49,50,7,4,3,38,18,20,36,17,19,1,0,1,17,10,7,0,0,0
54733609,195,97,98,32,10,22,82,53,29,55,23,32,1,1,0,17,8,9,8,2,6
54733610,172,83,89,18,9,9,47,22,25,59,29,30,3,0,3,43,23,20,2,0,2
54733612,317,162,155,42,16,26,96,58,38,105,43,62,2,1,1,63,39,24,9,5,4
54733614,800,368,432,102,37,65,275,146,129,278,124,154,15,6,9,102,42,60,28,13,15
54733615,22,11,11,0,0,0,1,1,0,4,2,2,0,0,0,16,8,8,1,0,1
54733616,80,39,41,7,0,7,18,12,6,33,16,17,2,0,2,20,11,9,0,0,0
54733617,658,321,337,70,32,38,185,104,81,234,104,130,11,4,7,141,68,73,17,9,8
54733618,175,83,92,17,7,10,55,31,24,56,25,31,4,1,3,28,14,14,15,5,10
54733619,2014,912,1102,233,78,155,621,312,309,670,287,383,34,13,21,341,149,192,115,73,42
54733620,147,72,75,24,10,14,38,21,17,47,20,27,2,0,2,26,13,13,10,8,2
54733622,1030,499,531,97,37,60,280,147,133,375,181,194,20,8,12,235,113,122,23,13,10
54733623,48,17,31,0,0,0,16,8,8,20,7,13,1,1,0,11,1,10,0,0,0
50764401,57,29,28,7,2,5,18,10,8,20,10,10,1,0,1,9,5,4,2,2,0
56259901,183,92,91,35,17,18,75,40,35,45,21,24,1,1,0,12,3,9,15,10,5
56103701,46,26,20,10,5,5,18,10,8,11,6,5,1,1,0,5,3,2,1,1,0
56103702,17,9,8,1,1,0,4,1,3,9,4,5,0,0,0,3,3,0,0,0,0
50765201,75,39,36,11,5,6,31,18,13,18,7,11,2,1,1,11,7,4,2,1,1
59864001,38,23,15,4,3,1,15,10,5,11,6,5,0,0,0,5,2,3,3,2,1
54744101,71,40,31,16,9,7,23,14,9,22,13,9,1,0,1,4,2,2,5,2,3
54744102,36,20,16,5,3,2,17,12,5,5,1,4,2,0,2,6,4,2,1,0,1
54744104,87,44,43,13,4,9,33,21,12,20,7,13,0,0,0,15,9,6,6,3,3
54744105,33,17,16,6,3,3,10,7,3,9,4,5,2,0,2,3,2,1,3,1,2
54744107,128,64,64,13,5,8,63,34,29,39,20,19,1,0,1,11,4,7,1,1,0
54744108,20,10,10,1,0,1,7,5,2,6,2,4,1,0,1,3,1,2,2,2,0
54744109,211,111,100,26,10,16,83,55,28,59,30,29,1,1,0,33,9,24,9,6,3
56262901,105,52,53,17,8,9,48,28,20,26,9,17,0,0,0,12,5,7,2,2,0
50868301,61,31,30,2,1,1,15,10,5,23,10,13,2,0,2,16,9,7,3,1,2
50769501,96,53,43,9,4,5,48,32,16,30,13,17,1,1,0,5,1,4,3,2,1
54746801,18,11,7,2,0,2,4,4,0,8,4,4,0,0,0,2,1,1,2,2,0
54746802,187,96,91,34,14,20,85,55,30,39,12,27,4,2,2,16,6,10,9,7,2
52976101,93,47,46,8,4,4,44,24,20,26,11,15,2,1,1,9,4,5,4,3,1
56242401,41,17,24,8,1,7,22,13,9,5,1,4,1,0,1,0,0,0,5,2,3
54925801,369,189,180,41,17,24,145,79,66,104,53,51,4,3,1,60,28,32,15,9,6
54925802,34,19,15,9,4,5,8,7,1,7,3,4,1,0,1,6,4,2,3,1,2
54925803,98,47,51,14,5,9,48,32,16,30,9,21,1,0,1,3,1,2,2,0,2
54925806,44,25,19,2,0,2,22,12,10,14,8,6,0,0,0,5,4,1,1,1,0
54925809,140,78,62,25,12,13,60,40,20,38,20,18,0,0,0,6,2,4,11,4,7
54925810,100,53,47,9,2,7,32,20,12,32,16,16,1,0,1,19,11,8,7,4,3
0026912,0,0,0,0,0,0,0,0,0,0,0,0,0,0,0,0,0,0,0,0,0
54926601,727,353,374,81,29,52,289,174,115,242,100,142,10,3,7,74,35,39,31,12,19
54926602,35,16,19,2,1,1,3,1,2,17,8,9,0,0,0,12,6,6,1,0,1
54926603,57,31,26,2,1,1,24,13,11,19,9,10,0,0,0,8,5,3,4,3,1
54926604,33,18,15,3,2,1,15,8,7,9,5,4,0,0,0,5,3,2,1,0,1
54926605,25,14,11,1,0,1,17,12,5,5,1,4,1,0,1,0,0,0,1,1,0
54926606,74,40,34,9,3,6,41,23,18,19,12,7,0,0,0,3,0,3,2,2,0
54926607,72,38,34,8,3,5,37,24,13,18,7,11,1,1,0,7,3,4,1,0,1
54926608,23,12,11,5,2,3,10,6,4,4,2,2,0,0,0,3,1,2,1,1,0
54926609,96,49,47,10,4,6,35,17,18,36,19,17,2,1,1,10,5,5,3,3,0
59878001,176,88,88,14,4,10,80,51,29,54,19,35,3,1,2,16,7,9,9,6,3
56212201,175,88,87,25,9,16,69,46,23,52,20,32,5,2,3,17,6,11,7,5,2
54929101,288,145,143,26,9,17,124,71,53,91,43,48,4,2,2,30,15,15,13,5,8
54930401,237,111,126,26,7,19,94,55,39,74,32,42,5,1,4,29,13,16,9,3,6
54932101,100,49,51,17,4,13,40,26,14,25,8,17,1,0,1,12,8,4,5,3,2
54932102,28,14,14,4,2,2,8,4,4,11,5,6,0,0,0,5,3,2,0,0,0
54933901,699,346,353,69,32,37,273,146,127,250,119,131,8,3,5,74,33,41,25,13,12
54933902,33,18,15,3,0,3,12,8,4,12,5,7,0,0,0,6,5,1,0,0,0
54933903,82,43,39,17,5,12,31,22,9,23,12,11,1,0,1,8,4,4,2,0,2
54934702,53,32,21,1,0,1,20,16,4,17,8,9,1,1,0,14,7,7,0,0,0
54934703,105,56,49,20,10,10,26,16,10,36,16,20,2,1,1,17,11,6,4,2,2
54934704,487,242,245,45,22,23,168,94,74,144,63,81,6,2,4,98,43,55,26,18,8
54934705,101,50,51,15,10,5,32,19,13,37,14,23,3,1,2,11,4,7,3,2,1
54934706,68,37,31,9,6,3,15,9,6,23,11,12,1,0,1,16,9,7,4,2,2
54934708,102,48,54,13,2,11,36,20,16,32,18,14,2,2,0,18,5,13,1,1,0
54934709,123,66,57,12,7,5,32,20,12,45,18,27,7,4,3,24,14,10,3,3,0
54934710,39,15,24,6,0,6,18,9,9,11,5,6,0,0,0,4,1,3,0,0,0
54936301,236,123,113,21,9,12,97,58,39,68,28,40,4,1,3,33,16,17,13,11,2
54936302,115,64,51,9,4,5,51,29,22,43,24,19,0,0,0,11,6,5,1,1,0
54936303,190,90,100,25,12,13,45,23,22,72,34,38,10,6,4,31,10,21,7,5,2
54936304,121,60,61,9,1,8,51,36,15,42,17,25,0,0,0,14,2,12,5,4,1
54936305,144,71,73,12,5,7,68,42,26,43,16,27,1,0,1,16,5,11,4,3,1
56230101,86,45,41,14,9,5,42,21,21,13,6,7,2,1,1,11,6,5,4,2,2
56230102,21,8,13,2,0,2,5,2,3,6,2,4,2,1,1,6,3,3,0,0,0
56230103,88,47,41,12,3,9,27,19,8,28,16,12,2,0,2,11,6,5,8,3,5
54938001,54,27,27,5,2,3,18,10,8,24,10,14,0,0,0,5,3,2,2,2,0
54938002,71,36,35,10,3,7,26,15,11,16,7,9,2,1,1,12,5,7,5,5,0
54938003,107,42,65,38,13,25,33,15,18,25,8,17,0,0,0,2,0,2,9,6,3
54938004,82,42,40,13,6,7,35,19,16,23,11,12,0,0,0,8,4,4,3,2,1
54938005,34,13,21,4,1,3,12,6,6,11,3,8,1,0,1,4,2,2,2,1,1
54938006,38,16,22,3,0,3,19,11,8,8,2,6,0,0,0,6,2,4,2,1,1
54938007,46,22,24,9,3,6,10,6,4,16,9,7,1,0,1,10,4,6,0,0,0
54938008,90,47,43,10,3,7,34,24,10,28,12,16,1,0,1,11,3,8,6,5,1
54939801,204,105,99,19,12,7,79,46,33,66,33,33,2,1,1,29,7,22,9,6,3
54939802,21,10,11,4,3,1,8,3,5,6,3,3,1,0,1,1,0,1,1,1,0
56152501,117,58,59,13,6,7,44,22,22,35,21,14,2,1,1,19,5,14,4,3,1
54941001,44,21,23,9,1,8,14,11,3,12,5,7,0,0,0,6,3,3,3,1,2
54941002,85,44,41,14,7,7,33,23,10,26,8,18,2,2,0,8,3,5,2,1,1
54941003,51,28,23,6,4,2,23,13,10,16,7,9,0,0,0,3,1,2,3,3,0
54941004,46,21,25,13,3,10,11,8,3,14,7,7,0,0,0,8,3,5,0,0,0
54942801,189,105,84,23,14,9,83,54,29,58,24,34,1,0,1,14,7,7,10,6,4
54942802,27,12,15,5,1,4,5,3,2,12,5,7,2,1,1,3,2,1,0,0,0
54942803,70,37,33,8,1,7,33,21,12,23,11,12,0,0,0,5,3,2,1,1,0
54942804,118,62,56,20,9,11,61,37,24,32,14,18,0,0,0,4,2,2,1,0,1
54945201,366,188,178,45,15,30,142,91,51,113,49,64,5,1,4,41,22,19,20,10,10
54945203,47,24,23,8,2,6,16,12,4,16,6,10,2,0,2,3,2,1,2,2,0
54945204,38,23,15,2,0,2,17,15,2,11,4,7,2,2,0,6,2,4,0,0,0
54945207,85,46,39,7,2,5,42,27,15,19,8,11,4,1,3,11,7,4,2,1,1
54945208,48,25,23,6,3,3,12,9,3,18,9,9,2,0,2,8,3,5,2,1,1
54945209,25,14,11,1,0,1,10,5,5,11,7,4,0,0,0,2,1,1,1,1,0
54945210,20,10,10,2,1,1,7,5,2,7,3,4,0,0,0,4,1,3,0,0,0
54945211,32,16,16,8,2,6,15,9,6,7,3,4,0,0,0,0,0,0,2,2,0
54945212,33,17,16,6,2,4,17,11,6,6,1,5,0,0,0,3,2,1,1,1,0
54945213,88,49,39,17,6,11,38,25,13,25,13,12,1,1,0,3,2,1,4,2,2
54945214,23,12,11,4,1,3,11,7,4,4,2,2,0,0,0,2,1,1,2,1,1
54945220,34,16,18,13,3,10,9,6,3,12,7,5,0,0,0,0,0,0,0,0,0
54947901,48,23,25,2,1,1,19,9,10,19,10,9,2,2,0,5,1,4,1,0,1
54947902,137,67,70,17,4,13,61,31,30,39,20,19,1,1,0,9,5,4,10,6,4
54947903,75,37,38,11,7,4,17,9,8,18,7,11,1,0,1,21,11,10,7,3,4
56208401,93,49,44,18,6,12,32,21,11,25,13,12,1,0,1,12,5,7,5,4,1
54948701,188,94,94,20,9,11,74,41,33,55,27,28,5,1,4,29,12,17,5,4,1
54948702,205,110,95,25,6,19,86,52,34,55,28,27,2,0,2,17,9,8,20,15,5
54948703,32,18,14,3,2,1,9,7,2,14,6,8,0,0,0,6,3,3,0,0,0
54948704,102,56,46,12,6,6,42,29,13,30,13,17,2,1,1,11,4,7,5,3,2
54948705,63,31,32,12,7,5,16,10,6,19,7,12,2,0,2,10,5,5,4,2,2
54949501,31,16,15,8,2,6,13,9,4,7,4,3,0,0,0,3,1,2,0,0,0
54949502,416,212,204,53,23,30,160,96,64,123,59,64,10,3,7,43,16,27,27,15,12
54949504,47,23,24,9,4,5,10,8,2,20,8,12,0,0,0,5,2,3,3,1,2
54950901,181,91,90,23,10,13,71,42,29,58,25,33,2,1,1,13,4,9,14,9,5
54950902,52,26,26,8,4,4,24,12,12,14,7,7,0,0,0,4,2,2,2,1,1
54950903,62,28,34,8,2,6,26,14,12,15,5,10,1,1,0,11,5,6,1,1,0
54950904,45,24,21,3,0,3,24,16,8,11,2,9,0,0,0,7,6,1,0,0,0
1898710,0,0,0,0,0,0,0,0,0,0,0,0,0,0,0,0,0,0,0,0,0
54951701,22,13,9,2,1,1,11,6,5,7,5,2,0,0,0,2,1,1,0,0,0
54951702,56,30,26,4,1,3,25,14,11,14,5,9,2,1,1,7,5,2,4,4,0
54951704,20,11,9,1,0,1,4,3,1,7,4,3,0,0,0,6,2,4,2,2,0
54951705,588,277,311,58,23,35,235,129,106,172,78,94,9,2,7,88,33,55,26,12,14
54951706,74,36,38,9,3,6,36,21,15,18,8,10,2,0,2,7,4,3,2,0,2
54951708,23,12,11,3,0,3,8,5,3,6,3,3,0,0,0,3,2,1,3,2,1
54951709,36,21,15,5,2,3,9,6,3,14,9,5,2,1,1,4,2,2,2,1,1
54951710,36,18,18,5,1,4,16,11,5,9,3,6,1,1,0,5,2,3,0,0,0
54951713,44,21,23,7,0,7,22,14,8,8,4,4,0,0,0,7,3,4,0,0,0
54951714,64,32,32,10,6,4,28,15,13,14,6,8,1,0,1,4,2,2,7,3,4
54951715,120,58,62,15,3,12,67,39,28,24,9,15,0,0,0,8,2,6,6,5,1
54951717,116,58,58,17,5,12,55,33,22,26,13,13,1,0,1,8,1,7,9,6,3
54951718,21,12,9,3,3,0,9,5,4,8,3,5,0,0,0,0,0,0,1,1,0
54951719,13,7,6,0,0,0,4,2,2,4,2,2,0,0,0,5,3,2,0,0,0
54951721,17,8,9,1,0,1,7,4,3,6,3,3,0,0,0,3,1,2,0,0,0
56155001,44,20,24,5,1,4,16,8,8,12,6,6,0,0,0,11,5,6,0,0,0
54952501,111,52,59,18,6,12,37,19,18,36,18,18,0,0,0,15,6,9,5,3,2
54952502,53,28,25,12,8,4,11,6,5,20,9,11,0,0,0,8,5,3,2,0,2
56218101,153,78,75,21,9,12,68,41,27,37,15,22,5,2,3,20,9,11,2,2,0
50975201,76,44,32,7,2,5,28,17,11,27,20,7,0,0,0,10,2,8,4,3,1
54954101,159,82,77,26,12,14,77,49,28,35,12,23,3,1,2,8,3,5,10,5,5
59880102,64,34,30,11,4,7,29,19,10,13,6,7,1,1,0,3,1,2,7,3,4
59880103,18,8,10,2,0,2,5,3,2,7,3,4,1,0,1,2,1,1,1,1,0
54956801,190,98,92,35,14,21,93,60,33,45,17,28,0,0,0,8,2,6,9,5,4
54956802,53,27,26,5,3,2,27,14,13,13,7,6,1,0,1,5,3,2,2,0,2
54957601,58,34,24,12,7,5,35,24,11,9,2,7,0,0,0,2,1,1,0,0,0
54957602,17,10,7,1,0,1,9,4,5,4,3,1,0,0,0,1,1,0,2,2,0
54957603,35,17,18,10,3,7,13,9,4,10,5,5,0,0,0,2,0,2,0,0,0
54957604,24,10,14,4,1,3,11,7,4,6,1,5,1,0,1,2,1,1,0,0,0
54957605,87,48,39,13,5,8,41,25,16,26,14,12,0,0,0,3,1,2,4,3,1
54957606,124,61,63,14,6,8,52,29,23,42,17,25,2,1,1,11,6,5,3,2,1
54957607,33,13,20,2,1,1,6,3,3,12,3,9,1,0,1,12,6,6,0,0,0
54957608,2336,1088,1248,322,100,222,889,473,416,708,329,379,45,17,28,241,94,147,131,75,56
54957609,1367,655,712,127,40,87,478,264,214,502,238,264,25,8,17,201,87,114,34,18,16
54957610,242,109,133,37,7,30,86,47,39,85,40,45,1,0,1,26,11,15,7,4,3
54957611,30,16,14,3,2,1,8,6,2,9,4,5,0,0,0,9,3,6,1,1,0
54957613,313,157,156,39,12,27,88,53,35,125,60,65,10,4,6,45,23,22,6,5,1
54957614,1222,608,614,167,65,102,435,242,193,382,164,218,13,5,8,125,58,67,100,74,26
54957615,632,307,325,48,18,30,218,116,102,247,115,132,12,4,8,92,47,45,15,7,8
54957616,320,158,162,38,11,27,90,52,38,99,42,57,5,1,4,61,31,30,27,21,6
56214901,24,13,11,4,1,3,8,6,2,7,4,3,1,0,1,3,2,1,1,0,1
54958402,60,32,28,9,5,4,22,14,8,18,10,8,1,0,1,8,2,6,2,1,1
54958403,42,21,21,6,2,4,10,7,3,15,7,8,2,1,1,5,3,2,4,1,3
54958404,786,406,380,134,62,72,335,195,140,214,101,113,10,2,8,65,27,38,28,19,9
54958405,32,19,13,5,4,1,7,3,4,8,6,2,0,0,0,10,4,6,2,2,0
54958408,67,38,29,13,5,8,23,17,6,18,9,9,1,1,0,9,3,6,3,3,0
54959201,40,23,17,5,3,2,18,12,6,12,7,5,0,0,0,3,0,3,2,1,1
54959203,27,11,16,1,1,0,11,7,4,9,3,6,0,0,0,5,0,5,1,0,1
54959204,1112,548,564,165,57,108,403,238,165,336,155,181,17,5,12,85,30,55,106,63,43
54959205,23,11,12,5,4,1,6,1,5,9,5,4,1,0,1,0,0,0,2,1,1
54959206,64,34,30,6,2,4,20,13,7,28,15,13,1,1,0,5,2,3,4,1,3
54959207,37,19,18,9,4,5,14,7,7,11,5,6,0,0,0,1,1,0,2,2,0
54959209,35,20,15,5,1,4,15,10,5,7,4,3,0,0,0,3,1,2,5,4,1
54960601,29,16,13,2,0,2,14,11,3,8,2,6,1,0,1,1,1,0,3,2,1
54960602,51,22,29,9,4,5,20,7,13,13,7,6,2,1,1,6,2,4,1,1,0
54960603,33,15,18,2,0,2,16,8,8,9,3,6,0,0,0,5,4,1,1,0,1
54960606,81,42,39,5,1,4,39,21,18,20,10,10,0,0,0,9,5,4,8,5,3
54961401,75,38,37,12,5,7,31,17,14,12,3,9,0,0,0,11,7,4,9,6,3
56215701,69,37,32,7,3,4,21,13,8,21,8,13,4,3,1,8,4,4,8,6,2
56215702,24,14,10,3,2,1,6,3,3,11,6,5,0,0,0,1,0,1,3,3,0
54965701,89,52,37,16,9,7,40,24,16,20,10,10,1,0,1,8,6,2,4,3,1
54965702,36,19,17,5,2,3,21,11,10,7,4,3,1,0,1,1,1,0,1,1,0
52987701,61,32,29,11,6,5,18,10,8,17,7,10,1,0,1,11,8,3,3,1,2
56219001,125,67,58,13,8,5,50,31,19,35,16,19,2,0,2,19,9,10,6,3,3
54968101,24,12,12,6,3,3,10,6,4,2,0,2,0,0,0,4,2,2,2,1,1
54968103,78,45,33,5,3,2,33,23,10,35,15,20,1,1,0,4,3,1,0,0,0
54968104,138,62,76,24,10,14,56,30,26,33,8,25,3,1,2,13,8,5,9,5,4
59882801,109,63,46,11,9,2,54,30,24,25,12,13,3,1,2,14,10,4,2,1,1
54970301,204,100,104,28,13,15,72,36,36,79,40,39,2,0,2,15,6,9,8,5,3
54970302,69,38,31,16,4,12,30,19,11,16,11,5,0,0,0,4,2,2,3,2,1
54971102,195,103,92,25,9,16,87,54,33,46,21,25,3,1,2,16,8,8,18,10,8
54971103,105,54,51,20,6,14,38,26,12,27,12,15,2,0,2,14,8,6,4,2,2
56225401,13,7,6,3,2,1,4,2,2,4,3,1,2,0,2,0,0,0,0,0,0
56225402,128,70,58,13,8,5,55,34,21,39,18,21,0,0,0,15,6,9,6,4,2
3083070,0,0,0,0,0,0,0,0,0,0,0,0,0,0,0,0,0,0,0,0,0
3350110,0,0,0,0,0,0,0,0,0,0,0,0,0,0,0,0,0,0,0,0,0
54924001,45,31,14,5,3,2,13,9,4,5,4,1,2,1,1,7,4,3,13,10,3
54924003,78,37,41,10,4,6,11,5,6,24,12,12,0,0,0,33,16,17,0,0,0
54924004,1588,772,816,161,71,90,434,234,200,543,243,300,25,12,13,364,180,184,61,32,29
54924005,95,48,47,19,9,10,33,20,13,24,12,12,2,1,1,10,4,6,7,2,5
54924006,347,174,173,45,15,30,108,73,35,122,53,69,5,3,2,53,23,30,14,7,7
54924008,493,244,249,64,31,33,154,88,66,173,85,88,8,2,6,84,32,52,10,6,4
54924009,880,502,378,108,55,53,200,124,76,237,106,131,16,7,9,115,64,51,204,146,58
54924010,1949,926,1023,285,124,161,528,285,243,618,265,353,42,19,23,364,168,196,112,65,47
54924011,96,37,59,30,7,23,37,18,19,22,7,15,0,0,0,5,4,1,2,1,1
54924012,143,69,74,12,5,7,45,26,19,52,22,30,5,2,3,27,14,13,2,0,2
54924013,74,37,37,8,3,5,18,13,5,26,14,12,3,1,2,16,6,10,3,0,3
54924014,159,109,50,18,12,6,39,31,8,55,33,22,2,1,1,15,8,7,30,24,6
54924015,1738,819,919,185,85,100,449,237,212,611,267,344,42,16,26,377,175,202,74,39,35
54924016,58,42,16,7,4,3,9,6,3,13,9,4,0,0,0,5,3,2,24,20,4
54924017,1489,731,758,149,69,80,397,226,171,543,242,301,22,10,12,351,174,177,27,10,17
54924018,2976,1379,1597,275,105,170,919,473,446,1120,478,642,49,20,29,473,233,240,140,70,70
54924019,426,193,233,38,16,22,109,55,54,137,61,76,11,4,7,118,50,68,13,7,6
54924020,2741,1222,1519,330,137,193,756,369,387,972,396,576,35,15,20,442,203,239,206,102,104
54924021,3425,1600,1825,468,209,259,941,490,451,1248,531,717,51,24,27,549,254,295,168,92,76
54924022,29,15,14,3,2,1,8,4,4,13,6,7,1,0,1,3,2,1,1,1,0
54924023,45,23,22,5,5,0,7,3,4,22,6,16,0,0,0,11,9,2,0,0,0
54924024,148,66,82,21,8,13,25,13,12,55,24,31,3,1,2,30,12,18,14,8,6
54924025,793,335,458,124,49,75,208,92,116,260,90,170,18,6,12,118,61,57,65,37,28
54924026,182,126,56,9,3,6,20,16,4,61,41,20,11,7,4,29,21,8,52,38,14
54924027,3636,1695,1941,565,259,306,1135,533,602,1198,505,693,69,39,30,463,244,219,206,115,91
54924028,1299,617,682,137,57,80,263,142,121,512,225,287,20,11,9,329,163,166,38,19,19
54975401,203,108,95,24,9,15,83,52,31,58,31,27,0,0,0,20,5,15,18,11,7
54975402,54,30,24,5,1,4,28,19,9,14,6,8,0,0,0,7,4,3,0,0,0
54975404,46,27,19,11,6,5,21,15,6,8,2,6,1,1,0,5,3,2,0,0,0
56150901,59,30,29,12,2,10,27,17,10,16,7,9,0,0,0,3,3,0,1,1,0
54977101,75,40,35,8,3,5,29,17,12,23,11,12,1,0,1,5,2,3,9,7,2
54977102,174,101,73,23,12,11,71,43,28,36,20,16,0,0,0,24,12,12,20,14,6
54977103,74,33,41,9,1,8,29,15,14,24,12,12,2,0,2,4,2,2,6,3,3
54977104,119,57,62,12,2,10,48,27,21,39,16,23,1,1,0,12,5,7,7,6,1
54977105,38,21,17,1,1,0,15,11,4,9,3,6,1,0,1,7,3,4,5,3,2
54977106,212,104,108,19,8,11,91,45,46,64,33,31,2,0,2,19,8,11,17,10,7
54977107,76,39,37,10,3,7,17,11,6,28,11,17,0,0,0,18,11,7,3,3,0
54977108,141,77,64,27,13,14,51,34,17,43,20,23,1,0,1,6,2,4,13,8,5
54977109,3080,1530,1550,440,175,265,1157,641,516,908,401,507,37,12,25,313,148,165,225,153,72
56151701,112,63,49,9,3,6,56,38,18,30,15,15,1,1,0,7,2,5,9,4,5
50962101,58,31,27,6,1,5,21,15,6,21,11,10,1,1,0,6,2,4,3,1,2
50962102,69,32,37,11,4,7,21,15,6,25,10,15,4,2,2,7,1,6,1,0,1
50962103,79,37,42,16,7,9,31,19,12,24,9,15,2,1,1,5,1,4,1,0,1
50962104,45,25,20,6,3,3,15,9,6,15,8,7,1,0,1,5,3,2,3,2,1
50962106,53,27,26,5,4,1,14,6,8,21,11,10,2,2,0,6,1,5,5,3,2
50962107,71,37,34,17,10,7,23,15,8,24,9,15,0,0,0,6,2,4,1,1,0
50962108,19,8,11,0,0,0,9,3,6,6,4,2,1,0,1,3,1,2,0,0,0
50962109,90,43,47,13,7,6,37,20,17,24,11,13,3,0,3,3,0,3,10,5,5
54979701,45,23,22,6,1,5,24,14,10,8,3,5,1,1,0,1,1,0,5,3,2
54979703,134,65,69,20,7,13,60,35,25,34,18,16,4,0,4,11,3,8,5,2,3
54979704,49,24,25,12,5,7,16,10,6,14,5,9,0,0,0,3,2,1,4,2,2
54980101,328,171,157,48,19,29,119,74,45,99,47,52,4,3,1,39,15,24,19,13,6
54980102,126,60,66,19,8,11,46,24,22,30,14,16,1,0,1,24,12,12,6,2,4
56206801,235,88,147,33,11,22,100,33,67,67,28,39,2,1,1,23,10,13,10,5,5
54982701,215,104,111,22,5,17,96,57,39,61,26,35,1,0,1,24,9,15,11,7,4
54982702,82,38,44,11,1,10,28,19,9,27,11,16,2,1,1,7,2,5,7,4,3
54982703,37,17,20,8,1,7,15,9,6,6,2,4,0,0,0,2,1,1,6,4,2
54984301,159,78,81,26,9,17,57,34,23,43,21,22,8,3,5,21,9,12,4,2,2
54984302,960,471,489,113,38,75,335,198,137,318,146,172,20,8,12,132,52,80,42,29,13
54985101,240,121,119,37,8,29,100,58,42,58,33,25,5,3,2,27,10,17,13,9,4
54985102,30,13,17,6,2,4,8,4,4,13,6,7,0,0,0,3,1,2,0,0,0
54986001,54,30,24,3,0,3,20,12,8,20,10,10,0,0,0,8,5,3,3,3,0
54986002,73,40,33,8,3,5,32,24,8,24,10,14,2,0,2,5,2,3,2,1,1
54986003,25,12,13,2,1,1,15,7,8,7,3,4,0,0,0,1,1,0,0,0,0
54986004,124,65,59,27,11,16,47,32,15,38,17,21,0,0,0,7,3,4,5,2,3
54986005,34,21,13,8,5,3,15,12,3,11,4,7,0,0,0,0,0,0,0,0,0
54987801,199,98,101,34,16,18,76,41,35,48,20,28,3,1,2,30,16,14,8,4,4
54987803,30,11,19,3,0,3,4,2,2,6,1,5,1,1,0,14,6,8,2,1,1
52988501,70,38,32,15,4,11,25,18,7,25,15,10,1,0,1,2,1,1,2,0,2
54993201,25,12,13,3,1,2,14,7,7,4,1,3,0,0,0,3,2,1,1,1,0
54993202,115,62,53,14,8,6,49,32,17,43,16,27,1,1,0,7,4,3,1,1,0
56227101,105,50,55,23,10,13,32,23,9,38,13,25,1,0,1,6,2,4,5,2,3
1916042,0,0,0,0,0,0,0,0,0,0,0,0,0,0,0,0,0,0,0,0,0
56221101,64,30,34,9,5,4,32,16,16,19,8,11,0,0,0,1,0,1,3,1,2
56221103,65,35,30,6,1,5,30,22,8,19,6,13,0,0,0,7,4,3,3,2,1
56221105,17,9,8,1,1,0,5,3,2,8,3,5,0,0,0,3,2,1,0,0,0
56221106,28,16,12,6,2,4,16,11,5,6,3,3,0,0,0,0,0,0,0,0,0
54997501,64,37,27,11,5,6,27,19,8,19,9,10,1,0,1,2,1,1,4,3,1
54997502,107,56,51,24,14,10,42,22,20,22,10,12,2,1,1,8,3,5,9,6,3
59884401,51,25,26,6,1,5,14,7,7,19,11,8,2,1,1,3,1,2,7,4,3
59884404,140,65,75,29,11,18,59,37,22,31,9,22,4,0,4,8,2,6,9,6,3
59885201,27,12,15,5,0,5,13,8,5,6,3,3,0,0,0,3,1,2,0,0,0
59885202,33,17,16,2,0,2,26,14,12,4,3,1,1,0,1,0,0,0,0,0,0
59885203,54,26,28,11,4,7,29,16,13,9,4,5,0,0,0,3,1,2,2,1,1
56228902,21,11,10,3,1,2,10,5,5,3,2,1,0,0,0,5,3,2,0,0,0
56228903,33,16,17,4,1,3,13,8,5,11,3,8,1,1,0,2,1,1,2,2,0
56228904,20,12,8,2,2,0,7,5,2,6,2,4,0,0,0,3,2,1,2,1,1
1857361,0,0,0,0,0,0,0,0,0,0,0,0,0,0,0,0,0,0,0,0,0
54999101,62,35,27,4,4,0,25,14,11,24,12,12,0,0,0,8,4,4,1,1,0
54999102,196,103,93,26,11,15,73,45,28,63,28,35,1,1,0,20,12,8,13,6,7
55000101,108,50,58,18,8,10,37,18,19,35,16,19,1,0,1,9,4,5,8,4,4
55000102,23,12,11,4,2,2,5,4,1,11,5,6,0,0,0,2,1,1,1,0,1
55000103,28,14,14,5,3,2,8,5,3,11,5,6,0,0,0,4,1,3,0,0,0
55002701,89,48,41,13,6,7,33,21,12,26,13,13,0,0,0,15,8,7,2,0,2
55002702,56,30,26,9,6,3,16,7,9,18,10,8,1,0,1,8,4,4,4,3,1
55002703,82,44,38,11,8,3,34,18,16,27,14,13,3,1,2,5,2,3,2,1,1
55002704,351,176,175,48,19,29,134,75,59,116,58,58,7,2,5,27,11,16,19,11,8
55002705,45,24,21,3,1,2,13,8,5,20,12,8,0,0,0,6,2,4,3,1,2
55002706,43,22,21,5,2,3,14,10,4,12,6,6,2,0,2,8,3,5,2,1,1
55003501,278,141,137,43,13,30,122,78,44,77,33,44,4,2,2,21,9,12,11,6,5
55004303,146,83,63,79,47,32,29,18,11,20,9,11,0,0,0,8,3,5,10,6,4
55006001,68,40,28,10,7,3,28,18,10,22,11,11,0,0,0,7,4,3,1,0,1
55006003,43,23,20,5,2,3,14,9,5,15,7,8,1,1,0,8,4,4,0,0,0
55006004,102,54,48,13,6,7,42,26,16,22,11,11,4,0,4,18,9,9,3,2,1
55006005,47,24,23,4,0,4,23,16,7,14,6,8,0,0,0,6,2,4,0,0,0
56216501,160,84,76,24,16,8,62,31,31,49,25,24,2,1,1,17,8,9,6,3,3
59886101,23,11,12,3,2,1,4,2,2,9,4,5,0,0,0,6,3,3,1,0,1
59886102,129,66,63,13,5,8,54,35,19,37,14,23,1,0,1,20,10,10,4,2,2
59886104,53,29,24,7,3,4,19,14,5,14,7,7,1,0,1,6,2,4,6,3,3
53724101,78,39,39,10,1,9,28,20,8,24,11,13,0,0,0,10,3,7,6,4,2
53724102,24,11,13,1,1,0,7,5,2,12,5,7,2,0,2,2,0,2,0,0,0
55011601,251,120,131,53,18,35,91,52,39,65,30,35,3,1,2,29,12,17,10,7,3
53752701,39,19,20,7,3,4,12,8,4,12,5,7,0,0,0,5,1,4,3,2,1
1079210,0,0,0,0,0,0,0,0,0,0,0,0,0,0,0,0,0,0,0,0,0
1079480,0,0,0,0,0,0,0,0,0,0,0,0,0,0,0,0,0,0,0,0,0
1079560,0,0,0,0,0,0,0,0,0,0,0,0,0,0,0,0,0,0,0,0,0
1079640,0,0,0,0,0,0,0,0,0,0,0,0,0,0,0,0,0,0,0,0,0
54590201,184,92,92,16,2,14,79,46,33,59,25,34,4,3,1,17,12,5,9,4,5
54590202,25,14,11,4,3,1,8,4,4,7,2,5,1,1,0,4,3,1,1,1,0
55012401,91,50,41,11,3,8,52,33,19,22,10,12,0,0,0,3,2,1,3,2,1
55012402,41,23,18,6,3,3,16,10,6,17,10,7,0,0,0,2,0,2,0,0,0
55012403,61,34,27,6,1,5,25,19,6,16,8,8,4,1,3,9,4,5,1,1,0
55012405,52,23,29,7,1,6,19,12,7,17,7,10,0,0,0,7,1,6,2,2,0
55012406,26,14,12,2,2,0,8,6,2,10,5,5,0,0,0,6,1,5,0,0,0
56157601,75,37,38,14,3,11,26,15,11,24,11,13,1,0,1,7,5,2,3,3,0
53751901,176,90,86,31,7,24,71,43,28,48,23,25,2,1,1,19,12,7,5,4,1
53751902,41,20,21,9,3,6,12,6,6,9,3,6,1,0,1,8,6,2,2,2,0
53751904,17,9,8,0,0,0,7,5,2,5,1,4,1,1,0,4,2,2,0,0,0
55015902,74,37,37,11,5,6,29,17,12,23,10,13,0,0,0,8,3,5,3,2,1
55015903,70,32,38,11,1,10,30,17,13,17,9,8,0,0,0,10,5,5,2,0,2
55015904,46,22,24,6,3,3,32,17,15,7,2,5,0,0,0,0,0,0,1,0,1
55015905,36,16,20,3,2,1,11,5,6,18,6,12,0,0,0,4,3,1,0,0,0
55016701,1042,500,542,143,54,89,384,207,177,327,152,175,13,4,9,117,54,63,58,29,29
55016702,67,33,34,12,4,8,26,16,10,19,8,11,1,0,1,4,2,2,5,3,2
55016703,38,26,12,5,4,1,12,9,3,10,6,4,0,0,0,8,6,2,3,1,2
55016704,74,32,42,9,3,6,28,15,13,17,6,11,1,0,1,17,7,10,2,1,1
55016705,31,16,15,0,0,0,14,5,9,11,7,4,0,0,0,1,0,1,5,4,1
55016706,49,23,26,5,2,3,19,13,6,15,3,12,0,0,0,9,4,5,1,1,0
55016707,34,17,17,5,2,3,11,5,6,11,6,5,1,1,0,5,2,3,1,1,0
53718701,47,26,21,3,1,2,13,7,6,18,12,6,2,1,1,10,4,6,1,1,0
53718702,37,20,17,4,2,2,15,8,7,9,4,5,0,0,0,8,6,2,1,0,1
55018302,209,106,103,36,17,19,81,46,35,55,23,32,0,0,0,13,6,7,24,14,10
55018303,48,23,25,4,0,4,22,11,11,13,8,5,0,0,0,9,4,5,0,0,0
55018305,42,21,21,5,2,3,13,9,4,14,4,10,1,1,0,4,1,3,5,4,1
53714401,83,38,45,11,1,10,33,19,14,25,11,14,0,0,0,11,5,6,3,2,1
0446360,0,0,0,0,0,0,0,0,0,0,0,0,0,0,0,0,0,0,0,0,0
0446440,0,0,0,0,0,0,0,0,0,0,0,0,0,0,0,0,0,0,0,0,0
0446520,0,0,0,0,0,0,0,0,0,0,0,0,0,0,0,0,0,0,0,0,0
0446610,0,0,0,0,0,0,0,0,0,0,0,0,0,0,0,0,0,0,0,0,0
55020501,19,9,10,2,1,1,5,3,2,6,2,4,2,1,1,3,1,2,1,1,0
55020502,258,124,134,54,17,37,115,61,54,47,19,28,1,1,0,15,10,5,26,16,10
55020503,19,9,10,3,2,1,8,3,5,5,3,2,0,0,0,3,1,2,0,0,0
55022101,252,127,125,40,16,24,107,66,41,66,27,39,3,0,3,17,6,11,19,12,7
55022102,59,32,27,7,4,3,15,9,6,23,12,11,1,0,1,13,7,6,0,0,0
55022103,34,16,18,7,2,5,15,11,4,6,0,6,0,0,0,6,3,3,0,0,0
55022104,67,31,36,5,2,3,35,17,18,17,5,12,1,1,0,5,3,2,4,3,1
55023002,44,22,22,9,5,4,16,9,7,6,4,2,0,0,0,10,4,6,3,0,3
55023003,988,495,493,157,73,84,328,193,135,310,132,178,17,8,9,105,44,61,71,45,26
55023004,45,20,25,18,7,11,16,7,9,7,3,4,0,0,0,1,1,0,3,2,1
55023005,42,25,17,9,6,3,13,7,6,12,7,5,0,0,0,3,2,1,5,3,2
55024801,285,153,132,40,20,20,125,78,47,79,35,44,1,0,1,26,11,15,14,9,5
0542160,0,0,0,0,0,0,0,0,0,0,0,0,0,0,0,0,0,0,0,0,0
55026401,279,145,134,53,19,34,126,79,47,55,28,27,12,4,8,17,7,10,16,8,8
55026402,48,24,24,6,1,5,19,13,6,14,6,8,1,0,1,7,4,3,1,0,1
55026404,34,15,19,4,1,3,5,4,1,9,3,6,1,1,0,13,5,8,2,1,1
55026405,24,11,13,6,2,4,4,2,2,9,6,3,0,0,0,4,0,4,1,1,0
55026408,55,30,25,12,6,6,17,10,7,13,5,8,1,1,0,4,3,1,8,5,3
53742001,143,71,72,34,11,23,64,44,20,24,8,16,1,0,1,8,3,5,12,5,7
53713602,36,17,19,3,0,3,12,8,4,14,5,9,0,0,0,4,2,2,3,2,1
56167301,29,16,13,3,0,3,9,6,3,9,6,3,1,0,1,2,0,2,5,4,1
56167302,43,25,18,9,5,4,9,4,5,9,6,3,0,0,0,4,2,2,12,8,4
3304340,0,0,0,0,0,0,0,0,0,0,0,0,0,0,0,0,0,0,0,0,0
55032901,41,23,18,9,3,6,12,7,5,10,7,3,1,1,0,2,2,0,7,3,4
55032903,244,120,124,41,13,28,98,57,41,52,24,28,3,3,0,15,6,9,35,17,18
55032906,58,36,22,11,5,6,19,11,8,11,7,4,1,0,1,8,6,2,8,7,1
55032908,46,24,22,4,1,3,22,15,7,12,4,8,0,0,0,4,3,1,4,1,3
56397801,68,37,31,4,1,3,23,13,10,12,6,6,2,1,1,21,11,10,6,5,1
0783523,0,0,0,0,0,0,0,0,0,0,0,0,0,0,0,0,0,0,0,0,0
0783610,0,0,0,0,0,0,0,0,0,0,0,0,0,0,0,0,0,0,0,0,0
55033701,119,63,56,23,15,8,34,19,15,33,16,17,3,1,2,20,8,12,6,4,2
55034501,237,127,110,27,16,11,106,65,41,72,29,43,0,0,0,16,7,9,16,10,6
56164901,89,40,49,5,2,3,33,18,15,27,10,17,0,0,0,14,6,8,10,4,6
56164902,23,14,9,2,0,2,7,5,2,6,4,2,0,0,0,6,4,2,2,1,1
55035301,52,26,26,7,1,6,22,12,10,18,11,7,1,0,1,2,1,1,2,1,1
55035304,421,210,211,66,34,32,188,100,88,105,45,60,5,4,1,22,6,16,35,21,14
55035306,61,32,29,17,7,10,24,14,10,16,9,7,0,0,0,2,1,1,2,1,1
55036101,47,23,24,5,2,3,16,10,6,10,3,7,1,0,1,13,7,6,2,1,1
55036102,60,29,31,10,5,5,27,16,11,14,5,9,0,0,0,4,1,3,5,2,3
55036103,54,27,27,5,2,3,17,10,7,12,6,6,1,1,0,16,7,9,3,1,2
55036104,1301,712,589,166,66,100,403,236,167,372,169,203,16,6,10,154,65,89,190,170,20
55036105,31,18,13,2,2,0,9,6,3,8,3,5,0,0,0,10,6,4,2,1,1
55036106,47,24,23,6,2,4,14,10,4,18,9,9,0,0,0,9,3,6,0,0,0
55036107,73,40,33,12,4,8,31,19,12,17,12,5,2,0,2,9,5,4,2,0,2
55036108,51,28,23,6,3,3,20,13,7,16,7,9,1,1,0,6,3,3,2,1,1
55036109,23,10,13,5,1,4,13,7,6,4,1,3,1,1,0,0,0,0,0,0,0
55036110,60,28,32,9,3,6,28,15,13,14,5,9,1,0,1,6,3,3,2,2,0
53707101,70,35,35,15,4,11,32,21,11,13,6,7,0,0,0,6,2,4,4,2,2
53707102,102,54,48,14,5,9,36,25,11,34,18,16,4,1,3,9,2,7,5,3,2
53732201,31,17,14,1,0,1,16,9,7,8,5,3,0,0,0,3,1,2,3,2,1
53738101,133,69,64,18,8,10,56,32,24,39,22,17,0,0,0,10,2,8,10,5,5
55041801,27,15,12,1,0,1,15,9,6,9,5,4,0,0,0,2,1,1,0,0,0
55041802,45,17,28,10,4,6,15,4,11,10,6,4,0,0,0,8,2,6,2,1,1
55041804,102,56,46,11,2,9,43,28,15,37,20,17,2,1,1,6,3,3,3,2,1
55041805,177,97,80,33,20,13,72,40,32,31,16,15,2,1,1,18,5,13,21,15,6
55041806,93,44,49,10,3,7,43,26,17,25,7,18,0,0,0,15,8,7,0,0,0
55041807,87,49,38,14,7,7,36,24,12,23,12,11,1,0,1,11,5,6,2,1,1
55042601,23,12,11,2,1,1,8,3,5,8,4,4,0,0,0,4,3,1,1,1,0
55042602,59,37,22,8,4,4,22,14,8,17,11,6,0,0,0,11,7,4,1,1,0
55042603,45,23,22,4,0,4,24,15,9,9,4,5,1,0,1,5,3,2,2,1,1
55042604,138,76,62,18,9,9,53,34,19,36,19,17,1,0,1,17,5,12,13,9,4
55042605,27,14,13,4,0,4,11,9,2,5,1,4,1,1,0,3,1,2,3,2,1
55043401,45,26,19,8,2,6,19,13,6,9,5,4,2,1,1,6,4,2,1,1,0
55043402,27,13,14,4,1,3,11,7,4,10,4,6,0,0,0,2,1,1,0,0,0
55043403,18,10,8,1,0,1,6,4,2,4,3,1,0,0,0,3,1,2,4,2,2
55043404,226,114,112,29,10,19,73,48,25,83,38,45,6,3,3,26,10,16,9,5,4
55043405,152,79,73,20,10,10,49,26,23,46,23,23,2,2,0,30,14,16,5,4,1
55039601,146,68,78,20,6,14,70,37,33,37,19,18,1,0,1,16,5,11,2,1,1
55039602,19,9,10,3,2,1,6,3,3,9,3,6,0,0,0,1,1,0,0,0,0
55044201,1900,921,979,315,122,193,725,427,298,506,210,296,29,8,21,218,93,125,107,61,46
55044202,29,13,16,4,2,2,12,6,6,8,4,4,1,0,1,4,1,3,0,0,0
55044203,48,29,19,10,4,6,20,13,7,9,5,4,1,0,1,7,6,1,1,1,0
55044204,136,68,68,27,12,15,60,34,26,27,11,16,0,0,0,16,8,8,6,3,3
1534350,0,0,0,0,0,0,0,0,0,0,0,0,0,0,0,0,0,0,0,0,0
52989301,67,36,31,18,8,10,25,16,9,10,6,4,0,0,0,9,3,6,5,3,2
55045102,37,18,19,5,1,4,12,8,4,11,3,8,1,1,0,8,5,3,0,0,0
55045103,20,12,8,2,0,2,5,3,2,6,4,2,3,1,2,3,3,0,1,1,0
55045105,198,100,98,43,18,25,83,46,37,43,20,23,1,1,0,10,3,7,18,12,6
55045106,35,17,18,8,3,5,12,7,5,9,4,5,0,0,0,3,1,2,3,2,1
55045107,59,29,30,16,8,8,19,10,9,14,5,9,3,2,1,5,2,3,2,2,0
56156801,77,38,39,4,1,3,32,19,13,24,9,15,2,0,2,9,4,5,6,5,1
53736502,46,30,16,5,3,2,17,12,5,12,9,3,0,0,0,7,1,6,5,5,0
53754301,112,56,56,15,7,8,40,26,14,36,13,23,1,1,0,19,8,11,1,1,0
1327210,0,0,0,0,0,0,0,0,0,0,0,0,0,0,0,0,0,0,0,0,0
3014930,0,0,0,0,0,0,0,0,0,0,0,0,0,0,0,0,0,0,0,0,0
3274170,0,0,0,0,0,0,0,0,0,0,0,0,0,0,0,0,0,0,0,0,0
55009401,89,41,48,13,3,10,30,21,9,30,9,21,3,2,1,10,4,6,3,2,1
55009402,34,17,17,4,3,1,6,3,3,14,6,8,2,0,2,7,5,2,1,0,1
55009403,39,19,20,5,2,3,16,10,6,13,3,10,1,0,1,3,3,0,1,1,0
55009404,70,30,40,12,3,9,24,13,11,23,12,11,0,0,0,8,1,7,3,1,2
55009408,90,46,44,17,9,8,32,18,14,23,9,14,1,0,1,9,4,5,8,6,2
55009409,658,361,297,93,48,45,183,115,68,150,59,91,7,4,3,85,39,46,140,96,44
55009411,95,48,47,10,6,4,36,23,13,32,14,18,2,0,2,11,2,9,4,3,1
55009412,934,445,489,107,43,64,289,163,126,332,147,185,15,3,12,158,77,81,33,12,21
55009413,451,216,235,38,14,24,118,69,49,152,63,89,7,3,4,122,60,62,14,7,7
55009414,71,37,34,5,3,2,21,14,7,22,10,12,0,0,0,19,8,11,4,2,2
55009415,1200,557,643,138,51,87,441,236,205,390,155,235,24,8,16,132,60,72,75,47,28
55009416,325,147,178,52,21,31,89,59,30,110,40,70,8,2,6,50,18,32,16,7,9
55009417,77,38,39,14,4,10,18,13,5,31,16,15,1,0,1,12,4,8,1,1,0
55009418,104,56,48,11,6,5,32,20,12,28,13,15,3,3,0,25,10,15,5,4,1
55009419,80,39,41,10,4,6,30,16,14,23,13,10,2,0,2,2,1,1,13,5,8
55009420,296,152,144,28,14,14,54,35,19,112,54,58,7,1,6,92,46,46,3,2,1
55009421,886,427,459,94,42,52,291,169,122,288,124,164,18,3,15,169,76,93,26,13,13
55009422,635,289,346,81,23,58,190,108,82,216,100,116,18,5,13,108,45,63,22,8,14
55009423,2600,1181,1419,392,141,251,966,509,457,838,356,482,44,12,32,262,121,141,98,42,56
55009424,81,36,45,12,5,7,37,15,22,23,11,12,0,0,0,7,4,3,2,1,1
55009425,55,29,26,3,1,2,16,7,9,22,14,8,1,1,0,12,6,6,1,0,1
55009426,23,13,10,5,4,1,9,7,2,4,0,4,0,0,0,5,2,3,0,0,0
55048501,29,13,16,4,2,2,13,7,6,10,3,7,0,0,0,1,0,1,1,1,0
55048502,26,15,11,1,1,0,9,6,3,11,4,7,0,0,0,4,3,1,1,1,0
55048503,19,11,8,3,2,1,9,7,2,6,2,4,0,0,0,1,0,1,0,0,0
55048504,60,29,31,11,4,7,27,15,12,17,8,9,1,0,1,3,1,2,1,1,0
55051502,19,8,11,6,2,4,4,3,1,6,1,5,0,0,0,3,2,1,0,0,0
55051504,20,11,9,1,0,1,8,6,2,7,3,4,2,1,1,1,1,0,1,0,1
55051506,142,64,78,55,12,43,56,38,18,23,8,15,0,0,0,4,2,2,4,4,0
55051507,478,249,229,54,17,37,167,98,69,142,72,70,7,4,3,72,36,36,36,22,14
55051508,23,10,13,1,0,1,8,3,5,10,6,4,1,1,0,1,0,1,2,0,2
55051510,24,12,12,0,0,0,11,5,6,4,2,2,1,0,1,7,4,3,1,1,0
55051511,104,49,55,13,5,8,32,18,14,37,15,22,1,0,1,18,9,9,3,2,1
55051512,38,20,18,5,2,3,16,10,6,7,3,4,0,0,0,7,4,3,3,1,2
55051514,108,60,48,17,8,9,41,25,16,31,15,16,0,0,0,15,8,7,4,4,0
55051515,62,28,34,7,2,5,31,14,17,18,10,8,3,1,2,3,1,2,0,0,0
1556830,0,0,0,0,0,0,0,0,0,0,0,0,0,0,0,0,0,0,0,0,0
1557050,0,0,0,0,0,0,0,0,0,0,0,0,0,0,0,0,0,0,0,0,0
55052301,64,33,31,7,2,5,13,7,6,27,16,11,2,0,2,12,6,6,3,2,1
55052305,108,64,44,13,3,10,28,21,7,31,17,14,4,3,1,18,9,9,14,11,3
1566980,0,0,0,0,0,0,0,0,0,0,0,0,0,0,0,0,0,0,0,0,0
1567100,0,0,0,0,0,0,0,0,0,0,0,0,0,0,0,0,0,0,0,0,0
1567280,0,0,0,0,0,0,0,0,0,0,0,0,0,0,0,0,0,0,0,0,0
1985010,0,0,0,0,0,0,0,0,0,0,0,0,0,0,0,0,0,0,0,0,0
55053101,22,10,12,1,0,1,8,5,3,8,2,6,0,0,0,4,2,2,1,1,0
55053102,25,13,12,2,0,2,3,2,1,12,7,5,0,0,0,2,1,1,6,3,3
55053103,265,139,126,51,22,29,93,48,45,78,43,35,3,3,0,10,5,5,30,18,12
1571472,0,0,0,0,0,0,0,0,0,0,0,0,0,0,0,0,0,0,0,0,0
55054002,55,30,25,1,0,1,18,14,4,21,11,10,1,0,1,14,5,9,0,0,0
55054003,721,350,371,112,38,74,276,156,120,196,88,108,5,0,5,87,38,49,45,30,15
55054004,68,39,29,5,2,3,30,23,7,17,4,13,3,2,1,9,5,4,4,3,1
55054005,55,25,30,10,1,9,20,13,7,12,5,7,3,2,1,7,2,5,3,2,1
55054006,21,9,12,9,2,7,3,2,1,6,3,3,0,0,0,3,2,1,0,0,0
55054007,19,9,10,0,0,0,9,3,6,8,5,3,0,0,0,2,1,1,0,0,0
55054008,85,44,41,12,3,9,27,15,12,26,14,12,0,0,0,7,5,2,13,7,6
55055801,273,135,138,33,15,18,109,68,41,83,38,45,5,2,3,36,10,26,7,2,5
55055802,60,31,29,6,5,1,29,17,12,16,6,10,3,1,2,6,2,4,0,0,0
55055803,34,18,16,4,2,2,12,8,4,9,3,6,0,0,0,6,3,3,3,2,1
55055805,35,22,13,5,3,2,13,8,5,10,6,4,0,0,0,7,5,2,0,0,0
55055806,99,53,46,14,7,7,35,21,14,34,18,16,1,0,1,11,4,7,4,3,1
55057401,44,18,26,7,1,6,17,10,7,11,4,7,0,0,0,9,3,6,0,0,0
55057403,272,140,132,31,10,21,93,56,37,100,49,51,1,0,1,39,20,19,8,5,3
55057404,32,20,12,6,3,3,12,9,3,10,7,3,0,0,0,4,1,3,0,0,0
55058201,101,54,47,17,7,10,33,21,12,35,18,17,1,0,1,7,3,4,8,5,3
55058202,34,18,16,6,2,4,12,6,6,6,4,2,1,0,1,7,4,3,2,2,0
55058203,117,65,52,11,5,6,37,22,15,35,17,18,5,2,3,9,6,3,20,13,7
55060401,110,56,54,16,7,9,54,34,20,26,8,18,1,0,1,6,2,4,7,5,2
53753501,63,36,27,5,3,2,29,17,12,17,10,7,0,0,0,6,3,3,6,3,3
1945730,0,0,0,0,0,0,0,0,0,0,0,0,0,0,0,0,0,0,0,0,0
55062101,99,54,45,21,9,12,44,25,19,25,14,11,1,1,0,4,2,2,4,3,1
55062103,36,19,17,4,1,3,8,5,3,13,7,6,1,1,0,7,4,3,3,1,2
55062105,147,88,59,74,47,27,35,22,13,28,12,16,1,1,0,6,3,3,3,3,0
55062106,44,20,24,3,1,2,14,6,8,14,6,8,2,2,0,8,3,5,3,2,1
55062109,24,14,10,1,0,1,11,8,3,7,5,2,0,0,0,4,1,3,1,0,1
55062110,75,37,38,10,3,7,25,15,10,22,10,12,3,2,1,11,6,5,4,1,3
55062111,67,26,41,13,3,10,20,7,13,17,8,9,1,1,0,16,7,9,0,0,0
55062112,80,34,46,8,1,7,27,11,16,20,11,9,1,1,0,12,4,8,12,6,6
55062114,102,57,45,12,8,4,39,26,13,31,15,16,0,0,0,12,3,9,8,5,3
55062115,34,15,19,3,0,3,8,6,2,17,6,11,0,0,0,6,3,3,0,0,0
55062116,383,200,183,46,23,23,149,82,67,107,47,60,7,2,5,52,30,22,22,16,6
55062117,30,15,15,3,1,2,7,4,3,15,6,9,0,0,0,4,3,1,1,1,0
55062118,37,20,17,3,2,1,18,9,9,11,6,5,0,0,0,3,2,1,2,1,1
55062119,70,34,36,12,4,8,19,12,7,24,8,16,1,0,1,10,7,3,4,3,1
0655950,0,0,0,0,0,0,0,0,0,0,0,0,0,0,0,0,0,0,0,0,0
1821331,0,0,0,0,0,0,0,0,0,0,0,0,0,0,0,0,0,0,0,0,0
55064701,58,30,28,11,5,6,13,9,4,20,9,11,1,1,0,9,5,4,4,1,3
55064702,86,43,43,9,1,8,41,26,15,20,9,11,2,1,1,13,6,7,1,0,1
55064703,85,27,58,21,5,16,23,10,13,32,9,23,0,0,0,5,1,4,4,2,2
55064705,18,13,5,0,0,0,6,5,1,6,3,3,0,0,0,4,4,0,2,1,1
55064708,105,53,52,17,10,7,37,22,15,30,14,16,0,0,0,19,7,12,2,0,2
55064710,28,14,14,4,2,2,9,6,3,8,3,5,2,1,1,5,2,3,0,0,0
55064712,27,14,13,5,3,2,14,6,8,2,2,0,1,1,0,4,1,3,1,1,0
55064713,28,11,17,5,2,3,11,5,6,9,4,5,0,0,0,3,0,3,0,0,0
55064715,79,44,35,14,8,6,20,14,6,24,13,11,2,1,1,18,8,10,1,0,1
55064717,19,10,9,3,1,2,4,3,1,8,5,3,0,0,0,3,1,2,1,0,1
55064719,19,11,8,4,3,1,4,2,2,5,1,4,0,0,0,4,4,0,2,1,1
55064720,54,30,24,11,6,5,22,15,7,10,5,5,0,0,0,10,4,6,1,0,1
55064722,37,19,18,4,3,1,12,7,5,11,5,6,1,1,0,5,2,3,4,1,3
55064723,62,34,28,9,5,4,21,12,9,14,8,6,2,0,2,8,4,4,8,5,3
55064725,15,9,6,7,2,5,3,3,0,4,4,0,0,0,0,1,0,1,0,0,0
55064726,99,51,48,19,6,13,38,24,14,16,6,10,1,0,1,4,2,2,21,13,8
55064727,1725,829,896,253,102,151,669,348,321,509,228,281,30,13,17,176,87,89,88,51,37
55064728,478,232,246,74,30,44,152,89,63,146,57,89,6,2,4,59,31,28,41,23,18
55064729,836,396,440,100,35,65,305,159,146,288,137,151,12,7,5,87,34,53,44,24,20
55064730,79,38,41,12,6,6,15,10,5,31,12,19,1,1,0,19,8,11,1,1,0
55064731,80,39,41,6,2,4,21,12,9,29,10,19,2,1,1,19,11,8,3,3,0
55064732,719,324,395,97,20,77,252,136,116,232,102,130,12,5,7,78,36,42,48,25,23
55064733,32,16,16,7,4,3,16,8,8,7,2,5,0,0,0,1,1,0,1,1,0
55064735,93,46,47,22,6,16,39,24,15,25,11,14,0,0,0,6,4,2,1,1,0
55064736,442,216,226,62,28,34,123,72,51,132,58,74,12,3,9,65,28,37,48,27,21
55064737,243,119,124,27,11,16,75,44,31,86,37,49,3,1,2,43,20,23,9,6,3
55064738,45,26,19,4,2,2,17,11,6,12,8,4,2,0,2,10,5,5,0,0,0
55064740,33,20,13,4,2,2,15,11,4,10,6,4,0,0,0,2,0,2,2,1,1
55064741,427,230,197,60,26,34,112,75,37,92,39,53,6,2,4,49,24,25,108,64,44
55065501,32,19,13,4,3,1,10,6,4,12,9,3,1,0,1,5,1,4,0,0,0
55065502,17,9,8,2,1,1,5,3,2,5,2,3,1,1,0,3,1,2,1,1,0
55065503,377,188,189,62,28,34,158,95,63,94,34,60,10,1,9,28,12,16,25,18,7
55066301,16,7,9,2,0,2,12,7,5,0,0,0,2,0,2,0,0,0,0,0,0
55066302,30,14,16,5,2,3,8,5,3,14,6,8,0,0,0,3,1,2,0,0,0
55066303,31,17,14,1,1,0,15,8,7,10,6,4,0,0,0,5,2,3,0,0,0
55066305,21,11,10,4,1,3,6,4,2,6,5,1,0,0,0,5,1,4,0,0,0
55066307,30,15,15,4,2,2,11,7,4,8,3,5,2,1,1,4,1,3,1,1,0
55066308,1275,628,647,178,77,101,465,277,188,392,163,229,21,4,17,155,70,85,64,37,27
1847052,0,0,0,0,0,0,0,0,0,0,0,0,0,0,0,0,0,0,0,0,0
1847561,0,0,0,0,0,0,0,0,0,0,0,0,0,0,0,0,0,0,0,0,0
55067101,18,13,5,3,2,1,5,4,1,8,5,3,0,0,0,2,2,0,0,0,0
55067102,25,14,11,6,3,3,9,4,5,7,5,2,0,0,0,2,1,1,1,1,0
55067104,20,9,11,2,1,1,7,4,3,4,1,3,0,0,0,6,2,4,1,1,0
55067106,80,38,42,17,8,9,29,15,14,20,9,11,2,1,1,10,4,6,2,1,1
55067107,25,13,12,4,2,2,9,5,4,12,6,6,0,0,0,0,0,0,0,0,0
55067108,1310,629,681,229,83,146,547,301,246,334,145,189,16,9,7,75,35,40,109,56,53
55067109,23,13,10,4,3,1,6,3,3,11,6,5,0,0,0,0,0,0,2,1,1
55067111,1335,676,659,265,120,145,501,271,230,318,145,173,17,10,7,90,38,52,144,92,52
55067112,20,9,11,0,0,0,7,5,2,7,2,5,0,0,0,6,2,4,0,0,0
55067113,86,48,38,21,13,8,39,18,21,16,9,7,0,0,0,2,1,1,8,7,1
55067114,47,31,16,5,4,1,34,20,14,7,7,0,0,0,0,1,0,1,0,0,0
55067116,30,14,16,3,2,1,8,4,4,13,5,8,1,0,1,5,3,2,0,0,0
52991501,54,28,26,9,5,4,18,11,7,16,6,10,0,0,0,10,5,5,1,1,0
1891970,0,0,0,0,0,0,0,0,0,0,0,0,0,0,0,0,0,0,0,0,0
55068002,45,24,21,6,2,4,18,12,6,11,5,6,1,0,1,9,5,4,0,0,0
55068003,39,19,20,7,1,6,8,7,1,12,4,8,2,1,1,9,5,4,1,1,0
55068005,31,18,13,4,0,4,10,7,3,12,7,5,0,0,0,2,2,0,3,2,1
55068008,162,87,75,20,10,10,79,43,36,36,17,19,1,1,0,10,5,5,16,11,5
53719501,55,29,26,9,4,5,17,9,8,21,12,9,0,0,0,6,3,3,2,1,1
55069801,21,9,12,3,0,3,7,4,3,5,3,2,0,0,0,5,2,3,1,0,1
55069802,44,21,23,6,0,6,21,14,7,13,5,8,2,1,1,2,1,1,0,0,0
55069803,48,26,22,6,2,4,17,13,4,18,9,9,2,0,2,5,2,3,0,0,0
55069804,155,82,73,21,10,11,66,43,23,46,22,24,3,0,3,10,4,6,9,3,6
55070102,65,34,31,11,5,6,37,21,16,12,6,6,0,0,0,1,0,1,4,2,2
55070103,35,20,15,13,8,5,6,4,2,10,5,5,2,1,1,1,1,0,3,1,2
55070104,17,10,7,1,1,0,2,1,1,6,4,2,0,0,0,8,4,4,0,0,0
55070106,176,98,78,38,19,19,86,52,34,34,14,20,1,0,1,7,5,2,10,8,2
55072801,95,47,48,7,3,4,34,17,17,37,17,20,4,2,2,7,4,3,6,4,2
55072802,69,31,38,7,2,5,19,10,9,23,12,11,0,0,0,19,7,12,1,0,1
55072803,47,26,21,9,5,4,20,14,6,14,6,8,0,0,0,2,0,2,2,1,1
55072804,48,25,23,4,1,3,23,13,10,16,10,6,1,0,1,3,1,2,1,0,1
55072805,112,55,57,18,8,10,33,19,14,42,20,22,1,0,1,17,8,9,1,0,1
55072806,799,383,416,117,50,67,294,152,142,220,102,118,14,5,9,102,42,60,52,32,20
55072808,15,7,8,4,2,2,8,5,3,0,0,0,0,0,0,2,0,2,1,0,1
55072809,49,29,20,10,5,5,17,11,6,14,8,6,1,0,1,5,3,2,2,2,0
55072810,33,16,17,3,0,3,12,8,4,11,5,6,0,0,0,4,1,3,3,2,1
55072811,117,56,61,21,8,13,37,20,17,40,15,25,1,1,0,12,7,5,6,5,1
52992301,96,47,49,15,4,11,44,22,22,23,15,8,0,0,0,12,4,8,2,2,0
3304850,0,0,0,0,0,0,0,0,0,0,0,0,0,0,0,0,0,0,0,0,0
55076101,16,8,8,3,1,2,6,3,3,3,2,1,1,0,1,3,2,1,0,0,0
55076102,84,49,35,22,9,13,43,29,14,12,8,4,0,0,0,3,1,2,4,2,2
53720901,212,108,104,25,8,17,85,55,30,63,28,35,2,2,0,29,11,18,8,4,4
53720902,30,15,15,4,2,2,6,4,2,14,7,7,1,1,0,4,1,3,1,0,1
55080901,1034,510,524,151,62,89,390,231,159,303,128,175,20,5,15,98,41,57,72,43,29
55080902,57,24,33,7,2,5,28,15,13,15,6,9,1,0,1,2,0,2,4,1,3
55080903,27,14,13,3,2,1,15,9,6,5,2,3,1,0,1,3,1,2,0,0,0
55080904,107,52,55,9,2,7,44,30,14,30,11,19,2,1,1,13,4,9,9,4,5
55080906,28,14,14,0,0,0,13,8,5,8,2,6,1,0,1,4,3,1,2,1,1
55080907,88,47,41,22,13,9,28,17,11,27,11,16,2,1,1,4,2,2,5,3,2
55081701,568,286,282,83,27,56,227,138,89,177,80,97,9,3,6,36,16,20,36,22,14
55081703,42,22,20,4,3,1,13,8,5,17,6,11,0,0,0,5,3,2,3,2,1
55081704,35,18,17,7,4,3,19,10,9,6,3,3,0,0,0,2,1,1,1,0,1
55081706,43,22,21,3,2,1,12,6,6,21,11,10,0,0,0,5,2,3,2,1,1
55081707,48,25,23,10,3,7,19,13,6,14,6,8,0,0,0,4,2,2,1,1,0
55081708,56,30,26,7,4,3,24,14,10,20,9,11,0,0,0,4,2,2,1,1,0
55081709,53,25,28,10,4,6,18,11,7,12,7,5,0,0,0,10,2,8,3,1,2
59889501,237,125,112,27,10,17,90,54,36,78,42,36,8,5,3,24,10,14,10,4,6
59889502,35,19,16,2,1,1,12,9,3,10,4,6,3,1,2,8,4,4,0,0,0
59889503,16,8,8,0,0,0,6,3,3,5,3,2,0,0,0,5,2,3,0,0,0
55083301,107,55,52,22,10,12,44,24,20,23,11,12,1,0,1,12,6,6,5,4,1
55083302,31,19,12,7,4,3,13,10,3,9,4,5,0,0,0,1,1,0,1,0,1
55083303,24,12,12,4,1,3,12,7,5,5,2,3,0,0,0,3,2,1,0,0,0
55085001,34,17,17,5,2,3,9,6,3,14,6,8,1,0,1,4,2,2,1,1,0
55085003,72,35,37,15,4,11,20,13,7,23,11,12,1,1,0,9,4,5,4,2,2
55085004,25,14,11,1,0,1,11,8,3,8,4,4,0,0,0,5,2,3,0,0,0
55085006,71,34,37,8,0,8,30,18,12,25,12,13,1,0,1,6,4,2,1,0,1
55085007,52,23,29,13,3,10,16,11,5,17,7,10,0,0,0,5,2,3,1,0,1
55085008,101,52,49,15,7,8,37,23,14,27,13,14,2,1,1,16,6,10,4,2,2
55085009,31,14,17,2,0,2,17,11,6,8,2,6,2,0,2,1,0,1,1,1,0
55085011,71,34,37,5,0,5,19,9,10,28,19,9,2,2,0,12,2,10,5,2,3
55085012,107,59,48,18,9,9,36,23,13,36,18,18,1,0,1,10,4,6,6,5,1
55085013,839,417,422,100,37,63,268,152,116,309,153,156,9,4,5,132,61,71,21,10,11
55085014,260,129,131,34,17,17,84,50,34,85,40,45,3,1,2,42,14,28,12,7,5
55085015,387,189,198,48,23,25,98,53,45,148,78,70,9,2,7,60,20,40,24,13,11
55085016,366,179,187,38,17,21,126,74,52,120,52,68,4,1,3,50,21,29,28,14,14
55085017,23,13,10,2,2,0,9,7,2,8,3,5,0,0,0,4,1,3,0,0,0
55085018,1289,604,685,183,68,115,413,234,179,400,159,241,25,10,15,176,69,107,92,64,28
55085020,26,13,13,0,0,0,8,4,4,5,1,4,1,1,0,10,5,5,2,2,0
55085021,1149,520,629,146,45,101,447,242,205,363,153,210,17,8,9,104,31,73,72,41,31
55085022,493,224,269,70,24,46,121,63,58,200,99,101,10,1,9,71,25,46,21,12,9
53706301,52,26,26,5,0,5,22,10,12,14,9,5,1,1,0,9,5,4,1,1,0
53001801,54,29,25,10,4,6,25,14,11,13,7,6,1,0,1,4,4,0,1,0,1
56017101,37,23,14,3,1,2,9,7,2,12,8,4,0,0,0,13,7,6,0,0,0
52996601,136,67,69,22,6,16,57,38,19,36,16,20,1,1,0,7,0,7,13,6,7
55090601,365,190,175,48,18,30,157,93,64,111,49,62,7,4,3,29,15,14,13,11,2
55090602,57,34,23,9,4,5,18,14,4,16,9,7,0,0,0,9,3,6,5,4,1
51006801,154,75,79,20,5,15,74,43,31,36,16,20,1,1,0,18,7,11,5,3,2
55092201,406,216,190,60,30,30,153,88,65,107,48,59,7,5,2,44,21,23,35,24,11
55092202,98,44,54,15,4,11,32,18,14,33,17,16,2,0,2,11,3,8,5,2,3
55092203,78,44,34,15,10,5,30,16,14,20,14,6,0,0,0,11,3,8,2,1,1
55092204,147,76,71,17,5,12,59,33,26,50,28,22,2,1,1,11,3,8,8,6,2
55092206,29,14,15,4,2,2,14,6,8,8,4,4,0,0,0,2,1,1,1,1,0
55094902,87,47,40,13,6,7,48,31,17,15,4,11,0,0,0,7,3,4,4,3,1
55094903,27,14,13,4,1,3,12,9,3,3,1,2,0,0,0,7,3,4,1,0,1
55094904,32,12,20,4,0,4,15,8,7,8,2,6,0,0,0,5,2,3,0,0,0
55095701,16,8,8,7,2,5,2,2,0,2,1,1,0,0,0,5,3,2,0,0,0
55095702,457,218,239,52,19,33,197,111,86,129,54,75,3,2,1,56,19,37,20,13,7
55095704,28,15,13,2,0,2,10,7,3,10,6,4,0,0,0,5,2,3,1,0,1
55095705,33,18,15,3,0,3,12,8,4,15,9,6,0,0,0,3,1,2,0,0,0
55095706,44,24,20,9,5,4,19,12,7,10,6,4,2,0,2,2,0,2,2,1,1
55095707,26,15,11,5,3,2,13,9,4,7,3,4,0,0,0,1,0,1,0,0,0
55095708,21,11,10,6,2,4,6,4,2,8,4,4,0,0,0,0,0,0,1,1,0
55095709,42,23,19,5,4,1,14,9,5,13,4,9,2,1,1,8,5,3,0,0,0
55095710,76,41,35,4,2,2,26,16,10,32,17,15,1,0,1,12,6,6,1,0,1
55096501,296,146,150,38,18,20,118,63,55,91,39,52,2,1,1,26,13,13,21,12,9
55096502,31,17,14,1,1,0,17,11,6,9,3,6,0,0,0,4,2,2,0,0,0
55096503,34,20,14,3,1,2,14,10,4,9,5,4,2,1,1,6,3,3,0,0,0
55098101,171,88,83,19,4,15,85,52,33,46,21,25,2,1,1,17,8,9,2,2,0
55098102,50,23,27,7,3,4,19,9,10,17,9,8,0,0,0,6,2,4,1,0,1
55101501,86,43,43,13,4,9,42,23,19,20,9,11,1,0,1,7,5,2,3,2,1
55101502,243,125,118,36,17,19,96,60,36,74,33,41,1,0,1,28,12,16,8,3,5
56021901,151,78,73,19,10,9,50,30,20,51,24,27,2,1,1,26,10,16,3,3,0
55102301,50,24,26,11,4,7,26,12,14,10,6,4,0,0,0,3,2,1,0,0,0
55102302,62,34,28,6,2,4,29,18,11,18,7,11,0,0,0,5,4,1,4,3,1
55102303,25,11,14,3,2,1,6,2,4,8,4,4,0,0,0,8,3,5,0,0,0
55102304,62,36,26,7,4,3,24,17,7,17,8,9,1,0,1,8,4,4,5,3,2
56024301,19,9,10,2,0,2,6,5,1,8,2,6,1,0,1,2,2,0,0,0,0
56024302,96,50,46,10,6,4,37,20,17,28,11,17,3,3,0,14,6,8,4,4,0
55104001,128,64,64,12,6,6,46,29,17,45,21,24,4,1,3,18,5,13,3,2,1
55104003,23,10,13,1,0,1,7,3,4,9,4,5,0,0,0,5,2,3,1,1,0
55104004,39,20,19,5,2,3,17,11,6,10,3,7,1,1,0,5,3,2,1,0,1
55104007,59,30,29,14,8,6,29,15,14,15,7,8,0,0,0,1,0,1,0,0,0
55159701,125,58,67,20,8,12,36,26,10,47,18,29,3,2,1,16,2,14,3,2,1
56169001,32,18,14,3,2,1,11,6,5,10,6,4,1,1,0,6,2,4,1,1,0
53662801,75,43,32,5,3,2,33,21,12,20,11,9,2,1,1,14,7,7,1,0,1
53688101,130,64,66,19,7,12,47,26,21,40,19,21,0,0,0,15,6,9,9,6,3
53688102,108,56,52,14,4,10,46,26,20,32,17,15,0,0,0,16,9,7,0,0,0
53636901,53,30,23,11,5,6,21,15,6,15,7,8,0,0,0,6,3,3,0,0,0
55110401,67,37,30,10,6,4,22,14,8,21,11,10,2,1,1,8,4,4,4,1,3
55110402,73,31,42,5,0,5,36,20,16,19,4,15,3,3,0,10,4,6,0,0,0
55112101,131,70,61,25,11,14,57,32,25,34,16,18,0,0,0,10,7,3,5,4,1
55113901,332,166,166,46,20,26,108,66,42,94,37,57,0,0,0,47,19,28,37,24,13
52998201,163,88,75,24,14,10,64,40,24,41,20,21,6,0,6,20,9,11,8,5,3
53690301,38,20,18,2,0,2,18,11,7,12,6,6,2,2,0,1,0,1,3,1,2
55115501,182,93,89,29,14,15,67,35,32,45,26,19,0,0,0,27,9,18,14,9,5
55115502,36,18,18,1,0,1,17,11,6,12,5,7,1,0,1,4,1,3,1,1,0
55116301,135,66,69,22,9,13,41,22,19,43,20,23,3,2,1,16,7,9,10,6,4
55116302,29,16,13,5,3,2,10,5,5,7,4,3,1,1,0,3,1,2,3,2,1
55118001,98,53,45,10,2,8,45,25,20,27,14,13,3,1,2,7,5,2,6,6,0
55118002,62,34,28,13,6,7,29,21,8,14,5,9,0,0,0,5,2,3,1,0,1
55118004,87,50,37,12,5,7,33,22,11,28,17,11,2,1,1,11,5,6,1,0,1
55118005,64,34,30,12,5,7,24,15,9,18,9,9,0,0,0,5,3,2,5,2,3
53694601,70,32,38,13,4,9,29,15,14,23,10,13,0,0,0,3,1,2,2,2,0
55120101,1084,530,554,117,53,64,359,203,156,367,163,204,10,3,7,200,88,112,31,20,11
56040501,115,62,53,17,10,7,54,32,22,26,12,14,0,0,0,14,6,8,4,2,2
53660101,123,61,62,16,6,10,55,32,23,33,15,18,3,0,3,11,4,7,5,4,1
53634201,83,43,40,11,3,8,40,27,13,20,6,14,1,0,1,6,4,2,5,3,2
55126101,156,75,81,26,7,19,67,38,29,33,13,20,2,1,1,17,9,8,11,7,4
55126102,30,14,16,1,0,1,10,5,5,10,4,6,1,1,0,8,4,4,0,0,0
53680601,99,47,52,21,7,14,55,30,25,13,3,10,0,0,0,3,2,1,7,5,2
53680602,27,16,11,3,0,3,10,7,3,10,7,3,0,0,0,4,2,2,0,0,0
53695401,60,34,26,6,5,1,31,17,14,17,11,6,1,0,1,3,1,2,2,0,2
53655501,55,31,24,15,7,8,18,13,5,12,5,7,2,0,2,3,2,1,5,4,1
53655502,52,30,22,2,0,2,24,15,9,21,12,9,0,0,0,4,2,2,1,1,0
56039101,34,20,14,4,2,2,12,8,4,13,7,6,1,0,1,4,3,1,0,0,0
53675001,89,47,42,16,9,7,46,27,19,12,2,10,2,0,2,7,4,3,6,5,1
59895001,84,37,47,10,2,8,35,19,16,25,9,16,3,1,2,9,5,4,2,1,1
56019701,46,24,22,4,2,2,17,10,7,16,6,10,2,1,1,7,5,2,0,0,0
55133301,73,38,35,17,9,8,34,20,14,13,6,7,1,0,1,7,2,5,1,1,0
55133302,207,103,104,27,10,17,81,47,34,58,26,32,2,0,2,19,7,12,20,13,7
55133303,101,50,51,25,9,16,42,26,16,22,12,10,0,0,0,12,3,9,0,0,0
53683101,72,39,33,4,3,1,21,13,8,35,20,15,0,0,0,11,3,8,1,0,1
55134101,113,56,57,18,9,9,52,28,24,30,13,17,1,0,1,11,5,6,1,1,0
55134102,41,24,17,8,3,5,18,10,8,8,6,2,0,0,0,3,2,1,4,3,1
55134103,73,39,34,13,6,7,29,19,10,18,9,9,1,1,0,6,2,4,6,2,4
55135001,506,271,235,68,25,43,220,134,86,130,58,72,9,4,5,34,20,14,45,30,15
55135002,73,38,35,13,4,9,32,20,12,19,7,12,0,0,0,5,4,1,4,3,1
53682202,47,24,23,9,1,8,23,16,7,7,3,4,0,0,0,4,2,2,4,2,2
53682203,28,11,17,6,1,5,9,4,5,10,4,6,0,0,0,1,1,0,2,1,1
53646601,284,103,181,147,32,115,60,37,23,51,19,32,1,0,1,19,9,10,6,6,0
55138401,529,255,274,67,26,41,181,110,71,172,79,93,16,10,6,81,22,59,12,8,4
55138404,39,18,21,4,0,4,15,12,3,7,1,6,1,1,0,8,3,5,4,1,3
55139201,226,116,110,37,14,23,102,63,39,61,28,33,3,1,2,15,6,9,8,4,4
53641501,36,21,15,10,6,4,11,8,3,9,4,5,1,0,1,0,0,0,5,3,2
53653901,53,26,27,4,2,2,18,10,8,23,9,14,1,1,0,5,2,3,2,2,0
55141401,184,93,91,26,12,14,67,39,28,51,28,23,8,1,7,19,8,11,13,5,8
55141403,24,13,11,7,2,5,9,4,5,5,5,0,0,0,0,1,0,1,2,2,0
53656301,211,101,110,35,14,21,78,46,32,61,26,35,2,0,2,23,8,15,12,7,5
56027801,221,115,106,26,12,14,73,42,31,74,35,39,6,3,3,29,12,17,13,11,2
55147302,27,14,13,3,1,2,13,8,5,7,1,6,0,0,0,4,4,0,0,0,0
55147303,103,51,52,8,3,5,50,29,21,27,11,16,1,1,0,11,4,7,6,3,3
55147305,34,19,15,1,0,1,17,11,6,10,4,6,1,1,0,3,2,1,2,1,1
55147308,55,26,29,9,2,7,17,10,7,19,6,13,1,0,1,7,6,1,2,2,0
55147310,18,12,6,2,1,1,4,4,0,8,5,3,0,0,0,4,2,2,0,0,0
53664401,95,49,46,10,3,7,37,21,16,26,13,13,0,0,0,13,6,7,9,6,3
53664402,42,22,20,9,5,4,13,5,8,12,9,3,1,0,1,2,1,1,5,2,3
53647401,91,52,39,25,13,12,38,26,12,14,8,6,2,1,1,6,1,5,6,3,3
53672501,91,44,47,16,6,10,43,26,17,21,6,15,1,0,1,7,4,3,3,2,1
55152001,227,118,109,32,12,20,112,67,45,55,28,27,1,0,1,20,7,13,7,4,3
55152003,26,14,12,6,1,5,7,4,3,12,8,4,0,0,0,1,1,0,0,0,0
53696201,184,97,87,24,6,18,73,45,28,51,26,25,0,0,0,25,10,15,11,10,1
56020101,48,24,24,11,5,6,18,11,7,11,4,7,1,1,0,3,0,3,4,3,1
56020103,32,16,16,3,1,2,13,6,7,10,6,4,2,0,2,3,2,1,1,1,0
55155401,75,31,44,9,1,8,17,12,5,24,10,14,2,1,1,14,3,11,9,4,5
55155402,212,107,105,32,7,25,88,59,29,57,27,30,1,0,1,21,8,13,13,6,7
55156201,48,25,23,7,5,2,23,12,11,11,4,7,0,0,0,4,2,2,3,2,1
55156202,36,22,14,6,3,3,16,12,4,8,4,4,0,0,0,3,1,2,3,2,1
55156203,406,262,144,158,135,23,114,64,50,80,38,42,6,0,6,27,12,15,21,13,8
55156204,34,18,16,4,2,2,6,3,3,14,8,6,2,1,1,5,2,3,3,2,1
55156205,46,22,24,3,2,1,21,12,9,13,4,9,0,0,0,6,2,4,3,2,1
55157101,87,42,45,12,7,5,35,18,17,28,12,16,0,0,0,5,0,5,7,5,2
59888702,70,39,31,10,6,4,14,9,5,23,11,12,1,0,1,12,6,6,10,7,3
53691101,28,15,13,1,0,1,13,9,4,10,4,6,0,0,0,4,2,2,0,0,0
53691102,40,21,19,7,3,4,18,10,8,9,5,4,1,0,1,2,1,1,3,2,1
55161901,35,17,18,4,1,3,16,8,8,10,5,5,1,1,0,4,2,2,0,0,0
55161902,228,107,121,26,12,14,88,42,46,77,33,44,6,2,4,16,10,6,15,8,7
55162701,55,30,25,7,4,3,25,17,8,16,6,10,2,1,1,1,0,1,4,2,2
55162702,130,73,57,19,6,13,57,37,20,39,22,17,0,0,0,8,3,5,7,5,2
55162703,25,13,12,3,0,3,12,8,4,8,4,4,0,0,0,1,0,1,1,1,0
55162704,44,17,27,7,0,7,16,8,8,15,6,9,0,0,0,6,3,3,0,0,0
53679201,72,38,34,14,9,5,17,10,7,30,12,18,4,3,1,5,2,3,2,2,0
55163501,23,9,14,6,2,4,10,3,7,4,2,2,0,0,0,3,2,1,0,0,0
55163502,24,12,12,2,1,1,10,5,5,6,2,4,0,0,0,5,3,2,1,1,0
55163503,79,44,35,16,7,9,41,23,18,14,8,6,0,0,0,6,4,2,2,2,0
55163504,54,26,28,8,3,5,25,13,12,9,5,4,2,0,2,9,4,5,1,1,0
55163505,39,20,19,7,4,3,12,7,5,15,8,7,0,0,0,5,1,4,0,0,0
53654701,109,56,53,9,4,5,37,20,17,35,17,18,2,0,2,17,8,9,9,7,2
55164301,34,16,18,5,2,3,10,5,5,13,7,6,0,0,0,6,2,4,0,0,0
55164302,73,35,38,9,3,6,35,21,14,17,7,10,4,2,2,5,1,4,3,1,2
55164303,250,127,123,35,14,21,103,64,39,71,26,45,5,2,3,20,10,10,16,11,5
55164304,36,20,16,6,2,4,12,9,3,13,6,7,1,0,1,3,3,0,1,0,1
53642301,28,14,14,4,1,3,14,9,5,7,2,5,0,0,0,1,0,1,2,2,0
55166001,45,22,23,8,2,6,21,13,8,14,7,7,0,0,0,2,0,2,0,0,0
55166002,79,42,37,7,4,3,15,10,5,36,20,16,1,1,0,16,5,11,4,2,2
55166003,67,30,37,8,2,6,18,10,8,25,13,12,3,0,3,10,2,8,3,3,0
55166004,795,378,417,97,40,57,261,137,124,251,112,139,16,9,7,116,47,69,54,33,21
55166006,50,26,24,10,4,6,26,15,11,12,6,6,1,1,0,1,0,1,0,0,0
55166007,29,16,13,7,1,6,13,10,3,6,2,4,1,1,0,1,1,0,1,1,0
55167802,77,42,35,9,2,7,37,27,10,22,10,12,2,0,2,6,3,3,1,0,1
55167803,408,213,195,52,26,26,94,59,35,155,72,83,10,3,7,64,30,34,33,23,10
55167805,23,10,13,4,1,3,10,6,4,7,2,5,2,1,1,0,0,0,0,0,0
55167806,35,19,16,8,3,5,13,8,5,12,7,5,0,0,0,1,0,1,1,1,0
53686501,198,96,102,26,12,14,62,33,29,65,28,37,4,1,3,25,13,12,16,9,7
53684901,378,203,175,47,24,23,124,67,57,129,70,59,11,3,8,48,22,26,19,17,2
55171601,57,30,27,9,3,6,28,14,14,10,7,3,1,0,1,6,4,2,3,2,1
55171602,55,27,28,6,2,4,23,15,8,17,8,9,1,0,1,8,2,6,0,0,0
55171604,930,468,462,116,44,72,354,208,146,310,146,164,14,2,12,98,46,52,38,22,16
59890901,61,32,29,13,4,9,20,10,10,21,12,9,1,1,0,5,4,1,1,1,0
55174101,51,27,24,10,4,6,15,9,6,19,8,11,0,0,0,5,4,1,2,2,0
55174102,109,51,58,21,7,14,50,30,20,22,5,17,1,0,1,11,6,5,4,3,1
53677601,116,62,54,17,7,10,39,24,15,37,21,16,6,2,4,15,8,7,2,0,2
55175901,26,14,12,2,1,1,15,10,5,3,1,2,0,0,0,2,0,2,4,2,2
55175902,223,101,122,33,8,25,91,49,42,64,27,37,3,1,2,24,10,14,8,6,2
53003401,43,23,20,7,4,3,14,8,6,16,7,9,1,1,0,2,1,1,3,2,1
53003402,36,17,19,5,1,4,13,9,4,12,5,7,0,0,0,6,2,4,0,0,0
53003403,216,112,104,19,9,10,87,54,33,63,26,37,5,4,1,32,13,19,10,6,4
1560010,0,0,0,0,0,0,0,0,0,0,0,0,0,0,0,0,0,0,0,0,0
3016550,0,0,0,0,0,0,0,0,0,0,0,0,0,0,0,0,0,0,0,0,0
3016800,0,0,0,0,0,0,0,0,0,0,0,0,0,0,0,0,0,0,0,0,0
55078701,47,25,22,8,4,4,15,10,5,11,5,6,0,0,0,10,4,6,3,2,1
55078702,150,67,83,20,6,14,46,29,17,62,23,39,3,1,2,11,4,7,8,4,4
55078703,1710,850,860,164,73,91,537,305,232,607,280,327,25,8,17,318,147,171,59,37,22
55078704,137,65,72,16,4,12,55,34,21,37,13,24,2,2,0,20,9,11,7,3,4
55078705,471,228,243,45,18,27,127,78,49,188,89,99,4,0,4,92,32,60,15,11,4
55078706,124,59,65,16,7,9,11,5,6,43,21,22,2,1,1,44,22,22,8,3,5
55078707,297,151,146,26,11,15,87,53,34,100,49,51,5,4,1,71,32,39,8,2,6
55078708,277,141,136,41,23,18,85,50,35,106,50,56,2,1,1,35,12,23,8,5,3
55078709,39,20,19,1,1,0,16,9,7,17,7,10,0,0,0,2,1,1,3,2,1
55078710,26,13,13,0,0,0,8,6,2,6,1,5,1,1,0,11,5,6,0,0,0
55078711,63,32,31,9,3,6,14,8,6,25,11,14,0,0,0,11,6,5,4,4,0
55078713,1268,575,693,161,63,98,392,212,180,413,162,251,25,10,15,224,98,126,53,30,23
55078714,52,26,26,4,1,3,11,8,3,20,9,11,0,0,0,16,8,8,1,0,1
55078715,1941,870,1071,245,90,155,606,301,305,699,292,407,27,12,15,260,115,145,104,60,44
55078716,27,13,14,4,2,2,5,4,1,11,4,7,2,1,1,4,1,3,1,1,0
55078717,3615,1740,1875,501,213,288,1200,642,558,1130,489,641,52,21,31,418,193,225,314,182,132
55078718,489,235,254,72,23,49,130,74,56,165,77,88,9,2,7,94,47,47,19,12,7
55078719,120,56,64,16,7,9,15,8,7,42,19,23,6,6,0,41,16,25,0,0,0
55078720,1218,525,693,215,70,145,380,183,197,410,179,231,11,2,9,151,64,87,51,27,24
55078721,135,75,60,17,7,10,40,24,16,36,21,15,1,1,0,22,11,11,19,11,8
55078722,252,119,133,42,17,25,58,33,25,81,39,42,4,3,1,58,25,33,9,2,7
55078723,800,372,428,89,35,54,324,164,160,255,112,143,8,0,8,98,48,50,26,13,13
55078724,1287,604,683,123,53,70,380,194,186,469,200,269,31,17,14,237,113,124,47,27,20
55078725,77,41,36,11,5,6,29,18,11,25,12,13,1,0,1,2,1,1,9,5,4
55078726,78,43,35,9,4,5,27,14,13,26,17,9,0,0,0,15,7,8,1,1,0
55078728,3204,1454,1750,434,175,259,1116,548,568,1055,466,589,48,30,18,386,158,228,165,77,88
55078729,92,43,49,7,3,4,36,22,14,36,15,21,0,0,0,11,3,8,2,0,2
55078731,20,10,10,7,2,5,4,3,1,1,1,0,0,0,0,1,0,1,7,4,3
55078733,432,214,218,62,30,32,113,68,45,155,70,85,6,4,2,81,36,45,15,6,9
55177501,96,48,48,21,5,16,41,27,14,24,10,14,2,1,1,3,2,1,5,3,2
55177502,46,25,21,10,3,7,24,16,8,7,3,4,0,0,0,2,1,1,3,2,1
53678401,113,56,57,17,8,9,33,17,16,31,15,16,2,1,1,25,13,12,5,2,3
55179101,105,55,50,31,13,18,46,31,15,17,7,10,2,0,2,6,2,4,3,2,1
55179102,47,26,21,9,3,6,25,17,8,9,4,5,0,0,0,2,1,1,2,1,1
55179103,75,41,34,12,6,6,26,18,8,26,12,14,0,0,0,9,4,5,2,1,1
55179104,26,12,14,2,0,2,16,10,6,4,1,3,0,0,0,4,1,3,0,0,0
55179105,492,243,249,66,24,42,226,125,101,130,65,65,4,2,2,38,14,24,28,13,15
55183001,55,32,23,11,7,4,19,13,6,14,7,7,1,0,1,7,3,4,3,2,1
55183002,211,111,100,27,12,15,95,57,38,51,20,31,6,1,5,23,15,8,9,6,3
53692001,167,81,86,25,6,19,70,42,28,52,23,29,3,1,2,15,7,8,2,2,0
55185601,95,49,46,8,3,5,51,29,22,23,12,11,2,2,0,8,1,7,3,2,1
55185602,557,262,295,68,27,41,224,122,102,183,80,103,4,1,3,61,22,39,17,10,7
55185603,54,21,33,10,3,7,15,10,5,19,6,13,2,1,1,8,1,7,0,0,0
53659801,205,102,103,24,8,16,77,49,28,61,26,35,4,2,2,25,10,15,14,7,7
53651202,164,71,93,25,7,18,76,45,31,38,12,26,2,0,2,11,3,8,12,4,8
55189901,119,55,64,22,4,18,41,27,14,36,15,21,1,0,1,15,5,10,4,4,0
55189902,148,80,68,30,15,15,59,40,19,40,18,22,4,1,3,9,3,6,6,3,3
53667901,57,31,26,5,3,2,30,18,12,14,6,8,2,1,1,5,2,3,1,1,0
53669501,27,15,12,2,0,2,12,9,3,9,3,6,0,0,0,2,1,1,2,2,0
53669503,53,26,27,9,3,6,23,15,8,10,4,6,0,0,0,4,1,3,7,3,4
56395101,58,32,26,5,2,3,29,18,11,7,4,3,1,0,1,13,6,7,3,2,1
55193701,78,37,41,9,6,3,42,23,19,16,6,10,0,0,0,8,2,6,3,0,3
53689001,21,11,10,4,4,0,10,5,5,5,1,4,0,0,0,2,1,1,0,0,0
53689002,77,38,39,7,1,6,38,19,19,16,8,8,1,0,1,5,2,3,10,8,2
53650401,39,22,17,4,1,3,19,11,8,7,4,3,0,0,0,3,2,1,6,4,2
53674101,130,67,63,16,7,9,46,28,18,40,18,22,2,1,1,22,11,11,4,2,2
3017610,0,0,0,0,0,0,0,0,0,0,0,0,0,0,0,0,0,0,0,0,0
55195301,148,72,76,31,8,23,65,40,25,31,15,16,2,0,2,16,8,8,3,1,2
55195302,159,70,89,21,10,11,49,27,22,32,14,18,1,1,0,13,5,8,43,13,30
55195303,73,38,35,7,2,5,36,18,18,20,12,8,3,2,1,6,3,3,1,1,0
55195304,192,93,99,14,5,9,78,45,33,75,33,42,0,0,0,20,7,13,5,3,2
55195305,36,21,15,5,2,3,15,11,4,7,4,3,1,1,0,4,2,2,4,1,3
55195306,246,115,131,30,9,21,89,52,37,84,37,47,2,1,1,27,9,18,14,7,7
55195307,23,12,11,2,1,1,9,6,3,6,2,4,0,0,0,3,2,1,3,1,2
55195308,553,299,254,73,38,35,174,101,73,150,73,77,8,4,4,71,35,36,77,48,29
55195309,70,40,30,12,6,6,25,12,13,18,14,4,1,1,0,8,4,4,6,3,3
55195311,346,178,168,43,17,26,118,70,48,108,52,56,6,2,4,53,29,24,18,8,10
55195312,391,169,222,81,22,59,142,73,69,90,37,53,11,8,3,45,19,26,22,10,12
55195313,58,38,20,6,3,3,12,9,3,22,17,5,7,2,5,9,6,3,2,1,1
55195314,94,53,41,8,3,5,25,14,11,30,18,12,2,2,0,25,14,11,4,2,2
55195315,1087,532,555,150,56,94,397,226,171,349,166,183,8,2,6,143,58,85,40,24,16
55195316,583,290,293,77,37,40,206,123,83,190,83,107,15,5,10,74,30,44,21,12,9
55195317,978,476,502,146,61,85,346,180,166,273,135,138,14,4,10,99,34,65,100,62,38
55195318,433,222,211,34,15,19,141,84,57,134,64,70,4,2,2,93,42,51,27,15,12
55195319,348,173,175,51,24,27,113,60,53,119,58,61,5,1,4,54,27,27,6,3,3
55196103,115,54,61,15,7,8,47,26,21,32,12,20,1,0,1,15,7,8,5,2,3
55196105,335,173,162,49,24,25,134,79,55,97,45,52,6,2,4,34,13,21,15,10,5
55197001,75,38,37,9,4,5,29,17,12,15,7,8,0,0,0,10,4,6,12,6,6
55197003,34,16,18,4,2,2,8,7,1,12,4,8,1,0,1,7,2,5,2,1,1
55197004,2309,1100,1209,316,122,194,787,445,342,759,340,419,39,13,26,288,118,170,120,62,58
55197005,70,35,35,5,3,2,26,16,10,22,8,14,1,1,0,9,3,6,7,4,3
55198801,256,119,137,37,14,23,108,62,46,80,31,49,1,1,0,17,5,12,13,6,7
53648201,39,21,18,10,5,5,17,9,8,5,4,1,0,0,0,2,0,2,5,3,2
53687301,49,24,25,4,3,1,19,11,8,15,6,9,0,0,0,1,0,1,10,4,6
56325101,46,25,21,6,3,3,17,10,7,18,10,8,0,0,0,3,1,2,2,1,1
56325102,65,29,36,11,2,9,17,14,3,27,9,18,1,1,0,8,3,5,1,0,1
56336601,61,37,24,7,2,5,30,20,10,15,9,6,2,2,0,2,0,2,5,4,1
3085610,0,0,0,0,0,0,0,0,0,0,0,0,0,0,0,0,0,0,0,0,0
55205401,66,31,35,8,5,3,27,15,12,24,9,15,1,0,1,6,2,4,0,0,0
55205402,110,54,56,15,5,10,41,23,18,42,19,23,0,0,0,12,7,5,0,0,0
55205403,43,23,20,9,4,5,17,12,5,12,5,7,0,0,0,3,0,3,2,2,0
55205404,428,233,195,49,24,25,107,69,38,143,69,74,4,1,3,68,29,39,57,41,16
55205405,76,45,31,6,2,4,31,22,9,28,15,13,1,1,0,9,4,5,1,1,0
55205406,2221,1063,1158,278,107,171,707,350,357,786,382,404,34,17,17,347,176,171,69,31,38
55205408,1194,558,636,207,68,139,421,238,183,385,169,216,19,8,11,122,60,62,40,15,25
55205409,19,11,8,1,1,0,0,0,0,7,3,4,1,1,0,7,5,2,3,1,2
56044801,97,49,48,14,4,10,38,25,13,29,15,14,1,0,1,11,3,8,4,2,2
56044802,71,36,35,5,1,4,21,11,10,32,15,17,2,2,0,6,2,4,5,5,0
55209701,195,97,98,24,8,16,78,45,33,62,31,31,2,0,2,23,11,12,6,2,4
55210101,405,202,203,56,22,34,150,89,61,132,60,72,11,4,7,43,18,25,13,9,4
55210103,26,15,11,1,0,1,10,5,5,11,8,3,0,0,0,4,2,2,0,0,0
55210104,26,12,14,5,2,3,9,5,4,5,2,3,0,0,0,7,3,4,0,0,0
55210107,31,19,12,11,6,5,10,7,3,3,1,2,0,0,0,2,1,1,5,4,1
55210108,24,15,9,4,1,3,10,6,4,8,6,2,0,0,0,1,1,0,1,1,0
55210109,26,14,12,3,0,3,13,9,4,6,4,2,0,0,0,4,1,3,0,0,0
55212701,41,23,18,10,3,7,17,12,5,8,3,5,1,1,0,0,0,0,5,4,1
55213501,164,86,78,14,8,6,62,42,20,51,21,30,4,1,3,21,7,14,12,7,5
55213502,20,11,9,2,2,0,9,7,2,9,2,7,0,0,0,0,0,0,0,0,0
55214301,254,122,132,49,17,32,110,64,46,65,28,37,5,0,5,13,8,5,12,5,7
55214302,51,27,24,5,0,5,27,16,11,14,8,6,0,0,0,2,1,1,3,2,1
55214303,33,20,13,2,1,1,23,15,8,6,3,3,1,1,0,0,0,0,1,0,1
56372201,37,18,19,5,2,3,16,10,6,8,4,4,1,0,1,5,0,5,2,2,0
56372202,38,19,19,6,2,4,15,8,7,10,5,5,1,0,1,5,4,1,1,0,1
55220801,186,94,92,31,9,22,76,42,34,50,23,27,1,1,0,15,7,8,13,12,1
55220802,24,13,11,4,3,1,11,7,4,4,1,3,1,1,0,1,0,1,3,1,2
55220803,23,11,12,3,2,1,11,6,5,6,1,5,0,0,0,2,1,1,1,1,0
55220804,22,10,12,4,1,3,11,6,5,7,3,4,0,0,0,0,0,0,0,0,0
55220805,79,39,40,12,3,9,37,24,13,17,7,10,0,0,0,6,1,5,7,4,3
56365001,133,68,65,12,4,8,60,35,25,38,17,21,2,1,1,17,8,9,4,3,1
55222402,98,54,44,16,5,11,39,26,13,30,12,18,2,1,1,6,5,1,5,5,0
55224101,110,59,51,16,9,7,50,32,18,27,8,19,2,0,2,4,3,1,11,7,4
55224102,64,32,32,5,3,2,31,14,17,13,7,6,1,0,1,12,6,6,2,2,0
55224103,45,26,19,4,2,2,23,14,9,5,4,1,0,0,0,7,2,5,6,4,2
55224104,27,14,13,5,2,3,10,7,3,5,2,3,0,0,0,4,2,2,3,1,2
55224105,70,40,30,7,1,6,37,23,14,15,10,5,2,1,1,3,1,2,6,4,2
55224106,83,46,37,9,5,4,38,23,15,25,12,13,0,0,0,11,6,5,0,0,0
55224108,60,29,31,3,0,3,29,17,12,17,7,10,2,2,0,7,2,5,2,1,1
55224111,153,76,77,17,4,13,70,46,24,38,18,20,3,0,3,20,8,12,5,0,5
55224112,19,10,9,3,1,2,10,7,3,5,2,3,0,0,0,0,0,0,1,0,1
55224113,51,21,30,9,3,6,19,8,11,17,7,10,0,0,0,6,3,3,0,0,0
56052901,52,28,24,4,1,3,22,13,9,18,13,5,1,0,1,2,0,2,5,1,4
56052902,23,12,11,2,1,1,6,4,2,9,5,4,3,1,2,3,1,2,0,0,0
56052903,39,22,17,8,2,6,15,10,5,10,5,5,2,2,0,4,3,1,0,0,0
56376501,127,64,63,14,7,7,60,32,28,28,11,17,2,1,1,18,11,7,5,2,3
55227501,188,103,85,37,13,24,80,52,28,44,24,20,1,0,1,16,7,9,10,7,3
55228301,676,344,332,75,36,39,231,141,90,248,107,141,7,3,4,96,46,50,19,11,8
55229101,121,61,60,19,8,11,22,14,8,51,25,26,5,2,3,17,7,10,7,5,2
56330701,185,97,88,23,12,11,71,45,26,58,24,34,3,2,1,28,12,16,2,2,0
56362501,54,28,26,7,3,4,24,16,8,16,5,11,0,0,0,6,3,3,1,1,0
56048103,125,58,67,13,1,12,59,39,20,36,12,24,1,0,1,8,3,5,8,3,5
55232101,44,22,22,6,3,3,18,10,8,10,6,4,1,1,0,8,1,7,1,1,0
55232102,228,111,117,24,7,17,88,53,35,73,34,39,1,1,0,33,12,21,9,4,5
55232103,55,32,23,5,3,2,16,15,1,21,8,13,3,0,3,9,5,4,1,1,0
59899202,33,16,17,3,1,2,12,8,4,13,4,9,0,0,0,3,2,1,2,1,1
59899203,50,22,28,12,4,8,23,12,11,6,2,4,2,0,2,5,3,2,2,1,1
56290401,106,56,50,9,3,6,53,32,21,26,11,15,2,2,0,14,6,8,2,2,0
55245301,102,53,49,10,5,5,49,30,19,28,16,12,1,0,1,11,2,9,3,0,3
55246101,441,225,216,50,20,30,144,81,63,152,74,78,5,0,5,72,37,35,18,13,5
55246102,689,356,333,73,29,44,222,141,81,226,104,122,18,6,12,117,52,65,33,24,9
55246104,58,29,29,5,2,3,22,13,9,16,6,10,3,1,2,6,5,1,6,2,4
55246107,47,24,23,2,0,2,19,9,10,15,8,7,0,0,0,10,6,4,1,1,0
55246108,24,10,14,5,1,4,8,5,3,8,3,5,0,0,0,3,1,2,0,0,0
55246109,31,15,16,5,2,3,9,5,4,14,6,8,1,0,1,2,2,0,0,0,0
55246110,40,21,19,3,0,3,22,12,10,9,5,4,1,0,1,4,3,1,1,1,0
55246111,93,47,46,11,5,6,34,27,7,25,4,21,4,2,2,14,8,6,5,1,4
55246112,67,36,31,11,7,4,21,13,8,22,10,12,0,0,0,9,3,6,4,3,1
55247001,308,156,152,43,13,30,139,90,49,88,34,54,3,0,3,26,13,13,9,6,3
55247004,105,52,53,16,5,11,49,27,22,28,14,14,1,0,1,10,5,5,1,1,0
56314501,131,68,63,10,2,8,56,37,19,44,23,21,2,0,2,18,5,13,1,1,0
55249601,125,66,59,13,6,7,57,38,19,36,16,20,0,0,0,14,4,10,5,2,3
55249602,1625,771,854,235,84,151,582,324,258,485,209,276,37,11,26,229,109,120,57,34,23
55249604,94,41,53,12,4,8,21,11,10,38,15,23,3,1,2,20,10,10,0,0,0
55249605,149,78,71,20,8,12,62,39,23,54,25,29,0,0,0,11,5,6,2,1,1
55249606,56,29,27,13,6,7,22,16,6,15,5,10,0,0,0,5,1,4,1,1,0
56296301,62,28,34,4,1,3,23,13,10,24,10,14,1,0,1,4,1,3,6,3,3
0611742,0,0,0,0,0,0,0,0,0,0,0,0,0,0,0,0,0,0,0,0,0
55253401,128,63,65,21,8,13,39,25,14,34,10,24,3,1,2,20,10,10,11,9,2
55253402,38,18,20,10,3,7,11,8,3,14,6,8,0,0,0,1,0,1,2,1,1
55253403,41,21,20,7,3,4,14,9,5,14,6,8,1,0,1,5,3,2,0,0,0
55253405,38,20,18,4,1,3,20,13,7,10,4,6,0,0,0,3,2,1,1,0,1
55253408,41,24,17,4,0,4,13,7,6,10,7,3,1,1,0,13,9,4,0,0,0
55253409,52,27,25,5,1,4,19,11,8,17,8,9,0,0,0,9,5,4,2,2,0
55253412,796,402,394,87,30,57,250,149,101,281,132,149,15,6,9,116,45,71,47,40,7
55253417,29,14,15,3,2,1,10,5,5,9,5,4,1,1,0,6,1,5,0,0,0
55253418,63,29,34,5,1,4,27,15,12,16,5,11,0,0,0,14,7,7,1,1,0
55253419,86,47,39,9,4,5,20,14,6,37,20,17,2,1,1,15,7,8,3,1,2
55253420,123,59,64,20,7,13,54,30,24,30,13,17,2,0,2,12,7,5,5,2,3
55253421,18,8,10,0,0,0,9,6,3,9,2,7,0,0,0,0,0,0,0,0,0
55253422,103,51,52,20,5,15,34,22,12,27,15,12,0,0,0,15,6,9,7,3,4
55253424,29,16,13,5,1,4,13,9,4,10,6,4,0,0,0,1,0,1,0,0,0
55253425,26,15,11,4,1,3,9,6,3,9,6,3,1,0,1,0,0,0,3,2,1
55253426,31,16,15,9,5,4,8,4,4,6,2,4,0,0,0,4,3,1,4,2,2
55253427,23,9,14,5,0,5,11,7,4,4,2,2,0,0,0,3,0,3,0,0,0
55253428,23,12,11,4,2,2,7,5,2,10,4,6,0,0,0,2,1,1,0,0,0
55253429,18,10,8,2,1,1,8,5,3,5,2,3,0,0,0,1,1,0,2,1,1
53004201,59,26,33,14,3,11,19,14,5,13,1,12,1,1,0,9,5,4,3,2,1
56398601,42,21,21,5,4,1,23,14,9,13,3,10,0,0,0,1,0,1,0,0,0
56398602,499,248,251,57,21,36,154,91,63,196,93,103,13,0,13,61,33,28,18,10,8
59928001,107,57,50,20,6,14,51,35,16,20,8,12,0,0,0,6,2,4,10,6,4
0708152,0,0,0,0,0,0,0,0,0,0,0,0,0,0,0,0,0,0,0,0,0
55258502,54,28,26,6,0,6,23,16,7,17,10,7,0,0,0,7,2,5,1,0,1
55258504,558,285,273,77,29,48,215,143,72,192,87,105,5,0,5,47,12,35,22,14,8
56295501,74,35,39,13,4,9,24,11,13,23,13,10,1,0,1,12,6,6,1,1,0
56063401,97,52,45,9,2,7,36,23,13,30,15,15,3,2,1,9,4,5,10,6,4
56303001,136,69,67,13,3,10,61,38,23,44,18,26,2,1,1,15,8,7,1,1,0
56354401,97,49,48,12,3,9,33,22,11,30,16,14,2,1,1,20,7,13,0,0,0
56358701,137,69,68,21,5,16,39,22,17,40,18,22,3,3,0,21,10,11,13,11,2
55266601,196,103,93,33,12,21,85,53,32,44,20,24,1,0,1,23,13,10,10,5,5
55266602,87,42,45,13,6,7,41,21,20,22,10,12,1,0,1,7,4,3,3,1,2
55266603,68,34,34,7,1,6,20,11,9,27,14,13,3,2,1,6,2,4,5,4,1
55266604,38,19,19,2,1,1,15,11,4,18,7,11,1,0,1,2,0,2,0,0,0
55266605,881,432,449,92,37,55,325,196,129,285,120,165,14,4,10,110,43,67,55,32,23
55266606,23,12,11,1,0,1,15,9,6,3,1,2,0,0,0,3,2,1,1,0,1
55266607,16,10,6,1,0,1,3,2,1,7,5,2,0,0,0,4,2,2,1,1,0
55266608,85,43,42,16,6,10,37,20,17,19,9,10,4,1,3,4,3,1,5,4,1
55266609,105,46,59,12,2,10,41,23,18,40,17,23,3,0,3,9,4,5,0,0,0
56286601,108,52,56,17,5,12,48,30,18,25,12,13,2,0,2,9,2,7,7,3,4
56323401,132,68,64,22,9,13,46,31,15,45,17,28,3,1,2,8,3,5,8,7,1
59925501,88,39,49,16,6,10,43,20,23,13,5,8,2,0,2,8,5,3,6,3,3
0049872,0,0,0,0,0,0,0,0,0,0,0,0,0,0,0,0,0,0,0,0,0
0049952,0,0,0,0,0,0,0,0,0,0,0,0,0,0,0,0,0,0,0,0,0
55270402,49,24,25,5,2,3,22,15,7,14,5,9,0,0,0,7,1,6,1,1,0
55270403,24,12,12,2,2,0,10,7,3,9,1,8,0,0,0,2,2,0,1,0,1
55270406,48,23,25,6,2,4,18,11,7,15,6,9,0,0,0,7,4,3,2,0,2
55270408,1755,853,902,222,76,146,696,389,307,547,249,298,25,8,17,149,59,90,116,72,44
55270409,66,29,37,13,6,7,23,11,12,19,6,13,0,0,0,4,2,2,7,4,3
55270411,26,15,11,6,2,4,10,9,1,9,4,5,0,0,0,1,0,1,0,0,0
55270412,99,49,50,12,5,7,38,23,15,39,17,22,2,1,1,6,2,4,2,1,1
55270413,21,11,10,6,3,3,9,5,4,5,2,3,0,0,0,0,0,0,1,1,0
55270414,39,18,21,8,3,5,21,11,10,8,3,5,2,1,1,0,0,0,0,0,0
55270415,68,32,36,9,5,4,28,15,13,17,7,10,1,0,1,8,3,5,5,2,3
55271201,101,51,50,22,8,14,41,25,16,21,7,14,5,3,2,5,4,1,7,4,3
55272101,345,172,173,60,23,37,157,98,59,72,27,45,9,4,5,25,7,18,22,13,9
1010522,0,0,0,0,0,0,0,0,0,0,0,0,0,0,0,0,0,0,0,0,0
3204800,0,0,0,0,0,0,0,0,0,0,0,0,0,0,0,0,0,0,0,0,0
54963101,28,15,13,3,0,3,14,9,5,3,1,2,1,0,1,4,3,1,3,2,1
54963105,37,20,17,7,2,5,13,9,4,10,6,4,0,0,0,6,2,4,1,1,0
54963106,336,167,169,38,17,21,151,87,64,89,36,53,8,1,7,34,18,16,16,8,8
54963107,48,23,25,4,1,3,21,13,8,15,5,10,0,0,0,5,2,3,3,2,1
54963108,23,11,12,4,2,2,6,2,4,5,3,2,0,0,0,8,4,4,0,0,0
54963109,29,13,16,4,0,4,10,8,2,9,1,8,0,0,0,3,2,1,3,2,1
54963110,21,11,10,2,2,0,7,4,3,7,3,4,1,1,0,4,1,3,0,0,0
54963111,18,10,8,4,2,2,6,5,1,4,2,2,0,0,0,4,1,3,0,0,0
54963114,29,13,16,3,1,2,12,5,7,6,3,3,2,1,1,6,3,3,0,0,0
55901601,83,46,37,8,5,3,20,12,8,35,19,16,1,0,1,15,7,8,4,3,1
55274701,46,23,23,11,4,7,22,14,8,10,2,8,0,0,0,2,2,0,1,1,0
55274702,58,31,27,6,3,3,20,16,4,21,9,12,0,0,0,8,3,5,3,0,3
55274704,92,48,44,19,12,7,39,21,18,16,6,10,4,3,1,4,1,3,10,5,5
55274705,35,18,17,5,0,5,15,10,5,11,5,6,0,0,0,2,1,1,2,2,0
55276301,249,130,119,31,12,19,90,61,29,78,38,40,3,0,3,37,13,24,10,6,4
56345501,73,42,31,12,6,6,36,26,10,18,6,12,1,0,1,5,4,1,1,0,1
56345503,53,27,26,6,2,4,15,11,4,19,9,10,1,0,1,10,4,6,2,1,1
56345504,41,24,17,5,4,1,20,12,8,11,5,6,0,0,0,3,2,1,2,1,1
55279801,23,12,11,4,1,3,10,7,3,5,1,4,0,0,0,1,1,0,3,2,1
55279802,160,85,75,23,10,13,66,41,25,38,18,20,3,2,1,17,8,9,13,6,7
55280101,727,379,348,79,39,40,257,167,90,239,99,140,9,4,5,120,56,64,23,14,9
55280103,88,45,43,12,5,7,35,22,13,22,8,14,1,0,1,11,5,6,7,5,2
55280104,63,30,33,7,2,5,26,14,12,26,13,13,0,0,0,1,1,0,3,0,3
55280105,18,10,8,4,1,3,11,7,4,2,1,1,0,0,0,0,0,0,1,1,0
55280106,53,27,26,3,0,3,15,11,4,27,11,16,0,0,0,8,5,3,0,0,0
55280107,77,43,34,10,4,6,34,22,12,22,11,11,0,0,0,7,5,2,4,1,3
55280108,99,49,50,15,4,11,44,27,17,26,12,14,1,1,0,10,3,7,3,2,1
55282801,85,40,45,7,2,5,15,11,4,28,10,18,2,1,1,30,14,16,3,2,1
55282802,52,28,24,4,2,2,23,17,6,12,2,10,2,1,1,11,6,5,0,0,0
55282804,2554,1235,1319,323,129,194,824,434,390,814,386,428,39,13,26,380,182,198,174,91,83
55282805,819,396,423,75,31,44,209,122,87,309,136,173,19,5,14,181,85,96,26,17,9
55282806,24,14,10,6,3,3,6,4,2,7,5,2,0,0,0,3,1,2,2,1,1
56055301,42,20,22,4,2,2,20,11,9,11,6,5,1,0,1,2,1,1,4,0,4
55285201,60,36,24,2,1,1,31,23,8,18,8,10,2,1,1,4,1,3,3,2,1
55286103,77,41,36,12,4,8,34,23,11,16,7,9,1,1,0,6,2,4,8,4,4
55289501,39,24,15,7,4,3,15,11,4,9,5,4,0,0,0,4,2,2,4,2,2
55289502,59,29,30,11,1,10,31,22,9,12,5,7,0,0,0,2,0,2,3,1,2
55289503,92,47,45,9,5,4,42,24,18,23,10,13,3,1,2,9,4,5,6,3,3
55289504,62,30,32,14,6,8,31,18,13,14,5,9,0,0,0,3,1,2,0,0,0
56337401,67,32,35,15,6,9,35,17,18,9,6,3,1,0,1,0,0,0,7,3,4
56337402,27,15,12,2,1,1,11,6,5,10,5,5,2,1,1,1,1,0,1,1,0
55291701,23,12,11,4,2,2,10,7,3,6,1,5,1,1,0,1,0,1,1,1,0
55291702,76,34,42,10,2,8,33,20,13,22,7,15,1,0,1,4,1,3,6,4,2
55291703,42,21,21,9,4,5,12,9,3,9,2,7,1,0,1,5,1,4,6,5,1
55291704,24,13,11,3,2,1,10,6,4,8,3,5,0,0,0,1,0,1,2,2,0
55291705,203,103,100,43,12,31,71,46,25,55,26,29,5,2,3,19,11,8,10,6,4
55291706,28,14,14,8,3,5,11,7,4,4,0,4,0,0,0,2,1,1,3,3,0
55291707,40,20,20,7,2,5,13,8,5,9,6,3,1,0,1,8,2,6,2,2,0
55292501,183,98,85,35,12,23,73,45,28,51,27,24,0,0,0,12,6,6,12,8,4
56319601,57,29,28,7,3,4,23,12,11,17,9,8,1,0,1,9,5,4,0,0,0
55293301,325,164,161,40,15,25,109,68,41,109,54,55,7,2,5,52,19,33,8,6,2
55294101,25,12,13,5,3,2,10,5,5,7,3,4,0,0,0,3,1,2,0,0,0
55294102,120,65,55,10,3,7,57,36,21,27,16,11,2,0,2,22,9,13,2,1,1
55297602,148,78,70,16,7,9,67,36,31,45,27,18,5,0,5,8,4,4,7,4,3
55299201,67,35,32,6,3,3,37,23,14,16,7,9,0,0,0,4,1,3,4,1,3
55299202,42,20,22,6,2,4,16,10,6,16,5,11,1,1,0,2,1,1,1,1,0
55299204,79,38,41,13,5,8,30,15,15,21,12,9,1,1,0,12,4,8,2,1,1
55299205,366,185,181,53,24,29,161,91,70,101,42,59,5,1,4,34,18,16,12,9,3
55299206,88,39,49,9,4,5,30,15,15,27,11,16,3,1,2,19,8,11,0,0,0
56062603,80,41,39,16,6,10,37,26,11,22,9,13,0,0,0,5,0,5,0,0,0
55301801,96,51,45,12,6,6,28,17,11,29,13,16,2,1,1,21,12,9,4,2,2
55301802,32,18,14,0,0,0,15,7,8,9,5,4,1,1,0,5,4,1,2,1,1
55301803,336,186,150,50,22,28,118,84,34,101,43,58,6,5,1,43,19,24,18,13,5
56051102,80,43,37,5,4,1,27,16,11,26,15,11,3,0,3,11,3,8,8,5,3
55303402,227,109,118,33,14,19,92,50,42,64,27,37,5,2,3,28,12,16,5,4,1
59911501,45,22,23,4,1,3,13,8,5,16,6,10,1,0,1,8,5,3,3,2,1
59911502,236,124,112,40,21,19,74,44,30,79,35,44,1,1,0,29,13,16,13,10,3
59926301,133,70,63,20,8,12,36,25,11,41,20,21,0,0,0,23,8,15,13,9,4
55306901,1025,475,550,115,47,68,293,154,139,389,177,212,15,6,9,185,80,105,28,11,17
55306902,1480,723,757,195,75,120,490,256,234,490,243,247,18,5,13,194,87,107,93,57,36
55306903,1519,698,821,162,55,107,522,248,274,557,272,285,29,9,20,190,84,106,59,30,29
55306904,30,14,16,4,1,3,10,6,4,11,6,5,2,0,2,3,1,2,0,0,0
55306905,402,188,214,39,16,23,131,75,56,133,52,81,3,2,1,84,37,47,12,6,6
55306906,169,86,83,21,13,8,18,10,8,67,34,33,3,0,3,59,29,30,1,0,1
55306908,1187,609,578,128,55,73,361,216,145,410,185,225,29,10,19,198,100,98,61,43,18
55306909,28,13,15,2,0,2,7,4,3,10,5,5,0,0,0,5,2,3,4,2,2
55306910,31,16,15,4,1,3,8,3,5,11,7,4,0,0,0,7,4,3,1,1,0
55307701,105,48,57,8,4,4,36,18,18,40,16,24,4,3,1,12,6,6,5,1,4
55307702,198,103,95,21,8,13,74,46,28,67,31,36,1,0,1,29,13,16,6,5,1
55307703,77,35,42,10,3,7,34,17,17,23,12,11,0,0,0,8,3,5,2,0,2
55307704,37,18,19,5,1,4,12,8,4,12,7,5,2,0,2,3,0,3,3,2,1
55308501,57,32,25,5,2,3,20,15,5,20,10,10,3,1,2,7,3,4,2,1,1
55308502,90,38,52,12,4,8,37,23,14,24,7,17,0,0,0,11,2,9,6,2,4
56066901,35,17,18,8,3,5,8,6,2,12,5,7,0,0,0,6,2,4,1,1,0
56066902,75,43,32,12,5,7,33,25,8,16,3,13,0,0,0,6,4,2,8,6,2
59902603,33,16,17,0,0,0,11,7,4,17,8,9,1,0,1,3,0,3,1,1,0
59902604,30,13,17,5,2,3,13,6,7,8,5,3,1,0,1,1,0,1,2,0,2
59902605,26,12,14,2,1,1,10,5,5,10,4,6,1,0,1,0,0,0,3,2,1
59902606,33,15,18,2,1,1,6,3,3,14,4,10,1,0,1,9,6,3,1,1,0
59904202,403,199,204,63,26,37,123,76,47,127,53,74,4,1,3,68,28,40,18,15,3
55312303,46,23,23,7,1,6,19,13,6,10,3,7,0,0,0,8,4,4,2,2,0
55312305,102,51,51,15,8,7,50,29,21,22,7,15,1,0,1,8,4,4,6,3,3
55312306,41,22,19,7,2,5,23,14,9,7,4,3,0,0,0,4,2,2,0,0,0
55312307,53,24,29,9,1,8,26,17,9,10,4,6,1,0,1,4,1,3,3,1,2
55312309,56,27,29,9,3,6,30,16,14,15,8,7,0,0,0,2,0,2,0,0,0
3018090,0,0,0,0,0,0,0,0,0,0,0,0,0,0,0,0,0,0,0,0,0
3085870,0,0,0,0,0,0,0,0,0,0,0,0,0,0,0,0,0,0,0,0,0
55313101,155,80,75,24,8,16,68,43,25,29,12,17,3,1,2,20,11,9,11,5,6
55313102,87,41,46,14,4,10,39,24,15,22,9,13,4,1,3,3,1,2,5,2,3
55313103,786,403,383,113,49,64,283,159,124,203,88,115,15,2,13,90,47,43,82,58,24
55313104,32,18,14,6,5,1,11,6,5,6,2,4,0,0,0,9,5,4,0,0,0
55313105,31,15,16,3,1,2,9,4,5,13,7,6,0,0,0,4,2,2,2,1,1
55313106,406,190,216,56,11,45,145,77,68,135,68,67,2,0,2,51,23,28,17,11,6
55313107,25,15,10,16,9,7,3,3,0,0,0,0,0,0,0,0,0,0,6,3,3
55313108,899,431,468,137,50,87,290,182,108,273,112,161,14,4,10,143,62,81,42,21,21
55313109,59,30,29,5,2,3,21,13,8,22,11,11,0,0,0,7,2,5,4,2,2
55313110,28,12,16,8,2,6,10,5,5,5,3,2,0,0,0,4,1,3,1,1,0
55313111,754,354,400,98,37,61,283,155,128,243,112,131,10,2,8,89,35,54,31,13,18
55313112,451,213,238,53,19,34,155,88,67,158,67,91,11,4,7,58,26,32,16,9,7
55313113,81,41,40,11,4,7,22,15,7,31,14,17,1,0,1,14,7,7,2,1,1
55313114,2017,912,1105,290,83,207,756,409,347,641,279,362,39,14,25,239,99,140,52,28,24
55314001,20,8,12,3,0,3,7,4,3,8,4,4,1,0,1,1,0,1,0,0,0
55314002,61,33,28,7,4,3,27,16,11,18,9,9,1,0,1,8,4,4,0,0,0
55314003,44,25,19,7,3,4,18,11,7,12,6,6,0,0,0,5,4,1,2,1,1
55314004,277,136,141,36,13,23,115,70,45,82,35,47,7,1,6,31,13,18,6,4,2
55314005,75,44,31,9,7,2,39,25,14,18,9,9,0,0,0,7,2,5,2,1,1
55316601,123,64,59,18,9,9,48,28,20,42,22,20,1,0,1,12,4,8,2,1,1
55316602,75,38,37,8,2,6,28,16,12,24,12,12,2,2,0,13,6,7,0,0,0
55316603,56,34,22,2,1,1,18,11,7,20,11,9,3,2,1,10,6,4,3,3,0
55316604,367,191,176,45,21,24,111,74,37,143,69,74,6,2,4,44,16,28,18,9,9
55317401,253,123,130,36,10,26,96,56,40,78,36,42,6,0,6,22,11,11,15,10,5
55318201,28,12,16,8,3,5,10,6,4,4,0,4,0,0,0,6,3,3,0,0,0
55318202,240,124,116,28,12,16,102,61,41,68,29,39,6,1,5,28,16,12,8,5,3
56317002,41,20,21,6,1,5,24,16,8,7,2,5,0,0,0,4,1,3,0,0,0
55320402,32,20,12,4,3,1,12,8,4,10,5,5,0,0,0,5,3,2,1,1,0
55320404,39,23,16,7,1,6,23,18,5,6,2,4,0,0,0,2,1,1,1,1,0
55320407,126,69,57,8,2,6,71,42,29,32,18,14,1,0,1,9,4,5,5,3,2
55320408,29,16,13,5,1,4,10,6,4,12,8,4,1,0,1,1,1,0,0,0,0
55320410,27,13,14,7,3,4,9,5,4,10,5,5,0,0,0,1,0,1,0,0,0
55320411,43,23,20,2,1,1,20,11,9,13,6,7,0,0,0,5,2,3,3,3,0
3085950,0,0,0,0,0,0,0,0,0,0,0,0,0,0,0,0,0,0,0,0,0
3086332,0,0,0,0,0,0,0,0,0,0,0,0,0,0,0,0,0,0,0,0,0
3212650,0,0,0,0,0,0,0,0,0,0,0,0,0,0,0,0,0,0,0,0,0
55204602,1120,544,576,111,45,66,302,182,120,368,161,207,24,12,12,283,128,155,32,16,16
55204603,150,73,77,22,8,14,48,29,19,55,29,26,5,2,3,20,5,15,0,0,0
55204604,516,270,246,68,36,32,119,82,37,151,70,81,9,5,4,150,65,85,19,12,7
55204605,22,13,9,4,2,2,3,3,0,10,4,6,0,0,0,5,4,1,0,0,0
55204606,175,94,81,26,11,15,67,38,29,59,33,26,2,0,2,20,11,9,1,1,0
55204607,322,165,157,37,15,22,87,58,29,121,54,67,5,2,3,64,31,33,8,5,3
55204608,26,15,11,1,1,0,7,5,2,10,5,5,1,0,1,5,3,2,2,1,1
55204609,770,382,388,63,30,33,214,115,99,281,129,152,7,1,6,182,94,88,23,13,10
55204610,126,69,57,14,8,6,39,22,17,46,26,20,3,2,1,23,10,13,1,1,0
55204612,30,15,15,4,2,2,10,5,5,9,5,4,0,0,0,7,3,4,0,0,0
55204613,39,18,21,2,1,1,11,8,3,21,7,14,0,0,0,5,2,3,0,0,0
55204614,20,8,12,3,1,2,7,4,3,4,2,2,0,0,0,6,1,5,0,0,0
55204615,1436,697,739,148,65,83,437,248,189,508,229,279,25,9,16,272,120,152,46,26,20
55204617,48,24,24,11,5,6,13,7,6,14,6,8,1,1,0,5,1,4,4,4,0
55204618,153,72,81,17,7,10,52,27,25,56,25,31,6,1,5,20,11,9,2,1,1
55204620,278,126,152,30,9,21,64,31,33,113,56,57,7,3,4,61,24,37,3,3,0
55204621,295,151,144,33,13,20,99,56,43,100,52,48,12,5,7,38,19,19,13,6,7
55204622,3033,1429,1604,379,168,211,791,403,388,982,434,548,63,26,37,602,277,325,216,121,95
55204623,1134,555,579,92,36,56,253,151,102,420,183,237,32,10,22,278,140,138,59,35,24
55204624,1564,742,822,166,58,108,383,182,201,553,256,297,42,15,27,348,193,155,72,38,34
55204625,1815,839,976,209,78,131,590,290,300,618,279,339,43,16,27,273,125,148,82,51,31
55204626,2962,1348,1614,327,120,207,872,422,450,1064,448,616,74,23,51,476,257,219,149,78,71
55204627,1628,921,707,181,98,83,356,232,124,445,222,223,28,13,15,351,155,196,267,201,66
55204628,6082,2838,3244,822,340,482,2067,1028,1039,1984,847,1137,114,46,68,790,420,370,305,157,148
55204629,52,24,28,3,0,3,11,5,6,14,8,6,2,0,2,17,7,10,5,4,1
55204630,51,27,24,5,4,1,9,6,3,21,8,13,1,1,0,15,8,7,0,0,0
55204631,459,249,210,67,36,31,143,88,55,119,50,69,6,2,4,41,20,21,83,53,30
55204632,1656,792,864,179,59,120,497,276,221,573,264,309,33,15,18,311,145,166,63,33,30
55204633,161,40,121,51,4,47,52,17,35,34,9,25,1,1,0,20,7,13,3,2,1
55204634,352,183,169,28,14,14,65,39,26,128,60,68,6,2,4,104,56,48,21,12,9
55204635,971,427,544,119,39,80,298,145,153,333,133,200,17,4,13,172,89,83,32,17,15
55204636,504,239,265,54,27,27,106,56,50,193,89,104,16,6,10,124,54,70,11,7,4
55204637,353,174,179,45,18,27,74,42,32,132,69,63,9,4,5,89,40,49,4,1,3
56315301,53,27,26,9,3,6,24,16,8,11,4,7,1,0,1,7,3,4,1,1,0
55323901,54,25,29,6,1,5,20,14,6,21,9,12,1,0,1,5,0,5,1,1,0
55323902,113,51,62,19,5,14,49,31,18,34,11,23,2,0,2,8,3,5,1,1,0
55323903,473,249,224,58,21,37,210,129,81,133,74,59,6,1,5,50,16,34,16,8,8
55160101,212,102,110,17,11,6,85,49,36,67,28,39,5,1,4,35,12,23,3,1,2
59912301,304,161,143,29,15,14,94,61,33,111,56,55,9,2,7,46,19,27,15,8,7
55325501,69,37,32,10,4,6,31,18,13,17,10,7,0,0,0,6,2,4,5,3,2
55325502,147,73,74,29,10,19,68,38,30,24,15,9,4,0,4,17,7,10,5,3,2
55326301,37,23,14,5,2,3,12,10,2,7,5,2,1,0,1,7,3,4,5,3,2
55326302,35,19,16,6,3,3,15,9,6,7,5,2,2,0,2,3,0,3,2,2,0
55326303,147,82,65,12,7,5,61,32,29,50,29,21,2,1,1,18,9,9,4,4,0
3275730,0,0,0,0,0,0,0,0,0,0,0,0,0,0,0,0,0,0,0,0,0
55327101,161,77,84,35,10,25,69,42,27,43,19,24,1,0,1,11,5,6,2,1,1
55327102,3141,1530,1611,498,191,307,1125,636,489,954,421,533,50,15,35,317,154,163,197,113,84
55327104,1465,743,722,201,78,123,539,323,216,459,205,254,12,7,5,177,86,91,77,44,33
55327105,17,10,7,0,0,0,9,6,3,4,1,3,1,1,0,3,2,1,0,0,0
55327106,57,34,23,8,5,3,28,20,8,13,4,9,2,2,0,3,1,2,3,2,1
55327107,419,209,210,48,19,29,129,70,59,156,81,75,10,3,7,66,30,36,10,6,4
55328002,32,16,16,2,1,1,17,9,8,11,6,5,0,0,0,1,0,1,1,0,1
55328003,91,45,46,12,5,7,46,26,20,22,11,11,0,0,0,7,1,6,4,2,2
55329801,53,23,30,7,1,6,24,14,10,14,6,8,1,0,1,6,2,4,1,0,1
55329802,180,89,91,34,15,19,75,45,30,48,19,29,1,1,0,13,5,8,9,4,5
55329803,29,16,13,5,2,3,14,10,4,6,1,5,0,0,0,4,3,1,0,0,0
56344702,91,52,39,11,4,7,51,33,18,19,10,9,1,0,1,2,0,2,7,5,2
55331001,144,78,66,14,6,8,52,32,20,53,28,25,3,0,3,19,9,10,3,3,0
55332801,34,19,15,5,3,2,10,8,2,12,5,7,1,0,1,5,3,2,1,0,1
55332802,32,20,12,3,1,2,18,12,6,6,4,2,0,0,0,4,3,1,1,0,1
55332805,33,19,14,7,3,4,16,10,6,6,2,4,0,0,0,4,4,0,0,0,0
55332806,49,23,26,6,2,4,21,12,9,12,4,8,0,0,0,4,1,3,6,4,2
56392701,31,15,16,9,2,7,16,9,7,5,4,1,0,0,0,1,0,1,0,0,0
59900001,49,24,25,8,2,6,20,11,9,12,6,6,0,0,0,3,1,2,6,4,2
55336101,37,18,19,6,2,4,15,10,5,8,2,6,0,0,0,8,4,4,0,0,0
55336102,137,67,70,17,4,13,71,41,30,24,11,13,1,0,1,10,3,7,14,8,6
59903402,85,47,38,12,7,5,42,26,16,22,7,15,1,0,1,7,6,1,1,1,0
56043001,147,67,80,21,5,16,63,38,25,44,14,30,2,0,2,10,5,5,7,5,2
59927101,214,102,112,32,11,21,67,37,30,81,39,42,5,3,2,19,6,13,10,6,4
55340901,256,124,132,26,9,17,92,59,33,96,43,53,5,0,5,31,9,22,6,4,2
55340902,76,37,39,11,4,7,28,18,10,19,7,12,1,1,0,9,3,6,8,4,4
55341701,87,48,39,15,7,8,38,23,15,23,12,11,4,1,3,6,4,2,1,1,0
55341702,662,331,331,75,27,48,270,165,105,214,91,123,7,0,7,77,37,40,19,11,8
56389701,200,103,97,31,12,19,76,45,31,57,26,31,2,0,2,16,8,8,18,12,6
55343301,267,134,133,26,9,17,88,49,39,102,53,49,6,2,4,38,17,21,7,4,3
0016352,0,0,0,0,0,0,0,0,0,0,0,0,0,0,0,0,0,0,0,0,0
55344101,1174,588,586,223,100,123,511,290,221,286,124,162,6,1,5,48,14,34,100,59,41
55344105,29,15,14,5,1,4,15,9,6,8,4,4,0,0,0,1,1,0,0,0,0
55344106,133,78,55,23,12,11,62,41,21,26,11,15,2,0,2,7,3,4,13,11,2
55344109,87,45,42,13,1,12,46,26,20,16,13,3,2,1,1,6,2,4,4,2,2
55344110,54,25,29,6,4,2,20,11,9,17,6,11,1,1,0,7,2,5,3,1,2
55345001,804,405,399,119,47,72,287,161,126,255,122,133,14,5,9,71,33,38,58,37,21
55345003,85,42,43,19,4,15,29,18,11,24,12,12,0,0,0,6,4,2,7,4,3
55345004,111,64,47,15,9,6,55,36,19,25,8,17,0,0,0,8,5,3,8,6,2
55345005,112,56,56,22,9,13,38,26,12,34,13,21,2,0,2,5,2,3,11,6,5
55345006,54,30,24,15,5,10,21,16,5,16,8,8,0,0,0,1,0,1,1,1,0
55345007,70,33,37,9,2,7,24,16,8,21,10,11,2,0,2,5,1,4,9,4,5
56613601,344,180,164,43,21,22,139,84,55,97,43,54,1,0,1,30,12,18,34,20,14
55351401,202,96,106,30,12,18,87,51,36,58,27,31,1,0,1,22,5,17,4,1,3
0345502,0,0,0,0,0,0,0,0,0,0,0,0,0,0,0,0,0,0,0,0,0
55354901,356,179,177,54,28,26,110,57,53,102,48,54,4,2,2,37,18,19,49,26,23
55354903,20,11,9,3,1,2,1,0,1,6,3,3,1,0,1,2,2,0,7,5,2
55354904,92,44,48,9,3,6,34,16,18,33,16,17,1,1,0,6,3,3,9,5,4
55354905,153,74,79,29,14,15,51,27,24,56,26,30,2,1,1,4,1,3,11,5,6
55354906,48,26,22,7,3,4,17,10,7,14,8,6,0,0,0,4,1,3,6,4,2
55354907,46,22,24,12,5,7,14,8,6,13,7,6,1,0,1,0,0,0,6,2,4
55355701,312,154,158,32,12,20,117,72,45,113,47,66,6,1,5,30,13,17,14,9,5
3362030,0,0,0,0,0,0,0,0,0,0,0,0,0,0,0,0,0,0,0,0,0
55342501,397,198,199,37,17,20,145,87,58,157,69,88,5,2,3,37,13,24,16,10,6
55342503,49,20,29,17,4,13,11,6,5,9,2,7,2,1,1,8,5,3,2,2,0
55342504,43,20,23,5,2,3,10,4,6,19,12,7,0,0,0,8,2,6,1,0,1
55342505,2227,1025,1202,297,135,162,665,320,345,812,353,459,53,18,35,313,157,156,87,42,45
55342508,207,101,106,37,15,22,64,41,23,74,32,42,2,1,1,20,9,11,10,3,7
55342509,599,318,281,90,43,47,130,79,51,187,80,107,10,3,7,66,32,34,116,81,35
55342510,989,452,537,115,47,68,234,109,125,391,181,210,21,5,16,196,97,99,32,13,19
55342511,53,30,23,6,5,1,17,9,8,21,10,11,0,0,0,5,3,2,4,3,1
55342513,2321,1030,1291,352,132,220,812,395,417,761,325,436,43,16,27,246,106,140,107,56,51
55342514,393,193,200,55,27,28,129,77,52,130,57,73,7,3,4,56,26,30,16,3,13
55342515,576,276,300,67,31,36,184,102,82,205,85,120,15,2,13,80,41,39,25,15,10
55342516,23,12,11,6,3,3,2,1,1,4,1,3,1,0,1,7,4,3,3,3,0
55342517,939,442,497,118,42,76,286,159,127,340,151,189,25,7,18,130,58,72,40,25,15
55342518,21,11,10,1,1,0,7,5,2,6,2,4,0,0,0,6,2,4,1,1,0
55342519,271,130,141,47,20,27,80,39,41,76,36,40,3,0,3,19,10,9,46,25,21
55342521,30,17,13,3,3,0,6,4,2,11,6,5,2,0,2,5,2,3,3,2,1
55357301,150,75,75,42,18,24,52,32,20,20,4,16,0,0,0,4,3,1,32,18,14
55358101,329,161,168,46,17,29,109,66,43,106,45,61,4,0,4,36,15,21,28,18,10
55362001,234,122,112,36,12,24,94,62,32,62,27,35,5,1,4,11,6,5,26,14,12
56664101,147,77,70,20,9,11,61,29,32,55,33,22,1,0,1,3,1,2,7,5,2
56627601,54,24,30,13,4,9,17,7,10,18,10,8,0,0,0,4,2,2,2,1,1
3018500,0,0,0,0,0,0,0,0,0,0,0,0,0,0,0,0,0,0,0,0,0
3276110,0,0,0,0,0,0,0,0,0,0,0,0,0,0,0,0,0,0,0,0,0
55367101,444,226,218,56,27,29,156,101,55,152,70,82,4,1,3,58,17,41,18,10,8
55367102,881,436,445,113,47,66,347,204,143,260,115,145,12,6,6,97,37,60,52,27,25
55367103,1477,718,759,207,86,121,582,320,262,435,190,245,16,1,15,133,57,76,104,64,40
55367104,161,72,89,21,8,13,56,30,26,56,21,35,4,1,3,16,8,8,8,4,4
55367105,32,17,15,5,1,4,21,14,7,4,1,3,0,0,0,0,0,0,2,1,1
55367106,37,18,19,6,3,3,24,14,10,7,1,6,0,0,0,0,0,0,0,0,0
55367107,67,38,29,6,3,3,27,18,9,14,4,10,1,0,1,4,2,2,15,11,4
55367108,23,10,13,7,2,5,12,7,5,3,1,2,0,0,0,0,0,0,1,0,1
55367109,43,21,22,8,3,5,24,13,11,7,3,4,0,0,0,1,0,1,3,2,1
55367110,143,72,71,27,13,14,70,42,28,35,13,22,1,1,0,7,1,6,3,2,1
55367111,133,66,67,24,6,18,57,35,22,35,17,18,1,1,0,10,3,7,6,4,2
55367112,40,24,16,10,6,4,16,13,3,12,3,9,0,0,0,1,1,0,1,1,0
55367114,22,13,9,2,1,1,14,8,6,6,4,2,0,0,0,0,0,0,0,0,0
55367116,66,34,32,16,6,10,29,22,7,13,3,10,3,2,1,2,0,2,3,1,2
55367117,40,23,17,2,1,1,28,17,11,7,4,3,1,0,1,0,0,0,2,1,1
55367118,70,34,36,17,9,8,21,12,9,25,11,14,2,1,1,3,0,3,2,1,1
55367119,21,11,10,4,2,2,7,4,3,4,2,2,0,0,0,6,3,3,0,0,0
55367120,351,178,173,70,28,42,120,63,57,65,29,36,1,0,1,23,10,13,72,48,24
55368901,37,19,18,7,4,3,15,9,6,11,3,8,0,0,0,3,2,1,1,1,0
55368902,59,28,31,15,7,8,22,15,7,11,2,9,0,0,0,0,0,0,11,4,7
55368903,46,25,21,12,4,8,22,14,8,6,3,3,0,0,0,1,1,0,5,3,2
55368904,22,8,14,3,3,0,10,3,7,4,1,3,2,0,2,1,0,1,2,1,1
55368908,765,398,367,172,93,79,305,166,139,170,76,94,4,2,2,38,17,21,76,44,32
55368911,35,18,17,7,2,5,16,12,4,9,2,7,0,0,0,3,2,1,0,0,0
55368912,50,31,19,3,3,0,22,13,9,18,10,8,0,0,0,2,1,1,5,4,1
56617901,137,71,66,17,12,5,43,24,19,33,15,18,2,0,2,36,17,19,6,3,3
56633101,23,10,13,4,1,3,11,5,6,5,3,2,1,0,1,1,0,1,1,1,0
55372701,97,47,50,10,2,8,40,25,15,29,11,18,2,0,2,9,4,5,7,5,2
55373501,634,322,312,82,34,48,262,156,106,190,91,99,9,1,8,62,26,36,29,14,15
55374301,280,138,142,33,13,20,127,70,57,80,35,45,6,0,6,14,7,7,20,13,7
55374303,62,31,31,10,2,8,20,14,6,19,9,10,0,0,0,6,4,2,7,2,5
55375101,312,162,150,34,15,19,96,62,34,124,57,67,12,3,9,38,19,19,8,6,2
56614401,144,68,76,16,8,8,59,34,25,47,21,26,3,0,3,16,4,12,3,1,2
55377801,26,14,12,4,1,3,7,5,2,6,4,2,0,0,0,4,2,2,5,2,3
55378601,61,32,29,12,6,6,25,18,7,16,5,11,1,1,0,7,2,5,0,0,0
55378603,64,32,32,20,10,10,15,9,6,21,8,13,0,0,0,6,3,3,2,2,0
55378604,290,143,147,40,19,21,130,67,63,83,40,43,1,0,1,29,14,15,7,3,4
55378605,19,9,10,4,1,3,4,3,1,7,2,5,1,1,0,3,2,1,0,0,0
55378606,3079,1432,1647,486,185,301,1066,561,505,941,412,529,53,16,37,289,130,159,244,128,116
55378607,230,113,117,56,28,28,92,46,46,50,22,28,3,1,2,2,1,1,27,15,12
55378609,354,170,184,53,20,33,128,75,53,112,47,65,11,3,8,36,20,16,14,5,9
55378612,70,36,34,8,3,5,31,21,10,22,10,12,2,1,1,5,0,5,2,1,1
55378613,99,48,51,13,5,8,36,20,16,39,17,22,2,1,1,6,4,2,3,1,2
55379401,37,19,18,7,3,4,17,9,8,5,4,1,1,0,1,4,3,1,3,0,3
55379403,29,15,14,9,5,4,9,5,4,4,2,2,0,0,0,5,2,3,2,1,1
55379404,978,473,505,142,55,87,333,193,140,306,135,171,11,5,6,138,60,78,48,25,23
55381601,807,404,403,126,51,75,333,188,145,230,108,122,4,3,1,66,26,40,48,28,20
55381602,35,18,17,2,0,2,13,9,4,10,5,5,0,0,0,5,2,3,5,2,3
55382401,864,411,453,106,39,67,356,201,155,272,111,161,9,2,7,88,43,45,33,15,18
55382402,31,16,15,8,5,3,12,5,7,5,3,2,1,0,1,3,1,2,2,2,0
55383201,121,64,57,20,9,11,51,31,20,37,19,18,1,0,1,7,3,4,5,2,3
55385901,96,46,50,13,4,9,34,21,13,35,13,22,1,0,1,8,5,3,5,3,2
55386701,106,56,50,10,1,9,39,26,13,36,17,19,1,0,1,12,6,6,8,6,2
55389101,130,69,61,12,5,7,63,39,24,41,17,24,1,1,0,9,4,5,4,3,1
55389102,195,101,94,29,16,13,51,28,23,73,33,40,2,0,2,21,13,8,19,11,8
55391301,50,25,25,6,2,4,26,14,12,12,5,7,0,0,0,2,1,1,4,3,1
55391302,57,27,30,9,4,5,31,18,13,14,5,9,0,0,0,2,0,2,1,0,1
55391303,21,10,11,4,0,4,10,6,4,4,2,2,0,0,0,3,2,1,0,0,0
55391304,517,263,254,71,27,44,228,131,97,133,61,72,10,1,9,33,19,14,42,24,18
55391305,47,20,27,8,3,5,25,12,13,9,3,6,0,0,0,2,1,1,3,1,2
55391308,24,13,11,3,2,1,9,6,3,8,4,4,0,0,0,4,1,3,0,0,0
55391309,40,20,20,4,1,3,18,11,7,11,5,6,0,0,0,2,1,1,5,2,3
55391310,214,108,106,45,16,29,95,66,29,48,19,29,4,1,3,17,3,14,5,3,2
55392101,94,50,44,9,6,3,42,22,20,30,16,14,2,0,2,6,1,5,5,5,0
55393001,23,14,9,4,1,3,12,10,2,6,3,3,1,0,1,0,0,0,0,0,0
55393002,73,39,34,14,6,8,34,18,16,17,9,8,1,0,1,3,2,1,4,4,0
55394801,21,11,10,1,0,1,13,6,7,6,5,1,1,0,1,0,0,0,0,0,0
55394802,348,169,179,49,13,36,114,68,46,123,64,59,3,0,3,41,14,27,18,10,8
55394803,120,63,57,7,1,6,48,29,19,38,19,19,5,0,5,11,7,4,11,7,4
55395601,185,96,89,27,13,14,91,51,40,35,18,17,1,0,1,10,2,8,21,12,9
55395602,62,27,35,15,6,9,18,11,7,6,3,3,0,0,0,0,0,0,23,7,16
0974970,0,0,0,0,0,0,0,0,0,0,0,0,0,0,0,0,0,0,0,0,0
56629201,122,64,58,35,15,20,48,26,22,15,9,6,0,0,0,2,0,2,22,14,8
56629202,41,23,18,7,3,4,21,13,8,8,4,4,0,0,0,1,1,0,4,2,2
56629203,23,11,12,2,0,2,10,5,5,7,4,3,0,0,0,4,2,2,0,0,0
59917401,47,26,21,5,0,5,21,15,6,15,7,8,0,0,0,4,3,1,2,1,1
55398101,27,15,12,4,1,3,10,5,5,7,4,3,0,0,0,2,2,0,4,3,1
55398102,28,13,15,7,3,4,11,7,4,9,3,6,0,0,0,1,0,1,0,0,0
55398103,54,26,28,11,2,9,24,16,8,15,7,8,0,0,0,3,1,2,1,0,1
55398104,378,195,183,39,19,20,159,94,65,119,55,64,4,0,4,35,13,22,22,14,8
55398105,364,188,176,47,17,30,128,85,43,132,67,65,4,2,2,38,11,27,15,6,9
55398106,24,9,15,4,0,4,8,4,4,7,3,4,1,0,1,2,1,1,2,1,1
55399902,188,99,89,44,14,30,83,54,29,25,11,14,0,0,0,9,4,5,27,16,11
55399905,32,16,16,4,2,2,10,4,6,13,6,7,0,0,0,2,1,1,3,3,0
1028810,0,0,0,0,0,0,0,0,0,0,0,0,0,0,0,0,0,0,0,0,0
1028900,0,0,0,0,0,0,0,0,0,0,0,0,0,0,0,0,0,0,0,0,0
1983820,0,0,0,0,0,0,0,0,0,0,0,0,0,0,0,0,0,0,0,0,0
55400601,26,16,10,8,3,5,7,4,3,7,6,1,1,0,1,1,1,0,2,2,0
55400602,125,62,63,26,11,15,29,17,12,17,8,9,0,0,0,3,1,2,50,25,25
55400603,23,11,12,5,2,3,8,4,4,7,3,4,0,0,0,2,2,0,1,0,1
55400604,22,12,10,4,2,2,7,4,3,7,3,4,0,0,0,1,1,0,3,2,1
59916602,115,56,59,21,7,14,50,30,20,27,10,17,2,0,2,9,4,5,6,5,1
55403101,151,76,75,16,5,11,41,24,17,48,28,20,4,1,3,36,16,20,6,2,4
59913101,112,58,54,9,3,6,48,31,17,35,16,19,3,1,2,10,4,6,7,3,4
55405702,170,93,77,40,18,22,73,46,27,34,13,21,1,0,1,4,2,2,18,14,4
55407302,35,18,17,5,2,3,16,10,6,9,4,5,0,0,0,5,2,3,0,0,0
55407303,501,257,244,75,32,43,224,132,92,126,55,71,4,1,3,46,18,28,26,19,7
56620901,94,50,44,18,8,10,45,22,23,21,12,9,0,0,0,4,3,1,6,5,1
59918201,101,52,49,14,5,9,29,25,4,32,14,18,4,1,3,14,2,12,8,5,3
59918202,60,36,24,2,1,1,29,21,8,18,9,9,0,0,0,4,1,3,7,4,3
55408101,78,40,38,10,4,6,31,19,12,20,12,8,2,1,1,12,3,9,3,1,2
55408102,101,50,51,9,3,6,45,29,16,29,9,20,3,1,2,8,5,3,7,3,4
55409001,192,101,91,25,8,17,74,44,30,57,30,27,4,3,1,21,10,11,11,6,5
56637301,65,32,33,6,3,3,21,11,10,26,15,11,0,0,0,11,2,9,1,1,0
55411103,33,17,16,8,5,3,4,2,2,8,3,5,1,0,1,4,3,1,8,4,4
55411104,69,35,34,11,4,7,33,20,13,16,4,12,1,1,0,7,5,2,1,1,0
55411105,1070,517,553,145,43,102,444,254,190,304,138,166,15,3,12,82,30,52,80,49,31
55411106,46,23,23,3,3,0,15,10,5,15,5,10,1,0,1,9,4,5,3,1,2
55411107,48,27,21,5,1,4,24,19,5,10,3,7,1,0,1,4,2,2,4,2,2
55412002,21,9,12,2,1,1,4,2,2,6,1,5,3,2,1,6,3,3,0,0,0
55412003,449,235,214,50,22,28,172,108,64,142,68,74,11,1,10,35,12,23,39,24,15
56636501,197,106,91,34,12,22,80,55,25,49,24,25,2,0,2,20,9,11,12,6,6
55413801,117,61,56,15,4,11,38,26,12,38,17,21,3,1,2,20,10,10,3,3,0
55413802,787,397,390,85,24,61,326,185,141,258,132,126,14,3,11,74,36,38,30,17,13
55415401,39,22,17,6,3,3,20,11,9,9,7,2,0,0,0,0,0,0,4,1,3
55415402,44,20,24,8,2,6,18,11,7,10,5,5,0,0,0,2,0,2,6,2,4
55415403,209,106,103,55,21,34,95,53,42,34,16,18,0,0,0,7,3,4,18,13,5
1439360,0,0,0,0,0,0,0,0,0,0,0,0,0,0,0,0,0,0,0,0,0
1439440,0,0,0,0,0,0,0,0,0,0,0,0,0,0,0,0,0,0,0,0,0
1439520,0,0,0,0,0,0,0,0,0,0,0,0,0,0,0,0,0,0,0,0,0
1439610,0,0,0,0,0,0,0,0,0,0,0,0,0,0,0,0,0,0,0,0,0
1439790,0,0,0,0,0,0,0,0,0,0,0,0,0,0,0,0,0,0,0,0,0
55418901,138,71,67,34,17,17,62,31,31,17,13,4,1,0,1,8,4,4,16,6,10
55420101,30,19,11,5,1,4,8,6,2,6,3,3,1,0,1,1,1,0,9,8,1
55420102,20,10,10,3,1,2,6,4,2,7,2,5,1,1,0,0,0,0,3,2,1
55420103,101,53,48,29,14,15,32,16,16,13,9,4,1,0,1,4,2,2,22,12,10
55425101,172,89,83,21,11,10,54,33,21,71,33,38,3,0,3,15,7,8,8,5,3
55426001,154,71,83,19,8,11,64,34,30,44,17,27,5,1,4,15,5,10,7,6,1
55426002,79,43,36,9,2,7,30,21,9,24,13,11,1,0,1,13,7,6,2,0,2
55426004,108,58,50,13,5,8,53,33,20,23,12,11,0,0,0,11,3,8,8,5,3
55427801,23,11,12,4,2,2,13,6,7,6,3,3,0,0,0,0,0,0,0,0,0
55427802,95,49,46,14,3,11,50,34,16,20,7,13,0,0,0,7,3,4,4,2,2
55427804,244,126,118,23,6,17,125,70,55,63,29,34,1,0,1,11,5,6,21,16,5
55427805,25,11,14,5,2,3,16,8,8,3,0,3,0,0,0,1,1,0,0,0,0
55429401,116,59,57,17,7,10,52,29,23,37,18,19,0,0,0,7,4,3,3,1,2
55429402,253,124,129,27,13,14,113,62,51,80,37,43,1,0,1,22,10,12,10,2,8
55429403,74,36,38,11,1,10,33,22,11,24,11,13,2,0,2,3,1,2,1,1,0
55429404,1287,649,638,183,75,108,516,296,220,382,173,209,15,2,13,83,39,44,108,64,44
55429405,1077,537,540,160,69,91,363,204,159,362,177,185,12,4,8,134,57,77,46,26,20
55431601,177,92,85,16,6,10,79,50,29,57,21,36,3,2,1,19,11,8,3,2,1
55434101,44,25,19,3,1,2,11,8,3,14,9,5,0,0,0,15,6,9,1,1,0
55434102,311,155,156,40,14,26,130,77,53,81,35,46,10,3,7,28,14,14,22,12,10
55435901,390,194,196,60,21,39,149,75,74,127,67,60,4,3,1,18,10,8,32,18,14
55435902,40,17,23,5,2,3,7,4,3,17,6,11,1,0,1,5,2,3,5,3,2
55435903,51,20,31,5,1,4,18,9,9,17,7,10,0,0,0,8,3,5,3,0,3
56616102,104,54,50,10,7,3,40,23,17,30,13,17,2,1,1,13,5,8,9,5,4
55438301,63,30,33,9,1,8,30,19,11,14,4,10,1,1,0,4,3,1,5,2,3
55438302,253,124,129,42,18,24,95,56,39,87,38,49,5,2,3,17,6,11,7,4,3
55438303,31,18,13,4,3,1,10,8,2,12,4,8,0,0,0,4,3,1,1,0,1
55439101,83,43,40,11,3,8,36,24,12,23,10,13,2,0,2,7,3,4,4,3,1
55440501,112,55,57,15,5,10,59,34,25,27,11,16,0,0,0,4,1,3,7,4,3
55441301,55,29,26,12,6,6,27,14,13,11,6,5,0,0,0,4,2,2,1,1,0
55441302,47,25,22,6,3,3,18,10,8,8,2,6,0,0,0,6,5,1,9,5,4
55441303,101,54,47,24,10,14,38,26,12,25,9,16,0,0,0,3,3,0,11,6,5
55442102,44,26,18,11,4,7,19,13,6,11,7,4,0,0,0,2,1,1,1,1,0
55442103,100,47,53,17,3,14,49,25,24,26,14,12,1,1,0,3,1,2,4,3,1
56625001,92,45,47,11,2,9,44,27,17,17,5,12,1,1,0,10,5,5,9,5,4
55444801,43,20,23,10,6,4,13,7,6,16,7,9,1,0,1,2,0,2,1,0,1
0504660,0,0,0,0,0,0,0,0,0,0,0,0,0,0,0,0,0,0,0,0,0
55445601,63,31,32,13,4,9,20,11,9,21,10,11,2,0,2,5,4,1,2,2,0
55445602,73,40,33,19,9,10,31,17,14,13,8,5,0,0,0,1,1,0,9,5,4
55445603,82,41,41,23,10,13,33,18,15,7,3,4,1,0,1,1,0,1,17,10,7
55445605,31,19,12,6,3,3,17,11,6,3,1,2,1,0,1,2,2,0,2,2,0
55445607,35,21,14,7,4,3,15,10,5,7,4,3,1,0,1,3,2,1,2,1,1
55445609,349,173,176,83,37,46,128,73,55,98,46,52,2,0,2,19,5,14,19,12,7
55446401,144,77,67,9,4,5,29,17,12,59,35,24,1,0,1,36,16,20,10,5,5
55446402,60,28,32,7,0,7,22,14,8,16,8,8,2,0,2,11,5,6,2,1,1
55446403,125,62,63,12,8,4,47,27,20,41,16,25,2,0,2,13,5,8,10,6,4
55446404,55,29,26,14,6,8,25,19,6,10,3,7,0,0,0,2,0,2,4,1,3
55446405,115,55,60,20,7,13,49,29,20,29,12,17,3,0,3,11,5,6,3,2,1
55446406,339,174,165,38,14,24,146,84,62,106,52,54,7,2,5,20,9,11,22,13,9
55447201,124,62,62,23,10,13,46,30,16,40,17,23,1,0,1,11,4,7,3,1,2
54184201,96,49,47,17,8,9,36,20,16,31,17,14,2,0,2,7,3,4,3,1,2
54184202,41,24,17,2,1,1,15,11,4,12,4,8,0,0,0,3,2,1,9,6,3
55579701,486,241,245,63,24,39,208,131,77,143,52,91,3,0,3,36,17,19,33,17,16
55579702,20,12,8,2,1,1,6,6,0,8,4,4,3,1,2,1,0,1,0,0,0
55579703,104,54,50,17,8,9,40,23,17,29,15,14,2,0,2,12,6,6,4,2,2
55579705,60,31,29,5,3,2,26,14,12,18,8,10,1,0,1,7,4,3,3,2,1
55580101,501,245,256,51,24,27,149,91,58,180,79,101,9,1,8,84,36,48,28,14,14
55580102,137,64,73,25,10,15,54,29,25,37,16,21,2,0,2,17,7,10,2,2,0
55580103,30,12,18,3,1,2,4,2,2,8,2,6,0,0,0,6,3,3,9,4,5
55580104,26,13,13,7,3,4,9,6,3,9,3,6,0,0,0,0,0,0,1,1,0
55580105,33,17,16,3,2,1,16,8,8,10,5,5,0,0,0,2,1,1,2,1,1
55580106,38,17,21,6,2,4,9,7,2,5,2,3,2,0,2,3,0,3,13,6,7
57808801,110,56,54,20,11,9,44,26,18,35,14,21,0,0,0,8,4,4,3,1,2
55583501,342,175,167,31,5,26,129,88,41,120,51,69,4,1,3,43,19,24,15,11,4
55583502,97,45,52,13,8,5,30,16,14,35,15,20,1,0,1,12,3,9,6,3,3
55583503,32,14,18,2,0,2,14,8,6,9,3,6,1,0,1,5,2,3,1,1,0
55583504,69,33,36,6,6,0,30,13,17,20,9,11,1,0,1,7,4,3,5,1,4
55583505,54,22,32,8,1,7,24,14,10,8,2,6,0,0,0,5,1,4,9,4,5
55583506,19,12,7,2,0,2,7,6,1,3,2,1,0,0,0,1,0,1,6,4,2
54192301,165,85,80,20,8,12,67,41,26,47,21,26,3,1,2,15,6,9,13,8,5
55589401,203,106,97,24,10,14,88,54,34,56,21,35,3,1,2,25,16,9,7,4,3
55589403,58,29,29,11,3,8,30,21,9,11,4,7,1,0,1,3,1,2,2,0,2
53008501,49,27,22,7,2,5,22,16,6,10,3,7,0,0,0,5,4,1,5,2,3
1989780,0,0,0,0,0,0,0,0,0,0,0,0,0,0,0,0,0,0,0,0,0
1991250,0,0,0,0,0,0,0,0,0,0,0,0,0,0,0,0,0,0,0,0,0
55594102,43,19,24,2,0,2,17,8,9,14,7,7,3,1,2,4,2,2,3,1,2
55594103,143,75,68,16,7,9,50,29,21,37,16,21,3,1,2,17,7,10,20,15,5
55594105,34,20,14,3,1,2,12,7,5,14,9,5,0,0,0,2,1,1,3,2,1
55594108,112,54,58,18,9,9,27,17,10,41,15,26,1,1,0,12,4,8,13,8,5
55594111,32,18,14,3,1,2,13,9,4,9,5,4,0,0,0,4,2,2,3,1,2
55594112,43,26,17,4,3,1,18,13,5,16,5,11,0,0,0,3,3,0,2,2,0
55353101,125,65,60,20,11,9,60,30,30,29,14,15,0,0,0,7,4,3,9,6,3
55353102,38,18,20,9,3,6,15,9,6,12,6,6,0,0,0,1,0,1,1,0,1
55353104,91,45,46,20,7,13,41,22,19,24,12,12,0,0,0,5,3,2,1,1,0
55353105,36,19,17,5,2,3,12,7,5,11,6,5,2,0,2,4,2,2,2,2,0
54217201,200,101,99,27,16,11,78,43,35,58,21,37,2,1,1,15,6,9,20,14,6
54202401,177,87,90,27,9,18,85,51,34,43,19,24,2,0,2,18,7,11,2,1,1
57849501,125,67,58,14,3,11,64,45,19,32,11,21,1,1,0,10,5,5,4,2,2
0256740,0,0,0,0,0,0,0,0,0,0,0,0,0,0,0,0,0,0,0,0,0
55604102,47,24,23,8,4,4,18,11,7,9,5,4,1,0,1,6,2,4,5,2,3
55604103,38,20,18,7,1,6,14,10,4,4,1,3,0,0,0,8,4,4,5,4,1
55604106,356,177,179,64,19,45,156,99,57,75,30,45,4,0,4,23,9,14,34,20,14
55604107,143,76,67,18,9,9,63,40,23,39,19,20,3,0,3,12,4,8,8,4,4
55606801,41,22,19,4,1,3,20,13,7,13,6,7,1,1,0,1,0,1,2,1,1
55606802,134,71,63,22,10,12,47,33,14,35,13,22,2,0,2,16,8,8,12,7,5
55606804,59,30,29,4,0,4,22,15,7,24,10,14,0,0,0,5,1,4,4,4,0
55606805,35,19,16,3,1,2,14,10,4,13,6,7,1,0,1,1,0,1,3,2,1
55606806,102,50,52,15,7,8,29,15,14,25,15,10,2,0,2,10,4,6,21,9,12
0265222,0,0,0,0,0,0,0,0,0,0,0,0,0,0,0,0,0,0,0,0,0
55607601,49,25,24,6,2,4,23,15,8,16,6,10,0,0,0,2,1,1,2,1,1
55607602,40,20,20,12,5,7,13,9,4,7,2,5,0,0,0,2,1,1,6,3,3
55607603,552,290,262,99,48,51,226,142,84,155,70,85,4,0,4,45,16,29,23,14,9
55607604,28,14,14,6,3,3,7,3,4,10,5,5,0,0,0,5,3,2,0,0,0
55607605,32,17,15,2,1,1,10,6,4,11,4,7,0,0,0,7,4,3,2,2,0
53012301,71,38,33,10,7,3,34,19,15,20,11,9,0,0,0,6,1,5,1,0,1
53012302,26,15,11,1,1,0,11,6,5,6,5,1,1,0,1,7,3,4,0,0,0
55610601,19,10,9,5,2,3,2,2,0,8,4,4,0,0,0,3,2,1,1,0,1
55610602,346,168,178,49,14,35,122,77,45,97,38,59,13,4,9,39,17,22,26,18,8
55610603,97,54,43,10,4,6,33,26,7,37,14,23,1,0,1,11,6,5,5,4,1
55610604,28,18,10,4,2,2,14,11,3,8,4,4,1,0,1,1,1,0,0,0,0
55610605,198,102,96,22,9,13,89,49,40,55,27,28,2,0,2,26,15,11,4,2,2
55610606,40,23,17,6,3,3,19,13,6,10,6,4,0,0,0,2,0,2,3,1,2
55610607,23,9,14,2,0,2,5,1,4,7,4,3,3,2,1,6,2,4,0,0,0
55610609,17,10,7,2,1,1,5,4,1,6,3,3,0,0,0,4,2,2,0,0,0
57851701,55,32,23,10,5,5,25,14,11,16,10,6,0,0,0,2,1,1,2,2,0
56668301,20,13,7,2,1,1,10,7,3,4,4,0,0,0,0,4,1,3,0,0,0
56668302,98,47,51,20,6,14,43,28,15,22,8,14,2,1,1,7,2,5,4,2,2
57852502,81,39,42,19,4,15,36,22,14,15,6,9,2,2,0,6,3,3,3,2,1
1927590,0,0,0,0,0,0,0,0,0,0,0,0,0,0,0,0,0,0,0,0,0
57824001,89,53,36,14,6,8,32,22,10,25,15,10,0,0,0,7,3,4,11,7,4
0373622,0,0,0,0,0,0,0,0,0,0,0,0,0,0,0,0,0,0,0,0,0
0373713,0,0,0,0,0,0,0,0,0,0,0,0,0,0,0,0,0,0,0,0,0
0374350,0,0,0,0,0,0,0,0,0,0,0,0,0,0,0,0,0,0,0,0,0
1989940,0,0,0,0,0,0,0,0,0,0,0,0,0,0,0,0,0,0,0,0,0
1990010,0,0,0,0,0,0,0,0,0,0,0,0,0,0,0,0,0,0,0,0,0
1990280,0,0,0,0,0,0,0,0,0,0,0,0,0,0,0,0,0,0,0,0,0
1990360,0,0,0,0,0,0,0,0,0,0,0,0,0,0,0,0,0,0,0,0,0
3208890,0,0,0,0,0,0,0,0,0,0,0,0,0,0,0,0,0,0,0,0,0
55618101,41,20,21,5,1,4,19,13,6,15,4,11,0,0,0,1,1,0,1,1,0
55618102,504,249,255,96,34,62,216,120,96,125,57,68,5,2,3,36,17,19,26,19,7
55618103,38,16,22,7,1,6,17,9,8,10,4,6,0,0,0,2,1,1,2,1,1
55618105,42,25,17,8,6,2,16,10,6,9,4,5,0,0,0,5,3,2,4,2,2
55618108,68,31,37,16,6,10,25,12,13,14,8,6,0,0,0,8,3,5,5,2,3
55618111,21,9,12,3,0,3,10,6,4,7,2,5,0,0,0,0,0,0,1,1,0
55618113,25,13,12,2,1,1,11,7,4,9,4,5,0,0,0,3,1,2,0,0,0
55618116,37,23,14,7,4,3,10,9,1,15,8,7,1,1,0,4,1,3,0,0,0
55618120,25,16,9,5,4,1,9,6,3,7,2,5,0,0,0,3,3,0,1,1,0
54179601,131,70,61,12,6,6,51,33,18,53,22,31,3,1,2,8,5,3,4,3,1
0391791,0,0,0,0,0,0,0,0,0,0,0,0,0,0,0,0,0,0,0,0,0
55620301,24,9,15,5,2,3,6,2,4,5,2,3,2,1,1,4,1,3,2,1,1
55620302,31,16,15,5,3,2,9,6,3,13,5,8,1,0,1,3,2,1,0,0,0
55620304,89,50,39,11,8,3,48,29,19,14,5,9,1,0,1,4,1,3,11,7,4
55620306,31,16,15,2,0,2,16,8,8,7,4,3,1,0,1,4,3,1,1,1,0
55620307,90,45,45,14,5,9,32,22,10,27,12,15,0,0,0,12,4,8,5,2,3
55620308,34,17,17,3,2,1,16,9,7,9,3,6,1,0,1,3,1,2,2,2,0
55620309,19,11,8,2,1,1,4,2,2,8,6,2,0,0,0,5,2,3,0,0,0
55620310,30,17,13,10,6,4,5,4,1,12,6,6,0,0,0,3,1,2,0,0,0
55620311,55,28,27,9,5,4,22,13,9,17,6,11,1,0,1,5,3,2,1,1,0
55620314,17,9,8,5,2,3,5,3,2,4,2,2,1,0,1,2,2,0,0,0,0
54208301,77,43,34,15,4,11,29,24,5,19,5,14,1,0,1,5,4,1,8,6,2
0419040,0,0,0,0,0,0,0,0,0,0,0,0,0,0,0,0,0,0,0,0,0
3021040,0,0,0,0,0,0,0,0,0,0,0,0,0,0,0,0,0,0,0,0,0
55625401,51,27,24,7,4,3,15,9,6,22,10,12,0,0,0,5,3,2,2,1,1
55625402,46,25,21,8,3,5,15,13,2,12,4,8,0,0,0,8,3,5,3,2,1
55625403,70,36,34,9,4,5,29,21,8,21,6,15,2,1,1,7,3,4,2,1,1
55625404,66,35,31,10,4,6,25,14,11,16,10,6,1,0,1,12,6,6,2,1,1
55625405,145,73,72,13,4,9,65,38,27,47,20,27,2,2,0,7,2,5,11,7,4
55625406,94,46,48,21,9,12,50,27,23,15,5,10,1,0,1,6,5,1,1,0,1
55625407,90,43,47,7,1,6,51,26,25,27,14,13,2,0,2,2,1,1,1,1,0
55625408,1367,619,748,178,63,115,526,265,261,442,186,256,21,9,12,145,68,77,55,28,27
55625410,235,122,113,21,9,12,85,51,34,80,37,43,6,1,5,36,19,17,7,5,2
55625411,22,10,12,4,1,3,5,2,3,7,3,4,1,0,1,3,2,1,2,2,0
55625412,550,269,281,79,36,43,198,104,94,152,63,89,8,1,7,39,21,18,74,44,30
55625413,166,78,88,22,8,14,49,28,21,56,21,35,2,1,1,28,14,14,9,6,3
55625414,625,313,312,87,32,55,261,147,114,171,79,92,5,1,4,65,31,34,36,23,13
55625415,22,12,10,0,0,0,8,6,2,9,3,6,0,0,0,2,2,0,3,1,2
55625416,17,8,9,1,1,0,2,1,1,10,4,6,0,0,0,4,2,2,0,0,0
55625417,132,70,62,20,10,10,39,25,14,45,24,21,2,0,2,18,6,12,8,5,3
55625418,588,283,305,80,34,46,204,113,91,186,91,95,10,2,8,85,32,53,23,11,12
54209101,51,26,25,10,7,3,5,1,4,20,9,11,1,0,1,14,8,6,1,1,0
55630101,133,74,59,17,12,5,53,31,22,43,19,24,2,1,1,9,5,4,9,6,3
55630102,63,30,33,11,3,8,29,19,10,13,5,8,3,0,3,6,3,3,1,0,1
55630104,92,45,47,12,2,10,41,26,15,21,9,12,1,0,1,15,7,8,2,1,1
55630105,39,22,17,9,5,4,17,12,5,7,2,5,1,0,1,1,1,0,4,2,2
55630106,581,287,294,78,29,49,218,129,89,185,85,100,14,6,8,58,19,39,28,19,9
55630107,55,27,28,2,2,0,31,15,16,9,5,4,0,0,0,11,3,8,2,2,0
55630108,103,51,52,18,7,11,46,25,21,26,13,13,1,1,0,12,5,7,0,0,0
55630109,35,16,19,7,3,4,13,9,4,13,4,9,0,0,0,2,0,2,0,0,0
55631901,54,29,25,5,3,2,27,16,11,15,8,7,1,0,1,3,0,3,3,2,1
55631902,224,117,107,30,14,16,84,53,31,68,35,33,2,0,2,29,11,18,11,4,7
55631903,69,35,34,15,4,11,27,17,10,18,8,10,0,0,0,8,5,3,1,1,0
55633501,25,13,12,4,3,1,8,4,4,10,5,5,0,0,0,2,1,1,1,0,1
55633502,59,31,28,10,3,7,18,9,9,18,12,6,1,0,1,9,5,4,3,2,1
55633503,58,28,30,9,0,9,20,14,6,18,7,11,1,0,1,9,6,3,1,1,0
55633504,58,32,26,9,4,5,33,21,12,6,2,4,0,0,0,5,3,2,5,2,3
55633505,82,39,43,8,1,7,33,19,14,27,12,15,2,1,1,10,5,5,2,1,1
55633506,20,16,4,0,0,0,3,3,0,3,2,1,4,3,1,3,2,1,7,6,1
55633507,322,167,155,39,20,19,126,72,54,99,51,48,7,1,6,38,13,25,13,10,3
55634301,116,57,59,9,3,6,47,25,22,36,17,19,3,0,3,12,7,5,9,5,4
55637802,539,262,277,63,25,38,227,133,94,169,67,102,7,1,6,50,23,27,23,13,10
55637803,45,24,21,5,2,3,20,13,7,17,8,9,0,0,0,3,1,2,0,0,0
55637804,29,13,16,6,2,4,10,5,5,10,3,7,0,0,0,1,1,0,2,2,0
0547210,0,0,0,0,0,0,0,0,0,0,0,0,0,0,0,0,0,0,0,0,0
55638601,29,15,14,10,6,4,6,4,2,6,2,4,0,0,0,1,0,1,6,3,3
55638602,62,30,32,12,5,7,29,16,13,12,5,7,0,0,0,7,3,4,2,1,1
55638603,187,103,84,34,18,16,76,47,29,43,23,20,4,0,4,12,7,5,18,8,10
55638605,144,70,74,16,7,9,73,39,34,36,15,21,1,0,1,13,7,6,5,2,3
55638607,17,8,9,4,2,2,6,4,2,3,0,3,0,0,0,4,2,2,0,0,0
55638608,44,21,23,15,6,9,9,7,2,12,5,7,1,0,1,3,1,2,4,2,2
55639401,42,20,22,5,2,3,17,10,7,14,7,7,2,1,1,4,0,4,0,0,0
55639402,80,38,42,14,4,10,32,19,13,17,8,9,2,1,1,11,5,6,4,1,3
55639403,46,21,25,4,2,2,25,14,11,12,4,8,1,0,1,2,1,1,2,0,2
55639404,45,20,25,4,0,4,19,12,7,12,3,9,2,1,1,8,4,4,0,0,0
55639405,34,17,17,11,5,6,13,6,7,7,5,2,0,0,0,1,1,0,2,0,2
55639406,1196,608,588,161,63,98,443,255,188,370,172,198,18,5,13,141,72,69,63,41,22
55639407,312,186,126,47,17,30,97,56,41,74,40,34,17,15,2,40,32,8,37,26,11
55639408,23,12,11,3,1,2,7,6,1,10,4,6,0,0,0,1,0,1,2,1,1
55639409,24,13,11,7,3,4,9,5,4,4,2,2,0,0,0,3,2,1,1,1,0
55639410,40,20,20,5,2,3,17,8,9,16,9,7,0,0,0,2,1,1,0,0,0
55639411,126,63,63,17,3,14,52,30,22,40,25,15,4,0,4,11,5,6,2,0,2
55639412,55,25,30,9,3,6,11,5,6,27,15,12,1,0,1,5,1,4,2,1,1
54186901,53,28,25,4,2,2,23,13,10,17,5,12,1,0,1,5,5,0,3,3,0
54175301,23,13,10,6,3,3,10,5,5,3,2,1,0,0,0,4,3,1,0,0,0
54175302,114,52,62,13,5,8,41,26,15,36,10,26,0,0,0,17,7,10,7,4,3
54175303,49,27,22,9,5,4,19,8,11,8,5,3,1,1,0,5,3,2,7,5,2
55643201,37,20,17,3,0,3,11,7,4,12,9,3,0,0,0,9,3,6,2,1,1
55643202,18,10,8,1,1,0,1,0,1,8,5,3,0,0,0,7,3,4,1,1,0
55643203,1007,486,521,186,72,114,372,212,160,259,114,145,7,4,3,112,48,64,71,36,35
55643204,41,19,22,10,5,5,14,8,6,11,5,6,0,0,0,5,1,4,1,0,1
55643208,19,10,9,5,2,3,6,5,1,5,2,3,0,0,0,0,0,0,3,1,2
55643209,30,13,17,1,0,1,12,7,5,8,1,7,1,1,0,8,4,4,0,0,0
54182601,92,46,46,10,2,8,49,29,20,21,10,11,3,0,3,5,3,2,4,2,2
1576012,0,0,0,0,0,0,0,0,0,0,0,0,0,0,0,0,0,0,0,0,0
3195540,0,0,0,0,0,0,0,0,0,0,0,0,0,0,0,0,0,0,0,0,0
3276620,0,0,0,0,0,0,0,0,0,0,0,0,0,0,0,0,0,0,0,0,0
3276710,0,0,0,0,0,0,0,0,0,0,0,0,0,0,0,0,0,0,0,0,0
3276890,0,0,0,0,0,0,0,0,0,0,0,0,0,0,0,0,0,0,0,0,0
3362970,0,0,0,0,0,0,0,0,0,0,0,0,0,0,0,0,0,0,0,0,0
55577101,229,115,114,33,14,19,93,51,42,53,25,28,7,4,3,30,13,17,13,8,5
55577102,35,18,17,3,1,2,12,8,4,13,6,7,1,0,1,3,1,2,3,2,1
55577103,802,381,421,78,29,49,270,158,112,301,115,186,9,3,6,106,57,49,38,19,19
55577104,63,30,33,11,2,9,20,14,6,16,6,10,2,0,2,10,6,4,4,2,2
55577106,40,21,19,9,4,5,14,10,4,8,3,5,0,0,0,5,1,4,4,3,1
55577107,87,42,45,9,2,7,44,23,21,23,11,12,0,0,0,7,3,4,4,3,1
55577108,92,52,40,15,8,7,34,19,15,26,15,11,1,1,0,14,7,7,2,2,0
55577109,31,14,17,4,1,3,15,10,5,8,2,6,0,0,0,2,0,2,2,1,1
55577110,63,31,32,6,3,3,28,17,11,18,6,12,0,0,0,7,4,3,4,1,3
55577111,43,20,23,3,2,1,19,9,10,16,8,8,1,0,1,4,1,3,0,0,0
55577112,106,53,53,15,10,5,39,23,16,36,14,22,0,0,0,14,5,9,2,1,1
55577113,273,137,136,26,8,18,104,58,46,88,43,45,11,3,8,42,23,19,2,2,0
55577114,223,112,111,24,8,16,74,41,33,79,39,40,1,0,1,34,16,18,11,8,3
55577115,91,44,47,7,2,5,38,26,12,33,10,23,1,0,1,11,5,6,1,1,0
55577116,86,44,42,12,5,7,41,24,17,21,8,13,1,0,1,10,7,3,1,0,1
55577117,248,118,130,20,6,14,66,34,32,94,48,46,3,1,2,56,25,31,9,4,5
55577118,145,76,69,14,10,4,72,42,30,42,17,25,3,1,2,12,4,8,2,2,0
55577119,29,14,15,4,2,2,11,7,4,8,3,5,1,0,1,4,1,3,1,1,0
55577120,129,67,62,24,13,11,35,23,12,41,20,21,1,1,0,20,7,13,8,3,5
55577121,48,25,23,4,3,1,13,8,5,22,9,13,2,2,0,7,3,4,0,0,0
55577122,663,368,295,84,38,46,166,93,73,143,64,79,7,1,6,46,25,21,217,147,70
55577123,289,145,144,52,24,28,116,65,51,75,30,45,2,1,1,25,14,11,19,11,8
55577125,38,21,17,2,2,0,15,8,7,17,9,8,0,0,0,3,1,2,1,1,0
55577128,858,408,450,107,38,69,213,118,95,313,139,174,18,7,11,177,89,88,30,17,13
55577129,29,17,12,7,4,3,4,4,0,15,7,8,0,0,0,2,1,1,1,1,0
55577130,24,12,12,3,3,0,5,3,2,2,0,2,1,1,0,2,2,0,11,3,8
55577131,851,400,451,71,30,41,247,140,107,328,133,195,24,3,21,138,72,66,43,22,21
55577132,500,233,267,76,38,38,167,93,74,150,53,97,13,5,8,71,34,37,23,10,13
55577133,658,310,348,64,31,33,219,101,118,223,99,124,8,2,6,123,65,58,21,12,9
55577134,300,132,168,45,17,28,113,53,60,87,37,50,4,3,1,32,12,20,19,10,9
55577135,801,363,438,97,41,56,277,148,129,254,94,160,19,5,14,95,45,50,59,30,29
55577136,59,28,31,12,7,5,19,9,10,9,3,6,0,0,0,4,2,2,15,7,8
55577138,468,212,256,54,21,33,134,68,66,177,71,106,6,2,4,72,34,38,25,16,9
55577139,613,288,325,102,40,62,218,117,101,176,76,100,8,2,6,77,39,38,32,14,18
55577140,65,33,32,22,10,12,23,13,10,16,7,9,0,0,0,1,1,0,3,2,1
55577141,1303,620,683,137,61,76,367,213,154,456,194,262,20,2,18,259,124,135,64,26,38
55577142,2071,910,1161,296,109,187,684,329,355,689,277,412,30,11,19,263,127,136,109,57,52
55577143,756,357,399,71,30,41,193,107,86,263,114,149,9,2,7,200,91,109,20,13,7
55577144,433,190,243,56,23,33,118,58,60,151,61,90,9,3,6,65,29,36,34,16,18
55577145,23,12,11,7,5,2,11,3,8,3,2,1,0,0,0,0,0,0,2,2,0
55577146,676,317,359,65,26,39,155,88,67,258,108,150,9,2,7,168,82,86,21,11,10
55577147,319,155,164,36,17,19,33,20,13,125,60,65,5,2,3,111,52,59,9,4,5
55577148,261,127,134,44,23,21,89,47,42,69,24,45,6,3,3,34,17,17,19,13,6
55577149,481,212,269,60,26,34,148,74,74,149,53,96,6,1,5,84,40,44,34,18,16
55577150,1316,637,679,152,66,86,398,224,174,454,190,264,24,7,17,226,119,107,62,31,31
55577151,919,442,477,104,42,62,276,155,121,308,133,175,18,2,16,156,78,78,57,32,25
55577153,609,282,327,62,20,42,185,104,81,220,88,132,14,7,7,103,50,53,25,13,12
55577154,201,90,111,35,12,23,53,30,23,75,31,44,2,0,2,26,11,15,10,6,4
54185101,89,49,40,6,3,3,35,25,10,25,9,16,0,0,0,18,10,8,5,2,3
55646701,40,20,20,5,1,4,10,7,3,14,7,7,0,0,0,5,3,2,6,2,4
55646705,20,13,7,3,2,1,8,7,1,5,3,2,0,0,0,4,1,3,0,0,0
55646706,25,14,11,5,2,3,8,5,3,8,3,5,1,1,0,3,3,0,0,0,0
55646707,29,13,16,2,0,2,10,7,3,14,4,10,0,0,0,2,2,0,1,0,1
55646708,623,309,314,101,42,59,234,130,104,178,87,91,7,2,5,68,29,39,35,19,16
55646709,75,36,39,7,1,6,29,17,12,32,14,18,0,0,0,5,2,3,2,2,0
55646710,23,13,10,2,1,1,9,6,3,6,3,3,0,0,0,3,2,1,3,1,2
55646712,31,18,13,5,2,3,16,10,6,5,2,3,0,0,0,4,3,1,1,1,0
55646713,86,44,42,14,6,8,38,22,16,25,11,14,1,0,1,7,5,2,1,0,1
55646714,108,57,51,14,5,9,45,26,19,28,16,12,2,0,2,8,3,5,11,7,4
55646716,27,13,14,5,1,4,14,9,5,5,3,2,1,0,1,1,0,1,1,0,1
55646718,62,33,29,7,4,3,17,11,6,16,8,8,0,0,0,15,7,8,7,3,4
55646720,32,12,20,4,0,4,9,5,4,9,4,5,0,0,0,10,3,7,0,0,0
55646721,23,12,11,3,0,3,8,4,4,6,4,2,0,0,0,5,4,1,1,0,1
57817701,62,31,31,6,1,5,31,15,16,17,10,7,1,1,0,4,2,2,3,2,1
55650501,35,20,15,8,4,4,22,15,7,3,1,2,2,0,2,0,0,0,0,0,0
55650502,77,34,43,9,2,7,37,20,17,20,6,14,1,1,0,4,2,2,6,3,3
55650503,43,22,21,6,2,4,21,12,9,8,4,4,0,0,0,5,2,3,3,2,1
54193101,112,51,61,9,1,8,53,31,22,34,12,22,1,1,0,14,5,9,1,1,0
57807001,72,36,36,16,6,10,26,15,11,13,10,3,4,1,3,6,0,6,7,4,3
57807002,39,20,19,2,0,2,14,9,5,11,4,7,0,0,0,11,6,5,1,1,0
55662901,33,17,16,5,2,3,12,6,6,12,6,6,0,0,0,3,2,1,1,1,0
55662903,129,65,64,18,8,10,51,26,25,42,23,19,1,0,1,16,7,9,1,1,0
55662904,257,138,119,25,7,18,112,70,42,74,35,39,3,1,2,23,10,13,20,15,5
57841001,35,18,17,5,2,3,14,9,5,9,4,5,1,1,0,3,1,2,3,1,2
55663701,70,36,34,13,8,5,34,21,13,17,6,11,0,0,0,5,1,4,1,0,1
55663702,16,7,9,4,1,3,5,5,0,6,1,5,0,0,0,1,0,1,0,0,0
55663703,487,230,257,54,17,37,185,107,78,145,62,83,6,1,5,72,26,46,25,17,8
55663704,54,30,24,4,2,2,31,17,14,14,9,5,0,0,0,4,1,3,1,1,0
55663705,23,13,10,2,0,2,12,7,5,8,5,3,0,0,0,1,1,0,0,0,0
55663706,31,16,15,5,2,3,12,7,5,10,4,6,0,0,0,3,2,1,1,1,0
55663707,141,73,68,21,12,9,61,35,26,37,15,22,2,0,2,13,8,5,7,3,4
55663708,87,47,40,26,13,13,33,18,15,18,10,8,2,0,2,3,3,0,5,3,2
55663709,34,17,17,5,1,4,11,7,4,14,7,7,0,0,0,3,1,2,1,1,0
57846101,55,31,24,7,3,4,25,13,12,16,10,6,0,0,0,4,2,2,3,3,0
54205901,48,28,20,7,3,4,18,12,6,18,9,9,0,0,0,3,2,1,2,2,0
0978880,0,0,0,0,0,0,0,0,0,0,0,0,0,0,0,0,0,0,0,0,0
0978960,0,0,0,0,0,0,0,0,0,0,0,0,0,0,0,0,0,0,0,0,0
54214801,29,17,12,3,2,1,7,3,4,12,7,5,0,0,0,6,4,2,1,1,0
54214802,45,27,18,4,3,1,10,7,3,18,10,8,0,0,0,9,5,4,4,2,2
55671801,36,20,16,3,2,1,17,11,6,11,5,6,0,0,0,4,1,3,1,1,0
55671802,67,37,30,9,4,5,25,16,9,23,10,13,1,1,0,5,3,2,4,3,1
55671803,28,16,12,7,4,3,11,7,4,8,4,4,1,0,1,1,1,0,0,0,0
55671804,49,26,23,12,6,6,16,11,5,12,7,5,0,0,0,8,2,6,1,0,1
55671805,71,37,34,9,5,4,40,25,15,10,5,5,1,0,1,9,1,8,2,1,1
55671806,433,209,224,75,24,51,161,95,66,119,57,62,5,1,4,52,16,36,21,16,5
55671807,113,60,53,7,3,4,53,36,17,28,12,16,3,0,3,12,5,7,10,4,6
55671808,66,32,34,16,6,10,27,15,12,16,9,7,1,1,0,5,1,4,1,0,1
55671809,68,33,35,13,5,8,17,10,7,20,10,10,4,2,2,11,5,6,3,1,2
55671811,17,11,6,2,2,0,6,4,2,2,0,2,0,0,0,0,0,0,7,5,2
55672602,109,53,56,11,5,6,41,24,17,36,11,25,1,1,0,15,9,6,5,3,2
55673401,88,47,41,9,3,6,46,30,16,27,11,16,0,0,0,5,2,3,1,1,0
55673402,42,19,23,7,2,5,18,11,7,9,2,7,1,1,0,7,3,4,0,0,0
55673403,31,15,16,5,1,4,13,10,3,6,2,4,0,0,0,6,2,4,1,0,1
55673404,185,92,93,27,14,13,78,43,35,53,23,30,1,1,0,15,5,10,11,6,5
54174501,100,49,51,15,4,11,49,29,20,25,10,15,0,0,0,5,2,3,6,4,2
55675102,45,23,22,5,4,1,22,11,11,14,5,9,1,1,0,2,1,1,1,1,0
55675103,78,41,37,10,5,5,32,17,15,16,7,9,1,0,1,10,7,3,9,5,4
55675107,27,16,11,6,2,4,12,9,3,8,5,3,0,0,0,1,0,1,0,0,0
55675108,35,16,19,8,2,6,11,6,5,15,8,7,0,0,0,0,0,0,1,0,1
55675109,64,35,29,9,4,5,19,11,8,22,13,9,1,0,1,5,2,3,8,5,3
55675110,34,17,17,8,3,5,19,10,9,6,4,2,1,0,1,0,0,0,0,0,0
55675111,99,54,45,8,4,4,40,25,15,38,16,22,0,0,0,8,5,3,5,4,1
55675112,192,96,96,35,13,22,75,47,28,57,25,32,1,1,0,17,6,11,7,4,3
55675113,211,99,112,39,13,26,90,52,38,54,22,32,4,3,1,11,4,7,13,5,8
55675114,176,93,83,23,8,15,73,39,34,50,26,24,3,1,2,12,6,6,15,13,2
57822301,51,23,28,3,0,3,26,16,10,15,2,13,0,0,0,7,5,2,0,0,0
57853301,184,96,88,28,13,15,70,45,25,44,18,26,3,1,2,21,10,11,18,9,9
1044262,0,0,0,0,0,0,0,0,0,0,0,0,0,0,0,0,0,0,0,0,0
55681501,157,75,82,24,4,20,64,38,26,44,18,26,2,0,2,15,10,5,8,5,3
55681502,59,34,25,11,4,7,27,19,8,12,7,5,3,1,2,5,3,2,1,0,1
55681503,40,20,20,5,1,4,14,9,5,16,8,8,0,0,0,2,0,2,3,2,1
55681504,19,10,9,2,1,1,10,5,5,2,1,1,1,1,0,4,2,2,0,0,0
55683101,335,203,132,170,113,57,91,58,33,49,21,28,2,0,2,13,5,8,10,6,4
55683102,44,18,26,9,4,5,15,8,7,8,2,6,2,0,2,5,1,4,5,3,2
55683104,84,38,46,20,7,13,32,21,11,24,8,16,0,0,0,5,0,5,3,2,1
55683105,3409,1629,1780,564,235,329,1315,706,609,998,431,567,30,11,19,271,118,153,231,128,103
55683106,43,22,21,4,3,1,20,10,10,12,4,8,0,0,0,2,1,1,5,4,1
55683107,138,61,77,26,9,17,44,24,20,40,16,24,1,0,1,19,6,13,8,6,2
55683108,24,11,13,4,1,3,6,5,1,12,4,8,0,0,0,2,1,1,0,0,0
54191501,175,86,89,32,15,17,62,37,25,52,24,28,0,0,0,19,5,14,10,5,5
54195801,86,43,43,6,2,4,38,23,15,31,14,17,1,0,1,9,3,6,1,1,0
54195802,79,43,36,10,5,5,42,25,17,16,7,9,1,1,0,4,2,2,6,3,3
57806101,53,24,29,9,3,6,15,6,9,19,12,7,0,0,0,10,3,7,0,0,0
55691201,300,161,139,41,18,23,108,58,50,86,45,41,0,0,0,43,27,16,22,13,9
55691202,134,68,66,26,9,17,49,28,21,40,19,21,2,1,1,8,5,3,9,6,3
55691203,62,34,28,13,5,8,23,15,8,17,8,9,4,2,2,1,1,0,4,3,1
55691204,19,9,10,5,3,2,9,2,7,4,4,0,1,0,1,0,0,0,0,0,0
55691205,64,33,31,6,3,3,27,16,11,24,10,14,0,0,0,6,3,3,1,1,0
1199620,0,0,0,0,0,0,0,0,0,0,0,0,0,0,0,0,0,0,0,0,0
55692101,24,13,11,3,0,3,7,6,1,9,4,5,0,0,0,2,1,1,3,2,1
55692102,38,18,20,4,2,2,14,7,7,10,4,6,1,0,1,6,3,3,3,2,1
55692104,33,16,17,5,3,2,16,7,9,5,2,3,0,0,0,4,3,1,3,1,2
55692107,199,105,94,22,13,9,76,47,29,65,26,39,1,0,1,25,13,12,10,6,4
55692108,19,12,7,1,0,1,9,7,2,5,2,3,0,0,0,4,3,1,0,0,0
55692110,27,17,10,6,4,2,4,2,2,7,4,3,0,0,0,5,5,0,5,2,3
55692111,45,20,25,7,3,4,18,8,10,15,7,8,0,0,0,5,2,3,0,0,0
55692113,27,13,14,3,1,2,12,9,3,10,2,8,0,0,0,1,0,1,1,1,0
55692114,46,24,22,5,2,3,19,13,6,14,6,8,0,0,0,6,2,4,2,1,1
55692117,38,17,21,4,1,3,13,7,6,13,7,6,1,0,1,4,2,2,3,0,3
0236040,0,0,0,0,0,0,0,0,0,0,0,0,0,0,0,0,0,0,0,0,0
55695501,44,24,20,8,4,4,15,8,7,13,8,5,2,1,1,6,3,3,0,0,0
55695502,54,27,27,6,1,5,22,13,9,13,7,6,0,0,0,11,6,5,2,0,2
55695503,84,45,39,10,4,6,40,22,18,21,10,11,3,1,2,7,7,0,3,1,2
55695504,105,58,47,18,7,11,55,32,23,25,13,12,1,1,0,4,3,1,2,2,0
55695505,37,18,19,4,1,3,11,5,6,12,8,4,0,0,0,5,2,3,5,2,3
55695506,37,19,18,5,1,4,13,7,6,12,7,5,1,1,0,2,1,1,4,2,2
55695507,80,41,39,9,2,7,42,24,18,21,10,11,1,0,1,2,1,1,5,4,1
55695508,52,25,27,6,3,3,22,15,7,20,4,16,0,0,0,2,2,0,2,1,1
55695509,749,378,371,105,41,64,332,199,133,199,85,114,6,0,6,70,30,40,37,23,14
55695510,26,12,14,1,0,1,9,7,2,13,5,8,0,0,0,3,0,3,0,0,0
55695511,38,21,17,2,1,1,16,10,6,17,8,9,0,0,0,2,1,1,1,1,0
55695512,18,10,8,3,3,0,7,6,1,3,0,3,3,1,2,2,0,2,0,0,0
55168601,107,52,55,16,7,9,48,23,25,30,17,13,3,1,2,4,2,2,6,2,4
54178801,33,17,16,7,2,5,13,9,4,4,2,2,0,0,0,7,3,4,2,1,1
54178802,31,12,19,9,3,6,10,5,5,7,2,5,0,0,0,0,0,0,5,2,3
54178803,115,65,50,18,7,11,41,25,16,32,18,14,0,0,0,12,6,6,12,9,3
54178804,22,12,10,4,1,3,10,6,4,8,5,3,0,0,0,0,0,0,0,0,0
54178805,48,27,21,7,5,2,28,17,11,8,2,6,0,0,0,3,2,1,2,1,1
1989350,0,0,0,0,0,0,0,0,0,0,0,0,0,0,0,0,0,0,0,0,0
55608401,88,50,38,7,4,3,27,16,11,25,12,13,2,1,1,17,12,5,10,5,5
55608402,22,11,11,3,0,3,1,1,0,8,3,5,0,0,0,10,7,3,0,0,0
55700501,93,51,42,8,2,6,42,33,9,24,9,15,4,1,3,11,4,7,4,2,2
55700502,25,15,10,3,3,0,12,6,6,5,3,2,0,0,0,1,1,0,4,2,2
55700503,100,48,52,14,4,10,45,28,17,23,7,16,4,1,3,8,3,5,6,5,1
55700504,123,61,62,25,9,16,43,26,17,34,12,22,3,1,2,11,7,4,7,6,1
55700505,60,29,31,5,2,3,17,9,8,29,14,15,0,0,0,8,3,5,1,1,0
55700506,254,127,127,31,11,20,96,55,41,77,34,43,0,0,0,29,13,16,21,14,7
55701301,65,30,35,8,2,6,21,10,11,25,12,13,0,0,0,6,3,3,5,3,2
55701302,69,34,35,13,4,9,29,20,9,20,7,13,2,1,1,5,2,3,0,0,0
55701303,286,145,141,42,16,26,104,68,36,102,49,53,2,0,2,26,6,20,10,6,4
1400742,0,0,0,0,0,0,0,0,0,0,0,0,0,0,0,0,0,0,0,0,0
1401210,0,0,0,0,0,0,0,0,0,0,0,0,0,0,0,0,0,0,0,0,0
1990440,0,0,0,0,0,0,0,0,0,0,0,0,0,0,0,0,0,0,0,0,0
1990520,0,0,0,0,0,0,0,0,0,0,0,0,0,0,0,0,0,0,0,0,0
55702101,25,14,11,4,2,2,14,7,7,5,3,2,1,1,0,0,0,0,1,1,0
55702102,16,9,7,1,0,1,4,3,1,6,3,3,1,0,1,4,3,1,0,0,0
55702104,129,70,59,23,9,14,40,27,13,36,16,20,2,1,1,15,8,7,13,9,4
55702105,36,20,16,3,1,2,8,5,3,9,5,4,0,0,0,14,7,7,2,2,0
57843601,92,47,45,13,4,9,40,27,13,27,11,16,1,1,0,8,3,5,3,1,2
55709901,51,24,27,15,8,7,18,8,10,13,4,9,0,0,0,2,1,1,3,3,0
55709903,30,15,15,7,2,5,12,6,6,8,6,2,0,0,0,3,1,2,0,0,0
55709904,240,117,123,43,18,25,102,60,42,70,30,40,2,1,1,14,5,9,9,3,6
55709905,20,13,7,6,5,1,8,6,2,5,2,3,0,0,0,1,0,1,0,0,0
1989860,0,0,0,0,0,0,0,0,0,0,0,0,0,0,0,0,0,0,0,0,0
55711101,31,16,15,4,0,4,10,5,5,6,4,2,1,1,0,9,5,4,1,1,0
55711102,135,68,67,22,8,14,51,28,23,32,13,19,1,0,1,16,10,6,13,9,4
55711105,23,11,12,3,0,3,5,4,1,10,6,4,0,0,0,5,1,4,0,0,0
55712903,68,35,33,7,1,6,34,18,16,20,12,8,1,1,0,2,0,2,4,3,1
55712904,153,74,79,16,4,12,58,33,25,54,25,29,1,0,1,17,8,9,7,4,3
55712906,36,21,15,4,3,1,18,14,4,9,2,7,0,0,0,5,2,3,0,0,0
55713702,20,11,9,4,1,3,5,4,1,7,4,3,0,0,0,3,1,2,1,1,0
55713703,38,20,18,7,3,4,19,12,7,5,3,2,0,0,0,4,1,3,3,1,2
55713704,42,19,23,5,0,5,24,15,9,9,3,6,1,0,1,2,0,2,1,1,0
55713705,73,41,32,6,4,2,38,23,15,20,11,9,2,0,2,5,2,3,2,1,1
55713708,754,380,374,118,52,66,272,168,104,229,93,136,11,1,10,72,34,38,52,32,20
55713709,46,27,19,13,7,6,15,11,4,11,6,5,0,0,0,3,1,2,4,2,2
55713710,19,9,10,3,1,2,8,6,2,7,2,5,0,0,0,1,0,1,0,0,0
55713711,40,23,17,8,5,3,14,8,6,13,6,7,0,0,0,2,2,0,3,2,1
55713712,31,18,13,1,0,1,9,5,4,9,5,4,0,0,0,10,6,4,2,2,0
55713714,63,29,34,13,2,11,34,19,15,12,6,6,2,0,2,1,1,0,1,1,0
1597012,0,0,0,0,0,0,0,0,0,0,0,0,0,0,0,0,0,0,0,0,0
1597190,0,0,0,0,0,0,0,0,0,0,0,0,0,0,0,0,0,0,0,0,0
3066140,0,0,0,0,0,0,0,0,0,0,0,0,0,0,0,0,0,0,0,0,0
3088460,0,0,0,0,0,0,0,0,0,0,0,0,0,0,0,0,0,0,0,0,0
55715301,39,18,21,4,0,4,18,13,5,12,4,8,0,0,0,5,1,4,0,0,0
55715302,17,9,8,2,0,2,7,4,3,4,3,1,0,0,0,4,2,2,0,0,0
55715303,60,30,30,12,4,8,29,19,10,13,6,7,0,0,0,4,0,4,2,1,1
55715305,41,22,19,7,2,5,13,10,3,16,8,8,0,0,0,5,2,3,0,0,0
55715307,175,82,93,28,9,19,64,34,30,45,25,20,6,0,6,25,11,14,7,3,4
55715308,103,54,49,14,6,8,31,19,12,32,15,17,4,2,2,16,8,8,6,4,2
55715309,31,17,14,3,1,2,8,6,2,12,5,7,2,1,1,5,4,1,1,0,1
55715310,54,27,27,5,2,3,25,16,9,17,6,11,1,0,1,4,2,2,2,1,1
55715314,490,270,220,81,30,51,135,81,54,117,52,65,7,3,4,51,26,25,99,78,21
55715315,29,15,14,1,0,1,13,8,5,10,6,4,0,0,0,5,1,4,0,0,0
55715316,110,50,60,21,6,15,49,26,23,27,12,15,0,0,0,9,4,5,4,2,2
55715317,1868,876,992,231,87,144,712,377,335,594,240,354,21,8,13,221,118,103,89,46,43
55715318,587,282,305,104,38,66,181,100,81,170,81,89,15,4,11,64,28,36,53,31,22
55715320,363,169,194,59,24,35,132,74,58,114,45,69,6,3,3,40,19,21,12,4,8
55715321,113,59,54,18,9,9,41,26,15,37,16,21,4,1,3,6,2,4,7,5,2
55715322,109,53,56,15,7,8,39,21,18,37,18,19,0,0,0,13,5,8,5,2,3
55715323,2419,1129,1290,304,120,184,848,463,385,810,346,464,29,14,15,329,138,191,99,48,51
55715324,1301,615,686,178,75,103,451,210,241,440,204,236,11,5,6,157,88,69,64,33,31
55715325,18,9,9,2,1,1,4,3,1,10,4,6,0,0,0,1,1,0,1,0,1
55715326,49,26,23,4,3,1,16,12,4,18,7,11,0,0,0,11,4,7,0,0,0
55715327,498,242,256,75,28,47,150,80,70,152,69,83,10,2,8,90,49,41,21,14,7
55715328,542,228,314,98,26,72,173,86,87,168,65,103,10,5,5,88,43,45,5,3,2
55716101,254,120,134,35,12,23,107,56,51,69,30,39,5,2,3,29,15,14,9,5,4
55720001,22,13,9,3,2,1,10,6,4,7,4,3,0,0,0,2,1,1,0,0,0
55720002,30,13,17,5,1,4,7,4,3,8,3,5,3,0,3,5,3,2,2,2,0
55720004,66,35,31,13,3,10,28,20,8,20,11,9,1,0,1,3,0,3,1,1,0
55720005,43,22,21,6,3,3,12,9,3,13,7,6,1,0,1,9,2,7,2,1,1
55720006,22,11,11,3,3,0,6,1,5,7,4,3,1,1,0,4,1,3,1,1,0
55720007,29,14,15,4,1,3,11,4,7,8,5,3,1,0,1,4,3,1,1,1,0
55720008,68,36,32,5,2,3,25,13,12,19,13,6,2,0,2,15,7,8,2,1,1
55720009,138,65,73,15,5,10,53,30,23,45,18,27,4,1,3,15,8,7,6,3,3
55720010,118,62,56,12,5,7,40,26,14,41,20,21,1,0,1,22,10,12,2,1,1
55720011,869,427,442,106,52,54,310,173,137,292,127,165,8,2,6,125,56,69,28,17,11
55352201,82,44,38,17,11,6,33,22,11,20,6,14,1,0,1,6,3,3,5,2,3
54188501,31,17,14,4,1,3,11,8,3,13,7,6,0,0,0,1,1,0,2,0,2
54188502,218,112,106,22,7,15,84,47,37,71,32,39,5,1,4,19,11,8,17,14,3
54188503,22,12,10,1,1,0,8,4,4,5,3,2,1,0,1,4,3,1,3,1,2
57832101,98,53,45,12,6,6,37,21,16,33,17,16,2,0,2,11,7,4,3,2,1
0531471,0,0,0,0,0,0,0,0,0,0,0,0,0,0,0,0,0,0,0,0,0
55736601,21,11,10,0,0,0,4,2,2,11,6,5,0,0,0,3,1,2,3,2,1
55736602,91,47,44,9,4,5,34,22,12,34,10,24,1,0,1,10,8,2,3,3,0
55736603,86,42,44,7,2,5,32,18,14,31,14,17,2,0,2,13,7,6,1,1,0
55736605,32,18,14,4,1,3,13,9,4,11,6,5,0,0,0,4,2,2,0,0,0
55736606,131,67,64,19,6,13,50,29,21,41,22,19,1,0,1,15,8,7,5,2,3
55736608,336,170,166,42,16,26,124,65,59,86,45,41,3,2,1,61,26,35,20,16,4
55737401,207,103,104,28,10,18,89,52,37,58,25,33,1,0,1,18,7,11,13,9,4
55738201,70,36,34,16,6,10,37,22,15,6,3,3,0,0,0,8,3,5,3,2,1
55738202,87,51,36,12,5,7,37,26,11,28,14,14,2,1,1,5,3,2,3,2,1
55738203,278,137,141,33,10,23,111,72,39,79,33,46,6,2,4,26,9,17,23,11,12
55745501,220,108,112,18,6,12,72,42,30,79,34,45,1,1,0,37,17,20,13,8,5
55745502,146,71,75,24,8,16,45,31,14,53,20,33,2,0,2,17,9,8,5,3,2
55745503,120,60,60,14,7,7,41,27,14,48,16,32,3,1,2,13,8,5,1,1,0
55745504,262,134,128,29,10,19,67,46,21,96,44,52,6,1,5,49,23,26,15,10,5
56605501,248,123,125,33,13,20,94,57,37,76,35,41,1,0,1,34,13,21,10,5,5
55746302,26,14,12,4,2,2,14,8,6,7,3,4,0,0,0,0,0,0,1,1,0
55746304,49,22,27,4,1,3,21,12,9,16,7,9,0,0,0,2,1,1,6,1,5
55746305,42,21,21,8,3,5,17,9,8,8,2,6,0,0,0,2,1,1,7,6,1
55746307,226,124,102,29,13,16,102,63,39,57,23,34,7,4,3,15,10,5,16,11,5
55746308,31,18,13,4,1,3,14,10,4,9,4,5,0,0,0,3,2,1,1,1,0
57831201,94,52,42,14,7,7,40,25,15,24,10,14,2,1,1,3,2,1,11,7,4
55752801,29,17,12,2,2,0,4,3,1,12,9,3,0,0,0,10,2,8,1,1,0
55752802,80,43,37,10,6,4,26,15,11,25,13,12,1,0,1,18,9,9,0,0,0
55752803,186,95,91,18,5,13,46,25,21,61,34,27,6,3,3,43,23,20,12,5,7
55752804,36,16,20,2,1,1,6,4,2,8,2,6,1,0,1,10,4,6,9,5,4
55752805,979,492,487,111,39,72,306,167,139,345,164,181,18,7,11,120,59,61,79,56,23
55752806,67,36,31,10,5,5,24,11,13,24,14,10,0,0,0,4,2,2,5,4,1
55753601,73,39,34,16,4,12,26,18,8,21,11,10,3,1,2,6,4,2,1,1,0
55753602,48,23,25,6,1,5,23,16,7,9,4,5,1,0,1,8,2,6,1,0,1
55753603,36,17,19,8,2,6,17,11,6,4,3,1,0,0,0,2,0,2,5,1,4
55753604,64,30,34,11,2,9,23,16,7,24,9,15,0,0,0,3,2,1,3,1,2
55753605,29,15,14,5,1,4,10,6,4,6,3,3,0,0,0,7,4,3,1,1,0
55753606,233,112,121,40,15,25,91,50,41,60,23,37,3,0,3,30,16,14,9,8,1
55754401,524,247,277,83,29,54,206,107,99,156,72,84,7,2,5,48,21,27,24,16,8
3023250,0,0,0,0,0,0,0,0,0,0,0,0,0,0,0,0,0,0,0,0,0
55758701,297,149,148,30,8,22,92,60,32,95,45,50,4,2,2,64,29,35,12,5,7
55758704,35,16,19,8,3,5,10,7,3,10,4,6,0,0,0,5,1,4,2,1,1
55758705,43,24,19,9,5,4,23,12,11,6,3,3,0,0,0,4,3,1,1,1,0
55758706,36,18,18,6,2,4,15,9,6,10,5,5,0,0,0,3,1,2,2,1,1
55758707,70,33,37,15,6,9,29,15,14,15,7,8,4,1,3,3,2,1,4,2,2
55758708,81,40,41,11,5,6,28,20,8,23,10,13,2,1,1,15,4,11,2,0,2
55758710,241,115,126,44,6,38,107,61,46,62,34,28,2,0,2,17,8,9,9,6,3
55758711,213,115,98,31,20,11,82,54,28,55,21,34,5,0,5,37,20,17,3,0,3
55758712,1832,859,973,218,77,141,688,381,307,537,231,306,29,8,21,264,106,158,96,56,40
55758713,27,13,14,9,3,6,12,9,3,5,1,4,0,0,0,1,0,1,0,0,0
55758714,405,194,211,73,34,39,129,78,51,143,60,83,6,2,4,42,14,28,12,6,6
55758715,97,42,55,11,3,8,30,16,14,35,17,18,3,0,3,18,6,12,0,0,0
54046301,52,27,25,8,4,4,23,14,9,12,5,7,2,0,2,4,2,2,3,2,1
3301750,0,0,0,0,0,0,0,0,0,0,0,0,0,0,0,0,0,0,0,0,0
56670501,79,40,39,9,2,7,34,20,14,23,10,13,1,0,1,7,4,3,5,4,1
54215601,189,94,95,26,13,13,71,40,31,56,22,34,1,0,1,23,14,9,12,5,7
54637201,206,106,100,21,8,13,82,55,27,70,31,39,4,0,4,23,10,13,6,2,4
55350601,93,44,49,16,8,8,47,29,18,17,2,15,1,0,1,6,2,4,6,3,3
56608001,74,42,32,25,9,16,29,22,7,10,4,6,0,0,0,0,0,0,10,7,3
56609801,146,64,82,65,21,44,55,32,23,23,10,13,1,1,0,2,0,2,0,0,0
56609802,15,8,7,3,1,2,8,6,2,3,1,2,0,0,0,1,0,1,0,0,0
55764101,370,187,183,38,17,21,114,74,40,129,56,73,2,0,2,75,33,42,12,7,5
55764102,89,44,45,3,1,2,25,15,10,41,19,22,1,1,0,19,8,11,0,0,0
55765001,104,50,54,21,9,12,39,20,19,22,11,11,1,1,0,11,5,6,10,4,6
55765002,47,25,22,6,1,5,27,16,11,8,3,5,0,0,0,3,3,0,3,2,1
55765004,116,56,60,24,9,15,51,25,26,24,13,11,2,0,2,6,3,3,9,6,3
55765006,38,21,17,3,1,2,17,11,6,13,6,7,0,0,0,1,1,0,4,2,2
55765007,39,22,17,2,0,2,15,12,3,11,6,5,1,0,1,10,4,6,0,0,0
55765008,72,36,36,7,3,4,24,16,8,30,11,19,1,0,1,8,4,4,2,2,0
55765009,112,60,52,14,10,4,49,26,23,32,15,17,1,0,1,11,5,6,5,4,1
57856801,57,33,24,3,2,1,35,18,17,11,7,4,0,0,0,5,3,2,3,3,0
57856802,46,29,17,3,1,2,25,16,9,10,8,2,1,0,1,3,2,1,4,2,2
55766801,96,55,41,19,5,14,43,30,13,15,6,9,1,1,0,9,5,4,9,8,1
55766802,587,309,278,89,37,52,237,148,89,159,75,84,8,0,8,71,36,35,23,13,10
55767601,107,63,44,13,10,3,45,32,13,28,12,16,6,2,4,8,3,5,7,4,3
55767602,5344,2725,2619,965,480,485,1792,1078,714,1571,682,889,85,26,59,655,298,357,276,161,115
55767603,84,48,36,9,6,3,44,28,16,20,10,10,1,1,0,9,2,7,1,1,0
55767604,29,17,12,2,2,0,14,7,7,11,7,4,0,0,0,2,1,1,0,0,0
55767605,312,158,154,55,23,32,104,63,41,98,47,51,10,3,7,37,18,19,8,4,4
53994501,241,125,116,27,7,20,110,68,42,65,35,30,2,0,2,21,8,13,16,7,9
55768401,484,242,242,55,20,35,182,104,78,159,74,85,4,0,4,64,29,35,20,15,5
55768402,16,8,8,3,1,2,6,4,2,5,1,4,0,0,0,2,2,0,0,0,0
55768403,67,34,33,9,2,7,26,19,7,22,10,12,0,0,0,8,2,6,2,1,1
55768404,27,17,10,0,0,0,18,13,5,7,3,4,0,0,0,2,1,1,0,0,0
55768405,134,70,64,13,4,9,72,42,30,34,17,17,0,0,0,12,5,7,3,2,1
55768406,97,46,51,11,5,6,38,18,20,42,21,21,0,0,0,6,2,4,0,0,0
54025101,32,19,13,2,1,1,17,11,6,10,6,4,0,0,0,2,1,1,1,0,1
54025102,93,45,48,12,4,8,38,18,20,24,11,13,2,1,1,9,5,4,8,6,2
55365401,68,45,23,12,7,5,22,12,10,7,3,4,0,0,0,4,3,1,23,20,3
55365402,4026,1989,2037,612,243,369,1530,863,667,1206,537,669,57,18,39,359,161,198,262,167,95
55365404,109,54,55,8,3,5,35,20,15,47,23,24,3,0,3,9,4,5,7,4,3
54066801,179,92,87,47,16,31,71,50,21,42,19,23,2,0,2,10,4,6,7,3,4
54066802,40,19,21,6,2,4,18,10,8,12,5,7,1,1,0,3,1,2,0,0,0
55366201,205,100,105,27,10,17,69,36,33,62,30,32,3,1,2,28,14,14,16,9,7
53982101,402,216,186,64,29,35,147,94,53,127,58,69,10,6,4,38,16,22,16,13,3
55772201,214,105,109,25,11,14,86,47,39,63,29,34,1,0,1,26,11,15,13,7,6
55772202,24,11,13,3,0,3,13,8,5,4,2,2,0,0,0,3,1,2,1,0,1
55772203,99,54,45,10,4,6,49,31,18,23,13,10,0,0,0,13,5,8,4,1,3
55773101,418,215,203,62,23,39,173,104,69,114,50,64,5,1,4,38,18,20,26,19,7
55773102,50,27,23,8,4,4,19,11,8,16,10,6,0,0,0,6,2,4,1,0,1
55774901,72,41,31,17,7,10,37,23,14,11,7,4,1,0,1,1,0,1,5,4,1
55774902,92,49,43,12,7,5,40,22,18,22,10,12,2,1,1,6,4,2,10,5,5
55774903,23,11,12,2,0,2,11,7,4,6,4,2,0,0,0,4,0,4,0,0,0
55777301,191,89,102,37,10,27,75,45,30,43,18,25,2,0,2,22,11,11,12,5,7
55778101,112,61,51,13,6,7,38,25,13,34,17,17,4,2,2,19,9,10,4,2,2
55778102,1651,817,834,255,81,174,638,370,268,465,217,248,20,7,13,161,68,93,112,74,38
55778103,150,93,57,24,11,13,44,28,16,35,22,13,6,5,1,28,17,11,13,10,3
54030701,74,34,40,15,4,11,34,21,13,14,5,9,1,0,1,3,1,2,7,3,4
55780301,358,193,165,46,20,26,152,95,57,83,34,49,5,1,4,41,21,20,31,22,9
55780302,28,14,14,8,3,5,10,6,4,7,4,3,0,0,0,1,0,1,2,1,1
55780304,55,25,30,13,2,11,18,8,10,14,9,5,0,0,0,8,5,3,2,1,1
55780305,52,23,29,8,0,8,25,15,10,16,8,8,0,0,0,2,0,2,1,0,1
55783801,1845,920,925,325,126,199,715,420,295,511,230,281,24,6,18,115,48,67,155,90,65
55783802,54,32,22,10,4,6,28,18,10,11,8,3,1,0,1,2,0,2,2,2,0
55783803,29,17,12,8,3,5,11,6,5,1,1,0,5,4,1,4,3,1,0,0,0
55783804,44,22,22,6,4,2,17,10,7,12,4,8,0,0,0,5,3,2,4,1,3
55783805,363,181,182,71,24,47,132,71,61,98,53,45,7,2,5,29,15,14,26,16,10
55783806,41,20,21,8,3,5,17,8,9,10,6,4,2,0,2,1,1,0,3,2,1
55783807,74,37,37,20,8,12,34,21,13,14,5,9,0,0,0,5,3,2,1,0,1
57854101,165,88,77,28,12,16,76,46,30,43,21,22,4,2,2,10,4,6,4,3,1
57854102,20,10,10,2,1,1,9,6,3,6,2,4,2,1,1,1,0,1,0,0,0
55786201,56,29,27,2,0,2,28,19,9,16,7,9,1,0,1,8,2,6,1,1,0
55786202,738,377,361,100,43,57,305,165,140,209,102,107,8,5,3,75,35,40,41,27,14
55786203,49,23,26,7,0,7,18,15,3,14,5,9,0,0,0,9,3,6,1,0,1
55786204,68,34,34,13,4,9,29,16,13,19,12,7,1,0,1,4,1,3,2,1,1
55786205,49,22,27,8,3,5,22,11,11,8,5,3,1,0,1,3,1,2,7,2,5
55786206,73,46,27,14,7,7,26,19,7,20,11,9,1,0,1,4,1,3,8,8,0
55786208,28,14,14,4,2,2,11,6,5,12,6,6,0,0,0,1,0,1,0,0,0
55787102,107,56,51,16,6,10,40,22,18,37,21,16,2,0,2,5,3,2,7,4,3
55787103,80,39,41,11,4,7,29,16,13,27,14,13,0,0,0,12,4,8,1,1,0
55787104,22,10,12,2,1,1,11,5,6,7,3,4,1,1,0,1,0,1,0,0,0
55787105,40,21,19,8,1,7,17,11,6,10,8,2,1,0,1,4,1,3,0,0,0
55789701,192,107,85,37,20,17,70,46,24,44,20,24,10,5,5,19,8,11,12,8,4
54063301,140,68,72,27,11,16,57,33,24,25,11,14,1,0,1,4,1,3,26,12,14
54063302,38,19,19,10,3,7,16,11,5,6,1,5,1,0,1,3,2,1,2,2,0
54063303,52,27,25,7,1,6,29,20,9,13,5,8,0,0,0,2,1,1,1,0,1
54020001,82,45,37,14,4,10,33,22,11,22,10,12,1,0,1,6,4,2,6,5,1
55794301,84,40,44,11,3,8,28,15,13,33,13,20,2,2,0,5,3,2,5,4,1
55384101,340,179,161,53,25,28,131,77,54,105,55,50,5,0,5,28,12,16,18,10,8
0805862,0,0,0,0,0,0,0,0,0,0,0,0,0,0,0,0,0,0,0,0,0
55795101,33,15,18,6,2,4,9,6,3,13,6,7,1,0,1,2,0,2,2,1,1
55795102,88,48,40,17,8,9,29,17,12,23,11,12,0,0,0,17,10,7,2,2,0
55795103,73,36,37,13,5,8,32,20,12,15,5,10,4,2,2,8,3,5,1,1,0
55795104,240,100,140,41,11,30,63,29,34,49,13,36,1,0,1,7,3,4,79,44,35
55795105,219,116,103,17,5,12,84,54,30,70,31,39,1,0,1,40,22,18,7,4,3
55795106,42,23,19,4,1,3,10,8,2,18,9,9,0,0,0,10,5,5,0,0,0
54006401,106,55,51,28,12,16,49,31,18,23,9,14,0,0,0,6,3,3,0,0,0
54061701,136,67,69,31,10,21,60,37,23,34,13,21,1,0,1,5,3,2,5,4,1
55801001,80,42,38,6,0,6,48,29,19,19,8,11,0,0,0,6,5,1,1,0,1
55802801,92,44,48,15,6,9,30,16,14,28,15,13,1,1,0,13,5,8,5,1,4
55802802,385,193,192,48,22,26,132,71,61,114,50,64,10,4,6,56,32,24,25,14,11
55802803,19,11,8,2,0,2,9,6,3,7,5,2,0,0,0,1,0,1,0,0,0
55802804,56,29,27,9,3,6,22,13,9,14,8,6,0,0,0,7,1,6,4,4,0
53971601,185,90,95,24,7,17,73,46,27,53,23,30,3,1,2,23,9,14,9,4,5
55804401,63,31,32,6,3,3,30,13,17,20,12,8,0,0,0,4,1,3,3,2,1
55804402,26,13,13,5,2,3,10,7,3,7,3,4,1,0,1,3,1,2,0,0,0
55804403,37,22,15,20,14,6,9,6,3,7,2,5,0,0,0,1,0,1,0,0,0
55804404,818,406,412,104,41,63,340,200,140,239,98,141,11,5,6,62,27,35,62,35,27
55805201,44,22,22,5,2,3,19,11,8,9,4,5,1,0,1,7,4,3,3,1,2
55805202,55,29,26,7,5,2,27,16,11,16,7,9,0,0,0,3,0,3,2,1,1
55805203,90,48,42,15,6,9,32,18,14,28,14,14,1,0,1,8,6,2,6,4,2
55805204,48,27,21,7,3,4,22,15,7,16,8,8,1,0,1,2,1,1,0,0,0
55805205,57,28,29,11,3,8,25,13,12,17,10,7,0,0,0,1,0,1,3,2,1
53014002,168,82,86,29,10,19,78,45,33,43,19,24,1,0,1,12,4,8,5,4,1
3301830,0,0,0,0,0,0,0,0,0,0,0,0,0,0,0,0,0,0,0,0,0
54639901,91,47,44,10,1,9,45,27,18,23,13,10,3,0,3,9,5,4,1,1,0
55806101,102,51,51,13,4,9,49,29,20,21,10,11,1,0,1,10,4,6,8,4,4
55806102,60,33,27,11,5,6,25,18,7,10,4,6,3,1,2,8,4,4,3,1,2
55806103,157,83,74,31,18,13,64,40,24,29,11,18,0,0,0,12,2,10,21,12,9
55806104,167,81,86,29,2,27,69,45,24,53,25,28,1,0,1,9,3,6,6,6,0
55806105,99,51,48,13,3,10,51,30,21,26,13,13,0,0,0,4,2,2,5,3,2
55807901,53,27,26,9,1,8,20,12,8,13,9,4,0,0,0,4,1,3,7,4,3
54034001,266,136,130,35,12,23,92,55,37,78,39,39,5,1,4,41,19,22,15,10,5
54034002,26,14,12,2,1,1,14,7,7,8,5,3,0,0,0,0,0,0,2,1,1
55809501,145,79,66,23,8,15,75,47,28,31,18,13,4,0,4,5,1,4,7,5,2
55810901,661,336,325,83,35,48,259,160,99,217,92,125,8,2,6,72,38,34,22,9,13
55810902,2302,1130,1172,324,133,191,915,534,381,684,295,389,37,7,30,236,98,138,106,63,43
55811701,160,82,78,22,14,8,62,38,24,61,26,35,2,0,2,10,2,8,3,2,1
55402201,125,67,58,17,5,12,50,33,17,43,21,22,1,0,1,6,2,4,8,6,2
55812501,79,42,37,4,1,3,40,29,11,23,7,16,1,1,0,9,3,6,2,1,1
55812502,206,107,99,42,14,28,75,47,28,52,25,27,2,1,1,13,6,7,22,14,8
55812503,62,28,34,10,3,7,23,11,12,19,9,10,1,0,1,4,1,3,5,4,1
55812504,51,26,25,10,2,8,25,12,13,10,9,1,1,0,1,4,2,2,1,1,0
55812505,62,28,34,11,3,8,19,12,7,18,7,11,0,0,0,7,2,5,7,4,3
55812506,90,45,45,20,8,12,25,16,9,32,15,17,0,0,0,10,4,6,3,2,1
55812507,64,33,31,13,3,10,21,13,8,21,12,9,2,1,1,6,4,2,1,0,1
54229601,166,84,82,14,7,7,60,37,23,54,24,30,3,1,2,26,12,14,9,3,6
54010201,89,48,41,22,8,14,37,22,15,19,10,9,0,0,0,8,5,3,3,3,0
54026901,246,118,128,38,10,28,91,52,39,75,31,44,3,2,1,33,18,15,6,5,1
55817601,34,18,16,0,0,0,21,9,12,11,7,4,0,0,0,1,1,0,1,1,0
55817602,23,11,12,4,1,3,8,5,3,9,5,4,0,0,0,2,0,2,0,0,0
55817603,60,32,28,5,2,3,20,13,7,23,11,12,3,1,2,8,4,4,1,1,0
55817604,182,100,82,27,13,14,73,37,36,51,30,21,2,2,0,20,12,8,9,6,3
53978301,274,136,138,48,15,33,117,72,45,75,30,45,3,1,2,21,12,9,10,6,4
55818401,113,60,53,26,9,17,49,30,19,23,13,10,5,2,3,3,0,3,7,6,1
55818404,182,90,92,25,9,16,63,38,25,60,31,29,5,0,5,10,3,7,19,9,10
54029301,133,68,65,9,3,6,61,35,26,36,18,18,4,1,3,13,3,10,10,8,2
55356501,32,18,14,4,0,4,17,14,3,6,1,5,0,0,0,5,3,2,0,0,0
55823101,36,20,16,4,3,1,20,13,7,9,3,6,0,0,0,3,1,2,0,0,0
55823102,141,69,72,14,4,10,49,32,17,41,16,25,2,1,1,32,14,18,3,2,1
54041201,61,32,29,3,0,3,23,14,9,19,7,12,2,2,0,14,9,5,0,0,0
54041202,155,74,81,18,6,12,41,27,14,66,26,40,2,0,2,26,14,12,2,1,1
53013101,20,11,9,1,0,1,10,7,3,5,2,3,0,0,0,1,0,1,3,2,1
53013102,172,80,92,36,12,24,69,36,33,41,21,20,2,0,2,17,8,9,7,3,4
3089010,0,0,0,0,0,0,0,0,0,0,0,0,0,0,0,0,0,0,0,0,0
3089270,0,0,0,0,0,0,0,0,0,0,0,0,0,0,0,0,0,0,0,0,0
55824901,342,183,159,46,18,28,131,81,50,121,65,56,5,2,3,27,11,16,12,6,6
55824902,205,100,105,19,7,12,91,58,33,57,24,33,5,1,4,25,6,19,8,4,4
55824903,112,55,57,11,6,5,26,14,12,35,14,21,1,0,1,32,17,15,7,4,3
55824905,501,253,248,62,29,33,142,82,60,197,95,102,14,6,8,74,33,41,12,8,4
55824906,543,259,284,74,31,43,169,95,74,176,73,103,5,1,4,83,44,39,36,15,21
55824907,704,358,346,82,37,45,218,128,90,215,100,115,11,3,8,92,35,57,86,55,31
55824908,36,20,16,8,1,7,16,12,4,4,2,2,0,0,0,1,1,0,7,4,3
55824909,1474,696,778,194,70,124,471,285,186,502,209,293,16,4,12,247,107,140,44,21,23
55824910,52,20,32,5,0,5,16,10,6,20,7,13,2,0,2,6,2,4,3,1,2
55824911,1144,498,646,178,63,115,447,206,241,331,134,197,21,8,13,111,59,52,56,28,28
55824912,67,32,35,6,3,3,23,13,10,25,6,19,1,1,0,7,4,3,5,5,0
55824913,437,217,220,65,30,35,155,86,69,140,70,70,8,1,7,56,26,30,13,4,9
55825701,104,57,47,16,9,7,40,24,16,27,14,13,4,1,3,10,4,6,7,5,2
55825702,785,396,389,83,40,43,244,160,84,278,118,160,11,1,10,133,60,73,36,17,19
55825703,74,39,35,9,2,7,30,18,12,21,9,12,0,0,0,12,8,4,2,2,0
55826501,127,59,68,21,9,12,56,30,26,36,15,21,2,2,0,8,2,6,4,1,3
55826502,36,19,17,2,1,1,20,12,8,9,5,4,0,0,0,3,0,3,2,1,1
54042101,80,39,41,15,3,12,25,15,10,26,12,14,0,0,0,12,7,5,2,2,0
55829001,235,122,113,26,13,13,102,60,42,70,33,37,4,2,2,25,10,15,8,4,4
55830301,140,73,67,17,8,9,60,38,22,42,19,23,1,1,0,10,2,8,10,5,5
55830302,22,11,11,3,1,2,9,7,2,5,1,4,0,0,0,5,2,3,0,0,0
55830303,243,125,118,24,8,16,104,69,35,67,26,41,3,0,3,24,8,16,21,14,7
55830304,76,39,37,4,2,2,31,17,14,27,13,14,2,1,1,12,6,6,0,0,0
55830305,18,9,9,2,0,2,5,3,2,8,6,2,1,0,1,2,0,2,0,0,0
55830306,89,48,41,11,4,7,34,23,11,26,12,14,1,1,0,11,4,7,6,4,2
55830307,145,71,74,22,6,16,59,37,22,43,21,22,3,1,2,17,5,12,1,1,0
55831101,236,113,123,31,14,17,98,55,43,66,31,35,6,1,5,28,10,18,7,2,5
54069201,101,55,46,19,7,12,49,28,21,19,13,6,1,1,0,4,1,3,9,5,4
53993701,177,96,81,21,8,13,78,50,28,49,21,28,1,0,1,12,6,6,16,11,5
55834601,185,84,101,27,8,19,87,48,39,54,22,32,3,1,2,9,3,6,5,2,3
55834602,319,158,161,41,13,28,113,70,43,110,48,62,4,0,4,34,15,19,17,12,5
3301670,0,0,0,0,0,0,0,0,0,0,0,0,0,0,0,0,0,0,0,0,0
55836201,173,87,86,25,9,16,76,46,30,52,24,28,3,1,2,11,5,6,6,2,4
55836203,167,90,77,19,10,9,83,50,33,44,19,25,2,0,2,10,5,5,9,6,3
55836204,127,60,67,15,9,6,52,30,22,38,16,22,0,0,0,18,4,14,4,1,3
55836206,1375,692,683,206,76,130,505,298,207,401,188,213,18,9,9,138,59,79,107,62,45
55836207,34,12,22,6,2,4,12,4,8,12,5,7,0,0,0,2,0,2,2,1,1
55836208,61,29,32,13,6,7,19,10,9,17,8,9,1,0,1,9,5,4,2,0,2
55836209,166,74,92,22,4,18,67,39,28,51,21,30,3,1,2,20,7,13,3,2,1
55836210,108,60,48,14,4,10,37,28,9,38,16,22,0,0,0,8,5,3,11,7,4
55836211,96,53,43,14,9,5,42,24,18,23,12,11,1,1,0,10,6,4,6,1,5
55836212,17,7,10,3,1,2,7,3,4,6,3,3,0,0,0,1,0,1,0,0,0
54067601,119,64,55,14,5,9,41,25,16,47,26,21,2,0,2,13,7,6,2,1,1
54067602,21,12,9,4,3,1,8,6,2,6,1,5,0,0,0,1,1,0,2,1,1
55838901,83,42,41,20,7,13,35,21,14,18,8,10,0,0,0,7,5,2,3,1,2
55838902,2942,1434,1508,569,246,323,1079,605,474,779,330,449,38,6,32,297,141,156,180,106,74
54005601,121,63,58,19,8,11,53,34,19,32,12,20,0,0,0,11,5,6,6,4,2
55840101,330,169,161,36,11,25,131,80,51,111,53,58,3,0,3,36,17,19,13,8,5
3357970,0,0,0,0,0,0,0,0,0,0,0,0,0,0,0,0,0,0,0,0,0
55843501,1747,861,886,189,86,103,460,263,197,572,265,307,28,8,20,425,191,234,73,48,25
56610101,76,39,37,15,7,8,31,18,13,19,8,11,3,2,1,4,1,3,4,3,1
57861401,80,38,42,10,3,7,33,21,12,25,11,14,1,0,1,6,0,6,5,3,2
57859201,108,69,39,15,8,7,63,45,18,20,9,11,3,2,1,3,1,2,4,4,0
53992901,39,21,18,5,1,4,16,11,5,14,6,8,0,0,0,2,1,1,2,2,0
54052801,126,65,61,22,9,13,49,32,17,24,10,14,1,1,0,26,11,15,4,2,2
55848601,162,87,75,17,10,7,67,37,30,37,20,17,4,2,2,26,12,14,11,6,5
55848602,441,227,214,49,25,24,147,81,66,150,71,79,4,2,2,73,36,37,18,12,6
55849401,37,17,20,9,3,6,18,10,8,8,3,5,0,0,0,0,0,0,2,1,1
55849402,238,123,115,55,28,27,101,62,39,56,20,36,2,0,2,9,6,3,15,7,8
56669101,63,29,34,6,1,5,25,16,9,19,7,12,0,0,0,11,5,6,2,0,2
54070601,57,31,26,6,3,3,20,16,4,15,6,9,2,0,2,11,5,6,3,1,2
54070602,20,13,7,4,1,3,7,6,1,7,5,2,0,0,0,2,1,1,0,0,0
55855901,288,151,137,45,23,22,139,77,62,65,29,36,0,0,0,24,11,13,15,11,4
55856701,486,259,227,70,29,41,185,113,72,142,69,73,5,4,1,64,27,37,20,17,3
56607101,85,42,43,15,5,10,37,23,14,22,9,13,3,1,2,7,3,4,1,1,0
55858301,515,254,261,69,23,46,189,120,69,169,75,94,11,1,10,58,24,34,19,11,8
55859101,91,45,46,14,4,10,39,23,16,30,13,17,0,0,0,6,4,2,2,1,1
55859102,33,19,14,2,1,1,16,11,5,11,4,7,0,0,0,3,2,1,1,1,0
55859103,140,73,67,15,5,10,63,38,25,35,15,20,0,0,0,17,9,8,10,6,4
53018202,374,190,184,44,18,26,119,67,52,114,61,53,7,2,5,56,23,33,34,19,15
55860502,123,62,61,15,4,11,45,32,13,35,12,23,3,1,2,19,10,9,6,3,3
55860503,73,38,35,8,1,7,32,20,12,20,10,10,0,0,0,12,6,6,1,1,0
55860504,59,31,28,9,3,6,31,18,13,14,9,5,0,0,0,3,1,2,2,0,2
55860505,128,60,68,20,5,15,42,25,17,41,15,26,2,1,1,15,8,7,8,6,2
55863001,92,49,43,15,8,7,42,26,16,22,9,13,2,0,2,9,6,3,2,0,2
55863002,30,15,15,4,3,1,15,8,7,4,1,3,0,0,0,6,3,3,1,0,1
55863003,40,23,17,11,4,7,18,13,5,9,4,5,0,0,0,2,2,0,0,0,0
55863004,78,37,41,13,4,9,31,17,14,23,14,9,2,1,1,9,1,8,0,0,0
55863005,519,226,293,114,36,78,220,119,101,109,37,72,4,1,3,48,18,30,24,15,9
54013701,26,14,12,4,2,2,12,8,4,8,3,5,0,0,0,1,1,0,1,0,1
54013702,21,12,9,3,0,3,11,9,2,4,1,3,0,0,0,3,2,1,0,0,0
55885101,1183,577,606,178,71,107,351,205,146,349,152,197,23,8,15,214,101,113,68,40,28
55885103,329,166,163,28,12,16,79,49,30,121,51,70,7,4,3,81,43,38,13,7,6
55896601,1571,777,794,163,67,96,515,304,211,531,237,294,24,11,13,267,119,148,71,39,32
55784601,51,25,26,8,6,2,17,7,10,18,10,8,0,0,0,7,2,5,1,0,1
55784602,499,251,248,58,29,29,165,96,69,176,81,95,9,2,7,75,33,42,16,10,6
55784603,66,32,34,9,4,5,21,12,9,23,11,12,0,0,0,11,4,7,2,1,1
3004110,0,0,0,0,0,0,0,0,0,0,0,0,0,0,0,0,0,0,0,0,0
55913001,846,413,433,106,52,54,213,119,94,297,128,169,12,5,7,184,87,97,34,22,12
54056101,658,324,334,77,34,43,134,76,58,210,94,116,13,6,7,210,105,105,14,9,5
57860601,162,79,83,15,7,8,55,35,20,54,22,32,2,0,2,33,13,20,3,2,1
55800101,1163,564,599,129,39,90,368,226,142,406,180,226,26,12,14,194,84,110,40,23,17
54064101,243,113,130,20,7,13,79,47,32,86,27,59,7,1,6,43,26,17,8,5,3
55359001,201,97,104,26,6,20,82,52,30,64,27,37,7,0,7,17,8,9,5,4,1
55814101,713,347,366,80,26,54,223,131,92,258,121,137,16,4,12,116,53,63,20,12,8
55814102,232,118,114,26,9,17,88,50,38,84,43,41,5,1,4,26,12,14,3,3,0
55814103,235,117,118,30,11,19,89,55,34,82,39,43,2,0,2,30,12,18,2,0,2
3022360,0,0,0,0,0,0,0,0,0,0,0,0,0,0,0,0,0,0,0,0,0
54597001,4848,2288,2560,531,217,314,1468,744,724,1633,738,895,90,35,55,891,430,461,235,124,111
54597002,7898,3654,4244,829,307,522,2223,1146,1077,2743,1202,1541,171,68,103,1626,769,857,306,162,144
54597003,8791,4206,4585,824,354,470,2560,1351,1209,3054,1384,1670,154,48,106,1828,874,954,371,195,176
54597004,1181,574,607,85,37,48,214,120,94,434,194,240,25,11,14,405,204,201,18,8,10
54597005,207,104,103,17,9,8,51,25,26,65,30,35,2,1,1,58,29,29,14,10,4
54597007,1428,692,736,106,46,60,283,155,128,554,267,287,39,15,24,392,183,209,54,26,28
54597008,930,445,485,101,46,55,198,114,84,338,138,200,10,4,6,256,128,128,27,15,12
54597009,51,30,21,3,2,1,19,9,10,13,9,4,1,0,1,13,8,5,2,2,0
54597010,1571,762,809,192,94,98,347,186,161,527,257,270,31,10,21,387,164,223,87,51,36
54597011,412,207,205,51,31,20,31,16,15,150,70,80,4,2,2,170,86,84,6,2,4
54597012,27,15,12,3,2,1,8,6,2,5,4,1,2,0,2,7,2,5,2,1,1
54597013,3554,1599,1955,396,140,256,1136,577,559,1160,482,678,68,34,34,607,274,333,187,92,95
54597014,982,482,500,77,35,42,198,100,98,407,196,211,15,5,10,248,122,126,37,24,13
54597015,289,142,147,29,15,14,36,19,17,111,50,61,8,3,5,98,51,47,7,4,3
54597016,190,95,95,21,9,12,47,24,23,71,32,39,1,0,1,44,27,17,6,3,3
54597017,33,15,18,4,1,3,6,4,2,8,3,5,2,0,2,12,7,5,1,0,1
54597018,259,130,129,32,13,19,50,29,21,89,44,45,7,4,3,64,31,33,17,9,8
54597019,1304,822,482,99,66,33,218,152,66,247,110,137,9,5,4,238,108,130,493,381,112
54597020,382,190,192,32,17,15,51,27,24,121,64,57,6,2,4,157,75,82,15,5,10
54597021,6218,3051,3167,714,340,374,1561,878,683,2159,986,1173,162,56,106,1331,624,707,291,167,124
54597022,642,255,387,124,36,88,193,95,98,196,61,135,5,2,3,97,47,50,27,14,13
55797801,1322,665,657,140,63,77,293,176,117,482,228,254,31,10,21,350,171,179,26,17,9
1223193,0,0,0,0,0,0,0,0,0,0,0,0,0,0,0,0,0,0,0,0,0
54598801,898,418,480,67,22,45,182,92,90,359,156,203,19,14,5,232,118,114,39,16,23
54598803,273,125,148,33,11,22,79,40,39,76,34,42,4,3,1,77,35,42,4,2,2
54598804,551,273,278,65,31,34,176,104,72,178,75,103,13,5,8,103,53,50,16,5,11
54598805,208,102,106,20,6,14,44,26,18,66,36,30,2,0,2,72,33,39,4,1,3
54598806,915,448,467,86,36,50,202,118,84,369,163,206,13,4,9,213,111,102,32,16,16
54598807,944,476,468,108,44,64,229,137,92,330,163,167,16,4,12,239,116,123,22,12,10
54598808,32,21,11,3,1,2,5,3,2,7,5,2,2,2,0,12,8,4,3,2,1
54598809,540,254,286,39,15,24,85,39,46,191,87,104,9,3,6,210,107,103,6,3,3
54598810,20,10,10,3,1,2,2,2,0,10,5,5,1,0,1,4,2,2,0,0,0
54598811,208,99,109,25,9,16,34,16,18,81,41,40,1,1,0,57,27,30,10,5,5
54598812,846,399,447,89,32,57,200,105,95,303,134,169,22,7,15,183,92,91,49,29,20
54598813,156,74,82,19,10,9,19,9,10,62,28,34,2,1,1,49,23,26,5,3,2
54598814,310,159,151,31,16,15,71,45,26,119,57,62,10,2,8,71,33,38,8,6,2
54598815,189,86,103,22,8,14,41,22,19,65,26,39,10,3,7,44,24,20,7,3,4
54598816,1876,1004,872,194,98,96,449,240,209,535,254,281,38,13,25,256,113,143,404,286,118
54598817,151,75,76,24,11,13,36,22,14,46,21,25,6,1,5,22,10,12,17,10,7
54598818,493,238,255,55,27,28,119,73,46,188,79,109,7,2,5,105,46,59,19,11,8
54598819,1991,944,1047,184,71,113,434,216,218,726,341,385,59,26,33,467,221,246,121,69,52
54598820,1228,593,635,111,46,65,265,143,122,445,203,242,18,7,11,335,166,169,54,28,26
54598821,398,206,192,21,9,12,58,35,23,141,66,75,21,7,14,126,65,61,31,24,7
54598822,679,322,357,57,24,33,116,58,58,244,111,133,14,6,8,224,107,117,24,16,8
54598823,2001,977,1024,211,86,125,447,254,193,648,308,340,40,13,27,482,210,272,173,106,67
54598824,6389,3183,3206,850,400,450,1650,890,760,1926,913,1013,169,73,96,1219,575,644,575,332,243
54598826,359,165,194,38,14,24,100,49,51,112,46,66,5,2,3,81,41,40,23,13,10
54598827,113,25,88,19,2,17,35,8,27,46,12,34,0,0,0,12,3,9,1,0,1
54598828,105,59,46,26,9,17,23,15,8,26,14,12,2,2,0,15,10,5,13,9,4
54598829,4038,1878,2160,381,147,234,1074,541,533,1324,552,772,119,45,74,860,429,431,280,164,116
54598830,2698,1228,1470,295,121,174,772,387,385,880,364,516,53,16,37,522,232,290,176,108,68
54598831,129,66,63,16,7,9,24,17,7,40,18,22,5,1,4,29,14,15,15,9,6
54598832,177,94,83,14,8,6,41,24,17,71,32,39,3,2,1,45,26,19,3,2,1
54598833,799,368,431,94,39,55,187,107,80,274,110,164,11,6,5,210,99,111,23,7,16
54598834,1075,522,553,74,37,37,199,117,82,386,163,223,22,9,13,365,180,185,29,16,13
1225301,0,0,0,0,0,0,0,0,0,0,0,0,0,0,0,0,0,0,0,0,0
3293550,0,0,0,0,0,0,0,0,0,0,0,0,0,0,0,0,0,0,0,0,0
54600301,204,108,96,24,14,10,47,28,19,66,38,28,2,1,1,60,23,37,5,4,1
54600302,339,168,171,38,16,22,99,57,42,107,53,54,6,1,5,79,38,41,10,3,7
54600303,589,283,306,68,33,35,121,72,49,205,90,115,11,1,10,171,81,90,13,6,7
54600304,652,323,329,76,29,47,167,95,72,246,115,131,9,3,6,138,72,66,16,9,7
54600305,498,250,248,17,8,9,41,24,17,150,79,71,22,5,17,257,127,130,11,7,4
54600306,857,378,479,125,45,80,261,134,127,262,106,156,12,5,7,133,63,70,64,25,39
54600307,737,352,385,104,46,58,181,102,79,245,110,135,5,1,4,147,66,81,55,27,28
54600308,2409,1113,1296,234,82,152,671,330,341,852,349,503,42,18,24,459,241,218,151,93,58
54600309,153,73,80,11,4,7,39,26,13,58,26,32,3,1,2,38,15,23,4,1,3
54600310,60,37,23,7,5,2,4,3,1,13,8,5,2,2,0,21,12,9,13,7,6
54600311,2243,1711,532,702,620,82,752,629,123,440,271,169,21,9,12,240,123,117,88,59,29
54600312,3421,1729,1692,509,235,274,776,414,362,1062,542,520,71,24,47,609,296,313,394,218,176
54600313,1119,582,537,151,58,93,280,162,118,318,162,156,47,29,18,217,112,105,106,59,47
54600314,2007,984,1023,208,82,126,348,197,151,671,312,359,55,22,33,621,309,312,104,62,42
54600315,3664,1775,1889,388,173,215,789,405,384,1204,547,657,85,34,51,918,462,456,280,154,126
54600316,1996,923,1073,186,64,122,538,268,270,737,302,435,40,16,24,363,193,170,132,80,52
54600317,1640,844,796,278,132,146,328,189,139,515,269,246,38,16,22,313,140,173,168,98,70
54600318,208,107,101,12,5,7,20,9,11,77,36,41,4,1,3,93,54,39,2,2,0
54600319,2362,1432,930,281,152,129,419,278,141,587,310,277,59,33,26,305,156,149,711,503,208
54600320,128,70,58,1,0,1,10,7,3,12,4,8,7,1,6,26,14,12,72,44,28
54600321,1699,845,854,251,104,147,411,219,192,491,247,244,47,15,32,315,146,169,184,114,70
54600322,807,493,314,62,29,33,119,81,38,280,154,126,22,17,5,231,156,75,93,56,37
54600323,1807,883,924,282,124,158,458,266,192,538,239,299,43,18,25,347,161,186,139,75,64
54600324,3563,1737,1826,360,153,207,813,418,395,1158,538,620,71,36,35,823,385,438,338,207,131
54600325,2498,1133,1365,290,110,180,765,369,396,838,357,481,45,15,30,375,179,196,185,103,82
54600326,434,221,213,55,26,29,105,65,40,156,72,84,9,3,6,89,44,45,20,11,9
54600327,144,63,81,13,5,8,42,20,22,50,22,28,4,2,2,27,13,14,8,1,7
54600328,57,40,17,5,2,3,21,16,5,11,9,2,1,1,0,10,7,3,9,5,4
54600329,57,27,30,10,5,5,17,10,7,15,8,7,1,0,1,9,3,6,5,1,4
54600330,72,49,23,11,5,6,19,12,7,32,24,8,0,0,0,2,2,0,8,6,2
54600331,174,109,65,54,30,24,26,19,7,17,12,5,6,5,1,7,5,2,64,38,26
54600332,7219,3371,3848,775,321,454,2270,1160,1110,2529,1089,1440,138,51,87,1115,537,578,392,213,179
54600333,28,14,14,1,0,1,9,4,5,12,7,5,1,0,1,4,3,1,1,0,1
54600334,485,248,237,84,44,40,126,71,55,131,64,67,4,0,4,83,41,42,57,28,29
54600335,346,227,119,28,20,8,74,51,23,89,52,37,31,20,11,60,38,22,64,46,18
54600336,147,72,75,25,9,16,51,29,22,42,22,20,0,0,0,24,12,12,5,0,5
54600337,297,157,140,37,18,19,95,56,39,79,37,42,7,1,6,47,23,24,32,22,10
54600338,330,168,162,22,12,10,53,24,29,95,36,59,6,2,4,113,68,45,41,26,15
54600339,1425,707,718,170,71,99,334,174,160,455,237,218,37,11,26,293,136,157,136,78,58
54600340,182,92,90,13,5,8,36,22,14,74,38,36,4,2,2,50,21,29,5,4,1
54600341,725,368,357,72,34,38,195,108,87,255,119,136,12,4,8,164,82,82,27,21,6
1226290,0,0,0,0,0,0,0,0,0,0,0,0,0,0,0,0,0,0,0,0,0
3318210,0,0,0,0,0,0,0,0,0,0,0,0,0,0,0,0,0,0,0,0,0
54620801,1037,527,510,119,66,53,203,111,92,376,180,196,8,4,4,305,154,151,26,12,14
54620802,1349,616,733,160,61,99,337,169,168,508,217,291,27,12,15,247,119,128,70,38,32
54620803,241,121,120,35,20,15,48,25,23,88,46,42,4,0,4,61,28,33,5,2,3
54620804,2665,1207,1458,280,107,173,704,350,354,949,405,544,69,34,35,539,243,296,124,68,56
54620805,22,6,16,2,1,1,5,0,5,4,0,4,1,0,1,10,5,5,0,0,0
54620807,58,31,27,4,1,3,10,6,4,16,8,8,0,0,0,27,15,12,1,1,0
54620808,1101,536,565,105,46,59,356,179,177,405,195,210,15,5,10,171,78,93,49,33,16
54620809,112,53,59,4,1,3,10,5,5,44,20,24,0,0,0,49,24,25,5,3,2
54620810,121,55,66,7,3,4,18,10,8,47,21,26,6,2,4,42,18,24,1,1,0
54620811,1311,589,722,169,59,110,343,168,175,519,236,283,27,7,20,201,88,113,52,31,21
54620812,3009,1511,1498,281,127,154,778,426,352,1014,483,531,50,10,40,618,294,324,268,171,97
54620813,32,18,14,2,0,2,7,5,2,14,8,6,1,1,0,2,0,2,6,4,2
54620814,439,221,218,53,28,25,127,74,53,142,65,77,4,1,3,93,42,51,20,11,9
54620815,1043,453,590,131,49,82,279,142,137,361,139,222,25,9,16,197,91,106,50,23,27
54620816,47,24,23,9,5,4,11,5,6,16,9,7,1,0,1,10,5,5,0,0,0
54620817,1947,880,1067,239,90,149,526,282,244,668,270,398,42,14,28,378,172,206,94,52,42
54620818,2026,933,1093,262,98,164,542,306,236,711,277,434,34,13,21,380,184,196,97,55,42
54620820,1572,735,837,227,96,131,465,239,226,500,215,285,28,6,22,255,126,129,97,53,44
54620821,1063,524,539,120,56,64,240,138,102,354,156,198,15,7,8,308,154,154,26,13,13
54620822,195,93,102,25,8,17,9,4,5,65,34,31,6,2,4,88,43,45,2,2,0
54620823,866,426,440,96,44,52,168,104,64,313,121,192,15,4,11,250,139,111,24,14,10
54620824,50,25,25,3,1,2,10,5,5,24,11,13,1,0,1,11,7,4,1,1,0
54620825,87,43,44,22,6,16,17,9,8,7,4,3,0,0,0,0,0,0,41,24,17
55473101,1826,888,938,196,81,115,544,308,236,629,294,335,41,18,23,324,135,189,92,52,40
55473102,139,77,62,15,9,6,40,23,17,42,22,20,3,0,3,26,13,13,13,10,3
55475801,1595,794,801,186,91,95,413,234,179,541,245,296,16,4,12,387,183,204,52,37,15
55475802,250,134,116,24,11,13,90,55,35,75,37,38,2,1,1,49,24,25,10,6,4
55476601,876,427,449,101,34,67,303,180,123,258,112,146,6,1,5,166,77,89,42,23,19
55476602,33,18,15,4,2,2,4,4,0,16,7,9,0,0,0,9,5,4,0,0,0
55477401,1510,737,773,129,57,72,270,159,111,552,259,293,28,7,21,484,227,257,47,28,19
55919901,110,53,57,12,7,5,17,7,10,39,19,20,3,2,1,37,17,20,2,1,1
55919902,656,336,320,108,47,61,190,108,82,176,85,91,10,5,5,134,62,72,38,29,9
55837101,227,108,119,26,13,13,79,40,39,78,37,41,0,0,0,38,16,22,6,2,4
55837102,535,278,257,58,28,30,179,111,68,171,77,94,9,4,5,96,43,53,22,15,7
55837103,419,203,216,57,20,37,123,69,54,138,67,71,6,2,4,75,33,42,20,12,8
55837104,175,82,93,23,8,15,49,31,18,71,29,42,1,0,1,26,11,15,5,3,2
55837105,2972,1434,1538,297,117,180,773,453,320,1018,447,571,46,11,35,718,337,381,120,69,51
55842701,86,48,38,13,7,6,39,25,14,23,11,12,3,2,1,5,2,3,3,1,2
55842702,409,193,216,45,14,31,113,68,45,143,61,82,7,2,5,91,42,49,10,6,4
55842703,86,43,43,6,2,4,18,10,8,34,18,16,3,0,3,22,11,11,3,2,1
55842704,1797,895,902,167,83,84,577,341,236,624,271,353,27,11,16,336,155,181,66,34,32
53974101,248,121,127,39,12,27,81,56,25,71,30,41,6,1,5,44,18,26,7,4,3
53974102,68,34,34,7,3,4,26,16,10,19,7,12,2,0,2,10,5,5,4,3,1
53974103,177,87,90,9,3,6,55,34,21,67,30,37,3,2,1,34,15,19,9,3,6
55846001,855,448,407,76,43,33,278,168,110,295,140,155,15,3,12,169,80,89,22,14,8
56675601,595,318,277,78,45,33,181,114,67,217,99,118,5,1,4,91,43,48,23,16,7
56675602,25,14,11,4,1,3,9,6,3,6,4,2,0,0,0,3,2,1,3,1,2
55865601,333,169,164,75,28,47,163,92,71,53,21,32,0,0,0,14,7,7,28,21,7
55865602,27,20,7,5,4,1,13,10,3,6,4,2,0,0,0,2,1,1,1,1,0
55865604,49,25,24,18,5,13,23,13,10,3,3,0,0,0,0,2,1,1,3,3,0
55865605,56,26,30,11,4,7,20,9,11,17,9,8,1,0,1,3,1,2,4,3,1
55865606,28,14,14,5,3,2,18,8,10,5,3,2,0,0,0,0,0,0,0,0,0
55865607,20,12,8,5,1,4,9,6,3,2,2,0,0,0,0,0,0,0,4,3,1
55865609,20,10,10,5,0,5,7,4,3,6,5,1,0,0,0,1,0,1,1,1,0
55865610,27,13,14,6,2,4,12,8,4,5,2,3,1,0,1,2,1,1,1,0,1
53023901,66,35,31,10,4,6,24,14,10,18,11,7,0,0,0,7,3,4,7,3,4
55867201,736,371,365,133,47,86,309,193,116,193,78,115,10,3,7,54,26,28,37,24,13
56676401,57,32,25,15,5,10,27,18,9,7,5,2,0,0,0,2,1,1,6,3,3
56647101,73,37,36,5,3,2,28,14,14,24,9,15,0,0,0,10,6,4,6,5,1
56647102,19,11,8,2,2,0,8,5,3,4,2,2,1,1,0,3,1,2,1,0,1
56648901,60,31,29,11,5,6,23,13,10,17,11,6,0,0,0,8,1,7,1,1,0
55869901,133,64,69,16,8,8,55,33,22,36,12,24,0,0,0,21,8,13,5,3,2
55871101,19,9,10,2,0,2,11,7,4,5,2,3,0,0,0,1,0,1,0,0,0
55871102,246,129,117,43,19,24,88,56,32,71,34,37,3,1,2,19,7,12,22,12,10
56663201,65,31,34,9,4,5,27,15,12,24,11,13,2,0,2,2,1,1,1,0,1
53032801,51,28,23,6,3,3,23,13,10,14,8,6,0,0,0,3,2,1,5,2,3
53032802,112,51,61,18,5,13,46,26,20,25,11,14,1,0,1,8,4,4,14,5,9
55874501,20,8,12,3,0,3,7,4,3,7,4,3,0,0,0,3,0,3,0,0,0
55874502,461,226,235,45,17,28,154,101,53,158,67,91,10,2,8,77,31,46,17,8,9
55877001,66,35,31,6,1,5,36,23,13,15,9,6,2,1,1,4,0,4,3,1,2
55877002,286,144,142,35,10,25,108,70,38,85,39,46,2,2,0,40,13,27,16,10,6
55878801,214,106,108,26,11,15,92,54,38,67,31,36,2,0,2,19,8,11,8,2,6
55878802,27,14,13,4,2,2,8,6,2,7,3,4,1,0,1,7,3,4,0,0,0
55879601,386,195,191,46,16,30,155,90,65,120,58,62,6,2,4,52,25,27,7,4,3
55880001,21,15,6,7,4,3,9,7,2,3,2,1,2,2,0,0,0,0,0,0,0
55880002,33,16,17,2,0,2,19,11,8,7,2,5,0,0,0,2,1,1,3,2,1
57866501,83,42,41,6,0,6,31,24,7,34,13,21,1,0,1,6,4,2,5,1,4
57866504,35,19,16,8,3,5,12,9,3,5,3,2,0,0,0,9,3,6,1,1,0
55883401,634,300,334,77,27,50,209,117,92,216,96,120,12,4,8,91,42,49,29,14,15
55886901,88,48,40,19,10,9,28,18,10,25,13,12,3,1,2,8,4,4,5,2,3
55886902,127,55,72,24,6,18,56,31,25,32,12,20,1,0,1,2,1,1,12,5,7
55886903,71,38,33,21,9,12,19,13,6,22,12,10,2,0,2,2,0,2,5,4,1
55886904,68,39,29,11,5,6,22,12,10,8,5,3,1,0,1,2,0,2,24,17,7
55886905,234,118,116,45,21,24,96,61,35,63,23,40,3,0,3,13,7,6,14,6,8
55886906,853,413,440,220,78,142,354,202,152,176,83,93,4,1,3,39,12,27,60,37,23
56639001,69,35,34,14,3,11,35,24,11,13,5,8,0,0,0,7,3,4,0,0,0
53022101,90,50,40,13,8,5,39,22,17,27,14,13,0,0,0,3,1,2,8,5,3
56673001,45,19,26,3,1,2,19,10,9,14,5,9,1,0,1,4,1,3,4,2,2
55887701,28,15,13,0,0,0,11,6,5,14,8,6,0,0,0,3,1,2,0,0,0
55887702,221,117,104,22,14,8,88,55,33,72,33,39,3,0,3,29,11,18,7,4,3
55887703,66,38,28,2,2,0,25,17,8,20,10,10,1,1,0,14,6,8,4,2,2
55887704,65,34,31,7,4,3,17,10,7,28,15,13,0,0,0,9,3,6,4,2,2
55887705,98,52,46,10,5,5,40,25,15,32,14,18,1,0,1,11,6,5,4,2,2
55888501,2916,1400,1516,440,167,273,1066,575,491,879,393,486,39,12,27,314,149,165,178,104,74
55888502,578,277,301,86,29,57,238,128,110,156,70,86,9,5,4,49,21,28,40,24,16
55891501,401,211,190,34,14,20,149,92,57,123,52,71,8,2,6,66,34,32,21,17,4
55891502,119,58,61,15,4,11,50,31,19,38,17,21,1,0,1,12,5,7,3,1,2
55891503,347,174,173,45,18,27,141,76,65,101,50,51,2,0,2,45,24,21,13,6,7
55891504,32,17,15,4,0,4,7,5,2,10,5,5,2,1,1,9,6,3,0,0,0
55891505,65,32,33,9,4,5,23,14,9,20,11,9,0,0,0,12,3,9,1,0,1
55891506,76,40,36,7,1,6,26,17,9,21,11,10,1,0,1,14,6,8,7,5,2
55893101,48,22,26,4,1,3,16,10,6,22,9,13,0,0,0,5,1,4,1,1,0
55893102,166,88,78,24,7,17,59,36,23,61,35,26,3,0,3,17,9,8,2,1,1
55894001,874,445,429,90,36,54,287,168,119,300,141,159,6,1,5,146,72,74,45,27,18
55894002,180,89,91,22,11,11,22,13,9,63,30,33,5,2,3,66,33,33,2,0,2
55897401,185,100,85,19,6,13,85,51,34,46,24,22,1,0,1,20,9,11,14,10,4
55898201,113,60,53,17,5,12,43,27,16,37,16,21,0,0,0,13,9,4,3,3,0
55899101,130,62,68,14,6,8,68,36,32,31,11,20,1,0,1,9,4,5,7,5,2
55900801,2481,1198,1283,326,124,202,951,528,423,756,327,429,37,14,23,272,120,152,139,85,54
53818301,94,46,48,18,9,9,39,20,19,19,9,10,1,0,1,8,2,6,9,6,3
57877101,100,54,46,17,3,14,50,35,15,22,12,10,0,0,0,4,1,3,7,3,4
55902401,111,60,51,9,2,7,47,29,18,41,20,21,1,0,1,6,4,2,7,5,2
55903201,26,17,9,4,2,2,12,10,2,7,4,3,0,0,0,2,0,2,1,1,0
55903202,66,34,32,10,3,7,28,19,9,18,7,11,0,0,0,8,4,4,2,1,1
55904101,54,31,23,7,1,6,20,14,6,21,13,8,0,0,0,6,3,3,0,0,0
55904103,37,17,20,1,0,1,12,6,6,15,7,8,0,0,0,7,2,5,2,2,0
55904104,350,181,169,38,17,21,143,81,62,109,57,52,3,2,1,44,14,30,13,10,3
55904105,69,36,33,10,3,7,30,20,10,20,8,12,0,0,0,7,4,3,2,1,1
55905901,877,432,445,118,39,79,347,194,153,255,122,133,5,1,4,106,48,58,46,28,18
55906701,53,31,22,14,7,7,18,9,9,18,13,5,0,0,0,2,1,1,1,1,0
55906702,108,54,54,16,10,6,49,24,25,24,12,12,1,0,1,10,3,7,8,5,3
55906703,36,20,16,4,1,3,16,13,3,12,4,8,0,0,0,3,2,1,1,0,1
55906704,74,37,37,21,8,13,25,20,5,21,7,14,1,0,1,3,0,3,3,2,1
55906706,950,466,484,132,49,83,408,224,184,240,106,134,12,3,9,94,40,54,64,44,20
3023680,0,0,0,0,0,0,0,0,0,0,0,0,0,0,0,0,0,0,0,0,0
3363010,0,0,0,0,0,0,0,0,0,0,0,0,0,0,0,0,0,0,0,0,0
3363190,0,0,0,0,0,0,0,0,0,0,0,0,0,0,0,0,0,0,0,0,0
55907501,52,25,27,7,4,3,23,12,11,17,7,10,0,0,0,2,1,1,3,1,2
55907502,113,53,60,22,9,13,53,29,24,26,11,15,1,1,0,7,2,5,4,1,3
55907503,22,11,11,5,2,3,12,7,5,2,0,2,0,0,0,2,1,1,1,1,0
55907504,39,25,14,3,1,2,14,9,5,11,9,2,0,0,0,4,1,3,7,5,2
55907505,37,21,16,4,1,3,17,11,6,10,5,5,0,0,0,5,3,2,1,1,0
55907506,1214,590,624,136,54,82,450,257,193,413,180,233,13,4,9,142,67,75,60,28,32
55907507,1233,602,631,170,72,98,459,266,193,402,161,241,13,2,11,130,65,65,59,36,23
55907509,113,62,51,16,10,6,55,32,23,29,15,14,1,1,0,9,3,6,3,1,2
55907510,44,27,17,5,1,4,19,15,4,12,7,5,0,0,0,8,4,4,0,0,0
55908301,173,91,82,10,1,9,76,48,28,47,24,23,5,1,4,23,9,14,12,8,4
55908302,133,64,69,19,5,14,50,27,23,38,17,21,3,1,2,15,11,4,8,3,5
55909102,120,65,55,28,11,17,46,26,20,25,15,10,0,0,0,7,3,4,14,10,4
55909103,51,30,21,9,5,4,29,20,9,8,4,4,1,0,1,2,0,2,2,1,1
55909104,27,13,14,4,2,2,3,2,1,11,5,6,2,0,2,7,4,3,0,0,0
55909105,24,13,11,4,1,3,6,4,2,11,7,4,0,0,0,3,1,2,0,0,0
55910501,133,73,60,26,8,18,64,40,24,27,12,15,0,0,0,4,2,2,12,11,1
55910503,23,12,11,6,3,3,9,7,2,6,1,5,0,0,0,1,1,0,1,0,1
55910504,30,15,15,7,3,4,12,9,3,8,2,6,0,0,0,1,0,1,2,1,1
55912101,147,79,68,24,14,10,66,36,30,34,16,18,3,0,3,9,4,5,11,9,2
55914801,703,348,355,72,31,41,221,126,95,254,119,135,7,1,6,117,46,71,32,25,7
55916401,448,220,228,71,20,51,158,100,58,147,64,83,3,1,2,58,28,30,11,7,4
55916402,1814,890,924,252,86,166,646,376,270,545,245,300,21,4,17,220,105,115,130,74,56
55917201,69,33,36,15,4,11,28,19,9,20,8,12,0,0,0,4,1,3,2,1,1
55917202,56,34,22,10,7,3,22,14,8,13,7,6,0,0,0,9,4,5,2,2,0
55917203,18,8,10,4,1,3,6,3,3,7,4,3,0,0,0,0,0,0,1,0,1
55917204,25,14,11,3,1,2,14,9,5,2,2,0,0,0,0,4,1,3,2,1,1
55917205,53,27,26,7,1,6,24,15,9,19,10,9,0,0,0,2,0,2,1,1,0
55917207,275,134,141,47,16,31,114,62,52,63,33,30,2,0,2,24,12,12,25,11,14
55917209,73,36,37,15,6,9,23,12,11,9,5,4,0,0,0,3,1,2,23,12,11
55917210,30,13,17,7,1,6,14,10,4,7,2,5,0,0,0,2,0,2,0,0,0
55917211,28,14,14,5,3,2,11,6,5,11,4,7,0,0,0,1,1,0,0,0,0
56642001,158,79,79,23,11,12,66,40,26,42,15,27,2,0,2,9,3,6,16,10,6
56642002,22,11,11,3,1,2,8,5,3,8,3,5,1,0,1,1,1,0,1,1,0
56646201,94,49,45,14,4,10,49,29,20,21,8,13,1,1,0,5,3,2,4,4,0
56644601,221,120,101,21,10,11,90,56,34,75,34,41,2,1,1,21,10,11,12,9,3
0915020,0,0,0,0,0,0,0,0,0,0,0,0,0,0,0,0,0,0,0,0,0
55920201,27,17,10,2,1,1,16,12,4,7,2,5,0,0,0,2,2,0,0,0,0
55920203,32,17,15,8,1,7,18,13,5,5,2,3,0,0,0,1,1,0,0,0,0
55920205,612,303,309,81,30,51,244,136,108,178,79,99,5,3,2,74,36,38,30,19,11
55920206,54,28,26,7,2,5,23,17,6,19,7,12,0,0,0,4,1,3,1,1,0
55920209,42,24,18,7,2,5,26,18,8,5,3,2,0,0,0,4,1,3,0,0,0
55920210,46,24,22,10,3,7,30,18,12,5,2,3,0,0,0,0,0,0,1,1,0
55920212,19,9,10,2,0,2,8,5,3,5,2,3,0,0,0,4,2,2,0,0,0
55920213,85,46,39,20,9,11,33,20,13,22,9,13,0,0,0,6,4,2,4,4,0
55920214,39,17,22,5,0,5,11,5,6,16,7,9,1,1,0,4,2,2,2,2,0
55921101,45,26,19,9,5,4,11,8,3,18,8,10,0,0,0,5,4,1,2,1,1
55921102,1743,876,867,250,108,142,677,396,281,490,225,265,27,8,19,219,96,123,80,43,37
55923701,20,12,8,6,3,3,6,4,2,6,5,1,0,0,0,0,0,0,2,0,2
55923702,76,41,35,17,9,8,32,21,11,18,9,9,0,0,0,9,2,7,0,0,0
55923703,326,162,164,34,11,23,143,86,57,100,43,57,6,1,5,22,11,11,21,10,11
55923704,24,13,11,5,3,2,11,8,3,7,2,5,0,0,0,1,0,1,0,0,0
55923706,21,10,11,3,1,2,7,4,3,6,4,2,0,0,0,5,1,4,0,0,0
55924501,279,130,149,28,10,18,112,62,50,88,38,50,7,1,6,31,10,21,13,9,4
56654301,169,90,79,34,16,18,56,35,21,33,15,18,2,1,1,25,12,13,19,11,8
55925301,110,50,60,17,4,13,35,24,11,37,13,24,0,0,0,18,7,11,3,2,1
1020410,0,0,0,0,0,0,0,0,0,0,0,0,0,0,0,0,0,0,0,0,0
55926101,81,39,42,16,4,12,41,23,18,13,6,7,0,0,0,9,5,4,2,1,1
55926102,19,11,8,3,1,2,8,5,3,5,4,1,0,0,0,3,1,2,0,0,0
55926104,83,39,44,16,6,10,33,18,15,22,10,12,0,0,0,6,3,3,6,2,4
55926107,31,18,13,2,0,2,14,8,6,9,6,3,0,0,0,4,3,1,2,1,1
55926108,277,142,135,62,18,44,117,72,45,58,27,31,4,3,1,11,7,4,25,15,10
55926111,36,16,20,1,1,0,13,7,6,11,4,7,0,0,0,5,2,3,6,2,4
55927001,54,30,24,3,1,2,31,17,14,10,6,4,1,0,1,3,1,2,6,5,1
55927002,375,184,191,43,13,30,142,91,51,119,53,66,9,2,7,53,21,32,9,4,5
55928801,254,134,120,29,14,15,96,58,38,73,34,39,3,1,2,38,18,20,15,9,6
3089860,0,0,0,0,0,0,0,0,0,0,0,0,0,0,0,0,0,0,0,0,0
3312360,0,0,0,0,0,0,0,0,0,0,0,0,0,0,0,0,0,0,0,0,0
55930001,229,122,107,52,19,33,93,63,30,49,23,26,3,0,3,11,5,6,21,12,9
55930002,404,203,201,70,23,47,163,111,52,121,53,68,3,1,2,36,10,26,11,5,6
55930003,73,37,36,9,3,6,17,10,7,31,14,17,1,0,1,14,9,5,1,1,0
55930004,746,362,384,129,40,89,278,163,115,226,96,130,3,1,2,68,33,35,42,29,13
55930005,2610,1239,1371,553,193,360,1040,595,445,666,295,371,25,6,19,195,79,116,131,71,60
55930006,62,29,33,20,7,13,23,13,10,11,4,7,0,0,0,0,0,0,8,5,3
55930007,311,145,166,54,18,36,129,73,56,91,39,52,1,0,1,29,11,18,7,4,3
55930008,53,26,27,11,7,4,16,6,10,11,5,6,0,0,0,0,0,0,15,8,7
55930009,116,61,55,22,5,17,42,29,13,31,13,18,0,0,0,6,4,2,15,10,5
55930010,669,348,321,117,48,69,199,117,82,171,80,91,5,2,3,69,30,39,108,71,37
55930011,55,27,28,33,15,18,11,7,4,3,2,1,1,0,1,1,0,1,6,3,3
55930012,281,140,141,50,19,31,97,61,36,82,39,43,4,2,2,38,14,24,10,5,5
55931801,449,222,227,62,24,38,180,107,73,132,53,79,9,2,7,46,22,24,20,14,6
55932601,42,23,19,9,2,7,17,12,5,10,6,4,1,0,1,1,0,1,4,3,1
55932602,52,26,26,15,4,11,22,14,8,6,2,4,0,0,0,4,2,2,5,4,1
55932603,64,33,31,13,8,5,33,19,14,17,5,12,0,0,0,0,0,0,1,1,0
56678101,58,27,31,10,2,8,32,19,13,12,5,7,1,0,1,1,0,1,2,1,1
55933402,81,41,40,9,2,7,41,24,17,22,9,13,1,0,1,6,4,2,2,2,0
55933403,27,14,13,3,1,2,12,8,4,6,2,4,1,1,0,4,2,2,1,0,1
55933404,35,18,17,6,2,4,17,10,7,8,3,5,0,0,0,1,0,1,3,3,0
55933406,451,233,218,69,27,42,213,132,81,103,38,65,0,0,0,30,10,20,36,26,10
53033602,40,20,20,6,2,4,17,9,8,11,4,7,0,0,0,2,2,0,4,3,1
53033604,105,56,49,13,6,7,37,28,9,34,12,22,3,0,3,7,2,5,11,8,3
53033605,67,34,33,5,1,4,30,17,13,24,12,12,0,0,0,8,4,4,0,0,0
55935101,19,11,8,2,1,1,12,9,3,3,1,2,0,0,0,2,0,2,0,0,0
55935102,127,58,69,18,3,15,52,31,21,36,16,20,4,0,4,14,6,8,3,2,1
55935103,182,90,92,22,10,12,90,54,36,44,16,28,3,0,3,17,7,10,6,3,3
55935104,66,34,32,9,2,7,23,17,6,23,9,14,0,0,0,5,2,3,6,4,2
55935105,149,71,78,21,8,13,67,43,24,43,12,31,3,2,1,12,4,8,3,2,1
55935106,1600,801,799,180,78,102,511,309,202,515,232,283,30,9,21,270,117,153,94,56,38
55935107,138,72,66,20,10,10,50,28,22,45,20,25,0,0,0,16,11,5,7,3,4
55936901,195,103,92,29,13,16,57,38,19,63,31,32,7,3,4,28,12,16,11,6,5
55936902,35,14,21,3,0,3,15,7,8,15,7,8,1,0,1,1,0,1,0,0,0
55937701,33,19,14,6,1,5,18,12,6,8,6,2,0,0,0,1,0,1,0,0,0
55937702,262,135,127,49,16,33,116,72,44,71,34,37,4,0,4,13,7,6,9,6,3
55937703,60,35,25,4,1,3,26,17,9,16,10,6,1,0,1,11,6,5,2,1,1
53024701,114,56,58,16,5,11,36,21,15,32,14,18,1,0,1,20,10,10,9,6,3
55939301,45,20,25,4,0,4,21,12,9,16,6,10,0,0,0,2,1,1,2,1,1
55939302,345,176,169,75,23,52,151,90,61,76,38,38,2,2,0,17,8,9,24,15,9
55939303,48,24,24,8,4,4,19,11,8,13,5,8,1,0,1,1,0,1,6,4,2
56708601,284,149,135,36,15,21,105,64,41,80,42,38,9,2,7,39,19,20,15,7,8
55942301,228,113,115,34,15,19,95,58,37,64,24,40,2,1,1,20,10,10,13,5,8
55943101,482,241,241,53,18,35,175,106,69,174,80,94,5,2,3,60,27,33,15,8,7
53027101,64,32,32,9,3,6,19,8,11,13,6,7,0,0,0,2,2,0,21,13,8
56674801,49,25,24,8,2,6,24,14,10,9,5,4,0,0,0,3,1,2,5,3,2
55360301,32,16,16,2,1,1,14,9,5,9,2,7,0,0,0,6,4,2,1,0,1
57879701,21,11,10,0,0,0,11,7,4,8,3,5,0,0,0,2,1,1,0,0,0
57879702,73,38,35,9,3,6,34,23,11,15,5,10,1,1,0,13,5,8,1,1,0
57898301,212,108,104,29,13,16,88,56,32,64,21,43,4,1,3,21,13,8,6,4,2
55948202,20,10,10,4,0,4,8,5,3,5,2,3,0,0,0,1,1,0,2,2,0
55948203,70,37,33,7,3,4,34,20,14,20,9,11,1,0,1,3,2,1,5,3,2
55949101,2714,1341,1373,408,171,237,932,536,396,815,377,438,52,19,33,381,160,221,126,78,48
55950401,810,393,417,90,25,65,318,189,129,260,113,147,13,1,12,93,45,48,36,20,16
55950402,22,13,9,4,3,1,15,9,6,1,0,1,0,0,0,1,0,1,1,1,0
55952101,172,84,88,13,7,6,29,20,9,68,32,36,7,1,6,49,21,28,6,3,3
55952102,3146,1547,1599,384,152,232,1096,620,476,987,452,535,56,23,33,479,211,268,144,89,55
55952103,262,141,121,28,13,15,101,61,40,78,39,39,4,2,2,38,18,20,13,8,5
55952104,538,273,265,63,23,40,146,97,49,171,90,81,7,0,7,141,59,82,10,4,6
55952105,122,62,60,18,12,6,15,7,8,49,22,27,1,1,0,39,20,19,0,0,0
3356900,0,0,0,0,0,0,0,0,0,0,0,0,0,0,0,0,0,0,0,0,0
54641101,338,173,165,74,35,39,122,74,48,76,36,40,4,0,4,33,12,21,29,16,13
56659401,29,19,10,3,1,2,14,13,1,6,2,4,0,0,0,4,1,3,2,2,0
56659402,69,38,31,14,6,8,26,17,9,19,10,9,1,0,1,5,3,2,4,2,2
1742032,0,0,0,0,0,0,0,0,0,0,0,0,0,0,0,0,0,0,0,0,0
55955501,74,37,37,8,3,5,24,17,7,18,9,9,1,0,1,14,7,7,9,1,8
55955502,37,21,16,13,7,6,13,7,6,7,6,1,0,0,0,4,1,3,0,0,0
55955503,21,8,13,5,2,3,5,1,4,8,4,4,0,0,0,3,1,2,0,0,0
55955505,54,29,25,8,2,6,18,13,5,14,8,6,1,1,0,9,3,6,4,2,2
55955506,225,116,109,39,15,24,88,57,31,66,26,40,3,0,3,9,3,6,20,15,5
55956301,20,11,9,6,3,3,11,6,5,1,0,1,0,0,0,2,2,0,0,0,0
55956302,94,45,49,20,5,15,43,26,17,20,9,11,2,0,2,5,4,1,4,1,3
55956304,34,14,20,9,2,7,11,6,5,6,3,3,1,1,0,5,1,4,2,1,1
55956305,35,17,18,5,3,2,17,9,8,11,4,7,0,0,0,0,0,0,2,1,1
55956306,44,25,19,7,5,2,16,9,7,16,9,7,0,0,0,2,1,1,3,1,2
55956308,23,12,11,4,1,3,12,8,4,3,1,2,0,0,0,1,1,0,3,1,2
55956310,38,20,18,6,4,2,21,11,10,6,3,3,2,0,2,3,2,1,0,0,0
55956311,242,131,111,31,9,22,97,61,36,63,34,29,4,2,2,22,10,12,25,15,10
55957101,71,32,39,14,4,10,24,15,9,22,10,12,1,1,0,5,0,5,5,2,3
55957102,264,128,136,59,22,37,119,66,53,49,18,31,2,0,2,15,7,8,20,15,5
55957103,27,15,12,5,2,3,9,5,4,7,3,4,1,1,0,3,2,1,2,2,0
55958001,3571,1752,1819,452,180,272,1027,594,433,1188,559,629,59,14,45,723,341,382,122,64,58
57892402,72,39,33,13,7,6,31,18,13,16,10,6,1,1,0,6,2,4,5,1,4
55960101,1134,552,582,91,36,55,294,177,117,453,218,235,32,3,29,223,94,129,41,24,17
56649701,44,21,23,4,3,1,23,13,10,12,4,8,2,0,2,1,0,1,2,1,1
55962801,102,52,50,27,10,17,32,20,12,14,7,7,0,0,0,6,2,4,23,13,10
55962803,59,28,31,12,5,7,19,10,9,19,11,8,0,0,0,9,2,7,0,0,0
55962804,22,13,9,3,1,2,11,6,5,4,3,1,0,0,0,4,3,1,0,0,0
55962805,40,19,21,2,0,2,15,9,6,9,3,6,1,0,1,11,6,5,2,1,1
55962806,1003,502,501,143,56,87,352,219,133,285,123,162,20,4,16,159,74,85,44,26,18
55962807,43,25,18,12,4,8,22,15,7,5,3,2,1,1,0,1,0,1,2,2,0
56696901,291,156,135,28,12,16,127,75,52,97,49,48,5,2,3,18,7,11,16,11,5
56696902,71,32,39,10,1,9,38,25,13,14,4,10,0,0,0,6,1,5,3,1,2
53028001,160,78,82,34,11,23,81,49,32,30,12,18,2,0,2,3,1,2,10,5,5
53028002,22,10,12,1,0,1,12,7,5,7,2,5,0,0,0,2,1,1,0,0,0
57882701,52,28,24,12,4,8,20,13,7,16,7,9,0,0,0,1,1,0,3,3,0
57882702,20,9,11,4,1,3,10,5,5,3,2,1,0,0,0,2,1,1,1,0,1
57882703,38,22,16,7,2,5,19,14,5,4,1,3,0,0,0,3,2,1,5,3,2
55966101,83,42,41,12,4,8,33,18,15,23,11,12,2,1,1,9,4,5,4,4,0
55966102,128,67,61,22,5,17,60,39,21,28,13,15,2,0,2,5,3,2,11,7,4
55966103,2076,1080,996,433,194,239,736,435,301,545,263,282,29,12,17,195,83,112,138,93,45
1936232,0,0,0,0,0,0,0,0,0,0,0,0,0,0,0,0,0,0,0,0,0
55967901,1325,649,676,127,56,71,337,199,138,465,202,263,21,6,15,326,163,163,49,23,26
55967903,1485,721,764,179,77,102,428,237,191,493,225,268,24,9,15,323,156,167,38,17,21
1968510,0,0,0,0,0,0,0,0,0,0,0,0,0,0,0,0,0,0,0,0,0
55969501,26,16,10,2,0,2,13,8,5,7,4,3,0,0,0,3,3,0,1,1,0
55969502,15,8,7,3,1,2,1,1,0,5,2,3,0,0,0,5,3,2,1,1,0
55969504,48,29,19,8,4,4,21,12,9,15,11,4,0,0,0,1,0,1,3,2,1
55969505,50,25,25,7,5,2,24,9,15,13,7,6,0,0,0,6,4,2,0,0,0
55969506,917,443,474,183,67,116,373,214,159,228,95,133,8,1,7,69,30,39,56,36,20
55970901,178,91,87,17,7,10,60,37,23,57,27,30,1,1,0,36,16,20,7,3,4
55970902,210,113,97,21,8,13,81,50,31,61,30,31,4,1,3,35,18,17,8,6,2
54109501,115,58,57,17,5,12,42,26,16,34,17,17,1,0,1,15,7,8,6,3,3
55972501,497,261,236,58,23,35,198,124,74,132,55,77,11,5,6,41,17,24,57,37,20
55972502,483,223,260,75,25,50,198,109,89,141,59,82,10,2,8,32,13,19,27,15,12
55972503,27,15,12,2,1,1,10,5,5,11,5,6,0,0,0,4,4,0,0,0,0
55972504,198,100,98,23,9,14,81,45,36,68,33,35,2,0,2,18,9,9,6,4,2
55972505,20,8,12,5,1,4,8,5,3,7,2,5,0,0,0,0,0,0,0,0,0
55972506,346,173,173,42,19,23,125,70,55,119,55,64,9,2,7,38,19,19,13,8,5
55972507,218,114,104,27,12,15,67,47,20,84,38,46,4,2,2,32,12,20,4,3,1
55972508,143,72,71,12,6,6,57,35,22,54,23,31,1,0,1,18,7,11,1,1,0
55973301,308,152,156,28,12,16,113,65,48,107,48,59,2,1,1,42,16,26,16,10,6
55974101,61,27,34,9,3,6,26,12,14,18,8,10,0,0,0,7,3,4,1,1,0
55975001,292,159,133,26,13,13,99,62,37,100,50,50,3,0,3,52,28,24,12,6,6
55975002,148,71,77,11,4,7,38,24,14,59,22,37,0,0,0,30,16,14,10,5,5
55975003,79,39,40,8,1,7,29,18,11,22,9,13,1,0,1,16,9,7,3,2,1
55976801,125,63,62,14,5,9,51,32,19,43,17,26,0,0,0,11,5,6,6,4,2
54092701,21,11,10,1,1,0,7,4,3,6,2,4,1,1,0,6,3,3,0,0,0
3301160,0,0,0,0,0,0,0,0,0,0,0,0,0,0,0,0,0,0,0,0,0
55977602,882,457,425,122,52,70,329,189,140,269,126,143,14,4,10,102,58,44,46,28,18
55977603,206,96,110,26,11,15,64,39,25,71,28,43,4,2,2,35,14,21,6,2,4
53037901,88,44,44,16,4,12,37,21,16,25,16,9,2,0,2,7,3,4,1,0,1
53037902,21,9,12,2,0,2,10,6,4,6,2,4,0,0,0,3,1,2,0,0,0
3359080,0,0,0,0,0,0,0,0,0,0,0,0,0,0,0,0,0,0,0,0,0
55979201,601,308,293,66,31,35,169,96,73,199,101,98,13,4,9,119,57,62,35,19,16
55980601,126,59,67,24,5,19,50,32,18,34,15,19,1,1,0,8,0,8,9,6,3
55980602,56,28,28,3,1,2,30,18,12,18,8,10,1,0,1,2,1,1,2,0,2
55980603,37,18,19,2,0,2,15,9,6,16,5,11,0,0,0,0,0,0,4,4,0
55980604,36,18,18,7,1,6,17,11,6,6,4,2,0,0,0,5,1,4,1,1,0
55981401,1270,644,626,157,69,88,468,273,195,448,196,252,12,5,7,113,57,56,72,44,28
3315890,0,0,0,0,0,0,0,0,0,0,0,0,0,0,0,0,0,0,0,0,0
3315970,0,0,0,0,0,0,0,0,0,0,0,0,0,0,0,0,0,0,0,0,0
55982201,646,306,340,90,41,49,221,129,92,212,90,122,9,1,8,93,36,57,21,9,12
55982202,1643,818,825,304,125,179,674,369,305,391,181,210,21,5,16,99,44,55,154,94,60
54100101,24,13,11,5,2,3,7,5,2,6,2,4,0,0,0,3,3,0,3,1,2
55984901,22,12,10,1,0,1,6,4,2,7,3,4,0,0,0,8,5,3,0,0,0
55984902,165,83,82,29,10,19,49,30,19,57,28,29,3,1,2,18,7,11,9,7,2
55985701,609,310,299,87,38,49,266,164,102,178,69,109,6,2,4,48,24,24,24,13,11
54080301,44,22,22,4,1,3,17,10,7,14,6,8,1,0,1,7,4,3,1,1,0
54114101,59,33,26,9,3,6,32,24,8,12,4,8,3,1,2,1,0,1,2,1,1
57901701,57,30,27,5,3,2,24,14,10,17,7,10,0,0,0,7,5,2,4,1,3
57901702,19,9,10,3,1,2,9,5,4,2,0,2,0,0,0,5,3,2,0,0,0
56681101,52,29,23,6,2,4,23,15,8,18,8,10,0,0,0,1,1,0,4,3,1
54115001,598,297,301,61,19,42,196,111,85,206,100,106,16,6,10,98,46,52,21,15,6
54115002,99,50,49,16,5,11,45,26,19,20,11,9,1,0,1,15,7,8,2,1,1
55990301,48,24,24,9,4,5,16,10,6,10,5,5,0,0,0,3,1,2,10,4,6
55990302,452,229,223,64,24,40,138,86,52,165,75,90,6,1,5,62,32,30,17,11,6
55990303,38,19,19,9,5,4,15,8,7,8,4,4,0,0,0,5,1,4,1,1,0
55990304,43,21,22,12,5,7,11,8,3,9,5,4,1,0,1,6,2,4,4,1,3
53036101,52,23,29,7,3,4,23,11,12,16,8,8,0,0,0,6,1,5,0,0,0
55991101,399,201,198,47,14,33,140,84,56,119,51,68,6,4,2,75,38,37,12,10,2
55992002,102,56,46,10,2,8,51,32,19,30,17,13,0,0,0,7,3,4,4,2,2
55992003,33,21,12,4,2,2,13,7,6,8,6,2,0,0,0,4,3,1,4,3,1
57903301,189,92,97,22,10,12,55,31,24,57,25,32,6,3,3,39,17,22,10,6,4
56700101,263,132,131,35,14,21,99,61,38,83,37,46,4,0,4,34,18,16,8,2,6
55994602,51,28,23,6,3,3,26,15,11,10,4,6,3,1,2,5,4,1,1,1,0
55995401,233,115,118,97,43,54,79,47,32,40,14,26,2,1,1,6,3,3,9,7,2
55995402,27,14,13,1,0,1,12,5,7,9,4,5,1,1,0,4,4,0,0,0,0
55996201,127,63,64,17,8,9,55,33,22,24,11,13,3,1,2,21,7,14,7,3,4
55996202,24,12,12,4,2,2,8,5,3,11,5,6,0,0,0,1,0,1,0,0,0
55361101,444,217,227,54,19,35,135,86,49,154,66,88,12,3,9,64,27,37,25,16,9
57900901,232,115,117,35,13,22,80,51,29,83,34,49,3,1,2,23,10,13,8,6,2
57908401,62,31,31,7,3,4,22,12,10,23,11,12,0,0,0,10,5,5,0,0,0
3301240,0,0,0,0,0,0,0,0,0,0,0,0,0,0,0,0,0,0,0,0,0
55999701,1549,726,823,315,100,215,568,327,241,446,207,239,18,3,15,149,62,87,53,27,26
55999702,446,229,217,70,36,34,167,103,64,146,65,81,6,1,5,39,15,24,18,9,9
55999703,42,24,18,3,2,1,12,10,2,15,5,10,0,0,0,7,4,3,5,3,2
55999704,56,26,30,13,6,7,16,8,8,17,8,9,0,0,0,7,2,5,3,2,1
56000601,194,96,98,33,7,26,80,47,33,50,26,24,5,1,4,13,6,7,13,9,4
56000602,37,16,21,7,2,5,21,9,12,8,4,4,0,0,0,1,1,0,0,0,0
56000603,30,17,13,3,1,2,13,9,4,6,4,2,1,0,1,4,2,2,3,1,2
56001401,99,55,44,11,6,5,45,29,16,27,9,18,2,1,1,10,6,4,4,4,0
56001402,1178,602,576,134,66,68,477,281,196,351,160,191,17,1,16,124,52,72,75,42,33
56683701,101,47,54,9,1,8,45,24,21,32,17,15,1,0,1,11,5,6,3,0,3
56683702,46,26,20,7,4,3,16,11,5,12,5,7,0,0,0,8,4,4,3,2,1
54119201,139,68,71,16,7,9,55,36,19,47,17,30,3,0,3,15,7,8,3,1,2
56005701,1015,510,505,131,59,72,338,191,147,345,170,175,21,5,16,126,53,73,54,32,22
56005702,67,33,34,8,3,5,18,12,6,30,12,18,0,0,0,8,4,4,3,2,1
56005703,75,35,40,9,3,6,29,18,11,27,9,18,1,1,0,5,2,3,4,2,2
56699301,41,21,20,7,3,4,24,12,12,4,2,2,0,0,0,6,4,2,0,0,0
56699302,25,12,13,1,0,1,8,5,3,8,3,5,1,0,1,7,4,3,0,0,0
56699303,27,13,14,2,0,2,9,6,3,9,5,4,0,0,0,7,2,5,0,0,0
56686101,102,56,46,8,4,4,34,19,15,36,18,18,3,1,2,12,10,2,9,4,5
56008101,220,104,116,37,13,24,107,59,48,49,21,28,2,0,2,9,2,7,16,9,7
57913101,334,169,165,53,16,37,129,85,44,99,41,58,3,1,2,28,16,12,22,10,12
56011101,185,98,87,24,7,17,82,53,29,48,24,24,3,1,2,10,4,6,18,9,9
56012001,1437,716,721,219,82,137,574,326,248,410,192,218,21,10,11,126,54,72,87,52,35
56012002,27,13,14,3,2,1,15,7,8,8,4,4,0,0,0,1,0,1,0,0,0
56694201,191,100,91,17,8,9,66,37,29,66,34,32,4,2,2,30,14,16,8,5,3
1407670,0,0,0,0,0,0,0,0,0,0,0,0,0,0,0,0,0,0,0,0,0
1407752,0,0,0,0,0,0,0,0,0,0,0,0,0,0,0,0,0,0,0,0,0
1408300,0,0,0,0,0,0,0,0,0,0,0,0,0,0,0,0,0,0,0,0,0
3358190,0,0,0,0,0,0,0,0,0,0,0,0,0,0,0,0,0,0,0,0,0
55971701,43,26,17,7,2,5,12,9,3,18,11,7,0,0,0,3,2,1,3,2,1
55971702,1410,680,730,145,67,78,405,237,168,547,232,315,20,10,10,253,112,141,40,22,18
55971703,91,45,46,11,4,7,26,19,7,33,14,19,2,0,2,17,6,11,2,2,0
55971704,403,193,210,28,14,14,95,50,45,149,67,82,6,2,4,117,56,61,8,4,4
55971705,16,7,9,0,0,0,0,0,0,5,2,3,0,0,0,11,5,6,0,0,0
55971706,824,402,422,95,40,55,241,137,104,287,133,154,13,5,8,148,61,87,40,26,14
55971708,40,20,20,6,4,2,17,9,8,11,5,6,0,0,0,5,2,3,1,0,1
55971709,360,181,179,41,19,22,113,71,42,136,58,78,6,1,5,52,23,29,12,9,3
55971710,321,162,159,41,18,23,94,59,35,110,53,57,2,0,2,49,20,29,25,12,13
55971712,200,98,102,13,6,7,36,23,13,75,29,46,4,2,2,62,33,29,10,5,5
55971713,79,34,45,8,3,5,28,14,14,22,9,13,2,0,2,19,8,11,0,0,0
55971714,2038,960,1078,314,117,197,684,359,325,636,284,352,30,13,17,227,110,117,147,77,70
55971715,105,54,51,13,7,6,43,25,18,27,10,17,1,1,0,13,7,6,8,4,4
55971716,355,178,177,39,16,23,108,63,45,106,49,57,10,5,5,61,28,33,31,17,14
55971717,368,176,192,32,10,22,74,51,23,139,61,78,8,2,6,99,44,55,16,8,8
55971718,925,427,498,144,53,91,263,130,133,291,127,164,19,8,11,145,73,72,63,36,27
55971720,130,69,61,28,12,16,47,30,17,35,18,17,4,2,2,11,4,7,5,3,2
55971721,400,183,217,49,22,27,122,62,60,153,64,89,5,1,4,57,29,28,14,5,9
55971724,967,471,496,133,55,78,282,160,122,301,133,168,19,9,10,175,75,100,57,39,18
55971725,905,431,474,134,48,86,287,159,128,315,136,179,17,8,9,110,55,55,42,25,17
55971726,341,190,151,93,45,48,96,56,40,65,32,33,8,6,2,21,10,11,58,41,17
55971727,1346,695,651,177,70,107,337,166,171,399,192,207,14,10,4,159,77,82,260,180,80
56014601,23,14,9,1,0,1,6,5,1,11,5,6,1,1,0,2,2,0,2,1,1
56014602,39,21,18,3,0,3,21,12,9,8,3,5,0,0,0,5,4,1,2,2,0
54648801,128,62,66,22,8,14,51,28,23,33,18,15,1,0,1,20,7,13,1,1,0
56684501,161,87,74,17,8,9,75,44,31,44,21,23,1,1,0,16,9,7,8,4,4
50666401,222,114,108,29,10,19,115,70,45,52,17,35,1,1,0,9,5,4,16,11,5
54072201,268,129,139,29,8,21,68,35,33,101,50,51,4,1,3,63,33,30,3,2,1
3301080,0,0,0,0,0,0,0,0,0,0,0,0,0,0,0,0,0,0,0,0,0
56016201,2054,1004,1050,348,146,202,737,403,334,625,286,339,34,12,22,215,107,108,95,50,45
54117601,389,201,188,41,20,21,162,95,67,125,63,62,2,1,1,42,14,28,17,8,9
3301320,0,0,0,0,0,0,0,0,0,0,0,0,0,0,0,0,0,0,0,0,0
57934301,39,24,15,7,2,5,14,9,5,7,5,2,2,1,1,7,5,2,2,2,0
3300940,0,0,0,0,0,0,0,0,0,0,0,0,0,0,0,0,0,0,0,0,0
56018901,29,14,15,1,1,0,12,6,6,8,4,4,1,0,1,6,2,4,1,1,0
56018902,228,105,123,33,14,19,93,50,43,72,27,45,5,1,4,14,6,8,11,7,4
56680201,30,17,13,6,3,3,12,8,4,7,4,3,0,0,0,4,2,2,1,0,1
56680202,134,64,70,30,15,15,50,25,25,28,12,16,1,0,1,13,6,7,12,6,6
54652601,287,142,145,33,11,22,115,68,47,91,40,51,4,2,2,23,8,15,21,13,8
3301590,0,0,0,0,0,0,0,0,0,0,0,0,0,0,0,0,0,0,0,0,0
57924601,83,39,44,20,5,15,43,25,18,12,5,7,4,2,2,4,2,2,0,0,0
54653401,196,97,99,27,10,17,76,48,28,62,23,39,4,2,2,20,10,10,7,4,3
54655101,172,88,84,19,7,12,76,46,30,51,22,29,4,1,3,13,7,6,9,5,4
54655102,30,19,11,8,3,5,17,13,4,2,1,1,0,0,0,0,0,0,3,2,1
56022701,62,28,34,10,2,8,26,16,10,16,7,9,2,1,1,5,0,5,3,2,1
56022702,138,69,69,14,7,7,57,29,28,49,24,25,0,0,0,7,5,2,11,4,7
56023501,226,124,102,28,13,15,87,57,30,81,40,41,5,4,1,22,8,14,3,2,1
57928901,54,23,31,10,2,8,19,11,8,15,6,9,2,0,2,5,2,3,3,2,1
56025101,1011,513,498,95,40,55,346,203,143,360,167,193,24,8,16,139,63,76,47,32,15
56679901,236,116,120,19,4,15,85,49,36,83,42,41,7,4,3,32,11,21,10,6,4
56026002,27,14,13,2,0,2,14,9,5,7,2,5,0,0,0,3,2,1,1,1,0
56026003,27,14,13,3,1,2,10,7,3,9,3,6,1,0,1,2,1,1,2,2,0
56026004,41,21,20,10,2,8,23,14,9,4,1,3,0,0,0,4,4,0,0,0,0
56026005,1676,821,855,272,102,170,618,341,277,541,255,286,17,5,12,153,75,78,75,43,32
56026006,136,67,69,17,10,7,45,24,21,49,22,27,2,1,1,20,8,12,3,2,1
56026007,125,63,62,14,3,11,48,27,21,31,16,15,4,2,2,18,10,8,10,5,5
56026008,22,11,11,4,1,3,9,6,3,6,1,5,0,0,0,3,3,0,0,0,0
54106101,161,48,113,76,7,69,46,26,20,21,9,12,1,0,1,13,5,8,4,1,3
54106102,18,8,10,0,0,0,9,7,2,6,1,5,1,0,1,2,0,2,0,0,0
56072301,114,54,60,25,6,19,38,22,16,18,9,9,0,0,0,7,1,6,26,16,10
56072302,57,31,26,14,4,10,25,13,12,13,11,2,0,0,0,2,1,1,3,2,1
0037270,0,0,0,0,0,0,0,0,0,0,0,0,0,0,0,0,0,0,0,0,0
56074001,635,313,322,128,54,74,266,161,105,173,68,105,5,2,3,31,11,20,32,17,15
56074003,45,24,21,7,4,3,16,12,4,13,5,8,0,0,0,5,2,3,4,1,3
56074006,46,25,21,14,6,8,18,14,4,5,2,3,1,0,1,3,2,1,5,1,4
1159672,0,0,0,0,0,0,0,0,0,0,0,0,0,0,0,0,0,0,0,0,0
56075801,41,19,22,8,2,6,17,12,5,11,3,8,0,0,0,2,0,2,3,2,1
56075802,2187,1075,1112,408,156,252,779,426,353,633,290,343,17,8,9,160,79,81,190,116,74
56075803,68,38,30,15,7,8,26,19,7,20,10,10,1,1,0,3,0,3,3,1,2
56075804,56,29,27,18,9,9,19,10,9,14,9,5,0,0,0,2,0,2,3,1,2
56075805,55,27,28,19,7,12,26,15,11,4,1,3,1,0,1,2,1,1,3,3,0
56075806,32,17,15,7,3,4,15,9,6,8,4,4,0,0,0,1,0,1,1,1,0
56075807,30,14,16,11,6,5,7,3,4,11,5,6,0,0,0,1,0,1,0,0,0
56075809,34,17,17,6,3,3,15,8,7,10,5,5,0,0,0,1,0,1,2,1,1
56075810,74,39,35,21,7,14,30,21,9,15,7,8,0,0,0,2,1,1,6,3,3
56075812,160,80,80,21,7,14,68,39,29,40,15,25,1,1,0,10,7,3,20,11,9
56075814,130,63,67,30,8,22,55,34,21,30,14,16,1,0,1,9,4,5,5,3,2
56075815,93,43,50,12,5,7,12,6,6,9,2,7,0,0,0,3,2,1,57,28,29
56075816,41,20,21,6,1,5,12,9,3,8,2,6,0,0,0,2,1,1,13,7,6
56075818,31,16,15,3,1,2,17,11,6,8,3,5,1,1,0,1,0,1,1,0,1
56075819,31,18,13,3,3,0,16,9,7,7,5,2,0,0,0,1,0,1,4,1,3
56075820,203,137,66,2,2,0,19,12,7,62,37,25,29,21,8,58,41,17,33,24,9
56075821,127,60,67,22,6,16,60,34,26,27,11,16,0,0,0,7,4,3,11,5,6
56075822,28,18,10,2,0,2,9,6,3,4,3,1,0,0,0,2,1,1,11,8,3
56075823,224,122,102,54,20,34,78,48,30,41,21,20,0,0,0,3,3,0,48,30,18
54160501,187,96,91,41,16,25,83,47,36,42,23,19,0,0,0,8,3,5,13,7,6
54140101,120,60,60,22,8,14,37,24,13,35,16,19,1,1,0,21,9,12,4,2,2
56078202,195,105,90,50,20,30,83,51,32,20,9,11,1,1,0,4,2,2,37,22,15
57945902,252,126,126,61,18,43,134,87,47,42,14,28,1,0,1,11,5,6,3,2,1
56080401,177,93,84,36,12,24,70,45,25,49,26,23,0,0,0,8,2,6,14,8,6
56080402,48,26,22,7,3,4,27,17,10,11,4,7,0,0,0,0,0,0,3,2,1
56080403,51,26,25,9,3,6,21,12,9,13,6,7,0,0,0,7,4,3,1,1,0
0204350,0,0,0,0,0,0,0,0,0,0,0,0,0,0,0,0,0,0,0,0,0
56081201,755,377,378,161,67,94,301,183,118,189,75,114,6,2,4,31,12,19,67,38,29
56081202,38,19,19,9,3,6,16,9,7,6,4,2,0,0,0,2,1,1,5,2,3
56081205,24,12,12,5,3,2,8,6,2,5,1,4,0,0,0,4,1,3,2,1,1
56081206,21,10,11,6,3,3,3,2,1,9,4,5,0,0,0,1,0,1,2,1,1
56081207,37,19,18,5,1,4,13,7,6,11,6,5,2,1,1,3,2,1,3,2,1
56081209,74,37,37,21,8,13,32,20,12,17,6,11,0,0,0,3,2,1,1,1,0
56083901,310,162,148,53,19,34,103,68,35,99,46,53,4,0,4,23,11,12,28,18,10
56085501,32,19,13,5,4,1,10,7,3,12,6,6,0,0,0,4,1,3,1,1,0
56085503,215,118,97,47,22,25,106,72,34,38,14,24,2,0,2,7,2,5,15,8,7
56085505,49,26,23,15,9,6,15,10,5,13,5,8,0,0,0,3,1,2,3,1,2
1983910,0,0,0,0,0,0,0,0,0,0,0,0,0,0,0,0,0,0,0,0,0
56086301,56,29,27,10,5,5,20,13,7,19,8,11,0,0,0,3,2,1,4,1,3
56086302,600,299,301,103,46,57,238,135,103,166,68,98,3,2,1,46,19,27,44,29,15
56086303,24,15,9,1,1,0,13,7,6,4,3,1,0,0,0,3,1,2,3,3,0
56086304,89,47,42,10,2,8,33,21,12,35,17,18,1,0,1,9,7,2,1,0,1
54129001,70,39,31,14,1,13,27,20,7,12,8,4,0,0,0,3,1,2,14,9,5
54129002,20,10,10,3,1,2,7,5,2,10,4,6,0,0,0,0,0,0,0,0,0
54129004,74,41,33,24,12,12,39,27,12,7,0,7,0,0,0,1,1,0,3,1,2
54129005,45,23,22,10,4,6,17,11,6,10,3,7,0,0,0,0,0,0,8,5,3
56089801,260,141,119,66,27,39,94,65,29,46,19,27,1,0,1,9,3,6,44,27,17
56089803,85,47,38,18,10,8,38,23,15,15,5,10,1,1,0,6,3,3,7,5,2
0940210,0,0,0,0,0,0,0,0,0,0,0,0,0,0,0,0,0,0,0,0,0
56090101,44,25,19,5,2,3,19,13,6,11,7,4,1,0,1,6,2,4,2,1,1
56090103,1261,644,617,244,98,146,550,317,233,301,141,160,7,1,6,64,33,31,95,54,41
56090105,36,19,17,5,1,4,15,10,5,10,5,5,1,1,0,2,1,1,3,1,2
56090107,62,37,25,11,4,7,24,17,7,11,6,5,0,0,0,3,2,1,13,8,5
56090109,69,36,33,10,5,5,27,17,10,21,8,13,0,0,0,6,3,3,5,3,2
56091001,47,24,23,9,1,8,18,14,4,12,5,7,0,0,0,2,2,0,6,2,4
56091002,31,18,13,6,0,6,11,8,3,9,6,3,2,2,0,2,1,1,1,1,0
56091003,61,32,29,14,5,9,26,15,11,16,8,8,0,0,0,3,2,1,2,2,0
56091004,321,167,154,46,23,23,162,97,65,71,26,45,2,0,2,11,5,6,29,16,13
56091005,32,15,17,3,1,2,18,9,9,8,5,3,0,0,0,1,0,1,2,0,2
56091006,31,14,17,7,1,6,13,10,3,4,1,3,1,0,1,6,2,4,0,0,0
56091007,116,59,57,22,9,13,57,33,24,22,11,11,1,1,0,6,2,4,8,3,5
56092801,56,30,26,7,4,3,18,10,8,15,7,8,0,0,0,11,4,7,5,5,0
56092802,24,13,11,3,1,2,12,8,4,5,1,4,1,0,1,2,2,0,1,1,0
56092803,1061,540,521,225,78,147,382,233,149,274,135,139,13,4,9,92,44,48,75,46,29
56092804,38,19,19,10,1,9,16,14,2,8,2,6,1,0,1,2,2,0,1,0,1
56092805,37,22,15,10,5,5,17,12,5,6,3,3,0,0,0,3,1,2,1,1,0
56092806,34,16,18,6,1,5,11,6,5,15,7,8,0,0,0,1,1,0,1,1,0
56092807,41,18,23,6,1,5,16,5,11,12,6,6,0,0,0,3,2,1,4,4,0
54155901,27,13,14,3,2,1,9,4,5,12,6,6,0,0,0,2,0,2,1,1,0
54155902,153,77,76,29,16,13,91,46,45,21,9,12,0,0,0,3,1,2,9,5,4
0679462,0,0,0,0,0,0,0,0,0,0,0,0,0,0,0,0,0,0,0,0,0
54149402,165,82,83,37,17,20,74,42,32,33,16,17,2,0,2,5,0,5,14,7,7
54149403,27,12,15,5,1,4,13,7,6,5,2,3,0,0,0,3,1,2,1,1,0
3199020,0,0,0,0,0,0,0,0,0,0,0,0,0,0,0,0,0,0,0,0,0
56095201,30,16,14,5,2,3,12,7,5,6,5,1,0,0,0,6,2,4,1,0,1
56095203,21,9,12,4,1,3,12,6,6,0,0,0,0,0,0,2,1,1,3,1,2
56095204,530,264,266,76,25,51,199,109,90,169,78,91,8,4,4,62,35,27,16,13,3
56095205,28,11,17,6,0,6,8,5,3,8,2,6,0,0,0,3,2,1,3,2,1
56095206,137,68,69,18,6,12,52,32,20,52,22,30,0,0,0,13,6,7,2,2,0
56095207,32,17,15,2,0,2,10,5,5,11,6,5,0,0,0,7,4,3,2,2,0
50391601,263,137,126,56,24,32,88,59,29,60,26,34,2,1,1,25,9,16,32,18,14
50391603,82,42,40,16,6,10,37,25,12,20,7,13,0,0,0,4,1,3,5,3,2
50391605,109,57,52,18,9,9,41,25,16,23,11,12,1,0,1,16,7,9,10,5,5
50391607,21,12,9,5,3,2,5,4,1,6,3,3,0,0,0,0,0,0,5,2,3
56097901,20,14,6,3,2,1,11,9,2,1,0,1,0,0,0,1,1,0,4,2,2
56097902,157,71,86,29,10,19,70,38,32,33,14,19,4,1,3,2,0,2,19,8,11
0800470,0,0,0,0,0,0,0,0,0,0,0,0,0,0,0,0,0,0,0,0,0
0800551,0,0,0,0,0,0,0,0,0,0,0,0,0,0,0,0,0,0,0,0,0
0800552,0,0,0,0,0,0,0,0,0,0,0,0,0,0,0,0,0,0,0,0,0
0801010,0,0,0,0,0,0,0,0,0,0,0,0,0,0,0,0,0,0,0,0,0
0801100,0,0,0,0,0,0,0,0,0,0,0,0,0,0,0,0,0,0,0,0,0
56100201,339,172,167,83,26,57,141,92,49,67,27,40,2,0,2,20,8,12,26,19,7
56100202,40,22,18,2,0,2,13,11,2,20,8,12,2,1,1,1,1,0,2,1,1
56101101,31,16,15,4,2,2,7,5,2,9,3,6,1,0,1,8,4,4,2,2,0
56101102,22,12,10,4,2,2,5,3,2,7,4,3,0,0,0,5,3,2,1,0,1
56101104,215,108,107,49,18,31,91,54,37,44,18,26,0,0,0,8,5,3,23,13,10
56101105,21,8,13,2,1,1,5,3,2,6,2,4,1,1,0,7,1,6,0,0,0
56101107,35,17,18,6,1,5,18,14,4,9,1,8,0,0,0,1,1,0,1,0,1
54170201,377,187,190,81,29,52,180,107,73,84,33,51,0,0,0,15,8,7,17,10,7
0883150,0,0,0,0,0,0,0,0,0,0,0,0,0,0,0,0,0,0,0,0,0
54153201,183,105,78,66,41,25,57,30,27,25,14,11,0,0,0,10,5,5,25,15,10
54153202,35,13,22,4,1,3,12,7,5,10,4,6,1,0,1,4,1,3,4,0,4
0883580,0,0,0,0,0,0,0,0,0,0,0,0,0,0,0,0,0,0,0,0,0
54144301,128,67,61,19,10,9,45,27,18,40,21,19,2,0,2,8,1,7,14,8,6
56688801,23,13,10,2,2,0,7,4,3,5,4,1,0,0,0,6,1,5,3,2,1
56688802,40,21,19,5,4,1,12,7,5,13,7,6,1,0,1,3,0,3,6,3,3
1164081,0,0,0,0,0,0,0,0,0,0,0,0,0,0,0,0,0,0,0,0,0
54168103,105,58,47,33,18,15,31,16,15,17,9,8,1,0,1,4,1,3,19,14,5
1185320,0,0,0,0,0,0,0,0,0,0,0,0,0,0,0,0,0,0,0,0,0
3361310,0,0,0,0,0,0,0,0,0,0,0,0,0,0,0,0,0,0,0,0,0
3361570,0,0,0,0,0,0,0,0,0,0,0,0,0,0,0,0,0,0,0,0,0
3361650,0,0,0,0,0,0,0,0,0,0,0,0,0,0,0,0,0,0,0,0,0
56113401,29,15,14,4,1,3,16,11,5,7,2,5,0,0,0,0,0,0,2,1,1
56113402,33,18,15,7,2,5,11,8,3,9,4,5,0,0,0,6,4,2,0,0,0
56113403,27,11,16,4,0,4,13,8,5,6,1,5,0,0,0,3,1,2,1,1,0
56113404,32,18,14,7,3,4,11,7,4,7,4,3,0,0,0,2,2,0,5,2,3
56113405,57,25,32,13,4,9,20,13,7,18,4,14,2,1,1,4,3,1,0,0,0
56113407,3996,1926,2070,619,230,389,1492,842,650,1179,498,681,41,10,31,355,170,185,310,176,134
56113408,68,34,34,6,1,5,23,13,10,22,11,11,2,0,2,10,6,4,5,3,2
56113409,43,25,18,7,3,4,22,12,10,7,4,3,0,0,0,1,1,0,6,5,1
56113410,15,7,8,3,2,1,8,3,5,3,1,2,0,0,0,1,1,0,0,0,0
56113411,25,12,13,5,2,3,8,5,3,8,4,4,0,0,0,4,1,3,0,0,0
56113412,57,28,29,17,5,12,24,17,7,8,2,6,0,0,0,2,0,2,6,4,2
56113414,17,10,7,3,0,3,9,7,2,2,1,1,1,1,0,2,1,1,0,0,0
56113415,24,14,10,7,3,4,14,10,4,3,1,2,0,0,0,0,0,0,0,0,0
54148601,95,55,40,17,8,9,36,27,9,27,10,17,0,0,0,4,2,2,11,8,3
54148602,42,25,17,6,4,2,17,12,5,10,4,6,3,1,2,3,1,2,3,3,0
56115102,648,337,311,154,70,84,181,107,74,192,92,100,3,0,3,53,27,26,65,41,24
56115103,32,19,13,4,2,2,7,5,2,12,5,7,0,0,0,4,4,0,5,3,2
56115104,78,43,35,12,5,7,26,19,7,14,6,8,0,0,0,8,3,5,18,10,8
56115105,27,12,15,4,3,1,10,5,5,10,3,7,0,0,0,1,0,1,2,1,1
56115106,94,53,41,18,6,12,39,28,11,23,12,11,1,0,1,7,3,4,6,4,2
56115107,42,21,21,12,5,7,14,7,7,10,5,5,1,0,1,2,2,0,3,2,1
56115108,27,13,14,5,1,4,9,5,4,11,6,5,0,0,0,1,1,0,1,0,1
56115109,164,88,76,40,20,20,48,28,20,32,16,16,2,1,1,6,3,3,36,20,16
1426540,0,0,0,0,0,0,0,0,0,0,0,0,0,0,0,0,0,0,0,0,0
56116902,42,16,26,11,3,8,14,9,5,12,4,8,0,0,0,2,0,2,3,0,3
56116903,49,23,26,9,4,5,16,8,8,16,6,10,0,0,0,4,3,1,4,2,2
56116907,521,247,274,89,21,68,187,117,70,161,69,92,5,2,3,37,15,22,42,23,19
57946702,54,24,30,4,1,3,21,10,11,19,9,10,1,0,1,3,1,2,6,3,3
57946703,48,23,25,23,10,13,20,9,11,2,1,1,0,0,0,0,0,0,3,3,0
0788410,0,0,0,0,0,0,0,0,0,0,0,0,0,0,0,0,0,0,0,0,0
56118501,77,43,34,11,5,6,29,23,6,14,6,8,2,0,2,14,6,8,7,3,4
56118502,33,19,14,10,6,4,9,5,4,5,3,2,0,0,0,2,1,1,7,4,3
56118503,104,53,51,17,10,7,30,20,10,36,13,23,1,1,0,14,6,8,6,3,3
56118504,578,297,281,155,63,92,204,127,77,96,43,53,2,1,1,28,15,13,93,48,45
56118505,146,75,71,15,4,11,43,21,22,59,32,27,2,1,1,12,7,5,15,10,5
56119301,56,33,23,11,4,7,28,20,8,12,7,5,0,0,0,3,2,1,2,0,2
56119302,53,23,30,9,2,7,28,14,14,12,3,9,1,1,0,2,2,0,1,1,0
56119303,113,61,52,17,3,14,54,33,21,21,11,10,1,1,0,6,2,4,14,11,3
3361810,0,0,0,0,0,0,0,0,0,0,0,0,0,0,0,0,0,0,0,0,0
56120701,74,40,34,8,3,5,28,19,9,30,14,16,0,0,0,4,1,3,4,3,1
56120702,38,20,18,4,1,3,15,12,3,11,4,7,1,0,1,4,2,2,3,1,2
56120704,32,17,15,5,4,1,16,9,7,6,3,3,1,0,1,2,0,2,2,1,1
56120705,49,27,22,12,4,8,23,16,7,12,5,7,0,0,0,1,1,0,1,1,0
56120706,30,17,13,6,3,3,19,11,8,4,2,2,0,0,0,1,1,0,0,0,0
56120707,25,12,13,3,1,2,11,5,6,5,4,1,0,0,0,2,1,1,4,1,3
56120708,32,16,16,6,0,6,12,8,4,7,3,4,1,1,0,4,4,0,2,0,2
56120709,40,19,21,8,3,5,19,11,8,10,3,7,0,0,0,2,1,1,1,1,0
56120710,631,320,311,117,53,64,224,130,94,179,75,104,4,1,3,42,19,23,65,42,23
56120711,21,12,9,1,1,0,9,5,4,8,6,2,1,0,1,1,0,1,1,0,1
3024810,0,0,0,0,0,0,0,0,0,0,0,0,0,0,0,0,0,0,0,0,0
56121501,64,34,30,11,5,6,32,17,15,11,7,4,1,0,1,5,2,3,4,3,1
56121502,71,38,33,17,8,9,26,18,8,23,10,13,1,0,1,3,1,2,1,1,0
56121503,21,10,11,3,1,2,11,8,3,5,1,4,0,0,0,2,0,2,0,0,0
56121504,33,21,12,10,5,5,9,7,2,10,7,3,0,0,0,3,1,2,1,1,0
56121505,120,62,58,23,9,14,61,35,26,22,11,11,1,1,0,6,2,4,7,4,3
56121508,1147,521,626,218,72,146,411,227,184,333,138,195,19,4,15,96,43,53,70,37,33
56121510,612,300,312,101,34,67,199,121,78,187,87,100,6,1,5,79,38,41,40,19,21
56121511,1171,587,584,185,72,113,396,232,164,382,179,203,11,6,5,129,59,70,68,39,29
56121512,946,500,446,170,63,107,316,182,134,241,125,116,9,4,5,86,43,43,124,83,41
56121514,539,271,268,89,40,49,153,94,59,188,87,101,6,1,5,84,39,45,19,10,9
56121515,874,424,450,153,55,98,292,173,119,281,125,156,11,4,7,90,40,50,47,27,20
56121518,817,373,444,131,41,90,273,144,129,258,102,156,8,4,4,90,52,38,57,30,27
56122301,415,217,198,66,32,34,142,88,54,142,65,77,8,3,5,37,19,18,20,10,10
56123101,181,95,86,40,13,27,73,51,22,47,19,28,4,2,2,10,5,5,7,5,2
56125803,46,26,20,16,7,9,13,11,2,12,4,8,0,0,0,2,2,0,3,2,1
56125804,304,147,157,70,26,44,109,68,41,62,24,38,4,0,4,15,5,10,44,24,20
55708101,223,116,107,34,10,24,95,58,37,54,25,29,3,2,1,11,7,4,26,14,12
56071501,58,28,30,2,2,0,30,15,15,19,8,11,1,0,1,4,2,2,2,1,1
56071502,43,23,20,9,4,5,17,12,5,14,6,8,0,0,0,3,1,2,0,0,0
56071504,141,75,66,20,10,10,50,28,22,54,26,28,3,2,1,8,5,3,6,4,2
56071506,64,39,25,8,4,4,21,16,5,27,14,13,0,0,0,5,3,2,3,2,1
56071507,145,78,67,23,10,13,76,47,29,34,13,21,1,1,0,6,3,3,5,4,1
56071509,48,23,25,2,1,1,18,8,10,18,8,10,0,0,0,8,4,4,2,2,0
56071510,28,16,12,3,2,1,11,8,3,10,4,6,0,0,0,1,1,0,3,1,2
56071511,2439,1116,1323,364,123,241,848,459,389,719,302,417,36,16,20,143,67,76,329,149,180
56071512,602,299,303,77,33,44,203,120,83,231,106,125,4,1,3,65,27,38,22,12,10
56071513,986,492,494,122,53,69,382,219,163,338,159,179,15,7,8,94,39,55,35,15,20
56071514,886,511,375,95,56,39,213,127,86,210,106,104,24,10,14,82,43,39,262,169,93
56071517,1166,558,608,172,68,104,388,210,178,375,158,217,21,8,13,120,64,56,90,50,40
56071519,2307,1065,1242,367,132,235,807,437,370,694,293,401,29,14,15,230,95,135,180,94,86
56071520,718,363,355,112,50,62,245,149,96,237,109,128,15,5,10,80,36,44,29,14,15
56071521,230,105,125,51,18,33,102,57,45,43,12,31,2,2,0,7,3,4,25,13,12
56071522,396,189,207,48,17,31,124,83,41,143,56,87,9,1,8,55,24,31,17,8,9
56071523,310,167,143,62,37,25,83,42,41,102,60,42,5,3,2,36,16,20,22,9,13
56071524,198,95,103,25,16,9,48,25,23,78,35,43,4,2,2,30,10,20,13,7,6
54162101,42,21,21,10,3,7,7,4,3,12,7,5,0,0,0,7,3,4,6,4,2
54162102,39,18,21,6,0,6,17,11,6,11,4,7,1,0,1,2,1,1,2,2,0
54162103,196,100,96,28,13,15,89,48,41,35,15,20,1,0,1,10,7,3,33,17,16
54162104,62,32,30,14,2,12,28,17,11,13,8,5,1,1,0,4,2,2,2,2,0
54162105,16,8,8,1,1,0,3,1,2,7,3,4,0,0,0,5,3,2,0,0,0
56129101,32,14,18,9,3,6,18,10,8,5,1,4,0,0,0,0,0,0,0,0,0
56129102,161,89,72,34,16,18,72,45,27,37,15,22,0,0,0,5,3,2,13,10,3
56130401,40,25,15,9,6,3,15,10,5,13,7,6,0,0,0,2,1,1,1,1,0
56130402,68,39,29,19,9,10,25,18,7,17,9,8,2,0,2,2,1,1,3,2,1
56130403,26,12,14,4,0,4,8,5,3,9,3,6,0,0,0,2,2,0,3,2,1
56130404,34,18,16,6,4,2,19,10,9,6,3,3,1,0,1,0,0,0,2,1,1
56130405,146,73,73,33,14,19,53,27,26,42,19,23,3,2,1,2,2,0,13,9,4
54143501,105,56,49,19,6,13,44,28,16,28,13,15,0,0,0,6,4,2,8,5,3
57949101,53,28,25,7,2,5,23,17,6,17,5,12,0,0,0,3,2,1,3,2,1
57949102,106,55,51,13,6,7,57,33,24,23,10,13,0,0,0,3,2,1,10,4,6
54136201,42,25,17,3,2,1,23,14,9,14,8,6,1,0,1,0,0,0,1,1,0
54136202,147,73,74,29,9,20,72,41,31,25,14,11,2,0,2,6,1,5,13,8,5
54166401,318,162,156,73,26,47,155,93,62,49,15,34,2,1,1,11,7,4,28,20,8
54146001,115,61,54,28,9,19,34,24,10,24,13,11,1,0,1,3,0,3,25,15,10
0004850,0,0,0,0,0,0,0,0,0,0,0,0,0,0,0,0,0,0,0,0,0
55449901,71,38,33,17,8,9,30,17,13,16,7,9,0,0,0,4,2,2,4,4,0
55449902,93,44,49,28,12,16,29,18,11,26,9,17,1,1,0,3,0,3,6,4,2
55449903,442,236,206,82,41,41,204,124,80,92,43,49,5,2,3,19,9,10,40,17,23
55449904,25,14,11,7,2,5,13,7,6,3,3,0,0,0,0,2,2,0,0,0,0
55449905,25,10,15,4,1,3,10,3,7,9,4,5,0,0,0,0,0,0,2,2,0
55449906,53,25,28,13,6,7,14,10,4,17,3,14,1,1,0,5,4,1,3,1,2
55449907,54,27,27,15,5,10,22,14,8,11,5,6,0,0,0,2,1,1,4,2,2
55449908,133,70,63,27,9,18,34,24,10,46,23,23,0,0,0,19,8,11,7,6,1
55449909,2312,1112,1200,425,172,253,795,425,370,703,325,378,33,14,19,159,72,87,197,104,93
55449911,3647,1729,1918,740,292,448,1263,645,618,955,434,521,35,14,21,221,99,122,433,245,188
55449912,467,223,244,103,43,60,144,85,59,121,48,73,4,2,2,29,13,16,66,32,34
55449913,202,97,105,47,20,27,63,37,26,37,13,24,4,0,4,8,3,5,43,24,19
55449914,913,445,468,203,97,106,270,149,121,231,89,142,11,4,7,74,33,41,124,73,51
55449915,928,465,463,231,103,128,315,165,150,198,92,106,10,4,6,35,14,21,139,87,52
55449916,519,262,257,114,56,58,187,104,83,123,59,64,3,0,3,39,16,23,53,27,26
55449917,29,13,16,7,4,3,8,4,4,9,4,5,1,0,1,4,1,3,0,0,0
55449918,290,144,146,80,36,44,85,49,36,70,29,41,4,2,2,17,9,8,34,19,15
0304222,0,0,0,0,0,0,0,0,0,0,0,0,0,0,0,0,0,0,0,0,0
55450201,651,327,324,132,56,76,257,145,112,160,76,84,2,1,1,38,13,25,62,36,26
55450203,72,35,37,20,10,10,25,11,14,14,8,6,0,0,0,8,1,7,5,5,0
55450204,49,26,23,4,3,1,21,12,9,13,6,7,0,0,0,5,2,3,6,3,3
55450205,33,16,17,4,1,3,12,8,4,14,5,9,0,0,0,3,2,1,0,0,0
55450206,64,30,34,9,2,7,26,16,10,22,8,14,1,1,0,4,2,2,2,1,1
55450207,52,21,31,13,4,9,19,10,9,13,5,8,0,0,0,5,1,4,2,1,1
55451101,817,409,408,96,32,64,315,186,129,273,125,148,6,1,5,88,43,45,39,22,17
0346494,0,0,0,0,0,0,0,0,0,0,0,0,0,0,0,0,0,0,0,0,0
0346495,0,0,0,0,0,0,0,0,0,0,0,0,0,0,0,0,0,0,0,0,0
0346812,0,0,0,0,0,0,0,0,0,0,0,0,0,0,0,0,0,0,0,0,0
55452901,2603,1220,1383,361,149,212,801,448,353,863,337,526,45,12,33,310,154,156,223,120,103
55452902,740,350,390,81,32,49,238,136,102,271,105,166,10,5,5,112,54,58,28,18,10
55452904,42,18,24,7,3,4,20,9,11,12,4,8,1,0,1,1,1,0,1,1,0
55452905,354,172,182,54,24,30,81,48,33,144,60,84,3,1,2,55,28,27,17,11,6
55452906,38,18,20,9,3,6,7,5,2,16,6,10,0,0,0,6,4,2,0,0,0
55452907,260,130,130,38,18,20,85,48,37,82,41,41,3,0,3,37,15,22,15,8,7
55452908,36,17,19,6,1,5,13,7,6,10,4,6,0,0,0,0,0,0,7,5,2
55452910,54,23,31,10,4,6,25,11,14,11,5,6,2,1,1,3,2,1,3,0,3
55452911,207,100,107,25,14,11,61,35,26,87,36,51,1,0,1,31,13,18,2,2,0
55454501,132,71,61,27,15,12,49,28,21,47,24,23,0,0,0,6,2,4,3,2,1
55454502,959,490,469,228,98,130,411,233,178,204,91,113,6,3,3,38,16,22,72,49,23
55454504,20,11,9,2,1,1,3,3,0,11,5,6,0,0,0,3,2,1,1,0,1
55454505,29,14,15,4,0,4,13,7,6,6,2,4,0,0,0,2,1,1,4,4,0
55454506,22,12,10,2,0,2,9,6,3,5,1,4,0,0,0,5,4,1,1,1,0
55454507,23,10,13,5,1,4,8,7,1,3,0,3,1,0,1,1,0,1,5,2,3
55454508,26,15,11,2,1,1,10,6,4,9,5,4,1,1,0,4,2,2,0,0,0
55454509,69,34,35,15,5,10,29,18,11,18,8,10,0,0,0,4,2,2,3,1,2
55455301,58,31,27,18,10,8,26,15,11,7,3,4,1,0,1,2,1,1,4,2,2
55455302,90,35,55,19,5,14,35,18,17,21,6,15,0,0,0,2,1,1,13,5,8
55455303,1250,621,629,307,128,179,505,278,227,227,100,127,2,0,2,42,26,16,167,89,78
55455305,19,10,9,5,1,4,2,2,0,5,3,2,0,0,0,6,3,3,1,1,0
55455307,64,35,29,16,8,8,25,14,11,13,7,6,1,0,1,7,4,3,2,2,0
55455308,170,82,88,56,25,31,76,38,38,11,4,7,0,0,0,3,2,1,24,13,11
55455309,54,28,26,9,3,6,22,13,9,12,6,6,0,0,0,8,4,4,3,2,1
0510802,0,0,0,0,0,0,0,0,0,0,0,0,0,0,0,0,0,0,0,0,0
0510980,0,0,0,0,0,0,0,0,0,0,0,0,0,0,0,0,0,0,0,0,0
3018680,0,0,0,0,0,0,0,0,0,0,0,0,0,0,0,0,0,0,0,0,0
3018840,0,0,0,0,0,0,0,0,0,0,0,0,0,0,0,0,0,0,0,0,0
3364410,0,0,0,0,0,0,0,0,0,0,0,0,0,0,0,0,0,0,0,0,0
55448101,20,10,10,1,1,0,2,1,1,15,7,8,0,0,0,2,1,1,0,0,0
55448102,50,28,22,4,0,4,20,14,6,15,9,6,1,0,1,4,2,2,6,3,3
55448103,43,23,20,11,5,6,19,13,6,10,3,7,0,0,0,2,1,1,1,1,0
55448104,83,42,41,31,16,15,5,3,2,35,13,22,0,0,0,6,4,2,6,6,0
55448105,764,386,378,102,43,59,197,126,71,283,119,164,5,2,3,158,85,73,19,11,8
55448106,39,18,21,4,2,2,16,9,7,13,5,8,0,0,0,4,2,2,2,0,2
55448107,83,43,40,6,2,4,33,26,7,29,10,19,0,0,0,6,1,5,9,4,5
55448108,122,66,56,23,9,14,65,40,25,22,9,13,0,0,0,6,3,3,6,5,1
55448109,37,23,14,6,2,4,16,12,4,11,6,5,0,0,0,2,1,1,2,2,0
55448110,117,57,60,15,8,7,32,19,13,45,21,24,3,2,1,20,7,13,2,0,2
55448111,76,38,38,11,5,6,32,17,15,26,13,13,0,0,0,3,2,1,4,1,3
55448112,150,68,82,20,8,12,72,41,31,38,11,27,0,0,0,8,2,6,12,6,6
55448113,46,26,20,9,4,5,20,13,7,10,4,6,0,0,0,2,1,1,5,4,1
55448114,45,20,25,8,4,4,17,10,7,16,5,11,0,0,0,0,0,0,4,1,3
55448115,21,14,7,0,0,0,12,9,3,7,4,3,0,0,0,2,1,1,0,0,0
55448116,22,13,9,4,3,1,11,7,4,7,3,4,0,0,0,0,0,0,0,0,0
55448117,469,236,233,61,19,42,199,125,74,135,63,72,4,1,3,52,19,33,18,9,9
55448118,88,50,38,7,4,3,26,13,13,34,18,16,2,2,0,18,12,6,1,1,0
55448119,22,11,11,7,5,2,9,4,5,3,0,3,1,0,1,1,1,0,1,1,0
55448120,19,9,10,4,2,2,10,6,4,4,0,4,0,0,0,1,1,0,0,0,0
55448121,181,92,89,26,12,14,76,41,35,49,21,28,2,2,0,18,8,10,10,8,2
55448123,62,33,29,13,4,9,37,25,12,9,2,7,1,1,0,1,1,0,1,0,1
55448124,92,46,46,14,3,11,28,15,13,25,14,11,1,0,1,4,2,2,20,12,8
55448125,176,90,86,35,9,26,65,38,27,44,21,23,1,0,1,10,5,5,21,17,4
55448126,326,188,138,65,36,29,99,66,33,67,29,38,7,2,5,14,4,10,74,51,23
55448127,63,32,31,12,5,7,22,12,10,21,11,10,1,0,1,4,2,2,3,2,1
55448128,97,49,48,20,10,10,31,18,13,22,8,14,2,1,1,10,5,5,12,7,5
55448129,1859,843,1016,356,138,218,618,333,285,592,233,359,18,9,9,146,56,90,129,74,55
55448130,1492,676,816,339,137,202,448,233,215,360,159,201,6,1,5,107,43,64,232,103,129
55448131,1503,734,769,304,144,160,391,230,161,489,202,287,21,4,17,163,79,84,135,75,60
55448132,2067,974,1093,360,150,210,707,370,337,612,271,341,28,10,18,213,87,126,147,86,61
55448133,1983,1085,898,341,167,174,514,301,213,507,231,276,27,7,20,128,56,72,466,323,143
55448134,1560,751,809,271,127,144,430,241,189,496,207,289,26,4,22,199,94,105,138,78,60
55448136,3281,1511,1770,539,201,338,1127,612,515,1042,430,612,43,11,32,331,153,178,199,104,95
55448138,24,13,11,1,1,0,3,2,1,13,7,6,0,0,0,4,1,3,3,2,1
55448139,704,349,355,111,48,63,222,130,92,215,88,127,7,2,5,101,56,45,48,25,23
55448140,468,229,239,66,26,40,101,55,46,182,87,95,7,1,6,77,36,41,35,24,11
55448141,584,295,289,92,43,49,154,80,74,154,68,86,11,3,8,91,47,44,82,54,28
55448142,2230,1061,1169,462,198,264,772,406,366,630,266,364,33,7,26,174,91,83,159,93,66
55448143,3458,1617,1841,620,245,375,1143,613,530,1091,464,627,50,17,33,305,148,157,249,130,119
55448144,683,339,344,80,33,47,165,94,71,266,131,135,11,4,7,135,62,73,26,15,11
55448145,188,99,89,29,15,14,79,50,29,58,24,34,2,0,2,11,5,6,9,5,4
0733770,0,0,0,0,0,0,0,0,0,0,0,0,0,0,0,0,0,0,0,0,0
53879501,37,19,18,7,4,3,12,6,6,16,9,7,0,0,0,1,0,1,1,0,1
53879502,428,215,213,85,37,48,175,103,72,99,45,54,5,0,5,28,13,15,36,17,19
0766600,0,0,0,0,0,0,0,0,0,0,0,0,0,0,0,0,0,0,0,0,0
55459601,192,94,98,53,20,33,84,51,33,39,15,24,4,1,3,2,0,2,10,7,3
55459602,35,16,19,15,6,9,15,8,7,5,2,3,0,0,0,0,0,0,0,0,0
55460002,32,14,18,5,0,5,6,3,3,7,4,3,0,0,0,3,2,1,11,5,6
55460003,1149,537,612,204,87,117,408,229,179,343,121,222,16,6,10,94,45,49,84,49,35
0815910,0,0,0,0,0,0,0,0,0,0,0,0,0,0,0,0,0,0,0,0,0
0816210,0,0,0,0,0,0,0,0,0,0,0,0,0,0,0,0,0,0,0,0,0
0816470,0,0,0,0,0,0,0,0,0,0,0,0,0,0,0,0,0,0,0,0,0
0816550,0,0,0,0,0,0,0,0,0,0,0,0,0,0,0,0,0,0,0,0,0
55461801,40,22,18,4,3,1,19,10,9,12,6,6,0,0,0,2,1,1,3,2,1
55461802,55,32,23,16,8,8,6,5,1,8,2,6,1,0,1,7,5,2,17,12,5
55461803,558,274,284,86,30,56,205,124,81,170,79,91,7,2,5,48,16,32,42,23,19
0844680,0,0,0,0,0,0,0,0,0,0,0,0,0,0,0,0,0,0,0,0,0
0845060,0,0,0,0,0,0,0,0,0,0,0,0,0,0,0,0,0,0,0,0,0
55462601,23,12,11,4,2,2,9,6,3,7,3,4,0,0,0,3,1,2,0,0,0
55462602,32,16,16,8,5,3,12,7,5,9,2,7,1,1,0,2,1,1,0,0,0
55462604,37,23,14,14,8,6,7,6,1,6,3,3,0,0,0,8,4,4,2,2,0
55462605,27,14,13,3,1,2,4,3,1,12,4,8,0,0,0,3,2,1,5,4,1
55462606,270,138,132,46,22,24,103,57,46,62,29,33,3,1,2,24,7,17,32,22,10
55462607,42,23,19,6,3,3,15,8,7,14,7,7,0,0,0,6,5,1,1,0,1
55462608,24,13,11,1,0,1,5,4,1,14,7,7,0,0,0,4,2,2,0,0,0
55462610,77,41,36,20,9,11,31,19,12,15,8,7,1,0,1,8,4,4,2,1,1
55462612,48,23,25,6,2,4,31,17,14,9,3,6,0,0,0,2,1,1,0,0,0
0881700,0,0,0,0,0,0,0,0,0,0,0,0,0,0,0,0,0,0,0,0,0
55463401,17,8,9,3,1,2,10,6,4,3,0,3,0,0,0,0,0,0,1,1,0
55463402,44,20,24,7,2,5,22,11,11,13,6,7,0,0,0,1,1,0,1,0,1
55463403,1611,806,805,364,142,222,672,398,274,355,150,205,13,6,7,57,29,28,150,81,69
55463407,45,26,19,8,4,4,18,12,6,11,5,6,2,1,1,1,0,1,5,4,1
0916340,0,0,0,0,0,0,0,0,0,0,0,0,0,0,0,0,0,0,0,0,0
0916690,0,0,0,0,0,0,0,0,0,0,0,0,0,0,0,0,0,0,0,0,0
55464201,32,19,13,8,6,2,10,6,4,8,3,5,0,0,0,3,2,1,3,2,1
55464202,98,55,43,3,3,0,12,9,3,38,16,22,3,2,1,35,21,14,7,4,3
55464204,779,358,421,104,39,65,295,157,138,243,99,144,10,2,8,89,44,45,38,17,21
55464205,605,283,322,104,44,60,196,113,83,201,82,119,4,2,2,67,28,39,33,14,19
55464206,109,53,56,14,5,9,32,23,9,40,15,25,2,1,1,13,7,6,8,2,6
55464207,2216,898,1318,321,108,213,732,334,398,755,278,477,49,19,30,249,115,134,110,44,66
55464208,1469,691,778,186,78,108,440,233,207,500,207,293,20,7,13,242,131,111,81,35,46
55464211,583,270,313,69,33,36,164,94,70,226,82,144,12,1,11,89,49,40,23,11,12
55464212,56,30,26,7,4,3,19,11,8,23,12,11,0,0,0,7,3,4,0,0,0
55464213,62,31,31,13,5,8,29,20,9,13,5,8,0,0,0,5,1,4,2,0,2
55464214,24,15,9,5,2,3,13,9,4,5,3,2,0,0,0,0,0,0,1,1,0
55464215,1127,545,582,184,76,108,330,187,143,369,163,206,16,4,12,129,57,72,99,58,41
55464216,506,241,265,54,18,36,125,69,56,122,47,75,9,4,5,108,46,62,88,57,31
55464217,1786,833,953,271,125,146,567,322,245,602,227,375,41,20,21,196,82,114,109,57,52
55464218,948,492,456,116,54,62,212,124,88,245,99,146,24,11,13,108,54,54,243,150,93
0948380,0,0,0,0,0,0,0,0,0,0,0,0,0,0,0,0,0,0,0,0,0
55465101,32,14,18,5,2,3,18,9,9,6,2,4,1,0,1,0,0,0,2,1,1
55465104,206,98,108,78,30,48,83,48,35,18,8,10,0,0,0,2,1,1,25,11,14
55465105,17,10,7,3,2,1,12,8,4,2,0,2,0,0,0,0,0,0,0,0,0
53890601,55,31,24,10,5,5,26,19,7,13,3,10,1,0,1,0,0,0,5,4,1
53890602,125,63,62,19,8,11,52,33,19,36,14,22,1,1,0,7,3,4,10,4,6
53890603,34,17,17,4,2,2,11,5,6,11,5,6,1,1,0,3,2,1,4,2,2
53890606,23,11,12,2,0,2,13,8,5,3,1,2,1,0,1,1,0,1,3,2,1
55467701,177,67,110,81,12,69,63,35,28,19,11,8,1,0,1,3,2,1,10,7,3
55467702,57,29,28,9,3,6,31,20,11,13,5,8,0,0,0,2,0,2,2,1,1
55467703,77,37,40,10,6,4,32,16,16,19,8,11,0,0,0,12,5,7,4,2,2
55469301,22,12,10,1,0,1,12,8,4,9,4,5,0,0,0,0,0,0,0,0,0
55469304,273,134,139,47,20,27,112,65,47,81,32,49,2,0,2,11,5,6,20,12,8
0692050,0,0,0,0,0,0,0,0,0,0,0,0,0,0,0,0,0,0,0,0,0
1077270,0,0,0,0,0,0,0,0,0,0,0,0,0,0,0,0,0,0,0,0,0
55470701,60,35,25,11,6,5,22,14,8,17,9,8,0,0,0,4,2,2,6,4,2
55470704,29,13,16,9,3,6,4,3,1,9,5,4,1,1,0,6,1,5,0,0,0
55470706,23,12,11,2,0,2,11,7,4,8,5,3,0,0,0,2,0,2,0,0,0
55470708,43,22,21,10,3,7,12,7,5,7,3,4,0,0,0,2,1,1,12,8,4
55470710,229,115,114,58,19,39,95,61,34,43,19,24,1,0,1,7,1,6,25,15,10
55470712,25,16,9,3,0,3,11,9,2,7,4,3,0,0,0,0,0,0,4,3,1
53955401,20,13,7,4,2,2,7,5,2,2,1,1,0,0,0,2,0,2,5,5,0
53955403,29,14,15,3,1,2,11,7,4,7,2,5,1,0,1,6,3,3,1,1,0
53955404,36,20,16,6,4,2,11,7,4,11,6,5,1,0,1,5,2,3,2,1,1
53955405,65,32,33,11,5,6,22,11,11,16,9,7,3,1,2,6,2,4,7,4,3
53955406,40,21,19,9,5,4,14,9,5,14,4,10,0,0,0,1,1,0,2,2,0
53892201,51,26,25,4,1,3,18,11,7,21,10,11,0,0,0,6,2,4,2,2,0
53892202,157,78,79,38,15,23,64,36,28,38,18,20,1,1,0,4,0,4,12,8,4
1171450,0,0,0,0,0,0,0,0,0,0,0,0,0,0,0,0,0,0,0,0,0
53947301,111,61,50,22,8,14,45,33,12,21,8,13,0,0,0,6,2,4,17,10,7
55474001,90,46,44,21,8,13,41,25,16,18,6,12,0,0,0,3,1,2,7,6,1
55474002,1160,581,579,260,103,157,492,281,211,258,119,139,4,1,3,44,22,22,102,55,47
55474003,283,139,144,58,21,37,127,74,53,61,28,33,3,2,1,16,3,13,18,11,7
53881701,167,83,84,32,15,17,63,35,28,41,15,26,1,0,1,7,6,1,23,12,11
53886801,91,51,40,15,7,8,34,23,11,25,13,12,1,0,1,15,8,7,1,0,1
53886803,68,33,35,6,0,6,17,12,5,28,11,17,1,0,1,15,9,6,1,1,0
53886804,81,44,37,5,3,2,21,14,7,37,17,20,0,0,0,16,9,7,2,1,1
57797901,67,34,33,8,3,5,21,14,7,20,9,11,2,1,1,10,3,7,6,4,2
57797902,64,33,31,19,7,12,28,17,11,10,6,4,0,0,0,1,0,1,6,3,3
53953801,80,44,36,17,7,10,34,21,13,16,8,8,0,0,0,5,2,3,8,6,2
1481300,0,0,0,0,0,0,0,0,0,0,0,0,0,0,0,0,0,0,0,0,0
1481480,0,0,0,0,0,0,0,0,0,0,0,0,0,0,0,0,0,0,0,0,0
55481201,31,14,17,7,4,3,10,3,7,8,4,4,0,0,0,5,3,2,1,0,1
55481203,1369,669,700,304,115,189,460,274,186,371,172,199,26,6,20,110,51,59,98,51,47
55481204,133,72,61,23,11,12,61,36,25,25,14,11,1,0,1,13,6,7,10,5,5
55481206,109,39,70,29,5,24,37,16,21,30,13,17,0,0,0,2,1,1,11,4,7
1540320,0,0,0,0,0,0,0,0,0,0,0,0,0,0,0,0,0,0,0,0,0
1540410,0,0,0,0,0,0,0,0,0,0,0,0,0,0,0,0,0,0,0,0,0
53911201,93,47,46,10,9,1,31,18,13,41,13,28,1,1,0,9,5,4,1,1,0
53911202,64,31,33,15,2,13,22,14,8,15,7,8,0,0,0,7,4,3,5,4,1
53911203,19,10,9,1,0,1,8,4,4,9,5,4,0,0,0,0,0,0,1,1,0
53911204,194,106,88,45,27,18,76,50,26,45,16,29,1,1,0,13,4,9,14,8,6
53911206,20,11,9,1,1,0,8,3,5,8,5,3,0,0,0,1,1,0,2,1,1
55563101,27,13,14,5,2,3,13,8,5,3,0,3,0,0,0,0,0,0,6,3,3
55563102,30,19,11,1,0,1,21,15,6,7,3,4,0,0,0,1,1,0,0,0,0
55563104,26,16,10,10,7,3,9,6,3,3,0,3,0,0,0,1,1,0,3,2,1
55563106,24,14,10,14,8,6,6,4,2,0,0,0,0,0,0,1,1,0,3,1,2
55563107,39,23,16,4,2,2,19,13,6,10,4,6,0,0,0,4,2,2,2,2,0
55563111,35,18,17,6,1,5,18,12,6,8,5,3,0,0,0,3,0,3,0,0,0
55563113,35,16,19,5,2,3,16,9,7,9,3,6,1,1,0,3,1,2,1,0,1
55563114,13,6,7,1,0,1,5,3,2,2,1,1,0,0,0,0,0,0,5,2,3
55563116,55,32,23,19,11,8,20,11,9,3,1,2,0,0,0,0,0,0,13,9,4
55563117,38,22,16,16,8,8,10,6,4,3,2,1,0,0,0,0,0,0,9,6,3
55563118,27,13,14,6,4,2,11,6,5,8,3,5,0,0,0,0,0,0,2,0,2
55563119,35,17,18,10,6,4,9,7,2,12,2,10,0,0,0,3,1,2,1,1,0
55563120,23,15,8,7,4,3,8,6,2,6,3,3,0,0,0,2,2,0,0,0,0
55563123,84,45,39,30,13,17,22,14,8,11,5,6,1,1,0,6,4,2,14,8,6
55563125,27,16,11,4,3,1,11,5,6,8,6,2,1,0,1,1,0,1,2,2,0
55563126,78,43,35,34,19,15,23,11,12,3,1,2,0,0,0,0,0,0,18,12,6
55563127,1669,819,850,399,170,229,613,343,270,368,157,211,21,6,15,96,39,57,172,104,68
55563128,50,28,22,17,9,8,17,10,7,9,4,5,1,1,0,1,0,1,5,4,1
1688400,0,0,0,0,0,0,0,0,0,0,0,0,0,0,0,0,0,0,0,0,0
55485501,65,35,30,20,9,11,35,23,12,8,2,6,0,0,0,0,0,0,2,1,1
55485502,248,131,117,63,29,34,110,66,44,53,26,27,5,1,4,7,3,4,10,6,4
53902301,28,16,12,8,6,2,8,5,3,5,4,1,1,0,1,1,0,1,5,1,4
53902302,25,12,13,5,1,4,9,6,3,7,2,5,1,1,0,3,2,1,0,0,0
53902303,44,23,21,6,3,3,17,11,6,12,4,8,0,0,0,8,4,4,1,1,0
53902305,29,17,12,12,5,7,12,8,4,3,3,0,0,0,0,0,0,0,2,1,1
53902306,41,23,18,4,2,2,15,11,4,15,6,9,0,0,0,4,2,2,3,2,1
53902308,172,79,93,22,7,15,70,42,28,53,16,37,0,0,0,15,3,12,12,11,1
53902310,37,20,17,4,2,2,17,12,5,15,5,10,0,0,0,0,0,0,1,1,0
55488001,19,9,10,6,3,3,6,3,3,5,2,3,0,0,0,1,0,1,1,1,0
55488002,93,46,47,8,1,7,27,19,8,32,12,20,4,2,2,16,10,6,6,2,4
55488003,258,124,134,31,17,14,91,51,40,86,36,50,3,1,2,28,12,16,19,7,12
55488004,39,17,22,5,1,4,12,8,4,13,4,9,0,0,0,6,3,3,3,1,2
55488005,143,77,66,32,15,17,44,30,14,35,18,17,1,0,1,14,4,10,17,10,7
55488006,198,99,99,36,17,19,83,45,38,37,15,22,2,2,0,19,10,9,21,10,11
1718082,0,0,0,0,0,0,0,0,0,0,0,0,0,0,0,0,0,0,0,0,0
53961901,30,16,14,4,1,3,9,6,3,11,5,6,1,1,0,4,2,2,1,1,0
53961902,39,22,17,8,3,5,17,11,6,9,7,2,0,0,0,4,0,4,1,1,0
53961903,44,21,23,14,3,11,20,12,8,6,3,3,1,0,1,1,1,0,2,2,0
53948101,393,184,209,77,32,45,122,68,54,122,50,72,3,2,1,57,27,30,12,5,7
53927901,507,255,252,71,29,42,186,106,80,176,74,102,6,1,5,51,32,19,17,13,4
53927903,19,11,8,2,1,1,5,4,1,8,4,4,0,0,0,3,1,2,1,1,0
53927904,1359,657,702,173,69,104,487,261,226,418,180,238,13,7,6,171,77,94,97,63,34
57800201,133,73,60,28,8,20,51,35,16,29,15,14,1,0,1,7,2,5,17,13,4
53937601,17,9,8,0,0,0,4,3,1,2,2,0,1,1,0,10,3,7,0,0,0
53937602,89,42,47,20,8,12,41,20,21,22,9,13,0,0,0,4,3,1,2,2,0
53907401,26,12,14,4,2,2,10,6,4,10,3,7,0,0,0,1,0,1,1,1,0
53907402,44,17,27,6,1,5,19,8,11,10,4,6,1,1,0,4,1,3,4,2,2
53907403,60,39,21,11,6,5,22,14,8,15,8,7,0,0,0,1,1,0,11,10,1
53907404,67,40,27,17,8,9,28,19,9,16,10,6,0,0,0,0,0,0,6,3,3
53943101,38,19,19,3,1,2,14,8,6,7,2,5,0,0,0,10,6,4,4,2,2
53943102,163,87,76,19,9,10,56,33,23,50,26,24,11,6,5,18,6,12,9,7,2
53943103,79,41,38,11,3,8,28,20,8,29,14,15,1,0,1,9,4,5,1,0,1
55497901,640,333,307,158,57,101,237,143,94,127,59,68,4,2,2,40,16,24,74,56,18
55497902,49,24,25,4,1,3,18,10,8,13,5,8,0,0,0,12,6,6,2,2,0
53800101,330,165,165,43,19,24,106,67,39,98,41,57,5,2,3,57,24,33,21,12,9
55499501,650,343,307,140,62,78,245,141,104,145,74,71,10,7,3,57,24,33,53,35,18
55499502,71,33,38,12,4,8,20,13,7,26,10,16,0,0,0,9,3,6,4,3,1
55499503,58,27,31,9,4,5,14,7,7,21,10,11,3,1,2,9,4,5,2,1,1
0716410,0,0,0,0,0,0,0,0,0,0,0,0,0,0,0,0,0,0,0,0,0
0716500,0,0,0,0,0,0,0,0,0,0,0,0,0,0,0,0,0,0,0,0,0
1987220,0,0,0,0,0,0,0,0,0,0,0,0,0,0,0,0,0,0,0,0,0
55502901,991,495,496,209,82,127,419,247,172,212,89,123,3,0,3,55,22,33,93,55,38
55502903,26,11,15,7,2,5,7,4,3,7,4,3,0,0,0,4,1,3,1,0,1
55502904,34,19,15,12,6,6,13,8,5,6,3,3,0,0,0,1,1,0,2,1,1
55502905,40,22,18,6,3,3,16,10,6,11,5,6,0,0,0,5,3,2,2,1,1
55502907,84,44,40,23,13,10,31,16,15,17,8,9,2,0,2,5,3,2,6,4,2
55502909,66,39,27,17,9,8,23,14,9,19,13,6,0,0,0,6,3,3,1,0,1
55502910,18,8,10,7,4,3,7,3,4,2,0,2,0,0,0,0,0,0,2,1,1
55502911,25,11,14,3,1,2,9,4,5,8,4,4,0,0,0,3,1,2,2,1,1
55502912,70,35,35,9,2,7,26,18,8,22,8,14,0,0,0,8,3,5,5,4,1
55502913,62,29,33,14,4,10,19,13,6,19,7,12,1,1,0,1,0,1,8,4,4
55502914,20,10,10,0,0,0,10,5,5,5,1,4,0,0,0,3,2,1,2,2,0
55502915,24,14,10,3,1,2,12,8,4,8,5,3,0,0,0,1,0,1,0,0,0
55502917,80,42,38,10,5,5,29,18,11,22,10,12,0,0,0,5,2,3,14,7,7
50648601,173,84,89,19,7,12,44,26,18,62,30,32,2,1,1,43,17,26,3,3,0
55504501,513,263,250,108,47,61,216,131,85,118,51,67,7,1,6,18,3,15,46,30,16
3300430,0,0,0,0,0,0,0,0,0,0,0,0,0,0,0,0,0,0,0,0,0
3909250,0,0,0,0,0,0,0,0,0,0,0,0,0,0,0,0,0,0,0,0,0
50010101,171,96,75,60,32,28,65,43,22,27,12,15,1,0,1,5,1,4,13,8,5
53787001,451,222,229,64,26,38,148,83,65,151,71,80,11,5,6,49,20,29,28,17,11
53801901,90,55,35,8,4,4,39,27,12,25,13,12,1,0,1,5,2,3,12,9,3
53801902,158,91,67,24,11,13,61,40,21,56,31,25,1,1,0,7,3,4,9,5,4
50662101,90,45,45,31,11,20,37,22,15,13,5,8,0,0,0,2,1,1,7,6,1
50662104,45,25,20,11,6,5,16,9,7,14,9,5,1,0,1,2,1,1,1,0,1
53791801,32,16,16,6,1,5,8,5,3,9,6,3,0,0,0,8,4,4,1,0,1
53791802,966,490,476,121,57,64,319,175,144,317,134,183,10,5,5,113,58,55,86,61,25
53791803,156,80,76,21,9,12,51,32,19,55,27,28,1,0,1,25,10,15,3,2,1
53791804,107,51,56,13,4,9,22,12,10,42,19,23,4,2,2,21,12,9,5,2,3
53791805,76,34,42,13,5,8,35,21,14,16,4,12,0,0,0,10,2,8,2,2,0
53791806,248,126,122,39,13,26,86,55,31,77,34,43,3,1,2,35,18,17,8,5,3
53811601,276,150,126,53,25,28,117,82,35,75,26,49,1,0,1,13,6,7,17,11,6
53811602,89,50,39,8,4,4,37,21,16,29,20,9,2,0,2,12,4,8,1,1,0
3907980,0,0,0,0,0,0,0,0,0,0,0,0,0,0,0,0,0,0,0,0,0
50012701,48,27,21,9,5,4,18,13,5,12,5,7,1,0,1,3,1,2,5,3,2
50012702,55,32,23,6,3,3,26,16,10,12,6,6,0,0,0,7,3,4,4,4,0
50012703,15,10,5,5,3,2,6,4,2,2,1,1,0,0,0,0,0,0,2,2,0
53815901,460,236,224,57,30,27,131,83,48,158,70,88,12,4,8,80,35,45,22,14,8
53815902,46,23,23,9,3,6,21,14,7,13,6,7,0,0,0,3,0,3,0,0,0
53815903,23,14,9,6,4,2,10,7,3,3,1,2,0,0,0,3,2,1,1,0,1
55516901,310,162,148,59,30,29,113,65,48,75,33,42,4,2,2,26,9,17,33,23,10
55165101,291,147,144,31,12,19,86,54,32,111,52,59,4,1,3,47,20,27,12,8,4
3300860,0,0,0,0,0,0,0,0,0,0,0,0,0,0,0,0,0,0,0,0,0
3903210,0,0,0,0,0,0,0,0,0,0,0,0,0,0,0,0,0,0,0,0,0
3903810,0,0,0,0,0,0,0,0,0,0,0,0,0,0,0,0,0,0,0,0,0
3908360,0,0,0,0,0,0,0,0,0,0,0,0,0,0,0,0,0,0,0,0,0
3911070,0,0,0,0,0,0,0,0,0,0,0,0,0,0,0,0,0,0,0,0,0
3912470,0,0,0,0,0,0,0,0,0,0,0,0,0,0,0,0,0,0,0,0,0
3923160,0,0,0,0,0,0,0,0,0,0,0,0,0,0,0,0,0,0,0,0,0
55518501,67,31,36,12,3,9,21,13,8,22,11,11,2,0,2,8,3,5,2,1,1
55518502,77,41,36,12,7,5,30,20,10,20,6,14,2,1,1,6,2,4,7,5,2
55518503,1190,588,602,219,96,123,530,301,229,284,110,174,16,4,12,66,29,37,75,48,27
55518504,34,18,16,7,2,5,10,7,3,8,3,5,0,0,0,7,4,3,2,2,0
55518505,299,143,156,29,11,18,98,60,38,104,37,67,5,3,2,48,24,24,15,8,7
57801101,80,46,34,13,5,8,37,23,14,19,10,9,0,0,0,3,2,1,8,6,2
0555141,0,0,0,0,0,0,0,0,0,0,0,0,0,0,0,0,0,0,0,0,0
0555220,0,0,0,0,0,0,0,0,0,0,0,0,0,0,0,0,0,0,0,0,0
55520702,377,195,182,66,23,43,175,103,72,95,43,52,3,2,1,20,11,9,18,13,5
55520705,27,14,13,1,1,0,17,9,8,4,1,3,0,0,0,4,3,1,1,0,1
55520707,38,21,17,10,4,6,20,13,7,7,3,4,0,0,0,1,1,0,0,0,0
55520708,15,8,7,3,1,2,2,2,0,6,2,4,0,0,0,3,2,1,1,1,0
0564720,0,0,0,0,0,0,0,0,0,0,0,0,0,0,0,0,0,0,0,0,0
55521501,219,58,161,136,23,113,38,15,23,34,15,19,1,0,1,6,1,5,4,4,0
55521502,52,27,25,5,4,1,19,12,7,15,6,9,1,1,0,8,2,6,4,2,2
55521503,55,28,27,6,1,5,11,8,3,24,13,11,2,0,2,9,5,4,3,1,2
55521505,116,49,67,23,8,15,41,21,20,32,13,19,2,0,2,9,4,5,9,3,6
55521506,456,231,225,107,44,63,177,103,74,105,48,57,9,5,4,33,14,19,25,17,8
55521508,438,211,227,84,42,42,161,90,71,108,37,71,5,2,3,29,17,12,51,23,28
55521510,596,306,290,130,56,74,227,128,99,128,56,72,5,0,5,27,13,14,79,53,26
53792601,616,304,312,83,38,45,169,88,81,203,95,108,12,6,6,118,60,58,31,17,14
53792603,232,104,128,18,7,11,38,22,16,92,34,58,2,1,1,67,32,35,15,8,7
0636060,0,0,0,0,0,0,0,0,0,0,0,0,0,0,0,0,0,0,0,0,0
0636650,0,0,0,0,0,0,0,0,0,0,0,0,0,0,0,0,0,0,0,0,0
0636730,0,0,0,0,0,0,0,0,0,0,0,0,0,0,0,0,0,0,0,0,0
3196010,0,0,0,0,0,0,0,0,0,0,0,0,0,0,0,0,0,0,0,0,0
55496102,1761,830,931,218,95,123,496,257,239,613,278,335,35,11,24,325,151,174,74,38,36
55496103,66,35,31,6,2,4,30,16,14,25,13,12,0,0,0,5,4,1,0,0,0
55496104,772,370,402,95,34,61,176,93,83,272,125,147,16,5,11,172,81,91,41,32,9
55496105,29,23,6,11,9,2,11,9,2,5,3,2,0,0,0,0,0,0,2,2,0
55496107,40,17,23,6,3,3,14,6,8,17,7,10,0,0,0,2,1,1,1,0,1
55496108,1574,763,811,272,112,160,510,278,232,450,196,254,20,6,14,196,91,105,126,80,46
55496109,1634,715,919,188,70,118,559,288,271,590,235,355,22,3,19,192,81,111,83,38,45
55496110,468,215,253,52,18,34,125,66,59,149,66,83,9,5,4,112,50,62,21,10,11
55496111,3102,1404,1698,399,163,236,931,481,450,1139,475,664,66,26,40,427,197,230,140,62,78
55496112,2695,1269,1426,436,185,251,846,451,395,879,380,499,66,23,43,321,154,167,147,76,71
55496113,1177,575,602,128,57,71,383,213,170,429,189,240,19,9,10,159,79,80,59,28,31
55496114,575,301,274,88,46,42,151,81,70,202,100,102,25,14,11,78,41,37,31,19,12
55496115,282,122,160,35,13,22,100,51,49,103,39,64,2,1,1,18,7,11,24,11,13
55496116,314,151,163,44,16,28,88,51,37,104,52,52,2,0,2,67,28,39,9,4,5
55496118,102,54,48,18,10,8,46,29,17,25,9,16,1,0,1,6,3,3,6,3,3
55496119,476,231,245,67,30,37,147,87,60,157,66,91,6,0,6,79,37,42,20,11,9
55496120,282,139,143,49,29,20,100,59,41,79,31,48,8,3,5,41,14,27,5,3,2
55496121,161,75,86,27,8,19,47,30,17,50,19,31,6,3,3,22,12,10,9,3,6
55496122,540,266,274,81,34,47,203,116,87,171,78,93,8,4,4,57,22,35,20,12,8
55496123,968,492,476,146,66,80,281,163,118,321,154,167,16,6,10,142,70,72,62,33,29
55496124,242,114,128,63,26,37,79,39,40,66,32,34,3,2,1,14,6,8,17,9,8
55496125,1184,519,665,160,66,94,334,169,165,415,165,250,24,7,17,172,65,107,79,47,32
55496126,3574,1564,2010,508,197,311,1222,610,612,1224,472,752,70,20,50,401,193,208,149,72,77
55496127,260,124,136,31,10,21,55,29,26,91,42,49,7,3,4,62,32,30,14,8,6
55496129,710,321,389,86,38,48,166,87,79,260,111,149,13,3,10,140,58,82,45,24,21
55496131,1476,664,812,147,69,78,340,191,149,548,210,338,33,8,25,326,143,183,82,43,39
55496132,2704,1218,1486,327,123,204,697,362,335,900,349,551,73,26,47,498,255,243,209,103,106
55496133,44,22,22,3,2,1,15,11,4,20,6,14,3,3,0,3,0,3,0,0,0
55496134,995,450,545,151,70,81,275,139,136,328,120,208,24,8,16,147,74,73,70,39,31
55496135,385,203,182,38,20,18,61,32,29,107,62,45,14,10,4,95,40,55,70,39,31
55496137,150,75,75,16,8,8,33,26,7,74,28,46,1,0,1,20,10,10,6,3,3
55496138,1199,578,621,118,55,63,278,148,130,328,148,180,33,14,19,259,118,141,183,95,88
55496139,2186,940,1246,318,128,190,557,260,297,736,284,452,39,15,24,356,170,186,180,83,97
55496140,16,9,7,0,0,0,1,1,0,2,1,1,1,0,1,1,1,0,11,6,5
55496141,390,178,212,23,9,14,81,43,38,148,58,90,9,6,3,110,53,57,19,9,10
55496142,2176,1255,921,267,138,129,497,299,198,501,243,258,45,14,31,244,106,138,622,455,167
55496143,1416,647,769,169,68,101,331,169,162,436,180,256,66,27,39,277,127,150,137,76,61
55496144,636,322,314,49,25,24,136,83,53,202,94,108,15,5,10,173,79,94,61,36,25
55496146,1079,501,578,111,50,61,247,120,127,323,125,198,28,8,20,190,85,105,180,113,67
55496148,23,14,9,0,0,0,7,4,3,9,3,6,0,0,0,7,7,0,0,0,0
55496149,407,200,207,35,10,25,60,36,24,129,65,64,12,3,9,113,54,59,58,32,26
55525801,139,70,69,12,6,6,26,16,10,40,22,18,1,0,1,53,23,30,7,3,4
55525802,517,265,252,79,39,40,139,72,67,170,86,84,14,4,10,84,42,42,31,22,9
55530401,285,142,143,56,21,35,119,74,45,72,29,43,3,0,3,16,10,6,19,8,11
55530402,42,21,21,8,4,4,26,14,12,6,2,4,0,0,0,2,1,1,0,0,0
0739460,0,0,0,0,0,0,0,0,0,0,0,0,0,0,0,0,0,0,0,0,0
0739540,0,0,0,0,0,0,0,0,0,0,0,0,0,0,0,0,0,0,0,0,0
57804501,31,16,15,9,3,6,9,6,3,5,2,3,1,1,0,2,1,1,5,3,2
57804502,27,13,14,4,3,1,12,6,6,7,2,5,0,0,0,2,1,1,2,1,1
57804503,184,88,96,26,12,14,62,42,20,66,23,43,4,1,3,22,8,14,4,2,2
57804505,15,9,6,3,2,1,4,3,1,7,4,3,0,0,0,1,0,1,0,0,0
55534701,21,11,10,4,3,1,5,3,2,5,2,3,0,0,0,6,2,4,1,1,0
55534702,45,22,23,4,1,3,13,10,3,19,9,10,2,1,1,7,1,6,0,0,0
55534703,614,333,281,125,68,57,221,134,87,160,75,85,8,3,5,68,31,37,32,22,10
55536301,29,13,16,2,1,1,8,5,3,11,4,7,0,0,0,5,1,4,3,2,1
55536302,635,319,316,137,60,77,226,141,85,164,66,98,2,0,2,52,21,31,54,31,23
55536303,31,18,13,7,4,3,8,6,2,11,3,8,0,0,0,4,4,0,1,1,0
55536304,63,36,27,10,5,5,22,14,8,15,6,9,0,0,0,9,6,3,7,5,2
53793401,209,108,101,35,17,18,66,43,23,65,25,40,4,1,3,27,14,13,12,8,4
53793402,53,26,27,6,3,3,26,14,12,14,5,9,0,0,0,5,3,2,2,1,1
3020400,0,0,0,0,0,0,0,0,0,0,0,0,0,0,0,0,0,0,0,0,0
55538001,73,37,36,14,7,7,25,15,10,27,12,15,0,0,0,6,3,3,1,0,1
55538002,35,19,16,9,2,7,13,10,3,8,4,4,0,0,0,5,3,2,0,0,0
55538003,30,19,11,3,2,1,13,6,7,9,8,1,1,1,0,3,1,2,1,1,0
55538004,251,132,119,42,22,20,109,64,45,73,35,38,6,2,4,17,6,11,4,3,1
55538006,225,117,108,37,17,20,91,55,36,74,32,42,2,1,1,18,10,8,3,2,1
55538007,47,26,21,6,1,5,18,11,7,19,12,7,0,0,0,2,1,1,2,1,1
55538009,126,69,57,22,13,9,38,20,18,40,21,19,1,0,1,22,13,9,3,2,1
55538010,118,61,57,17,6,11,57,33,24,29,14,15,0,0,0,6,2,4,9,6,3
55538011,131,66,65,24,11,13,54,32,22,39,18,21,1,0,1,8,3,5,5,2,3
55538012,876,420,456,148,64,84,268,150,118,265,127,138,9,1,8,94,46,48,92,32,60
55538013,1914,896,1018,345,129,216,795,403,392,511,228,283,19,9,10,106,50,56,138,77,61
55538014,315,164,151,59,24,35,137,82,55,87,41,46,3,1,2,15,9,6,14,7,7
55538015,718,345,373,153,59,94,298,167,131,180,75,105,3,1,2,42,17,25,42,26,16
55538016,1431,730,701,318,136,182,457,259,198,343,158,185,13,6,7,71,29,42,229,142,87
55538017,172,88,84,25,10,15,56,31,25,60,30,30,0,0,0,25,13,12,6,4,2
55539801,107,57,50,26,13,13,47,30,17,23,9,14,1,0,1,5,3,2,5,2,3
55539802,503,255,248,83,37,46,126,68,58,153,80,73,17,7,10,82,41,41,42,22,20
55539803,2769,1333,1436,482,187,295,1075,606,469,810,341,469,25,6,19,182,74,108,195,119,76
50649402,284,151,133,40,16,24,98,62,36,92,45,47,4,2,2,36,16,20,14,10,4
0782800,0,0,0,0,0,0,0,0,0,0,0,0,0,0,0,0,0,0,0,0,0
3365050,0,0,0,0,0,0,0,0,0,0,0,0,0,0,0,0,0,0,0,0,0
3365130,0,0,0,0,0,0,0,0,0,0,0,0,0,0,0,0,0,0,0,0,0
3365480,0,0,0,0,0,0,0,0,0,0,0,0,0,0,0,0,0,0,0,0,0
55542801,87,46,41,8,5,3,30,17,13,30,13,17,0,0,0,12,8,4,7,3,4
55542803,188,99,89,16,8,8,64,39,25,68,28,40,1,0,1,29,20,9,10,4,6
55542804,131,72,59,36,15,21,45,34,11,24,11,13,3,0,3,6,3,3,17,9,8
55542805,18,8,10,6,2,4,5,2,3,6,3,3,0,0,0,1,1,0,0,0,0
55542807,206,110,96,40,19,21,61,45,16,61,24,37,3,1,2,35,16,19,6,5,1
55542808,1181,1142,39,615,605,10,412,402,10,121,108,13,5,4,1,23,19,4,5,4,1
55542809,173,85,88,33,12,21,52,34,18,54,21,33,2,1,1,23,12,11,9,5,4
55542810,20,9,11,1,1,0,9,4,5,9,4,5,0,0,0,1,0,1,0,0,0
55542811,52,27,25,9,4,5,26,16,10,12,4,8,1,0,1,0,0,0,4,3,1
55542813,2371,1139,1232,452,198,254,763,400,363,682,315,367,46,19,27,257,125,132,171,82,89
55542814,127,54,73,22,3,19,51,29,22,37,17,20,4,0,4,12,5,7,1,0,1
55542815,55,32,23,13,8,5,22,10,12,12,7,5,1,1,0,1,1,0,6,5,1
55542816,1136,651,485,169,94,75,364,217,147,256,109,147,12,5,7,81,41,40,254,185,69
55542817,3566,1632,1934,543,216,327,1295,672,623,1147,476,671,58,18,40,292,125,167,231,125,106
55542818,4161,1922,2239,654,248,406,1438,785,653,1309,560,749,69,17,52,442,189,253,249,123,126
55542819,139,64,75,21,8,13,35,18,17,56,23,33,1,0,1,26,15,11,0,0,0
55542820,34,18,16,4,2,2,15,8,7,9,4,5,0,0,0,4,3,1,2,1,1
55542821,678,340,338,120,51,69,228,141,87,207,90,117,5,2,3,75,32,43,43,24,19
53796901,193,85,108,18,6,12,67,30,37,77,38,39,3,1,2,23,9,14,5,1,4
53796902,595,304,291,60,31,29,178,99,79,235,113,122,12,7,5,88,40,48,22,14,8
55544401,70,35,35,11,4,7,47,27,20,10,3,7,0,0,0,1,0,1,1,1,0
55544402,39,17,22,9,3,6,22,12,10,5,1,4,0,0,0,2,0,2,1,1,0
55544403,187,101,86,47,19,28,81,50,31,32,12,20,0,0,0,7,5,2,20,15,5
55544404,29,14,15,6,2,4,12,6,6,8,4,4,0,0,0,1,1,0,2,1,1
55544405,17,8,9,1,1,0,7,3,4,7,4,3,0,0,0,1,0,1,1,0,1
1193181,0,0,0,0,0,0,0,0,0,0,0,0,0,0,0,0,0,0,0,0,0
55545201,517,261,256,92,33,59,183,112,71,145,67,78,8,3,5,56,23,33,33,23,10
55694701,447,214,233,62,17,45,167,100,67,132,57,75,6,1,5,60,29,31,20,10,10
55547901,280,149,131,69,38,31,107,54,53,82,48,34,0,0,0,13,3,10,9,6,3
55547902,35,18,17,7,2,5,14,8,6,11,7,4,1,0,1,0,0,0,2,1,1
55552501,41,21,20,12,2,10,16,13,3,11,5,6,0,0,0,0,0,0,2,1,1
55552502,58,29,29,12,4,8,28,17,11,9,4,5,4,2,2,3,1,2,2,1,1
55552503,176,93,83,50,22,28,78,46,32,15,7,8,0,0,0,4,1,3,29,17,12
55552504,20,10,10,5,1,4,10,6,4,3,2,1,0,0,0,2,1,1,0,0,0
55552505,29,14,15,7,6,1,15,6,9,5,1,4,0,0,0,1,1,0,1,0,1
55552507,108,59,49,16,7,9,58,34,24,17,7,10,0,0,0,1,0,1,16,11,5
55552508,22,10,12,2,0,2,12,7,5,6,2,4,0,0,0,1,0,1,1,1,0
55553301,260,125,135,41,13,28,105,58,47,75,31,44,1,0,1,24,15,9,14,8,6
55553302,38,19,19,13,6,7,15,9,6,8,3,5,0,0,0,1,0,1,1,1,0
55553303,129,57,72,21,6,15,51,29,22,35,9,26,0,0,0,12,6,6,10,7,3
55553304,257,128,129,32,13,19,71,43,28,111,56,55,8,2,6,32,13,19,3,1,2
55553305,26,15,11,2,1,1,10,8,2,11,4,7,1,0,1,2,2,0,0,0,0
55553306,87,45,42,12,5,7,32,18,14,29,14,15,0,0,0,9,6,3,5,2,3
55553307,60,30,30,9,4,5,21,12,9,18,9,9,0,0,0,10,4,6,2,1,1
55553308,49,23,26,10,4,6,10,6,4,20,10,10,1,1,0,7,2,5,1,0,1
55553309,198,109,89,36,17,19,59,36,23,59,32,27,4,0,4,22,8,14,18,16,2
53802701,182,96,86,14,7,7,61,34,27,69,36,33,1,1,0,25,10,15,12,8,4
55555001,85,48,37,18,10,8,32,22,10,15,5,10,0,0,0,4,3,1,16,8,8
55555002,24,14,10,0,0,0,12,9,3,6,3,3,1,0,1,4,1,3,1,1,0
55555003,252,132,120,43,18,25,94,56,38,70,33,37,1,0,1,25,13,12,19,12,7
55555005,101,51,50,25,9,16,38,25,13,25,10,15,1,1,0,10,5,5,2,1,1
55558401,51,26,25,11,1,10,20,14,6,12,5,7,0,0,0,5,4,1,3,2,1
55558402,20,11,9,5,3,2,6,5,1,7,2,5,0,0,0,2,1,1,0,0,0
55558405,45,23,22,12,4,8,14,9,5,10,6,4,0,0,0,4,1,3,5,3,2
55558406,30,17,13,9,3,6,9,7,2,8,6,2,0,0,0,4,1,3,0,0,0
55558407,30,13,17,11,3,8,11,6,5,4,3,1,0,0,0,3,1,2,1,0,1
55558408,266,137,129,57,20,37,121,74,47,50,18,32,0,0,0,4,1,3,34,24,10
55558409,30,14,16,6,3,3,13,7,6,7,3,4,0,0,0,3,1,2,1,0,1
55559201,65,34,31,11,6,5,22,12,10,24,13,11,0,0,0,8,3,5,0,0,0
55559202,30,14,16,5,2,3,8,6,2,13,4,9,0,0,0,4,2,2,0,0,0
55559203,239,126,113,43,15,28,91,56,35,56,26,30,4,1,3,19,8,11,26,20,6
55559204,112,51,61,21,6,15,43,24,19,33,16,17,4,1,3,4,1,3,7,3,4
55561401,164,91,73,25,14,11,47,27,20,45,24,21,6,2,4,18,8,10,23,16,7
55561402,48,25,23,5,2,3,23,11,12,9,5,4,0,0,0,6,4,2,5,3,2
55561403,185,98,87,31,16,15,71,43,28,51,26,25,2,1,1,24,9,15,6,3,3
55561404,71,33,38,9,4,5,18,12,6,29,8,21,2,1,1,13,8,5,0,0,0
55561405,80,42,38,9,7,2,27,16,11,28,13,15,2,1,1,12,4,8,2,1,1
55562201,41,21,20,14,7,7,14,7,7,8,3,5,2,2,0,1,1,0,2,1,1
55562202,42,24,18,8,5,3,21,11,10,5,4,1,0,0,0,6,3,3,2,1,1
55562203,64,33,31,10,5,5,22,14,8,7,2,5,0,0,0,9,4,5,16,8,8
55562206,197,109,88,40,16,24,89,58,31,36,17,19,1,0,1,8,4,4,23,14,9
55562208,66,31,35,16,6,10,37,18,19,9,5,4,0,0,0,1,0,1,3,2,1
53784501,97,51,46,19,7,12,37,23,14,25,15,10,1,1,0,8,2,6,7,3,4
0270490,0,0,0,0,0,0,0,0,0,0,0,0,0,0,0,0,0,0,0,0,0
1679320,0,0,0,0,0,0,0,0,0,0,0,0,0,0,0,0,0,0,0,0,0
3020740,0,0,0,0,0,0,0,0,0,0,0,0,0,0,0,0,0,0,0,0,0
55565702,83,53,30,39,19,20,14,7,7,13,11,2,2,2,0,12,12,0,3,2,1
55565703,64,38,26,13,7,6,28,17,11,9,4,5,0,0,0,3,2,1,11,8,3
55565705,131,60,71,42,16,26,58,32,26,19,8,11,1,0,1,3,1,2,8,3,5
55565706,35,21,14,16,11,5,9,6,3,6,2,4,0,0,0,2,1,1,2,1,1
55565707,46,23,23,12,3,9,20,15,5,5,1,4,0,0,0,4,1,3,5,3,2
55565708,57,29,28,13,4,9,31,18,13,9,5,4,0,0,0,2,1,1,2,1,1
55565709,45,22,23,9,5,4,25,13,12,8,1,7,0,0,0,0,0,0,3,3,0
55565711,36,16,20,5,3,2,11,4,7,14,7,7,0,0,0,6,2,4,0,0,0
55565712,40,20,20,6,4,2,19,11,8,12,3,9,0,0,0,2,2,0,1,0,1
55565713,78,43,35,19,10,9,35,24,11,18,9,9,2,0,2,3,0,3,1,0,1
55565714,158,72,86,25,9,16,62,32,30,48,21,27,3,1,2,8,2,6,12,7,5
55565716,1265,616,649,231,90,141,503,264,239,333,147,186,16,6,10,75,37,38,107,72,35
55565717,403,202,201,72,32,40,189,105,84,95,36,59,1,0,1,19,10,9,27,19,8
55565718,95,47,48,11,3,8,28,19,9,30,12,18,3,0,3,14,6,8,9,7,2
55565719,375,184,191,79,26,53,164,98,66,82,40,42,1,0,1,22,9,13,27,11,16
55568102,56,24,32,19,7,12,18,9,9,11,3,8,3,2,1,4,3,1,1,0,1
55568103,48,24,24,10,5,5,22,10,12,7,3,4,2,1,1,6,4,2,1,1,0
55568104,37,17,20,7,2,5,14,10,4,7,1,6,0,0,0,5,1,4,4,3,1
55568106,350,177,173,78,38,40,154,83,71,83,36,47,0,0,0,16,5,11,19,15,4
3923910,0,0,0,0,0,0,0,0,0,0,0,0,0,0,0,0,0,0,0,0,0
55569001,41,21,20,6,3,3,20,10,10,10,4,6,1,1,0,3,2,1,1,1,0
55569002,19,9,10,3,1,2,7,4,3,4,1,3,0,0,0,2,1,1,3,2,1
55569003,25,12,13,12,5,7,10,6,4,2,1,1,0,0,0,0,0,0,1,0,1
55569005,223,121,102,47,18,29,84,50,34,56,32,24,1,1,0,22,11,11,13,9,4
55570301,333,171,162,51,15,36,142,94,48,84,34,50,1,0,1,31,11,20,24,17,7
55570302,64,33,31,4,1,3,18,15,3,29,12,17,0,0,0,11,4,7,2,1,1
55571101,50,24,26,11,1,10,23,14,9,7,2,5,1,1,0,4,4,0,4,2,2
55571102,26,14,12,6,3,3,10,7,3,5,2,3,0,0,0,3,1,2,2,1,1
55571104,41,20,21,5,0,5,18,13,5,6,3,3,0,0,0,8,2,6,4,2,2
55571105,23,13,10,2,1,1,10,6,4,10,5,5,0,0,0,1,1,0,0,0,0
55571106,148,76,72,35,15,20,68,37,31,16,4,12,1,1,0,7,2,5,21,17,4
55571108,80,42,38,26,13,13,28,15,13,7,2,5,0,0,0,0,0,0,19,12,7
55573801,181,93,88,37,15,22,78,51,27,43,18,25,3,1,2,12,4,8,8,4,4
55573802,276,150,126,53,23,30,110,62,48,60,28,32,2,0,2,13,7,6,38,30,8
55573803,29,19,10,2,1,1,9,6,3,15,10,5,0,0,0,1,1,0,2,1,1
56667501,40,20,20,9,1,8,22,13,9,9,6,3,0,0,0,0,0,0,0,0,0
56667503,103,52,51,34,18,16,45,23,22,14,4,10,0,0,0,0,0,0,10,7,3
57802901,193,75,118,67,14,53,58,33,25,43,18,25,2,0,2,12,7,5,11,3,8
57802902,103,48,55,15,7,8,31,19,12,34,13,21,2,0,2,17,7,10,4,2,2
1977340,0,0,0,0,0,0,0,0,0,0,0,0,0,0,0,0,0,0,0,0,0
1977420,0,0,0,0,0,0,0,0,0,0,0,0,0,0,0,0,0,0,0,0,0
1977770,0,0,0,0,0,0,0,0,0,0,0,0,0,0,0,0,0,0,0,0,0
55576203,64,31,33,17,7,10,20,15,5,19,5,14,0,0,0,4,1,3,4,3,1
55576205,21,10,11,8,3,5,3,3,0,3,2,1,0,0,0,3,0,3,4,2,2
55576206,41,20,21,11,2,9,15,10,5,9,5,4,0,0,0,2,1,1,4,2,2
55576207,27,14,13,4,2,2,12,6,6,7,4,3,0,0,0,3,1,2,1,1,0
55576208,1675,821,854,326,129,197,687,391,296,396,170,226,19,5,14,126,52,74,121,74,47
0146640,0,0,0,0,0,0,0,0,0,0,0,0,0,0,0,0,0,0,0,0,0
0704590,0,0,0,0,0,0,0,0,0,0,0,0,0,0,0,0,0,0,0,0,0
0704670,0,0,0,0,0,0,0,0,0,0,0,0,0,0,0,0,0,0,0,0,0
0704750,0,0,0,0,0,0,0,0,0,0,0,0,0,0,0,0,0,0,0,0,0
0704830,0,0,0,0,0,0,0,0,0,0,0,0,0,0,0,0,0,0,0,0,0
0705050,0,0,0,0,0,0,0,0,0,0,0,0,0,0,0,0,0,0,0,0,0
56029401,1873,885,988,319,114,205,666,366,300,551,238,313,20,6,14,199,91,108,118,70,48
56029402,67,34,33,13,3,10,25,19,6,17,6,11,0,0,0,12,6,6,0,0,0
56029403,30,16,14,5,2,3,15,10,5,9,3,6,0,0,0,1,1,0,0,0,0
56029407,31,15,16,6,3,3,11,5,6,12,7,5,0,0,0,1,0,1,1,0,1
56029409,40,19,21,6,0,6,13,9,4,12,6,6,0,0,0,9,4,5,0,0,0
56029410,118,61,57,12,6,6,64,40,24,30,10,20,1,0,1,8,3,5,3,2,1
56030801,310,169,141,29,13,16,107,61,46,100,55,45,3,0,3,46,24,22,25,16,9
56031601,1192,607,585,309,130,179,500,294,206,181,69,112,4,1,3,36,18,18,162,95,67
56032401,573,281,292,111,50,61,232,118,114,135,64,71,3,1,2,44,17,27,48,31,17
56032402,128,64,64,27,14,13,52,31,21,31,13,18,2,1,1,10,1,9,6,4,2
56033201,214,118,96,46,26,20,75,47,28,40,18,22,2,0,2,14,4,10,37,23,14
56034101,50,27,23,7,3,4,19,11,8,18,10,8,0,0,0,4,2,2,2,1,1
56034102,130,69,61,24,13,11,45,24,21,30,16,14,4,0,4,6,1,5,21,15,6
56034103,62,33,29,7,4,3,23,16,7,24,12,12,0,0,0,6,1,5,2,0,2
56034104,44,26,18,6,3,3,20,13,7,13,6,7,0,0,0,3,2,1,2,2,0
53859101,1072,534,538,200,91,109,321,194,127,312,126,186,9,2,7,136,65,71,94,56,38
56035901,3017,1502,1515,761,316,445,1219,677,542,563,244,319,15,3,12,98,41,57,361,221,140
56035902,535,252,283,111,41,70,192,110,82,155,64,91,6,2,4,51,22,29,20,13,7
56035903,58,31,27,5,1,4,24,16,8,18,6,12,1,0,1,5,3,2,5,5,0
56035904,21,13,8,2,1,1,7,5,2,8,3,5,0,0,0,3,3,0,1,1,0
56035905,76,39,37,8,4,4,30,15,15,25,15,10,1,0,1,7,2,5,5,3,2
56035906,74,34,40,16,4,12,27,19,8,23,8,15,0,0,0,8,3,5,0,0,0
56036702,58,28,30,6,2,4,22,13,9,21,10,11,1,0,1,6,2,4,2,1,1
56036703,71,51,20,9,3,6,4,3,1,0,0,0,0,0,0,0,0,0,58,45,13
56036704,1110,554,556,232,94,138,430,241,189,250,109,141,12,3,9,64,25,39,122,82,40
56036705,161,93,68,49,24,25,63,39,24,23,14,9,0,0,0,4,1,3,22,15,7
56036706,1182,595,587,182,70,112,444,251,193,345,167,178,12,5,7,80,35,45,119,67,52
56036707,49,30,19,2,0,2,17,12,5,12,4,8,3,1,2,10,8,2,5,5,0
56036708,440,208,232,82,27,55,188,110,78,131,59,72,4,0,4,26,8,18,9,4,5
56036709,61,33,28,6,4,2,26,14,12,13,5,8,0,0,0,0,0,0,16,10,6
56036712,442,234,208,62,27,35,130,83,47,147,71,76,2,1,1,52,21,31,49,31,18
56036713,684,678,6,356,354,2,253,249,4,64,64,0,3,3,0,6,6,0,2,2,0
56036715,661,313,348,87,32,55,207,95,112,229,114,115,2,1,1,82,42,40,54,29,25
56037501,228,117,111,37,17,20,101,59,42,54,22,32,0,0,0,13,7,6,23,12,11
1537700,0,0,0,0,0,0,0,0,0,0,0,0,0,0,0,0,0,0,0,0,0
56038301,258,136,122,61,30,31,110,64,46,66,34,32,3,1,2,15,6,9,3,1,2
56038302,1416,769,647,216,104,112,473,259,214,396,190,206,13,4,9,104,53,51,214,159,55
56038304,39,22,17,23,12,11,7,4,3,4,1,3,0,0,0,1,1,0,4,4,0
56038305,137,73,64,56,27,29,24,15,9,11,6,5,4,3,1,4,2,2,38,20,18
56038306,3151,1503,1648,784,326,458,1301,698,603,614,251,363,29,10,19,107,44,63,316,174,142
56038308,151,86,65,37,17,20,61,40,21,27,14,13,1,0,1,9,2,7,16,13,3
56038309,803,391,412,156,62,94,304,180,124,242,103,139,8,1,7,52,21,31,41,24,17
56038310,1747,825,922,322,116,206,677,363,314,527,234,293,19,7,12,75,31,44,127,74,53
56038311,1799,871,928,300,116,184,662,360,302,565,266,299,15,6,9,162,68,94,95,55,40
56038312,1096,488,608,213,79,134,448,237,211,282,103,179,15,5,10,64,24,40,74,40,34
0604880,0,0,0,0,0,0,0,0,0,0,0,0,0,0,0,0,0,0,0,0,0
56041301,32,15,17,8,5,3,11,6,5,6,1,5,0,0,0,3,1,2,4,2,2
56041302,55,29,26,7,2,5,25,19,6,19,6,13,0,0,0,1,0,1,3,2,1
56041303,37,23,14,8,4,4,19,15,4,6,1,5,0,0,0,2,2,0,2,1,1
56041305,33,19,14,7,2,5,10,6,4,11,9,2,0,0,0,4,1,3,1,1,0
56041307,261,138,123,35,16,19,114,68,46,67,24,43,4,1,3,18,12,6,23,17,6
51158701,52,28,24,4,3,1,17,11,6,21,9,12,0,0,0,8,4,4,2,1,1
51158702,40,18,22,9,3,6,14,7,7,8,6,2,1,0,1,7,1,6,1,1,0
51158703,22,9,13,6,3,3,11,5,6,4,1,3,0,0,0,1,0,1,0,0,0
51158704,89,41,48,16,7,9,30,15,15,28,14,14,1,0,1,11,3,8,3,2,1
51158705,112,52,60,21,8,13,29,14,15,37,17,20,1,0,1,15,7,8,9,6,3
56042101,130,68,62,22,8,14,63,34,29,35,18,17,1,1,0,1,1,0,8,6,2
56042102,205,110,95,30,15,15,106,62,44,45,20,25,0,0,0,13,6,7,11,7,4
0722810,0,0,0,0,0,0,0,0,0,0,0,0,0,0,0,0,0,0,0,0,0
0723030,0,0,0,0,0,0,0,0,0,0,0,0,0,0,0,0,0,0,0,0,0
56045601,34,17,17,4,0,4,19,10,9,9,5,4,0,0,0,0,0,0,2,2,0
56045602,23,14,9,4,1,3,8,8,0,7,3,4,1,0,1,1,1,0,2,1,1
56045603,13,6,7,0,0,0,10,6,4,1,0,1,1,0,1,1,0,1,0,0,0
56045604,589,291,298,110,41,69,220,132,88,156,74,82,10,3,7,50,17,33,43,24,19
56045605,38,20,18,14,7,7,11,7,4,8,3,5,0,0,0,2,1,1,3,2,1
56045606,38,19,19,2,0,2,18,9,9,12,8,4,0,0,0,4,1,3,2,1,1
0726812,0,0,0,0,0,0,0,0,0,0,0,0,0,0,0,0,0,0,0,0,0
56046401,759,348,411,202,73,129,242,134,108,171,80,91,6,3,3,66,20,46,72,38,34
0733260,0,0,0,0,0,0,0,0,0,0,0,0,0,0,0,0,0,0,0,0,0
3091410,0,0,0,0,0,0,0,0,0,0,0,0,0,0,0,0,0,0,0,0,0
56047201,37,19,18,4,4,0,16,8,8,11,5,6,1,0,1,2,1,1,3,1,2
56047202,21,10,11,7,2,5,7,5,2,3,1,2,0,0,0,0,0,0,4,2,2
56047205,33,19,14,8,2,6,21,15,6,1,0,1,0,0,0,2,1,1,1,1,0
56047207,77,46,31,7,2,5,29,17,12,27,19,8,2,0,2,8,4,4,4,4,0
56047208,106,57,49,8,5,3,50,30,20,35,18,17,0,0,0,11,3,8,2,1,1
56047209,43,23,20,13,7,6,17,9,8,8,4,4,0,0,0,3,1,2,2,2,0
56047210,35,15,20,3,1,2,16,7,9,13,5,8,0,0,0,3,2,1,0,0,0
56047213,27,14,13,5,2,3,8,6,2,9,5,4,0,0,0,3,0,3,2,1,1
56047214,380,193,187,51,23,28,155,91,64,131,52,79,3,2,1,25,14,11,15,11,4
56047215,494,247,247,103,48,55,184,107,77,133,58,75,2,1,1,34,16,18,38,17,21
56047216,59,28,31,10,3,7,27,16,11,12,5,7,0,0,0,8,2,6,2,2,0
56047217,830,388,442,162,65,97,351,174,177,179,75,104,7,2,5,28,13,15,103,59,44
56047218,1367,673,694,252,113,139,522,273,249,351,155,196,19,8,11,78,34,44,145,90,55
56047219,510,265,245,69,35,34,174,100,74,166,84,82,9,4,5,57,23,34,35,19,16
56047220,1272,616,656,278,138,140,446,241,205,371,154,217,16,5,11,73,32,41,88,46,42
56047221,17,8,9,1,0,1,7,4,3,5,1,4,0,0,0,3,2,1,1,1,0
0738220,0,0,0,0,0,0,0,0,0,0,0,0,0,0,0,0,0,0,0,0,0
53833701,25,15,10,6,4,2,6,4,2,7,5,2,0,0,0,3,1,2,3,1,2
53833702,35,20,15,3,2,1,13,10,3,16,6,10,0,0,0,3,2,1,0,0,0
53833703,489,249,240,79,30,49,195,116,79,132,59,73,6,3,3,41,20,21,36,21,15
56049901,44,21,23,3,0,3,23,12,11,13,6,7,0,0,0,4,2,2,1,1,0
56049902,27,13,14,7,4,3,12,7,5,5,1,4,0,0,0,1,0,1,2,1,1
56049903,3224,1548,1676,540,227,313,1290,714,576,847,338,509,26,7,19,238,97,141,283,165,118
56049904,140,67,73,32,9,23,52,34,18,33,12,21,0,0,0,10,3,7,13,9,4
56049906,55,25,30,9,4,5,21,11,10,16,5,11,0,0,0,7,4,3,2,1,1
56049907,38,21,17,10,5,5,19,12,7,5,2,3,0,0,0,4,2,2,0,0,0
56049908,564,522,42,301,289,12,194,182,12,43,33,10,0,0,0,14,11,3,12,7,5
56049909,217,80,137,73,17,56,74,35,39,55,25,30,1,0,1,8,1,7,6,2,4
56050201,33,16,17,2,0,2,15,9,6,8,3,5,1,0,1,7,4,3,0,0,0
56050202,393,189,204,82,39,43,183,95,88,71,28,43,5,3,2,18,8,10,34,16,18
56053701,20,9,11,1,0,1,7,5,2,6,2,4,2,1,1,3,1,2,1,0,1
56053702,965,460,505,154,65,89,321,183,138,301,128,173,18,7,11,129,51,78,42,26,16
56053703,484,257,227,57,28,29,136,78,58,147,72,75,4,1,3,85,42,43,55,36,19
56053705,628,315,313,75,36,39,206,113,93,220,107,113,13,3,10,63,25,38,51,31,20
56053706,220,109,111,44,19,25,94,56,38,54,23,31,4,1,3,9,3,6,15,7,8
56053707,61,29,32,8,2,6,28,13,15,18,11,7,0,0,0,4,1,3,3,2,1
56053708,71,34,37,21,8,13,19,14,5,18,7,11,2,0,2,4,2,2,7,3,4
56054501,653,326,327,125,55,70,258,153,105,168,71,97,9,3,6,59,25,34,34,19,15
56054502,406,201,205,61,33,28,157,91,66,126,50,76,1,0,1,44,19,25,17,8,9
56056101,29,16,13,7,6,1,9,5,4,5,2,3,0,0,0,2,1,1,6,2,4
56056102,105,55,50,29,10,19,35,26,9,14,6,8,1,0,1,6,4,2,20,9,11
56057001,37,20,17,12,7,5,13,7,6,4,0,4,0,0,0,1,1,0,7,5,2
56057002,161,86,75,39,18,21,63,37,26,38,22,16,0,0,0,10,2,8,11,7,4
56057003,113,57,56,17,7,10,33,20,13,40,18,22,1,0,1,12,6,6,10,6,4
56057004,445,228,217,96,39,57,147,85,62,113,49,64,3,1,2,41,20,21,45,34,11
56057005,809,402,407,285,117,168,274,159,115,108,49,59,6,2,4,20,10,10,116,65,51
56057006,547,283,264,95,34,61,199,122,77,149,69,80,9,2,7,39,16,23,56,40,16
56058801,67,35,32,8,3,5,34,20,14,15,7,8,1,0,1,3,1,2,6,4,2
56058802,596,306,290,185,87,98,224,123,101,82,34,48,2,0,2,16,7,9,87,55,32
56058804,428,205,223,108,37,71,181,105,76,78,36,42,1,0,1,18,6,12,42,21,21
56058805,160,86,74,30,13,17,57,32,25,34,19,15,1,0,1,9,6,3,29,16,13
56058806,37,18,19,8,5,3,13,5,8,12,6,6,1,0,1,3,2,1,0,0,0
56058807,20,10,10,2,0,2,11,8,3,6,2,4,0,0,0,0,0,0,1,0,1
1341470,0,0,0,0,0,0,0,0,0,0,0,0,0,0,0,0,0,0,0,0,0
1341550,0,0,0,0,0,0,0,0,0,0,0,0,0,0,0,0,0,0,0,0,0
56059601,52,27,25,5,1,4,23,12,11,20,13,7,2,1,1,1,0,1,1,0,1
56060001,26,14,12,2,1,1,5,5,0,8,4,4,0,0,0,3,1,2,8,3,5
56060002,188,96,92,34,14,20,83,50,33,48,21,27,1,1,0,19,7,12,3,3,0
56060003,1802,877,925,470,192,278,665,361,304,315,136,179,9,4,5,60,26,34,283,158,125
56060004,159,86,73,39,19,20,64,40,24,28,12,16,2,1,1,3,2,1,23,12,11
56060005,49,25,24,19,9,10,17,10,7,7,4,3,0,0,0,0,0,0,6,2,4
1421820,0,0,0,0,0,0,0,0,0,0,0,0,0,0,0,0,0,0,0,0,0
56061803,33,19,14,12,6,6,14,9,5,6,3,3,0,0,0,0,0,0,1,1,0
56061805,160,90,70,40,20,20,51,32,19,19,11,8,2,1,1,5,3,2,43,23,20
56061806,28,13,15,2,1,1,12,4,8,11,6,5,0,0,0,2,1,1,1,1,0
3024570,0,0,0,0,0,0,0,0,0,0,0,0,0,0,0,0,0,0,0,0,0
56028601,75,39,36,6,2,4,22,15,7,26,10,16,1,1,0,18,11,7,2,0,2
56028603,169,86,83,24,13,11,57,29,28,66,34,32,0,0,0,20,8,12,2,2,0
56028605,1325,636,689,268,112,156,437,230,207,324,142,182,12,3,9,87,37,50,197,112,85
56028606,860,528,332,130,74,56,224,141,83,185,85,100,6,2,4,53,19,34,262,207,55
56028607,1523,722,801,199,88,111,505,279,226,527,220,307,14,5,9,190,85,105,88,45,43
56028608,4965,2333,2632,965,406,559,1788,964,824,1432,601,831,59,14,45,344,153,191,377,195,182
56028609,2227,1053,1174,498,224,274,761,386,375,564,240,324,17,7,10,161,74,87,226,122,104
56028610,2762,1299,1463,433,173,260,918,505,413,871,375,496,30,6,24,354,149,205,156,91,65
56028611,471,231,240,72,28,44,156,92,64,161,73,88,3,2,1,61,27,34,18,9,9
56028612,20,15,5,10,7,3,6,5,1,0,0,0,0,0,0,2,1,1,2,2,0
56028613,876,416,460,140,60,80,340,193,147,255,90,165,11,2,9,80,36,44,50,35,15
56028615,1471,669,802,203,65,138,476,242,234,508,229,279,17,7,10,170,74,96,97,52,45
56028616,863,410,453,123,50,73,259,148,111,272,116,156,11,1,10,143,59,84,55,36,19
56028617,108,48,60,16,6,10,34,18,16,40,17,23,6,1,5,8,3,5,4,3,1
56028618,457,231,226,189,89,100,81,47,34,59,30,29,1,0,1,12,4,8,115,61,54
56064201,654,346,308,95,43,52,274,167,107,191,85,106,4,2,2,60,30,30,30,19,11
1576510,0,0,0,0,0,0,0,0,0,0,0,0,0,0,0,0,0,0,0,0,0
56065101,398,207,191,43,17,26,167,99,68,126,60,66,4,1,3,40,19,21,18,11,7
53843401,1124,555,569,218,95,123,431,232,199,269,125,144,9,4,5,90,32,58,107,67,40
53843402,32,17,15,5,3,2,15,10,5,8,1,7,0,0,0,3,2,1,1,1,0
53843403,242,116,126,36,17,19,81,47,34,74,23,51,2,0,2,40,25,15,9,4,5
53839601,284,138,146,30,13,17,124,70,54,82,35,47,4,0,4,35,14,21,9,6,3
1625580,0,0,0,0,0,0,0,0,0,0,0,0,0,0,0,0,0,0,0,0,0
56067701,83,45,38,8,2,6,32,22,10,25,12,13,2,1,1,10,5,5,6,3,3
56067702,54,29,25,4,2,2,23,17,6,20,8,12,0,0,0,3,1,2,4,1,3
56067704,45,24,21,7,4,3,20,14,6,12,3,9,0,0,0,4,2,2,2,1,1
56067705,82,44,38,19,7,12,41,24,17,13,8,5,0,0,0,5,3,2,4,2,2
53866301,131,67,64,22,7,15,53,33,20,40,18,22,1,0,1,12,7,5,3,2,1
57936001,214,109,105,20,7,13,81,50,31,75,33,42,2,1,1,27,10,17,9,8,1
56068501,932,466,466,256,105,151,310,184,126,188,93,95,10,5,5,38,8,30,130,71,59
3313090,0,0,0,0,0,0,0,0,0,0,0,0,0,0,0,0,0,0,0,0,0
56070701,277,157,120,131,68,63,98,55,43,8,5,3,0,0,0,1,0,1,39,29,10
56234301,332,171,161,58,20,38,122,77,45,103,50,53,0,0,0,30,14,16,19,10,9
56235101,47,23,24,11,3,8,14,11,3,10,3,7,3,1,2,8,4,4,1,1,0
56235102,311,147,164,61,19,42,135,76,59,79,33,46,3,1,2,16,6,10,17,12,5
56235103,76,37,39,11,2,9,19,13,6,14,6,8,1,0,1,6,3,3,25,13,12
56235104,95,48,47,15,5,10,42,25,17,18,9,9,1,0,1,4,1,3,15,8,7
56235105,358,181,177,69,32,37,149,86,63,93,45,48,4,0,4,20,5,15,23,13,10
56235106,406,223,183,88,39,49,160,99,61,88,37,51,1,1,0,17,8,9,52,39,13
56235109,791,360,431,155,54,101,323,177,146,228,93,135,6,2,4,44,20,24,35,14,21
56235110,31,19,12,6,4,2,14,10,4,7,3,4,1,1,0,3,1,2,0,0,0
56235111,191,97,94,30,15,15,71,44,27,58,22,36,3,1,2,21,10,11,8,5,3
56235113,80,37,43,20,6,14,25,15,10,20,11,9,0,0,0,8,3,5,7,2,5
56235114,550,276,274,117,46,71,221,135,86,143,60,83,4,0,4,24,9,15,41,26,15
54464701,256,128,128,34,15,19,82,52,30,90,35,55,3,2,1,28,13,15,19,11,8
0213512,0,0,0,0,0,0,0,0,0,0,0,0,0,0,0,0,0,0,0,0,0
3098690,0,0,0,0,0,0,0,0,0,0,0,0,0,0,0,0,0,0,0,0,0
56239401,640,322,318,130,54,76,222,131,91,171,78,93,7,1,6,44,19,25,66,39,27
56239402,78,35,43,7,1,6,23,16,7,28,11,17,2,0,2,8,3,5,10,4,6
56239403,117,36,81,33,8,25,43,16,27,24,5,19,0,0,0,5,1,4,12,6,6
56239404,32,19,13,6,5,1,5,3,2,11,6,5,0,0,0,4,1,3,6,4,2
56239405,268,134,134,55,21,34,112,68,44,73,34,39,0,0,0,19,6,13,9,5,4
56239406,36,20,16,16,8,8,13,7,6,6,4,2,1,1,0,0,0,0,0,0,0
56239407,158,72,86,23,6,17,63,35,28,54,23,31,2,1,1,8,3,5,8,4,4
56239409,48,23,25,5,1,4,13,7,6,22,11,11,0,0,0,8,4,4,0,0,0
56239410,60,34,26,12,7,5,23,17,6,16,6,10,1,0,1,3,1,2,5,3,2
56239411,133,70,63,50,30,20,35,18,17,22,8,14,0,0,0,1,1,0,25,13,12
56239412,114,59,55,15,3,12,47,31,16,33,13,20,3,0,3,7,5,2,9,7,2
56239413,74,38,36,7,3,4,41,26,15,17,4,13,1,0,1,3,2,1,5,3,2
56239414,27,12,15,2,1,1,9,4,5,10,4,6,2,2,0,4,1,3,0,0,0
56239415,61,29,32,9,2,7,19,12,7,19,7,12,2,0,2,7,5,2,5,3,2
56239416,165,85,80,25,11,14,64,36,28,59,32,27,2,0,2,13,5,8,2,1,1
56239417,85,40,45,10,6,4,36,19,17,28,10,18,0,0,0,9,3,6,2,2,0
56239418,399,178,221,80,34,46,137,68,69,109,42,67,5,3,2,32,10,22,36,21,15
56239419,431,226,205,50,28,22,149,91,58,152,67,85,9,2,7,55,28,27,16,10,6
56239420,1032,522,510,250,112,138,328,181,147,247,113,134,4,3,1,73,31,42,130,82,48
56239421,334,151,183,70,21,49,124,64,60,96,42,54,6,1,5,26,15,11,12,8,4
0250032,0,0,0,0,0,0,0,0,0,0,0,0,0,0,0,0,0,0,0,0,0
0250540,0,0,0,0,0,0,0,0,0,0,0,0,0,0,0,0,0,0,0,0,0
0252670,0,0,0,0,0,0,0,0,0,0,0,0,0,0,0,0,0,0,0,0,0
0252830,0,0,0,0,0,0,0,0,0,0,0,0,0,0,0,0,0,0,0,0,0
0252910,0,0,0,0,0,0,0,0,0,0,0,0,0,0,0,0,0,0,0,0,0
3099230,0,0,0,0,0,0,0,0,0,0,0,0,0,0,0,0,0,0,0,0,0
3194650,0,0,0,0,0,0,0,0,0,0,0,0,0,0,0,0,0,0,0,0,0
3194730,0,0,0,0,0,0,0,0,0,0,0,0,0,0,0,0,0,0,0,0,0
3368150,0,0,0,0,0,0,0,0,0,0,0,0,0,0,0,0,0,0,0,0,0
3368310,0,0,0,0,0,0,0,0,0,0,0,0,0,0,0,0,0,0,0,0,0
56233501,76,40,36,22,11,11,28,15,13,10,5,5,0,0,0,0,0,0,16,9,7
56233502,58,29,29,9,5,4,15,10,5,23,12,11,2,0,2,8,1,7,1,1,0
56233503,46,25,21,6,4,2,9,3,6,18,10,8,1,1,0,9,6,3,3,1,2
56233506,143,65,78,21,6,15,39,21,18,53,23,30,2,0,2,26,14,12,2,1,1
56233507,3682,1717,1965,478,198,280,1080,568,512,1251,543,708,47,14,33,527,225,302,299,169,130
56233509,73,40,33,10,5,5,19,14,5,27,12,15,3,1,2,10,6,4,4,2,2
56233510,2852,1281,1571,414,162,252,917,463,454,964,396,568,32,11,21,376,170,206,149,79,70
56233512,2137,1025,1112,321,133,188,586,325,261,686,308,378,21,4,17,336,151,185,187,104,83
56233514,28,14,14,2,0,2,11,6,5,4,2,2,0,0,0,6,3,3,5,3,2
56233516,141,70,71,19,5,14,52,34,18,49,23,26,1,1,0,11,3,8,9,4,5
56233517,3036,1378,1658,556,214,342,1034,540,494,928,366,562,22,9,13,235,103,132,261,146,115
56233520,3858,2028,1830,735,321,414,1085,609,476,957,435,522,34,16,18,338,152,186,709,495,214
56233521,384,184,200,43,15,28,95,53,42,137,72,65,6,3,3,79,32,47,24,9,15
56233522,294,147,147,38,19,19,69,36,33,106,48,58,1,0,1,62,34,28,18,10,8
56233523,249,129,120,88,38,50,58,36,22,32,18,14,2,0,2,4,2,2,65,35,30
56233526,2474,1228,1246,375,164,211,665,377,288,813,366,447,16,6,10,420,203,217,185,112,73
56233527,3529,1612,1917,701,254,447,1255,643,612,1000,411,589,30,9,21,263,124,139,280,171,109
56233528,387,174,213,41,13,28,116,62,54,136,59,77,9,2,7,66,28,38,19,10,9
56233529,1051,526,525,181,75,106,346,211,135,337,142,195,7,5,2,102,52,50,78,41,37
56233530,553,278,275,109,55,54,171,96,75,145,64,81,5,4,1,30,12,18,93,47,46
56233532,3121,1498,1623,515,211,304,1178,640,538,998,448,550,22,11,11,252,112,140,156,76,80
56233533,788,384,404,115,46,69,282,160,122,258,110,148,15,4,11,84,44,40,34,20,14
56233534,238,119,119,57,25,32,87,56,31,46,18,28,4,1,3,18,7,11,26,12,14
56233536,238,114,124,26,10,16,75,42,33,95,41,54,3,0,3,28,16,12,11,5,6
56233537,139,69,70,23,6,17,62,38,24,33,16,17,1,0,1,13,5,8,7,4,3
56233538,1461,684,777,203,70,133,534,290,244,481,208,273,17,9,8,139,62,77,87,45,42
56233539,274,137,137,27,11,16,88,52,36,103,52,51,2,1,1,41,14,27,13,7,6
56233540,126,74,52,24,13,11,43,28,15,40,21,19,1,0,1,13,9,4,5,3,2
56233542,471,229,242,63,25,38,142,85,57,181,78,103,6,2,4,66,30,36,13,9,4
56233543,153,67,86,42,17,25,47,26,21,37,11,26,0,0,0,8,3,5,19,10,9
56233544,207,107,100,36,12,24,89,50,39,50,28,22,2,2,0,17,7,10,13,8,5
56233545,83,41,42,20,9,11,28,19,9,22,8,14,0,0,0,8,4,4,5,1,4
56233546,489,247,242,57,32,25,143,87,56,172,64,108,7,1,6,90,52,38,20,11,9
56233547,90,46,44,10,6,4,18,12,6,35,16,19,3,1,2,20,8,12,4,3,1
56233548,162,78,84,18,4,14,42,25,17,63,29,34,0,0,0,32,15,17,7,5,2
56233549,188,96,92,27,13,14,73,48,25,73,29,44,1,0,1,12,5,7,2,1,1
56233550,386,191,195,50,18,32,122,81,41,140,62,78,3,1,2,57,22,35,14,7,7
56233551,267,128,139,24,11,13,77,40,37,109,46,63,0,0,0,50,26,24,7,5,2
56233552,151,74,77,21,11,10,45,29,16,60,24,36,2,1,1,16,5,11,7,4,3
56233553,249,130,119,37,16,21,90,55,35,89,44,45,3,2,1,22,9,13,8,4,4
56233555,3479,1666,1813,871,365,506,1313,717,596,740,314,426,18,4,14,167,74,93,370,192,178
56233556,54,40,14,2,1,1,16,11,5,16,12,4,1,1,0,6,6,0,13,9,4
56233557,230,114,116,34,19,15,87,52,35,74,29,45,0,0,0,28,9,19,7,5,2
56233558,348,177,171,54,19,35,156,94,62,97,40,57,0,0,0,28,17,11,13,7,6
56233559,26,13,13,7,0,7,15,11,4,3,1,2,1,1,0,0,0,0,0,0,0
56233560,238,122,116,37,13,24,87,50,37,65,32,33,3,0,3,20,9,11,26,18,8
56233561,129,66,63,28,14,14,57,31,26,29,14,15,1,0,1,10,4,6,4,3,1
56233563,77,44,33,8,6,2,30,18,12,26,15,11,1,0,1,9,4,5,3,1,2
56233564,42,27,15,5,2,3,18,14,4,16,10,6,0,0,0,2,0,2,1,1,0
56233565,74,35,39,10,3,7,13,6,7,37,19,18,0,0,0,13,6,7,1,1,0
56240801,467,244,223,68,37,31,198,115,83,130,53,77,5,2,3,18,6,12,48,31,17
56240802,70,38,32,7,2,5,29,17,12,24,13,11,0,0,0,6,3,3,4,3,1
54578301,41,22,19,6,3,3,17,11,6,13,6,7,1,1,0,1,0,1,3,1,2
54578302,314,170,144,61,28,33,128,83,45,71,27,44,3,1,2,12,6,6,39,25,14
54585601,463,233,230,86,33,53,197,121,76,124,49,75,2,1,1,28,12,16,26,17,9
56243201,907,448,459,198,74,124,332,185,147,250,121,129,10,5,5,48,21,27,69,42,27
56243202,73,36,37,15,7,8,30,18,12,18,7,11,0,0,0,1,1,0,9,3,6
56244101,1033,508,525,207,85,122,433,220,213,232,114,118,9,3,6,39,13,26,113,73,40
56244102,215,128,87,79,50,29,66,43,23,49,20,29,0,0,0,10,7,3,11,8,3
56244103,43,18,25,13,3,10,14,9,5,9,4,5,0,0,0,5,1,4,2,1,1
56244105,38,24,14,12,6,6,15,12,3,8,5,3,0,0,0,0,0,0,3,1,2
53041701,105,53,52,13,5,8,25,18,7,49,22,27,1,0,1,12,6,6,5,2,3
54589901,141,72,69,29,11,18,56,34,22,40,20,20,0,0,0,7,4,3,9,3,6
54589902,190,93,97,27,14,13,89,52,37,52,18,34,1,1,0,16,5,11,5,3,2
56248301,40,24,16,5,4,1,18,11,7,11,4,7,1,1,0,2,2,0,3,2,1
56248302,119,66,53,19,10,9,48,32,16,30,13,17,2,1,1,8,3,5,12,7,5
56248303,225,117,108,54,21,33,100,60,40,54,27,27,1,1,0,4,1,3,12,7,5
54592901,342,175,167,60,24,36,151,88,63,82,35,47,1,0,1,18,8,10,30,20,10
56250501,596,306,290,101,36,65,248,153,95,159,70,89,10,3,7,35,18,17,43,26,17
56250502,20,11,9,3,2,1,5,3,2,6,2,4,1,1,0,5,3,2,0,0,0
56250504,64,34,30,10,6,4,16,8,8,22,10,12,2,1,1,6,3,3,8,6,2
56251301,149,83,66,32,16,16,46,30,16,42,19,23,2,1,1,5,1,4,22,16,6
56251302,47,28,19,4,3,1,13,7,6,16,10,6,1,0,1,9,5,4,4,3,1
56252101,300,157,143,49,23,26,125,73,52,82,33,49,1,1,0,19,11,8,24,16,8
56252102,95,48,47,14,4,10,37,24,13,23,10,13,1,0,1,14,6,8,6,4,2
56252103,25,14,11,3,2,1,10,4,6,10,6,4,1,1,0,1,1,0,0,0,0
56252104,86,40,46,11,2,9,34,23,11,23,6,17,1,0,1,4,3,1,13,6,7
56252105,67,36,31,40,20,20,10,6,4,7,6,1,0,0,0,3,1,2,7,3,4
56252106,71,32,39,11,5,6,30,15,15,23,8,15,1,1,0,4,1,3,2,2,0
56253001,312,173,139,75,38,37,111,71,40,68,33,35,4,2,2,13,8,5,41,21,20
56253002,177,89,88,28,13,15,54,28,26,54,23,31,1,1,0,15,7,8,25,17,8
56253003,530,261,269,115,46,69,208,112,96,118,49,69,8,5,3,22,11,11,59,38,21
56253004,118,56,62,30,11,19,58,34,24,23,8,15,1,0,1,4,2,2,2,1,1
54468001,281,131,150,42,9,33,101,57,44,94,40,54,2,2,0,23,14,9,19,9,10
53039501,166,88,78,35,13,22,72,46,26,37,18,19,0,0,0,5,2,3,17,9,8
0592690,0,0,0,0,0,0,0,0,0,0,0,0,0,0,0,0,0,0,0,0,0
56255602,142,77,65,17,8,9,50,33,17,46,19,27,0,0,0,8,4,4,21,13,8
56255603,36,19,17,4,1,3,7,5,2,18,11,7,0,0,0,7,2,5,0,0,0
56255604,62,36,26,3,2,1,26,17,9,19,10,9,2,0,2,7,3,4,5,4,1
56255605,93,42,51,10,6,4,31,14,17,37,16,21,2,2,0,10,2,8,3,2,1
3099910,0,0,0,0,0,0,0,0,0,0,0,0,0,0,0,0,0,0,0,0,0
3100000,0,0,0,0,0,0,0,0,0,0,0,0,0,0,0,0,0,0,0,0,0
56256401,285,140,145,50,20,30,117,71,46,89,34,55,1,0,1,12,4,8,16,11,5
56256402,458,226,232,73,31,42,177,107,70,125,48,77,2,0,2,52,26,26,29,14,15
56256403,313,150,163,54,22,32,121,76,45,95,35,60,7,0,7,28,10,18,8,7,1
56256404,81,40,41,11,4,7,11,7,4,32,15,17,2,0,2,22,13,9,3,1,2
56256405,1377,648,729,261,100,161,573,300,273,379,171,208,12,4,8,74,33,41,78,40,38
56256406,489,237,252,83,29,54,159,100,59,168,75,93,8,3,5,53,22,31,18,8,10
56256407,188,99,89,30,13,17,67,44,23,63,30,33,2,0,2,24,11,13,2,1,1
56256408,400,214,186,64,30,34,156,91,65,121,63,58,5,3,2,40,19,21,14,8,6
56256409,315,177,138,57,25,32,105,62,43,75,33,42,3,1,2,26,12,14,49,44,5
56256410,245,126,119,48,26,22,95,55,40,71,28,43,1,0,1,24,12,12,6,5,1
56257202,497,242,255,100,41,59,163,88,75,151,75,76,4,3,1,44,14,30,35,21,14
56257205,38,24,14,3,1,2,12,6,6,13,10,3,0,0,0,6,4,2,4,3,1
56258101,362,172,190,95,37,58,137,77,60,83,36,47,2,0,2,16,6,10,29,16,13
56258102,127,65,62,22,11,11,56,34,22,30,11,19,0,0,0,9,2,7,10,7,3
56258103,2293,1134,1159,598,264,334,824,450,374,454,216,238,14,3,11,98,34,64,305,167,138
56258104,75,39,36,10,5,5,32,17,15,21,11,10,2,0,2,4,3,1,6,3,3
56258105,61,30,31,19,7,12,16,11,5,13,5,8,0,0,0,3,2,1,10,5,5
54645301,213,114,99,35,19,16,75,43,32,65,33,32,1,0,1,19,8,11,18,11,7
56261102,28,14,14,1,1,0,11,5,6,8,5,3,0,0,0,6,2,4,2,1,1
56261103,35,19,16,3,0,3,5,4,1,12,8,4,1,0,1,10,4,6,4,3,1
56261104,2478,1222,1256,607,257,350,901,497,404,562,259,303,24,10,14,157,65,92,227,134,93
56261105,75,42,33,24,14,10,21,14,7,15,6,9,3,1,2,3,1,2,9,6,3
56261106,26,15,11,1,1,0,7,5,2,10,4,6,0,0,0,5,2,3,3,3,0
56261107,28,12,16,4,0,4,4,3,1,11,4,7,2,1,1,7,4,3,0,0,0
56261108,88,41,47,13,5,8,34,17,17,30,14,16,0,0,0,9,5,4,2,0,2
56261109,46,24,22,6,2,4,17,13,4,11,3,8,1,1,0,7,3,4,4,2,2
54633001,165,79,86,34,13,21,50,33,17,39,14,25,3,2,1,21,7,14,18,10,8
54633002,19,9,10,5,2,3,4,3,1,9,4,5,0,0,0,1,0,1,0,0,0
54633003,20,11,9,1,0,1,10,6,4,5,2,3,0,0,0,3,2,1,1,1,0
56264501,94,59,35,52,39,13,16,8,8,17,9,8,0,0,0,6,1,5,3,2,1
56264502,160,83,77,18,5,13,53,32,21,51,25,26,4,2,2,10,2,8,24,17,7
56264503,70,38,32,6,1,5,29,18,11,19,10,9,0,0,0,13,7,6,3,2,1
56264504,38,14,24,7,0,7,13,6,7,10,5,5,3,0,3,3,2,1,2,1,1
56264506,60,29,31,8,2,6,18,11,7,19,9,10,2,0,2,13,7,6,0,0,0
54470101,195,100,95,23,8,15,80,51,29,52,21,31,0,0,0,28,13,15,12,7,5
56266102,512,234,278,131,47,84,186,106,80,119,51,68,6,2,4,27,7,20,43,21,22
54570801,189,104,85,37,16,21,63,37,26,41,24,17,3,1,2,3,1,2,42,25,17
54570802,42,20,22,7,3,4,18,10,8,5,2,3,1,0,1,2,0,2,9,5,4
54649601,755,385,370,101,45,56,271,150,121,253,120,133,6,2,4,86,43,43,38,25,13
56270001,117,58,59,20,9,11,53,30,23,33,15,18,3,2,1,5,0,5,3,2,1
56270002,172,85,87,30,13,17,71,41,30,50,22,28,3,1,2,14,5,9,4,3,1
56270003,100,47,53,16,8,8,52,29,23,26,8,18,1,1,0,3,1,2,2,0,2
56271801,28,14,14,6,0,6,17,12,5,3,2,1,0,0,0,2,0,2,0,0,0
56271802,35,19,16,5,2,3,15,10,5,10,3,7,0,0,0,2,1,1,3,3,0
56271803,106,49,57,16,6,10,44,23,21,30,13,17,2,0,2,7,2,5,7,5,2
56271804,58,36,22,10,6,4,22,15,7,14,8,6,0,0,0,6,4,2,6,3,3
56271805,443,222,221,63,22,41,149,98,51,139,59,80,6,1,5,58,27,31,28,15,13
56271806,22,10,12,3,1,2,8,5,3,9,3,6,0,0,0,2,1,1,0,0,0
56271807,54,26,28,17,6,11,19,13,6,8,4,4,0,0,0,5,1,4,5,2,3
54567801,565,281,284,94,35,59,235,140,95,155,69,86,2,0,2,39,17,22,40,20,20
54579101,176,91,85,23,9,14,47,32,15,70,34,36,3,1,2,24,9,15,9,6,3
56275101,319,158,161,63,26,37,156,80,76,63,32,31,2,1,1,14,10,4,21,9,12
56275102,1288,654,634,242,95,147,514,300,214,303,149,154,15,1,14,62,29,33,152,80,72
56275103,26,15,11,15,9,6,3,3,0,6,2,4,0,0,0,1,0,1,1,1,0
56275104,57,28,29,10,7,3,23,12,11,15,7,8,0,0,0,7,2,5,2,0,2
1435530,0,0,0,0,0,0,0,0,0,0,0,0,0,0,0,0,0,0,0,0,0
3028130,0,0,0,0,0,0,0,0,0,0,0,0,0,0,0,0,0,0,0,0,0
3100690,0,0,0,0,0,0,0,0,0,0,0,0,0,0,0,0,0,0,0,0,0
3280650,0,0,0,0,0,0,0,0,0,0,0,0,0,0,0,0,0,0,0,0,0
56277701,186,100,86,31,12,19,56,38,18,70,38,32,4,1,3,18,7,11,7,4,3
56277702,36,17,19,5,2,3,14,7,7,9,4,5,0,0,0,5,3,2,3,1,2
56277703,187,90,97,27,9,18,87,51,36,47,18,29,1,1,0,9,5,4,16,6,10
56277704,361,165,196,51,20,31,106,60,46,135,54,81,8,6,2,39,12,27,22,13,9
56277705,26,11,15,4,0,4,12,8,4,4,2,2,0,0,0,2,0,2,4,1,3
56277706,25,22,3,16,15,1,6,5,1,1,1,0,0,0,0,2,1,1,0,0,0
56277707,579,281,298,110,45,65,197,123,74,177,75,102,3,1,2,64,25,39,28,12,16
56277708,248,120,128,36,14,22,79,46,33,95,47,48,4,1,3,27,8,19,7,4,3
56277709,145,73,72,16,9,7,41,24,17,55,24,31,3,0,3,19,11,8,11,5,6
56277710,340,159,181,46,15,31,121,72,49,111,44,67,5,1,4,49,23,26,8,4,4
56277711,758,401,357,95,45,50,224,124,100,219,99,120,13,5,8,64,26,38,143,102,41
56277712,76,39,37,14,9,5,16,9,7,29,13,16,2,2,0,11,4,7,4,2,2
56277713,512,233,279,53,17,36,182,97,85,172,69,103,5,1,4,61,30,31,39,19,20
56277714,122,61,61,20,6,14,35,23,12,41,22,19,1,0,1,22,10,12,3,0,3
56277715,294,146,148,42,19,23,66,40,26,106,48,58,7,1,6,52,24,28,21,14,7
56277716,34,21,13,8,5,3,16,10,6,5,3,2,0,0,0,0,0,0,5,3,2
56277717,2410,1118,1292,490,185,305,825,445,380,649,264,385,31,11,20,136,62,74,279,151,128
56277718,443,223,220,69,33,36,140,72,68,150,75,75,3,0,3,43,22,21,38,21,17
56277719,1509,699,810,253,108,145,474,242,232,473,203,270,24,8,16,162,69,93,123,69,54
56277720,425,197,228,54,19,35,157,89,68,138,60,78,5,1,4,49,18,31,22,10,12
56690002,23,13,10,3,2,1,12,9,3,7,2,5,0,0,0,1,0,1,0,0,0
56690003,424,222,202,57,24,33,135,81,54,152,76,76,4,1,3,52,24,28,24,16,8
56279301,82,45,37,12,5,7,29,20,9,31,14,17,1,1,0,7,4,3,2,1,1
56279302,475,253,222,101,49,52,181,100,81,121,63,58,8,3,5,34,14,20,30,24,6
54634801,216,111,105,35,12,23,70,47,23,79,35,44,3,0,3,20,11,9,9,6,3
56282301,187,107,80,62,31,31,59,40,19,39,19,20,2,1,1,17,9,8,8,7,1
56282304,584,300,284,118,54,64,230,130,100,126,55,71,3,0,3,41,16,25,66,45,21
56282305,31,16,15,2,2,0,13,8,5,13,4,9,0,0,0,1,0,1,2,2,0
56282306,161,74,87,29,9,20,66,47,19,38,8,30,3,1,2,11,6,5,14,3,11
54553801,128,71,57,19,10,9,64,37,27,38,18,20,1,1,0,1,1,0,5,4,1
54553802,46,23,23,9,2,7,21,13,8,9,3,6,2,1,1,3,3,0,2,1,1
0727020,0,0,0,0,0,0,0,0,0,0,0,0,0,0,0,0,0,0,0,0,0
3101400,0,0,0,0,0,0,0,0,0,0,0,0,0,0,0,0,0,0,0,0,0
3102210,0,0,0,0,0,0,0,0,0,0,0,0,0,0,0,0,0,0,0,0,0
56285801,17,7,10,2,1,1,7,4,3,7,2,5,1,0,1,0,0,0,0,0,0
56285802,32,16,16,4,2,2,17,11,6,8,2,6,0,0,0,2,1,1,1,0,1
56285803,84,42,42,9,3,6,26,16,10,27,12,15,3,3,0,13,6,7,6,2,4
56285804,104,55,49,31,15,16,23,12,11,39,21,18,0,0,0,5,3,2,6,4,2
56285805,30,16,14,5,3,2,14,8,6,7,3,4,0,0,0,0,0,0,4,2,2
56285807,185,98,87,30,12,18,69,43,26,61,30,31,4,2,2,11,5,6,10,6,4
56285808,84,47,37,16,8,8,33,22,11,27,12,15,3,1,2,3,3,0,2,1,1
56285809,146,75,71,33,11,22,61,40,21,38,18,20,1,0,1,8,3,5,5,3,2
56285810,164,86,78,56,25,31,60,37,23,30,14,16,3,1,2,3,1,2,12,8,4
56285811,384,184,200,78,29,49,142,79,63,118,57,61,5,0,5,23,10,13,18,9,9
56285812,473,208,265,144,42,102,159,82,77,94,44,50,3,1,2,28,12,16,45,27,18
56285814,526,278,248,105,46,59,183,100,83,100,45,55,4,1,3,25,12,13,109,74,35
56285815,375,181,194,92,35,57,138,86,52,80,26,54,5,2,3,19,9,10,41,23,18
56285816,223,100,123,42,12,30,96,49,47,43,19,24,4,2,2,30,14,16,8,4,4
56285817,973,477,496,312,140,172,272,147,125,82,36,46,6,2,4,22,6,16,279,146,133
56285818,183,92,91,33,16,17,74,39,35,53,25,28,4,2,2,8,4,4,11,6,5
56285820,363,178,185,69,30,39,135,78,57,101,45,56,6,1,5,29,10,19,23,14,9
56285821,83,47,36,13,7,6,37,25,12,20,8,12,2,1,1,8,5,3,3,1,2
55519301,41,17,24,7,2,5,15,5,10,13,7,6,1,0,1,3,1,2,2,2,0
55519303,39,19,20,13,5,8,13,10,3,9,2,7,1,0,1,1,0,1,2,2,0
55519304,48,23,25,8,6,2,19,10,9,14,6,8,1,0,1,4,1,3,2,0,2
55519305,301,158,143,56,20,36,108,66,42,88,44,44,1,0,1,19,8,11,29,20,9
1766130,0,0,0,0,0,0,0,0,0,0,0,0,0,0,0,0,0,0,0,0,0
56287401,307,170,137,54,25,29,143,87,56,65,31,34,0,0,0,23,12,11,22,15,7
1770410,0,0,0,0,0,0,0,0,0,0,0,0,0,0,0,0,0,0,0,0,0
1770830,0,0,0,0,0,0,0,0,0,0,0,0,0,0,0,0,0,0,0,0,0
1771130,0,0,0,0,0,0,0,0,0,0,0,0,0,0,0,0,0,0,0,0,0
3028300,0,0,0,0,0,0,0,0,0,0,0,0,0,0,0,0,0,0,0,0,0
56288201,279,149,130,37,21,16,111,65,46,80,38,42,7,3,4,32,15,17,12,7,5
56288202,1156,560,596,181,70,111,373,188,185,401,198,203,12,5,7,150,76,74,39,23,16
56288204,841,402,439,190,89,101,289,150,139,250,110,140,12,5,7,53,19,34,47,29,18
56288205,489,238,251,80,34,46,159,97,62,158,67,91,9,4,5,52,21,31,31,15,16
56288206,647,291,356,105,33,72,223,124,99,195,88,107,10,2,8,53,16,37,61,28,33
56288207,388,199,189,51,19,32,130,69,61,134,70,64,4,2,2,42,22,20,27,17,10
56288208,689,337,352,90,37,53,224,127,97,235,106,129,7,2,5,74,34,40,59,31,28
56288209,408,204,204,71,32,39,155,92,63,108,45,63,3,1,2,39,18,21,32,16,16
56288210,938,442,496,177,57,120,329,171,158,238,104,134,11,8,3,44,21,23,139,81,58
56288211,1466,644,822,227,72,155,554,275,279,442,187,255,25,6,19,106,47,59,112,57,55
56288212,947,434,513,151,51,100,403,200,203,256,112,144,15,2,13,47,27,20,75,42,33
56288213,670,327,343,97,43,54,221,127,94,217,99,118,18,9,9,75,28,47,42,21,21
56288214,916,447,469,189,68,121,338,181,157,141,62,79,12,3,9,27,11,16,209,122,87
56288215,521,249,272,89,39,50,211,111,100,136,57,79,9,3,6,25,11,14,51,28,23
56288216,45,23,22,7,2,5,20,12,8,11,5,6,2,0,2,1,1,0,4,3,1
56288217,503,240,263,82,32,50,179,102,77,175,70,105,7,4,3,36,18,18,24,14,10
56288218,672,372,300,82,35,47,228,123,105,145,68,77,12,4,8,32,11,21,173,131,42
56288220,522,242,280,99,33,66,201,103,98,150,71,79,6,2,4,32,15,17,34,18,16
56288221,29,13,16,10,2,8,7,4,3,10,6,4,2,1,1,0,0,0,0,0,0
56289101,131,65,66,34,12,22,58,36,22,30,13,17,2,0,2,2,1,1,5,3,2
56289102,53,27,26,8,2,6,21,13,8,13,6,7,1,1,0,7,3,4,3,2,1
56289103,234,116,118,48,14,34,117,71,46,40,17,23,1,0,1,11,1,10,17,13,4
56291201,50,26,24,8,3,5,17,13,4,15,7,8,0,0,0,7,2,5,3,1,2
56291203,59,30,29,7,3,4,21,12,9,15,6,9,1,0,1,10,6,4,5,3,2
56291205,1090,547,543,220,84,136,393,234,159,261,108,153,11,3,8,59,27,32,146,91,55
56291206,385,184,201,87,40,47,155,82,73,87,34,53,3,1,2,18,8,10,35,19,16
56292102,77,42,35,15,10,5,34,21,13,20,7,13,1,0,1,4,2,2,3,2,1
56292104,70,39,31,10,5,5,15,8,7,22,10,12,2,1,1,16,12,4,5,3,2
56292105,79,43,36,11,6,5,32,21,11,24,11,13,0,0,0,9,3,6,3,2,1
56292106,27,14,13,4,1,3,9,7,2,12,5,7,0,0,0,2,1,1,0,0,0
56292107,712,360,352,160,63,97,334,210,124,129,42,87,3,1,2,34,12,22,52,32,20
56293901,292,149,143,42,18,24,128,80,48,73,28,45,2,0,2,19,9,10,28,14,14
56294701,761,352,409,174,68,106,305,160,145,185,74,111,9,5,4,49,23,26,39,22,17
56298001,107,57,50,19,6,13,44,30,14,28,14,14,0,0,0,13,5,8,3,2,1
56298002,86,42,44,18,7,11,31,17,14,24,13,11,2,0,2,3,1,2,8,4,4
56299801,51,28,23,8,4,4,9,8,1,18,7,11,0,0,0,15,8,7,1,1,0
56299802,206,108,98,31,15,16,63,37,26,71,37,34,4,0,4,23,11,12,14,8,6
56299803,54,28,26,4,1,3,21,14,7,19,10,9,2,0,2,5,1,4,3,2,1
56299804,20,10,10,3,1,2,7,5,2,6,2,4,1,0,1,2,1,1,1,1,0
56299805,39,24,15,3,3,0,11,8,3,14,8,6,0,0,0,11,5,6,0,0,0
56299806,28,11,17,2,0,2,9,6,3,12,3,9,0,0,0,5,2,3,0,0,0
56299807,42,23,19,6,2,4,18,13,5,15,6,9,0,0,0,2,1,1,1,1,0
56299808,53,28,25,6,2,4,17,13,4,21,10,11,0,0,0,8,3,5,1,0,1
56300501,180,102,78,28,9,19,65,46,19,55,28,27,2,1,1,20,10,10,10,8,2
56300502,61,31,30,11,6,5,15,7,8,20,12,8,1,0,1,14,6,8,0,0,0
56300503,18,10,8,3,1,2,3,2,1,6,5,1,0,0,0,6,2,4,0,0,0
56301301,918,464,454,143,55,88,375,222,153,258,120,138,9,0,9,79,34,45,54,33,21
56301303,16,10,6,3,1,2,9,8,1,3,1,2,1,0,1,0,0,0,0,0,0
56301304,66,32,34,14,5,9,25,15,10,15,7,8,1,0,1,4,1,3,7,4,3
56301305,26,13,13,1,0,1,17,9,8,2,2,0,1,0,1,1,0,1,4,2,2
56301306,82,40,42,36,19,17,35,16,19,4,3,1,0,0,0,3,1,2,4,1,3
56301307,27,16,11,3,2,1,15,9,6,6,3,3,1,0,1,0,0,0,2,2,0
56302101,511,252,259,70,26,44,174,110,64,174,73,101,7,3,4,72,29,43,14,11,3
0307320,0,0,0,0,0,0,0,0,0,0,0,0,0,0,0,0,0,0,0,0,0
56304802,67,38,29,13,7,6,27,19,8,13,5,8,1,0,1,5,1,4,8,6,2
56304803,75,35,40,22,11,11,32,17,15,17,6,11,1,0,1,1,0,1,2,1,1
56305601,683,341,342,104,32,72,238,150,88,229,105,124,6,2,4,57,19,38,49,33,16
0418230,0,0,0,0,0,0,0,0,0,0,0,0,0,0,0,0,0,0,0,0,0
56306401,92,43,49,15,7,8,32,17,15,31,13,18,0,0,0,10,4,6,4,2,2
56306402,164,92,72,27,15,12,57,32,25,37,18,19,1,1,0,12,5,7,30,21,9
56307201,346,175,171,70,30,40,126,82,44,84,30,54,5,2,3,29,13,16,32,18,14
56307202,41,25,16,5,1,4,16,11,5,10,5,5,0,0,0,3,2,1,7,6,1
56308101,227,119,108,65,25,40,92,57,35,24,7,17,0,0,0,3,0,3,43,30,13
56308102,29,13,16,5,0,5,17,10,7,6,3,3,0,0,0,0,0,0,1,0,1
56308104,20,10,10,3,0,3,9,6,3,8,4,4,0,0,0,0,0,0,0,0,0
56308105,69,36,33,11,5,6,24,15,9,23,10,13,0,0,0,7,4,3,4,2,2
56308106,21,14,7,2,0,2,11,10,1,7,4,3,0,0,0,0,0,0,1,0,1
56308108,142,79,63,33,13,20,58,45,13,39,18,21,2,0,2,5,0,5,5,3,2
0525230,0,0,0,0,0,0,0,0,0,0,0,0,0,0,0,0,0,0,0,0,0
0525910,0,0,0,0,0,0,0,0,0,0,0,0,0,0,0,0,0,0,0,0,0
3366020,0,0,0,0,0,0,0,0,0,0,0,0,0,0,0,0,0,0,0,0,0
56297101,992,447,545,167,57,110,300,167,133,335,136,199,10,3,7,113,43,70,67,41,26
56297103,3822,1792,2030,875,357,518,1451,792,659,889,385,504,37,10,27,233,95,138,337,153,184
56297104,2501,1179,1322,398,124,274,834,446,388,787,373,414,38,11,27,289,129,160,155,96,59
56297105,93,52,41,24,11,13,21,13,8,41,23,18,1,1,0,3,3,0,3,1,2
56297106,384,192,192,53,12,41,151,97,54,124,58,66,6,2,4,36,15,21,14,8,6
56297107,688,323,365,94,44,50,150,88,62,254,106,148,10,4,6,144,62,82,36,19,17
56297108,177,86,91,40,16,24,49,30,19,50,24,26,5,1,4,17,6,11,16,9,7
56297109,1070,508,562,133,45,88,309,191,118,373,155,218,17,9,8,217,96,121,21,12,9
56297110,117,63,54,12,5,7,21,17,4,38,16,22,2,1,1,44,24,20,0,0,0
56297111,54,19,35,13,2,11,21,11,10,18,4,14,0,0,0,1,1,0,1,1,0
56297112,285,148,137,89,41,48,73,47,26,75,32,43,4,3,1,21,13,8,23,12,11
56297113,2614,1224,1390,359,125,234,761,425,336,913,410,503,44,14,30,411,174,237,126,76,50
56297114,1141,545,596,228,94,134,353,188,165,330,154,176,13,2,11,93,39,54,124,68,56
56297115,617,286,331,75,20,55,164,95,69,237,98,139,12,4,8,108,59,49,21,10,11
56297116,2356,1096,1260,585,233,352,810,433,377,507,220,287,31,9,22,142,62,80,281,139,142
56297117,362,177,185,55,24,31,98,55,43,118,60,58,11,5,6,59,22,37,21,11,10
56297118,52,30,22,10,3,7,27,19,8,7,3,4,0,0,0,4,2,2,4,3,1
56297119,150,72,78,13,6,7,13,8,5,51,24,27,5,2,3,66,32,34,2,0,2
56297120,434,204,230,46,16,30,162,92,70,142,64,78,9,2,7,43,14,29,32,16,16
56297121,1018,483,535,129,57,72,279,157,122,336,137,199,18,5,13,202,98,104,54,29,25
56297122,1637,783,854,268,96,172,582,318,264,482,216,266,16,5,11,186,86,100,103,62,41
56297123,3021,1462,1559,440,182,258,968,523,445,996,463,533,43,15,28,396,176,220,178,103,75
56297124,3786,1771,2015,636,240,396,1120,613,507,1220,544,676,59,18,41,488,204,284,263,152,111
56297125,2231,1256,975,371,165,206,650,391,259,512,235,277,16,4,12,123,55,68,559,406,153
56297126,6029,2844,3185,1338,527,811,2185,1190,995,1396,601,795,73,19,54,368,151,217,669,356,313
56297127,2673,1210,1463,722,275,447,939,488,451,542,236,306,29,10,19,92,35,57,349,166,183
56297128,22,13,9,4,3,1,7,4,3,9,5,4,0,0,0,1,1,0,1,0,1
56297129,41,21,20,4,3,1,20,12,8,12,2,10,0,0,0,1,1,0,4,3,1
56297130,42,36,6,23,19,4,17,16,1,2,1,1,0,0,0,0,0,0,0,0,0
0608440,0,0,0,0,0,0,0,0,0,0,0,0,0,0,0,0,0,0,0,0,0
56309902,104,55,49,16,4,12,37,26,11,37,15,22,2,1,1,10,8,2,2,1,1
56309903,367,194,173,70,29,41,88,67,21,126,58,68,2,1,1,72,35,37,9,4,5
56309904,83,37,46,5,4,1,13,10,3,23,4,19,4,2,2,35,16,19,3,1,2
56309905,23,15,8,6,4,2,5,3,2,8,5,3,0,0,0,4,3,1,0,0,0
56309906,123,63,60,21,5,16,44,29,15,41,19,22,0,0,0,11,6,5,6,4,2
56309907,20,10,10,2,1,1,7,4,3,8,4,4,1,0,1,2,1,1,0,0,0
56309908,1524,736,788,252,82,170,591,340,251,429,191,238,22,9,13,131,57,74,99,57,42
56309909,2150,1047,1103,449,174,275,854,487,367,554,247,307,21,3,18,137,54,83,135,82,53
56309910,363,192,171,32,16,16,123,76,47,155,77,78,3,1,2,42,17,25,8,5,3
56309911,1247,607,640,215,78,137,516,281,235,309,152,157,11,1,10,66,22,44,130,73,57
56309912,1008,461,547,144,46,98,307,174,133,368,153,215,9,4,5,142,67,75,38,17,21
56309913,2954,1497,1457,625,258,367,1015,564,451,734,336,398,43,9,34,173,74,99,364,256,108
56309914,99,51,48,18,8,10,30,20,10,37,19,18,2,1,1,10,2,8,2,1,1
56309916,2231,1081,1150,614,261,353,691,373,318,379,160,219,15,3,12,79,33,46,453,251,202
56309917,2666,1304,1362,625,255,370,1004,552,452,616,288,328,31,8,23,147,70,77,243,131,112
56309918,408,194,214,57,22,35,141,84,57,143,64,79,5,2,3,49,17,32,13,5,8
56309919,27,12,15,2,0,2,10,4,6,6,3,3,0,0,0,6,4,2,3,1,2
1718910,0,0,0,0,0,0,0,0,0,0,0,0,0,0,0,0,0,0,0,0,0
1732820,0,0,0,0,0,0,0,0,0,0,0,0,0,0,0,0,0,0,0,0,0
3218340,0,0,0,0,0,0,0,0,0,0,0,0,0,0,0,0,0,0,0,0,0
3218420,0,0,0,0,0,0,0,0,0,0,0,0,0,0,0,0,0,0,0,0,0
3281110,0,0,0,0,0,0,0,0,0,0,0,0,0,0,0,0,0,0,0,0,0
3366450,0,0,0,0,0,0,0,0,0,0,0,0,0,0,0,0,0,0,0,0,0
3366530,0,0,0,0,0,0,0,0,0,0,0,0,0,0,0,0,0,0,0,0,0
56310201,45,25,20,13,6,7,15,10,5,10,5,5,0,0,0,3,1,2,4,3,1
56310205,17,11,6,5,4,1,6,3,3,1,0,1,0,0,0,0,0,0,5,4,1
56310206,70,41,29,11,6,5,26,19,7,22,11,11,1,0,1,7,3,4,3,2,1
56310207,113,64,49,52,28,24,19,13,6,4,4,0,0,0,0,0,0,0,38,19,19
56310208,138,76,62,35,16,19,51,36,15,41,19,22,1,0,1,9,5,4,1,0,1
56310209,152,73,79,27,15,12,28,17,11,52,27,25,3,1,2,15,2,13,27,11,16
56310210,14,8,6,0,0,0,5,3,2,4,3,1,2,1,1,2,0,2,1,1,0
56310211,90,51,39,11,9,2,20,13,7,32,21,11,1,0,1,25,8,17,1,0,1
56310212,91,45,46,10,5,5,34,19,15,31,16,15,4,2,2,10,1,9,2,2,0
56310214,1616,804,812,475,219,256,551,308,243,337,154,183,22,9,13,67,30,37,164,84,80
56310215,1091,522,569,238,85,153,365,197,168,292,138,154,9,3,6,93,43,50,94,56,38
56310216,3164,1518,1646,699,282,417,1069,606,463,839,362,477,51,19,32,214,94,120,292,155,137
56310217,1185,581,604,212,89,123,405,233,172,339,150,189,21,9,12,104,36,68,104,64,40
56310218,418,213,205,41,21,20,87,54,33,169,81,88,7,3,4,102,47,55,12,7,5
56310219,2632,1239,1393,468,184,284,909,472,437,765,348,417,38,16,22,236,98,138,216,121,95
56310220,26,12,14,3,0,3,7,5,2,13,6,7,0,0,0,3,1,2,0,0,0
56310221,220,112,108,30,9,21,48,29,19,98,44,54,2,1,1,29,19,10,13,10,3
56310222,30,16,14,4,2,2,8,6,2,7,3,4,0,0,0,8,3,5,3,2,1
56310223,211,108,103,39,19,20,77,46,31,61,26,35,3,1,2,22,10,12,9,6,3
56310224,83,40,43,8,4,4,10,7,3,32,14,18,2,0,2,23,12,11,8,3,5
56310225,109,51,58,17,5,12,39,21,18,32,15,17,0,0,0,10,4,6,11,6,5
56310226,547,272,275,84,42,42,148,78,70,200,96,104,4,0,4,90,40,50,21,16,5
56310228,81,39,42,13,4,9,10,6,4,30,15,15,0,0,0,25,14,11,3,0,3
56310229,1112,610,502,185,87,98,339,215,124,296,131,165,21,10,11,118,53,65,153,114,39
56310231,1347,639,708,219,79,140,480,267,213,421,182,239,19,5,14,122,54,68,86,52,34
0621380,0,0,0,0,0,0,0,0,0,0,0,0,0,0,0,0,0,0,0,0,0
0621460,0,0,0,0,0,0,0,0,0,0,0,0,0,0,0,0,0,0,0,0,0
56311101,90,47,43,7,3,4,36,19,17,29,15,14,1,0,1,8,3,5,9,7,2
56311102,38,24,14,5,3,2,11,8,3,11,6,5,1,0,1,9,6,3,1,1,0
56311103,67,36,31,12,8,4,28,18,10,19,7,12,1,1,0,7,2,5,0,0,0
0656920,0,0,0,0,0,0,0,0,0,0,0,0,0,0,0,0,0,0,0,0,0
1802030,0,0,0,0,0,0,0,0,0,0,0,0,0,0,0,0,0,0,0,0,0
1802110,0,0,0,0,0,0,0,0,0,0,0,0,0,0,0,0,0,0,0,0,0
1984980,0,0,0,0,0,0,0,0,0,0,0,0,0,0,0,0,0,0,0,0,0
3029020,0,0,0,0,0,0,0,0,0,0,0,0,0,0,0,0,0,0,0,0,0
3029290,0,0,0,0,0,0,0,0,0,0,0,0,0,0,0,0,0,0,0,0,0
56312901,83,48,35,15,10,5,32,20,12,29,14,15,0,0,0,7,4,3,0,0,0
56312903,81,41,40,8,4,4,39,24,15,24,8,16,2,1,1,4,1,3,4,3,1
56312904,53,24,29,7,2,5,19,9,10,19,11,8,0,0,0,8,2,6,0,0,0
56312905,121,55,66,19,4,15,53,30,23,37,15,22,2,1,1,6,3,3,4,2,2
56312907,233,116,117,32,13,19,79,46,33,68,32,36,2,0,2,46,21,25,6,4,2
56312908,120,64,56,30,18,12,57,33,24,26,9,17,0,0,0,7,4,3,0,0,0
56312909,23,13,10,5,2,3,12,9,3,5,2,3,0,0,0,1,0,1,0,0,0
56312911,32,15,17,7,2,5,12,6,6,8,4,4,1,0,1,1,1,0,3,2,1
56312912,1992,931,1061,406,142,264,728,412,316,573,236,337,16,5,11,131,58,73,138,78,60
56312913,822,471,351,104,43,61,244,153,91,212,106,106,6,3,3,79,41,38,177,125,52
56312915,1471,710,761,370,140,230,490,282,208,323,153,170,11,4,7,56,21,35,221,110,111
56312916,302,150,152,36,18,18,108,64,44,107,48,59,7,3,4,34,13,21,10,4,6
56312917,1192,581,611,253,108,145,475,278,197,330,127,203,11,4,7,57,28,29,66,36,30
56312918,1690,832,858,397,157,240,615,343,272,376,171,205,21,11,10,97,41,56,184,109,75
56312920,28,14,14,6,2,4,14,9,5,4,2,2,1,0,1,3,1,2,0,0,0
56312922,1337,665,672,227,90,137,436,268,168,398,178,220,20,6,14,147,53,94,109,70,39
56312923,75,46,29,29,17,12,24,14,10,10,6,4,1,0,1,4,3,1,7,6,1
56312924,2085,979,1106,412,147,265,793,436,357,572,244,328,27,7,20,133,59,74,148,86,62
56313701,818,433,385,200,97,103,303,181,122,219,104,115,7,3,4,46,20,26,43,28,15
1361660,0,0,0,0,0,0,0,0,0,0,0,0,0,0,0,0,0,0,0,0,0
1362120,0,0,0,0,0,0,0,0,0,0,0,0,0,0,0,0,0,0,0,0,0
56331502,127,98,29,14,4,10,14,10,4,85,75,10,1,1,0,9,7,2,4,1,3
56331505,27,15,12,4,2,2,5,5,0,9,3,6,0,0,0,6,2,4,3,3,0
0762520,0,0,0,0,0,0,0,0,0,0,0,0,0,0,0,0,0,0,0,0,0
56316101,35,16,19,3,2,1,18,10,8,7,1,6,0,0,0,5,2,3,2,1,1
56316102,63,35,28,11,6,5,27,19,8,15,7,8,2,1,1,4,1,3,4,1,3
56316103,139,89,50,23,9,14,47,31,16,28,18,10,0,0,0,8,4,4,33,27,6
56316104,40,17,23,6,1,5,18,10,8,14,6,8,1,0,1,1,0,1,0,0,0
56316105,42,20,22,4,1,3,10,7,3,21,10,11,2,0,2,4,1,3,1,1,0
56318801,32,14,18,7,1,6,13,8,5,10,4,6,0,0,0,1,0,1,1,1,0
56318802,174,89,85,38,13,25,79,50,29,39,14,25,1,0,1,6,4,2,11,8,3
54651801,44,25,19,4,3,1,12,6,6,18,10,8,1,0,1,5,3,2,4,3,1
54651802,39,26,13,1,0,1,10,8,2,13,8,5,0,0,0,10,6,4,5,4,1
0729230,0,0,0,0,0,0,0,0,0,0,0,0,0,0,0,0,0,0,0,0,0
0910060,0,0,0,0,0,0,0,0,0,0,0,0,0,0,0,0,0,0,0,0,0
56320001,49,19,30,6,2,4,26,13,13,15,4,11,0,0,0,1,0,1,1,0,1
56320002,128,67,61,15,9,6,56,34,22,33,14,19,2,1,1,13,3,10,9,6,3
56320003,471,241,230,67,26,41,184,111,73,127,61,66,11,3,8,57,25,32,25,15,10
56320004,30,15,15,2,0,2,14,10,4,9,4,5,0,0,0,4,1,3,1,0,1
56320005,37,18,19,4,1,3,10,6,4,15,7,8,2,0,2,6,4,2,0,0,0
56320007,41,21,20,3,1,2,15,13,2,17,5,12,1,0,1,5,2,3,0,0,0
0922740,0,0,0,0,0,0,0,0,0,0,0,0,0,0,0,0,0,0,0,0,0
56321802,495,246,249,106,36,70,214,125,89,119,55,64,3,0,3,18,9,9,35,21,14
56322601,20,11,9,8,5,3,6,3,3,4,2,2,0,0,0,2,1,1,0,0,0
56322603,99,51,48,8,2,6,38,28,10,39,15,24,1,1,0,12,4,8,1,1,0
56324201,99,53,46,18,9,9,45,30,15,23,10,13,4,1,3,7,3,4,2,0,2
56324202,238,128,110,38,15,23,90,59,31,66,26,40,2,0,2,27,15,12,15,13,2
56324203,31,17,14,3,1,2,9,8,1,14,6,8,0,0,0,4,1,3,1,1,0
54616001,129,71,58,12,5,7,43,28,15,35,18,17,1,0,1,27,12,15,11,8,3
54616002,82,40,42,13,2,11,28,19,9,24,10,14,1,1,0,11,4,7,5,4,1
3300350,0,0,0,0,0,0,0,0,0,0,0,0,0,0,0,0,0,0,0,0,0
56326901,118,58,60,27,5,22,46,31,15,31,14,17,0,0,0,6,3,3,8,5,3
56326903,195,113,82,33,14,19,77,51,26,44,27,17,0,0,0,28,10,18,13,11,2
56326904,24,12,12,5,3,2,4,2,2,10,5,5,0,0,0,5,2,3,0,0,0
56327701,572,297,275,71,30,41,199,122,77,205,103,102,8,0,8,61,25,36,28,17,11
56328502,110,55,55,17,4,13,42,25,17,34,22,12,2,0,2,13,4,9,2,0,2
56328503,153,77,76,19,10,9,53,33,20,55,23,32,2,1,1,16,5,11,8,5,3
56328504,28,13,15,4,1,3,7,3,4,10,5,5,1,1,0,6,3,3,0,0,0
56328505,515,264,251,66,29,37,166,103,63,179,74,105,4,3,1,78,40,38,22,15,7
56328506,82,39,43,9,3,6,8,6,2,36,17,19,1,0,1,24,11,13,4,2,2
56328507,33,17,16,8,2,6,7,5,2,11,7,4,2,1,1,5,2,3,0,0,0
56328508,42,24,18,6,4,2,17,11,6,10,3,7,3,1,2,5,4,1,1,1,0
54606201,148,76,72,22,11,11,59,31,28,46,25,21,2,0,2,14,5,9,5,4,1
56329301,158,90,68,35,16,19,61,42,19,35,14,21,1,0,1,9,4,5,17,14,3
54607101,324,165,159,45,21,24,124,74,50,107,52,55,4,0,4,29,10,19,15,8,7
1824512,0,0,0,0,0,0,0,0,0,0,0,0,0,0,0,0,0,0,0,0,0
56332301,31,17,14,6,3,3,9,7,2,10,4,6,1,0,1,4,2,2,1,1,0
56332302,26,14,12,3,0,3,12,9,3,8,4,4,1,0,1,0,0,0,2,1,1
56332303,710,358,352,152,71,81,267,162,105,178,79,99,5,0,5,53,19,34,55,27,28
56332307,50,29,21,14,3,11,17,12,5,7,5,2,0,0,0,1,1,0,11,8,3
56332308,31,17,14,7,3,4,9,4,5,11,8,3,0,0,0,1,0,1,3,2,1
56332309,86,46,40,18,8,10,43,29,14,15,3,12,0,0,0,2,1,1,8,5,3
56332311,26,14,12,1,0,1,17,11,6,7,3,4,0,0,0,1,0,1,0,0,0
56333101,43,22,21,4,2,2,15,9,6,18,7,11,0,0,0,3,2,1,3,2,1
56333102,118,55,63,37,13,24,37,24,13,19,8,11,0,0,0,2,0,2,23,10,13
56333104,41,21,20,4,1,3,15,7,8,10,6,4,1,1,0,3,1,2,8,5,3
56333105,49,30,19,10,4,6,11,8,3,11,6,5,1,1,0,2,1,1,14,10,4
56333106,37,17,20,5,1,4,5,5,0,10,5,5,1,0,1,8,2,6,8,4,4
0742760,0,0,0,0,0,0,0,0,0,0,0,0,0,0,0,0,0,0,0,0,0
56334001,1193,611,582,195,89,106,349,215,134,412,196,216,22,7,15,157,68,89,58,36,22
56335801,118,61,57,20,8,12,52,33,19,31,13,18,2,1,1,9,2,7,4,4,0
56335802,612,302,310,82,34,48,184,106,78,206,100,106,13,1,12,96,37,59,31,24,7
56335803,49,27,22,6,3,3,23,13,10,13,8,5,1,0,1,3,1,2,3,2,1
56335804,49,25,24,5,2,3,23,11,12,16,10,6,1,0,1,3,2,1,1,0,1
56338201,115,59,56,19,9,10,45,29,16,38,12,26,1,0,1,8,6,2,4,3,1
56338202,895,453,442,114,41,73,342,213,129,291,132,159,9,4,5,113,45,68,26,18,8
56340401,40,25,15,5,4,1,16,10,6,12,5,7,0,0,0,2,1,1,5,5,0
56340402,118,60,58,16,4,12,47,31,16,34,15,19,1,0,1,14,6,8,6,4,2
56340403,2161,1118,1043,653,319,334,730,432,298,463,188,275,23,8,15,98,47,51,194,124,70
56341201,21,12,9,5,1,4,11,8,3,3,2,1,0,0,0,2,1,1,0,0,0
56341202,75,38,37,7,3,4,38,19,19,17,7,10,1,0,1,2,0,2,10,9,1
56341203,76,34,42,15,8,7,38,20,18,13,3,10,0,0,0,0,0,0,10,3,7
56341204,40,21,19,14,7,7,14,11,3,11,3,8,1,0,1,0,0,0,0,0,0
56341205,39,22,17,4,1,3,21,13,8,8,4,4,0,0,0,3,2,1,3,2,1
56343901,369,191,178,70,31,39,180,110,70,86,35,51,3,1,2,15,6,9,15,8,7
56343902,20,10,10,4,1,3,9,5,4,2,0,2,0,0,0,0,0,0,5,4,1
56343903,53,26,27,5,3,2,31,20,11,14,3,11,0,0,0,2,0,2,1,0,1
56343904,46,26,20,4,3,1,26,16,10,13,7,6,0,0,0,2,0,2,1,0,1
1067210,0,0,0,0,0,0,0,0,0,0,0,0,0,0,0,0,0,0,0,0,0
56346302,146,78,68,16,8,8,71,41,30,34,17,17,1,0,1,13,4,9,11,8,3
56346303,109,55,54,10,5,5,38,20,18,40,21,19,2,1,1,14,6,8,5,2,3
56347101,500,444,56,239,224,15,181,173,8,54,33,21,3,1,2,11,6,5,12,7,5
56348001,146,67,79,23,9,14,56,34,22,43,15,28,2,0,2,9,2,7,13,7,6
1878280,0,0,0,0,0,0,0,0,0,0,0,0,0,0,0,0,0,0,0,0,0
56349803,31,19,12,2,1,1,8,7,1,10,4,6,1,1,0,8,4,4,2,2,0
56349804,196,105,91,33,15,18,68,36,32,62,39,23,1,0,1,17,8,9,15,7,8
1881070,0,0,0,0,0,0,0,0,0,0,0,0,0,0,0,0,0,0,0,0,0
56350101,63,32,31,2,1,1,22,10,12,24,16,8,1,1,0,13,3,10,1,1,0
56350102,170,85,85,26,12,14,69,42,27,52,23,29,1,1,0,16,5,11,6,2,4
56350104,651,323,328,66,26,40,206,124,82,233,104,129,16,5,11,105,48,57,25,16,9
56457502,622,306,316,125,41,84,237,148,89,182,81,101,4,1,3,46,20,26,28,15,13
56457503,80,40,40,14,6,8,27,16,11,26,11,15,2,2,0,9,3,6,2,2,0
56457504,329,148,181,52,13,39,122,74,48,108,43,65,5,1,4,33,12,21,9,5,4
56459101,1760,855,905,260,100,160,627,341,286,580,265,315,22,7,15,191,90,101,80,52,28
56459102,279,141,138,45,21,24,91,58,33,96,42,54,4,0,4,30,13,17,13,7,6
56461301,371,189,182,72,27,45,139,82,57,86,40,46,2,2,0,35,18,17,37,20,17
56462101,936,456,480,132,59,73,341,194,147,269,106,163,11,5,6,109,47,62,74,45,29
56462102,77,43,34,14,7,7,29,15,14,20,12,8,3,2,1,10,6,4,1,1,0
54675501,71,38,33,9,1,8,36,25,11,17,9,8,0,0,0,8,2,6,1,1,0
56464801,350,183,167,61,30,31,150,89,61,81,32,49,5,2,3,22,11,11,31,19,12
56465601,19,12,7,1,1,0,9,7,2,6,3,3,0,0,0,3,1,2,0,0,0
56465602,104,50,54,7,1,6,51,30,21,40,16,24,0,0,0,4,2,2,2,1,1
56465603,1144,568,576,182,60,122,434,243,191,310,146,164,6,3,3,123,58,65,89,58,31
56465604,154,74,80,32,12,20,69,40,29,32,12,20,3,1,2,6,2,4,12,7,5
56465605,71,38,33,11,3,8,29,19,10,21,12,9,0,0,0,3,2,1,7,2,5
56465606,24,13,11,4,1,3,9,7,2,8,4,4,0,0,0,2,1,1,1,0,1
56465607,102,51,51,19,7,12,43,25,18,28,12,16,2,2,0,4,1,3,6,4,2
56465608,79,38,41,12,3,9,39,23,16,18,7,11,1,1,0,3,1,2,6,3,3
56465609,78,44,34,11,3,8,33,24,9,20,11,9,3,2,1,7,1,6,4,3,1
54678001,178,94,84,29,10,19,79,50,29,38,19,19,2,0,2,15,6,9,15,9,6
54678002,66,34,32,14,5,9,29,16,13,13,8,5,0,0,0,4,1,3,6,4,2
56467201,297,144,153,54,19,35,118,69,49,88,40,48,4,1,3,20,8,12,13,7,6
54685201,191,95,96,25,8,17,73,45,28,70,31,39,3,0,3,18,9,9,2,2,0
56469901,111,59,52,14,4,10,51,34,17,24,9,15,2,0,2,7,3,4,13,9,4
54242301,260,137,123,29,10,19,96,61,35,84,44,40,3,1,2,33,14,19,15,7,8
3315460,0,0,0,0,0,0,0,0,0,0,0,0,0,0,0,0,0,0,0,0,0
56471101,1074,525,549,203,78,125,406,230,176,315,143,172,8,2,6,82,33,49,60,39,21
56471102,78,41,37,23,16,7,33,16,17,15,6,9,2,1,1,4,1,3,1,1,0
56472901,107,59,48,23,12,11,54,31,23,15,8,7,2,0,2,2,1,1,11,7,4
56472902,34,18,16,7,3,4,14,10,4,8,4,4,0,0,0,3,0,3,2,1,1
56472903,31,15,16,4,2,2,14,8,6,11,4,7,0,0,0,2,1,1,0,0,0
56472904,158,82,76,20,7,13,70,38,32,41,22,19,2,1,1,17,9,8,8,5,3
56473701,111,52,59,27,13,14,47,27,20,22,6,16,1,0,1,7,2,5,7,4,3
56474501,444,231,213,47,19,28,158,98,60,158,73,85,7,4,3,64,29,35,10,8,2
56475301,372,173,199,46,14,32,126,77,49,136,54,82,5,0,5,47,19,28,12,9,3
55364601,230,129,101,48,27,21,111,66,45,47,24,23,5,1,4,8,3,5,11,8,3
56477001,33,17,16,2,1,1,16,10,6,12,5,7,0,0,0,1,0,1,2,1,1
56477002,175,82,93,41,16,25,72,34,38,45,26,19,1,0,1,3,1,2,13,5,8
56477004,25,14,11,4,2,2,7,5,2,8,4,4,0,0,0,6,3,3,0,0,0
56481801,331,173,158,50,23,27,113,69,44,94,45,49,8,5,3,39,15,24,27,16,11
56483401,215,113,102,36,11,25,98,64,34,47,22,25,1,1,0,19,8,11,14,7,7
56483402,27,13,14,3,0,3,12,6,6,9,5,4,0,0,0,2,1,1,1,1,0
56484201,108,52,56,16,6,10,30,16,14,26,11,15,2,2,0,25,11,14,9,6,3
56484203,66,31,35,7,3,4,17,9,8,24,10,14,2,1,1,14,7,7,2,1,1
56484204,76,35,41,11,4,7,17,12,5,26,11,15,1,1,0,18,7,11,3,0,3
56485101,1049,575,474,258,164,94,356,227,129,290,110,180,10,4,6,86,38,48,49,32,17
54676301,84,39,45,9,3,6,34,19,15,27,10,17,1,0,1,7,4,3,6,3,3
56487701,681,345,336,122,41,81,272,171,101,196,85,111,4,2,2,50,24,26,37,22,15
56487702,480,248,232,72,32,40,136,85,51,160,75,85,14,5,9,63,27,36,35,24,11
56487703,142,70,72,30,15,15,57,35,22,30,10,20,1,1,0,11,5,6,13,4,9
56487704,80,41,39,23,9,14,32,17,15,15,8,7,1,1,0,4,3,1,5,3,2
56489301,355,189,166,53,21,32,128,78,50,103,47,56,5,3,2,44,21,23,22,19,3
56489302,212,99,113,31,13,18,81,43,38,67,29,38,3,2,1,16,6,10,14,6,8
56492301,282,139,143,43,13,30,110,64,46,83,37,46,4,2,2,21,8,13,21,15,6
56492302,276,130,146,40,11,29,116,67,49,65,29,36,3,0,3,39,15,24,13,8,5
56493101,127,63,64,15,8,7,48,32,16,44,17,27,1,0,1,8,2,6,11,4,7
56494001,437,248,189,105,66,39,141,95,46,123,57,66,2,0,2,41,17,24,25,13,12
56495801,234,123,111,31,20,11,104,57,47,64,29,35,4,2,2,17,6,11,14,9,5
56496601,132,73,59,20,10,10,46,28,18,36,14,22,1,1,0,13,7,6,16,13,3
56496602,45,24,21,10,5,5,12,10,2,12,7,5,2,0,2,5,2,3,4,0,4
54681001,96,51,45,14,6,8,38,26,12,28,10,18,1,0,1,8,4,4,7,5,2
54681002,33,15,18,5,1,4,14,8,6,10,4,6,1,1,0,1,0,1,2,1,1
50552801,285,148,137,38,15,23,94,54,40,99,53,46,0,0,0,45,20,25,9,6,3
54677101,146,76,70,17,7,10,47,28,19,43,21,22,4,2,2,26,12,14,9,6,3
56501601,304,151,153,45,15,30,123,73,50,79,34,45,5,0,5,19,7,12,33,22,11
56502401,395,207,188,60,23,37,169,106,63,117,54,63,6,3,3,28,10,18,15,11,4
56503201,455,228,227,64,22,42,146,91,55,151,71,80,8,3,5,67,30,37,19,11,8
56505901,335,175,160,56,26,30,161,97,64,78,29,49,3,1,2,14,7,7,23,15,8
56506701,363,169,194,55,11,44,124,76,48,109,50,59,3,1,2,64,27,37,8,4,4
56506702,348,147,201,58,13,45,123,72,51,101,38,63,5,0,5,47,16,31,14,8,6
56506703,69,35,34,5,0,5,33,21,12,22,10,12,1,0,1,5,3,2,3,1,2
56507501,218,111,107,36,18,18,86,51,35,69,27,42,0,0,0,18,9,9,9,6,3
56507503,83,43,40,15,4,11,32,18,14,23,15,8,1,0,1,12,6,6,0,0,0
56508301,692,352,340,140,74,66,270,134,136,177,87,90,10,3,7,52,25,27,43,29,14
56508302,120,62,58,22,9,13,47,30,17,35,15,20,1,0,1,8,4,4,7,4,3
56508303,104,54,50,22,8,14,49,35,14,21,5,16,1,1,0,4,2,2,7,3,4
56508304,30,19,11,1,0,1,10,7,3,13,9,4,1,0,1,3,2,1,2,1,1
56508305,262,144,118,42,17,25,104,67,37,78,40,38,1,0,1,19,8,11,18,12,6
56509101,246,122,124,27,8,19,89,57,32,82,39,43,9,3,6,28,10,18,11,5,6
56510501,27,13,14,6,2,4,12,6,6,6,3,3,0,0,0,3,2,1,0,0,0
56510502,85,44,41,7,2,5,34,20,14,24,12,12,0,0,0,13,6,7,7,4,3
56510504,19,10,9,5,2,3,8,6,2,3,2,1,1,0,1,0,0,0,2,0,2
56511301,310,184,126,45,20,25,93,66,27,107,62,45,5,1,4,46,23,23,14,12,2
1516452,0,0,0,0,0,0,0,0,0,0,0,0,0,0,0,0,0,0,0,0,0
56512101,74,36,38,21,7,14,29,17,12,14,9,5,0,0,0,5,1,4,5,2,3
56512102,64,34,30,13,9,4,18,9,9,24,10,14,1,1,0,8,5,3,0,0,0
56512104,40,21,19,7,3,4,11,9,2,12,2,10,0,0,0,4,3,1,6,4,2
56512105,634,320,314,116,51,65,273,148,125,151,63,88,7,5,2,37,18,19,50,35,15
56512106,27,10,17,7,1,6,11,5,6,6,2,4,0,0,0,1,0,1,2,2,0
56512107,66,37,29,5,4,1,30,19,11,20,8,12,0,0,0,8,4,4,3,2,1
56512108,46,24,22,6,3,3,22,12,10,13,5,8,0,0,0,0,0,0,5,4,1
56512109,39,21,18,7,5,2,14,8,6,15,7,8,0,0,0,3,1,2,0,0,0
56512110,23,13,10,7,4,3,4,4,0,8,2,6,1,1,0,3,2,1,0,0,0
56512111,17,8,9,3,0,3,4,4,0,3,1,2,1,0,1,5,3,2,1,0,1
56512112,135,75,60,29,13,16,44,27,17,27,14,13,2,1,1,18,11,7,15,9,6
56512113,53,27,26,9,4,5,17,12,5,15,6,9,0,0,0,8,3,5,4,2,2
56514801,447,215,232,89,28,61,183,106,77,109,50,59,8,2,6,29,9,20,29,20,9
56515601,410,202,208,60,19,41,147,85,62,130,58,72,6,3,3,51,25,26,16,12,4
56515602,59,33,26,13,6,7,24,15,9,13,7,6,0,0,0,6,2,4,3,3,0
56516401,152,73,79,19,5,14,55,30,25,64,30,34,0,0,0,12,6,6,2,2,0
56516402,2392,1151,1241,410,168,242,859,462,397,668,285,383,25,9,16,272,132,140,158,95,63
56516403,326,161,165,32,15,17,114,67,47,120,57,63,5,2,3,51,18,33,4,2,2
56517201,345,167,178,49,17,32,149,87,62,103,42,61,6,3,3,26,11,15,12,7,5
0855960,0,0,0,0,0,0,0,0,0,0,0,0,0,0,0,0,0,0,0,0,0
0856000,0,0,0,0,0,0,0,0,0,0,0,0,0,0,0,0,0,0,0,0,0
0856690,0,0,0,0,0,0,0,0,0,0,0,0,0,0,0,0,0,0,0,0,0
56456701,16,7,9,4,1,3,3,3,0,3,1,2,0,0,0,5,2,3,1,0,1
56456702,2231,1067,1164,255,108,147,611,315,296,855,383,472,28,11,17,420,216,204,62,34,28
56456703,465,233,232,40,18,22,84,48,36,175,78,97,2,0,2,147,81,66,17,8,9
56456705,171,84,87,22,8,14,56,31,25,55,26,29,2,0,2,29,15,14,7,4,3
56456706,129,63,66,43,19,24,32,17,15,35,19,16,1,1,0,9,2,7,9,5,4
56456707,659,303,356,81,38,43,134,66,68,246,112,134,8,2,6,155,66,89,35,19,16
56456708,934,612,322,262,203,59,256,195,61,238,134,104,4,2,2,145,63,82,29,15,14
56456709,1563,740,823,204,98,106,326,174,152,555,245,310,19,6,13,409,192,217,50,25,25
56456710,50,27,23,8,2,6,15,11,4,15,6,9,2,1,1,9,6,3,1,1,0
56456711,102,42,60,23,7,16,45,21,24,17,7,10,0,0,0,12,4,8,5,3,2
56456712,60,28,32,7,2,5,10,7,3,29,12,17,0,0,0,12,6,6,2,1,1
56456713,48,39,9,15,12,3,19,18,1,9,6,3,0,0,0,2,1,1,3,2,1
56456714,76,33,43,5,2,3,17,4,13,30,16,14,2,1,1,22,10,12,0,0,0
56456715,1787,820,967,216,97,119,470,251,219,644,257,387,17,5,12,333,148,185,107,62,45
56456716,1231,558,673,193,75,118,323,175,148,382,160,222,14,6,8,241,104,137,78,38,40
56456717,52,27,25,7,1,6,13,8,5,25,14,11,0,0,0,6,3,3,1,1,0
56456718,3462,1562,1900,447,168,279,991,518,473,1240,498,742,56,16,40,568,275,293,160,87,73
56456719,55,31,24,10,5,5,17,11,6,22,10,12,0,0,0,0,0,0,6,5,1
56456720,1600,715,885,254,89,165,514,248,266,503,216,287,15,9,6,206,97,109,108,56,52
56456722,2301,1089,1212,290,129,161,651,344,307,858,365,493,37,15,22,371,178,193,94,58,36
56456723,117,59,58,12,3,9,44,26,18,35,17,18,0,0,0,13,7,6,13,6,7
56456724,14,6,8,0,0,0,0,0,0,4,2,2,0,0,0,10,4,6,0,0,0
56456725,856,418,438,97,41,56,226,126,100,331,153,178,10,2,8,176,89,87,16,7,9
56456726,390,191,199,52,25,27,22,10,12,129,63,66,10,3,7,168,86,82,9,4,5
56456727,1284,729,555,163,84,79,280,171,109,358,167,191,11,7,4,190,88,102,282,212,70
54669101,151,79,72,26,14,12,71,42,29,31,11,20,2,0,2,7,5,2,14,7,7
56521101,19,8,11,3,0,3,2,0,2,5,3,2,0,0,0,7,4,3,2,1,1
56521102,223,107,116,44,16,28,98,56,42,51,18,33,5,4,1,14,6,8,11,7,4
56521103,56,28,28,16,4,12,29,20,9,7,3,4,0,0,0,3,1,2,1,0,1
56521104,49,24,25,6,2,4,17,12,5,18,7,11,0,0,0,8,3,5,0,0,0
56521105,19,12,7,2,0,2,7,6,1,9,5,4,0,0,0,1,1,0,0,0,0
56521107,45,20,25,4,1,3,8,4,4,21,8,13,1,1,0,9,5,4,2,1,1
56521108,81,46,35,15,6,9,28,21,7,21,10,11,2,0,2,10,5,5,5,4,1
0877420,0,0,0,0,0,0,0,0,0,0,0,0,0,0,0,0,0,0,0,0,0
0878230,0,0,0,0,0,0,0,0,0,0,0,0,0,0,0,0,0,0,0,0,0
0878310,0,0,0,0,0,0,0,0,0,0,0,0,0,0,0,0,0,0,0,0,0
56522901,261,133,128,42,18,24,70,41,29,89,43,46,2,1,1,46,24,22,12,6,6
56522902,1782,875,907,266,105,161,602,318,284,506,220,286,25,7,18,179,83,96,204,142,62
56522903,157,71,86,26,10,16,49,28,21,44,15,29,8,5,3,20,7,13,10,6,4
56522906,25,13,12,3,1,2,4,2,2,10,6,4,3,1,2,2,1,1,3,2,1
56522907,1872,873,999,374,140,234,692,376,316,488,226,262,33,6,27,142,56,86,143,69,74
56522908,295,148,147,42,25,17,96,50,46,97,49,48,2,0,2,51,22,29,7,2,5
56522910,810,392,418,101,38,63,216,118,98,311,149,162,10,6,4,143,63,80,29,18,11
56522911,1990,884,1106,307,105,202,720,367,353,628,264,364,22,4,18,219,96,123,94,48,46
56522912,51,28,23,8,4,4,26,16,10,8,4,4,0,0,0,3,1,2,6,3,3
56523701,296,155,141,53,26,27,119,71,48,85,37,48,1,1,0,18,9,9,20,11,9
56524501,586,294,292,79,33,46,239,132,107,164,79,85,9,3,6,58,27,31,37,20,17
54249101,101,51,50,18,7,11,32,23,9,30,13,17,1,1,0,14,6,8,6,1,5
54249102,36,19,17,3,1,2,2,1,1,12,6,6,1,1,0,17,9,8,1,1,0
56525301,202,100,102,23,10,13,77,44,33,73,35,38,4,1,3,23,9,14,2,1,1
56525302,66,32,34,12,2,10,22,12,10,20,10,10,0,0,0,9,5,4,3,3,0
56525303,203,108,95,29,9,20,92,59,33,56,26,30,1,0,1,14,7,7,11,7,4
56525304,196,101,95,30,10,20,66,43,23,61,27,34,4,1,3,24,14,10,11,6,5
54252101,123,64,59,15,7,8,40,23,17,27,15,12,2,1,1,30,11,19,9,7,2
53050601,186,103,83,27,17,10,44,24,20,64,34,30,0,0,0,41,23,18,10,5,5
56529601,197,94,103,32,8,24,77,41,36,50,28,22,6,1,5,12,3,9,20,13,7
56530001,439,218,221,50,19,31,141,84,57,143,64,79,9,4,5,75,33,42,21,14,7
3306980,0,0,0,0,0,0,0,0,0,0,0,0,0,0,0,0,0,0,0,0,0
56531801,754,389,365,120,50,70,300,179,121,213,93,120,7,4,3,58,28,30,56,35,21
56531802,178,89,89,28,10,18,75,43,32,49,23,26,2,0,2,19,9,10,5,4,1
56531803,179,97,82,25,10,15,78,51,27,54,26,28,3,2,1,11,4,7,8,4,4
56531804,54,24,30,12,5,7,21,10,11,16,6,10,2,2,0,3,1,2,0,0,0
56531805,30,15,15,9,3,6,16,10,6,4,1,3,0,0,0,1,1,0,0,0,0
56531806,102,52,50,18,6,12,43,28,15,32,13,19,1,0,1,7,4,3,1,1,0
56531807,23,14,9,2,2,0,13,8,5,5,2,3,0,0,0,1,1,0,2,1,1
56531808,191,100,91,42,14,28,93,60,33,36,14,22,1,1,0,16,10,6,3,1,2
56534201,141,76,65,31,8,23,64,47,17,29,12,17,0,0,0,12,5,7,5,4,1
56534202,191,96,95,33,20,13,77,45,32,54,21,33,3,2,1,14,3,11,10,5,5
54244001,85,47,38,8,3,5,35,23,12,26,12,14,3,1,2,7,3,4,6,5,1
54253901,185,96,89,36,16,20,70,42,28,51,23,28,2,1,1,17,7,10,9,7,2
56539301,248,124,124,32,16,16,95,56,39,87,36,51,3,1,2,17,7,10,14,8,6
56539302,50,25,25,2,1,1,27,16,11,14,4,10,1,0,1,4,3,1,2,1,1
56539304,32,18,14,5,4,1,11,8,3,7,3,4,0,0,0,9,3,6,0,0,0
56539305,40,25,15,6,5,1,16,10,6,13,8,5,0,0,0,3,1,2,2,1,1
56541502,144,72,72,20,6,14,60,34,26,41,23,18,0,0,0,21,8,13,2,1,1
56541503,23,13,10,3,1,2,12,8,4,4,2,2,0,0,0,2,1,1,2,1,1
56541504,62,38,24,10,6,4,28,19,9,15,7,8,1,1,0,7,4,3,1,1,0
56541505,328,150,178,50,17,33,134,73,61,102,37,65,3,2,1,27,13,14,12,8,4
56543101,38,18,20,8,2,6,18,11,7,6,2,4,0,0,0,1,0,1,5,3,2
56543102,107,52,55,10,3,7,46,29,17,33,12,21,0,0,0,12,4,8,6,4,2
56543104,44,23,21,6,3,3,25,15,10,10,3,7,0,0,0,0,0,0,3,2,1
56543105,73,35,38,22,11,11,34,18,16,9,1,8,0,0,0,3,3,0,5,2,3
56543107,141,73,68,17,7,10,56,36,20,42,18,24,3,2,1,15,5,10,8,5,3
56543108,70,34,36,7,5,2,24,12,12,27,13,14,1,1,0,5,2,3,6,1,5
56543109,588,286,302,105,39,66,203,122,81,176,69,107,9,4,5,34,15,19,61,37,24
56545801,205,106,99,47,27,20,73,43,30,61,22,39,2,2,0,13,5,8,9,7,2
56545802,330,168,162,53,13,40,123,79,44,90,45,45,1,0,1,25,10,15,38,21,17
56547401,238,118,120,44,17,27,84,48,36,64,27,37,5,3,2,27,14,13,14,9,5
56548201,299,149,150,39,7,32,125,81,44,89,34,55,4,2,2,30,15,15,12,10,2
56549101,479,243,236,88,41,47,187,117,70,127,51,76,8,4,4,46,16,30,23,14,9
56552101,388,200,188,65,33,32,161,99,62,115,43,72,2,1,1,31,15,16,14,9,5
56554701,124,60,64,30,10,20,47,31,16,30,15,15,1,0,1,12,3,9,4,1,3
1417210,0,0,0,0,0,0,0,0,0,0,0,0,0,0,0,0,0,0,0,0,0
1417800,0,0,0,0,0,0,0,0,0,0,0,0,0,0,0,0,0,0,0,0,0
56555501,734,373,361,85,35,50,261,161,100,251,117,134,10,3,7,106,44,62,21,13,8
56555503,45,24,21,4,2,2,15,9,6,9,5,4,1,1,0,13,6,7,3,1,2
56555504,910,438,472,122,50,72,229,118,111,284,130,154,17,7,10,211,103,108,47,30,17
56555505,1036,481,555,161,50,111,318,175,143,334,150,184,24,10,14,130,61,69,69,35,34
56555506,81,41,40,10,3,7,26,16,10,38,17,21,1,0,1,5,4,1,1,1,0
56555507,57,29,28,4,2,2,12,7,5,22,11,11,1,0,1,13,5,8,5,4,1
56555508,1037,485,552,105,37,68,265,148,117,400,168,232,24,9,15,205,100,105,38,23,15
56555509,390,192,198,42,16,26,102,73,29,141,58,83,7,3,4,89,36,53,9,6,3
56555511,87,48,39,25,14,11,30,19,11,13,5,8,3,1,2,5,3,2,11,6,5
56555512,2459,1094,1365,369,125,244,839,445,394,812,320,492,46,20,26,266,121,145,127,63,64
56555513,998,535,463,146,65,81,236,136,100,288,137,151,15,5,10,150,70,80,163,122,41
56555514,679,309,370,78,23,55,179,94,85,249,107,142,21,11,10,122,55,67,30,19,11
56555515,129,65,64,9,5,4,28,14,14,39,21,18,4,2,2,47,22,25,2,1,1
56555516,1194,572,622,148,54,94,383,210,173,412,197,215,19,8,11,204,89,115,28,14,14
56555517,24,13,11,2,0,2,10,9,1,7,3,4,1,0,1,3,1,2,1,0,1
56555518,304,146,158,32,9,23,73,41,32,116,53,63,4,3,1,66,34,32,13,6,7
56555519,243,115,128,19,4,15,47,26,21,92,42,50,6,3,3,74,37,37,5,3,2
54672101,181,90,91,25,11,14,78,48,30,53,25,28,2,0,2,10,2,8,13,4,9
56559801,226,120,106,23,9,14,103,61,42,64,29,35,2,1,1,15,6,9,19,14,5
56560101,220,116,104,29,10,19,82,53,29,75,36,39,5,3,2,14,5,9,15,9,6
56561001,62,35,27,8,2,6,26,16,10,17,11,6,1,1,0,2,0,2,8,5,3
56561002,235,130,105,39,18,21,82,54,28,48,22,26,2,0,2,8,3,5,56,33,23
56561003,94,54,40,19,8,11,44,28,16,21,11,10,0,0,0,7,4,3,3,3,0
56561004,26,14,12,3,2,1,5,4,1,8,2,6,1,0,1,5,3,2,4,3,1
56561005,37,19,18,7,1,6,13,9,4,12,7,5,0,0,0,2,1,1,3,1,2
56561006,25,14,11,4,3,1,9,4,5,9,5,4,1,0,1,1,1,0,1,1,0
56561008,115,61,54,26,9,17,56,38,18,20,9,11,1,0,1,4,2,2,8,3,5
56561009,73,35,38,12,6,6,30,14,16,23,10,13,0,0,0,3,1,2,5,4,1
54682801,26,15,11,2,2,0,8,6,2,9,5,4,0,0,0,2,0,2,5,2,3
56567901,518,251,267,91,33,58,158,85,73,159,83,76,8,3,5,52,21,31,50,26,24
56567902,331,157,174,45,18,27,117,68,49,109,46,63,7,1,6,37,16,21,16,8,8
3315380,0,0,0,0,0,0,0,0,0,0,0,0,0,0,0,0,0,0,0,0,0
56569501,588,308,280,87,35,52,238,148,90,181,77,104,7,3,4,55,29,26,20,16,4
3111620,0,0,0,0,0,0,0,0,0,0,0,0,0,0,0,0,0,0,0,0,0
3111970,0,0,0,0,0,0,0,0,0,0,0,0,0,0,0,0,0,0,0,0,0
56570901,180,92,88,29,17,12,82,49,33,43,17,26,0,0,0,14,4,10,12,5,7
56570902,206,98,108,50,21,29,78,44,34,58,23,35,4,1,3,6,3,3,10,6,4
56570903,33,13,20,10,1,9,12,8,4,3,0,3,0,0,0,2,0,2,6,4,2
56570904,30,16,14,6,4,2,17,10,7,5,1,4,1,0,1,1,1,0,0,0,0
56570905,120,70,50,19,9,10,60,38,22,33,17,16,4,4,0,3,2,1,1,0,1
56570906,50,24,26,15,6,9,23,13,10,8,3,5,0,0,0,2,0,2,2,2,0
56570907,199,103,96,53,21,32,76,48,28,47,25,22,4,0,4,11,4,7,8,5,3
56570908,148,74,74,27,11,16,72,45,27,36,14,22,4,0,4,7,3,4,2,1,1
56570910,92,49,43,16,8,8,39,23,16,23,12,11,0,0,0,9,4,5,5,2,3
56570911,788,371,417,182,75,107,276,142,134,203,90,113,11,2,9,63,29,34,53,33,20
56570912,615,302,313,103,39,64,244,140,104,183,79,104,7,2,5,41,20,21,37,22,15
56570913,613,298,315,80,25,55,195,102,93,216,103,113,7,2,5,70,35,35,45,31,14
56570914,25,13,12,1,0,1,20,10,10,4,3,1,0,0,0,0,0,0,0,0,0
56570915,576,264,312,108,38,70,243,126,117,153,61,92,8,4,4,30,12,18,34,23,11
56570916,1377,642,735,287,100,187,509,278,231,390,172,218,19,9,10,76,28,48,96,55,41
56570917,1406,706,700,251,112,139,475,272,203,397,169,228,17,6,11,106,41,65,160,106,54
56570918,464,244,220,132,59,73,173,107,66,83,41,42,1,0,1,16,6,10,59,31,28
56570921,84,37,47,25,5,20,32,17,15,22,13,9,0,0,0,5,2,3,0,0,0
56571701,459,229,230,71,22,49,187,116,71,149,68,81,7,3,4,37,14,23,8,6,2
56571702,119,60,59,15,4,11,52,31,21,28,14,14,2,1,1,10,5,5,12,5,7
56571703,37,17,20,2,1,1,10,6,4,16,6,10,0,0,0,9,4,5,0,0,0
56571704,262,127,135,34,9,25,99,64,35,85,37,48,5,1,4,23,6,17,16,10,6
56571705,23,13,10,1,1,0,7,5,2,11,5,6,0,0,0,4,2,2,0,0,0
56571707,1414,691,723,258,102,156,458,263,195,355,157,198,10,4,6,110,53,57,223,112,111
56571710,199,78,121,28,4,24,64,28,36,72,29,43,1,0,1,31,14,17,3,3,0
56574101,72,37,35,8,3,5,23,17,6,30,12,18,1,1,0,6,2,4,4,2,2
56574102,439,220,219,51,21,30,159,95,64,142,61,81,0,0,0,48,18,30,39,25,14
54240701,238,122,116,23,14,9,63,32,31,84,43,41,6,4,2,50,25,25,12,4,8
54240702,87,43,44,20,5,15,35,24,11,19,8,11,0,0,0,7,2,5,6,4,2
56576802,19,9,10,2,0,2,6,5,1,9,3,6,0,0,0,2,1,1,0,0,0
56576803,107,47,60,15,6,9,48,24,24,26,8,18,1,1,0,15,7,8,2,1,1
56576804,46,23,23,6,2,4,13,10,3,16,6,10,1,0,1,7,4,3,3,1,2
56576805,68,35,33,8,5,3,23,10,13,27,15,12,1,1,0,8,3,5,1,1,0
56576806,66,29,37,9,0,9,27,13,14,19,13,6,3,1,2,8,2,6,0,0,0
56576807,1172,591,581,171,76,95,398,235,163,372,171,201,14,5,9,161,70,91,56,34,22
56576808,59,30,29,12,4,8,14,7,7,14,8,6,1,1,0,11,4,7,7,6,1
56576809,20,9,11,1,0,1,14,7,7,4,2,2,0,0,0,1,0,1,0,0,0
56577602,96,47,49,11,2,9,45,29,16,29,14,15,1,0,1,7,1,6,3,1,2
56577603,21,10,11,3,0,3,9,5,4,3,2,1,0,0,0,5,3,2,1,0,1
56577604,34,18,16,5,3,2,10,6,4,12,6,6,0,0,0,1,1,0,6,2,4
56577605,20,10,10,4,2,2,4,4,0,9,2,7,0,0,0,0,0,0,3,2,1
56577606,56,27,29,7,2,5,27,16,11,15,7,8,5,1,4,2,1,1,0,0,0
56577607,39,20,19,2,2,0,16,10,6,15,7,8,1,0,1,5,1,4,0,0,0
56577608,436,208,228,64,24,40,144,79,65,144,67,77,6,1,5,57,22,35,21,15,6
56579201,46,25,21,7,4,3,23,12,11,10,5,5,0,0,0,3,2,1,3,2,1
56579202,33,17,16,7,3,4,7,5,2,7,3,4,3,1,2,6,3,3,3,2,1
56579203,32,17,15,4,0,4,12,8,4,12,5,7,0,0,0,3,3,0,1,1,0
56579205,66,32,34,7,3,4,27,15,12,17,6,11,3,0,3,7,5,2,5,3,2
56579206,308,150,158,63,21,42,105,65,40,73,34,39,4,2,2,42,15,27,21,13,8
56580601,215,109,106,22,8,14,91,52,39,70,33,37,2,0,2,19,8,11,11,8,3
1980052,0,0,0,0,0,0,0,0,0,0,0,0,0,0,0,0,0,0,0,0,0
56581402,22,11,11,5,3,2,1,1,0,13,5,8,0,0,0,2,2,0,1,0,1
56581403,103,48,55,19,5,14,50,27,23,27,13,14,0,0,0,5,1,4,2,2,0
56581404,31,15,16,11,5,6,10,5,5,6,2,4,0,0,0,3,2,1,1,1,0
56581405,34,18,16,7,2,5,14,10,4,8,3,5,0,0,0,4,3,1,1,0,1
56581406,62,31,31,9,1,8,22,18,4,19,7,12,0,0,0,3,1,2,9,4,5
56581407,31,16,15,6,1,5,12,10,2,9,4,5,0,0,0,3,1,2,1,0,1
56581409,47,26,21,11,5,6,16,10,6,10,6,4,0,0,0,5,2,3,5,3,2
56581410,118,68,50,21,11,10,48,27,21,33,21,12,1,0,1,2,1,1,13,8,5
56581411,29,17,12,5,4,1,13,8,5,7,4,3,0,0,0,4,1,3,0,0,0
56581412,52,30,22,13,7,6,18,10,8,14,9,5,0,0,0,2,0,2,5,4,1
56581413,46,22,24,9,3,6,16,9,7,15,8,7,0,0,0,5,2,3,1,0,1
56581414,116,57,59,19,8,11,53,34,19,26,7,19,3,2,1,8,2,6,7,4,3
56581415,18,9,9,3,0,3,6,3,3,7,4,3,0,0,0,2,2,0,0,0,0
56581416,67,31,36,6,2,4,35,18,17,16,6,10,0,0,0,8,3,5,2,2,0
56581418,26,12,14,5,1,4,7,4,3,7,3,4,0,0,0,6,3,3,1,1,0
56581419,88,44,44,26,11,15,19,11,8,26,13,13,3,1,2,5,4,1,9,4,5
56581421,41,19,22,8,5,3,19,8,11,10,4,6,1,1,0,3,1,2,0,0,0
56581422,74,35,39,18,5,13,26,13,13,20,10,10,0,0,0,4,2,2,6,5,1
56581423,350,192,158,56,26,30,121,66,55,72,36,36,1,0,1,23,6,17,77,58,19
56581424,276,143,133,49,23,26,111,67,44,65,33,32,4,1,3,18,8,10,29,11,18
56581425,672,318,354,119,37,82,257,156,101,191,82,109,7,2,5,56,17,39,42,24,18
56581426,24,12,12,1,0,1,6,4,2,9,3,6,0,0,0,7,4,3,1,1,0
56583101,499,243,256,56,18,38,141,82,59,174,80,94,15,7,8,99,47,52,14,9,5
56583102,240,122,118,43,22,21,69,41,28,76,35,41,5,1,4,40,20,20,7,3,4
56584901,70,37,33,10,6,4,30,19,11,21,7,14,2,2,0,5,1,4,2,2,0
56584902,64,32,32,11,6,5,14,9,5,29,12,17,1,0,1,6,3,3,3,2,1
56584903,26,14,12,9,4,5,8,6,2,7,4,3,0,0,0,2,0,2,0,0,0
56584904,50,24,26,8,3,5,21,10,11,16,10,6,1,0,1,2,0,2,2,1,1
56584905,31,15,16,3,3,0,12,6,6,11,4,7,1,0,1,3,1,2,1,1,0
56584906,46,26,20,4,4,0,17,11,6,17,5,12,0,0,0,4,3,1,4,3,1
56584907,81,38,43,14,5,9,32,17,15,27,12,15,1,0,1,3,2,1,4,2,2
56584908,24,11,13,1,0,1,3,1,2,13,8,5,0,0,0,7,2,5,0,0,0
56584909,291,133,158,76,17,59,124,71,53,53,27,26,2,1,1,19,10,9,17,7,10
56584911,106,55,51,15,5,10,34,18,16,37,23,14,1,1,0,15,8,7,4,0,4
56584912,84,40,44,10,5,5,44,21,23,18,7,11,1,1,0,7,3,4,4,3,1
56584913,513,254,259,70,20,50,212,125,87,148,69,79,5,2,3,41,11,30,37,27,10
56585701,398,210,188,62,23,39,145,91,54,124,59,65,3,1,2,40,19,21,24,17,7
56586501,36,21,15,7,4,3,8,7,1,13,7,6,0,0,0,8,3,5,0,0,0
56586502,201,96,105,30,13,17,73,43,30,63,25,38,2,1,1,26,11,15,7,3,4
56587301,152,71,81,24,4,20,56,33,23,38,17,21,3,0,3,16,8,8,15,9,6
56588101,330,178,152,49,18,31,142,90,52,97,48,49,1,0,1,22,11,11,19,11,8
56589002,210,99,111,33,15,18,66,33,33,77,34,43,1,0,1,28,13,15,5,4,1
56589003,212,110,102,31,15,16,69,43,26,67,30,37,2,1,1,20,9,11,23,12,11
56590301,255,130,125,50,19,31,111,66,45,56,23,33,2,0,2,8,3,5,28,19,9
56591101,82,38,44,14,5,9,43,24,19,16,6,10,0,0,0,6,2,4,3,1,2
56591102,182,93,89,40,18,22,77,45,32,43,17,26,1,0,1,8,4,4,13,9,4
54248201,52,24,28,8,1,7,16,9,7,17,12,5,1,1,0,8,1,7,2,0,2
54248202,110,54,56,11,5,6,33,23,10,40,14,26,1,1,0,13,6,7,12,5,7
56593801,216,107,109,29,12,17,90,56,34,67,25,42,3,1,2,22,9,13,5,4,1
56594601,427,221,206,73,39,34,160,90,70,126,59,67,3,1,2,38,15,23,27,17,10
56595401,321,164,157,54,19,35,118,76,42,90,37,53,7,3,4,31,15,16,21,14,7
56596201,372,187,185,56,23,33,111,69,42,123,54,69,7,1,6,60,34,26,15,6,9
56596202,257,147,110,100,65,35,48,25,23,57,32,25,1,0,1,35,17,18,16,8,8
56596203,701,359,342,98,47,51,232,138,94,216,95,121,12,3,9,98,46,52,45,30,15
56599701,219,113,106,47,23,24,86,48,38,42,16,26,0,0,0,15,8,7,29,18,11
56599702,37,20,17,6,3,3,12,8,4,13,7,6,0,0,0,5,1,4,1,1,0
56599703,50,24,26,9,2,7,21,14,7,11,3,8,0,0,0,4,2,2,5,3,2
56599704,34,15,19,5,2,3,13,8,5,11,5,6,1,0,1,4,0,4,0,0,0
56600401,333,157,176,52,19,33,149,85,64,90,36,54,2,1,1,21,8,13,19,8,11
56600402,68,35,33,14,5,9,30,19,11,12,5,7,0,0,0,7,2,5,5,4,1
56601201,222,103,119,55,21,34,61,36,25,54,24,30,3,0,3,32,14,18,17,8,9
56602101,330,176,154,60,27,33,142,81,61,95,47,48,1,0,1,15,8,7,17,13,4
56602102,31,17,14,11,6,5,12,8,4,8,3,5,0,0,0,0,0,0,0,0,0
56602103,126,62,64,21,7,14,48,28,20,41,18,23,0,0,0,8,4,4,8,5,3
56602104,65,39,26,14,4,10,37,25,12,7,5,2,0,0,0,3,2,1,4,3,1
56602105,97,45,52,33,14,19,31,14,17,25,13,12,1,0,1,3,1,2,4,3,1
56602106,131,69,62,18,5,13,58,36,22,29,15,14,1,1,0,13,5,8,12,7,5
54254701,303,155,148,38,12,26,100,66,34,114,55,59,3,1,2,40,18,22,8,3,5
54689501,69,36,33,6,2,4,33,23,10,20,8,12,3,0,3,7,3,4,0,0,0
56606301,250,128,122,56,23,33,111,66,45,55,26,29,2,0,2,11,4,7,15,9,6
54257101,835,420,415,100,43,57,261,171,90,278,122,156,15,3,12,95,36,59,86,45,41
53058101,226,116,110,73,33,40,72,44,28,49,24,25,2,0,2,12,5,7,18,10,8
53058102,23,15,8,4,2,2,9,8,1,3,1,2,0,0,0,5,2,3,2,2,0
54262801,958,471,487,143,60,83,337,193,144,307,138,169,12,2,10,97,39,58,62,39,23
54262802,107,53,54,11,5,6,25,15,10,39,19,20,2,0,2,23,10,13,7,4,3
56612801,145,74,71,32,9,23,55,37,18,34,13,21,2,0,2,12,8,4,10,7,3
56612802,28,17,11,6,3,3,6,5,1,10,7,3,0,0,0,6,2,4,0,0,0
54686101,1153,590,563,181,84,97,378,235,143,393,175,218,19,4,15,132,64,68,50,28,22
56615201,399,208,191,76,30,46,164,95,69,104,49,55,4,1,3,26,16,10,25,17,8
56615202,148,76,72,33,9,24,57,41,16,35,16,19,1,1,0,4,1,3,18,8,10
56618701,319,165,154,49,19,30,125,73,52,101,54,47,3,1,2,28,9,19,13,9,4
56618702,42,23,19,9,6,3,16,10,6,12,4,8,0,0,0,5,3,2,0,0,0
56618703,77,41,36,18,5,13,28,23,5,21,8,13,0,0,0,7,3,4,3,2,1
56618704,72,38,34,12,5,7,21,15,6,23,10,13,0,0,0,13,6,7,3,2,1
56619501,55,24,31,8,1,7,25,14,11,13,3,10,1,0,1,4,3,1,4,3,1
56619502,287,149,138,38,13,25,122,70,52,80,44,36,3,1,2,24,12,12,20,9,11
56621701,300,154,146,47,18,29,116,70,46,93,42,51,2,0,2,29,14,15,13,10,3
56621702,59,29,30,7,4,3,20,11,9,23,10,13,3,2,1,5,2,3,1,0,1
56621703,176,94,82,26,7,19,68,42,26,58,34,24,3,2,1,19,7,12,2,2,0
56623301,310,159,151,42,16,26,110,69,41,98,47,51,7,1,6,40,17,23,13,9,4
56623302,155,70,85,21,9,12,55,31,24,51,22,29,2,0,2,25,8,17,1,0,1
56624101,238,126,112,47,20,27,95,57,38,50,24,26,2,1,1,14,6,8,30,18,12
56624102,81,47,34,19,8,11,34,26,8,15,9,6,1,0,1,8,3,5,4,1,3
56624103,111,57,54,22,11,11,37,22,15,30,15,15,0,0,0,10,2,8,12,7,5
54642901,104,57,47,13,5,8,46,31,15,30,10,20,2,2,0,10,7,3,3,2,1
54601101,37,20,17,3,1,2,13,9,4,14,7,7,0,0,0,4,1,3,3,2,1
54601102,183,85,98,19,5,14,70,42,28,65,25,40,0,0,0,20,9,11,9,4,5
54601103,129,67,62,20,4,16,52,35,17,35,15,20,1,0,1,6,4,2,15,9,6
54601104,359,191,168,52,22,30,143,88,55,101,51,50,1,0,1,29,9,20,33,21,12
56628401,365,187,178,63,23,40,148,97,51,112,49,63,5,0,5,23,9,14,14,9,5
56628402,16,8,8,4,2,2,3,2,1,4,1,3,1,0,1,4,3,1,0,0,0
56628404,62,29,33,11,3,8,29,17,12,12,6,6,1,0,1,5,1,4,4,2,2
56628405,48,23,25,14,2,12,18,12,6,11,6,5,0,0,0,5,3,2,0,0,0
56628406,37,19,18,4,1,3,16,10,6,10,5,5,2,0,2,1,1,0,4,2,2
53055701,105,52,53,16,4,12,53,29,24,16,8,8,0,0,0,6,3,3,14,8,6
56630601,56,27,29,7,2,5,26,15,11,11,4,7,1,0,1,10,5,5,1,1,0
56630602,17,10,7,4,2,2,8,5,3,4,3,1,0,0,0,0,0,0,1,0,1
56630603,48,22,26,15,5,10,17,10,7,11,5,6,0,0,0,2,1,1,3,1,2
56630604,360,175,185,57,23,34,139,75,64,94,44,50,6,2,4,34,16,18,30,15,15
56630605,22,12,10,4,2,2,7,5,2,5,1,4,0,0,0,2,1,1,4,3,1
56630606,26,12,14,10,4,6,6,3,3,4,2,2,0,0,0,1,1,0,5,2,3
56631401,1527,759,768,290,105,185,617,365,252,381,167,214,20,7,13,96,44,52,123,71,52
56631402,122,62,60,17,6,11,45,30,15,35,13,22,0,0,0,14,7,7,11,6,5
56631403,93,46,47,37,13,24,34,24,10,14,5,9,1,0,1,2,1,1,5,3,2
56631404,172,81,91,28,9,19,77,42,35,45,19,26,2,0,2,7,3,4,13,8,5
56632201,1124,547,577,165,55,110,430,259,171,343,150,193,18,7,11,98,39,59,70,37,33
56634901,80,40,40,26,9,17,39,21,18,10,6,4,0,0,0,3,2,1,2,2,0
56634902,37,20,17,4,1,3,12,8,4,14,8,6,0,0,0,6,2,4,1,1,0
56634903,63,36,27,6,1,5,14,11,3,26,13,13,1,1,0,12,8,4,4,2,2
56634906,34,19,15,7,2,5,19,12,7,6,4,2,1,0,1,0,0,0,1,1,0
56634907,41,22,19,7,1,6,19,14,5,12,6,6,0,0,0,1,0,1,2,1,1
56634909,424,227,197,69,33,36,175,104,71,99,43,56,7,1,6,42,20,22,32,26,6
56634910,47,25,22,8,6,2,25,14,11,10,3,7,0,0,0,2,1,1,2,1,1
56634911,29,15,14,7,3,4,14,11,3,6,1,5,0,0,0,2,0,2,0,0,0
56635701,87,44,43,12,3,9,32,24,8,28,12,16,2,1,1,9,2,7,4,2,2
56635702,35,18,17,7,2,5,15,11,4,8,3,5,2,1,1,1,0,1,2,1,1
56635703,94,49,45,13,5,8,36,24,12,26,9,17,0,0,0,16,8,8,3,3,0
56635704,226,114,112,41,21,20,78,46,32,61,29,32,1,0,1,27,8,19,18,10,8
56635705,132,71,61,26,9,17,47,31,16,22,11,11,1,0,1,17,9,8,19,11,8
56635706,34,18,16,3,0,3,11,8,3,11,7,4,1,0,1,8,3,5,0,0,0
53059001,415,211,204,70,25,45,167,97,70,117,54,63,2,0,2,28,14,14,31,21,10
56638101,210,106,104,53,22,31,81,52,29,48,20,28,2,0,2,6,0,6,20,12,8
56638102,57,31,26,17,8,9,24,16,8,7,3,4,1,0,1,4,2,2,4,2,2
56640301,170,84,86,30,11,19,63,41,22,49,19,30,2,0,2,13,5,8,13,8,5
56640302,61,32,29,8,1,7,15,11,4,21,12,9,0,0,0,4,1,3,13,7,6
56640303,262,136,126,34,14,20,113,69,44,68,31,37,4,0,4,18,5,13,25,17,8
56641101,127,68,59,41,21,20,47,26,21,27,14,13,1,1,0,2,0,2,9,6,3
54687901,394,197,197,51,17,34,152,96,56,139,61,78,4,1,3,33,12,21,15,10,5
0874410,0,0,0,0,0,0,0,0,0,0,0,0,0,0,0,0,0,0,0,0,0
0874910,0,0,0,0,0,0,0,0,0,0,0,0,0,0,0,0,0,0,0,0,0
56597101,116,59,57,15,5,10,50,32,18,33,13,20,2,1,1,14,6,8,2,2,0
56597102,84,44,40,13,6,7,34,17,17,29,15,14,1,1,0,1,1,0,6,4,2
56597103,21,13,8,4,2,2,6,4,2,7,4,3,0,0,0,2,2,0,2,1,1
56597104,2002,913,1089,324,127,197,568,285,283,608,272,336,34,14,20,330,146,184,138,69,69
56597105,178,44,134,65,8,57,64,24,40,31,6,25,1,1,0,9,4,5,8,1,7
56597108,805,371,434,121,45,76,257,129,128,267,124,143,20,8,12,79,34,45,61,31,30
56597109,1750,859,891,215,90,125,497,284,213,627,284,343,29,13,16,274,129,145,108,59,49
56597110,69,35,34,7,4,3,12,6,6,23,15,8,1,0,1,25,10,15,1,0,1
56597111,80,37,43,10,4,6,28,15,13,23,9,14,1,0,1,5,2,3,13,7,6
56597112,24,11,13,7,3,4,10,5,5,3,2,1,0,0,0,2,1,1,2,0,2
56597113,1442,661,781,180,60,120,475,256,219,497,217,280,20,4,16,175,73,102,95,51,44
56597114,780,361,419,71,30,41,172,92,80,282,123,159,11,3,8,215,96,119,29,17,12
56597115,770,459,311,84,42,42,153,94,59,195,105,90,10,4,6,120,63,57,208,151,57
56597116,454,225,229,52,27,25,88,50,38,163,76,87,4,1,3,133,63,70,14,8,6
56597118,621,313,308,169,68,101,175,110,65,169,82,87,4,1,3,64,31,33,40,21,19
56597119,869,419,450,141,62,79,227,126,101,254,112,142,11,3,8,102,43,59,134,73,61
56597121,36,17,19,3,3,0,10,5,5,13,6,7,0,0,0,4,1,3,6,2,4
56597122,3359,1507,1852,535,184,351,1210,623,587,1085,451,634,37,10,27,318,151,167,174,88,86
56597123,35,18,17,6,2,4,12,7,5,8,4,4,0,0,0,5,2,3,4,3,1
56597125,26,13,13,2,0,2,9,5,4,12,7,5,0,0,0,3,1,2,0,0,0
56597126,1185,576,609,181,77,104,343,194,149,409,185,224,23,2,21,177,85,92,52,33,19
56597127,135,67,68,13,4,9,10,7,3,51,29,22,4,2,2,54,24,30,3,1,2
0878820,0,0,0,0,0,0,0,0,0,0,0,0,0,0,0,0,0,0,0,0,0
56643801,233,23,210,109,1,108,80,17,63,29,0,29,1,0,1,3,1,2,11,4,7
56643802,75,38,37,13,6,7,29,18,11,23,10,13,0,0,0,2,0,2,8,4,4
56643804,21,13,8,8,4,4,9,6,3,2,1,1,0,0,0,0,0,0,2,2,0
56643805,37,22,15,7,6,1,16,10,6,9,3,6,0,0,0,2,1,1,3,2,1
56643806,70,34,36,12,3,9,26,14,12,21,11,10,1,0,1,5,3,2,5,3,2
56643807,838,420,418,160,57,103,337,196,141,224,108,116,8,3,5,64,31,33,45,25,20
56643809,16,8,8,0,0,0,4,2,2,5,3,2,3,1,2,3,1,2,1,1,0
56645401,364,184,180,73,32,41,127,70,57,100,52,48,1,0,1,24,8,16,39,22,17
56645402,32,17,15,6,3,3,10,6,4,7,3,4,0,0,0,2,1,1,7,4,3
56645403,201,101,100,38,14,24,95,57,38,31,13,18,2,1,1,21,9,12,14,7,7
56645404,165,90,75,31,15,16,67,43,24,42,20,22,1,0,1,7,3,4,17,9,8
56650102,45,22,23,12,3,9,12,9,3,8,4,4,0,0,0,4,2,2,9,4,5
56650104,298,158,140,58,23,35,133,81,52,66,33,33,3,0,3,12,6,6,26,15,11
54263601,88,43,45,12,4,8,42,22,20,18,9,9,0,0,0,8,3,5,8,5,3
56651901,41,21,20,6,2,4,10,6,4,11,5,6,0,0,0,5,2,3,9,6,3
56651904,649,522,127,227,194,33,269,227,42,102,71,31,1,1,0,23,12,11,27,17,10
56651905,89,35,54,39,10,29,27,16,11,7,3,4,0,0,0,3,1,2,13,5,8
56651906,44,24,20,5,1,4,15,11,4,16,7,9,0,0,0,7,4,3,1,1,0
54258001,349,171,178,41,16,25,93,57,36,122,49,73,4,1,3,79,42,37,10,6,4
56652701,255,139,116,71,28,43,101,62,39,49,28,21,2,1,1,11,3,8,21,17,4
56652702,45,21,24,7,3,4,14,10,4,13,4,9,0,0,0,4,2,2,7,2,5
54255501,102,54,48,12,3,9,31,20,11,43,24,19,1,0,1,10,4,6,5,3,2
56653501,338,177,161,33,11,22,150,96,54,101,40,61,4,0,4,35,21,14,15,9,6
56655101,180,85,95,32,8,24,67,42,25,51,19,32,2,2,0,21,8,13,7,6,1
56655102,184,95,89,22,8,14,74,49,25,60,24,36,1,0,1,16,8,8,11,6,5
56655103,175,81,94,16,5,11,91,45,46,45,20,25,2,0,2,14,6,8,7,5,2
56655104,157,81,76,27,5,22,80,55,25,32,10,22,2,1,1,7,2,5,9,8,1
56655105,190,94,96,35,12,23,86,52,34,42,16,26,0,0,0,14,7,7,13,7,6
56655107,743,375,368,115,46,69,254,153,101,235,106,129,5,0,5,91,42,49,43,28,15
56655108,304,150,154,52,22,30,131,77,54,81,31,50,4,0,4,18,7,11,18,13,5
56656001,44,22,22,7,0,7,23,15,8,6,2,4,0,0,0,6,4,2,2,1,1
56656002,112,57,55,22,8,14,47,29,18,23,12,11,1,0,1,8,3,5,11,5,6
56656003,154,78,76,28,13,15,65,40,25,33,10,23,2,0,2,8,4,4,18,11,7
56656004,265,156,109,74,45,29,97,63,34,55,28,27,4,2,2,8,3,5,27,15,12
56657801,111,53,58,25,9,16,48,29,19,21,9,12,0,0,0,8,3,5,9,3,6
56657802,191,93,98,23,9,14,86,45,41,62,29,33,2,1,1,8,3,5,10,6,4
56658601,69,38,31,12,5,7,30,21,9,19,7,12,2,1,1,5,3,2,1,1,0
56658602,102,47,55,12,2,10,39,22,17,34,14,20,0,0,0,8,4,4,9,5,4
56658603,70,38,32,13,6,7,26,16,10,25,12,13,0,0,0,6,4,2,0,0,0
56660801,129,67,62,35,16,19,47,29,18,30,15,15,1,0,1,10,4,6,6,3,3
1232770,0,0,0,0,0,0,0,0,0,0,0,0,0,0,0,0,0,0,0,0,0
3113590,0,0,0,0,0,0,0,0,0,0,0,0,0,0,0,0,0,0,0,0,0
56661601,327,184,143,87,57,30,131,81,50,66,28,38,3,1,2,20,8,12,20,9,11
56661603,54,30,24,15,7,8,28,16,12,6,5,1,0,0,0,2,0,2,3,2,1
56661605,78,39,39,20,9,11,40,21,19,12,6,6,1,1,0,3,1,2,2,1,1
56661606,44,20,24,8,1,7,15,8,7,12,7,5,1,0,1,2,0,2,6,4,2
56661607,24,12,12,8,4,4,6,3,3,2,1,1,0,0,0,0,0,0,8,4,4
56661610,297,153,144,36,18,18,117,70,47,84,38,46,4,1,3,44,22,22,12,4,8
56661611,114,60,54,48,26,22,41,20,21,13,7,6,0,0,0,1,0,1,11,7,4
56661613,27,13,14,3,1,2,11,7,4,11,5,6,1,0,1,1,0,1,0,0,0
56661614,61,38,23,23,18,5,20,13,7,8,3,5,0,0,0,3,1,2,7,3,4
56661615,79,39,40,40,15,25,27,17,10,7,5,2,0,0,0,1,1,0,4,1,3
56661616,1143,614,529,190,91,99,423,245,178,317,148,169,15,7,8,88,38,50,110,85,25
56661617,2008,893,1115,458,149,309,764,383,381,508,232,276,21,4,17,129,61,68,128,64,64
56661619,287,150,137,43,14,29,80,62,18,86,34,52,4,2,2,43,20,23,31,18,13
56661621,54,29,25,2,1,1,8,5,3,26,15,11,1,1,0,16,7,9,1,0,1
56661622,37,20,17,5,1,4,14,9,5,14,7,7,1,0,1,1,1,0,2,2,0
56661623,401,199,202,64,31,33,139,80,59,115,47,68,5,2,3,48,21,27,30,18,12
56661624,248,120,128,45,20,25,63,29,34,93,47,46,2,0,2,40,19,21,5,5,0
56662401,114,58,56,39,18,21,30,16,14,26,12,14,1,1,0,4,2,2,14,9,5
56662402,126,58,68,32,10,22,44,24,20,21,9,12,0,0,0,11,6,5,18,9,9
56662403,31,16,15,7,3,4,13,8,5,6,2,4,0,0,0,2,1,1,3,2,1
56662404,33,17,16,8,2,6,12,8,4,7,4,3,0,0,0,4,2,2,2,1,1
56662405,67,37,30,15,8,7,19,12,7,22,12,10,1,0,1,4,1,3,6,4,2
56662407,53,26,27,14,3,11,23,18,5,13,3,10,0,0,0,2,2,0,1,0,1
56662408,109,55,54,21,6,15,49,30,19,27,13,14,1,0,1,3,2,1,8,4,4
56662409,29,15,14,4,1,3,11,7,4,12,6,6,0,0,0,2,1,1,0,0,0
56662410,93,43,50,24,9,15,39,24,15,10,3,7,1,0,1,0,0,0,19,7,12
56662411,119,63,56,19,7,12,52,29,23,37,20,17,0,0,0,8,4,4,3,3,0
56662412,38,21,17,12,5,7,13,9,4,7,3,4,0,0,0,3,2,1,3,2,1
56662413,90,43,47,9,4,5,46,28,18,29,9,20,0,0,0,4,0,4,2,2,0
56662414,39,20,19,6,2,4,19,14,5,8,1,7,2,0,2,2,1,1,2,2,0
56662415,44,25,19,6,3,3,18,12,6,10,4,6,0,0,0,2,1,1,8,5,3
56662417,178,95,83,28,13,15,58,39,19,50,26,24,3,1,2,27,10,17,12,6,6
56662418,1357,683,674,325,130,195,477,270,207,297,126,171,11,4,7,49,21,28,198,132,66
56662420,446,228,218,80,33,47,161,95,66,126,62,64,4,0,4,34,13,21,41,25,16
56662422,394,197,197,136,54,82,124,71,53,65,31,34,4,2,2,17,8,9,48,31,17
56662424,466,231,235,107,42,65,185,108,77,99,39,60,4,1,3,25,15,10,46,26,20
56665902,199,101,98,32,10,22,72,51,21,57,21,36,1,0,1,26,13,13,11,6,5
56666701,45,22,23,7,2,5,15,9,6,19,7,12,0,0,0,4,4,0,0,0,0
56666703,378,178,200,56,20,36,143,71,72,108,48,60,4,1,3,44,22,22,23,16,7
56666704,50,25,25,9,2,7,16,12,4,16,7,9,0,0,0,4,1,3,5,3,2
56671301,21,11,10,10,4,6,3,2,1,6,3,3,0,0,0,2,2,0,0,0,0
56671302,473,239,234,77,32,45,169,104,65,142,67,75,11,2,9,52,21,31,22,13,9
56672101,358,176,182,48,20,28,147,86,61,114,53,61,3,0,3,35,11,24,11,6,5
56672102,18,8,10,5,1,4,8,4,4,1,0,1,0,0,0,2,1,1,2,2,0
1536212,0,0,0,0,0,0,0,0,0,0,0,0,0,0,0,0,0,0,0,0,0
54312801,654,328,326,94,36,58,227,128,99,210,101,109,8,1,7,71,32,39,44,30,14
54312802,54,29,25,6,2,4,22,13,9,17,9,8,0,0,0,6,3,3,3,2,1
54312803,137,73,64,27,14,13,63,32,31,35,17,18,0,0,0,6,5,1,6,5,1
56682901,76,37,39,13,5,8,34,17,17,20,11,9,0,0,0,2,0,2,7,4,3
56682902,38,20,18,3,0,3,17,12,5,12,8,4,1,0,1,4,0,4,1,0,1
56682903,117,66,51,15,3,12,52,33,19,31,16,15,1,0,1,4,3,1,14,11,3
56685301,30,16,14,4,2,2,13,6,7,13,8,5,0,0,0,0,0,0,0,0,0
56685302,51,27,24,6,3,3,21,14,7,13,5,8,1,0,1,5,2,3,5,3,2
56685304,84,42,42,18,4,14,27,18,9,22,12,10,5,1,4,9,4,5,3,3,0
56685305,408,227,181,130,84,46,157,94,63,84,30,54,3,2,1,23,8,15,11,9,2
54617801,74,35,39,15,5,10,25,13,12,22,12,10,1,0,1,7,2,5,4,3,1
3376760,0,0,0,0,0,0,0,0,0,0,0,0,0,0,0,0,0,0,0,0,0
56687001,21,14,7,5,3,2,8,6,2,5,3,2,0,0,0,1,0,1,2,2,0
56687002,39,21,18,8,4,4,19,13,6,6,2,4,1,0,1,4,1,3,1,1,0
56687003,200,108,92,56,30,26,76,49,27,25,10,15,1,0,1,5,1,4,37,18,19
56687004,32,18,14,4,1,3,16,12,4,6,2,4,0,0,0,3,1,2,3,2,1
56689601,345,165,180,78,20,58,120,77,43,88,43,45,1,0,1,20,1,19,38,24,14
56691801,85,43,42,9,3,6,37,22,15,21,10,11,2,1,1,14,5,9,2,2,0
56691802,130,67,63,22,5,17,57,40,17,33,13,20,0,0,0,8,4,4,10,5,5
56692601,169,89,80,24,10,14,59,35,24,61,28,33,1,1,0,12,7,5,12,8,4
56693401,26,13,13,5,2,3,11,6,5,7,2,5,0,0,0,0,0,0,3,3,0
56693402,52,28,24,16,7,9,21,14,7,7,2,5,1,0,1,0,0,0,7,5,2
56693404,25,15,10,5,3,2,5,4,1,10,4,6,0,0,0,3,2,1,2,2,0
56693405,20,13,7,4,3,1,8,4,4,3,2,1,0,0,0,0,0,0,5,4,1
56693407,84,45,39,16,8,8,36,20,16,10,5,5,0,0,0,6,3,3,16,9,7
56693408,1322,668,654,254,106,148,548,324,224,346,156,190,7,1,6,83,34,49,84,47,37
54688701,225,104,121,33,11,22,80,48,32,74,30,44,0,0,0,20,7,13,18,8,10
1711310,0,0,0,0,0,0,0,0,0,0,0,0,0,0,0,0,0,0,0,0,0
56695101,89,47,42,27,14,13,34,20,14,24,11,13,0,0,0,1,1,0,3,1,2
56695102,36,20,16,7,3,4,19,14,5,7,0,7,0,0,0,1,1,0,2,2,0
56695103,286,143,143,58,20,38,129,77,52,59,24,35,1,0,1,14,7,7,25,15,10
53060301,22,10,12,3,0,3,6,5,1,5,3,2,0,0,0,3,0,3,5,2,3
53060302,26,15,11,3,1,2,7,5,2,4,3,1,1,0,1,2,0,2,9,6,3
53060303,31,16,15,7,4,3,18,7,11,4,3,1,0,0,0,0,0,0,2,2,0
56697701,98,46,52,15,4,11,39,25,14,32,12,20,1,0,1,7,3,4,4,2,2
56697702,79,44,35,9,4,5,24,17,7,37,18,19,0,0,0,7,4,3,2,1,1
56697703,31,17,14,9,4,5,11,7,4,6,5,1,0,0,0,4,0,4,1,1,0
56697705,114,58,56,11,4,7,49,31,18,37,15,22,2,1,1,13,5,8,2,2,0
1949300,0,0,0,0,0,0,0,0,0,0,0,0,0,0,0,0,0,0,0,0,0
3369980,0,0,0,0,0,0,0,0,0,0,0,0,0,0,0,0,0,0,0,0,0
56698501,59,28,31,5,2,3,14,9,5,20,10,10,0,0,0,17,5,12,3,2,1
56698502,218,115,103,33,17,16,107,65,42,63,26,37,3,2,1,9,3,6,3,2,1
56698503,22,12,10,2,0,2,14,8,6,5,4,1,0,0,0,1,0,1,0,0,0
56698504,78,39,39,19,9,10,29,18,11,18,8,10,1,0,1,3,1,2,8,3,5
56698505,124,64,60,26,8,18,32,22,10,43,25,18,3,0,3,13,3,10,7,6,1
56698506,66,37,29,7,4,3,28,19,9,20,10,10,3,2,1,6,1,5,2,1,1
56698507,35,19,16,12,5,7,9,8,1,8,4,4,0,0,0,3,1,2,3,1,2
56698508,139,65,74,14,3,11,36,21,15,53,25,28,0,0,0,30,15,15,6,1,5
56698511,2684,1249,1435,386,143,243,706,396,310,949,405,544,38,13,25,472,218,254,133,74,59
56698512,1228,534,694,300,111,189,401,200,201,274,104,170,21,3,18,103,46,57,129,70,59
56698513,483,245,238,95,43,52,139,77,62,147,76,71,5,2,3,62,30,32,35,17,18
56698514,21,12,9,2,2,0,2,1,1,10,5,5,1,0,1,5,3,2,1,1,0
56698515,1750,905,845,328,135,193,433,248,185,456,227,229,31,14,17,221,114,107,281,167,114
56698516,1671,762,909,303,113,190,523,264,259,462,204,258,25,4,21,179,86,93,179,91,88
56698517,34,19,15,3,0,3,13,9,4,11,5,6,0,0,0,3,2,1,4,3,1
56698519,45,23,22,8,2,6,19,9,10,16,11,5,0,0,0,2,1,1,0,0,0
56698520,1876,875,1001,346,135,211,589,300,289,562,240,322,24,4,20,182,97,85,173,99,74
56698521,27,13,14,7,2,5,6,5,1,8,3,5,0,0,0,2,1,1,4,2,2
56698522,395,192,203,71,26,45,133,77,56,112,55,57,8,3,5,52,24,28,19,7,12
56698524,62,35,27,6,3,3,18,13,5,22,13,9,1,1,0,14,4,10,1,1,0
56698525,1638,785,853,282,103,179,495,274,221,534,238,296,17,3,14,193,104,89,117,63,54
56698526,156,78,78,16,8,8,45,25,20,65,29,36,0,0,0,27,14,13,3,2,1
56698527,2030,968,1062,308,122,186,707,373,334,604,284,320,36,10,26,239,110,129,136,69,67
56698528,52,25,27,10,4,6,18,11,7,15,7,8,1,0,1,5,3,2,3,0,3
56698529,211,106,105,33,12,21,58,40,18,74,33,41,4,1,3,36,14,22,6,6,0
56698530,33,18,15,8,6,2,6,4,2,9,2,7,0,0,0,9,6,3,1,0,1
56698531,286,146,140,44,13,31,96,48,48,69,38,31,2,2,0,32,17,15,43,28,15
53056501,77,38,39,17,6,11,34,22,12,14,5,9,2,0,2,6,2,4,4,3,1
54301201,179,88,91,30,12,18,70,44,26,53,21,32,0,0,0,17,7,10,9,4,5
56701902,82,41,41,25,10,15,26,16,10,14,7,7,1,1,0,8,2,6,8,5,3
56701903,62,30,32,18,6,12,27,15,12,14,6,8,0,0,0,0,0,0,3,3,0
56701904,192,98,94,34,13,21,81,45,36,49,27,22,2,0,2,6,1,5,20,12,8
1968010,0,0,0,0,0,0,0,0,0,0,0,0,0,0,0,0,0,0,0,0,0
1968190,0,0,0,0,0,0,0,0,0,0,0,0,0,0,0,0,0,0,0,0,0
1968270,0,0,0,0,0,0,0,0,0,0,0,0,0,0,0,0,0,0,0,0,0
56704301,1084,532,552,285,136,149,415,219,196,209,90,119,8,2,6,50,15,35,117,70,47
56704302,22,11,11,2,0,2,5,3,2,7,4,3,1,0,1,7,4,3,0,0,0
56704303,25,14,11,4,3,1,10,8,2,9,3,6,0,0,0,2,0,2,0,0,0
56705101,25,12,13,3,1,2,10,6,4,9,4,5,1,0,1,2,1,1,0,0,0
56705102,687,644,43,322,319,3,244,231,13,102,83,19,3,1,2,11,6,5,5,4,1
56705103,46,24,22,7,1,6,19,15,4,14,6,8,0,0,0,4,1,3,2,1,1
56706001,967,499,468,209,96,113,403,241,162,224,98,126,8,1,7,49,15,34,74,48,26
56706002,21,10,11,4,0,4,5,3,2,8,5,3,0,0,0,4,2,2,0,0,0
56707801,230,113,117,34,10,24,89,53,36,66,30,36,3,0,3,24,11,13,14,9,5
56710801,87,44,43,7,2,5,33,22,11,29,10,19,2,2,0,11,6,5,5,2,3
3237810,0,0,0,0,0,0,0,0,0,0,0,0,0,0,0,0,0,0,0,0,0
56714101,351,178,173,56,26,30,127,83,44,98,38,60,6,2,4,24,6,18,40,23,17
56714102,60,30,30,18,6,12,26,14,12,9,5,4,0,0,0,2,1,1,5,4,1
56714103,93,48,45,22,10,12,25,18,7,29,13,16,0,0,0,14,5,9,3,2,1
1984800,0,0,0,0,0,0,0,0,0,0,0,0,0,0,0,0,0,0,0,0,0
56716701,340,179,161,53,21,32,128,87,41,98,46,52,6,0,6,33,10,23,22,15,7
56716703,18,11,7,2,1,1,7,6,1,5,1,4,0,0,0,4,3,1,0,0,0
0000940,0,0,0,0,0,0,0,0,0,0,0,0,0,0,0,0,0,0,0,0,0
0001080,0,0,0,0,0,0,0,0,0,0,0,0,0,0,0,0,0,0,0,0,0
0292540,0,0,0,0,0,0,0,0,0,0,0,0,0,0,0,0,0,0,0,0,0
56717502,197,101,96,47,21,26,84,50,34,40,19,21,1,0,1,11,3,8,14,8,6
56717503,1511,768,743,307,150,157,605,360,245,388,161,227,7,1,6,104,37,67,100,59,41
56717504,41,17,24,6,2,4,17,9,8,13,5,8,3,0,3,1,0,1,1,1,0
56719101,27,14,13,4,2,2,7,5,2,13,5,8,0,0,0,1,0,1,2,2,0
56719102,35,15,20,2,0,2,5,2,3,14,8,6,2,0,2,12,5,7,0,0,0
56719103,37,21,16,4,2,2,16,11,5,12,6,6,1,0,1,2,1,1,2,1,1
56719104,46,24,22,7,4,3,10,7,3,18,9,9,1,0,1,8,3,5,2,1,1
56722101,149,77,72,19,10,9,42,28,14,54,19,35,3,1,2,27,15,12,4,4,0
56722102,42,24,18,12,5,7,17,11,6,9,7,2,1,0,1,1,0,1,2,1,1
56724801,36,21,15,6,3,3,17,12,5,7,3,4,0,0,0,1,0,1,5,3,2
56724802,103,51,52,14,3,11,36,21,15,31,18,13,2,0,2,14,6,8,6,3,3
56724803,35,22,13,3,1,2,18,13,5,8,3,5,0,0,0,2,1,1,4,4,0
0861420,0,0,0,0,0,0,0,0,0,0,0,0,0,0,0,0,0,0,0,0,0
0861930,0,0,0,0,0,0,0,0,0,0,0,0,0,0,0,0,0,0,0,0,0
3367340,0,0,0,0,0,0,0,0,0,0,0,0,0,0,0,0,0,0,0,0,0
3367420,0,0,0,0,0,0,0,0,0,0,0,0,0,0,0,0,0,0,0,0,0
56725601,1389,675,714,256,101,155,569,309,260,381,184,197,8,1,7,90,34,56,85,46,39
56725602,200,100,100,33,13,20,80,47,33,46,21,25,4,1,3,32,15,17,5,3,2
56725603,2274,1117,1157,839,371,468,623,342,281,249,112,137,16,3,13,39,17,22,508,272,236
56725604,522,272,250,156,79,77,188,112,76,127,54,73,5,0,5,31,18,13,15,9,6
56725606,97,57,40,15,8,7,28,16,12,21,10,11,2,0,2,14,8,6,17,15,2
56725607,49,27,22,7,3,4,16,12,4,16,8,8,0,0,0,6,4,2,4,0,4
56725608,42,27,15,16,11,5,11,7,4,6,4,2,0,0,0,1,1,0,8,4,4
56725609,1159,596,563,147,68,79,367,223,144,416,204,212,14,4,10,165,70,95,50,27,23
56725610,76,50,26,22,13,9,22,16,6,10,6,4,1,0,1,1,0,1,20,15,5
56725611,53,29,24,12,5,7,18,10,8,15,8,7,2,0,2,4,4,0,2,2,0
56725612,16,6,10,1,1,0,4,3,1,4,0,4,0,0,0,7,2,5,0,0,0
56725615,36,19,17,3,2,1,19,11,8,11,5,6,0,0,0,2,0,2,1,1,0
56725616,27,16,11,3,2,1,11,7,4,8,3,5,0,0,0,3,2,1,2,2,0
56725617,1682,834,848,234,102,132,526,312,214,577,264,313,24,4,20,228,98,130,93,54,39
56725618,1986,1034,952,356,144,212,610,352,258,460,206,254,17,3,14,145,71,74,398,258,140
56725619,64,30,34,7,3,4,20,10,10,20,11,9,1,0,1,9,4,5,7,2,5
56725620,45,22,23,6,2,4,19,11,8,10,5,5,0,0,0,8,4,4,2,0,2
56725621,665,329,336,124,67,57,240,122,118,185,91,94,6,3,3,74,28,46,36,18,18
56725622,464,216,248,74,31,43,162,89,73,152,59,93,7,1,6,27,10,17,42,26,16
56725623,2345,1063,1282,435,149,286,925,474,451,622,282,340,33,7,26,212,91,121,118,60,58
56725624,36,16,20,8,2,6,12,5,7,13,6,7,0,0,0,2,2,0,1,1,0
56725625,34,20,14,4,3,1,6,3,3,11,7,4,0,0,0,7,2,5,6,5,1
56725626,1606,770,836,209,89,120,460,260,200,575,255,320,31,9,22,268,120,148,63,37,26
56725627,1454,661,793,269,89,180,537,283,254,432,197,235,16,1,15,134,53,81,66,38,28
56725628,2529,1219,1310,453,157,296,973,539,434,656,303,353,29,5,24,193,88,105,225,127,98
56726401,1584,795,789,361,170,191,575,327,248,357,153,204,14,3,11,123,51,72,154,91,63
56726402,684,323,361,73,25,48,210,122,88,251,106,145,8,1,7,127,61,66,15,8,7
56726403,764,379,385,131,51,80,302,165,137,211,104,107,12,3,9,61,24,37,47,32,15
56727201,558,288,270,100,42,58,216,126,90,158,83,75,9,1,8,36,11,25,39,25,14
56728101,376,180,196,45,15,30,133,75,58,123,57,66,3,0,3,54,22,32,18,11,7
56728102,83,45,38,5,1,4,21,13,8,38,20,18,2,1,1,10,6,4,7,4,3
0165350,0,0,0,0,0,0,0,0,0,0,0,0,0,0,0,0,0,0,0,0,0
0409590,0,0,0,0,0,0,0,0,0,0,0,0,0,0,0,0,0,0,0,0,0
56729901,153,79,74,26,14,12,61,36,25,43,19,24,1,0,1,18,7,11,4,3,1
56729902,27,15,12,9,3,6,9,7,2,7,4,3,0,0,0,1,0,1,1,1,0
0829611,0,0,0,0,0,0,0,0,0,0,0,0,0,0,0,0,0,0,0,0,0
56730201,375,197,178,70,39,31,148,88,60,88,38,50,5,1,4,41,17,24,23,14,9
3115880,0,0,0,0,0,0,0,0,0,0,0,0,0,0,0,0,0,0,0,0,0
56731101,1521,726,795,269,102,167,613,323,290,435,204,231,24,11,13,105,38,67,75,48,27
56731103,907,407,500,119,39,80,349,191,158,289,113,176,10,4,6,110,47,63,30,13,17
56731104,1574,736,838,297,121,176,597,310,287,430,180,250,12,5,7,92,35,57,146,85,61
0165510,0,0,0,0,0,0,0,0,0,0,0,0,0,0,0,0,0,0,0,0,0
0330900,0,0,0,0,0,0,0,0,0,0,0,0,0,0,0,0,0,0,0,0,0
0450120,0,0,0,0,0,0,0,0,0,0,0,0,0,0,0,0,0,0,0,0,0
0688880,0,0,0,0,0,0,0,0,0,0,0,0,0,0,0,0,0,0,0,0,0
0693290,0,0,0,0,0,0,0,0,0,0,0,0,0,0,0,0,0,0,0,0,0
0693370,0,0,0,0,0,0,0,0,0,0,0,0,0,0,0,0,0,0,0,0,0
0693450,0,0,0,0,0,0,0,0,0,0,0,0,0,0,0,0,0,0,0,0,0
0993500,0,0,0,0,0,0,0,0,0,0,0,0,0,0,0,0,0,0,0,0,0
0994570,0,0,0,0,0,0,0,0,0,0,0,0,0,0,0,0,0,0,0,0,0
0994730,0,0,0,0,0,0,0,0,0,0,0,0,0,0,0,0,0,0,0,0,0
0995710,0,0,0,0,0,0,0,0,0,0,0,0,0,0,0,0,0,0,0,0,0
0996780,0,0,0,0,0,0,0,0,0,0,0,0,0,0,0,0,0,0,0,0,0
0996940,0,0,0,0,0,0,0,0,0,0,0,0,0,0,0,0,0,0,0,0,0
0997410,0,0,0,0,0,0,0,0,0,0,0,0,0,0,0,0,0,0,0,0,0
1492090,0,0,0,0,0,0,0,0,0,0,0,0,0,0,0,0,0,0,0,0,0
1705420,0,0,0,0,0,0,0,0,0,0,0,0,0,0,0,0,0,0,0,0,0
3115960,0,0,0,0,0,0,0,0,0,0,0,0,0,0,0,0,0,0,0,0,0
3116000,0,0,0,0,0,0,0,0,0,0,0,0,0,0,0,0,0,0,0,0,0
3189900,0,0,0,0,0,0,0,0,0,0,0,0,0,0,0,0,0,0,0,0,0
3190070,0,0,0,0,0,0,0,0,0,0,0,0,0,0,0,0,0,0,0,0,0
3190400,0,0,0,0,0,0,0,0,0,0,0,0,0,0,0,0,0,0,0,0,0
3367000,0,0,0,0,0,0,0,0,0,0,0,0,0,0,0,0,0,0,0,0,0
3367510,0,0,0,0,0,0,0,0,0,0,0,0,0,0,0,0,0,0,0,0,0
3367690,0,0,0,0,0,0,0,0,0,0,0,0,0,0,0,0,0,0,0,0,0
3367770,0,0,0,0,0,0,0,0,0,0,0,0,0,0,0,0,0,0,0,0,0
3367850,0,0,0,0,0,0,0,0,0,0,0,0,0,0,0,0,0,0,0,0,0
3367930,0,0,0,0,0,0,0,0,0,0,0,0,0,0,0,0,0,0,0,0,0
56702701,385,193,192,65,32,33,103,62,41,134,67,67,3,0,3,61,26,35,19,6,13
56702704,26,11,15,13,5,8,6,2,4,3,2,1,0,0,0,2,0,2,2,2,0
56702705,201,102,99,41,20,21,73,38,35,61,30,31,4,2,2,19,11,8,3,1,2
56702706,23,14,9,2,1,1,6,2,4,9,6,3,1,0,1,4,4,0,1,1,0
56702707,194,148,46,63,42,21,69,56,13,18,13,5,4,3,1,6,6,0,34,28,6
56702710,215,106,109,28,11,17,62,37,25,68,28,40,2,0,2,49,26,23,6,4,2
56702711,256,123,133,33,14,19,84,45,39,90,38,52,2,1,1,41,21,20,6,4,2
56702712,716,350,366,82,40,42,171,91,80,270,133,137,4,1,3,165,70,95,24,15,9
56702713,7222,3461,3761,1235,510,725,2647,1454,1193,2131,938,1193,110,26,84,675,297,378,424,236,188
56702714,968,472,496,118,62,56,239,139,100,312,128,184,17,3,14,197,86,111,85,54,31
56702716,486,247,239,299,151,148,41,23,18,3,2,1,0,0,0,2,2,0,141,69,72
56702718,3391,1620,1771,663,269,394,1158,622,536,854,378,476,45,5,40,299,130,169,372,216,156
56702719,23,17,6,2,1,1,9,7,2,2,2,0,1,0,1,8,6,2,1,1,0
56702721,2908,1375,1533,671,262,409,859,455,404,634,265,369,56,27,29,230,95,135,458,271,187
56702722,357,172,185,48,20,28,65,37,28,132,59,73,5,1,4,87,44,43,20,11,9
56702724,212,109,103,18,11,7,32,20,12,90,46,44,3,0,3,66,30,36,3,2,1
56702725,111,51,60,14,6,8,10,5,5,48,18,30,0,0,0,36,20,16,3,2,1
56702726,556,290,266,59,35,24,81,51,30,193,87,106,10,3,7,201,107,94,12,7,5
56702727,3958,1798,2160,726,263,463,1397,731,666,1090,456,634,52,12,40,304,132,172,389,204,185
56702728,3979,1842,2137,787,290,497,1362,748,614,1106,472,634,50,12,38,321,130,191,353,190,163
56702730,1899,885,1014,245,93,152,462,232,230,628,277,351,27,6,21,374,175,199,163,102,61
56702731,48,25,23,1,0,1,14,9,5,23,13,10,0,0,0,10,3,7,0,0,0
56702732,652,313,339,74,24,50,192,116,76,200,88,112,9,2,7,124,53,71,53,30,23
56702733,781,619,162,91,73,18,192,156,36,88,61,27,1,0,1,23,16,7,386,313,73
56702734,5272,2419,2853,1157,427,730,1906,987,919,1277,551,726,60,22,38,375,163,212,497,269,228
56702735,129,67,62,9,5,4,27,17,10,47,24,23,3,2,1,40,17,23,3,2,1
56702736,5880,2737,3143,1186,494,692,2134,1146,988,1684,734,950,81,19,62,461,181,280,334,163,171
56702737,315,105,210,88,16,72,85,41,44,46,17,29,1,0,1,18,13,5,77,18,59
56702738,21,11,10,6,4,2,9,5,4,5,2,3,0,0,0,1,0,1,0,0,0
56702739,3140,1468,1672,580,231,349,1054,567,487,897,374,523,36,9,27,295,131,164,278,156,122
56702740,2145,1051,1094,559,263,296,461,256,205,468,222,246,24,7,17,292,135,157,341,168,173
56702741,4979,2317,2662,980,406,574,1718,912,806,1367,589,778,57,12,45,427,173,254,430,225,205
56702742,143,71,72,16,4,12,24,18,6,52,22,30,1,0,1,50,27,23,0,0,0
56732902,89,46,43,14,7,7,29,20,9,33,14,19,2,0,2,7,3,4,4,2,2
56732903,20,11,9,2,2,0,5,5,0,7,2,5,0,0,0,6,2,4,0,0,0
56732904,279,136,143,80,23,57,92,58,34,64,38,26,3,1,2,27,8,19,13,8,5
56733701,157,81,76,22,8,14,65,44,21,44,20,24,1,0,1,12,2,10,13,7,6
56733702,62,32,30,15,4,11,21,12,9,14,7,7,0,0,0,2,0,2,10,9,1
56733703,1209,614,595,442,202,240,308,178,130,107,47,60,2,1,1,15,7,8,335,179,156
56734501,385,188,197,75,26,49,136,81,55,111,50,61,5,2,3,42,19,23,16,10,6
56735301,195,104,91,35,20,15,90,51,39,48,21,27,3,1,2,14,8,6,5,3,2
56736101,54,29,25,4,3,1,19,12,7,21,11,10,0,0,0,9,3,6,1,0,1
56736102,40,21,19,5,1,4,10,8,2,17,7,10,0,0,0,7,4,3,1,1,0
56736103,135,74,61,16,8,8,46,27,19,49,26,23,2,0,2,18,10,8,4,3,1
3308330,0,0,0,0,0,0,0,0,0,0,0,0,0,0,0,0,0,0,0,0,0
54643701,102,50,52,24,10,14,42,23,19,24,14,10,3,0,3,5,1,4,4,2,2
56742601,111,59,52,22,11,11,55,34,21,24,7,17,0,0,0,5,2,3,5,5,0
56742602,275,148,127,51,24,27,120,79,41,63,28,35,2,0,2,24,8,16,15,9,6
0043590,0,0,0,0,0,0,0,0,0,0,0,0,0,0,0,0,0,0,0,0,0
0148510,0,0,0,0,0,0,0,0,0,0,0,0,0,0,0,0,0,0,0,0,0
0584750,0,0,0,0,0,0,0,0,0,0,0,0,0,0,0,0,0,0,0,0,0
3116260,0,0,0,0,0,0,0,0,0,0,0,0,0,0,0,0,0,0,0,0,0
3190740,0,0,0,0,0,0,0,0,0,0,0,0,0,0,0,0,0,0,0,0,0
56745101,126,63,63,14,7,7,33,20,13,43,18,25,4,0,4,26,15,11,6,3,3
56745103,38,24,14,17,10,7,9,8,1,9,5,4,1,0,1,0,0,0,2,1,1
56745105,273,137,136,62,27,35,83,48,35,74,37,37,4,0,4,32,14,18,18,11,7
56745106,368,178,190,78,32,46,142,75,67,84,39,45,8,4,4,25,7,18,31,21,10
56745107,333,165,168,54,19,35,128,75,53,98,44,54,4,2,2,26,10,16,23,15,8
56745108,50,27,23,9,5,4,19,13,6,15,6,9,2,0,2,3,2,1,2,1,1
56745109,783,356,427,190,67,123,311,151,160,141,65,76,6,2,4,38,17,21,97,54,43
56745110,700,318,382,144,50,94,243,132,111,191,87,104,6,1,5,58,22,36,58,26,32
56745111,900,458,442,156,69,87,374,221,153,260,122,138,7,2,5,59,17,42,44,27,17
56745112,1377,682,695,448,187,261,326,169,157,109,59,50,4,2,2,13,8,5,477,257,220
56745113,2803,1307,1496,731,288,443,1077,578,499,579,261,318,27,8,19,122,44,78,267,128,139
56745115,1842,885,957,347,141,206,716,391,325,470,214,256,9,1,8,157,66,91,143,72,71
56745116,95,46,49,18,8,10,49,30,19,17,5,12,1,0,1,8,2,6,2,1,1
56745119,466,285,181,103,56,47,117,77,40,75,39,36,5,2,3,40,19,21,126,92,34
56745120,1639,813,826,312,138,174,646,369,277,435,194,241,18,4,14,136,53,83,92,55,37
56745121,42,24,18,8,4,4,19,12,7,10,6,4,1,1,0,4,1,3,0,0,0
56746901,41,20,21,5,2,3,13,7,6,14,5,9,0,0,0,9,6,3,0,0,0
56746902,308,156,152,49,20,29,95,56,39,90,39,51,1,1,0,45,20,25,28,20,8
56747702,468,192,276,104,26,78,156,72,84,142,55,87,3,0,3,54,35,19,9,4,5
56747703,59,29,30,11,4,7,30,17,13,11,4,7,1,0,1,4,2,2,2,2,0
56747704,85,48,37,15,9,6,21,14,7,39,21,18,0,0,0,7,2,5,3,2,1
56747705,47,26,21,6,1,5,27,17,10,6,5,1,0,0,0,1,0,1,7,3,4
56747706,464,232,232,63,29,34,165,91,74,151,75,76,6,3,3,57,22,35,22,12,10
56747707,396,199,197,56,29,27,153,89,64,126,54,72,3,0,3,36,13,23,22,14,8
56747708,47,26,21,5,3,2,20,12,8,13,7,6,1,0,1,4,1,3,4,3,1
56747709,63,33,30,8,4,4,21,12,9,22,12,10,0,0,0,8,2,6,4,3,1
56748501,59,25,34,10,4,6,18,5,13,16,6,10,1,1,0,13,8,5,1,1,0
56748502,173,95,78,32,17,15,70,45,25,45,18,27,1,0,1,15,6,9,10,9,1
56748503,83,41,42,11,5,6,29,19,10,30,11,19,1,0,1,9,4,5,3,2,1
56748504,61,30,31,9,4,5,19,13,6,25,9,16,0,0,0,7,4,3,1,0,1
56748505,73,36,37,7,3,4,31,15,16,21,11,10,3,1,2,5,2,3,6,4,2
56748506,180,88,92,26,9,17,61,35,26,56,26,30,3,1,2,26,11,15,8,6,2
56748507,97,48,49,13,6,7,34,19,15,29,12,17,1,0,1,10,6,4,10,5,5
56748508,36,21,15,3,2,1,14,11,3,11,4,7,0,0,0,8,4,4,0,0,0
0334480,0,0,0,0,0,0,0,0,0,0,0,0,0,0,0,0,0,0,0,0,0
0334810,0,0,0,0,0,0,0,0,0,0,0,0,0,0,0,0,0,0,0,0,0
56750701,96,48,48,5,3,2,28,15,13,45,23,22,0,0,0,15,6,9,3,1,2
56750702,299,158,141,57,25,32,110,65,45,84,44,40,4,2,2,22,9,13,22,13,9
56750703,213,99,114,39,15,24,52,28,24,72,32,40,1,0,1,32,16,16,17,8,9
56750704,408,198,210,81,38,43,139,74,65,114,47,67,2,1,1,36,18,18,36,20,16
56750705,558,274,284,98,41,57,176,104,72,185,88,97,12,2,10,60,23,37,27,16,11
56750706,195,97,98,31,17,14,56,36,20,69,30,39,1,0,1,35,12,23,3,2,1
56750707,51,21,30,4,1,3,21,10,11,14,4,10,3,0,3,8,5,3,1,1,0
56750709,201,101,100,33,14,19,75,43,32,63,31,32,3,0,3,16,6,10,11,7,4
56750710,202,92,110,51,23,28,57,33,24,32,9,23,5,1,4,10,4,6,47,22,25
56750711,744,373,371,225,106,119,236,125,111,131,68,63,4,0,4,27,10,17,121,64,57
56750712,468,229,239,59,27,32,154,94,60,150,67,83,11,1,10,65,29,36,29,11,18
56750713,1399,639,760,306,104,202,476,268,208,388,167,221,15,3,12,115,48,67,99,49,50
56750714,1432,706,726,232,89,143,481,277,204,407,175,232,24,8,16,108,51,57,180,106,74
56750715,56,29,27,14,6,8,13,7,6,15,7,8,1,1,0,10,5,5,3,3,0
0337740,0,0,0,0,0,0,0,0,0,0,0,0,0,0,0,0,0,0,0,0,0
0848240,0,0,0,0,0,0,0,0,0,0,0,0,0,0,0,0,0,0,0,0,0
1986760,0,0,0,0,0,0,0,0,0,0,0,0,0,0,0,0,0,0,0,0,0
56751501,163,86,77,21,9,12,58,38,20,43,22,21,2,0,2,21,10,11,18,7,11
56751502,157,85,72,23,9,14,59,41,18,55,25,30,0,0,0,17,8,9,3,2,1
56751503,612,344,268,124,55,69,156,94,62,120,62,58,6,0,6,29,10,19,177,123,54
56751504,49,28,21,21,10,11,10,6,4,5,3,2,0,0,0,1,1,0,12,8,4
56751505,979,502,477,308,148,160,288,172,116,131,58,73,5,3,2,30,14,16,217,107,110
56751506,45,23,22,13,4,9,16,10,6,8,4,4,1,0,1,2,2,0,5,3,2
56751507,1152,530,622,238,79,159,509,269,240,234,109,125,10,5,5,64,24,40,97,44,53
56751508,1498,719,779,251,109,142,577,307,270,417,179,238,15,5,10,131,59,72,107,60,47
56751509,1258,612,646,250,96,154,536,289,247,296,144,152,16,2,14,75,27,48,85,54,31
56751510,1104,499,605,214,75,139,381,200,181,280,124,156,9,1,8,80,33,47,140,66,74
56752301,139,69,70,13,3,10,43,23,20,45,20,25,2,1,1,32,20,12,4,2,2
56752302,927,478,449,188,95,93,320,182,138,269,120,149,11,1,10,91,46,45,48,34,14
56753101,962,483,479,260,117,143,326,186,140,212,94,118,9,2,7,32,11,21,123,73,50
56755801,1111,549,562,188,67,121,405,252,153,364,162,202,9,0,9,103,41,62,42,27,15
56755802,107,54,53,9,4,5,39,26,13,32,16,16,1,0,1,24,7,17,2,1,1
56755803,103,58,45,20,14,6,42,23,19,27,13,14,0,0,0,6,3,3,8,5,3
56755804,288,153,135,48,23,25,110,67,43,82,38,44,2,0,2,19,10,9,27,15,12
1387110,0,0,0,0,0,0,0,0,0,0,0,0,0,0,0,0,0,0,0,0,0
1387200,0,0,0,0,0,0,0,0,0,0,0,0,0,0,0,0,0,0,0,0,0
1387380,0,0,0,0,0,0,0,0,0,0,0,0,0,0,0,0,0,0,0,0,0
56756601,298,155,143,78,41,37,109,61,48,53,29,24,6,0,6,21,5,16,31,19,12
56756602,54,30,24,8,3,5,27,17,10,12,8,4,1,1,0,3,0,3,3,1,2
56756603,35,18,17,5,2,3,18,11,7,6,4,2,0,0,0,6,1,5,0,0,0
56756604,100,48,52,16,6,10,56,33,23,25,7,18,0,0,0,0,0,0,3,2,1
56756605,46,24,22,10,5,5,16,10,6,11,7,4,0,0,0,4,0,4,5,2,3
56756606,160,80,80,33,10,23,71,45,26,40,20,20,2,0,2,7,2,5,7,3,4
56756607,31,17,14,11,6,5,9,6,3,5,3,2,0,0,0,4,1,3,2,1,1
56756608,67,35,32,11,7,4,38,21,17,13,5,8,0,0,0,2,1,1,3,1,2
56756610,78,34,44,19,8,11,27,13,14,22,6,16,0,0,0,7,5,2,3,2,1
0583270,0,0,0,0,0,0,0,0,0,0,0,0,0,0,0,0,0,0,0,0,0
56758201,264,145,119,48,21,27,108,69,39,63,32,31,2,1,1,26,12,14,17,10,7
56758202,502,259,243,71,29,42,174,106,68,148,71,77,5,1,4,74,35,39,30,17,13
56760401,349,173,176,61,26,35,104,63,41,105,46,59,5,0,5,55,27,28,19,11,8
56761202,785,405,380,120,37,83,295,188,107,224,105,119,8,2,6,72,27,45,66,46,20
56762101,1456,719,737,309,128,181,543,302,241,360,167,193,13,5,8,97,36,61,134,81,53
56762102,1076,502,574,202,66,136,430,242,188,303,116,187,15,2,13,61,34,27,65,42,23
56762103,87,46,41,12,7,5,29,17,12,35,18,17,0,0,0,9,3,6,2,1,1
0753290,0,0,0,0,0,0,0,0,0,0,0,0,0,0,0,0,0,0,0,0,0
0753612,0,0,0,0,0,0,0,0,0,0,0,0,0,0,0,0,0,0,0,0,0
0753960,0,0,0,0,0,0,0,0,0,0,0,0,0,0,0,0,0,0,0,0,0
3157530,0,0,0,0,0,0,0,0,0,0,0,0,0,0,0,0,0,0,0,0,0
3418780,0,0,0,0,0,0,0,0,0,0,0,0,0,0,0,0,0,0,0,0,0
3418860,0,0,0,0,0,0,0,0,0,0,0,0,0,0,0,0,0,0,0,0,0
3418940,0,0,0,0,0,0,0,0,0,0,0,0,0,0,0,0,0,0,0,0,0
56763901,2423,1193,1230,386,152,234,901,496,405,644,278,366,27,11,16,228,105,123,237,151,86
56763902,856,404,452,165,56,109,344,202,142,243,94,149,12,5,7,48,22,26,44,25,19
56763903,166,88,78,39,15,24,56,37,19,38,15,23,2,0,2,9,6,3,22,15,7
56763904,2553,1242,1311,600,249,351,815,459,356,460,197,263,24,9,15,112,38,74,542,290,252
56763905,312,158,154,33,15,18,108,63,45,130,59,71,0,0,0,33,17,16,8,4,4
56763906,80,40,40,10,3,7,28,15,13,23,13,10,0,0,0,19,9,10,0,0,0
56763907,679,337,342,87,41,46,224,129,95,242,108,134,12,8,4,93,38,55,21,13,8
56763908,79,41,38,9,3,6,28,19,9,34,16,18,2,2,0,5,1,4,1,0,1
56763909,668,342,326,86,39,47,265,148,117,207,99,108,5,2,3,75,35,40,30,19,11
56763910,39,20,19,14,8,6,16,8,8,6,3,3,0,0,0,2,0,2,1,1,0
56763912,237,118,119,44,15,29,107,60,47,59,29,30,5,0,5,12,7,5,10,7,3
56763913,102,54,48,13,7,6,21,11,10,33,17,16,2,1,1,33,18,15,0,0,0
56763914,1338,612,726,210,81,129,484,265,219,403,168,235,15,2,13,109,40,69,117,56,61
56763915,594,284,310,103,42,61,203,122,81,163,69,94,5,2,3,81,30,51,39,19,20
56764701,558,276,282,97,42,55,218,128,90,159,67,92,7,3,4,44,20,24,33,16,17
56765501,420,203,217,104,47,57,183,102,81,89,34,55,1,1,0,7,1,6,36,18,18
54690901,55,27,28,10,4,6,20,11,9,15,7,8,0,0,0,5,2,3,5,3,2
54690902,65,37,28,13,4,9,29,20,9,16,9,7,0,0,0,4,2,2,3,2,1
56769801,218,111,107,47,18,29,102,60,42,44,23,21,0,0,0,13,5,8,12,5,7
56769802,46,24,22,2,1,1,23,14,9,14,7,7,0,0,0,7,2,5,0,0,0
56770101,184,88,96,26,13,13,53,29,24,68,29,39,1,1,0,30,14,16,6,2,4
56771001,224,109,115,28,13,15,59,37,22,81,30,51,4,1,3,46,26,20,6,2,4
56771002,68,32,36,13,8,5,28,12,16,19,8,11,0,0,0,6,3,3,2,1,1
56771003,299,162,137,53,20,33,124,83,41,79,32,47,0,0,0,17,8,9,26,19,7
56771004,65,34,31,7,3,4,31,22,9,15,6,9,0,0,0,7,1,6,5,2,3
56771005,17,8,9,3,1,2,3,2,1,7,3,4,0,0,0,4,2,2,0,0,0
56771006,163,83,80,28,10,18,67,41,26,44,23,21,2,0,2,16,5,11,6,4,2
0983290,0,0,0,0,0,0,0,0,0,0,0,0,0,0,0,0,0,0,0,0,0
0983370,0,0,0,0,0,0,0,0,0,0,0,0,0,0,0,0,0,0,0,0,0
56772801,110,65,45,18,8,10,30,18,12,29,15,14,3,1,2,12,8,4,18,15,3
56772802,31,16,15,3,1,2,6,3,3,12,8,4,2,1,1,5,1,4,3,2,1
56775201,1753,881,872,323,146,177,620,346,274,454,211,243,17,5,12,174,73,101,165,100,65
56776101,93,48,45,22,11,11,45,26,19,12,3,9,0,0,0,3,2,1,11,6,5
56776102,191,96,95,29,13,16,75,43,32,50,22,28,2,1,1,13,5,8,22,12,10
56776103,19,7,12,5,0,5,9,5,4,5,2,3,0,0,0,0,0,0,0,0,0
56776104,30,15,15,7,4,3,12,5,7,8,3,5,1,1,0,0,0,0,2,2,0
56776105,121,59,62,18,4,14,61,32,29,29,16,13,1,0,1,7,3,4,5,4,1
56776106,173,82,91,31,9,22,80,45,35,39,13,26,0,0,0,9,5,4,14,10,4
1129760,0,0,0,0,0,0,0,0,0,0,0,0,0,0,0,0,0,0,0,0,0
1129920,0,0,0,0,0,0,0,0,0,0,0,0,0,0,0,0,0,0,0,0,0
3117310,0,0,0,0,0,0,0,0,0,0,0,0,0,0,0,0,0,0,0,0,0
3117400,0,0,0,0,0,0,0,0,0,0,0,0,0,0,0,0,0,0,0,0,0
3117580,0,0,0,0,0,0,0,0,0,0,0,0,0,0,0,0,0,0,0,0,0
56777901,21,11,10,1,0,1,5,3,2,8,4,4,0,0,0,7,4,3,0,0,0
56777902,52,26,26,8,5,3,20,13,7,18,6,12,2,0,2,1,1,0,3,1,2
56777903,1331,600,731,260,89,171,619,323,296,293,124,169,13,0,13,66,25,41,80,39,41
56777904,754,396,358,146,74,72,304,173,131,200,96,104,8,2,6,56,22,34,40,29,11
56777905,968,473,495,134,58,76,336,207,129,333,141,192,15,2,13,131,54,77,19,11,8
56777906,767,391,376,96,40,56,263,156,107,250,117,133,7,2,5,79,30,49,72,46,26
56778701,1999,1007,992,303,131,172,624,372,252,614,266,348,29,7,22,309,151,158,120,80,40
56778702,192,91,101,22,9,13,46,25,21,79,38,41,3,1,2,35,16,19,7,2,5
56780901,52,28,24,9,4,5,26,17,9,11,3,8,1,0,1,1,1,0,4,3,1
56780902,50,23,27,10,6,4,15,7,8,17,5,12,1,1,0,6,4,2,1,0,1
56780903,337,175,162,57,21,36,133,80,53,101,45,56,1,0,1,23,10,13,22,19,3
56780904,97,51,46,17,9,8,38,22,16,26,13,13,2,0,2,13,7,6,1,0,1
56780905,92,50,42,20,9,11,40,25,15,19,9,10,4,2,2,5,3,2,4,2,2
56780906,29,14,15,3,1,2,12,9,3,12,3,9,0,0,0,1,1,0,1,0,1
56783301,225,115,110,35,12,23,95,57,38,68,34,34,5,1,4,13,5,8,9,6,3
56783302,138,73,65,23,13,10,55,36,19,36,15,21,3,0,3,15,6,9,6,3,3
1603420,0,0,0,0,0,0,0,0,0,0,0,0,0,0,0,0,0,0,0,0,0
56784101,195,94,101,37,14,23,77,49,28,55,22,33,4,0,4,15,5,10,7,4,3
56784102,60,32,28,20,10,10,22,16,6,9,3,6,1,0,1,2,1,1,6,2,4
56784103,162,79,83,35,14,21,72,40,32,39,18,21,1,1,0,13,4,9,2,2,0
56784104,224,108,116,49,16,33,99,62,37,38,14,24,2,1,1,5,0,5,31,15,16
56784105,144,79,65,21,13,8,62,38,24,34,16,18,2,0,2,21,9,12,4,3,1
56784106,50,30,20,9,6,3,22,14,8,11,6,5,0,0,0,3,1,2,5,3,2
1661970,0,0,0,0,0,0,0,0,0,0,0,0,0,0,0,0,0,0,0,0,0
1662270,0,0,0,0,0,0,0,0,0,0,0,0,0,0,0,0,0,0,0,0,0
1662350,0,0,0,0,0,0,0,0,0,0,0,0,0,0,0,0,0,0,0,0,0
56744201,66,39,27,17,9,8,14,8,6,13,8,5,2,1,1,5,4,1,15,9,6
56744202,461,235,226,59,30,29,176,105,71,136,58,78,10,4,6,69,30,39,11,8,3
56744203,972,480,492,164,74,90,328,186,142,316,138,178,13,3,10,117,56,61,34,23,11
56744204,40,23,17,4,1,3,11,7,4,15,11,4,2,0,2,5,1,4,3,3,0
56744205,61,23,38,14,5,9,19,8,11,13,6,7,1,0,1,12,3,9,2,1,1
56744206,3405,1642,1763,493,194,299,1072,553,519,1119,545,574,81,34,47,342,142,200,298,174,124
56744207,675,324,351,154,69,85,214,111,103,186,87,99,8,2,6,58,25,33,55,30,25
56744208,2170,1025,1145,483,215,268,691,351,340,519,232,287,46,18,28,202,85,117,229,124,105
56744209,33,19,14,4,3,1,9,6,3,16,8,8,0,0,0,3,2,1,1,0,1
56744210,4183,1936,2247,485,189,296,1360,720,640,1466,613,853,67,20,47,523,220,303,282,174,108
56744211,4095,1889,2206,812,326,486,1435,745,690,1048,445,603,66,29,37,353,152,201,381,192,189
56744212,591,276,315,66,26,40,177,96,81,228,97,131,4,0,4,91,41,50,25,16,9
56744213,3923,1872,2051,658,271,387,1359,698,661,1189,527,662,63,21,42,400,198,202,254,157,97
56744214,208,106,102,41,22,19,54,28,26,68,32,36,0,0,0,41,22,19,4,2,2
56744215,2374,1169,1205,441,189,252,713,400,313,673,307,366,39,8,31,257,134,123,251,131,120
56744216,335,162,173,61,22,39,119,63,56,83,39,44,8,2,6,42,23,19,22,13,9
56744218,1103,534,569,118,52,66,293,152,141,418,197,221,27,11,16,179,85,94,68,37,31
56744219,980,467,513,143,58,85,295,151,144,265,120,145,26,14,12,158,73,85,93,51,42
56744220,1830,889,941,363,185,178,559,308,251,539,232,307,30,11,19,229,94,135,110,59,51
56744221,94,50,44,21,10,11,36,23,13,19,7,12,1,1,0,7,2,5,10,7,3
56744222,911,431,480,105,52,53,181,98,83,349,145,204,30,13,17,208,102,106,38,21,17
56744223,1414,696,718,290,131,159,383,214,169,375,176,199,21,6,15,182,90,92,163,79,84
56744224,2010,1076,934,348,153,195,490,275,215,447,207,240,25,8,17,232,113,119,468,320,148
56744225,846,385,461,147,50,97,179,85,94,237,105,132,22,6,16,159,79,80,102,60,42
56744227,2049,976,1073,344,136,208,541,284,257,656,317,339,44,13,31,277,127,150,187,99,88
56744228,20,10,10,4,1,3,10,6,4,3,2,1,0,0,0,1,1,0,2,0,2
56744229,1387,647,740,144,61,83,408,209,199,494,209,285,14,6,8,257,120,137,70,42,28
56744231,278,138,140,66,28,38,73,44,29,47,24,23,2,0,2,16,6,10,74,36,38
56744232,1396,683,713,196,91,105,375,212,163,453,218,235,31,13,18,236,94,142,105,55,50
56744233,765,356,409,69,32,37,169,95,74,292,114,178,19,8,11,173,78,95,43,29,14
56744234,1734,788,946,202,80,122,471,251,220,599,248,351,28,9,19,328,141,187,106,59,47
56744235,668,329,339,60,34,26,123,69,54,246,90,156,18,4,14,200,117,83,21,15,6
56785002,50,24,26,13,4,9,19,10,9,13,6,7,1,0,1,3,3,0,1,1,0
56785003,655,319,336,132,47,85,280,149,131,140,66,74,3,1,2,32,12,20,68,44,24
56786801,110,57,53,19,6,13,36,21,15,27,16,11,2,0,2,23,12,11,3,2,1
56786802,237,121,116,47,20,27,82,51,31,74,33,41,1,0,1,17,5,12,16,12,4
56786803,53,30,23,9,3,6,23,16,7,11,6,5,1,0,1,4,1,3,5,4,1
56786804,325,155,170,61,20,41,148,87,61,70,28,42,4,1,3,15,7,8,27,12,15
56786806,241,124,117,54,23,31,106,66,40,54,23,31,1,0,1,12,4,8,14,8,6
56787602,63,32,31,5,2,3,18,15,3,27,12,15,0,0,0,12,2,10,1,1,0
56787603,355,185,170,48,20,28,156,94,62,99,49,50,3,2,1,37,14,23,12,6,6
56788401,19,10,9,4,2,2,7,5,2,6,2,4,0,0,0,2,1,1,0,0,0
56788402,157,81,76,23,12,11,58,35,23,49,18,31,1,0,1,20,11,9,6,5,1
56793101,469,242,227,62,24,38,154,90,64,161,78,83,6,4,2,65,35,30,21,11,10
56795701,164,86,78,26,10,16,75,45,30,37,14,23,0,0,0,14,9,5,12,8,4
56797301,35,21,14,0,0,0,11,9,2,18,7,11,0,0,0,6,5,1,0,0,0
56797302,26,12,14,6,3,3,9,4,5,8,4,4,0,0,0,3,1,2,0,0,0
56797304,27,13,14,4,3,1,11,5,6,6,1,5,1,1,0,3,3,0,2,0,2
56797305,116,64,52,20,8,12,61,34,27,23,10,13,0,0,0,6,6,0,6,6,0
56797306,65,32,33,10,1,9,25,14,11,14,7,7,0,0,0,6,4,2,10,6,4
56797307,28,16,12,2,1,1,7,5,2,11,6,5,0,0,0,3,1,2,5,3,2
56797308,31,12,19,6,2,4,11,3,8,5,2,3,0,0,0,4,2,2,5,3,2
1876310,0,0,0,0,0,0,0,0,0,0,0,0,0,0,0,0,0,0,0,0,0
56800701,1801,857,944,325,118,207,631,353,278,534,245,289,14,1,13,172,73,99,125,67,58
56800703,240,120,120,42,22,20,86,46,40,74,35,39,1,1,0,24,8,16,13,8,5
56801501,72,31,41,16,4,12,26,12,14,23,11,12,2,1,1,2,1,1,3,2,1
56801502,39,22,17,5,4,1,14,9,5,19,8,11,0,0,0,0,0,0,1,1,0
56801504,2903,1400,1503,495,195,300,975,574,401,900,377,523,23,5,18,338,142,196,172,107,65
56801505,277,144,133,40,21,19,57,36,21,101,50,51,2,0,2,72,34,38,5,3,2
56801506,210,102,108,33,11,22,83,44,39,62,32,30,3,2,1,23,8,15,6,5,1
56802301,84,46,38,4,4,0,22,15,7,29,10,19,0,0,0,11,6,5,18,11,7
56802302,413,199,214,55,19,36,97,57,40,144,65,79,5,3,2,90,44,46,22,11,11
56802303,70,36,34,10,4,6,18,12,6,22,8,14,0,0,0,17,10,7,3,2,1
56802304,21,12,9,2,2,0,4,3,1,6,3,3,1,0,1,8,4,4,0,0,0
56802305,16,9,7,2,2,0,4,3,1,5,2,3,1,0,1,4,2,2,0,0,0
56802306,98,54,44,14,8,6,34,23,11,30,14,16,1,1,0,17,6,11,2,2,0
56802307,31,18,13,7,4,3,16,11,5,5,1,4,0,0,0,3,2,1,0,0,0
56802308,70,34,36,16,7,9,29,16,13,15,7,8,1,1,0,5,2,3,4,1,3
56802309,69,35,34,6,3,3,17,11,6,26,11,15,1,0,1,15,7,8,4,3,1
56805801,80,43,37,9,4,5,27,18,9,33,14,19,0,0,0,9,5,4,2,2,0
56805802,25,13,12,7,4,3,3,2,1,11,5,6,0,0,0,4,2,2,0,0,0
56805803,1365,695,670,212,96,116,492,299,193,442,197,245,10,5,5,130,53,77,79,45,34
56805804,45,23,22,4,2,2,12,7,5,18,10,8,1,0,1,8,2,6,2,2,0
56805805,24,13,11,3,2,1,12,6,6,6,3,3,1,1,0,2,1,1,0,0,0
56809102,111,57,54,24,9,15,50,33,17,26,11,15,1,0,1,6,3,3,4,1,3
56809103,309,149,160,48,15,33,110,65,45,97,46,51,3,0,3,31,10,21,20,13,7
56810402,93,46,47,14,6,8,35,22,13,28,12,16,1,0,1,14,6,8,1,0,1
56810403,295,150,145,43,17,26,92,59,33,85,30,55,6,2,4,53,29,24,16,13,3
56810404,21,11,10,2,1,1,6,6,0,9,2,7,1,1,0,3,1,2,0,0,0
56810405,33,17,16,4,1,3,10,7,3,11,5,6,1,1,0,5,2,3,2,1,1
56810406,75,43,32,7,3,4,30,20,10,21,8,13,1,1,0,8,5,3,8,6,2
56810407,21,13,8,5,3,2,2,2,0,6,2,4,1,1,0,6,4,2,1,1,0
56810408,74,42,32,10,7,3,11,7,4,27,14,13,1,0,1,22,12,10,3,2,1
56810409,36,15,21,3,1,2,16,8,8,6,2,4,0,0,0,6,2,4,5,2,3
56810410,51,29,22,7,3,4,21,13,8,11,4,7,0,0,0,7,4,3,5,5,0
56814701,139,79,60,23,12,11,61,37,24,29,17,12,2,1,1,13,4,9,11,8,3
56814704,587,301,286,95,43,52,186,109,77,204,101,103,6,2,4,45,19,26,51,27,24
56815501,31,18,13,7,4,3,17,12,5,5,1,4,0,0,0,2,1,1,0,0,0
56815502,63,29,34,15,5,10,28,16,12,13,6,7,2,0,2,5,2,3,0,0,0
56815503,19,10,9,2,1,1,3,2,1,5,1,4,0,0,0,9,6,3,0,0,0
56815504,534,262,272,86,40,46,188,108,80,171,67,104,7,3,4,52,24,28,30,20,10
56815507,29,15,14,4,3,1,13,7,6,8,2,6,0,0,0,2,1,1,2,2,0
56815508,1034,517,517,157,53,104,364,228,136,317,135,182,7,2,5,119,55,64,70,44,26
56815509,30,18,12,4,3,1,15,10,5,7,3,4,0,0,0,4,2,2,0,0,0
56815510,43,24,19,5,3,2,12,6,6,16,7,9,1,1,0,3,2,1,6,5,1
56815511,93,44,49,15,7,8,42,26,16,25,7,18,2,1,1,4,1,3,5,2,3
3419320,0,0,0,0,0,0,0,0,0,0,0,0,0,0,0,0,0,0,0,0,0
53062001,383,201,182,60,30,30,136,84,52,117,50,67,3,3,0,53,25,28,14,9,5
54618601,173,84,89,29,11,18,76,43,33,52,21,31,1,1,0,10,4,6,5,4,1
0864360,0,0,0,0,0,0,0,0,0,0,0,0,0,0,0,0,0,0,0,0,0
1450250,0,0,0,0,0,0,0,0,0,0,0,0,0,0,0,0,0,0,0,0,0
56820101,252,121,131,37,16,21,91,50,41,80,35,45,1,0,1,35,16,19,8,4,4
56820102,33,16,17,6,3,3,10,5,5,11,7,4,0,0,0,4,0,4,2,1,1
56820103,85,39,46,12,4,8,32,17,15,23,8,15,0,0,0,14,8,6,4,2,2
56820104,110,49,61,17,3,14,47,26,21,32,16,16,0,0,0,9,1,8,5,3,2
56820105,67,41,26,6,3,3,24,18,6,26,15,11,0,0,0,7,4,3,4,1,3
56820106,375,194,181,59,28,31,145,80,65,101,49,52,2,0,2,32,14,18,36,23,13
56820107,130,69,61,17,5,12,48,28,20,47,29,18,2,1,1,10,4,6,6,2,4
56820108,120,59,61,14,6,8,58,34,24,37,18,19,0,0,0,5,0,5,6,1,5
54692501,83,47,36,11,6,5,45,31,14,17,6,11,0,0,0,7,3,4,3,1,2
54692502,58,33,25,12,9,3,17,10,7,16,9,7,0,0,0,8,2,6,5,3,2
54692503,58,29,29,19,7,12,19,12,7,13,7,6,0,0,0,7,3,4,0,0,0
54692504,123,56,67,22,8,14,50,23,27,30,12,18,1,1,0,7,3,4,13,9,4
54692505,57,26,31,10,1,9,27,16,11,15,7,8,0,0,0,3,1,2,2,1,1
56828701,113,56,57,13,6,7,41,20,21,41,21,20,1,0,1,13,6,7,4,3,1
56829501,62,32,30,7,2,5,20,9,11,19,12,7,3,2,1,8,3,5,5,4,1
56829503,24,17,7,4,2,2,5,4,1,8,6,2,0,0,0,6,4,2,1,1,0
56829504,165,79,86,31,10,21,60,31,29,45,19,26,0,0,0,16,9,7,13,10,3
56829505,262,131,131,42,17,25,83,49,34,80,39,41,4,0,4,38,20,18,15,6,9
56829506,82,47,35,16,11,5,31,20,11,24,11,13,0,0,0,10,4,6,1,1,0
56830902,20,11,9,0,0,0,4,3,1,11,5,6,0,0,0,5,3,2,0,0,0
56830903,17,9,8,1,1,0,5,5,0,9,2,7,0,0,0,2,1,1,0,0,0
56830904,760,391,369,108,52,56,217,128,89,241,117,124,10,3,7,152,73,79,32,18,14
3181750,0,0,0,0,0,0,0,0,0,0,0,0,0,0,0,0,0,0,0,0,0
55369701,298,148,150,47,22,25,103,62,41,79,36,43,1,0,1,23,9,14,45,19,26
55369702,72,36,36,10,4,6,27,14,13,23,12,11,1,0,1,8,5,3,3,1,2
55369704,2095,1060,1035,598,282,316,614,347,267,386,163,223,15,5,10,106,50,56,376,213,163
1484822,0,0,0,0,0,0,0,0,0,0,0,0,0,0,0,0,0,0,0,0,0
1713610,0,0,0,0,0,0,0,0,0,0,0,0,0,0,0,0,0,0,0,0,0
1749040,0,0,0,0,0,0,0,0,0,0,0,0,0,0,0,0,0,0,0,0,0
1749630,0,0,0,0,0,0,0,0,0,0,0,0,0,0,0,0,0,0,0,0,0
1749980,0,0,0,0,0,0,0,0,0,0,0,0,0,0,0,0,0,0,0,0,0
1758971,0,0,0,0,0,0,0,0,0,0,0,0,0,0,0,0,0,0,0,0,0
1758972,0,0,0,0,0,0,0,0,0,0,0,0,0,0,0,0,0,0,0,0,0
3034020,0,0,0,0,0,0,0,0,0,0,0,0,0,0,0,0,0,0,0,0,0
3118550,0,0,0,0,0,0,0,0,0,0,0,0,0,0,0,0,0,0,0,0,0
3119280,0,0,0,0,0,0,0,0,0,0,0,0,0,0,0,0,0,0,0,0,0
3191550,0,0,0,0,0,0,0,0,0,0,0,0,0,0,0,0,0,0,0,0,0
56789201,431,206,225,54,23,31,127,71,56,143,64,79,4,1,3,83,38,45,20,9,11
56789202,320,161,159,47,19,28,84,50,34,116,54,62,1,1,0,60,28,32,12,9,3
56789203,38,19,19,2,1,1,19,12,7,9,4,5,0,0,0,6,2,4,2,0,2
56789204,147,69,78,19,14,5,38,20,18,51,20,31,0,0,0,34,15,19,5,0,5
56789205,226,109,117,34,11,23,87,53,34,77,32,45,3,1,2,19,8,11,6,4,2
56789206,1113,554,559,149,74,75,230,129,101,400,179,221,15,2,13,297,157,140,22,13,9
56789208,283,137,146,31,19,12,89,48,41,125,55,70,1,0,1,32,13,19,5,2,3
56789209,77,38,39,41,21,20,10,7,3,7,3,4,0,0,0,3,2,1,16,5,11
56789210,761,386,375,312,148,164,128,70,58,50,29,21,5,4,1,15,9,6,251,126,125
56789211,198,124,74,3,3,0,11,6,5,94,52,42,14,10,4,61,42,19,15,11,4
56789212,20,11,9,4,3,1,2,2,0,5,3,2,0,0,0,9,3,6,0,0,0
56789213,1467,705,762,138,58,80,312,175,137,547,251,296,26,10,16,358,164,194,86,47,39
56789215,175,89,86,33,13,20,54,37,17,42,17,25,1,0,1,14,6,8,31,16,15
56789216,286,146,140,59,28,31,74,46,28,79,37,42,5,2,3,27,9,18,42,24,18
56789217,3552,1715,1837,388,179,209,728,387,341,1299,609,690,47,15,32,839,398,441,251,127,124
56789218,28,16,12,11,8,3,1,1,0,8,3,5,2,0,2,5,3,2,1,1,0
56789219,144,77,67,14,5,9,38,25,13,58,29,29,2,0,2,28,17,11,4,1,3
56789220,1034,481,553,135,59,76,275,146,129,369,166,203,16,7,9,200,84,116,39,19,20
56789221,1290,584,706,166,58,108,438,234,204,431,174,257,14,6,8,168,67,101,73,45,28
56789222,98,54,44,23,12,11,30,22,8,26,12,14,1,1,0,15,6,9,3,1,2
56789224,636,308,328,84,43,41,205,115,90,218,89,129,7,1,6,94,45,49,28,15,13
56789225,168,76,92,26,9,17,54,33,21,56,20,36,3,0,3,21,9,12,8,5,3
56789226,1655,757,898,174,64,110,481,258,223,603,257,346,28,8,20,293,129,164,76,41,35
56789227,2358,1165,1193,300,137,163,505,280,225,746,328,418,41,15,26,494,238,256,272,167,105
56789228,203,113,90,40,18,22,51,32,19,69,38,31,0,0,0,25,14,11,18,11,7
56789229,127,57,70,59,19,40,36,22,14,3,2,1,0,0,0,0,0,0,29,14,15
56789230,36,17,19,2,0,2,19,11,8,8,4,4,0,0,0,4,1,3,3,1,2
56789231,650,315,335,79,29,50,145,80,65,226,107,119,10,5,5,141,63,78,49,31,18
56789233,3126,1459,1667,374,139,235,748,421,327,1114,480,634,44,17,27,622,273,349,224,129,95
56789235,39,21,18,6,3,3,9,5,4,15,7,8,0,0,0,4,3,1,5,3,2
56789236,320,158,162,138,68,70,37,23,14,13,5,8,0,0,0,0,0,0,132,62,70
56789237,576,269,307,69,23,46,141,75,66,210,92,118,10,2,8,95,43,52,51,34,17
56789238,115,69,46,26,16,10,43,27,16,25,13,12,0,0,0,1,1,0,20,12,8
56789239,1125,537,588,263,108,155,350,185,165,254,117,137,10,3,7,128,66,62,120,58,62
56789240,1448,818,630,241,116,125,324,180,144,347,169,178,21,9,12,122,54,68,393,290,103
56789241,3097,1381,1716,404,162,242,925,463,462,1098,468,630,38,13,25,445,179,266,187,96,91
56789242,816,386,430,88,37,51,219,128,91,293,129,164,10,2,8,165,73,92,41,17,24
56789243,227,113,114,31,11,20,45,26,19,87,45,42,9,3,6,47,21,26,8,7,1
56789244,981,450,531,110,40,70,250,129,121,346,141,205,11,3,8,191,94,97,73,43,30
50208101,1634,768,866,261,104,157,601,315,286,517,228,289,16,6,10,131,49,82,108,66,42
50208102,1379,647,732,466,198,268,319,185,134,162,76,86,6,2,4,48,25,23,378,161,217
50208103,229,118,111,24,10,14,72,42,30,79,38,41,2,2,0,23,7,16,29,19,10
50208105,1613,764,849,307,123,184,613,325,288,407,182,225,13,5,8,113,40,73,160,89,71
50208106,3150,1618,1532,544,233,311,1044,613,431,825,358,467,21,4,17,228,96,132,488,314,174
50208107,99,49,50,11,2,9,27,13,14,26,13,13,2,1,1,19,10,9,14,10,4
50208108,263,146,117,63,25,38,52,33,19,24,11,13,1,1,0,7,3,4,116,73,43
50208109,274,147,127,73,40,33,67,37,30,43,22,21,1,0,1,19,9,10,71,39,32
50208110,2190,1049,1141,434,168,266,734,391,343,600,272,328,18,9,9,147,68,79,257,141,116
50208113,5483,2612,2871,1254,530,724,1838,1010,828,1431,623,808,42,15,27,386,160,226,532,274,258
50208114,1410,676,734,246,113,133,564,309,255,367,157,210,16,4,12,106,40,66,111,53,58
50208115,451,228,223,120,54,66,129,74,55,74,32,42,2,0,2,17,10,7,109,58,51
50129801,198,97,101,16,8,8,44,30,14,80,35,45,5,2,3,49,21,28,4,1,3
50129802,7771,3576,4195,1170,449,721,2553,1329,1224,2556,1050,1506,79,22,57,874,404,470,539,322,217
50129803,32,17,15,5,1,4,12,7,5,13,8,5,0,0,0,2,1,1,0,0,0
50129804,4146,1935,2211,619,254,365,1183,617,566,1453,668,785,61,21,40,663,288,375,167,87,80
50129805,185,132,53,20,10,10,89,74,15,51,36,15,5,2,3,13,7,6,7,3,4
50129806,3129,1405,1724,427,162,265,944,496,448,1117,451,666,39,12,27,442,203,239,160,81,79
50129807,67,30,37,9,4,5,15,6,9,17,7,10,2,1,1,24,12,12,0,0,0
50129808,284,148,136,31,16,15,68,42,26,95,46,49,3,0,3,76,37,39,11,7,4
50129809,365,165,200,38,14,24,96,39,57,147,71,76,5,0,5,67,32,35,12,9,3
50129810,26,13,13,3,2,1,5,3,2,10,4,6,1,0,1,7,4,3,0,0,0
50129811,115,59,56,17,5,12,23,16,7,32,18,14,1,1,0,40,17,23,2,2,0
1752420,0,0,0,0,0,0,0,0,0,0,0,0,0,0,0,0,0,0,0,0,0
3119360,0,0,0,0,0,0,0,0,0,0,0,0,0,0,0,0,0,0,0,0,0
3294950,0,0,0,0,0,0,0,0,0,0,0,0,0,0,0,0,0,0,0,0,0
50231601,1121,562,559,112,59,53,281,158,123,449,209,240,17,4,13,234,117,117,28,15,13
50231602,114,60,54,19,7,12,38,23,15,36,19,17,0,0,0,16,9,7,5,2,3
50231603,157,74,83,12,1,11,59,34,25,59,27,32,1,0,1,23,11,12,3,1,2
50231604,422,213,209,44,18,26,164,95,69,138,60,78,3,1,2,61,31,30,12,8,4
50231605,72,36,36,12,3,9,25,17,8,27,13,14,1,0,1,5,3,2,2,0,2
50231606,697,335,362,96,35,61,214,125,89,251,103,148,7,3,4,102,52,50,27,17,10
50231607,16,8,8,4,2,2,3,1,2,5,3,2,1,1,0,3,1,2,0,0,0
50231608,237,117,120,42,24,18,92,49,43,69,27,42,1,0,1,16,9,7,17,8,9
50231609,1918,923,995,285,113,172,603,336,267,607,270,337,24,10,14,306,143,163,93,51,42
50231610,115,55,60,18,6,12,43,25,18,34,14,20,1,0,1,14,9,5,5,1,4
50231611,1130,516,614,211,77,134,332,169,163,314,138,176,15,4,11,164,76,88,94,52,42
50231612,539,266,273,51,17,34,138,81,57,218,110,108,5,1,4,119,53,66,8,4,4
50231613,2068,990,1078,296,122,174,597,326,271,666,296,370,25,11,14,281,123,158,203,112,91
50231614,120,63,57,29,16,13,36,19,17,23,11,12,0,0,0,10,2,8,22,15,7
50231615,1626,752,874,262,106,156,571,293,278,504,206,298,16,2,14,169,80,89,104,65,39
50231616,23,16,7,4,1,3,6,5,1,5,5,0,0,0,0,3,2,1,5,3,2
50231617,1043,563,480,184,85,99,272,174,98,235,110,125,9,2,7,114,46,68,229,146,83
56835001,334,163,171,39,16,23,100,56,44,118,57,61,11,4,7,60,25,35,6,5,1
56835002,208,104,104,32,11,21,73,44,29,61,28,33,2,0,2,32,17,15,8,4,4
56835003,175,92,83,21,12,9,74,43,31,51,22,29,1,1,0,23,9,14,5,5,0
56835004,1198,552,646,208,76,132,401,215,186,336,142,194,19,5,14,151,65,86,83,49,34
55522301,61,33,28,12,5,7,27,17,10,13,8,5,1,0,1,8,3,5,0,0,0
55522302,114,55,59,17,8,9,51,29,22,26,9,17,1,0,1,14,6,8,5,3,2
55522303,41,21,20,5,4,1,16,11,5,12,5,7,0,0,0,8,1,7,0,0,0
55522304,88,47,41,15,9,6,37,23,14,24,13,11,1,0,1,8,1,7,3,1,2
55522305,285,138,147,59,24,35,121,62,59,64,28,36,3,1,2,14,6,8,24,17,7
55522306,64,31,33,4,2,2,22,13,9,27,12,15,1,0,1,8,3,5,2,1,1
56838401,52,27,25,2,0,2,17,8,9,26,15,11,1,0,1,6,4,2,0,0,0
56838402,145,68,77,17,5,12,69,36,33,36,18,18,3,0,3,14,6,8,6,3,3
56139801,316,155,161,56,21,35,124,66,58,82,39,43,4,1,3,31,18,13,19,10,9
56140102,60,29,31,7,1,6,12,7,5,22,12,10,1,1,0,16,7,9,2,1,1
56140105,21,11,10,4,2,2,5,3,2,8,3,5,0,0,0,3,2,1,1,1,0
56140106,40,24,16,3,2,1,12,8,4,13,8,5,0,0,0,7,4,3,5,2,3
56141001,348,184,164,95,41,54,162,97,65,50,26,24,1,1,0,11,2,9,29,17,12
56141003,54,32,22,11,6,5,20,14,6,16,8,8,0,0,0,4,2,2,3,2,1
56141004,81,40,41,13,5,8,34,19,15,21,8,13,1,0,1,3,1,2,9,7,2
56142801,177,91,86,29,15,14,62,38,24,43,20,23,6,3,3,18,5,13,19,10,9
56144401,382,204,178,73,24,49,187,118,69,66,29,37,3,0,3,17,6,11,36,27,9
56144402,169,83,86,28,9,19,71,44,27,43,18,25,2,0,2,10,3,7,15,9,6
56144403,87,44,43,19,5,14,32,22,10,18,10,8,3,1,2,5,2,3,10,4,6
56144404,92,46,46,21,11,10,47,28,19,15,3,12,0,0,0,5,2,3,4,2,2
56144405,45,26,19,9,5,4,16,12,4,12,7,5,0,0,0,8,2,6,0,0,0
56144406,303,153,150,47,20,27,135,85,50,83,28,55,1,1,0,27,13,14,10,6,4
0838442,0,0,0,0,0,0,0,0,0,0,0,0,0,0,0,0,0,0,0,0,0
56147901,153,71,82,24,8,16,57,33,24,47,19,28,3,0,3,13,7,6,9,4,5
56147902,29,16,13,4,3,1,8,5,3,9,3,6,2,1,1,4,2,2,2,2,0
56147903,35,19,16,3,2,1,6,5,1,15,3,12,1,0,1,10,9,1,0,0,0
56147904,322,163,159,60,19,41,153,99,54,72,22,50,1,1,0,21,11,10,15,11,4
56147905,17,7,10,5,1,4,5,4,1,4,1,3,0,0,0,3,1,2,0,0,0
56147906,837,423,414,115,48,67,318,175,143,225,103,122,14,5,9,62,29,33,103,63,40
56147907,2257,1087,1170,381,148,233,971,536,435,593,248,345,16,6,10,127,60,67,169,89,80
0214660,0,0,0,0,0,0,0,0,0,0,0,0,0,0,0,0,0,0,0,0,0
0214820,0,0,0,0,0,0,0,0,0,0,0,0,0,0,0,0,0,0,0,0,0
0215120,0,0,0,0,0,0,0,0,0,0,0,0,0,0,0,0,0,0,0,0,0
3025890,0,0,0,0,0,0,0,0,0,0,0,0,0,0,0,0,0,0,0,0,0
3025970,0,0,0,0,0,0,0,0,0,0,0,0,0,0,0,0,0,0,0,0,0
3026010,0,0,0,0,0,0,0,0,0,0,0,0,0,0,0,0,0,0,0,0,0
3026190,0,0,0,0,0,0,0,0,0,0,0,0,0,0,0,0,0,0,0,0,0
3026270,0,0,0,0,0,0,0,0,0,0,0,0,0,0,0,0,0,0,0,0,0
56138002,281,140,141,44,16,28,93,57,36,104,50,54,8,1,7,29,15,14,3,1,2
56138004,301,162,139,67,32,35,125,75,50,46,22,24,3,1,2,14,6,8,46,26,20
56138005,44,24,20,5,1,4,14,10,4,20,11,9,0,0,0,3,1,2,2,1,1
56138006,465,231,234,55,22,33,196,113,83,145,63,82,8,3,5,49,23,26,12,7,5
56138007,222,98,124,33,8,25,67,35,32,81,36,45,1,1,0,38,18,20,2,0,2
56138008,91,43,48,14,7,7,33,19,14,34,14,20,1,0,1,7,2,5,2,1,1
56138009,306,152,154,78,28,50,107,73,34,96,40,56,1,0,1,10,6,4,14,5,9
56138010,77,37,40,11,4,7,25,14,11,25,11,14,0,0,0,8,5,3,8,3,5
56138011,59,26,33,4,0,4,20,8,12,20,11,9,0,0,0,10,5,5,5,2,3
56138012,66,31,35,13,5,8,30,16,14,15,5,10,2,2,0,5,2,3,1,1,0
56138013,38,18,20,5,2,3,19,9,10,8,4,4,1,0,1,4,3,1,1,0,1
56138014,80,39,41,13,4,9,32,19,13,19,7,12,0,0,0,10,6,4,6,3,3
56138015,26,12,14,2,1,1,10,7,3,9,2,7,0,0,0,5,2,3,0,0,0
56138016,108,52,56,12,4,8,37,15,22,40,25,15,1,0,1,16,8,8,2,0,2
56138017,235,119,116,16,4,12,70,39,31,73,35,38,2,1,1,65,34,31,9,6,3
56138019,2530,1207,1323,579,252,327,1078,553,525,531,228,303,22,4,18,117,59,58,203,111,92
56138021,72,50,22,8,6,2,8,5,3,17,15,2,8,2,6,14,8,6,17,14,3
56138022,91,51,40,26,14,12,27,15,12,16,11,5,1,0,1,7,4,3,14,7,7
56138023,1402,663,739,143,49,94,401,223,178,513,221,292,15,9,6,293,138,155,37,23,14
56138024,2092,945,1147,257,94,163,678,355,323,678,268,410,23,7,16,300,128,172,156,93,63
56138025,320,165,155,26,12,14,109,65,44,111,51,60,3,2,1,57,27,30,14,8,6
56138026,1371,676,695,187,72,115,460,254,206,387,165,222,22,12,10,184,89,95,131,84,47
56138027,161,100,61,30,17,13,37,20,17,48,32,16,7,7,0,10,8,2,29,16,13
56138028,387,193,194,59,30,29,134,78,56,122,46,76,7,3,4,47,25,22,18,11,7
56138029,320,153,167,30,12,18,113,59,54,110,51,59,2,1,1,48,17,31,17,13,4
56138030,1126,544,582,174,73,101,442,242,200,345,147,198,14,3,11,90,47,43,61,32,29
56138031,87,33,54,10,1,9,31,13,18,32,11,21,0,0,0,12,7,5,2,1,1
56138032,2980,1420,1560,481,200,281,1102,612,490,940,409,531,39,16,23,297,123,174,121,60,61
56138033,709,324,385,102,43,59,221,118,103,224,88,136,10,5,5,87,40,47,65,30,35
56138034,1583,934,649,185,103,82,369,221,148,360,172,188,8,2,6,160,69,91,501,367,134
56138035,498,246,252,143,61,82,140,84,56,93,43,50,6,4,2,20,6,14,96,48,48
56138036,1084,512,572,177,82,95,350,188,162,340,137,203,17,8,9,127,58,69,73,39,34
56138037,1532,749,783,225,101,124,550,304,246,477,207,270,15,8,7,174,78,96,91,51,40
56138038,3875,1850,2025,565,233,332,1477,803,674,1192,516,676,55,19,36,372,159,213,214,120,94
56138039,1997,909,1088,301,104,197,684,354,330,597,258,339,27,11,16,217,84,133,171,98,73
56138040,3329,1568,1761,559,225,334,1181,636,545,1011,431,580,42,18,24,282,121,161,254,137,117
3093540,0,0,0,0,0,0,0,0,0,0,0,0,0,0,0,0,0,0,0,0,0
3094010,0,0,0,0,0,0,0,0,0,0,0,0,0,0,0,0,0,0,0,0,0
3094190,0,0,0,0,0,0,0,0,0,0,0,0,0,0,0,0,0,0,0,0,0
3094270,0,0,0,0,0,0,0,0,0,0,0,0,0,0,0,0,0,0,0,0,0
3094430,0,0,0,0,0,0,0,0,0,0,0,0,0,0,0,0,0,0,0,0,0
56149502,57,26,31,9,2,7,18,10,8,20,8,12,0,0,0,9,5,4,1,1,0
56149503,432,229,203,44,22,22,157,96,61,133,69,64,5,0,5,72,30,42,21,12,9
56149504,21,9,12,0,0,0,6,2,4,8,3,5,1,0,1,5,3,2,1,1,0
56149505,183,90,93,26,8,18,85,55,30,43,14,29,4,0,4,16,8,8,9,5,4
56149506,122,62,60,15,7,8,64,34,30,34,16,18,0,0,0,5,3,2,4,2,2
56149507,48,25,23,8,0,8,23,17,6,11,5,6,0,0,0,5,3,2,1,0,1
56149509,79,36,43,20,7,13,29,18,11,19,6,13,0,0,0,7,4,3,4,1,3
56149510,521,251,270,53,22,31,184,95,89,185,84,101,6,2,4,72,33,39,21,15,6
56149511,396,181,215,57,26,31,167,82,85,104,45,59,4,1,3,43,18,25,21,9,12
56149512,390,192,198,56,24,32,142,82,60,127,59,68,4,0,4,42,17,25,19,10,9
56149514,723,335,388,82,33,49,252,136,116,258,103,155,7,4,3,103,48,55,21,11,10
56149515,35,16,19,13,5,8,10,5,5,7,3,4,0,0,0,1,0,1,4,3,1
56149516,446,244,202,73,39,34,169,95,74,98,51,47,3,2,1,34,14,20,69,43,26
56149518,55,30,25,8,6,2,28,14,14,10,6,4,3,0,3,4,3,1,2,1,1
56149519,867,383,484,163,47,116,350,186,164,232,88,144,7,3,4,68,35,33,47,24,23
56153301,96,52,44,20,7,13,44,29,15,15,6,9,1,0,1,7,4,3,9,6,3
56153302,15,7,8,3,1,2,4,1,3,7,4,3,0,0,0,1,1,0,0,0,0
56153304,947,462,485,166,60,106,405,240,165,224,94,130,8,2,6,61,19,42,83,47,36
56153305,24,12,12,3,2,1,5,2,3,5,1,4,1,1,0,10,6,4,0,0,0
56153306,29,14,15,5,2,3,13,8,5,4,1,3,0,0,0,5,2,3,2,1,1
56153307,28,17,11,5,1,4,13,8,5,6,4,2,0,0,0,3,3,0,1,1,0
56153308,22,13,9,2,0,2,7,6,1,7,4,3,2,1,1,1,0,1,3,2,1
56153311,22,12,10,1,1,0,11,7,4,7,3,4,0,0,0,1,0,1,2,1,1
56153312,25,13,12,6,4,2,8,5,3,8,4,4,1,0,1,2,0,2,0,0,0
56153315,74,34,40,17,5,12,34,19,15,8,3,5,0,0,0,5,2,3,10,5,5
56153316,67,35,32,10,7,3,31,15,16,15,7,8,1,1,0,4,3,1,6,2,4
56153318,34,16,18,0,0,0,9,4,5,16,8,8,1,0,1,6,3,3,2,1,1
56154101,534,280,254,99,44,55,230,145,85,131,54,77,3,1,2,46,22,24,25,14,11
54433701,186,98,88,43,24,19,63,37,26,45,19,26,2,1,1,11,5,6,22,12,10
54433702,121,67,54,25,14,11,35,22,13,37,19,18,0,0,0,11,3,8,13,9,4
54433703,28,12,16,2,1,1,7,4,3,11,6,5,0,0,0,8,1,7,0,0,0
54433704,34,16,18,6,2,4,11,7,4,9,5,4,1,0,1,7,2,5,0,0,0
56158401,357,186,171,53,23,30,159,93,66,77,32,45,4,1,3,32,15,17,32,22,10
56158403,45,22,23,10,3,7,17,10,7,10,4,6,2,1,1,2,2,0,4,2,2
56158405,25,12,13,6,3,3,9,4,5,6,3,3,1,1,0,3,1,2,0,0,0
56158407,24,12,12,10,5,5,6,2,4,3,1,2,0,0,0,3,2,1,2,2,0
56159201,657,333,324,93,38,55,228,138,90,199,95,104,17,6,11,104,48,56,16,8,8
0438263,0,0,0,0,0,0,0,0,0,0,0,0,0,0,0,0,0,0,0,0,0
56160601,531,266,265,87,31,56,221,134,87,143,60,83,5,2,3,41,15,26,34,24,10
56160602,53,28,25,6,1,5,22,13,9,19,11,8,1,0,1,5,3,2,0,0,0
56161401,40,21,19,4,2,2,16,8,8,14,6,8,0,0,0,5,4,1,1,1,0
56161402,184,101,83,30,12,18,95,65,30,31,11,20,2,0,2,11,5,6,15,8,7
56162201,149,70,79,18,7,11,51,30,21,58,27,31,0,0,0,16,5,11,6,1,5
56166501,535,266,269,103,40,63,223,124,99,135,56,79,8,2,6,19,11,8,47,33,14
56166502,41,22,19,7,4,3,22,12,10,7,3,4,0,0,0,4,2,2,1,1,0
56166503,63,32,31,4,1,3,27,17,10,25,11,14,1,1,0,5,1,4,1,1,0
56168101,2840,1417,1423,502,194,308,1181,678,503,762,344,418,34,17,17,178,67,111,183,117,66
56168102,323,166,157,56,23,33,138,80,58,88,38,50,3,3,0,20,13,7,18,9,9
54623201,121,61,60,18,8,10,54,28,26,32,16,16,0,0,0,10,5,5,7,4,3
56172001,84,43,41,9,3,6,40,25,15,23,10,13,1,0,1,8,4,4,3,1,2
56172002,434,218,216,77,25,52,203,116,87,104,50,54,0,0,0,26,14,12,24,13,11
56172003,33,17,16,7,3,4,8,6,2,9,3,6,1,0,1,7,5,2,1,0,1
56172004,26,12,14,6,1,5,9,6,3,6,2,4,0,0,0,2,1,1,3,2,1
56172005,27,12,15,3,2,1,11,6,5,9,2,7,0,0,0,2,1,1,2,1,1
56172006,23,10,13,5,1,4,10,7,3,4,1,3,0,0,0,3,1,2,1,0,1
56173801,113,55,58,16,6,10,34,14,20,40,25,15,1,0,1,19,8,11,3,2,1
56173803,36,20,16,0,0,0,12,5,7,18,12,6,0,0,0,6,3,3,0,0,0
56174601,491,248,243,83,33,50,220,131,89,118,44,74,8,3,5,31,16,15,31,21,10
54625901,36,17,19,4,1,3,17,12,5,10,2,8,0,0,0,4,2,2,1,0,1
54625902,155,80,75,13,7,6,66,38,28,48,21,27,1,1,0,16,6,10,11,7,4
51416101,77,39,38,19,7,12,31,20,11,19,9,10,0,0,0,4,1,3,4,2,2
56182701,58,31,27,7,3,4,20,16,4,17,7,10,0,0,0,7,2,5,7,3,4
56182702,34,20,14,3,1,2,13,8,5,10,5,5,1,1,0,3,1,2,4,4,0
56182704,167,74,93,33,7,26,75,40,35,33,14,19,3,1,2,9,4,5,14,8,6
56182705,32,20,12,4,2,2,10,7,3,9,5,4,1,1,0,6,4,2,2,1,1
3095670,0,0,0,0,0,0,0,0,0,0,0,0,0,0,0,0,0,0,0,0,0
56183502,94,44,50,12,3,9,37,22,15,29,11,18,0,0,0,14,7,7,2,1,1
56183503,303,139,164,47,20,27,114,62,52,97,44,53,1,0,1,35,10,25,9,3,6
56183505,522,247,275,101,37,64,223,129,94,129,53,76,6,1,5,31,14,17,32,13,19
56183507,1431,676,755,249,88,161,644,353,291,336,146,190,11,3,8,87,26,61,104,60,44
56183508,576,290,286,114,45,69,245,151,94,136,53,83,4,2,2,35,14,21,42,25,17
56183509,184,90,94,47,20,27,63,37,26,49,21,28,0,0,0,9,4,5,16,8,8
56183511,79,42,37,14,6,8,27,19,8,22,12,10,1,0,1,13,4,9,2,1,1
56183512,392,231,161,89,50,39,116,67,49,80,41,39,3,0,3,9,3,6,95,70,25
56183515,906,446,460,164,67,97,385,216,169,208,84,124,7,4,3,75,33,42,67,42,25
56183516,127,61,66,21,6,15,53,30,23,38,16,22,0,0,0,5,2,3,10,7,3
56183517,52,32,20,6,4,2,20,11,9,18,11,7,0,0,0,6,4,2,2,2,0
56183518,431,224,207,52,26,26,162,95,67,135,59,76,2,1,1,53,24,29,27,19,8
56183519,20,10,10,7,3,4,4,3,1,9,4,5,0,0,0,0,0,0,0,0,0
3316940,0,0,0,0,0,0,0,0,0,0,0,0,0,0,0,0,0,0,0,0,0
56185101,253,126,127,40,12,28,107,67,40,72,29,43,2,0,2,14,9,5,18,9,9
3027160,0,0,0,0,0,0,0,0,0,0,0,0,0,0,0,0,0,0,0,0,0
3027590,0,0,0,0,0,0,0,0,0,0,0,0,0,0,0,0,0,0,0,0,0
3370640,0,0,0,0,0,0,0,0,0,0,0,0,0,0,0,0,0,0,0,0,0
56186001,55,25,30,8,5,3,18,8,10,20,9,11,0,0,0,8,2,6,1,1,0
56186002,102,46,56,14,6,8,45,25,20,30,10,20,0,0,0,10,4,6,3,1,2
56186003,301,146,155,32,10,22,101,64,37,105,45,60,5,1,4,48,22,26,10,4,6
56186004,413,205,208,75,29,46,153,89,64,113,54,59,9,2,7,31,15,16,32,16,16
56186005,184,86,98,24,8,16,64,36,28,62,25,37,3,2,1,30,15,15,1,0,1
56186007,22,14,8,2,2,0,10,6,4,8,5,3,0,0,0,2,1,1,0,0,0
56186008,844,412,432,124,58,66,310,177,133,274,120,154,15,5,10,72,27,45,49,25,24
56186009,430,194,236,55,21,34,137,65,72,147,70,77,2,0,2,75,32,43,14,6,8
56186010,523,256,267,64,24,40,162,97,65,183,78,105,11,5,6,82,42,40,21,10,11
56186011,456,222,234,73,34,39,149,88,61,151,62,89,3,1,2,59,27,32,21,10,11
56186012,394,174,220,57,20,37,148,74,74,102,36,66,9,4,5,48,20,28,30,20,10
56186015,112,45,67,19,6,13,29,15,14,14,7,7,0,0,0,3,1,2,47,16,31
56186016,620,301,319,57,21,36,209,120,89,218,101,117,9,2,7,107,45,62,20,12,8
56186017,292,132,160,41,17,24,116,60,56,98,40,58,6,3,3,17,8,9,14,4,10
56186018,1671,832,839,260,111,149,588,298,290,429,195,234,18,7,11,139,64,75,237,157,80
56186019,355,159,196,46,21,25,115,57,58,116,44,72,6,2,4,63,31,32,9,4,5
56186020,321,154,167,59,24,35,103,58,45,104,52,52,5,0,5,38,17,21,12,3,9
56186021,140,72,68,15,10,5,54,27,27,46,20,26,5,4,1,17,10,7,3,1,2
56186022,904,419,485,130,43,87,368,184,184,261,121,140,8,1,7,66,30,36,71,40,31
56186023,1184,560,624,159,63,96,442,226,216,384,171,213,24,10,14,122,60,62,53,30,23
56186024,256,131,125,32,15,17,96,57,39,81,33,48,1,0,1,37,20,17,9,6,3
56186025,178,91,87,31,13,18,92,55,37,41,15,26,1,0,1,8,5,3,5,3,2
56187801,310,159,151,57,23,34,132,80,52,70,27,43,2,1,1,25,12,13,24,16,8
56187802,318,155,163,53,20,33,129,80,49,97,40,57,3,0,3,24,10,14,12,5,7
56188601,255,137,118,35,20,15,109,71,38,78,27,51,0,0,0,21,11,10,12,8,4
56189401,446,234,212,47,19,28,149,90,59,141,64,77,7,3,4,76,40,36,26,18,8
51427601,333,174,159,66,30,36,140,85,55,87,35,52,4,1,3,9,5,4,27,18,9
56195901,358,177,181,59,28,31,127,79,48,105,37,68,3,1,2,46,22,24,18,10,8
56198301,545,280,265,83,35,48,217,134,83,159,72,87,8,3,5,46,18,28,32,18,14
56198302,50,27,23,11,6,5,22,12,10,10,6,4,0,0,0,2,0,2,5,3,2
56199101,157,83,74,27,11,16,76,48,28,39,16,23,1,0,1,8,3,5,6,5,1
56199102,149,74,75,20,12,8,44,27,17,50,20,30,2,1,1,26,10,16,7,4,3
56199103,90,43,47,12,4,8,27,18,9,36,16,20,2,0,2,12,5,7,1,0,1
53038701,66,33,33,8,4,4,13,6,7,21,13,8,2,0,2,16,7,9,6,3,3
53038702,131,64,67,8,2,6,35,19,16,55,27,28,2,1,1,28,14,14,3,1,2
1991090,0,0,0,0,0,0,0,0,0,0,0,0,0,0,0,0,0,0,0,0,0
56201701,548,309,239,86,31,55,196,125,71,124,67,57,7,2,5,27,16,11,108,68,40
56201703,52,30,22,8,3,5,27,19,8,8,4,4,0,0,0,5,2,3,4,2,2
56201704,36,19,17,4,3,1,17,9,8,10,5,5,0,0,0,3,1,2,2,1,1
56201705,129,69,60,9,3,6,55,31,24,43,22,21,3,2,1,15,8,7,4,3,1
56201706,90,50,40,36,19,17,21,10,11,9,5,4,1,0,1,1,1,0,22,15,7
56201707,620,299,321,232,99,133,187,106,81,69,31,38,3,2,1,17,11,6,112,50,62
56201708,101,55,46,15,6,9,36,24,12,31,17,14,1,0,1,11,4,7,7,4,3
56201709,110,56,54,14,7,7,35,23,12,47,19,28,1,1,0,8,3,5,5,3,2
56202501,53,28,25,7,2,5,22,14,8,15,8,7,0,0,0,7,3,4,2,1,1
56202502,1231,643,588,180,79,101,475,283,192,365,165,200,12,7,5,98,45,53,101,64,37
51389001,143,71,72,23,10,13,62,41,21,46,16,30,0,0,0,8,2,6,4,2,2
56205001,618,308,310,106,46,60,256,142,114,165,72,93,6,2,4,60,27,33,25,19,6
54627501,122,66,56,12,6,6,38,24,14,32,16,16,3,1,2,29,16,13,8,3,5
56207601,575,282,293,77,26,51,205,126,79,190,80,110,7,3,4,79,36,43,17,11,6
3316860,0,0,0,0,0,0,0,0,0,0,0,0,0,0,0,0,0,0,0,0,0
56209201,3772,2173,1599,841,513,328,1480,928,552,838,413,425,27,15,12,278,133,145,308,171,137
56210601,49,28,21,5,3,2,14,10,4,24,11,13,0,0,0,5,3,2,1,1,0
56210602,251,128,123,36,12,24,126,72,54,63,31,32,1,0,1,13,4,9,12,9,3
56210604,511,257,254,71,29,42,232,137,95,127,48,79,1,0,1,40,18,22,40,25,15
1586402,0,0,0,0,0,0,0,0,0,0,0,0,0,0,0,0,0,0,0,0,0
56211403,217,113,104,48,24,24,90,53,37,42,12,30,4,2,2,12,7,5,21,15,6
56211405,27,14,13,4,0,4,11,6,5,11,7,4,0,0,0,0,0,0,1,1,0
56211406,26,16,10,5,3,2,8,6,2,5,2,3,0,0,0,5,2,3,3,3,0
54628301,196,100,96,17,8,9,41,27,14,81,36,45,4,3,1,42,19,23,11,7,4
54628302,18,9,9,3,1,2,4,3,1,6,3,3,0,0,0,5,2,3,0,0,0
56213101,47,25,22,3,1,2,22,11,11,13,6,7,2,1,1,5,4,1,2,2,0
56213102,476,235,241,76,34,42,167,101,66,154,59,95,16,8,8,31,14,17,32,19,13
55363801,154,79,75,30,11,19,60,36,24,36,19,17,0,0,0,6,1,5,22,12,10
54626701,23,12,11,6,3,3,7,4,3,2,1,1,0,0,0,4,2,2,4,2,2
54626702,22,13,9,2,1,1,12,8,4,6,3,3,0,0,0,2,1,1,0,0,0
54626703,45,21,24,9,2,7,18,12,6,7,1,6,1,0,1,8,4,4,2,2,0
54626704,149,83,66,34,15,19,72,39,33,14,8,6,0,0,0,7,5,2,22,16,6
56217301,149,79,70,32,9,23,55,35,20,37,18,19,1,0,1,16,9,7,8,8,0
56220301,19,11,8,0,0,0,10,5,5,5,3,2,0,0,0,1,0,1,3,3,0
56220302,96,46,50,19,4,15,45,29,16,21,9,12,1,0,1,2,0,2,8,4,4
56220303,37,15,22,7,1,6,15,8,7,11,5,6,1,0,1,3,1,2,0,0,0
56222001,47,26,21,11,4,7,19,12,7,10,6,4,1,1,0,3,1,2,3,2,1
56222002,530,258,272,103,38,65,239,139,100,118,48,70,5,2,3,35,16,19,30,15,15
56223801,91,46,45,14,4,10,35,23,12,19,8,11,2,1,1,9,3,6,12,7,5
56224601,43,25,18,2,2,0,18,11,7,19,8,11,1,1,0,3,3,0,0,0,0
56224603,476,246,230,73,37,36,181,97,84,123,59,64,3,1,2,56,27,29,40,25,15
56224604,49,24,25,7,3,4,19,10,9,15,6,9,0,0,0,5,3,2,3,2,1
56226201,92,46,46,18,5,13,36,25,11,30,14,16,0,0,0,5,2,3,3,0,3
56226202,28,14,14,5,2,3,8,6,2,10,4,6,0,0,0,4,2,2,1,0,1
56226203,132,62,70,29,10,19,56,33,23,31,12,19,1,1,0,7,2,5,8,4,4
56226204,185,97,88,29,11,18,73,44,29,51,24,27,1,0,1,16,7,9,15,11,4
56226205,66,28,38,8,1,7,27,15,12,22,6,16,0,0,0,8,5,3,1,1,0
56226206,1391,694,697,252,101,151,525,303,222,382,178,204,18,7,11,132,58,74,82,47,35
56226207,427,202,225,119,48,71,162,85,77,82,37,45,5,2,3,13,4,9,46,26,20
56226208,27,13,14,3,1,2,9,6,3,8,4,4,0,0,0,4,1,3,3,1,2
56226209,24,11,13,4,1,3,13,7,6,4,1,3,0,0,0,2,1,1,1,1,0
56229701,122,65,57,22,11,11,53,32,21,32,16,16,2,0,2,6,1,5,7,5,2
56229702,77,36,41,8,3,5,21,10,11,29,15,14,1,0,1,14,6,8,4,2,2
56229703,125,64,61,27,11,16,60,37,23,23,9,14,0,0,0,7,3,4,8,4,4
56229704,31,17,14,5,2,3,13,9,4,10,6,4,1,0,1,2,0,2,0,0,0
56229705,45,25,20,10,3,7,20,11,9,9,7,2,2,2,0,1,0,1,3,2,1
56229706,1134,552,582,240,94,146,461,248,213,280,130,150,9,3,6,45,23,22,99,54,45
56229707,18,11,7,2,2,0,6,5,1,9,4,5,0,0,0,1,0,1,0,0,0
51419501,19,9,10,3,1,2,6,3,3,6,4,2,0,0,0,2,1,1,2,0,2
51419502,77,42,35,19,10,9,34,20,14,12,6,6,0,0,0,4,1,3,8,5,3
56352801,247,124,123,30,13,17,74,50,24,86,35,51,5,2,3,31,12,19,21,12,9
56352802,34,18,16,1,1,0,15,7,8,12,6,6,0,0,0,6,4,2,0,0,0
56353601,267,142,125,25,18,7,60,36,24,93,47,46,3,1,2,73,34,39,13,6,7
53042501,166,87,79,20,7,13,60,37,23,47,25,22,0,0,0,30,14,16,9,4,5
56355201,95,45,50,12,6,6,36,17,19,28,12,16,3,1,2,10,5,5,6,4,2
56355202,561,274,287,120,51,69,259,134,125,127,58,69,3,1,2,27,13,14,25,17,8
56355203,142,73,69,29,14,15,45,26,19,36,17,19,1,1,0,17,7,10,14,8,6
56355205,65,32,33,9,4,5,27,15,12,17,7,10,2,0,2,5,3,2,5,3,2
56355206,993,473,520,180,63,117,403,208,195,231,97,134,9,3,6,60,34,26,110,68,42
56355207,81,44,37,12,7,5,33,22,11,21,8,13,0,0,0,6,1,5,9,6,3
56355208,110,55,55,20,9,11,28,18,10,40,18,22,1,0,1,14,6,8,7,4,3
56355212,317,156,161,68,26,42,143,81,62,66,30,36,3,0,3,8,1,7,29,18,11
56355213,69,35,34,27,12,15,22,14,8,8,2,6,0,0,0,2,2,0,10,5,5
56355214,100,49,51,8,4,4,39,23,16,42,19,23,2,0,2,7,3,4,2,0,2
56356101,485,246,239,56,26,30,180,104,76,164,70,94,7,3,4,47,22,25,31,21,10
0352032,0,0,0,0,0,0,0,0,0,0,0,0,0,0,0,0,0,0,0,0,0
3373400,0,0,0,0,0,0,0,0,0,0,0,0,0,0,0,0,0,0,0,0,0
56357901,108,51,57,16,4,12,51,26,25,30,12,18,1,1,0,6,5,1,4,3,1
56357902,50,25,25,6,2,4,21,13,8,10,4,6,1,0,1,11,6,5,1,0,1
56357903,55,26,29,9,5,4,11,6,5,18,9,9,1,0,1,8,4,4,8,2,6
56357904,221,111,110,21,10,11,79,44,35,69,31,38,2,1,1,34,14,20,16,11,5
56357905,45,23,22,7,5,2,20,13,7,13,3,10,1,1,0,1,1,0,3,0,3
56357906,41,23,18,5,3,2,18,11,7,9,4,5,0,0,0,4,1,3,5,4,1
56357907,82,40,42,5,2,3,25,15,10,38,17,21,1,0,1,9,4,5,4,2,2
56357908,108,50,58,12,4,8,43,23,20,29,11,18,2,1,1,19,8,11,3,3,0
57708101,438,222,216,51,26,25,125,74,51,168,73,95,5,3,2,65,35,30,24,11,13
57708102,34,18,16,3,1,2,9,6,3,12,7,5,0,0,0,10,4,6,0,0,0
57708104,693,339,354,93,30,63,262,155,107,231,97,134,9,2,7,68,34,34,30,21,9
3104760,0,0,0,0,0,0,0,0,0,0,0,0,0,0,0,0,0,0,0,0,0
3105570,0,0,0,0,0,0,0,0,0,0,0,0,0,0,0,0,0,0,0,0,0
3105900,0,0,0,0,0,0,0,0,0,0,0,0,0,0,0,0,0,0,0,0,0
56351001,964,441,523,129,30,99,302,153,149,314,150,164,20,9,11,145,69,76,54,30,24
56351002,1012,453,559,154,53,101,349,180,169,321,135,186,11,0,11,94,39,55,83,46,37
56351003,231,110,121,27,10,17,77,47,30,73,25,48,7,2,5,37,19,18,10,7,3
56351004,43,22,21,6,2,4,7,5,2,18,8,10,1,0,1,10,6,4,1,1,0
56351005,596,299,297,66,30,36,190,114,76,208,88,120,9,2,7,96,49,47,27,16,11
56351007,511,251,260,62,30,32,120,66,54,189,89,100,8,3,5,118,58,60,14,5,9
56351008,212,109,103,24,13,11,65,37,28,73,35,38,1,1,0,40,18,22,9,5,4
56351009,756,370,386,73,33,40,196,111,85,290,131,159,15,8,7,151,67,84,31,20,11
56351010,637,321,316,98,44,54,211,131,80,202,91,111,8,1,7,91,40,51,27,14,13
56351011,254,128,126,27,14,13,51,33,18,83,40,43,6,0,6,81,39,42,6,2,4
56351012,635,311,324,97,47,50,191,98,93,200,97,103,11,2,9,110,55,55,26,12,14
56351013,1090,502,588,173,69,104,301,141,160,344,152,192,14,7,7,184,90,94,74,43,31
56351014,75,49,26,28,20,8,34,20,14,10,6,4,0,0,0,1,1,0,2,2,0
56351015,80,32,48,17,5,12,26,13,13,26,9,17,0,0,0,8,3,5,3,2,1
56351016,1199,545,654,165,65,100,412,214,198,383,157,226,25,5,20,142,62,80,72,42,30
56351017,2449,1409,1040,459,244,215,570,338,232,538,267,271,17,6,11,247,125,122,618,429,189
56351018,268,133,135,32,12,20,92,56,36,74,30,44,6,2,4,42,21,21,22,12,10
56351019,1996,905,1091,339,129,210,716,363,353,530,210,320,26,10,16,163,75,88,222,118,104
56351020,615,284,331,65,28,37,199,105,94,199,80,119,11,3,8,119,56,63,22,12,10
56351021,960,465,495,98,43,55,279,166,113,358,153,205,21,6,15,182,84,98,22,13,9
56351022,1614,723,891,187,65,122,467,263,204,582,236,346,23,4,19,254,108,146,101,47,54
56351023,1690,762,928,266,102,164,513,258,255,595,247,348,16,4,12,196,95,101,104,56,48
56351024,1353,610,743,186,79,107,422,209,213,454,176,278,11,4,7,181,81,100,99,61,38
56351025,111,50,61,13,4,9,23,15,8,43,13,30,0,0,0,19,10,9,13,8,5
56351026,1649,808,841,297,161,136,504,273,231,499,213,286,24,14,10,214,94,120,111,53,58
56351027,1156,539,617,155,51,104,353,201,152,366,153,213,14,5,9,154,72,82,114,57,57
56351028,1246,592,654,174,66,108,367,207,160,433,187,246,15,7,8,193,90,103,64,35,29
56351029,2252,1069,1183,297,113,184,705,387,318,756,334,422,34,17,17,319,146,173,141,72,69
56351030,283,150,133,33,14,19,108,60,48,72,37,35,3,1,2,45,24,21,22,14,8
56351031,24,11,13,3,2,1,9,5,4,10,3,7,0,0,0,1,0,1,1,1,0
56351032,436,202,234,72,27,45,94,46,48,137,63,74,5,3,2,92,45,47,36,18,18
56351033,405,204,201,40,18,22,106,61,45,156,73,83,7,4,3,73,37,36,23,11,12
56351034,53,27,26,6,3,3,13,10,3,20,7,13,1,0,1,11,6,5,2,1,1
56351035,1607,729,878,180,64,116,440,236,204,536,218,318,37,10,27,358,177,181,56,24,32
56351037,1397,648,749,182,62,120,474,235,239,428,191,237,13,4,9,174,86,88,126,70,56
56351038,1691,770,921,210,81,129,487,257,230,615,247,368,30,8,22,274,136,138,75,41,34
56351039,131,65,66,19,8,11,34,20,14,54,29,25,2,1,1,20,6,14,2,1,1
56351040,185,95,90,21,10,11,50,28,22,52,29,23,2,1,1,56,25,31,4,2,2
56351041,1512,662,850,208,83,125,505,262,243,464,177,287,29,7,22,211,86,125,95,47,48
56351042,112,19,93,22,0,22,41,8,33,36,8,28,3,2,1,8,1,7,2,0,2
56351043,480,470,10,218,214,4,204,201,3,46,45,1,1,1,0,10,8,2,1,1,0
56351044,1210,548,662,164,58,106,389,205,184,419,174,245,18,7,11,166,77,89,54,27,27
56351045,204,98,106,21,8,13,60,36,24,61,23,38,5,1,4,46,23,23,11,7,4
56351046,299,147,152,33,18,15,107,57,50,110,55,55,2,0,2,40,13,27,7,4,3
56351047,243,121,122,37,16,21,96,52,44,57,28,29,3,0,3,42,23,19,8,2,6
56351048,748,375,373,91,35,56,225,135,90,251,110,141,8,2,6,136,68,68,37,25,12
56351049,67,33,34,8,2,6,13,8,5,24,12,12,1,1,0,21,10,11,0,0,0
56351050,582,277,305,100,35,65,203,123,80,188,79,109,10,3,7,60,25,35,21,12,9
56359501,419,213,206,59,21,38,139,84,55,108,45,63,7,2,5,72,39,33,34,22,12
56359502,520,271,249,61,23,38,151,93,58,149,72,77,14,6,8,100,46,54,45,31,14
56359503,204,109,95,32,13,19,88,58,30,42,15,27,4,2,2,29,15,14,9,6,3
56359504,31,15,16,2,0,2,8,6,2,12,5,7,0,0,0,9,4,5,0,0,0
56360901,251,130,121,20,8,12,71,47,24,85,40,45,7,3,4,58,26,32,10,6,4
56360902,505,252,253,51,25,26,171,104,67,172,67,105,4,1,3,82,38,44,25,17,8
56360903,186,95,91,22,10,12,75,40,35,63,34,29,0,0,0,20,7,13,6,4,2
56361701,172,90,82,21,9,12,69,42,27,63,30,33,1,0,1,13,7,6,5,2,3
54658501,396,207,189,80,34,46,180,107,73,87,41,46,2,0,2,25,12,13,22,13,9
56363301,161,87,74,31,12,19,68,43,25,42,21,21,2,0,2,11,9,2,7,2,5
56363302,207,106,101,33,17,16,86,49,37,44,16,28,2,0,2,27,11,16,15,13,2
56363303,352,187,165,74,34,40,125,75,50,94,47,47,2,1,1,31,15,16,26,15,11
56363304,35,20,15,3,1,2,7,5,2,10,5,5,1,1,0,13,7,6,1,1,0
56364101,91,41,50,12,4,8,37,18,19,26,11,15,1,1,0,13,5,8,2,2,0
56364102,33,20,13,5,4,1,16,11,5,7,2,5,0,0,0,5,3,2,0,0,0
56364103,24,12,12,1,1,0,7,5,2,11,4,7,0,0,0,1,0,1,4,2,2
56364104,458,230,228,45,14,31,172,99,73,162,76,86,5,3,2,46,21,25,28,17,11
56364105,82,39,43,8,5,3,29,15,14,34,13,21,3,1,2,4,2,2,4,3,1
56364107,87,43,44,8,3,5,28,17,11,35,17,18,0,0,0,9,2,7,7,4,3
56364108,32,14,18,4,1,3,12,6,6,12,5,7,1,0,1,2,1,1,1,1,0
56366801,161,91,70,28,15,13,62,36,26,42,26,16,1,0,1,18,8,10,10,6,4
56366803,51,24,27,4,1,3,15,10,5,21,10,11,1,0,1,8,2,6,2,1,1
56366805,20,10,10,2,0,2,5,3,2,10,5,5,0,0,0,2,1,1,1,1,0
56366807,139,72,67,19,9,10,55,32,23,45,24,21,2,0,2,13,5,8,5,2,3
56366809,28,12,16,4,2,2,8,4,4,11,3,8,0,0,0,4,2,2,1,1,0
56366810,115,49,66,26,9,17,39,24,15,38,11,27,1,1,0,3,1,2,8,3,5
56366811,24,16,8,2,1,1,5,3,2,5,2,3,2,2,0,1,0,1,9,8,1
56366812,199,108,91,27,12,15,86,51,35,52,25,27,0,0,0,16,10,6,18,10,8
56367601,189,96,93,26,10,16,68,39,29,56,26,30,1,0,1,19,12,7,19,9,10
56367602,31,15,16,6,3,3,13,8,5,8,3,5,0,0,0,2,0,2,2,1,1
56368401,187,96,91,23,11,12,60,37,23,64,29,35,0,0,0,23,13,10,17,6,11
56369201,134,93,41,61,56,5,27,16,11,19,9,10,2,1,1,23,9,14,2,2,0
56369202,115,65,50,21,13,8,30,18,12,32,17,15,2,1,1,26,14,12,4,2,2
56369203,1221,615,606,183,74,109,413,238,175,381,185,196,20,7,13,142,67,75,82,44,38
56369204,22,11,11,3,2,1,3,1,2,8,4,4,2,0,2,4,3,1,2,1,1
56369206,101,49,52,15,6,9,38,24,14,31,15,16,1,0,1,13,4,9,3,0,3
56370602,41,19,22,5,1,4,11,8,3,18,9,9,2,0,2,3,1,2,2,0,2
56370603,45,27,18,5,4,1,6,5,1,21,10,11,0,0,0,11,7,4,2,1,1
56370604,101,45,56,13,3,10,25,11,14,30,13,17,3,0,3,23,13,10,7,5,2
56370605,131,65,66,12,6,6,44,29,15,40,14,26,2,0,2,19,7,12,14,9,5
56370606,347,174,173,32,17,15,90,52,38,110,52,58,8,2,6,92,45,47,15,6,9
56370607,124,62,62,7,3,4,36,23,13,53,26,27,1,1,0,22,7,15,5,2,3
56370608,38,21,17,4,2,2,10,7,3,18,8,10,0,0,0,6,4,2,0,0,0
56370609,129,65,64,9,7,2,45,29,16,49,18,31,1,0,1,23,9,14,2,2,0
56370610,29,13,16,3,1,2,7,2,5,12,8,4,1,0,1,6,2,4,0,0,0
56371401,55,27,28,5,3,2,26,13,13,10,5,5,2,1,1,9,4,5,3,1,2
56371402,447,227,220,46,20,26,138,86,52,144,65,79,3,2,1,93,44,49,23,10,13
56373101,29,16,13,7,4,3,10,6,4,7,3,4,0,0,0,5,3,2,0,0,0
56373102,646,332,314,94,33,61,230,132,98,190,103,87,14,3,11,79,36,43,39,25,14
56374901,30,13,17,0,0,0,9,4,5,14,8,6,0,0,0,7,1,6,0,0,0
56374902,422,204,218,48,20,28,120,73,47,148,68,80,8,3,5,85,35,50,13,5,8
56374903,270,134,136,31,15,16,96,54,42,103,45,58,8,4,4,28,14,14,4,2,2
56374904,97,48,49,5,2,3,43,26,17,33,12,21,2,1,1,11,5,6,3,2,1
56374905,262,133,129,34,21,13,97,55,42,85,37,48,7,1,6,27,12,15,12,7,5
56374906,282,142,140,33,15,18,114,69,45,90,37,53,5,2,3,32,13,19,8,6,2
56374907,120,69,51,14,3,11,39,23,16,31,19,12,0,0,0,18,8,10,18,16,2
56374908,131,63,68,21,12,9,37,20,17,44,17,27,2,2,0,27,12,15,0,0,0
56375701,415,202,213,70,30,40,166,97,69,114,51,63,3,0,3,38,12,26,24,12,12
56375702,431,233,198,82,43,39,166,100,66,98,42,56,5,2,3,36,15,21,44,31,13
54657702,301,149,152,40,19,21,101,60,41,90,34,56,4,1,3,47,22,25,19,13,6
54657703,53,28,25,5,2,3,21,13,8,16,9,7,0,0,0,11,4,7,0,0,0
56377301,139,72,67,13,4,9,43,26,17,46,24,22,1,1,0,29,13,16,7,4,3
56378101,34,16,18,2,0,2,5,3,2,12,5,7,0,0,0,15,8,7,0,0,0
56378102,28,11,17,1,0,1,11,6,5,7,3,4,1,1,0,7,1,6,1,0,1
56378103,661,333,328,75,31,44,207,125,82,222,100,122,9,3,6,114,52,62,34,22,12
56379001,40,22,18,2,2,0,14,6,8,15,10,5,1,0,1,7,3,4,1,1,0
56379003,2071,1037,1034,269,113,156,714,416,298,661,299,362,31,10,21,274,124,150,122,75,47
56379005,97,49,48,7,4,3,22,17,5,42,15,27,3,0,3,23,13,10,0,0,0
56380301,174,82,92,12,7,5,51,31,20,62,21,41,6,2,4,38,18,20,5,3,2
56380302,292,145,147,27,9,18,94,57,37,91,43,48,5,0,5,58,28,30,17,8,9
56381101,358,184,174,67,26,41,143,89,54,94,43,51,3,1,2,33,14,19,18,11,7
56381102,457,222,235,73,29,44,179,103,76,117,46,71,6,1,5,58,29,29,24,14,10
56381103,64,33,31,12,5,7,29,18,11,15,5,10,0,0,0,2,1,1,6,4,2
56381105,858,442,416,153,59,94,308,184,124,224,97,127,6,2,4,72,35,37,95,65,30
56381106,310,155,155,41,18,23,86,50,36,109,49,60,5,2,3,53,26,27,16,10,6
56381107,47,28,19,3,2,1,13,6,7,21,14,7,0,0,0,8,4,4,2,2,0
56381108,469,238,231,60,25,35,177,111,66,150,64,86,9,2,7,60,30,30,13,6,7
56381109,468,227,241,107,45,62,182,98,84,92,41,51,3,1,2,20,9,11,64,33,31
3030970,0,0,0,0,0,0,0,0,0,0,0,0,0,0,0,0,0,0,0,0,0
56382001,216,108,108,35,15,20,85,51,34,54,22,32,3,2,1,34,13,21,5,5,0
56382002,66,30,36,12,2,10,25,13,12,13,9,4,2,1,1,8,4,4,6,1,5
56382003,351,155,196,51,17,34,130,69,61,113,39,74,3,0,3,44,23,21,10,7,3
56382004,46,21,25,7,4,3,19,10,9,14,5,9,1,0,1,1,0,1,4,2,2
56382005,808,379,429,156,57,99,261,151,110,223,93,130,7,2,5,97,41,56,64,35,29
56382006,54,27,27,6,3,3,18,11,7,15,8,7,0,0,0,12,3,9,3,2,1
56382007,2611,1247,1364,531,199,332,1095,584,511,589,256,333,28,10,18,144,71,73,224,127,97
56382008,321,192,129,48,28,20,104,65,39,47,20,27,3,2,1,14,8,6,105,69,36
56382009,61,27,34,12,2,10,24,15,9,18,8,10,0,0,0,6,2,4,1,0,1
56382010,309,159,150,43,15,28,137,80,57,92,44,48,4,1,3,24,12,12,9,7,2
56382011,94,50,44,20,9,11,38,22,16,25,12,13,0,0,0,6,4,2,5,3,2
56383801,126,60,66,18,8,10,49,27,22,38,18,20,2,0,2,14,4,10,5,3,2
56383802,107,49,58,28,10,18,52,28,24,15,4,11,2,2,0,3,1,2,7,4,3
56383803,360,177,183,55,22,33,119,68,51,110,45,65,4,3,1,49,29,20,23,10,13
56383804,1555,731,824,292,105,187,633,325,308,397,180,217,11,4,7,100,42,58,122,75,47
56383805,93,50,43,19,7,12,37,24,13,20,10,10,1,1,0,5,2,3,11,6,5
56384601,101,56,45,11,4,7,43,26,17,33,18,15,1,1,0,12,7,5,1,0,1
56385401,683,326,357,81,32,49,202,115,87,241,111,130,12,2,10,115,49,66,32,17,15
56385402,22,11,11,4,2,2,12,5,7,3,1,2,0,0,0,3,3,0,0,0,0
56386201,34,17,17,5,2,3,13,7,6,5,1,4,0,0,0,8,5,3,3,2,1
56386202,30,18,12,1,0,1,7,3,4,11,9,2,1,0,1,4,2,2,6,4,2
56386204,155,78,77,21,5,16,58,38,20,39,17,22,2,1,1,22,9,13,13,8,5
56386205,188,91,97,17,9,8,58,38,20,69,30,39,3,0,3,31,11,20,10,3,7
3107270,0,0,0,0,0,0,0,0,0,0,0,0,0,0,0,0,0,0,0,0,0
3107350,0,0,0,0,0,0,0,0,0,0,0,0,0,0,0,0,0,0,0,0,0
56387101,102,51,51,15,3,12,44,29,15,34,15,19,2,1,1,5,1,4,2,2,0
56387102,180,97,83,17,10,7,75,48,27,61,27,34,1,0,1,21,8,13,5,4,1
56387103,35,16,19,1,0,1,16,9,7,13,5,8,1,0,1,4,2,2,0,0,0
56387104,240,122,118,28,7,21,82,48,34,82,40,42,5,0,5,22,12,10,21,15,6
56387105,226,113,113,20,10,10,78,49,29,82,31,51,2,0,2,25,12,13,19,11,8
56387106,112,58,54,13,8,5,35,24,11,42,19,23,1,0,1,17,5,12,4,2,2
56387107,50,27,23,8,4,4,16,11,5,13,6,7,1,0,1,7,3,4,5,3,2
56387108,112,52,60,11,3,8,43,25,18,40,13,27,2,2,0,12,7,5,4,2,2
56387109,36,19,17,5,2,3,13,9,4,9,3,6,1,1,0,8,4,4,0,0,0
56387110,174,80,94,29,12,17,57,35,22,58,20,38,2,0,2,25,11,14,3,2,1
56387111,33,18,15,4,2,2,17,12,5,5,1,4,0,0,0,6,2,4,1,1,0
56387112,161,74,87,43,15,28,67,37,30,33,10,23,0,0,0,9,6,3,9,6,3
56387113,49,22,27,8,1,7,18,10,8,18,9,9,0,0,0,4,1,3,1,1,0
56387115,36,15,21,4,0,4,15,8,7,10,5,5,0,0,0,7,2,5,0,0,0
56387116,314,148,166,69,22,47,142,78,64,47,19,28,1,0,1,15,6,9,40,23,17
56387117,679,340,339,96,38,58,253,143,110,193,84,109,6,0,6,61,31,30,70,44,26
56387118,61,29,32,8,4,4,16,9,7,17,8,9,1,0,1,18,7,11,1,1,0
56387119,664,299,365,112,41,71,265,137,128,180,72,108,6,2,4,47,19,28,54,28,26
56387120,307,142,165,49,21,28,99,54,45,114,47,67,3,0,3,35,16,19,7,4,3
56387121,1016,495,521,150,65,85,387,210,177,316,145,171,11,0,11,84,37,47,68,38,30
56387122,303,141,162,31,10,21,92,52,40,104,41,63,9,3,6,51,22,29,16,13,3
56390101,259,133,126,34,12,22,94,59,35,76,35,41,3,1,2,24,10,14,28,16,12
56390103,157,77,80,18,6,12,50,28,22,49,24,25,3,1,2,26,13,13,11,5,6
56390105,51,26,25,9,6,3,17,10,7,18,8,10,1,0,1,4,0,4,2,2,0
56390106,24,12,12,3,1,2,8,6,2,10,4,6,0,0,0,3,1,2,0,0,0
56390107,24,12,12,3,1,2,7,6,1,10,3,7,0,0,0,3,2,1,1,0,1
56390108,32,18,14,3,1,2,17,8,9,5,4,1,1,1,0,5,3,2,1,1,0
56390109,49,27,22,5,3,2,14,9,5,17,8,9,0,0,0,12,6,6,1,1,0
56390110,33,16,17,5,2,3,12,9,3,11,5,6,0,0,0,5,0,5,0,0,0
56390111,105,57,48,14,7,7,42,25,17,27,14,13,0,0,0,13,6,7,9,5,4
56390112,20,12,8,1,0,1,6,6,0,7,4,3,0,0,0,6,2,4,0,0,0
56391901,805,412,393,102,50,52,369,207,162,217,98,119,4,0,4,69,26,43,44,31,13
56391902,15,9,6,2,1,1,2,2,0,7,3,4,0,0,0,4,3,1,0,0,0
56391903,45,19,26,6,1,5,9,7,2,17,5,12,1,0,1,12,6,6,0,0,0
54663101,570,286,284,117,46,71,247,145,102,132,59,73,8,3,5,36,13,23,30,20,10
56393501,254,125,129,79,38,41,84,44,40,44,18,26,2,1,1,10,4,6,35,20,15
56393502,460,249,211,111,56,55,194,114,80,80,34,46,1,1,0,21,6,15,53,38,15
56393503,42,20,22,4,1,3,20,13,7,7,4,3,1,0,1,6,1,5,4,1,3
56394302,28,12,16,3,1,2,9,4,5,13,7,6,0,0,0,3,0,3,0,0,0
56394304,48,27,21,6,2,4,21,15,6,16,8,8,1,1,0,3,1,2,1,0,1
56394306,17,10,7,4,2,2,5,5,0,7,3,4,0,0,0,0,0,0,1,0,1
54599601,64,37,27,12,7,5,30,21,9,9,5,4,1,0,1,4,1,3,8,3,5
54599602,77,40,37,16,4,12,35,19,16,21,12,9,0,0,0,3,3,0,2,2,0
54599603,54,24,30,13,3,10,13,7,6,7,3,4,0,0,0,1,1,0,20,10,10
54599604,62,34,28,12,6,6,22,10,12,18,10,8,1,1,0,2,2,0,7,5,2
56396001,59,31,28,8,2,6,18,13,5,25,10,15,0,0,0,7,5,2,1,1,0
56396002,77,39,38,6,4,2,24,14,10,33,16,17,2,0,2,12,5,7,0,0,0
56396003,45,24,21,8,3,5,22,11,11,9,7,2,0,0,0,6,3,3,0,0,0
56396004,30,16,14,1,1,0,12,8,4,8,1,7,1,1,0,7,5,2,1,0,1
56396005,84,44,40,7,6,1,34,16,18,26,16,10,2,0,2,10,5,5,5,1,4
56396006,77,38,39,8,3,5,28,14,14,25,14,11,1,0,1,10,5,5,5,2,3
56396007,29,17,12,3,1,2,11,9,2,7,4,3,0,0,0,7,3,4,1,0,1
56396008,21,11,10,1,0,1,7,4,3,11,7,4,0,0,0,2,0,2,0,0,0
56396009,30,15,15,3,0,3,12,9,3,9,3,6,0,0,0,5,3,2,1,0,1
56396010,57,30,27,10,2,8,19,10,9,8,4,4,3,2,1,5,2,3,12,10,2
56396011,50,28,22,6,3,3,19,15,4,17,6,11,2,0,2,4,2,2,2,2,0
56396012,26,15,11,3,2,1,6,3,3,10,8,2,0,0,0,4,1,3,3,1,2
56396013,108,56,52,12,5,7,40,27,13,33,14,19,1,1,0,17,6,11,5,3,2
56396014,186,97,89,27,11,16,66,34,32,46,22,24,4,3,1,17,8,9,26,19,7
56396015,290,145,145,45,14,31,105,68,37,79,36,43,5,0,5,34,13,21,22,14,8
56396016,926,426,500,120,45,75,366,180,186,279,122,157,13,8,5,103,45,58,45,26,19
56396017,253,130,123,37,15,22,79,36,43,82,51,31,5,1,4,35,17,18,15,10,5
54453101,187,99,88,21,7,14,72,46,26,54,30,24,6,0,6,24,10,14,10,6,4
54453102,21,12,9,1,0,1,10,5,5,6,4,2,0,0,0,4,3,1,0,0,0
54453103,252,124,128,26,10,16,97,60,37,86,32,54,3,1,2,31,16,15,9,5,4
54660701,582,283,299,113,37,76,274,151,123,117,55,62,6,3,3,21,6,15,51,31,20
53046801,702,364,338,93,42,51,228,139,89,231,114,117,9,4,5,94,41,53,47,24,23
53046802,57,28,29,5,2,3,20,12,8,21,11,10,0,0,0,9,3,6,2,0,2
56399401,446,225,221,102,39,63,201,119,82,90,40,50,2,0,2,24,13,11,27,14,13
3031600,0,0,0,0,0,0,0,0,0,0,0,0,0,0,0,0,0,0,0,0,0
3031860,0,0,0,0,0,0,0,0,0,0,0,0,0,0,0,0,0,0,0,0,0
56402801,89,43,46,8,1,7,22,14,8,40,18,22,1,0,1,16,8,8,2,2,0
56402802,37,18,19,4,1,3,7,7,0,16,5,11,1,0,1,6,3,3,3,2,1
56402803,58,28,30,15,7,8,16,10,6,9,4,5,1,0,1,8,4,4,9,3,6
56402804,40,20,20,6,2,4,23,15,8,8,2,6,1,0,1,2,1,1,0,0,0
56402805,1277,584,693,181,79,102,511,266,245,389,156,233,21,10,11,115,42,73,60,31,29
56402806,37,17,20,5,1,4,16,11,5,13,3,10,1,1,0,2,1,1,0,0,0
56402807,198,105,93,33,15,18,72,43,29,46,24,22,2,0,2,13,4,9,32,19,13
56402808,1185,532,653,181,67,114,485,250,235,345,140,205,18,8,10,87,32,55,69,35,34
56402809,46,22,24,12,3,9,18,9,9,7,4,3,0,0,0,2,1,1,7,5,2
56402810,842,439,403,218,102,116,285,168,117,168,62,106,8,3,5,50,25,25,113,79,34
56402811,1176,588,588,148,66,82,438,258,180,385,172,213,19,7,12,134,56,78,52,29,23
56402812,299,151,148,57,21,36,121,77,44,75,30,45,1,0,1,23,10,13,22,13,9
56402813,170,88,82,20,12,8,67,43,24,50,18,32,3,0,3,23,13,10,7,2,5
56402814,367,181,186,50,24,26,139,82,57,120,48,72,6,3,3,39,18,21,13,6,7
56402815,66,39,27,8,6,2,30,18,12,21,12,9,1,0,1,5,2,3,1,1,0
56402817,147,77,70,35,16,19,55,33,22,45,22,23,1,0,1,5,2,3,6,4,2
56402818,35,18,17,3,2,1,13,6,7,15,9,6,1,0,1,3,1,2,0,0,0
56403601,353,181,172,56,26,30,175,93,82,71,34,37,3,2,1,14,8,6,34,18,16
56403602,27,15,12,6,4,2,9,5,4,8,3,5,0,0,0,0,0,0,4,3,1
56404401,235,122,113,24,10,14,105,57,48,62,29,33,4,2,2,28,15,13,12,9,3
56404402,2012,987,1025,319,136,183,835,457,378,555,240,315,20,6,14,131,51,80,152,97,55
0260260,0,0,0,0,0,0,0,0,0,0,0,0,0,0,0,0,0,0,0,0,0
54435301,149,79,70,19,4,15,77,49,28,38,17,21,1,1,0,6,2,4,8,6,2
54435302,82,45,37,8,2,6,38,27,11,19,6,13,2,1,1,12,6,6,3,3,0
56405201,89,39,50,12,4,8,33,16,17,25,11,14,0,0,0,13,4,9,6,4,2
56405202,25,12,13,4,0,4,7,5,2,11,4,7,0,0,0,3,3,0,0,0,0
56405204,66,33,33,6,3,3,25,14,11,21,9,12,1,1,0,10,3,7,3,3,0
56406101,125,57,68,14,5,9,45,27,18,43,17,26,0,0,0,14,5,9,9,3,6
56406102,2174,1080,1094,300,128,172,838,466,372,639,293,346,23,8,15,250,104,146,124,81,43
56406103,25,13,12,3,1,2,6,4,2,10,5,5,1,0,1,4,3,1,1,0,1
56406105,122,63,59,12,4,8,50,32,18,34,13,21,2,0,2,22,12,10,2,2,0
56406106,17,7,10,2,1,1,2,1,1,6,3,3,1,0,1,5,2,3,1,0,1
56407901,167,92,75,41,13,28,75,49,26,25,13,12,0,0,0,11,6,5,15,11,4
56407902,35,20,15,6,4,2,13,9,4,10,4,6,1,0,1,2,1,1,3,2,1
3108670,0,0,0,0,0,0,0,0,0,0,0,0,0,0,0,0,0,0,0,0,0
56409501,139,71,68,20,10,10,62,35,27,41,20,21,1,0,1,10,5,5,5,1,4
56409502,39,16,23,9,3,6,19,8,11,8,5,3,1,0,1,1,0,1,1,0,1
56409504,813,383,430,132,47,85,322,178,144,258,117,141,7,2,5,58,22,36,36,17,19
56409505,67,32,35,13,7,6,32,15,17,18,8,10,0,0,0,2,1,1,2,1,1
56409506,20,8,12,3,0,3,9,5,4,3,1,2,0,0,0,5,2,3,0,0,0
56409507,131,72,59,12,6,6,40,24,16,45,22,23,3,2,1,10,5,5,21,13,8
56409508,90,45,45,23,8,15,34,21,13,18,8,10,1,0,1,9,4,5,5,4,1
56409509,190,96,94,36,14,22,90,55,35,45,19,26,0,0,0,6,2,4,13,6,7
56409510,39,21,18,12,5,7,7,3,4,12,9,3,1,1,0,7,3,4,0,0,0
56409511,381,189,192,42,19,23,145,76,69,110,53,57,7,3,4,42,16,26,35,22,13
56409512,52,24,28,7,4,3,22,10,12,12,4,8,1,0,1,1,0,1,9,6,3
56409513,610,301,309,107,45,62,243,130,113,163,76,87,6,4,2,36,13,23,55,33,22
56409515,26,14,12,8,5,3,8,5,3,4,1,3,0,0,0,0,0,0,6,3,3
56409516,420,198,222,68,27,41,166,95,71,109,42,67,3,3,0,48,17,31,26,14,12
56409517,1294,663,631,255,118,137,482,272,210,292,124,168,11,4,7,88,36,52,166,109,57
56409518,850,408,442,192,71,121,332,184,148,204,91,113,7,4,3,51,22,29,64,36,28
56409520,176,99,77,43,22,21,84,52,32,24,12,12,1,0,1,3,0,3,21,13,8
56409521,514,262,252,78,34,44,215,128,87,142,55,87,7,3,4,38,18,20,34,24,10
56409522,136,71,65,15,12,3,62,35,27,35,15,20,4,2,2,10,1,9,10,6,4
56409523,185,100,85,44,19,25,92,57,35,35,14,21,2,1,1,4,2,2,8,7,1
56409524,160,83,77,27,12,15,69,41,28,38,17,21,2,0,2,16,9,7,8,4,4
56410901,86,43,43,26,11,15,30,18,12,19,9,10,0,0,0,5,3,2,6,2,4
56410902,718,357,361,119,41,78,323,192,131,175,70,105,9,3,6,51,23,28,41,28,13
56411701,274,137,137,32,15,17,99,54,45,101,46,55,7,3,4,27,14,13,8,5,3
56411702,419,197,222,66,24,42,159,98,61,142,53,89,6,1,5,26,11,15,20,10,10
56411703,40,22,18,3,2,1,11,4,7,19,12,7,0,0,0,6,3,3,1,1,0
56411704,34,17,17,3,2,1,6,3,3,16,8,8,1,0,1,6,3,3,2,1,1
56411705,221,112,109,35,13,22,109,62,47,43,21,22,1,0,1,17,6,11,16,10,6
56411706,102,54,48,17,9,8,41,20,21,23,12,11,1,1,0,10,4,6,10,8,2
56411707,216,107,109,48,19,29,80,44,36,51,25,26,0,0,0,18,8,10,19,11,8
56411708,259,133,126,38,16,22,134,78,56,56,23,33,4,1,3,16,6,10,11,9,2
56411709,101,45,56,14,3,11,31,18,13,37,14,23,2,1,1,16,8,8,1,1,0
56411710,914,431,483,139,59,80,362,196,166,280,114,166,12,4,8,67,34,33,54,24,30
56411711,890,447,443,169,60,109,326,173,153,185,80,105,3,1,2,73,37,36,134,96,38
56411712,135,64,71,34,11,23,59,33,26,27,14,13,3,0,3,9,3,6,3,3,0
56411713,32,18,14,2,1,1,17,12,5,10,4,6,3,1,2,0,0,0,0,0,0
56411714,492,236,256,77,26,51,196,114,82,132,54,78,4,2,2,46,23,23,37,17,20
56411715,301,137,164,51,16,35,102,58,44,85,37,48,2,0,2,48,21,27,13,5,8
56411716,474,236,238,92,35,57,203,114,89,115,55,60,6,3,3,28,16,12,30,13,17
56411717,59,29,30,6,3,3,17,10,7,25,11,14,0,0,0,10,4,6,1,1,0
56411718,31,17,14,5,3,2,4,0,4,14,9,5,1,0,1,6,4,2,1,1,0
56411719,16,9,7,1,0,1,6,6,0,7,3,4,0,0,0,2,0,2,0,0,0
56163101,212,115,97,30,13,17,81,53,28,57,29,28,4,1,3,24,9,15,16,10,6
56163102,109,54,55,17,6,11,49,31,18,24,8,16,2,0,2,12,7,5,5,2,3
56163103,1321,650,671,244,91,153,478,272,206,356,167,189,16,7,9,116,45,71,111,68,43
56163104,22,11,11,5,2,3,6,3,3,6,4,2,0,0,0,3,1,2,2,1,1
56163105,824,413,411,135,55,80,340,191,149,226,109,117,3,1,2,77,32,45,43,25,18
56163106,26,12,14,2,0,2,12,8,4,7,2,5,1,0,1,1,1,0,3,1,2
56163107,103,53,50,16,7,9,43,25,18,27,11,16,0,0,0,11,6,5,6,4,2
56163108,23,13,10,4,3,1,11,6,5,4,2,2,0,0,0,4,2,2,0,0,0
56163109,69,32,37,11,4,7,34,19,15,13,6,7,2,0,2,8,3,5,1,0,1
56163110,21,10,11,6,1,5,6,4,2,5,2,3,0,0,0,3,2,1,1,1,0
56163112,144,77,67,20,7,13,66,41,25,35,20,15,1,1,0,19,6,13,3,2,1
56163113,113,63,50,19,8,11,55,36,19,22,10,12,4,0,4,6,3,3,7,6,1
56163115,31,18,13,15,10,5,13,7,6,3,1,2,0,0,0,0,0,0,0,0,0
56165701,88,46,42,8,4,4,54,31,23,18,6,12,0,0,0,8,5,3,0,0,0
54665801,141,70,71,15,5,10,58,39,19,38,11,27,3,1,2,14,5,9,13,9,4
53048401,314,159,155,36,14,22,120,69,51,91,41,50,3,1,2,42,19,23,22,15,7
53048402,145,75,70,20,11,9,26,17,9,53,18,35,0,0,0,39,25,14,7,4,3
56413301,33,17,16,1,0,1,8,5,3,12,5,7,2,0,2,6,5,1,4,2,2
56413302,466,216,250,133,53,80,162,77,85,79,38,41,8,2,6,36,15,21,48,31,17
56414101,72,36,36,6,3,3,31,15,16,26,12,14,1,0,1,6,4,2,2,2,0
56414102,45,24,21,4,1,3,16,11,5,12,5,7,4,2,2,6,3,3,3,2,1
56414103,44,22,22,4,1,3,22,15,7,15,4,11,0,0,0,0,0,0,3,2,1
56414104,49,28,21,1,0,1,22,16,6,17,8,9,0,0,0,3,1,2,6,3,3
56414105,30,18,12,4,2,2,9,6,3,9,4,5,0,0,0,7,5,2,1,1,0
56414107,26,12,14,6,2,4,10,7,3,7,2,5,0,0,0,3,1,2,0,0,0
56414108,25,10,15,6,2,4,10,5,5,5,1,4,0,0,0,4,2,2,0,0,0
56416801,377,191,186,70,30,40,164,91,73,87,37,50,1,1,0,26,11,15,29,21,8
56417601,235,128,107,20,12,8,70,39,31,77,44,33,5,2,3,50,24,26,13,7,6
56417602,62,33,29,3,1,2,13,8,5,24,15,9,1,0,1,21,9,12,0,0,0
56418401,449,233,216,58,21,37,193,113,80,103,52,51,7,2,5,58,25,33,30,20,10
56418402,231,116,115,51,26,25,81,41,40,64,28,36,0,0,0,22,12,10,13,9,4
53043301,298,164,134,50,25,25,150,92,58,71,29,42,2,0,2,8,5,3,17,13,4
56420601,371,190,181,67,31,36,146,79,67,104,51,53,6,4,2,26,11,15,22,14,8
54593701,187,88,99,25,8,17,78,46,32,50,19,31,1,0,1,28,14,14,5,1,4
0820403,0,0,0,0,0,0,0,0,0,0,0,0,0,0,0,0,0,0,0,0,0
0821390,0,0,0,0,0,0,0,0,0,0,0,0,0,0,0,0,0,0,0,0,0
3186800,0,0,0,0,0,0,0,0,0,0,0,0,0,0,0,0,0,0,0,0,0
3187440,0,0,0,0,0,0,0,0,0,0,0,0,0,0,0,0,0,0,0,0,0
55690401,1542,1047,495,161,87,74,242,164,78,248,142,106,16,9,7,128,68,60,747,577,170
55690402,166,81,85,27,13,14,25,12,13,54,23,31,7,5,2,37,18,19,16,10,6
55690403,1205,606,599,129,50,79,230,115,115,379,183,196,23,11,12,235,119,116,209,128,81
55690404,65,34,31,4,3,1,9,5,4,25,10,15,1,1,0,18,10,8,8,5,3
55690405,1981,931,1050,240,117,123,519,247,272,705,317,388,27,13,14,372,169,203,118,68,50
55690406,23,11,12,1,1,0,10,6,4,10,3,7,0,0,0,2,1,1,0,0,0
55690408,2146,1035,1111,194,84,110,336,171,165,668,308,360,36,12,24,692,329,363,220,131,89
55690409,73,36,37,15,10,5,10,4,6,19,5,14,0,0,0,11,8,3,18,9,9
55690410,1035,512,523,69,35,34,140,77,63,328,150,178,12,5,7,395,192,203,91,53,38
55690411,1265,549,716,167,61,106,302,114,188,406,178,228,19,9,10,312,152,160,59,35,24
55690412,2746,1268,1478,331,135,196,839,439,400,947,404,543,40,14,26,420,187,233,169,89,80
55690413,2597,1207,1390,287,116,171,836,441,395,904,385,519,35,18,17,385,167,218,150,80,70
55690414,342,165,177,36,19,17,83,33,50,107,57,50,4,1,3,84,39,45,28,16,12
55690416,898,441,457,114,46,68,294,141,153,279,142,137,17,8,9,108,58,50,86,46,40
55690417,1594,725,869,204,83,121,514,261,253,538,222,316,24,9,15,237,111,126,77,39,38
55690418,72,46,26,14,6,8,11,7,4,19,15,4,0,0,0,0,0,0,28,18,10
55690419,66,38,28,11,4,7,16,11,5,14,7,7,1,1,0,4,2,2,20,13,7
55690420,5018,2378,2640,744,309,435,1769,916,853,1537,682,855,70,23,47,609,288,321,289,160,129
55690421,1267,638,629,136,61,75,376,202,174,384,183,201,19,6,13,188,85,103,164,101,63
55690422,560,298,262,118,55,63,173,96,77,146,78,68,8,3,5,63,30,33,52,36,16
55690423,891,443,448,72,34,38,251,145,106,286,118,168,14,5,9,154,74,80,114,67,47
55690424,30,17,13,9,6,3,11,7,4,6,2,4,0,0,0,2,0,2,2,2,0
55690425,203,108,95,21,8,13,49,34,15,57,25,32,5,2,3,45,23,22,26,16,10
55690426,1796,875,921,183,76,107,457,268,189,652,279,373,19,10,9,403,197,206,82,45,37
55690427,156,90,66,8,2,6,31,20,11,38,20,18,2,1,1,59,34,25,18,13,5
55690428,163,81,82,15,7,8,54,30,24,63,28,35,3,0,3,24,12,12,4,4,0
55690429,734,357,377,87,36,51,202,117,85,237,115,122,13,6,7,127,52,75,68,31,37
55690430,3129,1494,1635,416,169,247,1023,551,472,1016,435,581,36,11,25,420,209,211,218,119,99
55690431,1435,683,752,173,66,107,420,217,203,484,224,260,28,12,16,225,112,113,105,52,53
55690434,50,27,23,12,5,7,19,13,6,11,4,7,0,0,0,4,2,2,4,3,1
55690435,401,198,203,49,24,25,127,71,56,134,64,70,2,1,1,75,30,45,14,8,6
55690436,50,26,24,6,3,3,22,12,10,13,8,5,0,0,0,8,2,6,1,1,0
55690437,662,316,346,60,29,31,171,96,75,245,104,141,6,1,5,149,70,79,31,16,15
55690438,517,248,269,46,28,18,63,42,21,192,77,115,8,1,7,191,91,100,17,9,8
55690439,2710,1273,1437,326,132,194,880,456,424,868,375,493,42,19,23,430,186,244,164,105,59
55690440,2162,960,1202,237,82,155,673,344,329,741,299,442,25,9,16,352,162,190,134,64,70
55690442,1486,702,784,150,66,84,270,139,131,471,211,260,19,6,13,516,248,268,60,32,28
55690443,1824,850,974,211,89,122,426,222,204,613,264,349,27,5,22,444,220,224,103,50,53
55690444,2892,1288,1604,330,128,202,825,415,410,1004,406,598,37,12,25,506,230,276,190,97,93
55690445,859,407,452,79,42,37,169,83,86,298,130,168,15,7,8,263,127,136,35,18,17
55690446,194,96,98,32,14,18,30,17,13,50,24,26,3,0,3,76,39,37,3,2,1
55690447,470,205,265,23,7,16,67,28,39,160,64,96,9,4,5,171,78,93,40,24,16
55690448,116,54,62,15,3,12,30,23,7,36,11,25,2,0,2,30,15,15,3,2,1
55690449,2614,1205,1409,267,104,163,765,384,381,901,405,496,35,15,20,544,240,304,102,57,45
55690450,920,427,493,85,29,56,220,115,105,355,156,199,8,1,7,207,100,107,45,26,19
55690451,1710,891,819,152,68,84,277,160,117,636,293,343,28,14,14,550,315,235,67,41,26
55690452,295,143,152,36,17,19,59,36,23,93,34,59,3,2,1,100,52,48,4,2,2
55690453,427,230,197,71,32,39,132,89,43,102,51,51,6,0,6,92,43,49,24,15,9
55690454,413,200,213,47,19,28,106,62,44,136,61,75,1,0,1,115,52,63,8,6,2
55690456,1181,588,593,140,77,63,265,150,115,368,159,209,16,5,11,356,174,182,36,23,13
55690457,115,54,61,19,6,13,28,15,13,29,16,13,4,1,3,35,16,19,0,0,0
55690458,533,260,273,77,28,49,174,98,76,170,82,88,7,1,6,79,37,42,26,14,12
55690459,392,194,198,54,24,30,139,85,54,127,57,70,4,3,1,55,19,36,13,6,7
55690460,428,206,222,46,19,27,94,53,41,149,66,83,8,3,5,115,56,59,16,9,7
55690461,1940,964,976,220,108,112,596,331,265,675,299,376,30,10,20,329,159,170,90,57,33
55690462,24,10,14,1,0,1,8,6,2,6,2,4,1,0,1,6,2,4,2,0,2
55690463,19,8,11,1,1,0,10,5,5,6,2,4,0,0,0,2,0,2,0,0,0
55690464,543,258,285,97,36,61,200,107,93,162,76,86,7,2,5,49,23,26,28,14,14
55690465,803,388,415,116,44,72,243,141,102,279,129,150,13,6,7,129,58,71,23,10,13
55690466,567,286,281,81,39,42,158,96,62,187,86,101,19,4,15,104,52,52,18,9,9
55690467,88,43,45,4,1,3,40,26,14,29,12,17,0,0,0,12,4,8,3,0,3
55690468,141,70,71,18,7,11,55,34,21,44,21,23,1,1,0,18,6,12,5,1,4
55690469,875,439,436,134,66,68,324,185,139,243,106,137,13,3,10,99,45,54,62,34,28
55690470,100,51,49,8,3,5,33,16,17,46,26,20,0,0,0,9,3,6,4,3,1
55690471,153,78,75,17,6,11,44,26,18,59,30,29,2,1,1,26,12,14,5,3,2
55690472,116,60,56,19,9,10,34,21,13,39,20,19,1,0,1,16,6,10,7,4,3
55690473,3412,1644,1768,448,197,251,1015,549,466,1115,494,621,42,18,24,626,298,328,166,88,78
55690475,140,75,65,18,9,9,47,30,17,45,20,25,1,0,1,24,13,11,5,3,2
55690476,809,421,388,142,71,71,226,132,94,231,104,127,17,10,7,109,54,55,84,50,34
55690477,1739,1026,713,304,210,94,497,321,176,492,238,254,21,12,9,281,150,131,144,95,49
55690478,285,151,134,35,19,16,60,34,26,81,37,44,9,4,5,52,31,21,48,26,22
55690479,1485,677,808,185,77,108,408,201,207,476,191,285,30,16,14,263,123,140,123,69,54
55690480,58,37,21,3,2,1,12,8,4,12,7,5,2,1,1,0,0,0,29,19,10
55690481,2264,1072,1192,400,169,231,669,340,329,616,277,339,28,12,16,333,150,183,218,124,94
55690482,740,390,350,119,65,54,218,121,97,207,104,103,17,10,7,103,47,56,76,43,33
55690483,319,140,179,38,13,25,95,41,54,95,36,59,6,2,4,59,33,26,26,15,11
55690484,1611,780,831,214,90,124,424,227,197,484,221,263,30,11,19,341,161,180,118,70,48
55690485,655,330,325,121,68,53,180,94,86,177,81,96,13,3,10,79,42,37,85,42,43
55690486,61,33,28,11,3,8,15,8,7,25,14,11,1,0,1,7,6,1,2,2,0
55690487,2136,940,1196,191,76,115,531,235,296,718,270,448,31,9,22,502,259,243,163,91,72
55690488,26,16,10,9,7,2,7,5,2,5,2,3,0,0,0,3,1,2,2,1,1
55690489,1540,750,790,121,62,59,305,153,152,519,238,281,30,9,21,466,225,241,99,63,36
55690491,110,60,50,12,7,5,32,17,15,42,22,20,0,0,0,20,12,8,4,2,2
55690492,685,330,355,87,39,48,96,59,37,215,96,119,11,1,10,246,115,131,30,20,10
55689101,64,31,33,10,5,5,17,9,8,18,6,12,0,0,0,11,7,4,8,4,4
55689102,78,43,35,6,5,1,26,18,8,28,13,15,2,2,0,14,5,9,2,0,2
55689103,32,15,17,6,4,2,8,4,4,12,6,6,3,1,2,2,0,2,1,0,1
55689104,2279,1089,1190,265,112,153,699,367,332,687,307,380,45,20,25,380,163,217,203,120,83
55689105,326,156,170,56,23,33,86,47,39,103,45,58,1,0,1,52,26,26,28,15,13
55689106,636,323,313,73,35,38,151,86,65,198,94,104,11,4,7,171,87,84,32,17,15
55689107,641,306,335,74,29,45,197,114,83,194,83,111,10,3,7,121,57,64,45,20,25
55689108,577,248,329,77,24,53,117,48,69,208,84,124,11,4,7,140,76,64,24,12,12
55689109,1349,614,735,235,104,131,396,183,213,382,170,212,21,5,16,201,91,110,114,61,53
55689110,1427,717,710,174,75,99,380,215,165,491,226,265,19,8,11,300,153,147,63,40,23
56423101,36,20,16,5,4,1,9,5,4,15,9,6,0,0,0,6,1,5,1,1,0
56423102,221,120,101,25,13,12,61,39,22,76,36,40,5,1,4,37,19,18,17,12,5
56423103,1048,525,523,148,65,83,332,196,136,314,128,186,14,5,9,180,89,91,60,42,18
54659301,39,19,20,8,4,4,20,11,9,10,4,6,0,0,0,0,0,0,1,0,1
54659302,599,308,291,119,56,63,238,136,102,137,59,78,6,2,4,56,27,29,43,28,15
54659303,40,23,17,7,4,3,11,8,3,8,4,4,0,0,0,12,6,6,2,1,1
54659304,84,37,47,21,7,14,32,19,13,12,1,11,1,0,1,9,5,4,9,5,4
56426501,89,45,44,26,14,12,43,25,18,12,4,8,0,0,0,2,0,2,6,2,4
56426502,77,37,40,10,3,7,29,15,14,17,10,7,0,0,0,7,2,5,14,7,7
56426503,119,57,62,24,10,14,49,29,20,31,11,20,2,1,1,9,4,5,4,2,2
56426504,28,12,16,6,3,3,6,3,3,10,4,6,0,0,0,4,1,3,2,1,1
56426505,2580,1269,1311,568,247,321,1070,581,489,529,223,306,15,5,10,137,65,72,261,148,113
56428101,538,269,269,71,33,38,194,116,78,157,65,92,8,3,5,90,43,47,18,9,9
56428102,68,34,34,14,6,8,24,16,8,15,6,9,2,1,1,11,5,6,2,0,2
56429001,118,66,52,15,5,10,38,26,12,32,16,16,1,1,0,18,10,8,14,8,6
56429002,45,22,23,6,3,3,21,13,8,10,4,6,1,0,1,5,2,3,2,0,2
56429003,35,17,18,4,1,3,8,4,4,17,9,8,1,0,1,5,3,2,0,0,0
56429004,30,14,16,7,4,3,11,5,6,12,5,7,0,0,0,0,0,0,0,0,0
56429005,362,190,172,51,25,26,141,87,54,106,46,60,2,2,0,36,16,20,26,14,12
56429006,345,169,176,47,18,29,124,70,54,105,47,58,3,1,2,41,16,25,25,17,8
56429007,16,8,8,0,0,0,7,4,3,4,0,4,0,0,0,5,4,1,0,0,0
54595301,112,58,54,9,8,1,38,22,16,35,15,20,1,0,1,25,9,16,4,4,0
54595303,136,65,71,11,2,9,39,25,14,47,25,22,4,1,3,28,8,20,7,4,3
54595304,50,25,25,7,3,4,22,10,12,14,9,5,1,0,1,6,3,3,0,0,0
56430301,43,19,24,6,3,3,18,10,8,13,3,10,0,0,0,4,2,2,2,1,1
56430302,45,21,24,7,3,4,15,7,8,15,9,6,1,0,1,6,2,4,1,0,1
56430303,29,16,13,4,3,1,6,4,2,11,6,5,0,0,0,5,2,3,3,1,2
56430304,241,122,119,27,8,19,89,58,31,76,35,41,6,2,4,30,14,16,13,5,8
56430306,149,77,72,16,10,6,53,36,17,50,20,30,4,2,2,22,9,13,4,0,4
56430307,61,30,31,7,3,4,16,9,7,22,11,11,1,0,1,10,4,6,5,3,2
56430309,18,9,9,0,0,0,2,1,1,6,3,3,2,1,1,8,4,4,0,0,0
56431101,154,75,79,24,12,12,71,39,32,34,14,20,2,0,2,7,2,5,16,8,8
56431102,80,44,36,17,11,6,41,24,17,16,7,9,1,0,1,2,1,1,3,1,2
54434501,63,33,30,5,3,2,26,15,11,17,8,9,0,0,0,14,6,8,1,1,0
54434503,193,99,94,13,5,8,66,39,27,72,34,38,3,1,2,31,17,14,8,3,5
54434504,60,30,30,5,4,1,20,11,9,22,10,12,0,0,0,10,4,6,3,1,2
54434505,15,7,8,3,0,3,2,1,1,3,3,0,0,0,0,7,3,4,0,0,0
56435401,1057,516,541,178,53,125,460,263,197,283,127,156,15,5,10,71,36,35,50,32,18
54458201,324,140,184,32,10,22,66,36,30,122,48,74,3,2,1,50,30,20,51,14,37
56437101,25,14,11,2,2,0,11,6,5,5,2,3,2,1,1,4,3,1,1,0,1
56437102,2252,1124,1128,409,184,225,1020,566,454,494,211,283,16,8,8,134,55,79,179,100,79
56439701,159,80,79,14,7,7,56,33,23,54,22,32,1,0,1,29,15,14,5,3,2
56439702,17,8,9,0,0,0,8,5,3,8,3,5,0,0,0,0,0,0,1,0,1
56439703,69,33,36,13,7,6,20,9,11,22,11,11,0,0,0,12,5,7,2,1,1
56439704,379,190,189,71,32,39,159,94,65,97,41,56,3,2,1,31,11,20,18,10,8
56439705,26,16,10,1,0,1,10,7,3,10,4,6,0,0,0,4,4,0,1,1,0
56440102,29,17,12,3,3,0,8,7,1,10,4,6,0,0,0,5,2,3,3,1,2
56440103,98,53,45,6,2,4,33,21,12,20,9,11,3,0,3,24,13,11,12,8,4
54447701,1791,899,892,200,85,115,522,299,223,639,290,349,16,5,11,334,162,172,80,58,22
54447702,72,33,39,10,3,7,31,17,14,17,9,8,2,0,2,6,2,4,6,2,4
56442701,317,162,155,31,14,17,92,56,36,120,54,66,3,2,1,64,31,33,7,5,2
56442703,124,67,57,12,5,7,39,25,14,55,29,26,2,2,0,14,5,9,2,1,1
56442704,68,34,34,9,5,4,19,10,9,28,12,16,0,0,0,12,7,5,0,0,0
56442705,89,52,37,14,9,5,29,18,11,26,12,14,0,0,0,15,10,5,5,3,2
56442707,81,38,43,8,3,5,23,13,10,32,15,17,1,1,0,15,5,10,2,1,1
56442710,125,56,69,11,1,10,37,20,17,43,18,25,2,1,1,26,13,13,6,3,3
56443501,27,12,15,6,2,4,10,5,5,7,4,3,3,1,2,0,0,0,1,0,1
56443502,337,169,168,35,12,23,131,76,55,109,50,59,1,0,1,32,12,20,29,19,10
56444301,138,68,70,10,4,6,56,31,25,47,22,25,4,1,3,15,7,8,6,3,3
56444302,157,85,72,28,13,15,55,36,19,40,21,19,3,0,3,20,9,11,11,6,5
56445101,40,21,19,4,3,1,10,4,6,16,10,6,0,0,0,8,3,5,2,1,1
56445102,59,33,26,5,2,3,25,15,10,16,8,8,0,0,0,7,4,3,6,4,2
56445103,24,14,10,2,1,1,8,5,3,9,6,3,1,0,1,1,0,1,3,2,1
56445104,38,18,20,4,2,2,11,7,4,21,9,12,0,0,0,2,0,2,0,0,0
56445105,25,14,11,0,0,0,5,3,2,12,5,7,0,0,0,6,4,2,2,2,0
56446001,868,450,418,115,66,49,180,108,72,306,150,156,12,2,10,229,110,119,26,14,12
56446002,41,21,20,2,1,1,10,8,2,17,8,9,0,0,0,12,4,8,0,0,0
56446003,170,88,82,21,8,13,42,30,12,50,21,29,2,0,2,47,23,24,8,6,2
56449401,104,55,49,25,11,14,43,25,18,23,10,13,1,0,1,5,3,2,7,6,1
56449402,21,10,11,3,2,1,8,4,4,8,3,5,0,0,0,2,1,1,0,0,0
56449403,23,13,10,3,2,1,9,6,3,10,5,5,0,0,0,1,0,1,0,0,0
56449405,108,62,46,18,10,8,50,34,16,31,11,20,0,0,0,5,4,1,4,3,1
56449406,124,58,66,21,7,14,53,29,24,33,13,20,1,0,1,8,5,3,8,4,4
56449407,133,68,65,17,4,13,70,44,26,29,10,19,3,1,2,5,2,3,9,7,2
56449408,129,68,61,25,9,16,67,39,28,25,14,11,0,0,0,6,3,3,6,3,3
56449409,446,239,207,78,33,45,199,121,78,87,44,43,6,2,4,32,10,22,44,29,15
56451601,92,47,45,4,3,1,26,19,7,34,12,22,2,1,1,24,11,13,2,1,1
56451602,42,20,22,4,2,2,13,7,6,19,10,9,1,0,1,3,1,2,2,0,2
56451603,152,71,81,24,7,17,47,28,19,49,22,27,1,0,1,22,9,13,9,5,4
56453202,29,15,14,3,1,2,7,5,2,10,5,5,0,0,0,7,3,4,2,1,1
56453203,15,7,8,1,0,1,4,3,1,7,2,5,0,0,0,2,1,1,1,1,0
56453205,45,24,21,8,3,5,16,10,6,11,6,5,1,0,1,2,1,1,7,4,3
56453206,32,18,14,5,2,3,9,5,4,13,7,6,1,1,0,4,3,1,0,0,0
56453207,39,17,22,7,1,6,13,8,5,10,3,7,1,0,1,7,4,3,1,1,0
56453208,23,9,14,4,1,3,9,5,4,7,0,7,0,0,0,2,2,0,1,1,0
56453209,68,34,34,11,5,6,28,20,8,18,6,12,2,1,1,6,1,5,3,1,2
56453210,197,110,87,25,8,17,79,48,31,54,31,23,2,2,0,20,11,9,17,10,7
56453211,56,31,25,7,5,2,16,10,6,13,5,8,0,0,0,9,5,4,11,6,5
56454101,245,122,123,36,15,21,91,49,42,71,31,40,2,1,1,26,12,14,19,14,5
54460401,131,63,68,12,4,8,41,22,19,53,26,27,1,0,1,15,6,9,9,5,4
57697201,211,108,103,22,10,12,78,38,40,76,39,37,2,0,2,24,14,10,9,7,2
57698101,286,145,141,25,7,18,85,56,29,97,45,52,6,1,5,60,28,32,13,8,5
57698102,284,138,146,27,8,19,128,74,54,71,31,40,3,1,2,41,13,28,14,11,3
57698103,66,38,28,6,3,3,31,21,10,19,11,8,4,2,2,6,1,5,0,0,0
57698104,19,10,9,3,1,2,4,3,1,8,6,2,0,0,0,3,0,3,1,0,1
57698105,148,74,74,27,6,21,49,28,21,54,31,23,2,0,2,13,8,5,3,1,2
57698106,42,19,23,4,1,3,13,6,7,11,4,7,1,0,1,10,6,4,3,2,1
57698107,58,28,30,4,1,3,14,11,3,26,11,15,1,0,1,11,4,7,2,1,1
57699901,248,123,125,50,25,25,85,48,37,72,34,38,1,1,0,23,6,17,17,9,8
57699902,51,25,26,9,2,7,13,11,2,13,5,8,2,0,2,10,4,6,4,3,1
57699903,73,38,35,12,4,8,31,18,13,19,8,11,1,1,0,5,2,3,5,5,0
57699904,296,152,144,44,20,24,91,54,37,105,44,61,4,1,3,41,24,17,11,9,2
57700601,61,34,27,11,6,5,19,11,8,19,11,8,1,1,0,8,4,4,3,1,2
57700602,418,217,201,40,15,25,154,90,64,137,68,69,9,4,5,51,24,27,27,16,11
57701401,198,94,104,25,10,15,65,38,27,66,29,37,6,3,3,30,12,18,6,2,4
57703101,164,83,81,21,11,10,73,48,25,41,19,22,5,2,3,19,2,17,5,1,4
57704901,100,53,47,12,6,6,43,29,14,23,8,15,1,0,1,12,3,9,9,7,2
57705701,471,236,235,78,31,47,202,135,67,138,46,92,6,3,3,30,7,23,17,14,3
57707301,228,114,114,29,8,21,93,58,35,69,31,38,4,1,3,19,10,9,14,6,8
57707302,47,25,22,3,1,2,19,12,7,20,10,10,1,0,1,2,2,0,2,0,2
57707303,125,69,56,20,9,11,45,33,12,42,18,24,0,0,0,12,6,6,6,3,3
57707304,104,49,55,11,2,9,42,28,14,31,9,22,0,0,0,11,5,6,9,5,4
57711101,79,40,39,11,4,7,35,20,15,25,12,13,1,0,1,5,3,2,2,1,1
57420101,121,60,61,25,10,15,50,35,15,33,8,25,0,0,0,8,2,6,5,5,0
57420102,83,46,37,10,6,4,47,28,19,19,8,11,0,0,0,3,2,1,4,2,2
57712001,1070,529,541,139,49,90,395,237,158,339,149,190,15,5,10,123,54,69,59,35,24
57712002,435,218,217,59,23,36,168,97,71,128,59,69,8,3,5,67,32,35,5,4,1
57714601,23,16,7,3,1,2,6,5,1,10,7,3,0,0,0,2,2,0,2,1,1
57714602,86,41,45,14,4,10,32,21,11,25,8,17,2,1,1,7,3,4,6,4,2
57714604,77,37,40,9,2,7,31,21,10,26,11,15,1,0,1,9,2,7,1,1,0
57714605,28,15,13,1,0,1,12,7,5,8,5,3,1,1,0,6,2,4,0,0,0
57714606,248,127,121,22,5,17,90,53,37,78,40,38,3,1,2,35,20,15,20,8,12
57714607,31,14,17,7,1,6,13,10,3,8,3,5,0,0,0,3,0,3,0,0,0
57714608,19,12,7,1,1,0,9,6,3,3,1,2,0,0,0,6,4,2,0,0,0
57715401,592,302,290,68,30,38,230,147,83,176,66,110,12,3,9,80,39,41,26,17,9
57715403,76,37,39,9,3,6,26,16,10,28,11,17,0,0,0,9,5,4,4,2,2
57715404,18,7,11,3,1,2,3,2,1,7,2,5,0,0,0,5,2,3,0,0,0
57715405,33,17,16,6,4,2,11,6,5,8,3,5,1,1,0,7,3,4,0,0,0
57715406,38,19,19,5,2,3,6,3,3,20,10,10,0,0,0,5,3,2,2,1,1
57715407,32,16,16,3,2,1,11,5,6,10,6,4,0,0,0,6,2,4,2,1,1
0559212,0,0,0,0,0,0,0,0,0,0,0,0,0,0,0,0,0,0,0,0,0
3372770,0,0,0,0,0,0,0,0,0,0,0,0,0,0,0,0,0,0,0,0,0
57716201,61,26,35,13,6,7,24,14,10,16,3,13,1,0,1,6,2,4,1,1,0
57716203,24,10,14,4,1,3,4,4,0,12,3,9,0,0,0,4,2,2,0,0,0
57716204,23,13,10,4,2,2,8,5,3,6,3,3,0,0,0,3,2,1,2,1,1
57716205,23,15,8,3,2,1,11,8,3,4,1,3,0,0,0,4,3,1,1,1,0
57716206,27,13,14,4,1,3,12,8,4,3,2,1,2,0,2,3,1,2,3,1,2
57716207,54,24,30,7,3,4,16,11,5,13,3,10,4,2,2,13,5,8,1,0,1
57716208,851,423,428,123,48,75,345,196,149,272,126,146,7,5,2,65,22,43,39,26,13
57716209,23,12,11,8,3,5,10,8,2,2,1,1,1,0,1,2,0,2,0,0,0
57716210,33,21,12,7,2,5,16,13,3,10,6,4,0,0,0,0,0,0,0,0,0
57716212,99,49,50,13,6,7,53,28,25,21,13,8,3,0,3,6,1,5,3,1,2
57716213,29,15,14,5,1,4,13,10,3,10,4,6,0,0,0,1,0,1,0,0,0
57716214,69,29,40,22,7,15,30,17,13,9,3,6,0,0,0,1,0,1,7,2,5
57717102,399,214,185,59,29,30,179,106,73,106,50,56,4,0,4,33,19,14,18,10,8
57718901,45,22,23,8,3,5,13,11,2,18,4,14,1,1,0,3,1,2,2,2,0
57718903,41,22,19,11,7,4,15,10,5,10,3,7,0,0,0,3,1,2,2,1,1
57718905,117,66,51,25,9,16,44,33,11,33,14,19,1,0,1,9,8,1,5,2,3
3037120,0,0,0,0,0,0,0,0,0,0,0,0,0,0,0,0,0,0,0,0,0
3037210,0,0,0,0,0,0,0,0,0,0,0,0,0,0,0,0,0,0,0,0,0
3125170,0,0,0,0,0,0,0,0,0,0,0,0,0,0,0,0,0,0,0,0,0
3125250,0,0,0,0,0,0,0,0,0,0,0,0,0,0,0,0,0,0,0,0,0
57719701,586,307,279,76,31,45,179,123,56,198,93,105,15,4,11,96,44,52,22,12,10
57719703,427,224,203,50,25,25,150,87,63,139,64,75,9,5,4,68,36,32,11,7,4
57719705,590,302,288,50,21,29,201,119,82,202,91,111,12,4,8,87,38,49,38,29,9
57719706,491,253,238,67,39,28,134,78,56,175,74,101,6,1,5,69,32,37,40,29,11
57719707,643,298,345,63,26,37,161,100,61,228,88,140,17,6,11,154,67,87,20,11,9
57719708,1693,798,895,231,99,132,555,313,242,571,238,333,36,11,25,227,103,124,73,34,39
57720101,159,84,75,12,5,7,69,39,30,41,20,21,6,4,2,22,10,12,9,6,3
0633550,0,0,0,0,0,0,0,0,0,0,0,0,0,0,0,0,0,0,0,0,0
57721901,43,24,19,7,1,6,14,10,4,14,7,7,0,0,0,6,5,1,2,1,1
57721902,314,157,157,43,23,20,134,74,60,87,39,48,7,3,4,36,13,23,7,5,2
57721903,71,39,32,5,3,2,28,16,12,25,13,12,1,1,0,6,3,3,6,3,3
57721904,155,77,78,13,6,7,51,29,22,59,28,31,3,2,1,23,8,15,6,4,2
57721905,70,39,31,7,6,1,34,22,12,22,9,13,1,1,0,3,0,3,3,1,2
57722701,133,71,62,15,5,10,47,33,14,49,23,26,0,0,0,11,5,6,11,5,6
57722702,23,14,9,1,0,1,8,6,2,13,7,6,0,0,0,1,1,0,0,0,0
57723501,37,19,18,7,3,4,8,5,3,13,6,7,1,0,1,7,4,3,1,1,0
57723503,1013,487,526,168,61,107,446,254,192,264,107,157,20,7,13,57,24,33,58,34,24
57723505,280,133,147,42,12,30,117,75,42,80,32,48,2,0,2,35,14,21,4,0,4
57724301,393,203,190,60,19,41,147,95,52,123,63,60,8,3,5,43,15,28,12,8,4
54748401,151,79,72,16,5,11,69,37,32,39,20,19,5,3,2,12,7,5,10,7,3
54748402,25,11,14,4,0,4,5,3,2,9,4,5,0,0,0,2,1,1,5,3,2
57737501,237,123,114,35,12,23,100,69,31,65,22,43,6,1,5,20,12,8,11,7,4
57737502,51,27,24,11,3,8,21,16,5,13,5,8,2,1,1,3,2,1,1,0,1
57729401,764,385,379,94,37,57,302,170,132,224,105,119,17,6,11,67,33,34,60,34,26
57730801,37,23,14,6,2,4,8,8,0,6,3,3,2,1,1,9,6,3,6,3,3
57730802,62,35,27,8,5,3,29,18,11,17,8,9,1,1,0,6,2,4,1,1,0
57730803,55,26,29,5,1,4,20,12,8,12,5,7,3,2,1,12,5,7,3,1,2
57730804,3906,1921,1985,496,184,312,1375,788,587,1223,524,699,80,33,47,517,248,269,215,144,71
57730805,19,11,8,2,2,0,8,6,2,8,3,5,0,0,0,1,0,1,0,0,0
57730806,208,102,106,23,14,9,62,33,29,73,29,44,4,3,1,34,17,17,12,6,6
57730808,49,23,26,8,1,7,23,15,8,13,5,8,1,0,1,2,1,1,2,1,1
57730809,43,21,22,7,1,6,17,12,5,12,3,9,1,1,0,4,3,1,2,1,1
57730810,48,29,19,6,5,1,24,14,10,9,4,5,0,0,0,4,2,2,5,4,1
57730811,61,31,30,15,4,11,23,15,8,16,10,6,2,0,2,4,1,3,1,1,0
57730812,45,17,28,6,1,5,11,6,5,19,8,11,1,0,1,7,2,5,1,0,1
57730813,20,12,8,2,1,1,6,6,0,10,5,5,0,0,0,2,0,2,0,0,0
57730814,17,9,8,2,1,1,6,2,4,5,4,1,0,0,0,4,2,2,0,0,0
57340001,131,64,67,8,2,6,59,36,23,45,20,25,1,0,1,14,5,9,4,1,3
57341801,510,268,242,68,29,39,190,128,62,154,61,93,9,1,8,65,34,31,24,15,9
57731601,110,58,52,5,1,4,33,24,9,48,22,26,3,1,2,15,6,9,6,4,2
57731602,151,65,86,19,5,14,60,29,31,38,17,21,1,0,1,20,9,11,13,5,8
57731603,77,41,36,11,6,5,24,18,6,27,8,19,0,0,0,9,6,3,6,3,3
57731604,23,13,10,2,1,1,7,3,4,4,2,2,1,1,0,5,4,1,4,2,2
57731605,41,23,18,4,1,3,14,7,7,12,9,3,0,0,0,6,3,3,5,3,2
57731606,22,12,10,1,1,0,12,6,6,5,2,3,0,0,0,4,3,1,0,0,0
57731607,39,18,21,5,2,3,14,8,6,12,4,8,1,1,0,6,2,4,1,1,0
57731608,67,38,29,10,7,3,16,7,9,21,12,9,5,0,5,9,8,1,6,4,2
57731609,35,17,18,3,1,2,11,8,3,12,6,6,0,0,0,7,1,6,2,1,1
57731610,31,17,14,3,1,2,7,5,2,12,6,6,0,0,0,7,4,3,2,1,1
57731611,26,16,10,4,3,1,15,10,5,3,2,1,1,0,1,2,1,1,1,0,1
57731612,163,85,78,28,11,17,53,33,20,53,30,23,4,0,4,20,8,12,5,3,2
57731613,88,41,47,10,4,6,29,18,11,26,9,17,1,0,1,21,9,12,1,1,0
57731614,34,17,17,7,2,5,10,5,5,11,7,4,0,0,0,5,2,3,1,1,0
57731615,33,15,18,5,1,4,9,6,3,14,7,7,0,0,0,5,1,4,0,0,0
57731616,39,19,20,12,6,6,12,8,4,5,1,4,1,0,1,9,4,5,0,0,0
57731617,42,19,23,8,2,6,18,11,7,11,5,6,1,0,1,3,1,2,1,0,1
57731618,109,51,58,19,10,9,34,19,15,31,13,18,2,0,2,15,4,11,8,5,3
57731619,16,8,8,3,1,2,8,5,3,4,2,2,1,0,1,0,0,0,0,0,0
57731620,84,39,45,9,3,6,29,16,13,26,10,16,3,2,1,16,8,8,1,0,1
57731621,191,92,99,17,8,9,82,52,30,52,15,37,3,0,3,28,12,16,9,5,4
57732401,181,90,91,24,10,14,67,42,25,51,20,31,3,0,3,28,13,15,8,5,3
57732402,173,86,87,20,9,11,70,43,27,50,19,31,2,1,1,23,10,13,8,4,4
57733201,477,254,223,62,24,38,184,117,67,149,71,78,7,2,5,49,23,26,26,17,9
57734101,510,252,258,65,23,42,190,100,90,167,88,79,7,2,5,51,26,25,30,13,17
57735901,923,466,457,97,37,60,296,179,117,313,145,168,16,3,13,144,63,81,57,39,18
57736702,133,66,67,14,3,11,64,43,21,33,11,22,3,1,2,16,7,9,3,1,2
57736703,36,16,20,5,2,3,10,6,4,14,4,10,1,0,1,6,4,2,0,0,0
54747601,128,60,68,21,3,18,45,31,14,41,17,24,3,0,3,13,6,7,5,3,2
54747602,66,38,28,9,2,7,20,14,6,21,11,10,0,0,0,10,7,3,6,4,2
54747603,35,16,19,6,0,6,8,5,3,17,8,9,0,0,0,4,3,1,0,0,0
57739101,217,114,103,26,8,18,82,57,25,62,29,33,5,1,4,29,12,17,13,7,6
57740501,30,18,12,4,1,3,12,7,5,6,4,2,0,0,0,3,3,0,5,3,2
57740502,20,12,8,0,0,0,6,4,2,5,4,1,1,0,1,8,4,4,0,0,0
57740504,112,50,62,18,6,12,46,25,21,28,10,18,2,0,2,11,7,4,7,2,5
57740505,735,373,362,125,45,80,289,178,111,198,95,103,11,3,8,68,29,39,44,23,21
57741301,715,367,348,80,28,52,241,154,87,240,104,136,18,9,9,94,43,51,42,29,13
57741302,96,48,48,6,6,0,31,17,14,39,20,19,3,0,3,16,4,12,1,1,0
57742101,161,88,73,27,11,16,78,49,29,38,16,22,0,0,0,10,6,4,8,6,2
57742102,47,23,24,8,2,6,19,13,6,13,6,7,1,0,1,3,0,3,3,2,1
57743001,55,28,27,9,3,6,14,9,5,15,7,8,1,0,1,15,8,7,1,1,0
57743003,148,81,67,23,11,12,59,40,19,41,21,20,3,2,1,14,4,10,8,3,5
57743004,92,45,47,16,4,12,35,20,15,26,15,11,0,0,0,9,2,7,6,4,2
57743005,75,43,32,14,6,8,34,25,9,18,9,9,1,0,1,7,3,4,1,0,1
57744801,82,48,34,10,6,4,26,17,9,27,15,12,0,0,0,15,8,7,4,2,2
1409702,0,0,0,0,0,0,0,0,0,0,0,0,0,0,0,0,0,0,0,0,0
57745601,688,320,368,122,40,82,285,161,124,197,82,115,10,2,8,58,27,31,16,8,8
57745602,68,29,39,13,1,12,31,20,11,16,4,12,2,1,1,3,2,1,3,1,2
57745604,51,30,21,5,3,2,22,17,5,18,8,10,0,0,0,6,2,4,0,0,0
57745605,1277,648,629,185,64,121,457,275,182,375,162,213,24,10,14,157,77,80,79,60,19
57745607,63,34,29,10,5,5,17,12,5,20,8,12,0,0,0,9,4,5,7,5,2
57745609,14,8,6,0,0,0,0,0,0,5,3,2,0,0,0,8,4,4,1,1,0
57746401,209,102,107,28,8,20,68,41,27,71,36,35,5,2,3,28,10,18,9,5,4
57747201,27,12,15,3,0,3,7,5,2,10,4,6,0,0,0,7,3,4,0,0,0
57747202,40,19,21,5,1,4,15,9,6,11,4,7,1,0,1,7,5,2,1,0,1
57747203,34,15,19,5,1,4,14,9,5,11,3,8,0,0,0,2,1,1,2,1,1
57747204,18,8,10,2,0,2,7,3,4,6,3,3,0,0,0,3,2,1,0,0,0
57747205,924,465,459,134,62,72,340,210,130,284,125,159,12,3,9,102,40,62,52,25,27
57747206,40,23,17,3,1,2,17,12,5,6,2,4,2,0,2,5,2,3,7,6,1
57749901,854,420,434,127,48,79,312,185,127,266,122,144,21,5,16,97,41,56,31,19,12
57748101,83,44,39,18,9,9,31,18,13,20,11,9,2,2,0,10,2,8,2,2,0
57748102,19,10,9,6,4,2,10,4,6,1,1,0,0,0,0,2,1,1,0,0,0
57696401,281,134,147,30,10,20,77,47,30,112,49,63,3,1,2,45,20,25,14,7,7
57696402,1888,855,1033,267,88,179,683,350,333,590,254,336,31,15,16,214,93,121,103,55,48
57696403,986,435,551,206,81,125,352,171,181,260,102,158,4,3,1,84,35,49,80,43,37
57696404,302,152,150,37,12,25,128,76,52,83,37,46,4,2,2,39,19,20,11,6,5
57696405,114,59,55,14,3,11,45,27,18,32,17,15,0,0,0,16,7,9,7,5,2
57696406,673,303,370,132,61,71,245,112,133,175,76,99,13,5,8,61,27,34,47,22,25
57696407,272,139,133,34,17,17,89,57,32,89,34,55,9,3,6,38,17,21,13,11,2
57696408,33,18,15,5,4,1,14,9,5,10,3,7,0,0,0,3,1,2,1,1,0
57696409,34,19,15,5,0,5,14,10,4,11,7,4,1,0,1,2,1,1,1,1,0
57696410,36,20,16,4,3,1,16,10,6,12,5,7,0,0,0,4,2,2,0,0,0
57696411,111,52,59,17,6,11,32,17,15,41,24,17,0,0,0,16,4,12,5,1,4
57696412,393,190,203,37,16,21,153,81,72,119,52,67,6,3,3,52,26,26,26,12,14
57696413,153,74,79,20,7,13,49,31,18,43,18,25,3,1,2,33,13,20,5,4,1
57696414,874,459,415,129,55,74,277,160,117,235,114,121,14,2,12,98,48,50,121,80,41
57696415,48,23,25,14,5,9,19,9,10,9,6,3,0,0,0,1,0,1,5,3,2
57696416,42,20,22,5,2,3,14,8,6,16,8,8,0,0,0,6,1,5,1,1,0
57696417,500,248,252,68,31,37,116,66,50,181,84,97,9,4,5,115,55,60,11,8,3
57752901,93,52,41,16,10,6,35,24,11,24,11,13,3,1,2,10,4,6,5,2,3
57752902,69,34,35,8,2,6,28,18,10,20,9,11,0,0,0,9,3,6,4,2,2
57752903,61,32,29,4,0,4,22,13,9,22,11,11,4,2,2,3,2,1,6,4,2
57752904,152,71,81,24,11,13,71,40,31,30,10,20,0,0,0,15,3,12,12,7,5
57752905,43,19,24,2,0,2,17,9,8,18,7,11,0,0,0,4,2,2,2,1,1
57752906,130,65,65,18,7,11,51,30,21,30,13,17,2,1,1,13,6,7,16,8,8
57752908,15,8,7,0,0,0,5,3,2,3,2,1,0,0,0,5,2,3,2,1,1
57754502,41,20,21,6,3,3,18,11,7,12,3,9,0,0,0,3,2,1,2,1,1
57754503,429,217,212,72,26,46,198,118,80,109,52,57,8,3,5,27,9,18,15,9,6
57754504,89,45,44,9,2,7,43,28,15,29,11,18,1,1,0,3,1,2,4,2,2
57755301,147,74,73,31,11,20,52,31,21,40,22,18,2,0,2,9,4,5,13,6,7
57755302,1000,492,508,144,43,101,354,215,139,298,137,161,17,7,10,155,74,81,32,16,16
57755303,347,175,172,75,28,47,132,87,45,98,43,55,5,1,4,31,13,18,6,3,3
57756101,88,51,37,8,5,3,51,28,23,15,8,7,0,0,0,6,4,2,8,6,2
57756102,56,31,25,3,3,0,33,18,15,10,5,5,1,1,0,3,1,2,6,3,3
57757001,126,66,60,15,8,7,46,28,18,46,20,26,1,0,1,16,8,8,2,2,0
57757003,72,35,37,15,6,9,22,14,8,23,7,16,3,2,1,7,5,2,2,1,1
57759601,379,190,189,43,11,32,155,98,57,117,50,67,9,2,7,40,20,20,15,9,6
57759602,23,11,12,4,2,2,10,5,5,7,3,4,0,0,0,2,1,1,0,0,0
57759603,43,21,22,3,1,2,18,9,9,13,7,6,2,0,2,4,2,2,3,2,1
57759604,26,13,13,1,0,1,10,6,4,7,2,5,0,0,0,7,4,3,1,1,0
57760002,23,10,13,2,1,1,8,3,5,9,4,5,0,0,0,1,0,1,3,2,1
57760003,63,33,30,8,2,6,21,16,5,21,10,11,2,1,1,7,3,4,4,1,3
1717270,0,0,0,0,0,0,0,0,0,0,0,0,0,0,0,0,0,0,0,0,0
57762601,109,57,52,15,8,7,38,23,15,31,15,16,0,0,0,14,7,7,11,4,7
57762602,33,15,18,5,0,5,9,8,1,16,5,11,0,0,0,0,0,0,3,2,1
57762604,253,135,118,23,13,10,99,54,45,89,48,41,3,0,3,31,14,17,8,6,2
57762607,1003,470,533,108,40,68,360,192,168,362,150,212,17,6,11,124,64,60,32,18,14
57762608,451,217,234,53,23,30,142,84,58,143,61,82,14,4,10,87,39,48,12,6,6
57762610,105,51,54,13,6,7,37,19,18,46,22,24,1,1,0,7,3,4,1,0,1
57762611,72,34,38,10,4,6,16,9,7,31,14,17,1,0,1,12,5,7,2,2,0
57762612,73,32,41,9,3,6,29,18,11,26,8,18,0,0,0,8,3,5,1,0,1
57762613,231,110,121,32,17,15,72,43,29,83,33,50,3,1,2,38,16,22,3,0,3
57762614,40,16,24,6,1,5,7,6,1,19,4,15,1,0,1,7,5,2,0,0,0
57762615,30,15,15,1,1,0,16,8,8,10,3,7,0,0,0,1,1,0,2,2,0
57762616,22,11,11,3,0,3,5,3,2,9,5,4,0,0,0,5,3,2,0,0,0
57762617,90,46,44,11,5,6,30,14,16,36,20,16,2,0,2,6,3,3,5,4,1
57762618,959,463,496,87,30,57,291,164,127,390,176,214,21,12,9,143,66,77,27,15,12
57762619,23,16,7,4,2,2,12,10,2,7,4,3,0,0,0,0,0,0,0,0,0
57762620,2199,1025,1174,290,104,186,756,389,367,676,287,389,38,17,21,282,136,146,157,92,65
57762621,126,54,72,22,4,18,40,25,15,41,16,25,4,2,2,13,4,9,6,3,3
57762622,1424,738,686,146,71,75,397,219,178,448,212,236,49,26,23,233,106,127,151,104,47
57762623,99,42,57,17,3,14,26,14,12,30,13,17,2,0,2,19,10,9,5,2,3
57762624,1853,868,985,235,87,148,551,297,254,618,259,359,35,15,20,315,157,158,99,53,46
57762625,371,176,195,36,8,28,138,74,64,124,59,65,6,4,2,52,22,30,15,9,6
57762626,2434,1127,1307,278,114,164,636,311,325,845,365,480,42,14,28,528,266,262,105,57,48
57762627,82,39,43,3,0,3,37,23,14,23,8,15,5,2,3,10,5,5,4,1,3
57762628,42,20,22,3,1,2,15,8,7,14,6,8,1,0,1,6,3,3,3,2,1
1805562,0,0,0,0,0,0,0,0,0,0,0,0,0,0,0,0,0,0,0,0,0
57764202,53,25,28,5,3,2,23,11,12,15,6,9,1,0,1,4,1,3,5,4,1
57764203,80,44,36,9,4,5,28,19,9,30,14,16,2,2,0,8,3,5,3,2,1
57764204,27,15,12,3,1,2,14,8,6,5,3,2,1,1,0,2,1,1,2,1,1
57764205,29,11,18,6,0,6,10,6,4,8,2,6,0,0,0,4,2,2,1,1,0
57765101,182,94,88,26,8,18,81,49,32,54,28,26,2,1,1,12,4,8,7,4,3
57765102,484,230,254,67,22,45,148,97,51,165,67,98,8,2,6,64,25,39,32,17,15
57765103,67,37,30,14,5,9,22,19,3,18,6,12,0,0,0,9,5,4,4,2,2
57766903,264,140,124,32,9,23,101,69,32,84,41,43,4,0,4,29,15,14,14,6,8
57766904,29,14,15,1,0,1,5,3,2,15,7,8,0,0,0,5,2,3,3,2,1
57767701,72,36,36,5,3,2,29,20,9,23,7,16,0,0,0,10,4,6,5,2,3
57767702,82,38,44,10,3,7,29,16,13,30,12,18,5,3,2,7,3,4,1,1,0
57767703,334,164,170,35,13,22,136,73,63,94,45,49,12,4,8,36,16,20,21,13,8
57768501,31,16,15,2,0,2,8,6,2,16,8,8,0,0,0,5,2,3,0,0,0
57768503,59,31,28,7,1,6,15,9,6,16,8,8,2,0,2,13,8,5,6,5,1
57768504,264,135,129,23,8,15,112,67,45,70,31,39,2,2,0,36,17,19,21,10,11
57769301,29,15,14,6,3,3,17,12,5,3,0,3,0,0,0,3,0,3,0,0,0
57769302,147,75,72,20,8,12,61,40,21,33,11,22,2,0,2,23,11,12,8,5,3
57769303,43,21,22,13,4,9,12,9,3,11,5,6,1,0,1,6,3,3,0,0,0
57769304,108,57,51,18,6,12,44,34,10,28,9,19,3,0,3,15,8,7,0,0,0
57769305,698,351,347,101,40,61,239,148,91,219,93,126,10,4,6,92,42,50,37,24,13
57770701,67,37,30,6,3,3,32,19,13,19,10,9,1,1,0,4,2,2,5,2,3
57770702,71,40,31,4,1,3,32,20,12,24,11,13,1,0,1,5,4,1,5,4,1
57770703,46,27,19,8,5,3,20,12,8,10,4,6,2,1,1,5,4,1,1,1,0
57770704,153,72,81,18,4,14,65,41,24,46,18,28,5,0,5,6,1,5,13,8,5
57770705,88,47,41,18,6,12,32,21,11,27,13,14,1,0,1,4,3,1,6,4,2
57772301,73,35,38,11,5,6,29,17,12,17,4,13,1,1,0,7,3,4,8,5,3
57772302,71,36,35,11,4,7,23,13,10,20,8,12,0,0,0,8,4,4,9,7,2
56982801,141,75,66,10,4,6,62,40,22,48,25,23,3,1,2,14,2,12,4,3,1
56982802,17,10,7,1,0,1,10,6,4,2,2,0,0,0,0,2,1,1,2,1,1
56983601,218,109,109,25,9,16,78,50,28,64,27,37,4,0,4,32,12,20,15,11,4
56985201,333,165,168,34,15,19,88,52,36,112,51,61,8,3,5,82,39,43,9,5,4
56986101,96,52,44,8,4,4,30,18,12,30,14,16,3,0,3,18,11,7,7,5,2
56987901,329,160,169,37,18,19,91,53,38,125,50,75,3,1,2,64,32,32,9,6,3
56988701,164,82,82,18,9,9,61,36,25,51,22,29,3,0,3,15,4,11,16,11,5
56988702,174,88,86,16,7,9,67,38,29,60,28,32,1,0,1,27,13,14,3,2,1
56988703,88,43,45,9,4,5,39,23,16,29,11,18,1,0,1,7,3,4,3,2,1
56988705,63,31,32,10,4,6,32,16,16,16,7,9,0,0,0,5,4,1,0,0,0
56991701,133,69,64,13,5,8,43,22,21,48,26,22,0,0,0,18,7,11,11,9,2
56991702,1602,795,807,165,64,101,515,300,215,549,238,311,38,11,27,245,123,122,90,59,31
56991703,176,93,83,25,12,13,56,34,22,59,31,28,2,1,1,26,9,17,8,6,2
56992501,943,432,511,157,53,104,351,179,172,259,100,159,15,5,10,96,53,43,65,42,23
56993301,134,68,66,19,7,12,35,20,15,43,22,21,2,1,1,26,11,15,9,7,2
56994101,201,104,97,28,15,13,53,29,24,62,28,34,5,1,4,46,24,22,7,7,0
56996801,392,205,187,43,18,25,144,91,53,131,50,81,4,1,3,40,21,19,30,24,6
56996802,65,29,36,6,3,3,29,13,16,24,10,14,2,1,1,4,2,2,0,0,0
56997601,166,84,82,11,4,7,63,32,31,63,34,29,4,2,2,20,8,12,5,4,1
56997602,55,28,27,23,12,11,14,8,6,10,5,5,3,0,3,4,2,2,1,1,0
56997603,76,36,40,8,3,5,26,11,15,24,16,8,6,2,4,12,4,8,0,0,0
56997604,59,30,29,7,2,5,20,12,8,19,11,8,0,0,0,6,2,4,7,3,4
56998401,299,155,144,29,17,12,106,67,39,86,37,49,9,5,4,55,21,34,14,8,6
56998403,54,31,23,9,4,5,24,16,8,16,8,8,1,1,0,3,1,2,1,1,0
56998405,93,45,48,10,5,5,21,11,10,30,11,19,2,0,2,30,18,12,0,0,0
56998406,176,88,88,17,7,10,60,32,28,57,29,28,2,0,2,28,13,15,12,7,5
56999201,264,147,117,32,16,16,104,62,42,89,49,40,3,2,1,25,12,13,11,6,5
57000101,360,175,185,51,18,33,141,83,58,93,39,54,8,3,5,33,12,21,34,20,14
57000102,209,103,106,33,10,23,96,54,42,56,25,31,2,1,1,14,9,5,8,4,4
57001001,137,73,64,14,8,6,49,33,16,53,22,31,1,1,0,15,6,9,5,3,2
57002801,445,223,222,64,19,45,176,111,65,128,59,69,9,1,8,47,20,27,21,13,8
57002802,297,152,145,30,15,15,82,46,36,106,53,53,5,2,3,68,35,33,6,1,5
57004401,397,193,204,77,35,42,141,75,66,109,48,61,4,2,2,39,16,23,27,17,10
57004402,18,10,8,3,2,1,4,3,1,11,5,6,0,0,0,0,0,0,0,0,0
57004403,51,27,24,10,6,4,17,12,5,15,5,10,2,0,2,7,4,3,0,0,0
57004404,98,52,46,17,5,12,45,28,17,19,9,10,2,1,1,9,6,3,6,3,3
0469903,0,0,0,0,0,0,0,0,0,0,0,0,0,0,0,0,0,0,0,0,0
3034452,0,0,0,0,0,0,0,0,0,0,0,0,0,0,0,0,0,0,0,0,0
3034960,0,0,0,0,0,0,0,0,0,0,0,0,0,0,0,0,0,0,0,0,0
3035180,0,0,0,0,0,0,0,0,0,0,0,0,0,0,0,0,0,0,0,0,0
3067380,0,0,0,0,0,0,0,0,0,0,0,0,0,0,0,0,0,0,0,0,0
3120700,0,0,0,0,0,0,0,0,0,0,0,0,0,0,0,0,0,0,0,0,0
3121000,0,0,0,0,0,0,0,0,0,0,0,0,0,0,0,0,0,0,0,0,0
3213710,0,0,0,0,0,0,0,0,0,0,0,0,0,0,0,0,0,0,0,0,0
3214011,0,0,0,0,0,0,0,0,0,0,0,0,0,0,0,0,0,0,0,0,0
3214782,0,0,0,0,0,0,0,0,0,0,0,0,0,0,0,0,0,0,0,0,0
3214940,0,0,0,0,0,0,0,0,0,0,0,0,0,0,0,0,0,0,0,0,0
3309220,0,0,0,0,0,0,0,0,0,0,0,0,0,0,0,0,0,0,0,0,0
56981001,297,156,141,43,24,19,91,55,36,89,41,48,6,1,5,31,11,20,37,24,13
56981002,19,11,8,2,1,1,6,5,1,5,3,2,0,0,0,6,2,4,0,0,0
56981003,442,213,229,57,27,30,145,82,63,155,69,86,3,2,1,69,27,42,13,6,7
56981004,2903,1293,1610,330,128,202,858,414,444,958,389,569,40,15,25,537,256,281,180,91,89
56981005,995,483,512,101,38,63,227,123,104,379,174,205,7,3,4,260,133,127,21,12,9
56981006,2516,1166,1350,266,105,161,574,305,269,988,416,572,42,16,26,570,284,286,76,40,36
56981007,77,35,42,6,0,6,28,15,13,31,13,18,0,0,0,12,7,5,0,0,0
56981008,1997,880,1117,229,93,136,547,269,278,710,285,425,32,11,21,391,182,209,88,40,48
56981009,59,29,30,14,7,7,17,5,12,17,10,7,0,0,0,3,1,2,8,6,2
56981010,134,65,69,16,6,10,37,21,16,40,16,24,1,1,0,37,19,18,3,2,1
56981011,1607,725,882,184,54,130,373,186,187,530,224,306,15,6,9,480,246,234,25,9,16
56981012,1355,623,732,100,38,62,355,184,171,502,210,292,29,12,17,332,156,176,37,23,14
56981013,3992,1885,2107,319,133,186,954,495,459,1538,679,859,73,27,46,941,466,475,167,85,82
56981015,2341,1100,1241,189,85,104,544,292,252,890,366,524,37,15,22,600,294,306,81,48,33
56981017,1195,549,646,94,40,54,141,73,68,389,166,223,25,7,18,511,242,269,35,21,14
56981018,45,26,19,8,5,3,10,6,4,14,8,6,1,0,1,8,5,3,4,2,2
56981019,1670,809,861,186,88,98,388,225,163,593,256,337,33,13,20,386,192,194,84,35,49
56981021,499,258,241,57,27,30,133,69,64,168,83,85,4,4,0,81,37,44,56,38,18
56981022,744,369,375,98,51,47,204,113,91,245,108,137,8,1,7,177,87,90,12,9,3
56981023,929,442,487,73,19,54,283,155,128,349,161,188,10,7,3,182,81,101,32,19,13
56981024,549,272,277,50,25,25,186,112,74,182,77,105,8,1,7,99,44,55,24,13,11
56981025,57,26,31,7,3,4,21,11,10,21,7,14,0,0,0,5,3,2,3,2,1
56981028,1518,742,776,165,65,100,420,243,177,537,241,296,19,4,15,286,143,143,91,46,45
56981029,223,112,111,21,12,9,47,25,22,81,41,40,6,2,4,54,24,30,14,8,6
56981030,158,81,77,19,8,11,59,33,26,50,27,23,4,1,3,23,11,12,3,1,2
56981031,62,27,35,5,0,5,11,5,6,31,12,19,0,0,0,14,9,5,1,1,0
56981032,1449,694,755,166,63,103,422,234,188,504,231,273,25,5,20,293,141,152,39,20,19
56981034,231,214,17,75,69,6,86,81,5,30,25,5,0,0,0,2,2,0,38,37,1
56981036,2005,949,1056,204,82,122,480,241,239,753,330,423,37,18,19,475,246,229,56,32,24
56981038,21,14,7,2,0,2,3,1,2,9,8,1,0,0,0,4,2,2,3,3,0
56981039,51,26,25,11,6,5,18,9,9,15,7,8,1,1,0,3,1,2,3,2,1
56981040,728,358,370,74,29,45,104,57,47,256,125,131,4,1,3,266,131,135,24,15,9
56981041,344,176,168,38,23,15,126,69,57,122,56,66,5,2,3,48,23,25,5,3,2
56981042,644,330,314,69,29,40,209,119,90,196,97,99,4,2,2,145,72,73,21,11,10
56981043,687,342,345,81,46,35,160,78,82,265,129,136,12,7,5,145,69,76,24,13,11
56981044,193,90,103,20,5,15,53,33,20,66,27,39,4,2,2,45,22,23,5,1,4
56981045,2018,977,1041,232,112,120,446,248,198,700,323,377,34,11,23,553,255,298,53,28,25
56981046,139,70,69,16,6,10,52,29,23,46,23,23,3,1,2,17,8,9,5,3,2
56981047,167,75,92,11,3,8,26,12,14,74,33,41,1,1,0,40,19,21,15,7,8
56981048,1469,918,551,157,95,62,256,172,84,323,172,151,17,2,15,217,104,113,499,373,126
56981050,1038,454,584,102,41,61,229,111,118,360,140,220,21,9,12,279,126,153,47,27,20
56981051,2058,1051,1007,264,146,118,510,296,214,673,329,344,42,15,27,460,216,244,109,49,60
56981052,1053,494,559,95,38,57,254,130,124,362,161,201,24,8,16,251,114,137,67,43,24
56981054,747,329,418,78,34,44,176,78,98,291,121,170,13,7,6,152,68,84,37,21,16
56981055,1128,565,563,92,49,43,178,102,76,458,227,231,26,8,18,311,140,171,63,39,24
56981056,3129,1484,1645,341,152,189,568,310,258,1045,452,593,60,20,40,871,398,473,244,152,92
56981057,200,95,105,16,7,9,37,18,19,73,31,42,3,1,2,52,28,24,19,10,9
56981058,778,328,450,61,25,36,163,86,77,403,155,248,10,5,5,119,49,70,22,8,14
56981059,91,43,48,8,4,4,8,2,6,32,14,18,0,0,0,39,20,19,4,3,1
56981061,782,369,413,99,40,59,211,116,95,264,109,155,13,6,7,161,75,86,34,23,11
56981062,2148,1036,1112,228,92,136,449,247,202,790,366,424,32,11,21,591,285,306,58,35,23
56981063,51,21,30,2,0,2,7,3,4,15,6,9,2,1,1,21,9,12,4,2,2
56981064,628,290,338,76,34,42,133,71,62,225,97,128,14,4,10,152,71,81,28,13,15
56981065,3726,1646,2080,371,142,229,973,446,527,1318,555,763,81,30,51,811,380,431,172,93,79
56981066,2534,1218,1316,247,116,131,518,268,250,956,432,524,38,18,20,707,352,355,68,32,36
56981067,432,219,213,50,25,25,112,58,54,138,75,63,10,3,7,86,40,46,36,18,18
56981068,1775,855,920,176,87,89,339,186,153,623,270,353,29,14,15,511,235,276,97,63,34
56981069,1899,889,1010,220,86,134,466,232,234,647,293,354,31,16,15,406,191,215,129,71,58
56981070,153,75,78,14,5,9,47,27,20,59,26,33,1,1,0,28,13,15,4,3,1
56981071,1617,732,885,150,53,97,449,214,235,617,271,346,25,6,19,314,149,165,62,39,23
56981072,117,59,58,13,7,6,50,31,19,37,14,23,0,0,0,15,6,9,2,1,1
56981073,132,76,56,9,5,4,31,16,15,57,34,23,1,1,0,29,17,12,5,3,2
56981074,1827,827,1000,191,72,119,533,269,264,679,289,390,30,10,20,309,143,166,85,44,41
56981075,165,80,85,17,7,10,61,38,23,38,17,21,4,2,2,37,13,24,8,3,5
56981076,3860,1777,2083,378,153,225,1008,528,480,1441,604,837,55,18,37,824,383,441,154,91,63
56981078,447,214,233,47,17,30,77,29,48,191,96,95,10,5,5,108,60,48,14,7,7
56981079,1538,750,788,80,35,45,178,88,90,526,271,255,47,13,34,649,302,347,58,41,17
56981080,229,115,114,24,8,16,45,30,15,91,40,51,3,1,2,64,35,29,2,1,1
56981081,1207,583,624,96,42,54,290,161,129,474,211,263,20,5,15,303,154,149,24,10,14
56981082,2406,1131,1275,228,95,133,589,331,258,895,355,540,48,16,32,556,294,262,90,40,50
56981083,30,26,4,3,3,0,2,2,0,2,0,2,0,0,0,0,0,0,23,21,2
56981084,156,78,78,7,5,2,18,10,8,62,29,33,3,2,1,56,26,30,10,6,4
56981085,4201,1923,2278,397,156,241,953,473,480,1576,671,905,92,34,58,1050,519,531,133,70,63
57005201,154,80,74,23,8,15,68,42,26,41,19,22,1,0,1,19,9,10,2,2,0
57008701,336,144,192,59,10,49,133,75,58,87,36,51,5,1,4,38,14,24,14,8,6
57362101,168,87,81,16,9,7,37,23,14,57,24,33,3,2,1,47,25,22,8,4,4
57362102,35,17,18,3,1,2,8,5,3,12,6,6,0,0,0,3,0,3,9,5,4
57010901,81,41,40,8,3,5,37,24,13,27,13,14,1,0,1,7,1,6,1,0,1
57010902,77,39,38,12,5,7,33,19,14,18,9,9,0,0,0,10,5,5,4,1,3
57010903,138,68,70,23,8,15,59,36,23,35,13,22,2,2,0,13,5,8,6,4,2
57010904,99,52,47,16,5,11,50,32,18,26,12,14,1,0,1,5,2,3,1,1,0
57010905,638,344,294,100,50,50,193,112,81,164,81,83,15,9,6,70,30,40,96,62,34
57010906,181,89,92,32,14,18,57,30,27,58,26,32,2,0,2,28,18,10,4,1,3
57010907,318,132,186,58,20,38,64,34,30,81,33,48,6,2,4,64,32,32,45,11,34
57010908,661,320,341,87,37,50,235,141,94,211,87,124,9,3,6,81,36,45,38,16,22
57010909,2470,1203,1267,274,108,166,809,461,348,859,387,472,37,16,21,389,176,213,102,55,47
57012501,202,98,104,25,8,17,76,44,32,61,29,32,5,2,3,26,11,15,9,4,5
57013301,401,203,198,54,22,32,143,88,55,117,49,68,3,1,2,56,27,29,28,16,12
57635201,257,133,124,18,8,10,96,58,38,89,36,53,3,1,2,38,22,16,13,8,5
57015001,155,82,73,18,5,13,54,34,20,59,28,31,1,1,0,15,8,7,8,6,2
57016801,275,133,142,48,18,30,132,76,56,62,22,40,2,1,1,16,9,7,15,7,8
57016802,60,30,30,6,1,5,32,18,14,16,6,10,0,0,0,4,4,0,2,1,1
57371001,203,104,99,28,14,14,84,51,33,61,28,33,6,3,3,18,5,13,6,3,3
57017601,299,149,150,32,15,17,113,62,51,95,39,56,7,2,5,49,28,21,3,3,0
57018401,284,143,141,30,4,26,112,69,43,82,42,40,6,2,4,38,16,22,16,10,6
57019201,36,17,19,10,2,8,13,12,1,11,3,8,0,0,0,2,0,2,0,0,0
57019202,163,78,85,24,8,16,81,42,39,38,18,20,4,1,3,7,3,4,9,6,3
57019203,77,40,37,8,5,3,39,24,15,15,5,10,1,1,0,9,2,7,5,3,2
57019204,48,22,26,8,3,5,22,12,10,14,5,9,0,0,0,3,1,2,1,1,0
57020601,462,224,238,56,21,35,188,109,79,148,67,81,4,0,4,54,19,35,12,8,4
57020602,50,27,23,6,2,4,18,12,6,15,8,7,1,0,1,8,4,4,2,1,1
57021401,285,141,144,25,13,12,135,74,61,71,27,44,3,1,2,39,18,21,12,8,4
57643301,46,19,27,18,3,15,7,4,3,9,4,5,0,0,0,11,7,4,1,1,0
57643302,204,100,104,26,10,16,72,38,34,70,33,37,4,1,3,26,14,12,6,4,2
57643303,32,13,19,2,0,2,10,6,4,11,4,7,0,0,0,7,1,6,2,2,0
57022201,177,91,86,27,10,17,59,35,24,62,31,31,2,1,1,20,9,11,7,5,2
57023101,81,36,45,16,5,11,24,12,12,23,11,12,0,0,0,18,8,10,0,0,0
57023102,693,343,350,55,27,28,246,136,110,243,114,129,16,3,13,113,56,57,20,7,13
57024901,638,317,321,74,26,48,207,127,80,197,84,113,7,2,5,114,55,59,39,23,16
57024902,75,37,38,7,4,3,31,19,12,25,8,17,1,0,1,10,5,5,1,1,0
57025701,20,8,12,2,0,2,5,2,3,6,4,2,0,0,0,6,2,4,1,0,1
57025702,26,13,13,4,0,4,4,3,1,9,5,4,1,0,1,8,5,3,0,0,0
57025703,96,45,51,11,5,6,38,19,19,31,14,17,0,0,0,12,6,6,4,1,3
57026501,449,229,220,50,32,18,137,85,52,159,61,98,6,0,6,82,40,42,15,11,4
57027301,253,122,131,28,11,17,87,51,36,85,38,47,7,4,3,35,15,20,11,3,8
57029001,107,54,53,19,7,12,56,33,23,19,6,13,2,2,0,8,4,4,3,2,1
57029002,36,20,16,7,2,5,15,12,3,11,4,7,0,0,0,2,1,1,1,1,0
57030301,36,18,18,6,3,3,14,8,6,10,6,4,2,0,2,4,1,3,0,0,0
57030302,307,155,152,39,15,24,132,74,58,89,47,42,8,2,6,26,9,17,13,8,5
57031101,517,258,259,73,34,39,163,96,67,160,71,89,5,2,3,82,36,46,34,19,15
57032001,553,269,284,83,25,58,239,146,93,160,64,96,10,2,8,36,18,18,25,14,11
57035402,111,52,59,16,3,13,40,25,15,29,11,18,2,0,2,16,8,8,8,5,3
57036201,416,197,219,74,21,53,185,112,73,112,43,69,7,2,5,19,9,10,19,10,9
57377901,169,85,84,27,11,16,52,30,22,43,20,23,4,3,1,35,15,20,8,6,2
57039701,72,39,33,4,2,2,36,23,13,22,7,15,1,1,0,6,3,3,3,3,0
57039702,126,64,62,26,10,16,39,23,16,38,18,20,3,1,2,15,9,6,5,3,2
57039704,299,156,143,36,14,22,122,73,49,87,38,49,5,2,3,38,20,18,11,9,2
57040101,190,91,99,25,8,17,69,46,23,66,23,43,1,0,1,21,10,11,8,4,4
57041901,292,163,129,36,21,15,124,74,50,88,45,43,2,0,2,30,15,15,12,8,4
57042701,146,73,73,16,4,12,62,36,26,42,18,24,4,2,2,17,8,9,5,5,0
57043501,41,23,18,2,1,1,15,10,5,15,9,6,1,0,1,7,2,5,1,1,0
57043502,225,101,124,26,7,19,88,47,41,61,24,37,2,1,1,32,15,17,16,7,9
57043503,43,23,20,6,3,3,17,9,8,13,10,3,1,0,1,6,1,5,0,0,0
57043504,37,18,19,5,1,4,15,10,5,11,5,6,1,0,1,4,2,2,1,0,1
57044301,237,118,119,35,14,21,90,50,40,68,37,31,3,1,2,26,7,19,15,9,6
57044302,67,32,35,11,4,7,33,18,15,16,7,9,1,0,1,3,1,2,3,2,1
57045101,20,10,10,3,1,2,5,4,1,8,3,5,0,0,0,4,2,2,0,0,0
57045102,165,87,78,20,12,8,57,37,20,57,25,32,2,0,2,22,8,14,7,5,2
57045103,1140,548,592,147,64,83,413,225,188,352,150,202,25,5,20,145,67,78,58,37,21
57045104,301,153,148,43,19,24,125,73,52,87,40,47,6,2,4,19,7,12,21,12,9
57045105,32,14,18,9,4,5,14,8,6,6,1,5,1,0,1,0,0,0,2,1,1
57045106,58,28,30,7,3,4,25,15,10,18,7,11,0,0,0,7,3,4,1,0,1
57045107,164,80,84,21,7,14,69,38,31,47,23,24,7,3,4,15,6,9,5,3,2
57045108,105,47,58,10,5,5,42,25,17,37,11,26,2,0,2,13,5,8,1,1,0
57047801,82,39,43,15,5,10,37,24,13,13,5,8,3,0,3,3,0,3,11,5,6
57047802,584,287,297,76,25,51,235,147,88,184,80,104,13,3,10,53,20,33,23,12,11
57047803,123,62,61,18,6,12,59,35,24,36,15,21,2,0,2,6,4,2,2,2,0
57049401,318,156,162,49,16,33,122,77,45,82,29,53,10,3,7,39,22,17,16,9,7
1072550,0,0,0,0,0,0,0,0,0,0,0,0,0,0,0,0,0,0,0,0,0
3035260,0,0,0,0,0,0,0,0,0,0,0,0,0,0,0,0,0,0,0,0,0
3213540,0,0,0,0,0,0,0,0,0,0,0,0,0,0,0,0,0,0,0,0,0
3213620,0,0,0,0,0,0,0,0,0,0,0,0,0,0,0,0,0,0,0,0,0
3284130,0,0,0,0,0,0,0,0,0,0,0,0,0,0,0,0,0,0,0,0,0
57050801,38,21,17,8,2,6,17,14,3,9,3,6,1,1,0,0,0,0,3,1,2
57050802,387,179,208,71,24,47,138,77,61,123,58,65,7,3,4,35,13,22,13,4,9
57050803,273,136,137,32,11,21,120,73,47,75,34,41,4,0,4,34,16,18,8,2,6
57050804,187,93,94,35,13,22,86,51,35,43,19,24,1,1,0,13,3,10,9,6,3
57050806,46,20,26,5,0,5,26,15,11,11,5,6,0,0,0,3,0,3,1,0,1
57050807,107,55,52,10,5,5,46,27,19,25,12,13,3,0,3,10,4,6,13,7,6
57050808,69,37,32,8,4,4,30,16,14,19,12,7,4,2,2,3,1,2,5,2,3
57050809,557,268,289,60,27,33,200,101,99,180,87,93,11,4,7,86,41,45,20,8,12
57050810,1072,516,556,186,72,114,348,206,142,274,112,162,21,7,14,96,34,62,147,85,62
57050811,1112,533,579,148,53,95,411,222,189,342,150,192,24,9,15,121,61,60,66,38,28
57050812,1641,787,854,246,82,164,572,309,263,479,237,242,38,11,27,195,93,102,111,55,56
57050813,236,122,114,32,15,17,102,58,44,70,35,35,6,2,4,22,10,12,4,2,2
57050815,126,65,61,28,12,16,25,15,10,28,17,11,5,3,2,16,5,11,24,13,11
54806501,255,136,119,32,14,18,111,68,43,75,35,40,4,2,2,25,11,14,8,6,2
57051602,284,141,143,49,15,34,128,82,46,73,29,44,7,2,5,19,9,10,8,4,4
57052401,72,34,38,9,2,7,29,17,12,18,7,11,1,0,1,8,3,5,7,5,2
57052402,227,111,116,30,11,19,78,51,27,82,34,48,3,2,1,23,9,14,11,4,7
57053201,275,137,138,31,17,14,99,62,37,76,28,48,7,2,5,48,21,27,14,7,7
57053202,85,45,40,13,8,5,43,23,20,19,11,8,2,1,1,4,0,4,4,2,2
57053203,54,26,28,5,3,2,19,8,11,14,8,6,1,0,1,11,5,6,4,2,2
57054101,124,66,58,16,8,8,51,29,22,33,14,19,1,1,0,17,11,6,6,3,3
57056702,248,118,130,33,10,23,98,58,40,73,30,43,3,0,3,22,8,14,19,12,7
57057501,212,105,107,36,13,23,79,52,27,65,25,40,7,2,5,20,10,10,5,3,2
57064801,517,266,251,57,27,30,224,127,97,151,70,81,8,2,6,44,19,25,33,21,12
57065601,500,243,257,52,18,34,164,83,81,160,76,84,9,4,5,86,41,45,29,21,8
57065602,114,61,53,16,9,7,44,28,16,37,16,21,1,0,1,16,8,8,0,0,0
57065603,75,34,41,15,7,8,23,11,12,22,10,12,1,0,1,13,5,8,1,1,0
57065604,203,99,104,28,11,17,95,55,40,52,22,30,2,0,2,19,7,12,7,4,3
57067201,1464,718,746,170,75,95,450,262,188,506,216,290,22,7,15,238,118,120,78,40,38
57068101,274,133,141,45,19,26,112,57,55,70,34,36,1,0,1,30,14,16,16,9,7
53067101,57,26,31,7,0,7,27,15,12,12,5,7,1,0,1,5,2,3,5,4,1
57353101,100,49,51,18,8,10,40,26,14,25,9,16,1,0,1,9,2,7,7,4,3
57070201,125,68,57,16,4,12,49,32,17,35,18,17,5,3,2,14,8,6,6,3,3
57071101,169,85,84,18,8,10,59,32,27,53,22,31,2,1,1,28,16,12,9,6,3
57072901,84,43,41,10,3,7,27,16,11,32,18,14,1,0,1,12,5,7,2,1,1
57072902,33,21,12,3,2,1,13,9,4,11,7,4,1,1,0,5,2,3,0,0,0
57074501,540,270,270,54,18,36,222,128,94,160,79,81,13,3,10,66,27,39,25,15,10
57319101,279,131,148,34,13,21,93,54,39,102,40,62,3,2,1,35,15,20,12,7,5
57079601,335,173,162,50,23,27,112,68,44,102,42,60,7,2,5,52,29,23,12,9,3
57080002,105,48,57,16,4,12,38,22,16,31,12,19,2,1,1,7,4,3,11,5,6
57080003,246,124,122,32,12,20,82,46,36,72,36,36,6,1,5,38,20,18,16,9,7
57080004,192,93,99,15,7,8,55,32,23,82,37,45,3,0,3,31,12,19,6,5,1
57083401,905,417,488,187,48,139,317,179,138,235,108,127,15,6,9,86,37,49,65,39,26
57085101,417,209,208,59,22,37,162,99,63,129,47,82,7,3,4,43,26,17,17,12,5
57086901,254,157,97,36,13,23,92,55,37,40,20,20,3,0,3,11,7,4,72,62,10
57086902,172,96,76,36,18,18,81,49,32,38,17,21,1,1,0,8,3,5,8,8,0
57086903,87,41,46,18,5,13,48,28,20,17,6,11,0,0,0,1,0,1,3,2,1
57086904,91,42,49,19,5,14,40,24,16,23,7,16,3,0,3,4,4,0,2,2,0
57086905,698,360,338,115,42,73,297,179,118,173,80,93,7,3,4,38,13,25,68,43,25
57087701,172,87,85,22,8,14,57,36,21,64,26,38,3,1,2,19,9,10,7,7,0
57087703,2220,1120,1100,301,129,172,732,414,318,694,304,390,33,14,19,259,128,131,201,131,70
57088501,123,69,54,14,9,5,50,35,15,31,12,19,3,1,2,22,10,12,3,2,1
57088502,306,156,150,32,9,23,81,53,28,104,47,57,4,2,2,67,31,36,18,14,4
57090701,62,32,30,7,4,3,21,14,7,26,12,14,0,0,0,7,1,6,1,1,0
57090702,116,56,60,23,10,13,43,25,18,24,11,13,0,0,0,9,3,6,17,7,10
57091501,117,62,55,13,6,7,53,32,21,35,14,21,0,0,0,12,6,6,4,4,0
57313201,342,169,173,48,18,30,142,89,53,93,38,55,10,3,7,31,11,20,18,10,8
57093101,137,67,70,14,4,10,49,33,16,46,18,28,2,0,2,20,10,10,6,2,4
57093102,1227,596,631,121,48,73,343,196,147,435,196,239,30,7,23,250,121,129,48,28,20
57093103,20,7,13,1,1,0,9,4,5,9,2,7,0,0,0,1,0,1,0,0,0
57093104,347,164,183,38,21,17,81,46,35,126,47,79,11,5,6,81,39,42,10,6,4
57095801,37,19,18,4,1,3,22,14,8,9,4,5,0,0,0,1,0,1,1,0,1
57095802,203,111,92,26,10,16,79,54,25,67,33,34,3,0,3,22,11,11,6,3,3
0266202,0,0,0,0,0,0,0,0,0,0,0,0,0,0,0,0,0,0,0,0,0
57096601,88,40,48,17,3,14,29,17,12,30,15,15,1,0,1,7,3,4,4,2,2
57096602,219,98,121,21,6,15,70,38,32,78,36,42,2,0,2,40,14,26,8,4,4
54815401,264,143,121,33,15,18,110,66,44,75,40,35,9,4,5,27,11,16,10,7,3
57100801,346,184,162,48,20,28,125,72,53,100,58,42,9,2,7,35,14,21,29,18,11
57101601,102,56,46,17,6,11,38,27,11,31,14,17,2,0,2,7,4,3,7,5,2
57102401,311,162,149,28,14,14,107,60,47,108,48,60,5,2,3,47,26,21,16,12,4
57104101,286,143,143,41,18,23,102,60,42,92,42,50,1,1,0,34,15,19,16,7,9
57104102,81,42,39,9,6,3,31,18,13,28,11,17,0,0,0,7,4,3,6,3,3
57104103,184,92,92,27,12,15,84,51,33,53,21,32,2,0,2,10,4,6,8,4,4
57104104,48,23,25,4,1,3,15,9,6,19,8,11,0,0,0,4,2,2,6,3,3
57104105,191,95,96,23,7,16,71,46,25,60,28,32,2,0,2,25,11,14,10,3,7
57104106,43,20,23,6,3,3,6,3,3,18,8,10,0,0,0,9,3,6,4,3,1
57104107,3881,1883,1998,476,202,274,1222,673,549,1325,581,744,64,21,43,550,264,286,244,142,102
57105901,56,27,29,7,1,6,19,10,9,23,12,11,0,0,0,5,2,3,2,2,0
57105902,170,84,86,13,5,8,89,52,37,52,18,34,1,0,1,10,6,4,5,3,2
51371701,247,125,122,33,12,21,95,55,40,81,38,43,1,0,1,21,9,12,16,11,5
57108301,62,32,30,10,4,6,25,16,9,21,10,11,0,0,0,2,0,2,4,2,2
57108302,60,33,27,6,3,3,36,19,17,14,10,4,1,0,1,2,0,2,1,1,0
57108303,82,35,47,14,1,13,32,17,15,17,8,9,1,0,1,6,5,1,12,4,8
57108304,159,76,83,29,11,18,60,37,23,43,16,27,1,0,1,18,6,12,8,6,2
54805701,54,23,31,6,2,4,16,8,8,19,7,12,1,0,1,10,6,4,2,0,2
57109101,178,88,90,22,9,13,66,37,29,66,28,38,0,0,0,19,10,9,5,4,1
57109102,126,63,63,23,9,14,46,28,18,41,19,22,1,0,1,10,5,5,5,2,3
57109103,202,91,111,19,8,11,68,36,32,77,33,44,3,1,2,33,12,21,2,1,1
57109104,185,93,92,19,10,9,60,38,22,62,26,36,2,1,1,39,16,23,3,2,1
57109105,143,68,75,13,4,9,55,29,26,51,26,25,3,1,2,19,7,12,2,1,1
57109106,558,272,286,71,30,41,160,84,76,191,92,99,6,1,5,107,53,54,23,12,11
57110501,36,21,15,1,0,1,18,12,6,12,6,6,1,1,0,2,0,2,2,2,0
57110502,301,148,153,36,17,19,102,59,43,102,46,56,8,4,4,40,16,24,13,6,7
57111301,1375,690,685,154,76,78,277,153,124,434,193,241,19,10,9,442,230,212,49,28,21
54867701,80,44,36,10,5,5,23,12,11,31,19,12,2,1,1,14,7,7,0,0,0
57113001,192,96,96,30,13,17,89,53,36,45,18,27,1,0,1,12,5,7,15,7,8
57374401,137,69,68,16,5,11,74,48,26,35,12,23,5,1,4,7,3,4,0,0,0
55370101,112,56,56,13,4,9,49,30,19,30,11,19,1,1,0,13,6,7,6,4,2
55370102,33,20,13,7,5,2,11,7,4,10,4,6,0,0,0,3,2,1,2,2,0
57266701,163,81,82,15,4,11,76,52,24,36,17,19,4,1,3,13,1,12,19,6,13
57267501,14,8,6,5,4,1,5,2,3,3,2,1,0,0,0,0,0,0,1,0,1
57267502,189,96,93,44,20,24,75,45,30,37,12,25,1,1,0,10,7,3,22,11,11
54890101,84,39,45,8,1,7,35,19,16,26,13,13,4,1,3,6,2,4,5,3,2
54890102,23,11,12,3,1,2,10,7,3,8,2,6,0,0,0,2,1,1,0,0,0
0059322,0,0,0,0,0,0,0,0,0,0,0,0,0,0,0,0,0,0,0,0,0
57270501,42,20,22,2,1,1,16,11,5,14,4,10,1,1,0,7,2,5,2,1,1
57270502,39,19,20,9,4,5,17,12,5,8,1,7,0,0,0,4,1,3,1,1,0
57270503,81,47,34,4,1,3,38,28,10,17,9,8,5,1,4,14,7,7,3,1,2
57270504,39,20,19,2,1,1,21,12,9,12,6,6,1,0,1,2,1,1,1,0,1
54897901,29,16,13,5,3,2,12,9,3,5,1,4,1,0,1,3,1,2,3,2,1
54897902,31,15,16,2,0,2,13,9,4,8,4,4,1,0,1,2,0,2,5,2,3
54897903,20,10,10,2,0,2,9,6,3,6,3,3,1,0,1,2,1,1,0,0,0
54910001,26,13,13,1,0,1,3,2,1,8,3,5,0,0,0,14,8,6,0,0,0
54910002,54,27,27,5,2,3,7,5,2,14,5,9,2,0,2,25,15,10,1,0,1
54910003,72,35,37,7,3,4,14,6,8,30,16,14,0,0,0,20,10,10,1,0,1
54907001,105,51,54,16,8,8,32,17,15,34,18,16,2,0,2,19,7,12,2,1,1
54885501,205,109,96,27,8,19,90,56,34,62,28,34,1,1,0,11,5,6,14,11,3
54895201,124,56,68,15,5,10,67,30,37,23,10,13,1,1,0,4,3,1,14,7,7
57335301,97,49,48,6,1,5,48,27,21,32,14,18,0,0,0,8,5,3,3,2,1
57335302,28,13,15,4,1,3,13,6,7,8,3,5,0,0,0,3,3,0,0,0,0
54928201,200,98,102,23,8,15,66,34,32,65,33,32,3,1,2,31,15,16,12,7,5
57277201,267,128,139,42,10,32,130,77,53,67,27,40,2,1,1,20,7,13,6,6,0
57277202,22,10,12,5,2,3,10,5,5,6,2,4,0,0,0,1,1,0,0,0,0
57278101,491,245,246,72,31,41,197,111,86,130,51,79,3,1,2,58,27,31,31,24,7
57278103,162,77,85,28,15,13,60,28,32,47,20,27,3,2,1,14,7,7,10,5,5
54899501,119,56,63,14,6,8,51,32,19,33,11,22,1,0,1,19,6,13,1,1,0
54899502,20,12,8,2,1,1,11,8,3,6,2,4,0,0,0,0,0,0,1,1,0
57281101,144,76,68,25,10,15,57,36,21,40,20,20,3,0,3,11,7,4,8,3,5
57281102,54,24,30,11,5,6,17,11,6,16,5,11,2,0,2,6,2,4,2,1,1
57282901,108,52,56,9,1,8,69,41,28,23,6,17,2,0,2,1,1,0,4,3,1
57282902,313,150,163,50,20,30,121,73,48,80,27,53,3,0,3,28,12,16,31,18,13
57282903,178,94,84,25,9,16,62,37,25,64,32,32,1,0,1,12,6,6,14,10,4
54911801,44,20,24,4,0,4,24,13,11,9,3,6,1,0,1,5,3,2,1,1,0
57283701,242,129,113,29,14,15,100,62,38,67,29,38,3,2,1,29,13,16,14,9,5
57283702,231,113,118,33,12,21,98,58,40,62,31,31,5,1,4,22,4,18,11,7,4
54908801,39,15,24,4,2,2,12,4,8,15,6,9,0,0,0,6,1,5,2,2,0
57333701,183,90,93,19,5,14,75,47,28,66,28,38,1,0,1,13,4,9,9,6,3
57333702,38,20,18,2,1,1,13,8,5,11,5,6,0,0,0,10,4,6,2,2,0
57290001,280,140,140,37,19,18,92,52,40,101,44,57,4,1,3,41,21,20,5,3,2
57290002,43,21,22,3,1,2,17,9,8,16,8,8,0,0,0,6,3,3,1,0,1
57290003,83,42,41,6,4,2,19,13,6,33,15,18,1,0,1,23,9,14,1,1,0
57290004,103,52,51,13,6,7,24,16,8,39,18,21,3,0,3,18,8,10,6,4,2
57291801,215,110,105,27,12,15,83,43,40,54,25,29,2,1,1,35,20,15,14,9,5
57291802,23,11,12,3,1,2,2,1,1,11,5,6,1,1,0,6,3,3,0,0,0
57291803,194,91,103,21,5,16,68,42,26,61,26,35,8,2,6,29,13,16,7,3,4
0147962,0,0,0,0,0,0,0,0,0,0,0,0,0,0,0,0,0,0,0,0,0
0311512,0,0,0,0,0,0,0,0,0,0,0,0,0,0,0,0,0,0,0,0,0
0452252,0,0,0,0,0,0,0,0,0,0,0,0,0,0,0,0,0,0,0,0,0
3198302,0,0,0,0,0,0,0,0,0,0,0,0,0,0,0,0,0,0,0,0,0
57292601,73,35,38,10,4,6,32,20,12,22,7,15,2,0,2,3,2,1,4,2,2
57292602,19,12,7,4,3,1,4,3,1,6,2,4,0,0,0,3,2,1,2,2,0
57292603,28,15,13,2,1,1,17,9,8,5,4,1,1,0,1,1,0,1,2,1,1
57292604,122,57,65,16,8,8,34,20,14,51,21,30,4,0,4,15,7,8,2,1,1
57292605,60,25,35,3,0,3,19,9,10,29,11,18,1,1,0,8,4,4,0,0,0
57292606,39,21,18,1,0,1,17,11,6,11,3,8,2,1,1,6,4,2,2,2,0
57292607,49,25,24,6,5,1,15,7,8,14,7,7,3,1,2,11,5,6,0,0,0
57292608,112,58,54,10,5,5,41,26,15,36,17,19,4,2,2,18,6,12,3,2,1
57292609,644,311,333,52,26,26,188,99,89,235,99,136,18,4,14,99,54,45,52,29,23
57292610,35,16,19,2,1,1,8,5,3,15,5,10,0,0,0,6,2,4,4,3,1
57292611,1032,506,526,129,62,67,366,205,161,324,147,177,22,8,14,155,65,90,36,19,17
57292612,824,410,414,117,60,57,289,160,129,221,87,134,10,3,7,72,27,45,115,73,42
57292613,156,80,76,23,11,12,63,37,26,35,16,19,3,0,3,20,10,10,12,6,6
57292614,180,79,101,24,8,16,76,35,41,54,26,28,7,1,6,9,1,8,10,8,2
57292615,1510,722,788,179,72,107,489,272,217,495,221,274,38,13,25,243,114,129,66,30,36
57292616,369,182,187,28,13,15,137,73,64,128,65,63,8,2,6,62,27,35,6,2,4
57292618,1570,689,881,174,55,119,532,271,261,550,226,324,30,10,20,206,93,113,78,34,44
57292619,59,32,27,6,3,3,22,13,9,17,6,11,1,1,0,12,9,3,1,0,1
57292620,97,55,42,34,17,17,29,21,8,24,12,12,2,0,2,4,1,3,4,4,0
54935501,196,98,98,41,18,23,85,55,30,39,8,31,2,0,2,13,5,8,16,12,4
57296901,339,173,166,38,15,23,168,87,81,89,45,44,5,4,1,17,8,9,22,14,8
57296902,39,16,23,5,2,3,18,9,9,12,3,9,1,1,0,1,0,1,2,1,1
57296903,136,56,80,32,8,24,67,33,34,29,13,16,0,0,0,3,0,3,5,2,3
54903701,162,82,80,20,6,14,60,36,24,53,26,27,4,0,4,14,8,6,11,6,5
54922301,130,67,63,20,10,10,57,36,21,29,11,18,5,1,4,11,5,6,8,4,4
57299301,78,40,38,13,3,10,29,20,9,18,7,11,0,0,0,8,4,4,10,6,4
57299302,248,123,125,28,17,11,95,54,41,80,35,45,6,0,6,21,7,14,18,10,8
3122580,0,0,0,0,0,0,0,0,0,0,0,0,0,0,0,0,0,0,0,0,0
3380010,0,0,0,0,0,0,0,0,0,0,0,0,0,0,0,0,0,0,0,0,0
57265901,248,123,125,18,9,9,54,33,21,109,46,63,8,3,5,52,29,23,7,3,4
57265902,204,108,96,24,13,11,59,36,23,56,22,34,4,3,1,45,25,20,16,9,7
57265903,682,330,352,63,22,41,224,127,97,225,104,121,7,3,4,138,60,78,25,14,11
57265904,494,240,254,55,30,25,110,63,47,178,77,101,15,4,11,117,55,62,19,11,8
57265905,80,38,42,10,3,7,21,14,7,26,11,15,2,0,2,19,10,9,2,0,2
57265906,3926,1880,2046,461,173,288,1243,664,579,1324,602,722,75,34,41,653,308,345,170,99,71
57265908,189,89,100,29,12,17,46,23,23,69,30,39,7,1,6,35,22,13,3,1,2
57265909,322,171,151,54,27,27,113,69,44,92,43,49,8,2,6,41,22,19,14,8,6
57265910,29,16,13,0,0,0,10,4,6,11,8,3,0,0,0,8,4,4,0,0,0
57265912,457,228,229,60,29,31,166,91,75,165,81,84,8,3,5,46,18,28,12,6,6
57265913,53,26,27,8,0,8,27,18,9,14,7,7,2,1,1,2,0,2,0,0,0
57265914,26,15,11,6,4,2,10,5,5,8,5,3,0,0,0,1,1,0,1,0,1
57265915,177,87,90,28,12,16,54,33,21,64,28,36,4,2,2,17,8,9,10,4,6
57265916,74,32,42,8,5,3,13,5,8,25,11,14,3,2,1,23,9,14,2,0,2
57265917,110,54,56,4,1,3,38,21,17,38,17,21,4,3,1,22,11,11,4,1,3
57265918,406,187,219,73,31,42,105,51,54,120,49,71,4,2,2,58,27,31,46,27,19
57265919,641,350,291,76,33,43,138,84,54,204,97,107,16,7,9,160,89,71,47,40,7
57265920,939,444,495,134,52,82,267,141,126,301,150,151,22,7,15,164,75,89,51,19,32
57265921,807,392,415,82,35,47,150,81,69,325,155,170,14,4,10,213,105,108,23,12,11
57265922,60,30,30,8,3,5,24,12,12,15,7,8,1,0,1,10,7,3,2,1,1
57265924,780,370,410,91,42,49,194,104,90,273,110,163,18,7,11,169,86,83,35,21,14
57265925,339,206,133,40,16,24,93,56,37,77,38,39,4,1,3,30,17,13,95,78,17
57265926,2307,1043,1264,227,95,132,725,343,382,826,350,476,45,23,22,374,177,197,110,55,55
57265927,36,15,21,2,0,2,13,7,6,16,6,10,1,0,1,4,2,2,0,0,0
57300101,33,18,15,7,5,2,9,4,5,14,8,6,0,0,0,3,1,2,0,0,0
57300102,36,15,21,4,1,3,19,10,9,3,0,3,0,0,0,5,2,3,5,2,3
57300103,62,26,36,18,8,10,23,12,11,15,4,11,0,0,0,5,2,3,1,0,1
57300104,278,144,134,36,16,20,97,55,42,85,39,46,5,1,4,32,16,16,23,17,6
57300105,50,27,23,8,3,5,20,13,7,14,7,7,1,0,1,4,2,2,3,2,1
57300106,30,17,13,8,3,5,16,9,7,5,4,1,0,0,0,0,0,0,1,1,0
54915101,126,62,64,12,4,8,51,31,20,51,19,32,2,2,0,9,5,4,1,1,0
54915102,44,23,21,5,1,4,17,10,7,17,9,8,0,0,0,5,3,2,0,0,0
54931201,117,58,59,24,10,14,37,27,10,36,11,25,1,0,1,9,4,5,10,6,4
54931202,26,12,14,3,0,3,13,9,4,5,1,4,1,0,1,1,1,0,3,1,2
54916901,55,27,28,7,3,4,9,4,5,20,9,11,2,0,2,15,10,5,2,1,1
54916902,129,65,64,17,10,7,53,37,16,34,9,25,0,0,0,20,8,12,5,1,4
57304302,22,13,9,3,1,2,10,7,3,7,3,4,0,0,0,1,1,0,1,1,0
57304303,213,115,98,30,8,22,73,46,27,72,43,29,6,3,3,24,7,17,8,8,0
57305101,97,47,50,7,1,6,39,20,19,32,15,17,2,1,1,15,8,7,2,2,0
57305102,234,118,116,35,16,19,91,53,38,62,28,34,2,1,1,33,14,19,11,6,5
57306001,69,40,29,13,7,6,29,20,9,17,7,10,1,1,0,5,2,3,4,3,1
57306002,120,64,56,17,8,9,53,33,20,37,17,20,0,0,0,6,2,4,7,4,3
57306003,1470,745,725,228,93,135,585,357,228,422,189,233,18,5,13,99,40,59,118,61,57
57306005,73,34,39,20,9,11,34,17,17,12,5,7,0,0,0,4,2,2,3,1,2
54892801,33,15,18,8,3,5,11,5,6,9,5,4,0,0,0,4,1,3,1,1,0
54894401,111,56,55,17,3,14,47,30,17,34,15,19,3,3,0,8,4,4,2,1,1
57213601,157,83,74,36,16,20,69,40,29,36,16,20,0,0,0,5,2,3,11,9,2
57204701,61,31,30,12,8,4,10,6,4,21,10,11,1,0,1,16,7,9,1,0,1
57309402,36,14,22,9,1,8,12,7,5,9,3,6,0,0,0,6,3,3,0,0,0
57309403,110,60,50,10,5,5,38,24,14,37,21,16,6,1,5,11,6,5,8,3,5
57309404,259,122,137,23,10,13,97,57,40,93,35,58,2,1,1,32,12,20,12,7,5
57309405,502,254,248,71,32,39,222,133,89,131,57,74,8,4,4,45,17,28,25,11,14
57309406,86,48,38,9,6,3,37,25,12,30,13,17,2,1,1,6,2,4,2,1,1
57309407,154,83,71,18,10,8,66,40,26,51,22,29,1,0,1,9,6,3,9,5,4
57309408,1645,819,826,209,95,114,567,311,256,539,244,295,31,11,20,188,94,94,111,64,47
57309409,269,136,133,39,15,24,93,54,39,82,40,42,8,2,6,30,16,14,17,9,8
57310801,33,18,15,4,2,2,16,10,6,6,2,4,0,0,0,1,1,0,6,3,3
57310802,1365,686,679,187,71,116,494,280,214,391,187,204,43,18,25,141,72,69,109,58,51
57310803,41,23,18,2,1,1,22,14,8,7,3,4,0,0,0,8,5,3,2,0,2
57310804,118,59,59,19,12,7,54,28,26,30,14,16,0,0,0,5,2,3,10,3,7
57310805,45,21,24,12,3,9,14,9,5,10,4,6,0,0,0,4,2,2,5,3,2
57311601,34,20,14,4,1,3,18,12,6,10,5,5,0,0,0,2,2,0,0,0,0
57311602,268,130,138,59,21,38,97,63,34,71,26,45,5,1,4,24,14,10,12,5,7
57311606,29,14,15,5,2,3,4,2,2,10,4,6,1,1,0,8,4,4,1,1,0
57311607,16,7,9,4,1,3,4,2,2,5,2,3,0,0,0,3,2,1,0,0,0
57311608,33,19,14,4,1,3,10,9,1,11,5,6,1,0,1,6,3,3,1,1,0
57311609,39,21,18,2,1,1,13,7,6,11,5,6,0,0,0,8,5,3,5,3,2
57311610,26,12,14,1,0,1,8,5,3,13,6,7,0,0,0,4,1,3,0,0,0
57311611,39,20,19,3,0,3,16,10,6,13,6,7,0,0,0,4,2,2,3,2,1
57312401,82,37,45,5,2,3,30,17,13,31,10,21,4,1,3,8,5,3,4,2,2
57312402,36,18,18,3,2,1,19,11,8,8,2,6,0,0,0,6,3,3,0,0,0
57312404,33,19,14,1,0,1,15,9,6,14,9,5,1,0,1,2,1,1,0,0,0
57312405,410,208,202,53,17,36,177,110,67,118,51,67,3,1,2,31,12,19,28,17,11
57312406,84,38,46,8,4,4,37,20,17,22,8,14,1,0,1,14,5,9,2,1,1
57308601,117,54,63,20,6,14,53,30,23,33,15,18,0,0,0,8,1,7,3,2,1
57308602,57,28,29,11,2,9,30,18,12,10,5,5,0,0,0,6,3,3,0,0,0
57314102,25,14,11,3,1,2,8,6,2,8,4,4,0,0,0,4,2,2,2,1,1
57314103,218,109,109,11,7,4,86,44,42,74,34,40,2,0,2,37,18,19,8,6,2
57315901,479,238,241,76,30,46,182,101,81,148,70,78,6,3,3,56,26,30,11,8,3
57316701,53,25,28,9,4,5,28,13,15,9,4,5,0,0,0,5,2,3,2,2,0
57316703,170,87,83,24,8,16,78,47,31,46,18,28,0,0,0,11,6,5,11,8,3
57316706,66,29,37,10,2,8,31,17,14,19,7,12,0,0,0,4,1,3,2,2,0
57316707,54,28,26,4,1,3,27,17,10,14,7,7,1,0,1,8,3,5,0,0,0
57316708,43,23,20,6,3,3,19,9,10,14,10,4,0,0,0,4,1,3,0,0,0
57316709,29,13,16,6,2,4,7,4,3,8,4,4,2,0,2,4,2,2,2,1,1
57317501,36,19,17,4,2,2,17,12,5,13,5,8,0,0,0,2,0,2,0,0,0
57317502,723,360,363,119,50,69,281,166,115,204,88,116,5,3,2,77,31,46,37,22,15
54886301,232,112,120,35,14,21,84,46,38,77,31,46,7,3,4,14,8,6,15,10,5
0969032,0,0,0,0,0,0,0,0,0,0,0,0,0,0,0,0,0,0,0,0,0
57320501,43,21,22,8,2,6,17,9,8,12,7,5,0,0,0,6,3,3,0,0,0
57320502,23,12,11,3,2,1,9,4,5,7,3,4,2,2,0,2,1,1,0,0,0
57320503,212,108,104,24,10,14,88,49,39,61,23,38,4,2,2,18,13,5,17,11,6
57320504,31,14,17,2,0,2,11,6,5,17,7,10,0,0,0,1,1,0,0,0,0
57320506,81,41,40,9,5,4,38,21,17,26,11,15,1,0,1,7,4,3,0,0,0
57320507,37,15,22,6,1,5,11,6,5,12,4,8,0,0,0,7,4,3,1,0,1
57321302,468,217,251,74,26,48,193,103,90,138,57,81,5,4,1,37,14,23,21,13,8
57323001,17,8,9,1,0,1,9,5,4,4,2,2,1,0,1,1,1,0,1,0,1
57323002,261,131,130,38,18,20,101,55,46,77,31,46,5,3,2,25,11,14,15,13,2
54920701,153,79,74,31,14,17,71,47,24,30,10,20,4,0,4,2,0,2,15,8,7
57324801,46,24,22,6,4,2,21,13,8,16,5,11,0,0,0,2,1,1,1,1,0
57324802,53,26,27,4,1,3,21,10,11,22,12,10,0,0,0,5,3,2,1,0,1
57324803,73,38,35,3,2,1,29,17,12,26,13,13,2,1,1,12,4,8,1,1,0
57324804,56,26,30,2,0,2,15,11,4,24,10,14,4,1,3,10,4,6,1,0,1
57324805,123,61,62,9,2,7,47,26,21,45,23,22,3,2,1,15,5,10,4,3,1
57324806,168,82,86,28,12,16,60,31,29,43,23,20,4,1,3,21,9,12,12,6,6
57324807,171,89,82,17,9,8,57,38,19,58,27,31,2,1,1,32,12,20,5,2,3
57324808,34,18,16,3,1,2,14,10,4,11,6,5,0,0,0,5,1,4,1,0,1
57324809,69,37,32,8,2,6,21,13,8,26,14,12,4,2,2,9,5,4,1,1,0
57324810,247,125,122,22,11,11,92,56,36,93,38,55,9,4,5,25,11,14,6,5,1
57324811,59,25,34,12,4,8,19,9,10,22,9,13,1,0,1,4,2,2,1,1,0
57324813,99,50,49,14,9,5,33,14,19,35,19,16,2,1,1,8,4,4,7,3,4
57324814,295,150,145,34,12,22,125,77,48,100,43,57,2,1,1,20,9,11,14,8,6
57324815,25,11,14,3,1,2,6,4,2,10,4,6,1,0,1,5,2,3,0,0,0
57324816,1352,665,687,226,92,134,510,277,233,374,170,204,13,5,8,128,53,75,101,68,33
57324817,236,118,118,16,4,12,106,63,43,87,41,46,4,0,4,18,8,10,5,2,3
57324818,1191,597,594,124,54,70,422,252,170,414,175,239,13,5,8,179,91,88,39,20,19
57324819,1741,785,956,192,71,121,708,352,356,542,224,318,29,12,17,190,89,101,80,37,43
57324820,314,169,145,35,18,17,127,76,51,100,50,50,3,3,0,40,17,23,9,5,4
57324821,608,291,317,62,31,31,182,100,82,219,89,130,13,3,10,112,57,55,20,11,9
57324822,184,80,104,25,12,13,62,27,35,61,26,35,3,2,1,25,9,16,8,4,4
57324823,120,55,65,26,12,14,50,21,29,25,13,12,2,1,1,7,3,4,10,5,5
54918501,63,29,34,6,2,4,19,10,9,25,10,15,1,1,0,10,5,5,2,1,1
54891001,94,41,53,7,2,5,27,12,15,37,16,21,6,3,3,11,6,5,6,2,4
57326401,184,96,88,22,14,8,79,51,28,52,16,36,3,1,2,23,12,11,5,2,3
57327201,83,39,44,17,7,10,28,17,11,24,5,19,0,0,0,6,4,2,8,6,2
57327202,34,20,14,14,7,7,10,8,2,5,2,3,1,1,0,1,0,1,3,2,1
57327203,41,23,18,4,2,2,22,14,8,11,6,5,1,0,1,2,1,1,1,0,1
57327204,954,483,471,115,53,62,399,215,184,292,138,154,12,6,6,85,44,41,51,27,24
57328101,83,49,34,7,7,0,40,26,14,28,12,16,1,0,1,4,3,1,3,1,2
57329901,164,84,80,20,10,10,67,38,29,53,25,28,2,1,1,11,4,7,11,6,5
57329902,36,19,17,5,1,4,9,7,2,7,3,4,3,2,1,8,4,4,4,2,2
57329904,34,18,16,5,1,4,9,5,4,10,7,3,3,1,2,2,2,0,5,2,3
57329905,46,18,28,7,2,5,19,9,10,15,5,10,1,0,1,3,1,2,1,1,0
57329906,586,287,299,67,26,41,245,138,107,165,65,100,3,0,3,73,36,37,33,22,11
57329908,103,49,54,10,2,8,50,28,22,30,13,17,0,0,0,8,3,5,5,3,2
57329909,34,18,16,5,1,4,18,11,7,9,5,4,0,0,0,1,0,1,1,1,0
57329910,57,30,27,5,2,3,32,18,14,13,6,7,0,0,0,6,4,2,1,0,1
54887101,42,21,21,6,3,3,18,11,7,11,4,7,0,0,0,3,1,2,4,2,2
57331101,211,102,109,21,10,11,103,60,43,53,20,33,1,0,1,24,8,16,9,4,5
57331102,288,146,142,27,9,18,108,67,41,104,43,61,7,1,6,22,13,9,20,13,7
57332902,70,32,38,7,3,4,35,20,15,19,7,12,1,0,1,5,2,3,3,0,3
57332903,132,67,65,18,10,8,54,30,24,32,13,19,3,1,2,18,9,9,7,4,3
57332905,74,38,36,4,1,3,39,22,17,18,8,10,2,1,1,8,4,4,3,2,1
57332906,97,51,46,13,5,8,37,23,14,30,14,16,0,0,0,12,7,5,5,2,3
57332907,33,15,18,8,3,5,11,5,6,8,4,4,0,0,0,3,1,2,3,2,1
57334501,22,11,11,3,1,2,6,3,3,10,6,4,0,0,0,3,1,2,0,0,0
57334502,190,101,89,20,5,15,55,40,15,72,36,36,4,2,2,28,10,18,11,8,3
57337002,201,98,103,22,8,14,76,47,29,78,32,46,3,2,1,14,4,10,8,5,3
57337003,74,35,39,8,0,8,33,19,14,22,11,11,0,0,0,7,4,3,4,1,3
57337004,40,22,18,4,3,1,20,10,10,7,2,5,0,0,0,5,5,0,4,2,2
57337005,26,11,15,4,1,3,8,5,3,5,0,5,0,0,0,5,2,3,4,3,1
54927401,86,44,42,14,5,9,25,16,9,26,13,13,1,0,1,11,5,6,9,5,4
57322101,273,141,132,32,13,19,120,69,51,68,31,37,4,2,2,36,19,17,13,7,6
54889801,60,32,28,7,4,3,21,14,7,21,9,12,1,0,1,7,4,3,3,1,2
54889802,38,19,19,5,2,3,17,9,8,12,6,6,0,0,0,0,0,0,4,2,2
57344201,31,14,17,1,0,1,13,6,7,12,5,7,0,0,0,3,2,1,2,1,1
57344203,25,11,14,4,3,1,9,4,5,6,3,3,0,0,0,4,1,3,2,0,2
57344205,28,17,11,7,3,4,13,10,3,5,2,3,0,0,0,1,0,1,2,2,0
57344206,24,11,13,6,1,5,7,6,1,5,1,4,0,0,0,4,2,2,2,1,1
57344207,114,62,52,15,10,5,41,24,17,43,23,20,1,0,1,11,4,7,3,1,2
57345101,56,28,28,8,3,5,26,14,12,7,3,4,1,1,0,9,4,5,5,3,2
57345102,187,96,91,48,24,24,72,40,32,34,15,19,0,0,0,8,5,3,25,12,13
57345103,25,15,10,6,2,4,9,5,4,6,5,1,0,0,0,2,2,0,2,1,1
54896101,88,46,42,9,4,5,44,24,20,19,8,11,1,1,0,13,8,5,2,1,1
57214401,99,51,48,13,5,8,36,23,13,37,16,21,1,1,0,8,5,3,4,1,3
57346901,108,41,67,30,7,23,42,19,23,22,9,13,0,0,0,12,5,7,2,1,1
57346902,63,30,33,9,6,3,33,18,15,17,4,13,2,0,2,1,1,0,1,1,0
57346903,291,137,154,31,14,17,128,74,54,72,23,49,7,3,4,32,13,19,21,10,11
57218701,112,57,55,18,6,12,52,31,21,31,12,19,0,0,0,8,5,3,3,3,0
57347701,246,130,116,31,12,19,86,48,38,75,38,37,6,3,3,27,13,14,21,16,5
57336101,85,43,42,7,1,6,37,21,16,25,12,13,0,0,0,9,5,4,7,4,3
0646372,0,0,0,0,0,0,0,0,0,0,0,0,0,0,0,0,0,0,0,0,0
57349301,41,19,22,9,2,7,19,11,8,10,5,5,0,0,0,1,0,1,2,1,1
57349303,34,19,15,2,1,1,8,5,3,13,8,5,1,1,0,10,4,6,0,0,0
57349304,20,10,10,4,0,4,4,3,1,9,6,3,0,0,0,3,1,2,0,0,0
57349305,1673,813,860,225,88,137,596,339,257,545,237,308,13,0,13,184,84,100,110,65,45
57349306,49,27,22,2,0,2,24,17,7,15,9,6,0,0,0,8,1,7,0,0,0
57349307,64,28,36,5,2,3,28,13,15,18,8,10,1,0,1,11,5,6,1,0,1
57349308,17,9,8,2,1,1,7,4,3,5,3,2,0,0,0,3,1,2,0,0,0
57349309,27,14,13,5,2,3,10,5,5,8,6,2,0,0,0,4,1,3,0,0,0
57350701,109,56,53,12,4,8,59,35,24,29,14,15,1,0,1,6,2,4,2,1,1
57350702,32,17,15,2,1,1,17,9,8,7,4,3,0,0,0,6,3,3,0,0,0
57350703,45,21,24,5,2,3,21,13,8,13,3,10,2,1,1,2,1,1,2,1,1
57350704,134,65,69,12,4,8,62,35,27,39,17,22,3,1,2,14,7,7,4,1,3
57350705,148,72,76,18,5,13,61,36,25,50,20,30,0,0,0,11,7,4,8,4,4
57350706,1178,596,582,180,69,111,425,253,172,368,173,195,17,7,10,103,42,61,85,52,33
57350707,21,12,9,1,1,0,9,5,4,5,3,2,1,0,1,3,1,2,2,2,0
53073501,141,70,71,18,5,13,51,29,22,52,28,24,2,0,2,16,7,9,2,1,1
53073502,19,11,8,1,1,0,9,5,4,4,1,3,0,0,0,2,2,0,3,2,1
54909601,263,126,137,51,16,35,106,66,40,74,28,46,2,0,2,20,12,8,10,4,6
57352301,201,100,101,44,16,28,88,51,37,42,18,24,1,1,0,8,3,5,18,11,7
57354001,49,25,24,9,5,4,21,12,9,13,4,9,0,0,0,5,3,2,1,1,0
57354002,54,29,25,6,1,5,21,13,8,24,13,11,0,0,0,2,1,1,1,1,0
57354003,132,59,73,20,7,13,68,33,35,33,15,18,1,0,1,6,3,3,4,1,3
57354004,24,14,10,4,1,3,10,7,3,4,2,2,0,0,0,6,4,2,0,0,0
54888002,198,102,96,20,6,14,69,45,24,62,29,33,4,3,1,31,11,20,12,8,4
57330201,80,44,36,8,4,4,36,18,18,22,14,8,3,2,1,9,4,5,2,2,0
57325602,133,65,68,12,7,5,50,23,27,42,19,23,3,1,2,20,10,10,6,5,1
57325603,17,8,9,0,0,0,6,5,1,8,2,6,0,0,0,2,1,1,1,0,1
57275601,44,23,21,3,2,1,9,7,2,22,12,10,2,0,2,7,2,5,1,0,1
57275602,47,24,23,7,3,4,25,13,12,11,4,7,0,0,0,1,1,0,3,3,0
57275603,42,22,20,5,3,2,17,9,8,9,4,5,1,0,1,5,2,3,5,4,1
57361201,33,15,18,5,1,4,14,9,5,9,3,6,2,0,2,3,2,1,0,0,0
57361202,168,89,79,18,8,10,82,48,34,48,21,27,2,0,2,8,5,3,10,7,3
57361203,22,12,10,2,0,2,9,7,2,5,0,5,1,0,1,3,3,0,2,2,0
57363901,271,138,133,36,12,24,146,86,60,62,25,37,1,0,1,13,5,8,13,10,3
57364701,99,44,55,14,3,11,45,21,24,29,16,13,2,1,1,1,0,1,8,3,5
57365501,25,12,13,1,0,1,12,8,4,5,2,3,1,0,1,4,1,3,2,1,1
57365503,86,41,45,10,2,8,27,17,10,31,14,17,2,0,2,9,6,3,7,2,5
57365504,19,12,7,1,1,0,4,2,2,11,9,2,1,0,1,1,0,1,1,0,1
57365505,145,73,72,9,6,3,66,36,30,38,15,23,1,0,1,17,11,6,14,5,9
57365506,82,41,41,10,4,6,37,23,14,20,10,10,1,0,1,11,4,7,3,0,3
57366301,68,36,32,7,3,4,33,18,15,16,9,7,0,0,0,7,3,4,5,3,2
57366302,22,11,11,3,0,3,12,8,4,5,2,3,0,0,0,1,0,1,1,1,0
57366303,120,55,65,32,13,19,44,25,19,23,11,12,3,0,3,10,2,8,8,4,4
57366304,54,27,27,14,8,6,11,7,4,10,2,8,0,0,0,1,1,0,18,9,9
57367101,32,15,17,3,0,3,13,8,5,10,5,5,0,0,0,6,2,4,0,0,0
57367102,44,23,21,6,3,3,13,9,4,12,6,6,1,0,1,8,2,6,4,3,1
57367103,33,13,20,10,5,5,13,6,7,8,2,6,1,0,1,1,0,1,0,0,0
57368001,21,10,11,2,0,2,7,5,2,4,2,2,0,0,0,8,3,5,0,0,0
57368002,76,40,36,12,5,7,28,16,12,23,13,10,0,0,0,10,5,5,3,1,2
57368003,72,38,34,10,5,5,34,22,12,18,7,11,0,0,0,6,2,4,4,2,2
57368004,103,54,49,14,4,10,42,26,16,31,16,15,2,0,2,9,4,5,5,4,1
57369801,29,12,17,7,2,5,8,6,2,9,3,6,1,0,1,3,1,2,1,0,1
57369802,215,113,102,25,11,14,78,47,31,75,38,37,4,2,2,22,9,13,11,6,5
57370101,2166,1611,555,618,529,89,757,602,155,565,353,212,24,11,13,148,78,70,54,38,16
57372801,114,55,59,14,6,8,36,25,11,41,13,28,1,0,1,17,10,7,5,1,4
57372802,42,23,19,5,2,3,10,8,2,21,10,11,0,0,0,5,2,3,1,1,0
57373601,45,21,24,5,1,4,21,11,10,15,7,8,0,0,0,3,1,2,1,1,0
57373602,224,117,107,32,13,19,95,60,35,62,29,33,4,1,3,24,10,14,7,4,3
57375201,23,9,14,4,2,2,9,4,5,4,2,2,0,0,0,3,1,2,3,0,3
57375202,217,105,112,24,9,15,97,50,47,53,27,26,2,0,2,26,12,14,15,7,8
57375203,33,17,16,1,0,1,15,9,6,11,5,6,1,0,1,4,3,1,1,0,1
57376101,188,94,94,25,12,13,86,47,39,51,20,31,3,0,3,9,5,4,14,10,4
57212801,41,21,20,4,2,2,20,12,8,15,6,9,0,0,0,1,0,1,1,1,0
57212802,97,50,47,15,4,11,43,26,17,26,14,12,2,0,2,6,3,3,5,3,2
57379501,174,91,83,48,21,27,70,39,31,29,12,17,3,1,2,7,4,3,17,14,3
54902901,78,42,36,6,1,5,34,22,12,28,14,14,2,1,1,6,2,4,2,2,0
57380901,58,33,25,13,6,7,30,16,14,11,7,4,0,0,0,2,2,0,2,2,0
57380902,545,274,271,115,50,65,225,128,97,101,44,57,2,1,1,44,23,21,58,28,30
57380903,110,55,55,25,9,16,48,32,16,18,5,13,1,0,1,5,2,3,13,7,6
54919302,87,48,39,8,5,3,23,15,8,31,12,19,0,0,0,18,12,6,7,4,3
54919304,21,10,11,7,3,4,7,4,3,7,3,4,0,0,0,0,0,0,0,0,0
57318302,42,21,21,6,3,3,22,13,9,3,1,2,0,0,0,5,1,4,6,3,3
57318303,98,51,47,10,2,8,50,33,17,27,11,16,1,0,1,5,3,2,5,2,3
57382502,54,26,28,4,1,3,14,8,6,27,15,12,0,0,0,7,2,5,2,0,2
57382503,21,12,9,5,1,4,9,7,2,3,2,1,0,0,0,2,1,1,2,1,1
57382504,28,15,13,4,3,1,10,7,3,11,4,7,2,0,2,1,1,0,0,0,0
57382505,29,17,12,2,1,1,8,7,1,9,4,5,3,1,2,7,4,3,0,0,0
57382506,924,458,466,113,57,56,304,175,129,323,134,189,11,3,8,120,57,63,53,32,21
57382507,14,7,7,1,0,1,7,5,2,6,2,4,0,0,0,0,0,0,0,0,0
57383302,42,19,23,4,0,4,22,14,8,10,3,7,0,0,0,4,1,3,2,1,1
57383304,170,86,84,32,10,22,76,46,30,35,16,19,3,1,2,13,7,6,11,6,5
57384101,83,47,36,8,4,4,49,32,17,18,8,10,0,0,0,2,0,2,6,3,3
57385001,197,93,104,28,13,15,76,43,33,57,19,38,0,0,0,22,10,12,14,8,6
54778601,119,64,55,12,3,9,47,30,17,44,24,20,0,0,0,15,6,9,1,1,0
54778602,284,135,149,47,18,29,113,51,62,69,40,29,0,0,0,23,8,15,32,18,14
57388401,484,251,233,53,17,36,191,123,68,149,72,77,9,3,6,48,18,30,34,18,16
0064750,0,0,0,0,0,0,0,0,0,0,0,0,0,0,0,0,0,0,0,0,0
57389201,817,404,413,122,45,77,311,176,135,249,114,135,10,1,9,83,40,43,42,28,14
57390601,173,90,83,19,6,13,63,37,26,59,28,31,4,2,2,20,10,10,8,7,1
57391401,268,127,141,61,25,36,105,59,46,70,27,43,1,1,0,22,8,14,9,7,2
57392201,908,448,460,199,93,106,367,206,161,187,84,103,5,0,5,52,15,37,98,50,48
57392202,110,63,47,15,9,6,46,29,17,29,13,16,0,0,0,12,6,6,8,6,2
57392204,36,19,17,4,3,1,13,5,8,6,4,2,0,0,0,2,1,1,11,6,5
57392205,907,411,496,165,57,108,324,172,152,266,111,155,7,1,6,109,52,57,36,18,18
57392206,55,28,27,7,2,5,18,12,6,17,9,8,0,0,0,6,1,5,7,4,3
57392207,31,16,15,10,4,6,11,6,5,4,2,2,0,0,0,1,1,0,5,3,2
57392208,458,211,247,65,17,48,192,106,86,148,58,90,3,2,1,28,13,15,22,15,7
57392210,551,270,281,118,45,73,251,140,111,87,42,45,2,1,1,16,5,11,77,37,40
57392211,243,118,125,70,29,41,79,49,30,27,11,16,1,0,1,3,1,2,63,28,35
57392212,83,39,44,26,9,17,36,22,14,12,7,5,1,0,1,6,1,5,2,0,2
57392214,139,69,70,24,8,16,78,46,32,26,10,16,0,0,0,2,0,2,9,5,4
57392215,836,425,411,136,54,82,320,174,146,185,93,92,9,1,8,57,26,31,129,77,52
57392216,944,445,499,142,59,83,333,179,154,307,140,167,10,5,5,106,41,65,46,21,25
57392217,185,87,98,18,6,12,69,36,33,66,33,33,1,1,0,24,9,15,7,2,5
57392218,339,152,187,88,28,60,121,58,63,62,25,37,5,2,3,19,10,9,44,29,15
0134710,0,0,0,0,0,0,0,0,0,0,0,0,0,0,0,0,0,0,0,0,0
57393102,132,68,64,13,6,7,52,29,23,38,22,16,3,0,3,18,7,11,8,4,4
57393104,63,34,29,11,4,7,23,12,11,20,11,9,1,1,0,8,6,2,0,0,0
54775101,282,146,136,31,13,18,125,68,57,85,48,37,4,1,3,29,10,19,8,6,2
57395701,378,188,190,50,21,29,135,82,53,138,61,77,1,0,1,36,13,23,18,11,7
50509901,160,79,81,16,7,9,78,45,33,40,17,23,4,0,4,19,9,10,3,1,2
57396501,177,88,89,19,4,15,64,38,26,61,29,32,1,1,0,27,14,13,5,2,3
57396502,4276,2067,2209,547,205,342,1534,828,706,1432,653,779,71,26,45,475,222,253,217,133,84
57396503,530,264,266,74,26,48,200,126,74,188,85,103,9,2,7,45,18,27,14,7,7
57396504,953,452,501,108,38,70,333,190,143,348,157,191,11,4,7,124,51,73,29,12,17
57396505,76,38,38,13,4,9,19,12,7,35,18,17,2,0,2,3,3,0,4,1,3
57396506,32,17,15,3,1,2,14,9,5,14,6,8,0,0,0,1,1,0,0,0,0
57396507,126,56,70,13,3,10,41,22,19,44,21,23,2,1,1,22,7,15,4,2,2
57396508,32,16,16,1,0,1,9,4,5,13,6,7,0,0,0,5,3,2,4,3,1
57396509,436,221,215,57,22,35,169,97,72,134,65,69,6,2,4,49,22,27,21,13,8
57396510,50,25,25,6,2,4,22,14,8,13,4,9,1,1,0,6,3,3,2,1,1
57397301,389,190,199,41,9,32,133,79,54,139,63,76,3,1,2,54,26,28,19,12,7
57398101,137,69,68,18,8,10,57,30,27,34,17,17,3,1,2,16,7,9,9,6,3
57398102,35,15,20,7,2,5,14,9,5,11,3,8,1,0,1,1,0,1,1,1,0
57398104,64,35,29,11,6,5,27,15,12,16,9,7,0,0,0,3,2,1,7,3,4
57399001,295,137,158,27,6,21,94,50,44,118,58,60,2,0,2,48,22,26,6,1,5
57399002,2722,1249,1473,404,137,267,1023,512,511,805,369,436,35,15,20,273,119,154,182,97,85
57399003,45,22,23,10,6,4,17,10,7,13,4,9,0,0,0,2,2,0,3,0,3
57399004,791,378,413,119,52,67,259,155,104,273,111,162,10,3,7,89,39,50,41,18,23
57399006,58,29,29,12,5,7,17,11,6,20,9,11,0,0,0,9,4,5,0,0,0
57399007,174,84,90,27,14,13,63,37,26,59,21,38,1,0,1,18,10,8,6,2,4
57399008,177,90,87,18,9,9,73,42,31,57,27,30,2,1,1,19,8,11,8,3,5
57401501,135,67,68,18,6,12,54,32,22,33,17,16,0,0,0,26,10,16,4,2,2
57401502,194,99,95,27,17,10,75,39,36,56,25,31,2,0,2,29,15,14,5,3,2
57401503,52,27,25,9,3,6,22,12,10,16,10,6,1,0,1,3,1,2,1,1,0
57401504,28,15,13,5,2,3,8,4,4,12,8,4,1,0,1,2,1,1,0,0,0
57401505,128,60,68,21,9,12,51,26,25,45,20,25,1,0,1,7,3,4,3,2,1
57402301,605,300,305,68,25,43,223,128,95,220,98,122,9,3,6,56,31,25,29,15,14
57403101,491,235,256,62,22,40,212,119,93,135,55,80,3,1,2,54,26,28,25,12,13
57404001,53,24,29,10,2,8,19,10,9,18,10,8,2,0,2,4,2,2,0,0,0
57404002,88,41,47,17,8,9,48,24,24,14,5,9,2,1,1,6,2,4,1,1,0
57404003,128,66,62,26,10,16,47,27,20,35,19,16,2,2,0,7,2,5,11,6,5
57404004,67,34,33,22,9,13,25,17,8,9,2,7,0,0,0,9,4,5,2,2,0
0386012,0,0,0,0,0,0,0,0,0,0,0,0,0,0,0,0,0,0,0,0,0
57405801,53,26,27,7,3,4,24,12,12,15,8,7,2,1,1,3,0,3,2,2,0
57405802,334,175,159,60,22,38,171,104,67,62,29,33,1,0,1,19,7,12,21,13,8
57405803,22,12,10,1,1,0,10,8,2,7,2,5,0,0,0,4,1,3,0,0,0
57406601,27,12,15,5,2,3,9,3,6,10,5,5,1,0,1,1,1,0,1,1,0
57406602,324,160,164,29,11,18,136,82,54,101,44,57,7,2,5,33,11,22,18,10,8
57406603,62,32,30,10,6,4,25,15,10,21,8,13,1,1,0,4,1,3,1,1,0
54753101,126,67,59,20,12,8,67,38,29,28,12,16,1,0,1,7,3,4,3,2,1
57407401,314,155,159,33,13,20,113,66,47,102,43,59,2,1,1,49,25,24,15,7,8
57407402,58,31,27,2,1,1,21,13,8,24,11,13,1,0,1,4,2,2,6,4,2
57407403,22,11,11,3,1,2,8,7,1,7,1,6,0,0,0,2,1,1,2,1,1
57407404,66,33,33,6,2,4,28,17,11,21,10,11,0,0,0,10,3,7,1,1,0
3123040,0,0,0,0,0,0,0,0,0,0,0,0,0,0,0,0,0,0,0,0,0
3382570,0,0,0,0,0,0,0,0,0,0,0,0,0,0,0,0,0,0,0,0,0
57408201,1540,731,809,175,66,109,519,269,250,561,264,297,20,10,10,196,87,109,69,35,34
57408202,158,75,83,18,7,11,55,34,21,60,25,35,2,1,1,15,5,10,8,3,5
57408203,757,379,378,108,37,71,248,138,110,216,103,113,6,3,3,71,35,36,108,63,45
57408204,760,342,418,117,32,85,278,138,140,259,121,138,9,2,7,49,24,25,48,25,23
57408205,25,14,11,4,2,2,7,4,3,9,7,2,0,0,0,5,1,4,0,0,0
57408206,772,383,389,105,39,66,280,157,123,245,124,121,8,1,7,87,43,44,47,19,28
57408207,15,7,8,2,0,2,9,6,3,4,1,3,0,0,0,0,0,0,0,0,0
57408208,35,16,19,7,2,5,10,6,4,13,5,8,0,0,0,4,2,2,1,1,0
57408209,588,303,285,106,44,62,212,134,78,186,92,94,7,1,6,64,23,41,13,9,4
57408210,136,66,70,16,6,10,55,33,22,47,17,30,1,0,1,10,5,5,7,5,2
57408211,224,106,118,31,14,17,93,51,42,63,19,44,3,1,2,22,14,8,12,7,5
57408212,128,47,81,41,11,30,50,23,27,23,10,13,0,0,0,8,2,6,6,1,5
57416301,148,80,68,37,16,21,61,36,25,28,14,14,0,0,0,6,2,4,16,12,4
57411201,321,158,163,51,21,30,124,81,43,87,35,52,3,0,3,34,10,24,22,11,11
57411202,22,13,9,5,3,2,7,4,3,6,4,2,0,0,0,4,2,2,0,0,0
57411203,20,10,10,5,1,4,4,4,0,8,4,4,0,0,0,3,1,2,0,0,0
57411204,120,57,63,14,3,11,51,28,23,33,13,20,4,1,3,11,6,5,7,6,1
57411205,25,16,9,2,1,1,15,9,6,5,3,2,1,1,0,0,0,0,2,2,0
57411206,91,46,45,17,6,11,45,29,16,22,9,13,2,0,2,4,2,2,1,0,1
57411207,32,15,17,3,0,3,17,8,9,8,5,3,0,0,0,2,0,2,2,2,0
0574013,0,0,0,0,0,0,0,0,0,0,0,0,0,0,0,0,0,0,0,0,0
57412102,98,47,51,14,7,7,41,20,21,35,14,21,0,0,0,6,5,1,2,1,1
57412104,1443,731,712,209,96,113,489,278,211,443,211,232,34,16,18,193,80,113,75,50,25
57412105,945,450,495,150,59,91,309,158,151,276,120,156,7,3,4,122,65,57,81,45,36
57412107,196,106,90,27,12,15,54,34,20,57,28,29,4,1,3,21,9,12,33,22,11
57412108,2370,1115,1255,348,152,196,774,397,377,701,316,385,35,13,22,327,153,174,185,84,101
57412109,493,257,236,58,23,35,180,110,70,162,73,89,7,4,3,53,30,23,33,17,16
57412110,1130,533,597,149,63,86,415,224,191,342,139,203,23,11,12,170,78,92,31,18,13
57412111,109,56,53,12,7,5,38,22,16,32,17,15,0,0,0,21,8,13,6,2,4
57412112,17,7,10,3,1,2,7,5,2,5,1,4,0,0,0,2,0,2,0,0,0
57412113,402,191,211,65,27,38,145,82,63,116,45,71,6,1,5,59,32,27,11,4,7
57412114,205,100,105,23,9,14,53,30,23,78,35,43,5,4,1,43,21,22,3,1,2
57412115,166,89,77,21,10,11,68,37,31,45,25,20,4,2,2,19,7,12,9,8,1
57412116,1171,589,582,286,134,152,386,207,179,238,113,125,15,6,9,61,29,32,185,100,85
57412117,379,194,185,57,24,33,98,62,36,131,64,67,5,1,4,60,25,35,28,18,10
57412118,210,103,107,29,15,14,76,39,37,64,28,36,4,0,4,28,13,15,9,8,1
57412119,228,107,121,35,11,24,79,49,30,69,31,38,1,0,1,35,11,24,9,5,4
57412120,143,73,70,22,10,12,56,30,26,35,16,19,1,0,1,18,11,7,11,6,5
57412122,356,220,136,61,28,33,80,48,32,68,35,33,3,2,1,21,9,12,123,98,25
57413901,604,302,302,87,34,53,228,133,95,186,90,96,4,2,2,76,30,46,23,13,10
57414701,116,66,50,18,7,11,55,37,18,32,18,14,0,0,0,7,2,5,4,2,2
57415501,354,196,158,47,24,23,180,102,78,84,43,41,1,0,1,12,6,6,30,21,9
57454601,168,86,82,21,10,11,55,30,25,63,34,29,2,1,1,25,10,15,2,1,1
57454602,485,244,241,61,30,31,151,89,62,182,82,100,5,2,3,67,28,39,19,13,6
57454603,101,53,48,4,2,2,29,15,14,47,24,23,0,0,0,19,10,9,2,2,0
57454604,60,29,31,10,4,6,19,11,8,21,9,12,2,1,1,8,4,4,0,0,0
57454605,47,24,23,1,0,1,15,8,7,16,9,7,0,0,0,13,5,8,2,2,0
57417101,344,183,161,64,26,38,135,83,52,83,47,36,1,0,1,38,14,24,23,13,10
57418001,117,63,54,17,9,8,56,33,23,29,12,17,2,0,2,3,1,2,10,8,2
57418002,56,31,25,6,4,2,21,12,9,18,11,7,0,0,0,6,1,5,5,3,2
57418003,49,25,24,5,2,3,17,11,6,18,10,8,1,1,0,6,0,6,2,1,1
54770101,52,29,23,11,5,6,11,7,4,15,8,7,1,0,1,4,1,3,10,8,2
57338801,82,43,39,12,8,4,31,20,11,23,7,16,1,0,1,8,5,3,7,3,4
57421002,98,52,46,18,9,9,27,14,13,28,16,12,2,1,1,16,9,7,7,3,4
57421003,419,213,206,63,19,44,141,86,55,130,64,66,6,2,4,55,26,29,24,16,8
57421004,90,45,45,10,3,7,40,26,14,28,11,17,1,0,1,8,4,4,3,1,2
57421005,273,126,147,28,8,20,105,56,49,93,46,47,6,2,4,28,7,21,13,7,6
57422801,413,210,203,75,30,45,161,94,67,111,56,55,7,3,4,42,17,25,17,10,7
57423601,110,53,57,14,4,10,51,30,21,28,13,15,4,0,4,12,5,7,1,1,0
57424401,176,93,83,15,6,9,67,41,26,62,31,31,4,0,4,20,11,9,8,4,4
57425201,87,45,42,12,6,6,42,22,20,19,9,10,2,1,1,2,2,0,10,5,5
57425202,214,104,110,25,10,15,95,50,45,66,30,36,2,2,0,9,5,4,17,7,10
57425203,1034,476,558,167,63,104,433,222,211,304,136,168,11,2,9,55,21,34,64,32,32
57425204,87,43,44,19,4,15,34,19,15,18,11,7,0,0,0,7,4,3,9,5,4
57425206,67,36,31,12,8,4,28,16,12,21,10,11,0,0,0,3,1,2,3,1,2
57425207,197,107,90,31,18,13,91,56,35,54,24,30,3,0,3,9,4,5,9,5,4
57425208,237,123,114,38,13,25,121,73,48,58,28,30,1,0,1,11,4,7,8,5,3
57426101,39,22,17,4,2,2,13,10,3,14,7,7,3,0,3,3,1,2,2,2,0
57426102,25,12,13,2,0,2,12,5,7,7,4,3,0,0,0,3,2,1,1,1,0
57426103,65,38,27,8,4,4,25,15,10,22,14,8,4,1,3,4,3,1,2,1,1
57426104,28,14,14,3,2,1,14,8,6,7,2,5,1,1,0,1,0,1,2,1,1
57426105,288,144,144,26,8,18,113,69,44,96,41,55,14,4,10,25,12,13,14,10,4
57386801,103,58,45,16,6,10,38,23,15,34,21,13,4,2,2,8,3,5,3,3,0
57386803,195,94,101,30,9,21,70,44,26,56,27,29,2,1,1,28,10,18,9,3,6
57386804,318,163,155,30,11,19,119,71,48,120,59,61,6,0,6,37,19,18,6,3,3
57386805,463,233,230,71,23,48,175,105,70,142,68,74,7,1,6,54,30,24,14,6,8
57386806,76,40,36,17,10,7,32,15,17,17,10,7,0,0,0,5,3,2,5,2,3
57386809,1117,537,580,148,56,92,378,204,174,415,195,220,15,7,8,130,54,76,31,21,10
57386810,201,101,100,30,12,18,60,34,26,64,31,33,3,2,1,34,17,17,10,5,5
57386811,80,39,41,16,10,6,22,10,12,25,9,16,0,0,0,14,8,6,3,2,1
57386812,412,193,219,59,29,30,126,66,60,140,61,79,8,4,4,66,29,37,13,4,9
57386813,1269,602,667,188,83,105,385,191,194,443,204,239,21,11,10,163,77,86,69,36,33
57386815,429,191,238,59,23,36,143,65,78,142,61,81,4,3,1,44,17,27,37,22,15
57386816,391,169,222,64,20,44,143,75,68,124,45,79,3,1,2,28,11,17,29,17,12
57386817,417,199,218,40,13,27,144,79,65,156,73,83,4,1,3,61,27,34,12,6,6
57386818,209,95,114,48,12,36,63,40,23,65,31,34,5,2,3,19,7,12,9,3,6
57386819,170,89,81,22,10,12,58,38,20,64,27,37,4,1,3,17,10,7,5,3,2
57386820,973,463,510,88,33,55,270,140,130,376,179,197,15,4,11,202,100,102,22,7,15
57386821,1398,745,653,204,92,112,402,219,183,372,180,192,15,6,9,115,53,62,290,195,95
57386822,49,24,25,4,2,2,13,9,4,21,10,11,0,0,0,8,2,6,3,1,2
57386824,374,180,194,52,22,30,142,76,66,102,45,57,5,2,3,41,18,23,32,17,15
57386825,1583,732,851,171,56,115,544,278,266,573,243,330,30,8,22,173,91,82,92,56,36
57386826,1981,913,1068,331,141,190,612,312,300,603,261,342,39,18,21,238,100,138,158,81,77
57386827,627,301,326,70,26,44,172,93,79,232,114,118,2,0,2,131,60,71,20,8,12
57386828,930,422,508,110,52,58,306,143,163,323,128,195,12,6,6,115,51,64,64,42,22
57386829,888,403,485,127,44,83,288,136,152,306,142,164,7,4,3,119,57,62,41,20,21
57386831,1260,546,714,175,50,125,326,158,168,461,198,263,25,11,14,245,119,126,28,10,18
57386832,68,36,32,11,8,3,10,5,5,9,5,4,0,0,0,2,1,1,36,17,19
57386833,231,119,112,25,10,15,71,43,28,91,47,44,4,1,3,34,16,18,6,2,4
3202260,0,0,0,0,0,0,0,0,0,0,0,0,0,0,0,0,0,0,0,0,0
3316510,0,0,0,0,0,0,0,0,0,0,0,0,0,0,0,0,0,0,0,0,0
3381170,0,0,0,0,0,0,0,0,0,0,0,0,0,0,0,0,0,0,0,0,0
57427902,1184,574,610,146,44,102,401,234,167,451,211,240,13,2,11,143,69,74,30,14,16
57427903,85,43,42,9,4,5,35,19,16,32,16,16,0,0,0,7,3,4,2,1,1
57427904,185,95,90,22,10,12,50,30,20,69,34,35,8,4,4,30,13,17,6,4,2
57427905,358,177,181,53,21,32,114,63,51,133,68,65,9,4,5,42,17,25,7,4,3
57427906,222,110,112,35,15,20,69,43,26,81,37,44,1,0,1,29,12,17,7,3,4
57427907,906,410,496,116,52,64,322,153,169,295,129,166,14,4,10,122,53,69,37,19,18
57427908,1279,596,683,152,51,101,417,218,199,435,200,235,18,5,13,186,82,104,71,40,31
57427909,943,466,477,128,53,75,277,144,133,296,140,156,17,7,10,134,67,67,91,55,36
57427910,115,57,58,16,9,7,35,19,16,38,17,21,1,0,1,15,6,9,10,6,4
57427911,2201,1066,1135,244,97,147,619,327,292,772,357,415,29,8,21,486,252,234,51,25,26
57427912,106,53,53,5,2,3,18,11,7,51,20,31,3,1,2,29,19,10,0,0,0
57427913,43,24,19,1,0,1,16,11,5,15,7,8,0,0,0,10,5,5,1,1,0
1073102,0,0,0,0,0,0,0,0,0,0,0,0,0,0,0,0,0,0,0,0,0
1073360,0,0,0,0,0,0,0,0,0,0,0,0,0,0,0,0,0,0,0,0,0
57428703,625,311,314,93,41,52,213,127,86,202,91,111,7,1,6,95,43,52,15,8,7
57428704,31,17,14,6,3,3,10,6,4,9,4,5,0,0,0,6,4,2,0,0,0
57429501,277,135,142,36,14,22,118,72,46,74,28,46,2,0,2,36,15,21,11,6,5
57431701,281,140,141,43,16,27,140,87,53,66,20,46,3,1,2,18,6,12,11,10,1
57434101,113,61,52,14,4,10,42,24,18,39,23,16,1,1,0,12,7,5,5,2,3
57434102,51,24,27,3,2,1,21,9,12,18,9,9,1,0,1,7,3,4,1,1,0
57434104,193,97,96,22,9,13,83,50,33,56,20,36,1,1,0,20,9,11,11,8,3
57434105,979,487,492,172,85,87,372,194,178,247,115,132,16,6,10,90,44,46,82,43,39
57434106,56,25,31,7,2,5,26,13,13,18,9,9,0,0,0,5,1,4,0,0,0
57434107,1885,881,1004,270,100,170,692,365,327,596,278,318,30,8,22,243,102,141,54,28,26
1339063,0,0,0,0,0,0,0,0,0,0,0,0,0,0,0,0,0,0,0,0,0
1339140,0,0,0,0,0,0,0,0,0,0,0,0,0,0,0,0,0,0,0,0,0
57435001,118,56,62,15,7,8,47,29,18,38,12,26,2,0,2,14,7,7,2,1,1
57435002,285,144,141,29,15,14,106,60,46,105,47,58,5,1,4,31,16,15,9,5,4
57435003,23,11,12,2,0,2,9,5,4,10,5,5,1,1,0,0,0,0,1,0,1
57435004,63,33,30,4,3,1,23,10,13,20,13,7,1,1,0,14,5,9,1,1,0
57435005,18,7,11,5,2,3,4,4,0,7,1,6,0,0,0,2,0,2,0,0,0
57435007,460,235,225,48,23,25,191,112,79,155,74,81,9,2,7,30,13,17,27,11,16
57436801,152,82,70,19,10,9,49,34,15,55,24,31,1,0,1,21,11,10,7,3,4
57437601,54,27,27,9,4,5,9,6,3,23,11,12,2,0,2,11,6,5,0,0,0
57437603,490,234,256,62,23,39,182,106,76,149,54,95,6,3,3,64,28,36,27,20,7
57438401,138,72,66,17,8,9,58,35,23,43,20,23,3,1,2,13,6,7,4,2,2
57438402,169,89,80,16,4,12,83,50,33,43,19,24,1,0,1,15,10,5,11,6,5
57440601,60,29,31,5,1,4,24,15,9,14,5,9,0,0,0,8,3,5,9,5,4
57440602,249,121,128,33,13,20,78,42,36,95,44,51,6,3,3,22,9,13,15,10,5
57440603,190,90,100,22,10,12,80,38,42,60,29,31,3,1,2,19,9,10,6,3,3
53078601,173,83,90,27,13,14,49,30,19,65,29,36,0,0,0,26,9,17,6,2,4
54772701,93,46,47,10,3,7,30,16,14,37,19,18,2,0,2,9,5,4,5,3,2
57442202,36,19,17,3,0,3,14,9,5,13,6,7,0,0,0,6,4,2,0,0,0
57442203,222,113,109,26,12,14,97,55,42,64,32,32,4,1,3,20,9,11,11,4,7
57443101,207,108,99,31,13,18,79,49,30,67,30,37,2,2,0,24,12,12,4,2,2
57445701,47,20,27,12,2,10,14,8,6,16,9,7,0,0,0,5,1,4,0,0,0
57445702,202,98,104,32,12,20,74,42,32,71,31,40,4,1,3,16,7,9,5,5,0
57446501,77,41,36,13,6,7,32,20,12,21,9,12,2,2,0,5,1,4,4,3,1
57446502,67,35,32,8,2,6,32,18,14,19,12,7,3,1,2,3,2,1,2,0,2
57446503,35,17,18,5,3,2,14,9,5,13,4,9,0,0,0,3,1,2,0,0,0
57446504,337,170,167,56,23,33,142,82,60,103,46,57,5,1,4,12,3,9,19,15,4
57448101,37,17,20,8,4,4,12,5,7,7,3,4,0,0,0,7,3,4,3,2,1
57448102,36,18,18,5,3,2,12,8,4,17,6,11,1,0,1,1,1,0,0,0,0
57448103,133,73,60,16,6,10,51,31,20,47,25,22,0,0,0,16,8,8,3,3,0
57448104,299,152,147,35,15,20,99,59,40,98,49,49,8,1,7,37,14,23,22,14,8
57448105,30,19,11,2,2,0,12,9,3,9,4,5,1,0,1,6,4,2,0,0,0
57448106,47,28,19,6,2,4,18,12,6,13,9,4,0,0,0,5,2,3,5,3,2
57448107,252,119,133,26,6,20,99,60,39,88,36,52,3,0,3,26,12,14,10,5,5
57448108,77,37,40,7,1,6,31,21,10,21,7,14,5,1,4,8,4,4,5,3,2
57449001,43,26,17,5,1,4,22,14,8,11,8,3,1,0,1,3,2,1,1,1,0
57449002,273,145,128,35,16,19,116,76,40,67,29,38,4,0,4,28,12,16,23,12,11
54765401,33,17,16,8,5,3,12,8,4,11,3,8,1,0,1,0,0,0,1,1,0
54765402,117,61,56,9,3,6,59,37,22,33,12,21,2,0,2,5,2,3,9,7,2
57451101,248,124,124,60,22,38,116,65,51,47,20,27,0,0,0,9,5,4,16,12,4
57453801,55,30,25,10,1,9,24,15,9,19,12,7,0,0,0,2,2,0,0,0,0
57453802,31,21,10,4,3,1,16,11,5,7,4,3,0,0,0,3,2,1,1,1,0
57453803,194,96,98,42,13,29,80,46,34,55,28,27,1,0,1,6,2,4,10,7,3
57453804,86,41,45,11,5,6,31,18,13,23,8,15,1,0,1,14,8,6,6,2,4
57453805,48,27,21,10,5,5,20,14,6,13,7,6,0,0,0,4,1,3,1,0,1
57453806,78,40,38,19,10,9,32,18,14,19,8,11,1,0,1,5,3,2,2,1,1
57453810,16,7,9,1,0,1,2,2,0,10,5,5,0,0,0,2,0,2,1,0,1
57453811,673,347,326,108,50,58,272,156,116,200,96,104,6,2,4,49,17,32,38,26,12
57453812,136,73,63,22,12,10,47,26,21,31,13,18,4,2,2,18,11,7,14,9,5
57455401,157,81,76,17,4,13,74,49,25,39,19,20,5,2,3,19,6,13,3,1,2
57455402,449,218,231,43,15,28,190,108,82,141,60,81,6,0,6,43,20,23,26,15,11
57456201,528,273,255,66,19,47,205,127,78,161,78,83,5,1,4,51,20,31,40,28,12
57456203,29,16,13,3,2,1,16,10,6,8,3,5,0,0,0,2,1,1,0,0,0
57456204,40,24,16,6,2,4,18,10,8,7,4,3,2,1,1,2,2,0,5,5,0
57457101,24,14,10,4,2,2,2,2,0,14,8,6,0,0,0,2,1,1,2,1,1
57457102,262,139,123,32,15,17,98,63,35,89,40,49,3,0,3,21,7,14,19,14,5
57457103,42,22,20,6,1,5,19,12,7,9,5,4,1,1,0,7,3,4,0,0,0
54764601,1845,914,931,241,84,157,648,370,278,639,297,342,29,11,18,199,95,104,89,57,32
57458901,266,141,125,38,12,26,111,69,42,71,31,40,4,3,1,25,16,9,17,10,7
54774301,258,134,124,45,21,24,108,63,45,56,26,30,3,1,2,25,12,13,21,11,10
54756502,115,57,58,15,7,8,45,25,20,36,15,21,1,1,0,11,4,7,7,5,2
54756503,34,17,17,1,0,1,12,10,2,10,3,7,1,0,1,5,3,2,5,1,4
57460101,52,24,28,8,2,6,16,12,4,14,6,8,2,1,1,12,3,9,0,0,0
57460102,254,120,134,43,13,30,96,61,35,73,27,46,4,1,3,30,15,15,8,3,5
57462701,107,57,50,12,4,8,41,23,18,40,22,18,3,0,3,7,6,1,4,2,2
57463501,152,84,68,17,10,7,64,35,29,43,24,19,3,2,1,15,7,8,10,6,4
57463503,67,37,30,7,1,6,20,14,6,26,15,11,1,0,1,9,4,5,4,3,1
57464301,399,209,190,50,27,23,161,96,65,121,57,64,4,1,3,54,23,31,9,5,4
57465101,164,89,75,9,4,5,56,34,22,69,36,33,2,0,2,23,11,12,5,4,1
57465102,137,71,66,16,10,6,55,41,14,36,10,26,4,1,3,15,5,10,11,4,7
57465103,78,41,37,10,2,8,36,23,13,23,13,10,3,2,1,5,0,5,1,1,0
57465104,43,22,21,3,1,2,14,8,6,15,9,6,3,1,2,7,3,4,1,0,1
57466001,28,16,12,3,2,1,6,3,3,16,9,7,0,0,0,3,2,1,0,0,0
57466002,92,45,47,12,4,8,51,30,21,19,8,11,1,1,0,3,0,3,6,2,4
57466003,127,66,61,18,6,12,53,32,21,36,22,14,1,0,1,11,2,9,8,4,4
57466005,110,58,52,21,7,14,42,25,17,28,15,13,0,0,0,6,3,3,13,8,5
57468601,508,247,261,66,27,39,197,117,80,166,65,101,7,3,4,55,28,27,17,7,10
57469402,470,227,243,60,21,39,187,110,77,150,65,85,5,1,4,57,24,33,11,6,5
57470802,216,114,102,19,7,12,72,42,30,74,36,38,6,3,3,37,21,16,8,5,3
57607701,881,418,463,152,49,103,315,187,128,286,117,169,10,2,8,97,50,47,21,13,8
3178960,0,0,0,0,0,0,0,0,0,0,0,0,0,0,0,0,0,0,0,0,0
57608501,264,137,127,31,15,16,105,56,49,81,42,39,4,1,3,31,15,16,12,8,4
57608502,46,27,19,5,2,3,17,10,7,14,10,4,1,0,1,7,4,3,2,1,1
0010310,0,0,0,0,0,0,0,0,0,0,0,0,0,0,0,0,0,0,0,0,0
57609301,100,47,53,23,7,16,32,19,13,20,10,10,1,0,1,15,5,10,9,6,3
57609304,68,36,32,23,11,12,11,8,3,17,7,10,1,0,1,10,7,3,6,3,3
57610701,228,119,109,20,9,11,78,53,25,79,37,42,10,1,9,32,16,16,9,3,6
57610702,224,116,108,34,17,17,84,50,34,79,37,42,3,2,1,16,2,14,8,8,0
57610703,46,22,24,6,3,3,24,13,11,9,2,7,1,1,0,5,2,3,1,1,0
57610704,58,26,32,11,3,8,24,13,11,15,6,9,1,1,0,5,2,3,2,1,1
57611501,151,70,81,20,5,15,61,37,24,54,22,32,1,0,1,15,6,9,0,0,0
57611502,20,10,10,3,0,3,10,6,4,6,4,2,0,0,0,1,0,1,0,0,0
57612301,312,161,151,49,21,28,106,63,43,97,49,48,5,0,5,38,16,22,17,12,5
57612302,75,38,37,9,4,5,31,19,12,30,15,15,1,0,1,4,0,4,0,0,0
57612303,106,54,52,8,2,6,43,22,21,26,13,13,1,1,0,22,13,9,6,3,3
57613101,1637,776,861,322,96,226,604,339,265,470,217,253,16,9,7,133,62,71,92,53,39
57613102,68,38,30,4,3,1,29,18,11,20,7,13,1,1,0,5,3,2,9,6,3
57614001,130,68,62,13,6,7,53,34,19,43,17,26,2,2,0,11,2,9,8,7,1
57614003,114,58,56,16,11,5,53,31,22,35,13,22,1,0,1,7,2,5,2,1,1
57614004,85,47,38,11,6,5,35,23,12,17,7,10,2,2,0,8,3,5,12,6,6
57616602,210,109,101,23,8,15,70,41,29,69,34,35,1,0,1,33,15,18,14,11,3
57617401,176,90,86,16,5,11,80,53,27,54,19,35,3,1,2,18,9,9,5,3,2
57618201,1431,757,674,153,67,86,476,268,208,463,235,228,45,25,20,210,101,109,84,61,23
57619101,20,7,13,2,1,1,3,2,1,6,1,5,0,0,0,9,3,6,0,0,0
57619102,502,240,262,72,28,44,204,121,83,168,68,100,6,0,6,37,13,24,15,10,5
57619104,250,129,121,38,10,28,99,58,41,71,41,30,3,1,2,20,8,12,19,11,8
57619105,84,45,39,7,4,3,33,19,14,29,14,15,1,0,1,10,6,4,4,2,2
57620401,521,263,258,52,15,37,184,98,86,182,93,89,14,7,7,60,26,34,29,24,5
57620402,127,62,65,21,6,15,39,25,14,48,20,28,0,0,0,15,8,7,4,3,1
57621201,19,10,9,8,2,6,8,6,2,2,2,0,1,0,1,0,0,0,0,0,0
57621202,1336,644,692,244,90,154,457,272,185,390,170,220,26,11,15,140,59,81,79,42,37
57621203,50,23,27,13,7,6,14,6,8,7,5,2,0,0,0,1,0,1,15,5,10
57621204,99,53,46,17,6,11,42,29,13,30,15,15,0,0,0,9,3,6,1,0,1
57621206,29,17,12,5,2,3,12,9,3,5,2,3,2,0,2,1,1,0,4,3,1
57622102,418,210,208,48,16,32,168,98,70,122,59,63,7,1,6,43,19,24,30,17,13
57622103,51,24,27,8,3,5,24,15,9,12,4,8,1,1,0,2,0,2,4,1,3
3381920,0,0,0,0,0,0,0,0,0,0,0,0,0,0,0,0,0,0,0,0,0
57624701,33,21,12,1,1,0,9,4,5,14,10,4,0,0,0,8,5,3,1,1,0
57624702,53,24,29,4,3,1,18,9,9,25,10,15,1,0,1,5,2,3,0,0,0
57624704,335,164,171,39,16,23,115,61,54,104,46,58,5,2,3,44,22,22,28,17,11
57624705,20,11,9,5,2,3,6,4,2,7,3,4,0,0,0,2,2,0,0,0,0
57624706,18,8,10,1,1,0,9,5,4,5,1,4,0,0,0,3,1,2,0,0,0
57624707,17,11,6,3,2,1,5,3,2,5,4,1,0,0,0,3,1,2,1,1,0
57626301,440,218,222,45,19,26,161,94,67,161,70,91,6,2,4,47,22,25,20,11,9
57626302,89,44,45,10,2,8,41,24,17,25,13,12,2,2,0,6,0,6,5,3,2
57626304,82,39,43,12,5,7,29,15,14,30,14,16,0,0,0,11,5,6,0,0,0
57626305,43,21,22,5,3,2,15,8,7,14,7,7,1,0,1,5,2,3,3,1,2
57626306,21,9,12,1,0,1,8,4,4,7,4,3,0,0,0,2,0,2,3,1,2
0275880,0,0,0,0,0,0,0,0,0,0,0,0,0,0,0,0,0,0,0,0,0
3036820,0,0,0,0,0,0,0,0,0,0,0,0,0,0,0,0,0,0,0,0,0
3036910,0,0,0,0,0,0,0,0,0,0,0,0,0,0,0,0,0,0,0,0,0
3216300,0,0,0,0,0,0,0,0,0,0,0,0,0,0,0,0,0,0,0,0,0
57627101,96,51,45,8,2,6,21,14,7,41,25,16,3,0,3,21,9,12,2,1,1
57627103,218,122,96,32,21,11,75,44,31,64,36,28,1,0,1,34,17,17,12,4,8
57627104,180,87,93,24,7,17,67,39,28,61,28,33,1,0,1,23,9,14,4,4,0
57627105,69,35,34,9,3,6,21,14,7,25,12,13,0,0,0,11,4,7,3,2,1
57627106,57,30,27,8,2,6,14,6,8,26,19,7,2,1,1,7,2,5,0,0,0
57627107,58,31,27,8,2,6,30,17,13,18,10,8,0,0,0,2,2,0,0,0,0
57627108,171,88,83,19,9,10,73,43,30,48,21,27,4,1,3,24,11,13,3,3,0
57627109,42,22,20,5,0,5,10,7,3,22,13,9,0,0,0,4,2,2,1,0,1
57627110,38,20,18,9,6,3,9,8,1,13,5,8,2,0,2,5,1,4,0,0,0
57627111,21,12,9,2,0,2,9,7,2,5,3,2,1,0,1,4,2,2,0,0,0
57627112,88,46,42,10,5,5,33,23,10,28,12,16,3,0,3,14,6,8,0,0,0
57627113,1407,651,756,171,66,105,446,230,216,519,232,287,27,9,18,198,88,110,46,26,20
57627114,585,286,299,74,27,47,152,85,67,229,107,122,12,3,9,107,56,51,11,8,3
57627115,570,286,284,81,39,42,187,99,88,187,85,102,4,1,3,50,21,29,61,41,20
57627116,1193,584,609,157,60,97,366,199,167,421,201,220,20,6,14,176,92,84,53,26,27
57627117,578,260,318,76,20,56,212,109,103,179,83,96,13,3,10,69,30,39,29,15,14
57628001,107,56,51,17,9,8,42,27,15,35,17,18,1,0,1,9,1,8,3,2,1
57630101,1300,634,666,192,81,111,520,271,249,386,182,204,12,6,6,113,47,66,77,47,30
57630102,101,55,46,12,11,1,37,18,19,40,23,17,1,0,1,8,2,6,3,1,2
57630103,53,26,27,3,1,2,16,12,4,25,12,13,1,1,0,7,0,7,1,0,1
54864201,65,31,34,8,2,6,17,11,6,26,10,16,1,0,1,9,5,4,4,3,1
54864202,56,28,28,10,4,6,11,4,7,21,13,8,3,2,1,11,5,6,0,0,0
54864203,84,49,35,15,9,6,32,23,9,25,11,14,2,1,1,7,3,4,3,2,1
54864204,81,39,42,9,3,6,29,18,11,32,13,19,2,0,2,8,5,3,1,0,1
57631001,176,89,87,16,5,11,72,41,31,51,22,29,1,0,1,20,10,10,16,11,5
54879101,67,34,33,10,5,5,25,15,10,23,10,13,1,0,1,4,1,3,4,3,1
54878201,90,43,47,11,3,8,25,14,11,28,11,17,1,0,1,22,13,9,3,2,1
57632801,53,29,24,13,6,7,17,8,9,13,8,5,0,0,0,7,5,2,3,2,1
57632802,31,14,17,3,2,1,10,3,7,11,5,6,1,0,1,4,3,1,2,1,1
0578272,0,0,0,0,0,0,0,0,0,0,0,0,0,0,0,0,0,0,0,0,0
57633601,49,24,25,7,1,6,16,7,9,15,13,2,2,1,1,6,1,5,3,1,2
57633602,748,388,360,88,41,47,262,163,99,257,121,136,21,10,11,96,41,55,24,12,12
57633603,30,15,15,2,1,1,7,6,1,14,6,8,1,0,1,6,2,4,0,0,0
57633604,32,18,14,3,0,3,12,9,3,11,5,6,0,0,0,6,4,2,0,0,0
57636101,4805,2360,2445,596,263,333,1580,878,702,1623,725,898,101,48,53,621,276,345,284,170,114
57636102,72,35,37,4,1,3,33,15,18,18,12,6,2,0,2,7,1,6,8,6,2
57636103,232,119,113,31,10,21,89,49,40,76,44,32,4,0,4,27,13,14,5,3,2
57636104,50,29,21,8,6,2,19,12,7,17,7,10,0,0,0,6,4,2,0,0,0
57638701,126,66,60,10,3,7,47,26,21,49,27,22,2,1,1,11,5,6,7,4,3
57639501,21,10,11,3,0,3,7,3,4,5,3,2,1,0,1,3,2,1,2,2,0
57639502,61,33,28,4,1,3,26,16,10,20,9,11,1,0,1,7,4,3,3,3,0
57639503,33,17,16,2,0,2,8,4,4,12,8,4,0,0,0,9,4,5,2,1,1
57639505,65,38,27,9,5,4,22,14,8,28,15,13,0,0,0,3,3,0,3,1,2
57640901,206,101,105,21,6,15,72,52,20,61,22,39,3,2,1,27,9,18,22,10,12
54868502,80,45,35,9,5,4,33,22,11,28,13,15,1,0,1,8,4,4,1,1,0
57642501,36,35,1,0,0,0,1,1,0,2,2,0,0,0,0,0,0,0,33,32,1
57642502,1393,778,615,195,112,83,460,282,178,473,240,233,42,27,15,136,62,74,87,55,32
57644101,100,50,50,11,5,6,37,21,16,35,15,20,6,2,4,9,5,4,2,2,0
57644102,171,91,80,26,15,11,62,38,24,48,23,25,4,3,1,11,2,9,20,10,10
54865101,134,68,66,18,6,12,41,28,13,46,22,24,3,1,2,18,6,12,8,5,3
57645001,74,33,41,9,1,8,34,19,15,17,8,9,0,0,0,12,5,7,2,0,2
57645002,134,71,63,13,5,8,66,46,20,37,14,23,4,1,3,9,3,6,5,2,3
57645003,169,91,78,23,8,15,77,51,26,42,18,24,3,1,2,12,4,8,12,9,3
57645004,48,24,24,5,2,3,14,9,5,12,6,6,5,3,2,6,2,4,6,2,4
57645005,30,18,12,7,7,0,5,1,4,11,6,5,1,0,1,6,4,2,0,0,0
57645006,21,14,7,7,5,2,7,4,3,7,5,2,0,0,0,0,0,0,0,0,0
57645008,88,46,42,15,8,7,40,19,21,18,11,7,1,0,1,5,2,3,9,6,3
57646801,420,206,214,43,16,27,127,81,46,150,60,90,7,2,5,75,36,39,18,11,7
57646802,61,30,31,11,6,5,27,14,13,15,7,8,1,0,1,5,3,2,2,0,2
57646803,35,19,16,6,3,3,13,6,7,12,8,4,2,1,1,1,0,1,1,1,0
57647601,37,21,16,4,4,0,15,9,6,9,5,4,1,0,1,8,3,5,0,0,0
57647602,426,217,209,63,28,35,160,91,69,148,75,73,4,3,1,38,14,24,13,6,7
57649201,512,263,249,68,23,45,214,136,78,160,78,82,8,0,8,44,19,25,18,7,11
57650601,218,108,110,22,8,14,75,48,27,76,34,42,3,1,2,36,12,24,6,5,1
57652201,29,16,13,4,1,3,15,10,5,9,5,4,0,0,0,1,0,1,0,0,0
57652202,112,56,56,13,5,8,51,29,22,32,16,16,2,0,2,8,3,5,6,3,3
57654901,18,9,9,1,0,1,9,5,4,4,3,1,0,0,0,4,1,3,0,0,0
57654902,161,84,77,16,5,11,66,42,24,42,16,26,1,0,1,27,14,13,9,7,2
57655701,31,17,14,4,3,1,14,6,8,8,4,4,0,0,0,1,1,0,4,3,1
57655702,157,81,76,20,7,13,56,32,24,58,32,26,1,0,1,15,6,9,7,4,3
57656501,389,198,191,48,21,27,135,74,61,139,73,66,10,5,5,45,20,25,12,5,7
57656502,39,22,17,4,2,2,13,9,4,18,9,9,1,0,1,2,2,0,1,0,1
57658101,76,36,40,10,2,8,25,15,10,27,13,14,0,0,0,10,4,6,4,2,2
57658102,320,167,153,44,17,27,131,81,50,91,51,40,6,1,5,38,13,25,10,4,6
57657302,344,177,167,49,15,34,139,88,51,101,51,50,6,2,4,26,8,18,23,13,10
57659001,204,104,100,20,8,12,76,47,29,78,33,45,4,1,3,16,7,9,10,8,2
57659002,38,18,20,5,1,4,20,11,9,9,5,4,1,0,1,3,1,2,0,0,0
57659003,316,142,174,76,21,55,95,51,44,94,46,48,6,0,6,31,17,14,14,7,7
57659004,2069,989,1080,246,87,159,654,344,310,705,324,381,33,13,20,326,162,164,105,59,46
1122080,0,0,0,0,0,0,0,0,0,0,0,0,0,0,0,0,0,0,0,0,0
57660301,137,75,62,33,15,18,55,31,24,27,14,13,1,1,0,9,6,3,12,8,4
57660305,20,9,11,3,1,2,3,2,1,6,3,3,0,0,0,6,1,5,2,2,0
57661101,54,27,27,9,4,5,25,15,10,8,1,7,3,1,2,3,2,1,6,4,2
57661102,140,70,70,27,6,21,69,39,30,36,20,16,3,1,2,5,4,1,0,0,0
57661103,44,21,23,7,1,6,16,10,6,11,6,5,2,0,2,8,4,4,0,0,0
57662001,379,191,188,53,22,31,155,83,72,97,50,47,7,4,3,39,17,22,28,15,13
57665401,41,25,16,9,4,5,8,6,2,16,11,5,0,0,0,5,2,3,3,2,1
57665403,264,142,122,32,14,18,71,40,31,100,58,42,9,2,7,45,23,22,7,5,2
57665404,67,32,35,11,3,8,27,16,11,23,9,14,0,0,0,6,4,2,0,0,0
57665405,80,44,36,8,5,3,23,11,12,33,21,12,2,0,2,11,7,4,3,0,3
57666201,539,268,271,66,30,36,208,114,94,173,92,81,16,1,15,55,21,34,21,10,11
54872302,107,49,58,12,5,7,44,20,24,36,13,23,0,0,0,9,7,2,6,4,2
57667101,119,62,57,18,10,8,39,25,14,42,17,25,2,2,0,16,6,10,2,2,0
57667102,671,332,339,61,26,35,207,119,88,257,111,146,19,8,11,91,47,44,36,21,15
54875801,47,24,23,7,1,6,18,13,5,15,5,10,1,0,1,3,3,0,3,2,1
57668901,581,272,309,133,32,101,212,127,85,150,70,80,3,0,3,49,23,26,34,20,14
54866902,226,118,108,24,8,16,82,48,34,75,37,38,3,1,2,25,13,12,17,11,6
57670101,61,36,25,10,5,5,26,19,7,9,5,4,0,0,0,5,3,2,11,4,7
57670104,1417,708,709,257,112,145,573,322,251,363,161,202,32,9,23,106,46,60,86,58,28
57670105,41,22,19,4,0,4,14,7,7,9,6,3,0,0,0,11,6,5,3,3,0
57670106,75,40,35,11,3,8,40,24,16,19,11,8,2,1,1,3,1,2,0,0,0
57670107,41,22,19,5,1,4,11,10,1,15,6,9,0,0,0,10,5,5,0,0,0
57672701,247,126,121,31,12,19,105,64,41,75,34,41,3,0,3,18,7,11,15,9,6
57672702,35,17,18,1,0,1,13,7,6,16,8,8,0,0,0,5,2,3,0,0,0
57672703,69,32,37,9,3,6,29,16,13,22,10,12,1,0,1,3,2,1,5,1,4
1441690,0,0,0,0,0,0,0,0,0,0,0,0,0,0,0,0,0,0,0,0,0
1441770,0,0,0,0,0,0,0,0,0,0,0,0,0,0,0,0,0,0,0,0,0
1441850,0,0,0,0,0,0,0,0,0,0,0,0,0,0,0,0,0,0,0,0,0
3216050,0,0,0,0,0,0,0,0,0,0,0,0,0,0,0,0,0,0,0,0,0
3312440,0,0,0,0,0,0,0,0,0,0,0,0,0,0,0,0,0,0,0,0,0
3380950,0,0,0,0,0,0,0,0,0,0,0,0,0,0,0,0,0,0,0,0,0
57606901,21,10,11,0,0,0,8,3,5,11,5,6,1,1,0,0,0,0,1,1,0
57606902,432,218,214,48,25,23,150,91,59,153,64,89,13,4,9,49,22,27,19,12,7
57606904,41,19,22,5,2,3,10,5,5,19,10,9,0,0,0,7,2,5,0,0,0
57606905,246,125,121,18,11,7,82,48,34,86,40,46,7,2,5,50,23,27,3,1,2
57606906,76,39,37,4,4,0,21,13,8,36,17,19,1,0,1,13,5,8,1,0,1
57606907,93,44,49,15,6,9,36,18,18,34,17,17,0,0,0,7,3,4,1,0,1
57606908,250,127,123,25,13,12,92,52,40,88,42,46,5,2,3,37,17,20,3,1,2
57606909,98,54,44,13,6,7,45,29,16,24,12,12,2,0,2,8,3,5,6,4,2
57606910,212,123,89,34,16,18,77,55,22,55,27,28,2,0,2,26,17,9,18,8,10
57606911,907,424,483,79,28,51,221,120,101,384,163,221,20,7,13,183,92,91,20,14,6
57606912,953,450,503,183,49,134,235,131,104,299,132,167,21,11,10,145,87,58,70,40,30
57606913,698,345,353,100,42,58,269,145,124,213,102,111,12,4,8,83,39,44,21,13,8
57606914,1401,705,696,181,82,99,440,244,196,436,195,241,23,9,14,196,91,105,125,84,41
57606915,3522,1640,1882,440,162,278,1104,548,556,1194,560,634,82,31,51,541,260,281,161,79,82
57606916,51,26,25,7,5,2,6,2,4,20,9,11,2,1,1,15,8,7,1,1,0
57673501,82,46,36,13,8,5,23,16,7,23,10,13,2,1,1,18,9,9,3,2,1
57674302,172,90,82,32,13,19,67,45,22,43,14,29,2,1,1,15,9,6,13,8,5
57675102,339,168,171,43,18,25,136,82,54,108,46,62,7,3,4,37,15,22,8,4,4
57677801,161,84,77,16,10,6,59,35,24,55,26,29,6,0,6,19,10,9,6,3,3
57677802,15,7,8,2,1,1,2,1,1,4,3,1,1,0,1,6,2,4,0,0,0
57677803,65,32,33,6,2,4,20,10,10,23,12,11,0,0,0,15,7,8,1,1,0
57677804,70,36,34,5,2,3,24,15,9,34,15,19,0,0,0,6,3,3,1,1,0
57677805,74,38,36,8,5,3,27,16,11,28,10,18,0,0,0,9,7,2,2,0,2
57677806,26,14,12,6,3,3,8,5,3,8,3,5,1,1,0,2,1,1,1,1,0
57677807,26,11,15,2,0,2,6,2,4,14,6,8,0,0,0,3,2,1,1,1,0
57677808,34,16,18,9,3,6,11,7,4,13,6,7,0,0,0,1,0,1,0,0,0
57677809,422,202,220,63,27,36,137,78,59,146,59,87,3,1,2,47,21,26,26,16,10
57678601,704,359,345,82,41,41,281,164,117,208,91,117,14,6,8,83,36,47,36,21,15
57679401,114,51,63,17,4,13,38,20,18,45,19,26,1,0,1,12,7,5,1,1,0
57680801,228,120,108,31,14,17,87,50,37,67,31,36,11,5,6,18,11,7,14,9,5
57680802,1636,857,779,218,106,112,529,314,215,555,257,298,43,24,19,178,84,94,113,72,41
54869301,35,20,15,6,4,2,14,10,4,8,3,5,0,0,0,7,3,4,0,0,0
54869302,101,52,49,14,5,9,37,24,13,27,13,14,0,0,0,14,8,6,9,2,7
57681601,45,26,19,11,4,7,15,10,5,12,7,5,0,0,0,3,2,1,4,3,1
57681602,128,66,62,14,5,9,49,29,20,41,20,21,3,1,2,17,7,10,4,4,0
57681603,171,81,90,15,7,8,70,44,26,55,21,34,8,2,6,15,4,11,8,3,5
57682401,217,106,111,24,10,14,84,50,34,75,29,46,5,3,2,23,11,12,6,3,3
57682402,206,107,99,25,9,16,80,49,31,66,35,31,4,1,3,19,7,12,12,6,6
57682403,43,21,22,5,2,3,20,7,13,13,8,5,0,0,0,2,2,0,3,2,1
57682404,75,36,39,12,4,8,28,16,12,23,10,13,0,0,0,8,4,4,4,2,2
57682405,56,28,28,4,2,2,23,14,9,21,8,13,0,0,0,7,3,4,1,1,0
57683201,228,112,116,30,12,18,81,45,36,81,37,44,2,1,1,33,17,16,1,0,1
57684101,52,22,30,4,1,3,24,12,12,19,9,10,0,0,0,4,0,4,1,0,1
57684102,243,119,124,31,17,14,104,57,47,74,34,40,4,2,2,17,3,14,13,6,7
57685902,208,101,107,26,7,19,71,43,28,76,36,40,5,1,4,28,13,15,2,1,1
57685904,156,84,72,19,12,7,65,37,28,42,21,21,6,2,4,23,11,12,1,1,0
57685905,184,88,96,32,16,16,79,42,37,51,20,31,4,0,4,16,8,8,2,2,0
57685906,123,54,69,16,5,11,50,27,23,37,15,22,7,2,5,10,3,7,3,2,1
57685907,4202,2029,2173,545,195,350,1383,760,623,1429,662,767,69,29,40,555,242,313,221,141,80
57685908,150,70,80,18,5,13,51,31,20,58,24,34,3,0,3,15,7,8,5,3,2
57687501,66,33,33,9,4,5,22,14,8,22,7,15,0,0,0,12,7,5,1,1,0
57687502,181,93,88,13,6,7,71,38,33,61,29,32,6,2,4,24,15,9,6,3,3
57688301,249,120,129,28,16,12,95,50,45,79,34,45,6,3,3,33,11,22,8,6,2
57688302,18,8,10,2,1,1,8,4,4,7,3,4,0,0,0,0,0,0,1,0,1
57688303,22,9,13,7,2,5,10,4,6,2,1,1,0,0,0,2,1,1,1,1,0
57688305,23,15,8,1,1,0,10,8,2,10,6,4,0,0,0,2,0,2,0,0,0
57688306,223,109,114,24,11,13,91,53,38,85,36,49,4,0,4,11,4,7,8,5,3
57688307,3203,1561,1642,500,199,301,1217,638,579,931,443,488,46,14,32,277,130,147,232,137,95
57688308,51,24,27,7,2,5,19,9,10,15,9,6,0,0,0,10,4,6,0,0,0
57689101,32,16,16,2,0,2,13,6,7,9,7,2,0,0,0,6,2,4,2,1,1
57689102,73,34,39,6,1,5,28,15,13,28,14,14,2,0,2,8,3,5,1,1,0
57689103,66,32,34,6,3,3,23,12,11,21,8,13,3,0,3,12,8,4,1,1,0
57689104,131,67,64,19,7,12,50,34,16,38,17,21,5,2,3,16,7,9,3,0,3
57689105,253,135,118,21,10,11,101,63,38,93,45,48,3,0,3,22,9,13,13,8,5
57689106,33,17,16,2,1,1,8,7,1,16,8,8,2,0,2,1,0,1,4,1,3
54870701,24,12,12,1,0,1,8,6,2,12,5,7,0,0,0,3,1,2,0,0,0
54870702,102,56,46,13,8,5,39,20,19,29,17,12,3,1,2,17,9,8,1,1,0
57692101,492,253,239,54,26,28,200,118,82,161,72,89,7,0,7,45,19,26,25,18,7
57693001,209,108,101,22,10,12,89,56,33,65,29,36,10,3,7,15,6,9,8,4,4
57694801,19,11,8,2,1,1,8,5,3,4,3,1,0,0,0,5,2,3,0,0,0
57694802,33,21,12,6,2,4,4,2,2,10,6,4,0,0,0,6,5,1,7,6,1
57694804,52,24,28,8,2,6,24,13,11,14,7,7,1,0,1,3,1,2,2,1,1
57694805,24,14,10,5,2,3,5,4,1,8,5,3,0,0,0,6,3,3,0,0,0
57695601,23,13,10,2,0,2,11,7,4,9,6,3,1,0,1,0,0,0,0,0,0
57695602,24,15,9,4,4,0,9,6,3,5,2,3,1,0,1,4,2,2,1,1,0
57695603,371,187,184,55,18,37,146,95,51,111,47,64,6,1,5,36,16,20,17,10,7
57904101,110,61,49,9,6,3,47,28,19,34,17,17,3,1,2,13,6,7,4,3,1
57904102,518,266,252,50,17,33,191,111,80,185,90,95,6,1,5,49,21,28,37,26,11
57905003,628,309,319,106,48,58,272,151,121,139,60,79,4,0,4,41,20,21,66,30,36
57905004,26,12,14,0,0,0,9,5,4,13,4,9,0,0,0,4,3,1,0,0,0
57905005,53,27,26,6,1,5,22,14,8,15,7,8,1,0,1,4,2,2,5,3,2
57906801,53,25,28,6,2,4,29,16,13,13,5,8,0,0,0,4,1,3,1,1,0
57906802,883,438,445,121,56,65,341,189,152,253,114,139,11,2,9,111,49,62,46,28,18
57906803,46,24,22,3,1,2,12,7,5,20,8,12,0,0,0,11,8,3,0,0,0
57906804,110,60,50,14,10,4,41,28,13,40,16,24,2,0,2,11,5,6,2,1,1
57907601,138,68,70,15,5,10,61,37,24,43,20,23,1,0,1,10,3,7,8,3,5
57909201,292,151,141,58,22,36,121,78,43,79,34,45,0,0,0,20,9,11,14,8,6
54882101,154,82,72,32,15,17,68,45,23,33,8,25,0,0,0,13,7,6,8,7,1
57910601,337,181,156,66,27,39,144,95,49,80,37,43,8,1,7,20,8,12,19,13,6
57911401,289,148,141,54,18,36,114,74,40,80,41,39,4,2,2,29,7,22,8,6,2
57911402,226,114,112,30,10,20,82,54,28,68,23,45,5,2,3,28,17,11,13,8,5
57911403,80,37,43,11,2,9,38,23,15,20,9,11,3,1,2,5,2,3,3,0,3
57912201,791,402,389,97,27,70,333,223,110,237,94,143,14,6,8,77,38,39,33,14,19
55486302,322,170,152,46,16,30,143,94,49,86,37,49,5,2,3,25,11,14,17,10,7
57914901,210,117,93,24,12,12,89,54,35,69,36,33,3,0,3,17,9,8,8,6,2
57915701,462,225,237,62,21,41,205,115,90,132,58,74,5,3,2,43,20,23,15,8,7
57915702,98,48,50,16,7,9,34,22,12,32,11,21,2,1,1,9,5,4,5,2,3
57916501,629,308,321,102,34,68,262,158,104,172,68,104,9,1,8,49,25,24,35,22,13
57917301,154,78,76,32,11,21,71,45,26,29,10,19,3,1,2,8,5,3,11,6,5
57917302,86,42,44,16,7,9,31,18,13,23,10,13,1,1,0,8,3,5,7,3,4
57917303,45,21,24,9,1,8,18,10,8,13,5,8,0,0,0,4,4,0,1,1,0
57917304,22,11,11,2,2,0,12,7,5,4,1,3,1,0,1,1,0,1,2,1,1
57918101,253,129,124,28,16,12,91,56,35,78,32,46,9,1,8,36,18,18,11,6,5
57918102,25,11,14,11,2,9,6,5,1,7,3,4,0,0,0,1,1,0,0,0,0
57918103,30,12,18,6,2,4,12,7,5,10,2,8,0,0,0,2,1,1,0,0,0
57919001,548,261,287,72,22,50,224,133,91,163,65,98,9,4,5,48,19,29,32,18,14
3126810,0,0,0,0,0,0,0,0,0,0,0,0,0,0,0,0,0,0,0,0,0
57920301,144,78,66,22,9,13,65,44,21,44,19,25,1,1,0,7,2,5,5,3,2
57920302,276,132,144,29,9,20,121,64,57,81,35,46,2,2,0,31,15,16,12,7,5
57920303,130,70,60,23,7,16,51,38,13,39,17,22,0,0,0,9,4,5,8,4,4
57920304,187,101,86,21,8,13,79,52,27,58,28,30,2,2,0,14,5,9,13,6,7
57920305,336,173,163,29,16,13,122,72,50,121,59,62,8,2,6,42,19,23,14,5,9
57920306,136,71,65,22,7,15,44,30,14,45,22,23,3,0,3,12,7,5,10,5,5
57920307,40,22,18,3,1,2,17,12,5,17,6,11,0,0,0,1,1,0,2,2,0
57920308,196,101,95,21,8,13,54,34,20,64,33,31,7,2,5,45,20,25,5,4,1
57920309,66,32,34,2,2,0,17,8,9,34,16,18,1,0,1,10,4,6,2,2,0
57920310,422,194,228,84,35,49,144,68,76,103,46,57,7,1,6,58,29,29,26,15,11
57920311,705,346,359,82,31,51,238,139,99,234,99,135,12,4,8,109,55,54,30,18,12
57920312,1540,781,759,198,85,113,521,288,233,454,191,263,25,9,16,148,70,78,194,138,56
57920313,1626,781,845,234,113,121,567,322,245,511,212,299,24,5,19,217,91,126,73,38,35
57920314,111,53,58,19,8,11,42,26,16,24,7,17,1,0,1,10,4,6,15,8,7
57920315,1029,525,504,130,61,69,423,251,172,293,131,162,10,3,7,120,52,68,53,27,26
57920316,1932,888,1044,280,110,170,753,381,372,552,243,309,31,8,23,191,79,112,125,67,58
57920317,1033,440,593,169,58,111,368,183,185,308,114,194,15,7,8,124,52,72,49,26,23
57920318,254,111,143,50,20,30,102,47,55,73,28,45,4,2,2,13,8,5,12,6,6
57920319,16,8,8,4,1,3,5,3,2,4,2,2,0,0,0,2,1,1,1,1,0
57920320,1011,484,527,108,47,61,354,203,151,325,138,187,12,5,7,147,56,91,65,35,30
57920321,169,85,84,15,5,10,62,38,24,60,30,30,4,2,2,20,8,12,8,2,6
57920322,125,68,57,26,13,13,50,33,17,26,11,15,1,1,0,15,7,8,7,3,4
57920324,1357,637,720,157,81,76,433,218,215,468,205,263,20,5,15,230,107,123,49,21,28
57921101,463,252,211,137,67,70,169,115,54,89,34,55,0,0,0,31,8,23,37,28,9
57921102,18,9,9,4,0,4,7,5,2,7,4,3,0,0,0,0,0,0,0,0,0
57921104,25,13,12,6,1,5,10,6,4,1,0,1,0,0,0,6,4,2,2,2,0
57921105,189,87,102,40,10,30,69,47,22,47,17,30,3,1,2,20,6,14,10,6,4
57921106,24,11,13,5,3,2,4,2,2,9,4,5,0,0,0,6,2,4,0,0,0
57921108,48,21,27,10,3,7,16,10,6,12,4,8,0,0,0,8,3,5,2,1,1
57921109,35,17,18,8,4,4,10,5,5,11,5,6,0,0,0,4,2,2,2,1,1
57921110,49,24,25,4,1,3,19,11,8,19,8,11,1,1,0,6,3,3,0,0,0
57922001,36,17,19,2,0,2,17,13,4,13,2,11,0,0,0,3,2,1,1,0,1
57922002,54,29,25,5,4,1,18,11,7,21,7,14,0,0,0,6,4,2,4,3,1
57922003,692,345,347,84,30,54,240,150,90,237,102,135,11,3,8,94,45,49,26,15,11
57923801,364,190,174,54,25,29,169,99,70,83,35,48,6,1,5,31,17,14,21,13,8
57925401,289,144,145,49,18,31,110,65,45,79,37,42,5,4,1,33,13,20,13,7,6
57926202,27,17,10,2,1,1,9,7,2,8,4,4,0,0,0,6,3,3,2,2,0
57926203,32,17,15,3,1,2,7,4,3,14,9,5,1,0,1,7,3,4,0,0,0
57926206,121,63,58,13,6,7,40,22,18,33,16,17,1,0,1,24,13,11,10,6,4
57926207,506,251,255,77,34,43,175,101,74,140,64,76,6,0,6,69,31,38,39,21,18
57926209,92,53,39,21,14,7,37,25,12,23,8,15,0,0,0,8,3,5,3,3,0
57927101,52,28,24,9,5,4,24,15,9,15,7,8,0,0,0,2,1,1,2,0,2
57927102,109,62,47,23,12,11,38,23,15,35,20,15,1,1,0,2,1,1,10,5,5
57927103,50,23,27,8,1,7,18,12,6,16,6,10,1,0,1,6,3,3,1,1,0
57927104,35,21,14,1,0,1,25,15,10,7,5,2,0,0,0,2,1,1,0,0,0
57929701,3509,1719,1790,739,292,447,1410,838,572,845,341,504,29,10,19,285,123,162,201,115,86
57930102,133,69,64,16,7,9,59,36,23,41,20,21,1,0,1,11,4,7,5,2,3
57930103,34,18,16,5,3,2,10,6,4,10,5,5,0,0,0,8,3,5,1,1,0
57931901,557,286,271,86,40,46,252,152,100,131,55,76,9,2,7,44,18,26,35,19,16
57931902,196,105,91,41,18,23,83,54,29,37,14,23,1,1,0,17,7,10,17,11,6
57931903,56,29,27,12,6,6,21,13,8,13,6,7,2,1,1,6,2,4,2,1,1
57932701,27,15,12,6,4,2,14,9,5,7,2,5,0,0,0,0,0,0,0,0,0
57932702,47,27,20,8,4,4,15,8,7,13,8,5,0,0,0,6,3,3,5,4,1
57932703,398,198,200,78,28,50,178,110,68,92,35,57,6,0,6,30,16,14,14,9,5
57933501,401,215,186,65,23,42,173,112,61,101,49,52,6,1,5,33,17,16,23,13,10
57933502,139,68,71,17,7,10,64,34,30,43,17,26,0,0,0,11,7,4,4,3,1
57935103,30,15,15,2,2,0,7,6,1,12,3,9,0,0,0,9,4,5,0,0,0
57935104,47,24,23,2,2,0,11,7,4,21,8,13,2,1,1,11,6,5,0,0,0
57935105,108,53,55,10,9,1,36,15,21,34,14,20,0,0,0,20,12,8,8,3,5
57935106,395,197,198,61,30,31,119,71,48,128,52,76,9,2,7,44,20,24,34,22,12
57937801,20,12,8,4,2,2,7,6,1,4,1,3,0,0,0,2,1,1,3,2,1
57937802,30,15,15,5,2,3,8,5,3,13,7,6,0,0,0,4,1,3,0,0,0
57937803,204,99,105,47,14,33,84,52,32,52,22,30,1,0,1,6,2,4,14,9,5
57937804,40,27,13,12,10,2,11,6,5,13,8,5,0,0,0,1,0,1,3,3,0
57937805,109,56,53,19,5,14,49,33,16,20,10,10,1,0,1,10,3,7,10,5,5
57937807,44,22,22,8,2,6,24,14,10,7,3,4,2,1,1,1,0,1,2,2,0
57938601,181,87,94,28,14,14,82,43,39,51,22,29,1,1,0,13,4,9,6,3,3
57939401,218,111,107,43,15,28,92,62,30,61,25,36,2,0,2,18,9,9,2,0,2
57939402,36,20,16,4,1,3,19,14,5,8,3,5,2,1,1,2,1,1,1,0,1
57939403,166,88,78,25,13,12,88,47,41,33,15,18,1,1,0,11,6,5,8,6,2
57940801,34,17,17,2,0,2,7,4,3,16,8,8,1,0,1,3,2,1,5,3,2
57940803,146,78,68,29,15,14,58,38,20,33,14,19,1,1,0,19,6,13,6,4,2
57940804,41,22,19,5,2,3,14,9,5,16,6,10,0,0,0,5,4,1,1,1,0
53080801,143,76,67,25,7,18,54,35,19,42,19,23,1,1,0,7,3,4,14,11,3
57941602,54,26,28,7,3,4,24,14,10,14,5,9,1,0,1,4,1,3,4,3,1
57941603,162,82,80,35,12,23,59,37,22,45,20,25,3,1,2,15,8,7,5,4,1
57942401,441,227,214,69,26,43,183,119,64,110,45,65,10,2,8,37,14,23,32,21,11
54880401,318,139,179,78,23,55,145,71,74,56,29,27,1,0,1,9,2,7,29,14,15
57943201,363,184,179,48,17,31,175,106,69,98,46,52,3,0,3,25,8,17,14,7,7
57943202,1048,524,524,162,52,110,401,248,153,300,128,172,17,4,13,119,65,54,49,27,22
57944101,68,33,35,11,5,6,23,14,9,20,8,12,0,0,0,10,3,7,4,3,1
57944102,40,21,19,6,2,4,15,9,6,8,4,4,3,1,2,8,5,3,0,0,0
57944103,34,18,16,3,0,3,19,11,8,10,6,4,0,0,0,2,1,1,0,0,0
57944104,32,14,18,6,2,4,15,8,7,7,1,6,1,0,1,2,2,0,1,1,0
57947501,263,129,134,31,10,21,115,69,46,72,29,43,4,2,2,31,13,18,10,6,4
57947502,41,21,20,5,4,1,14,9,5,15,7,8,0,0,0,4,0,4,3,1,2
57948301,121,62,59,14,5,9,60,37,23,36,14,22,2,1,1,9,5,4,0,0,0
57948302,18,10,8,4,2,2,5,4,1,6,2,4,0,0,0,2,1,1,1,1,0
54647001,94,51,43,15,9,6,34,18,16,24,9,15,1,0,1,13,9,4,7,6,1
54647002,47,23,24,4,2,2,21,15,6,14,4,10,0,0,0,6,2,4,2,0,2
57950501,66,37,29,5,2,3,12,9,3,33,17,16,0,0,0,16,9,7,0,0,0
57950502,68,40,28,9,5,4,28,16,12,21,10,11,2,2,0,5,4,1,3,3,0
57951301,1014,496,518,125,45,80,359,206,153,336,143,193,12,2,10,141,71,70,41,29,12
57951302,290,268,22,147,144,3,101,93,8,34,24,10,1,1,0,4,3,1,3,3,0
57951303,63,34,29,10,3,7,25,17,8,21,10,11,1,0,1,3,2,1,3,2,1
57951304,85,45,40,14,5,9,36,21,15,20,12,8,1,0,1,6,3,3,8,4,4
57953001,140,74,66,15,5,10,64,38,26,43,22,21,2,1,1,9,3,6,7,5,2
57954801,142,81,61,21,13,8,63,43,20,38,15,23,1,1,0,10,4,6,9,5,4
57954802,243,118,125,43,15,28,98,57,41,64,33,31,1,0,1,18,6,12,19,7,12
57954803,1474,747,727,246,105,141,617,346,271,376,175,201,20,8,12,118,52,66,97,61,36
57955601,22,12,10,5,2,3,10,5,5,4,3,1,1,0,1,2,2,0,0,0,0
57955602,46,27,19,14,7,7,21,14,7,3,1,2,0,0,0,5,3,2,3,2,1
57955603,568,284,284,75,28,47,281,157,124,136,59,77,2,0,2,37,16,21,37,24,13
57955604,116,62,54,16,5,11,51,31,20,29,17,12,4,1,3,8,4,4,8,4,4
57955606,125,67,58,18,7,11,55,33,22,32,19,13,3,0,3,12,4,8,5,4,1
57955607,49,25,24,11,6,5,17,8,9,16,9,7,1,0,1,4,2,2,0,0,0
57955608,63,28,35,7,2,5,28,12,16,19,12,7,2,1,1,4,1,3,3,0,3
57956401,339,178,161,44,21,23,119,77,42,115,48,67,3,2,1,44,22,22,14,8,6
57956402,85,43,42,5,4,1,24,16,8,34,17,17,2,0,2,19,6,13,1,0,1
57956403,69,32,37,11,5,6,25,13,12,21,9,12,0,0,0,7,2,5,5,3,2
57956404,130,66,64,14,3,11,46,28,18,41,22,19,2,1,1,18,8,10,9,4,5
57958102,311,167,144,32,17,15,76,47,29,121,60,61,6,3,3,61,30,31,15,10,5
57958103,101,48,53,8,3,5,32,18,14,34,14,20,0,0,0,19,10,9,8,3,5
57958104,155,84,71,16,7,9,53,33,20,61,34,27,6,4,2,15,4,11,4,2,2
57959901,587,287,300,113,45,68,249,147,102,133,49,84,5,2,3,42,16,26,45,28,17
57959902,175,86,89,22,10,12,72,40,32,56,26,30,2,0,2,15,6,9,8,4,4
57959903,168,84,84,28,11,17,65,36,29,55,30,25,3,1,2,15,5,10,2,1,1
57959904,65,33,32,12,6,6,31,17,14,17,9,8,0,0,0,3,0,3,2,1,1
57960201,472,247,225,54,26,28,232,145,87,126,54,72,8,1,7,22,7,15,30,14,16
57962901,743,351,392,149,52,97,338,190,148,159,72,87,8,0,8,37,9,28,52,28,24
57962902,25,14,11,4,2,2,8,4,4,7,4,3,0,0,0,6,4,2,0,0,0
57963701,2443,1188,1255,314,118,196,905,516,389,721,329,392,28,9,19,274,118,156,201,98,103
57964501,105,57,48,14,8,6,43,27,16,32,15,17,0,0,0,9,2,7,7,5,2
57964502,241,115,126,44,18,26,111,63,48,57,21,36,2,1,1,9,3,6,18,9,9
57964504,66,32,34,16,5,11,33,21,12,11,2,9,1,0,1,3,2,1,2,2,0
57964505,428,219,209,102,33,69,160,102,58,106,51,55,2,0,2,22,11,11,36,22,14
57964506,228,116,112,46,20,26,90,60,30,59,21,38,4,2,2,15,6,9,14,7,7
57964507,42,22,20,8,3,5,16,11,5,11,3,8,1,0,1,4,3,1,2,2,0
57964508,67,32,35,17,5,12,21,13,8,14,7,7,0,0,0,1,0,1,14,7,7
57964509,527,278,249,87,33,54,220,136,84,121,57,64,5,0,5,33,14,19,61,38,23
54881201,50,25,25,10,0,10,27,17,10,9,5,4,1,0,1,1,1,0,2,2,0
57966101,99,48,51,20,8,12,37,23,14,29,10,19,0,0,0,9,4,5,4,3,1
57966102,46,25,21,8,4,4,12,10,2,19,8,11,1,0,1,4,2,2,2,1,1
57966103,95,47,48,14,5,9,45,25,20,19,6,13,3,2,1,5,4,1,9,5,4
57966104,231,122,109,29,11,18,88,55,33,71,34,37,2,1,1,26,8,18,15,13,2
57966105,26,12,14,2,0,2,11,6,5,11,5,6,1,0,1,1,1,0,0,0,0
57969602,149,76,73,16,7,9,45,28,17,52,25,27,1,0,1,27,11,16,8,5,3
57972601,288,144,144,38,13,25,106,64,42,85,37,48,4,1,3,44,21,23,11,8,3
57973401,135,69,66,24,9,15,53,28,25,34,20,14,3,1,2,15,6,9,6,5,1
57973402,938,439,499,121,39,82,381,196,185,247,107,140,10,4,6,108,51,57,71,42,29
57973403,605,290,315,78,25,53,269,159,110,173,63,110,6,2,4,42,19,23,37,22,15
57974202,507,232,275,49,23,26,136,75,61,196,84,112,9,4,5,87,32,55,30,14,16
57974204,65,37,28,5,2,3,19,13,6,27,14,13,1,1,0,9,5,4,4,2,2
57974205,32,19,13,2,2,0,5,3,2,16,10,6,1,1,0,7,3,4,1,0,1
57974209,55,34,21,7,5,2,16,14,2,24,13,11,0,0,0,5,2,3,3,0,3
57974212,223,121,102,20,11,9,59,38,21,80,39,41,2,0,2,48,24,24,14,9,5
57974213,24,13,11,1,0,1,10,8,2,6,3,3,1,1,0,5,1,4,1,0,1
57975101,73,38,35,12,6,6,32,16,16,18,11,7,1,0,1,5,3,2,5,2,3
1690990,0,0,0,0,0,0,0,0,0,0,0,0,0,0,0,0,0,0,0,0,0
1691290,0,0,0,0,0,0,0,0,0,0,0,0,0,0,0,0,0,0,0,0,0
1691700,0,0,0,0,0,0,0,0,0,0,0,0,0,0,0,0,0,0,0,0,0
3126900,0,0,0,0,0,0,0,0,0,0,0,0,0,0,0,0,0,0,0,0,0
3200300,0,0,0,0,0,0,0,0,0,0,0,0,0,0,0,0,0,0,0,0,0
57902501,108,58,50,23,10,13,44,31,13,25,10,15,0,0,0,12,5,7,4,2,2
57902502,64,29,35,14,6,8,33,16,17,12,5,7,0,0,0,0,0,0,5,2,3
57902503,109,58,51,13,6,7,51,29,22,33,15,18,1,0,1,9,6,3,2,2,0
57902504,102,55,47,9,4,5,49,31,18,27,10,17,1,0,1,10,5,5,6,5,1
57902505,28,15,13,6,2,4,9,8,1,5,1,4,0,0,0,4,2,2,4,2,2
57902506,60,31,29,14,8,6,19,12,7,18,9,9,2,0,2,7,2,5,0,0,0
57902508,186,95,91,35,13,22,82,49,33,46,23,23,3,1,2,5,0,5,15,9,6
57902510,20,11,9,1,1,0,10,7,3,7,2,5,0,0,0,2,1,1,0,0,0
57902511,24,11,13,5,1,4,6,5,1,4,1,3,3,1,2,4,2,2,2,1,1
57902512,257,136,121,33,15,18,145,88,57,38,12,26,2,1,1,26,12,14,13,8,5
57902513,55,24,31,6,2,4,30,17,13,7,1,6,1,0,1,6,3,3,5,1,4
57902514,80,42,38,16,12,4,34,15,19,18,9,9,0,0,0,3,1,2,9,5,4
57902515,71,37,34,8,2,6,35,22,13,18,8,10,0,0,0,8,4,4,2,1,1
57902516,47,26,21,5,4,1,16,11,5,12,4,8,2,0,2,10,6,4,2,1,1
57902517,286,132,154,35,13,22,86,45,41,98,48,50,4,3,1,51,16,35,12,7,5
57902518,1951,876,1075,265,84,181,660,335,325,633,263,370,32,8,24,242,114,128,119,72,47
57902519,26,15,11,2,2,0,4,2,2,16,9,7,0,0,0,3,2,1,1,0,1
57902520,1026,484,542,111,48,63,283,147,136,390,167,223,14,6,8,193,95,98,35,21,14
57902522,1067,492,575,124,56,68,343,164,179,370,167,203,9,2,7,149,60,89,72,43,29
57902523,1235,565,670,149,54,95,409,204,205,416,168,248,16,6,10,153,76,77,92,57,35
57902524,801,394,407,80,38,42,223,122,101,303,143,160,14,4,10,160,76,84,21,11,10
57902526,755,339,416,106,43,63,149,80,69,270,105,165,11,5,6,199,93,106,20,13,7
57902528,211,99,112,27,10,17,65,36,29,71,33,38,2,0,2,29,11,18,17,9,8
57902529,971,439,532,142,52,90,339,185,154,329,122,207,11,6,5,112,56,56,38,18,20
57902530,1043,484,559,132,52,80,359,185,174,342,149,193,12,2,10,142,66,76,56,30,26
57902531,23,10,13,8,4,4,2,2,0,6,2,4,0,0,0,5,1,4,2,1,1
57902532,235,120,115,27,14,13,42,24,18,76,37,39,2,2,0,84,40,44,4,3,1
57902533,19,8,11,1,1,0,10,5,5,4,2,2,0,0,0,0,0,0,4,0,4
57902534,803,379,424,76,34,42,273,148,125,274,114,160,22,10,12,123,56,67,35,17,18
57902535,2550,1188,1362,302,113,189,760,420,340,901,391,510,38,12,26,427,188,239,122,64,58
57902536,449,231,218,48,27,21,172,105,67,135,55,80,3,2,1,65,31,34,26,11,15
57902537,104,52,52,15,9,6,9,7,2,34,15,19,3,1,2,43,20,23,0,0,0
57902538,316,168,148,69,41,28,97,51,46,77,32,45,1,0,1,26,13,13,46,31,15
57902539,206,96,110,34,16,18,62,34,28,66,25,41,3,2,1,32,13,19,9,6,3
57902540,1328,639,689,186,63,123,477,263,214,437,194,243,20,9,11,145,74,71,63,36,27
57902541,3343,1586,1757,530,220,310,1236,661,575,1040,437,603,29,9,20,356,179,177,152,80,72
57902542,133,71,62,14,7,7,36,18,18,45,28,17,3,2,1,28,13,15,7,3,4
57902544,1203,583,620,198,92,106,439,225,214,297,137,160,14,5,9,123,57,66,132,67,65
57902545,205,98,107,26,10,16,67,39,28,80,32,48,0,0,0,30,16,14,2,1,1
57902546,123,62,61,19,10,9,45,26,19,39,18,21,4,1,3,15,6,9,1,1,0
57902547,1055,501,554,164,67,97,411,219,192,284,117,167,11,4,7,108,49,59,77,45,32
57902548,121,58,63,21,8,13,40,23,17,30,11,19,1,0,1,8,4,4,21,12,9
57902549,106,50,56,12,3,9,58,34,24,28,11,17,1,0,1,6,1,5,1,1,0
57902551,237,112,125,22,7,15,83,45,38,87,41,46,3,2,1,33,14,19,9,3,6
57902552,103,53,50,18,7,11,33,20,13,28,15,13,0,0,0,18,7,11,6,4,2
57902553,295,150,145,54,22,32,105,64,41,85,37,48,2,1,1,40,19,21,9,7,2
57902554,46,23,23,4,1,3,14,10,4,15,5,10,2,0,2,5,2,3,6,5,1
57902555,1040,653,387,146,87,59,273,176,97,226,108,118,9,1,8,88,45,43,298,236,62
57976902,34,19,15,4,0,4,18,10,8,8,6,2,1,1,0,3,2,1,0,0,0
57976903,39,23,16,4,3,1,24,14,10,7,4,3,1,1,0,2,0,2,1,1,0
57976904,39,22,17,5,0,5,14,10,4,16,10,6,2,1,1,1,0,1,1,1,0
57976905,21,10,11,1,0,1,8,5,3,5,2,3,0,0,0,7,3,4,0,0,0
57976906,237,120,117,29,11,18,91,62,29,70,30,40,9,1,8,30,10,20,8,6,2
57977701,297,148,149,45,18,27,130,79,51,83,36,47,4,0,4,22,9,13,13,6,7
57977702,4224,1988,2236,777,281,496,1623,887,736,1136,497,639,28,9,19,319,127,192,341,187,154
57978501,103,51,52,12,2,10,44,26,18,27,15,12,0,0,0,13,6,7,7,2,5
57978503,183,95,88,27,15,12,78,44,34,50,25,25,1,0,1,16,4,12,11,7,4
57978504,725,368,357,86,31,55,244,149,95,254,126,128,12,5,7,87,34,53,42,23,19
57979301,67,36,31,8,4,4,16,11,5,24,9,15,0,0,0,17,10,7,2,2,0
57979302,122,63,59,21,9,12,48,25,23,27,14,13,1,1,0,22,11,11,3,3,0
57979303,27,15,12,2,1,1,14,9,5,10,5,5,0,0,0,1,0,1,0,0,0
57459701,18,9,9,2,1,1,10,6,4,3,1,2,0,0,0,2,0,2,1,1,0
57459702,128,67,61,24,14,10,51,29,22,37,17,20,2,0,2,11,4,7,3,3,0
57981501,33,15,18,4,1,3,14,8,6,10,4,6,0,0,0,4,2,2,1,0,1
57981502,361,182,179,55,24,31,159,94,65,98,42,56,3,0,3,30,12,18,16,10,6
57981503,72,37,35,14,6,8,36,22,14,11,4,7,1,1,0,2,0,2,8,4,4
57981504,476,247,229,106,47,59,181,106,75,85,32,53,6,1,5,26,15,11,72,46,26
57981506,199,101,98,40,19,21,70,42,28,52,21,31,5,2,3,19,10,9,13,7,6
57981508,36,18,18,5,1,4,12,8,4,10,5,5,1,1,0,5,2,3,3,1,2
57981509,22,12,10,1,0,1,12,6,6,8,5,3,0,0,0,0,0,0,1,1,0
57982302,438,225,213,56,29,27,155,99,56,135,59,76,13,3,10,44,18,26,35,17,18
57983101,132,64,68,19,8,11,62,38,24,37,13,24,1,0,1,10,4,6,3,1,2
57983102,185,95,90,17,8,9,95,57,38,48,15,33,0,0,0,12,7,5,13,8,5
3038790,0,0,0,0,0,0,0,0,0,0,0,0,0,0,0,0,0,0,0,0,0
3127620,0,0,0,0,0,0,0,0,0,0,0,0,0,0,0,0,0,0,0,0,0
57985802,196,99,97,16,8,8,54,33,21,80,35,45,4,1,3,34,15,19,8,7,1
57985803,1196,598,598,178,68,110,392,241,151,413,194,219,12,4,8,153,66,87,48,25,23
57985804,746,369,377,118,43,75,225,128,97,229,106,123,4,1,3,127,61,66,43,30,13
57985806,163,89,74,21,10,11,64,41,23,47,24,23,2,0,2,20,12,8,9,2,7
57985808,128,60,68,13,4,9,44,26,18,55,23,32,0,0,0,10,4,6,6,3,3
57985809,513,240,273,112,43,69,184,113,71,153,56,97,3,1,2,41,19,22,20,8,12
57985810,1801,825,976,260,87,173,653,353,300,568,238,330,29,8,21,211,94,117,80,45,35
57985811,637,292,345,83,28,55,259,144,115,190,82,108,7,0,7,69,27,42,29,11,18
57985813,1872,959,913,249,95,154,576,338,238,526,239,287,33,15,18,291,138,153,197,134,63
57985814,1750,809,941,222,84,138,581,294,287,606,268,338,27,9,18,242,110,132,72,44,28
57985815,80,36,44,13,6,7,36,18,18,20,9,11,4,0,4,4,2,2,3,1,2
57985816,20,11,9,3,1,2,8,7,1,5,2,3,0,0,0,3,1,2,1,0,1
57985817,922,419,503,129,40,89,337,184,153,295,125,170,17,6,11,101,40,61,43,24,19
54883901,48,23,25,7,2,5,11,7,4,18,8,10,2,0,2,10,6,4,0,0,0
54883902,22,10,12,2,0,2,10,7,3,6,1,5,1,0,1,1,1,0,2,1,1
54883903,45,19,26,6,2,4,12,6,6,15,6,9,1,0,1,7,3,4,4,2,2
54884701,114,54,60,26,8,18,38,26,12,30,11,19,2,0,2,13,6,7,5,3,2
57986601,174,94,80,31,13,18,67,44,23,45,20,25,4,2,2,14,5,9,13,10,3
1942550,0,0,0,0,0,0,0,0,0,0,0,0,0,0,0,0,0,0,0,0,0
57987401,195,101,94,27,11,16,91,52,39,45,20,25,8,2,6,19,12,7,5,4,1
57987403,15,9,6,1,1,0,5,2,3,6,3,3,0,0,0,2,2,0,1,1,0
57987407,2278,1102,1176,418,156,262,944,537,407,527,221,306,35,11,24,147,65,82,207,112,95
57118101,80,41,39,11,4,7,32,19,13,28,14,14,2,0,2,6,3,3,1,1,0
57118102,145,78,67,22,9,13,39,23,16,49,24,25,3,1,2,16,10,6,16,11,5
57118103,65,32,33,7,2,5,27,16,11,23,12,11,0,0,0,4,1,3,4,1,3
57118104,31,13,18,8,2,6,16,9,7,6,2,4,0,0,0,0,0,0,1,0,1
57118105,35,20,15,2,0,2,22,15,7,8,3,5,0,0,0,0,0,0,3,2,1
57118106,41,21,20,3,1,2,14,8,6,14,7,7,0,0,0,4,2,2,6,3,3
57118108,60,28,32,10,3,7,16,10,6,24,8,16,0,0,0,8,5,3,2,2,0
57394901,63,32,31,14,5,9,18,11,7,17,7,10,0,0,0,8,5,3,6,4,2
50500501,18,8,10,0,0,0,6,4,2,4,2,2,1,0,1,7,2,5,0,0,0
50500502,338,171,167,30,9,21,149,95,54,93,34,59,7,3,4,43,20,23,16,10,6
57120201,209,103,106,29,10,19,82,47,35,68,37,31,5,0,5,20,6,14,5,3,2
57120202,84,43,41,11,5,6,36,22,14,25,10,15,0,0,0,11,6,5,1,0,1
57120203,23,11,12,2,0,2,11,8,3,6,1,5,0,0,0,3,1,2,1,1,0
57120204,63,28,35,10,2,8,28,19,9,16,4,12,2,1,1,6,2,4,1,0,1
57120205,75,39,36,9,3,6,29,14,15,17,11,6,2,1,1,17,9,8,1,1,0
57120206,22,12,10,2,1,1,10,6,4,3,1,2,1,0,1,2,1,1,4,3,1
57120207,16,7,9,3,2,1,4,1,3,5,2,3,0,0,0,4,2,2,0,0,0
57120208,21,10,11,2,0,2,5,4,1,4,1,3,1,1,0,7,3,4,2,1,1
54786701,122,66,56,16,8,8,55,34,21,35,15,20,1,1,0,10,5,5,5,3,2
57122901,125,67,58,18,8,10,52,30,22,32,17,15,0,0,0,12,6,6,11,6,5
57122902,51,27,24,10,4,6,22,14,8,11,4,7,0,0,0,3,3,0,5,2,3
57123701,155,81,74,18,7,11,76,51,25,44,17,27,2,1,1,11,4,7,4,1,3
57123702,28,13,15,5,1,4,15,9,6,4,2,2,0,0,0,2,0,2,2,1,1
57124501,360,184,176,54,24,30,135,85,50,108,45,63,10,4,6,43,18,25,10,8,2
57125301,38,18,20,8,2,6,17,11,6,10,3,7,0,0,0,1,1,0,2,1,1
57125302,18,8,10,0,0,0,5,2,3,6,3,3,1,0,1,6,3,3,0,0,0
57125303,35,18,17,5,1,4,19,12,7,5,1,4,1,1,0,2,1,1,3,2,1
57125304,43,23,20,8,2,6,19,11,8,11,7,4,0,0,0,2,1,1,3,2,1
57125305,21,11,10,3,1,2,9,4,5,5,4,1,0,0,0,4,2,2,0,0,0
57125306,57,26,31,14,4,10,17,11,6,15,8,7,0,0,0,9,3,6,2,0,2
57127001,312,155,157,56,23,33,129,84,45,72,25,47,2,0,2,16,6,10,37,17,20
57129602,20,9,11,3,2,1,5,2,3,6,3,3,0,0,0,1,0,1,5,2,3
57129603,38,21,17,6,3,3,18,10,8,4,3,1,2,0,2,5,3,2,3,2,1
57129604,35,19,16,6,1,5,11,8,3,9,6,3,0,0,0,5,2,3,4,2,2
57130001,120,66,54,24,10,14,63,39,24,23,11,12,2,1,1,6,3,3,2,2,0
50503001,186,95,91,25,10,15,84,54,30,50,22,28,5,1,4,14,5,9,8,3,5
50430101,337,162,175,41,16,25,127,77,50,93,36,57,6,3,3,54,23,31,16,7,9
50495501,135,73,62,22,8,14,44,28,16,45,20,25,7,5,2,11,6,5,6,6,0
57137701,186,93,93,23,7,16,88,53,35,44,22,22,3,1,2,18,5,13,10,5,5
57138501,3560,1634,1926,547,188,359,1235,670,565,1086,454,632,51,18,33,435,182,253,206,122,84
57138502,23,12,11,2,1,1,11,7,4,7,3,4,0,0,0,3,1,2,0,0,0
57138503,62,31,31,11,6,5,23,14,9,17,7,10,0,0,0,10,4,6,1,0,1
57138504,222,110,112,26,7,19,92,51,41,72,36,36,3,2,1,26,13,13,3,1,2
57138505,37,17,20,7,2,5,9,4,5,13,7,6,1,0,1,6,4,2,1,0,1
57138506,118,59,59,6,1,5,51,29,22,31,12,19,3,2,1,11,4,7,16,11,5
57138507,33,20,13,2,1,1,20,13,7,9,5,4,0,0,0,2,1,1,0,0,0
3218930,0,0,0,0,0,0,0,0,0,0,0,0,0,0,0,0,0,0,0,0,0
3222880,0,0,0,0,0,0,0,0,0,0,0,0,0,0,0,0,0,0,0,0,0
57139302,474,242,232,62,30,32,211,125,86,138,60,78,10,2,8,44,17,27,9,8,1
57139303,89,46,43,13,6,7,40,23,17,26,14,12,0,0,0,7,2,5,3,1,2
57139304,217,107,110,32,11,21,93,53,40,56,24,32,2,0,2,23,9,14,11,10,1
57139305,214,111,103,43,14,29,102,61,41,51,27,24,5,1,4,11,7,4,2,1,1
57139306,217,117,100,21,8,13,82,52,30,78,40,38,5,1,4,24,12,12,7,4,3
57139308,1774,855,919,225,86,139,677,368,309,581,275,306,32,15,17,204,84,120,55,27,28
57139309,66,33,33,10,5,5,26,10,16,19,13,6,3,1,2,5,2,3,3,2,1
57139310,764,358,406,131,56,75,301,163,138,201,72,129,10,1,9,88,46,42,33,20,13
57139312,95,43,52,14,6,8,33,16,17,36,15,21,1,0,1,9,5,4,2,1,1
57139313,548,290,258,81,38,43,179,94,85,139,74,65,9,3,6,77,36,41,63,45,18
57139314,64,31,33,6,5,1,23,13,10,22,9,13,1,0,1,12,4,8,0,0,0
57139315,637,315,322,68,27,41,269,149,120,190,87,103,9,5,4,74,32,42,27,15,12
57139316,2700,1228,1472,391,137,254,1082,540,542,792,350,442,49,22,27,246,107,139,140,72,68
57140701,121,64,57,23,6,17,59,40,19,23,13,10,1,0,1,11,2,9,4,3,1
57140702,31,14,17,5,0,5,18,11,7,6,3,3,0,0,0,1,0,1,1,0,1
54779401,60,30,30,6,3,3,29,19,10,15,5,10,1,0,1,6,2,4,3,1,2
57144001,293,149,144,28,12,16,149,87,62,74,34,40,7,2,5,24,8,16,11,6,5
57144002,383,197,186,61,25,36,152,91,61,101,54,47,11,4,7,35,9,26,23,14,9
57145801,86,45,41,17,10,7,33,19,14,20,9,11,0,0,0,4,0,4,12,7,5
57145802,66,36,30,7,4,3,33,20,13,14,8,6,1,0,1,6,3,3,5,1,4
57146601,54,27,27,6,2,4,31,17,14,13,6,7,1,0,1,2,2,0,1,0,1
57146602,271,132,139,41,15,26,91,52,39,96,45,51,1,0,1,34,15,19,8,5,3
57146603,24,11,13,1,0,1,12,7,5,5,2,3,1,0,1,5,2,3,0,0,0
57147401,97,45,52,12,2,10,50,30,20,30,10,20,0,0,0,4,2,2,1,1,0
57147403,26,12,14,3,0,3,9,5,4,11,5,6,0,0,0,2,1,1,1,1,0
57147404,64,30,34,5,1,4,29,16,13,21,10,11,0,0,0,8,2,6,1,1,0
57147405,34,17,17,7,3,4,14,6,8,11,7,4,1,0,1,1,1,0,0,0,0
57147407,51,32,19,8,5,3,21,14,7,16,10,6,2,1,1,4,2,2,0,0,0
57147408,101,52,49,14,7,7,38,21,17,23,9,14,1,0,1,14,7,7,11,8,3
57148201,21,10,11,1,0,1,8,5,3,6,2,4,1,0,1,4,2,2,1,1,0
57148202,97,54,43,19,7,12,46,30,16,27,15,12,0,0,0,5,2,3,0,0,0
57149101,64,37,27,3,1,2,29,20,9,20,9,11,1,1,0,4,1,3,7,5,2
57149102,25,14,11,5,1,4,11,6,5,7,5,2,0,0,0,1,1,0,1,1,0
57149103,1332,681,651,177,68,109,510,288,222,347,145,202,22,10,12,124,54,70,152,116,36
57149104,20,10,10,4,1,3,9,6,3,5,2,3,0,0,0,0,0,0,2,1,1
57149105,227,109,118,40,14,26,89,51,38,61,25,36,3,0,3,10,4,6,24,15,9
57150401,273,136,137,52,14,38,138,81,57,49,20,29,0,0,0,8,4,4,26,17,9
57153901,194,96,98,29,8,21,93,57,36,47,16,31,3,3,0,18,9,9,4,3,1
57153902,110,52,58,18,7,11,47,24,23,33,16,17,1,0,1,7,4,3,4,1,3
57153903,1931,928,1003,302,115,187,748,410,338,537,239,298,30,13,17,207,93,114,107,58,49
57153904,258,137,121,43,17,26,117,72,45,57,23,34,5,3,2,17,9,8,19,13,6
57153905,63,34,29,10,4,6,33,19,14,14,7,7,1,1,0,3,2,1,2,1,1
57154701,18,8,10,2,1,1,5,3,2,8,2,6,1,0,1,1,1,0,1,1,0
57154702,66,34,32,13,6,7,21,13,8,16,5,11,1,0,1,8,4,4,7,6,1
57154703,569,278,291,75,30,45,236,140,96,142,57,85,9,5,4,49,15,34,58,31,27
57154704,94,49,45,6,1,5,53,31,22,21,11,10,2,0,2,7,3,4,5,3,2
57154705,38,20,18,5,1,4,19,11,8,8,5,3,2,1,1,1,1,0,3,1,2
57154706,173,84,89,33,15,18,66,39,27,50,20,30,3,0,3,12,6,6,9,4,5
57154707,41,19,22,9,2,7,21,9,12,9,7,2,0,0,0,1,1,0,1,0,1
0543560,0,0,0,0,0,0,0,0,0,0,0,0,0,0,0,0,0,0,0,0,0
0543990,0,0,0,0,0,0,0,0,0,0,0,0,0,0,0,0,0,0,0,0,0
1987730,0,0,0,0,0,0,0,0,0,0,0,0,0,0,0,0,0,0,0,0,0
3298510,0,0,0,0,0,0,0,0,0,0,0,0,0,0,0,0,0,0,0,0,0
57116401,87,44,43,22,9,13,32,18,14,16,5,11,3,2,1,7,4,3,7,6,1
57116402,175,96,79,18,10,8,58,37,21,60,32,28,3,1,2,30,14,16,6,2,4
57116403,494,246,248,61,31,30,173,99,74,159,69,90,10,2,8,78,37,41,13,8,5
57116404,134,71,63,21,13,8,42,21,21,42,25,17,4,2,2,18,5,13,7,5,2
57116405,591,357,234,73,40,33,117,79,38,159,80,79,8,5,3,69,38,31,165,115,50
57116406,1111,515,596,121,48,73,300,169,131,393,184,209,24,7,17,226,81,145,47,26,21
57116408,457,215,242,44,16,28,145,76,69,171,77,94,8,3,5,70,33,37,19,10,9
57116409,42,18,24,9,3,6,6,2,4,16,9,7,0,0,0,10,3,7,1,1,0
57116410,1354,640,714,126,58,68,299,169,130,527,222,305,23,7,16,343,167,176,36,17,19
57116411,511,237,274,66,26,40,176,92,84,181,83,98,8,2,6,73,29,44,7,5,2
57116412,754,371,383,85,39,46,130,79,51,289,146,143,12,6,6,219,95,124,19,6,13
57116413,157,69,88,14,3,11,44,27,17,59,24,35,2,0,2,34,14,20,4,1,3
57116414,65,32,33,9,7,2,20,12,8,24,4,20,0,0,0,11,8,3,1,1,0
57116415,24,12,12,1,0,1,9,4,5,10,6,4,0,0,0,4,2,2,0,0,0
57116416,1073,519,554,124,41,83,384,223,161,329,145,184,26,4,22,166,86,80,44,20,24
57116417,1160,522,638,170,60,110,383,203,180,386,153,233,16,3,13,145,69,76,60,34,26
57116418,2811,1278,1533,308,125,183,898,451,447,978,397,581,46,21,25,455,218,237,126,66,60
57116419,74,38,36,8,4,4,17,9,8,26,10,16,2,1,1,19,13,6,2,1,1
57116420,152,65,87,34,3,31,56,31,25,47,22,25,0,0,0,13,8,5,2,1,1
57116421,22,12,10,2,0,2,9,6,3,4,3,1,0,0,0,6,3,3,1,0,1
57116422,220,117,103,34,15,19,36,23,13,82,50,32,4,3,1,60,24,36,4,2,2
57116423,185,99,86,39,23,16,11,8,3,61,32,29,3,1,2,68,34,34,3,1,2
57116424,947,463,484,94,39,55,290,158,132,355,159,196,19,6,13,133,64,69,56,37,19
57116425,81,62,19,15,13,2,19,16,3,28,20,8,8,6,2,10,6,4,1,1,0
57116426,1285,630,655,223,103,120,390,211,179,354,155,199,25,8,17,192,88,104,101,65,36
57116427,795,368,427,80,36,44,169,90,79,306,137,169,29,12,17,179,79,100,32,14,18
57116428,769,373,396,89,37,52,207,111,96,276,127,149,18,9,9,155,78,77,24,11,13
57116429,654,290,364,57,24,33,133,68,65,223,103,120,15,4,11,180,76,104,46,15,31
57116430,79,40,39,13,5,8,28,13,15,25,12,13,1,1,0,5,3,2,7,6,1
57116431,667,332,335,87,42,45,213,129,84,230,102,128,17,6,11,110,50,60,10,3,7
57116432,183,89,94,21,9,12,46,23,23,60,29,31,3,1,2,45,21,24,8,6,2
57116433,2005,945,1060,221,89,132,685,350,335,722,343,379,47,17,30,263,117,146,67,29,38
57116434,129,66,63,33,13,20,49,31,18,27,12,15,3,2,1,13,6,7,4,2,2
54781601,367,177,190,71,31,40,155,78,77,91,49,42,6,1,5,40,16,24,4,2,2
57156301,174,86,88,17,9,8,85,44,41,52,21,31,1,0,1,14,8,6,5,4,1
57156302,38,20,18,2,1,1,18,9,9,13,8,5,1,1,0,2,0,2,2,1,1
57156303,54,25,29,7,2,5,26,14,12,15,6,9,0,0,0,3,1,2,3,2,1
57156304,28,18,10,2,2,0,13,8,5,8,5,3,0,0,0,4,2,2,1,1,0
57156305,54,29,25,7,2,5,32,17,15,10,8,2,1,1,0,2,1,1,2,0,2
57157101,66,36,30,14,7,7,27,14,13,20,10,10,2,2,0,2,2,0,1,1,0
57157102,26,17,9,5,3,2,9,7,2,7,4,3,1,0,1,4,3,1,0,0,0
57157103,540,265,275,81,26,55,226,132,94,141,73,68,11,2,9,68,25,43,13,7,6
57158001,210,103,107,38,16,22,114,65,49,37,13,24,1,0,1,11,4,7,9,5,4
57378701,260,132,128,33,11,22,110,70,40,78,32,46,1,1,0,27,11,16,11,7,4
57378702,53,26,27,5,1,4,27,19,8,14,3,11,1,0,1,3,2,1,3,1,2
57400701,121,60,61,19,6,13,61,35,26,33,16,17,1,0,1,4,3,1,3,0,3
57161001,551,289,262,55,29,26,212,124,88,172,85,87,14,3,11,72,28,44,26,20,6
57162801,256,127,129,31,15,16,89,52,37,88,40,48,5,2,3,38,15,23,5,3,2
57162802,38,16,22,1,0,1,9,5,4,14,7,7,1,0,1,13,4,9,0,0,0
57165202,69,39,30,8,2,6,41,26,15,15,7,8,1,1,0,2,1,1,2,2,0
57165203,64,31,33,15,5,10,25,16,9,18,7,11,0,0,0,5,3,2,1,0,1
57166101,60,29,31,9,2,7,26,14,12,17,8,9,1,0,1,5,4,1,2,1,1
57166102,36,20,16,5,2,3,9,8,1,15,7,8,1,0,1,6,3,3,0,0,0
57166103,777,403,374,109,52,57,307,173,134,218,111,107,9,4,5,93,40,53,41,23,18
57166104,91,51,40,13,5,8,49,31,18,18,8,10,1,1,0,10,6,4,0,0,0
57166105,172,82,90,38,14,24,73,45,28,38,17,21,0,0,0,18,5,13,5,1,4
54782401,28,15,13,4,2,2,13,9,4,8,3,5,2,0,2,0,0,0,1,1,0
54782402,76,37,39,10,3,7,34,20,14,17,6,11,2,0,2,6,2,4,7,6,1
50480701,46,22,24,6,2,4,17,8,9,17,9,8,0,0,0,5,2,3,1,1,0
50480702,204,101,103,39,15,24,72,43,29,58,27,31,4,1,3,24,11,13,7,4,3
57170901,119,62,57,10,3,7,49,32,17,36,15,21,1,0,1,17,8,9,6,4,2
57172501,71,40,31,7,2,5,34,23,11,21,12,9,0,0,0,9,3,6,0,0,0
57173301,85,47,38,14,6,8,29,22,7,29,15,14,2,0,2,8,2,6,3,2,1
57173302,22,12,10,7,3,4,9,7,2,3,0,3,0,0,0,2,1,1,1,1,0
57173304,23,12,11,4,1,3,7,6,1,7,2,5,0,0,0,4,2,2,1,1,0
54783201,117,56,61,18,8,10,49,29,20,27,11,16,2,0,2,13,3,10,8,5,3
54783202,84,38,46,9,3,6,26,15,11,25,7,18,3,1,2,16,9,7,5,3,2
54787501,100,57,43,17,4,13,46,31,15,21,12,9,2,0,2,5,3,2,9,7,2
54787502,107,50,57,10,1,9,54,33,21,28,9,19,0,0,0,8,4,4,7,3,4
57175001,131,70,61,14,6,8,65,35,30,33,20,13,1,0,1,8,4,4,10,5,5
57176801,338,164,174,47,17,30,110,66,44,112,55,57,0,0,0,51,18,33,18,8,10
57176802,202,95,107,17,6,11,87,48,39,54,23,31,5,0,5,29,12,17,10,6,4
57176803,99,49,50,14,5,9,41,32,9,27,8,19,0,0,0,10,2,8,7,2,5
57176805,42,18,24,8,2,6,16,9,7,12,6,6,0,0,0,4,1,3,2,0,2
57176806,35,19,16,2,1,1,17,13,4,11,3,8,0,0,0,2,1,1,3,1,2
57177601,187,89,98,31,10,21,84,44,40,35,15,20,4,2,2,15,5,10,18,13,5
57177602,69,31,38,9,1,8,32,16,16,16,6,10,0,0,0,8,5,3,4,3,1
57177603,40,19,21,9,4,5,17,10,7,11,5,6,0,0,0,3,0,3,0,0,0
57177604,62,31,31,8,2,6,18,12,6,19,10,9,2,0,2,12,5,7,3,2,1
57177605,19,10,9,0,0,0,5,2,3,8,4,4,1,1,0,5,3,2,0,0,0
57177606,1189,600,589,165,70,95,430,260,170,334,140,194,17,4,13,114,48,66,129,78,51
57177607,42,20,22,9,3,6,13,9,4,13,5,8,0,0,0,6,2,4,1,1,0
57177608,257,105,152,49,11,38,105,51,54,67,33,34,5,1,4,26,6,20,5,3,2
57177609,52,26,26,6,2,4,23,13,10,15,9,6,1,0,1,5,2,3,2,0,2
57177610,24,10,14,5,0,5,5,4,1,7,2,5,0,0,0,4,2,2,3,2,1
57177611,43,20,23,4,2,2,16,9,7,16,5,11,1,0,1,6,4,2,0,0,0
57177612,192,100,92,12,6,6,82,52,30,69,27,42,3,1,2,23,12,11,3,2,1
57182202,124,66,58,12,4,8,55,34,21,36,19,17,2,0,2,9,3,6,10,6,4
57182204,61,31,30,12,3,9,28,17,11,15,8,7,0,0,0,5,3,2,1,0,1
57182205,48,24,24,5,2,3,23,10,13,13,9,4,0,0,0,4,1,3,3,2,1
0959233,0,0,0,0,0,0,0,0,0,0,0,0,0,0,0,0,0,0,0,0,0
57183101,36,19,17,5,4,1,15,10,5,7,1,6,0,0,0,4,1,3,5,3,2
57183102,16,9,7,4,1,3,7,5,2,3,1,2,0,0,0,0,0,0,2,2,0
57183103,23,12,11,2,1,1,13,6,7,7,5,2,0,0,0,0,0,0,1,0,1
57183104,60,27,33,15,10,5,15,9,6,11,5,6,0,0,0,14,1,13,5,2,3
57183105,109,55,54,14,6,8,46,23,23,33,16,17,0,0,0,9,4,5,7,6,1
57183106,52,27,25,7,4,3,24,14,10,9,4,5,3,1,2,9,4,5,0,0,0
57183107,27,16,11,0,0,0,11,8,3,12,7,5,2,1,1,2,0,2,0,0,0
57183108,460,236,224,32,12,20,210,128,82,137,60,77,8,3,5,54,23,31,19,10,9
57183109,24,13,11,5,2,3,9,4,5,8,5,3,0,0,0,2,2,0,0,0,0
57183110,107,51,56,10,4,6,46,22,24,34,15,19,3,1,2,6,2,4,8,7,1
57183111,19,10,9,3,1,2,6,5,1,7,2,5,0,0,0,3,2,1,0,0,0
57183112,34,16,18,6,3,3,15,9,6,9,3,6,1,0,1,1,0,1,2,1,1
57183113,31,17,14,8,3,5,15,10,5,6,2,4,0,0,0,1,1,0,1,1,0
57183114,45,23,22,3,0,3,15,10,5,15,8,7,1,0,1,6,3,3,5,2,3
0970552,0,0,0,0,0,0,0,0,0,0,0,0,0,0,0,0,0,0,0,0,0
57185701,64,31,33,14,5,9,19,11,8,24,14,10,0,0,0,5,1,4,2,0,2
57185702,36,16,20,2,0,2,7,5,2,16,6,10,0,0,0,11,5,6,0,0,0
57185703,48,24,24,11,3,8,22,13,9,4,3,1,1,0,1,3,1,2,7,4,3
57185704,26,12,14,2,2,0,9,4,5,8,4,4,2,1,1,5,1,4,0,0,0
57185705,41,20,21,4,1,3,16,9,7,13,7,6,0,0,0,8,3,5,0,0,0
57185706,53,30,23,8,5,3,21,14,7,19,9,10,0,0,0,5,2,3,0,0,0
57185707,32,16,16,3,2,1,15,8,7,10,4,6,0,0,0,4,2,2,0,0,0
57187301,87,47,40,15,10,5,35,23,12,16,4,12,1,0,1,20,10,10,0,0,0
57187302,108,56,52,9,5,4,42,24,18,32,16,16,2,0,2,20,9,11,3,2,1
57187303,267,138,129,32,13,19,101,55,46,75,37,38,3,0,3,33,17,16,23,16,7
57187304,72,34,38,7,4,3,32,16,16,20,10,10,2,1,1,9,1,8,2,2,0
57187305,63,30,33,9,2,7,25,16,9,17,7,10,0,0,0,8,3,5,4,2,2
55484701,246,126,120,47,18,29,110,70,40,58,21,37,2,0,2,17,9,8,12,8,4
55484702,28,15,13,5,3,2,16,9,7,5,2,3,0,0,0,1,1,0,1,0,1
57189001,100,51,49,9,3,6,40,25,15,38,17,21,2,0,2,7,5,2,4,1,3
57190301,107,55,52,9,2,7,57,36,21,30,11,19,0,0,0,7,4,3,4,2,2
57190302,403,211,192,48,14,34,164,104,60,114,51,63,10,3,7,49,25,24,18,14,4
57191101,973,456,517,117,44,73,310,173,137,346,156,190,16,6,10,154,64,90,30,13,17
57191103,32,16,16,8,4,4,14,7,7,6,3,3,0,0,0,3,1,2,1,1,0
57191104,60,35,25,9,3,6,29,22,7,12,6,6,1,0,1,9,4,5,0,0,0
57191105,131,68,63,21,13,8,48,26,22,50,25,25,4,0,4,6,2,4,2,2,0
57191106,29,12,17,6,2,4,9,4,5,7,2,5,1,0,1,6,4,2,0,0,0
57191107,59,34,25,10,7,3,27,19,8,14,4,10,3,1,2,4,2,2,1,1,0
57191108,47,21,26,4,1,3,22,13,9,12,5,7,0,0,0,9,2,7,0,0,0
57196201,618,321,297,72,36,36,220,129,91,207,106,101,11,1,10,78,32,46,30,17,13
57410401,161,87,74,29,13,16,79,49,30,34,15,19,0,0,0,8,3,5,11,7,4
55495201,235,130,105,21,8,13,130,78,52,51,27,24,5,2,3,20,10,10,8,5,3
57200401,37,21,16,4,2,2,14,9,5,15,9,6,0,0,0,1,0,1,3,1,2
57200402,161,76,85,24,9,15,86,51,35,34,10,24,1,1,0,12,3,9,4,2,2
57203901,33,16,17,6,2,4,13,8,5,11,4,7,0,0,0,2,1,1,1,1,0
57203902,43,21,22,5,0,5,20,13,7,12,3,9,0,0,0,6,5,1,0,0,0
57203903,144,79,65,20,10,10,59,39,20,44,19,25,1,1,0,10,5,5,10,5,5
57206301,212,110,102,37,17,20,93,54,39,57,23,34,1,0,1,15,11,4,9,5,4
3316600,0,0,0,0,0,0,0,0,0,0,0,0,0,0,0,0,0,0,0,0,0
57207101,1117,554,563,227,84,143,478,267,211,249,119,130,18,4,14,62,25,37,83,55,28
57208001,175,86,89,35,11,24,79,50,29,47,18,29,0,0,0,10,4,6,4,3,1
57208002,37,20,17,7,2,5,15,12,3,9,2,7,0,0,0,5,3,2,1,1,0
57208003,82,42,40,12,6,6,39,21,18,19,9,10,0,0,0,8,3,5,4,3,1
57208004,51,24,27,11,4,7,23,12,11,8,2,6,0,0,0,8,5,3,1,1,0
57208005,145,76,69,17,6,11,62,38,24,41,21,20,4,0,4,14,6,8,7,5,2
57208006,860,421,439,124,44,80,347,197,150,239,110,129,18,8,10,93,41,52,39,21,18
57208007,340,166,174,46,22,24,168,94,74,92,40,52,5,1,4,22,6,16,7,3,4
57209801,72,37,35,14,5,9,38,25,13,16,6,10,1,0,1,3,1,2,0,0,0
57209802,32,18,14,4,1,3,15,11,4,6,4,2,1,0,1,2,0,2,4,2,2
57209803,54,26,28,3,0,3,30,16,14,10,6,4,1,0,1,9,4,5,1,0,1
57209804,484,233,251,56,22,34,213,121,92,132,56,76,9,3,6,49,17,32,25,14,11
57210101,307,165,142,46,24,22,152,87,65,82,39,43,5,2,3,11,6,5,11,7,4
57211001,171,92,79,19,8,11,77,46,31,42,20,22,0,0,0,21,11,10,12,7,5
55688201,45,22,23,3,1,2,19,11,8,10,5,5,0,0,0,11,4,7,2,1,1
55688202,480,239,241,47,20,27,134,86,48,170,76,94,8,2,6,113,51,62,8,4,4
55688203,136,65,71,21,8,13,55,29,26,30,13,17,3,1,2,22,11,11,5,3,2
57215201,65,33,32,11,4,7,30,19,11,17,6,11,2,1,1,4,2,2,1,1,0
57215202,59,31,28,5,2,3,25,17,8,21,11,10,1,0,1,7,1,6,0,0,0
57215203,169,90,79,23,9,14,67,37,30,51,30,21,2,0,2,20,8,12,6,6,0
57216101,57,26,31,12,4,8,25,14,11,11,3,8,1,0,1,4,1,3,4,4,0
57216102,113,55,58,12,2,10,55,27,28,28,15,13,1,1,0,11,5,6,6,5,1
57216103,1228,621,607,159,65,94,497,283,214,391,181,210,24,8,16,97,51,46,60,33,27
57217901,777,382,395,104,35,69,341,213,128,208,87,121,9,1,8,80,27,53,35,19,16
57217902,100,46,54,8,1,7,47,25,22,28,12,16,0,0,0,5,2,3,12,6,6
57217903,95,48,47,14,4,10,40,27,13,29,10,19,0,0,0,6,3,3,6,4,2
57217904,108,58,50,15,7,8,61,37,24,27,13,14,0,0,0,3,1,2,2,0,2
54780801,229,116,113,49,21,28,99,60,39,56,22,34,3,2,1,15,6,9,7,5,2
57221701,396,196,200,65,29,36,172,97,75,111,47,64,6,1,5,30,13,17,12,9,3
57222502,50,27,23,6,2,4,25,16,9,14,8,6,1,0,1,4,1,3,0,0,0
57222503,49,26,23,3,1,2,20,13,7,17,6,11,0,0,0,7,6,1,2,0,2
57222505,36,19,17,6,3,3,15,9,6,10,6,4,1,0,1,3,1,2,1,0,1
57222506,155,83,72,13,6,7,60,36,24,61,31,30,1,0,1,16,7,9,4,3,1
57222508,45,26,19,6,1,5,22,15,7,11,6,5,0,0,0,6,4,2,0,0,0
57222510,520,262,258,69,29,40,211,129,82,145,62,83,4,1,3,63,23,40,28,18,10
57222511,570,278,292,83,28,55,183,116,67,169,81,88,4,1,3,50,23,27,81,29,52
57222512,34,19,15,1,0,1,19,11,8,7,4,3,0,0,0,4,3,1,3,1,2
57222513,117,60,57,20,8,12,53,28,25,28,15,13,0,0,0,10,6,4,6,3,3
57222515,73,34,39,11,3,8,27,15,12,18,7,11,1,0,1,14,8,6,2,1,1
57222516,39,21,18,3,1,2,17,9,8,11,6,5,0,0,0,5,4,1,3,1,2
57224101,53,28,25,16,6,10,21,16,5,11,4,7,0,0,0,4,1,3,1,1,0
57224102,44,21,23,10,5,5,21,12,9,6,0,6,2,1,1,2,0,2,3,3,0
57224103,94,46,48,10,2,8,32,20,12,32,16,16,3,2,1,9,2,7,8,4,4
57224104,33,15,18,2,1,1,17,9,8,12,4,8,1,0,1,0,0,0,1,1,0
57224105,190,97,93,18,11,7,96,54,42,48,21,27,3,2,1,21,7,14,4,2,2
57224107,66,36,30,11,9,2,35,19,16,14,5,9,1,1,0,2,0,2,3,2,1
57224109,3153,1507,1646,488,181,307,1287,704,583,883,383,500,53,19,34,245,112,133,197,108,89
57224110,112,56,56,22,9,13,59,33,26,16,7,9,2,1,1,10,4,6,3,2,1
57224111,53,28,25,4,1,3,29,16,13,10,6,4,3,1,2,5,3,2,2,1,1
57224113,148,77,71,24,6,18,68,48,20,38,14,24,1,0,1,10,3,7,7,6,1
57224114,91,48,43,8,0,8,44,27,17,22,12,10,2,0,2,4,2,2,11,7,4
57224115,149,76,73,33,15,18,67,38,29,31,11,20,3,2,1,13,8,5,2,2,0
57224116,113,55,58,18,8,10,43,23,20,42,20,22,0,0,0,10,4,6,0,0,0
57226801,84,42,42,8,7,1,29,19,10,29,12,17,0,0,0,14,3,11,4,1,3
57226802,41,23,18,9,6,3,14,7,7,9,6,3,1,1,0,7,3,4,1,0,1
57226803,34,16,18,4,2,2,7,3,4,12,7,5,1,0,1,9,4,5,1,0,1
57226804,2589,1284,1305,416,188,228,860,491,369,762,320,442,58,25,33,357,172,185,136,88,48
57226805,406,200,206,57,24,33,115,65,50,149,67,82,2,1,1,78,38,40,5,5,0
57226806,205,99,106,21,10,11,60,40,20,72,28,44,3,2,1,38,15,23,11,4,7
57381701,105,52,53,18,6,12,36,22,14,42,22,20,1,0,1,6,1,5,2,1,1
57227601,47,25,22,8,4,4,18,11,7,13,7,6,0,0,0,4,1,3,4,2,2
57227602,304,158,146,27,11,16,105,63,42,106,51,55,6,4,2,50,24,26,10,5,5
57227603,428,212,216,44,21,23,88,50,38,153,74,79,11,4,7,116,53,63,16,10,6
54789101,298,146,152,27,11,16,124,76,48,96,42,54,5,1,4,39,13,26,7,3,4
57231401,51,25,26,5,1,4,29,17,12,10,5,5,2,1,1,5,1,4,0,0,0
57231402,92,45,47,8,3,5,41,26,15,28,9,19,0,0,0,7,5,2,8,2,6
57232201,33,14,19,5,0,5,16,9,7,11,5,6,0,0,0,0,0,0,1,0,1
57232202,315,160,155,44,14,30,136,88,48,88,39,49,7,1,6,33,14,19,7,4,3
57232203,43,27,16,7,3,4,18,12,6,13,9,4,0,0,0,3,2,1,2,1,1
57233101,37,17,20,4,3,1,8,5,3,15,7,8,1,0,1,7,2,5,2,0,2
57233102,311,167,144,42,16,26,123,87,36,91,38,53,6,2,4,39,17,22,10,7,3
57234902,739,372,367,118,51,67,309,183,126,185,77,108,15,4,11,70,26,44,42,31,11
57238101,99,54,45,14,3,11,45,29,16,20,10,10,2,0,2,7,5,2,11,7,4
57238102,67,31,36,10,3,7,24,14,10,21,9,12,1,0,1,10,4,6,1,1,0
57238104,61,28,33,6,3,3,31,20,11,20,3,17,0,0,0,3,1,2,1,1,0
57238105,38,21,17,5,3,2,16,9,7,10,6,4,1,0,1,6,3,3,0,0,0
1680762,0,0,0,0,0,0,0,0,0,0,0,0,0,0,0,0,0,0,0,0,0
57239001,22,9,13,1,0,1,8,2,6,10,7,3,0,0,0,1,0,1,2,0,2
57239002,23,13,10,1,1,0,6,3,3,7,3,4,2,1,1,6,4,2,1,1,0
57239004,69,32,37,5,1,4,37,21,16,17,6,11,0,0,0,6,4,2,4,0,4
57239005,644,326,318,85,38,47,263,151,112,196,95,101,14,3,11,64,24,40,22,15,7
57240301,152,80,72,28,14,14,79,52,27,34,9,25,1,0,1,6,1,5,4,4,0
3388770,0,0,0,0,0,0,0,0,0,0,0,0,0,0,0,0,0,0,0,0,0
57241101,60,30,30,7,2,5,26,16,10,18,8,10,0,0,0,5,1,4,4,3,1
57241103,89,47,42,11,5,6,40,25,15,25,10,15,0,0,0,6,4,2,7,3,4
57241104,27,15,12,2,0,2,15,10,5,7,3,4,0,0,0,3,2,1,0,0,0
57241105,61,30,31,9,3,6,26,17,9,16,8,8,1,0,1,3,1,2,6,1,5
57241107,2125,1058,1067,231,93,138,764,415,349,710,337,373,38,16,22,253,118,135,129,79,50
57241109,122,66,56,15,6,9,59,38,21,38,17,21,3,0,3,5,4,1,2,1,1
50492101,246,125,121,34,18,16,114,66,48,64,29,35,6,1,5,21,7,14,7,4,3
57242001,501,250,251,62,22,40,233,134,99,134,58,76,9,3,6,46,23,23,17,10,7
53069701,84,46,38,17,7,10,41,25,16,16,9,7,0,0,0,9,4,5,1,1,0
53069702,37,19,18,3,1,2,13,7,6,16,10,6,0,0,0,4,1,3,1,0,1
57244601,376,180,196,65,29,36,149,83,66,97,33,64,7,3,4,41,23,18,17,9,8
57245402,33,18,15,1,0,1,12,8,4,9,3,6,2,1,1,7,4,3,2,2,0
57245403,236,122,114,31,10,21,96,59,37,57,26,31,4,2,2,24,10,14,24,15,9
57246201,49,27,22,6,3,3,22,13,9,16,9,7,0,0,0,4,2,2,1,0,1
57246202,55,27,28,6,3,3,26,15,11,14,5,9,1,0,1,4,2,2,4,2,2
57246203,34,17,17,4,2,2,18,10,8,7,2,5,1,1,0,2,1,1,2,1,1
57246204,245,126,119,44,18,26,79,48,31,86,42,44,1,0,1,20,8,12,15,10,5
57246206,26,10,16,5,0,5,12,7,5,5,2,3,0,0,0,3,1,2,1,0,1
57246207,46,22,24,3,1,2,20,11,9,17,7,10,2,0,2,2,1,1,2,2,0
57247101,237,121,116,22,10,12,101,51,50,62,34,28,1,0,1,28,12,16,23,14,9
57249701,81,46,35,17,9,8,38,25,13,17,7,10,0,0,0,6,3,3,3,2,1
57249702,287,139,148,31,10,21,119,62,57,80,42,38,11,2,9,29,12,17,17,11,6
57250101,314,161,153,57,24,33,136,79,57,86,41,45,1,1,0,25,12,13,9,4,5
57250102,21,9,12,1,0,1,4,2,2,7,2,5,1,1,0,8,4,4,0,0,0
57252701,24,14,10,4,2,2,10,7,3,6,2,4,1,1,0,3,2,1,0,0,0
57252702,175,80,95,31,15,16,89,44,45,33,14,19,2,1,1,12,2,10,8,4,4
57253502,44,23,21,4,2,2,21,13,8,11,4,7,0,0,0,8,4,4,0,0,0
57253503,32,18,14,8,3,5,16,9,7,5,4,1,0,0,0,2,1,1,1,1,0
57253504,227,113,114,40,12,28,99,67,32,52,18,34,4,1,3,22,11,11,10,4,6
57254301,23,13,10,3,1,2,11,6,5,8,5,3,0,0,0,1,1,0,0,0,0
57254302,25,12,13,1,1,0,8,4,4,7,3,4,0,0,0,7,3,4,2,1,1
57254303,86,45,41,13,4,9,43,25,18,17,8,9,1,1,0,7,3,4,5,4,1
57255101,71,37,34,14,6,8,33,19,14,17,8,9,0,0,0,3,1,2,4,3,1
57255102,127,58,69,17,4,13,53,31,22,45,19,26,2,0,2,6,1,5,4,3,1
57255103,290,142,148,37,11,26,149,84,65,68,31,37,3,3,0,22,8,14,11,5,6
57255105,40,20,20,5,1,4,21,12,9,9,5,4,1,0,1,4,2,2,0,0,0
57255106,30,18,12,4,2,2,18,14,4,6,0,6,0,0,0,1,1,0,1,1,0
57255109,32,19,13,2,0,2,14,8,6,8,6,2,1,1,0,6,4,2,1,0,1
54784101,58,31,27,6,4,2,11,8,3,23,11,12,0,0,0,18,8,10,0,0,0
54784102,128,60,68,19,4,15,54,31,23,36,16,20,3,0,3,14,7,7,2,2,0
57257802,872,449,423,122,49,73,345,221,124,251,108,143,12,4,8,88,37,51,54,30,24
54785901,87,48,39,17,7,10,33,25,8,29,10,19,1,1,0,4,2,2,3,3,0
57387601,232,113,119,37,11,26,94,54,40,70,34,36,5,0,5,19,9,10,7,5,2
57409102,122,63,59,13,2,11,48,33,15,44,20,24,3,1,2,13,6,7,1,1,0
57264101,26,15,11,5,3,2,11,8,3,6,0,6,0,0,0,4,4,0,0,0,0
57264103,206,108,98,25,12,13,81,49,32,73,34,39,3,2,1,22,10,12,2,1,1
57472401,224,117,107,24,10,14,78,52,26,62,30,32,2,0,2,46,17,29,12,8,4
57474101,271,136,135,48,23,25,83,51,32,86,36,50,5,2,3,39,19,20,10,5,5
57478301,240,115,125,38,12,26,81,46,35,76,34,42,7,2,5,28,14,14,10,7,3
57479101,35,18,17,1,1,0,17,9,8,11,4,7,0,0,0,4,2,2,2,2,0
57479102,168,81,87,21,6,15,67,42,25,52,22,30,0,0,0,14,4,10,14,7,7
57480501,835,419,416,89,38,51,323,183,140,257,115,142,14,5,9,120,57,63,32,21,11
57480502,41,20,21,6,3,3,13,8,5,10,3,7,0,0,0,11,5,6,1,1,0
57481301,208,103,105,22,6,16,89,55,34,62,27,35,1,0,1,30,14,16,4,1,3
57482101,72,34,38,5,2,3,41,21,20,21,9,12,0,0,0,3,1,2,2,1,1
57483001,211,100,111,27,6,21,77,44,33,62,30,32,5,3,2,30,12,18,10,5,5
57483002,103,53,50,4,1,3,45,26,19,30,16,14,2,0,2,19,9,10,3,1,2
57484801,217,111,106,22,9,13,60,39,21,64,29,35,7,3,4,57,27,30,7,4,3
57484802,90,43,47,11,4,7,21,12,9,29,13,16,2,0,2,27,14,13,0,0,0
57484803,685,347,338,92,48,44,143,81,62,224,108,116,14,4,10,182,88,94,30,18,12
57484804,81,39,42,15,7,8,32,18,14,25,10,15,0,0,0,9,4,5,0,0,0
57484805,152,79,73,20,9,11,9,5,4,51,26,25,3,0,3,67,38,29,2,1,1
57484806,129,64,65,16,7,9,34,20,14,43,15,28,2,2,0,33,20,13,1,0,1
57279901,168,84,84,30,15,15,55,33,22,54,25,29,1,0,1,22,8,14,6,3,3
0195770,0,0,0,0,0,0,0,0,0,0,0,0,0,0,0,0,0,0,0,0,0
57485602,62,34,28,23,13,10,24,13,11,9,3,6,0,0,0,1,0,1,5,5,0
57485603,894,442,452,65,23,42,268,158,110,329,146,183,18,7,11,184,92,92,30,16,14
57486401,368,190,178,49,25,24,151,85,66,101,48,53,5,1,4,47,20,27,15,11,4
57289601,523,259,264,47,21,26,125,72,53,189,92,97,8,2,6,132,64,68,22,8,14
57489901,1389,718,671,184,84,100,506,292,214,420,185,235,15,6,9,129,65,64,135,86,49
57489902,74,40,34,8,3,5,27,18,9,23,14,9,3,0,3,9,2,7,4,3,1
57489903,21,10,11,3,1,2,4,1,3,8,3,5,0,0,0,4,3,1,2,2,0
57489904,147,76,71,16,10,6,43,25,18,51,24,27,4,1,3,23,10,13,10,6,4
57489905,121,67,54,13,8,5,10,6,4,53,28,25,1,1,0,34,17,17,10,7,3
57489906,35,21,14,1,1,0,11,5,6,15,8,7,2,2,0,4,3,1,2,2,0
57490201,328,168,160,51,30,21,134,82,52,96,40,56,3,1,2,32,11,21,12,4,8
57491101,729,358,371,85,37,48,279,149,130,228,105,123,14,4,10,74,35,39,49,28,21
57491102,502,242,260,65,25,40,223,127,96,138,57,81,11,5,6,49,18,31,16,10,6
57491103,167,84,83,22,6,16,71,46,25,43,18,25,4,1,3,18,6,12,9,7,2
57491104,230,120,110,28,16,12,112,64,48,58,27,31,3,1,2,15,4,11,14,8,6
57492901,769,369,400,78,31,47,307,184,123,233,87,146,16,5,11,104,49,55,31,13,18
57495301,441,220,221,58,28,30,111,57,54,129,63,66,3,1,2,121,59,62,19,12,7
57297701,252,126,126,20,10,10,78,47,31,90,39,51,2,1,1,55,24,31,7,5,2
57496101,226,110,116,38,10,28,104,61,43,55,28,27,2,0,2,17,8,9,10,3,7
3124360,0,0,0,0,0,0,0,0,0,0,0,0,0,0,0,0,0,0,0,0,0
57498802,966,480,486,120,44,76,381,215,166,309,155,154,26,9,17,97,42,55,33,15,18
57498803,107,53,54,12,6,6,53,29,24,33,14,19,0,0,0,5,2,3,4,2,2
57498804,204,97,107,33,14,19,77,42,35,60,23,37,4,3,1,27,15,12,3,0,3
57498805,79,43,36,13,6,7,36,23,13,22,11,11,3,0,3,3,1,2,2,2,0
57498806,423,210,213,44,13,31,152,88,64,159,77,82,5,2,3,41,20,21,22,10,12
57498807,150,73,77,20,10,10,51,29,22,50,23,27,1,0,1,25,10,15,3,1,2
57498808,1518,720,798,201,77,124,546,306,240,447,186,261,20,7,13,180,73,107,124,71,53
57498809,1923,891,1032,262,92,170,658,356,302,618,270,348,41,10,31,269,120,149,75,43,32
57498810,26,13,13,2,2,0,15,8,7,6,2,4,0,0,0,2,0,2,1,1,0
57498811,31,16,15,4,0,4,14,9,5,9,4,5,0,0,0,4,3,1,0,0,0
57498812,158,82,76,22,8,14,52,36,16,49,25,24,2,0,2,30,11,19,3,2,1
57498813,40,22,18,6,2,4,14,9,5,12,9,3,1,0,1,6,1,5,1,1,0
57301901,50,26,24,4,2,2,23,13,10,16,8,8,2,0,2,5,3,2,0,0,0
57499601,112,60,52,16,3,13,56,34,22,20,11,9,2,0,2,8,3,5,10,9,1
57499602,1573,773,800,223,92,131,573,313,260,466,220,246,20,5,15,205,98,107,86,45,41
57501101,823,407,416,100,41,59,305,174,131,267,128,139,15,9,6,115,44,71,21,11,10
3313500,0,0,0,0,0,0,0,0,0,0,0,0,0,0,0,0,0,0,0,0,0
57504601,184,85,99,21,7,14,62,32,30,56,29,27,4,1,3,32,13,19,9,3,6
57505402,919,436,483,116,38,78,354,201,153,293,130,163,8,1,7,118,50,68,30,16,14
57505404,50,26,24,7,1,6,17,11,6,16,9,7,0,0,0,9,4,5,1,1,0
57506201,285,137,148,28,11,17,119,64,55,82,40,42,5,1,4,41,15,26,10,6,4
57276401,86,42,44,13,6,7,26,16,10,34,12,22,2,1,1,7,4,3,4,3,1
3308410,0,0,0,0,0,0,0,0,0,0,0,0,0,0,0,0,0,0,0,0,0
57507101,95,48,47,10,2,8,44,29,15,28,12,16,0,0,0,12,4,8,1,1,0
57507102,2278,1111,1167,327,120,207,962,526,436,636,294,342,18,7,11,170,70,100,165,94,71
57507103,14,6,8,1,0,1,5,2,3,7,3,4,0,0,0,1,1,0,0,0,0
57508901,608,311,297,85,30,55,224,128,96,180,80,100,10,4,6,65,33,32,44,36,8
57509701,172,82,90,13,8,5,93,45,48,43,20,23,3,0,3,14,5,9,6,4,2
57510101,129,65,64,28,12,16,61,36,25,24,10,14,1,0,1,9,3,6,6,4,2
57510102,74,39,35,14,4,10,31,18,13,24,13,11,1,1,0,3,2,1,1,1,0
57510103,67,35,32,6,4,2,34,21,13,20,8,12,0,0,0,4,0,4,3,2,1
57511901,188,89,99,29,11,18,78,40,38,49,24,25,3,1,2,16,5,11,13,8,5
57512701,107,53,54,22,10,12,41,24,17,29,11,18,0,0,0,7,2,5,8,6,2
57512702,23,12,11,3,1,2,13,8,5,5,2,3,0,0,0,0,0,0,2,1,1
57513501,185,101,84,27,12,15,75,50,25,61,28,33,2,0,2,13,6,7,7,5,2
57514301,322,166,156,37,17,20,124,71,53,98,54,44,6,2,4,46,13,33,11,9,2
57515101,108,50,58,15,6,9,49,27,22,31,11,20,1,0,1,10,5,5,2,1,1
57515102,49,26,23,8,2,6,21,15,6,9,2,7,1,1,0,8,4,4,2,2,0
57517801,105,51,54,21,5,16,45,27,18,30,13,17,0,0,0,7,4,3,2,2,0
57517802,293,138,155,46,11,35,114,67,47,67,27,40,3,0,3,42,20,22,21,13,8
57517803,93,48,45,18,5,13,47,31,16,23,10,13,0,0,0,4,1,3,1,1,0
57517804,53,22,31,12,4,8,16,10,6,18,5,13,0,0,0,2,0,2,5,3,2
57519401,369,192,177,43,15,28,157,97,60,112,51,61,1,0,1,34,14,20,22,15,7
57523201,429,219,210,46,23,23,167,91,76,128,63,65,8,3,5,57,26,31,23,13,10
57286101,189,104,85,23,8,15,91,58,33,47,26,21,1,0,1,20,8,12,7,4,3
57351501,277,152,125,20,9,11,95,58,37,84,44,40,4,1,3,52,24,28,22,16,6
57525901,193,93,100,29,11,18,72,48,24,61,21,40,1,0,1,19,7,12,11,6,5
57284501,117,64,53,14,6,8,50,32,18,33,18,15,3,2,1,12,3,9,5,3,2
57476701,2886,1443,1443,279,132,147,863,451,412,978,465,513,41,15,26,605,310,295,120,70,50
57530501,523,258,265,72,23,49,213,124,89,154,68,86,10,4,6,57,27,30,17,12,5
57531301,284,138,146,42,15,27,102,56,46,75,36,39,3,0,3,41,20,21,21,11,10
57531302,65,36,29,3,1,2,32,19,13,19,11,8,0,0,0,5,2,3,6,3,3
57533002,50,27,23,5,2,3,19,13,6,20,8,12,2,2,0,4,2,2,0,0,0
57533003,85,48,37,6,4,2,46,26,20,23,10,13,1,1,0,6,4,2,3,3,0
57280201,106,52,54,10,3,7,51,30,21,28,12,16,5,2,3,10,4,6,2,1,1
57537201,216,112,104,41,21,20,86,49,37,64,30,34,1,0,1,18,10,8,6,2,4
57537202,33,16,17,3,1,2,13,8,5,8,3,5,1,0,1,5,2,3,3,2,1
57537203,798,397,401,81,34,47,249,148,101,250,114,136,14,4,10,177,82,95,27,15,12
57537204,27,15,12,3,3,0,6,3,3,12,4,8,1,1,0,5,4,1,0,0,0
57538101,148,71,77,9,3,6,57,31,26,53,23,30,1,0,1,18,6,12,10,8,2
57303501,76,37,39,7,1,6,28,14,14,32,15,17,1,1,0,5,3,2,3,3,0
57539901,42,21,21,4,0,4,18,11,7,13,8,5,1,0,1,3,1,2,3,1,2
57539902,89,48,41,16,8,8,44,26,18,20,8,12,0,0,0,5,3,2,4,3,1
57539903,935,434,501,95,23,72,382,203,179,268,115,153,21,8,13,121,50,71,48,35,13
57539904,117,59,58,18,7,11,41,27,14,37,14,23,3,1,2,14,7,7,4,3,1
57539905,196,97,99,21,7,14,81,48,33,58,27,31,3,0,3,17,10,7,16,5,11
57539906,118,59,59,13,4,9,42,24,18,40,18,22,0,0,0,13,8,5,10,5,5
57539907,14,7,7,0,0,0,7,3,4,5,3,2,0,0,0,2,1,1,0,0,0
57287001,423,212,211,35,18,17,51,33,18,145,72,73,11,2,9,175,82,93,6,5,1
57287002,145,79,66,21,10,11,51,38,13,40,15,25,3,1,2,27,13,14,3,2,1
57307801,66,34,32,5,1,4,26,18,8,23,9,14,0,0,0,9,4,5,3,2,1
57307802,76,38,38,9,4,5,30,18,12,21,9,12,1,0,1,13,6,7,2,1,1
3309490,0,0,0,0,0,0,0,0,0,0,0,0,0,0,0,0,0,0,0,0,0
57542901,1763,884,879,199,90,109,545,305,240,582,261,321,36,8,28,318,163,155,83,57,26
57542902,468,233,235,53,17,36,170,104,66,143,71,72,6,1,5,83,34,49,13,6,7
57543701,57,28,29,8,3,5,18,12,6,25,10,15,2,1,1,4,2,2,0,0,0
57543702,845,413,432,92,41,51,290,152,138,260,112,148,9,3,6,150,76,74,44,29,15
57544501,610,300,310,65,17,48,270,156,114,175,78,97,13,1,12,57,27,30,30,21,9
57544502,144,77,67,18,7,11,62,37,25,41,23,18,0,0,0,18,6,12,5,4,1
1179010,0,0,0,0,0,0,0,0,0,0,0,0,0,0,0,0,0,0,0,0,0
3290880,0,0,0,0,0,0,0,0,0,0,0,0,0,0,0,0,0,0,0,0,0
57471601,1348,942,406,136,88,48,220,168,52,210,120,90,8,4,4,131,72,59,643,490,153
57471602,67,29,38,2,0,2,4,3,1,31,9,22,2,0,2,28,17,11,0,0,0
57471603,22,10,12,2,1,1,5,3,2,8,3,5,0,0,0,7,3,4,0,0,0
57471604,207,107,100,18,11,7,34,19,15,59,28,31,8,2,6,76,40,36,12,7,5
57471605,186,94,92,19,11,8,37,25,12,70,29,41,4,3,1,45,22,23,11,4,7
57471606,1044,492,552,131,53,78,271,139,132,338,149,189,16,7,9,209,96,113,79,48,31
57471607,1959,937,1022,159,59,100,444,239,205,688,314,374,30,15,15,551,260,291,87,50,37
57471608,2029,931,1098,264,96,168,493,242,251,677,309,368,38,17,21,478,225,253,79,42,37
57471610,19,11,8,5,2,3,4,3,1,4,3,1,0,0,0,5,3,2,1,0,1
57471612,5150,2536,2614,490,211,279,1308,703,605,1827,861,966,87,31,56,1121,536,585,317,194,123
57471613,2134,1014,1120,208,85,123,563,273,290,738,324,414,32,11,21,453,225,228,140,96,44
57471614,3795,1871,1924,458,202,256,948,498,450,1240,568,672,66,35,31,792,391,401,291,177,114
3223690,0,0,0,0,0,0,0,0,0,0,0,0,0,0,0,0,0,0,0,0,0
55512601,29,19,10,2,1,1,15,10,5,7,5,2,0,0,0,3,2,1,2,1,1
55512602,251,123,128,22,9,13,54,33,21,106,46,60,2,1,1,64,32,32,3,2,1
55512603,141,73,68,3,3,0,15,9,6,49,19,30,3,1,2,71,41,30,0,0,0
55512604,1306,640,666,133,65,68,315,162,153,475,207,268,17,4,13,298,162,136,68,40,28
55512606,2888,1318,1570,306,123,183,918,454,464,1023,433,590,43,17,26,468,226,242,130,65,65
55512607,2331,1216,1115,412,249,163,462,235,227,730,339,391,37,17,20,507,256,251,183,120,63
55512608,3274,1517,1757,335,124,211,995,487,508,1199,543,656,60,24,36,507,251,256,178,88,90
55512609,502,271,231,29,13,16,98,56,42,200,103,97,5,1,4,141,81,60,29,17,12
55512611,2174,1020,1154,246,102,144,582,289,293,786,335,451,40,19,21,389,195,194,131,80,51
55512612,2830,1288,1542,304,122,182,806,397,409,1034,440,594,49,16,33,500,236,264,137,77,60
3290450,0,0,0,0,0,0,0,0,0,0,0,0,0,0,0,0,0,0,0,0,0
55706402,616,616,0,267,267,0,266,266,0,64,64,0,3,3,0,16,16,0,0,0,0
55706403,82,47,35,11,8,3,26,17,9,26,12,14,3,2,1,13,6,7,3,2,1
55706404,1533,740,793,123,61,62,387,219,168,574,243,331,19,7,12,401,195,206,29,15,14
55706406,1665,736,929,167,68,99,508,244,264,621,247,374,32,13,19,276,137,139,61,27,34
55706407,335,204,131,15,9,6,25,15,10,38,26,12,17,10,7,42,20,22,198,124,74
55706408,6783,3153,3630,703,280,423,2071,1016,1055,2302,1006,1296,124,53,71,1336,661,675,247,137,110
55706410,403,202,201,24,14,10,62,35,27,152,69,83,5,1,4,152,79,73,8,4,4
55706411,1125,529,596,99,42,57,287,143,144,420,199,221,14,3,11,281,129,152,24,13,11
55706412,624,281,343,68,31,37,168,83,85,252,105,147,12,3,9,115,53,62,9,6,3
1178112,0,0,0,0,0,0,0,0,0,0,0,0,0,0,0,0,0,0,0,0,0
3181831,0,0,0,0,0,0,0,0,0,0,0,0,0,0,0,0,0,0,0,0,0
3181832,0,0,0,0,0,0,0,0,0,0,0,0,0,0,0,0,0,0,0,0,0
3213380,0,0,0,0,0,0,0,0,0,0,0,0,0,0,0,0,0,0,0,0,0
3317240,0,0,0,0,0,0,0,0,0,0,0,0,0,0,0,0,0,0,0,0,0
3317320,0,0,0,0,0,0,0,0,0,0,0,0,0,0,0,0,0,0,0,0,0
55509601,792,393,399,67,23,44,273,155,118,277,127,150,20,11,9,125,61,64,30,16,14
55509602,89,49,40,11,7,4,44,26,18,18,10,8,3,0,3,10,5,5,3,1,2
55509603,295,146,149,30,11,19,131,74,57,74,29,45,2,0,2,49,26,23,9,6,3
55509604,160,79,81,12,6,6,32,22,10,65,28,37,4,1,3,45,22,23,2,0,2
55509606,39,22,17,6,4,2,14,7,7,13,8,5,0,0,0,6,3,3,0,0,0
55509607,1007,492,515,128,55,73,297,159,138,338,158,180,16,6,10,209,102,107,19,12,7
55509608,51,25,26,3,0,3,4,2,2,15,6,9,2,2,0,22,13,9,5,2,3
55509609,22,9,13,1,0,1,4,2,2,8,2,6,2,0,2,5,4,1,2,1,1
55509610,32,21,11,5,5,0,14,11,3,10,4,6,0,0,0,2,1,1,1,0,1
55509611,1278,642,636,113,53,60,293,170,123,447,203,244,19,9,10,379,193,186,27,14,13
55509612,380,187,193,41,18,23,118,59,59,126,66,60,6,1,5,81,36,45,8,7,1
55509613,188,88,100,16,7,9,47,24,23,72,29,43,3,1,2,44,23,21,6,4,2
0322552,0,0,0,0,0,0,0,0,0,0,0,0,0,0,0,0,0,0,0,0,0
1177490,0,0,0,0,0,0,0,0,0,0,0,0,0,0,0,0,0,0,0,0,0
1180872,0,0,0,0,0,0,0,0,0,0,0,0,0,0,0,0,0,0,0,0,0
55707201,540,273,267,62,27,35,148,87,61,201,95,106,7,5,2,112,54,58,10,5,5
55707202,499,241,258,62,33,29,171,87,84,161,78,83,12,6,6,79,34,45,14,3,11
55707203,199,120,79,35,20,15,57,44,13,62,32,30,2,1,1,27,13,14,16,10,6
55707205,475,229,246,20,11,9,52,29,23,174,84,90,11,5,6,197,89,108,21,11,10
55707207,3227,1601,1626,381,174,207,747,403,344,1082,517,565,60,18,42,699,329,370,258,160,98
55707208,1422,679,743,146,62,84,362,189,173,566,250,316,24,15,9,289,146,143,35,17,18
55707210,4494,2087,2407,490,191,299,1283,663,620,1589,701,888,73,25,48,873,408,465,186,99,87
55707211,332,167,165,25,9,16,49,28,21,115,60,55,12,5,7,113,53,60,18,12,6
55707212,2741,1271,1470,276,108,168,814,409,405,923,397,526,42,18,24,543,259,284,143,80,63
1180520,0,0,0,0,0,0,0,0,0,0,0,0,0,0,0,0,0,0,0,0,0
1180610,0,0,0,0,0,0,0,0,0,0,0,0,0,0,0,0,0,0,0,0,0
1180790,0,0,0,0,0,0,0,0,0,0,0,0,0,0,0,0,0,0,0,0,0
3290290,0,0,0,0,0,0,0,0,0,0,0,0,0,0,0,0,0,0,0,0,0
3317590,0,0,0,0,0,0,0,0,0,0,0,0,0,0,0,0,0,0,0,0,0
55510001,352,174,178,36,14,22,124,73,51,106,47,59,1,1,0,63,27,36,22,12,10
55510002,203,92,111,27,7,20,73,39,34,60,29,31,1,1,0,36,11,25,6,5,1
55510003,113,75,38,17,9,8,28,16,12,20,14,6,5,4,1,7,4,3,36,28,8
55510004,3136,1525,1611,351,161,190,779,427,352,1124,521,603,51,16,35,730,340,390,101,60,41
55510006,940,472,468,111,48,63,306,190,116,320,143,177,9,0,9,163,76,87,31,15,16
55510007,402,199,203,43,22,21,134,69,65,135,65,70,2,1,1,67,32,35,21,10,11
1180100,0,0,0,0,0,0,0,0,0,0,0,0,0,0,0,0,0,0,0,0,0
1412161,0,0,0,0,0,0,0,0,0,0,0,0,0,0,0,0,0,0,0,0,0
3213200,0,0,0,0,0,0,0,0,0,0,0,0,0,0,0,0,0,0,0,0,0
55511801,1825,955,870,222,81,141,576,335,241,523,251,272,25,12,13,292,131,161,187,145,42
55511803,1046,531,515,93,39,54,266,161,105,368,166,202,18,7,11,274,143,131,27,15,12
55511804,701,321,380,41,15,26,101,58,43,269,115,154,21,10,11,228,100,128,41,23,18
55511805,539,268,271,56,27,29,131,70,61,195,94,101,8,1,7,136,73,63,13,3,10
55511806,1256,613,643,105,55,50,352,197,155,487,210,277,17,6,11,263,132,131,32,13,19
55511807,364,182,182,41,21,20,113,60,53,121,58,63,7,2,5,63,27,36,19,14,5
55511809,91,71,20,11,5,6,17,15,2,23,21,2,4,4,0,14,11,3,22,15,7
57502001,233,118,115,31,16,15,75,38,37,75,38,37,4,1,3,34,17,17,14,8,6
57294201,86,44,42,11,7,4,37,21,16,18,10,8,1,0,1,18,6,12,1,0,1
57546101,220,121,99,29,13,16,71,52,19,76,35,41,3,1,2,32,14,18,9,6,3
57547001,90,46,44,9,5,4,36,24,12,27,11,16,1,0,1,14,5,9,3,1,2
57295101,131,65,66,16,6,10,63,38,25,26,9,17,3,2,1,19,8,11,4,2,2
57285301,88,47,41,10,6,4,38,26,12,20,6,14,0,0,0,9,3,6,11,6,5
1346190,0,0,0,0,0,0,0,0,0,0,0,0,0,0,0,0,0,0,0,0,0
3389150,0,0,0,0,0,0,0,0,0,0,0,0,0,0,0,0,0,0,0,0,0
57550001,21,10,11,3,1,2,10,5,5,5,2,3,2,1,1,1,1,0,0,0,0
57550002,125,60,65,10,1,9,42,24,18,45,23,22,3,1,2,22,10,12,3,1,2
57550003,145,75,70,30,8,22,55,35,20,40,21,19,3,2,1,13,6,7,4,3,1
57550004,79,43,36,10,4,6,34,24,10,23,9,14,1,1,0,9,4,5,2,1,1
57550005,219,114,105,32,14,18,81,51,30,68,33,35,2,0,2,33,14,19,3,2,1
57550006,161,75,86,20,9,11,74,41,33,39,12,27,1,0,1,19,10,9,8,3,5
57550007,108,55,53,12,5,7,53,30,23,29,14,15,3,0,3,9,5,4,2,1,1
57550008,54,25,29,6,0,6,24,12,12,12,6,6,0,0,0,11,6,5,1,1,0
57550009,147,72,75,11,4,7,46,26,20,57,28,29,2,1,1,29,12,17,2,1,1
57550010,797,377,420,117,49,68,272,144,128,271,115,156,14,7,7,86,43,43,37,19,18
57550011,1686,811,875,188,77,111,580,298,282,609,291,318,22,8,14,194,90,104,93,47,46
57550013,990,520,470,174,78,96,339,200,139,254,118,136,12,3,9,84,40,44,127,81,46
57550014,1582,733,849,246,86,160,548,265,283,463,210,253,15,6,9,209,113,96,101,53,48
57550015,1203,592,611,116,40,76,441,250,191,408,195,213,14,2,12,168,79,89,56,26,30
57550016,278,136,142,41,16,25,77,46,31,88,37,51,4,1,3,59,30,29,9,6,3
57550017,311,209,102,44,36,8,47,25,22,58,38,20,3,2,1,30,22,8,129,86,43
57551801,180,94,86,26,12,14,71,43,28,51,23,28,1,0,1,19,10,9,12,6,6
57552601,63,35,28,7,1,6,36,23,13,10,5,5,1,1,0,5,2,3,4,3,1
57553401,501,259,242,51,20,31,118,61,57,159,74,85,8,0,8,90,49,41,75,55,20
57555101,485,238,247,66,29,37,158,95,63,163,63,100,11,5,6,53,26,27,34,20,14
57556901,223,115,108,28,9,19,102,63,39,57,25,32,4,1,3,22,11,11,10,6,4
57557701,138,73,65,23,9,14,39,22,17,42,25,17,1,0,1,24,10,14,9,7,2
57557702,30,17,13,2,2,0,8,6,2,14,6,8,0,0,0,4,2,2,2,1,1
57557703,36,20,16,0,0,0,13,10,3,11,4,7,1,1,0,11,5,6,0,0,0
57557704,504,257,247,56,28,28,187,112,75,165,70,95,7,2,5,65,30,35,24,15,9
3310740,0,0,0,0,0,0,0,0,0,0,0,0,0,0,0,0,0,0,0,0,0
57559301,1138,529,609,155,51,104,440,236,204,313,128,185,21,10,11,110,49,61,99,55,44
57560701,180,97,83,25,12,13,76,45,31,56,29,27,1,0,1,18,9,9,4,2,2
57560702,939,463,476,104,40,64,356,201,155,298,135,163,16,6,10,129,58,71,36,23,13
57561501,123,62,61,25,11,14,48,23,25,28,16,12,3,3,0,8,2,6,11,7,4
57562301,491,244,247,76,24,52,231,127,104,124,61,63,4,1,3,40,23,17,16,8,8
57564001,87,42,45,12,4,8,36,23,13,21,7,14,2,0,2,12,6,6,4,2,2
57564002,153,79,74,25,10,15,34,26,8,50,24,26,4,2,2,35,15,20,5,2,3
57564003,54,29,25,9,3,6,21,15,6,14,6,8,0,0,0,7,2,5,3,3,0
57564004,99,52,47,9,5,4,33,18,15,32,16,16,0,0,0,24,12,12,1,1,0
57564006,135,68,67,7,1,6,33,16,17,53,28,25,3,1,2,37,20,17,2,2,0
57564007,2278,1128,1150,268,121,147,745,411,334,762,357,405,38,11,27,364,168,196,101,60,41
57564008,77,36,41,9,5,4,12,8,4,27,11,16,3,0,3,25,12,13,1,0,1
57564009,26,16,10,4,2,2,14,8,6,5,3,2,0,0,0,3,3,0,0,0,0
57564010,127,63,64,20,7,13,55,32,23,38,18,20,1,1,0,9,3,6,4,2,2
57564011,310,159,151,37,18,19,39,22,17,120,60,60,5,2,3,101,52,49,8,5,3
57565801,19,10,9,1,1,0,7,5,2,8,3,5,0,0,0,3,1,2,0,0,0
57565802,33,17,16,5,3,2,11,6,5,13,5,8,0,0,0,3,2,1,1,1,0
57565803,19,8,11,2,1,1,3,2,1,11,5,6,0,0,0,3,0,3,0,0,0
57565804,288,147,141,32,15,17,133,77,56,84,32,52,8,4,4,18,10,8,13,9,4
57566601,236,129,107,36,17,19,93,60,33,60,29,31,3,1,2,18,6,12,26,16,10
57302701,99,52,47,14,6,8,57,33,24,21,9,12,1,1,0,3,0,3,3,3,0
57419801,484,243,241,62,30,32,102,63,39,180,83,97,3,1,2,125,60,65,12,6,6
57568201,182,87,95,23,9,14,66,37,29,57,22,35,4,2,2,21,13,8,11,4,7
57568202,106,55,51,17,9,8,20,13,7,40,21,19,2,1,1,27,11,16,0,0,0
57568203,1052,524,528,132,63,69,214,123,91,355,150,205,16,8,8,307,161,146,28,19,9
55371901,643,326,317,61,35,26,181,110,71,243,106,137,13,3,10,118,60,58,27,12,15
57570401,350,188,162,29,13,16,135,80,55,122,62,60,3,2,1,48,23,25,13,8,5
57570402,70,34,36,4,0,4,17,11,6,35,17,18,0,0,0,14,6,8,0,0,0
57570403,201,98,103,23,9,14,66,42,24,58,25,33,4,1,3,44,18,26,6,3,3
57570404,58,27,31,2,2,0,21,10,11,17,8,9,0,0,0,17,7,10,1,0,1
57570405,862,416,446,93,39,54,233,130,103,276,120,156,13,3,10,217,105,112,30,19,11
57571201,370,184,186,62,27,35,92,55,37,121,57,64,4,1,3,81,39,42,10,5,5
57572101,542,292,250,78,41,37,206,121,85,145,71,74,10,3,7,50,20,30,53,36,17
57573901,621,311,310,61,25,36,163,93,70,225,110,115,10,2,8,135,60,75,27,21,6
57293401,216,115,101,22,14,8,49,30,19,65,29,36,5,4,1,60,30,30,15,8,7
57575501,179,89,90,27,9,18,79,43,36,47,26,21,3,2,1,15,4,11,8,5,3
57576301,270,140,130,46,14,32,120,77,43,62,27,35,4,2,2,19,9,10,19,11,8
57577101,47,22,25,4,0,4,19,11,8,21,10,11,0,0,0,1,0,1,2,1,1
57577102,47,26,21,7,3,4,11,7,4,17,8,9,2,1,1,7,4,3,3,3,0
57577103,265,136,129,35,12,23,105,61,44,79,37,42,5,2,3,32,17,15,9,7,2
57577104,31,15,16,3,1,2,5,2,3,13,7,6,0,0,0,10,5,5,0,0,0
57578001,43,22,21,1,0,1,19,7,12,11,7,4,0,0,0,7,4,3,5,4,1
57578002,151,75,76,13,7,6,59,32,27,54,23,31,1,0,1,16,7,9,8,6,2
57578003,17,9,8,2,1,1,8,6,2,5,2,3,0,0,0,2,0,2,0,0,0
57581001,149,81,68,31,10,21,59,40,19,34,16,18,0,0,0,13,7,6,12,8,4
3308500,0,0,0,0,0,0,0,0,0,0,0,0,0,0,0,0,0,0,0,0,0
53079401,174,85,89,19,8,11,96,51,45,45,20,25,2,0,2,8,4,4,4,2,2
57582801,32,12,20,3,1,2,13,5,8,13,5,8,0,0,0,2,1,1,1,0,1
57582802,49,30,19,12,5,7,29,19,10,5,4,1,0,0,0,3,2,1,0,0,0
57582803,107,59,48,16,8,8,46,28,18,34,17,17,0,0,0,5,2,3,6,4,2
57298501,203,102,101,26,15,11,64,39,25,67,30,37,5,3,2,36,13,23,5,2,3
57584401,40,18,22,6,1,5,16,10,6,10,3,7,1,0,1,1,1,0,6,3,3
57584402,28,16,12,1,1,0,7,7,0,14,5,9,0,0,0,3,1,2,3,2,1
57584403,169,83,86,25,5,20,56,39,17,51,25,26,0,0,0,12,3,9,25,11,14
57587901,264,137,127,21,7,14,93,57,36,73,34,39,4,1,3,23,7,16,50,31,19
57588701,248,121,127,34,13,21,104,56,48,71,30,41,1,1,0,28,15,13,10,6,4
57590901,183,87,96,42,11,31,72,53,19,46,15,31,1,0,1,12,4,8,10,4,6
57288801,160,81,79,17,8,9,50,31,19,46,22,24,7,3,4,25,9,16,15,8,7
57591701,60,30,30,6,2,4,22,9,13,15,8,7,2,1,1,13,9,4,2,1,1
57592501,380,188,192,50,19,31,145,75,70,116,56,60,4,1,3,41,20,21,24,17,7
57593301,108,59,49,16,5,11,44,31,13,28,12,16,2,1,1,13,6,7,5,4,1
57594101,387,194,193,61,25,36,155,91,64,122,54,68,5,2,3,37,18,19,7,4,3
57596801,297,142,155,31,12,19,98,56,42,111,49,62,7,2,5,41,18,23,9,5,4
57598401,253,120,133,36,15,21,129,70,59,49,24,25,2,0,2,26,7,19,11,4,7
57599201,254,122,132,28,13,15,98,53,45,79,31,48,4,2,2,34,15,19,11,8,3
57599202,44,20,24,10,4,6,23,12,11,8,3,5,0,0,0,2,0,2,1,1,0
57600001,350,171,179,38,9,29,118,66,52,115,59,56,6,1,5,62,31,31,11,5,6
57601801,198,103,95,8,4,4,90,53,37,60,28,32,5,2,3,23,9,14,12,7,5
1922521,0,0,0,0,0,0,0,0,0,0,0,0,0,0,0,0,0,0,0,0,0
57602601,111,60,51,12,7,5,60,32,28,30,17,13,3,1,2,4,1,3,2,2,0
57602602,394,184,210,59,25,34,140,80,60,118,44,74,3,1,2,45,16,29,29,18,11
57604201,102,57,45,13,2,11,40,30,10,31,16,15,1,0,1,7,4,3,10,5,5
57605101,125,62,63,16,7,9,46,25,21,42,18,24,2,1,1,16,8,8,3,3,0
57605102,127,60,67,15,6,9,56,31,25,38,14,24,4,2,2,9,4,5,5,3,2
57605103,506,243,263,58,24,34,187,105,82,163,71,92,5,1,4,77,37,40,16,5,11
57256001,241,120,121,41,14,27,108,64,44,52,20,32,2,0,2,18,10,8,20,12,8
57258601,352,165,187,61,26,35,170,84,86,77,35,42,8,2,6,29,13,16,7,5,2
57258602,58,31,27,7,4,3,34,21,13,13,5,8,1,0,1,2,1,1,1,0,1
50539101,202,99,103,26,11,15,98,60,38,52,18,34,4,2,2,15,6,9,7,2,5
50539102,31,16,15,0,0,0,19,10,9,12,6,6,0,0,0,0,0,0,0,0,0
50539103,51,26,25,6,1,5,24,12,12,20,13,7,0,0,0,1,0,1,0,0,0
57777401,305,144,161,31,13,18,99,51,48,101,46,55,14,4,10,47,22,25,13,8,5
57430901,118,60,58,16,5,11,59,36,23,35,16,19,0,0,0,8,3,5,0,0,0
57430902,31,17,14,2,1,1,12,8,4,13,6,7,1,0,1,2,2,0,1,0,1
57251901,359,179,180,60,19,41,162,97,65,93,40,53,4,0,4,24,13,11,16,10,6
57251902,32,21,11,1,1,0,19,13,6,9,4,5,1,1,0,1,1,0,1,1,0
57781201,117,62,55,17,4,13,45,27,18,33,19,14,0,0,0,18,10,8,4,2,2
57782101,95,45,50,13,5,8,34,18,16,28,15,13,1,1,0,16,6,10,3,0,3
57783901,59,30,29,9,3,6,26,18,8,18,7,11,1,0,1,4,2,2,1,0,1
57783902,687,340,347,100,38,62,309,178,131,164,80,84,18,1,17,71,31,40,25,12,13
57783903,57,30,27,8,1,7,15,13,2,22,10,12,3,1,2,9,5,4,0,0,0
57263201,36,15,21,6,0,6,21,15,6,4,0,4,0,0,0,3,0,3,2,0,2
57263202,85,47,38,15,6,9,49,31,18,15,7,8,0,0,0,3,1,2,3,2,1
57263203,18,11,7,0,0,0,8,6,2,7,3,4,0,0,0,3,2,1,0,0,0
57786301,328,148,180,40,18,22,161,76,85,86,41,45,8,1,7,25,6,19,8,6,2
57786302,55,30,25,10,1,9,27,19,8,12,10,2,1,0,1,3,0,3,2,0,2
57786303,127,64,63,12,8,4,56,27,29,39,20,19,3,2,1,13,5,8,4,2,2
57786304,504,245,259,66,24,42,248,138,110,130,55,75,6,3,3,21,6,15,33,19,14
57786305,23,16,7,7,4,3,15,11,4,0,0,0,0,0,0,0,0,0,1,1,0
57787101,230,120,110,36,14,22,123,75,48,48,22,26,5,1,4,8,3,5,10,5,5
57787102,34,16,18,6,1,5,12,8,4,10,5,5,0,0,0,4,1,3,2,1,1
57225001,75,37,38,14,5,9,34,19,15,19,7,12,0,0,0,4,3,1,4,3,1
57225002,30,16,14,5,1,4,10,6,4,6,4,2,0,0,0,7,4,3,2,1,1
57789801,126,69,57,20,10,10,45,26,19,39,21,18,4,0,4,15,9,6,3,3,0
0147530,0,0,0,0,0,0,0,0,0,0,0,0,0,0,0,0,0,0,0,0,0
50514501,946,460,486,139,64,75,367,196,171,304,122,182,11,4,7,71,37,34,54,37,17
50514502,123,61,62,21,8,13,52,29,23,31,13,18,3,2,1,9,5,4,7,4,3
50514503,40,19,21,8,2,6,14,10,4,16,7,9,1,0,1,1,0,1,0,0,0
50514504,188,91,97,36,15,21,79,40,39,42,25,17,4,1,3,12,4,8,15,6,9
57791001,377,202,175,53,21,32,152,100,52,102,49,53,12,1,11,47,24,23,11,7,4
57792801,1227,596,631,235,108,127,443,245,198,350,153,197,21,6,15,136,62,74,42,22,20
57792802,29,18,11,4,2,2,13,9,4,6,3,3,1,0,1,4,3,1,1,1,0
57793601,548,282,266,63,29,34,204,118,86,152,69,83,14,4,10,71,32,39,44,30,14
57793602,84,38,46,6,1,5,44,25,19,27,10,17,4,1,3,2,1,1,1,0,1
57794401,781,391,390,137,60,77,323,188,135,223,102,121,14,5,9,54,21,33,30,15,15
57235701,291,156,135,34,13,21,105,63,42,100,56,44,7,2,5,35,18,17,10,4,6
57796101,66,34,32,13,8,5,23,11,12,14,9,5,1,0,1,10,4,6,5,2,3
57796102,46,26,20,7,5,2,21,14,7,17,7,10,0,0,0,1,0,1,0,0,0
57796103,164,93,71,37,23,14,63,39,24,43,19,24,0,0,0,9,4,5,12,8,4
57268301,158,80,78,24,10,14,87,45,42,33,16,17,2,1,1,3,2,1,9,6,3
57798701,446,223,223,74,37,37,232,125,107,103,46,57,4,0,4,12,7,5,21,8,13
57799501,1454,712,742,175,64,111,549,318,231,450,203,247,52,18,34,186,85,101,42,24,18
57799502,80,43,37,8,2,6,19,12,7,36,24,12,1,0,1,15,5,10,1,0,1
57799503,18,8,10,2,2,0,13,6,7,3,0,3,0,0,0,0,0,0,0,0,0
57432501,145,77,68,14,7,7,73,44,29,36,16,20,7,3,4,10,5,5,5,2,3
57432502,40,22,18,2,1,1,21,13,8,13,6,7,1,1,0,2,1,1,1,0,1
57228401,44,25,19,5,3,2,17,10,7,16,9,7,0,0,0,5,2,3,1,1,0
57803701,231,116,115,44,16,28,81,42,39,64,39,25,7,1,6,30,15,15,5,3,2
57805301,104,53,51,18,8,10,26,18,8,41,21,20,3,2,1,14,4,10,2,0,2
57236501,177,93,84,29,14,15,73,49,24,50,18,32,2,1,1,14,8,6,9,3,6
57236502,76,34,42,16,3,13,25,13,12,15,9,6,4,1,3,14,7,7,2,1,1
57236503,72,37,35,15,8,7,29,17,12,19,9,10,1,0,1,4,1,3,4,2,2
57269101,1344,680,664,229,87,142,605,363,242,337,140,197,17,5,12,66,30,36,90,55,35
57273001,141,70,71,21,6,15,61,35,26,40,20,20,4,0,4,7,6,1,8,3,5
57809601,578,290,288,77,34,43,258,151,107,164,73,91,8,2,6,44,16,28,27,14,13
57809602,109,55,54,18,5,13,53,30,23,19,14,5,1,0,1,12,3,9,6,3,3
57810001,54,25,29,9,4,5,21,10,11,16,8,8,1,0,1,6,2,4,1,1,0
57810002,49,25,24,6,3,3,21,13,8,18,8,10,0,0,0,4,1,3,0,0,0
57811801,115,62,53,17,11,6,53,32,21,26,11,15,2,0,2,10,4,6,7,4,3
57812601,101,52,49,13,4,9,45,29,16,20,10,10,1,1,0,11,3,8,11,5,6
57812602,77,41,36,7,3,4,40,25,15,17,7,10,1,0,1,7,3,4,5,3,2
57813401,36,19,17,3,1,2,16,10,6,11,6,5,2,0,2,3,1,2,1,1,0
57813402,695,350,345,129,58,71,264,162,102,193,82,111,17,5,12,60,26,34,32,17,15
57813403,55,14,41,7,1,6,18,4,14,18,5,13,0,0,0,6,2,4,6,2,4
57814201,47,25,22,6,2,4,15,11,4,16,7,9,2,1,1,6,3,3,2,1,1
57815101,959,491,468,175,76,99,396,232,164,255,122,133,11,1,10,73,33,40,49,27,22
57815102,38,18,20,4,3,1,15,7,8,13,5,8,2,1,1,3,2,1,1,0,1
57816901,145,78,67,21,11,10,49,29,20,46,24,22,2,1,1,18,7,11,9,6,3
57271301,335,170,165,45,17,28,119,69,50,104,56,48,10,0,10,45,21,24,12,7,5
57818501,820,390,430,154,58,96,378,200,178,187,86,101,5,0,5,52,21,31,44,25,19
57818502,23,13,10,2,1,1,12,8,4,8,3,5,0,0,0,0,0,0,1,1,0
3385590,0,0,0,0,0,0,0,0,0,0,0,0,0,0,0,0,0,0,0,0,0
57819301,56,30,26,11,5,6,26,18,8,12,4,8,1,0,1,5,2,3,1,1,0
57819303,485,248,237,77,30,47,187,117,70,119,52,67,8,1,7,60,28,32,34,20,14
57819304,1733,821,912,258,96,162,633,346,287,517,239,278,44,10,34,224,102,122,57,28,29
57819305,59,29,30,9,3,6,14,10,4,12,4,8,0,0,0,17,7,10,7,5,2
57820701,436,217,219,52,21,31,183,107,76,120,56,64,14,4,10,53,20,33,14,9,5
57821501,204,100,104,45,11,34,113,69,44,27,9,18,1,0,1,8,2,6,10,9,1
57821502,43,20,23,3,1,2,20,11,9,13,5,8,3,1,2,2,1,1,2,1,1
57274801,262,132,130,42,20,22,122,67,55,52,23,29,9,1,8,17,8,9,20,13,7
57274802,71,35,36,8,1,7,26,15,11,25,13,12,2,0,2,7,4,3,3,2,1
57823101,19,8,11,2,0,2,8,2,6,8,6,2,0,0,0,1,0,1,0,0,0
57823102,536,252,284,98,41,57,219,113,106,136,62,74,11,3,8,40,15,25,32,18,14
0695400,0,0,0,0,0,0,0,0,0,0,0,0,0,0,0,0,0,0,0,0,0
57825801,593,299,294,68,27,41,240,148,92,191,87,104,15,3,12,57,27,30,22,7,15
57825802,30,13,17,3,1,2,13,7,6,10,4,6,1,0,1,3,1,2,0,0,0
57826601,110,59,51,17,7,10,52,32,20,28,14,14,1,1,0,9,2,7,3,3,0
57827401,319,167,152,55,23,32,141,85,56,71,32,39,5,1,4,25,14,11,22,12,10
57259401,59,29,30,7,3,4,23,13,10,20,8,12,0,0,0,5,3,2,4,2,2
57828201,758,383,375,105,39,66,326,179,147,202,96,106,9,0,9,62,36,26,54,33,21
57828202,300,152,148,46,17,29,144,85,59,73,33,40,4,0,4,18,7,11,15,10,5
57829101,92,49,43,25,18,7,22,12,10,27,10,17,1,0,1,15,7,8,2,2,0
57829102,218,122,96,46,28,18,93,51,42,44,21,23,3,1,2,18,11,7,14,10,4
57830401,97,54,43,11,7,4,48,27,21,23,12,11,2,1,1,9,4,5,4,3,1
57833901,499,242,257,70,24,46,243,131,112,130,63,67,5,0,5,33,14,19,18,10,8
0857740,0,0,0,0,0,0,0,0,0,0,0,0,0,0,0,0,0,0,0,0,0
0857820,0,0,0,0,0,0,0,0,0,0,0,0,0,0,0,0,0,0,0,0,0
0857910,0,0,0,0,0,0,0,0,0,0,0,0,0,0,0,0,0,0,0,0,0
0858120,0,0,0,0,0,0,0,0,0,0,0,0,0,0,0,0,0,0,0,0,0
3125760,0,0,0,0,0,0,0,0,0,0,0,0,0,0,0,0,0,0,0,0,0
3316430,0,0,0,0,0,0,0,0,0,0,0,0,0,0,0,0,0,0,0,0,0
57834701,117,59,58,16,8,8,41,22,19,38,20,18,4,1,3,15,6,9,3,2,1
57834702,369,184,185,29,11,18,89,55,34,129,65,64,9,3,6,107,46,61,6,4,2
57834704,1002,495,507,96,42,54,290,175,115,367,162,205,15,7,8,207,95,112,27,14,13
57834705,907,446,461,97,39,58,218,130,88,299,139,160,29,6,23,237,119,118,27,13,14
57834707,254,146,108,56,31,25,33,23,10,58,31,27,10,5,5,24,12,12,73,44,29
57834708,206,98,108,34,9,25,78,50,28,66,26,40,9,2,7,13,8,5,6,3,3
57834709,85,45,40,22,9,13,32,20,12,19,10,9,1,0,1,7,3,4,4,3,1
57834710,113,58,55,23,12,11,44,23,21,25,12,13,4,2,2,11,5,6,6,4,2
57834711,234,115,119,32,15,17,98,48,50,67,33,34,5,3,2,20,9,11,12,7,5
57834713,1217,562,655,157,64,93,323,185,138,431,175,256,29,10,19,222,100,122,55,28,27
57834714,336,161,175,41,17,24,87,50,37,125,52,73,5,1,4,70,36,34,8,5,3
57834717,2645,1222,1423,298,113,185,770,418,352,873,371,502,66,21,45,493,218,275,145,81,64
57834718,634,307,327,74,32,42,161,85,76,229,113,116,22,8,14,101,47,54,47,22,25
57834719,255,127,128,34,19,15,68,40,28,81,33,48,2,1,1,47,23,24,23,11,12
57834720,85,45,40,12,7,5,37,19,18,26,11,15,1,0,1,7,6,1,2,2,0
57835501,782,400,382,122,45,77,303,180,123,214,100,114,10,3,7,89,44,45,44,28,16
57836301,260,130,130,37,16,21,93,54,39,78,34,44,8,2,6,33,17,16,11,7,4
57837101,80,45,35,17,7,10,42,28,14,5,2,3,3,0,3,2,0,2,11,8,3
57838001,34,20,14,8,4,4,17,11,6,6,3,3,1,1,0,2,1,1,0,0,0
57838002,108,56,52,7,0,7,53,29,24,31,18,13,2,1,1,13,7,6,2,1,1
57838003,437,224,213,61,27,34,180,98,82,109,58,51,7,1,6,45,17,28,35,23,12
57838004,35,18,17,6,3,3,21,11,10,4,1,3,0,0,0,3,2,1,1,1,0
57838005,216,107,109,27,8,19,121,70,51,45,18,27,2,0,2,18,9,9,3,2,1
57838006,46,25,21,6,2,4,23,15,8,11,4,7,0,0,0,3,2,1,3,2,1
57838008,34,18,16,10,4,6,17,11,6,1,0,1,0,0,0,1,1,0,5,2,3
57838009,67,30,37,6,0,6,32,18,14,20,7,13,0,0,0,8,4,4,1,1,0
57838011,42,23,19,8,4,4,19,12,7,11,5,6,0,0,0,1,1,0,3,1,2
57838012,42,22,20,10,3,7,22,12,10,8,5,3,0,0,0,2,2,0,0,0,0
57838014,47,25,22,16,8,8,19,10,9,9,6,3,0,0,0,2,1,1,1,0,1
57839801,210,107,103,29,9,20,97,62,35,47,21,26,5,1,4,20,10,10,12,4,8
57840101,356,174,182,76,29,47,180,103,77,66,26,40,4,3,1,8,3,5,22,10,12
57842801,38,19,19,4,1,3,20,11,9,10,5,5,0,0,0,4,2,2,0,0,0
57842802,377,192,185,34,15,19,156,92,64,123,55,68,6,2,4,37,17,20,21,11,10
57842803,140,73,67,19,7,12,58,37,21,38,17,21,0,0,0,20,10,10,5,2,3
57842804,19,8,11,4,1,3,6,4,2,7,2,5,0,0,0,1,0,1,1,1,0
0988840,0,0,0,0,0,0,0,0,0,0,0,0,0,0,0,0,0,0,0,0,0
3385320,0,0,0,0,0,0,0,0,0,0,0,0,0,0,0,0,0,0,0,0,0
57844402,543,278,265,96,39,57,269,157,112,118,57,61,5,2,3,33,13,20,22,10,12
57844403,228,122,106,29,14,15,107,59,48,65,33,32,3,1,2,17,10,7,7,5,2
57844405,427,214,213,57,28,29,185,104,81,122,53,69,8,1,7,46,22,24,9,6,3
57844406,906,485,421,190,82,108,360,202,158,159,76,83,12,6,6,58,29,29,127,90,37
57844407,3288,1456,1832,495,177,318,1214,594,620,1029,429,600,59,10,49,375,190,185,116,56,60
57844408,686,335,351,115,47,68,249,137,112,234,109,125,5,2,3,58,23,35,25,17,8
57844409,1292,624,668,184,74,110,422,230,192,400,176,224,21,6,15,158,79,79,107,59,48
57844410,899,452,447,128,54,74,309,178,131,275,125,150,9,3,6,144,73,71,34,19,15
57844412,17,7,10,2,0,2,2,0,2,7,5,2,1,0,1,4,2,2,1,0,1
57845201,183,93,90,27,13,14,86,49,37,46,18,28,4,1,3,18,12,6,2,0,2
58069401,377,193,184,46,19,27,143,92,51,117,50,67,9,1,8,38,18,20,24,13,11
58069403,240,108,132,42,11,31,88,53,35,72,33,39,3,0,3,29,9,20,6,2,4
58069404,186,92,94,22,8,14,82,47,35,52,24,28,6,1,5,18,9,9,6,3,3
57260801,160,80,80,21,9,12,68,42,26,48,20,28,4,2,2,12,3,9,7,4,3
57260802,39,21,18,7,3,4,22,15,7,6,2,4,1,0,1,1,0,1,2,1,1
57243801,56,30,26,10,2,8,22,16,6,12,5,7,1,0,1,4,3,1,7,4,3
57847901,42,23,19,5,2,3,15,9,6,13,7,6,0,0,0,6,3,3,3,2,1
57847902,471,246,225,70,33,37,219,123,96,127,65,62,8,0,8,33,15,18,14,10,4
57848701,901,471,430,182,74,108,384,237,147,226,104,122,6,2,4,50,23,27,53,31,22
57848702,35,19,16,5,2,3,15,9,6,11,6,5,0,0,0,2,1,1,2,1,1
57272101,62,33,29,10,3,7,30,18,12,12,7,5,2,0,2,5,4,1,3,1,2
57272102,23,13,10,3,1,2,10,7,3,6,3,3,0,0,0,4,2,2,0,0,0
57272103,278,149,129,46,20,26,128,85,43,67,24,43,3,1,2,26,14,12,8,5,3
57272104,209,96,113,32,12,20,79,44,35,72,33,39,7,1,6,19,6,13,0,0,0
57850901,778,386,392,88,31,57,280,172,108,253,114,139,19,8,11,97,39,58,41,22,19
57855001,182,101,81,25,11,14,89,58,31,43,17,26,2,1,1,9,4,5,14,10,4
57855002,78,42,36,21,10,11,34,20,14,15,7,8,1,1,0,2,0,2,5,4,1
1254070,0,0,0,0,0,0,0,0,0,0,0,0,0,0,0,0,0,0,0,0,0
1254150,0,0,0,0,0,0,0,0,0,0,0,0,0,0,0,0,0,0,0,0,0
1254230,0,0,0,0,0,0,0,0,0,0,0,0,0,0,0,0,0,0,0,0,0
57857601,179,90,89,21,8,13,83,53,30,52,24,28,2,0,2,19,4,15,2,1,1
57857602,125,69,56,21,12,9,55,36,19,36,16,20,0,0,0,5,2,3,8,3,5
57857603,31,22,9,8,5,3,12,10,2,5,2,3,0,0,0,4,3,1,2,2,0
57857604,74,36,38,5,1,4,29,16,13,21,9,12,1,0,1,13,6,7,5,4,1
57857605,1543,731,812,146,54,92,578,313,265,534,234,300,40,14,26,191,86,105,54,30,24
57857606,73,34,39,20,5,15,31,20,11,11,4,7,0,0,0,3,1,2,8,4,4
57857607,2688,1225,1463,328,137,191,900,472,428,874,363,511,67,13,54,450,205,245,69,35,34
57857608,387,176,211,71,27,44,153,81,72,109,42,67,4,2,2,44,22,22,6,2,4
57857609,82,40,42,9,4,5,23,15,8,32,14,18,1,0,1,14,7,7,3,0,3
57857610,1366,677,689,146,61,85,477,277,200,498,231,267,30,13,17,174,77,97,41,18,23
57857612,93,43,50,16,6,10,27,17,10,32,14,18,1,0,1,16,6,10,1,0,1
57857613,143,69,74,21,10,11,61,34,27,46,20,26,3,1,2,9,3,6,3,1,2
57857614,483,250,233,56,23,33,152,92,60,156,76,80,8,4,4,66,24,42,45,31,14
57858401,1037,536,501,147,63,84,445,269,176,302,146,156,19,3,16,93,36,57,31,19,12
57237301,75,42,33,10,6,4,26,18,8,28,15,13,2,0,2,5,2,3,4,1,3
57237302,254,133,121,32,10,22,112,73,39,71,33,38,6,1,5,24,10,14,9,6,3
57237303,77,44,33,8,6,2,27,16,11,23,15,8,4,1,3,9,3,6,6,3,3
57862201,126,64,62,14,9,5,48,26,22,39,17,22,1,1,0,20,9,11,4,2,2
57863101,32,13,19,5,2,3,13,8,5,11,1,10,1,1,0,2,1,1,0,0,0
57863102,226,114,112,29,15,14,91,50,41,61,33,28,9,2,7,19,5,14,17,9,8
57864901,22,11,11,2,1,1,10,7,3,6,1,5,0,0,0,4,2,2,0,0,0
57864903,26,11,15,3,0,3,8,5,3,10,5,5,1,0,1,4,1,3,0,0,0
57864904,77,44,33,12,5,7,34,21,13,18,11,7,0,0,0,9,4,5,4,3,1
57865701,936,472,464,152,69,83,401,221,180,227,108,119,20,5,15,90,40,50,46,29,17
57433301,98,54,44,24,15,9,52,28,24,13,7,6,0,0,0,4,1,3,5,3,2
57867302,522,244,278,73,25,48,216,125,91,148,58,90,8,0,8,49,18,31,28,18,10
57868101,75,40,35,9,5,4,29,20,9,21,7,14,2,0,2,10,5,5,4,3,1
57868102,122,67,55,13,6,7,52,31,21,35,19,16,3,1,2,16,8,8,3,2,1
57868103,60,28,32,8,3,5,21,12,9,24,11,13,1,0,1,3,1,2,3,1,2
57869001,204,103,101,22,8,14,110,57,53,44,19,25,3,0,3,17,12,5,8,7,1
57870301,51,26,25,8,4,4,30,16,14,8,4,4,0,0,0,3,1,2,2,1,1
57870302,66,32,34,10,3,7,33,19,14,11,5,6,2,2,0,1,0,1,9,3,6
57871101,481,245,236,103,44,59,203,117,86,98,43,55,5,1,4,24,10,14,48,30,18
57223301,54,29,25,7,3,4,18,11,7,15,10,5,0,0,0,10,4,6,4,1,3
57872001,430,215,215,52,17,35,164,102,62,136,55,81,9,4,5,54,25,29,15,12,3
57873801,271,137,134,50,23,27,89,50,39,91,44,47,6,1,5,28,16,12,7,3,4
57873802,405,203,202,48,19,29,135,80,55,125,53,72,13,6,7,53,26,27,31,19,12
57873803,65,31,34,16,6,10,16,7,9,24,12,12,0,0,0,9,6,3,0,0,0
57874601,198,103,95,33,16,17,85,51,34,58,26,32,3,0,3,13,5,8,6,5,1
57875401,186,93,93,39,17,22,87,47,40,30,17,13,3,1,2,10,3,7,17,8,9
1496670,0,0,0,0,0,0,0,0,0,0,0,0,0,0,0,0,0,0,0,0,0
57876201,117,58,59,19,8,11,42,24,18,39,19,20,1,0,1,13,5,8,3,2,1
58032501,544,279,265,49,24,25,246,149,97,162,61,101,8,1,7,58,29,29,21,15,6
58032502,888,419,469,125,38,87,357,211,146,261,119,142,24,6,18,80,26,54,41,19,22
57878901,22,12,10,8,4,4,11,6,5,0,0,0,1,0,1,0,0,0,2,2,0
57878902,26,13,13,2,1,1,6,4,2,9,4,5,1,1,0,6,3,3,2,0,2
57878903,95,47,48,24,9,15,54,33,21,14,4,10,1,0,1,1,0,1,1,1,0
57878904,57,32,25,16,9,7,26,14,12,13,7,6,1,1,0,1,1,0,0,0,0
57878905,603,311,292,92,33,59,273,167,106,152,66,86,14,4,10,44,24,20,28,17,11
57880101,196,101,95,41,17,24,91,52,39,47,24,23,3,1,2,7,2,5,7,5,2
57881901,195,98,97,15,6,9,80,47,33,54,23,31,7,2,5,29,14,15,10,6,4
57883501,83,40,43,15,3,12,30,19,11,26,10,16,1,1,0,9,5,4,2,2,0
1610210,0,0,0,0,0,0,0,0,0,0,0,0,0,0,0,0,0,0,0,0,0
1610550,0,0,0,0,0,0,0,0,0,0,0,0,0,0,0,0,0,0,0,0,0
1610630,0,0,0,0,0,0,0,0,0,0,0,0,0,0,0,0,0,0,0,0,0
3386990,0,0,0,0,0,0,0,0,0,0,0,0,0,0,0,0,0,0,0,0,0
57773101,622,304,318,101,35,66,218,125,93,188,88,100,21,7,14,64,32,32,30,17,13
57773103,179,75,104,31,10,21,64,33,31,63,24,39,1,1,0,11,3,8,9,4,5
57773104,44,21,23,9,4,5,13,5,8,9,7,2,0,0,0,10,4,6,3,1,2
57773105,2434,1151,1283,327,133,194,757,412,345,823,364,459,66,22,44,385,176,209,76,44,32
57773106,1482,682,800,215,97,118,557,279,278,462,198,264,18,6,12,154,72,82,76,30,46
57773107,434,211,223,54,28,26,166,96,70,139,56,83,5,0,5,47,20,27,23,11,12
57773108,529,270,259,74,33,41,219,128,91,157,71,86,8,1,7,51,23,28,20,14,6
57773109,409,204,205,76,38,38,137,71,66,108,49,59,9,3,6,39,17,22,40,26,14
57773110,997,458,539,154,62,92,309,163,146,343,146,197,25,7,18,131,66,65,35,14,21
57773111,1240,579,661,212,99,113,439,247,192,389,151,238,17,1,16,125,52,73,58,29,29
57773112,1710,798,912,213,93,120,559,299,260,591,242,349,37,10,27,246,121,125,64,33,31
57773113,2152,1057,1095,228,97,131,695,393,302,717,308,409,34,9,25,271,123,148,207,127,80
57773114,139,67,72,37,23,14,54,27,27,26,9,17,2,0,2,3,3,0,17,5,12
57773116,1270,591,679,216,80,136,462,259,203,386,152,234,25,7,18,140,74,66,41,19,22
57773117,59,39,20,18,14,4,20,13,7,8,4,4,1,0,1,6,4,2,6,4,2
57884301,31,16,15,6,3,3,12,7,5,4,0,4,1,0,1,5,3,2,3,3,0
57884303,49,23,26,5,1,4,21,13,8,15,8,7,1,0,1,5,0,5,2,1,1
57884304,30,16,14,5,1,4,7,5,2,13,9,4,0,0,0,5,1,4,0,0,0
57884305,103,53,50,17,6,11,45,32,13,26,6,20,0,0,0,6,3,3,9,6,3
57884306,39,19,20,3,0,3,12,6,6,15,9,6,0,0,0,8,4,4,1,0,1
57884307,82,35,47,12,4,8,26,14,12,22,7,15,2,1,1,15,7,8,5,2,3
57885101,313,162,151,34,14,20,123,75,48,102,46,56,4,0,4,35,19,16,15,8,7
57886001,91,44,47,15,6,9,42,20,22,23,12,11,0,0,0,11,6,5,0,0,0
57887801,331,175,156,50,19,31,149,81,68,82,47,35,8,2,6,23,14,9,19,12,7
57888601,49,26,23,4,3,1,28,16,12,10,6,4,1,0,1,5,0,5,1,1,0
57888602,296,144,152,47,19,28,130,81,49,75,27,48,5,1,4,28,11,17,11,5,6
57889401,397,201,196,63,25,38,151,90,61,105,49,56,14,7,7,49,20,29,15,10,5
57261601,139,73,66,17,7,10,61,32,29,35,21,14,4,1,3,15,7,8,7,5,2
57890801,721,365,356,143,50,93,324,195,129,150,65,85,9,3,6,29,12,17,66,40,26
57891601,95,43,52,14,3,11,39,22,17,30,13,17,3,1,2,6,2,4,3,2,1
57262401,249,133,116,26,14,12,100,57,43,70,36,34,9,3,6,34,17,17,10,6,4
57893201,779,399,380,110,51,59,367,219,148,184,75,109,10,5,5,66,23,43,42,26,16
57894101,235,120,115,29,14,15,96,60,36,73,36,37,3,0,3,26,8,18,8,2,6
57895901,134,70,64,19,8,11,70,44,26,29,10,19,3,1,2,5,2,3,8,5,3
57896701,326,164,162,45,22,23,144,84,60,91,38,53,5,1,4,24,8,16,17,11,6
58112701,80,43,37,16,7,9,27,20,7,23,8,15,0,0,0,11,7,4,3,1,2
57897502,158,80,78,23,7,16,77,53,24,33,11,22,1,0,1,14,6,8,10,3,7
57897503,201,97,104,35,10,25,98,56,42,44,20,24,1,0,1,11,5,6,12,6,6
57229201,60,34,26,10,5,5,18,13,5,22,12,10,1,1,0,8,2,6,1,1,0
57899101,36,20,16,4,1,3,16,12,4,7,3,4,2,0,2,5,3,2,2,1,1
57219502,34,18,16,6,3,3,15,9,6,11,4,7,0,0,0,1,1,0,1,1,0
54798101,390,197,193,61,19,42,177,106,71,86,38,48,4,2,2,37,14,23,25,18,7
57342601,163,62,101,65,16,49,48,26,22,19,9,10,1,1,0,8,3,5,22,7,15
55376001,338,176,162,37,15,22,137,94,43,110,46,64,5,0,5,33,14,19,16,7,9
54800601,79,42,37,7,2,5,36,24,12,24,9,15,0,0,0,8,4,4,4,3,1
57994701,1083,524,559,132,56,76,361,209,152,418,184,234,18,2,16,111,50,61,43,23,20
57996301,187,91,96,25,8,17,72,42,30,61,30,31,7,2,5,18,7,11,4,2,2
57997101,853,428,425,114,40,74,354,210,144,252,117,135,26,13,13,88,39,49,19,9,10
57997102,61,33,28,10,4,6,21,13,8,19,8,11,2,1,1,6,5,1,3,2,1
57998001,210,107,103,44,14,30,80,51,29,49,22,27,1,1,0,18,8,10,18,11,7
57998002,22,10,12,5,2,3,7,4,3,6,3,3,0,0,0,0,0,0,4,1,3
57998003,40,20,20,8,1,7,18,12,6,8,6,2,0,0,0,4,1,3,2,0,2
57998004,19,11,8,6,2,4,8,6,2,3,2,1,0,0,0,1,0,1,1,1,0
57999801,152,77,75,26,9,17,60,33,27,31,17,14,1,0,1,22,13,9,12,5,7
58001501,89,49,40,27,11,16,41,25,16,9,4,5,0,0,0,5,4,1,7,5,2
58001502,54,23,31,23,8,15,20,12,8,6,1,5,0,0,0,0,0,0,5,2,3
58001503,1588,741,847,384,114,270,598,340,258,383,179,204,21,6,15,115,47,68,87,55,32
58001504,281,146,135,76,25,51,131,82,49,39,16,23,1,0,1,3,1,2,31,22,9
58001505,133,72,61,29,11,18,60,38,22,27,13,14,3,0,3,10,7,3,4,3,1
58001506,23,15,8,6,3,3,11,9,2,4,2,2,0,0,0,0,0,0,2,1,1
58001508,79,41,38,23,11,12,31,19,12,15,7,8,0,0,0,6,2,4,4,2,2
58001509,49,27,22,14,6,8,22,15,7,9,5,4,0,0,0,1,0,1,3,1,2
58001510,92,45,47,17,7,10,33,22,11,32,11,21,0,0,0,7,4,3,3,1,2
58002301,298,157,141,29,15,14,128,79,49,90,38,52,9,4,5,27,11,16,15,10,5
0218570,0,0,0,0,0,0,0,0,0,0,0,0,0,0,0,0,0,0,0,0,0
0218650,0,0,0,0,0,0,0,0,0,0,0,0,0,0,0,0,0,0,0,0,0
0218900,0,0,0,0,0,0,0,0,0,0,0,0,0,0,0,0,0,0,0,0,0
3127970,0,0,0,0,0,0,0,0,0,0,0,0,0,0,0,0,0,0,0,0,0
3216810,0,0,0,0,0,0,0,0,0,0,0,0,0,0,0,0,0,0,0,0,0
58003101,1200,583,617,156,67,89,400,235,165,436,195,241,24,6,18,126,55,71,58,25,33
58003102,430,213,217,54,20,34,146,84,62,150,72,78,9,3,6,61,28,33,10,6,4
58003103,560,283,277,64,24,40,195,119,76,211,98,113,8,1,7,69,33,36,13,8,5
58003104,99,53,46,20,11,9,53,33,20,15,4,11,1,0,1,8,5,3,2,0,2
58003105,94,46,48,9,3,6,36,23,13,28,13,15,3,1,2,18,6,12,0,0,0
58003106,1140,529,611,131,55,76,422,234,188,428,176,252,27,7,20,105,44,61,27,13,14
58003107,277,131,146,26,10,16,105,59,46,105,47,58,6,0,6,28,12,16,7,3,4
58003108,169,82,87,43,23,20,70,37,33,42,17,25,3,1,2,6,2,4,5,2,3
58003109,52,25,27,9,3,6,16,11,5,22,9,13,0,0,0,3,1,2,2,1,1
58003110,715,391,324,97,46,51,188,108,80,196,94,102,12,3,9,62,31,31,160,109,51
58003111,56,36,20,7,3,4,18,13,5,18,13,5,1,0,1,9,5,4,3,2,1
58003113,2515,1172,1343,366,138,228,805,420,385,907,425,482,35,10,25,303,123,180,99,56,43
58003114,1250,622,628,137,49,88,464,256,208,426,214,212,22,9,13,154,65,89,47,29,18
58003115,1204,581,623,173,71,102,416,224,192,385,185,200,25,5,20,149,63,86,56,33,23
58003116,509,247,262,256,116,140,122,70,52,49,23,26,5,1,4,4,3,1,73,34,39
58003117,1425,684,741,150,54,96,392,211,181,588,275,313,28,9,19,227,112,115,40,23,17
58003118,952,451,501,141,55,86,266,141,125,354,168,186,17,8,9,151,68,83,23,11,12
58004001,24,13,11,2,1,1,13,7,6,5,4,1,0,0,0,3,0,3,1,1,0
58004002,329,164,165,32,13,19,133,77,56,113,53,60,7,4,3,34,10,24,10,7,3
58004003,73,37,36,10,6,4,39,24,15,11,3,8,3,0,3,5,2,3,5,2,3
58004004,61,28,33,6,3,3,23,14,9,26,7,19,0,0,0,5,3,2,1,1,0
58005801,442,222,220,55,28,27,178,99,79,130,61,69,13,2,11,46,22,24,20,10,10
58005802,38,20,18,7,2,5,16,9,7,12,7,5,0,0,0,0,0,0,3,2,1
58006601,129,69,60,23,7,16,48,30,18,33,20,13,5,3,2,15,6,9,5,3,2
58007401,548,272,276,116,46,70,245,140,105,118,56,62,10,1,9,29,11,18,30,18,12
54801401,1024,508,516,125,53,72,374,219,155,352,157,195,9,3,6,124,54,70,40,22,18
54803101,651,315,336,68,33,35,229,119,110,216,91,125,13,9,4,93,50,43,32,13,19
58009101,366,186,180,43,22,21,146,86,60,113,50,63,7,2,5,47,19,28,10,7,3
58009102,58,31,27,4,4,0,24,16,8,22,8,14,1,1,0,5,1,4,2,1,1
58011201,983,476,507,125,40,85,342,208,134,310,137,173,17,3,14,154,70,84,35,18,17
58011202,96,46,50,19,6,13,42,27,15,22,9,13,0,0,0,4,1,3,9,3,6
58012101,1686,861,825,194,75,119,603,359,244,549,265,284,25,10,15,247,110,137,68,42,26
58012102,210,109,101,40,16,24,104,67,37,42,17,25,4,0,4,11,2,9,9,7,2
58012103,101,49,52,10,2,8,26,19,7,37,15,22,1,0,1,18,10,8,9,3,6
58016301,84,46,38,22,10,12,36,20,16,18,10,8,0,0,0,5,3,2,3,3,0
58016302,16,10,6,1,1,0,4,3,1,7,4,3,1,0,1,1,0,1,2,2,0
58016303,216,106,110,32,11,21,73,49,24,69,26,43,3,0,3,27,12,15,12,8,4
58021001,291,149,142,30,13,17,130,78,52,85,30,55,4,2,2,34,20,14,8,6,2
58022801,172,84,88,19,6,13,83,57,26,41,15,26,3,1,2,20,3,17,6,2,4
54804901,403,219,184,48,21,27,131,81,50,141,72,69,8,3,5,54,28,26,21,14,7
54804902,19,10,9,1,0,1,8,6,2,7,2,5,0,0,0,2,1,1,1,1,0
58026101,666,326,340,79,25,54,247,148,99,223,100,123,7,1,6,91,42,49,19,10,9
58027901,696,354,342,103,39,64,270,168,102,205,82,123,9,1,8,82,45,37,27,19,8
58027902,34,14,20,5,1,4,17,10,7,8,2,6,0,0,0,4,1,3,0,0,0
58027903,82,41,41,15,5,10,36,23,13,23,10,13,0,0,0,6,2,4,2,1,1
58029501,25,17,8,7,2,5,13,12,1,3,1,2,0,0,0,2,2,0,0,0,0
58029503,85,42,43,17,5,12,32,21,11,20,9,11,3,1,2,9,3,6,4,3,1
58029504,253,119,134,42,12,30,106,65,41,63,24,39,3,0,3,31,14,17,8,4,4
58033301,506,255,251,77,25,52,188,119,69,162,73,89,4,0,4,52,24,28,23,14,9
54797201,89,52,37,9,6,3,27,17,10,29,18,11,3,2,1,17,7,10,4,2,2
58034101,19,9,10,4,1,3,5,2,3,6,4,2,0,0,0,2,1,1,2,1,1
58034102,283,147,136,29,15,14,125,76,49,90,36,54,7,2,5,18,9,9,14,9,5
3128430,0,0,0,0,0,0,0,0,0,0,0,0,0,0,0,0,0,0,0,0,0
3128600,0,0,0,0,0,0,0,0,0,0,0,0,0,0,0,0,0,0,0,0,0
3128780,0,0,0,0,0,0,0,0,0,0,0,0,0,0,0,0,0,0,0,0,0
3216990,0,0,0,0,0,0,0,0,0,0,0,0,0,0,0,0,0,0,0,0,0
58035001,153,73,80,14,5,9,48,29,19,59,23,36,4,1,3,24,12,12,4,3,1
58035002,30,16,14,2,1,1,18,12,6,8,3,5,0,0,0,2,0,2,0,0,0
58035004,34,15,19,3,2,1,14,7,7,8,3,5,0,0,0,8,2,6,1,1,0
58035005,93,49,44,11,4,7,49,28,21,20,11,9,2,1,1,11,5,6,0,0,0
58035007,86,44,42,7,1,6,39,25,14,28,12,16,2,1,1,9,5,4,1,0,1
58035009,413,211,202,39,20,19,157,87,70,117,54,63,7,5,2,58,25,33,35,20,15
58035010,2450,1142,1308,283,109,174,817,436,381,853,358,495,46,14,32,296,144,152,155,81,74
58035013,28,12,16,3,0,3,11,7,4,10,3,7,1,1,0,3,1,2,0,0,0
58035014,266,144,122,24,9,15,86,52,34,94,51,43,3,1,2,51,27,24,8,4,4
58035015,2761,1342,1419,295,132,163,969,505,464,930,430,500,56,18,38,356,155,201,155,102,53
58035016,23,15,8,1,1,0,11,7,4,6,4,2,1,1,0,3,1,2,1,1,0
58035017,227,115,112,29,13,16,33,20,13,100,54,46,5,3,2,57,22,35,3,3,0
58035018,549,270,279,54,24,30,169,102,67,200,81,119,11,1,10,102,56,46,13,6,7
58037601,2391,1160,1231,295,109,186,828,446,382,762,373,389,37,15,22,308,134,174,161,83,78
58037602,46,23,23,5,3,2,10,7,3,16,5,11,0,0,0,10,6,4,5,2,3
58039201,563,296,267,65,26,39,225,143,82,160,77,83,7,3,4,79,33,46,27,14,13
58040601,217,114,103,25,10,15,86,51,35,69,32,37,4,2,2,21,11,10,12,8,4
58041401,243,122,121,30,9,21,100,59,41,79,41,38,6,1,5,21,9,12,7,3,4
58042201,260,122,138,36,12,24,93,62,31,81,27,54,4,1,3,26,9,17,20,11,9
58043102,33,20,13,7,3,4,16,11,5,7,5,2,0,0,0,2,1,1,1,0,1
58043103,527,275,252,104,42,62,215,130,85,126,59,67,9,7,2,49,23,26,24,14,10
58043104,102,51,51,7,1,6,37,22,15,36,17,19,2,1,1,16,7,9,4,3,1
58043106,70,38,32,13,7,6,35,19,16,15,7,8,1,1,0,4,3,1,2,1,1
58046501,92,48,44,10,3,7,39,25,14,32,18,14,4,2,2,6,0,6,1,0,1
58046502,192,96,96,14,3,11,97,57,40,59,24,35,1,0,1,16,7,9,5,5,0
57444901,139,74,65,17,7,10,58,42,16,40,19,21,5,0,5,18,6,12,1,0,1
58048102,159,75,84,31,11,20,68,41,27,40,14,26,0,0,0,10,3,7,10,6,4
58048103,94,48,46,17,4,13,45,26,19,21,12,9,1,0,1,7,5,2,3,1,2
58048104,71,38,33,14,4,10,32,20,12,16,8,8,1,1,0,4,3,1,4,2,2
58048105,64,35,29,9,4,5,29,18,11,14,5,9,1,0,1,7,5,2,4,3,1
58048106,71,39,32,24,10,14,24,16,8,12,6,6,0,0,0,6,3,3,5,4,1
58048107,2674,1296,1378,536,184,352,935,551,384,772,351,421,37,13,24,243,106,137,151,91,60
58048108,61,31,30,15,5,10,20,14,6,13,7,6,1,0,1,6,3,3,6,2,4
58048109,121,63,58,31,14,17,53,33,20,22,11,11,1,0,1,9,4,5,5,1,4
58049001,250,128,122,46,11,35,120,80,40,62,21,41,3,2,1,9,6,3,10,8,2
58050302,61,27,34,12,4,8,23,11,12,20,9,11,1,0,1,3,1,2,2,2,0
58050303,26,14,12,1,0,1,10,5,5,7,3,4,0,0,0,5,4,1,3,2,1
58050304,14,7,7,4,1,3,4,2,2,4,3,1,0,0,0,2,1,1,0,0,0
58050305,655,340,315,68,28,40,264,158,106,210,92,118,12,6,6,79,40,39,22,16,6
0789720,0,0,0,0,0,0,0,0,0,0,0,0,0,0,0,0,0,0,0,0,0
0790060,0,0,0,0,0,0,0,0,0,0,0,0,0,0,0,0,0,0,0,0,0
3385160,0,0,0,0,0,0,0,0,0,0,0,0,0,0,0,0,0,0,0,0,0
58051101,574,262,312,73,25,48,210,114,96,190,79,111,8,0,8,70,31,39,23,13,10
58051102,107,50,57,13,4,9,36,21,15,41,20,21,1,0,1,15,5,10,1,0,1
58051103,1140,530,610,143,47,96,348,189,159,410,183,227,20,5,15,191,87,104,28,19,9
58051104,141,70,71,22,8,14,46,31,15,45,16,29,3,2,1,19,8,11,6,5,1
58051105,301,144,157,63,23,40,88,54,34,94,40,54,7,4,3,37,15,22,12,8,4
58051107,356,175,181,46,14,32,113,60,53,125,65,60,4,2,2,64,30,34,4,4,0
58051108,1856,892,964,282,102,180,634,366,268,582,267,315,36,7,29,244,107,137,78,43,35
58051109,2116,966,1150,320,103,217,681,379,302,704,289,415,38,10,28,308,150,158,65,35,30
58051110,164,79,85,31,16,15,58,33,25,47,18,29,2,1,1,20,10,10,6,1,5
58051112,109,47,62,8,5,3,17,9,8,19,9,10,0,0,0,0,0,0,65,24,41
58051113,53,27,26,5,4,1,5,3,2,15,6,9,4,1,3,23,13,10,1,0,1
58051114,244,125,119,31,13,18,83,53,30,73,29,44,4,1,3,47,24,23,6,5,1
58051115,390,205,185,52,21,31,141,87,54,115,53,62,8,1,7,60,33,27,14,10,4
58051116,430,237,193,75,35,40,121,66,55,110,58,52,9,4,5,42,17,25,73,57,16
57169501,65,38,27,11,6,5,32,19,13,14,9,5,2,1,1,0,0,0,6,3,3
57169502,50,28,22,11,3,8,20,15,5,12,6,6,0,0,0,6,3,3,1,1,0
57169503,119,54,65,21,6,15,48,30,18,32,10,22,2,2,0,7,3,4,9,3,6
57169504,36,20,16,3,2,1,22,11,11,7,5,2,0,0,0,2,1,1,2,1,1
58053801,104,47,57,15,7,8,52,26,26,26,10,16,1,0,1,6,2,4,4,2,2
58053802,62,34,28,6,2,4,26,18,8,16,7,9,3,1,2,8,4,4,3,2,1
58053803,19,9,10,0,0,0,7,4,3,7,4,3,0,0,0,4,1,3,1,0,1
58053804,802,404,398,115,42,73,275,166,109,277,139,138,19,4,15,97,44,53,19,9,10
58053805,3302,1639,1663,408,178,230,1070,589,481,1154,542,612,66,17,49,468,228,240,136,85,51
58053806,830,407,423,107,42,65,291,159,132,271,131,140,16,3,13,114,57,57,31,15,16
58056201,30,15,15,4,3,1,13,7,6,5,0,5,0,0,0,8,5,3,0,0,0
58056204,112,59,53,13,8,5,55,30,25,27,14,13,1,0,1,6,3,3,10,4,6
58014701,798,403,395,111,50,61,269,158,111,261,117,144,21,11,10,99,46,53,37,21,16
58014702,396,197,199,45,15,30,158,93,65,139,68,71,7,1,6,38,17,21,9,3,6
58014703,199,103,96,36,16,20,75,47,28,66,33,33,2,0,2,16,6,10,4,1,3
58057101,409,213,196,91,34,57,172,99,73,91,48,43,5,1,4,20,11,9,30,20,10
58058901,47,24,23,8,3,5,18,9,9,12,7,5,1,0,1,3,2,1,5,3,2
58058902,584,297,287,92,35,57,227,140,87,165,74,91,8,2,6,62,24,38,30,22,8
58061901,278,143,135,35,9,26,103,69,34,96,47,49,5,2,3,22,8,14,17,8,9
58062701,946,467,479,126,45,81,348,211,137,316,154,162,13,3,10,115,40,75,28,14,14
58063501,72,34,38,17,10,7,31,12,19,11,6,5,0,0,0,4,3,1,9,3,6
58063502,518,264,254,94,40,54,230,140,90,116,46,70,10,4,6,34,12,22,34,22,12
58064301,462,244,218,54,24,30,174,104,70,158,79,79,7,3,4,51,22,29,18,12,6
58065101,333,169,164,51,21,30,134,85,49,105,42,63,4,0,4,21,10,11,18,11,7
58065103,92,47,45,19,7,12,36,24,12,26,10,16,0,0,0,7,4,3,4,2,2
58066001,165,84,81,15,6,9,75,46,29,54,22,32,1,0,1,13,7,6,7,3,4
58066002,39,19,20,5,2,3,15,9,6,11,5,6,0,0,0,6,2,4,2,1,1
58067801,115,64,51,8,4,4,66,44,22,31,12,19,3,1,2,5,2,3,2,1,1
58068601,55,27,28,3,1,2,29,18,11,17,7,10,2,0,2,4,1,3,0,0,0
58068602,700,353,347,92,27,65,290,166,124,213,103,110,13,7,6,76,40,36,16,10,6
57192001,64,36,28,9,3,6,26,20,6,20,9,11,0,0,0,8,3,5,1,1,0
57192002,32,15,17,5,1,4,15,8,7,8,4,4,0,0,0,4,2,2,0,0,0
57192003,157,82,75,23,10,13,64,41,23,46,19,27,2,0,2,13,5,8,9,7,2
58071601,56,30,26,7,7,0,13,8,5,18,8,10,0,0,0,13,5,8,5,2,3
58071603,32,17,15,1,0,1,6,4,2,14,8,6,2,1,1,4,1,3,5,3,2
58071604,96,50,46,14,6,8,42,27,15,31,13,18,0,0,0,6,3,3,3,1,2
58071605,272,140,132,36,15,21,94,56,38,88,43,45,7,3,4,39,19,20,8,4,4
58071606,31,17,14,3,1,2,13,8,5,12,8,4,1,0,1,2,0,2,0,0,0
58071607,24,12,12,3,0,3,8,5,3,11,6,5,0,0,0,1,1,0,1,0,1
58072401,222,115,107,35,13,22,93,58,35,67,31,36,1,0,1,15,7,8,11,6,5
58073201,510,269,241,102,39,63,218,140,78,114,54,60,7,0,7,33,14,19,36,22,14
58074101,179,89,90,26,13,13,75,40,35,45,24,21,8,1,7,23,10,13,2,1,1
58075901,20,10,10,4,2,2,8,4,4,4,3,1,0,0,0,4,1,3,0,0,0
58075902,145,68,77,23,5,18,60,39,21,44,18,26,3,0,3,9,3,6,6,3,3
58075904,48,23,25,7,4,3,12,7,5,21,8,13,0,0,0,4,2,2,4,2,2
58075905,80,42,38,14,5,9,34,22,12,20,9,11,0,0,0,7,4,3,5,2,3
58076701,196,98,98,20,8,12,87,56,31,56,23,33,5,1,4,20,5,15,8,5,3
58077501,439,224,215,61,33,28,157,96,61,140,60,80,11,2,9,52,24,28,18,9,9
58078301,57,32,25,7,3,4,25,14,11,15,10,5,1,0,1,6,3,3,3,2,1
58080501,115,56,59,12,5,7,43,24,19,37,19,18,2,0,2,15,6,9,6,2,4
58080502,103,53,50,14,5,9,50,32,18,29,11,18,1,1,0,5,1,4,4,3,1
58082101,39,18,21,4,1,3,14,9,5,11,3,8,0,0,0,9,4,5,1,1,0
58082102,258,132,126,34,12,22,87,53,34,94,49,45,2,0,2,38,16,22,3,2,1
58083001,61,32,29,3,0,3,26,16,10,19,9,10,3,2,1,10,5,5,0,0,0
57554201,84,42,42,12,3,9,31,21,10,25,9,16,1,1,0,12,6,6,3,2,1
57554202,50,25,25,7,3,4,21,15,6,17,6,11,0,0,0,4,1,3,1,0,1
58084801,817,431,386,158,66,92,331,216,115,213,91,122,16,3,13,51,24,27,48,31,17
58084802,57,32,25,13,9,4,31,15,16,8,6,2,1,0,1,4,2,2,0,0,0
58084803,624,276,348,113,43,70,282,139,143,141,58,83,10,3,7,38,15,23,40,18,22
54790501,673,341,332,94,36,58,255,155,100,228,110,118,10,2,8,53,23,30,33,15,18
57220901,42,24,18,4,3,1,14,8,6,15,10,5,0,0,0,3,1,2,6,2,4
57220902,39,20,19,5,2,3,18,12,6,11,5,6,0,0,0,4,1,3,1,0,1
57220903,242,128,114,30,15,15,111,56,55,59,31,28,7,4,3,20,13,7,15,9,6
58087201,22,8,14,1,0,1,11,6,5,9,2,7,1,0,1,0,0,0,0,0,0
58087202,520,261,259,66,23,43,198,128,70,164,67,97,13,8,5,53,17,36,26,18,8
58088101,201,105,96,29,16,13,75,49,26,61,26,35,1,0,1,32,12,20,3,2,1
57439201,477,239,238,67,22,45,188,116,72,146,66,80,9,2,7,47,19,28,20,14,6
58090201,119,65,54,22,10,12,44,28,16,35,18,17,4,1,3,9,5,4,5,3,2
55524001,488,253,235,94,39,55,217,129,88,118,51,67,5,1,4,25,12,13,29,21,8
58092901,316,164,152,42,20,22,146,85,61,88,38,50,4,0,4,19,9,10,17,12,5
58094501,353,162,191,36,12,24,143,82,61,115,45,70,13,3,10,29,11,18,17,9,8
54796401,196,104,92,30,15,15,80,51,29,64,27,37,4,1,3,11,4,7,7,6,1
58096101,719,365,354,91,32,59,289,183,106,213,93,120,18,3,15,77,37,40,31,17,14
58097001,21,9,12,5,2,3,6,3,3,10,4,6,0,0,0,0,0,0,0,0,0
58097002,444,224,220,41,18,23,178,112,66,145,66,79,9,1,8,51,20,31,20,7,13
57230601,155,82,73,12,9,3,82,48,34,43,17,26,1,1,0,13,6,7,4,1,3
58098801,94,45,49,20,8,12,43,26,17,18,7,11,0,0,0,8,2,6,5,2,3
58099601,56,26,30,7,2,5,24,14,10,15,6,9,0,0,0,9,3,6,1,1,0
58099602,95,49,46,15,7,8,29,16,13,24,14,10,3,0,3,18,8,10,6,4,2
58100301,107,60,47,19,11,8,34,23,11,30,16,14,2,1,1,19,8,11,3,1,2
58101101,146,66,80,14,5,9,68,37,31,43,17,26,6,1,5,13,5,8,2,1,1
58070801,65,30,35,6,1,5,31,18,13,21,11,10,0,0,0,5,0,5,2,0,2
58070802,178,92,86,21,7,14,59,36,23,68,38,30,3,0,3,25,10,15,2,1,1
58103801,165,84,81,20,10,10,65,35,30,56,28,28,2,1,1,20,9,11,2,1,1
58104601,697,355,342,118,41,77,304,186,118,186,84,102,7,4,3,47,16,31,35,24,11
58105401,91,49,42,13,6,7,40,24,16,18,10,8,2,1,1,13,5,8,5,3,2
58105403,396,198,198,67,19,48,161,101,60,114,52,62,5,1,4,37,21,16,12,4,8
58106201,91,46,45,9,1,8,28,16,12,37,21,16,4,2,2,8,4,4,5,2,3
58106202,312,159,153,32,13,19,130,82,48,100,38,62,6,2,4,32,15,17,12,9,3
58106203,69,36,33,5,3,2,28,17,11,24,12,12,1,0,1,8,3,5,3,1,2
54792101,67,36,31,10,7,3,31,17,14,20,9,11,0,0,0,3,2,1,3,1,2
58107101,612,310,302,110,45,65,273,158,115,156,71,85,7,2,5,23,7,16,43,27,16
57586101,136,69,67,30,12,18,61,39,22,28,10,18,1,0,1,4,3,1,12,5,7
58108901,84,41,43,7,0,7,28,17,11,41,19,22,2,1,1,5,3,2,1,1,0
58108902,18,7,11,1,0,1,4,2,2,6,3,3,0,0,0,5,1,4,2,1,1
58108903,156,74,82,19,6,13,78,40,38,42,20,22,6,1,5,5,3,2,6,4,2
1753740,0,0,0,0,0,0,0,0,0,0,0,0,0,0,0,0,0,0,0,0,0
1753910,0,0,0,0,0,0,0,0,0,0,0,0,0,0,0,0,0,0,0,0,0
3038870,0,0,0,0,0,0,0,0,0,0,0,0,0,0,0,0,0,0,0,0,0
57989101,240,119,121,36,12,24,88,54,34,80,36,44,5,0,5,21,9,12,10,8,2
57989102,39,21,18,5,2,3,17,12,5,11,4,7,0,0,0,6,3,3,0,0,0
57989103,39,20,19,17,7,10,12,8,4,8,4,4,1,0,1,0,0,0,1,1,0
57989104,264,137,127,31,17,14,98,57,41,97,46,51,3,1,2,25,11,14,10,5,5
57989106,688,330,358,72,33,39,163,86,77,256,113,143,12,4,8,158,78,80,27,16,11
57989107,15,9,6,2,2,0,3,1,2,4,3,1,0,0,0,6,3,3,0,0,0
57989108,1798,894,904,238,107,131,574,335,239,612,269,343,51,28,23,246,115,131,77,40,37
57989110,653,315,338,103,47,56,263,136,127,171,76,95,9,3,6,70,33,37,37,20,17
57989111,93,46,47,25,12,13,20,13,7,31,12,19,2,0,2,14,8,6,1,1,0
57989112,80,39,41,22,9,13,18,10,8,18,10,8,1,1,0,19,9,10,2,0,2
57989113,50,27,23,11,7,4,14,7,7,15,8,7,2,1,1,8,4,4,0,0,0
57989114,160,76,84,17,6,11,39,16,23,55,33,22,7,1,6,42,20,22,0,0,0
57989115,1248,594,654,143,55,88,299,165,134,431,198,233,37,12,25,260,116,144,78,48,30
57989116,851,413,438,87,42,45,198,111,87,333,150,183,15,3,12,204,97,107,14,10,4
57989118,3621,1602,2019,474,171,303,1093,544,549,1325,541,784,58,20,38,562,272,290,109,54,55
57989119,570,338,232,84,43,41,146,92,54,132,65,67,8,2,6,70,34,36,130,102,28
57989120,1279,625,654,194,86,108,405,216,189,407,188,219,26,13,13,178,85,93,69,37,32
57989122,157,48,109,43,3,40,68,24,44,27,8,19,1,0,1,13,9,4,5,4,1
58110101,21,13,8,2,1,1,14,10,4,3,0,3,0,0,0,0,0,0,2,2,0
58110102,194,100,94,27,12,15,80,51,29,48,19,29,6,2,4,20,10,10,13,6,7
58111901,562,274,288,85,26,59,213,127,86,181,85,96,13,1,12,46,19,27,24,16,8
57248901,107,52,55,15,5,10,49,28,21,26,12,14,2,0,2,10,4,6,5,3,2
58114301,97,53,44,9,3,6,51,29,22,27,14,13,1,0,1,9,7,2,0,0,0
58114302,183,90,93,15,5,10,86,53,33,58,22,36,5,2,3,17,8,9,2,0,2
58115101,123,58,65,14,5,9,56,28,28,32,14,18,3,2,1,10,4,6,8,5,3
58115102,54,29,25,7,3,4,20,12,8,16,7,9,3,1,2,3,2,1,5,4,1
58115103,432,213,219,76,31,45,145,81,64,135,61,74,6,5,1,58,27,31,12,8,4
54802201,63,33,30,4,1,3,25,16,9,17,9,8,1,0,1,9,3,6,7,4,3
54802202,67,36,31,9,3,6,30,20,10,19,10,9,0,0,0,5,1,4,4,2,2
0673930,0,0,0,0,0,0,0,0,0,0,0,0,0,0,0,0,0,0,0,0,0
58117801,80,37,43,12,3,9,28,19,9,20,9,11,1,0,1,16,4,12,3,2,1
58117803,688,343,345,101,33,68,313,188,125,193,88,105,10,1,9,46,20,26,25,13,12
1882710,0,0,0,0,0,0,0,0,0,0,0,0,0,0,0,0,0,0,0,0,0
1882980,0,0,0,0,0,0,0,0,0,0,0,0,0,0,0,0,0,0,0,0,0
3038950,0,0,0,0,0,0,0,0,0,0,0,0,0,0,0,0,0,0,0,0,0
58118601,77,42,35,7,4,3,39,24,15,18,8,10,2,0,2,11,6,5,0,0,0
58118602,145,76,69,15,4,11,84,49,35,30,16,14,1,0,1,8,2,6,7,5,2
58118603,36,19,17,2,2,0,14,7,7,11,5,6,3,3,0,5,2,3,1,0,1
58118604,86,50,36,9,5,4,38,28,10,25,11,14,0,0,0,13,6,7,1,0,1
58118605,72,38,34,7,2,5,46,27,19,13,7,6,2,1,1,3,1,2,1,0,1
58118606,87,44,43,10,3,7,40,22,18,23,8,15,0,0,0,11,8,3,3,3,0
58118607,120,61,59,15,7,8,29,17,12,46,23,23,3,1,2,15,6,9,12,7,5
58118608,39,29,10,4,2,2,17,12,5,7,6,1,3,3,0,3,1,2,5,5,0
58118609,204,98,106,20,9,11,50,29,21,80,33,47,2,1,1,49,24,25,3,2,1
58118610,164,80,84,17,9,8,53,32,21,57,24,33,5,3,2,24,8,16,8,4,4
58118612,867,447,420,92,47,45,259,145,114,306,141,165,15,6,9,163,87,76,32,21,11
58118613,1709,813,896,175,73,102,513,277,236,621,266,355,32,11,21,277,129,148,91,57,34
58118614,1998,922,1076,235,78,157,817,408,409,655,301,354,45,10,35,136,63,73,110,62,48
58118615,41,19,22,2,0,2,10,7,3,22,9,13,0,0,0,5,2,3,2,1,1
58118616,1168,533,635,146,51,95,345,173,172,387,164,223,29,11,18,203,103,100,58,31,27
58118617,40,23,17,8,4,4,9,9,0,21,9,12,0,0,0,1,0,1,1,1,0
58118618,224,112,112,20,10,10,51,30,21,99,41,58,2,0,2,48,28,20,4,3,1
58118619,150,71,79,90,40,50,11,6,5,4,2,2,0,0,0,0,0,0,45,23,22
58118620,675,366,309,76,37,39,177,96,81,203,96,107,11,3,8,94,49,45,114,85,29
58118621,798,387,411,90,37,53,256,131,125,267,123,144,13,2,11,133,72,61,39,22,17
58118623,21,11,10,0,0,0,10,4,6,8,5,3,1,0,1,0,0,0,2,2,0
58118625,57,28,29,9,4,5,21,7,14,16,11,5,2,1,1,3,2,1,6,3,3
58118626,1379,679,700,174,68,106,502,270,232,421,188,233,27,9,18,173,91,82,82,53,29
58119401,36,21,15,2,1,1,20,14,6,8,3,5,1,0,1,4,2,2,1,1,0
58119402,42,22,20,5,2,3,21,15,6,12,3,9,0,0,0,2,1,1,2,1,1
58120801,129,65,64,15,4,11,66,38,28,33,20,13,3,0,3,11,3,8,1,0,1
58120802,110,58,52,32,22,10,28,14,14,29,12,17,3,1,2,6,1,5,12,8,4
58120803,25,12,13,7,4,3,12,5,7,5,3,2,0,0,0,1,0,1,0,0,0
58120804,337,165,172,41,15,26,153,88,65,91,40,51,6,1,5,31,12,19,15,9,6
58121601,54,29,25,9,4,5,25,17,8,10,2,8,0,0,0,1,0,1,9,6,3
58121602,142,68,74,16,8,8,52,28,24,46,18,28,2,0,2,18,8,10,8,6,2
58122401,32,12,20,4,0,4,16,8,8,11,4,7,0,0,0,1,0,1,0,0,0
58122402,51,23,28,13,6,7,21,9,12,10,5,5,0,0,0,2,1,1,5,2,3
58122403,162,88,74,12,6,6,68,41,27,59,28,31,1,1,0,18,8,10,4,4,0
58122404,56,33,23,5,3,2,27,18,9,18,9,9,1,0,1,4,3,1,1,0,1
58122405,298,152,146,32,12,20,111,64,47,90,42,48,3,0,3,46,23,23,16,11,5
58123201,158,71,87,16,2,14,56,32,24,49,25,24,4,1,3,27,8,19,6,3,3
58125901,1807,858,949,192,76,116,612,332,280,664,297,367,34,7,27,244,117,127,61,29,32
58125902,613,319,294,88,38,50,208,120,88,172,74,98,10,8,2,76,35,41,59,44,15
58125903,118,64,54,7,2,5,33,18,15,42,25,17,2,2,0,26,13,13,8,4,4
58125904,64,35,29,17,8,9,22,10,12,14,10,4,0,0,0,4,3,1,7,4,3
58125905,329,170,159,42,17,25,115,73,42,108,46,62,11,5,6,37,20,17,16,9,7
58125906,775,362,413,122,39,83,242,133,109,226,101,125,14,5,9,138,67,71,33,17,16
58125907,26,13,13,3,1,2,7,4,3,7,3,4,0,0,0,6,4,2,3,1,2
58125909,104,55,49,9,5,4,36,19,17,34,18,16,3,3,0,22,10,12,0,0,0
58125910,1015,483,532,135,59,76,336,184,152,335,153,182,16,8,8,143,54,89,50,25,25
58126701,29,17,12,5,4,1,17,11,6,5,0,5,0,0,0,1,1,0,1,1,0
58126702,214,139,75,90,76,14,49,28,21,43,19,24,3,1,2,22,11,11,7,4,3
58127501,752,378,374,121,47,74,300,183,117,201,90,111,17,3,14,88,40,48,25,15,10
54619401,104,52,52,17,3,14,41,27,14,32,15,17,2,0,2,9,5,4,3,2,1
54826001,133,74,59,17,7,10,60,41,19,36,17,19,3,0,3,11,5,6,6,4,2
57356601,145,76,69,17,4,13,49,31,18,55,28,27,3,1,2,12,6,6,9,6,3
57356602,46,23,23,6,2,4,20,13,7,15,6,9,2,1,1,3,1,2,0,0,0
54843001,200,102,98,36,15,21,82,42,40,48,30,18,3,1,2,18,8,10,13,6,7
56845701,139,76,63,12,3,9,61,41,20,43,20,23,5,3,2,14,7,7,4,2,2
56845702,47,22,25,4,1,3,24,12,12,7,4,3,1,0,1,7,3,4,4,2,2
56845703,48,24,24,7,2,5,14,7,7,13,8,5,0,0,0,10,3,7,4,4,0
57355802,53,26,27,5,4,1,15,9,6,22,6,16,4,1,3,4,3,1,3,3,0
56846501,42,22,20,8,5,3,16,9,7,14,7,7,0,0,0,2,0,2,2,1,1
56846502,64,33,31,6,2,4,33,19,14,18,8,10,2,0,2,4,3,1,1,1,0
54827801,141,64,77,16,2,14,59,32,27,46,22,24,3,1,2,17,7,10,0,0,0
56849001,139,74,65,15,8,7,62,40,22,37,14,23,0,0,0,16,8,8,9,4,5
54837501,78,36,42,11,2,9,42,25,17,17,6,11,3,0,3,2,2,0,3,1,2
56850301,51,25,26,3,0,3,18,9,9,17,13,4,3,0,3,10,3,7,0,0,0
56850302,787,391,396,83,37,46,265,159,106,269,137,132,31,11,20,102,31,71,37,16,21
56852001,133,68,65,15,4,11,64,39,25,37,16,21,2,1,1,9,5,4,6,3,3
56852002,41,21,20,7,4,3,11,7,4,16,7,9,1,0,1,1,0,1,5,3,2
56852003,31,18,13,6,3,3,18,12,6,4,1,3,0,0,0,3,2,1,0,0,0
56852004,55,31,24,6,2,4,28,18,10,16,9,7,0,0,0,5,2,3,0,0,0
56852005,25,13,12,2,0,2,8,5,3,11,6,5,0,0,0,4,2,2,0,0,0
56853801,354,174,180,62,26,36,159,92,67,90,36,54,5,1,4,19,12,7,19,7,12
56859701,314,160,154,44,19,25,123,80,43,98,43,55,6,1,5,30,9,21,13,8,5
56859702,24,10,14,5,0,5,12,9,3,4,1,3,1,0,1,0,0,0,2,0,2
56860101,624,321,303,75,33,42,270,159,111,183,88,95,9,5,4,63,24,39,24,12,12
56860103,52,25,27,7,3,4,21,11,10,17,9,8,0,0,0,7,2,5,0,0,0
56860104,30,11,19,5,0,5,14,7,7,6,3,3,0,0,0,5,1,4,0,0,0
56860105,55,27,28,7,4,3,31,18,13,11,3,8,1,1,0,4,1,3,1,0,1
54844801,76,35,41,12,5,7,41,20,21,15,6,9,1,1,0,6,2,4,1,1,0
56861901,142,69,73,15,6,9,53,31,22,52,26,26,3,1,2,17,4,13,2,1,1
56863502,1894,935,959,255,94,161,687,384,303,574,275,299,62,19,43,214,96,118,102,67,35
56863504,55,24,31,8,4,4,21,10,11,16,5,11,1,0,1,7,4,3,2,1,1
56863505,50,27,23,8,3,5,22,15,7,13,4,9,0,0,0,6,4,2,1,1,0
56863507,53,22,31,8,2,6,24,10,14,11,7,4,1,0,1,8,3,5,1,0,1
56863508,18,10,8,3,1,2,8,5,3,5,3,2,0,0,0,1,0,1,1,1,0
56863509,69,31,38,13,3,10,18,10,8,22,9,13,1,0,1,9,5,4,6,4,2
56863510,51,26,25,7,4,3,20,11,9,10,5,5,0,0,0,5,1,4,9,5,4
56865101,22,13,9,3,2,1,9,5,4,8,5,3,0,0,0,1,0,1,1,1,0
56865102,146,100,46,61,54,7,45,28,17,28,13,15,3,0,3,6,2,4,3,3,0
56865103,84,43,41,12,4,8,49,29,20,16,6,10,0,0,0,7,4,3,0,0,0
56865104,825,409,416,126,56,70,325,180,145,258,122,136,10,4,6,78,33,45,28,14,14
56866001,723,363,360,78,30,48,313,182,131,220,105,115,12,2,10,80,30,50,20,14,6
56866002,44,21,23,7,2,5,13,8,5,15,9,6,1,0,1,7,1,6,1,1,0
56866003,17,11,6,3,1,2,8,5,3,3,2,1,0,0,0,2,2,0,1,1,0
56841401,66,35,31,10,3,7,33,20,13,17,9,8,1,0,1,5,3,2,0,0,0
56841402,44,20,24,5,1,4,16,9,7,16,7,9,1,0,1,6,3,3,0,0,0
56841403,355,181,174,46,27,19,118,66,52,124,53,71,9,3,6,42,21,21,16,11,5
56841404,79,41,38,4,2,2,30,20,10,33,13,20,1,1,0,10,5,5,1,0,1
56841405,320,168,152,48,23,25,121,73,48,88,39,49,5,2,3,48,25,23,10,6,4
56841406,24,12,12,1,1,0,9,3,6,9,6,3,1,0,1,3,2,1,1,0,1
56841407,57,31,26,5,2,3,23,13,10,19,10,9,0,0,0,9,6,3,1,0,1
56841409,104,52,52,10,5,5,36,25,11,30,10,20,3,0,3,16,5,11,9,7,2
56841410,47,26,21,8,7,1,16,11,5,13,4,9,2,1,1,8,3,5,0,0,0
56841411,75,40,35,9,4,5,25,17,8,29,15,14,3,1,2,8,3,5,1,0,1
56841412,171,84,87,19,5,14,57,37,20,57,30,27,5,0,5,30,11,19,3,1,2
56841413,55,30,25,2,1,1,18,12,6,24,11,13,0,0,0,10,5,5,1,1,0
56841414,97,52,45,7,4,3,41,28,13,34,18,16,3,1,2,12,1,11,0,0,0
56841415,176,85,91,16,4,12,72,39,33,69,33,36,3,0,3,10,5,5,6,4,2
56841416,57,25,32,7,3,4,25,12,13,19,6,13,0,0,0,5,3,2,1,1,0
56841417,238,121,117,21,11,10,84,50,34,88,35,53,5,3,2,35,19,16,5,3,2
56841418,202,103,99,32,19,13,63,31,32,68,33,35,7,2,5,25,13,12,7,5,2
56841419,369,174,195,49,14,35,128,71,57,138,61,77,7,2,5,34,20,14,13,6,7
56841420,1539,788,751,157,68,89,414,235,179,500,217,283,35,14,21,224,111,113,209,143,66
56841421,263,129,134,19,11,8,78,40,38,122,58,64,5,3,2,36,16,20,3,1,2
56841423,820,389,431,69,33,36,147,82,65,296,133,163,34,13,21,245,112,133,29,16,13
56841424,1372,638,734,153,62,91,424,207,217,519,241,278,30,13,17,185,81,104,61,34,27
56841425,2117,1023,1094,185,70,115,512,291,221,825,375,450,45,19,26,482,234,248,68,34,34
56841426,946,418,528,95,32,63,292,146,146,354,156,198,22,9,13,143,52,91,40,23,17
56841429,1435,645,790,168,62,106,392,215,177,530,215,315,36,9,27,267,120,147,42,24,18
56841430,283,134,149,27,12,15,82,47,35,102,47,55,5,2,3,48,17,31,19,9,10
56841431,61,28,33,5,2,3,21,14,7,19,6,13,1,0,1,11,4,7,4,2,2
56841432,904,444,460,73,34,39,250,152,98,379,166,213,23,7,16,165,79,86,14,6,8
56841433,278,164,114,41,25,16,65,43,22,50,23,27,3,1,2,37,15,22,82,57,25
56841434,1126,524,602,133,51,82,325,166,159,393,182,211,32,8,24,170,73,97,73,44,29
56841435,764,363,401,73,33,40,211,110,101,280,137,143,24,6,18,151,66,85,25,11,14
56841436,159,86,73,14,5,9,59,43,16,51,22,29,3,2,1,29,13,16,3,1,2
56841437,745,367,378,77,35,42,209,116,93,263,118,145,12,2,10,133,64,69,51,32,19
56841438,683,327,356,67,26,41,186,97,89,253,120,133,18,4,14,136,66,70,23,14,9
56841439,1959,898,1061,244,89,155,525,274,251,708,322,386,48,18,30,340,154,186,94,41,53
56841440,762,350,412,93,32,61,258,133,125,260,117,143,21,9,12,93,41,52,37,18,19
56841441,226,129,97,37,19,18,90,59,31,64,33,31,4,1,3,21,12,9,10,5,5
56841442,296,151,145,32,15,17,101,57,44,104,49,55,6,2,4,42,23,19,11,5,6
56841443,79,42,37,7,4,3,29,18,11,29,13,16,0,0,0,10,5,5,4,2,2
56867801,479,243,236,35,19,16,203,129,74,158,68,90,14,2,12,50,16,34,19,9,10
56867802,45,20,25,6,2,4,17,12,5,11,1,10,0,0,0,11,5,6,0,0,0
56867803,60,33,27,7,3,4,26,17,9,22,11,11,1,1,0,3,0,3,1,1,0
56867804,115,55,60,12,4,8,54,30,24,34,15,19,0,0,0,7,2,5,8,4,4
56867805,19,10,9,1,0,1,6,4,2,11,6,5,0,0,0,0,0,0,1,0,1
56867806,75,36,39,10,2,8,37,21,16,20,7,13,0,0,0,2,1,1,6,5,1
56867807,59,30,29,3,1,2,21,13,8,24,12,12,2,0,2,9,4,5,0,0,0
56867808,58,33,25,5,3,2,32,19,13,12,7,5,2,1,1,6,2,4,1,1,0
54859602,47,22,25,8,2,6,18,10,8,12,6,6,0,0,0,3,1,2,6,3,3
0400700,0,0,0,0,0,0,0,0,0,0,0,0,0,0,0,0,0,0,0,0,0
56869401,18,9,9,1,0,1,6,4,2,7,3,4,0,0,0,3,2,1,1,0,1
56869402,311,161,150,39,11,28,117,83,34,103,49,54,9,2,7,38,12,26,5,4,1
56869403,63,34,29,14,4,10,34,23,11,12,6,6,0,0,0,1,0,1,2,1,1
56869404,52,25,27,8,2,6,22,13,9,16,9,7,1,0,1,5,1,4,0,0,0
56869406,70,39,31,10,4,6,23,17,6,27,12,15,1,0,1,6,5,1,3,1,2
0431502,0,0,0,0,0,0,0,0,0,0,0,0,0,0,0,0,0,0,0,0,0
56870801,354,189,165,30,15,15,117,74,43,107,52,55,14,7,7,71,31,40,15,10,5
56870803,35,18,17,2,1,1,11,8,3,10,5,5,1,0,1,10,3,7,1,1,0
56870804,41,21,20,4,1,3,16,8,8,11,7,4,3,1,2,7,4,3,0,0,0
54824301,60,34,26,9,3,6,25,16,9,15,8,7,0,0,0,8,5,3,3,2,1
56872401,20,9,11,2,1,1,5,3,2,5,3,2,1,0,1,7,2,5,0,0,0
56872402,141,77,64,10,5,5,53,31,22,47,23,24,3,1,2,19,9,10,9,8,1
56872403,42,21,21,4,0,4,20,14,6,12,4,8,0,0,0,2,1,1,4,2,2
53064601,204,104,100,33,17,16,82,44,38,59,33,26,7,1,6,18,6,12,5,3,2
0529140,0,0,0,0,0,0,0,0,0,0,0,0,0,0,0,0,0,0,0,0,0
1359842,0,0,0,0,0,0,0,0,0,0,0,0,0,0,0,0,0,0,0,0,0
56875901,225,116,109,27,14,13,100,59,41,59,25,34,2,1,1,23,12,11,14,5,9
56875902,63,28,35,10,2,8,32,17,15,18,9,9,0,0,0,2,0,2,1,0,1
56875904,99,51,48,21,5,16,34,21,13,30,20,10,3,0,3,10,4,6,1,1,0
56875905,113,61,52,10,6,4,58,36,22,30,13,17,1,0,1,9,3,6,5,3,2
56875906,65,37,28,10,3,7,22,17,5,25,14,11,0,0,0,3,0,3,5,3,2
56875907,75,38,37,8,4,4,38,19,19,19,10,9,1,0,1,6,3,3,3,2,1
56875908,118,57,61,15,5,10,45,27,18,42,18,24,5,0,5,7,4,3,4,3,1
56875909,23,15,8,1,1,0,15,8,7,5,4,1,0,0,0,2,2,0,0,0,0
56875910,81,40,41,8,2,6,39,23,16,24,9,15,0,0,0,7,4,3,3,2,1
56875911,196,103,93,21,7,14,81,49,32,56,33,23,6,0,6,25,9,16,7,5,2
56875912,574,282,292,78,38,40,192,100,92,177,89,88,18,7,11,87,38,49,22,10,12
56875913,326,161,165,30,10,20,116,66,50,120,55,65,10,4,6,48,24,24,2,2,0
56875914,597,299,298,63,28,35,195,109,86,200,100,100,16,5,11,87,41,46,36,16,20
56875916,31,19,12,4,2,2,15,9,6,9,6,3,0,0,0,1,1,0,2,1,1
56875917,572,272,300,51,15,36,204,111,93,178,81,97,11,1,10,110,54,56,18,10,8
56875918,164,83,81,20,14,6,29,18,11,64,31,33,10,3,7,41,17,24,0,0,0
56875921,26,16,10,6,4,2,8,5,3,6,4,2,0,0,0,3,1,2,3,2,1
56875922,1265,616,649,161,68,93,453,232,221,353,167,186,25,8,17,156,67,89,117,74,43
56875923,29,14,15,3,0,3,11,6,5,6,2,4,1,1,0,6,3,3,2,2,0
56875924,1277,617,660,121,46,75,465,245,220,460,225,235,21,8,13,177,77,100,33,16,17
56875927,1514,733,781,153,66,87,511,264,247,532,254,278,40,8,32,229,113,116,49,28,21
56876701,102,54,48,13,7,6,46,28,18,30,12,18,1,1,0,6,3,3,6,3,3
57357401,32,14,18,5,3,2,13,5,8,13,6,7,0,0,0,1,0,1,0,0,0
57357402,101,58,43,10,3,7,46,31,15,28,14,14,1,0,1,6,4,2,10,6,4
56878301,32,13,19,2,0,2,9,7,2,14,4,10,0,0,0,6,2,4,1,0,1
56878302,37,21,16,4,2,2,13,11,2,14,5,9,1,1,0,2,1,1,3,1,2
56880501,43,23,20,7,3,4,22,13,9,8,4,4,0,0,0,2,1,1,4,2,2
56880502,137,74,63,12,4,8,74,42,32,32,14,18,1,1,0,8,6,2,10,7,3
56880504,48,22,26,5,2,3,26,13,13,11,4,7,2,1,1,2,1,1,2,1,1
54841301,96,52,44,12,4,8,50,28,22,27,15,12,0,0,0,7,5,2,0,0,0
54621601,185,89,96,23,9,14,74,39,35,55,26,29,6,2,4,17,7,10,10,6,4
56882101,59,31,28,10,3,7,25,17,8,13,5,8,1,1,0,8,4,4,2,1,1
56882102,227,109,118,25,10,15,98,55,43,69,32,37,4,0,4,28,10,18,3,2,1
56882103,40,20,20,7,3,4,23,13,10,5,2,3,1,0,1,2,1,1,2,1,1
56884801,219,111,108,23,11,12,101,60,41,64,27,37,5,1,4,22,9,13,4,3,1
56885601,63,30,33,16,6,10,25,11,14,14,8,6,0,0,0,7,5,2,1,0,1
56885603,31,18,13,5,4,1,11,7,4,11,5,6,0,0,0,4,2,2,0,0,0
54828601,53,28,25,5,1,4,20,10,10,20,14,6,0,0,0,8,3,5,0,0,0
54828602,213,110,103,27,14,13,79,51,28,75,33,42,10,1,9,19,8,11,3,3,0
54828603,19,9,10,1,0,1,7,3,4,1,1,0,0,0,0,4,2,2,6,3,3
54828604,71,37,34,4,3,1,28,15,13,29,13,16,0,0,0,9,5,4,1,1,0
54852901,133,56,77,10,4,6,42,20,22,61,26,35,3,0,3,14,4,10,3,2,1
56888101,137,70,67,11,5,6,46,28,18,51,23,28,6,3,3,20,8,12,3,3,0
54818901,166,89,77,30,14,16,65,45,20,48,21,27,3,0,3,14,6,8,6,3,3
56889901,63,29,34,8,3,5,32,16,16,17,7,10,0,0,0,6,3,3,0,0,0
56889902,19,10,9,5,3,2,7,4,3,3,2,1,0,0,0,4,1,3,0,0,0
56889903,22,12,10,3,0,3,7,4,3,6,5,1,0,0,0,4,1,3,2,2,0
56889905,63,26,37,14,3,11,20,11,9,18,8,10,3,0,3,3,2,1,5,2,3
56890201,128,68,60,16,5,11,50,29,21,41,23,18,2,1,1,10,6,4,9,4,5
56890203,473,236,237,46,18,28,191,112,79,143,68,75,12,5,7,69,26,43,12,7,5
56890204,63,31,32,8,1,7,28,17,11,14,8,6,3,1,2,6,2,4,4,2,2
54861801,45,22,23,7,2,5,21,13,8,8,3,5,1,1,0,4,1,3,4,2,2
54861802,51,27,24,11,3,8,19,13,6,13,7,6,0,0,0,5,3,2,3,1,2
56892901,43,23,20,4,0,4,28,19,9,6,1,5,0,0,0,4,3,1,1,0,1
56892903,74,36,38,5,2,3,34,19,15,26,13,13,0,0,0,6,1,5,3,1,2
56892904,31,16,15,3,1,2,7,5,2,12,6,6,1,0,1,6,3,3,2,1,1
56892905,47,25,22,7,4,3,13,9,4,16,8,8,0,0,0,11,4,7,0,0,0
56892907,22,11,11,4,1,3,12,7,5,3,1,2,1,1,0,2,1,1,0,0,0
56892908,140,75,65,14,2,12,64,37,27,44,26,18,1,0,1,15,8,7,2,2,0
56892909,26,13,13,2,0,2,13,8,5,10,5,5,1,0,1,0,0,0,0,0,0
56892910,41,22,19,4,1,3,26,16,10,7,2,5,0,0,0,4,3,1,0,0,0
56892911,20,11,9,3,2,1,10,7,3,7,2,5,0,0,0,0,0,0,0,0,0
56893701,105,53,52,15,7,8,54,29,25,30,13,17,0,0,0,5,3,2,1,1,0
56894501,57,28,29,11,5,6,28,13,15,15,8,7,0,0,0,3,2,1,0,0,0
56894502,1055,543,512,120,52,68,450,265,185,313,155,158,26,5,21,117,51,66,29,15,14
56894503,160,85,75,17,8,9,76,48,28,47,21,26,0,0,0,12,7,5,8,1,7
54857001,92,50,42,5,2,3,35,21,14,35,18,17,3,1,2,12,7,5,2,1,1
56895302,127,69,58,12,6,6,49,28,21,39,20,19,1,1,0,18,9,9,8,5,3
56895303,58,31,27,7,3,4,16,10,6,20,8,12,0,0,0,15,10,5,0,0,0
54830801,99,53,46,7,4,3,52,31,21,23,10,13,5,2,3,8,4,4,4,2,2
54830802,21,12,9,3,2,1,9,6,3,4,2,2,0,0,0,5,2,3,0,0,0
56897001,75,39,36,8,4,4,33,21,12,23,11,12,0,0,0,7,1,6,4,2,2
54848101,20,11,9,2,1,1,10,7,3,4,1,3,1,1,0,3,1,2,0,0,0
54848102,28,15,13,2,2,0,17,10,7,8,3,5,0,0,0,1,0,1,0,0,0
3120450,0,0,0,0,0,0,0,0,0,0,0,0,0,0,0,0,0,0,0,0,0
56898801,159,77,82,22,9,13,62,35,27,53,25,28,4,1,3,13,4,9,5,3,2
56898802,80,38,42,14,4,10,24,15,9,20,8,12,3,0,3,17,10,7,2,1,1
56898803,41,20,21,6,2,4,16,9,7,15,6,9,1,1,0,3,2,1,0,0,0
56898804,437,217,220,41,13,28,137,84,53,166,76,90,8,2,6,71,33,38,14,9,5
56898805,427,223,204,59,29,30,141,79,62,122,53,69,14,7,7,50,25,25,41,30,11
56898806,574,279,295,66,27,39,203,115,88,201,91,110,8,4,4,74,31,43,22,11,11
56898807,85,61,24,51,40,11,19,13,6,5,3,2,2,1,1,4,1,3,4,3,1
56898808,985,494,491,78,29,49,357,205,152,382,179,203,28,9,19,103,52,51,37,20,17
56898809,1386,638,748,156,51,105,483,252,231,472,211,261,39,12,27,182,82,100,54,30,24
56899601,66,29,37,8,3,5,18,9,9,20,9,11,3,1,2,14,5,9,3,2,1
56901101,57,27,30,6,3,3,24,14,10,19,8,11,1,0,1,6,1,5,1,1,0
56901102,313,152,161,39,18,21,138,77,61,87,36,51,8,0,8,23,12,11,18,9,9
56901103,37,20,17,3,0,3,17,12,5,10,3,7,1,1,0,4,3,1,2,1,1
56901104,37,19,18,3,2,1,20,9,11,6,4,2,1,1,0,6,3,3,1,0,1
56902003,58,27,31,11,2,9,27,17,10,13,6,7,1,0,1,1,0,1,5,2,3
56902004,43,23,20,7,3,4,17,12,5,10,5,5,0,0,0,7,2,5,2,1,1
56902007,49,26,23,8,3,5,19,11,8,11,8,3,1,0,1,6,2,4,4,2,2
56902008,472,233,239,51,18,33,217,130,87,136,59,77,14,4,10,42,13,29,12,9,3
56902009,68,34,34,4,1,3,28,20,8,23,8,15,1,1,0,12,4,8,0,0,0
56903801,125,62,63,10,5,5,52,30,22,38,17,21,1,0,1,18,7,11,6,3,3
56903802,26,13,13,4,0,4,12,8,4,5,3,2,0,0,0,1,0,1,4,2,2
56903803,664,330,334,63,26,37,243,145,98,234,103,131,9,1,8,87,39,48,28,16,12
56903804,117,55,62,14,6,8,34,18,16,47,21,26,0,0,0,18,9,9,4,1,3
56904601,27,15,12,2,1,1,12,9,3,10,3,7,0,0,0,2,1,1,1,1,0
56904602,461,244,217,56,26,30,156,86,70,143,70,73,13,5,8,67,36,31,26,21,5
56904603,28,15,13,2,0,2,14,8,6,6,2,4,0,0,0,4,3,1,2,2,0
56906201,24,9,15,3,0,3,8,4,4,8,2,6,0,0,0,4,2,2,1,1,0
56906202,463,234,229,55,28,27,159,92,67,170,73,97,8,2,6,60,30,30,11,9,2
56906203,19,11,8,3,3,0,8,4,4,6,3,3,1,1,0,1,0,1,0,0,0
56907101,179,90,89,26,10,16,80,47,33,49,23,26,6,1,5,13,6,7,5,3,2
56908901,37,21,16,5,4,1,12,8,4,13,6,7,0,0,0,3,1,2,4,2,2
56908903,24,11,13,4,1,3,10,5,5,4,1,3,0,0,0,5,3,2,1,1,0
56908904,46,30,16,8,2,6,19,15,4,15,10,5,0,0,0,3,2,1,1,1,0
56908905,23,11,12,5,2,3,10,6,4,6,2,4,1,0,1,0,0,0,1,1,0
56908906,378,188,190,51,23,28,177,99,78,93,39,54,4,0,4,29,11,18,24,16,8
56908907,31,16,15,1,0,1,12,6,6,13,7,6,1,1,0,3,1,2,1,1,0
54831601,176,91,85,20,9,11,64,33,31,60,40,20,3,0,3,23,6,17,6,3,3
56912701,129,69,60,18,6,12,45,28,17,45,27,18,2,0,2,12,5,7,7,3,4
54819701,59,28,31,12,6,6,26,14,12,14,6,8,1,0,1,4,1,3,2,1,1
56916001,404,206,198,53,15,38,197,117,80,106,52,54,7,0,7,28,13,15,13,9,4
56916002,31,16,15,7,3,4,10,5,5,9,6,3,0,0,0,2,1,1,3,1,2
56915101,92,44,48,12,3,9,34,21,13,30,12,18,1,1,0,10,3,7,5,4,1
55526601,399,201,198,44,15,29,164,97,67,129,60,69,9,2,7,44,20,24,9,7,2
55526602,21,12,9,3,1,2,11,7,4,4,3,1,2,1,1,1,0,1,0,0,0
56918601,159,86,73,20,6,14,69,42,27,48,25,23,0,0,0,20,12,8,2,1,1
56918602,592,294,298,50,20,30,172,105,67,237,109,128,22,5,17,92,46,46,19,9,10
56918603,45,21,24,15,5,10,11,7,4,13,5,8,1,0,1,1,1,0,4,3,1
56918604,122,56,66,13,4,9,35,23,12,49,19,30,4,1,3,18,7,11,3,2,1
56918605,103,51,52,9,4,5,34,17,17,43,22,21,0,0,0,17,8,9,0,0,0
56918606,70,31,39,5,3,2,13,5,8,36,17,19,1,0,1,15,6,9,0,0,0
56918607,19,10,9,2,1,1,8,5,3,8,3,5,0,0,0,0,0,0,1,1,0
54858801,191,97,94,20,10,10,68,44,24,64,27,37,4,1,3,30,12,18,5,3,2
54858802,19,10,9,0,0,0,11,5,6,6,4,2,1,0,1,0,0,0,1,1,0
56920801,155,79,76,21,8,13,63,38,25,49,22,27,1,0,1,20,10,10,1,1,0
56921601,299,149,150,38,18,20,120,73,47,97,43,54,9,1,8,31,12,19,4,2,2
54835901,118,60,58,13,7,6,33,17,16,43,21,22,4,2,2,21,9,12,4,4,0
56922401,286,148,138,37,18,19,118,69,49,95,48,47,5,3,2,26,6,20,5,4,1
56923201,139,70,69,24,10,14,71,39,32,29,15,14,1,0,1,12,5,7,2,1,1
56924102,92,48,44,11,5,6,31,18,13,19,6,13,2,2,0,18,11,7,11,6,5
54863402,43,25,18,7,4,3,20,13,7,11,6,5,0,0,0,5,2,3,0,0,0
54863403,56,29,27,7,1,6,27,20,7,12,4,8,2,1,1,4,1,3,4,2,2
54825101,109,55,54,13,4,9,42,23,19,36,19,17,1,0,1,11,4,7,6,5,1
56929101,499,245,254,60,19,41,206,132,74,157,66,91,8,2,6,49,20,29,19,6,13
56929102,33,18,15,6,4,2,16,10,6,8,2,6,1,0,1,1,1,0,1,1,0
56929103,52,27,25,7,4,3,28,17,11,17,6,11,0,0,0,0,0,0,0,0,0
57359101,63,32,31,10,3,7,22,14,8,20,8,12,2,0,2,5,3,2,4,4,0
56931301,42,21,21,7,1,6,24,13,11,10,6,4,0,0,0,0,0,0,1,1,0
56931302,41,20,21,13,4,9,13,8,5,11,7,4,2,0,2,0,0,0,2,1,1
56931303,28,13,15,4,0,4,11,8,3,7,4,3,1,0,1,5,1,4,0,0,0
56932101,85,41,44,15,4,11,41,24,17,19,11,8,0,0,0,8,2,6,2,0,2
56932102,137,80,57,24,16,8,67,43,24,26,10,16,0,0,0,13,6,7,7,5,2
56932103,158,79,79,15,8,7,58,39,19,59,23,36,4,1,3,21,8,13,1,0,1
56932104,77,45,32,15,7,8,41,26,15,14,8,6,0,0,0,5,3,2,2,1,1
56932105,72,36,36,9,2,7,33,22,11,14,7,7,1,0,1,12,5,7,3,0,3
56932106,74,37,37,12,5,7,34,19,15,17,8,9,3,1,2,8,4,4,0,0,0
56932107,28,11,17,9,2,7,10,6,4,5,2,3,1,0,1,3,1,2,0,0,0
56932108,2328,1134,1194,287,112,175,809,466,343,759,341,418,42,10,32,346,152,194,85,53,32
56932109,36,17,19,5,1,4,16,9,7,11,4,7,0,0,0,4,3,1,0,0,0
56932110,90,47,43,22,8,14,40,25,15,15,7,8,1,1,0,6,4,2,6,2,4
56932111,46,27,19,10,6,4,21,15,6,11,4,7,2,0,2,2,2,0,0,0,0
56934801,337,166,171,41,14,27,134,78,56,112,55,57,11,4,7,29,9,20,10,6,4
56936401,127,66,61,9,4,5,51,30,21,42,20,22,3,1,2,18,9,9,4,2,2
56939901,23,11,12,2,2,0,8,2,6,5,3,2,2,0,2,2,1,1,4,3,1
56939902,387,201,186,35,15,20,169,100,69,126,64,62,7,0,7,31,14,17,19,8,11
56940201,27,13,14,4,1,3,7,5,2,10,3,7,0,0,0,4,3,1,2,1,1
56940202,118,59,59,15,6,9,64,41,23,22,9,13,1,0,1,11,3,8,5,0,5
56941101,60,32,28,11,7,4,29,18,11,15,6,9,0,0,0,5,1,4,0,0,0
56942901,251,130,121,33,10,23,102,56,46,85,52,33,5,0,5,19,7,12,7,5,2
54842101,141,73,68,10,2,8,70,45,25,36,14,22,4,1,3,19,9,10,2,2,0
54842102,97,47,50,10,1,9,46,27,19,30,16,14,4,1,3,6,2,4,1,0,1
54832401,75,38,37,10,5,5,27,15,12,21,10,11,1,1,0,6,2,4,10,5,5
56946102,84,42,42,10,5,5,46,27,19,12,6,6,2,0,2,13,3,10,1,1,0
56946103,64,33,31,15,4,11,27,14,13,10,6,4,2,2,0,1,1,0,9,6,3
56947001,236,117,119,25,10,15,100,56,44,64,32,32,9,3,6,27,10,17,11,6,5
54855301,92,53,39,9,3,6,39,27,12,25,13,12,2,1,1,5,2,3,12,7,5
1501770,0,0,0,0,0,0,0,0,0,0,0,0,0,0,0,0,0,0,0,0,0
56948801,22,12,10,5,0,5,12,8,4,4,3,1,0,0,0,1,1,0,0,0,0
56948804,115,65,50,19,10,9,49,30,19,33,18,15,1,0,1,10,5,5,3,2,1
56948805,128,64,64,20,5,15,56,35,21,28,13,15,3,1,2,10,4,6,11,6,5
54834101,55,31,24,5,2,3,23,15,8,20,9,11,1,0,1,4,3,1,2,2,0
54849901,35,17,18,6,2,4,16,9,7,7,2,5,1,0,1,1,1,0,4,3,1
57360401,68,36,32,11,5,6,29,18,11,24,12,12,2,0,2,2,1,1,0,0,0
57360402,59,25,34,8,3,5,21,12,9,23,9,14,1,0,1,3,1,2,3,0,3
56951801,20,13,7,5,3,2,6,6,0,4,2,2,1,1,0,2,1,1,2,0,2
56951802,521,268,253,72,26,46,211,130,81,149,67,82,7,3,4,66,31,35,16,11,5
56951803,49,26,23,10,4,6,23,15,8,9,3,6,1,0,1,5,3,2,1,1,0
56953401,210,111,99,35,12,23,96,52,44,57,35,22,3,2,1,15,8,7,4,2,2
56956902,44,19,25,5,2,3,20,8,12,8,2,6,1,0,1,7,4,3,3,3,0
56956904,49,25,24,5,2,3,19,9,10,15,9,6,2,1,1,8,4,4,0,0,0
56956905,123,57,66,15,6,9,53,23,30,36,18,18,3,2,1,9,3,6,7,5,2
56956906,59,32,27,9,5,4,25,15,10,18,10,8,0,0,0,7,2,5,0,0,0
56956907,52,27,25,7,5,2,15,8,7,23,11,12,0,0,0,3,1,2,4,2,2
56956908,87,44,43,13,5,8,42,27,15,25,9,16,3,2,1,4,1,3,0,0,0
56956909,56,28,28,8,3,5,25,14,11,11,4,7,1,0,1,8,6,2,3,1,2
56956910,27,13,14,4,1,3,9,6,3,6,4,2,1,0,1,5,2,3,2,0,2
56956911,35,20,15,4,1,3,19,13,6,12,6,6,0,0,0,0,0,0,0,0,0
56956912,126,61,65,14,8,6,52,28,24,39,17,22,1,0,1,16,6,10,4,2,2
56956913,115,60,55,24,11,13,56,34,22,26,12,14,1,0,1,4,2,2,4,1,3
56956914,185,97,88,27,15,12,61,31,30,56,33,23,4,1,3,30,14,16,7,3,4
56956915,40,20,20,6,4,2,15,7,8,14,6,8,0,0,0,5,3,2,0,0,0
56956916,66,34,32,4,1,3,23,16,7,28,13,15,2,1,1,8,2,6,1,1,0
56956918,90,47,43,12,6,6,39,22,17,21,11,10,3,2,1,10,3,7,5,3,2
56956919,4009,1917,2092,511,172,339,1630,890,740,1233,557,676,78,29,49,394,174,220,163,95,68
56956920,721,1,720,412,0,412,186,0,186,100,1,99,3,0,3,16,0,16,4,0,4
56956921,85,41,44,9,6,3,24,13,11,37,18,19,1,0,1,11,2,9,3,2,1
56956922,83,43,40,9,3,6,33,19,14,34,17,17,0,0,0,7,4,3,0,0,0
56956923,27,15,12,4,2,2,10,7,3,5,1,4,2,1,1,4,3,1,2,1,1
56956924,40,19,21,5,2,3,20,9,11,7,4,3,1,0,1,3,1,2,4,3,1
56958501,44,25,19,5,2,3,20,14,6,13,5,8,1,1,0,4,2,2,1,1,0
56958502,35,18,17,8,4,4,18,10,8,6,3,3,0,0,0,2,1,1,1,0,1
56958503,558,284,274,78,38,40,229,126,103,151,71,80,8,1,7,61,27,34,31,21,10
56959301,87,46,41,15,3,12,39,22,17,24,17,7,0,0,0,6,2,4,3,2,1
56959302,90,47,43,12,3,9,40,24,16,24,14,10,1,0,1,5,1,4,8,5,3
56959303,88,44,44,12,4,8,34,23,11,29,11,18,1,0,1,10,5,5,2,1,1
56959304,61,31,30,5,1,4,34,20,14,16,7,9,0,0,0,2,1,1,4,2,2
56959305,1113,564,549,162,70,92,423,256,167,348,157,191,11,1,10,144,63,81,25,17,8
56959306,84,43,41,7,4,3,27,20,7,31,10,21,3,0,3,14,8,6,2,1,1
56961501,65,31,34,12,4,8,27,16,11,17,7,10,0,0,0,5,2,3,4,2,2
56961502,235,119,116,35,15,20,101,60,41,68,31,37,6,3,3,16,5,11,9,5,4
56962301,21,12,9,2,0,2,11,8,3,5,3,2,1,0,1,1,1,0,1,0,1
56962302,44,23,21,7,3,4,23,13,10,9,4,5,0,0,0,1,0,1,4,3,1
56962303,41,21,20,5,2,3,16,11,5,14,5,9,2,1,1,3,2,1,1,0,1
56962304,33,14,19,8,2,6,12,7,5,10,3,7,0,0,0,1,0,1,2,2,0
56964001,28,15,13,2,0,2,18,12,6,5,1,4,0,0,0,2,1,1,1,1,0
56964002,55,25,30,9,5,4,29,15,14,12,4,8,2,0,2,2,0,2,1,1,0
56964003,73,35,38,13,4,9,33,22,11,18,4,14,2,1,1,6,3,3,1,1,0
56964004,259,127,132,38,18,20,108,65,43,74,29,45,5,0,5,29,11,18,5,4,1
54853701,40,20,20,2,2,0,11,6,5,18,10,8,3,0,3,6,2,4,0,0,0
56965801,74,37,37,8,2,6,24,15,9,27,13,14,1,0,1,12,7,5,2,0,2
56965802,18,11,7,4,2,2,3,2,1,7,5,2,0,0,0,1,1,0,3,1,2
56965803,494,243,251,52,16,36,186,118,68,167,72,95,7,1,6,62,26,36,20,10,10
56967401,69,31,38,14,5,9,25,16,9,23,9,14,1,0,1,6,1,5,0,0,0
56967402,205,90,115,23,6,17,97,50,47,63,27,36,3,0,3,14,6,8,5,1,4
56968201,473,241,232,46,19,27,140,80,60,191,101,90,8,1,7,66,25,41,22,15,7
56969101,33,15,18,6,1,5,13,7,6,7,4,3,0,0,0,3,1,2,4,2,2
56969102,81,43,38,5,2,3,38,23,15,28,14,14,0,0,0,8,2,6,2,2,0
56969103,84,46,38,9,1,8,29,20,9,25,15,10,3,1,2,17,8,9,1,1,0
56969105,489,245,244,72,32,40,211,123,88,129,60,69,15,2,13,40,16,24,22,12,10
56970401,140,69,71,22,9,13,66,40,26,35,14,21,3,1,2,14,5,9,0,0,0
56970402,197,96,101,32,9,23,75,53,22,61,20,41,3,2,1,20,10,10,6,2,4
56971201,29,13,16,4,0,4,14,7,7,9,5,4,0,0,0,2,1,1,0,0,0
56971203,55,26,29,10,2,8,18,13,5,17,7,10,1,1,0,6,1,5,3,2,1
56971205,163,76,87,28,10,18,60,33,27,47,18,29,2,1,1,18,11,7,8,3,5
56971206,452,226,226,59,25,34,170,100,70,132,59,73,10,5,5,44,17,27,37,20,17
56971207,30,14,16,2,0,2,12,5,7,11,7,4,0,0,0,5,2,3,0,0,0
56971208,23,11,12,5,1,4,10,7,3,7,3,4,0,0,0,0,0,0,1,0,1
56971209,53,24,29,9,1,8,24,14,10,16,7,9,0,0,0,4,2,2,0,0,0
56972101,202,102,100,19,7,12,70,41,29,71,36,35,10,4,6,30,12,18,2,2,0
57358201,139,73,66,16,10,6,53,29,24,45,21,24,2,1,1,19,9,10,4,3,1
56973901,41,22,19,6,2,4,13,9,4,12,8,4,1,0,1,5,0,5,4,3,1
53065402,42,20,22,3,1,2,19,11,8,17,7,10,1,1,0,2,0,2,0,0,0
53065403,151,73,78,18,7,11,44,32,12,55,22,33,2,0,2,28,9,19,4,3,1
54862601,55,23,32,7,2,5,20,10,10,20,10,10,1,0,1,5,1,4,2,0,2
53066201,123,61,62,8,5,3,42,23,19,49,25,24,1,0,1,14,3,11,9,5,4
3395800,0,0,0,0,0,0,0,0,0,0,0,0,0,0,0,0,0,0,0,0,0
56978001,197,94,103,25,8,17,85,49,36,54,26,28,5,1,4,23,9,14,5,1,4
56978002,95,48,47,13,5,8,47,27,20,22,12,10,0,0,0,9,2,7,4,2,2
56978003,31,20,11,3,2,1,14,9,5,9,6,3,0,0,0,3,2,1,2,1,1
56978004,85,41,44,13,4,9,38,23,15,26,9,17,0,0,0,7,4,3,1,1,0
56978005,125,58,67,18,5,13,59,32,27,30,15,15,2,0,2,13,4,9,3,2,1
56978006,69,33,36,8,1,7,22,13,9,33,16,17,0,0,0,5,2,3,1,1,0
56978007,87,46,41,13,3,10,45,31,14,22,8,14,0,0,0,6,3,3,1,1,0
56978008,1793,872,921,227,85,142,686,375,311,600,284,316,40,12,28,171,76,95,69,40,29
56978009,18,7,11,4,2,2,6,3,3,7,2,5,0,0,0,1,0,1,0,0,0
56980101,28,13,15,6,1,5,6,4,2,5,3,2,0,0,0,9,4,5,2,1,1
56980103,291,139,152,41,18,23,119,68,51,94,38,56,5,2,3,25,8,17,7,5,2
58685401,136,74,62,14,9,5,73,39,34,37,21,16,0,0,0,11,4,7,1,1,0
58686201,139,66,73,24,11,13,50,27,23,49,24,25,4,1,3,12,3,9,0,0,0
58686202,1358,675,683,192,71,121,586,333,253,387,174,213,15,10,5,127,60,67,51,27,24
58686203,85,45,40,9,4,5,38,24,14,22,10,12,2,1,1,12,5,7,2,1,1
58686204,82,41,41,9,3,6,35,24,11,24,10,14,2,0,2,9,3,6,3,1,2
58686205,145,73,72,21,7,14,61,38,23,42,20,22,1,0,1,20,8,12,0,0,0
58686206,90,47,43,13,6,7,47,23,24,23,13,10,0,0,0,6,4,2,1,1,0
58688901,225,116,109,24,9,15,73,44,29,70,33,37,4,1,3,51,27,24,3,2,1
58689701,20,9,11,3,1,2,9,5,4,6,3,3,1,0,1,1,0,1,0,0,0
58689702,96,51,45,16,8,8,44,31,13,25,6,19,0,0,0,6,3,3,5,3,2
58689703,168,86,82,24,9,15,73,40,33,43,24,19,3,1,2,11,4,7,14,8,6
58689704,58,28,30,7,0,7,26,17,9,15,5,10,1,1,0,2,0,2,7,5,2
58690101,102,57,45,15,7,8,34,24,10,34,15,19,0,0,0,11,6,5,8,5,3
58718401,64,32,32,6,1,5,29,19,10,20,10,10,2,1,1,5,0,5,2,1,1
58692701,27,13,14,5,1,4,9,6,3,10,5,5,0,0,0,2,1,1,1,0,1
58692702,107,55,52,12,7,5,34,20,14,39,15,24,2,0,2,16,9,7,4,4,0
58694301,1976,973,1003,251,86,165,776,452,324,591,258,333,27,10,17,213,96,117,118,71,47
58694302,113,57,56,23,8,15,50,27,23,28,16,12,1,0,1,6,2,4,5,4,1
58694303,74,40,34,11,4,7,41,23,18,14,9,5,0,0,0,6,3,3,2,1,1
58694304,70,38,32,16,7,9,25,16,9,17,10,7,1,0,1,6,2,4,5,3,2
58694305,28,14,14,5,4,1,12,5,7,7,3,4,0,0,0,2,1,1,2,1,1
58694306,189,100,89,29,8,21,86,56,30,51,25,26,1,0,1,18,11,7,4,0,4
58694307,201,99,102,21,4,17,101,63,38,58,22,36,1,1,0,13,5,8,7,4,3
58694308,45,22,23,6,0,6,30,19,11,8,3,5,0,0,0,1,0,1,0,0,0
58694309,67,33,34,6,1,5,30,15,15,21,12,9,0,0,0,8,4,4,2,1,1
58694310,260,129,131,33,12,21,94,57,37,79,36,43,0,0,0,45,19,26,9,5,4
58694311,75,39,36,12,4,8,29,17,12,19,12,7,3,0,3,7,3,4,5,3,2
59037101,83,40,43,10,6,4,46,26,20,18,7,11,0,0,0,7,1,6,2,0,2
58695101,246,122,124,32,11,21,113,75,38,69,24,45,2,1,1,16,5,11,14,6,8
58697802,401,207,194,37,16,21,144,88,56,127,62,65,11,3,8,68,27,41,14,11,3
58697803,20,10,10,1,0,1,4,3,1,10,4,6,1,0,1,3,2,1,1,1,0
58698601,95,50,45,16,7,9,40,24,16,31,15,16,0,0,0,7,3,4,1,1,0
58698602,62,27,35,8,3,5,21,11,10,15,9,6,2,0,2,14,4,10,2,0,2
58700101,51,26,25,6,1,5,21,14,7,17,7,10,1,0,1,6,4,2,0,0,0
58700102,26,16,10,5,4,1,7,4,3,8,5,3,0,0,0,3,2,1,3,1,2
58700103,18,10,8,2,0,2,10,7,3,6,3,3,0,0,0,0,0,0,0,0,0
58711701,65,35,30,10,6,4,12,8,4,26,12,14,1,0,1,15,8,7,1,1,0
58711702,106,54,52,10,5,5,40,22,18,31,16,15,2,0,2,16,7,9,7,4,3
58711703,74,40,34,12,5,7,27,15,12,24,14,10,1,1,0,8,4,4,2,1,1
58701001,306,162,144,53,23,30,140,95,45,72,31,41,2,0,2,30,8,22,9,5,4
58702801,1132,563,569,142,61,81,530,309,221,295,117,178,10,3,7,105,40,65,50,33,17
58702802,33,19,14,7,4,3,14,8,6,7,3,4,1,0,1,3,3,0,1,1,0
58702803,314,165,149,67,33,34,120,77,43,82,33,49,4,1,3,25,11,14,16,10,6
58703601,223,117,106,27,10,17,108,67,41,57,26,31,5,2,3,20,7,13,6,5,1
58704401,753,387,366,89,38,51,331,198,133,214,97,117,8,2,6,84,38,46,27,14,13
58704402,202,105,97,22,7,15,63,41,22,61,32,29,4,0,4,41,21,20,11,4,7
58704403,60,32,28,11,4,7,19,15,4,16,8,8,3,0,3,10,4,6,1,1,0
58706101,80,37,43,13,3,10,37,21,16,23,10,13,0,0,0,7,3,4,0,0,0
58707901,80,37,43,22,7,15,37,22,15,12,5,7,1,0,1,6,1,5,2,2,0
58708701,30,15,15,2,1,1,12,7,5,7,3,4,0,0,0,8,3,5,1,1,0
58708702,112,62,50,14,5,9,46,33,13,33,15,18,2,0,2,12,5,7,5,4,1
58709501,376,193,183,39,16,23,136,93,43,142,60,82,8,0,8,47,21,26,4,3,1
50672901,176,90,86,24,8,16,77,48,29,48,23,25,1,0,1,22,7,15,4,4,0
58710901,17,8,9,1,0,1,0,0,0,7,4,3,0,0,0,8,3,5,1,1,0
58710902,46,23,23,9,4,5,16,11,5,12,3,9,1,0,1,5,2,3,3,3,0
58710903,24,12,12,3,1,2,9,6,3,6,3,3,1,0,1,3,1,2,2,1,1
58710904,22,13,9,2,1,1,7,5,2,7,3,4,1,0,1,3,3,0,2,1,1
58712501,149,81,68,22,10,12,74,45,29,33,18,15,2,1,1,14,4,10,4,3,1
58714101,586,281,305,68,22,46,267,162,105,162,58,104,5,1,4,51,21,30,33,17,16
58715001,60,28,32,8,1,7,20,12,8,22,12,10,1,0,1,8,3,5,1,0,1
58715002,38,24,14,8,3,5,7,7,0,15,11,4,0,0,0,7,2,5,1,1,0
58715003,24,14,10,2,1,1,8,6,2,8,4,4,0,0,0,6,3,3,0,0,0
58716801,257,138,119,54,22,32,106,64,42,59,28,31,0,0,0,19,12,7,19,12,7
58716802,166,90,76,18,7,11,75,48,27,41,15,26,1,0,1,20,10,10,11,10,1
58716803,38,16,22,2,0,2,21,13,8,9,1,8,0,0,0,3,1,2,3,1,2
58720601,64,35,29,4,4,0,27,14,13,22,12,10,0,0,0,9,3,6,2,2,0
58719201,58,31,27,6,3,3,22,16,6,24,10,14,0,0,0,4,1,3,2,1,1
58719202,42,23,19,0,0,0,21,15,6,17,6,11,2,0,2,1,1,0,1,1,0
59068101,86,44,42,13,7,6,39,21,18,23,11,12,2,0,2,6,3,3,3,2,1
58722201,55,31,24,7,2,5,25,15,10,14,10,4,1,0,1,8,4,4,0,0,0
58722202,59,32,27,3,2,1,20,14,6,22,10,12,0,0,0,14,6,8,0,0,0
55028101,45,20,25,3,1,2,13,8,5,18,8,10,3,0,3,7,3,4,1,0,1
55028102,23,10,13,4,1,3,5,4,1,7,3,4,0,0,0,4,1,3,3,1,2
55028103,327,165,162,44,18,26,135,87,48,82,28,54,7,2,5,45,22,23,14,8,6
58724902,474,232,242,82,22,60,182,112,70,129,58,71,1,1,0,59,28,31,21,11,10
58726501,146,76,70,22,11,11,75,40,35,33,18,15,2,1,1,10,4,6,4,2,2
58727301,200,105,95,33,14,19,81,51,30,54,26,28,5,2,3,16,6,10,11,6,5
58728101,101,55,46,10,4,6,41,29,12,33,12,21,0,0,0,9,4,5,8,6,2
0597492,0,0,0,0,0,0,0,0,0,0,0,0,0,0,0,0,0,0,0,0,0
0598712,0,0,0,0,0,0,0,0,0,0,0,0,0,0,0,0,0,0,0,0,0
3041400,0,0,0,0,0,0,0,0,0,0,0,0,0,0,0,0,0,0,0,0,0
3041820,0,0,0,0,0,0,0,0,0,0,0,0,0,0,0,0,0,0,0,0,0
3285110,0,0,0,0,0,0,0,0,0,0,0,0,0,0,0,0,0,0,0,0,0
58684601,155,73,82,24,9,15,69,38,31,39,18,21,2,0,2,15,5,10,6,3,3
58684603,268,130,138,19,8,11,27,17,10,87,48,39,11,2,9,119,53,66,5,2,3
58684604,1444,698,746,138,65,73,314,183,131,545,237,308,16,1,15,395,192,203,36,20,16
58684605,1330,648,682,138,55,83,474,268,206,430,197,233,22,6,16,196,80,116,70,42,28
58684606,118,59,59,17,8,9,30,17,13,37,14,23,1,0,1,26,15,11,7,5,2
58684607,28,12,16,1,1,0,11,6,5,13,4,9,1,0,1,2,1,1,0,0,0
58684608,156,73,83,26,11,15,53,32,21,47,18,29,3,1,2,21,7,14,6,4,2
58684610,478,258,220,34,16,18,151,92,59,167,85,82,10,5,5,80,29,51,36,31,5
58684611,503,250,253,59,23,36,135,91,44,198,82,116,9,3,6,97,49,48,5,2,3
58684612,310,152,158,33,16,17,46,25,21,126,62,64,10,5,5,92,42,50,3,2,1
58684613,90,47,43,13,7,6,35,20,15,29,13,16,3,1,2,7,4,3,3,2,1
58684614,849,421,428,89,37,52,232,141,91,298,128,170,13,5,8,199,103,96,18,7,11
58684616,44,23,21,12,6,6,14,10,4,14,5,9,0,0,0,4,2,2,0,0,0
58684617,205,116,89,19,8,11,59,31,28,58,36,22,4,1,3,30,13,17,35,27,8
58684618,140,75,65,19,8,11,59,36,23,36,16,20,4,0,4,16,10,6,6,5,1
58684619,87,43,44,12,6,6,26,15,11,28,10,18,4,2,2,12,7,5,5,3,2
58684620,33,14,19,3,0,3,15,9,6,12,4,8,0,0,0,3,1,2,0,0,0
58684621,97,51,46,13,8,5,30,20,10,28,12,16,1,0,1,21,10,11,4,1,3
58684622,60,31,29,8,2,6,19,14,5,24,11,13,0,0,0,7,2,5,2,2,0
58684623,189,96,93,10,4,6,49,26,23,73,39,34,4,1,3,53,26,27,0,0,0
58684624,383,212,171,51,27,24,134,81,53,116,55,61,9,5,4,41,18,23,32,26,6
58684625,103,52,51,14,7,7,53,25,28,26,13,13,4,2,2,4,3,1,2,2,0
58684626,168,87,81,13,4,9,48,27,21,58,32,26,2,1,1,36,18,18,11,5,6
58684627,6024,2856,3168,722,289,433,2165,1128,1037,2028,910,1118,102,25,77,737,364,373,270,140,130
58684628,21,11,10,6,2,4,8,4,4,2,2,0,0,0,0,1,0,1,4,3,1
58684629,379,187,192,41,16,25,136,76,60,125,54,71,4,1,3,44,23,21,29,17,12
58684630,2893,1337,1556,371,142,229,996,530,466,969,412,557,34,4,30,404,181,223,119,68,51
58684631,250,128,122,33,12,21,96,55,41,83,40,43,0,0,0,19,10,9,19,11,8
58684632,60,31,29,3,2,1,23,16,7,24,10,14,0,0,0,6,2,4,4,1,3
58684633,3344,1621,1723,349,128,221,1072,604,468,1204,527,677,43,13,30,570,302,268,106,47,59
58684634,2476,1197,1279,262,109,153,772,440,332,879,386,493,28,8,20,437,211,226,98,43,55
58684635,276,103,173,77,15,62,100,51,49,61,17,44,4,1,3,26,15,11,8,4,4
58684638,2659,1336,1323,351,150,201,734,423,311,856,409,447,47,20,27,461,211,250,210,123,87
58684639,35,16,19,5,3,2,16,6,10,7,4,3,1,1,0,6,2,4,0,0,0
58684640,607,291,316,52,23,29,67,33,34,207,98,109,8,1,7,264,130,134,9,6,3
58684641,261,152,109,138,76,62,59,49,10,56,24,32,0,0,0,8,3,5,0,0,0
58684643,174,84,90,17,5,12,34,15,19,68,31,37,2,0,2,50,30,20,3,3,0
58684644,1909,939,970,176,66,110,591,342,249,707,321,386,27,13,14,342,159,183,66,38,28
58684645,114,51,63,8,5,3,45,24,21,35,14,21,3,0,3,20,8,12,3,0,3
58684646,737,361,376,85,35,50,198,113,85,303,135,168,4,0,4,124,61,63,23,17,6
58684647,62,38,24,4,1,3,14,11,3,26,16,10,0,0,0,4,3,1,14,7,7
58684649,548,271,277,38,23,15,132,84,48,199,84,115,16,3,13,149,70,79,14,7,7
58684650,2730,1296,1434,298,118,180,734,426,308,951,412,539,58,20,38,564,252,312,125,68,57
58684651,3214,1532,1682,370,158,212,972,543,429,1088,465,623,66,28,38,566,255,311,152,83,69
58684653,3426,1878,1548,612,295,317,866,504,362,814,400,414,25,11,14,373,169,204,736,499,237
58684654,101,54,47,17,7,10,28,17,11,39,25,14,4,1,3,11,3,8,2,1,1
58684655,2712,1219,1493,340,119,221,869,456,413,935,394,541,31,11,20,409,178,231,128,61,67
58684657,227,113,114,28,10,18,86,43,43,73,38,35,7,2,5,28,17,11,5,3,2
58729001,162,86,76,30,10,20,68,49,19,47,19,28,0,0,0,10,5,5,7,3,4
58730301,76,44,32,14,6,8,34,27,7,17,7,10,0,0,0,4,0,4,7,4,3
58732001,101,52,49,13,5,8,46,31,15,30,10,20,1,0,1,6,3,3,5,3,2
58733802,134,70,64,25,9,16,50,31,19,31,14,17,2,0,2,19,12,7,7,4,3
58734601,1102,563,539,148,64,84,513,312,201,286,127,159,19,6,13,95,34,61,41,20,21
58734602,49,22,27,8,2,6,21,13,8,13,5,8,0,0,0,7,2,5,0,0,0
58734603,137,66,71,12,4,8,61,39,22,38,15,23,6,0,6,16,6,10,4,2,2
58734604,244,122,122,31,12,19,108,69,39,65,26,39,4,1,3,29,11,18,7,3,4
58736201,142,64,78,20,7,13,64,36,28,45,17,28,3,0,3,6,2,4,4,2,2
58737101,60,28,32,12,4,8,25,12,13,14,7,7,0,0,0,6,4,2,3,1,2
0670322,0,0,0,0,0,0,0,0,0,0,0,0,0,0,0,0,0,0,0,0,0
59084301,107,52,55,17,7,10,53,28,25,24,10,14,1,0,1,9,5,4,3,2,1
59084303,898,467,431,128,42,86,429,268,161,215,90,125,7,0,7,92,47,45,27,20,7
59084305,85,45,40,13,4,9,43,28,15,17,7,10,0,0,0,10,4,6,2,2,0
58738902,146,69,77,28,6,22,68,46,22,33,11,22,0,0,0,11,3,8,6,3,3
58740101,756,389,367,122,54,68,315,186,129,190,87,103,8,2,6,82,39,43,39,21,18
58741901,58,32,26,5,3,2,23,16,7,20,8,12,0,0,0,9,4,5,1,1,0
58742701,386,200,186,51,22,29,164,104,60,102,41,61,8,3,5,51,25,26,10,5,5
58743501,524,269,255,74,31,43,228,138,90,123,58,65,8,3,5,64,25,39,27,14,13
58744301,168,86,82,28,7,21,67,40,27,44,21,23,0,0,0,22,12,10,7,6,1
58745101,82,43,39,7,1,6,35,22,13,25,13,12,1,0,1,9,4,5,5,3,2
58747802,2267,1138,1129,266,117,149,845,495,350,724,328,396,36,10,26,302,123,179,94,65,29
58747803,77,40,37,15,4,11,33,17,16,22,14,8,0,0,0,3,2,1,4,3,1
58747805,26,15,11,5,4,1,3,1,2,8,5,3,0,0,0,5,2,3,5,3,2
58747806,27,12,15,8,3,5,8,5,3,9,4,5,1,0,1,1,0,1,0,0,0
58748601,474,237,237,53,19,34,162,99,63,169,78,91,7,2,5,69,31,38,14,8,6
58749401,155,75,80,23,6,17,70,42,28,37,15,22,4,0,4,9,2,7,12,10,2
58750801,219,107,112,26,10,16,96,55,41,60,26,34,5,2,3,17,6,11,15,8,7
58752401,124,67,57,19,8,11,56,33,23,37,19,18,1,0,1,9,6,3,2,1,1
58753201,67,39,28,4,0,4,29,19,10,12,5,7,3,1,2,15,10,5,4,4,0
58753202,69,36,33,8,4,4,35,22,13,18,8,10,1,0,1,3,1,2,4,1,3
58754101,57,34,23,12,3,9,24,20,4,14,7,7,0,0,0,6,3,3,1,1,0
58754102,621,310,311,73,28,45,299,172,127,153,65,88,5,1,4,59,25,34,32,19,13
58754103,36,19,17,7,3,4,18,11,7,9,4,5,0,0,0,2,1,1,0,0,0
58755901,101,54,47,17,7,10,53,36,17,18,6,12,1,0,1,7,3,4,5,2,3
58756701,164,80,84,15,3,12,60,35,25,68,30,38,1,0,1,17,10,7,3,2,1
58757501,163,82,81,17,5,12,88,55,33,43,15,28,2,1,1,8,4,4,5,2,3
58758301,192,104,88,33,13,20,82,58,24,52,23,29,1,0,1,17,6,11,7,4,3
58759101,690,354,336,100,42,58,264,159,105,207,102,105,6,3,3,87,36,51,26,12,14
58761301,67,31,36,11,5,6,20,14,6,31,11,20,2,0,2,1,0,1,2,1,1
58721401,49,25,24,5,1,4,13,7,6,18,10,8,2,0,2,9,6,3,2,1,1
58762101,171,89,82,12,5,7,74,41,33,58,28,30,4,2,2,20,10,10,3,3,0
58763001,55,28,27,9,5,4,26,17,9,12,3,9,1,0,1,4,1,3,3,2,1
58764801,74,35,39,14,5,9,33,18,15,17,8,9,2,0,2,5,4,1,3,0,3
58765601,156,78,78,30,11,19,49,35,14,48,19,29,2,0,2,23,9,14,4,4,0
58767201,31,15,16,2,0,2,16,10,6,8,3,5,2,1,1,2,0,2,1,1,0
58767202,67,39,28,12,4,8,33,23,10,15,6,9,0,0,0,5,4,1,2,2,0
58768101,35,20,15,5,4,1,12,8,4,15,6,9,0,0,0,3,2,1,0,0,0
58768102,275,143,132,37,16,21,128,85,43,80,33,47,3,1,2,19,4,15,8,4,4
58768103,20,12,8,4,2,2,10,8,2,2,0,2,1,0,1,3,2,1,0,0,0
58770201,157,80,77,18,8,10,57,30,27,49,27,22,1,0,1,27,12,15,5,3,2
58771101,215,107,108,38,15,23,94,52,42,58,31,27,1,1,0,9,1,8,15,7,8
58771102,140,65,75,15,4,11,67,39,28,37,14,23,3,0,3,13,4,9,5,4,1
58771103,18,8,10,5,4,1,5,2,3,5,1,4,2,1,1,1,0,1,0,0,0
58771104,130,65,65,22,10,12,62,37,25,33,12,21,3,1,2,9,5,4,1,0,1
58771105,550,282,268,72,28,44,207,131,76,164,71,93,12,3,9,54,25,29,41,24,17
58771106,432,218,214,67,33,34,164,92,72,109,53,56,9,3,6,60,23,37,23,14,9
58771108,859,437,422,117,53,64,336,199,137,282,130,152,8,3,5,93,39,54,23,13,10
58771109,510,254,256,70,22,48,211,134,77,154,68,86,4,1,3,52,18,34,19,11,8
58771110,1317,628,689,174,75,99,515,281,234,423,182,241,22,6,16,141,60,81,42,24,18
58771111,26,12,14,3,2,1,8,3,5,8,4,4,2,0,2,5,3,2,0,0,0
58774502,544,286,258,78,43,35,233,145,88,144,55,89,8,2,6,43,17,26,38,24,14
58774503,39,18,21,9,5,4,17,9,8,10,2,8,2,1,1,1,1,0,0,0,0
58774504,99,49,50,10,2,8,36,21,15,28,11,17,3,0,3,17,11,6,5,4,1
58776101,189,100,89,26,15,11,86,47,39,48,22,26,1,0,1,20,12,8,8,4,4
58717601,356,188,168,44,23,21,86,56,30,136,67,69,5,0,5,74,33,41,11,9,2
58778801,333,172,161,43,19,24,121,78,43,103,43,60,4,2,2,54,25,29,8,5,3
58778802,46,21,25,4,1,3,9,2,7,19,10,9,2,0,2,10,6,4,2,2,0
58779602,317,154,163,35,14,21,162,100,62,79,21,58,3,0,3,32,15,17,6,4,2
58780001,122,68,54,17,7,10,67,42,25,30,15,15,2,1,1,4,2,2,2,1,1
58781801,272,146,126,42,26,16,123,74,49,77,35,42,3,0,3,24,9,15,3,2,1
58782601,95,48,47,19,4,15,33,23,10,25,14,11,1,0,1,14,6,8,3,1,2
58783401,200,106,94,31,11,20,68,44,24,62,34,28,5,0,5,29,15,14,5,2,3
58785101,71,32,39,8,1,7,29,17,12,19,10,9,2,0,2,12,4,8,1,0,1
58787701,47,25,22,6,2,4,30,18,12,8,4,4,0,0,0,3,1,2,0,0,0
58788501,234,115,119,24,5,19,94,61,33,64,27,37,7,1,6,37,17,20,8,4,4
55029901,228,109,119,26,9,17,104,56,48,63,29,34,7,1,6,19,8,11,9,6,3
55029902,55,29,26,8,1,7,16,13,3,21,10,11,2,1,1,7,3,4,1,1,0
55029903,86,43,43,8,3,5,25,17,8,35,15,20,2,0,2,14,6,8,2,2,0
58791501,138,69,69,13,3,10,63,40,23,39,17,22,0,0,0,20,8,12,3,1,2
58792302,514,265,249,66,21,45,237,153,84,133,52,81,5,2,3,42,17,25,31,20,11
58793102,857,417,440,125,36,89,351,216,135,245,97,148,20,6,14,81,37,44,35,25,10
58794001,76,40,36,19,8,11,26,15,11,17,12,5,1,1,0,9,3,6,4,1,3
58795802,362,189,173,42,24,18,148,89,59,115,49,66,6,1,5,37,17,20,14,9,5
58798201,43,21,22,7,1,6,18,9,9,11,6,5,2,1,1,4,3,1,1,1,0
58798202,71,34,37,12,5,7,35,20,15,17,6,11,0,0,0,6,2,4,1,1,0
58798203,98,46,52,20,5,15,42,25,17,15,5,10,2,1,1,14,6,8,5,4,1
58799101,42,20,22,11,3,8,19,15,4,8,2,6,0,0,0,3,0,3,1,0,1
58800801,170,87,83,12,5,7,78,44,34,52,24,28,2,0,2,22,11,11,4,3,1
54725501,64,26,38,17,6,11,16,8,8,19,7,12,0,0,0,11,4,7,1,1,0
1656380,0,0,0,0,0,0,0,0,0,0,0,0,0,0,0,0,0,0,0,0,0
1656710,0,0,0,0,0,0,0,0,0,0,0,0,0,0,0,0,0,0,0,0,0
58802401,68,36,32,8,5,3,27,17,10,24,11,13,1,0,1,5,2,3,3,1,2
58802402,230,131,99,23,10,13,52,30,22,58,26,32,0,0,0,33,16,17,64,49,15
58802403,65,32,33,12,3,9,19,13,6,19,10,9,0,0,0,9,5,4,6,1,5
58802404,70,33,37,7,3,4,35,17,18,15,7,8,0,0,0,9,4,5,4,2,2
58802405,284,127,157,33,10,23,104,53,51,78,27,51,3,0,3,38,18,20,28,19,9
58802406,425,206,219,46,17,29,141,85,56,135,61,74,5,2,3,81,30,51,17,11,6
58802408,22,13,9,11,6,5,2,2,0,3,2,1,0,0,0,2,1,1,4,2,2
58802409,669,316,353,83,30,53,262,144,118,189,85,104,10,1,9,117,54,63,8,2,6
58802410,196,79,117,54,11,43,55,27,28,44,15,29,0,0,0,38,22,16,5,4,1
58802411,304,150,154,31,14,17,105,60,45,98,41,57,5,3,2,56,29,27,9,3,6
58802413,1001,469,532,113,36,77,368,208,160,329,139,190,12,5,7,146,64,82,33,17,16
58802414,30,19,11,6,3,3,12,8,4,6,4,2,0,0,0,0,0,0,6,4,2
58802415,1009,472,537,133,44,89,380,212,168,304,134,170,10,2,8,140,60,80,42,20,22
58803201,75,33,42,20,5,15,21,14,7,21,9,12,1,0,1,5,2,3,7,3,4
58803202,113,61,52,15,7,8,44,22,22,38,21,17,0,0,0,13,10,3,3,1,2
58803203,141,74,67,29,14,15,59,37,22,34,15,19,1,0,1,8,4,4,10,4,6
58803204,152,83,69,22,9,13,75,47,28,35,14,21,2,0,2,10,7,3,8,6,2
58803205,27,15,12,3,2,1,7,4,3,10,5,5,1,1,0,2,1,1,4,2,2
58803206,1787,880,907,231,89,142,740,419,321,500,226,274,22,5,17,157,56,101,137,85,52
58803208,186,91,95,20,10,10,75,42,33,59,26,33,3,2,1,25,11,14,4,0,4
58803209,283,149,134,28,12,16,101,67,34,85,43,42,8,1,7,49,20,29,12,6,6
58803210,1851,909,942,205,82,123,717,416,301,598,273,325,24,7,17,244,108,136,63,23,40
58804101,120,64,56,14,6,8,37,24,13,42,22,20,4,3,1,19,7,12,4,2,2
58806701,103,50,53,10,4,6,27,14,13,42,18,24,0,0,0,19,10,9,5,4,1
58807502,174,91,83,14,4,10,83,47,36,53,28,25,1,1,0,17,8,9,6,3,3
58808301,81,43,38,21,5,16,37,27,10,19,8,11,0,0,0,3,2,1,1,1,0
3390240,0,0,0,0,0,0,0,0,0,0,0,0,0,0,0,0,0,0,0,0,0
58809101,25,12,13,8,2,6,6,5,1,7,3,4,1,1,0,3,1,2,0,0,0
58810501,37,18,19,2,0,2,19,13,6,11,3,8,1,0,1,3,2,1,1,0,1
1981700,0,0,0,0,0,0,0,0,0,0,0,0,0,0,0,0,0,0,0,0,0
58811301,37,19,18,3,2,1,17,10,7,9,2,7,0,0,0,6,4,2,2,1,1
58811303,48,26,22,6,2,4,15,9,6,19,11,8,0,0,0,6,2,4,2,2,0
58811304,749,383,366,96,46,50,275,172,103,248,103,145,8,2,6,103,48,55,19,12,7
58811305,20,8,12,2,1,1,7,3,4,9,4,5,0,0,0,0,0,0,2,0,2
58811306,207,107,100,20,10,10,68,42,26,74,35,39,4,0,4,34,15,19,7,5,2
58812102,504,247,257,57,15,42,191,118,73,164,67,97,10,4,6,54,25,29,28,18,10
58813001,121,60,61,9,2,7,57,37,20,35,14,21,3,1,2,13,4,9,4,2,2
58814801,108,60,48,22,15,7,34,21,13,25,13,12,2,0,2,22,8,14,3,3,0
58815601,43,24,19,5,2,3,11,10,1,18,9,9,1,0,1,5,1,4,3,2,1
58815602,213,112,101,29,11,18,82,55,27,67,31,36,3,0,3,22,9,13,10,6,4
58816401,50,26,24,7,3,4,29,17,12,7,4,3,1,0,1,3,1,2,3,1,2
58817201,64,30,34,8,3,5,22,12,10,24,12,12,0,0,0,3,1,2,7,2,5
58817202,128,63,65,22,9,13,47,27,20,35,14,21,0,0,0,13,5,8,11,8,3
58817203,127,66,61,9,4,5,47,29,18,43,21,22,1,0,1,27,12,15,0,0,0
58817205,429,207,222,63,20,43,145,92,53,143,58,85,6,0,6,53,25,28,19,12,7
58818101,335,167,168,47,14,33,152,99,53,93,36,57,5,1,4,30,13,17,8,4,4
58819901,87,37,50,20,3,17,42,23,19,18,6,12,0,0,0,3,2,1,4,3,1
58820201,212,113,99,24,11,13,81,51,30,66,27,39,5,1,4,18,9,9,18,14,4
58723101,39,17,22,9,2,7,11,7,4,5,2,3,0,0,0,6,1,5,8,5,3
58821101,186,101,85,19,10,9,66,42,24,63,22,41,3,1,2,15,8,7,20,18,2
58822901,75,37,38,7,3,4,46,26,20,16,7,9,1,0,1,3,0,3,2,1,1
58824501,43,25,18,10,4,6,21,14,7,9,5,4,0,0,0,2,1,1,1,1,0
58825301,345,172,173,39,10,29,116,75,41,119,49,70,7,2,5,56,31,25,8,5,3
58826101,64,29,35,7,2,5,21,11,10,19,8,11,2,0,2,12,6,6,3,2,1
58827001,96,52,44,14,6,8,40,25,15,27,13,14,3,2,1,10,4,6,2,2,0
58828801,406,163,243,76,19,57,171,87,84,101,33,68,1,0,1,46,19,27,11,5,6
50938801,75,37,38,9,4,5,39,23,16,20,7,13,0,0,0,7,3,4,0,0,0
56111801,65,34,31,17,6,11,18,13,5,18,12,6,0,0,0,9,1,8,3,2,1
56112601,43,20,23,8,3,5,24,13,11,9,2,7,0,0,0,1,1,0,1,1,0
54754901,152,78,74,19,10,9,72,39,33,43,19,24,0,0,0,14,8,6,4,2,2
56124001,59,28,31,5,2,3,20,13,7,24,10,14,0,0,0,9,2,7,1,1,0
50941801,83,44,39,11,4,7,35,21,14,22,14,8,1,1,0,12,4,8,2,0,2
54758101,507,246,261,56,20,36,193,122,71,184,74,110,4,0,4,51,18,33,19,12,7
54758102,18,10,8,3,2,1,7,4,3,5,2,3,0,0,0,3,2,1,0,0,0
54760301,126,64,62,20,6,14,55,35,20,34,15,19,1,0,1,10,5,5,6,3,3
54763801,234,119,115,22,7,15,100,64,36,74,32,42,4,2,2,23,8,15,11,6,5
54763802,37,19,18,6,1,5,17,11,6,11,6,5,1,0,1,2,1,1,0,0,0
56131201,39,21,18,3,0,3,18,12,6,10,4,6,0,0,0,6,3,3,2,2,0
56131202,94,44,50,17,3,14,39,26,13,26,9,17,0,0,0,8,3,5,4,3,1
56131205,47,25,22,7,5,2,20,13,7,13,5,8,0,0,0,6,2,4,1,0,1
56180101,106,58,48,22,13,9,40,27,13,37,15,22,0,0,0,6,3,3,1,0,1
54766201,33,19,14,2,0,2,18,12,6,8,3,5,1,1,0,4,3,1,0,0,0
54766202,237,125,112,37,20,17,96,59,37,74,36,38,2,0,2,17,5,12,11,5,6
54768901,44,25,19,10,4,6,24,15,9,7,4,3,0,0,0,2,1,1,1,1,0
54768903,25,13,12,4,3,1,15,10,5,4,0,4,0,0,0,0,0,0,2,0,2
54768904,25,11,14,2,1,1,7,4,3,10,3,7,0,0,0,6,3,3,0,0,0
54771901,47,23,24,13,8,5,10,5,5,10,5,5,0,0,0,13,4,9,1,1,0
54771902,291,151,140,42,16,26,106,62,44,91,46,45,3,1,2,36,19,17,13,7,6
54771904,22,11,11,1,1,0,7,5,2,8,1,7,0,0,0,5,3,2,1,1,0
54771905,117,50,67,21,4,17,49,32,17,34,9,25,1,1,0,7,2,5,5,2,3
54771906,40,21,19,6,1,5,17,11,6,9,6,3,0,0,0,8,3,5,0,0,0
54773501,460,246,214,46,22,24,199,126,73,136,65,71,8,2,6,56,24,32,15,7,8
54773502,22,11,11,1,0,1,10,8,2,9,3,6,0,0,0,2,0,2,0,0,0
52982601,74,35,39,10,3,7,24,15,9,26,12,14,1,0,1,7,2,5,6,3,3
56114201,92,45,47,10,2,8,34,18,16,26,15,11,2,0,2,13,6,7,7,4,3
0268410,0,0,0,0,0,0,0,0,0,0,0,0,0,0,0,0,0,0,0,0,0
54776001,51,23,28,9,2,7,14,7,7,12,7,5,2,1,1,13,5,8,1,1,0
54776002,1234,611,623,284,128,156,384,227,157,346,160,186,17,4,13,151,62,89,52,30,22
54776004,23,14,9,4,3,1,4,3,1,10,6,4,0,0,0,5,2,3,0,0,0
54776005,47,25,22,9,4,5,13,8,5,21,10,11,0,0,0,2,1,1,2,2,0
54776006,18,9,9,2,0,2,5,3,2,6,5,1,0,0,0,5,1,4,0,0,0
54776007,69,35,34,10,5,5,24,15,9,18,9,9,1,0,1,10,3,7,6,3,3
54776009,45,24,21,9,5,4,22,11,11,11,7,4,0,0,0,2,1,1,1,0,1
54777802,713,351,362,99,37,62,281,166,115,209,87,122,13,3,10,65,34,31,46,24,22
54777804,68,32,36,12,5,7,26,12,14,18,9,9,1,0,1,4,1,3,7,5,2
54777805,28,13,15,4,0,4,10,6,4,10,5,5,2,1,1,2,1,1,0,0,0
54777806,50,25,25,8,2,6,15,9,6,14,7,7,1,1,0,8,3,5,4,3,1
59870401,118,61,57,17,9,8,38,23,15,41,19,22,1,0,1,10,3,7,11,7,4
56192401,30,17,13,3,1,2,10,7,3,13,7,6,0,0,0,3,1,2,1,1,0
56192403,38,18,20,5,2,3,16,9,7,9,6,3,2,1,1,4,0,4,2,0,2
56192404,32,14,18,3,1,2,11,8,3,6,2,4,1,0,1,8,3,5,3,0,3
56193201,102,55,47,11,5,6,43,25,18,35,18,17,2,1,1,8,4,4,3,2,1
56193202,22,13,9,2,2,0,12,6,6,4,2,2,0,0,0,2,1,1,2,2,0
56193203,32,16,16,3,0,3,16,10,6,7,3,4,0,0,0,5,2,3,1,1,0
56176201,79,44,35,16,9,7,25,18,7,27,13,14,1,0,1,10,4,6,0,0,0
55154601,60,33,27,6,3,3,25,16,9,16,8,8,1,0,1,11,5,6,1,1,0
52986901,22,14,8,2,0,2,10,7,3,6,4,2,0,0,0,3,2,1,1,1,0
52986902,25,13,12,4,0,4,12,8,4,5,3,2,0,0,0,2,1,1,2,1,1
56175401,45,22,23,7,3,4,18,11,7,14,7,7,0,0,0,5,1,4,1,0,1
54788301,90,44,46,9,3,6,31,19,12,34,16,18,1,0,1,11,5,6,4,1,3
56109601,67,33,34,15,5,10,27,17,10,17,9,8,2,0,2,4,1,3,2,1,1
54791301,1124,564,560,153,64,89,429,238,191,325,153,172,10,2,8,136,64,72,71,43,28
54791302,203,99,104,34,16,18,94,58,36,60,21,39,0,0,0,9,2,7,6,2,4
54791303,50,25,25,5,1,4,24,14,10,17,8,9,0,0,0,4,2,2,0,0,0
54791304,80,43,37,16,7,9,27,16,11,17,10,7,3,2,1,7,4,3,10,4,6
54791305,18,10,8,3,1,2,5,4,1,4,2,2,0,0,0,4,2,2,2,1,1
55158901,133,69,64,16,8,8,56,38,18,43,18,25,2,1,1,14,3,11,2,1,1
54793001,20,9,11,1,1,0,8,3,5,6,3,3,0,0,0,5,2,3,0,0,0
54793002,228,115,113,27,10,17,93,58,35,71,31,40,5,2,3,24,7,17,8,7,1
54794801,17,9,8,1,0,1,8,6,2,4,2,2,0,0,0,4,1,3,0,0,0
54794802,493,237,256,78,33,45,188,104,84,130,48,82,6,2,4,62,32,30,29,18,11
54795601,114,55,59,13,3,10,48,27,21,38,17,21,2,0,2,10,5,5,3,3,0
54795603,49,25,24,8,4,4,16,9,7,13,6,7,0,0,0,11,5,6,1,1,0
54799901,321,162,159,37,14,23,139,86,53,85,35,50,8,3,5,35,14,21,17,10,7
54799902,256,124,132,33,16,17,89,48,41,90,39,51,4,1,3,30,16,14,10,4,6
54799903,190,94,96,13,6,7,77,39,38,71,33,38,3,1,2,17,9,8,9,6,3
54799904,25,18,7,3,2,1,6,5,1,1,0,1,0,0,0,0,0,0,15,11,4
54799905,151,76,75,14,6,8,70,44,26,41,16,25,2,1,1,21,7,14,3,2,1
54799906,219,98,121,32,10,22,100,46,54,62,27,35,2,1,1,13,5,8,10,9,1
54799907,30,15,15,3,1,2,14,7,7,11,5,6,0,0,0,2,2,0,0,0,0
54799908,149,78,71,21,8,13,74,48,26,35,12,23,0,0,0,12,5,7,7,5,2
54799909,150,73,77,16,9,7,73,38,35,40,19,21,6,0,6,7,3,4,8,4,4
54799910,146,66,80,20,7,13,66,35,31,38,17,21,1,0,1,13,3,10,8,4,4
54799911,57,33,24,9,5,4,24,13,11,18,10,8,1,1,0,5,4,1,0,0,0
54799912,700,352,348,69,26,43,230,123,107,220,95,125,6,2,4,74,33,41,101,73,28
54799913,1637,800,837,203,92,111,519,292,227,534,243,291,39,13,26,275,125,150,67,35,32
54799915,463,225,238,30,9,21,145,91,54,183,81,102,9,3,6,80,31,49,16,10,6
54799916,20,14,6,0,0,0,5,4,1,8,7,1,2,2,0,5,1,4,0,0,0
54799917,919,442,477,90,43,47,318,176,142,318,129,189,13,3,10,154,74,80,26,17,9
54799919,161,79,82,12,4,8,53,29,24,48,18,30,5,0,5,28,18,10,15,10,5
54799920,2301,1121,1180,228,98,130,803,450,353,811,355,456,44,11,33,286,130,156,129,77,52
54799921,35,30,5,2,2,0,0,0,0,11,10,1,4,3,1,4,3,1,14,12,2
54799922,1069,502,567,128,44,84,321,183,138,348,152,196,25,11,14,166,69,97,81,43,38
54799923,47,23,24,8,2,6,20,12,8,13,4,9,1,1,0,3,3,0,2,1,1
54799924,109,45,64,22,6,16,36,14,22,31,15,16,1,0,1,12,5,7,7,5,2
54799925,37,18,19,2,0,2,10,8,2,10,3,7,0,0,0,7,4,3,8,3,5
56133901,34,16,18,3,1,2,14,8,6,11,6,5,0,0,0,5,1,4,1,0,1
56132101,73,38,35,16,9,7,31,19,12,19,8,11,0,0,0,5,2,3,2,0,2
56146101,31,16,15,4,1,3,13,8,5,8,3,5,0,0,0,6,4,2,0,0,0
54807301,62,35,27,5,1,4,27,18,9,18,11,7,1,0,1,7,4,3,4,1,3
54808101,650,333,317,92,36,56,245,156,89,201,97,104,12,4,8,75,26,49,25,14,11
54808102,22,12,10,1,0,1,6,4,2,9,4,5,0,0,0,6,4,2,0,0,0
54808103,95,50,45,12,6,6,58,31,27,13,9,4,1,0,1,9,4,5,2,0,2
54809001,27,17,10,2,2,0,13,8,5,9,5,4,0,0,0,3,2,1,0,0,0
54809002,15,7,8,1,0,1,6,3,3,6,4,2,1,0,1,1,0,1,0,0,0
54809003,237,126,111,22,13,9,102,60,42,66,31,35,4,1,3,27,11,16,16,10,6
54809004,30,17,13,0,0,0,15,10,5,10,3,7,0,0,0,4,3,1,1,1,0
54810301,205,103,102,25,10,15,102,58,44,60,27,33,1,0,1,12,3,9,5,5,0
54810302,15,7,8,0,0,0,2,2,0,5,2,3,0,0,0,4,1,3,4,2,2
1330012,0,0,0,0,0,0,0,0,0,0,0,0,0,0,0,0,0,0,0,0,0
3013610,0,0,0,0,0,0,0,0,0,0,0,0,0,0,0,0,0,0,0,0,0
54811101,60,29,31,13,4,9,20,13,7,17,8,9,2,2,0,4,2,2,4,0,4
54811102,72,38,34,19,9,10,28,20,8,14,4,10,0,0,0,6,1,5,5,4,1
54811104,122,66,56,14,3,11,53,37,16,36,17,19,4,0,4,11,7,4,4,2,2
54811105,49,27,22,10,4,6,27,19,8,10,4,6,0,0,0,1,0,1,1,0,1
54811107,52,29,23,11,4,7,22,15,7,9,4,5,0,0,0,4,2,2,6,4,2
54811108,941,480,461,122,56,66,351,204,147,272,122,150,12,2,10,130,61,69,54,35,19
54811111,1788,847,941,220,76,144,696,389,307,576,251,325,30,8,22,179,66,113,87,57,30
54812001,339,167,172,38,19,19,152,88,64,96,41,55,5,3,2,34,10,24,14,6,8
54814601,33,17,16,4,2,2,10,6,4,11,5,6,0,0,0,6,3,3,2,1,1
54814602,113,58,55,9,2,7,55,35,20,29,13,16,1,1,0,15,4,11,4,3,1
59871201,75,40,35,7,3,4,30,21,9,24,11,13,0,0,0,12,5,7,2,0,2
59871202,195,91,104,33,10,23,51,31,20,75,32,43,4,2,2,28,13,15,4,3,1
54816201,156,84,72,16,8,8,61,40,21,51,22,29,3,1,2,15,7,8,10,6,4
54817101,574,282,292,66,28,38,223,123,100,171,81,90,10,4,6,73,28,45,31,18,13
56137101,107,56,51,14,12,2,36,21,15,36,16,20,2,0,2,12,3,9,7,4,3
54820101,194,97,97,26,12,14,82,45,37,51,28,23,5,2,3,20,4,16,10,6,4
54821903,48,26,22,5,4,1,21,10,11,13,7,6,1,0,1,7,4,3,1,1,0
54821905,241,125,116,39,18,21,104,64,40,71,31,40,6,2,4,16,6,10,5,4,1
54822701,22,11,11,2,1,1,9,5,4,6,4,2,2,0,2,3,1,2,0,0,0
54822704,80,41,39,19,5,14,27,17,10,16,7,9,3,2,1,4,3,1,11,7,4
54822705,38,20,18,5,1,4,9,6,3,17,11,6,1,0,1,5,1,4,1,1,0
54823501,89,46,43,6,3,3,35,17,18,26,11,15,2,0,2,15,10,5,5,5,0
56204101,51,23,28,7,3,4,16,7,9,20,8,12,2,1,1,5,3,2,1,1,0
56128202,73,40,33,6,1,5,24,18,6,19,8,11,1,1,0,20,9,11,3,3,0
59872101,176,90,86,18,10,8,66,38,28,58,23,35,2,1,1,27,14,13,5,4,1
59872102,35,16,19,3,0,3,16,7,9,11,7,4,0,0,0,3,2,1,2,0,2
56110002,222,150,72,105,87,18,52,33,19,44,21,23,3,1,2,9,4,5,9,4,5
56110004,31,13,18,6,0,6,10,6,4,13,6,7,1,0,1,1,1,0,0,0,0
56126601,58,32,26,7,3,4,23,14,9,19,10,9,0,0,0,5,2,3,4,3,1
54833201,28,11,17,5,2,3,8,3,5,6,2,4,0,0,0,4,1,3,5,3,2
54833202,738,386,352,87,31,56,327,202,125,219,99,120,5,2,3,71,31,40,29,21,8
54833203,40,22,18,9,6,3,18,9,9,10,5,5,0,0,0,3,2,1,0,0,0
54833204,22,10,12,8,3,5,3,1,2,5,2,3,0,0,0,2,1,1,4,3,1
56134701,47,21,26,9,3,6,25,14,11,10,2,8,0,0,0,3,2,1,0,0,0
54836701,25,15,10,1,1,0,12,7,5,5,4,1,0,0,0,5,2,3,2,1,1
54836702,40,19,21,7,2,5,13,8,5,14,6,8,0,0,0,3,2,1,3,1,2
54836703,36,20,16,9,3,6,16,10,6,7,4,3,0,0,0,3,2,1,1,1,0
52983401,80,41,39,10,3,7,38,23,15,17,8,9,1,0,1,8,3,5,6,4,2
52983402,28,13,15,3,2,1,7,2,5,8,4,4,2,1,1,4,1,3,4,3,1
54838301,20,9,11,2,0,2,3,2,1,6,3,3,0,0,0,8,3,5,1,1,0
54838302,131,69,62,22,7,15,44,30,14,37,15,22,5,2,3,16,10,6,7,5,2
54838303,61,26,35,5,0,5,34,20,14,14,4,10,0,0,0,6,2,4,2,0,2
54839102,76,43,33,20,13,7,32,17,15,13,7,6,0,0,0,4,2,2,7,4,3
54839103,36,15,21,7,2,5,18,8,10,6,3,3,1,1,0,2,0,2,2,1,1
54839104,22,10,12,2,0,2,13,9,4,4,1,3,1,0,1,2,0,2,0,0,0
54839106,173,81,92,16,5,11,80,46,34,43,13,30,5,2,3,19,8,11,10,7,3
54839107,25,13,12,7,4,3,9,7,2,6,1,5,0,0,0,3,1,2,0,0,0
54840501,156,84,72,13,7,6,63,38,25,45,17,28,2,2,0,19,10,9,14,10,4
56181901,92,44,48,6,1,5,35,17,18,38,18,20,1,0,1,10,7,3,2,1,1
56117701,99,46,53,6,0,6,37,21,16,28,10,18,0,0,0,23,13,10,5,2,3
54845601,67,32,35,8,3,5,23,15,8,22,8,14,2,1,1,10,4,6,2,1,1
54845602,29,16,13,1,0,1,10,7,3,10,3,7,0,0,0,6,4,2,2,2,0
54845603,18,9,9,2,2,0,5,2,3,8,3,5,0,0,0,3,2,1,0,0,0
54845604,47,24,23,10,3,7,20,11,9,9,5,4,0,0,0,5,3,2,3,2,1
54845605,594,294,300,70,31,39,247,142,105,160,65,95,8,3,5,69,31,38,40,22,18
54845606,45,24,21,2,1,1,13,7,6,12,8,4,2,1,1,15,6,9,1,1,0
54845607,170,77,93,36,9,27,70,40,30,43,17,26,3,1,2,9,5,4,9,5,4
54846401,66,33,33,12,6,6,17,10,7,19,10,9,1,0,1,9,4,5,8,3,5
54846402,20,11,9,4,2,2,4,3,1,7,4,3,0,0,0,5,2,3,0,0,0
54846403,590,300,290,82,37,45,228,137,91,188,82,106,9,5,4,57,26,31,26,13,13
54846404,44,24,20,5,1,4,13,8,5,18,10,8,0,0,0,3,2,1,5,3,2
54846406,115,55,60,7,2,5,40,22,18,44,19,25,5,1,4,14,10,4,5,1,4
54847202,57,29,28,16,8,8,25,14,11,9,4,5,1,0,1,5,3,2,1,0,1
54847203,473,238,235,56,28,28,204,116,88,130,56,74,4,1,3,48,20,28,31,17,14
54847204,34,17,17,7,1,6,11,6,5,13,8,5,0,0,0,2,1,1,1,1,0
54847205,38,21,17,2,1,1,17,10,7,12,8,4,0,0,0,6,2,4,1,0,1
54847207,54,24,30,10,2,8,19,13,6,13,4,9,2,0,2,5,3,2,5,2,3
56196701,38,20,18,7,3,4,18,10,8,9,5,4,0,0,0,1,1,0,3,1,2
56196702,305,148,157,21,9,12,130,78,52,111,42,69,2,0,2,27,11,16,14,8,6
56196703,57,32,25,7,5,2,25,13,12,13,6,7,1,0,1,8,5,3,3,3,0
56196704,65,31,34,9,4,5,18,11,7,27,11,16,2,0,2,8,5,3,1,0,1
53769101,133,73,60,14,8,6,52,30,22,41,22,19,2,0,2,16,7,9,8,6,2
54850202,169,78,91,44,15,29,74,46,28,36,11,25,4,0,4,10,5,5,1,1,0
54850203,36,18,18,2,1,1,14,7,7,12,5,7,1,1,0,4,2,2,3,2,1
1172340,0,0,0,0,0,0,0,0,0,0,0,0,0,0,0,0,0,0,0,0,0
1172510,0,0,0,0,0,0,0,0,0,0,0,0,0,0,0,0,0,0,0,0,0
54851101,137,72,65,12,5,7,66,36,30,41,22,19,3,1,2,14,8,6,1,0,1
54851102,90,51,39,15,8,7,41,28,13,17,9,8,1,0,1,12,3,9,4,3,1
54851103,28,17,11,6,4,2,11,6,5,5,3,2,0,0,0,5,3,2,1,1,0
54851104,45,18,27,10,3,7,17,7,10,13,6,7,1,0,1,3,2,1,1,0,1
54851105,67,34,33,13,5,8,29,16,13,17,10,7,1,0,1,6,2,4,1,1,0
54851106,21,10,11,8,4,4,6,4,2,4,1,3,0,0,0,2,0,2,1,1,0
54851107,1432,696,736,181,74,107,493,287,206,470,215,255,32,12,20,177,59,118,79,49,30
54851108,53,30,23,10,2,8,21,16,5,16,8,8,0,0,0,0,0,0,6,4,2
54851109,592,280,312,80,27,53,205,122,83,187,87,100,9,2,7,85,33,52,26,9,17
54851111,37,15,22,4,1,3,17,9,8,11,4,7,0,0,0,1,0,1,4,1,3
54851113,1413,667,746,177,71,106,468,255,213,488,218,270,18,6,12,185,79,106,77,38,39
56191601,104,52,52,16,8,8,39,23,16,32,13,19,1,0,1,14,7,7,2,1,1
1007142,0,0,0,0,0,0,0,0,0,0,0,0,0,0,0,0,0,0,0,0,0
54749201,38,18,20,1,0,1,13,6,7,15,8,7,1,0,1,6,3,3,2,1,1
54749202,42,23,19,3,2,1,24,14,10,7,3,4,0,0,0,5,3,2,3,1,2
54749203,51,24,27,4,1,3,26,11,15,13,8,5,0,0,0,6,2,4,2,2,0
54749204,29,17,12,2,1,1,15,11,4,5,2,3,0,0,0,6,2,4,1,1,0
54749205,41,20,21,2,1,1,17,9,8,18,9,9,2,1,1,2,0,2,0,0,0
54749206,57,30,27,5,3,2,18,9,9,22,13,9,2,1,1,9,4,5,1,0,1
54749208,57,30,27,8,3,5,18,13,5,20,10,10,0,0,0,9,3,6,2,1,1
54749209,21,13,8,2,1,1,7,5,2,6,5,1,0,0,0,5,2,3,1,0,1
54749210,44,20,24,3,1,2,12,7,5,15,6,9,1,1,0,8,3,5,5,2,3
54749211,77,40,37,9,5,4,29,17,12,25,13,12,1,0,1,13,5,8,0,0,0
54749213,48,24,24,6,2,4,11,9,2,25,11,14,0,0,0,6,2,4,0,0,0
54749214,64,36,28,11,5,6,30,16,14,13,8,5,1,0,1,7,5,2,2,2,0
54749215,24,11,13,1,0,1,12,8,4,9,3,6,0,0,0,1,0,1,1,0,1
54749216,49,23,26,9,2,7,14,10,4,20,8,12,1,0,1,4,2,2,1,1,0
54749217,29,16,13,4,2,2,10,7,3,7,3,4,0,0,0,7,3,4,1,1,0
54749218,123,62,61,11,6,5,42,23,19,43,19,24,2,1,1,20,10,10,5,3,2
54749219,45,23,22,3,2,1,24,14,10,10,4,6,0,0,0,8,3,5,0,0,0
54749220,45,26,19,5,4,1,23,18,5,9,2,7,1,0,1,4,1,3,3,1,2
54749221,18,10,8,2,2,0,5,4,1,9,4,5,0,0,0,2,0,2,0,0,0
54749222,157,76,81,14,4,10,46,25,21,67,32,35,0,0,0,22,11,11,8,4,4
54749223,273,140,133,32,15,17,98,61,37,77,33,44,5,3,2,47,22,25,14,6,8
54749224,18,10,8,1,0,1,5,3,2,7,5,2,0,0,0,5,2,3,0,0,0
54749225,134,70,64,12,6,6,57,36,21,40,20,20,4,0,4,12,5,7,9,3,6
54749226,87,50,37,7,3,4,29,19,10,38,20,18,1,0,1,9,6,3,3,2,1
54749227,622,297,325,78,38,40,177,97,80,196,88,108,21,5,16,130,57,73,20,12,8
54749228,613,263,350,89,23,66,207,102,105,216,91,125,7,2,5,80,38,42,14,7,7
54749229,1088,529,559,107,48,59,299,166,133,441,198,243,12,6,6,212,101,111,17,10,7
54749230,435,255,180,44,24,20,117,75,42,116,63,53,2,1,1,46,21,25,110,71,39
54749232,26,10,16,2,0,2,7,3,4,11,5,6,1,0,1,3,1,2,2,1,1
54749233,32,17,15,4,3,1,9,5,4,11,6,5,0,0,0,7,2,5,1,1,0
54749234,276,148,128,26,12,14,95,57,38,79,43,36,14,8,6,38,13,25,24,15,9
54749235,374,192,182,53,27,26,63,35,28,116,59,57,10,3,7,119,63,56,13,5,8
54749236,1719,788,931,210,86,124,585,289,296,608,271,337,22,4,18,206,91,115,88,47,41
54749237,3891,1816,2075,359,147,212,1220,658,562,1453,642,811,68,22,46,633,264,369,158,83,75
54749239,1472,694,778,118,52,66,395,215,180,626,270,356,26,8,18,276,135,141,31,14,17
54749240,672,340,332,70,34,36,233,130,103,205,92,113,9,2,7,107,46,61,48,36,12
54749242,475,230,245,45,14,31,148,80,68,186,85,101,7,3,4,80,42,38,9,6,3
54854501,36,18,18,3,2,1,17,9,8,8,3,5,1,1,0,4,1,3,3,2,1
54854502,27,14,13,3,1,2,11,8,3,11,5,6,0,0,0,1,0,1,1,0,1
54856102,37,20,17,9,3,6,16,11,5,6,3,3,0,0,0,4,1,3,2,2,0
54856103,38,22,16,6,3,3,15,11,4,13,6,7,0,0,0,4,2,2,0,0,0
54856104,1996,959,1037,318,128,190,784,452,332,566,214,352,25,12,13,190,82,108,113,71,42
54856105,27,16,11,5,4,1,15,9,6,4,1,3,0,0,0,1,1,0,2,1,1
54856106,74,36,38,12,5,7,21,12,9,28,15,13,2,1,1,7,2,5,4,1,3
56143601,72,36,36,3,1,2,25,14,11,28,14,14,4,1,3,10,5,5,2,1,1
54860002,116,57,59,23,10,13,51,31,20,29,11,18,3,0,3,9,4,5,1,1,0
54860003,117,53,64,30,9,21,50,27,23,28,14,14,3,0,3,5,2,3,1,1,0
54860004,21,11,10,5,2,3,11,8,3,2,0,2,0,0,0,3,1,2,0,0,0
53782901,69,35,34,7,1,6,36,23,13,18,7,11,1,0,1,1,1,0,6,3,3
56194101,73,36,37,17,7,10,27,16,11,20,10,10,2,0,2,4,2,2,3,1,2
59875501,228,120,108,19,10,9,92,51,41,79,41,38,5,2,3,27,12,15,6,4,2
56178901,182,102,80,31,17,14,87,52,35,40,16,24,1,1,0,12,7,5,11,9,2
56127401,44,21,23,9,3,6,18,10,8,8,4,4,0,0,0,7,3,4,2,1,1
56200901,517,256,261,59,21,38,168,106,62,189,84,105,6,0,6,88,40,48,7,5,2
54871502,48,25,23,8,2,6,19,11,8,11,6,5,1,1,0,8,4,4,1,1,0
54871504,43,23,20,4,2,2,20,12,8,12,5,7,0,0,0,7,4,3,0,0,0
54871505,29,16,13,6,3,3,14,8,6,4,1,3,1,1,0,3,2,1,1,1,0
54873101,89,44,45,8,2,6,47,24,23,16,8,8,0,0,0,12,6,6,6,4,2
54873102,22,10,12,2,1,1,9,3,6,9,6,3,1,0,1,0,0,0,1,0,1
54874001,50,26,24,5,1,4,22,15,7,15,6,9,1,0,1,4,3,1,3,1,2
54874002,75,38,37,4,1,3,33,20,13,21,9,12,0,0,0,14,5,9,3,3,0
54876601,132,70,62,18,3,15,50,33,17,38,20,18,3,1,2,20,10,10,3,3,0
54877401,18,10,8,3,1,2,3,3,0,8,5,3,0,0,0,3,0,3,1,1,0
54877402,24,9,15,3,0,3,9,5,4,6,2,4,0,0,0,4,1,3,2,1,1
54877403,580,287,293,58,24,34,214,122,92,184,88,96,11,2,9,80,31,49,33,20,13
54877405,33,16,17,9,5,4,9,7,2,10,3,7,0,0,0,3,1,2,2,0,2
56184301,57,30,27,8,5,3,14,7,7,15,9,6,4,0,4,16,9,7,0,0,0
56145201,94,50,44,16,10,6,39,19,20,23,12,11,0,0,0,11,5,6,5,4,1
53759401,27,17,10,6,3,3,5,4,1,9,5,4,0,0,0,6,4,2,1,1,0
53759403,62,29,33,11,3,8,21,14,7,20,6,14,0,0,0,4,2,2,6,4,2
56148702,57,32,25,3,1,2,29,21,8,19,9,10,1,0,1,5,1,4,0,0,0
59876301,106,58,48,14,5,9,49,30,19,28,15,13,1,0,1,13,8,5,1,0,1
59877101,44,25,19,9,6,3,22,13,9,10,3,7,1,1,0,1,1,0,1,1,0
56135501,53,30,23,4,1,3,12,8,4,20,9,11,2,1,1,11,7,4,4,4,0
54893601,40,19,21,2,1,1,16,9,7,17,8,9,0,0,0,3,0,3,2,1,1
54893602,22,11,11,3,1,2,5,3,2,11,6,5,0,0,0,1,0,1,2,1,1
54893603,50,30,20,4,1,3,29,19,10,12,6,6,1,1,0,2,1,1,2,2,0
54893605,229,120,109,31,15,16,100,61,39,68,29,39,1,0,1,19,10,9,10,5,5
53760801,195,99,96,25,12,13,68,37,31,65,34,31,5,2,3,25,10,15,7,4,3
54898701,52,29,23,6,1,5,24,15,9,16,10,6,1,1,0,3,1,2,2,1,1
56203301,91,45,46,13,5,8,42,23,19,18,9,9,2,1,1,9,4,5,7,3,4
53773001,57,29,28,7,3,4,15,8,7,30,14,16,0,0,0,5,4,1,0,0,0
54900201,196,103,93,18,7,11,98,65,33,55,20,35,0,0,0,15,5,10,10,6,4
54901101,228,120,108,35,19,16,110,70,40,56,21,35,3,0,3,13,4,9,11,6,5
54904501,162,79,83,11,4,7,66,39,27,53,25,28,3,1,2,23,8,15,6,2,4
54905301,187,90,97,13,5,8,92,53,39,45,15,30,2,1,1,27,8,19,8,8,0
54906101,31,15,16,7,3,4,16,9,7,5,3,2,0,0,0,3,0,3,0,0,0
54906102,72,38,34,8,4,4,40,25,15,15,6,9,1,0,1,6,3,3,2,0,2
54912601,78,39,39,8,2,6,35,23,12,27,10,17,0,0,0,6,3,3,2,1,1
59923901,155,80,75,15,8,7,50,34,16,60,24,36,6,4,2,18,7,11,6,3,3
54913401,42,19,23,11,4,7,14,8,6,9,3,6,0,0,0,8,4,4,0,0,0
54913406,84,43,41,11,3,8,40,24,16,20,10,10,2,0,2,8,3,5,3,3,0
54914201,42,20,22,13,4,9,12,6,6,10,5,5,1,1,0,4,4,0,2,0,2
54914202,63,27,36,10,3,7,23,13,10,19,9,10,2,0,2,6,2,4,3,0,3
54914203,472,237,235,58,24,34,201,118,83,142,60,82,4,1,3,52,24,28,15,10,5
56177101,16,7,9,3,2,1,5,2,3,7,3,4,0,0,0,0,0,0,1,0,1
56179701,226,116,110,15,5,10,88,57,31,83,41,42,6,1,5,27,10,17,7,2,5
54917701,35,19,16,4,3,1,9,3,6,14,10,4,0,0,0,7,3,4,1,0,1
54917702,145,73,72,17,0,17,58,35,23,42,24,18,7,1,6,13,7,6,8,6,2
54917703,15,7,8,2,2,0,4,2,2,9,3,6,0,0,0,0,0,0,0,0,0
56197501,39,18,21,8,1,7,6,6,0,17,8,9,1,0,1,5,2,3,2,1,1
56197502,139,72,67,12,4,8,59,31,28,39,22,17,2,0,2,19,11,8,8,4,4
56136301,92,50,42,17,6,11,42,25,17,22,13,9,0,0,0,5,1,4,6,5,1
59866601,38,18,20,3,1,2,14,8,6,11,4,7,1,0,1,4,2,2,5,3,2
54921501,24,13,11,2,0,2,9,6,3,6,3,3,1,0,1,5,3,2,1,1,0
54921502,79,39,40,10,3,7,41,25,16,24,11,13,1,0,1,3,0,3,0,0,0
54921503,42,19,23,10,2,8,21,13,8,5,1,4,1,1,0,2,0,2,3,2,1
54921504,21,12,9,2,0,2,13,9,4,5,2,3,0,0,0,1,1,0,0,0,0
54921506,36,23,13,6,3,3,20,15,5,6,4,2,0,0,0,2,0,2,2,1,1
54921508,87,45,42,8,6,2,42,21,21,28,15,13,3,1,2,5,1,4,1,1,0
54921509,621,303,318,60,24,36,239,137,102,200,80,120,14,2,12,75,40,35,33,20,13
54921510,30,13,17,8,3,5,9,5,4,11,4,7,1,0,1,0,0,0,1,1,0
56190801,66,32,34,8,2,6,31,19,12,12,5,7,0,0,0,10,3,7,5,3,2
54923101,37,21,16,5,2,3,20,11,9,9,6,3,0,0,0,3,2,1,0,0,0
54923102,79,42,37,12,5,7,38,20,18,19,11,8,0,0,0,8,5,3,2,1,1
54923103,116,58,58,20,9,11,58,33,25,25,8,17,0,0,0,6,3,3,7,5,2
54923104,79,41,38,10,1,9,47,31,16,10,2,8,0,0,0,5,2,3,7,5,2
54923105,36,16,20,9,3,6,13,6,7,7,4,3,0,0,0,7,3,4,0,0,0
54923106,2053,1011,1042,268,105,163,843,453,390,575,271,304,29,17,12,145,63,82,193,102,91
59027401,113,58,55,19,7,12,42,27,15,28,14,14,3,1,2,14,6,8,7,3,4
59027402,46,24,22,7,1,6,21,13,8,11,7,4,2,0,2,4,2,2,1,1,0
59028201,104,48,56,19,7,12,43,25,18,28,10,18,0,0,0,11,4,7,3,2,1
59028202,62,25,37,19,3,16,31,18,13,8,4,4,0,0,0,3,0,3,1,0,1
54483301,77,40,37,18,8,10,36,24,12,12,3,9,1,0,1,6,3,3,4,2,2
59030401,110,60,50,10,6,4,44,26,18,39,22,17,1,0,1,13,6,7,3,0,3
59030402,42,20,22,8,4,4,21,12,9,11,4,7,0,0,0,2,0,2,0,0,0
59031201,184,96,88,18,7,11,92,55,37,48,23,25,4,0,4,16,6,10,6,5,1
59031202,45,24,21,14,6,8,19,14,5,7,2,5,0,0,0,1,0,1,4,2,2
59032101,313,162,151,48,20,28,146,83,63,88,41,47,1,0,1,23,13,10,7,5,2
55040001,109,51,58,22,5,17,41,25,16,30,14,16,3,1,2,5,2,3,8,4,4
59034701,44,21,23,2,0,2,21,14,7,10,3,7,1,0,1,6,4,2,4,0,4
59034702,80,41,39,12,4,8,38,23,15,16,7,9,0,0,0,13,6,7,1,1,0
59036301,200,101,99,28,7,21,75,49,26,65,29,36,4,1,3,21,12,9,7,3,4
59038001,565,279,286,55,22,33,220,124,96,177,89,88,13,3,10,83,31,52,17,10,7
59040101,57,26,31,10,4,6,30,18,12,13,4,9,2,0,2,2,0,2,0,0,0
59040102,44,24,20,12,5,7,19,12,7,9,6,3,0,0,0,4,1,3,0,0,0
59040103,799,408,391,96,45,51,323,188,135,234,115,119,9,2,7,109,44,65,28,14,14
59040104,42,21,21,5,1,4,17,8,9,10,8,2,2,0,2,4,3,1,4,1,3
59040105,50,23,27,9,6,3,19,11,8,17,5,12,0,0,0,5,1,4,0,0,0
59041001,287,144,143,59,23,36,119,68,51,74,37,37,1,0,1,28,11,17,6,5,1
59042801,78,43,35,8,2,6,42,27,15,15,9,6,2,0,2,9,5,4,2,0,2
59043601,428,204,224,68,20,48,184,106,78,126,56,70,6,1,5,32,15,17,12,6,6
59043602,21,11,10,1,0,1,13,7,6,5,2,3,0,0,0,0,0,0,2,2,0
55396401,145,78,67,22,10,12,75,45,30,27,13,14,0,0,0,11,4,7,10,6,4
59044401,240,111,129,34,8,26,94,53,41,71,33,38,5,0,5,25,12,13,11,5,6
59044402,22,12,10,1,0,1,13,7,6,6,3,3,0,0,0,2,2,0,0,0,0
59045201,246,125,121,40,16,24,103,72,31,71,25,46,2,0,2,24,9,15,6,3,3
59046101,151,72,79,17,6,11,66,38,28,47,22,25,1,0,1,15,3,12,5,3,2
59047901,172,82,90,25,7,18,69,38,31,49,21,28,0,0,0,20,11,9,9,5,4
59048701,111,58,53,19,5,14,62,38,24,14,5,9,0,0,0,6,4,2,10,6,4
59048702,85,49,36,9,3,6,35,21,14,32,19,13,0,0,0,4,3,1,5,3,2
59049501,164,82,82,22,7,15,61,35,26,50,23,27,2,0,2,20,11,9,9,6,3
59050901,162,81,81,16,5,11,69,39,30,45,20,25,1,0,1,20,10,10,11,7,4
59051701,466,235,231,62,27,35,201,115,86,130,54,76,3,2,1,41,20,21,29,17,12
59052501,94,45,49,15,1,14,41,27,14,27,11,16,1,0,1,8,5,3,2,1,1
59053301,101,50,51,17,5,12,50,30,20,23,11,12,1,0,1,8,3,5,2,1,1
59053302,237,123,114,35,10,25,104,67,37,63,30,33,2,1,1,21,8,13,12,7,5
58766401,118,65,53,22,10,12,50,31,19,32,15,17,0,0,0,12,7,5,2,2,0
59055001,333,159,174,43,14,29,156,90,66,79,38,41,10,1,9,37,13,24,8,3,5
59056801,270,137,133,50,21,29,110,60,50,81,40,41,1,0,1,19,11,8,9,5,4
1488490,0,0,0,0,0,0,0,0,0,0,0,0,0,0,0,0,0,0,0,0,0
1488570,0,0,0,0,0,0,0,0,0,0,0,0,0,0,0,0,0,0,0,0,0
59057601,702,361,341,71,30,41,285,162,123,215,105,110,8,1,7,99,44,55,24,19,5
59058401,464,244,220,55,29,26,215,119,96,129,63,66,2,0,2,44,19,25,19,14,5
59059201,257,129,128,37,14,23,125,78,47,60,23,37,2,0,2,20,7,13,13,7,6
59059202,40,24,16,3,1,2,12,9,3,13,6,7,0,0,0,9,6,3,3,2,1
59061401,156,78,78,22,4,18,65,38,27,38,21,17,1,0,1,23,10,13,7,5,2
59062201,248,128,120,34,9,25,103,64,39,62,32,30,7,0,7,34,20,14,8,3,5
59063101,111,56,55,12,5,7,65,38,27,25,11,14,0,0,0,8,1,7,1,1,0
55061201,43,19,24,6,2,4,15,6,9,15,7,8,1,0,1,6,4,2,0,0,0
59064901,221,117,104,23,7,16,98,62,36,69,36,33,7,2,5,18,6,12,6,4,2
59065701,65,31,34,9,4,5,18,11,7,20,9,11,0,0,0,13,7,6,5,0,5
59066501,58,28,30,10,3,7,27,15,12,13,6,7,1,1,0,7,3,4,0,0,0
59067301,1447,712,735,201,75,126,558,330,228,427,188,239,16,6,10,186,82,104,59,31,28
55063901,95,49,46,16,9,7,50,29,21,18,6,12,0,0,0,8,2,6,3,3,0
59069001,85,42,43,15,6,9,39,22,17,22,11,11,0,0,0,7,2,5,2,1,1
59070301,239,117,122,29,11,18,105,67,38,78,28,50,7,4,3,19,7,12,1,0,1
59071101,120,61,59,20,8,12,44,23,21,33,19,14,2,0,2,16,8,8,5,3,2
55047701,87,43,44,14,4,10,37,26,11,23,9,14,3,0,3,8,4,4,2,0,2
59074601,506,253,253,86,31,55,219,143,76,128,54,74,6,0,6,56,19,37,11,6,5
59075401,155,84,71,31,11,20,74,44,30,29,17,12,0,0,0,14,7,7,7,5,2
59075402,74,33,41,10,0,10,34,23,11,16,4,12,0,0,0,7,4,3,7,2,5
59075403,61,32,29,13,6,7,28,17,11,17,8,9,0,0,0,3,1,2,0,0,0
59075404,95,53,42,17,7,10,30,23,7,35,16,19,2,0,2,2,1,1,9,6,3
59075405,181,92,89,33,12,21,75,46,29,50,23,27,1,1,0,16,6,10,6,4,2
59075406,174,87,87,32,10,22,82,50,32,41,19,22,2,0,2,13,5,8,4,3,1
59075407,757,360,397,126,38,88,319,182,137,180,76,104,11,3,8,78,41,37,43,20,23
59075409,1116,537,579,166,72,94,417,232,185,326,137,189,14,3,11,140,69,71,53,24,29
59075411,383,186,197,63,23,40,145,86,59,118,48,70,7,2,5,40,19,21,10,8,2
59075412,304,156,148,51,26,25,107,65,42,76,27,49,1,0,1,28,12,16,41,26,15
59076201,154,79,75,16,4,12,84,50,34,32,14,18,0,0,0,16,7,9,6,4,2
3145520,0,0,0,0,0,0,0,0,0,0,0,0,0,0,0,0,0,0,0,0,0
3393180,0,0,0,0,0,0,0,0,0,0,0,0,0,0,0,0,0,0,0,0,0
59078901,71,34,37,11,3,8,30,20,10,14,5,9,0,0,0,8,4,4,8,2,6
59078902,69,34,35,15,4,11,30,20,10,13,4,9,2,1,1,7,4,3,2,1,1
59078903,435,203,232,50,21,29,154,87,67,142,58,84,8,2,6,61,24,37,20,11,9
59078904,368,187,181,55,23,32,148,85,63,104,53,51,4,0,4,38,18,20,19,8,11
59078906,470,235,235,53,22,31,195,113,82,149,71,78,4,1,3,56,24,32,13,4,9
59078907,1152,523,629,161,40,121,445,249,196,349,155,194,22,4,18,128,51,77,47,24,23
59078908,275,136,139,41,12,29,109,64,45,82,43,39,1,0,1,30,13,17,12,4,8
59078910,482,251,231,60,21,39,206,122,84,126,59,67,6,0,6,48,24,24,36,25,11
59079701,190,95,95,16,6,10,83,42,41,50,29,21,3,0,3,37,17,20,1,1,0
55059101,60,30,30,9,3,6,26,17,9,19,8,11,0,0,0,5,2,3,1,0,1
59080101,158,75,83,15,4,11,55,32,23,58,26,32,0,0,0,30,13,17,0,0,0
59080102,20,12,8,0,0,0,4,2,2,8,4,4,1,1,0,7,5,2,0,0,0
59081901,106,56,50,17,7,10,52,33,19,21,9,12,3,0,3,9,6,3,4,1,3
59082701,160,80,80,24,9,15,78,43,35,31,12,19,2,0,2,21,14,7,4,2,2
59083501,149,79,70,20,5,15,53,31,22,50,27,23,4,2,2,19,11,8,3,3,0
59085101,156,82,74,38,13,25,66,44,22,23,12,11,1,0,1,6,2,4,22,11,11
59085102,107,26,81,55,10,45,25,12,13,23,1,22,0,0,0,4,3,1,0,0,0
51064501,69,35,34,9,2,7,25,19,6,22,10,12,0,0,0,13,4,9,0,0,0
59086001,364,196,168,46,23,23,148,97,51,110,42,68,2,0,2,37,22,15,21,12,9
59087801,87,44,43,14,3,11,44,25,19,20,10,10,0,0,0,3,0,3,6,6,0
59088602,400,203,197,49,19,30,189,115,74,105,44,61,6,1,5,40,17,23,11,7,4
59089401,157,80,77,34,7,27,69,45,24,35,21,14,5,1,4,10,4,6,4,2,2
59090801,311,156,155,45,14,31,131,79,52,90,44,46,2,1,1,39,16,23,4,2,2
59091601,92,44,48,14,7,7,32,17,15,30,14,16,1,0,1,15,6,9,0,0,0
59091602,27,14,13,4,2,2,15,9,6,5,0,5,1,1,0,2,2,0,0,0,0
54530901,360,184,176,51,25,26,154,93,61,90,36,54,5,1,4,51,25,26,9,4,5
55071001,230,111,119,26,11,15,87,50,37,71,30,41,4,2,2,32,14,18,10,4,6
59094101,109,60,49,14,7,7,46,28,18,35,18,17,0,0,0,11,6,5,3,1,2
59094102,712,365,347,67,29,38,264,161,103,229,105,124,11,1,10,108,50,58,33,19,14
59095901,89,42,47,7,2,5,36,20,16,31,12,19,2,0,2,6,4,2,7,4,3
59095902,20,12,8,3,1,2,10,6,4,3,2,1,0,0,0,2,2,0,2,1,1
59096701,153,77,76,27,10,17,72,45,27,37,15,22,4,0,4,11,5,6,2,2,0
59097501,180,92,88,21,10,11,71,42,29,62,26,36,1,0,1,17,9,8,8,5,3
55030201,34,20,14,3,1,2,9,7,2,16,9,7,0,0,0,6,3,3,0,0,0
55030202,103,56,47,16,4,12,42,28,14,30,18,12,1,0,1,10,4,6,4,2,2
51055601,224,109,115,38,9,29,91,58,33,57,26,31,7,4,3,23,10,13,8,2,6
59098301,41,24,17,2,1,1,22,16,6,9,4,5,1,0,1,7,3,4,0,0,0
59098302,36,21,15,4,1,3,17,13,4,7,3,4,0,0,0,8,4,4,0,0,0
59099101,769,726,43,337,333,4,291,280,11,113,91,22,3,3,0,21,16,5,4,3,1
59100902,24,10,14,1,0,1,12,6,6,4,2,2,0,0,0,7,2,5,0,0,0
59100903,382,206,176,49,23,26,163,102,61,94,40,54,5,2,3,52,24,28,19,15,4
57348501,67,36,31,8,4,4,37,22,15,14,6,8,0,0,0,8,4,4,0,0,0
59102501,140,69,71,13,2,11,51,32,19,50,25,25,3,0,3,17,7,10,6,3,3
54487601,124,67,57,19,10,9,72,45,27,20,5,15,0,0,0,9,3,6,4,4,0
59104101,320,162,158,50,19,31,129,79,50,84,32,52,4,0,4,43,26,17,10,6,4
55050701,438,227,211,65,25,40,168,104,64,122,63,59,4,1,3,47,19,28,32,15,17
59106801,102,48,54,14,4,10,47,25,22,24,10,14,0,0,0,7,4,3,10,5,5
58760501,113,59,54,24,7,17,46,28,18,26,14,12,0,0,0,8,3,5,9,7,2
59109201,91,45,46,14,4,10,44,27,17,27,12,15,0,0,0,3,1,2,3,1,2
54495701,49,22,27,10,4,6,15,8,7,12,5,7,2,0,2,7,4,3,3,1,2
55056601,193,95,98,27,9,18,71,44,27,60,25,35,2,0,2,23,8,15,10,9,1
55056602,135,72,63,15,7,8,59,38,21,33,17,16,6,3,3,21,6,15,1,1,0
59111401,232,121,111,26,17,9,98,55,43,72,35,37,2,0,2,27,10,17,7,4,3
55038801,187,98,89,27,8,19,80,54,26,46,18,28,1,0,1,26,12,14,7,6,1
59112201,166,78,88,21,10,11,69,39,30,47,19,28,1,0,1,23,6,17,5,4,1
54503101,113,58,55,21,7,14,54,35,19,26,11,15,2,0,2,7,2,5,3,3,0
59114901,64,29,35,8,2,6,35,21,14,14,5,9,0,0,0,4,1,3,3,0,3
59115701,180,93,87,13,6,7,78,45,33,50,26,24,1,0,1,16,6,10,22,10,12
59116501,267,132,135,39,13,26,123,75,48,65,27,38,2,0,2,28,12,16,10,5,5
59116502,38,19,19,5,2,3,25,13,12,5,2,3,1,0,1,1,1,0,1,1,0
59117301,1113,554,559,146,57,89,464,256,208,325,154,171,13,4,9,116,55,61,49,28,21
0989810,0,0,0,0,0,0,0,0,0,0,0,0,0,0,0,0,0,0,0,0,0
3145790,0,0,0,0,0,0,0,0,0,0,0,0,0,0,0,0,0,0,0,0,0
3145950,0,0,0,0,0,0,0,0,0,0,0,0,0,0,0,0,0,0,0,0,0
59118101,88,42,46,14,5,9,34,20,14,23,11,12,2,1,1,11,4,7,4,1,3
59118102,32,16,16,8,2,6,20,10,10,4,4,0,0,0,0,0,0,0,0,0,0
59118103,147,78,69,27,10,17,72,49,23,29,13,16,2,0,2,15,5,10,2,1,1
59118104,100,52,48,16,8,8,50,32,18,22,8,14,2,1,1,5,1,4,5,2,3
59118105,101,47,54,20,8,12,47,28,19,18,3,15,2,0,2,13,8,5,1,0,1
59118106,1760,800,960,212,82,130,614,339,275,562,235,327,27,10,17,268,108,160,77,26,51
59118107,44,22,22,1,0,1,16,10,6,17,9,8,1,0,1,8,3,5,1,0,1
59118108,86,50,36,6,5,1,29,17,12,34,17,17,0,0,0,12,8,4,5,3,2
59118109,310,161,149,33,10,23,112,72,40,87,39,48,3,2,1,58,26,32,17,12,5
59118112,536,247,289,84,31,53,174,97,77,176,79,97,3,1,2,76,30,46,23,9,14
59118113,645,334,311,108,45,63,229,124,105,160,81,79,7,4,3,64,26,38,77,54,23
59118114,27,14,13,1,1,0,9,7,2,12,4,8,0,0,0,5,2,3,0,0,0
59118115,345,169,176,45,12,33,130,72,58,113,60,53,2,1,1,49,20,29,6,4,2
59118117,566,288,278,75,33,42,184,105,79,185,90,95,4,0,4,103,52,51,15,8,7
59118118,1245,595,650,165,50,115,459,269,190,405,190,215,25,3,22,147,57,90,44,26,18
59118119,20,9,11,1,0,1,10,7,3,5,1,4,0,0,0,4,1,3,0,0,0
59119001,630,295,335,138,45,93,240,142,98,159,71,88,14,3,11,62,26,36,17,8,9
55077901,147,76,71,22,6,16,72,42,30,35,21,14,1,0,1,15,6,9,2,1,1
3146330,0,0,0,0,0,0,0,0,0,0,0,0,0,0,0,0,0,0,0,0,0
3146410,0,0,0,0,0,0,0,0,0,0,0,0,0,0,0,0,0,0,0,0,0
3295500,0,0,0,0,0,0,0,0,0,0,0,0,0,0,0,0,0,0,0,0,0
3389580,0,0,0,0,0,0,0,0,0,0,0,0,0,0,0,0,0,0,0,0,0
3389660,0,0,0,0,0,0,0,0,0,0,0,0,0,0,0,0,0,0,0,0,0
59121101,62,28,34,7,2,5,22,13,9,20,8,12,1,0,1,9,5,4,3,0,3
59121102,47,23,24,6,1,5,26,15,11,7,2,5,0,0,0,4,3,1,4,2,2
59121103,91,46,45,11,6,5,37,20,17,25,13,12,1,0,1,12,5,7,5,2,3
59121104,403,203,200,44,21,23,167,95,72,110,53,57,7,1,6,64,29,35,11,4,7
59121105,655,311,344,65,21,44,170,82,88,246,122,124,9,2,7,152,78,74,13,6,7
59121106,370,186,184,38,19,19,138,63,75,96,43,53,1,0,1,57,36,21,40,25,15
59121107,1406,629,777,189,57,132,506,229,277,425,207,218,24,7,17,220,104,116,42,25,17
59121108,978,491,487,115,50,65,272,140,132,327,157,170,17,2,15,219,126,93,28,16,12
59122001,284,142,142,32,12,20,116,70,46,86,38,48,2,1,1,37,15,22,11,6,5
59123801,50,26,24,9,3,6,23,15,8,13,5,8,0,0,0,5,3,2,0,0,0
59124601,156,81,75,24,8,16,57,36,21,47,23,24,3,0,3,21,12,9,4,2,2
59124602,28,14,14,4,2,2,8,4,4,12,6,6,0,0,0,4,2,2,0,0,0
59125401,105,54,51,10,3,7,56,35,21,30,13,17,3,0,3,4,1,3,2,2,0
59125402,645,335,310,111,39,72,315,199,116,133,58,75,11,4,7,45,19,26,30,16,14
59126201,83,46,37,8,2,6,30,21,9,33,15,18,0,0,0,6,3,3,6,5,1
51098001,273,130,143,35,13,22,142,75,67,57,23,34,2,0,2,33,16,17,4,3,1
59128901,84,39,45,15,4,11,34,21,13,25,13,12,0,0,0,9,1,8,1,0,1
59129701,102,47,55,18,9,9,44,23,21,28,11,17,0,0,0,6,1,5,6,3,3
54693301,156,80,76,26,16,10,63,37,26,44,18,26,1,0,1,16,6,10,6,3,3
59130101,241,123,118,31,13,18,89,57,32,80,33,47,4,1,3,30,15,15,7,4,3
59130102,1427,695,732,192,73,119,570,317,253,427,199,228,21,4,17,170,79,91,47,23,24
59131901,617,301,316,86,31,55,286,174,112,165,60,105,8,1,7,48,22,26,24,13,11
59132701,146,77,69,30,13,17,68,41,27,36,20,16,2,0,2,7,1,6,3,2,1
59133501,133,77,56,12,4,8,38,23,15,50,26,24,10,8,2,13,8,5,10,8,2
55046901,137,76,61,26,13,13,66,42,24,33,16,17,0,0,0,4,0,4,8,5,3
59136001,339,172,167,48,22,26,148,90,58,103,41,62,4,0,4,27,13,14,9,6,3
59137801,106,55,51,12,6,6,32,23,9,39,17,22,3,0,3,18,8,10,2,1,1
55037001,101,51,50,20,8,12,45,23,22,26,15,11,0,0,0,10,5,5,0,0,0
59139401,284,137,147,46,8,38,119,76,43,73,29,44,1,0,1,37,19,18,8,5,3
59140801,58,29,29,16,7,9,29,15,14,9,4,5,1,1,0,2,1,1,1,1,0
59141601,16,8,8,1,0,1,9,6,3,4,1,3,0,0,0,2,1,1,0,0,0
59141602,119,60,59,17,5,12,49,32,17,29,12,17,3,0,3,17,9,8,4,2,2
59142401,62,31,31,9,3,6,27,18,9,17,8,9,1,0,1,7,2,5,1,0,1
59143201,36,17,19,6,1,5,18,12,6,11,4,7,0,0,0,1,0,1,0,0,0
59143202,538,269,269,106,45,61,214,127,87,145,64,81,6,1,5,44,20,24,23,12,11
59144101,111,56,55,24,7,17,50,32,18,25,12,13,3,0,3,7,3,4,2,2,0
59145901,653,325,328,99,41,58,247,156,91,207,82,125,10,0,10,72,36,36,18,10,8
54475201,210,103,107,49,18,31,92,53,39,43,19,24,1,0,1,13,6,7,12,7,5
59149102,125,65,60,21,13,8,52,32,20,36,14,22,1,1,0,12,5,7,3,0,3
59150501,325,159,166,41,10,31,160,91,69,76,39,37,2,0,2,41,15,26,5,4,1
59150502,62,31,31,7,5,2,19,11,8,21,7,14,0,0,0,12,7,5,3,1,2
51130701,100,49,51,19,5,14,47,31,16,22,6,16,2,1,1,8,5,3,2,1,1
59152101,73,38,35,15,6,9,29,14,15,18,10,8,1,1,0,7,4,3,3,3,0
55049301,113,56,57,17,7,10,53,29,24,26,12,14,0,0,0,10,3,7,7,5,2
59154801,260,133,127,46,18,28,107,65,42,62,25,37,2,1,1,31,15,16,12,9,3
59155601,68,36,32,8,3,5,22,14,8,24,15,9,1,1,0,11,2,9,2,1,1
59156401,137,74,63,16,6,10,68,47,21,32,16,16,0,0,0,15,2,13,6,3,3
54504001,93,47,46,14,2,12,46,24,22,19,13,6,1,0,1,5,2,3,8,6,2
59158101,422,222,200,55,19,36,160,99,61,138,66,72,2,0,2,51,29,22,16,9,7
59160201,102,54,48,21,7,14,43,27,16,25,12,13,1,0,1,10,6,4,2,2,0
59161101,689,354,335,100,29,71,284,185,99,202,95,107,16,2,14,68,30,38,19,13,6
0385390,0,0,0,0,0,0,0,0,0,0,0,0,0,0,0,0,0,0,0,0,0
59162901,870,440,430,121,42,79,360,207,153,266,136,130,7,1,6,92,39,53,24,15,9
59162902,65,33,32,5,0,5,35,19,16,13,8,5,0,0,0,6,2,4,6,4,2
59163701,543,270,273,54,23,31,203,111,92,177,87,90,8,3,5,88,38,50,13,8,5
59164501,365,180,185,48,14,34,159,95,64,103,47,56,7,1,6,31,14,17,17,9,8
51108101,206,102,104,24,7,17,93,54,39,54,25,29,3,0,3,24,9,15,8,7,1
59168801,186,97,89,41,11,30,83,56,27,38,16,22,1,1,0,16,9,7,7,4,3
59170001,49,25,24,4,1,3,22,12,10,12,6,6,1,0,1,8,5,3,2,1,1
59170002,53,26,27,5,3,2,20,12,8,19,7,12,1,0,1,7,3,4,1,1,0
59170003,117,57,60,16,8,8,37,20,17,43,19,24,0,0,0,16,6,10,5,4,1
54518001,160,81,79,36,8,28,69,43,26,32,15,17,1,0,1,5,3,2,17,12,5
59172601,204,104,100,24,3,21,94,58,36,59,32,27,3,2,1,19,7,12,5,2,3
59174201,67,28,39,11,2,9,25,14,11,23,9,14,0,0,0,7,3,4,1,0,1
59174202,140,73,67,24,11,13,52,31,21,41,20,21,1,0,1,20,10,10,2,1,1
59174203,1132,558,574,145,54,91,397,239,158,365,158,207,14,2,12,180,90,90,31,15,16
58746001,97,52,45,11,5,6,48,27,21,24,10,14,0,0,0,10,7,3,4,3,1
3398310,0,0,0,0,0,0,0,0,0,0,0,0,0,0,0,0,0,0,0,0,0
55487101,463,250,213,66,29,37,167,97,70,143,65,78,7,3,4,57,36,21,23,20,3
59176901,411,205,206,39,16,23,197,108,89,102,46,56,8,2,6,47,22,25,18,11,7
59176902,47,26,21,3,3,0,19,9,10,8,6,2,0,0,0,16,8,8,1,0,1
59177701,119,57,62,20,5,15,56,34,22,31,13,18,0,0,0,8,3,5,4,2,2
59178501,289,151,138,44,14,30,118,72,46,88,43,45,5,1,4,28,16,12,6,5,1
59179301,193,106,87,19,6,13,81,51,30,57,30,27,4,1,3,22,11,11,10,7,3
59180701,353,182,171,43,17,26,140,84,56,115,53,62,1,1,0,33,15,18,21,12,9
59180702,31,15,16,8,3,5,10,8,2,7,3,4,0,0,0,3,0,3,3,1,2
59181501,247,123,124,33,14,19,101,63,38,77,32,45,4,0,4,18,6,12,14,8,6
59182301,87,43,44,18,7,11,41,27,14,25,9,16,0,0,0,3,0,3,0,0,0
59184001,26,12,14,4,2,2,11,5,6,7,3,4,1,0,1,3,2,1,0,0,0
59184002,530,278,252,65,28,37,223,144,79,132,62,70,11,2,9,76,30,46,23,12,11
59185801,339,177,162,57,19,38,151,96,55,83,42,41,4,0,4,30,10,20,14,10,4
59186601,32,14,18,6,2,4,13,7,6,8,3,5,2,0,2,2,1,1,1,1,0
59186602,64,37,27,9,6,3,25,19,6,17,7,10,2,0,2,7,3,4,4,2,2
59186603,272,139,133,42,18,24,105,63,42,83,37,46,1,0,1,32,14,18,9,7,2
1697730,0,0,0,0,0,0,0,0,0,0,0,0,0,0,0,0,0,0,0,0,0
1698460,0,0,0,0,0,0,0,0,0,0,0,0,0,0,0,0,0,0,0,0,0
1699600,0,0,0,0,0,0,0,0,0,0,0,0,0,0,0,0,0,0,0,0,0
59026601,194,102,92,24,12,12,67,38,29,70,37,33,3,2,1,29,12,17,1,1,0
59026602,148,73,75,15,3,12,57,34,23,43,19,24,3,0,3,20,12,8,10,5,5
59026603,186,87,99,20,6,14,76,41,35,56,24,32,2,0,2,26,13,13,6,3,3
59026604,133,76,57,18,9,9,57,40,17,33,12,21,3,1,2,21,13,8,1,1,0
59026605,230,112,118,28,9,19,79,47,32,77,31,46,3,1,2,35,20,15,8,4,4
59026606,95,49,46,9,7,2,26,13,13,29,15,14,1,0,1,25,10,15,5,4,1
59026609,434,211,223,46,25,21,134,75,59,163,72,91,5,1,4,76,36,40,10,2,8
59026610,1443,660,783,210,75,135,581,294,287,401,176,225,19,7,12,164,74,90,68,34,34
59026611,22,12,10,3,0,3,3,2,1,9,5,4,0,0,0,5,4,1,2,1,1
59026612,866,433,433,89,41,48,239,138,101,302,139,163,17,2,15,193,97,96,26,16,10
59026613,1577,762,815,191,66,125,553,289,264,538,264,274,23,8,15,230,113,117,42,22,20
59026614,124,57,67,24,10,14,20,13,7,38,19,19,1,0,1,31,15,16,10,0,10
59026615,62,27,35,5,1,4,22,12,10,23,11,12,1,0,1,9,3,6,2,0,2
59026617,63,34,29,11,7,4,4,2,2,18,9,9,1,0,1,28,15,13,1,1,0
59026619,991,478,513,108,44,64,254,148,106,344,142,202,15,5,10,251,129,122,19,10,9
59026620,389,191,198,51,24,27,116,74,42,133,50,83,4,0,4,76,40,36,9,3,6
59026621,39,20,19,7,1,6,12,9,3,11,5,6,0,0,0,7,3,4,2,2,0
59026622,1262,594,668,127,47,80,360,210,150,455,195,260,17,5,12,272,125,147,31,12,19
59026624,261,125,136,20,9,11,74,44,30,104,43,61,6,2,4,50,22,28,7,5,2
59026625,99,51,48,12,7,5,11,5,6,41,22,19,0,0,0,33,16,17,2,1,1
59026626,1288,589,699,182,58,124,344,180,164,417,178,239,16,3,13,300,158,142,29,12,17
59026627,622,423,199,60,43,17,171,121,50,110,60,50,3,0,3,44,23,21,234,176,58
59026628,253,122,131,57,25,32,72,41,31,68,33,35,4,0,4,41,20,21,11,3,8
59026631,17,11,6,0,0,0,4,3,1,9,6,3,0,0,0,3,2,1,1,0,1
59026632,1151,572,579,149,62,87,358,204,154,418,206,212,17,4,13,178,81,97,31,15,16
59026633,242,94,148,85,16,69,95,47,48,52,28,24,0,0,0,7,1,6,3,2,1
59026634,112,55,57,14,5,9,31,18,13,31,13,18,6,2,4,25,14,11,5,3,2
59026635,1961,952,1009,199,84,115,710,373,337,701,326,375,26,8,18,274,134,140,51,27,24
59026636,3540,1694,1846,369,144,225,1118,600,518,1241,548,693,57,16,41,660,339,321,95,47,48
59026637,774,346,428,73,29,44,250,120,130,284,127,157,11,3,8,133,55,78,23,12,11
59026638,2889,1342,1547,317,123,194,1057,545,512,988,432,556,38,8,30,375,169,206,114,65,49
59026639,2226,1022,1204,263,93,170,719,377,342,755,311,444,27,7,20,405,205,200,57,29,28
59026641,192,94,98,31,11,20,53,27,26,57,28,29,3,1,2,38,22,16,10,5,5
59026642,489,250,239,83,36,47,142,96,46,149,67,82,11,1,10,85,40,45,19,10,9
59026643,3297,1479,1818,480,192,288,975,485,490,1077,447,630,50,13,37,612,291,321,103,51,52
59026645,269,138,131,49,24,25,81,49,32,84,37,47,3,0,3,36,17,19,16,11,5
59026646,834,388,446,102,47,55,191,89,102,273,129,144,19,3,16,224,106,118,25,14,11
59026647,163,87,76,21,13,8,52,29,23,52,26,26,3,0,3,30,16,14,5,3,2
59026648,171,87,84,16,5,11,74,45,29,59,26,33,1,0,1,17,9,8,4,2,2
59026649,101,55,46,11,4,7,37,25,12,26,12,14,3,2,1,24,12,12,0,0,0
55031101,85,42,43,9,4,5,35,19,16,24,9,15,2,1,1,7,4,3,8,5,3
58769901,97,48,49,14,7,7,34,16,18,29,15,14,2,1,1,8,4,4,10,5,5
59187401,639,315,324,78,27,51,215,134,81,208,91,117,11,3,8,107,49,58,20,11,9
58834201,164,85,79,34,15,19,84,50,34,30,14,16,3,1,2,11,4,7,2,1,1
51124201,334,166,168,34,14,20,123,73,50,114,55,59,7,1,6,49,21,28,7,2,5
59190401,56,27,29,7,4,3,24,12,12,15,8,7,0,0,0,6,2,4,4,1,3
59190402,164,84,80,25,11,14,89,53,36,28,10,18,2,0,2,12,5,7,8,5,3
59190403,764,396,368,99,39,60,317,190,127,220,109,111,15,4,11,80,34,46,33,20,13
59191201,109,56,53,19,4,15,42,26,16,31,19,12,1,0,1,13,6,7,3,1,2
59193901,119,63,56,19,13,6,39,17,22,40,22,18,1,0,1,18,11,7,2,0,2
59193902,586,301,285,71,28,43,227,130,97,203,95,108,7,3,4,58,29,29,20,16,4
59194701,47,26,21,10,5,5,20,15,5,12,4,8,0,0,0,5,2,3,0,0,0
59194703,64,34,30,3,0,3,13,9,4,33,16,17,2,1,1,10,5,5,3,3,0
59195501,105,58,47,17,9,8,31,18,13,41,21,20,0,0,0,15,9,6,1,1,0
59196301,19,9,10,3,1,2,9,6,3,6,1,5,0,0,0,0,0,0,1,1,0
59196302,77,43,34,13,4,9,33,20,13,17,12,5,0,0,0,8,5,3,6,2,4
59198001,174,90,84,30,8,22,90,58,32,39,14,25,1,1,0,10,8,2,4,1,3
59199801,154,81,73,15,3,12,79,49,30,36,13,23,1,0,1,11,7,4,12,9,3
59199802,133,68,65,24,9,15,58,37,21,34,16,18,1,0,1,10,1,9,6,5,1
59199803,128,73,55,25,11,14,51,35,16,36,16,20,0,0,0,11,7,4,5,4,1
59199804,797,393,404,114,47,67,333,204,129,223,92,131,5,1,4,86,31,55,36,18,18
59521701,111,54,57,16,4,12,44,28,16,31,11,20,4,1,3,10,6,4,6,4,2
59524101,154,74,80,25,11,14,67,36,31,35,16,19,4,0,4,19,9,10,4,2,2
59524102,74,38,36,11,3,8,37,24,13,22,9,13,1,0,1,2,1,1,1,1,0
59525001,204,104,100,32,10,22,99,64,35,45,18,27,4,2,2,22,8,14,2,2,0
59525002,68,32,36,8,0,8,31,20,11,20,11,9,1,0,1,5,1,4,3,0,3
59526801,444,222,222,63,24,39,175,109,66,129,64,65,18,2,16,50,18,32,9,5,4
59526802,272,141,131,25,7,18,108,70,38,88,42,46,6,1,5,33,14,19,12,7,5
59527601,207,106,101,28,10,18,100,59,41,53,26,27,3,0,3,17,6,11,6,5,1
59528401,228,125,103,25,6,19,107,69,38,62,34,28,3,0,3,29,14,15,2,2,0
59529201,742,377,365,81,26,55,316,198,118,217,87,130,15,8,7,91,43,48,22,15,7
59529202,162,86,76,24,10,14,75,47,28,45,22,23,2,0,2,9,3,6,7,4,3
59530601,165,84,81,21,8,13,68,42,26,41,18,23,3,0,3,24,10,14,8,6,2
59530602,41,20,21,4,2,2,17,8,9,9,5,4,0,0,0,11,5,6,0,0,0
59532201,138,66,72,16,4,12,57,31,26,43,20,23,4,0,4,10,5,5,8,6,2
59564101,317,151,166,44,14,30,122,71,51,79,36,43,5,3,2,48,13,35,19,14,5
59564102,42,24,18,6,2,4,16,12,4,11,6,5,1,0,1,6,3,3,2,1,1
59564103,270,131,139,35,9,26,112,68,44,78,32,46,6,1,5,30,16,14,9,5,4
59534901,129,68,61,16,8,8,65,39,26,17,6,11,0,0,0,14,4,10,17,11,6
59535701,133,65,68,18,8,10,57,33,24,32,12,20,3,0,3,18,10,8,5,2,3
59535702,19,9,10,1,1,0,9,3,6,5,2,3,0,0,0,4,3,1,0,0,0
59536501,18,7,11,2,0,2,12,5,7,2,1,1,0,0,0,1,1,0,1,0,1
59536502,222,111,111,33,15,18,79,50,29,80,33,47,4,1,3,24,10,14,2,2,0
59538101,131,70,61,18,8,10,46,30,16,41,17,24,2,1,1,11,6,5,13,8,5
59538102,18,11,7,3,0,3,7,6,1,2,1,1,1,1,0,2,1,1,3,2,1
59539001,148,72,76,19,5,14,59,35,24,45,19,26,3,1,2,20,10,10,2,2,0
59540301,140,70,70,7,1,6,67,40,27,45,20,25,3,1,2,9,4,5,9,4,5
0170270,0,0,0,0,0,0,0,0,0,0,0,0,0,0,0,0,0,0,0,0,0
59541101,67,38,29,6,4,2,26,16,10,25,11,14,0,0,0,8,6,2,2,1,1
59541102,73,35,38,21,8,13,13,7,6,24,13,11,0,0,0,15,7,8,0,0,0
59541103,98,51,47,15,5,10,38,24,14,29,16,13,2,1,1,13,5,8,1,0,1
59541104,243,125,118,31,16,15,78,47,31,86,36,50,8,1,7,31,20,11,9,5,4
59541105,27,13,14,3,2,1,3,2,1,5,2,3,0,0,0,14,6,8,2,1,1
59541106,85,42,43,12,5,7,33,16,17,24,12,12,1,1,0,10,5,5,5,3,2
59541107,58,26,32,13,4,9,17,10,7,15,7,8,1,0,1,12,5,7,0,0,0
59541108,94,49,45,16,9,7,35,21,14,30,13,17,2,0,2,7,3,4,4,3,1
59541109,50,27,23,5,2,3,28,15,13,10,7,3,1,1,0,6,2,4,0,0,0
59541110,164,86,78,17,8,9,58,37,21,57,27,30,2,1,1,24,10,14,6,3,3
59541111,87,41,46,14,5,9,34,20,14,33,13,20,0,0,0,6,3,3,0,0,0
59541112,33,16,17,1,0,1,15,9,6,10,3,7,2,1,1,5,3,2,0,0,0
59541113,788,375,413,107,41,66,362,188,174,210,98,112,12,3,9,68,28,40,29,17,12
59541114,1452,680,772,188,55,133,607,337,270,420,183,237,32,13,19,140,62,78,65,30,35
59541115,36,17,19,3,1,2,12,7,5,11,4,7,1,0,1,5,3,2,4,2,2
59541116,542,267,275,74,31,43,166,95,71,163,79,84,15,5,10,115,52,63,9,5,4
59541117,67,36,31,9,4,5,33,22,11,19,6,13,0,0,0,3,2,1,3,2,1
59541118,1059,489,570,182,72,110,461,256,205,279,104,175,12,2,10,85,35,50,40,20,20
59541119,581,279,302,70,21,49,221,130,91,173,74,99,20,5,15,84,41,43,13,8,5
59541120,100,52,48,9,3,6,44,25,19,30,15,15,4,2,2,12,6,6,1,1,0
59541122,707,389,318,76,31,45,225,134,91,184,83,101,11,1,10,105,56,49,106,84,22
59542001,65,33,32,11,5,6,31,20,11,18,7,11,1,0,1,4,1,3,0,0,0
59542002,64,34,30,5,3,2,20,12,8,23,13,10,2,1,1,12,4,8,2,1,1
58801601,79,43,36,10,3,7,33,23,10,17,8,9,3,2,1,9,4,5,7,3,4
59543801,207,106,101,36,16,20,100,61,39,41,16,25,0,0,0,14,7,7,16,6,10
59543802,38,23,15,9,7,2,12,7,5,12,6,6,0,0,0,5,3,2,0,0,0
59545401,442,223,219,61,21,40,182,114,68,114,52,62,22,7,15,48,20,28,15,9,6
59545402,34,18,16,7,1,6,10,7,3,10,6,4,0,0,0,7,4,3,0,0,0
59545403,75,41,34,13,4,9,31,19,12,18,14,4,3,0,3,9,4,5,1,0,1
59546202,120,62,58,15,7,8,38,21,17,47,25,22,4,1,3,13,6,7,3,2,1
59547101,208,103,105,31,14,17,76,47,29,52,20,32,10,1,9,31,15,16,8,6,2
59548901,272,143,129,36,12,24,105,60,45,72,44,28,7,4,3,44,18,26,8,5,3
59550101,367,179,188,39,16,23,157,103,54,110,35,75,7,1,6,46,19,27,8,5,3
59550102,32,15,17,6,3,3,8,2,6,11,5,6,0,0,0,4,3,1,3,2,1
59551901,127,60,67,19,4,15,54,31,23,30,15,15,3,1,2,13,4,9,8,5,3
59553501,498,259,239,77,27,50,209,122,87,121,62,59,8,1,7,40,17,23,43,30,13
59553502,34,17,17,5,2,3,19,11,8,8,4,4,1,0,1,1,0,1,0,0,0
59557801,283,148,135,33,11,22,122,71,51,78,36,42,7,3,4,27,17,10,16,10,6
59558601,971,475,496,111,42,69,293,163,130,333,159,174,14,5,9,191,93,98,29,13,16
59558602,205,101,104,28,13,15,71,40,31,66,29,37,2,0,2,29,13,16,9,6,3
59558603,82,35,47,12,2,10,25,13,12,25,13,12,3,3,0,17,4,13,0,0,0
0383342,0,0,0,0,0,0,0,0,0,0,0,0,0,0,0,0,0,0,0,0,0
59559401,656,328,328,91,35,56,276,167,109,181,77,104,9,2,7,71,32,39,28,15,13
59559402,59,33,26,9,5,4,25,16,9,11,5,6,0,0,0,9,4,5,5,3,2
59559403,69,32,37,14,4,10,23,14,9,24,10,14,0,0,0,7,3,4,1,1,0
59559405,297,149,148,47,15,32,142,82,60,76,37,39,7,1,6,21,11,10,4,3,1
59560801,19,10,9,5,3,2,4,4,0,7,2,5,0,0,0,3,1,2,0,0,0
59560802,157,82,75,21,12,9,66,39,27,42,19,23,2,0,2,17,6,11,9,6,3
59562401,130,67,63,21,10,11,46,24,22,32,19,13,3,1,2,18,9,9,10,4,6
59565901,150,80,70,17,8,9,73,44,29,35,19,16,2,0,2,9,2,7,14,7,7
59565902,14,6,8,3,2,1,7,2,5,3,1,2,1,1,0,0,0,0,0,0,0
59567501,71,34,37,7,3,4,26,20,6,30,8,22,0,0,0,8,3,5,0,0,0
59568301,62,35,27,8,4,4,32,19,13,13,9,4,2,1,1,6,2,4,1,0,1
59571301,145,76,69,21,11,10,60,35,25,43,19,24,1,0,1,10,4,6,10,7,3
59572101,173,88,85,21,6,15,86,47,39,46,24,22,3,2,1,16,9,7,1,0,1
59570501,35,18,17,5,1,4,13,7,6,10,7,3,0,0,0,3,2,1,4,1,3
59573001,275,139,136,40,16,24,117,72,45,75,33,42,4,2,2,36,15,21,3,1,2
59575601,483,251,232,60,23,37,188,110,78,160,80,80,7,2,5,57,29,28,11,7,4
59574801,93,48,45,6,3,3,37,22,15,28,11,17,4,2,2,15,8,7,3,2,1
0602322,0,0,0,0,0,0,0,0,0,0,0,0,0,0,0,0,0,0,0,0,0
59577201,167,84,83,21,9,12,70,45,25,56,21,35,2,1,1,13,5,8,5,3,2
59577202,554,274,280,87,34,53,206,112,94,169,79,90,6,2,4,68,33,35,18,14,4
59577203,92,41,51,8,1,7,41,19,22,27,15,12,5,1,4,10,4,6,1,1,0
59577204,52,28,24,5,1,4,29,20,9,12,4,8,0,0,0,6,3,3,0,0,0
59577205,75,42,33,6,3,3,36,24,12,23,11,12,3,1,2,6,2,4,1,1,0
59580201,240,124,116,39,12,27,84,55,29,65,30,35,4,2,2,26,11,15,22,14,8
59581101,149,77,72,32,16,16,62,35,27,37,16,21,1,0,1,5,4,1,12,6,6
59582901,128,70,58,12,6,6,43,26,17,39,24,15,2,2,0,17,6,11,15,6,9
59584501,90,48,42,9,2,7,23,15,8,36,19,17,3,2,1,13,7,6,6,3,3
59585301,127,70,57,10,4,6,55,30,25,39,21,18,2,0,2,15,12,3,6,3,3
59586101,26,15,11,6,3,3,14,9,5,6,3,3,0,0,0,0,0,0,0,0,0
59586102,137,74,63,14,4,10,52,32,20,44,19,25,3,2,1,21,14,7,3,3,0
59586103,41,24,17,7,3,4,18,12,6,11,6,5,0,0,0,3,2,1,2,1,1
59587001,91,45,46,16,4,12,39,29,10,29,10,19,0,0,0,7,2,5,0,0,0
59588801,149,75,74,15,5,10,66,39,27,40,15,25,0,0,0,14,6,8,14,10,4
59589601,83,40,43,16,10,6,36,17,19,19,8,11,2,0,2,7,3,4,3,2,1
59590001,216,112,104,30,11,19,83,48,35,66,36,30,5,1,4,23,11,12,9,5,4
58784201,287,144,143,29,12,17,103,63,40,90,38,52,3,1,2,47,19,28,15,11,4
59591801,65,32,33,4,0,4,29,16,13,15,9,6,2,0,2,13,6,7,2,1,1
59591802,233,113,120,38,15,23,94,55,39,53,19,34,5,2,3,34,17,17,9,5,4
59591803,19,8,11,1,0,1,7,4,3,2,1,1,1,0,1,8,3,5,0,0,0
59592601,25,12,13,4,1,3,12,9,3,6,2,4,0,0,0,3,0,3,0,0,0
59592602,1424,717,707,196,87,109,504,304,200,436,196,240,33,8,25,171,76,95,84,46,38
59595101,501,250,251,48,22,26,213,119,94,167,77,90,6,2,4,53,22,31,14,8,6
59596901,72,37,35,10,3,7,33,22,11,16,5,11,3,1,2,9,6,3,1,0,1
59596902,77,36,41,10,3,7,33,21,12,22,10,12,5,0,5,4,1,3,3,1,2
59597701,142,71,71,22,7,15,67,41,26,34,13,21,0,0,0,10,4,6,9,6,3
59600101,33,17,16,0,0,0,14,9,5,12,6,6,1,0,1,5,2,3,1,0,1
59601901,429,219,210,46,17,29,163,95,68,131,68,63,9,3,6,68,28,40,12,8,4
59601902,69,38,31,7,6,1,30,21,9,19,9,10,0,0,0,13,2,11,0,0,0
59603501,172,91,81,17,7,10,64,37,27,53,29,24,4,3,1,27,10,17,7,5,2
59605101,299,169,130,36,16,20,107,68,39,111,65,46,2,0,2,32,12,20,11,8,3
59605103,27,13,14,5,1,4,14,8,6,3,2,1,0,0,0,5,2,3,0,0,0
59606001,47,21,26,12,3,9,14,8,6,14,6,8,1,1,0,6,3,3,0,0,0
59608601,220,116,104,34,12,22,90,62,28,54,28,26,8,1,7,23,9,14,11,4,7
59609401,20,9,11,1,0,1,8,4,4,7,3,4,0,0,0,4,2,2,0,0,0
59609402,341,158,183,38,13,25,134,76,58,103,40,63,4,1,3,50,23,27,12,5,7
59610801,170,79,91,22,7,15,87,49,38,45,16,29,0,0,0,13,5,8,3,2,1
59611601,1535,775,760,198,67,131,572,349,223,483,233,250,16,7,9,199,81,118,67,38,29
59611602,113,62,51,16,9,7,53,35,18,22,7,15,0,0,0,10,3,7,12,8,4
58751601,137,64,73,25,5,20,60,39,21,35,11,24,3,1,2,6,2,4,8,6,2
54983501,45,23,22,7,4,3,21,11,10,10,6,4,0,0,0,6,1,5,1,1,0
58777001,63,36,27,12,6,6,29,16,13,15,8,7,1,1,0,3,3,0,3,2,1
59613201,103,54,49,14,5,9,45,29,16,27,8,19,2,1,1,10,8,2,5,3,2
59614101,534,239,295,66,19,47,216,119,97,161,67,94,13,3,10,67,22,45,11,9,2
59615901,24,14,10,1,1,0,14,9,5,6,3,3,0,0,0,2,0,2,1,1,0
59615902,19,11,8,2,1,1,11,7,4,5,2,3,0,0,0,1,1,0,0,0,0
59618301,21,12,9,4,0,4,10,9,1,5,3,2,0,0,0,2,0,2,0,0,0
59618302,249,120,129,34,9,25,109,65,44,67,33,34,5,1,4,25,7,18,9,5,4
59618303,21,10,11,6,3,3,6,5,1,6,0,6,0,0,0,1,0,1,2,2,0
59620501,131,65,66,26,10,16,62,36,26,27,12,15,2,0,2,13,7,6,1,0,1
59620502,600,294,306,75,26,49,252,154,98,186,76,110,8,2,6,65,28,37,14,8,6
59620503,35,20,15,4,3,1,15,9,6,12,7,5,0,0,0,4,1,3,0,0,0
59621301,132,63,69,18,6,12,53,33,20,42,17,25,2,0,2,11,4,7,6,3,3
59622101,506,259,247,84,38,46,185,114,71,155,79,76,9,4,5,58,17,41,15,7,8
58797401,258,128,130,27,14,13,96,57,39,83,34,49,4,1,3,44,19,25,4,3,1
59623001,145,77,68,14,6,8,58,37,21,45,21,24,4,1,3,21,11,10,3,1,2
59623002,196,105,91,26,15,11,88,57,31,43,17,26,9,1,8,22,9,13,8,6,2
59623003,205,109,96,28,11,17,61,39,22,74,40,34,6,2,4,29,13,16,7,4,3
59623004,384,189,195,50,18,32,195,118,77,98,39,59,12,1,11,25,10,15,4,3,1
59623005,199,106,93,20,9,11,89,57,32,67,29,38,2,0,2,17,8,9,4,3,1
59623006,173,92,81,21,13,8,77,43,34,53,28,25,5,2,3,11,4,7,6,2,4
59623007,172,81,91,23,10,13,73,38,35,55,23,32,3,1,2,13,7,6,5,2,3
59623008,25,11,14,5,2,3,8,5,3,7,3,4,1,0,1,3,1,2,1,0,1
59623009,359,182,177,34,16,18,166,92,74,99,46,53,11,1,10,38,19,19,11,8,3
59623010,928,449,479,126,46,80,284,170,114,290,123,167,25,10,15,174,81,93,29,19,10
59623011,579,263,316,71,21,50,192,115,77,176,70,106,14,2,12,105,47,58,21,8,13
59623012,156,78,78,17,6,11,56,34,22,51,23,28,2,1,1,27,12,15,3,2,1
59623013,89,42,47,10,1,9,20,11,9,27,13,14,6,3,3,26,14,12,0,0,0
59623015,325,150,175,37,13,24,104,59,45,121,56,65,6,0,6,54,21,33,3,1,2
59623016,17,10,7,0,0,0,8,6,2,5,2,3,0,0,0,4,2,2,0,0,0
59623017,593,304,289,83,34,49,157,85,72,159,73,86,14,2,12,111,52,59,69,58,11
59623018,656,304,352,65,27,38,224,123,101,227,96,131,13,3,10,105,45,60,22,10,12
59623019,299,145,154,32,12,20,61,41,20,113,42,71,5,0,5,84,47,37,4,3,1
59623020,160,73,87,16,5,11,15,9,6,41,17,24,3,2,1,83,39,44,2,1,1
59623022,683,336,347,83,34,49,200,117,83,222,103,119,14,1,13,158,79,79,6,2,4
59623023,70,38,32,7,5,2,31,18,13,12,6,6,3,2,1,9,4,5,8,3,5
59623026,689,336,353,63,29,34,201,119,82,243,105,138,12,3,9,151,69,82,19,11,8
59623027,941,447,494,151,67,84,327,177,150,273,109,164,18,4,14,128,64,64,44,26,18
59624801,198,101,97,16,2,14,68,44,24,66,36,30,3,0,3,33,15,18,12,4,8
59625601,1068,530,538,111,40,71,354,212,142,354,160,194,17,4,13,190,89,101,42,25,17
59626401,17,9,8,3,2,1,3,1,2,5,3,2,1,1,0,4,2,2,1,0,1
59626402,32,13,19,4,0,4,14,9,5,8,2,6,0,0,0,6,2,4,0,0,0
59627201,137,73,64,21,14,7,57,32,25,27,13,14,4,1,3,21,9,12,7,4,3
59628101,336,175,161,45,17,28,140,87,53,90,43,47,9,3,6,42,20,22,10,5,5
59632901,184,97,87,21,10,11,72,48,24,57,25,32,5,1,4,21,6,15,8,7,1
59632902,83,40,43,9,2,7,44,25,19,21,11,10,1,0,1,8,2,6,0,0,0
59633701,542,286,256,73,22,51,200,132,68,170,86,84,6,1,5,84,40,44,9,5,4
51141201,106,57,49,6,3,3,45,30,15,29,15,14,1,0,1,17,6,11,8,3,5
59634501,29,16,13,7,3,4,13,9,4,2,0,2,0,0,0,7,4,3,0,0,0
59634502,722,348,374,125,50,75,250,139,111,219,103,116,16,3,13,93,40,53,19,13,6
59635301,69,35,34,12,4,8,26,16,10,18,10,8,0,0,0,13,5,8,0,0,0
59636101,731,357,374,87,29,58,260,160,100,262,112,150,14,1,13,87,41,46,21,14,7
59636102,22,12,10,3,0,3,4,3,1,7,4,3,0,0,0,7,5,2,1,0,1
59637001,48,25,23,9,4,5,20,14,6,8,4,4,1,1,0,8,2,6,2,0,2
59637002,134,71,63,17,7,10,59,38,21,31,15,16,3,0,3,15,5,10,9,6,3
59637003,67,34,33,12,4,8,32,19,13,13,5,8,1,0,1,5,3,2,4,3,1
0932620,0,0,0,0,0,0,0,0,0,0,0,0,0,0,0,0,0,0,0,0,0
59638801,200,102,98,26,7,19,81,50,31,64,31,33,1,0,1,22,11,11,6,3,3
59639601,260,134,126,28,6,22,122,74,48,68,34,34,5,1,4,25,10,15,12,9,3
59641801,182,95,87,16,10,6,59,40,19,65,28,37,1,1,0,36,14,22,5,2,3
59641802,43,22,21,6,1,5,19,12,7,13,7,6,1,0,1,4,2,2,0,0,0
54991601,251,128,123,28,13,15,96,55,41,83,45,38,7,3,4,30,8,22,7,4,3
59643401,136,69,67,15,1,14,61,40,21,38,17,21,3,1,2,13,7,6,6,3,3
59644201,196,98,98,27,8,19,80,50,30,58,24,34,1,1,0,23,13,10,7,2,5
59645101,209,108,101,24,10,14,86,52,34,67,30,37,5,2,3,19,12,7,8,2,6
59646901,76,39,37,9,5,4,35,19,16,18,9,9,0,0,0,13,5,8,1,1,0
59647702,126,71,55,21,10,11,45,29,16,38,22,16,0,0,0,14,5,9,8,5,3
59648501,79,39,40,12,3,9,40,26,14,15,5,10,2,1,1,10,4,6,0,0,0
59648502,579,292,287,78,23,55,188,123,65,181,74,107,9,2,7,111,61,50,12,9,3
59649301,45,21,24,6,1,5,23,14,9,10,3,7,1,0,1,3,2,1,2,1,1
59649302,93,51,42,14,6,8,45,27,18,25,15,10,1,1,0,6,2,4,2,0,2
59649303,167,85,82,25,10,15,63,34,29,54,28,26,0,0,0,20,9,11,5,4,1
59650701,40,20,20,2,1,1,11,8,3,20,7,13,0,0,0,6,3,3,1,1,0
58805901,102,56,46,12,4,8,41,27,14,21,11,10,5,1,4,15,6,9,8,7,1
59651501,140,66,74,21,7,14,53,32,21,43,17,26,3,1,2,12,5,7,8,4,4
59652301,100,50,50,12,5,7,35,22,13,31,13,18,0,0,0,20,9,11,2,1,1
59653101,480,248,232,58,22,36,173,110,63,168,82,86,11,1,10,60,30,30,10,3,7
54992401,97,51,46,12,7,5,38,19,19,25,13,12,2,0,2,17,10,7,3,2,1
54992402,41,19,22,7,1,6,19,10,9,7,4,3,1,0,1,6,3,3,1,1,0
59654001,79,45,34,12,5,7,39,21,18,20,14,6,0,0,0,7,5,2,1,0,1
59655801,242,120,122,31,8,23,93,60,33,70,28,42,6,3,3,31,13,18,11,8,3
59656601,122,57,65,15,6,9,53,30,23,31,12,19,3,0,3,16,7,9,4,2,2
59657401,704,354,350,118,42,76,240,161,79,206,91,115,11,2,9,116,51,65,13,7,6
59657402,26,16,10,7,4,3,7,5,2,8,5,3,0,0,0,4,2,2,0,0,0
58773701,84,36,48,17,5,12,40,21,19,16,6,10,2,0,2,8,4,4,1,0,1
54994101,35,16,19,3,1,2,15,9,6,9,2,7,1,0,1,5,3,2,2,1,1
59660401,26,14,12,1,0,1,15,10,5,6,2,4,0,0,0,4,2,2,0,0,0
59660402,59,32,27,6,4,2,18,11,7,12,6,6,0,0,0,9,4,5,14,7,7
59661201,54,29,25,7,3,4,24,14,10,14,6,8,2,2,0,5,2,3,2,2,0
59661202,469,231,238,68,26,42,187,111,76,128,57,71,11,4,7,63,27,36,12,6,6
59663901,77,35,42,9,2,7,38,21,17,21,11,10,0,0,0,6,1,5,3,0,3
59664701,66,37,29,7,3,4,31,22,9,17,8,9,1,0,1,9,4,5,1,0,1
59664702,35,21,14,4,2,2,16,10,6,10,6,4,0,0,0,2,1,1,3,2,1
59664703,71,39,32,9,7,2,29,16,13,18,9,9,3,0,3,10,5,5,2,2,0
59664704,364,187,177,57,24,33,156,90,66,103,47,56,3,1,2,25,11,14,20,14,6
59664705,17,7,10,1,0,1,10,5,5,4,1,3,0,0,0,2,1,1,0,0,0
59665501,55,26,29,3,0,3,23,13,10,19,7,12,0,0,0,8,5,3,2,1,1
59665502,413,211,202,42,14,28,179,111,68,115,50,65,8,4,4,52,19,33,17,13,4
59665503,22,10,12,5,2,3,6,3,3,8,3,5,0,0,0,2,1,1,1,1,0
59665504,135,73,62,19,5,14,58,43,15,39,16,23,5,3,2,12,4,8,2,2,0
59666301,26,15,11,1,0,1,12,8,4,8,5,3,2,1,1,3,1,2,0,0,0
59666302,296,161,135,41,20,21,93,55,38,79,40,39,3,0,3,54,28,26,26,18,8
59667101,174,84,90,21,6,15,69,45,24,52,17,35,1,1,0,28,14,14,3,1,2
59668001,373,183,190,47,19,28,134,73,61,121,60,61,8,4,4,56,23,33,7,4,3
59670101,30,13,17,1,0,1,11,8,3,10,4,6,0,0,0,8,1,7,0,0,0
59670102,464,233,231,52,18,34,152,100,52,156,67,89,12,2,10,67,31,36,25,15,10
59670103,19,9,10,2,0,2,6,5,1,7,3,4,0,0,0,4,1,3,0,0,0
58823701,210,102,108,28,12,16,91,50,41,51,22,29,4,1,3,27,13,14,9,4,5
59671001,39,13,26,7,1,6,15,7,8,10,4,6,1,0,1,2,1,1,4,0,4
59671002,76,38,38,9,7,2,23,14,9,30,14,16,4,0,4,5,1,4,5,2,3
59671003,26,13,13,5,2,3,9,5,4,7,5,2,0,0,0,4,0,4,1,1,0
59672801,215,111,104,33,12,21,87,59,28,71,29,42,3,0,3,20,10,10,1,1,0
59673601,87,45,42,6,3,3,30,18,12,30,16,14,0,0,0,17,6,11,4,2,2
59674401,188,90,98,22,6,16,84,48,36,52,23,29,2,0,2,18,6,12,10,7,3
59675201,84,42,42,8,2,6,38,23,15,24,9,15,1,0,1,9,5,4,4,3,1
59675202,27,14,13,0,0,0,10,7,3,11,5,6,1,0,1,3,0,3,2,2,0
59676101,127,66,61,22,4,18,53,36,17,39,20,19,1,0,1,10,4,6,2,2,0
59678701,18,11,7,2,0,2,6,5,1,2,2,0,1,0,1,4,2,2,3,2,1
59678702,17,10,7,0,0,0,7,4,3,4,1,3,1,0,1,4,4,0,1,1,0
59678703,40,23,17,7,4,3,13,9,4,12,6,6,1,0,1,7,4,3,0,0,0
59678704,39,24,15,4,3,1,12,7,5,16,8,8,1,1,0,6,5,1,0,0,0
59678706,454,218,236,52,19,33,158,89,69,160,77,83,9,2,7,65,26,39,10,5,5
59678707,31,16,15,3,2,1,13,8,5,10,5,5,0,0,0,2,0,2,3,1,2
59679501,25,15,10,2,2,0,16,9,7,4,3,1,0,0,0,3,1,2,0,0,0
59680901,107,57,50,24,11,13,50,32,18,23,8,15,0,0,0,7,4,3,3,2,1
59681701,40,23,17,6,2,4,17,11,6,11,7,4,1,0,1,4,2,2,1,1,0
59681702,93,43,50,13,3,10,34,22,12,29,12,17,2,0,2,10,4,6,5,2,3
59681703,27,15,12,0,0,0,13,10,3,10,3,7,1,0,1,1,0,1,2,2,0
59681704,327,162,165,39,13,26,126,76,50,95,50,45,6,0,6,51,20,31,10,3,7
59682501,62,31,31,10,3,7,28,18,10,18,8,10,1,0,1,4,2,2,1,0,1
59682503,105,55,50,13,2,11,40,27,13,37,16,21,1,0,1,9,6,3,5,4,1
59682504,133,42,91,49,12,37,57,22,35,20,5,15,0,0,0,5,1,4,2,2,0
59682505,33,15,18,0,0,0,18,9,9,11,4,7,1,0,1,3,2,1,0,0,0
59682506,410,195,215,45,12,33,168,108,60,108,39,69,5,2,3,58,21,37,26,13,13
54988601,90,45,45,10,4,6,39,22,17,28,11,17,0,0,0,7,3,4,6,5,1
59683301,42,21,21,8,3,5,13,11,2,14,2,12,1,1,0,5,4,1,1,0,1
59683302,86,43,43,7,2,5,35,22,13,24,11,13,3,0,3,16,8,8,1,0,1
59684101,344,178,166,42,18,24,130,84,46,116,48,68,4,2,2,35,17,18,17,9,8
59684102,20,10,10,3,1,2,7,3,4,9,6,3,0,0,0,1,0,1,0,0,0
59685001,94,48,46,10,2,8,44,25,19,27,15,12,2,1,1,10,5,5,1,0,1
59686801,63,34,29,11,3,8,22,18,4,20,9,11,1,0,1,9,4,5,0,0,0
59686803,139,74,65,9,1,8,66,44,22,45,17,28,1,1,0,17,10,7,1,1,0
59686804,938,456,482,118,34,84,384,219,165,295,140,155,6,2,4,91,42,49,44,19,25
59687601,565,275,290,69,20,49,191,119,72,205,87,118,11,4,7,75,38,37,14,7,7
59688401,97,45,52,11,1,10,41,28,13,31,10,21,1,1,0,10,3,7,3,2,1
59688402,34,14,20,4,0,4,13,5,8,12,7,5,0,0,0,5,2,3,0,0,0
59688403,395,201,194,50,22,28,186,114,72,94,31,63,14,5,9,31,14,17,20,15,5
59688404,46,20,26,9,2,7,21,13,8,9,1,8,0,0,0,7,4,3,0,0,0
59183101,511,257,254,65,26,39,212,131,81,142,61,81,6,3,3,70,27,43,16,9,7
58775301,91,48,43,15,3,12,28,22,6,19,11,8,3,1,2,22,9,13,4,2,2
54995901,72,34,38,17,6,11,22,12,10,21,9,12,2,0,2,7,4,3,3,3,0
59690601,26,13,13,0,0,0,13,7,6,7,3,4,0,0,0,6,3,3,0,0,0
59690602,255,137,118,30,15,15,92,60,32,81,38,43,5,1,4,39,19,20,8,4,4
59691401,68,32,36,8,2,6,30,16,14,18,7,11,0,0,0,7,3,4,5,4,1
59691403,35,15,20,7,2,5,13,8,5,11,4,7,0,0,0,3,1,2,1,0,1
59691404,87,42,45,17,5,12,35,23,12,21,7,14,3,0,3,11,7,4,0,0,0
59691405,128,65,63,16,3,13,49,32,17,40,20,20,1,0,1,15,8,7,7,2,5
59691406,72,36,36,13,1,12,29,22,7,19,8,11,2,0,2,6,3,3,3,2,1
59692201,204,106,98,28,10,18,69,42,27,53,31,22,9,2,7,32,16,16,13,5,8
59693101,155,78,77,23,12,11,58,33,25,49,18,31,2,0,2,14,8,6,9,7,2
59694901,270,133,137,29,10,19,111,63,48,76,30,46,3,0,3,34,21,13,17,9,8
59695701,74,36,38,17,6,11,24,15,9,16,6,10,3,0,3,9,5,4,5,4,1
59695702,79,46,33,12,4,8,37,23,14,15,10,5,0,0,0,10,5,5,5,4,1
59695703,84,44,40,11,4,7,31,22,9,30,13,17,2,0,2,9,5,4,1,0,1
59695704,101,57,44,15,7,8,33,24,9,34,16,18,0,0,0,14,6,8,5,4,1
59695705,183,94,89,27,15,12,81,50,31,39,14,25,9,3,6,27,12,15,0,0,0
59695707,27,15,12,1,1,0,11,7,4,8,3,5,2,1,1,4,2,2,1,1,0
59696501,263,136,127,39,16,23,108,63,45,71,38,33,4,0,4,38,17,21,3,2,1
3149780,0,0,0,0,0,0,0,0,0,0,0,0,0,0,0,0,0,0,0,0,0
3181410,0,0,0,0,0,0,0,0,0,0,0,0,0,0,0,0,0,0,0,0,0
3296900,0,0,0,0,0,0,0,0,0,0,0,0,0,0,0,0,0,0,0,0,0
3394580,0,0,0,0,0,0,0,0,0,0,0,0,0,0,0,0,0,0,0,0,0
59697301,57,27,30,11,2,9,17,13,4,20,8,12,2,1,1,3,1,2,4,2,2
59697302,97,52,45,14,7,7,35,22,13,28,11,17,2,1,1,15,9,6,3,2,1
59697303,119,58,61,13,3,10,44,25,19,39,19,20,3,0,3,15,7,8,5,4,1
59697304,70,38,32,5,3,2,26,16,10,22,11,11,2,0,2,10,6,4,5,2,3
59697305,41,22,19,5,2,3,12,9,3,18,10,8,0,0,0,5,1,4,1,0,1
59697306,64,31,33,7,1,6,32,20,12,15,5,10,1,1,0,7,2,5,2,2,0
59697308,151,77,74,10,6,4,63,31,32,54,33,21,2,1,1,21,6,15,1,0,1
59697309,37,18,19,5,1,4,12,9,3,12,4,8,0,0,0,7,3,4,1,1,0
59697310,344,167,177,24,9,15,92,52,40,119,55,64,10,4,6,85,38,47,14,9,5
59697311,247,139,108,30,16,14,64,37,27,80,41,39,2,1,1,36,19,17,35,25,10
59697312,1855,884,971,176,64,112,634,345,289,621,278,343,25,6,19,312,145,167,87,46,41
59697313,419,209,210,49,23,26,118,64,54,146,70,76,6,1,5,94,46,48,6,5,1
59697315,717,346,371,91,35,56,237,141,96,222,101,121,13,2,11,129,56,73,25,11,14
59698101,55,26,29,13,4,9,23,12,11,13,8,5,0,0,0,4,1,3,2,1,1
59698102,874,442,432,103,46,57,318,177,141,288,134,154,21,7,14,111,58,53,33,20,13
59699001,106,57,49,20,8,12,48,28,20,23,15,8,4,1,3,2,1,1,9,4,5
3048590,0,0,0,0,0,0,0,0,0,0,0,0,0,0,0,0,0,0,0,0,0
59700701,134,67,67,28,10,18,38,27,11,45,18,27,3,1,2,14,8,6,6,3,3
59700702,96,50,46,16,9,7,40,24,16,26,12,14,2,0,2,12,5,7,0,0,0
59700703,74,38,36,9,3,6,30,18,12,18,8,10,3,3,0,13,5,8,1,1,0
59700704,63,32,31,14,6,8,26,17,9,15,7,8,1,0,1,6,2,4,1,0,1
59700705,203,100,103,19,5,14,84,57,27,61,26,35,5,1,4,28,7,21,6,4,2
59700706,41,16,25,6,0,6,10,5,5,12,4,8,0,0,0,13,7,6,0,0,0
59700707,443,233,210,49,20,29,174,113,61,152,69,83,9,4,5,48,20,28,11,7,4
59700708,220,118,102,34,18,16,82,52,30,75,33,42,1,0,1,23,12,11,5,3,2
59700709,681,334,347,96,35,61,184,105,79,233,124,109,20,6,14,117,46,71,31,18,13
59700710,21,10,11,2,2,0,8,4,4,6,2,4,1,0,1,3,1,2,1,1,0
59700711,2396,1106,1290,281,93,188,817,468,349,783,318,465,37,13,24,401,166,235,77,48,29
59700712,141,72,69,16,8,8,38,21,17,39,16,23,4,3,1,30,13,17,14,11,3
59700714,22,10,12,6,2,4,12,7,5,3,0,3,0,0,0,1,1,0,0,0,0
59700715,20,12,8,4,1,3,5,3,2,5,3,2,1,1,0,2,2,0,3,2,1
59700716,1266,587,679,197,73,124,430,239,191,404,176,228,13,5,8,201,85,116,21,9,12
59700717,402,194,208,44,21,23,144,76,68,128,62,66,8,1,7,69,28,41,9,6,3
59700718,78,42,36,7,3,4,34,24,10,18,9,9,1,0,1,15,4,11,3,2,1
59700719,904,444,460,120,52,68,307,173,134,249,99,150,11,5,6,129,50,79,88,65,23
59700720,1241,570,671,137,43,94,444,233,211,389,171,218,27,11,16,202,86,116,42,26,16
59700721,682,321,361,103,33,70,189,113,76,241,114,127,9,2,7,125,51,74,15,8,7
59700722,351,169,182,50,18,32,143,89,54,100,39,61,2,0,2,46,16,30,10,7,3
59700723,25,12,13,1,1,0,14,8,6,8,3,5,0,0,0,2,0,2,0,0,0
59700724,36,21,15,2,2,0,8,4,4,15,8,7,0,0,0,8,5,3,3,2,1
58789301,93,45,48,18,6,12,33,21,12,23,10,13,2,0,2,15,6,9,2,2,0
59701501,355,194,161,42,22,20,125,74,51,114,63,51,5,2,3,51,21,30,18,12,6
59703101,66,32,34,8,1,7,33,22,11,18,8,10,2,0,2,3,0,3,2,1,1
59703102,35,19,16,2,0,2,14,6,8,10,6,4,1,0,1,4,4,0,4,3,1
59703103,35,17,18,4,0,4,15,9,6,11,5,6,1,1,0,1,0,1,3,2,1
59704001,34,18,16,8,4,4,11,8,3,13,4,9,0,0,0,2,2,0,0,0,0
59704002,26,14,12,2,1,1,7,5,2,4,1,3,1,0,1,10,6,4,2,1,1
59704003,137,65,72,18,6,12,57,34,23,30,14,16,0,0,0,25,8,17,7,3,4
59705801,341,174,167,49,20,29,125,82,43,108,50,58,5,1,4,50,20,30,4,1,3
59705802,28,17,11,3,3,0,10,8,2,11,4,7,1,0,1,3,2,1,0,0,0
59706601,140,71,69,20,4,16,63,40,23,38,16,22,1,0,1,13,8,5,5,3,2
59707401,479,232,247,92,27,65,200,122,78,118,52,66,10,4,6,41,17,24,18,10,8
59707402,95,43,52,14,4,10,46,28,18,22,8,14,3,0,3,6,2,4,4,1,3
58786902,115,57,58,17,7,10,36,21,15,32,15,17,4,1,3,22,11,11,4,2,2
59708201,35,19,16,7,2,5,7,6,1,16,7,9,1,1,0,3,2,1,1,1,0
59708202,180,93,87,16,6,10,59,37,22,56,27,29,2,0,2,39,18,21,8,5,3
59709102,622,317,305,81,26,55,287,175,112,183,86,97,11,4,7,44,21,23,16,5,11
58833401,148,73,75,20,10,10,55,32,23,49,20,29,3,2,1,16,7,9,5,2,3
59711201,206,104,102,21,10,11,72,45,27,71,29,42,2,0,2,37,18,19,3,2,1
59712101,104,49,55,11,2,9,52,30,22,27,10,17,2,1,1,9,5,4,3,1,2
59713901,166,83,83,21,9,12,82,49,33,38,14,24,4,0,4,18,10,8,3,1,2
59714702,406,203,203,66,26,40,144,95,49,120,51,69,14,4,10,48,21,27,14,6,8
59715501,168,88,80,18,10,8,76,45,31,49,19,30,1,0,1,14,7,7,10,7,3
59715502,83,40,43,12,3,9,50,31,19,13,3,10,1,0,1,6,3,3,1,0,1
59715503,270,139,131,33,14,19,103,62,41,75,38,37,5,2,3,43,16,27,11,7,4
59716301,178,91,87,16,6,10,72,47,25,53,23,30,7,5,2,26,7,19,4,3,1
1953240,0,0,0,0,0,0,0,0,0,0,0,0,0,0,0,0,0,0,0,0,0
1953590,0,0,0,0,0,0,0,0,0,0,0,0,0,0,0,0,0,0,0,0,0
1954300,0,0,0,0,0,0,0,0,0,0,0,0,0,0,0,0,0,0,0,0,0
3149940,0,0,0,0,0,0,0,0,0,0,0,0,0,0,0,0,0,0,0,0,0
59520901,217,107,110,23,7,16,83,55,28,74,27,47,5,2,3,31,15,16,1,1,0
59520902,138,70,68,13,5,8,65,40,25,41,19,22,2,1,1,13,3,10,4,2,2
59520903,86,43,43,9,6,3,26,15,11,25,12,13,3,1,2,22,9,13,1,0,1
59520905,54,25,29,7,2,5,24,13,11,21,9,12,1,0,1,1,1,0,0,0,0
59520906,56,28,28,4,2,2,9,5,4,18,9,9,2,0,2,22,12,10,1,0,1
59520908,222,105,117,27,6,21,65,34,31,78,43,35,4,1,3,42,20,22,6,1,5
59520909,1768,811,957,212,77,135,570,295,275,656,278,378,33,12,21,259,122,137,38,27,11
59520910,495,262,233,52,17,35,114,78,36,175,92,83,17,6,11,118,58,60,19,11,8
59520913,30,16,14,5,3,2,10,6,4,11,4,7,0,0,0,4,3,1,0,0,0
59520914,23,11,12,3,0,3,4,4,0,9,4,5,0,0,0,7,3,4,0,0,0
59520915,304,229,75,30,23,7,75,57,18,40,29,11,2,1,1,6,4,2,151,115,36
59520916,498,277,221,62,43,19,116,72,44,191,94,97,12,7,5,105,53,52,12,8,4
59520917,58,38,20,3,2,1,29,19,10,19,12,7,0,0,0,6,4,2,1,1,0
59520918,18,10,8,11,6,5,3,2,1,1,1,0,0,0,0,3,1,2,0,0,0
59520919,144,74,70,19,4,15,45,28,17,48,25,23,6,3,3,13,7,6,13,7,6
59520920,1663,807,856,136,52,84,403,225,178,605,276,329,28,7,21,460,229,231,31,18,13
59520922,493,254,239,59,30,29,42,27,15,196,100,96,11,2,9,178,92,86,7,3,4
59520923,2269,1081,1188,366,153,213,848,434,414,674,312,362,44,20,24,236,108,128,101,54,47
59520924,1246,568,678,145,62,83,421,212,209,427,185,242,23,7,16,190,86,104,40,16,24
59520925,2244,1001,1243,225,63,162,701,367,334,827,345,482,41,13,28,376,173,203,74,40,34
59520926,1368,649,719,149,53,96,369,201,168,506,232,274,19,5,14,291,141,150,34,17,17
59520927,1185,573,612,114,42,72,287,163,124,478,210,268,18,4,14,275,147,128,13,7,6
59520928,2654,1243,1411,280,110,170,857,477,380,1018,425,593,41,11,30,391,185,206,67,35,32
58129102,1775,835,940,211,66,145,614,313,301,595,293,302,30,9,21,267,125,142,58,29,29
58129103,1500,741,759,206,77,129,542,309,233,434,197,237,16,3,13,192,85,107,110,70,40
58129104,246,127,119,22,8,14,66,38,28,71,37,34,3,3,0,73,34,39,11,7,4
58129105,185,96,89,35,17,18,60,34,26,47,20,27,4,1,3,27,16,11,12,8,4
58131301,198,102,96,20,7,13,63,37,26,71,39,32,4,0,4,26,12,14,14,7,7
58133001,90,43,47,18,7,11,37,19,18,22,9,13,0,0,0,12,7,5,1,1,0
58133002,428,216,212,49,18,31,182,123,59,119,41,78,6,2,4,63,29,34,9,3,6
3202420,0,0,0,0,0,0,0,0,0,0,0,0,0,0,0,0,0,0,0,0,0
3401620,0,0,0,0,0,0,0,0,0,0,0,0,0,0,0,0,0,0,0,0,0
58128301,487,240,247,65,23,42,130,83,47,180,86,94,6,2,4,100,43,57,6,3,3
58128302,366,180,186,42,14,28,129,70,59,123,61,62,7,1,6,58,31,27,7,3,4
58128303,495,233,262,41,12,29,127,66,61,179,76,103,11,0,11,121,69,52,16,10,6
58128304,364,183,181,53,13,40,115,75,40,114,55,59,1,0,1,69,32,37,12,8,4
58128305,98,46,52,16,5,11,19,9,10,36,16,20,1,0,1,25,15,10,1,1,0
58128306,111,58,53,11,5,6,27,19,8,38,14,24,4,2,2,25,13,12,6,5,1
58128308,30,17,13,4,2,2,9,6,3,8,2,6,0,0,0,7,5,2,2,2,0
58128309,185,92,93,28,9,19,52,31,21,70,34,36,5,1,4,29,16,13,1,1,0
58128310,381,195,186,48,21,27,114,62,52,120,62,58,4,0,4,83,41,42,12,9,3
58128311,272,144,128,11,9,2,38,26,12,100,49,51,2,2,0,111,52,59,10,6,4
58128312,54,29,25,7,3,4,16,12,4,16,6,10,1,1,0,13,7,6,1,0,1
58128315,174,88,86,30,12,18,70,38,32,41,22,19,4,0,4,23,14,9,6,2,4
58128316,426,201,225,33,12,21,126,72,54,172,74,98,7,2,5,81,41,40,7,0,7
58128319,46,31,15,5,3,2,11,10,1,18,8,10,1,0,1,8,7,1,3,3,0
58128321,2428,1171,1257,207,79,128,675,383,292,887,396,491,45,6,39,537,261,276,77,46,31
58128322,397,201,196,33,14,19,118,69,49,130,63,67,10,5,5,99,45,54,7,5,2
58128324,1069,515,554,125,47,78,304,167,137,338,163,175,18,4,14,254,117,137,30,17,13
58128325,1282,641,641,156,56,100,380,199,181,383,184,199,21,8,13,195,96,99,147,98,49
58128326,1174,514,660,156,40,116,290,142,148,411,170,241,17,0,17,273,146,127,27,16,11
58128327,1661,773,888,171,71,100,475,254,221,560,223,337,28,11,17,368,179,189,59,35,24
58128328,1551,679,872,236,71,165,584,285,299,426,197,229,25,7,18,198,78,120,82,41,41
58128330,2154,1011,1143,224,76,148,663,341,322,740,345,395,48,15,33,401,191,210,78,43,35
58128331,63,32,31,7,3,4,7,4,3,24,14,10,2,0,2,23,11,12,0,0,0
58128332,144,69,75,21,6,15,46,29,17,54,24,30,4,1,3,12,4,8,7,5,2
58128334,10,5,5,0,0,0,1,0,1,3,3,0,0,0,0,6,2,4,0,0,0
58128335,1330,652,678,120,42,78,382,223,159,495,233,262,27,7,20,264,129,135,42,18,24
58135601,370,160,210,51,18,33,163,79,84,99,38,61,8,2,6,43,18,25,6,5,1
58136401,1031,508,523,91,35,56,386,226,160,330,144,186,21,3,18,166,83,83,37,17,20
58137201,65,32,33,5,0,5,25,16,9,22,11,11,1,0,1,10,4,6,2,1,1
58137202,164,83,81,15,7,8,56,37,19,59,24,35,4,0,4,26,14,12,4,1,3
58137203,284,140,144,34,9,25,77,42,35,108,63,45,11,3,8,48,20,28,6,3,3
58137204,197,106,91,16,7,9,90,56,34,49,23,26,8,3,5,30,15,15,4,2,2
58137205,35,17,18,8,1,7,11,8,3,11,5,6,1,0,1,3,2,1,1,1,0
58137206,888,434,454,97,47,50,299,163,136,302,127,175,13,4,9,149,80,69,28,13,15
58137207,84,39,45,10,2,8,16,10,6,25,10,15,4,2,2,27,13,14,2,2,0
58137208,1442,641,801,229,81,148,426,223,203,460,197,263,33,9,24,249,110,139,45,21,24
58137209,367,179,188,50,23,27,113,66,47,120,50,70,6,2,4,69,32,37,9,6,3
58137210,284,134,150,27,12,15,103,57,46,100,40,60,6,2,4,37,17,20,11,6,5
58137211,2171,977,1194,200,71,129,581,318,263,755,313,442,78,26,52,442,192,250,115,57,58
58137212,870,460,410,107,48,59,280,170,110,247,111,136,21,10,11,110,47,63,105,74,31
58137213,249,123,126,22,8,14,68,38,30,92,44,48,2,0,2,56,26,30,9,7,2
58137214,1323,590,733,144,49,95,450,233,217,453,185,268,27,9,18,203,88,115,46,26,20
58137216,71,36,35,7,2,5,26,19,7,31,12,19,1,0,1,6,3,3,0,0,0
58137217,223,115,108,26,15,11,69,34,35,69,40,29,6,2,4,47,21,26,6,3,3
58137219,317,156,161,28,11,17,92,54,38,107,51,56,7,3,4,75,33,42,8,4,4
58137220,869,416,453,82,39,43,271,147,124,278,117,161,28,12,16,165,76,89,45,25,20
58137221,68,34,34,8,4,4,14,9,5,24,13,11,3,0,3,16,7,9,3,1,2
58138101,218,108,110,25,7,18,94,56,38,63,26,37,2,0,2,22,12,10,12,7,5
58138102,60,31,29,10,5,5,23,15,8,14,5,9,2,0,2,11,6,5,0,0,0
58144501,360,177,183,44,17,27,145,88,57,95,39,56,5,0,5,65,30,35,6,3,3
58145301,464,229,235,50,23,27,132,76,56,143,63,80,5,1,4,119,57,62,15,9,6
58146101,196,88,108,22,10,12,66,33,33,62,25,37,4,1,3,34,14,20,8,5,3
58147001,599,304,295,66,29,37,223,138,85,197,93,104,12,2,10,70,26,44,31,16,15
55416201,142,76,66,14,3,11,59,43,16,45,19,26,6,0,6,14,7,7,4,4,0
58149601,259,133,126,24,12,12,30,19,11,71,32,39,7,2,5,116,60,56,11,8,3
58149602,1508,704,804,193,70,123,508,276,232,477,193,284,38,11,27,239,123,116,53,31,22
58150001,304,159,145,49,25,24,114,73,41,93,42,51,7,1,6,32,14,18,9,4,5
58151801,139,67,72,17,3,14,69,40,29,27,15,12,3,0,3,18,8,10,5,1,4
58151802,61,32,29,5,2,3,27,14,13,14,6,8,0,0,0,6,3,3,9,7,2
58152601,107,56,51,17,5,12,45,24,21,34,20,14,0,0,0,9,6,3,2,1,1
58154201,892,474,418,86,29,57,319,195,124,282,138,144,19,3,16,143,77,66,43,32,11
58154202,183,101,82,27,11,16,84,57,27,43,21,22,3,0,3,22,9,13,4,3,1
58155101,1059,516,543,112,45,67,399,234,165,331,149,182,27,2,25,152,65,87,38,21,17
58156902,343,165,178,43,17,26,121,70,51,94,42,52,12,1,11,57,26,31,16,9,7
58159301,102,49,53,23,6,17,44,25,19,25,12,13,1,0,1,5,4,1,4,2,2
58161501,124,61,63,24,8,16,46,27,19,36,19,17,2,0,2,15,7,8,1,0,1
58163101,224,121,103,17,6,11,115,72,43,67,31,36,5,1,4,16,9,7,4,2,2
51369501,19,8,11,3,1,2,12,5,7,2,0,2,0,0,0,1,1,0,1,1,0
51369502,79,41,38,14,6,8,23,16,7,29,12,17,1,0,1,11,6,5,1,1,0
58153401,170,91,79,23,8,15,60,42,18,56,28,28,5,0,5,20,11,9,6,2,4
58166601,318,165,153,31,16,15,129,76,53,98,46,52,8,1,7,36,18,18,16,8,8
58168201,2295,1134,1161,239,92,147,776,440,336,749,345,404,35,6,29,422,211,211,74,40,34
58172101,42,25,17,4,2,2,19,11,8,12,9,3,0,0,0,7,3,4,0,0,0
58172102,94,53,41,11,8,3,48,29,19,26,12,14,2,0,2,4,3,1,3,1,2
58173901,688,333,355,70,23,47,247,148,99,226,98,128,16,2,14,100,45,55,29,17,12
58175501,284,152,132,41,19,22,112,68,44,85,43,42,4,0,4,30,14,16,12,8,4
58176301,732,364,368,79,21,58,266,149,117,232,114,118,20,3,17,115,65,50,20,12,8
58177101,93,47,46,14,4,10,39,25,14,25,13,12,6,0,6,9,5,4,0,0,0
58178001,336,166,170,29,8,21,85,48,37,116,59,57,6,3,3,79,35,44,21,13,8
58179801,122,65,57,18,6,12,64,42,22,26,10,16,0,0,0,9,4,5,5,3,2
58180101,28,14,14,3,1,2,13,9,4,8,3,5,1,0,1,3,1,2,0,0,0
58180102,386,192,194,40,13,27,164,96,68,108,48,60,7,1,6,38,20,18,29,14,15
58181001,161,83,78,23,10,13,72,42,30,34,15,19,3,0,3,17,7,10,12,9,3
58182801,732,354,378,91,34,57,216,115,101,241,108,133,14,4,10,145,78,67,25,15,10
58183601,148,79,69,26,6,20,59,38,21,39,26,13,1,0,1,19,8,11,4,1,3
58184401,49,25,24,4,1,3,14,10,4,14,5,9,2,1,1,15,8,7,0,0,0
58185201,152,75,77,22,6,16,46,28,18,51,24,27,4,2,2,25,13,12,4,2,2
58186101,225,110,115,29,6,23,94,57,37,67,33,34,5,1,4,19,8,11,11,5,6
58187901,52,27,25,8,3,5,22,12,10,10,6,4,0,0,0,11,6,5,1,0,1
58187902,1552,738,814,151,62,89,520,285,235,483,201,282,30,6,24,292,136,156,76,48,28
58187903,206,101,105,27,11,16,76,47,29,58,26,32,1,0,1,40,15,25,4,2,2
58187904,223,108,115,21,6,15,92,48,44,61,32,29,8,3,5,29,12,17,12,7,5
58187905,171,86,85,21,11,10,79,43,36,41,25,16,5,1,4,20,4,16,5,2,3
58187906,18,10,8,2,1,1,5,3,2,5,3,2,1,0,1,2,2,0,3,1,2
58188701,148,75,73,14,6,8,47,28,19,43,23,20,3,1,2,35,16,19,6,1,5
58190901,339,161,178,32,11,21,116,66,50,112,51,61,5,1,4,62,28,34,12,4,8
58191701,42,21,21,6,3,3,16,9,7,14,5,9,0,0,0,6,4,2,0,0,0
58191702,46,25,21,4,1,3,25,14,11,12,7,5,0,0,0,3,1,2,2,2,0
58191703,53,26,27,3,0,3,26,17,9,17,6,11,1,0,1,6,3,3,0,0,0
58191704,33,14,19,3,1,2,13,5,8,13,6,7,1,0,1,3,2,1,0,0,0
58191705,67,36,31,8,3,5,29,16,13,22,12,10,2,1,1,3,3,0,3,1,2
58191706,107,49,58,8,3,5,44,23,21,34,12,22,0,0,0,19,10,9,2,1,1
58191707,79,38,41,7,0,7,36,19,17,20,11,9,2,1,1,10,5,5,4,2,2
58191708,27,15,12,3,2,1,14,8,6,10,5,5,0,0,0,0,0,0,0,0,0
58191709,42,20,22,5,1,4,20,11,9,9,5,4,0,0,0,5,2,3,3,1,2
58191710,57,31,26,6,3,3,24,17,7,16,6,10,2,1,1,3,1,2,6,3,3
58191711,302,150,152,35,16,19,85,46,39,101,56,45,12,4,8,64,26,38,5,2,3
58191713,502,245,257,54,21,33,170,98,72,173,78,95,10,4,6,72,32,40,23,12,11
58191714,99,48,51,12,4,8,31,17,14,37,18,19,3,1,2,13,6,7,3,2,1
58191715,161,84,77,13,3,10,50,31,19,59,30,29,1,0,1,35,17,18,3,3,0
58191716,76,41,35,11,6,5,27,19,8,27,10,17,1,1,0,7,3,4,3,2,1
58191717,50,26,24,9,4,5,25,14,11,10,4,6,0,0,0,5,3,2,1,1,0
58191718,26,16,10,4,2,2,9,7,2,8,4,4,1,1,0,4,2,2,0,0,0
58191720,96,50,46,14,4,10,45,30,15,19,8,11,1,0,1,13,6,7,4,2,2
58191721,34,17,17,8,5,3,15,7,8,2,1,1,2,1,1,5,2,3,2,1,1
58191722,89,46,43,4,1,3,41,23,18,25,10,15,4,1,3,15,11,4,0,0,0
58191723,777,388,389,79,32,47,273,152,121,267,121,146,14,7,7,124,61,63,20,15,5
58191724,152,83,69,19,11,8,52,27,25,43,25,18,4,1,3,25,13,12,9,6,3
58191725,217,110,107,21,6,15,56,32,24,75,38,37,7,1,6,50,27,23,8,6,2
58191726,29,19,10,2,0,2,11,7,4,7,4,3,2,1,1,2,2,0,5,5,0
58191727,1613,734,879,210,78,132,546,261,285,532,246,286,28,10,18,221,95,126,76,44,32
58191729,83,46,37,14,7,7,38,22,16,22,11,11,1,1,0,6,3,3,2,2,0
58191730,16,7,9,1,1,0,2,1,1,7,2,5,0,0,0,4,1,3,2,2,0
58191732,314,158,156,28,12,16,126,71,55,101,45,56,7,4,3,46,23,23,6,3,3
58191733,385,202,183,50,17,33,128,81,47,101,45,56,6,1,5,47,24,23,53,34,19
58192501,353,180,173,39,15,24,144,80,64,105,55,50,4,0,4,52,24,28,9,6,3
58193301,114,60,54,24,10,14,45,32,13,35,16,19,2,0,2,8,2,6,0,0,0
58194101,34,17,17,6,3,3,10,5,5,14,8,6,1,0,1,3,1,2,0,0,0
58195001,903,440,463,122,37,85,357,197,160,255,131,124,22,6,16,105,44,61,42,25,17
58195002,42,21,21,8,3,5,13,6,7,14,8,6,0,0,0,5,4,1,2,0,2
58196801,1186,588,598,105,41,64,321,195,126,413,184,229,23,4,19,289,142,147,35,22,13
55387501,54,27,27,11,3,8,28,19,9,10,4,6,0,0,0,0,0,0,5,1,4
58199201,85,41,44,14,6,8,21,13,8,31,15,16,2,0,2,15,5,10,2,2,0
53100601,265,133,132,29,7,22,121,72,49,71,33,38,6,1,5,30,17,13,8,3,5
58201801,1544,760,784,162,59,103,492,275,217,508,245,263,24,6,18,306,152,154,52,23,29
58202601,39,22,17,3,1,2,26,16,10,6,2,4,0,0,0,2,1,1,2,2,0
58203401,134,67,67,15,5,10,56,35,21,41,13,28,4,0,4,13,11,2,5,3,2
58204201,76,35,41,11,1,10,33,20,13,20,9,11,1,0,1,5,2,3,6,3,3
58204202,79,40,39,5,2,3,48,24,24,15,12,3,3,0,3,5,0,5,3,2,1
58206901,146,75,71,22,10,12,53,30,23,49,23,26,0,0,0,19,10,9,3,2,1
58207701,144,70,74,13,2,11,71,42,29,39,15,24,0,0,0,10,5,5,11,6,5
58208501,370,193,177,57,17,40,172,109,63,87,41,46,6,0,6,35,14,21,13,12,1
58210701,178,82,96,32,8,24,69,39,30,52,26,26,5,1,4,18,7,11,2,1,1
58211501,36,21,15,7,4,3,12,9,3,4,3,1,1,0,1,10,3,7,2,2,0
58211502,238,116,122,16,5,11,97,53,44,72,32,40,4,2,2,40,18,22,9,6,3
58213101,474,247,227,45,17,28,171,104,67,169,86,83,10,4,6,70,31,39,9,5,4
58215801,1367,663,704,219,91,128,548,332,216,360,138,222,28,7,21,170,70,100,42,25,17
58216601,841,425,416,91,35,56,292,171,121,250,113,137,17,7,10,160,80,80,31,19,12
58218201,906,448,458,102,35,67,350,201,149,282,135,147,11,3,8,138,63,75,23,11,12
58219101,164,91,73,19,10,9,65,43,22,53,28,25,2,0,2,14,3,11,11,7,4
58219102,49,24,25,4,2,2,15,6,9,15,9,6,1,0,1,12,6,6,2,1,1
58220401,112,56,56,16,11,5,48,23,25,31,15,16,2,0,2,11,5,6,4,2,2
58221201,514,260,254,72,18,54,180,125,55,163,75,88,8,0,8,66,30,36,25,12,13
58222101,211,112,99,18,8,10,101,67,34,55,23,32,5,1,4,21,9,12,11,4,7
58223901,176,87,89,22,9,13,73,40,33,49,23,26,2,0,2,23,12,11,7,3,4
58223902,75,35,40,9,2,7,28,14,14,20,8,12,0,0,0,16,9,7,2,2,0
58223903,778,368,410,91,35,56,233,137,96,275,118,157,15,3,12,139,60,79,25,15,10
58223904,1994,985,1009,249,97,152,738,405,333,571,274,297,42,10,32,297,145,152,97,54,43
58224701,1101,548,553,111,40,71,414,237,177,331,156,175,18,5,13,175,76,99,52,34,18
51370901,99,43,56,18,7,11,38,22,16,31,12,19,2,0,2,9,2,7,1,0,1
58227101,430,218,212,47,16,31,197,129,68,115,42,73,9,1,8,50,22,28,12,8,4
58228001,114,58,56,16,6,10,51,29,22,31,15,16,2,0,2,11,6,5,3,2,1
58229801,790,406,384,109,46,63,254,159,95,290,134,156,13,3,10,109,54,55,15,10,5
58231001,461,247,214,50,17,33,205,122,83,141,74,67,9,2,7,43,21,22,13,11,2
58231002,60,29,31,7,1,6,26,14,12,22,13,9,0,0,0,5,1,4,0,0,0
58232801,450,225,225,75,20,55,159,106,53,141,68,73,15,1,14,52,27,25,8,3,5
58233601,501,243,258,50,19,31,175,101,74,170,69,101,11,4,7,66,32,34,29,18,11
58234401,29,12,17,2,0,2,13,8,5,8,2,6,0,0,0,1,0,1,5,2,3
58234402,66,32,34,8,1,7,21,14,7,26,12,14,3,1,2,6,2,4,2,2,0
58235201,783,378,405,114,34,80,252,140,112,243,121,122,18,5,13,125,61,64,31,17,14
55696301,510,263,247,60,29,31,172,108,64,185,89,96,8,1,7,67,23,44,18,13,5
58262001,51,23,28,5,3,2,21,10,11,15,5,10,0,0,0,3,2,1,7,3,4
58262002,45,24,21,6,3,3,19,11,8,15,7,8,1,0,1,4,3,1,0,0,0
58262003,43,21,22,2,0,2,17,8,9,15,8,7,1,0,1,7,4,3,1,1,0
58239501,393,196,197,49,19,30,156,92,64,116,48,68,4,0,4,47,24,23,21,13,8
58240901,321,153,168,20,6,14,148,82,66,103,49,54,11,2,9,32,14,18,7,0,7
58240902,32,15,17,5,1,4,13,10,3,9,2,7,0,0,0,2,1,1,3,1,2
58241701,143,69,74,18,10,8,61,30,31,39,20,19,3,0,3,14,4,10,8,5,3
58241702,86,38,48,12,1,11,30,19,11,27,12,15,1,0,1,12,3,9,4,3,1
58606401,192,103,89,20,9,11,77,48,29,60,28,32,3,0,3,25,15,10,7,3,4
58243301,339,170,169,46,17,29,70,46,24,129,62,67,4,2,2,77,39,38,13,4,9
58244101,87,42,45,8,6,2,39,20,19,28,12,16,1,0,1,9,4,5,2,0,2
58244102,1350,651,699,165,64,101,504,296,208,415,168,247,28,7,21,164,82,82,74,34,40
58246801,739,309,430,157,32,125,288,171,117,178,60,118,19,3,16,68,29,39,29,14,15
58247601,174,87,87,28,11,17,59,38,21,45,17,28,2,1,1,34,17,17,6,3,3
58247602,503,243,260,64,24,40,180,97,83,132,61,71,7,3,4,103,49,54,17,9,8
58248401,514,272,242,80,27,53,213,130,83,144,71,73,3,2,1,63,34,29,11,8,3
58248402,30,14,16,5,1,4,9,6,3,10,3,7,0,0,0,6,4,2,0,0,0
58249201,53,25,28,6,1,5,21,13,8,20,9,11,1,0,1,3,0,3,2,2,0
58249202,95,51,44,8,6,2,26,15,11,33,12,21,2,1,1,20,12,8,6,5,1
58250601,58,32,26,10,3,7,26,17,9,18,9,9,0,0,0,1,0,1,3,3,0
58253101,250,115,135,34,10,24,96,53,43,71,30,41,6,0,6,20,8,12,23,14,9
53469201,389,197,192,57,21,36,160,88,72,109,56,53,10,3,7,36,19,17,17,10,7
58255701,224,109,115,27,12,15,81,48,33,69,31,38,4,0,4,36,14,22,7,4,3
58257301,366,177,189,75,25,50,157,87,70,95,45,50,2,0,2,31,17,14,6,3,3
55388301,33,16,17,4,2,2,9,4,5,12,6,6,1,1,0,5,3,2,2,0,2
58258101,373,190,183,50,17,33,142,79,63,115,66,49,11,4,7,47,19,28,8,5,3
58259001,110,51,59,10,6,4,48,27,21,31,13,18,1,0,1,18,4,14,2,1,1
58259002,337,167,170,38,13,25,156,87,69,97,50,47,4,1,3,32,12,20,10,4,6
58260301,35,19,16,4,1,3,10,6,4,12,8,4,1,0,1,8,4,4,0,0,0
58260302,112,54,58,26,9,17,44,25,19,29,13,16,3,1,2,7,5,2,3,1,2
58260303,326,174,152,44,15,29,119,73,46,111,60,51,4,0,4,27,14,13,21,12,9
58260304,231,105,126,35,9,26,78,38,40,85,42,43,6,1,5,24,13,11,3,2,1
58261101,196,106,90,24,11,13,73,44,29,62,36,26,3,0,3,32,14,18,2,1,1
53082401,146,72,74,21,9,12,51,30,21,34,15,19,7,1,6,27,13,14,6,4,2
53082402,53,26,27,10,2,8,23,19,4,12,1,11,0,0,0,7,3,4,1,1,0
3131810,0,0,0,0,0,0,0,0,0,0,0,0,0,0,0,0,0,0,0,0,0
3131900,0,0,0,0,0,0,0,0,0,0,0,0,0,0,0,0,0,0,0,0,0
3132030,0,0,0,0,0,0,0,0,0,0,0,0,0,0,0,0,0,0,0,0,0
3132110,0,0,0,0,0,0,0,0,0,0,0,0,0,0,0,0,0,0,0,0,0
58264601,47,27,20,8,4,4,22,12,10,15,10,5,0,0,0,2,1,1,0,0,0
58264602,68,36,32,8,0,8,35,21,14,17,13,4,2,0,2,3,1,2,3,1,2
58264603,33,20,13,3,3,0,20,11,9,7,4,3,0,0,0,2,1,1,1,1,0
58264604,41,20,21,7,3,4,19,11,8,10,4,6,1,1,0,4,1,3,0,0,0
58264605,81,40,41,19,7,12,31,20,11,27,10,17,0,0,0,3,2,1,1,1,0
58264607,74,58,16,7,7,0,12,11,1,8,5,3,0,0,0,0,0,0,47,35,12
58264608,834,396,438,133,57,76,326,174,152,232,95,137,21,5,16,85,47,38,37,18,19
58264611,647,327,320,94,38,56,270,166,104,184,80,104,11,2,9,78,35,43,10,6,4
58264612,1123,574,549,237,132,105,445,240,205,274,122,152,28,8,20,86,44,42,53,28,25
1820280,0,0,0,0,0,0,0,0,0,0,0,0,0,0,0,0,0,0,0,0,0
58265401,257,134,123,23,5,18,99,60,39,66,34,32,0,0,0,53,26,27,16,9,7
58266201,220,111,109,20,10,10,86,51,35,56,23,33,11,3,8,44,22,22,3,2,1
58267101,442,210,232,62,21,41,181,107,74,135,58,77,8,2,6,45,18,27,11,4,7
58268901,323,162,161,33,10,23,95,55,40,117,58,59,6,1,5,64,31,33,8,7,1
58270101,171,79,92,26,10,16,68,34,34,50,20,30,2,1,1,14,7,7,11,7,4
58270102,462,235,227,64,20,44,195,115,80,132,70,62,11,2,9,43,17,26,17,11,6
58600501,121,58,63,15,6,9,57,32,25,29,13,16,0,0,0,12,3,9,8,4,4
58272701,171,85,86,14,5,9,71,40,31,51,27,24,3,1,2,24,7,17,8,5,3
58274301,322,158,164,33,11,22,139,76,63,96,44,52,4,0,4,31,16,15,19,11,8
58275101,623,302,321,73,27,46,266,157,109,175,74,101,11,1,10,63,24,39,35,19,16
58276001,203,107,96,21,8,13,48,30,18,82,43,39,8,2,6,42,22,20,2,2,0
58277801,62,26,36,5,1,4,16,8,8,23,8,15,2,1,1,16,8,8,0,0,0
55108201,1027,745,282,264,224,40,273,219,54,265,172,93,12,4,8,190,115,75,23,11,12
55108202,3176,1483,1693,306,108,198,875,445,430,1052,452,600,55,16,39,795,409,386,93,53,40
55108203,3910,1903,2007,303,130,173,873,494,379,1397,599,798,84,33,51,1153,588,565,100,59,41
55108204,29,16,13,3,2,1,4,2,2,14,8,6,0,0,0,7,3,4,1,1,0
55108205,3923,1749,2174,391,144,247,918,469,449,1330,527,803,57,17,40,1111,541,570,116,51,65
55108206,183,95,88,24,11,13,40,21,19,60,36,24,2,0,2,55,27,28,2,0,2
3039680,0,0,0,0,0,0,0,0,0,0,0,0,0,0,0,0,0,0,0,0,0
55132501,272,135,137,21,8,13,58,33,25,105,44,61,1,0,1,81,44,37,6,6,0
55132502,1869,899,970,204,65,139,572,329,243,620,273,347,26,12,14,398,200,198,49,20,29
0118780,0,0,0,0,0,0,0,0,0,0,0,0,0,0,0,0,0,0,0,0,0
55119801,3449,1622,1827,358,154,204,817,437,380,1129,463,666,72,24,48,982,498,484,91,46,45
55119802,32,18,14,2,1,1,11,7,4,11,5,6,2,1,1,5,3,2,1,1,0
55119803,597,306,291,36,20,16,36,22,14,145,74,71,8,3,5,362,183,179,10,4,6
55119804,596,301,295,53,28,25,140,79,61,207,94,113,14,5,9,171,87,84,11,8,3
55119805,244,133,111,29,17,12,66,37,29,77,37,40,6,3,3,55,32,23,11,7,4
55119807,1049,482,567,86,37,49,160,86,74,368,142,226,31,10,21,371,189,182,33,18,15
55119809,2291,1013,1278,198,64,134,519,240,279,796,327,469,39,9,30,655,333,322,84,40,44
55119810,37,19,18,3,1,2,3,3,0,9,5,4,1,0,1,20,9,11,1,1,0
55119811,1419,696,723,161,65,96,319,179,140,484,213,271,19,5,14,396,210,186,40,24,16
55119812,2896,1323,1573,232,93,139,605,317,288,997,387,610,50,15,35,947,477,470,65,34,31
55119813,94,49,45,6,5,1,11,5,6,35,19,16,4,2,2,37,17,20,1,1,0
55119814,1428,636,792,128,44,84,325,164,161,495,192,303,21,5,16,407,205,202,52,26,26
55119816,1488,690,798,118,51,67,132,73,59,448,186,262,35,15,20,731,356,375,24,9,15
55119817,4804,2186,2618,451,185,266,1231,645,586,1595,653,942,91,25,66,1272,601,671,164,77,87
55119818,144,74,70,16,5,11,32,21,11,50,30,20,1,0,1,33,13,20,12,5,7
0112910,0,0,0,0,0,0,0,0,0,0,0,0,0,0,0,0,0,0,0,0,0
55106601,1908,883,1025,224,92,132,541,274,267,673,290,383,27,4,23,374,184,190,69,39,30
55106602,415,253,162,81,60,21,84,58,26,94,50,44,21,3,18,64,34,30,71,48,23
55106603,1829,860,969,197,86,111,377,188,189,645,294,351,39,13,26,500,240,260,71,39,32
55106606,558,285,273,67,33,34,148,83,65,208,101,107,8,8,0,105,48,57,22,12,10
55106607,565,272,293,68,30,38,122,72,50,161,73,88,12,6,6,167,70,97,35,21,14
55106608,1799,864,935,198,96,102,408,219,189,620,285,335,43,11,32,464,214,250,66,39,27
55106609,31,21,10,5,3,2,3,3,0,10,6,4,0,0,0,4,2,2,9,7,2
3039760,0,0,0,0,0,0,0,0,0,0,0,0,0,0,0,0,0,0,0,0,0
55131701,2916,1441,1475,362,153,209,900,522,378,905,386,519,48,19,29,580,282,298,121,79,42
55131702,105,75,30,8,4,4,25,21,4,39,26,13,5,4,1,24,16,8,4,4,0
55137601,1526,750,776,139,64,75,213,140,73,455,180,275,11,2,9,673,350,323,35,14,21
55137602,63,32,31,4,1,3,21,10,11,20,13,7,3,2,1,10,3,7,5,3,2
55140601,928,443,485,91,35,56,148,93,55,290,111,179,10,4,6,361,183,178,28,17,11
0110370,0,0,0,0,0,0,0,0,0,0,0,0,0,0,0,0,0,0,0,0,0
55107401,34,19,15,2,1,1,9,6,3,15,7,8,0,0,0,8,5,3,0,0,0
55107402,598,324,274,59,32,27,140,79,61,197,109,88,19,8,11,141,64,77,42,32,10
55107403,35,26,9,5,3,2,14,12,2,12,8,4,0,0,0,0,0,0,4,3,1
55107404,106,53,53,5,3,2,17,10,7,37,14,23,1,0,1,45,25,20,1,1,0
55107405,189,122,67,27,13,14,28,22,6,74,46,28,10,7,3,20,13,7,30,21,9
55107406,710,343,367,104,42,62,203,121,82,217,89,128,23,5,18,143,73,70,20,13,7
55107407,1265,622,643,108,45,63,286,148,138,415,185,230,13,3,10,379,203,176,64,38,26
55107408,331,178,153,50,24,26,80,49,31,91,42,49,9,3,6,73,39,34,28,21,7
55107409,2357,1115,1242,292,125,167,656,331,325,786,348,438,46,14,32,429,215,214,148,82,66
55107410,27,19,8,5,2,3,6,5,1,7,3,4,0,0,0,1,1,0,8,8,0
55107411,311,162,149,24,9,15,67,42,25,100,46,54,3,1,2,94,51,43,23,13,10
55107412,36,18,18,5,1,4,10,5,5,14,8,6,0,0,0,6,3,3,1,1,0
55107413,295,152,143,32,13,19,76,40,36,90,47,43,6,2,4,81,40,41,10,10,0
55107414,504,264,240,73,33,40,162,107,55,155,61,94,6,2,4,89,49,40,19,12,7
55107415,235,118,117,20,7,13,58,32,26,74,36,38,2,0,2,74,40,34,7,3,4
55107416,487,242,245,56,21,35,123,71,52,150,73,77,5,2,3,120,54,66,33,21,12
55107417,259,142,117,39,22,17,73,46,27,83,44,39,4,0,4,49,25,24,11,5,6
55107418,156,95,61,6,1,5,15,9,6,70,44,26,9,5,4,39,25,14,17,11,6
0105700,0,0,0,0,0,0,0,0,0,0,0,0,0,0,0,0,0,0,0,0,0
55117101,66,43,23,6,3,3,11,8,3,7,3,4,4,1,3,21,14,7,17,14,3
55117102,1149,521,628,103,53,50,187,86,101,368,146,222,11,2,9,451,221,230,29,13,16
55117103,862,394,468,60,31,29,126,62,64,295,120,175,16,2,14,345,170,175,20,9,11
55117104,1464,712,752,142,65,77,309,164,145,475,204,271,26,12,14,471,245,226,41,22,19
55117105,108,53,55,8,4,4,22,12,10,33,13,20,0,0,0,43,22,21,2,2,0
55117106,139,64,75,11,4,7,21,13,8,51,22,29,1,0,1,52,24,28,3,1,2
0119410,0,0,0,0,0,0,0,0,0,0,0,0,0,0,0,0,0,0,0,0,0
0119590,0,0,0,0,0,0,0,0,0,0,0,0,0,0,0,0,0,0,0,0,0
55121002,734,359,375,76,28,48,146,80,66,224,99,125,10,2,8,266,146,120,12,4,8
55121003,59,33,26,7,4,3,22,14,8,19,8,11,0,0,0,8,4,4,3,3,0
55121004,128,61,67,10,3,7,29,16,13,46,21,25,2,2,0,36,15,21,5,4,1
55114701,4780,2222,2558,519,213,306,1232,654,578,1560,633,927,57,21,36,1263,618,645,149,83,66
55114702,5030,2326,2704,462,188,274,1164,592,572,1621,665,956,81,22,59,1556,776,780,146,83,63
55114704,428,214,214,49,19,30,105,57,48,143,68,75,6,3,3,117,61,56,8,6,2
55122801,1122,518,604,86,33,53,178,91,87,347,147,200,17,5,12,456,226,230,38,16,22
55122803,3333,1549,1784,277,112,165,573,281,292,1053,427,626,54,19,35,1271,644,627,105,66,39
55122804,1002,483,519,74,28,46,124,68,56,315,154,161,27,9,18,439,211,228,23,13,10
55122805,483,230,253,42,19,23,89,44,45,159,69,90,8,1,7,172,91,81,13,6,7
55122807,65,36,29,6,5,1,14,7,7,21,9,12,1,1,0,23,14,9,0,0,0
55122809,636,308,328,58,29,29,136,81,55,223,83,140,12,5,7,195,103,92,12,7,5
0113800,0,0,0,0,0,0,0,0,0,0,0,0,0,0,0,0,0,0,0,0,0
55100701,1365,654,711,83,34,49,232,101,131,527,225,302,19,7,12,457,258,199,47,29,18
55100702,1837,858,979,157,54,103,392,190,202,635,286,349,37,13,24,563,284,279,53,31,22
55100703,85,55,30,14,9,5,24,17,7,17,7,10,4,2,2,8,6,2,18,14,4
55100704,3741,1826,1915,308,130,178,543,262,281,1195,550,645,72,27,45,1508,788,720,115,69,46
55100705,2831,1387,1444,191,87,104,383,193,190,907,408,499,52,16,36,1209,632,577,89,51,38
55100706,1007,505,502,73,40,33,119,73,46,293,124,169,18,6,12,464,247,217,40,15,25
55100707,4108,1897,2211,399,153,246,869,420,449,1320,551,769,64,19,45,1315,669,646,141,85,56
55100708,794,387,407,75,32,43,158,89,69,232,95,137,18,7,11,297,156,141,14,8,6
55100709,41,35,6,2,1,1,21,19,2,13,11,2,0,0,0,2,1,1,3,3,0
55100710,932,585,347,28,9,19,91,45,46,385,259,126,11,4,7,373,241,132,44,27,17
55100711,1659,800,859,164,80,84,258,138,120,549,239,310,25,13,12,599,301,298,64,29,35
55100713,3220,1506,1714,227,84,143,446,212,234,1008,429,579,37,19,18,1406,706,700,96,56,40
55100714,393,198,195,41,17,24,74,44,30,125,55,70,4,1,3,133,72,61,16,9,7
55100715,1388,679,709,111,51,60,161,87,74,455,204,251,27,12,15,580,298,282,54,27,27
55100716,811,409,402,78,28,50,108,62,46,250,124,126,12,4,8,337,174,163,26,17,9
55100717,24,12,12,4,1,3,4,3,1,5,4,1,0,0,0,9,3,6,2,1,1
55100718,37,21,16,7,6,1,5,2,3,14,8,6,0,0,0,9,3,6,2,2,0
55100719,977,499,478,40,22,18,57,35,22,215,108,107,13,2,11,633,318,315,19,14,5
55100720,406,122,284,50,4,46,64,13,51,71,32,39,1,0,1,81,37,44,139,36,103
55100721,327,168,159,15,8,7,35,20,15,97,46,51,3,1,2,154,80,74,23,13,10
0124750,0,0,0,0,0,0,0,0,0,0,0,0,0,0,0,0,0,0,0,0,0
55128701,126,61,65,15,5,10,35,26,9,43,15,28,1,1,0,29,12,17,3,2,1
55128702,1567,752,815,165,72,93,384,219,165,577,244,333,21,7,14,390,196,194,30,14,16
55128703,1966,951,1015,202,93,109,470,259,211,673,298,375,36,7,29,539,275,264,46,19,27
55128704,540,276,264,60,36,24,155,91,64,174,72,102,11,2,9,132,71,61,8,4,4
55128706,4676,2255,2421,439,190,249,1165,624,541,1576,694,882,78,24,54,1266,636,630,152,87,65
55128707,77,30,47,7,3,4,17,6,11,25,10,15,1,0,1,27,11,16,0,0,0
55128708,1043,502,541,108,57,51,129,78,51,363,153,210,16,6,10,401,197,204,26,11,15
55128709,71,35,36,8,4,4,11,6,5,12,4,8,2,1,1,37,20,17,1,0,1
55128710,8727,4115,4612,858,354,504,2268,1208,1060,2983,1250,1733,175,53,122,2190,1110,1080,253,140,113
55128711,392,232,160,45,21,24,89,56,33,98,47,51,11,6,5,49,28,21,100,74,26
55128712,790,387,403,110,52,58,214,122,92,238,103,135,16,7,9,196,97,99,16,6,10
55128714,1726,839,887,135,70,65,323,185,138,573,242,331,33,16,17,596,295,301,66,31,35
0125720,0,0,0,0,0,0,0,0,0,0,0,0,0,0,0,0,0,0,0,0,0
55125201,740,371,369,83,37,46,140,74,66,211,108,103,17,2,15,276,140,136,13,10,3
55125202,89,43,46,34,15,19,12,8,4,12,8,4,1,0,1,2,1,1,28,11,17
55125203,661,313,348,53,20,33,160,89,71,223,100,123,13,4,9,187,85,102,25,15,10
55125204,195,107,88,27,14,13,60,30,30,51,29,22,4,2,2,40,23,17,13,9,4
55125205,141,69,72,22,4,18,39,25,14,48,21,27,4,2,2,27,16,11,1,1,0
55125206,963,460,503,103,39,64,248,144,104,311,146,165,19,3,16,238,104,134,44,24,20
55125207,1415,683,732,164,74,90,388,206,182,430,193,237,23,1,22,374,190,184,36,19,17
55125208,197,98,99,14,3,11,45,29,16,71,31,40,2,0,2,59,30,29,6,5,1
55125209,65,34,31,2,0,2,20,11,9,19,10,9,0,0,0,17,7,10,7,6,1
55125210,768,371,397,73,28,45,165,97,68,236,98,138,17,6,11,246,125,121,31,17,14
55123602,2315,1126,1189,174,99,75,199,112,87,647,284,363,43,12,31,1195,581,614,57,38,19
55123603,666,310,356,62,22,40,127,65,62,208,86,122,12,3,9,242,124,118,15,10,5
55123604,53,35,18,5,2,3,5,3,2,18,12,6,1,0,1,15,10,5,9,8,1
55123605,1842,857,985,179,74,105,388,194,194,606,253,353,34,11,23,590,303,287,45,22,23
3308170,0,0,0,0,0,0,0,0,0,0,0,0,0,0,0,0,0,0,0,0,0
55111201,889,453,436,67,38,29,149,81,68,354,165,189,12,6,6,285,150,135,22,13,9
55111202,5330,2518,2812,574,259,315,1105,550,555,1737,763,974,111,32,79,1648,824,824,155,90,65
55111203,2511,1172,1339,225,96,129,603,320,283,848,347,501,45,18,27,702,341,361,88,50,38
55142201,500,252,248,46,24,22,114,69,45,165,75,90,5,3,2,156,76,80,14,5,9
55124401,3064,1352,1712,338,120,218,730,371,359,1014,376,638,44,9,35,822,411,411,116,65,51
55124402,42,19,23,3,1,2,11,7,4,10,4,6,3,2,1,13,4,9,2,1,1
55124403,48,23,25,15,7,8,9,6,3,11,4,7,0,0,0,11,5,6,2,1,1
55124405,2081,965,1116,168,66,102,294,142,152,684,288,396,32,10,22,826,420,406,77,39,38
55124406,2634,1246,1388,193,92,101,412,208,204,914,382,532,48,21,27,1004,513,491,63,30,33
55124407,1479,723,756,138,66,72,281,161,120,522,217,305,28,10,18,485,255,230,25,14,11
55124408,1348,645,703,141,52,89,336,169,167,433,194,239,29,9,20,323,165,158,86,56,30
55124409,489,246,243,35,17,18,74,43,31,182,86,96,9,5,4,181,93,88,8,2,6
55124411,383,193,190,37,18,19,67,41,26,131,61,70,6,1,5,130,67,63,12,5,7
55124412,672,307,365,56,20,36,152,80,72,243,96,147,7,3,4,189,95,94,25,13,12
55124413,732,364,368,58,32,26,130,67,63,229,110,119,12,5,7,290,143,147,13,7,6
3132890,0,0,0,0,0,0,0,0,0,0,0,0,0,0,0,0,0,0,0,0,0
55103101,1628,787,841,128,66,62,259,148,111,542,229,313,26,8,18,626,317,309,47,19,28
55103102,1750,864,886,272,116,156,411,210,201,493,240,253,31,9,22,427,224,203,116,65,51
55103103,427,224,203,65,31,34,107,71,36,127,56,71,12,6,6,104,54,50,12,6,6
55103104,1985,1036,949,235,104,131,354,190,164,606,304,302,31,14,17,594,306,288,165,118,47
55103105,5375,2420,2955,491,182,309,1175,580,595,1802,751,1051,107,37,70,1513,714,799,287,156,131
55103106,2893,1321,1572,280,114,166,414,206,208,935,386,549,50,15,35,1101,539,562,113,61,52
55103107,410,197,213,53,24,29,99,59,40,125,55,70,5,3,2,119,52,67,9,4,5
55103108,3554,1564,1990,301,102,199,632,290,342,1212,492,720,77,27,50,1225,602,623,107,51,56
55103109,1442,659,783,114,46,68,290,138,152,509,208,301,28,6,22,464,240,224,37,21,16
55103110,2006,951,1055,174,80,94,300,165,135,565,223,342,36,7,29,874,452,422,57,24,33
55103111,1961,866,1095,185,69,116,445,211,234,668,266,402,34,10,24,558,274,284,71,36,35
55103112,1889,887,1002,161,67,94,308,158,150,613,252,361,29,14,15,725,370,355,53,26,27
55103113,2763,1295,1468,210,84,126,491,240,251,947,413,534,48,17,31,983,492,491,84,49,35
55103114,3779,1778,2001,313,131,182,666,356,310,1226,532,694,75,21,54,1382,674,708,117,64,53
55103115,2104,996,1108,194,80,114,372,187,185,638,301,337,42,14,28,772,362,410,86,52,34
55103116,988,466,522,78,35,43,145,75,70,304,120,184,17,9,8,416,210,206,28,17,11
55103117,1672,808,864,109,41,68,194,93,101,522,236,286,38,14,24,742,381,361,67,43,24
55103118,49,48,1,1,0,1,1,1,0,29,29,0,0,0,0,18,18,0,0,0,0
55103119,375,200,175,89,43,46,56,31,25,93,47,46,8,5,3,69,38,31,60,36,24
55103120,2333,1130,1203,393,179,214,448,235,213,538,246,292,35,14,21,665,334,331,254,122,132
55103121,1377,747,630,336,167,169,327,194,133,293,150,143,25,13,12,255,146,109,141,77,64
55103122,363,173,190,82,39,43,105,59,46,85,43,42,6,2,4,59,22,37,26,8,18
55129502,1560,738,822,173,61,112,491,259,232,529,252,277,20,6,14,271,123,148,76,37,39
55129503,188,92,96,29,10,19,39,25,14,69,36,33,4,3,1,40,16,24,7,2,5
55129504,1984,1000,984,214,91,123,413,233,180,677,313,364,35,8,27,529,278,251,116,77,39
55129505,39,20,19,6,2,4,16,11,5,9,4,5,1,0,1,7,3,4,0,0,0
55129506,422,215,207,50,24,26,126,80,46,120,55,65,6,0,6,99,46,53,21,10,11
55129507,2908,1371,1537,347,134,213,864,449,415,951,394,557,54,22,32,581,302,279,111,70,41
55129508,415,215,200,28,14,14,69,49,20,136,57,79,7,2,5,138,69,69,37,24,13
55129509,692,350,342,54,27,27,91,48,43,263,143,120,16,5,11,226,98,128,42,29,13
55129510,989,518,471,49,22,27,89,55,34,307,159,148,14,4,10,463,235,228,67,43,24
0120500,0,0,0,0,0,0,0,0,0,0,0,0,0,0,0,0,0,0,0,0,0
3308090,0,0,0,0,0,0,0,0,0,0,0,0,0,0,0,0,0,0,0,0,0
55109101,1178,576,602,144,66,78,316,174,142,382,158,224,18,9,9,288,154,134,30,15,15
55109102,918,435,483,52,18,34,128,73,55,298,133,165,25,9,16,373,176,197,42,26,16
55109103,2574,1186,1388,290,117,173,823,446,377,827,336,491,35,8,27,498,231,267,101,48,53
55109105,6224,2771,3453,750,244,506,1779,897,882,2083,856,1227,96,28,68,1300,633,667,216,113,103
0101890,0,0,0,0,0,0,0,0,0,0,0,0,0,0,0,0,0,0,0,0,0
0102430,0,0,0,0,0,0,0,0,0,0,0,0,0,0,0,0,0,0,0,0,0
0106850,0,0,0,0,0,0,0,0,0,0,0,0,0,0,0,0,0,0,0,0,0
55097301,1113,567,546,108,48,60,166,100,66,372,186,186,18,7,11,374,187,187,75,39,36
55097302,1276,686,590,114,54,60,169,93,76,408,218,190,19,11,8,431,224,207,135,86,49
55097303,1765,887,878,220,94,126,293,156,137,541,277,264,38,14,24,509,265,244,164,81,83
55097304,549,268,281,50,34,16,77,44,33,163,67,96,8,3,5,231,108,123,20,12,8
55097305,2725,1295,1430,310,122,188,516,247,269,798,367,431,50,16,34,895,458,437,156,85,71
55097307,2365,1139,1226,158,57,101,376,192,184,704,308,396,33,14,19,949,480,469,145,88,57
55097308,7492,5005,2487,726,450,276,1184,850,334,1224,711,513,70,26,44,1204,661,543,3084,2307,777
55097309,1447,688,759,150,67,83,297,159,138,446,211,235,33,12,21,450,205,245,71,34,37
55097310,1144,580,564,68,35,33,146,75,71,329,163,166,13,6,7,537,268,269,51,33,18
55097311,446,217,229,28,8,20,45,26,19,146,58,88,5,2,3,205,115,90,17,8,9
55097312,34,18,16,6,4,2,5,3,2,17,7,10,0,0,0,5,3,2,1,1,0
55097313,2096,990,1106,162,61,101,394,195,199,663,301,362,48,11,37,723,365,358,106,57,49
55097314,38,31,7,0,0,0,7,7,0,8,7,1,0,0,0,23,17,6,0,0,0
55097315,3021,1463,1558,261,106,155,557,273,284,941,433,508,51,20,31,1028,526,502,183,105,78
55097316,1579,785,794,106,43,63,210,118,92,427,205,222,27,10,17,742,377,365,67,32,35
55097317,707,359,348,66,31,35,131,77,54,177,83,94,12,6,6,256,123,133,65,39,26
55097319,100,49,51,3,2,1,5,3,2,37,17,20,2,0,2,48,25,23,5,2,3
55097320,549,253,296,35,9,26,47,26,21,153,59,94,18,7,11,275,137,138,21,15,6
55097321,80,38,42,7,3,4,13,9,4,28,9,19,2,1,1,27,13,14,3,3,0
55097323,393,175,218,29,9,20,41,20,21,138,59,79,4,1,3,164,78,86,17,8,9
55097324,557,278,279,21,14,7,24,13,11,212,97,115,8,4,4,267,136,131,25,14,11
55097325,1503,726,777,94,54,40,102,55,47,445,191,254,20,6,14,812,407,405,30,13,17
55097326,970,471,499,63,35,28,77,40,37,263,103,160,19,5,14,521,275,246,27,13,14
55097327,1400,655,745,82,35,47,122,64,58,408,151,257,26,9,17,728,376,352,34,20,14
55097328,25,15,10,2,0,2,3,3,0,9,6,3,0,0,0,11,6,5,0,0,0
55097329,3028,1495,1533,220,109,111,463,252,211,998,454,544,60,15,45,1137,579,558,150,86,64
55097330,4843,2350,2493,338,146,192,683,343,340,1479,683,796,81,31,50,2029,1005,1024,233,142,91
55097331,1892,952,940,148,80,68,247,134,113,590,274,316,35,16,19,763,373,390,109,75,34
55097332,3528,1709,1819,235,97,138,464,253,211,1062,476,586,60,19,41,1555,779,776,152,85,67
55097333,4361,2156,2205,293,139,154,449,240,209,1321,625,696,72,19,53,2010,1003,1007,216,130,86
55097334,933,434,499,241,84,157,145,83,62,154,79,75,21,6,15,195,88,107,177,94,83
55097335,1156,632,524,197,101,96,229,135,94,311,162,149,25,15,10,247,138,109,147,81,66
55097336,50,25,25,6,4,2,8,6,2,13,8,5,2,0,2,20,7,13,1,0,1
55097337,818,447,371,213,98,115,172,108,64,146,83,63,14,4,10,142,89,53,131,65,66
55097338,1793,918,875,216,94,122,257,151,106,528,252,276,25,8,17,616,324,292,151,89,62
55097339,1957,970,987,162,72,90,261,144,117,500,237,263,59,18,41,830,412,418,145,87,58
55097340,34,19,15,1,0,1,4,2,2,10,5,5,2,2,0,11,5,6,6,5,1
55097341,1141,654,487,148,58,90,350,235,115,290,168,122,24,10,14,221,114,107,108,69,39
55097342,1135,617,518,184,86,98,240,149,91,338,166,172,17,9,8,243,132,111,113,75,38
55097343,1136,576,560,105,47,58,239,122,117,339,168,171,18,3,15,319,166,153,116,70,46
55097344,321,170,151,73,30,43,50,30,20,51,28,23,3,1,2,61,38,23,83,43,40
0121900,0,0,0,0,0,0,0,0,0,0,0,0,0,0,0,0,0,0,0,0,0
55130901,28,17,11,2,1,1,5,3,2,11,8,3,3,1,2,3,1,2,4,3,1
55130902,2202,1054,1148,257,97,160,686,407,279,718,298,420,44,15,29,430,208,222,67,29,38
55130904,1205,593,612,133,52,81,376,211,165,358,158,200,12,5,7,257,128,129,69,39,30
55130905,65,40,25,0,0,0,29,22,7,14,9,5,3,1,2,17,6,11,2,2,0
55130906,324,158,166,47,17,30,123,73,50,94,39,55,2,0,2,42,20,22,16,9,7
55130907,936,452,484,84,36,48,255,140,115,333,153,180,22,4,18,222,112,110,20,7,13
55143101,756,368,388,79,31,48,99,57,42,237,107,130,7,1,6,320,165,155,14,7,7
55127901,10409,4831,5578,1026,400,626,2419,1261,1158,3639,1520,2119,191,72,119,2730,1398,1332,404,180,224
55099001,25,16,9,1,1,0,7,6,1,10,6,4,1,0,1,5,3,2,1,0,1
55099002,1727,782,945,166,53,113,304,147,157,571,220,351,21,11,10,607,315,292,58,36,22
55099003,1100,517,583,71,32,39,146,73,73,375,166,209,16,6,10,457,222,235,35,18,17
55099004,1399,666,733,114,51,63,207,110,97,455,210,245,22,4,18,566,274,292,35,17,18
55099005,2538,1187,1351,184,72,112,419,210,209,886,366,520,42,16,26,945,489,456,62,34,28
55099006,1608,722,886,114,44,70,358,179,179,556,229,327,36,12,24,486,227,259,58,31,27
55099007,948,455,493,58,29,29,78,41,37,281,121,160,15,6,9,498,247,251,18,11,7
55099008,1892,908,984,128,54,74,234,126,108,609,264,345,40,11,29,826,422,404,55,31,24
55099009,2138,965,1173,201,79,122,433,216,217,630,271,359,48,14,34,749,351,398,77,34,43
55099010,604,294,310,47,24,23,58,31,27,172,64,108,8,4,4,314,167,147,5,4,1
55099011,1779,839,940,129,48,81,272,146,126,553,237,316,35,11,24,761,379,382,29,18,11
55099012,1570,744,826,126,55,71,214,118,96,491,208,283,28,6,22,676,336,340,35,21,14
55099013,945,457,488,61,24,37,142,71,71,296,139,157,13,3,10,414,209,205,19,11,8
3132460,0,0,0,0,0,0,0,0,0,0,0,0,0,0,0,0,0,0,0,0,0
3132540,0,0,0,0,0,0,0,0,0,0,0,0,0,0,0,0,0,0,0,0,0
3132620,0,0,0,0,0,0,0,0,0,0,0,0,0,0,0,0,0,0,0,0,0
55136801,1601,766,835,54,26,28,170,93,77,526,248,278,49,13,36,761,360,401,41,26,15
55136802,3346,1632,1714,355,161,194,825,442,383,1015,460,555,54,14,40,1040,524,516,57,31,26
55105801,1321,629,692,124,49,75,238,122,116,411,176,235,24,9,15,484,251,233,40,22,18
55105802,1280,572,708,187,51,136,271,139,132,378,171,207,27,10,17,380,183,197,37,18,19
55105803,2359,1135,1224,198,84,114,404,217,187,774,344,430,51,19,32,839,414,425,93,57,36
55105804,59,29,30,4,4,0,15,8,7,18,6,12,0,0,0,21,11,10,1,0,1
55105805,2414,1165,1249,277,129,148,542,272,270,774,355,419,50,16,34,687,344,343,84,49,35
55105806,2362,1051,1311,277,113,164,679,347,332,766,292,474,41,8,33,501,240,261,98,51,47
55105807,437,224,213,54,26,28,107,62,45,127,55,72,5,1,4,110,59,51,34,21,13
55105808,2596,1329,1267,256,126,130,516,292,224,787,403,384,44,16,28,862,419,443,131,73,58
55105809,52,30,22,15,5,10,22,12,10,5,5,0,0,0,0,4,4,0,6,4,2
55105810,201,103,98,21,8,13,46,23,23,63,32,31,6,3,3,55,32,23,10,5,5
55105811,1551,725,826,164,64,100,413,210,203,521,232,289,24,5,19,342,162,180,87,52,35
55105812,2204,1111,1093,275,130,145,463,246,217,732,354,378,40,15,25,567,294,273,127,72,55
55105813,899,424,475,151,58,93,295,156,139,215,92,123,8,2,6,126,67,59,104,49,55
55105814,1458,716,742,192,88,104,338,190,148,433,203,230,22,4,18,359,171,188,114,60,54
58279401,1057,525,532,108,45,63,223,130,93,328,156,172,18,8,10,347,170,177,33,16,17
58280801,483,238,245,63,27,36,172,96,76,139,61,78,9,1,8,87,46,41,13,7,6
58280802,151,70,81,12,5,7,25,16,9,56,22,34,3,0,3,53,27,26,2,0,2
58132101,119,61,58,19,7,12,53,29,24,28,14,14,2,1,1,12,7,5,5,3,2
58132102,45,21,24,10,4,6,15,6,9,18,10,8,0,0,0,2,1,1,0,0,0
58282401,3076,1487,1589,347,158,189,579,325,254,926,416,510,45,16,29,1091,519,572,88,53,35
58283201,154,77,77,17,8,9,71,40,31,37,17,20,3,0,3,15,7,8,11,5,6
58284101,958,475,483,107,44,63,321,188,133,280,119,161,18,3,15,196,104,92,36,17,19
58285901,1809,877,932,258,76,182,787,460,327,483,216,267,19,6,13,187,88,99,75,31,44
59531401,224,114,110,27,9,18,77,55,22,73,28,45,5,1,4,31,17,14,11,4,7
59531402,73,37,36,6,3,3,24,13,11,27,15,12,0,0,0,14,6,8,2,0,2
59533101,93,45,48,17,5,12,38,24,14,29,14,15,3,0,3,5,1,4,1,1,0
58287501,168,76,92,17,5,12,55,30,25,55,22,33,4,3,1,33,15,18,4,1,3
59383401,497,259,238,99,40,59,207,125,82,109,51,58,6,2,4,56,27,29,20,14,6
58288301,554,283,271,81,26,55,214,135,79,151,68,83,7,3,4,61,30,31,40,21,19
58140201,218,112,106,31,11,20,94,62,32,55,22,33,0,0,0,31,12,19,7,5,2
58142901,428,208,220,43,19,24,118,73,45,118,47,71,13,3,10,125,58,67,11,8,3
58142902,406,191,215,44,12,32,120,71,49,127,55,72,11,3,8,94,47,47,10,3,7
58289101,283,139,144,33,18,15,99,57,42,82,35,47,3,1,2,56,21,35,10,7,3
58143701,67,34,33,11,5,6,20,12,8,21,11,10,2,1,1,13,5,8,0,0,0
55027201,525,263,262,85,29,56,204,117,87,124,53,71,5,1,4,66,36,30,41,27,14
58291301,1502,733,769,184,65,119,530,311,219,452,206,246,17,4,13,250,108,142,69,39,30
59544601,128,68,60,20,6,14,58,38,20,37,17,20,0,0,0,11,5,6,2,2,0
58292101,864,423,441,59,32,27,144,81,63,296,131,165,20,8,12,315,159,156,30,12,18
58293001,355,179,176,43,13,30,142,82,60,111,51,60,6,2,4,40,21,19,13,10,3
58294801,876,441,435,107,43,64,324,200,124,276,118,158,7,0,7,123,59,64,39,21,18
58295601,103,46,57,11,4,7,36,18,18,30,13,17,1,1,0,18,8,10,7,2,5
58295602,1775,904,871,249,88,161,668,407,261,464,203,261,18,4,14,204,97,107,172,105,67
58295603,145,68,77,25,6,19,48,27,21,44,22,22,4,1,3,15,9,6,9,3,6
59552701,44,22,22,2,1,1,14,7,7,17,11,6,1,0,1,8,2,6,2,1,1
59552702,809,405,404,103,41,62,285,173,112,250,111,139,16,4,12,121,54,67,34,22,12
59552703,71,33,38,6,2,4,27,14,13,22,8,14,2,0,2,12,8,4,2,1,1
59552704,151,80,71,19,9,10,43,25,18,61,29,32,5,4,1,18,10,8,5,3,2
58296401,542,277,265,56,20,36,196,122,74,166,74,92,5,0,5,87,37,50,32,24,8
59555101,651,330,321,63,25,38,234,138,96,215,96,119,11,4,7,113,59,54,15,8,7
59556001,94,52,42,11,4,7,42,34,8,28,10,18,3,0,3,8,3,5,2,1,1
58297201,1527,761,766,169,73,96,375,221,154,523,243,280,21,7,14,401,192,209,38,25,13
58299901,517,254,263,54,22,32,119,75,44,151,62,89,7,2,5,167,85,82,19,8,11
58301401,142,73,69,10,7,3,48,27,21,46,20,26,5,0,5,25,12,13,8,7,1
58301402,52,24,28,4,1,3,25,11,14,15,9,6,0,0,0,5,2,3,3,1,2
58302201,242,126,116,29,8,21,82,50,32,73,39,34,8,4,4,43,20,23,7,5,2
58157701,78,42,36,7,3,4,25,16,9,27,15,12,0,0,0,18,7,11,1,1,0
58303101,1002,510,492,133,48,85,333,201,132,294,140,154,10,1,9,194,99,95,38,21,17
59566701,21,10,11,1,0,1,12,5,7,7,4,3,0,0,0,0,0,0,1,1,0
59566702,221,112,109,27,10,17,88,51,37,62,30,32,2,1,1,37,17,20,5,3,2
58305701,640,322,318,68,31,37,185,104,81,179,87,92,8,2,6,178,88,90,22,10,12
58305702,13,6,7,2,0,2,3,2,1,4,2,2,0,0,0,3,1,2,1,1,0
58306501,547,275,272,56,19,37,205,132,73,181,73,108,10,2,8,72,34,38,23,15,8
0488440,0,0,0,0,0,0,0,0,0,0,0,0,0,0,0,0,0,0,0,0,0
58308102,51,25,26,10,5,5,19,10,9,12,7,5,2,0,2,5,1,4,3,2,1
58308103,1505,724,781,205,79,126,477,272,205,424,185,239,20,4,16,311,150,161,68,34,34
58308104,1298,634,664,192,65,127,522,291,231,329,147,182,23,7,16,152,75,77,80,49,31
58309001,282,134,148,28,8,20,80,42,38,99,48,51,3,0,3,65,32,33,7,4,3
58311101,796,403,393,87,34,53,239,139,100,280,131,149,11,3,8,157,83,74,22,13,9
58451701,610,308,302,95,34,61,224,134,90,164,79,85,2,1,1,76,31,45,49,29,20
0558080,0,0,0,0,0,0,0,0,0,0,0,0,0,0,0,0,0,0,0,0,0
3040420,0,0,0,0,0,0,0,0,0,0,0,0,0,0,0,0,0,0,0,0,0
58312002,47,24,23,5,2,3,18,12,6,19,6,13,0,0,0,3,2,1,2,2,0
58312003,226,113,113,22,8,14,93,57,36,71,27,44,4,3,1,29,12,17,7,6,1
58312004,220,114,106,17,8,9,123,72,51,52,20,32,2,1,1,22,11,11,4,2,2
58312005,25,16,9,2,0,2,11,8,3,8,6,2,1,0,1,2,1,1,1,1,0
58312006,591,293,298,81,38,43,245,143,102,158,70,88,9,0,9,72,23,49,26,19,7
58312007,432,218,214,49,28,21,159,88,71,135,57,78,7,1,6,69,41,28,13,3,10
58312009,507,264,243,67,28,39,188,111,77,170,88,82,5,0,5,49,20,29,28,17,11
58312010,297,138,159,37,9,28,129,79,50,91,37,54,7,1,6,29,11,18,4,1,3
58312011,470,227,243,44,17,27,146,81,65,167,69,98,4,0,4,88,50,38,21,10,11
58312012,400,194,206,52,19,33,133,80,53,130,57,73,5,2,3,66,31,35,14,5,9
58312013,1315,606,709,169,54,115,496,273,223,412,169,243,23,5,18,139,65,74,76,40,36
58312014,872,406,466,100,37,63,248,143,105,283,126,157,14,5,9,194,80,114,33,15,18
58312015,89,55,34,12,4,8,30,25,5,23,11,12,5,3,2,13,9,4,6,3,3
58312016,827,437,390,114,41,73,256,160,96,207,96,111,11,2,9,97,45,52,142,93,49
58312017,970,454,516,122,40,82,350,188,162,281,119,162,17,5,12,155,79,76,45,23,22
58312018,808,395,413,94,34,60,274,156,118,261,115,146,7,2,5,151,77,74,21,11,10
58312019,72,37,35,10,5,5,12,7,5,30,14,16,0,0,0,17,9,8,3,2,1
58315402,277,136,141,29,9,20,93,55,38,97,46,51,5,0,5,37,16,21,16,10,6
58317101,634,325,309,77,36,41,143,87,56,171,76,95,12,1,11,203,110,93,28,15,13
58318901,769,375,394,80,29,51,289,159,130,249,120,129,14,2,12,123,59,64,14,6,8
59583701,150,75,75,14,3,11,55,38,17,47,15,32,2,0,2,27,14,13,5,5,0
59583702,85,44,41,16,5,11,31,20,11,19,9,10,2,2,0,17,8,9,0,0,0
58319701,829,408,421,73,30,43,160,89,71,266,117,149,17,5,12,278,148,130,35,19,16
58790701,196,103,93,21,9,12,63,42,21,62,34,28,6,1,5,34,12,22,10,5,5
58320101,494,235,259,46,13,33,186,109,77,159,63,96,11,4,7,82,42,40,10,4,6
58321901,903,435,468,112,37,75,260,152,108,295,135,160,14,2,12,179,84,95,43,25,18
58322701,20,10,10,2,1,1,5,2,3,8,5,3,2,1,1,3,1,2,0,0,0
58322702,526,263,263,59,20,39,201,117,84,159,72,87,7,3,4,80,40,40,20,11,9
58323501,389,200,189,49,16,33,161,100,61,109,45,64,7,2,5,48,25,23,15,12,3
59593401,179,96,83,21,7,14,57,33,24,63,35,28,1,0,1,27,15,12,10,6,4
58324301,276,137,139,31,9,22,117,69,48,60,29,31,4,0,4,24,9,15,40,21,19
3401890,0,0,0,0,0,0,0,0,0,0,0,0,0,0,0,0,0,0,0,0,0
58325101,2711,1333,1378,326,157,169,516,276,240,901,410,491,47,9,38,858,441,417,63,40,23
58325103,1519,703,816,192,64,128,452,244,208,519,239,280,24,10,14,273,119,154,59,27,32
58325105,420,202,218,55,24,31,94,49,45,130,57,73,7,2,5,119,64,55,15,6,9
58325106,2442,1180,1262,282,101,181,672,358,314,809,367,442,38,12,26,476,236,240,165,106,59
58325108,581,575,6,230,229,1,247,247,0,76,74,2,10,10,0,11,10,1,7,5,2
58325109,460,234,226,56,29,27,69,42,27,171,78,93,5,1,4,150,81,69,9,3,6
58325111,82,53,29,6,3,3,25,17,8,24,16,8,4,3,1,18,10,8,5,4,1
58325112,1330,621,709,137,59,78,373,197,176,454,191,263,30,9,21,282,139,143,54,26,28
59598502,113,56,57,11,5,6,59,33,26,28,11,17,3,1,2,10,5,5,2,1,1
59599302,149,69,80,22,9,13,47,22,25,49,21,28,6,2,4,22,12,10,3,3,0
58326001,43,25,18,3,1,2,10,7,3,19,13,6,1,0,1,10,4,6,0,0,0
58326003,557,272,285,48,19,29,197,113,84,174,80,94,22,5,17,91,42,49,25,13,12
58327801,175,90,85,30,10,20,70,43,27,43,23,20,1,0,1,21,9,12,10,5,5
58328601,1559,766,793,170,70,100,350,199,151,475,200,275,20,7,13,495,260,235,49,30,19
58329401,222,111,111,20,6,14,60,35,25,77,36,41,6,2,4,53,29,24,6,3,3
58330801,106,60,46,10,4,6,44,27,17,33,18,15,0,0,0,16,8,8,3,3,0
59437701,446,232,214,74,30,44,197,123,74,87,38,49,6,2,4,47,20,27,35,19,16
58197601,55,26,29,9,4,5,13,7,6,22,13,9,1,0,1,10,2,8,0,0,0
58197602,46,26,20,6,2,4,18,12,6,13,7,6,2,1,1,5,3,2,2,1,1
58197603,41,21,20,5,1,4,15,10,5,15,8,7,2,0,2,4,2,2,0,0,0
58197604,1036,510,526,125,47,78,374,209,165,297,131,166,11,3,8,192,98,94,37,22,15
58331601,438,213,225,44,18,26,168,95,73,128,57,71,8,4,4,72,30,42,18,9,9
59607801,40,17,23,6,2,4,16,9,7,7,3,4,3,1,2,8,2,6,0,0,0
58332401,523,253,270,69,20,49,189,113,76,154,74,80,6,0,6,91,36,55,14,10,4
58333201,567,280,287,76,29,47,184,116,68,181,80,101,5,0,5,73,31,42,48,24,24
58334101,663,333,330,63,25,38,212,121,91,234,117,117,6,0,6,118,51,67,30,19,11
58334102,136,67,69,11,2,9,57,35,22,43,19,24,4,1,3,17,8,9,4,2,2
58335901,422,215,207,46,21,25,173,107,66,129,52,77,9,1,8,44,22,22,21,12,9
58336701,698,343,355,101,38,63,263,153,110,164,70,94,9,3,6,84,39,45,77,40,37
58337501,398,200,198,54,20,34,163,94,69,112,53,59,1,0,1,41,14,27,27,19,8
58338301,1455,712,743,194,67,127,554,323,231,425,188,237,24,3,21,192,88,104,66,43,23
58338302,34,16,18,9,2,7,13,10,3,8,3,5,2,1,1,0,0,0,2,0,2
3257670,0,0,0,0,0,0,0,0,0,0,0,0,0,0,0,0,0,0,0,0,0
58339101,4197,2111,2086,520,216,304,1128,647,481,1307,596,711,74,25,49,878,423,455,290,204,86
58339103,407,212,195,38,24,14,73,45,28,135,59,76,11,4,7,102,45,57,48,35,13
58340501,77,35,42,13,4,9,33,18,15,24,11,13,0,0,0,7,2,5,0,0,0
58340502,666,310,356,84,33,51,215,112,103,213,96,117,7,4,3,134,58,76,13,7,6
58340503,1492,728,764,179,73,106,538,299,239,423,182,241,16,5,11,265,126,139,71,43,28
58341301,22,13,9,0,0,0,5,5,0,11,4,7,0,0,0,6,4,2,0,0,0
58341302,732,366,366,34,18,16,54,28,26,237,108,129,23,7,16,359,188,171,25,17,8
58341303,2056,984,1072,237,96,141,420,229,191,662,302,360,31,11,20,648,312,336,58,34,24
58342101,759,382,377,79,29,50,270,157,113,230,107,123,21,2,19,104,53,51,55,34,21
58342102,34,19,15,2,0,2,13,7,6,10,8,2,2,0,2,7,4,3,0,0,0
58343001,862,430,432,70,32,38,223,137,86,281,120,161,19,4,15,226,109,117,43,28,15
58344801,920,474,446,154,62,92,337,204,133,260,118,142,13,5,8,119,59,60,37,26,11
58345601,140,74,66,11,6,5,45,26,19,45,26,19,3,0,3,33,14,19,3,2,1
58345602,532,257,275,57,20,37,157,83,74,172,88,84,9,4,5,122,54,68,15,8,7
59617501,1022,497,525,103,37,66,356,218,138,339,139,200,18,7,11,173,80,93,33,16,17
59617502,44,22,22,4,0,4,15,10,5,16,7,9,1,1,0,7,3,4,1,1,0
58346402,96,31,65,19,3,16,32,13,19,28,9,19,0,0,0,12,5,7,5,1,4
58347201,260,121,139,50,15,35,97,56,41,63,28,35,1,0,1,30,12,18,19,10,9
58348101,755,367,388,81,36,45,265,149,116,221,96,125,18,2,16,137,64,73,33,20,13
58349901,250,124,126,30,11,19,106,64,42,68,31,37,2,0,2,32,12,20,12,6,6
59619101,197,95,102,24,10,14,63,43,20,62,23,39,3,1,2,44,18,26,1,0,1
58472001,1084,556,528,139,56,83,447,273,174,287,119,168,19,6,13,152,77,75,40,25,15
58350201,645,313,332,94,34,60,290,157,133,142,65,77,9,3,6,86,41,45,24,13,11
58351101,579,276,303,52,18,34,196,116,80,163,71,92,8,2,6,96,37,59,64,32,32
58352901,203,105,98,30,9,21,74,46,28,36,13,23,1,0,1,12,4,8,50,33,17
58353701,1238,626,612,115,51,64,329,203,126,416,188,228,17,3,14,308,160,148,53,21,32
58212301,98,48,50,16,5,11,39,25,14,27,11,16,2,0,2,13,6,7,1,1,0
59630201,38,20,18,3,0,3,17,11,6,12,5,7,0,0,0,6,4,2,0,0,0
59630202,80,39,41,6,3,3,28,15,13,30,13,17,1,0,1,12,6,6,3,2,1
59630203,137,70,67,13,3,10,49,36,13,52,25,27,2,0,2,18,6,12,3,0,3
58354501,694,349,345,60,27,33,183,103,80,247,117,130,7,0,7,172,85,87,25,17,8
58355301,916,451,465,136,38,98,345,213,132,240,102,138,10,3,7,118,54,64,67,41,26
58356101,2218,1100,1118,271,103,168,805,477,328,697,291,406,32,7,25,334,176,158,79,46,33
58217401,107,53,54,11,0,11,55,34,21,27,16,11,1,0,1,10,2,8,3,1,2
58358801,495,261,234,70,29,41,184,113,71,149,75,74,5,0,5,65,33,32,22,11,11
58358802,1281,654,627,178,72,106,606,343,263,323,153,170,19,3,16,113,57,56,42,26,16
58358803,158,80,78,16,7,9,63,36,27,49,23,26,4,1,3,17,7,10,9,6,3
58358805,114,63,51,16,6,10,45,28,17,31,19,12,3,1,2,10,5,5,9,4,5
58358806,43,20,23,6,3,3,15,8,7,10,4,6,2,0,2,10,5,5,0,0,0
58358807,1864,922,942,233,87,146,702,400,302,537,240,297,33,3,30,237,115,122,122,77,45
58359601,1461,726,735,138,63,75,371,204,167,467,214,253,23,9,14,415,209,206,47,27,20
58359602,34,18,16,5,3,2,7,4,3,13,8,5,0,0,0,9,3,6,0,0,0
58360001,648,334,314,65,31,34,239,136,103,198,92,106,8,0,8,122,64,58,16,11,5
50669901,287,141,146,45,20,25,78,42,36,94,47,47,6,2,4,57,26,31,7,4,3
58476202,573,287,286,94,32,62,255,157,98,132,51,81,6,0,6,45,23,22,41,24,17
59640001,14,7,7,1,0,1,2,2,0,5,3,2,1,0,1,5,2,3,0,0,0
59640002,52,27,25,12,3,9,25,18,7,9,4,5,2,0,2,3,1,2,1,1,0
59640003,43,22,21,5,1,4,13,10,3,17,8,9,2,0,2,2,1,1,4,2,2
59640004,43,20,23,5,1,4,21,14,7,12,3,9,0,0,0,5,2,3,0,0,0
3258050,0,0,0,0,0,0,0,0,0,0,0,0,0,0,0,0,0,0,0,0,0
58363401,1147,588,559,123,49,74,318,190,128,366,176,190,23,5,18,280,147,133,37,21,16
3398900,0,0,0,0,0,0,0,0,0,0,0,0,0,0,0,0,0,0,0,0,0
58480101,293,145,148,43,14,29,128,71,57,82,40,42,3,2,1,30,12,18,7,6,1
58480102,182,103,79,38,18,20,75,45,30,34,22,12,0,0,0,19,8,11,16,10,6
58480103,3626,1745,1881,465,180,285,1336,759,577,1033,425,608,34,9,25,562,265,297,196,107,89
58480104,229,109,120,42,12,30,92,60,32,55,17,38,3,1,2,15,6,9,22,13,9
54973801,332,158,174,47,15,32,101,57,44,102,47,55,5,0,5,53,25,28,24,14,10
58365101,288,131,157,41,13,28,82,46,36,83,36,47,3,1,2,67,31,36,12,4,8
58366901,145,75,70,10,4,6,43,25,18,53,25,28,2,1,1,32,16,16,5,4,1
58366902,467,230,237,57,17,40,164,99,65,161,77,84,6,0,6,55,23,32,24,14,10
58366903,769,369,400,65,30,35,104,65,39,275,123,152,22,3,19,288,140,148,15,8,7
58367701,1828,907,921,197,93,104,583,317,266,558,265,293,29,10,19,390,181,209,71,41,30
58368501,754,384,370,95,39,56,287,169,118,232,101,131,6,2,4,114,58,56,20,15,5
58369301,526,270,256,70,26,44,197,127,70,122,53,69,5,0,5,64,25,39,68,39,29
58370701,750,374,376,63,16,47,283,172,111,246,118,128,8,0,8,123,52,71,27,16,11
58370702,19,9,10,1,0,1,9,5,4,4,1,3,0,0,0,5,3,2,0,0,0
54974601,1208,582,626,155,49,106,371,215,156,392,173,219,17,5,12,196,95,101,77,45,32
58484301,841,427,414,132,46,86,342,212,130,192,82,110,12,3,9,116,56,60,47,28,19
58371501,522,260,262,86,27,59,174,105,69,159,78,81,8,1,7,81,40,41,14,9,5
58372301,375,182,193,39,17,22,147,87,60,100,39,61,12,0,12,60,29,31,17,10,7
58372302,57,27,30,14,4,10,23,12,11,10,7,3,1,0,1,6,2,4,3,2,1
58373101,723,356,367,123,39,84,287,180,107,211,91,120,4,4,0,68,28,40,30,14,16
58374001,630,325,305,66,22,44,239,154,85,174,78,96,6,0,6,107,48,59,38,23,15
58375801,59,32,27,12,4,8,15,7,8,22,16,6,2,0,2,6,4,2,2,1,1
58375802,3288,1570,1718,384,156,228,935,507,428,1016,436,580,62,14,48,746,378,368,145,79,66
58376601,1197,586,611,148,45,103,439,268,171,338,136,202,15,5,10,189,83,106,68,49,19
58225501,201,104,97,24,3,21,91,53,38,48,31,17,4,0,4,26,13,13,8,4,4
58377401,869,429,440,85,31,54,217,115,102,297,141,156,17,3,14,226,123,103,27,16,11
58226301,185,94,91,11,3,8,78,49,29,43,16,27,3,0,3,31,14,17,19,12,7
59658201,66,36,30,11,4,7,31,19,12,13,7,6,3,1,2,3,2,1,5,3,2
1412590,0,0,0,0,0,0,0,0,0,0,0,0,0,0,0,0,0,0,0,0,0
1413130,0,0,0,0,0,0,0,0,0,0,0,0,0,0,0,0,0,0,0,0,0
1413480,0,0,0,0,0,0,0,0,0,0,0,0,0,0,0,0,0,0,0,0,0
3400650,0,0,0,0,0,0,0,0,0,0,0,0,0,0,0,0,0,0,0,0,0
58378201,25,13,12,2,0,2,2,2,0,8,5,3,0,0,0,13,6,7,0,0,0
58378202,538,256,282,64,33,31,161,85,76,183,80,103,8,2,6,108,49,59,14,7,7
58378203,1020,492,528,97,32,65,299,173,126,368,150,218,15,3,12,226,123,103,15,11,4
58378204,1045,485,560,120,47,73,317,156,161,323,148,175,17,1,16,230,113,117,38,20,18
58378205,47,27,20,10,4,6,18,11,7,11,6,5,1,1,0,5,3,2,2,2,0
58378209,866,418,448,73,33,40,248,135,113,278,125,153,18,5,13,220,102,118,29,18,11
58378210,47,19,28,5,1,4,17,10,7,14,5,9,1,0,1,9,3,6,1,0,1
58378211,294,145,149,46,20,26,76,45,31,104,45,59,3,2,1,58,27,31,7,6,1
58378212,596,296,300,55,23,32,178,99,79,184,88,96,12,6,6,146,68,78,21,12,9
58378213,827,421,406,97,32,65,244,138,106,261,131,130,9,3,6,141,70,71,75,47,28
58379101,877,439,438,87,36,51,212,113,99,265,116,149,18,4,14,264,150,114,31,20,11
58380401,317,155,162,39,15,24,107,67,40,99,43,56,8,2,6,50,20,30,14,8,6
58382101,666,331,335,74,33,41,146,84,62,210,92,118,7,4,3,211,104,107,18,14,4
58383901,1671,813,858,188,71,117,489,285,204,551,252,299,20,4,16,357,165,192,66,36,30
54978901,332,163,169,31,14,17,94,55,39,126,50,76,5,2,3,64,34,30,12,8,4
59669801,41,18,23,8,3,5,13,8,5,11,4,7,1,0,1,7,3,4,1,0,1
59166101,315,168,147,48,14,34,149,93,56,69,36,33,2,0,2,27,13,14,20,12,8
58384701,535,273,262,67,35,32,169,102,67,170,78,92,10,3,7,105,47,58,14,8,6
58385501,686,339,347,69,24,45,247,141,106,222,94,128,9,5,4,125,65,60,14,10,4
3316780,0,0,0,0,0,0,0,0,0,0,0,0,0,0,0,0,0,0,0,0,0
58386301,845,408,437,93,27,66,290,162,128,250,115,135,22,4,18,153,77,76,37,23,14
54529501,134,73,61,8,4,4,50,30,20,50,26,24,1,0,1,17,9,8,8,4,4
54989402,58,29,29,11,4,7,25,17,8,11,5,6,0,0,0,9,3,6,2,0,2
58388001,482,232,250,60,14,46,159,99,60,141,65,76,6,1,5,79,32,47,37,21,16
58389801,1950,942,1008,279,92,187,568,340,228,590,257,333,26,4,22,417,213,204,70,36,34
58390101,297,144,153,28,8,20,113,64,49,104,44,60,3,1,2,35,18,17,14,9,5
58237901,84,39,45,12,3,9,28,18,10,25,12,13,2,0,2,9,4,5,8,2,6
58237902,28,14,14,5,1,4,9,7,2,7,3,4,0,0,0,7,3,4,0,0,0
58391001,2489,1266,1223,321,171,150,616,357,259,859,389,470,34,14,20,588,290,298,71,45,26
58392801,352,177,175,30,10,20,142,76,66,104,54,50,3,0,3,50,24,26,23,13,10
58245002,105,59,46,17,4,13,51,34,17,20,9,11,1,0,1,12,9,3,4,3,1
58393601,1437,733,704,183,78,105,376,225,151,433,200,233,27,13,14,334,163,171,84,54,30
58394401,267,135,132,35,15,20,87,47,40,92,45,47,3,1,2,40,23,17,10,4,6
3135210,0,0,0,0,0,0,0,0,0,0,0,0,0,0,0,0,0,0,0,0,0
3402430,0,0,0,0,0,0,0,0,0,0,0,0,0,0,0,0,0,0,0,0,0
58395201,291,151,140,34,12,22,91,55,36,100,46,54,1,0,1,58,33,25,7,5,2
58395203,1220,619,601,152,63,89,320,186,134,377,176,201,17,3,14,289,144,145,65,47,18
58395205,44,25,19,4,3,1,16,8,8,13,5,8,1,1,0,6,4,2,4,4,0
58395206,2471,1164,1307,253,97,156,615,327,288,838,362,476,47,16,31,616,301,315,102,61,41
58395207,1458,705,753,157,60,97,381,211,170,527,237,290,28,11,17,336,171,165,29,15,14
58395208,977,468,509,122,50,72,310,173,137,304,128,176,7,2,5,208,104,104,26,11,15
58396101,414,213,201,34,17,17,158,97,61,136,56,80,6,2,4,60,31,29,20,10,10
59490301,236,123,113,42,17,25,96,57,39,58,27,31,4,1,3,22,11,11,14,10,4
58397901,232,108,124,25,12,13,52,27,25,90,43,47,3,0,3,57,23,34,5,3,2
58397902,1093,550,543,134,64,70,434,244,190,344,158,186,9,1,8,147,66,81,25,17,8
58399501,1037,521,516,147,56,91,413,245,168,292,128,164,13,4,9,120,64,56,52,24,28
58398701,932,448,484,99,40,59,286,162,124,290,132,158,12,2,10,201,91,110,44,21,23
1674010,0,0,0,0,0,0,0,0,0,0,0,0,0,0,0,0,0,0,0,0,0
1674100,0,0,0,0,0,0,0,0,0,0,0,0,0,0,0,0,0,0,0,0,0
1675250,0,0,0,0,0,0,0,0,0,0,0,0,0,0,0,0,0,0,0,0,0
58400201,58,31,27,9,4,5,19,16,3,20,7,13,2,0,2,5,2,3,3,2,1
58400202,41,18,23,8,1,7,13,9,4,13,5,8,1,0,1,5,2,3,1,1,0
58400203,75,43,32,9,6,3,27,14,13,20,12,8,0,0,0,18,10,8,1,1,0
58400204,46,24,22,7,3,4,2,2,0,13,8,5,0,0,0,23,10,13,1,1,0
58400205,17,8,9,0,0,0,10,5,5,7,3,4,0,0,0,0,0,0,0,0,0
58400206,754,382,372,94,46,48,219,126,93,199,77,122,16,7,9,153,76,77,73,50,23
58400207,1359,656,703,157,60,97,402,220,182,473,216,257,30,9,21,252,123,129,45,28,17
58400209,108,51,57,17,6,11,31,17,14,39,18,21,0,0,0,14,6,8,7,4,3
58400210,120,61,59,32,16,16,30,14,16,30,16,14,3,1,2,17,8,9,8,6,2
58400211,685,319,366,77,40,37,109,60,49,246,98,148,10,2,8,219,108,111,24,11,13
58400212,1026,449,577,96,38,58,182,98,84,324,126,198,24,5,19,366,171,195,34,11,23
58400213,1080,500,580,102,38,64,273,150,123,392,178,214,26,9,17,260,114,146,27,11,16
58400214,1598,737,861,220,78,142,535,287,248,481,203,278,37,13,24,273,128,145,52,28,24
58400215,217,105,112,21,9,12,71,39,32,72,32,40,1,0,1,40,20,20,12,5,7
58400216,342,163,179,28,15,13,92,47,45,139,64,75,6,2,4,67,31,36,10,4,6
59689201,83,38,45,12,1,11,19,14,5,27,13,14,3,0,3,20,10,10,2,0,2
58401101,314,155,159,44,12,32,125,72,53,87,44,43,6,1,5,35,16,19,17,10,7
59496201,545,268,277,103,40,63,227,147,80,143,51,92,7,2,5,42,16,26,23,12,11
58402901,435,204,231,50,13,37,142,86,56,148,61,87,10,1,9,60,29,31,25,14,11
58402902,987,474,513,115,49,66,300,170,130,354,140,214,16,5,11,162,85,77,40,25,15
58402903,538,267,271,58,29,29,57,28,29,187,90,97,10,2,8,221,117,104,5,1,4
58403701,1040,501,539,98,32,66,329,173,156,340,159,181,15,4,11,221,114,107,37,19,18
58404501,2736,1293,1443,360,125,235,956,511,445,865,384,481,32,10,22,445,215,230,78,48,30
58405301,225,119,106,22,7,15,89,56,33,66,32,34,1,1,0,40,20,20,7,3,4
54990801,108,52,56,14,1,13,40,22,18,30,17,13,1,0,1,20,10,10,3,2,1
58256501,190,95,95,19,3,16,70,43,27,64,31,33,0,0,0,29,14,15,8,4,4
58406101,618,309,309,86,34,52,242,141,101,190,84,106,8,3,5,69,34,35,23,13,10
58407001,53,22,31,9,2,7,13,8,5,22,9,13,2,1,1,7,2,5,0,0,0
58407002,58,34,24,8,6,2,15,12,3,18,5,13,0,0,0,15,9,6,2,2,0
58409601,605,291,314,69,26,43,162,86,76,203,89,114,10,3,7,147,78,69,14,9,5
58410001,2712,1287,1425,272,120,152,760,438,322,887,367,520,72,13,59,594,285,309,127,64,63
58410002,56,28,28,17,7,10,25,13,12,4,3,1,0,0,0,7,3,4,3,2,1
58411801,798,407,391,91,45,46,238,151,87,253,104,149,20,3,17,172,89,83,24,15,9
58412601,1089,537,552,141,54,87,338,198,140,317,150,167,15,1,14,242,116,126,36,18,18
58502501,715,366,349,144,57,87,297,183,114,157,65,92,5,0,5,64,27,37,48,34,14
58413401,156,76,80,17,8,9,52,28,24,51,22,29,0,0,0,28,15,13,8,3,5
58414201,34,19,15,1,0,1,18,11,7,11,4,7,0,0,0,3,3,0,1,1,0
58414202,975,486,489,126,48,78,369,211,158,268,119,149,13,7,6,169,79,90,30,22,8
58415101,708,345,363,80,33,47,160,95,65,228,99,129,7,2,5,217,106,111,16,10,6
58503301,2010,979,1031,248,88,160,698,410,288,601,253,348,41,13,28,303,159,144,119,56,63
59710401,70,36,34,5,1,4,37,23,14,22,9,13,0,0,0,5,2,3,1,1,0
58416901,234,116,118,20,8,12,73,47,26,72,29,43,3,1,2,61,29,32,5,2,3
58417701,604,297,307,72,29,43,194,116,78,200,87,113,7,2,5,112,52,60,19,11,8
58418501,633,306,327,79,30,49,232,120,112,200,96,104,10,4,6,85,39,46,27,17,10
58419301,48,24,24,8,3,5,12,7,5,19,9,10,0,0,0,8,4,4,1,1,0
58420701,174,87,87,21,9,12,33,22,11,74,35,39,4,1,3,37,17,20,5,3,2
58420702,1440,643,797,219,75,144,464,244,220,419,162,257,26,9,17,233,107,126,79,46,33
58420703,553,265,288,60,18,42,173,91,82,188,98,90,10,3,7,104,47,57,18,8,10
58421501,126,60,66,15,7,8,31,14,17,50,22,28,2,2,0,20,10,10,8,5,3
58421502,908,450,458,107,36,71,342,205,137,278,118,160,7,1,6,127,65,62,47,25,22
58422301,145,62,83,35,11,24,60,33,27,34,13,21,1,0,1,11,3,8,4,2,2
58422302,112,56,56,10,1,9,35,22,13,41,22,19,2,1,1,21,8,13,3,2,1
58422303,2800,1365,1435,427,146,281,1123,618,505,780,362,418,39,13,26,275,133,142,156,93,63
58273501,57,30,27,5,2,3,17,14,3,20,10,10,1,0,1,10,2,8,4,2,2
58423101,1178,573,605,169,60,109,398,212,186,384,183,201,14,4,10,165,86,79,48,28,20
58423102,120,57,63,15,5,10,53,34,19,37,13,24,2,1,1,7,3,4,6,1,5
58424001,736,375,361,92,36,56,281,156,125,206,103,103,7,3,4,128,61,67,22,16,6
59717101,25,14,11,4,1,3,6,5,1,12,6,6,0,0,0,3,2,1,0,0,0
59717103,269,151,118,27,16,11,104,66,38,78,39,39,4,0,4,51,26,25,5,4,1
58426601,1460,716,744,187,79,108,402,229,173,444,196,248,22,6,16,350,175,175,55,31,24
58427401,424,209,215,39,16,23,127,76,51,142,63,79,12,4,8,92,45,47,12,5,7
58428201,729,355,374,115,56,59,236,131,105,200,78,122,5,0,5,142,77,65,31,13,18
58428202,688,330,358,88,32,56,200,110,90,224,106,118,11,2,9,141,69,72,24,11,13
58428203,427,208,219,62,28,34,91,58,33,137,59,78,7,0,7,124,60,64,6,3,3
58428204,16,7,9,3,0,3,2,1,1,8,5,3,1,0,1,2,1,1,0,0,0
58428205,893,411,482,109,36,73,336,180,156,257,98,159,6,2,4,129,65,64,56,30,26
58428209,232,113,119,25,10,15,78,43,35,75,35,40,2,0,2,46,22,24,6,3,3
58430401,323,157,166,46,17,29,139,83,56,80,28,52,2,0,2,42,21,21,14,8,6
58432101,757,359,398,81,24,57,299,174,125,245,106,139,12,2,10,92,40,52,28,13,15
58433901,689,362,327,115,42,73,282,177,105,183,89,94,12,1,11,68,35,33,29,18,11
58434701,1049,520,529,164,59,105,430,271,159,285,111,174,9,4,5,111,49,62,50,26,24
58435501,476,226,250,98,34,64,214,123,91,91,32,59,4,2,2,39,17,22,30,18,12
58436301,849,418,431,113,43,70,305,169,136,247,104,143,16,6,10,120,68,52,48,28,20
0136760,0,0,0,0,0,0,0,0,0,0,0,0,0,0,0,0,0,0,0,0,0
1263650,0,0,0,0,0,0,0,0,0,0,0,0,0,0,0,0,0,0,0,0,0
58429101,1425,692,733,222,63,159,547,317,230,440,208,232,11,3,8,177,85,92,28,16,12
58429103,2774,1277,1497,462,186,276,935,506,429,901,374,527,35,10,25,312,136,176,129,65,64
58429105,22,15,7,2,0,2,8,6,2,3,3,0,0,0,0,4,3,1,5,3,2
58429106,39,20,19,4,2,2,14,8,6,15,6,9,0,0,0,6,4,2,0,0,0
58429107,1448,723,725,177,67,110,378,223,155,528,245,283,19,5,14,313,169,144,33,14,19
58429108,2306,1080,1226,399,127,272,838,492,346,672,278,394,25,5,20,281,130,151,91,48,43
58429109,111,105,6,32,31,1,49,46,3,17,16,1,0,0,0,12,11,1,1,1,0
58429110,1239,546,693,299,87,212,324,155,169,375,177,198,13,1,12,152,82,70,76,44,32
58429111,991,617,374,165,107,58,232,156,76,205,108,97,8,4,4,83,43,40,298,199,99
58429112,1733,829,904,207,73,134,503,307,196,623,265,358,21,4,17,310,144,166,69,36,33
58429114,40,22,18,5,2,3,4,2,2,14,7,7,1,1,0,8,5,3,8,5,3
58429115,329,164,165,37,22,15,69,31,38,115,54,61,5,3,2,74,39,35,29,15,14
58429116,871,398,473,118,45,73,268,133,135,294,134,160,12,4,8,130,58,72,49,24,25
58429118,896,435,461,151,47,104,292,174,118,279,131,148,15,8,7,133,60,73,26,15,11
58429119,349,170,179,65,27,38,101,57,44,105,47,58,5,2,3,57,27,30,16,10,6
58429120,1095,511,584,145,50,95,306,158,148,393,185,208,14,6,8,188,90,98,49,22,27
58429122,2645,1218,1427,465,165,300,772,419,353,870,378,492,26,8,18,366,173,193,146,75,71
58429123,283,137,146,35,14,21,92,51,41,99,44,55,3,1,2,44,23,21,10,4,6
58429124,61,37,24,10,4,6,18,14,4,16,9,7,1,1,0,6,3,3,10,6,4
58429127,1570,743,827,214,95,119,367,208,159,535,229,306,13,5,8,364,168,196,77,38,39
58429129,495,239,256,77,21,56,157,96,61,159,73,86,7,1,6,80,37,43,15,11,4
58429131,60,17,43,13,1,12,20,8,12,13,5,8,0,0,0,6,2,4,8,1,7
58437101,1328,674,654,200,80,120,505,303,202,404,184,220,15,5,10,136,61,75,68,41,27
58438001,598,304,294,124,50,74,296,173,123,117,53,64,2,1,1,32,11,21,27,16,11
58440101,435,226,209,59,20,39,173,114,59,146,65,81,2,0,2,36,16,20,19,11,8
58441001,368,179,189,72,25,47,150,88,62,88,40,48,0,0,0,25,9,16,33,17,16
58442801,1401,707,694,214,78,136,568,347,221,395,175,220,17,6,11,136,61,75,71,40,31
58443601,246,133,113,28,9,19,108,73,35,65,31,34,2,0,2,19,8,11,24,12,12
58444401,1472,744,728,266,96,170,635,380,255,359,156,203,9,1,8,114,55,59,89,56,33
58445201,1072,522,550,169,42,127,430,275,155,295,127,168,13,5,8,121,51,70,44,22,22
58446101,536,254,282,86,28,58,241,130,111,129,59,70,4,0,4,45,19,26,31,18,13
58447901,403,196,207,69,16,53,175,103,72,97,42,55,6,2,4,43,23,20,13,10,3
58448702,1311,654,657,211,71,140,469,281,188,391,188,203,23,11,12,155,64,91,62,39,23
0499300,0,0,0,0,0,0,0,0,0,0,0,0,0,0,0,0,0,0,0,0,0
0499560,0,0,0,0,0,0,0,0,0,0,0,0,0,0,0,0,0,0,0,0,0
0499640,0,0,0,0,0,0,0,0,0,0,0,0,0,0,0,0,0,0,0,0,0
3399380,0,0,0,0,0,0,0,0,0,0,0,0,0,0,0,0,0,0,0,0,0
3399460,0,0,0,0,0,0,0,0,0,0,0,0,0,0,0,0,0,0,0,0,0
58449501,23,12,11,4,2,2,6,2,4,11,7,4,0,0,0,1,1,0,1,0,1
58449502,676,345,331,98,42,56,190,113,77,214,91,123,7,2,5,110,61,49,57,36,21
58449503,48,31,17,17,11,6,14,11,3,10,6,4,1,0,1,3,1,2,3,2,1
58449504,365,170,195,57,17,40,134,79,55,108,46,62,4,0,4,48,21,27,14,7,7
58449505,1582,740,842,203,71,132,488,272,216,510,221,289,15,6,9,305,140,165,61,30,31
58449506,328,168,160,48,16,32,135,78,57,91,43,48,0,0,0,37,18,19,17,13,4
58449508,37,18,19,12,8,4,19,8,11,5,1,4,0,0,0,1,1,0,0,0,0
58449509,2042,964,1078,264,93,171,668,384,284,640,268,372,26,9,17,378,173,205,66,37,29
58452501,569,289,280,102,38,64,244,148,96,100,40,60,3,2,1,38,14,24,82,47,35
55025601,172,85,87,18,7,11,46,30,16,69,29,40,2,0,2,34,16,18,3,3,0
58454101,441,197,244,151,41,110,115,76,39,103,47,56,2,0,2,56,27,29,14,6,8
58455001,180,96,84,28,14,14,84,52,32,42,18,24,1,0,1,18,8,10,7,4,3
58455002,1797,906,891,272,102,170,646,407,239,533,230,303,23,5,18,256,130,126,67,32,35
58455003,17,8,9,1,0,1,10,6,4,4,2,2,0,0,0,1,0,1,1,0,1
58456801,1618,789,829,260,80,180,640,365,275,435,203,232,23,6,17,195,93,102,65,42,23
58457601,1523,760,763,251,78,173,588,376,212,455,192,263,13,2,11,143,68,75,73,44,29
58458401,1005,500,505,138,54,84,398,238,160,307,132,175,5,2,3,115,53,62,42,21,21
58458402,16,8,8,5,2,3,5,4,1,3,1,2,1,0,1,1,1,0,1,0,1
58459201,1049,531,518,169,52,117,486,313,173,268,108,160,12,1,11,78,39,39,36,18,18
55528201,353,185,168,53,20,33,112,75,37,98,46,52,4,1,3,67,34,33,19,9,10
55844301,1022,499,523,223,77,146,376,228,148,257,117,140,7,0,7,113,53,60,46,24,22
58462201,2918,1385,1533,542,173,369,1066,624,442,843,365,478,25,6,19,304,134,170,138,83,55
58463101,1580,761,819,231,77,154,515,300,215,415,188,227,13,4,9,290,127,163,116,65,51
58463102,183,98,85,29,10,19,94,62,32,41,17,24,0,0,0,5,2,3,14,7,7
0943070,0,0,0,0,0,0,0,0,0,0,0,0,0,0,0,0,0,0,0,0,0
0943310,0,0,0,0,0,0,0,0,0,0,0,0,0,0,0,0,0,0,0,0,0
0943400,0,0,0,0,0,0,0,0,0,0,0,0,0,0,0,0,0,0,0,0,0
3399030,0,0,0,0,0,0,0,0,0,0,0,0,0,0,0,0,0,0,0,0,0
58464901,1091,507,584,165,64,101,401,215,186,315,114,201,16,8,8,140,74,66,54,32,22
58464902,244,111,133,30,14,16,39,25,14,88,30,58,6,2,4,77,36,41,4,4,0
58464903,23,12,11,9,5,4,4,2,2,2,2,0,1,1,0,7,2,5,0,0,0
58464905,430,194,236,67,24,43,122,66,56,122,48,74,5,0,5,91,44,47,23,12,11
58464906,521,250,271,68,25,43,151,92,59,166,75,91,9,2,7,101,45,56,26,11,15
58464908,807,387,420,114,48,66,247,144,103,258,106,152,6,1,5,150,69,81,32,19,13
58464909,187,92,95,27,11,16,62,36,26,48,24,24,1,0,1,41,16,25,8,5,3
58464910,639,285,354,103,34,69,228,117,111,180,70,110,5,2,3,74,34,40,49,28,21
58464911,115,44,71,28,2,26,25,15,10,38,17,21,1,0,1,15,6,9,8,4,4
58464912,33,16,17,3,2,1,14,9,5,8,1,7,0,0,0,1,1,0,7,3,4
58464913,339,160,179,41,15,26,100,57,43,121,52,69,4,2,2,60,29,31,13,5,8
58464914,907,446,461,144,63,81,278,165,113,257,103,154,27,11,16,155,82,73,46,22,24
58464915,995,505,490,212,94,118,274,157,117,214,92,122,16,5,11,117,53,64,162,104,58
58465701,374,187,187,78,28,50,153,90,63,87,44,43,3,0,3,33,15,18,20,10,10
58466501,2092,1017,1075,317,119,198,729,416,313,645,282,363,16,5,11,288,138,150,97,57,40
58467301,1178,600,578,186,60,126,453,279,174,327,163,164,18,2,16,139,69,70,55,27,28
58468101,392,204,188,55,19,36,132,85,47,120,58,62,6,5,1,55,22,33,24,15,9
58470301,590,289,301,76,25,51,230,129,101,170,83,87,11,4,7,79,35,44,24,13,11
58471101,611,308,303,96,26,70,247,148,99,167,79,88,5,2,3,75,41,34,21,12,9
58471102,22,11,11,7,3,4,9,7,2,5,1,4,0,0,0,1,0,1,0,0,0
58474601,1032,517,515,186,71,115,387,226,161,278,121,157,13,3,10,80,39,41,88,57,31
58475401,285,137,148,56,19,37,115,71,44,66,23,43,4,2,2,17,8,9,27,14,13
58477101,475,240,235,78,34,44,193,106,87,105,44,61,8,3,5,61,34,27,30,19,11
58478901,639,323,316,103,39,64,261,164,97,181,84,97,3,0,3,66,22,44,25,14,11
58479701,2463,1229,1234,391,145,246,846,512,334,743,337,406,30,11,19,318,147,171,135,77,58
58481901,796,392,404,146,48,98,351,210,141,176,80,96,6,2,4,69,28,41,48,24,24
58483501,91,48,43,8,3,5,30,18,12,32,18,14,1,0,1,15,5,10,5,4,1
58483502,537,275,262,116,42,74,238,147,91,109,51,58,2,0,2,31,12,19,41,23,18
58485101,112,54,58,14,7,7,60,33,27,25,9,16,0,0,0,10,4,6,3,1,2
58485102,522,263,259,92,32,60,249,161,88,101,33,68,5,3,2,34,13,21,41,21,20
58486001,20,12,8,3,2,1,6,3,3,5,2,3,0,0,0,2,2,0,4,3,1
58486002,1778,899,879,237,84,153,718,444,274,496,217,279,19,5,14,217,97,120,91,52,39
58487801,97,49,48,23,7,16,41,27,14,19,7,12,0,0,0,4,2,2,10,6,4
58487802,587,312,275,109,39,70,246,157,89,131,60,71,9,3,6,47,23,24,45,30,15
58489401,738,354,384,122,38,84,326,188,138,191,86,105,8,1,7,58,24,34,33,17,16
58490801,715,370,345,125,40,85,299,192,107,183,79,104,9,3,6,63,31,32,36,25,11
58491601,667,332,335,94,34,60,294,175,119,180,73,107,4,1,3,58,24,34,37,25,12
58492401,1247,609,638,195,62,133,496,305,191,348,145,203,11,1,10,134,65,69,63,31,32
58493201,1682,849,833,257,74,183,712,442,270,460,219,241,23,7,16,178,79,99,52,28,24
58494101,1710,839,871,269,82,187,617,380,237,529,242,287,16,5,11,197,86,111,82,44,38
58495901,857,431,426,129,47,82,304,176,128,258,124,134,5,0,5,104,47,57,57,37,20
58496701,863,439,424,137,48,89,398,246,152,203,84,119,7,3,4,71,28,43,47,30,17
58497501,144,79,65,26,10,16,61,38,23,33,18,15,1,0,1,17,8,9,6,5,1
58497502,2901,1391,1510,431,149,282,881,501,380,920,392,528,34,9,25,428,221,207,207,119,88
58498301,24,14,10,2,1,1,6,4,2,12,7,5,0,0,0,4,2,2,0,0,0
58498302,3123,1501,1622,527,170,357,1192,707,485,844,377,467,47,17,30,393,167,226,120,63,57
58499101,397,190,207,35,10,25,161,95,66,136,51,85,3,0,3,39,22,17,23,12,11
58500901,1457,720,737,187,60,127,545,317,228,461,225,236,21,6,15,185,83,102,58,29,29
58500902,20,8,12,5,2,3,1,0,1,6,2,4,0,0,0,6,3,3,2,1,1
58501701,2593,1251,1342,382,131,251,867,531,336,831,356,475,23,9,14,404,181,223,86,43,43
58504101,874,435,439,124,37,87,387,234,153,235,102,133,7,1,6,86,40,46,35,21,14
58505001,1210,590,620,215,65,150,511,307,204,295,131,164,15,4,11,126,55,71,48,28,20
58603001,718,361,357,80,24,56,335,200,135,186,83,103,11,3,8,80,36,44,26,15,11
58604801,1634,807,827,221,66,155,647,404,243,480,195,285,13,5,8,213,104,109,60,33,27
58605601,349,186,163,41,14,27,157,99,58,96,42,54,0,0,0,36,20,16,19,11,8
58607201,590,297,293,98,42,56,264,153,111,153,69,84,2,0,2,42,17,25,31,16,15
3139390,0,0,0,0,0,0,0,0,0,0,0,0,0,0,0,0,0,0,0,0,0
58608101,65,31,34,7,1,6,26,17,9,21,8,13,1,1,0,4,2,2,6,2,4
58608103,198,102,96,32,14,18,79,48,31,58,26,32,4,3,1,14,6,8,11,5,6
58608104,1212,606,606,196,80,116,376,210,166,391,174,217,11,5,6,148,76,72,90,61,29
58608105,948,436,512,120,43,77,322,175,147,294,121,173,32,9,23,143,71,72,37,17,20
58608106,1201,591,610,180,69,111,447,255,192,351,160,191,10,5,5,158,69,89,55,33,22
58608108,77,37,40,8,2,6,25,17,8,28,12,16,2,1,1,9,3,6,5,2,3
58609901,1017,514,503,149,53,96,385,241,144,317,144,173,10,1,9,111,55,56,45,20,25
58610201,1966,969,997,310,100,210,839,490,349,531,239,292,18,7,11,209,105,104,59,28,31
58611101,340,161,179,62,13,49,142,92,50,88,35,53,2,1,1,35,12,23,11,8,3
58611102,23,15,8,5,2,3,10,7,3,7,6,1,0,0,0,1,0,1,0,0,0
58612901,1137,561,576,177,65,112,411,239,172,357,162,195,19,3,16,135,70,65,38,22,16
58613701,2349,1193,1156,409,114,295,889,582,307,671,304,367,27,16,11,260,119,141,93,58,35
58614501,814,408,406,120,34,86,350,218,132,240,106,134,6,0,6,64,33,31,34,17,17
58615301,215,107,108,27,10,17,91,52,39,55,22,33,4,1,3,29,15,14,9,7,2
58616101,185,100,85,49,16,33,96,62,34,24,13,11,0,0,0,7,3,4,9,6,3
58616103,1836,910,926,287,100,187,717,418,299,549,249,300,15,7,8,209,102,107,59,34,25
58616104,3027,1482,1545,509,179,330,1260,708,552,748,331,417,21,10,11,267,124,143,222,130,92
58616105,67,32,35,13,4,9,27,18,9,14,5,9,1,0,1,3,1,2,9,4,5
0405170,0,0,0,0,0,0,0,0,0,0,0,0,0,0,0,0,0,0,0,0,0
0405410,0,0,0,0,0,0,0,0,0,0,0,0,0,0,0,0,0,0,0,0,0
3399110,0,0,0,0,0,0,0,0,0,0,0,0,0,0,0,0,0,0,0,0,0
58602101,1543,716,827,261,105,156,475,256,219,467,179,288,11,3,8,227,124,103,102,49,53
58602102,5620,2658,2962,774,301,473,1942,1098,844,1864,803,1061,61,17,44,755,325,430,224,114,110
58602103,1892,843,1049,293,92,201,756,411,345,577,215,362,26,7,19,147,70,77,93,48,45
58602104,1369,636,733,182,67,115,491,262,229,428,185,243,12,7,5,189,84,105,67,31,36
58602105,1673,918,755,230,105,125,479,293,186,427,177,250,8,4,4,181,91,90,348,248,100
58602106,168,93,75,36,18,18,54,36,18,45,17,28,2,1,1,15,9,6,16,12,4
58602107,116,52,64,26,8,18,53,28,25,26,12,14,1,0,1,3,0,3,7,4,3
58602108,85,42,43,21,5,16,38,24,14,17,8,9,0,0,0,3,2,1,6,3,3
58602109,3732,1758,1974,622,230,392,1364,775,589,1062,427,635,41,12,29,440,204,236,203,110,93
58602110,498,224,274,64,24,40,130,73,57,179,69,110,6,1,5,103,48,55,16,9,7
58602111,55,50,5,1,1,0,17,14,3,17,16,1,0,0,0,12,11,1,8,8,0
58602112,2282,1098,1184,348,133,215,652,369,283,756,323,433,25,10,15,402,202,200,99,61,38
58602114,101,52,49,21,9,12,22,12,10,34,15,19,0,0,0,20,12,8,4,4,0
58602115,30,17,13,3,2,1,18,9,9,4,3,1,0,0,0,2,1,1,3,2,1
58602118,1563,715,848,220,71,149,448,252,196,556,251,305,16,3,13,287,121,166,36,17,19
58617001,1810,852,958,294,89,205,780,442,338,511,223,288,14,5,9,144,63,81,67,30,37
58618801,948,466,482,128,35,93,387,242,145,260,116,144,9,3,6,103,38,65,61,32,29
58619601,466,223,243,59,13,46,188,116,72,149,63,86,10,2,8,40,18,22,20,11,9
58619602,29,14,15,7,3,4,7,5,2,12,4,8,0,0,0,3,2,1,0,0,0
58620001,321,155,166,46,15,31,136,72,64,86,45,41,4,3,1,30,12,18,19,8,11
58621801,21,10,11,2,0,2,5,4,1,7,3,4,0,0,0,7,3,4,0,0,0
58621802,534,267,267,82,33,49,223,132,91,147,59,88,3,1,2,56,27,29,23,15,8
58622601,563,282,281,79,29,50,234,137,97,151,67,84,3,1,2,75,35,40,21,13,8
58623401,362,194,168,56,22,34,147,102,45,103,45,58,2,0,2,46,19,27,8,6,2
58624201,170,80,90,28,8,20,85,48,37,39,16,23,3,0,3,7,5,2,8,3,5
58625101,26,13,13,6,2,4,13,7,6,5,2,3,0,0,0,1,1,0,1,1,0
58625102,163,79,84,26,5,21,75,44,31,39,19,20,2,0,2,16,8,8,5,3,2
58626901,891,446,445,148,43,105,383,244,139,232,98,134,11,3,8,69,29,40,48,29,19
58627701,710,366,344,100,36,64,263,154,109,212,104,108,10,3,7,103,52,51,22,17,5
58628501,423,205,218,57,12,45,153,100,53,135,60,75,6,1,5,63,26,37,9,6,3
58629301,318,159,159,41,14,27,138,85,53,83,36,47,2,0,2,40,16,24,14,8,6
0784760,0,0,0,0,0,0,0,0,0,0,0,0,0,0,0,0,0,0,0,0,0
0784920,0,0,0,0,0,0,0,0,0,0,0,0,0,0,0,0,0,0,0,0,0
0785310,0,0,0,0,0,0,0,0,0,0,0,0,0,0,0,0,0,0,0,0,0
58630701,543,278,265,91,32,59,221,131,90,152,75,77,8,3,5,45,20,25,26,17,9
58630702,1480,731,749,152,47,105,421,268,153,484,204,280,22,10,12,378,189,189,23,13,10
58630703,604,299,305,78,30,48,200,126,74,203,96,107,5,1,4,104,41,63,14,5,9
58630706,1589,811,778,224,97,127,488,278,210,496,230,266,22,7,15,239,116,123,120,83,37
58630707,81,51,30,21,11,10,35,28,7,10,3,7,2,1,1,7,4,3,6,4,2
58630708,1600,725,875,211,58,153,476,241,235,547,244,303,16,7,9,312,158,154,38,17,21
58630709,896,425,471,131,56,75,320,184,136,271,117,154,9,2,7,138,57,81,27,9,18
58630710,857,384,473,111,39,72,277,138,139,259,107,152,5,2,3,171,83,88,34,15,19
58630711,475,279,196,262,188,74,91,46,45,62,16,46,1,0,1,45,22,23,14,7,7
58630712,1359,623,736,193,71,122,489,267,222,429,174,255,22,6,16,166,75,91,60,30,30
58631501,133,69,64,28,8,20,57,40,17,18,6,12,2,1,1,12,6,6,16,8,8
58632301,1175,579,596,171,52,119,481,302,179,334,147,187,8,2,6,143,57,86,38,19,19
58633101,757,387,370,110,37,73,323,191,132,216,108,108,8,1,7,74,40,34,26,10,16
58634001,669,325,344,117,39,78,266,168,98,186,87,99,7,0,7,66,18,48,27,13,14
58635801,2353,1164,1189,331,112,219,783,484,299,735,316,419,15,4,11,390,195,195,99,53,46
58636601,134,70,64,23,7,16,48,30,18,44,26,18,0,0,0,15,6,9,4,1,3
58637401,792,399,393,129,55,74,293,177,116,220,87,133,12,3,9,103,57,46,35,20,15
58637402,802,393,409,107,35,72,311,193,118,233,97,136,10,6,4,116,50,66,25,12,13
58638201,1463,736,727,178,58,120,638,381,257,432,192,240,18,5,13,135,60,75,62,40,22
58639101,71,33,38,10,2,8,28,19,9,24,9,15,0,0,0,8,3,5,1,0,1
58639102,542,285,257,99,34,65,249,157,92,120,56,64,6,2,4,40,19,21,28,17,11
58640401,1490,716,774,261,72,189,606,379,227,380,159,221,16,1,15,150,59,91,77,46,31
58640402,199,109,90,21,6,15,100,58,42,55,31,24,2,0,2,15,9,6,6,5,1
59335402,259,133,126,48,20,28,111,68,43,62,25,37,1,1,0,14,6,8,23,13,10
58641201,2932,1477,1455,498,166,332,1218,729,489,736,342,394,33,15,18,293,137,156,154,88,66
58642101,717,354,363,109,33,76,322,195,127,193,82,111,11,2,9,55,25,30,27,17,10
58643901,279,134,145,50,12,38,124,72,52,69,33,36,2,2,0,11,4,7,23,11,12
58644701,389,191,198,64,26,38,147,86,61,102,45,57,4,2,2,47,17,30,25,15,10
58645501,18,10,8,2,0,2,13,9,4,1,1,0,1,0,1,1,0,1,0,0,0
58645502,390,211,179,69,29,40,183,109,74,75,40,35,1,1,0,23,10,13,39,22,17
58645503,41,19,22,4,2,2,21,10,11,9,3,6,0,0,0,4,2,2,3,2,1
58645504,60,29,31,16,4,12,28,18,10,10,3,7,1,1,0,4,2,2,1,1,0
58645505,21,11,10,4,1,3,9,7,2,6,3,3,0,0,0,1,0,1,1,0,1
58646301,189,92,97,39,9,30,84,54,30,42,14,28,3,2,1,16,9,7,5,4,1
58647101,185,90,95,30,12,18,84,52,32,38,13,25,2,0,2,16,6,10,15,7,8
58648001,1079,537,542,158,50,108,469,285,184,261,118,143,9,2,7,120,43,77,62,39,23
58649801,1752,862,890,258,90,168,646,384,262,527,233,294,10,2,8,204,93,111,107,60,47
58650101,707,360,347,86,24,62,276,173,103,200,93,107,3,1,2,87,37,50,55,32,23
58651001,3111,1514,1597,471,138,333,1208,726,482,924,406,518,35,13,22,358,163,195,115,68,47
58651002,87,39,48,19,10,9,37,16,21,23,9,14,1,0,1,5,2,3,2,2,0
58652801,144,69,75,32,12,20,58,34,24,36,12,24,0,0,0,18,11,7,0,0,0
58652802,110,57,53,16,5,11,47,28,19,33,16,17,1,0,1,10,6,4,3,2,1
58652803,2083,1041,1042,322,121,201,723,457,266,649,276,373,14,5,9,260,114,146,115,68,47
58652804,496,246,250,67,21,46,161,94,67,169,74,95,5,1,4,61,31,30,33,25,8
58653601,125,66,59,21,9,12,60,37,23,18,8,10,1,0,1,16,9,7,9,3,6
58654401,418,205,213,65,21,44,161,94,67,128,58,70,4,1,3,42,19,23,18,12,6
58655201,677,323,354,110,34,76,293,171,122,162,67,95,9,0,9,77,37,40,26,14,12
58656101,793,397,396,133,42,91,358,208,150,189,92,97,9,3,6,67,32,35,37,20,17
58657901,302,146,156,39,13,26,125,73,52,98,45,53,3,1,2,20,7,13,17,7,10
3140810,0,0,0,0,0,0,0,0,0,0,0,0,0,0,0,0,0,0,0,0,0
3400060,0,0,0,0,0,0,0,0,0,0,0,0,0,0,0,0,0,0,0,0,0
58658702,99,57,42,15,11,4,13,8,5,39,22,17,1,1,0,31,15,16,0,0,0
58658703,21,11,10,3,1,2,6,5,1,10,3,7,0,0,0,1,1,0,1,1,0
58658704,2197,1028,1169,300,102,198,746,392,354,712,321,391,25,11,14,304,141,163,110,61,49
58658705,1239,605,634,162,61,101,400,234,166,420,196,224,17,2,15,219,101,118,21,11,10
58658706,53,26,27,8,4,4,17,8,9,15,9,6,0,0,0,13,5,8,0,0,0
58658707,938,462,476,116,43,73,326,197,129,322,138,184,9,2,7,131,64,67,34,18,16
58658709,25,12,13,5,2,3,8,4,4,10,4,6,0,0,0,2,2,0,0,0,0
58659501,484,256,228,53,21,32,172,100,72,174,87,87,3,1,2,63,33,30,19,14,5
58660901,988,485,503,146,50,96,363,224,139,307,128,179,11,3,8,102,48,54,59,32,27
58661701,318,158,160,72,24,48,143,90,53,63,30,33,3,0,3,14,4,10,23,10,13
58661702,92,44,48,17,6,11,27,20,7,29,11,18,1,0,1,12,5,7,6,2,4
58662501,1247,618,629,205,69,136,466,290,176,365,163,202,11,2,9,153,72,81,47,22,25
58662502,1615,811,804,258,83,175,630,377,253,453,217,236,26,4,22,168,82,86,80,48,32
58663301,292,150,142,54,15,39,129,82,47,66,30,36,3,0,3,23,9,14,17,14,3
58664101,1816,895,921,336,104,232,724,433,291,469,213,256,16,0,16,169,83,86,102,62,40
58665001,444,221,223,73,26,47,199,118,81,109,47,62,3,1,2,31,13,18,29,16,13
58666801,712,351,361,123,39,84,322,190,132,165,80,85,8,0,8,59,22,37,35,20,15
58667601,322,159,163,52,19,33,132,81,51,85,36,49,6,1,5,25,11,14,22,11,11
58668401,45,26,19,6,2,4,13,10,3,15,8,7,0,0,0,7,3,4,4,3,1
58668402,707,343,364,127,46,81,275,171,104,208,85,123,4,2,2,61,20,41,32,19,13
58669201,598,290,308,77,26,51,252,145,107,174,70,104,13,5,8,65,32,33,17,12,5
58670601,1728,875,853,299,108,191,740,455,285,425,201,224,19,6,13,165,65,100,80,40,40
58671401,2383,1172,1211,389,139,250,850,506,344,655,292,363,22,8,14,344,168,176,123,59,64
1807000,0,0,0,0,0,0,0,0,0,0,0,0,0,0,0,0,0,0,0,0,0
3217450,0,0,0,0,0,0,0,0,0,0,0,0,0,0,0,0,0,0,0,0,0
3217530,0,0,0,0,0,0,0,0,0,0,0,0,0,0,0,0,0,0,0,0,0
58672203,636,321,315,93,35,58,243,155,88,214,91,123,3,1,2,62,27,35,21,12,9
58672204,710,357,353,106,34,72,298,182,116,212,96,116,3,1,2,64,30,34,27,14,13
58672206,24,13,11,5,1,4,11,10,1,7,1,6,0,0,0,1,1,0,0,0,0
58672207,70,34,36,13,4,9,15,8,7,23,14,9,3,0,3,13,7,6,3,1,2
58672208,455,214,241,77,25,52,188,105,83,130,62,68,4,2,2,34,11,23,22,9,13
58672209,2203,984,1219,391,129,262,853,440,413,619,268,351,20,5,15,234,97,137,86,45,41
58672210,3153,1516,1637,394,132,262,1049,605,444,1105,487,618,36,17,19,464,222,242,105,53,52
58672211,1566,782,784,238,82,156,504,289,215,451,206,245,16,5,11,187,82,105,170,118,52
58672212,183,86,97,29,9,20,63,38,25,54,23,31,0,0,0,28,12,16,9,4,5
58673101,407,211,196,66,29,37,162,98,64,115,48,67,3,1,2,37,21,16,24,14,10
58674901,833,421,412,145,46,99,313,191,122,237,107,130,9,2,7,92,50,42,37,25,12
58675701,679,331,348,85,30,55,286,154,132,199,92,107,10,4,6,76,38,38,23,13,10
58675702,1710,835,875,230,73,157,698,421,277,462,206,256,22,4,18,224,97,127,74,34,40
58676501,3699,1781,1918,485,166,319,1396,823,573,1135,488,647,58,16,42,470,200,270,155,88,67
58677301,499,260,239,76,33,43,173,114,59,151,65,86,5,0,5,69,34,35,25,14,11
58678101,602,307,295,83,25,58,308,182,126,134,66,68,6,3,3,44,16,28,27,15,12
58679001,46,21,25,10,4,6,19,10,9,9,3,6,0,0,0,7,4,3,1,0,1
58679002,25,14,11,3,2,1,10,6,4,11,6,5,0,0,0,1,0,1,0,0,0
58679003,814,403,411,112,48,64,287,166,121,243,106,137,11,2,9,130,62,68,31,19,12
58680301,2089,1041,1048,293,110,183,801,472,329,649,288,361,21,9,12,224,109,115,101,53,48
58681101,423,207,216,48,13,35,192,115,77,123,45,78,9,2,7,31,20,11,20,12,8
58682001,823,411,412,148,51,97,362,210,152,184,84,100,4,2,2,80,39,41,45,25,20
58683801,155,80,75,23,5,18,75,46,29,37,19,18,3,1,2,7,3,4,10,6,4
59289701,198,95,103,43,16,27,74,45,29,54,22,32,3,0,3,12,5,7,12,7,5
59290101,420,204,216,76,26,50,168,101,67,111,44,67,8,3,5,44,21,23,13,9,4
59290102,159,84,75,16,7,9,66,42,24,43,17,26,3,1,2,24,13,11,7,4,3
59290103,125,62,63,25,7,18,53,36,17,36,12,24,0,0,0,11,7,4,0,0,0
59291901,988,482,506,124,45,79,403,250,153,295,114,181,20,2,18,112,55,57,34,16,18
59292701,743,363,380,98,31,67,281,164,117,224,99,125,7,1,6,99,47,52,34,21,13
0141250,0,0,0,0,0,0,0,0,0,0,0,0,0,0,0,0,0,0,0,0,0
3299410,0,0,0,0,0,0,0,0,0,0,0,0,0,0,0,0,0,0,0,0,0
3918670,0,0,0,0,0,0,0,0,0,0,0,0,0,0,0,0,0,0,0,0,0
3918750,0,0,0,0,0,0,0,0,0,0,0,0,0,0,0,0,0,0,0,0,0
3918830,0,0,0,0,0,0,0,0,0,0,0,0,0,0,0,0,0,0,0,0,0
3918910,0,0,0,0,0,0,0,0,0,0,0,0,0,0,0,0,0,0,0,0,0
3919050,0,0,0,0,0,0,0,0,0,0,0,0,0,0,0,0,0,0,0,0,0
3148110,0,0,0,0,0,0,0,0,0,0,0,0,0,0,0,0,0,0,0,0,0
3399620,0,0,0,0,0,0,0,0,0,0,0,0,0,0,0,0,0,0,0,0,0
3399710,0,0,0,0,0,0,0,0,0,0,0,0,0,0,0,0,0,0,0,0,0
3399890,0,0,0,0,0,0,0,0,0,0,0,0,0,0,0,0,0,0,0,0,0
59294301,640,327,313,89,37,52,258,144,114,172,72,100,10,6,4,81,49,32,30,19,11
59294302,303,152,151,50,24,26,125,75,50,88,30,58,1,1,0,33,19,14,6,3,3
59294303,456,224,232,67,20,47,173,109,64,131,57,74,2,1,1,49,20,29,34,17,17
59294304,312,160,152,51,17,34,114,71,43,90,45,45,0,0,0,43,21,22,14,6,8
59294305,593,275,318,100,37,63,198,111,87,187,72,115,7,4,3,78,39,39,23,12,11
59294306,737,369,368,107,39,68,242,132,110,220,105,115,11,3,8,127,70,57,30,20,10
59294307,121,59,62,15,6,9,38,22,16,37,16,21,2,2,0,26,12,14,3,1,2
59294308,1587,796,791,287,115,172,552,323,229,419,189,230,17,4,13,174,80,94,138,85,53
59294309,343,160,183,39,11,28,108,65,43,110,42,68,3,2,1,78,38,40,5,2,3
59294310,364,189,175,44,17,27,79,51,28,119,60,59,5,0,5,103,55,48,14,6,8
59297801,230,117,113,44,19,25,95,58,37,55,25,30,5,2,3,19,8,11,12,5,7
59298601,185,98,87,24,7,17,71,49,22,52,24,28,5,3,2,23,9,14,10,6,4
59299401,762,369,393,115,38,77,284,170,114,231,93,138,14,8,6,89,43,46,29,17,12
59300101,1986,986,1000,270,96,174,668,391,277,594,276,318,32,9,23,357,179,178,65,35,30
59301001,485,230,255,74,32,42,210,118,92,116,43,73,4,1,3,50,19,31,31,17,14
59302802,751,382,369,75,29,46,257,148,109,209,95,114,10,3,7,109,55,54,91,52,39
55021302,658,332,326,80,30,50,214,132,82,204,85,119,8,1,7,127,69,58,25,15,10
59303601,362,180,182,57,20,37,159,100,59,78,27,51,7,2,5,48,27,21,13,4,9
59303602,42,19,23,11,4,7,17,7,10,6,4,2,0,0,0,6,3,3,2,1,1
59304401,846,400,446,137,39,98,319,183,136,223,106,117,20,5,15,110,46,64,37,21,16
55082501,226,112,114,24,11,13,57,36,21,82,37,45,1,0,1,57,25,32,5,3,2
55082502,813,420,393,77,23,54,243,152,91,261,135,126,15,4,11,191,92,99,26,14,12
55082503,146,73,73,18,10,8,73,36,37,29,13,16,2,0,2,20,12,8,4,2,2
59305201,680,340,340,87,25,62,252,158,94,227,104,123,11,1,10,88,45,43,15,7,8
59306101,320,170,150,45,20,25,130,75,55,93,51,42,3,1,2,35,14,21,14,9,5
59306102,194,99,95,24,14,10,71,38,33,58,23,35,2,0,2,27,13,14,12,11,1
59307901,642,317,325,77,29,48,243,141,102,197,87,110,9,2,7,77,34,43,39,24,15
59308701,448,211,237,61,20,41,150,94,56,103,47,56,2,0,2,28,13,15,104,37,67
59308703,65,29,36,16,4,12,14,8,6,24,13,11,2,0,2,7,3,4,2,1,1
59309501,216,109,107,37,10,27,88,51,37,63,31,32,5,1,4,14,10,4,9,6,3
59311701,440,216,224,64,18,46,201,116,85,120,55,65,6,1,5,29,15,14,20,11,9
59311702,2024,972,1052,293,105,188,824,451,373,567,245,322,28,8,20,215,99,116,97,64,33
59312502,322,160,162,40,10,30,131,84,47,88,37,51,5,1,4,38,17,21,20,11,9
59314101,573,294,279,72,27,45,186,124,62,192,88,104,9,3,6,91,41,50,23,11,12
59315001,214,112,102,37,9,28,99,63,36,48,25,23,2,0,2,17,9,8,11,6,5
59315002,78,41,37,8,2,6,33,21,12,24,11,13,1,0,1,7,4,3,5,3,2
59316801,604,297,307,75,25,50,230,127,103,180,92,88,4,1,3,89,36,53,26,16,10
55010801,298,158,140,42,16,26,115,74,41,85,37,48,3,1,2,36,20,16,17,10,7
59318401,98,51,47,16,5,11,39,25,14,21,10,11,2,0,2,15,6,9,5,5,0
3207650,0,0,0,0,0,0,0,0,0,0,0,0,0,0,0,0,0,0,0,0,0
59319201,325,160,165,41,7,34,111,69,42,116,59,57,4,0,4,44,18,26,9,7,2
59321401,1542,762,780,170,69,101,507,303,204,512,213,299,24,6,18,294,144,150,35,27,8
59322201,652,329,323,101,37,64,232,148,84,206,89,117,14,8,6,73,36,37,26,11,15
59323101,120,60,60,15,6,9,49,31,18,37,15,22,2,0,2,11,4,7,6,4,2
59324901,372,183,189,61,14,47,166,101,65,86,35,51,7,2,5,34,18,16,18,13,5
59325701,1121,552,569,150,45,105,428,244,184,319,147,172,23,2,21,139,73,66,62,41,21
59326501,566,283,283,56,23,33,205,119,86,199,90,109,7,2,5,77,34,43,22,15,7
59327301,790,401,389,92,44,48,251,155,96,241,101,140,9,2,7,164,83,81,33,16,17
59328101,224,114,110,28,10,18,89,57,32,68,29,39,5,1,4,22,9,13,12,8,4
59329001,104,57,47,17,9,8,58,33,25,12,6,6,0,0,0,5,3,2,12,6,6
55014101,291,139,152,46,16,30,123,71,52,74,32,42,3,1,2,38,16,22,7,3,4
59332001,572,294,278,96,46,50,243,147,96,149,53,96,2,0,2,63,34,29,19,14,5
59333801,18,9,9,5,1,4,8,4,4,3,2,1,0,0,0,2,2,0,0,0,0
59333802,272,143,129,44,19,25,103,58,45,75,35,40,1,0,1,33,22,11,16,9,7
59334601,460,231,229,70,20,50,189,119,70,117,52,65,5,3,2,45,22,23,34,15,19
55704801,382,195,187,65,19,46,150,94,56,91,42,49,8,1,7,42,21,21,26,18,8
59337101,636,315,321,86,20,66,256,151,105,177,91,86,7,4,3,91,40,51,19,9,10
59338901,249,124,125,29,10,19,97,53,44,83,37,46,1,0,1,25,14,11,14,10,4
59339701,580,289,291,68,22,46,173,100,73,173,89,84,7,1,6,135,64,71,24,13,11
59340101,336,174,162,57,25,32,132,71,61,91,48,43,4,2,2,35,19,16,17,9,8
59341901,280,140,140,32,13,19,110,61,49,78,40,38,1,0,1,45,18,27,14,8,6
59341902,261,136,125,45,19,26,100,57,43,69,32,37,7,3,4,27,14,13,13,11,2
59341903,138,74,64,24,9,15,51,37,14,43,18,25,1,1,0,14,6,8,5,3,2
59341904,224,116,108,35,12,23,104,61,43,55,28,27,1,1,0,22,11,11,7,3,4
59342701,32,19,13,3,3,0,8,5,3,12,6,6,0,0,0,8,4,4,1,1,0
59342702,315,157,158,36,9,27,120,74,46,106,51,55,4,1,3,35,17,18,14,5,9
59343501,616,307,309,78,29,49,253,142,111,166,77,89,9,1,8,77,37,40,33,21,12
59344301,35,21,14,4,1,3,17,12,5,10,6,4,1,0,1,1,0,1,2,2,0
59344302,44,22,22,10,2,8,19,12,7,11,5,6,0,0,0,3,2,1,1,1,0
55013201,479,245,234,66,27,39,162,98,64,131,62,69,5,0,5,103,50,53,12,8,4
55013202,48,25,23,3,2,1,19,11,8,16,6,10,1,0,1,7,5,2,2,1,1
59346001,269,137,132,48,17,31,100,61,39,71,35,36,5,2,3,29,14,15,16,8,8
59347801,1293,658,635,184,73,111,548,317,231,314,150,164,12,1,11,167,76,91,68,41,27
55079501,201,100,101,32,8,24,89,48,41,53,30,23,3,1,2,17,7,10,7,6,1
3303610,0,0,0,0,0,0,0,0,0,0,0,0,0,0,0,0,0,0,0,0,0
59348601,147,80,67,25,13,12,58,35,23,45,19,26,4,1,3,8,7,1,7,5,2
55017501,351,174,177,47,10,37,137,92,45,97,43,54,4,0,4,48,21,27,18,8,10
59349401,54,27,27,6,0,6,18,11,7,13,9,4,1,1,0,13,4,9,3,2,1
59349402,449,232,217,63,24,39,181,105,76,123,56,67,2,0,2,59,33,26,21,14,7
59350801,629,309,320,65,22,43,204,122,82,215,97,118,10,5,5,115,52,63,20,11,9
59350802,859,423,436,102,41,61,294,162,132,267,122,145,23,8,15,133,67,66,40,23,17
59351601,446,230,216,54,22,32,152,101,51,143,51,92,6,2,4,74,42,32,17,12,5
59351602,559,278,281,75,30,45,202,123,79,169,74,95,7,2,5,78,33,45,28,16,12
59352401,248,129,119,26,10,16,85,60,25,74,29,45,1,0,1,48,21,27,14,9,5
59352402,83,44,39,22,10,12,24,15,9,20,10,10,0,0,0,13,7,6,4,2,2
59353201,536,274,262,73,24,49,223,138,85,136,66,70,8,2,6,66,26,40,30,18,12
55489801,304,157,147,36,14,22,132,82,50,72,29,43,3,0,3,40,19,21,21,13,8
55489802,128,65,63,15,8,7,55,36,19,35,8,27,0,0,0,11,6,5,12,7,5
3148710,0,0,0,0,0,0,0,0,0,0,0,0,0,0,0,0,0,0,0,0,0
3148890,0,0,0,0,0,0,0,0,0,0,0,0,0,0,0,0,0,0,0,0,0
3149010,0,0,0,0,0,0,0,0,0,0,0,0,0,0,0,0,0,0,0,0,0
3149190,0,0,0,0,0,0,0,0,0,0,0,0,0,0,0,0,0,0,0,0,0
59355901,337,162,175,55,21,34,117,71,46,100,40,60,4,0,4,52,26,26,9,4,5
59355902,251,126,125,37,15,22,97,58,39,74,34,40,2,1,1,29,13,16,12,5,7
59355903,577,271,306,57,18,39,202,113,89,184,79,105,7,1,6,110,52,58,17,8,9
59355904,561,281,280,81,36,45,194,108,86,185,95,90,12,0,12,77,35,42,12,7,5
59355905,36,25,11,8,4,4,13,10,3,3,2,1,0,0,0,2,2,0,10,7,3
59355906,125,62,63,14,4,10,47,24,23,44,22,22,0,0,0,17,9,8,3,3,0
59355907,394,190,204,56,14,42,132,83,49,116,51,65,7,4,3,67,31,36,16,7,9
59355908,267,129,138,42,9,33,97,65,32,75,27,48,3,2,1,37,21,16,13,5,8
59355909,325,157,168,44,15,29,107,55,52,106,51,55,2,1,1,58,30,28,8,5,3
59355910,817,377,440,81,29,52,282,155,127,263,103,160,10,1,9,121,58,63,60,31,29
59355911,354,188,166,54,20,34,106,66,40,97,48,49,3,1,2,41,17,24,53,36,17
59355912,556,266,290,62,29,33,118,64,54,191,86,105,15,5,10,152,71,81,18,11,7
59356701,501,251,250,46,13,33,178,100,78,166,83,83,7,1,6,89,44,45,15,10,5
55397201,104,51,53,18,4,14,48,25,23,22,12,10,0,0,0,9,4,5,7,6,1
55397202,119,62,57,17,5,12,55,33,22,26,14,12,1,0,1,17,7,10,3,3,0
3045220,0,0,0,0,0,0,0,0,0,0,0,0,0,0,0,0,0,0,0,0,0
3045730,0,0,0,0,0,0,0,0,0,0,0,0,0,0,0,0,0,0,0,0,0
3045900,0,0,0,0,0,0,0,0,0,0,0,0,0,0,0,0,0,0,0,0,0
3046380,0,0,0,0,0,0,0,0,0,0,0,0,0,0,0,0,0,0,0,0,0
3046460,0,0,0,0,0,0,0,0,0,0,0,0,0,0,0,0,0,0,0,0,0
59358301,742,342,400,80,21,59,244,147,97,246,98,148,12,3,9,122,58,64,38,15,23
59358302,1532,722,810,211,74,137,475,267,208,462,199,263,23,11,12,305,137,168,56,34,22
59358303,52,27,25,4,1,3,16,10,6,16,6,10,1,1,0,14,9,5,1,0,1
59358304,488,244,244,57,23,34,183,111,72,155,69,86,9,3,6,68,28,40,16,10,6
59358305,13,7,6,0,0,0,1,0,1,4,3,1,1,0,1,7,4,3,0,0,0
59358306,706,334,372,73,20,53,142,84,58,231,105,126,8,2,6,231,115,116,21,8,13
59358307,896,452,444,119,52,67,280,159,121,251,123,128,15,5,10,149,66,83,82,47,35
59358308,946,451,495,106,44,62,316,170,146,288,126,162,20,5,15,175,85,90,41,21,20
59358309,393,182,211,21,8,13,55,34,21,124,56,68,8,4,4,176,74,102,9,6,3
59359101,273,131,142,44,11,33,119,72,47,72,28,44,1,1,0,25,14,11,12,5,7
59360501,51,28,23,8,4,4,18,11,7,17,9,8,1,0,1,7,4,3,0,0,0
59360502,353,173,180,61,15,46,146,88,58,88,46,42,8,2,6,32,12,20,18,10,8
59361301,850,412,438,122,48,74,310,181,129,241,108,133,13,2,11,111,43,68,53,30,23
59362101,784,402,382,88,32,56,372,217,155,202,89,113,9,4,5,85,44,41,28,16,12
59363001,274,135,139,55,22,33,97,56,41,81,38,43,3,2,1,35,16,19,3,1,2
59364801,466,236,230,57,14,43,173,103,70,132,65,67,7,3,4,66,32,34,31,19,12
55019101,202,102,100,32,10,22,98,61,37,50,19,31,2,1,1,12,8,4,8,3,5
59365601,361,186,175,59,23,36,148,86,62,92,41,51,6,2,4,37,21,16,19,13,6
59366401,602,289,313,72,24,48,221,141,80,201,80,121,16,1,15,72,34,38,20,9,11
59368101,985,498,487,133,43,90,360,209,151,286,138,148,15,4,11,141,71,70,50,33,17
1886110,0,0,0,0,0,0,0,0,0,0,0,0,0,0,0,0,0,0,0,0,0
1886200,0,0,0,0,0,0,0,0,0,0,0,0,0,0,0,0,0,0,0,0,0
1886380,0,0,0,0,0,0,0,0,0,0,0,0,0,0,0,0,0,0,0,0,0
1886710,0,0,0,0,0,0,0,0,0,0,0,0,0,0,0,0,0,0,0,0,0
1887600,0,0,0,0,0,0,0,0,0,0,0,0,0,0,0,0,0,0,0,0,0
1887860,0,0,0,0,0,0,0,0,0,0,0,0,0,0,0,0,0,0,0,0,0
1888080,0,0,0,0,0,0,0,0,0,0,0,0,0,0,0,0,0,0,0,0,0
3404300,0,0,0,0,0,0,0,0,0,0,0,0,0,0,0,0,0,0,0,0,0
59288901,315,150,165,39,20,19,102,52,50,98,42,56,2,0,2,60,31,29,14,5,9
59288904,310,146,164,43,14,29,106,65,41,95,36,59,5,1,4,50,25,25,11,5,6
59288905,29,14,15,6,2,4,11,7,4,8,2,6,0,0,0,3,2,1,1,1,0
59288906,465,230,235,63,22,41,164,95,69,128,61,67,8,3,5,86,40,46,16,9,7
59288907,290,145,145,35,14,21,110,72,38,108,45,63,2,0,2,28,10,18,7,4,3
59288909,1159,566,593,121,47,74,320,179,141,398,181,217,18,3,15,279,143,136,23,13,10
59288910,461,212,249,45,21,24,120,53,67,140,53,87,13,2,11,130,78,52,13,5,8
59288911,1743,823,920,168,77,91,472,226,246,612,251,361,33,12,21,402,225,177,56,32,24
59288912,71,28,43,3,0,3,24,10,14,23,11,12,1,0,1,18,5,13,2,2,0
59288913,1457,660,797,181,76,105,489,237,252,474,210,264,18,2,16,233,104,129,62,31,31
59288914,1087,538,549,154,65,89,319,176,143,348,163,185,14,5,9,213,111,102,39,18,21
59288915,294,148,146,40,14,26,119,74,45,87,40,47,2,0,2,41,17,24,5,3,2
59288916,510,241,269,58,20,38,151,87,64,162,70,92,5,0,5,113,56,57,21,8,13
59288917,401,134,267,103,15,88,132,53,79,109,40,69,3,1,2,41,22,19,13,3,10
59288918,638,291,347,78,26,52,217,107,110,217,97,120,3,2,1,108,51,57,15,8,7
59288919,939,468,471,85,38,47,237,142,95,360,152,208,20,8,12,211,113,98,26,15,11
59288920,469,237,232,63,29,34,100,63,37,147,61,86,8,3,5,133,69,64,18,12,6
59288921,571,338,233,103,51,52,140,87,53,117,65,52,4,1,3,48,26,22,159,108,51
59288922,341,171,170,40,18,22,91,50,41,127,54,73,5,4,1,74,41,33,4,4,0
59288923,132,76,56,41,17,24,47,30,17,16,12,4,6,5,1,14,8,6,8,4,4
59288924,140,66,74,12,1,11,44,28,16,50,21,29,1,0,1,31,16,15,2,0,2
59288925,56,28,28,8,5,3,23,13,10,12,5,7,0,0,0,12,4,8,1,1,0
59288926,178,102,76,13,5,8,23,13,10,45,21,24,14,5,9,8,3,5,75,55,20
59288927,3665,1682,1983,427,143,284,1010,515,495,1218,521,697,49,14,35,811,411,400,150,78,72
59288928,1242,558,684,144,47,97,376,178,198,439,198,241,16,2,14,220,106,114,47,27,20
59288929,239,108,131,24,6,18,62,30,32,78,34,44,6,4,2,66,32,34,3,2,1
59369901,549,269,280,72,32,40,178,114,64,172,73,99,10,2,8,102,43,59,15,5,10
59370201,238,116,122,35,12,23,72,47,25,74,27,47,4,2,2,42,21,21,11,7,4
59372901,237,119,118,29,8,21,95,60,35,79,32,47,2,2,0,24,12,12,8,5,3
59373701,151,78,73,28,10,18,72,47,25,30,13,17,1,0,1,15,5,10,5,3,2
59373702,66,38,28,8,1,7,34,25,9,13,7,6,1,0,1,8,3,5,2,2,0
59373703,86,45,41,16,3,13,35,26,9,23,8,15,0,0,0,8,6,2,4,2,2
59374501,172,87,85,33,12,21,61,37,24,40,23,17,4,0,4,25,10,15,9,5,4
59375301,91,43,48,11,4,7,30,16,14,21,8,13,0,0,0,20,12,8,9,3,6
59375302,33,20,13,10,6,4,16,9,7,5,4,1,0,0,0,2,1,1,0,0,0
59376101,68,36,32,14,6,8,30,19,11,9,5,4,2,0,2,6,2,4,7,4,3
59377001,365,187,178,58,20,38,160,103,57,96,43,53,4,0,4,37,15,22,10,6,4
59377002,615,300,315,87,33,54,253,138,115,185,86,99,8,2,6,60,26,34,22,15,7
59378801,546,276,270,65,24,41,236,137,99,152,75,77,7,2,5,63,25,38,23,13,10
59379601,153,83,70,31,12,19,64,42,22,42,21,21,0,0,0,11,5,6,5,3,2
59380001,316,165,151,89,42,47,133,80,53,60,27,33,2,0,2,14,7,7,18,9,9
59381801,136,76,60,19,6,13,53,33,20,32,15,17,2,1,1,19,10,9,11,11,0
59382601,32,18,14,5,1,4,15,11,4,6,4,2,0,0,0,6,2,4,0,0,0
59382602,55,30,25,6,3,3,23,15,8,16,6,10,1,0,1,3,2,1,6,4,2
59382603,28,15,13,5,2,3,7,5,2,9,4,5,0,0,0,6,3,3,1,1,0
59382604,752,377,375,144,54,90,296,187,109,175,70,105,11,6,5,55,18,37,71,42,29
59382605,458,219,239,110,43,67,222,114,108,80,38,42,1,1,0,21,9,12,24,14,10
59384201,693,328,365,218,80,138,270,162,108,130,55,75,4,2,2,34,9,25,37,20,17
59385101,478,236,242,83,30,53,155,94,61,143,59,84,6,1,5,65,36,29,26,16,10
59386901,245,126,119,51,16,35,116,75,41,44,19,25,3,0,3,22,11,11,9,5,4
59387701,185,98,87,25,8,17,104,60,44,37,21,16,2,1,1,10,4,6,7,4,3
59388501,80,36,44,16,6,10,31,17,14,23,8,15,2,1,1,7,4,3,1,0,1
59389301,127,71,56,17,9,8,57,27,30,36,23,13,0,0,0,9,5,4,8,7,1
59390701,297,150,147,57,27,30,131,74,57,73,29,44,1,0,1,21,11,10,14,9,5
59392301,212,104,108,24,6,18,90,54,36,75,34,41,2,2,0,18,6,12,3,2,1
59393101,332,166,166,55,17,38,134,90,44,97,35,62,4,2,2,32,14,18,10,8,2
54694101,1920,952,968,303,118,185,705,431,274,573,244,329,27,4,23,233,111,122,79,44,35
59395801,113,53,60,19,7,12,43,22,21,34,14,20,1,1,0,10,5,5,6,4,2
59396601,395,200,195,55,20,35,162,99,63,115,54,61,3,0,3,53,23,30,7,4,3
59397401,705,359,346,138,53,85,342,211,131,147,59,88,6,1,5,37,12,25,35,23,12
59398201,448,220,228,81,31,50,174,98,76,129,60,69,7,1,6,36,16,20,21,14,7
59399101,415,202,213,82,24,58,160,97,63,107,48,59,3,0,3,43,19,24,20,14,6
59400801,122,59,63,25,8,17,59,36,23,27,11,16,0,0,0,6,1,5,5,3,2
59401601,156,79,77,31,13,18,67,39,28,46,22,24,0,0,0,9,3,6,3,2,1
59402401,255,128,127,48,19,29,93,56,37,77,39,38,5,2,3,21,6,15,11,6,5
59403201,1111,556,555,239,84,155,482,293,189,241,103,138,6,1,5,58,24,34,85,51,34
59404101,674,338,336,111,43,68,293,180,113,160,66,94,10,2,8,79,36,43,21,11,10
59405901,262,127,135,50,20,30,84,52,32,85,36,49,5,0,5,24,12,12,14,7,7
59406701,1386,688,698,278,114,164,514,304,210,380,172,208,21,5,16,133,54,79,60,39,21
59407501,42,20,22,10,5,5,16,9,7,6,2,4,1,1,0,9,3,6,0,0,0
59407502,166,86,80,29,12,17,86,52,34,35,17,18,1,0,1,11,1,10,4,4,0
59408301,243,123,120,26,10,16,133,79,54,57,23,34,2,0,2,17,9,8,8,2,6
59409101,206,101,105,28,6,22,99,63,36,47,21,26,1,0,1,22,6,16,9,5,4
59409102,306,158,148,42,14,28,133,81,52,74,35,39,2,0,2,39,16,23,16,12,4
59410501,231,115,116,39,13,26,95,59,36,64,31,33,2,0,2,22,7,15,9,5,4
59411301,866,446,420,181,67,114,383,247,136,184,74,110,11,4,7,71,33,38,36,21,15
59411302,156,77,79,22,10,12,46,31,15,48,21,27,7,0,7,30,13,17,3,2,1
59411303,105,54,51,20,8,12,55,35,20,22,8,14,2,0,2,3,1,2,3,2,1
59411304,230,107,123,30,10,20,114,60,54,59,28,31,2,0,2,12,3,9,13,6,7
59412101,384,186,198,83,30,53,150,89,61,78,40,38,5,0,5,25,11,14,43,16,27
59413002,702,357,345,154,56,98,333,197,136,130,57,73,4,2,2,27,13,14,54,32,22
59414801,767,392,375,153,51,102,355,217,138,166,74,92,7,2,5,42,16,26,44,32,12
59415602,2557,1263,1294,418,153,265,981,553,428,723,333,390,20,8,12,237,108,129,178,108,70
59415603,110,67,43,15,9,6,57,36,21,23,13,10,1,1,0,7,3,4,7,5,2
59416402,84,48,36,9,2,7,38,22,16,17,11,6,1,1,0,13,7,6,6,5,1
3314900,0,0,0,0,0,0,0,0,0,0,0,0,0,0,0,0,0,0,0,0,0
59417201,502,246,256,102,40,62,197,116,81,130,55,75,6,2,4,47,21,26,20,12,8
59418101,364,192,172,37,17,20,174,100,74,102,56,46,4,1,3,33,10,23,14,8,6
59419901,989,505,484,204,87,117,445,253,192,192,82,110,10,2,8,63,27,36,75,54,21
59420201,28,14,14,2,0,2,15,9,6,5,2,3,1,0,1,5,3,2,0,0,0
59420202,952,466,486,176,70,106,333,191,142,260,117,143,8,2,6,116,54,62,59,32,27
59421101,386,190,196,30,10,20,175,91,84,107,57,50,4,1,3,50,20,30,20,11,9
59421102,242,124,118,38,15,23,98,68,30,67,22,45,5,3,2,28,12,16,6,4,2
59422901,374,188,186,61,24,37,165,97,68,88,36,52,3,0,3,31,13,18,26,18,8
55084101,43,19,24,10,2,8,16,10,6,6,2,4,1,0,1,7,3,4,3,2,1
59423701,125,60,65,32,8,24,64,37,27,17,8,9,1,0,1,5,3,2,6,4,2
59425301,129,65,64,18,3,15,76,46,30,28,11,17,0,0,0,3,2,1,4,3,1
59426101,466,231,235,88,29,59,171,109,62,127,53,74,0,0,0,58,27,31,22,13,9
59427001,459,225,234,89,25,64,228,139,89,106,46,60,4,0,4,17,6,11,15,9,6
59428801,97,52,45,17,7,10,51,32,19,22,10,12,0,0,0,4,3,1,3,0,3
55008601,195,97,98,43,11,32,93,60,33,37,16,21,1,0,1,14,7,7,7,3,4
59429601,137,68,69,18,6,12,62,36,26,39,18,21,1,0,1,11,3,8,6,5,1
59430001,771,380,391,141,42,99,305,189,116,205,92,113,12,1,11,83,42,41,25,14,11
59431801,115,50,65,28,7,21,46,27,19,33,12,21,0,0,0,6,2,4,2,2,0
59432602,176,88,88,51,28,23,88,45,43,17,6,11,1,0,1,6,5,1,13,4,9
59433401,330,168,162,52,27,25,125,72,53,87,42,45,6,2,4,36,16,20,24,9,15
59433402,84,45,39,17,9,8,27,17,10,25,11,14,4,1,3,3,2,1,8,5,3
59434201,204,106,98,37,19,18,92,57,35,53,22,31,4,0,4,13,6,7,5,2,3
59435101,193,102,91,26,11,15,87,53,34,51,23,28,0,0,0,22,11,11,7,4,3
59436901,387,194,193,66,23,43,160,88,72,89,43,46,8,2,6,26,15,11,38,23,15
59438501,50,26,24,5,1,4,26,13,13,10,6,4,0,0,0,4,2,2,5,4,1
59439301,221,114,107,44,20,24,93,56,37,48,21,27,0,0,0,30,13,17,6,4,2
59440701,304,161,143,72,24,48,144,90,54,60,31,29,2,1,1,14,8,6,12,7,5
59441501,418,211,207,66,22,44,157,92,65,120,60,60,7,0,7,54,32,22,14,5,9
59442301,151,78,73,34,14,20,62,38,24,38,18,20,1,0,1,6,3,3,10,5,5
59443101,521,265,256,82,25,57,230,147,83,134,60,74,6,1,5,50,20,30,19,12,7
59444001,174,89,85,29,9,20,77,53,24,45,21,24,2,0,2,16,3,13,5,3,2
59445801,126,67,59,21,11,10,70,39,31,21,9,12,1,0,1,9,6,3,4,2,2
59445802,2372,1146,1226,359,123,236,970,584,386,616,250,366,36,9,27,289,124,165,102,56,46
59446601,295,146,149,37,6,31,134,87,47,85,31,54,4,2,2,24,14,10,11,6,5
59447401,198,94,104,53,16,37,87,51,36,37,15,22,2,1,1,14,8,6,5,3,2
3405020,0,0,0,0,0,0,0,0,0,0,0,0,0,0,0,0,0,0,0,0,0
59448201,396,193,203,56,20,36,183,97,86,104,54,50,7,2,5,38,17,21,8,3,5
59448202,247,121,126,29,11,18,91,55,36,78,31,47,3,2,1,37,18,19,9,4,5
59448205,130,64,66,11,2,9,57,35,22,39,12,27,0,0,0,18,12,6,5,3,2
59448206,381,202,179,46,18,28,158,95,63,113,54,59,2,1,1,51,30,21,11,4,7
59448207,15,7,8,1,0,1,5,4,1,5,1,4,1,0,1,3,2,1,0,0,0
59448209,959,433,526,156,43,113,320,177,143,284,125,159,19,4,15,153,67,86,27,17,10
59448210,25,15,10,2,0,2,9,7,2,7,4,3,0,0,0,7,4,3,0,0,0
59448211,695,338,357,99,33,66,245,128,117,188,87,101,12,3,9,91,41,50,60,46,14
59448212,29,14,15,4,0,4,12,7,5,6,3,3,0,0,0,5,2,3,2,2,0
59448213,1961,933,1028,220,75,145,719,382,337,605,282,323,35,8,27,292,132,160,90,54,36
59451201,151,80,71,37,14,23,65,45,20,27,12,15,0,0,0,8,1,7,14,8,6
59452101,68,37,31,9,2,7,27,19,8,18,9,9,1,0,1,8,4,4,5,3,2
58772901,858,423,435,112,41,71,240,145,95,290,136,154,13,2,11,159,74,85,44,25,19
58772902,458,216,242,64,25,39,158,99,59,141,57,84,7,1,6,68,25,43,20,9,11
59455501,418,212,206,89,36,53,155,92,63,108,51,57,6,2,4,33,15,18,27,16,11
59456301,933,476,457,157,51,106,423,273,150,243,103,140,12,2,10,69,32,37,29,15,14
59457101,543,279,264,112,48,64,264,154,110,122,59,63,3,1,2,20,5,15,22,12,10
59458001,36,20,16,8,4,4,19,12,7,4,2,2,2,0,2,0,0,0,3,2,1
59458002,21,11,10,5,1,4,10,7,3,5,2,3,0,0,0,1,1,0,0,0,0
59459801,63,30,33,13,5,8,26,15,11,16,7,9,1,0,1,6,3,3,1,0,1
59460101,386,198,188,67,24,43,141,94,47,107,46,61,14,3,11,36,15,21,21,16,5
59461001,319,159,160,35,10,25,140,84,56,95,44,51,6,0,6,34,14,20,9,7,2
59462801,406,183,223,90,22,68,155,93,62,111,44,67,4,1,3,31,12,19,15,11,4
55005101,296,146,150,61,22,39,113,71,42,81,37,44,5,1,4,32,12,20,4,3,1
59463602,56,28,28,7,1,6,18,9,9,16,8,8,1,1,0,11,7,4,3,2,1
59464401,141,71,70,27,4,23,47,33,14,42,18,24,1,1,0,19,12,7,5,3,2
59465201,83,47,36,14,8,6,45,28,17,21,9,12,0,0,0,1,0,1,2,2,0
59467901,645,319,326,117,54,63,253,161,92,171,67,104,4,1,3,67,25,42,33,11,22
59468701,304,160,144,76,27,49,143,88,55,44,22,22,3,2,1,13,7,6,25,14,11
59469501,72,38,34,13,3,10,37,24,13,12,5,7,0,0,0,6,3,3,4,3,1
59470901,711,341,370,143,48,95,289,170,119,172,71,101,6,1,5,63,26,37,38,25,13
55007801,86,46,40,14,7,7,27,18,9,26,10,16,3,0,3,11,7,4,5,4,1
59472502,281,148,133,44,19,25,125,78,47,70,25,45,1,0,1,29,15,14,12,11,1
59473301,142,64,78,26,9,17,67,37,30,21,7,14,6,1,5,13,6,7,9,4,5
59474101,86,45,41,16,3,13,32,25,7,29,11,18,0,0,0,4,3,1,5,3,2
59475001,357,185,172,55,16,39,159,103,56,96,44,52,3,0,3,28,9,19,16,13,3
59476801,450,203,247,98,26,72,212,115,97,99,42,57,8,0,8,14,8,6,19,12,7
59477601,196,91,105,35,8,27,101,61,40,42,15,27,3,0,3,11,4,7,4,3,1
59478401,58,28,30,9,2,7,25,17,8,19,8,11,0,0,0,5,1,4,0,0,0
59478402,354,180,174,59,20,39,157,97,60,99,45,54,2,0,2,24,10,14,13,8,5
59479201,95,50,45,24,9,15,45,25,20,15,8,7,0,0,0,1,1,0,10,7,3
59480601,72,36,36,16,6,10,31,17,14,15,9,6,1,0,1,3,1,2,6,3,3
59480603,23,12,11,4,1,3,6,4,2,7,4,3,0,0,0,2,2,0,4,1,3
59480604,93,45,48,16,5,11,44,27,17,17,6,11,2,0,2,6,3,3,8,4,4
59481401,237,116,121,35,10,25,99,62,37,69,31,38,4,0,4,16,6,10,14,7,7
59482201,462,227,235,101,33,68,231,138,93,84,35,49,3,1,2,18,5,13,25,15,10
59482202,369,190,179,72,24,48,155,96,59,83,39,44,2,0,2,21,10,11,36,21,15
59483101,139,68,71,28,7,21,60,36,24,34,17,17,1,0,1,13,6,7,3,2,1
55523101,1103,556,547,178,78,100,355,223,132,332,145,187,18,1,17,188,91,97,32,18,14
59484901,403,212,191,57,25,32,167,97,70,115,60,55,5,2,3,46,19,27,13,9,4
59486501,114,61,53,17,5,12,53,34,19,18,6,12,1,1,0,9,5,4,16,10,6
59487301,29,15,14,13,6,7,11,7,4,4,1,3,0,0,0,1,1,0,0,0,0
59487302,67,63,4,22,22,0,37,33,4,6,6,0,0,0,0,1,1,0,1,1,0
59487303,480,224,256,76,24,52,161,92,69,151,68,83,7,0,7,58,24,34,27,16,11
59487304,772,355,417,146,50,96,288,168,120,213,79,134,6,1,5,67,27,40,52,30,22
59488101,908,443,465,176,53,123,347,211,136,251,111,140,5,0,5,66,34,32,63,34,29
59489002,502,258,244,105,39,66,218,133,85,102,52,50,4,0,4,31,14,17,42,20,22
59491101,471,232,239,82,37,45,181,102,79,134,64,70,6,2,4,50,17,33,18,10,8
59492001,1091,555,536,194,58,136,391,242,149,318,155,163,10,3,7,116,58,58,62,39,23
59493801,65,31,34,13,5,8,26,15,11,13,5,8,0,0,0,10,4,6,3,2,1
59493802,453,251,202,113,60,53,149,99,50,102,42,60,5,0,5,20,7,13,64,43,21
59494601,468,244,224,70,34,36,191,115,76,118,57,61,8,1,7,51,22,29,30,15,15
59495401,96,44,52,17,4,13,44,25,19,25,12,13,0,0,0,8,2,6,2,1,1
59497101,458,231,227,62,18,44,201,132,69,125,52,73,5,1,4,42,15,27,23,13,10
59498901,166,77,89,25,6,19,63,35,28,49,23,26,1,0,1,19,8,11,9,5,4
59499701,345,173,172,45,13,32,168,100,68,79,33,46,4,1,3,26,11,15,23,15,8
59500401,252,126,126,57,17,40,123,72,51,35,14,21,2,0,2,19,10,9,16,13,3
59500403,49,27,22,15,6,9,23,15,8,7,4,3,0,0,0,3,1,2,1,1,0
59501201,64,32,32,13,5,8,33,20,13,15,5,10,0,0,0,1,0,1,2,2,0
59502101,1038,532,506,161,59,102,441,275,166,269,127,142,9,0,9,109,42,67,49,29,20
59503901,21,10,11,8,3,5,13,7,6,0,0,0,0,0,0,0,0,0,0,0,0
59503902,293,151,142,51,18,33,139,86,53,61,27,34,0,0,0,15,8,7,27,12,15
59504701,38,20,18,1,1,0,9,8,1,15,7,8,1,0,1,12,4,8,0,0,0
59504702,358,182,176,60,19,41,166,92,74,88,50,38,4,2,2,35,16,19,5,3,2
59504703,328,160,168,42,8,34,142,86,56,82,40,42,3,0,3,38,16,22,21,10,11
54532501,326,153,173,65,18,47,171,92,79,60,29,31,4,0,4,7,1,6,19,13,6
59505501,576,302,274,65,25,40,284,171,113,147,73,74,11,2,9,45,16,29,24,15,9
59506301,59,33,26,6,0,6,24,16,8,17,11,6,1,1,0,10,5,5,1,0,1
59507101,940,474,466,159,61,98,369,231,138,246,101,145,17,5,12,95,44,51,54,32,22
59508001,197,103,94,31,9,22,106,66,40,42,17,25,2,1,1,6,3,3,10,7,3
55001901,163,70,93,32,12,20,79,38,41,33,9,24,0,0,0,8,4,4,11,7,4
3260890,0,0,0,0,0,0,0,0,0,0,0,0,0,0,0,0,0,0,0,0,0
59509802,51,24,27,7,2,5,23,13,10,14,6,8,0,0,0,4,2,2,3,1,2
59509803,592,304,288,86,29,57,220,133,87,173,78,95,9,1,8,77,46,31,27,17,10
59510102,221,109,112,38,13,25,90,54,36,56,23,33,2,2,0,13,5,8,22,12,10
59511001,233,121,112,62,25,37,115,75,40,40,13,27,1,0,1,10,4,6,5,4,1
1988380,0,0,0,0,0,0,0,0,0,0,0,0,0,0,0,0,0,0,0,0,0
59512801,108,54,54,25,8,17,49,30,19,18,9,9,1,0,1,5,2,3,10,5,5
59512802,786,395,391,139,55,84,289,165,124,215,101,114,9,1,8,78,40,38,56,33,23
59513601,142,73,69,16,5,11,65,43,22,42,18,24,1,0,1,16,6,10,2,1,1
59514401,76,37,39,15,4,11,36,24,12,19,8,11,0,0,0,3,0,3,3,1,2
59515201,135,67,68,27,10,17,65,37,28,23,14,9,3,1,2,8,1,7,9,4,5
59516101,32,16,16,4,0,4,12,8,4,13,7,6,0,0,0,1,1,0,2,0,2
1935850,0,0,0,0,0,0,0,0,0,0,0,0,0,0,0,0,0,0,0,0,0
59371101,97,48,49,21,8,13,46,27,19,16,8,8,0,0,0,5,0,5,9,5,4
59371102,311,151,160,47,16,31,119,71,48,73,30,43,5,1,4,55,25,30,12,8,4
59371103,146,70,76,29,10,19,47,32,15,44,14,30,2,1,1,19,11,8,5,2,3
59371104,135,67,68,26,9,17,59,38,21,43,17,26,0,0,0,7,3,4,0,0,0
59371105,329,164,165,51,18,33,128,83,45,96,39,57,4,2,2,37,17,20,13,5,8
59371106,273,138,135,49,20,29,97,60,37,90,42,48,4,1,3,26,11,15,7,4,3
59371107,65,32,33,7,3,4,25,14,11,21,10,11,0,0,0,10,4,6,2,1,1
59371109,1001,490,511,167,59,108,384,237,147,292,117,175,11,0,11,116,58,58,31,19,12
59371110,3490,1662,1828,470,189,281,1073,616,457,1141,478,663,65,17,48,640,312,328,101,50,51
59371112,634,297,337,73,26,47,169,95,74,217,85,132,10,3,7,138,72,66,27,16,11
59371113,108,53,55,20,8,12,36,19,17,37,22,15,3,0,3,11,3,8,1,1,0
59371114,5047,2297,2750,696,265,431,1542,844,698,1700,669,1031,84,23,61,746,345,401,279,151,128
59371115,1321,605,716,181,60,121,456,245,211,398,167,231,15,6,9,231,106,125,40,21,19
59371116,610,257,353,127,38,89,173,86,87,203,88,115,7,1,6,74,34,40,26,10,16
59371117,254,124,130,30,12,18,66,41,25,89,42,47,2,0,2,57,24,33,10,5,5
59371118,3322,1520,1802,456,170,286,1040,538,502,1084,450,634,41,15,26,522,247,275,179,100,79
59371119,145,64,81,19,9,10,41,26,15,41,10,31,0,0,0,35,15,20,9,4,5
59371120,257,215,42,65,59,6,104,93,11,55,42,13,4,2,2,27,18,9,2,1,1
59371121,1313,616,697,210,65,145,451,247,204,416,191,225,15,6,9,170,81,89,51,26,25
59371122,74,37,37,7,3,4,30,19,11,17,5,12,3,2,1,13,5,8,4,3,1
59371123,307,152,155,49,17,32,98,60,38,86,35,51,1,0,1,59,33,26,14,7,7
59371124,1948,887,1061,355,113,242,743,408,335,547,222,325,17,7,10,166,75,91,120,62,58
59371125,1185,529,656,148,50,98,376,202,174,366,147,219,19,4,15,216,97,119,60,29,31
59371126,220,113,107,17,8,9,67,42,25,85,37,48,5,2,3,42,22,20,4,2,2
59371127,97,48,49,10,2,8,33,26,7,34,11,23,2,0,2,12,7,5,6,2,4
59371128,2286,1226,1060,390,202,188,699,382,317,513,231,282,28,11,17,268,129,139,388,271,117
59371129,125,66,59,16,10,6,32,18,14,54,28,26,2,1,1,15,6,9,6,3,3
59371131,433,225,208,57,30,27,142,75,67,131,62,69,6,2,4,72,39,33,25,17,8
59371132,167,78,89,13,4,9,37,25,12,73,35,38,6,1,5,38,13,25,0,0,0
59371133,2723,1203,1520,404,144,260,759,402,357,899,362,537,34,9,25,476,209,267,151,77,74
59517901,252,121,131,49,16,33,114,69,45,62,23,39,1,0,1,22,10,12,4,3,1
59518701,292,155,137,40,19,21,148,88,60,59,24,35,3,0,3,20,9,11,22,15,7
59519501,216,109,107,33,12,21,77,50,27,59,25,34,2,0,2,37,15,22,8,7,1
52391701,613,300,313,83,34,49,225,145,80,197,73,124,7,2,5,70,34,36,31,12,19
52391703,730,378,352,118,44,74,294,181,113,193,84,109,10,4,6,67,32,35,48,33,15
52391704,20,10,10,2,0,2,7,4,3,4,2,2,0,0,0,6,3,3,1,1,0
52489101,536,280,256,121,50,71,197,123,74,110,49,61,2,0,2,39,18,21,67,40,27
52489102,50,26,24,11,5,6,18,12,6,8,3,5,0,0,0,3,0,3,10,6,4
52489103,19,13,6,3,1,2,4,2,2,8,6,2,0,0,0,3,3,0,1,1,0
52489104,20,11,9,4,3,1,7,5,2,5,1,4,1,0,1,2,1,1,1,1,0
52522701,23,9,14,6,3,3,6,2,4,5,1,4,0,0,0,2,2,0,4,1,3
52522702,41,24,17,14,8,6,8,5,3,2,1,1,0,0,0,3,1,2,14,9,5
52522703,168,86,82,34,11,23,54,33,21,34,18,16,0,0,0,5,2,3,41,22,19
52522704,56,34,22,14,10,4,22,13,9,11,6,5,0,0,0,5,2,3,4,3,1
53349102,54,27,27,5,1,4,24,14,10,14,7,7,0,0,0,8,3,5,3,2,1
53349104,377,187,190,54,20,34,147,84,63,120,58,62,4,0,4,38,15,23,14,10,4
56935601,1982,968,1014,330,116,214,715,420,295,571,240,331,12,9,3,235,106,129,119,77,42
55330101,111,57,54,22,10,12,41,24,17,34,14,20,1,0,1,12,8,4,1,1,0
55330102,175,82,93,26,8,18,59,33,26,52,21,31,2,0,2,17,9,8,19,11,8
1983400,0,0,0,0,0,0,0,0,0,0,0,0,0,0,0,0,0,0,0,0,0
53614802,192,91,101,42,16,26,79,50,29,49,13,36,0,0,0,9,5,4,13,7,6
53614803,49,27,22,9,5,4,21,13,8,10,5,5,1,0,1,2,0,2,6,4,2
53614804,50,25,25,3,1,2,23,14,9,17,6,11,1,1,0,2,1,1,4,2,2
53614805,21,13,8,5,3,2,5,3,2,5,4,1,0,0,0,6,3,3,0,0,0
53614807,880,428,452,177,68,109,315,177,138,214,96,118,8,2,6,87,39,48,79,46,33
53614809,929,441,488,179,77,102,407,216,191,235,98,137,7,2,5,60,28,32,41,20,21
0588580,0,0,0,0,0,0,0,0,0,0,0,0,0,0,0,0,0,0,0,0,0
0588740,0,0,0,0,0,0,0,0,0,0,0,0,0,0,0,0,0,0,0,0,0
0589120,0,0,0,0,0,0,0,0,0,0,0,0,0,0,0,0,0,0,0,0,0
3406690,0,0,0,0,0,0,0,0,0,0,0,0,0,0,0,0,0,0,0,0,0
3406850,0,0,0,0,0,0,0,0,0,0,0,0,0,0,0,0,0,0,0,0,0
53638501,634,313,321,100,44,56,243,148,95,196,76,120,4,2,2,69,33,36,22,10,12
53638502,120,64,56,20,8,12,33,22,11,40,21,19,2,1,1,20,10,10,5,2,3
53638503,544,258,286,69,24,45,164,92,72,186,81,105,10,5,5,100,48,52,15,8,7
53638504,55,27,28,7,1,6,18,9,9,19,10,9,1,1,0,8,4,4,2,2,0
53638505,62,30,32,8,4,4,18,9,9,17,5,12,1,1,0,15,9,6,3,2,1
53638506,826,380,446,87,31,56,297,161,136,254,97,157,7,2,5,137,64,73,44,25,19
53638507,27,15,12,3,1,2,9,6,3,6,5,1,0,0,0,7,2,5,2,1,1
53638508,121,61,60,16,9,7,35,22,13,34,14,20,4,1,3,32,15,17,0,0,0
53638509,622,281,341,71,26,45,188,97,91,226,92,134,5,3,2,101,46,55,31,17,14
53638511,1260,654,606,195,85,110,424,244,180,323,140,183,4,2,2,121,54,67,193,129,64
53638512,76,35,41,15,6,9,20,12,8,18,5,13,0,0,0,17,9,8,6,3,3
53638513,315,146,169,108,48,60,67,37,30,69,28,41,5,1,4,45,22,23,21,10,11
53638514,114,54,60,16,9,7,42,20,22,35,15,20,2,1,1,13,5,8,6,4,2
53638515,592,320,272,78,39,39,159,109,50,191,93,98,9,2,7,135,68,67,20,9,11
53638516,23,12,11,7,2,5,5,4,1,4,2,2,0,0,0,5,2,3,2,2,0
53638517,420,205,215,38,15,23,103,59,44,143,61,82,9,2,7,114,60,54,13,8,5
53638518,1611,707,904,218,66,152,565,290,275,510,194,316,19,7,12,215,105,110,84,45,39
53638519,1656,752,904,252,90,162,592,304,288,468,191,277,25,11,14,221,103,118,98,53,45
55721801,328,146,182,80,30,50,134,79,55,61,22,39,4,1,3,25,7,18,24,7,17
54003002,255,130,125,41,16,25,98,62,36,68,27,41,2,0,2,39,20,19,7,5,2
54003003,1451,714,737,191,76,115,578,316,262,415,188,227,18,6,12,166,72,94,83,56,27
54038201,22,7,15,7,2,5,5,1,4,6,3,3,0,0,0,2,0,2,2,1,1
54038202,44,25,19,7,4,3,14,8,6,16,9,7,0,0,0,3,1,2,4,3,1
54038204,1730,864,866,284,105,179,727,413,314,472,208,264,14,2,12,118,55,63,115,81,34
54038205,240,118,122,45,18,27,100,53,47,56,29,27,1,1,0,26,9,17,12,8,4
1162112,0,0,0,0,0,0,0,0,0,0,0,0,0,0,0,0,0,0,0,0,0
56933001,113,57,56,8,2,6,37,21,16,45,26,19,2,0,2,15,5,10,6,3,3
56933002,24,14,10,3,2,1,1,1,0,12,6,6,0,0,0,8,5,3,0,0,0
56933003,23,16,7,2,1,1,7,7,0,10,6,4,0,0,0,4,2,2,0,0,0
54068402,680,336,344,119,37,82,273,155,118,189,89,100,12,4,8,38,17,21,49,34,15
54068403,112,60,52,19,10,9,52,31,21,26,12,14,3,2,1,11,4,7,1,1,0
55348401,49,24,25,6,2,4,24,14,10,10,0,10,0,0,0,6,6,0,3,2,1
55348402,74,36,38,12,4,8,37,22,15,18,9,9,1,0,1,4,0,4,2,1,1
55348403,116,57,59,20,7,13,49,29,20,26,13,13,2,0,2,14,5,9,5,3,2
55348404,319,162,157,43,14,29,150,94,56,81,36,45,1,0,1,30,8,22,14,10,4
55348406,26,14,12,4,2,2,6,4,2,10,4,6,0,0,0,4,2,2,2,2,0
54103601,162,88,74,35,18,17,77,51,26,39,13,26,2,0,2,6,3,3,3,3,0
54103602,17,7,10,1,0,1,6,3,3,7,3,4,0,0,0,1,1,0,2,0,2
54103603,294,150,144,73,26,47,112,73,39,74,37,37,3,0,3,15,3,12,17,11,6
54111701,515,263,252,78,33,45,220,137,83,124,53,71,7,2,5,49,15,34,37,23,14
54121401,39,19,20,6,2,4,20,11,9,5,0,5,0,0,0,2,2,0,6,4,2
54121402,34,16,18,8,5,3,11,4,7,9,6,3,0,0,0,5,1,4,1,0,1
54121403,267,135,132,71,28,43,115,67,48,53,25,28,1,1,0,20,7,13,7,7,0
54121404,47,23,24,5,2,3,27,15,12,11,3,8,0,0,0,2,1,1,2,2,0
54124901,20,10,10,5,2,3,6,3,3,4,2,2,0,0,0,5,3,2,0,0,0
54124903,946,495,451,176,66,110,390,242,148,236,113,123,8,4,4,67,27,40,69,43,26
55346801,52,25,27,11,5,6,20,12,8,10,4,6,1,0,1,6,3,3,4,1,3
55346802,263,133,130,30,8,22,134,80,54,56,22,34,1,1,0,19,8,11,23,14,9
55346803,154,80,74,42,18,24,61,41,20,32,14,18,0,0,0,9,3,6,10,4,6
55346804,85,40,45,15,5,10,40,22,18,21,11,10,0,0,0,4,1,3,5,1,4
56945301,20,10,10,4,2,2,10,6,4,4,2,2,0,0,0,1,0,1,1,0,1
56945302,40,21,19,10,5,5,14,9,5,10,5,5,1,0,1,1,0,1,4,2,2
56945303,376,191,185,72,29,43,173,99,74,78,30,48,2,0,2,15,9,6,36,24,12
54130301,962,454,508,223,79,144,386,205,181,188,86,102,7,1,6,76,35,41,82,48,34
54130302,21,11,10,0,0,0,12,6,6,7,4,3,0,0,0,1,0,1,1,1,0
54134601,42,21,21,6,3,3,17,11,6,10,4,6,0,0,0,5,1,4,4,2,2
54134603,277,147,130,38,18,20,104,63,41,71,33,38,2,0,2,33,15,18,29,18,11
59799601,39,22,17,4,1,3,15,9,6,11,7,4,0,0,0,6,3,3,3,2,1
59799603,205,106,99,35,11,24,88,55,33,48,20,28,0,0,0,18,9,9,16,11,5
59799604,70,38,32,4,0,4,16,9,7,22,13,9,1,1,0,21,11,10,6,4,2
59799605,24,11,13,4,0,4,10,7,3,5,2,3,0,0,0,3,1,2,2,1,1
59799606,26,9,17,5,1,4,10,4,6,8,3,5,0,0,0,3,1,2,0,0,0
59799607,2588,1283,1305,394,162,232,1046,589,457,649,277,372,25,11,14,207,94,113,267,150,117
54157502,142,72,70,22,7,15,62,42,20,30,10,20,1,0,1,11,3,8,16,10,6
54157503,747,367,380,146,57,89,265,158,107,206,88,118,8,0,8,66,27,39,56,37,19
54157504,39,19,20,8,2,6,13,7,6,6,3,3,0,0,0,5,1,4,7,6,1
55235601,384,190,194,59,16,43,144,102,42,116,44,72,5,1,4,40,15,25,20,12,8
50052601,833,424,409,95,31,64,307,204,103,261,114,147,7,3,4,122,45,77,41,27,14
50052602,1005,495,510,141,53,88,367,232,135,310,122,188,6,2,4,143,61,82,38,25,13
50062301,129,68,61,19,11,8,51,29,22,44,20,24,0,0,0,9,4,5,6,4,2
50062302,105,52,53,14,6,8,52,29,23,28,12,16,2,1,1,7,3,4,2,1,1
50062303,116,59,57,14,5,9,51,26,25,35,19,16,0,0,0,10,5,5,6,4,2
50062304,70,36,34,6,2,4,25,17,8,24,9,15,3,1,2,10,6,4,2,1,1
50062305,138,74,64,20,8,12,51,34,17,46,24,22,4,1,3,13,6,7,4,1,3
50062306,28,14,14,3,2,1,6,4,2,8,2,6,3,2,1,5,2,3,3,2,1
50062307,101,45,56,22,7,15,41,22,19,19,11,8,1,0,1,18,5,13,0,0,0
50062308,245,124,121,40,20,20,100,56,44,65,26,39,3,2,1,24,12,12,13,8,5
55206201,188,96,92,25,11,14,74,49,25,60,25,35,4,1,3,22,8,14,3,2,1
50080101,479,245,234,57,23,34,191,116,75,139,59,80,8,2,6,56,23,33,28,22,6
50080102,54,33,21,3,1,2,16,11,5,19,10,9,1,1,0,11,7,4,4,3,1
50085201,971,497,474,133,55,78,305,187,118,309,136,173,13,6,7,167,84,83,44,29,15
50085202,384,188,196,43,18,25,130,78,52,136,51,85,8,2,6,55,29,26,12,10,2
50085203,668,318,350,82,27,55,201,114,87,222,103,119,13,6,7,135,61,74,15,7,8
50086101,31,19,12,3,1,2,7,6,1,6,5,1,0,0,0,14,6,8,1,1,0
50086102,459,230,229,65,20,45,164,100,64,132,61,71,1,0,1,68,28,40,29,21,8
50086104,23,11,12,2,0,2,3,2,1,8,4,4,0,0,0,7,4,3,3,1,2
50086105,97,42,55,12,2,10,50,26,24,25,10,15,0,0,0,5,2,3,5,2,3
50086106,74,35,39,9,1,8,30,16,14,25,13,12,2,1,1,7,3,4,1,1,0
50086107,64,30,34,6,1,5,28,15,13,19,9,10,1,0,1,9,5,4,1,0,1
50086108,42,21,21,3,2,1,23,11,12,6,3,3,0,0,0,6,3,3,4,2,2
50086110,68,36,32,10,3,7,30,20,10,13,4,9,0,0,0,14,8,6,1,1,0
50086111,35,18,17,3,1,2,10,6,4,11,8,3,1,0,1,9,2,7,1,1,0
50086112,75,43,32,6,1,5,23,17,6,29,16,13,1,1,0,15,7,8,1,1,0
50086113,106,55,51,18,9,9,49,29,20,25,11,14,0,0,0,10,3,7,4,3,1
50086114,152,77,75,31,13,18,67,40,27,35,15,20,1,0,1,15,7,8,3,2,1
55240201,544,282,262,69,29,40,156,93,63,154,79,75,5,4,1,137,65,72,23,12,11
50087901,508,255,253,68,30,38,169,103,66,141,59,82,7,0,7,95,44,51,28,19,9
50087902,162,78,84,23,4,19,59,37,22,56,24,32,5,4,1,17,7,10,2,2,0
54702601,798,408,390,99,45,54,214,125,89,244,110,134,17,4,13,183,97,86,41,27,14
55218601,1237,592,645,193,65,128,426,247,179,380,181,199,24,9,15,169,67,102,45,23,22
55244501,498,244,254,70,28,42,203,118,85,149,61,88,7,1,6,55,27,28,14,9,5
50147601,248,120,128,46,22,24,105,59,46,60,22,38,3,3,0,14,3,11,20,11,9
50147602,1122,571,551,169,57,112,457,280,177,312,144,168,12,4,8,114,43,71,58,43,15
50147603,37,19,18,6,3,3,13,9,4,14,7,7,2,0,2,2,0,2,0,0,0
50147604,22,10,12,4,1,3,5,3,2,7,4,3,2,1,1,4,1,3,0,0,0
50147605,158,84,74,41,20,21,62,39,23,29,10,19,0,0,0,20,11,9,6,4,2
50164601,53,26,27,4,1,3,18,13,5,17,9,8,2,0,2,11,3,8,1,0,1
50164602,1778,902,876,225,103,122,445,265,180,552,258,294,35,12,23,428,205,223,93,59,34
50164603,207,102,105,31,15,16,74,51,23,56,18,38,0,0,0,42,17,25,4,1,3
50164604,190,93,97,36,10,26,78,50,28,52,21,31,0,0,0,19,9,10,5,3,2
50164605,21,11,10,4,2,2,8,5,3,6,3,3,2,1,1,1,0,1,0,0,0
56839201,1073,531,542,150,59,91,379,223,156,332,144,188,13,6,7,171,85,86,28,14,14
54527901,378,187,191,82,33,49,162,92,70,87,39,48,5,1,4,26,11,15,16,11,5
55231301,264,136,128,47,15,32,97,65,32,53,21,32,4,2,2,36,15,21,27,18,9
50175101,816,414,402,98,40,58,309,179,130,245,115,130,19,4,15,92,42,50,53,34,19
50175102,32,16,16,1,0,1,12,7,5,12,6,6,0,0,0,5,1,4,2,2,0
50175103,108,59,49,20,5,15,53,40,13,22,11,11,3,0,3,3,0,3,7,3,4
50175104,284,149,135,28,7,21,120,78,42,86,41,45,6,1,5,28,14,14,16,8,8
50175105,224,110,114,29,10,19,85,53,32,71,30,41,6,4,2,29,9,20,4,4,0
50179401,352,175,177,45,19,26,141,84,57,109,42,67,3,0,3,44,24,20,10,6,4
50179402,149,71,78,16,5,11,60,33,27,41,17,24,0,0,0,25,12,13,7,4,3
50179403,759,366,393,111,48,63,256,145,111,225,99,126,10,1,9,109,49,60,48,24,24
55207101,199,96,103,25,8,17,66,34,32,69,36,33,2,1,1,21,9,12,16,8,8
50184101,1201,596,605,151,56,95,400,230,170,374,166,208,29,10,19,209,111,98,38,23,15
55217801,288,139,149,36,12,24,125,69,56,90,41,49,5,2,3,27,11,16,5,4,1
55217802,73,39,34,9,6,3,29,20,9,21,8,13,0,0,0,10,3,7,4,2,2
55233001,181,91,90,27,9,18,63,41,22,59,26,33,1,0,1,24,12,12,7,3,4
50214601,1169,564,605,181,64,117,481,260,221,337,152,185,12,3,9,95,44,51,63,41,22
50214602,523,273,250,102,41,61,165,103,62,126,52,74,4,0,4,73,36,37,53,41,12
50214603,271,126,145,59,12,47,94,58,36,77,36,41,1,1,0,27,12,15,13,7,6
50214604,1427,681,746,247,83,164,505,294,211,422,179,243,18,10,8,189,90,99,46,25,21
50214605,81,43,38,14,3,11,22,16,6,23,13,10,1,0,1,18,9,9,3,2,1
55202001,758,383,375,81,39,42,153,94,59,267,131,136,12,1,11,216,103,113,29,15,14
50223501,1465,732,733,204,82,122,430,259,171,400,188,212,18,8,10,330,141,189,83,54,29
50240501,493,243,250,76,32,44,178,104,74,145,69,76,10,4,6,50,21,29,34,13,21
50254501,1636,816,820,210,83,127,531,308,223,526,251,275,28,8,20,265,123,142,76,43,33
50254502,421,213,208,50,24,26,164,98,66,126,56,70,6,1,5,58,23,35,17,11,6
56979802,246,121,125,64,24,40,88,51,37,48,24,24,0,0,0,12,2,10,34,20,14
54697601,111,57,54,20,8,12,50,31,19,20,9,11,3,1,2,12,4,8,6,4,2
59741401,95,46,49,23,8,15,43,24,19,20,9,11,0,0,0,4,2,2,5,3,2
59741402,354,185,169,61,27,34,181,102,79,58,20,38,2,0,2,14,5,9,38,31,7
56887201,137,64,73,18,4,14,57,34,23,37,13,24,2,1,1,17,6,11,6,6,0
56887202,234,118,116,26,10,16,82,49,33,76,36,40,2,0,2,38,16,22,10,7,3
56887203,315,160,155,45,21,24,94,58,36,106,46,60,4,3,1,43,19,24,23,13,10
50283901,572,281,291,91,41,50,204,117,87,183,83,100,4,2,2,72,25,47,18,13,5
50314201,470,244,226,74,24,50,186,115,71,119,57,62,7,2,5,59,27,32,25,19,6
54712301,225,99,126,46,16,30,84,48,36,47,17,30,0,0,0,30,10,20,18,8,10
50013501,69,34,35,15,3,12,25,14,11,13,9,4,1,0,1,11,6,5,4,2,2
50013502,70,39,31,13,7,6,33,21,12,18,6,12,0,0,0,5,4,1,1,1,0
50013503,58,27,31,13,6,7,33,16,17,9,4,5,0,0,0,0,0,0,3,1,2
50330401,429,208,221,45,12,33,128,79,49,152,72,80,10,2,8,71,32,39,23,11,12
50330402,247,117,130,25,6,19,92,59,33,74,28,46,4,2,2,37,15,22,15,7,8
55243701,407,202,205,65,28,37,158,91,67,106,43,63,7,2,5,45,21,24,26,17,9
55490101,189,94,95,19,5,14,58,41,17,60,24,36,3,1,2,44,19,25,5,4,1
55490102,1251,620,631,143,56,87,393,239,154,384,158,226,12,3,9,266,137,129,53,27,26
3305150,0,0,0,0,0,0,0,0,0,0,0,0,0,0,0,0,0,0,0,0,0
3305230,0,0,0,0,0,0,0,0,0,0,0,0,0,0,0,0,0,0,0,0,0
3305740,0,0,0,0,0,0,0,0,0,0,0,0,0,0,0,0,0,0,0,0,0
3900710,0,0,0,0,0,0,0,0,0,0,0,0,0,0,0,0,0,0,0,0,0
3901940,0,0,0,0,0,0,0,0,0,0,0,0,0,0,0,0,0,0,0,0,0
3902590,0,0,0,0,0,0,0,0,0,0,0,0,0,0,0,0,0,0,0,0,0
56900301,70,35,35,15,5,10,33,21,12,12,4,8,2,2,0,2,1,1,6,2,4
56900302,431,214,217,59,23,36,158,95,63,139,60,79,3,2,1,51,22,29,21,12,9
55230501,43,23,20,5,1,4,15,11,4,12,4,8,0,0,0,6,4,2,5,3,2
55230502,93,54,39,18,12,6,26,16,10,29,15,14,1,0,1,12,6,6,7,5,2
54000501,156,81,75,22,11,11,63,37,26,35,17,18,1,1,0,15,5,10,20,10,10
3068010,0,0,0,0,0,0,0,0,0,0,0,0,0,0,0,0,0,0,0,0,0
3068190,0,0,0,0,0,0,0,0,0,0,0,0,0,0,0,0,0,0,0,0,0
3287070,0,0,0,0,0,0,0,0,0,0,0,0,0,0,0,0,0,0,0,0,0
3287150,0,0,0,0,0,0,0,0,0,0,0,0,0,0,0,0,0,0,0,0,0
50344401,221,112,109,28,11,17,101,55,46,70,34,36,1,0,1,9,4,5,12,8,4
50344402,182,92,90,28,8,20,71,44,27,56,29,27,4,2,2,18,7,11,5,2,3
50344403,305,150,155,33,11,22,117,75,42,94,37,57,3,0,3,50,22,28,8,5,3
50344404,373,183,190,46,12,34,144,90,54,125,56,69,9,1,8,40,19,21,9,5,4
50344405,174,85,89,29,10,19,74,48,26,45,16,29,1,0,1,13,4,9,12,7,5
50344406,79,40,39,12,3,9,30,21,9,27,14,13,2,0,2,7,1,6,1,1,0
50344408,117,61,56,14,4,10,46,28,18,41,21,20,2,1,1,10,5,5,4,2,2
50344409,166,77,89,19,3,16,70,41,29,53,19,34,2,0,2,18,12,6,4,2,2
50344410,184,89,95,25,8,17,69,41,28,56,23,33,5,3,2,22,13,9,7,1,6
50344411,328,158,170,46,19,27,129,77,52,89,35,54,6,0,6,42,19,23,16,8,8
50344413,159,76,83,23,12,11,60,35,25,49,19,30,2,1,1,18,7,11,7,2,5
50344414,120,58,62,13,5,8,40,25,15,43,17,26,1,1,0,23,10,13,0,0,0
50344415,29,16,13,1,1,0,14,9,5,6,1,5,0,0,0,2,0,2,6,5,1
50344416,272,127,145,38,17,21,98,56,42,87,26,61,3,1,2,39,21,18,7,6,1
50344417,1600,771,829,208,84,124,566,303,263,514,246,268,30,9,21,223,98,125,59,31,28
50344418,1721,806,915,208,73,135,611,322,289,583,257,326,30,14,16,210,100,110,79,40,39
50344419,960,493,467,161,57,104,324,182,142,244,119,125,8,5,3,95,42,53,128,88,40
50344420,676,315,361,87,31,56,205,116,89,243,107,136,13,6,7,110,46,64,18,9,9
50344423,43,25,18,6,4,2,13,8,5,17,9,8,0,0,0,7,4,3,0,0,0
50344424,260,122,138,42,14,28,75,48,27,79,28,51,3,1,2,44,21,23,17,10,7
55223201,522,265,257,50,13,37,209,127,82,153,68,85,2,0,2,85,42,43,23,15,8
55203801,166,85,81,26,6,20,59,36,23,41,20,21,1,1,0,21,10,11,18,12,6
55221601,399,200,199,55,17,38,147,83,64,122,65,57,4,3,1,54,23,31,17,9,8
50362201,19,9,10,0,0,0,10,6,4,6,2,4,0,0,0,1,0,1,2,1,1
50362202,32,19,13,4,1,3,9,7,2,10,7,3,0,0,0,5,1,4,4,3,1
50362203,439,199,240,63,17,46,151,78,73,127,57,70,9,2,7,72,36,36,17,9,8
50362204,25,15,10,6,3,3,7,4,3,8,4,4,0,0,0,4,4,0,0,0,0
50362205,125,59,66,23,6,17,46,29,17,31,14,17,2,1,1,16,6,10,7,3,4
50362206,57,30,27,3,1,2,27,14,13,18,10,8,1,0,1,8,5,3,0,0,0
50365701,39,27,12,6,3,3,23,16,7,6,4,2,0,0,0,0,0,0,4,4,0
50365702,1895,940,955,228,82,146,678,387,291,601,272,329,24,8,16,263,122,141,101,69,32
50365703,613,294,319,82,27,55,218,131,87,190,81,109,11,3,8,87,41,46,25,11,14
56984401,317,160,157,48,18,30,121,76,45,78,34,44,6,1,5,39,14,25,25,17,8
50373801,940,458,482,112,45,67,308,189,119,315,136,179,22,7,15,131,55,76,52,26,26
55237201,154,72,82,26,13,13,70,39,31,38,14,24,1,1,0,14,3,11,5,2,3
55237202,205,108,97,41,18,23,99,58,41,39,19,20,3,1,2,10,4,6,13,8,5
55237203,824,407,417,138,44,94,348,217,131,220,85,135,12,4,8,52,23,29,54,34,20
55237204,103,52,51,19,5,14,37,23,14,29,17,12,0,0,0,15,6,9,3,1,2
56891101,212,102,110,24,8,16,107,59,48,50,24,26,4,1,3,20,7,13,7,3,4
3305310,0,0,0,0,0,0,0,0,0,0,0,0,0,0,0,0,0,0,0,0,0
3305400,0,0,0,0,0,0,0,0,0,0,0,0,0,0,0,0,0,0,0,0,0
50016001,373,190,183,65,26,39,144,74,70,104,53,51,1,0,1,30,17,13,29,20,9
50016002,75,42,33,18,10,8,31,19,12,11,5,6,0,0,0,7,3,4,8,5,3
50424601,343,174,169,47,14,33,141,88,53,104,47,57,3,1,2,31,13,18,17,11,6
50424603,192,94,98,33,13,20,67,39,28,61,29,32,0,0,0,28,11,17,3,2,1
50424604,102,92,10,88,81,7,4,4,0,7,5,2,0,0,0,0,0,0,3,2,1
55234801,469,247,222,75,30,45,173,114,59,143,67,76,9,1,8,42,19,23,27,16,11
55234802,81,40,41,14,4,10,27,12,15,22,11,11,2,2,0,6,5,1,10,6,4
59767801,24,13,11,3,1,2,8,5,3,9,5,4,0,0,0,3,1,2,1,1,0
59767802,2139,1063,1076,434,163,271,867,514,353,496,209,287,16,5,11,145,68,77,181,104,77
59767803,30,18,12,7,3,4,9,7,2,11,6,5,0,0,0,1,1,0,2,1,1
59767804,70,34,36,16,6,10,32,19,13,16,8,8,1,0,1,2,0,2,3,1,2
59767805,85,42,43,26,11,15,33,18,15,18,9,9,2,2,0,3,1,2,3,1,2
55494401,143,73,70,17,8,9,64,39,25,46,19,27,0,0,0,11,4,7,5,3,2
55494402,386,182,204,63,23,40,124,68,56,113,49,64,7,3,4,39,16,23,40,23,17
54709301,41,23,18,7,4,3,9,6,3,11,5,6,0,0,0,9,4,5,5,4,1
50444102,96,47,49,11,6,5,34,19,15,33,14,19,0,0,0,14,7,7,4,1,3
50444103,284,141,143,39,18,21,101,61,40,83,36,47,3,1,2,37,16,21,21,9,12
50444104,791,388,403,110,38,72,273,162,111,250,105,145,11,3,8,111,58,53,36,22,14
50450501,100,55,45,11,2,9,40,26,14,29,16,13,1,1,0,17,10,7,2,0,2
50450502,1639,802,837,181,74,107,557,317,240,522,234,288,20,7,13,284,132,152,75,38,37
59768601,91,48,43,10,4,6,48,29,19,18,8,10,2,0,2,8,3,5,5,4,1
59768602,20,10,10,4,2,2,8,5,3,4,1,3,0,0,0,2,1,1,2,1,1
59768604,107,61,46,20,9,11,51,34,17,21,12,9,0,0,0,6,2,4,9,4,5
55238101,330,160,170,50,20,30,127,74,53,93,35,58,7,3,4,40,19,21,13,9,4
55238102,279,135,144,49,14,35,128,72,56,77,35,42,1,0,1,11,5,6,13,9,4
55225901,189,95,94,38,11,27,67,44,23,47,20,27,0,0,0,18,7,11,19,13,6
1106550,0,0,0,0,0,0,0,0,0,0,0,0,0,0,0,0,0,0,0,0,0
3052010,0,0,0,0,0,0,0,0,0,0,0,0,0,0,0,0,0,0,0,0,0
3052940,0,0,0,0,0,0,0,0,0,0,0,0,0,0,0,0,0,0,0,0,0
3053160,0,0,0,0,0,0,0,0,0,0,0,0,0,0,0,0,0,0,0,0,0
3207060,0,0,0,0,0,0,0,0,0,0,0,0,0,0,0,0,0,0,0,0,0
50049601,1078,532,546,119,49,70,330,197,133,331,154,177,14,4,10,269,120,149,15,8,7
50049602,535,270,265,59,30,29,179,99,80,181,81,100,6,0,6,72,39,33,38,21,17
50049603,66,33,33,16,8,8,18,10,8,17,8,9,1,1,0,8,3,5,6,3,3
50049604,2638,1315,1323,313,129,184,793,461,332,851,388,463,46,18,28,530,258,272,105,61,44
50049606,309,161,148,70,34,36,42,30,12,88,46,42,6,1,5,89,43,46,14,7,7
50049607,878,427,451,95,31,64,254,151,103,309,139,170,10,5,5,195,93,102,15,8,7
50049608,686,323,363,84,40,44,175,87,88,220,96,124,5,2,3,186,88,98,16,10,6
50049609,595,298,297,61,21,40,198,119,79,183,86,97,18,6,12,122,59,63,13,7,6
50049610,432,214,218,64,27,37,148,86,62,110,51,59,5,1,4,93,43,50,12,6,6
50049611,1012,496,516,121,53,68,291,175,116,327,131,196,14,4,10,235,121,114,24,12,12
50049613,1140,507,633,170,74,96,366,181,185,344,133,211,13,3,10,203,96,107,44,20,24
50049614,391,194,197,56,21,35,106,63,43,113,53,60,4,2,2,93,44,49,19,11,8
50049615,20,10,10,2,0,2,9,7,2,6,2,4,0,0,0,2,0,2,1,1,0
50049617,811,399,412,94,42,52,203,119,84,257,122,135,11,2,9,213,92,121,33,22,11
50049618,4894,2265,2629,463,197,266,1097,590,507,1682,728,954,93,39,54,1396,623,773,163,88,75
50049619,538,263,275,69,31,38,105,66,39,180,82,98,8,4,4,164,77,87,12,3,9
50049620,1562,733,829,198,100,98,277,141,136,468,202,266,27,8,19,533,248,285,59,34,25
50049621,176,83,93,7,4,3,33,19,14,49,22,27,1,0,1,80,36,44,6,2,4
50049623,1666,717,949,189,72,117,412,190,222,566,223,343,27,13,14,401,186,215,71,33,38
50049624,1656,806,850,136,62,74,174,89,85,674,305,369,14,6,8,615,320,295,43,24,19
50049625,2891,1321,1570,273,112,161,728,375,353,1008,437,571,50,25,25,726,315,411,106,57,49
50049626,1460,656,804,148,50,98,324,184,140,502,197,305,14,9,5,420,191,229,52,25,27
50049628,3388,1512,1876,304,131,173,767,380,387,1152,483,669,57,19,38,960,421,539,148,78,70
50049629,723,302,421,135,30,105,210,112,98,201,80,121,15,6,9,122,56,66,40,18,22
50049630,27,17,10,7,3,4,8,6,2,5,3,2,0,0,0,5,3,2,2,2,0
50049631,83,52,31,9,5,4,30,18,12,25,15,10,1,0,1,6,5,1,12,9,3
50049632,52,28,24,6,1,5,13,9,4,14,6,8,1,0,1,4,1,3,14,11,3
50049633,2536,1162,1374,245,109,136,682,365,317,860,350,510,57,20,37,583,265,318,109,53,56
50049634,431,205,226,68,24,44,123,69,54,142,64,78,7,3,4,67,32,35,24,13,11
50049635,56,26,30,8,3,5,6,4,2,23,10,13,0,0,0,18,9,9,1,0,1
50049636,44,31,13,14,9,5,15,12,3,6,5,1,0,0,0,0,0,0,9,5,4
50049637,1644,697,947,305,90,215,429,234,195,495,205,290,20,8,12,348,148,200,47,12,35
50049638,38,29,9,7,3,4,17,16,1,9,5,4,0,0,0,2,2,0,3,3,0
50049640,269,122,147,25,12,13,55,33,22,107,38,69,3,1,2,75,35,40,4,3,1
50049641,793,387,406,95,36,59,251,142,109,248,109,139,12,2,10,165,83,82,22,15,7
50049642,406,204,202,54,30,24,98,58,40,134,61,73,7,1,6,89,41,48,24,13,11
50049643,34,32,2,15,14,1,6,6,0,9,9,0,1,1,0,2,1,1,1,1,0
50049644,599,297,302,74,34,40,166,100,66,199,85,114,12,4,8,129,64,65,19,10,9
50049645,1443,689,754,75,37,38,211,122,89,496,243,253,48,14,34,572,254,318,41,19,22
50049646,75,34,41,8,3,5,0,0,0,14,7,7,0,0,0,53,24,29,0,0,0
50049647,316,149,167,43,14,29,80,47,33,100,42,58,8,5,3,77,39,38,8,2,6
50049648,40,26,14,4,3,1,10,7,3,16,10,6,1,1,0,7,4,3,2,1,1
50049651,2289,1074,1215,232,96,136,522,297,225,795,339,456,37,14,23,642,297,345,61,31,30
50049652,298,138,160,34,11,23,100,56,44,97,41,56,4,1,3,52,22,30,11,7,4
50049653,395,193,202,49,17,32,108,68,40,144,64,80,5,1,4,85,42,43,4,1,3
50049654,160,82,78,14,4,10,34,21,13,57,32,25,0,0,0,46,19,27,9,6,3
50049655,549,270,279,56,18,38,108,70,38,197,101,96,6,4,2,168,72,96,14,5,9
50049656,815,374,441,77,34,43,119,62,57,244,94,150,10,4,6,347,168,179,18,12,6
50049657,68,35,33,2,1,1,4,3,1,24,14,10,1,0,1,37,17,20,0,0,0
50049658,1399,678,721,111,61,50,122,69,53,426,181,245,31,13,18,675,337,338,34,17,17
50049659,2397,1104,1293,239,109,130,476,255,221,792,348,444,38,18,20,767,332,435,85,42,43
50049660,665,307,358,71,27,44,87,51,36,198,79,119,14,2,12,278,136,142,17,12,5
50049662,2413,1044,1369,251,93,158,646,332,314,812,336,476,42,15,27,570,221,349,92,47,45
50049663,84,41,43,10,8,2,13,10,3,31,13,18,1,0,1,26,10,16,3,0,3
50049664,2300,1051,1249,183,76,107,441,237,204,778,328,450,43,14,29,753,336,417,102,60,42
50049665,137,65,72,7,1,6,12,5,7,49,22,27,1,1,0,61,31,30,7,5,2
50049666,2899,1258,1641,309,117,192,827,420,407,1052,404,648,40,17,23,552,248,304,119,52,67
50049667,708,334,374,46,24,22,109,57,52,219,99,120,23,7,16,287,133,154,24,14,10
50049668,2377,1055,1322,245,91,154,577,294,283,842,346,496,36,15,21,590,257,333,87,52,35
50049669,251,121,130,31,11,20,63,35,28,96,48,48,3,1,2,49,18,31,9,8,1
50049670,4968,2317,2651,527,235,292,1137,579,558,1760,763,997,95,32,63,1282,627,655,167,81,86
50049671,3584,1656,1928,371,142,229,912,480,432,1234,518,716,58,25,33,873,411,462,136,80,56
50049672,260,135,125,36,18,18,97,56,41,76,34,42,2,2,0,40,18,22,9,7,2
50049673,16,9,7,4,2,2,5,4,1,4,1,3,0,0,0,3,2,1,0,0,0
50049674,2227,1035,1192,209,81,128,425,220,205,735,344,391,37,14,23,740,339,401,81,37,44
50049675,748,344,404,79,38,41,182,99,83,211,93,118,12,3,9,216,90,126,48,21,27
50049676,218,97,121,4,4,0,3,2,1,109,40,69,2,0,2,87,44,43,13,7,6
50049677,4980,2894,2086,546,290,256,837,556,281,1239,640,599,74,27,47,1219,596,623,1065,785,280
50049678,1652,886,766,241,162,79,261,169,92,457,227,230,22,14,8,581,264,317,90,50,40
50049679,230,117,113,17,12,5,39,18,21,83,40,43,4,3,1,73,33,40,14,11,3
50049680,1121,544,577,73,36,37,214,112,102,368,176,192,31,13,18,389,179,210,46,28,18
50049681,2613,1238,1375,228,103,125,584,324,260,824,366,458,32,11,21,837,376,461,108,58,50
50049682,208,93,115,13,5,8,45,27,18,73,33,40,8,0,8,64,26,38,5,2,3
50049683,5618,2545,3073,600,243,357,1568,817,751,1975,809,1166,95,32,63,1160,535,625,220,109,111
50049684,109,37,72,23,7,16,24,11,13,33,8,25,0,0,0,19,6,13,10,5,5
50049685,1152,539,613,102,46,56,257,142,115,432,183,249,25,10,15,293,134,159,43,24,19
50049686,989,455,534,81,33,48,231,137,94,360,137,223,22,8,14,272,128,144,23,12,11
50478501,26,15,11,1,0,1,6,3,3,9,5,4,1,0,1,9,7,2,0,0,0
50478502,249,122,127,40,18,22,101,57,44,57,25,32,2,0,2,15,7,8,34,15,19
50478503,796,404,392,137,63,74,297,182,115,236,105,131,12,4,8,82,33,49,32,17,15
55216001,783,392,391,99,40,59,292,174,118,239,115,124,14,2,12,99,36,63,40,25,15
55241101,43,18,25,7,0,7,12,9,3,17,8,9,2,0,2,3,1,2,2,0,2
55241102,1180,606,574,130,51,79,460,268,192,368,169,199,17,5,12,142,80,62,63,33,30
50501301,272,125,147,39,15,24,125,70,55,65,27,38,3,1,2,34,11,23,6,1,5
50501302,791,386,405,100,33,67,272,155,117,253,119,134,5,2,3,127,61,66,34,16,18
55410301,160,88,72,18,10,8,60,40,20,53,21,32,2,1,1,23,14,9,4,2,2
54707701,1095,533,562,129,63,66,224,130,94,346,148,198,16,5,11,343,162,181,37,25,12
50508101,195,97,98,32,8,24,98,63,35,47,19,28,0,0,0,12,6,6,6,1,5
50508102,1082,536,546,145,59,86,410,234,176,330,156,174,22,5,17,134,59,75,41,23,18
50508103,188,97,91,38,13,25,87,51,36,42,22,20,2,1,1,11,5,6,8,5,3
55226701,276,130,146,41,13,28,104,62,42,72,30,42,4,1,3,38,16,22,17,8,9
55215101,930,463,467,115,42,73,372,212,160,244,122,122,16,3,13,140,61,79,43,23,20
50511101,310,153,157,34,11,23,112,58,54,114,54,60,5,2,3,38,23,15,7,5,2
50511102,996,506,490,113,36,77,366,220,146,304,137,167,11,3,8,172,87,85,30,23,7
55219401,156,77,79,22,6,16,73,45,28,34,13,21,1,0,1,9,4,5,17,9,8
56905401,123,67,56,18,10,8,60,38,22,26,12,14,2,0,2,10,3,7,7,4,3
54701801,480,250,230,72,26,46,190,122,68,144,65,79,8,4,4,50,25,25,16,8,8
56977101,136,67,69,20,6,14,57,33,24,43,21,22,1,1,0,12,4,8,3,2,1
55242901,183,99,84,22,11,11,71,42,29,49,24,25,4,1,3,29,15,14,8,6,2
55201101,652,330,322,60,27,33,214,126,88,217,100,117,11,3,8,123,56,67,27,18,9
50516101,89,40,49,12,4,8,33,20,13,32,10,22,0,0,0,11,5,6,1,1,0
50516102,88,44,44,17,6,11,37,24,13,17,7,10,2,1,1,11,5,6,4,1,3
50516104,281,135,146,48,17,31,110,68,42,89,35,54,1,0,1,24,9,15,9,6,3
50516105,244,122,122,27,15,12,59,33,26,85,39,46,6,1,5,59,28,31,8,6,2
50516106,2019,979,1040,256,90,166,724,423,301,656,287,369,28,5,23,243,110,133,112,64,48
50516107,54,28,26,17,7,10,16,11,5,12,5,7,0,0,0,7,5,2,2,0,2
1636510,0,0,0,0,0,0,0,0,0,0,0,0,0,0,0,0,0,0,0,0,0
3417970,0,0,0,0,0,0,0,0,0,0,0,0,0,0,0,0,0,0,0,0,0
50518801,75,40,35,14,4,10,38,30,8,17,3,14,0,0,0,6,3,3,0,0,0
50518802,22,13,9,2,1,1,6,4,2,8,6,2,2,0,2,4,2,2,0,0,0
50518803,119,67,52,20,9,11,55,40,15,24,13,11,1,1,0,10,2,8,9,2,7
50518804,115,54,61,16,6,10,56,31,25,27,9,18,4,1,3,6,3,3,6,4,2
50518805,89,48,41,18,8,10,24,15,9,26,13,13,0,0,0,17,8,9,4,4,0
50518806,814,370,444,109,29,80,211,118,93,285,122,163,15,8,7,162,77,85,32,16,16
50518807,1141,526,615,179,65,114,362,191,171,375,173,202,20,4,16,158,72,86,47,21,26
50518808,1279,551,728,199,59,140,448,235,213,403,157,246,15,5,10,136,55,81,78,40,38
50518809,914,489,425,131,56,75,272,160,112,246,112,134,15,5,10,84,35,49,166,121,45
50518810,116,53,63,17,5,12,47,25,22,31,11,20,2,0,2,14,8,6,5,4,1
50518811,36,20,16,4,3,1,12,7,5,12,7,5,0,0,0,7,3,4,1,0,1
50518812,98,44,54,22,6,16,33,21,12,29,12,17,2,0,2,5,1,4,7,4,3
50518813,1455,710,745,239,102,137,496,277,219,430,194,236,20,6,14,193,92,101,77,39,38
50518815,729,352,377,70,22,48,217,129,88,271,122,149,7,2,5,138,65,73,26,12,14
50518816,628,287,341,75,28,47,199,113,86,193,84,109,7,0,7,127,51,76,27,11,16
50518817,241,118,123,22,7,15,63,40,23,94,45,49,3,1,2,49,21,28,10,4,6
50518818,672,321,351,193,97,96,132,83,49,187,78,109,7,3,4,132,54,78,21,6,15
50518819,917,450,467,138,60,78,284,172,112,310,131,179,11,6,5,147,73,74,27,8,19
50518820,1271,600,671,181,65,116,423,244,179,427,177,250,23,9,14,159,74,85,58,31,27
50518821,36,20,16,8,5,3,17,11,6,8,2,6,0,0,0,3,2,1,0,0,0
50518822,27,16,11,4,3,1,10,7,3,7,3,4,0,0,0,4,2,2,2,1,1
50518823,199,100,99,21,8,13,57,38,19,67,26,41,5,3,2,48,24,24,1,1,0
50521801,262,131,131,52,19,33,124,77,47,63,25,38,3,2,1,14,4,10,6,4,2
50521802,1070,543,527,155,60,95,415,248,167,338,161,177,14,8,6,103,45,58,45,21,24
50526901,205,97,108,23,9,14,67,41,26,59,25,34,8,3,5,44,16,28,4,3,1
50526902,559,287,272,81,34,47,191,113,78,160,73,87,4,1,3,77,38,39,46,28,18
50526903,299,151,148,52,19,33,96,59,37,96,38,58,5,3,2,38,24,14,12,8,4
55208901,515,250,265,50,21,29,128,80,48,167,74,93,5,1,4,145,64,81,20,10,10
50529301,166,84,82,23,11,12,75,42,33,44,20,24,2,1,1,18,9,9,4,1,3
50529302,50,24,26,7,1,6,19,11,8,14,8,6,0,0,0,5,2,3,5,2,3
50529303,184,85,99,43,11,32,65,43,22,48,18,30,6,2,4,17,8,9,5,3,2
50529304,939,456,483,133,49,84,385,225,160,259,100,159,15,6,9,103,47,56,44,29,15
50529305,131,63,68,16,6,10,47,33,14,43,14,29,3,1,2,21,8,13,1,1,0
50536601,103,53,50,16,6,10,42,24,18,31,16,15,2,0,2,10,5,5,2,2,0
50536602,179,90,89,20,9,11,44,30,14,63,25,38,2,0,2,41,20,21,9,6,3
50536603,101,53,48,13,7,6,42,25,17,27,14,13,0,0,0,13,5,8,6,2,4
50536604,856,424,432,89,32,57,264,158,106,294,125,169,13,2,11,152,83,69,44,24,20
50536605,121,60,61,19,8,11,40,25,15,35,15,20,1,0,1,18,10,8,8,2,6
50536606,67,34,33,10,2,8,22,13,9,17,10,7,2,0,2,8,3,5,8,6,2
50550101,102,52,50,16,5,11,38,26,12,29,15,14,2,1,1,12,2,10,5,3,2
50550102,191,96,95,48,21,27,81,47,34,32,16,16,3,0,3,16,6,10,11,6,5
50550103,887,443,444,161,68,93,336,193,143,243,110,133,14,4,10,65,25,40,68,43,25
1745480,0,0,0,0,0,0,0,0,0,0,0,0,0,0,0,0,0,0,0,0,0
1746020,0,0,0,0,0,0,0,0,0,0,0,0,0,0,0,0,0,0,0,0,0
1746290,0,0,0,0,0,0,0,0,0,0,0,0,0,0,0,0,0,0,0,0,0
3405700,0,0,0,0,0,0,0,0,0,0,0,0,0,0,0,0,0,0,0,0,0
50558701,245,111,134,44,16,28,96,56,40,64,20,44,2,2,0,12,6,6,27,11,16
50558702,104,56,48,17,8,9,56,37,19,26,9,17,1,1,0,2,0,2,2,1,1
50558703,101,50,51,8,0,8,45,28,17,35,17,18,4,1,3,8,4,4,1,0,1
50558704,103,49,54,21,7,14,35,20,15,34,16,18,2,0,2,6,3,3,5,3,2
50558705,161,81,80,19,7,12,64,35,29,48,26,22,3,0,3,18,9,9,9,4,5
50558706,172,87,85,22,7,15,87,51,36,37,17,20,2,0,2,22,11,11,2,1,1
50558707,346,169,177,50,15,35,118,76,42,111,48,63,5,0,5,52,23,29,10,7,3
50558709,86,40,46,14,5,9,21,12,9,28,14,14,3,2,1,18,6,12,2,1,1
50558710,179,95,84,22,9,13,62,39,23,54,25,29,1,0,1,27,14,13,13,8,5
50558711,2412,1104,1308,410,121,289,896,475,421,694,306,388,47,12,35,192,96,96,173,94,79
50558712,1329,641,688,176,60,116,455,248,207,449,204,245,23,8,15,173,91,82,53,30,23
50558713,371,184,187,47,18,29,127,69,58,122,55,67,2,1,1,65,36,29,8,5,3
50558714,26,13,13,5,2,3,6,3,3,10,6,4,1,0,1,4,2,2,0,0,0
50558715,1059,529,530,153,70,83,322,196,126,348,150,198,24,8,16,168,80,88,44,25,19
50558716,364,168,196,45,20,25,105,61,44,124,52,72,10,4,6,66,26,40,14,5,9
50558717,1313,593,720,199,62,137,456,234,222,446,211,235,34,7,27,130,50,80,48,29,19
50558718,994,536,458,177,72,105,310,193,117,251,122,129,13,3,10,93,40,53,150,106,44
50558719,24,14,10,2,1,1,9,5,4,10,6,4,0,0,0,0,0,0,3,2,1
55236401,372,193,179,42,18,24,111,71,40,130,60,70,4,1,3,70,34,36,15,9,6
50560901,2842,1393,1449,336,133,203,750,447,303,968,433,535,54,12,42,577,286,291,157,82,75
50565001,282,150,132,37,12,25,120,75,45,79,39,40,5,2,3,31,17,14,10,5,5
50565002,1843,888,955,223,97,126,569,335,234,574,231,343,36,12,24,356,170,186,85,43,42
50565003,276,144,132,32,16,16,72,49,23,96,43,53,4,1,3,58,26,32,14,9,5
50566801,1091,538,553,128,50,78,360,212,148,374,174,200,11,2,9,187,82,105,31,18,13
55211901,312,155,157,51,21,30,123,71,52,90,39,51,4,2,2,33,14,19,11,8,3
55211902,356,178,178,41,20,21,139,87,52,116,44,72,6,2,4,43,18,25,11,7,4
55211903,464,237,227,56,22,34,209,125,84,124,57,67,7,1,6,54,22,32,14,10,4
56896101,357,184,173,46,19,27,136,79,57,106,56,50,5,0,5,44,18,26,20,12,8
55239901,187,91,96,25,10,15,70,40,30,63,31,32,4,2,2,22,7,15,3,1,2
50586201,352,181,171,43,10,33,126,84,42,123,58,65,5,1,4,40,16,24,15,12,3
50676101,207,100,107,18,3,15,72,44,28,67,31,36,2,0,2,40,17,23,8,5,3
58926801,884,452,432,112,47,65,335,193,142,276,130,146,16,4,12,111,60,51,34,18,16
58927601,36,19,17,3,2,1,16,11,5,12,3,9,1,1,0,2,1,1,2,1,1
58927602,255,135,120,35,13,22,101,67,34,65,29,36,3,1,2,35,14,21,16,11,5
58927603,142,65,77,20,11,9,54,25,29,41,13,28,3,1,2,20,12,8,4,3,1
58928401,245,122,123,32,6,26,98,65,33,78,34,44,1,0,1,20,9,11,16,8,8
58929201,372,161,211,65,18,47,162,84,78,74,29,45,4,1,3,46,19,27,21,10,11
58930601,86,39,47,17,6,11,39,20,19,23,9,14,0,0,0,5,3,2,2,1,1
58930602,26,16,10,2,0,2,9,7,2,10,6,4,0,0,0,3,2,1,2,1,1
58931401,102,49,53,19,6,13,45,28,17,20,11,9,0,0,0,13,3,10,5,1,4
58931402,496,240,256,61,23,38,212,117,95,154,72,82,5,0,5,40,15,25,24,13,11
58931403,64,33,31,12,4,8,27,18,9,16,5,11,0,0,0,4,3,1,5,3,2
58932202,1075,526,549,133,39,94,459,268,191,283,126,157,11,1,10,116,54,62,73,38,35
58932203,109,53,56,16,7,9,46,27,19,26,12,14,2,0,2,11,3,8,8,4,4
58933101,161,86,75,22,7,15,71,41,30,49,30,19,3,1,2,14,7,7,2,0,2
58934901,245,133,112,31,12,19,115,72,43,62,29,33,6,5,1,25,11,14,6,4,2
58934902,51,25,26,10,2,8,26,16,10,11,5,6,1,0,1,2,1,1,1,1,0
58934903,35,18,17,7,2,5,9,7,2,12,6,6,0,0,0,7,3,4,0,0,0
58935701,253,121,132,38,12,26,117,72,45,63,21,42,5,2,3,21,10,11,9,4,5
58936501,396,204,192,42,16,26,158,101,57,110,44,66,5,3,2,57,27,30,24,13,11
58938101,828,409,419,120,39,81,300,179,121,253,112,141,14,2,12,106,55,51,35,22,13
58939001,426,222,204,66,31,35,186,103,83,118,66,52,5,3,2,29,11,18,22,8,14
58940301,842,418,424,128,41,87,313,190,123,242,119,123,6,1,5,91,36,55,62,31,31
58940302,99,49,50,19,9,10,35,23,12,22,9,13,0,0,0,14,4,10,9,4,5
58940303,128,63,65,33,17,16,49,29,20,36,13,23,0,0,0,9,3,6,1,1,0
58942001,437,221,216,62,24,38,160,90,70,130,62,68,3,0,3,58,28,30,24,17,7
58943801,274,142,132,31,18,13,103,61,42,87,39,48,5,1,4,38,15,23,10,8,2
58944601,636,315,321,150,64,86,201,120,81,147,63,84,5,2,3,41,17,24,92,49,43
58945401,337,169,168,44,8,36,143,84,59,77,36,41,4,2,2,29,14,15,40,25,15
58945402,101,50,51,19,5,14,48,30,18,24,9,15,0,0,0,6,3,3,4,3,1
58946201,416,212,204,51,16,35,206,123,83,98,41,57,4,1,3,37,18,19,20,13,7
55841901,20,10,10,1,1,0,5,4,1,6,2,4,0,0,0,8,3,5,0,0,0
55841902,1152,567,585,126,49,77,389,225,164,389,174,215,12,7,5,184,81,103,52,31,21
58948901,379,185,194,59,26,33,150,75,75,97,50,47,6,1,5,42,15,27,25,18,7
58949701,197,98,99,29,10,19,100,54,46,45,22,23,6,4,2,10,3,7,7,5,2
54996701,94,45,49,13,0,13,44,27,17,30,16,14,0,0,0,6,2,4,1,0,1
58950102,268,135,133,27,11,16,131,79,52,51,18,33,5,2,3,29,11,18,25,14,11
58951901,571,292,279,88,26,62,257,153,104,145,70,75,7,2,5,44,20,24,30,21,9
58951902,71,36,35,12,3,9,32,20,12,20,10,10,0,0,0,6,3,3,1,0,1
58951903,74,37,37,10,3,7,36,21,15,23,11,12,0,0,0,4,1,3,1,1,0
58952701,179,85,94,35,12,23,72,33,39,42,22,20,1,0,1,9,5,4,20,13,7
58952702,149,69,80,34,10,24,65,39,26,41,18,23,2,0,2,5,1,4,2,1,1
58953501,177,96,81,26,13,13,71,46,25,52,21,31,1,0,1,18,11,7,9,5,4
58954301,554,274,280,70,22,48,202,114,88,153,70,83,13,2,11,71,36,35,45,30,15
58954302,78,39,39,11,5,6,39,23,16,21,8,13,1,1,0,3,1,2,3,1,2
54354301,185,99,86,29,15,14,86,52,34,36,16,20,4,0,4,11,4,7,19,12,7
58956001,332,177,155,54,14,40,129,77,52,97,53,44,2,0,2,36,21,15,14,12,2
58956002,76,35,41,11,3,8,33,21,12,20,7,13,1,1,0,10,3,7,1,0,1
58956003,20,9,11,3,1,2,14,6,8,2,1,1,0,0,0,1,1,0,0,0,0
58956004,102,57,45,20,8,12,48,30,18,21,11,10,0,0,0,8,4,4,5,4,1
58957801,357,184,173,59,26,33,157,91,66,90,39,51,3,1,2,30,14,16,18,13,5
58958601,270,143,127,55,24,31,105,64,41,70,33,37,4,0,4,31,18,13,5,4,1
58959402,286,139,147,41,9,32,129,70,59,68,34,34,2,1,1,21,12,9,25,13,12
58960801,664,324,340,109,38,71,273,147,126,171,78,93,8,3,5,70,34,36,33,24,9
58961601,234,125,109,34,15,19,105,69,36,53,25,28,9,2,7,24,9,15,9,5,4
58962401,73,38,35,4,3,1,29,21,8,22,8,14,1,0,1,11,3,8,6,3,3
58962402,142,73,69,19,6,13,65,39,26,30,12,18,0,0,0,17,9,8,11,7,4
58962404,100,54,46,7,3,4,44,24,20,28,14,14,2,0,2,14,9,5,5,4,1
58962405,33,18,15,3,3,0,12,6,6,13,7,6,0,0,0,5,2,3,0,0,0
58962406,1650,793,857,240,70,170,622,362,260,503,228,275,21,10,11,170,76,94,94,47,47
58962407,125,63,62,16,7,9,56,33,23,29,11,18,0,0,0,21,11,10,3,1,2
58962408,109,54,55,24,6,18,49,34,15,28,9,19,2,0,2,3,2,1,3,3,0
58963201,2363,1125,1238,300,113,187,847,454,393,722,326,396,32,8,24,346,161,185,116,63,53
58964101,130,73,57,25,15,10,63,34,29,31,17,14,1,0,1,7,4,3,3,3,0
58964102,93,49,44,14,6,8,46,27,19,23,14,9,1,0,1,7,2,5,2,0,2
58965901,237,120,117,36,17,19,78,40,38,76,39,37,6,2,4,35,18,17,6,4,2
58965902,995,498,497,136,59,77,325,188,137,307,143,164,16,1,15,155,74,81,56,33,23
58965903,27,14,13,2,0,2,11,8,3,9,3,6,1,0,1,3,2,1,1,1,0
58965904,84,40,44,9,4,5,33,19,14,27,13,14,2,0,2,11,4,7,2,0,2
58966701,463,230,233,66,25,41,192,108,84,121,62,59,9,2,7,37,15,22,38,18,20
58967501,70,37,33,12,3,9,25,18,7,18,9,9,0,0,0,14,6,8,1,1,0
58967502,79,40,39,9,2,7,34,18,16,23,13,10,2,1,1,9,5,4,2,1,1
58967503,76,34,42,20,5,15,37,22,15,12,3,9,0,0,0,5,2,3,2,2,0
58967504,243,120,123,33,12,21,79,40,39,83,49,34,5,1,4,39,16,23,4,2,2
58968301,289,145,144,36,11,25,112,70,42,100,48,52,2,0,2,23,5,18,16,11,5
58969101,169,86,83,36,12,24,60,37,23,50,26,24,1,0,1,20,10,10,2,1,1
58969102,324,169,155,41,12,29,146,91,55,90,44,46,3,0,3,36,19,17,8,3,5
58969103,66,38,28,6,0,6,19,13,6,25,14,11,3,2,1,6,4,2,7,5,2
58969104,19,9,10,2,0,2,8,3,5,5,3,2,0,0,0,4,3,1,0,0,0
58970501,39,20,19,4,1,3,22,14,8,11,4,7,0,0,0,2,1,1,0,0,0
58970502,160,73,87,30,7,23,83,50,33,33,10,23,1,0,1,7,2,5,6,4,2
58970503,58,33,25,9,2,7,32,21,11,11,6,5,0,0,0,6,4,2,0,0,0
58970504,58,31,27,11,5,6,27,17,10,14,7,7,0,0,0,6,2,4,0,0,0
58970505,115,52,63,20,5,15,51,26,25,31,16,15,0,0,0,9,3,6,4,2,2
58971301,312,158,154,37,13,24,136,76,60,90,45,45,1,0,1,37,16,21,11,8,3
58972101,407,220,187,51,21,30,173,110,63,107,54,53,6,1,5,35,19,16,35,15,20
58973001,721,356,365,82,33,49,242,131,111,233,108,125,9,4,5,118,59,59,37,21,16
58973002,484,240,244,73,31,42,168,101,67,144,67,77,10,3,7,65,25,40,24,13,11
58973003,105,53,52,4,3,1,26,17,9,41,16,25,0,0,0,27,12,15,7,5,2
58973004,24,11,13,0,0,0,6,3,3,15,8,7,2,0,2,1,0,1,0,0,0
58974801,94,49,45,14,6,8,32,21,11,40,18,22,0,0,0,7,3,4,1,1,0
58974802,139,72,67,10,6,4,72,42,30,36,13,23,1,0,1,13,7,6,7,4,3
58974803,286,143,143,40,10,30,137,83,54,71,33,38,6,2,4,23,9,14,9,6,3
58975601,1587,770,817,206,84,122,667,370,297,418,184,234,16,5,11,162,68,94,118,59,59
58976401,1135,606,529,252,169,83,381,213,168,300,130,170,12,3,9,143,63,80,47,28,19
58976402,56,31,25,10,7,3,29,17,12,12,5,7,0,0,0,3,1,2,2,1,1
58977201,272,131,141,48,17,31,114,64,50,73,30,43,1,0,1,18,8,10,18,12,6
58979901,216,106,110,63,27,36,95,51,44,36,19,17,0,0,0,13,6,7,9,3,6
58980201,24,13,11,5,3,2,6,4,2,7,2,5,0,0,0,3,2,1,3,2,1
58980202,349,174,175,35,16,19,108,62,46,122,52,70,6,1,5,59,31,28,19,12,7
58981101,147,73,74,23,6,17,72,45,27,38,16,22,5,2,3,9,4,5,0,0,0
58982901,140,69,71,19,6,13,68,40,28,37,12,25,0,0,0,12,8,4,4,3,1
58982902,1273,628,645,143,55,88,497,281,216,370,163,207,16,3,13,197,96,101,50,30,20
58983701,278,153,125,46,24,22,128,74,54,59,31,28,3,2,1,29,14,15,13,8,5
58984502,793,398,395,109,46,63,312,187,125,216,88,128,5,0,5,108,53,55,43,24,19
58984503,277,135,142,35,11,24,99,60,39,103,47,56,2,1,1,30,12,18,8,4,4
58985301,220,115,105,33,13,20,94,56,38,65,34,31,1,0,1,14,6,8,13,6,7
55719601,161,88,73,23,11,12,65,41,24,43,19,24,2,0,2,16,8,8,12,9,3
55719602,58,25,33,11,4,7,30,14,16,12,4,8,0,0,0,3,1,2,2,2,0
58987001,579,287,292,82,32,50,245,144,101,165,75,90,2,2,0,50,21,29,35,13,22
58988801,577,286,291,91,28,63,254,156,98,144,64,80,5,2,3,60,22,38,23,14,9
58989601,1361,662,699,152,65,87,466,239,227,465,219,246,25,12,13,208,100,108,45,27,18
58989602,260,107,153,54,16,38,104,58,46,75,24,51,0,0,0,21,7,14,6,2,4
58989603,117,60,57,20,10,10,53,29,24,24,11,13,1,1,0,16,6,10,3,3,0
58989604,163,86,77,22,10,12,69,40,29,41,21,20,4,1,3,25,13,12,2,1,1
54998301,115,55,60,16,4,12,57,34,23,29,14,15,2,0,2,9,3,6,2,0,2
1335400,0,0,0,0,0,0,0,0,0,0,0,0,0,0,0,0,0,0,0,0,0
3043790,0,0,0,0,0,0,0,0,0,0,0,0,0,0,0,0,0,0,0,0,0
3204120,0,0,0,0,0,0,0,0,0,0,0,0,0,0,0,0,0,0,0,0,0
3204390,0,0,0,0,0,0,0,0,0,0,0,0,0,0,0,0,0,0,0,0,0
3204550,0,0,0,0,0,0,0,0,0,0,0,0,0,0,0,0,0,0,0,0,0
3407070,0,0,0,0,0,0,0,0,0,0,0,0,0,0,0,0,0,0,0,0,0
58925002,1256,604,652,157,69,88,336,185,151,430,189,241,21,4,17,281,141,140,31,16,15
58925004,58,27,31,9,4,5,15,9,6,16,5,11,1,0,1,14,8,6,3,1,2
58925005,940,450,490,109,30,79,280,165,115,326,152,174,10,1,9,199,97,102,16,5,11
58925007,1895,909,986,183,84,99,481,268,213,715,306,409,38,16,22,397,189,208,81,46,35
58925010,348,166,182,41,13,28,117,62,55,116,56,60,8,5,3,53,20,33,13,10,3
58925011,125,63,62,10,4,6,44,24,20,46,21,25,3,0,3,21,13,8,1,1,0
58925012,2845,1397,1448,292,113,179,968,516,452,979,473,506,40,15,25,403,183,220,163,97,66
58925013,273,128,145,31,13,18,103,57,46,77,31,46,5,1,4,44,21,23,13,5,8
58925014,21,11,10,1,0,1,7,3,4,9,6,3,1,1,0,3,1,2,0,0,0
58925015,4202,1926,2276,436,156,280,1240,651,589,1504,627,877,71,25,46,797,385,412,154,82,72
58925017,59,38,21,11,8,3,10,7,3,21,10,11,1,1,0,7,6,1,9,6,3
58925018,2026,882,1144,235,83,152,665,323,342,721,307,414,27,5,22,311,137,174,67,27,40
58925019,2567,1164,1403,319,131,188,879,436,443,783,333,450,39,13,26,373,171,202,174,80,94
58925020,3274,1534,1740,375,165,210,979,507,472,1113,476,637,56,22,34,616,290,326,135,74,61
58925022,312,120,192,51,13,38,76,25,51,107,37,70,4,1,3,56,37,19,18,7,11
58925024,3857,1834,2023,426,182,244,1255,632,623,1350,600,750,45,16,29,636,324,312,145,80,65
58925025,1819,871,948,201,94,107,540,276,264,640,283,357,27,9,18,351,174,177,60,35,25
58925026,3379,1494,1885,374,126,248,1235,630,605,1165,471,694,49,17,32,452,198,254,104,52,52
58925027,1909,1071,838,245,131,114,532,298,234,508,243,265,23,7,16,204,98,106,397,294,103
58925029,83,48,35,4,1,3,21,11,10,17,9,8,5,5,0,16,9,7,20,13,7
58925030,29,16,13,2,2,0,6,3,3,6,3,3,2,2,0,11,5,6,2,1,1
58925031,1849,801,1048,231,65,166,617,293,324,610,250,360,25,9,16,278,140,138,88,44,44
58925032,1818,840,978,190,78,112,502,254,248,607,274,333,35,6,29,385,177,208,99,51,48
58925033,245,62,183,67,14,53,93,26,67,51,16,35,0,0,0,11,4,7,23,2,21
58925034,58,44,14,14,10,4,33,23,10,2,2,0,0,0,0,3,3,0,6,6,0
58925035,1900,909,991,280,126,154,631,328,303,587,262,325,27,10,17,252,121,131,123,62,61
58991801,256,133,123,32,18,14,92,56,36,88,38,50,1,0,1,27,13,14,16,8,8
58992601,820,402,418,87,22,65,380,226,154,238,110,128,17,5,12,78,30,48,20,9,11
58993401,907,463,444,117,45,72,366,216,150,260,115,145,16,7,9,89,42,47,59,38,21
58993402,108,54,54,16,6,10,42,19,23,33,21,12,3,1,2,10,6,4,4,1,3
58994201,22,10,12,2,0,2,10,6,4,3,0,3,0,0,0,3,2,1,4,2,2
58994202,590,299,291,58,19,39,259,146,113,172,79,93,10,2,8,60,27,33,31,26,5
58994203,81,43,38,8,4,4,36,22,14,25,13,12,0,0,0,12,4,8,0,0,0
58994204,173,90,83,15,4,11,81,49,32,52,27,25,4,2,2,9,4,5,12,4,8
58995101,165,74,91,27,10,17,78,41,37,41,14,27,0,0,0,9,4,5,10,5,5
58996901,81,42,39,11,2,9,32,21,11,20,9,11,3,1,2,10,5,5,5,4,1
58997701,85,42,43,14,4,10,35,22,13,21,9,12,1,0,1,14,7,7,0,0,0
58997702,440,228,212,60,23,37,178,111,67,141,68,73,6,2,4,38,18,20,17,6,11
50677001,395,196,199,46,13,33,124,72,52,119,58,61,7,2,5,78,38,40,21,13,8
58999301,216,107,109,25,12,13,91,48,43,63,27,36,2,1,1,25,11,14,10,8,2
59000201,268,140,128,41,16,25,121,72,49,60,24,36,3,0,3,18,12,6,25,16,9
59001101,465,231,234,59,23,36,140,84,56,145,65,80,4,1,3,96,45,51,21,13,8
59002901,1288,662,626,172,70,102,479,278,201,396,183,213,18,3,15,146,78,68,77,50,27
59004501,65,38,27,10,5,5,35,23,12,13,5,8,0,0,0,5,3,2,2,2,0
59005301,137,60,77,19,5,14,61,33,28,32,9,23,3,0,3,20,11,9,2,2,0
59005302,311,156,155,34,11,23,126,77,49,101,39,62,1,0,1,34,19,15,15,10,5
3242720,0,0,0,0,0,0,0,0,0,0,0,0,0,0,0,0,0,0,0,0,0
59006101,129,63,66,16,7,9,48,22,26,31,16,15,2,0,2,19,9,10,13,9,4
59007002,99,49,50,5,4,1,38,17,21,36,18,18,1,1,0,13,7,6,6,2,4
59007003,86,39,47,3,2,1,33,17,16,36,13,23,1,0,1,8,3,5,5,4,1
59007004,37,20,17,10,4,6,13,8,5,10,5,5,0,0,0,4,3,1,0,0,0
59007005,138,72,66,21,11,10,53,29,24,37,16,21,5,2,3,11,6,5,11,8,3
59008801,157,87,70,25,9,16,72,48,24,40,17,23,2,0,2,15,10,5,3,3,0
59008802,50,27,23,9,3,6,23,14,9,13,9,4,1,0,1,4,1,3,0,0,0
59008803,257,138,119,32,10,22,114,72,42,75,38,37,1,1,0,25,12,13,10,5,5
59009601,50,25,25,10,4,6,24,14,10,9,3,6,0,0,0,5,3,2,2,1,1
59009602,156,77,79,25,8,17,68,40,28,35,15,20,1,1,0,14,5,9,13,8,5
59010001,361,185,176,46,19,27,162,96,66,97,37,60,6,2,4,28,17,11,22,14,8
59011801,238,113,125,42,14,28,104,55,49,55,26,29,4,1,3,19,9,10,14,8,6
59012601,1066,506,560,133,37,96,379,214,165,351,155,196,15,5,10,134,61,73,54,34,20
59013401,514,290,224,194,132,62,161,93,68,101,38,63,5,0,5,27,12,15,26,15,11
59014201,421,214,207,52,23,29,155,82,73,120,61,59,5,0,5,72,39,33,17,9,8
54471001,99,46,53,6,2,4,36,20,16,26,10,16,2,1,1,22,10,12,7,3,4
59015101,147,72,75,24,7,17,58,31,27,37,19,18,1,0,1,12,7,5,15,8,7
59017701,289,151,138,31,14,17,135,83,52,71,27,44,1,0,1,39,20,19,12,7,5
59017702,211,107,104,28,13,15,77,48,29,58,29,29,0,0,0,32,12,20,16,5,11
59018501,441,221,220,76,35,41,174,93,81,121,58,63,7,2,5,49,23,26,14,10,4
59018502,261,125,136,41,14,27,95,55,40,78,32,46,0,0,0,30,15,15,17,9,8
59018503,661,329,332,75,31,44,219,128,91,198,83,115,9,2,7,99,51,48,61,34,27
59019301,89,38,51,12,2,10,42,21,21,27,13,14,0,0,0,6,1,5,2,1,1
59019302,386,191,195,65,33,32,132,73,59,115,52,63,7,2,5,46,20,26,21,11,10
59020701,439,220,219,65,22,43,170,111,59,128,47,81,4,0,4,53,26,27,19,14,5
59021501,416,206,210,67,30,37,154,80,74,127,62,65,6,3,3,48,23,25,14,8,6
59022301,27,18,9,3,2,1,11,9,2,9,5,4,0,0,0,4,2,2,0,0,0
59022302,268,133,135,35,10,25,114,64,50,77,34,43,3,2,1,25,14,11,14,9,5
59024001,444,223,221,63,29,34,210,113,97,115,58,57,4,2,2,30,10,20,22,11,11
51223101,1034,533,501,172,64,108,390,238,152,293,132,161,7,1,6,100,52,48,72,46,26
51223102,216,113,103,42,19,23,104,65,39,51,22,29,2,2,0,10,3,7,7,2,5
51223103,83,38,45,17,8,9,28,18,10,28,9,19,2,0,2,7,3,4,1,0,1
51223104,125,62,63,25,11,14,51,29,22,30,13,17,1,0,1,13,7,6,5,2,3
51228101,473,236,237,63,25,38,209,115,94,126,54,72,6,2,4,43,23,20,26,17,9
51228102,68,37,31,6,2,4,35,23,12,16,6,10,1,0,1,7,4,3,3,2,1
51240101,144,65,79,26,8,18,51,31,20,35,14,21,1,0,1,23,9,14,8,3,5
56917801,267,132,135,40,16,24,115,65,50,76,32,44,0,0,0,29,15,14,7,4,3
51253202,785,389,396,100,35,65,298,177,121,256,115,141,6,0,6,83,39,44,42,23,19
51280001,1387,668,719,195,69,126,486,267,219,445,199,246,16,5,11,186,86,100,59,42,17
51280002,157,79,78,20,9,11,60,38,22,46,16,30,3,0,3,17,9,8,11,7,4
51282601,314,167,147,46,24,22,127,73,54,89,44,45,2,1,1,34,15,19,16,10,6
51287701,302,150,152,39,18,21,135,79,56,84,37,47,7,0,7,29,11,18,8,5,3
56913501,251,126,125,42,15,27,101,58,43,74,37,37,1,0,1,26,11,15,7,5,2
51298201,400,194,206,42,8,34,151,85,66,134,69,65,6,1,5,56,25,31,11,6,5
55277101,246,120,126,31,9,22,85,49,36,72,34,38,4,2,2,36,15,21,18,11,7
51305901,104,51,53,15,6,9,38,22,16,35,15,20,1,0,1,9,4,5,6,4,2
51306701,429,211,218,48,14,34,159,90,69,135,60,75,5,2,3,50,23,27,32,22,10
51306703,187,90,97,13,4,9,68,33,35,76,39,37,4,0,4,24,12,12,2,2,0
51310501,179,92,87,15,7,8,62,35,27,58,31,27,1,0,1,33,14,19,10,5,5
56925901,214,111,103,30,11,19,83,51,32,63,29,34,2,2,0,26,12,14,10,6,4
55298401,55,24,31,7,1,6,26,12,14,11,5,6,2,1,1,7,4,3,2,1,1
51319901,429,216,213,60,24,36,184,109,75,122,49,73,5,2,3,42,20,22,16,12,4
51319902,298,154,144,46,19,27,128,73,55,96,48,48,3,2,1,21,10,11,4,2,2
51319903,251,123,128,34,15,19,90,51,39,82,34,48,2,1,1,34,15,19,9,7,2
51321101,428,216,212,43,17,26,145,84,61,142,67,75,7,2,5,64,28,36,27,18,9
51322901,1246,648,598,178,82,96,448,267,181,354,147,207,23,9,14,124,49,75,119,94,25
56919401,126,57,69,20,6,14,32,21,11,36,16,20,2,0,2,35,14,21,1,0,1
56926701,177,84,93,28,12,16,84,45,39,44,20,24,1,0,1,18,7,11,2,0,2
51349101,1353,669,684,148,56,92,446,264,182,471,215,256,14,4,10,221,100,121,53,30,23
56927501,185,98,87,17,3,14,81,52,29,63,34,29,1,0,1,19,6,13,4,3,1
55296801,124,65,59,17,4,13,60,39,21,27,12,15,0,0,0,18,9,9,2,1,1
56954201,354,182,172,49,23,26,159,87,72,100,52,48,1,0,1,30,13,17,15,7,8
51363601,254,128,126,25,8,17,84,53,31,101,45,56,1,0,1,25,13,12,18,9,9
51373301,240,114,126,40,16,24,97,54,43,63,26,37,1,0,1,35,15,20,4,3,1
0477910,0,0,0,0,0,0,0,0,0,0,0,0,0,0,0,0,0,0,0,0,0
0478300,0,0,0,0,0,0,0,0,0,0,0,0,0,0,0,0,0,0,0,0,0
3055610,0,0,0,0,0,0,0,0,0,0,0,0,0,0,0,0,0,0,0,0,0
3408550,0,0,0,0,0,0,0,0,0,0,0,0,0,0,0,0,0,0,0,0,0
51375001,1541,752,789,174,78,96,510,269,241,513,232,281,20,11,9,241,112,129,83,50,33
51375002,17,10,7,3,2,1,9,4,5,3,3,0,0,0,0,1,0,1,1,1,0
51375003,713,333,380,66,29,37,187,93,94,267,122,145,7,3,4,180,84,96,6,2,4
51375004,682,301,381,105,29,76,173,97,76,243,95,148,8,2,6,140,71,69,13,7,6
51375005,39,28,11,2,0,2,12,9,3,11,8,3,3,3,0,7,6,1,4,2,2
51375008,26,14,12,3,1,2,9,6,3,10,4,6,0,0,0,3,3,0,1,0,1
51375009,1044,480,564,170,68,102,282,152,130,362,147,215,8,3,5,161,80,81,61,30,31
51375010,47,25,22,7,4,3,15,8,7,16,8,8,0,0,0,8,4,4,1,1,0
51375012,408,194,214,49,19,30,89,50,39,141,58,83,9,2,7,113,62,51,7,3,4
51375013,1205,552,653,155,59,96,404,194,210,396,175,221,10,6,4,183,91,92,57,27,30
51375014,1042,492,550,151,68,83,380,192,188,304,134,170,22,10,12,134,60,74,51,28,23
51375015,669,321,348,69,31,38,196,93,103,250,123,127,6,2,4,125,60,65,23,12,11
51375016,1589,739,850,188,75,113,545,267,278,549,246,303,11,3,8,230,112,118,66,36,30
51375017,508,255,253,55,23,32,113,69,44,186,87,99,4,1,3,138,69,69,12,6,6
51375018,2095,978,1117,234,87,147,638,342,296,757,319,438,29,9,20,360,178,182,77,43,34
51375019,829,487,342,130,69,61,221,134,87,179,81,98,4,2,2,105,51,54,190,150,40
51375020,53,23,30,6,1,5,4,3,1,20,8,12,0,0,0,22,11,11,1,0,1
51375021,24,12,12,4,2,2,9,6,3,7,1,6,0,0,0,4,3,1,0,0,0
51375022,76,45,31,42,21,21,19,15,4,6,4,2,0,0,0,2,0,2,7,5,2
51375024,1273,647,626,155,67,88,447,268,179,411,187,224,18,2,16,200,99,101,42,24,18
51375025,23,15,8,3,1,2,8,7,1,5,3,2,0,0,0,7,4,3,0,0,0
51375026,204,96,108,38,16,22,86,48,38,49,17,32,0,0,0,18,9,9,13,6,7
51375027,40,22,18,3,2,1,10,6,4,24,11,13,0,0,0,3,3,0,0,0,0
51375028,54,26,28,11,4,7,18,10,8,17,7,10,0,0,0,7,4,3,1,1,0
51375029,49,29,20,3,2,1,26,16,10,15,10,5,0,0,0,5,1,4,0,0,0
51375030,116,59,57,12,4,8,45,25,20,38,20,18,1,0,1,11,4,7,9,6,3
51375031,74,33,41,9,3,6,32,19,13,23,9,14,0,0,0,8,1,7,2,1,1
51375032,375,179,196,47,16,31,140,78,62,121,57,64,3,2,1,57,23,34,7,3,4
51376801,1025,495,530,127,46,81,348,198,150,366,165,201,14,4,10,134,61,73,36,21,15
51376802,178,86,92,18,7,11,57,33,24,65,29,36,3,2,1,35,15,20,0,0,0
51376803,49,27,22,6,4,2,20,11,9,12,6,6,1,0,1,8,6,2,2,0,2
51376804,164,84,80,23,10,13,67,39,28,55,23,32,1,0,1,15,10,5,3,2,1
55699801,70,35,35,10,1,9,36,23,13,15,5,10,0,0,0,6,3,3,3,3,0
55699802,480,234,246,44,11,33,182,105,77,169,82,87,9,1,8,64,27,37,12,8,4
51387301,387,188,199,60,23,37,130,74,56,107,46,61,3,1,2,75,37,38,12,7,5
56928301,114,48,66,14,5,9,45,21,24,36,14,22,3,0,3,10,5,5,6,3,3
51404701,202,100,102,31,14,17,64,42,22,63,27,36,3,0,3,35,16,19,6,1,5
51405501,4535,2217,2318,701,281,420,1690,965,725,1225,544,681,56,14,42,465,201,264,398,212,186
51405502,128,66,62,26,10,16,56,36,20,32,13,19,0,0,0,4,3,1,10,4,6
51405503,131,64,67,25,10,15,52,32,20,34,13,21,0,0,0,13,6,7,7,3,4
51415201,931,432,499,168,45,123,316,192,124,247,102,145,8,2,6,136,68,68,56,23,33
56914301,358,182,176,35,13,22,164,99,65,97,46,51,8,2,6,36,14,22,18,8,10
55278001,334,157,177,62,16,46,124,73,51,95,41,54,5,2,3,37,19,18,11,6,5
51444601,130,60,70,14,5,9,41,19,22,52,21,31,0,0,0,19,11,8,4,4,0
51444602,31,21,10,5,3,2,11,8,3,8,6,2,0,0,0,4,2,2,3,2,1
51447102,440,228,212,58,23,35,178,104,74,117,56,61,9,3,6,50,20,30,28,22,6
51449701,250,118,132,34,11,23,116,60,56,66,31,35,2,1,1,20,9,11,12,6,6
51452701,60,30,30,4,3,1,10,6,4,27,12,15,4,1,3,12,7,5,3,1,2
3409280,0,0,0,0,0,0,0,0,0,0,0,0,0,0,0,0,0,0,0,0,0
51470501,46,23,23,5,2,3,16,9,7,20,9,11,0,0,0,5,3,2,0,0,0
51470502,2068,964,1104,271,88,183,638,326,312,712,326,386,20,5,15,342,174,168,85,45,40
51470503,46,29,17,2,1,1,19,13,6,10,7,3,1,1,0,13,7,6,1,0,1
51470504,45,25,20,7,5,2,16,8,8,19,10,9,0,0,0,3,2,1,0,0,0
51470505,767,365,402,128,51,77,217,121,96,260,117,143,2,1,1,112,53,59,48,22,26
51470506,37,19,18,2,1,1,17,8,9,14,8,6,1,0,1,1,1,0,2,1,1
51470507,1468,694,774,180,69,111,444,250,194,494,204,290,15,5,10,279,137,142,56,29,27
51470508,39,22,17,18,10,8,9,6,3,7,4,3,1,0,1,1,0,1,3,2,1
51470510,1009,535,474,167,80,87,327,177,150,234,127,107,9,1,8,132,64,68,140,86,54
51470511,21,12,9,2,0,2,10,7,3,3,1,2,0,0,0,6,4,2,0,0,0
51470512,390,197,193,57,21,36,152,90,62,107,46,61,5,1,4,52,29,23,17,10,7
51470513,190,93,97,28,10,18,66,38,28,66,29,37,1,1,0,20,11,9,9,4,5
51470514,248,125,123,37,14,23,93,59,34,84,37,47,1,0,1,23,10,13,10,5,5
51470515,91,42,49,14,3,11,44,25,19,21,7,14,2,1,1,6,4,2,4,2,2
51477201,222,108,114,27,8,19,99,55,44,61,30,31,2,0,2,20,7,13,13,8,5
51480201,201,102,99,22,10,12,91,56,35,51,26,25,7,0,7,19,6,13,11,4,7
51519101,515,274,241,73,25,48,223,142,81,135,64,71,8,4,4,43,16,27,33,23,10
51519102,26,11,15,7,2,5,8,4,4,5,2,3,0,0,0,0,0,0,6,3,3
51519103,33,16,17,3,0,3,15,7,8,10,5,5,0,0,0,1,1,0,4,3,1
50015101,91,47,44,18,8,10,35,18,17,27,16,11,0,0,0,9,4,5,2,1,1
51532901,303,158,145,36,10,26,122,71,51,100,51,49,1,0,1,16,6,10,28,20,8
55290901,523,260,263,146,62,84,192,110,82,84,37,47,4,1,3,25,12,13,72,38,34
51541801,355,167,188,40,13,27,145,83,62,100,42,58,4,0,4,45,19,26,21,10,11
51547702,234,121,113,21,6,15,67,39,28,79,41,38,3,1,2,48,24,24,16,10,6
55281001,128,63,65,25,8,17,48,29,19,38,16,22,0,0,0,12,5,7,5,5,0
51578701,165,77,88,27,8,19,61,37,24,50,17,33,1,0,1,13,7,6,13,8,5
51582501,95,46,49,19,7,12,16,10,6,45,23,22,0,0,0,7,2,5,8,4,4
55284401,28,15,13,2,2,0,11,7,4,7,3,4,0,0,0,7,3,4,1,0,1
55284402,396,201,195,64,21,43,136,90,46,129,61,68,1,0,1,45,14,31,21,15,6
51620101,656,334,322,86,34,52,218,127,91,242,113,129,4,1,3,83,40,43,23,19,4
55300001,255,134,121,51,16,35,119,76,43,56,29,27,2,1,1,16,6,10,11,6,5
51635001,73,36,37,9,4,5,34,20,14,16,7,9,0,0,0,13,4,9,1,1,0
51661901,1022,507,515,127,46,81,357,217,140,325,146,179,21,6,15,157,69,88,35,23,12
51663501,322,161,161,30,10,20,126,75,51,103,51,52,9,2,7,40,16,24,14,7,7
51668601,397,200,197,55,19,36,167,107,60,116,53,63,3,1,2,44,13,31,12,7,5
51669401,514,251,263,79,26,53,195,109,86,140,67,73,6,0,6,70,34,36,24,15,9
51669402,75,39,36,8,3,5,34,25,9,19,7,12,1,0,1,9,3,6,4,1,3
51686401,157,78,79,18,3,15,67,40,27,50,25,25,1,1,0,14,5,9,7,4,3
51689901,404,197,207,62,28,34,165,89,76,100,43,57,4,0,4,48,24,24,25,13,12
51691101,229,114,115,45,19,26,114,58,56,42,25,17,2,0,2,11,3,8,15,9,6
51710101,87,43,44,25,10,15,39,28,11,14,3,11,2,1,1,5,1,4,2,0,2
51710102,92,50,42,13,6,7,51,30,21,20,8,12,1,1,0,6,4,2,1,1,0
51710103,129,64,65,17,6,11,65,35,30,29,15,14,2,1,1,13,5,8,3,2,1
51710104,82,42,40,13,5,8,27,17,10,22,8,14,1,0,1,12,7,5,7,5,2
51710105,533,271,262,89,28,61,243,146,97,136,65,71,2,0,2,31,8,23,32,24,8
51710106,61,32,29,8,3,5,36,21,15,14,6,8,0,0,0,3,2,1,0,0,0
51715101,333,163,170,33,10,23,136,82,54,107,45,62,2,2,0,35,15,20,20,9,11
51715102,280,146,134,35,16,19,94,56,38,94,44,50,6,1,5,42,23,19,9,6,3
51715103,47,23,24,14,5,9,22,12,10,4,1,3,0,0,0,1,1,0,6,4,2
51720801,118,64,54,15,5,10,53,34,19,32,14,18,0,0,0,11,5,6,7,6,1
1349370,0,0,0,0,0,0,0,0,0,0,0,0,0,0,0,0,0,0,0,0,0
1349960,0,0,0,0,0,0,0,0,0,0,0,0,0,0,0,0,0,0,0,0,0
3055960,0,0,0,0,0,0,0,0,0,0,0,0,0,0,0,0,0,0,0,0,0
3408980,0,0,0,0,0,0,0,0,0,0,0,0,0,0,0,0,0,0,0,0,0
51138201,509,260,249,58,29,29,169,102,67,186,82,104,5,1,4,80,41,39,11,5,6
51138202,410,198,212,56,30,26,154,82,72,135,61,74,5,0,5,44,15,29,16,10,6
51138205,27,13,14,5,0,5,5,2,3,9,5,4,0,0,0,6,4,2,2,2,0
51138206,1938,930,1008,207,82,125,658,364,294,706,310,396,26,7,19,276,128,148,65,39,26
51138207,1156,537,619,140,54,86,318,161,157,410,196,214,13,3,10,236,108,128,39,15,24
51138209,242,121,121,21,9,12,70,40,30,91,46,45,4,0,4,48,24,24,8,2,6
51138210,751,348,403,123,37,86,228,120,108,235,102,133,5,3,2,130,74,56,30,12,18
51138211,4020,1842,2178,461,164,297,1263,642,621,1414,605,809,58,21,37,678,326,352,146,84,62
51138213,1171,556,615,139,56,83,325,166,159,424,196,228,22,11,11,212,100,112,49,27,22
51138214,239,138,101,66,26,40,69,47,22,41,23,18,0,0,0,8,5,3,55,37,18
51138216,2422,1154,1268,251,109,142,782,408,374,821,353,468,29,9,20,384,187,197,155,88,67
51138217,1856,858,998,359,145,214,558,282,276,496,222,274,23,8,15,226,102,124,194,99,95
51138218,1954,910,1044,211,82,129,557,296,261,743,328,415,21,9,12,365,168,197,57,27,30
51138219,1068,507,561,145,52,93,330,172,158,344,152,192,14,6,8,171,88,83,64,37,27
51138220,42,26,16,13,6,7,6,3,3,2,1,1,2,1,1,0,0,0,19,15,4
51138221,3421,1577,1844,405,133,272,1019,481,538,1245,600,645,48,12,36,595,294,301,109,57,52
51138222,2338,1297,1041,249,128,121,593,346,247,637,303,334,33,10,23,303,146,157,523,364,159
51138223,216,75,141,34,8,26,76,28,48,65,20,45,4,1,3,32,16,16,5,2,3
51138225,1312,611,701,161,61,100,451,230,221,451,201,250,14,5,9,195,92,103,40,22,18
51138227,1672,764,908,178,64,114,572,270,302,574,263,311,21,7,14,252,114,138,75,46,29
51138228,2049,969,1080,252,112,140,619,329,290,706,302,404,36,11,25,346,163,183,90,52,38
51138229,73,38,35,38,18,20,5,4,1,2,2,0,0,0,0,0,0,0,28,14,14
51138230,2448,1113,1335,299,115,184,849,399,450,839,369,470,27,6,21,335,170,165,99,54,45
51138232,35,17,18,3,1,2,11,6,5,13,5,8,0,0,0,8,5,3,0,0,0
51138233,45,23,22,3,3,0,7,5,2,13,4,9,1,0,1,19,10,9,2,1,1
51138234,37,20,17,4,3,1,3,1,2,13,9,4,0,0,0,15,6,9,2,1,1
51138235,550,267,283,68,22,46,189,113,76,176,73,103,6,2,4,90,44,46,21,13,8
51138236,292,147,145,44,19,25,130,81,49,72,27,45,1,0,1,31,13,18,14,7,7
51138237,358,184,174,42,17,25,132,83,49,124,58,66,5,2,3,47,20,27,8,4,4
51138238,60,26,34,11,3,8,26,14,12,14,6,8,2,1,1,6,2,4,1,0,1
51138239,735,360,375,110,44,66,232,129,103,247,108,139,12,4,8,124,71,53,10,4,6
51138241,154,83,71,26,12,14,57,36,21,43,19,24,0,0,0,20,11,9,8,5,3
51138242,204,99,105,22,6,16,67,36,31,70,33,37,1,0,1,39,22,17,5,2,3
51138243,34,17,17,5,2,3,7,4,3,10,4,6,3,1,2,9,6,3,0,0,0
51138244,586,280,306,62,15,47,150,90,60,210,88,122,6,1,5,133,73,60,25,13,12
51138245,37,18,19,6,3,3,14,8,6,11,5,6,1,0,1,2,0,2,3,2,1
51138246,445,239,206,49,18,31,183,125,58,126,54,72,4,1,3,72,34,38,11,7,4
51138247,130,70,60,19,10,9,41,24,17,47,26,21,2,0,2,17,8,9,4,2,2
51138249,122,61,61,15,5,10,39,22,17,41,24,17,0,0,0,18,6,12,9,4,5
51722401,217,112,105,27,11,16,87,50,37,60,37,23,2,0,2,24,8,16,17,6,11
51727501,134,73,61,23,10,13,46,27,19,40,25,15,3,2,1,19,7,12,3,2,1
51732101,269,92,177,89,13,76,87,45,42,68,25,43,1,0,1,20,7,13,4,2,2
51743701,116,63,53,19,9,10,49,33,16,37,18,19,0,0,0,10,3,7,1,0,1
51744501,146,74,72,12,5,7,57,30,27,51,26,25,0,0,0,22,10,12,4,3,1
51753401,899,444,455,117,37,80,332,187,145,270,135,135,11,6,5,127,56,71,42,23,19
51756901,221,107,114,38,13,25,88,49,39,64,31,33,1,0,1,21,9,12,9,5,4
51758501,317,160,157,53,21,32,108,68,40,104,53,51,7,2,5,35,10,25,10,6,4
51760701,1251,572,679,245,58,187,400,232,168,394,180,214,15,5,10,166,80,86,31,17,14
51761501,213,105,108,19,7,12,93,55,38,68,28,40,3,2,1,24,8,16,6,5,1
51766601,382,192,190,71,27,44,112,68,44,113,48,65,1,0,1,47,25,22,38,24,14
51774701,514,221,293,116,17,99,153,84,69,160,81,79,9,4,5,67,30,37,9,5,4
51784401,478,239,239,55,23,32,189,113,76,146,62,84,4,1,3,65,29,36,19,11,8
51783601,136,67,69,21,7,14,57,34,23,25,10,15,0,0,0,31,14,17,2,2,0
51788701,487,239,248,81,28,53,190,115,75,137,58,79,9,2,7,53,27,26,17,9,8
55288701,196,99,97,33,10,23,89,53,36,44,21,23,4,1,3,11,5,6,15,9,6
51790901,685,333,352,90,28,62,231,142,89,241,107,134,10,5,5,98,44,54,15,7,8
51802601,263,122,141,40,13,27,80,44,36,73,39,34,4,1,3,58,23,35,8,2,6
55295001,172,85,87,25,4,21,70,44,26,46,22,24,5,0,5,19,11,8,7,4,3
57006101,222,108,114,31,8,23,85,47,38,62,35,27,2,0,2,36,16,20,6,2,4
51903101,336,163,173,27,16,11,84,49,35,119,55,64,4,2,2,94,38,56,8,3,5
51914601,97,49,48,20,8,12,42,25,17,22,9,13,1,0,1,12,7,5,0,0,0
51914602,1968,940,1028,299,107,192,740,421,319,586,249,337,30,14,16,232,104,128,81,45,36
51965101,1638,805,833,245,90,155,626,380,246,513,228,285,20,6,14,185,73,112,49,28,21
52004701,349,160,189,49,11,38,149,87,62,102,43,59,2,0,2,43,18,25,4,1,3
55283601,185,96,89,12,5,7,73,40,33,69,30,39,0,0,0,24,15,9,7,6,1
57007901,649,328,321,79,34,45,214,133,81,218,90,128,5,0,5,90,44,46,43,27,16
55287901,446,231,215,96,41,55,194,115,79,85,32,53,4,2,2,28,18,10,39,23,16
52030601,429,226,203,39,13,26,172,111,61,136,70,66,8,2,6,61,23,38,13,7,6
52042001,127,63,64,19,7,12,56,34,22,30,14,16,2,0,2,17,6,11,3,2,1
52042002,567,290,277,62,29,33,192,120,72,192,81,111,13,5,8,81,41,40,27,14,13
52042003,17,8,9,4,3,1,4,2,2,5,2,3,0,0,0,2,0,2,2,1,1
55275501,175,89,86,17,6,11,81,45,36,58,31,27,1,0,1,12,4,8,6,3,3
54743301,109,51,58,14,4,10,45,24,21,38,19,19,1,0,1,8,3,5,3,1,2
54743302,442,229,213,69,29,40,188,112,76,122,56,66,4,1,3,40,20,20,19,11,8
52153101,706,346,360,71,23,48,310,178,132,216,100,116,13,4,9,80,31,49,16,10,6
54745001,223,111,112,28,11,17,87,55,32,64,30,34,4,1,3,36,11,25,4,3,1
54751401,147,69,78,14,6,8,52,27,25,54,23,31,2,1,1,24,11,13,1,1,0
52277502,187,99,88,24,12,12,79,50,29,57,21,36,1,0,1,12,6,6,14,10,4
52345301,191,93,98,17,7,10,70,39,31,72,29,43,4,2,2,19,9,10,9,7,2
52364001,454,233,221,54,26,28,156,89,67,140,58,82,6,3,3,79,45,34,19,12,7
52558801,2455,1214,1241,313,122,191,937,540,397,772,333,439,38,14,24,293,135,158,102,70,32
52558802,19,9,10,2,1,1,7,4,3,3,2,1,0,0,0,4,1,3,3,1,2
52580401,557,277,280,76,28,48,242,140,102,161,74,87,6,1,5,53,24,29,19,10,9
52580402,26,16,10,6,3,3,10,8,2,8,3,5,1,1,0,0,0,0,1,1,0
52580403,118,63,55,15,7,8,51,34,17,35,14,21,2,1,1,11,6,5,4,1,3
52580404,86,43,43,15,5,10,36,22,14,23,9,14,0,0,0,8,5,3,4,2,2
52580405,248,125,123,44,13,31,102,68,34,74,31,43,3,1,2,15,7,8,10,5,5
52588001,398,195,203,58,22,36,149,90,59,112,47,65,6,3,3,58,25,33,15,8,7
52597901,584,289,295,82,40,42,236,134,102,190,79,111,10,5,5,36,15,21,30,16,14
52616901,228,119,109,49,21,28,80,51,29,52,23,29,6,2,4,27,14,13,14,8,6
56943701,508,257,251,78,33,45,190,116,74,159,69,90,10,5,5,50,21,29,21,13,8
56943702,22,11,11,2,1,1,4,3,1,7,4,3,1,0,1,6,2,4,2,1,1
53072701,141,71,70,23,7,16,59,32,27,41,23,18,2,1,1,10,4,6,6,4,2
53072702,144,72,72,18,10,8,54,27,27,49,25,24,3,2,1,15,7,8,5,1,4
53072703,174,89,85,18,6,12,84,45,39,34,19,15,3,2,1,21,8,13,14,9,5
53072704,67,39,28,11,9,2,37,22,15,13,5,8,1,0,1,4,2,2,1,1,0
53289401,22,13,9,4,2,2,7,6,1,7,2,5,1,0,1,2,2,0,1,1,0
53289402,291,154,137,42,14,28,114,71,43,93,48,45,2,1,1,34,16,18,6,4,2
53368801,42,19,23,6,1,5,19,12,7,6,2,4,0,0,0,5,1,4,6,3,3
53368802,346,169,177,61,23,38,143,86,57,100,42,58,3,0,3,26,11,15,13,7,6
55337901,830,400,430,107,34,73,302,179,123,272,117,155,9,5,4,109,45,64,31,20,11
55337902,82,40,42,12,6,6,24,10,14,28,16,12,0,0,0,12,5,7,6,3,3
55337903,188,90,98,18,5,13,68,36,32,66,31,35,2,1,1,31,16,15,3,1,2
57014102,277,140,137,47,12,35,126,76,50,69,33,36,9,4,5,18,9,9,8,6,2
53492701,870,411,459,123,40,83,319,197,122,268,100,168,10,2,8,108,51,57,42,21,21
53553201,2181,1066,1115,423,146,277,874,509,365,535,233,302,17,6,11,136,55,81,196,117,79
53553203,74,34,40,21,9,12,31,15,16,10,5,5,3,2,1,3,1,2,6,2,4
53553204,48,19,29,12,2,10,22,14,8,5,1,4,0,0,0,1,0,1,8,2,6
53553205,23,12,11,6,1,5,6,5,1,8,3,5,0,0,0,1,1,0,2,2,0
53553206,56,31,25,15,7,8,23,16,7,13,6,7,0,0,0,3,1,2,2,1,1
53553207,29,13,16,4,2,2,13,8,5,4,1,3,0,0,0,7,2,5,1,0,1
53577001,288,150,138,53,18,35,123,80,43,72,29,43,4,2,2,27,14,13,9,7,2
53588501,334,164,170,53,22,31,113,69,44,111,46,65,7,3,4,29,14,15,21,10,11
55338701,113,56,57,17,8,9,24,16,8,36,18,18,4,1,3,31,12,19,1,1,0
55338702,26,12,14,3,1,2,11,6,5,8,3,5,0,0,0,3,1,2,1,1,0
53609101,657,334,323,124,47,77,263,162,101,196,84,112,2,0,2,44,21,23,28,20,8
55322102,516,258,258,78,28,50,196,114,82,141,64,77,12,3,9,63,33,30,26,16,10
53611301,82,51,31,25,15,10,27,18,9,14,6,8,0,0,0,6,4,2,10,8,2
53611303,39,20,19,9,4,5,22,14,8,7,2,5,1,0,1,0,0,0,0,0,0
53611304,44,23,21,12,4,8,20,14,6,5,3,2,0,0,0,3,0,3,4,2,2
56930501,451,223,228,68,28,40,170,92,78,136,64,72,11,5,6,51,25,26,15,9,6
55334401,163,83,80,41,19,22,54,34,20,46,21,25,1,0,1,11,5,6,10,4,6
55321201,35,17,18,10,1,9,13,10,3,8,4,4,0,0,0,1,1,0,3,1,2
53628801,566,276,290,91,30,61,260,153,107,129,57,72,9,2,7,55,23,32,22,11,11
53639301,135,67,68,12,4,8,46,30,16,48,19,29,4,1,3,22,12,10,3,1,2
53639302,288,150,138,35,13,22,124,76,48,81,38,43,6,4,2,35,13,22,7,6,1
53639303,117,57,60,26,12,14,51,31,20,28,9,19,4,1,3,8,4,4,0,0,0
1983580,0,0,0,0,0,0,0,0,0,0,0,0,0,0,0,0,0,0,0,0,0
53652101,56,32,24,15,8,7,20,15,5,12,6,6,2,0,2,6,2,4,1,1,0
53652102,36,16,20,7,4,3,16,7,9,8,4,4,2,0,2,1,0,1,2,1,1
53652103,74,36,38,17,4,13,31,21,10,16,6,10,1,1,0,8,4,4,1,0,1
53652104,139,74,65,33,11,22,55,38,17,34,19,15,2,0,2,7,2,5,8,4,4
53652105,344,184,160,67,26,41,129,82,47,78,37,41,4,1,3,14,6,8,52,32,20
53652106,133,62,71,39,14,25,54,31,23,21,6,15,1,0,1,2,2,0,16,9,7
53652109,113,60,53,24,9,15,45,28,17,34,18,16,1,0,1,4,2,2,5,3,2
53657101,407,210,197,84,36,48,183,106,77,87,41,46,5,2,3,20,9,11,28,16,12
53668701,383,184,199,49,15,34,163,94,69,101,38,63,6,1,5,43,22,21,21,14,7
53668702,104,53,51,12,4,8,45,30,15,31,13,18,0,0,0,11,3,8,5,3,2
53673301,556,282,274,82,31,51,246,143,103,147,62,85,4,0,4,50,29,21,27,17,10
55324701,203,114,89,42,19,23,92,57,35,27,12,15,3,2,1,12,7,5,27,17,10
55324702,20,9,11,1,1,0,10,5,5,5,0,5,0,0,0,3,2,1,1,1,0
53681401,18,10,8,4,2,2,9,5,4,3,2,1,0,0,0,2,1,1,0,0,0
53681402,231,110,121,38,23,15,83,42,41,77,32,45,0,0,0,28,10,18,5,3,2
56937201,144,76,68,18,5,13,73,50,23,40,18,22,1,0,1,9,3,6,3,0,3
53728401,510,263,247,66,26,40,223,131,92,136,61,75,4,0,4,62,30,32,19,15,4
53771301,1002,487,515,114,38,76,411,239,172,313,138,175,15,7,8,109,49,60,40,16,24
53996101,425,216,209,57,21,36,176,101,75,128,59,69,6,4,2,36,18,18,22,13,9
53996102,141,64,77,20,7,13,64,37,27,39,12,27,2,1,1,8,3,5,8,4,4
53996103,22,11,11,2,0,2,13,8,5,7,3,4,0,0,0,0,0,0,0,0,0
53996104,2089,1043,1046,359,146,213,877,507,370,534,220,314,33,13,20,153,70,83,133,87,46
54016101,173,86,87,30,11,19,76,43,33,40,19,21,4,2,2,13,5,8,10,6,4
54016102,129,64,65,17,5,12,37,24,13,45,20,25,0,0,0,25,12,13,5,3,2
54019601,132,67,65,25,9,16,47,28,19,35,17,18,2,0,2,13,7,6,10,6,4
54019602,2164,1049,1115,297,111,186,829,456,373,675,297,378,29,14,15,252,127,125,82,44,38
54019603,156,78,78,30,13,17,49,29,20,46,23,23,0,0,0,27,11,16,4,2,2
54022601,148,69,79,22,9,13,68,35,33,33,16,17,3,0,3,19,8,11,3,1,2
54022603,104,55,49,11,5,6,30,20,10,35,14,21,0,0,0,19,11,8,9,5,4
54022604,424,215,209,60,23,37,177,100,77,112,46,66,3,1,2,30,13,17,42,32,10
54022606,326,168,158,60,26,34,141,83,58,85,37,48,1,1,0,25,12,13,14,9,5
54022607,233,121,112,38,13,25,98,60,38,66,34,32,0,0,0,22,10,12,9,4,5
54023401,460,239,221,79,27,52,187,110,77,122,61,61,3,3,0,34,16,18,35,22,13
54023402,166,80,86,32,14,18,67,40,27,42,16,26,2,0,2,10,2,8,13,8,5
54023403,64,31,33,7,2,5,29,17,12,13,5,8,3,1,2,6,4,2,6,2,4
54033101,129,65,64,40,11,29,51,35,16,15,6,9,3,1,2,6,3,3,14,9,5
54033102,33,19,14,2,1,1,9,5,4,10,6,4,0,0,0,12,7,5,0,0,0
54033104,92,47,45,31,11,20,33,19,14,11,6,5,0,0,0,6,3,3,11,8,3
54033106,70,35,35,15,6,9,18,13,5,16,7,9,1,1,0,8,3,5,12,5,7
54033108,29,17,12,7,4,3,8,6,2,4,3,1,0,0,0,4,1,3,6,3,3
54033109,79,41,38,23,13,10,29,17,12,15,6,9,1,0,1,5,3,2,6,2,4
54036601,22,11,11,2,1,1,9,5,4,3,2,1,0,0,0,5,1,4,3,2,1
54036603,288,155,133,48,15,33,147,88,59,48,27,21,1,0,1,22,12,10,22,13,9
56938102,680,548,132,203,163,40,278,235,43,157,124,33,2,1,1,24,16,8,16,9,7
56938103,39,18,21,4,0,4,13,8,5,14,6,8,1,0,1,5,2,3,2,2,0
54047101,126,63,63,28,9,19,46,28,18,36,20,16,1,0,1,9,3,6,6,3,3
54047102,114,65,49,21,10,11,66,43,23,18,9,9,1,0,1,5,1,4,3,2,1
54047103,178,88,90,27,9,18,71,41,30,49,21,28,0,0,0,26,13,13,5,4,1
54047104,32,16,16,2,1,1,8,4,4,15,7,8,1,1,0,6,3,3,0,0,0
54047105,288,142,146,45,20,25,120,65,55,84,35,49,2,0,2,25,14,11,12,8,4
54047106,127,66,61,29,10,19,61,35,26,22,11,11,0,0,0,3,2,1,12,8,4
54047107,122,66,56,14,9,5,53,33,20,27,12,15,1,1,0,18,8,10,9,3,6
54047109,20,10,10,3,0,3,7,5,2,8,5,3,1,0,1,1,0,1,0,0,0
54047110,165,88,77,26,12,14,54,33,21,51,29,22,1,0,1,20,9,11,13,5,8
54047111,96,47,49,17,4,13,45,28,17,24,12,12,3,0,3,5,2,3,2,1,1
54047112,31,17,14,4,3,1,4,1,3,12,8,4,1,1,0,9,3,6,1,1,0
54047113,467,232,235,49,18,31,129,71,58,183,89,94,7,5,2,94,48,46,5,1,4
54047114,1628,790,838,204,74,130,501,282,219,594,266,328,18,7,11,263,128,135,48,33,15
54047116,3364,1589,1775,545,203,342,1232,645,587,994,448,546,36,13,23,361,171,190,196,109,87
54047117,270,125,145,21,10,11,84,37,47,113,55,58,6,3,3,40,16,24,6,4,2
54047118,30,19,11,6,5,1,10,6,4,12,7,5,0,0,0,0,0,0,2,1,1
54047120,643,353,290,103,52,51,213,123,90,150,77,73,11,4,7,58,27,31,108,70,38
54047121,35,20,15,8,4,4,16,10,6,7,4,3,0,0,0,3,2,1,1,0,1
54048001,117,57,60,12,2,10,51,27,24,35,19,16,1,1,0,12,4,8,6,4,2
54048002,51,27,24,10,2,8,23,14,9,11,7,4,1,0,1,4,2,2,2,2,0
54048003,863,428,435,110,37,73,329,186,143,269,129,140,16,7,9,104,48,56,35,21,14
55347601,103,45,58,16,2,14,39,21,18,26,11,15,1,1,0,15,5,10,6,5,1
55347602,254,127,127,25,7,18,92,58,34,83,38,45,6,2,4,42,18,24,6,4,2
55347603,187,94,93,18,7,11,57,36,21,65,29,36,2,0,2,35,16,19,10,6,4
54050101,191,96,95,30,13,17,79,42,37,54,30,24,3,2,1,23,8,15,2,1,1
54050102,171,89,82,34,8,26,71,53,18,47,17,30,0,0,0,11,4,7,8,7,1
54050103,2369,1206,1163,345,148,197,729,437,292,698,325,373,37,12,25,458,220,238,102,64,38
54050104,49,27,22,3,0,3,18,12,6,21,10,11,1,0,1,4,3,1,2,2,0
54051001,183,86,97,28,12,16,51,29,22,67,22,45,2,0,2,27,18,9,8,5,3
54051002,674,351,323,155,90,65,204,108,96,204,101,103,8,5,3,76,30,46,27,17,10
54054401,104,54,50,24,12,12,40,22,18,28,12,16,1,0,1,9,7,2,2,1,1
54054402,200,102,98,40,16,24,84,52,32,56,25,31,2,1,1,12,5,7,6,3,3
54054403,75,41,34,17,8,9,27,17,10,19,10,9,2,1,1,5,3,2,5,2,3
54054404,514,255,259,114,46,68,197,116,81,119,53,66,8,4,4,40,16,24,36,20,16
54054405,114,52,62,25,8,17,52,28,24,29,13,16,1,1,0,5,0,5,2,2,0
54054406,100,54,46,26,8,18,42,27,15,21,13,8,0,0,0,8,4,4,3,2,1
54059501,277,137,140,40,17,23,129,68,61,67,30,37,1,0,1,30,15,15,10,7,3
54060901,73,36,37,12,3,9,24,17,7,25,9,16,1,1,0,6,2,4,5,4,1
54060902,66,31,35,9,4,5,22,10,12,20,9,11,0,0,0,13,7,6,2,1,1
54060903,185,92,93,25,7,18,81,50,31,48,20,28,1,0,1,20,10,10,10,5,5
54060904,61,31,30,9,4,5,24,16,8,23,9,14,0,0,0,4,2,2,1,0,1
54060905,80,41,39,12,5,7,42,24,18,17,6,11,1,0,1,6,5,1,2,1,1
54060907,65,35,30,7,3,4,22,13,9,19,10,9,2,1,1,9,4,5,6,4,2
50002001,917,465,452,157,64,93,368,228,140,268,114,154,15,5,10,76,33,43,33,21,12
50002002,99,42,57,25,3,22,40,26,14,21,8,13,1,0,1,11,5,6,1,0,1
54065001,80,39,41,11,2,9,34,21,13,27,12,15,0,0,0,4,1,3,4,3,1
54065002,466,223,243,90,29,61,174,103,71,115,50,65,10,2,8,46,22,24,31,17,14
54073101,176,94,82,21,6,15,63,42,21,58,28,30,1,1,0,20,8,12,13,9,4
54077301,2393,1147,1246,281,102,179,868,480,388,798,362,436,37,20,17,314,127,187,95,56,39
55335201,243,115,128,25,9,16,116,59,57,62,27,35,7,3,4,27,12,15,6,5,1
54085401,411,202,209,71,25,46,165,99,66,96,37,59,6,2,4,45,21,24,28,18,10
54086201,2496,1238,1258,374,145,229,951,556,395,756,317,439,36,12,24,251,129,122,128,79,49
54086202,35,18,17,4,1,3,11,7,4,13,7,6,0,0,0,6,3,3,1,0,1
55339501,151,78,73,36,16,20,65,37,28,24,13,11,1,1,0,8,2,6,17,9,8
54087101,102,45,57,22,6,16,33,20,13,25,11,14,2,0,2,11,3,8,9,5,4
54087102,57,34,23,16,8,8,19,13,6,12,7,5,0,0,0,4,2,2,6,4,2
54087103,323,168,155,55,28,27,143,84,59,78,33,45,6,0,6,25,12,13,16,11,5
54091901,616,303,313,69,29,40,227,135,92,203,81,122,14,4,10,73,40,33,30,14,16
54097801,99,52,47,20,8,12,32,20,12,35,20,15,2,2,0,9,2,7,1,0,1
54097802,83,44,39,12,1,11,32,23,9,26,15,11,0,0,0,12,5,7,1,0,1
54097803,559,273,286,74,26,48,222,132,90,181,85,96,4,2,2,60,21,39,18,7,11
54097804,31,17,14,8,4,4,14,8,6,9,5,4,0,0,0,0,0,0,0,0,0
54097805,312,153,159,49,20,29,147,88,59,74,25,49,0,0,0,29,12,17,13,8,5
54097806,860,439,421,131,51,80,317,197,120,249,108,141,16,3,13,103,53,50,44,27,17
54097807,61,32,29,10,5,5,16,12,4,20,9,11,1,1,0,13,5,8,1,0,1
54098602,85,44,41,16,2,14,41,29,12,19,9,10,0,0,0,8,4,4,1,0,1
54098603,848,410,438,158,55,103,337,190,147,206,95,111,11,4,7,81,32,49,55,34,21
1545390,0,0,0,0,0,0,0,0,0,0,0,0,0,0,0,0,0,0,0,0,0
54107902,55,30,25,8,3,5,26,18,8,12,5,7,0,0,0,5,2,3,4,2,2
54107903,47,28,19,9,3,6,17,11,6,15,10,5,0,0,0,2,1,1,4,3,1
54107904,1149,575,574,251,102,149,432,246,186,267,117,150,7,2,5,86,32,54,106,76,30
54107905,18,9,9,8,4,4,4,2,2,1,0,1,0,0,0,5,3,2,0,0,0
54107908,38,23,15,10,5,5,15,11,4,2,0,2,0,0,0,2,1,1,9,6,3
54107909,32,20,12,6,3,3,7,5,2,13,9,4,0,0,0,4,1,3,2,2,0
57028101,102,54,48,12,3,9,53,36,17,27,13,14,1,0,1,6,1,5,3,1,2
54110901,941,465,476,144,58,86,372,214,158,301,133,168,8,2,6,68,34,34,48,24,24
54112501,335,169,166,40,15,25,140,88,52,93,40,53,4,2,2,43,17,26,15,7,8
57011701,23,12,11,2,1,1,7,3,4,8,6,2,0,0,0,5,2,3,1,0,1
54116801,60,32,28,10,3,7,31,19,12,11,3,8,1,1,0,3,3,0,4,3,1
54116802,82,42,40,21,8,13,30,19,11,23,13,10,1,0,1,4,1,3,3,1,2
54116803,1276,631,645,253,99,154,518,305,213,309,133,176,18,6,12,107,46,61,71,42,29
54116806,110,60,50,23,13,10,54,34,20,23,10,13,0,0,0,7,2,5,3,1,2
54116807,78,40,38,14,7,7,41,23,18,11,5,6,1,1,0,3,0,3,8,4,4
1644370,0,0,0,0,0,0,0,0,0,0,0,0,0,0,0,0,0,0,0,0,0
1644700,0,0,0,0,0,0,0,0,0,0,0,0,0,0,0,0,0,0,0,0,0
1644880,0,0,0,0,0,0,0,0,0,0,0,0,0,0,0,0,0,0,0,0,0
3156480,0,0,0,0,0,0,0,0,0,0,0,0,0,0,0,0,0,0,0,0,0
52370401,158,107,51,41,26,15,75,59,16,26,12,14,0,0,0,6,3,3,10,7,3
52370405,1285,561,724,163,61,102,444,216,228,419,159,260,25,11,14,169,76,93,65,38,27
52370406,1499,687,812,164,60,104,413,215,198,496,215,281,26,5,21,328,151,177,72,41,31
52370407,116,61,55,12,5,7,36,23,13,34,18,16,5,1,4,22,11,11,7,3,4
52370408,718,291,427,120,34,86,209,102,107,249,79,170,8,2,6,109,58,51,23,16,7
52370409,30,17,13,3,2,1,4,2,2,11,5,6,1,1,0,5,2,3,6,5,1
52370410,526,264,262,70,27,43,195,117,78,166,76,90,9,5,4,65,28,37,21,11,10
52370411,264,125,139,40,15,25,61,34,27,89,39,50,2,0,2,67,36,31,5,1,4
52370412,816,369,447,129,59,70,261,133,128,270,105,165,10,4,6,109,50,59,37,18,19
52370413,2483,1162,1321,349,148,201,821,444,377,786,328,458,42,25,17,381,165,216,104,52,52
52370414,1002,599,403,118,59,59,264,170,94,232,120,112,12,3,9,137,66,71,239,181,58
52370415,2287,1030,1257,317,116,201,646,335,311,797,327,470,45,17,28,381,188,193,101,47,54
52370416,2068,941,1127,267,99,168,657,360,297,708,279,429,34,15,19,314,142,172,88,46,42
52370417,1389,632,757,163,58,105,457,246,211,463,191,272,22,5,17,218,100,118,66,32,34
52370418,1111,535,576,126,49,77,312,185,127,383,160,223,18,6,12,240,117,123,32,18,14
52370419,1008,473,535,124,60,64,306,165,141,335,137,198,23,10,13,189,87,102,31,14,17
52370420,80,39,41,23,10,13,13,8,5,23,10,13,2,0,2,15,9,6,4,2,2
52370421,1071,507,564,136,42,94,343,183,160,336,156,180,16,8,8,190,90,100,50,28,22
52370422,935,415,520,147,55,92,320,173,147,302,117,185,19,7,12,110,50,60,37,13,24
52370423,45,21,24,5,2,3,17,9,8,11,5,6,0,0,0,11,5,6,1,0,1
52370424,888,430,458,122,50,72,234,137,97,300,127,173,13,5,8,164,80,84,55,31,24
52370425,1705,777,928,192,65,127,423,222,201,593,230,363,29,13,16,411,219,192,57,28,29
55333601,315,159,156,40,12,28,137,89,48,91,38,53,2,0,2,36,16,20,9,4,5
54122201,32,15,17,6,3,3,12,6,6,8,4,4,0,0,0,4,2,2,2,0,2
54122202,33,16,17,3,0,3,15,7,8,12,8,4,0,0,0,2,1,1,1,0,1
54122203,75,42,33,17,8,9,34,20,14,13,8,5,0,0,0,7,3,4,4,3,1
54122204,786,385,401,118,37,81,305,179,126,240,104,136,11,4,7,68,33,35,44,28,16
1983660,0,0,0,0,0,0,0,0,0,0,0,0,0,0,0,0,0,0,0,0,0
54126501,73,39,34,20,10,10,20,15,5,22,8,14,2,0,2,6,3,3,3,3,0
54126502,139,68,71,21,9,12,71,39,32,31,12,19,2,1,1,13,6,7,1,1,0
54126503,24,12,12,2,0,2,6,4,2,6,3,3,2,0,2,8,5,3,0,0,0
54126504,1808,901,907,254,101,153,739,436,303,511,198,313,21,9,12,181,91,90,102,66,36
54126505,24,16,8,4,3,1,10,5,5,4,3,1,0,0,0,1,1,0,5,4,1
54126506,81,44,37,12,4,8,42,27,15,17,10,7,1,0,1,5,1,4,4,2,2
55414601,168,89,79,27,11,16,63,41,22,47,18,29,3,1,2,20,11,9,8,7,1
55319101,64,37,27,11,6,5,31,19,12,10,4,6,1,1,0,4,2,2,7,5,2
56944501,1798,877,921,209,75,134,575,345,230,612,257,355,22,9,13,298,146,152,82,45,37
57009501,191,99,92,25,9,16,73,51,22,62,26,36,5,0,5,21,10,11,5,3,2
1894990,0,0,0,0,0,0,0,0,0,0,0,0,0,0,0,0,0,0,0,0,0
54135401,172,90,82,23,10,13,70,43,27,43,23,20,5,1,4,21,9,12,10,4,6
54135402,34,20,14,7,3,4,13,8,5,10,7,3,0,0,0,3,2,1,1,0,1
54135403,58,30,28,7,3,4,27,15,12,17,10,7,1,0,1,4,0,4,2,2,0
54135404,156,73,83,24,7,17,63,40,23,42,11,31,3,2,1,16,8,8,8,5,3
54135405,226,116,110,19,11,8,68,46,22,82,39,43,7,3,4,44,14,30,6,3,3
54135406,392,145,247,42,13,29,79,44,35,74,30,44,2,1,1,45,19,26,150,38,112
54135407,2369,1079,1290,311,107,204,899,471,428,740,320,420,32,11,21,316,136,180,71,34,37
54135409,861,350,511,140,42,98,301,143,158,270,98,172,12,5,7,109,49,60,29,13,16
54135410,1122,576,546,163,72,91,350,187,163,297,139,158,10,1,9,139,65,74,163,112,51
54135411,819,400,419,126,53,73,338,193,145,230,100,130,13,4,9,87,37,50,25,13,12
54135412,351,192,159,52,28,24,111,66,45,106,53,53,5,3,2,49,21,28,28,21,7
54135413,1091,536,555,139,57,82,348,198,150,375,166,209,13,6,7,166,76,90,50,33,17
54135414,84,47,37,12,5,7,23,16,7,32,14,18,2,2,0,12,7,5,3,3,0
54135415,447,222,225,46,16,30,173,103,70,152,66,86,6,3,3,59,29,30,11,5,6
54135417,391,191,200,29,14,15,114,66,48,141,61,80,10,4,6,95,45,50,2,1,1
54135418,722,357,365,111,51,60,241,122,119,238,117,121,8,6,2,98,50,48,26,11,15
54135419,848,409,439,101,41,60,254,132,122,297,143,154,17,7,10,157,71,86,22,15,7
54135420,66,34,32,5,0,5,14,7,7,26,15,11,0,0,0,18,9,9,3,3,0
54135422,1178,528,650,171,59,112,441,221,220,347,155,192,13,4,9,140,54,86,66,35,31
57033801,169,86,83,30,11,19,79,50,29,43,18,25,3,0,3,11,5,6,3,2,1
54147801,655,322,333,94,36,58,240,136,104,199,93,106,5,0,5,98,46,52,19,11,8
58830001,212,115,97,27,15,12,97,55,42,61,29,32,5,3,2,12,5,7,10,8,2
58830002,160,82,78,18,5,13,61,39,22,47,21,26,1,0,1,26,14,12,7,3,4
58832601,401,203,198,50,18,32,155,97,58,122,51,71,5,2,3,47,23,24,22,12,10
54231801,159,76,83,19,3,16,58,36,22,46,21,25,2,1,1,27,11,16,7,4,3
54969001,165,88,77,22,9,13,71,46,25,41,15,26,3,1,2,17,11,6,11,6,5
58837701,277,135,142,46,18,28,94,57,37,91,38,53,3,0,3,31,16,15,12,6,6
58838501,780,393,387,85,31,54,302,187,115,238,105,133,23,9,14,91,37,54,41,24,17
58839301,216,110,106,21,6,15,112,70,42,56,22,34,2,1,1,23,9,14,2,2,0
58839303,781,394,387,107,42,65,313,182,131,244,108,136,15,4,11,82,46,36,20,12,8
58839304,248,121,127,25,8,17,107,69,38,78,28,50,2,2,0,26,10,16,10,4,6
58839305,111,56,55,20,9,11,54,28,26,28,13,15,0,0,0,7,4,3,2,2,0
58839306,603,288,315,83,27,56,267,145,122,166,76,90,10,1,9,52,22,30,25,17,8
58839307,443,213,230,46,25,21,130,65,65,163,76,87,2,1,1,95,42,53,7,4,3
58839308,2135,948,1187,239,79,160,810,405,405,665,273,392,27,5,22,302,140,162,92,46,46
58839309,315,160,155,36,20,16,86,46,40,106,53,53,4,2,2,69,32,37,14,7,7
58839310,631,338,293,86,46,40,196,110,86,162,77,85,10,1,9,79,31,48,98,73,25
58839311,657,290,367,67,20,47,196,91,105,227,111,116,9,1,8,137,57,80,21,10,11
58839313,545,261,284,50,22,28,206,116,90,184,79,105,7,2,5,77,32,45,21,10,11
58839314,54,27,27,6,1,5,12,8,4,19,10,9,2,2,0,11,5,6,4,1,3
58840701,190,94,96,29,12,17,66,37,29,45,24,21,0,0,0,19,8,11,31,13,18
58843101,357,184,173,55,23,32,180,105,75,84,42,42,4,0,4,22,8,14,12,6,6
0410330,0,0,0,0,0,0,0,0,0,0,0,0,0,0,0,0,0,0,0,0,0
3142260,0,0,0,0,0,0,0,0,0,0,0,0,0,0,0,0,0,0,0,0,0
3142340,0,0,0,0,0,0,0,0,0,0,0,0,0,0,0,0,0,0,0,0,0
58845801,371,189,182,55,23,32,136,85,51,105,43,62,11,4,7,55,27,28,9,7,2
58845802,47,25,22,5,1,4,20,12,8,15,8,7,0,0,0,7,4,3,0,0,0
58845803,1608,774,834,230,78,152,579,328,251,504,232,272,17,5,12,226,109,117,52,22,30
58845804,300,154,146,31,14,17,127,74,53,94,46,48,1,1,0,37,14,23,10,5,5
58845805,341,168,173,45,12,33,136,90,46,106,39,67,1,1,0,39,20,19,14,6,8
58845806,382,200,182,43,17,26,175,102,73,102,51,51,8,5,3,40,19,21,14,6,8
58845807,32,18,14,2,0,2,13,11,2,15,7,8,0,0,0,2,0,2,0,0,0
58845808,341,162,179,59,26,33,118,71,47,105,40,65,8,3,5,28,9,19,23,13,10
58845809,84,46,38,15,7,8,33,20,13,24,13,11,2,0,2,6,4,2,4,2,2
58845810,1890,851,1039,247,90,157,683,328,355,566,257,309,32,4,28,290,128,162,72,44,28
58845811,619,305,314,64,22,42,220,133,87,192,91,101,7,0,7,126,56,70,10,3,7
58845812,666,301,365,101,33,68,229,118,111,201,87,114,10,3,7,102,47,55,23,13,10
58845813,810,415,395,94,37,57,233,131,102,232,100,132,5,2,3,120,54,66,126,91,35
58845815,41,20,21,5,3,2,17,8,9,9,4,5,0,0,0,8,4,4,2,1,1
58845816,953,421,532,201,57,144,354,184,170,240,106,134,7,1,6,123,60,63,28,13,15
58845817,455,235,220,54,21,33,142,91,51,162,73,89,5,1,4,68,32,36,24,17,7
58845819,853,397,456,107,45,62,282,146,136,282,122,160,10,1,9,136,70,66,36,13,23
54234201,61,32,29,15,7,8,22,14,8,14,8,6,3,0,3,1,0,1,6,3,3
58847401,213,113,100,37,16,21,89,57,32,58,28,30,3,0,3,22,9,13,4,3,1
58848201,134,71,63,13,6,7,50,29,21,35,17,18,1,0,1,19,11,8,16,8,8
3142690,0,0,0,0,0,0,0,0,0,0,0,0,0,0,0,0,0,0,0,0,0
3287820,0,0,0,0,0,0,0,0,0,0,0,0,0,0,0,0,0,0,0,0,0
58849101,75,37,38,5,1,4,30,14,16,28,14,14,0,0,0,12,8,4,0,0,0
58849102,274,140,134,38,13,25,121,80,41,75,28,47,5,2,3,25,12,13,10,5,5
58849103,24,14,10,6,3,3,4,3,1,6,4,2,0,0,0,8,4,4,0,0,0
58849104,26,11,15,4,1,3,9,4,5,5,2,3,0,0,0,0,0,0,8,4,4
58849105,2632,1256,1376,327,117,210,1063,569,494,796,356,440,42,18,24,290,132,158,114,64,50
58849107,1606,856,750,212,87,125,584,358,226,486,230,256,20,8,12,178,84,94,126,89,37
58849108,718,347,371,91,29,62,279,159,120,224,109,115,10,3,7,84,30,54,30,17,13
58850401,297,146,151,36,9,27,124,68,56,82,39,43,7,3,4,35,20,15,13,7,6
58851201,175,82,93,19,5,14,72,45,27,52,19,33,1,1,0,28,10,18,3,2,1
58851205,278,132,146,54,23,31,116,67,49,61,23,38,6,1,5,25,11,14,16,7,9
58851206,515,245,270,62,20,42,192,99,93,158,76,82,8,1,7,71,38,33,24,11,13
58851207,859,422,437,129,43,86,305,171,134,236,106,130,11,4,7,100,48,52,78,50,28
58851209,2045,964,1081,288,122,166,874,450,424,604,259,345,19,4,15,171,83,88,89,46,43
50673701,855,396,459,157,53,104,271,155,116,244,113,131,7,3,4,147,60,87,29,12,17
50673702,67,30,37,5,3,2,12,3,9,30,14,16,0,0,0,16,8,8,4,2,2
50673703,400,214,186,44,16,28,161,103,58,112,47,65,4,2,2,51,25,26,28,21,7
58854701,147,72,75,21,8,13,50,30,20,44,17,27,3,1,2,16,9,7,13,7,6
58854702,40,20,20,8,4,4,14,7,7,14,8,6,0,0,0,1,0,1,3,1,2
58855501,315,159,156,40,17,23,111,67,44,99,48,51,1,0,1,52,22,30,12,5,7
58856301,247,129,118,31,18,13,81,50,31,87,35,52,5,2,3,34,19,15,9,5,4
58735401,196,97,99,31,14,17,87,48,39,46,23,23,6,0,6,18,7,11,8,5,3
58859801,231,112,119,28,5,23,95,61,34,64,26,38,4,2,2,25,11,14,15,7,8
58860101,222,109,113,40,14,26,106,65,41,40,14,26,3,0,3,24,11,13,9,5,4
58860102,176,86,90,30,7,23,76,45,31,41,22,19,2,1,1,20,7,13,7,4,3
58860103,1633,777,856,223,74,149,674,394,280,444,174,270,17,5,12,164,61,103,111,69,42
58860104,245,122,123,35,12,23,117,65,52,67,30,37,2,0,2,19,11,8,5,4,1
58852101,356,181,175,49,18,31,134,84,50,93,42,51,9,3,6,58,27,31,13,7,6
58852102,69,42,27,10,6,4,32,22,10,16,7,9,1,0,1,3,2,1,7,5,2
58852103,83,45,38,15,5,10,38,23,15,19,13,6,0,0,0,10,3,7,1,1,0
58861001,105,54,51,14,9,5,41,23,18,25,11,14,1,0,1,21,10,11,3,1,2
58861002,678,342,336,95,30,65,268,159,109,194,87,107,5,1,4,89,47,42,27,18,9
58861003,32,17,15,4,1,3,14,11,3,10,3,7,0,0,0,3,1,2,1,1,0
0040312,0,0,0,0,0,0,0,0,0,0,0,0,0,0,0,0,0,0,0,0,0
0748960,0,0,0,0,0,0,0,0,0,0,0,0,0,0,0,0,0,0,0,0,0
0749690,0,0,0,0,0,0,0,0,0,0,0,0,0,0,0,0,0,0,0,0,0
0749932,0,0,0,0,0,0,0,0,0,0,0,0,0,0,0,0,0,0,0,0,0
58829601,268,133,135,38,15,23,89,53,36,89,42,47,4,3,1,40,17,23,8,3,5
58829602,192,95,97,23,5,18,69,42,27,59,27,32,4,1,3,20,8,12,17,12,5
58829603,128,68,60,14,9,5,47,29,18,47,22,25,1,0,1,17,7,10,2,1,1
58829604,992,444,548,127,38,89,296,155,141,325,133,192,19,7,12,210,102,108,15,9,6
58829605,186,95,91,19,9,10,50,28,22,64,30,34,6,3,3,45,23,22,2,2,0
58829606,298,146,152,45,20,25,124,73,51,88,30,58,1,0,1,35,19,16,5,4,1
58829607,191,97,94,31,15,16,70,39,31,60,28,32,1,0,1,23,11,12,6,4,2
58829608,337,176,161,41,16,25,115,71,44,111,56,55,6,0,6,45,19,26,19,14,5
58829609,335,170,165,32,14,18,105,69,36,130,56,74,8,4,4,54,23,31,6,4,2
58829610,139,72,67,19,10,9,36,23,13,59,26,33,3,2,1,22,11,11,0,0,0
58829611,122,61,61,12,2,10,55,40,15,41,13,28,1,0,1,9,3,6,4,3,1
58829612,2724,1240,1484,284,112,172,757,385,372,962,393,569,50,16,34,560,280,280,111,54,57
58829613,2278,1017,1261,270,105,165,610,299,311,741,297,444,46,16,30,522,258,264,89,42,47
58829614,49,23,26,4,1,3,17,8,9,15,9,6,2,1,1,10,4,6,1,0,1
58829616,196,97,99,24,10,14,61,41,20,76,29,47,1,0,1,31,15,16,3,2,1
58829617,314,153,161,29,10,19,86,60,26,129,54,75,8,1,7,53,27,26,9,1,8
58829618,2119,1018,1101,214,98,116,609,343,266,753,328,425,44,12,32,433,202,231,66,35,31
58829619,605,280,325,60,24,36,115,67,48,211,86,125,15,3,12,193,94,99,11,6,5
58829620,1896,953,943,232,101,131,483,259,224,553,248,305,39,9,30,365,178,187,224,158,66
58829621,973,433,540,101,38,63,268,138,130,344,127,217,18,7,11,213,113,100,29,10,19
58829622,38,22,16,4,4,0,12,6,6,10,5,5,0,0,0,9,5,4,3,2,1
58829623,861,447,414,327,153,174,230,151,79,130,65,65,5,1,4,73,37,36,96,40,56
58829624,30,16,14,1,0,1,14,9,5,9,3,6,2,1,1,4,3,1,0,0,0
58829625,143,72,71,14,10,4,18,9,9,52,24,28,2,1,1,56,28,28,1,0,1
58829626,1591,717,874,170,69,101,379,178,201,520,216,304,35,14,21,422,205,217,65,35,30
58829627,3196,1479,1717,355,168,187,880,461,419,1115,438,677,41,9,32,677,344,333,128,59,69
58829628,366,193,173,52,25,27,115,71,44,120,55,65,11,3,8,55,29,26,13,10,3
58829630,3447,1547,1900,421,161,260,1127,580,547,1105,422,683,65,23,42,552,261,291,177,100,77
58862801,59,30,29,10,3,7,19,12,7,18,9,9,0,0,0,10,4,6,2,2,0
58863601,215,114,101,20,7,13,90,55,35,67,32,35,1,0,1,31,15,16,6,5,1
58864401,1823,920,903,253,106,147,769,453,316,504,229,275,23,7,16,204,83,121,70,42,28
58865201,385,196,189,48,16,32,147,91,56,104,54,50,7,3,4,51,16,35,28,16,12
58866101,336,174,162,51,16,35,147,97,50,94,42,52,1,0,1,29,12,17,14,7,7
58869501,284,136,148,43,12,31,130,74,56,58,26,32,2,0,2,22,10,12,29,14,15
58869502,73,36,37,17,6,11,27,13,14,20,13,7,0,0,0,8,3,5,1,1,0
58870901,180,97,83,26,13,13,81,50,31,48,23,25,0,0,0,22,8,14,3,3,0
58870902,566,291,275,72,35,37,234,140,94,159,71,88,8,0,8,61,27,34,32,18,14
58871701,372,188,184,46,17,29,173,99,74,98,42,56,4,1,3,33,16,17,18,13,5
58872501,391,190,201,49,13,36,170,105,65,93,37,56,6,1,5,45,17,28,28,17,11
58873301,317,158,159,39,14,25,137,73,64,85,37,48,5,2,3,35,20,15,16,12,4
58873302,151,76,75,13,7,6,68,45,23,49,15,34,3,2,1,14,5,9,4,2,2
58874101,652,331,321,79,18,61,260,169,91,189,80,109,10,4,6,85,41,44,29,19,10
58875001,553,274,279,74,25,49,210,127,83,171,83,88,8,1,7,70,27,43,20,11,9
58876801,1994,959,1035,267,94,173,807,444,363,577,264,313,28,7,21,213,95,118,102,55,47
58876802,22,13,9,3,2,1,6,3,3,10,6,4,0,0,0,3,2,1,0,0,0
58876803,21,12,9,4,1,3,8,7,1,5,2,3,0,0,0,4,2,2,0,0,0
58876804,294,148,146,48,22,26,130,75,55,71,32,39,8,2,6,26,9,17,11,8,3
55390501,229,113,116,33,12,21,107,59,48,56,23,33,1,1,0,22,12,10,10,6,4
58878401,285,148,137,36,11,25,126,75,51,84,41,43,3,0,3,21,10,11,15,11,4
58880601,185,92,93,24,8,16,93,54,39,41,17,24,3,1,2,11,4,7,13,8,5
58881401,343,172,171,42,18,24,158,86,72,98,51,47,1,0,1,36,13,23,8,4,4
58882201,141,69,72,13,4,9,62,37,25,40,18,22,3,1,2,22,8,14,1,1,0
58882202,211,112,99,31,13,18,83,53,30,56,25,31,2,0,2,28,12,16,11,9,2
58883101,170,85,85,24,9,15,63,39,24,45,23,22,1,0,1,26,7,19,11,7,4
58884901,157,76,81,25,6,19,72,42,30,46,20,26,0,0,0,9,6,3,5,2,3
58884902,397,184,213,72,22,50,179,103,76,106,38,68,1,0,1,17,7,10,22,14,8
58884903,181,90,91,39,18,21,66,34,32,44,22,22,10,4,6,11,7,4,11,5,6
58886501,398,190,208,67,30,37,160,88,72,124,51,73,2,0,2,33,14,19,12,7,5
58886502,191,90,101,30,12,18,72,39,33,51,18,33,6,3,3,28,16,12,4,2,2
58887301,368,194,174,35,14,21,164,93,71,129,63,66,2,2,0,22,13,9,16,9,7
58739701,220,105,115,50,21,29,74,43,31,58,24,34,1,0,1,19,8,11,18,9,9
58889001,578,294,284,74,29,45,244,149,95,152,66,86,4,2,2,83,36,47,21,12,9
58890301,955,468,487,166,66,100,381,221,160,280,111,169,9,3,6,84,43,41,35,24,11
54972001,785,391,394,125,53,72,280,169,111,216,92,124,8,2,6,126,59,67,30,16,14
58892001,46,28,18,4,2,2,24,15,9,12,8,4,0,0,0,4,1,3,2,2,0
58892002,18,10,8,2,1,1,7,5,2,6,2,4,0,0,0,1,1,0,2,1,1
58892003,329,169,160,62,31,31,117,69,48,101,48,53,7,1,6,30,11,19,12,9,3
58892004,19,10,9,4,1,3,6,4,2,8,5,3,1,0,1,0,0,0,0,0,0
58892005,17,9,8,5,2,3,6,3,3,2,1,1,0,0,0,1,0,1,3,3,0
58893801,393,188,205,53,20,33,144,88,56,124,52,72,7,1,6,52,20,32,13,7,6
58893802,357,184,173,42,20,22,146,87,59,109,48,61,7,2,5,33,12,21,20,15,5
58893803,180,89,91,19,6,13,50,31,19,70,34,36,3,1,2,32,14,18,6,3,3
58894601,548,267,281,92,37,55,233,136,97,141,56,85,11,0,11,50,25,25,21,13,8
58895401,59,27,32,10,4,6,21,13,8,18,4,14,0,0,0,9,5,4,1,1,0
58895403,497,245,252,71,23,48,214,132,82,131,55,76,9,1,8,49,25,24,23,9,14
58896201,47,23,24,5,2,3,23,12,11,8,4,4,0,0,0,11,5,6,0,0,0
58896202,413,214,199,48,16,32,175,108,67,110,49,61,2,1,1,52,22,30,26,18,8
58897101,473,225,248,66,14,52,185,111,74,146,69,77,10,4,6,57,24,33,9,3,6
58898901,304,161,143,32,14,18,117,71,46,104,48,56,3,2,1,32,15,17,16,11,5
58899701,22,13,9,2,1,1,11,8,3,5,2,3,1,0,1,3,2,1,0,0,0
58899702,489,234,255,55,15,40,194,107,87,146,69,77,5,0,5,76,36,40,13,7,6
58900401,124,64,60,20,5,15,57,36,21,30,16,14,1,0,1,11,4,7,5,3,2
58900402,58,33,25,6,5,1,22,11,11,22,15,7,0,0,0,6,1,5,2,1,1
58900403,113,58,55,26,12,14,44,20,24,29,18,11,0,0,0,7,2,5,7,6,1
58903901,529,281,248,90,47,43,194,126,68,128,61,67,4,2,2,79,29,50,34,16,18
58904701,197,107,90,24,8,16,86,53,33,49,26,23,1,1,0,26,11,15,11,8,3
58905501,123,64,59,15,9,6,61,32,29,29,14,15,1,1,0,7,2,5,10,6,4
55718801,292,150,142,40,17,23,118,70,48,78,32,46,3,1,2,30,14,16,23,16,7
58908001,243,128,115,33,20,13,107,60,47,56,22,34,5,0,5,15,9,6,27,17,10
58908002,120,58,62,13,4,9,46,31,15,43,18,25,2,1,1,12,2,10,4,2,2
58909801,191,94,97,32,11,21,67,41,26,53,29,24,3,0,3,32,11,21,4,2,2
58909802,26,15,11,5,4,1,10,5,5,8,4,4,0,0,0,2,1,1,1,1,0
58911001,151,69,82,17,4,13,75,37,38,36,17,19,2,0,2,8,4,4,13,7,6
58912801,281,137,144,30,12,18,130,71,59,77,34,43,5,0,5,28,12,16,11,8,3
58912802,63,32,31,9,4,5,22,13,9,21,10,11,1,1,0,5,2,3,5,2,3
58913601,337,180,157,33,10,23,149,91,58,89,42,47,3,1,2,41,20,21,22,16,6
54239301,170,87,83,19,7,12,75,51,24,51,17,34,1,0,1,19,9,10,5,3,2
58915201,256,134,122,33,13,20,125,78,47,73,32,41,3,2,1,20,7,13,2,2,0
58916101,24,12,12,2,0,2,9,6,3,10,5,5,0,0,0,1,1,0,2,0,2
58916102,555,260,295,92,35,57,233,125,108,149,53,96,4,0,4,48,26,22,29,21,8
58725701,123,68,55,13,6,7,41,27,14,41,23,18,0,0,0,28,12,16,0,0,0
58918701,156,79,77,18,5,13,59,35,24,44,24,20,2,0,2,22,9,13,11,6,5
58918702,1018,496,522,159,55,104,402,231,171,282,119,163,12,4,8,86,43,43,77,44,33
58919501,126,69,57,22,11,11,68,39,29,27,15,12,1,0,1,7,4,3,1,0,1
58919502,185,94,91,23,10,13,79,48,31,49,22,27,3,2,1,18,4,14,13,8,5
58919503,99,46,53,8,2,6,44,22,22,29,12,17,0,0,0,14,8,6,4,2,2
58919505,142,73,69,26,12,14,57,34,23,41,17,24,3,2,1,14,7,7,1,1,0
58919506,1095,554,541,152,62,90,456,274,182,294,133,161,16,2,14,98,39,59,79,44,35
58921701,115,58,57,14,4,10,62,38,24,24,10,14,3,1,2,12,5,7,0,0,0
58921702,359,181,178,57,24,33,131,76,55,112,54,58,7,1,6,33,14,19,19,12,7
58922501,451,222,229,49,20,29,188,110,78,131,60,71,9,3,6,65,26,39,9,3,6
58923301,658,321,337,122,47,75,227,137,90,199,92,107,9,2,7,86,35,51,15,8,7
59201301,1463,720,743,209,54,155,570,359,211,429,187,242,17,10,7,166,72,94,72,38,34
59202101,1718,870,848,228,92,136,652,397,255,520,225,295,21,7,14,223,109,114,74,40,34
59203001,1226,606,620,153,47,106,475,277,198,351,164,187,9,1,8,185,81,104,53,36,17
59203002,301,148,153,49,14,35,112,75,37,79,32,47,4,0,4,53,24,29,4,3,1
59204801,267,145,122,33,14,19,141,89,52,66,29,37,1,0,1,13,6,7,13,7,6
59204802,193,92,101,28,11,17,91,53,38,48,17,31,3,0,3,15,5,10,8,6,2
59204803,125,65,60,17,6,11,50,27,23,39,18,21,2,1,1,14,10,4,3,3,0
59204804,869,433,436,101,34,67,324,194,130,280,127,153,10,4,6,125,60,65,29,14,15
59204806,161,87,74,22,8,14,48,28,20,56,33,23,1,0,1,27,13,14,7,5,2
59204808,1576,755,821,227,73,154,560,309,251,466,213,253,14,4,10,196,79,117,113,77,36
59204809,430,207,223,60,18,42,159,96,63,129,55,74,4,2,2,66,28,38,12,8,4
59206401,1763,879,884,242,73,169,674,410,264,535,243,292,18,8,10,237,116,121,57,29,28
59205601,652,324,328,122,47,75,261,156,105,173,70,103,4,1,3,58,31,27,34,19,15
59207201,588,287,301,82,26,56,236,143,93,152,62,90,7,0,7,84,43,41,27,13,14
59207202,89,46,43,6,1,5,33,18,15,24,14,10,2,1,1,19,7,12,5,5,0
59208101,1386,712,674,197,72,125,498,315,183,402,189,213,14,4,10,221,100,121,54,32,22
59209901,769,394,375,151,50,101,333,214,119,192,85,107,2,0,2,61,29,32,30,16,14
59210201,21,11,10,2,1,1,10,8,2,5,1,4,0,0,0,3,1,2,1,0,1
59210202,48,29,19,3,2,1,24,16,8,13,5,8,2,1,1,5,4,1,1,1,0
59210203,38,21,17,1,0,1,9,5,4,14,8,6,1,0,1,12,7,5,1,1,0
59210204,41,21,20,6,2,4,8,7,1,11,5,6,0,0,0,15,6,9,1,1,0
59210205,1746,801,945,278,82,196,629,340,289,515,224,291,15,7,8,248,114,134,61,34,27
59210206,201,103,98,28,9,19,60,38,22,71,36,35,3,0,3,36,18,18,3,2,1
59211101,648,323,325,87,26,61,274,161,113,167,80,87,6,2,4,72,31,41,42,23,19
59211102,21,13,8,1,1,0,11,7,4,8,4,4,0,0,0,1,1,0,0,0,0
59213701,312,150,162,52,10,42,127,80,47,82,42,40,3,1,2,35,12,23,13,5,8
59214501,2362,1176,1186,362,120,242,1085,625,460,590,284,306,17,6,11,229,98,131,79,43,36
59215301,406,204,202,58,19,39,168,104,64,124,59,65,2,0,2,44,21,23,10,1,9
59217002,3545,1747,1798,530,161,369,1340,798,542,1008,444,564,26,10,16,458,215,243,183,119,64
59218801,673,343,330,81,29,52,308,186,122,194,86,108,5,2,3,55,26,29,30,14,16
59219601,24,14,10,7,4,3,6,4,2,8,5,3,0,0,0,3,1,2,0,0,0
55073601,172,90,82,30,11,19,72,40,32,41,23,18,3,0,3,22,13,9,4,3,1
59220001,546,279,267,82,26,56,225,144,81,146,57,89,6,0,6,67,39,28,20,13,7
59220002,239,114,125,42,13,29,86,49,37,79,36,43,1,1,0,27,12,15,4,3,1
59221801,784,387,397,95,38,57,268,159,109,266,118,148,7,0,7,119,58,61,29,14,15
59222601,1437,726,711,244,74,170,601,379,222,362,163,199,11,3,8,162,73,89,57,34,23
59223401,366,193,173,71,20,51,166,107,59,76,35,41,1,0,1,30,17,13,22,14,8
59226901,903,454,449,132,41,91,263,165,98,291,144,147,8,4,4,170,78,92,39,22,17
59227701,452,218,234,66,20,46,167,102,65,143,57,86,2,1,1,52,26,26,22,12,10
59228501,780,389,391,134,38,96,339,214,125,195,84,111,4,1,3,68,29,39,40,23,17
59229301,716,352,364,115,37,78,269,168,101,204,85,119,8,4,4,85,38,47,35,20,15
59230701,32,19,13,1,1,0,15,11,4,11,5,6,0,0,0,3,0,3,2,2,0
59230703,315,159,156,49,11,38,152,98,54,65,24,41,4,2,2,26,13,13,19,11,8
59232301,123,63,60,19,7,12,42,23,19,35,19,16,1,0,1,23,12,11,3,2,1
59232302,655,321,334,83,30,53,264,150,114,191,91,100,6,0,6,74,28,46,37,22,15
3044330,0,0,0,0,0,0,0,0,0,0,0,0,0,0,0,0,0,0,0,0,0
55074401,2373,1112,1261,384,110,274,849,485,364,692,307,385,15,5,10,362,171,191,71,34,37
55074402,25,18,7,2,1,1,5,5,0,10,6,4,3,2,1,3,2,1,2,2,0
55074403,2006,961,1045,269,91,178,614,349,265,628,270,358,18,5,13,356,176,180,121,70,51
55074404,67,35,32,26,8,18,12,8,4,2,1,1,0,0,0,0,0,0,27,18,9
59234002,195,104,91,33,14,19,83,50,33,34,16,18,1,0,1,33,16,17,11,8,3
59236601,380,201,179,70,35,35,168,96,72,87,44,43,4,2,2,26,14,12,25,10,15
0960910,0,0,0,0,0,0,0,0,0,0,0,0,0,0,0,0,0,0,0,0,0
59238201,123,67,56,24,10,14,51,32,19,29,16,13,1,1,0,13,6,7,5,2,3
59238202,834,420,414,129,33,96,346,208,138,227,114,113,9,3,6,93,39,54,30,23,7
59239101,557,272,285,73,22,51,195,114,81,156,76,80,9,2,7,95,43,52,29,15,14
59240401,652,320,332,111,31,80,287,172,115,149,70,79,7,3,4,72,29,43,26,15,11
59241201,1290,623,667,200,57,143,546,323,223,348,150,198,9,6,3,147,64,83,40,23,17
59242101,651,296,355,122,21,101,251,145,106,178,82,96,7,3,4,60,26,34,33,19,14
59243901,2690,1320,1370,320,105,215,964,570,394,902,397,505,34,11,23,360,171,189,110,66,44
59244701,613,305,308,94,30,64,249,142,107,181,88,93,10,1,9,57,28,29,22,16,6
59245501,1163,586,577,194,61,133,515,320,195,273,127,146,6,0,6,136,57,79,39,21,18
1161900,0,0,0,0,0,0,0,0,0,0,0,0,0,0,0,0,0,0,0,0,0
59246301,624,314,310,97,37,60,207,137,70,196,90,106,9,5,4,96,37,59,19,8,11
59246303,2106,1021,1085,312,97,215,842,496,346,571,265,306,23,4,19,259,107,152,99,52,47
59247101,88,43,45,13,4,9,21,9,12,39,23,16,1,0,1,14,7,7,0,0,0
59247102,638,320,318,94,30,64,254,153,101,165,85,80,8,2,6,81,32,49,36,18,18
59248001,565,287,278,89,20,69,217,147,70,154,73,81,6,0,6,73,30,43,26,17,9
59249801,20,9,11,5,0,5,7,6,1,6,2,4,0,0,0,2,1,1,0,0,0
59249802,702,356,346,97,31,66,299,189,110,209,89,120,8,2,6,71,33,38,18,12,6
59250101,701,339,362,93,27,66,304,181,123,185,72,113,6,2,4,91,37,54,22,20,2
59251001,1596,773,823,202,62,140,603,354,249,470,198,272,11,3,8,240,120,120,70,36,34
59252801,855,422,433,121,36,85,366,215,151,233,112,121,5,1,4,93,40,53,37,18,19
59253601,598,299,299,91,30,61,206,130,76,190,85,105,5,1,4,79,39,40,27,14,13
59253602,86,43,43,20,7,13,33,20,13,21,10,11,1,0,1,7,4,3,4,2,2
59253603,148,76,72,17,8,9,45,29,16,43,20,23,5,2,3,38,17,21,0,0,0
59255201,385,202,183,52,14,38,151,83,68,93,47,46,3,2,1,34,11,23,52,45,7
59256101,335,176,159,40,12,28,141,86,55,93,43,50,3,0,3,43,25,18,15,10,5
59257901,573,280,293,91,35,56,240,141,99,148,63,85,2,2,0,51,20,31,41,19,22
59258701,110,63,47,14,3,11,41,31,10,29,13,16,2,1,1,12,6,6,12,9,3
55075201,52,27,25,8,4,4,26,16,10,10,6,4,2,0,2,3,1,2,3,0,3
55075202,72,37,35,7,3,4,20,15,5,23,9,14,2,1,1,15,6,9,5,3,2
55075203,2331,1070,1261,347,116,231,756,428,328,710,295,415,23,6,17,410,188,222,85,37,48
55075204,3025,1505,1520,402,154,248,940,556,384,936,436,500,37,7,30,576,267,309,134,85,49
55075205,25,17,8,6,5,1,11,8,3,2,0,2,0,0,0,5,3,2,1,1,0
55075208,18,9,9,4,1,3,8,5,3,5,3,2,1,0,1,0,0,0,0,0,0
59260901,39,23,16,7,4,3,15,11,4,12,5,7,0,0,0,3,2,1,2,1,1
59260902,621,305,316,108,33,75,238,137,101,179,81,98,6,4,2,53,24,29,37,26,11
59261701,1810,897,913,362,109,253,672,435,237,465,216,249,17,8,9,203,85,118,91,44,47
59261702,962,454,508,166,40,126,342,194,148,285,141,144,10,1,9,117,52,65,42,26,16
59262501,302,147,155,31,7,24,143,83,60,78,35,43,3,0,3,29,13,16,18,9,9
59262502,33,20,13,5,2,3,6,5,1,12,6,6,0,0,0,7,5,2,3,2,1
59263301,133,75,58,18,6,12,50,31,19,43,25,18,1,0,1,15,8,7,6,5,1
59264101,875,441,434,151,51,100,359,228,131,215,96,119,8,1,7,102,44,58,40,21,19
59265001,489,248,241,80,22,58,146,96,50,161,76,85,5,1,4,74,39,35,23,14,9
59265002,50,29,21,8,4,4,14,8,6,17,11,6,0,0,0,7,4,3,4,2,2
59266801,192,94,98,28,7,21,79,50,29,52,22,30,1,0,1,19,6,13,13,9,4
59267601,1331,650,681,184,61,123,497,286,211,404,181,223,15,7,8,173,78,95,58,37,21
59269201,1293,647,646,185,55,130,516,306,210,348,161,187,17,7,10,159,71,88,68,47,21
59270601,936,460,476,141,48,93,385,237,148,252,102,150,7,1,6,111,48,63,40,24,16
59271401,193,98,95,36,14,22,78,46,32,52,25,27,4,2,2,18,9,9,5,2,3
59272201,898,445,453,129,41,88,330,205,125,256,109,147,10,2,8,136,61,75,37,27,10
1729010,0,0,0,0,0,0,0,0,0,0,0,0,0,0,0,0,0,0,0,0,0
1729440,0,0,0,0,0,0,0,0,0,0,0,0,0,0,0,0,0,0,0,0,0
59200501,1839,881,958,228,72,156,667,383,284,582,251,331,21,9,12,281,137,144,60,29,31
59200502,705,341,364,99,29,70,256,144,112,238,113,125,5,2,3,101,49,52,6,4,2
59200503,919,439,480,119,43,76,299,165,134,287,123,164,8,3,5,182,92,90,24,13,11
59200504,423,214,209,23,11,12,77,42,35,168,92,76,8,0,8,137,63,74,10,6,4
59200505,2296,1103,1193,224,91,133,653,344,309,811,391,420,38,11,27,500,231,269,70,35,35
59200506,2999,1442,1557,277,103,174,628,331,297,1042,474,568,28,11,17,950,488,462,74,35,39
59200507,435,207,228,22,10,12,86,48,38,144,66,78,3,1,2,158,69,89,22,13,9
59200508,52,26,26,3,2,1,9,4,5,23,12,11,0,0,0,16,8,8,1,0,1
59200509,498,233,265,73,20,53,170,95,75,149,70,79,8,1,7,75,34,41,23,13,10
59200510,222,110,112,17,9,8,53,33,20,76,33,43,4,1,3,65,30,35,7,4,3
59200511,2038,999,1039,264,99,165,514,272,242,594,266,328,23,11,12,419,192,227,224,159,65
59200512,259,117,142,28,10,18,55,30,25,92,38,54,3,0,3,76,37,39,5,2,3
59200513,807,347,460,111,40,71,240,117,123,254,100,154,7,3,4,176,78,98,19,9,10
59200514,429,185,244,49,17,32,120,61,59,162,62,100,5,1,4,78,37,41,15,7,8
59200515,49,35,14,4,2,2,7,5,2,16,10,6,2,0,2,3,2,1,17,16,1
59200516,25,12,13,9,4,5,8,6,2,6,1,5,0,0,0,2,1,1,0,0,0
59200517,2938,1295,1643,336,92,244,927,486,441,958,403,555,38,9,29,490,238,252,189,67,122
59200518,1207,542,665,150,41,109,323,159,164,411,183,228,14,6,8,270,130,140,39,23,16
59200519,1826,824,1002,256,91,165,556,276,280,593,244,349,16,4,12,334,171,163,71,38,33
59200520,700,324,376,83,22,61,248,131,117,199,81,118,11,3,8,112,59,53,47,28,19
59200521,766,330,436,92,41,51,228,106,122,244,93,151,11,3,8,167,77,90,24,10,14
1730370,0,0,0,0,0,0,0,0,0,0,0,0,0,0,0,0,0,0,0,0,0
1731000,0,0,0,0,0,0,0,0,0,0,0,0,0,0,0,0,0,0,0,0,0
59273101,60,27,33,6,3,3,23,8,15,20,11,9,0,0,0,8,3,5,3,2,1
59273102,659,324,335,89,21,68,261,158,103,207,98,109,6,1,5,85,41,44,11,5,6
59273104,19,9,10,1,0,1,6,3,3,10,4,6,0,0,0,2,2,0,0,0,0
59273105,199,96,103,29,5,24,82,50,32,56,25,31,1,0,1,31,16,15,0,0,0
59273106,623,310,313,102,31,71,247,154,93,169,73,96,6,0,6,82,44,38,17,8,9
59273107,852,420,432,138,35,103,323,196,127,231,118,113,10,7,3,125,53,72,25,11,14
59273108,27,18,9,3,1,2,10,7,3,7,6,1,0,0,0,4,2,2,3,2,1
59273110,79,41,38,6,2,4,31,19,12,28,12,16,1,1,0,11,6,5,2,1,1
59273112,819,378,441,115,43,72,219,118,101,262,112,150,12,5,7,188,88,100,23,12,11
59273113,3881,1777,2104,575,214,361,1361,711,650,1202,501,701,31,8,23,511,238,273,201,105,96
59273114,1830,949,881,244,115,129,550,318,232,580,259,321,26,9,17,300,156,144,130,92,38
59273115,747,378,369,85,38,47,235,129,106,251,109,142,13,3,10,130,76,54,33,23,10
59273117,1869,925,944,230,100,130,668,376,292,612,284,328,15,3,12,296,137,159,48,25,23
59273119,2036,999,1037,207,75,132,503,289,214,675,321,354,26,8,18,540,259,281,85,47,38
59273120,43,34,9,10,6,4,14,14,0,11,8,3,2,2,0,1,1,0,5,3,2
59274901,426,209,217,66,20,46,166,105,61,133,59,74,6,1,5,44,18,26,11,6,5
59274902,2109,992,1117,281,87,194,826,455,371,642,285,357,16,7,9,282,125,157,62,33,29
59274903,952,485,467,126,51,75,353,215,138,270,119,151,12,6,6,121,44,77,70,50,20
59275701,194,101,93,30,9,21,82,49,33,53,26,27,1,0,1,19,10,9,9,7,2
59277301,41,27,14,8,5,3,18,14,4,7,2,5,0,0,0,7,5,2,1,1,0
59277303,41,24,17,7,4,3,20,13,7,9,5,4,1,0,1,1,0,1,3,2,1
59277304,71,37,34,16,6,10,20,9,11,19,13,6,0,0,0,9,4,5,7,5,2
59278101,334,170,164,36,14,22,144,83,61,92,42,50,4,0,4,45,24,21,13,7,6
59279001,930,439,491,189,76,113,303,178,125,236,96,140,10,2,8,167,78,89,25,9,16
59280301,449,228,221,57,15,42,183,108,75,129,67,62,6,2,4,55,29,26,19,7,12
59282001,2354,1159,1195,306,93,213,946,542,404,682,327,355,25,9,16,292,131,161,103,57,46
59283801,72,40,32,13,6,7,32,21,11,7,5,2,0,0,0,8,3,5,12,5,7
59283802,26,16,10,1,1,0,7,5,2,7,3,4,0,0,0,6,3,3,5,4,1
59283803,19,11,8,6,3,3,9,6,3,2,1,1,0,0,0,0,0,0,2,1,1
59284601,811,411,400,83,26,57,336,201,135,257,125,132,4,2,2,103,42,61,28,15,13
59285401,261,136,125,34,8,26,107,70,37,71,37,34,3,1,2,35,13,22,11,7,4
59286201,1333,661,672,180,48,132,525,323,202,404,185,219,11,2,9,176,83,93,37,20,17
59287102,36,17,19,10,3,7,10,7,3,10,3,7,0,0,0,3,2,1,3,2,1
59287105,105,56,49,20,7,13,45,29,16,18,6,12,0,0,0,13,7,6,9,7,2
54164801,42,28,14,8,4,4,16,10,6,7,7,0,0,0,0,5,3,2,6,4,2
54164802,758,393,365,122,60,62,282,169,113,218,95,123,3,0,3,82,40,42,51,29,22
54171101,95,48,47,8,3,5,38,22,16,30,11,19,1,0,1,16,10,6,2,2,0
54171102,147,71,76,17,5,12,46,24,22,52,26,26,2,1,1,26,13,13,4,2,2
54171103,27,12,15,3,1,2,10,7,3,11,3,8,0,0,0,2,0,2,1,1,0
54171104,567,279,288,73,30,43,223,127,96,170,82,88,4,2,2,76,27,49,21,11,10
0285680,0,0,0,0,0,0,0,0,0,0,0,0,0,0,0,0,0,0,0,0,0
54180001,29,17,12,5,3,2,10,6,4,11,7,4,1,0,1,1,1,0,1,0,1
54180002,58,26,32,8,2,6,14,12,2,26,6,20,0,0,0,10,6,4,0,0,0
54180003,15,8,7,1,0,1,4,2,2,9,5,4,0,0,0,0,0,0,1,1,0
54180004,1400,684,716,211,73,138,510,300,210,402,180,222,18,4,14,175,86,89,84,41,43
54180006,29,13,16,5,1,4,12,9,3,8,2,6,0,0,0,4,1,3,0,0,0
54264402,66,37,29,10,6,4,26,16,10,24,12,12,1,1,0,2,0,2,3,2,1
54264403,1066,553,513,153,58,95,489,294,195,265,120,145,11,2,9,108,51,57,40,28,12
54264404,66,39,27,15,8,7,24,15,9,13,8,5,0,0,0,9,6,3,5,2,3
54267901,955,450,505,123,44,79,343,198,145,313,127,186,7,3,4,111,45,66,58,33,25
54267902,166,81,85,20,9,11,62,39,23,50,19,31,1,0,1,29,12,17,4,2,2
54267903,175,83,92,24,11,13,82,47,35,46,15,31,1,0,1,14,6,8,8,4,4
54267904,101,50,51,29,11,18,51,32,19,18,7,11,0,0,0,2,0,2,1,0,1
54267905,57,28,29,11,3,8,28,16,12,14,7,7,0,0,0,2,1,1,2,1,1
54267906,84,45,39,10,5,5,45,27,18,21,8,13,0,0,0,6,4,2,2,1,1
54267907,67,36,31,8,4,4,25,14,11,25,15,10,0,0,0,7,2,5,2,1,1
54267908,203,104,99,32,18,14,87,55,32,56,20,36,1,0,1,20,7,13,7,4,3
54267909,111,53,58,14,5,9,47,30,17,32,8,24,1,0,1,7,2,5,10,8,2
54268702,129,65,64,28,11,17,55,37,18,27,9,18,2,0,2,11,6,5,6,2,4
54268703,18,10,8,2,1,1,7,4,3,4,3,1,0,0,0,1,0,1,4,2,2
54268704,46,25,21,9,6,3,15,10,5,11,5,6,2,2,0,9,2,7,0,0,0
54268706,372,182,190,63,17,46,135,84,51,115,55,60,1,0,1,44,20,24,14,6,8
54268707,48,27,21,3,1,2,21,11,10,11,7,4,0,0,0,12,7,5,1,1,0
54268710,36,20,16,3,0,3,12,7,5,13,9,4,0,0,0,7,3,4,1,1,0
54268711,29,13,16,3,1,2,13,8,5,7,1,6,0,0,0,3,1,2,3,2,1
54268712,34,18,16,6,2,4,13,10,3,11,5,6,0,0,0,1,0,1,3,1,2
54268713,24,11,13,4,1,3,11,5,6,2,1,1,1,1,0,6,3,3,0,0,0
54268714,47,23,24,5,1,4,24,13,11,13,7,6,0,0,0,4,2,2,1,0,1
54268715,56,29,27,11,2,9,25,16,9,6,2,4,2,1,1,8,5,3,4,3,1
54268716,233,119,114,32,10,22,92,55,37,72,37,35,1,0,1,23,9,14,13,8,5
54268717,161,74,87,36,11,25,61,40,21,33,10,23,2,0,2,20,9,11,9,4,5
54268718,786,398,388,134,45,89,290,184,106,220,103,117,8,1,7,86,39,47,48,26,22
54272501,1079,552,527,162,60,102,430,264,166,305,143,162,11,4,7,137,61,76,34,20,14
54275001,1661,816,845,243,92,151,630,376,254,506,231,275,19,3,16,209,81,128,54,33,21
54275002,33,17,16,4,2,2,17,10,7,9,3,6,0,0,0,1,0,1,2,2,0
54275003,101,53,48,17,6,11,34,25,9,31,13,18,2,0,2,13,6,7,4,3,1
54276801,1305,655,650,171,70,101,488,291,197,415,194,221,16,4,12,164,70,94,51,26,25
54276802,63,30,33,2,1,1,35,18,17,17,7,10,1,0,1,7,4,3,1,0,1
54276803,470,222,248,57,12,45,195,107,88,145,64,81,5,2,3,57,29,28,11,8,3
54276804,30,15,15,3,2,1,17,9,8,6,3,3,0,0,0,2,0,2,2,1,1
54278401,55,27,28,7,3,4,34,17,17,9,5,4,0,0,0,2,0,2,3,2,1
54278402,30,13,17,9,3,6,7,5,2,11,5,6,0,0,0,3,0,3,0,0,0
54278403,35,16,19,8,3,5,18,11,7,7,1,6,0,0,0,1,0,1,1,1,0
54278404,41,17,24,6,1,5,16,11,5,17,5,12,0,0,0,2,0,2,0,0,0
54278407,280,147,133,39,23,16,94,53,41,83,40,43,2,0,2,43,17,26,19,14,5
54278408,92,51,41,12,4,8,36,25,11,30,14,16,0,0,0,7,3,4,7,5,2
54278409,108,50,58,17,6,11,36,20,16,40,20,20,1,0,1,13,4,9,1,0,1
54278410,82,40,42,13,5,8,36,23,13,22,7,15,1,0,1,10,5,5,0,0,0
54278411,567,278,289,76,21,55,229,143,86,170,69,101,5,3,2,65,30,35,22,12,10
54278412,246,125,121,20,8,12,97,62,35,94,42,52,3,0,3,23,11,12,9,2,7
54278413,38,23,15,9,6,3,14,10,4,13,7,6,0,0,0,1,0,1,1,0,1
54278414,168,88,80,20,7,13,73,54,19,55,21,34,1,0,1,14,5,9,5,1,4
54281401,606,297,309,89,39,50,223,129,94,181,82,99,3,0,3,77,31,46,33,16,17
54281402,36,16,20,7,1,6,15,10,5,9,3,6,0,0,0,4,2,2,1,0,1
54281403,142,66,76,32,10,22,57,33,24,33,14,19,0,0,0,11,5,6,9,4,5
54281404,84,41,43,17,6,11,32,19,13,18,8,10,1,0,1,13,6,7,3,2,1
54281405,38,22,16,8,4,4,13,9,4,10,5,5,0,0,0,2,1,1,5,3,2
54281406,610,296,314,85,19,66,220,132,88,186,84,102,3,3,0,95,47,48,21,11,10
54281407,25,12,13,8,3,5,7,4,3,3,0,3,0,0,0,2,2,0,5,3,2
54281408,52,25,27,13,3,10,19,12,7,10,4,6,0,0,0,7,4,3,3,2,1
54283101,21,11,10,4,2,2,10,6,4,4,1,3,0,0,0,2,1,1,1,1,0
54283102,612,297,315,93,28,65,247,132,115,173,86,87,8,3,5,69,34,35,22,14,8
54286501,1606,805,801,206,77,129,543,325,218,529,248,281,14,5,9,239,105,134,75,45,30
54286504,38,25,13,6,3,3,16,12,4,11,7,4,0,0,0,5,3,2,0,0,0
57034601,616,305,311,73,26,47,210,120,90,210,94,116,5,1,4,95,48,47,23,16,7
54290301,415,206,209,46,25,21,143,86,57,137,56,81,3,0,3,66,27,39,20,12,8
54290302,63,32,31,6,2,4,30,19,11,17,9,8,1,0,1,4,0,4,5,2,3
54290303,70,35,35,6,2,4,21,13,8,22,11,11,2,0,2,18,8,10,1,1,0
54290305,113,62,51,9,5,4,36,27,9,34,14,20,0,0,0,30,14,16,4,2,2
54291101,155,83,72,20,10,10,55,33,22,52,25,27,7,1,6,13,8,5,8,6,2
54291103,45,26,19,7,3,4,19,13,6,10,4,6,0,0,0,6,4,2,3,2,1
54291104,1874,910,964,363,119,244,742,412,330,456,206,250,23,4,19,144,76,68,146,93,53
54291105,51,26,25,15,7,8,20,12,8,12,5,7,0,0,0,1,0,1,3,2,1
54294602,39,20,19,6,2,4,9,7,2,15,7,8,0,0,0,8,3,5,1,1,0
54294603,807,415,392,109,52,57,337,191,146,233,111,122,10,3,7,88,41,47,30,17,13
54298901,81,41,40,16,5,11,27,17,10,18,9,9,2,0,2,13,8,5,5,2,3
54298902,130,66,64,12,5,7,64,39,25,32,16,16,0,0,0,18,4,14,4,2,2
54298903,122,67,55,10,4,6,55,36,19,37,19,18,1,0,1,12,5,7,7,3,4
54298904,208,104,104,32,8,24,94,58,36,59,26,33,4,2,2,16,8,8,3,2,1
54298905,960,473,487,102,47,55,361,193,168,304,142,162,15,4,11,137,62,75,41,25,16
54298906,612,299,313,67,23,44,257,151,106,200,85,115,6,4,2,70,30,40,12,6,6
54299701,372,180,192,41,15,26,145,85,60,122,55,67,5,1,4,54,20,34,5,4,1
50006201,1519,740,779,188,78,110,502,278,224,509,235,274,13,5,8,253,115,138,54,29,25
50006202,160,80,80,24,13,11,48,30,18,57,26,31,1,0,1,24,8,16,6,3,3
54302101,43,27,16,2,2,0,18,9,9,15,10,5,1,1,0,5,3,2,2,2,0
54302102,475,246,229,56,21,35,196,118,78,144,75,69,4,1,3,60,23,37,15,8,7
54309801,683,337,346,126,42,84,283,186,97,166,65,101,6,4,2,69,21,48,33,19,14
54426401,542,280,262,66,22,44,223,128,95,147,76,71,6,0,6,66,33,33,34,21,13
54430201,322,159,163,45,11,34,148,91,57,85,36,49,1,0,1,31,13,18,12,8,4
54430202,587,283,304,71,26,45,222,132,90,196,76,120,3,2,1,74,34,40,21,13,8
54430203,186,94,92,25,8,17,74,47,27,49,16,33,3,2,1,32,18,14,3,3,0
54430204,116,52,64,17,8,9,51,28,23,26,11,15,1,0,1,16,2,14,5,3,2
54430206,205,102,103,22,8,14,86,49,37,63,30,33,2,1,1,28,10,18,4,4,0
54430207,102,48,54,8,1,7,44,23,21,35,19,16,1,0,1,11,3,8,3,2,1
54430208,142,77,65,17,9,8,54,32,22,52,27,25,0,0,0,14,7,7,5,2,3
55686601,37,19,18,8,3,5,16,11,5,8,4,4,1,0,1,3,1,2,1,0,1
55686602,585,301,284,65,24,41,230,143,87,189,87,102,5,0,5,76,34,42,20,13,7
54437001,1416,709,707,274,104,170,557,334,223,357,166,191,12,3,9,154,62,92,62,40,22
54437003,25,15,10,4,2,2,11,6,5,7,5,2,0,0,0,1,0,1,2,2,0
54439601,20,9,11,2,1,1,7,4,3,9,4,5,0,0,0,2,0,2,0,0,0
54439602,25,11,14,4,1,3,13,8,5,5,1,4,1,0,1,2,1,1,0,0,0
54439603,42,19,23,7,3,4,21,11,10,10,4,6,0,0,0,4,1,3,0,0,0
54439604,1071,520,551,146,42,104,397,243,154,340,152,188,16,6,10,123,51,72,49,26,23
54439605,51,27,24,7,2,5,27,17,10,13,5,8,0,0,0,3,2,1,1,1,0
54441801,105,50,55,9,5,4,52,30,22,29,9,20,1,0,1,11,5,6,3,1,2
54441802,536,256,280,74,27,47,222,118,104,153,73,80,6,0,6,61,24,37,20,14,6
54443402,56,29,27,10,3,7,15,9,6,19,10,9,1,0,1,9,5,4,2,2,0
54443405,441,222,219,74,25,49,157,96,61,141,68,73,10,3,7,46,22,24,13,8,5
54446901,49,22,27,9,5,4,18,10,8,13,4,9,0,0,0,6,2,4,3,1,2
54446902,195,98,97,24,7,17,83,53,30,54,22,32,1,0,1,25,13,12,8,3,5
54450701,25,14,11,1,1,0,14,9,5,5,2,3,1,0,1,4,2,2,0,0,0
54450702,25,14,11,0,0,0,12,8,4,4,2,2,0,0,0,7,3,4,2,1,1
54450703,548,281,267,66,31,35,194,130,64,179,76,103,5,0,5,83,32,51,21,12,9
54450704,22,10,12,1,0,1,9,6,3,9,2,7,0,0,0,3,2,1,0,0,0
54456601,27,16,11,2,0,2,17,13,4,4,1,3,0,0,0,1,0,1,3,2,1
54456602,1542,792,750,215,75,140,641,387,254,423,193,230,21,2,19,158,77,81,84,58,26
54456603,432,220,212,78,33,45,201,125,76,106,46,60,4,0,4,27,8,19,16,8,8
54456604,54,28,26,16,7,9,19,13,6,13,6,7,2,1,1,2,0,2,2,1,1
54457401,283,143,140,30,13,17,99,55,44,105,54,51,2,2,0,42,17,25,5,2,3
54457402,50,26,24,6,3,3,8,5,3,19,12,7,2,1,1,14,4,10,1,1,0
54457403,53,24,29,5,1,4,13,8,5,21,8,13,0,0,0,10,5,5,4,2,2
56949601,215,123,92,32,15,17,92,63,29,62,24,38,0,0,0,17,10,7,12,11,1
54462101,437,218,219,57,22,35,159,107,52,139,56,83,2,0,2,54,20,34,26,13,13
50007101,1453,734,719,166,81,85,495,279,216,530,248,282,13,4,9,207,99,108,42,23,19
54465501,464,223,241,79,26,53,162,101,61,141,65,76,6,0,6,51,19,32,25,12,13
54467101,382,197,185,74,32,42,163,108,55,99,40,59,6,1,5,21,5,16,19,11,8
54467102,39,19,20,13,6,7,13,7,6,6,3,3,2,0,2,5,3,2,0,0,0
54469801,258,133,125,38,15,23,105,67,38,69,31,38,2,0,2,25,8,17,19,12,7
54469802,91,41,50,20,8,12,36,19,17,20,6,14,1,1,0,9,3,6,5,4,1
54469803,55,28,27,9,4,5,16,9,7,21,9,12,0,0,0,8,5,3,1,1,0
54469805,65,31,34,9,2,7,27,17,10,17,8,9,1,0,1,7,4,3,4,0,4
54469806,945,465,480,125,36,89,374,228,146,289,128,161,12,3,9,107,47,60,38,23,15
54472801,71,41,30,10,4,6,25,18,7,25,14,11,0,0,0,7,2,5,4,3,1
54472803,494,253,241,63,23,40,193,126,67,151,70,81,7,2,5,63,20,43,17,12,5
54478701,1415,702,713,177,79,98,487,291,196,478,213,265,18,6,12,188,74,114,67,39,28
54478702,45,21,24,8,4,4,18,10,8,12,4,8,1,0,1,5,2,3,1,1,0
54484101,1276,593,683,145,49,96,382,202,180,410,172,238,16,4,12,277,139,138,46,27,19
54484103,75,32,43,6,1,5,14,4,10,36,19,17,0,0,0,17,8,9,2,0,2
54484104,978,458,520,101,35,66,280,141,139,345,164,181,13,2,11,195,92,103,44,24,20
54484105,1490,723,767,251,67,184,449,243,206,386,183,203,10,4,6,237,122,115,157,104,53
54484106,117,59,58,13,6,7,30,20,10,31,10,21,2,1,1,35,19,16,6,3,3
54484108,24,11,13,5,1,4,10,5,5,5,3,2,0,0,0,3,1,2,1,1,0
54484109,367,185,182,48,22,26,75,41,34,132,66,66,8,3,5,95,50,45,9,3,6
54484110,608,298,310,69,27,42,140,71,69,237,110,127,7,4,3,148,80,68,7,6,1
54484111,121,61,60,18,8,10,32,18,14,41,23,18,2,1,1,25,10,15,3,1,2
54484112,110,57,53,11,6,5,34,18,16,37,18,19,0,0,0,22,12,10,6,3,3
54484113,1426,659,767,260,87,173,464,232,232,410,191,219,19,5,14,207,110,97,66,34,32
54484114,1753,809,944,214,78,136,517,267,250,598,268,330,26,10,16,340,157,183,58,29,29
54484115,1006,494,512,111,37,74,222,125,97,355,170,185,9,2,7,295,151,144,14,9,5
54484116,2028,914,1114,269,75,194,573,298,275,682,304,378,37,12,25,373,181,192,94,44,50
54484117,313,149,164,36,9,27,94,58,36,102,50,52,6,1,5,65,29,36,10,2,8
54484119,153,81,72,25,12,13,39,22,17,43,24,19,2,1,1,41,20,21,3,2,1
54484120,539,270,269,73,26,47,186,110,76,170,74,96,5,1,4,84,46,38,21,13,8
54484121,264,125,139,34,10,24,59,34,25,107,48,59,6,1,5,53,30,23,5,2,3
54484122,82,39,43,9,4,5,29,18,11,23,9,14,0,0,0,18,8,10,3,0,3
54484123,929,454,475,106,39,67,250,140,110,296,135,161,19,5,14,220,113,107,38,22,16
54485002,555,281,274,70,32,38,220,130,90,158,65,93,9,4,5,60,27,33,38,23,15
54485003,57,28,29,9,2,7,20,13,7,19,8,11,1,0,1,8,5,3,0,0,0
54485004,75,40,35,12,5,7,22,14,8,25,12,13,0,0,0,10,5,5,6,4,2
54485005,67,32,35,9,3,6,28,15,13,21,10,11,1,1,0,6,1,5,2,2,0
54490601,248,129,119,34,13,21,104,64,40,77,37,40,2,0,2,21,10,11,10,5,5
54491401,459,228,231,76,32,44,204,120,84,121,53,68,1,0,1,36,14,22,21,9,12
54492201,693,343,350,87,30,57,239,135,104,215,97,118,8,3,5,110,57,53,34,21,13
57037101,498,244,254,59,25,34,179,101,78,169,70,99,5,0,5,69,38,31,17,10,7
54494902,279,139,140,38,9,29,119,74,45,84,38,46,1,0,1,28,12,16,9,6,3
54494903,547,267,280,80,23,57,199,115,84,135,61,74,11,3,8,85,37,48,37,28,9
54494904,63,35,28,13,7,6,31,19,12,13,6,7,0,0,0,3,1,2,3,2,1
54494905,66,34,32,13,5,8,34,21,13,12,4,8,0,0,0,4,1,3,3,3,0
54494906,44,22,22,8,6,2,15,9,6,14,6,8,0,0,0,5,0,5,2,1,1
54494907,168,85,83,26,9,17,56,35,21,52,25,27,1,0,1,31,15,16,2,1,1
54494908,377,172,205,79,19,60,168,92,76,85,42,43,1,0,1,28,10,18,16,9,7
54494909,64,36,28,20,9,11,22,14,8,15,7,8,0,0,0,5,4,1,2,2,0
54494910,205,103,102,40,16,24,71,45,26,66,28,38,1,0,1,20,9,11,7,5,2
54499001,1042,535,507,136,51,85,400,243,157,327,154,173,15,3,12,122,59,63,42,25,17
54499002,122,67,55,23,12,11,48,31,17,25,12,13,2,0,2,20,8,12,4,4,0
55302601,357,173,184,81,32,49,151,89,62,82,39,43,4,0,4,26,6,20,13,7,6
54505801,532,280,252,59,22,37,216,128,88,151,72,79,6,3,3,57,20,37,43,35,8
54505802,797,388,409,88,32,56,287,166,121,271,122,149,10,3,7,116,53,63,25,12,13
54505803,179,91,88,23,3,20,66,42,24,58,31,27,1,0,1,30,14,16,1,1,0
54505804,226,115,111,27,10,17,80,49,31,84,37,47,1,0,1,28,14,14,6,5,1
54505805,199,100,99,29,10,19,73,39,34,63,33,30,4,3,1,25,12,13,5,3,2
54505806,2555,1139,1416,323,125,198,823,422,401,845,339,506,41,14,27,433,197,236,90,42,48
54505807,163,87,76,20,11,9,55,34,21,55,27,28,0,0,0,32,14,18,1,1,0
54505808,80,41,39,15,5,10,45,24,21,15,9,6,0,0,0,5,3,2,0,0,0
54505809,254,131,123,31,10,21,73,43,30,89,46,43,4,2,2,55,28,27,2,2,0
54505810,2101,972,1129,293,114,179,743,376,367,677,295,382,37,14,23,260,118,142,91,55,36
54505811,533,268,265,118,64,54,177,87,90,136,69,67,8,6,2,62,27,35,32,15,17
54505812,248,122,126,26,11,15,77,48,29,101,44,57,1,0,1,34,16,18,9,3,6
54505813,55,47,8,11,10,1,28,23,5,9,8,1,0,0,0,3,3,0,4,3,1
54505814,2089,996,1093,220,92,128,670,356,314,739,336,403,34,12,22,380,178,202,46,22,24
54505815,1994,954,1040,219,87,132,674,368,306,701,319,382,29,6,23,309,138,171,62,36,26
54505816,256,127,129,26,11,15,44,20,24,91,45,46,4,2,2,76,38,38,15,11,4
54505817,1684,763,921,196,77,119,516,270,246,600,243,357,23,4,19,297,143,154,52,26,26
54505818,76,41,35,14,9,5,23,15,8,23,9,14,3,1,2,11,6,5,2,1,1
54505820,784,446,338,103,48,55,239,139,100,169,82,87,5,3,2,74,33,41,194,141,53
54505821,263,124,139,29,11,18,73,40,33,89,37,52,7,1,6,59,32,27,6,3,3
54505822,340,167,173,38,18,20,49,28,21,120,47,73,5,2,3,124,70,54,4,2,2
54505823,1346,625,721,180,58,122,373,196,177,478,220,258,14,3,11,264,127,137,37,21,16
54505825,188,98,90,22,8,14,76,44,32,55,30,25,4,1,3,27,12,15,4,3,1
54505826,188,84,104,22,9,13,60,31,29,75,33,42,3,2,1,20,6,14,8,3,5
54505828,1147,578,569,132,53,79,411,237,174,383,186,197,14,5,9,182,85,97,25,12,13
54505829,108,57,51,12,6,6,31,22,9,30,12,18,1,0,1,31,16,15,3,1,2
54514701,86,44,42,15,5,10,36,23,13,22,9,13,0,0,0,8,4,4,5,3,2
54514702,80,42,38,11,5,6,21,13,8,32,17,15,0,0,0,16,7,9,0,0,0
54514703,75,36,39,11,3,8,24,12,12,32,17,15,1,0,1,7,4,3,0,0,0
54514704,158,77,81,16,6,10,72,38,34,41,22,19,3,1,2,22,9,13,4,1,3
54516301,197,98,99,31,11,20,82,48,34,58,26,32,2,1,1,23,11,12,1,1,0
54516302,941,452,489,131,48,83,338,191,147,309,130,179,8,2,6,104,49,55,51,32,19
54516303,62,31,31,10,6,4,22,12,10,19,9,10,1,0,1,10,4,6,0,0,0
54516304,38,21,17,5,2,3,20,12,8,10,5,5,0,0,0,3,2,1,0,0,0
54516306,36,19,17,7,2,5,15,8,7,8,6,2,1,0,1,3,2,1,2,1,1
54516307,29,13,16,5,0,5,11,5,6,5,3,2,0,0,0,7,4,3,1,1,0
54516308,199,102,97,38,13,25,63,43,20,49,20,29,3,1,2,30,18,12,16,7,9
54516310,178,98,80,31,13,18,75,47,28,47,24,23,1,1,0,14,7,7,10,6,4
54516312,22,11,11,6,3,3,8,4,4,5,2,3,0,0,0,0,0,0,3,2,1
54516313,70,35,35,20,7,13,25,16,9,16,7,9,0,0,0,6,3,3,3,2,1
54516314,103,58,45,18,9,9,32,20,12,32,19,13,3,2,1,12,6,6,6,2,4
54516315,54,24,30,14,7,7,22,9,13,9,3,6,1,0,1,4,2,2,4,3,1
54519801,138,71,67,14,4,10,42,24,18,42,26,16,1,0,1,33,14,19,6,3,3
54519802,1155,566,589,149,54,95,372,225,147,398,179,219,13,4,9,196,89,107,27,15,12
54519803,82,46,36,12,5,7,27,20,7,23,8,15,0,0,0,16,10,6,4,3,1
54519804,32,18,14,4,2,2,11,6,5,12,7,5,1,0,1,4,3,1,0,0,0
54521001,876,421,455,128,45,83,285,157,128,269,118,151,7,2,5,151,74,77,36,25,11
3311710,0,0,0,0,0,0,0,0,0,0,0,0,0,0,0,0,0,0,0,0,0
3410700,0,0,0,0,0,0,0,0,0,0,0,0,0,0,0,0,0,0,0,0,0
54163001,1810,819,991,226,82,144,614,323,291,629,266,363,23,4,19,261,115,146,57,29,28
54163002,31,17,14,6,3,3,8,6,2,13,7,6,0,0,0,4,1,3,0,0,0
54163004,89,46,43,16,6,10,36,24,12,25,11,14,0,0,0,10,4,6,2,1,1
54163005,994,488,506,129,60,69,326,172,154,341,165,176,9,0,9,158,74,84,31,17,14
54163006,267,115,152,44,11,33,89,50,39,84,31,53,4,1,3,35,17,18,11,5,6
54163008,686,362,324,78,44,34,198,131,67,222,93,129,5,2,3,159,81,78,24,11,13
54163009,79,37,42,14,7,7,29,16,13,16,4,12,1,1,0,8,4,4,11,5,6
54163010,372,178,194,45,19,26,138,74,64,116,41,75,2,0,2,53,31,22,18,13,5
54163011,2250,1070,1180,215,82,133,765,440,325,788,326,462,27,11,16,385,180,205,70,31,39
54163012,511,231,280,141,54,87,150,73,77,130,57,73,1,0,1,61,33,28,28,14,14
54163013,280,141,139,26,6,20,104,64,40,94,46,48,5,1,4,43,22,21,8,2,6
54163014,2107,963,1144,254,74,180,606,331,275,800,343,457,22,6,16,343,177,166,82,32,50
54163015,2201,997,1204,257,89,168,663,346,317,832,370,462,34,11,23,345,151,194,70,30,40
54163016,2014,925,1089,218,89,129,571,292,279,775,340,435,30,11,19,344,157,187,76,36,40
54163018,433,209,224,59,21,38,133,77,56,150,75,75,5,0,5,69,26,43,17,10,7
54163019,902,424,478,106,46,60,275,140,135,311,141,170,9,0,9,177,80,97,24,17,7
54163020,1856,843,1013,254,95,159,605,323,282,639,272,367,29,7,22,263,113,150,66,33,33
54163021,341,155,186,133,61,72,70,28,42,58,29,29,5,2,3,35,17,18,40,18,22
54163022,142,106,36,51,40,11,21,15,6,36,26,10,5,3,2,14,9,5,15,13,2
54163023,140,68,72,14,6,8,30,17,13,45,25,20,1,1,0,47,19,28,3,0,3
54163024,825,404,421,98,46,52,229,123,106,283,131,152,15,8,7,171,81,90,29,15,14
54163026,384,182,202,58,24,34,97,53,44,121,52,69,8,3,5,76,38,38,24,12,12
54163027,58,32,26,10,4,6,19,14,5,22,10,12,0,0,0,3,1,2,4,3,1
54163028,1900,993,907,265,114,151,511,320,191,516,221,295,23,10,13,275,113,162,310,215,95
54163029,581,255,326,67,23,44,146,78,68,211,85,126,14,0,14,130,60,70,13,9,4
54523601,419,210,209,47,18,29,159,94,65,135,67,68,2,0,2,62,26,36,14,5,9
54523602,1965,990,975,266,120,146,617,365,252,654,285,369,26,9,17,330,164,166,72,47,25
54523603,49,22,27,8,3,5,10,7,3,17,4,13,1,1,0,12,6,6,1,1,0
54524401,423,199,224,47,7,40,178,105,73,128,58,70,4,0,4,46,19,27,20,10,10
54524403,28,11,17,2,0,2,12,7,5,11,3,8,0,0,0,0,0,0,3,1,2
54525201,60,30,30,8,3,5,23,16,7,21,8,13,0,0,0,7,2,5,1,1,0
54525202,88,47,41,10,2,8,34,24,10,28,14,14,1,0,1,13,6,7,2,1,1
54525203,648,325,323,83,35,48,261,152,109,203,90,113,6,1,5,72,34,38,23,13,10
54525204,3626,1804,1822,457,177,280,1321,744,577,1147,546,601,44,15,29,485,223,262,172,99,73
58831801,269,134,135,34,12,22,97,63,34,82,32,50,7,3,4,40,18,22,9,6,3
58507601,553,272,281,83,32,51,235,140,95,151,59,92,3,0,3,49,20,29,32,21,11
55710201,311,159,152,40,17,23,121,66,55,99,52,47,3,1,2,35,14,21,13,9,4
58509201,628,313,315,89,30,59,273,167,106,150,66,84,6,1,5,94,37,57,16,12,4
58510601,37,20,17,9,7,2,9,4,5,9,5,4,0,0,0,8,3,5,2,1,1
58510602,517,262,255,86,28,58,191,123,68,166,76,90,3,0,3,55,25,30,16,10,6
58510603,76,41,35,11,4,7,26,16,10,28,18,10,1,0,1,7,2,5,3,1,2
3136450,0,0,0,0,0,0,0,0,0,0,0,0,0,0,0,0,0,0,0,0,0
58511402,26,14,12,6,4,2,13,7,6,4,1,3,0,0,0,2,2,0,1,0,1
58511403,937,473,464,150,45,105,382,236,146,257,122,135,5,2,3,100,41,59,43,27,16
58511404,547,279,268,78,23,55,223,135,88,156,83,73,6,0,6,59,24,35,25,14,11
58511405,69,35,34,14,5,9,28,17,11,15,6,9,0,0,0,5,3,2,7,4,3
58511406,141,71,70,11,3,8,63,36,27,36,12,24,0,0,0,11,6,5,20,14,6
58511407,239,130,109,28,10,18,103,63,40,63,35,28,6,1,5,28,13,15,11,8,3
58511408,1134,549,585,123,48,75,433,242,191,345,154,191,13,5,8,158,66,92,62,34,28
58511409,58,33,25,9,3,6,24,17,7,19,10,9,0,0,0,5,3,2,1,0,1
58511410,440,220,220,51,13,38,175,105,70,133,69,64,9,2,7,60,26,34,12,5,7
58511411,794,388,406,101,40,61,277,153,124,233,103,130,12,5,7,90,36,54,81,51,30
53874401,992,484,508,142,45,97,320,202,118,320,133,187,19,10,9,164,81,83,27,13,14
53874402,74,41,33,15,8,7,26,17,9,20,10,10,0,0,0,9,3,6,4,3,1
53874403,28,16,12,5,4,1,11,5,6,6,3,3,0,0,0,5,3,2,1,1,0
3411420,0,0,0,0,0,0,0,0,0,0,0,0,0,0,0,0,0,0,0,0,0
58513101,404,196,208,59,19,40,160,101,59,124,47,77,4,1,3,41,18,23,16,10,6
58514901,582,298,284,111,31,80,205,128,77,125,54,71,4,1,3,81,35,46,56,49,7
58514902,23,13,10,3,1,2,4,2,2,11,5,6,0,0,0,1,1,0,4,4,0
58515701,162,80,82,27,11,16,65,40,25,48,18,30,2,0,2,16,8,8,4,3,1
58516501,201,99,102,41,12,29,75,44,31,60,32,28,1,0,1,17,5,12,7,6,1
58517301,522,258,264,75,22,53,210,125,85,148,72,76,9,2,7,67,29,38,13,8,5
58518101,460,233,227,62,25,37,178,109,69,118,55,63,9,1,8,64,24,40,29,19,10
58519001,331,177,154,50,17,33,119,75,44,97,50,47,2,0,2,34,15,19,29,20,9
58520301,291,155,136,38,14,24,121,75,46,80,42,38,2,0,2,40,17,23,10,7,3
58521101,30,14,16,4,2,2,11,5,6,10,5,5,0,0,0,4,2,2,1,0,1
58521103,271,144,127,31,17,14,85,50,35,106,50,56,3,1,2,39,20,19,7,6,1
58521105,86,42,44,5,2,3,44,29,15,24,7,17,1,1,0,10,2,8,2,1,1
58521106,52,28,24,7,3,4,16,12,4,11,5,6,1,0,1,16,7,9,1,1,0
58521107,1240,603,637,203,75,128,389,216,173,369,176,193,18,3,15,202,100,102,59,33,26
58521108,1119,549,570,118,42,76,344,204,140,382,172,210,13,2,11,226,114,112,36,15,21
58521109,61,29,32,1,0,1,16,10,6,27,13,14,0,0,0,16,6,10,1,0,1
58521110,220,116,104,29,9,20,73,50,23,68,33,35,3,1,2,40,19,21,7,4,3
58522001,68,32,36,9,3,6,22,10,12,21,11,10,0,0,0,9,3,6,7,5,2
58522002,474,239,235,83,28,55,172,107,65,136,73,63,7,2,5,50,16,34,26,13,13
58522003,867,442,425,138,50,88,363,217,146,216,99,117,7,2,5,96,45,51,47,29,18
58522004,89,51,38,12,5,7,34,22,12,29,17,12,1,1,0,12,6,6,1,0,1
58522005,48,26,22,7,4,3,24,13,11,13,7,6,0,0,0,4,2,2,0,0,0
58523801,70,38,32,4,2,2,36,20,16,16,10,6,0,0,0,11,4,7,3,2,1
58524601,454,229,225,72,26,46,164,100,64,117,54,63,14,5,9,72,38,34,15,6,9
58525401,215,117,98,34,13,21,84,57,27,60,28,32,5,2,3,25,12,13,7,5,2
58525402,193,102,91,18,7,11,87,52,35,50,28,22,6,2,4,24,12,12,8,1,7
58526201,19,8,11,6,3,3,6,2,4,4,2,2,0,0,0,0,0,0,3,1,2
58526202,377,191,186,74,24,50,144,93,51,100,44,56,0,0,0,35,16,19,24,14,10
58527101,450,222,228,78,20,58,184,119,65,117,57,60,4,0,4,55,18,37,12,8,4
58528901,1061,531,530,124,38,86,379,248,131,343,147,196,13,3,10,164,72,92,38,23,15
58530101,750,380,370,96,34,62,299,189,110,214,102,112,11,2,9,97,34,63,33,19,14
58531901,213,113,100,21,5,16,101,62,39,51,25,26,4,2,2,27,12,15,9,7,2
58532701,223,110,113,38,11,27,87,52,35,61,33,28,4,0,4,24,8,16,9,6,3
58705201,200,101,99,32,14,18,78,51,27,48,15,33,0,0,0,36,18,18,6,3,3
58534301,732,359,373,95,32,63,293,175,118,227,96,131,7,0,7,89,44,45,21,12,9
59225101,132,68,64,19,5,14,58,37,21,35,15,20,1,1,0,13,6,7,6,4,2
54943601,257,129,128,34,5,29,117,73,44,72,34,38,5,0,5,21,10,11,8,7,1
58696001,141,69,72,15,6,9,52,27,25,45,26,19,3,1,2,16,5,11,10,4,6
57343401,718,363,355,114,42,72,270,170,100,201,94,107,3,0,3,105,38,67,25,19,6
54955001,202,99,103,30,12,18,83,51,32,59,21,38,3,0,3,18,9,9,9,6,3
54962201,671,331,340,101,45,56,203,121,82,227,106,121,15,1,14,101,45,56,24,13,11
54962203,27,13,14,2,2,0,8,4,4,8,5,3,1,0,1,7,2,5,1,0,1
58687101,280,148,132,47,19,28,122,78,44,68,29,39,5,1,4,26,11,15,12,10,2
1984550,0,0,0,0,0,0,0,0,0,0,0,0,0,0,0,0,0,0,0,0,0
58543201,441,196,245,113,23,90,150,91,59,118,53,65,4,2,2,43,20,23,13,7,6
58544101,528,261,267,84,24,60,206,128,78,134,59,75,3,1,2,82,38,44,19,11,8
58544102,52,28,24,14,7,7,22,13,9,9,4,5,0,0,0,7,4,3,0,0,0
58545901,166,86,80,26,11,15,68,41,27,51,27,24,3,0,3,13,5,8,5,2,3
58545902,3589,1672,1917,372,120,252,1094,581,513,1209,532,677,54,18,36,684,327,357,176,94,82
58545903,221,118,103,25,6,19,109,73,36,58,26,32,3,0,3,23,12,11,3,1,2
58545904,187,98,89,29,9,20,78,51,27,44,20,24,2,1,1,31,16,15,3,1,2
58546701,1471,677,794,201,55,146,461,256,205,462,209,253,17,5,12,283,125,158,47,27,20
55714501,374,191,183,33,14,19,116,73,43,130,59,71,3,2,1,71,28,43,21,15,6
58548301,265,128,137,44,13,31,110,67,43,83,35,48,2,1,1,21,8,13,5,4,1
58548302,80,38,42,11,2,9,29,17,12,21,10,11,1,1,0,8,4,4,10,4,6
58549101,512,244,268,77,18,59,205,124,81,141,64,77,9,2,7,68,29,39,12,7,5
58550501,550,281,269,82,24,58,182,115,67,167,81,86,8,3,5,85,40,45,26,18,8
58551304,752,382,370,102,37,65,223,120,103,219,105,114,14,4,10,108,53,55,86,63,23
58551305,73,36,37,12,2,10,27,17,10,22,10,12,0,0,0,11,6,5,1,1,0
58551306,59,33,26,12,7,5,25,13,12,12,6,6,1,1,0,4,3,1,5,3,2
58551308,1705,808,897,240,82,158,690,378,312,505,223,282,17,5,12,183,71,112,70,49,21
58551309,18,11,7,1,0,1,6,4,2,6,4,2,2,1,1,1,0,1,2,2,0
58551310,126,64,62,22,8,14,56,34,22,27,14,13,1,0,1,14,5,9,6,3,3
58551311,33,21,12,3,2,1,22,16,6,4,1,3,0,0,0,3,1,2,1,1,0
58551313,164,78,86,25,5,20,63,41,22,51,19,32,0,0,0,17,9,8,8,4,4
58551314,451,220,231,82,31,51,127,78,49,147,62,85,7,4,3,76,37,39,12,8,4
58551315,40,20,20,3,1,2,11,8,3,16,5,11,1,0,1,8,5,3,1,1,0
58551316,354,179,175,58,25,33,141,79,62,108,52,56,1,0,1,38,21,17,8,2,6
58551317,919,423,496,147,51,96,293,154,139,279,126,153,12,3,9,163,71,92,25,18,7
58551318,1265,616,649,139,64,75,366,204,162,456,199,257,26,11,15,239,117,122,39,21,18
58552101,560,275,285,108,35,73,226,142,84,144,63,81,7,0,7,61,27,34,14,8,6
58553001,1078,556,522,209,63,146,448,309,139,286,121,165,9,2,7,73,28,45,53,33,20
58554801,445,236,209,89,34,55,190,123,67,98,47,51,3,1,2,34,14,20,31,17,14
58554802,99,56,43,18,10,8,45,28,17,22,13,9,2,1,1,4,1,3,8,3,5
58555601,385,185,200,70,29,41,153,85,68,103,43,60,3,0,3,36,16,20,20,12,8
54944401,323,163,160,59,20,39,127,82,45,93,38,55,2,0,2,26,15,11,16,8,8
55717001,341,176,165,49,19,30,140,83,57,82,35,47,7,1,6,43,22,21,20,16,4
1167930,0,0,0,0,0,0,0,0,0,0,0,0,0,0,0,0,0,0,0,0,0
1168070,0,0,0,0,0,0,0,0,0,0,0,0,0,0,0,0,0,0,0,0,0
1168150,0,0,0,0,0,0,0,0,0,0,0,0,0,0,0,0,0,0,0,0,0
3412230,0,0,0,0,0,0,0,0,0,0,0,0,0,0,0,0,0,0,0,0,0
58559901,802,397,405,93,28,65,222,129,93,282,132,150,14,3,11,166,95,71,25,10,15
58559903,3324,1532,1792,505,186,319,1244,631,613,987,426,561,43,13,30,375,187,188,170,89,81
58559904,650,338,312,129,66,63,262,154,108,164,76,88,6,1,5,72,32,40,17,9,8
58559905,70,32,38,11,6,5,26,11,15,25,10,15,2,1,1,4,3,1,2,1,1
58559908,31,21,10,27,17,10,0,0,0,0,0,0,1,1,0,0,0,0,3,3,0
58559909,4091,1974,2117,684,295,389,1413,750,663,1203,544,659,47,15,32,534,258,276,210,112,98
58559910,47,36,11,5,2,3,18,14,4,11,9,2,2,2,0,2,1,1,9,8,1
58559912,2054,981,1073,320,129,191,770,421,349,607,272,335,20,2,18,245,106,139,92,51,41
58559913,734,358,376,71,29,42,212,106,106,260,127,133,5,2,3,174,88,86,12,6,6
58559914,3029,1521,1508,409,155,254,1054,605,449,904,401,503,36,15,21,379,173,206,247,172,75
58559915,28,13,15,4,0,4,9,6,3,10,5,5,0,0,0,5,2,3,0,0,0
55687401,256,124,132,25,10,15,108,61,47,73,29,44,4,1,3,40,19,21,6,4,2
53481101,167,83,84,23,6,17,76,47,29,42,20,22,1,0,1,21,8,13,4,2,2
58561101,272,144,128,37,12,25,105,66,39,87,44,43,5,1,4,20,9,11,18,12,6
54946101,718,344,374,101,32,69,290,158,132,196,90,106,8,2,6,94,45,49,29,17,12
54953301,594,313,281,84,33,51,226,142,84,199,97,102,12,3,9,50,23,27,23,15,8
54940101,1005,493,512,120,50,70,328,182,146,317,135,182,5,1,4,194,102,92,41,23,18
54940102,65,33,32,5,1,4,20,13,7,19,9,10,0,0,0,16,7,9,5,3,2
58566101,47,22,25,8,3,5,19,10,9,11,5,6,2,1,1,7,3,4,0,0,0
58566102,603,301,302,100,37,63,236,149,87,155,59,96,8,3,5,74,37,37,30,16,14
58567001,667,340,327,110,41,69,232,152,80,193,83,110,3,1,2,108,52,56,21,11,10
55698001,45,24,21,12,5,7,21,15,6,7,2,5,3,1,2,0,0,0,2,1,1
55698002,436,225,211,63,23,40,203,118,85,99,56,43,8,3,5,44,17,27,19,8,11
58691901,207,110,97,31,10,21,94,53,41,58,32,26,1,1,0,16,9,7,7,5,2
58572601,627,312,315,98,30,68,217,136,81,177,86,91,8,1,7,104,47,57,23,12,11
58573401,547,265,282,99,29,70,243,144,99,121,54,67,4,2,2,60,22,38,20,14,6
3138580,0,0,0,0,0,0,0,0,0,0,0,0,0,0,0,0,0,0,0,0,0
3138660,0,0,0,0,0,0,0,0,0,0,0,0,0,0,0,0,0,0,0,0,0
3411510,0,0,0,0,0,0,0,0,0,0,0,0,0,0,0,0,0,0,0,0,0
58575101,386,198,188,32,12,20,156,93,63,129,67,62,3,0,3,58,21,37,8,5,3
58575103,252,127,125,38,14,24,106,61,45,76,37,39,7,0,7,20,12,8,5,3,2
58575104,144,58,86,27,4,23,58,22,36,37,18,19,2,0,2,16,11,5,4,3,1
58575105,496,246,250,58,20,38,215,123,92,145,67,78,5,1,4,60,27,33,13,8,5
58575106,649,316,333,66,25,41,221,121,100,218,105,113,8,2,6,113,51,62,23,12,11
58575107,1447,696,751,165,61,104,451,243,208,521,240,281,24,10,14,227,110,117,59,32,27
58575109,913,438,475,126,44,82,273,150,123,305,146,159,8,3,5,183,87,96,18,8,10
58575110,890,429,461,110,39,71,338,185,153,284,133,151,13,4,9,102,41,61,43,27,16
58576901,452,217,235,82,29,53,168,94,74,114,59,55,9,2,7,65,29,36,14,4,10
58577701,2371,1155,1216,295,117,178,821,498,323,719,290,429,18,4,14,343,158,185,175,88,87
58579301,1392,693,699,218,86,132,573,349,224,398,165,233,13,2,11,141,58,83,49,33,16
58580701,369,192,177,51,11,40,170,107,63,95,50,45,2,1,1,26,7,19,25,16,9
58581501,211,100,111,31,4,27,70,40,30,66,34,32,3,0,3,32,17,15,9,5,4
58583101,380,186,194,64,19,45,140,84,56,122,63,59,4,0,4,40,13,27,10,7,3
58583102,1281,643,638,203,71,132,508,296,212,325,161,164,9,5,4,162,70,92,74,40,34
58583103,36,19,17,6,0,6,18,10,8,3,3,0,1,1,0,2,1,1,6,4,2
58583105,26,13,13,5,2,3,7,4,3,4,2,2,0,0,0,3,1,2,7,4,3
54493101,402,210,192,62,15,47,186,117,69,94,54,40,2,0,2,33,9,24,25,15,10
54964901,1106,567,539,137,50,87,387,228,159,328,164,164,14,5,9,175,77,98,65,43,22
53518401,18,9,9,1,0,1,11,6,5,3,2,1,0,0,0,2,0,2,1,1,0
53518402,231,121,110,51,24,27,95,53,42,45,23,22,1,0,1,27,15,12,12,6,6
58585801,1876,952,924,305,139,166,718,431,287,516,220,296,18,7,11,206,84,122,113,71,42
58585802,110,67,43,14,8,6,48,35,13,33,18,15,0,0,0,9,3,6,6,3,3
58586601,946,480,466,181,57,124,404,253,151,204,100,104,8,2,6,72,24,48,77,44,33
58587401,224,112,112,29,12,17,84,51,33,61,27,34,4,1,3,37,14,23,9,7,2
58588201,952,468,484,129,37,92,384,225,159,282,128,154,8,3,5,118,55,63,31,20,11
58589101,190,99,91,19,10,9,87,55,32,50,21,29,2,0,2,23,9,14,9,4,5
58589102,237,120,117,40,15,25,98,54,44,73,41,32,4,0,4,18,9,9,4,1,3
58589103,75,38,37,14,6,8,30,17,13,14,7,7,2,1,1,10,4,6,5,3,2
58589104,721,342,379,92,38,54,248,136,112,233,110,123,6,2,4,100,36,64,42,20,22
58589105,23,13,10,6,2,4,1,1,0,7,2,5,0,0,0,3,2,1,6,6,0
58589107,1105,541,564,138,49,89,343,195,148,333,160,173,10,4,6,211,88,123,70,45,25
58589109,1357,637,720,197,66,131,454,266,188,444,189,255,14,3,11,197,90,107,51,23,28
58589110,245,118,127,30,7,23,84,55,29,81,32,49,1,1,0,45,19,26,4,4,0
54511201,249,127,122,23,7,16,78,50,28,89,40,49,5,0,5,32,16,16,22,14,8
58591201,593,287,306,83,25,58,242,131,111,160,78,82,6,1,5,89,44,45,13,8,5
58592101,649,321,328,102,38,64,243,143,100,177,87,90,6,2,4,94,37,57,27,14,13
3411260,0,0,0,0,0,0,0,0,0,0,0,0,0,0,0,0,0,0,0,0,0
58593901,157,80,77,22,9,13,50,31,19,47,21,26,1,0,1,30,15,15,7,4,3
58593902,1131,518,613,135,51,84,392,202,190,331,146,185,9,1,8,196,90,106,68,28,40
58593903,981,479,502,124,53,71,326,199,127,292,132,160,10,5,5,192,72,120,37,18,19
58593904,41,21,20,2,0,2,19,11,8,8,5,3,1,0,1,9,4,5,2,1,1
58593905,583,287,296,82,37,45,146,92,54,197,83,114,8,2,6,136,67,69,14,6,8
58593906,29,15,14,5,2,3,6,4,2,14,7,7,0,0,0,4,2,2,0,0,0
58593907,118,54,64,9,3,6,25,15,10,46,22,24,2,1,1,30,11,19,6,2,4
58593908,68,37,31,9,4,5,30,21,9,15,9,6,2,0,2,9,3,6,3,0,3
58593909,903,444,459,96,37,59,294,172,122,296,127,169,12,6,6,141,58,83,64,44,20
58593911,39,19,20,6,1,5,12,9,3,10,3,7,1,1,0,8,3,5,2,2,0
58699401,168,85,83,27,9,18,84,50,34,28,14,14,2,0,2,15,6,9,12,6,6
58595501,877,430,447,129,44,85,352,199,153,254,129,125,9,2,7,92,34,58,41,22,19
58595502,282,135,147,35,9,26,119,72,47,80,33,47,3,1,2,29,11,18,16,9,7
58596301,328,169,159,57,23,34,146,85,61,78,36,42,5,3,2,36,16,20,6,6,0
58597101,912,445,467,161,38,123,372,235,137,225,99,126,7,0,7,109,50,59,38,23,15
58598001,671,340,331,96,27,69,292,178,114,152,75,77,7,3,4,68,22,46,56,35,21
58599801,171,88,83,29,11,18,72,44,28,45,22,23,1,0,1,16,6,10,8,5,3
58599802,870,449,421,93,32,61,320,211,109,251,101,150,13,4,9,158,78,80,35,23,12
58599803,67,35,32,5,2,3,31,22,9,17,6,11,0,0,0,10,3,7,4,2,2
58599804,75,38,37,6,1,5,29,20,9,21,6,15,0,0,0,13,6,7,6,5,1
0359390,0,0,0,0,0,0,0,0,0,0,0,0,0,0,0,0,0,0,0,0,0
0360640,0,0,0,0,0,0,0,0,0,0,0,0,0,0,0,0,0,0,0,0,0
0360720,0,0,0,0,0,0,0,0,0,0,0,0,0,0,0,0,0,0,0,0,0
0361290,0,0,0,0,0,0,0,0,0,0,0,0,0,0,0,0,0,0,0,0,0
3318560,0,0,0,0,0,0,0,0,0,0,0,0,0,0,0,0,0,0,0,0,0
58506802,480,217,263,51,13,38,120,62,58,189,83,106,7,4,3,97,50,47,16,5,11
58506803,520,260,260,45,22,23,116,63,53,161,78,83,13,6,7,167,82,85,18,9,9
58506804,637,332,305,59,28,31,145,83,62,228,122,106,8,2,6,181,90,91,16,7,9
58506805,733,321,412,72,25,47,189,87,102,259,110,149,10,5,5,162,80,82,41,14,27
58506806,37,17,20,6,1,5,7,4,3,13,6,7,3,1,2,8,5,3,0,0,0
58506807,37,18,19,5,0,5,14,7,7,9,6,3,0,0,0,7,4,3,2,1,1
58506809,24,16,8,2,1,1,8,7,1,9,5,4,0,0,0,3,1,2,2,2,0
58506810,66,34,32,14,4,10,18,12,6,15,8,7,1,0,1,14,8,6,4,2,2
58506811,591,283,308,78,35,43,191,109,82,177,75,102,10,1,9,121,55,66,14,8,6
58506812,308,151,157,34,16,18,55,28,27,108,47,61,4,3,1,95,50,45,12,7,5
58506813,1345,667,678,180,88,92,282,162,120,441,209,232,17,6,11,399,192,207,26,10,16
58506814,119,63,56,18,9,9,41,26,15,37,16,21,0,0,0,22,11,11,1,1,0
58506815,201,98,103,23,7,16,73,39,34,67,31,36,3,2,1,30,16,14,5,3,2
58506816,110,53,57,17,5,12,35,20,15,30,13,17,1,0,1,24,13,11,3,2,1
58506817,209,98,111,34,15,19,61,36,25,69,30,39,1,0,1,38,14,24,6,3,3
58506818,645,313,332,87,36,51,231,126,105,204,92,112,5,1,4,100,46,54,18,12,6
58506820,19,12,7,2,2,0,6,4,2,5,2,3,0,0,0,6,4,2,0,0,0
58506821,884,416,468,106,36,70,205,119,86,321,142,179,19,7,12,208,100,108,25,12,13
58506822,42,20,22,4,0,4,6,4,2,15,10,5,1,0,1,16,6,10,0,0,0
58506823,1899,867,1032,185,73,112,527,281,246,702,282,420,29,13,16,397,189,208,59,29,30
58506825,54,26,28,10,5,5,18,10,8,19,8,11,0,0,0,4,3,1,3,0,3
58506826,41,22,19,2,1,1,8,4,4,7,6,1,0,0,0,22,9,13,2,2,0
58506827,1018,483,535,114,42,72,269,143,126,363,164,199,17,5,12,233,116,117,22,13,9
58506828,965,466,499,118,48,70,223,130,93,312,128,184,7,3,4,290,150,140,15,7,8
58506829,275,128,147,42,13,29,96,56,40,67,29,38,8,1,7,46,24,22,16,5,11
58506831,1585,764,821,185,76,109,380,212,168,506,214,292,22,5,17,443,232,211,49,25,24
58506832,1478,711,767,182,67,115,435,254,181,448,198,250,22,7,15,351,167,184,40,18,22
58506834,161,81,80,29,10,19,59,40,19,47,16,31,2,1,1,21,12,9,3,2,1
58506835,506,260,246,65,28,37,168,104,64,161,81,80,9,1,8,90,39,51,13,7,6
58506837,526,252,274,75,22,53,157,99,58,182,81,101,6,0,6,92,43,49,14,7,7
58506838,34,21,13,2,2,0,13,10,3,11,5,6,0,0,0,5,3,2,3,1,2
58506840,1261,639,622,173,85,88,320,186,134,402,167,235,14,9,5,321,173,148,31,19,12
58506841,3452,1547,1905,466,163,303,1113,547,566,1113,484,629,57,22,35,589,271,318,114,60,54
58506842,131,65,66,17,4,13,40,22,18,36,17,19,5,3,2,29,16,13,4,3,1
58506843,1292,649,643,152,79,73,340,198,142,449,197,252,17,3,14,282,141,141,52,31,21
58506844,24,16,8,5,4,1,13,9,4,4,2,2,0,0,0,1,1,0,1,0,1
58506845,355,180,175,25,8,17,90,60,30,122,58,64,7,1,6,101,48,53,10,5,5
58506847,89,39,50,8,3,5,16,7,9,30,12,18,2,1,1,30,15,15,3,1,2
58506848,990,454,536,80,35,45,207,108,99,362,142,220,10,4,6,302,150,152,29,15,14
58506850,208,101,107,18,8,10,41,22,19,78,36,42,2,0,2,58,30,28,11,5,6
58506851,2453,1094,1359,287,108,179,663,338,325,826,345,481,41,19,22,519,227,292,117,57,60
58506852,884,382,502,92,30,62,235,116,119,279,121,158,19,8,11,227,93,134,32,14,18
58506853,9929,4679,5250,1055,445,610,2662,1411,1251,3367,1471,1896,150,50,100,2368,1142,1226,327,160,167
58506854,34,18,16,2,2,0,8,5,3,15,8,7,3,0,3,5,2,3,1,1,0
58506855,1036,495,541,104,42,62,214,110,104,326,153,173,20,4,16,346,172,174,26,14,12
58506856,1637,720,917,221,64,157,338,177,161,574,235,339,22,7,15,430,214,216,52,23,29
58506857,3118,1511,1607,346,150,196,724,401,323,1077,481,596,54,16,38,786,391,395,131,72,59
58506858,2991,1668,1323,334,163,171,713,412,301,800,373,427,34,14,20,472,228,244,638,478,160
58506859,1178,567,611,96,42,54,282,152,130,426,182,244,21,7,14,304,160,144,49,24,25
58506860,444,214,230,59,21,38,118,71,47,134,62,72,9,2,7,97,45,52,27,13,14
58506861,25,14,11,4,4,0,8,4,4,6,2,4,1,0,1,6,4,2,0,0,0
58506862,97,66,31,5,5,0,15,13,2,37,26,11,2,0,2,35,20,15,3,2,1
58506863,1098,510,588,139,44,95,248,120,128,330,135,195,23,12,11,296,166,130,62,33,29
58506864,364,179,185,42,23,19,63,32,31,98,38,60,5,1,4,147,80,67,9,5,4
58506865,1334,612,722,131,53,78,350,187,163,451,175,276,14,3,11,336,164,172,52,30,22
58506866,1651,742,909,201,71,130,453,236,217,578,227,351,19,8,11,344,168,176,56,32,24
58506867,2470,1215,1255,354,173,181,777,431,346,740,315,425,37,15,22,491,242,249,71,39,32
58506868,1885,856,1029,206,73,133,457,242,215,653,284,369,30,9,21,446,190,256,93,58,35
58506869,5979,2738,3241,725,292,433,1724,884,840,1958,805,1153,82,32,50,1200,581,619,290,144,146
58506870,974,467,507,132,56,76,254,137,117,348,158,190,16,3,13,199,98,101,25,15,10
50001101,378,193,185,63,33,30,122,76,46,105,46,59,4,1,3,69,30,39,15,7,8
50001102,1199,589,610,143,55,88,418,240,178,384,178,206,20,7,13,190,86,104,44,23,21
58601301,114,60,54,12,7,5,33,16,17,47,25,22,0,0,0,18,10,8,4,2,2
58601302,821,405,416,108,29,79,302,184,118,271,125,146,9,2,7,105,50,55,26,15,11
55192901,301,151,150,50,15,35,121,79,42,76,31,45,1,0,1,32,16,16,21,10,11
59719801,172,91,81,43,18,25,89,56,33,29,9,20,3,2,1,2,1,1,6,5,1
59719802,20,12,8,3,2,1,6,4,2,6,3,3,0,0,0,4,2,2,1,1,0
0066450,0,0,0,0,0,0,0,0,0,0,0,0,0,0,0,0,0,0,0,0,0
59720101,197,105,92,24,8,16,87,51,36,38,16,22,1,0,1,16,7,9,31,23,8
59720103,28,15,13,7,4,3,13,6,7,4,3,1,0,0,0,2,1,1,2,1,1
59720105,83,45,38,19,5,14,34,23,11,16,6,10,0,0,0,3,3,0,11,8,3
59721001,935,470,465,112,45,67,333,202,131,311,147,164,18,3,15,105,35,70,56,38,18
59721002,183,84,99,41,13,28,58,37,21,53,22,31,0,0,0,24,10,14,7,2,5
0132260,0,0,0,0,0,0,0,0,0,0,0,0,0,0,0,0,0,0,0,0,0
59718002,28,14,14,5,2,3,3,2,1,11,5,6,0,0,0,8,4,4,1,1,0
59718003,489,239,250,111,52,59,142,83,59,142,55,87,3,1,2,47,22,25,44,26,18
59718004,622,323,299,214,95,119,138,88,50,32,15,17,2,1,1,15,7,8,221,117,104
59718005,270,118,152,45,13,32,95,53,42,86,34,52,6,4,2,24,9,15,14,5,9
59718006,18,14,4,3,2,1,7,5,2,3,3,0,0,0,0,0,0,0,5,4,1
59718007,2566,1241,1325,373,156,217,923,503,420,674,256,418,23,6,17,247,102,145,326,218,108
59718008,517,211,306,127,32,95,158,81,77,139,49,90,4,1,3,64,35,29,25,13,12
59718009,1584,756,828,226,78,148,495,292,203,520,229,291,17,4,13,250,116,134,76,37,39
59718010,2150,963,1187,358,146,212,798,421,377,626,237,389,15,4,11,231,93,138,122,62,60
59718012,257,134,123,38,19,19,72,42,30,90,45,45,2,2,0,44,20,24,11,6,5
59718013,3027,1401,1626,437,162,275,1162,648,514,893,339,554,28,6,22,346,154,192,161,92,69
59718014,1042,511,531,122,53,69,331,195,136,336,144,192,9,1,8,198,92,106,46,26,20
59722801,25,14,11,3,2,1,9,4,5,8,6,2,0,0,0,5,2,3,0,0,0
59722802,2292,1140,1152,399,134,265,963,558,405,557,238,319,9,4,5,168,80,88,196,126,70
59722803,101,47,54,26,8,18,46,24,22,20,11,9,0,0,0,1,0,1,8,4,4
59722804,25,8,17,8,2,6,8,3,5,5,3,2,0,0,0,2,0,2,2,0,2
56960701,107,53,54,23,8,15,43,29,14,27,10,17,0,0,0,9,2,7,5,4,1
56960702,31,16,15,2,0,2,10,4,6,13,7,6,0,0,0,5,4,1,1,1,0
55200301,245,121,124,46,19,27,97,59,38,68,25,43,0,0,0,26,14,12,8,4,4
59725201,347,181,166,78,33,45,155,92,63,70,31,39,0,0,0,26,14,12,18,11,7
55186401,162,87,75,36,14,22,68,41,27,31,15,16,0,0,0,5,2,3,22,15,7
55186403,52,21,31,13,2,11,16,8,8,11,4,7,1,0,1,2,2,0,9,5,4
55170801,70,34,36,7,2,5,32,19,13,18,6,12,1,0,1,12,7,5,0,0,0
59728701,207,93,114,31,10,21,84,38,46,53,26,27,1,1,0,21,6,15,17,12,5
59728702,133,74,59,39,20,19,49,30,19,24,13,11,1,0,1,11,5,6,9,6,3
59731701,1034,494,540,239,85,154,416,233,183,226,91,135,4,2,2,61,31,30,88,52,36
59732501,250,123,127,47,18,29,109,63,46,59,21,38,2,0,2,24,15,9,9,6,3
55187201,125,59,66,41,14,27,43,27,16,17,4,13,0,0,0,1,1,0,23,13,10
55187202,19,9,10,5,1,4,9,5,4,0,0,0,0,0,0,0,0,0,5,3,2
59734102,114,60,54,14,4,10,47,27,20,40,20,20,1,1,0,9,6,3,3,2,1
59734103,272,149,123,40,16,24,112,72,40,66,28,38,1,1,0,18,9,9,35,23,12
59734104,36,23,13,7,3,4,5,4,1,11,7,4,1,1,0,7,4,3,5,4,1
59734105,55,28,27,7,1,6,23,14,9,16,10,6,0,0,0,7,1,6,2,2,0
59734107,87,47,40,15,6,9,33,21,12,27,13,14,0,0,0,7,4,3,5,3,2
59735001,1556,762,794,286,109,177,630,354,276,382,171,211,7,3,4,123,48,75,128,77,51
59735002,246,131,115,48,20,28,106,65,41,51,25,26,2,0,2,19,8,11,20,13,7
59736801,36,19,17,5,1,4,14,10,4,9,3,6,0,0,0,8,5,3,0,0,0
59736802,448,223,225,81,28,53,209,119,90,88,37,51,1,1,0,19,6,13,50,32,18
59736803,45,24,21,6,1,5,21,14,7,8,3,5,0,0,0,7,5,2,3,1,2
59736804,31,12,19,5,1,4,11,8,3,8,1,7,0,0,0,7,2,5,0,0,0
59736805,90,46,44,22,11,11,41,24,17,15,7,8,0,0,0,5,1,4,7,3,4
55180501,272,137,135,55,20,35,100,60,40,72,34,38,0,0,0,24,13,11,21,10,11
59739201,265,145,120,42,15,27,116,73,43,60,28,32,2,2,0,17,9,8,28,18,10
59739202,24,12,12,1,0,1,7,7,0,10,3,7,0,0,0,6,2,4,0,0,0
59739203,57,31,26,4,0,4,20,16,4,18,7,11,0,0,0,11,6,5,4,2,2
59739204,150,75,75,16,8,8,62,36,26,47,22,25,6,2,4,13,4,9,6,3,3
59743101,235,125,110,39,13,26,112,68,44,48,21,27,1,0,1,22,12,10,13,11,2
59744901,48,22,26,10,4,6,16,7,9,11,6,5,0,0,0,9,4,5,2,1,1
59744902,933,469,464,192,76,116,405,235,170,223,100,123,4,1,3,45,18,27,64,39,25
59745701,121,64,57,36,17,19,34,20,14,18,8,10,0,0,0,2,1,1,31,18,13
59745702,34,17,17,5,3,2,8,4,4,14,6,8,0,0,0,6,4,2,1,0,1
59745703,27,16,11,3,2,1,7,6,1,13,4,9,0,0,0,2,2,0,2,2,0
59745704,40,22,18,3,0,3,11,6,5,14,11,3,0,0,0,10,4,6,2,1,1
59745705,36,20,16,9,5,4,7,5,2,13,6,7,0,0,0,4,1,3,3,3,0
59747301,120,61,59,17,10,7,25,14,11,49,23,26,2,1,1,21,9,12,6,4,2
0634010,0,0,0,0,0,0,0,0,0,0,0,0,0,0,0,0,0,0,0,0,0
59748101,132,65,67,16,8,8,52,28,24,40,20,20,1,0,1,14,5,9,9,4,5
59748102,582,303,279,106,39,67,212,134,78,179,78,101,2,0,2,47,28,19,36,24,12
59748103,104,49,55,14,7,7,38,19,19,36,17,19,1,0,1,9,3,6,6,3,3
59751101,291,147,144,56,22,34,118,69,49,67,30,37,0,0,0,28,13,15,22,13,9
3048830,0,0,0,0,0,0,0,0,0,0,0,0,0,0,0,0,0,0,0,0,0
3219150,0,0,0,0,0,0,0,0,0,0,0,0,0,0,0,0,0,0,0,0,0
3413040,0,0,0,0,0,0,0,0,0,0,0,0,0,0,0,0,0,0,0,0,0
59752001,246,121,125,34,11,23,89,50,39,86,48,38,1,0,1,28,9,19,8,3,5
59752002,224,111,113,38,17,21,81,46,35,68,28,40,2,0,2,16,9,7,19,11,8
59752003,58,32,26,6,2,4,27,17,10,18,10,8,0,0,0,4,1,3,3,2,1
59752004,1783,744,1039,265,85,180,576,284,292,593,222,371,13,5,8,230,103,127,106,45,61
59752005,190,89,101,41,18,23,62,33,29,51,23,28,3,1,2,24,8,16,9,6,3
59752006,198,99,99,19,6,13,55,37,18,75,31,44,3,1,2,42,23,19,4,1,3
59752007,475,232,243,42,15,27,152,94,58,198,81,117,6,3,3,69,35,34,8,4,4
59752008,1633,897,736,228,110,118,533,302,231,425,199,226,16,2,14,117,59,58,314,225,89
59752012,16,7,9,4,0,4,10,7,3,2,0,2,0,0,0,0,0,0,0,0,0
59752013,822,403,419,107,40,67,258,155,103,294,137,157,12,4,8,128,52,76,23,15,8
59752014,1192,571,621,163,75,88,365,207,158,408,176,232,11,3,8,189,88,101,56,22,34
59752016,1291,618,673,253,103,150,388,209,179,400,185,215,13,6,7,144,57,87,93,58,35
59752017,582,284,298,74,32,42,215,115,100,201,93,108,5,4,1,54,22,32,33,18,15
59752018,742,335,407,96,36,60,228,115,113,259,108,151,7,1,6,103,44,59,49,31,18
59752019,121,59,62,18,10,8,38,23,15,44,17,27,2,0,2,14,6,8,5,3,2
59752020,1477,677,800,207,65,142,483,254,229,502,230,272,15,6,9,203,94,109,67,28,39
59752021,1800,803,997,230,89,141,643,332,311,585,235,350,19,4,15,233,106,127,90,37,53
59752022,169,82,87,21,9,12,58,35,23,52,24,28,2,0,2,23,8,15,13,6,7
59752023,28,16,12,4,2,2,8,8,0,9,5,4,0,0,0,6,1,5,1,0,1
59752024,1397,639,758,237,91,146,532,290,242,431,179,252,16,6,10,113,34,79,68,39,29
59752025,64,30,34,9,2,7,16,13,3,25,12,13,3,1,2,11,2,9,0,0,0
59752026,114,68,46,40,24,16,45,27,18,24,14,10,1,1,0,2,1,1,2,1,1
59752027,149,71,78,22,10,12,47,26,21,57,30,27,1,0,1,21,5,16,1,0,1
59752029,269,140,129,35,22,13,58,34,24,93,38,55,1,0,1,76,43,33,6,3,3
59752030,882,431,451,146,65,81,273,162,111,279,115,164,6,1,5,129,61,68,49,27,22
59752031,1193,527,666,182,66,116,499,260,239,349,141,208,10,1,9,106,43,63,47,16,31
59752032,460,215,245,75,31,44,165,80,85,120,55,65,2,1,1,72,33,39,26,15,11
59752033,344,143,201,99,32,67,102,49,53,95,44,51,0,0,0,35,11,24,13,7,6
59752034,69,38,31,15,6,9,27,20,7,17,7,10,2,1,1,1,0,1,7,4,3
59752035,896,458,438,149,66,83,317,190,127,248,111,137,8,3,5,115,56,59,59,32,27
59753801,189,98,91,35,16,19,83,48,35,38,18,20,0,0,0,9,4,5,24,12,12
59754601,331,162,169,61,18,43,153,95,58,69,30,39,1,0,1,29,12,17,18,7,11
59755401,92,48,44,19,10,9,44,27,17,18,7,11,0,0,0,7,3,4,4,1,3
59755402,731,359,372,136,55,81,295,161,134,182,81,101,6,1,5,65,30,35,47,31,16
59757101,28,13,15,6,3,3,10,4,6,7,5,2,0,0,0,3,0,3,2,1,1
59757102,43,22,21,9,4,5,12,7,5,14,7,7,0,0,0,4,2,2,4,2,2
59757103,296,144,152,57,19,38,149,90,59,60,21,39,1,0,1,14,3,11,15,11,4
59758901,329,160,169,57,20,37,144,86,58,77,32,45,5,0,5,25,12,13,21,10,11
59758902,67,34,33,17,6,11,28,18,10,15,6,9,0,0,0,3,2,1,4,2,2
55199601,242,128,114,31,16,15,95,60,35,76,35,41,3,2,1,29,12,17,8,3,5
0902392,0,0,0,0,0,0,0,0,0,0,0,0,0,0,0,0,0,0,0,0,0
59760101,51,31,20,2,2,0,11,8,3,17,8,9,0,0,0,16,9,7,5,4,1
59760102,470,236,234,63,18,45,168,99,69,143,65,78,2,1,1,61,33,28,33,20,13
55190201,101,52,49,20,4,16,42,29,13,25,11,14,1,1,0,8,3,5,5,4,1
0933942,0,0,0,0,0,0,0,0,0,0,0,0,0,0,0,0,0,0,0,0,0
59763502,338,172,166,59,32,27,157,91,66,82,29,53,3,1,2,16,7,9,21,12,9
59763504,42,25,17,8,4,4,16,9,7,12,10,2,0,0,0,6,2,4,0,0,0
59763505,151,83,68,31,16,15,51,30,21,43,21,22,2,2,0,17,8,9,7,6,1
59763506,99,50,49,18,9,9,36,21,15,30,12,18,3,0,3,8,6,2,4,2,2
59763507,44,22,22,6,3,3,17,8,9,16,8,8,1,0,1,3,2,1,1,1,0
59763509,2144,1021,1123,385,160,225,744,430,314,625,249,376,16,2,14,227,95,132,147,85,62
59763510,30,14,16,4,1,3,7,3,4,8,5,3,0,0,0,11,5,6,0,0,0
59763512,73,30,43,18,5,13,23,10,13,17,8,9,0,0,0,7,4,3,8,3,5
55172401,321,170,151,41,16,25,130,81,49,82,38,44,5,3,2,45,21,24,18,11,7
56952601,97,55,42,15,8,7,41,28,13,31,15,16,0,0,0,5,1,4,5,3,2
56952602,202,109,93,38,17,21,82,52,30,46,22,24,1,0,1,17,5,12,18,13,5
55173201,102,52,50,17,8,9,32,19,13,38,19,19,1,1,0,13,5,8,1,0,1
55173202,369,192,177,65,31,34,150,94,56,96,33,63,3,1,2,32,17,15,23,16,7
54695001,50,24,26,5,3,2,5,4,1,23,9,14,1,0,1,15,7,8,1,1,0
56955101,77,40,37,18,7,11,36,21,15,12,5,7,0,0,0,1,1,0,10,6,4
56955102,191,97,94,26,9,17,76,46,30,47,20,27,1,1,0,26,12,14,15,9,6
56957701,350,184,166,40,16,24,148,97,51,100,36,64,4,1,3,37,19,18,21,15,6
1133100,0,0,0,0,0,0,0,0,0,0,0,0,0,0,0,0,0,0,0,0,0
59771601,783,387,396,195,90,105,266,149,117,146,55,91,6,2,4,34,15,19,136,76,60
55184801,99,52,47,11,3,8,42,25,17,28,15,13,0,0,0,13,5,8,5,4,1
59772401,414,221,193,84,34,50,175,115,60,79,29,50,4,3,1,34,14,20,38,26,12
59774101,167,88,79,18,7,11,71,47,24,46,21,25,1,0,1,26,10,16,5,3,2
55194501,32,20,12,4,3,1,8,4,4,12,8,4,0,0,0,3,1,2,5,4,1
55194502,270,134,136,62,26,36,106,63,43,63,25,38,2,1,1,26,13,13,11,6,5
59777501,21,8,13,2,0,2,6,2,4,6,4,2,0,0,0,3,1,2,4,1,3
59777503,105,51,54,31,12,19,47,29,18,13,5,8,2,1,1,6,2,4,6,2,4
1444870,0,0,0,0,0,0,0,0,0,0,0,0,0,0,0,0,0,0,0,0,0
3048910,0,0,0,0,0,0,0,0,0,0,0,0,0,0,0,0,0,0,0,0,0
3049130,0,0,0,0,0,0,0,0,0,0,0,0,0,0,0,0,0,0,0,0,0
3413550,0,0,0,0,0,0,0,0,0,0,0,0,0,0,0,0,0,0,0,0,0
59778301,31,14,17,4,0,4,8,7,1,9,4,5,1,1,0,6,1,5,3,1,2
59778302,287,153,134,43,21,22,106,66,40,84,43,41,5,1,4,42,19,23,7,3,4
59778303,18,9,9,1,1,0,4,2,2,10,5,5,0,0,0,3,1,2,0,0,0
59778304,391,189,202,58,21,37,164,94,70,118,49,69,5,0,5,26,12,14,20,13,7
59778305,120,60,60,17,7,10,56,33,23,26,9,17,6,3,3,9,3,6,6,5,1
59778307,153,79,74,34,18,16,71,42,29,28,11,17,1,0,1,14,4,10,5,4,1
59778308,114,52,62,32,11,21,37,24,13,29,12,17,0,0,0,7,2,5,9,3,6
59778309,53,31,22,7,3,4,19,14,5,21,9,12,0,0,0,3,2,1,3,3,0
59778310,17,11,6,6,3,3,6,4,2,3,2,1,0,0,0,1,1,0,1,1,0
59778311,1215,557,658,196,67,129,460,252,208,352,136,216,11,2,9,128,60,68,68,40,28
59778312,128,60,68,15,5,10,41,20,21,46,23,23,1,0,1,19,10,9,6,2,4
59778313,1155,556,599,194,81,113,464,267,197,313,123,190,8,1,7,119,46,73,57,38,19
59778314,925,465,460,169,78,91,400,229,171,234,97,137,9,3,6,68,32,36,45,26,19
59778315,690,324,366,96,34,62,245,131,114,230,95,135,11,4,7,83,47,36,25,13,12
59778317,184,92,92,27,11,16,79,46,33,42,13,29,4,2,2,28,16,12,4,4,0
59778318,23,12,11,9,3,6,9,6,3,2,1,1,0,0,0,0,0,0,3,2,1
59778319,1029,530,499,186,88,98,366,216,150,271,112,159,14,4,10,87,39,48,105,71,34
59779101,504,262,242,112,38,74,219,138,81,111,49,62,1,0,1,22,10,12,39,27,12
55188101,128,63,65,42,16,26,48,25,23,8,6,2,2,2,0,4,2,2,24,12,12
1505680,0,0,0,0,0,0,0,0,0,0,0,0,0,0,0,0,0,0,0,0,0
59781301,27,13,14,1,0,1,11,7,4,12,5,7,0,0,0,1,0,1,2,1,1
59781302,26,14,12,4,3,1,15,9,6,6,2,4,1,0,1,0,0,0,0,0,0
59781303,141,81,60,33,14,19,45,31,14,42,24,18,2,1,1,12,7,5,7,4,3
59781305,217,112,105,50,19,31,95,54,41,28,13,15,0,0,0,8,4,4,36,22,14
55191101,366,191,175,60,29,31,134,76,58,103,48,55,5,2,3,42,22,20,22,14,8
55191102,33,17,16,3,2,1,15,9,6,8,3,5,1,1,0,4,2,2,2,0,2
55181301,164,80,84,43,11,32,65,38,27,43,23,20,0,0,0,7,3,4,6,5,1
55176701,628,322,306,109,47,62,209,127,82,179,83,96,6,2,4,92,42,50,33,21,12
55176702,98,50,48,17,5,12,32,19,13,36,18,18,0,0,0,8,3,5,5,5,0
59787201,82,49,33,14,8,6,21,15,6,23,13,10,1,0,1,13,4,9,10,9,1
59787202,84,44,40,10,3,7,35,24,11,24,11,13,0,0,0,10,3,7,5,3,2
59787203,51,26,25,5,2,3,15,13,2,19,7,12,0,0,0,10,2,8,2,2,0
59787204,52,26,26,8,4,4,21,13,8,9,2,7,0,0,0,10,5,5,4,2,2
59787205,891,447,444,174,52,122,380,215,165,195,97,98,1,0,1,60,25,35,81,58,23
59788101,418,203,215,72,29,43,184,115,69,110,37,73,2,0,2,29,13,16,21,9,12
59789901,18,9,9,5,1,4,11,7,4,2,1,1,0,0,0,0,0,0,0,0,0
59789902,33,18,15,5,2,3,14,10,4,8,2,6,0,0,0,6,4,2,0,0,0
59789903,99,51,48,14,2,12,44,30,14,27,10,17,1,1,0,7,5,2,6,3,3
59789904,311,164,147,64,28,36,128,81,47,67,27,40,2,0,2,26,14,12,24,14,10
59791102,127,61,66,19,7,12,54,31,23,40,15,25,0,0,0,10,5,5,4,3,1
59791103,616,339,277,101,44,57,267,170,97,169,77,92,3,1,2,42,19,23,34,28,6
55182101,20,12,8,2,0,2,4,3,1,10,6,4,0,0,0,4,3,1,0,0,0
55182102,71,40,31,3,1,2,34,19,15,14,9,5,2,2,0,9,4,5,9,5,4
55182104,109,56,53,22,9,13,53,29,24,17,7,10,0,0,0,7,4,3,10,7,3
59793701,783,388,395,97,34,63,326,190,136,234,103,131,7,3,4,77,34,43,42,24,18
59794501,118,65,53,17,8,9,55,34,21,31,14,17,3,2,1,10,5,5,2,2,0
59794503,247,125,122,68,28,40,94,57,37,39,17,22,2,0,2,5,1,4,39,22,17
55178301,201,102,99,36,19,17,81,50,31,42,12,30,1,0,1,19,8,11,22,13,9
55169401,275,145,130,45,19,26,125,79,46,69,31,38,0,0,0,17,6,11,19,10,9
59796102,608,299,309,135,51,84,233,143,90,182,83,99,6,0,6,32,16,16,20,6,14
59796103,23,12,11,4,0,4,6,4,2,6,2,4,0,0,0,5,4,1,2,2,0
59796104,3212,1564,1648,684,271,413,1249,705,544,812,351,461,21,5,16,259,117,142,187,115,72
59796105,285,145,140,51,28,23,103,58,45,78,31,47,2,1,1,43,21,22,8,6,2
59797001,49,25,24,7,3,4,23,8,15,11,7,4,1,1,0,2,1,1,5,5,0
59797002,74,42,32,9,3,6,34,23,11,21,9,12,1,1,0,4,1,3,5,5,0
59797003,105,53,52,26,12,14,45,24,21,16,4,12,0,0,0,4,2,2,14,11,3
59798801,499,245,254,84,31,53,204,115,89,145,67,78,6,1,5,33,14,19,27,17,10
59798802,427,220,207,59,22,37,173,111,62,119,52,67,4,1,3,51,21,30,21,13,8
59801101,103,51,52,8,4,4,31,16,15,36,18,18,5,1,4,23,12,11,0,0,0
59801102,1442,718,724,146,69,77,451,261,190,463,205,258,11,2,9,310,141,169,61,40,21
59801103,609,287,322,57,21,36,208,105,103,198,95,103,7,2,5,122,58,64,17,6,11
59801104,122,59,63,9,4,5,41,21,20,41,20,21,1,0,1,26,12,14,4,2,2
59801105,955,484,471,105,48,57,277,161,116,330,163,167,19,8,11,198,91,107,26,13,13
59802001,129,67,62,19,8,11,38,16,22,42,24,18,0,0,0,25,17,8,5,2,3
59802002,37,17,20,8,3,5,14,7,7,8,5,3,0,0,0,7,2,5,0,0,0
59802003,50,28,22,14,5,9,15,11,4,10,5,5,2,1,1,3,3,0,6,3,3
51163301,365,187,178,45,25,20,141,75,66,113,58,55,3,0,3,43,15,28,20,14,6
59803801,3402,1633,1769,377,142,235,985,565,420,1148,507,641,38,10,28,738,344,394,116,65,51
59804601,128,66,62,8,3,5,33,15,18,49,25,24,0,0,0,36,22,14,2,1,1
59804602,22,12,10,4,2,2,5,3,2,9,6,3,0,0,0,4,1,3,0,0,0
59804603,638,319,319,70,35,35,225,133,92,192,87,105,4,1,3,110,43,67,37,20,17
51193501,42,22,20,6,3,3,12,7,5,12,6,6,0,0,0,5,2,3,7,4,3
51193502,1029,513,516,203,64,139,398,240,158,262,130,132,8,2,6,105,44,61,53,33,20
59806201,3391,1634,1757,444,163,281,1010,567,443,1109,517,592,42,12,30,670,309,361,116,66,50
59806202,732,341,391,91,35,56,232,119,113,230,108,122,11,3,8,136,60,76,32,16,16
59806203,183,92,91,30,13,17,60,32,28,64,33,31,1,0,1,25,13,12,3,1,2
59807101,106,47,59,7,1,6,32,19,13,44,16,28,0,0,0,21,10,11,2,1,1
59807102,478,231,247,46,20,26,115,57,58,164,79,85,7,0,7,127,64,63,19,11,8
59807103,32,21,11,13,8,5,12,8,4,4,3,1,0,0,0,3,2,1,0,0,0
59807104,1855,932,923,175,73,102,495,280,215,563,277,286,34,15,19,500,227,273,88,60,28
59808901,2563,1279,1284,252,114,138,881,497,384,857,382,475,32,9,23,454,228,226,87,49,38
55254201,75,34,41,11,4,7,24,13,11,23,10,13,0,0,0,16,6,10,1,1,0
55254202,126,60,66,15,6,9,40,23,17,36,16,20,2,0,2,31,15,16,2,0,2
55254203,184,90,94,17,8,9,57,34,23,56,23,33,2,0,2,50,25,25,2,0,2
55254204,624,312,312,67,22,45,203,126,77,191,93,98,6,1,5,135,58,77,22,12,10
55254205,51,27,24,5,2,3,12,7,5,23,13,10,0,0,0,11,5,6,0,0,0
59810101,281,133,148,28,5,23,85,50,35,71,39,32,2,1,1,56,24,32,39,14,25
59810102,673,343,330,65,26,39,217,138,79,226,107,119,4,2,2,138,57,81,23,13,10
59810103,179,94,85,16,6,10,58,33,25,63,35,28,2,0,2,31,14,17,9,6,3
51195101,196,99,97,42,16,26,55,34,21,62,32,30,4,0,4,32,17,15,1,0,1
51195102,58,28,30,4,2,2,22,11,11,23,10,13,0,0,0,7,4,3,2,1,1
51195103,367,188,179,55,21,34,155,94,61,95,44,51,5,2,3,44,20,24,13,7,6
51195104,108,55,53,17,4,13,33,24,9,37,17,20,0,0,0,12,5,7,9,5,4
55260701,296,145,151,38,21,17,108,63,45,87,35,52,5,1,4,47,18,29,11,7,4
59813501,1894,941,953,203,77,126,666,373,293,614,291,323,20,5,15,323,153,170,68,42,26
59813502,40,19,21,3,0,3,10,8,2,15,4,11,0,0,0,12,7,5,0,0,0
0350410,0,0,0,0,0,0,0,0,0,0,0,0,0,0,0,0,0,0,0,0,0
3151330,0,0,0,0,0,0,0,0,0,0,0,0,0,0,0,0,0,0,0,0,0
59800301,1452,981,471,129,71,58,351,248,103,230,127,103,12,3,9,159,80,79,571,452,119
59800302,6548,3093,3455,837,328,509,2207,1184,1023,2026,905,1121,91,25,66,1117,500,617,270,151,119
59800303,2705,1321,1384,376,164,212,968,538,430,816,358,458,39,16,23,362,170,192,144,75,69
59800304,363,191,172,30,19,11,90,56,34,145,72,73,4,0,4,85,39,46,9,5,4
59800305,3144,1465,1679,489,176,313,1070,558,512,949,444,505,55,17,38,382,163,219,199,107,92
59800306,6775,3237,3538,863,348,515,2585,1394,1191,2178,971,1207,67,16,51,792,352,440,290,156,134
59800307,180,93,87,30,9,21,59,37,22,51,26,25,3,2,1,27,12,15,10,7,3
59800308,288,152,136,32,18,14,96,54,42,85,39,46,7,3,4,58,30,28,10,8,2
59800310,983,461,522,88,30,58,236,129,107,339,144,195,10,3,7,277,135,142,33,20,13
59800311,73,39,34,6,4,2,26,14,12,25,10,15,0,0,0,12,7,5,4,4,0
59800312,703,355,348,64,28,36,156,89,67,244,106,138,7,2,5,220,123,97,12,7,5
59800313,112,45,67,11,2,9,27,14,13,37,12,25,4,2,2,31,13,18,2,2,0
59800314,24,12,12,3,1,2,5,4,1,5,2,3,0,0,0,0,0,0,11,5,6
59800315,530,266,264,56,23,33,123,75,48,160,69,91,4,2,2,179,91,88,8,6,2
59800316,669,329,340,60,15,45,209,124,85,247,121,126,3,1,2,135,59,76,15,9,6
59800317,1266,647,619,137,54,83,383,235,148,437,205,232,18,7,11,256,125,131,35,21,14
59800318,283,140,143,34,15,19,84,46,38,85,40,45,0,0,0,54,28,26,26,11,15
59800319,241,118,123,17,6,11,74,41,33,96,43,53,3,1,2,46,24,22,5,3,2
59800320,800,384,416,84,31,53,225,127,98,275,130,145,16,2,14,175,82,93,25,12,13
59800321,22,10,12,3,0,3,3,1,2,14,7,7,0,0,0,2,2,0,0,0,0
59800322,44,22,22,3,2,1,17,11,6,20,8,12,1,0,1,3,1,2,0,0,0
59800323,386,194,192,38,20,18,118,67,51,143,70,73,4,1,3,73,29,44,10,7,3
59800324,238,111,127,27,11,16,61,32,29,83,36,47,2,0,2,61,29,32,4,3,1
59800325,196,96,100,23,9,14,49,29,20,63,31,32,3,2,1,53,23,30,5,2,3
59800326,411,206,205,49,17,32,103,60,43,150,78,72,7,2,5,91,43,48,11,6,5
59800327,174,90,84,23,12,11,39,24,15,48,20,28,3,1,2,54,27,27,7,6,1
59800328,2384,1074,1310,313,105,208,785,405,380,758,318,440,39,13,26,348,155,193,141,78,63
59800329,3830,1858,1972,598,263,335,1325,704,621,1114,494,620,49,19,30,515,238,277,229,140,89
59800330,246,119,127,29,13,16,80,45,35,80,34,46,2,0,2,49,21,28,6,6,0
59800331,126,59,67,16,1,15,34,17,17,45,28,17,0,0,0,27,10,17,4,3,1
59800332,407,191,216,29,14,15,87,49,38,162,68,94,6,2,4,113,52,61,10,6,4
59800333,4289,1988,2301,690,278,412,1569,813,756,1225,529,696,48,13,35,519,224,295,238,131,107
59800334,953,484,469,109,50,59,236,128,108,317,157,160,8,1,7,241,121,120,42,27,15
59800335,22,14,8,1,0,1,6,5,1,5,1,4,0,0,0,3,2,1,7,6,1
59800336,3994,1762,2232,506,168,338,1276,652,624,1344,559,785,43,10,33,607,262,345,218,111,107
59800337,779,370,409,110,40,70,208,104,104,239,108,131,6,2,4,179,96,83,37,20,17
59814301,445,217,228,59,19,40,166,100,66,138,60,78,4,3,1,76,35,41,2,0,2
59814302,91,42,49,9,3,6,20,10,10,26,12,14,1,0,1,34,17,17,1,0,1
59814303,1082,528,554,130,48,82,303,177,126,395,183,212,10,4,6,228,106,122,16,10,6
59814304,1358,662,696,142,61,81,375,224,151,473,209,264,16,5,11,324,148,176,28,15,13
59814305,359,180,179,34,21,13,89,48,41,136,59,77,2,0,2,90,48,42,8,4,4
59814306,2103,985,1118,245,99,146,619,313,306,716,330,386,25,7,18,376,163,213,122,73,49
59814307,1749,777,972,189,58,131,567,303,264,600,246,354,27,8,19,298,134,164,68,28,40
59814308,362,180,182,43,16,27,103,57,46,131,64,67,7,2,5,64,34,30,14,7,7
59814309,527,241,286,48,17,31,147,80,67,196,88,108,4,0,4,116,50,66,16,6,10
59814310,24,14,10,3,1,2,9,7,2,9,5,4,0,0,0,3,1,2,0,0,0
59814311,97,47,50,14,2,12,35,20,15,36,17,19,0,0,0,8,5,3,4,3,1
59816001,1220,577,643,170,51,119,408,231,177,386,178,208,10,7,3,206,90,116,40,20,20
51219201,122,64,58,14,5,9,41,22,19,28,12,16,0,0,0,19,14,5,20,11,9
51219202,354,175,179,29,9,20,118,70,48,99,49,50,3,0,3,97,44,53,8,3,5
51219203,78,39,39,9,5,4,20,11,9,33,18,15,1,0,1,13,4,9,2,1,1
51219204,204,104,100,25,9,16,66,35,31,63,34,29,5,1,4,37,20,17,8,5,3
51198601,197,105,92,33,8,25,88,63,25,43,14,29,2,1,1,20,14,6,11,5,6
51198602,88,48,40,18,7,11,40,23,17,19,13,6,0,0,0,7,3,4,4,2,2
55263101,172,86,86,21,8,13,55,33,22,53,27,26,1,0,1,35,15,20,7,3,4
55263102,361,182,179,34,19,15,134,78,56,124,58,66,5,0,5,48,18,30,16,9,7
51217601,1399,689,710,191,61,130,464,282,182,460,206,254,14,5,9,227,114,113,43,21,22
51217602,54,24,30,13,3,10,22,15,7,14,5,9,2,1,1,3,0,3,0,0,0
59823202,21,11,10,3,1,2,7,5,2,2,1,1,0,0,0,5,3,2,4,1,3
59823203,172,93,79,29,9,20,80,51,29,38,17,21,0,0,0,12,5,7,13,11,2
59869101,407,200,207,38,15,23,118,71,47,124,50,74,2,1,1,116,59,57,9,4,5
59869102,50,21,29,1,0,1,18,9,9,15,5,10,2,0,2,13,7,6,1,0,1
59869103,168,86,82,13,8,5,56,34,22,58,25,33,3,1,2,33,15,18,5,3,2
59869104,443,228,215,49,15,34,122,71,51,148,80,68,12,5,7,91,46,45,21,11,10
59869105,568,275,293,61,28,33,189,103,86,204,98,106,8,3,5,88,36,52,18,7,11
59869106,73,34,39,6,0,6,17,10,7,28,15,13,0,0,0,22,9,13,0,0,0
59825901,130,66,64,16,2,14,49,30,19,37,19,18,0,0,0,26,14,12,2,1,1
59825902,431,162,269,110,26,84,120,61,59,111,41,70,2,0,2,59,20,39,29,14,15
59825903,256,126,130,48,16,32,89,49,40,72,38,34,2,1,1,35,17,18,10,5,5
59825904,205,93,112,37,14,23,69,36,33,65,30,35,3,0,3,21,7,14,10,6,4
59825905,198,106,92,22,10,12,62,42,20,70,30,40,0,0,0,36,19,17,8,5,3
59825906,2459,1190,1269,366,108,258,783,459,324,768,357,411,18,11,7,383,168,215,141,87,54
59825907,196,104,92,20,6,14,73,46,27,67,31,36,3,1,2,25,15,10,8,5,3
59825908,146,72,74,18,0,18,60,39,21,49,25,24,0,0,0,14,5,9,5,3,2
59825909,446,222,224,63,24,39,165,101,64,155,67,88,1,1,0,51,25,26,11,4,7
50742301,396,197,199,64,25,39,131,75,56,114,58,56,0,0,0,75,30,45,12,9,3
50742302,61,29,32,6,2,4,23,13,10,14,6,8,1,0,1,14,6,8,3,2,1
50742303,1119,552,567,131,47,84,361,210,151,365,165,200,11,2,9,205,100,105,46,28,18
59827501,268,131,137,30,10,20,69,40,29,96,51,45,4,0,4,59,25,34,10,5,5
50723701,1021,504,517,187,76,111,304,170,134,330,171,159,10,3,7,164,69,95,26,15,11
50723702,176,91,85,17,8,9,43,27,16,63,32,31,4,0,4,45,21,24,4,3,1
50723703,57,29,28,10,5,5,21,12,9,14,5,9,2,2,0,8,4,4,2,1,1
50745801,54,26,28,10,2,8,16,11,5,24,12,12,2,0,2,2,1,1,0,0,0
50745802,233,127,106,42,18,24,83,52,31,64,35,29,3,2,1,28,13,15,13,7,6
59832101,35,18,17,5,0,5,15,12,3,6,3,3,0,0,0,9,3,6,0,0,0
59832102,98,50,48,15,9,6,28,14,14,34,19,15,0,0,0,16,5,11,5,3,2
59832103,25,12,13,2,1,1,8,5,3,10,5,5,0,0,0,5,1,4,0,0,0
59832104,36,20,16,3,1,2,18,13,5,9,5,4,1,0,1,4,0,4,1,1,0
59832105,2032,999,1033,253,87,166,696,392,304,639,308,331,28,6,22,346,166,180,70,40,30
59832106,176,87,89,18,8,10,53,36,17,62,25,37,0,0,0,39,16,23,4,2,2
54967301,196,98,98,23,9,14,73,47,26,65,29,36,3,1,2,27,9,18,5,3,2
54967302,86,45,41,9,2,7,28,21,7,31,15,16,1,0,1,12,5,7,5,2,3
54967303,40,22,18,6,4,2,20,12,8,5,2,3,0,0,0,9,4,5,0,0,0
54967304,47,23,24,9,1,8,18,11,7,14,6,8,0,0,0,4,3,1,2,2,0
54967305,190,93,97,13,4,9,70,42,28,52,18,34,1,1,0,39,19,20,15,9,6
59834801,1916,926,990,208,79,129,491,280,211,645,292,353,20,6,14,511,248,263,41,21,20
59835601,819,412,407,95,30,65,270,172,98,270,121,149,7,1,6,133,58,75,44,30,14
59835602,300,145,155,30,15,15,114,62,52,100,44,56,1,0,1,55,24,31,0,0,0
59835603,427,208,219,36,12,24,134,74,60,145,62,83,6,2,4,93,51,42,13,7,6
59835604,69,32,37,5,2,3,22,11,11,20,10,10,2,1,1,17,6,11,3,2,1
59835605,290,142,148,23,6,17,83,52,31,103,46,57,4,1,3,70,33,37,7,4,3
59836401,455,224,231,57,22,35,146,82,64,157,75,82,4,1,3,85,40,45,6,4,2
59839901,1074,538,536,118,55,63,342,198,144,343,156,187,18,5,13,202,94,108,51,30,21
59839902,135,66,69,10,7,3,45,24,21,44,20,24,2,0,2,26,11,15,8,4,4
55259301,76,40,36,10,3,7,18,10,8,22,11,11,1,0,1,24,15,9,1,1,0
55259302,146,77,69,10,3,7,36,23,13,53,30,23,3,0,3,42,20,22,2,1,1
55259303,349,178,171,41,19,22,67,45,22,135,60,75,5,2,3,88,41,47,13,11,2
55259304,70,38,32,6,2,4,21,15,6,26,12,14,3,0,3,7,5,2,7,4,3
51218401,1389,695,694,146,48,98,462,277,185,456,220,236,19,2,17,251,115,136,55,33,22
50754701,33,17,16,5,1,4,13,8,5,7,3,4,0,0,0,8,5,3,0,0,0
50754702,1053,533,520,169,55,114,396,243,153,312,162,150,10,0,10,133,57,76,33,16,17
59844501,54,32,22,4,2,2,23,13,10,15,8,7,0,0,0,10,7,3,2,2,0
59844505,104,55,49,10,7,3,36,23,13,30,13,17,1,1,0,20,6,14,7,5,2
59844506,51,26,25,8,1,7,13,9,4,18,10,8,1,0,1,11,6,5,0,0,0
59844507,478,244,234,61,29,32,149,92,57,148,67,81,8,4,4,85,36,49,27,16,11
59844509,238,118,120,32,14,18,75,47,28,79,35,44,3,0,3,42,18,24,7,4,3
59844511,46,19,27,3,0,3,14,7,7,10,2,8,1,1,0,17,8,9,1,1,0
59845301,43,19,24,12,3,9,17,9,8,11,6,5,0,0,0,2,1,1,1,0,1
59845302,341,164,177,56,16,40,121,74,47,104,48,56,4,1,3,44,19,25,12,6,6
59845303,2648,1322,1326,401,133,268,893,563,330,864,411,453,23,7,16,386,161,225,81,47,34
59845304,21,12,9,5,2,3,8,7,1,4,1,3,0,0,0,2,1,1,2,1,1
55401401,2445,1189,1256,330,111,219,830,485,345,819,382,437,29,4,25,328,142,186,109,65,44
55401402,586,283,303,79,22,57,203,118,85,191,95,96,3,2,1,85,33,52,25,13,12
55401403,29,14,15,2,0,2,16,11,5,8,1,7,0,0,0,3,2,1,0,0,0
55252601,175,82,93,16,4,12,67,33,34,52,29,23,0,0,0,37,16,21,3,0,3
55252602,56,26,30,6,3,3,15,5,10,20,13,7,0,0,0,15,5,10,0,0,0
55251801,142,72,70,18,9,9,56,33,23,34,15,19,4,1,3,25,11,14,5,3,2
55251802,26,13,13,1,0,1,9,7,2,12,4,8,0,0,0,4,2,2,0,0,0
55251803,655,320,335,71,28,43,231,130,101,214,92,122,8,1,7,109,54,55,22,15,7
1081970,0,0,0,0,0,0,0,0,0,0,0,0,0,0,0,0,0,0,0,0,0
50709101,126,60,66,17,5,12,53,32,21,38,15,23,1,0,1,12,6,6,5,2,3
50709102,189,94,95,29,7,22,64,37,27,59,33,26,1,0,1,30,13,17,6,4,2
50709103,1177,564,613,182,66,116,386,216,170,345,158,187,11,0,11,196,91,105,57,33,24
50709104,266,126,140,51,14,37,86,54,32,85,39,46,0,0,0,35,15,20,9,4,5
59854202,52,25,27,11,5,6,16,12,4,17,5,12,0,0,0,6,2,4,2,1,1
59854203,51,28,23,8,4,4,19,11,8,14,9,5,0,0,0,8,2,6,2,2,0
59854204,387,191,196,40,17,23,122,65,57,125,64,61,5,2,3,85,38,47,10,5,5
59854205,914,463,451,110,49,61,298,164,134,291,140,151,8,0,8,165,76,89,42,34,8
59854206,615,299,316,77,28,49,222,131,91,185,83,102,8,3,5,90,41,49,33,13,20
59854207,101,55,46,12,5,7,31,23,8,37,17,20,2,0,2,17,8,9,2,2,0
59855101,21,12,9,1,1,0,6,4,2,8,3,5,0,0,0,6,4,2,0,0,0
59855102,363,180,183,31,10,21,122,73,49,104,46,58,8,2,6,82,41,41,16,8,8
59855103,38,19,19,0,0,0,11,6,5,15,6,9,0,0,0,11,6,5,1,1,0
59855104,2142,1078,1064,219,83,136,625,375,250,732,352,380,26,7,19,454,206,248,86,55,31
59855105,21,11,10,4,2,2,9,6,3,5,2,3,0,0,0,3,1,2,0,0,0
59855108,178,85,93,17,2,15,52,30,22,54,24,30,2,0,2,49,27,22,4,2,2
3416220,0,0,0,0,0,0,0,0,0,0,0,0,0,0,0,0,0,0,0,0,0
59856901,240,115,125,12,4,8,56,28,28,107,52,55,4,2,2,55,26,29,6,3,3
59856903,2870,1425,1445,373,169,204,1007,567,440,886,401,485,33,10,23,417,191,226,154,87,67
55250001,240,119,121,21,6,15,93,59,34,69,32,37,1,0,1,42,14,28,14,8,6
55722601,74,34,40,9,2,7,41,25,16,17,4,13,0,0,0,6,2,4,1,1,0
55722602,702,341,361,90,29,61,255,155,100,225,102,123,7,2,5,107,44,63,18,9,9
51202801,1309,638,671,193,52,141,508,300,208,371,167,204,14,4,10,146,69,77,77,46,31
51202803,180,89,91,25,10,15,72,41,31,60,28,32,0,0,0,20,10,10,3,0,3
56881301,752,368,384,114,50,64,253,140,113,238,99,139,14,3,11,106,56,50,27,20,7
50718101,905,497,408,225,150,75,245,142,103,232,110,122,12,2,10,169,76,93,22,17,5
55257701,817,414,403,78,34,44,245,152,93,252,111,141,11,3,8,207,101,106,24,13,11
54966501,117,57,60,18,7,11,38,24,14,28,15,13,2,0,2,23,8,15,8,3,5
54966502,118,57,61,15,3,12,46,28,18,34,17,17,3,1,2,15,7,8,5,1,4
54966503,152,71,81,26,10,16,43,20,23,45,24,21,4,2,2,27,11,16,7,4,3
54966504,1113,518,595,163,55,108,371,203,168,326,143,183,15,1,14,189,86,103,49,30,19
54966505,122,60,62,17,7,10,42,23,19,38,18,20,2,0,2,21,11,10,2,1,1
55697101,1115,526,589,127,37,90,367,207,160,381,172,209,15,4,11,193,92,101,32,14,18
55697102,203,95,108,20,6,14,62,33,29,68,35,33,1,0,1,43,17,26,9,4,5
55264001,460,237,223,41,15,26,162,98,64,158,77,81,7,2,5,67,31,36,25,14,11
56883001,1361,679,682,163,63,100,377,219,158,498,248,250,13,4,9,268,122,146,42,23,19
56883002,163,79,84,19,4,15,42,23,19,56,34,22,3,1,2,36,14,22,7,3,4
59867401,790,399,391,99,44,55,281,163,118,232,111,121,9,0,9,129,55,74,40,26,14
59867402,271,135,136,35,11,24,81,45,36,87,45,42,1,1,0,64,31,33,3,2,1
59867403,151,79,72,16,8,8,37,27,10,53,24,29,2,1,1,42,19,23,1,0,1
59867404,72,38,34,13,6,7,12,7,5,28,15,13,2,0,2,13,7,6,4,3,1
55265801,164,86,78,15,4,11,44,27,17,62,34,28,1,0,1,32,16,16,10,5,5
55265802,511,269,242,53,22,31,114,74,40,176,87,89,8,2,6,142,72,70,18,12,6
56879101,25,13,12,0,0,0,7,4,3,12,7,5,0,0,0,5,2,3,1,0,1
56879102,167,84,83,21,6,15,59,35,24,51,25,26,6,2,4,24,12,12,6,4,2
56879103,611,296,315,74,29,45,174,102,72,199,92,107,10,3,7,132,59,73,22,11,11
1542110,0,0,0,0,0,0,0,0,0,0,0,0,0,0,0,0,0,0,0,0,0
59874701,25,17,8,2,1,1,12,10,2,6,3,3,0,0,0,5,3,2,0,0,0
59874704,42,24,18,7,3,4,11,6,5,14,7,7,1,1,0,7,5,2,2,2,0
59874706,204,100,104,27,5,22,88,53,35,60,28,32,1,0,1,23,12,11,5,2,3
59874708,93,50,43,11,4,7,44,28,16,22,10,12,0,0,0,15,7,8,1,1,0
59874711,98,54,44,11,6,5,48,31,17,19,9,10,1,1,0,16,6,10,3,1,2
3151170,0,0,0,0,0,0,0,0,0,0,0,0,0,0,0,0,0,0,0,0,0
3416310,0,0,0,0,0,0,0,0,0,0,0,0,0,0,0,0,0,0,0,0,0
55255102,863,415,448,110,38,72,276,161,115,268,119,149,9,3,6,169,75,94,31,19,12
55255103,44,26,18,6,3,3,7,4,3,17,8,9,2,2,0,9,6,3,3,3,0
55255104,322,159,163,34,13,21,94,56,38,104,47,57,6,2,4,74,34,40,10,7,3
3067620,0,0,0,0,0,0,0,0,0,0,0,0,0,0,0,0,0,0,0,0,0
55256901,1747,879,868,186,70,116,643,388,255,534,240,294,22,6,16,286,128,158,76,47,29
55267401,807,406,401,99,41,58,280,150,130,282,137,145,8,1,7,115,62,53,23,15,8
56963102,1752,880,872,178,92,86,468,277,191,612,259,353,24,7,17,395,194,201,75,51,24
55262301,42,20,22,5,2,3,14,6,8,14,5,9,0,0,0,8,6,2,1,1,0
55262302,67,33,34,11,8,3,20,10,10,27,10,17,1,1,0,8,4,4,0,0,0
55262303,315,146,169,38,13,25,103,51,52,112,56,56,1,0,1,52,22,30,9,4,5
55262304,334,169,165,42,16,26,92,52,40,107,51,56,4,2,2,73,38,35,16,10,6
55262305,94,45,49,18,6,12,35,19,16,30,14,16,0,0,0,11,6,5,0,0,0
1710262,0,0,0,0,0,0,0,0,0,0,0,0,0,0,0,0,0,0,0,0,0
59881001,355,173,182,55,22,33,134,80,54,106,47,59,6,0,6,48,22,26,6,2,4
59881002,186,95,91,19,7,12,58,32,26,74,39,35,1,1,0,29,14,15,5,2,3
59881003,144,77,67,22,13,9,56,34,22,40,22,18,2,0,2,19,5,14,5,3,2
59881004,641,311,330,97,35,62,214,129,85,198,92,106,3,2,1,105,41,64,24,12,12
59881005,1496,728,768,209,63,146,508,308,200,480,227,253,17,3,14,241,107,134,41,20,21
59881006,80,40,40,10,5,5,22,15,7,27,10,17,0,0,0,20,9,11,1,1,0
59881007,828,404,424,102,31,71,256,136,120,290,147,143,3,1,2,153,75,78,24,14,10
59881008,390,197,193,49,17,32,128,78,50,133,62,71,1,1,0,67,32,35,12,7,5
59881009,707,350,357,76,27,49,185,98,87,250,137,113,10,4,6,165,76,89,21,8,13
59881010,606,287,319,72,21,51,187,104,83,186,88,98,10,2,8,140,67,73,11,5,6
59881011,907,462,445,134,52,82,294,166,128,313,151,162,4,0,4,115,64,51,47,29,18
59881013,850,430,420,112,46,66,259,153,106,292,142,150,7,4,3,151,73,78,29,12,17
59881014,57,30,27,2,1,1,16,8,8,27,16,11,0,0,0,11,5,6,1,0,1
59881015,460,233,227,67,28,39,167,95,72,146,69,77,4,2,2,59,29,30,17,10,7
59881016,368,190,178,47,18,29,158,100,58,111,52,59,1,1,0,45,15,30,6,4,2
59881017,319,160,159,35,11,24,113,69,44,115,51,64,2,0,2,45,24,21,9,5,4
59881018,275,138,137,34,12,22,84,47,37,96,48,48,3,2,1,54,27,27,4,2,2
59881019,2084,986,1098,238,80,158,708,398,310,675,317,358,21,8,13,290,129,161,152,54,98
59881020,573,275,298,70,25,45,208,117,91,199,86,113,4,2,2,79,38,41,13,7,6
59881022,365,185,180,79,28,51,154,88,66,59,22,37,3,1,2,15,7,8,55,39,16
59881023,395,197,198,47,12,35,133,82,51,139,68,71,7,1,6,61,27,34,8,7,1
59881024,46,19,27,8,1,7,17,6,11,3,2,1,0,0,0,2,2,0,16,8,8
59881025,1350,651,699,259,85,174,571,314,257,331,155,176,9,5,4,67,31,36,113,61,52
59881026,1538,889,649,200,100,100,474,291,183,357,170,187,10,6,4,157,75,82,340,247,93
59881027,24,14,10,2,0,2,7,4,3,8,6,2,3,1,2,4,3,1,0,0,0
59881029,580,300,280,83,39,44,191,109,82,173,80,93,7,3,4,110,58,52,16,11,5
59881030,33,16,17,5,2,3,12,6,6,11,5,6,0,0,0,5,3,2,0,0,0
59881031,314,152,162,55,15,40,174,102,72,61,25,36,3,0,3,6,2,4,15,8,7
59881032,21,17,4,0,0,0,5,4,1,2,2,0,0,0,0,0,0,0,14,11,3
59881033,270,131,139,26,8,18,91,51,40,87,45,42,3,0,3,56,26,30,7,1,6
59881034,3178,1464,1714,542,182,360,1259,678,581,906,385,521,28,5,23,278,117,161,165,97,68
59881035,1004,487,517,112,45,67,248,134,114,359,168,191,11,2,9,250,125,125,24,13,11
59881036,75,39,36,7,3,4,23,15,8,31,16,15,1,0,1,7,2,5,6,3,3
59881037,616,298,318,61,18,43,160,92,68,217,99,118,6,2,4,159,81,78,13,6,7
59881038,2601,1180,1421,349,101,248,786,426,360,866,384,482,21,4,17,449,195,254,130,70,60
59881039,459,236,223,51,18,33,117,78,39,162,69,93,5,1,4,115,66,49,9,4,5
59881040,2073,945,1128,297,101,196,743,387,356,654,288,366,28,5,23,250,112,138,101,52,49
59881041,2477,1138,1339,339,103,236,900,460,440,779,362,417,31,5,26,329,151,178,99,57,42
55261501,237,118,119,31,10,21,59,41,18,69,34,35,7,3,4,59,23,36,12,7,5
55492801,640,304,336,89,33,56,162,91,71,221,94,127,7,1,6,142,77,65,19,8,11
55492802,575,292,283,89,37,52,174,109,65,185,84,101,6,2,4,108,55,53,13,5,8
55492803,1809,909,900,212,76,136,562,320,242,606,305,301,18,5,13,335,155,180,76,48,28
55492804,598,292,306,82,30,52,186,106,80,187,89,98,5,0,5,122,58,64,16,9,7
55248801,563,285,278,61,22,39,190,121,69,196,87,109,5,2,3,92,41,51,19,12,7
55268201,407,222,185,46,18,28,151,94,57,124,64,60,4,1,3,59,28,31,23,17,6
55268202,29,17,12,2,2,0,10,6,4,10,5,5,1,0,1,5,3,2,1,1,0
55268203,45,22,23,5,3,2,15,4,11,10,7,3,2,1,1,12,6,6,1,1,0
55268204,83,39,44,11,4,7,29,18,11,22,10,12,1,0,1,19,6,13,1,1,0
55268205,162,83,79,18,7,11,60,36,24,46,21,25,1,0,1,26,13,13,11,6,5
55269101,727,366,361,90,37,53,255,145,110,251,129,122,8,1,7,102,42,60,21,12,9
56816301,294,151,143,32,19,13,81,49,32,125,59,66,3,1,2,45,18,27,8,5,3
59892501,458,217,241,56,19,37,154,83,71,158,81,77,6,0,6,72,30,42,12,4,8
59892502,202,101,101,35,8,27,66,40,26,57,30,27,3,2,1,34,17,17,7,4,3
59892503,262,126,136,39,13,26,93,57,36,87,36,51,1,0,1,31,17,14,11,3,8
59892504,329,167,162,34,9,25,91,54,37,125,61,64,2,1,1,63,31,32,14,11,3
59892505,1908,946,962,271,105,166,709,391,318,556,267,289,19,6,13,253,116,137,100,61,39
1367430,0,0,0,0,0,0,0,0,0,0,0,0,0,0,0,0,0,0,0,0,0
3153540,0,0,0,0,0,0,0,0,0,0,0,0,0,0,0,0,0,0,0,0,0
3414360,0,0,0,0,0,0,0,0,0,0,0,0,0,0,0,0,0,0,0,0,0
59905101,66,37,29,7,6,1,16,10,6,29,15,14,1,0,1,11,5,6,2,1,1
59905102,403,203,200,61,25,36,132,73,59,130,72,58,1,0,1,68,24,44,11,9,2
59905103,387,199,188,59,28,31,136,74,62,120,61,59,5,1,4,48,24,24,19,11,8
59905104,279,129,150,41,13,28,96,50,46,98,47,51,3,1,2,36,17,19,5,1,4
59905105,206,100,106,98,43,55,41,24,17,15,10,5,0,0,0,6,2,4,46,21,25
59905106,283,134,149,44,14,30,110,65,45,90,39,51,5,1,4,25,10,15,9,5,4
59905108,1813,898,915,284,114,170,523,327,196,620,278,342,12,2,10,295,134,161,79,43,36
59905109,50,29,21,17,12,5,15,10,5,12,6,6,0,0,0,1,0,1,5,1,4
59905110,364,174,190,40,15,25,113,61,52,122,54,68,4,0,4,69,36,33,16,8,8
59905111,761,345,416,125,33,92,233,147,86,247,101,146,12,4,8,114,41,73,30,19,11
59905112,370,177,193,59,21,38,130,84,46,118,54,64,4,1,3,39,12,27,20,5,15
59905113,734,380,354,93,36,57,260,148,112,262,132,130,8,3,5,73,39,34,38,22,16
59905114,1064,523,541,120,39,81,312,180,132,375,178,197,18,5,13,208,102,106,31,19,12
59905115,2520,1184,1336,427,159,268,922,507,415,749,325,424,31,12,19,280,126,154,111,55,56
59905116,524,271,253,125,54,71,219,132,87,105,46,59,1,1,0,27,14,13,47,24,23
59905117,48,24,24,9,4,5,20,12,8,8,1,7,0,0,0,3,1,2,8,6,2
59905118,39,20,19,7,2,5,17,11,6,13,7,6,0,0,0,1,0,1,1,0,1
59905119,3251,1509,1742,678,235,443,1224,653,571,869,410,459,11,1,10,274,111,163,195,99,96
59905121,3122,1598,1524,593,235,358,944,546,398,801,381,420,30,8,22,304,135,169,450,293,157
59905123,828,404,424,120,42,78,235,138,97,249,119,130,11,2,9,182,87,95,31,16,15
59893301,562,282,280,66,28,38,183,106,77,183,87,96,8,2,6,102,50,52,20,9,11
59893302,478,238,240,55,21,34,153,92,61,155,66,89,4,2,2,101,53,48,10,4,6
59893303,697,362,335,88,40,48,236,139,97,223,108,115,7,4,3,131,62,69,12,9,3
59893304,295,146,149,36,11,25,85,52,33,110,48,62,3,1,2,55,29,26,6,5,1
59893305,463,236,227,51,22,29,153,89,64,148,65,83,3,1,2,97,51,46,11,8,3
59893306,96,48,48,16,3,13,36,22,14,33,17,16,2,0,2,7,4,3,2,2,0
59893307,255,122,133,33,16,17,74,44,30,78,30,48,7,2,5,62,29,33,1,1,0
59893308,703,343,360,88,38,50,225,128,97,222,100,122,9,3,6,142,69,73,17,5,12
59893309,165,78,87,16,4,12,62,38,24,53,24,29,2,0,2,30,11,19,2,1,1
59893310,315,152,163,39,13,26,122,67,55,107,45,62,3,2,1,38,22,16,6,3,3
59893311,1427,662,765,216,73,143,559,297,262,411,179,232,11,4,7,151,72,79,79,37,42
59893312,455,187,268,104,28,76,136,65,71,134,58,76,3,0,3,45,20,25,33,16,17
59893313,1003,463,540,141,52,89,298,152,146,300,131,169,12,2,10,194,88,106,58,38,20
59893314,4084,1936,2148,644,223,421,1673,913,760,1157,512,645,43,15,28,349,149,200,218,124,94
59893315,2309,1053,1256,285,95,190,738,393,345,777,333,444,24,7,17,366,158,208,119,67,52
59893316,1624,752,872,190,76,114,435,230,205,541,231,310,24,10,14,365,169,196,69,36,33
59893317,31,13,18,7,1,6,20,10,10,4,2,2,0,0,0,0,0,0,0,0,0
59893319,573,276,297,89,26,63,145,81,64,189,83,106,6,4,2,114,64,50,30,18,12
59893320,615,299,316,78,34,44,159,93,66,174,72,102,11,2,9,139,67,72,54,31,23
59893321,509,243,266,80,32,48,158,86,72,178,79,99,8,1,7,73,37,36,12,8,4
59893322,2428,1263,1165,297,144,153,642,349,293,677,312,365,23,8,15,423,206,217,366,244,122
59893323,524,254,270,65,20,45,177,113,64,175,70,105,3,0,3,89,42,47,15,9,6
3309900,0,0,0,0,0,0,0,0,0,0,0,0,0,0,0,0,0,0,0,0,0
59894101,3296,1636,1660,387,126,261,1113,672,441,1142,547,595,28,7,21,535,240,295,91,44,47
59894102,192,100,92,21,8,13,86,50,36,58,26,32,1,0,1,19,10,9,7,6,1
59896801,3707,1833,1874,466,182,284,1256,726,530,1194,558,636,43,12,31,581,262,319,167,93,74
59896802,554,262,292,84,26,58,203,112,91,172,88,84,9,3,6,55,21,34,31,12,19
56886401,978,504,474,168,77,91,393,229,164,238,116,122,9,2,7,88,32,56,82,48,34
0377880,0,0,0,0,0,0,0,0,0,0,0,0,0,0,0,0,0,0,0,0,0
0377960,0,0,0,0,0,0,0,0,0,0,0,0,0,0,0,0,0,0,0,0,0
55508801,481,254,227,53,24,29,132,84,48,148,77,71,1,0,1,137,64,73,10,5,5
55508802,4704,2145,2559,657,229,428,1672,874,798,1406,605,801,59,14,45,702,326,376,208,97,111
55508803,1458,707,751,149,59,90,485,264,221,462,215,247,18,4,14,266,119,147,78,46,32
55508804,5763,2657,3106,718,235,483,1948,1017,931,1844,817,1027,58,15,43,820,374,446,375,199,176
55508805,1111,566,545,130,61,69,279,149,130,378,187,191,14,6,8,296,151,145,14,12,2
55508806,1550,732,818,146,58,88,414,228,186,522,227,295,30,8,22,407,193,214,31,18,13
55508807,257,111,146,21,4,17,69,41,28,91,37,54,0,0,0,71,27,44,5,2,3
55508808,404,208,196,48,17,31,79,53,26,158,80,78,9,3,6,105,52,53,5,3,2
55508809,639,318,321,64,24,40,179,106,73,242,112,130,4,1,3,134,66,68,16,9,7
55508810,3054,1488,1566,492,194,298,1291,716,575,836,374,462,19,6,13,242,107,135,174,91,83
55508811,3777,1811,1966,678,270,408,1426,750,676,1094,512,582,28,6,22,321,147,174,230,126,104
55508812,468,206,262,80,26,54,111,49,62,164,76,88,5,2,3,92,45,47,16,8,8
55508813,618,248,370,125,29,96,240,110,130,164,71,93,12,5,7,65,31,34,12,2,10
55508814,1479,691,788,272,113,159,607,319,288,397,177,220,18,7,11,86,29,57,99,46,53
55508815,2987,1517,1470,838,336,502,1037,577,460,312,155,157,11,5,6,85,49,36,704,395,309
55508816,40,22,18,8,3,5,15,10,5,14,9,5,0,0,0,3,0,3,0,0,0
55508817,2171,1162,1009,378,175,203,838,480,358,485,246,239,13,7,6,207,99,108,250,155,95
55508818,591,295,296,128,50,78,206,120,86,134,59,75,4,2,2,47,23,24,72,41,31
55508819,988,484,504,114,48,66,223,123,100,351,156,195,7,3,4,266,139,127,27,15,12
55508820,780,410,370,89,46,43,242,144,98,297,147,150,12,3,9,119,56,63,21,14,7
55508821,45,23,22,7,4,3,20,10,10,13,7,6,0,0,0,5,2,3,0,0,0
55508822,134,68,66,28,9,19,54,31,23,26,15,11,1,1,0,10,4,6,15,8,7
55508823,4184,2018,2166,701,274,427,1594,880,714,1155,508,647,44,11,33,431,194,237,259,151,108
55508824,3149,1436,1713,434,132,302,1055,580,475,1007,433,574,51,15,36,449,192,257,153,84,69
55508825,363,183,180,24,12,12,117,71,46,121,54,67,4,0,4,94,45,49,3,1,2
55508826,68,30,38,25,12,13,11,8,3,25,7,18,0,0,0,7,3,4,0,0,0
55508827,4232,2255,1977,605,260,345,1519,875,644,1073,488,585,42,11,31,394,181,213,599,440,159
55508828,32,16,16,4,0,4,9,6,3,7,5,2,1,0,1,9,3,6,2,2,0
55508829,3118,1473,1645,533,176,357,1239,676,563,858,394,464,26,9,17,290,127,163,172,91,81
55508830,3619,1670,1949,524,158,366,1333,715,618,1098,502,596,42,10,32,441,188,253,181,97,84
55508831,1780,827,953,298,89,209,676,360,316,502,238,264,18,5,13,181,74,107,105,61,44
55508832,4562,2127,2435,774,276,498,1848,1005,843,1229,520,709,48,16,32,447,193,254,216,117,99
59817801,726,354,372,72,27,45,201,119,82,237,112,125,12,5,7,169,70,99,35,21,14
59817802,211,102,109,12,3,9,58,37,21,83,35,48,2,1,1,53,25,28,3,1,2
59817803,257,120,137,19,6,13,74,41,33,94,39,55,5,2,3,58,29,29,7,3,4
59817804,263,125,138,33,10,23,85,46,39,78,36,42,7,1,6,47,23,24,13,9,4
59817805,597,303,294,66,29,37,165,103,62,193,93,100,8,3,5,154,67,87,11,8,3
55273901,635,318,317,71,25,46,169,97,72,222,107,115,6,0,6,152,80,72,15,9,6
55273902,2791,1413,1378,454,180,274,1065,610,455,761,367,394,13,4,9,286,124,162,212,128,84
55273903,101,57,44,22,10,12,19,14,5,18,8,10,0,0,0,4,2,2,38,23,15
55529101,92,44,48,9,3,6,32,19,13,31,10,21,1,0,1,13,7,6,6,5,1
55529102,39,17,22,3,2,1,7,5,2,16,4,12,0,0,0,11,6,5,2,0,2
55529103,489,248,241,54,20,34,142,90,52,175,80,95,0,0,0,100,46,54,18,12,6
55529104,443,223,220,63,23,40,142,85,57,124,62,62,4,1,3,96,46,50,14,6,8
0638430,0,0,0,0,0,0,0,0,0,0,0,0,0,0,0,0,0,0,0,0,0
0639590,0,0,0,0,0,0,0,0,0,0,0,0,0,0,0,0,0,0,0,0,0
0640092,0,0,0,0,0,0,0,0,0,0,0,0,0,0,0,0,0,0,0,0,0
0640680,0,0,0,0,0,0,0,0,0,0,0,0,0,0,0,0,0,0,0,0,0
0640760,0,0,0,0,0,0,0,0,0,0,0,0,0,0,0,0,0,0,0,0,0
0640840,0,0,0,0,0,0,0,0,0,0,0,0,0,0,0,0,0,0,0,0,0
0640920,0,0,0,0,0,0,0,0,0,0,0,0,0,0,0,0,0,0,0,0,0
0641220,0,0,0,0,0,0,0,0,0,0,0,0,0,0,0,0,0,0,0,0,0
0641310,0,0,0,0,0,0,0,0,0,0,0,0,0,0,0,0,0,0,0,0,0
0641570,0,0,0,0,0,0,0,0,0,0,0,0,0,0,0,0,0,0,0,0,0
0641650,0,0,0,0,0,0,0,0,0,0,0,0,0,0,0,0,0,0,0,0,0
0641730,0,0,0,0,0,0,0,0,0,0,0,0,0,0,0,0,0,0,0,0,0
0873270,0,0,0,0,0,0,0,0,0,0,0,0,0,0,0,0,0,0,0,0,0
3312790,0,0,0,0,0,0,0,0,0,0,0,0,0,0,0,0,0,0,0,0,0
59891702,5525,2624,2901,956,352,604,2174,1178,996,1573,718,855,50,13,37,467,202,265,305,161,144
59891703,700,350,350,95,43,52,212,118,94,236,115,121,5,3,2,130,59,71,22,12,10
59891704,295,146,149,39,18,21,108,62,46,96,42,54,1,0,1,32,13,19,19,11,8
59891705,240,125,115,31,17,14,105,61,44,63,32,31,5,1,4,21,9,12,15,5,10
59891706,207,103,104,29,5,24,75,46,29,78,42,36,2,0,2,23,10,13,0,0,0
59891707,120,64,56,12,4,8,45,29,16,42,20,22,0,0,0,14,7,7,7,4,3
59891711,1201,839,362,136,74,62,254,182,72,145,82,63,3,2,1,79,42,37,584,457,127
59891712,224,106,118,23,9,14,73,38,35,79,36,43,0,0,0,40,18,22,9,5,4
59891713,492,315,177,139,105,34,124,97,27,132,66,66,6,1,5,80,38,42,11,8,3
59891714,199,97,102,21,7,14,51,29,22,71,35,36,4,3,1,46,21,25,6,2,4
59891715,95,51,44,31,17,14,27,19,8,23,10,13,2,1,1,7,2,5,5,2,3
59891716,337,138,199,58,13,45,106,46,60,118,49,69,2,0,2,44,21,23,9,9,0
59891719,4710,2272,2438,800,305,495,1928,1065,863,1308,592,716,37,11,26,401,171,230,236,128,108
59891720,812,395,417,87,32,55,180,102,78,294,146,148,12,3,9,224,107,117,15,5,10
59891721,3694,1725,1969,576,214,362,1433,772,661,1094,473,621,20,5,15,390,166,224,181,95,86
59891723,184,95,89,16,8,8,55,34,21,71,35,36,0,0,0,36,15,21,6,3,3
59891725,2502,1230,1272,871,327,544,651,359,292,175,88,87,7,6,1,37,25,12,761,425,336
59891726,3405,1607,1798,664,237,427,1365,741,624,855,385,470,25,6,19,268,113,155,228,125,103
59891728,1040,533,507,315,126,189,362,203,159,122,68,54,2,1,1,34,17,17,205,118,87
59891729,3335,1544,1791,653,215,438,1315,722,593,819,345,474,27,14,13,249,101,148,272,147,125
59891730,4797,2258,2539,929,333,596,1944,1054,890,1229,567,662,29,8,21,331,112,219,335,184,151
59891731,1050,464,586,197,58,139,411,202,209,272,127,145,12,4,8,100,42,58,58,31,27
59891732,16,9,7,0,0,0,3,2,1,3,2,1,3,0,3,5,4,1,2,1,1
59891733,41,20,21,5,2,3,6,4,2,21,9,12,0,0,0,8,5,3,1,0,1
59891734,4398,2029,2369,750,237,513,1709,903,806,1249,581,668,42,10,32,424,169,255,224,129,95
59891735,1465,717,748,211,80,131,494,285,209,460,215,245,12,3,9,249,121,128,39,13,26
59891736,801,400,401,100,43,57,265,139,126,286,143,143,9,4,5,131,66,65,10,5,5
1124110,0,0,0,0,0,0,0,0,0,0,0,0,0,0,0,0,0,0,0,0,0
1124610,0,0,0,0,0,0,0,0,0,0,0,0,0,0,0,0,0,0,0,0,0
3415680,0,0,0,0,0,0,0,0,0,0,0,0,0,0,0,0,0,0,0,0,0
59906901,294,133,161,38,13,25,105,56,49,92,37,55,2,1,1,45,19,26,12,7,5
59906902,397,191,206,55,21,34,91,55,36,144,70,74,7,3,4,92,37,55,8,5,3
59906903,2957,1331,1626,491,168,323,1133,582,551,792,343,449,24,5,19,245,97,148,272,136,136
59906904,447,214,233,59,18,41,158,90,68,140,59,81,9,4,5,70,36,34,11,7,4
59906905,278,129,149,32,9,23,81,40,41,97,48,49,1,1,0,55,25,30,12,6,6
59906906,4204,2080,2124,596,258,338,1723,942,781,1228,549,679,51,15,36,370,157,213,236,159,77
59906907,2245,1083,1162,363,146,217,909,483,426,621,293,328,23,9,14,215,95,120,114,57,57
59906908,3023,1428,1595,523,200,323,1230,659,571,802,352,450,32,9,23,228,97,131,208,111,97
59906909,3428,1692,1736,540,183,357,1348,731,617,804,338,466,25,9,16,247,111,136,464,320,144
59906910,434,199,235,61,17,44,134,78,56,156,67,89,1,0,1,72,32,40,10,5,5
59906911,266,131,135,29,11,18,90,53,37,86,40,46,3,2,1,52,22,30,6,3,3
59906912,55,14,41,17,2,15,23,6,17,14,5,9,0,0,0,1,1,0,0,0,0
59906914,211,102,109,28,8,20,70,45,25,71,36,35,3,0,3,30,8,22,9,5,4
59906915,57,30,27,5,3,2,29,19,10,18,6,12,0,0,0,5,2,3,0,0,0
59906916,604,298,306,108,38,70,212,131,81,147,58,89,7,1,6,54,26,28,76,44,32
59906917,126,57,69,32,11,21,26,14,12,39,20,19,0,0,0,9,4,5,20,8,12
59906919,19,11,8,5,4,1,7,3,4,3,2,1,1,0,1,0,0,0,3,2,1
59906920,68,40,28,19,9,10,19,14,5,20,12,8,0,0,0,7,4,3,3,1,2
59906921,61,29,32,25,10,15,17,10,7,7,4,3,0,0,0,1,0,1,11,5,6
59906922,1614,812,802,461,198,263,538,310,228,249,118,131,7,1,6,69,28,41,290,157,133
59906923,1343,680,663,182,79,103,473,287,186,431,182,249,6,2,4,179,89,90,72,41,31
59906924,91,48,43,8,4,4,29,16,13,38,16,22,1,1,0,11,8,3,4,3,1
59906925,511,253,258,64,27,37,145,91,54,181,79,102,6,2,4,102,47,55,13,7,6
59906926,341,168,173,41,15,26,101,60,41,128,59,69,7,2,5,59,29,30,5,3,2
59906927,385,197,188,125,54,71,107,62,45,38,23,15,0,0,0,6,3,3,109,55,54
59907701,922,540,382,142,76,66,297,195,102,289,151,138,9,1,8,118,62,56,67,55,12
59907702,343,165,178,53,21,32,110,59,51,91,38,53,1,0,1,56,29,27,32,18,14
59907703,1726,864,862,208,83,125,565,323,242,576,263,313,13,7,6,287,142,145,77,46,31
59907704,99,54,45,12,5,7,28,17,11,32,21,11,1,0,1,24,10,14,2,1,1
59907705,465,221,244,80,36,44,138,82,56,151,59,92,6,1,5,81,39,42,9,4,5
59907706,617,304,313,94,36,58,242,148,94,189,81,108,9,1,8,69,31,38,14,7,7
59908501,6147,3031,3116,935,399,536,2083,1183,900,1808,812,996,70,22,48,871,387,484,380,228,152
59910701,2900,1423,1477,383,154,229,928,528,400,919,429,490,34,8,26,445,197,248,191,107,84
59910702,3308,1614,1694,457,171,286,1076,635,441,1033,459,574,28,5,23,603,282,321,111,62,49
3417030,0,0,0,0,0,0,0,0,0,0,0,0,0,0,0,0,0,0,0,0,0
3417110,0,0,0,0,0,0,0,0,0,0,0,0,0,0,0,0,0,0,0,0,0
3417200,0,0,0,0,0,0,0,0,0,0,0,0,0,0,0,0,0,0,0,0,0
3417380,0,0,0,0,0,0,0,0,0,0,0,0,0,0,0,0,0,0,0,0,0
59914001,166,80,86,26,10,16,74,40,34,43,23,20,0,0,0,9,1,8,14,6,8
59914002,1075,538,537,172,72,100,360,199,161,335,166,169,14,4,10,146,70,76,48,27,21
59914003,180,89,91,13,6,7,68,35,33,62,26,36,0,0,0,29,17,12,8,5,3
59914004,19,10,9,5,3,2,7,3,4,5,3,2,0,0,0,1,1,0,1,0,1
59915801,590,288,302,62,22,40,215,123,92,186,88,98,4,1,3,105,44,61,18,10,8
59915802,158,81,77,20,9,11,55,33,22,62,29,33,3,0,3,16,8,8,2,2,0
59915803,59,31,28,11,4,7,19,13,6,14,7,7,0,0,0,15,7,8,0,0,0
59915804,389,196,193,44,11,33,140,87,53,125,62,63,3,0,3,63,29,34,14,7,7
59915805,148,75,73,27,14,13,38,21,17,53,24,29,2,0,2,22,11,11,6,5,1
59915806,1830,887,943,211,78,133,547,292,255,639,312,327,14,4,10,364,167,197,55,34,21
59915807,150,71,79,14,4,10,53,29,24,54,23,31,0,0,0,25,13,12,4,2,2
59915808,218,113,105,20,13,7,79,50,29,73,33,40,6,1,5,36,15,21,4,1,3
59915809,330,154,176,36,17,19,83,40,43,115,51,64,6,2,4,88,43,45,2,1,1
56874101,559,278,281,65,24,41,199,115,84,179,79,100,5,3,2,94,44,50,17,13,4
59921201,1090,549,541,164,71,93,468,275,193,285,125,160,11,0,11,113,51,62,49,27,22
59921202,290,150,140,44,18,26,105,62,43,89,40,49,2,0,2,35,19,16,15,11,4
56848101,754,387,367,82,33,49,242,154,88,260,122,138,11,4,7,143,67,76,16,7,9
54698401,477,243,234,120,44,76,176,113,63,104,52,52,7,1,6,44,17,27,26,16,10
0044480,0,0,0,0,0,0,0,0,0,0,0,0,0,0,0,0,0,0,0,0,0
0044560,0,0,0,0,0,0,0,0,0,0,0,0,0,0,0,0,0,0,0,0,0
3050310,0,0,0,0,0,0,0,0,0,0,0,0,0,0,0,0,0,0,0,0,0
3201290,0,0,0,0,0,0,0,0,0,0,0,0,0,0,0,0,0,0,0,0,0
59924701,24,9,15,4,1,3,13,6,7,5,1,4,1,0,1,0,0,0,1,1,0
59924702,221,110,111,24,7,17,110,68,42,67,29,38,3,0,3,12,4,8,5,2,3
59924703,107,56,51,17,8,9,36,21,15,36,18,18,4,1,3,8,4,4,6,4,2
59924704,324,154,170,33,13,20,141,75,66,89,39,50,3,2,1,50,22,28,8,3,5
59924705,54,21,33,5,2,3,23,10,13,16,5,11,1,0,1,9,4,5,0,0,0
59924706,191,91,100,31,12,19,57,36,21,63,25,38,2,0,2,37,17,20,1,1,0
59924707,497,261,236,74,31,43,186,122,64,139,63,76,1,0,1,86,38,48,11,7,4
59924709,126,63,63,8,4,4,40,23,17,39,19,20,1,0,1,35,16,19,3,1,2
59924710,714,335,379,88,32,56,263,153,110,207,84,123,7,2,5,110,43,67,39,21,18
59924711,79,39,40,10,2,8,36,25,11,20,7,13,1,0,1,12,5,7,0,0,0
59924712,1242,593,649,231,94,137,390,206,184,326,167,159,11,2,9,222,98,124,62,26,36
59924713,929,469,460,135,60,75,309,172,137,259,107,152,14,6,8,94,41,53,118,83,35
59924715,83,42,41,11,6,5,22,15,7,32,11,21,1,0,1,17,10,7,0,0,0
59924716,87,43,44,9,4,5,25,14,11,29,14,15,0,0,0,21,9,12,3,2,1
59924717,781,354,427,122,44,78,256,136,120,226,98,128,5,2,3,127,54,73,45,20,25
59924718,141,71,70,13,8,5,37,20,17,58,26,32,1,1,0,29,14,15,3,2,1
59924719,444,217,227,62,26,36,99,60,39,151,74,77,4,1,3,117,48,69,11,8,3
55493601,388,201,187,43,15,28,134,91,43,110,43,67,5,1,4,88,45,43,8,6,2
56843101,63,33,30,3,3,0,22,12,10,18,8,10,0,0,0,17,8,9,3,2,1
56843102,436,210,226,60,24,36,172,102,70,122,48,74,8,1,7,55,24,31,19,11,8
55685801,773,408,365,121,59,62,301,177,124,179,88,91,3,1,2,127,53,74,42,30,12
59934401,145,76,69,11,4,7,62,32,30,52,30,22,0,0,0,17,9,8,3,1,2
59934402,1116,556,560,134,52,82,397,209,188,327,142,185,11,5,6,136,69,67,111,79,32
59934403,481,240,241,50,19,31,169,95,74,157,79,78,10,3,7,91,42,49,4,2,2
59934404,748,334,414,97,27,70,229,125,104,257,111,146,18,8,10,130,56,74,17,7,10
59934405,889,439,450,86,36,50,292,166,126,282,128,154,17,6,11,179,85,94,33,18,15
59934406,102,53,49,11,4,7,43,23,20,29,13,16,0,0,0,18,13,5,1,0,1
59934408,1186,557,629,147,46,101,464,235,229,351,163,188,14,4,10,157,75,82,53,34,19
59934409,63,34,29,8,3,5,22,14,8,20,12,8,0,0,0,11,4,7,2,1,1
59934410,1372,698,674,188,82,106,508,273,235,411,195,216,16,4,12,165,83,82,84,61,23
59934411,1941,885,1056,271,111,160,713,347,366,619,264,355,28,9,19,231,110,121,79,44,35
59934412,862,406,456,118,36,82,242,142,100,273,116,157,14,3,11,196,99,97,19,10,9
59934413,52,29,23,4,1,3,16,10,6,15,9,6,2,0,2,13,7,6,2,2,0
59935201,294,152,142,45,20,25,120,68,52,77,41,36,5,2,3,41,18,23,6,3,3
59935202,78,37,41,8,3,5,38,22,16,16,9,7,0,0,0,15,2,13,1,1,0
59935203,504,255,249,92,33,59,206,133,73,125,48,77,5,1,4,49,23,26,27,17,10
59935204,115,58,57,25,14,11,45,23,22,22,9,13,1,0,1,6,4,2,16,8,8
59935205,54,28,26,10,5,5,20,11,9,13,8,5,2,0,2,6,2,4,3,2,1
59935206,47,27,20,8,3,5,20,12,8,10,7,3,1,0,1,7,4,3,1,1,0
59935207,303,149,154,37,10,27,124,78,46,92,42,50,5,1,4,36,13,23,9,5,4
59935208,362,180,182,51,16,35,141,93,48,121,48,73,3,0,3,32,15,17,14,8,6
59935209,101,55,46,21,10,11,45,27,18,17,9,8,0,0,0,9,3,6,9,6,3
59935210,2412,1166,1246,405,159,246,883,504,379,638,284,354,30,7,23,261,111,150,195,101,94
59935211,108,54,54,24,12,12,54,29,25,12,4,8,1,0,1,10,6,4,7,3,4
59935212,141,71,70,35,17,18,54,33,21,37,14,23,2,0,2,9,4,5,4,3,1
56856201,232,119,113,47,20,27,96,56,40,55,27,28,2,1,1,22,7,15,10,8,2
56856202,57,32,25,11,5,6,30,18,12,12,7,5,1,1,0,1,0,1,2,1,1
56857101,144,71,73,21,7,14,52,27,25,43,21,22,0,0,0,18,8,10,10,8,2
56966601,123,58,65,15,4,11,47,27,20,40,16,24,0,0,0,12,5,7,9,6,3
56966602,677,349,328,104,47,57,289,176,113,168,76,92,4,1,3,73,29,44,39,20,19
59940901,1352,657,695,147,48,99,490,301,189,438,187,251,26,8,18,201,87,114,50,26,24
56851101,650,331,319,79,31,48,234,139,95,212,103,109,12,3,9,92,43,49,21,12,9
55406501,517,250,267,82,31,51,238,139,99,131,52,79,2,0,2,34,9,25,30,19,11
59946801,134,61,73,21,8,13,66,35,31,31,11,20,2,1,1,9,4,5,5,2,3
59946802,264,140,124,40,12,28,102,61,41,83,46,37,3,1,2,28,13,15,8,7,1
59946803,46,22,24,4,2,2,21,11,10,15,8,7,0,0,0,3,1,2,3,0,3
59946804,853,435,418,149,59,90,329,201,128,230,93,137,9,0,9,84,41,43,52,41,11
59946806,197,106,91,38,18,20,75,45,30,54,30,24,4,2,2,18,7,11,8,4,4
59950601,363,179,184,40,16,24,141,78,63,107,54,53,3,0,3,64,25,39,8,6,2
59950602,962,478,484,123,43,80,309,192,117,289,129,160,17,5,12,169,77,92,55,32,23
56864301,567,271,296,58,21,37,220,117,103,173,81,92,9,4,5,90,37,53,17,11,6
0694420,0,0,0,0,0,0,0,0,0,0,0,0,0,0,0,0,0,0,0,0,0
3311470,0,0,0,0,0,0,0,0,0,0,0,0,0,0,0,0,0,0,0,0,0
59956501,643,311,332,75,19,56,241,140,101,190,89,101,14,2,12,99,48,51,24,13,11
59956502,505,255,250,56,20,36,177,109,68,157,70,87,13,5,8,94,47,47,8,4,4
59956503,2809,1452,1357,320,135,185,931,526,405,842,377,465,52,19,33,347,175,172,317,220,97
59956504,336,175,161,49,21,28,101,71,30,100,43,57,4,0,4,77,38,39,5,2,3
59956505,1826,866,960,243,98,145,584,309,275,564,254,310,42,11,31,264,125,139,129,69,60
59956506,105,54,51,9,6,3,23,14,9,42,21,21,1,0,1,27,12,15,3,1,2
59956507,500,238,262,52,18,34,136,81,55,159,65,94,6,4,2,120,53,67,27,17,10
59956508,71,56,15,15,10,5,22,19,3,10,8,2,1,1,0,2,1,1,21,17,4
59956511,221,117,104,27,13,14,73,45,28,65,25,40,7,3,4,24,13,11,25,18,7
59956512,4433,2180,2253,655,291,364,1730,949,781,1320,602,718,82,29,53,453,202,251,193,107,86
59956513,289,148,141,26,15,11,71,40,31,119,53,66,7,4,3,60,32,28,6,4,2
59956514,196,99,97,25,11,14,48,32,16,76,35,41,1,0,1,42,19,23,4,2,2
59956515,211,103,108,21,7,14,65,36,29,81,37,44,0,0,0,36,19,17,8,4,4
59956516,2400,1096,1304,341,121,220,960,516,444,713,271,442,47,19,28,237,114,123,102,55,47
59956517,1685,811,874,232,96,136,603,331,272,491,224,267,37,13,24,250,113,137,72,34,38
59956518,604,293,311,75,33,42,191,112,79,209,92,117,8,2,6,103,46,57,18,8,10
59956519,578,293,285,55,23,32,213,116,97,191,99,92,9,3,6,95,42,53,15,10,5
59956520,333,165,168,38,17,21,106,63,43,120,52,68,10,3,7,50,24,26,9,6,3
55531201,436,230,206,89,39,50,184,117,67,95,39,56,2,2,0,35,13,22,31,20,11
56854601,1485,723,762,239,91,148,600,351,249,414,189,225,18,3,15,151,62,89,63,27,36
50004601,1392,695,697,152,60,92,545,317,228,429,203,226,21,4,17,200,89,111,45,22,23
59960301,57,28,29,6,4,2,19,13,6,26,9,17,2,0,2,3,1,2,1,1,0
59960302,119,60,59,12,9,3,34,22,12,36,15,21,1,1,0,35,13,22,1,0,1
59960303,1065,545,520,125,51,74,389,247,142,358,163,195,20,6,14,140,58,82,33,20,13
59964601,38,20,18,7,3,4,16,8,8,8,5,3,1,0,1,6,4,2,0,0,0
59964602,264,142,122,36,15,21,120,69,51,67,35,32,2,0,2,29,14,15,10,9,1
56858901,463,235,228,76,35,41,210,120,90,130,58,72,3,1,2,32,13,19,12,8,4
59968901,1918,957,961,286,93,193,701,435,266,580,277,303,19,6,13,250,94,156,82,52,30
59968902,41,21,20,5,2,3,14,8,6,14,7,7,0,0,0,8,4,4,0,0,0
3414100,0,0,0,0,0,0,0,0,0,0,0,0,0,0,0,0,0,0,0,0,0
3414280,0,0,0,0,0,0,0,0,0,0,0,0,0,0,0,0,0,0,0,0,0
56868601,350,187,163,44,15,29,166,104,62,82,38,44,5,1,4,35,18,17,18,11,7
56868602,264,124,140,37,14,23,90,57,33,90,34,56,4,1,3,33,15,18,10,3,7
1075060,0,0,0,0,0,0,0,0,0,0,0,0,0,0,0,0,0,0,0,0,0
1075570,0,0,0,0,0,0,0,0,0,0,0,0,0,0,0,0,0,0,0,0,0
3200810,0,0,0,0,0,0,0,0,0,0,0,0,0,0,0,0,0,0,0,0,0
59919101,325,168,157,36,14,22,120,84,36,126,52,74,7,2,5,34,16,18,2,0,2
59919102,160,79,81,21,7,14,53,31,22,44,21,23,2,1,1,30,13,17,10,6,4
59919103,1644,795,849,237,116,121,585,307,278,548,233,315,14,5,9,189,92,97,71,42,29
59919104,822,409,413,98,40,58,288,175,113,264,115,149,11,3,8,138,65,73,23,11,12
59919106,21,9,12,3,1,2,6,3,3,8,4,4,1,0,1,3,1,2,0,0,0
59919107,408,188,220,60,23,37,153,88,65,125,48,77,2,1,1,62,24,38,6,4,2
59919108,15,6,9,2,0,2,3,2,1,3,1,2,0,0,0,7,3,4,0,0,0
59919109,4285,1965,2320,529,210,319,1442,777,665,1410,597,813,79,20,59,687,293,394,138,68,70
59919110,798,497,301,112,61,51,160,101,59,140,67,73,3,0,3,71,41,30,312,227,85
59919111,609,303,306,79,38,41,190,104,86,177,84,93,8,5,3,95,40,55,60,32,28
59919112,2844,1314,1530,448,161,287,904,452,452,877,377,500,37,13,24,355,170,185,223,141,82
59919113,100,52,48,30,17,13,23,13,10,20,9,11,1,0,1,4,4,0,22,9,13
59919114,588,273,315,72,26,46,175,100,75,209,95,114,9,5,4,105,39,66,18,8,10
59919115,2027,911,1116,286,111,175,556,294,262,630,249,381,31,10,21,441,211,230,83,36,47
59919116,1212,586,626,106,47,59,305,171,134,420,189,231,14,2,12,312,147,165,55,30,25
59919117,1631,775,856,297,113,184,522,295,227,457,201,256,18,7,11,223,103,120,114,56,58
59919119,150,69,81,12,7,5,33,19,14,42,15,27,2,0,2,49,20,29,12,8,4
59919120,667,352,315,84,34,50,214,136,78,248,119,129,4,2,2,96,48,48,21,13,8
59919121,751,357,394,115,46,69,198,111,87,237,114,123,11,3,8,155,70,85,35,13,22
59970101,176,95,81,25,13,12,77,47,30,40,18,22,1,1,0,22,10,12,11,6,5
59970103,130,69,61,23,7,16,53,35,18,33,19,14,3,1,2,14,7,7,4,0,4
59970104,422,206,216,62,21,41,153,92,61,137,61,76,5,1,4,48,21,27,17,10,7
59970105,130,67,63,21,9,12,59,36,23,27,9,18,2,1,1,14,6,8,7,6,1
59970106,113,56,57,31,14,17,48,30,18,17,5,12,1,0,1,8,4,4,8,3,5
59970107,162,83,79,25,12,13,53,33,20,48,19,29,2,1,1,31,18,13,3,0,3
59970108,163,85,78,25,5,20,76,48,28,41,19,22,0,0,0,14,8,6,7,5,2
59970109,181,96,85,25,10,15,72,47,25,56,24,32,4,1,3,21,11,10,3,3,0
59970110,1221,647,574,232,93,139,433,261,172,261,113,148,21,10,11,140,70,70,134,100,34
59970111,40,18,22,6,2,4,7,5,2,13,4,9,2,1,1,8,4,4,4,2,2
59970112,136,61,75,29,12,17,58,31,27,32,11,21,2,1,1,10,4,6,5,2,3
59970113,1042,497,545,209,79,130,336,190,146,257,116,141,7,1,6,143,60,83,90,51,39
59970114,582,266,316,126,56,70,223,110,113,159,64,95,5,2,3,41,18,23,28,16,12
59970115,321,145,176,59,22,37,118,73,45,85,34,51,0,0,0,37,8,29,22,8,14
59970116,992,482,510,205,79,126,339,197,142,273,122,151,13,8,5,117,54,63,45,22,23
59970118,33,19,14,4,2,2,16,12,4,12,4,8,0,0,0,1,1,0,0,0,0
1205110,0,0,0,0,0,0,0,0,0,0,0,0,0,0,0,0,0,0,0,0,0
59974301,95,43,52,15,6,9,31,19,12,32,12,20,2,0,2,14,5,9,1,1,0
59974302,1060,522,538,125,46,79,359,210,149,315,151,164,12,1,11,202,86,116,47,28,19
59974303,202,92,110,37,8,29,63,37,26,57,28,29,3,2,1,33,14,19,9,3,6
1353810,0,0,0,0,0,0,0,0,0,0,0,0,0,0,0,0,0,0,0,0,0
3051620,0,0,0,0,0,0,0,0,0,0,0,0,0,0,0,0,0,0,0,0,0
59980801,392,203,189,33,13,20,147,82,65,135,75,60,5,0,5,58,24,34,14,9,5
59980802,225,106,119,26,11,15,77,46,31,77,29,48,3,1,2,38,17,21,4,2,2
59980803,592,332,260,68,31,37,165,103,62,172,93,79,17,8,9,90,40,50,80,57,23
59980804,400,188,212,46,18,28,111,65,46,125,54,71,7,4,3,106,45,61,5,2,3
59980806,1169,583,586,160,69,91,446,239,207,350,175,175,16,2,14,148,73,75,49,25,24
59980807,417,214,203,41,21,20,160,88,72,138,65,73,5,1,4,60,32,28,13,7,6
59980808,282,133,149,42,23,19,76,38,38,106,48,58,4,1,3,47,22,25,7,1,6
59980809,608,272,336,98,36,62,196,102,94,178,73,105,3,1,2,104,47,57,29,13,16
59980810,419,208,211,29,12,17,151,87,64,150,67,83,9,4,5,64,26,38,16,12,4
59980811,2074,945,1129,273,89,184,676,324,352,701,331,370,24,10,14,315,143,172,85,48,37
59980812,32,17,15,4,3,1,10,4,6,11,6,5,0,0,0,7,4,3,0,0,0
59980813,270,136,134,31,13,18,90,50,40,79,42,37,5,3,2,61,27,34,4,1,3
56877501,808,386,422,93,25,68,293,184,109,273,105,168,11,2,9,110,58,52,28,12,16
56855401,967,487,480,109,44,65,385,234,151,289,131,158,25,10,15,138,59,79,21,9,12
59983201,1311,640,671,186,78,108,519,296,223,344,144,200,28,9,19,174,76,98,60,37,23
59983202,24,11,13,3,1,2,9,4,5,10,6,4,0,0,0,2,0,2,0,0,0
56871601,428,205,223,65,16,49,156,91,65,123,59,64,8,3,5,60,27,33,16,9,7
56871602,222,116,106,29,13,16,96,65,31,60,23,37,1,1,0,32,13,19,4,1,3
56840601,97,45,52,10,4,6,26,12,14,30,12,18,0,0,0,29,16,13,2,1,1
56840602,507,249,258,58,23,35,149,85,64,182,83,99,8,5,3,100,50,50,10,3,7
59986702,711,358,353,109,40,69,297,183,114,187,74,113,2,0,2,77,37,40,39,24,15
59990501,97,45,52,21,7,14,37,21,16,30,13,17,0,0,0,7,2,5,2,2,0
59990502,111,62,49,17,10,7,49,34,15,32,13,19,2,0,2,7,4,3,4,1,3
59990503,212,102,110,22,11,11,77,43,34,74,28,46,2,2,0,27,14,13,10,4,6
59990504,213,103,110,21,8,13,84,48,36,60,29,31,4,1,3,31,11,20,13,6,7
59990505,197,98,99,23,10,13,73,44,29,60,26,34,5,5,0,33,11,22,3,2,1
59990506,188,93,95,14,5,9,67,40,27,53,23,30,5,1,4,45,23,22,4,1,3
59990507,321,153,168,44,15,29,115,70,45,102,46,56,3,1,2,48,17,31,9,4,5
59990508,345,172,173,44,13,31,100,64,36,124,52,72,3,2,1,60,32,28,14,9,5
59990509,27,13,14,3,3,0,9,5,4,15,5,10,0,0,0,0,0,0,0,0,0
59990510,566,280,286,59,29,30,172,100,72,179,80,99,8,3,5,135,62,73,13,6,7
1584020,0,0,0,0,0,0,0,0,0,0,0,0,0,0,0,0,0,0,0,0,0
1584290,0,0,0,0,0,0,0,0,0,0,0,0,0,0,0,0,0,0,0,0,0
3154350,0,0,0,0,0,0,0,0,0,0,0,0,0,0,0,0,0,0,0,0,0
3154430,0,0,0,0,0,0,0,0,0,0,0,0,0,0,0,0,0,0,0,0,0
59992101,172,85,87,38,16,22,83,47,36,32,14,18,4,0,4,12,7,5,3,1,2
59992102,34,19,15,14,6,8,6,6,0,1,1,0,0,0,0,0,0,0,13,6,7
59992103,306,167,139,28,13,15,112,74,38,107,55,52,4,0,4,43,20,23,12,5,7
59992104,3022,1452,1570,435,144,291,1121,591,530,879,406,473,35,10,25,286,127,159,266,174,92
59992105,936,455,481,142,46,96,388,219,169,256,126,130,12,2,10,109,47,62,29,15,14
59992106,666,311,355,118,46,72,267,139,128,167,81,86,8,1,7,65,29,36,41,15,26
59992107,169,85,84,34,10,24,62,43,19,49,18,31,2,1,1,12,7,5,10,6,4
59992108,1149,582,567,129,55,74,385,234,151,396,183,213,13,2,11,184,84,100,42,24,18
59992109,184,88,96,26,13,13,54,27,27,59,27,32,5,2,3,35,17,18,5,2,3
59992110,942,458,484,74,31,43,306,175,131,341,156,185,9,3,6,187,83,104,25,10,15
59993001,155,79,76,18,8,10,67,43,24,36,11,25,1,0,1,23,10,13,10,7,3
59993002,1671,809,862,229,82,147,616,345,271,526,238,288,21,6,15,192,85,107,87,53,34
59993003,264,139,125,37,20,17,114,63,51,64,31,33,4,1,3,24,9,15,21,15,6
3414440,0,0,0,0,0,0,0,0,0,0,0,0,0,0,0,0,0,0,0,0,0
55417101,1157,548,609,143,46,97,391,223,168,367,155,212,10,3,7,200,96,104,46,25,21
55417102,464,216,248,60,16,44,153,78,75,147,69,78,8,2,6,57,24,33,39,27,12
55417103,70,34,36,5,2,3,33,15,18,15,5,10,0,0,0,15,10,5,2,2,0
1640890,0,0,0,0,0,0,0,0,0,0,0,0,0,0,0,0,0,0,0,0,0
59994801,1041,496,545,176,73,103,416,228,188,271,110,161,14,6,8,103,44,59,61,35,26
59994802,154,74,80,19,8,11,63,37,26,39,14,25,2,0,2,29,14,15,2,1,1
59994803,1606,806,800,177,67,110,507,291,216,531,243,288,25,4,21,302,158,144,64,43,21
59995601,1253,615,638,151,48,103,456,259,197,420,207,213,23,10,13,157,65,92,46,26,20
59995602,189,94,95,22,9,13,49,29,20,63,25,38,1,1,0,52,29,23,2,1,1
59995603,26,11,15,2,0,2,12,6,6,7,2,5,0,0,0,4,2,2,1,1,0
59996401,78,41,37,7,2,5,33,17,16,20,13,7,3,0,3,14,9,5,1,0,1
59996402,710,350,360,94,24,70,227,140,87,225,104,121,18,4,14,132,71,61,14,7,7
56975501,18,9,9,0,0,0,5,2,3,9,5,4,1,0,1,3,2,1,0,0,0
56975502,579,293,286,64,30,34,234,140,94,162,76,86,8,1,7,98,39,59,13,7,6
59999902,1250,639,611,146,55,91,417,246,171,391,187,204,18,7,11,231,114,117,47,30,17
59999903,330,162,168,34,13,21,91,54,37,118,57,61,4,2,2,72,30,42,11,6,5
59999904,147,79,68,15,6,9,62,41,21,40,17,23,1,0,1,23,11,12,6,4,2
59999905,331,160,171,41,17,24,96,57,39,106,40,66,13,6,7,67,32,35,8,8,0
56842201,932,449,483,134,48,86,368,205,163,269,123,146,9,0,9,115,48,67,37,25,12
50025901,1602,781,821,194,79,115,610,338,272,497,230,267,23,6,17,226,97,129,52,31,21
55491001,456,228,228,75,27,48,196,117,79,121,47,74,2,0,2,32,16,16,30,21,9
55491002,43,24,19,9,3,6,21,13,8,9,5,4,1,1,0,2,1,1,1,1,0
55491003,163,90,73,34,15,19,78,51,27,26,12,14,1,0,1,15,6,9,9,6,3
56974701,186,87,99,34,10,24,80,44,36,45,21,24,1,0,1,15,5,10,11,7,4
56847301,726,370,356,94,39,55,223,137,86,262,122,140,12,5,7,112,54,58,23,13,10
56847302,92,48,44,16,9,7,32,19,13,30,16,14,1,0,1,10,3,7,3,1,2
56873201,864,433,431,120,59,61,340,197,143,262,113,149,11,3,8,91,38,53,40,23,17
54700001,497,253,244,68,27,41,231,137,94,127,56,71,5,1,4,37,15,22,29,17,12
51297401,532,252,280,96,18,78,231,148,83,131,56,75,5,0,5,50,19,31,19,11,8
50619201,1370,683,687,177,63,114,510,296,214,423,217,206,21,10,11,197,81,116,42,16,26
50621401,3035,1488,1547,458,117,341,1189,730,459,841,385,456,33,10,23,426,202,224,88,44,44
50621402,567,273,294,75,23,52,229,135,94,151,68,83,6,1,5,89,39,50,17,7,10
55419701,873,429,444,123,47,76,314,178,136,259,122,137,3,2,1,138,59,79,36,21,15
55310701,130,68,62,22,12,10,54,33,21,30,9,21,0,0,0,17,10,7,7,4,3
50632001,728,384,344,95,36,59,305,184,121,200,103,97,3,1,2,88,37,51,37,23,14
50632002,20,12,8,2,1,1,6,4,2,8,5,3,0,0,0,4,2,2,0,0,0
50632003,19,8,11,1,1,0,9,3,6,6,2,4,0,0,0,1,1,0,2,1,1
50632004,62,29,33,10,5,5,31,16,15,11,4,7,2,1,1,4,0,4,4,3,1
50632005,268,127,141,33,12,21,119,69,50,76,29,47,2,1,1,22,7,15,16,9,7
50632007,128,69,59,31,15,16,64,37,27,19,8,11,0,0,0,5,3,2,9,6,3
50645101,412,212,200,57,30,27,171,100,71,126,58,68,2,1,1,31,10,21,25,13,12
50645102,95,54,41,22,11,11,38,25,13,22,10,12,1,0,1,11,7,4,1,1,0
50645103,136,64,72,29,9,20,45,31,14,37,18,19,0,0,0,23,6,17,2,0,2
50645104,230,112,118,45,18,27,77,48,29,64,28,36,1,1,0,33,12,21,10,5,5
50645105,220,121,99,38,18,20,103,69,34,51,21,30,3,0,3,20,10,10,5,3,2
0155470,0,0,0,0,0,0,0,0,0,0,0,0,0,0,0,0,0,0,0,0,0
1983740,0,0,0,0,0,0,0,0,0,0,0,0,0,0,0,0,0,0,0,0,0
3305580,0,0,0,0,0,0,0,0,0,0,0,0,0,0,0,0,0,0,0,0,0
50646001,1986,953,1033,481,194,287,770,427,343,456,200,256,13,2,11,124,47,77,142,83,59
50646002,70,37,33,8,2,6,35,22,13,16,8,8,0,0,0,7,2,5,4,3,1
50646003,158,78,80,23,9,14,80,45,35,31,12,19,0,0,0,14,5,9,10,7,3
50646004,90,42,48,10,1,9,38,26,12,17,6,11,1,1,0,18,5,13,6,3,3
50646005,33,15,18,3,1,2,12,6,6,13,4,9,0,0,0,5,4,1,0,0,0
56826101,565,267,298,62,21,41,138,84,54,172,70,102,9,3,6,156,73,83,28,16,12
56826102,54,25,29,7,4,3,19,10,9,12,3,9,0,0,0,11,6,5,5,2,3
56995001,279,137,142,83,38,45,89,50,39,28,15,13,2,0,2,16,5,11,61,29,32
56822801,1046,496,550,184,40,144,395,249,146,286,119,167,10,3,7,147,73,74,24,12,12
56823601,17,10,7,1,1,0,6,3,3,5,3,2,0,0,0,4,2,2,1,1,0
56823602,582,292,290,52,21,31,181,109,72,178,76,102,5,1,4,148,74,74,18,11,7
56989502,638,302,336,81,33,48,157,88,69,206,93,113,7,2,5,174,79,95,13,7,6
50670201,22,12,10,4,2,2,11,6,5,4,1,3,0,0,0,0,0,0,3,3,0
50670202,2705,1316,1389,365,116,249,1077,611,466,787,368,419,22,6,16,320,136,184,134,79,55
50670204,576,284,292,71,21,50,261,146,115,144,72,72,6,2,4,81,37,44,13,6,7
55305101,797,414,383,170,101,69,296,172,124,201,80,121,3,3,0,101,44,57,26,14,12
55305102,94,46,48,14,4,10,45,27,18,17,6,11,3,1,2,12,7,5,3,1,2
50675301,1083,528,555,118,39,79,284,157,127,363,177,186,24,4,20,254,127,127,40,24,16
50675302,495,219,276,76,17,59,157,83,74,174,83,91,3,0,3,70,31,39,15,5,10
50675303,308,150,158,32,10,22,79,44,35,106,50,56,2,0,2,79,40,39,10,6,4
50675304,269,126,143,27,9,18,100,55,45,84,34,50,2,1,1,46,21,25,10,6,4
50675305,516,244,272,49,12,37,153,84,69,195,90,105,5,1,4,110,55,55,4,2,2
50675306,64,30,34,7,2,5,16,10,6,14,7,7,1,0,1,22,9,13,4,2,2
56821001,2051,994,1057,340,95,245,795,501,294,543,245,298,17,4,13,283,117,166,73,32,41
55309301,513,261,252,76,29,47,222,134,88,143,64,79,4,0,4,55,25,30,13,9,4
56836802,469,242,227,64,26,38,173,101,72,145,76,69,7,3,4,64,29,35,16,7,9
0397480,0,0,0,0,0,0,0,0,0,0,0,0,0,0,0,0,0,0,0,0,0
0398530,0,0,0,0,0,0,0,0,0,0,0,0,0,0,0,0,0,0,0,0,0
0398880,0,0,0,0,0,0,0,0,0,0,0,0,0,0,0,0,0,0,0,0,0
3154860,0,0,0,0,0,0,0,0,0,0,0,0,0,0,0,0,0,0,0,0,0
50701601,1114,536,578,146,56,90,354,202,152,363,166,197,10,1,9,214,100,114,27,11,16
50701603,1112,544,568,203,58,145,432,264,168,326,167,159,8,1,7,127,46,81,16,8,8
50701604,42,24,18,8,0,8,20,17,3,8,3,5,0,0,0,6,4,2,0,0,0
50701605,420,205,215,74,17,57,150,93,57,107,50,57,6,1,5,69,35,34,14,9,5
50701606,76,35,41,7,2,5,29,17,12,22,9,13,0,0,0,14,5,9,4,2,2
50701607,734,345,389,102,27,75,269,150,119,211,93,118,5,0,5,122,59,63,25,16,9
50701608,1475,708,767,294,99,195,685,395,290,282,114,168,17,5,12,101,40,61,96,55,41
50701610,120,23,97,38,0,38,46,12,34,26,8,18,1,0,1,6,3,3,3,0,3
50701611,1624,740,884,229,77,152,514,283,231,496,203,293,11,4,7,320,146,174,54,27,27
50701612,190,90,100,15,2,13,69,38,31,54,24,30,5,1,4,39,21,18,8,4,4
50701613,61,29,32,11,3,8,17,12,5,16,6,10,0,0,0,15,6,9,2,2,0
50701614,374,178,196,49,18,31,125,71,54,126,63,63,3,1,2,61,21,40,10,4,6
50701615,1593,762,831,288,93,195,488,287,201,443,205,238,17,4,13,299,144,155,58,29,29
50701616,1676,863,813,226,89,137,472,263,209,452,219,233,28,5,23,282,130,152,216,157,59
50701617,1006,489,517,122,46,76,331,186,145,314,147,167,5,0,5,212,98,114,22,12,10
50710501,801,392,409,99,34,65,357,208,149,220,93,127,7,1,6,94,40,54,24,16,8
50711301,569,279,290,75,29,46,240,149,91,161,57,104,7,3,4,54,24,30,32,17,15
50711302,117,57,60,12,6,6,56,30,26,38,15,23,0,0,0,6,3,3,5,3,2
50711303,319,156,163,34,11,23,139,79,60,93,39,54,3,0,3,34,18,16,16,9,7
50711304,79,38,41,14,5,9,25,13,12,21,10,11,0,0,0,10,5,5,9,5,4
50726101,573,288,285,62,21,41,175,109,66,179,81,98,7,0,7,134,66,68,16,11,5
50726102,374,193,181,116,40,76,139,85,54,75,41,34,3,0,3,28,18,10,13,9,4
50726103,101,50,51,10,5,5,36,18,18,42,20,22,0,0,0,13,7,6,0,0,0
50727001,25,11,14,0,0,0,12,5,7,7,4,3,0,0,0,6,2,4,0,0,0
50727002,169,82,87,32,9,23,59,38,21,46,20,26,2,0,2,28,13,15,2,2,0
50727003,270,131,139,35,10,25,140,78,62,63,25,38,1,1,0,21,9,12,10,8,2
50727005,193,98,95,21,6,15,81,48,33,49,23,26,0,0,0,32,14,18,10,7,3
50727006,63,29,34,11,3,8,29,18,11,12,4,8,1,0,1,6,3,3,4,1,3
50727007,2365,1141,1224,298,104,194,701,390,311,775,348,427,24,8,16,470,223,247,97,68,29
50727009,267,138,129,50,23,27,111,69,42,75,32,43,0,0,0,27,12,15,4,2,2
50727010,399,188,211,54,18,36,155,94,61,113,42,71,4,1,3,61,25,36,12,8,4
50727011,628,304,324,82,28,54,227,130,97,193,89,104,9,2,7,99,45,54,18,10,8
51292301,942,450,492,144,34,110,407,240,167,232,104,128,3,0,3,124,52,72,32,20,12
50733401,52,24,28,8,4,4,23,9,14,16,8,8,0,0,0,5,3,2,0,0,0
50733402,928,452,476,122,36,86,362,218,144,279,116,163,8,3,5,120,57,63,37,22,15
56990901,548,268,280,82,26,56,222,135,87,151,63,88,5,0,5,68,31,37,20,13,7
0450470,0,0,0,0,0,0,0,0,0,0,0,0,0,0,0,0,0,0,0,0,0
0450550,0,0,0,0,0,0,0,0,0,0,0,0,0,0,0,0,0,0,0,0,0
50737701,160,77,83,42,20,22,61,35,26,34,13,21,2,0,2,7,1,6,14,8,6
50737702,42,22,20,6,4,2,12,6,6,16,7,9,0,0,0,8,5,3,0,0,0
50737703,213,110,103,68,27,41,86,55,31,39,17,22,0,0,0,7,1,6,13,10,3
50737704,29,18,11,4,2,2,14,10,4,8,4,4,2,2,0,1,0,1,0,0,0
50737705,121,62,59,25,10,15,57,35,22,23,8,15,0,0,0,4,0,4,12,9,3
50737706,307,161,146,43,16,27,139,75,64,74,40,34,3,1,2,16,9,7,32,20,12
54719101,184,97,87,19,8,11,78,49,29,57,24,33,2,1,1,20,10,10,8,5,3
50750401,2615,1309,1306,347,93,254,1091,666,425,701,312,389,24,7,17,356,178,178,96,53,43
54718201,1523,727,796,211,62,149,568,309,259,437,207,230,28,8,20,209,101,108,70,40,30
50758001,258,126,132,35,11,24,110,63,47,61,28,33,5,2,3,40,17,23,7,5,2
50758002,1338,652,686,186,67,119,520,294,226,401,177,224,9,1,8,175,86,89,47,27,20
50758003,19,10,9,4,2,2,13,7,6,1,1,0,0,0,0,0,0,0,1,0,1
50758004,3825,1888,1937,531,156,375,1601,939,662,990,454,536,40,9,31,496,227,269,167,103,64
56818001,99,50,49,19,7,12,40,25,15,27,12,15,0,0,0,9,3,6,4,3,1
56818002,119,65,54,32,16,16,45,28,17,20,6,14,1,1,0,8,6,2,13,8,5
51290701,46,20,26,6,1,5,18,8,10,17,9,8,0,0,0,5,2,3,0,0,0
51290702,688,335,353,106,26,80,212,124,88,219,115,104,6,1,5,124,58,66,21,11,10
55311501,111,58,53,13,6,7,48,29,19,39,15,24,2,2,0,5,2,3,4,4,0
55311502,67,33,34,10,6,4,37,22,15,10,3,7,0,0,0,8,1,7,2,1,1
50792001,63,33,30,8,4,4,26,15,11,15,7,8,1,0,1,10,5,5,3,2,1
50792002,64,33,31,8,3,5,25,14,11,14,7,7,0,0,0,13,6,7,4,3,1
50792003,649,315,334,93,33,60,262,149,113,198,89,109,4,1,3,59,26,33,33,17,16
50797101,3621,1747,1874,512,167,345,1207,710,497,1090,498,592,52,8,44,630,285,345,130,79,51
50797102,414,208,206,46,19,27,130,74,56,143,68,75,3,0,3,84,42,42,8,5,3
50812801,1710,845,865,240,85,155,591,356,235,488,232,256,23,4,19,289,129,160,79,39,40
50814401,536,275,261,89,40,49,247,151,96,126,53,73,3,1,2,32,9,23,39,21,18
56827901,216,112,104,28,10,18,93,53,40,59,31,28,2,0,2,20,11,9,14,7,7
55304202,114,65,49,17,10,7,48,29,19,24,13,11,3,1,2,14,8,6,8,4,4
50837301,898,435,463,90,35,55,302,176,126,296,124,172,7,0,7,181,88,93,22,12,10
56909701,162,86,76,27,17,10,63,36,27,41,22,19,0,0,0,19,6,13,12,5,7
56909702,32,20,12,1,1,0,11,7,4,8,3,5,0,0,0,4,3,1,8,6,2
55315801,680,322,358,85,29,56,246,143,103,215,84,131,8,4,4,86,41,45,40,21,19
55315802,75,42,33,12,7,5,29,19,10,18,9,9,2,0,2,13,6,7,1,1,0
51289301,155,82,73,28,10,18,73,45,28,34,15,19,0,0,0,9,3,6,11,9,2
55527401,405,207,198,50,17,33,135,82,53,120,58,62,5,1,4,83,41,42,12,8,4
50957401,1137,549,588,161,43,118,476,288,188,295,132,163,16,6,10,141,58,83,48,22,26
55535501,201,101,100,20,7,13,54,32,22,80,44,36,5,2,3,38,13,25,4,3,1
55535502,780,368,412,102,33,69,278,160,118,257,104,153,5,0,5,110,56,54,28,15,13
55535503,21,11,10,2,2,0,5,2,3,7,3,4,1,1,0,4,2,2,2,1,1
55535505,102,49,53,7,0,7,37,22,15,38,18,20,1,0,1,17,7,10,2,2,0
1119020,0,0,0,0,0,0,0,0,0,0,0,0,0,0,0,0,0,0,0,0,0
55533901,1403,690,713,184,67,117,547,305,242,420,199,221,12,4,8,210,99,111,30,16,14
55533902,47,27,20,6,1,5,25,17,8,6,3,3,1,1,0,7,4,3,2,1,1
55543601,245,127,118,28,11,17,88,55,33,88,41,47,5,1,4,33,17,16,3,2,1
1117080,0,0,0,0,0,0,0,0,0,0,0,0,0,0,0,0,0,0,0,0,0
1117410,0,0,0,0,0,0,0,0,0,0,0,0,0,0,0,0,0,0,0,0,0
1117830,0,0,0,0,0,0,0,0,0,0,0,0,0,0,0,0,0,0,0,0,0
1118210,0,0,0,0,0,0,0,0,0,0,0,0,0,0,0,0,0,0,0,0,0
55532101,606,281,325,73,32,41,97,48,49,184,69,115,9,6,3,231,121,110,12,5,7
55532102,1285,633,652,133,61,72,402,231,171,429,202,227,19,9,10,265,114,151,37,16,21
55532104,5691,2614,3077,725,281,444,2025,1070,955,1834,761,1073,50,14,36,814,357,457,243,131,112
55532105,2636,1198,1438,326,115,211,868,463,405,819,325,494,36,15,21,454,201,253,133,79,54
55532106,1014,497,517,134,60,74,298,170,128,357,164,193,8,2,6,169,77,92,48,24,24
55532107,31,14,17,15,7,8,2,2,0,7,2,5,2,1,1,5,2,3,0,0,0
55532109,672,330,342,72,33,39,227,127,100,238,104,134,6,2,4,122,60,62,7,4,3
55532110,941,422,519,105,45,60,252,134,118,307,119,188,21,4,17,229,111,118,27,9,18
55532111,3409,1615,1794,435,179,256,1140,620,520,1097,472,625,42,12,30,588,278,310,107,54,53
55532112,1337,641,696,150,61,89,477,256,221,438,187,251,14,4,10,210,107,103,48,26,22
55532113,679,316,363,81,36,45,102,49,53,224,103,121,8,2,6,252,119,133,12,7,5
55532114,744,365,379,75,33,42,188,103,85,264,114,150,4,1,3,197,105,92,16,9,7
55532115,3011,1634,1377,444,200,244,840,480,360,682,313,369,30,6,24,400,186,214,615,449,166
55532116,914,444,470,199,98,101,282,160,122,236,91,145,18,5,13,148,73,75,31,17,14
55532117,167,81,86,29,10,19,48,29,19,58,25,33,0,0,0,28,14,14,4,3,1
55532118,24,10,14,4,1,3,7,4,3,5,1,4,2,1,1,4,2,2,2,1,1
55532119,3724,1781,1943,498,212,286,1168,642,526,1149,504,645,37,16,21,681,304,377,191,103,88
55532120,1909,891,1018,220,83,137,568,296,272,601,268,333,28,5,23,413,193,220,79,46,33
55532121,1747,782,965,194,63,131,569,296,273,550,213,337,24,8,16,296,136,160,114,66,48
55532122,2471,1132,1339,287,115,172,611,325,286,866,370,496,30,6,24,594,273,321,83,43,40
55532124,54,24,30,6,2,4,27,14,13,11,2,9,1,1,0,5,3,2,4,2,2
55532125,2058,886,1172,309,80,229,492,255,237,654,270,384,31,14,17,474,215,259,98,52,46
55532126,1933,888,1045,308,128,180,619,319,300,561,237,324,14,3,11,291,124,167,140,77,63
55532127,1763,810,953,193,76,117,356,188,168,602,266,336,16,3,13,539,250,289,57,27,30
55532128,1199,575,624,219,97,122,360,201,159,351,170,181,11,3,8,174,68,106,84,36,48
55532129,859,398,461,110,42,68,286,158,128,283,110,173,12,1,11,119,60,59,49,27,22
55540101,127,63,64,18,4,14,44,27,17,36,20,16,0,0,0,28,12,16,1,0,1
55540102,363,183,180,55,20,35,130,77,53,114,60,54,0,0,0,53,18,35,11,8,3
55540103,113,53,60,15,5,10,35,22,13,29,13,16,2,1,1,29,11,18,3,1,2
55540104,28,15,13,1,0,1,10,8,2,8,3,5,0,0,0,6,3,3,3,1,2
55537101,862,426,436,96,37,59,334,192,142,265,123,142,10,4,6,130,55,75,27,15,12
3054210,0,0,0,0,0,0,0,0,0,0,0,0,0,0,0,0,0,0,0,0,0
3054480,0,0,0,0,0,0,0,0,0,0,0,0,0,0,0,0,0,0,0,0,0
55670001,89,48,41,7,3,4,41,26,15,29,13,16,0,0,0,7,3,4,5,3,2
55670002,139,67,72,12,3,9,42,23,19,54,28,26,2,0,2,23,10,13,6,3,3
55670003,611,295,316,76,28,48,223,134,89,204,85,119,5,0,5,89,42,47,14,6,8
55670004,27,14,13,4,1,3,13,8,5,5,2,3,0,0,0,5,3,2,0,0,0
55670005,198,100,98,32,12,20,71,40,31,49,24,25,0,0,0,36,18,18,10,6,4
55670006,34,16,18,2,1,1,14,6,8,12,7,5,0,0,0,4,1,3,2,1,1
55546101,144,75,69,18,10,8,48,30,18,47,22,25,0,0,0,27,12,15,4,1,3
55546102,178,89,89,28,6,22,75,48,27,43,20,23,2,0,2,21,10,11,9,5,4
55541001,285,142,143,33,12,21,111,67,44,91,42,49,2,1,1,37,15,22,11,5,6
50961201,1114,535,579,117,47,70,388,209,179,375,177,198,10,3,7,174,65,109,50,34,16
50961202,34,17,17,6,4,2,15,9,6,5,1,4,0,0,0,8,3,5,0,0,0
50964701,1658,812,846,249,69,180,677,396,281,445,210,235,16,4,12,199,96,103,72,37,35
50964702,27,13,14,2,0,2,20,10,10,1,1,0,0,0,0,1,0,1,3,2,1
50964703,25,14,11,3,0,3,8,6,2,9,4,5,0,0,0,5,4,1,0,0,0
50973601,1128,535,593,139,40,99,373,210,163,354,150,204,14,5,9,211,106,105,37,24,13
56831701,75,35,40,18,5,13,28,15,13,15,6,9,0,0,0,9,4,5,5,5,0
56831702,286,148,138,51,24,27,147,83,64,45,16,29,0,0,0,21,11,10,22,14,8
56831703,20,11,9,1,1,0,9,6,3,7,2,5,0,0,0,3,2,1,0,0,0
50984101,914,445,469,115,44,71,268,151,117,313,149,164,18,5,13,163,75,88,37,21,16
56837601,490,233,257,79,17,62,252,147,105,116,45,71,2,0,2,24,13,11,17,11,6
51013101,232,116,116,24,9,15,101,56,45,64,32,32,3,2,1,32,13,19,8,4,4
51013103,562,281,281,82,26,56,222,132,90,170,77,93,5,1,4,69,38,31,14,7,7
51028901,1615,778,837,210,83,127,595,338,257,514,223,291,10,3,7,253,113,140,33,18,15
51028902,59,27,32,6,4,2,5,3,2,20,8,12,2,0,2,22,11,11,4,1,3
51029701,551,268,283,81,27,54,249,144,105,123,53,70,3,0,3,62,29,33,33,15,18
51029702,108,54,54,20,7,13,49,30,19,23,11,12,1,0,1,13,4,9,2,2,0
59782101,331,165,166,75,32,43,150,90,60,64,25,39,1,0,1,24,8,16,17,10,7
0754260,0,0,0,0,0,0,0,0,0,0,0,0,0,0,0,0,0,0,0,0,0
56819801,120,66,54,16,8,8,55,33,22,32,16,16,1,0,1,12,6,6,4,3,1
51034301,210,102,108,26,11,15,91,53,38,59,26,33,4,0,4,22,8,14,8,4,4
51034302,81,46,35,6,5,1,38,22,16,27,14,13,0,0,0,4,2,2,6,3,3
51034303,113,59,54,13,6,7,51,30,21,31,14,17,2,2,0,11,5,6,5,2,3
51034304,729,363,366,70,25,45,246,152,94,279,126,153,9,4,5,103,42,61,22,14,8
51286901,687,339,348,113,33,80,289,180,109,176,77,99,8,0,8,76,34,42,25,15,10
51286902,21,13,8,9,4,5,0,0,0,0,0,0,0,0,0,2,2,0,10,7,3
51037801,505,251,254,80,33,47,219,129,90,121,55,66,11,2,9,47,20,27,27,12,15
54713101,204,108,96,51,24,27,93,57,36,37,14,23,0,0,0,6,4,2,17,9,8
51043201,21,6,15,7,2,5,7,2,5,5,2,3,1,0,1,1,0,1,0,0,0
51043202,1307,657,650,217,66,151,485,294,191,363,187,176,13,0,13,191,89,102,38,21,17
56833301,28,14,14,5,1,4,10,8,2,9,2,7,0,0,0,1,1,0,3,2,1
56833302,492,250,242,54,21,33,193,114,79,159,71,88,4,2,2,57,28,29,25,14,11
51048301,54,28,26,7,3,4,22,11,11,18,10,8,0,0,0,4,2,2,3,2,1
51048302,178,86,92,22,9,13,66,40,26,59,28,31,3,1,2,25,7,18,3,1,2
51048303,75,39,36,15,6,9,38,24,14,18,6,12,1,1,0,0,0,0,3,2,1
51048304,2205,1045,1160,327,82,245,889,512,377,580,273,307,25,4,21,296,126,170,88,48,40
51049101,1021,501,520,136,48,88,321,177,144,351,182,169,15,2,13,170,78,92,28,14,14
51274501,685,323,362,93,23,70,265,157,108,200,93,107,6,0,6,107,43,64,14,7,7
56910101,188,99,89,45,17,28,79,46,33,29,12,17,0,0,0,7,3,4,28,21,7
56834101,302,154,148,35,14,21,110,76,34,92,38,54,4,1,3,41,14,27,20,11,9
51089101,59,32,27,10,7,3,30,15,15,13,6,7,1,1,0,2,1,1,3,2,1
51089102,153,74,79,25,9,16,68,40,28,39,15,24,2,0,2,16,8,8,3,2,1
51089103,56,35,21,17,12,5,29,18,11,5,2,3,1,0,1,0,0,0,4,3,1
51089104,164,87,77,29,12,17,82,53,29,36,15,21,0,0,0,14,7,7,3,0,3
51089105,67,36,31,6,4,2,35,19,16,18,8,10,1,0,1,6,4,2,1,1,0
51089107,818,392,426,165,64,101,310,177,133,196,80,116,11,3,8,84,39,45,52,29,23
1788110,0,0,0,0,0,0,0,0,0,0,0,0,0,0,0,0,0,0,0,0,0
51093901,1439,701,738,210,69,141,563,337,226,387,160,227,15,5,10,206,97,109,58,33,25
57003601,21,11,10,3,1,2,7,4,3,8,5,3,0,0,0,3,1,2,0,0,0
57003602,571,301,270,62,23,39,223,144,79,178,78,100,3,1,2,80,39,41,25,16,9
1830080,0,0,0,0,0,0,0,0,0,0,0,0,0,0,0,0,0,0,0,0,0
1830410,0,0,0,0,0,0,0,0,0,0,0,0,0,0,0,0,0,0,0,0,0
1830670,0,0,0,0,0,0,0,0,0,0,0,0,0,0,0,0,0,0,0,0,0
3305660,0,0,0,0,0,0,0,0,0,0,0,0,0,0,0,0,0,0,0,0,0
51102101,54,29,25,9,5,4,14,10,4,21,11,10,1,0,1,7,2,5,2,1,1
51102102,58,33,25,12,6,6,29,15,14,6,3,3,0,0,0,6,5,1,5,4,1
51102103,48,29,19,2,2,0,19,13,6,12,5,7,1,0,1,13,8,5,1,1,0
51102104,83,41,42,18,9,9,42,26,16,13,2,11,0,0,0,9,3,6,1,1,0
51102105,64,37,27,7,2,5,34,21,13,13,7,6,0,0,0,4,2,2,6,5,1
51102106,87,49,38,9,7,2,35,24,11,28,12,16,1,0,1,7,3,4,7,3,4
51102107,374,185,189,70,32,38,156,90,66,86,33,53,6,1,5,33,17,16,23,12,11
51102108,31,15,16,3,0,3,7,5,2,14,7,7,0,0,0,5,1,4,2,2,0
51102109,926,463,463,183,80,103,321,176,145,214,86,128,5,1,4,85,37,48,118,83,35
51102111,1841,873,968,301,125,176,685,378,307,528,215,313,14,6,8,185,82,103,128,67,61
51102112,1002,466,536,205,80,125,335,179,156,283,115,168,6,0,6,128,67,61,45,25,20
51116101,426,220,206,54,27,27,142,95,47,147,68,79,5,0,5,62,25,37,16,5,11
56824401,1291,626,665,198,52,146,416,248,168,363,176,187,16,2,14,263,128,135,35,20,15
55349201,459,226,233,82,16,66,194,113,81,122,72,50,6,2,4,46,20,26,9,3,6
56911901,401,186,215,32,6,26,132,74,58,138,67,71,8,2,6,90,36,54,1,1,0
50671101,1216,604,612,128,51,77,298,177,121,423,202,221,9,3,6,318,146,172,40,25,15
56950001,528,252,276,60,19,41,175,97,78,169,69,100,3,1,2,109,59,50,12,7,5
56950002,169,87,82,16,6,10,67,48,19,50,21,29,5,0,5,27,10,17,4,2,2
3308680,0,0,0,0,0,0,0,0,0,0,0,0,0,0,0,0,0,0,0,0,0
59954901,196,94,102,22,9,13,37,23,14,59,24,35,0,0,0,75,36,39,3,2,1
59954902,266,130,136,32,7,25,87,56,31,98,49,49,2,0,2,41,16,25,6,2,4
59954903,78,37,41,9,5,4,10,4,6,27,15,12,1,0,1,30,12,18,1,1,0
59954904,115,60,55,20,10,10,20,13,7,45,21,24,3,1,2,24,13,11,3,2,1
59954905,2567,1234,1333,337,119,218,745,438,307,794,359,435,26,8,18,574,257,317,91,53,38
59954906,93,42,51,10,5,5,18,8,10,31,13,18,4,1,3,28,13,15,2,2,0
59954907,269,130,139,29,13,16,70,38,32,91,41,50,6,2,4,68,34,34,5,2,3
55404901,28,13,15,5,3,2,7,4,3,7,2,5,0,0,0,5,2,3,4,2,2
55404902,19,10,9,4,1,3,12,7,5,2,2,0,0,0,0,1,0,1,0,0,0
55404904,534,275,259,72,26,46,168,101,67,135,68,67,8,2,6,128,63,65,23,15,8
55433201,128,59,69,12,6,6,25,13,12,36,17,19,3,2,1,51,21,30,1,0,1
55433202,1288,631,657,190,66,124,423,251,172,381,177,204,16,3,13,228,103,125,50,31,19
55466901,116,62,54,11,8,3,24,13,11,35,13,22,0,0,0,38,22,16,8,6,2
55466904,1283,597,686,186,78,108,389,205,184,410,182,228,20,7,13,231,107,124,47,18,29
55466905,16,8,8,1,0,1,4,2,2,4,3,1,0,0,0,7,3,4,0,0,0
55466906,1678,822,856,214,85,129,450,256,194,570,260,310,12,4,8,365,179,186,67,38,29
55466907,88,43,45,15,8,7,20,10,10,24,11,13,1,0,1,27,13,14,1,1,0
55456101,2220,1071,1149,291,103,188,581,329,252,681,323,358,22,8,14,566,261,305,79,47,32
55432401,1099,520,579,125,34,91,329,192,137,346,146,200,12,3,9,265,130,135,22,15,7
1138410,0,0,0,0,0,0,0,0,0,0,0,0,0,0,0,0,0,0,0,0,0
1138910,0,0,0,0,0,0,0,0,0,0,0,0,0,0,0,0,0,0,0,0,0
1139050,0,0,0,0,0,0,0,0,0,0,0,0,0,0,0,0,0,0,0,0,0
1139130,0,0,0,0,0,0,0,0,0,0,0,0,0,0,0,0,0,0,0,0,0
1139210,0,0,0,0,0,0,0,0,0,0,0,0,0,0,0,0,0,0,0,0,0
55428601,537,303,234,98,53,45,204,124,80,106,48,58,3,1,2,39,22,17,87,55,32
55428602,408,192,216,91,39,52,171,79,92,85,46,39,2,0,2,23,8,15,36,20,16
55428603,717,320,397,124,38,86,253,120,133,175,71,104,9,3,6,58,28,30,98,60,38
55428604,4986,2346,2640,734,276,458,1455,770,685,1449,642,807,58,11,47,888,411,477,402,236,166
55428605,178,94,84,39,16,23,26,18,8,4,2,2,0,0,0,2,1,1,107,57,50
55428606,132,49,83,43,8,35,48,22,26,24,6,18,3,2,1,9,7,2,5,4,1
55428607,568,294,274,87,42,45,171,90,81,165,87,78,4,1,3,79,40,39,62,34,28
55428608,1706,877,829,254,112,142,459,269,190,484,222,262,21,8,13,311,137,174,177,129,48
55428609,706,413,293,151,96,55,251,167,84,176,80,96,7,3,4,71,34,37,50,33,17
55428610,62,37,25,26,12,14,15,11,4,5,3,2,0,0,0,1,1,0,15,10,5
55428612,25,10,15,14,5,9,5,3,2,4,2,2,0,0,0,1,0,1,1,0,1
55457001,213,107,106,20,6,14,90,54,36,76,35,41,2,1,1,19,8,11,6,3,3
55457004,194,96,98,22,9,13,69,39,30,60,26,34,0,0,0,40,20,20,3,2,1
55457005,634,322,312,61,23,38,178,111,67,195,87,108,10,2,8,168,85,83,22,14,8
55443001,750,397,353,166,72,94,231,131,100,163,81,82,5,0,5,71,34,37,114,79,35
55443002,1381,673,708,156,55,101,388,231,157,463,208,255,17,6,11,312,147,165,45,26,19
55443003,564,280,284,109,47,62,192,103,89,120,54,66,6,3,3,56,24,32,81,49,32
1135810,0,0,0,0,0,0,0,0,0,0,0,0,0,0,0,0,0,0,0,0,0
1135900,0,0,0,0,0,0,0,0,0,0,0,0,0,0,0,0,0,0,0,0,0
1136890,0,0,0,0,0,0,0,0,0,0,0,0,0,0,0,0,0,0,0,0,0
1137510,0,0,0,0,0,0,0,0,0,0,0,0,0,0,0,0,0,0,0,0,0
1137940,0,0,0,0,0,0,0,0,0,0,0,0,0,0,0,0,0,0,0,0,0
1141540,0,0,0,0,0,0,0,0,0,0,0,0,0,0,0,0,0,0,0,0,0
54591101,33,18,15,7,3,4,4,4,0,10,7,3,0,0,0,12,4,8,0,0,0
54591102,1640,763,877,198,73,125,420,245,175,534,229,305,26,6,20,365,157,208,97,53,44
54591103,1106,766,340,260,214,46,275,230,45,254,158,96,20,9,11,256,127,129,41,28,13
54591105,316,163,153,33,16,17,42,22,20,112,57,55,8,4,4,91,45,46,30,19,11
54591106,1513,704,809,289,115,174,511,265,246,391,176,215,14,5,9,184,81,103,124,62,62
54591107,1994,932,1062,247,91,156,515,267,248,596,269,327,30,9,21,486,231,255,120,65,55
54591110,895,389,506,135,50,85,241,119,122,284,110,174,19,7,12,142,66,76,74,37,37
54591111,609,295,314,57,18,39,62,36,26,177,80,97,7,4,3,260,130,130,46,27,19
54591112,96,51,45,28,15,13,27,17,10,8,3,5,0,0,0,11,6,5,22,10,12
54591113,2218,1234,984,210,114,96,306,186,120,559,261,298,48,20,28,566,279,287,529,374,155
54591114,728,374,354,102,47,55,173,104,69,202,92,110,18,8,10,152,81,71,81,42,39
54591115,2309,1058,1251,282,95,187,659,356,303,674,282,392,44,10,34,497,237,260,153,78,75
54591116,528,254,274,77,32,45,123,71,52,138,60,78,11,5,6,121,50,71,58,36,22
54591117,774,400,374,289,128,161,155,98,57,60,31,29,4,2,2,24,12,12,242,129,113
54591118,1696,824,872,126,55,71,226,122,104,544,247,297,42,15,27,631,309,322,127,76,51
54591119,121,65,56,15,6,9,35,22,13,38,21,17,4,2,2,24,11,13,5,3,2
54591120,1118,503,615,119,40,79,256,135,121,329,140,189,25,10,15,320,136,184,69,42,27
54591122,1388,669,719,182,70,112,306,161,145,408,197,211,14,4,10,352,163,189,126,74,52
54591125,425,225,200,18,5,13,14,8,6,79,33,46,6,2,4,213,124,89,95,53,42
54591126,1599,756,843,204,73,131,455,253,202,503,211,292,27,11,16,298,146,152,112,62,50
54591127,3359,1580,1779,367,149,218,626,331,295,1068,478,590,69,24,45,1002,474,528,227,124,103
54591128,4669,2194,2475,567,208,359,1449,797,652,1432,620,812,64,20,44,870,393,477,287,156,131
54591129,610,301,309,170,76,94,133,60,73,117,62,55,6,3,3,67,34,33,117,66,51
54591131,19,13,6,5,4,1,7,4,3,2,1,1,0,0,0,1,1,0,4,3,1
54591132,1159,582,577,439,203,236,242,148,94,114,61,53,1,0,1,46,23,23,317,147,170
54591134,1217,593,624,252,109,143,341,191,150,276,124,152,13,5,8,172,84,88,163,80,83
55421901,217,104,113,9,4,5,32,15,17,70,33,37,10,2,8,90,46,44,6,4,2
55421902,30,13,17,2,0,2,2,2,0,6,3,3,1,0,1,18,8,10,1,0,1
55421903,31,16,15,10,6,4,5,4,1,10,4,6,0,0,0,6,2,4,0,0,0
55421904,1525,759,766,177,75,102,459,266,193,486,222,264,16,4,12,346,167,179,41,25,16
55436701,245,125,120,32,15,17,80,44,36,79,37,42,4,3,1,43,21,22,7,5,2
55436702,399,219,180,64,32,32,138,85,53,108,56,52,4,1,3,50,22,28,35,23,12
1143410,0,0,0,0,0,0,0,0,0,0,0,0,0,0,0,0,0,0,0,0,0
1143590,0,0,0,0,0,0,0,0,0,0,0,0,0,0,0,0,0,0,0,0,0
1144210,0,0,0,0,0,0,0,0,0,0,0,0,0,0,0,0,0,0,0,0,0
1144300,0,0,0,0,0,0,0,0,0,0,0,0,0,0,0,0,0,0,0,0,0
1145110,0,0,0,0,0,0,0,0,0,0,0,0,0,0,0,0,0,0,0,0,0
1156310,0,0,0,0,0,0,0,0,0,0,0,0,0,0,0,0,0,0,0,0,0
54613501,4207,2051,2156,689,296,393,1555,860,695,1216,546,670,51,16,35,499,234,265,197,99,98
54613502,2205,1062,1143,314,140,174,788,397,391,710,337,373,21,8,13,282,135,147,90,45,45
54613503,4250,2052,2198,597,264,333,1642,889,753,1292,565,727,46,8,38,484,221,263,189,105,84
54613504,27,18,9,4,3,1,4,4,0,12,7,5,0,0,0,6,3,3,1,1,0
54613505,3418,1557,1861,488,149,339,1184,599,585,1057,484,573,44,8,36,468,225,243,177,92,85
54613506,4929,2330,2599,844,313,531,1679,870,809,1329,607,722,53,17,36,674,317,357,350,206,144
54613507,1820,836,984,247,80,167,580,301,279,614,270,344,22,7,15,263,130,133,94,48,46
54613508,3566,2194,1372,493,238,255,887,540,347,615,322,293,24,9,15,298,137,161,1249,948,301
54613509,2016,901,1115,279,94,185,667,337,330,620,269,351,21,7,14,302,126,176,127,68,59
54613510,2233,1069,1164,329,139,190,721,387,334,695,319,376,27,5,22,353,157,196,108,62,46
54613511,591,276,315,75,23,52,188,110,78,192,82,110,13,2,11,89,41,48,34,18,16
54613512,4035,1873,2162,642,224,418,1489,790,699,1232,543,689,42,18,24,463,207,256,167,91,76
54613513,1468,678,790,211,74,137,494,254,240,430,195,235,23,5,18,202,96,106,108,54,54
54613514,193,90,103,26,11,15,47,20,27,72,38,34,2,1,1,42,17,25,4,3,1
54613515,262,116,146,47,14,33,80,40,40,72,37,35,2,0,2,28,9,19,33,16,17
54613516,3893,1834,2059,487,189,298,1265,655,610,1230,545,685,43,8,35,687,335,352,181,102,79
54613517,4498,2172,2326,591,218,373,1491,822,669,1349,623,726,56,10,46,774,367,407,237,132,105
54613518,1767,866,901,193,75,118,505,289,216,565,262,303,22,5,17,430,208,222,52,27,25
54613519,841,402,439,87,41,46,226,117,109,288,122,166,15,5,10,211,110,101,14,7,7
54613520,58,24,34,10,6,4,9,5,4,18,5,13,2,0,2,18,8,10,1,0,1
54613522,1159,597,562,216,104,112,467,263,204,272,129,143,16,8,8,78,35,43,110,58,52
54613523,5301,2454,2847,840,263,577,1789,917,872,1562,722,840,66,21,45,759,358,401,285,173,112
54613524,4494,2159,2335,568,246,322,1360,717,643,1507,696,811,61,22,39,837,391,446,161,87,74
54613526,3692,1769,1923,511,218,293,1173,612,561,1088,508,580,53,15,38,565,271,294,302,145,157
54613527,3068,1514,1554,525,219,306,1137,630,507,832,377,455,26,13,13,373,174,199,175,101,74
54613528,1768,845,923,276,112,164,546,294,252,473,227,246,23,6,17,341,146,195,109,60,49
54613529,3835,1839,1996,792,294,498,1357,720,637,827,401,426,38,15,23,382,177,205,439,232,207
54613530,2977,1380,1597,472,167,305,1019,544,475,825,355,470,30,12,18,454,206,248,177,96,81
54613531,779,378,401,93,42,51,221,124,97,265,119,146,7,2,5,155,72,83,38,19,19
54613532,2544,1133,1411,416,130,286,877,451,426,777,347,430,28,4,24,333,143,190,113,58,55
54613533,1410,692,718,161,75,86,277,145,132,476,221,255,23,9,14,412,204,208,61,38,23
54613534,1381,659,722,184,86,98,434,220,214,454,223,231,20,3,17,244,108,136,45,19,26
54613535,905,424,481,117,47,70,220,116,104,306,139,167,14,5,9,189,88,101,59,29,30
54613536,3641,1712,1929,521,233,288,1217,637,580,1158,504,654,46,9,37,556,253,303,143,76,67
55430801,2590,1235,1355,356,132,224,788,440,348,794,364,430,31,5,26,531,240,291,90,54,36
55430802,34,17,17,2,1,1,8,6,2,11,4,7,1,0,1,12,6,6,0,0,0
55472301,280,133,147,27,10,17,46,24,22,92,38,54,3,2,1,105,54,51,7,5,2
55472302,673,338,335,83,25,58,156,86,70,222,112,110,7,4,3,181,94,87,24,17,7
55472303,306,151,155,26,9,17,81,46,35,101,47,54,0,0,0,93,46,47,5,3,2
55458801,550,266,284,68,32,36,136,70,66,174,81,93,6,2,4,145,70,75,21,11,10
55458802,63,41,22,23,22,1,15,7,8,13,6,7,1,1,0,9,4,5,2,1,1
55458804,3493,1739,1754,418,157,261,1081,632,449,1083,492,591,45,13,32,731,348,383,135,97,38
1152740,0,0,0,0,0,0,0,0,0,0,0,0,0,0,0,0,0,0,0,0,0
1153210,0,0,0,0,0,0,0,0,0,0,0,0,0,0,0,0,0,0,0,0,0
1155410,0,0,0,0,0,0,0,0,0,0,0,0,0,0,0,0,0,0,0,0,0
54622401,1268,902,366,122,71,51,245,185,60,218,126,92,8,4,4,113,65,48,562,451,111
54622402,2376,1059,1317,344,137,207,773,380,393,693,307,386,27,9,18,462,195,267,77,31,46
54622403,2241,1023,1218,367,137,230,750,372,378,621,264,357,26,8,18,381,182,199,96,60,36
54622404,2331,1025,1306,313,83,230,716,366,350,716,308,408,32,8,24,473,213,260,81,47,34
54622405,2930,1396,1534,468,191,277,876,487,389,871,378,493,33,12,21,523,248,275,159,80,79
54622406,1079,520,559,105,38,67,220,118,102,326,141,185,13,6,7,383,204,179,32,13,19
54622407,2461,1153,1308,368,132,236,836,446,390,679,313,366,44,15,29,432,193,239,102,54,48
54622408,556,265,291,60,24,36,103,53,50,168,78,90,7,2,5,197,96,101,21,12,9
54622409,2833,1256,1577,340,107,233,860,455,405,880,355,525,36,10,26,554,251,303,163,78,85
54622411,1613,756,857,211,76,135,510,258,252,468,207,261,10,2,8,317,152,165,97,61,36
54622412,2510,1172,1338,357,139,218,794,425,369,690,296,394,21,5,16,493,216,277,155,91,64
54622413,3367,1548,1819,440,153,287,948,496,452,1011,459,552,52,14,38,782,364,418,134,62,72
54622414,7127,3222,3905,887,332,555,2187,1116,1071,2265,966,1299,84,25,59,1417,636,781,287,147,140
54622415,7625,3451,4174,956,338,618,2164,1077,1087,2374,1016,1358,94,27,67,1726,823,903,311,170,141
54622416,1586,745,841,198,69,129,467,254,213,468,223,245,18,6,12,369,157,212,66,36,30
54622417,1507,713,794,477,197,280,529,265,264,246,117,129,6,3,3,69,36,33,180,95,85
54622418,4311,1974,2337,535,184,351,1199,634,565,1388,592,796,51,11,40,910,423,487,228,130,98
54622419,2402,1066,1336,320,101,219,835,419,416,735,302,433,26,6,20,393,184,209,93,54,39
54622420,354,80,274,82,10,72,159,31,128,73,17,56,1,0,1,31,20,11,8,2,6
54622421,404,265,139,12,8,4,10,6,4,110,71,39,5,2,3,257,169,88,10,9,1
54622422,2666,1205,1461,355,136,219,749,385,364,820,334,486,31,8,23,595,270,325,116,72,44
3055290,0,0,0,0,0,0,0,0,0,0,0,0,0,0,0,0,0,0,0,0,0
55437501,1034,512,522,128,54,74,278,156,122,333,166,167,9,2,7,258,119,139,28,15,13
55424301,1123,539,584,124,50,74,248,133,115,359,145,214,9,4,5,322,172,150,61,35,26
1150450,0,0,0,0,0,0,0,0,0,0,0,0,0,0,0,0,0,0,0,0,0
1150610,0,0,0,0,0,0,0,0,0,0,0,0,0,0,0,0,0,0,0,0,0
3199700,0,0,0,0,0,0,0,0,0,0,0,0,0,0,0,0,0,0,0,0,0
55453701,739,355,384,71,25,46,231,134,97,288,124,164,11,4,7,118,57,61,20,11,9
55453702,66,35,31,4,1,3,17,12,5,20,8,12,0,0,0,17,7,10,8,7,1
55453703,337,175,162,36,16,20,113,66,47,120,61,59,3,2,1,49,20,29,16,10,6
55453704,536,265,271,68,30,38,155,86,69,193,91,102,2,0,2,105,50,55,13,8,5
55453706,22,14,8,6,2,4,4,2,2,5,5,0,0,0,0,1,1,0,6,4,2
55453707,1286,646,640,146,65,81,397,208,189,339,152,187,19,8,11,257,120,137,128,93,35
55453708,1108,556,552,204,97,107,298,185,113,312,135,177,16,5,11,172,84,88,106,50,56
55453710,225,116,109,39,17,22,88,49,39,55,27,28,0,0,0,16,7,9,27,16,11
55453711,250,121,129,41,18,23,78,41,37,73,34,39,2,2,0,35,14,21,21,12,9
55453712,414,210,204,75,37,38,177,102,75,111,46,65,2,0,2,29,15,14,20,10,10
55453713,248,117,131,39,15,24,87,50,37,71,27,44,2,1,1,35,16,19,14,8,6
1146770,0,0,0,0,0,0,0,0,0,0,0,0,0,0,0,0,0,0,0,0,0
1146850,0,0,0,0,0,0,0,0,0,0,0,0,0,0,0,0,0,0,0,0,0
1147740,0,0,0,0,0,0,0,0,0,0,0,0,0,0,0,0,0,0,0,0,0
1148120,0,0,0,0,0,0,0,0,0,0,0,0,0,0,0,0,0,0,0,0,0
1148390,0,0,0,0,0,0,0,0,0,0,0,0,0,0,0,0,0,0,0,0,0
1148630,0,0,0,0,0,0,0,0,0,0,0,0,0,0,0,0,0,0,0,0,0
1148710,0,0,0,0,0,0,0,0,0,0,0,0,0,0,0,0,0,0,0,0,0
1148980,0,0,0,0,0,0,0,0,0,0,0,0,0,0,0,0,0,0,0,0,0
1149010,0,0,0,0,0,0,0,0,0,0,0,0,0,0,0,0,0,0,0,0,0
1149950,0,0,0,0,0,0,0,0,0,0,0,0,0,0,0,0,0,0,0,0,0
3054810,0,0,0,0,0,0,0,0,0,0,0,0,0,0,0,0,0,0,0,0,0
54604601,217,103,114,37,10,27,60,39,21,61,30,31,5,0,5,43,20,23,11,4,7
54604602,614,299,315,108,40,68,232,129,103,164,77,87,5,2,3,81,37,44,24,14,10
54604603,1569,750,819,243,93,150,419,235,184,443,209,234,13,6,7,366,163,203,85,44,41
54604604,73,42,31,10,6,4,33,22,11,18,8,10,1,0,1,10,6,4,1,0,1
54604605,191,97,94,24,13,11,44,24,20,53,25,28,3,2,1,58,29,29,9,4,5
54604606,766,356,410,218,85,133,207,107,100,134,67,67,3,1,2,64,31,33,140,65,75
54604607,2665,1289,1376,444,188,256,693,379,314,756,347,409,28,11,17,633,301,332,111,63,48
54604609,387,194,193,68,30,38,135,76,59,105,46,59,4,2,2,42,19,23,33,21,12
54604610,438,215,223,57,16,41,195,112,83,110,48,62,4,1,3,27,11,16,45,27,18
54604611,1361,772,589,123,73,50,122,78,44,289,129,160,10,4,6,404,191,213,413,297,116
54604612,227,114,113,43,18,25,70,41,29,57,24,33,3,1,2,23,11,12,31,19,12
54604613,493,237,256,83,34,49,140,84,56,127,62,65,8,2,6,102,40,62,33,15,18
54604614,1164,558,606,133,49,84,224,119,105,325,157,168,19,7,12,367,179,188,96,47,49
54604615,24,13,11,6,3,3,5,4,1,6,3,3,0,0,0,4,1,3,3,2,1
54604616,1262,528,734,137,37,100,328,143,185,378,140,238,11,3,8,295,140,155,113,65,48
54604617,145,75,70,47,23,24,24,16,8,24,10,14,0,0,0,10,4,6,40,22,18
54604618,157,82,75,27,13,14,54,29,25,35,16,19,4,3,1,26,15,11,11,6,5
54604619,726,355,371,141,57,84,208,116,92,181,84,97,7,1,6,110,57,53,79,40,39
54604620,209,99,110,30,13,17,60,32,28,54,23,31,0,0,0,50,22,28,15,9,6
54604621,34,17,17,2,1,1,5,3,2,11,6,5,2,0,2,14,7,7,0,0,0
54604622,62,39,23,9,5,4,2,2,0,0,0,0,0,0,0,1,1,0,50,31,19
54604623,783,783,0,365,365,0,308,308,0,89,89,0,3,3,0,17,17,0,1,1,0
54604624,707,362,345,314,146,168,195,112,83,61,33,28,2,0,2,8,4,4,127,67,60
54604625,307,148,159,115,59,56,73,36,37,19,6,13,1,1,0,6,1,5,93,45,48
54604626,227,109,118,24,7,17,81,49,32,73,35,38,3,0,3,43,18,25,3,0,3
54604628,646,309,337,86,31,55,219,131,88,185,76,109,14,4,10,126,59,67,16,8,8
54604629,246,119,127,39,15,24,95,54,41,57,29,28,3,0,3,46,18,28,6,3,3
54604630,803,418,385,314,137,177,193,127,66,66,39,27,1,0,1,20,8,12,209,107,102
54604631,159,79,80,34,14,20,50,28,22,48,22,26,0,0,0,17,8,9,10,7,3
54604632,243,125,118,53,28,25,68,36,32,77,36,41,3,1,2,35,18,17,7,6,1
54604636,44,19,25,11,3,8,21,10,11,9,6,3,0,0,0,1,0,1,2,0,2
54604637,112,54,58,18,8,10,26,15,11,36,15,21,2,2,0,21,8,13,9,6,3
54604638,39,30,9,8,6,2,8,7,1,3,1,2,0,0,0,2,0,2,18,16,2
54604639,474,254,220,62,28,34,160,102,58,144,71,73,11,4,7,63,32,31,34,17,17
54604640,91,56,35,17,9,8,36,23,13,20,11,9,1,0,1,8,5,3,9,8,1
55423501,3264,1589,1675,395,161,234,807,464,343,1032,472,560,51,12,39,889,429,460,90,51,39
55423502,16,7,9,3,1,2,6,2,4,4,2,2,0,0,0,3,2,1,0,0,0
1154790,0,0,0,0,0,0,0,0,0,0,0,0,0,0,0,0,0,0,0,0,0
55468501,130,69,61,32,18,14,46,30,16,23,10,13,3,0,3,10,5,5,16,6,10
55468502,503,253,250,81,39,42,133,74,59,161,76,85,2,2,0,111,55,56,15,7,8
55468504,70,31,39,4,1,3,18,9,9,19,9,10,1,0,1,25,11,14,3,1,2
55468505,164,83,81,16,5,11,49,32,17,49,24,25,2,0,2,43,19,24,5,3,2
55468506,106,52,54,9,3,6,34,21,13,37,15,22,2,0,2,22,12,10,2,1,1
55468509,2677,1308,1369,275,119,156,604,312,292,838,366,472,30,13,17,789,411,378,141,87,54
1154440,0,0,0,0,0,0,0,0,0,0,0,0,0,0,0,0,0,0,0,0,0
55471501,1554,745,809,179,71,108,384,206,178,478,215,263,24,4,20,444,224,220,45,25,20
1140570,0,0,0,0,0,0,0,0,0,0,0,0,0,0,0,0,0,0,0,0,0
1140650,0,0,0,0,0,0,0,0,0,0,0,0,0,0,0,0,0,0,0,0,0
55422701,2324,1194,1130,702,329,373,619,341,278,302,143,159,19,8,11,104,47,57,578,326,252
55422702,288,80,208,56,11,45,58,13,45,31,4,27,2,2,0,18,10,8,123,40,83
55422704,816,398,418,157,71,86,323,178,145,175,72,103,6,1,5,55,22,33,100,54,46
55422706,1422,782,640,287,144,143,359,212,147,311,152,159,6,3,3,134,67,67,325,204,121
55422709,46,26,20,1,1,0,10,7,3,17,10,7,2,0,2,10,4,6,6,4,2
55422710,197,100,97,70,33,37,58,36,22,25,11,14,1,1,0,15,6,9,28,13,15
55422711,1082,529,553,181,76,105,260,144,116,300,144,156,9,0,9,174,81,93,158,84,74
55422712,22,13,9,7,3,4,7,6,1,4,3,1,0,0,0,1,0,1,3,1,2
59873901,287,135,152,36,13,23,102,60,42,92,39,53,2,0,2,42,17,25,13,6,7
59873902,61,31,30,5,2,3,13,7,6,22,11,11,1,1,0,20,10,10,0,0,0
59873903,1950,968,982,216,89,127,614,363,251,651,294,357,27,6,21,389,183,206,53,33,20
59879801,911,449,462,101,37,64,253,148,105,337,152,185,10,0,10,202,108,94,8,4,4
59879802,718,350,368,75,27,48,238,135,103,258,119,139,7,1,6,108,51,57,32,17,15
59879803,477,239,238,71,29,42,165,94,71,162,78,84,0,0,0,68,29,39,11,9,2
59879804,3172,1569,1603,376,153,223,969,571,398,1021,462,559,32,8,24,676,317,359,98,58,40
59883601,1657,823,834,159,67,92,449,263,186,580,283,297,27,4,23,397,182,215,45,24,21
3250910,0,0,0,0,0,0,0,0,0,0,0,0,0,0,0,0,0,0,0,0,0
51088201,1592,779,813,206,79,127,423,247,176,494,226,268,17,3,14,406,194,212,46,30,16
59887901,1395,687,708,145,59,86,447,271,176,473,213,260,21,6,15,265,119,146,44,19,25
59887902,626,309,317,55,27,28,167,97,70,231,111,120,11,1,10,144,63,81,18,10,8
59887903,4023,1955,2068,507,200,307,1319,741,578,1310,580,730,43,13,30,662,302,360,182,119,63
50029101,56,27,29,11,4,7,18,10,8,18,10,8,2,1,1,6,2,4,1,0,1
50029102,574,273,301,71,26,45,154,94,60,168,74,94,4,2,2,158,66,92,19,11,8
50029103,1683,845,838,193,82,111,431,251,180,523,240,283,17,8,9,470,233,237,49,31,18
56844901,472,237,235,60,17,43,149,92,57,156,85,71,4,1,3,85,35,50,18,7,11
56844902,45,23,22,7,2,5,12,8,4,13,6,7,1,0,1,12,7,5,0,0,0
