kod_nadzsj_d,Obyvatelstvo - zaměstnaní - celkem,Obyvatelstvo - zaměstnaní - muži,Obyvatelstvo - zaměstnaní - ženy,"Obyvatelstvo - zaměstnaní - odvětví ekon.čin.: zemědělství, lesnictví ,rybářství - celkem",Obyvatelstvo - zaměstnaní - odvětví ekon.čin.: průmysl - celkem,Obyvatelstvo - zaměstnaní - odvětví ekon.čin.: stavebnictví - celkem,"Obyvatelstvo - zaměstnaní - odvětví ekon.čin.: velkoobchod a maloobchod, opravy a údržba motorových vozidel - celkem",Obyvatelstvo - zaměstnaní - odvětví ekon.čin.: doprava a skladování - celkem,"Obyvatelstvo - zaměstnaní - odvětví ekon.čin.: ubytování, stravování a pohostinství - celkem",Obyvatelstvo - zaměstnaní - odvětví ekon.čin.: informační a komunikační činnosti - celkem,Obyvatelstvo - zaměstnaní - odvětví ekon.čin.: peněžnictví a pojišťovnictví - celkem,"Obyvatelstvo - zaměstnaní - odvětví ekon.čin.: činnosti v oblasti nemovitostí, profesní, věd. a tech. činnosti a administr. a podpůrné činnosti - celkem","Obyvatelstvo - zaměstnaní - odvětví ekon.čin.: veřejná správa a obrana, povinné sociální zabezpečení - celkem",Obyvatelstvo - zaměstnaní - odvětví ekon.čin.: vzdělávání - celkem,Obyvatelstvo - zaměstnaní - odvětví ekon.čin.: zdravotní a sociální péče - celkem,Obyvatelstvo - zaměstnaní - odvětví ekon.čin.: nezjištěno - celkem,"Obyvatelstvo - zaměstnaní - nejvyšší dosažené vzdělání: bez vzdělání,základní vč. nedokončeného - celkem","Obyvatelstvo - zaměstnaní - nejvyšší dosažené vzdělání: bez vzdělání,základní vč. nedokončeného - muži","Obyvatelstvo - zaměstnaní - nejvyšší dosažené vzdělání: bez vzdělání,základní vč. nedokončeného - ženy",Obyvatelstvo - zaměstnaní - nejvyšší dosažené vzdělání: střední vč. vyučení (bez maturity) - celkem,Obyvatelstvo - zaměstnaní - nejvyšší dosažené vzdělání: střední vč. vyučení (bez maturity) - muži,Obyvatelstvo - zaměstnaní - nejvyšší dosažené vzdělání: střední vč. vyučení (bez maturity) - ženy,"Obyvatelstvo - zaměstnaní - nejvyšší dosažené vzdělání: úplné střední (s maturitou), nástavbové, pomaturitní - celkem","Obyvatelstvo - zaměstnaní - nejvyšší dosažené vzdělání: úplné střední (s maturitou), nástavbové, pomaturitní - muži","Obyvatelstvo - zaměstnaní - nejvyšší dosažené vzdělání: úplné střední (s maturitou), nástavbové, pomaturitní - ženy",Obyvatelstvo - zaměstnaní - nejvyšší dosažené vzdělání: vyšší odborné. konzervatoř - celkem,"Obyvatelstvo - zaměstnaní - nejvyšší dosažené vzdělání: vyšší odborné¨, konzervatoř - muži","Obyvatelstvo - zaměstnaní - nejvyšší dosažené vzdělání: vyšší odborné, konzervatoř - ženy",Obyvatelstvo - zaměstnaní - nejvyšší dosažené vzdělání: vysokoškolské - celkem,Obyvatelstvo - zaměstnaní - nejvyšší dosažené vzdělání: vysokoškolské - muži,Obyvatelstvo - zaměstnaní - nejvyšší dosažené vzdělání: vysokoškolské - ženy,Obyvatelstvo - zaměstnaní - nejvyšší dosažené vzdělání: nezjištěno - celkem,Obyvatelstvo - zaměstnaní - nejvyšší dosažené vzdělání: nezjištěno - muži,Obyvatelstvo - zaměstnaní - nejvyšší dosažené vzdělání: nezjištěno - ženy
1270600,0,0,0,0,0,0,0,0,0,0,0,0,0,0,0,0,0,0,0,0,0,0,0,0,0,0,0,0,0,0,0,0,0,0
1271590,0,0,0,0,0,0,0,0,0,0,0,0,0,0,0,0,0,0,0,0,0,0,0,0,0,0,0,0,0,0,0,0,0,0
3182130,0,0,0,0,0,0,0,0,0,0,0,0,0,0,0,0,0,0,0,0,0,0,0,0,0,0,0,0,0,0,0,0,0,0
3182640,0,0,0,0,0,0,0,0,0,0,0,0,0,0,0,0,0,0,0,0,0,0,0,0,0,0,0,0,0,0,0,0,0,0
50005401,528,303,225,2,38,26,53,12,42,49,21,128,16,33,48,8,12,7,5,41,30,11,160,88,72,8,4,4,262,140,122,45,34,11
50005402,1093,609,484,8,68,41,115,26,73,99,33,321,53,61,48,20,27,17,10,85,51,34,318,182,136,27,11,16,524,272,252,112,76,36
50005403,993,562,431,10,59,47,118,33,71,85,22,245,44,74,52,15,30,18,12,105,71,34,309,179,130,46,17,29,419,215,204,84,62,22
50005404,1684,930,754,12,121,52,198,64,162,151,57,390,66,103,90,29,66,41,25,162,99,63,529,288,241,33,16,17,754,394,360,140,92,48
50005405,1438,752,686,7,119,41,138,43,65,184,48,353,64,103,68,23,40,24,16,105,76,29,398,204,194,42,21,21,763,367,396,90,60,30
50005407,1892,1015,877,14,131,70,181,69,115,193,82,416,94,140,136,28,71,42,29,178,118,60,581,307,274,74,33,41,900,455,445,88,60,28
50005408,2587,1501,1086,20,167,110,304,96,199,258,92,598,100,171,130,48,121,66,55,265,195,70,790,442,348,65,31,34,1093,594,499,253,173,80
50005409,991,547,444,6,82,17,118,45,75,103,35,226,57,79,62,10,30,21,9,118,71,47,302,162,140,30,19,11,450,233,217,61,41,20
50005411,827,407,420,6,45,26,67,11,51,85,21,189,33,52,92,21,28,11,17,58,30,28,209,108,101,30,13,17,465,221,244,37,24,13
50005412,1240,684,556,8,91,42,118,42,70,133,36,275,42,108,73,26,32,21,11,109,79,30,344,173,171,38,25,13,639,342,297,78,44,34
50005413,19,12,7,0,1,0,3,1,4,2,0,5,0,1,0,1,2,2,0,3,1,2,7,5,2,0,0,0,6,4,2,1,0,1
50005414,59,42,17,1,5,1,2,1,0,4,2,7,9,3,4,2,3,3,0,4,4,0,10,6,4,0,0,0,40,29,11,2,0,2
50005416,353,203,150,3,21,13,16,5,13,36,4,67,24,45,26,2,11,8,3,25,21,4,99,52,47,14,9,5,189,101,88,15,12,3
1318060,0,0,0,0,0,0,0,0,0,0,0,0,0,0,0,0,0,0,0,0,0,0,0,0,0,0,0,0,0,0,0,0,0,0
1318570,0,0,0,0,0,0,0,0,0,0,0,0,0,0,0,0,0,0,0,0,0,0,0,0,0,0,0,0,0,0,0,0,0,0
1324620,0,0,0,0,0,0,0,0,0,0,0,0,0,0,0,0,0,0,0,0,0,0,0,0,0,0,0,0,0,0,0,0,0,0
1324710,0,0,0,0,0,0,0,0,0,0,0,0,0,0,0,0,0,0,0,0,0,0,0,0,0,0,0,0,0,0,0,0,0,0
3174620,0,0,0,0,0,0,0,0,0,0,0,0,0,0,0,0,0,0,0,0,0,0,0,0,0,0,0,0,0,0,0,0,0,0
3183960,0,0,0,0,0,0,0,0,0,0,0,0,0,0,0,0,0,0,0,0,0,0,0,0,0,0,0,0,0,0,0,0,0,0
50022401,0,0,0,0,0,0,0,0,0,0,0,0,0,0,0,0,0,0,0,0,0,0,0,0,0,0,0,0,0,0,0,0,0,0
50022402,1281,675,606,7,114,57,126,43,53,199,59,312,35,90,68,9,36,26,10,81,48,33,330,173,157,38,18,20,743,376,367,53,34,19
50022404,566,303,263,4,39,25,37,15,28,61,30,140,22,56,47,8,10,5,5,30,20,10,162,84,78,17,5,12,327,176,151,20,13,7
50022405,337,166,171,1,29,12,31,7,19,46,14,89,12,22,19,4,10,7,3,27,13,14,118,63,55,9,0,9,159,74,85,14,9,5
50022406,518,274,244,4,51,34,46,30,18,46,14,112,38,45,37,4,23,13,10,78,51,27,158,71,87,17,9,8,223,116,107,19,14,5
50022407,192,112,80,3,18,7,18,3,5,42,13,51,5,10,5,3,4,2,2,10,8,2,32,19,13,5,4,1,128,72,56,13,7,6
50022408,3545,1880,1665,23,339,173,380,166,181,398,187,744,172,210,246,49,117,65,52,498,312,186,1062,562,500,97,36,61,1606,802,804,165,103,62
50022409,63,38,25,0,1,6,5,6,1,2,4,13,0,6,14,2,1,1,0,11,7,4,21,13,8,5,2,3,23,13,10,2,2,0
50022410,189,101,88,1,14,9,26,9,12,22,12,30,13,10,16,2,6,3,3,27,18,9,82,47,35,2,1,1,67,30,37,5,2,3
50022411,2644,1341,1303,13,211,119,308,119,139,290,116,563,169,160,223,27,95,50,45,379,219,160,889,435,454,58,28,30,1131,558,573,92,51,41
50022413,3000,1494,1506,13,283,138,312,144,133,335,145,572,196,210,278,25,106,50,56,434,240,194,1055,534,521,67,23,44,1258,601,657,80,46,34
50022414,1487,891,596,9,141,117,170,121,89,128,45,258,97,75,104,39,81,61,20,276,189,87,444,234,210,16,9,7,434,218,216,236,180,56
50022415,2319,1181,1138,19,191,101,260,107,112,284,110,494,112,153,171,24,87,50,37,265,162,103,726,371,355,58,23,35,1076,514,562,107,61,46
50022416,2954,1562,1392,17,267,184,350,157,146,328,120,547,185,186,224,36,121,69,52,505,307,198,987,516,471,79,41,38,1152,562,590,110,67,43
50022417,1269,642,627,2,119,79,143,73,51,135,58,223,95,97,120,18,50,26,24,198,124,74,464,215,249,26,11,15,478,237,241,53,29,24
50022418,1889,994,895,10,166,78,173,67,106,299,81,443,70,111,114,13,68,38,30,195,117,78,555,311,244,66,30,36,934,454,480,71,44,27
50022419,2374,1210,1164,9,187,108,234,86,110,287,101,539,113,185,174,28,53,23,30,258,155,103,664,339,325,69,27,42,1238,607,631,92,59,33
50022421,26,22,4,0,4,1,3,8,1,0,1,6,1,0,0,0,3,3,0,9,6,3,9,8,1,0,0,0,2,2,0,3,3,0
50022422,1383,724,659,8,153,88,155,87,64,132,64,271,70,83,103,10,38,19,19,237,155,82,506,246,260,39,18,21,526,269,257,37,17,20
50022424,51,28,23,0,2,1,3,4,11,1,0,14,4,2,4,2,11,4,7,17,11,6,16,11,5,1,0,1,4,2,2,2,0,2
50022425,124,65,59,0,17,8,15,7,6,6,8,22,8,4,14,3,6,3,3,28,20,8,52,24,28,5,1,4,30,15,15,3,2,1
50022426,749,398,351,3,78,26,79,34,36,111,49,165,33,48,45,5,15,10,5,50,27,23,191,96,95,13,7,6,434,229,205,46,29,17
50022427,2604,1365,1239,7,259,178,279,122,115,247,108,494,187,181,233,17,88,43,45,403,253,150,925,457,468,72,37,35,1022,510,512,94,65,29
50022428,1615,857,758,13,162,115,169,86,71,172,76,315,93,96,135,11,40,24,16,201,132,69,539,258,281,39,24,15,721,358,363,75,61,14
50022429,770,384,386,2,86,48,91,55,25,65,38,142,51,60,56,6,24,13,11,112,77,35,311,144,167,21,6,15,282,130,152,20,14,6
50022430,1957,1018,939,7,188,119,206,93,58,209,78,402,113,192,148,14,47,29,18,259,166,93,651,313,338,62,27,35,890,452,438,48,31,17
50022431,566,276,290,6,46,37,78,26,11,53,32,114,30,48,44,4,17,9,8,99,57,42,198,93,105,16,6,10,218,98,120,18,13,5
50022432,2451,1247,1204,19,251,163,301,142,128,236,89,455,119,165,191,19,102,54,48,425,261,164,855,421,434,74,30,44,898,420,478,97,61,36
50022433,1285,664,621,10,114,77,170,82,68,121,54,227,77,101,94,10,57,26,31,230,143,87,472,242,230,44,21,23,435,206,229,47,26,21
50022434,2757,1416,1341,9,272,166,357,184,138,230,129,518,140,169,214,30,106,66,40,446,273,173,962,462,500,82,31,51,1054,520,534,107,64,43
50022436,617,331,286,3,56,38,78,33,28,74,36,103,35,44,37,7,11,6,5,116,78,38,230,111,119,15,6,9,227,120,107,18,10,8
50022437,2056,1090,966,9,192,158,282,142,95,187,81,346,136,148,146,20,77,50,27,346,213,133,783,410,373,63,21,42,725,356,369,62,40,22
50022438,1068,588,480,7,111,52,121,62,34,103,46,208,57,90,83,10,36,18,18,124,85,39,363,209,154,28,13,15,496,249,247,21,14,7
50022439,102,86,16,1,9,7,16,42,2,0,2,15,1,0,3,2,16,11,5,38,33,5,28,26,2,5,4,1,4,2,2,11,10,1
50022440,4117,2119,1998,19,454,220,490,307,196,399,184,756,251,284,282,42,155,91,64,731,451,280,1565,790,775,92,31,61,1457,686,771,117,70,47
50022441,324,150,174,1,28,10,28,28,15,20,5,40,51,36,41,4,24,8,16,68,38,30,137,61,76,9,3,6,79,35,44,7,5,2
50022442,1336,703,633,3,122,96,194,69,53,164,68,259,65,75,90,13,33,20,13,179,116,63,413,211,202,33,15,18,640,316,324,38,25,13
50022443,57,46,11,1,5,3,4,16,5,2,1,13,0,1,1,2,17,13,4,27,23,4,10,7,3,0,0,0,1,1,0,2,2,0
50022444,1294,693,601,5,138,80,187,56,81,168,70,236,53,66,80,13,55,33,22,129,88,41,412,214,198,34,18,16,594,296,298,70,44,26
50022445,2362,1246,1116,14,257,172,283,180,105,212,102,380,169,144,182,28,123,83,40,420,260,160,887,430,457,77,30,47,736,358,378,119,85,34
50022446,43,24,19,0,9,7,5,2,0,5,1,7,3,0,4,0,8,4,4,3,2,1,14,7,7,3,1,2,10,5,5,5,5,0
50022447,2426,1282,1144,15,294,182,298,138,102,186,102,441,137,185,175,18,94,59,35,407,250,157,870,443,427,72,35,37,887,444,443,96,51,45
50022448,3177,1702,1475,14,379,233,355,210,155,299,168,574,148,197,202,34,113,67,46,502,325,177,1114,579,535,99,39,60,1203,592,611,146,100,46
50022449,57,29,28,0,3,1,11,2,4,6,1,19,1,3,3,0,4,2,2,15,6,9,27,16,11,2,1,1,9,4,5,0,0,0
50022450,1289,635,654,4,134,67,164,62,43,143,70,248,77,86,99,7,36,21,15,210,120,90,485,231,254,40,14,26,477,223,254,41,26,15
50022451,1760,933,827,11,203,114,240,125,86,149,62,323,90,117,131,10,92,52,40,345,214,131,651,329,322,46,21,25,544,260,284,82,57,25
50022452,371,194,177,2,47,22,49,27,19,44,18,60,25,14,21,2,20,11,9,49,33,16,141,71,70,4,1,3,142,69,73,15,9,6
50022453,1079,556,523,8,108,55,140,61,50,110,60,216,57,56,67,15,36,20,16,147,94,53,353,171,182,36,14,22,462,229,233,45,28,17
50022454,25,15,10,0,3,0,3,2,6,1,0,5,1,0,0,0,8,4,4,12,8,4,2,1,1,1,1,0,2,1,1,0,0,0
50022455,104,56,48,1,14,7,17,4,9,4,4,14,8,2,11,5,7,3,4,34,23,11,37,19,18,3,1,2,19,9,10,4,1,3
1282440,0,0,0,0,0,0,0,0,0,0,0,0,0,0,0,0,0,0,0,0,0,0,0,0,0,0,0,0,0,0,0,0,0,0
3157700,0,0,0,0,0,0,0,0,0,0,0,0,0,0,0,0,0,0,0,0,0,0,0,0,0,0,0,0,0,0,0,0,0,0
54703402,1700,894,806,7,171,125,222,100,64,209,104,278,87,114,118,6,43,18,25,262,167,95,646,318,328,45,21,24,640,325,315,64,45,19
54703403,531,269,262,5,52,27,83,52,21,52,16,83,39,30,48,3,34,21,13,117,71,46,185,88,97,14,4,10,151,69,82,30,16,14
54703404,2733,1393,1340,20,282,138,370,189,114,225,114,467,272,163,210,24,131,70,61,592,336,256,1021,481,540,86,37,49,790,405,385,113,64,49
54703405,974,534,440,6,106,61,154,57,42,64,46,161,57,73,78,8,35,20,15,178,120,58,371,197,174,26,9,17,345,173,172,19,15,4
54703407,3829,1942,1887,15,362,248,551,307,192,303,187,587,290,284,280,37,215,114,101,812,481,331,1502,682,820,115,54,61,1033,520,513,152,91,61
54703408,2491,1321,1170,17,254,160,308,195,111,256,116,358,176,194,193,18,113,60,53,597,352,245,909,439,470,47,21,26,754,406,348,71,43,28
54703409,2958,1572,1386,24,318,180,412,178,136,246,176,483,192,212,196,28,118,62,56,585,374,211,1118,547,571,62,23,39,974,499,475,101,67,34
54703410,3078,1591,1487,22,330,154,331,181,120,345,174,478,257,265,225,30,98,58,40,465,277,188,1139,533,606,74,28,46,1210,631,579,92,64,28
54703411,72,36,36,2,7,6,9,2,6,5,2,15,3,5,6,0,5,0,5,9,3,6,28,15,13,4,1,3,26,17,9,0,0,0
54703412,77,56,21,1,12,8,12,5,3,0,0,13,0,0,2,19,0,0,0,1,1,0,4,3,1,1,1,0,3,2,1,68,49,19
54703413,3278,1690,1588,27,324,208,516,221,153,280,133,504,208,251,243,26,165,86,79,593,361,232,1228,576,652,101,44,57,1052,540,512,139,83,56
54703414,1740,934,806,11,154,107,193,122,65,174,89,301,118,135,149,24,43,31,12,225,130,95,589,287,302,48,19,29,727,388,339,108,79,29
54703415,2115,1075,1040,8,213,136,266,156,103,161,105,374,149,145,159,26,96,43,53,442,265,177,822,384,438,54,21,33,612,311,301,89,51,38
54703417,811,430,381,6,95,53,134,36,46,57,35,150,36,57,48,10,41,20,21,161,107,54,284,143,141,24,9,15,285,143,142,16,8,8
54703418,2646,1447,1199,17,254,183,384,219,114,194,104,433,169,173,205,46,135,81,54,607,386,221,894,444,450,57,29,28,747,353,394,206,154,52
54703419,1159,619,540,3,104,52,138,42,35,232,106,215,53,51,85,4,16,11,5,57,38,19,347,185,162,33,12,21,682,360,322,24,13,11
54703420,2549,1340,1209,23,276,166,331,170,124,201,102,408,210,213,158,23,124,58,66,576,347,229,954,476,478,68,27,41,735,369,366,92,63,29
54703421,3219,1670,1549,24,310,185,495,197,133,282,175,514,197,261,242,27,145,70,75,607,378,229,1222,571,651,69,27,42,1075,553,522,101,71,30
54703422,1616,838,778,19,180,118,210,96,48,154,67,265,89,131,126,14,64,40,24,294,171,123,588,285,303,46,24,22,573,282,291,51,36,15
1284490,0,0,0,0,0,0,0,0,0,0,0,0,0,0,0,0,0,0,0,0,0,0,0,0,0,0,0,0,0,0,0,0,0,0
1284570,0,0,0,0,0,0,0,0,0,0,0,0,0,0,0,0,0,0,0,0,0,0,0,0,0,0,0,0,0,0,0,0,0,0
1284730,0,0,0,0,0,0,0,0,0,0,0,0,0,0,0,0,0,0,0,0,0,0,0,0,0,0,0,0,0,0,0,0,0,0
1285380,0,0,0,0,0,0,0,0,0,0,0,0,0,0,0,0,0,0,0,0,0,0,0,0,0,0,0,0,0,0,0,0,0,0
1285540,0,0,0,0,0,0,0,0,0,0,0,0,0,0,0,0,0,0,0,0,0,0,0,0,0,0,0,0,0,0,0,0,0,0
1285970,0,0,0,0,0,0,0,0,0,0,0,0,0,0,0,0,0,0,0,0,0,0,0,0,0,0,0,0,0,0,0,0,0,0
3158000,0,0,0,0,0,0,0,0,0,0,0,0,0,0,0,0,0,0,0,0,0,0,0,0,0,0,0,0,0,0,0,0,0,0
3158420,0,0,0,0,0,0,0,0,0,0,0,0,0,0,0,0,0,0,0,0,0,0,0,0,0,0,0,0,0,0,0,0,0,0
3161720,0,0,0,0,0,0,0,0,0,0,0,0,0,0,0,0,0,0,0,0,0,0,0,0,0,0,0,0,0,0,0,0,0,0
3162700,0,0,0,0,0,0,0,0,0,0,0,0,0,0,0,0,0,0,0,0,0,0,0,0,0,0,0,0,0,0,0,0,0,0
3162880,0,0,0,0,0,0,0,0,0,0,0,0,0,0,0,0,0,0,0,0,0,0,0,0,0,0,0,0,0,0,0,0,0,0
3163180,0,0,0,0,0,0,0,0,0,0,0,0,0,0,0,0,0,0,0,0,0,0,0,0,0,0,0,0,0,0,0,0,0,0
3298270,0,0,0,0,0,0,0,0,0,0,0,0,0,0,0,0,0,0,0,0,0,0,0,0,0,0,0,0,0,0,0,0,0,0
54710701,34,20,14,0,5,6,10,4,0,0,1,4,2,2,0,0,2,1,1,9,6,3,16,8,8,0,0,0,7,5,2,0,0,0
54710702,7,6,1,0,2,0,1,2,1,0,0,0,0,1,0,0,0,0,0,5,5,0,1,0,1,0,0,0,1,1,0,0,0,0
54710703,547,298,249,12,52,44,80,28,27,50,31,95,20,31,37,6,18,13,5,105,66,39,196,107,89,16,6,10,196,95,101,16,11,5
54710707,447,230,217,10,52,38,60,34,22,26,12,64,31,39,33,2,19,10,9,110,70,40,162,73,89,7,3,4,133,68,65,16,6,10
54710708,2460,1256,1204,13,233,136,326,169,113,183,110,365,276,167,218,17,105,51,54,520,308,212,959,440,519,56,23,33,738,382,356,82,52,30
54710710,1594,828,766,9,182,99,210,110,85,111,69,248,118,115,137,13,71,42,29,387,221,166,584,294,290,40,15,25,469,228,241,43,28,15
54710711,2644,1368,1276,13,251,176,403,191,130,203,131,436,181,157,193,27,134,81,53,588,334,254,1010,486,524,61,25,36,755,390,365,96,52,44
54710712,534,272,262,2,33,28,53,28,34,32,28,95,64,41,56,6,20,12,8,106,59,47,212,98,114,16,9,7,164,81,83,16,13,3
54710713,2691,1388,1303,19,239,176,424,158,115,234,130,423,182,182,216,25,126,75,51,494,300,194,1047,506,541,68,35,33,856,411,445,100,61,39
54710714,14,7,7,1,4,1,0,1,0,0,1,2,0,0,3,0,1,1,0,6,4,2,6,1,5,0,0,0,0,0,0,1,1,0
54710715,749,412,337,3,79,44,75,22,23,127,69,156,44,25,52,6,10,5,5,35,25,10,200,101,99,28,16,12,462,254,208,14,11,3
54710716,263,143,120,0,33,23,39,16,11,17,22,46,8,13,16,3,11,6,5,43,30,13,94,46,48,5,1,4,110,60,50,0,0,0
54710717,1022,539,483,9,101,56,116,42,37,77,56,155,130,88,97,9,33,17,16,154,101,53,374,178,196,21,9,12,417,220,197,23,14,9
54710718,2427,1292,1135,13,245,163,338,131,104,214,120,397,184,179,198,28,84,46,38,430,278,152,888,443,445,71,32,39,855,425,430,99,68,31
54710719,184,95,89,2,26,8,21,6,5,18,8,28,16,12,20,1,2,1,1,34,24,10,66,29,37,7,2,5,74,38,36,1,1,0
54710720,97,54,43,0,11,4,14,3,3,11,10,21,3,7,3,2,2,2,0,6,2,4,22,14,8,2,1,1,62,34,28,3,1,2
54710721,239,131,108,2,27,32,25,10,11,18,5,48,17,18,13,0,12,6,6,56,37,19,72,37,35,3,1,2,93,49,44,3,1,2
54710722,75,41,34,2,9,8,4,5,7,6,2,7,5,9,8,0,3,2,1,17,13,4,22,12,10,2,1,1,31,13,18,0,0,0
54710723,2719,1370,1349,19,313,172,340,173,99,209,111,421,218,243,240,27,86,43,43,467,288,179,1009,465,544,71,24,47,975,482,493,111,68,43
54710724,1353,798,555,11,169,111,163,84,44,107,61,259,70,81,86,28,68,43,25,251,183,68,396,217,179,38,12,26,444,223,221,156,120,36
54710725,2997,1557,1440,21,287,249,410,175,144,229,138,483,210,240,246,17,147,72,75,664,418,246,1076,498,578,67,26,41,930,470,460,113,73,40
54710726,2693,1482,1211,23,415,192,363,163,100,185,120,401,207,187,174,22,116,70,46,533,326,207,976,488,488,93,44,49,781,406,375,194,148,46
54710728,475,257,218,1,35,42,61,15,10,60,36,109,27,23,31,3,14,9,5,40,25,15,140,79,61,11,4,7,233,116,117,37,24,13
54710729,1671,854,817,13,173,86,213,82,63,190,94,296,100,109,114,14,63,37,26,232,154,78,547,272,275,37,15,22,741,345,396,51,31,20
54710730,421,247,174,3,48,20,44,9,12,61,33,96,16,13,35,4,4,3,1,20,12,8,122,76,46,9,6,3,257,145,112,9,5,4
54710731,1078,566,512,4,115,67,134,62,42,86,51,193,78,80,89,10,33,21,12,174,110,64,376,183,193,34,15,19,439,222,217,22,15,7
54710734,948,505,443,7,109,71,129,71,38,62,37,152,67,87,70,8,47,26,21,210,133,77,365,179,186,23,7,16,284,148,136,19,12,7
54710735,19,13,6,2,2,0,2,1,5,0,0,3,0,1,2,0,1,1,0,5,5,0,10,6,4,0,0,0,3,1,2,0,0,0
3163690,0,0,0,0,0,0,0,0,0,0,0,0,0,0,0,0,0,0,0,0,0,0,0,0,0,0,0,0,0,0,0,0,0,0
3168650,0,0,0,0,0,0,0,0,0,0,0,0,0,0,0,0,0,0,0,0,0,0,0,0,0,0,0,0,0,0,0,0,0,0
3168730,0,0,0,0,0,0,0,0,0,0,0,0,0,0,0,0,0,0,0,0,0,0,0,0,0,0,0,0,0,0,0,0,0,0
3168810,0,0,0,0,0,0,0,0,0,0,0,0,0,0,0,0,0,0,0,0,0,0,0,0,0,0,0,0,0,0,0,0,0,0
3168900,0,0,0,0,0,0,0,0,0,0,0,0,0,0,0,0,0,0,0,0,0,0,0,0,0,0,0,0,0,0,0,0,0,0
3169030,0,0,0,0,0,0,0,0,0,0,0,0,0,0,0,0,0,0,0,0,0,0,0,0,0,0,0,0,0,0,0,0,0,0
3182210,0,0,0,0,0,0,0,0,0,0,0,0,0,0,0,0,0,0,0,0,0,0,0,0,0,0,0,0,0,0,0,0,0,0
3183700,0,0,0,0,0,0,0,0,0,0,0,0,0,0,0,0,0,0,0,0,0,0,0,0,0,0,0,0,0,0,0,0,0,0
3205520,0,0,0,0,0,0,0,0,0,0,0,0,0,0,0,0,0,0,0,0,0,0,0,0,0,0,0,0,0,0,0,0,0,0
53969401,19,11,8,0,3,1,2,1,2,3,1,1,1,3,1,0,0,0,0,4,3,1,5,3,2,0,0,0,8,4,4,2,1,1
53969402,2968,1495,1473,14,247,150,346,184,106,282,149,475,312,260,249,30,115,64,51,483,255,228,1123,547,576,77,35,42,1077,544,533,93,50,43
53969403,64,32,32,1,5,1,12,3,4,11,4,8,3,4,5,0,1,1,0,1,1,0,10,2,8,1,0,1,51,28,23,0,0,0
53969404,2936,1546,1390,12,246,185,357,212,172,299,132,565,160,190,202,54,149,82,67,355,216,139,851,445,406,84,36,48,1220,575,645,277,192,85
53969405,3457,1800,1657,19,323,203,344,240,131,335,183,599,336,256,262,38,114,61,53,516,330,186,1282,627,655,103,47,56,1308,644,664,134,91,43
53969406,1736,911,825,8,160,92,201,101,69,208,124,341,80,78,153,18,41,19,22,132,79,53,515,266,249,47,24,23,927,472,455,74,51,23
53969407,1230,630,600,3,145,31,114,69,48,218,88,263,46,54,81,17,19,10,9,58,34,24,293,167,126,31,10,21,764,375,389,65,34,31
53969408,2392,1191,1201,16,215,172,289,193,106,179,95,378,190,194,203,14,119,64,55,518,313,205,881,396,485,56,21,35,734,345,389,84,52,32
53969410,212,120,92,0,17,14,33,22,12,16,7,50,8,9,17,0,6,5,1,27,17,10,91,54,37,3,3,0,83,39,44,2,2,0
53969411,313,269,44,6,28,79,16,90,4,0,0,60,1,0,1,27,20,15,5,44,35,9,37,30,7,10,10,0,21,11,10,181,168,13
53969412,2726,1393,1333,17,240,153,304,191,125,262,140,471,191,213,227,20,122,71,51,404,249,155,931,424,507,68,25,43,1109,558,551,92,66,26
53969413,6010,3041,2969,40,573,441,781,443,222,533,265,911,441,469,514,61,232,134,98,1083,650,433,2171,988,1183,165,63,102,2118,1047,1071,241,159,82
53969414,389,200,189,0,35,19,55,14,12,43,32,92,14,12,38,4,7,3,4,19,14,5,104,48,56,17,7,10,236,125,111,6,3,3
53969415,92,46,46,1,13,3,11,8,1,11,8,19,3,3,9,0,1,1,0,3,1,2,15,7,8,3,2,1,70,35,35,0,0,0
53969416,1221,645,576,12,111,85,156,59,46,97,53,237,87,98,107,11,39,23,16,235,155,80,388,187,201,32,15,17,491,245,246,36,20,16
53969417,593,321,272,8,70,33,78,36,28,50,15,124,27,34,41,6,20,12,8,98,63,35,194,101,93,13,6,7,251,126,125,17,13,4
53969419,3355,1707,1648,23,315,198,413,239,128,278,173,536,290,247,288,23,138,66,72,604,378,226,1282,614,668,88,27,61,1163,573,590,80,49,31
53969420,2890,1534,1356,17,250,198,367,185,142,334,139,543,194,162,188,34,108,64,44,375,224,151,1010,528,482,90,41,49,1195,609,586,112,68,44
53969421,1806,948,858,11,157,113,228,108,62,213,121,343,144,77,134,21,60,34,26,155,106,49,527,271,256,70,29,41,912,455,457,82,53,29
53969422,284,150,134,5,28,17,46,15,8,14,11,60,15,16,32,2,15,8,7,48,28,20,99,51,48,5,4,1,110,56,54,7,3,4
53969423,75,41,34,1,9,8,3,4,2,10,4,15,3,5,7,0,0,0,0,7,6,1,33,16,17,2,1,1,30,17,13,3,1,2
53969424,238,130,108,5,27,18,36,32,17,17,4,26,11,9,20,1,5,2,3,73,51,22,76,35,41,7,3,4,70,35,35,7,4,3
53969425,17,9,8,0,1,0,3,1,2,1,0,2,1,2,2,0,1,1,0,3,3,0,11,4,7,0,0,0,1,1,0,1,0,1
53969426,35,30,5,0,13,5,9,3,1,0,0,3,0,0,0,0,1,1,0,8,5,3,11,11,0,7,5,2,8,8,0,0,0,0
1316610,0,0,0,0,0,0,0,0,0,0,0,0,0,0,0,0,0,0,0,0,0,0,0,0,0,0,0,0,0,0,0,0,0,0
1316950,0,0,0,0,0,0,0,0,0,0,0,0,0,0,0,0,0,0,0,0,0,0,0,0,0,0,0,0,0,0,0,0,0,0
3065250,0,0,0,0,0,0,0,0,0,0,0,0,0,0,0,0,0,0,0,0,0,0,0,0,0,0,0,0,0,0,0,0,0,0
3170120,0,0,0,0,0,0,0,0,0,0,0,0,0,0,0,0,0,0,0,0,0,0,0,0,0,0,0,0,0,0,0,0,0,0
3170550,0,0,0,0,0,0,0,0,0,0,0,0,0,0,0,0,0,0,0,0,0,0,0,0,0,0,0,0,0,0,0,0,0,0
3172090,0,0,0,0,0,0,0,0,0,0,0,0,0,0,0,0,0,0,0,0,0,0,0,0,0,0,0,0,0,0,0,0,0,0
54736101,130,70,60,2,8,7,18,7,4,15,10,26,10,7,7,1,3,3,0,20,15,5,43,19,24,3,1,2,60,32,28,1,0,1
54736102,164,91,73,3,21,14,22,12,5,12,3,25,4,10,12,1,11,5,6,36,26,10,67,32,35,9,4,5,38,22,16,3,2,1
54736103,132,72,60,1,15,9,18,5,4,10,13,39,2,3,3,1,7,3,4,11,6,5,34,19,15,6,3,3,73,40,33,1,1,0
54736104,2180,1147,1033,16,236,149,341,163,99,146,102,375,154,150,123,25,137,75,62,483,291,192,754,374,380,70,25,45,646,325,321,90,57,33
54736105,2169,1201,968,13,274,166,306,194,121,149,75,411,108,103,122,27,127,78,49,425,257,168,696,390,306,71,33,38,667,324,343,183,119,64
54736106,1278,702,576,25,126,80,162,108,42,111,60,225,70,94,83,21,41,24,17,229,138,91,453,244,209,23,11,12,458,229,229,74,56,18
54736109,105,55,50,0,14,5,11,6,5,10,9,19,4,6,7,0,0,0,0,6,4,2,46,21,25,5,2,3,48,28,20,0,0,0
54736110,34,22,12,0,6,4,7,4,0,3,1,3,3,0,1,0,2,1,1,10,8,2,20,13,7,0,0,0,2,0,2,0,0,0
54736111,3581,1841,1740,21,450,228,485,310,158,235,146,535,337,252,233,28,202,118,84,719,421,298,1406,672,734,88,42,46,1033,512,521,133,76,57
54736112,2119,1009,1110,14,203,105,312,156,102,86,62,230,348,186,172,17,152,76,76,571,301,270,823,378,445,52,18,34,449,198,251,72,38,34
54736113,446,254,192,4,67,51,67,41,20,27,25,63,16,20,17,2,31,18,13,106,66,40,163,90,73,12,4,8,99,49,50,35,27,8
54736114,4141,2123,2018,26,505,259,641,348,194,242,170,552,379,286,281,40,244,125,119,985,554,431,1594,779,815,117,59,58,1011,481,530,190,125,65
54736115,647,358,289,3,79,38,105,40,24,83,34,122,21,22,42,3,21,13,8,54,36,18,206,116,90,31,10,21,302,158,144,33,25,8
54736116,2205,1245,960,15,278,178,326,214,143,118,61,332,125,140,111,37,164,91,73,559,344,215,708,372,336,47,20,27,477,242,235,250,176,74
54736117,33,20,13,0,13,4,3,7,1,0,0,3,0,0,1,1,5,3,2,11,6,5,11,5,6,1,1,0,2,2,0,3,3,0
54736118,1738,949,789,13,211,118,302,119,72,140,67,311,86,105,90,24,83,53,30,257,172,85,580,300,280,48,16,32,653,334,319,117,74,43
54736119,144,78,66,3,16,15,15,9,2,13,6,22,6,7,14,3,9,5,4,33,23,10,51,23,28,3,2,1,44,23,21,4,2,2
54736120,191,166,25,1,10,133,5,7,2,0,0,23,0,0,2,6,7,5,2,55,51,4,65,56,9,1,1,0,12,6,6,51,47,4
54736121,825,432,393,5,106,67,135,76,38,48,45,116,60,46,44,5,40,21,19,183,117,66,370,174,196,19,6,13,189,101,88,24,13,11
54736122,1061,576,485,7,117,80,148,72,37,118,67,198,47,51,61,13,37,23,14,115,80,35,360,190,170,33,11,22,429,217,212,87,55,32
54736123,1238,655,583,13,185,78,183,102,59,77,47,209,70,84,63,8,61,38,23,292,188,104,423,207,216,31,11,20,397,184,213,34,27,7
54736124,41,38,3,0,0,32,0,0,0,0,0,3,0,0,0,6,0,0,0,10,9,1,5,4,1,3,3,0,0,0,0,23,22,1
54736125,649,342,307,8,67,50,90,60,30,42,26,103,47,50,37,6,27,17,10,141,91,50,237,119,118,15,2,13,215,106,109,14,7,7
54736126,1378,748,630,7,177,74,196,74,65,128,105,236,93,74,81,7,42,21,21,186,110,76,446,258,188,44,12,32,621,324,297,39,23,16
54736127,713,370,343,0,89,45,99,49,34,71,44,136,36,33,34,3,27,17,10,119,71,48,219,103,116,16,9,7,315,162,153,17,8,9
1318650,0,0,0,0,0,0,0,0,0,0,0,0,0,0,0,0,0,0,0,0,0,0,0,0,0,0,0,0,0,0,0,0,0,0
3060450,0,0,0,0,0,0,0,0,0,0,0,0,0,0,0,0,0,0,0,0,0,0,0,0,0,0,0,0,0,0,0,0,0,0
3174200,0,0,0,0,0,0,0,0,0,0,0,0,0,0,0,0,0,0,0,0,0,0,0,0,0,0,0,0,0,0,0,0,0,0
3183880,0,0,0,0,0,0,0,0,0,0,0,0,0,0,0,0,0,0,0,0,0,0,0,0,0,0,0,0,0,0,0,0,0,0
54738701,36,20,16,5,4,2,3,3,3,4,1,3,3,1,1,0,3,1,2,10,6,4,11,9,2,1,0,1,11,4,7,0,0,0
54738702,1024,551,473,2,121,72,147,60,53,95,45,152,54,77,80,4,31,16,15,195,124,71,399,198,201,23,10,13,354,187,167,22,16,6
54738703,79,42,37,1,12,4,8,6,6,5,7,9,6,6,2,0,3,2,1,21,10,11,30,18,12,1,0,1,23,12,11,1,0,1
54738704,40,29,11,0,13,5,3,4,0,0,0,10,0,1,2,0,3,3,0,19,15,4,12,8,4,0,0,0,6,3,3,0,0,0
54738705,117,80,37,1,18,15,15,11,5,5,1,17,2,3,9,10,8,6,2,31,24,7,47,29,18,0,0,0,16,10,6,15,11,4
54738707,2264,1166,1098,14,301,150,303,123,93,201,88,411,116,129,171,16,96,52,44,326,211,115,800,392,408,62,24,38,910,440,470,70,47,23
54738708,2454,1324,1130,12,288,173,337,176,100,193,106,396,147,158,211,13,96,57,39,442,276,166,979,506,473,64,24,40,767,389,378,106,72,34
54738709,269,149,120,0,47,18,34,14,6,19,6,51,14,10,21,5,8,4,4,49,30,19,116,60,56,7,3,4,77,42,35,12,10,2
54738710,866,441,425,3,99,63,107,34,35,71,40,181,55,60,55,5,16,7,9,131,87,44,273,126,147,23,9,14,388,196,192,35,16,19
54738711,1890,983,907,11,217,122,266,141,72,153,93,294,124,138,146,17,56,28,28,361,231,130,715,336,379,51,18,33,606,302,304,101,68,33
54738713,1423,778,645,6,153,90,205,59,52,214,109,283,59,47,79,12,25,16,9,109,69,40,417,223,194,46,16,30,747,402,345,79,52,27
54738714,3035,1544,1491,21,352,184,410,180,129,287,150,446,240,214,248,20,110,56,54,558,336,222,1164,543,621,93,39,54,1027,517,510,83,53,30
54738715,1182,630,552,9,145,63,179,73,33,175,68,216,53,48,56,8,38,22,16,109,66,43,412,227,185,51,19,32,513,264,249,59,32,27
54738716,1829,998,831,11,234,121,265,123,94,120,68,283,134,137,109,23,75,44,31,404,268,136,696,345,351,43,14,29,516,260,256,95,67,28
54738717,87,48,39,0,12,6,11,0,4,9,9,25,1,0,4,3,2,2,0,2,1,1,23,13,10,1,0,1,56,29,27,3,3,0
54738719,2965,1454,1511,23,400,147,411,208,123,219,128,386,293,203,267,23,140,71,69,665,384,281,1130,513,617,86,31,55,853,408,445,91,47,44
3061850,0,0,0,0,0,0,0,0,0,0,0,0,0,0,0,0,0,0,0,0,0,0,0,0,0,0,0,0,0,0,0,0,0,0
53960102,34,22,12,0,14,7,2,1,1,1,0,3,3,0,1,0,4,4,0,12,9,3,12,5,7,1,0,1,1,1,0,4,3,1
53960103,3040,1646,1394,42,417,231,363,159,121,238,132,507,207,231,205,25,124,69,55,572,386,186,1071,530,541,63,29,34,1086,552,534,124,80,44
53960104,11,6,5,0,1,2,4,0,1,0,0,1,0,2,0,0,2,1,1,2,2,0,4,0,4,0,0,0,3,3,0,0,0,0
53960106,11,4,7,0,3,0,2,0,2,0,0,1,2,1,0,0,4,1,3,2,1,1,2,1,1,0,0,0,2,1,1,1,0,1
53960107,104,57,47,3,12,7,16,12,3,5,1,22,9,3,4,0,9,4,5,36,24,12,39,16,23,0,0,0,16,9,7,4,4,0
53960108,1111,578,533,7,145,98,152,66,47,76,48,156,88,83,72,12,55,26,29,246,150,96,367,171,196,27,10,17,371,192,179,45,29,16
53960110,250,148,102,2,34,15,35,21,17,17,7,28,15,25,15,1,14,8,6,64,47,17,86,45,41,11,6,5,60,30,30,15,12,3
54717401,3429,1716,1713,19,299,216,426,260,181,226,129,515,339,288,333,25,158,90,68,692,395,297,1392,659,733,79,21,58,1009,502,507,99,49,50
54717402,31,25,6,0,0,1,2,22,0,0,0,2,0,0,3,0,1,1,0,18,15,3,9,7,2,1,1,0,1,0,1,1,1,0
54717403,1076,577,499,5,96,67,142,87,45,89,45,188,68,72,99,6,44,27,17,168,112,56,387,189,198,25,16,9,428,218,210,24,15,9
54717404,444,209,235,3,48,38,44,31,20,34,17,70,23,24,74,0,24,11,13,88,55,33,173,77,96,9,5,4,143,58,85,7,3,4
54717405,4119,2118,2001,32,382,263,515,398,200,256,156,567,391,309,392,51,207,120,87,905,540,365,1602,753,849,97,35,62,1110,537,573,198,133,65
54717406,324,183,141,4,48,15,36,9,11,28,11,53,18,27,49,3,11,5,6,12,11,1,83,37,46,7,2,5,203,122,81,8,6,2
54717407,3317,1718,1599,17,289,189,400,252,169,226,129,495,403,234,314,45,171,80,91,591,363,228,1229,568,661,92,37,55,1104,590,514,130,80,50
1311720,0,0,0,0,0,0,0,0,0,0,0,0,0,0,0,0,0,0,0,0,0,0,0,0,0,0,0,0,0,0,0,0,0,0
1314400,0,0,0,0,0,0,0,0,0,0,0,0,0,0,0,0,0,0,0,0,0,0,0,0,0,0,0,0,0,0,0,0,0,0
54741701,23,16,7,0,2,1,3,4,1,1,0,8,0,3,0,0,1,1,0,2,1,1,10,7,3,0,0,0,10,7,3,0,0,0
54741702,192,106,86,0,24,9,25,10,10,29,16,29,7,10,16,2,5,2,3,10,6,4,60,34,26,5,3,2,108,58,50,4,3,1
54741703,182,95,87,3,19,10,29,10,6,22,11,43,6,8,8,3,6,3,3,8,5,3,62,37,25,13,3,10,83,43,40,10,4,6
54741704,5991,3192,2799,49,786,490,914,454,288,443,258,924,364,324,347,66,327,189,138,1261,768,493,2233,1121,1112,184,71,113,1722,863,859,264,180,84
54741705,2103,1129,974,18,297,141,289,146,85,154,87,337,128,158,142,17,97,55,42,448,268,180,788,407,381,42,14,28,638,317,321,90,68,22
54741706,2768,1498,1270,19,305,155,361,130,106,408,196,541,133,88,173,24,71,38,33,232,139,93,853,474,379,106,37,69,1399,731,668,107,79,28
54741707,15,10,5,0,4,1,1,0,1,0,0,4,1,0,0,1,3,3,0,5,4,1,3,1,2,1,1,0,1,0,1,2,1,1
54741708,1023,518,505,12,111,73,137,52,26,122,81,180,56,45,50,10,30,19,11,105,64,41,329,160,169,33,12,21,465,223,242,61,40,21
54741709,69,36,33,2,7,8,12,7,0,3,6,11,1,4,4,1,3,1,2,10,4,6,38,19,19,0,0,0,17,11,6,1,1,0
1311990,0,0,0,0,0,0,0,0,0,0,0,0,0,0,0,0,0,0,0,0,0,0,0,0,0,0,0,0,0,0,0,0,0,0
3170390,0,0,0,0,0,0,0,0,0,0,0,0,0,0,0,0,0,0,0,0,0,0,0,0,0,0,0,0,0,0,0,0,0,0
54734401,139,71,68,2,12,6,21,13,2,12,9,20,14,10,8,2,3,2,1,18,11,7,61,30,31,2,1,1,50,25,25,5,2,3
54734402,437,249,188,6,61,34,51,25,21,31,22,76,30,30,23,5,18,12,6,93,60,33,145,78,67,10,4,6,138,70,68,33,25,8
54734404,139,78,61,0,14,2,12,8,8,21,11,33,7,6,8,2,2,1,1,11,7,4,45,25,20,2,0,2,75,43,32,4,2,2
54734405,10,4,6,0,1,2,5,0,0,0,1,1,0,0,0,0,1,0,1,2,1,1,2,1,1,0,0,0,5,2,3,0,0,0
54734406,1342,709,633,18,161,112,133,77,39,103,57,262,106,102,88,14,58,35,23,222,148,74,479,212,267,37,18,19,500,262,238,46,34,12
54734407,1868,984,884,8,251,121,243,124,76,168,92,302,147,131,120,15,69,42,27,314,202,112,704,364,340,55,22,33,665,320,345,61,34,27
1272300,0,0,0,0,0,0,0,0,0,0,0,0,0,0,0,0,0,0,0,0,0,0,0,0,0,0,0,0,0,0,0,0,0,0
3057910,0,0,0,0,0,0,0,0,0,0,0,0,0,0,0,0,0,0,0,0,0,0,0,0,0,0,0,0,0,0,0,0,0,0
3058040,0,0,0,0,0,0,0,0,0,0,0,0,0,0,0,0,0,0,0,0,0,0,0,0,0,0,0,0,0,0,0,0,0,0
3182050,0,0,0,0,0,0,0,0,0,0,0,0,0,0,0,0,0,0,0,0,0,0,0,0,0,0,0,0,0,0,0,0,0,0
50008901,1020,552,468,4,85,37,80,29,63,138,38,222,48,79,99,16,39,23,16,99,66,33,271,151,120,32,16,16,517,252,265,62,44,18
50008902,441,256,185,3,39,14,42,17,13,65,27,88,16,38,34,6,11,7,4,25,12,13,112,66,46,13,6,7,239,140,99,41,25,16
50008903,1582,847,735,17,135,72,145,68,87,183,57,336,75,110,141,17,81,50,31,194,132,62,462,242,220,53,25,28,721,349,372,71,49,22
50008904,898,493,405,3,85,26,112,41,64,101,33,186,36,61,52,18,39,22,17,89,57,32,276,153,123,25,14,11,424,214,210,45,33,12
50008905,1584,834,750,7,125,58,141,51,77,189,79,372,79,126,109,21,49,33,16,152,90,62,490,255,235,54,22,32,770,388,382,69,46,23
50008906,1746,952,794,10,130,108,160,73,94,191,72,412,79,135,103,28,49,29,20,179,120,59,542,296,246,61,24,37,817,416,401,98,67,31
50008907,1206,609,597,9,90,62,111,54,71,162,59,224,65,85,88,17,36,20,16,172,105,67,390,202,188,45,19,26,506,228,278,57,35,22
50008908,2591,1446,1145,20,214,130,220,87,137,310,105,656,101,167,173,43,56,34,22,257,171,86,738,399,339,69,30,39,1323,704,619,148,108,40
50008909,3638,2007,1631,23,303,155,367,134,249,440,153,804,130,259,262,57,128,79,49,386,258,128,1086,573,513,91,42,49,1700,874,826,247,181,66
50008910,1768,922,846,6,144,67,174,57,101,226,74,414,70,156,114,22,45,25,20,162,104,58,521,288,233,53,25,28,900,426,474,87,54,33
50008912,2559,1374,1185,12,187,92,239,93,124,347,100,633,106,202,159,45,37,23,14,183,120,63,743,401,342,58,29,29,1377,703,674,161,98,63
50008913,2931,1531,1400,22,235,119,227,105,141,433,120,688,120,232,161,34,64,43,21,226,140,86,838,461,377,72,31,41,1607,778,829,124,78,46
50008914,20,17,3,1,1,1,1,2,1,0,1,10,0,0,0,2,4,3,1,7,7,0,6,5,1,0,0,0,3,2,1,0,0,0
50008916,1567,850,717,8,126,64,120,36,65,203,74,401,55,121,104,28,38,20,18,95,62,33,454,243,211,44,23,21,845,443,402,91,59,32
50008917,1164,633,531,5,103,46,106,53,72,127,47,255,52,95,80,19,51,38,13,93,62,31,351,184,167,38,24,14,553,279,274,78,46,32
50008918,2575,1399,1176,21,233,178,284,127,152,278,85,545,97,159,174,28,122,70,52,394,257,137,862,470,392,76,31,45,982,483,499,139,88,51
3065170,0,0,0,0,0,0,0,0,0,0,0,0,0,0,0,0,0,0,0,0,0,0,0,0,0,0,0,0,0,0,0,0,0,0
3170710,0,0,0,0,0,0,0,0,0,0,0,0,0,0,0,0,0,0,0,0,0,0,0,0,0,0,0,0,0,0,0,0,0,0
3170980,0,0,0,0,0,0,0,0,0,0,0,0,0,0,0,0,0,0,0,0,0,0,0,0,0,0,0,0,0,0,0,0,0,0
3172330,0,0,0,0,0,0,0,0,0,0,0,0,0,0,0,0,0,0,0,0,0,0,0,0,0,0,0,0,0,0,0,0,0,0
3172680,0,0,0,0,0,0,0,0,0,0,0,0,0,0,0,0,0,0,0,0,0,0,0,0,0,0,0,0,0,0,0,0,0,0
3249060,0,0,0,0,0,0,0,0,0,0,0,0,0,0,0,0,0,0,0,0,0,0,0,0,0,0,0,0,0,0,0,0,0,0
53821301,1899,996,903,10,199,114,280,145,61,128,79,261,268,147,110,12,49,26,23,302,178,124,812,403,409,49,16,33,594,308,286,93,65,28
53821302,35,26,9,0,4,22,3,3,0,0,0,2,0,0,1,0,1,0,1,4,3,1,8,3,5,7,6,1,2,2,0,13,12,1
53821304,24,16,8,0,5,8,2,3,0,1,1,1,1,1,1,0,5,3,2,9,7,2,3,2,1,0,0,0,6,3,3,1,1,0
53821307,23,14,9,4,5,3,6,3,0,0,0,1,1,0,0,0,2,2,0,9,6,3,10,5,5,0,0,0,2,1,1,0,0,0
53821308,3899,2054,1845,43,468,265,619,272,160,227,161,594,342,245,238,30,147,88,59,750,472,278,1502,712,790,97,46,51,1243,631,612,160,105,55
53821309,294,181,113,6,76,21,93,45,5,2,1,25,3,1,4,11,18,15,3,49,34,15,97,49,48,35,25,10,55,31,24,40,27,13
53821310,180,95,85,5,28,9,29,15,12,18,2,20,10,12,8,3,19,11,8,30,19,11,72,33,39,4,3,1,50,25,25,5,4,1
53821311,2116,1133,983,28,289,174,341,146,77,148,81,294,127,150,130,11,115,76,39,443,286,157,756,363,393,54,24,30,664,335,329,84,49,35
53821312,47,26,21,0,6,10,4,2,4,4,0,7,6,0,2,0,1,0,1,7,5,2,18,8,10,1,1,0,18,11,7,2,1,1
3173220,0,0,0,0,0,0,0,0,0,0,0,0,0,0,0,0,0,0,0,0,0,0,0,0,0,0,0,0,0,0,0,0,0,0
53894901,18,11,7,3,1,2,0,0,1,0,0,4,2,3,2,0,1,1,0,5,3,2,3,2,1,0,0,0,9,5,4,0,0,0
53894902,3777,2067,1710,29,478,328,536,227,133,314,157,662,216,285,197,30,151,99,52,702,464,238,1287,654,633,66,27,39,1451,752,699,120,71,49
53894903,1182,611,571,7,111,70,186,104,38,75,49,182,138,94,60,11,55,26,29,240,138,102,484,236,248,37,14,23,312,165,147,54,32,22
53894904,516,265,251,2,59,38,74,24,16,49,30,100,27,30,30,8,19,11,8,48,26,22,151,69,82,17,2,15,258,145,113,23,12,11
3175010,0,0,0,0,0,0,0,0,0,0,0,0,0,0,0,0,0,0,0,0,0,0,0,0,0,0,0,0,0,0,0,0,0,0
3175510,0,0,0,0,0,0,0,0,0,0,0,0,0,0,0,0,0,0,0,0,0,0,0,0,0,0,0,0,0,0,0,0,0,0
3176410,0,0,0,0,0,0,0,0,0,0,0,0,0,0,0,0,0,0,0,0,0,0,0,0,0,0,0,0,0,0,0,0,0,0
3297540,0,0,0,0,0,0,0,0,0,0,0,0,0,0,0,0,0,0,0,0,0,0,0,0,0,0,0,0,0,0,0,0,0,0
53893101,369,189,180,2,47,27,52,16,13,34,15,62,25,20,27,4,16,10,6,60,37,23,139,64,75,10,3,7,142,73,69,2,2,0
53893103,41,22,19,15,3,2,2,2,1,2,0,6,1,2,1,0,6,5,1,17,10,7,14,5,9,0,0,0,3,1,2,1,1,0
53893104,1546,813,733,12,184,76,227,104,61,179,98,251,92,81,97,8,35,22,13,193,121,72,541,295,246,68,28,40,662,319,343,47,28,19
53893106,57,37,20,0,7,4,21,2,2,6,1,8,1,0,2,1,1,1,0,11,9,2,37,22,15,0,0,0,8,5,3,0,0,0
53893107,3228,1746,1482,42,400,240,446,242,138,251,124,498,203,196,239,29,151,90,61,661,407,254,1123,552,571,59,26,33,1084,575,509,150,96,54
53893109,1322,675,647,11,157,72,192,69,47,143,109,193,96,68,94,2,24,11,13,164,96,68,476,231,245,40,19,21,565,281,284,53,37,16
53893110,409,213,196,4,43,27,61,26,14,44,18,86,13,22,19,2,12,5,7,39,27,12,152,76,76,8,4,4,177,85,92,21,16,5
53893111,804,418,386,8,76,52,123,57,63,103,46,141,21,22,45,5,35,20,15,79,48,31,284,143,141,31,15,16,342,171,171,33,21,12
1274000,0,0,0,0,0,0,0,0,0,0,0,0,0,0,0,0,0,0,0,0,0,0,0,0,0,0,0,0,0,0,0,0,0,0
50009701,19,13,6,1,6,1,2,1,0,0,0,2,0,1,1,0,2,1,1,7,6,1,6,3,3,0,0,0,4,3,1,0,0,0
50009702,815,437,378,6,74,31,90,37,35,78,42,143,61,55,102,18,39,23,16,107,78,29,284,140,144,23,7,16,318,164,154,44,25,19
50009703,74,44,30,0,5,7,6,4,1,15,4,13,2,2,7,0,4,3,1,6,3,3,23,15,8,1,1,0,40,22,18,0,0,0
50009704,3540,1818,1722,18,290,150,315,144,175,461,175,806,171,269,238,48,101,55,46,404,254,150,1055,529,526,74,28,46,1709,827,882,197,125,72
50009705,2034,1155,879,17,190,127,258,120,159,183,68,426,83,112,101,43,113,73,40,330,221,109,602,329,273,53,26,27,697,338,359,239,168,71
50009706,41,23,18,0,3,2,5,4,1,6,0,12,2,2,1,0,2,1,1,5,3,2,14,9,5,0,0,0,19,10,9,1,0,1
50009707,33,26,7,1,5,2,6,6,1,3,0,6,1,2,0,0,9,9,0,12,9,3,6,3,3,0,0,0,6,5,1,0,0,0
50009708,1619,859,760,7,155,97,171,112,72,156,77,324,85,127,113,18,51,35,16,281,172,109,526,260,266,41,15,26,625,315,310,95,62,33
50009709,3175,1621,1554,18,273,181,350,200,185,325,139,640,162,213,202,41,144,87,57,558,331,227,1057,531,526,98,39,59,1146,517,629,172,116,56
50009710,1754,902,852,10,178,96,219,121,68,175,86,308,130,124,116,18,67,36,31,258,166,92,664,311,353,49,23,26,654,324,330,62,42,20
50009711,2178,1120,1058,11,182,93,206,81,91,240,92,496,127,176,147,30,55,40,15,215,122,93,664,341,323,45,18,27,1098,535,563,101,64,37
50009712,645,342,303,4,58,33,83,18,16,120,52,142,21,28,27,9,14,5,9,18,8,10,138,83,55,11,5,6,445,229,216,19,12,7
50009713,3410,1850,1560,18,296,171,362,169,210,447,123,700,136,246,221,46,140,83,57,432,291,141,986,553,433,93,38,55,1578,761,817,181,124,57
50009714,1406,715,691,7,144,68,137,79,62,148,76,283,117,107,95,10,41,17,24,186,110,76,510,257,253,32,16,16,610,296,314,27,19,8
50009715,1328,675,653,9,132,74,141,69,60,139,72,264,73,101,96,19,36,20,16,190,111,79,449,225,224,35,12,23,555,267,288,63,40,23
50009716,2807,1546,1261,24,282,178,270,114,180,343,109,585,96,161,155,50,111,58,53,364,251,113,909,501,408,78,38,40,1194,604,590,151,94,57
50009717,4428,2360,2068,35,365,262,496,215,286,498,229,964,182,259,260,69,191,109,82,631,384,247,1341,723,618,119,50,69,1889,940,949,257,154,103
50009718,2465,1318,1147,17,237,159,278,114,153,248,93,469,168,182,151,28,105,44,61,413,271,142,786,412,374,65,25,40,990,501,489,106,65,41
50009719,1223,682,541,5,105,55,122,46,46,235,71,318,35,51,59,12,14,8,6,52,36,16,252,144,108,31,18,13,809,432,377,65,44,21
50009720,1656,834,822,6,154,97,181,77,71,177,63,312,101,129,140,20,50,24,26,213,134,79,633,308,325,42,20,22,652,315,337,66,33,33
50009721,1829,908,921,12,124,112,175,74,93,221,64,366,93,142,161,20,69,38,31,231,135,96,584,282,302,49,23,26,828,390,438,68,40,28
50009722,2445,1260,1185,17,218,121,254,91,139,290,99,543,102,179,164,32,50,28,22,227,132,95,758,385,373,49,18,31,1231,617,614,130,80,50
50009723,2236,1189,1047,13,182,81,198,74,101,291,104,510,91,208,163,25,48,25,23,194,124,70,629,334,295,50,22,28,1209,614,595,106,70,36
50009724,2640,1367,1273,13,279,114,245,104,109,313,106,592,125,179,202,26,56,36,20,287,181,106,801,396,405,58,28,30,1298,627,671,140,99,41
50009725,686,375,311,4,81,29,83,20,15,127,55,149,15,19,56,4,9,7,2,24,21,3,143,86,57,15,8,7,462,234,228,33,19,14
1276710,0,0,0,0,0,0,0,0,0,0,0,0,0,0,0,0,0,0,0,0,0,0,0,0,0,0,0,0,0,0,0,0,0,0
1279140,0,0,0,0,0,0,0,0,0,0,0,0,0,0,0,0,0,0,0,0,0,0,0,0,0,0,0,0,0,0,0,0,0,0
1281040,0,0,0,0,0,0,0,0,0,0,0,0,0,0,0,0,0,0,0,0,0,0,0,0,0,0,0,0,0,0,0,0,0,0
3058120,0,0,0,0,0,0,0,0,0,0,0,0,0,0,0,0,0,0,0,0,0,0,0,0,0,0,0,0,0,0,0,0,0,0
3058470,0,0,0,0,0,0,0,0,0,0,0,0,0,0,0,0,0,0,0,0,0,0,0,0,0,0,0,0,0,0,0,0,0,0
3069160,0,0,0,0,0,0,0,0,0,0,0,0,0,0,0,0,0,0,0,0,0,0,0,0,0,0,0,0,0,0,0,0,0,0
3157960,0,0,0,0,0,0,0,0,0,0,0,0,0,0,0,0,0,0,0,0,0,0,0,0,0,0,0,0,0,0,0,0,0,0
3158180,0,0,0,0,0,0,0,0,0,0,0,0,0,0,0,0,0,0,0,0,0,0,0,0,0,0,0,0,0,0,0,0,0,0
3159150,0,0,0,0,0,0,0,0,0,0,0,0,0,0,0,0,0,0,0,0,0,0,0,0,0,0,0,0,0,0,0,0,0,0
3159230,0,0,0,0,0,0,0,0,0,0,0,0,0,0,0,0,0,0,0,0,0,0,0,0,0,0,0,0,0,0,0,0,0,0
3159310,0,0,0,0,0,0,0,0,0,0,0,0,0,0,0,0,0,0,0,0,0,0,0,0,0,0,0,0,0,0,0,0,0,0
3160410,0,0,0,0,0,0,0,0,0,0,0,0,0,0,0,0,0,0,0,0,0,0,0,0,0,0,0,0,0,0,0,0,0,0
3205100,0,0,0,0,0,0,0,0,0,0,0,0,0,0,0,0,0,0,0,0,0,0,0,0,0,0,0,0,0,0,0,0,0,0
3207810,0,0,0,0,0,0,0,0,0,0,0,0,0,0,0,0,0,0,0,0,0,0,0,0,0,0,0,0,0,0,0,0,0,0
50011901,193,99,94,1,14,6,17,11,5,38,19,43,11,3,13,0,7,3,4,13,7,6,51,23,28,3,1,2,116,62,54,3,3,0
50011902,1626,842,784,19,140,116,190,61,64,159,67,281,93,158,116,22,36,20,16,236,152,84,568,273,295,53,20,33,687,352,335,46,25,21
50011903,419,213,206,5,40,32,48,16,17,32,29,80,14,38,37,2,14,8,6,47,31,16,139,69,70,10,3,7,192,95,97,17,7,10
50011905,17,14,3,0,7,1,1,1,3,0,0,2,1,0,1,0,2,1,1,7,6,1,4,4,0,0,0,0,2,1,1,2,2,0
50011906,43,34,9,0,2,2,5,25,0,0,0,5,1,0,0,1,3,2,1,19,14,5,18,15,3,1,1,0,2,2,0,0,0,0
50011907,4414,2307,2107,27,416,319,567,300,173,387,200,787,272,333,320,57,177,91,86,744,464,280,1609,806,803,148,69,79,1526,740,786,210,137,73
50011908,770,402,368,5,65,53,96,61,41,57,33,142,60,55,55,9,36,18,18,133,85,48,290,147,143,28,7,21,251,124,127,32,21,11
50011909,1521,798,723,13,121,84,175,63,47,142,59,296,85,164,144,13,37,24,13,157,111,46,463,243,220,40,15,25,792,382,410,32,23,9
50011911,1347,695,652,7,126,68,185,81,74,113,57,240,79,115,115,11,51,27,24,240,155,85,511,229,282,23,16,7,492,247,245,30,21,9
50011912,66,31,35,0,2,3,11,4,8,7,6,11,0,3,4,3,0,0,0,2,2,0,34,15,19,2,1,1,28,13,15,0,0,0
50011913,190,99,91,0,14,11,27,8,7,24,10,39,11,9,13,0,4,2,2,29,19,10,67,29,38,3,1,2,86,48,38,1,0,1
50011914,942,522,420,6,88,68,153,79,50,56,37,156,55,50,73,19,67,40,27,255,176,79,323,161,162,14,5,9,239,111,128,44,29,15
50011915,415,223,192,5,46,31,93,28,25,24,13,55,13,21,35,6,29,19,10,91,53,38,172,87,85,14,7,7,89,40,49,20,17,3
50011916,389,215,174,3,43,23,41,13,15,48,11,81,14,32,30,2,15,7,8,45,27,18,123,66,57,14,5,9,183,104,79,9,6,3
50011917,278,147,131,3,20,19,43,12,4,26,9,64,12,27,29,1,13,7,6,32,21,11,83,43,40,14,6,8,124,61,63,12,9,3
50011918,2113,1104,1009,18,187,119,250,113,90,238,123,404,117,134,173,19,80,48,32,325,195,130,716,359,357,65,30,35,861,431,430,66,41,25
50011919,48,20,28,0,1,0,1,0,0,0,0,44,1,1,0,0,0,0,0,1,1,0,3,1,2,0,0,0,44,18,26,0,0,0
50011920,3751,1904,1847,12,368,239,487,239,175,334,163,642,207,279,329,37,193,98,95,712,443,269,1416,675,741,96,27,69,1183,572,611,151,89,62
50011921,59,9,50,0,0,0,0,0,0,0,0,1,0,0,58,0,0,0,0,4,0,4,35,3,32,5,1,4,10,5,5,5,0,5
50011922,1969,1014,955,13,183,94,210,100,81,274,110,386,108,127,125,21,61,35,26,286,164,122,660,334,326,56,24,32,829,404,425,77,53,24
50011923,1438,753,685,10,131,95,157,67,55,132,76,288,72,123,131,8,49,31,18,194,119,75,505,250,255,41,23,18,618,306,312,31,24,7
50011924,1055,579,476,6,80,65,92,50,46,143,56,209,62,73,87,14,26,16,10,155,90,65,373,197,176,34,14,20,429,234,195,38,28,10
50011926,591,435,156,11,60,60,78,59,46,26,10,110,13,13,22,48,55,45,10,137,106,31,108,73,35,11,8,3,63,33,30,217,170,47
50011927,648,323,325,8,90,48,105,39,31,50,21,113,19,27,58,7,42,20,22,133,73,60,233,117,116,16,5,11,168,77,91,56,31,25
50011928,1114,572,542,7,78,32,126,46,30,89,61,173,218,70,111,4,36,20,16,112,61,51,445,218,227,27,10,17,468,246,222,26,17,9
50011930,1305,719,586,9,130,77,152,77,38,146,46,257,66,119,103,13,33,27,6,150,105,45,448,241,207,34,15,19,605,309,296,35,22,13
50011931,80,44,36,0,11,7,11,5,7,8,4,15,2,1,4,3,1,0,1,3,3,0,13,4,9,3,1,2,42,27,15,18,9,9
50011932,150,71,79,1,16,9,28,5,8,12,6,29,5,7,16,1,3,1,2,35,23,12,56,26,30,8,1,7,42,14,28,6,6,0
50011933,261,140,121,3,30,4,28,11,12,50,26,46,12,8,13,2,7,3,4,14,11,3,69,37,32,9,5,4,157,80,77,5,4,1
50011934,2907,1532,1375,17,279,189,338,138,132,334,177,557,135,166,220,34,111,60,51,423,255,168,978,501,477,98,46,52,1157,584,573,140,86,54
50011936,2707,1417,1290,3,307,169,301,130,120,316,153,551,155,151,166,27,107,55,52,348,218,130,860,440,420,61,30,31,1207,600,607,124,74,50
50011937,129,64,65,2,12,0,22,6,5,28,8,24,3,5,7,1,6,3,3,8,3,5,24,16,8,2,0,2,81,38,43,8,4,4
50011938,2588,1360,1228,15,243,180,321,176,108,262,136,460,155,163,199,29,101,60,41,468,302,166,951,472,479,76,27,49,901,443,458,91,56,35
50011941,1942,1030,912,20,183,113,210,87,85,203,99,352,183,120,140,18,65,37,28,269,165,104,703,356,347,56,29,27,771,402,369,78,41,37
50011943,3271,1667,1604,18,278,178,329,169,162,389,153,675,187,208,262,31,116,64,52,482,288,194,1094,525,569,86,30,56,1355,672,683,138,88,50
50011944,2153,1095,1058,5,166,113,242,109,141,243,109,427,131,131,155,30,81,38,43,340,200,140,733,355,378,63,23,40,846,425,421,90,54,36
50011945,1519,804,715,8,132,72,165,84,64,177,76,301,92,109,106,23,54,36,18,215,136,79,515,266,249,37,11,26,631,312,319,67,43,24
50011947,65,36,29,0,2,3,8,0,4,6,8,25,2,3,2,0,0,0,0,0,0,0,11,6,5,0,0,0,44,20,24,10,10,0
50011948,3435,1775,1660,19,287,211,370,187,170,406,184,697,170,210,263,37,118,63,55,525,321,204,1165,599,566,96,31,65,1386,664,722,145,97,48
50011949,504,390,114,5,37,19,28,18,7,19,7,62,209,16,38,17,72,69,3,137,125,12,171,129,42,14,9,5,104,54,50,6,4,2
50011950,2632,1363,1269,20,236,130,285,132,125,333,101,525,127,176,185,35,109,64,45,361,228,133,804,406,398,77,29,48,1165,560,605,116,76,40
50011951,3733,1935,1798,24,339,229,411,225,228,482,178,687,183,217,246,51,172,84,88,540,351,189,1195,634,561,105,40,65,1530,716,814,191,110,81
50011952,1393,724,669,9,115,60,150,70,74,184,59,260,64,105,101,17,52,30,22,190,113,77,451,240,211,34,14,20,617,295,322,49,32,17
50011953,2760,1423,1337,21,251,141,251,113,123,345,122,596,109,192,231,24,86,51,35,289,176,113,901,477,424,76,30,46,1316,633,683,92,56,36
50011954,11,8,3,3,1,0,2,0,0,0,0,3,0,0,1,0,0,0,0,5,5,0,1,1,0,0,0,0,4,2,2,1,0,1
50011955,1565,803,762,8,136,92,177,61,77,188,67,323,77,123,115,13,48,22,26,187,113,74,525,255,270,40,20,20,713,360,353,52,33,19
50011956,1334,727,607,6,121,61,121,54,44,197,73,304,66,87,94,13,15,9,6,92,65,27,395,207,188,36,21,15,758,405,353,38,20,18
50011957,1206,604,602,8,100,76,140,52,44,130,85,236,56,86,94,12,24,13,11,112,68,44,366,177,189,28,7,21,639,316,323,37,23,14
50011958,823,425,398,4,78,42,97,40,32,106,48,151,51,63,60,13,22,13,9,120,77,43,278,137,141,19,9,10,356,169,187,28,20,8
50011959,23,13,10,1,3,0,2,0,0,1,0,6,1,0,7,0,0,0,0,3,2,1,2,1,1,2,2,0,14,7,7,2,1,1
50011960,1455,761,694,3,142,111,199,81,84,99,66,259,102,96,96,22,66,34,32,286,166,120,552,277,275,47,20,27,441,220,221,63,44,19
50011961,20,13,7,0,2,2,3,1,3,1,1,3,1,0,0,0,4,2,2,4,3,1,7,7,0,1,0,1,3,0,3,1,1,0
50011962,1337,711,626,10,138,110,174,90,52,122,58,208,95,97,103,17,51,24,27,282,177,105,484,251,233,44,15,29,418,206,212,58,38,20
50011963,380,207,173,1,56,34,38,15,20,38,12,74,19,27,29,1,12,6,6,62,41,21,138,68,70,13,7,6,150,81,69,5,4,1
50011965,81,40,41,0,8,7,10,5,10,8,3,15,1,6,0,2,2,1,1,14,8,6,31,18,13,1,0,1,20,9,11,13,4,9
50011966,1218,645,573,7,112,101,134,67,42,112,59,241,71,86,99,10,34,24,10,191,124,67,459,221,238,24,9,15,481,248,233,29,19,10
50011967,1474,775,699,14,144,63,146,77,48,181,72,330,54,120,108,11,42,22,20,149,94,55,506,269,237,39,19,20,708,353,355,30,18,12
50011969,2150,1098,1052,12,205,181,225,123,99,233,84,391,119,160,150,16,72,41,31,330,210,120,763,399,364,76,30,46,832,367,465,77,51,26
50011970,1324,715,609,5,117,73,138,49,50,147,56,286,68,106,112,19,34,20,14,117,74,43,433,235,198,33,13,20,676,354,322,31,19,12
1287240,0,0,0,0,0,0,0,0,0,0,0,0,0,0,0,0,0,0,0,0,0,0,0,0,0,0,0,0,0,0,0,0,0,0
3058710,0,0,0,0,0,0,0,0,0,0,0,0,0,0,0,0,0,0,0,0,0,0,0,0,0,0,0,0,0,0,0,0,0,0
3058800,0,0,0,0,0,0,0,0,0,0,0,0,0,0,0,0,0,0,0,0,0,0,0,0,0,0,0,0,0,0,0,0,0,0
3058980,0,0,0,0,0,0,0,0,0,0,0,0,0,0,0,0,0,0,0,0,0,0,0,0,0,0,0,0,0,0,0,0,0,0
3059010,0,0,0,0,0,0,0,0,0,0,0,0,0,0,0,0,0,0,0,0,0,0,0,0,0,0,0,0,0,0,0,0,0,0
3163420,0,0,0,0,0,0,0,0,0,0,0,0,0,0,0,0,0,0,0,0,0,0,0,0,0,0,0,0,0,0,0,0,0,0
3207730,0,0,0,0,0,0,0,0,0,0,0,0,0,0,0,0,0,0,0,0,0,0,0,0,0,0,0,0,0,0,0,0,0,0
50014301,633,326,307,4,61,31,65,15,21,65,23,142,23,67,39,8,12,5,7,46,32,14,185,96,89,19,8,11,338,166,172,33,19,14
50014302,143,73,70,0,22,6,16,14,13,12,3,27,5,7,7,5,10,2,8,34,22,12,53,26,27,5,2,3,32,17,15,9,4,5
50014303,218,119,99,1,22,16,24,16,20,17,15,30,11,14,14,4,10,6,4,29,20,9,90,43,47,4,3,1,83,45,38,2,2,0
50014304,2013,1040,973,12,178,123,227,108,74,203,121,316,165,174,176,18,73,43,30,319,204,115,709,341,368,54,25,29,795,389,406,63,38,25
50014305,494,259,235,5,38,26,50,21,17,59,24,119,21,31,48,3,12,6,6,47,30,17,161,81,80,16,6,10,249,132,117,9,4,5
50014306,2326,1170,1156,9,162,120,263,160,99,187,106,379,278,199,208,22,88,43,45,388,238,150,903,415,488,71,34,37,800,387,413,76,53,23
50014307,1040,539,501,3,94,65,141,38,42,145,80,187,38,50,88,3,31,17,14,83,50,33,296,161,135,25,8,17,557,276,281,48,27,21
50014309,1363,699,664,4,120,62,189,70,57,162,90,285,83,71,87,17,16,10,6,107,68,39,442,219,223,38,16,22,708,353,355,52,33,19
50014310,41,24,17,0,1,4,7,1,2,5,3,7,2,4,2,0,0,0,0,9,7,2,14,8,6,0,0,0,18,9,9,0,0,0
50014311,32,15,17,0,4,2,6,1,1,2,1,2,3,5,0,1,1,1,0,8,3,5,9,3,6,0,0,0,10,5,5,4,3,1
50014312,356,179,177,0,30,20,42,23,17,42,18,53,24,29,30,5,11,7,4,63,36,27,139,65,74,5,3,2,119,58,61,19,10,9
50014313,2033,1038,995,6,173,113,237,124,84,174,86,375,185,183,154,13,57,33,24,303,190,113,755,359,396,37,16,21,819,401,418,62,39,23
50014314,14,7,7,0,2,3,1,0,0,1,0,2,0,2,2,0,0,0,0,0,0,0,4,2,2,0,0,0,10,5,5,0,0,0
50014315,986,524,462,9,76,69,96,50,39,81,42,214,57,75,84,8,26,17,9,111,73,38,326,160,166,29,12,17,457,236,221,37,26,11
50014317,305,164,141,1,30,22,31,18,19,49,16,53,16,10,20,3,7,6,1,33,24,9,105,57,48,9,1,8,142,72,70,9,4,5
50014318,1824,949,875,19,167,103,166,105,71,178,111,318,152,169,143,12,60,37,23,231,148,83,661,315,346,41,14,27,790,413,377,41,22,19
50014319,379,207,172,2,43,29,53,20,11,40,15,77,22,23,20,0,8,6,2,60,35,25,124,68,56,10,7,3,168,83,85,9,8,1
50014321,357,188,169,1,18,13,35,22,6,43,18,62,65,22,29,3,6,5,1,46,24,22,124,66,58,7,3,4,165,85,80,9,5,4
50014322,723,389,334,4,66,44,85,19,18,91,42,142,29,58,68,9,16,10,6,70,43,27,220,120,100,18,6,12,371,195,176,28,15,13
50014323,1268,669,599,8,108,76,109,34,31,143,70,324,51,78,108,16,27,17,10,77,52,25,368,198,170,28,12,16,725,357,368,43,33,10
50014324,2287,1208,1079,17,194,134,211,102,87,231,92,525,102,168,225,15,83,54,29,249,160,89,685,358,327,61,24,37,1116,556,560,93,56,37
50014325,2220,1260,960,29,201,234,255,96,121,257,90,442,83,102,137,33,109,64,45,272,180,92,728,418,310,58,34,24,900,465,435,153,99,54
50014326,347,180,167,1,28,18,41,6,16,36,26,94,9,11,36,2,3,2,1,14,9,5,83,32,51,8,4,4,210,114,96,29,19,10
50014327,175,94,81,0,11,4,25,3,9,23,10,48,12,5,11,3,5,2,3,6,3,3,42,25,17,3,2,1,115,59,56,4,3,1
50014328,182,110,72,0,24,10,19,10,6,31,10,41,4,12,4,3,3,2,1,3,3,0,36,20,16,3,2,1,114,69,45,23,14,9
50014329,62,42,20,0,8,5,6,4,4,8,2,15,1,3,2,1,1,0,1,3,3,0,21,17,4,0,0,0,29,17,12,8,5,3
50014330,1814,931,883,9,153,110,186,82,127,250,71,383,73,103,109,29,72,44,28,203,128,75,570,275,295,45,17,28,819,398,421,105,69,36
50014331,24,12,12,0,1,2,1,1,0,4,3,8,0,0,0,0,0,0,0,2,2,0,5,2,3,0,0,0,17,8,9,0,0,0
50014332,21,15,6,1,0,1,1,4,0,3,2,2,0,3,0,0,1,1,0,2,1,1,7,4,3,1,0,1,10,9,1,0,0,0
50014333,1516,779,737,14,123,109,162,88,64,169,54,315,91,89,115,24,71,39,32,220,142,78,479,225,254,46,12,34,611,305,306,89,56,33
50014334,801,434,367,9,89,51,81,38,52,100,43,163,27,40,48,9,39,23,16,93,64,29,249,127,122,19,9,10,358,180,178,43,31,12
50014335,1149,599,550,4,107,65,117,46,42,124,42,251,68,81,112,14,28,14,14,122,80,42,339,170,169,36,14,22,573,286,287,51,35,16
50014336,2659,1395,1264,21,245,158,312,104,133,319,110,563,122,168,159,39,97,52,45,306,189,117,806,420,386,85,49,36,1198,587,611,167,98,69
50014338,2702,1494,1208,17,266,128,277,131,158,315,106,609,97,158,152,51,112,64,48,314,219,95,730,389,341,58,26,32,1200,596,604,288,200,88
50014339,756,402,354,5,60,35,89,26,23,87,32,199,35,41,35,11,15,9,6,76,52,24,245,121,124,25,12,13,354,176,178,41,32,9
50014340,934,498,436,11,70,64,100,34,34,89,37,190,83,79,72,7,14,5,9,118,78,40,295,161,134,30,13,17,451,224,227,26,17,9
50014341,93,69,24,1,55,3,2,20,1,0,0,11,0,0,0,0,14,12,2,15,13,2,29,20,9,6,4,2,11,9,2,18,11,7
50014342,1405,743,662,9,109,64,151,64,44,163,68,293,78,106,122,12,29,18,11,129,74,55,433,227,206,46,21,25,723,371,352,45,32,13
50014343,176,109,67,1,20,22,20,16,6,12,6,31,9,10,6,3,12,8,4,49,37,12,63,38,25,6,3,3,39,18,21,7,5,2
50014344,1689,848,841,19,140,113,203,91,85,158,66,345,74,104,134,29,74,46,28,292,174,118,524,256,268,55,23,32,659,294,365,85,55,30
50014345,420,221,199,1,42,19,43,12,7,63,19,106,24,21,37,4,1,0,1,9,6,3,82,44,38,8,2,6,308,161,147,12,8,4
50014346,2077,1075,1002,18,210,116,219,117,126,235,86,436,90,116,150,28,85,48,37,308,193,115,682,346,336,67,25,42,841,404,437,94,59,35
50014348,2584,1339,1245,19,226,136,279,137,80,266,112,486,147,221,234,18,86,48,38,345,225,120,802,399,403,79,35,44,1190,578,612,82,54,28
50014349,457,243,214,2,36,28,44,26,16,41,24,98,33,39,44,6,11,8,3,56,37,19,167,78,89,12,5,7,187,96,91,24,19,5
50014350,2078,1078,1000,21,213,89,213,81,76,257,114,404,112,166,191,14,50,32,18,203,116,87,611,310,301,48,19,29,1089,550,539,77,51,26
50014352,46,19,27,0,29,1,3,2,0,0,0,10,0,0,1,0,6,3,3,6,4,2,7,3,4,1,1,0,1,0,1,25,8,17
50014353,2002,1091,911,22,193,161,217,77,65,231,89,399,100,154,157,22,55,35,20,221,144,77,600,298,302,45,17,28,984,531,453,97,66,31
50014355,800,427,373,2,94,21,64,28,19,146,87,190,20,22,59,5,13,7,6,38,31,7,157,91,66,16,9,7,546,274,272,30,15,15
50014357,17,9,8,0,5,0,2,0,2,0,0,1,0,1,5,0,4,3,1,7,4,3,4,2,2,1,0,1,1,0,1,0,0,0
50014358,36,24,12,0,1,2,4,3,0,3,1,8,9,1,3,0,1,1,0,5,5,0,17,11,6,1,0,1,12,7,5,0,0,0
50014360,1460,774,686,8,151,72,201,47,38,203,99,359,57,67,74,18,25,14,11,59,39,20,346,177,169,33,19,14,893,460,433,104,65,39
50014361,19,8,11,1,1,2,4,1,0,0,0,4,2,3,0,1,0,0,0,6,2,4,9,5,4,0,0,0,4,1,3,0,0,0
50014362,148,80,68,0,13,6,13,12,9,24,8,32,3,3,15,2,2,2,0,6,3,3,34,14,20,3,1,2,100,58,42,3,2,1
50014363,472,253,219,1,30,11,35,14,11,42,19,54,20,23,193,1,25,15,10,80,55,25,144,65,79,14,4,10,192,102,90,17,12,5
50014364,17,11,6,0,2,5,0,1,1,1,1,3,0,0,2,0,0,0,0,1,1,0,6,4,2,0,0,0,5,2,3,5,4,1
50014365,1617,811,806,14,99,87,148,84,58,135,67,280,91,122,329,14,46,25,21,194,119,75,586,274,312,38,11,27,711,362,349,42,20,22
1294370,0,0,0,0,0,0,0,0,0,0,0,0,0,0,0,0,0,0,0,0,0,0,0,0,0,0,0,0,0,0,0,0,0,0
1296400,0,0,0,0,0,0,0,0,0,0,0,0,0,0,0,0,0,0,0,0,0,0,0,0,0,0,0,0,0,0,0,0,0,0
1297390,0,0,0,0,0,0,0,0,0,0,0,0,0,0,0,0,0,0,0,0,0,0,0,0,0,0,0,0,0,0,0,0,0,0
1297470,0,0,0,0,0,0,0,0,0,0,0,0,0,0,0,0,0,0,0,0,0,0,0,0,0,0,0,0,0,0,0,0,0,0
1298520,0,0,0,0,0,0,0,0,0,0,0,0,0,0,0,0,0,0,0,0,0,0,0,0,0,0,0,0,0,0,0,0,0,0
3059360,0,0,0,0,0,0,0,0,0,0,0,0,0,0,0,0,0,0,0,0,0,0,0,0,0,0,0,0,0,0,0,0,0,0
3248920,0,0,0,0,0,0,0,0,0,0,0,0,0,0,0,0,0,0,0,0,0,0,0,0,0,0,0,0,0,0,0,0,0,0
3327980,0,0,0,0,0,0,0,0,0,0,0,0,0,0,0,0,0,0,0,0,0,0,0,0,0,0,0,0,0,0,0,0,0,0
50017801,133,65,68,0,10,3,5,6,4,13,2,34,8,27,10,3,3,2,1,7,5,2,38,21,17,3,0,3,78,35,43,4,2,2
50017802,474,255,219,0,35,17,39,10,20,64,22,105,28,43,44,5,9,2,7,41,25,16,133,71,62,10,3,7,265,145,120,16,9,7
50017804,391,204,187,3,30,23,56,46,15,33,11,82,15,22,24,0,9,5,4,67,46,21,133,64,69,13,7,6,162,79,83,7,3,4
50017805,175,100,75,3,17,14,14,15,0,15,6,25,25,13,16,2,4,3,1,18,12,6,53,33,20,3,1,2,92,48,44,5,3,2
50017806,16,8,8,2,1,1,2,0,1,1,0,7,1,0,0,0,1,1,0,2,1,1,9,4,5,0,0,0,4,2,2,0,0,0
50017807,127,86,41,0,23,15,14,30,6,1,2,25,2,4,3,0,7,4,3,44,35,9,43,27,16,0,0,0,25,15,10,8,5,3
50017808,1983,997,986,12,144,78,229,243,99,136,74,326,191,143,182,10,80,41,39,348,194,154,758,393,365,52,13,39,673,313,360,72,43,29
50017809,135,73,62,1,4,5,1,2,14,1,0,1,39,0,64,0,5,3,2,28,17,11,52,28,24,6,2,4,40,22,18,4,1,3
50017810,1527,878,649,20,123,68,167,100,61,121,53,258,205,128,128,16,76,56,20,254,178,76,490,290,200,35,16,19,642,322,320,30,16,14
50017811,15,7,8,0,0,0,0,3,2,1,1,0,1,1,2,1,0,0,0,3,2,1,5,2,3,0,0,0,6,3,3,1,0,1
50017812,1061,570,491,7,101,43,109,78,42,100,55,210,54,86,89,5,35,23,12,123,78,45,309,147,162,26,7,19,540,299,241,28,16,12
50017813,1171,632,539,11,116,54,126,91,44,95,43,200,85,96,116,6,34,27,7,115,78,37,365,169,196,29,16,13,593,320,273,35,22,13
50017814,419,217,202,1,21,14,44,41,17,35,23,79,30,49,40,2,5,2,3,38,25,13,122,62,60,11,4,7,230,116,114,13,8,5
50017815,25,13,12,0,1,1,4,11,1,1,2,0,1,0,2,1,1,1,0,7,5,2,13,6,7,0,0,0,4,1,3,0,0,0
50017816,1513,781,732,13,120,55,131,90,50,156,75,309,85,154,166,9,34,22,12,169,102,67,522,274,248,34,16,18,727,347,380,27,20,7
50017817,301,156,145,1,24,12,27,13,11,31,11,61,19,32,33,2,7,3,4,17,11,6,91,49,42,7,4,3,172,85,87,7,4,3
50017818,134,74,60,2,13,10,18,3,4,13,9,27,6,7,8,0,2,1,1,6,3,3,30,16,14,2,0,2,90,52,38,4,2,2
50017819,292,148,144,3,20,15,39,18,13,18,16,41,17,28,40,3,5,2,3,33,21,12,104,49,55,12,4,8,129,67,62,9,5,4
50017820,827,449,378,7,77,39,82,51,45,70,36,177,54,64,75,3,14,7,7,88,63,25,271,140,131,11,5,6,424,221,203,19,13,6
50017821,24,17,7,2,0,0,1,1,2,1,0,4,2,1,1,0,2,2,0,7,3,4,4,2,2,0,0,0,10,9,1,1,1,0
50017822,340,167,173,2,25,21,24,11,7,31,14,79,16,26,59,3,3,0,3,19,15,4,131,57,74,10,3,7,168,88,80,9,4,5
50017823,3747,1966,1781,36,296,176,355,170,169,390,141,820,207,302,343,37,110,74,36,311,209,102,1037,521,516,95,38,57,2071,1051,1020,123,73,50
50017824,987,504,483,2,58,35,70,53,30,108,43,171,115,87,128,14,16,6,10,107,70,37,347,167,180,28,10,18,471,241,230,18,10,8
50017825,539,391,148,3,48,39,34,27,72,107,12,117,7,33,15,5,0,0,0,17,14,3,207,135,72,5,4,1,301,233,68,9,5,4
50017826,813,411,402,6,63,34,71,38,31,86,30,152,58,64,106,10,18,7,11,86,49,37,249,125,124,20,10,10,417,208,209,23,12,11
50017827,31,13,18,0,0,0,0,0,0,0,1,3,3,2,20,0,2,2,0,3,1,2,10,2,8,1,0,1,13,7,6,2,1,1
50017828,2995,1489,1506,15,231,120,294,159,140,270,110,629,228,251,280,33,125,65,60,399,255,144,936,446,490,80,33,47,1315,610,705,140,80,60
50017829,1425,756,669,4,99,55,116,70,62,133,59,327,91,185,135,15,23,11,12,141,87,54,429,229,200,22,9,13,786,404,382,24,16,8
50017830,1185,620,565,11,129,53,89,44,46,101,52,274,69,100,116,11,19,11,8,72,51,21,324,169,155,30,12,18,709,359,350,31,18,13
50017831,2429,1249,1180,16,200,124,220,105,102,232,85,500,133,237,208,40,55,32,23,228,144,84,710,370,340,59,26,33,1288,625,663,89,52,37
50017832,2362,1213,1149,17,191,84,225,114,63,226,91,461,277,194,218,31,55,34,21,217,133,84,677,323,354,63,28,35,1256,630,626,94,65,29
50017833,626,316,310,8,50,15,61,59,28,51,25,114,77,58,55,3,20,10,10,113,59,54,222,107,115,16,8,8,238,122,116,17,10,7
50017834,642,345,297,3,70,41,51,46,22,68,22,131,32,54,58,3,11,7,4,59,39,20,191,96,95,11,2,9,352,187,165,18,14,4
50017835,1669,870,799,13,167,67,162,110,52,179,79,342,99,145,130,14,42,22,20,192,112,80,489,227,262,41,20,21,839,440,399,66,49,17
50017836,18,11,7,1,0,2,1,0,2,1,0,4,2,2,0,1,0,0,0,1,1,0,8,4,4,1,1,0,8,5,3,0,0,0
50017837,59,29,30,1,1,3,7,3,1,8,1,10,5,2,12,1,1,1,0,8,4,4,24,11,13,1,1,0,22,10,12,3,2,1
50017838,2802,1440,1362,16,211,147,264,173,103,302,114,569,179,275,229,27,67,37,30,313,189,124,870,433,437,60,15,45,1372,694,678,120,72,48
50017839,1530,822,708,10,141,67,147,89,38,167,75,347,66,132,126,15,43,25,18,126,86,40,478,253,225,28,6,22,801,416,385,54,36,18
50017840,1103,544,559,12,70,47,88,41,34,123,37,267,75,111,82,11,20,14,6,75,48,27,315,154,161,28,12,16,635,303,332,30,13,17
50017842,40,22,18,1,4,2,5,2,0,3,3,5,2,4,5,0,2,2,0,16,10,6,9,5,4,1,1,0,11,4,7,1,0,1
50017843,100,60,40,0,5,5,7,5,4,21,4,22,2,17,2,2,0,0,0,4,3,1,46,30,16,0,0,0,49,26,23,1,1,0
50017844,2379,1252,1127,16,181,100,206,86,104,307,73,537,119,224,169,22,65,38,27,200,131,69,694,388,306,51,19,32,1265,610,655,104,66,38
50017845,2296,1189,1107,10,169,118,201,88,84,225,92,531,141,242,182,28,50,28,22,227,144,83,663,336,327,41,16,25,1243,623,620,72,42,30
50017847,91,59,32,1,14,22,8,3,2,6,2,13,1,5,4,0,5,2,3,10,10,0,43,27,16,5,4,1,26,14,12,2,2,0
50017848,183,104,79,2,13,16,19,6,8,12,11,38,7,24,5,4,3,3,0,27,19,8,66,38,28,7,1,6,77,41,36,3,2,1
50017849,850,446,404,2,68,32,80,36,30,116,51,211,48,52,51,15,12,7,5,23,13,10,192,103,89,22,11,11,548,276,272,53,36,17
50017850,194,101,93,4,23,8,22,7,8,20,8,44,7,10,14,1,3,2,1,25,15,10,60,26,34,5,1,4,96,55,41,5,2,3
50017852,1297,686,611,10,99,32,96,60,40,150,54,310,93,136,103,13,33,17,16,114,77,37,399,198,201,27,7,20,685,365,320,39,22,17
50017853,685,354,331,5,45,32,58,18,15,68,31,188,33,78,55,6,8,5,3,37,23,14,174,84,90,8,2,6,444,232,212,14,8,6
50017854,3666,1910,1756,29,259,163,344,138,108,370,157,847,177,382,345,38,66,34,32,230,142,88,1032,510,522,94,48,46,2142,1120,1022,102,56,46
50017855,5225,2748,2477,37,417,215,385,208,201,632,211,1173,283,460,402,83,153,107,46,446,297,149,1510,778,732,119,52,67,2708,1325,1383,289,189,100
50017856,3033,1549,1484,23,229,124,249,123,112,324,126,761,178,289,213,26,73,45,28,305,195,110,967,480,487,71,29,42,1527,753,774,90,47,43
50017857,322,181,141,4,30,13,22,7,18,28,8,90,8,20,26,8,5,4,1,11,8,3,79,48,31,11,6,5,188,92,96,28,23,5
50017858,132,73,59,1,16,8,10,10,11,8,3,21,6,11,7,1,7,6,1,37,23,14,45,23,22,3,2,1,36,18,18,4,1,3
50017859,182,97,85,1,19,8,18,12,3,15,6,28,13,27,17,0,4,3,1,28,18,10,65,32,33,7,2,5,75,41,34,3,1,2
50017860,19,12,7,0,1,2,3,2,1,0,1,2,1,1,4,1,3,2,1,0,0,0,6,3,3,1,1,0,7,4,3,2,2,0
1302220,0,0,0,0,0,0,0,0,0,0,0,0,0,0,0,0,0,0,0,0,0,0,0,0,0,0,0,0,0,0,0,0,0,0
1303200,0,0,0,0,0,0,0,0,0,0,0,0,0,0,0,0,0,0,0,0,0,0,0,0,0,0,0,0,0,0,0,0,0,0
3059440,0,0,0,0,0,0,0,0,0,0,0,0,0,0,0,0,0,0,0,0,0,0,0,0,0,0,0,0,0,0,0,0,0,0
3327630,0,0,0,0,0,0,0,0,0,0,0,0,0,0,0,0,0,0,0,0,0,0,0,0,0,0,0,0,0,0,0,0,0,0
50018601,3233,1687,1546,24,253,128,277,120,151,412,115,794,126,232,212,29,90,53,37,285,172,113,928,478,450,91,29,62,1694,864,830,145,91,54
50018602,3386,1795,1591,16,312,159,323,170,155,439,132,756,182,208,229,51,112,58,54,440,273,167,998,533,465,74,30,44,1548,754,794,214,147,67
50018604,3004,1596,1408,24,282,126,349,151,181,358,130,662,157,162,157,32,135,82,53,381,249,132,985,500,485,67,30,37,1307,647,660,129,88,41
50018605,2804,1454,1350,13,210,123,246,117,117,368,109,619,144,219,186,37,49,25,24,297,183,114,820,416,404,72,31,41,1439,717,722,127,82,45
50018606,377,209,168,1,43,10,42,10,10,71,15,103,21,7,18,8,18,14,4,19,11,8,72,47,25,9,4,5,240,120,120,19,13,6
50018607,3370,1806,1564,23,283,204,407,176,195,374,140,735,179,177,182,37,144,78,66,432,285,147,1122,578,544,82,37,45,1369,675,694,221,153,68
50018608,341,211,130,3,38,13,20,38,20,33,14,68,20,26,24,3,16,7,9,39,29,10,115,62,53,16,9,7,107,61,46,48,43,5
50018610,10,4,6,0,0,0,0,0,0,0,0,2,0,0,1,0,3,0,3,0,0,0,4,3,1,1,0,1,2,1,1,0,0,0
50018611,1197,683,514,4,108,56,144,33,43,211,89,311,27,47,32,15,18,9,9,57,45,12,296,183,113,24,8,16,730,385,345,72,53,19
50018612,5050,2658,2392,35,371,235,477,177,268,571,207,1152,233,387,373,55,158,92,66,585,393,192,1533,801,732,147,58,89,2452,1193,1259,175,121,54
50018616,40,25,15,2,1,2,4,0,1,2,1,7,6,1,0,0,2,1,1,6,5,1,10,6,4,0,0,0,20,11,9,2,2,0
50018617,3998,2052,1946,24,274,151,321,114,164,521,162,985,172,308,258,55,96,48,48,284,189,95,1114,577,537,114,50,64,2220,1073,1147,170,115,55
1303380,0,0,0,0,0,0,0,0,0,0,0,0,0,0,0,0,0,0,0,0,0,0,0,0,0,0,0,0,0,0,0,0,0,0
1303620,0,0,0,0,0,0,0,0,0,0,0,0,0,0,0,0,0,0,0,0,0,0,0,0,0,0,0,0,0,0,0,0,0,0
1305670,0,0,0,0,0,0,0,0,0,0,0,0,0,0,0,0,0,0,0,0,0,0,0,0,0,0,0,0,0,0,0,0,0,0
1305750,0,0,0,0,0,0,0,0,0,0,0,0,0,0,0,0,0,0,0,0,0,0,0,0,0,0,0,0,0,0,0,0,0,0
1305830,0,0,0,0,0,0,0,0,0,0,0,0,0,0,0,0,0,0,0,0,0,0,0,0,0,0,0,0,0,0,0,0,0,0
1307960,0,0,0,0,0,0,0,0,0,0,0,0,0,0,0,0,0,0,0,0,0,0,0,0,0,0,0,0,0,0,0,0,0,0
1309230,0,0,0,0,0,0,0,0,0,0,0,0,0,0,0,0,0,0,0,0,0,0,0,0,0,0,0,0,0,0,0,0,0,0
1309310,0,0,0,0,0,0,0,0,0,0,0,0,0,0,0,0,0,0,0,0,0,0,0,0,0,0,0,0,0,0,0,0,0,0
1309740,0,0,0,0,0,0,0,0,0,0,0,0,0,0,0,0,0,0,0,0,0,0,0,0,0,0,0,0,0,0,0,0,0,0
3059870,0,0,0,0,0,0,0,0,0,0,0,0,0,0,0,0,0,0,0,0,0,0,0,0,0,0,0,0,0,0,0,0,0,0
3169890,0,0,0,0,0,0,0,0,0,0,0,0,0,0,0,0,0,0,0,0,0,0,0,0,0,0,0,0,0,0,0,0,0,0
50020801,959,487,472,10,93,70,87,49,38,98,40,212,62,63,82,8,31,15,16,139,84,55,300,150,150,16,4,12,445,217,228,28,17,11
50020802,710,352,358,7,75,24,83,25,26,74,59,144,56,35,59,4,17,6,11,48,28,20,197,70,127,15,9,6,407,220,187,26,19,7
50020803,1958,998,960,20,183,98,214,129,88,169,100,344,157,189,153,13,68,32,36,334,199,135,702,332,370,57,25,32,737,373,364,60,37,23
50020804,256,141,115,4,19,17,26,12,16,19,12,55,14,15,28,1,11,6,5,37,22,15,82,44,38,7,1,6,116,66,50,3,2,1
50020805,3010,1562,1448,9,298,182,383,193,146,262,164,551,211,199,234,24,111,74,37,498,307,191,1103,530,573,81,29,52,1103,546,557,114,76,38
50020806,861,439,422,7,69,52,94,49,27,63,26,126,76,65,155,7,33,24,9,198,122,76,303,137,166,24,11,13,266,127,139,37,18,19
50020807,3367,1733,1634,24,312,200,435,216,140,296,159,552,266,264,284,29,135,71,64,699,424,275,1296,620,676,88,35,53,1049,517,532,100,66,34
50020808,3294,1648,1646,18,320,196,365,261,177,242,132,553,268,253,289,33,150,80,70,731,418,313,1311,618,693,79,29,50,924,443,481,99,60,39
50020809,186,96,90,3,13,3,13,7,7,6,0,16,6,3,99,6,20,10,10,45,33,12,70,30,40,9,1,8,35,19,16,7,3,4
50020810,560,291,269,1,37,39,73,38,22,33,20,100,39,46,76,5,23,13,10,109,68,41,208,107,101,14,5,9,181,84,97,25,14,11
50020812,32,18,14,0,7,3,1,0,3,0,1,10,2,2,2,0,3,2,1,3,2,1,7,3,4,0,0,0,18,11,7,1,0,1
50020816,3184,1615,1569,16,317,204,368,208,138,249,128,541,220,280,306,25,112,65,47,515,318,197,1172,559,613,83,40,43,1228,591,637,74,42,32
50020817,184,92,92,1,24,1,22,7,3,30,22,32,8,7,15,1,1,0,1,7,4,3,50,25,25,1,1,0,122,62,60,3,0,3
50020818,1179,636,543,6,129,90,164,77,44,88,40,183,98,84,98,11,57,30,27,266,161,105,476,234,242,33,15,18,305,167,138,42,29,13
50020819,419,228,191,2,42,30,47,20,17,53,22,91,18,22,32,3,17,11,6,58,34,24,139,81,58,15,9,6,172,85,87,18,8,10
50020821,1473,766,707,10,132,89,169,83,79,145,67,304,61,104,110,14,51,26,25,211,133,78,486,241,245,59,24,35,628,318,310,38,24,14
50020822,1280,692,588,6,123,82,137,53,52,119,44,283,80,108,97,8,51,28,23,185,127,58,426,226,200,34,13,21,563,285,278,21,13,8
50020823,2570,1336,1234,13,231,192,283,153,108,250,122,453,197,182,194,31,80,38,42,456,285,171,900,443,457,61,25,36,979,484,495,94,61,33
50020824,1012,523,489,13,112,50,120,63,34,87,46,170,94,82,67,8,30,19,11,147,80,67,364,177,187,35,13,22,414,219,195,22,15,7
50020826,1389,714,675,9,126,72,149,92,50,132,61,257,105,137,109,14,46,20,26,243,153,90,491,236,255,37,11,26,540,273,267,32,21,11
50020827,311,171,140,4,34,11,27,23,15,32,12,59,10,37,35,1,5,1,4,58,42,16,89,47,42,5,1,4,149,78,71,5,2,3
50020828,1178,611,567,13,109,64,147,73,57,115,58,202,79,85,95,9,42,29,13,250,142,108,428,211,217,32,10,22,380,190,190,46,29,17
50020829,2036,1038,998,16,190,130,244,139,76,169,86,360,136,177,191,28,80,39,41,433,261,172,711,334,377,53,17,36,681,337,344,78,50,28
50020830,204,103,101,2,18,11,20,8,11,24,10,44,13,18,12,3,2,1,1,25,16,9,70,32,38,3,0,3,101,54,47,3,0,3
50020831,2398,1232,1166,26,222,166,267,139,99,219,106,424,167,188,214,25,93,53,40,451,281,170,807,386,421,64,18,46,897,442,455,86,52,34
50020832,538,405,133,6,76,51,78,66,50,11,9,90,13,10,20,24,51,37,14,147,125,22,89,65,24,6,0,6,40,24,16,205,154,51
50020833,2306,1248,1058,6,254,171,258,159,116,214,87,451,115,109,182,23,128,79,49,394,258,136,764,413,351,69,32,37,848,398,450,103,68,35
50020834,2670,1456,1214,17,251,193,313,147,158,317,106,572,123,127,163,39,131,69,62,429,263,166,852,451,401,65,36,29,1030,528,502,163,109,54
50020835,1194,628,566,6,85,49,124,38,31,133,66,349,65,93,75,12,26,16,10,115,71,44,283,142,141,34,12,22,689,358,331,47,29,18
50020836,260,160,100,3,14,68,20,10,9,18,4,41,7,8,46,4,18,11,7,43,31,12,60,31,29,9,4,5,75,36,39,55,47,8
50020837,2886,1537,1349,12,308,164,280,161,140,378,130,616,129,154,180,34,100,54,46,458,278,180,906,475,431,69,30,39,1225,618,607,128,82,46
50020838,1697,895,802,14,148,119,184,69,75,174,77,368,86,109,128,19,52,30,22,189,117,72,569,295,274,42,12,30,783,403,380,62,38,24
50020839,504,273,231,2,28,20,47,15,19,60,19,134,28,65,39,3,11,8,3,46,30,16,155,74,81,9,2,7,269,151,118,14,8,6
50020840,46,32,14,0,3,9,4,2,1,4,0,12,2,3,1,1,3,1,2,9,7,2,12,10,2,3,1,2,12,6,6,7,7,0
50020841,1511,808,703,12,135,103,184,61,59,161,60,328,65,112,133,13,41,20,21,166,106,60,493,251,242,42,16,26,688,359,329,81,56,25
50020842,87,53,34,0,7,15,20,5,2,10,3,9,4,3,5,1,5,3,2,17,9,8,42,28,14,3,1,2,20,12,8,0,0,0
50020843,331,202,129,2,39,9,39,4,7,61,23,88,6,11,13,3,6,2,4,10,8,2,60,39,21,7,4,3,218,131,87,30,18,12
50020844,2153,1090,1063,6,188,144,284,110,110,207,94,409,142,137,162,26,104,60,44,357,218,139,694,331,363,51,21,30,834,397,437,113,63,50
50020845,641,369,272,3,74,22,56,17,27,112,51,192,10,9,22,11,10,6,4,19,14,5,116,70,46,22,15,7,417,227,190,57,37,20
50020846,2716,1405,1311,13,204,106,259,116,153,383,144,597,107,182,145,36,91,50,41,303,189,114,861,445,416,79,32,47,1254,612,642,128,77,51
50020847,2962,1606,1356,18,253,121,291,112,158,452,185,631,115,187,166,46,87,53,34,295,189,106,863,448,415,71,27,44,1499,788,711,147,101,46
50020849,1409,764,645,6,127,71,148,85,81,179,77,290,79,87,84,17,45,23,22,192,113,79,443,255,188,40,13,27,616,311,305,73,49,24
1311640,0,0,0,0,0,0,0,0,0,0,0,0,0,0,0,0,0,0,0,0,0,0,0,0,0,0,0,0,0,0,0,0,0,0
50021601,17,12,5,0,1,1,1,1,1,0,0,6,1,1,2,2,0,0,0,3,3,0,6,5,1,0,0,0,3,1,2,5,3,2
50021602,1850,971,879,6,187,108,200,85,95,275,130,383,76,76,103,15,36,25,11,150,84,66,596,342,254,62,27,35,943,460,483,63,33,30
50021603,2409,1236,1173,14,261,171,289,156,118,163,101,423,174,168,189,26,125,64,61,505,307,198,898,431,467,66,21,45,701,340,361,114,73,41
50021604,1820,907,913,16,200,118,227,109,99,137,80,334,105,133,161,11,88,48,40,339,212,127,661,296,365,48,17,31,608,289,319,76,45,31
50021605,823,423,400,7,77,65,84,64,49,76,37,132,45,72,59,6,25,16,9,157,102,55,308,157,151,29,12,17,279,123,156,25,13,12
50021606,2287,1147,1140,7,269,142,279,119,97,239,121,439,135,139,141,28,87,52,35,391,233,158,766,370,396,67,24,43,870,409,461,106,59,47
50021607,457,243,214,3,40,23,53,11,18,90,32,101,12,27,27,4,11,7,4,27,18,9,108,51,57,6,4,2,290,153,137,15,10,5
50021608,186,89,97,0,10,7,25,11,11,28,18,49,8,2,8,1,6,1,5,12,9,3,67,31,36,1,0,1,94,44,50,6,4,2
50021609,162,98,64,2,16,7,18,10,4,18,5,46,10,10,4,4,0,0,0,9,7,2,50,28,22,7,6,1,77,42,35,19,15,4
50021610,2691,1456,1235,21,285,161,313,136,112,322,143,551,178,120,158,37,123,70,53,392,234,158,863,466,397,64,28,36,1083,542,541,166,116,50
50021611,85,48,37,0,9,6,6,3,3,7,2,17,5,8,14,1,2,2,0,13,8,5,31,16,15,7,3,4,32,19,13,0,0,0
50021612,371,197,174,2,35,15,52,15,14,77,26,75,12,9,21,0,13,6,7,19,13,6,93,54,39,3,2,1,240,122,118,3,0,3
50021613,171,92,79,2,25,19,16,12,16,9,7,33,4,9,5,2,13,6,7,33,19,14,59,34,25,3,3,0,48,20,28,15,10,5
50021614,809,435,374,7,86,51,131,49,32,101,35,151,26,33,46,13,56,35,21,121,68,53,267,153,114,21,9,12,298,142,156,46,28,18
50021616,3891,2085,1806,28,427,238,481,243,166,385,187,652,291,268,246,43,182,109,73,711,441,270,1253,629,624,117,52,65,1415,715,700,213,139,74
50021617,71,38,33,0,5,5,10,2,3,4,6,22,2,2,3,3,3,2,1,2,1,1,17,5,12,3,3,0,36,20,16,10,7,3
50021618,567,306,261,5,51,42,52,29,16,61,30,112,32,43,43,4,20,15,5,63,39,24,186,95,91,17,7,10,271,144,127,10,6,4
50021619,498,278,220,1,44,20,65,15,35,77,35,100,14,25,27,7,12,8,4,42,28,14,150,88,62,15,5,10,260,133,127,19,16,3
50021620,14,9,5,0,3,3,3,2,0,0,0,3,0,0,0,0,1,1,0,0,0,0,10,7,3,0,0,0,3,1,2,0,0,0
50021622,200,153,47,3,29,61,20,13,7,5,1,36,2,5,5,4,16,10,6,31,24,7,68,50,18,8,5,3,20,14,6,57,50,7
50021623,2787,1480,1307,6,300,121,336,116,156,416,220,605,98,116,137,19,75,42,33,220,130,90,809,461,348,76,33,43,1497,742,755,110,72,38
50021624,1098,600,498,10,140,94,126,76,53,89,47,220,55,53,51,10,76,39,37,216,140,76,368,197,171,39,18,21,323,163,160,76,43,33
50021625,36,19,17,1,6,4,6,0,2,1,0,8,1,0,4,0,11,6,5,8,6,2,10,4,6,0,0,0,1,0,1,6,3,3
50021626,208,110,98,2,26,8,28,3,8,41,19,34,7,12,14,1,1,0,1,9,6,3,38,19,19,5,1,4,143,76,67,12,8,4
50021628,84,48,36,0,11,4,10,5,4,9,6,17,7,4,3,1,2,2,0,13,7,6,31,19,12,4,1,3,34,19,15,0,0,0
50021629,3104,1568,1536,18,380,193,396,201,150,258,135,521,208,202,227,40,111,55,56,618,372,246,1112,525,587,77,37,40,1023,477,546,163,102,61
50021630,3946,2080,1866,27,419,307,521,273,193,362,193,698,236,248,231,32,187,104,83,769,484,285,1438,721,717,129,61,68,1269,623,646,154,87,67
50021631,806,426,380,0,77,47,99,29,19,93,59,194,34,41,63,14,17,7,10,62,36,26,252,137,115,13,4,9,426,218,208,36,24,12
50021632,1011,542,469,9,122,59,135,68,44,81,45,172,73,65,77,9,57,36,21,157,98,59,342,178,164,28,10,18,395,203,192,32,17,15
50021635,1057,586,471,2,108,49,133,29,23,168,82,284,33,41,52,6,7,6,1,32,16,16,249,136,113,37,17,20,696,385,311,36,26,10
50021636,610,315,295,1,70,39,77,38,21,60,30,125,28,40,39,4,22,11,11,80,49,31,202,109,93,18,11,7,273,127,146,15,8,7
50021637,367,222,145,3,41,37,37,19,14,44,22,88,7,10,18,9,20,14,6,38,28,10,86,51,35,11,5,6,169,88,81,43,36,7
50021638,839,453,386,2,94,27,101,35,26,151,58,189,32,32,39,7,17,11,6,29,19,10,207,118,89,19,9,10,543,282,261,24,14,10
50021639,583,307,276,1,51,28,99,23,14,72,53,136,24,21,35,6,10,5,5,32,15,17,150,80,70,10,8,2,357,185,172,24,14,10
50021640,240,132,108,5,34,15,37,17,13,15,6,34,12,9,19,1,17,10,7,64,38,26,81,39,42,8,5,3,65,37,28,5,3,2
50021641,14,6,8,0,3,1,2,0,0,0,1,6,0,0,0,0,1,0,1,2,1,1,4,2,2,0,0,0,6,3,3,1,0,1
3173900,0,0,0,0,0,0,0,0,0,0,0,0,0,0,0,0,0,0,0,0,0,0,0,0,0,0,0,0,0,0,0,0,0,0
53806001,364,219,145,4,51,52,50,24,19,18,14,66,15,21,17,2,27,22,5,63,42,21,143,80,63,6,3,3,111,61,50,14,11,3
53806002,107,91,16,0,22,8,11,29,5,0,0,23,2,0,0,3,10,8,2,28,21,7,41,38,3,3,2,1,5,3,2,20,19,1
53806003,818,442,376,7,120,67,117,67,27,57,31,123,35,57,55,9,38,22,16,187,120,67,302,152,150,26,15,11,221,97,124,44,36,8
53806005,25,12,13,0,1,3,5,1,1,0,2,6,1,3,2,0,0,0,0,5,1,4,10,7,3,0,0,0,7,3,4,3,1,2
3176590,0,0,0,0,0,0,0,0,0,0,0,0,0,0,0,0,0,0,0,0,0,0,0,0,0,0,0,0,0,0,0,0,0,0
53807802,381,199,182,3,42,19,47,24,17,29,20,93,15,17,23,4,12,7,5,52,33,19,112,51,61,5,2,3,189,98,91,11,8,3
53812403,965,517,448,11,94,73,122,45,56,78,56,185,64,46,77,11,43,25,18,128,89,39,304,142,162,31,14,17,417,225,192,42,22,20
1314820,0,0,0,0,0,0,0,0,0,0,0,0,0,0,0,0,0,0,0,0,0,0,0,0,0,0,0,0,0,0,0,0,0,0
1314910,0,0,0,0,0,0,0,0,0,0,0,0,0,0,0,0,0,0,0,0,0,0,0,0,0,0,0,0,0,0,0,0,0,0
1315040,0,0,0,0,0,0,0,0,0,0,0,0,0,0,0,0,0,0,0,0,0,0,0,0,0,0,0,0,0,0,0,0,0,0
1315800,0,0,0,0,0,0,0,0,0,0,0,0,0,0,0,0,0,0,0,0,0,0,0,0,0,0,0,0,0,0,0,0,0,0
3170470,0,0,0,0,0,0,0,0,0,0,0,0,0,0,0,0,0,0,0,0,0,0,0,0,0,0,0,0,0,0,0,0,0,0
54731002,97,45,52,1,11,2,13,1,4,14,7,20,5,7,6,0,4,2,2,2,2,0,32,12,20,1,0,1,54,26,28,4,3,1
54731003,910,469,441,7,129,70,138,61,28,59,45,136,70,63,63,8,35,17,18,215,130,85,328,150,178,24,9,15,284,149,135,24,14,10
54731004,116,88,28,2,25,28,12,16,5,2,0,18,1,1,3,2,13,8,5,56,45,11,20,16,4,3,3,0,7,4,3,17,12,5
54731005,2017,1087,930,16,227,98,267,88,89,244,159,362,144,120,123,5,41,28,13,209,138,71,648,345,303,74,19,55,980,503,477,65,54,11
54731006,76,42,34,0,7,3,16,8,5,6,4,11,7,5,2,0,6,2,4,13,9,4,30,16,14,1,0,1,25,14,11,1,1,0
54731007,1660,865,795,12,220,104,241,134,94,98,68,234,110,116,112,21,98,56,42,387,227,160,638,324,314,37,12,25,429,205,224,71,41,30
54731008,918,503,415,7,128,88,146,65,40,55,26,116,48,77,58,6,44,18,26,233,150,83,354,187,167,17,12,5,252,124,128,18,12,6
54731009,8,5,3,0,0,1,1,0,0,0,0,0,1,1,3,0,0,0,0,4,2,2,4,3,1,0,0,0,0,0,0,0,0,0
54731010,691,366,325,7,89,46,109,32,19,54,37,102,44,54,55,5,25,15,10,132,88,44,237,114,123,19,7,12,259,129,130,19,13,6
1304270,0,0,0,0,0,0,0,0,0,0,0,0,0,0,0,0,0,0,0,0,0,0,0,0,0,0,0,0,0,0,0,0,0,0
1304350,0,0,0,0,0,0,0,0,0,0,0,0,0,0,0,0,0,0,0,0,0,0,0,0,0,0,0,0,0,0,0,0,0,0
3327800,0,0,0,0,0,0,0,0,0,0,0,0,0,0,0,0,0,0,0,0,0,0,0,0,0,0,0,0,0,0,0,0,0,0
54729801,15,9,6,0,2,5,4,0,1,0,0,0,0,1,0,0,1,1,0,9,6,3,2,1,1,0,0,0,2,0,2,1,1,0
54729802,1695,899,796,14,181,148,204,99,77,126,71,256,111,138,143,14,64,34,30,342,223,119,585,287,298,38,21,17,583,281,302,83,53,30
54729804,153,82,71,1,10,5,28,2,8,18,8,28,10,17,10,1,8,6,2,7,3,4,56,29,27,4,1,3,76,43,33,2,0,2
54729807,107,59,48,0,4,10,12,6,1,11,8,23,7,9,10,0,0,0,0,8,4,4,33,17,16,3,1,2,54,32,22,9,5,4
54729808,110,54,56,3,11,8,18,4,6,9,2,21,6,8,5,0,3,1,2,18,8,10,40,20,20,2,1,1,44,22,22,3,2,1
1303460,0,0,0,0,0,0,0,0,0,0,0,0,0,0,0,0,0,0,0,0,0,0,0,0,0,0,0,0,0,0,0,0,0,0
3311120,0,0,0,0,0,0,0,0,0,0,0,0,0,0,0,0,0,0,0,0,0,0,0,0,0,0,0,0,0,0,0,0,0,0
54730101,918,507,411,7,96,49,122,48,49,76,40,188,56,72,63,9,34,20,14,155,104,51,321,157,164,20,8,12,355,195,160,33,23,10
54730102,12,6,6,0,1,2,2,0,1,0,1,3,0,1,0,0,1,0,1,4,3,1,4,0,4,0,0,0,3,3,0,0,0,0
54730104,512,263,249,4,37,21,57,13,15,83,36,113,24,33,35,3,6,5,1,18,11,7,132,76,56,14,8,6,331,158,173,11,5,6
54730105,1338,706,632,12,137,101,166,69,68,103,66,263,78,85,93,15,38,21,17,203,134,69,439,214,225,23,11,12,601,304,297,34,22,12
1325270,0,0,0,0,0,0,0,0,0,0,0,0,0,0,0,0,0,0,0,0,0,0,0,0,0,0,0,0,0,0,0,0,0,0
54737901,21,15,6,0,5,2,5,2,0,0,0,5,1,0,1,0,2,1,1,6,6,0,10,7,3,1,0,1,2,1,1,0,0,0
54737902,25,19,6,1,7,3,5,1,0,0,0,3,2,0,1,0,2,1,1,8,6,2,6,6,0,0,0,0,6,3,3,3,3,0
54737903,1189,650,539,8,147,98,186,77,36,86,65,220,53,71,70,10,46,33,13,204,124,80,402,207,195,26,11,15,430,219,211,81,56,25
54737905,1110,593,517,9,116,67,175,80,57,110,68,189,53,36,79,13,29,17,12,116,74,42,393,212,181,38,12,26,483,241,242,51,37,14
54737907,38,18,20,0,4,2,9,1,0,3,3,12,0,4,0,0,0,0,0,1,1,0,12,5,7,2,0,2,21,11,10,2,1,1
3173730,0,0,0,0,0,0,0,0,0,0,0,0,0,0,0,0,0,0,0,0,0,0,0,0,0,0,0,0,0,0,0,0,0,0
3173810,0,0,0,0,0,0,0,0,0,0,0,0,0,0,0,0,0,0,0,0,0,0,0,0,0,0,0,0,0,0,0,0,0,0
3174030,0,0,0,0,0,0,0,0,0,0,0,0,0,0,0,0,0,0,0,0,0,0,0,0,0,0,0,0,0,0,0,0,0,0
53817502,745,389,356,5,76,55,111,46,42,74,40,129,33,41,42,8,43,23,20,105,72,33,251,122,129,18,7,11,296,151,145,32,14,18
53817503,233,130,103,1,36,15,27,20,6,17,8,44,9,17,15,2,13,7,6,55,38,17,88,43,45,8,2,6,65,37,28,4,3,1
53817504,463,269,194,3,66,29,48,23,30,46,24,80,17,37,22,7,26,15,11,91,64,27,142,73,69,8,3,5,181,104,77,15,10,5
53820502,22,7,15,0,4,1,4,2,1,0,0,4,0,1,2,1,3,1,2,6,4,2,8,1,7,0,0,0,4,1,3,1,0,1
53820503,2144,1155,989,16,301,148,296,130,96,191,85,358,115,152,120,28,77,47,30,433,290,143,761,362,399,48,12,36,731,376,355,94,68,26
53830201,1826,983,843,21,202,112,234,103,87,115,76,377,96,149,134,17,48,29,19,229,159,70,619,298,321,44,17,27,784,411,373,102,69,33
3173490,0,0,0,0,0,0,0,0,0,0,0,0,0,0,0,0,0,0,0,0,0,0,0,0,0,0,0,0,0,0,0,0,0,0
53835301,830,455,375,10,114,89,121,35,30,46,26,146,45,57,50,6,36,25,11,158,102,56,254,119,135,20,6,14,313,169,144,49,34,15
53835302,26,18,8,0,3,2,2,3,0,0,0,8,6,0,1,1,1,1,0,4,3,1,16,11,5,2,1,1,3,2,1,0,0,0
3176240,0,0,0,0,0,0,0,0,0,0,0,0,0,0,0,0,0,0,0,0,0,0,0,0,0,0,0,0,0,0,0,0,0,0
53836101,19,10,9,0,3,1,2,0,1,3,1,5,0,1,0,0,0,0,0,3,2,1,5,2,3,0,0,0,11,6,5,0,0,0
53836103,1881,989,892,21,261,87,246,83,56,186,112,334,114,154,122,15,54,31,23,273,182,91,621,308,313,46,22,24,848,424,424,39,22,17
53836104,150,75,75,1,27,4,25,8,4,12,7,25,9,13,11,0,3,1,2,29,17,12,55,29,26,1,0,1,59,25,34,3,3,0
3175780,0,0,0,0,0,0,0,0,0,0,0,0,0,0,0,0,0,0,0,0,0,0,0,0,0,0,0,0,0,0,0,0,0,0
53838802,221,125,96,3,22,16,40,19,13,12,12,30,12,13,16,1,13,8,5,60,35,25,76,39,37,3,2,1,62,36,26,7,5,2
53840001,23,11,12,0,2,0,4,1,3,2,0,5,0,4,0,1,1,1,0,1,1,0,11,5,6,1,1,0,7,2,5,2,1,1
53840003,637,345,292,6,67,49,83,28,21,65,28,124,37,52,37,9,13,9,4,83,50,33,183,100,83,8,2,6,334,172,162,16,12,4
3159910,0,0,0,0,0,0,0,0,0,0,0,0,0,0,0,0,0,0,0,0,0,0,0,0,0,0,0,0,0,0,0,0,0,0
3161480,0,0,0,0,0,0,0,0,0,0,0,0,0,0,0,0,0,0,0,0,0,0,0,0,0,0,0,0,0,0,0,0,0,0
54704201,69,37,32,0,12,2,14,4,0,2,4,20,3,2,3,0,3,2,1,4,2,2,17,7,10,3,2,1,40,24,16,2,0,2
54704202,84,42,42,0,4,3,11,2,5,5,4,19,3,6,9,0,1,1,0,9,5,4,24,11,13,2,0,2,48,25,23,0,0,0
54704203,49,25,24,0,6,0,11,1,1,5,4,10,0,3,4,0,1,1,0,4,0,4,22,9,13,1,0,1,19,13,6,2,2,0
54704204,894,474,420,8,102,61,128,51,35,64,46,139,42,64,85,17,43,25,18,153,103,50,322,153,169,16,7,9,329,167,162,31,19,12
54704206,109,58,51,5,7,19,19,7,2,2,3,21,5,4,9,1,4,2,2,21,16,5,34,12,22,3,3,0,40,20,20,7,5,2
54704207,122,71,51,3,14,8,41,1,7,8,6,10,5,3,7,1,13,4,9,32,22,10,43,26,17,2,0,2,27,15,12,5,4,1
54704208,10,5,5,2,1,1,0,1,1,1,0,0,1,0,1,1,1,1,0,2,1,1,4,1,3,0,0,0,3,2,1,0,0,0
54704209,1203,622,581,9,89,51,131,28,32,168,77,246,56,66,173,9,25,18,7,77,43,34,349,170,179,34,11,23,656,339,317,62,41,21
54704211,1257,643,614,14,105,65,141,61,52,130,68,245,91,88,113,15,49,27,22,138,89,49,434,199,235,25,8,17,571,291,280,40,29,11
54704212,881,477,404,9,96,52,155,28,44,70,40,144,37,56,75,10,26,15,11,143,103,40,320,151,169,29,15,14,348,186,162,15,7,8
54704213,17,13,4,1,1,0,4,2,6,0,0,1,1,0,0,0,2,1,1,3,3,0,9,6,3,1,1,0,1,1,0,1,1,0
54704214,513,270,243,0,41,2,36,12,22,47,25,164,4,72,63,12,0,0,0,11,6,5,211,97,114,1,0,1,285,165,120,5,2,3
3061420,0,0,0,0,0,0,0,0,0,0,0,0,0,0,0,0,0,0,0,0,0,0,0,0,0,0,0,0,0,0,0,0,0,0
3158340,0,0,0,0,0,0,0,0,0,0,0,0,0,0,0,0,0,0,0,0,0,0,0,0,0,0,0,0,0,0,0,0,0,0
3161560,0,0,0,0,0,0,0,0,0,0,0,0,0,0,0,0,0,0,0,0,0,0,0,0,0,0,0,0,0,0,0,0,0,0
3161990,0,0,0,0,0,0,0,0,0,0,0,0,0,0,0,0,0,0,0,0,0,0,0,0,0,0,0,0,0,0,0,0,0,0
3162530,0,0,0,0,0,0,0,0,0,0,0,0,0,0,0,0,0,0,0,0,0,0,0,0,0,0,0,0,0,0,0,0,0,0
54705101,1119,587,532,7,108,62,205,56,70,96,56,187,57,75,69,7,51,29,22,186,112,74,380,197,183,33,13,20,448,225,223,21,11,10
54705103,1369,705,664,9,132,103,254,95,80,93,49,187,97,90,89,16,108,56,52,293,167,126,522,249,273,25,11,14,334,161,173,87,61,26
54705105,33,17,16,0,0,0,0,0,0,0,0,33,0,0,0,0,0,0,0,0,0,0,0,0,0,0,0,0,32,16,16,1,1,0
54705107,625,329,296,3,45,35,97,27,34,49,73,112,28,33,43,5,38,21,17,87,54,33,246,117,129,20,13,7,202,104,98,32,20,12
54705108,723,394,329,1,81,47,156,32,47,63,25,108,36,42,41,6,61,36,25,137,83,54,234,121,113,14,9,5,246,122,124,31,23,8
54705109,3,1,2,0,0,0,0,0,0,0,0,0,0,1,0,0,0,0,0,0,0,0,3,1,2,0,0,0,0,0,0,0,0,0
54705110,278,157,121,2,20,24,43,20,21,27,8,41,16,20,14,3,4,3,1,45,28,17,119,64,55,6,2,4,98,57,41,6,3,3
54705111,1344,714,630,15,134,94,273,73,85,93,50,203,58,79,102,16,83,41,42,298,200,98,506,243,263,28,7,21,387,197,190,42,26,16
53944901,329,178,151,6,28,27,50,21,23,31,7,50,24,14,24,2,15,9,6,71,45,26,115,66,49,11,4,7,103,44,59,14,10,4
53944902,12,4,8,1,1,1,1,0,0,0,0,4,0,0,1,0,2,0,2,5,2,3,3,1,2,0,0,0,2,1,1,0,0,0
53944903,695,369,326,13,82,53,103,30,29,57,40,106,35,47,54,4,28,20,8,131,80,51,248,121,127,9,3,6,263,132,131,16,13,3
53944904,453,254,199,1,67,47,71,21,23,25,15,61,31,40,22,6,16,7,9,113,72,41,172,89,83,9,3,6,128,69,59,15,14,1
53944905,80,46,34,3,7,9,12,1,4,5,0,22,1,5,4,1,8,8,0,13,10,3,31,17,14,2,0,2,22,8,14,4,3,1
3164150,0,0,0,0,0,0,0,0,0,0,0,0,0,0,0,0,0,0,0,0,0,0,0,0,0,0,0,0,0,0,0,0,0,0
3166610,0,0,0,0,0,0,0,0,0,0,0,0,0,0,0,0,0,0,0,0,0,0,0,0,0,0,0,0,0,0,0,0,0,0
3166950,0,0,0,0,0,0,0,0,0,0,0,0,0,0,0,0,0,0,0,0,0,0,0,0,0,0,0,0,0,0,0,0,0,0
53946501,470,252,218,9,66,30,77,26,18,39,18,74,30,24,24,5,18,14,4,105,72,33,163,75,88,10,3,7,157,76,81,17,12,5
54714002,107,59,48,1,8,5,1,2,3,5,1,61,3,6,6,0,0,0,0,6,3,3,15,10,5,4,1,3,81,44,37,1,1,0
54714003,712,379,333,9,49,40,74,32,28,72,22,171,33,68,49,9,18,11,7,94,60,34,198,99,99,11,5,6,374,193,181,17,11,6
54715801,191,104,87,1,27,5,24,6,9,17,13,55,4,8,10,3,2,1,1,5,3,2,31,14,17,5,3,2,143,80,63,5,3,2
54715802,29,14,15,1,0,2,4,2,0,1,1,6,3,5,1,1,1,1,0,6,3,3,4,2,2,0,0,0,15,6,9,3,2,1
54715804,1075,591,484,9,126,61,104,63,45,100,37,193,80,108,74,11,30,16,14,158,104,54,362,179,183,30,18,12,465,249,216,30,25,5
3176080,0,0,0,0,0,0,0,0,0,0,0,0,0,0,0,0,0,0,0,0,0,0,0,0,0,0,0,0,0,0,0,0,0,0
53853101,187,103,84,3,21,19,23,16,11,13,2,29,16,8,14,1,7,5,2,50,33,17,71,34,37,3,1,2,46,24,22,10,6,4
3174970,0,0,0,0,0,0,0,0,0,0,0,0,0,0,0,0,0,0,0,0,0,0,0,0,0,0,0,0,0,0,0,0,0,0
54739501,687,376,311,8,80,55,104,34,31,55,25,91,45,53,62,6,26,16,10,124,83,41,227,110,117,14,4,10,261,140,121,35,23,12
54739502,2456,1265,1191,17,265,188,321,198,71,181,94,407,190,192,188,17,88,50,38,470,288,182,987,489,498,57,17,40,764,367,397,90,54,36
54739503,67,35,32,0,4,6,11,6,3,5,4,14,3,4,3,1,2,1,1,13,8,5,27,13,14,0,0,0,25,13,12,0,0,0
3169540,0,0,0,0,0,0,0,0,0,0,0,0,0,0,0,0,0,0,0,0,0,0,0,0,0,0,0,0,0,0,0,0,0,0
53958901,360,194,166,11,39,23,41,36,12,18,10,61,33,26,20,5,12,6,6,71,51,20,123,52,71,11,5,6,120,63,57,23,17,6
3166440,0,0,0,0,0,0,0,0,0,0,0,0,0,0,0,0,0,0,0,0,0,0,0,0,0,0,0,0,0,0,0,0,0,0
3166870,0,0,0,0,0,0,0,0,0,0,0,0,0,0,0,0,0,0,0,0,0,0,0,0,0,0,0,0,0,0,0,0,0,0
3167410,0,0,0,0,0,0,0,0,0,0,0,0,0,0,0,0,0,0,0,0,0,0,0,0,0,0,0,0,0,0,0,0,0,0
3167500,0,0,0,0,0,0,0,0,0,0,0,0,0,0,0,0,0,0,0,0,0,0,0,0,0,0,0,0,0,0,0,0,0,0
3183610,0,0,0,0,0,0,0,0,0,0,0,0,0,0,0,0,0,0,0,0,0,0,0,0,0,0,0,0,0,0,0,0,0,0
53963502,71,41,30,4,9,7,11,3,1,7,4,9,4,4,4,1,4,4,0,20,14,6,23,11,12,3,3,0,21,9,12,0,0,0
53963503,15,12,3,1,2,7,1,0,1,1,1,0,0,0,0,0,1,1,0,1,1,0,7,4,3,0,0,0,2,2,0,4,4,0
53963504,134,87,47,1,15,20,18,12,8,3,1,32,2,4,8,0,10,6,4,55,44,11,40,24,16,3,0,3,17,8,9,9,5,4
53963505,1864,1032,832,24,211,180,248,141,66,143,78,294,85,118,147,13,73,45,28,406,268,138,606,313,293,46,22,24,695,358,337,38,26,12
53963506,666,364,302,3,56,38,92,31,27,88,50,136,38,26,49,4,16,10,6,63,39,24,188,98,90,22,8,14,341,183,158,36,26,10
53963507,750,406,344,4,66,65,88,55,34,91,34,151,39,34,55,7,15,11,4,41,24,17,196,103,93,28,13,15,423,218,205,47,37,10
3064280,0,0,0,0,0,0,0,0,0,0,0,0,0,0,0,0,0,0,0,0,0,0,0,0,0,0,0,0,0,0,0,0,0,0
3064440,0,0,0,0,0,0,0,0,0,0,0,0,0,0,0,0,0,0,0,0,0,0,0,0,0,0,0,0,0,0,0,0,0,0
53873601,1271,711,560,9,130,146,153,93,51,85,49,210,87,115,67,15,65,36,29,217,147,70,399,203,196,25,9,16,482,249,233,83,67,16
53873602,62,43,19,0,13,6,4,17,3,1,0,7,0,4,1,3,5,3,2,15,10,5,20,14,6,3,2,1,10,6,4,9,8,1
3062150,0,0,0,0,0,0,0,0,0,0,0,0,0,0,0,0,0,0,0,0,0,0,0,0,0,0,0,0,0,0,0,0,0,0
3167330,0,0,0,0,0,0,0,0,0,0,0,0,0,0,0,0,0,0,0,0,0,0,0,0,0,0,0,0,0,0,0,0,0,0
3167680,0,0,0,0,0,0,0,0,0,0,0,0,0,0,0,0,0,0,0,0,0,0,0,0,0,0,0,0,0,0,0,0,0,0
53967801,221,118,103,4,30,24,26,21,8,15,7,32,15,14,15,0,6,3,3,72,48,24,63,27,36,6,2,4,70,37,33,4,1,3
53967802,26,12,14,0,4,0,3,3,1,5,0,3,2,1,2,1,0,0,0,11,5,6,8,5,3,1,0,1,5,2,3,1,0,1
53967804,1613,847,766,16,174,93,201,66,52,149,101,297,93,99,152,11,50,25,25,236,152,84,517,265,252,41,16,25,736,368,368,33,21,12
53967805,31,17,14,0,4,1,4,4,1,4,4,3,0,1,2,1,2,2,0,5,3,2,10,7,3,2,1,1,11,4,7,1,0,1
53967806,178,102,76,3,19,16,21,4,6,20,8,34,12,8,20,1,2,1,1,36,27,9,57,32,25,6,1,5,74,39,35,3,2,1
54727102,751,382,369,8,66,26,74,40,25,65,19,143,49,135,56,5,24,13,11,100,64,36,246,122,124,14,3,11,350,172,178,17,8,9
54727103,378,196,182,4,24,10,39,25,9,41,17,76,24,56,30,2,16,9,7,22,16,6,110,57,53,8,3,5,208,103,105,14,8,6
54727105,1013,537,476,15,80,53,127,55,35,83,59,181,74,136,60,11,20,16,4,135,84,51,279,139,140,26,10,16,517,265,252,36,23,13
54727106,19,12,7,0,3,0,2,1,1,0,0,5,0,4,1,1,1,1,0,7,3,4,6,5,1,0,0,0,3,2,1,2,1,1
54727107,948,469,479,12,88,45,95,38,31,75,35,207,64,115,61,10,33,20,13,131,78,53,326,150,176,23,7,16,422,205,217,13,9,4
54727108,313,190,123,7,28,4,18,24,34,23,10,63,8,74,8,4,4,2,2,11,8,3,69,41,28,7,4,3,219,134,85,3,1,2
54727109,305,157,148,3,25,17,36,14,10,29,18,58,20,36,22,2,5,1,4,37,21,16,106,48,58,8,6,2,138,74,64,11,7,4
3161300,0,0,0,0,0,0,0,0,0,0,0,0,0,0,0,0,0,0,0,0,0,0,0,0,0,0,0,0,0,0,0,0,0,0
3307100,0,0,0,0,0,0,0,0,0,0,0,0,0,0,0,0,0,0,0,0,0,0,0,0,0,0,0,0,0,0,0,0,0,0
3307280,0,0,0,0,0,0,0,0,0,0,0,0,0,0,0,0,0,0,0,0,0,0,0,0,0,0,0,0,0,0,0,0,0,0
53972402,843,439,404,2,99,66,141,49,46,58,38,137,39,59,61,4,30,15,15,134,94,40,280,129,151,19,9,10,350,171,179,30,21,9
53972404,900,490,410,12,95,59,139,42,35,76,48,164,47,52,69,12,42,22,20,169,113,56,273,141,132,24,9,15,351,175,176,41,30,11
3060370,0,0,0,0,0,0,0,0,0,0,0,0,0,0,0,0,0,0,0,0,0,0,0,0,0,0,0,0,0,0,0,0,0,0
3183450,0,0,0,0,0,0,0,0,0,0,0,0,0,0,0,0,0,0,0,0,0,0,0,0,0,0,0,0,0,0,0,0,0,0
54740901,64,36,28,0,6,8,16,6,2,0,4,10,1,3,6,0,3,2,1,22,13,9,16,10,6,4,1,3,17,9,8,2,1,1
54740903,17,13,4,0,2,4,1,0,1,0,0,6,0,1,2,0,3,3,0,6,5,1,5,4,1,0,0,0,3,1,2,0,0,0
54740904,1343,740,603,10,146,117,245,90,69,107,70,215,57,66,84,18,59,34,25,172,108,64,485,259,226,51,19,32,496,260,236,80,60,20
54732801,54,29,25,2,3,2,7,1,1,6,3,13,0,1,1,1,0,0,0,6,3,3,17,11,6,3,0,3,26,14,12,2,1,1
54732802,234,124,110,3,19,8,25,9,9,8,11,65,16,13,19,0,9,3,6,27,19,8,74,34,40,6,2,4,114,63,51,4,3,1
54732803,517,281,236,1,56,27,59,11,25,44,17,122,27,36,39,6,8,3,5,31,24,7,155,81,74,7,5,2,299,154,145,17,14,3
53979101,1534,792,742,6,172,99,194,96,56,158,85,275,79,111,115,7,54,26,28,187,118,69,523,256,267,39,13,26,661,337,324,70,42,28
53979102,462,245,217,9,49,37,69,20,22,48,28,73,17,25,40,1,12,8,4,97,62,35,157,79,78,14,4,10,179,89,90,3,3,0
53979103,166,86,80,0,6,14,18,9,5,29,12,35,4,8,14,0,4,3,1,15,10,5,63,31,32,2,1,1,77,37,40,5,4,1
1291940,0,0,0,0,0,0,0,0,0,0,0,0,0,0,0,0,0,0,0,0,0,0,0,0,0,0,0,0,0,0,0,0,0,0
3163930,0,0,0,0,0,0,0,0,0,0,0,0,0,0,0,0,0,0,0,0,0,0,0,0,0,0,0,0,0,0,0,0,0,0
3165630,0,0,0,0,0,0,0,0,0,0,0,0,0,0,0,0,0,0,0,0,0,0,0,0,0,0,0,0,0,0,0,0,0,0
3167250,0,0,0,0,0,0,0,0,0,0,0,0,0,0,0,0,0,0,0,0,0,0,0,0,0,0,0,0,0,0,0,0,0,0
54711501,215,153,62,2,20,69,16,30,4,14,5,18,5,11,7,1,20,16,4,46,35,11,67,48,19,14,11,3,56,34,22,12,9,3
54711503,132,69,63,2,20,10,12,8,4,11,6,16,6,8,12,3,9,4,5,33,21,12,48,22,26,3,3,0,30,15,15,9,4,5
54711504,22,14,8,0,2,0,2,1,2,2,0,5,1,3,3,0,0,0,0,8,6,2,8,3,5,1,0,1,4,4,0,1,1,0
54711506,68,41,27,2,12,3,1,3,4,1,1,15,4,5,8,2,7,4,3,24,19,5,20,11,9,2,1,1,12,4,8,3,2,1
54711507,1132,597,535,19,110,65,147,42,37,128,60,235,58,79,77,9,24,13,11,144,92,52,351,187,164,52,17,35,523,269,254,38,19,19
3064100,0,0,0,0,0,0,0,0,0,0,0,0,0,0,0,0,0,0,0,0,0,0,0,0,0,0,0,0,0,0,0,0,0,0
53900701,2472,1327,1145,42,334,169,345,165,75,186,127,382,202,165,161,15,88,47,41,449,292,157,887,440,447,65,22,43,915,479,436,68,47,21
53900702,17,8,9,2,2,0,1,1,2,2,3,0,2,1,0,0,0,0,0,6,4,2,8,2,6,0,0,0,3,2,1,0,0,0
3165980,0,0,0,0,0,0,0,0,0,0,0,0,0,0,0,0,0,0,0,0,0,0,0,0,0,0,0,0,0,0,0,0,0,0
3166100,0,0,0,0,0,0,0,0,0,0,0,0,0,0,0,0,0,0,0,0,0,0,0,0,0,0,0,0,0,0,0,0,0,0
53986401,76,54,22,2,2,26,12,6,2,2,2,8,5,2,2,1,4,2,2,15,12,3,38,28,10,2,1,1,14,10,4,3,1,2
53986403,135,71,64,1,12,12,20,11,6,13,4,17,8,10,6,1,9,5,4,39,27,12,49,22,27,6,3,3,30,13,17,2,1,1
53986404,78,41,37,4,4,7,4,4,4,2,3,23,0,5,11,1,6,4,2,16,11,5,20,8,12,3,2,1,32,16,16,1,0,1
53986405,40,22,18,0,6,2,8,0,3,5,0,6,4,2,2,0,2,1,1,7,3,4,13,7,6,2,2,0,16,9,7,0,0,0
53986406,876,440,436,5,75,69,124,42,20,92,59,170,57,59,55,9,16,9,7,72,46,26,290,132,158,22,5,17,430,217,213,46,31,15
53986407,2258,1181,1077,25,275,163,261,122,88,159,86,357,207,163,188,22,101,62,39,381,240,141,790,388,402,49,15,34,850,426,424,87,50,37
53986408,1682,884,798,15,184,118,222,63,71,122,60,261,144,154,137,18,77,35,42,325,218,107,596,293,303,51,24,27,576,284,292,57,30,27
53986409,59,31,28,0,11,7,5,5,0,3,4,9,4,2,2,0,2,2,0,18,11,7,24,10,14,1,0,1,13,7,6,1,1,0
53986410,315,161,154,3,48,22,47,10,13,24,10,44,24,18,28,5,17,10,7,74,46,28,102,49,53,9,0,9,108,54,54,5,2,3
3169200,0,0,0,0,0,0,0,0,0,0,0,0,0,0,0,0,0,0,0,0,0,0,0,0,0,0,0,0,0,0,0,0,0,0
3205440,0,0,0,0,0,0,0,0,0,0,0,0,0,0,0,0,0,0,0,0,0,0,0,0,0,0,0,0,0,0,0,0,0,0
3206090,0,0,0,0,0,0,0,0,0,0,0,0,0,0,0,0,0,0,0,0,0,0,0,0,0,0,0,0,0,0,0,0,0,0
53989901,391,209,182,3,29,29,55,32,12,33,26,59,23,29,38,0,10,5,5,54,39,15,139,70,69,5,0,5,177,90,87,6,5,1
53989905,363,198,165,2,38,22,35,34,9,46,22,64,20,19,29,6,8,5,3,50,33,17,117,63,54,9,2,7,169,89,80,10,6,4
53989906,2631,1380,1251,12,282,108,337,230,90,317,177,504,120,109,194,23,47,33,14,188,118,70,826,435,391,100,44,56,1357,689,668,113,61,52
53989907,1559,843,716,19,153,110,221,157,56,106,61,242,114,89,140,14,55,28,27,314,216,98,565,287,278,47,21,26,518,248,270,60,43,17
53989908,70,39,31,1,6,3,9,4,3,11,5,9,3,3,11,1,1,0,1,4,2,2,17,13,4,2,2,0,46,22,24,0,0,0
53989909,23,16,7,0,6,6,0,1,2,1,0,3,2,1,0,0,0,0,0,5,4,1,6,5,1,0,0,0,12,7,5,0,0,0
52930301,106,60,46,0,12,8,12,14,2,4,2,12,14,11,9,0,2,2,0,20,11,9,45,25,20,3,1,2,36,21,15,0,0,0
52930304,31,17,14,4,8,3,4,5,1,0,0,2,2,1,1,0,6,1,5,12,8,4,8,5,3,0,0,0,4,3,1,1,0,1
52930305,32,22,10,10,4,2,3,3,4,0,0,0,0,2,4,0,1,0,1,9,7,2,15,9,6,0,0,0,7,6,1,0,0,0
52930307,73,44,29,2,13,4,10,4,3,9,1,8,5,6,4,0,3,1,2,14,13,1,40,21,19,0,0,0,16,9,7,0,0,0
52930308,61,38,23,6,9,6,12,5,2,1,3,5,6,3,1,0,2,1,1,24,19,5,22,13,9,3,1,2,5,0,5,5,4,1
52930309,40,24,16,8,7,2,2,2,0,0,1,5,4,4,3,1,1,1,0,10,7,3,18,10,8,0,0,0,11,6,5,0,0,0
52930310,65,31,34,5,9,8,7,6,1,1,5,4,4,4,10,0,1,1,0,15,11,4,36,16,20,1,1,0,9,1,8,3,1,2
52930311,146,81,65,9,33,17,24,6,1,4,2,14,14,9,11,1,10,3,7,56,39,17,51,22,29,3,1,2,23,14,9,3,2,1
52930312,25,15,10,0,4,1,5,3,1,0,0,1,0,5,5,0,2,2,0,9,5,4,8,4,4,0,0,0,5,3,2,1,1,0
52930313,31,16,15,5,3,1,2,2,2,4,0,1,4,3,1,0,0,0,0,8,4,4,13,7,6,1,1,0,9,4,5,0,0,0
52930316,53,31,22,0,10,6,13,3,3,1,2,5,7,0,3,0,2,2,0,16,13,3,22,8,14,2,1,1,6,3,3,5,4,1
52930317,1050,532,518,18,229,79,139,86,49,37,25,88,89,72,96,5,63,34,29,308,172,136,442,208,234,24,8,16,162,77,85,51,33,18
52930318,1678,860,818,25,366,85,218,114,60,55,53,170,163,128,163,8,64,29,35,442,257,185,693,353,340,43,22,21,373,168,205,63,31,32
52930319,614,324,290,7,114,38,84,55,28,37,21,69,42,48,48,2,24,8,16,109,71,38,230,116,114,16,7,9,196,97,99,39,25,14
52930320,372,203,169,6,67,34,51,27,17,16,12,28,25,28,47,3,19,13,6,99,68,31,153,80,73,8,1,7,86,36,50,7,5,2
52930321,381,207,174,12,64,21,41,21,20,23,14,49,21,47,36,1,9,6,3,76,43,33,157,93,64,10,4,6,123,56,67,6,5,1
52930322,1776,952,824,39,350,130,291,115,87,63,54,146,139,104,156,13,95,50,45,429,239,190,705,376,329,47,14,33,386,195,191,114,78,36
52930323,150,84,66,1,48,16,15,12,3,1,3,18,9,5,16,0,5,4,1,42,28,14,51,25,26,6,3,3,37,20,17,9,4,5
52930325,691,358,333,14,97,42,102,44,19,41,15,80,60,80,59,7,19,8,11,130,83,47,289,147,142,15,4,11,226,108,118,12,8,4
52930326,1267,689,578,25,245,107,182,94,41,43,40,136,104,89,115,4,42,21,21,346,209,137,518,286,232,27,11,16,272,127,145,62,35,27
53256801,92,54,38,7,28,9,7,9,3,4,0,6,7,7,5,0,1,0,1,37,26,11,32,16,16,1,0,1,14,7,7,7,5,2
53074301,88,51,37,5,24,8,14,9,5,2,2,7,4,5,3,0,5,1,4,38,25,13,24,18,6,1,0,1,15,5,10,5,2,3
53074302,18,12,6,0,4,1,1,1,3,1,0,1,0,2,2,0,0,0,0,8,8,0,6,3,3,0,0,0,4,1,3,0,0,0
53238001,45,27,18,8,13,2,7,3,1,0,0,5,0,3,2,0,1,0,1,20,17,3,14,6,8,2,0,2,8,4,4,0,0,0
53209601,47,26,21,6,11,4,1,0,1,2,1,0,2,9,7,0,2,2,0,17,11,6,7,3,4,1,0,1,19,10,9,1,0,1
53292401,384,212,172,11,117,30,43,29,13,16,4,28,27,30,23,2,21,12,9,131,80,51,143,65,78,7,3,4,63,40,23,19,12,7
52945101,1186,641,545,41,328,96,151,83,30,38,27,87,90,82,72,11,65,42,23,377,232,145,461,238,223,30,9,21,198,86,112,55,34,21
52945103,73,40,33,3,18,6,6,9,3,2,1,5,7,4,6,0,3,1,2,22,16,6,28,13,15,2,1,1,18,9,9,0,0,0
52945104,32,23,9,4,7,4,2,6,2,0,0,1,1,2,3,0,0,0,0,16,15,1,9,5,4,2,1,1,5,2,3,0,0,0
52945105,8,4,4,3,0,0,0,0,1,0,0,0,2,0,2,0,0,0,0,0,0,0,5,3,2,1,0,1,2,1,1,0,0,0
52945106,79,47,32,1,24,8,9,6,3,3,0,8,6,7,2,0,4,1,3,22,15,7,25,19,6,0,0,0,28,12,16,0,0,0
52945107,198,109,89,8,45,17,22,12,8,12,7,19,15,8,17,0,10,3,7,54,37,17,86,37,49,2,1,1,41,28,13,5,3,2
52945110,104,58,46,11,38,2,17,4,2,3,1,7,6,4,5,0,4,2,2,39,30,9,42,20,22,2,0,2,16,5,11,1,1,0
52945111,172,102,70,7,39,21,19,16,4,5,4,12,14,12,11,0,1,0,1,57,45,12,66,37,29,3,2,1,41,15,26,4,3,1
52945112,38,22,16,7,10,4,2,2,0,0,0,2,2,1,7,0,1,0,1,10,7,3,16,11,5,1,0,1,8,3,5,2,1,1
52945113,37,23,14,4,4,2,5,4,3,0,2,3,5,1,0,0,0,0,0,12,8,4,15,10,5,0,0,0,4,1,3,6,4,2
52945114,34,20,14,2,5,4,7,2,2,0,0,2,0,2,5,0,1,0,1,17,11,6,12,7,5,0,0,0,4,2,2,0,0,0
52945115,45,26,19,2,12,5,8,3,2,0,0,4,2,2,2,0,0,0,0,17,13,4,16,6,10,0,0,0,4,2,2,8,5,3
52945116,121,68,53,11,32,13,14,12,3,1,4,8,5,2,11,0,8,5,3,60,43,17,41,14,27,2,2,0,8,2,6,2,2,0
52945117,44,21,23,2,7,5,2,1,0,1,3,7,3,7,5,0,0,0,0,10,9,1,15,4,11,1,1,0,18,7,11,0,0,0
52945118,32,19,13,2,7,4,3,4,1,1,0,5,0,0,4,0,0,0,0,15,10,5,11,6,5,1,1,0,5,2,3,0,0,0
52945119,3,2,1,0,0,0,0,1,0,0,0,0,0,0,1,0,0,0,0,2,2,0,0,0,0,0,0,0,1,0,1,0,0,0
52945121,23,14,9,3,8,1,3,0,0,2,1,0,1,0,2,0,0,0,0,7,4,3,13,7,6,1,1,0,2,2,0,0,0,0
52945122,17,10,7,1,2,2,2,2,0,1,0,2,0,1,2,0,1,0,1,6,5,1,7,3,4,0,0,0,3,2,1,0,0,0
52945123,54,29,25,5,15,4,6,4,1,0,2,2,2,8,3,0,1,0,1,17,10,7,21,13,8,2,2,0,12,3,9,1,1,0
52945124,17,12,5,1,8,0,1,0,1,1,0,2,0,0,2,0,2,2,0,5,4,1,7,4,3,0,0,0,3,2,1,0,0,0
52945128,21,12,9,1,5,3,3,1,0,0,0,0,1,1,4,0,0,0,0,4,3,1,12,7,5,0,0,0,5,2,3,0,0,0
53269001,78,46,32,5,31,1,11,5,1,5,0,1,4,4,7,0,1,1,0,23,17,6,38,19,19,1,0,1,13,8,5,2,1,1
53269002,13,7,6,0,1,0,2,1,2,0,0,0,1,3,1,0,1,1,0,3,2,1,2,0,2,0,0,0,7,4,3,0,0,0
52947801,34,21,13,0,8,3,6,1,2,4,0,3,3,0,0,0,1,1,0,9,8,1,16,8,8,0,0,0,8,4,4,0,0,0
52947802,19,11,8,1,6,1,2,1,0,1,1,1,2,1,2,0,1,0,1,5,4,1,10,6,4,0,0,0,3,1,2,0,0,0
52947803,14,7,7,0,2,1,1,1,1,0,1,2,2,1,2,0,1,1,0,0,0,0,8,3,5,0,0,0,5,3,2,0,0,0
52948601,473,264,209,76,125,29,55,26,9,11,6,24,40,33,28,1,16,5,11,175,121,54,186,98,88,7,0,7,72,30,42,17,10,7
52948602,13,8,5,4,3,1,1,0,0,1,0,2,0,0,1,0,0,0,0,8,6,2,3,0,3,0,0,0,2,2,0,0,0,0
52948604,23,17,6,5,4,6,2,0,0,0,0,1,4,0,1,0,1,0,1,10,9,1,8,6,2,0,0,0,4,2,2,0,0,0
52948605,20,13,7,5,4,3,0,2,0,0,1,1,2,1,1,0,0,0,0,9,7,2,8,5,3,0,0,0,3,1,2,0,0,0
52948607,60,35,25,10,16,1,10,4,1,1,1,5,5,4,0,0,2,1,1,22,16,6,26,13,13,0,0,0,8,3,5,2,2,0
52948608,13,10,3,3,3,0,4,0,1,0,0,0,0,1,1,0,0,0,0,5,5,0,6,3,3,1,1,0,1,1,0,0,0,0
52948609,23,12,11,3,5,1,5,1,0,0,1,2,4,1,0,0,0,0,0,5,4,1,8,3,5,0,0,0,6,2,4,4,3,1
52948612,50,28,22,14,11,2,3,3,1,1,0,2,5,3,4,0,1,0,1,22,17,5,20,9,11,0,0,0,7,2,5,0,0,0
52948613,11,7,4,1,3,1,1,2,0,0,0,2,0,0,1,0,0,0,0,2,2,0,8,4,4,0,0,0,1,1,0,0,0,0
52951601,134,78,56,1,27,11,21,11,7,7,6,12,3,6,11,1,5,1,4,41,30,11,45,22,23,2,1,1,34,17,17,7,7,0
52951602,1159,631,528,18,215,94,167,143,38,46,26,110,61,94,103,4,68,37,31,315,202,113,422,217,205,25,11,14,274,130,144,55,34,21
52951603,242,139,103,5,33,16,39,19,7,21,8,34,16,22,18,0,4,1,3,54,36,18,86,47,39,7,5,2,84,46,38,7,4,3
52953201,99,61,38,9,23,13,9,5,3,3,0,7,6,5,8,0,7,4,3,35,30,5,39,20,19,2,2,0,12,2,10,4,3,1
52953202,31,19,12,5,6,3,3,2,0,1,1,1,3,3,3,0,0,0,0,9,8,1,16,9,7,0,0,0,6,2,4,0,0,0
52953203,20,12,8,2,2,4,3,0,0,0,1,0,1,1,4,1,1,1,0,5,4,1,11,5,6,0,0,0,3,2,1,0,0,0
52954101,24,14,10,0,2,6,2,4,0,0,2,4,1,1,2,0,0,0,0,8,5,3,5,3,2,0,0,0,9,5,4,2,1,1
52954102,7,5,2,1,2,0,0,0,1,0,0,2,0,0,0,0,0,0,0,3,3,0,3,2,1,0,0,0,1,0,1,0,0,0
52954104,47,25,22,3,7,2,5,5,1,0,1,9,4,1,6,0,2,1,1,14,9,5,18,8,10,0,0,0,12,6,6,1,1,0
52956701,301,157,144,5,35,34,50,16,10,22,13,39,18,23,25,2,7,2,5,62,48,14,119,56,63,4,2,2,101,46,55,8,3,5
52956702,127,67,60,1,15,12,23,6,5,9,2,15,10,8,10,1,4,2,2,29,18,11,59,30,29,1,1,0,33,16,17,1,0,1
53274601,25,17,8,8,5,1,3,1,0,0,0,1,3,1,1,0,0,0,0,10,9,1,12,7,5,0,0,0,3,1,2,0,0,0
52962101,40,19,21,1,7,10,4,3,1,1,1,4,0,4,2,0,0,0,0,12,10,2,14,5,9,3,1,2,9,2,7,2,1,1
52962102,639,340,299,24,139,47,80,57,24,16,17,48,61,54,40,3,38,21,17,168,102,66,251,126,125,15,9,6,141,64,77,26,18,8
52962103,17,10,7,1,1,1,1,3,1,1,0,3,1,0,1,1,3,3,0,3,3,0,5,1,4,0,0,0,1,0,1,5,3,2
52962104,41,23,18,2,7,4,12,6,3,0,1,1,0,2,2,0,0,0,0,18,12,6,16,7,9,1,0,1,4,2,2,2,2,0
52962105,31,18,13,3,2,4,3,3,0,2,0,6,3,2,3,0,2,0,2,11,9,2,13,6,7,1,0,1,4,3,1,0,0,0
52962106,38,25,13,3,5,0,9,4,2,2,0,7,1,3,2,0,1,0,1,13,8,5,16,12,4,1,1,0,4,2,2,3,2,1
52962107,21,13,8,1,5,2,4,2,1,1,0,3,0,1,0,0,0,0,0,6,6,0,10,5,5,0,0,0,2,1,1,3,1,2
52962108,19,12,7,1,2,0,2,3,0,1,1,4,0,2,3,0,1,0,1,7,6,1,5,4,1,0,0,0,6,2,4,0,0,0
0293430,0,0,0,0,0,0,0,0,0,0,0,0,0,0,0,0,0,0,0,0,0,0,0,0,0,0,0,0,0,0,0,0,0,0
52964801,297,168,129,27,103,15,27,28,12,2,4,19,22,19,14,0,4,3,1,109,69,40,131,68,63,8,4,4,39,18,21,6,6,0
52964802,51,31,20,7,18,2,7,4,2,1,0,1,2,5,2,0,2,1,1,19,15,4,21,10,11,3,1,2,6,4,2,0,0,0
52964803,47,26,21,9,15,1,4,1,1,1,1,3,4,5,0,1,2,1,1,20,13,7,17,9,8,0,0,0,7,2,5,1,1,0
52964804,7,4,3,1,0,0,2,0,1,2,1,0,0,0,0,0,0,0,0,2,1,1,4,3,1,0,0,0,1,0,1,0,0,0
52964805,24,15,9,5,5,2,1,0,1,1,0,4,0,1,1,0,1,0,1,11,8,3,8,6,2,0,0,0,4,1,3,0,0,0
53215101,56,30,26,10,7,9,3,3,2,1,3,8,2,1,4,0,2,0,2,16,10,6,29,14,15,1,0,1,6,4,2,2,2,0
53284301,25,15,10,7,7,0,3,2,0,1,0,0,3,2,0,0,1,0,1,13,10,3,10,4,6,0,0,0,0,0,0,1,1,0
52970201,46,25,21,3,12,2,1,8,2,0,1,2,11,1,1,0,4,2,2,17,12,5,22,10,12,0,0,0,3,1,2,0,0,0
52970202,16,8,8,6,3,0,1,0,2,0,0,1,1,0,0,0,0,0,0,9,5,4,4,3,1,2,0,2,1,0,1,0,0,0
52970203,160,89,71,7,46,25,14,14,11,3,0,11,5,5,12,1,8,2,6,62,43,19,63,36,27,4,1,3,15,3,12,8,4,4
52970206,42,25,17,5,15,2,4,4,1,2,1,3,3,1,0,0,3,3,0,19,12,7,13,8,5,2,0,2,2,0,2,3,2,1
52970208,12,10,2,2,1,1,1,2,1,0,0,1,0,2,0,0,0,0,0,5,5,0,5,3,2,0,0,0,2,2,0,0,0,0
52970209,23,14,9,6,10,0,0,0,1,0,0,0,0,1,5,0,0,0,0,12,9,3,5,3,2,0,0,0,3,2,1,3,0,3
52970210,42,23,19,2,9,3,4,6,1,0,1,3,3,3,7,0,0,0,0,14,10,4,18,11,7,2,0,2,8,2,6,0,0,0
52970213,12,8,4,1,4,5,0,0,0,1,0,1,0,0,0,0,2,2,0,1,1,0,5,4,1,0,0,0,4,1,3,0,0,0
53293201,11,8,3,4,3,1,1,1,0,0,0,0,0,1,0,0,0,0,0,6,5,1,3,2,1,0,0,0,2,1,1,0,0,0
52973701,120,66,54,11,43,13,11,2,1,1,3,4,7,8,9,1,5,2,3,44,33,11,46,21,25,3,1,2,20,8,12,2,1,1
52973702,11,6,5,2,1,1,2,1,1,0,0,0,0,1,1,0,0,0,0,6,4,2,4,2,2,0,0,0,1,0,1,0,0,0
52974501,195,114,81,6,31,20,24,20,12,8,7,22,12,11,13,1,11,5,6,64,49,15,84,42,42,4,1,3,25,13,12,7,4,3
53288601,103,61,42,5,33,6,21,6,1,3,1,5,7,7,5,0,8,3,5,39,33,6,40,19,21,2,2,0,13,3,10,1,1,0
53287801,23,16,7,2,3,6,3,1,0,0,1,1,3,0,1,0,0,0,0,14,10,4,6,4,2,0,0,0,2,1,1,1,1,0
53204501,74,39,35,3,11,13,6,7,1,6,2,5,3,7,7,1,1,1,0,25,17,8,26,12,14,3,2,1,18,6,12,1,1,0
53204502,60,34,26,1,14,5,6,5,7,1,2,6,5,4,4,0,0,0,0,17,9,8,28,18,10,2,0,2,6,3,3,7,4,3
53204503,93,52,41,5,14,6,11,6,2,4,8,7,10,10,5,1,1,1,0,22,14,8,32,18,14,3,2,1,33,16,17,2,1,1
52977001,62,40,22,12,22,5,3,1,2,1,0,5,5,2,4,0,0,0,0,20,13,7,30,19,11,0,0,0,10,8,2,2,0,2
52978801,79,44,35,11,29,5,6,1,0,2,1,4,6,7,6,1,0,0,0,30,22,8,28,12,16,2,1,1,19,9,10,0,0,0
52979601,385,211,174,3,76,36,49,41,21,15,15,40,25,29,21,3,14,8,6,103,70,33,161,74,87,14,9,5,81,40,41,12,10,2
52979602,46,29,17,0,8,1,6,6,1,2,2,6,4,3,5,0,3,2,1,11,9,2,24,13,11,0,0,0,6,3,3,2,2,0
52979603,52,31,21,1,9,4,10,3,8,1,1,3,4,3,4,0,2,1,1,17,13,4,19,10,9,1,1,0,8,3,5,5,3,2
52979604,25,16,9,0,6,3,2,4,0,2,2,1,0,1,2,1,1,1,0,13,10,3,10,5,5,0,0,0,1,0,1,0,0,0
52979605,51,26,25,0,11,4,4,4,1,1,2,8,4,2,4,0,5,2,3,15,10,5,23,11,12,3,0,3,5,3,2,0,0,0
52979606,31,20,11,3,5,6,2,6,1,1,1,1,3,2,0,0,2,2,0,8,6,2,13,8,5,0,0,0,6,2,4,2,2,0
52979607,60,40,20,5,14,5,7,5,4,2,0,8,4,3,1,1,3,0,3,22,18,4,27,19,8,0,0,0,8,3,5,0,0,0
52979608,29,17,12,0,12,1,2,3,2,0,1,3,1,1,2,1,5,3,2,16,9,7,4,3,1,0,0,0,2,0,2,2,2,0
53260601,33,21,12,3,8,4,5,2,1,1,0,0,4,0,3,0,2,2,0,13,8,5,14,8,6,0,0,0,3,3,0,1,0,1
52981801,236,129,107,25,59,24,18,19,6,5,3,19,14,24,13,1,9,4,5,74,52,22,97,43,54,6,3,3,34,14,20,16,13,3
52981802,29,14,15,1,9,1,3,1,1,1,0,2,3,3,2,0,1,1,0,9,6,3,9,4,5,0,0,0,9,3,6,1,0,1
52981803,49,27,22,6,9,6,7,3,4,1,1,2,3,5,1,0,4,4,0,18,11,7,20,10,10,1,0,1,4,2,2,2,0,2
52981804,14,8,6,4,2,0,1,0,0,1,0,1,0,2,2,0,1,0,1,4,3,1,5,2,3,1,1,0,3,2,1,0,0,0
53203701,24,13,11,2,2,2,4,1,1,0,0,3,0,2,4,1,0,0,0,9,7,2,7,2,5,2,1,1,6,3,3,0,0,0
53203702,83,47,36,7,21,6,15,2,1,0,4,4,9,2,9,0,4,2,2,24,18,6,39,20,19,0,0,0,11,4,7,5,3,2
53203703,18,11,7,0,8,1,3,1,1,0,0,0,0,1,1,0,0,0,0,12,10,2,5,1,4,0,0,0,1,0,1,0,0,0
52984201,25,15,10,3,5,0,3,3,0,0,0,6,0,0,3,0,1,1,0,15,10,5,4,3,1,0,0,0,3,1,2,2,0,2
52984203,221,114,107,22,31,22,23,11,6,3,2,13,18,19,41,4,12,7,5,85,54,31,86,36,50,4,0,4,29,13,16,5,4,1
52984204,20,9,11,5,3,2,0,1,1,0,0,2,2,1,1,0,0,0,0,6,3,3,6,3,3,1,0,1,7,3,4,0,0,0
52984205,13,8,5,1,4,1,2,1,0,0,1,1,0,1,1,0,0,0,0,7,5,2,4,2,2,0,0,0,2,1,1,0,0,0
52984206,32,18,14,6,8,4,3,2,1,0,0,2,1,0,4,0,0,0,0,14,8,6,13,8,5,1,0,1,3,1,2,1,1,0
52984207,14,8,6,4,3,1,1,1,0,0,0,1,0,0,3,0,0,0,0,9,6,3,5,2,3,0,0,0,0,0,0,0,0,0
52984208,16,11,5,1,4,0,0,2,2,1,0,2,0,1,3,0,0,0,0,4,3,1,7,5,2,0,0,0,4,2,2,1,1,0
52984209,57,34,23,3,8,2,1,1,1,1,1,1,7,3,28,0,12,9,3,17,12,5,19,8,11,0,0,0,9,5,4,0,0,0
52985101,56,34,22,11,15,4,5,4,0,2,1,4,1,4,4,0,2,2,0,20,11,9,26,16,10,0,0,0,8,5,3,0,0,0
53213401,36,21,15,7,9,2,0,4,1,0,0,5,2,1,2,0,0,0,0,15,11,4,12,6,6,0,0,0,6,2,4,3,2,1
53213402,23,15,8,4,6,4,4,1,2,1,0,1,0,0,0,0,0,0,0,13,11,2,5,1,4,0,0,0,4,2,2,1,1,0
53103101,21,13,8,7,6,2,4,0,0,0,0,0,0,0,2,0,0,0,0,11,5,6,8,6,2,1,1,0,1,1,0,0,0,0
53103103,51,31,20,9,12,7,4,3,1,1,2,3,3,1,4,0,0,0,0,18,13,5,21,12,9,1,1,0,10,4,6,1,1,0
52990701,84,54,30,13,36,7,7,3,2,0,0,3,4,5,3,1,2,2,0,40,26,14,32,19,13,0,0,0,8,6,2,2,1,1
52990702,14,10,4,3,3,5,0,0,1,0,0,1,0,0,1,0,1,1,0,5,3,2,2,1,1,0,0,0,4,3,1,2,2,0
53308401,144,82,62,5,38,5,13,6,6,2,3,11,8,4,40,0,4,0,4,40,31,9,50,26,24,5,2,3,37,17,20,8,6,2
52993101,45,27,18,5,14,5,6,2,0,0,0,2,6,3,1,0,2,1,1,20,14,6,12,6,6,0,0,0,8,4,4,3,2,1
52993102,208,119,89,16,71,10,22,10,12,3,3,15,16,16,10,1,7,5,2,76,48,28,76,43,33,7,2,5,33,15,18,9,6,3
52993103,20,9,11,4,3,2,0,0,0,0,1,2,1,4,2,0,1,1,0,5,3,2,7,2,5,1,1,0,5,1,4,1,1,0
52994001,32,19,13,1,7,8,6,0,1,1,1,3,2,1,1,0,1,1,0,13,7,6,12,8,4,1,0,1,2,1,1,3,2,1
52994002,160,90,70,4,23,21,31,9,3,6,11,21,16,9,3,1,7,3,4,51,33,18,64,31,33,2,1,1,31,19,12,5,3,2
52994003,15,9,6,0,3,1,2,0,0,2,0,1,2,1,2,0,0,0,0,5,3,2,6,5,1,1,0,1,3,1,2,0,0,0
52995801,436,244,192,15,96,38,59,27,6,26,11,40,27,29,27,1,14,6,8,132,93,39,172,84,88,13,6,7,86,40,46,19,15,4
52995802,68,37,31,1,13,4,3,6,6,1,1,1,6,2,22,1,4,2,2,22,18,4,27,9,18,1,0,1,13,7,6,1,1,0
52995803,33,20,13,14,7,1,1,1,0,1,0,0,1,1,4,1,3,2,1,9,9,0,13,7,6,0,0,0,6,1,5,2,1,1
52997401,110,67,43,4,20,14,21,5,6,2,0,15,8,7,4,0,5,3,2,49,34,15,33,15,18,1,0,1,15,8,7,7,7,0
52997402,48,29,19,3,11,6,6,5,1,0,0,5,2,1,3,0,1,1,0,22,16,6,15,8,7,1,0,1,7,3,4,2,1,1
52997403,59,32,27,1,10,2,10,5,2,2,2,6,4,6,4,1,3,2,1,16,11,5,30,15,15,0,0,0,10,4,6,0,0,0
52997404,53,30,23,9,8,1,8,3,4,1,1,7,3,2,1,1,4,3,1,22,16,6,20,7,13,1,0,1,6,4,2,0,0,0
52999101,47,27,20,5,12,8,2,3,0,1,0,2,4,2,8,0,1,1,0,22,16,6,20,8,12,0,0,0,4,2,2,0,0,0
52999102,22,10,12,4,1,0,6,2,1,0,0,1,1,2,4,0,0,0,0,6,2,4,11,6,5,2,1,1,3,1,2,0,0,0
52999103,38,20,18,2,13,2,4,0,4,0,2,4,5,1,1,0,0,0,0,16,11,5,15,7,8,1,1,0,6,1,5,0,0,0
52999104,132,71,61,16,27,15,18,4,6,2,2,7,12,5,14,1,8,6,2,61,37,24,43,20,23,1,0,1,14,5,9,5,3,2
52999105,37,20,17,4,9,7,1,3,1,1,2,2,1,3,3,0,1,0,1,17,13,4,10,4,6,0,0,0,9,3,6,0,0,0
52999106,16,9,7,3,5,2,0,1,1,0,0,3,0,0,0,0,0,0,0,10,6,4,5,3,2,0,0,0,1,0,1,0,0,0
52999108,48,30,18,1,15,5,5,2,2,0,0,5,4,1,6,1,2,1,1,17,14,3,20,12,8,3,1,2,6,2,4,0,0,0
52999109,17,3,14,1,12,0,1,0,0,0,0,0,0,0,2,0,0,0,0,1,1,0,8,1,7,1,0,1,7,1,6,0,0,0
52999110,16,12,4,0,2,0,3,0,7,0,0,0,3,0,0,0,0,0,0,5,3,2,10,9,1,0,0,0,1,0,1,0,0,0
52999112,46,22,24,3,11,3,3,0,3,0,0,7,3,6,6,0,0,0,0,21,12,9,17,8,9,1,0,1,7,2,5,0,0,0
52999114,19,8,11,4,3,0,2,0,1,0,0,1,1,1,6,0,1,1,0,8,4,4,8,2,6,1,0,1,1,1,0,0,0,0
0764141,0,0,0,0,0,0,0,0,0,0,0,0,0,0,0,0,0,0,0,0,0,0,0,0,0,0,0,0,0,0,0,0,0,0
53000001,189,110,79,15,70,15,14,15,8,5,0,13,16,5,8,1,7,4,3,85,56,29,54,33,21,4,0,4,26,9,17,13,8,5
53000002,16,9,7,3,2,3,2,0,4,1,0,0,0,1,0,0,0,0,0,10,6,4,3,3,0,0,0,0,3,0,3,0,0,0
53002601,40,26,14,6,11,4,3,2,2,2,0,2,2,1,3,0,1,0,1,16,12,4,14,8,6,2,1,1,6,4,2,1,1,0
53005101,194,113,81,6,34,14,28,14,13,6,5,19,15,15,14,1,14,11,3,63,43,20,65,32,33,4,0,4,37,22,15,11,5,6
53005102,15,9,6,0,0,1,1,1,3,1,0,2,2,0,0,1,1,1,0,3,3,0,4,1,3,0,0,0,6,3,3,1,1,0
53005103,13,8,5,0,4,1,1,1,1,1,0,0,1,0,2,0,0,0,0,7,5,2,3,2,1,0,0,0,3,1,2,0,0,0
53005104,212,129,83,6,59,22,22,19,4,6,4,24,12,12,14,2,11,7,4,88,65,23,67,34,33,7,4,3,33,15,18,6,4,2
53005105,17,11,6,0,6,2,4,1,1,0,1,1,0,1,0,0,0,0,0,5,5,0,7,3,4,0,0,0,4,2,2,1,1,0
53006901,111,66,45,13,31,12,9,6,7,3,2,8,10,4,2,0,8,4,4,46,28,18,35,19,16,3,1,2,15,10,5,4,4,0
53225801,31,18,13,0,5,5,3,3,3,1,2,3,2,1,1,0,1,1,0,12,8,4,11,4,7,1,1,0,4,3,1,2,1,1
53009301,50,31,19,9,14,2,11,4,0,2,0,4,3,1,0,0,0,0,0,18,12,6,16,7,9,2,1,1,13,10,3,1,1,0
53009302,81,51,30,9,30,6,7,3,8,0,0,6,3,7,0,1,5,3,2,26,20,6,36,21,15,3,1,2,8,4,4,3,2,1
53009303,37,21,16,9,13,3,3,1,1,0,1,2,2,0,2,0,1,1,0,16,10,6,13,7,6,2,2,0,5,1,4,0,0,0
53009304,10,6,4,2,2,0,0,1,0,2,1,0,0,1,0,0,0,0,0,2,1,1,3,2,1,0,0,0,4,2,2,1,1,0
53009305,31,19,12,3,10,6,3,1,4,1,0,0,2,0,1,0,0,0,0,16,11,5,11,6,5,1,0,1,2,2,0,1,0,1
53009306,17,13,4,5,3,0,0,4,0,0,0,0,3,0,1,0,1,1,0,6,5,1,5,2,3,0,0,0,4,4,0,1,1,0
53009307,46,22,24,1,20,2,2,2,3,2,0,4,2,4,2,1,3,3,0,21,9,12,13,6,7,2,1,1,4,2,2,3,1,2
53009308,11,9,2,1,6,1,0,0,0,0,0,1,2,0,0,0,0,0,0,6,5,1,5,4,1,0,0,0,0,0,0,0,0,0
53010701,18,9,9,2,4,0,5,1,1,0,2,0,1,0,2,0,0,0,0,4,4,0,14,5,9,0,0,0,0,0,0,0,0,0
53010702,268,150,118,35,71,14,25,17,12,6,3,15,19,26,16,3,11,1,10,95,70,25,93,44,49,6,3,3,46,20,26,17,12,5
53010704,8,5,3,0,6,0,0,1,0,0,0,0,1,0,0,0,0,0,0,5,3,2,2,2,0,0,0,0,1,0,1,0,0,0
53219301,129,75,54,5,23,9,13,13,3,8,4,11,9,9,11,0,4,3,1,31,21,10,62,32,30,6,3,3,20,12,8,6,4,2
53219302,117,65,52,6,11,9,21,6,10,5,1,13,10,9,7,0,2,2,0,22,16,6,47,24,23,1,1,0,41,19,22,4,3,1
1901282,0,0,0,0,0,0,0,0,0,0,0,0,0,0,0,0,0,0,0,0,0,0,0,0,0,0,0,0,0,0,0,0,0,0
53011501,140,74,66,10,34,10,12,8,6,2,3,13,14,12,14,1,4,3,1,51,38,13,54,21,33,4,0,4,21,9,12,6,3,3
53011502,24,14,10,1,4,5,1,0,3,1,1,4,1,1,1,0,2,1,1,10,7,3,7,3,4,0,0,0,5,3,2,0,0,0
53011504,18,10,8,5,3,1,4,0,1,0,1,0,1,0,0,1,0,0,0,6,4,2,6,1,5,0,0,0,4,3,1,2,2,0
53011505,16,9,7,1,3,5,1,0,1,0,0,2,0,0,1,0,1,0,1,10,7,3,1,0,1,0,0,0,4,2,2,0,0,0
53011506,15,7,8,1,5,0,2,3,1,0,1,0,1,1,0,0,2,0,2,9,6,3,4,1,3,0,0,0,0,0,0,0,0,0
53011507,21,10,11,7,5,0,3,1,0,0,0,1,2,0,1,0,1,0,1,10,6,4,7,4,3,1,0,1,2,0,2,0,0,0
53011508,16,11,5,0,4,4,2,0,0,0,1,1,0,1,3,0,0,0,0,8,6,2,4,2,2,0,0,0,3,2,1,1,1,0
53011509,12,8,4,0,4,1,1,1,1,0,0,0,3,0,1,0,0,0,0,7,5,2,3,2,1,0,0,0,2,1,1,0,0,0
53011510,25,12,13,2,3,2,0,1,0,0,0,8,2,1,5,0,0,0,0,3,1,2,8,4,4,0,0,0,13,6,7,1,1,0
53011512,51,33,18,7,9,6,2,5,1,0,1,3,4,1,10,0,3,3,0,23,19,4,18,8,10,1,0,1,3,1,2,3,2,1
53011517,10,4,6,0,2,1,1,0,2,0,0,1,0,1,2,0,0,0,0,4,2,2,4,2,2,0,0,0,2,0,2,0,0,0
53015801,24,12,12,5,4,1,3,2,0,0,0,1,1,1,5,0,0,0,0,12,8,4,10,4,6,0,0,0,2,0,2,0,0,0
53015802,100,58,42,11,21,3,7,8,8,5,1,9,10,10,5,0,4,2,2,35,29,6,40,20,20,1,0,1,16,5,11,4,2,2
53015803,47,27,20,6,8,8,7,5,2,0,0,2,1,1,3,0,1,0,1,22,15,7,13,6,7,4,2,2,4,2,2,3,2,1
53015804,13,7,6,2,1,2,3,1,0,1,0,1,1,1,0,0,0,0,0,7,6,1,4,1,3,1,0,1,1,0,1,0,0,0
53016601,10,7,3,2,2,1,1,0,1,0,1,2,0,0,0,0,0,0,0,5,4,1,2,1,1,0,0,0,3,2,1,0,0,0
53016602,301,171,130,22,73,38,37,16,11,8,4,26,19,25,16,1,11,7,4,124,84,40,108,62,46,8,1,7,44,13,31,6,4,2
53016604,26,16,10,2,9,2,1,2,0,1,1,1,0,2,1,1,1,1,0,14,8,6,6,3,3,1,0,1,0,0,0,4,4,0
53016606,9,7,2,4,2,0,0,0,0,0,0,0,2,1,0,0,1,1,0,5,4,1,2,1,1,0,0,0,1,1,0,0,0,0
53016607,14,9,5,3,4,2,0,1,1,0,0,1,2,0,0,0,1,1,0,6,4,2,6,4,2,0,0,0,1,0,1,0,0,0
53016610,32,21,11,9,9,2,3,1,1,1,1,0,0,2,2,0,0,0,0,17,13,4,12,7,5,0,0,0,2,1,1,1,0,1
53017401,103,66,37,15,22,4,13,3,5,6,2,11,7,4,3,0,2,0,2,31,24,7,49,28,21,3,3,0,15,9,6,3,2,1
53019101,103,66,37,19,39,8,14,3,1,0,1,3,3,6,5,0,1,1,0,50,35,15,35,21,14,0,0,0,16,8,8,1,1,0
53020401,33,20,13,0,4,5,5,6,0,3,0,4,1,2,2,0,1,0,1,9,6,3,13,8,5,2,2,0,7,4,3,1,0,1
53020402,344,196,148,9,75,39,42,24,14,16,6,33,29,24,20,1,8,4,4,90,59,31,135,77,58,6,2,4,93,45,48,12,9,3
53020404,71,38,33,3,17,8,9,3,2,0,4,5,6,3,7,1,2,0,2,25,14,11,27,17,10,3,1,2,13,6,7,1,0,1
1499690,0,0,0,0,0,0,0,0,0,0,0,0,0,0,0,0,0,0,0,0,0,0,0,0,0,0,0,0,0,0,0,0,0,0
53021201,36,23,13,6,12,4,0,1,0,0,0,5,1,7,0,0,0,0,0,12,9,3,12,9,3,0,0,0,10,4,6,2,1,1
53021202,24,17,7,10,9,3,0,1,1,0,0,0,0,0,0,0,0,0,0,8,6,2,10,6,4,0,0,0,2,2,0,4,3,1
53021203,37,23,14,12,16,1,2,1,1,1,0,0,1,2,0,0,5,2,3,15,11,4,15,8,7,0,0,0,2,2,0,0,0,0
53021204,338,206,132,55,91,29,32,22,17,4,3,14,16,32,15,1,23,13,10,145,101,44,111,61,50,6,5,1,35,17,18,18,9,9
53021205,17,11,6,5,3,2,2,1,1,0,0,0,1,0,0,0,1,0,1,6,6,0,9,5,4,0,0,0,1,0,1,0,0,0
53021206,14,8,6,6,6,0,1,1,0,0,0,0,0,0,0,0,2,1,1,8,4,4,3,2,1,0,0,0,1,1,0,0,0,0
53021207,16,9,7,3,4,0,1,1,2,0,0,1,3,1,0,0,1,0,1,6,4,2,5,3,2,0,0,0,4,2,2,0,0,0
53021208,19,12,7,1,7,1,2,0,1,0,0,0,0,2,4,1,1,1,0,5,3,2,8,5,3,1,0,1,4,3,1,0,0,0
53021209,10,9,1,4,3,2,0,0,1,0,0,0,0,0,0,0,1,1,0,7,6,1,2,2,0,0,0,0,0,0,0,0,0,0
53026301,120,72,48,1,22,11,19,9,5,4,2,20,7,8,8,2,11,7,4,32,24,8,40,22,18,1,0,1,33,17,16,3,2,1
53026302,275,142,133,6,32,30,40,18,24,7,10,32,17,18,28,0,17,4,13,80,54,26,122,53,69,1,0,1,41,21,20,14,10,4
53026303,11,5,6,2,2,0,2,1,1,1,0,0,1,0,0,0,0,0,0,4,2,2,4,2,2,0,0,0,3,1,2,0,0,0
53029801,29,15,14,0,8,2,3,1,2,0,1,1,1,7,3,0,2,2,0,9,5,4,11,6,5,1,0,1,6,2,4,0,0,0
53029802,15,7,8,2,0,1,2,1,0,1,1,1,0,1,2,0,1,1,0,6,2,4,5,3,2,0,0,0,3,1,2,0,0,0
53029803,494,270,224,22,120,34,77,39,22,16,11,48,20,37,33,3,16,9,7,195,128,67,191,90,101,4,0,4,68,30,38,20,13,7
53029804,12,5,7,4,1,0,2,0,0,0,0,2,0,2,0,0,0,0,0,5,3,2,1,0,1,0,0,0,4,1,3,2,1,1
53029805,15,10,5,5,5,0,0,0,1,0,0,3,0,0,0,0,0,0,0,7,4,3,6,5,1,0,0,0,1,0,1,1,1,0
53029806,11,7,4,1,2,0,0,1,1,1,0,1,2,0,1,0,1,1,0,3,2,1,4,2,2,0,0,0,3,2,1,0,0,0
53030101,16,10,6,0,3,4,2,1,0,0,0,0,1,1,3,0,0,0,0,8,7,1,6,2,4,1,0,1,1,1,0,0,0,0
53030102,12,7,5,4,2,1,1,0,1,0,0,0,0,1,2,0,2,0,2,6,4,2,3,3,0,0,0,0,1,0,1,0,0,0
53030103,12,8,4,2,5,0,0,0,0,0,0,2,0,0,2,0,0,0,0,4,3,1,5,3,2,1,1,0,2,1,1,0,0,0
53030104,11,5,6,0,6,0,2,0,1,0,0,0,0,1,1,0,0,0,0,8,5,3,3,0,3,0,0,0,0,0,0,0,0,0
53030105,18,12,6,6,0,6,1,1,0,0,0,0,1,2,0,0,0,0,0,4,2,2,9,7,2,1,0,1,4,3,1,0,0,0
53030106,34,19,15,4,7,4,4,6,0,0,0,3,1,1,4,0,1,1,0,19,11,8,9,4,5,0,0,0,2,2,0,3,1,2
53030107,18,10,8,2,4,1,3,1,0,0,0,3,0,1,1,1,0,0,0,8,5,3,4,1,3,1,0,1,3,2,1,2,2,0
53030108,92,59,33,10,18,8,8,11,6,1,1,6,9,3,6,4,4,4,0,40,32,8,30,12,18,1,1,0,7,1,6,10,9,1
53030109,22,11,11,6,2,3,2,1,0,2,0,2,2,0,2,0,0,0,0,7,5,2,7,3,4,3,2,1,5,1,4,0,0,0
53030116,12,7,5,1,1,1,0,0,0,1,0,1,4,3,0,0,0,0,0,4,3,1,5,3,2,1,1,0,2,0,2,0,0,0
1358101,0,0,0,0,0,0,0,0,0,0,0,0,0,0,0,0,0,0,0,0,0,0,0,0,0,0,0,0,0,0,0,0,0,0
53031001,16,10,6,1,3,0,2,1,1,0,0,2,3,2,1,0,1,0,1,10,6,4,5,4,1,0,0,0,0,0,0,0,0,0
53031002,42,19,23,10,2,2,2,2,4,0,2,2,2,3,10,0,0,0,0,17,9,8,16,6,10,1,1,0,6,3,3,2,0,2
53031003,23,17,6,2,4,4,3,0,3,1,1,2,1,1,1,0,0,0,0,12,11,1,7,3,4,0,0,0,4,3,1,0,0,0
53031004,36,19,17,3,12,0,2,4,4,1,2,1,2,2,2,0,0,0,0,14,8,6,15,8,7,1,0,1,4,2,2,2,1,1
53031005,85,53,32,6,10,9,22,0,12,3,2,3,5,5,5,0,2,0,2,36,28,8,34,17,17,1,0,1,8,4,4,4,4,0
53031006,35,19,16,1,1,4,5,4,3,3,0,7,1,1,3,0,5,3,2,10,5,5,14,9,5,0,0,0,6,2,4,0,0,0
53031007,32,16,16,10,4,1,4,1,2,0,0,0,1,2,6,0,0,0,0,18,9,9,7,4,3,1,0,1,5,2,3,1,1,0
53031008,12,7,5,7,4,0,0,0,0,0,0,0,0,1,0,0,1,0,1,6,5,1,4,2,2,0,0,0,1,0,1,0,0,0
53031009,58,31,27,12,9,5,5,0,2,2,2,7,2,3,7,1,2,2,0,20,13,7,21,11,10,2,0,2,12,5,7,1,0,1
53031010,24,13,11,4,4,3,2,4,2,0,0,3,1,0,0,0,1,0,1,14,11,3,6,1,5,0,0,0,1,1,0,2,0,2
53031011,9,5,4,3,0,1,0,2,0,1,0,1,0,0,0,0,1,1,0,0,0,0,7,4,3,0,0,0,1,0,1,0,0,0
53031012,21,13,8,1,3,4,4,1,2,0,0,1,0,1,2,0,5,3,2,8,4,4,6,5,1,0,0,0,1,0,1,1,1,0
53031013,25,15,10,1,4,1,3,3,2,0,0,4,2,1,3,1,2,1,1,13,10,3,6,2,4,0,0,0,4,2,2,0,0,0
53031015,758,399,359,53,119,65,88,29,32,20,21,62,54,54,118,4,54,28,26,276,174,102,264,128,136,12,5,7,125,45,80,27,19,8
53031016,48,28,20,8,4,6,7,2,3,0,1,0,1,0,15,1,14,11,3,11,7,4,11,5,6,1,0,1,9,3,6,2,2,0
53031018,27,14,13,2,9,1,4,1,0,0,0,3,4,1,1,0,3,1,2,10,7,3,9,4,5,0,0,0,5,2,3,0,0,0
53031019,21,12,9,2,1,5,1,2,0,2,1,0,3,0,4,0,0,0,0,11,8,3,7,3,4,0,0,0,3,1,2,0,0,0
53031020,15,9,6,4,1,1,6,0,0,0,0,0,0,1,2,0,1,1,0,8,4,4,6,4,2,0,0,0,0,0,0,0,0,0
53031021,46,26,20,3,7,9,3,3,4,0,1,1,1,2,10,0,3,1,2,25,18,7,13,4,9,1,1,0,3,1,2,1,1,0
1098861,0,0,0,0,0,0,0,0,0,0,0,0,0,0,0,0,0,0,0,0,0,0,0,0,0,0,0,0,0,0,0,0,0,0
53034402,49,26,23,3,10,4,4,6,7,3,0,2,5,1,4,0,4,0,4,16,8,8,21,13,8,2,0,2,5,4,1,1,1,0
53034403,31,15,16,3,7,3,0,1,1,0,0,4,1,2,6,1,0,0,0,13,9,4,11,4,7,1,0,1,5,2,3,1,0,1
53034404,371,205,166,12,82,49,52,41,9,12,9,29,22,24,16,0,12,4,8,121,79,42,148,73,75,5,1,4,65,29,36,20,19,1
53034406,32,15,17,2,7,3,3,2,0,1,0,4,6,2,2,0,1,0,1,10,8,2,7,2,5,1,0,1,10,4,6,3,1,2
53034407,30,17,13,2,7,1,2,2,1,3,2,4,1,2,3,0,1,1,0,9,6,3,6,4,2,2,0,2,12,6,6,0,0,0
53034408,72,46,26,0,23,7,9,5,2,0,0,9,9,1,6,0,1,1,0,32,22,10,24,14,10,2,2,0,12,6,6,1,1,0
53034409,25,14,11,0,5,4,6,0,4,1,0,0,0,1,1,1,0,0,0,11,8,3,6,2,4,4,2,2,2,0,2,2,2,0
53034410,87,48,39,2,27,7,10,8,4,2,3,8,4,2,6,0,3,2,1,34,19,15,39,23,16,0,0,0,9,3,6,2,1,1
59939501,27,15,12,5,9,2,0,1,0,1,0,2,0,4,2,0,1,0,1,12,9,3,9,5,4,0,0,0,4,0,4,1,1,0
53035202,22,13,9,0,3,2,4,1,1,0,1,3,1,3,1,0,0,0,0,8,5,3,8,6,2,1,0,1,5,2,3,0,0,0
53035203,171,93,78,17,33,15,14,8,13,2,2,15,12,4,25,3,10,5,5,63,40,23,70,33,37,2,0,2,22,13,9,4,2,2
53035204,38,19,19,4,2,3,7,5,2,1,1,4,0,3,3,1,2,0,2,11,6,5,18,9,9,1,1,0,6,3,3,0,0,0
53307601,114,62,52,13,29,10,16,8,2,2,4,2,6,11,8,0,3,2,1,47,32,15,42,20,22,1,0,1,16,7,9,5,1,4
53040901,125,69,56,7,30,8,21,11,6,2,3,10,7,7,7,1,4,3,1,53,35,18,43,16,27,2,1,1,16,9,7,7,5,2
53040902,14,8,6,0,6,0,0,0,0,0,0,4,1,0,3,0,0,0,0,5,4,1,4,1,3,0,0,0,5,3,2,0,0,0
53040903,23,10,13,3,4,2,2,0,1,0,0,4,1,4,2,0,0,0,0,6,4,2,10,3,7,1,1,0,5,2,3,1,0,1
53264902,31,18,13,2,8,4,6,1,4,0,0,0,3,1,2,0,1,1,0,15,10,5,14,6,8,0,0,0,1,1,0,0,0,0
53264903,83,44,39,13,19,9,4,11,1,2,1,4,4,6,4,0,0,0,0,33,23,10,37,15,22,1,1,0,10,4,6,2,1,1
53264904,23,13,10,3,5,3,3,0,0,0,0,4,4,1,0,0,0,0,0,8,6,2,7,2,5,2,2,0,5,2,3,1,1,0
53044101,59,29,30,7,6,2,13,2,4,4,2,6,3,3,5,0,2,0,2,21,13,8,23,8,15,2,1,1,10,7,3,1,0,1
53044102,37,19,18,2,5,2,6,3,1,2,0,10,3,1,0,0,1,0,1,12,7,5,16,8,8,3,2,1,4,1,3,1,1,0
53044103,678,373,305,20,126,56,78,56,17,37,13,93,43,52,54,1,27,16,11,175,114,61,263,135,128,20,8,12,167,80,87,26,20,6
53045001,29,14,15,3,7,1,3,2,0,0,0,2,2,3,4,1,2,1,1,12,8,4,10,3,7,0,0,0,2,1,1,3,1,2
53045002,29,16,13,8,5,1,2,1,0,1,0,1,7,2,1,0,0,0,0,9,5,4,13,8,5,3,2,1,4,1,3,0,0,0
53045003,49,29,20,10,9,4,6,5,1,0,1,4,6,2,0,0,2,0,2,18,12,6,21,12,9,1,0,1,4,3,1,3,2,1
53045005,29,16,13,7,7,3,3,2,0,0,0,1,3,1,1,0,0,0,0,16,11,5,9,4,5,0,0,0,4,1,3,0,0,0
53045006,65,39,26,7,17,7,8,3,1,1,2,4,4,2,5,0,0,0,0,19,13,6,24,16,8,4,1,3,15,6,9,3,3,0
53045007,9,5,4,3,1,1,1,0,0,0,2,0,0,0,0,0,1,1,0,3,1,2,3,2,1,0,0,0,2,1,1,0,0,0
53045008,53,31,22,6,8,6,13,6,2,0,0,2,3,1,1,0,1,1,0,21,15,6,20,9,11,1,1,0,7,3,4,3,2,1
53045009,41,23,18,3,10,3,10,4,0,1,0,2,0,2,1,2,1,1,0,18,11,7,16,10,6,0,0,0,5,1,4,1,0,1
53045011,65,40,25,3,10,3,7,7,4,2,2,8,6,4,5,0,6,2,4,19,14,5,29,20,9,0,0,0,11,4,7,0,0,0
53045012,36,22,14,8,10,3,5,0,0,1,0,2,0,4,2,0,1,0,1,13,11,2,15,8,7,0,0,0,7,3,4,0,0,0
53045013,297,176,121,30,69,18,44,20,8,9,10,33,17,18,11,0,9,6,3,121,79,42,97,52,45,5,1,4,46,24,22,19,14,5
53045014,14,8,6,1,3,2,3,0,2,0,0,1,1,0,0,0,0,0,0,5,5,0,9,3,6,0,0,0,0,0,0,0,0,0
53045016,14,8,6,0,3,2,2,1,1,0,1,1,0,1,0,0,1,0,1,1,1,0,7,4,3,0,0,0,5,3,2,0,0,0
53047601,19,12,7,4,8,1,2,0,1,0,0,0,2,0,1,0,1,1,0,7,5,2,7,4,3,1,0,1,3,2,1,0,0,0
53047602,53,29,24,6,25,1,8,4,2,0,0,0,3,2,2,0,3,1,2,17,10,7,24,13,11,1,1,0,6,3,3,2,1,1
53047604,18,10,8,2,8,2,3,0,1,0,0,0,0,1,0,0,1,0,1,10,7,3,6,2,4,0,0,0,1,1,0,0,0,0
53047605,178,100,78,12,58,9,21,17,4,2,3,12,9,16,11,0,8,4,4,67,45,22,69,36,33,3,2,1,24,8,16,7,5,2
53047606,15,9,6,8,2,1,1,0,0,0,0,1,0,0,2,0,1,1,0,4,4,0,5,2,3,0,0,0,5,2,3,0,0,0
3323300,0,0,0,0,0,0,0,0,0,0,0,0,0,0,0,0,0,0,0,0,0,0,0,0,0,0,0,0,0,0,0,0,0,0
53049201,20,9,11,1,3,3,3,0,0,1,2,1,3,0,1,0,0,0,0,8,4,4,6,2,4,0,0,0,5,2,3,1,1,0
53049202,19,10,9,0,4,4,3,1,3,0,0,0,1,2,0,0,1,1,0,2,1,1,8,3,5,2,0,2,4,4,0,2,1,1
53049203,166,92,74,22,19,14,24,15,6,3,1,16,22,10,8,1,5,2,3,69,39,30,64,35,29,0,0,0,23,12,11,5,4,1
53049205,29,16,13,0,2,3,6,2,1,2,1,3,6,2,0,0,0,0,0,7,4,3,14,8,6,0,0,0,8,4,4,0,0,0
53051401,71,43,28,15,14,4,6,8,3,2,0,7,4,0,6,1,3,1,2,29,22,7,23,9,14,0,0,0,13,9,4,3,2,1
53868001,50,25,25,1,13,5,5,3,2,4,1,5,2,6,1,0,3,0,3,13,8,5,17,11,6,4,0,4,13,6,7,0,0,0
53868002,33,19,14,0,5,3,2,0,2,5,1,5,1,6,3,0,0,0,0,6,5,1,12,5,7,1,1,0,13,8,5,1,0,1
53868003,51,29,22,0,5,4,7,6,3,3,3,4,4,5,6,0,2,1,1,18,12,6,17,10,7,0,0,0,14,6,8,0,0,0
53868004,584,317,267,5,94,41,96,43,11,38,16,73,36,45,51,3,21,12,9,146,88,58,209,107,102,17,8,9,165,85,80,26,17,9
53868005,191,105,86,2,27,14,25,11,2,21,4,26,13,22,11,0,4,1,3,18,12,6,78,42,36,5,3,2,78,39,39,8,8,0
53868006,218,121,97,9,26,15,35,17,8,23,6,32,9,15,13,1,6,4,2,47,35,12,82,39,43,9,4,5,67,36,31,7,3,4
53052201,37,24,13,5,5,5,3,2,0,1,1,9,4,0,0,1,2,2,0,16,14,2,14,4,10,2,1,1,3,3,0,0,0,0
53052202,24,12,12,0,3,1,5,2,0,1,0,3,3,3,0,0,2,1,1,6,3,3,7,2,5,3,2,1,5,3,2,1,1,0
53052203,35,21,14,1,6,4,3,0,10,0,0,6,0,0,2,0,2,1,1,16,9,7,11,6,5,0,0,0,5,4,1,1,1,0
53052204,31,13,18,4,4,1,3,1,0,1,0,4,5,3,5,0,0,0,0,5,3,2,16,6,10,1,1,0,6,1,5,3,2,1
53052205,17,8,9,0,3,1,1,3,1,2,0,3,2,1,0,0,1,0,1,6,5,1,6,2,4,0,0,0,4,1,3,0,0,0
53052206,29,13,16,1,5,3,7,1,3,3,0,3,0,1,1,0,2,1,1,6,1,5,14,6,8,0,0,0,6,4,2,1,1,0
53053102,17,12,5,1,7,1,1,0,0,1,0,0,0,0,5,0,2,2,0,7,5,2,5,2,3,0,0,0,3,3,0,0,0,0
53053103,187,108,79,18,47,19,32,14,6,2,1,9,13,11,8,0,7,2,5,79,54,25,71,35,36,1,0,1,22,13,9,7,4,3
53054901,85,51,34,15,23,11,10,6,4,0,1,1,0,5,6,0,6,4,2,44,30,14,20,10,10,0,0,0,11,3,8,4,4,0
53255001,112,62,50,11,23,12,10,5,4,2,4,8,9,5,16,1,4,2,2,39,28,11,44,19,25,3,0,3,20,11,9,2,2,0
53255002,20,11,9,5,3,0,3,1,1,1,0,1,0,2,1,0,3,3,0,3,2,1,9,4,5,0,0,0,5,2,3,0,0,0
53871001,33,21,12,0,4,0,7,3,0,5,2,4,2,3,1,1,3,3,0,9,7,2,13,7,6,0,0,0,7,3,4,1,1,0
53871002,93,47,46,0,9,7,12,9,3,5,5,14,6,6,12,0,1,1,0,26,18,8,40,17,23,0,0,0,22,8,14,4,3,1
53871003,45,27,18,7,6,1,7,5,0,2,4,5,1,4,2,0,3,1,2,17,11,6,16,8,8,0,0,0,8,6,2,1,1,0
53871004,15,5,10,0,0,0,2,2,0,0,0,6,3,0,1,0,0,0,0,4,0,4,4,1,3,1,1,0,6,3,3,0,0,0
53871005,21,9,12,2,3,1,0,1,1,1,0,2,2,3,2,0,2,0,2,1,1,0,12,5,7,0,0,0,6,3,3,0,0,0
53871006,46,29,17,3,4,8,4,3,2,2,3,5,2,4,4,0,4,3,1,13,8,5,12,8,4,1,0,1,15,9,6,1,1,0
53871007,21,12,9,0,1,0,2,3,0,4,0,4,0,1,2,1,1,1,0,3,2,1,6,4,2,1,1,0,10,4,6,0,0,0
53294101,117,69,48,14,44,5,12,5,3,2,0,6,6,7,9,1,3,2,1,38,25,13,55,32,23,3,1,2,14,6,8,4,3,1
53438201,54,29,25,2,24,4,6,2,4,1,0,4,1,1,2,0,3,2,1,27,13,14,13,9,4,3,1,2,6,3,3,2,1,1
53438202,360,200,160,2,101,28,55,18,16,17,6,34,19,23,24,2,14,10,4,120,72,48,147,76,71,9,3,6,61,32,29,9,7,2
53438203,42,24,18,5,6,1,10,1,3,3,0,7,1,2,2,0,3,2,1,7,4,3,23,13,10,0,0,0,9,5,4,0,0,0
53438204,9,5,4,0,1,0,1,0,0,0,0,1,0,1,1,1,2,1,1,0,0,0,4,1,3,1,1,0,2,2,0,0,0,0
53438205,13,9,4,4,0,0,0,1,1,0,2,1,0,0,2,0,1,1,0,2,2,0,7,5,2,0,0,0,3,1,2,0,0,0
53438206,1358,736,622,25,634,92,126,75,55,34,16,86,42,60,59,8,134,65,69,542,327,215,455,229,226,22,10,12,135,59,76,70,46,24
53223101,14,9,5,3,4,1,1,1,0,2,0,1,0,0,0,0,1,1,0,4,4,0,5,3,2,1,0,1,3,1,2,0,0,0
53061101,29,17,12,3,10,2,4,0,1,2,0,2,2,0,2,0,0,0,0,14,9,5,11,6,5,2,1,1,2,1,1,0,0,0
53061102,12,7,5,0,6,0,1,1,0,1,0,0,1,0,1,0,0,0,0,6,3,3,5,3,2,0,0,0,1,1,0,0,0,0
53061103,12,6,6,1,0,3,4,2,0,0,0,2,0,0,0,0,0,0,0,4,3,1,7,2,5,0,0,0,1,1,0,0,0,0
53061104,75,43,32,13,22,7,11,1,1,1,2,4,3,1,5,0,2,1,1,41,25,16,21,13,8,1,0,1,8,2,6,2,2,0
53243601,46,28,18,9,14,10,4,1,1,1,0,1,1,1,2,0,5,2,3,21,16,5,14,6,8,1,1,0,5,3,2,0,0,0
53063801,35,21,14,2,7,2,3,1,0,1,0,7,3,5,1,0,2,1,1,5,4,1,11,8,3,0,0,0,17,8,9,0,0,0
53063802,10,6,4,0,1,0,0,0,0,0,0,5,0,3,0,0,0,0,0,2,1,1,0,0,0,0,0,0,8,5,3,0,0,0
53063803,159,90,69,4,26,21,23,12,6,8,13,10,12,8,11,0,3,2,1,44,33,11,67,31,36,4,1,3,33,17,16,8,6,2
53063804,29,15,14,1,8,0,2,4,0,0,1,3,4,2,3,0,1,1,0,9,7,2,11,3,8,1,1,0,7,3,4,0,0,0
59938701,11,7,4,0,3,2,1,1,0,0,0,0,3,1,0,0,1,1,0,6,3,3,3,2,1,0,0,0,1,1,0,0,0,0
59938702,14,8,6,1,9,2,0,0,0,0,0,0,0,0,1,0,0,0,0,6,4,2,6,3,3,0,0,0,2,1,1,0,0,0
59938703,88,48,40,10,23,10,9,3,2,2,1,6,11,5,3,0,7,4,3,36,23,13,28,11,17,2,0,2,13,8,5,2,2,0
59937901,52,32,20,7,5,7,9,1,2,2,0,4,2,6,6,0,2,1,1,22,16,6,16,6,10,3,2,1,7,5,2,2,2,0
59937902,13,8,5,3,1,0,3,0,0,0,0,0,0,0,4,0,1,0,1,5,4,1,5,2,3,0,0,0,2,2,0,0,0,0
59936101,59,34,25,8,17,0,6,6,2,0,1,8,2,2,3,0,3,2,1,28,19,9,23,10,13,1,1,0,2,0,2,2,2,0
53068901,46,24,22,5,6,3,8,6,3,0,1,2,5,4,3,0,0,0,0,20,15,5,20,6,14,0,0,0,5,2,3,1,1,0
53068902,17,10,7,2,6,2,3,1,0,0,0,2,1,0,0,0,0,0,0,4,2,2,11,8,3,1,0,1,1,0,1,0,0,0
53068903,26,14,12,3,4,2,2,4,3,0,0,3,0,2,0,0,2,0,2,7,4,3,9,6,3,1,1,0,6,2,4,1,1,0
53068905,13,7,6,0,5,0,0,1,0,1,0,3,2,0,1,0,0,0,0,5,4,1,4,1,3,0,0,0,4,2,2,0,0,0
53068906,46,26,20,5,6,5,6,6,3,2,0,3,4,3,2,0,0,0,0,22,15,7,14,5,9,0,0,0,8,4,4,2,2,0
53068907,44,24,20,3,3,2,9,2,1,4,2,7,2,4,4,1,3,1,2,10,8,2,18,8,10,2,1,1,8,4,4,3,2,1
53068908,40,21,19,0,10,4,9,3,2,2,1,0,2,5,1,0,0,0,0,13,6,7,17,10,7,0,0,0,8,4,4,2,1,1
53068909,41,23,18,5,4,4,5,4,0,3,1,3,0,7,3,1,2,2,0,8,6,2,23,13,10,0,0,0,8,2,6,0,0,0
53068910,220,123,97,26,44,13,29,18,4,8,6,15,16,7,25,0,14,6,8,72,50,22,92,48,44,4,3,1,34,13,21,4,3,1
53070101,18,11,7,2,3,3,1,0,0,1,0,0,6,0,1,0,1,1,0,9,5,4,2,1,1,0,0,0,6,4,2,0,0,0
53070103,72,43,29,10,19,8,10,9,1,1,1,2,4,4,1,0,1,1,0,34,23,11,23,13,10,0,0,0,11,4,7,3,2,1
53070104,63,39,24,5,20,7,2,10,1,1,0,4,3,3,3,1,1,0,1,33,25,8,20,11,9,0,0,0,5,2,3,4,1,3
53071901,47,27,20,13,14,2,5,1,0,1,0,3,0,4,3,0,1,1,0,18,14,4,14,7,7,3,1,2,10,3,7,1,1,0
1624340,0,0,0,0,0,0,0,0,0,0,0,0,0,0,0,0,0,0,0,0,0,0,0,0,0,0,0,0,0,0,0,0,0,0
53250901,13,9,4,1,3,3,1,0,1,0,0,1,1,2,0,0,2,2,0,3,2,1,4,4,0,1,0,1,3,1,2,0,0,0
53250902,11,9,2,5,3,1,0,0,0,0,0,0,0,0,1,1,0,0,0,6,5,1,2,2,0,0,0,0,2,2,0,1,0,1
53075101,30,16,14,4,10,1,3,0,3,0,0,1,3,1,2,0,1,1,0,10,9,1,10,2,8,0,0,0,9,4,5,0,0,0
53075102,154,86,68,8,20,6,15,4,7,5,3,15,3,6,59,1,3,2,1,42,30,12,60,33,27,5,2,3,37,16,21,7,3,4
53076001,46,24,22,3,12,4,6,3,0,2,0,0,4,4,6,0,1,0,1,14,9,5,19,7,12,0,0,0,9,5,4,3,3,0
53076002,20,12,8,2,4,4,4,0,1,0,0,1,0,3,1,0,0,0,0,7,5,2,9,5,4,1,0,1,3,2,1,0,0,0
53076003,24,13,11,1,8,4,4,2,1,1,0,0,1,0,2,0,2,2,0,7,3,4,14,8,6,0,0,0,1,0,1,0,0,0
53076004,163,86,77,11,25,20,15,13,4,6,4,16,16,17,10,0,8,6,2,36,25,11,76,38,38,7,1,6,33,14,19,3,2,1
53077802,34,20,14,12,11,3,1,1,0,0,1,1,0,0,4,0,0,0,0,12,9,3,17,10,7,1,0,1,2,0,2,2,1,1
53077804,49,29,20,11,11,3,7,1,1,1,1,3,8,0,1,1,1,0,1,16,12,4,20,11,9,2,0,2,8,4,4,2,2,0
53077805,18,14,4,9,5,1,1,0,1,0,0,0,0,0,1,0,1,1,0,10,8,2,7,5,2,0,0,0,0,0,0,0,0,0
53259201,127,71,56,6,24,12,18,6,1,0,8,11,11,9,13,1,3,3,0,47,28,19,48,23,25,3,1,2,19,9,10,7,7,0
53254101,65,39,26,17,21,10,3,2,1,2,1,5,0,1,2,0,1,1,0,30,22,8,24,10,14,1,0,1,5,3,2,4,3,1
53081601,39,25,14,6,11,1,4,3,1,1,1,1,1,0,6,0,0,0,0,15,11,4,17,9,8,0,0,0,6,4,2,1,1,0
53081602,52,30,22,8,15,2,4,1,1,2,0,3,5,3,8,0,3,2,1,17,13,4,17,7,10,1,0,1,14,8,6,0,0,0
53081603,46,29,17,7,14,2,5,5,2,0,1,4,3,1,2,0,0,0,0,23,18,5,18,8,10,0,0,0,4,2,2,1,1,0
53081604,56,33,23,12,14,3,11,2,0,1,1,2,2,2,5,0,1,0,1,22,18,4,14,3,11,0,0,0,14,9,5,5,3,2
53081606,509,285,224,57,186,44,46,18,17,12,6,25,17,24,46,1,25,11,14,179,117,62,167,86,81,10,7,3,67,28,39,61,36,25
53230401,52,31,21,4,12,6,9,5,2,1,1,4,2,4,2,0,2,2,0,24,17,7,20,9,11,0,0,0,6,3,3,0,0,0
53084101,107,63,44,9,24,18,6,3,4,3,4,10,5,6,8,1,3,2,1,38,26,12,44,23,21,4,2,2,18,10,8,0,0,0
53084102,26,15,11,0,6,2,4,4,2,0,0,0,2,2,3,0,0,0,0,13,10,3,7,3,4,2,1,1,4,1,3,0,0,0
53084103,216,111,105,5,63,17,31,7,12,9,3,18,16,15,16,1,7,3,4,77,52,25,89,35,54,2,1,1,34,17,17,7,3,4
53084104,113,63,50,2,20,11,11,10,2,7,9,13,11,5,9,0,4,2,2,32,25,7,53,24,29,3,1,2,18,9,9,3,2,1
53084105,141,80,61,4,33,15,22,5,2,14,2,17,10,4,9,2,9,4,5,53,31,22,48,30,18,2,0,2,26,12,14,3,3,0
53084106,189,100,89,1,39,9,35,22,8,6,4,20,8,10,16,4,12,6,6,51,31,20,83,45,38,4,3,1,30,11,19,9,4,5
53084107,270,155,115,1,55,20,44,22,11,13,10,22,15,17,19,3,11,4,7,81,58,23,104,58,46,10,3,7,62,30,32,2,2,0
53084108,241,130,111,3,36,14,24,30,13,8,4,32,22,15,25,2,10,5,5,66,41,25,110,58,52,4,0,4,43,20,23,8,6,2
53084109,1359,746,613,31,418,77,146,88,54,42,24,134,95,90,112,11,60,33,27,465,303,162,508,251,257,27,10,17,242,108,134,57,41,16
53084110,145,81,64,1,34,6,22,17,4,8,2,7,10,18,9,0,9,3,6,49,31,18,61,33,28,1,1,0,22,13,9,3,0,3
53206101,223,124,99,14,55,29,28,11,10,9,8,18,17,9,7,2,9,5,4,94,58,36,83,41,42,4,2,2,22,10,12,11,8,3
53206102,67,36,31,5,8,11,4,0,2,5,1,10,2,9,7,1,2,1,1,17,13,4,26,10,16,2,2,0,19,9,10,1,1,0
53206103,49,27,22,5,6,5,9,2,3,0,3,3,8,1,3,0,3,0,3,15,10,5,19,10,9,1,0,1,11,7,4,0,0,0
1781012,0,0,0,0,0,0,0,0,0,0,0,0,0,0,0,0,0,0,0,0,0,0,0,0,0,0,0,0,0,0,0,0,0,0
53086701,55,32,23,16,13,4,3,1,1,0,0,5,2,4,3,0,1,1,0,26,17,9,17,5,12,4,4,0,4,2,2,3,3,0
53086703,98,57,41,12,28,7,10,7,0,3,2,6,10,5,7,0,4,2,2,34,21,13,44,27,17,3,0,3,9,5,4,4,2,2
53086705,10,7,3,2,3,1,0,2,0,0,0,0,0,1,0,1,2,1,1,7,5,2,1,1,0,0,0,0,0,0,0,0,0,0
1834910,0,0,0,0,0,0,0,0,0,0,0,0,0,0,0,0,0,0,0,0,0,0,0,0,0,0,0,0,0,0,0,0,0,0
3070090,0,0,0,0,0,0,0,0,0,0,0,0,0,0,0,0,0,0,0,0,0,0,0,0,0,0,0,0,0,0,0,0,0,0
3340490,0,0,0,0,0,0,0,0,0,0,0,0,0,0,0,0,0,0,0,0,0,0,0,0,0,0,0,0,0,0,0,0,0,0
53088301,139,80,59,10,48,13,18,5,4,2,0,4,11,9,10,0,6,2,4,61,38,23,39,26,13,8,4,4,17,6,11,8,4,4
53088302,65,38,27,0,18,4,13,2,2,2,1,1,6,7,4,1,0,0,0,24,18,6,28,16,12,3,2,1,9,1,8,1,1,0
53088303,7,5,2,0,4,1,1,0,0,0,1,0,0,0,0,0,0,0,0,3,2,1,4,3,1,0,0,0,0,0,0,0,0,0
53088304,276,163,113,11,84,28,29,15,11,10,5,18,21,16,19,1,9,5,4,109,78,31,89,42,47,10,4,6,42,24,18,17,10,7
53088306,39,24,15,2,11,4,3,4,1,1,0,2,5,0,5,0,0,0,0,17,8,9,14,12,2,0,0,0,4,2,2,4,2,2
53088308,54,32,22,7,16,3,7,3,1,2,1,5,1,3,3,0,2,2,0,17,13,4,19,9,10,0,0,0,15,7,8,1,1,0
53088309,24,12,12,4,1,0,2,3,1,0,0,4,4,3,2,0,0,0,0,6,2,4,8,3,5,1,0,1,7,5,2,2,2,0
53088310,11,5,6,1,2,1,2,0,0,0,0,3,0,0,1,0,1,1,0,3,2,1,6,2,4,0,0,0,1,0,1,0,0,0
53088311,14,11,3,1,6,2,1,0,0,1,0,0,0,2,1,0,1,0,1,7,5,2,1,1,0,2,2,0,2,2,0,1,1,0
53088312,215,126,89,3,61,18,28,12,5,7,2,22,11,14,24,1,11,6,5,61,47,14,89,49,40,2,1,1,46,19,27,6,4,2
53088313,87,46,41,3,33,7,14,1,2,1,2,4,4,9,5,0,3,1,2,25,18,7,35,18,17,3,0,3,19,8,11,2,1,1
53088315,605,301,304,21,183,36,82,37,21,12,11,47,29,50,45,2,55,27,28,221,124,97,213,96,117,7,2,5,77,32,45,32,20,12
53088316,859,449,410,36,308,41,81,48,35,13,16,52,48,59,81,6,51,26,25,306,174,132,322,159,163,19,6,13,117,60,57,44,24,20
53088317,1408,735,673,37,439,74,182,64,74,33,21,106,90,89,121,7,73,41,32,445,263,182,528,258,270,22,7,15,246,107,139,94,59,35
53088318,24,16,8,3,5,2,0,0,1,1,0,1,0,4,3,0,1,1,0,6,6,0,7,3,4,1,1,0,9,5,4,0,0,0
53088321,482,269,213,9,159,18,57,23,13,10,10,29,40,38,48,1,12,6,6,130,88,42,211,107,104,12,6,6,108,56,52,9,6,3
53088323,1273,724,549,34,394,69,154,62,33,35,27,117,80,114,105,2,42,20,22,297,219,78,583,310,273,31,12,19,284,138,146,36,25,11
53261401,63,41,22,5,15,3,11,4,3,3,1,7,5,1,4,0,3,2,1,29,24,5,23,11,12,2,0,2,5,3,2,1,1,0
53089101,30,16,14,8,1,7,4,1,1,0,0,3,1,0,4,0,3,1,2,12,9,3,7,4,3,1,0,1,5,1,4,2,1,1
53089103,25,15,10,5,5,0,4,1,0,2,0,1,0,3,3,0,0,0,0,7,5,2,17,10,7,0,0,0,1,0,1,0,0,0
53089104,13,7,6,0,7,1,3,0,0,0,0,2,0,0,0,0,0,0,0,5,4,1,4,2,2,1,0,1,3,1,2,0,0,0
53089105,25,14,11,6,8,6,0,0,0,0,0,1,0,2,2,0,2,0,2,14,11,3,7,3,4,0,0,0,2,0,2,0,0,0
53089106,127,69,58,9,31,16,9,8,5,2,0,8,12,3,18,3,6,2,4,45,29,16,41,17,24,2,1,1,19,7,12,14,13,1
53089107,17,8,9,1,9,1,0,0,1,1,0,3,0,1,0,0,1,0,1,9,7,2,6,1,5,0,0,0,1,0,1,0,0,0
0152702,0,0,0,0,0,0,0,0,0,0,0,0,0,0,0,0,0,0,0,0,0,0,0,0,0,0,0,0,0,0,0,0,0,0
53090501,43,22,21,4,14,3,2,4,1,1,1,5,0,2,5,0,2,1,1,17,12,5,15,4,11,2,2,0,6,2,4,1,1,0
53090503,17,9,8,2,4,2,5,1,0,1,0,0,1,0,1,0,0,0,0,6,2,4,7,5,2,0,0,0,3,1,2,1,1,0
53090504,19,10,9,3,3,0,5,1,3,1,0,0,2,0,1,0,0,0,0,9,5,4,6,3,3,1,1,0,3,1,2,0,0,0
53090505,19,12,7,1,9,2,2,0,0,1,0,1,3,0,0,0,0,0,0,10,8,2,4,1,3,1,0,1,4,3,1,0,0,0
53090506,31,17,14,3,16,2,2,0,0,0,0,3,1,2,1,0,1,1,0,15,9,6,11,4,7,1,0,1,2,2,0,1,1,0
53090508,41,25,16,3,8,4,5,7,2,1,0,2,1,3,2,0,1,0,1,15,12,3,14,7,7,0,0,0,10,5,5,1,1,0
53090509,18,11,7,0,5,3,0,2,0,1,0,1,4,1,1,0,1,0,1,6,5,1,5,4,1,1,0,1,5,2,3,0,0,0
53090510,10,6,4,4,1,0,1,0,0,0,0,1,1,0,2,0,0,0,0,4,3,1,5,3,2,0,0,0,0,0,0,1,0,1
53090511,34,19,15,3,13,1,4,1,0,0,1,2,2,1,4,1,0,0,0,13,8,5,14,8,6,0,0,0,3,1,2,4,2,2
53090512,21,10,11,5,8,3,0,1,0,0,0,2,0,0,2,0,0,0,0,12,5,7,7,5,2,0,0,0,2,0,2,0,0,0
53090514,19,12,7,0,6,2,4,1,1,1,2,1,0,0,1,0,0,0,0,4,4,0,12,7,5,0,0,0,3,1,2,0,0,0
53090515,13,6,7,1,4,4,1,0,0,0,0,2,0,0,0,0,0,0,0,6,4,2,6,2,4,0,0,0,1,0,1,0,0,0
53090516,43,22,21,1,7,8,8,4,0,1,1,2,3,2,4,0,0,0,0,18,14,4,22,7,15,2,1,1,1,0,1,0,0,0
53090518,13,8,5,2,1,2,0,0,0,2,0,1,0,1,0,1,0,0,0,2,2,0,4,3,1,1,1,0,6,2,4,0,0,0
53090521,32,18,14,1,6,2,3,2,1,0,1,3,2,7,0,1,2,1,1,11,10,1,12,6,6,0,0,0,6,1,5,1,0,1
53090523,143,85,58,8,45,10,6,11,2,5,2,12,13,12,12,1,8,7,1,42,27,15,60,34,26,3,2,1,29,14,15,1,1,0
53090524,1129,594,535,35,375,118,116,59,39,19,15,77,86,60,85,4,68,34,34,389,242,147,446,204,242,24,7,17,161,83,78,41,24,17
53090525,247,127,120,6,104,16,27,17,8,4,3,11,9,9,21,1,16,8,8,116,69,47,80,33,47,2,1,1,19,8,11,14,8,6
53090526,220,124,96,7,65,16,22,17,6,9,4,16,15,11,17,2,13,9,4,67,49,18,85,38,47,5,3,2,31,11,20,19,14,5
53090527,24,13,11,0,4,3,2,2,0,4,0,1,2,2,1,1,0,0,0,8,5,3,6,2,4,2,1,1,6,4,2,2,1,1
53091301,57,37,20,6,19,4,3,6,1,0,0,3,11,2,2,0,5,4,1,23,16,7,22,13,9,1,1,0,4,2,2,2,1,1
53091302,152,90,62,16,55,5,16,6,4,1,1,17,9,6,11,0,3,3,0,53,35,18,62,32,30,8,4,4,24,14,10,2,2,0
1853533,0,0,0,0,0,0,0,0,0,0,0,0,0,0,0,0,0,0,0,0,0,0,0,0,0,0,0,0,0,0,0,0,0,0
53092101,52,31,21,6,7,6,12,10,0,1,0,5,1,2,2,0,5,2,3,23,19,4,13,4,9,0,0,0,7,3,4,4,3,1
53092102,51,27,24,1,8,11,5,5,1,1,2,5,4,0,5,0,1,0,1,13,9,4,16,8,8,1,1,0,20,9,11,0,0,0
53092103,89,51,38,3,23,10,10,7,1,2,2,7,9,4,5,0,2,1,1,35,23,12,32,14,18,3,0,3,12,9,3,5,4,1
53092104,57,32,25,5,10,9,9,5,2,0,0,5,4,5,1,1,2,1,1,14,9,5,22,12,10,0,0,0,15,7,8,4,3,1
1864653,0,0,0,0,0,0,0,0,0,0,0,0,0,0,0,0,0,0,0,0,0,0,0,0,0,0,0,0,0,0,0,0,0,0
53094801,12,8,4,4,3,0,3,0,0,0,0,2,0,0,0,0,0,0,0,8,5,3,2,2,0,0,0,0,2,1,1,0,0,0
53094802,25,14,11,2,4,3,4,1,0,2,0,1,2,1,5,0,1,1,0,12,8,4,7,4,3,2,0,2,3,1,2,0,0,0
53094803,18,9,9,0,3,3,0,2,2,0,1,2,2,1,2,0,0,0,0,9,7,2,3,1,2,0,0,0,6,1,5,0,0,0
53094806,14,8,6,4,2,3,1,1,0,0,0,1,1,0,1,0,0,0,0,9,7,2,3,1,2,1,0,1,1,0,1,0,0,0
53094807,13,8,5,1,3,0,3,2,0,0,0,1,1,0,2,0,0,0,0,4,3,1,3,2,1,1,0,1,3,1,2,2,2,0
53094808,26,14,12,7,7,1,3,0,0,0,0,0,3,3,2,0,0,0,0,9,6,3,13,5,8,1,1,0,2,1,1,1,1,0
53094809,419,228,191,27,106,54,47,20,21,10,4,26,27,30,27,3,14,6,8,170,111,59,148,74,74,7,2,5,65,26,39,15,9,6
53226601,63,35,28,4,20,8,9,3,2,2,0,4,7,1,3,0,0,0,0,19,16,3,31,15,16,0,0,0,13,4,9,0,0,0
51348201,35,21,14,4,10,3,3,0,0,1,2,3,1,2,1,0,2,2,0,16,11,5,10,3,7,1,0,1,5,4,1,1,1,0
51348202,59,34,25,5,12,8,9,4,0,0,1,3,5,4,3,2,1,0,1,27,18,9,22,13,9,2,1,1,4,2,2,3,0,3
57141501,36,20,16,5,8,2,6,1,0,2,0,2,3,3,2,1,3,3,0,10,7,3,14,5,9,1,0,1,6,3,3,2,2,0
53102201,290,162,128,40,103,22,21,11,5,1,8,16,13,16,24,0,6,3,3,111,79,32,120,55,65,4,1,3,41,18,23,8,6,2
0834452,0,0,0,0,0,0,0,0,0,0,0,0,0,0,0,0,0,0,0,0,0,0,0,0,0,0,0,0,0,0,0,0,0,0
53104901,10,5,5,2,5,1,0,0,0,0,0,0,0,1,1,0,0,0,0,5,4,1,4,0,4,0,0,0,1,1,0,0,0,0
53104902,7,4,3,1,2,1,0,1,1,0,0,0,0,1,0,0,0,0,0,4,3,1,3,1,2,0,0,0,0,0,0,0,0,0
53104903,34,20,14,5,7,3,1,4,2,0,0,3,3,3,3,0,2,1,1,13,10,3,8,5,3,1,0,1,8,3,5,2,1,1
53104904,23,11,12,6,8,3,0,0,0,0,1,0,2,1,2,0,0,0,0,13,7,6,7,2,5,0,0,0,1,1,0,2,1,1
53104906,9,5,4,2,1,0,0,0,0,0,0,0,0,0,6,0,0,0,0,2,2,0,3,1,2,0,0,0,1,0,1,3,2,1
53104908,66,36,30,3,8,3,7,4,2,3,2,7,7,3,14,1,2,1,1,18,12,6,25,10,15,2,1,1,16,9,7,3,3,0
0012105,0,0,0,0,0,0,0,0,0,0,0,0,0,0,0,0,0,0,0,0,0,0,0,0,0,0,0,0,0,0,0,0,0,0
53442101,119,66,53,3,39,12,18,14,0,2,3,9,6,2,5,0,5,4,1,54,34,20,47,23,24,1,0,1,8,3,5,4,2,2
53442102,20,10,10,0,6,2,3,1,0,0,1,3,2,1,1,0,0,0,0,7,5,2,7,3,4,2,1,1,4,1,3,0,0,0
53442103,28,16,12,0,8,1,3,1,6,0,1,1,5,0,2,0,0,0,0,11,7,4,6,5,1,0,0,0,11,4,7,0,0,0
53442104,49,28,21,0,11,7,8,3,3,2,3,2,2,3,2,2,0,0,0,14,10,4,26,14,12,0,0,0,8,4,4,1,0,1
3209190,0,0,0,0,0,0,0,0,0,0,0,0,0,0,0,0,0,0,0,0,0,0,0,0,0,0,0,0,0,0,0,0,0,0
53105701,488,291,197,14,106,34,60,28,32,14,13,73,21,24,37,5,33,17,16,100,59,41,163,93,70,12,7,5,90,43,47,90,72,18
53105702,129,70,59,0,27,9,15,14,6,7,7,17,4,7,10,3,8,3,5,45,31,14,43,23,20,2,0,2,26,12,14,5,1,4
53105703,162,88,74,6,23,9,21,14,5,10,4,16,17,13,13,2,11,4,7,40,26,14,65,34,31,3,2,1,38,19,19,5,3,2
53105704,58,33,25,0,16,3,5,0,1,5,2,5,5,5,7,0,3,2,1,15,13,2,16,9,7,6,2,4,16,6,10,2,1,1
53105705,618,321,297,7,101,34,64,41,22,40,25,79,50,54,63,1,13,8,5,76,57,19,239,102,137,13,8,5,267,141,126,10,5,5
53105706,42,22,20,0,2,3,7,16,3,2,0,3,0,5,1,0,7,4,3,8,5,3,20,8,12,0,0,0,6,4,2,1,1,0
53105707,523,260,263,7,94,24,55,41,14,42,24,88,29,33,40,1,20,11,9,57,32,25,173,78,95,10,1,9,252,129,123,11,9,2
53105708,19,10,9,0,4,2,6,2,1,0,0,1,0,0,0,0,2,0,2,8,5,3,3,1,2,0,0,0,4,2,2,2,2,0
53105709,223,122,101,3,36,7,21,14,11,29,15,39,8,4,21,0,9,2,7,27,10,17,61,35,26,3,2,1,116,69,47,7,4,3
53105710,188,109,79,0,54,15,41,7,4,6,10,25,6,7,6,1,9,4,5,42,31,11,59,29,30,13,9,4,39,18,21,26,18,8
53105711,39,22,17,1,7,3,6,5,2,1,1,3,1,3,1,1,0,0,0,8,5,3,18,12,6,0,0,0,9,3,6,4,2,2
53105712,120,66,54,0,27,11,20,14,3,5,3,13,5,8,7,1,11,8,3,42,26,16,41,22,19,2,0,2,20,7,13,4,3,1
53105713,370,195,175,0,63,25,49,24,7,31,25,43,25,28,26,1,12,7,5,53,33,20,133,69,64,10,3,7,155,79,76,7,4,3
53105714,1936,993,943,17,377,107,261,144,75,86,50,206,171,136,179,11,119,51,68,447,266,181,768,370,398,53,25,28,447,211,236,102,70,32
53105715,1307,680,627,13,311,84,197,113,53,46,32,145,76,70,99,13,91,43,48,421,259,162,509,238,271,26,8,18,202,96,106,58,36,22
53105716,605,306,299,10,128,28,65,41,20,33,24,58,54,51,59,0,34,19,15,131,86,45,241,100,141,9,2,7,169,85,84,21,14,7
53105717,965,513,452,6,230,49,122,115,47,38,17,109,61,53,64,7,67,42,25,312,185,127,361,167,194,15,10,5,151,72,79,59,37,22
53105718,1097,586,511,9,238,60,135,80,47,47,27,137,79,94,82,7,47,22,25,257,168,89,451,236,215,30,13,17,265,122,143,47,25,22
53105719,38,20,18,1,6,2,8,1,1,2,1,7,1,2,3,0,1,0,1,9,5,4,16,6,10,0,0,0,11,8,3,1,1,0
53105720,36,19,17,1,7,5,5,3,2,0,1,4,0,2,4,0,1,1,0,12,5,7,14,9,5,0,0,0,8,3,5,1,1,0
53105722,82,44,38,1,15,9,4,2,1,11,1,14,4,3,8,1,1,1,0,6,3,3,32,18,14,3,1,2,33,15,18,7,6,1
53105723,72,33,39,0,56,0,4,1,2,0,0,5,2,0,0,0,2,1,1,13,8,5,27,10,17,15,7,8,6,2,4,9,5,4
53105724,563,290,273,7,107,49,61,45,16,31,11,62,32,51,57,1,24,13,11,137,96,41,219,96,123,8,3,5,163,71,92,12,11,1
53105726,733,384,349,4,129,52,95,41,35,45,20,92,47,58,77,2,30,12,18,164,123,41,279,123,156,15,7,8,235,110,125,10,9,1
53105727,339,181,158,4,76,29,50,35,8,11,8,29,12,30,29,2,30,13,17,90,61,29,139,67,72,9,4,5,49,23,26,22,13,9
53107301,171,98,73,15,68,11,16,10,6,2,2,15,3,5,11,1,14,7,7,76,53,23,53,26,27,1,1,0,16,5,11,11,6,5
53108101,458,248,210,33,121,25,49,26,9,17,14,39,23,51,36,3,11,5,6,159,105,54,179,82,97,11,4,7,81,43,38,17,9,8
53108102,37,23,14,5,8,2,3,7,1,2,1,3,0,1,3,0,3,2,1,17,13,4,12,7,5,1,1,0,3,0,3,1,0,1
53109001,168,92,76,5,52,8,19,13,5,10,3,14,14,10,10,0,7,3,4,59,41,18,71,34,37,0,0,0,26,11,15,5,3,2
53110301,355,194,161,9,76,18,43,21,11,36,15,36,20,26,34,1,11,4,7,90,63,27,116,52,64,9,3,6,121,65,56,8,7,1
53414501,125,65,60,7,41,8,21,9,1,4,1,10,6,9,7,0,6,2,4,49,33,16,45,20,25,4,0,4,18,9,9,3,1,2
53112001,233,137,96,16,70,7,27,22,12,8,4,11,21,7,18,0,7,4,3,90,62,28,81,44,37,5,0,5,42,20,22,8,7,1
53113801,461,257,204,14,131,40,57,36,14,14,11,38,25,34,28,3,22,13,9,150,101,49,193,97,96,12,4,8,59,22,37,25,20,5
53113802,140,71,69,5,49,7,20,13,7,4,0,10,12,8,2,0,4,3,1,42,26,16,58,27,31,2,0,2,30,14,16,4,1,3
53115401,398,219,179,14,131,29,37,41,7,5,6,34,30,26,23,0,18,6,12,141,94,47,160,76,84,4,2,2,55,26,29,20,15,5
3303020,0,0,0,0,0,0,0,0,0,0,0,0,0,0,0,0,0,0,0,0,0,0,0,0,0,0,0,0,0,0,0,0,0,0
53116201,127,76,51,3,45,6,11,12,3,2,3,7,7,6,18,0,4,2,2,33,25,8,63,34,29,3,0,3,24,15,9,0,0,0
53117101,451,239,212,17,54,35,58,23,20,30,17,63,33,43,32,1,9,6,3,102,65,37,167,77,90,15,7,8,150,77,73,8,7,1
53117102,178,100,78,3,25,11,22,11,4,17,2,33,9,13,13,2,5,2,3,40,29,11,61,32,29,3,2,1,65,33,32,4,2,2
0454110,0,0,0,0,0,0,0,0,0,0,0,0,0,0,0,0,0,0,0,0,0,0,0,0,0,0,0,0,0,0,0,0,0,0
0454380,0,0,0,0,0,0,0,0,0,0,0,0,0,0,0,0,0,0,0,0,0,0,0,0,0,0,0,0,0,0,0,0,0,0
53118901,549,301,248,13,212,35,58,30,13,8,3,61,29,30,35,7,32,16,16,185,115,70,170,82,88,7,1,6,81,33,48,74,54,20
53118902,371,207,164,2,164,19,42,21,9,4,2,43,15,15,24,0,21,13,8,115,72,43,122,58,64,14,7,7,57,29,28,42,28,14
53118903,68,38,30,0,25,3,7,6,2,4,2,3,2,7,5,0,2,0,2,21,16,5,23,11,12,0,0,0,18,9,9,4,2,2
53118904,15,8,7,2,4,1,1,1,0,0,0,2,3,1,0,0,1,0,1,4,4,0,4,2,2,1,1,0,4,1,3,1,0,1
53118905,603,337,266,13,191,18,61,27,22,16,10,57,35,53,75,2,31,12,19,164,112,52,218,118,100,10,3,7,170,84,86,10,8,2
53118906,667,347,320,13,229,29,78,42,23,11,15,69,35,28,72,2,33,17,16,189,112,77,241,118,123,19,8,11,136,58,78,49,34,15
53118907,40,22,18,0,8,0,8,3,0,0,1,4,4,2,3,0,3,1,2,9,5,4,14,8,6,5,2,3,8,5,3,1,1,0
53118908,152,94,58,4,86,6,11,10,6,1,0,7,7,2,9,1,14,11,3,45,30,15,53,32,21,10,5,5,23,11,12,7,5,2
53118909,363,180,183,5,109,22,34,21,9,13,5,43,17,37,38,1,15,7,8,81,52,29,143,70,73,10,3,7,98,37,61,16,11,5
53118910,808,404,404,13,298,34,72,50,24,16,8,62,44,50,101,3,47,17,30,260,155,105,307,143,164,21,5,16,123,55,68,50,29,21
53120101,69,39,30,4,23,2,9,6,1,2,0,6,2,5,3,0,3,2,1,29,20,9,21,11,10,4,0,4,11,5,6,1,1,0
53120102,756,434,322,26,263,59,81,37,19,19,18,69,28,42,67,3,40,19,21,296,205,91,254,126,128,12,3,9,118,56,62,36,25,11
53120103,8,6,2,0,1,0,0,1,1,0,0,1,2,0,1,0,1,1,0,2,1,1,2,1,1,0,0,0,3,3,0,0,0,0
53120104,22,13,9,3,4,2,8,1,1,0,0,1,2,0,0,0,0,0,0,13,11,2,5,1,4,0,0,0,3,0,3,1,1,0
53120105,91,52,39,6,23,4,11,13,2,2,0,6,8,2,10,0,1,1,0,43,28,15,33,13,20,2,1,1,8,6,2,4,3,1
53121901,205,128,77,12,45,20,25,20,4,5,1,24,12,20,10,2,11,6,5,61,51,10,85,41,44,5,2,3,39,24,15,4,4,0
53122702,16,12,4,1,3,1,0,0,0,4,0,1,1,1,1,0,0,0,0,5,5,0,6,6,0,0,0,0,4,0,4,1,1,0
53122703,611,342,269,18,151,56,76,51,23,20,12,45,48,43,43,3,40,21,19,224,160,64,210,99,111,16,5,11,97,45,52,24,12,12
3303290,0,0,0,0,0,0,0,0,0,0,0,0,0,0,0,0,0,0,0,0,0,0,0,0,0,0,0,0,0,0,0,0,0,0
53123501,97,53,44,0,34,6,13,3,0,5,0,5,5,14,10,0,0,0,0,30,22,8,39,18,21,2,1,1,21,9,12,5,3,2
53123502,34,21,13,3,19,2,1,1,0,1,0,1,1,1,4,0,4,3,1,11,9,2,14,8,6,0,0,0,5,1,4,0,0,0
53124301,1135,623,512,11,217,90,153,88,43,67,25,130,75,82,86,8,51,26,25,261,175,86,466,230,236,19,5,14,307,163,144,31,24,7
3303370,0,0,0,0,0,0,0,0,0,0,0,0,0,0,0,0,0,0,0,0,0,0,0,0,0,0,0,0,0,0,0,0,0,0
53125101,80,46,34,2,18,6,11,6,1,0,3,7,10,3,6,1,4,2,2,24,16,8,37,23,14,3,2,1,10,1,9,2,2,0
53125102,37,20,17,0,8,7,5,0,1,2,1,2,6,2,1,0,2,2,0,11,7,4,13,6,7,1,1,0,8,3,5,2,1,1
53125103,127,74,53,3,49,6,12,11,5,7,2,9,10,4,6,0,3,0,3,50,38,12,41,16,25,2,2,0,23,11,12,8,7,1
53125104,36,21,15,0,11,1,4,3,2,3,1,4,3,0,3,0,0,0,0,13,9,4,15,8,7,0,0,0,8,4,4,0,0,0
53445501,117,67,50,6,38,13,9,10,1,2,2,10,7,3,7,0,8,3,5,51,34,17,36,18,18,4,3,1,11,3,8,7,6,1
53444701,373,216,157,17,78,35,51,43,15,7,10,33,27,22,27,3,18,11,7,121,87,34,134,69,65,4,2,2,72,31,41,24,16,8
53367001,616,325,291,10,134,39,79,44,18,38,31,76,35,28,47,4,24,8,16,138,91,47,221,107,114,11,2,9,198,102,96,24,15,9
53129401,592,339,253,23,154,35,78,64,19,17,11,48,51,34,32,4,26,17,9,194,137,57,250,121,129,7,1,6,87,47,40,28,16,12
53129402,85,52,33,1,14,5,11,10,1,5,1,12,6,8,3,1,4,1,3,36,25,11,21,12,9,0,0,0,18,10,8,6,4,2
53129403,42,24,18,1,9,3,6,3,1,3,2,2,4,0,7,0,0,0,0,7,4,3,24,16,8,1,0,1,10,4,6,0,0,0
53129404,75,41,34,0,26,2,6,10,3,4,1,8,0,8,7,0,3,1,2,33,24,9,21,8,13,1,0,1,13,5,8,4,3,1
53129405,11,7,4,4,4,0,0,0,2,0,0,0,0,0,1,0,0,0,0,1,1,0,5,3,2,1,0,1,4,3,1,0,0,0
53129406,185,91,94,5,40,12,15,14,4,15,4,27,13,16,15,0,12,2,10,40,28,12,69,31,38,0,0,0,59,27,32,5,3,2
53129407,36,20,16,1,7,2,4,1,2,2,0,1,4,4,5,0,1,1,0,4,3,1,19,7,12,1,1,0,11,8,3,0,0,0
53130801,103,64,39,4,45,7,11,8,1,3,0,4,5,4,9,1,4,1,3,46,31,15,33,21,12,0,0,0,19,10,9,1,1,0
53131601,50,27,23,1,8,6,6,6,2,0,1,2,4,4,7,0,2,1,1,15,10,5,17,7,10,5,2,3,8,4,4,3,3,0
53131602,141,81,60,2,26,14,15,14,10,5,4,14,9,8,8,3,9,6,3,46,31,15,50,24,26,5,1,4,24,15,9,7,4,3
53131603,185,102,83,8,25,5,19,12,26,4,4,25,21,13,10,2,6,2,4,62,44,18,75,36,39,1,0,1,40,20,20,1,0,1
53131604,52,28,24,2,10,2,3,4,0,3,2,4,6,7,2,1,1,1,0,16,14,2,20,8,12,0,0,0,13,4,9,2,1,1
53132401,10,5,5,0,7,0,0,0,0,0,1,0,0,0,1,0,1,1,0,4,2,2,4,2,2,0,0,0,1,0,1,0,0,0
53132402,54,31,23,0,22,1,5,3,0,2,0,8,4,2,4,1,2,1,1,14,12,2,19,9,10,3,1,2,16,8,8,0,0,0
53132403,1157,635,522,19,546,39,113,88,17,14,11,89,44,66,86,1,54,24,30,422,271,151,447,210,237,23,8,15,146,76,70,65,46,19
53133201,25,13,12,2,7,2,0,4,2,0,1,2,1,2,2,0,1,1,0,8,5,3,7,3,4,0,0,0,7,3,4,2,1,1
53133202,108,68,40,6,26,8,7,13,2,5,4,9,12,7,5,1,2,1,1,30,23,7,42,22,20,2,1,1,22,14,8,10,7,3
53379301,58,32,26,6,9,4,9,4,1,3,0,5,4,4,6,1,1,0,1,19,12,7,24,13,11,2,0,2,12,7,5,0,0,0
53407201,65,39,26,2,23,4,10,3,0,1,3,3,3,6,4,0,0,0,0,29,24,5,24,8,16,1,0,1,8,5,3,3,2,1
53407202,86,49,37,4,25,6,20,6,2,1,2,6,1,3,8,0,3,3,0,38,26,12,28,12,16,3,1,2,9,5,4,5,2,3
0730590,0,0,0,0,0,0,0,0,0,0,0,0,0,0,0,0,0,0,0,0,0,0,0,0,0,0,0,0,0,0,0,0,0,0
53320301,128,83,45,1,42,23,14,14,7,0,0,13,3,2,8,0,14,9,5,59,41,18,37,23,14,4,2,2,10,5,5,4,3,1
53320302,75,42,33,0,25,5,8,6,3,3,2,8,3,2,6,2,15,6,9,25,17,8,21,11,10,4,1,3,6,3,3,4,4,0
53320304,301,165,136,4,56,23,45,29,16,12,10,27,14,19,23,1,17,9,8,95,69,26,142,67,75,3,1,2,38,18,20,6,1,5
53320305,37,17,20,1,11,1,4,2,1,2,3,5,1,3,2,0,1,1,0,9,5,4,16,5,11,1,1,0,10,5,5,0,0,0
53320307,726,388,338,9,178,52,94,58,31,23,12,68,51,61,48,8,44,25,19,211,127,84,299,152,147,15,6,9,128,59,69,29,19,10
53320309,241,129,112,0,52,11,21,21,7,22,10,26,22,11,18,0,8,4,4,37,21,16,109,57,52,9,3,6,77,44,33,1,0,1
53320310,300,180,120,3,51,15,47,19,8,20,16,55,22,11,18,0,8,6,2,64,40,24,112,67,45,13,4,9,98,60,38,5,3,2
53320311,748,413,335,8,102,40,122,43,27,65,34,115,61,41,53,6,26,8,18,110,77,33,311,175,136,17,9,8,270,138,132,14,6,8
53320312,410,217,193,4,76,30,60,36,10,29,17,45,19,30,37,0,13,6,7,78,48,30,148,77,71,9,3,6,153,76,77,9,7,2
53320313,106,75,31,0,28,2,1,7,0,0,0,67,0,0,0,1,4,3,1,14,8,6,14,11,3,1,0,1,3,2,1,70,51,19
53320314,670,353,317,10,186,37,101,67,36,13,16,52,37,32,61,3,40,18,22,252,156,96,244,115,129,14,5,9,88,40,48,32,19,13
53320315,387,209,178,8,86,38,53,30,17,17,6,52,12,23,24,4,44,25,19,107,65,42,134,65,69,10,3,7,46,21,25,46,30,16
53320316,705,379,326,4,114,38,88,67,19,57,33,87,62,39,70,4,17,8,9,82,58,24,275,142,133,30,12,18,276,144,132,25,15,10
53320317,364,188,176,4,87,13,59,33,17,10,11,29,27,20,30,1,27,14,13,121,75,46,129,56,73,11,2,9,51,21,30,25,20,5
53320319,50,26,24,0,13,5,10,3,1,3,1,6,0,2,5,0,3,1,2,18,13,5,14,3,11,1,0,1,7,4,3,7,5,2
53137501,208,109,99,7,56,5,38,9,5,7,3,26,15,12,19,1,9,4,5,69,41,28,77,39,38,2,2,0,42,17,25,9,6,3
53137502,99,57,42,4,28,8,17,9,0,2,1,4,3,10,9,0,3,2,1,41,29,12,35,17,18,2,0,2,16,7,9,2,2,0
53393902,40,26,14,6,11,2,4,5,1,1,0,1,0,5,3,0,1,0,1,16,14,2,14,8,6,1,0,1,7,3,4,1,1,0
53393903,10,5,5,0,1,0,2,0,0,1,0,3,0,2,1,0,0,0,0,3,2,1,3,1,2,0,0,0,4,2,2,0,0,0
53333501,173,107,66,9,45,17,18,13,5,6,2,16,9,8,15,1,5,1,4,71,52,19,62,34,28,3,1,2,27,16,11,5,3,2
53144801,303,170,133,12,92,18,41,22,4,5,7,36,15,11,22,2,21,8,13,94,60,34,108,52,56,6,2,4,49,28,21,25,20,5
53144802,27,15,12,2,7,3,4,1,0,0,0,4,0,1,4,0,3,1,2,9,7,2,6,2,4,0,0,0,7,3,4,2,2,0
53145601,80,44,36,2,17,6,12,4,6,4,0,10,5,4,7,2,3,2,1,19,15,4,36,16,20,0,0,0,19,8,11,3,3,0
53145602,17,10,7,3,2,4,1,2,0,1,0,1,2,1,0,0,3,2,1,4,3,1,8,4,4,0,0,0,2,1,1,0,0,0
53145603,55,34,21,1,14,7,9,4,0,2,3,7,1,3,3,0,2,2,0,21,13,8,18,13,5,1,1,0,9,3,6,4,2,2
53145604,456,242,214,15,90,23,68,37,19,12,10,58,37,32,29,2,29,12,17,145,98,47,159,72,87,10,3,7,95,42,53,18,15,3
53146401,973,530,443,11,319,65,118,64,24,47,33,84,33,63,56,6,74,35,39,247,168,79,360,181,179,19,9,10,221,106,115,52,31,21
53146402,165,88,77,2,31,11,37,13,3,6,2,18,8,10,12,1,5,2,3,54,34,20,60,30,30,2,2,0,39,18,21,5,2,3
53147202,544,297,247,13,148,37,87,44,13,13,9,39,33,29,57,3,28,15,13,194,126,68,200,95,105,18,8,10,76,34,42,28,19,9
53147203,52,31,21,6,11,7,6,3,2,0,0,8,4,3,2,0,2,1,1,21,13,8,14,7,7,1,0,1,11,8,3,3,2,1
53147204,74,40,34,3,25,6,9,9,4,2,1,7,2,0,3,2,5,2,3,39,25,14,19,8,11,1,0,1,5,2,3,5,3,2
53440401,71,37,34,4,15,3,15,10,2,0,0,7,2,8,4,0,3,1,2,28,17,11,27,11,16,1,0,1,8,6,2,4,2,2
3303450,0,0,0,0,0,0,0,0,0,0,0,0,0,0,0,0,0,0,0,0,0,0,0,0,0,0,0,0,0,0,0,0,0,0
53331901,50,28,22,5,12,1,9,4,2,1,2,3,2,3,5,0,1,1,0,18,14,4,18,8,10,0,0,0,11,3,8,2,2,0
53421801,52,29,23,2,13,7,9,4,2,1,2,2,4,2,2,0,1,0,1,18,13,5,24,10,14,0,0,0,7,4,3,2,2,0
53152901,132,69,63,13,31,6,23,8,3,3,3,9,12,8,8,3,10,4,6,62,41,21,36,15,21,2,0,2,17,7,10,5,2,3
53152902,30,19,11,0,14,1,2,5,3,0,1,1,0,1,2,0,3,2,1,18,12,6,8,4,4,0,0,0,0,0,0,1,1,0
53153701,315,172,143,11,47,22,54,30,4,22,4,37,23,15,20,2,8,2,6,107,68,39,107,50,57,6,1,5,78,46,32,9,5,4
53154501,390,231,159,27,72,39,56,39,11,17,8,30,25,28,16,1,15,11,4,128,92,36,145,76,69,12,8,4,83,39,44,7,5,2
53154502,55,30,25,6,5,3,5,8,1,2,0,11,7,2,1,0,1,0,1,21,12,9,19,14,5,0,0,0,13,4,9,1,0,1
53391201,79,41,38,4,19,4,8,3,3,1,1,11,3,6,10,0,4,1,3,26,16,10,29,11,18,0,0,0,19,12,7,1,1,0
53391202,17,7,10,0,3,1,3,0,0,0,0,3,2,1,3,0,1,0,1,1,1,0,6,4,2,0,0,0,9,2,7,0,0,0
53360201,159,83,76,8,39,15,18,12,7,10,4,23,5,3,6,0,7,5,2,42,25,17,62,30,32,3,1,2,39,17,22,6,5,1
53426901,109,60,49,6,29,13,9,7,5,3,3,11,7,6,5,1,6,4,2,28,18,10,51,25,26,1,0,1,19,10,9,4,3,1
53158801,292,161,131,13,106,16,24,36,7,4,7,16,26,14,13,2,22,9,13,114,77,37,109,56,53,3,2,1,39,15,24,5,2,3
53159601,507,283,224,16,131,32,56,44,18,20,18,44,35,35,33,5,24,17,7,150,100,50,176,89,87,12,5,7,107,44,63,38,28,10
53159602,186,101,85,8,51,15,15,20,11,5,4,12,16,14,10,0,10,7,3,64,40,24,75,39,36,3,0,3,31,13,18,3,2,1
53159603,218,119,99,6,33,14,37,19,7,11,2,27,16,11,16,0,10,6,4,63,46,17,74,32,42,8,4,4,62,31,31,1,0,1
53159604,158,91,67,5,25,10,23,14,7,12,8,16,11,10,10,0,6,4,2,41,32,9,68,33,35,2,1,1,37,19,18,4,2,2
53160001,347,176,171,4,68,18,34,34,10,11,9,50,27,25,38,1,19,9,10,112,75,37,141,60,81,10,2,8,60,26,34,5,4,1
53160002,12,8,4,0,1,1,0,1,2,2,0,2,1,0,2,0,0,0,0,3,3,0,6,3,3,0,0,0,2,2,0,1,0,1
53162601,228,125,103,9,87,10,24,17,3,2,4,13,22,10,15,4,16,6,10,83,61,22,85,37,48,3,0,3,34,16,18,7,5,2
53163401,90,48,42,5,33,3,15,5,0,1,0,8,3,5,11,0,1,0,1,37,26,11,38,18,20,3,0,3,11,4,7,0,0,0
53163402,341,194,147,11,155,19,31,24,6,6,3,22,14,15,20,4,12,5,7,124,85,39,141,77,64,7,2,5,47,18,29,10,7,3
53164201,116,71,45,1,42,21,13,10,2,2,3,3,8,3,4,0,2,1,1,54,36,18,37,20,17,2,0,2,13,7,6,8,7,1
53164202,47,26,21,4,17,5,4,3,0,0,0,1,4,5,1,0,1,1,0,21,15,6,20,9,11,0,0,0,4,0,4,1,1,0
53411101,98,58,40,6,31,12,12,7,2,0,0,5,7,2,11,0,4,2,2,33,26,7,46,25,21,4,1,3,9,3,6,2,1,1
53166901,68,42,26,1,30,5,6,1,1,1,1,9,2,2,6,1,5,3,2,25,16,9,17,10,7,6,4,2,10,6,4,5,3,2
53166902,133,70,63,6,36,11,18,9,0,4,3,13,11,10,7,0,6,2,4,47,34,13,35,13,22,5,3,2,36,17,19,4,1,3
53166903,61,29,32,3,12,7,3,7,2,2,0,8,4,7,3,0,2,1,1,23,15,8,22,6,16,2,0,2,12,7,5,0,0,0
53428501,114,71,43,3,35,11,12,13,1,5,3,8,6,4,8,0,2,0,2,43,34,9,49,25,24,1,1,0,18,10,8,1,1,0
3303110,0,0,0,0,0,0,0,0,0,0,0,0,0,0,0,0,0,0,0,0,0,0,0,0,0,0,0,0,0,0,0,0,0,0
53168501,323,175,148,14,122,24,25,29,10,5,4,24,16,18,25,1,21,12,9,104,63,41,126,64,62,8,2,6,50,21,29,14,13,1
53169301,419,243,176,5,144,38,47,46,10,11,5,32,21,16,24,0,19,9,10,178,128,50,146,69,77,5,0,5,51,26,25,20,11,9
53171501,274,149,125,6,112,16,34,20,10,5,2,19,12,10,23,0,11,6,5,125,83,42,87,39,48,3,1,2,36,11,25,12,9,3
53396301,42,26,16,1,14,0,8,4,0,2,0,5,4,0,2,0,0,0,0,14,12,2,17,9,8,0,0,0,9,4,5,2,1,1
53396302,24,13,11,2,9,4,1,2,2,0,1,1,1,0,1,0,0,0,0,13,9,4,8,3,5,0,0,0,3,1,2,0,0,0
53174001,74,50,24,3,14,8,12,2,5,3,1,12,3,4,5,0,2,1,1,37,30,7,17,10,7,3,1,2,11,6,5,4,2,2
53174002,160,91,69,12,28,9,19,12,5,7,5,18,8,13,16,2,3,1,2,50,31,19,60,37,23,4,0,4,36,17,19,7,5,2
53174003,26,11,15,0,3,2,5,0,1,0,2,5,2,2,2,0,0,0,0,5,3,2,9,4,5,0,0,0,12,4,8,0,0,0
53174004,11,5,6,0,1,0,1,0,0,2,1,0,2,0,2,0,0,0,0,1,1,0,4,2,2,0,0,0,6,2,4,0,0,0
53174006,43,27,16,1,4,5,10,6,2,1,1,4,3,3,3,0,0,0,0,19,13,6,19,11,8,1,1,0,4,2,2,0,0,0
53175801,48,26,22,0,9,5,6,2,1,1,0,7,2,2,7,1,2,1,1,14,7,7,19,13,6,0,0,0,12,4,8,1,1,0
53175802,227,123,104,5,50,12,25,16,16,22,0,29,12,15,15,1,9,4,5,67,45,22,76,40,36,6,1,5,59,26,33,10,7,3
53176601,227,137,90,4,57,23,36,27,6,6,3,14,5,13,20,0,8,5,3,92,66,26,64,33,31,4,3,1,46,21,25,13,9,4
53178202,229,137,92,8,66,18,20,21,4,7,4,21,16,9,15,2,15,10,5,98,66,32,80,41,39,6,1,5,24,13,11,6,6,0
53179101,272,149,123,13,56,25,33,18,8,20,8,31,18,16,14,0,11,6,5,76,53,23,121,56,65,7,3,4,53,28,25,4,3,1
1602532,0,0,0,0,0,0,0,0,0,0,0,0,0,0,0,0,0,0,0,0,0,0,0,0,0,0,0,0,0,0,0,0,0,0
53180401,22,11,11,0,3,2,2,1,1,4,0,2,3,2,2,0,0,0,0,4,1,3,10,7,3,1,0,1,5,2,3,2,1,1
53180402,42,24,18,0,6,1,8,3,0,2,1,2,4,9,6,0,1,1,0,10,6,4,17,10,7,1,0,1,10,4,6,3,3,0
53180403,36,19,17,0,3,5,7,1,1,3,0,5,5,3,1,0,1,1,0,3,1,2,12,7,5,1,1,0,14,7,7,5,2,3
53181201,197,111,86,6,15,17,19,10,13,19,6,28,8,20,19,3,5,2,3,29,20,9,77,46,31,7,2,5,71,35,36,8,6,2
53181202,65,39,26,2,8,7,6,9,1,6,1,5,2,10,2,0,1,1,0,20,14,6,23,13,10,1,1,0,17,9,8,3,1,2
53181203,231,125,106,6,31,24,33,14,11,14,3,37,11,20,13,0,5,3,2,52,32,20,101,53,48,9,4,5,60,31,29,4,2,2
53183903,452,251,201,17,110,32,32,49,18,16,10,35,25,39,39,1,18,6,12,148,102,46,174,90,84,6,0,6,91,43,48,15,10,5
53184701,583,347,236,15,270,21,40,43,15,19,3,56,32,28,25,4,27,15,12,172,128,44,253,133,120,10,6,4,92,48,44,29,17,12
53185501,73,44,29,3,19,5,7,7,1,8,2,3,0,6,7,0,5,3,2,23,16,7,28,17,11,1,0,1,14,7,7,2,1,1
53185502,547,315,232,15,170,41,65,57,22,22,10,38,43,24,27,2,45,30,15,196,136,60,195,99,96,11,3,8,77,34,43,23,13,10
53446301,135,75,60,5,38,14,20,14,4,3,2,7,6,7,4,0,6,1,5,56,38,18,45,22,23,2,1,1,23,12,11,3,1,2
53310601,323,185,138,4,65,33,50,25,5,15,9,26,28,18,27,1,10,7,3,69,41,28,141,80,61,5,2,3,85,47,38,13,8,5
53188001,107,59,48,2,18,10,22,7,3,5,3,10,2,13,7,1,6,4,2,31,21,10,43,21,22,1,0,1,24,12,12,2,1,1
53190101,352,203,149,8,153,18,41,19,6,9,6,27,20,23,15,2,13,7,6,104,70,34,158,81,77,4,1,3,62,37,25,11,7,4
53191001,114,63,51,6,30,4,19,10,0,1,2,14,13,6,4,0,4,2,2,40,26,14,41,18,23,5,3,2,21,12,9,3,2,1
53191002,15,10,5,1,3,2,0,3,0,0,0,1,1,1,3,0,0,0,0,4,4,0,7,3,4,2,1,1,1,1,0,1,1,0
53191003,94,55,39,3,27,9,13,6,2,2,4,8,4,9,1,1,5,1,4,36,29,7,34,19,15,1,0,1,15,4,11,3,2,1
53423401,56,31,25,3,13,3,3,5,0,2,2,6,5,4,3,0,1,0,1,21,18,3,24,8,16,0,0,0,10,5,5,0,0,0
53404801,140,80,60,10,40,12,10,11,5,4,1,9,10,9,12,2,3,2,1,54,37,17,61,31,30,4,1,3,15,6,9,3,3,0
53194401,98,54,44,2,17,5,15,8,1,2,0,19,6,5,7,0,4,2,2,31,21,10,36,21,15,4,1,3,19,8,11,4,1,3
53194402,404,212,192,8,76,31,73,40,9,10,10,44,41,21,20,2,17,10,7,128,79,49,156,71,85,9,3,6,76,38,38,18,11,7
53194403,149,74,75,2,25,11,22,18,1,8,1,14,9,12,12,5,1,1,0,42,28,14,55,27,28,3,1,2,43,16,27,5,1,4
53195201,233,141,92,8,61,31,17,17,6,10,4,22,13,24,9,4,4,2,2,92,67,25,94,48,46,3,0,3,31,17,14,9,7,2
53196101,137,69,68,13,28,12,20,9,6,8,4,13,4,4,7,1,6,3,3,47,29,18,43,21,22,2,0,2,35,14,21,4,2,2
53196102,95,52,43,5,11,11,14,6,5,6,1,11,5,10,4,0,4,1,3,36,25,11,30,13,17,1,0,1,17,9,8,7,4,3
53196103,654,386,268,7,65,43,82,52,16,85,48,114,41,21,35,6,17,11,6,86,60,26,210,127,83,28,13,15,301,165,136,12,10,2
53197901,502,278,224,6,71,29,69,38,23,33,15,68,39,43,32,3,21,15,6,125,76,49,185,99,86,10,0,10,143,74,69,18,14,4
53199501,81,45,36,3,32,4,10,5,0,5,1,4,3,6,6,0,6,3,3,27,18,9,28,15,13,4,0,4,12,7,5,4,2,2
53199502,60,36,24,2,27,3,9,1,1,4,1,2,1,3,5,0,3,0,3,18,15,3,28,16,12,1,0,1,9,5,4,1,0,1
53199503,82,46,36,4,27,6,8,10,0,1,1,9,4,3,6,0,7,4,3,32,24,8,31,13,18,2,0,2,7,3,4,3,2,1
53199505,113,60,53,3,41,4,16,11,0,3,3,7,6,10,8,0,2,0,2,31,21,10,51,26,25,1,0,1,23,10,13,5,3,2
53199506,402,235,167,18,181,24,31,30,7,3,2,27,14,22,25,1,24,13,11,150,103,47,143,77,66,6,3,3,58,25,33,21,14,7
53200201,270,161,109,11,108,16,36,27,6,5,1,26,5,9,9,3,12,7,5,112,78,34,94,46,48,1,1,0,25,12,13,26,17,9
53201101,120,62,58,9,27,5,18,13,1,1,3,11,8,5,10,2,5,3,2,42,25,17,48,23,25,3,2,1,20,8,12,2,1,1
53201102,95,50,45,4,23,4,14,10,1,5,1,7,5,8,8,0,8,3,5,33,25,8,32,11,21,2,0,2,19,10,9,1,1,0
53201103,123,72,51,1,35,9,13,17,4,3,0,12,7,7,7,1,7,4,3,46,34,12,43,20,23,2,1,1,17,8,9,8,5,3
53201104,1737,953,784,37,425,121,233,195,53,60,32,154,97,122,136,5,108,66,42,609,401,208,590,272,318,30,11,19,310,138,172,90,65,25
53202901,56,32,24,7,17,6,3,3,1,0,0,6,2,2,7,1,2,0,2,27,19,8,20,9,11,2,1,1,3,1,2,2,2,0
53202903,1125,602,523,10,381,59,163,82,24,24,15,94,55,99,65,9,62,33,29,378,245,133,419,202,217,25,8,17,192,83,109,49,31,18
59941701,157,83,74,8,39,10,19,14,6,11,4,12,10,5,12,1,6,0,6,53,36,17,64,31,33,2,0,2,25,11,14,7,5,2
53501001,162,92,70,13,32,10,13,16,3,11,5,8,15,12,14,1,6,4,2,58,37,21,59,31,28,5,2,3,28,15,13,6,3,3
53207001,104,61,43,4,10,11,10,12,5,7,2,13,6,11,6,0,6,3,3,23,16,7,30,17,13,4,2,2,33,17,16,8,6,2
53208801,42,22,20,2,11,4,6,4,1,0,1,6,1,0,5,0,0,0,0,21,15,6,15,5,10,0,0,0,4,1,3,2,1,1
53208802,149,79,70,6,37,12,27,14,2,5,1,16,10,4,10,0,4,1,3,47,30,17,68,34,34,2,1,1,22,8,14,6,5,1
53512501,88,54,34,8,20,8,5,6,4,5,2,8,7,8,4,0,3,2,1,38,25,13,25,16,9,1,1,0,16,8,8,5,2,3
53210001,151,79,72,6,29,7,19,14,8,7,6,15,8,14,8,0,14,7,7,62,36,26,43,20,23,3,1,2,27,14,13,2,1,1
53211801,756,413,343,2,136,58,87,109,19,40,26,67,66,40,70,7,40,23,17,202,123,79,312,171,141,22,7,15,162,79,83,18,10,8
53211802,365,197,168,2,63,33,53,52,5,15,6,37,27,34,24,2,12,6,6,124,77,47,133,65,68,14,7,7,67,33,34,15,9,6
53212601,239,124,115,3,41,26,41,33,4,10,3,22,12,14,23,1,12,7,5,63,41,22,91,40,51,4,0,4,56,25,31,13,11,2
53212602,35,16,19,0,9,3,3,1,3,4,0,3,1,4,2,0,7,3,4,3,2,1,17,9,8,0,0,0,7,1,6,1,1,0
53212603,320,170,150,5,62,26,42,31,15,13,6,32,17,24,31,1,9,4,5,69,44,25,123,66,57,11,5,6,99,46,53,9,5,4
53214201,65,36,29,0,16,7,7,5,2,2,1,9,2,6,8,0,5,2,3,29,20,9,27,13,14,0,0,0,4,1,3,0,0,0
53214202,375,206,169,7,77,37,34,48,10,14,9,35,39,23,28,3,25,14,11,103,75,28,157,80,77,8,3,5,70,26,44,12,8,4
53214203,63,33,30,2,9,3,12,11,0,2,2,4,4,3,11,0,0,0,0,19,15,4,23,11,12,3,0,3,17,6,11,1,1,0
53216903,2010,1075,935,34,280,100,252,266,73,123,79,253,180,127,125,10,87,47,40,412,273,139,773,385,388,61,20,41,622,317,305,55,33,22
53218501,335,180,155,2,81,25,38,41,7,13,6,33,29,18,26,2,17,8,9,110,75,35,125,54,71,4,0,4,65,35,30,14,8,6
53218502,25,13,12,0,6,3,3,2,2,2,1,5,0,1,0,0,2,1,1,10,5,5,11,6,5,0,0,0,2,1,1,0,0,0
53218503,27,16,11,0,6,5,1,7,0,0,1,3,3,1,0,0,2,2,0,6,6,0,11,5,6,0,0,0,6,2,4,2,1,1
53220701,60,35,25,4,22,2,6,7,3,2,4,4,2,2,1,1,10,5,5,22,16,6,15,6,9,2,1,1,7,4,3,4,3,1
53220702,35,22,13,5,14,3,4,1,0,1,0,2,2,1,0,0,4,3,1,11,8,3,9,4,5,1,1,0,3,2,1,7,4,3
53220703,275,152,123,18,78,16,41,36,4,4,2,17,12,17,20,0,18,8,10,112,74,38,88,39,49,7,4,3,29,14,15,21,13,8
53220704,93,48,45,4,30,3,13,10,0,2,0,10,4,6,6,0,2,1,1,45,31,14,33,15,18,2,0,2,9,1,8,2,0,2
53222301,883,470,413,9,159,79,122,101,21,35,40,107,57,46,65,3,30,17,13,209,144,65,397,178,219,21,5,16,199,111,88,27,15,12
51313001,164,89,75,3,38,19,14,19,5,4,3,26,14,6,9,0,12,5,7,42,28,14,64,33,31,3,0,3,30,13,17,13,10,3
51299101,97,56,41,9,20,10,7,12,1,1,3,8,7,7,8,0,3,1,2,33,24,9,37,19,18,4,1,3,18,9,9,2,2,0
53227401,37,21,16,0,7,3,5,8,2,0,0,4,2,2,2,0,2,1,1,13,10,3,14,6,8,2,1,1,6,3,3,0,0,0
53227402,484,259,225,11,81,64,59,51,13,16,12,48,34,35,34,3,18,10,8,145,105,40,185,88,97,15,2,13,109,48,61,12,6,6
53228201,223,124,99,1,43,27,25,31,8,6,5,26,12,14,13,0,15,6,9,90,63,27,76,33,43,4,1,3,31,17,14,7,4,3
53229101,27,14,13,2,7,5,4,1,0,1,0,3,0,0,2,0,2,1,1,10,6,4,10,5,5,0,0,0,2,1,1,3,1,2
53229102,131,82,49,9,35,11,14,16,2,2,2,10,10,6,9,1,12,5,7,56,46,10,40,18,22,3,1,2,14,6,8,6,6,0
51307501,106,65,41,16,31,8,12,11,1,1,0,12,8,2,3,1,10,6,4,59,40,19,20,9,11,3,2,1,9,4,5,5,4,1
51307502,44,24,20,4,15,1,4,5,2,0,0,6,1,3,2,0,5,2,3,17,10,7,12,7,5,0,0,0,9,5,4,1,0,1
51307503,34,21,13,3,12,0,4,3,4,1,0,1,3,1,1,1,4,4,0,13,7,6,12,7,5,1,1,0,2,1,1,2,1,1
53231201,427,220,207,5,70,30,56,46,13,24,22,50,29,18,33,1,23,11,12,75,47,28,172,81,91,4,0,4,137,72,65,16,9,7
53232101,141,83,58,11,49,17,11,5,2,0,3,17,5,12,7,1,5,4,1,59,37,22,54,29,25,4,2,2,16,9,7,3,2,1
53515001,50,23,27,7,14,2,3,3,3,0,0,1,6,4,5,0,2,1,1,21,11,10,20,9,11,1,0,1,4,1,3,2,1,1
53233901,278,170,108,8,108,18,32,27,7,2,2,19,11,10,25,3,27,19,8,132,89,43,76,40,36,6,2,4,18,7,11,19,13,6
53233902,19,10,9,0,5,1,6,1,0,2,0,1,1,0,1,0,2,1,1,4,3,1,8,3,5,0,0,0,2,1,1,3,2,1
53234701,876,504,372,30,125,71,115,142,33,44,27,108,54,51,49,3,51,31,20,228,158,70,338,175,163,27,16,11,206,105,101,26,19,7
53235501,90,48,42,1,17,10,11,7,0,4,8,8,11,4,7,0,1,1,0,23,19,4,41,21,20,2,0,2,20,5,15,3,2,1
53235502,45,20,25,4,10,5,3,3,0,3,1,2,3,5,5,0,4,3,1,9,5,4,21,9,12,1,0,1,10,3,7,0,0,0
53235503,134,75,59,6,27,10,15,16,2,2,5,9,10,14,11,0,7,4,3,35,28,7,60,28,32,3,0,3,23,13,10,6,2,4
53236301,276,148,128,7,74,23,31,19,13,9,6,17,28,17,19,2,13,5,8,92,66,26,100,43,57,5,0,5,61,30,31,5,4,1
53237101,1108,591,517,6,180,91,142,154,37,59,24,135,85,81,64,5,45,21,24,231,149,82,474,232,242,25,8,17,287,151,136,46,30,16
53237102,23,16,7,0,5,3,6,1,1,1,0,2,1,0,2,1,0,0,0,11,8,3,9,6,3,0,0,0,1,0,1,2,2,0
53239801,64,37,27,7,16,3,8,7,0,1,1,5,2,7,4,0,5,2,3,28,22,6,20,9,11,0,0,0,9,2,7,2,2,0
53239802,23,14,9,0,8,3,2,1,0,0,0,5,2,0,1,0,1,1,0,7,4,3,10,6,4,0,0,0,5,3,2,0,0,0
53239803,89,51,38,5,24,6,12,12,3,3,2,8,3,2,4,0,5,1,4,29,18,11,34,22,12,0,0,0,18,7,11,3,3,0
53240101,10,6,4,2,3,1,3,0,0,0,0,0,0,0,1,0,3,2,1,3,2,1,3,1,2,0,0,0,0,0,0,1,1,0
53240102,144,80,64,21,36,10,15,9,4,3,3,10,4,6,17,1,16,6,10,70,46,24,45,23,22,2,1,1,6,0,6,5,4,1
53241001,228,132,96,14,67,16,26,20,7,1,6,25,11,13,13,0,10,4,6,90,64,26,78,38,40,6,2,4,33,16,17,11,8,3
53242801,157,83,74,8,32,7,19,15,5,3,1,26,11,12,11,2,7,3,4,37,23,14,67,35,32,5,2,3,28,12,16,13,8,5
53244401,633,341,292,14,131,62,90,74,20,17,7,48,64,38,48,1,29,13,16,214,150,64,258,114,144,10,2,8,90,40,50,32,22,10
53245201,13,8,5,0,2,0,2,0,0,2,0,2,2,1,0,1,0,0,0,2,1,1,5,3,2,0,0,0,6,4,2,0,0,0
53245202,666,360,306,12,164,55,69,67,11,18,16,83,59,42,48,1,29,16,13,195,131,64,284,131,153,11,6,5,119,59,60,28,17,11
53245203,168,90,78,8,33,11,26,24,6,2,3,14,3,18,12,1,6,6,0,51,34,17,55,26,29,3,0,3,42,20,22,11,4,7
51303201,222,122,100,4,67,14,26,32,4,3,4,21,17,9,11,2,16,9,7,96,63,33,80,38,42,4,1,3,20,6,14,6,5,1
0649980,0,0,0,0,0,0,0,0,0,0,0,0,0,0,0,0,0,0,0,0,0,0,0,0,0,0,0,0,0,0,0,0,0,0
0651960,0,0,0,0,0,0,0,0,0,0,0,0,0,0,0,0,0,0,0,0,0,0,0,0,0,0,0,0,0,0,0,0,0,0
3071140,0,0,0,0,0,0,0,0,0,0,0,0,0,0,0,0,0,0,0,0,0,0,0,0,0,0,0,0,0,0,0,0,0,0
3071220,0,0,0,0,0,0,0,0,0,0,0,0,0,0,0,0,0,0,0,0,0,0,0,0,0,0,0,0,0,0,0,0,0,0
53205301,111,64,47,1,37,14,10,14,0,3,0,20,2,3,4,2,24,13,11,41,25,16,22,11,11,2,1,1,8,6,2,14,8,6
53205302,120,66,54,0,39,8,14,9,4,0,1,12,8,13,9,0,11,7,4,39,26,13,51,24,27,2,0,2,17,9,8,0,0,0
53205303,468,257,211,7,113,48,50,53,8,9,7,50,34,24,40,4,50,31,19,151,104,47,173,81,92,10,2,8,66,28,38,18,11,7
53205304,291,167,124,4,80,32,36,35,9,6,5,25,16,16,12,1,32,14,18,108,66,42,98,56,42,4,1,3,43,26,17,6,4,2
53205305,19,17,2,0,13,0,0,2,1,0,0,1,0,0,2,0,1,1,0,5,4,1,5,4,1,2,2,0,4,4,0,2,2,0
53205306,219,120,99,3,37,22,31,19,4,7,3,29,13,17,24,2,6,2,4,64,43,21,105,57,48,3,0,3,39,17,22,2,1,1
53205307,1499,755,744,12,348,66,174,188,72,51,32,144,108,84,141,7,128,54,74,466,280,186,549,239,310,32,9,23,251,122,129,73,51,22
53205308,274,145,129,3,55,16,26,23,12,11,5,29,16,27,18,1,18,11,7,63,37,26,98,53,45,5,2,3,85,40,45,5,2,3
53205309,2590,1329,1261,19,554,133,326,299,83,92,62,253,218,171,225,21,206,101,105,706,402,304,1003,492,511,69,24,45,501,249,252,105,61,44
53205310,36,18,18,0,3,2,2,1,0,0,2,3,4,3,15,0,0,0,0,1,1,0,13,5,8,0,0,0,21,11,10,1,1,0
53205311,16,7,9,0,3,1,7,0,1,0,0,0,1,1,2,0,4,1,3,5,3,2,3,1,2,0,0,0,4,2,2,0,0,0
53205312,83,48,35,2,25,7,16,8,2,0,1,7,3,4,5,2,14,9,5,26,16,10,30,17,13,1,0,1,8,5,3,4,1,3
53205313,2642,1488,1154,18,587,153,330,320,145,77,63,307,153,138,172,34,239,133,106,691,462,229,861,404,457,63,20,43,435,215,220,353,254,99
53205314,986,512,474,4,220,53,122,120,38,27,29,99,65,53,110,6,66,36,30,317,196,121,360,164,196,36,16,20,164,77,87,43,23,20
53205315,703,371,332,4,124,41,90,68,28,21,18,91,62,61,61,4,29,12,17,120,75,45,291,145,146,20,9,11,220,116,104,23,14,9
53205316,222,112,110,2,33,18,22,19,2,7,9,37,13,13,34,0,26,9,17,42,26,16,79,40,39,5,3,2,65,32,33,5,2,3
53205317,933,482,451,4,182,72,122,84,24,35,30,103,79,79,81,2,34,21,13,175,114,61,377,174,203,15,6,9,299,148,151,33,19,14
53205318,735,373,362,5,144,47,83,79,34,31,17,88,49,63,59,1,51,26,25,193,112,81,271,133,138,17,5,12,189,87,102,14,10,4
53205320,949,490,459,7,165,49,132,82,39,34,29,127,55,73,108,8,63,27,36,184,116,68,365,179,186,19,5,14,256,125,131,62,38,24
53205321,1812,923,889,11,448,91,225,210,70,62,45,214,112,121,129,9,144,69,75,488,318,170,679,282,397,48,18,30,322,155,167,131,81,50
53205322,2010,1029,981,12,458,107,269,269,86,65,41,201,148,113,142,5,168,87,81,651,381,270,761,359,402,50,22,28,304,136,168,76,44,32
53205323,1841,986,855,11,521,89,220,237,74,53,46,193,92,95,120,13,183,87,96,606,364,242,643,323,320,51,25,26,258,129,129,100,58,42
53205325,1616,813,803,10,407,99,194,205,62,50,50,177,112,81,102,8,130,62,68,477,264,213,592,287,305,46,17,29,289,133,156,82,50,32
53205327,2023,1011,1012,11,559,98,261,275,72,57,52,188,125,90,140,14,164,69,95,673,383,290,762,352,410,56,21,35,269,130,139,99,56,43
53205328,18,6,12,0,5,0,6,1,0,0,0,1,0,1,2,0,0,0,0,9,3,6,6,3,3,1,0,1,2,0,2,0,0,0
53205329,495,260,235,3,118,27,60,63,9,14,16,46,45,25,45,3,31,21,10,138,73,65,209,107,102,14,5,9,90,46,44,13,8,5
53205331,936,478,458,7,194,48,122,85,33,45,28,102,73,78,75,1,56,26,30,210,120,90,394,196,198,14,4,10,247,123,124,15,9,6
53205332,1821,945,876,16,387,90,229,223,58,71,51,202,136,124,152,5,104,44,60,495,311,184,734,351,383,48,17,31,366,176,190,74,46,28
53205333,120,86,34,3,52,9,1,37,1,0,0,14,0,1,0,1,11,8,3,12,8,4,14,7,7,5,2,3,5,3,2,73,58,15
53205334,715,350,365,3,185,25,89,79,28,19,17,66,51,57,60,8,57,30,27,227,126,101,266,114,152,17,6,11,119,55,64,29,19,10
53205335,1435,745,690,11,271,70,177,145,53,48,34,179,124,131,133,5,93,38,55,298,182,116,563,274,289,26,8,18,407,209,198,48,34,14
53205336,64,40,24,0,19,4,4,12,6,1,1,3,5,4,2,0,9,5,4,32,23,9,13,7,6,1,0,1,6,4,2,3,1,2
53205337,523,282,241,1,95,25,85,69,17,28,19,51,32,25,45,1,22,15,7,109,71,38,215,109,106,23,8,15,123,61,62,31,18,13
53205338,1733,893,840,12,434,86,212,216,44,57,40,145,178,97,136,10,156,81,75,570,344,226,647,294,353,43,18,25,252,113,139,65,43,22
53205339,708,382,326,8,148,63,102,82,31,21,17,66,41,53,45,7,80,40,40,205,134,71,276,141,135,20,9,11,107,44,63,20,14,6
53205342,1327,700,627,11,210,81,170,127,44,60,44,169,94,121,128,7,51,23,28,284,193,91,544,264,280,37,13,24,393,196,197,18,11,7
53205343,1457,783,674,9,314,93,168,179,44,53,39,139,117,103,118,9,103,58,45,434,282,152,615,305,310,28,5,23,241,113,128,36,20,16
53205344,259,140,119,2,39,18,28,37,3,16,6,36,22,20,17,2,11,5,6,71,48,23,99,51,48,9,2,7,57,26,31,12,8,4
53205345,24,14,10,1,6,2,5,5,1,0,0,1,1,2,0,0,3,2,1,15,8,7,5,4,1,0,0,0,1,0,1,0,0,0
53205346,734,401,333,3,175,56,88,81,14,25,18,74,49,62,62,2,40,20,20,212,141,71,321,160,161,18,6,12,124,61,63,19,13,6
53246101,252,142,110,13,71,19,34,33,11,2,6,19,12,10,17,1,17,7,10,103,66,37,86,42,44,3,2,1,26,14,12,17,11,6
53246102,58,34,24,10,9,6,4,6,1,1,0,5,4,2,4,4,11,7,4,26,17,9,11,5,6,2,1,1,2,1,1,6,3,3
53246103,45,28,17,5,8,6,5,6,2,0,0,4,3,2,3,0,4,1,3,19,12,7,13,9,4,1,0,1,6,4,2,2,2,0
53246104,37,22,15,1,7,8,4,4,1,0,0,5,2,3,1,0,5,4,1,15,10,5,10,3,7,1,1,0,4,3,1,2,1,1
53246105,63,34,29,2,13,7,8,9,1,2,2,4,0,4,8,1,7,3,4,32,19,13,17,10,7,1,0,1,4,1,3,2,1,1
53247901,129,74,55,18,30,13,15,11,5,2,0,6,5,9,11,0,14,9,5,49,33,16,39,16,23,2,2,0,16,8,8,9,6,3
53248701,300,170,130,5,68,16,38,39,13,7,8,33,22,15,25,1,14,6,8,102,66,36,115,61,54,10,4,6,51,28,23,8,5,3
53249501,270,141,129,3,52,24,26,42,10,10,4,26,17,21,18,3,15,6,9,104,64,40,87,44,43,8,3,5,47,18,29,9,6,3
53249502,19,10,9,0,2,0,3,4,1,1,0,2,2,0,1,1,0,0,0,12,6,6,5,4,1,0,0,0,2,0,2,0,0,0
53249503,12,7,5,0,4,0,1,2,1,1,0,0,1,2,0,0,0,0,0,1,0,1,9,6,3,0,0,0,2,1,1,0,0,0
53510901,120,73,47,3,29,11,13,17,4,5,1,6,11,8,7,0,10,8,2,29,23,6,48,25,23,4,3,1,25,12,13,4,2,2
57151201,58,32,26,1,16,5,8,9,0,2,1,3,5,3,3,1,1,1,0,26,15,11,24,11,13,0,0,0,4,3,1,3,2,1
53251701,36,20,16,0,10,4,5,2,0,0,0,6,1,5,2,0,2,1,1,11,7,4,12,6,6,1,0,1,5,2,3,5,4,1
53252501,329,178,151,5,70,24,41,33,12,17,7,35,17,25,22,2,13,7,6,94,59,35,119,59,60,6,2,4,82,41,41,15,10,5
54199103,1072,565,507,49,196,56,135,94,49,46,29,119,84,87,77,7,40,17,23,282,175,107,417,206,211,29,14,15,287,142,145,17,11,6
54199104,72,40,32,3,15,7,5,9,1,1,1,6,9,5,6,0,4,1,3,29,18,11,20,12,8,1,0,1,17,8,9,1,1,0
53253301,252,136,116,13,45,20,16,13,6,10,6,23,21,21,38,5,25,16,9,84,58,26,82,36,46,5,1,4,42,17,25,14,8,6
51304101,325,169,156,11,69,33,27,36,7,12,5,28,40,20,22,2,16,5,11,98,70,28,126,55,71,11,3,8,71,34,37,3,2,1
56415001,38,21,17,1,7,2,7,6,3,1,1,1,2,4,2,0,1,1,0,11,9,2,17,8,9,0,0,0,7,2,5,2,1,1
57160101,181,105,76,4,38,17,23,16,8,7,8,9,14,10,10,2,13,6,7,51,37,14,77,38,39,0,0,0,34,18,16,6,6,0
53257601,1395,765,630,14,316,123,174,184,35,30,37,147,96,87,93,10,108,51,57,437,292,145,551,253,298,28,17,11,210,109,101,61,43,18
53257602,42,25,17,1,11,5,7,4,1,1,0,4,1,3,2,0,3,2,1,12,8,4,23,14,9,2,0,2,1,0,1,1,1,0
53257603,65,40,25,0,19,1,15,8,3,1,1,4,3,3,3,1,3,3,0,15,10,5,31,16,15,1,1,0,11,6,5,4,4,0
53258401,262,135,127,3,35,16,34,43,12,9,10,30,19,20,13,2,13,7,6,47,29,18,96,46,50,5,4,1,98,46,52,3,3,0
57155501,43,24,19,1,8,4,4,1,2,1,0,5,1,6,5,0,3,2,1,16,8,8,16,10,6,2,0,2,6,4,2,0,0,0
53509501,73,38,35,5,15,7,14,8,2,0,1,5,2,3,6,0,6,2,4,34,21,13,23,11,12,1,1,0,5,1,4,4,2,2
53262201,268,151,117,4,41,23,38,39,5,10,10,34,23,11,16,2,8,4,4,67,47,20,97,48,49,10,3,7,75,41,34,11,8,3
53263101,309,165,144,7,37,26,37,28,11,18,5,34,22,32,31,0,12,4,8,74,54,20,114,59,55,10,3,7,96,42,54,3,3,0
51311301,150,86,64,6,34,5,18,24,4,4,2,17,9,11,13,1,4,2,2,34,23,11,64,29,35,5,2,3,35,23,12,8,7,1
53265701,68,40,28,1,19,3,8,9,1,2,0,5,7,3,6,1,6,2,4,27,20,7,22,11,11,1,0,1,8,3,5,4,4,0
53265702,120,66,54,5,19,13,8,18,7,3,1,13,8,11,6,2,8,5,3,47,29,18,39,20,19,4,3,1,17,6,11,5,3,2
53265703,12,7,5,1,3,1,2,1,1,0,0,2,0,1,0,0,0,0,0,5,3,2,7,4,3,0,0,0,0,0,0,0,0,0
57152101,88,49,39,5,16,7,9,10,5,1,1,9,9,4,9,0,6,2,4,31,19,12,34,20,14,4,2,2,11,4,7,2,2,0
53266501,224,129,95,11,74,16,33,18,7,6,5,20,10,7,6,2,11,7,4,109,69,40,82,40,42,2,0,2,16,9,7,4,4,0
53268101,426,240,186,12,97,30,48,46,17,10,3,56,25,30,32,4,24,17,7,155,101,54,161,87,74,14,3,11,54,22,32,18,10,8
56419201,109,60,49,6,40,8,8,13,2,1,3,6,4,4,11,0,6,4,2,45,31,14,41,19,22,3,1,2,6,2,4,8,3,5
53271101,114,66,48,0,25,10,13,15,7,5,2,13,7,5,6,0,5,2,3,39,26,13,43,23,20,1,0,1,21,12,9,5,3,2
53272001,331,171,160,5,73,25,43,34,14,10,4,34,15,16,41,1,17,6,11,122,76,46,132,69,63,9,1,8,45,15,30,6,4,2
53272002,92,50,42,0,21,6,14,15,2,4,1,9,8,4,4,0,11,4,7,39,24,15,29,16,13,0,0,0,6,3,3,7,3,4
53272003,485,265,220,7,119,42,65,58,13,14,10,36,31,27,43,2,28,9,19,170,111,59,180,93,87,18,4,14,62,31,31,27,17,10
53272004,86,49,37,2,18,8,6,13,1,2,1,13,7,8,3,1,6,4,2,30,19,11,33,17,16,2,1,1,10,4,6,5,4,1
53273801,316,177,139,4,68,19,39,28,8,18,4,40,21,22,24,3,18,11,7,79,54,25,115,53,62,11,5,6,80,44,36,13,10,3
56412501,98,51,47,2,26,9,12,6,9,0,1,9,8,3,9,0,6,2,4,46,29,17,35,16,19,1,0,1,7,2,5,3,2,1
53275401,189,107,82,3,42,11,31,24,8,8,3,13,15,9,13,0,15,5,10,69,46,23,72,43,29,2,1,1,21,6,15,10,6,4
56408701,116,65,51,1,32,10,12,12,1,2,0,11,6,5,14,1,10,4,6,60,41,19,37,15,22,1,0,1,7,4,3,1,1,0
53276201,60,39,21,3,18,6,4,7,0,2,1,6,6,5,2,0,1,1,0,21,11,10,20,15,5,3,1,2,7,4,3,8,7,1
53276202,164,94,70,6,40,26,13,11,2,2,2,15,11,17,12,2,5,2,3,60,43,17,60,22,38,2,1,1,19,11,8,18,15,3
53277101,207,112,95,12,45,13,32,19,0,10,4,17,18,13,20,1,12,10,2,71,48,23,79,33,46,5,0,5,32,19,13,8,2,6
53279701,200,108,92,7,57,9,29,21,3,8,3,12,20,12,11,0,8,4,4,67,41,26,75,34,41,3,2,1,30,17,13,17,10,7
53280101,182,107,75,8,45,13,23,22,4,5,7,13,14,7,15,1,18,12,6,70,47,23,63,30,33,7,5,2,19,10,9,5,3,2
1494030,0,0,0,0,0,0,0,0,0,0,0,0,0,0,0,0,0,0,0,0,0,0,0,0,0,0,0,0,0,0,0,0,0,0
3071570,0,0,0,0,0,0,0,0,0,0,0,0,0,0,0,0,0,0,0,0,0,0,0,0,0,0,0,0,0,0,0,0,0,0
3347150,0,0,0,0,0,0,0,0,0,0,0,0,0,0,0,0,0,0,0,0,0,0,0,0,0,0,0,0,0,0,0,0,0,0
3347230,0,0,0,0,0,0,0,0,0,0,0,0,0,0,0,0,0,0,0,0,0,0,0,0,0,0,0,0,0,0,0,0,0,0
53281901,221,125,96,6,57,15,27,29,5,4,5,12,14,9,25,2,8,6,2,89,58,31,81,40,41,5,1,4,36,18,18,2,2,0
53281902,77,42,35,0,26,6,7,4,3,0,0,11,6,10,2,0,5,1,4,26,19,7,33,17,16,2,2,0,11,3,8,0,0,0
53281903,15,10,5,3,3,0,5,2,0,0,0,0,1,0,1,0,0,0,0,6,5,1,9,5,4,0,0,0,0,0,0,0,0,0
53281904,14,7,7,1,3,0,4,1,0,1,0,1,1,1,0,0,0,0,0,5,3,2,7,3,4,0,0,0,1,0,1,1,1,0
53281905,52,28,24,3,5,2,12,7,2,2,3,6,2,4,3,0,3,1,2,16,9,7,23,14,9,0,0,0,9,4,5,1,0,1
53281906,19,10,9,3,12,0,1,2,0,0,0,0,0,0,1,0,0,0,0,10,6,4,8,3,5,0,0,0,1,1,0,0,0,0
53281907,39,21,18,6,4,0,4,7,0,4,5,5,3,0,0,0,4,3,1,5,2,3,17,9,8,0,0,0,13,7,6,0,0,0
53281908,131,74,57,2,33,9,13,16,5,6,4,11,9,9,10,0,8,6,2,43,32,11,50,23,27,2,0,2,26,11,15,2,2,0
53281909,102,52,50,1,15,8,10,13,0,6,2,11,15,10,11,0,2,1,1,24,15,9,43,21,22,1,0,1,31,14,17,1,1,0
53281910,49,26,23,4,13,3,7,3,7,0,0,4,2,1,2,1,9,5,4,15,11,4,11,4,7,1,0,1,8,4,4,5,2,3
53281912,177,93,84,2,43,7,20,14,3,9,4,21,13,17,17,2,10,5,5,40,26,14,74,37,37,4,1,3,44,22,22,5,2,3
53281913,219,122,97,2,49,7,29,17,9,7,6,30,13,17,24,1,11,5,6,56,33,23,67,35,32,7,3,4,76,45,31,2,1,1
53281914,1359,706,653,19,335,66,167,119,40,34,27,134,157,109,90,9,92,41,51,381,232,149,523,241,282,25,9,16,281,150,131,57,33,24
53281915,404,209,195,6,92,19,58,31,9,12,7,43,32,39,39,2,5,1,4,95,62,33,166,82,84,13,4,9,112,53,59,13,7,6
53281916,708,368,340,13,178,38,93,72,21,13,17,64,58,49,65,3,43,18,25,199,123,76,268,125,143,21,8,13,126,60,66,51,34,17
53281917,21,13,8,0,7,1,1,0,0,0,0,5,2,0,2,0,1,0,1,6,5,1,10,4,6,1,1,0,2,2,0,1,1,0
53281918,22,12,10,1,4,5,0,1,0,0,1,2,5,1,2,0,2,1,1,8,6,2,3,2,1,2,2,0,5,1,4,2,0,2
53281920,802,394,408,5,187,46,104,80,33,22,20,81,53,65,87,4,47,25,22,235,120,115,303,141,162,20,6,14,149,72,77,48,30,18
53281921,119,65,54,1,34,6,18,13,1,3,3,11,13,5,6,2,13,6,7,33,23,10,51,24,27,0,0,0,20,11,9,2,1,1
53281922,777,428,349,10,220,56,102,84,21,10,12,64,58,54,57,5,53,26,27,230,142,88,277,138,139,31,21,10,136,67,69,50,34,16
53281927,29,16,13,4,10,2,3,0,1,0,0,4,1,0,2,1,2,1,1,13,8,5,8,4,4,0,0,0,6,3,3,0,0,0
53281928,373,196,177,4,71,10,51,38,6,30,16,44,32,26,34,1,2,1,1,36,22,14,137,75,62,10,4,6,178,89,89,10,5,5
53281929,374,191,183,4,62,22,29,36,11,20,11,42,26,41,51,1,20,11,9,67,40,27,136,64,72,8,2,6,129,64,65,14,10,4
53281930,1113,596,517,16,314,51,139,110,31,42,22,125,67,66,90,9,82,37,45,325,188,137,394,198,196,27,12,15,215,106,109,70,55,15
53281932,270,144,126,3,66,9,38,19,5,11,6,29,22,17,35,1,7,4,3,62,38,24,124,61,63,9,3,6,59,30,29,9,8,1
53281933,147,109,38,1,82,6,9,9,5,6,0,9,5,7,6,1,17,6,11,26,23,3,38,25,13,11,8,3,16,11,5,39,36,3
53281934,515,300,215,7,128,35,84,35,31,18,4,60,23,39,34,3,55,28,27,145,92,53,153,87,66,17,5,12,85,43,42,60,45,15
53282701,360,191,169,15,67,18,44,46,6,16,14,44,34,23,25,0,23,12,11,111,76,35,137,61,76,7,3,4,73,33,40,9,6,3
53283501,907,481,426,12,195,65,129,72,29,26,17,76,60,74,115,6,80,45,35,308,195,113,303,139,164,20,7,13,147,64,83,49,31,18
53285101,610,322,288,9,80,42,82,81,36,34,23,91,33,42,36,3,27,10,17,165,106,59,217,108,109,18,8,10,159,76,83,24,14,10
53286001,183,101,82,12,42,15,24,20,3,8,5,13,8,15,9,3,6,4,2,76,50,26,66,30,36,5,2,3,23,8,15,7,7,0
53286002,246,132,114,4,45,13,27,26,10,10,12,18,32,22,18,0,10,6,4,50,32,18,99,54,45,6,2,4,73,34,39,8,4,4
53286004,2008,1082,926,23,551,144,281,240,47,32,22,167,143,122,146,18,139,62,77,841,495,346,693,345,348,25,6,19,194,96,98,116,78,38
53286005,170,91,79,2,41,13,22,25,7,7,2,16,11,10,7,0,7,3,4,53,34,19,68,36,32,2,1,1,34,13,21,6,4,2
59944101,56,32,24,9,14,5,1,10,0,1,1,4,1,1,2,1,9,4,5,28,22,6,14,5,9,1,0,1,4,1,3,0,0,0
55145701,273,147,126,5,54,20,41,38,5,10,6,21,21,21,17,2,13,7,6,81,52,29,107,48,59,5,2,3,53,28,25,14,10,4
59943301,16,7,9,1,2,0,4,1,0,2,0,3,0,1,2,0,1,1,0,3,1,2,6,3,3,0,0,0,3,1,2,3,1,2
59943302,333,176,157,10,34,23,51,22,15,17,13,58,19,25,22,1,16,10,6,75,52,23,114,50,64,12,5,7,110,55,55,6,4,2
53290801,361,198,163,2,81,33,34,45,8,7,9,35,31,20,41,4,16,8,8,127,82,45,143,68,75,9,5,4,45,20,25,21,15,6
53291601,24,14,10,3,5,2,1,2,1,0,0,5,0,2,1,1,0,0,0,16,11,5,5,1,4,0,0,0,0,0,0,3,2,1
53291602,28,17,11,7,5,3,7,1,1,0,0,2,0,0,1,1,2,1,1,12,9,3,9,4,5,0,0,0,4,2,2,1,1,0
53291603,28,14,14,2,11,2,4,1,0,0,0,2,1,1,3,1,5,3,2,14,8,6,9,3,6,0,0,0,0,0,0,0,0,0
53295901,12,5,7,1,2,0,4,0,0,0,0,1,0,2,1,0,0,0,0,6,2,4,4,2,2,0,0,0,1,0,1,1,1,0
53295902,281,153,128,2,73,25,37,25,7,9,4,23,23,13,24,3,16,8,8,107,72,35,112,53,59,8,5,3,33,11,22,5,4,1
53296701,120,69,51,10,28,19,12,5,6,3,2,7,6,10,7,0,9,6,3,52,36,16,41,19,22,6,1,5,9,6,3,3,1,2
53297501,12,9,3,0,4,1,1,1,0,0,1,1,1,0,2,0,0,0,0,6,6,0,4,2,2,0,0,0,2,1,1,0,0,0
53297502,234,131,103,5,44,27,28,37,6,5,4,20,25,15,10,0,17,12,5,81,54,27,82,34,48,4,3,1,36,17,19,14,11,3
53298301,186,102,84,3,39,9,23,21,6,5,3,16,21,18,15,0,6,3,3,65,47,18,68,29,39,4,2,2,34,17,17,9,4,5
53298302,1111,594,517,16,249,83,118,132,29,40,19,108,110,82,82,3,54,31,23,300,193,107,451,214,237,34,13,21,221,105,116,51,38,13
53298303,45,22,23,1,8,3,9,7,1,0,1,6,4,4,1,0,2,1,1,12,8,4,20,9,11,1,0,1,9,4,5,1,0,1
53217701,30,18,12,2,6,3,4,5,0,3,1,1,1,1,2,0,2,1,1,9,7,2,10,4,6,1,0,1,5,3,2,3,3,0
53217703,305,162,143,7,65,27,51,26,9,9,9,27,22,21,23,3,10,6,4,110,68,42,121,57,64,6,1,5,43,21,22,15,9,6
53300901,207,110,97,8,57,16,31,31,4,2,3,19,5,10,15,0,10,4,6,95,59,36,62,28,34,3,1,2,21,5,16,16,13,3
53301702,23,14,9,0,3,1,0,5,2,3,0,5,0,1,2,0,0,0,0,5,4,1,7,5,2,2,1,1,8,3,5,1,1,0
53301703,12,6,6,0,0,0,0,4,0,1,1,1,0,2,3,0,0,0,0,1,1,0,4,2,2,1,0,1,6,3,3,0,0,0
53301705,45,26,19,1,3,5,3,7,0,3,0,5,2,9,3,0,3,2,1,8,6,2,23,12,11,3,1,2,6,3,3,2,2,0
53301706,2213,1165,1048,24,329,135,313,293,73,113,59,281,166,165,167,11,100,51,49,467,287,180,847,421,426,54,18,36,677,352,325,68,36,32
53301708,228,122,106,6,23,15,27,21,9,13,6,27,24,24,17,0,5,2,3,33,25,8,85,39,46,5,3,2,87,44,43,13,9,4
53302501,1020,548,472,8,144,83,141,116,41,42,46,132,75,62,70,3,36,19,17,215,142,73,434,208,226,23,7,16,287,158,129,25,14,11
53303301,526,280,246,5,110,25,82,52,13,21,16,62,37,41,38,2,15,8,7,152,100,52,228,103,125,11,4,7,106,57,49,14,8,6
53304101,92,47,45,8,29,7,12,8,0,0,1,10,3,4,4,2,6,5,1,41,25,16,32,11,21,1,0,1,9,4,5,3,2,1
53304103,127,77,50,6,32,13,17,9,4,1,1,15,10,10,6,2,7,3,4,50,36,14,46,26,20,2,0,2,21,12,9,1,0,1
53304104,16,8,8,0,4,1,1,1,2,0,0,5,0,1,1,0,3,0,3,3,3,0,8,3,5,0,0,0,2,2,0,0,0,0
53304105,43,22,21,0,18,2,3,6,2,1,1,5,0,2,3,0,3,2,1,21,14,7,11,4,7,0,0,0,4,1,3,4,1,3
53304106,1212,678,534,38,419,57,156,104,25,27,20,103,78,80,63,3,91,44,47,416,270,146,459,245,214,25,9,16,169,78,91,52,32,20
53305001,296,265,31,0,52,27,8,9,1,6,2,94,66,5,14,10,85,82,3,117,110,7,59,46,13,4,1,3,18,15,3,13,11,2
53305002,163,88,75,2,39,20,15,12,11,3,1,13,17,8,15,2,2,1,1,75,47,28,54,29,25,7,3,4,19,5,14,6,3,3
53305003,17,11,6,1,5,1,3,3,0,0,0,1,1,0,2,0,1,1,0,6,5,1,7,4,3,1,0,1,2,1,1,0,0,0
53305004,807,433,374,10,192,57,103,85,16,26,17,65,78,51,70,6,47,25,22,228,149,79,334,167,167,20,8,12,143,63,80,35,21,14
53306801,32,17,15,15,0,2,5,2,0,0,0,1,2,3,2,0,1,1,0,15,7,8,9,6,3,0,0,0,6,3,3,1,0,1
53306802,27,18,9,11,2,3,2,3,1,0,0,0,1,3,1,0,5,2,3,12,11,1,7,3,4,0,0,0,2,1,1,1,1,0
53306803,313,170,143,51,82,27,21,23,4,3,3,22,16,20,33,3,23,13,10,129,79,50,99,53,46,6,0,6,36,13,23,20,12,8
57143101,94,54,40,5,20,10,8,21,3,2,0,7,2,3,5,1,4,1,3,46,30,16,30,15,15,0,0,0,10,6,4,4,2,2
57159801,13,7,6,0,1,2,2,0,1,1,1,2,1,1,0,0,0,0,0,3,1,2,9,5,4,0,0,0,0,0,0,1,1,0
57159802,69,36,33,4,5,2,7,13,4,2,6,8,7,6,0,1,3,1,2,15,8,7,31,17,14,1,1,0,15,6,9,4,3,1
53309201,59,33,26,4,6,10,5,6,1,4,0,5,2,5,2,0,4,1,3,12,11,1,24,10,14,0,0,0,16,8,8,3,3,0
53309202,14,7,7,2,1,1,2,1,1,0,0,2,2,1,0,0,0,0,0,2,2,0,7,3,4,0,0,0,3,1,2,2,1,1
53309203,82,53,29,7,14,8,9,5,2,4,3,8,6,8,5,0,8,6,2,23,17,6,29,18,11,1,0,1,18,10,8,3,2,1
53309204,148,85,63,0,28,8,24,23,6,6,1,16,11,10,6,2,8,4,4,62,38,24,43,23,20,4,1,3,24,13,11,7,6,1
57142301,88,47,41,9,24,7,13,3,2,2,3,4,2,9,5,1,4,2,2,19,11,8,32,16,16,1,1,0,31,17,14,1,0,1
57142302,11,6,5,0,2,2,2,1,0,0,0,1,0,2,1,0,0,0,0,3,2,1,5,3,2,1,0,1,2,1,1,0,0,0
53311401,99,52,47,3,25,6,14,15,2,0,3,9,5,8,5,0,8,3,5,46,30,16,32,14,18,0,0,0,11,4,7,2,1,1
53311402,65,33,32,2,18,8,6,9,2,1,1,4,2,4,5,0,6,4,2,29,17,12,14,4,10,0,0,0,10,3,7,6,5,1
53311403,41,21,20,1,18,1,6,7,0,1,0,1,1,1,2,1,6,2,4,23,12,11,6,3,3,1,1,0,4,2,2,1,1,0
53311404,53,29,24,6,16,4,7,6,0,0,0,1,1,3,8,0,6,2,4,28,19,9,12,6,6,2,0,2,4,1,3,1,1,0
53311405,806,442,364,38,236,53,85,84,21,12,11,70,44,50,65,8,78,37,41,333,208,125,267,134,133,17,7,10,62,26,36,49,30,19
53312201,423,248,175,13,142,23,46,51,16,5,4,36,28,29,16,4,31,18,13,175,124,51,135,70,65,9,2,7,46,16,30,27,18,9
59942501,88,52,36,5,22,4,8,11,5,2,0,4,8,4,12,0,3,2,1,36,26,10,32,15,17,0,0,0,10,4,6,7,5,2
53314901,418,223,195,13,82,42,55,36,10,11,7,39,40,36,34,2,14,8,6,104,61,43,178,95,83,12,4,8,87,40,47,23,15,8
53315701,20,9,11,0,3,0,4,2,1,0,1,3,3,2,1,0,0,0,0,5,4,1,7,2,5,0,0,0,8,3,5,0,0,0
53315702,42,28,14,1,14,2,3,7,1,0,0,4,2,1,2,1,3,1,2,16,13,3,18,11,7,0,0,0,5,3,2,0,0,0
53315703,35,21,14,5,7,0,4,3,1,0,1,3,5,0,4,0,0,0,0,11,9,2,11,4,7,1,0,1,9,5,4,3,3,0
53315704,49,26,23,5,12,3,3,4,1,0,0,5,7,2,7,0,4,2,2,20,12,8,14,6,8,2,1,1,5,2,3,4,3,1
53315705,40,20,20,9,6,2,3,2,1,2,2,6,5,1,1,0,5,3,2,17,12,5,12,5,7,1,0,1,4,0,4,1,0,1
53315706,160,91,69,12,33,22,14,16,3,6,1,13,14,7,13,3,9,7,2,59,39,20,61,29,32,5,1,4,21,11,10,5,4,1
53317301,56,36,20,9,7,4,7,12,1,0,0,2,1,4,6,1,2,1,1,29,22,7,13,6,7,2,2,0,3,2,1,7,3,4
53317302,28,14,14,2,8,2,2,2,0,0,1,3,1,1,5,0,0,0,0,9,5,4,11,4,7,1,0,1,6,4,2,1,1,0
53317303,42,20,22,5,6,5,5,5,2,2,0,5,3,2,0,0,2,1,1,14,8,6,13,6,7,1,0,1,5,2,3,7,3,4
0013250,0,0,0,0,0,0,0,0,0,0,0,0,0,0,0,0,0,0,0,0,0,0,0,0,0,0,0,0,0,0,0,0,0,0
53318101,259,144,115,27,52,27,44,25,7,5,6,17,11,16,13,1,14,5,9,98,63,35,92,47,45,5,2,3,42,23,19,8,4,4
53318102,109,58,51,14,21,4,12,9,3,1,1,10,4,8,14,4,5,2,3,43,29,14,36,17,19,1,0,1,19,8,11,5,2,3
53318103,57,34,23,9,17,6,9,5,0,1,0,3,0,1,5,0,1,1,0,29,21,8,13,4,9,2,2,0,10,5,5,2,1,1
53318104,26,17,9,5,5,1,1,2,1,0,0,3,2,2,3,1,0,0,0,11,9,2,11,7,4,0,0,0,4,1,3,0,0,0
53318105,22,13,9,4,5,1,2,3,0,0,0,1,4,0,1,0,2,1,1,6,4,2,12,6,6,0,0,0,2,2,0,0,0,0
53319001,144,82,62,7,50,20,12,6,8,1,5,6,7,7,7,1,7,4,3,60,45,15,56,28,28,2,1,1,13,4,9,6,0,6
53321101,83,54,29,8,21,12,7,9,0,2,3,7,2,4,4,1,5,2,3,34,26,8,25,14,11,2,1,1,10,6,4,7,5,2
53321102,53,31,22,5,18,6,6,6,1,1,0,1,4,1,4,0,0,0,0,26,16,10,21,12,9,1,0,1,3,2,1,2,1,1
53322001,504,291,213,56,76,48,67,44,14,28,14,53,25,32,22,5,55,30,25,144,102,42,189,99,90,15,10,5,79,34,45,22,16,6
53323801,326,177,149,9,79,24,41,22,5,7,8,35,39,32,16,1,13,9,4,89,56,33,146,73,73,7,4,3,60,27,33,11,8,3
53324601,726,399,327,17,193,66,86,80,20,20,15,67,36,60,45,7,58,27,31,272,174,98,257,119,138,12,5,7,92,47,45,35,27,8
53324603,122,69,53,2,27,20,12,13,5,2,5,7,10,9,6,1,13,7,6,45,32,13,48,23,25,1,0,1,11,4,7,4,3,1
59947601,80,53,27,1,32,7,7,9,3,3,1,5,5,0,6,1,1,1,0,45,35,10,25,12,13,1,0,1,3,1,2,5,4,1
59930101,65,35,30,2,9,1,12,13,2,3,2,8,2,4,2,0,4,1,3,26,14,12,21,12,9,2,0,2,8,6,2,4,2,2
53326201,76,38,38,4,23,5,8,6,3,3,0,7,1,6,7,2,6,3,3,26,18,8,31,9,22,2,2,0,6,3,3,5,3,2
53326202,49,27,22,4,15,5,6,2,0,1,0,3,5,3,3,0,1,0,1,14,10,4,24,12,12,1,1,0,8,4,4,1,0,1
53326203,47,27,20,6,8,6,7,8,3,0,2,2,2,3,0,0,2,1,1,24,15,9,17,9,8,1,0,1,3,2,1,0,0,0
53326204,47,28,19,2,18,2,3,4,0,0,0,3,2,5,6,1,0,0,0,20,16,4,14,9,5,2,0,2,10,3,7,1,0,1
53326205,686,380,306,19,209,45,83,47,10,14,19,62,53,53,48,4,25,11,14,208,134,74,281,154,127,20,8,12,122,57,65,30,16,14
53326206,33,16,17,1,5,2,6,5,0,1,0,4,1,1,4,1,5,3,2,10,5,5,14,7,7,1,0,1,3,1,2,0,0,0
53326207,34,21,13,2,13,3,9,1,4,0,0,0,0,1,0,0,0,0,0,19,13,6,9,6,3,0,0,0,5,1,4,1,1,0
53326208,14,7,7,0,2,2,1,5,0,0,0,0,0,2,0,0,0,0,0,5,4,1,4,2,2,1,1,0,3,0,3,1,0,1
0228020,0,0,0,0,0,0,0,0,0,0,0,0,0,0,0,0,0,0,0,0,0,0,0,0,0,0,0,0,0,0,0,0,0,0
53327101,164,88,76,9,27,11,24,7,3,5,6,16,14,11,17,5,18,14,4,53,29,24,45,23,22,4,0,4,38,18,20,6,4,2
53327102,396,218,178,9,66,36,52,40,11,20,12,40,32,32,34,3,22,13,9,100,73,27,157,71,86,8,4,4,91,47,44,18,10,8
53327103,70,37,33,0,18,6,4,12,1,3,1,10,4,4,6,0,9,2,7,26,19,7,23,10,13,2,1,1,4,2,2,6,3,3
53327104,70,39,31,3,14,4,7,7,3,7,0,12,3,1,6,1,4,1,3,14,12,2,37,20,17,0,0,0,10,3,7,5,3,2
53327105,653,344,309,10,105,47,94,45,18,41,29,81,43,51,49,5,32,18,14,155,95,60,252,116,136,13,8,5,192,103,89,9,4,5
53327106,1219,637,582,18,233,81,163,100,34,73,43,135,87,89,93,7,65,27,38,350,215,135,456,214,242,30,12,18,283,145,138,35,24,11
53327108,116,67,49,0,30,9,17,13,5,2,3,9,7,10,9,0,11,9,2,41,27,14,35,14,21,1,1,0,27,15,12,1,1,0
53327109,434,233,201,8,66,27,51,29,8,25,23,52,33,51,40,3,17,5,12,97,67,30,166,82,84,9,4,5,130,64,66,15,11,4
53327110,546,292,254,11,116,41,84,43,19,19,9,62,26,33,50,13,42,16,26,155,99,56,178,82,96,16,7,9,105,50,55,50,38,12
53328901,389,220,169,6,98,34,46,34,17,17,12,42,22,24,27,3,19,10,9,137,99,38,163,77,86,10,4,6,54,27,27,6,3,3
53329701,115,69,46,11,33,11,10,15,1,2,2,6,6,6,10,0,10,7,3,51,37,14,35,18,17,1,0,1,10,3,7,8,4,4
53329702,62,35,27,9,13,3,4,8,0,1,0,4,10,1,3,2,7,6,1,18,14,4,24,9,15,1,0,1,5,2,3,7,4,3
53329703,54,35,19,2,29,4,2,3,1,0,0,2,4,2,5,0,5,4,1,15,11,4,27,16,11,2,1,1,3,2,1,2,1,1
51318101,69,38,31,4,26,3,3,8,0,0,1,5,7,5,4,2,5,4,1,22,17,5,31,13,18,0,0,0,7,3,4,4,1,3
53330101,610,329,281,8,92,54,90,59,18,41,17,71,28,41,51,5,24,10,14,170,119,51,235,114,121,10,3,7,155,72,83,16,11,5
56468101,119,68,51,22,36,13,9,8,4,1,0,7,7,4,6,1,3,1,2,56,45,11,43,15,28,3,1,2,10,4,6,4,2,2
56468102,12,5,7,2,1,1,2,1,0,0,0,1,3,0,1,0,3,1,2,2,1,1,3,1,2,0,0,0,4,2,2,0,0,0
59945001,43,23,20,2,14,2,3,4,0,1,0,3,3,4,6,0,1,0,1,13,10,3,15,6,9,2,1,1,9,5,4,3,1,2
53332701,37,22,15,7,11,2,3,2,0,0,0,3,0,5,0,1,2,0,2,17,12,5,11,5,6,2,2,0,4,3,1,1,0,1
53332702,32,16,16,2,11,5,1,3,0,3,0,2,1,2,2,0,1,1,0,15,9,6,8,4,4,0,0,0,6,2,4,2,0,2
53332703,132,68,64,11,44,11,14,22,0,0,4,5,8,6,2,3,8,5,3,47,35,12,64,24,40,0,0,0,7,2,5,6,2,4
53332704,14,7,7,1,4,0,1,1,0,0,0,1,2,2,0,0,1,0,1,2,1,1,6,3,3,0,0,0,4,2,2,1,1,0
53332705,29,16,13,2,11,2,2,2,1,0,0,3,0,2,4,0,1,0,1,9,7,2,14,4,10,0,0,0,5,5,0,0,0,0
56480001,308,169,139,8,47,40,50,20,16,17,16,35,16,7,17,2,25,15,10,71,48,23,122,62,60,4,1,3,69,32,37,17,11,6
53499401,91,50,41,10,18,11,10,13,3,0,3,5,7,1,7,0,1,0,1,49,34,15,27,10,17,0,0,0,11,5,6,3,1,2
53334301,245,133,112,14,68,19,21,23,15,6,4,23,11,13,20,3,15,7,8,109,72,37,61,19,42,4,1,3,35,18,17,21,16,5
53335101,144,80,64,4,38,12,18,19,6,3,4,9,4,11,12,1,9,5,4,51,32,19,53,28,25,2,1,1,23,9,14,6,5,1
53335102,87,49,38,9,25,9,10,5,1,2,1,4,5,6,4,0,6,3,3,29,25,4,40,16,24,2,1,1,7,3,4,3,1,2
53335103,129,72,57,11,23,14,17,11,9,3,0,11,10,5,12,1,12,5,7,47,35,12,39,14,25,3,1,2,16,7,9,12,10,2
53336001,281,157,124,12,95,17,38,21,9,7,4,24,18,20,7,1,7,4,3,93,65,28,130,61,69,7,3,4,39,22,17,5,2,3
51341501,35,18,17,1,8,6,4,4,0,1,0,1,4,1,3,0,1,1,0,12,9,3,15,5,10,1,0,1,4,3,1,2,0,2
51341502,64,34,30,0,22,8,3,5,3,0,5,4,2,4,3,0,0,0,0,21,13,8,38,17,21,0,0,0,5,4,1,0,0,0
57168701,70,43,27,7,23,4,3,8,0,0,2,3,3,6,6,0,4,2,2,29,20,9,23,15,8,2,1,1,6,1,5,6,4,2
53338601,312,174,138,15,78,23,35,33,6,16,6,36,17,17,17,3,18,10,8,121,80,41,102,52,50,9,3,6,54,27,27,8,2,6
53338602,134,75,59,4,30,9,19,18,5,2,2,15,12,6,8,2,10,6,4,42,30,12,51,24,27,0,0,0,23,12,11,8,3,5
53338603,80,46,34,2,20,9,12,10,1,0,1,4,7,3,5,2,1,0,1,41,26,15,25,15,10,2,0,2,10,4,6,1,1,0
53338604,29,16,13,0,6,4,5,4,0,1,0,5,1,2,1,0,0,0,0,12,7,5,6,3,3,2,1,1,7,4,3,2,1,1
3072030,0,0,0,0,0,0,0,0,0,0,0,0,0,0,0,0,0,0,0,0,0,0,0,0,0,0,0,0,0,0,0,0,0,0
3072110,0,0,0,0,0,0,0,0,0,0,0,0,0,0,0,0,0,0,0,0,0,0,0,0,0,0,0,0,0,0,0,0,0,0
3210360,0,0,0,0,0,0,0,0,0,0,0,0,0,0,0,0,0,0,0,0,0,0,0,0,0,0,0,0,0,0,0,0,0,0
3210442,0,0,0,0,0,0,0,0,0,0,0,0,0,0,0,0,0,0,0,0,0,0,0,0,0,0,0,0,0,0,0,0,0,0
53316501,396,214,182,3,111,30,49,18,12,17,13,42,26,19,41,0,17,7,10,97,63,34,169,88,81,14,5,9,96,50,46,3,1,2
53316503,38,16,22,1,11,3,5,4,3,1,3,2,1,3,1,0,4,1,3,14,8,6,12,4,8,1,0,1,7,3,4,0,0,0
53316504,86,49,37,7,31,8,6,6,0,0,0,7,5,1,8,0,6,3,3,37,27,10,31,14,17,3,0,3,8,4,4,1,1,0
53316507,867,459,408,8,276,47,116,66,26,27,28,82,47,57,53,12,36,14,22,280,188,92,359,165,194,14,5,9,159,76,83,19,11,8
53316508,683,420,263,12,214,49,78,38,34,20,11,81,24,26,34,23,70,44,26,206,128,78,179,101,78,13,6,7,99,53,46,116,88,28
53316509,756,401,355,11,194,50,85,31,27,40,22,97,42,54,63,4,19,12,7,143,90,53,309,158,151,24,10,14,240,116,124,21,15,6
53316510,426,222,204,3,115,23,54,16,13,14,7,58,20,43,35,6,36,18,18,95,54,41,162,90,72,11,7,4,100,38,62,22,15,7
53316511,2298,1314,984,22,1026,107,205,147,58,66,47,173,113,105,143,12,153,87,66,685,455,230,879,458,421,71,38,33,410,208,202,100,68,32
53316512,16,8,8,0,3,0,3,1,0,2,0,1,4,0,0,0,1,1,0,1,0,1,8,5,3,1,0,1,4,2,2,1,0,1
53316513,2566,1344,1222,26,794,157,270,162,64,90,68,252,170,163,249,24,170,78,92,743,465,278,1052,514,538,69,23,46,420,185,235,112,79,33
53316514,380,242,138,3,265,6,33,7,4,4,1,19,7,6,12,4,38,23,15,128,84,44,119,75,44,16,11,5,61,37,24,18,12,6
53316515,54,24,30,0,13,0,7,5,6,3,3,5,3,5,1,2,2,2,0,8,4,4,27,9,18,1,1,0,14,6,8,2,2,0
53316516,1047,564,483,6,320,67,114,55,24,31,19,115,66,70,110,10,56,24,32,292,175,117,408,219,189,31,15,16,227,106,121,33,25,8
53316518,135,65,70,0,35,4,16,9,2,5,1,14,6,14,21,1,7,3,4,44,27,17,57,21,36,3,1,2,20,10,10,4,3,1
53316519,37,24,13,0,12,5,2,1,4,2,0,3,1,3,2,1,6,2,4,9,7,2,14,9,5,1,1,0,3,2,1,4,3,1
53316520,264,144,120,1,84,14,39,11,4,20,5,24,17,18,18,3,9,5,4,52,32,20,89,45,44,13,7,6,92,49,43,9,6,3
53316521,202,108,94,2,49,15,25,15,10,6,4,25,8,14,20,2,12,8,4,50,33,17,71,32,39,4,2,2,60,31,29,5,2,3
53316522,128,71,57,1,35,6,6,4,2,5,7,15,8,12,17,3,5,3,2,17,12,5,48,24,24,3,1,2,53,30,23,2,1,1
53316523,21,14,7,1,1,0,4,7,2,1,0,1,1,1,1,0,4,4,0,11,5,6,5,4,1,0,0,0,0,0,0,1,1,0
53316525,384,206,178,3,111,30,34,29,22,20,14,25,20,28,31,5,38,18,20,81,48,33,133,66,67,13,5,8,95,48,47,24,21,3
53316526,1522,917,605,18,585,110,130,83,25,39,28,143,87,96,115,10,104,53,51,378,262,116,511,273,238,63,41,22,385,225,160,81,63,18
53316528,620,336,284,16,158,26,73,45,13,22,19,48,52,43,82,7,25,15,10,153,96,57,257,129,128,26,14,12,138,72,66,21,10,11
53316529,298,194,104,8,138,12,34,15,5,12,6,27,6,14,12,3,15,9,6,52,38,14,105,68,37,28,14,14,80,52,28,18,13,5
53316530,42,31,11,0,22,2,8,0,1,1,2,2,1,2,1,0,4,3,1,10,5,5,15,10,5,3,3,0,7,7,0,3,3,0
53316531,86,50,36,3,24,4,7,3,1,6,6,4,7,4,11,1,3,2,1,9,6,3,27,16,11,6,2,4,41,24,17,0,0,0
53316532,130,70,60,2,35,5,9,7,9,6,5,11,9,9,16,0,5,1,4,20,13,7,46,26,20,3,0,3,52,27,25,4,3,1
53316533,95,52,43,0,34,12,3,8,4,4,0,9,9,6,4,0,6,3,3,39,22,17,30,17,13,2,0,2,17,9,8,1,1,0
53316534,181,139,42,2,155,1,6,8,1,0,0,3,3,0,0,0,4,3,1,28,22,6,63,48,15,26,22,4,49,37,12,11,7,4
53316536,2084,1134,950,19,649,132,232,119,83,63,44,208,111,157,164,18,112,52,60,568,339,229,748,384,364,63,31,32,489,257,232,104,71,33
53316537,224,138,86,5,78,21,26,12,12,6,4,17,15,5,14,2,17,7,10,76,54,22,80,45,35,3,2,1,31,17,14,17,13,4
53316538,300,153,147,2,106,20,31,14,8,11,6,28,18,15,27,3,10,5,5,77,46,31,137,63,74,4,1,3,65,34,31,7,4,3
53316539,205,104,101,4,64,18,20,12,5,3,4,14,14,21,16,5,12,4,8,55,32,23,79,40,39,2,1,1,49,22,27,8,5,3
53339401,430,236,194,14,124,42,47,33,10,10,7,31,31,24,37,4,16,10,6,125,77,48,181,96,85,9,2,7,80,38,42,19,13,6
53339402,14,10,4,2,8,0,2,0,0,0,0,0,0,1,1,0,0,0,0,6,4,2,7,5,2,0,0,0,0,0,0,1,1,0
53339403,44,27,17,1,10,1,8,6,6,2,0,1,3,2,3,0,3,3,0,23,14,9,12,6,6,2,2,0,2,1,1,2,1,1
53340801,105,56,49,2,33,12,13,13,3,1,1,12,7,2,3,1,7,5,2,45,29,16,41,18,23,2,0,2,8,4,4,2,0,2
53340802,117,68,49,8,36,16,15,5,1,0,0,14,7,6,6,0,13,9,4,47,30,17,40,20,20,1,0,1,12,6,6,4,3,1
53340803,66,36,30,9,16,8,5,7,1,2,0,2,5,1,5,2,3,1,2,31,22,9,25,11,14,0,0,0,4,0,4,3,2,1
53342401,11,8,3,1,2,0,2,2,0,1,0,1,1,0,0,0,0,0,0,4,3,1,5,4,1,0,0,0,2,1,1,0,0,0
53342402,891,484,407,21,240,48,107,89,20,34,12,93,59,64,73,3,62,35,27,314,206,108,306,156,150,17,5,12,146,55,91,46,27,19
53342403,30,18,12,1,9,1,3,4,0,1,0,2,3,1,2,1,2,2,0,12,7,5,11,6,5,0,0,0,4,2,2,1,1,0
53344101,54,32,22,2,14,8,12,4,1,0,1,5,2,1,1,0,6,4,2,25,15,10,15,7,8,0,0,0,4,2,2,4,4,0
53344102,396,224,172,21,133,39,49,22,14,16,6,19,21,24,20,2,17,5,12,143,100,43,176,89,87,2,1,1,48,22,26,10,7,3
53345901,202,108,94,8,49,22,26,22,4,4,10,13,16,14,9,0,18,12,6,71,45,26,72,35,37,5,1,4,28,10,18,8,5,3
53345902,19,9,10,0,2,0,5,2,3,0,0,2,3,0,2,0,2,1,1,6,4,2,6,1,5,0,0,0,5,3,2,0,0,0
59948401,59,31,28,6,10,2,4,6,0,3,1,10,3,5,9,0,3,2,1,22,17,5,14,4,10,3,1,2,16,6,10,1,1,0
53346701,61,33,28,2,17,4,10,2,1,0,1,6,4,3,7,1,4,2,2,18,12,6,21,12,9,2,0,2,14,6,8,2,1,1
53346702,197,110,87,13,52,24,23,15,5,6,0,16,6,12,16,4,19,9,10,84,52,32,70,38,32,2,0,2,14,4,10,8,7,1
53346703,19,12,7,1,7,1,3,3,2,0,0,1,0,0,0,0,3,1,2,5,3,2,9,7,2,0,0,0,1,0,1,1,1,0
57171701,130,67,63,3,23,15,19,9,7,10,2,5,11,12,9,2,8,4,4,42,30,12,50,19,31,1,0,1,23,13,10,6,1,5
53347501,143,88,55,7,41,12,21,10,3,5,3,12,8,9,3,0,12,9,3,57,38,19,51,27,24,2,0,2,16,9,7,5,5,0
53348301,156,92,64,15,37,19,21,13,3,2,2,16,8,4,13,1,10,6,4,79,50,29,50,25,25,0,0,0,8,5,3,9,6,3
51327001,81,47,34,5,33,7,10,7,2,0,1,2,3,8,1,0,5,1,4,49,33,16,19,7,12,0,0,0,7,5,2,1,1,0
53350501,42,23,19,1,10,3,3,5,1,2,3,1,5,3,2,0,1,0,1,15,10,5,17,9,8,0,0,0,9,4,5,0,0,0
53350502,94,52,42,5,21,9,12,10,2,0,0,5,10,3,5,5,8,4,4,39,26,13,37,17,20,0,0,0,6,4,2,4,1,3
53351301,61,31,30,6,14,4,6,8,1,3,0,5,1,5,8,0,3,1,2,25,15,10,22,9,13,1,1,0,7,4,3,3,1,2
53351302,124,67,57,8,38,9,13,13,2,3,2,5,13,4,10,1,6,3,3,58,31,27,44,25,19,1,0,1,13,7,6,2,1,1
56470201,66,41,25,6,12,7,7,12,2,3,1,6,3,3,2,0,3,2,1,29,24,5,18,7,11,2,0,2,14,8,6,0,0,0
51328801,92,53,39,2,12,7,22,19,0,0,0,10,7,4,7,0,5,3,2,37,24,13,37,15,22,1,0,1,10,10,0,2,1,1
53352101,180,95,85,3,49,12,14,18,7,6,6,22,11,13,11,3,5,4,1,47,28,19,91,45,46,7,2,5,28,14,14,2,2,0
53352102,177,99,78,12,56,17,19,15,6,5,4,9,7,6,11,2,8,5,3,59,37,22,67,37,30,4,2,2,33,16,17,6,2,4
57163601,174,103,71,9,58,14,21,12,4,10,6,14,9,4,7,2,10,6,4,61,42,19,68,33,35,4,2,2,26,16,10,5,4,1
53353001,386,213,173,15,121,40,55,24,10,6,7,26,19,20,24,4,21,6,15,160,107,53,135,66,69,8,3,5,49,22,27,13,9,4
53353002,275,158,117,14,73,25,37,17,8,7,8,20,16,13,25,1,11,6,5,90,60,30,104,55,49,11,6,5,52,29,23,7,2,5
53355601,151,86,65,9,53,12,13,13,5,4,1,7,8,12,8,0,9,5,4,62,47,15,53,25,28,6,2,4,16,5,11,5,2,3
3309730,0,0,0,0,0,0,0,0,0,0,0,0,0,0,0,0,0,0,0,0,0,0,0,0,0,0,0,0,0,0,0,0,0,0
53357201,459,284,175,15,204,34,50,30,13,9,1,30,20,22,16,0,26,12,14,182,125,57,142,78,64,23,18,5,67,40,27,19,11,8
51342301,183,95,88,5,58,18,21,17,7,2,2,11,6,18,12,3,11,7,4,69,47,22,64,27,37,1,0,1,30,9,21,8,5,3
53764101,1986,1071,915,20,552,124,239,204,70,87,54,195,135,121,96,14,108,58,50,652,418,234,784,386,398,43,20,23,322,141,181,77,48,29
53764102,268,153,115,3,75,19,43,25,5,6,3,35,23,10,15,0,15,9,6,101,64,37,96,59,37,6,1,5,40,17,23,10,3,7
53358101,28,16,12,0,8,2,4,1,2,0,1,2,0,2,3,0,1,0,1,13,8,5,11,6,5,0,0,0,2,1,1,1,1,0
53358102,46,27,19,0,13,3,5,3,0,0,2,4,0,4,4,3,5,5,0,21,14,7,13,5,8,2,1,1,3,2,1,2,0,2
53358103,774,425,349,12,198,60,100,74,23,22,13,67,68,50,51,14,54,28,26,245,160,85,316,158,158,17,5,12,103,46,57,39,28,11
53358104,58,32,26,6,14,6,8,5,1,0,1,6,3,1,3,2,17,8,9,16,10,6,13,6,7,0,0,0,3,1,2,9,7,2
53767501,49,29,20,1,16,5,8,3,1,1,0,3,2,2,1,2,3,2,1,18,11,7,23,14,9,1,0,1,2,0,2,2,2,0
53767502,142,74,68,7,36,21,16,8,4,2,4,21,6,8,5,1,11,7,4,54,33,21,54,26,28,3,0,3,17,6,11,3,2,1
53767503,100,62,38,9,33,11,6,2,7,2,2,5,11,4,5,1,4,3,1,43,34,9,28,9,19,0,0,0,18,10,8,7,6,1
53359901,343,187,156,8,88,32,33,21,5,8,7,44,24,35,26,3,7,4,3,75,50,25,154,74,80,9,4,5,86,45,41,12,10,2
51323701,91,52,39,5,21,11,13,7,3,2,0,6,5,9,5,0,3,2,1,37,24,13,32,17,15,2,1,1,15,6,9,2,2,0
51314801,105,63,42,6,29,14,9,9,2,1,0,9,6,3,13,3,9,8,1,41,27,14,38,19,19,2,2,0,7,4,3,8,3,5
53770501,823,444,379,8,153,75,95,87,30,41,36,86,61,72,46,5,26,11,15,236,161,75,336,156,180,14,4,10,177,92,85,34,20,14
51336901,175,88,87,7,16,27,27,16,8,4,8,24,11,8,13,0,12,7,5,46,32,14,66,25,41,2,0,2,41,19,22,8,5,3
51339301,221,118,103,9,45,22,27,17,8,9,5,20,17,19,9,1,12,6,6,70,46,24,95,46,49,4,1,3,31,14,17,9,5,4
53361101,244,130,114,1,47,16,42,25,8,16,13,25,14,14,12,1,17,9,8,76,54,22,86,39,47,5,2,3,48,22,26,12,4,8
53361102,84,43,41,3,13,9,19,5,5,3,3,10,0,5,5,0,1,0,1,22,14,8,34,18,16,2,0,2,19,8,11,6,3,3
53361103,142,78,64,3,20,7,20,9,0,15,3,23,9,15,11,0,4,2,2,33,24,9,60,33,27,1,0,1,43,19,24,1,0,1
53362901,22,11,11,0,4,6,0,2,1,1,0,3,1,1,2,0,1,0,1,9,6,3,7,1,6,0,0,0,4,3,1,1,1,0
53362902,587,317,270,12,171,34,75,50,21,25,10,53,47,37,33,4,28,15,13,213,134,79,237,119,118,15,4,11,67,30,37,27,15,12
53363701,213,115,98,3,57,14,32,15,6,3,6,27,17,10,14,2,4,1,3,46,31,15,107,51,56,9,3,6,37,19,18,10,10,0
53364501,226,126,100,9,91,16,26,15,7,5,4,11,10,14,10,4,12,4,8,108,73,35,70,31,39,4,1,3,25,13,12,7,4,3
53364502,19,11,8,1,12,1,1,1,0,0,0,1,1,0,1,0,3,1,2,10,7,3,3,2,1,1,0,1,1,0,1,1,1,0
53365301,233,135,98,9,61,17,19,14,11,8,3,24,15,16,24,3,17,10,7,72,51,21,93,50,43,8,3,5,39,19,20,4,2,2
53365302,26,14,12,0,8,1,3,2,0,0,0,1,4,5,1,0,0,0,0,8,4,4,11,7,4,0,0,0,7,3,4,0,0,0
53365303,14,9,5,2,4,0,2,0,0,0,0,4,2,0,0,0,0,0,0,5,5,0,5,2,3,0,0,0,4,2,2,0,0,0
53774801,308,168,140,9,79,26,37,40,10,8,6,21,19,15,23,2,19,9,10,121,84,37,103,44,59,5,1,4,41,18,23,19,12,7
53366101,47,25,22,3,8,5,3,7,5,1,3,4,3,3,1,0,1,0,1,16,13,3,22,9,13,0,0,0,5,3,2,3,0,3
53366102,261,143,118,5,44,15,34,23,11,25,8,31,20,14,15,5,25,15,10,61,44,17,89,42,47,10,3,7,64,30,34,12,9,3
53369601,99,55,44,7,31,9,6,12,0,3,1,13,4,2,7,0,4,2,2,40,26,14,32,15,17,1,0,1,17,10,7,5,2,3
53370001,457,265,192,8,177,36,40,43,10,11,3,43,28,25,23,3,25,12,13,162,115,47,187,93,94,12,3,9,50,29,21,21,13,8
53370002,319,173,146,1,124,28,25,18,10,10,10,23,16,18,18,2,16,9,7,108,72,36,133,62,71,6,4,2,50,23,27,6,3,3
53372601,65,39,26,1,16,3,8,6,4,1,0,6,6,2,9,0,5,1,4,25,20,5,23,11,12,1,1,0,4,2,2,7,4,3
53372602,28,14,14,0,4,4,3,4,1,0,0,3,3,1,3,1,1,0,1,14,7,7,11,5,6,1,1,0,1,1,0,0,0,0
53372603,160,89,71,14,32,12,14,16,4,4,0,8,6,7,37,0,23,12,11,72,50,22,44,14,30,3,1,2,12,6,6,6,6,0
53788801,325,170,155,7,88,34,38,31,6,8,13,20,30,18,20,1,19,9,10,128,79,49,119,55,64,4,0,4,46,21,25,9,6,3
53373401,60,31,29,3,13,2,11,3,2,4,0,6,4,5,4,0,3,1,2,12,8,4,25,12,13,2,2,0,15,6,9,3,2,1
53373402,222,135,87,7,67,38,21,22,7,5,1,15,6,13,9,4,21,17,4,94,66,28,74,37,37,1,0,1,18,7,11,14,8,6
53374201,64,31,33,5,15,7,5,10,1,1,0,6,5,1,8,0,6,4,2,22,12,10,24,9,15,0,0,0,9,5,4,3,1,2
53374202,110,59,51,7,31,6,12,10,2,3,0,10,11,3,12,1,3,1,2,36,25,11,47,22,25,0,0,0,16,5,11,8,6,2
53375101,35,18,17,2,6,5,7,4,0,3,2,3,2,0,0,0,5,2,3,10,6,4,10,8,2,1,1,0,8,1,7,1,0,1
53375102,15,9,6,4,4,2,1,0,2,0,0,1,0,0,0,0,1,0,1,9,6,3,4,2,2,0,0,0,1,1,0,0,0,0
53375103,50,26,24,3,9,6,9,1,2,2,1,4,6,3,2,0,0,0,0,20,14,6,16,4,12,1,0,1,9,5,4,4,3,1
53375104,195,99,96,15,35,12,35,20,6,4,2,30,10,12,9,0,9,3,6,72,41,31,67,29,38,3,0,3,35,19,16,9,7,2
53376901,491,266,225,14,159,33,52,30,15,15,9,39,26,39,35,5,19,9,10,173,111,62,188,95,93,12,4,8,90,41,49,9,6,3
53377701,328,188,140,41,71,25,39,27,7,14,11,29,23,12,20,2,25,9,16,118,83,35,114,56,58,7,2,5,56,30,26,8,8,0
53378501,189,100,89,1,29,12,32,17,5,15,16,21,8,12,8,3,12,6,6,39,29,10,67,33,34,2,2,0,61,27,34,8,3,5
53378502,368,208,160,6,69,31,39,36,14,29,16,40,26,21,25,2,21,12,9,82,57,25,137,74,63,8,4,4,104,51,53,16,10,6
53380702,101,53,48,3,24,9,15,11,5,5,1,5,9,5,6,0,3,1,2,33,25,8,47,19,28,2,2,0,11,4,7,5,2,3
53380703,18,10,8,0,5,1,4,1,1,1,0,0,3,1,0,0,4,3,1,7,3,4,4,3,1,1,1,0,2,0,2,0,0,0
53380704,784,441,343,17,282,69,82,48,31,25,7,67,40,43,50,4,31,18,13,279,180,99,298,158,140,16,8,8,123,50,73,37,27,10
53380705,114,68,46,3,44,9,9,9,3,2,2,7,8,10,5,0,6,4,2,40,30,10,45,23,22,3,2,1,16,7,9,4,2,2
53381501,60,35,25,1,20,3,11,4,1,1,0,6,7,2,3,0,4,2,2,25,17,8,21,7,14,0,0,0,9,8,1,1,1,0
53381502,102,53,49,4,37,7,13,9,2,3,1,6,5,10,2,1,7,3,4,34,21,13,37,19,18,1,0,1,15,7,8,8,3,5
53382301,117,67,50,8,46,6,12,11,3,3,3,7,6,6,4,0,3,0,3,63,40,23,46,24,22,1,0,1,3,2,1,1,1,0
53383101,1046,621,425,25,387,97,97,69,28,30,19,73,71,65,41,7,50,21,29,316,209,107,428,245,183,30,16,14,193,111,82,29,19,10
53383102,130,75,55,9,38,9,18,6,4,3,4,14,6,10,5,1,8,6,2,52,33,19,46,26,20,2,1,1,17,6,11,5,3,2
53384001,1219,653,566,23,345,94,144,123,32,25,19,92,91,94,92,12,68,34,34,355,228,127,483,237,246,25,10,15,228,104,124,60,40,20
53385802,224,133,91,4,72,28,20,15,3,5,9,20,13,15,14,4,11,8,3,58,42,16,85,45,40,8,3,5,52,27,25,10,8,2
53385803,482,268,214,6,160,45,56,35,14,19,16,37,14,29,29,4,20,7,13,164,109,55,203,107,96,8,2,6,73,34,39,14,9,5
53386601,46,28,18,5,7,6,6,6,1,0,2,6,3,1,2,0,3,2,1,14,12,2,23,10,13,0,0,0,4,3,1,2,1,1
53386602,187,104,83,18,38,20,31,17,5,4,2,13,12,5,14,2,21,11,10,67,43,24,63,35,28,3,0,3,28,12,16,5,3,2
53386604,85,48,37,5,15,9,16,12,1,3,1,8,1,8,4,0,5,4,1,36,21,15,28,12,16,0,0,0,10,5,5,6,6,0
53386605,80,41,39,11,19,9,6,9,1,3,0,8,5,1,6,0,4,2,2,23,17,6,38,19,19,1,0,1,14,3,11,0,0,0
53386606,18,11,7,0,5,0,5,5,0,0,0,0,0,1,0,0,1,0,1,11,7,4,3,3,0,0,0,0,1,0,1,2,1,1
53386607,115,66,49,7,21,7,23,10,5,4,1,11,7,1,15,1,13,7,6,53,34,19,23,12,11,0,0,0,11,5,6,15,8,7
53388201,257,138,119,4,90,21,30,19,14,3,4,18,17,15,11,0,21,11,10,91,65,26,108,45,63,5,1,4,20,8,12,12,8,4
56482601,132,66,66,11,22,15,24,10,3,9,4,8,9,4,11,2,6,4,2,37,22,15,53,20,33,2,0,2,26,15,11,8,5,3
53389101,199,110,89,3,51,25,25,26,5,4,3,25,14,7,5,1,12,5,7,95,62,33,62,29,33,1,0,1,17,6,11,12,8,4
51320201,16,10,6,1,5,0,0,1,0,0,1,1,3,1,3,0,2,0,2,6,5,1,5,3,2,0,0,0,3,2,1,0,0,0
51320202,43,25,18,2,5,3,3,8,0,2,1,5,2,5,3,1,2,1,1,18,12,6,17,8,9,0,0,0,6,4,2,0,0,0
53392101,90,51,39,3,16,12,17,13,6,3,1,3,4,5,4,0,6,3,3,45,33,12,26,9,17,4,1,3,7,4,3,2,1,1
53392102,12,7,5,0,4,2,1,1,0,0,0,1,0,1,1,0,1,1,0,3,3,0,8,3,5,0,0,0,0,0,0,0,0,0
53392103,55,27,28,5,11,1,4,5,1,3,0,6,5,5,5,1,2,1,1,22,16,6,21,6,15,1,0,1,9,4,5,0,0,0
53392104,75,39,36,2,17,7,8,9,5,2,2,5,4,2,12,0,3,2,1,28,18,10,30,14,16,2,0,2,10,4,6,2,1,1
53392105,12,8,4,4,0,3,1,2,0,1,0,1,0,0,0,0,0,0,0,7,5,2,5,3,2,0,0,0,0,0,0,0,0,0
53392106,764,416,348,28,194,93,108,74,11,10,11,57,39,45,69,5,51,27,24,274,175,99,277,135,142,16,8,8,103,45,58,43,26,17
51326101,126,68,58,8,38,12,16,13,1,4,1,11,9,3,6,1,6,2,4,59,38,21,46,21,25,1,0,1,9,4,5,5,3,2
51316401,173,101,72,12,40,15,20,24,3,6,3,19,8,5,8,2,8,8,0,68,45,23,62,26,36,4,2,2,24,14,10,7,6,1
53803501,180,105,75,15,56,12,19,17,4,3,2,20,7,8,10,1,7,4,3,68,43,25,71,37,34,5,3,2,21,12,9,8,6,2
53803502,45,21,24,4,15,2,4,8,1,2,0,3,2,2,1,0,4,1,3,21,10,11,14,7,7,1,0,1,5,3,2,0,0,0
53394701,69,42,27,4,27,4,8,6,5,2,0,2,3,3,2,1,10,6,4,32,21,11,21,14,7,0,0,0,4,0,4,2,1,1
53394702,269,196,73,9,188,15,8,8,10,2,1,14,4,1,4,1,29,26,3,56,40,16,68,42,26,14,11,3,53,43,10,49,34,15
53394703,14,8,6,0,4,2,1,0,1,0,0,1,2,1,1,0,0,0,0,4,3,1,7,4,3,1,0,1,2,1,1,0,0,0
53394704,67,33,34,10,29,7,3,3,0,0,2,4,3,1,1,1,3,2,1,34,23,11,23,5,18,2,1,1,4,1,3,1,1,0
53394706,434,259,175,28,164,31,50,28,18,8,8,28,7,27,22,4,31,24,7,173,114,59,147,74,73,17,9,8,42,22,20,24,16,8
53394707,43,22,21,2,17,3,3,4,1,0,1,4,3,1,2,0,0,0,0,13,10,3,19,8,11,0,0,0,8,3,5,3,1,2
53136701,59,31,28,5,15,1,7,4,2,0,0,5,10,5,3,0,2,1,1,23,12,11,25,12,13,0,0,0,6,3,3,3,3,0
53111101,84,44,40,15,25,6,8,8,2,0,0,3,1,6,8,0,5,2,3,39,31,8,26,8,18,1,1,0,13,2,11,0,0,0
53397101,155,88,67,27,46,12,16,10,5,1,2,9,11,9,2,3,10,2,8,83,56,27,34,16,18,2,1,1,12,5,7,14,8,6
53397102,69,40,29,6,25,5,5,3,3,1,0,3,11,1,5,0,3,2,1,31,22,9,18,10,8,2,0,2,10,4,6,5,2,3
53397103,60,36,24,5,22,5,7,4,1,1,1,4,5,0,5,0,5,2,3,32,26,6,11,5,6,0,0,0,11,3,8,1,0,1
53096401,8,5,3,1,2,1,0,0,0,0,0,2,1,1,0,0,0,0,0,3,3,0,1,0,1,0,0,0,3,1,2,1,1,0
53398001,121,70,51,25,38,8,6,7,7,1,2,8,2,6,5,2,1,1,0,49,33,16,37,17,20,4,0,4,26,16,10,4,3,1
53398002,18,10,8,2,6,0,2,1,0,3,0,2,1,0,1,0,0,0,0,10,8,2,4,0,4,0,0,0,4,2,2,0,0,0
53398005,32,21,11,3,13,2,4,3,0,0,0,1,4,1,0,0,2,1,1,13,11,2,13,6,7,2,1,1,2,2,0,0,0,0
53398006,12,3,9,2,3,1,0,1,0,0,0,0,2,1,2,0,0,0,0,3,2,1,6,1,5,0,0,0,3,0,3,0,0,0
53398007,10,6,4,2,1,1,1,2,0,1,0,0,2,0,0,0,0,0,0,3,1,2,3,2,1,1,1,0,3,2,1,0,0,0
53083201,27,17,10,6,8,2,1,1,0,1,1,3,3,0,1,0,0,0,0,12,8,4,15,9,6,0,0,0,0,0,0,0,0,0
53083202,30,19,11,4,13,1,3,2,0,0,1,1,2,1,1,0,1,1,0,14,11,3,10,5,5,0,0,0,5,2,3,0,0,0
53128601,185,110,75,14,45,20,16,14,3,4,3,15,23,7,19,0,4,3,1,64,45,19,83,48,35,2,2,0,26,7,19,6,5,1
53399801,334,191,143,15,103,32,30,22,13,12,1,19,29,22,20,3,17,8,9,109,76,33,149,78,71,6,2,4,42,17,25,11,10,1
53399802,330,170,160,28,111,15,31,15,9,9,7,20,26,28,19,3,18,8,10,108,74,34,139,63,76,10,4,6,48,17,31,7,4,3
0183680,0,0,0,0,0,0,0,0,0,0,0,0,0,0,0,0,0,0,0,0,0,0,0,0,0,0,0,0,0,0,0,0,0,0
0183760,0,0,0,0,0,0,0,0,0,0,0,0,0,0,0,0,0,0,0,0,0,0,0,0,0,0,0,0,0,0,0,0,0,0
0184060,0,0,0,0,0,0,0,0,0,0,0,0,0,0,0,0,0,0,0,0,0,0,0,0,0,0,0,0,0,0,0,0,0,0
0184650,0,0,0,0,0,0,0,0,0,0,0,0,0,0,0,0,0,0,0,0,0,0,0,0,0,0,0,0,0,0,0,0,0,0
0184810,0,0,0,0,0,0,0,0,0,0,0,0,0,0,0,0,0,0,0,0,0,0,0,0,0,0,0,0,0,0,0,0,0,0
53400501,31,18,13,7,4,0,1,3,0,0,0,6,3,3,1,2,3,2,1,11,7,4,9,5,4,0,0,0,5,2,3,3,2,1
53400502,18,11,7,0,1,5,1,0,1,1,0,5,1,2,0,0,1,1,0,0,0,0,6,5,1,3,2,1,8,3,5,0,0,0
53400504,112,57,55,3,29,4,10,2,1,2,4,7,24,10,11,2,1,1,0,18,10,8,42,19,23,3,1,2,46,24,22,2,2,0
53400505,1145,595,550,27,269,78,137,51,41,17,18,75,167,99,118,9,52,24,28,261,153,108,467,238,229,41,15,26,257,117,140,67,48,19
53400506,1274,676,598,40,349,82,137,75,30,28,22,103,128,100,113,19,70,35,35,367,215,152,484,243,241,39,11,28,242,127,115,72,45,27
53400507,68,37,31,0,23,4,4,3,6,2,2,4,5,4,7,1,9,5,4,26,19,7,16,7,9,4,1,3,7,3,4,6,2,4
53400508,33,18,15,2,7,1,6,0,1,0,0,3,5,7,0,1,1,0,1,14,11,3,12,4,8,1,0,1,5,3,2,0,0,0
53400509,864,475,389,31,203,69,84,35,20,30,17,58,110,99,72,6,24,14,10,195,126,69,327,179,148,21,4,17,278,140,138,19,12,7
53400510,79,45,34,4,18,5,6,9,2,4,1,4,9,4,8,0,3,1,2,29,20,9,27,13,14,0,0,0,14,7,7,6,4,2
53400511,775,409,366,16,190,37,92,50,12,14,10,59,132,70,68,6,29,15,14,180,108,72,333,167,166,31,11,20,177,94,83,25,14,11
53400512,83,44,39,1,24,1,14,5,0,1,2,4,9,8,9,0,2,2,0,27,14,13,38,20,18,3,1,2,12,6,6,1,1,0
53400513,449,246,203,11,107,16,82,20,26,12,6,43,36,27,29,8,28,13,15,127,76,51,179,93,86,7,1,6,70,32,38,38,31,7
52952401,20,13,7,7,2,2,5,0,0,0,0,0,2,0,1,1,1,1,0,10,8,2,4,2,2,1,1,0,4,1,3,0,0,0
0202732,0,0,0,0,0,0,0,0,0,0,0,0,0,0,0,0,0,0,0,0,0,0,0,0,0,0,0,0,0,0,0,0,0,0
53401301,53,31,22,8,19,3,8,1,0,1,0,5,3,3,1,0,4,2,2,15,12,3,20,8,12,0,0,0,10,6,4,4,3,1
53401302,22,9,13,5,5,1,2,1,1,1,1,1,2,2,0,0,0,0,0,6,2,4,13,5,8,0,0,0,3,2,1,0,0,0
53401303,38,26,12,6,13,4,0,3,1,1,1,0,3,4,1,0,2,2,0,18,14,4,9,6,3,1,1,0,6,2,4,2,1,1
53401304,29,19,10,8,5,2,2,1,0,0,0,1,3,4,2,1,0,0,0,9,8,1,17,9,8,1,0,1,2,2,0,0,0,0
53401305,10,7,3,1,1,0,1,0,0,1,0,3,1,0,1,0,0,0,0,3,3,0,3,2,1,0,0,0,2,1,1,2,1,1
53401306,21,13,8,4,4,1,0,6,2,0,2,1,0,1,0,0,0,0,0,9,6,3,10,7,3,1,0,1,1,0,1,0,0,0
53401308,12,7,5,4,1,2,1,0,0,0,0,0,2,1,1,0,0,0,0,3,2,1,7,4,3,1,0,1,1,1,0,0,0,0
53402101,245,138,107,33,73,11,24,11,7,5,2,23,23,17,9,1,9,5,4,78,52,26,113,52,61,5,2,3,32,20,12,8,7,1
53402104,17,10,7,1,4,5,2,1,0,0,0,1,1,0,1,0,0,0,0,7,4,3,4,3,1,0,0,0,4,2,2,2,1,1
53402105,16,8,8,6,4,0,3,0,0,0,0,0,3,0,0,0,0,0,0,5,4,1,7,3,4,0,0,0,4,1,3,0,0,0
53402106,24,15,9,4,4,3,4,0,1,0,1,3,1,2,0,0,3,2,1,3,3,0,8,6,2,1,1,0,8,2,6,1,1,0
53403001,29,18,11,9,5,1,4,1,1,0,1,1,5,0,1,0,0,0,0,16,12,4,6,3,3,2,1,1,5,2,3,0,0,0
53403002,71,41,30,9,19,11,5,4,3,2,0,2,1,2,9,0,2,0,2,40,28,12,16,6,10,2,1,1,7,3,4,4,3,1
53403003,26,17,9,5,12,1,0,3,1,0,0,3,0,0,1,0,1,0,1,12,9,3,10,5,5,1,1,0,2,2,0,0,0,0
53403004,13,8,5,1,2,0,1,0,0,1,0,2,1,0,4,0,0,0,0,6,5,1,4,1,3,0,0,0,3,2,1,0,0,0
53403005,21,13,8,5,4,2,0,4,1,0,0,2,0,1,2,0,0,0,0,11,10,1,4,1,3,3,0,3,3,2,1,0,0,0
53403006,37,22,15,1,12,4,3,2,2,1,0,2,2,3,3,0,3,2,1,13,9,4,15,8,7,1,1,0,5,2,3,0,0,0
53403007,12,10,2,4,0,0,2,1,1,0,0,1,1,1,1,0,0,0,0,4,3,1,5,4,1,0,0,0,3,3,0,0,0,0
52955902,58,31,27,10,14,2,6,3,0,0,0,3,3,12,4,1,3,2,1,17,12,5,16,7,9,4,1,3,16,7,9,2,2,0
53126001,40,27,13,7,15,3,3,1,0,1,1,4,4,0,1,0,1,1,0,23,19,4,8,3,5,0,0,0,7,4,3,1,0,1
53134101,194,108,86,14,51,13,23,12,3,2,3,9,22,11,19,2,8,3,5,76,48,28,76,42,34,4,0,4,21,11,10,9,4,5
53119701,306,170,136,14,96,20,37,18,3,16,7,15,29,23,17,3,9,4,5,115,79,36,112,53,59,8,4,4,53,24,29,9,6,3
53119702,33,20,13,1,9,3,1,0,1,2,0,5,4,2,3,0,0,0,0,10,5,5,12,9,3,0,0,0,10,5,5,1,1,0
53143001,13,8,5,3,6,0,1,1,0,0,0,2,0,0,0,0,1,1,0,6,4,2,4,2,2,1,0,1,1,1,0,0,0,0
53143002,65,38,27,5,25,4,6,5,3,2,1,2,3,3,4,0,4,3,1,20,13,7,28,15,13,1,0,1,7,4,3,5,3,2
53143003,102,60,42,8,37,2,9,5,0,3,3,6,14,8,4,1,5,3,2,34,24,10,36,17,19,4,2,2,19,11,8,4,3,1
0420480,0,0,0,0,0,0,0,0,0,0,0,0,0,0,0,0,0,0,0,0,0,0,0,0,0,0,0,0,0,0,0,0,0,0
53405601,22,13,9,3,5,3,2,1,2,0,1,0,1,2,2,0,1,1,0,10,8,2,10,4,6,1,0,1,0,0,0,0,0,0
53405602,15,10,5,2,7,1,1,1,0,0,0,0,1,0,0,0,3,1,2,9,7,2,2,1,1,0,0,0,0,0,0,1,1,0
53405603,14,6,8,5,2,0,3,0,0,0,0,1,1,1,1,0,0,0,0,6,3,3,7,3,4,0,0,0,1,0,1,0,0,0
53405604,107,61,46,9,46,9,11,5,2,1,1,7,4,4,5,1,6,4,2,42,27,15,47,24,23,0,0,0,7,3,4,5,3,2
53405605,44,21,23,2,10,2,5,5,1,1,3,1,3,6,4,1,0,0,0,19,13,6,11,4,7,1,1,0,12,3,9,1,0,1
53135901,183,108,75,8,51,16,19,12,6,3,2,9,22,13,16,3,3,1,2,73,48,25,64,30,34,8,5,3,23,14,9,12,10,2
53148101,87,50,37,10,35,4,9,5,0,3,1,5,10,2,1,0,4,2,2,33,21,12,38,21,17,2,2,0,7,3,4,3,1,2
53406401,120,66,54,14,34,10,18,3,4,1,0,7,3,9,12,3,6,4,2,57,35,22,24,7,17,4,1,3,17,10,7,12,9,3
53141301,46,30,16,5,14,4,8,6,0,1,0,1,3,1,1,0,3,1,2,21,15,6,14,9,5,0,0,0,4,2,2,4,3,1
53408102,45,27,18,6,11,1,5,2,1,0,1,3,4,3,5,0,3,1,2,21,17,4,18,8,10,0,0,0,2,0,2,1,1,0
53408103,70,42,28,6,30,2,6,7,0,3,2,5,3,2,1,2,2,0,2,28,20,8,25,13,12,3,1,2,6,4,2,6,4,2
0724271,0,0,0,0,0,0,0,0,0,0,0,0,0,0,0,0,0,0,0,0,0,0,0,0,0,0,0,0,0,0,0,0,0,0
53409901,170,96,74,15,54,19,18,10,0,2,5,11,8,7,13,1,9,3,6,73,57,16,59,25,34,4,1,3,16,6,10,9,4,5
53409902,16,8,8,1,7,4,2,0,0,0,0,2,0,0,0,0,2,0,2,8,4,4,4,3,1,0,0,0,2,1,1,0,0,0
53409903,34,24,10,9,10,1,3,1,1,2,0,4,0,2,1,0,0,0,0,21,17,4,10,4,6,0,0,0,2,2,0,1,1,0
53409904,45,24,21,10,14,2,5,3,5,0,0,2,1,1,2,0,2,1,1,19,12,7,16,7,9,0,0,0,5,3,2,3,1,2
53409905,23,15,8,3,9,0,0,0,0,1,0,7,0,1,0,1,1,0,1,11,9,2,7,4,3,0,0,0,3,1,2,1,1,0
53409906,14,8,6,2,5,0,2,2,1,0,0,1,1,0,0,0,3,2,1,6,5,1,4,1,3,0,0,0,1,0,1,0,0,0
53409907,12,8,4,0,8,0,0,1,1,0,0,0,1,0,1,0,0,0,0,6,5,1,6,3,3,0,0,0,0,0,0,0,0,0
53409908,15,9,6,1,1,3,5,2,0,0,0,0,1,2,0,0,0,0,0,5,4,1,8,4,4,0,0,0,1,0,1,1,1,0
53409909,40,22,18,6,5,4,2,6,0,0,1,3,0,5,5,1,0,0,0,18,15,3,8,5,3,0,0,0,8,0,8,6,2,4
53410201,362,209,153,13,103,29,24,21,12,12,2,22,75,26,12,3,21,9,12,103,67,36,156,87,69,9,5,4,54,27,27,19,14,5
53412903,277,149,128,28,74,20,26,21,11,7,5,28,9,16,26,1,12,5,7,112,71,41,93,45,48,8,2,6,42,21,21,10,5,5
53412904,19,12,7,0,6,1,3,0,1,0,0,0,2,3,2,0,1,1,0,2,2,0,11,6,5,0,0,0,5,3,2,0,0,0
53412906,27,17,10,2,5,0,4,1,3,2,0,3,2,3,1,0,0,0,0,10,8,2,5,3,2,2,0,2,10,6,4,0,0,0
53412907,25,16,9,2,9,2,2,3,1,3,0,3,0,0,0,0,1,0,1,10,8,2,10,6,4,1,1,0,3,1,2,0,0,0
53412908,20,9,11,0,7,0,0,0,2,0,0,4,2,0,5,0,0,0,0,9,6,3,8,2,6,0,0,0,2,1,1,1,0,1
53413701,180,107,73,10,52,12,15,14,1,9,5,12,19,8,14,1,5,4,1,64,50,14,74,36,38,10,4,6,25,11,14,2,2,0
53413702,32,21,11,3,7,3,4,3,2,1,0,2,1,1,1,0,0,0,0,11,8,3,15,10,5,0,0,0,6,3,3,0,0,0
53413703,34,19,15,3,7,0,3,3,0,1,0,4,3,3,4,0,2,1,1,13,9,4,15,7,8,0,0,0,2,0,2,2,2,0
53413704,13,7,6,5,3,0,0,1,1,1,0,0,0,0,1,0,0,0,0,8,5,3,1,0,1,1,1,0,1,0,1,2,1,1
53140501,110,61,49,8,38,9,10,7,2,2,0,12,7,5,4,3,4,1,3,41,23,18,42,27,15,2,2,0,15,5,10,6,3,3
55146501,27,16,11,2,6,3,3,1,0,0,0,6,1,1,3,0,1,1,0,9,8,1,8,3,5,2,0,2,6,3,3,1,1,0
53415302,27,15,12,2,10,2,4,0,1,0,0,3,1,2,0,0,1,1,0,13,9,4,8,2,6,0,0,0,5,3,2,0,0,0
53415303,167,88,79,16,49,14,18,8,1,2,4,13,13,18,3,2,10,3,7,60,40,20,67,28,39,2,1,1,24,13,11,4,3,1
53416101,10,5,5,1,6,0,0,0,0,0,1,0,1,0,0,0,0,0,0,6,3,3,2,2,0,0,0,0,2,0,2,0,0,0
53416102,38,19,19,2,9,7,6,2,1,0,1,4,1,1,3,0,3,2,1,14,8,6,15,6,9,0,0,0,2,1,1,4,2,2
53416103,23,14,9,4,5,2,0,3,1,0,0,1,4,0,2,0,2,0,2,11,10,1,9,3,6,0,0,0,1,1,0,0,0,0
53416104,18,11,7,3,7,0,1,2,0,0,0,2,2,0,1,0,0,0,0,7,4,3,3,2,1,2,0,2,1,1,0,5,4,1
53416105,257,143,114,25,83,19,29,17,8,6,4,13,23,12,11,3,9,5,4,101,64,37,98,52,46,8,2,6,30,11,19,11,9,2
0778101,0,0,0,0,0,0,0,0,0,0,0,0,0,0,0,0,0,0,0,0,0,0,0,0,0,0,0,0,0,0,0,0,0,0
0778610,0,0,0,0,0,0,0,0,0,0,0,0,0,0,0,0,0,0,0,0,0,0,0,0,0,0,0,0,0,0,0,0,0,0
0779330,0,0,0,0,0,0,0,0,0,0,0,0,0,0,0,0,0,0,0,0,0,0,0,0,0,0,0,0,0,0,0,0,0,0
0779500,0,0,0,0,0,0,0,0,0,0,0,0,0,0,0,0,0,0,0,0,0,0,0,0,0,0,0,0,0,0,0,0,0,0
0780002,0,0,0,0,0,0,0,0,0,0,0,0,0,0,0,0,0,0,0,0,0,0,0,0,0,0,0,0,0,0,0,0,0,0
3072460,0,0,0,0,0,0,0,0,0,0,0,0,0,0,0,0,0,0,0,0,0,0,0,0,0,0,0,0,0,0,0,0,0,0
3072540,0,0,0,0,0,0,0,0,0,0,0,0,0,0,0,0,0,0,0,0,0,0,0,0,0,0,0,0,0,0,0,0,0,0
3210950,0,0,0,0,0,0,0,0,0,0,0,0,0,0,0,0,0,0,0,0,0,0,0,0,0,0,0,0,0,0,0,0,0,0
3228062,0,0,0,0,0,0,0,0,0,0,0,0,0,0,0,0,0,0,0,0,0,0,0,0,0,0,0,0,0,0,0,0,0,0
3228063,0,0,0,0,0,0,0,0,0,0,0,0,0,0,0,0,0,0,0,0,0,0,0,0,0,0,0,0,0,0,0,0,0,0
53395501,55,33,22,1,27,3,1,1,2,2,1,6,4,2,2,0,4,3,1,18,11,7,16,11,5,3,2,1,12,5,7,2,1,1
53395502,607,336,271,6,224,35,57,22,31,27,10,51,37,46,32,1,45,20,25,155,93,62,226,128,98,28,14,14,122,63,59,31,18,13
53395503,601,336,265,11,170,34,56,27,16,36,14,56,57,43,53,5,30,11,19,104,70,34,229,123,106,30,13,17,184,103,81,24,16,8
53395504,1108,577,531,16,368,61,92,73,42,44,16,103,69,95,79,11,85,44,41,353,209,144,397,195,202,28,10,18,185,77,108,60,42,18
53395506,168,80,88,1,54,16,18,11,4,3,0,15,11,13,16,0,23,13,10,53,29,24,64,25,39,3,0,3,17,8,9,8,5,3
53395507,11,7,4,0,3,2,1,0,1,0,0,3,0,0,1,0,1,0,1,5,4,1,3,1,2,0,0,0,2,2,0,0,0,0
53395508,119,72,47,1,20,12,13,6,6,6,4,15,12,10,10,1,4,2,2,20,15,5,45,23,22,3,0,3,45,31,14,2,1,1
53395510,674,360,314,15,185,44,63,38,26,26,11,55,46,57,79,7,19,9,10,172,125,47,243,112,131,20,9,11,190,87,103,30,18,12
53395511,861,475,386,18,208,53,84,39,34,30,14,82,88,82,77,7,18,9,9,182,116,66,334,178,156,30,16,14,283,148,135,14,8,6
53395512,9,3,6,0,3,0,3,0,0,0,1,1,1,0,0,0,1,0,1,1,0,1,4,1,3,0,0,0,3,2,1,0,0,0
53395514,10,7,3,0,3,0,1,1,0,1,0,1,0,0,0,0,1,1,0,4,3,1,2,1,1,0,0,0,3,2,1,0,0,0
53395515,365,200,165,1,131,21,34,20,9,11,12,30,30,23,26,2,10,5,5,96,63,33,160,88,72,14,6,8,75,33,42,10,5,5
53395516,23,18,5,0,23,0,0,0,0,0,0,0,0,0,0,0,1,1,0,3,3,0,6,5,1,2,0,2,3,2,1,8,7,1
53395519,88,47,41,2,30,7,12,4,5,3,1,6,5,8,4,0,4,2,2,40,26,14,32,14,18,3,0,3,8,5,3,1,0,1
53395520,20,11,9,0,6,0,0,3,0,0,0,3,0,3,4,0,3,3,0,7,3,4,8,5,3,0,0,0,2,0,2,0,0,0
53395522,57,36,21,4,17,7,6,13,1,3,0,1,5,0,0,0,8,4,4,26,15,11,17,13,4,0,0,0,2,1,1,4,3,1
53395523,514,285,229,11,160,35,60,36,17,15,11,41,31,33,33,6,23,12,11,162,108,54,186,92,94,17,12,5,103,46,57,23,15,8
53395526,81,47,34,0,48,8,4,4,1,0,2,5,5,1,1,0,9,4,5,29,19,10,25,14,11,1,1,0,7,2,5,10,7,3
53395527,426,238,188,10,141,27,36,36,20,6,9,42,28,28,27,2,27,13,14,152,101,51,168,87,81,4,2,2,69,32,37,6,3,3
53395528,14,7,7,0,7,0,0,0,1,1,0,1,0,1,3,0,2,0,2,2,2,0,6,2,4,0,0,0,4,3,1,0,0,0
53395529,533,290,243,9,175,36,62,38,15,16,11,46,40,33,30,3,25,13,12,164,115,49,236,117,119,11,4,7,92,38,54,5,3,2
53395530,319,185,134,4,80,24,26,11,16,11,8,27,20,28,30,3,28,24,4,73,50,23,108,58,50,7,3,4,92,46,46,11,4,7
53395531,380,202,178,3,151,15,36,12,9,10,4,43,22,26,26,2,20,12,8,72,39,33,146,73,73,14,9,5,104,50,54,24,19,5
53395532,691,410,281,13,219,43,60,33,36,19,12,97,20,37,47,12,46,26,20,162,110,52,213,112,101,18,10,8,154,80,74,98,72,26
53395533,1506,815,691,21,528,77,150,91,33,43,35,133,121,88,123,16,72,35,37,497,298,199,616,315,301,37,10,27,210,104,106,74,53,21
53395534,716,384,332,13,253,38,74,45,13,17,18,58,59,47,46,5,42,17,25,188,110,78,312,164,148,19,6,13,130,69,61,25,18,7
53395535,74,38,36,0,24,2,2,7,1,2,2,10,9,2,7,0,1,0,1,26,13,13,30,14,16,0,0,0,14,8,6,3,3,0
53395536,29,15,14,1,6,0,0,0,0,1,0,4,5,3,1,3,1,1,0,5,3,2,8,4,4,1,1,0,13,6,7,1,0,1
53395537,92,58,34,1,34,5,15,3,1,4,1,7,3,10,2,0,3,2,1,22,20,2,28,15,13,7,4,3,18,11,7,14,6,8
53395538,82,42,40,1,27,2,11,3,3,5,1,6,4,3,7,1,2,1,1,27,20,7,31,10,21,0,0,0,22,11,11,0,0,0
53417001,121,70,51,3,26,13,14,13,3,4,3,10,13,0,13,1,4,2,2,35,23,12,43,23,20,4,1,3,30,17,13,5,4,1
53418801,451,249,202,22,150,37,48,29,11,7,6,32,28,33,28,6,19,9,10,154,102,52,184,89,95,14,8,6,65,33,32,15,8,7
53418802,18,10,8,1,2,1,3,2,0,0,0,3,2,1,2,0,3,0,3,5,3,2,8,6,2,0,0,0,2,1,1,0,0,0
53418804,29,15,14,3,8,1,5,3,2,1,1,3,0,1,1,0,1,0,1,14,9,5,9,4,5,0,0,0,5,2,3,0,0,0
53418805,18,11,7,2,10,0,1,2,0,0,0,0,1,1,1,0,0,0,0,6,4,2,6,4,2,0,0,0,6,3,3,0,0,0
53420001,32,18,14,0,8,1,3,2,2,1,1,4,2,3,5,0,2,2,0,7,5,2,9,5,4,3,0,3,8,4,4,3,2,1
53420002,85,48,37,4,26,4,6,5,3,7,1,10,3,10,4,0,4,2,2,16,12,4,33,17,16,3,1,2,28,16,12,1,0,1
53420003,40,24,16,2,9,4,1,1,2,1,0,8,4,4,3,1,0,0,0,13,9,4,14,9,5,3,1,2,9,4,5,1,1,0
53420004,28,15,13,1,4,1,0,3,1,0,2,2,7,2,4,0,2,1,1,6,5,1,9,4,5,1,0,1,8,3,5,2,2,0
53420005,201,107,94,19,58,15,23,14,11,3,2,18,10,8,15,0,9,4,5,75,47,28,85,41,44,3,1,2,20,8,12,9,6,3
53420006,205,115,90,20,53,7,28,3,9,9,5,15,12,16,27,0,3,1,2,43,33,10,91,48,43,5,2,3,61,30,31,2,1,1
53099901,189,103,86,26,56,9,17,5,4,3,4,14,11,17,15,4,11,6,5,74,45,29,57,33,24,10,3,7,30,12,18,7,4,3
53422602,24,12,12,5,9,1,5,2,0,0,0,1,0,1,0,0,3,2,1,12,8,4,6,1,5,3,1,2,0,0,0,0,0,0
53422603,85,52,33,20,26,3,9,7,0,0,0,6,3,6,1,2,4,2,2,33,24,9,34,19,15,6,2,4,7,4,3,1,1,0
53424201,437,258,179,11,137,47,62,22,16,10,5,29,32,23,22,2,23,10,13,184,129,55,160,80,80,9,5,4,47,25,22,14,9,5
53424202,7,5,2,0,4,1,1,0,0,0,0,0,1,0,0,0,1,1,0,2,2,0,2,0,2,0,0,0,0,0,0,2,2,0
53425101,80,45,35,5,24,9,10,4,3,1,1,7,6,1,5,1,3,1,2,38,25,13,24,11,13,2,0,2,6,3,3,7,5,2
1113251,0,0,0,0,0,0,0,0,0,0,0,0,0,0,0,0,0,0,0,0,0,0,0,0,0,0,0,0,0,0,0,0,0,0
53427701,27,14,13,4,9,1,6,1,1,0,0,2,1,0,1,0,1,0,1,14,9,5,7,3,4,1,0,1,4,2,2,0,0,0
53427702,23,13,10,1,5,2,3,2,0,0,0,3,2,2,3,0,0,0,0,6,5,1,9,7,2,1,0,1,7,1,6,0,0,0
53427703,90,48,42,9,15,13,17,10,1,0,1,4,4,3,10,0,3,1,2,44,22,22,30,16,14,1,0,1,6,4,2,6,5,1
53427704,10,5,5,1,2,2,0,1,0,0,0,2,0,1,1,0,0,0,0,2,1,1,6,4,2,0,0,0,2,0,2,0,0,0
53095601,67,41,26,12,26,3,2,2,2,1,3,3,7,2,1,0,0,0,0,26,20,6,24,9,15,1,1,0,15,10,5,1,1,0
53127801,88,53,35,11,20,11,6,7,2,0,2,7,11,5,5,0,7,2,5,30,23,7,26,13,13,1,1,0,18,11,7,6,3,3
53430702,16,11,5,4,7,0,0,0,0,0,0,2,2,0,0,1,0,0,0,9,7,2,4,1,3,0,0,0,1,1,0,2,2,0
53430703,9,7,2,1,4,0,0,1,0,0,0,2,1,0,0,0,2,2,0,3,3,0,3,1,2,0,0,0,0,0,0,1,1,0
53430705,42,31,11,6,12,2,3,1,2,2,1,5,2,4,1,1,7,4,3,12,11,1,14,10,4,0,0,0,8,5,3,1,1,0
53431503,104,63,41,22,30,10,8,5,2,1,0,1,10,11,2,0,3,2,1,40,30,10,38,21,17,2,1,1,14,4,10,7,5,2
53431504,15,9,6,3,3,1,2,3,1,0,0,0,0,1,0,1,3,2,1,6,4,2,4,1,3,0,0,0,1,1,0,1,1,0
53431505,22,13,9,2,6,2,3,1,2,0,1,1,0,1,2,0,0,0,0,13,8,5,8,4,4,0,0,0,1,1,0,0,0,0
53432301,11,8,3,0,2,2,2,1,0,1,0,2,0,0,0,0,0,0,0,4,3,1,5,3,2,0,0,0,1,1,0,1,1,0
53432302,9,5,4,2,1,1,0,0,0,0,0,3,1,1,0,0,0,0,0,4,2,2,3,2,1,0,0,0,2,1,1,0,0,0
53432303,6,5,1,0,4,0,0,1,0,1,0,0,0,0,0,0,0,0,0,3,2,1,1,1,0,1,1,0,0,0,0,1,1,0
53432304,13,7,6,0,2,1,2,1,0,1,1,0,4,0,0,0,0,0,0,0,0,0,8,5,3,0,0,0,3,0,3,2,2,0
53432305,11,6,5,1,2,1,0,1,0,0,0,1,0,1,2,0,0,0,0,2,2,0,8,4,4,0,0,0,1,0,1,0,0,0
53432306,18,9,9,4,3,2,2,0,0,0,0,1,0,1,3,0,0,0,0,10,7,3,4,1,3,0,0,0,2,0,2,2,1,1
52819601,13,8,5,4,3,2,1,0,0,0,0,1,1,0,1,0,0,0,0,5,5,0,7,3,4,0,0,0,0,0,0,1,0,1
52819602,73,43,30,14,18,4,5,6,2,0,0,7,5,5,4,0,2,2,0,31,21,10,29,15,14,1,0,1,8,4,4,2,1,1
52819603,9,5,4,1,2,2,1,0,0,0,0,2,0,1,0,0,0,0,0,3,2,1,4,2,2,0,0,0,1,0,1,1,1,0
52819604,9,7,2,2,0,1,1,1,0,1,0,3,0,0,0,0,0,0,0,4,4,0,4,2,2,0,0,0,1,1,0,0,0,0
53433101,294,158,136,13,90,22,25,17,11,7,2,20,31,29,21,2,14,4,10,109,72,37,120,56,64,8,1,7,38,22,16,5,3,2
53434001,91,52,39,5,24,7,10,6,8,0,0,7,6,10,4,3,5,1,4,45,28,17,18,9,9,1,1,0,17,9,8,5,4,1
53434002,29,17,12,2,5,1,2,5,1,0,2,6,2,1,1,1,0,0,0,11,8,3,15,9,6,0,0,0,2,0,2,1,0,1
53434003,50,28,22,5,13,2,9,2,3,1,0,5,4,1,3,2,3,1,2,18,13,5,12,5,7,0,0,0,9,4,5,8,5,3
53434004,35,22,13,4,7,2,6,3,0,1,1,2,1,2,4,0,1,0,1,18,14,4,11,6,5,0,0,0,2,0,2,3,2,1
53435801,22,14,8,5,2,1,3,3,0,1,0,1,1,2,2,0,1,0,1,6,4,2,6,5,1,1,0,1,5,3,2,3,2,1
53435802,15,9,6,4,3,0,0,1,0,0,0,3,1,0,1,0,0,0,0,3,3,0,11,6,5,0,0,0,1,0,1,0,0,0
53435803,28,16,12,3,6,0,5,1,1,0,0,2,5,2,3,0,1,1,0,8,5,3,11,6,5,1,0,1,7,4,3,0,0,0
53435804,195,110,85,16,35,13,31,14,5,5,2,20,8,14,27,1,20,12,8,61,39,22,81,42,39,4,0,4,24,14,10,5,3,2
52662201,172,98,74,16,35,15,27,16,5,1,3,9,16,9,8,1,10,6,4,64,40,24,63,33,30,4,2,2,29,16,13,2,1,1
53436601,49,29,20,5,23,3,5,3,1,0,0,3,0,3,2,1,1,1,0,22,15,7,23,12,11,0,0,0,3,1,2,0,0,0
53436602,17,10,7,0,4,0,3,2,2,1,0,3,1,0,0,0,2,1,1,7,4,3,7,4,3,0,0,0,1,1,0,0,0,0
53436603,8,4,4,1,5,0,0,1,0,0,0,0,0,0,1,0,0,0,0,6,3,3,1,1,0,0,0,0,0,0,0,1,0,1
53436604,25,13,12,0,9,0,2,4,1,1,1,1,1,2,1,0,2,1,1,10,4,6,10,7,3,0,0,0,3,1,2,0,0,0
53437402,28,17,11,0,8,3,2,2,1,1,0,2,3,1,2,0,2,2,0,10,8,2,5,1,4,0,0,0,10,5,5,1,1,0
53437403,18,10,8,1,2,3,3,0,3,0,0,1,1,1,2,0,3,1,2,6,4,2,5,2,3,1,0,1,1,1,0,2,2,0
53437404,38,21,17,2,1,4,7,4,0,1,3,4,2,2,4,1,3,3,0,17,9,8,12,4,8,0,0,0,5,4,1,1,1,0
53437405,21,14,7,2,6,1,1,3,2,2,0,2,0,1,0,0,2,1,1,8,7,1,6,3,3,0,0,0,3,3,0,2,0,2
53085901,125,75,50,19,44,7,12,7,1,2,3,5,14,5,5,0,6,3,3,50,35,15,45,22,23,0,0,0,19,11,8,5,4,1
53138301,40,23,17,2,16,3,1,0,0,1,1,2,6,5,1,2,1,1,0,17,12,5,12,8,4,2,0,2,5,1,4,3,1,2
53439101,54,34,20,9,23,6,4,1,0,2,0,4,1,1,3,0,5,3,2,24,16,8,16,9,7,0,0,0,6,4,2,3,2,1
53439102,42,26,16,1,9,3,4,8,0,1,1,3,3,4,2,1,2,0,2,14,11,3,12,6,6,1,0,1,8,5,3,5,4,1
53429301,32,18,14,4,6,3,4,4,2,0,0,4,1,1,0,0,1,1,0,12,8,4,14,9,5,0,0,0,5,0,5,0,0,0
53429302,48,34,14,8,10,6,3,4,2,2,1,4,3,0,4,0,5,3,2,19,17,2,13,7,6,0,0,0,6,4,2,5,3,2
53106501,75,35,40,13,25,8,5,2,2,0,0,7,4,2,4,0,1,0,1,34,20,14,34,14,20,0,0,0,5,0,5,1,1,0
53441201,18,11,7,3,3,3,1,1,1,0,0,0,2,1,2,0,0,0,0,6,5,1,9,4,5,1,1,0,2,1,1,0,0,0
53441202,26,15,11,5,5,1,1,3,0,1,1,1,5,1,1,1,1,0,1,7,5,2,11,5,6,1,1,0,5,3,2,1,1,0
53441203,19,14,5,0,5,4,4,0,0,0,1,1,2,1,0,0,0,0,0,11,9,2,5,4,1,1,1,0,2,0,2,0,0,0
53441204,52,29,23,17,13,4,3,0,0,1,0,5,3,2,2,2,5,2,3,25,16,9,15,7,8,0,0,0,6,3,3,1,1,0
53441205,13,6,7,6,3,0,1,0,0,0,0,0,1,0,1,0,0,0,0,1,0,1,10,6,4,0,0,0,2,0,2,0,0,0
53087501,75,46,29,1,28,8,1,7,1,2,1,5,12,3,0,3,8,3,5,25,20,5,28,15,13,0,0,0,13,7,6,1,1,0
53139101,38,18,20,5,7,3,5,2,3,1,1,4,1,2,3,0,3,2,1,9,7,2,15,4,11,0,0,0,8,3,5,3,2,1
53443901,102,61,41,21,16,14,13,10,4,3,0,5,4,3,4,2,7,5,2,55,41,14,28,12,16,0,0,0,10,2,8,2,1,1
53443902,29,12,17,5,5,4,4,1,3,1,1,1,2,1,1,0,1,0,1,12,6,6,9,3,6,0,0,0,7,3,4,0,0,0
53443903,46,25,21,12,10,2,3,3,2,0,0,2,2,3,6,0,4,2,2,16,11,5,14,9,5,2,0,2,8,3,5,2,0,2
53443904,375,212,163,21,102,40,49,26,14,8,9,20,28,23,22,0,11,4,7,138,89,49,144,76,68,5,1,4,59,28,31,18,14,4
53443905,32,18,14,4,11,2,5,1,3,0,2,0,2,1,0,0,4,1,3,14,9,5,9,4,5,1,1,0,3,3,0,1,0,1
53419601,130,69,61,9,34,13,17,10,7,3,3,10,4,7,4,3,7,1,6,50,30,20,53,28,25,3,1,2,14,7,7,3,2,1
53419602,220,116,104,15,55,24,36,19,9,6,4,16,13,9,3,1,5,2,3,89,57,32,74,33,41,9,6,3,31,9,22,12,9,3
53419603,15,6,9,0,2,1,4,0,0,1,0,3,0,2,0,1,0,0,0,5,4,1,5,1,4,1,1,0,3,0,3,1,0,1
53419604,49,28,21,9,14,2,4,3,0,0,1,1,3,4,3,1,2,2,0,21,15,6,15,5,10,1,1,0,10,5,5,0,0,0
53142101,45,22,23,3,13,4,2,2,1,1,0,4,2,4,6,0,4,0,4,15,8,7,15,9,6,1,0,1,9,5,4,1,0,1
53093001,61,33,28,6,17,2,9,9,0,1,0,2,4,5,3,0,2,1,1,28,15,13,21,12,9,0,0,0,9,4,5,1,1,0
53098101,115,67,48,5,38,9,16,7,3,3,1,7,11,4,7,1,9,5,4,41,24,17,49,27,22,1,0,1,11,8,3,4,3,1
53097201,18,10,8,2,6,0,1,0,0,1,0,3,1,1,3,0,0,0,0,3,3,0,9,3,6,2,2,0,3,1,2,1,1,0
53097203,35,22,13,11,8,4,2,1,1,0,0,2,5,0,0,0,4,1,3,17,14,3,6,3,3,1,0,1,5,3,2,2,1,1
57174101,78,45,33,5,27,4,9,6,1,0,5,5,8,4,2,0,3,1,2,32,22,10,26,12,14,3,1,2,11,6,5,3,3,0
53448001,323,189,134,25,98,15,33,21,7,5,7,17,41,22,17,1,9,4,5,128,91,37,122,65,57,10,3,7,41,19,22,13,7,6
53449802,14,7,7,4,1,2,1,0,0,1,0,0,0,0,4,0,0,0,0,6,4,2,7,3,4,0,0,0,1,0,1,0,0,0
53449803,28,17,11,5,9,3,1,1,0,0,0,1,2,3,3,0,1,0,1,13,9,4,11,7,4,1,0,1,2,1,1,0,0,0
53449804,8,4,4,1,0,2,1,0,0,0,1,0,0,2,0,0,0,0,0,1,1,0,3,0,3,0,0,0,4,3,1,0,0,0
53449806,20,13,7,1,5,1,2,4,0,0,0,5,0,0,1,0,0,0,0,11,8,3,6,3,3,0,0,0,1,0,1,2,2,0
53449807,34,22,12,1,9,4,5,2,2,1,0,4,2,1,2,0,1,1,0,14,13,1,9,3,6,1,0,1,8,4,4,1,1,0
53449808,1394,782,612,62,446,85,204,79,36,30,11,84,89,104,117,9,76,39,37,535,349,186,514,267,247,28,9,19,168,66,102,73,52,21
53450101,33,18,15,4,10,1,0,1,0,2,0,6,4,4,1,0,1,0,1,10,9,1,11,5,6,2,0,2,9,4,5,0,0,0
53450103,48,27,21,12,15,4,2,3,0,0,1,1,1,2,6,0,3,1,2,28,18,10,11,7,4,1,0,1,4,1,3,1,0,1
53450104,52,28,24,3,12,1,8,2,2,2,1,5,6,4,3,1,3,1,2,11,6,5,24,13,11,2,1,1,11,6,5,1,1,0
53450106,29,16,13,6,4,3,0,0,1,1,0,2,6,3,3,0,1,1,0,8,4,4,17,10,7,0,0,0,3,1,2,0,0,0
53450107,95,51,44,20,22,7,7,5,1,1,3,9,6,8,3,2,6,3,3,31,23,8,31,13,18,9,3,6,14,6,8,4,3,1
1758113,0,0,0,0,0,0,0,0,0,0,0,0,0,0,0,0,0,0,0,0,0,0,0,0,0,0,0,0,0,0,0,0,0,0
53451001,14,7,7,1,4,1,0,1,1,0,0,1,2,1,0,0,0,0,0,3,2,1,4,2,2,1,0,1,6,3,3,0,0,0
53451002,41,25,16,4,17,1,3,3,1,1,0,1,0,2,3,0,2,1,1,24,17,7,12,6,6,1,1,0,2,0,2,0,0,0
53451003,13,7,6,0,1,2,2,1,0,0,0,4,2,1,0,0,1,0,1,4,3,1,5,3,2,1,0,1,2,1,1,0,0,0
53451004,64,39,25,5,18,6,8,1,2,3,1,7,1,3,7,0,2,2,0,25,14,11,20,9,11,1,0,1,12,10,2,4,4,0
53451005,56,28,28,3,23,1,7,3,3,1,2,5,4,2,0,0,4,0,4,27,15,12,18,11,7,2,0,2,5,2,3,0,0,0
53451006,59,33,26,2,27,3,8,3,1,1,1,3,4,0,5,0,4,3,1,21,14,7,26,13,13,1,0,1,3,1,2,4,2,2
53451007,32,17,15,6,9,1,6,2,0,0,0,2,1,0,4,1,0,0,0,12,8,4,18,8,10,0,0,0,2,1,1,0,0,0
53451008,54,32,22,8,7,5,4,5,1,2,1,5,4,4,3,1,3,1,2,20,15,5,15,9,6,0,0,0,14,6,8,2,1,1
53452801,163,92,71,10,47,16,17,14,3,5,0,14,9,12,12,1,5,3,2,75,53,22,50,24,26,4,0,4,25,10,15,4,2,2
53452802,85,49,36,9,28,7,6,8,2,2,0,1,7,4,8,1,2,1,1,30,17,13,38,22,16,2,1,1,4,3,1,9,5,4
53452803,44,20,24,9,9,6,2,2,0,0,0,4,2,3,5,1,2,1,1,16,9,7,15,6,9,0,0,0,11,4,7,0,0,0
53453601,16,9,7,1,4,1,1,2,0,0,3,1,0,1,2,0,0,0,0,9,4,5,6,5,1,0,0,0,1,0,1,0,0,0
53453602,26,14,12,3,7,1,3,0,0,0,0,3,0,2,3,0,1,1,0,4,3,1,11,3,8,2,2,0,8,5,3,0,0,0
53453604,23,11,12,3,3,1,4,3,0,1,0,1,1,1,2,0,0,0,0,6,4,2,11,4,7,1,1,0,4,2,2,1,0,1
53453605,22,13,9,1,4,1,4,1,2,0,0,1,1,0,3,1,0,0,0,7,6,1,9,3,6,1,0,1,2,1,1,3,3,0
53453606,34,19,15,1,13,9,3,0,0,0,1,1,2,1,2,0,1,1,0,13,8,5,15,7,8,1,0,1,0,0,0,4,3,1
53454401,71,38,33,3,20,10,10,2,3,1,3,4,2,6,7,0,1,0,1,28,21,7,30,13,17,0,0,0,7,2,5,5,2,3
53454402,41,22,19,0,11,3,4,2,4,4,1,5,2,0,3,0,5,3,2,14,9,5,17,8,9,1,1,0,4,1,3,0,0,0
53455201,17,11,6,4,4,4,1,0,1,0,0,1,1,0,1,0,4,2,2,7,6,1,4,1,3,0,0,0,1,1,0,1,1,0
53455202,96,50,46,11,40,7,5,3,2,0,0,5,7,5,7,0,3,1,2,46,28,18,31,15,16,1,0,1,10,3,7,5,3,2
53456102,17,9,8,0,10,1,2,0,0,0,0,0,1,2,0,0,0,0,0,7,3,4,6,3,3,1,1,0,2,1,1,1,1,0
53456103,31,16,15,6,12,2,1,1,2,0,0,4,1,1,0,0,2,1,1,10,6,4,14,7,7,0,0,0,5,2,3,0,0,0
53456105,14,8,6,3,6,0,2,1,0,0,0,0,0,1,1,0,2,2,0,5,3,2,3,1,2,0,0,0,3,2,1,1,0,1
53456106,117,64,53,5,42,11,5,12,1,0,6,5,7,12,6,1,5,1,4,44,26,18,41,19,22,5,2,3,16,10,6,6,6,0
53456107,9,6,3,2,3,0,1,0,0,0,0,1,0,1,0,0,2,1,1,2,2,0,5,3,2,0,0,0,0,0,0,0,0,0
53456108,15,8,7,1,6,1,0,3,1,0,0,2,0,0,0,1,0,0,0,5,3,2,6,2,4,0,0,0,2,2,0,2,1,1
53456109,14,7,7,4,3,3,1,0,1,0,0,0,0,0,2,0,0,0,0,5,3,2,6,2,4,0,0,0,3,2,1,0,0,0
53457901,78,47,31,7,27,8,9,6,4,0,0,5,5,1,4,2,3,2,1,31,21,10,30,19,11,3,0,3,10,5,5,1,0,1
53457902,27,16,11,2,11,1,2,0,0,0,0,5,3,1,2,0,1,1,0,10,8,2,10,6,4,1,0,1,5,1,4,0,0,0
53457903,194,110,84,20,43,14,21,22,1,3,2,10,17,20,13,1,7,6,1,71,54,17,76,31,45,1,0,1,34,16,18,5,3,2
53101401,28,16,12,5,10,2,3,0,1,0,0,2,4,1,0,0,2,0,2,10,8,2,9,5,4,1,0,1,5,3,2,1,0,1
53458701,395,236,159,26,135,53,36,24,2,7,8,26,27,18,20,3,15,8,7,135,92,43,149,82,67,9,3,6,57,29,28,30,22,8
53458702,12,7,5,0,3,2,1,1,0,1,1,3,0,0,0,0,0,0,0,7,4,3,4,3,1,0,0,0,1,0,1,0,0,0
53458703,164,88,76,7,45,18,14,13,1,4,1,10,22,8,13,2,5,2,3,60,40,20,70,33,37,2,0,2,23,11,12,4,2,2
53458704,699,399,300,33,234,83,55,42,15,9,6,62,64,40,34,8,43,29,14,299,195,104,251,123,128,13,4,9,63,27,36,30,21,9
53458705,46,31,15,3,13,5,9,3,1,1,0,1,2,2,3,0,5,4,1,17,12,5,15,10,5,1,1,0,6,3,3,2,1,1
53458706,62,32,30,4,25,2,1,4,2,2,1,3,5,3,5,1,2,0,2,32,19,13,13,5,8,0,0,0,10,4,6,5,4,1
53458707,29,20,9,3,16,1,4,0,0,0,0,2,1,1,0,0,0,0,0,20,16,4,6,3,3,0,0,0,3,1,2,0,0,0
53459501,51,25,26,3,20,3,6,6,0,0,0,2,6,2,2,0,0,0,0,25,14,11,20,8,12,2,1,1,4,2,2,0,0,0
53459502,357,206,151,12,135,20,23,34,5,14,7,29,32,24,9,3,16,5,11,120,83,37,149,85,64,9,3,6,48,22,26,15,8,7
53460902,21,10,11,2,5,3,1,1,0,1,3,2,2,0,0,1,0,0,0,6,4,2,13,5,8,1,1,0,1,0,1,0,0,0
53460903,22,14,8,5,4,0,2,1,0,0,0,2,2,3,2,0,0,0,0,9,7,2,8,5,3,0,0,0,5,2,3,0,0,0
53460904,36,25,11,5,16,3,4,0,0,0,1,1,3,2,0,0,0,0,0,19,14,5,12,9,3,3,1,2,1,0,1,1,1,0
53460905,43,22,21,10,13,0,3,3,2,0,0,4,0,1,3,0,0,0,0,26,14,12,11,7,4,0,0,0,3,1,2,3,0,3
53460906,121,68,53,19,29,10,13,7,5,3,0,6,7,6,14,0,6,3,3,51,35,16,47,22,25,0,0,0,14,6,8,3,2,1
53461702,28,17,11,3,7,5,6,1,2,1,0,2,0,0,1,0,0,0,0,13,8,5,13,8,5,0,0,0,2,1,1,0,0,0
53461703,11,7,4,6,2,0,2,0,0,0,0,0,1,0,0,0,0,0,0,8,5,3,1,1,0,0,0,0,2,1,1,0,0,0
53461704,30,18,12,0,12,2,4,1,1,1,0,0,2,5,0,1,0,0,0,10,8,2,15,9,6,0,0,0,5,1,4,0,0,0
53461705,17,10,7,4,5,0,0,1,2,0,0,3,1,0,0,0,1,0,1,8,6,2,6,3,3,0,0,0,2,1,1,0,0,0
53461707,19,11,8,6,8,2,2,0,0,0,0,0,1,0,0,0,0,0,0,7,4,3,9,7,2,0,0,0,3,0,3,0,0,0
53461709,18,12,6,3,9,0,1,2,0,0,0,1,0,2,0,0,0,0,0,8,7,1,5,3,2,2,1,1,3,1,2,0,0,0
53461710,18,10,8,5,5,0,4,0,2,0,0,0,1,0,0,0,1,0,1,6,4,2,6,4,2,0,0,0,3,1,2,2,1,1
53461712,10,5,5,1,4,0,0,0,0,0,0,0,2,3,0,0,0,0,0,4,4,0,4,0,4,0,0,0,1,1,0,1,0,1
53461713,12,7,5,8,2,0,1,0,1,0,0,0,0,0,0,0,0,0,0,5,4,1,4,2,2,0,0,0,1,0,1,2,1,1
53461714,522,290,232,23,192,44,42,26,15,6,7,29,36,43,35,4,20,8,12,211,153,58,200,91,109,5,2,3,71,27,44,15,9,6
53461715,11,6,5,2,3,2,0,0,0,0,0,1,1,1,0,1,0,0,0,7,5,2,2,1,1,1,0,1,0,0,0,1,0,1
1920742,0,0,0,0,0,0,0,0,0,0,0,0,0,0,0,0,0,0,0,0,0,0,0,0,0,0,0,0,0,0,0,0,0,0
53462501,26,15,11,4,6,6,0,0,2,0,0,0,0,5,2,0,0,0,0,16,11,5,8,3,5,0,0,0,2,1,1,0,0,0
53462502,16,9,7,1,4,1,0,0,0,1,0,0,3,4,1,0,0,0,0,5,4,1,8,4,4,2,0,2,1,1,0,0,0,0
53462503,21,14,7,4,7,1,1,0,0,0,0,2,2,1,0,1,0,0,0,10,6,4,8,5,3,0,0,0,3,3,0,0,0,0
53462504,21,12,9,4,6,2,2,1,0,1,0,3,0,1,1,0,1,1,0,6,5,1,13,6,7,1,0,1,0,0,0,0,0,0
53462505,35,21,14,6,13,0,4,1,0,0,0,2,3,2,3,0,2,2,0,14,11,3,11,4,7,1,0,1,7,4,3,0,0,0
53462506,12,8,4,3,0,2,1,2,0,0,0,2,1,0,1,0,0,0,0,7,5,2,3,3,0,0,0,0,1,0,1,1,0,1
53462507,35,18,17,3,13,3,2,2,0,0,0,3,1,2,3,0,0,0,0,13,8,5,14,7,7,1,0,1,7,3,4,0,0,0
53462508,109,61,48,14,26,5,17,8,3,3,4,9,6,4,3,2,7,2,5,42,27,15,36,20,16,0,0,0,16,7,9,8,5,3
3072890,0,0,0,0,0,0,0,0,0,0,0,0,0,0,0,0,0,0,0,0,0,0,0,0,0,0,0,0,0,0,0,0,0,0
3072970,0,0,0,0,0,0,0,0,0,0,0,0,0,0,0,0,0,0,0,0,0,0,0,0,0,0,0,0,0,0,0,0,0,0
3073010,0,0,0,0,0,0,0,0,0,0,0,0,0,0,0,0,0,0,0,0,0,0,0,0,0,0,0,0,0,0,0,0,0,0
53463301,27,17,10,4,9,1,4,3,0,0,0,1,0,2,2,1,0,0,0,15,8,7,9,7,2,2,1,1,0,0,0,1,1,0
53463302,29,20,9,1,8,3,3,2,1,1,0,4,2,0,0,1,2,1,1,12,8,4,10,8,2,0,0,0,4,2,2,1,1,0
53463303,47,28,19,2,20,0,8,5,0,2,0,3,2,2,0,2,2,2,0,19,12,7,16,9,7,3,2,1,6,2,4,1,1,0
53463305,374,224,150,22,132,26,59,31,10,10,2,19,8,16,23,5,23,16,7,143,90,53,144,83,61,4,1,3,36,20,16,24,14,10
53463306,97,57,40,1,36,13,9,4,2,3,3,2,2,13,5,1,4,2,2,36,24,12,33,18,15,0,0,0,22,11,11,2,2,0
53463307,1577,857,720,41,669,101,145,96,62,26,24,99,84,94,91,9,105,66,39,580,336,244,555,292,263,47,15,32,210,96,114,80,52,28
53464101,125,66,59,10,39,10,11,9,1,3,2,9,8,13,3,3,6,2,4,49,33,16,43,19,24,1,1,0,22,8,14,4,3,1
53464102,50,32,18,4,15,5,5,0,2,1,1,5,6,2,3,0,0,0,0,16,12,4,21,12,9,0,0,0,11,6,5,2,2,0
53465001,38,22,16,4,9,6,2,4,0,1,2,1,4,3,2,0,0,0,0,15,11,4,17,7,10,0,0,0,4,2,2,2,2,0
53465002,400,214,186,33,106,21,46,21,9,12,10,31,47,25,29,1,10,5,5,136,82,54,156,90,66,11,3,8,77,28,49,10,6,4
53466801,25,14,11,3,9,5,1,3,0,0,0,0,0,0,3,1,0,0,0,16,10,6,7,4,3,0,0,0,1,0,1,1,0,1
53466802,25,11,14,3,9,0,3,2,0,0,0,4,1,0,2,0,6,1,5,11,8,3,3,1,2,0,0,0,1,0,1,4,1,3
53466803,23,13,10,0,8,1,1,2,0,1,0,1,2,2,3,0,2,1,1,10,6,4,7,6,1,0,0,0,3,0,3,1,0,1
53466804,521,301,220,27,172,55,38,37,12,11,8,39,37,25,35,7,28,13,15,210,143,67,177,92,85,11,3,8,68,32,36,27,18,9
53471401,215,119,96,3,39,22,37,23,6,7,6,21,25,4,14,0,17,11,6,67,43,24,77,42,35,8,1,7,32,14,18,14,8,6
53471402,55,34,21,5,19,7,9,3,0,1,0,1,4,0,5,0,2,2,0,19,12,7,28,15,13,0,0,0,4,3,1,2,2,0
53472201,704,383,321,22,280,43,73,52,20,15,18,43,37,51,33,3,43,24,19,272,165,107,241,118,123,15,6,9,91,38,53,42,32,10
53473101,45,30,15,11,5,3,7,7,0,1,0,4,1,3,2,0,4,3,1,15,10,5,17,12,5,2,1,1,6,3,3,1,1,0
53473102,578,320,258,27,139,50,72,42,20,9,9,39,60,31,63,2,41,25,16,206,143,63,207,97,110,12,6,6,88,31,57,24,18,6
59829101,430,232,198,6,72,34,70,19,21,40,16,47,22,28,40,1,16,10,6,86,56,30,185,96,89,18,8,10,107,52,55,18,10,8
53474901,350,191,159,14,127,23,41,28,8,8,2,28,28,17,16,2,23,11,12,139,90,49,118,58,60,8,2,6,43,16,27,19,14,5
0277232,0,0,0,0,0,0,0,0,0,0,0,0,0,0,0,0,0,0,0,0,0,0,0,0,0,0,0,0,0,0,0,0,0,0
53157001,16,9,7,2,2,2,1,1,1,1,0,3,0,1,2,0,2,1,1,5,3,2,7,4,3,0,0,0,1,0,1,1,1,0
53157002,46,27,19,1,12,3,1,4,3,2,1,9,3,3,1,2,8,4,4,15,13,2,8,3,5,1,0,1,8,4,4,6,3,3
53157003,25,15,10,1,5,3,3,1,1,1,1,3,0,2,4,0,1,1,0,7,6,1,9,5,4,2,0,2,6,3,3,0,0,0
53920101,36,19,17,0,8,5,7,2,0,1,0,5,1,4,1,1,0,0,0,11,8,3,17,6,11,1,1,0,7,4,3,0,0,0
53920102,467,253,214,6,96,19,59,44,17,25,12,60,41,30,34,3,24,9,15,161,109,52,169,76,93,9,6,3,92,44,48,12,9,3
53476501,584,325,259,12,201,39,72,46,15,13,10,56,37,25,40,2,32,17,15,222,146,76,206,98,108,14,7,7,69,31,38,41,26,15
53476502,33,19,14,1,10,1,6,6,0,0,0,2,0,4,2,0,2,2,0,19,10,9,9,4,5,0,0,0,3,3,0,0,0,0
53476503,161,90,71,7,52,13,15,15,6,3,1,18,10,11,3,3,19,12,7,60,39,21,53,26,27,3,0,3,19,8,11,7,5,2
53198701,54,31,23,3,17,2,6,7,0,4,0,4,2,4,5,0,3,2,1,19,13,6,18,8,10,1,0,1,7,3,4,6,5,1
53477301,241,137,104,7,61,23,32,31,8,11,2,21,19,11,5,1,17,8,9,97,64,33,83,41,42,1,0,1,34,18,16,9,6,3
3313330,0,0,0,0,0,0,0,0,0,0,0,0,0,0,0,0,0,0,0,0,0,0,0,0,0,0,0,0,0,0,0,0,0,0
53479001,517,280,237,11,229,24,50,28,16,7,4,45,35,22,27,2,33,20,13,208,135,73,204,96,108,7,2,5,40,17,23,25,10,15
53479003,65,37,28,1,25,2,5,12,3,0,1,6,4,3,1,0,7,4,3,32,19,13,13,6,7,0,0,0,7,4,3,6,4,2
53480301,154,80,74,4,38,11,18,13,7,4,2,14,12,7,19,2,12,8,4,67,48,19,49,15,34,2,0,2,20,6,14,4,3,1
53480302,249,141,108,3,70,20,27,24,9,4,6,28,21,13,18,0,18,6,12,72,48,24,89,50,39,9,3,6,43,21,22,18,13,5
53480303,23,13,10,4,7,1,4,1,0,0,1,2,0,0,2,0,1,0,1,9,5,4,6,4,2,0,0,0,5,3,2,2,1,1
53480304,36,22,14,3,13,1,3,3,2,2,0,2,3,2,1,1,2,1,1,15,9,6,9,6,3,2,1,1,5,3,2,3,2,1
53480305,12,7,5,0,0,5,1,1,2,0,0,0,0,0,1,0,1,1,0,2,2,0,2,0,2,0,0,0,5,2,3,2,2,0
53149901,154,86,68,14,43,12,11,6,5,7,6,17,12,5,10,0,5,4,1,62,40,22,58,28,30,0,0,0,25,12,13,4,2,2
53192801,153,89,64,12,36,6,29,14,3,6,2,12,16,9,6,0,8,5,3,60,38,22,65,33,32,2,1,1,12,7,5,6,5,1
53482001,249,146,103,13,71,18,26,27,8,4,1,23,25,12,12,6,13,7,6,94,63,31,100,55,45,1,0,1,24,10,14,17,11,6
53483802,130,76,54,24,30,10,19,8,4,4,0,4,8,7,7,1,3,1,2,73,47,26,38,17,21,0,0,0,12,7,5,4,4,0
53483803,127,75,52,16,42,8,9,16,2,0,0,7,9,4,9,0,11,7,4,58,38,20,43,25,18,1,0,1,12,5,7,2,0,2
53483804,19,9,10,1,5,2,2,0,0,2,0,2,1,0,4,0,2,2,0,8,3,5,6,3,3,1,0,1,1,0,1,1,1,0
53484601,287,163,124,2,72,28,44,31,10,5,4,28,12,21,15,1,14,8,6,121,83,38,103,49,54,3,1,2,41,21,20,5,1,4
53187101,156,86,70,1,34,10,22,16,2,6,3,21,7,9,19,1,5,3,2,50,34,16,50,21,29,6,2,4,42,23,19,3,3,0
53177401,60,33,27,5,15,6,6,3,6,1,0,7,4,1,5,1,7,3,4,23,14,9,22,11,11,0,0,0,2,2,0,6,3,3
53177402,8,5,3,2,3,1,1,0,0,0,0,1,0,0,0,0,2,1,1,4,3,1,1,1,0,0,0,0,1,0,1,0,0,0
53165101,34,21,13,0,11,2,5,1,0,1,0,6,4,0,2,0,2,0,2,13,12,1,8,2,6,1,1,0,8,4,4,2,2,0
0667533,0,0,0,0,0,0,0,0,0,0,0,0,0,0,0,0,0,0,0,0,0,0,0,0,0,0,0,0,0,0,0,0,0,0
53489701,64,34,30,5,15,2,4,8,0,3,0,8,5,8,6,0,5,2,3,24,15,9,24,12,12,1,0,1,7,3,4,3,2,1
53489702,164,93,71,2,24,18,30,12,8,12,8,15,11,6,13,1,6,4,2,35,23,12,71,34,37,7,5,2,41,23,18,4,4,0
53489704,118,71,47,4,20,13,23,10,2,6,5,9,9,6,8,0,3,2,1,30,20,10,53,32,21,2,1,1,23,11,12,7,5,2
53489705,102,60,42,8,24,11,14,3,1,1,4,6,7,2,12,2,9,3,6,38,29,9,36,17,19,3,1,2,11,6,5,5,4,1
53489706,74,37,37,1,16,5,15,6,3,0,2,5,7,4,5,0,6,2,4,32,21,11,22,8,14,1,1,0,7,2,5,6,3,3
53489707,98,50,48,2,19,8,13,6,5,3,4,9,7,7,10,0,7,4,3,24,18,6,28,11,17,2,0,2,32,15,17,5,2,3
53489708,124,64,60,4,33,12,20,17,5,2,2,11,3,3,10,1,13,7,6,45,27,18,46,22,24,5,2,3,9,3,6,6,3,3
53489709,136,75,61,4,23,14,18,10,3,5,5,9,11,12,14,0,13,9,4,40,27,13,48,22,26,1,1,0,34,16,18,0,0,0
53834501,381,218,163,12,68,34,63,26,14,13,8,34,31,23,29,2,24,10,14,134,87,47,129,64,65,8,3,5,67,40,27,19,14,5
53490101,33,16,17,2,12,2,3,1,1,0,1,1,2,2,3,1,3,1,2,12,9,3,15,6,9,0,0,0,3,0,3,0,0,0
53490102,14,7,7,1,4,1,0,0,0,0,0,4,0,2,1,0,2,2,0,2,1,1,6,4,2,1,0,1,3,0,3,0,0,0
53490104,24,15,9,5,3,0,2,0,0,1,1,3,4,1,3,0,1,1,0,8,6,2,9,3,6,0,0,0,6,5,1,0,0,0
53490106,97,47,50,11,30,4,10,7,2,4,1,6,8,6,4,0,4,1,3,41,23,18,27,12,15,1,1,0,19,5,14,5,5,0
53490107,18,11,7,1,7,0,1,3,2,2,1,0,0,1,0,0,0,0,0,4,3,1,7,5,2,2,0,2,4,3,1,1,0,1
53493501,283,160,123,7,73,27,38,24,9,8,2,35,18,11,15,1,16,9,7,111,77,34,97,44,53,4,0,4,44,24,20,11,6,5
53493503,48,29,19,0,8,5,8,3,4,0,3,6,6,2,2,0,4,2,2,23,18,5,16,6,10,0,0,0,3,1,2,2,2,0
53493504,1923,1040,883,26,471,137,232,175,71,80,58,201,149,111,117,17,82,46,36,566,344,222,787,395,392,55,19,36,336,174,162,97,62,35
53493505,34,20,14,3,15,3,4,3,0,0,0,4,1,0,1,0,2,1,1,13,10,3,13,6,7,2,1,1,4,2,2,0,0,0
57179202,269,151,118,8,53,28,35,31,10,10,6,37,11,8,21,2,13,8,5,99,72,27,88,36,52,4,2,2,52,26,26,13,7,6
0728000,0,0,0,0,0,0,0,0,0,0,0,0,0,0,0,0,0,0,0,0,0,0,0,0,0,0,0,0,0,0,0,0,0,0
0728180,0,0,0,0,0,0,0,0,0,0,0,0,0,0,0,0,0,0,0,0,0,0,0,0,0,0,0,0,0,0,0,0,0,0
3073270,0,0,0,0,0,0,0,0,0,0,0,0,0,0,0,0,0,0,0,0,0,0,0,0,0,0,0,0,0,0,0,0,0,0
53495101,115,63,52,3,34,10,10,11,4,3,2,13,4,8,8,0,1,1,0,37,23,14,46,24,22,1,0,1,30,15,15,0,0,0
53495102,326,185,141,2,82,21,67,31,12,10,4,28,13,12,24,2,32,18,14,115,75,40,119,67,52,6,1,5,46,19,27,8,5,3
53495104,86,44,42,0,16,8,9,6,1,4,2,9,6,12,5,3,4,2,2,15,9,6,36,14,22,2,1,1,27,17,10,2,1,1
53495106,96,50,46,0,24,5,21,8,4,5,2,7,7,5,3,0,4,2,2,34,20,14,42,21,21,2,2,0,11,3,8,3,2,1
53495107,483,261,222,8,108,30,53,56,22,21,11,66,23,40,23,3,30,13,17,131,81,50,182,94,88,12,7,5,114,55,59,14,11,3
53495108,549,313,236,7,126,38,72,57,18,29,13,67,24,38,36,3,22,15,7,152,104,48,213,116,97,11,4,7,140,69,71,11,5,6
53495110,337,190,147,3,86,16,50,40,10,19,4,40,24,17,18,2,19,12,7,103,69,34,144,70,74,3,1,2,61,33,28,7,5,2
53495111,557,333,224,13,120,33,87,56,21,22,9,78,32,35,21,4,45,28,17,172,111,61,184,103,81,6,2,4,82,36,46,68,53,15
53495112,428,239,189,2,110,17,61,36,15,21,14,61,28,26,19,2,17,10,7,125,82,43,145,78,67,9,2,7,112,56,56,20,11,9
53495113,19,10,9,1,3,1,1,6,0,0,0,1,1,2,1,1,4,2,2,13,7,6,1,0,1,0,0,0,1,1,0,0,0,0
53495114,1228,666,562,11,280,57,183,175,45,39,25,135,84,73,64,12,121,48,73,354,214,140,441,246,195,26,8,18,210,105,105,76,45,31
53495115,93,49,44,1,15,3,21,3,3,7,0,15,1,12,5,1,6,2,4,26,18,8,41,21,20,1,0,1,17,8,9,2,0,2
53495116,55,31,24,0,11,0,6,6,1,5,2,13,6,3,2,0,1,0,1,3,3,0,20,9,11,1,1,0,29,18,11,1,0,1
53495117,1105,592,513,9,272,57,141,132,28,42,31,144,57,65,68,9,70,33,37,341,204,137,423,220,203,24,10,14,213,103,110,34,22,12
53495118,9,6,3,0,2,0,1,2,0,1,0,2,0,0,1,0,4,3,1,2,0,2,2,2,0,0,0,0,0,0,0,1,1,0
53495119,787,446,341,8,177,34,125,109,31,22,20,80,54,54,47,4,45,28,17,212,131,81,309,169,140,33,19,14,164,81,83,24,18,6
53495120,125,80,45,2,51,9,8,17,2,0,1,32,1,0,1,0,9,6,3,20,14,6,47,22,25,4,2,2,8,6,2,37,30,7
53495121,205,128,77,1,59,26,16,39,7,6,4,20,4,7,12,0,15,12,3,60,39,21,70,45,25,12,7,5,44,23,21,4,2,2
53495122,65,35,30,0,14,3,8,9,2,1,1,8,5,9,4,0,1,0,1,20,14,6,29,14,15,1,0,1,14,7,7,0,0,0
53495125,890,488,402,10,260,57,116,91,37,29,19,89,37,48,53,9,55,31,24,313,183,130,316,153,163,10,3,7,128,62,66,68,56,12
53495126,1001,559,442,6,264,58,125,89,37,40,32,129,37,69,55,5,60,26,34,310,204,106,358,197,161,31,7,24,198,93,105,44,32,12
53495128,1074,566,508,10,298,59,144,132,26,41,19,126,42,60,78,2,57,32,25,318,201,117,417,206,211,26,10,16,217,89,128,39,28,11
53497801,341,195,146,4,84,26,50,37,11,13,5,36,25,22,16,2,16,10,6,146,98,48,113,54,59,8,4,4,43,18,25,15,11,4
53189801,23,13,10,0,5,0,3,1,0,1,0,3,5,5,0,0,0,0,0,3,2,1,13,7,6,1,1,0,6,3,3,0,0,0
53189802,97,50,47,3,23,9,14,2,3,4,2,6,8,12,5,1,3,2,1,20,13,7,42,20,22,3,1,2,23,10,13,6,4,2
53189803,13,8,5,0,1,1,2,0,0,1,0,0,0,2,2,1,0,0,0,5,3,2,5,4,1,0,0,0,2,0,2,1,1,0
53189804,33,17,16,1,9,0,3,0,0,2,1,5,7,3,0,0,2,1,1,8,6,2,15,6,9,0,0,0,8,4,4,0,0,0
53500101,76,43,33,9,21,7,4,5,0,3,1,7,3,4,5,0,6,4,2,37,22,15,23,12,11,1,0,1,5,2,3,4,3,1
53500102,467,259,208,17,127,42,54,36,14,7,5,49,27,42,24,4,36,17,19,191,122,69,139,64,75,7,5,2,78,39,39,16,12,4
53500103,25,12,13,1,11,2,3,0,2,0,0,2,3,0,1,0,3,1,2,10,4,6,10,7,3,0,0,0,2,0,2,0,0,0
1036320,0,0,0,0,0,0,0,0,0,0,0,0,0,0,0,0,0,0,0,0,0,0,0,0,0,0,0,0,0,0,0,0,0,0
3193920,0,0,0,0,0,0,0,0,0,0,0,0,0,0,0,0,0,0,0,0,0,0,0,0,0,0,0,0,0,0,0,0,0,0
57178401,288,162,126,1,75,29,40,21,7,12,14,33,18,9,11,1,14,7,7,89,57,32,110,51,59,6,3,3,60,35,25,9,9,0
57178403,999,564,435,17,242,98,159,74,22,31,25,93,60,50,64,5,62,35,27,337,218,119,358,187,171,21,5,16,157,65,92,64,54,10
53150201,232,130,102,17,99,15,24,18,7,3,3,8,10,7,14,1,20,11,9,93,62,31,76,33,43,4,2,2,25,15,10,14,7,7
53167701,84,53,31,16,16,5,6,5,4,2,1,10,5,6,5,2,7,6,1,25,19,6,24,11,13,2,1,1,18,10,8,8,6,2
53502801,42,24,18,4,13,1,2,6,2,3,1,4,2,0,2,0,7,4,3,9,7,2,19,9,10,0,0,0,6,3,3,1,1,0
53502802,681,378,303,12,196,82,75,75,20,14,4,43,35,41,66,3,60,35,25,255,163,92,236,113,123,13,8,5,67,30,37,50,29,21
0914212,0,0,0,0,0,0,0,0,0,0,0,0,0,0,0,0,0,0,0,0,0,0,0,0,0,0,0,0,0,0,0,0,0,0
53503601,167,89,78,8,34,15,31,14,6,3,6,12,13,10,12,0,5,4,1,49,27,22,75,40,35,4,1,3,30,14,16,4,3,1
53503602,162,89,73,6,47,12,22,11,1,4,6,13,16,8,9,1,12,6,6,51,27,24,58,35,23,3,0,3,30,14,16,8,7,1
53503603,242,130,112,15,70,15,45,19,4,5,4,13,7,10,30,0,24,13,11,82,47,35,100,52,48,1,1,0,22,11,11,13,6,7
52957503,18,12,6,3,4,1,1,2,1,1,0,1,0,3,1,0,1,1,0,6,4,2,4,3,1,1,0,1,6,4,2,0,0,0
52957504,25,16,9,3,1,1,1,2,3,0,1,4,4,1,4,0,0,0,0,9,5,4,10,6,4,0,0,0,4,3,1,2,2,0
52957505,37,25,12,6,10,4,1,3,0,0,0,4,2,5,0,1,4,3,1,9,6,3,13,9,4,0,0,0,5,3,2,6,4,2
53504401,283,162,121,13,106,25,35,19,12,3,2,21,10,12,13,5,25,13,12,116,78,38,91,36,55,3,1,2,24,13,11,24,21,3
53504402,67,40,27,2,25,4,6,7,2,2,0,7,5,2,2,0,4,2,2,33,21,12,23,14,9,0,0,0,7,3,4,0,0,0
53504403,120,64,56,8,39,9,17,8,10,0,1,6,2,9,7,1,21,10,11,50,32,18,36,17,19,0,0,0,11,3,8,2,2,0
0929750,0,0,0,0,0,0,0,0,0,0,0,0,0,0,0,0,0,0,0,0,0,0,0,0,0,0,0,0,0,0,0,0,0,0
3010270,0,0,0,0,0,0,0,0,0,0,0,0,0,0,0,0,0,0,0,0,0,0,0,0,0,0,0,0,0,0,0,0,0,0
53467601,1298,683,615,26,296,75,191,90,41,46,21,135,111,77,133,9,76,32,44,388,241,147,533,263,270,26,10,16,222,102,120,53,35,18
53467602,378,201,177,8,87,28,62,38,9,14,12,35,25,22,28,1,22,11,11,121,78,43,154,73,81,11,7,4,58,24,34,12,8,4
53467603,15,10,5,0,2,1,7,1,1,1,1,0,0,0,1,0,1,0,1,2,1,1,10,7,3,0,0,0,2,2,0,0,0,0
53467604,1009,545,464,28,250,76,156,85,26,28,23,75,84,74,55,5,52,25,27,318,203,115,404,213,191,23,11,12,172,68,104,40,25,15
53467605,44,28,16,1,12,2,7,3,0,0,1,8,2,5,2,1,4,3,1,9,7,2,17,9,8,0,0,0,10,6,4,4,3,1
53467606,207,112,95,6,51,19,26,14,5,4,6,14,17,19,16,5,16,12,4,49,30,19,83,42,41,3,2,1,44,17,27,12,9,3
53467607,34,25,9,0,17,9,2,0,3,0,0,0,0,0,1,2,1,0,1,13,10,3,7,5,2,0,0,0,2,1,1,11,9,2
53467608,608,319,289,18,136,48,72,52,17,21,25,52,57,43,49,1,18,11,7,154,99,55,238,121,117,19,6,13,164,72,92,15,10,5
53467609,50,27,23,1,11,2,8,2,1,2,3,7,5,3,4,0,0,0,0,7,5,2,13,7,6,0,0,0,28,14,14,2,1,1
53467610,1085,573,512,28,254,74,165,73,39,37,24,97,81,92,76,7,51,23,28,318,195,123,424,219,205,31,11,20,223,98,125,38,27,11
53467611,2167,1138,1029,41,510,127,298,170,62,81,56,198,180,152,207,7,133,70,63,625,381,244,872,425,447,45,14,31,401,181,220,91,67,24
53467613,1347,709,638,30,238,68,201,86,46,49,49,166,117,98,134,7,61,25,36,317,198,119,561,286,275,29,11,18,327,161,166,52,28,24
53467614,466,276,190,10,82,45,58,36,25,15,12,75,24,26,27,7,37,21,16,98,71,27,141,68,73,10,3,7,107,51,56,73,62,11
53467615,99,56,43,0,19,9,10,10,1,7,2,14,9,7,7,0,7,5,2,19,15,4,37,17,20,3,1,2,28,15,13,5,3,2
53467616,106,55,51,5,9,7,16,5,3,5,2,11,11,16,10,0,2,1,1,17,10,7,41,22,19,2,2,0,43,20,23,1,0,1
53467617,219,118,101,14,46,9,21,28,7,6,2,16,23,14,23,0,6,2,4,77,55,22,72,33,39,4,1,3,53,23,30,7,4,3
53467618,402,232,170,17,101,33,54,26,11,16,8,38,24,31,30,0,15,9,6,107,68,39,178,103,75,12,6,6,78,37,41,12,9,3
53467619,204,123,81,4,73,19,21,10,7,4,6,24,9,8,11,2,22,11,11,61,43,18,84,50,34,5,3,2,26,12,14,6,4,2
53505201,584,318,266,28,189,35,65,47,29,8,7,43,26,45,40,6,49,19,30,247,161,86,179,93,86,11,3,8,71,29,42,27,13,14
53505202,21,12,9,3,2,4,1,1,3,0,0,1,1,4,1,0,0,0,0,3,2,1,13,8,5,1,0,1,3,2,1,1,0,1
53505206,69,35,34,7,17,4,5,6,0,1,0,5,8,6,4,3,4,0,4,28,17,11,23,9,14,1,1,0,9,4,5,4,4,0
53505207,21,12,9,3,7,1,0,0,1,2,0,2,0,2,3,0,1,1,0,6,3,3,9,5,4,1,1,0,4,2,2,0,0,0
53506101,209,113,96,13,53,17,26,15,9,4,1,10,24,17,14,0,17,9,8,91,61,30,70,28,42,3,0,3,18,8,10,10,7,3
53186301,168,94,74,32,44,13,20,20,1,1,1,9,9,10,6,0,6,2,4,79,60,19,48,17,31,3,2,1,17,6,11,15,7,8
53507901,100,56,44,2,17,11,18,11,1,4,0,14,8,7,5,0,8,4,4,26,17,9,40,22,18,1,1,0,23,11,12,2,1,1
53507902,30,20,10,1,8,0,4,7,2,1,1,4,0,2,0,0,2,2,0,16,10,6,10,7,3,0,0,0,2,1,1,0,0,0
53507903,177,94,83,2,22,9,25,12,6,22,8,22,12,15,10,1,6,3,3,27,16,11,61,36,25,5,2,3,78,37,41,0,0,0
53507904,258,143,115,8,47,17,28,20,8,21,10,28,22,18,21,1,12,6,6,53,38,15,95,50,45,4,0,4,87,44,43,7,5,2
53507905,18,9,9,0,3,1,4,2,0,0,0,3,2,2,0,0,0,0,0,7,6,1,4,1,3,2,0,2,4,2,2,1,0,1
53507906,510,280,230,5,128,41,53,51,16,16,7,66,36,43,26,1,28,12,16,176,109,67,191,100,91,12,3,9,85,46,39,18,10,8
53507907,32,23,9,1,2,5,5,8,2,1,1,1,2,0,2,2,5,3,2,11,9,2,7,4,3,0,0,0,5,4,1,4,3,1
3010510,0,0,0,0,0,0,0,0,0,0,0,0,0,0,0,0,0,0,0,0,0,0,0,0,0,0,0,0,0,0,0,0,0,0
53508701,189,110,79,7,48,15,36,30,5,4,6,14,5,6,6,0,16,6,10,58,35,23,71,44,27,7,4,3,36,21,15,1,0,1
53508702,216,110,106,10,48,14,22,35,7,7,3,26,14,17,8,0,15,11,4,74,40,34,90,38,52,2,1,1,23,12,11,12,8,4
53508703,417,224,193,16,101,27,52,27,22,17,11,53,24,25,20,2,13,7,6,140,92,48,165,77,88,8,4,4,76,33,43,15,11,4
53508705,331,182,149,13,96,23,47,35,14,9,4,21,16,17,22,1,27,10,17,161,107,54,95,49,46,8,1,7,33,12,21,7,3,4
53508706,511,255,256,7,135,28,76,57,30,5,6,63,15,16,46,7,91,36,55,237,132,105,109,53,56,9,1,8,36,16,20,29,17,12
53508707,723,369,354,2,165,60,97,65,26,26,19,95,37,52,47,5,31,14,17,228,140,88,296,141,155,15,2,13,120,49,71,33,23,10
53508708,1294,684,610,10,308,87,181,104,45,67,39,133,75,97,89,6,63,31,32,407,252,155,544,250,294,19,7,12,217,113,104,44,31,13
53508709,137,87,50,0,38,21,19,9,8,4,1,11,7,7,6,2,15,12,3,44,32,12,42,21,21,2,1,1,20,9,11,14,12,2
53508710,2375,1212,1163,29,641,151,295,205,78,59,58,269,149,150,185,17,159,83,76,807,480,327,916,419,497,54,20,34,342,157,185,97,53,44
53508711,1280,696,584,11,348,86,193,113,63,32,18,116,64,83,98,8,133,63,70,442,274,168,393,186,207,27,8,19,136,51,85,149,114,35
53508713,643,345,298,4,145,56,80,33,10,28,22,77,52,54,44,5,17,7,10,144,101,43,280,137,143,11,1,10,178,91,87,13,8,5
53508714,25,13,12,3,6,3,2,3,1,0,0,3,1,1,1,0,4,1,3,13,8,5,5,2,3,0,0,0,0,0,0,3,2,1
1048171,0,0,0,0,0,0,0,0,0,0,0,0,0,0,0,0,0,0,0,0,0,0,0,0,0,0,0,0,0,0,0,0,0,0
53170701,32,15,17,1,8,3,5,5,0,0,1,1,2,3,3,0,3,2,1,16,10,6,9,2,7,0,0,0,4,1,3,0,0,0
53170702,58,39,19,5,15,6,7,9,1,0,1,8,0,1,3,0,0,0,0,27,20,7,22,12,10,1,1,0,7,5,2,1,1,0
53511701,198,115,83,10,35,19,30,20,8,6,6,22,13,16,8,1,4,1,3,79,50,29,70,42,28,6,3,3,30,12,18,9,7,2
53511702,43,24,19,1,11,4,4,5,0,4,0,3,1,4,5,0,2,1,1,13,8,5,16,8,8,3,1,2,7,4,3,2,2,0
53511703,78,45,33,1,21,6,14,6,3,1,1,12,5,2,1,1,5,3,2,37,25,12,26,14,12,1,0,1,9,3,6,0,0,0
53511704,140,75,65,3,34,10,24,19,3,4,3,15,5,4,8,3,6,2,4,47,30,17,57,29,28,5,1,4,22,12,10,3,1,2
53511705,95,56,39,0,22,6,17,14,3,1,0,12,7,4,3,0,9,5,4,26,18,8,38,21,17,1,1,0,15,8,7,6,3,3
1088390,0,0,0,0,0,0,0,0,0,0,0,0,0,0,0,0,0,0,0,0,0,0,0,0,0,0,0,0,0,0,0,0,0,0
53513301,23,13,10,7,1,1,1,3,3,0,0,2,1,0,3,0,1,1,0,5,2,3,12,7,5,1,1,0,3,1,2,1,1,0
53513302,549,308,241,26,115,37,79,55,29,20,20,51,33,33,34,1,23,12,11,181,117,64,223,116,107,9,2,7,91,44,47,22,17,5
53513303,213,115,98,7,40,12,39,16,8,13,3,15,9,15,19,3,7,2,5,61,34,27,86,52,34,4,1,3,45,19,26,10,7,3
53513304,47,28,19,5,13,3,10,1,2,1,0,6,3,2,0,1,2,2,0,18,12,6,19,9,10,1,0,1,3,2,1,4,3,1
53267301,291,170,121,12,84,18,46,34,8,10,4,21,20,13,7,0,20,10,10,107,71,36,111,62,49,5,3,2,41,19,22,7,5,2
53514101,275,160,115,19,74,27,36,20,7,4,9,17,22,12,16,2,19,10,9,115,80,35,105,53,52,1,0,1,22,9,13,13,8,5
53864702,991,550,441,9,144,89,153,87,43,77,42,139,63,52,47,7,38,24,14,224,144,80,413,224,189,26,10,16,261,129,132,29,19,10
53516801,257,148,109,17,73,31,20,12,9,8,4,18,12,21,23,1,11,7,4,97,59,38,95,51,44,6,2,4,34,16,18,14,13,1
53516803,66,37,29,6,21,6,2,5,2,0,1,3,2,7,8,0,5,1,4,32,20,12,21,13,8,0,0,0,8,3,5,0,0,0
53519201,240,133,107,11,45,19,43,30,11,6,4,24,14,7,16,1,16,5,11,87,56,31,81,42,39,2,1,1,36,15,21,18,14,4
53173101,9,7,2,2,1,0,0,1,0,0,0,2,1,0,2,0,3,2,1,2,2,0,1,1,0,0,0,0,3,2,1,0,0,0
53173102,72,49,23,9,21,7,6,3,2,4,0,6,1,11,1,1,4,4,0,39,28,11,10,6,4,1,0,1,17,10,7,1,1,0
53521401,70,44,26,5,11,8,3,4,4,2,1,11,9,6,4,0,2,2,0,30,21,9,23,13,10,2,1,1,12,7,5,1,0,1
53521402,164,94,70,5,52,12,15,13,7,2,2,15,13,9,9,0,11,7,4,68,49,19,50,22,28,2,0,2,26,12,14,7,4,3
1673472,0,0,0,0,0,0,0,0,0,0,0,0,0,0,0,0,0,0,0,0,0,0,0,0,0,0,0,0,0,0,0,0,0,0
53522201,600,333,267,19,161,41,94,50,13,31,22,44,41,36,27,2,36,21,15,205,128,77,225,117,108,12,5,7,97,45,52,25,17,8
53522202,347,187,160,16,77,24,48,19,11,16,11,38,24,27,21,4,12,6,6,104,67,37,146,74,72,7,2,5,64,30,34,14,8,6
53522203,332,190,142,11,101,27,41,30,6,15,12,30,20,12,18,0,22,17,5,122,80,42,118,57,61,4,1,3,58,30,28,8,5,3
53156101,110,65,45,2,32,4,15,9,5,3,1,11,7,9,10,0,5,2,3,52,38,14,37,20,17,1,1,0,14,4,10,1,0,1
53156102,56,27,29,0,8,2,4,6,2,3,0,7,3,15,4,1,8,4,4,18,10,8,17,8,9,2,1,1,10,4,6,1,0,1
53156103,270,161,109,5,74,25,30,28,9,5,7,15,20,15,22,4,11,6,5,125,92,33,89,39,50,2,0,2,35,18,17,8,6,2
52958301,67,42,25,6,15,8,10,7,2,3,0,2,3,1,6,0,7,4,3,36,25,11,15,9,6,1,0,1,5,1,4,3,3,0
59949201,72,37,35,1,19,6,9,11,4,2,1,3,8,3,2,0,2,1,1,41,26,15,17,6,11,2,1,1,7,2,5,3,1,2
1758710,0,0,0,0,0,0,0,0,0,0,0,0,0,0,0,0,0,0,0,0,0,0,0,0,0,0,0,0,0,0,0,0,0,0
3265510,0,0,0,0,0,0,0,0,0,0,0,0,0,0,0,0,0,0,0,0,0,0,0,0,0,0,0,0,0,0,0,0,0,0
53525701,31,17,14,2,1,3,5,7,0,1,0,2,2,4,2,0,5,1,4,8,5,3,9,6,3,3,1,2,4,3,1,2,1,1
53525702,46,28,18,1,15,6,5,9,2,1,0,2,1,2,1,0,5,4,1,29,19,10,9,4,5,1,0,1,1,0,1,1,1,0
53525703,415,245,170,12,71,28,61,64,15,17,8,49,30,23,15,1,25,18,7,142,98,44,145,73,72,13,3,10,65,32,33,25,21,4
53526501,86,46,40,3,21,9,11,8,2,1,0,6,7,8,7,0,5,2,3,26,18,8,35,19,16,3,1,2,15,5,10,2,1,1
53526502,106,59,47,0,27,14,20,7,5,4,4,8,3,6,5,0,8,2,6,29,23,6,40,20,20,3,1,2,18,8,10,8,5,3
53526503,362,209,153,12,88,32,56,30,10,10,4,32,26,30,20,0,25,16,9,133,91,42,134,70,64,8,2,6,49,20,29,13,10,3
3194060,0,0,0,0,0,0,0,0,0,0,0,0,0,0,0,0,0,0,0,0,0,0,0,0,0,0,0,0,0,0,0,0,0,0
53527301,1164,628,536,25,274,54,169,109,37,44,31,146,82,73,63,2,50,23,27,339,201,138,482,257,225,25,9,16,238,118,120,30,20,10
53527302,13,8,5,0,4,2,3,0,0,0,0,1,0,1,1,0,2,1,1,2,2,0,2,1,1,0,0,0,3,1,2,4,3,1
53527303,35,19,16,1,7,0,4,1,2,2,1,6,1,4,3,0,0,0,0,4,3,1,11,7,4,2,0,2,18,9,9,0,0,0
53193601,65,36,29,7,16,3,6,4,1,0,0,5,3,0,18,1,7,4,3,31,20,11,17,9,8,1,0,1,8,3,5,1,0,1
53529001,55,28,27,3,19,6,2,2,1,2,0,5,4,3,4,0,2,0,2,28,16,12,21,10,11,0,0,0,3,1,2,1,1,0
53529002,34,18,16,1,11,0,4,4,0,0,1,1,5,1,3,0,6,2,4,10,7,3,9,5,4,1,0,1,6,3,3,2,1,1
53529003,18,9,9,2,6,1,1,0,0,0,0,3,2,0,1,1,1,0,1,6,4,2,8,3,5,0,0,0,1,1,0,2,1,1
53529004,341,196,145,8,76,24,45,55,13,5,2,52,22,14,18,2,26,13,13,112,73,39,124,65,59,6,2,4,47,24,23,26,19,7
53530301,125,74,51,1,33,9,25,10,5,1,2,17,7,5,3,1,10,5,5,42,28,14,47,28,19,6,4,2,17,7,10,3,2,1
53530302,274,161,113,15,57,19,39,23,21,7,2,20,18,18,23,0,22,15,7,97,61,36,102,53,49,4,3,1,31,18,13,18,11,7
53530303,42,22,20,0,13,4,6,6,0,0,1,4,4,1,0,2,6,1,5,21,17,4,10,2,8,1,1,0,2,0,2,2,1,1
53531101,11,7,4,0,1,0,1,2,1,1,1,0,0,3,1,0,1,1,0,0,0,0,7,5,2,0,0,0,3,1,2,0,0,0
53531102,182,109,73,13,51,18,16,14,1,7,5,19,9,14,11,1,8,6,2,56,33,23,60,38,22,2,1,1,36,16,20,20,15,5
53532001,358,214,144,11,96,21,53,39,13,16,6,26,19,20,24,1,18,14,4,126,80,46,149,88,61,6,0,6,49,26,23,10,6,4
53532002,757,401,356,28,233,39,95,76,23,18,14,64,42,45,38,10,52,25,27,265,172,93,281,130,151,13,2,11,103,46,57,43,26,17
1879330,0,0,0,0,0,0,0,0,0,0,0,0,0,0,0,0,0,0,0,0,0,0,0,0,0,0,0,0,0,0,0,0,0,0
53533801,75,38,37,6,15,6,6,6,3,3,2,5,6,5,7,0,6,3,3,26,16,10,23,13,10,4,3,1,14,2,12,2,1,1
53533802,26,13,13,2,5,1,4,2,1,0,1,2,2,1,3,1,1,0,1,6,4,2,11,4,7,0,0,0,6,3,3,2,2,0
53533803,64,36,28,7,12,6,9,5,4,0,0,2,3,11,4,0,3,1,2,25,17,8,20,9,11,0,0,0,14,7,7,2,2,0
53533804,127,73,54,11,38,10,17,11,5,0,3,5,12,10,2,0,10,7,3,46,32,14,48,22,26,3,1,2,14,6,8,6,5,1
53533805,134,74,60,9,29,12,12,7,4,5,2,9,13,16,12,1,10,4,6,40,26,14,49,28,21,3,0,3,24,11,13,8,5,3
53535401,41,27,14,10,11,1,7,4,0,0,0,2,3,1,1,0,3,3,0,15,11,4,14,7,7,0,0,0,3,1,2,6,5,1
53535402,169,99,70,49,38,5,18,16,5,4,2,10,6,8,3,1,14,6,8,69,51,18,55,27,28,0,0,0,15,5,10,16,10,6
53535403,25,15,10,5,7,1,4,2,0,0,0,1,2,0,0,2,5,4,1,7,5,2,8,2,6,1,0,1,2,2,0,2,2,0
53151101,24,12,12,0,5,0,4,4,1,0,0,1,2,3,2,0,1,0,1,7,4,3,7,4,3,1,0,1,5,2,3,3,2,1
53151102,119,65,54,0,18,5,22,7,1,9,5,14,5,11,13,3,2,1,1,23,19,4,45,22,23,2,1,1,45,21,24,2,1,1
53151103,212,120,92,2,36,26,28,14,5,11,5,27,15,14,11,2,16,7,9,51,37,14,81,41,40,5,3,2,55,28,27,4,4,0
53538901,266,139,127,6,52,17,40,32,8,6,3,33,17,19,21,1,10,7,3,83,47,36,108,52,56,7,2,5,45,23,22,13,8,5
53539701,28,18,10,5,7,1,2,1,0,1,0,7,1,1,2,0,1,1,0,9,7,2,7,3,4,0,0,0,8,5,3,3,2,1
53539702,187,98,89,6,33,9,30,18,5,4,3,26,17,11,10,8,15,5,10,65,41,24,63,26,37,6,4,2,24,12,12,14,10,4
53539703,33,21,12,3,9,1,2,1,3,0,0,6,1,3,1,0,3,3,0,11,6,5,9,4,5,0,0,0,9,7,2,1,1,0
3228570,0,0,0,0,0,0,0,0,0,0,0,0,0,0,0,0,0,0,0,0,0,0,0,0,0,0,0,0,0,0,0,0,0,0
53542701,187,99,88,1,79,5,18,14,14,6,2,17,1,12,11,1,10,5,5,49,32,17,90,43,47,2,0,2,35,18,17,1,1,0
53542702,312,177,135,1,154,11,27,17,15,7,2,31,14,12,14,3,16,5,11,110,73,37,107,54,53,9,2,7,46,28,18,24,15,9
53542703,87,46,41,2,48,2,7,5,6,1,1,5,3,5,1,0,0,0,0,33,22,11,31,15,16,2,0,2,19,8,11,2,1,1
53542704,44,26,18,5,19,1,9,2,0,1,0,5,2,0,0,0,1,1,0,21,15,6,15,7,8,0,0,0,6,3,3,1,0,1
53542705,36,21,15,0,17,1,4,2,1,3,1,1,0,0,6,0,0,0,0,14,9,5,9,5,4,1,0,1,8,5,3,4,2,2
53542706,44,25,19,1,21,1,3,5,4,0,1,1,1,1,4,0,2,1,1,18,12,6,14,6,8,2,1,1,5,3,2,3,2,1
53542708,13,9,4,0,7,0,2,1,2,0,0,0,0,0,1,0,0,0,0,6,5,1,5,3,2,0,0,0,2,1,1,0,0,0
53542709,335,183,152,3,156,16,26,12,7,8,4,36,8,21,21,3,7,1,6,119,75,44,139,71,68,4,3,1,60,29,31,6,4,2
53542710,429,249,180,2,203,17,34,20,12,11,4,41,11,20,36,4,20,13,7,154,104,50,145,71,74,8,0,8,55,26,29,47,35,12
53542711,503,263,240,6,230,22,39,17,18,13,4,41,18,46,28,4,21,7,14,154,108,46,187,79,108,9,4,5,116,56,60,16,9,7
53542713,398,214,184,7,184,12,34,23,9,10,5,23,23,26,26,2,23,12,11,113,72,41,161,83,78,10,3,7,68,31,37,23,13,10
53542715,184,107,77,3,79,8,24,7,9,5,1,13,7,11,12,0,9,3,6,63,45,18,72,41,31,5,2,3,27,11,16,8,5,3
53542718,8,5,3,0,3,3,0,0,1,0,0,0,0,0,1,0,0,0,0,2,1,1,4,2,2,0,0,0,2,2,0,0,0,0
53544301,44,24,20,2,19,1,6,2,1,1,1,7,1,1,0,1,4,0,4,12,10,2,16,8,8,0,0,0,11,5,6,1,1,0
53544302,75,39,36,6,31,3,6,5,2,2,0,5,3,3,7,1,6,2,4,27,18,9,25,13,12,0,0,0,12,3,9,5,3,2
53544304,338,193,145,2,169,12,32,21,14,3,4,23,11,17,14,5,25,12,13,149,101,48,104,46,58,7,1,6,26,13,13,27,20,7
53544305,96,50,46,1,49,2,5,2,2,4,0,7,8,5,8,0,6,3,3,32,20,12,46,22,24,0,0,0,10,3,7,2,2,0
53544306,430,231,199,4,228,11,28,12,23,9,2,28,23,30,23,1,37,15,22,190,113,77,139,76,63,3,0,3,35,13,22,26,14,12
53544307,476,275,201,7,233,18,45,20,22,7,3,35,22,26,21,5,40,21,19,211,136,75,148,73,75,5,2,3,34,17,17,38,26,12
53544308,33,19,14,3,18,0,3,0,3,0,0,1,2,1,0,1,5,3,2,17,9,8,9,5,4,0,0,0,0,0,0,2,2,0
53544309,46,24,22,0,34,2,4,2,1,0,0,2,0,0,1,0,14,7,7,22,12,10,5,2,3,0,0,0,0,0,0,5,3,2
53544310,195,104,91,5,110,8,17,8,4,1,1,13,7,8,11,1,13,4,9,86,53,33,65,35,30,4,1,3,20,7,13,7,4,3
53544311,235,129,106,7,110,11,27,9,3,2,2,16,11,17,13,0,13,9,4,75,48,27,99,50,49,4,0,4,37,19,18,7,3,4
53544313,342,190,152,3,163,13,22,16,8,8,2,26,28,20,18,6,20,6,14,108,76,32,130,64,66,8,1,7,56,31,25,20,12,8
53544315,26,16,10,1,9,1,3,3,4,1,0,1,1,0,2,0,3,1,2,16,11,5,4,2,2,0,0,0,3,2,1,0,0,0
53544316,54,34,20,3,26,1,10,2,2,0,2,1,0,1,3,1,4,1,3,25,18,7,15,9,6,0,0,0,4,2,2,6,4,2
3075130,0,0,0,0,0,0,0,0,0,0,0,0,0,0,0,0,0,0,0,0,0,0,0,0,0,0,0,0,0,0,0,0,0,0
3075640,0,0,0,0,0,0,0,0,0,0,0,0,0,0,0,0,0,0,0,0,0,0,0,0,0,0,0,0,0,0,0,0,0,0
53545101,20,13,7,1,14,2,2,0,0,0,0,1,0,0,0,0,2,1,1,7,4,3,10,7,3,0,0,0,1,1,0,0,0,0
53545102,268,168,100,6,135,6,25,16,5,11,3,19,10,10,9,1,18,13,5,78,51,27,84,47,37,17,11,6,53,31,22,18,15,3
53545103,285,160,125,7,102,22,38,11,6,7,4,21,12,26,22,2,18,12,6,107,68,39,100,49,51,3,1,2,46,22,24,11,8,3
53545105,632,336,296,5,230,21,66,23,15,24,15,63,39,54,49,0,20,11,9,147,94,53,245,110,135,11,5,6,190,99,91,19,17,2
53545106,424,248,176,4,148,33,35,27,13,14,6,57,19,21,27,4,43,28,15,129,86,43,123,66,57,7,1,6,64,26,38,58,41,17
53545107,61,33,28,0,21,4,7,2,5,2,2,4,4,2,6,0,2,1,1,22,14,8,27,14,13,1,0,1,9,4,5,0,0,0
53545108,35,20,15,3,21,2,2,0,0,0,0,3,0,1,1,0,2,1,1,16,8,8,7,6,1,1,0,1,2,1,1,7,4,3
53545109,203,114,89,7,60,16,27,8,5,5,6,24,17,10,13,1,14,8,6,48,32,16,79,45,34,2,0,2,41,18,23,19,11,8
53545111,922,501,421,9,386,27,107,62,28,29,15,66,49,49,52,9,56,33,23,319,193,126,328,159,169,18,5,13,127,61,66,74,50,24
53545112,749,404,345,12,290,27,93,44,23,18,15,63,34,40,51,11,68,35,33,247,148,99,269,138,131,13,4,9,108,50,58,44,29,15
53545114,153,91,62,5,56,10,17,6,7,9,4,11,6,8,12,0,7,3,4,50,34,16,64,38,26,2,1,1,25,10,15,5,5,0
53547801,447,262,185,13,224,14,41,20,22,10,3,29,13,24,25,2,31,21,10,177,115,62,149,81,68,10,4,6,48,21,27,32,20,12
56575001,61,32,29,1,34,3,4,4,2,0,0,2,5,3,1,1,3,3,0,20,13,7,23,7,16,1,1,0,7,4,3,7,4,3
53548601,158,94,64,3,75,7,12,5,1,3,0,18,6,11,6,1,7,4,3,54,38,16,45,26,19,3,0,3,44,24,20,5,2,3
53548602,24,12,12,0,11,0,2,2,0,1,0,4,0,2,1,0,1,0,1,8,5,3,10,4,6,0,0,0,4,3,1,1,0,1
53548603,35,22,13,3,16,3,1,4,0,2,0,2,0,2,0,0,1,1,0,16,13,3,13,6,7,2,0,2,2,1,1,1,1,0
53550801,61,35,26,6,27,2,7,3,2,0,1,4,0,2,5,1,5,3,2,31,19,12,18,8,10,0,0,0,4,2,2,3,3,0
53550802,46,28,18,1,25,0,4,2,1,0,1,6,1,2,2,1,4,3,1,22,13,9,10,5,5,0,0,0,5,2,3,5,5,0
53551601,196,102,94,17,69,15,16,9,4,9,1,18,11,9,11,4,8,6,2,64,42,22,66,32,34,3,2,1,47,14,33,8,6,2
53551602,31,20,11,0,17,2,4,0,2,0,3,0,0,1,1,0,1,0,1,14,11,3,15,8,7,0,0,0,1,1,0,0,0,0
53551603,53,32,21,3,23,2,5,4,1,0,1,8,1,0,4,0,2,1,1,24,16,8,17,8,9,0,0,0,9,6,3,1,1,0
57078801,803,442,361,6,335,27,83,26,23,27,20,78,33,54,59,7,27,18,9,84,56,28,320,162,158,27,12,15,299,163,136,46,31,15
57194601,56,32,24,3,18,4,10,4,4,0,0,0,3,3,5,0,5,3,2,15,12,3,24,13,11,2,0,2,7,3,4,3,1,2
57194602,79,44,35,3,36,3,12,0,0,0,0,8,2,4,9,0,2,0,2,27,20,7,27,15,12,5,2,3,13,4,9,5,3,2
53555901,576,324,252,11,268,34,68,35,17,4,7,40,22,30,20,3,23,11,12,256,171,85,182,85,97,8,2,6,76,37,39,31,18,13
53556701,210,120,90,14,81,13,20,16,2,3,7,11,12,12,11,1,6,4,2,70,50,20,95,50,45,1,0,1,33,13,20,5,3,2
53556702,20,9,11,1,9,1,4,1,0,0,0,1,0,2,1,0,0,0,0,11,6,5,9,3,6,0,0,0,0,0,0,0,0,0
53558301,78,40,38,1,34,4,4,3,1,3,0,7,2,8,4,3,0,0,0,22,16,6,36,17,19,3,0,3,14,6,8,3,1,2
53558302,426,238,188,10,208,15,36,19,12,8,5,37,18,21,20,6,19,13,6,110,68,42,157,82,75,11,5,6,109,60,49,20,10,10
53558303,21,12,9,1,13,0,2,0,0,1,0,0,1,0,2,0,0,0,0,7,4,3,10,6,4,0,0,0,3,2,1,1,0,1
59951401,151,88,63,26,59,10,11,6,4,0,0,10,6,6,9,2,13,8,5,74,48,26,44,24,20,3,0,3,10,3,7,7,5,2
59951402,27,18,9,3,8,6,0,0,1,1,0,5,0,1,2,0,2,1,1,7,5,2,15,11,4,0,0,0,2,0,2,1,1,0
53560501,290,160,130,12,128,11,29,15,10,7,5,24,17,12,13,0,13,5,8,121,76,45,97,47,50,6,1,5,32,16,16,21,15,6
53560502,102,56,46,8,56,3,7,6,4,1,0,4,1,8,4,0,4,2,2,33,24,9,46,21,25,1,0,1,13,7,6,5,2,3
57099101,82,45,37,5,28,6,6,2,3,0,0,9,4,5,8,2,4,1,3,34,26,8,24,10,14,3,0,3,13,5,8,4,3,1
53562101,290,151,139,14,110,6,25,25,10,5,4,26,18,26,17,0,24,9,15,115,72,43,96,45,51,6,0,6,34,16,18,15,9,6
53562102,165,99,66,5,77,9,20,11,3,7,2,10,3,7,8,1,12,9,3,84,58,26,43,21,22,2,1,1,17,7,10,7,3,4
53563001,432,228,204,24,205,10,38,24,10,6,5,32,15,31,19,1,34,16,18,141,94,47,162,72,90,7,2,5,64,32,32,24,12,12
3418510,0,0,0,0,0,0,0,0,0,0,0,0,0,0,0,0,0,0,0,0,0,0,0,0,0,0,0,0,0,0,0,0,0,0
57081801,149,85,64,2,67,10,12,11,2,1,3,12,7,12,5,1,7,5,2,46,36,10,58,29,29,1,0,1,31,11,20,6,4,2
53565601,238,139,99,8,111,9,25,9,9,5,2,16,11,6,14,1,8,3,5,67,46,21,91,46,45,8,1,7,37,22,15,27,21,6
53567201,135,77,58,4,63,7,16,6,2,4,1,12,8,4,5,0,1,0,1,54,33,21,50,30,20,3,1,2,24,11,13,3,2,1
53567203,1037,583,454,14,506,38,88,68,37,23,11,83,31,50,53,5,50,31,19,340,214,126,394,191,203,22,12,10,156,86,70,75,49,26
53567204,88,53,35,1,34,8,11,4,2,1,1,11,1,5,3,0,6,3,3,38,29,9,29,13,16,2,1,1,11,6,5,2,1,1
53567205,69,32,37,2,30,1,3,4,0,2,2,6,2,4,10,0,2,1,1,15,8,7,31,14,17,4,2,2,16,6,10,1,1,0
53567206,97,62,35,4,46,4,5,6,3,2,2,6,3,3,4,0,4,3,1,38,28,10,31,19,12,2,1,1,20,10,10,2,1,1
53567207,144,75,69,3,62,3,16,11,4,2,0,9,4,12,16,0,4,2,2,45,26,19,61,29,32,3,1,2,18,7,11,13,10,3
53567208,94,55,39,8,40,4,6,5,2,4,3,8,2,8,2,0,4,2,2,40,28,12,35,18,17,0,0,0,13,5,8,2,2,0
53567209,193,113,80,4,99,5,11,13,7,4,2,14,11,6,7,3,3,1,2,69,46,23,83,47,36,4,1,3,26,15,11,8,3,5
57198901,46,27,19,1,16,4,5,3,2,0,1,3,1,2,6,1,0,0,0,19,13,6,17,8,9,1,0,1,7,4,3,2,2,0
57198902,12,5,7,1,6,1,0,0,0,0,0,1,1,1,1,0,0,0,0,3,1,2,6,2,4,0,0,0,2,1,1,1,1,0
57198903,88,51,37,1,38,5,9,5,0,1,0,10,3,5,6,1,5,3,2,40,26,14,32,17,15,3,2,1,6,2,4,2,1,1
53570201,54,31,23,4,24,1,9,2,2,1,0,3,0,5,3,0,0,0,0,17,10,7,24,14,10,2,0,2,8,4,4,3,3,0
53570202,36,18,18,1,15,2,4,0,1,0,0,5,3,3,2,0,1,0,1,16,9,7,15,6,9,2,2,0,1,1,0,1,0,1
53570203,962,541,421,11,478,53,78,60,32,14,13,56,29,61,51,9,37,21,16,370,244,126,349,167,182,19,2,17,129,72,57,58,35,23
53570204,113,63,50,4,55,11,8,5,3,4,1,5,4,6,5,2,0,0,0,51,34,17,42,21,21,2,0,2,15,7,8,3,1,2
53570205,62,32,30,2,32,2,5,2,0,4,0,2,3,4,4,1,6,1,5,24,17,7,17,8,9,1,0,1,13,5,8,1,1,0
53570206,90,59,31,4,45,4,3,10,0,3,1,9,3,4,3,0,12,8,4,30,22,8,35,18,17,0,0,0,6,4,2,7,7,0
53570208,25,16,9,3,7,8,1,1,1,0,0,2,0,1,1,0,3,3,0,11,8,3,9,4,5,0,0,0,2,1,1,0,0,0
53570209,70,35,35,2,29,2,4,10,4,1,0,3,3,3,7,0,7,3,4,24,16,8,23,10,13,2,0,2,14,6,8,0,0,0
53571101,110,63,47,7,48,6,11,6,4,0,0,9,7,4,5,3,14,8,6,44,30,14,31,15,16,3,1,2,7,1,6,11,8,3
53572901,173,97,76,12,53,7,17,16,7,1,6,19,12,9,11,1,15,9,6,64,43,21,54,28,26,2,1,1,26,9,17,12,7,5
53572902,28,15,13,2,9,0,4,2,1,1,0,5,1,3,0,0,1,1,0,8,4,4,8,6,2,0,0,0,10,3,7,1,1,0
57094001,173,96,77,1,83,13,16,5,3,3,4,16,5,8,9,1,7,4,3,48,33,15,73,39,34,1,1,0,40,17,23,4,2,2
53574501,123,74,49,4,76,2,8,6,4,2,0,8,5,1,6,1,9,7,2,47,31,16,42,26,16,3,0,3,12,3,9,10,7,3
53574502,21,13,8,0,9,5,3,1,0,1,0,1,0,0,1,0,1,1,0,7,5,2,10,5,5,0,0,0,2,1,1,1,1,0
57106701,86,52,34,2,38,5,6,4,2,0,1,5,5,3,10,1,9,7,2,27,20,7,36,18,18,2,1,1,6,3,3,6,3,3
53581801,291,162,129,4,111,16,34,23,9,4,6,24,8,27,11,2,19,6,13,115,82,33,103,45,58,4,0,4,38,22,16,12,7,5
53583401,50,26,24,0,22,5,3,2,5,0,1,1,2,3,3,0,5,2,3,22,10,12,17,10,7,1,1,0,5,3,2,0,0,0
53583402,75,41,34,3,32,5,9,8,3,0,0,3,6,1,2,1,4,2,2,36,22,14,17,5,12,0,0,0,13,7,6,5,5,0
59953101,168,96,72,15,60,9,23,4,5,5,2,18,9,7,8,0,17,9,8,59,41,18,59,30,29,4,2,2,26,11,15,3,3,0
53586901,28,16,12,0,10,1,1,2,2,0,1,5,2,0,2,0,0,0,0,9,7,2,15,7,8,1,1,0,3,1,2,0,0,0
53586902,370,209,161,6,152,21,38,21,12,8,3,36,15,27,19,2,14,9,5,131,81,50,151,81,70,1,1,0,62,28,34,11,9,2
56573301,123,59,64,2,61,1,11,8,2,1,2,16,5,5,5,0,16,9,7,49,23,26,37,18,19,2,0,2,16,8,8,3,1,2
59952201,80,39,41,1,33,2,4,4,7,1,1,13,3,5,3,0,3,1,2,18,12,6,39,17,22,2,0,2,17,9,8,1,0,1
56578401,112,59,53,3,58,1,11,4,1,5,0,8,10,4,6,0,7,3,4,35,22,13,39,18,21,2,0,2,25,15,10,4,1,3
56578402,62,33,29,3,30,7,3,1,3,0,0,6,0,1,4,3,2,1,1,24,13,11,19,11,8,1,0,1,11,5,6,5,3,2
1414291,0,0,0,0,0,0,0,0,0,0,0,0,0,0,0,0,0,0,0,0,0,0,0,0,0,0,0,0,0,0,0,0,0,0
53592302,56,34,22,8,19,4,6,1,3,3,0,4,1,2,4,0,2,1,1,29,19,10,18,9,9,0,0,0,4,3,1,3,2,1
53592303,68,41,27,11,26,4,5,4,1,4,0,5,4,1,2,0,4,3,1,32,20,12,19,12,7,1,0,1,10,5,5,2,1,1
53592304,24,13,11,3,8,3,1,2,1,0,0,4,1,0,1,0,0,0,0,8,6,2,11,6,5,0,0,0,5,1,4,0,0,0
53592305,20,14,6,1,11,1,2,3,0,0,0,0,1,0,1,0,0,0,0,12,9,3,5,3,2,0,0,0,3,2,1,0,0,0
53592306,47,27,20,6,17,6,5,2,0,1,1,0,3,4,2,0,2,2,0,18,12,6,15,8,7,2,0,2,9,5,4,1,0,1
53592307,23,13,10,6,6,1,2,1,1,0,0,2,0,0,4,0,1,1,0,13,9,4,7,2,5,0,0,0,2,1,1,0,0,0
53593101,124,69,55,2,57,3,14,16,3,0,2,10,5,4,4,2,2,1,1,45,32,13,47,22,25,0,0,0,15,8,7,15,6,9
53593102,603,339,264,18,300,21,55,36,15,8,7,35,24,32,31,11,49,23,26,210,144,66,205,105,100,10,3,7,92,43,49,37,21,16
57184901,85,45,40,2,37,1,7,4,5,1,1,2,8,9,6,2,2,2,0,27,19,8,38,17,21,2,0,2,13,7,6,3,0,3
53596601,263,149,114,10,114,19,26,10,6,5,2,18,14,16,13,4,8,4,4,92,66,26,92,40,52,6,1,5,55,32,23,10,6,4
53597401,253,142,111,19,99,13,25,15,2,2,2,24,13,14,15,0,12,5,7,116,76,40,93,46,47,5,1,4,23,10,13,4,4,0
56603901,17,11,6,0,5,0,2,3,2,1,0,2,1,1,0,0,3,0,3,9,8,1,5,3,2,0,0,0,0,0,0,0,0,0
56603902,19,9,10,2,7,0,3,1,1,0,0,1,0,2,2,0,0,0,0,9,5,4,4,1,3,1,0,1,5,3,2,0,0,0
56603903,152,80,72,14,58,8,13,11,8,1,1,13,4,8,9,1,14,6,8,42,25,17,63,33,30,3,0,3,24,11,13,6,5,1
52961301,213,115,98,3,101,12,22,4,12,4,0,22,7,6,11,2,21,11,10,97,61,36,62,31,31,2,0,2,16,3,13,15,9,6
53600802,15,7,8,1,8,1,1,1,0,0,0,0,1,0,2,0,0,0,0,3,3,0,6,1,5,2,2,0,3,0,3,1,1,0
53600803,307,171,136,19,148,11,28,20,11,5,4,16,11,12,11,5,29,15,14,110,72,38,120,58,62,3,1,2,28,13,15,17,12,5
53600804,41,27,14,2,20,3,2,3,0,1,1,3,0,1,5,0,2,1,1,14,11,3,16,10,6,0,0,0,8,4,4,1,1,0
53600805,23,15,8,6,7,1,1,1,0,0,0,0,0,5,1,0,0,0,0,9,8,1,9,4,5,0,0,0,4,3,1,1,0,1
53600806,39,22,17,4,13,4,3,0,0,1,1,5,0,2,4,0,4,1,3,16,13,3,8,2,6,2,1,1,5,2,3,4,3,1
53602401,52,30,22,0,24,2,8,2,3,1,0,3,1,4,3,1,3,1,2,16,11,5,18,8,10,2,2,0,11,6,5,2,2,0
53602402,456,266,190,7,224,15,43,30,20,6,6,31,14,19,24,4,22,13,9,162,107,55,151,79,72,11,5,6,75,37,38,35,25,10
57107501,33,19,14,5,10,2,0,4,0,1,1,3,1,5,1,0,1,0,1,14,12,2,11,3,8,0,0,0,6,3,3,1,1,0
3208712,0,0,0,0,0,0,0,0,0,0,0,0,0,0,0,0,0,0,0,0,0,0,0,0,0,0,0,0,0,0,0,0,0,0
53604101,16,11,5,2,2,1,0,1,1,0,0,3,0,3,2,0,1,1,0,4,3,1,4,2,2,1,1,0,5,3,2,1,1,0
53604102,23,15,8,4,11,2,2,0,0,0,0,2,0,1,1,0,2,1,1,6,4,2,7,5,2,2,1,1,5,3,2,1,1,0
53604103,671,377,294,16,308,33,66,30,12,12,6,51,34,41,42,4,22,14,8,203,138,65,269,147,122,16,5,11,132,55,77,29,18,11
53604104,42,24,18,0,20,3,5,1,2,1,0,2,0,2,6,0,0,0,0,14,7,7,15,10,5,2,0,2,10,7,3,1,0,1
53604105,54,30,24,6,23,4,8,1,1,1,2,4,1,3,0,0,2,1,1,24,15,9,18,7,11,1,0,1,7,5,2,2,2,0
53604106,44,28,16,3,22,2,8,1,1,1,0,3,1,1,1,0,2,2,0,14,11,3,15,7,8,0,0,0,10,6,4,3,2,1
53604107,21,9,12,3,11,0,0,0,1,0,0,1,3,1,1,0,1,1,0,8,4,4,9,3,6,1,0,1,2,1,1,0,0,0
53604108,33,19,14,4,15,2,2,0,2,0,1,2,0,3,1,0,3,0,3,11,9,2,14,8,6,4,2,2,0,0,0,1,0,1
53604110,60,32,28,1,40,0,3,1,0,2,0,2,2,2,6,0,1,1,0,20,15,5,32,12,20,0,0,0,4,1,3,3,3,0
53604111,20,12,8,0,12,1,1,0,1,0,0,2,2,1,0,0,0,0,0,9,7,2,9,4,5,0,0,0,2,1,1,0,0,0
53604112,24,15,9,3,9,4,2,1,0,0,1,1,1,1,0,0,1,1,0,5,4,1,9,6,3,1,0,1,6,2,4,2,2,0
53604113,55,36,19,1,30,0,4,5,0,2,0,4,1,2,5,0,2,1,1,22,16,6,20,12,8,2,0,2,7,5,2,2,2,0
53604114,38,25,13,2,12,4,4,2,0,0,2,1,1,3,3,0,1,1,0,11,8,3,15,8,7,2,1,1,8,6,2,1,1,0
53604115,30,18,12,2,12,3,2,3,0,0,1,0,1,2,3,1,1,1,0,18,11,7,8,4,4,2,2,0,1,0,1,0,0,0
57117201,81,48,33,14,29,5,10,0,0,0,0,12,4,3,4,0,0,0,0,24,17,7,32,16,16,3,2,1,20,12,8,2,1,1
53606701,240,144,96,14,79,15,28,15,9,6,4,23,20,9,9,4,14,10,4,63,47,16,110,61,49,3,1,2,40,17,23,10,8,2
57097401,254,137,117,8,121,5,26,8,4,9,3,28,8,15,10,2,11,5,6,47,26,21,98,61,37,6,2,4,78,37,41,14,6,8
59955701,43,24,19,5,14,5,4,3,1,0,0,2,1,6,1,0,3,2,1,17,10,7,12,9,3,0,0,0,9,2,7,2,1,1
0698920,0,0,0,0,0,0,0,0,0,0,0,0,0,0,0,0,0,0,0,0,0,0,0,0,0,0,0,0,0,0,0,0,0,0
0699140,0,0,0,0,0,0,0,0,0,0,0,0,0,0,0,0,0,0,0,0,0,0,0,0,0,0,0,0,0,0,0,0,0,0
0699310,0,0,0,0,0,0,0,0,0,0,0,0,0,0,0,0,0,0,0,0,0,0,0,0,0,0,0,0,0,0,0,0,0,0
3076290,0,0,0,0,0,0,0,0,0,0,0,0,0,0,0,0,0,0,0,0,0,0,0,0,0,0,0,0,0,0,0,0,0,0
57082601,209,113,96,8,85,10,21,10,6,5,1,19,12,10,19,0,5,2,3,63,41,22,69,36,33,5,1,4,63,31,32,4,2,2
57082602,10,6,4,0,3,0,3,1,0,0,0,1,0,0,2,0,0,0,0,4,3,1,5,2,3,0,0,0,1,1,0,0,0,0
57082603,963,561,402,13,438,37,83,25,27,29,16,97,34,46,85,5,26,18,8,179,110,69,336,175,161,30,17,13,315,187,128,77,54,23
57082604,910,509,401,6,353,35,109,37,37,27,11,82,25,70,87,7,35,23,12,224,153,71,360,184,176,22,9,13,221,108,113,48,32,16
57082605,185,112,73,1,110,8,10,6,1,5,2,11,2,5,14,4,16,8,8,37,28,9,63,36,27,16,11,5,31,12,19,22,17,5
57082606,320,277,43,1,220,23,10,41,3,0,0,13,2,2,3,0,26,21,5,138,126,12,43,28,15,1,1,0,33,26,7,79,75,4
57082607,178,101,77,0,86,4,16,10,5,5,4,18,7,10,8,0,0,0,0,19,14,5,77,42,35,2,1,1,67,36,31,13,8,5
53612101,260,140,120,5,132,6,25,13,8,9,3,19,12,4,15,2,13,7,6,86,59,27,111,52,59,5,1,4,35,13,22,10,8,2
56604701,73,45,28,0,23,4,8,6,2,0,3,5,10,4,5,0,3,2,1,27,20,7,25,13,12,0,0,0,14,6,8,4,4,0
56604702,22,12,10,0,8,3,5,2,0,0,0,1,1,0,1,0,2,1,1,11,9,2,6,2,4,0,0,0,2,0,2,1,0,1
56604703,18,11,7,2,8,1,1,0,0,1,2,1,0,0,2,0,1,0,1,9,6,3,4,4,0,0,0,0,4,1,3,0,0,0
57197101,61,36,25,3,31,4,7,2,0,0,0,2,2,3,6,0,5,2,3,27,16,11,11,7,4,2,0,2,8,4,4,8,7,1
57201201,63,40,23,6,24,1,8,7,1,1,0,4,1,2,5,1,3,2,1,30,20,10,22,13,9,1,0,1,1,0,1,6,5,1
53616401,91,55,36,10,35,2,9,9,8,1,0,7,1,4,4,0,10,6,4,54,36,18,20,8,12,2,0,2,1,1,0,4,4,0
53617201,50,27,23,3,21,0,4,3,2,0,0,5,2,0,9,0,3,2,1,24,14,10,19,8,11,0,0,0,4,3,1,0,0,0
53617202,53,29,24,2,22,6,7,2,2,0,1,3,2,2,2,2,11,7,4,17,8,9,13,6,7,0,0,0,5,3,2,7,5,2
53617203,57,31,26,3,22,1,4,3,0,1,1,7,2,6,4,0,6,3,3,21,12,9,19,12,7,2,1,1,8,2,6,1,1,0
53617204,121,67,54,2,50,5,21,1,4,4,4,11,5,7,7,0,5,3,2,23,15,8,55,28,27,3,1,2,34,19,15,1,1,0
53618101,37,19,18,4,9,2,6,3,1,0,1,2,2,4,2,0,0,0,0,14,10,4,16,7,9,2,0,2,5,2,3,0,0,0
53618102,151,92,59,4,58,11,16,11,4,1,5,13,9,11,6,0,14,7,7,63,46,17,46,23,23,4,0,4,16,11,5,8,5,3
53618103,50,30,20,4,20,5,7,3,1,1,1,3,1,0,3,0,3,0,3,26,21,5,17,7,10,0,0,0,2,1,1,2,1,1
53618104,111,67,44,6,44,4,10,18,0,5,0,9,4,2,6,0,10,3,7,48,36,12,41,21,20,1,0,1,6,3,3,5,4,1
53618105,110,61,49,7,40,4,17,9,2,0,1,11,8,6,2,0,8,5,3,34,23,11,49,24,25,2,0,2,8,2,6,9,7,2
53620201,196,121,75,16,80,7,21,10,5,4,4,16,11,7,10,0,7,5,2,85,59,26,66,36,30,0,0,0,34,19,15,4,2,2
53621101,67,33,34,8,33,5,6,2,0,1,1,2,2,4,2,1,5,4,1,32,15,17,20,8,12,1,0,1,6,4,2,3,2,1
53621102,14,6,8,1,6,0,1,0,0,0,0,2,0,1,1,1,0,0,0,7,4,3,6,1,5,0,0,0,1,1,0,0,0,0
56556301,179,94,85,8,61,4,19,8,14,3,1,13,12,15,16,1,9,5,4,56,41,15,67,28,39,4,1,3,38,16,22,5,3,2
57077001,34,19,15,1,15,2,4,0,1,0,0,2,2,3,4,0,2,2,0,16,8,8,7,4,3,0,0,0,7,3,4,2,2,0
57077003,71,40,31,2,27,4,9,4,0,2,0,6,4,4,6,0,4,3,1,24,17,7,36,16,20,1,0,1,4,3,1,2,1,1
53626101,18,12,6,0,5,1,1,0,0,1,0,1,1,7,1,0,0,0,0,6,4,2,7,5,2,0,0,0,3,1,2,2,2,0
53626102,18,8,10,0,8,0,1,1,0,0,0,2,0,2,3,0,1,0,1,4,2,2,8,6,2,0,0,0,5,0,5,0,0,0
53626103,128,69,59,18,34,4,16,8,5,2,3,8,6,13,7,0,6,2,4,53,35,18,42,16,26,1,0,1,22,13,9,4,3,1
53627001,489,278,211,22,262,14,31,22,15,6,6,25,18,24,30,2,20,9,11,195,125,70,193,100,93,8,4,4,55,26,29,18,14,4
53627002,52,32,20,0,26,4,3,6,3,1,0,5,2,0,1,0,1,1,0,20,17,3,22,10,12,0,0,0,4,0,4,5,4,1
53627003,676,348,328,6,323,14,68,51,11,20,14,63,26,32,27,2,42,21,21,231,131,100,257,116,141,10,3,7,84,41,43,52,36,16
56564401,276,162,114,26,79,22,36,29,5,4,3,24,20,11,8,0,7,4,3,114,76,38,99,54,45,2,0,2,42,19,23,12,9,3
0965390,0,0,0,0,0,0,0,0,0,0,0,0,0,0,0,0,0,0,0,0,0,0,0,0,0,0,0,0,0,0,0,0,0,0
3229112,0,0,0,0,0,0,0,0,0,0,0,0,0,0,0,0,0,0,0,0,0,0,0,0,0,0,0,0,0,0,0,0,0,0
3334170,0,0,0,0,0,0,0,0,0,0,0,0,0,0,0,0,0,0,0,0,0,0,0,0,0,0,0,0,0,0,0,0,0,0
53541901,64,37,27,1,28,1,4,12,3,1,0,6,2,1,4,0,5,4,1,35,21,14,14,8,6,1,0,1,4,2,2,5,2,3
53541902,97,56,41,0,34,8,7,6,3,3,2,14,6,6,4,0,6,5,1,32,20,12,41,21,20,1,0,1,15,9,6,2,1,1
53541903,215,125,90,5,106,12,14,10,4,12,3,21,8,8,6,3,16,8,8,67,41,26,79,48,31,8,3,5,39,19,20,6,6,0
53541905,149,77,72,0,81,3,6,6,2,2,1,20,2,11,9,1,5,5,0,34,19,15,45,24,21,5,1,4,52,26,26,8,2,6
53541907,206,135,71,3,124,2,15,6,4,2,0,23,6,4,7,6,23,13,10,51,35,16,54,33,21,11,7,4,21,10,11,46,37,9
53541911,100,54,46,1,44,4,14,4,4,2,2,12,1,8,3,0,1,0,1,29,16,13,41,22,19,0,0,0,26,13,13,3,3,0
53541912,264,145,119,1,105,6,28,9,14,4,5,21,11,16,28,2,13,6,7,76,48,28,87,40,47,5,1,4,71,41,30,12,9,3
53541913,598,324,274,7,251,34,48,20,16,17,13,68,20,40,35,7,16,9,7,133,90,43,222,111,111,17,7,10,197,98,99,13,9,4
53541914,669,423,246,8,226,42,60,33,25,12,4,138,19,28,37,7,66,41,25,139,89,50,155,92,63,15,5,10,105,57,48,189,139,50
53541915,393,231,162,2,175,37,36,23,14,6,9,21,14,18,21,5,28,16,12,114,76,38,147,82,65,12,4,8,75,41,34,17,12,5
53541916,93,53,40,2,36,4,10,9,0,2,1,11,4,5,8,0,7,4,3,29,17,12,39,22,17,0,0,0,12,7,5,6,3,3
53541917,80,43,37,0,41,2,5,2,0,1,1,16,2,2,2,0,1,0,1,10,7,3,36,20,16,1,1,0,30,13,17,2,2,0
53541918,233,121,112,2,87,7,16,3,15,5,9,33,8,20,18,0,0,0,0,18,12,6,95,42,53,4,1,3,113,65,48,3,1,2
53541919,201,100,101,5,101,7,18,10,5,0,2,18,4,13,11,2,15,9,6,76,43,33,73,35,38,3,0,3,30,11,19,4,2,2
53541920,640,350,290,5,265,20,55,29,29,11,6,57,26,50,53,9,44,23,21,149,91,58,230,125,105,12,4,8,147,65,82,58,42,16
53541921,2799,1532,1267,25,1361,83,282,117,110,49,34,239,105,97,218,21,181,97,84,902,564,338,1023,496,527,50,19,31,454,230,224,189,126,63
53541922,228,122,106,1,103,12,12,4,3,9,5,28,10,15,16,0,5,2,3,28,15,13,80,40,40,5,1,4,84,45,39,26,19,7
53541923,3598,1994,1604,19,1906,83,296,130,125,61,31,353,110,150,213,35,265,140,125,1119,669,450,1229,642,587,94,32,62,550,280,270,341,231,110
53541924,1136,654,482,8,575,36,71,38,28,26,6,121,20,64,100,6,82,49,33,311,199,112,346,182,164,35,12,23,269,151,118,93,61,32
53541925,2599,1410,1189,21,1415,42,223,86,85,63,31,200,61,116,178,11,173,101,72,748,447,301,948,466,482,50,17,33,535,276,259,145,103,42
53541926,1929,1068,861,17,1038,49,157,72,68,33,25,178,38,75,125,6,147,83,64,566,354,212,673,324,349,35,16,19,332,174,158,176,117,59
53541927,274,253,21,0,244,1,8,2,1,1,0,11,0,0,1,2,8,8,0,76,70,6,44,43,1,6,5,1,87,76,11,53,51,2
53541928,626,338,288,5,315,15,48,17,27,8,9,67,21,28,43,5,54,34,20,153,90,63,194,92,102,18,4,14,141,79,62,66,39,27
53541930,549,307,242,1,236,15,52,20,22,11,8,63,13,41,38,2,40,19,21,132,84,48,190,103,87,14,5,9,128,61,67,45,35,10
53541932,283,160,123,0,139,5,20,14,4,8,3,33,17,16,15,1,23,8,15,63,37,26,92,48,44,3,2,1,68,43,25,34,22,12
53541933,324,194,130,0,177,5,21,15,6,4,5,38,6,18,14,2,19,10,9,95,65,30,104,56,48,9,6,3,68,38,30,29,19,10
53541934,212,127,85,0,112,7,13,10,10,8,0,20,1,12,6,1,12,5,7,58,33,25,65,40,25,7,5,2,44,24,20,26,20,6
53541935,34,18,16,2,18,1,2,0,0,0,2,3,1,4,1,0,0,0,0,2,1,1,12,4,8,3,1,2,17,12,5,0,0,0
53541938,25,15,10,0,8,0,5,2,0,0,0,8,0,0,0,0,1,0,1,6,4,2,8,4,4,1,1,0,3,3,0,6,3,3
53541939,531,308,223,6,236,26,51,24,12,19,7,56,10,30,38,2,20,12,8,142,104,38,187,84,103,12,7,5,149,85,64,21,16,5
53541941,406,234,172,2,213,11,28,18,10,5,8,41,12,27,17,4,23,10,13,75,49,26,140,73,67,6,2,4,113,60,53,49,40,9
53541942,43,25,18,0,16,1,4,1,3,3,2,8,3,0,2,0,0,0,0,3,3,0,14,7,7,1,1,0,21,11,10,4,3,1
53541943,307,180,127,1,119,7,28,16,7,6,3,33,29,19,18,15,24,13,11,77,55,22,111,54,57,4,0,4,57,32,25,34,26,8
53541944,1595,876,719,12,751,42,140,60,60,29,29,164,48,95,105,15,95,52,43,406,257,149,591,298,293,27,8,19,348,165,183,128,96,32
53541945,1434,788,646,18,641,50,117,65,46,33,21,174,42,79,92,14,88,49,39,367,233,134,484,251,233,32,12,20,321,147,174,142,96,46
53541946,75,41,34,1,24,1,11,2,4,3,1,10,5,5,5,0,3,2,1,10,7,3,37,20,17,1,0,1,23,11,12,1,1,0
53541947,17,10,7,0,6,1,0,0,1,0,0,5,0,1,3,0,0,0,0,4,2,2,2,1,1,1,0,1,9,7,2,1,0,1
53541948,185,103,82,2,94,8,16,4,4,3,3,22,5,8,6,1,13,5,8,40,28,12,64,31,33,6,5,1,47,24,23,15,10,5
53541949,250,154,96,7,126,5,30,12,9,2,1,22,3,11,9,2,30,18,12,70,44,26,88,55,33,8,5,3,34,17,17,20,15,5
3077420,0,0,0,0,0,0,0,0,0,0,0,0,0,0,0,0,0,0,0,0,0,0,0,0,0,0,0,0,0,0,0,0,0,0
53632601,32,18,14,1,15,1,3,1,5,0,0,2,0,3,1,0,1,1,0,12,7,5,13,6,7,0,0,0,3,2,1,3,2,1
53632602,78,46,32,2,33,7,7,1,2,0,0,9,4,7,2,2,2,2,0,35,26,9,24,9,15,0,0,0,15,8,7,2,1,1
53632603,57,27,30,6,21,2,5,3,4,0,2,3,0,3,6,0,2,0,2,21,13,8,24,11,13,4,1,3,6,2,4,0,0,0
53632604,12,9,3,0,0,0,0,0,0,0,0,0,0,0,0,0,11,8,3,0,0,0,0,0,0,0,0,0,0,0,0,1,1,0
53632605,138,70,68,5,56,7,14,5,2,3,1,12,8,11,8,4,2,1,1,31,17,14,65,35,30,3,0,3,36,16,20,1,1,0
53632606,64,41,23,3,25,7,8,6,1,0,1,2,2,3,3,1,5,2,3,29,22,7,16,9,7,0,0,0,9,4,5,5,4,1
53632607,319,181,138,4,172,2,26,6,4,12,7,24,7,16,28,1,6,3,3,40,24,16,109,62,47,8,2,6,151,87,64,5,3,2
53632608,7,5,2,1,3,0,0,1,0,0,0,1,1,0,0,0,1,1,0,2,2,0,3,2,1,0,0,0,1,0,1,0,0,0
53632609,16,9,7,6,2,0,2,0,0,0,0,2,0,2,1,0,2,1,1,6,4,2,3,2,1,0,0,0,4,2,2,1,0,1
53632610,42,24,18,1,18,4,2,2,1,0,1,4,2,4,2,0,1,1,0,14,9,5,19,10,9,0,0,0,8,4,4,0,0,0
53632612,356,207,149,5,155,15,39,24,18,10,4,30,9,22,18,0,26,16,10,128,86,42,139,69,70,3,0,3,48,28,20,12,8,4
53632613,54,30,24,0,24,1,9,2,3,0,0,10,3,0,1,1,4,3,1,17,10,7,19,9,10,2,1,1,4,1,3,8,6,2
53632615,1010,544,466,19,446,40,98,40,24,17,13,95,33,67,87,5,61,37,24,326,190,136,388,206,182,18,7,11,179,82,97,38,22,16
53632616,360,195,165,10,131,10,40,18,12,10,7,25,21,34,25,1,16,12,4,99,63,36,131,59,72,7,2,5,67,30,37,40,29,11
53632617,390,213,177,6,165,12,56,16,10,3,5,30,18,19,38,1,17,10,7,129,82,47,143,74,69,9,2,7,74,34,40,18,11,7
53632618,406,219,187,1,171,18,44,25,22,6,4,36,12,22,36,0,28,16,12,153,88,65,136,74,62,9,2,7,53,21,32,27,18,9
53632620,39,22,17,1,20,0,2,3,2,3,0,0,2,4,1,0,0,0,0,5,5,0,9,4,5,0,0,0,25,13,12,0,0,0
53632622,49,31,18,0,19,6,2,10,2,0,1,4,0,1,3,0,3,3,0,21,14,7,16,8,8,2,1,1,4,3,1,3,2,1
53632624,497,274,223,10,202,14,73,20,8,8,6,45,20,34,35,8,22,12,10,156,95,61,198,105,93,6,2,4,89,41,48,26,19,7
53632625,482,255,227,8,177,23,63,22,19,11,6,46,18,48,24,2,27,10,17,167,101,66,188,88,100,4,0,4,67,38,29,29,18,11
53632626,65,40,25,5,23,5,4,7,0,6,0,8,1,1,1,1,2,1,1,21,16,5,27,15,12,5,1,4,9,7,2,1,0,1
53632627,12,7,5,0,4,1,2,2,0,1,0,1,0,1,0,0,0,0,0,3,3,0,6,3,3,0,0,0,3,1,2,0,0,0
53632628,21,11,10,0,8,4,4,0,0,0,0,0,1,0,3,0,0,0,0,6,6,0,7,3,4,3,0,3,4,1,3,1,1,0
56582201,42,24,18,2,16,5,1,1,0,0,1,2,3,6,4,1,0,0,0,18,12,6,16,9,7,1,0,1,5,2,3,2,1,1
57186501,31,14,17,3,7,1,3,5,1,2,1,1,0,1,3,0,1,1,0,10,6,4,12,5,7,2,0,2,5,2,3,1,0,1
57186502,42,20,22,5,14,2,3,6,2,0,0,3,1,2,3,0,1,1,0,17,9,8,14,6,8,0,0,0,4,1,3,6,3,3
57186503,23,14,9,1,11,1,2,1,2,0,0,1,0,1,1,0,2,0,2,11,9,2,7,4,3,0,0,0,3,1,2,0,0,0
53633401,108,58,50,13,44,3,7,10,2,3,3,9,1,6,5,0,3,1,2,32,24,8,53,22,31,1,0,1,16,10,6,3,1,2
57115601,71,48,23,6,36,2,6,6,2,1,0,2,4,2,4,0,2,1,1,32,24,8,24,14,10,1,0,1,8,6,2,4,3,1
3266230,0,0,0,0,0,0,0,0,0,0,0,0,0,0,0,0,0,0,0,0,0,0,0,0,0,0,0,0,0,0,0,0,0,0
53635101,235,123,112,6,113,11,15,8,18,3,7,17,6,12,15,0,7,3,4,63,40,23,92,48,44,6,1,5,60,27,33,7,4,3
57199701,32,20,12,4,14,0,1,1,2,0,0,4,3,1,0,0,1,0,1,13,8,5,13,8,5,0,0,0,4,3,1,1,1,0
57112101,88,54,34,4,45,3,8,2,1,1,2,9,2,3,4,0,8,6,2,32,21,11,37,23,14,2,1,1,9,3,6,0,0,0
57112102,21,15,6,5,7,0,3,1,0,0,1,2,1,0,1,0,0,0,0,11,9,2,5,4,1,1,0,1,3,1,2,1,1,0
57112103,54,32,22,0,24,2,10,4,1,1,0,10,1,0,1,0,3,3,0,27,15,12,14,9,5,1,0,1,4,2,2,5,3,2
53637701,136,73,63,5,60,10,17,2,3,2,2,10,5,14,2,1,5,2,3,33,22,11,61,33,28,3,1,2,27,10,17,7,5,2
53637702,20,10,10,0,10,2,2,1,0,0,0,3,1,0,1,0,0,0,0,6,3,3,10,6,4,0,0,0,4,1,3,0,0,0
57180601,165,98,67,4,86,20,8,6,1,2,0,10,4,7,13,2,7,5,2,70,48,22,49,20,29,2,0,2,21,11,10,16,14,2
57089301,41,22,19,1,19,0,5,0,0,1,3,6,1,2,1,0,3,1,2,11,8,3,16,7,9,1,0,1,9,5,4,1,1,0
57089302,83,47,36,4,37,3,12,3,3,1,3,6,2,5,2,0,3,2,1,31,21,10,33,14,19,0,0,0,13,8,5,3,2,1
53640701,136,82,54,5,74,8,8,13,1,0,2,12,3,3,7,0,8,4,4,63,43,20,44,24,20,5,0,5,14,9,5,2,2,0
57103201,96,55,41,6,45,5,11,5,4,2,1,4,4,4,4,0,11,7,4,44,30,14,30,14,16,1,0,1,7,3,4,3,1,2
59824101,17,10,7,0,7,0,3,0,0,1,0,0,0,0,3,2,2,2,0,6,5,1,6,1,5,0,0,0,2,1,1,1,1,0
59824102,28,16,12,1,11,2,2,2,0,0,1,1,1,2,2,1,2,1,1,6,6,0,12,4,8,1,1,0,5,3,2,2,1,1
53643101,21,14,7,0,12,1,2,2,0,1,0,1,0,0,1,0,1,0,1,7,7,0,9,5,4,1,0,1,3,2,1,0,0,0
53643102,163,89,74,5,82,4,16,8,4,1,2,11,6,7,7,3,9,5,4,65,41,24,49,24,25,3,0,3,26,13,13,11,6,5
53644001,473,267,206,8,230,19,33,18,8,10,6,45,20,21,46,1,12,6,6,116,81,35,205,107,98,14,6,8,115,60,55,11,7,4
53644002,81,48,33,0,34,3,12,9,2,1,1,7,1,1,8,0,3,2,1,37,27,10,37,17,20,0,0,0,3,1,2,1,1,0
53645802,193,113,80,7,84,15,18,12,11,0,1,16,4,10,8,1,7,5,2,59,38,21,70,36,34,2,0,2,33,17,16,22,17,5
53645803,65,35,30,1,37,1,5,0,2,1,0,4,5,6,2,0,3,2,1,16,9,7,27,15,12,0,0,0,19,9,10,0,0,0
56558001,139,74,65,5,67,6,8,8,6,3,0,12,8,5,8,0,6,5,1,49,31,18,54,25,29,0,0,0,21,7,14,9,6,3
57075301,43,25,18,0,29,0,2,1,2,1,0,2,0,1,2,1,3,3,0,21,14,7,15,8,7,0,0,0,4,0,4,0,0,0
53649101,24,13,11,3,4,1,4,0,0,0,0,7,2,0,2,0,0,0,0,4,4,0,11,4,7,1,0,1,8,5,3,0,0,0
53649102,579,307,272,162,170,39,55,22,16,8,5,31,16,17,20,3,74,42,32,249,150,99,159,69,90,10,6,4,50,22,28,37,18,19
57092301,59,31,28,4,27,0,0,2,2,0,0,9,3,2,2,3,1,1,0,22,15,7,20,9,11,1,0,1,11,3,8,4,3,1
57193801,24,14,10,0,8,1,2,3,2,0,0,2,0,1,4,0,0,0,0,8,6,2,7,2,5,0,0,0,8,6,2,1,0,1
57193802,12,7,5,0,5,1,1,0,0,1,1,1,1,0,1,0,0,0,0,6,3,3,3,3,0,1,0,1,2,1,1,0,0,0
57193803,56,27,29,2,28,0,4,3,1,1,3,6,2,1,5,0,1,0,1,18,10,8,20,11,9,1,0,1,13,4,9,3,2,1
57193804,28,17,11,2,9,3,3,3,0,0,0,1,0,0,5,1,0,0,0,12,10,2,10,5,5,1,1,0,5,1,4,0,0,0
57193805,12,6,6,1,3,0,3,1,0,0,0,1,2,0,1,0,0,0,0,5,3,2,5,1,4,0,0,0,2,2,0,0,0,0
57193806,28,19,9,3,9,1,3,3,1,0,0,5,0,1,1,1,0,0,0,8,6,2,13,8,5,4,4,0,2,0,2,1,1,0
56565201,26,17,9,0,14,1,1,1,1,0,0,5,1,1,0,0,3,0,3,11,9,2,5,4,1,0,0,0,3,1,2,4,3,1
56563601,136,75,61,3,61,4,15,7,5,6,3,10,3,7,10,0,5,3,2,47,29,18,51,27,24,6,1,5,25,14,11,2,1,1
52960501,93,52,41,7,42,5,6,2,2,1,0,8,2,4,5,1,4,1,3,41,26,15,34,17,17,0,0,0,10,4,6,4,4,0
52960502,68,39,29,4,31,3,6,6,0,1,0,3,3,2,7,1,7,4,3,24,14,10,22,11,11,1,0,1,11,8,3,3,2,1
57114802,78,48,30,8,42,0,5,6,3,1,0,7,2,3,1,0,15,9,6,31,21,10,19,11,8,0,0,0,7,2,5,6,5,1
3266660,0,0,0,0,0,0,0,0,0,0,0,0,0,0,0,0,0,0,0,0,0,0,0,0,0,0,0,0,0,0,0,0,0,0
53658001,441,248,193,7,244,11,35,24,21,4,2,27,15,10,27,5,23,11,12,144,90,54,165,91,74,8,2,6,76,36,40,25,18,7
56566101,41,22,19,3,18,4,5,4,0,0,0,1,1,1,2,1,3,0,3,19,12,7,10,5,5,1,0,1,5,3,2,3,2,1
52959101,137,77,60,12,55,4,10,6,0,2,1,16,12,10,4,2,8,5,3,41,27,14,49,26,23,2,1,1,27,10,17,10,8,2
53661001,374,203,171,22,152,18,37,22,6,11,8,31,10,26,19,3,12,5,7,107,70,37,149,67,82,6,1,5,84,47,37,16,13,3
59957301,54,34,20,5,21,4,6,4,0,1,0,1,5,2,4,0,1,1,0,24,17,7,20,9,11,1,0,1,7,6,1,1,1,0
53663601,209,117,92,26,86,6,19,12,2,4,2,21,3,10,10,2,14,9,5,86,52,34,79,37,42,2,1,1,22,13,9,6,5,1
55703001,85,45,40,4,21,2,11,4,3,2,1,18,6,5,6,0,2,1,1,15,12,3,37,18,19,2,0,2,25,11,14,4,3,1
55703002,27,14,13,2,8,1,3,1,1,0,1,2,2,3,1,0,1,1,0,11,7,4,10,5,5,0,0,0,5,1,4,0,0,0
55703003,80,45,35,2,21,4,11,10,0,3,5,11,2,4,4,0,5,4,1,18,10,8,36,18,18,0,0,0,20,12,8,1,1,0
55703004,199,103,96,5,46,15,23,17,9,9,2,28,17,10,12,0,12,7,5,55,37,18,82,37,45,3,1,2,42,18,24,5,3,2
53665201,46,25,21,3,26,1,5,2,1,1,0,1,1,2,1,0,3,1,2,21,16,5,15,4,11,1,1,0,0,0,0,6,3,3
53665202,118,67,51,9,56,2,8,9,6,0,0,4,12,6,4,0,10,4,6,45,30,15,43,22,21,1,0,1,16,8,8,3,3,0
53665203,96,57,39,6,42,3,11,11,1,0,1,5,5,4,4,1,5,3,2,41,32,9,33,13,20,1,0,1,12,8,4,4,1,3
53665204,49,26,23,5,26,2,4,1,1,0,0,4,1,0,4,1,3,1,2,19,13,6,21,10,11,0,0,0,3,1,2,3,1,2
53665205,46,27,19,2,27,1,2,2,1,1,0,3,0,3,3,1,1,0,1,15,11,4,22,13,9,1,0,1,5,2,3,2,1,1
53666101,15,7,8,4,1,1,1,2,1,0,0,1,2,0,0,0,1,1,0,4,2,2,6,4,2,0,0,0,3,0,3,1,0,1
53666103,293,164,129,16,81,20,45,29,8,5,2,19,28,18,7,1,11,6,5,114,77,37,123,62,61,3,1,2,38,17,21,4,1,3
56553901,190,112,78,7,87,7,16,13,6,1,2,18,11,8,9,0,16,9,7,70,47,23,76,45,31,2,0,2,17,5,12,9,6,3
53670901,171,92,79,7,82,5,10,13,5,2,3,8,5,12,17,0,5,3,2,59,35,24,66,36,30,2,1,1,29,12,17,10,5,5
57188101,27,15,12,3,8,3,3,2,2,0,0,0,1,2,1,0,0,0,0,12,10,2,12,3,9,0,0,0,3,2,1,0,0,0
57188102,35,18,17,4,8,1,2,2,1,0,0,1,5,5,3,1,1,0,1,7,5,2,19,10,9,1,1,0,7,2,5,0,0,0
53671701,117,68,49,6,55,4,7,11,3,0,0,6,7,6,7,1,12,5,7,48,35,13,33,15,18,3,0,3,12,7,5,9,6,3
56592001,48,29,19,4,21,0,3,1,2,3,1,5,3,1,3,0,1,1,0,12,9,3,24,11,13,0,0,0,9,6,3,2,2,0
53676801,42,26,16,1,18,1,9,3,4,1,0,2,2,1,0,0,1,0,1,18,15,3,16,8,8,1,0,1,4,2,2,2,1,1
53676802,180,102,78,6,89,13,17,10,7,1,2,12,7,4,7,1,10,7,3,77,50,27,62,31,31,2,0,2,22,10,12,7,4,3
57098201,43,23,20,3,7,6,8,2,0,2,0,9,4,1,1,0,3,1,2,13,10,3,14,5,9,3,0,3,9,7,2,1,0,1
57098202,193,113,80,5,49,17,32,18,13,4,7,12,8,10,13,1,9,5,4,66,46,20,80,41,39,4,2,2,25,13,12,9,6,3
57076101,59,35,24,2,35,2,1,3,0,2,1,1,1,4,2,1,0,0,0,32,20,12,18,8,10,0,0,0,8,6,2,1,1,0
53685701,46,26,20,4,20,1,7,2,2,0,1,1,1,1,3,2,6,4,2,17,12,5,20,8,12,1,0,1,1,1,0,1,1,0
53685704,102,54,48,10,42,5,6,9,4,1,1,8,4,4,3,2,2,0,2,54,31,23,33,17,16,0,0,0,6,3,3,7,3,4
53685705,50,29,21,5,23,4,5,0,1,0,0,3,1,0,7,0,5,4,1,20,15,5,15,7,8,0,0,0,3,1,2,7,2,5
53685706,15,6,9,1,5,0,2,0,1,2,1,2,0,0,1,0,0,0,0,7,3,4,5,2,3,0,0,0,2,1,1,1,0,1
56572501,62,34,28,3,25,5,6,2,4,1,0,9,3,3,0,1,7,5,2,30,19,11,15,6,9,0,0,0,9,3,6,1,1,0
56562801,150,81,69,5,75,7,9,9,3,4,1,13,7,7,6,1,5,2,3,46,32,14,57,29,28,2,1,1,34,13,21,6,4,2
57084201,127,70,57,1,66,3,12,7,5,0,0,14,4,6,5,1,11,4,7,49,35,14,38,17,21,1,1,0,12,5,7,16,8,8
56557102,228,131,97,5,114,8,24,8,7,4,2,15,10,9,17,0,12,7,5,97,63,34,74,39,35,4,1,3,32,16,16,9,5,4
57202101,71,41,30,9,38,2,3,5,3,0,0,6,1,1,3,0,7,5,2,29,17,12,18,7,11,1,1,0,3,2,1,13,9,4
53693801,162,89,73,7,60,10,17,11,6,5,1,10,14,7,10,0,10,5,5,56,36,20,60,28,32,5,2,3,25,13,12,6,5,1
53693802,195,106,89,9,68,10,33,10,6,3,2,11,10,8,20,1,7,5,2,72,43,29,78,40,38,4,2,2,22,8,14,12,8,4
57181401,328,185,143,10,127,24,44,25,7,12,2,23,17,10,18,2,25,11,14,118,82,36,117,62,55,15,3,12,42,22,20,11,5,6
53697101,15,9,6,1,6,1,1,0,3,0,0,0,0,0,2,0,0,0,0,10,6,4,2,1,1,0,0,0,2,1,1,1,1,0
53697102,30,15,15,2,12,2,5,1,2,0,0,1,1,0,2,1,0,0,0,14,6,8,8,5,3,0,0,0,7,4,3,1,0,1
53697103,396,211,185,15,167,20,42,19,11,8,7,34,16,17,32,2,7,3,4,129,82,47,166,80,86,10,2,8,72,36,36,12,8,4
53697104,15,9,6,0,6,1,3,0,1,0,0,1,0,1,2,0,0,0,0,5,3,2,9,6,3,0,0,0,1,0,1,0,0,0
53697105,38,23,15,1,14,0,5,2,1,2,1,3,1,1,4,1,1,0,1,17,11,6,10,6,4,1,1,0,8,4,4,1,1,0
53697106,147,80,67,7,61,3,19,7,11,2,1,10,4,10,8,1,8,5,3,59,36,23,51,25,26,2,0,2,22,11,11,5,3,2
53697107,91,50,41,7,34,9,6,4,3,3,0,6,5,6,5,1,4,1,3,36,23,13,28,15,13,0,0,0,16,6,10,7,5,2
53698901,201,116,85,9,111,6,19,13,6,4,1,8,7,9,7,0,12,6,6,95,63,32,66,38,28,2,0,2,18,5,13,8,4,4
53699701,199,109,90,7,96,9,22,6,7,1,2,10,5,15,16,0,10,9,1,70,45,25,74,35,39,3,1,2,37,15,22,5,4,1
53702101,223,126,97,15,83,12,29,18,9,1,4,9,8,11,20,1,15,4,11,105,66,39,68,38,30,7,2,5,12,7,5,16,9,7
53702102,35,21,14,3,10,4,2,5,1,1,0,0,2,5,2,0,4,4,0,16,10,6,8,3,5,1,1,0,5,2,3,1,1,0
53702103,21,12,9,3,4,1,4,2,1,0,1,0,2,1,2,0,3,1,2,11,8,3,6,3,3,1,0,1,0,0,0,0,0,0
53702104,110,61,49,14,31,4,9,14,3,0,1,8,4,9,8,1,11,5,6,40,26,14,41,18,23,1,1,0,10,7,3,7,4,3
53702105,25,14,11,0,5,3,1,4,0,0,0,2,3,2,5,0,1,0,1,9,8,1,9,4,5,1,0,1,5,2,3,0,0,0
53703901,323,168,155,12,101,26,37,38,11,7,1,18,18,17,23,5,23,11,12,130,81,49,106,51,55,6,1,5,39,15,24,19,9,10
53703902,101,58,43,4,31,9,18,4,1,4,2,9,4,6,6,1,6,2,4,40,29,11,37,15,22,0,0,0,15,9,6,3,3,0
53704701,204,118,86,8,44,18,39,29,1,4,1,17,9,12,12,1,9,4,5,67,49,18,82,42,40,7,3,4,26,11,15,13,9,4
53705501,195,108,87,2,49,24,35,13,7,3,1,18,11,12,10,2,13,4,9,74,52,22,64,27,37,2,1,1,34,17,17,8,7,1
53705502,49,26,23,1,14,2,7,8,1,0,0,6,5,2,2,0,3,1,2,22,15,7,17,6,11,0,0,0,5,2,3,2,2,0
53705503,81,44,37,5,28,4,7,10,3,0,1,6,8,3,3,1,8,3,5,39,25,14,17,8,9,2,1,1,15,7,8,0,0,0
59967101,108,64,44,6,36,14,12,9,4,0,1,4,9,3,7,0,10,7,3,56,39,17,28,14,14,2,1,1,9,3,6,3,0,3
53708001,255,150,105,33,84,17,31,16,5,3,2,11,11,12,23,2,27,19,8,110,68,42,83,46,37,1,0,1,20,9,11,14,8,6
53709801,94,50,44,3,19,3,11,8,8,3,1,3,14,7,9,1,4,3,1,37,21,16,33,17,16,1,0,1,18,8,10,1,1,0
53710101,51,27,24,6,7,4,7,9,2,3,0,6,1,3,0,1,0,0,0,20,12,8,18,9,9,1,0,1,4,1,3,8,5,3
53710102,69,36,33,4,15,7,5,6,4,1,4,2,2,7,7,1,4,2,2,25,16,9,23,10,13,0,0,0,16,7,9,1,1,0
53711001,185,105,80,9,55,12,27,8,4,5,3,17,17,8,15,1,14,11,3,63,40,23,70,35,35,1,0,1,28,12,16,9,7,2
53711003,90,56,34,5,28,9,10,14,5,2,1,4,4,3,4,0,4,4,0,45,30,15,29,14,15,0,0,0,10,7,3,2,1,1
53712801,34,18,16,8,13,1,0,1,1,0,0,1,2,3,4,0,1,1,0,10,7,3,9,2,7,1,0,1,10,6,4,3,2,1
53712802,322,182,140,16,103,32,29,20,2,13,4,30,21,25,18,2,23,14,9,129,83,46,101,45,56,4,2,2,47,25,22,18,13,5
53712803,39,25,14,1,12,3,2,5,3,2,1,3,2,2,1,1,4,1,3,15,11,4,11,8,3,1,0,1,6,3,3,2,2,0
53485401,75,43,32,3,15,8,5,9,1,2,5,5,8,6,6,0,3,2,1,32,19,13,24,14,10,0,0,0,13,6,7,3,2,1
53715201,412,220,192,20,140,24,45,21,4,8,6,30,22,32,47,2,15,9,6,124,79,45,172,82,90,12,5,7,76,38,38,13,7,6
53716101,131,79,52,13,35,13,12,13,6,3,0,12,6,7,5,0,2,1,1,55,41,14,59,28,31,4,2,2,7,4,3,4,3,1
53717901,288,156,132,15,65,23,31,12,7,20,14,40,24,15,13,0,11,4,7,76,55,21,121,62,59,8,2,6,62,29,33,10,4,6
53717902,153,86,67,9,28,8,14,6,9,9,3,25,4,11,17,0,2,2,0,36,23,13,59,31,28,0,0,0,55,29,26,1,1,0
59963801,315,171,144,26,90,14,47,31,9,7,5,31,8,22,20,0,6,5,1,137,79,58,117,64,53,11,3,8,34,14,20,10,6,4
59962001,19,10,9,2,7,0,1,0,0,0,0,3,1,2,1,0,0,0,0,4,3,1,10,5,5,1,1,0,4,1,3,0,0,0
59962002,212,117,95,16,72,16,26,16,6,5,5,12,10,5,16,0,20,11,9,90,58,32,68,32,36,5,3,2,20,8,12,9,5,4
53721701,22,10,12,3,2,0,4,1,2,1,1,4,1,2,0,0,0,0,0,4,2,2,11,5,6,2,1,1,5,2,3,0,0,0
53721702,186,104,82,4,51,22,17,16,8,4,1,14,16,15,10,0,7,4,3,65,43,22,68,36,32,3,1,2,37,15,22,6,5,1
53722501,17,12,5,7,4,1,0,0,0,1,0,1,1,1,0,0,0,0,0,7,4,3,8,7,1,0,0,0,1,0,1,1,1,0
53722502,93,55,38,16,28,3,14,6,3,1,0,6,4,2,7,0,7,5,2,36,25,11,36,16,20,3,2,1,6,3,3,5,4,1
53722503,11,3,8,2,2,0,1,0,0,0,0,1,0,0,2,0,2,0,2,5,2,3,1,0,1,0,0,0,2,1,1,1,0,1
53722504,6,4,2,0,1,0,2,1,0,0,0,2,0,0,0,0,1,0,1,2,2,0,3,2,1,0,0,0,0,0,0,0,0,0
53722505,43,27,16,10,9,2,8,2,1,1,0,2,1,1,3,1,3,1,2,17,14,3,18,9,9,0,0,0,5,3,2,0,0,0
53723301,273,157,116,8,65,29,31,30,7,16,6,27,10,10,21,2,17,8,9,99,68,31,113,63,50,7,1,6,31,13,18,6,4,2
53470601,84,49,35,16,23,3,8,9,3,1,0,4,4,7,1,1,4,4,0,43,27,16,22,10,12,3,2,1,10,4,6,2,2,0
53470602,9,6,3,1,2,1,1,1,0,0,0,1,1,0,1,0,0,0,0,5,4,1,4,2,2,0,0,0,0,0,0,0,0,0
53725001,151,86,65,20,46,8,12,14,2,2,2,12,11,5,9,2,14,5,9,61,43,18,48,23,25,3,1,2,20,10,10,5,4,1
59958101,405,326,79,4,94,14,33,19,15,4,7,27,148,9,13,10,64,62,2,155,144,11,134,90,44,7,2,5,41,26,15,4,2,2
53726801,81,44,37,6,21,9,9,9,2,1,1,5,5,6,3,0,4,2,2,30,19,11,28,14,14,0,0,0,15,6,9,4,3,1
53726802,116,68,48,4,38,6,19,10,2,4,4,14,2,5,8,0,5,2,3,46,31,15,42,23,19,0,0,0,19,10,9,4,2,2
53727601,264,145,119,18,88,25,27,18,8,7,2,17,21,10,13,6,22,8,14,109,71,38,91,44,47,2,0,2,22,10,12,18,12,6
53729201,33,20,13,11,7,2,3,0,0,0,0,1,0,6,1,1,3,2,1,9,6,3,15,11,4,0,0,0,6,1,5,0,0,0
53729202,191,108,83,28,53,16,25,12,5,0,0,13,7,7,20,1,10,5,5,92,63,29,66,32,34,5,2,3,15,4,11,3,2,1
53729203,26,13,13,3,9,0,4,1,0,2,1,3,1,1,1,0,0,0,0,9,4,5,14,8,6,1,0,1,2,1,1,0,0,0
55148102,18,10,8,5,2,0,1,2,2,0,0,1,1,3,0,0,0,0,0,9,7,2,5,2,3,0,0,0,2,0,2,2,1,1
55148103,69,40,29,8,14,9,7,7,2,0,0,3,7,5,7,0,2,0,2,31,20,11,27,17,10,0,0,0,8,3,5,1,0,1
53730601,37,21,16,2,12,2,4,3,2,0,0,9,0,2,1,0,2,1,1,15,12,3,14,5,9,0,0,0,5,2,3,1,1,0
53731401,436,247,189,18,124,29,51,35,11,13,9,39,33,27,28,2,23,14,9,148,98,50,158,84,74,11,6,5,77,33,44,19,12,7
52963001,111,68,43,5,33,11,15,7,4,2,3,11,3,7,6,1,1,0,1,39,28,11,50,26,24,1,0,1,17,11,6,3,3,0
52963002,55,30,25,2,10,5,9,5,0,4,1,4,3,7,2,0,1,0,1,24,15,9,21,10,11,2,1,1,6,3,3,1,1,0
53733101,84,53,31,11,21,4,8,7,2,5,2,6,4,7,3,0,3,2,1,44,30,14,21,13,8,4,1,3,12,7,5,0,0,0
53733102,34,16,18,6,10,0,2,1,2,0,0,3,5,3,1,0,2,2,0,13,7,6,13,5,8,0,0,0,6,2,4,0,0,0
53733103,728,383,345,42,175,46,86,76,21,33,17,58,48,50,47,2,29,13,16,220,146,74,311,146,165,20,4,16,124,56,68,24,18,6
53733104,55,35,20,10,18,3,4,4,0,0,1,5,2,3,5,0,1,1,0,23,20,3,17,6,11,1,1,0,10,5,5,3,2,1
53733105,52,30,22,3,11,3,7,4,2,0,3,8,5,2,1,1,1,0,1,23,19,4,22,7,15,0,0,0,5,3,2,1,1,0
53734901,40,28,12,3,15,2,6,2,2,0,0,2,3,3,2,0,2,1,1,17,16,1,10,6,4,1,0,1,3,1,2,7,4,3
53734903,93,51,42,6,28,3,12,5,2,1,0,5,7,8,12,3,5,2,3,42,26,16,32,14,18,0,0,0,7,3,4,7,6,1
53734905,34,21,13,5,12,0,3,3,0,0,0,4,2,2,3,0,1,1,0,14,10,4,10,4,6,1,0,1,4,3,1,4,3,1
53735701,792,433,359,16,139,78,137,55,26,51,32,98,39,52,34,4,33,9,24,232,153,79,301,163,138,17,7,10,192,88,104,17,13,4
53494301,173,99,74,5,36,22,23,17,8,4,2,8,9,18,12,0,13,10,3,69,45,24,54,28,26,4,3,1,26,10,16,7,3,4
53737301,162,85,77,5,53,16,18,10,8,4,2,15,9,9,9,0,10,6,4,51,29,22,55,25,30,4,1,3,29,17,12,13,7,6
53737302,289,150,139,10,86,22,39,18,12,10,5,22,12,11,22,2,25,16,9,120,70,50,94,40,54,5,2,3,37,18,19,8,4,4
53739001,383,229,154,18,158,20,42,26,11,8,5,15,24,21,20,3,22,16,6,160,109,51,151,80,71,5,3,2,34,14,20,11,7,4
53740301,197,111,86,7,58,15,20,17,7,4,7,17,11,15,9,0,10,5,5,69,43,26,74,42,32,4,1,3,30,12,18,10,8,2
53741101,28,17,11,1,8,3,3,4,0,0,1,3,1,0,2,0,1,1,0,13,10,3,9,3,6,0,0,0,4,3,1,1,0,1
53741102,453,237,216,23,181,16,52,33,10,13,4,22,30,26,28,3,28,12,16,176,110,66,179,79,100,11,5,6,40,20,20,19,11,8
53741103,63,34,29,1,27,2,12,3,4,0,1,1,4,4,2,1,6,2,4,31,19,12,18,7,11,1,1,0,5,4,1,2,1,1
53741104,40,22,18,4,10,0,5,6,1,0,0,2,3,2,1,1,3,3,0,17,8,9,14,9,5,1,0,1,5,2,3,0,0,0
53741105,25,13,12,1,10,4,1,1,2,0,0,2,1,0,3,0,3,1,2,8,6,2,8,3,5,0,0,0,6,3,3,0,0,0
53741106,42,22,20,5,15,0,5,1,1,2,0,5,1,6,1,0,1,0,1,14,11,3,18,7,11,1,0,1,8,4,4,0,0,0
53743801,577,318,259,12,181,34,70,62,8,12,15,41,47,38,40,2,25,14,11,188,124,64,219,112,107,15,4,11,106,45,61,24,19,5
53744601,439,245,194,16,150,21,57,28,16,13,7,39,27,21,25,0,19,8,11,128,88,40,188,95,93,7,0,7,84,47,37,13,7,6
53744602,212,120,92,10,66,15,30,17,6,6,3,23,10,8,8,0,10,8,2,70,48,22,86,42,44,4,2,2,36,16,20,6,4,2
53744603,37,21,16,3,9,3,4,2,1,2,0,2,3,2,2,0,3,1,2,9,5,4,14,10,4,3,1,2,7,3,4,1,1,0
0895670,0,0,0,0,0,0,0,0,0,0,0,0,0,0,0,0,0,0,0,0,0,0,0,0,0,0,0,0,0,0,0,0,0,0
0896052,0,0,0,0,0,0,0,0,0,0,0,0,0,0,0,0,0,0,0,0,0,0,0,0,0,0,0,0,0,0,0,0,0,0
0896300,0,0,0,0,0,0,0,0,0,0,0,0,0,0,0,0,0,0,0,0,0,0,0,0,0,0,0,0,0,0,0,0,0,0
3252950,0,0,0,0,0,0,0,0,0,0,0,0,0,0,0,0,0,0,0,0,0,0,0,0,0,0,0,0,0,0,0,0,0,0
53745401,842,466,376,73,170,46,95,63,16,26,27,92,74,67,55,3,24,15,9,249,160,89,311,154,157,12,8,4,222,113,109,24,16,8
53745402,16,10,6,1,5,1,2,1,1,0,0,1,0,1,0,0,0,0,0,4,2,2,7,6,1,0,0,0,3,1,2,2,1,1
53745403,91,54,37,10,18,7,10,4,4,3,1,7,5,6,7,1,13,9,4,22,13,9,34,20,14,3,1,2,17,10,7,2,1,1
53745406,53,31,22,8,11,6,4,2,3,1,0,2,6,2,3,0,2,1,1,17,13,4,20,10,10,2,1,1,10,5,5,2,1,1
53745408,128,70,58,3,20,7,16,7,1,10,5,11,17,15,11,1,4,3,1,23,21,2,35,14,21,0,0,0,66,32,34,0,0,0
53745409,970,492,478,18,206,59,91,63,25,49,37,102,79,113,68,3,39,19,20,251,151,100,334,163,171,33,7,26,288,139,149,25,13,12
53745410,611,315,296,13,133,34,67,57,22,26,18,58,62,50,44,1,35,23,12,145,77,68,254,128,126,19,6,13,129,62,67,29,19,10
53745411,587,319,268,10,101,24,59,35,24,64,29,71,49,65,36,1,18,11,7,88,53,35,189,109,80,19,7,12,257,134,123,16,5,11
53745412,747,397,350,11,148,31,105,51,24,29,32,106,62,54,58,2,29,17,12,174,114,60,314,149,165,10,0,10,205,110,95,15,7,8
53745413,25,15,10,2,7,5,1,3,0,0,0,2,1,1,3,0,5,2,3,9,5,4,6,4,2,0,0,0,1,0,1,4,4,0
53745414,534,288,246,12,102,29,90,38,19,25,14,62,34,53,35,4,35,16,19,135,88,47,166,80,86,11,6,5,139,68,71,48,30,18
53745415,341,189,152,8,60,19,31,23,14,26,24,45,22,26,19,1,11,9,2,51,34,17,132,62,70,8,5,3,131,73,58,8,6,2
53746201,185,107,78,23,69,6,13,7,11,6,2,14,6,10,8,4,12,10,2,73,41,32,64,34,30,4,3,1,23,12,11,9,7,2
53748901,1265,698,567,94,301,105,179,99,25,35,9,72,64,95,154,8,83,39,44,468,324,144,488,224,264,22,5,17,150,66,84,54,40,14
53748902,28,17,11,4,7,5,3,2,1,0,0,1,0,1,4,0,1,1,0,18,13,5,2,1,1,1,0,1,3,1,2,3,1,2
53748904,46,28,18,3,16,2,7,4,2,0,2,4,1,1,2,0,4,2,2,19,15,4,12,8,4,2,0,2,6,2,4,3,1,2
53749701,145,80,65,5,49,8,24,12,1,1,3,14,8,7,8,1,7,2,5,51,30,21,51,29,22,2,0,2,25,14,11,9,5,4
53750101,195,112,83,13,40,10,22,21,6,7,3,14,26,7,13,1,22,11,11,61,41,20,65,36,29,4,1,3,41,21,20,2,2,0
53750102,1622,835,787,32,395,100,182,153,66,55,44,181,148,104,98,4,113,62,51,515,306,209,663,298,365,26,14,12,260,134,126,45,21,24
53750103,175,98,77,2,61,12,28,19,1,5,5,13,11,6,6,1,11,5,6,61,42,19,83,38,45,1,1,0,14,8,6,5,4,1
53750104,3675,1963,1712,60,1029,161,508,339,144,128,78,335,398,182,193,15,305,179,126,1055,626,429,1390,696,694,90,36,54,632,299,333,203,127,76
53750105,1316,727,589,13,302,73,211,121,36,53,43,144,100,83,69,8,83,46,37,338,215,123,487,251,236,39,14,25,263,130,133,106,71,35
53491901,131,75,56,15,37,17,18,9,4,2,2,7,7,2,3,0,6,3,3,70,42,28,43,24,19,1,0,1,6,3,3,5,3,2
59965401,45,30,15,2,11,4,8,5,1,1,0,2,3,1,5,0,4,3,1,19,16,3,16,7,9,0,0,0,5,3,2,1,1,0
1083750,0,0,0,0,0,0,0,0,0,0,0,0,0,0,0,0,0,0,0,0,0,0,0,0,0,0,0,0,0,0,0,0,0,0
3077690,0,0,0,0,0,0,0,0,0,0,0,0,0,0,0,0,0,0,0,0,0,0,0,0,0,0,0,0,0,0,0,0,0,0
3197830,0,0,0,0,0,0,0,0,0,0,0,0,0,0,0,0,0,0,0,0,0,0,0,0,0,0,0,0,0,0,0,0,0,0
3335810,0,0,0,0,0,0,0,0,0,0,0,0,0,0,0,0,0,0,0,0,0,0,0,0,0,0,0,0,0,0,0,0,0,0
53700401,304,155,149,5,65,19,41,22,8,8,8,34,36,27,24,1,12,7,5,103,63,40,122,55,67,4,1,3,52,21,31,11,8,3
53700402,128,73,55,0,21,2,24,2,2,20,7,25,3,8,8,0,1,1,0,8,4,4,50,28,22,6,3,3,62,36,26,1,1,0
53700406,711,375,336,9,185,37,64,53,25,26,16,72,64,66,54,5,64,34,30,170,102,68,268,126,142,27,13,14,157,81,76,25,19,6
53700407,76,41,35,1,13,5,5,7,0,9,7,6,3,6,9,0,1,0,1,10,7,3,25,13,12,3,1,2,37,20,17,0,0,0
53700408,773,386,387,9,211,28,99,78,33,23,10,64,52,64,70,1,33,14,19,265,151,114,319,144,175,20,6,14,111,57,54,25,14,11
53700409,916,484,432,14,230,46,81,61,33,38,19,104,65,84,91,4,46,24,22,195,130,65,365,166,199,17,7,10,272,143,129,21,14,7
53700410,575,308,267,6,134,21,67,37,12,28,13,68,54,57,59,1,24,8,16,133,87,46,234,120,114,16,4,12,153,77,76,15,12,3
53700411,671,385,286,10,195,35,85,26,22,19,14,80,46,40,49,8,61,32,29,202,113,89,205,119,86,8,5,3,116,53,63,79,63,16
53700412,32,14,18,0,15,3,3,1,1,0,0,2,4,0,1,0,3,0,3,11,6,5,8,2,6,0,0,0,5,3,2,5,3,2
53700413,500,277,223,3,118,24,46,39,18,24,15,49,31,54,42,2,18,14,4,120,77,43,206,113,93,9,4,5,136,64,72,11,5,6
53700414,448,237,211,9,111,12,49,36,10,22,13,45,54,46,27,1,23,11,12,115,70,45,165,87,78,8,2,6,122,60,62,15,7,8
53700415,671,338,333,9,179,27,80,57,19,25,8,61,50,64,58,4,41,20,21,189,106,83,255,117,138,21,9,12,136,68,68,29,18,11
53700418,16,8,8,0,5,2,0,2,3,0,0,2,0,1,1,0,2,1,1,6,4,2,7,3,4,0,0,0,1,0,1,0,0,0
53700419,40,34,6,0,25,5,2,0,1,0,0,4,0,0,1,2,2,1,1,13,10,3,13,12,1,3,3,0,3,2,1,6,6,0
53700420,125,69,56,2,29,9,20,9,3,5,4,12,9,10,11,1,0,0,0,45,29,16,54,31,23,3,1,2,22,7,15,1,1,0
53700421,1455,742,713,19,430,68,179,128,43,48,31,154,80,96,112,6,78,34,44,497,278,219,568,282,286,44,22,22,195,84,111,73,42,31
53755101,173,103,70,7,52,16,24,19,9,2,2,5,14,8,12,1,10,2,8,71,52,19,57,32,25,3,2,1,24,9,15,8,6,2
53756001,73,43,30,3,31,1,16,2,4,3,1,1,3,3,2,0,2,1,1,45,28,17,20,10,10,1,0,1,3,3,0,2,1,1
53756002,20,13,7,2,8,1,2,1,1,0,0,2,0,1,0,1,2,1,1,8,7,1,7,4,3,0,0,0,2,0,2,1,1,0
53757801,206,115,91,13,57,18,23,12,7,4,8,14,14,12,19,2,8,2,6,89,60,29,66,32,34,1,0,1,32,14,18,10,7,3
53758601,102,55,47,4,20,9,14,17,4,1,4,6,2,7,11,1,7,5,2,38,28,10,45,19,26,1,0,1,9,3,6,2,0,2
53758602,94,53,41,3,24,7,11,12,5,0,0,8,5,5,9,1,8,5,3,31,22,9,39,20,19,1,0,1,7,2,5,8,4,4
53758603,207,113,94,11,64,14,22,19,12,1,1,15,21,12,10,1,10,8,2,81,53,28,69,36,33,9,3,6,28,9,19,10,4,6
53758604,38,21,17,3,7,5,5,2,4,2,0,4,0,1,4,0,3,2,1,17,11,6,9,3,6,0,0,0,8,4,4,1,1,0
59966201,68,33,35,4,13,4,3,4,2,1,4,8,6,3,13,1,4,2,2,18,8,10,25,15,10,2,1,1,16,6,10,3,1,2
59966202,10,6,4,0,1,2,1,0,2,0,0,1,0,1,2,0,0,0,0,5,3,2,2,2,0,0,0,0,1,0,1,2,1,1
53761601,266,153,113,20,72,26,36,30,3,2,3,11,24,10,19,1,17,13,4,115,76,39,88,43,45,5,1,4,32,13,19,9,7,2
53762401,272,146,126,32,53,24,33,17,8,6,6,30,21,17,16,0,14,6,8,97,68,29,101,47,54,9,3,6,44,17,27,7,5,2
53762402,9,6,3,0,2,0,1,1,0,0,0,2,0,1,0,0,0,0,0,3,1,2,5,4,1,0,0,0,0,0,0,1,1,0
53762403,37,22,15,1,5,4,3,3,2,0,2,1,10,1,3,0,2,2,0,9,5,4,16,8,8,0,0,0,8,5,3,2,2,0
53763201,379,209,170,12,76,45,51,24,9,10,9,40,20,29,34,5,8,3,5,129,81,48,150,80,70,7,2,5,73,35,38,12,8,4
53765901,263,140,123,11,73,17,38,21,11,7,2,23,13,16,23,1,15,5,10,104,71,33,96,46,50,7,2,5,31,10,21,10,6,4
53766701,197,106,91,1,62,19,22,12,5,9,2,21,14,13,13,0,7,5,2,65,40,25,87,42,45,3,2,1,28,13,15,7,4,3
1235950,0,0,0,0,0,0,0,0,0,0,0,0,0,0,0,0,0,0,0,0,0,0,0,0,0,0,0,0,0,0,0,0,0,0
1236090,0,0,0,0,0,0,0,0,0,0,0,0,0,0,0,0,0,0,0,0,0,0,0,0,0,0,0,0,0,0,0,0,0,0
1236170,0,0,0,0,0,0,0,0,0,0,0,0,0,0,0,0,0,0,0,0,0,0,0,0,0,0,0,0,0,0,0,0,0,0
53768301,347,189,158,9,78,28,37,22,16,13,7,37,24,36,24,1,12,6,6,89,56,33,136,69,67,10,6,4,92,46,46,8,6,2
53768302,223,118,105,10,48,27,22,15,12,3,4,29,9,25,14,1,5,3,2,44,26,18,104,53,51,3,0,3,63,34,29,4,2,2
53768303,442,244,198,6,112,32,48,28,13,18,22,52,16,36,40,1,13,8,5,112,80,32,193,94,99,10,4,6,96,49,47,18,9,9
53768304,153,85,68,7,42,7,14,11,8,7,2,11,11,18,8,1,6,3,3,48,26,22,55,35,20,4,2,2,39,18,21,1,1,0
53768306,1800,918,882,21,399,109,246,107,94,52,49,184,122,180,143,9,71,40,31,472,278,194,707,336,371,53,19,34,445,211,234,52,34,18
53768307,327,178,149,3,81,23,46,16,28,15,5,33,6,22,24,2,19,10,9,91,52,39,128,66,62,9,4,5,68,37,31,12,9,3
53768308,294,158,136,9,56,20,51,12,31,9,8,27,6,31,16,0,11,7,4,69,43,26,109,62,47,6,2,4,89,37,52,10,7,3
53768309,593,320,273,8,135,39,92,28,29,21,23,55,31,56,44,7,30,16,14,129,77,52,228,118,110,13,7,6,177,93,84,16,9,7
53768311,262,138,124,3,51,28,23,16,8,13,6,43,13,30,22,0,7,5,2,39,23,16,87,42,45,6,2,4,120,64,56,3,2,1
53768312,29,15,14,4,7,3,2,1,1,1,3,2,0,1,1,0,2,1,1,5,4,1,11,4,7,0,0,0,9,5,4,2,1,1
53768314,124,90,34,2,28,8,26,8,10,5,1,19,1,5,7,2,10,8,2,35,23,12,32,22,10,0,0,0,14,7,7,33,30,3
53768315,104,55,49,2,17,7,18,6,2,4,3,11,7,10,8,0,11,5,6,9,3,6,43,25,18,5,2,3,34,18,16,2,2,0
53768316,1250,643,607,16,223,69,155,82,90,56,19,121,72,140,150,3,62,31,31,272,167,105,479,241,238,43,14,29,352,164,188,42,26,16
53768317,761,407,354,6,121,34,103,40,59,40,29,95,53,72,51,8,24,10,14,144,94,50,277,134,143,27,14,13,259,137,122,30,18,12
53768318,21,12,9,0,4,1,3,2,1,0,0,1,2,5,2,0,1,1,0,9,6,3,6,4,2,0,0,0,5,1,4,0,0,0
53768319,432,237,195,6,103,22,40,18,24,23,14,64,27,34,33,4,18,11,7,48,32,16,147,78,69,16,8,8,186,98,88,17,10,7
59959001,93,50,43,7,23,8,10,4,10,3,0,10,5,3,6,0,7,3,4,38,24,14,27,13,14,2,0,2,15,8,7,4,2,2
53772101,649,350,299,84,133,43,100,43,10,25,8,44,41,53,29,2,26,13,13,235,142,93,221,117,104,15,6,9,132,59,73,20,13,7
53775601,11,6,5,0,7,0,2,1,0,0,0,0,1,0,0,0,2,1,1,7,3,4,2,2,0,0,0,0,0,0,0,0,0,0
53775602,14,3,11,1,5,0,1,0,0,0,0,1,1,1,3,0,2,0,2,3,1,2,8,2,6,0,0,0,1,0,1,0,0,0
53775603,29,18,11,3,10,4,2,1,0,0,0,0,4,2,1,1,1,1,0,15,11,4,7,3,4,1,0,1,3,2,1,2,1,1
53775604,25,13,12,4,8,0,1,1,1,0,1,6,1,0,2,0,4,1,3,6,3,3,10,5,5,0,0,0,2,1,1,3,3,0
53775605,552,297,255,36,204,31,45,45,19,5,4,27,25,35,61,4,41,17,24,240,151,89,181,83,98,4,0,4,39,17,22,47,29,18
53775606,71,44,27,3,27,7,5,5,3,1,3,5,3,3,5,0,4,1,3,22,16,6,25,16,9,1,0,1,10,5,5,9,6,3
53775608,36,26,10,6,13,3,3,1,0,0,0,2,4,2,2,0,6,5,1,12,9,3,10,7,3,0,0,0,3,1,2,5,4,1
53776401,42,25,17,0,7,1,4,6,4,0,1,8,4,1,4,0,2,1,1,10,9,1,17,11,6,0,0,0,12,4,8,1,0,1
53776402,1573,858,715,27,484,110,222,131,53,40,41,106,95,121,71,9,91,49,42,564,362,202,606,294,312,31,12,19,233,106,127,48,35,13
53777201,273,161,112,9,83,28,37,25,8,5,7,17,16,11,18,3,15,9,6,115,80,35,104,50,54,8,3,5,25,13,12,6,6,0
53475701,106,62,44,13,37,6,11,7,3,2,2,4,8,1,10,0,7,4,3,44,28,16,41,24,17,1,0,1,11,4,7,2,2,0
53778101,5,1,4,0,1,0,0,1,0,0,1,1,0,0,0,0,1,0,1,0,0,0,3,0,3,0,0,0,1,1,0,0,0,0
53778102,735,403,332,322,81,35,82,45,10,9,7,48,27,30,21,2,40,25,15,277,171,106,224,110,114,19,7,12,97,41,56,78,49,29
53779901,105,56,49,12,26,7,23,7,2,0,2,5,6,5,7,0,9,5,4,38,28,10,37,16,21,1,0,1,16,5,11,4,2,2
53780201,32,18,14,9,7,2,2,0,1,0,2,5,2,0,2,0,1,1,0,17,11,6,10,5,5,1,1,0,3,0,3,0,0,0
53780202,147,84,63,16,30,13,25,12,2,6,1,6,13,8,12,2,5,4,1,64,41,23,56,27,29,2,0,2,11,8,3,9,4,5
53780203,55,29,26,6,16,3,8,4,3,1,0,4,3,2,3,0,2,1,1,33,22,11,16,5,11,2,0,2,2,1,1,0,0,0
53781101,545,299,246,20,146,63,68,34,38,11,4,35,35,37,27,2,22,12,10,225,154,71,202,90,112,8,2,6,69,28,41,19,13,6
53783701,41,22,19,2,3,1,7,4,3,4,1,8,2,0,5,0,0,0,0,5,3,2,23,12,11,0,0,0,13,7,6,0,0,0
53783702,448,227,221,161,85,24,30,21,5,12,4,24,25,17,18,2,19,10,9,205,112,93,143,66,77,9,3,6,49,23,26,23,13,10
53488901,107,62,45,8,22,9,21,7,6,7,1,8,8,2,2,2,9,6,3,38,22,16,39,22,17,3,1,2,13,9,4,5,2,3
53785301,279,167,112,24,84,14,45,17,8,4,6,20,23,16,9,1,20,16,4,119,77,42,91,45,46,4,1,3,23,12,11,22,16,6
53786101,340,181,159,33,63,16,47,37,8,15,8,26,45,19,15,1,21,13,8,87,53,34,146,73,73,7,1,6,59,30,29,20,11,9
53789601,634,388,246,16,265,43,66,48,14,18,12,61,26,19,27,2,32,16,16,182,116,66,206,107,99,36,26,10,134,95,39,44,28,16
53790002,157,92,65,9,52,14,23,13,3,3,2,8,6,9,10,1,15,7,8,56,45,11,59,27,32,3,2,1,16,6,10,8,5,3
53608301,101,65,36,13,13,11,19,7,1,6,1,9,7,5,7,0,3,1,2,29,23,6,41,26,15,4,1,3,14,8,6,10,6,4
53487101,169,90,79,19,43,11,24,17,9,6,1,14,7,9,6,1,5,2,3,69,44,25,58,26,32,2,1,1,28,14,14,7,3,4
53794201,137,82,55,11,44,8,13,15,1,0,2,11,13,6,7,1,11,5,6,70,44,26,36,22,14,0,0,0,11,3,8,9,8,1
53794202,23,15,8,3,13,1,2,0,0,0,0,2,0,2,0,0,4,3,1,6,4,2,8,4,4,0,0,0,3,2,1,2,2,0
53795101,38,25,13,5,6,3,7,3,4,1,0,2,0,5,2,0,0,0,0,20,16,4,12,6,6,1,1,0,2,0,2,3,2,1
59961101,80,48,32,9,19,6,11,9,1,1,0,6,3,6,4,1,6,5,1,26,19,7,34,17,17,1,1,0,12,5,7,1,1,0
53797701,283,156,127,5,71,34,34,25,17,8,4,20,13,19,17,3,13,3,10,112,74,38,103,53,50,3,1,2,42,17,25,10,8,2
53798501,108,62,46,4,37,7,8,9,3,2,1,4,9,7,8,0,5,4,1,44,26,18,40,22,18,3,1,2,14,8,6,2,1,1
53798502,308,168,140,5,108,17,38,29,8,8,11,19,23,14,20,0,12,3,9,102,65,37,140,69,71,6,0,6,36,20,16,12,11,1
53799301,205,112,93,6,58,20,25,17,10,6,7,15,8,7,17,0,15,7,8,81,48,33,66,35,31,5,1,4,25,14,11,13,7,6
53447102,184,106,78,25,38,11,14,17,7,5,2,10,12,13,23,0,10,4,6,69,49,20,63,29,34,5,0,5,25,13,12,12,11,1
59969701,124,69,55,5,47,7,11,8,5,5,2,8,3,3,9,0,12,8,4,52,36,16,39,19,20,2,0,2,12,4,8,7,2,5
53486201,170,86,84,8,74,4,11,14,5,4,1,16,10,8,11,1,7,2,5,66,33,33,67,35,32,3,1,2,26,14,12,1,1,0
50341001,25,15,10,3,7,2,1,2,3,0,0,2,2,2,1,0,1,0,1,13,11,2,9,4,5,1,0,1,1,0,1,0,0,0
50341002,62,33,29,4,25,2,5,3,0,1,0,1,7,7,6,1,8,3,5,25,19,6,21,9,12,1,0,1,5,2,3,2,0,2
53804301,762,399,363,11,94,77,132,36,18,69,29,113,36,58,42,4,24,12,12,170,107,63,276,136,140,21,9,12,253,125,128,18,10,8
53805101,1213,649,564,14,119,96,211,84,55,95,65,197,68,71,68,7,42,23,19,204,136,68,483,249,234,42,16,26,403,197,206,39,28,11
53805102,391,217,174,10,52,21,73,30,10,25,21,66,24,16,20,3,13,8,5,85,53,32,132,69,63,13,5,8,128,70,58,20,12,8
53468401,192,108,84,1,35,20,40,9,7,10,5,27,13,9,11,0,5,1,4,51,35,16,64,33,31,6,2,4,58,30,28,8,7,1
53808601,301,158,143,0,31,31,64,22,12,12,11,47,17,19,16,3,13,5,8,84,58,26,114,54,60,6,5,1,76,33,43,8,3,5
53808602,96,45,51,0,8,7,9,2,6,6,3,24,2,4,16,0,2,2,0,19,10,9,33,15,18,1,0,1,40,18,22,1,0,1
53808603,171,88,83,3,28,19,28,10,8,12,7,18,9,11,11,0,4,3,1,52,32,20,63,27,36,3,1,2,42,21,21,7,4,3
53809401,67,35,32,2,24,6,9,5,0,3,0,4,3,3,3,0,4,2,2,25,16,9,22,8,14,1,0,1,14,8,6,1,1,0
53809402,53,31,22,0,9,3,6,1,2,5,4,9,7,6,0,0,2,2,0,6,4,2,15,10,5,1,0,1,28,14,14,1,1,0
53809403,948,499,449,26,209,58,164,58,29,35,23,101,75,61,65,6,52,33,19,223,140,83,372,183,189,27,10,17,253,121,132,21,12,9
53809404,334,181,153,3,76,27,53,21,10,11,8,36,14,26,30,5,24,16,8,82,53,29,118,53,65,6,1,5,84,48,36,20,10,10
53809405,589,323,266,10,152,30,105,35,20,22,18,61,33,39,33,4,45,29,16,151,96,55,180,92,88,22,10,12,138,62,76,53,34,19
53809406,1660,892,768,29,391,98,259,84,62,98,54,223,105,100,85,7,78,46,32,306,200,106,597,304,293,58,26,32,550,277,273,71,39,32
53809408,166,96,70,3,77,7,19,6,9,10,0,14,5,7,6,1,15,10,5,34,20,14,48,24,24,10,8,2,51,29,22,8,5,3
53809409,1970,1022,948,18,497,83,291,140,76,70,40,189,234,146,119,7,105,53,52,464,270,194,803,399,404,49,10,39,472,248,224,77,42,35
53809410,219,100,119,8,30,10,35,12,6,14,9,34,5,19,24,0,5,5,0,44,26,18,85,34,51,12,2,10,69,29,40,4,4,0
53809411,620,329,291,8,132,48,108,29,12,34,9,68,53,51,46,1,28,16,12,151,88,63,251,130,121,14,2,12,151,76,75,25,17,8
53809413,579,329,250,12,131,44,75,45,31,20,18,67,27,40,34,8,46,29,17,134,86,48,169,80,89,12,3,9,111,59,52,107,72,35
53809414,15,9,6,1,1,3,2,0,1,0,0,2,0,1,2,0,2,2,0,2,2,0,4,2,2,0,0,0,7,3,4,0,0,0
53809415,160,85,75,1,25,17,18,6,9,13,4,27,8,10,10,1,1,1,0,17,13,4,62,30,32,3,3,0,75,37,38,2,1,1
53809416,343,180,163,4,88,20,49,20,14,11,4,31,22,19,35,2,41,17,24,95,56,39,103,53,50,16,4,12,62,33,29,26,17,9
53809418,933,488,445,19,198,71,126,64,25,50,30,98,76,67,61,5,48,25,23,203,131,72,352,170,182,13,3,10,276,134,142,41,25,16
53809419,435,234,201,9,86,35,65,25,12,18,14,48,21,42,26,6,23,13,10,99,65,34,169,79,90,8,6,2,120,61,59,16,10,6
53809420,19,16,3,1,1,0,1,1,0,0,0,2,12,1,0,0,0,0,0,2,2,0,8,6,2,1,1,0,8,7,1,0,0,0
53809421,95,58,37,11,20,7,6,9,5,2,1,14,8,2,6,0,8,5,3,22,15,7,23,14,9,0,0,0,36,20,16,6,4,2
53809422,330,185,145,11,86,21,34,16,10,18,5,40,24,30,16,1,22,12,10,106,69,37,111,59,52,12,3,9,68,34,34,11,8,3
53809423,526,273,253,12,100,41,81,33,36,21,17,58,31,29,44,4,27,15,12,122,76,46,205,96,109,7,1,6,142,71,71,23,14,9
53809424,263,144,119,3,50,20,42,17,14,19,9,30,15,16,15,0,14,10,4,68,41,27,93,48,45,6,2,4,78,39,39,4,4,0
53810801,52,30,22,1,11,3,4,7,1,1,0,7,5,6,3,0,0,0,0,18,12,6,22,13,9,2,0,2,8,3,5,2,2,0
53810802,223,126,97,13,50,16,29,32,12,7,12,10,14,6,11,2,9,4,5,75,50,25,93,52,41,1,0,1,32,11,21,13,9,4
53810803,138,74,64,2,32,7,21,9,7,5,5,9,9,13,13,1,12,7,5,47,32,15,48,21,27,3,0,3,23,11,12,5,3,2
56486901,375,209,166,8,65,38,65,24,9,22,16,63,16,13,13,0,11,5,6,111,74,37,140,73,67,12,6,6,88,42,46,13,9,4
0192670,0,0,0,0,0,0,0,0,0,0,0,0,0,0,0,0,0,0,0,0,0,0,0,0,0,0,0,0,0,0,0,0,0,0
0192750,0,0,0,0,0,0,0,0,0,0,0,0,0,0,0,0,0,0,0,0,0,0,0,0,0,0,0,0,0,0,0,0,0,0
53813201,371,200,171,15,74,24,56,21,12,36,5,48,26,24,16,1,23,13,10,88,52,36,135,67,68,7,3,4,112,62,50,6,3,3
53813203,102,50,52,0,10,5,11,4,6,7,3,19,4,18,12,0,4,3,1,4,3,1,39,17,22,1,1,0,53,26,27,1,0,1
53813204,62,38,24,3,17,3,13,3,0,5,1,7,4,2,4,0,2,1,1,17,14,3,30,15,15,2,2,0,11,6,5,0,0,0
53813206,184,89,95,4,27,11,33,13,10,12,6,15,10,16,13,2,19,8,11,65,41,24,63,25,38,4,2,2,27,11,16,6,2,4
53813207,1209,651,558,20,282,60,142,62,28,105,51,163,79,98,59,7,25,15,10,254,170,84,461,231,230,34,14,20,420,212,208,15,9,6
53813208,324,183,141,5,92,18,37,28,12,13,5,47,20,22,10,1,17,7,10,88,59,29,133,66,67,10,6,4,56,31,25,20,14,6
53813209,488,257,231,4,129,32,75,26,22,24,14,50,18,41,25,1,26,10,16,136,83,53,178,92,86,17,7,10,119,57,62,12,8,4
53813210,1294,684,610,23,315,75,169,91,47,67,35,166,65,92,83,12,76,39,37,367,223,144,495,246,249,46,17,29,253,119,134,57,40,17
53813211,30,14,16,1,7,0,5,3,6,1,1,1,0,2,0,0,3,1,2,16,8,8,5,3,2,0,0,0,4,1,3,2,1,1
53813212,416,220,196,2,74,35,59,26,20,27,7,55,21,48,29,1,19,7,12,109,68,41,166,84,82,16,7,9,99,49,50,7,5,2
53813213,1425,759,666,10,317,75,202,118,48,80,55,177,86,101,92,8,85,49,36,331,199,132,530,272,258,56,20,36,364,178,186,59,41,18
53813214,39,13,26,1,13,2,14,4,1,0,0,3,0,0,1,0,1,1,0,7,4,3,6,1,5,4,2,2,2,0,2,19,5,14
53813215,439,226,213,6,101,19,61,36,21,19,11,53,23,28,29,0,21,11,10,146,86,60,177,83,94,4,1,3,82,39,43,9,6,3
53325402,23,15,8,1,5,0,4,2,1,1,1,1,0,2,1,0,4,1,3,6,5,1,8,6,2,0,0,0,0,0,0,5,3,2
53325404,180,102,78,8,33,13,38,24,9,1,4,15,11,7,8,1,6,6,0,70,43,27,66,34,32,2,0,2,27,15,12,9,4,5
53814101,11,6,5,0,2,1,1,0,2,0,1,1,0,0,0,0,0,0,0,3,2,1,4,1,3,0,0,0,3,2,1,1,1,0
53814102,383,206,177,2,48,16,67,28,28,31,20,55,25,24,18,1,7,5,2,82,54,28,123,51,72,9,4,5,148,83,65,14,9,5
56500801,176,98,78,8,20,20,34,16,2,11,5,25,10,10,6,0,7,6,1,47,29,18,73,34,39,3,2,1,34,19,15,12,8,4
53816701,683,378,305,9,122,61,109,49,20,38,18,105,29,43,36,3,23,11,12,144,97,47,241,125,116,9,6,3,229,119,110,37,20,17
56488501,311,163,148,8,40,24,46,28,13,24,15,56,13,15,14,2,9,3,6,84,60,24,133,63,70,12,7,5,62,24,38,11,6,5
53819101,432,229,203,16,87,27,57,21,19,22,10,65,26,27,36,3,16,8,8,112,77,35,167,85,82,9,6,3,117,45,72,11,8,3
53478101,134,73,61,15,32,6,19,10,2,4,3,6,12,6,9,1,7,6,1,50,32,18,50,23,27,5,1,4,19,9,10,3,2,1
53478102,434,251,183,18,123,33,45,46,7,11,14,40,22,40,26,0,16,9,7,154,102,52,162,92,70,8,4,4,59,23,36,35,21,14
56491501,612,323,289,4,87,36,121,35,13,58,42,93,20,22,39,6,20,10,10,75,47,28,248,128,120,15,5,10,226,110,116,28,23,5
56598901,247,139,108,16,51,17,20,15,13,11,5,43,21,19,11,1,16,8,8,68,48,20,75,34,41,9,1,8,55,28,27,24,20,4
53822101,581,313,268,4,60,37,97,34,12,57,36,112,29,36,30,1,23,15,8,96,56,40,198,102,96,13,3,10,236,129,107,15,8,7
53822102,304,170,134,6,39,30,60,21,9,16,14,49,15,20,15,2,9,5,4,70,55,15,120,56,64,10,1,9,85,46,39,10,7,3
53823001,1441,743,698,18,182,101,222,79,63,102,57,226,103,106,90,7,55,29,26,297,177,120,543,264,279,31,7,24,472,234,238,43,32,11
53824801,336,176,160,13,42,26,54,34,13,26,15,33,20,25,21,0,15,7,8,94,62,32,123,61,62,14,2,12,81,38,43,9,6,3
53824802,49,27,22,0,8,3,13,3,3,3,1,3,1,4,3,0,5,1,4,8,7,1,27,15,12,1,0,1,7,4,3,1,0,1
53824803,95,51,44,2,14,3,17,3,4,7,4,14,10,14,1,0,3,3,0,30,16,14,28,14,14,1,0,1,31,17,14,2,1,1
53825601,116,69,47,0,12,11,9,1,5,5,4,24,9,11,14,0,2,1,1,26,18,8,30,19,11,0,0,0,56,29,27,2,2,0
53825602,726,397,329,12,75,41,56,31,25,71,33,197,43,64,44,0,23,14,9,96,61,35,208,94,114,14,7,7,358,202,156,27,19,8
53826401,70,40,30,2,8,11,13,3,5,4,2,6,3,1,1,0,10,6,4,19,12,7,29,16,13,0,0,0,9,4,5,3,2,1
53826402,229,122,107,5,32,20,26,19,11,14,5,39,10,16,11,2,9,3,6,69,44,25,79,34,45,3,1,2,58,32,26,11,8,3
53826403,443,249,194,0,49,31,54,33,17,55,24,81,15,26,30,1,13,8,5,37,24,13,137,84,53,21,11,10,212,107,105,23,15,8
53337801,41,25,16,3,10,5,10,5,1,1,0,1,0,0,4,0,4,1,3,19,16,3,14,6,8,0,0,0,3,2,1,1,0,1
53337802,390,212,178,13,58,36,53,15,19,29,13,71,16,21,21,2,13,9,4,90,59,31,131,64,67,11,6,5,135,68,67,10,6,4
53827201,833,429,404,10,127,63,142,49,35,60,32,113,49,52,59,2,29,13,16,174,112,62,329,160,169,19,5,14,247,117,130,35,22,13
53827202,56,38,18,0,46,2,3,3,0,0,1,0,0,0,0,1,5,4,1,29,21,8,13,6,7,1,1,0,6,4,2,2,2,0
53827203,210,116,94,18,23,9,43,24,2,11,7,32,8,10,11,1,6,3,3,46,30,16,71,42,29,8,3,5,74,37,37,5,1,4
53827204,637,338,299,7,104,44,97,50,25,40,29,87,41,52,33,3,16,8,8,155,101,54,243,118,125,15,5,10,175,85,90,33,21,12
53828101,59,40,19,4,10,8,9,8,2,1,2,3,5,2,2,0,5,4,1,24,18,6,15,9,6,0,0,0,11,5,6,4,4,0
53828103,53,29,24,4,9,3,11,4,4,2,1,4,4,3,4,0,0,0,0,21,13,8,18,9,9,1,0,1,10,4,6,3,3,0
53828104,10,6,4,0,2,2,2,2,1,0,0,0,1,0,0,0,3,2,1,5,2,3,2,2,0,0,0,0,0,0,0,0,0,0
53828105,65,39,26,1,13,8,9,6,3,3,1,11,1,4,3,0,4,4,0,28,17,11,25,15,10,1,0,1,5,3,2,2,0,2
53829901,52,24,28,0,8,0,6,1,3,2,1,14,2,4,5,1,3,2,1,6,3,3,17,7,10,0,0,0,23,9,14,3,3,0
53829902,71,33,38,1,18,3,7,3,3,4,3,14,3,4,6,0,2,2,0,12,6,6,33,12,21,1,1,0,21,11,10,2,1,1
53829903,568,308,260,7,147,32,73,33,24,34,15,64,36,47,37,1,28,14,14,174,113,61,210,97,113,9,4,5,138,72,66,9,8,1
53829904,25,12,13,0,5,3,4,2,4,1,1,2,0,2,0,0,2,1,1,8,6,2,14,5,9,0,0,0,0,0,0,1,0,1
53829905,321,178,143,6,48,26,45,37,16,22,11,35,13,21,21,3,18,11,7,86,60,26,111,58,53,7,1,6,82,36,46,17,12,5
53829906,146,77,69,1,15,12,17,10,5,23,5,18,5,17,10,2,5,2,3,30,22,8,54,30,24,1,0,1,48,19,29,8,4,4
53829907,346,185,161,6,55,26,50,20,20,24,21,42,19,25,14,3,6,2,4,62,45,17,125,63,62,5,3,2,138,66,72,10,6,4
53829908,11,5,6,0,2,0,5,1,0,0,0,1,1,1,0,0,1,0,1,3,3,0,5,2,3,1,0,1,1,0,1,0,0,0
53829909,372,209,163,12,67,34,63,27,16,17,8,52,8,27,22,7,12,3,9,78,47,31,117,67,50,10,4,6,110,56,54,45,32,13
53829911,86,45,41,1,11,9,3,3,4,4,10,16,3,8,10,0,5,3,2,16,13,3,35,12,23,1,0,1,28,16,12,1,1,0
53829912,195,103,92,1,30,13,21,10,8,18,7,33,12,14,20,1,4,0,4,31,20,11,62,32,30,3,2,1,87,43,44,8,6,2
53829913,43,22,21,0,8,1,8,2,7,1,1,5,4,2,2,1,2,1,1,15,9,6,17,8,9,0,0,0,7,3,4,2,1,1
53829914,348,183,165,7,68,22,59,17,12,20,11,48,19,23,22,2,30,17,13,75,48,27,129,66,63,8,3,5,99,46,53,7,3,4
53829915,103,58,45,3,30,4,15,8,0,8,1,12,3,4,5,1,7,3,4,23,17,6,50,27,23,3,1,2,19,9,10,1,1,0
56497401,445,248,197,7,84,33,61,27,26,24,10,56,20,43,21,6,21,6,15,126,80,46,168,94,74,6,3,3,106,52,54,18,13,5
53831101,34,15,19,0,7,4,5,3,1,1,0,6,0,2,1,0,4,3,1,11,5,6,6,1,5,0,0,0,7,1,6,6,5,1
53831102,113,59,54,1,18,15,13,7,4,5,6,19,6,7,4,0,3,0,3,29,20,9,47,21,26,1,1,0,27,13,14,6,4,2
53831103,1939,1041,898,21,265,140,233,140,77,133,99,325,130,129,155,14,73,37,36,360,233,127,746,379,367,63,21,42,622,321,301,75,50,25
3246210,0,0,0,0,0,0,0,0,0,0,0,0,0,0,0,0,0,0,0,0,0,0,0,0,0,0,0,0,0,0,0,0,0,0
53832901,339,194,145,1,62,36,55,26,11,18,10,51,17,12,21,4,19,9,10,99,65,34,107,45,62,6,2,4,70,41,29,38,32,6
51362801,150,73,77,3,27,11,21,8,5,3,6,24,9,13,9,0,4,1,3,42,26,16,64,25,39,3,2,1,33,17,16,4,2,2
53155301,175,102,73,8,55,10,25,23,3,3,1,14,9,11,6,2,10,5,5,68,47,21,58,27,31,1,0,1,24,14,10,14,9,5
56476101,150,85,65,16,31,8,23,13,7,3,2,12,9,14,4,0,7,3,4,56,40,16,54,25,29,1,0,1,21,8,13,11,9,2
53341602,1936,1047,889,75,358,168,301,207,84,83,32,188,90,147,110,10,90,44,46,643,409,234,708,358,350,41,11,30,354,156,198,100,69,31
53341603,111,65,46,8,20,7,24,9,1,2,3,11,4,9,7,1,10,7,3,42,27,15,37,19,18,2,0,2,14,8,6,6,4,2
53837001,409,229,180,10,53,47,68,14,17,36,10,61,20,37,18,2,15,6,9,103,72,31,159,76,83,9,4,5,117,65,52,6,6,0
53613001,267,151,116,12,71,16,45,20,6,5,7,26,26,8,11,2,6,4,2,103,73,30,99,43,56,3,2,1,54,27,27,2,2,0
53343201,427,235,192,9,69,41,78,38,16,19,7,49,28,31,26,3,20,12,8,121,81,40,179,96,83,10,1,9,85,39,46,12,6,6
53343202,36,16,20,0,4,7,2,3,0,1,0,6,1,2,2,1,3,1,2,5,5,0,20,7,13,1,0,1,7,3,4,0,0,0
53343203,25,15,10,1,8,1,2,1,2,0,0,3,1,2,2,0,0,0,0,7,6,1,13,7,6,2,1,1,3,1,2,0,0,0
53496001,168,96,72,16,31,14,26,11,10,1,2,15,7,8,12,0,8,2,6,70,47,23,54,28,26,3,1,2,20,8,12,13,10,3
56499101,115,65,50,1,15,4,13,8,4,13,3,28,8,7,5,0,3,2,1,20,15,5,45,27,18,3,1,2,41,18,23,3,2,1
56499102,40,19,21,0,2,4,6,2,1,9,0,8,1,5,1,0,2,1,1,3,3,0,20,10,10,2,0,2,13,5,8,0,0,0
56499103,204,114,90,0,27,11,33,4,12,28,7,35,9,14,9,0,13,7,6,25,15,10,81,42,39,5,2,3,70,40,30,10,8,2
56499104,238,139,99,1,41,23,55,19,2,7,0,34,13,17,10,1,6,4,2,88,60,28,83,45,38,4,3,1,48,20,28,9,7,2
53841801,44,23,21,3,5,5,8,6,0,2,0,7,3,1,3,0,2,2,0,6,4,2,18,8,10,3,2,1,14,6,8,1,1,0
53841802,107,59,48,3,21,11,20,4,3,2,5,13,12,3,6,1,0,0,0,30,18,12,46,26,20,1,0,1,26,13,13,4,2,2
0772242,0,0,0,0,0,0,0,0,0,0,0,0,0,0,0,0,0,0,0,0,0,0,0,0,0,0,0,0,0,0,0,0,0,0
3247440,0,0,0,0,0,0,0,0,0,0,0,0,0,0,0,0,0,0,0,0,0,0,0,0,0,0,0,0,0,0,0,0,0,0
53842601,66,33,33,0,13,3,12,2,1,4,4,9,3,8,4,1,3,2,1,10,6,4,23,13,10,3,1,2,26,11,15,1,0,1
53842602,28,18,10,0,5,1,1,3,3,2,2,4,1,3,1,0,2,2,0,5,4,1,8,4,4,2,1,1,8,5,3,3,2,1
53842603,477,253,224,3,72,35,75,29,17,31,9,73,18,42,39,3,24,15,9,106,75,31,181,82,99,14,3,11,134,65,69,18,13,5
53842605,322,174,148,4,40,25,49,17,8,30,9,62,12,21,20,2,8,4,4,55,39,16,118,63,55,6,1,5,121,57,64,14,10,4
53842606,45,27,18,1,8,6,5,2,1,1,3,4,2,4,3,0,0,0,0,10,6,4,17,12,5,3,0,3,11,5,6,4,4,0
56498201,320,169,151,0,44,14,36,16,7,38,26,55,20,26,20,2,8,5,3,38,23,15,115,66,49,11,3,8,138,67,71,10,5,5
56498202,872,451,421,2,95,54,156,41,27,81,57,145,62,52,52,6,23,12,11,129,75,54,341,167,174,23,13,10,339,176,163,17,8,9
53891401,783,436,347,22,154,57,103,49,27,42,19,97,53,65,63,5,42,22,20,183,131,52,316,149,167,16,7,9,185,97,88,41,30,11
53498601,249,141,108,13,55,19,33,18,11,16,4,22,15,16,15,2,9,5,4,67,48,19,93,46,47,9,4,5,63,31,32,8,7,1
53844201,1661,857,804,26,184,113,275,95,61,149,91,244,107,116,97,6,60,28,32,313,188,125,553,265,288,42,15,27,616,313,303,77,48,29
53845101,264,138,126,0,47,11,61,18,7,21,17,32,12,15,13,0,5,3,2,50,29,21,111,53,58,6,3,3,89,48,41,3,2,1
53845102,358,178,180,7,42,25,68,20,9,32,9,60,18,26,23,3,15,6,9,73,45,28,139,61,78,8,2,6,114,57,57,9,7,2
53846901,214,99,115,15,33,8,25,16,13,11,4,28,19,7,20,3,12,6,6,54,31,23,86,31,55,4,3,1,48,23,25,10,5,5
53847701,700,367,333,6,82,45,104,47,34,58,57,93,49,43,46,1,31,19,12,130,75,55,283,149,134,21,6,15,218,105,113,17,13,4
53847702,446,246,200,10,70,37,63,38,8,14,11,55,34,37,40,3,31,16,15,140,88,52,160,78,82,7,2,5,88,46,42,20,16,4
53848501,57,30,27,0,9,3,7,6,1,6,2,11,0,6,2,0,2,1,1,7,4,3,31,17,14,4,4,0,13,4,9,0,0,0
53848502,756,422,334,10,106,58,113,125,27,52,23,79,38,39,46,5,26,17,9,165,112,53,288,150,138,30,14,16,209,103,106,38,26,12
0975432,0,0,0,0,0,0,0,0,0,0,0,0,0,0,0,0,0,0,0,0,0,0,0,0,0,0,0,0,0,0,0,0,0,0
53849301,351,178,173,2,49,26,59,13,11,32,8,53,26,28,21,1,9,4,5,52,35,17,147,72,75,12,6,6,127,59,68,4,2,2
53849302,1565,846,719,11,198,127,225,135,37,126,48,220,90,145,99,16,58,26,32,325,226,99,571,271,300,39,14,25,502,265,237,70,44,26
53849303,157,84,73,1,17,11,15,12,6,8,4,32,7,20,12,1,5,1,4,33,24,9,45,25,20,6,2,4,61,28,33,7,4,3
59826701,21,15,6,1,5,1,1,6,1,0,0,2,0,2,1,0,2,2,0,7,7,0,7,2,5,0,0,0,3,2,1,2,2,0
59826702,334,199,135,7,78,35,60,44,13,12,6,33,13,8,16,2,14,10,4,118,82,36,99,53,46,9,4,5,59,27,32,35,23,12
53850701,759,415,344,66,181,69,104,46,28,22,21,84,37,37,24,7,40,26,14,271,165,106,252,118,134,18,10,8,111,55,56,67,41,26
53851501,792,458,334,8,102,122,116,53,35,50,29,91,64,41,51,3,33,19,14,209,146,63,277,135,142,23,9,14,190,100,90,60,49,11
53852301,531,291,240,14,65,46,94,39,25,38,17,60,24,50,37,2,23,12,11,115,84,31,199,101,98,15,4,11,160,74,86,19,16,3
53852302,193,106,87,7,22,9,36,17,7,11,8,29,13,9,14,1,5,4,1,44,30,14,85,39,46,4,1,3,48,28,20,7,4,3
53852303,21,12,9,0,5,4,3,3,0,0,0,5,0,0,0,0,1,1,0,6,3,3,10,6,4,0,0,0,4,2,2,0,0,0
53852304,534,278,256,6,66,40,103,49,15,51,22,69,17,30,38,2,8,2,6,101,59,42,234,113,121,14,5,9,164,91,73,13,8,5
53852305,176,88,88,2,23,11,39,11,8,7,5,25,5,17,14,1,8,4,4,43,24,19,79,44,35,6,1,5,35,13,22,5,2,3
53854001,18,9,9,0,3,2,6,3,0,2,0,0,0,2,0,0,3,0,3,7,5,2,1,0,1,1,0,1,2,2,0,4,2,2
53854002,2145,1199,946,35,329,147,383,138,82,150,115,322,117,130,100,9,81,45,36,428,272,156,844,441,403,54,24,30,615,317,298,123,100,23
53855801,837,441,396,20,115,66,134,61,40,55,43,105,52,51,43,6,28,16,12,195,125,70,363,179,184,26,10,16,199,95,104,26,16,10
53856601,295,166,129,11,52,20,50,18,14,11,12,36,19,12,18,2,14,6,8,75,51,24,113,59,54,4,3,1,84,42,42,5,5,0
53354801,188,101,87,7,37,17,25,24,9,5,1,18,13,12,10,2,7,5,2,73,48,25,69,29,40,6,1,5,26,13,13,7,5,2
3246980,0,0,0,0,0,0,0,0,0,0,0,0,0,0,0,0,0,0,0,0,0,0,0,0,0,0,0,0,0,0,0,0,0,0
56490701,658,335,323,3,84,34,128,68,30,60,32,95,25,18,38,4,19,10,9,117,68,49,309,160,149,26,11,15,169,73,96,18,13,5
56490702,519,278,241,6,55,39,102,28,23,51,26,79,22,34,22,4,11,5,6,96,64,32,208,106,102,23,11,12,157,75,82,24,17,7
53857402,508,270,238,8,86,38,61,51,18,31,26,70,27,39,29,2,16,11,5,100,58,42,227,122,105,15,3,12,140,71,69,10,5,5
53857403,50,27,23,0,8,1,4,6,2,4,3,7,8,4,3,0,0,0,0,11,7,4,20,9,11,0,0,0,18,10,8,1,1,0
53857404,2728,1465,1263,23,502,176,415,231,108,144,83,327,186,201,194,13,134,77,57,702,440,262,1104,560,544,68,19,49,607,294,313,113,75,38
53857405,46,31,15,1,12,11,6,6,0,0,0,7,0,0,1,0,4,3,1,23,14,9,7,4,3,1,1,0,3,3,0,8,6,2
53356401,83,46,37,8,20,6,9,10,3,3,0,6,6,3,6,0,1,0,1,35,26,9,35,15,20,1,0,1,8,3,5,3,2,1
53356402,69,36,33,2,18,8,8,15,2,1,1,2,1,6,4,0,6,5,1,33,18,15,22,10,12,0,0,0,7,3,4,1,0,1
53356403,28,18,10,6,5,2,5,3,1,0,0,1,1,0,2,0,2,2,0,16,12,4,10,4,6,0,0,0,0,0,0,0,0,0
53356404,85,48,37,6,18,5,13,4,3,5,1,9,8,4,7,0,4,0,4,32,23,9,33,18,15,1,1,0,15,6,9,0,0,0
53356405,197,113,84,9,48,17,29,27,7,3,6,16,9,8,11,1,12,7,5,83,52,31,68,34,34,7,2,5,20,11,9,7,7,0
53858202,600,323,277,16,77,37,103,39,14,33,10,123,26,44,38,4,23,13,10,165,110,55,221,104,117,8,6,2,162,77,85,21,13,8
53858203,22,13,9,0,5,1,5,2,1,0,1,5,0,1,1,0,3,1,2,5,4,1,7,5,2,0,0,0,6,3,3,1,0,1
53858204,113,67,46,2,21,7,22,8,2,13,5,12,8,5,4,0,1,0,1,26,18,8,50,28,22,2,1,1,31,19,12,3,1,2
53858205,191,105,86,5,30,7,41,24,8,9,3,19,7,16,14,1,13,6,7,68,44,24,57,30,27,4,3,1,40,15,25,9,7,2
57167901,57,32,25,7,9,3,5,5,3,3,0,4,1,4,5,0,1,1,0,21,12,9,13,8,5,3,0,3,16,9,7,3,2,1
53860401,368,205,163,8,41,36,60,15,29,23,10,53,20,27,24,2,10,8,2,96,67,29,139,71,68,10,5,5,102,48,54,11,6,5
52965601,150,81,69,3,19,10,30,11,6,8,1,32,4,10,6,1,3,3,0,28,18,10,54,28,26,3,1,2,48,22,26,14,9,5
53861201,260,141,119,6,49,21,35,22,8,21,11,35,9,14,11,0,8,6,2,69,46,23,113,57,56,6,4,2,61,26,35,3,2,1
53861202,41,22,19,5,3,6,11,2,3,5,0,3,1,0,0,0,0,0,0,15,10,5,11,3,8,1,1,0,13,8,5,1,0,1
53862101,60,37,23,1,9,8,8,7,1,5,2,4,1,4,3,1,2,2,0,19,14,5,25,15,10,1,0,1,12,6,6,1,0,1
53862102,260,138,122,4,50,18,49,25,7,8,9,30,15,7,21,1,14,7,7,103,66,37,93,42,51,1,1,0,45,19,26,4,3,1
53863901,266,148,118,11,47,23,45,16,17,7,5,39,19,9,16,0,13,10,3,74,45,29,113,63,50,4,1,3,49,21,28,13,8,5
0277072,0,0,0,0,0,0,0,0,0,0,0,0,0,0,0,0,0,0,0,0,0,0,0,0,0,0,0,0,0,0,0,0,0,0
59922101,123,64,59,4,22,9,18,5,3,11,8,16,4,6,11,0,2,0,2,27,17,10,53,27,26,4,2,2,31,15,16,6,3,3
59922103,97,46,51,0,12,8,13,9,7,5,3,18,1,4,10,0,6,4,2,23,16,7,34,11,23,3,0,3,31,15,16,0,0,0
59922104,68,37,31,2,6,3,7,2,0,15,12,12,3,2,1,1,0,0,0,2,2,0,20,8,12,5,3,2,40,23,17,1,1,0
56478801,48,29,19,8,9,7,4,3,1,2,1,3,1,1,5,2,3,2,1,24,18,6,18,7,11,0,0,0,2,1,1,1,1,0
53865501,701,369,332,15,83,53,114,40,39,62,27,108,37,40,48,2,22,13,9,135,80,55,282,130,152,21,9,12,222,126,96,19,11,8
53867101,1182,638,544,11,160,83,168,63,44,122,65,189,77,59,65,7,51,35,16,193,121,72,405,205,200,39,14,25,473,249,224,21,14,7
53869801,52,29,23,2,10,5,7,2,1,5,2,3,0,4,3,0,1,1,0,22,14,8,17,8,9,2,1,1,9,5,4,1,0,1
53869803,64,32,32,7,10,9,8,5,2,2,3,7,4,4,2,1,5,3,2,13,11,2,23,10,13,1,0,1,17,7,10,5,1,4
53869804,159,85,74,2,22,18,25,11,3,11,5,23,13,2,10,3,7,4,3,31,21,10,61,30,31,6,3,3,54,27,27,0,0,0
53869805,39,18,21,1,5,1,10,3,1,4,1,7,0,1,3,0,2,1,1,10,7,3,20,7,13,0,0,0,6,3,3,1,0,1
3247280,0,0,0,0,0,0,0,0,0,0,0,0,0,0,0,0,0,0,0,0,0,0,0,0,0,0,0,0,0,0,0,0,0,0
53870101,600,323,277,11,102,43,91,30,12,41,28,84,39,30,46,4,25,13,12,126,75,51,202,109,93,10,3,7,219,110,109,18,13,5
53872801,93,54,39,1,11,9,17,11,2,1,6,13,7,4,5,0,3,1,2,27,20,7,41,21,20,4,1,3,15,8,7,3,3,0
53872802,229,113,116,4,32,11,26,9,3,19,13,45,13,23,19,0,5,3,2,21,10,11,60,24,36,10,3,7,126,70,56,7,3,4
53872803,200,109,91,1,34,10,37,16,5,9,8,29,20,11,9,1,2,1,1,69,49,20,69,30,39,6,2,4,48,23,25,6,4,2
53872804,93,56,37,1,8,14,12,2,8,6,5,14,3,5,4,1,2,1,1,19,11,8,34,22,12,6,3,3,31,18,13,1,1,0
53872805,99,54,45,0,11,5,19,8,6,7,5,14,2,5,12,0,0,0,0,10,9,1,54,29,25,2,0,2,31,16,15,2,0,2
53872806,260,138,122,4,28,14,38,20,17,24,8,51,20,18,11,0,4,3,1,35,24,11,83,46,37,6,3,3,117,53,64,15,9,6
53872807,1080,589,491,5,124,90,203,88,48,65,27,146,41,99,95,8,49,28,21,216,141,75,389,200,189,21,7,14,355,178,177,50,35,15
53872808,156,92,64,6,21,8,22,12,3,8,15,25,6,4,17,2,10,6,4,30,19,11,63,39,24,7,2,5,42,23,19,4,3,1
53872810,88,47,41,5,8,8,17,21,1,5,1,7,3,2,6,1,6,5,1,32,23,9,25,8,17,3,0,3,14,7,7,8,4,4
53872811,156,76,80,2,21,7,28,17,0,10,4,35,6,7,7,1,7,1,6,24,13,11,54,29,25,4,1,3,62,29,33,5,3,2
53872812,436,236,200,3,59,38,78,27,11,37,27,66,15,28,27,1,17,14,3,74,48,26,149,77,72,19,4,15,173,91,82,4,2,2
53872813,32,17,15,1,6,1,2,2,2,3,3,4,1,2,2,1,3,2,1,2,2,0,11,5,6,2,2,0,10,4,6,4,2,2
53872814,1642,906,736,20,221,108,227,124,69,126,57,257,97,114,117,10,55,39,16,323,213,110,552,290,262,36,13,23,570,275,295,106,76,30
53872815,228,120,108,2,23,11,29,9,4,25,20,49,8,14,17,1,7,5,2,25,15,10,90,44,46,4,2,2,98,52,46,4,2,2
53872816,447,236,211,6,53,30,69,51,18,20,21,55,21,35,37,4,16,9,7,111,65,46,151,72,79,14,2,12,128,65,63,27,23,4
53872818,107,52,55,3,18,6,16,4,2,6,2,18,11,10,4,0,3,2,1,20,10,10,42,21,21,1,0,1,40,19,21,1,0,1
53872819,11,4,7,0,0,0,2,0,0,1,1,0,0,3,4,0,0,0,0,3,3,0,4,1,3,1,0,1,3,0,3,0,0,0
53872820,1194,627,567,13,135,83,154,90,55,74,42,202,73,105,110,3,39,14,25,195,122,73,424,207,217,36,10,26,439,224,215,61,50,11
53872821,12,5,7,0,0,0,1,2,0,0,0,3,1,1,2,0,2,0,2,3,2,1,5,2,3,1,0,1,1,1,0,0,0,0
53872822,870,445,425,6,114,58,135,77,40,59,26,125,55,63,65,4,35,11,24,161,101,60,321,155,166,13,3,10,307,154,153,33,21,12
53872823,1108,567,541,10,140,62,154,69,40,79,56,184,61,94,89,5,37,23,14,192,124,68,387,179,208,26,9,17,434,217,217,32,15,17
59828301,270,150,120,3,25,22,45,33,12,18,15,32,17,15,15,2,8,4,4,53,36,17,106,58,48,4,2,2,93,45,48,6,5,1
53875201,669,358,311,8,64,48,110,59,29,52,30,102,32,42,50,3,16,10,6,145,95,50,266,137,129,24,7,17,194,94,100,24,15,9
53876101,305,169,136,5,42,30,59,13,15,17,12,48,17,21,12,2,17,9,8,88,51,37,108,64,44,6,3,3,75,34,41,11,8,3
53876102,145,88,57,2,16,10,31,6,3,13,11,21,10,3,5,1,12,9,3,14,11,3,65,36,29,2,0,2,51,32,19,1,0,1
53876103,107,58,49,14,21,8,15,9,2,10,4,11,1,6,3,1,4,0,4,19,14,5,34,16,18,6,2,4,43,25,18,1,1,0
53877901,384,220,164,8,73,35,60,44,22,18,13,33,14,23,20,0,14,4,10,163,114,49,129,67,62,4,1,3,62,26,36,12,8,4
53878701,102,55,47,1,10,9,21,6,10,8,7,14,3,3,5,0,6,4,2,12,9,3,47,26,21,1,1,0,34,13,21,2,2,0
53878702,34,21,13,0,6,2,7,2,1,1,0,5,2,3,2,0,2,1,1,9,8,1,9,4,5,1,0,1,7,3,4,6,5,1
53878703,280,152,128,6,46,29,44,24,8,17,15,22,13,18,20,0,15,7,8,78,53,25,118,57,61,1,0,1,60,32,28,8,3,5
53880901,54,28,26,2,6,3,12,9,3,1,0,5,5,3,2,1,0,0,0,21,14,7,16,5,11,4,1,3,9,6,3,4,2,2
53880902,64,29,35,1,8,7,12,4,3,5,3,5,3,3,6,1,7,4,3,13,8,5,26,8,18,1,0,1,13,6,7,4,3,1
53880903,13,7,6,0,1,3,3,1,0,0,1,1,0,0,2,1,1,0,1,0,0,0,11,7,4,0,0,0,0,0,0,1,0,1
53880904,52,32,20,4,7,4,9,4,1,4,2,3,3,2,7,0,6,5,1,7,5,2,21,13,8,0,0,0,17,8,9,1,1,0
53880905,69,35,34,2,20,5,10,8,0,1,1,9,2,2,4,1,3,1,2,21,10,11,20,12,8,1,0,1,23,11,12,1,1,0
53880907,119,71,48,5,13,12,29,9,6,3,3,18,3,6,2,1,2,0,2,28,19,9,47,32,15,3,0,3,32,16,16,7,4,3
53880908,1109,583,526,24,182,73,142,83,29,76,55,162,67,76,72,3,48,25,23,237,164,73,395,183,212,31,8,23,352,172,180,46,31,15
53882501,567,320,247,6,84,55,101,38,20,37,23,64,28,32,43,3,26,15,11,161,113,48,208,106,102,16,7,9,139,71,68,17,8,9
53371801,43,28,15,0,3,4,7,6,2,6,0,7,1,4,1,0,2,1,1,10,5,5,14,10,4,3,2,1,11,8,3,3,2,1
53371802,82,42,40,2,17,6,10,12,1,2,1,7,5,8,5,0,8,2,6,29,19,10,29,14,15,4,1,3,8,3,5,4,3,1
53371803,23,13,10,0,2,3,6,2,2,0,0,2,2,2,2,0,0,0,0,8,4,4,6,3,3,1,0,1,6,5,1,2,1,1
53371804,121,65,56,11,16,5,22,10,2,5,1,15,4,11,13,1,5,4,1,33,23,10,40,17,23,6,2,4,30,15,15,7,4,3
53371805,14,8,6,0,5,1,0,1,2,0,0,1,0,2,2,0,0,0,0,7,5,2,3,0,3,0,0,0,4,3,1,0,0,0
53371807,451,253,198,26,97,47,72,26,20,16,8,36,20,36,33,2,21,8,13,171,113,58,169,86,83,8,4,4,58,31,27,24,11,13
53371808,39,22,17,0,5,4,6,3,2,5,0,6,0,2,4,1,2,0,2,9,6,3,16,10,6,1,0,1,10,5,5,1,1,0
53371809,17,9,8,0,2,1,2,5,1,0,0,0,1,2,2,0,1,0,1,11,6,5,5,3,2,0,0,0,0,0,0,0,0,0
57195401,262,147,115,9,58,23,37,37,8,6,7,17,17,18,17,2,17,10,7,105,76,29,90,41,49,4,0,4,39,15,24,7,5,2
53883301,178,89,89,9,30,17,26,10,7,4,3,34,10,12,6,1,6,5,1,38,24,14,73,35,38,3,1,2,53,19,34,5,5,0
53883302,160,82,78,5,30,12,22,9,8,10,5,16,6,14,11,1,6,4,2,53,33,20,54,25,29,4,2,2,38,16,22,5,2,3
53883303,533,281,252,7,80,47,89,30,10,32,24,69,36,38,33,3,19,9,10,113,74,39,208,96,112,14,5,9,153,81,72,26,16,10
53883304,305,162,143,1,43,22,35,17,8,33,17,52,17,25,19,1,6,1,5,28,18,10,118,56,62,9,5,4,143,81,62,1,1,0
53883305,204,102,102,0,27,11,30,13,5,13,7,40,10,12,16,0,12,6,6,41,25,16,74,35,39,6,1,5,67,32,35,4,3,1
59830501,340,192,148,6,51,21,71,15,11,31,13,49,16,18,22,1,10,8,2,67,47,20,142,72,70,8,4,4,102,53,49,11,8,3
53884101,703,367,336,14,96,45,100,55,24,53,36,117,32,49,39,1,25,13,12,152,96,56,223,102,121,19,8,11,275,140,135,9,8,1
53885001,699,376,323,13,94,63,147,62,22,55,25,79,31,32,47,7,32,22,10,204,135,69,279,127,152,17,4,13,144,71,73,23,17,6
53887601,2326,1238,1088,34,312,147,349,145,72,178,128,397,128,183,112,7,93,52,41,386,246,140,796,388,408,49,25,24,937,486,451,65,41,24
53888401,867,461,406,16,112,74,152,65,24,69,35,121,39,60,61,5,28,13,15,186,119,67,336,166,170,25,7,18,272,144,128,20,12,8
53888402,164,88,76,4,18,21,19,15,15,7,8,16,10,9,13,1,5,4,1,49,33,16,61,31,30,4,2,2,38,15,23,7,3,4
57164401,129,73,56,11,23,13,24,8,1,7,2,17,4,9,7,0,5,2,3,39,26,13,55,30,25,4,1,3,20,10,10,6,4,2
53889201,38,14,24,1,2,2,7,1,3,3,3,6,2,0,3,0,1,0,1,5,2,3,15,5,10,0,0,0,15,7,8,2,0,2
53889202,16,8,8,0,4,0,2,0,0,2,0,4,0,0,2,0,1,0,1,6,4,2,4,2,2,0,0,0,5,2,3,0,0,0
53889203,430,239,191,13,60,27,76,30,13,32,20,62,21,24,28,2,17,11,6,106,74,32,160,77,83,16,2,14,119,66,53,12,9,3
53889204,82,43,39,0,8,2,7,6,4,13,2,16,6,8,4,0,1,0,1,4,2,2,38,19,19,3,0,3,34,20,14,2,2,0
53889205,22,11,11,0,2,1,4,1,1,2,0,5,0,2,1,0,2,1,1,3,0,3,10,6,4,1,1,0,4,1,3,2,2,0
59971901,129,63,66,4,12,11,19,11,4,13,4,18,11,7,9,0,7,3,4,21,13,8,65,31,34,3,2,1,28,11,17,5,3,2
59971902,220,118,102,3,32,16,39,19,10,21,11,21,11,10,14,3,9,4,5,48,27,21,91,53,38,2,0,2,63,31,32,7,3,4
3078820,0,0,0,0,0,0,0,0,0,0,0,0,0,0,0,0,0,0,0,0,0,0,0,0,0,0,0,0,0,0,0,0,0,0
3078910,0,0,0,0,0,0,0,0,0,0,0,0,0,0,0,0,0,0,0,0,0,0,0,0,0,0,0,0,0,0,0,0,0,0
53895701,172,85,87,0,18,10,22,6,2,24,8,34,10,11,16,1,8,2,6,19,13,6,60,30,30,3,0,3,79,37,42,3,3,0
53895702,820,446,374,8,120,46,125,36,29,97,44,120,57,46,54,2,22,12,10,129,95,34,297,141,156,32,14,18,325,173,152,15,11,4
53895703,745,417,328,4,108,47,101,53,26,72,27,109,65,69,27,4,21,11,10,122,79,43,251,130,121,12,6,6,324,179,145,15,12,3
53895704,10,6,4,1,0,1,2,0,0,0,0,3,0,0,2,0,0,0,0,2,2,0,6,3,3,0,0,0,1,1,0,1,0,1
53895705,864,467,397,8,121,69,114,54,28,76,43,118,61,68,50,7,39,21,18,173,114,59,302,155,147,17,9,8,298,144,154,35,24,11
53895706,232,137,95,5,35,12,23,13,8,27,13,40,15,13,13,1,8,5,3,30,20,10,75,49,26,8,3,5,105,55,50,6,5,1
53895707,844,435,409,6,112,79,121,69,22,40,44,119,73,70,51,3,33,15,18,221,140,81,310,141,169,24,9,15,232,118,114,24,12,12
53896501,290,160,130,4,45,15,59,11,9,16,20,49,20,13,25,1,9,6,3,59,39,20,100,55,45,15,5,10,105,54,51,2,1,1
53896502,681,374,307,16,103,69,108,44,28,28,27,89,44,45,42,9,29,15,14,204,133,71,251,128,123,16,8,8,159,74,85,22,16,6
53897301,222,128,94,3,30,18,38,16,6,14,11,27,21,11,11,0,9,5,4,63,46,17,87,50,37,3,0,3,54,23,31,6,4,2
1793022,0,0,0,0,0,0,0,0,0,0,0,0,0,0,0,0,0,0,0,0,0,0,0,0,0,0,0,0,0,0,0,0,0,0
53898101,307,169,138,11,53,18,41,17,6,29,10,50,18,19,18,0,7,3,4,59,40,19,108,54,54,3,3,0,123,65,58,7,4,3
53898102,44,29,15,2,10,1,5,2,2,2,2,7,5,5,0,0,1,1,0,11,9,2,14,7,7,0,0,0,16,10,6,2,2,0
53898103,7,5,2,0,0,2,1,0,0,0,0,0,2,1,1,0,0,0,0,1,1,0,2,2,0,0,0,0,4,2,2,0,0,0
53898104,101,56,45,3,21,9,16,6,5,7,0,11,4,8,5,2,7,2,5,25,20,5,30,10,20,0,0,0,30,16,14,9,8,1
53898105,17,9,8,0,3,2,2,1,0,2,0,1,1,5,0,0,1,1,0,5,4,1,3,1,2,1,0,1,6,3,3,1,0,1
53898106,75,44,31,3,14,1,14,7,2,5,5,10,2,4,4,0,2,2,0,20,14,6,29,15,14,2,0,2,20,11,9,2,2,0
53898107,1147,638,509,17,244,92,161,97,58,64,42,148,45,64,54,3,54,32,22,284,189,95,386,177,209,18,13,5,316,158,158,89,69,20
53898108,18,7,11,0,3,2,3,1,0,1,0,1,1,3,0,1,0,0,0,4,1,3,4,1,3,0,0,0,9,5,4,1,0,1
53898109,11,6,5,0,5,0,0,1,0,0,1,2,0,1,1,0,1,1,0,4,3,1,3,1,2,1,1,0,2,0,2,0,0,0
53899001,351,181,170,5,52,28,53,25,9,22,9,60,27,22,26,0,13,3,10,90,60,30,137,67,70,11,4,7,91,41,50,9,6,3
53387401,39,24,15,0,8,4,6,5,3,1,0,3,2,1,2,1,0,0,0,15,11,4,16,9,7,0,0,0,5,3,2,3,1,2
53387403,66,36,30,4,12,4,7,2,5,2,0,13,5,6,3,0,3,2,1,13,9,4,30,13,17,2,1,1,13,7,6,5,4,1
53387404,23,16,7,0,3,1,4,2,2,1,1,3,3,0,1,0,1,1,0,13,9,4,2,2,0,2,0,2,1,1,0,4,3,1
53901501,236,123,113,2,34,25,32,14,5,16,9,37,16,12,17,2,8,4,4,61,39,22,81,40,41,4,2,2,71,30,41,11,8,3
53901502,199,116,83,4,24,25,24,20,10,12,7,22,14,9,18,0,13,8,5,68,42,26,62,35,27,4,2,2,41,22,19,11,7,4
53903101,40,19,21,0,3,3,9,2,2,2,2,5,1,6,0,0,0,0,0,10,8,2,20,7,13,1,0,1,9,4,5,0,0,0
53903102,110,58,52,3,14,10,15,5,1,16,3,12,7,9,8,1,1,0,1,25,15,10,43,21,22,6,4,2,35,18,17,0,0,0
53903104,380,214,166,4,57,40,62,25,5,26,13,62,18,31,18,3,12,8,4,73,50,23,142,85,57,11,4,7,130,59,71,12,8,4
53904001,52,28,24,4,10,1,7,11,2,1,1,4,4,2,4,0,1,0,1,19,11,8,17,9,8,1,0,1,10,6,4,4,2,2
53904002,25,10,15,3,2,0,5,2,1,2,1,3,2,3,0,0,1,1,0,9,5,4,9,2,7,0,0,0,5,2,3,1,0,1
53904003,288,169,119,14,67,21,45,25,11,10,7,28,14,18,8,3,14,7,7,102,72,30,99,54,45,9,5,4,51,24,27,13,7,6
56479601,95,49,46,3,15,10,17,13,3,3,2,9,5,8,4,0,4,2,2,46,28,18,31,14,17,1,0,1,9,3,6,4,2,2
53390401,46,27,19,0,4,4,9,1,1,5,1,12,1,5,0,2,1,0,1,9,8,1,18,10,8,1,0,1,16,8,8,1,1,0
53390402,369,202,167,8,56,31,67,30,23,21,4,43,12,18,21,4,15,7,8,135,81,54,135,69,66,12,3,9,61,33,28,11,9,2
50578101,328,182,146,9,75,24,61,27,8,8,7,37,16,20,18,3,19,12,7,101,61,40,117,55,62,3,1,2,60,32,28,28,21,7
50578102,66,39,27,4,13,7,8,1,5,5,1,10,1,4,5,0,4,3,1,28,19,9,19,7,12,1,0,1,11,7,4,3,3,0
50578103,66,36,30,5,8,9,12,2,3,3,0,7,5,2,4,1,1,0,1,26,17,9,19,8,11,2,1,1,13,7,6,5,3,2
53536201,156,87,69,4,31,20,19,12,4,8,4,17,13,8,8,0,8,5,3,41,29,12,62,29,33,4,2,2,36,20,16,5,2,3
53536202,432,230,202,13,95,46,62,35,11,10,7,38,34,35,29,2,22,9,13,133,99,34,160,67,93,14,3,11,85,40,45,18,12,6
53905801,164,87,77,2,18,9,21,12,13,18,11,25,8,9,8,1,6,4,2,23,17,6,73,39,34,0,0,0,59,27,32,3,0,3
53905802,381,208,173,3,48,28,59,19,16,24,11,72,17,34,24,2,25,13,12,85,62,23,142,69,73,11,3,8,103,52,51,15,9,6
53905803,67,35,32,1,10,3,8,0,1,6,5,13,5,6,8,0,0,0,0,3,2,1,26,15,11,3,2,1,34,15,19,1,1,0
53905804,597,313,284,4,62,38,82,39,31,48,36,114,32,36,48,4,25,9,16,68,42,26,152,79,73,16,7,9,305,154,151,31,22,9
53905805,330,179,151,2,43,20,43,22,11,26,15,61,10,25,31,3,6,3,3,47,29,18,126,65,61,8,3,5,131,68,63,12,11,1
53905806,154,82,72,1,7,9,15,14,12,9,9,36,13,9,13,0,4,3,1,26,16,10,66,33,33,4,1,3,51,26,25,3,3,0
53905807,374,211,163,6,39,41,68,23,25,16,13,70,20,21,16,1,16,9,7,85,58,27,142,67,75,14,7,7,96,53,43,21,17,4
53905808,327,195,132,8,43,30,34,33,14,11,7,60,22,17,22,6,18,9,9,85,54,31,115,62,53,11,6,5,67,38,29,31,26,5
53906601,24,15,9,6,2,2,2,3,0,1,0,3,3,1,0,0,1,1,0,10,6,4,8,5,3,1,1,0,4,2,2,0,0,0
53906602,1641,873,768,13,198,112,229,74,64,159,100,304,84,132,104,6,60,36,24,263,163,100,549,268,281,37,16,21,681,356,325,51,34,17
51364401,241,135,106,0,36,15,55,23,8,13,9,27,18,19,9,2,11,8,3,43,32,11,98,48,50,8,3,5,76,41,35,5,3,2
53908201,643,366,277,1,73,52,76,38,31,78,35,109,41,38,37,2,13,7,6,93,68,25,232,138,94,16,6,10,265,133,132,24,14,10
53909101,287,161,126,4,53,26,42,30,8,18,8,32,14,15,21,1,9,5,4,106,67,39,107,52,55,3,1,2,58,33,25,4,3,1
53909102,23,11,12,1,4,1,4,0,0,2,3,1,1,2,4,0,1,1,0,4,3,1,10,4,6,0,0,0,8,3,5,0,0,0
53910401,24,13,11,1,4,1,3,4,1,1,1,5,0,2,1,0,1,0,1,5,4,1,10,5,5,0,0,0,8,4,4,0,0,0
53910402,30,18,12,3,9,4,3,3,1,0,1,0,2,1,1,0,3,2,1,18,13,5,6,3,3,0,0,0,2,0,2,1,0,1
53910403,107,68,39,8,20,8,17,6,2,3,2,11,8,6,8,1,6,3,3,40,32,8,35,20,15,2,1,1,17,8,9,7,4,3
53910404,60,34,26,6,10,5,8,6,2,1,1,4,4,1,6,1,2,2,0,26,18,8,20,10,10,2,1,1,7,1,6,3,2,1
53910405,38,23,15,3,8,3,4,1,1,2,1,3,2,3,2,1,0,0,0,11,7,4,18,12,6,1,0,1,8,4,4,0,0,0
57119901,97,50,47,1,16,8,15,5,5,5,5,12,6,5,4,0,1,0,1,24,15,9,43,24,19,2,0,2,21,8,13,6,3,3
57119902,15,5,10,1,2,0,3,1,0,0,0,3,1,2,1,0,1,0,1,9,4,5,4,0,4,0,0,0,0,0,0,1,1,0
59973501,183,105,78,1,29,10,24,12,11,13,6,24,14,19,12,2,7,5,2,42,24,18,70,44,26,2,1,1,60,29,31,2,2,0
59973502,198,102,96,2,31,10,32,12,14,12,9,24,13,16,7,3,5,1,4,56,36,20,59,23,36,6,2,4,66,36,30,6,4,2
59973503,375,203,172,3,59,15,54,29,10,29,11,67,24,29,26,3,15,7,8,73,53,20,162,80,82,5,0,5,102,53,49,18,10,8
59973504,20,10,10,0,3,1,2,3,1,3,0,0,4,1,0,1,3,2,1,7,4,3,3,1,2,1,1,0,6,2,4,0,0,0
54004801,10,5,5,0,2,1,1,0,1,0,0,0,1,1,2,0,0,0,0,1,1,0,5,3,2,0,0,0,4,1,3,0,0,0
54004802,159,90,69,4,21,11,14,14,10,7,2,22,16,7,23,1,7,6,1,37,28,9,72,35,37,1,1,0,41,20,21,1,0,1
53912101,287,156,131,6,39,28,41,10,5,19,9,39,17,24,24,3,5,4,1,63,45,18,111,53,58,8,4,4,84,41,43,16,9,7
53913901,902,488,414,11,103,66,95,37,27,68,31,151,60,90,73,11,28,16,12,149,104,45,268,134,134,21,7,14,389,195,194,47,32,15
53913902,1033,550,483,10,113,64,118,30,27,89,61,191,64,98,94,11,18,15,3,114,82,32,312,146,166,25,8,17,537,282,255,27,17,10
53913903,1982,1053,929,25,198,120,236,61,80,160,102,356,145,195,156,13,59,40,19,290,192,98,630,289,341,38,13,25,924,495,429,41,24,17
53221501,780,411,369,15,108,57,126,93,31,38,27,115,54,35,43,3,41,15,26,207,135,72,308,152,156,28,10,18,175,83,92,21,16,5
53221502,46,23,23,2,5,2,9,7,2,2,4,5,3,5,0,0,1,0,1,11,8,3,19,8,11,2,2,0,13,5,8,0,0,0
53914701,60,33,27,10,6,8,6,4,7,1,2,6,1,2,5,1,2,1,1,19,12,7,26,11,15,1,1,0,8,5,3,4,3,1
53914702,103,55,48,9,6,10,11,15,8,4,2,11,3,8,11,2,10,6,4,30,18,12,29,17,12,1,0,1,26,11,15,7,3,4
53915501,179,104,75,3,24,18,19,14,8,8,5,29,11,16,15,1,9,6,3,64,46,18,68,32,36,2,0,2,31,16,15,5,4,1
53915502,404,219,185,10,55,44,57,22,13,32,11,34,34,32,31,3,11,6,5,134,90,44,144,60,84,10,5,5,90,47,43,15,11,4
53916301,474,263,211,16,67,36,60,33,20,37,15,68,35,40,25,2,20,13,7,124,95,29,166,78,88,5,2,3,136,59,77,23,16,7
53916302,88,44,44,1,14,2,22,3,4,2,3,16,7,5,4,2,5,3,2,28,17,11,29,14,15,1,0,1,23,9,14,2,1,1
53916303,156,90,66,3,23,9,21,14,9,10,3,26,11,10,5,2,8,6,2,46,29,17,48,28,20,4,1,3,47,24,23,3,2,1
53916305,215,122,93,4,35,13,35,17,7,10,9,34,12,17,12,0,9,5,4,51,42,9,87,44,43,5,3,2,61,26,35,2,2,0
53917101,317,169,148,10,44,20,37,56,17,15,10,33,24,18,20,1,14,6,8,83,57,26,147,77,70,5,0,5,65,27,38,3,2,1
53918001,271,173,98,16,33,14,38,46,5,11,13,31,20,8,19,8,11,5,6,59,45,14,79,40,39,7,5,2,74,40,34,41,38,3
53919801,580,308,272,14,67,60,62,15,21,43,17,103,33,44,48,4,20,12,8,74,50,24,177,86,91,23,9,14,273,143,130,13,8,5
53919802,1313,687,626,14,149,102,174,63,44,110,50,195,79,153,105,9,49,26,23,225,140,85,431,208,223,41,11,30,515,265,250,52,37,15
53921001,1920,1016,904,22,188,121,282,84,66,209,112,365,71,136,127,20,104,59,45,264,163,101,627,310,317,38,16,22,821,418,403,66,50,16
53921002,352,193,159,5,40,17,53,15,18,23,21,68,21,23,18,3,14,9,5,52,35,17,123,58,65,10,3,7,142,81,61,11,7,4
53921003,159,87,72,2,16,17,36,9,5,8,5,23,6,8,10,2,4,2,2,37,25,12,73,37,36,3,0,3,40,22,18,2,1,1
53921004,45,27,18,1,5,4,10,6,0,1,0,13,1,2,0,0,3,1,2,11,9,2,21,11,10,1,0,1,7,4,3,2,2,0
53114601,773,435,338,6,98,47,105,78,15,90,56,106,39,41,59,6,41,25,16,133,92,41,266,139,127,10,3,7,294,157,137,29,19,10
53922801,424,229,195,7,65,43,61,31,27,21,6,54,27,28,23,4,19,12,7,142,86,56,140,70,70,8,4,4,94,42,52,21,15,6
53922802,92,52,40,12,9,7,10,8,4,8,2,11,12,4,2,1,6,6,0,24,14,10,27,15,12,3,1,2,30,14,16,2,2,0
53922803,742,399,343,9,54,34,108,46,26,63,33,128,92,52,59,5,12,7,5,77,53,24,284,148,136,32,12,20,307,157,150,30,22,8
53923601,41,17,24,0,5,2,4,1,1,0,0,7,3,9,6,1,1,1,0,12,7,5,11,4,7,0,0,0,17,5,12,0,0,0
53923602,2727,1451,1276,36,285,151,343,202,129,202,132,427,185,254,200,19,95,58,37,466,291,175,938,483,455,83,38,45,1076,542,534,69,39,30
0458372,0,0,0,0,0,0,0,0,0,0,0,0,0,0,0,0,0,0,0,0,0,0,0,0,0,0,0,0,0,0,0,0,0,0
53924401,59,33,26,1,7,4,12,5,3,2,2,11,2,4,1,2,2,0,2,18,12,6,24,13,11,1,0,1,12,7,5,2,1,1
53924402,2746,1468,1278,19,319,134,410,303,136,206,104,398,165,187,212,21,123,67,56,536,346,190,927,457,470,78,36,42,997,505,492,85,57,28
53924403,2638,1356,1282,23,326,128,414,280,101,166,111,382,165,154,239,23,111,64,47,474,290,184,965,452,513,81,38,43,930,462,468,77,50,27
53924405,15,10,5,1,4,1,0,0,0,0,1,1,2,2,1,0,1,1,0,2,1,1,5,2,3,1,1,0,5,4,1,1,1,0
53925201,187,98,89,4,28,18,25,10,5,12,4,28,13,13,13,3,17,7,10,55,33,22,62,34,28,7,3,4,46,21,25,0,0,0
53925202,714,386,328,47,86,64,91,48,29,44,22,93,37,74,41,6,22,13,9,194,135,59,273,129,144,14,2,12,183,88,95,28,19,9
53925203,218,124,94,7,33,23,26,15,9,13,3,29,12,17,12,3,10,8,2,61,42,19,83,45,38,4,1,3,54,24,30,6,4,2
53925204,132,72,60,2,25,18,24,6,7,2,6,13,8,7,7,1,5,2,3,36,19,17,53,30,23,2,0,2,33,19,14,3,2,1
53926101,303,174,129,8,33,20,32,24,12,23,6,49,19,30,24,2,5,5,0,85,56,29,106,56,50,11,6,5,90,45,45,6,6,0
53928701,182,101,81,3,19,16,35,14,6,3,6,26,12,10,18,1,13,7,6,58,44,14,71,30,41,3,1,2,35,18,17,2,1,1
53928702,10,5,5,2,1,0,0,2,0,0,0,1,1,0,1,0,0,0,0,8,5,3,1,0,1,0,0,0,1,0,1,0,0,0
53929501,610,326,284,7,95,38,107,43,15,31,29,92,48,32,42,9,19,8,11,155,95,60,214,99,115,19,7,12,170,92,78,33,25,8
53930901,152,88,64,0,14,10,27,5,3,22,8,28,8,9,13,0,1,1,0,13,12,1,53,31,22,3,1,2,78,40,38,4,3,1
53930902,2431,1284,1147,29,230,112,348,233,92,216,149,375,185,163,185,16,69,41,28,340,234,106,937,502,435,86,29,57,941,441,500,58,37,21
51343101,255,138,117,4,34,24,27,23,12,21,11,39,15,17,15,3,14,8,6,42,32,10,95,43,52,5,1,4,93,50,43,6,4,2
53931702,710,379,331,9,71,54,103,131,41,29,21,96,47,27,45,7,50,25,25,239,145,94,265,124,141,10,2,8,121,65,56,25,18,7
53932501,499,264,235,1,54,40,90,28,21,46,17,92,14,30,35,4,13,9,4,85,53,32,188,78,110,11,6,5,195,114,81,7,4,3
53932502,143,76,67,0,22,6,15,5,6,17,9,26,9,15,7,0,4,4,0,11,6,5,39,18,21,3,0,3,84,46,38,2,2,0
53932503,3250,1706,1544,37,383,221,608,171,131,263,161,517,132,176,244,34,145,85,60,537,320,217,1175,593,582,83,32,51,1171,588,583,139,88,51
53932504,182,99,83,2,17,14,38,22,9,11,6,13,4,20,7,2,5,3,2,58,39,19,68,31,37,4,1,3,40,20,20,7,5,2
53932505,188,101,87,0,16,8,34,2,12,20,14,49,5,4,8,1,3,2,1,6,3,3,53,31,22,11,7,4,111,56,55,4,2,2
53932506,518,278,240,9,58,28,77,53,20,35,26,104,23,26,33,6,25,16,9,93,60,33,211,103,108,16,11,5,154,76,78,19,12,7
53932507,29,17,12,0,1,2,5,1,0,3,3,6,1,5,0,0,1,1,0,0,0,0,12,4,8,0,0,0,16,12,4,0,0,0
53932508,33,19,14,0,6,2,4,2,3,2,0,7,0,1,3,0,3,1,2,8,5,3,12,7,5,0,0,0,10,6,4,0,0,0
53932509,70,36,34,0,6,3,11,3,4,6,9,12,2,4,4,1,2,0,2,10,6,4,20,9,11,5,1,4,33,20,13,0,0,0
53932510,42,20,22,1,2,1,18,2,1,5,0,6,1,2,3,0,3,2,1,3,2,1,23,9,14,0,0,0,13,7,6,0,0,0
53932512,123,61,62,0,14,10,27,3,5,5,7,25,5,8,5,0,6,3,3,12,8,4,41,20,21,2,1,1,58,26,32,4,3,1
53932513,725,376,349,4,63,55,140,27,30,86,41,139,27,39,35,9,26,11,15,71,45,26,246,111,135,12,5,7,344,188,156,26,16,10
53933301,109,61,48,1,27,10,11,7,3,8,4,13,8,4,8,1,8,5,3,34,24,10,50,24,26,4,2,2,11,5,6,2,1,1
53933302,79,45,34,0,10,12,17,0,4,6,2,9,6,5,4,2,4,2,2,28,18,10,30,14,16,1,0,1,13,9,4,3,2,1
53933303,1582,831,751,32,243,124,197,105,61,105,65,220,93,130,102,14,55,37,18,383,231,152,587,282,305,39,17,22,436,211,225,82,53,29
53933304,132,76,56,1,19,12,17,8,5,7,4,15,10,13,9,1,5,2,3,33,22,11,50,28,22,2,0,2,34,17,17,8,7,1
53933305,421,222,199,8,57,36,77,22,15,27,11,69,19,33,31,4,17,7,10,105,67,38,161,83,78,6,1,5,126,61,65,6,3,3
53933307,156,89,67,1,19,18,13,16,8,8,5,34,5,9,7,1,4,2,2,48,33,15,62,27,35,3,2,1,34,20,14,5,5,0
53933308,22,12,10,0,2,4,1,1,0,0,0,6,1,0,5,0,1,1,0,6,5,1,5,1,4,3,1,2,7,4,3,0,0,0
53933309,111,69,42,6,22,13,12,10,5,5,2,5,7,8,8,0,6,5,1,43,32,11,34,18,16,0,0,0,26,12,14,2,2,0
53933310,16,9,7,0,1,3,3,2,0,0,0,1,3,0,3,0,1,0,1,6,5,1,8,4,4,0,0,0,1,0,1,0,0,0
53934101,429,241,188,15,60,34,55,18,23,31,16,72,32,19,21,7,9,5,4,86,62,24,154,74,80,15,8,7,124,59,65,41,33,8
53935001,1286,651,635,13,146,67,190,117,50,99,71,200,101,66,111,11,54,27,27,269,177,92,456,224,232,35,13,22,443,197,246,29,13,16
53936801,64,35,29,1,5,2,13,8,4,3,3,7,5,3,6,2,6,4,2,21,15,6,23,9,14,1,0,1,13,7,6,0,0,0
53936802,116,61,55,0,27,7,21,5,2,8,0,14,3,6,10,1,8,5,3,30,19,11,55,28,27,3,0,3,15,7,8,5,2,3
53936803,411,232,179,6,83,27,63,30,23,14,2,48,30,21,42,7,20,11,9,154,106,48,134,68,66,9,1,8,65,27,38,29,19,10
53936804,202,116,86,5,41,13,30,16,6,10,5,22,8,10,22,3,12,8,4,70,46,24,72,33,39,3,1,2,37,22,15,8,6,2
59972701,277,140,137,3,30,23,31,13,12,23,8,52,16,18,28,3,12,7,5,40,28,12,113,51,62,4,2,2,98,47,51,10,5,5
57121101,441,233,208,13,55,26,54,24,17,33,21,85,32,24,36,3,15,8,7,99,63,36,152,74,78,6,3,3,155,77,78,14,8,6
53938401,359,198,161,13,33,29,38,75,22,13,14,38,20,22,25,4,22,8,14,106,65,41,139,76,63,6,4,2,76,37,39,10,8,2
53939201,477,257,220,9,58,42,69,33,14,19,21,78,36,33,33,3,19,11,8,116,81,35,164,75,89,8,3,5,153,77,76,17,10,7
57126101,22,12,10,0,4,2,2,2,1,0,1,3,3,1,1,0,0,0,0,5,5,0,8,3,5,1,0,1,8,4,4,0,0,0
57126102,264,142,122,5,46,22,25,9,15,18,8,32,18,22,22,3,5,2,3,72,49,23,90,40,50,5,1,4,85,46,39,7,4,3
53940601,766,406,360,19,88,55,104,30,28,63,35,114,49,75,49,10,22,13,9,124,82,42,293,141,152,21,10,11,276,140,136,30,20,10
53940602,50,29,21,2,7,3,8,4,3,2,0,5,2,6,4,1,2,2,0,14,9,5,18,9,9,1,0,1,13,8,5,2,1,1
53941401,633,343,290,25,107,25,86,50,23,25,29,96,48,47,35,1,31,14,17,186,116,70,222,113,109,13,6,7,168,85,83,13,9,4
53941402,491,247,244,11,89,32,48,31,13,19,9,82,34,42,42,6,30,17,13,160,98,62,143,64,79,8,3,5,134,56,78,16,9,7
53941403,719,404,315,11,122,40,78,45,17,31,33,128,53,55,55,5,27,13,14,179,121,58,273,136,137,11,5,6,209,113,96,20,16,4
53942201,390,212,178,13,65,37,61,25,21,28,11,52,18,15,24,3,17,9,8,122,83,39,160,70,90,11,3,8,70,41,29,10,6,4
53942202,83,50,33,2,13,7,18,10,3,2,2,12,2,1,8,0,7,5,2,23,14,9,26,15,11,3,3,0,15,7,8,9,6,3
53942203,24,11,13,1,0,0,5,2,0,4,1,6,0,1,2,0,0,0,0,9,4,5,11,6,5,0,0,0,3,0,3,1,1,0
53942204,409,212,197,10,58,34,58,23,13,21,21,69,30,21,31,3,10,3,7,94,64,30,166,79,87,2,1,1,106,46,60,31,19,12
57132601,47,28,19,2,13,4,3,5,2,0,1,5,6,4,2,0,11,8,3,15,9,6,14,7,7,1,0,1,1,0,1,5,4,1
57132602,176,94,82,0,20,16,20,17,7,17,8,22,19,17,6,0,8,4,4,26,22,4,63,29,34,3,2,1,69,33,36,7,4,3
53945701,250,139,111,6,35,20,42,14,8,17,4,38,19,11,14,2,9,7,2,37,28,9,87,41,46,9,4,5,89,44,45,19,15,4
53945702,107,59,48,1,17,8,17,10,7,7,1,13,7,6,6,1,8,6,2,20,13,7,47,23,24,3,2,1,25,12,13,4,3,1
53945703,86,47,39,0,14,6,14,2,5,7,3,12,7,4,6,0,4,2,2,23,15,8,30,16,14,3,2,1,22,8,14,4,4,0
53949001,433,228,205,7,58,19,48,22,25,31,19,72,26,32,42,3,14,9,5,91,52,39,149,82,67,15,5,10,152,74,78,12,6,6
54076502,2569,1345,1224,30,416,162,319,147,119,184,102,363,199,182,221,22,138,78,60,639,406,233,850,402,448,67,16,51,799,391,408,76,52,24
54076503,192,99,93,7,17,7,31,7,6,20,8,34,10,17,14,2,10,3,7,26,16,10,56,28,28,7,4,3,90,46,44,3,2,1
54076504,294,159,135,2,37,17,31,16,10,28,16,51,25,24,23,0,10,4,6,56,38,18,103,51,52,10,4,6,107,58,49,8,4,4
54076505,164,86,78,2,21,12,18,14,4,12,9,28,17,7,10,0,2,2,0,41,29,12,59,25,34,6,3,3,53,26,27,3,1,2
53161801,270,150,120,2,37,18,37,21,11,14,8,40,16,20,28,1,8,7,1,56,35,21,95,51,44,7,3,4,97,49,48,7,5,2
53161803,718,378,340,6,94,62,112,51,25,48,23,104,50,50,62,5,29,13,16,138,91,47,268,113,155,23,10,13,228,128,100,32,23,9
53161804,44,24,20,0,12,3,6,6,1,2,1,4,1,1,4,0,5,4,1,19,12,7,14,7,7,0,0,0,4,1,3,2,0,2
53161805,306,159,147,4,36,18,44,29,6,24,16,44,13,30,31,2,6,6,0,55,38,17,107,52,55,12,8,4,122,53,69,4,2,2
53950301,456,258,198,5,71,28,64,18,21,42,18,87,29,29,12,10,13,7,6,77,53,24,159,84,75,7,4,3,186,103,83,14,7,7
53950302,368,204,164,5,42,37,63,21,10,27,10,57,22,28,22,1,9,5,4,69,46,23,144,84,60,15,3,12,119,58,61,12,8,4
57133401,31,19,12,0,4,2,4,5,0,1,0,6,1,3,1,0,3,3,0,10,8,2,8,4,4,1,0,1,8,4,4,1,0,1
57133402,31,20,11,0,2,4,4,2,1,1,2,8,2,0,4,0,3,3,0,6,1,5,8,5,3,0,0,0,11,8,3,3,3,0
53951101,301,180,121,5,59,34,51,26,8,15,11,29,11,23,15,2,9,6,3,114,83,31,119,55,64,5,3,2,50,30,20,4,3,1
53951102,57,37,20,3,8,4,6,7,2,3,1,5,2,5,5,1,3,2,1,22,17,5,20,12,8,3,0,3,9,6,3,0,0,0
53951103,86,50,36,2,16,8,13,10,2,4,3,12,4,3,8,0,7,4,3,24,19,5,37,17,20,0,0,0,17,10,7,1,0,1
53952001,539,283,256,5,58,49,91,27,21,33,25,77,32,34,50,4,23,10,13,128,77,51,151,70,81,13,5,8,207,113,94,17,8,9
53954601,42,24,18,0,3,4,7,5,1,3,1,7,2,5,1,0,0,0,0,11,8,3,14,10,4,1,1,0,15,4,11,1,1,0
53954602,102,55,47,3,11,4,16,7,5,6,3,23,6,7,7,1,3,3,0,19,13,6,38,20,18,2,1,1,38,18,20,2,0,2
53954603,20,12,8,1,5,2,1,2,0,0,0,4,2,1,1,0,1,1,0,9,6,3,7,3,4,0,0,0,0,0,0,3,2,1
53954604,220,133,87,3,32,26,35,15,8,14,6,33,15,6,10,1,8,5,3,60,48,12,74,37,37,2,1,1,66,34,32,10,8,2
53954605,53,32,21,2,5,4,7,4,3,2,0,12,0,2,5,3,1,0,1,13,8,5,27,16,11,2,1,1,6,5,1,4,2,2
53956201,100,59,41,2,18,8,15,4,2,3,3,13,5,9,13,0,4,1,3,30,22,8,32,11,21,2,1,1,25,17,8,7,7,0
53956202,71,37,34,4,14,7,9,4,6,2,2,9,3,4,4,1,1,0,1,27,13,14,24,14,10,3,1,2,16,9,7,0,0,0
53956203,54,32,22,4,11,2,2,5,2,6,1,7,1,5,6,1,4,2,2,15,11,4,17,11,6,4,1,3,13,6,7,1,1,0
53957101,36,21,15,0,5,4,4,2,7,3,0,2,2,2,0,0,2,1,1,10,6,4,12,6,6,0,0,0,10,7,3,2,1,1
53957103,294,149,145,3,52,15,47,9,2,14,14,64,15,18,12,0,8,5,3,33,20,13,110,49,61,11,3,8,120,64,56,12,8,4
53957104,89,51,38,1,11,4,16,5,2,8,6,20,2,5,5,0,0,0,0,5,4,1,26,13,13,3,1,2,52,31,21,3,2,1
53957105,1043,564,479,20,143,56,169,39,62,63,38,231,33,65,36,10,35,18,17,159,107,52,319,142,177,22,6,16,449,258,191,59,33,26
53959701,149,80,69,0,18,16,16,5,7,14,5,25,5,19,12,1,6,5,1,39,26,13,53,22,31,5,3,2,43,23,20,3,1,2
53959702,1079,568,511,17,118,88,136,42,52,112,61,145,49,91,99,6,35,15,20,203,134,69,392,183,209,20,9,11,398,209,189,31,18,13
53959703,274,139,135,3,49,14,48,28,8,10,9,29,10,33,16,4,16,8,8,89,48,41,97,49,48,3,0,3,53,24,29,16,10,6
53959704,712,372,340,9,93,46,96,38,18,48,30,130,39,47,79,3,59,32,27,142,83,59,219,106,113,14,7,7,256,132,124,22,12,10
53959706,66,37,29,2,2,10,7,3,8,3,1,6,3,11,5,1,2,2,0,14,8,6,25,15,10,4,0,4,19,11,8,2,1,1
53278901,509,256,253,5,62,23,84,55,14,37,29,73,34,34,42,0,15,5,10,83,52,31,211,93,118,11,7,4,183,95,88,6,4,2
53278903,31,17,14,1,5,1,4,5,1,5,1,2,1,2,2,0,0,0,0,6,5,1,12,4,8,1,1,0,12,7,5,0,0,0
57131801,44,23,21,4,5,7,7,3,1,2,1,5,3,3,1,1,2,1,1,11,7,4,21,10,11,1,0,1,7,4,3,2,1,1
57131802,97,52,45,10,8,6,27,4,2,3,2,7,10,5,6,2,5,3,2,23,13,10,38,21,17,3,1,2,25,13,12,3,1,2
3079550,0,0,0,0,0,0,0,0,0,0,0,0,0,0,0,0,0,0,0,0,0,0,0,0,0,0,0,0,0,0,0,0,0,0
53962702,353,187,166,4,40,13,33,21,18,28,11,66,18,37,21,4,13,6,7,49,33,16,106,61,45,7,1,6,161,79,82,17,7,10
53962703,1737,940,797,14,164,81,193,114,56,158,70,353,123,166,133,14,55,33,22,244,154,90,524,283,241,45,16,29,806,419,387,63,35,28
53962704,1527,834,693,16,165,81,184,70,55,146,80,302,78,156,104,6,54,34,20,206,132,74,460,230,230,33,15,18,728,393,335,46,30,16
53962706,1103,583,520,7,120,49,121,62,46,96,45,206,78,122,71,6,30,19,11,149,109,40,395,187,208,28,10,18,476,242,234,25,16,9
53962707,13,8,5,0,2,0,1,3,2,2,1,1,0,0,1,0,0,0,0,4,3,1,4,2,2,0,0,0,5,3,2,0,0,0
53172301,35,16,19,0,8,5,6,1,1,1,0,4,2,2,1,0,4,2,2,11,6,5,12,6,6,1,0,1,7,2,5,0,0,0
53172302,1625,838,787,11,185,98,252,141,47,135,95,244,80,118,128,11,60,29,31,263,174,89,615,299,316,55,21,34,593,295,298,39,20,19
53172303,1046,557,489,11,150,69,168,115,30,58,37,138,71,69,64,7,54,26,28,270,178,92,391,194,197,33,12,21,270,127,143,28,20,8
53964301,1841,971,870,20,239,118,208,75,76,154,65,306,119,171,149,16,75,33,42,325,220,105,641,319,322,40,11,29,714,361,353,46,27,19
53965101,780,403,377,12,97,70,114,45,29,48,39,122,45,49,51,4,31,15,16,168,103,65,287,142,145,12,8,4,270,129,141,12,6,6
53966001,14,8,6,0,0,1,2,1,1,2,0,2,0,3,1,0,1,1,0,2,1,1,6,4,2,0,0,0,4,1,3,1,1,0
53966002,113,65,48,3,12,7,18,9,8,4,3,14,5,8,15,0,2,2,0,28,18,10,46,26,20,2,1,1,33,17,16,2,1,1
53966003,39,20,19,2,2,4,7,5,3,0,1,5,2,1,2,0,4,3,1,15,9,6,14,6,8,3,1,2,3,1,2,0,0,0
53966004,21,12,9,0,4,0,3,1,1,1,1,1,3,3,1,0,0,0,0,5,3,2,6,3,3,0,0,0,10,6,4,0,0,0
53966005,247,130,117,8,35,16,37,11,7,16,3,32,29,11,21,2,16,9,7,60,33,27,103,55,48,5,3,2,61,28,33,2,2,0
53968601,405,210,195,0,49,25,52,32,23,35,13,75,15,32,23,2,17,11,6,78,51,27,116,43,73,15,4,11,172,98,74,7,3,4
53968602,588,315,273,5,55,41,70,30,33,43,27,100,25,64,43,9,19,12,7,79,56,23,187,89,98,20,6,14,245,128,117,38,24,14
53970801,52,34,18,0,22,2,4,4,1,0,1,8,4,4,2,0,2,0,2,21,19,2,11,6,5,1,0,1,14,6,8,3,3,0
53970802,665,366,299,5,61,66,68,101,26,35,23,79,44,60,45,6,27,10,17,123,85,38,267,143,124,16,4,12,216,113,103,16,11,5
53970803,21,14,7,2,1,1,1,6,0,0,0,3,1,2,2,0,2,1,1,8,7,1,9,5,4,0,0,0,2,1,1,0,0,0
57134201,15,11,4,7,2,0,0,0,0,0,0,2,1,3,0,0,2,1,1,5,5,0,1,0,1,1,1,0,6,4,2,0,0,0
57134202,153,83,70,8,23,15,24,14,0,6,3,19,8,14,6,0,12,4,8,62,41,21,46,18,28,1,0,1,26,15,11,6,5,1
53973201,205,107,98,5,26,21,32,12,11,12,5,23,15,12,18,3,6,1,5,57,38,19,80,41,39,4,2,2,55,23,32,3,2,1
53973202,50,25,25,0,3,1,6,4,7,3,1,13,3,3,2,1,2,1,1,16,10,6,15,4,11,2,2,0,13,8,5,2,0,2
53973203,112,59,53,0,8,10,15,8,7,9,2,25,11,2,8,0,5,3,2,27,19,8,44,23,21,5,1,4,29,13,16,2,0,2
53973204,628,341,287,20,120,44,63,41,36,40,21,90,36,43,38,8,28,19,9,183,119,64,223,105,118,15,6,9,148,70,78,31,22,9
53973205,20,10,10,0,4,3,0,0,2,0,1,3,3,2,1,0,1,0,1,8,5,3,7,4,3,3,0,3,1,1,0,0,0,0
53973206,90,50,40,4,19,3,10,7,7,3,3,9,12,3,2,1,3,2,1,35,26,9,27,12,15,1,0,1,20,8,12,4,2,2
53182101,490,262,228,12,54,35,75,40,10,31,14,71,46,38,32,5,13,6,7,138,96,42,158,69,89,15,7,8,159,79,80,7,5,2
59831301,320,174,146,8,30,29,45,14,15,22,21,61,15,10,29,4,10,10,0,55,39,16,110,52,58,9,6,3,125,61,64,11,6,5
53975901,16,9,7,0,0,0,3,1,1,2,0,3,1,3,0,0,0,0,0,0,0,0,7,5,2,0,0,0,9,4,5,0,0,0
53975902,137,76,61,4,21,11,20,9,6,7,1,13,10,9,12,2,6,4,2,33,22,11,56,30,26,4,1,3,34,16,18,4,3,1
53975903,700,360,340,6,82,64,119,34,22,40,30,106,34,50,65,6,30,11,19,175,114,61,269,126,143,11,5,6,196,92,104,19,12,7
53976701,340,185,155,2,47,14,49,41,16,14,10,49,27,32,25,2,10,5,5,90,60,30,117,58,59,13,4,9,87,44,43,23,14,9
53976702,23,10,13,3,4,1,4,0,1,2,0,3,0,1,1,0,0,0,0,6,3,3,9,3,6,1,1,0,6,3,3,1,0,1
53976703,554,290,264,16,44,48,62,65,24,41,21,97,32,41,30,8,21,13,8,107,68,39,177,78,99,13,7,6,219,112,107,17,12,5
53977501,464,239,225,17,64,33,71,36,14,30,15,61,38,30,30,1,21,11,10,121,76,45,165,75,90,10,3,7,118,56,62,29,18,11
57135101,54,30,24,0,9,6,5,3,2,2,2,4,6,7,6,0,2,1,1,13,9,4,11,6,5,1,0,1,25,12,13,2,2,0
57135102,376,210,166,12,44,30,51,27,18,17,9,60,32,28,21,1,17,12,5,91,64,27,138,72,66,5,1,4,108,49,59,17,12,5
53299101,617,318,299,9,78,51,102,73,20,33,17,82,39,33,49,3,18,10,8,177,106,71,231,114,117,12,5,7,161,69,92,18,14,4
53980501,463,241,222,6,53,28,59,10,10,26,17,84,40,61,28,4,12,6,6,71,48,23,132,63,69,7,5,2,231,115,116,10,4,6
53981301,1138,557,581,11,102,61,143,84,35,111,49,208,95,85,87,5,69,16,53,156,94,62,354,154,200,29,16,13,498,261,237,32,16,16
53981302,844,440,404,10,87,60,115,62,31,76,41,124,48,77,59,12,40,24,16,159,101,58,287,140,147,23,8,15,312,151,161,23,16,7
51345801,42,20,22,0,4,1,5,1,2,4,2,12,2,3,2,0,1,1,0,6,4,2,21,8,13,0,0,0,13,7,6,1,0,1
51345802,94,53,41,1,9,2,34,2,2,10,10,10,6,1,5,0,8,6,2,6,3,3,29,17,12,1,1,0,47,25,22,3,1,2
51345803,1459,778,681,23,184,85,288,60,72,118,62,239,65,78,99,12,73,46,27,206,128,78,568,274,294,40,15,25,508,266,242,64,49,15
53983001,220,118,102,2,23,19,37,9,9,11,12,39,10,19,13,2,10,6,4,60,35,25,67,30,37,5,2,3,70,38,32,8,7,1
53983002,63,33,30,0,6,10,8,2,2,3,3,12,2,7,5,1,1,1,0,21,11,10,24,13,11,2,0,2,13,6,7,2,2,0
53984801,1281,690,591,17,175,117,167,99,58,59,42,181,81,104,100,7,57,33,24,299,204,95,469,214,255,31,10,21,377,196,181,48,33,15
53984802,96,57,39,2,11,12,14,6,1,8,5,11,5,9,5,0,1,1,0,25,20,5,42,20,22,1,0,1,23,12,11,4,4,0
53984803,102,53,49,0,11,6,8,5,6,9,1,24,8,6,10,0,5,3,2,34,23,11,39,16,23,0,0,0,23,10,13,1,1,0
53985601,528,270,258,9,69,38,57,34,18,39,19,86,35,45,42,4,24,16,8,108,69,39,207,90,117,9,3,6,158,77,81,22,15,7
53985602,357,198,159,8,50,30,33,23,9,22,6,57,25,37,27,3,17,11,6,91,61,30,120,60,60,11,5,6,107,51,56,11,10,1
57128801,170,89,81,2,24,10,20,12,3,15,11,29,10,12,15,1,4,2,2,25,13,12,64,35,29,2,0,2,68,35,33,7,4,3
53987201,857,452,405,8,87,68,125,53,33,85,52,131,60,31,76,8,20,11,9,132,90,42,321,152,169,23,10,13,334,174,160,27,15,12
53988102,228,110,118,23,28,17,42,16,11,8,4,23,18,9,16,0,26,10,16,74,37,37,93,49,44,3,0,3,30,12,18,2,2,0
53988103,581,321,260,12,83,53,76,41,29,35,20,87,34,33,38,8,18,9,9,168,115,53,204,92,112,11,4,7,140,71,69,40,30,10
53990201,109,55,54,1,6,9,17,8,4,12,5,15,11,6,6,0,3,1,2,28,15,13,53,26,27,0,0,0,21,10,11,4,3,1
53990202,242,127,115,4,24,12,32,10,9,28,15,52,10,10,19,2,8,2,6,20,14,6,87,40,47,6,2,4,114,65,49,7,4,3
53990203,723,401,322,16,100,76,87,35,23,59,33,100,44,62,48,6,17,10,7,164,111,53,247,116,131,19,11,8,248,133,115,28,20,8
52967201,92,56,36,15,32,6,8,3,1,2,0,4,6,3,9,0,3,0,3,30,23,7,36,20,16,1,0,1,18,9,9,4,4,0
56455901,14,9,5,0,6,0,2,1,1,0,0,2,0,0,2,0,0,0,0,7,6,1,7,3,4,0,0,0,0,0,0,0,0,0
56455902,11,7,4,3,1,2,0,0,3,0,0,1,1,0,0,0,0,0,0,5,4,1,4,2,2,0,0,0,2,1,1,0,0,0
56455904,68,41,27,3,21,6,8,0,6,2,0,6,10,2,1,2,5,2,3,31,21,10,21,12,9,0,0,0,10,5,5,1,1,0
53995301,273,137,136,21,54,23,44,9,7,6,7,17,26,27,22,1,5,1,4,92,55,37,118,54,64,9,6,3,42,17,25,7,4,3
53995302,70,42,28,4,17,7,12,4,3,0,0,5,5,5,5,2,6,3,3,21,19,2,28,14,14,1,1,0,14,5,9,0,0,0
53995303,123,67,56,3,26,14,21,10,1,6,1,11,6,5,11,1,7,3,4,37,26,11,42,16,26,2,1,1,22,11,11,13,10,3
53995304,321,174,147,7,75,30,40,18,9,8,9,25,30,20,41,2,27,12,15,101,69,32,115,60,55,16,5,11,47,21,26,15,7,8
53995306,83,44,39,4,28,2,6,6,4,0,2,8,7,7,6,0,5,4,1,31,19,12,36,16,20,1,0,1,9,5,4,1,0,1
53997001,71,38,33,7,14,3,5,2,4,3,0,10,5,6,5,2,4,0,4,23,17,6,26,10,16,0,0,0,9,4,5,9,7,2
53997002,31,17,14,2,6,9,3,1,1,1,0,2,0,3,2,0,1,1,0,12,7,5,10,6,4,0,0,0,8,3,5,0,0,0
53997003,58,38,20,9,23,4,4,2,3,2,0,2,1,0,5,0,4,1,3,24,19,5,19,13,6,2,1,1,8,3,5,1,1,0
53997004,38,20,18,3,10,4,0,3,0,0,0,1,4,2,8,0,2,1,1,19,11,8,9,4,5,1,1,0,6,2,4,1,1,0
53997005,13,9,4,0,2,0,4,2,3,0,0,0,0,0,0,0,0,0,0,11,8,3,1,0,1,0,0,0,1,1,0,0,0,0
3302640,0,0,0,0,0,0,0,0,0,0,0,0,0,0,0,0,0,0,0,0,0,0,0,0,0,0,0,0,0,0,0,0,0,0
53998801,53,29,24,6,14,2,6,3,2,2,0,4,5,7,2,0,3,1,2,22,14,8,12,5,7,1,1,0,10,5,5,5,3,2
53998803,105,55,50,4,37,5,11,7,1,2,0,7,6,12,9,1,3,1,2,37,25,12,37,17,20,5,1,4,22,10,12,1,1,0
0143200,0,0,0,0,0,0,0,0,0,0,0,0,0,0,0,0,0,0,0,0,0,0,0,0,0,0,0,0,0,0,0,0,0,0
0143540,0,0,0,0,0,0,0,0,0,0,0,0,0,0,0,0,0,0,0,0,0,0,0,0,0,0,0,0,0,0,0,0,0,0
0143620,0,0,0,0,0,0,0,0,0,0,0,0,0,0,0,0,0,0,0,0,0,0,0,0,0,0,0,0,0,0,0,0,0,0
54001301,35,20,15,1,11,3,1,3,2,1,2,4,0,3,3,0,2,1,1,14,10,4,11,5,6,0,0,0,8,4,4,0,0,0
54001302,18,12,6,1,6,3,2,0,0,0,0,0,0,3,3,0,1,1,0,5,4,1,8,5,3,1,0,1,3,2,1,0,0,0
54001303,28,18,10,4,10,1,4,1,0,0,3,0,3,0,1,0,1,0,1,7,7,0,15,8,7,2,0,2,3,3,0,0,0,0
54001304,32,18,14,2,14,5,4,0,1,1,1,0,0,1,1,1,2,2,0,15,10,5,10,3,7,1,0,1,3,3,0,1,0,1
54001305,17,9,8,0,5,1,2,0,1,0,0,3,0,1,4,0,0,0,0,5,3,2,8,5,3,0,0,0,4,1,3,0,0,0
54001306,175,90,85,6,34,13,25,10,3,4,1,17,19,23,12,4,8,3,5,44,32,12,77,37,40,2,1,1,40,15,25,4,2,2
54001307,332,166,166,15,116,23,40,20,8,2,6,22,23,26,26,0,21,13,8,132,74,58,112,53,59,10,3,7,47,17,30,10,6,4
54001309,10,7,3,0,4,2,0,0,0,0,0,2,1,0,0,0,3,2,1,6,5,1,0,0,0,0,0,0,1,0,1,0,0,0
54001310,54,30,24,0,26,5,4,0,0,0,0,2,4,4,4,0,2,1,1,22,11,11,22,14,8,1,0,1,6,3,3,1,1,0
54001311,338,186,152,13,117,21,36,19,8,6,14,14,25,30,24,2,17,7,10,123,86,37,118,58,60,8,3,5,61,24,37,11,8,3
54001312,101,54,47,1,26,8,17,10,5,1,1,6,5,12,6,1,4,4,0,27,15,12,44,24,20,2,1,1,21,8,13,3,2,1
54001313,134,70,64,6,49,9,16,9,1,1,1,13,7,11,7,0,7,1,6,47,32,15,48,26,22,1,1,0,25,8,17,6,2,4
54001314,348,197,151,11,105,29,45,16,18,4,3,22,31,25,21,5,51,28,23,126,81,45,97,45,52,13,5,8,42,25,17,19,13,6
54002101,17,9,8,1,2,5,2,1,0,0,0,0,1,2,0,0,0,0,0,10,6,4,5,2,3,0,0,0,2,1,1,0,0,0
54002102,7,5,2,1,0,0,2,0,0,2,1,0,0,0,1,0,0,0,0,0,0,0,3,3,0,2,0,2,2,2,0,0,0,0
54002103,204,105,99,10,34,21,19,10,8,14,8,17,22,12,23,1,9,6,3,54,36,18,92,42,50,3,2,1,44,18,26,2,1,1
56466401,33,20,13,4,6,2,3,2,0,2,0,1,1,2,8,0,1,1,0,11,7,4,13,8,5,1,0,1,6,3,3,1,1,0
56466402,11,8,3,1,6,0,1,0,0,0,0,1,0,0,2,0,0,0,0,2,1,1,4,4,0,0,0,0,5,3,2,0,0,0
56441902,79,44,35,9,22,9,6,6,1,0,1,5,10,3,7,0,2,1,1,31,20,11,34,19,15,0,0,0,8,2,6,4,2,2
54007201,197,102,95,5,87,11,14,11,5,6,2,12,16,11,9,1,12,7,5,77,46,31,77,33,44,0,0,0,25,12,13,6,4,2
54008101,35,19,16,1,7,5,6,3,1,0,0,4,3,0,1,0,5,3,2,17,13,4,10,1,9,0,0,0,2,1,1,1,1,0
54008102,179,101,78,18,42,12,15,8,8,5,9,22,12,2,17,2,15,9,6,66,41,25,59,35,24,8,1,7,27,13,14,4,2,2
54009901,137,72,65,11,30,18,19,8,1,2,3,12,12,7,14,0,5,1,4,64,47,17,41,15,26,4,0,4,20,7,13,3,2,1
54009902,83,46,37,7,20,17,9,4,1,1,3,5,4,2,7,0,2,0,2,41,26,15,26,14,12,0,0,0,12,5,7,2,1,1
51350401,229,133,96,15,53,24,36,6,5,6,9,25,9,8,21,4,7,3,4,75,55,20,97,50,47,5,1,4,32,16,16,13,8,5
54011101,197,102,95,2,29,15,21,11,6,17,7,36,6,15,23,1,9,4,5,32,21,11,71,32,39,6,2,4,68,36,32,11,7,4
54011102,40,19,21,1,4,1,4,5,0,2,3,6,4,2,5,1,2,1,1,9,6,3,10,3,7,1,0,1,17,9,8,1,0,1
54011103,40,20,20,0,5,0,5,2,1,1,2,7,4,3,10,0,3,0,3,11,7,4,17,9,8,1,0,1,8,4,4,0,0,0
54011104,21,14,7,5,2,0,3,1,1,1,1,2,0,0,1,0,1,1,0,8,7,1,4,2,2,0,0,0,7,3,4,1,1,0
54011105,334,174,160,4,57,26,50,20,12,12,8,32,31,29,30,1,12,7,5,82,50,32,124,62,62,9,3,6,98,49,49,9,3,6
54011107,34,19,15,1,8,0,4,2,0,5,1,5,3,3,2,0,3,3,0,4,3,1,14,9,5,2,2,0,11,2,9,0,0,0
54011108,767,407,360,8,155,41,107,30,22,47,28,75,91,67,60,2,28,14,14,177,103,74,275,130,145,15,7,8,243,135,108,29,18,11
54011109,35,23,12,7,8,1,5,2,1,0,0,4,1,2,1,0,2,2,0,17,12,5,13,7,6,0,0,0,2,1,1,1,1,0
54011110,612,324,288,8,123,44,79,33,18,32,18,82,46,42,52,6,18,10,8,176,115,61,234,114,120,11,5,6,157,74,83,16,6,10
54011111,1201,640,561,43,216,97,155,51,45,58,45,126,91,97,112,10,61,31,30,309,199,110,421,207,214,26,10,16,333,159,174,51,34,17
54011112,188,100,88,4,43,15,19,6,9,12,12,26,8,12,14,0,3,2,1,40,30,10,73,33,40,6,1,5,64,32,32,2,2,0
54011113,999,554,445,21,213,81,131,43,37,39,35,100,65,85,84,16,44,28,16,305,188,117,357,178,179,24,10,14,212,103,109,57,47,10
54012901,152,91,61,1,44,22,22,10,3,2,1,9,21,7,7,0,6,3,3,76,51,25,44,24,20,6,4,2,17,7,10,3,2,1
54012903,105,57,48,5,28,17,12,6,0,2,1,12,10,3,7,0,6,4,2,34,24,10,46,21,25,1,0,1,16,6,10,2,2,0
54012904,52,29,23,2,14,5,6,3,0,1,0,6,3,5,6,0,3,2,1,24,14,10,15,8,7,0,0,0,7,3,4,3,2,1
54012905,58,28,30,5,16,6,8,2,4,1,0,5,5,4,2,0,2,0,2,26,15,11,22,9,13,2,1,1,5,2,3,1,1,0
54012906,15,11,4,0,3,2,3,2,0,0,0,1,2,1,0,1,0,0,0,7,5,2,3,2,1,1,1,0,1,0,1,3,3,0
54012907,20,12,8,3,5,1,2,2,0,0,0,0,4,2,1,0,0,0,0,3,3,0,8,5,3,0,0,0,8,3,5,1,1,0
54012908,16,9,7,1,1,4,1,0,0,0,0,3,3,3,0,0,0,0,0,5,3,2,5,3,2,0,0,0,6,3,3,0,0,0
54012909,21,12,9,0,5,4,1,1,1,0,1,1,2,3,2,0,0,0,0,8,6,2,6,4,2,0,0,0,7,2,5,0,0,0
59929801,81,40,41,10,17,8,7,4,5,2,1,14,0,5,5,2,1,0,1,27,16,11,32,11,21,3,2,1,13,7,6,5,4,1
3302480,0,0,0,0,0,0,0,0,0,0,0,0,0,0,0,0,0,0,0,0,0,0,0,0,0,0,0,0,0,0,0,0,0,0
54014501,83,46,37,0,27,1,6,8,3,3,0,7,11,8,5,0,4,3,1,19,11,8,40,23,17,2,1,1,17,8,9,1,0,1
54014502,189,102,87,5,60,17,14,10,2,12,1,12,18,16,12,1,10,6,4,67,41,26,68,33,35,3,1,2,38,19,19,3,2,1
54015301,44,21,23,2,12,2,3,0,0,1,2,5,4,3,8,1,1,1,0,20,14,6,16,4,12,3,1,2,3,0,3,1,1,0
54015302,142,76,66,5,39,9,14,7,5,3,3,15,12,5,19,0,6,4,2,57,39,18,46,18,28,2,0,2,26,12,14,5,3,2
54015304,47,27,20,1,9,5,6,6,4,0,2,5,3,2,3,0,3,0,3,24,17,7,11,7,4,3,0,3,5,2,3,1,1,0
54017001,108,67,41,13,17,13,19,7,3,3,1,7,5,5,12,0,4,4,0,43,26,17,40,23,17,2,1,1,14,8,6,5,5,0
54017002,40,23,17,1,4,3,4,4,1,2,0,7,4,3,1,2,0,0,0,11,9,2,18,10,8,1,0,1,10,4,6,0,0,0
54017003,22,15,7,0,5,4,3,1,0,0,0,4,1,2,2,0,0,0,0,4,3,1,7,6,1,0,0,0,8,4,4,3,2,1
54017004,10,7,3,3,0,2,0,0,1,0,0,0,0,2,2,0,0,0,0,6,5,1,2,1,1,0,0,0,2,1,1,0,0,0
54018801,119,63,56,11,23,8,13,5,5,6,4,13,5,11,11,0,4,2,2,46,33,13,40,19,21,3,0,3,25,8,17,1,1,0
54018802,23,14,9,2,6,3,0,1,0,0,0,0,3,5,1,1,1,1,0,9,5,4,8,7,1,0,0,0,5,1,4,0,0,0
59838101,511,450,61,10,246,36,19,8,17,20,4,16,92,10,17,7,153,149,4,221,209,12,84,62,22,4,1,3,38,21,17,11,8,3
54021801,20,12,8,1,3,1,1,4,1,0,0,2,1,1,4,0,1,0,1,14,10,4,5,2,3,0,0,0,0,0,0,0,0,0
54021802,329,192,137,27,82,38,36,23,13,4,9,24,14,26,17,7,20,10,10,135,92,43,118,59,59,11,3,8,31,14,17,14,14,0
54021804,10,8,2,0,2,0,2,1,0,0,0,1,2,2,0,0,0,0,0,0,0,0,5,4,1,0,0,0,5,4,1,0,0,0
54021805,39,21,18,5,10,4,4,2,3,1,0,4,2,1,2,0,2,0,2,14,9,5,17,9,8,0,0,0,6,3,3,0,0,0
54021806,40,25,15,8,11,2,4,1,1,0,0,4,2,1,5,0,1,0,1,17,12,5,16,11,5,1,0,1,5,2,3,0,0,0
54021807,19,14,5,3,6,2,1,0,2,0,0,0,2,0,3,0,0,0,0,10,8,2,6,5,1,0,0,0,3,1,2,0,0,0
54021808,75,44,31,19,12,8,7,2,5,2,2,8,3,1,3,0,4,3,1,30,21,9,30,15,15,0,0,0,9,4,5,2,1,1
56450801,183,100,83,7,39,21,24,6,3,7,5,19,16,8,23,0,6,3,3,55,33,22,72,38,34,4,2,2,39,21,18,7,3,4
59840201,305,164,141,4,73,33,43,15,7,8,10,29,33,14,24,3,12,7,5,97,63,34,114,58,56,10,2,8,63,29,34,9,5,4
54024201,280,159,121,10,81,28,29,10,4,14,6,27,20,19,20,2,20,10,10,92,59,33,100,52,48,5,2,3,55,30,25,8,6,2
54024202,60,33,27,4,18,3,11,3,2,1,2,3,4,1,7,0,3,2,1,18,12,6,20,9,11,3,1,2,12,8,4,4,1,3
56460501,76,40,36,9,23,7,7,6,5,0,2,4,6,5,1,1,6,5,1,33,19,14,21,12,9,3,1,2,13,3,10,0,0,0
56425701,27,18,9,5,5,2,2,1,0,1,0,2,2,4,1,1,1,1,0,5,4,1,14,9,5,1,1,0,6,3,3,0,0,0
56425702,14,10,4,3,4,2,0,0,0,0,0,2,1,0,0,0,0,0,0,10,8,2,3,1,2,0,0,0,1,1,0,0,0,0
54028501,14,7,7,6,0,3,0,0,0,1,0,2,1,1,0,0,2,1,1,5,4,1,5,1,4,0,0,0,2,1,1,0,0,0
54028502,137,79,58,9,34,14,18,9,2,4,1,11,10,12,8,2,7,4,3,49,40,9,62,29,33,2,0,2,13,5,8,4,1,3
54028503,15,10,5,0,6,0,3,1,2,0,0,1,1,1,0,0,3,2,1,9,7,2,2,1,1,0,0,0,1,0,1,0,0,0
54028504,30,20,10,0,8,3,3,3,2,1,1,2,2,3,0,0,2,2,0,14,13,1,11,4,7,0,0,0,3,1,2,0,0,0
51358001,97,56,41,14,37,5,10,7,2,0,0,5,6,4,5,0,1,1,0,36,26,10,45,24,21,3,1,2,10,4,6,2,0,2
54031501,181,101,80,14,50,19,11,14,2,4,5,12,17,13,10,2,14,8,6,70,48,22,61,26,35,5,3,2,22,9,13,9,7,2
54031502,12,5,7,0,4,2,1,0,0,0,0,1,0,3,0,0,0,0,0,6,5,1,4,0,4,0,0,0,2,0,2,0,0,0
54031504,23,15,8,5,6,3,2,1,0,0,0,0,2,1,2,0,1,1,0,7,6,1,7,4,3,0,0,0,6,3,3,2,1,1
54031506,29,15,14,4,10,4,3,1,1,0,1,0,1,0,4,0,1,1,0,14,6,8,10,7,3,0,0,0,2,1,1,2,0,2
54031507,33,19,14,9,7,3,4,2,1,1,0,1,2,0,1,0,5,2,3,10,7,3,14,8,6,1,0,1,3,2,1,0,0,0
54031508,47,27,20,7,4,6,3,3,1,1,1,7,3,5,1,1,3,2,1,14,10,4,16,6,10,1,0,1,8,5,3,5,4,1
3224230,0,0,0,0,0,0,0,0,0,0,0,0,0,0,0,0,0,0,0,0,0,0,0,0,0,0,0,0,0,0,0,0,0,0
3224310,0,0,0,0,0,0,0,0,0,0,0,0,0,0,0,0,0,0,0,0,0,0,0,0,0,0,0,0,0,0,0,0,0,0
54032301,26,14,12,8,2,2,1,2,2,1,0,3,1,0,1,1,0,0,0,8,5,3,12,6,6,0,0,0,6,3,3,0,0,0
54032302,61,33,28,1,12,4,10,6,5,1,0,6,5,0,6,1,3,3,0,22,14,8,20,8,12,1,0,1,10,4,6,5,4,1
54032303,23,13,10,3,3,4,1,1,0,0,0,3,3,0,2,1,1,0,1,11,9,2,9,4,5,0,0,0,2,0,2,0,0,0
54032304,16,11,5,2,3,1,2,0,0,2,0,2,0,0,1,1,1,1,0,7,6,1,4,1,3,2,1,1,2,2,0,0,0,0
54032306,23,10,13,1,8,0,3,1,4,0,0,2,1,1,2,0,0,0,0,13,8,5,6,1,5,0,0,0,3,1,2,1,0,1
54032307,86,52,34,8,19,5,9,6,2,2,1,8,14,1,6,1,5,3,2,27,23,4,32,13,19,2,0,2,18,11,7,2,2,0
54032308,53,30,23,5,14,2,6,1,2,0,4,5,6,4,3,0,0,0,0,16,14,2,25,10,15,0,0,0,9,4,5,3,2,1
54032309,22,12,10,0,4,0,1,1,3,0,2,2,6,1,2,0,0,0,0,5,4,1,12,5,7,0,0,0,4,3,1,1,0,1
56424901,27,11,16,1,8,5,1,0,0,2,0,2,1,2,4,0,4,2,2,8,3,5,6,2,4,2,1,1,7,3,4,0,0,0
56424902,67,32,35,15,17,3,7,1,0,0,0,8,7,4,1,1,7,3,4,29,16,13,22,9,13,1,0,1,5,1,4,3,3,0
56424904,26,16,10,4,5,2,5,2,0,0,1,3,3,0,1,0,1,1,0,8,4,4,12,8,4,0,0,0,4,2,2,1,1,0
54035801,84,45,39,8,13,10,16,4,2,1,2,8,7,7,4,0,7,4,3,27,18,9,30,17,13,2,0,2,17,5,12,1,1,0
54035802,34,21,13,6,4,6,2,2,1,1,0,2,2,3,3,0,3,3,0,6,5,1,11,5,6,4,3,1,8,3,5,2,2,0
54037401,63,36,27,4,23,3,11,6,3,0,2,3,1,3,3,0,9,4,5,30,18,12,18,12,6,2,0,2,4,2,2,0,0,0
54037403,145,85,60,10,34,23,20,13,3,1,1,6,13,8,8,3,11,6,5,64,47,17,44,18,26,3,1,2,16,6,10,7,7,0
54039101,33,19,14,11,4,5,4,2,0,0,0,2,1,0,4,0,0,0,0,15,11,4,11,4,7,2,0,2,5,4,1,0,0,0
54039102,36,20,16,7,5,4,3,4,1,0,1,1,2,2,5,1,3,2,1,17,13,4,11,3,8,1,0,1,4,2,2,0,0,0
54039103,133,75,58,13,37,18,12,4,4,1,3,5,3,13,11,0,7,3,4,58,34,24,52,30,22,0,0,0,12,5,7,4,3,1
54039104,11,6,5,0,2,2,1,1,0,1,0,1,2,0,1,0,0,0,0,4,4,0,4,1,3,3,1,2,0,0,0,0,0,0
54039105,24,12,12,2,5,3,5,0,0,1,0,3,0,2,3,0,0,0,0,8,4,4,10,5,5,0,0,0,6,3,3,0,0,0
54039106,15,10,5,3,5,0,1,0,1,0,0,0,0,3,2,0,2,2,0,6,4,2,3,2,1,0,0,0,3,2,1,1,0,1
54039108,29,15,14,4,11,0,2,0,3,2,0,3,0,2,2,0,2,1,1,14,9,5,9,2,7,0,0,0,4,3,1,0,0,0
3302720,0,0,0,0,0,0,0,0,0,0,0,0,0,0,0,0,0,0,0,0,0,0,0,0,0,0,0,0,0,0,0,0,0,0
54040401,30,18,12,0,8,2,6,2,0,1,0,4,3,3,0,0,3,1,2,9,6,3,15,10,5,0,0,0,2,1,1,1,0,1
54040402,1128,646,482,37,343,49,103,82,24,22,9,96,172,67,82,8,60,34,26,385,240,145,388,217,171,20,9,11,210,107,103,65,39,26
54040403,64,39,25,5,22,3,4,4,2,2,0,8,3,5,3,1,3,2,1,23,16,7,18,11,7,5,2,3,13,7,6,2,1,1
54043901,312,181,131,10,111,28,28,20,10,4,6,20,24,19,18,2,17,8,9,128,81,47,107,54,53,3,1,2,39,21,18,18,16,2
54043902,64,41,23,1,10,9,10,3,5,2,1,1,7,5,4,1,3,2,1,22,18,4,25,14,11,1,0,1,13,7,6,0,0,0
54043903,18,11,7,1,4,1,1,0,3,3,2,0,0,1,1,0,2,2,0,3,1,2,10,8,2,1,0,1,2,0,2,0,0,0
54043904,52,30,22,0,22,3,4,5,3,1,1,1,4,5,3,0,4,2,2,21,13,8,17,11,6,0,0,0,10,4,6,0,0,0
54043905,55,32,23,6,11,5,7,6,3,2,2,3,6,2,1,0,5,2,3,15,13,2,24,12,12,2,0,2,9,5,4,0,0,0
54044702,6,3,3,1,0,2,1,0,1,0,0,1,0,0,0,0,0,0,0,1,0,1,3,1,2,0,0,0,2,2,0,0,0,0
54044703,121,72,49,24,14,8,15,3,8,3,2,6,12,11,8,0,6,4,2,48,33,15,41,21,20,4,1,3,16,9,7,6,4,2
54044707,27,21,6,6,4,1,1,0,5,1,2,3,1,0,2,1,0,0,0,13,12,1,10,7,3,0,0,0,4,2,2,0,0,0
54044708,19,9,10,6,1,0,4,0,1,0,0,1,0,3,0,2,0,0,0,7,3,4,9,4,5,0,0,0,3,2,1,0,0,0
54044709,12,7,5,3,5,0,0,0,0,0,0,0,1,2,1,0,0,0,0,5,3,2,5,3,2,0,0,0,2,1,1,0,0,0
54044710,20,11,9,3,6,2,3,1,1,1,0,3,0,0,0,0,0,0,0,11,6,5,4,3,1,1,0,1,2,1,1,2,1,1
59846101,131,72,59,9,31,13,16,4,2,0,2,9,12,17,11,1,2,0,2,51,31,20,53,28,25,2,0,2,20,12,8,3,1,2
59846102,21,10,11,6,5,0,4,1,0,0,1,0,0,1,1,0,0,0,0,6,4,2,9,4,5,0,0,0,4,1,3,2,1,1
59920401,31,17,14,2,7,1,2,3,2,1,1,4,1,5,2,0,1,0,1,10,6,4,10,7,3,1,1,0,7,2,5,2,1,1
59920402,29,13,16,6,5,0,4,2,0,2,0,4,0,2,3,0,3,1,2,11,7,4,10,4,6,1,0,1,4,1,3,0,0,0
0700092,0,0,0,0,0,0,0,0,0,0,0,0,0,0,0,0,0,0,0,0,0,0,0,0,0,0,0,0,0,0,0,0,0,0
54049801,19,10,9,2,5,2,3,0,1,0,1,1,2,2,0,0,0,0,0,3,2,1,11,7,4,2,1,1,3,0,3,0,0,0
54049802,477,271,206,38,127,48,54,24,10,8,9,36,29,33,51,1,27,15,12,185,123,62,175,96,79,16,7,9,62,23,39,12,7,5
54049803,36,22,14,1,9,6,7,3,1,0,1,3,1,1,2,1,2,1,1,16,12,4,10,6,4,0,0,0,4,1,3,4,2,2
54049804,27,14,13,2,10,1,5,1,1,0,2,0,2,1,1,0,2,1,1,11,6,5,12,6,6,0,0,0,2,1,1,0,0,0
54049805,32,18,14,6,4,3,4,0,0,0,0,2,2,5,4,2,2,1,1,9,6,3,9,4,5,0,0,0,11,6,5,1,1,0
54049807,13,7,6,4,4,1,0,0,0,0,0,2,1,0,1,0,2,1,1,7,5,2,4,1,3,0,0,0,0,0,0,0,0,0
54049808,19,12,7,4,3,2,2,0,0,1,0,2,0,1,3,1,0,0,0,9,8,1,4,2,2,0,0,0,6,2,4,0,0,0
51355501,113,67,46,8,30,7,16,7,3,3,5,7,6,9,6,3,3,2,1,49,35,14,34,14,20,0,0,0,23,12,11,4,4,0
52968101,67,41,26,13,26,5,4,3,2,1,3,2,4,0,0,3,7,2,5,34,25,9,19,11,8,1,1,0,4,0,4,2,2,0
54053601,11,6,5,3,2,0,0,0,1,1,0,2,0,0,1,1,0,0,0,4,2,2,5,3,2,1,1,0,1,0,1,0,0,0
54053604,186,100,86,11,56,17,23,18,4,3,0,19,6,6,17,3,13,7,6,81,51,30,59,29,30,4,0,4,13,3,10,16,10,6
54055201,13,8,5,3,3,1,2,0,1,0,0,2,0,0,0,0,1,1,0,7,5,2,5,2,3,0,0,0,0,0,0,0,0,0
54055202,405,221,184,82,83,39,38,14,10,15,2,23,18,37,27,3,16,10,6,176,114,62,129,57,72,3,1,2,64,28,36,17,11,6
54055203,13,8,5,5,1,2,0,0,1,0,0,1,0,0,2,0,0,0,0,6,3,3,4,3,1,0,0,0,2,1,1,1,1,0
54055205,12,5,7,0,4,0,1,1,0,0,1,0,1,0,4,0,0,0,0,3,2,1,4,3,1,1,0,1,4,0,4,0,0,0
54055207,17,11,6,4,5,1,1,1,1,1,1,1,0,0,0,0,1,0,1,5,5,0,6,4,2,0,0,0,4,2,2,1,0,1
54055208,22,14,8,4,12,0,0,1,1,0,0,1,1,0,2,0,1,0,1,5,3,2,15,10,5,0,0,0,1,1,0,0,0,0
54055209,10,5,5,1,1,1,0,0,0,2,0,2,0,0,1,1,1,0,1,6,4,2,1,1,0,0,0,0,2,0,2,0,0,0
54055210,24,13,11,2,6,2,2,2,1,1,0,2,3,0,2,1,1,1,0,9,5,4,11,6,5,0,0,0,3,1,2,0,0,0
54055211,11,5,6,4,0,3,1,0,1,1,0,0,0,1,0,0,2,1,1,3,3,0,2,1,1,0,0,0,4,0,4,0,0,0
54055214,30,18,12,7,4,3,5,0,1,0,1,2,2,2,0,0,0,0,0,11,9,2,14,7,7,0,0,0,5,2,3,0,0,0
54057901,9,6,3,0,4,0,1,0,1,0,0,0,2,0,0,1,1,1,0,3,3,0,3,2,1,0,0,0,2,0,2,0,0,0
54057902,80,50,30,9,22,8,9,3,2,1,2,6,3,2,6,0,1,1,0,32,25,7,26,14,12,3,1,2,14,7,7,4,2,2
3302990,0,0,0,0,0,0,0,0,0,0,0,0,0,0,0,0,0,0,0,0,0,0,0,0,0,0,0,0,0,0,0,0,0,0
54058701,76,39,37,3,24,4,10,0,3,3,4,7,6,3,6,1,3,1,2,26,16,10,31,13,18,3,0,3,11,7,4,2,2,0
3302210,0,0,0,0,0,0,0,0,0,0,0,0,0,0,0,0,0,0,0,0,0,0,0,0,0,0,0,0,0,0,0,0,0,0
54062501,283,161,122,19,68,19,33,9,10,4,1,26,34,20,30,1,5,5,0,88,61,27,119,63,56,10,2,8,52,25,27,9,5,4
56434601,119,70,49,3,29,14,13,5,1,6,0,13,7,9,12,0,8,5,3,37,28,9,45,22,23,3,1,2,19,10,9,7,4,3
51352101,107,60,47,6,26,10,15,4,3,3,1,15,8,3,11,0,5,3,2,39,27,12,44,22,22,1,0,1,17,7,10,1,1,0
59841101,244,129,115,10,97,13,25,14,7,7,3,21,12,14,13,0,16,11,5,79,50,29,99,49,50,3,1,2,40,13,27,7,5,2
54071401,336,199,137,6,82,32,44,14,18,18,10,19,27,12,31,8,15,9,6,133,97,36,124,63,61,7,4,3,45,17,28,12,9,3
54071402,227,127,100,7,43,16,39,7,16,8,9,19,14,20,17,1,10,5,5,81,54,27,94,47,47,4,0,4,34,19,15,4,2,2
54071403,29,15,14,1,9,2,3,1,1,3,0,1,1,5,2,0,1,0,1,10,7,3,13,5,8,1,1,0,4,2,2,0,0,0
54074901,15,9,6,1,3,2,2,1,2,1,0,1,0,1,0,0,0,0,0,5,3,2,7,5,2,0,0,0,2,1,1,1,0,1
54074902,26,18,8,9,4,0,2,1,2,0,0,2,3,0,3,0,0,0,0,12,10,2,6,3,3,0,0,0,3,3,0,5,2,3
54074903,85,52,33,13,20,5,7,5,1,0,0,7,9,2,9,2,5,1,4,43,28,15,18,10,8,2,0,2,11,7,4,6,6,0
54074904,9,6,3,0,2,1,2,1,0,1,0,0,0,1,0,0,1,1,0,2,2,0,2,1,1,0,0,0,3,2,1,1,0,1
54074905,12,6,6,1,3,1,0,0,0,0,0,1,3,3,0,0,1,1,0,4,3,1,3,1,2,0,0,0,4,1,3,0,0,0
54075701,31,13,18,1,12,1,4,0,2,1,0,3,3,1,3,0,1,1,0,16,6,10,6,2,4,1,0,1,6,3,3,1,1,0
54075702,105,63,42,9,17,12,15,6,3,1,0,7,12,6,7,0,2,1,1,35,28,7,38,23,15,3,0,3,25,10,15,2,1,1
54075703,42,25,17,3,13,0,3,10,1,0,0,3,3,4,2,0,1,0,1,19,13,6,13,7,6,1,1,0,6,2,4,2,2,0
54075704,10,4,6,0,1,0,4,0,2,0,0,0,0,0,2,0,2,0,2,2,1,1,4,2,2,0,0,0,1,0,1,1,1,0
54075705,803,425,378,41,200,51,91,56,22,24,12,68,77,52,58,11,41,21,20,290,185,105,291,135,156,19,3,16,122,54,68,40,27,13
54075706,18,9,9,2,3,2,1,1,0,1,1,3,1,2,1,0,4,2,2,4,4,0,9,3,6,1,0,1,0,0,0,0,0,0
54075707,29,17,12,1,11,4,1,2,1,0,0,3,2,1,1,2,1,0,1,12,9,3,5,2,3,0,0,0,8,4,4,3,2,1
59975101,45,26,19,3,7,4,10,1,0,0,2,5,7,2,0,0,0,0,0,21,14,7,17,8,9,2,1,1,5,3,2,0,0,0
54078101,16,10,6,2,6,0,4,0,0,0,1,1,1,1,0,0,0,0,0,5,4,1,6,4,2,1,0,1,3,2,1,1,0,1
54078102,50,30,20,5,7,5,4,4,2,3,2,9,3,4,0,1,4,2,2,24,17,7,13,7,6,0,0,0,6,1,5,3,3,0
54078103,217,115,102,13,43,21,29,11,9,7,4,21,18,13,16,1,6,3,3,83,55,28,77,34,43,4,0,4,34,12,22,13,11,2
54078104,29,16,13,1,8,3,2,1,0,1,2,4,1,0,4,0,1,0,1,11,7,4,9,3,6,0,0,0,7,5,2,1,1,0
54078105,94,52,42,3,28,13,11,7,2,5,2,3,3,8,8,0,6,3,3,34,25,9,25,10,15,5,1,4,22,12,10,2,1,1
3212061,0,0,0,0,0,0,0,0,0,0,0,0,0,0,0,0,0,0,0,0,0,0,0,0,0,0,0,0,0,0,0,0,0,0
3212062,0,0,0,0,0,0,0,0,0,0,0,0,0,0,0,0,0,0,0,0,0,0,0,0,0,0,0,0,0,0,0,0,0,0
54079001,184,103,81,10,39,26,23,8,7,1,5,12,8,15,23,1,6,3,3,75,51,24,71,36,35,3,1,2,23,7,16,6,5,1
54079002,45,26,19,4,8,7,3,2,1,0,2,3,2,4,9,0,4,0,4,18,12,6,18,11,7,2,1,1,3,2,1,0,0,0
54079004,36,20,16,2,7,3,5,3,2,0,0,2,2,5,4,0,1,1,0,12,9,3,15,6,9,0,0,0,8,4,4,0,0,0
54079005,19,11,8,2,5,1,2,1,1,2,2,1,1,0,0,1,2,2,0,6,4,2,6,2,4,0,0,0,4,2,2,1,1,0
56447801,21,10,11,0,3,3,5,1,1,0,0,1,2,1,3,0,3,1,2,9,5,4,6,3,3,0,0,0,1,0,1,2,1,1
56447802,127,72,55,3,27,12,20,7,1,5,1,14,15,8,8,2,3,2,1,43,27,16,45,24,21,4,2,2,26,12,14,6,5,1
1019233,0,0,0,0,0,0,0,0,0,0,0,0,0,0,0,0,0,0,0,0,0,0,0,0,0,0,0,0,0,0,0,0,0,0
1019235,0,0,0,0,0,0,0,0,0,0,0,0,0,0,0,0,0,0,0,0,0,0,0,0,0,0,0,0,0,0,0,0,0,0
54081101,25,14,11,2,2,2,6,0,0,1,0,3,2,3,3,0,4,2,2,4,3,1,8,6,2,2,1,1,7,2,5,0,0,0
54081103,230,134,96,21,43,25,40,19,7,6,4,13,9,22,15,2,6,4,2,101,65,36,77,41,36,3,2,1,35,18,17,8,4,4
54081104,26,14,12,3,4,6,2,2,0,0,0,1,2,5,1,0,0,0,0,14,10,4,7,2,5,0,0,0,3,1,2,2,1,1
54081105,85,47,38,11,18,14,14,0,2,0,5,8,5,3,5,0,6,1,5,30,23,7,24,7,17,1,1,0,19,11,8,5,4,1
54082001,27,14,13,7,3,3,2,2,1,1,1,2,3,1,1,0,0,0,0,8,5,3,11,4,7,0,0,0,8,5,3,0,0,0
54082002,29,17,12,5,13,1,4,0,0,2,1,1,1,1,0,0,0,0,0,20,14,6,8,3,5,0,0,0,1,0,1,0,0,0
54082003,110,64,46,22,23,15,14,2,2,1,0,7,7,6,9,0,6,2,4,50,33,17,37,22,15,2,1,1,13,4,9,2,2,0
54082004,30,14,16,10,7,2,5,1,0,0,0,2,1,0,1,0,2,0,2,12,6,6,15,7,8,0,0,0,1,1,0,0,0,0
54082006,29,17,12,1,8,1,0,0,1,0,1,7,4,2,2,1,1,1,0,4,3,1,17,10,7,1,0,1,6,3,3,0,0,0
54082009,18,13,5,5,2,5,2,0,1,0,0,0,0,0,3,0,2,2,0,8,4,4,4,4,0,0,0,0,2,1,1,2,2,0
54084601,15,9,6,4,2,4,0,0,2,0,0,3,0,0,0,0,0,0,0,11,8,3,3,1,2,0,0,0,1,0,1,0,0,0
54084602,12,7,5,2,4,1,2,0,1,0,0,0,0,0,1,0,1,0,1,7,5,2,4,2,2,0,0,0,0,0,0,0,0,0
54084603,23,13,10,4,5,3,1,1,5,1,0,2,1,0,0,0,1,0,1,15,12,3,4,1,3,1,0,1,2,0,2,0,0,0
54084604,22,16,6,3,9,2,1,0,0,1,0,3,2,0,1,0,0,0,0,7,7,0,7,4,3,1,1,0,6,3,3,1,1,0
54084605,11,7,4,0,4,5,1,0,1,0,0,0,0,0,0,0,0,0,0,8,5,3,2,2,0,0,0,0,1,0,1,0,0,0
54084606,23,14,9,1,6,3,4,2,0,0,0,2,1,2,1,0,1,1,0,11,9,2,7,3,4,3,0,3,1,1,0,0,0,0
54084608,15,6,9,1,3,1,2,0,1,1,0,0,0,2,2,0,2,1,1,2,2,0,6,2,4,1,0,1,2,1,1,2,0,2
54084609,34,19,15,4,9,5,1,0,1,0,0,2,3,3,2,0,2,2,0,16,9,7,12,5,7,0,0,0,4,3,1,0,0,0
54084610,99,52,47,7,23,7,13,9,2,1,2,8,10,10,4,0,5,2,3,37,26,11,36,16,20,1,0,1,18,7,11,2,1,1
54084611,33,20,13,5,14,2,3,2,0,0,0,1,1,1,3,0,0,0,0,21,16,5,6,1,5,2,1,1,2,1,1,2,1,1
54084612,12,6,6,0,4,0,2,4,0,0,0,1,1,0,0,0,0,0,0,7,5,2,4,1,3,0,0,0,1,0,1,0,0,0
54084614,23,15,8,7,3,1,1,0,0,1,1,3,2,1,2,1,2,2,0,3,3,0,7,3,4,2,1,1,8,5,3,1,1,0
3302050,0,0,0,0,0,0,0,0,0,0,0,0,0,0,0,0,0,0,0,0,0,0,0,0,0,0,0,0,0,0,0,0,0,0
56452401,74,49,25,16,19,6,7,0,2,0,0,4,7,2,7,2,0,0,0,32,24,8,27,19,8,4,2,2,5,1,4,6,3,3
56452402,15,9,6,1,7,0,2,0,1,0,1,1,0,0,1,1,1,1,0,9,6,3,3,1,2,0,0,0,1,0,1,1,1,0
56422201,24,15,9,2,8,3,1,1,1,2,1,4,0,0,1,0,2,0,2,10,8,2,8,4,4,0,0,0,4,3,1,0,0,0
54088902,47,22,25,2,5,2,8,0,2,2,2,4,4,1,13,0,3,1,2,18,10,8,17,7,10,0,0,0,8,3,5,1,1,0
54088903,8,6,2,1,1,1,1,0,0,1,0,1,0,1,0,0,0,0,0,5,4,1,0,0,0,0,0,0,3,2,1,0,0,0
54088904,240,132,108,2,33,13,44,6,6,24,20,43,13,12,14,0,2,1,1,22,17,5,99,55,44,3,3,0,111,54,57,3,2,1
54088905,64,29,35,0,5,4,2,2,1,1,3,3,1,2,40,0,5,3,2,17,10,7,20,6,14,4,2,2,10,4,6,8,4,4
54088906,471,258,213,13,69,54,54,21,17,23,20,48,32,29,69,2,18,14,4,155,100,55,166,75,91,7,1,6,112,58,54,13,10,3
54089701,22,13,9,5,5,3,1,1,0,1,1,2,2,1,0,0,0,0,0,8,5,3,9,5,4,0,0,0,5,3,2,0,0,0
54089702,38,23,15,1,9,2,5,3,0,3,1,4,0,2,4,0,0,0,0,16,13,3,11,5,6,1,0,1,8,4,4,2,1,1
54089703,36,20,16,1,9,2,4,1,1,0,3,3,2,1,7,0,4,2,2,18,13,5,10,3,7,1,0,1,1,0,1,2,2,0
54089704,57,30,27,2,8,8,8,4,3,0,1,11,2,3,5,0,1,1,0,24,16,8,20,8,12,0,0,0,10,3,7,2,2,0
54090101,14,7,7,2,1,2,0,1,0,2,0,0,3,0,3,0,1,1,0,4,3,1,4,1,3,1,0,1,3,2,1,1,0,1
54090102,96,54,42,4,21,8,18,8,7,2,0,8,7,1,6,0,5,1,4,47,31,16,27,13,14,2,1,1,10,5,5,5,3,2
54090103,39,23,16,1,3,7,6,4,0,5,1,4,3,0,3,0,1,0,1,16,11,5,17,9,8,0,0,0,4,2,2,1,1,0
54090105,507,270,237,13,150,32,68,40,25,6,9,40,28,24,52,6,34,17,17,206,132,74,151,71,80,13,2,11,71,31,40,32,17,15
54090106,151,82,69,8,32,16,14,15,7,6,4,16,14,5,7,2,2,0,2,66,43,23,48,20,28,4,0,4,26,15,11,5,4,1
54090107,171,97,74,2,45,17,23,10,2,12,6,14,12,2,16,1,5,3,2,56,33,23,59,30,29,2,1,1,44,26,18,5,4,1
51357101,100,54,46,5,24,5,10,6,4,2,2,9,9,7,12,2,3,0,3,36,23,13,37,18,19,2,1,1,16,8,8,6,4,2
54093502,561,314,247,22,181,36,86,22,10,10,10,46,30,36,47,5,28,15,13,205,136,69,224,112,112,7,0,7,70,32,38,27,19,8
54093503,52,30,22,0,22,8,3,1,1,2,1,4,3,3,4,0,2,2,0,19,14,5,19,11,8,1,0,1,10,3,7,1,0,1
54094301,138,79,59,9,26,13,21,16,7,5,2,13,13,9,2,0,10,8,2,49,30,19,58,33,25,1,0,1,18,6,12,2,2,0
54095101,20,9,11,4,1,1,5,0,0,0,0,2,1,2,3,0,1,0,1,8,4,4,5,2,3,1,0,1,4,2,2,1,1,0
54095102,342,195,147,18,73,33,47,19,9,10,4,36,35,23,22,4,11,7,4,125,90,35,124,60,64,10,1,9,62,31,31,10,6,4
3302810,0,0,0,0,0,0,0,0,0,0,0,0,0,0,0,0,0,0,0,0,0,0,0,0,0,0,0,0,0,0,0,0,0,0
54096001,137,80,57,9,42,11,10,9,2,2,2,11,15,6,14,1,8,3,5,52,39,13,46,25,21,2,1,1,26,11,15,3,1,2
54096002,26,17,9,1,10,1,2,3,0,0,0,2,1,2,0,0,1,1,0,13,8,5,8,5,3,0,0,0,3,2,1,1,1,0
59847001,111,67,44,18,21,10,17,3,2,0,1,9,7,3,10,2,3,1,2,55,38,17,37,18,19,2,0,2,8,6,2,6,4,2
59847003,17,9,8,0,6,6,2,0,1,0,0,0,1,1,0,0,0,0,0,6,6,0,8,3,5,1,0,1,1,0,1,1,0,1
59837201,67,40,27,3,18,5,4,2,2,2,3,8,8,7,2,0,3,1,2,20,14,6,29,18,11,4,1,3,9,5,4,2,1,1
54101001,18,10,8,3,3,0,1,0,0,2,0,3,3,0,2,0,2,1,1,3,2,1,7,4,3,0,0,0,6,3,3,0,0,0
54101002,47,24,23,5,11,1,2,5,4,0,0,4,4,5,2,0,3,2,1,13,7,6,17,10,7,2,0,2,10,5,5,2,0,2
54101003,49,26,23,5,16,5,4,1,3,1,0,3,4,1,4,0,3,1,2,16,10,6,19,11,8,1,1,0,9,3,6,1,0,1
54102801,19,13,6,1,5,2,1,2,0,1,0,6,0,1,0,0,3,1,2,5,4,1,5,5,0,2,1,1,4,2,2,0,0,0
54102802,27,18,9,2,7,2,4,1,1,1,0,0,5,1,2,0,1,1,0,13,10,3,8,3,5,0,0,0,1,0,1,4,4,0
54102803,115,70,45,6,23,13,20,3,3,6,2,10,17,3,7,1,10,6,4,50,36,14,39,20,19,2,2,0,10,4,6,4,2,2
54102804,7,4,3,0,0,0,2,0,0,1,0,2,0,1,0,0,0,0,0,3,1,2,2,1,1,0,0,0,2,2,0,0,0,0
54102805,18,12,6,3,1,2,2,2,0,0,1,1,0,2,4,0,1,0,1,7,6,1,4,2,2,0,0,0,2,1,1,4,3,1
54104401,22,14,8,1,10,1,1,0,0,1,0,2,1,1,4,0,1,0,1,5,5,0,7,2,5,0,0,0,8,6,2,1,1,0
54104402,35,21,14,3,11,6,2,1,2,1,0,4,0,3,1,0,2,1,1,20,13,7,7,2,5,1,1,0,4,3,1,1,1,0
54104403,12,7,5,4,3,1,1,0,0,0,1,0,0,1,1,0,0,0,0,4,4,0,4,2,2,1,0,1,3,1,2,0,0,0
54104404,21,13,8,6,4,3,0,0,0,0,0,0,4,2,1,1,0,0,0,10,7,3,8,5,3,0,0,0,2,0,2,1,1,0
54104406,22,13,9,2,9,4,0,2,0,0,0,1,2,0,1,0,0,0,0,9,6,3,11,6,5,0,0,0,2,1,1,0,0,0
54104407,34,23,11,7,7,5,3,0,0,0,3,3,1,1,2,2,1,1,0,11,9,2,12,6,6,0,0,0,9,6,3,1,1,0
54104410,329,179,150,37,87,42,37,12,17,3,1,16,15,29,16,8,8,5,3,144,94,50,115,54,61,5,2,3,43,13,30,14,11,3
54104412,25,17,8,6,7,2,1,0,0,0,0,3,1,2,2,0,1,1,0,11,6,5,8,7,1,1,1,0,4,2,2,0,0,0
54104413,19,11,8,4,5,1,1,1,0,0,1,1,1,1,3,0,0,0,0,10,6,4,8,5,3,0,0,0,0,0,0,1,0,1
54104414,14,6,8,10,0,1,0,0,1,0,0,1,0,1,0,0,0,0,0,4,2,2,6,2,4,0,0,0,3,1,2,1,1,0
54104416,42,25,17,8,12,4,1,1,0,1,0,1,4,4,4,1,1,1,0,14,9,5,14,9,5,2,0,2,8,4,4,3,2,1
54104417,36,22,14,7,13,4,3,0,0,1,1,2,0,1,1,0,2,1,1,9,5,4,19,12,7,0,0,0,4,2,2,2,2,0
54104418,20,15,5,6,5,3,1,0,1,2,0,0,1,1,0,0,3,3,0,5,3,2,10,7,3,0,0,0,1,1,0,1,1,0
54104420,14,10,4,3,4,2,0,0,0,0,0,1,0,1,1,1,1,1,0,4,3,1,7,5,2,1,1,0,1,0,1,0,0,0
54105202,69,34,35,8,16,4,9,1,2,1,4,5,4,6,3,2,3,2,1,23,13,10,21,9,12,3,2,1,18,8,10,1,0,1
54105203,254,143,111,26,63,18,27,19,6,11,4,14,24,11,21,2,19,16,3,103,64,39,76,35,41,5,1,4,35,16,19,16,11,5
56421401,54,31,23,7,13,7,6,3,0,1,0,8,5,2,1,0,3,1,2,19,11,8,24,15,9,2,1,1,4,1,3,2,2,0
54108702,156,94,62,20,38,18,17,8,11,6,1,9,2,7,9,2,12,8,4,66,42,24,53,30,23,4,1,3,14,7,7,7,6,1
54108703,24,14,10,1,9,2,3,1,1,0,0,2,3,0,2,0,0,0,0,10,7,3,11,5,6,0,0,0,1,1,0,2,1,1
54108704,20,13,7,4,7,2,0,0,1,0,0,3,1,1,1,0,2,0,2,9,8,1,7,4,3,0,0,0,2,1,1,0,0,0
54108705,74,43,31,4,24,7,7,5,2,2,3,9,2,4,4,0,1,0,1,32,22,10,31,16,15,1,1,0,8,3,5,1,1,0
56448601,118,63,55,1,19,8,13,2,5,8,3,11,16,8,21,0,2,1,1,28,17,11,44,24,20,5,2,3,36,17,19,3,2,1
56448602,76,40,36,2,25,8,5,0,3,2,2,9,9,6,4,0,3,3,0,30,19,11,31,12,19,0,0,0,7,3,4,5,3,2
56448603,372,207,165,14,102,28,50,16,6,7,8,33,32,27,30,4,12,7,5,125,88,37,137,64,73,10,3,7,76,37,39,12,8,4
54113302,28,22,6,5,8,4,3,0,1,1,0,3,1,1,1,0,2,0,2,15,14,1,8,5,3,0,0,0,2,2,0,1,1,0
54113303,32,18,14,2,5,5,3,3,0,0,1,0,2,4,5,0,2,2,0,11,9,2,15,5,10,0,0,0,3,1,2,1,1,0
54113304,84,49,35,7,21,8,11,1,1,0,5,8,7,5,9,0,2,0,2,21,18,3,41,24,17,0,0,0,16,5,11,4,2,2
54113305,69,32,37,7,21,3,9,5,4,0,1,7,3,3,4,0,1,1,0,31,19,12,24,6,18,2,0,2,8,4,4,3,2,1
54113306,51,27,24,4,11,3,3,3,2,3,5,5,1,2,3,2,2,1,1,29,20,9,14,4,10,2,0,2,3,1,2,1,1,0
3080130,0,0,0,0,0,0,0,0,0,0,0,0,0,0,0,0,0,0,0,0,0,0,0,0,0,0,0,0,0,0,0,0,0,0
3211682,0,0,0,0,0,0,0,0,0,0,0,0,0,0,0,0,0,0,0,0,0,0,0,0,0,0,0,0,0,0,0,0,0,0
3342940,0,0,0,0,0,0,0,0,0,0,0,0,0,0,0,0,0,0,0,0,0,0,0,0,0,0,0,0,0,0,0,0,0,0
53991103,57,31,26,4,12,4,9,2,2,0,0,7,1,8,5,0,0,0,0,24,14,10,18,11,7,1,0,1,12,5,7,2,1,1
53991104,12,8,4,0,4,0,1,2,0,0,1,0,1,1,1,0,0,0,0,6,4,2,3,3,0,1,0,1,2,1,1,0,0,0
53991105,26,13,13,0,7,2,2,2,0,0,0,2,3,3,3,1,0,0,0,6,5,1,16,8,8,0,0,0,4,0,4,0,0,0
53991106,51,31,20,3,9,7,9,4,0,1,1,4,4,2,5,1,4,3,1,17,12,5,16,9,7,1,1,0,10,3,7,3,3,0
53991107,29,20,9,0,7,9,3,1,0,2,0,0,0,0,3,2,0,0,0,18,16,2,5,1,4,0,0,0,5,3,2,1,0,1
53991108,79,45,34,0,20,5,14,1,2,2,1,8,8,4,10,0,0,0,0,13,10,3,37,19,18,1,0,1,25,14,11,3,2,1
53991109,21,11,10,0,5,3,2,2,1,1,0,0,3,1,3,0,0,0,0,6,4,2,5,2,3,0,0,0,10,5,5,0,0,0
53991110,32,17,15,0,5,1,9,1,0,0,1,4,2,3,3,0,2,1,1,8,7,1,18,9,9,2,0,2,2,0,2,0,0,0
53991111,12,8,4,0,0,3,2,0,2,0,0,3,0,2,0,0,2,2,0,5,3,2,3,1,2,0,0,0,1,1,0,1,1,0
53991112,103,55,48,3,30,3,13,4,3,1,2,5,15,10,10,0,5,3,2,21,9,12,39,26,13,3,0,3,34,16,18,1,1,0
53991113,160,88,72,5,36,15,23,2,2,5,3,17,12,15,15,2,4,3,1,33,24,9,70,36,34,6,2,4,41,18,23,6,5,1
53991114,279,144,135,4,51,21,40,6,7,8,17,29,32,20,31,0,8,5,3,60,39,21,115,57,58,7,3,4,83,36,47,6,4,2
53991115,15,8,7,0,4,0,2,0,0,0,0,6,0,2,0,0,0,0,0,1,1,0,5,2,3,0,0,0,8,4,4,1,1,0
53991117,436,292,144,7,133,46,52,26,15,13,3,42,18,13,22,23,51,28,23,128,93,35,89,51,38,4,0,4,45,24,21,119,96,23
53991118,184,93,91,3,37,18,22,7,3,7,2,13,10,9,47,1,9,5,4,53,33,20,67,31,36,12,5,7,37,15,22,6,4,2
53991119,496,272,224,8,156,31,55,21,12,14,9,36,41,39,55,6,30,21,9,145,91,54,182,90,92,25,12,13,94,45,49,20,13,7
53991120,74,49,25,0,61,2,3,2,1,0,0,2,0,1,2,0,5,5,0,28,22,6,18,11,7,6,1,5,12,7,5,5,3,2
53991122,651,335,316,11,133,32,89,34,19,22,16,78,65,50,62,3,19,12,7,130,84,46,248,127,121,15,5,10,222,99,123,17,8,9
53991125,431,225,206,3,107,30,68,11,19,13,9,38,23,31,39,4,34,18,16,126,74,52,154,75,79,8,1,7,97,46,51,12,11,1
53991126,206,108,98,5,39,8,18,11,4,17,11,20,30,11,23,0,6,2,4,33,20,13,94,52,42,4,3,1,66,30,36,3,1,2
53991127,688,364,324,11,131,47,72,28,29,28,16,72,73,53,81,8,41,23,18,166,93,73,239,122,117,21,9,12,188,94,94,33,23,10
53991128,866,448,418,11,223,53,102,48,39,18,24,63,96,50,96,11,66,32,34,266,161,105,333,159,174,22,10,12,146,63,83,33,23,10
53991129,11,7,4,0,4,0,2,1,0,1,0,0,0,2,0,0,1,0,1,1,1,0,4,2,2,0,0,0,5,4,1,0,0,0
53991130,304,168,136,9,76,35,41,13,10,8,6,32,14,13,23,7,36,16,20,109,61,48,81,45,36,9,3,6,39,19,20,30,24,6
53991131,484,252,232,4,120,29,70,17,18,15,10,49,46,34,55,1,31,18,13,139,85,54,171,81,90,5,0,5,123,59,64,15,9,6
53991132,232,125,107,3,50,15,27,12,5,6,17,36,17,21,13,2,6,4,2,59,39,20,85,47,38,3,1,2,72,31,41,7,3,4
53991133,153,79,74,1,28,12,22,5,1,8,3,24,16,9,16,0,4,3,1,27,21,6,64,29,35,4,1,3,52,24,28,2,1,1
53991134,175,90,85,3,30,14,21,4,2,9,5,20,16,21,22,0,7,3,4,35,21,14,56,27,29,4,1,3,69,36,33,4,2,2
53991135,204,110,94,0,47,15,26,8,9,6,6,26,19,13,16,3,10,7,3,54,37,17,82,42,40,7,1,6,49,22,27,2,1,1
53991137,102,52,50,5,15,7,16,0,3,8,8,8,10,1,16,0,5,2,3,4,2,2,49,25,24,1,0,1,43,23,20,0,0,0
53991138,68,34,34,0,24,7,6,3,1,0,1,5,0,3,16,0,11,3,8,28,16,12,14,8,6,1,0,1,6,2,4,8,5,3
53991139,1197,615,582,11,301,67,135,59,23,44,28,90,168,87,129,11,59,31,28,343,206,137,495,231,264,33,7,26,237,122,115,30,18,12
53991141,197,106,91,4,40,18,29,7,5,9,2,19,19,18,11,3,14,5,9,46,31,15,70,37,33,9,4,5,56,28,28,2,1,1
53991142,44,23,21,1,18,1,4,1,2,0,0,3,3,6,3,0,6,4,2,17,8,9,12,4,8,0,0,0,3,2,1,6,5,1
53991143,603,337,266,7,150,46,74,30,23,27,13,56,59,34,50,5,40,24,16,178,114,64,217,116,101,10,4,6,138,64,74,20,15,5
53991145,93,60,33,3,30,10,9,2,2,5,1,13,4,3,3,4,18,11,7,25,17,8,16,8,8,0,0,0,20,12,8,14,12,2
53991146,1893,958,935,25,498,142,240,90,87,54,31,169,168,136,173,14,145,73,72,626,370,256,682,323,359,44,15,29,303,125,178,93,52,41
53991147,1733,886,847,23,485,118,210,81,52,64,36,145,177,105,139,23,118,58,60,603,347,256,622,295,327,38,14,24,268,111,157,84,61,23
53991148,416,230,186,4,108,22,42,24,10,10,9,46,54,26,45,4,16,8,8,109,68,41,142,75,67,9,1,8,110,55,55,30,23,7
53991149,833,430,403,5,222,47,84,41,15,30,20,79,98,61,78,10,42,22,20,232,144,88,302,144,158,31,12,19,192,84,108,34,24,10
53991150,829,446,383,4,222,58,102,37,25,18,11,77,74,44,99,10,61,27,34,238,154,84,307,152,155,31,11,20,156,78,78,36,24,12
53991152,821,419,402,7,212,46,99,48,14,28,17,66,86,53,102,5,39,22,17,225,135,90,335,161,174,23,4,19,173,84,89,26,13,13
53991153,331,165,166,4,71,17,54,17,19,14,11,35,27,22,25,3,20,10,10,103,61,42,121,56,65,11,3,8,71,31,40,5,4,1
53991154,175,93,82,0,49,13,24,5,4,4,6,18,16,10,18,1,12,7,5,42,29,13,74,37,37,3,1,2,43,18,25,1,1,0
51354701,173,97,76,9,37,21,19,11,8,7,4,13,12,7,21,1,11,1,10,61,44,17,70,41,29,5,1,4,24,9,15,2,1,1
56438902,80,44,36,1,23,3,15,6,1,2,3,8,6,4,6,1,6,2,4,22,16,6,33,13,20,2,1,1,12,8,4,5,4,1
59848802,74,40,34,15,17,10,5,3,6,1,1,2,1,5,6,1,5,2,3,45,27,18,15,8,7,1,0,1,7,3,4,1,0,1
59848805,27,16,11,6,6,2,2,4,0,2,1,0,1,3,0,0,0,0,0,13,10,3,6,2,4,0,0,0,7,4,3,1,0,1
54120601,229,129,100,19,47,23,32,9,6,7,3,10,23,16,23,1,11,7,4,86,51,35,83,46,37,5,1,4,32,15,17,12,9,3
54120602,151,81,70,7,35,25,11,4,5,1,0,16,15,14,12,0,4,1,3,57,38,19,56,26,30,2,0,2,19,7,12,13,9,4
54120603,33,19,14,4,8,3,2,2,1,0,0,4,3,4,1,1,0,0,0,14,10,4,10,6,4,2,0,2,7,3,4,0,0,0
3344130,0,0,0,0,0,0,0,0,0,0,0,0,0,0,0,0,0,0,0,0,0,0,0,0,0,0,0,0,0,0,0,0,0,0
54123101,34,21,13,1,12,3,0,3,0,1,1,4,4,1,2,0,0,0,0,20,14,6,7,4,3,0,0,0,7,3,4,0,0,0
54123102,20,13,7,8,5,1,0,0,1,0,0,1,0,3,0,0,1,1,0,7,5,2,6,2,4,0,0,0,5,4,1,1,1,0
54123103,12,7,5,1,4,1,3,0,1,0,0,0,0,1,0,0,0,0,0,5,4,1,4,3,1,1,0,1,1,0,1,1,0,1
54123104,105,59,46,12,30,5,11,10,3,1,6,6,5,6,2,8,7,6,1,47,29,18,32,15,17,0,0,0,13,5,8,6,4,2
54123105,18,14,4,2,4,1,0,1,0,0,0,4,0,4,1,0,0,0,0,1,1,0,9,7,2,0,0,0,8,6,2,0,0,0
54123108,170,99,71,10,61,9,14,5,4,3,1,19,10,19,12,0,8,3,5,60,47,13,71,35,36,3,2,1,21,8,13,7,4,3
54123109,46,27,19,5,8,7,5,3,2,1,2,4,6,0,0,0,3,1,2,15,11,4,17,11,6,2,0,2,6,2,4,3,2,1
54123110,91,54,37,8,25,11,5,4,0,1,3,6,10,5,12,0,7,6,1,26,16,10,25,14,11,3,0,3,27,16,11,3,2,1
54123111,23,12,11,0,11,0,1,0,0,1,0,2,2,1,4,1,3,3,0,2,1,1,11,6,5,0,0,0,6,2,4,1,0,1
54123115,66,36,30,13,18,6,9,4,3,1,0,4,0,0,6,2,9,3,6,27,20,7,20,10,10,0,0,0,6,0,6,4,3,1
54123116,303,176,127,9,88,19,37,17,8,10,1,25,25,17,27,11,21,13,8,109,71,38,100,50,50,8,4,4,34,15,19,31,23,8
54123117,653,354,299,32,209,45,72,32,15,11,7,35,56,59,58,4,39,21,18,245,148,97,232,116,116,12,5,7,109,55,54,16,9,7
54123118,322,175,147,7,102,27,34,19,11,10,3,15,35,14,30,4,14,8,6,111,73,38,126,64,62,10,4,6,52,21,31,9,5,4
54123119,52,30,22,4,10,8,7,3,0,0,1,4,9,4,1,1,1,1,0,15,12,3,23,12,11,2,0,2,11,5,6,0,0,0
54123120,19,11,8,4,4,1,1,2,2,1,0,0,0,1,2,0,1,1,0,9,6,3,6,3,3,0,0,0,2,1,1,1,0,1
54125701,47,25,22,3,5,5,5,3,0,3,0,6,2,6,3,1,4,3,1,14,8,6,17,9,8,0,0,0,10,3,7,2,2,0
54125702,30,16,14,5,9,4,1,0,2,0,2,0,3,2,1,0,2,1,1,15,10,5,7,2,5,0,0,0,6,3,3,0,0,0
54125703,16,8,8,2,3,0,1,0,1,1,0,5,0,0,1,0,1,1,0,3,1,2,5,3,2,0,0,0,6,3,3,1,0,1
54125704,159,91,68,11,46,11,15,13,6,6,5,16,11,5,12,0,7,3,4,56,39,17,57,29,28,4,0,4,27,15,12,8,5,3
3302560,0,0,0,0,0,0,0,0,0,0,0,0,0,0,0,0,0,0,0,0,0,0,0,0,0,0,0,0,0,0,0,0,0,0
54127301,106,64,42,0,37,13,7,4,4,4,3,11,13,3,5,0,3,1,2,45,28,17,40,25,15,2,0,2,15,9,6,1,1,0
1465790,0,0,0,0,0,0,0,0,0,0,0,0,0,0,0,0,0,0,0,0,0,0,0,0,0,0,0,0,0,0,0,0,0,0
1466090,0,0,0,0,0,0,0,0,0,0,0,0,0,0,0,0,0,0,0,0,0,0,0,0,0,0,0,0,0,0,0,0,0,0
1466170,0,0,0,0,0,0,0,0,0,0,0,0,0,0,0,0,0,0,0,0,0,0,0,0,0,0,0,0,0,0,0,0,0,0
54128101,41,25,16,2,9,9,4,3,2,0,0,4,2,2,2,2,0,0,0,14,10,4,12,6,6,3,2,1,8,4,4,4,3,1
54128102,21,12,9,3,2,3,4,0,0,0,0,0,2,2,4,0,2,1,1,9,6,3,7,4,3,1,0,1,1,0,1,1,1,0
54128103,57,38,19,4,16,7,7,5,1,2,0,4,3,1,6,0,5,4,1,23,16,7,18,11,7,3,3,0,7,3,4,1,1,0
54128104,44,25,19,8,7,5,1,1,1,1,1,5,2,3,8,0,0,0,0,23,17,6,15,6,9,0,0,0,6,2,4,0,0,0
54128105,11,7,4,1,4,1,1,1,0,0,0,0,0,1,1,0,0,0,0,3,3,0,4,2,2,0,0,0,4,2,2,0,0,0
54128106,104,58,46,7,32,13,9,4,4,1,2,5,8,7,9,1,2,2,0,46,32,14,37,17,20,5,1,4,10,4,6,4,2,2
54128107,44,30,14,3,6,10,1,3,3,3,1,2,3,6,1,1,2,2,0,21,17,4,17,8,9,0,0,0,3,2,1,1,1,0
54128108,14,8,6,0,3,1,2,2,0,0,0,0,3,0,2,0,1,1,0,6,4,2,4,1,3,1,0,1,2,2,0,0,0,0
54128109,44,26,18,4,10,5,5,5,0,0,0,3,3,4,4,0,1,0,1,29,21,8,10,4,6,0,0,0,4,1,3,0,0,0
54128111,566,297,269,22,134,64,63,19,28,16,5,45,37,39,75,4,31,8,23,234,150,84,187,95,92,7,2,5,88,28,60,19,14,5
54128113,64,28,36,6,15,5,5,2,3,0,1,6,4,2,12,1,10,5,5,26,14,12,18,6,12,2,0,2,5,3,2,3,0,3
54128114,11,7,4,0,2,1,1,0,1,0,0,3,2,0,1,0,0,0,0,5,4,1,4,3,1,1,0,1,1,0,1,0,0,0
54128115,128,71,57,4,44,15,14,1,2,4,3,10,4,12,12,2,8,2,6,45,31,14,52,25,27,0,0,0,22,12,10,1,1,0
54128116,392,213,179,18,88,37,48,15,19,13,8,35,18,40,42,3,19,7,12,130,85,45,135,66,69,11,3,8,72,32,40,25,20,5
54128117,267,148,119,8,68,25,36,8,6,4,6,21,18,25,26,2,6,2,4,74,55,19,103,53,50,8,2,6,68,32,36,8,4,4
54128118,14,8,6,0,7,1,1,1,0,0,0,2,0,0,2,0,1,1,0,6,2,4,6,4,2,0,0,0,1,1,0,0,0,0
54128119,578,306,272,13,137,59,69,23,17,13,11,32,42,65,74,4,21,11,10,165,111,54,239,121,118,12,3,9,125,51,74,16,9,7
54128120,91,54,37,11,10,12,11,7,2,5,0,10,5,6,11,0,3,2,1,33,23,10,40,21,19,2,1,1,10,6,4,3,1,2
54128121,125,71,54,3,21,17,18,8,6,5,3,12,4,8,10,3,10,4,6,51,38,13,40,23,17,2,0,2,20,4,16,2,2,0
54128122,631,325,306,19,123,58,88,28,25,17,12,50,43,53,84,5,34,19,15,194,111,83,252,133,119,15,7,8,119,44,75,17,11,6
53057301,29,20,9,8,4,2,2,0,0,0,0,2,4,1,5,0,1,1,0,12,10,2,10,3,7,2,2,0,4,4,0,0,0,0
53057302,45,26,19,7,6,7,1,5,1,2,1,1,2,10,1,0,1,1,0,16,12,4,20,9,11,3,2,1,5,2,3,0,0,0
53057303,33,17,16,4,3,5,2,1,0,1,1,5,3,5,2,0,0,0,0,10,8,2,14,5,9,0,0,0,8,3,5,1,1,0
53057304,24,14,10,0,4,2,3,1,0,1,0,3,3,4,3,0,0,0,0,10,8,2,6,3,3,0,0,0,8,3,5,0,0,0
53057305,27,14,13,2,5,2,2,1,4,0,0,3,1,4,1,0,1,0,1,7,4,3,12,8,4,2,1,1,5,1,4,0,0,0
53057306,25,16,9,2,5,3,3,0,1,0,1,1,1,3,5,0,2,2,0,9,5,4,9,7,2,1,0,1,4,2,2,0,0,0
53057307,14,7,7,2,3,0,1,1,0,3,0,2,0,1,0,0,0,0,0,5,3,2,7,3,4,0,0,0,2,1,1,0,0,0
53057308,22,14,8,3,3,5,0,1,1,0,0,2,0,3,2,0,1,1,0,8,6,2,10,6,4,0,0,0,3,1,2,0,0,0
53057309,69,44,25,12,14,6,10,3,1,0,2,4,2,11,4,0,1,0,1,27,20,7,21,16,5,2,1,1,13,6,7,5,1,4
53057310,17,10,7,2,3,1,3,3,1,0,0,0,0,0,2,2,3,2,1,7,6,1,5,2,3,1,0,1,0,0,0,1,0,1
53057311,22,14,8,1,3,2,3,2,1,3,0,3,1,1,2,0,0,0,0,9,7,2,8,4,4,0,0,0,5,3,2,0,0,0
53057312,54,35,19,8,13,7,2,3,2,1,3,2,1,2,5,1,2,1,1,27,21,6,16,9,7,1,0,1,7,3,4,1,1,0
53057313,10,7,3,1,4,2,1,0,0,0,0,1,0,1,0,0,0,0,0,6,5,1,3,1,2,0,0,0,1,1,0,0,0,0
53057314,33,18,15,5,9,3,3,2,2,0,0,1,0,5,2,0,2,1,1,15,9,6,11,6,5,0,0,0,3,1,2,2,1,1
53057315,15,8,7,3,1,3,2,1,2,0,0,1,1,1,0,0,3,0,3,6,5,1,3,2,1,2,0,2,1,1,0,0,0,0
53057316,13,8,5,0,3,0,2,0,2,0,0,3,1,1,0,0,0,0,0,1,0,1,8,6,2,0,0,0,4,2,2,0,0,0
53057317,6,3,3,2,0,1,0,0,0,0,0,1,0,1,1,0,0,0,0,3,2,1,1,1,0,1,0,1,1,0,1,0,0,0
53057319,56,32,24,2,17,5,3,3,5,0,0,5,2,7,6,0,1,0,1,15,10,5,28,16,12,1,0,1,8,3,5,3,3,0
53057320,22,13,9,1,3,4,2,1,3,1,0,2,1,2,2,0,2,2,0,9,8,1,7,2,5,0,0,0,3,1,2,1,0,1
53057321,17,11,6,0,6,3,1,1,1,0,0,1,0,2,1,1,1,1,0,4,4,0,9,4,5,0,0,0,2,1,1,1,1,0
53057322,13,7,6,2,2,2,0,2,0,0,0,0,1,1,2,0,1,1,0,5,4,1,5,1,4,0,0,0,0,0,0,2,1,1
53057323,244,140,104,16,52,29,14,19,8,5,3,10,11,27,36,1,7,3,4,97,72,25,79,35,44,7,3,4,51,24,27,3,3,0
53057324,474,261,213,22,80,49,46,39,27,4,6,35,19,61,72,5,13,9,4,172,115,57,196,93,103,6,3,3,71,30,41,16,11,5
53057326,20,12,8,1,1,8,2,0,0,0,0,2,2,0,4,0,0,0,0,9,8,1,7,3,4,0,0,0,3,0,3,1,1,0
53057327,17,11,6,0,4,3,1,1,2,0,1,3,0,1,0,0,0,0,0,8,6,2,5,2,3,0,0,0,4,3,1,0,0,0
53057332,17,9,8,1,1,3,2,3,0,0,0,3,0,1,1,0,1,0,1,9,6,3,3,1,2,0,0,0,4,2,2,0,0,0
53057333,15,8,7,2,3,2,1,0,3,0,0,0,0,2,2,0,1,1,0,6,3,3,6,3,3,0,0,0,2,1,1,0,0,0
56463001,53,31,22,5,19,3,8,1,3,0,0,1,6,1,6,0,2,1,1,26,18,8,14,8,6,1,0,1,10,4,6,0,0,0
56463002,26,14,12,3,9,1,2,2,0,0,0,3,3,1,1,0,2,1,1,5,3,2,11,6,5,0,0,0,8,4,4,0,0,0
56463003,47,26,21,3,7,9,6,5,3,0,1,6,1,2,3,1,1,0,1,20,16,4,19,6,13,0,0,0,3,1,2,4,3,1
54131101,56,29,27,4,15,2,6,4,3,0,0,4,9,7,1,0,3,1,2,23,13,10,16,10,6,2,1,1,9,2,7,3,2,1
54131102,10,6,4,1,1,0,2,2,0,1,0,0,2,1,0,0,1,0,1,2,2,0,5,3,2,0,0,0,2,1,1,0,0,0
54131103,32,20,12,3,9,1,2,5,1,0,1,2,6,1,0,0,1,0,1,12,11,1,16,7,9,0,0,0,3,2,1,0,0,0
54131104,18,10,8,4,6,0,4,0,1,0,0,1,1,0,1,0,2,1,1,11,7,4,4,1,3,0,0,0,1,1,0,0,0,0
1523820,0,0,0,0,0,0,0,0,0,0,0,0,0,0,0,0,0,0,0,0,0,0,0,0,0,0,0,0,0,0,0,0,0,0
54132001,120,67,53,1,33,8,10,8,5,5,2,7,12,11,9,3,13,6,7,34,20,14,37,21,16,5,2,3,17,7,10,14,11,3
54132002,21,11,10,1,7,0,0,0,1,1,0,1,4,2,3,0,2,2,0,4,3,1,3,1,2,1,0,1,6,2,4,5,3,2
54133801,785,429,356,19,173,61,93,36,26,46,29,73,63,44,77,6,29,15,14,233,148,85,310,165,145,21,6,15,161,79,82,31,16,15
56458301,64,35,29,9,16,7,11,4,1,0,0,3,5,2,3,0,5,0,5,35,24,11,14,5,9,0,0,0,10,6,4,0,0,0
54137101,46,26,20,1,5,7,15,0,3,2,1,2,2,3,3,0,3,2,1,15,9,6,19,12,7,1,0,1,6,2,4,2,1,1
54137102,156,83,73,6,34,9,22,8,3,10,3,22,15,9,9,1,8,5,3,42,28,14,65,34,31,3,1,2,34,12,22,4,3,1
54138901,71,41,30,2,6,9,11,2,4,3,0,8,4,9,3,2,3,2,1,26,16,10,23,11,12,4,3,1,14,8,6,1,1,0
54138902,15,8,7,0,4,2,1,0,3,0,0,2,0,0,0,0,1,1,0,7,3,4,6,4,2,0,0,0,0,0,0,1,0,1
54138903,187,104,83,4,38,21,33,7,6,7,4,21,20,10,12,1,2,1,1,67,39,28,74,41,33,3,2,1,40,21,19,1,0,1
1601482,0,0,0,0,0,0,0,0,0,0,0,0,0,0,0,0,0,0,0,0,0,0,0,0,0,0,0,0,0,0,0,0,0,0
54139701,20,13,7,6,4,2,2,0,0,0,0,0,1,1,3,1,0,0,0,10,8,2,7,4,3,1,0,1,2,1,1,0,0,0
54139703,54,34,20,8,17,6,3,1,0,1,0,1,8,2,5,0,2,1,1,17,13,4,20,11,9,0,0,0,13,7,6,2,2,0
54139704,27,14,13,0,2,1,4,1,3,1,0,2,3,1,7,1,2,1,1,8,5,3,11,4,7,0,0,0,5,3,2,1,1,0
54139706,101,55,46,5,22,8,14,8,4,2,1,10,3,4,13,0,5,3,2,40,29,11,32,12,20,3,2,1,12,6,6,9,3,6
54139707,13,8,5,1,1,1,1,2,1,1,0,0,0,1,3,0,5,3,2,4,3,1,1,0,1,0,0,0,3,2,1,0,0,0
54139708,24,14,10,6,3,2,2,0,0,0,0,2,3,2,1,0,1,0,1,5,5,0,8,5,3,3,1,2,6,2,4,1,1,0
54139709,48,26,22,9,9,3,2,4,1,2,1,5,3,2,5,0,0,0,0,18,9,9,18,10,8,3,2,1,7,4,3,2,1,1
54139710,26,16,10,5,6,0,2,2,0,0,0,4,0,1,5,1,3,3,0,9,6,3,7,4,3,2,1,1,5,2,3,0,0,0
56427302,52,31,21,9,11,2,10,3,1,4,0,3,2,3,4,0,1,0,1,21,17,4,25,12,13,1,0,1,4,2,2,0,0,0
54141901,12,6,6,2,5,1,0,0,1,0,0,0,1,0,1,1,0,0,0,2,1,1,5,3,2,1,0,1,2,0,2,2,2,0
54141902,30,17,13,1,6,5,5,1,4,0,0,3,3,0,1,0,2,2,0,14,9,5,9,3,6,0,0,0,5,3,2,0,0,0
54141903,80,45,35,6,17,12,8,9,1,1,0,8,2,7,6,1,6,2,4,22,14,8,25,18,7,6,2,4,10,3,7,11,6,5
54141904,48,26,22,4,7,2,8,5,7,2,0,3,2,1,4,0,3,1,2,16,12,4,18,6,12,2,1,1,5,3,2,4,3,1
54141905,12,7,5,3,0,0,2,0,0,0,0,4,1,0,1,0,0,0,0,5,2,3,5,4,1,0,0,0,2,1,1,0,0,0
52966401,24,12,12,4,5,4,3,0,0,1,0,1,0,2,1,1,2,1,1,10,7,3,3,1,2,0,0,0,7,2,5,2,1,1
54142701,37,25,12,6,13,6,3,1,1,1,0,2,0,0,1,0,2,1,1,22,16,6,7,4,3,0,0,0,5,3,2,1,1,0
54142702,26,14,12,4,5,5,2,1,0,1,0,2,2,1,2,0,0,0,0,7,5,2,13,7,6,2,0,2,4,2,2,0,0,0
54142703,239,132,107,22,45,23,28,17,8,5,5,18,30,15,16,0,13,6,7,84,57,27,85,41,44,7,1,6,31,14,17,19,13,6
59842901,235,129,106,5,66,15,30,12,1,6,2,26,22,11,28,1,16,9,7,73,52,21,84,38,46,4,2,2,43,18,25,15,10,5
54145101,135,68,67,5,33,15,15,7,2,2,4,14,9,13,8,3,13,7,6,43,28,15,49,19,30,2,0,2,23,10,13,5,4,1
59833001,52,25,27,15,12,0,3,4,2,1,1,2,4,2,3,1,3,0,3,22,14,8,17,6,11,1,0,1,5,2,3,4,3,1
59833002,8,4,4,1,2,1,1,0,0,0,0,1,1,0,0,0,0,0,0,0,0,0,4,2,2,0,0,0,4,2,2,0,0,0
51353901,113,59,54,4,21,14,21,8,2,2,5,16,8,4,5,1,4,4,0,28,20,8,52,21,31,3,1,2,22,10,12,4,3,1
3301910,0,0,0,0,0,0,0,0,0,0,0,0,0,0,0,0,0,0,0,0,0,0,0,0,0,0,0,0,0,0,0,0,0,0
54150801,90,47,43,9,24,10,8,5,1,4,0,6,9,4,7,2,2,2,0,35,24,11,33,14,19,2,0,2,13,5,8,5,2,3
54150802,250,148,102,22,79,28,29,15,3,7,1,14,15,14,16,2,21,11,10,112,76,36,81,43,38,2,1,1,24,11,13,10,6,4
54151601,299,162,137,16,61,17,64,20,12,5,3,24,28,20,19,0,16,6,10,114,72,42,89,43,46,9,5,4,54,23,31,17,13,4
54151602,44,28,16,3,7,6,8,2,2,0,0,2,4,7,0,0,0,0,0,17,13,4,15,10,5,1,1,0,11,4,7,0,0,0
54152401,123,66,57,19,37,6,16,4,0,5,6,8,9,3,7,1,4,4,0,52,35,17,47,19,28,3,0,3,14,7,7,3,1,2
54152402,15,8,7,4,6,0,0,1,0,0,0,1,0,1,2,0,0,0,0,4,4,0,6,1,5,1,1,0,4,2,2,0,0,0
54152403,62,38,24,6,28,1,7,3,2,1,0,2,4,4,4,0,8,6,2,24,19,5,23,11,12,3,1,2,4,1,3,0,0,0
54154101,361,208,153,9,91,30,45,16,14,14,3,42,23,18,32,3,13,7,6,92,58,34,138,78,60,7,5,2,92,47,45,19,13,6
54154102,55,29,26,1,6,5,8,2,3,4,1,8,3,7,5,1,2,1,1,15,11,4,19,10,9,0,0,0,19,7,12,0,0,0
56436201,10,4,6,3,3,0,3,0,0,0,0,0,0,0,1,0,0,0,0,4,3,1,6,1,5,0,0,0,0,0,0,0,0,0
56436202,41,23,18,5,11,3,4,2,2,2,0,4,3,1,4,0,1,0,1,13,8,5,19,11,8,2,1,1,3,2,1,3,1,2
56436203,24,12,12,2,3,2,2,0,2,2,0,1,2,5,1,0,3,2,1,5,4,1,9,3,6,1,0,1,5,2,3,1,1,0
3302130,0,0,0,0,0,0,0,0,0,0,0,0,0,0,0,0,0,0,0,0,0,0,0,0,0,0,0,0,0,0,0,0,0,0
54156701,153,81,72,10,30,17,15,6,1,3,1,13,26,10,14,1,7,5,2,52,36,16,64,26,38,4,1,3,17,8,9,9,5,4
59843701,71,38,33,7,15,4,8,1,2,2,0,5,6,6,7,2,4,1,3,21,12,9,24,15,9,2,1,1,16,7,9,4,2,2
54158301,165,88,77,8,44,8,27,4,5,5,3,14,16,11,14,2,9,4,5,42,31,11,68,38,30,0,0,0,43,13,30,3,2,1
54159101,61,35,26,10,13,5,4,3,1,1,1,3,3,5,11,0,2,1,1,21,15,6,23,9,14,1,1,0,14,9,5,0,0,0
54159102,11,7,4,3,3,2,0,0,0,0,0,0,2,0,1,0,1,1,0,3,3,0,6,3,3,1,0,1,0,0,0,0,0,0
54159103,49,30,19,11,8,2,8,3,0,0,0,4,4,2,3,1,1,0,1,19,14,5,17,12,5,1,1,0,8,2,6,3,1,2
54159104,19,12,7,2,4,2,3,1,0,0,0,6,0,0,1,0,2,2,0,9,8,1,4,0,4,2,0,2,1,1,0,1,1,0
54159105,174,104,70,18,54,21,17,14,4,2,1,10,5,8,15,1,10,5,5,70,50,20,67,32,35,2,1,1,18,9,9,7,7,0
54159107,69,43,26,3,15,13,4,5,3,2,2,6,4,4,3,0,4,1,3,30,24,6,16,7,9,3,2,1,12,7,5,4,2,2
54161301,142,86,56,13,45,11,17,9,5,2,0,12,12,2,9,1,11,6,5,69,48,21,48,25,23,2,0,2,11,6,5,1,1,0
54161302,11,8,3,2,4,0,1,0,0,0,0,1,0,0,1,2,0,0,0,7,6,1,3,1,2,0,0,0,0,0,0,1,1,0
56432001,68,38,30,3,12,3,9,4,6,1,1,3,6,7,9,0,4,1,3,33,23,10,21,9,12,1,1,0,6,2,4,3,2,1
51351202,152,90,62,7,39,26,8,2,8,2,5,12,14,13,8,4,6,3,3,66,47,19,39,21,18,7,3,4,28,11,17,6,5,1
51351203,12,5,7,1,1,1,0,0,1,1,1,0,0,3,1,0,0,0,0,6,3,3,4,1,3,0,0,0,2,1,1,0,0,0
56433801,43,24,19,3,13,2,7,2,1,0,1,6,1,1,3,0,1,1,0,21,13,8,16,7,9,1,0,1,3,3,0,1,0,1
56542301,33,19,14,2,12,2,3,2,0,1,1,2,1,3,3,0,2,2,0,8,5,3,17,9,8,0,0,0,6,3,3,0,0,0
54167203,99,53,46,11,13,7,7,6,2,5,2,11,2,7,22,0,4,0,4,38,23,15,37,21,16,1,0,1,14,5,9,5,4,1
56504101,56,37,19,15,11,4,4,2,0,2,1,2,4,3,4,1,4,3,1,24,20,4,17,8,9,2,1,1,8,4,4,1,1,0
54169901,303,181,122,18,101,18,36,34,5,2,3,25,20,14,15,6,17,8,9,140,99,41,104,51,53,4,0,4,18,10,8,20,13,7
54169902,8,6,2,1,2,0,1,0,0,0,0,1,1,0,1,0,1,1,0,4,4,0,3,1,2,0,0,0,0,0,0,0,0,0
54169904,9,7,2,2,3,1,0,1,0,0,0,1,1,0,0,0,1,0,1,6,5,1,2,2,0,0,0,0,0,0,0,0,0,0
54169906,10,7,3,2,3,0,0,1,0,0,0,3,1,0,0,0,0,0,0,2,1,1,5,4,1,0,0,0,2,1,1,1,1,0
54169907,7,5,2,1,2,1,1,0,0,0,0,0,0,0,2,0,0,0,0,2,2,0,3,1,2,0,0,0,2,2,0,0,0,0
54169909,6,4,2,1,2,0,1,1,0,0,0,0,0,0,1,0,2,1,1,4,3,1,0,0,0,0,0,0,0,0,0,0,0,0
54169910,30,16,14,5,7,5,1,4,1,1,0,3,0,2,0,0,3,2,1,17,9,8,8,5,3,0,0,0,2,0,2,0,0,0
56518101,42,29,13,3,10,8,7,4,1,0,0,2,2,2,2,1,4,2,2,18,13,5,14,10,4,1,0,1,2,1,1,3,3,0
56518102,18,11,7,1,9,1,2,1,0,1,1,0,1,0,0,0,0,0,0,10,8,2,5,2,3,1,1,0,2,0,2,0,0,0
56518103,26,14,12,3,10,2,1,2,1,1,0,2,2,0,1,1,3,1,2,13,7,6,6,4,2,0,0,0,3,1,2,1,1,0
52971101,18,11,7,1,1,3,1,0,1,0,0,0,3,3,3,1,2,0,2,11,9,2,2,0,2,0,0,0,2,1,1,1,1,0
52971103,11,5,6,1,4,1,2,0,1,0,0,0,0,0,2,0,0,0,0,5,3,2,4,1,3,1,0,1,1,1,0,0,0,0
54172901,178,99,79,28,48,11,23,16,5,0,1,11,12,6,10,3,16,7,9,82,56,26,58,25,33,3,1,2,14,6,8,5,4,1
54173701,39,23,16,5,10,6,4,1,3,1,1,2,1,2,3,0,8,4,4,13,8,5,14,10,4,0,0,0,3,1,2,1,0,1
54173703,94,56,38,6,26,6,9,11,4,4,0,16,7,2,3,0,15,8,7,46,32,14,17,8,9,1,1,0,9,3,6,6,4,2
54173704,13,10,3,3,6,2,0,1,0,0,0,0,0,0,0,0,4,3,1,8,6,2,0,0,0,0,0,0,0,0,0,1,1,0
54173705,19,12,7,5,1,1,4,0,0,0,0,5,0,0,1,0,8,5,3,4,4,0,4,2,2,1,1,0,2,0,2,0,0,0
56520201,23,14,9,4,4,2,5,0,0,0,0,2,1,3,0,0,1,1,0,9,5,4,7,5,2,0,0,0,6,3,3,0,0,0
54176101,53,33,20,5,19,4,2,4,3,0,1,4,4,3,1,1,4,1,3,25,19,6,12,7,5,0,0,0,7,3,4,5,3,2
54176103,9,6,3,3,0,0,2,1,1,0,0,0,1,1,0,0,0,0,0,3,3,0,5,3,2,0,0,0,1,0,1,0,0,0
54176104,22,12,10,3,3,1,2,1,1,1,1,1,5,1,1,0,0,0,0,3,2,1,13,7,6,0,0,0,6,3,3,0,0,0
54176106,11,7,4,2,2,2,0,1,1,0,0,0,1,1,1,0,0,0,0,3,2,1,6,4,2,0,0,0,2,1,1,0,0,0
54176107,15,9,6,0,3,2,1,2,0,0,0,0,4,2,1,0,0,0,0,8,6,2,5,3,2,1,0,1,1,0,1,0,0,0
54177001,256,144,112,26,77,15,34,19,3,5,3,20,19,13,11,2,17,9,8,102,65,37,101,53,48,5,0,5,22,11,11,9,6,3
56533401,50,28,22,3,11,5,10,6,0,0,0,3,5,4,1,0,4,1,3,16,11,5,14,8,6,2,0,2,12,7,5,2,1,1
56533402,19,9,10,3,5,3,2,1,0,1,0,1,0,0,2,0,1,0,1,10,4,6,6,3,3,0,0,0,1,1,0,1,1,0
54181801,306,175,131,24,99,24,36,30,7,7,7,16,18,15,7,5,12,5,7,118,83,35,109,54,55,6,1,5,39,17,22,22,15,7
54181802,29,13,16,2,8,3,3,5,1,0,0,1,2,2,1,0,2,0,2,12,8,4,9,2,7,1,1,0,4,1,3,1,1,0
56527001,67,36,31,4,14,4,10,11,2,1,0,7,7,4,2,1,3,3,0,25,16,9,26,11,15,1,0,1,11,5,6,1,1,0
54183402,15,12,3,1,7,1,2,0,0,0,0,0,1,2,1,0,1,1,0,11,9,2,3,2,1,0,0,0,0,0,0,0,0,0
54183403,612,331,281,22,144,40,69,44,16,12,7,50,60,68,54,13,58,26,32,234,143,91,199,105,94,11,2,9,83,37,46,27,18,9
54183404,12,6,6,1,0,3,0,1,1,0,0,0,0,2,4,0,1,1,0,2,1,1,8,4,4,0,0,0,1,0,1,0,0,0
54183405,21,14,7,1,9,4,1,1,0,0,0,1,0,0,1,1,1,1,0,13,8,5,5,3,2,0,0,0,2,2,0,0,0,0
54183407,18,12,6,2,3,1,0,2,3,0,0,0,0,2,2,0,1,1,0,7,5,2,4,3,1,0,0,0,6,3,3,0,0,0
56544001,43,24,19,5,7,3,7,6,0,1,1,2,5,3,1,0,1,0,1,17,12,5,18,11,7,0,0,0,5,0,5,2,1,1
56544002,11,7,4,1,4,1,1,0,0,0,0,1,1,0,0,0,0,0,0,3,3,0,4,1,3,0,0,0,4,3,1,0,0,0
56528801,63,35,28,4,15,5,4,8,2,1,1,3,5,3,11,0,4,2,2,24,18,6,26,8,18,2,1,1,5,4,1,2,2,0
54187701,467,257,210,37,127,27,50,55,10,5,11,26,48,24,33,3,25,11,14,216,142,74,152,76,76,5,0,5,45,17,28,24,11,13
56519901,64,37,27,3,18,6,11,15,2,0,1,1,1,3,3,0,10,4,6,30,18,12,11,7,4,1,0,1,3,2,1,9,6,3
54189301,10,7,3,1,2,0,1,0,0,1,0,2,0,0,3,0,0,0,0,0,0,0,8,6,2,0,0,0,0,0,0,2,1,1
54189302,289,162,127,22,71,19,29,33,10,3,5,18,30,17,27,2,30,16,14,110,74,36,97,49,48,8,1,7,35,16,19,9,6,3
54189303,27,19,8,1,7,3,5,2,0,0,0,4,1,0,3,0,0,0,0,18,13,5,8,6,2,0,0,0,0,0,0,1,0,1
54190701,230,135,95,35,50,21,27,30,5,1,4,6,12,9,17,2,23,12,11,114,73,41,54,30,24,3,2,1,23,9,14,13,9,4
56538501,48,31,17,18,7,1,2,6,2,0,2,1,3,3,0,1,3,2,1,15,11,4,16,8,8,1,1,0,7,5,2,6,4,2
56535101,56,34,22,2,19,3,3,7,0,0,2,7,3,4,3,0,4,2,2,22,14,8,19,12,7,1,1,0,6,2,4,4,3,1
56536901,24,14,10,4,2,1,4,3,0,0,0,1,4,1,1,0,3,0,3,7,6,1,7,4,3,2,0,2,5,4,1,0,0,0
56536902,10,6,4,0,1,1,3,3,1,0,0,0,1,0,0,0,0,0,0,9,5,4,1,1,0,0,0,0,0,0,0,0,0,0
54194001,134,76,58,17,37,10,11,5,1,5,2,5,17,4,9,1,8,6,2,57,38,19,44,22,22,5,2,3,12,4,8,8,4,4
59850001,46,27,19,1,14,3,7,0,0,0,2,5,4,4,4,1,1,1,0,17,13,4,20,9,11,0,0,0,7,3,4,1,1,0
54196601,209,119,90,6,56,16,32,29,9,2,3,13,12,10,12,3,13,2,11,94,67,27,66,33,33,1,0,1,26,10,16,9,7,2
54197401,304,166,138,6,115,16,29,30,6,10,5,26,23,17,14,1,24,14,10,105,69,36,112,54,58,10,4,6,45,19,26,8,6,2
54198201,12,7,5,2,2,2,0,1,0,0,1,1,2,0,1,0,0,0,0,4,3,1,5,4,1,0,0,0,3,0,3,0,0,0
54198202,72,39,33,3,11,4,3,8,4,2,1,11,8,4,3,1,10,5,5,23,14,9,22,12,10,1,0,1,11,5,6,5,3,2
54198203,27,17,10,3,4,4,4,2,3,1,0,1,1,2,1,0,0,0,0,15,10,5,6,2,4,1,1,0,5,4,1,0,0,0
54198204,206,108,98,19,37,6,28,11,10,6,2,23,23,20,13,1,9,2,7,55,34,21,80,43,37,4,1,3,51,22,29,7,6,1
54198205,12,6,6,0,0,0,1,3,0,0,0,0,1,7,0,0,0,0,0,2,1,1,5,1,4,0,0,0,5,4,1,0,0,0
54200801,30,17,13,2,3,3,4,6,3,1,0,1,2,3,2,0,2,1,1,9,7,2,12,8,4,0,0,0,5,1,4,2,0,2
54200802,12,9,3,0,4,4,2,0,0,0,0,0,2,0,0,0,1,1,0,3,3,0,4,3,1,0,0,0,3,1,2,1,1,0
54201601,323,192,131,14,86,26,44,37,6,10,3,18,32,15,21,1,20,8,12,139,96,43,110,59,51,6,1,5,33,16,17,15,12,3
54203201,494,280,214,10,164,34,52,42,9,9,2,39,43,44,25,6,32,19,13,160,97,63,189,101,88,18,7,11,79,45,34,16,11,5
54203202,17,11,6,0,5,4,1,1,0,1,0,1,0,0,2,1,4,3,1,8,5,3,4,2,2,0,0,0,1,1,0,0,0,0
54204102,626,345,281,15,181,40,93,71,9,9,10,50,50,39,40,2,27,11,16,222,147,75,244,123,121,12,5,7,99,47,52,22,12,10
54204104,309,161,148,11,62,24,37,48,8,6,15,20,28,20,14,4,15,6,9,90,55,35,124,63,61,5,3,2,60,26,34,15,8,7
56537701,50,32,18,10,13,3,5,6,0,2,0,1,5,0,3,1,2,0,2,19,13,6,24,15,9,0,0,0,4,3,1,1,1,0
54206702,208,126,82,11,51,11,19,34,4,6,3,16,22,13,13,1,9,7,2,84,61,23,74,39,35,3,1,2,31,12,19,7,6,1
54207501,113,64,49,6,30,7,14,22,3,0,0,9,7,8,5,1,12,7,5,50,35,15,35,14,21,0,0,0,13,5,8,3,3,0
54207502,28,14,14,4,3,0,5,4,0,1,1,3,2,1,3,0,0,0,0,9,5,4,9,5,4,3,1,2,4,2,2,3,1,2
56546601,64,37,27,6,13,4,5,13,0,2,2,9,2,1,5,0,3,1,2,28,18,10,22,13,9,0,0,0,10,4,6,1,1,0
56546602,34,18,16,6,9,2,1,1,0,1,1,3,0,8,2,0,1,0,1,11,8,3,14,8,6,1,0,1,6,1,5,1,1,0
54210501,413,227,186,31,87,34,53,60,8,4,10,21,24,32,35,1,22,7,15,140,97,43,169,83,86,7,2,5,55,25,30,20,13,7
54210502,11,6,5,3,2,1,0,0,0,2,0,0,2,0,1,0,0,0,0,1,1,0,3,2,1,0,0,0,5,2,3,2,1,1
54211301,63,35,28,6,7,3,6,14,0,0,0,6,8,8,3,0,2,1,1,22,15,7,30,16,14,2,1,1,7,2,5,0,0,0
54211302,215,119,96,16,46,18,32,19,2,10,2,17,21,5,15,1,13,8,5,82,56,26,83,39,44,3,2,1,23,8,15,11,6,5
54211303,26,14,12,3,3,1,6,1,2,0,0,2,2,3,1,0,1,0,1,7,6,1,12,6,6,0,0,0,6,2,4,0,0,0
54212101,26,15,11,5,3,2,1,2,2,1,0,3,1,3,2,0,1,0,1,10,7,3,6,3,3,0,0,0,7,3,4,2,2,0
54212102,344,205,139,23,82,37,39,42,11,2,3,22,32,15,20,2,27,15,12,137,95,42,120,64,56,6,3,3,41,18,23,13,10,3
54213001,209,117,92,19,51,9,24,22,13,3,2,20,13,11,16,3,14,8,6,78,53,25,76,32,44,1,1,0,33,19,14,7,4,3
59858502,36,19,17,5,3,3,4,2,3,1,1,4,3,1,4,0,1,0,1,18,13,5,13,3,10,0,0,0,3,2,1,1,1,0
54216401,2632,1383,1249,54,536,167,336,256,62,110,76,236,236,241,212,14,128,57,71,727,458,269,1016,497,519,83,29,54,594,291,303,84,51,33
54216402,121,69,52,3,23,13,13,9,1,6,3,13,9,13,9,0,2,1,1,24,16,8,52,30,22,4,1,3,37,20,17,2,1,1
54216403,120,69,51,3,50,7,9,5,4,3,2,8,3,11,10,1,14,5,9,26,21,5,49,25,24,3,0,3,24,14,10,4,4,0
54218101,85,49,36,15,14,10,6,4,4,3,2,5,10,4,5,0,5,4,1,27,18,9,33,17,16,6,1,5,9,6,3,5,3,2
54219901,288,169,119,11,88,20,27,21,6,6,7,18,28,28,15,2,7,2,5,99,72,27,105,60,45,3,2,1,64,26,38,10,7,3
54220201,13,6,7,2,3,0,1,1,0,1,0,1,1,1,0,0,0,0,0,3,2,1,6,2,4,0,0,0,4,2,2,0,0,0
54220202,155,97,58,16,35,12,11,14,2,1,1,15,24,8,11,0,6,2,4,50,39,11,57,33,24,8,2,6,21,12,9,13,9,4
54220203,331,328,3,2,1,3,2,3,0,0,0,70,247,0,0,3,140,140,0,137,135,2,47,46,1,1,1,0,6,6,0,0,0,0
54221101,138,80,58,17,52,12,17,6,4,0,1,8,5,4,5,1,4,2,2,63,45,18,55,27,28,1,0,1,5,1,4,10,5,5
1183202,0,0,0,0,0,0,0,0,0,0,0,0,0,0,0,0,0,0,0,0,0,0,0,0,0,0,0,0,0,0,0,0,0,0
54424801,34,19,15,1,3,7,4,1,1,0,2,6,1,3,0,1,1,0,1,17,10,7,11,6,5,0,0,0,4,2,2,1,1,0
54424802,31,15,16,2,8,3,3,3,2,0,0,3,3,2,1,0,2,1,1,16,9,7,6,2,4,1,0,1,4,2,2,2,1,1
54424803,28,20,8,3,8,2,2,2,0,0,0,3,4,0,1,0,1,0,1,13,11,2,9,4,5,0,0,0,1,1,0,4,4,0
54424804,333,192,141,11,103,18,55,33,8,3,3,14,33,17,20,2,14,6,8,131,92,39,126,67,59,13,4,9,36,14,22,13,9,4
54424805,55,33,22,5,14,6,6,5,1,2,3,5,2,4,2,0,1,0,1,19,15,4,23,11,12,0,0,0,11,6,5,1,1,0
54424806,18,12,6,0,6,2,1,3,0,0,0,2,1,1,0,0,0,0,0,10,7,3,6,4,2,0,0,0,0,0,0,2,1,1
54222901,133,75,58,9,43,8,14,14,2,3,3,9,7,6,7,0,8,3,5,51,36,15,50,25,25,2,0,2,18,9,9,4,2,2
54223701,123,75,48,23,26,16,8,10,4,1,1,4,4,9,10,5,12,8,4,59,42,17,38,18,20,2,0,2,6,2,4,6,5,1
59857702,41,22,19,2,10,2,6,10,1,2,0,4,1,0,1,0,3,2,1,9,5,4,15,9,6,0,0,0,14,6,8,0,0,0
54225301,87,51,36,3,20,13,12,3,6,1,1,7,9,5,7,0,4,1,3,39,27,12,31,18,13,0,0,0,11,4,7,2,1,1
56526101,113,63,50,11,26,2,10,13,4,1,0,12,12,5,15,1,14,7,7,39,28,11,38,16,22,3,1,2,13,8,5,6,3,3
54227001,110,63,47,14,28,6,18,13,6,1,1,3,7,5,5,0,7,5,2,51,30,21,28,13,15,0,0,0,12,6,6,12,9,3
1369480,0,0,0,0,0,0,0,0,0,0,0,0,0,0,0,0,0,0,0,0,0,0,0,0,0,0,0,0,0,0,0,0,0,0
54228802,53,28,25,2,13,4,5,3,3,1,0,2,11,3,3,1,1,0,1,27,18,9,18,6,12,0,0,0,6,3,3,1,1,0
59976001,76,45,31,7,24,9,2,8,1,2,0,4,5,8,2,1,5,5,0,28,20,8,30,15,15,0,0,0,12,5,7,1,0,1
54165601,452,277,175,12,101,28,77,35,46,7,5,49,15,20,25,9,39,27,12,126,92,34,147,77,70,6,4,2,64,29,35,70,48,22
54165602,220,118,102,3,66,8,19,19,3,3,6,21,25,17,14,3,14,8,6,61,32,29,82,44,38,5,3,2,45,25,20,13,6,7
54165603,32,19,13,7,1,2,5,4,2,0,0,2,2,2,2,0,5,2,3,4,3,1,15,6,9,0,0,0,7,7,0,1,1,0
54165604,484,258,226,8,153,28,55,47,3,10,8,51,46,32,26,2,27,14,13,121,71,50,200,107,93,11,4,7,100,47,53,25,15,10
54165605,45,22,23,1,10,3,4,6,1,1,0,6,6,5,2,0,1,0,1,9,6,3,18,8,10,0,0,0,17,8,9,0,0,0
54165606,336,171,165,3,84,14,37,32,17,7,5,31,37,32,19,4,24,11,13,105,64,41,135,63,72,11,3,8,57,27,30,4,3,1
54165607,597,312,285,6,174,36,70,65,10,11,8,46,47,35,58,8,36,19,17,191,125,66,249,107,142,17,5,12,80,43,37,24,13,11
54165609,1654,854,800,35,437,82,185,170,34,38,36,152,165,142,110,16,84,38,46,420,265,155,717,340,377,31,13,18,353,170,183,49,28,21
54165610,755,384,371,18,217,32,78,54,20,16,13,58,69,62,79,5,47,18,29,207,125,82,324,150,174,12,2,10,143,70,73,22,19,3
54165611,16,12,4,1,4,3,2,1,0,0,0,2,2,1,0,0,4,3,1,4,3,1,3,2,1,1,1,0,3,2,1,1,1,0
54165612,885,486,399,14,243,59,95,63,17,20,18,84,85,72,66,7,50,23,27,228,157,71,353,183,170,24,4,20,201,99,102,29,20,9
54165614,1228,649,579,25,311,86,147,96,28,27,32,106,102,123,93,11,60,30,30,316,195,121,474,247,227,32,5,27,310,147,163,36,25,11
54165615,34,17,17,10,8,2,3,1,0,1,0,2,1,3,1,1,3,1,2,17,8,9,8,5,3,2,0,2,3,2,1,1,1,0
54165616,40,24,16,0,12,1,1,7,7,0,0,3,1,4,1,0,1,1,0,20,13,7,14,8,6,0,0,0,5,2,3,0,0,0
54165617,107,56,51,3,31,7,18,9,3,5,2,10,4,5,6,1,8,2,6,39,23,16,37,22,15,1,0,1,18,7,11,4,2,2
54165618,610,320,290,7,178,35,68,48,21,17,15,51,44,47,44,6,52,21,31,172,107,65,243,122,121,14,3,11,100,46,54,29,21,8
54165619,25,10,15,1,3,1,1,2,0,4,1,4,1,3,3,0,1,0,1,5,4,1,10,1,9,2,2,0,7,3,4,0,0,0
54165620,133,75,58,5,49,10,12,20,6,2,2,10,3,5,3,0,18,9,9,56,34,22,47,23,24,1,1,0,9,7,2,2,1,1
54165621,31,14,17,1,3,3,2,4,1,0,0,7,4,2,3,0,0,0,0,6,2,4,11,5,6,2,0,2,12,7,5,0,0,0
59852601,2,1,1,1,0,0,0,0,0,0,0,0,0,0,0,1,2,1,1,0,0,0,0,0,0,0,0,0,0,0,0,0,0,0
59852602,439,259,180,16,136,37,48,39,6,11,4,30,32,37,29,6,13,4,9,162,108,54,161,91,70,7,1,6,75,39,36,21,16,5
59852604,22,13,9,5,5,0,3,0,0,0,1,2,2,1,2,0,1,1,0,9,6,3,6,5,1,0,0,0,5,1,4,1,0,1
54232601,23,12,11,6,4,2,3,1,3,0,0,1,0,2,0,0,2,1,1,10,6,4,4,1,3,0,0,0,5,2,3,2,2,0
54232603,347,191,156,26,71,26,45,35,8,15,8,31,27,18,25,1,14,5,9,111,77,34,143,68,75,4,3,1,68,35,33,7,3,4
54233401,490,286,204,14,118,37,52,59,15,13,13,39,38,31,39,4,30,13,17,146,102,44,191,107,84,15,6,9,83,42,41,25,16,9
56550401,63,36,27,3,14,4,8,4,2,3,1,5,3,5,4,0,6,2,4,26,20,6,20,7,13,3,1,2,6,4,2,2,2,0
54235102,648,374,274,18,170,54,102,80,18,16,17,46,40,18,48,4,24,10,14,259,177,82,252,135,117,12,3,9,83,38,45,18,11,7
54235103,74,46,28,7,25,6,5,10,4,1,0,3,6,2,5,0,12,8,4,23,14,9,27,18,9,1,1,0,4,2,2,7,3,4
54236901,109,62,47,4,27,6,14,12,3,5,0,6,13,10,6,0,3,1,2,45,33,12,40,18,22,2,1,1,17,8,9,2,1,1
54237702,64,34,30,8,15,6,8,7,0,1,2,5,4,2,4,0,2,1,1,27,16,11,26,12,14,1,1,0,7,4,3,1,0,1
54237703,62,34,28,1,20,4,8,8,2,1,0,4,5,2,4,0,5,3,2,25,18,7,27,11,16,1,0,1,4,2,2,0,0,0
54237704,484,260,224,6,153,31,46,68,11,6,12,34,32,33,32,3,22,11,11,150,105,45,211,95,116,12,2,10,76,37,39,13,10,3
54238502,66,38,28,5,16,1,4,7,2,2,1,3,8,5,5,1,1,1,0,20,13,7,20,10,10,1,0,1,19,11,8,5,3,2
54241501,15,8,7,1,3,1,3,1,0,0,1,2,0,0,2,0,0,0,0,6,3,3,4,3,1,2,1,1,3,1,2,0,0,0
54241502,48,26,22,5,8,2,6,4,2,0,1,3,6,4,3,0,4,1,3,15,11,4,24,11,13,1,1,0,2,1,1,2,1,1
54241504,54,30,24,4,22,2,4,4,0,1,2,1,4,6,3,0,2,2,0,28,15,13,11,8,3,2,0,2,11,5,6,0,0,0
54241505,21,14,7,4,3,4,3,2,0,0,0,0,2,1,0,0,2,1,1,10,8,2,7,3,4,0,0,0,1,1,0,1,1,0
54241507,159,94,65,14,39,13,16,13,4,2,0,10,20,11,11,3,6,2,4,58,39,19,51,29,22,1,1,0,27,15,12,16,8,8
54241508,24,13,11,3,5,1,3,2,1,0,1,2,5,1,0,0,0,0,0,10,4,6,10,6,4,0,0,0,3,2,1,1,1,0
56540701,40,25,15,11,3,2,4,5,3,1,0,3,2,2,3,0,4,3,1,18,13,5,11,7,4,0,0,0,4,1,3,3,1,2
54243101,161,91,70,20,33,12,20,15,0,3,2,11,12,9,13,1,10,3,7,74,49,25,55,27,28,1,1,0,14,7,7,7,4,3
54245801,141,84,57,17,28,15,20,19,3,0,1,9,12,5,8,3,14,6,8,61,48,13,50,22,28,0,0,0,9,3,6,7,5,2
54245802,24,14,10,7,3,1,4,1,0,0,1,3,0,0,0,1,4,1,3,11,9,2,7,3,4,0,0,0,1,1,0,1,0,1
54246601,49,28,21,2,7,3,8,4,3,2,0,5,6,3,3,1,3,0,3,17,13,4,18,9,9,0,0,0,9,4,5,2,2,0
54246602,242,145,97,14,58,18,16,31,7,8,4,24,15,13,24,1,10,5,5,63,50,13,97,55,42,7,0,7,52,26,26,13,9,4
54247401,267,145,122,11,65,26,46,21,8,3,8,19,19,17,15,2,8,4,4,121,82,39,91,33,58,4,0,4,29,15,14,14,11,3
59849601,18,12,6,1,2,1,6,1,0,0,1,1,2,1,0,1,0,0,0,3,2,1,10,7,3,1,1,0,2,0,2,2,2,0
59849602,13,7,6,1,3,2,2,0,0,0,0,2,1,0,2,0,0,0,0,5,4,1,6,3,3,0,0,0,2,0,2,0,0,0
59849603,35,22,13,12,8,1,4,1,2,0,0,1,0,4,2,0,4,3,1,14,10,4,11,7,4,1,1,0,5,1,4,0,0,0
56532601,19,13,6,4,3,2,1,0,3,0,0,2,0,4,0,0,0,0,0,10,8,2,6,3,3,0,0,0,2,1,1,1,1,0
54250401,68,36,32,5,17,3,9,4,2,1,2,8,6,1,3,2,3,1,2,23,17,6,28,12,16,1,0,1,9,4,5,4,2,2
54251201,46,28,18,4,9,11,1,8,0,0,0,0,2,5,2,0,0,0,0,22,17,5,18,8,10,3,1,2,2,1,1,1,1,0
54251202,200,106,94,21,35,21,20,22,5,1,1,18,18,22,7,2,8,3,5,73,53,20,80,35,45,5,1,4,31,13,18,3,1,2
56551201,30,19,11,6,16,0,5,0,0,0,0,2,0,1,0,0,5,2,3,18,15,3,6,2,4,0,0,0,1,0,1,0,0,0
54256303,117,69,48,13,30,5,15,15,3,2,3,10,8,4,7,1,4,1,3,46,32,14,52,29,23,1,1,0,12,6,6,2,0,2
54256304,15,9,6,2,4,0,2,1,0,0,0,1,1,1,1,0,0,0,0,7,6,1,3,1,2,0,0,0,4,2,2,1,0,1
1783490,0,0,0,0,0,0,0,0,0,0,0,0,0,0,0,0,0,0,0,0,0,0,0,0,0,0,0,0,0,0,0,0,0,0
52969901,17,13,4,5,2,1,1,0,1,0,0,2,2,1,1,0,1,1,0,11,9,2,2,2,0,1,0,1,1,0,1,1,1,0
56513001,45,23,22,4,12,7,4,1,1,1,0,2,6,2,1,1,1,0,1,17,12,5,23,10,13,0,0,0,2,1,1,2,0,2
54259801,147,91,56,7,32,23,18,13,3,2,2,9,16,14,4,2,7,5,2,58,46,12,51,18,33,1,1,0,22,14,8,8,7,1
54260101,171,98,73,8,55,11,17,21,7,1,4,10,11,10,14,0,22,14,8,67,46,21,54,28,26,2,0,2,21,6,15,5,4,1
54261001,127,66,61,4,29,13,15,10,5,1,1,11,14,6,9,2,2,1,1,34,22,12,60,27,33,2,2,0,23,10,13,6,4,2
54261003,20,13,7,0,8,2,1,0,2,1,0,3,3,0,0,0,1,1,0,6,4,2,4,3,1,0,0,0,4,1,3,5,4,1
54261004,170,91,79,5,34,17,22,24,5,2,3,21,10,13,10,1,14,6,8,59,39,20,63,30,33,1,0,1,30,14,16,3,2,1
59851801,10,7,3,1,1,1,0,1,0,0,0,0,2,2,1,0,2,2,0,2,1,1,3,2,1,0,0,0,3,2,1,0,0,0
59851802,32,17,15,5,8,6,3,3,1,0,0,2,0,0,1,1,4,1,3,16,8,8,7,3,4,0,0,0,0,0,0,5,5,0
53582601,325,174,151,5,82,30,46,31,9,6,6,32,22,29,18,1,13,12,1,97,57,40,117,64,53,5,3,2,81,36,45,12,2,10
53582602,197,112,85,2,44,20,28,9,6,8,7,18,15,18,16,0,2,1,1,23,17,6,64,35,29,9,3,6,98,55,43,1,1,0
53615601,49,33,16,11,14,3,5,7,1,0,1,1,1,1,3,1,4,3,1,26,19,7,13,8,5,0,0,0,3,0,3,3,3,0
54427201,782,410,372,18,185,39,109,41,16,27,18,83,74,67,67,4,21,12,9,182,116,66,292,137,155,20,6,14,263,137,126,4,2,2
1684322,0,0,0,0,0,0,0,0,0,0,0,0,0,0,0,0,0,0,0,0,0,0,0,0,0,0,0,0,0,0,0,0,0,0
54428101,1415,731,684,47,496,90,129,96,33,26,26,103,96,114,96,9,65,30,35,507,299,208,473,226,247,23,8,15,298,141,157,49,27,22
54428102,218,126,92,11,74,17,22,21,6,6,0,11,10,11,23,2,9,3,6,81,56,25,83,44,39,2,2,0,37,16,21,6,5,1
54428103,20,12,8,1,4,4,3,0,1,1,0,1,0,2,1,0,3,2,1,8,6,2,5,2,3,0,0,0,4,2,2,0,0,0
54428104,61,34,27,5,24,11,2,0,1,0,1,5,2,4,3,0,5,3,2,26,16,10,13,9,4,3,0,3,9,3,6,5,3,2
54428105,122,67,55,6,52,5,8,6,3,2,0,14,12,6,3,0,6,1,5,40,31,9,44,18,26,4,2,2,26,14,12,2,1,1
54428106,44,28,16,1,8,1,8,6,1,1,0,7,0,4,2,0,4,3,1,7,5,2,19,12,7,3,3,0,11,5,6,0,0,0
54428107,54,27,27,2,21,5,9,1,3,1,0,5,2,2,0,0,2,1,1,22,13,9,21,9,12,0,0,0,6,2,4,3,2,1
54428108,86,48,38,12,28,16,6,3,1,0,1,5,4,2,7,1,5,3,2,37,27,10,31,13,18,1,1,0,11,4,7,1,0,1
53568101,6,4,2,0,0,2,0,3,0,0,0,1,0,0,0,0,0,0,0,1,1,0,5,3,2,0,0,0,0,0,0,0,0,0
53568102,45,26,19,4,11,5,3,4,0,1,1,4,4,1,3,0,0,0,0,23,14,9,16,7,9,0,0,0,5,4,1,1,1,0
53568103,25,15,10,1,10,0,3,2,0,2,0,1,1,2,2,0,0,0,0,9,7,2,8,4,4,1,0,1,5,2,3,2,2,0
54429901,525,283,242,13,141,47,57,28,18,11,25,60,36,39,41,2,21,10,11,131,92,39,193,91,102,9,3,6,162,80,82,9,7,2
54429902,169,80,89,1,28,10,18,11,3,1,7,24,24,14,21,0,3,1,2,19,13,6,74,32,42,3,1,2,69,32,37,1,1,0
54429903,18,7,11,0,8,1,3,1,0,0,1,0,1,2,0,0,1,1,0,9,5,4,7,1,6,0,0,0,1,0,1,0,0,0
54429904,283,146,137,8,74,30,30,16,11,4,8,20,23,21,26,6,14,6,8,84,51,33,98,53,45,11,6,5,61,22,39,15,8,7
54429905,15,7,8,1,4,0,0,3,2,0,1,1,2,0,1,0,1,1,0,6,2,4,4,2,2,0,0,0,3,1,2,1,1,0
54429906,12,8,4,1,5,0,1,0,1,0,0,0,0,1,2,0,0,0,0,7,5,2,2,1,1,0,0,0,3,2,1,0,0,0
54429907,60,33,27,2,10,8,6,4,3,0,3,9,2,4,6,0,1,1,0,11,6,5,24,11,13,5,4,1,18,10,8,1,1,0
53540101,111,62,49,21,39,5,10,5,3,6,3,3,3,4,7,0,8,5,3,41,26,15,39,19,20,5,2,3,17,9,8,1,1,0
55149001,154,81,73,5,35,15,15,10,5,6,1,15,9,16,13,1,5,5,0,49,26,23,60,30,30,1,1,0,34,15,19,5,4,1
53605901,25,14,11,1,8,1,5,4,0,0,0,0,0,5,0,0,0,0,0,13,9,4,7,4,3,1,0,1,4,1,3,0,0,0
53605902,60,31,29,4,13,10,4,2,5,0,1,6,10,1,3,0,5,1,4,17,12,5,21,10,11,1,0,1,12,5,7,4,3,1
53554101,107,58,49,6,22,12,13,7,3,4,1,12,7,10,6,0,5,2,3,28,20,8,33,14,19,2,0,2,35,19,16,4,3,1
53554102,37,17,20,1,12,3,6,1,2,1,0,5,1,3,1,0,0,0,0,15,9,6,12,2,10,0,0,0,9,5,4,1,1,0
53554103,17,12,5,3,2,1,1,2,1,0,0,2,2,3,0,0,0,0,0,8,6,2,7,5,2,0,0,0,1,0,1,1,1,0
54432901,208,113,95,23,63,21,25,7,2,1,3,16,16,16,12,1,5,4,1,83,50,33,72,38,34,1,0,1,41,17,24,6,4,2
59897601,27,15,12,7,12,1,1,0,0,1,0,2,2,0,1,0,1,0,1,15,11,4,5,2,3,0,0,0,6,2,4,0,0,0
0219890,0,0,0,0,0,0,0,0,0,0,0,0,0,0,0,0,0,0,0,0,0,0,0,0,0,0,0,0,0,0,0,0,0,0
0220120,0,0,0,0,0,0,0,0,0,0,0,0,0,0,0,0,0,0,0,0,0,0,0,0,0,0,0,0,0,0,0,0,0,0
0221010,0,0,0,0,0,0,0,0,0,0,0,0,0,0,0,0,0,0,0,0,0,0,0,0,0,0,0,0,0,0,0,0,0,0
0221360,0,0,0,0,0,0,0,0,0,0,0,0,0,0,0,0,0,0,0,0,0,0,0,0,0,0,0,0,0,0,0,0,0,0
0221610,0,0,0,0,0,0,0,0,0,0,0,0,0,0,0,0,0,0,0,0,0,0,0,0,0,0,0,0,0,0,0,0,0,0
0222332,0,0,0,0,0,0,0,0,0,0,0,0,0,0,0,0,0,0,0,0,0,0,0,0,0,0,0,0,0,0,0,0,0,0
0225270,0,0,0,0,0,0,0,0,0,0,0,0,0,0,0,0,0,0,0,0,0,0,0,0,0,0,0,0,0,0,0,0,0,0
3311800,0,0,0,0,0,0,0,0,0,0,0,0,0,0,0,0,0,0,0,0,0,0,0,0,0,0,0,0,0,0,0,0,0,0
54425601,1490,880,610,29,336,111,157,101,114,39,26,208,46,85,87,33,106,62,44,363,243,120,395,202,193,32,22,10,323,155,168,271,196,75
54425603,111,59,52,2,29,9,9,5,3,1,9,21,9,5,7,0,4,1,3,21,11,10,49,28,21,2,2,0,34,16,18,1,1,0
54425604,587,309,278,7,123,27,82,35,36,18,19,81,23,50,50,8,31,13,18,115,73,42,199,101,98,13,7,6,194,100,94,35,15,20
54425605,517,254,263,7,96,23,55,25,23,24,22,68,34,37,73,3,8,4,4,55,32,23,156,76,80,21,7,14,260,126,134,17,9,8
54425606,317,168,149,10,91,16,34,19,8,6,9,34,25,23,26,2,14,6,8,64,40,24,112,53,59,12,5,7,109,60,49,6,4,2
54425607,149,79,70,3,37,16,20,3,9,1,3,10,12,15,13,1,2,0,2,43,32,11,59,30,29,4,1,3,39,15,24,2,1,1
54425608,4565,2355,2210,46,1135,273,581,304,167,123,87,513,332,364,415,35,219,98,121,1293,762,531,1724,847,877,113,46,67,1064,519,545,152,83,69
54425609,8194,4148,4046,90,2154,521,1077,534,266,203,149,981,520,645,694,64,573,280,293,2411,1364,1047,2810,1305,1505,137,68,69,1900,901,999,363,230,133
54425610,327,180,147,14,76,10,26,11,11,18,10,69,11,30,32,1,5,3,2,40,24,16,88,43,45,7,3,4,181,104,77,6,3,3
54425611,2319,1239,1080,25,597,122,319,175,80,50,33,306,148,180,173,17,143,78,65,709,430,279,777,384,393,41,18,23,569,279,290,80,50,30
54425612,15,8,7,0,1,2,0,2,0,2,0,1,2,1,1,0,0,0,0,3,1,2,7,5,2,0,0,0,3,1,2,2,1,1
54425613,115,61,54,0,30,6,16,9,4,7,2,11,7,6,11,1,2,2,0,17,9,8,49,26,23,6,3,3,37,19,18,4,2,2
54425614,721,390,331,10,162,52,101,34,26,18,21,89,44,75,40,9,31,15,16,216,132,84,248,123,125,14,7,7,199,104,95,13,9,4
54425615,614,317,297,5,126,34,63,30,24,39,22,74,57,61,56,2,10,7,3,99,56,43,204,96,108,15,5,10,276,147,129,10,6,4
54425616,499,273,226,8,94,38,46,15,18,19,23,77,22,50,68,5,9,3,6,39,27,12,146,76,70,13,8,5,284,152,132,8,7,1
54425617,1868,983,885,27,367,130,223,88,102,69,59,266,89,146,151,23,102,54,48,327,194,133,614,323,291,62,29,33,666,322,344,97,61,36
54425618,2186,1150,1036,25,525,164,259,113,111,74,51,283,103,180,163,24,144,76,68,439,263,176,755,404,351,62,20,42,655,295,360,131,92,39
54425619,2731,1413,1318,37,691,184,324,175,109,89,64,323,198,203,208,18,124,68,56,679,389,290,1016,523,493,68,33,35,749,331,418,95,69,26
54425620,86,45,41,2,12,7,4,2,4,5,3,18,8,7,11,0,5,1,4,15,7,8,33,17,16,1,1,0,32,19,13,0,0,0
54425621,2246,1201,1045,39,561,148,279,139,92,77,75,265,127,176,153,14,112,59,53,524,317,207,798,417,381,60,25,35,663,321,342,89,62,27
54425623,986,532,454,19,258,78,134,73,48,25,26,85,50,70,62,7,45,25,20,290,172,118,350,182,168,18,12,6,264,128,136,19,13,6
54425624,1674,827,847,12,454,110,192,89,70,44,39,209,92,135,147,17,68,31,37,379,226,153,587,284,303,44,20,24,541,234,307,55,32,23
54425625,1123,579,544,21,258,58,126,69,52,38,29,144,82,90,89,16,57,30,27,245,131,114,389,208,181,28,10,18,355,168,187,49,32,17
54425627,310,166,144,5,81,21,55,21,11,10,4,29,19,23,16,1,18,5,13,111,68,43,105,52,53,5,3,2,63,33,30,8,5,3
54425628,309,186,123,7,91,28,41,20,12,7,6,26,17,23,17,4,19,13,6,87,63,24,112,61,51,9,5,4,71,37,34,11,7,4
54425629,315,176,139,5,113,18,32,42,16,18,6,15,8,13,13,2,33,16,17,96,59,37,113,64,49,10,5,5,50,23,27,13,9,4
54425630,50,34,16,2,16,8,5,2,1,2,1,7,1,1,1,1,9,6,3,17,12,5,11,9,2,1,0,1,7,5,2,5,2,3
54425631,84,79,5,0,12,32,2,29,0,1,0,3,2,3,0,0,7,7,0,4,4,0,17,16,1,11,11,0,13,11,2,32,30,2
54425632,177,97,80,3,40,16,18,10,5,7,4,18,13,25,14,0,4,2,2,41,29,12,69,35,34,2,0,2,61,31,30,0,0,0
54425633,33,18,15,0,9,0,2,3,1,1,3,7,1,2,3,0,0,0,0,3,3,0,13,6,7,2,1,1,15,8,7,0,0,0
54425634,441,230,211,6,107,31,59,28,22,13,11,52,27,33,27,1,21,7,14,131,84,47,155,79,76,14,6,8,104,43,61,16,11,5
54425635,29,14,15,0,7,4,4,2,0,0,0,3,1,1,5,0,1,1,0,3,3,0,10,5,5,1,0,1,14,5,9,0,0,0
54425636,244,134,110,3,70,19,27,18,4,6,6,16,22,19,18,5,4,3,1,63,40,23,84,38,46,6,3,3,73,41,32,14,9,5
54425637,66,37,29,1,22,4,7,6,1,1,1,7,4,7,3,0,2,2,0,21,13,8,27,14,13,2,1,1,13,7,6,1,0,1
54425639,1382,743,639,16,331,94,179,76,62,43,30,159,99,125,91,15,62,27,35,341,214,127,501,277,224,39,22,17,403,179,224,36,24,12
54425640,111,65,46,2,35,9,25,4,2,1,2,5,11,4,6,1,5,2,3,36,24,12,29,18,11,4,2,2,32,16,16,5,3,2
54425641,1628,866,762,18,388,121,226,108,61,72,26,158,111,133,126,12,63,38,25,433,263,170,561,287,274,42,21,21,478,227,251,51,30,21
54425642,323,165,158,3,76,17,38,7,8,15,14,33,26,32,34,1,11,9,2,28,19,9,109,54,55,6,1,5,159,77,82,10,5,5
54425643,55,31,24,1,16,16,2,1,1,1,1,5,3,3,2,1,8,7,1,22,13,9,15,6,9,1,1,0,5,1,4,4,3,1
54425644,157,84,73,3,25,15,16,9,3,6,11,18,16,15,14,0,4,4,0,23,12,11,42,23,19,4,1,3,81,42,39,3,2,1
54425645,206,114,92,6,52,13,34,4,4,8,2,19,19,16,16,0,7,5,2,60,40,20,75,41,34,6,2,4,55,24,31,3,2,1
54425646,244,143,101,1,115,13,20,14,6,5,2,37,6,7,9,3,17,8,9,64,45,19,65,37,28,15,5,10,39,17,22,44,31,13
54425647,41,21,20,0,4,3,7,7,1,1,0,2,4,3,6,1,3,2,1,12,7,5,15,8,7,0,0,0,11,4,7,0,0,0
54425649,1299,697,602,11,263,96,166,79,56,47,32,158,72,106,139,10,29,17,12,276,191,85,476,240,236,30,12,18,444,208,236,44,29,15
54425650,219,107,112,4,31,18,38,8,6,4,9,29,14,14,34,1,4,2,2,25,13,12,76,38,38,4,2,2,109,51,58,1,1,0
54425651,868,449,419,11,179,79,123,42,31,24,19,116,49,63,85,12,49,24,25,189,113,76,311,157,154,17,9,8,277,130,147,25,16,9
54425653,438,252,186,7,101,41,56,24,12,15,7,40,31,28,39,11,18,8,10,140,96,44,165,99,66,9,2,7,100,44,56,6,3,3
54425654,197,112,85,1,60,6,24,7,1,8,8,27,17,15,17,0,2,2,0,22,16,6,64,37,27,7,4,3,101,52,49,1,1,0
54425655,1481,782,699,16,345,97,159,80,103,55,39,195,70,109,113,18,127,78,49,332,202,130,496,263,233,43,25,18,416,170,246,67,44,23
54425656,152,84,68,4,28,4,18,6,9,5,3,25,9,12,26,1,3,2,1,14,9,5,46,23,23,3,0,3,78,45,33,8,5,3
54425657,60,32,28,0,14,4,7,5,1,0,0,4,3,5,14,0,1,0,1,10,9,1,20,8,12,4,3,1,24,11,13,1,1,0
54425658,115,100,15,1,33,5,2,3,6,2,1,7,32,5,5,3,40,39,1,42,40,2,17,15,2,2,1,1,13,5,8,1,0,1
54425659,7,4,3,0,1,0,0,0,2,0,0,0,0,0,3,1,0,0,0,5,3,2,1,1,0,0,0,0,1,0,1,0,0,0
54425660,27,16,11,0,6,3,4,1,2,1,1,2,2,2,3,0,0,0,0,8,4,4,9,6,3,1,0,1,9,6,3,0,0,0
54425662,1375,735,640,18,299,95,142,77,54,41,32,181,100,97,155,12,58,29,29,294,179,115,477,245,232,34,18,16,448,219,229,64,45,19
54425663,587,312,275,5,101,56,79,38,27,19,13,71,36,40,73,3,19,13,6,120,80,40,219,109,110,20,7,13,200,102,98,9,1,8
54425664,205,119,86,1,45,21,25,8,11,6,5,28,14,13,19,1,6,5,1,31,20,11,93,53,40,2,0,2,70,39,31,3,2,1
54425665,1639,849,790,24,341,140,196,92,48,40,45,180,112,164,170,8,55,28,27,359,219,140,573,287,286,38,16,22,575,271,304,39,28,11
54425666,1894,987,907,23,359,136,222,106,72,76,35,210,117,174,263,11,82,49,33,397,239,158,644,315,329,57,26,31,663,321,342,51,37,14
55150301,16,9,7,1,5,1,3,1,0,0,0,2,0,1,1,0,0,0,0,9,6,3,3,1,2,1,0,1,1,0,1,2,2,0
55150302,56,40,16,10,18,7,5,1,1,0,0,3,1,3,4,0,3,3,0,30,22,8,11,6,5,2,0,2,9,8,1,1,1,0
55150303,11,7,4,3,3,0,1,0,1,0,0,2,0,0,1,0,0,0,0,5,3,2,1,0,1,0,0,0,4,3,1,1,1,0
55150304,22,10,12,1,4,0,4,1,0,1,0,2,3,0,4,1,1,0,1,5,3,2,9,3,6,0,0,0,2,1,1,5,3,2
53524901,175,98,77,11,40,22,26,6,8,3,4,11,16,8,12,1,4,3,1,51,35,16,60,32,28,3,1,2,49,21,28,8,6,2
54436101,31,18,13,6,11,1,3,3,1,1,1,1,1,0,2,0,0,0,0,15,11,4,12,7,5,0,0,0,4,0,4,0,0,0
54436102,93,51,42,7,34,4,10,12,1,1,0,4,11,1,5,1,3,0,3,26,17,9,40,23,17,1,0,1,19,7,12,4,4,0
54436103,36,21,15,5,11,4,3,4,2,0,1,1,1,0,1,0,2,0,2,15,9,6,14,9,5,2,1,1,2,1,1,1,1,0
54436104,38,20,18,2,12,2,3,3,0,2,0,5,1,3,2,1,3,1,2,17,11,6,6,4,2,0,0,0,10,2,8,2,2,0
54436105,34,24,10,5,7,2,7,1,1,1,0,0,2,3,0,2,1,1,0,17,11,6,13,11,2,0,0,0,3,1,2,0,0,0
54436106,60,28,32,7,19,4,5,2,5,0,1,2,6,2,3,0,1,0,1,24,15,9,25,8,17,1,1,0,8,3,5,1,1,0
53520601,1238,682,556,17,264,98,147,79,51,36,26,160,56,115,125,10,34,22,12,300,189,111,428,227,201,26,9,17,409,212,197,41,23,18
53619901,56,27,29,10,26,5,3,3,2,0,1,2,0,1,3,0,5,2,3,34,20,14,8,1,7,0,0,0,4,1,3,5,3,2
54438801,657,363,294,50,228,60,74,41,9,11,7,39,33,49,32,2,15,10,5,266,169,97,225,118,107,11,5,6,114,44,70,26,17,9
54438802,19,12,7,6,5,1,3,2,0,0,0,0,1,1,0,0,0,0,0,6,5,1,7,4,3,0,0,0,4,2,2,2,1,1
54438803,22,12,10,7,4,3,4,1,0,0,0,1,0,0,0,0,0,0,0,7,3,4,7,4,3,0,0,0,7,4,3,1,1,0
54438804,22,14,8,7,5,1,5,1,0,0,0,1,0,2,0,0,0,0,0,8,5,3,9,7,2,1,0,1,4,2,2,0,0,0
54438806,22,14,8,12,5,0,1,0,0,0,1,1,1,1,0,0,1,1,0,8,6,2,12,6,6,0,0,0,1,1,0,0,0,0
54438807,51,28,23,11,12,7,3,2,4,0,0,1,1,5,2,1,1,0,1,21,14,7,21,12,9,0,0,0,7,2,5,1,0,1
54438808,51,30,21,11,13,6,8,2,0,1,1,0,2,2,2,1,1,0,1,27,16,11,15,10,5,0,0,0,8,4,4,0,0,0
54438809,37,17,20,6,8,2,2,5,0,0,1,4,2,2,3,0,5,3,2,18,9,9,9,2,7,0,0,0,5,3,2,0,0,0
53566401,179,89,90,7,43,18,23,7,4,3,1,23,6,11,23,2,2,2,0,33,19,14,75,36,39,5,1,4,60,30,30,4,1,3
54440001,24,13,11,0,4,1,6,1,1,0,0,2,3,2,2,0,2,1,1,10,6,4,6,4,2,0,0,0,5,2,3,1,0,1
54440002,25,13,12,0,6,3,6,1,2,0,0,2,2,1,1,0,0,0,0,11,5,6,9,5,4,0,0,0,5,3,2,0,0,0
54440003,51,33,18,3,12,6,6,3,1,0,0,7,3,5,2,0,1,0,1,19,16,3,19,8,11,2,2,0,9,6,3,1,1,0
54440004,161,92,69,6,53,9,25,14,2,4,3,10,10,7,12,1,5,2,3,62,47,15,66,28,38,1,1,0,23,11,12,4,3,1
53595801,155,84,71,8,47,10,18,19,1,3,1,9,8,7,17,1,2,0,2,54,37,17,59,28,31,2,1,1,31,15,16,7,3,4
54937101,79,45,34,13,17,11,5,5,3,0,2,5,5,5,5,1,4,1,3,30,23,7,25,11,14,2,1,1,12,7,5,6,2,4
54937102,19,12,7,0,7,2,0,4,1,0,0,0,1,1,3,0,0,0,0,4,4,0,9,6,3,0,0,0,4,1,3,2,1,1
54937103,10,5,5,1,4,0,2,1,0,0,0,2,0,0,0,0,0,0,0,3,1,2,4,1,3,0,0,0,2,2,0,1,1,0
54442601,84,49,35,10,26,10,9,5,1,0,1,7,2,3,7,0,1,1,0,32,23,9,29,15,14,3,0,3,14,7,7,5,3,2
54442602,350,197,153,23,107,29,39,20,10,6,6,27,25,26,26,0,11,4,7,130,89,41,127,61,66,7,5,2,59,29,30,16,9,7
54442604,84,44,40,13,15,16,10,2,5,0,2,2,6,9,3,0,3,1,2,34,23,11,25,13,12,1,0,1,17,6,11,4,1,3
54442605,71,41,30,11,21,7,8,5,3,0,0,4,2,4,4,0,3,2,1,37,23,14,25,14,11,1,0,1,3,0,3,2,2,0
54442606,57,38,19,8,14,9,7,5,1,0,1,5,1,3,0,0,4,2,2,21,16,5,17,10,7,1,0,1,10,6,4,4,4,0
54442608,34,18,16,4,11,2,4,2,0,0,1,5,2,0,1,1,2,1,1,8,3,5,13,8,5,1,1,0,6,3,3,4,2,2
54442609,35,21,14,5,12,5,1,2,0,0,1,1,3,2,2,1,2,1,1,18,11,7,7,5,2,4,2,2,4,2,2,0,0,0
54442610,46,29,17,8,13,5,6,1,0,0,1,5,2,1,3,0,5,4,1,22,14,8,11,6,5,2,0,2,3,2,1,3,3,0
54442611,35,17,18,11,8,3,2,1,1,0,0,1,5,1,1,0,1,1,0,16,9,7,8,3,5,2,0,2,6,2,4,2,2,0
53578801,106,63,43,4,20,9,15,2,7,2,1,13,10,11,9,0,3,2,1,28,23,5,41,19,22,2,1,1,26,15,11,6,3,3
53578802,70,39,31,2,15,9,7,1,1,2,1,9,9,7,3,1,4,2,2,17,14,3,28,13,15,3,3,0,17,6,11,1,1,0
53578803,55,33,22,0,18,3,8,4,3,0,0,4,3,3,7,0,1,1,0,12,9,3,22,12,10,2,1,1,16,9,7,2,1,1
54444201,387,220,167,14,79,36,60,23,10,11,8,33,26,38,26,1,17,7,10,115,72,43,145,84,61,9,4,5,89,46,43,12,7,5
54444202,79,41,38,10,25,8,7,5,3,1,2,4,4,5,4,0,3,2,1,31,18,13,38,16,22,0,0,0,5,3,2,2,2,0
54444203,180,102,78,9,32,23,20,17,5,10,2,12,10,22,14,1,3,2,1,54,35,19,65,37,28,4,3,1,52,24,28,2,1,1
54444204,55,34,21,3,8,7,7,2,3,1,6,3,3,4,5,0,4,4,0,23,15,8,14,9,5,0,0,0,12,5,7,2,1,1
54444205,182,106,76,4,44,15,27,12,3,2,2,23,7,19,15,0,8,5,3,43,30,13,60,35,25,3,1,2,64,31,33,4,4,0
54445101,151,82,69,18,55,11,13,12,2,2,7,13,5,4,5,3,9,5,4,62,38,24,56,24,32,4,3,1,17,10,7,3,2,1
54445102,32,16,16,5,8,0,3,2,3,0,1,2,0,2,4,0,0,0,0,11,6,5,16,10,6,0,0,0,5,0,5,0,0,0
54445104,17,10,7,7,7,0,1,0,0,0,0,0,1,1,0,0,1,0,1,7,6,1,2,1,1,0,0,0,3,1,2,4,2,2
53557501,57,38,19,4,17,7,4,2,2,3,1,4,1,5,6,1,3,2,1,18,15,3,19,12,7,1,1,0,13,5,8,3,3,0
53607501,83,50,33,13,28,6,9,7,0,1,0,3,5,1,4,0,3,2,1,36,21,15,31,21,10,0,0,0,11,4,7,2,2,0
59859301,99,57,42,2,27,11,13,4,2,1,4,7,6,9,5,1,3,2,1,32,22,10,34,17,17,2,1,1,26,14,12,2,1,1
59859302,11,6,5,0,3,3,3,0,0,0,0,0,0,1,0,0,1,1,0,5,3,2,5,2,3,0,0,0,0,0,0,0,0,0
53585101,81,44,37,22,9,4,9,8,2,2,3,6,9,3,2,1,1,0,1,26,17,9,29,14,15,5,2,3,16,8,8,4,3,1
59860701,155,77,78,0,35,4,18,9,8,9,6,20,14,10,13,2,4,2,2,18,8,10,46,20,26,2,2,0,84,45,39,1,0,1
59860702,87,52,35,2,19,17,11,3,2,3,3,9,5,5,7,0,4,2,2,21,15,6,27,14,13,1,1,0,31,17,14,3,3,0
54448501,142,72,70,10,37,15,29,4,2,1,3,17,5,6,8,2,4,3,1,48,36,12,50,19,31,4,0,4,29,11,18,7,3,4
54448502,18,11,7,0,7,0,1,3,1,0,0,3,0,1,2,0,5,2,3,9,6,3,3,3,0,1,0,1,0,0,0,0,0,0
54448503,814,429,385,29,172,74,112,33,44,11,18,81,71,77,53,4,14,7,7,187,112,75,290,151,139,20,11,9,290,139,151,13,9,4
54448504,8,5,3,1,5,1,0,0,0,0,0,1,0,0,0,0,0,0,0,3,2,1,4,2,2,0,0,0,1,1,0,0,0,0
54448505,22,13,9,7,8,0,2,0,1,0,1,2,0,0,1,0,1,0,1,11,9,2,5,3,2,0,0,0,3,0,3,2,1,1
54448506,62,34,28,4,17,5,5,3,5,2,2,2,3,7,4,0,4,2,2,11,6,5,29,17,12,1,0,1,15,8,7,2,1,1
54448507,1314,709,605,56,248,122,145,66,90,37,43,152,76,105,90,10,47,23,24,283,188,95,462,239,223,38,17,21,430,208,222,54,34,20
54448508,111,59,52,11,30,8,17,4,9,3,1,11,4,6,7,0,4,1,3,50,30,20,44,20,24,2,1,1,10,7,3,1,0,1
54448509,19,11,8,2,3,2,3,1,0,0,1,2,1,3,1,0,0,0,0,6,5,1,8,4,4,0,0,0,5,2,3,0,0,0
54448510,28,13,15,6,1,2,6,3,1,0,0,0,3,1,5,0,1,0,1,6,3,3,16,8,8,0,0,0,4,1,3,1,1,0
54448512,69,37,32,5,17,3,8,6,4,1,1,8,3,3,6,3,6,1,5,29,17,12,18,9,9,2,1,1,9,4,5,5,5,0
54448513,19,12,7,3,3,1,1,1,1,1,1,2,3,0,2,0,0,0,0,6,4,2,5,4,1,0,0,0,6,3,3,2,1,1
54448514,13,7,6,4,2,0,1,1,0,0,0,2,0,0,1,0,2,1,1,2,1,1,4,2,2,0,0,0,5,3,2,0,0,0
54448515,86,52,34,5,27,11,7,13,7,1,2,3,2,3,2,0,4,2,2,38,28,10,32,16,16,1,1,0,8,3,5,3,2,1
54449301,31,17,14,0,11,4,1,1,3,0,0,3,1,3,3,0,0,0,0,15,9,6,7,2,5,1,1,0,8,5,3,0,0,0
54449302,104,56,48,2,29,12,6,7,4,4,5,7,4,14,6,2,2,0,2,25,16,9,40,24,16,6,3,3,24,9,15,7,4,3
54449303,262,144,118,8,59,26,36,15,8,12,2,30,15,18,21,3,8,3,5,76,51,25,93,44,49,7,2,5,66,36,30,12,8,4
54449304,42,24,18,2,13,3,5,4,0,1,0,4,0,3,5,0,4,1,3,17,13,4,14,7,7,0,0,0,4,2,2,3,1,2
54449305,418,224,194,6,120,33,52,25,3,10,11,41,38,33,24,3,7,2,5,99,66,33,159,80,79,10,5,5,133,64,69,10,7,3
53610501,14,10,4,2,5,0,4,0,0,0,0,1,1,0,1,0,0,0,0,3,3,0,8,5,3,1,1,0,2,1,1,0,0,0
53610502,17,9,8,6,4,0,0,1,0,0,1,0,2,3,0,0,3,1,2,3,2,1,5,4,1,0,0,0,6,2,4,0,0,0
53610503,22,12,10,7,5,1,2,1,0,0,1,0,1,2,2,0,1,0,1,7,5,2,8,4,4,0,0,0,6,3,3,0,0,0
0442291,0,0,0,0,0,0,0,0,0,0,0,0,0,0,0,0,0,0,0,0,0,0,0,0,0,0,0,0,0,0,0,0,0,0
54451501,19,10,9,6,3,2,0,0,0,0,0,2,0,2,2,0,2,1,1,5,3,2,7,5,2,1,0,1,4,1,3,0,0,0
54451502,30,19,11,3,6,4,2,2,4,0,1,2,0,0,4,0,2,2,0,15,11,4,7,4,3,1,0,1,4,1,3,1,1,0
54451503,11,6,5,0,2,2,0,0,0,0,0,1,0,4,1,0,0,0,0,3,2,1,2,1,1,1,1,0,3,1,2,2,1,1
54451504,19,10,9,3,3,1,1,1,4,1,0,0,2,2,1,0,0,0,0,3,2,1,7,4,3,1,0,1,8,4,4,0,0,0
54451505,422,233,189,47,150,46,34,18,20,9,2,13,25,21,27,6,40,17,23,201,123,78,117,62,55,7,3,4,35,17,18,22,11,11
54451506,12,9,3,2,3,3,1,0,0,0,0,1,0,1,0,0,0,0,0,6,5,1,4,2,2,0,0,0,1,1,0,1,1,0
54451507,12,8,4,1,4,0,0,1,0,0,0,5,0,0,0,0,0,0,0,4,3,1,5,3,2,0,0,0,3,2,1,0,0,0
54451509,27,20,7,10,7,1,1,1,2,0,0,0,0,1,3,1,5,4,1,14,10,4,3,2,1,0,0,0,0,0,0,5,4,1
54451512,20,12,8,3,4,5,1,1,3,0,0,0,1,1,1,0,3,0,3,8,8,0,6,2,4,0,0,0,3,2,1,0,0,0
54451513,36,23,13,8,14,4,3,3,1,0,0,0,1,2,0,0,4,1,3,26,18,8,5,3,2,0,0,0,1,1,0,0,0,0
54451514,6,3,3,0,1,1,0,0,2,0,0,1,0,0,1,0,0,0,0,1,1,0,4,2,2,0,0,0,1,0,1,0,0,0
54451519,105,56,49,15,33,13,11,5,1,0,0,7,6,3,9,0,6,3,3,56,35,21,20,7,13,1,1,0,15,5,10,7,5,2
54452301,152,86,66,19,46,14,15,11,3,2,1,8,8,9,11,0,8,4,4,63,38,25,45,25,20,2,1,1,27,12,15,7,6,1
54452302,327,177,150,20,83,26,47,22,5,4,5,26,21,24,25,1,5,3,2,112,72,40,92,43,49,15,8,7,93,46,47,10,5,5
53552402,88,50,38,8,43,10,10,4,3,0,2,6,0,0,1,0,3,2,1,40,22,18,31,21,10,1,0,1,9,2,7,4,3,1
53546001,52,29,23,5,13,2,2,3,0,3,0,13,0,5,4,0,1,0,1,16,9,7,20,12,8,0,0,0,15,8,7,0,0,0
54454001,10,5,5,1,2,0,1,1,0,0,0,0,1,3,0,0,0,0,0,4,2,2,3,2,1,0,0,0,3,1,2,0,0,0
54454002,13,9,4,3,5,0,1,0,0,0,0,0,2,0,1,0,0,0,0,3,2,1,7,5,2,0,0,0,2,1,1,1,1,0
54454005,37,21,16,6,11,2,2,5,2,0,0,3,0,2,2,0,4,3,1,20,13,7,9,5,4,0,0,0,3,0,3,1,0,1
54454006,34,17,17,7,12,0,1,3,4,2,0,2,1,1,1,0,0,0,0,16,7,9,15,8,7,0,0,0,3,2,1,0,0,0
54455801,779,423,356,34,170,75,98,51,16,21,19,84,61,67,56,2,23,17,6,167,110,57,311,154,157,15,8,7,242,121,121,21,13,8
54455802,25,13,12,1,9,2,1,0,0,3,0,3,2,2,1,1,3,2,1,7,4,3,6,3,3,0,0,0,6,3,3,3,1,2
53575301,322,178,144,6,67,30,60,21,7,7,6,34,18,33,15,2,13,8,5,103,71,32,109,46,63,7,3,4,83,45,38,7,5,2
53561301,70,38,32,6,10,10,7,9,3,0,2,6,10,2,4,0,1,1,0,36,23,13,21,8,13,3,2,1,7,2,5,2,2,0
53590701,28,18,10,2,6,4,2,3,0,1,1,3,1,4,0,0,1,1,0,6,6,0,12,6,6,0,0,0,8,4,4,1,1,0
53590702,107,56,51,8,19,11,19,10,0,3,2,9,9,9,6,1,7,4,3,33,21,12,36,20,16,1,0,1,27,9,18,3,2,1
54459102,46,30,16,5,16,7,1,4,2,1,0,3,1,2,1,0,2,2,0,26,19,7,9,5,4,1,0,1,8,4,4,0,0,0
54459104,47,26,21,6,21,3,4,2,3,0,0,2,3,2,0,0,4,2,2,18,12,6,18,8,10,1,1,0,5,2,3,1,1,0
54459105,194,116,78,20,74,6,20,8,4,1,4,11,13,18,13,1,7,4,3,69,51,18,81,44,37,6,2,4,27,13,14,4,2,2
54459106,57,36,21,2,30,1,7,3,1,1,1,1,2,5,0,2,3,1,2,25,19,6,18,10,8,0,0,0,10,5,5,1,1,0
54461201,112,57,55,6,32,13,13,6,2,5,2,6,6,15,3,0,2,0,2,43,27,16,45,22,23,0,0,0,22,8,14,0,0,0
54461202,89,46,43,2,30,8,6,9,4,3,1,5,7,4,4,1,7,4,3,36,19,17,30,15,15,0,0,0,10,4,6,6,4,2
54463901,241,138,103,22,71,27,23,13,9,2,2,17,13,17,17,3,8,4,4,102,66,36,77,39,38,6,4,2,40,20,20,8,5,3
54463902,22,10,12,0,6,2,5,5,1,0,0,0,2,0,1,0,1,0,1,11,6,5,8,2,6,1,1,0,1,1,0,0,0,0
54463903,75,45,30,8,40,5,2,3,1,2,0,1,3,4,3,0,2,1,1,37,23,14,22,14,8,1,0,1,12,6,6,1,1,0
54463904,21,11,10,0,7,6,0,0,0,0,0,3,0,2,1,0,0,0,0,8,5,3,7,3,4,0,0,0,5,2,3,1,1,0
54463905,29,17,12,6,9,4,1,2,0,0,1,1,1,2,1,1,2,0,2,12,7,5,9,7,2,0,0,0,1,1,0,5,2,3
54463907,13,5,8,1,4,1,1,0,0,0,0,1,5,0,0,0,0,0,0,2,1,1,7,3,4,0,0,0,4,1,3,0,0,0
54463908,54,30,24,7,18,2,7,5,1,0,0,3,4,4,1,0,2,0,2,22,16,6,18,7,11,2,1,1,9,5,4,1,1,0
54463909,9,3,6,1,0,0,1,0,0,0,0,1,0,2,4,0,0,0,0,1,1,0,2,0,2,0,0,0,6,2,4,0,0,0
53576101,31,18,13,1,8,4,6,3,0,0,1,1,0,5,0,0,3,2,1,7,5,2,9,4,5,2,2,0,8,3,5,2,2,0
53576102,194,118,76,5,37,28,27,19,5,4,6,18,8,13,15,0,10,5,5,45,28,17,73,43,30,10,5,5,44,26,18,12,11,1
53598201,108,64,44,13,51,11,8,5,1,0,0,5,2,3,6,1,15,4,11,59,40,19,25,15,10,1,0,1,3,0,3,5,5,0
53598202,7,5,2,0,4,1,0,0,0,0,0,0,0,0,0,0,0,0,0,4,3,1,3,2,1,0,0,0,0,0,0,0,0,0
53598203,29,18,11,2,14,2,1,1,2,0,1,2,1,0,2,0,1,0,1,21,14,7,3,2,1,0,0,0,1,0,1,3,2,1
54466301,19,10,9,4,5,2,0,1,0,1,0,1,2,0,3,0,0,0,0,6,4,2,7,3,4,0,0,0,6,3,3,0,0,0
54466302,30,16,14,5,7,3,2,1,0,0,1,6,2,1,2,0,0,0,0,8,6,2,14,9,5,2,0,2,6,1,5,0,0,0
54466303,15,10,5,0,4,4,0,1,0,0,0,1,0,1,3,1,1,1,0,2,1,1,8,6,2,0,0,0,3,1,2,1,1,0
54466304,32,19,13,1,10,2,4,2,2,0,1,2,3,1,3,0,2,1,1,15,9,6,11,7,4,0,0,0,4,2,2,0,0,0
54466305,48,24,24,1,12,1,6,3,0,1,2,10,2,3,7,0,3,2,1,14,8,6,18,5,13,0,0,0,13,9,4,0,0,0
54466306,871,480,391,20,224,77,102,60,29,23,23,62,71,64,77,10,37,18,19,215,129,86,346,193,153,18,8,10,226,114,112,29,18,11
54466307,13,8,5,0,2,1,0,3,1,1,0,1,0,1,3,0,0,0,0,6,4,2,3,1,2,0,0,0,3,2,1,1,1,0
54466308,19,10,9,4,1,2,4,2,1,0,0,0,1,0,2,1,2,0,2,6,4,2,4,3,1,0,0,0,7,3,4,0,0,0
54466310,55,31,24,1,13,12,8,2,1,1,0,4,4,3,2,2,0,0,0,22,13,9,14,4,10,1,1,0,12,8,4,6,5,1
54466311,25,15,10,1,9,5,4,0,1,1,0,0,0,3,0,0,0,0,0,6,4,2,9,7,2,0,0,0,9,4,5,1,0,1
54466312,70,35,35,1,13,6,12,4,5,1,1,1,7,6,7,1,4,2,2,18,11,7,24,13,11,0,0,0,18,6,12,6,3,3
54466313,25,15,10,3,8,3,2,0,2,2,0,1,3,0,0,0,0,0,0,7,4,3,7,4,3,0,0,0,9,5,4,2,2,0
54466314,20,10,10,1,4,2,4,1,1,0,0,1,0,0,3,0,0,0,0,4,2,2,7,3,4,2,2,0,7,3,4,0,0,0
53587702,98,48,50,5,28,10,8,7,2,3,1,12,5,7,5,0,1,0,1,39,22,17,32,18,14,4,0,4,19,6,13,3,2,1
53587703,44,25,19,2,7,8,5,6,2,2,0,4,3,2,1,1,1,1,0,15,11,4,19,8,11,0,0,0,7,4,3,2,1,1
53587705,23,14,9,4,5,3,4,2,0,0,0,2,0,2,1,0,0,0,0,11,8,3,7,5,2,1,0,1,4,1,3,0,0,0
53587706,21,12,9,3,7,1,3,1,2,0,0,0,1,0,1,0,0,0,0,13,8,5,7,4,3,0,0,0,1,0,1,0,0,0
52972901,68,37,31,6,21,2,12,5,3,0,2,5,5,2,4,0,2,1,1,18,13,5,31,16,15,4,2,2,12,5,7,1,0,1
54473601,56,33,23,6,19,7,3,1,0,2,0,1,5,12,0,0,2,1,1,21,15,6,18,11,7,2,2,0,12,4,8,1,0,1
54473602,924,508,416,23,286,74,108,57,22,22,13,77,68,77,55,8,42,19,23,285,191,94,302,150,152,23,7,16,236,122,114,36,19,17
54473604,78,44,34,6,23,6,11,11,4,1,0,2,2,4,5,0,2,2,0,40,25,15,16,9,7,3,0,3,14,7,7,3,1,2
54473605,52,31,21,7,12,3,6,3,0,0,0,5,5,6,4,1,0,0,0,11,9,2,18,9,9,5,3,2,18,10,8,0,0,0
54473606,101,58,43,8,30,11,9,8,2,0,4,7,2,6,10,0,4,3,1,40,28,12,39,16,23,2,0,2,15,10,5,1,1,0
54474401,30,14,16,0,5,4,8,3,3,1,0,0,0,2,3,0,2,1,1,17,10,7,7,2,5,1,0,1,3,1,2,0,0,0
54474402,78,46,32,14,24,7,6,1,1,1,2,5,4,7,2,1,5,2,3,23,16,7,26,13,13,3,2,1,15,7,8,6,6,0
54474403,42,24,18,4,12,4,7,5,2,0,0,4,1,2,0,0,2,0,2,14,10,4,15,9,6,3,1,2,6,3,3,2,1,1
54474404,63,38,25,12,10,9,9,2,2,1,0,4,3,2,6,1,2,2,0,24,13,11,15,7,8,2,1,1,13,11,2,7,4,3
53580001,52,27,25,2,15,3,7,7,0,0,0,5,3,0,8,1,2,1,1,16,11,5,23,11,12,0,0,0,10,4,6,1,0,1
53580002,49,27,22,3,12,4,3,2,2,2,1,3,2,6,6,0,0,0,0,9,8,1,15,8,7,2,0,2,21,10,11,2,1,1
53580003,182,95,87,2,41,11,28,14,8,6,1,24,7,11,21,3,4,3,1,45,30,15,64,27,37,9,4,5,53,27,26,7,4,3
54476101,92,51,41,1,29,11,11,2,2,3,4,7,6,10,3,0,2,1,1,23,13,10,31,17,14,3,1,2,28,15,13,5,4,1
54476102,247,133,114,14,77,20,28,14,5,3,6,23,19,10,17,0,11,4,7,74,48,26,92,45,47,7,4,3,54,26,28,9,6,3
54477901,16,7,9,4,3,0,0,1,1,0,1,2,1,1,2,0,2,2,0,4,2,2,5,2,3,0,0,0,5,1,4,0,0,0
54477902,133,72,61,15,32,10,14,12,5,1,3,9,10,9,6,1,6,5,1,57,36,21,38,13,25,3,1,2,21,11,10,8,6,2
54477903,24,11,13,7,4,1,2,2,2,1,0,0,2,1,2,0,0,0,0,7,4,3,17,7,10,0,0,0,0,0,0,0,0,0
54477904,24,15,9,2,5,1,2,3,0,0,0,4,1,0,3,0,3,2,1,0,0,0,14,8,6,0,0,0,5,3,2,2,2,0
54477905,64,35,29,6,21,6,9,4,2,1,2,4,2,1,3,2,2,1,1,24,17,7,24,12,12,1,1,0,11,4,7,2,0,2
54477906,51,34,17,11,15,2,6,4,0,0,1,1,3,2,5,0,2,2,0,29,22,7,15,8,7,0,0,0,5,2,3,0,0,0
54477907,40,25,15,2,12,3,5,5,2,1,0,2,2,2,1,1,1,1,0,16,12,4,11,6,5,0,0,0,12,6,6,0,0,0
54477908,48,29,19,5,13,5,7,6,0,0,0,1,3,3,5,0,1,0,1,19,12,7,18,12,6,0,0,0,7,3,4,3,2,1
54477909,22,10,12,3,4,1,4,1,0,0,1,0,2,3,2,0,0,0,0,7,4,3,9,5,4,1,0,1,4,1,3,1,0,1
54477910,1674,927,747,43,439,140,265,114,45,26,26,136,102,159,120,7,66,39,27,572,377,195,562,291,271,33,14,19,366,157,209,75,49,26
54477912,56,35,21,6,20,1,6,5,1,0,1,3,4,1,8,0,1,1,0,28,22,6,19,9,10,1,0,1,7,3,4,0,0,0
54477913,26,14,12,2,4,4,2,3,1,0,1,3,2,2,0,0,0,0,0,9,6,3,6,4,2,2,1,1,8,2,6,1,1,0
54477915,44,22,22,5,8,5,5,4,4,1,0,3,3,3,1,1,0,0,0,18,10,8,15,6,9,1,1,0,6,2,4,4,3,1
54477916,67,36,31,4,17,10,5,2,4,1,2,5,5,2,8,0,5,2,3,24,18,6,22,12,10,2,1,1,13,3,10,1,0,1
54479501,58,28,30,1,14,2,10,7,2,2,4,9,2,2,2,1,3,2,1,18,8,10,21,8,13,0,0,0,14,8,6,2,2,0
54479502,666,352,314,6,129,60,92,46,35,12,35,81,33,49,49,5,32,16,16,138,78,60,231,120,111,14,3,11,210,101,109,41,34,7
54479503,352,193,159,12,77,22,35,25,19,6,10,40,23,24,41,1,9,4,5,80,55,25,114,49,65,12,2,10,116,64,52,21,19,2
54479504,307,173,134,4,56,20,31,25,11,13,14,34,13,29,39,2,6,2,4,52,37,15,107,57,50,2,2,0,117,57,60,23,18,5
54479505,122,69,53,1,31,4,12,7,0,7,4,15,12,8,13,3,5,1,4,12,9,3,47,22,25,3,2,1,52,33,19,3,2,1
54480901,267,154,113,16,95,25,33,12,13,1,2,20,19,14,14,0,13,8,5,106,70,36,103,53,50,5,3,2,35,17,18,5,3,2
54480902,85,46,39,13,28,9,9,2,4,1,3,3,3,3,7,0,2,2,0,39,26,13,31,12,19,2,0,2,8,6,2,3,0,3
53594001,110,64,46,11,35,12,13,11,5,4,2,1,1,4,5,1,5,4,1,45,28,17,44,21,23,1,0,1,8,4,4,7,7,0
54481701,127,72,55,9,58,9,11,8,1,1,0,4,7,7,7,1,6,2,4,71,47,24,32,13,19,0,0,0,13,7,6,5,3,2
54481702,28,17,11,2,7,3,3,1,0,0,1,3,1,3,2,0,2,2,0,14,9,5,3,1,2,1,0,1,7,5,2,1,0,1
54481703,49,29,20,6,17,3,3,4,4,0,2,0,4,4,1,0,3,2,1,21,15,6,12,7,5,1,0,1,9,3,6,3,2,1
54481704,17,9,8,1,5,2,0,3,0,0,0,3,1,0,1,0,0,0,0,7,3,4,9,5,4,0,0,0,1,1,0,0,0,0
59861501,28,15,13,4,10,2,2,3,1,0,0,1,1,1,2,0,2,2,0,14,7,7,7,3,4,1,1,0,4,2,2,0,0,0
59861502,13,10,3,2,7,2,0,0,1,0,0,0,1,0,0,0,1,1,0,4,3,1,7,5,2,0,0,0,0,0,0,1,1,0
53584202,58,29,29,5,15,7,4,5,1,2,1,6,1,4,5,0,1,1,0,20,12,8,17,7,10,0,0,0,20,9,11,0,0,0
53528101,124,72,52,9,48,12,9,5,6,1,1,10,7,10,4,0,8,6,2,46,26,20,43,26,17,3,1,2,20,10,10,4,3,1
53528102,47,24,23,4,21,3,3,2,4,0,1,1,1,2,3,0,2,1,1,27,16,11,10,4,6,0,0,0,6,3,3,2,0,2
53537101,101,59,42,7,45,9,9,8,3,2,0,5,2,3,5,1,5,3,2,46,31,15,33,17,16,0,0,0,8,3,5,9,5,4
54482501,24,13,11,1,6,4,0,1,0,2,2,0,2,2,0,2,0,0,0,6,4,2,14,7,7,0,0,0,4,2,2,0,0,0
54482502,167,92,75,2,30,22,18,12,7,4,6,11,10,17,17,1,5,0,5,50,40,10,65,25,40,2,1,1,40,23,17,5,3,2
53543501,175,96,79,32,56,13,28,13,3,0,0,8,4,9,7,0,3,0,3,75,48,27,62,35,27,2,2,0,29,9,20,4,2,2
53564801,174,104,70,0,59,16,24,12,3,2,6,15,11,9,11,1,2,2,0,58,42,16,73,37,36,6,3,3,31,16,15,4,4,0
53564802,27,18,9,0,7,5,3,1,1,0,2,2,1,1,2,0,1,1,0,5,5,0,14,7,7,0,0,0,6,4,2,1,1,0
53564803,158,82,76,3,39,11,21,12,5,2,7,15,7,17,8,1,1,0,1,46,33,13,60,29,31,3,2,1,45,16,29,3,2,1
53564804,41,20,21,1,9,7,3,2,0,0,0,5,3,3,8,0,0,0,0,17,12,5,12,3,9,1,0,1,10,5,5,1,0,1
54486801,75,42,33,10,36,4,2,4,1,0,0,6,1,2,4,2,11,8,3,37,23,14,17,8,9,0,0,0,7,2,5,3,1,2
54486802,39,26,13,9,9,3,2,5,0,0,0,3,2,1,4,1,8,5,3,15,11,4,10,6,4,1,0,1,3,2,1,2,2,0
54486803,16,9,7,1,3,3,0,1,2,0,0,0,2,3,1,0,0,0,0,7,5,2,3,2,1,0,0,0,6,2,4,0,0,0
54486805,930,510,420,55,312,76,77,51,52,10,7,80,50,64,54,13,45,16,29,356,224,132,320,162,158,21,11,10,145,71,74,43,26,17
54486806,31,18,13,6,9,3,2,1,0,0,2,1,1,6,0,0,1,1,0,10,6,4,8,4,4,0,0,0,10,5,5,2,2,0
54486809,73,46,27,12,19,5,9,5,3,1,1,6,2,4,3,0,5,3,2,41,29,12,15,8,7,3,2,1,9,4,5,0,0,0
54486812,18,11,7,2,4,0,5,0,1,1,0,2,1,0,2,0,2,2,0,5,3,2,6,3,3,0,0,0,5,3,2,0,0,0
54488401,293,164,129,26,114,21,27,7,8,6,8,19,17,18,13,5,17,6,11,109,65,44,108,57,51,2,0,2,43,27,16,14,9,5
54488402,23,13,10,3,10,2,0,2,1,1,0,1,2,0,1,0,2,1,1,9,4,5,8,5,3,0,0,0,4,3,1,0,0,0
54488403,73,40,33,6,25,6,4,7,5,0,1,8,3,3,3,1,2,1,1,35,22,13,22,12,10,2,0,2,11,5,6,1,0,1
54489201,72,39,33,11,22,6,9,4,2,1,1,3,3,5,4,0,2,1,1,28,17,11,22,12,10,3,1,2,11,4,7,6,4,2
54489202,24,13,11,3,7,3,2,0,1,0,0,1,1,2,3,0,0,0,0,9,6,3,8,3,5,1,0,1,5,3,2,1,1,0
54489203,306,168,138,14,97,26,36,24,18,5,1,15,15,33,9,4,18,7,11,139,83,56,91,53,38,6,2,4,48,20,28,4,3,1
53523101,91,48,43,4,27,12,5,6,0,0,0,9,7,11,5,1,3,0,3,35,21,14,23,11,12,3,2,1,25,12,13,2,2,0
53569901,103,61,42,5,37,10,11,8,4,5,1,7,4,5,2,0,9,6,3,42,29,13,32,11,21,1,0,1,17,13,4,2,2,0
53569902,36,24,12,4,12,5,1,2,0,1,0,4,2,2,2,0,3,1,2,17,13,4,8,6,2,0,0,0,6,2,4,2,2,0
53599101,111,63,48,2,45,11,17,3,6,4,3,3,2,3,9,0,3,2,1,44,25,19,40,23,17,4,2,2,18,9,9,2,2,0
53599102,51,27,24,5,9,6,8,7,2,0,0,7,3,3,1,0,2,0,2,27,16,11,14,8,6,1,1,0,5,0,5,2,2,0
53599103,163,90,73,16,42,17,22,18,3,3,5,7,5,11,9,1,7,4,3,69,45,24,52,24,28,3,1,2,26,13,13,6,3,3
53599104,10,7,3,1,2,2,1,0,0,0,1,2,0,1,0,0,0,0,0,3,3,0,3,2,1,0,0,0,4,2,2,0,0,0
53517601,15,11,4,0,4,3,1,2,1,0,1,1,0,0,1,0,1,0,1,7,6,1,5,3,2,0,0,0,2,2,0,0,0,0
53517602,101,58,43,3,28,8,12,5,8,5,1,10,8,5,3,2,5,3,2,36,23,13,37,18,19,3,2,1,18,10,8,2,2,0
53534601,52,32,20,2,8,7,7,7,1,0,0,7,4,7,1,0,1,1,0,24,16,8,20,11,9,0,0,0,5,3,2,2,1,1
53534602,20,12,8,0,2,1,5,0,0,0,0,6,2,0,2,1,0,0,0,0,0,0,8,6,2,0,0,0,10,5,5,2,1,1
53534603,163,94,69,8,23,15,21,6,11,4,3,22,12,10,18,3,6,3,3,38,25,13,56,34,22,1,0,1,56,30,26,6,2,4
54496501,59,33,26,11,17,6,5,2,3,0,0,1,2,7,2,1,3,1,2,34,21,13,17,9,8,1,1,0,4,1,3,0,0,0
54496502,28,16,12,4,7,3,4,2,0,0,1,1,1,1,2,0,3,3,0,11,8,3,11,5,6,1,0,1,2,0,2,0,0,0
54497301,180,96,84,4,41,18,27,6,5,4,6,14,19,13,20,0,7,4,3,36,25,11,63,32,31,2,1,1,67,31,36,5,3,2
54497302,553,303,250,12,128,42,77,24,20,12,12,58,43,39,61,2,12,5,7,130,85,45,193,94,99,15,6,9,190,103,87,13,10,3
54498101,1149,629,520,24,249,109,143,76,25,38,20,137,81,97,81,9,58,34,24,304,192,112,394,200,194,23,15,8,319,158,161,51,30,21
54498102,97,54,43,1,23,14,21,6,3,1,1,10,7,2,4,0,4,2,2,32,23,9,39,19,20,1,1,0,10,5,5,11,4,7
54500701,43,29,14,8,12,2,7,1,0,0,0,3,3,2,4,0,0,0,0,18,15,3,16,10,6,1,0,1,8,4,4,0,0,0
54500704,34,21,13,3,8,2,2,2,0,2,1,6,0,3,2,2,1,1,0,9,6,3,12,6,6,1,1,0,9,5,4,2,2,0
54500705,27,18,9,1,7,2,4,3,0,0,0,4,0,1,1,2,0,0,0,12,9,3,9,7,2,0,0,0,5,2,3,1,0,1
54500708,33,20,13,3,8,4,2,1,1,0,0,3,2,3,5,0,1,1,0,11,10,1,10,5,5,0,0,0,10,3,7,1,1,0
54500709,327,193,134,14,85,37,32,7,14,8,6,44,23,22,16,5,16,13,3,91,62,29,114,60,54,8,1,7,90,51,39,8,6,2
54500710,21,12,9,0,8,1,1,0,0,3,3,1,0,1,2,0,0,0,0,6,5,1,8,5,3,1,0,1,6,2,4,0,0,0
54501501,57,34,23,6,16,3,5,5,8,0,1,3,2,3,4,0,3,3,0,19,12,7,21,12,9,3,1,2,10,5,5,1,1,0
54501502,19,13,6,4,2,2,0,4,1,0,0,1,2,3,0,0,1,1,0,3,3,0,9,8,1,0,0,0,6,1,5,0,0,0
54501503,46,30,16,10,10,7,5,1,2,4,1,2,0,3,1,0,2,1,1,15,14,1,10,5,5,0,0,0,16,9,7,3,1,2
54501504,97,53,44,22,13,5,9,12,4,3,1,8,9,8,1,1,5,1,4,40,26,14,28,13,15,3,0,3,15,8,7,6,5,1
54501505,30,17,13,3,9,2,2,2,0,1,4,2,0,4,1,0,1,1,0,5,2,3,18,11,7,0,0,0,5,3,2,1,0,1
54502301,40,21,19,5,8,2,1,3,4,1,1,5,2,2,3,1,2,2,0,17,14,3,15,5,10,0,0,0,5,0,5,1,0,1
54502302,37,21,16,1,12,3,0,3,4,0,0,3,2,6,2,1,1,0,1,20,13,7,14,7,7,0,0,0,2,1,1,0,0,0
54502303,31,13,18,0,7,3,3,3,0,0,0,1,4,5,3,0,2,1,1,12,8,4,10,3,7,0,0,0,7,1,6,0,0,0
54502304,9,6,3,1,1,1,1,0,2,1,0,0,1,0,0,0,0,0,0,6,4,2,1,1,0,0,0,0,2,1,1,0,0,0
54502305,39,24,15,3,12,6,8,0,1,1,0,1,0,2,4,1,4,2,2,18,15,3,8,2,6,1,0,1,7,4,3,1,1,0
54502306,190,103,87,6,64,22,20,12,3,2,1,12,17,8,16,3,17,7,10,80,50,30,58,33,25,0,0,0,25,8,17,10,5,5
54506601,750,405,345,15,176,60,77,40,22,31,29,81,57,82,58,3,18,8,10,152,99,53,261,133,128,17,8,9,289,150,139,13,7,6
54506602,495,263,232,12,106,30,67,32,17,11,12,60,29,39,44,3,11,5,6,106,70,36,204,109,95,16,7,9,148,63,85,10,9,1
54506603,186,99,87,0,39,12,27,8,6,6,10,17,13,12,31,0,2,0,2,25,14,11,77,48,29,8,3,5,73,34,39,1,0,1
54506604,165,91,74,1,43,13,15,11,9,2,4,21,6,19,12,2,6,6,0,43,29,14,69,33,36,1,0,1,40,19,21,6,4,2
54507401,687,372,315,12,135,54,94,56,34,17,23,76,44,54,45,6,26,17,9,169,110,59,248,123,125,16,5,11,204,99,105,24,18,6
54508201,37,18,19,1,9,1,5,3,2,0,2,4,1,4,5,0,5,3,2,10,6,4,12,6,6,1,0,1,9,3,6,0,0,0
54508202,16,11,5,0,2,1,3,0,0,2,1,5,0,2,0,0,0,0,0,7,4,3,4,3,1,1,1,0,4,3,1,0,0,0
54508203,176,93,83,7,53,19,16,16,6,3,3,17,7,11,9,1,7,2,5,72,42,30,63,33,30,2,1,1,25,11,14,7,4,3
54508204,56,28,28,1,18,6,8,2,0,0,0,3,5,7,2,0,2,1,1,24,13,11,17,8,9,2,2,0,10,4,6,1,0,1
53603201,30,17,13,3,5,3,6,3,4,0,0,1,2,2,1,0,2,1,1,14,11,3,7,1,6,0,0,0,1,1,0,6,3,3
54509101,101,54,47,4,30,6,13,8,3,1,0,8,4,4,13,0,7,7,0,29,17,12,47,22,25,0,0,0,14,6,8,4,2,2
54510401,11,6,5,1,3,1,0,0,1,0,0,1,0,1,2,0,0,0,0,5,4,1,1,0,1,0,0,0,5,2,3,0,0,0
54510402,19,8,11,1,4,1,1,2,1,0,0,3,2,2,2,0,0,0,0,6,6,0,7,1,6,0,0,0,6,1,5,0,0,0
54510404,46,26,20,6,15,3,8,2,0,1,0,4,3,4,0,0,2,1,1,14,10,4,13,7,6,0,0,0,17,8,9,0,0,0
54510406,224,128,96,12,84,20,12,14,12,1,9,17,14,14,11,2,12,5,7,95,59,36,71,44,27,4,2,2,32,12,20,10,6,4
54512101,702,372,330,34,193,53,113,56,11,14,10,61,48,35,45,5,28,12,16,236,152,84,269,127,142,11,4,7,126,58,68,32,19,13
54513901,28,19,9,2,12,1,2,2,2,0,0,3,1,1,2,0,6,4,2,14,11,3,4,2,2,0,0,0,3,2,1,1,0,1
54513902,430,254,176,22,122,52,47,26,12,4,8,31,28,33,29,3,6,5,1,164,114,50,149,85,64,7,1,6,88,41,47,16,8,8
0139430,0,0,0,0,0,0,0,0,0,0,0,0,0,0,0,0,0,0,0,0,0,0,0,0,0,0,0,0,0,0,0,0,0,0
0139780,0,0,0,0,0,0,0,0,0,0,0,0,0,0,0,0,0,0,0,0,0,0,0,0,0,0,0,0,0,0,0,0,0,0
0139860,0,0,0,0,0,0,0,0,0,0,0,0,0,0,0,0,0,0,0,0,0,0,0,0,0,0,0,0,0,0,0,0,0,0
1658160,0,0,0,0,0,0,0,0,0,0,0,0,0,0,0,0,0,0,0,0,0,0,0,0,0,0,0,0,0,0,0,0,0,0
54515502,32,22,10,2,12,5,0,2,0,1,0,2,4,1,2,0,5,3,2,12,10,2,13,7,6,1,1,0,1,1,0,0,0,0
54515503,9,4,5,0,3,2,1,1,0,0,1,0,1,0,0,0,0,0,0,3,2,1,4,2,2,0,0,0,1,0,1,1,0,1
54515504,25,14,11,2,10,0,2,1,1,0,0,0,2,2,4,0,1,0,1,9,6,3,11,7,4,0,0,0,3,0,3,1,1,0
54515505,34,20,14,5,9,0,2,2,2,0,2,2,3,4,2,0,0,0,0,17,13,4,11,5,6,1,0,1,5,2,3,0,0,0
54515506,75,42,33,9,26,9,3,5,6,1,0,5,5,3,2,0,2,1,1,40,24,16,21,11,10,0,0,0,6,2,4,6,4,2
54515507,30,16,14,3,7,4,3,2,2,0,1,0,2,4,0,0,0,0,0,16,9,7,8,3,5,0,0,0,5,3,2,1,1,0
54515508,22,15,7,3,4,2,2,0,2,0,0,3,2,2,2,0,1,0,1,9,7,2,6,4,2,0,0,0,5,3,2,1,1,0
54515509,135,78,57,10,47,10,9,16,6,3,1,12,7,5,6,2,16,5,11,60,40,20,43,25,18,4,2,2,7,3,4,5,3,2
3353630,0,0,0,0,0,0,0,0,0,0,0,0,0,0,0,0,0,0,0,0,0,0,0,0,0,0,0,0,0,0,0,0,0,0
54517101,16,11,5,1,3,1,2,0,0,0,0,1,3,1,2,0,0,0,0,6,4,2,6,5,1,0,0,0,3,1,2,1,1,0
54517102,55,28,27,12,24,4,7,0,1,0,0,1,0,1,3,0,4,1,3,31,19,12,14,6,8,0,0,0,5,2,3,1,0,1
54517103,15,11,4,1,4,2,2,0,0,0,0,1,4,1,0,0,0,0,0,5,5,0,7,5,2,0,0,0,3,1,2,0,0,0
54517104,61,36,25,17,20,1,8,1,1,0,1,1,2,5,2,0,1,1,0,33,23,10,13,7,6,2,1,1,10,3,7,2,1,1
54517105,27,16,11,1,10,2,2,2,1,0,1,0,2,3,2,0,1,0,1,8,7,1,7,4,3,0,0,0,11,5,6,0,0,0
54517106,16,10,6,0,4,2,1,1,0,0,0,0,0,3,5,0,0,0,0,4,4,0,6,2,4,0,0,0,5,3,2,1,1,0
54517107,25,15,10,3,8,5,1,1,2,0,1,0,1,2,1,0,3,3,0,12,7,5,4,0,4,1,1,0,4,3,1,1,1,0
54517108,15,10,5,2,4,3,0,2,0,0,0,1,0,0,3,0,0,0,0,10,7,3,3,2,1,0,0,0,2,1,1,0,0,0
54517109,31,17,14,0,13,3,4,2,0,0,0,0,2,5,1,0,2,1,1,13,7,6,8,4,4,1,1,0,5,3,2,2,1,1
54517110,26,16,10,1,5,1,2,3,2,0,1,2,3,1,2,0,0,0,0,12,9,3,9,5,4,1,0,1,4,2,2,0,0,0
54517111,142,78,64,3,53,9,19,5,3,1,1,9,7,15,12,1,2,1,1,56,35,21,52,24,28,4,2,2,24,13,11,4,3,1
54517112,53,26,27,0,15,5,8,3,0,1,1,5,4,3,4,0,4,1,3,19,13,6,15,4,11,0,0,0,12,5,7,3,3,0
54517114,45,26,19,6,15,1,6,5,0,0,1,1,4,3,3,0,0,0,0,19,14,5,14,7,7,2,0,2,8,4,4,2,1,1
54517115,24,14,10,2,6,3,0,2,3,0,0,2,3,2,0,0,1,1,0,12,5,7,6,5,1,0,0,0,5,3,2,0,0,0
54517116,212,117,95,9,67,25,27,8,9,4,4,7,19,11,16,2,10,5,5,77,51,26,85,42,43,7,3,4,26,14,12,7,2,5
54517117,17,7,10,3,7,0,3,1,0,1,0,0,0,1,1,0,2,1,1,10,4,6,3,1,2,0,0,0,1,0,1,1,1,0
54517119,271,142,129,13,88,19,27,13,10,5,5,13,18,23,24,2,12,6,6,97,61,36,99,46,53,6,3,3,47,20,27,10,6,4
54517120,831,466,365,29,311,63,82,55,25,12,5,52,50,56,58,8,49,24,25,359,238,121,285,137,148,11,3,8,99,44,55,28,20,8
54517121,17,9,8,0,7,1,1,1,0,0,0,0,2,3,1,0,0,0,0,5,3,2,6,4,2,0,0,0,6,2,4,0,0,0
54517122,700,392,308,21,268,53,63,48,14,21,4,25,52,60,48,2,33,17,16,266,161,105,224,124,100,20,9,11,135,68,67,22,13,9
3354520,0,0,0,0,0,0,0,0,0,0,0,0,0,0,0,0,0,0,0,0,0,0,0,0,0,0,0,0,0,0,0,0,0,0
54520101,38,21,17,7,20,1,0,1,1,0,0,3,2,1,1,0,2,0,2,14,10,4,16,9,7,0,0,0,6,2,4,0,0,0
54520102,101,59,42,5,47,7,9,3,8,0,1,8,4,2,5,1,4,1,3,45,30,15,38,20,18,0,0,0,10,6,4,4,2,2
54520104,15,9,6,4,6,1,0,0,1,0,0,1,1,1,0,0,3,2,1,6,5,1,3,1,2,0,0,0,2,0,2,1,1,0
54520105,55,34,21,6,19,3,5,7,1,1,1,2,3,4,2,1,2,2,0,16,12,4,22,9,13,0,0,0,11,7,4,4,4,0
54520107,64,39,25,4,22,7,7,3,4,1,2,5,4,3,0,2,4,2,2,25,18,7,25,14,11,0,0,0,9,5,4,1,0,1
54520108,39,18,21,4,10,1,5,3,0,1,1,5,1,4,3,1,1,0,1,17,9,8,15,6,9,0,0,0,4,1,3,2,2,0
54520111,381,219,162,15,147,24,46,16,10,11,6,21,25,29,19,1,5,2,3,96,62,34,153,85,68,7,3,4,116,64,52,4,3,1
54520112,347,203,144,13,124,24,32,14,17,7,8,28,19,16,24,6,19,14,5,104,71,33,114,56,58,5,4,1,67,33,34,38,25,13
54520113,21,11,10,0,9,1,6,0,0,1,0,0,3,0,0,0,1,1,0,6,4,2,6,2,4,1,0,1,7,4,3,0,0,0
54520114,201,113,88,7,79,17,30,6,8,3,0,11,9,17,7,1,16,8,8,68,43,25,68,42,26,3,1,2,37,13,24,9,6,3
54520116,1343,725,618,26,628,75,118,73,42,18,14,98,83,71,56,14,79,36,43,498,280,218,502,275,227,20,6,14,197,94,103,47,34,13
54520117,31,20,11,9,7,2,2,2,5,0,0,0,0,0,2,1,4,2,2,18,13,5,7,4,3,0,0,0,2,1,1,0,0,0
54520118,13,7,6,1,4,0,3,0,0,1,0,1,1,0,0,0,0,0,0,3,2,1,8,4,4,0,0,0,2,1,1,0,0,0
54520119,160,86,74,9,61,8,12,7,11,5,2,12,9,12,6,0,6,3,3,54,30,24,60,33,27,0,0,0,37,19,18,3,1,2
54520120,705,373,332,27,255,46,96,39,25,13,7,42,39,41,39,4,38,20,18,273,157,116,237,112,125,18,8,10,112,58,54,27,18,9
54520121,21,10,11,1,8,1,3,1,0,0,0,2,2,2,1,0,1,0,1,4,3,1,6,1,5,0,0,0,9,5,4,1,1,0
54520122,32,19,13,6,10,1,1,1,0,0,0,3,3,3,3,0,0,0,0,10,7,3,13,7,6,0,0,0,8,4,4,1,1,0
54520123,405,221,184,12,172,30,45,22,6,3,1,31,16,33,22,3,20,12,8,149,97,52,146,73,73,7,3,4,74,32,42,9,4,5
53549401,256,137,119,7,56,27,30,17,6,9,6,28,18,16,22,2,13,5,8,67,42,25,98,51,47,9,2,7,61,31,30,8,6,2
54522801,740,395,345,13,182,48,118,47,20,17,19,75,45,54,69,5,24,10,14,198,124,74,271,137,134,13,8,5,210,99,111,24,17,7
54522802,461,253,208,1,110,35,52,18,20,23,31,32,36,27,56,4,7,4,3,75,52,23,149,82,67,22,11,11,198,100,98,10,4,6
53573701,335,186,149,4,83,22,30,22,7,9,8,35,33,21,40,2,19,12,7,75,47,28,121,61,60,7,4,3,106,57,49,7,5,2
53589301,43,24,19,0,6,5,11,6,1,0,2,3,2,4,2,0,3,2,1,11,6,5,17,10,7,0,0,0,11,5,6,1,1,0
53589302,198,112,86,6,47,25,24,27,6,6,4,17,11,8,13,0,14,9,5,63,37,26,72,38,34,1,0,1,42,22,20,6,6,0
53591501,19,13,6,7,7,3,0,0,0,1,0,0,0,1,0,0,1,1,0,10,7,3,5,3,2,0,0,0,2,1,1,1,1,0
54526101,26,16,10,0,7,4,2,3,1,1,1,1,1,0,3,1,0,0,0,9,8,1,9,7,2,0,0,0,8,1,7,0,0,0
54526102,32,16,16,0,7,4,4,0,5,0,0,1,2,4,5,0,4,1,3,6,5,1,8,3,5,0,0,0,9,4,5,5,3,2
54526103,67,39,28,3,21,7,8,0,2,3,1,8,5,3,3,0,0,0,0,23,15,8,21,12,9,1,0,1,19,10,9,3,2,1
54526104,169,89,80,1,43,16,21,8,5,5,6,17,14,7,19,3,3,0,3,61,39,22,54,23,31,3,1,2,43,25,18,5,1,4
54526105,143,82,61,6,35,13,21,6,7,4,5,14,11,5,11,1,7,4,3,51,33,18,41,22,19,2,1,1,37,19,18,5,3,2
54526106,34,18,16,0,11,2,4,3,2,1,0,0,3,4,3,0,0,0,0,12,9,3,7,4,3,1,0,1,14,5,9,0,0,0
53579601,259,141,118,8,66,20,30,29,7,10,5,23,13,18,14,1,17,11,6,72,43,29,93,51,42,5,1,4,57,23,34,15,12,3
1872082,0,0,0,0,0,0,0,0,0,0,0,0,0,0,0,0,0,0,0,0,0,0,0,0,0,0,0,0,0,0,0,0,0,0
54528701,103,63,40,14,33,11,12,5,3,2,2,10,3,3,2,0,6,5,1,45,30,15,33,19,14,2,0,2,14,7,7,3,2,1
54528702,353,209,144,14,117,33,47,20,12,8,1,28,23,22,16,3,17,8,9,125,90,35,123,60,63,7,4,3,64,32,32,17,15,2
54528704,16,10,6,0,3,2,4,2,0,0,0,2,1,0,0,1,1,1,0,6,4,2,7,4,3,0,0,0,2,1,1,0,0,0
54528705,48,36,12,10,14,10,3,1,2,0,0,3,1,1,1,1,6,5,1,17,14,3,13,9,4,1,1,0,4,1,3,7,6,1
54528707,71,33,38,6,25,5,10,3,1,0,0,3,3,5,6,1,2,1,1,29,16,13,32,12,20,0,0,0,7,3,4,1,1,0
54531701,27,15,12,4,7,3,1,1,2,0,0,5,0,1,3,0,1,1,0,7,4,3,10,5,5,1,0,1,7,4,3,1,1,0
54531702,45,21,24,5,12,4,5,0,4,1,1,4,1,3,3,0,5,2,3,23,14,9,9,3,6,1,0,1,6,2,4,1,0,1
54531703,109,57,52,19,23,10,9,11,4,2,3,6,4,11,6,0,6,5,1,35,23,12,40,15,25,3,1,2,21,11,10,4,2,2
53601601,232,127,105,6,76,13,31,22,9,4,2,18,13,19,14,0,7,2,5,73,50,23,88,46,42,7,2,5,50,21,29,7,6,1
59977801,24,16,8,2,5,2,4,2,2,0,0,4,0,2,0,0,2,1,1,12,10,2,6,3,3,0,0,0,3,2,1,1,0,1
3081610,0,0,0,0,0,0,0,0,0,0,0,0,0,0,0,0,0,0,0,0,0,0,0,0,0,0,0,0,0,0,0,0,0,0
54534101,811,446,365,25,282,64,73,60,26,18,14,51,53,54,56,4,42,17,25,285,186,99,325,158,167,12,7,5,120,63,57,27,15,12
54534104,851,450,401,17,301,77,92,57,27,21,23,55,48,53,52,2,38,13,25,295,184,111,335,163,172,16,6,10,146,72,74,21,12,9
54534105,34,17,17,1,9,4,8,4,1,0,0,1,1,1,2,1,1,0,1,21,12,9,5,2,3,2,0,2,5,3,2,0,0,0
53559101,121,69,52,14,43,12,21,0,0,0,1,10,6,9,4,0,3,0,3,46,30,16,53,32,21,0,0,0,14,4,10,5,3,2
53559102,19,12,7,1,11,2,0,1,1,0,0,2,0,1,0,0,0,0,0,12,8,4,5,3,2,0,0,0,1,1,0,1,0,1
54536801,66,37,29,7,21,5,7,3,3,2,0,5,7,2,3,0,4,2,2,28,18,10,16,9,7,1,0,1,17,8,9,0,0,0
54536802,178,99,79,24,29,18,22,17,7,6,3,16,15,5,11,1,6,2,4,67,50,17,66,30,36,3,2,1,29,10,19,7,5,2
54537601,9,6,3,0,4,0,1,1,0,1,0,2,0,0,0,0,1,1,0,2,1,1,2,2,0,0,0,0,4,2,2,0,0,0
54537602,98,60,38,12,45,12,7,3,2,0,0,4,5,2,5,1,8,4,4,45,27,18,29,17,12,0,0,0,9,6,3,7,6,1
54537604,33,19,14,5,11,1,2,1,4,0,0,1,2,1,3,2,2,1,1,22,13,9,7,5,2,0,0,0,2,0,2,0,0,0
54537605,26,14,12,2,7,2,2,0,1,0,2,5,0,2,0,1,0,0,0,7,4,3,16,7,9,0,0,0,3,3,0,0,0,0
1970250,0,0,0,0,0,0,0,0,0,0,0,0,0,0,0,0,0,0,0,0,0,0,0,0,0,0,0,0,0,0,0,0,0,0
54538401,49,26,23,11,17,4,6,1,1,0,0,2,2,2,2,0,3,1,2,23,13,10,9,5,4,0,0,0,11,5,6,3,2,1
54538402,17,9,8,5,6,2,0,1,1,0,0,0,1,1,0,0,1,1,0,8,4,4,2,2,0,1,0,1,4,1,3,1,1,0
54538403,64,39,25,5,18,11,5,7,2,3,1,5,0,2,1,0,4,1,3,30,21,9,21,12,9,2,0,2,3,2,1,4,3,1
54538404,21,12,9,7,6,3,0,1,0,2,0,1,1,0,0,0,0,0,0,5,4,1,11,4,7,0,0,0,5,4,1,0,0,0
54538406,22,14,8,8,8,1,1,0,0,0,0,0,2,0,1,0,0,0,0,10,5,5,8,6,2,0,0,0,4,3,1,0,0,0
54538407,21,11,10,6,5,1,1,2,0,1,0,1,2,1,1,0,3,2,1,8,5,3,7,3,4,0,0,0,3,1,2,0,0,0
54538408,127,77,50,23,42,7,14,13,2,0,1,5,8,5,4,1,10,5,5,58,35,23,36,19,17,1,0,1,11,7,4,11,11,0
54540601,492,278,214,29,264,36,29,13,13,5,3,24,19,19,17,12,58,28,30,219,137,82,150,69,81,2,1,1,26,15,11,37,28,9
54540603,11,9,2,5,0,1,0,0,3,0,0,2,0,0,0,0,1,0,1,4,3,1,2,2,0,0,0,0,3,3,0,1,1,0
54540605,24,16,8,1,8,1,0,0,1,0,0,3,0,3,3,2,1,0,1,9,7,2,9,5,4,0,0,0,4,3,1,1,1,0
54540607,51,28,23,2,22,3,4,2,0,0,1,2,2,5,4,1,1,1,0,17,10,7,16,9,7,0,0,0,10,3,7,7,5,2
54540608,16,13,3,3,3,3,0,1,3,0,0,1,1,1,0,0,1,1,0,10,9,1,3,1,2,0,0,0,1,1,0,1,1,0
54540610,16,9,7,0,2,3,0,0,3,0,0,3,1,3,1,0,1,1,0,2,2,0,7,3,4,0,0,0,6,3,3,0,0,0
54540611,22,12,10,8,5,0,2,2,0,1,0,1,2,0,1,0,0,0,0,9,7,2,10,3,7,0,0,0,0,0,0,3,2,1
54540612,31,21,10,1,20,2,1,2,0,0,0,2,2,0,1,0,2,2,0,21,15,6,5,3,2,0,0,0,1,0,1,2,1,1
54540613,18,13,5,1,6,2,1,2,2,0,0,2,0,2,0,0,2,2,0,10,7,3,3,2,1,1,1,0,1,0,1,1,1,0
54541401,353,204,149,29,142,29,25,13,10,2,2,30,16,28,13,1,16,10,6,171,113,58,105,53,52,4,1,3,51,21,30,6,6,0
54541402,24,14,10,2,5,3,2,0,0,2,1,3,1,2,0,3,0,0,0,7,5,2,9,5,4,2,1,1,4,2,2,2,1,1
53625302,42,23,19,9,7,0,7,2,4,1,0,6,0,1,2,1,7,3,4,19,13,6,10,4,6,0,0,0,4,1,3,2,2,0
53625303,14,7,7,1,2,1,3,1,2,0,0,2,0,0,1,1,2,0,2,5,3,2,4,2,2,0,0,0,1,1,0,2,1,1
53625304,10,7,3,0,5,0,1,1,3,0,0,0,0,0,0,0,0,0,0,7,4,3,2,2,0,1,1,0,0,0,0,0,0,0
53625305,72,45,27,10,27,8,4,6,2,0,0,3,7,0,1,2,11,7,4,44,31,13,12,6,6,0,0,0,2,0,2,3,1,2
0071530,0,0,0,0,0,0,0,0,0,0,0,0,0,0,0,0,0,0,0,0,0,0,0,0,0,0,0,0,0,0,0,0,0,0
3916970,0,0,0,0,0,0,0,0,0,0,0,0,0,0,0,0,0,0,0,0,0,0,0,0,0,0,0,0,0,0,0,0,0,0
3917350,0,0,0,0,0,0,0,0,0,0,0,0,0,0,0,0,0,0,0,0,0,0,0,0,0,0,0,0,0,0,0,0,0,0
3917430,0,0,0,0,0,0,0,0,0,0,0,0,0,0,0,0,0,0,0,0,0,0,0,0,0,0,0,0,0,0,0,0,0,0
3917780,0,0,0,0,0,0,0,0,0,0,0,0,0,0,0,0,0,0,0,0,0,0,0,0,0,0,0,0,0,0,0,0,0,0
3918160,0,0,0,0,0,0,0,0,0,0,0,0,0,0,0,0,0,0,0,0,0,0,0,0,0,0,0,0,0,0,0,0,0,0
3918240,0,0,0,0,0,0,0,0,0,0,0,0,0,0,0,0,0,0,0,0,0,0,0,0,0,0,0,0,0,0,0,0,0,0
54543103,415,239,176,45,129,49,31,25,9,12,5,17,17,41,17,9,24,14,10,176,121,55,142,71,71,8,2,6,54,25,29,11,6,5
54543105,35,19,16,6,4,5,4,2,0,1,0,5,3,3,2,0,0,0,0,9,7,2,13,8,5,0,0,0,12,4,8,1,0,1
54543106,13,9,4,5,2,1,2,0,0,0,0,0,0,1,1,0,1,1,0,5,4,1,5,4,1,0,0,0,2,0,2,0,0,0
54543107,17,10,7,6,3,1,1,1,0,0,0,2,1,1,1,0,0,0,0,11,7,4,4,2,2,1,1,0,1,0,1,0,0,0
54543108,24,15,9,5,3,1,3,2,2,0,1,2,0,2,0,0,2,1,1,10,6,4,6,4,2,0,0,0,6,4,2,0,0,0
54543109,39,28,11,6,12,5,1,2,0,1,0,1,5,6,0,0,2,2,0,22,15,7,9,7,2,0,0,0,5,3,2,1,1,0
54544901,185,113,72,10,75,13,14,21,9,2,1,9,10,6,6,4,20,12,8,105,67,38,38,18,20,4,2,2,7,4,3,11,10,1
54544902,13,10,3,0,5,0,0,0,0,0,1,0,1,0,0,0,1,1,0,2,1,1,5,4,1,0,0,0,5,4,1,0,0,0
54544903,40,23,17,6,18,3,1,2,3,0,0,4,0,0,2,0,6,3,3,23,16,7,9,3,6,1,0,1,0,0,0,1,1,0
54544904,29,18,11,1,11,3,0,2,4,1,0,2,2,0,0,2,4,3,1,19,13,6,6,2,4,0,0,0,0,0,0,0,0,0
54544905,19,9,10,0,2,3,4,2,0,0,0,1,2,0,3,0,0,0,0,9,6,3,9,3,6,0,0,0,1,0,1,0,0,0
0199170,0,0,0,0,0,0,0,0,0,0,0,0,0,0,0,0,0,0,0,0,0,0,0,0,0,0,0,0,0,0,0,0,0,0
54545701,8,4,4,0,2,0,1,0,2,0,0,0,1,0,0,0,0,0,0,4,1,3,4,3,1,0,0,0,0,0,0,0,0,0
54545702,22,15,7,4,12,1,1,0,2,0,0,1,0,0,0,1,3,2,1,13,9,4,4,3,1,0,0,0,0,0,0,2,1,1
54545703,11,5,6,0,1,1,2,0,4,0,1,1,1,0,0,0,2,1,1,3,1,2,2,2,0,0,0,0,3,0,3,1,1,0
54545704,303,163,140,14,96,14,27,22,44,2,2,19,14,15,18,4,24,11,13,143,86,57,81,37,44,5,2,3,39,19,20,11,8,3
54545706,12,8,4,4,5,0,0,0,2,0,0,0,1,0,0,0,2,1,1,6,6,0,4,1,3,0,0,0,0,0,0,0,0,0
54545707,18,8,10,6,3,0,0,0,4,0,0,0,1,2,0,0,0,0,0,9,4,5,5,3,2,1,0,1,2,1,1,1,0,1
0230192,0,0,0,0,0,0,0,0,0,0,0,0,0,0,0,0,0,0,0,0,0,0,0,0,0,0,0,0,0,0,0,0,0,0
0230602,0,0,0,0,0,0,0,0,0,0,0,0,0,0,0,0,0,0,0,0,0,0,0,0,0,0,0,0,0,0,0,0,0,0
3081700,0,0,0,0,0,0,0,0,0,0,0,0,0,0,0,0,0,0,0,0,0,0,0,0,0,0,0,0,0,0,0,0,0,0
54539203,395,198,197,4,87,18,42,11,54,12,5,35,26,30,40,5,21,12,9,86,54,32,143,68,75,10,5,5,114,50,64,21,9,12
54539204,201,112,89,3,66,14,8,6,18,6,4,19,13,7,25,0,5,4,1,57,42,15,79,36,43,6,3,3,47,21,26,7,6,1
54539205,956,517,439,27,296,66,101,44,64,19,22,61,76,62,69,10,74,42,32,303,181,122,356,186,170,12,5,7,175,80,95,36,23,13
54539206,209,118,91,2,50,23,21,5,14,5,6,23,14,11,22,0,23,13,10,63,42,21,54,26,28,3,1,2,57,29,28,9,7,2
54539207,758,388,370,18,174,51,64,18,103,24,14,74,58,59,71,6,25,15,10,191,124,67,292,139,153,17,8,9,210,92,118,23,10,13
54539208,181,96,85,3,38,8,15,3,19,4,5,23,9,20,26,0,10,4,6,37,26,11,71,33,38,6,2,4,47,23,24,10,8,2
54539210,296,157,139,7,61,23,28,5,55,6,4,26,16,27,17,3,12,5,7,83,55,28,114,55,59,3,0,3,72,35,37,12,7,5
54539211,940,488,452,14,288,52,94,40,102,17,22,67,77,46,70,11,97,48,49,345,195,150,289,141,148,17,5,12,146,72,74,46,27,19
54539212,57,30,27,0,19,5,1,1,8,0,0,5,4,6,4,1,3,2,1,16,10,6,24,11,13,1,0,1,9,3,6,4,4,0
54539213,287,155,132,6,78,15,33,17,25,8,3,23,20,16,35,1,10,7,3,89,61,28,101,47,54,5,2,3,69,32,37,13,6,7
54539214,108,65,43,2,33,13,8,5,9,3,0,10,7,7,7,0,5,2,3,34,25,9,35,20,15,3,2,1,28,15,13,3,1,2
54539215,1002,513,489,12,347,54,81,39,73,23,15,78,100,46,82,10,90,51,39,332,180,152,325,165,160,15,6,9,185,86,99,55,25,30
54539216,52,28,24,0,23,5,6,0,6,2,0,3,1,2,3,0,1,0,1,18,11,7,18,12,6,2,1,1,13,4,9,0,0,0
54539217,42,22,20,6,9,1,4,0,4,0,0,6,2,6,1,1,4,2,2,12,7,5,12,4,8,1,0,1,13,9,4,0,0,0
54539218,63,38,25,0,22,4,3,3,3,1,0,5,6,7,4,1,4,3,1,15,9,6,25,13,12,3,2,1,14,9,5,2,2,0
54539220,246,135,111,6,80,22,31,6,18,3,3,9,14,15,18,7,14,7,7,103,63,40,87,45,42,5,1,4,31,15,16,6,4,2
54539221,190,120,70,3,49,12,19,4,32,3,1,18,3,9,15,5,21,13,8,42,30,12,46,24,22,4,3,1,43,25,18,34,25,9
1442072,0,0,0,0,0,0,0,0,0,0,0,0,0,0,0,0,0,0,0,0,0,0,0,0,0,0,0,0,0,0,0,0,0,0
1442660,0,0,0,0,0,0,0,0,0,0,0,0,0,0,0,0,0,0,0,0,0,0,0,0,0,0,0,0,0,0,0,0,0,0
54546501,415,229,186,14,134,36,36,29,38,4,5,23,13,12,9,7,53,31,22,178,104,74,116,61,55,8,2,6,25,12,13,35,19,16
54546503,33,21,12,4,8,3,1,1,2,0,0,5,1,0,3,2,3,1,2,15,13,2,9,4,5,0,0,0,2,0,2,4,3,1
54546504,14,11,3,6,5,0,0,1,1,0,0,0,0,0,0,1,3,3,0,8,6,2,0,0,0,0,0,0,1,0,1,2,2,0
54546505,14,7,7,3,3,0,4,1,1,0,0,1,0,0,1,0,1,1,0,8,5,3,4,1,3,0,0,0,1,0,1,0,0,0
54546506,23,12,11,2,7,3,2,0,1,0,0,0,4,2,2,0,0,0,0,11,7,4,8,4,4,0,0,0,4,1,3,0,0,0
54546510,118,64,54,12,45,7,16,7,6,0,0,5,6,1,3,1,13,5,8,65,37,28,24,13,11,0,0,0,7,5,2,9,4,5
54546511,41,23,18,8,17,6,2,1,0,0,0,1,0,1,2,0,4,2,2,17,10,7,6,2,4,1,0,1,2,2,0,11,7,4
54547301,15,9,6,5,3,0,1,1,2,1,0,0,1,1,0,0,0,0,0,8,7,1,5,1,4,0,0,0,2,1,1,0,0,0
54547302,574,316,258,33,133,54,65,38,28,16,16,46,54,23,34,4,31,22,9,169,107,62,227,116,111,15,6,9,113,54,59,19,11,8
54547303,9,6,3,1,3,2,0,0,0,0,0,1,0,2,0,0,0,0,0,4,3,1,3,2,1,0,0,0,2,1,1,0,0,0
54547304,22,12,10,4,6,3,2,0,0,0,0,0,1,2,3,0,1,1,0,9,5,4,8,4,4,0,0,0,4,2,2,0,0,0
54547305,30,17,13,4,9,3,3,0,4,0,0,2,1,2,1,0,0,0,0,8,6,2,16,8,8,0,0,0,4,1,3,2,2,0
54547306,22,12,10,1,6,3,2,0,1,0,0,0,5,1,3,0,0,0,0,10,6,4,6,3,3,1,1,0,5,2,3,0,0,0
54547307,10,5,5,0,4,0,0,0,1,1,0,0,1,0,1,2,1,0,1,3,2,1,4,1,3,0,0,0,1,1,0,1,1,0
54547308,33,19,14,7,9,4,1,1,2,1,0,4,1,0,2,0,1,0,1,18,12,6,7,4,3,2,0,2,4,2,2,1,1,0
54548101,11,8,3,0,2,1,1,0,5,1,0,0,0,1,0,0,0,0,0,5,4,1,3,2,1,0,0,0,3,2,1,0,0,0
54548102,502,264,238,30,79,31,63,29,108,6,2,39,22,40,28,5,33,17,16,188,109,79,169,86,83,9,4,5,78,36,42,25,12,13
54548103,14,9,5,1,2,1,4,0,2,0,0,2,1,0,0,0,2,1,1,6,4,2,5,3,2,0,0,0,0,0,0,1,1,0
54548104,12,5,7,0,3,0,1,0,3,0,0,1,0,2,0,0,1,1,0,7,4,3,3,0,3,0,0,0,1,0,1,0,0,0
54548105,27,14,13,5,9,1,3,0,4,0,0,2,2,0,1,0,1,0,1,12,6,6,10,6,4,0,0,0,0,0,0,4,2,2
54548106,17,10,7,1,4,0,1,0,2,1,0,2,0,2,2,0,1,0,1,8,5,3,3,3,0,1,0,1,3,2,1,1,0,1
0414832,0,0,0,0,0,0,0,0,0,0,0,0,0,0,0,0,0,0,0,0,0,0,0,0,0,0,0,0,0,0,0,0,0,0
54549001,37,18,19,1,12,5,2,3,1,0,0,3,2,4,2,2,3,1,2,10,7,3,11,5,6,0,0,0,10,4,6,3,1,2
54549002,263,142,121,9,68,29,21,21,13,4,5,15,29,18,22,2,4,4,0,83,45,38,79,44,35,8,4,4,77,36,41,12,9,3
54549003,14,9,5,0,8,0,1,0,0,0,0,1,1,1,1,0,1,1,0,4,3,1,5,3,2,0,0,0,4,2,2,0,0,0
54549004,73,42,31,9,24,5,5,5,3,0,1,2,7,3,5,0,3,0,3,35,21,14,22,12,10,2,1,1,11,8,3,0,0,0
54549005,18,9,9,3,2,1,1,1,3,0,0,1,3,1,0,0,0,0,0,8,3,5,5,3,2,1,1,0,4,2,2,0,0,0
54549006,39,23,16,1,9,6,3,2,1,0,0,0,6,4,4,0,0,0,0,14,10,4,18,12,6,0,0,0,7,1,6,0,0,0
54549007,71,41,30,2,22,5,8,3,4,2,1,7,6,7,1,0,1,1,0,24,14,10,30,16,14,3,2,1,10,6,4,3,2,1
54550301,58,36,22,8,13,6,5,12,4,0,0,1,2,3,2,1,1,0,1,32,24,8,15,8,7,0,0,0,7,2,5,3,2,1
54550302,137,81,56,24,32,8,6,17,8,1,0,9,5,3,10,1,29,16,13,55,37,18,39,17,22,1,1,0,9,8,1,4,2,2
3304770,0,0,0,0,0,0,0,0,0,0,0,0,0,0,0,0,0,0,0,0,0,0,0,0,0,0,0,0,0,0,0,0,0,0
3917510,0,0,0,0,0,0,0,0,0,0,0,0,0,0,0,0,0,0,0,0,0,0,0,0,0,0,0,0,0,0,0,0,0,0
54551101,21,16,5,7,1,1,1,2,6,0,0,0,3,0,0,0,5,4,1,6,3,3,8,7,1,0,0,0,0,0,0,2,2,0
54551104,25,19,6,7,6,2,0,2,1,0,0,1,2,1,1,1,5,4,1,8,7,1,3,2,1,0,0,0,6,4,2,3,2,1
54551106,709,370,339,82,144,47,46,39,76,6,2,43,56,64,74,7,59,28,31,293,173,120,241,113,128,5,1,4,83,37,46,28,18,10
54551108,10,6,4,2,0,1,0,1,1,1,0,1,1,2,0,0,1,0,1,2,2,0,1,0,1,0,0,0,6,4,2,0,0,0
54551110,23,14,9,5,5,0,1,1,4,0,0,3,0,2,1,0,3,3,0,10,6,4,4,2,2,0,0,0,5,3,2,1,0,1
54551111,41,28,13,6,9,1,2,0,19,0,0,0,0,1,1,0,5,3,2,15,12,3,16,10,6,1,0,1,2,1,1,2,2,0
54551112,14,8,6,5,0,1,1,2,1,0,1,1,1,1,0,0,2,0,2,7,5,2,4,3,1,0,0,0,1,0,1,0,0,0
54551113,20,13,7,2,6,1,0,3,1,0,0,0,2,1,3,0,1,1,0,10,7,3,7,4,3,0,0,0,1,0,1,1,1,0
54551114,24,14,10,0,2,4,0,5,2,0,0,0,3,6,2,0,0,0,0,8,7,1,7,2,5,1,0,1,7,4,3,1,1,0
0452761,0,0,0,0,0,0,0,0,0,0,0,0,0,0,0,0,0,0,0,0,0,0,0,0,0,0,0,0,0,0,0,0,0,0
1502580,0,0,0,0,0,0,0,0,0,0,0,0,0,0,0,0,0,0,0,0,0,0,0,0,0,0,0,0,0,0,0,0,0,0
54552001,326,182,144,23,131,26,14,17,25,1,3,13,23,19,14,3,34,20,14,166,111,55,94,41,53,2,0,2,16,2,14,14,8,6
54552002,31,15,16,3,6,1,1,2,4,0,0,3,1,3,5,0,2,1,1,7,5,2,11,6,5,0,0,0,11,3,8,0,0,0
54552003,14,7,7,5,4,1,0,0,2,1,0,1,0,0,0,0,2,1,1,3,1,2,6,4,2,1,1,0,1,0,1,1,0,1
54552005,23,16,7,2,9,5,4,0,1,0,0,2,0,0,0,0,7,4,3,12,9,3,2,2,0,0,0,0,1,0,1,1,1,0
53622901,31,19,12,1,8,2,1,1,0,1,0,2,6,4,3,1,3,3,0,4,2,2,10,7,3,1,1,0,12,5,7,1,1,0
53622903,24,15,9,0,3,1,3,1,2,0,1,3,0,3,3,0,0,0,0,6,5,1,9,8,1,1,0,1,6,1,5,2,1,1
0553440,0,0,0,0,0,0,0,0,0,0,0,0,0,0,0,0,0,0,0,0,0,0,0,0,0,0,0,0,0,0,0,0,0,0
3304420,0,0,0,0,0,0,0,0,0,0,0,0,0,0,0,0,0,0,0,0,0,0,0,0,0,0,0,0,0,0,0,0,0,0
54554601,53,30,23,9,10,7,6,1,1,0,1,4,1,7,3,0,2,2,0,25,17,8,13,5,8,1,0,1,11,5,6,1,1,0
54554603,44,25,19,2,5,3,5,1,1,2,0,1,2,2,18,0,9,7,2,11,7,4,13,6,7,1,1,0,9,4,5,1,0,1
54554605,507,291,216,42,160,62,43,19,16,6,4,27,51,30,26,12,40,19,21,235,147,88,151,85,66,4,1,3,52,21,31,25,18,7
54555401,289,161,128,12,81,22,24,24,21,9,3,18,24,26,13,1,25,10,15,112,74,38,89,44,45,3,1,2,37,15,22,23,17,6
54555402,247,133,114,13,72,21,16,15,16,3,4,19,22,18,16,3,7,5,2,84,55,29,91,43,48,2,0,2,54,25,29,9,5,4
54555403,26,14,12,5,10,0,3,2,3,1,0,0,0,1,1,0,4,2,2,14,8,6,4,1,3,0,0,0,3,2,1,1,1,0
54555404,74,40,34,6,16,10,3,7,2,0,1,3,9,8,5,0,3,1,2,25,23,2,28,7,21,1,1,0,15,7,8,2,1,1
54555405,79,47,32,10,23,6,4,2,5,1,2,6,9,3,6,0,10,7,3,31,23,8,12,8,4,3,0,3,16,6,10,7,3,4
54555406,5,3,2,0,3,0,0,0,0,0,0,0,0,0,0,0,2,2,0,1,0,1,1,1,0,0,0,0,1,0,1,0,0,0
54555407,47,28,19,6,15,4,3,1,4,1,0,4,1,4,0,2,4,3,1,19,13,6,14,6,8,0,0,0,8,4,4,2,2,0
54555409,16,10,6,1,3,1,1,2,0,0,0,1,4,1,1,0,1,1,0,5,3,2,2,1,1,1,0,1,7,5,2,0,0,0
54555410,115,60,55,3,33,4,11,5,8,1,3,13,6,9,13,1,3,0,3,30,17,13,47,26,21,4,2,2,28,14,14,3,1,2
54555411,36,16,20,3,12,4,3,2,2,1,0,1,4,0,0,0,1,1,0,18,10,8,13,4,9,0,0,0,2,0,2,2,1,1
54555412,38,25,13,6,11,4,1,2,1,0,0,1,7,1,3,1,1,1,0,20,14,6,6,5,1,1,1,0,7,1,6,3,3,0
0631260,0,0,0,0,0,0,0,0,0,0,0,0,0,0,0,0,0,0,0,0,0,0,0,0,0,0,0,0,0,0,0,0,0,0
54556201,211,149,62,2,127,14,10,6,4,3,0,9,11,13,3,4,31,27,4,75,59,16,47,21,26,1,1,0,27,13,14,30,28,2
54556202,20,13,7,1,9,1,0,0,1,1,0,2,3,2,0,0,1,1,0,5,5,0,10,5,5,2,1,1,2,1,1,0,0,0
54556203,27,19,8,2,6,6,2,3,3,2,0,0,1,2,0,0,0,0,0,8,8,0,15,8,7,3,2,1,1,1,0,0,0,0
54556204,33,21,12,4,16,0,0,3,0,1,0,1,3,2,1,2,3,2,1,14,9,5,9,6,3,0,0,0,6,4,2,1,0,1
54556205,12,6,6,0,4,2,0,0,0,2,1,1,0,0,1,0,1,0,1,6,3,3,3,2,1,0,0,0,2,1,1,0,0,0
54556206,70,44,26,6,31,2,4,3,1,0,0,6,7,2,3,1,0,0,0,41,28,13,19,9,10,0,0,0,9,6,3,1,1,0
54556208,38,21,17,5,19,1,2,3,0,0,0,1,1,3,2,1,2,2,0,17,8,9,14,8,6,0,0,0,5,3,2,0,0,0
54556209,58,36,22,6,25,5,8,2,0,1,0,2,3,1,2,1,1,1,0,27,19,8,22,11,11,0,0,0,4,1,3,4,4,0
54556210,24,13,11,2,9,2,2,0,1,0,0,3,0,4,0,0,0,0,0,11,8,3,7,4,3,0,0,0,5,1,4,1,0,1
54556211,40,24,16,1,10,6,5,1,2,1,0,1,3,3,4,0,5,2,3,10,7,3,16,10,6,1,1,0,8,4,4,0,0,0
54556214,558,307,251,13,298,39,49,21,24,2,7,23,20,21,15,9,53,30,23,205,124,81,213,105,108,11,5,6,29,11,18,47,32,15
54556216,431,253,178,17,173,28,62,26,19,4,4,24,12,17,15,7,43,20,23,172,105,67,136,78,58,7,4,3,36,16,20,37,30,7
54556217,477,269,208,17,190,31,45,13,19,7,5,32,31,43,19,5,24,15,9,158,97,61,181,94,87,8,6,2,82,38,44,24,19,5
54556218,749,413,336,19,340,43,66,23,29,4,11,43,43,39,32,3,47,23,24,281,174,107,291,151,140,14,4,10,71,31,40,45,30,15
54556220,701,399,302,15,314,35,82,42,36,8,7,40,34,35,22,9,50,23,27,248,153,95,235,109,126,16,8,8,75,40,35,77,66,11
54556221,77,45,32,1,26,7,10,2,8,0,1,6,4,6,1,2,2,2,0,20,11,9,36,23,13,5,2,3,12,6,6,2,1,1
54556222,23,12,11,2,6,6,0,0,2,0,0,1,2,2,0,0,1,0,1,8,5,3,9,4,5,0,0,0,4,2,2,1,1,0
54557101,412,223,189,17,128,40,40,16,13,10,11,27,29,34,33,4,16,6,10,117,76,41,148,81,67,10,6,4,110,48,62,11,6,5
54557102,40,22,18,4,12,5,3,2,3,1,0,1,4,1,3,0,1,1,0,13,6,7,13,10,3,1,0,1,11,5,6,1,0,1
54557103,55,30,25,0,12,11,4,6,3,0,0,8,2,6,2,0,3,1,2,23,17,6,19,8,11,0,0,0,9,4,5,1,0,1
54557104,17,9,8,4,2,2,3,0,0,0,0,1,0,2,2,0,0,0,0,4,3,1,8,3,5,0,0,0,4,2,2,1,1,0
54557105,24,12,12,7,8,0,1,0,0,1,0,1,0,4,0,0,1,1,0,8,4,4,7,4,3,0,0,0,8,3,5,0,0,0
54557106,85,46,39,12,23,8,6,11,0,1,0,5,8,5,2,0,0,0,0,44,30,14,23,12,11,1,0,1,11,0,11,6,4,2
54557107,622,322,300,30,213,46,68,21,21,8,7,45,59,31,45,4,20,6,14,200,126,74,229,112,117,12,4,8,143,62,81,18,12,6
54557108,42,25,17,1,14,3,5,0,2,2,0,3,2,5,3,0,2,2,0,16,10,6,12,8,4,1,0,1,8,3,5,3,2,1
54557109,10,5,5,0,5,0,1,1,0,0,0,1,1,1,0,0,0,0,0,2,1,1,4,3,1,2,1,1,2,0,2,0,0,0
54557110,110,70,40,3,42,11,6,9,3,1,3,12,6,4,3,1,3,0,3,46,35,11,34,18,16,5,4,1,20,11,9,2,2,0
54557112,49,30,19,9,17,2,3,4,0,1,0,3,3,2,4,0,4,1,3,20,17,3,17,8,9,1,0,1,5,2,3,2,2,0
54557113,18,13,5,4,4,2,2,0,0,0,0,1,2,0,2,0,0,0,0,8,7,1,7,4,3,0,0,0,2,1,1,1,1,0
54559701,221,119,102,3,33,9,21,7,48,2,0,32,22,11,4,2,17,9,8,68,35,33,85,46,39,1,0,1,34,21,13,16,8,8
54559702,77,42,35,1,15,5,6,2,12,2,0,8,6,4,5,0,5,2,3,32,18,14,18,9,9,1,0,1,20,12,8,1,1,0
54559703,26,15,11,0,5,3,0,0,9,0,0,7,0,0,0,0,2,0,2,9,7,2,7,2,5,0,0,0,6,5,1,2,1,1
1989190,0,0,0,0,0,0,0,0,0,0,0,0,0,0,0,0,0,0,0,0,0,0,0,0,0,0,0,0,0,0,0,0,0,0
54560102,29,19,10,1,10,5,2,0,2,0,0,4,1,2,0,0,2,2,0,12,6,6,8,5,3,0,0,0,0,0,0,7,6,1
54560103,32,15,17,8,4,1,3,0,3,0,0,2,2,1,4,1,1,0,1,11,7,4,13,6,7,0,0,0,2,0,2,5,2,3
54560105,35,20,15,4,14,4,2,1,3,0,0,1,3,1,1,0,1,0,1,19,11,8,12,6,6,0,0,0,2,2,0,1,1,0
54560106,512,277,235,15,154,33,47,28,70,4,2,51,21,24,15,12,68,31,37,243,144,99,140,64,76,4,3,1,26,12,14,31,23,8
54560107,20,12,8,1,6,0,2,1,3,1,0,2,1,1,1,1,1,0,1,2,2,0,13,9,4,1,1,0,3,0,3,0,0,0
0911540,0,0,0,0,0,0,0,0,0,0,0,0,0,0,0,0,0,0,0,0,0,0,0,0,0,0,0,0,0,0,0,0,0,0
54561901,25,13,12,5,10,1,0,0,1,2,0,0,1,1,4,0,0,0,0,8,5,3,10,4,6,1,0,1,6,4,2,0,0,0
54561902,43,27,16,11,11,1,2,0,1,0,1,6,5,1,4,0,2,1,1,19,13,6,15,9,6,0,0,0,7,4,3,0,0,0
54561903,21,12,9,3,10,1,2,0,1,0,0,1,1,1,0,0,1,1,0,14,7,7,5,4,1,0,0,0,1,0,1,0,0,0
54561904,23,14,9,0,9,3,4,1,2,0,0,1,0,0,0,3,1,1,0,11,8,3,8,4,4,0,0,0,2,0,2,1,1,0
54561905,510,299,211,45,206,42,45,19,14,3,11,18,29,38,17,9,47,33,14,215,138,77,176,91,85,7,3,4,41,18,23,24,16,8
54561906,61,37,24,8,24,13,3,5,1,0,0,3,2,0,1,0,2,1,1,30,21,9,21,10,11,0,0,0,5,3,2,3,2,1
0871650,0,0,0,0,0,0,0,0,0,0,0,0,0,0,0,0,0,0,0,0,0,0,0,0,0,0,0,0,0,0,0,0,0,0
1157890,0,0,0,0,0,0,0,0,0,0,0,0,0,0,0,0,0,0,0,0,0,0,0,0,0,0,0,0,0,0,0,0,0,0
1157970,0,0,0,0,0,0,0,0,0,0,0,0,0,0,0,0,0,0,0,0,0,0,0,0,0,0,0,0,0,0,0,0,0,0
53629601,27,16,11,6,7,4,1,3,1,0,0,1,3,1,0,0,2,1,1,16,10,6,4,2,2,0,0,0,4,3,1,1,0,1
53629603,16,9,7,2,8,1,0,0,1,0,0,1,1,1,0,1,3,0,3,8,5,3,4,3,1,0,0,0,1,1,0,0,0,0
53629604,18,8,10,5,1,1,3,0,1,0,0,2,0,1,1,1,0,0,0,7,4,3,7,3,4,0,0,0,4,1,3,0,0,0
54562701,28,21,7,3,5,7,2,2,5,0,0,3,0,0,1,0,4,3,1,16,14,2,3,0,3,0,0,0,1,1,0,4,3,1
54562702,24,12,12,2,7,4,3,1,2,0,0,1,2,1,1,0,0,0,0,9,6,3,7,3,4,1,0,1,6,2,4,1,1,0
54562704,100,61,39,4,34,15,8,7,7,4,0,7,8,3,3,0,5,3,2,46,29,17,31,19,12,0,0,0,12,5,7,6,5,1
54562705,43,21,22,4,9,2,7,4,4,0,1,3,1,1,3,0,0,0,0,14,11,3,21,7,14,0,0,0,6,1,5,2,2,0
54562708,27,15,12,7,4,3,1,2,0,0,0,3,1,1,4,0,1,1,0,7,6,1,11,5,6,1,0,1,6,2,4,1,1,0
59862301,29,13,16,1,9,4,0,1,4,1,0,0,1,4,2,0,2,1,1,11,4,7,7,5,2,1,0,1,6,3,3,2,0,2
59862302,115,65,50,16,36,10,12,4,2,1,1,8,7,9,6,0,9,5,4,44,27,17,48,25,23,1,0,1,12,8,4,1,0,1
54564301,14,8,6,0,8,1,0,0,0,0,1,1,1,2,0,0,2,1,1,4,3,1,3,2,1,0,0,0,5,2,3,0,0,0
54564302,188,104,84,16,77,11,20,9,5,2,5,11,14,6,5,0,9,8,1,83,54,29,59,26,33,1,0,1,30,12,18,6,4,2
54564303,26,13,13,1,7,0,3,1,1,3,0,1,1,3,0,1,0,0,0,7,4,3,12,6,6,1,0,1,5,2,3,1,1,0
51366101,29,17,12,6,9,0,5,0,1,1,1,1,2,2,0,1,2,1,1,11,7,4,7,4,3,0,0,0,9,5,4,0,0,0
51366103,165,93,72,17,68,16,19,7,5,1,3,6,9,5,6,1,5,2,3,78,53,25,59,25,34,2,0,2,14,8,6,7,5,2
54566001,14,6,8,0,5,0,1,1,2,0,0,0,0,3,2,0,1,0,1,4,3,1,7,2,5,0,0,0,2,1,1,0,0,0
54566002,42,26,16,2,21,4,2,0,2,0,0,2,3,2,0,3,4,2,2,22,16,6,7,5,2,1,0,1,5,1,4,3,2,1
54566003,127,68,59,7,52,6,17,17,6,1,0,4,5,8,2,1,7,2,5,49,33,16,42,17,25,3,1,2,14,7,7,12,8,4
54566004,42,21,21,4,16,6,2,0,3,0,0,1,2,3,1,0,0,0,0,23,13,10,17,7,10,0,0,0,1,0,1,1,1,0
54566005,14,9,5,6,5,1,0,0,1,0,0,0,0,0,0,0,3,2,1,8,5,3,3,2,1,0,0,0,0,0,0,0,0,0
54566006,23,14,9,0,4,5,2,4,1,1,0,0,1,2,0,0,1,1,0,10,5,5,6,4,2,1,1,0,3,1,2,2,2,0
1248000,0,0,0,0,0,0,0,0,0,0,0,0,0,0,0,0,0,0,0,0,0,0,0,0,0,0,0,0,0,0,0,0,0,0
54569403,84,54,30,15,18,3,6,5,7,1,1,10,7,3,1,3,7,5,2,31,18,13,23,14,9,2,1,1,9,6,3,12,10,2
3307520,0,0,0,0,0,0,0,0,0,0,0,0,0,0,0,0,0,0,0,0,0,0,0,0,0,0,0,0,0,0,0,0,0,0
50019401,26,17,9,7,1,3,0,1,2,0,1,4,5,2,0,0,3,3,0,9,4,5,8,5,3,1,0,1,3,3,0,2,2,0
50019402,64,42,22,22,16,5,4,3,2,0,0,3,7,0,0,1,15,7,8,30,23,7,9,6,3,1,1,0,2,1,1,7,4,3
0353190,0,0,0,0,0,0,0,0,0,0,0,0,0,0,0,0,0,0,0,0,0,0,0,0,0,0,0,0,0,0,0,0,0,0
54571602,11,7,4,2,2,1,0,0,2,1,0,1,1,0,0,0,0,0,0,4,2,2,5,3,2,0,0,0,0,0,0,2,2,0
54571603,27,14,13,4,4,0,2,1,7,0,0,0,5,0,0,0,3,2,1,13,6,7,8,5,3,1,0,1,2,1,1,0,0,0
54571605,43,28,15,9,9,0,1,0,10,0,1,6,5,1,0,0,2,1,1,20,13,7,12,7,5,0,0,0,7,5,2,2,2,0
1359170,0,0,0,0,0,0,0,0,0,0,0,0,0,0,0,0,0,0,0,0,0,0,0,0,0,0,0,0,0,0,0,0,0,0
54572402,35,17,18,1,13,3,5,1,2,0,0,2,0,2,4,1,9,6,3,15,10,5,4,1,3,1,0,1,2,0,2,4,0,4
54572404,225,124,101,17,90,26,17,12,7,1,2,9,9,13,16,3,20,8,12,98,60,38,70,33,37,1,1,0,24,11,13,12,11,1
54572406,15,7,8,0,4,1,1,0,2,0,0,4,0,2,0,0,0,0,0,4,3,1,7,2,5,1,1,0,3,1,2,0,0,0
54572407,26,17,9,3,6,1,2,3,2,1,0,1,2,2,3,0,3,2,1,5,5,0,5,3,2,1,1,0,12,6,6,0,0,0
54572409,15,6,9,2,5,1,2,0,1,0,0,0,2,0,1,0,0,0,0,3,0,3,7,3,4,0,0,0,5,3,2,0,0,0
54573201,113,60,53,6,35,7,14,7,6,2,0,9,8,8,6,1,4,2,2,38,29,9,50,20,30,1,0,1,19,8,11,1,1,0
54576701,66,41,25,11,14,7,9,5,6,0,1,2,1,3,2,1,3,2,1,43,26,17,12,7,5,1,1,0,3,1,2,4,4,0
54576702,111,68,43,14,17,7,8,5,19,0,1,7,6,6,5,3,11,7,4,45,30,15,31,18,13,0,0,0,14,3,11,10,10,0
1428160,0,0,0,0,0,0,0,0,0,0,0,0,0,0,0,0,0,0,0,0,0,0,0,0,0,0,0,0,0,0,0,0,0,0
54577503,19,14,5,3,8,1,0,3,3,0,0,0,0,0,0,1,2,1,1,9,7,2,6,4,2,0,0,0,1,1,0,1,1,0
54577506,144,89,55,14,58,7,14,10,9,2,2,7,8,4,4,1,14,6,8,80,51,29,34,18,16,0,0,0,11,9,2,5,5,0
54577507,17,8,9,4,3,3,3,1,0,0,0,2,1,0,0,0,1,0,1,4,3,1,4,3,1,0,0,0,8,2,6,0,0,0
54580501,12,7,5,1,5,1,0,0,1,0,0,0,1,0,2,0,0,0,0,8,6,2,3,1,2,0,0,0,1,0,1,0,0,0
54580502,7,5,2,2,3,0,0,2,0,0,0,0,0,0,0,0,0,0,0,3,3,0,3,2,1,0,0,0,1,0,1,0,0,0
54580503,159,84,75,11,59,17,13,6,3,4,1,12,8,13,6,3,4,1,3,69,43,26,58,29,29,2,0,2,17,5,12,9,6,3
53624501,172,96,76,10,68,15,8,9,7,1,6,15,13,6,6,1,10,7,3,68,41,27,54,30,24,4,3,1,29,11,18,7,4,3
55153801,103,73,30,9,51,10,5,6,2,1,0,8,4,1,1,2,14,10,4,40,25,15,25,18,7,0,0,0,4,3,1,20,17,3
55153802,76,42,34,5,32,8,3,8,6,0,0,4,2,2,1,0,4,1,3,35,23,12,29,14,15,0,0,0,5,2,3,3,2,1
55153803,36,21,15,2,13,6,2,3,2,0,0,4,1,1,0,1,4,1,3,12,6,6,9,6,3,0,0,0,6,4,2,5,4,1
1606360,0,0,0,0,0,0,0,0,0,0,0,0,0,0,0,0,0,0,0,0,0,0,0,0,0,0,0,0,0,0,0,0,0,0
54581303,104,55,49,12,36,14,3,3,11,2,0,3,9,3,2,0,9,3,6,50,31,19,26,13,13,1,0,1,9,2,7,9,6,3
54582101,7,5,2,3,3,0,1,0,0,0,0,0,0,0,0,0,0,0,0,4,3,1,2,1,1,1,1,0,0,0,0,0,0,0
54582102,30,20,10,1,9,2,2,7,2,0,0,3,3,0,0,0,1,1,0,9,5,4,13,11,2,0,0,0,7,3,4,0,0,0
54582103,30,16,14,2,10,4,2,0,2,1,0,4,1,1,1,0,1,0,1,15,9,6,10,6,4,0,0,0,4,1,3,0,0,0
54582105,20,12,8,2,5,2,2,2,0,0,1,1,1,1,3,0,0,0,0,6,5,1,8,4,4,1,0,1,5,3,2,0,0,0
54582106,1727,921,806,48,713,106,148,87,51,31,32,104,100,124,110,12,100,48,52,621,366,255,616,308,308,50,25,25,273,130,143,67,44,23
54582107,74,45,29,1,22,10,6,10,2,1,0,5,5,8,2,0,4,3,1,23,17,6,27,16,11,0,0,0,15,6,9,5,3,2
54583001,10,9,1,0,5,2,1,0,0,0,0,0,1,0,1,0,1,1,0,6,5,1,3,3,0,0,0,0,0,0,0,0,0,0
54583002,24,11,13,2,10,0,1,0,1,1,0,2,2,4,1,0,1,0,1,11,8,3,6,2,4,2,0,2,4,1,3,0,0,0
54583004,19,11,8,0,6,3,0,1,1,0,0,3,3,2,0,0,1,1,0,9,7,2,6,2,4,0,0,0,2,1,1,1,0,1
54583005,14,8,6,0,6,0,3,1,2,0,0,1,0,0,0,0,1,0,1,6,3,3,5,5,0,1,0,1,1,0,1,0,0,0
54583006,17,13,4,0,9,1,0,0,2,0,0,2,1,0,0,1,8,6,2,1,1,0,1,0,1,0,0,0,0,0,0,7,6,1
54583007,1387,770,617,31,581,87,109,70,98,14,16,77,94,64,71,24,178,88,90,631,394,237,371,178,193,16,7,9,104,46,58,87,57,30
54583009,17,11,6,2,3,5,1,0,1,0,0,2,0,0,1,0,0,0,0,6,4,2,7,5,2,0,0,0,3,1,2,1,1,0
54583010,20,14,6,0,8,1,1,5,0,0,1,0,2,0,0,0,2,1,1,4,3,1,10,8,2,0,0,0,4,2,2,0,0,0
54583011,136,69,67,4,46,14,19,6,8,0,2,9,9,9,6,1,5,2,3,65,38,27,50,23,27,1,1,0,9,2,7,6,3,3
53630001,42,26,16,4,15,3,1,2,1,0,1,2,5,5,0,2,2,2,0,17,11,6,12,7,5,1,1,0,9,5,4,1,0,1
53630002,33,15,18,3,9,3,0,4,3,0,1,1,2,5,1,0,1,0,1,12,6,6,14,7,7,1,0,1,3,1,2,2,1,1
1889812,0,0,0,0,0,0,0,0,0,0,0,0,0,0,0,0,0,0,0,0,0,0,0,0,0,0,0,0,0,0,0,0,0,0
1890060,0,0,0,0,0,0,0,0,0,0,0,0,0,0,0,0,0,0,0,0,0,0,0,0,0,0,0,0,0,0,0,0,0,0
54584802,28,17,11,5,8,1,3,0,4,0,1,2,1,1,0,0,6,4,2,10,6,4,4,3,1,0,0,0,5,2,3,3,2,1
54584803,13,9,4,1,5,3,0,1,0,0,0,1,1,1,0,0,1,1,0,7,5,2,3,2,1,0,0,0,1,0,1,1,1,0
54584804,31,18,13,6,9,1,1,2,3,0,0,1,2,4,0,0,2,1,1,5,4,1,18,11,7,1,0,1,5,2,3,0,0,0
54584805,57,33,24,8,12,5,3,1,12,0,0,7,2,3,1,1,3,1,2,17,11,6,23,11,12,4,4,0,7,5,2,3,1,2
54584806,16,8,8,0,3,2,1,0,2,0,0,1,3,0,1,0,1,0,1,4,3,1,10,5,5,0,0,0,1,0,1,0,0,0
54584807,115,64,51,11,11,7,31,4,14,0,0,4,1,1,3,2,13,9,4,26,16,10,52,28,24,4,0,4,13,7,6,7,4,3
54584808,25,18,7,2,8,1,1,3,1,0,0,1,2,2,1,0,1,0,1,17,13,4,5,5,0,0,0,0,2,0,2,0,0,0
54584809,884,506,378,40,163,56,105,53,104,8,12,54,51,56,47,17,96,51,45,325,208,117,303,162,141,11,3,8,102,57,45,47,25,22
54586401,70,37,33,9,27,3,4,4,4,2,1,4,3,3,5,0,5,2,3,31,20,11,19,7,12,2,0,2,11,7,4,2,1,1
54586402,103,53,50,1,40,14,15,1,5,2,2,4,6,3,5,0,2,2,0,41,21,20,38,19,19,4,2,2,14,6,8,4,3,1
54586403,138,76,62,2,57,4,15,11,6,3,3,8,6,15,7,0,3,1,2,43,30,13,59,30,29,3,3,0,24,9,15,6,3,3
54586404,80,48,32,4,24,4,1,3,5,1,0,10,5,5,5,3,4,2,2,19,12,7,28,18,10,0,0,0,19,9,10,10,7,3
54587201,35,19,16,7,13,3,1,1,1,1,0,0,2,5,0,0,0,0,0,17,10,7,13,8,5,2,0,2,3,1,2,0,0,0
54587202,153,86,67,18,48,15,11,5,7,1,0,8,17,10,8,1,10,7,3,53,36,17,57,28,29,6,3,3,23,8,15,4,4,0
54587203,35,19,16,1,11,1,1,4,3,0,1,3,5,0,1,3,3,1,2,16,12,4,10,3,7,0,0,0,5,3,2,1,0,1
53623701,42,21,21,9,10,3,7,4,1,1,0,1,1,1,2,1,3,1,2,17,11,6,14,6,8,2,1,1,4,2,2,2,0,2
56272601,47,29,18,10,16,5,5,0,1,1,0,0,1,5,3,0,3,1,2,20,15,5,13,9,4,0,0,0,11,4,7,0,0,0
56254801,52,29,23,14,10,2,5,5,1,0,1,4,4,3,2,0,3,0,3,23,14,9,15,9,6,2,1,1,6,3,3,3,2,1
56105301,67,41,26,10,20,3,5,2,1,0,1,5,7,8,5,0,3,2,1,23,16,7,21,11,10,1,1,0,13,7,6,6,4,2
56171101,144,75,69,13,28,18,16,7,3,1,6,12,12,4,15,2,6,4,2,49,34,15,54,24,30,2,0,2,25,9,16,8,4,4
56171103,12,6,6,2,2,0,3,0,1,0,0,1,0,1,1,1,0,0,0,6,4,2,4,1,3,1,0,1,1,1,0,0,0,0
56171104,36,21,15,2,4,3,4,8,2,0,0,3,2,4,4,0,1,0,1,9,7,2,18,9,9,1,0,1,7,5,2,0,0,0
56171105,22,12,10,2,4,0,2,2,0,0,1,1,2,2,6,0,0,0,0,7,6,1,6,1,5,2,1,1,7,4,3,0,0,0
56171106,37,24,13,4,10,2,2,4,1,0,1,4,4,0,3,1,1,1,0,16,13,3,10,5,5,0,0,0,8,3,5,2,2,0
56274201,40,22,18,6,15,1,4,0,0,0,0,5,3,0,6,0,5,4,1,17,11,6,11,4,7,0,0,0,5,1,4,2,2,0
50773301,50,28,22,9,21,5,3,3,0,0,1,2,4,1,1,0,4,3,1,27,14,13,14,9,5,1,0,1,3,1,2,1,1,0
54602001,11,8,3,4,6,1,0,0,0,0,0,0,0,0,0,0,1,0,1,7,6,1,1,0,1,0,0,0,2,2,0,0,0,0
54602002,91,47,44,11,35,2,6,7,4,0,2,1,2,10,8,0,2,1,1,42,26,16,30,13,17,3,1,2,12,5,7,2,1,1
54603801,211,118,93,22,88,8,25,13,2,0,1,9,7,16,15,1,2,0,2,89,59,30,81,42,39,5,1,4,25,10,15,9,6,3
54603802,74,46,28,16,29,10,4,4,0,0,0,1,2,4,4,0,1,1,0,40,29,11,23,12,11,0,0,0,9,4,5,1,0,1
54603803,19,12,7,8,4,1,0,1,0,0,1,0,1,0,3,0,1,1,0,10,8,2,4,2,2,0,0,0,3,1,2,1,0,1
54603804,44,26,18,9,19,2,5,0,2,0,0,1,1,1,3,1,6,0,6,22,15,7,14,9,5,0,0,0,1,1,0,1,1,0
50919101,87,49,38,12,32,8,3,3,6,0,1,3,4,1,6,4,8,4,4,49,31,18,25,9,16,0,0,0,3,3,0,2,2,0
54605401,143,85,58,24,66,9,4,8,3,0,2,4,8,3,7,0,8,4,4,76,50,26,36,18,18,3,1,2,11,5,6,9,7,2
54605402,39,18,21,1,12,2,2,3,3,0,0,1,6,5,2,1,3,1,2,16,10,6,11,7,4,3,0,3,4,0,4,2,0,2
54605403,20,12,8,2,2,0,3,2,1,0,0,0,3,1,4,0,2,1,1,8,7,1,9,4,5,1,0,1,0,0,0,0,0,0
54605404,32,18,14,8,9,1,3,1,0,0,0,1,3,1,4,0,1,0,1,11,9,2,13,6,7,3,1,2,4,2,2,0,0,0
50911601,112,74,38,19,43,9,5,8,4,0,0,4,5,4,4,2,3,0,3,61,44,17,30,20,10,1,0,1,15,10,5,2,0,2
54608901,1557,887,670,25,708,44,161,101,103,4,9,99,49,69,65,21,151,81,70,571,338,233,554,312,242,47,22,25,127,64,63,107,70,37
54609701,254,149,105,47,85,18,23,11,14,3,2,6,11,18,11,1,15,8,7,125,88,37,77,35,42,2,0,2,24,15,9,11,3,8
54609703,12,5,7,2,3,2,1,2,1,0,0,0,0,1,0,0,1,0,1,4,2,2,3,1,2,1,0,1,2,1,1,1,1,0
54609705,32,21,11,9,8,3,1,0,3,0,1,2,2,1,1,0,3,1,2,10,9,1,8,4,4,0,0,0,9,5,4,2,2,0
54609706,67,37,30,12,24,4,4,1,2,0,2,5,2,4,4,0,6,4,2,30,20,10,23,10,13,1,1,0,6,2,4,1,0,1
54609707,28,12,16,8,8,3,4,0,0,0,0,1,1,0,3,0,1,1,0,17,8,9,4,2,2,0,0,0,5,1,4,1,0,1
54609711,15,8,7,1,3,1,1,0,3,1,0,1,1,2,1,0,0,0,0,4,3,1,4,1,3,2,0,2,5,4,1,0,0,0
54610101,202,113,89,19,58,26,19,9,11,4,0,9,15,10,13,2,23,10,13,99,65,34,59,28,31,0,0,0,16,7,9,5,3,2
54610102,11,8,3,1,3,2,1,0,1,0,0,0,2,0,0,0,0,0,0,6,4,2,3,3,0,0,0,0,1,0,1,1,1,0
54610103,16,8,8,3,4,3,2,0,0,0,1,0,0,2,0,0,1,1,0,11,6,5,2,0,2,0,0,0,2,1,1,0,0,0
54610104,29,18,11,3,11,2,0,4,1,1,0,1,3,1,1,0,1,0,1,6,4,2,12,9,3,0,0,0,7,2,5,3,3,0
54610106,18,10,8,2,6,2,2,3,0,0,0,1,1,0,1,0,3,2,1,9,6,3,2,1,1,1,0,1,1,0,1,2,1,1
54610107,58,30,28,7,15,9,3,4,2,0,1,4,3,2,6,0,4,1,3,23,15,8,23,12,11,2,0,2,6,2,4,0,0,0
56170301,120,66,54,21,41,8,12,10,0,1,1,11,2,4,5,2,8,5,3,65,39,26,31,14,17,1,0,1,10,4,6,5,4,1
56170303,39,21,18,2,15,2,3,0,2,0,0,8,1,4,1,0,2,0,2,9,7,2,17,9,8,1,1,0,8,4,4,2,0,2
56170304,79,50,29,7,18,18,8,8,3,0,2,4,3,6,0,0,3,1,2,50,31,19,21,15,6,1,1,0,2,0,2,2,2,0
3082180,0,0,0,0,0,0,0,0,0,0,0,0,0,0,0,0,0,0,0,0,0,0,0,0,0,0,0,0,0,0,0,0,0,0
3082260,0,0,0,0,0,0,0,0,0,0,0,0,0,0,0,0,0,0,0,0,0,0,0,0,0,0,0,0,0,0,0,0,0,0
3082340,0,0,0,0,0,0,0,0,0,0,0,0,0,0,0,0,0,0,0,0,0,0,0,0,0,0,0,0,0,0,0,0,0,0
54612701,184,100,84,14,77,18,10,6,3,3,1,13,5,15,18,0,6,4,2,85,52,33,61,31,30,2,0,2,24,7,17,6,6,0
54612702,66,36,30,3,23,7,7,4,2,1,0,5,2,6,4,0,1,0,1,25,15,10,24,14,10,0,0,0,14,6,8,2,1,1
54612703,17,9,8,3,6,1,0,0,0,0,0,1,0,3,2,0,2,1,1,9,5,4,2,1,1,0,0,0,4,2,2,0,0,0
54612704,157,94,63,9,63,17,17,7,5,1,1,7,3,11,10,0,0,0,0,66,48,18,63,30,33,1,0,1,15,7,8,12,9,3
54612705,46,24,22,7,19,0,4,1,3,0,2,5,1,1,3,0,1,0,1,20,14,6,17,6,11,0,0,0,6,3,3,2,1,1
54612706,40,21,19,4,11,8,4,1,0,1,1,4,1,3,0,0,0,0,0,9,5,4,15,8,7,0,0,0,10,5,5,6,3,3
54612707,57,32,25,4,31,2,4,3,0,0,1,4,2,2,3,0,5,0,5,28,20,8,14,8,6,0,0,0,7,3,4,3,1,2
54612708,25,14,11,3,12,0,1,2,2,1,1,1,0,1,0,0,0,0,0,14,10,4,6,3,3,0,0,0,5,1,4,0,0,0
54612709,92,56,36,9,39,6,7,5,3,3,0,5,4,2,4,2,3,3,0,40,26,14,36,20,16,1,1,0,11,6,5,1,0,1
54612710,62,34,28,10,24,5,7,4,0,0,0,2,2,1,6,0,0,0,0,27,19,8,19,7,12,2,0,2,11,5,6,3,3,0
54612711,71,42,29,6,43,4,5,3,0,0,0,1,0,5,4,0,2,1,1,24,16,8,35,18,17,0,0,0,9,6,3,1,1,0
54612712,329,183,146,15,131,22,39,22,17,2,3,22,9,12,13,5,24,10,14,120,76,44,110,56,54,5,1,4,48,25,23,22,15,7
54612713,142,81,61,8,46,11,12,6,4,1,1,4,8,12,23,0,5,3,2,37,31,6,54,22,32,4,3,1,37,18,19,5,4,1
54612714,413,234,179,25,167,27,45,18,11,4,4,28,18,28,25,1,10,4,6,140,91,49,170,91,79,6,2,4,84,45,39,3,1,2
54612715,297,166,131,12,116,15,44,13,9,0,5,13,19,28,17,1,12,6,6,105,68,37,100,53,47,6,2,4,66,33,33,8,4,4
54612716,1364,742,622,53,563,76,132,73,44,11,25,77,68,122,80,7,52,26,26,510,319,191,518,261,257,32,15,17,205,89,116,47,32,15
54614301,16,12,4,4,5,3,0,2,0,0,0,1,0,0,0,0,0,0,0,11,9,2,1,0,1,1,1,0,0,0,0,3,2,1
54614302,128,76,52,36,45,11,4,3,6,0,0,6,3,7,3,2,11,3,8,68,48,20,30,17,13,2,0,2,10,4,6,7,4,3
54614303,14,9,5,6,4,1,0,0,0,0,0,0,1,0,0,2,1,0,1,9,7,2,4,2,2,0,0,0,0,0,0,0,0,0
54614304,7,5,2,4,2,0,0,0,0,0,0,0,0,0,0,0,5,3,2,1,1,0,1,1,0,0,0,0,0,0,0,0,0,0
54614305,9,5,4,2,4,0,1,0,0,0,0,0,1,1,0,0,1,0,1,6,4,2,1,1,0,0,0,0,1,0,1,0,0,0
54614306,18,10,8,2,4,1,1,2,0,0,0,1,2,1,0,2,2,1,1,9,6,3,3,2,1,0,0,0,4,1,3,0,0,0
54614307,47,27,20,11,14,7,5,1,1,0,0,2,2,2,0,1,11,6,5,22,17,5,7,1,6,0,0,0,1,0,1,6,3,3
54615101,330,180,150,30,92,43,30,16,7,3,4,16,21,28,18,3,13,5,8,154,95,59,108,49,59,6,4,2,40,21,19,9,6,3
54615102,10,6,4,1,5,2,1,0,0,0,1,0,0,0,0,0,3,2,1,4,3,1,3,1,2,0,0,0,0,0,0,0,0,0
52975301,35,23,12,11,6,5,5,1,0,0,0,1,2,2,1,0,0,0,0,10,6,4,18,13,5,1,1,0,6,3,3,0,0,0
56241601,26,18,8,7,11,2,2,1,0,0,0,1,1,0,1,0,1,0,1,13,10,3,4,3,1,1,0,1,5,3,2,2,2,0
56246701,219,121,98,13,37,14,32,10,11,7,9,18,22,13,22,1,6,2,4,51,36,15,100,47,53,5,3,2,52,29,23,5,4,1
56260201,38,19,19,1,8,5,6,0,2,1,1,3,5,2,3,0,2,1,1,9,5,4,13,10,3,1,0,1,11,2,9,2,1,1
56260202,35,22,13,3,2,6,4,2,1,0,0,4,3,2,6,1,1,1,0,10,7,3,14,6,8,0,0,0,10,8,2,0,0,0
56284001,44,24,20,2,5,8,7,0,2,0,0,6,3,6,3,0,2,2,0,11,7,4,18,8,10,2,1,1,11,6,5,0,0,0
56284002,187,97,90,7,35,23,11,14,18,3,0,16,15,9,27,1,6,3,3,76,45,31,59,28,31,3,2,1,37,16,21,6,3,3
50761001,38,24,14,5,11,2,9,3,0,0,0,2,3,0,1,0,1,1,0,22,16,6,12,5,7,0,0,0,3,2,1,0,0,0
56098702,23,13,10,3,9,3,1,2,2,0,0,2,1,0,0,0,0,0,0,17,9,8,4,3,1,0,0,0,2,1,1,0,0,0
56281501,104,58,46,9,22,9,10,14,5,3,1,4,6,4,14,0,5,2,3,41,26,15,34,17,17,3,2,1,18,8,10,3,3,0
50914101,154,85,69,11,68,2,13,9,10,0,3,13,8,7,7,0,10,6,4,59,33,26,52,35,17,3,1,2,23,7,16,7,3,4
56263701,70,41,29,5,29,4,3,8,4,0,0,1,3,2,7,2,7,3,4,35,25,10,23,11,12,0,0,0,5,2,3,0,0,0
56269601,18,10,8,1,6,0,1,1,3,0,0,4,1,0,1,0,1,0,1,7,6,1,6,1,5,0,0,0,2,1,1,2,2,0
56280701,80,48,32,5,35,3,4,8,4,0,1,5,6,3,2,1,3,3,0,39,24,15,23,10,13,3,2,1,9,6,3,3,3,0
56238601,42,28,14,5,18,2,1,4,5,0,3,2,1,0,1,0,2,1,1,21,15,6,15,9,6,0,0,0,2,1,1,2,2,0
56238602,127,66,61,9,49,5,12,7,14,0,1,5,7,4,6,2,9,8,1,54,29,25,44,18,26,1,1,0,13,6,7,6,4,2
54629102,64,37,27,11,22,6,3,2,2,1,2,4,2,3,5,0,0,0,0,29,21,8,23,10,13,1,0,1,10,6,4,1,0,1
54629103,11,7,4,4,0,2,0,0,2,0,0,0,1,1,1,0,0,0,0,3,3,0,4,2,2,0,0,0,4,2,2,0,0,0
54629104,37,22,15,7,5,4,3,6,2,0,0,2,1,4,3,0,0,0,0,13,7,6,12,9,3,1,0,1,10,6,4,1,0,1
54630501,48,28,20,9,22,2,2,5,1,0,0,1,1,4,0,0,0,0,0,24,15,9,20,11,9,0,0,0,3,1,2,1,1,0
59865801,33,19,14,8,13,0,4,3,2,0,0,0,0,1,0,0,3,1,2,21,16,5,5,0,5,1,0,1,3,2,1,0,0,0
56278501,31,19,12,7,8,2,1,4,1,0,1,2,2,3,0,0,1,1,0,14,8,6,7,4,3,1,0,1,2,1,1,6,5,1
54636401,25,12,13,3,8,2,3,0,1,1,0,0,2,0,4,0,3,0,3,12,8,4,5,2,3,0,0,0,5,2,3,0,0,0
54636402,202,109,93,17,55,22,27,7,6,2,3,13,10,12,20,0,7,4,3,90,57,33,66,32,34,4,2,2,29,11,18,6,3,3
54636403,49,28,21,4,6,12,5,1,3,0,0,4,1,4,4,0,3,1,2,25,16,9,11,7,4,5,3,2,5,1,4,0,0,0
0439232,0,0,0,0,0,0,0,0,0,0,0,0,0,0,0,0,0,0,0,0,0,0,0,0,0,0,0,0,0,0,0,0,0,0
54638102,94,49,45,24,22,10,7,7,3,2,2,2,7,3,4,0,2,1,1,42,27,15,31,16,15,2,1,1,10,1,9,7,3,4
54638104,28,16,12,5,7,3,3,1,0,1,1,1,4,0,0,0,2,0,2,8,5,3,14,9,5,0,0,0,4,2,2,0,0,0
56106101,125,68,57,7,25,16,23,8,3,1,3,3,17,10,6,0,4,3,1,34,25,9,55,25,30,0,0,0,29,13,16,3,2,1
56231901,72,40,32,12,21,4,5,5,3,0,0,4,6,3,8,0,3,2,1,30,19,11,24,12,12,0,0,0,14,6,8,1,1,0
54640201,198,106,92,29,68,13,16,15,7,1,0,8,12,7,12,2,10,3,7,116,74,42,47,20,27,2,0,2,12,2,10,11,7,4
54640202,15,11,4,1,2,4,3,1,0,0,0,2,1,1,0,0,0,0,0,7,6,1,4,4,0,1,0,1,2,0,2,1,1,0
56283101,36,18,18,5,12,2,1,3,2,0,0,5,2,1,1,0,1,0,1,11,7,4,13,5,8,0,0,0,4,2,2,7,4,3
54644501,13,8,5,3,3,1,0,0,0,0,1,0,1,3,0,0,0,0,0,6,5,1,4,1,3,0,0,0,3,2,1,0,0,0
54644502,145,80,65,19,66,8,8,7,1,1,1,8,8,5,8,2,4,3,1,63,43,20,52,22,30,1,0,1,19,6,13,6,6,0
54646101,412,236,176,21,178,29,45,24,20,6,1,20,23,19,18,0,31,17,14,190,109,81,127,71,56,3,1,2,40,21,19,21,17,4
54646102,104,55,49,3,45,8,8,4,7,1,0,8,2,9,2,1,8,3,5,53,32,21,23,11,12,1,1,0,13,6,7,6,2,4
54646103,13,10,3,0,5,0,5,1,1,0,0,0,1,0,0,0,0,0,0,6,5,1,5,3,2,1,1,0,1,1,0,0,0,0
54646104,12,8,4,0,3,1,2,0,0,0,0,0,0,2,1,0,0,0,0,4,4,0,6,4,2,0,0,0,2,0,2,0,0,0
54646105,13,8,5,0,6,3,1,0,1,0,0,1,1,0,0,0,1,1,0,8,5,3,3,2,1,0,0,0,1,0,1,0,0,0
54646106,25,15,10,0,10,3,2,3,0,1,0,1,0,3,1,0,0,0,0,13,8,5,7,4,3,1,1,0,4,2,2,0,0,0
54646107,92,45,47,7,25,3,16,3,6,1,2,5,6,10,6,0,9,3,6,36,20,16,35,15,20,1,1,0,9,5,4,2,1,1
54646108,35,18,17,4,9,0,5,2,3,0,1,2,2,2,1,1,2,1,1,16,8,8,11,5,6,0,0,0,4,2,2,2,2,0
54646109,30,14,16,8,9,0,0,0,2,0,0,5,1,0,3,0,3,0,3,9,7,2,8,3,5,2,1,1,8,3,5,0,0,0
54646110,89,52,37,8,27,9,8,4,4,1,3,5,11,4,1,1,6,4,2,40,27,13,25,13,12,3,0,3,12,6,6,3,2,1
54650001,21,9,12,6,5,0,2,1,1,0,0,1,0,0,4,0,0,0,0,6,4,2,9,3,6,1,1,0,5,1,4,0,0,0
54650002,20,10,10,5,8,1,1,1,0,0,0,1,1,2,0,0,1,0,1,2,1,1,10,5,5,2,1,1,2,1,1,3,2,1
54650004,340,184,156,33,103,26,34,15,10,3,12,21,26,26,22,2,15,10,5,116,76,40,130,65,65,2,0,2,60,21,39,17,12,5
54650005,9,4,5,0,1,0,2,1,0,0,0,0,1,1,3,0,0,0,0,2,1,1,5,3,2,1,0,1,1,0,1,0,0,0
54650006,43,23,20,5,12,5,4,1,4,0,1,6,1,3,1,0,3,1,2,15,10,5,11,5,6,3,1,2,10,5,5,1,1,0
54650007,75,37,38,8,32,9,8,1,1,0,0,3,3,4,4,0,4,0,4,26,13,13,30,18,12,0,0,0,12,5,7,3,1,2
54650008,9,5,4,2,2,1,1,0,0,0,0,0,1,2,0,0,0,0,0,2,1,1,2,1,1,1,1,0,3,2,1,1,0,1
56276901,55,32,23,13,10,2,5,5,3,0,0,5,4,6,2,0,1,1,0,22,17,5,23,12,11,0,0,0,9,2,7,0,0,0
0606070,0,0,0,0,0,0,0,0,0,0,0,0,0,0,0,0,0,0,0,0,0,0,0,0,0,0,0,0,0,0,0,0,0,0
0606580,0,0,0,0,0,0,0,0,0,0,0,0,0,0,0,0,0,0,0,0,0,0,0,0,0,0,0,0,0,0,0,0,0,0
3082510,0,0,0,0,0,0,0,0,0,0,0,0,0,0,0,0,0,0,0,0,0,0,0,0,0,0,0,0,0,0,0,0,0,0
3378030,0,0,0,0,0,0,0,0,0,0,0,0,0,0,0,0,0,0,0,0,0,0,0,0,0,0,0,0,0,0,0,0,0,0
54588101,109,56,53,14,28,9,14,0,3,1,4,12,7,13,3,0,3,2,1,36,25,11,42,17,25,4,1,3,23,10,13,1,1,0
54588102,29,17,12,4,9,3,4,2,0,0,0,2,0,0,2,3,5,2,3,7,4,3,12,8,4,0,0,0,2,1,1,3,2,1
54588103,111,68,43,25,30,16,4,10,4,0,1,2,7,4,5,0,5,5,0,52,34,18,39,22,17,3,1,2,6,2,4,6,4,2
54588104,130,70,60,9,29,14,22,5,6,1,2,9,6,13,9,1,7,3,4,38,26,12,57,27,30,6,2,4,20,10,10,2,2,0
54588105,134,75,59,15,33,15,17,7,1,3,2,8,8,3,14,0,6,4,2,49,37,12,52,23,29,2,0,2,24,10,14,1,1,0
54588106,103,54,49,11,27,11,12,5,1,0,2,6,9,6,9,0,3,2,1,40,21,19,38,21,17,1,0,1,21,10,11,0,0,0
54588107,127,71,56,3,30,16,19,6,2,2,2,13,10,5,12,3,4,3,1,30,20,10,61,30,31,2,1,1,29,16,13,1,1,0
54588108,288,158,130,11,87,27,31,22,11,5,3,16,15,22,26,5,24,17,7,119,67,52,86,44,42,3,3,0,45,19,26,11,8,3
54588109,297,166,131,17,74,31,32,19,8,6,13,21,13,10,36,2,7,4,3,86,58,28,117,50,67,3,1,2,74,45,29,10,8,2
54588110,173,105,68,8,34,11,20,11,3,8,4,15,15,19,17,4,5,3,2,41,30,11,57,31,26,4,2,2,64,37,27,2,2,0
54588111,112,55,57,6,35,13,7,6,3,1,4,9,6,6,15,0,6,2,4,38,29,9,43,16,27,3,1,2,20,6,14,2,1,1
54588112,42,25,17,10,6,3,6,5,1,1,0,5,1,2,1,1,4,2,2,16,11,5,11,8,3,0,0,0,6,3,3,5,1,4
54588113,316,173,143,11,63,17,37,6,33,5,4,26,26,17,36,8,29,16,13,72,41,31,100,59,41,8,4,4,88,46,42,19,7,12
54588114,483,246,237,11,130,34,57,28,16,14,10,38,48,32,44,1,24,12,12,177,106,71,178,78,100,3,0,3,88,40,48,13,10,3
54588115,101,60,41,1,19,12,16,3,4,2,0,6,11,4,15,2,12,8,4,27,18,9,35,18,17,0,0,0,24,14,10,3,2,1
54588116,657,326,331,15,153,39,78,34,24,12,4,45,60,54,93,5,32,16,16,193,106,87,245,117,128,20,7,13,142,67,75,25,13,12
54588117,25,15,10,0,4,0,4,1,1,0,2,2,3,2,0,0,6,4,2,5,4,1,8,3,5,1,1,0,5,3,2,0,0,0
54588118,350,211,139,17,86,24,46,16,16,5,4,34,22,25,33,9,27,16,11,73,47,26,98,52,46,12,6,6,70,35,35,70,55,15
54588119,42,28,14,2,15,0,10,1,1,0,1,1,4,5,2,0,0,0,0,12,8,4,20,12,8,0,0,0,5,3,2,5,5,0
54588122,429,226,203,17,102,35,51,15,15,10,10,29,30,48,53,5,27,13,14,122,80,42,151,73,78,16,3,13,108,53,55,5,4,1
54588123,506,261,245,14,103,27,52,22,14,17,16,43,48,52,66,0,21,11,10,107,68,39,193,92,101,14,3,11,165,85,80,6,2,4
54588126,599,328,271,10,140,49,75,30,9,14,17,58,45,49,88,4,21,12,9,161,103,58,229,115,114,13,6,7,163,83,80,12,9,3
54588127,314,161,153,4,87,29,43,16,4,8,5,22,25,20,40,1,14,7,7,116,73,43,126,54,72,6,2,4,50,23,27,2,2,0
54588129,38,17,21,0,12,1,7,3,2,0,0,2,4,1,5,0,3,0,3,11,7,4,16,5,11,2,1,1,5,3,2,1,1,0
54588130,110,61,49,1,26,10,15,4,3,4,1,8,6,11,12,0,7,4,3,34,21,13,37,20,17,0,0,0,31,15,16,1,1,0
54588131,1399,730,669,42,371,100,158,88,52,24,22,100,144,88,145,8,69,37,32,510,278,232,544,266,278,33,14,19,198,101,97,45,34,11
54588132,756,395,361,24,221,58,108,37,25,12,17,57,67,31,76,7,41,23,18,285,149,136,272,135,137,18,10,8,99,51,48,41,27,14
54588133,43,22,21,2,26,1,4,3,0,0,0,0,1,1,2,1,2,0,2,16,10,6,20,9,11,0,0,0,5,3,2,0,0,0
54588134,14,9,5,3,4,0,1,2,0,0,0,2,0,0,2,0,0,0,0,3,2,1,9,6,3,0,0,0,2,1,1,0,0,0
54588135,14,7,7,2,2,0,3,0,2,0,0,0,3,1,1,0,1,0,1,3,2,1,4,2,2,0,0,0,5,2,3,1,1,0
54588136,550,275,275,33,107,50,66,18,12,8,7,56,40,68,59,2,27,14,13,143,90,53,199,91,108,10,5,5,164,73,91,7,2,5
54588137,79,44,35,6,15,7,15,1,1,7,2,1,3,8,7,0,1,1,0,16,12,4,30,17,13,1,0,1,31,14,17,0,0,0
54588138,1325,658,667,38,310,79,202,64,42,29,25,104,134,91,143,10,54,25,29,431,229,202,519,256,263,27,4,23,252,116,136,42,28,14
56249101,55,28,27,2,15,6,7,3,3,0,1,1,6,3,5,0,1,1,0,22,12,10,23,13,10,3,0,3,5,1,4,1,1,0
59863101,35,19,16,8,8,2,3,0,0,0,3,1,2,0,5,0,0,0,0,12,8,4,15,7,8,1,0,1,6,3,3,1,1,0
54654201,923,523,400,71,311,97,57,65,35,9,10,61,48,53,67,9,52,29,23,356,238,118,347,172,175,19,10,9,104,45,59,45,29,16
54654202,25,15,10,3,18,0,0,0,0,0,0,0,1,0,2,1,0,0,0,11,8,3,9,5,4,1,0,1,3,2,1,1,0,1
54654203,9,6,3,2,1,0,0,2,0,1,1,0,0,2,0,0,0,0,0,2,2,0,5,3,2,1,1,0,1,0,1,0,0,0
54654204,40,24,16,9,12,6,1,1,0,1,1,0,5,2,1,0,0,0,0,13,12,1,16,8,8,1,1,0,8,1,7,2,2,0
54654205,47,29,18,5,15,3,4,3,0,2,0,2,2,2,4,1,1,1,0,20,14,6,12,6,6,2,2,0,9,4,5,3,2,1
56268801,81,50,31,12,19,5,14,7,2,0,0,5,6,3,5,0,6,4,2,33,25,8,20,9,11,0,0,0,16,9,7,6,3,3
50910801,149,83,66,22,34,18,18,9,1,2,2,8,12,8,9,0,6,3,3,64,48,16,43,17,26,9,2,7,24,11,13,3,2,1
50835701,88,58,30,10,31,9,4,9,2,1,0,8,2,3,5,0,2,1,1,50,39,11,26,12,14,0,0,0,8,6,2,2,0,2
0775692,0,0,0,0,0,0,0,0,0,0,0,0,0,0,0,0,0,0,0,0,0,0,0,0,0,0,0,0,0,0,0,0,0,0
0775772,0,0,0,0,0,0,0,0,0,0,0,0,0,0,0,0,0,0,0,0,0,0,0,0,0,0,0,0,0,0,0,0,0,0
54661503,536,317,219,82,182,41,57,24,15,6,5,18,33,27,27,5,30,14,16,236,156,80,169,95,74,5,4,1,68,29,39,28,19,9
54661504,23,15,8,7,8,0,1,1,1,0,0,0,1,2,1,0,0,0,0,12,10,2,7,3,4,0,0,0,4,2,2,0,0,0
54661505,44,26,18,10,10,5,3,2,1,2,0,1,0,6,3,0,2,2,0,18,12,6,11,5,6,0,0,0,11,6,5,2,1,1
54661508,9,5,4,0,4,0,0,0,1,0,0,0,1,1,1,0,0,0,0,2,0,2,5,4,1,0,0,0,2,1,1,0,0,0
54661509,46,28,18,13,9,0,8,2,2,1,0,4,1,4,2,0,2,1,1,21,15,6,10,4,6,1,0,1,9,5,4,3,3,0
54662302,276,163,113,25,81,31,25,19,8,7,1,17,17,15,21,1,17,12,5,115,67,48,93,54,39,3,1,2,34,21,13,14,8,6
54666601,223,129,94,23,72,35,19,9,3,1,3,14,14,10,14,1,11,5,6,115,70,45,64,35,29,2,0,2,18,9,9,13,10,3
54666602,8,3,5,2,3,1,1,1,0,0,0,0,0,0,0,0,1,0,1,4,2,2,2,0,2,0,0,0,1,1,0,0,0,0
54666603,87,55,32,9,24,15,3,6,3,0,2,3,4,3,7,0,6,4,2,38,28,10,27,15,12,3,2,1,7,2,5,6,4,2
54667401,818,442,376,73,207,63,109,55,49,6,13,55,53,58,51,4,55,33,22,296,173,123,287,158,129,14,6,8,126,54,72,40,18,22
50850101,225,122,103,20,35,22,29,14,17,3,4,13,10,24,25,2,8,3,5,80,52,28,81,43,38,4,1,3,42,16,26,10,7,3
54671201,59,36,23,8,21,4,8,3,1,0,0,5,3,2,4,0,2,2,0,20,16,4,25,13,12,3,1,2,7,3,4,2,1,1
54671202,16,10,6,0,5,0,1,0,4,0,1,1,3,1,0,0,1,0,1,6,5,1,3,1,2,1,1,0,4,3,1,1,0,1
54671203,150,89,61,7,54,23,11,15,10,3,2,8,6,4,5,0,15,9,6,69,46,23,44,23,21,3,1,2,11,3,8,8,7,1
1986250,0,0,0,0,0,0,0,0,0,0,0,0,0,0,0,0,0,0,0,0,0,0,0,0,0,0,0,0,0,0,0,0,0,0
54679801,58,38,20,4,15,9,2,2,6,0,0,4,2,1,4,0,4,1,3,28,23,5,16,9,7,0,0,0,7,3,4,3,2,1
54679802,19,12,7,5,5,2,1,0,4,0,0,0,0,1,0,0,1,1,0,10,5,5,7,5,2,0,0,0,0,0,0,1,1,0
54679803,59,29,30,18,16,4,1,1,3,0,0,5,0,5,3,1,1,1,0,35,18,17,13,5,8,2,1,1,7,3,4,1,1,0
54679804,17,11,6,5,5,2,0,0,1,0,0,0,2,2,0,0,2,1,1,8,6,2,3,2,1,0,0,0,3,1,2,1,1,0
54679806,22,14,8,6,4,1,4,1,2,0,0,0,1,1,1,0,4,2,2,10,8,2,5,1,4,0,0,0,3,3,0,0,0,0
54679808,1147,630,517,86,406,104,117,71,54,10,13,62,60,56,59,9,70,38,32,523,327,196,378,185,193,21,7,14,110,50,60,45,23,22
54679809,40,22,18,4,12,7,2,2,1,0,1,3,0,6,1,1,1,0,1,22,15,7,10,5,5,0,0,0,7,2,5,0,0,0
54679811,23,12,11,2,2,5,8,1,0,0,0,1,1,1,2,0,1,0,1,8,4,4,12,6,6,0,0,0,1,1,0,1,1,0
54679812,27,15,12,5,6,3,2,0,2,0,0,1,1,1,6,0,1,1,0,12,8,4,10,3,7,0,0,0,2,1,1,2,2,0
54679814,5,4,1,0,2,0,0,0,0,0,0,0,0,0,3,0,0,0,0,2,1,1,2,2,0,0,0,0,1,1,0,0,0,0
54679815,12,8,4,0,2,1,0,1,1,1,1,1,0,1,3,0,1,1,0,2,2,0,2,2,0,0,0,0,7,3,4,0,0,0
56273401,54,33,21,7,12,5,7,2,4,0,2,3,2,2,4,2,3,3,0,24,18,6,15,7,8,1,0,1,7,1,6,4,4,0
54680101,9,5,4,2,5,1,0,0,0,0,0,0,0,0,1,0,1,0,1,3,2,1,4,3,1,0,0,0,0,0,0,1,0,1
54680103,1014,572,442,69,407,85,92,64,24,12,9,60,48,45,65,9,74,46,28,470,304,166,334,153,181,19,9,10,94,44,50,23,16,7
56236001,106,59,47,6,53,6,5,7,2,0,1,4,8,3,8,0,10,4,6,48,29,19,38,22,16,3,1,2,6,2,4,1,1,0
56236002,8,7,1,2,2,2,0,2,0,0,0,0,0,0,0,0,0,0,0,5,5,0,1,1,0,1,0,1,0,0,0,1,1,0
56236003,32,19,13,5,16,0,2,1,1,0,1,3,1,1,1,0,1,0,1,18,13,5,11,6,5,1,0,1,1,0,1,0,0,0
56236005,22,14,8,2,9,3,1,0,1,0,0,3,1,1,1,0,5,3,2,7,4,3,5,2,3,1,1,0,3,3,0,1,1,0
54684401,61,33,28,11,16,5,3,3,3,1,1,2,4,4,8,0,4,3,1,27,16,11,19,10,9,2,2,0,8,1,7,1,1,0
54684402,16,12,4,2,0,3,2,1,4,0,0,2,0,1,1,0,0,0,0,7,6,1,7,4,3,0,0,0,1,1,0,1,1,0
54684403,54,35,19,11,9,6,6,7,4,1,1,3,3,0,2,0,5,2,3,27,20,7,12,7,5,1,0,1,7,5,2,2,1,1
54684404,40,22,18,4,8,3,7,2,2,0,1,3,5,1,4,0,2,1,1,15,9,6,10,7,3,0,0,0,11,5,6,2,0,2
54684405,182,104,78,26,40,13,17,14,8,3,1,16,11,11,13,3,10,5,5,62,41,21,66,31,35,1,0,1,23,10,13,20,17,3
56247501,99,59,40,16,31,7,7,5,1,1,0,5,9,7,8,2,3,3,0,42,29,13,38,20,18,3,0,3,11,6,5,2,1,1
50771701,60,35,25,4,30,7,3,1,2,1,0,8,0,0,3,0,5,3,2,38,23,15,8,3,5,1,1,0,5,3,2,3,2,1
50771702,143,86,57,17,46,16,12,12,3,1,2,6,10,5,8,0,2,1,1,77,54,23,45,23,22,1,0,1,10,3,7,8,5,3
50771703,19,13,6,4,11,0,2,1,0,0,0,1,0,0,0,0,0,0,0,10,8,2,3,2,1,1,0,1,3,2,1,2,1,1
54691701,11,5,6,0,3,2,1,0,1,0,0,0,0,2,1,1,0,0,0,6,3,3,3,0,3,0,0,0,0,0,0,2,2,0
54691703,16,9,7,5,6,1,0,1,2,0,0,0,0,1,0,0,1,1,0,10,6,4,5,2,3,0,0,0,0,0,0,0,0,0
54691705,6,2,4,0,2,0,0,0,0,0,0,1,0,2,1,0,1,0,1,1,0,1,0,0,0,0,0,0,4,2,2,0,0,0
54691706,131,79,52,27,43,20,9,5,5,0,1,5,6,3,3,2,11,4,7,80,51,29,28,16,12,2,0,2,4,3,1,6,5,1
54691707,25,13,12,5,11,0,2,1,1,0,0,0,2,2,1,0,1,1,0,14,8,6,4,0,4,0,0,0,5,3,2,1,1,0
56107001,51,29,22,9,13,2,2,1,1,0,0,6,2,3,7,1,1,1,0,18,13,5,21,10,11,1,0,1,6,3,3,4,2,2
50907801,205,113,92,31,53,14,14,10,11,3,5,8,11,14,20,3,10,4,6,80,48,32,75,42,33,2,1,1,25,9,16,13,9,4
50762801,77,44,33,14,22,9,5,5,1,0,2,5,3,2,3,2,5,4,1,38,26,12,20,12,8,0,0,0,13,1,12,1,1,0
54696801,10,5,5,0,1,1,1,1,0,0,0,1,1,1,0,0,0,0,0,4,3,1,1,1,0,0,0,0,5,1,4,0,0,0
54696802,53,30,23,17,17,1,8,2,3,0,1,1,0,0,1,0,3,3,0,29,17,12,14,8,6,0,0,0,7,2,5,0,0,0
54696803,51,30,21,12,16,5,2,0,0,0,1,2,5,1,4,1,2,1,1,26,15,11,13,10,3,0,0,0,5,2,3,5,2,3
54696804,13,7,6,0,7,0,1,1,1,0,0,0,1,0,2,0,0,0,0,5,4,1,7,2,5,0,0,0,1,1,0,0,0,0
54696805,27,17,10,2,9,2,1,5,0,0,0,1,2,1,2,1,1,0,1,12,9,3,12,7,5,0,0,0,2,1,1,0,0,0
54696806,105,62,43,40,20,6,8,5,4,0,0,4,7,2,5,1,7,7,0,44,28,16,43,20,23,0,0,0,6,3,3,5,4,1
54696807,18,13,5,6,4,2,0,1,1,0,0,1,1,1,0,0,1,1,0,9,9,0,4,3,1,0,0,0,4,0,4,0,0,0
54696808,26,16,10,8,1,4,3,3,1,0,0,2,2,0,2,0,1,1,0,9,7,2,12,6,6,0,0,0,4,2,2,0,0,0
56245901,60,34,26,10,11,11,6,2,2,1,0,5,6,2,3,1,0,0,0,23,15,8,31,16,15,1,0,1,5,3,2,0,0,0
56267001,42,29,13,12,12,0,8,1,2,1,0,1,2,0,3,0,3,2,1,20,14,6,12,8,4,1,0,1,2,2,0,4,3,1
56265301,44,30,14,20,9,2,2,4,2,0,0,1,1,0,2,0,5,4,1,19,14,5,13,6,7,0,0,0,6,5,1,1,1,0
54699201,38,23,15,8,15,5,2,2,1,0,0,1,2,1,0,1,2,1,1,21,13,8,10,7,3,1,0,1,3,1,2,1,1,0
54699203,175,99,76,25,54,15,9,14,9,3,2,8,9,8,15,2,11,9,2,82,52,30,52,22,30,1,0,1,20,9,11,9,7,2
56108802,145,85,60,8,34,21,9,9,5,4,1,13,11,13,10,0,4,3,1,51,36,15,52,27,25,3,0,3,32,17,15,3,2,1
1986170,0,0,0,0,0,0,0,0,0,0,0,0,0,0,0,0,0,0,0,0,0,0,0,0,0,0,0,0,0,0,0,0,0,0
54706901,34,18,16,1,16,0,2,1,2,0,0,3,1,3,3,1,0,0,0,14,10,4,10,2,8,0,0,0,6,3,3,4,3,1
54706903,263,155,108,12,136,10,18,19,7,0,1,10,8,21,17,1,42,16,26,101,67,34,74,48,26,5,4,1,28,10,18,13,10,3
50778401,92,53,39,13,22,4,11,5,6,0,1,6,6,5,9,0,4,3,1,31,26,5,32,12,20,1,0,1,20,11,9,4,1,3
54708501,141,83,58,10,33,17,18,6,8,2,3,8,10,5,17,2,5,4,1,55,39,16,54,27,27,4,2,2,18,6,12,5,5,0
54708502,192,104,88,25,43,11,18,8,7,3,5,12,18,15,13,5,5,3,2,54,33,21,71,37,34,8,2,6,44,22,22,10,7,3
50800401,108,64,44,9,35,10,5,5,1,3,4,6,5,8,13,1,4,2,2,48,36,12,36,19,17,1,0,1,16,5,11,3,2,1
56099501,26,13,13,6,9,1,1,0,0,0,0,0,6,0,2,0,2,1,1,8,4,4,14,7,7,0,0,0,2,1,1,0,0,0
1985280,0,0,0,0,0,0,0,0,0,0,0,0,0,0,0,0,0,0,0,0,0,0,0,0,0,0,0,0,0,0,0,0,0,0
54716603,29,19,10,5,13,3,1,0,0,0,0,3,0,2,1,0,1,1,0,12,9,3,12,7,5,0,0,0,3,1,2,1,1,0
54716604,984,572,412,74,372,83,100,51,71,9,7,45,42,56,41,7,56,30,26,473,309,164,285,147,138,13,4,9,98,45,53,59,37,22
54716606,23,11,12,2,6,3,2,2,2,0,0,2,2,0,1,0,0,0,0,12,6,6,7,3,4,0,0,0,3,1,2,1,1,0
54716607,15,8,7,1,8,1,1,0,1,0,0,0,1,0,1,1,3,0,3,6,4,2,1,0,1,0,0,0,3,2,1,2,2,0
56104502,59,32,27,8,13,4,8,3,2,1,1,7,2,4,4,0,2,1,1,21,12,9,22,10,12,0,0,0,13,8,5,1,1,0
56237801,56,38,18,7,11,4,6,1,10,2,0,2,4,0,5,1,1,1,0,27,17,10,19,12,7,1,0,1,6,6,0,2,2,0
56237802,36,17,19,3,10,1,2,0,4,0,0,5,2,3,4,2,0,0,0,13,7,6,15,7,8,1,0,1,5,1,4,2,2,0
54720401,14,8,6,2,6,1,1,0,0,0,1,1,2,0,0,0,1,0,1,5,3,2,5,4,1,0,0,0,2,0,2,1,1,0
54720403,187,108,79,29,58,18,18,6,7,1,1,11,8,12,4,1,17,6,11,87,58,29,54,26,28,1,0,1,14,7,7,14,11,3
54720404,23,12,11,3,13,0,1,0,0,1,0,0,3,1,1,0,2,0,2,7,4,3,5,4,1,2,1,1,5,2,3,2,1,1
1985360,0,0,0,0,0,0,0,0,0,0,0,0,0,0,0,0,0,0,0,0,0,0,0,0,0,0,0,0,0,0,0,0,0,0
1985440,0,0,0,0,0,0,0,0,0,0,0,0,0,0,0,0,0,0,0,0,0,0,0,0,0,0,0,0,0,0,0,0,0,0
1985520,0,0,0,0,0,0,0,0,0,0,0,0,0,0,0,0,0,0,0,0,0,0,0,0,0,0,0,0,0,0,0,0,0,0
1985610,0,0,0,0,0,0,0,0,0,0,0,0,0,0,0,0,0,0,0,0,0,0,0,0,0,0,0,0,0,0,0,0,0,0
1985790,0,0,0,0,0,0,0,0,0,0,0,0,0,0,0,0,0,0,0,0,0,0,0,0,0,0,0,0,0,0,0,0,0,0
1985870,0,0,0,0,0,0,0,0,0,0,0,0,0,0,0,0,0,0,0,0,0,0,0,0,0,0,0,0,0,0,0,0,0,0
1985950,0,0,0,0,0,0,0,0,0,0,0,0,0,0,0,0,0,0,0,0,0,0,0,0,0,0,0,0,0,0,0,0,0,0
1986090,0,0,0,0,0,0,0,0,0,0,0,0,0,0,0,0,0,0,0,0,0,0,0,0,0,0,0,0,0,0,0,0,0,0
54721204,173,105,68,45,41,19,10,8,8,2,0,5,13,12,5,2,13,8,5,99,65,34,36,19,17,1,0,1,12,3,9,12,10,2
54721207,14,12,2,1,4,1,2,0,0,0,0,1,0,4,0,0,0,0,0,4,4,0,2,2,0,0,0,0,7,5,2,1,1,0
54722101,35,21,14,1,9,2,1,3,1,2,0,3,1,7,5,0,1,1,0,13,10,3,9,4,5,1,0,1,11,6,5,0,0,0
54722102,11,5,6,1,5,2,0,0,1,0,0,1,0,0,0,0,0,0,0,3,1,2,6,3,3,0,0,0,2,1,1,0,0,0
54722103,8,4,4,2,0,0,2,0,1,0,0,1,0,2,0,0,0,0,0,4,2,2,1,1,0,0,0,0,3,1,2,0,0,0
54722105,354,190,164,21,74,38,50,19,22,5,2,27,23,20,43,4,16,4,12,152,90,62,110,54,56,4,2,2,55,28,27,17,12,5
54723901,105,58,47,26,25,7,11,16,1,0,0,4,7,0,5,1,11,4,7,48,29,19,33,17,16,3,1,2,4,2,2,6,5,1
54723902,29,19,10,4,10,5,2,1,2,1,1,0,0,2,0,0,0,0,0,19,14,5,4,2,2,0,0,0,4,2,2,2,1,1
54723903,32,16,16,4,17,3,3,0,0,1,1,0,2,0,1,0,4,2,2,14,6,8,9,5,4,0,0,0,2,1,1,3,2,1
54723905,467,259,208,57,178,29,29,26,17,8,4,29,27,30,22,1,18,13,5,215,126,89,154,75,79,9,2,7,48,24,24,23,19,4
54724701,31,18,13,1,10,1,2,4,1,0,1,1,3,2,4,1,5,5,0,11,7,4,5,1,4,0,0,0,6,3,3,4,2,2
54724702,63,34,29,12,19,2,9,3,1,0,0,1,7,2,6,0,4,3,1,28,16,12,21,11,10,0,0,0,8,3,5,2,1,1
54724703,109,61,48,16,22,8,13,8,2,1,1,5,6,8,14,1,3,1,2,48,31,17,34,16,18,2,0,2,17,8,9,5,5,0
50815203,73,46,27,4,33,6,3,3,6,1,1,8,3,2,3,0,9,5,4,22,15,7,27,16,11,3,3,0,7,3,4,5,4,1
50815204,161,89,72,12,79,7,7,8,10,1,1,5,6,9,8,5,7,1,6,84,52,32,45,23,22,3,1,2,6,2,4,16,10,6
50815205,25,12,13,0,13,3,2,1,1,0,0,2,1,1,1,0,3,1,2,11,6,5,9,4,5,0,0,0,2,1,1,0,0,0
54726301,28,15,13,7,10,0,2,3,1,0,1,0,2,1,1,0,2,0,2,15,10,5,4,3,1,1,0,1,6,2,4,0,0,0
54726302,15,9,6,2,5,1,1,0,0,0,0,2,1,0,1,1,0,0,0,6,4,2,6,4,2,0,0,0,3,1,2,0,0,0
54726303,50,32,18,5,24,9,2,1,2,0,0,3,2,1,0,0,1,1,0,35,22,13,10,6,4,1,0,1,3,3,0,0,0,0
54726304,48,29,19,5,16,3,2,2,1,4,0,3,4,3,2,3,1,1,0,20,13,7,18,12,6,0,0,0,7,2,5,2,1,1
54726305,47,26,21,6,16,3,3,4,2,0,0,2,3,6,2,0,2,1,1,20,12,8,16,8,8,0,0,0,8,4,4,1,1,0
54726307,16,8,8,3,6,2,0,1,0,0,1,0,0,0,2,0,1,0,1,6,4,2,4,1,3,3,1,2,2,2,0,0,0,0
54726308,726,410,316,76,337,46,61,45,13,5,3,24,26,37,32,5,44,23,21,326,194,132,224,126,98,11,3,8,77,35,42,44,29,15
54726309,29,20,9,4,14,2,2,1,0,0,0,1,2,2,1,0,1,0,1,12,8,4,9,9,0,0,0,0,6,2,4,1,1,0
54726310,17,10,7,5,6,1,0,0,2,0,1,0,0,1,1,0,0,0,0,6,4,2,5,3,2,0,0,0,4,1,3,2,2,0
54726311,11,10,1,3,0,1,0,1,0,2,0,3,0,0,1,0,1,1,0,2,2,0,5,4,1,0,0,0,3,3,0,0,0,0
54728001,21,15,6,7,7,0,0,3,1,1,0,1,0,0,1,0,0,0,0,8,6,2,9,5,4,2,2,0,2,2,0,0,0,0
54728002,68,40,28,3,33,4,3,5,3,0,1,2,2,5,6,1,3,1,2,27,18,9,25,16,9,2,1,1,11,4,7,0,0,0
54728003,42,23,19,0,15,3,3,0,5,3,0,6,3,2,2,0,3,1,2,10,6,4,20,11,9,3,2,1,6,3,3,0,0,0
54728004,102,59,43,8,46,9,8,5,4,1,1,4,4,4,6,0,4,4,0,37,25,12,41,19,22,3,1,2,12,7,5,5,3,2
54728006,1274,703,571,45,624,53,87,84,63,13,10,71,76,66,54,8,92,46,46,509,298,211,444,250,194,20,7,13,153,68,85,56,34,22
54728008,38,19,19,5,17,5,0,2,2,0,0,3,0,2,1,1,2,1,1,18,13,5,12,4,8,2,0,2,4,1,3,0,0,0
54728009,15,10,5,2,6,0,1,0,2,0,0,1,1,2,0,0,0,0,0,6,4,2,4,2,2,1,1,0,4,3,1,0,0,0
54728010,109,56,53,10,38,3,10,10,10,3,1,2,4,7,7,0,7,5,2,49,27,22,33,16,17,4,3,1,15,5,10,1,0,1
56102901,64,39,25,7,21,12,6,1,0,1,1,6,2,3,3,0,5,3,2,28,18,10,20,10,10,0,0,0,10,7,3,1,1,0
56232701,149,90,59,29,45,15,12,5,2,1,3,6,12,11,6,1,2,2,0,56,38,18,51,28,23,2,0,2,33,19,14,5,3,2
1703210,0,0,0,0,0,0,0,0,0,0,0,0,0,0,0,0,0,0,0,0,0,0,0,0,0,0,0,0,0,0,0,0,0,0
3082850,0,0,0,0,0,0,0,0,0,0,0,0,0,0,0,0,0,0,0,0,0,0,0,0,0,0,0,0,0,0,0,0,0,0
54733601,12,7,5,2,4,0,0,0,0,0,0,4,1,0,0,0,0,0,0,2,2,0,6,2,4,0,0,0,4,3,1,0,0,0
54733602,166,95,71,10,46,19,15,6,13,2,2,13,8,12,13,0,4,1,3,68,43,25,54,32,22,3,0,3,33,15,18,4,4,0
54733603,378,196,182,27,73,22,46,12,29,7,6,44,27,21,44,4,8,3,5,107,61,46,159,82,77,8,1,7,89,46,43,7,3,4
54733604,27,14,13,1,12,1,3,0,1,0,1,2,0,0,4,1,3,1,2,17,9,8,6,4,2,0,0,0,1,0,1,0,0,0
54733605,14,9,5,5,2,0,0,3,2,0,0,0,2,0,0,0,3,3,0,5,4,1,2,0,2,0,0,0,2,1,1,2,1,1
54733606,60,34,26,5,12,8,4,6,5,2,2,5,2,3,4,0,2,0,2,28,22,6,23,9,14,0,0,0,6,3,3,1,0,1
54733607,7,4,3,1,2,1,0,1,0,0,0,1,0,1,0,0,0,0,0,4,4,0,2,0,2,0,0,0,1,0,1,0,0,0
54733608,60,32,28,2,8,6,8,2,8,4,0,9,3,4,6,0,1,1,0,22,13,9,25,11,14,1,0,1,11,7,4,0,0,0
54733609,110,62,48,14,27,5,8,8,11,1,1,6,8,3,15,1,6,2,4,53,36,17,37,18,19,1,1,0,13,5,8,0,0,0
54733610,113,62,51,15,17,8,10,2,10,1,1,15,8,7,13,1,5,3,2,29,16,13,41,23,18,2,0,2,34,20,14,2,0,2
54733612,201,117,84,6,33,17,30,9,22,4,2,22,14,12,15,1,10,7,3,61,41,20,75,32,43,2,1,1,52,35,17,1,1,0
54733614,431,224,207,11,87,40,56,19,43,6,5,31,24,37,58,1,10,7,3,150,93,57,177,84,93,10,6,4,73,30,43,11,4,7
54733615,18,9,9,1,2,0,1,0,1,0,0,12,0,0,1,0,0,0,0,0,0,0,4,2,2,0,0,0,14,7,7,0,0,0
54733616,53,30,23,4,7,6,5,1,5,0,1,4,2,10,5,0,0,0,0,12,8,4,23,13,10,1,0,1,17,9,8,0,0,0
54733617,393,213,180,12,75,24,61,16,36,11,9,40,14,40,44,0,12,6,6,108,70,38,147,73,74,11,4,7,110,56,54,5,4,1
54733618,103,57,46,1,14,4,9,15,14,1,1,7,4,8,9,2,4,2,2,26,18,8,39,21,18,2,1,1,21,10,11,11,5,6
54733619,1043,542,501,37,214,76,90,61,103,18,12,95,55,98,134,6,41,22,19,322,190,132,381,187,194,23,7,16,232,107,125,44,29,15
54733620,97,55,42,5,21,4,7,5,14,1,1,8,3,9,14,1,7,4,3,27,18,9,33,16,17,2,0,2,22,12,10,6,5,1
54733622,655,360,295,35,107,44,79,30,45,16,12,59,59,73,79,1,17,11,6,172,102,70,264,143,121,17,7,10,172,91,81,13,6,7
54733623,29,11,18,0,3,0,1,0,2,1,0,2,3,4,11,0,0,0,0,6,4,2,13,6,7,0,0,0,10,1,9,0,0,0
50764401,32,18,14,7,14,0,3,1,0,0,1,2,2,1,1,0,5,2,3,11,7,4,9,5,4,1,0,1,4,2,2,2,2,0
56259901,109,55,54,28,23,8,11,10,1,0,1,7,9,1,6,0,10,4,6,46,27,19,35,17,18,1,1,0,9,2,7,8,4,4
56103701,28,19,9,11,5,0,2,2,1,0,0,0,3,0,3,0,3,1,2,13,9,4,7,5,2,1,1,0,3,2,1,1,1,0
56103702,9,7,2,4,3,1,0,0,1,0,0,0,0,0,0,0,0,0,0,1,1,0,6,4,2,0,0,0,2,2,0,0,0,0
50765201,43,26,17,5,10,5,5,5,0,1,0,4,3,2,3,0,4,3,1,16,11,5,12,5,7,1,1,0,9,5,4,1,1,0
59864001,25,19,6,5,7,1,5,2,0,0,1,1,2,0,1,0,2,2,0,11,8,3,7,6,1,0,0,0,4,2,2,1,1,0
54744101,43,26,17,4,15,3,6,2,3,1,0,0,2,1,4,0,4,3,1,15,10,5,17,11,6,1,0,1,3,1,2,3,1,2
54744102,19,12,7,5,4,0,2,0,1,0,0,0,4,2,0,0,0,0,0,9,7,2,3,1,2,1,0,1,5,4,1,1,0,1
54744104,60,32,28,9,23,8,4,2,0,0,0,2,2,6,1,1,2,1,1,24,16,8,15,5,10,0,0,0,14,8,6,5,2,3
54744105,19,11,8,2,8,2,0,0,1,0,0,2,1,0,2,0,1,1,0,5,4,1,6,3,3,2,0,2,3,2,1,2,1,1
54744107,76,43,33,13,27,9,3,4,1,0,0,2,3,8,6,0,3,1,2,37,24,13,27,15,12,1,0,1,8,3,5,0,0,0
54744108,14,7,7,2,4,1,0,0,0,0,0,4,2,0,1,0,0,0,0,5,4,1,5,2,3,1,0,1,3,1,2,0,0,0
54744109,138,80,58,17,53,10,12,10,5,0,0,4,6,4,13,0,4,2,2,61,42,19,46,25,21,1,1,0,20,6,14,6,4,2
56262901,61,34,27,7,15,3,8,1,2,1,3,4,7,2,7,0,5,4,1,29,20,9,15,4,11,0,0,0,10,4,6,2,2,0
50868301,40,25,15,16,6,0,3,0,0,0,0,5,2,3,2,0,0,0,0,9,7,2,14,8,6,1,0,1,15,9,6,1,1,0
50769501,61,36,25,11,16,5,3,4,7,0,0,4,5,1,3,0,0,0,0,31,21,10,24,12,12,1,1,0,3,0,3,2,2,0
54746801,10,7,3,5,3,2,0,0,0,0,0,0,0,0,0,0,0,0,0,3,3,0,4,2,2,0,0,0,2,1,1,1,1,0
54746802,98,62,36,27,24,3,6,9,4,1,1,4,5,4,6,3,3,2,1,47,36,11,29,11,18,3,2,1,11,6,5,5,5,0
52976101,57,33,24,8,16,3,8,6,1,0,1,6,2,1,5,0,1,0,1,27,17,10,20,10,10,1,1,0,7,4,3,1,1,0
56242401,17,8,9,8,1,1,3,1,2,0,0,0,0,0,0,1,1,0,1,12,7,5,3,1,2,1,0,1,0,0,0,0,0,0
54925801,215,118,97,29,56,15,29,8,7,3,4,15,11,15,13,0,7,4,3,88,52,36,72,37,35,3,2,1,41,20,21,4,3,1
54925802,19,12,7,3,5,1,1,2,0,0,0,2,3,1,1,0,1,1,0,6,5,1,4,2,2,1,0,1,6,4,2,1,0,1
54925803,48,29,19,9,15,4,3,1,4,0,0,3,3,2,3,1,3,1,2,24,18,6,19,9,10,0,0,0,2,1,1,0,0,0
54925806,27,16,11,6,7,2,2,0,0,0,0,3,3,2,1,0,0,0,0,13,7,6,9,5,4,0,0,0,4,3,1,1,1,0
54925809,76,47,29,8,15,11,5,11,1,1,1,3,3,5,7,2,8,4,4,29,21,8,28,17,11,0,0,0,5,2,3,6,3,3
54925810,51,32,19,4,18,4,7,3,0,2,0,2,3,2,6,0,0,0,0,11,7,4,22,15,7,1,0,1,13,7,6,4,3,1
0026912,0,0,0,0,0,0,0,0,0,0,0,0,0,0,0,0,0,0,0,0,0,0,0,0,0,0,0,0,0,0,0,0,0,0
54926601,407,221,186,32,115,26,58,15,11,9,2,18,34,26,51,2,11,6,5,171,111,60,149,69,80,7,2,5,58,27,31,11,6,5
54926602,21,13,8,3,3,1,1,1,1,3,0,4,2,0,1,0,0,0,0,1,1,0,11,7,4,0,0,0,9,5,4,0,0,0
54926603,36,23,13,3,6,3,3,1,1,1,0,4,8,1,3,1,1,0,1,14,10,4,13,8,5,0,0,0,6,3,3,2,2,0
54926604,20,11,9,2,4,1,2,3,0,0,0,2,1,3,1,0,0,0,0,9,5,4,6,3,3,0,0,0,4,3,1,1,0,1
54926605,11,7,4,2,4,0,3,0,0,0,0,1,1,0,0,0,0,0,0,7,5,2,2,1,1,1,0,1,0,0,0,1,1,0
54926606,42,24,18,7,14,1,5,5,2,0,1,1,2,0,3,0,3,2,1,20,9,11,15,11,4,0,0,0,2,0,2,2,2,0
54926607,46,26,20,11,16,4,2,1,1,0,1,3,1,4,2,0,4,2,2,22,15,7,13,6,7,1,1,0,6,2,4,0,0,0
54926608,10,6,4,1,2,1,1,1,0,0,0,1,0,0,3,0,2,1,1,6,4,2,2,1,1,0,0,0,0,0,0,0,0,0
54926609,62,35,27,9,11,1,6,1,2,1,3,3,10,4,7,0,4,3,1,21,12,9,28,15,13,2,1,1,7,4,3,0,0,0
59878001,108,64,44,25,18,4,16,7,4,0,2,3,11,4,8,1,3,2,1,48,35,13,37,16,21,2,1,1,14,6,8,4,4,0
56212201,97,56,41,11,20,14,10,7,2,0,1,4,11,7,9,1,4,2,2,42,32,10,33,17,16,3,1,2,14,4,10,1,0,1
54929101,176,105,71,21,54,11,25,8,5,3,0,17,8,10,9,1,2,1,1,71,50,21,70,35,35,4,2,2,23,14,9,6,3,3
54930401,127,70,57,15,50,5,17,5,1,0,0,7,10,5,7,2,2,0,2,53,34,19,47,24,23,5,1,4,18,10,8,2,1,1
54932101,49,29,20,12,16,5,4,0,0,0,0,3,0,4,3,0,3,2,1,21,13,8,12,6,6,1,0,1,8,5,3,4,3,1
54932102,16,7,9,4,2,2,0,0,1,0,1,1,2,1,2,0,1,0,1,2,0,2,9,5,4,0,0,0,4,2,2,0,0,0
54933901,426,225,201,44,83,35,78,27,18,6,1,37,26,32,27,5,21,10,11,158,88,70,166,87,79,8,3,5,59,28,31,14,9,5
54933902,16,10,6,2,3,2,4,1,0,0,0,0,0,0,3,0,0,0,0,5,3,2,6,2,4,0,0,0,5,5,0,0,0,0
54933903,41,25,16,8,10,2,5,3,5,0,0,3,2,1,1,0,4,2,2,19,14,5,11,7,4,1,0,1,4,2,2,2,0,2
54934702,32,22,10,2,9,4,1,1,1,1,1,2,0,1,8,0,0,0,0,10,10,0,10,6,4,1,1,0,11,5,6,0,0,0
54934703,60,32,28,7,15,4,4,4,1,2,0,6,6,6,1,1,5,1,4,16,9,7,23,13,10,1,0,1,15,9,6,0,0,0
54934704,313,167,146,20,105,14,40,9,6,1,9,21,26,20,27,2,10,6,4,99,59,40,106,52,54,5,1,4,80,39,41,13,10,3
54934705,63,34,29,4,21,5,8,2,2,1,4,4,2,3,3,1,6,5,1,16,11,5,26,12,14,3,1,2,10,4,6,2,1,1
54934706,42,25,17,7,9,3,4,1,0,3,1,2,1,6,1,2,2,2,0,10,6,4,14,8,6,0,0,0,13,7,6,3,2,1
54934708,67,36,31,3,20,5,10,1,2,3,1,4,8,3,6,0,4,0,4,22,14,8,24,15,9,2,2,0,14,4,10,1,1,0
54934709,93,49,44,4,20,8,21,5,2,0,1,3,8,9,8,2,0,0,0,23,15,8,37,14,23,7,4,3,24,14,10,2,2,0
54934710,25,12,13,2,8,1,3,0,2,1,0,5,1,1,1,0,1,0,1,12,6,6,10,5,5,0,0,0,2,1,1,0,0,0
54936301,147,81,66,17,35,14,18,9,4,3,1,3,12,10,17,1,4,3,1,57,37,20,52,23,29,4,1,3,27,14,13,3,3,0
54936302,75,45,30,11,16,7,13,4,3,0,0,4,5,4,7,0,1,0,1,35,21,14,30,18,12,0,0,0,9,6,3,0,0,0
54936303,137,75,62,7,40,11,13,2,7,5,4,13,12,4,11,4,6,4,2,33,20,13,57,30,27,8,6,2,26,10,16,7,5,2
54936304,84,46,38,7,26,6,6,7,2,0,2,6,7,10,4,1,0,0,0,34,26,8,35,16,19,0,0,0,12,2,10,3,2,1
54936305,89,49,40,4,25,18,13,3,3,0,1,5,6,4,4,0,3,3,0,41,28,13,30,11,19,0,0,0,13,5,8,2,2,0
56230101,56,28,28,8,17,4,6,1,0,3,0,5,2,3,4,0,6,4,2,25,13,12,10,4,6,2,1,1,10,5,5,3,1,2
56230102,14,6,8,0,7,2,1,0,0,0,0,1,0,1,0,0,0,0,0,4,2,2,5,2,3,1,1,0,4,1,3,0,0,0
56230103,57,35,22,13,7,1,2,3,4,0,1,5,4,3,7,0,0,0,0,18,13,5,23,15,8,2,0,2,10,6,4,4,1,3
54938001,35,20,15,6,14,4,2,3,2,0,1,1,0,0,2,0,1,1,0,11,6,5,16,8,8,0,0,0,5,3,2,2,2,0
54938002,36,19,17,6,4,4,2,3,3,1,3,1,3,1,2,0,2,1,1,12,9,3,10,3,7,1,0,1,8,3,5,3,3,0
54938003,14,7,7,1,0,0,2,1,1,0,1,1,1,0,4,0,0,0,0,8,4,4,5,3,2,0,0,0,1,0,1,0,0,0
54938004,43,25,18,6,11,4,4,4,4,1,1,2,0,2,3,0,3,1,2,19,13,6,14,7,7,0,0,0,5,2,3,2,2,0
54938005,23,9,14,1,6,1,2,1,1,0,0,4,2,1,3,0,1,0,1,6,3,3,9,3,6,1,0,1,4,2,2,2,1,1
54938006,19,12,7,1,2,5,1,0,0,2,1,1,6,0,0,0,0,0,0,9,7,2,4,2,2,0,0,0,5,2,3,1,1,0
54938007,31,15,16,1,6,2,6,1,1,0,2,4,3,1,4,0,2,1,1,5,2,3,14,8,6,1,0,1,9,4,5,0,0,0
54938008,59,33,26,14,17,2,9,1,0,1,0,4,5,2,3,1,4,2,2,22,18,4,23,11,12,1,0,1,8,1,7,1,1,0
54939801,127,68,59,13,32,8,13,11,5,1,1,14,12,6,7,1,5,2,3,48,31,17,51,28,23,1,1,0,19,4,15,3,2,1
54939802,8,3,5,1,2,0,2,0,0,0,0,1,0,0,0,0,0,0,0,3,1,2,4,2,2,1,0,1,0,0,0,0,0,0
56152501,72,40,32,7,23,9,10,6,1,2,0,2,4,6,1,0,3,3,0,21,12,9,28,18,10,2,1,1,15,4,11,3,2,1
54941001,25,14,11,3,11,0,0,3,0,0,0,1,0,3,2,1,1,0,1,9,8,1,9,4,5,0,0,0,5,2,3,1,0,1
54941002,51,28,23,7,15,8,5,3,3,1,4,1,1,2,1,0,1,0,1,20,16,4,22,7,15,2,2,0,5,3,2,1,0,1
54941003,25,14,11,4,9,2,2,1,0,0,0,2,2,1,0,0,0,0,0,15,9,6,9,5,4,0,0,0,1,0,1,0,0,0
54941004,27,14,13,3,5,3,1,2,0,2,0,3,1,2,4,1,0,0,0,9,6,3,10,5,5,0,0,0,8,3,5,0,0,0
54942801,112,70,42,16,32,13,8,15,2,1,1,8,2,4,7,2,3,3,0,57,44,13,39,16,23,0,0,0,10,6,4,3,1,2
54942802,11,7,4,1,1,2,1,0,0,1,1,1,1,0,1,1,0,0,0,2,1,1,5,3,2,2,1,1,2,2,0,0,0,0
54942803,40,22,18,3,12,6,6,2,1,0,1,3,1,0,3,0,3,1,2,20,14,6,13,5,8,0,0,0,4,2,2,0,0,0
54942804,58,35,23,11,10,8,8,6,1,0,3,2,3,2,2,1,1,1,0,36,23,13,20,10,10,0,0,0,1,1,0,0,0,0
54945201,230,133,97,39,58,24,19,7,11,4,5,11,13,21,8,3,8,4,4,89,64,25,92,41,51,4,1,3,27,16,11,10,7,3
54945203,30,18,12,2,10,5,3,1,1,0,0,3,1,3,0,0,0,0,0,9,8,1,14,6,8,2,0,2,3,2,1,2,2,0
54945204,24,13,11,3,7,2,1,1,1,0,1,1,2,2,2,0,1,0,1,10,8,2,6,1,5,2,2,0,5,2,3,0,0,0
54945207,44,28,16,5,14,8,3,1,3,0,0,3,2,1,0,0,0,0,0,21,14,7,14,7,7,1,1,0,7,6,1,1,0,1
54945208,25,14,11,6,5,2,3,0,0,0,0,1,1,4,3,0,0,0,0,3,3,0,15,9,6,1,0,1,5,2,3,1,0,1
54945209,17,10,7,2,6,0,3,0,1,0,0,0,2,1,2,0,0,0,0,8,5,3,7,4,3,0,0,0,2,1,1,0,0,0
54945210,17,7,10,1,5,2,3,1,1,0,0,0,0,1,1,1,1,0,1,6,4,2,6,2,4,0,0,0,4,1,3,0,0,0
54945211,17,11,6,3,8,1,1,0,0,0,0,1,0,2,1,0,0,0,0,10,6,4,5,3,2,0,0,0,0,0,0,2,2,0
54945212,13,8,5,4,6,1,1,0,0,0,0,1,0,0,0,0,0,0,0,8,6,2,3,1,2,0,0,0,2,1,1,0,0,0
54945213,50,32,18,12,6,11,5,0,1,1,0,2,2,2,6,1,2,1,1,26,19,7,18,9,9,1,1,0,2,1,1,1,1,0
54945214,12,7,5,2,5,3,0,0,0,0,0,0,1,1,0,0,0,0,0,8,6,2,2,0,2,0,0,0,1,0,1,1,1,0
54945220,9,7,2,5,0,2,0,1,0,0,0,0,1,0,0,0,0,0,0,3,3,0,6,4,2,0,0,0,0,0,0,0,0,0
54947901,37,19,18,4,5,1,3,0,5,1,0,3,9,2,4,0,1,1,0,12,7,5,17,9,8,1,1,0,5,1,4,1,0,1
54947902,68,36,32,10,18,2,3,3,10,0,0,4,10,0,5,0,4,2,2,31,18,13,25,13,12,0,0,0,6,3,3,2,0,2
54947903,22,12,10,0,6,1,5,1,0,0,0,2,3,2,2,0,2,2,0,6,4,2,8,3,5,0,0,0,6,3,3,0,0,0
56208401,57,37,20,14,9,5,7,1,4,1,1,7,1,2,3,0,3,1,2,20,17,3,21,12,9,1,0,1,9,4,5,3,3,0
54948701,129,74,55,11,40,9,15,6,1,1,1,3,12,7,12,2,1,1,0,51,33,18,45,24,21,3,1,2,24,11,13,5,4,1
54948702,120,72,48,18,33,13,10,6,4,2,0,9,7,4,8,2,4,3,1,55,36,19,38,19,19,1,0,1,11,6,5,11,8,3
54948703,23,13,10,2,7,0,1,3,0,0,1,4,0,0,2,0,0,0,0,7,6,1,12,5,7,0,0,0,4,2,2,0,0,0
54948704,62,39,23,3,16,12,9,6,1,0,1,5,6,1,1,0,5,4,1,24,20,4,21,9,12,2,1,1,8,3,5,2,2,0
54948705,41,21,20,2,14,1,6,2,1,3,1,1,2,1,3,0,1,1,0,10,7,3,16,6,10,2,0,2,9,5,4,3,2,1
54949501,18,11,7,2,8,1,0,1,0,0,0,0,1,2,3,0,1,1,0,8,6,2,6,3,3,0,0,0,3,1,2,0,0,0
54949502,261,148,113,30,73,22,34,11,4,6,7,13,22,16,17,1,9,5,4,99,67,32,91,48,43,9,3,6,37,14,23,16,11,5
54949504,27,15,12,2,8,2,7,0,0,0,1,1,1,0,4,0,1,1,0,4,4,0,16,8,8,0,0,0,4,1,3,2,1,1
54950901,113,62,51,18,29,7,8,13,7,3,1,5,11,2,7,1,6,2,4,47,33,14,43,18,25,2,1,1,9,3,6,6,5,1
54950902,25,15,10,7,9,1,3,1,0,0,1,0,2,0,0,1,2,1,1,11,7,4,9,5,4,0,0,0,2,1,1,1,1,0
54950903,35,21,14,17,5,1,1,0,1,0,0,2,2,2,2,2,3,1,2,17,12,5,6,3,3,1,1,0,7,3,4,1,1,0
54950904,23,13,10,3,5,2,4,0,0,1,1,4,2,0,1,0,0,0,0,10,7,3,8,2,6,0,0,0,5,4,1,0,0,0
1898710,0,0,0,0,0,0,0,0,0,0,0,0,0,0,0,0,0,0,0,0,0,0,0,0,0,0,0,0,0,0,0,0,0,0
54951701,13,8,5,0,8,1,2,0,0,0,0,0,1,0,0,0,1,0,1,7,5,2,4,2,2,0,0,0,1,1,0,0,0,0
54951702,21,13,8,6,7,3,3,0,0,1,0,1,0,0,0,0,0,0,0,8,6,2,8,3,5,2,1,1,2,2,0,1,1,0
54951704,10,5,5,3,1,2,0,0,0,1,0,1,1,1,0,0,0,0,0,0,0,0,4,2,2,0,0,0,5,2,3,1,1,0
54951705,356,196,160,41,102,32,29,14,7,5,4,24,22,28,37,0,12,6,6,140,89,51,120,63,57,8,2,6,64,27,37,12,9,3
54951706,40,22,18,9,11,4,5,3,1,0,0,2,2,0,1,1,2,1,1,20,14,6,9,3,6,1,0,1,7,4,3,1,0,1
54951708,5,3,2,1,3,0,0,0,0,0,0,0,0,0,0,0,0,0,0,3,2,1,1,0,1,0,0,0,0,0,0,1,1,0
54951709,21,15,6,5,8,0,2,1,0,0,1,1,1,2,0,0,1,0,1,6,4,2,9,8,1,2,1,1,3,2,1,0,0,0
54951710,21,15,6,6,7,0,1,0,0,0,0,1,2,2,1,0,1,0,1,10,9,1,6,3,3,1,1,0,3,2,1,0,0,0
54951713,20,11,9,2,2,2,2,2,1,1,2,0,3,0,1,0,0,0,0,9,6,3,6,3,3,0,0,0,5,2,3,0,0,0
54951714,34,18,16,4,13,2,2,2,2,1,0,1,4,1,2,0,3,2,1,14,7,7,9,5,4,0,0,0,3,1,2,5,3,2
54951715,67,38,29,14,19,3,2,2,4,2,0,3,4,9,2,0,2,0,2,39,27,12,14,6,8,0,0,0,8,2,6,4,3,1
54951717,59,33,26,10,12,9,7,1,0,0,2,4,1,3,4,0,1,0,1,29,21,8,19,10,9,1,0,1,7,1,6,2,1,1
54951718,13,8,5,1,4,1,1,0,1,1,0,2,1,1,0,0,2,2,0,7,4,3,3,1,2,0,0,0,0,0,0,1,1,0
54951719,7,6,1,1,2,1,0,0,1,0,0,1,0,0,0,1,0,0,0,2,2,0,2,2,0,0,0,0,3,2,1,0,0,0
54951721,9,5,4,1,5,0,0,0,0,0,0,1,1,1,0,0,0,0,0,2,2,0,4,2,2,0,0,0,3,1,2,0,0,0
56155001,24,15,9,5,4,0,0,0,4,1,0,1,3,1,1,0,0,0,0,9,6,3,6,4,2,0,0,0,9,5,4,0,0,0
54952501,70,35,35,11,14,5,5,6,5,1,0,5,4,7,7,0,8,2,6,21,12,9,27,15,12,0,0,0,12,4,8,2,2,0
54952502,32,17,15,10,7,0,2,1,0,0,1,3,3,2,2,1,6,5,1,8,4,4,10,4,6,0,0,0,7,4,3,1,0,1
56218101,87,50,37,4,25,6,12,14,2,1,2,7,2,2,9,0,3,3,0,41,26,15,22,10,12,4,2,2,16,8,8,1,1,0
50975201,49,31,18,6,13,4,5,2,0,3,0,2,4,4,4,1,3,2,1,15,9,6,22,17,5,0,0,0,7,2,5,2,1,1
54954101,93,54,39,24,15,11,8,5,7,1,2,6,4,3,5,0,3,2,1,50,36,14,28,10,18,2,1,1,5,1,4,5,4,1
59880102,31,19,12,12,6,3,1,1,0,1,0,1,2,1,0,0,3,0,3,18,13,5,6,3,3,1,1,0,2,1,1,1,1,0
59880103,11,6,5,1,2,0,3,0,0,0,0,1,1,0,2,0,0,0,0,3,2,1,6,3,3,0,0,0,1,0,1,1,1,0
54956801,116,66,50,12,46,6,13,8,6,0,0,9,7,1,3,1,13,7,6,61,43,18,31,12,19,0,0,0,6,1,5,5,3,2
54956802,31,16,15,5,9,4,5,2,1,0,1,1,0,0,3,0,1,1,0,19,9,10,7,5,2,1,0,1,3,1,2,0,0,0
54957601,41,27,14,6,17,6,4,2,2,0,1,1,0,1,1,0,6,5,1,26,19,7,7,2,5,0,0,0,2,1,1,0,0,0
54957602,13,9,4,1,6,3,2,0,0,0,0,0,0,1,0,0,0,0,0,7,4,3,3,2,1,0,0,0,1,1,0,2,2,0
54957603,19,11,8,5,3,2,3,1,0,0,0,0,2,2,0,0,0,0,0,10,8,2,7,3,4,0,0,0,2,0,2,0,0,0
54957604,11,5,6,2,2,1,1,0,1,0,0,1,1,2,0,0,0,0,0,5,4,1,3,0,3,1,0,1,2,1,1,0,0,0
54957605,40,26,14,5,7,7,3,4,3,0,0,4,1,1,4,1,1,1,0,18,13,5,16,9,7,0,0,0,3,1,2,2,2,0
54957606,71,38,33,9,24,4,9,1,1,0,1,5,3,3,4,3,7,4,3,25,15,10,29,12,17,2,1,1,7,5,2,1,1,0
54957607,19,10,9,2,6,3,0,0,0,0,0,2,0,3,3,0,1,1,0,2,2,0,6,3,3,1,0,1,9,4,5,0,0,0
54957608,1154,631,523,44,413,99,123,54,37,22,13,80,45,73,97,13,51,26,25,449,272,177,398,212,186,38,16,22,167,66,101,51,39,12
54957609,721,392,329,20,206,75,82,32,24,18,9,44,38,69,66,10,17,8,9,230,147,83,287,148,139,19,6,13,153,73,80,15,10,5
54957610,74,41,33,1,19,5,7,1,2,2,0,5,8,13,8,0,3,1,2,14,8,6,40,23,17,1,0,1,15,8,7,1,1,0
54957611,21,11,10,3,3,5,1,1,1,0,0,0,0,1,4,0,0,0,0,5,4,1,7,3,4,0,0,0,8,3,5,1,1,0
54957613,217,122,95,10,58,28,28,4,5,2,3,28,17,11,12,4,5,4,1,64,43,21,97,46,51,8,3,5,38,21,17,5,5,0
54957614,722,391,331,33,207,77,102,25,26,13,11,55,36,31,51,17,38,16,22,278,169,109,260,130,130,11,5,6,96,45,51,39,26,13
54957615,384,212,172,13,133,34,37,13,19,9,3,26,28,19,28,4,7,4,3,132,80,52,162,83,79,9,4,5,69,39,30,5,2,3
54957616,185,104,81,6,59,19,20,7,6,4,3,9,7,19,17,2,4,0,4,52,32,20,60,32,28,4,1,3,44,21,23,21,18,3
56214901,13,8,5,2,2,1,2,0,0,3,0,1,2,0,0,0,1,0,1,6,5,1,3,2,1,1,0,1,2,1,1,0,0,0
54958402,34,21,13,3,9,3,5,3,1,0,0,3,1,2,2,0,3,2,1,13,9,4,13,9,4,0,0,0,4,1,3,1,0,1
54958403,20,12,8,4,4,1,4,1,1,2,0,1,0,2,0,0,1,0,1,3,2,1,8,5,3,2,1,1,5,3,2,1,1,0
54958404,466,271,195,42,140,55,48,26,18,5,9,28,17,28,35,1,38,22,16,210,141,69,150,76,74,8,1,7,49,23,26,11,8,3
54958405,18,9,9,1,2,2,0,1,2,4,0,0,0,1,0,0,2,2,0,2,0,2,4,3,1,0,0,0,10,4,6,0,0,0
54958408,35,23,12,5,15,3,2,2,2,0,0,1,0,3,1,1,4,1,3,13,12,1,7,4,3,1,1,0,7,2,5,3,3,0
54959201,30,20,10,3,10,1,4,2,0,3,0,2,1,0,3,0,3,2,1,15,12,3,8,5,3,0,0,0,3,0,3,1,1,0
54959203,23,10,13,0,7,2,6,0,0,0,0,4,0,2,2,0,1,1,0,9,6,3,7,3,4,0,0,0,5,0,5,1,0,1
54959204,613,354,259,32,231,46,87,31,15,13,3,45,37,26,26,3,30,16,14,246,166,80,220,112,108,13,5,8,52,22,30,52,33,19
54959205,10,5,5,2,4,0,0,1,1,0,0,0,0,0,0,1,1,1,0,4,0,4,4,3,1,0,0,0,0,0,0,1,1,0
54959206,46,27,19,10,22,1,5,0,2,1,0,1,1,0,1,1,3,2,1,14,9,5,22,13,9,1,1,0,4,1,3,2,1,1
54959207,19,11,8,4,9,0,0,2,0,1,0,1,0,0,1,0,1,1,0,9,4,5,8,5,3,0,0,0,0,0,0,1,1,0
54959209,20,12,8,5,7,0,3,0,2,0,1,2,0,0,0,0,0,0,0,10,6,4,4,3,1,0,0,0,2,0,2,4,3,1
54960601,18,10,8,4,4,2,0,3,0,1,0,1,0,0,0,0,1,0,1,9,6,3,5,2,3,0,0,0,1,1,0,2,1,1
54960602,32,14,18,2,12,1,5,0,0,0,2,1,4,2,0,0,4,2,2,11,5,6,9,4,5,2,1,1,6,2,4,0,0,0
54960603,17,10,7,2,9,0,1,0,0,1,1,2,1,0,0,0,0,0,0,6,3,3,6,3,3,0,0,0,5,4,1,0,0,0
54960606,44,26,18,20,13,1,2,1,0,1,0,2,2,0,2,0,1,0,1,25,16,9,11,6,5,0,0,0,5,3,2,2,1,1
54961401,36,21,15,3,12,2,4,1,1,1,0,6,0,3,1,1,4,3,1,17,11,6,5,1,4,0,0,0,8,5,3,2,1,1
56215701,38,22,16,2,7,4,6,0,2,0,0,6,4,2,2,0,2,1,1,12,9,3,15,5,10,4,3,1,4,3,1,1,1,0
56215702,12,8,4,3,2,0,4,0,0,1,0,0,0,2,0,0,0,0,0,3,2,1,5,3,2,0,0,0,1,0,1,3,3,0
54965701,38,24,14,9,6,3,3,2,0,0,1,0,9,2,3,0,2,1,1,18,12,6,10,5,5,0,0,0,8,6,2,0,0,0
54965702,17,6,11,3,5,2,0,1,2,0,0,0,0,1,0,1,2,0,2,9,3,6,4,2,2,1,0,1,1,1,0,0,0,0
52987701,37,19,18,5,11,5,5,0,0,0,0,6,0,1,2,0,1,1,0,10,6,4,16,6,10,1,0,1,9,6,3,0,0,0
56219001,67,34,33,9,13,5,6,2,4,3,2,4,7,2,7,1,5,3,2,21,14,7,23,9,14,2,0,2,14,7,7,2,1,1
54968101,11,5,6,6,2,0,0,0,1,0,0,0,0,1,1,0,2,1,1,5,2,3,0,0,0,0,0,0,4,2,2,0,0,0
54968103,38,26,12,10,3,4,7,3,1,0,2,2,2,1,2,0,0,0,0,16,13,3,21,12,9,0,0,0,1,1,0,0,0,0
54968104,81,37,44,11,23,3,7,5,11,0,2,5,3,6,3,1,8,3,5,38,22,16,24,7,17,3,1,2,7,4,3,1,0,1
59882801,72,44,28,20,13,10,8,6,2,0,0,5,2,2,2,0,2,2,0,37,22,15,16,9,7,3,1,2,12,9,3,2,1,1
54970301,126,68,58,31,15,12,9,10,6,1,4,5,8,11,9,0,8,4,4,44,26,18,57,31,26,2,0,2,12,4,8,3,3,0
54970302,39,26,13,4,14,3,7,3,0,0,0,1,1,1,3,0,3,1,2,20,14,6,12,8,4,0,0,0,3,2,1,1,1,0
54971102,100,69,31,14,37,6,5,6,5,1,0,6,6,2,8,1,11,6,5,45,35,10,23,15,8,2,1,1,11,5,6,8,7,1
54971103,64,38,26,13,18,2,3,2,0,1,0,4,6,3,6,3,5,3,2,23,17,6,22,11,11,2,0,2,10,6,4,2,1,1
56225401,7,7,0,0,5,0,0,1,0,0,0,1,0,0,0,0,2,2,0,2,2,0,3,3,0,0,0,0,0,0,0,0,0,0
56225402,77,40,37,14,25,4,10,6,5,0,0,1,1,5,4,0,3,3,0,31,18,13,27,12,15,0,0,0,13,5,8,3,2,1
3083070,0,0,0,0,0,0,0,0,0,0,0,0,0,0,0,0,0,0,0,0,0,0,0,0,0,0,0,0,0,0,0,0,0,0
3350110,0,0,0,0,0,0,0,0,0,0,0,0,0,0,0,0,0,0,0,0,0,0,0,0,0,0,0,0,0,0,0,0,0,0
54924001,35,24,11,1,19,0,2,0,0,0,0,11,0,1,0,0,3,1,2,10,7,3,4,4,0,2,1,1,6,4,2,10,7,3
54924003,53,28,25,2,12,2,7,2,3,0,2,4,2,7,7,0,1,1,0,7,4,3,17,9,8,0,0,0,28,14,14,0,0,0
54924004,997,523,474,23,298,53,105,43,39,27,18,97,60,81,106,9,32,13,19,259,149,110,362,185,177,22,12,10,286,144,142,36,20,16
54924005,52,28,24,7,14,3,7,3,2,0,0,5,4,3,3,1,7,3,4,20,13,7,15,9,6,2,1,1,4,2,2,4,0,4
54924006,226,120,106,16,66,21,26,13,10,0,4,16,17,14,18,2,6,1,5,75,54,21,90,41,49,5,3,2,44,18,26,6,3,3
54924008,315,171,144,13,83,30,36,17,10,5,10,23,17,23,32,5,15,9,6,89,58,31,129,71,58,8,2,6,68,28,40,6,3,3
54924009,527,313,214,15,148,27,66,22,34,16,8,61,20,22,46,7,39,26,13,145,96,49,170,85,85,15,7,8,96,56,40,62,43,19
54924010,1208,621,587,22,361,79,138,50,39,27,22,91,75,108,124,15,87,46,41,329,190,139,418,195,223,32,16,16,291,142,149,51,32,19
54924011,9,7,2,0,3,0,0,0,3,0,0,1,1,0,0,0,4,3,1,3,2,1,1,1,0,0,0,0,1,1,0,0,0,0
54924012,92,53,39,1,22,7,13,6,5,3,1,4,5,8,15,0,1,1,0,31,20,11,36,17,19,4,2,2,20,13,7,0,0,0
54924013,51,29,22,3,13,4,12,2,2,2,1,5,1,2,4,0,1,1,0,16,11,5,18,10,8,2,1,1,13,6,7,1,0,1
54924014,123,90,33,3,77,6,7,6,4,1,1,8,1,5,1,1,9,7,2,30,26,4,45,27,18,2,1,1,13,7,6,24,22,2
54924015,978,522,456,26,255,41,114,47,50,29,19,89,53,81,123,2,38,22,16,227,144,83,360,185,175,35,15,20,283,135,148,35,21,14
54924016,48,36,12,0,21,0,8,0,2,0,1,12,2,0,2,0,6,4,2,7,5,2,12,8,4,0,0,0,4,3,1,19,16,3
54924017,835,451,384,27,212,51,88,38,17,14,16,74,60,69,122,7,22,17,5,211,130,81,310,152,158,16,8,8,266,140,126,10,4,6
54924018,1650,863,787,48,480,96,209,79,55,45,35,133,113,123,167,11,66,37,29,487,287,200,663,324,339,38,15,23,335,167,168,61,33,28
54924019,303,150,153,12,83,17,45,7,18,8,6,22,15,21,33,2,8,4,4,73,40,33,101,52,49,9,3,6,106,48,58,6,3,3
54924020,1450,753,697,39,490,87,134,68,56,21,23,122,88,100,158,8,102,53,49,394,229,165,550,264,286,27,14,13,303,141,162,74,52,22
54924021,1895,1017,878,41,545,125,213,76,69,63,40,156,141,154,170,20,102,60,42,503,316,187,765,370,395,41,22,19,411,205,206,73,44,29
54924022,24,14,10,8,3,1,3,0,0,1,0,3,0,1,2,0,1,1,0,7,4,3,11,6,5,1,0,1,3,2,1,1,1,0
54924023,31,16,15,2,3,5,1,1,6,0,2,3,0,4,4,0,2,2,0,6,3,3,14,4,10,0,0,0,9,7,2,0,0,0
54924024,96,52,44,1,30,4,22,6,5,2,0,4,5,6,8,1,10,5,5,13,9,4,37,20,17,3,1,2,21,9,12,12,8,4
54924025,413,215,198,11,125,28,49,17,12,12,10,49,18,24,38,7,33,23,10,84,47,37,152,64,88,12,5,7,95,50,45,37,26,11
54924026,169,119,50,0,144,3,7,0,0,0,1,8,3,2,0,1,6,2,4,18,15,3,61,41,20,11,7,4,29,21,8,44,33,11
54924027,2234,1139,1095,44,792,104,260,116,96,45,41,148,150,164,177,14,173,98,75,728,389,339,823,384,439,63,36,27,347,171,176,100,61,39
54924028,823,425,398,13,216,43,115,23,28,26,24,75,65,81,80,6,28,11,17,149,96,53,356,172,184,17,9,8,257,127,130,16,10,6
54975401,110,70,40,22,28,12,11,5,4,4,0,5,8,2,5,3,7,2,5,47,35,12,34,23,11,0,0,0,12,3,9,10,7,3
54975402,41,22,19,4,10,5,9,0,2,2,0,4,0,3,2,0,1,0,1,22,15,7,12,4,8,0,0,0,6,3,3,0,0,0
54975404,23,16,7,3,9,3,0,0,0,0,0,0,5,2,0,1,2,2,0,13,10,3,5,2,3,1,1,0,2,1,1,0,0,0
56150901,31,17,14,8,3,3,2,0,3,0,0,3,5,0,2,0,3,1,2,16,10,6,9,3,6,0,0,0,2,2,0,1,1,0
54977101,48,28,20,5,16,5,2,2,5,0,0,5,3,1,0,1,1,1,0,21,14,7,16,7,9,1,0,1,4,2,2,5,4,1
54977102,110,71,39,21,24,11,8,11,3,3,2,10,4,5,5,1,3,2,1,47,31,16,26,16,10,0,0,0,19,11,8,15,11,4
54977103,50,28,22,6,15,4,4,5,1,2,1,1,1,4,3,1,1,0,1,22,14,8,19,11,8,2,0,2,3,2,1,3,1,2
54977104,66,42,24,9,26,5,4,4,3,1,1,4,3,2,1,1,1,1,0,24,16,8,27,14,13,1,1,0,7,4,3,6,6,0
54977105,20,13,7,3,5,1,0,0,0,3,0,2,0,1,4,0,0,0,0,7,6,1,4,2,2,0,0,0,7,3,4,2,2,0
54977106,129,71,58,8,46,10,21,10,3,0,4,5,8,1,9,1,4,4,0,52,28,24,48,26,22,2,0,2,16,7,9,7,6,1
54977107,47,24,23,2,10,3,6,4,4,2,0,3,3,4,5,0,1,0,1,10,7,3,21,9,12,0,0,0,14,7,7,1,1,0
54977108,74,42,32,9,29,5,13,6,0,0,0,3,2,3,2,1,10,4,6,25,16,9,31,17,14,0,0,0,5,2,3,3,3,0
54977109,1729,963,766,116,535,139,196,157,57,25,13,91,83,121,123,24,131,74,57,666,425,241,585,277,308,30,10,20,229,110,119,88,67,21
56151701,67,46,21,15,15,11,3,4,2,0,1,3,1,5,3,1,1,1,0,35,28,7,20,12,8,1,1,0,6,2,4,4,2,2
50962101,31,21,10,5,5,4,1,1,1,1,0,0,2,2,5,1,0,0,0,12,10,2,13,8,5,1,1,0,5,2,3,0,0,0
50962102,45,21,24,7,10,3,9,0,0,0,0,0,4,5,4,0,3,1,2,14,10,4,19,9,10,2,0,2,6,1,5,1,0,1
50962103,49,26,23,5,10,5,3,4,1,1,0,7,3,3,3,0,2,2,0,22,15,7,18,7,11,2,1,1,5,1,4,0,0,0
50962104,29,16,13,6,9,3,8,0,0,1,0,2,0,0,0,0,1,1,0,9,5,4,12,7,5,1,0,1,5,3,2,1,0,1
50962106,24,15,9,0,4,2,4,1,0,0,3,1,1,0,6,0,0,0,0,3,3,0,12,8,4,2,2,0,5,1,4,2,1,1
50962107,42,21,21,2,12,7,3,3,0,0,1,4,3,4,2,0,3,1,2,17,11,6,18,8,10,0,0,0,4,1,3,0,0,0
50962108,14,7,7,0,4,0,1,0,0,1,0,3,2,0,3,0,0,0,0,5,2,3,6,4,2,1,0,1,2,1,1,0,0,0
50962109,53,27,26,7,12,4,7,5,2,1,0,2,2,2,5,1,4,3,1,23,14,9,19,9,10,2,0,2,2,0,2,3,1,2
54979701,24,15,9,6,11,3,0,0,2,0,0,1,0,0,0,0,0,0,0,17,11,6,4,2,2,1,1,0,0,0,0,2,1,1
54979703,86,49,37,8,30,5,15,6,2,1,1,4,3,4,4,1,1,0,1,41,28,13,26,16,10,4,0,4,10,3,7,4,2,2
54979704,25,14,11,6,8,1,2,1,0,1,0,0,0,3,2,1,2,2,0,6,5,1,12,4,8,0,0,0,2,1,1,3,2,1
54980101,203,112,91,13,58,16,27,11,5,2,3,17,13,21,9,2,8,3,5,76,51,25,69,33,36,3,2,1,36,14,22,11,9,2
54980102,66,35,31,3,16,6,5,6,0,3,0,2,8,5,9,0,0,0,0,27,16,11,18,8,10,1,0,1,18,10,8,2,1,1
56206801,94,49,45,23,21,3,13,4,2,1,1,4,6,5,8,0,4,3,1,41,21,20,28,15,13,2,1,1,17,7,10,2,2,0
54982701,122,65,57,6,35,8,17,10,1,2,1,7,14,6,10,0,6,1,5,60,40,20,34,16,18,1,0,1,20,7,13,1,1,0
54982702,44,25,19,8,11,4,7,3,1,0,0,3,2,2,1,1,3,0,3,15,10,5,15,9,6,1,0,1,6,2,4,4,4,0
54982703,24,13,11,7,3,1,4,1,1,0,0,5,0,0,1,0,3,0,3,12,8,4,5,2,3,0,0,0,2,1,1,2,2,0
54984301,90,53,37,10,22,10,8,4,2,2,1,6,7,10,5,1,2,2,0,34,24,10,28,16,12,7,3,4,17,7,10,2,1,1
54984302,557,315,242,45,170,66,54,32,18,5,6,23,38,41,37,2,18,7,11,199,133,66,201,106,95,18,7,11,97,44,53,24,18,6
54985101,131,76,55,12,32,10,19,16,1,1,2,8,8,6,11,1,5,2,3,52,33,19,44,28,16,4,3,1,20,7,13,6,3,3
54985102,16,6,10,2,2,1,2,1,0,0,0,2,0,1,2,0,0,0,0,4,2,2,9,3,6,0,0,0,3,1,2,0,0,0
54986001,34,19,15,5,9,2,2,3,1,0,1,3,4,2,2,0,0,0,0,8,5,3,17,7,10,0,0,0,7,5,2,2,2,0
54986002,40,22,18,9,14,2,4,2,0,0,0,3,4,1,1,0,3,1,2,15,12,3,16,6,10,1,0,1,3,2,1,2,1,1
54986003,12,7,5,1,3,2,2,1,2,0,0,0,0,1,0,0,0,0,0,9,5,4,3,2,1,0,0,0,0,0,0,0,0,0
54986004,81,50,31,16,21,12,5,4,3,0,0,5,6,1,3,2,9,5,4,32,25,7,32,16,16,0,0,0,6,3,3,2,1,1
54986005,18,12,6,2,9,1,0,1,0,0,1,1,2,0,1,0,2,0,2,9,9,0,7,3,4,0,0,0,0,0,0,0,0,0
54987801,104,58,46,18,22,4,12,5,3,1,1,8,6,13,9,0,8,6,2,37,25,12,33,15,18,3,1,2,21,10,11,2,1,1
54987803,17,7,10,1,2,1,4,0,0,2,0,2,1,2,1,0,0,0,0,2,1,1,2,0,2,0,0,0,12,6,6,1,0,1
52988501,33,22,11,6,13,0,4,2,0,0,0,2,3,2,0,0,0,0,0,16,12,4,13,9,4,1,0,1,2,1,1,1,0,1
54993201,15,10,5,4,4,2,0,0,1,0,0,3,0,0,0,0,1,1,0,8,6,2,2,0,2,0,0,0,3,2,1,1,1,0
54993202,65,38,27,13,11,7,14,6,1,1,2,4,2,0,2,0,2,1,1,30,21,9,26,11,15,1,1,0,5,3,2,1,1,0
56227101,60,30,30,0,19,6,6,7,0,1,1,3,2,4,8,1,4,1,3,23,17,6,25,10,15,1,0,1,3,0,3,4,2,2
1916042,0,0,0,0,0,0,0,0,0,0,0,0,0,0,0,0,0,0,0,0,0,0,0,0,0,0,0,0,0,0,0,0,0,0
56221101,34,18,16,7,5,3,4,4,3,0,0,2,0,1,2,0,2,2,0,15,10,5,14,6,8,0,0,0,1,0,1,2,0,2
56221103,35,21,14,6,10,2,1,1,2,1,0,2,2,2,2,0,3,1,2,18,13,5,8,3,5,0,0,0,6,4,2,0,0,0
56221105,7,2,5,1,1,0,0,0,4,0,0,1,0,0,0,0,0,0,0,1,0,1,5,1,4,0,0,0,1,1,0,0,0,0
56221106,12,8,4,3,2,3,1,1,1,0,0,0,1,0,0,0,1,0,1,9,6,3,2,2,0,0,0,0,0,0,0,0,0,0
54997501,40,27,13,5,16,4,0,1,1,0,0,4,5,1,3,0,6,4,2,18,15,3,14,7,7,0,0,0,1,0,1,1,1,0
54997502,54,29,25,10,15,4,1,2,2,0,0,9,3,1,4,1,5,4,1,22,11,11,15,8,7,1,1,0,7,3,4,4,2,2
59884401,30,19,11,10,7,1,4,2,0,1,1,1,1,1,1,0,0,0,0,8,4,4,14,10,4,2,1,1,1,0,1,5,4,1
59884404,82,43,39,19,17,5,9,6,2,3,1,4,2,7,6,0,6,4,2,36,25,11,26,8,18,2,0,2,6,2,4,6,4,2
59885201,16,8,8,3,4,2,1,0,0,0,1,1,0,0,4,0,1,0,1,8,5,3,5,2,3,0,0,0,2,1,1,0,0,0
59885202,18,11,7,5,6,1,4,0,0,0,0,0,2,0,0,0,0,0,0,15,9,6,3,2,1,0,0,0,0,0,0,0,0,0
59885203,21,13,8,4,6,1,3,0,2,1,1,1,1,0,0,0,1,0,1,12,9,3,5,2,3,0,0,0,1,1,0,2,1,1
56228902,10,5,5,3,0,0,1,0,0,1,0,3,2,0,0,0,1,0,1,3,2,1,3,2,1,0,0,0,3,1,2,0,0,0
56228903,17,10,7,2,4,2,1,1,0,0,1,1,0,1,1,0,0,0,0,5,3,2,7,3,4,1,1,0,2,1,1,2,2,0
56228904,11,9,2,2,3,2,1,1,0,0,0,0,0,1,1,0,1,1,0,5,4,1,2,1,1,0,0,0,2,2,0,1,1,0
1857361,0,0,0,0,0,0,0,0,0,0,0,0,0,0,0,0,0,0,0,0,0,0,0,0,0,0,0,0,0,0,0,0,0,0
54999101,38,23,15,6,12,1,2,2,0,0,0,2,2,7,3,0,1,1,0,16,10,6,15,10,5,0,0,0,6,2,4,0,0,0
54999102,119,71,48,2,42,6,14,7,12,2,0,3,10,4,8,2,10,7,3,42,28,14,45,22,23,1,1,0,14,9,5,7,4,3
55000101,60,35,25,10,17,5,6,1,1,1,0,3,3,3,8,0,4,3,1,23,15,8,22,12,10,0,0,0,6,3,3,5,2,3
55000102,18,9,9,3,4,2,1,0,0,0,0,1,1,3,2,0,2,1,1,4,3,1,9,4,5,0,0,0,2,1,1,1,0,1
55000103,15,9,6,1,4,2,1,1,0,0,1,2,2,0,0,0,1,1,0,5,5,0,6,3,3,0,0,0,3,0,3,0,0,0
55002701,49,27,22,5,13,4,5,3,0,3,2,3,4,1,5,0,5,2,3,16,12,4,16,8,8,0,0,0,11,5,6,1,0,1
55002702,35,22,13,7,9,3,1,4,1,0,0,4,3,0,1,1,3,3,0,9,5,4,13,8,5,1,0,1,5,3,2,4,3,1
55002703,51,28,23,13,16,4,5,1,2,0,0,2,3,2,3,0,4,3,1,23,11,12,17,10,7,2,1,1,4,2,2,1,1,0
55002704,179,105,74,17,43,24,26,10,7,1,1,13,13,7,13,2,6,5,1,73,44,29,68,41,27,5,1,4,20,10,10,7,4,3
55002705,28,16,12,1,10,0,4,3,0,0,0,1,3,1,2,0,1,0,1,9,7,2,12,7,5,0,0,0,5,2,3,1,0,1
55002706,29,13,16,5,5,5,4,0,0,0,0,3,0,3,4,0,0,0,0,10,7,3,10,4,6,2,0,2,7,2,5,0,0,0
55003501,155,86,69,17,51,16,18,5,5,0,5,8,10,4,13,1,5,1,4,72,51,21,53,22,31,4,2,2,17,7,10,4,3,1
55004303,51,30,21,5,11,5,2,1,3,0,0,2,5,0,14,1,14,8,6,13,7,6,12,6,6,0,0,0,5,3,2,7,6,1
55006001,46,30,16,19,10,4,5,0,0,0,0,4,0,2,1,0,4,3,1,21,14,7,15,10,5,0,0,0,6,3,3,0,0,0
55006003,29,20,9,5,8,5,1,0,1,0,0,3,1,1,2,0,1,1,0,9,8,1,13,7,6,1,1,0,5,3,2,0,0,0
55006004,64,39,25,7,12,7,8,2,2,0,0,7,5,2,2,3,4,3,1,26,16,10,18,10,8,2,0,2,12,8,4,2,2,0
55006005,25,15,10,1,8,3,2,2,1,0,0,3,0,0,3,1,2,0,2,10,8,2,10,6,4,0,0,0,3,1,2,0,0,0
56216501,88,46,42,8,18,5,8,4,9,1,1,3,7,12,5,1,2,1,1,38,21,17,28,14,14,2,1,1,14,6,8,4,3,1
59886101,11,7,4,2,3,0,0,1,0,0,0,1,0,1,1,1,1,1,0,2,1,1,4,3,1,0,0,0,4,2,2,0,0,0
59886102,75,44,31,16,26,4,8,1,2,0,0,4,5,2,5,1,1,1,0,32,23,9,21,10,11,1,0,1,18,9,9,2,1,1
59886104,30,19,11,5,7,3,6,2,2,0,0,0,3,2,0,0,0,0,0,12,9,3,7,5,2,1,0,1,6,2,4,4,3,1
53724101,57,33,24,6,12,6,8,3,0,3,1,5,2,5,2,1,2,1,1,22,16,6,21,10,11,0,0,0,7,3,4,5,3,2
53724102,18,9,9,3,5,1,2,1,2,1,0,2,0,0,1,0,0,0,0,5,4,1,10,5,5,2,0,2,1,0,1,0,0,0
55011601,151,83,68,12,59,11,11,8,2,3,1,5,13,7,12,2,14,6,8,61,37,24,44,24,20,2,1,1,27,12,15,3,3,0
53752701,19,11,8,4,4,3,0,2,0,1,2,2,0,0,0,1,2,2,0,7,5,2,5,2,3,0,0,0,3,1,2,2,1,1
1079210,0,0,0,0,0,0,0,0,0,0,0,0,0,0,0,0,0,0,0,0,0,0,0,0,0,0,0,0,0,0,0,0,0,0
1079480,0,0,0,0,0,0,0,0,0,0,0,0,0,0,0,0,0,0,0,0,0,0,0,0,0,0,0,0,0,0,0,0,0,0
1079560,0,0,0,0,0,0,0,0,0,0,0,0,0,0,0,0,0,0,0,0,0,0,0,0,0,0,0,0,0,0,0,0,0,0
1079640,0,0,0,0,0,0,0,0,0,0,0,0,0,0,0,0,0,0,0,0,0,0,0,0,0,0,0,0,0,0,0,0,0,0
54590201,112,66,46,26,10,6,8,4,21,1,0,10,16,8,0,0,1,1,0,53,35,18,38,18,20,3,3,0,14,9,5,3,0,3
54590202,12,8,4,6,1,0,3,0,0,0,0,0,0,0,1,0,1,1,0,4,2,2,3,2,1,0,0,0,4,3,1,0,0,0
55012401,47,30,17,13,12,1,6,1,3,1,1,3,2,1,1,2,2,0,2,29,20,9,12,7,5,0,0,0,3,2,1,1,1,0
55012402,27,13,14,1,16,3,1,0,1,0,1,0,0,1,2,0,0,0,0,11,6,5,14,7,7,0,0,0,2,0,2,0,0,0
55012403,44,26,18,3,21,3,1,0,3,1,0,4,3,0,2,0,2,0,2,20,15,5,13,6,7,2,1,1,7,4,3,0,0,0
55012405,28,15,13,1,8,5,2,1,3,0,0,5,1,1,0,0,0,0,0,13,10,3,11,5,6,0,0,0,4,0,4,0,0,0
55012406,19,9,10,6,2,3,1,0,2,0,0,0,2,0,2,0,0,0,0,7,5,2,6,3,3,0,0,0,6,1,5,0,0,0
56157601,36,19,17,4,9,5,5,3,0,1,1,1,3,1,2,0,2,0,2,12,9,3,15,6,9,1,0,1,5,3,2,1,1,0
53751901,106,64,42,13,31,16,14,5,8,0,0,3,3,5,6,1,2,1,1,46,30,16,36,18,18,1,1,0,18,11,7,3,3,0
53751902,20,11,9,11,1,0,0,3,1,0,0,0,2,1,1,0,1,0,1,6,4,2,5,1,4,1,0,1,6,5,1,1,1,0
53751904,14,8,6,2,2,3,0,0,0,1,0,0,1,1,2,1,0,0,0,5,5,0,4,0,4,1,1,0,4,2,2,0,0,0
55015902,33,20,13,6,9,4,1,0,0,0,1,2,1,5,1,1,2,2,0,14,9,5,12,7,5,0,0,0,4,1,3,1,1,0
55015903,43,22,21,3,19,5,1,5,0,1,0,0,3,1,3,0,3,0,3,20,11,9,13,7,6,0,0,0,6,4,2,1,0,1
55015904,31,17,14,3,14,4,3,1,1,0,0,2,2,1,0,0,1,1,0,23,14,9,7,2,5,0,0,0,0,0,0,0,0,0
55015905,18,8,10,5,6,2,0,0,1,0,0,1,2,0,1,0,2,2,0,5,1,4,9,3,6,0,0,0,2,2,0,0,0,0
55016701,625,336,289,29,269,41,69,12,16,7,11,40,29,42,31,5,41,21,20,222,135,87,227,114,113,11,3,8,91,44,47,33,19,14
55016702,38,21,17,0,15,3,6,1,1,1,1,3,3,1,3,0,1,1,0,16,9,7,14,8,6,0,0,0,3,1,2,4,2,2
55016703,26,19,7,6,5,1,3,0,1,1,0,6,0,1,1,1,2,2,0,5,5,0,9,5,4,0,0,0,8,6,2,2,1,1
55016704,47,21,26,5,16,3,2,1,1,2,0,3,3,6,5,0,3,1,2,15,10,5,12,3,9,0,0,0,15,6,9,2,1,1
55016705,17,12,5,1,9,1,1,0,0,1,0,1,0,1,1,0,0,0,0,7,4,3,7,5,2,0,0,0,0,0,0,3,3,0
55016706,31,14,17,3,13,1,2,2,0,0,0,2,2,0,6,0,0,0,0,11,8,3,12,2,10,0,0,0,7,3,4,1,1,0
55016707,20,11,9,2,4,0,0,1,0,1,0,7,2,3,0,0,2,1,1,7,4,3,6,3,3,1,1,0,3,1,2,1,1,0
53718701,31,20,11,2,5,3,7,1,3,0,0,3,4,1,2,0,0,0,0,8,5,3,12,9,3,2,1,1,8,4,4,1,1,0
53718702,21,14,7,3,6,0,4,2,1,0,0,0,0,2,2,0,0,0,0,8,6,2,8,4,4,0,0,0,5,4,1,0,0,0
55018302,121,68,53,8,58,11,8,3,1,0,1,7,6,9,7,1,11,6,5,59,39,20,35,16,19,0,0,0,7,3,4,9,4,5
55018303,30,17,13,9,4,5,1,0,1,0,1,1,2,4,2,0,1,0,1,14,8,6,7,5,2,0,0,0,8,4,4,0,0,0
55018305,27,15,12,6,5,1,2,3,0,0,0,1,3,3,3,0,2,1,1,7,7,0,10,2,8,1,1,0,4,1,3,3,3,0
53714401,47,25,22,2,20,2,3,2,3,0,2,3,2,2,3,0,2,0,2,20,14,6,17,7,10,0,0,0,8,4,4,0,0,0
0446360,0,0,0,0,0,0,0,0,0,0,0,0,0,0,0,0,0,0,0,0,0,0,0,0,0,0,0,0,0,0,0,0,0,0
0446440,0,0,0,0,0,0,0,0,0,0,0,0,0,0,0,0,0,0,0,0,0,0,0,0,0,0,0,0,0,0,0,0,0,0
0446520,0,0,0,0,0,0,0,0,0,0,0,0,0,0,0,0,0,0,0,0,0,0,0,0,0,0,0,0,0,0,0,0,0,0
0446610,0,0,0,0,0,0,0,0,0,0,0,0,0,0,0,0,0,0,0,0,0,0,0,0,0,0,0,0,0,0,0,0,0,0
55020501,14,7,7,1,3,2,1,2,1,0,0,0,3,1,0,0,0,0,0,5,3,2,5,2,3,2,1,1,2,1,1,0,0,0
55020502,142,81,61,29,40,6,10,13,20,1,0,5,6,5,1,2,15,7,8,78,45,33,28,15,13,1,1,0,10,7,3,10,6,4
55020503,10,6,4,5,0,0,1,0,2,0,0,0,0,0,0,2,1,1,0,6,3,3,1,1,0,0,0,0,2,1,1,0,0,0
55022101,166,93,73,17,50,26,14,4,4,3,3,9,15,10,7,2,10,4,6,79,52,27,51,25,26,3,0,3,14,6,8,9,6,3
55022102,42,24,18,7,9,7,3,0,2,0,2,1,1,4,3,0,0,0,0,11,8,3,20,11,9,1,0,1,10,5,5,0,0,0
55022103,16,8,8,4,3,1,1,2,0,0,0,2,0,1,1,0,0,0,0,9,6,3,2,0,2,0,0,0,5,2,3,0,0,0
55022104,48,24,24,8,15,8,4,2,2,0,0,4,1,0,2,0,2,1,1,25,13,12,15,5,10,1,1,0,4,3,1,1,1,0
55023002,28,15,13,6,7,2,2,3,0,2,0,3,1,1,1,0,2,0,2,12,7,5,6,4,2,0,0,0,7,4,3,1,0,1
55023003,609,336,273,26,219,62,42,24,22,9,8,28,43,43,53,11,48,30,18,198,124,74,231,109,122,14,6,8,82,40,42,36,27,9
55023004,17,9,8,1,12,1,0,0,0,0,0,2,0,0,1,0,5,2,3,6,4,2,3,1,2,0,0,0,1,1,0,2,1,1
55023005,19,9,10,4,6,1,2,2,0,0,0,2,0,1,1,0,3,1,2,7,4,3,5,2,3,0,0,0,2,1,1,2,1,1
55024801,181,101,80,21,66,17,12,19,2,2,2,10,14,9,5,0,7,5,2,86,55,31,59,28,31,1,0,1,22,9,13,6,4,2
0542160,0,0,0,0,0,0,0,0,0,0,0,0,0,0,0,0,0,0,0,0,0,0,0,0,0,0,0,0,0,0,0,0,0,0
55026401,168,93,75,19,43,16,18,18,3,0,2,11,10,15,8,1,12,3,9,87,57,30,41,23,18,11,4,7,11,4,7,6,2,4
55026402,29,19,10,1,6,2,2,4,0,1,0,0,5,2,5,1,1,0,1,13,11,2,9,4,5,1,0,1,5,4,1,0,0,0
55026404,23,10,13,0,3,0,5,0,3,1,0,1,2,5,1,0,1,0,1,2,2,0,7,2,5,1,1,0,10,4,6,2,1,1
55026405,16,8,8,0,6,1,2,2,1,0,0,2,0,1,0,0,3,0,3,3,2,1,6,5,1,0,0,0,3,0,3,1,1,0
55026408,35,25,10,6,11,3,7,2,0,0,0,0,0,3,1,0,8,6,2,12,9,3,9,5,4,1,1,0,3,2,1,2,2,0
53742001,81,42,39,18,23,13,5,4,2,0,1,5,2,1,4,0,13,6,7,43,28,15,14,5,9,1,0,1,7,2,5,3,1,2
53713602,20,13,7,4,6,2,2,2,1,0,1,0,2,0,0,0,0,0,0,7,6,1,10,5,5,0,0,0,2,1,1,1,1,0
56167301,18,10,8,11,1,1,3,0,1,0,0,0,1,0,0,0,2,0,2,6,4,2,7,6,1,1,0,1,2,0,2,0,0,0
56167302,24,12,12,11,6,0,2,0,1,0,1,0,0,0,2,0,3,2,1,6,2,4,7,4,3,0,0,0,3,1,2,5,3,2
3304340,0,0,0,0,0,0,0,0,0,0,0,0,0,0,0,0,0,0,0,0,0,0,0,0,0,0,0,0,0,0,0,0,0,0
55032901,18,14,4,2,8,1,2,1,0,0,0,1,3,0,0,0,3,2,1,6,4,2,6,5,1,1,1,0,2,2,0,0,0,0
55032903,138,79,59,24,38,25,11,6,4,1,0,6,10,4,6,0,9,4,5,68,42,26,38,20,18,3,3,0,11,4,7,9,6,3
55032906,37,27,10,14,6,2,0,3,0,1,0,5,2,1,1,1,5,4,1,14,10,4,5,3,2,0,0,0,7,5,2,6,5,1
55032908,25,14,11,6,3,3,2,2,0,0,0,2,1,0,4,2,1,0,1,12,11,1,8,2,6,0,0,0,2,1,1,2,0,2
56397801,43,25,18,10,5,1,4,1,11,1,0,5,1,2,1,0,0,0,0,16,11,5,5,2,3,2,1,1,17,9,8,3,2,1
0783523,0,0,0,0,0,0,0,0,0,0,0,0,0,0,0,0,0,0,0,0,0,0,0,0,0,0,0,0,0,0,0,0,0,0
0783610,0,0,0,0,0,0,0,0,0,0,0,0,0,0,0,0,0,0,0,0,0,0,0,0,0,0,0,0,0,0,0,0,0,0
55033701,69,40,29,12,2,2,8,2,29,0,0,5,5,2,0,1,6,3,3,18,12,6,25,14,11,2,1,1,13,6,7,5,4,1
55034501,151,88,63,7,57,24,14,10,5,1,0,4,11,9,8,0,10,5,5,72,46,26,53,26,27,0,0,0,11,6,5,5,5,0
56164901,53,24,29,5,21,2,3,3,1,0,0,4,4,3,3,1,1,0,1,24,13,11,12,3,9,0,0,0,12,5,7,4,3,1
56164902,13,9,4,0,3,0,2,2,0,0,0,2,1,0,3,0,0,0,0,4,3,1,4,3,1,0,0,0,5,3,2,0,0,0
55035301,34,21,13,10,11,0,6,1,3,0,0,0,1,0,1,0,1,0,1,19,11,8,13,9,4,0,0,0,1,1,0,0,0,0
55035304,228,125,103,24,84,21,20,8,18,1,0,6,10,14,5,3,18,15,3,115,64,51,69,32,37,2,2,0,14,5,9,10,7,3
55035306,35,20,15,4,10,1,4,2,6,0,0,0,1,2,1,2,6,2,4,15,11,4,11,6,5,0,0,0,1,0,1,2,1,1
55036101,22,11,11,1,2,0,3,3,1,1,1,1,4,5,0,0,0,0,0,5,4,1,5,2,3,1,0,1,11,5,6,0,0,0
55036102,36,20,16,2,14,4,4,3,3,0,0,1,1,0,3,0,4,3,1,17,10,7,10,5,5,0,0,0,4,1,3,1,1,0
55036103,31,17,14,8,5,4,1,3,1,1,1,1,1,1,4,0,2,1,1,6,5,1,10,5,5,1,1,0,9,4,5,3,1,2
55036104,812,493,319,42,211,51,66,165,28,21,10,39,48,57,40,12,46,25,21,249,156,93,246,124,122,14,5,9,118,55,63,139,128,11
55036105,18,13,5,4,4,0,2,0,2,2,1,1,2,0,0,0,1,1,0,5,4,1,4,1,3,0,0,0,7,6,1,1,1,0
55036106,29,18,11,5,5,3,6,1,2,2,0,0,2,1,1,0,0,0,0,9,7,2,12,8,4,0,0,0,8,3,5,0,0,0
55036107,38,22,16,1,16,2,3,2,0,1,0,3,5,3,2,0,2,0,2,14,10,4,13,8,5,2,0,2,7,4,3,0,0,0
55036108,27,18,9,5,8,2,1,0,0,0,1,0,3,1,6,0,1,1,0,12,8,4,8,4,4,1,1,0,4,3,1,1,1,0
55036109,11,7,4,4,2,0,2,2,0,0,0,1,0,0,0,0,0,0,0,9,6,3,1,0,1,1,1,0,0,0,0,0,0,0
55036110,38,21,17,7,11,3,1,3,2,0,0,3,2,3,1,1,3,1,2,15,11,4,12,5,7,1,0,1,6,3,3,1,1,0
53707101,30,17,13,2,11,2,0,1,2,1,0,2,3,4,2,0,3,1,2,13,9,4,7,3,4,0,0,0,5,2,3,2,2,0
53707102,54,32,22,8,14,3,6,9,2,1,1,1,2,2,4,0,1,1,0,20,13,7,22,15,7,3,1,2,6,1,5,2,1,1
53732201,21,13,8,1,5,4,1,1,0,0,0,3,0,3,3,0,0,0,0,10,7,3,6,3,3,0,0,0,3,1,2,2,2,0
53738101,78,46,32,10,26,4,5,9,2,0,2,8,5,1,5,0,3,2,1,39,24,15,25,16,9,0,0,0,7,2,5,4,2,2
55041801,15,10,5,1,5,1,3,2,1,0,0,0,0,0,2,0,0,0,0,9,6,3,5,3,2,0,0,0,1,1,0,0,0,0
55041802,26,12,14,3,7,2,4,3,1,0,0,2,1,2,1,0,1,1,0,11,4,7,8,5,3,0,0,0,6,2,4,0,0,0
55041804,59,38,21,18,13,2,9,2,0,3,0,4,4,1,2,1,1,1,0,23,15,8,27,16,11,2,1,1,3,3,0,3,2,1
55041805,106,61,45,14,32,8,9,11,3,0,0,5,6,8,1,1,15,10,5,44,28,16,18,9,9,2,1,1,16,4,12,11,9,2
55041806,61,34,27,4,14,10,3,9,1,0,0,4,5,0,5,0,0,0,0,30,21,9,19,6,13,0,0,0,12,7,5,0,0,0
55041807,58,34,24,7,19,5,4,4,3,0,0,2,9,2,2,0,1,0,1,26,20,6,20,9,11,0,0,0,9,4,5,2,1,1
55042601,14,9,5,0,6,2,0,0,2,0,0,1,1,0,1,0,0,0,0,6,3,3,5,3,2,0,0,0,2,2,0,1,1,0
55042602,38,25,13,6,7,4,3,2,1,0,2,1,3,1,5,1,3,2,1,15,11,4,11,6,5,0,0,0,9,6,3,0,0,0
55042603,21,12,9,0,10,4,1,0,0,1,0,0,3,1,1,0,0,0,0,12,8,4,5,2,3,0,0,0,4,2,2,0,0,0
55042604,82,49,33,13,27,5,6,5,0,3,0,5,6,5,5,0,3,1,2,34,24,10,25,15,10,1,0,1,14,5,9,5,4,1
55042605,17,10,7,5,4,1,0,0,0,2,0,1,1,1,2,0,0,0,0,5,5,0,5,1,4,1,1,0,3,1,2,3,2,1
55043401,28,18,10,5,11,3,0,1,1,0,0,1,2,1,2,0,3,2,1,12,8,4,7,4,3,2,1,1,4,3,1,0,0,0
55043402,16,10,6,0,6,2,0,1,4,1,0,1,0,0,1,0,0,0,0,8,5,3,6,4,2,0,0,0,2,1,1,0,0,0
55043403,11,7,4,3,4,0,0,1,0,0,0,0,2,1,0,0,0,0,0,4,3,1,3,3,0,0,0,0,3,1,2,1,0,1
55043404,149,84,65,15,47,18,13,2,4,1,1,9,11,12,9,1,12,7,5,42,30,12,63,31,32,4,3,1,23,10,13,5,3,2
55043405,103,53,50,3,28,9,16,5,1,0,1,6,8,2,16,0,3,0,3,33,19,14,37,19,18,2,2,0,27,12,15,1,1,0
55039601,95,50,45,9,34,7,10,8,2,0,1,4,3,10,6,0,4,1,3,49,30,19,26,15,11,1,0,1,15,4,11,0,0,0
55039602,10,5,5,3,0,0,3,2,0,0,0,1,0,0,1,0,0,0,0,3,2,1,6,2,4,0,0,0,1,1,0,0,0,0
55044201,1107,615,492,62,355,123,95,85,33,17,15,58,59,69,89,7,71,38,33,462,303,159,347,159,188,22,8,14,159,77,82,46,30,16
55044202,17,7,10,2,4,2,1,2,1,0,0,1,0,1,2,0,0,0,0,8,5,3,4,1,3,1,0,1,4,1,3,0,0,0
55044203,24,18,6,0,7,2,4,3,1,0,0,3,2,1,0,0,0,0,0,12,10,2,6,3,3,1,0,1,5,5,0,0,0,0
55044204,75,40,35,9,25,8,2,8,6,1,0,2,0,4,6,0,10,5,5,33,17,16,16,9,7,0,0,0,12,7,5,4,2,2
1534350,0,0,0,0,0,0,0,0,0,0,0,0,0,0,0,0,0,0,0,0,0,0,0,0,0,0,0,0,0,0,0,0,0,0
52989301,39,24,15,9,6,0,5,1,7,0,0,1,2,5,3,0,4,2,2,16,11,5,9,6,3,0,0,0,7,3,4,3,2,1
55045102,19,12,7,7,3,1,2,0,0,2,0,0,3,0,1,0,1,1,0,7,5,2,5,1,4,1,1,0,5,4,1,0,0,0
55045103,17,11,6,6,0,0,2,0,5,0,0,0,1,0,2,1,0,0,0,5,3,2,6,4,2,3,1,2,2,2,0,1,1,0
55045105,92,56,36,30,17,6,9,8,9,0,1,1,3,4,3,1,7,4,3,49,33,16,25,14,11,1,1,0,7,3,4,3,1,2
55045106,16,12,4,4,3,2,1,1,1,0,1,1,1,0,1,0,2,1,1,6,5,1,4,4,0,0,0,0,3,1,2,1,1,0
55045107,34,20,14,8,7,2,2,2,6,0,0,4,2,0,1,0,6,5,1,13,7,6,7,3,4,2,2,0,4,1,3,2,2,0
56156801,53,27,26,10,6,3,3,0,22,0,0,2,2,2,2,0,2,1,1,21,13,8,18,7,11,2,0,2,7,3,4,3,3,0
53736502,27,19,8,5,9,5,1,0,0,0,0,0,2,2,0,1,1,1,0,9,7,2,9,8,1,0,0,0,6,1,5,2,2,0
53754301,80,42,38,2,25,9,5,3,3,4,5,3,9,7,5,0,1,0,1,33,22,11,28,11,17,1,1,0,17,8,9,0,0,0
1327210,0,0,0,0,0,0,0,0,0,0,0,0,0,0,0,0,0,0,0,0,0,0,0,0,0,0,0,0,0,0,0,0,0,0
3014930,0,0,0,0,0,0,0,0,0,0,0,0,0,0,0,0,0,0,0,0,0,0,0,0,0,0,0,0,0,0,0,0,0,0
3274170,0,0,0,0,0,0,0,0,0,0,0,0,0,0,0,0,0,0,0,0,0,0,0,0,0,0,0,0,0,0,0,0,0,0
55009401,49,26,23,2,16,7,3,2,4,1,2,1,2,1,4,0,1,1,0,20,16,4,20,5,15,1,1,0,6,3,3,1,0,1
55009402,13,7,6,2,3,1,0,0,0,0,2,2,1,1,0,1,0,0,0,1,1,0,6,3,3,2,0,2,3,3,0,1,0,1
55009403,26,15,11,4,7,2,4,1,0,0,0,1,2,3,2,0,1,0,1,14,9,5,6,2,4,1,0,1,3,3,0,1,1,0
55009404,42,20,22,8,12,3,3,1,3,0,1,1,2,4,3,0,2,1,1,17,8,9,17,11,6,0,0,0,5,0,5,1,0,1
55009408,54,29,25,9,13,10,5,1,1,1,0,4,2,2,2,0,3,1,2,19,11,8,20,9,11,0,0,0,6,3,3,6,5,1
55009409,383,215,168,19,111,44,30,18,22,8,1,29,23,22,30,6,33,23,10,122,83,39,104,44,60,6,3,3,68,30,38,50,32,18
55009411,65,36,29,2,25,9,5,4,2,1,1,1,1,2,8,0,4,4,0,23,16,7,25,12,13,2,0,2,9,2,7,2,2,0
55009412,521,279,242,13,170,37,52,17,15,12,8,35,44,54,48,2,26,11,15,162,105,57,182,93,89,13,3,10,120,59,61,18,8,10
55009413,296,154,142,12,69,15,23,16,5,15,7,35,22,23,34,4,7,3,4,65,47,18,110,48,62,7,3,4,97,49,48,10,4,6
55009414,50,28,22,1,13,5,4,2,2,1,0,1,0,0,21,0,1,1,0,16,11,5,15,8,7,0,0,0,15,7,8,3,1,2
55009415,647,360,287,17,232,63,53,42,17,9,8,40,46,45,52,2,33,17,16,246,156,90,214,105,109,19,8,11,93,44,49,42,30,12
55009416,228,117,111,6,64,27,26,10,8,2,5,15,13,18,19,1,13,7,6,74,52,22,86,36,50,8,2,6,39,16,23,8,4,4
55009417,60,34,26,4,19,4,1,3,1,2,0,1,12,6,6,0,4,2,2,15,12,3,28,16,12,1,0,1,12,4,8,0,0,0
55009418,72,41,31,3,37,8,6,3,0,0,0,4,2,3,5,1,5,3,2,24,16,8,20,10,10,3,3,0,19,8,11,1,1,0
55009419,48,24,24,1,23,2,4,3,1,0,0,2,1,0,8,1,3,1,2,21,10,11,17,11,6,1,0,1,2,1,1,4,1,3
55009420,223,119,104,5,52,21,17,12,1,2,7,17,21,34,29,2,1,0,1,46,29,17,88,47,41,6,1,5,81,41,40,1,1,0
55009421,514,277,237,8,171,48,49,24,11,13,9,22,43,46,55,2,11,4,7,166,107,59,180,94,86,13,3,10,132,61,71,12,8,4
55009422,329,179,150,17,76,29,21,14,7,6,4,14,39,18,62,3,13,4,9,96,66,30,122,70,52,14,2,12,78,34,44,6,3,3
55009423,1515,772,743,40,570,118,146,84,28,19,10,76,110,102,148,12,119,57,62,605,344,261,521,248,273,40,12,28,186,89,97,44,22,22
55009424,32,17,15,0,6,5,2,3,5,0,0,4,1,2,3,0,3,2,1,15,6,9,10,6,4,0,0,0,3,2,1,1,1,0
55009425,34,20,14,7,10,0,3,1,2,0,0,3,3,3,0,1,0,0,0,10,5,5,15,10,5,1,1,0,8,4,4,0,0,0
55009426,11,6,5,0,4,2,0,0,1,0,0,0,0,3,1,0,0,0,0,5,4,1,1,0,1,0,0,0,5,2,3,0,0,0
55048501,16,8,8,2,5,2,2,0,0,1,0,0,2,1,0,1,1,1,0,8,5,3,5,1,4,0,0,0,1,0,1,1,1,0
55048502,15,9,6,6,2,1,2,0,0,0,1,0,0,0,1,1,1,1,0,5,4,1,7,2,5,0,0,0,2,2,0,0,0,0
55048503,13,8,5,1,5,2,0,0,0,0,0,1,0,3,0,0,0,0,0,8,6,2,4,2,2,0,0,0,1,0,1,0,0,0
55048504,30,17,13,4,12,2,2,3,0,1,0,1,2,1,1,0,2,1,1,14,10,4,10,5,5,1,0,1,3,1,2,0,0,0
55051502,8,5,3,1,0,0,0,2,1,0,0,1,0,1,2,0,1,1,0,2,2,0,2,0,2,0,0,0,3,2,1,0,0,0
55051504,12,8,4,5,1,0,0,2,2,0,0,0,0,0,2,0,0,0,0,5,4,1,6,3,3,0,0,0,1,1,0,0,0,0
55051506,24,14,10,4,5,2,1,0,4,0,0,2,1,2,3,0,0,0,0,14,11,3,8,2,6,0,0,0,2,1,1,0,0,0
55051507,257,161,96,12,69,32,18,18,17,5,0,12,13,27,18,3,9,2,7,94,67,27,79,45,34,7,4,3,48,26,22,20,17,3
55051508,18,10,8,1,1,2,2,0,10,0,1,0,0,0,1,0,0,0,0,7,3,4,9,6,3,1,1,0,0,0,0,1,0,1
55051510,13,7,6,2,1,2,0,0,0,0,0,1,3,2,1,1,0,0,0,3,2,1,3,2,1,1,0,1,5,2,3,1,1,0
55051511,62,34,28,7,16,7,5,0,4,0,1,2,5,8,4,2,1,1,0,19,13,6,22,10,12,1,0,1,17,8,9,2,2,0
55051512,20,11,9,7,1,0,2,0,5,0,0,0,0,2,0,0,0,0,0,9,7,2,6,3,3,0,0,0,4,1,3,1,0,1
55051514,65,40,25,7,20,8,4,2,4,0,1,2,2,6,8,0,4,2,2,30,21,9,17,9,8,0,0,0,11,5,6,3,3,0
55051515,40,18,22,5,12,3,2,1,0,1,0,3,4,1,5,0,1,0,1,21,9,12,13,8,5,3,1,2,2,0,2,0,0,0
1556830,0,0,0,0,0,0,0,0,0,0,0,0,0,0,0,0,0,0,0,0,0,0,0,0,0,0,0,0,0,0,0,0,0,0
1557050,0,0,0,0,0,0,0,0,0,0,0,0,0,0,0,0,0,0,0,0,0,0,0,0,0,0,0,0,0,0,0,0,0,0
55052301,42,21,21,12,4,3,4,0,5,1,0,2,4,1,2,0,2,0,2,7,3,4,19,12,7,2,0,2,11,6,5,1,0,1
55052305,60,38,22,12,7,4,3,2,12,2,1,2,3,4,1,1,0,0,0,18,12,6,19,12,7,3,2,1,15,7,8,5,5,0
1566980,0,0,0,0,0,0,0,0,0,0,0,0,0,0,0,0,0,0,0,0,0,0,0,0,0,0,0,0,0,0,0,0,0,0
1567100,0,0,0,0,0,0,0,0,0,0,0,0,0,0,0,0,0,0,0,0,0,0,0,0,0,0,0,0,0,0,0,0,0,0
1567280,0,0,0,0,0,0,0,0,0,0,0,0,0,0,0,0,0,0,0,0,0,0,0,0,0,0,0,0,0,0,0,0,0,0
1985010,0,0,0,0,0,0,0,0,0,0,0,0,0,0,0,0,0,0,0,0,0,0,0,0,0,0,0,0,0,0,0,0,0,0
55053101,18,9,9,7,1,0,4,0,2,0,0,0,0,1,1,1,0,0,0,7,5,2,6,1,5,0,0,0,4,2,2,1,1,0
55053102,11,5,6,1,0,0,6,1,1,0,0,0,0,0,0,0,1,0,1,0,0,0,6,3,3,0,0,0,2,1,1,2,1,1
55053103,168,99,69,11,35,2,36,6,23,2,0,7,4,2,2,5,21,13,8,61,32,29,58,38,20,3,3,0,9,4,5,16,9,7
1571472,0,0,0,0,0,0,0,0,0,0,0,0,0,0,0,0,0,0,0,0,0,0,0,0,0,0,0,0,0,0,0,0,0,0
55054002,36,19,17,4,9,4,4,0,1,0,1,4,4,2,3,0,0,0,0,8,8,0,16,7,9,0,0,0,12,4,8,0,0,0
55054003,428,239,189,44,156,38,26,18,11,3,2,20,31,36,30,5,26,10,16,179,112,67,130,70,60,5,0,5,69,33,36,19,14,5
55054004,41,28,13,12,9,5,3,1,0,0,1,0,2,4,2,1,0,0,0,14,14,0,12,4,8,3,2,1,9,5,4,3,3,0
55054005,28,16,12,3,5,1,8,2,1,0,0,4,0,2,1,1,3,1,2,9,6,3,8,5,3,3,2,1,5,2,3,0,0,0
55054006,6,5,1,2,4,0,0,0,0,0,0,0,0,0,0,0,0,0,0,2,2,0,3,2,1,0,0,0,1,1,0,0,0,0
55054007,9,6,3,5,3,0,1,0,0,0,0,0,0,0,0,0,0,0,0,2,1,1,5,4,1,0,0,0,2,1,1,0,0,0
55054008,42,25,17,12,8,2,4,1,1,0,0,3,3,1,2,3,2,1,1,12,6,6,16,10,6,0,0,0,5,4,1,7,4,3
55055801,164,91,73,11,55,26,14,7,4,2,2,5,11,12,12,0,5,3,2,66,46,20,62,31,31,4,2,2,27,9,18,0,0,0
55055802,39,21,18,2,17,3,1,1,1,0,2,1,1,2,6,0,1,1,0,19,12,7,10,5,5,3,1,2,6,2,4,0,0,0
55055803,18,11,7,2,7,1,2,1,0,1,0,1,0,2,1,0,1,1,0,8,6,2,5,2,3,0,0,0,4,2,2,0,0,0
55055805,19,12,7,3,7,3,0,0,0,0,1,1,3,0,0,0,2,1,1,4,2,2,6,4,2,0,0,0,7,5,2,0,0,0
55055806,61,33,28,4,17,9,4,1,0,1,0,2,6,8,8,1,1,1,0,20,15,5,28,13,15,1,0,1,10,3,7,1,1,0
55057401,21,10,11,4,5,1,1,2,1,0,1,1,2,2,1,0,0,0,0,6,4,2,8,3,5,0,0,0,7,3,4,0,0,0
55057403,174,93,81,26,51,10,24,8,5,3,1,5,11,13,13,0,6,0,6,64,40,24,69,35,34,1,0,1,31,16,15,3,2,1
55057404,17,10,7,7,5,2,0,1,1,0,0,0,1,0,0,0,2,1,1,6,4,2,5,4,1,0,0,0,4,1,3,0,0,0
55058201,59,36,23,5,18,9,7,5,0,2,1,3,4,2,1,0,3,1,2,19,12,7,24,16,8,0,0,0,7,3,4,6,4,2
55058202,15,8,7,1,3,3,0,0,0,0,0,1,0,2,4,0,1,0,1,5,3,2,4,3,1,0,0,0,5,2,3,0,0,0
55058203,68,44,24,8,27,9,0,2,3,1,1,4,3,2,8,0,2,1,1,16,11,5,23,13,10,5,2,3,8,6,2,14,11,3
55060401,64,37,27,4,32,8,3,6,1,0,0,2,0,3,4,1,3,2,1,35,27,8,17,4,13,0,0,0,4,1,3,5,3,2
53753501,36,22,14,5,10,8,3,1,2,1,0,3,1,1,1,0,1,1,0,17,10,7,11,7,4,0,0,0,4,2,2,3,2,1
1945730,0,0,0,0,0,0,0,0,0,0,0,0,0,0,0,0,0,0,0,0,0,0,0,0,0,0,0,0,0,0,0,0,0,0
55062101,51,32,19,7,18,5,5,2,2,2,0,1,0,2,4,1,4,1,3,23,14,9,17,12,5,1,1,0,3,1,2,3,3,0
55062103,13,8,5,2,5,0,0,0,1,0,1,1,0,2,0,0,0,0,0,2,2,0,7,4,3,0,0,0,4,2,2,0,0,0
55062105,74,49,25,3,3,6,2,2,6,1,0,44,0,3,4,0,32,22,10,21,15,6,16,8,8,0,0,0,2,1,1,3,3,0
55062106,19,13,6,1,9,2,1,0,2,1,0,2,0,0,1,0,1,1,0,7,4,3,3,3,0,1,1,0,6,3,3,1,1,0
55062109,15,9,6,2,3,2,3,1,0,0,0,1,0,1,0,0,1,0,1,6,4,2,5,5,0,0,0,0,2,0,2,1,0,1
55062110,46,28,18,5,20,6,2,0,2,2,0,1,2,4,1,0,3,2,1,13,9,4,16,8,8,3,2,1,9,6,3,2,1,1
55062111,38,17,21,0,14,3,2,2,4,2,1,2,2,2,3,0,1,1,0,13,5,8,11,5,6,1,1,0,12,5,7,0,0,0
55062112,37,19,18,2,15,1,5,1,1,0,1,3,3,2,2,0,3,0,3,13,8,5,9,6,3,1,1,0,7,2,5,4,2,2
55062114,59,35,24,4,22,7,7,3,3,1,1,2,0,2,4,1,3,3,0,24,17,7,24,12,12,0,0,0,6,2,4,2,1,1
55062115,16,9,7,1,5,2,1,2,0,0,0,3,0,0,2,0,0,0,0,5,4,1,6,3,3,0,0,0,5,2,3,0,0,0
55062116,218,132,86,10,96,16,16,8,4,0,3,9,15,11,22,2,10,7,3,87,60,27,67,35,32,6,2,4,42,24,18,6,4,2
55062117,17,9,8,1,4,1,1,0,3,0,1,3,0,0,1,0,1,0,1,3,3,0,9,3,6,0,0,0,3,2,1,1,1,0
55062118,21,13,8,1,8,0,5,0,0,0,0,3,1,0,0,1,0,0,0,10,5,5,8,5,3,0,0,0,2,2,0,1,1,0
55062119,44,28,16,11,11,5,3,1,2,1,0,3,3,2,1,0,3,3,0,12,10,2,18,8,10,1,0,1,9,6,3,1,1,0
0655950,0,0,0,0,0,0,0,0,0,0,0,0,0,0,0,0,0,0,0,0,0,0,0,0,0,0,0,0,0,0,0,0,0,0
1821331,0,0,0,0,0,0,0,0,0,0,0,0,0,0,0,0,0,0,0,0,0,0,0,0,0,0,0,0,0,0,0,0,0,0
55064701,31,18,13,8,8,1,1,0,0,1,1,2,2,4,1,0,0,0,0,7,5,2,16,8,8,1,1,0,7,4,3,0,0,0
55064702,55,33,22,4,14,3,4,5,0,5,0,2,5,6,5,2,0,0,0,25,18,7,16,8,8,2,1,1,11,6,5,1,0,1
55064703,26,13,13,4,8,1,1,2,0,0,0,1,4,0,5,0,0,0,0,7,7,0,14,4,10,0,0,0,3,1,2,2,1,1
55064705,9,6,3,3,4,0,0,0,1,0,0,0,1,0,0,0,0,0,0,4,3,1,2,1,1,0,0,0,2,2,0,1,0,1
55064708,74,42,32,8,11,7,10,2,2,3,3,4,9,6,5,2,7,7,0,23,17,6,26,13,13,0,0,0,16,5,11,2,0,2
55064710,20,11,9,3,3,0,2,0,2,0,0,1,2,2,4,0,0,0,0,8,5,3,5,3,2,2,1,1,5,2,3,0,0,0
55064712,15,10,5,4,3,0,0,2,2,0,0,0,1,0,0,1,3,3,0,7,4,3,2,2,0,0,0,0,2,0,2,1,1,0
55064713,13,7,6,2,4,0,1,0,1,1,0,1,0,1,1,1,1,0,1,6,3,3,4,4,0,0,0,0,2,0,2,0,0,0
55064715,51,32,19,22,5,2,3,2,4,0,0,3,1,6,3,0,1,0,1,14,13,1,21,13,8,0,0,0,14,6,8,1,0,1
55064717,13,8,5,0,4,1,1,1,1,1,0,0,0,2,1,0,0,0,0,3,2,1,7,5,2,0,0,0,3,1,2,0,0,0
55064719,12,8,4,7,2,0,1,0,0,0,1,0,0,0,0,0,0,0,0,3,2,1,4,1,3,0,0,0,4,4,0,1,1,0
55064720,28,17,11,3,8,5,4,0,0,2,0,0,4,1,0,0,0,0,0,15,10,5,6,4,2,0,0,0,7,3,4,0,0,0
55064722,23,13,10,1,11,3,1,0,0,0,0,1,0,2,2,0,3,2,1,7,4,3,6,4,2,1,1,0,4,2,2,2,0,2
55064723,45,25,20,2,14,7,5,2,3,0,0,1,4,3,3,0,3,1,2,16,10,6,12,7,5,2,0,2,7,4,3,5,3,2
55064725,7,5,2,1,1,1,0,1,0,0,1,1,1,0,0,0,3,1,2,2,2,0,2,2,0,0,0,0,0,0,0,0,0,0
55064726,36,23,13,1,14,5,4,2,1,0,0,2,1,3,2,0,4,2,2,18,12,6,6,4,2,1,0,1,4,2,2,3,3,0
55064727,1105,578,527,35,427,68,109,42,49,14,9,62,76,67,101,9,87,36,51,452,248,204,371,188,183,22,8,14,135,72,63,38,26,12
55064728,263,157,106,14,103,21,25,15,11,5,0,18,18,11,11,2,21,15,6,82,55,27,88,44,44,3,1,2,45,27,18,24,15,9
55064729,451,248,203,16,165,34,42,19,19,9,5,24,36,27,38,3,27,13,14,162,98,64,180,94,86,7,5,2,60,28,32,15,10,5
55064730,55,28,27,3,9,8,4,5,2,2,0,4,5,6,5,0,5,3,2,11,6,5,22,11,11,1,1,0,16,7,9,0,0,0
55064731,48,28,20,4,20,3,1,0,0,2,2,2,4,5,2,0,1,0,1,12,9,3,17,7,10,2,1,1,15,10,5,1,1,0
55064732,387,212,175,14,152,22,29,17,23,2,2,23,25,20,32,9,18,8,10,145,93,52,137,67,70,7,2,5,55,26,29,25,16,9
55064733,22,12,10,1,11,3,2,0,1,0,0,1,0,1,1,0,5,3,2,9,5,4,6,2,4,0,0,0,1,1,0,1,1,0
55064735,20,14,6,2,7,2,1,0,1,1,0,1,1,0,3,0,0,0,0,8,6,2,8,5,3,0,0,0,3,2,1,1,1,0
55064736,277,148,129,8,84,24,31,10,11,4,4,19,22,16,28,2,11,7,4,87,60,27,98,44,54,9,3,6,56,24,32,16,10,6
55064737,128,71,57,4,31,13,12,7,7,3,3,4,12,15,11,1,6,4,2,31,24,7,53,25,28,3,1,2,31,14,17,4,3,1
55064738,39,21,18,2,12,1,4,4,0,2,1,3,2,1,6,0,1,0,1,16,10,6,10,6,4,2,0,2,10,5,5,0,0,0
55064740,25,14,11,0,8,1,5,2,3,0,0,2,1,2,0,0,2,1,1,11,7,4,9,6,3,0,0,0,2,0,2,1,0,1
55064741,245,145,100,9,76,18,16,11,24,8,1,19,12,11,22,5,24,13,11,75,58,17,75,36,39,3,0,3,44,23,21,24,15,9
55065501,18,11,7,3,7,2,0,1,0,0,0,0,2,1,1,1,1,1,0,6,4,2,5,5,0,1,0,1,5,1,4,0,0,0
55065502,11,6,5,1,3,1,0,2,0,0,0,1,2,1,0,0,2,1,1,1,1,0,3,1,2,1,1,0,3,1,2,1,1,0
55065503,222,123,99,18,84,28,16,10,8,0,3,8,13,11,12,1,8,7,1,103,71,32,69,25,44,10,1,9,23,11,12,9,8,1
55066301,9,6,3,0,6,1,0,2,0,0,0,0,0,0,0,0,0,0,0,9,6,3,0,0,0,0,0,0,0,0,0,0,0,0
55066302,17,9,8,2,5,0,4,1,0,1,0,0,2,2,0,0,2,1,1,3,2,1,10,5,5,0,0,0,2,1,1,0,0,0
55066303,20,12,8,3,6,0,2,0,0,0,0,5,1,0,2,0,0,0,0,9,5,4,6,5,1,0,0,0,5,2,3,0,0,0
55066305,12,7,5,0,5,0,0,1,0,1,0,1,0,2,2,0,0,0,0,3,2,1,5,4,1,0,0,0,4,1,3,0,0,0
55066307,21,11,10,6,4,0,0,2,0,0,1,1,4,1,1,0,1,1,0,7,5,2,7,3,4,2,1,1,4,1,3,0,0,0
55066308,769,423,346,41,289,76,61,30,23,11,6,55,53,52,51,6,41,22,19,299,192,107,273,129,144,18,2,16,115,59,56,23,19,4
1847052,0,0,0,0,0,0,0,0,0,0,0,0,0,0,0,0,0,0,0,0,0,0,0,0,0,0,0,0,0,0,0,0,0,0
1847561,0,0,0,0,0,0,0,0,0,0,0,0,0,0,0,0,0,0,0,0,0,0,0,0,0,0,0,0,0,0,0,0,0,0
55067101,12,9,3,5,0,1,1,0,0,0,0,1,2,1,0,0,2,2,0,2,2,0,7,4,3,0,0,0,1,1,0,0,0,0
55067102,9,6,3,4,2,1,1,0,0,0,0,0,0,1,0,0,0,0,0,1,1,0,5,3,2,0,0,0,2,1,1,1,1,0
55067104,14,7,7,3,1,1,1,0,1,0,0,1,0,1,2,1,0,0,0,4,3,1,4,1,3,0,0,0,5,2,3,1,1,0
55067106,48,24,24,4,20,4,2,3,0,1,0,2,2,1,7,0,3,1,2,21,13,8,12,5,7,1,0,1,10,4,6,1,1,0
55067107,14,10,4,3,8,0,0,1,0,0,0,0,1,0,1,0,1,1,0,6,4,2,7,5,2,0,0,0,0,0,0,0,0,0
55067108,719,391,328,59,267,61,50,63,40,3,5,30,36,35,35,10,53,26,27,337,213,124,232,104,128,15,8,7,54,26,28,28,14,14
55067109,15,9,6,6,1,1,1,1,0,0,0,0,2,1,0,0,0,0,0,4,3,1,10,5,5,0,0,0,0,0,0,1,1,0
55067111,748,417,331,72,222,59,82,61,59,7,4,51,24,48,28,5,88,52,36,319,185,134,221,114,107,15,9,6,68,27,41,37,30,7
55067112,11,5,6,4,1,0,0,0,0,1,0,1,0,1,2,0,0,0,0,2,2,0,5,2,3,0,0,0,4,1,3,0,0,0
55067113,56,32,24,6,20,5,1,3,4,1,0,5,5,1,4,0,9,5,4,26,14,12,15,8,7,0,0,0,2,1,1,4,4,0
55067114,30,23,7,8,6,5,2,3,1,0,0,1,1,0,1,1,3,3,0,21,15,6,5,5,0,0,0,0,1,0,1,0,0,0
55067116,19,10,9,4,3,0,3,2,2,2,0,0,1,1,1,0,2,1,1,4,2,2,9,4,5,0,0,0,4,3,1,0,0,0
52991501,33,18,15,5,10,3,2,3,0,0,0,2,2,4,0,0,3,2,1,12,8,4,11,4,7,0,0,0,7,4,3,0,0,0
1891970,0,0,0,0,0,0,0,0,0,0,0,0,0,0,0,0,0,0,0,0,0,0,0,0,0,0,0,0,0,0,0,0,0,0
55068002,19,13,6,3,8,0,1,0,0,0,0,0,4,0,3,0,1,1,0,8,6,2,5,4,1,0,0,0,5,2,3,0,0,0
55068003,19,13,6,2,4,2,2,0,0,0,0,2,4,0,1,2,0,0,0,5,5,0,8,3,5,1,1,0,4,3,1,1,1,0
55068005,20,13,7,2,9,5,0,0,1,0,0,0,1,2,0,0,1,0,1,8,6,2,9,5,4,0,0,0,1,1,0,1,1,0
55068008,85,50,35,9,29,9,2,7,3,0,0,3,4,6,9,1,5,3,2,38,23,15,28,14,14,1,1,0,5,3,2,8,6,2
53719501,24,13,11,3,8,2,4,0,1,0,0,0,3,2,1,0,1,1,0,10,5,5,10,5,5,0,0,0,3,2,1,0,0,0
55069801,13,7,6,1,7,0,0,0,0,0,0,1,1,2,0,1,0,0,0,4,3,1,4,2,2,0,0,0,5,2,3,0,0,0
55069802,21,10,11,2,7,4,2,2,0,0,0,0,3,0,1,0,0,0,0,9,5,4,8,3,5,2,1,1,2,1,1,0,0,0
55069803,33,20,13,1,21,1,4,0,0,0,0,0,3,0,2,1,1,1,0,10,9,1,17,9,8,2,0,2,3,1,2,0,0,0
55069804,82,52,30,3,34,12,5,2,4,1,2,4,8,1,5,1,5,4,1,39,28,11,29,18,11,2,0,2,4,1,3,3,1,2
55070102,42,26,16,5,15,8,3,1,0,0,0,2,1,1,1,1,3,2,1,25,16,9,9,6,3,0,0,0,1,0,1,4,2,2
55070103,13,7,6,7,1,0,1,1,0,0,0,1,0,0,2,0,0,0,0,3,3,0,7,2,5,1,1,0,1,1,0,1,0,1
55070104,10,6,4,3,1,0,0,0,1,0,0,1,0,3,1,0,1,1,0,1,1,0,3,1,2,0,0,0,5,3,2,0,0,0
55070106,117,73,44,23,38,16,6,6,6,0,2,4,3,4,4,2,9,6,3,66,43,23,31,14,17,0,0,0,6,5,1,5,5,0
55072801,54,29,25,6,22,2,4,3,2,0,0,4,3,1,6,0,1,1,0,19,11,8,25,12,13,3,1,2,4,2,2,2,2,0
55072802,36,17,19,1,10,3,3,2,4,0,1,4,2,3,2,0,0,0,0,8,4,4,16,8,8,0,0,0,11,5,6,1,0,1
55072803,21,12,9,7,6,1,2,0,1,0,0,1,0,1,1,0,3,2,1,9,7,2,7,2,5,0,0,0,1,0,1,1,1,0
55072804,23,15,8,4,14,1,0,0,1,0,0,0,0,1,2,0,1,0,1,9,6,3,11,8,3,0,0,0,1,1,0,1,0,1
55072805,68,38,30,3,16,7,5,1,7,0,1,6,7,7,4,2,4,2,2,20,13,7,29,17,12,1,0,1,13,6,7,1,0,1
55072806,449,233,216,30,143,39,32,20,30,10,5,23,34,36,28,3,32,16,16,168,97,71,139,71,68,12,4,8,78,34,44,20,11,9
55072808,7,5,2,3,1,0,1,0,0,0,0,1,0,0,1,0,1,1,0,5,4,1,0,0,0,0,0,0,1,0,1,0,0,0
55072809,28,18,10,3,11,5,1,0,1,0,1,0,1,0,2,1,1,1,0,12,8,4,10,6,4,1,0,1,3,2,1,1,1,0
55072810,17,9,8,0,4,5,1,0,1,0,0,1,3,1,1,0,1,0,1,4,4,0,8,3,5,0,0,0,3,1,2,1,1,0
55072811,58,34,24,4,28,3,3,1,2,1,0,2,7,4,2,0,1,1,0,22,13,9,23,10,13,1,1,0,9,7,2,2,2,0
52992301,61,33,28,7,26,6,6,1,2,0,1,1,0,7,3,0,3,2,1,32,16,16,18,13,5,0,0,0,7,1,6,1,1,0
3304850,0,0,0,0,0,0,0,0,0,0,0,0,0,0,0,0,0,0,0,0,0,0,0,0,0,0,0,0,0,0,0,0,0,0
55076101,11,6,5,5,1,0,1,1,2,1,0,0,0,0,0,0,1,0,1,6,3,3,2,2,0,1,0,1,1,1,0,0,0,0
55076102,47,31,16,12,14,3,4,2,2,0,0,3,1,1,3,0,9,4,5,29,22,7,5,3,2,0,0,0,2,1,1,2,1,1
53720901,142,77,65,12,48,9,15,3,4,3,2,7,13,11,6,2,1,0,1,57,38,19,54,26,28,1,1,0,25,11,14,4,1,3
53720902,19,10,9,0,7,1,1,0,1,1,0,3,1,2,2,0,0,0,0,2,2,0,12,6,6,1,1,0,4,1,3,0,0,0
55080901,561,316,245,61,179,42,57,37,9,5,8,30,29,42,41,2,34,20,14,230,152,78,183,89,94,9,3,6,82,34,48,23,18,5
55080902,27,13,14,6,5,2,3,3,2,0,0,2,0,1,2,0,1,0,1,14,8,6,9,5,4,1,0,1,2,0,2,0,0,0
55080903,19,11,8,4,8,1,5,0,0,1,0,0,0,0,0,0,1,1,0,12,8,4,3,1,2,0,0,0,3,1,2,0,0,0
55080904,52,35,17,3,16,6,3,6,3,0,2,1,3,4,2,2,3,1,2,23,20,3,17,9,8,1,1,0,7,3,4,1,1,0
55080906,14,10,4,1,6,3,0,0,0,0,0,0,2,0,2,0,0,0,0,8,6,2,2,1,1,1,0,1,2,2,0,1,1,0
55080907,56,32,24,8,20,8,4,3,1,1,1,3,0,2,4,0,12,8,4,21,15,6,15,6,9,2,1,1,3,1,2,3,1,2
55081701,299,165,134,60,126,22,20,8,5,3,0,8,14,11,12,1,13,5,8,132,86,46,118,59,59,9,3,6,18,8,10,9,4,5
55081703,25,11,14,4,6,1,2,1,1,0,0,2,4,0,4,0,1,0,1,7,5,2,11,3,8,0,0,0,4,2,2,2,1,1
55081704,16,9,7,0,8,0,1,1,0,0,0,3,0,0,1,0,0,0,0,8,5,3,5,3,2,0,0,0,2,1,1,1,0,1
55081706,26,15,11,6,11,0,2,0,0,0,0,2,0,4,1,0,0,0,0,6,4,2,16,10,6,0,0,0,4,1,3,0,0,0
55081707,26,17,9,8,7,1,0,1,2,0,2,3,1,0,1,0,3,1,2,10,9,1,9,4,5,0,0,0,3,2,1,1,1,0
55081708,32,17,15,9,12,3,0,1,1,0,0,1,1,0,1,1,2,2,0,12,6,6,14,7,7,0,0,0,3,1,2,1,1,0
55081709,23,12,11,5,8,1,0,0,1,0,0,2,2,2,2,0,0,0,0,9,7,2,8,4,4,0,0,0,5,1,4,1,0,1
59889501,153,91,62,18,62,11,13,11,4,2,1,4,5,8,9,2,6,3,3,52,38,14,64,34,30,7,5,2,18,8,10,6,3,3
59889502,24,15,9,1,8,3,1,0,2,0,0,1,2,3,2,0,0,0,0,8,7,1,6,3,3,3,1,2,7,4,3,0,0,0
59889503,10,7,3,3,5,0,1,0,0,0,0,1,0,0,0,0,0,0,0,4,3,1,2,2,0,0,0,0,4,2,2,0,0,0
55083301,59,35,24,14,16,3,7,1,0,0,0,5,2,4,4,1,6,3,3,27,16,11,11,7,4,1,0,1,9,5,4,5,4,1
55083302,16,12,4,3,5,2,1,2,0,0,0,0,0,1,1,0,0,0,0,11,8,3,4,3,1,0,0,0,1,1,0,0,0,0
55083303,11,8,3,4,3,1,0,1,0,1,0,1,0,0,0,0,1,1,0,6,4,2,1,1,0,0,0,0,3,2,1,0,0,0
55085001,18,10,8,1,9,1,4,0,0,0,0,1,0,1,0,0,0,0,0,7,5,2,10,5,5,1,0,1,0,0,0,0,0,0
55085003,44,23,21,7,20,3,2,0,0,0,2,0,3,2,3,0,6,1,5,16,11,5,10,5,5,1,1,0,9,4,5,2,1,1
55085004,14,10,4,3,2,0,4,1,0,0,0,0,2,1,1,0,0,0,0,5,4,1,6,4,2,0,0,0,3,2,1,0,0,0
55085006,40,24,16,7,15,2,0,2,0,0,1,3,3,3,3,0,1,0,1,19,13,6,16,9,7,1,0,1,3,2,1,0,0,0
55085007,27,14,13,5,8,0,1,4,0,0,0,0,2,2,5,0,2,2,0,10,6,4,11,5,6,0,0,0,4,1,3,0,0,0
55085008,65,35,30,10,28,4,8,4,0,0,0,1,3,3,3,0,2,1,1,21,14,7,24,12,12,2,1,1,12,5,7,4,2,2
55085009,20,11,9,6,5,2,1,0,2,0,0,0,1,0,0,0,0,0,0,13,9,4,5,2,3,1,0,1,1,0,1,0,0,0
55085011,42,22,20,2,19,1,2,1,2,2,0,6,2,3,2,0,0,0,0,8,3,5,21,14,7,2,2,0,8,2,6,3,1,2
55085012,64,37,27,2,25,6,3,6,0,0,0,4,1,7,6,3,3,2,1,25,15,10,25,14,11,1,0,1,8,4,4,2,2,0
55085013,472,254,218,19,174,21,39,38,8,19,9,34,16,44,28,9,21,12,9,133,80,53,196,105,91,8,4,4,103,47,56,11,6,5
55085014,145,74,71,10,52,7,15,6,6,1,1,11,2,16,16,1,1,0,1,50,34,16,50,24,26,3,1,2,35,11,24,6,4,2
55085015,245,133,112,7,93,15,18,10,11,4,4,20,11,17,23,4,12,10,2,63,39,24,105,61,44,8,2,6,43,13,30,14,8,6
55085016,219,121,98,9,82,13,28,13,8,4,0,11,10,15,15,3,9,4,5,76,51,25,78,40,38,4,1,3,40,18,22,12,7,5
55085017,21,11,10,0,6,1,4,4,0,0,0,2,0,4,0,0,1,1,0,8,6,2,8,3,5,0,0,0,4,1,3,0,0,0
55085018,813,413,400,38,336,46,65,41,23,14,13,57,41,51,56,11,39,17,22,277,167,110,293,128,165,21,10,11,137,57,80,46,34,12
55085020,16,9,7,1,6,3,1,0,0,1,0,2,0,1,0,0,0,0,0,3,2,1,4,1,3,1,1,0,8,5,3,0,0,0
55085021,597,309,288,18,273,28,48,35,12,9,2,48,19,37,44,12,38,16,22,242,146,96,199,92,107,11,6,5,66,21,45,41,28,13
55085022,293,159,134,7,83,14,47,31,10,7,5,19,8,28,24,4,13,8,5,75,48,27,138,80,58,8,1,7,53,18,35,6,4,2
53706301,40,24,16,4,15,3,1,1,1,2,0,6,4,0,2,1,2,0,2,17,8,9,11,9,2,1,1,0,8,5,3,1,1,0
53001801,29,20,9,8,6,3,3,0,1,1,0,2,0,2,0,3,3,2,1,10,8,2,11,6,5,0,0,0,4,4,0,1,0,1
56017101,25,16,9,12,2,1,1,0,0,0,0,0,2,4,3,0,0,0,0,6,5,1,7,5,2,0,0,0,12,6,6,0,0,0
52996601,82,45,37,9,33,6,9,4,1,1,1,3,3,6,4,1,3,2,1,39,26,13,29,14,15,1,1,0,5,0,5,5,2,3
55090601,223,138,85,20,72,15,28,9,10,4,1,16,13,14,15,2,12,7,5,93,66,27,81,40,41,5,3,2,24,15,9,8,7,1
55090602,25,15,10,2,7,0,2,1,0,1,0,2,3,5,2,0,0,0,0,10,7,3,8,6,2,0,0,0,6,1,5,1,1,0
51006801,88,47,41,18,26,10,5,3,2,0,0,4,8,5,4,0,0,0,0,51,28,23,19,10,9,1,1,0,16,7,9,1,1,0
55092201,242,132,110,18,72,16,29,22,3,4,2,22,15,18,16,2,17,8,9,100,64,36,75,34,41,6,5,1,33,14,19,11,7,4
55092202,60,32,28,7,15,4,10,4,0,1,0,6,4,5,3,0,3,1,2,20,14,6,27,14,13,1,0,1,8,2,6,1,1,0
55092203,43,25,18,3,20,4,2,2,2,2,2,0,0,2,3,0,2,2,0,17,10,7,13,9,4,0,0,0,9,3,6,2,1,1
55092204,87,53,34,24,22,6,6,5,1,1,0,2,7,6,3,0,5,2,3,31,21,10,36,22,14,1,1,0,8,3,5,6,4,2
55092206,15,9,6,4,2,1,1,1,1,0,0,1,0,3,1,0,1,1,0,6,4,2,6,3,3,0,0,0,2,1,1,0,0,0
55094902,53,33,20,10,16,5,9,4,1,1,1,3,2,1,0,0,2,1,1,31,23,8,11,3,8,0,0,0,6,3,3,3,3,0
55094903,17,11,6,5,3,2,1,2,0,0,1,0,1,2,0,0,0,0,0,8,8,0,3,1,2,0,0,0,6,2,4,0,0,0
55094904,17,9,8,5,5,1,0,1,0,0,0,4,0,1,0,0,0,0,0,8,6,2,5,2,3,0,0,0,4,1,3,0,0,0
55095701,8,4,4,2,1,0,0,0,0,0,1,1,1,1,0,0,2,1,1,1,1,0,2,1,1,0,0,0,3,1,2,0,0,0
55095702,267,144,123,20,90,24,29,16,5,2,1,13,12,31,14,0,6,1,5,118,75,43,88,40,48,2,2,0,42,18,24,11,8,3
55095704,18,13,5,2,7,2,1,1,0,0,0,0,1,0,3,0,0,0,0,6,5,1,8,6,2,0,0,0,4,2,2,0,0,0
55095705,23,14,9,3,7,1,1,0,1,1,0,1,1,3,4,0,1,0,1,6,5,1,13,8,5,0,0,0,3,1,2,0,0,0
55095706,22,14,8,2,5,1,3,0,1,1,0,2,1,5,0,1,0,0,0,12,8,4,7,6,1,2,0,2,1,0,1,0,0,0
55095707,16,10,6,0,7,1,2,0,0,0,0,2,2,0,1,0,1,1,0,10,7,3,4,2,2,0,0,0,1,0,1,0,0,0
55095708,10,6,4,2,4,0,2,0,0,0,0,0,1,1,0,0,0,0,0,2,2,0,8,4,4,0,0,0,0,0,0,0,0,0
55095709,25,15,10,3,11,1,0,2,1,2,0,0,2,2,1,0,0,0,0,7,5,2,10,4,6,1,1,0,7,5,2,0,0,0
55095710,47,30,17,6,20,1,8,2,0,2,0,2,0,2,2,0,1,1,0,16,13,3,17,10,7,1,0,1,11,6,5,1,0,1
55096501,174,93,81,13,61,15,10,21,2,2,1,10,10,17,8,2,11,6,5,68,41,27,64,29,35,2,1,1,20,10,10,9,6,3
55096502,23,13,10,7,9,0,0,3,0,0,0,1,1,1,1,0,0,0,0,12,9,3,7,2,5,0,0,0,4,2,2,0,0,0
55096503,20,13,7,1,4,4,0,1,1,2,1,1,3,0,1,0,0,0,0,10,7,3,4,3,1,2,1,1,4,2,2,0,0,0
55098101,112,68,44,22,24,10,7,5,7,1,1,5,4,8,17,0,1,1,0,54,40,14,39,18,21,2,1,1,14,6,8,2,2,0
55098102,34,18,16,6,11,2,3,1,5,0,0,2,0,1,2,0,2,1,1,15,7,8,12,8,4,0,0,0,5,2,3,0,0,0
55101501,36,22,14,8,10,1,2,2,1,0,1,3,4,3,0,1,3,1,2,14,9,5,12,7,5,1,0,1,4,3,1,2,2,0
55101502,134,75,59,18,49,7,7,10,3,4,2,8,8,5,6,1,4,1,3,59,39,20,45,22,23,1,0,1,22,12,10,3,1,2
56021901,94,51,43,5,38,9,9,3,2,2,0,8,4,7,5,0,3,2,1,27,17,10,38,19,19,1,1,0,23,10,13,2,2,0
55102301,26,17,9,2,5,3,3,2,2,0,0,1,1,1,2,3,3,1,2,15,9,6,6,5,1,0,0,0,2,2,0,0,0,0
55102302,37,22,15,5,13,4,2,2,2,1,0,1,2,4,1,0,2,1,1,17,13,4,11,3,8,0,0,0,4,3,1,3,2,1
55102303,10,4,6,1,2,0,2,0,0,0,0,3,0,1,0,0,0,0,0,1,0,1,7,3,4,0,0,0,2,1,1,0,0,0
55102304,32,20,12,4,7,5,2,1,1,0,0,0,3,3,2,3,0,0,0,13,10,3,8,5,3,1,0,1,6,2,4,4,3,1
56024301,11,6,5,1,5,0,3,0,0,0,1,0,1,0,0,0,0,0,0,4,4,0,6,2,4,1,0,1,0,0,0,0,0,0
56024302,62,35,27,3,21,6,8,4,0,0,0,3,6,4,6,0,1,1,0,23,16,7,22,10,12,3,3,0,13,5,8,0,0,0
55104001,91,49,42,10,34,7,7,5,1,0,1,4,7,10,5,0,4,1,3,35,23,12,30,17,13,3,1,2,16,5,11,3,2,1
55104003,13,8,5,1,6,0,0,0,0,0,0,2,2,1,1,0,0,0,0,5,3,2,5,3,2,0,0,0,3,2,1,0,0,0
55104004,18,10,8,4,2,3,1,0,0,0,0,1,2,0,2,0,0,0,0,10,7,3,4,1,3,1,1,0,2,1,1,1,0,1
55104007,28,19,9,2,14,1,4,2,0,0,0,1,0,2,2,0,4,4,0,15,10,5,9,5,4,0,0,0,0,0,0,0,0,0
55159701,78,41,37,11,24,3,5,8,0,0,0,5,6,6,4,0,2,1,1,28,23,5,31,12,19,3,2,1,13,2,11,1,1,0
56169001,21,13,8,3,6,2,3,1,0,0,0,0,1,2,3,0,0,0,0,6,5,1,7,4,3,1,1,0,6,2,4,1,1,0
53662801,48,31,17,13,14,1,3,0,0,0,1,7,3,5,1,0,2,2,0,20,13,7,12,9,3,1,0,1,13,7,6,0,0,0
53688101,71,40,31,6,25,1,8,2,0,0,2,11,4,8,3,1,1,1,0,23,16,7,30,15,15,0,0,0,15,6,9,2,2,0
53688102,61,38,23,7,29,3,3,3,2,2,0,0,6,0,5,0,3,1,2,25,16,9,19,12,7,0,0,0,14,9,5,0,0,0
53636901,32,21,11,11,8,1,0,0,0,0,0,3,4,3,2,0,1,1,0,13,12,1,12,5,7,0,0,0,6,3,3,0,0,0
55110401,41,25,16,10,9,1,3,5,0,0,0,1,5,1,4,1,2,2,0,13,9,4,17,9,8,2,1,1,5,3,2,2,1,1
55110402,43,20,23,5,10,3,5,3,1,1,1,1,2,1,7,2,2,0,2,19,13,6,12,1,11,3,3,0,7,3,4,0,0,0
55112101,73,44,29,7,41,3,5,2,3,0,1,4,3,1,1,1,10,5,5,32,20,12,22,13,9,0,0,0,7,4,3,2,2,0
55113901,221,125,96,34,64,21,23,9,2,1,1,10,9,17,16,3,18,10,8,71,48,23,65,31,34,0,0,0,43,19,24,24,17,7
52998201,106,63,43,9,42,8,11,2,2,2,0,11,9,2,6,1,3,1,2,47,33,14,31,18,13,3,0,3,17,8,9,5,3,2
53690301,21,14,7,7,7,0,0,1,0,0,2,1,1,1,1,0,0,0,0,10,7,3,7,5,2,2,2,0,0,0,0,2,0,2
55115501,98,58,40,13,28,9,12,3,2,2,0,9,5,4,9,2,7,5,2,35,22,13,34,21,13,0,0,0,19,8,11,3,2,1
55115502,22,11,11,1,1,3,7,1,2,1,0,2,1,0,2,0,0,0,0,9,5,4,8,4,4,1,0,1,3,1,2,1,1,0
55116301,86,46,40,8,26,4,16,9,1,0,1,6,4,4,5,1,6,3,3,29,19,10,32,15,17,1,0,1,14,7,7,4,2,2
55116302,13,9,4,0,6,0,2,3,0,0,0,0,2,0,0,0,0,0,0,5,3,2,4,4,0,1,1,0,3,1,2,0,0,0
55118001,56,38,18,11,25,7,5,0,0,2,0,0,1,2,1,1,0,0,0,27,19,8,20,13,7,3,1,2,4,3,1,2,2,0
55118002,36,21,15,7,17,1,1,2,0,0,0,2,2,0,4,0,4,2,2,18,14,4,8,3,5,0,0,0,5,2,3,1,0,1
55118004,50,32,18,2,23,2,3,4,2,2,0,1,1,2,3,0,1,1,0,19,12,7,19,13,6,1,1,0,10,5,5,0,0,0
55118005,32,21,11,8,11,0,0,3,0,0,1,2,3,1,1,1,3,2,1,11,8,3,12,7,5,0,0,0,3,2,1,3,2,1
53694601,33,19,14,2,12,5,5,4,1,0,0,1,0,0,2,1,1,0,1,13,9,4,14,7,7,0,0,0,3,1,2,2,2,0
55120101,666,350,316,42,195,49,76,27,21,17,13,51,41,48,48,10,21,12,9,206,126,80,246,120,126,7,3,4,170,80,90,16,9,7
56040501,58,36,22,2,21,10,5,1,1,0,1,2,6,3,6,0,2,1,1,26,20,6,17,9,8,0,0,0,13,6,7,0,0,0
53660101,68,36,32,10,33,2,5,2,2,2,0,4,3,4,1,0,0,0,0,29,17,12,26,14,12,2,0,2,9,4,5,2,1,1
53634201,45,27,18,9,11,5,3,4,2,1,0,0,3,1,4,0,1,0,1,23,18,5,15,5,10,0,0,0,4,2,2,2,2,0
55126101,84,44,40,6,30,5,10,5,1,0,1,6,4,8,6,1,4,1,3,40,23,17,22,10,12,2,1,1,14,7,7,2,2,0
55126102,18,10,8,2,5,1,1,1,0,2,0,0,0,2,4,0,0,0,0,4,2,2,6,3,3,1,1,0,7,4,3,0,0,0
53680601,55,30,25,7,18,2,10,7,0,0,0,1,4,1,3,0,8,4,4,32,19,13,10,3,7,0,0,0,2,2,0,3,2,1
53680602,15,10,5,2,7,0,1,0,0,1,0,1,1,0,1,0,1,0,1,6,4,2,5,4,1,0,0,0,3,2,1,0,0,0
53695401,34,20,14,9,11,6,2,0,1,0,0,1,2,0,0,0,0,0,0,19,11,8,12,8,4,0,0,0,2,1,1,1,0,1
53655501,31,21,10,6,10,2,2,4,0,0,0,1,0,1,5,0,4,3,1,13,10,3,9,5,4,1,0,1,3,2,1,1,1,0
53655502,32,20,12,1,14,2,2,0,2,0,0,0,4,1,6,0,0,0,0,16,10,6,12,7,5,0,0,0,3,2,1,1,1,0
56039101,25,16,9,0,10,2,4,0,0,0,0,2,1,0,4,0,1,1,0,8,5,3,11,7,4,1,0,1,4,3,1,0,0,0
53675001,49,28,21,4,16,8,6,1,2,1,0,2,4,1,2,0,4,3,1,27,17,10,7,1,6,2,0,2,5,3,2,4,4,0
59895001,57,28,29,10,22,6,4,1,3,0,0,1,3,2,1,1,1,0,1,26,15,11,18,6,12,1,1,0,9,5,4,2,1,1
56019701,29,15,14,4,9,0,2,0,1,0,0,4,1,3,5,0,2,1,1,11,5,6,11,5,6,2,1,1,3,3,0,0,0,0
55133301,42,24,18,7,17,2,3,2,0,1,0,3,4,1,2,0,3,1,2,23,16,7,9,5,4,1,0,1,6,2,4,0,0,0
55133302,132,77,55,12,45,15,11,11,4,3,1,5,6,9,8,0,3,3,0,58,36,22,44,24,20,1,0,1,17,7,10,9,7,2
55133303,50,27,23,7,14,5,8,1,0,2,0,1,2,2,5,2,3,1,2,22,14,8,14,9,5,0,0,0,11,3,8,0,0,0
53683101,48,30,18,5,15,5,4,1,1,1,0,2,3,4,5,0,0,0,0,14,10,4,27,17,10,0,0,0,7,3,4,0,0,0
55134101,66,38,28,11,18,5,8,3,1,0,1,3,5,5,5,1,1,1,0,29,19,10,24,12,12,0,0,0,11,5,6,1,1,0
55134102,24,17,7,2,14,1,2,1,1,0,0,2,1,0,0,0,1,1,0,14,8,6,5,5,0,0,0,0,0,0,0,4,3,1
55134103,43,28,15,13,15,2,2,3,3,0,0,0,2,3,0,0,3,2,1,16,14,2,15,8,7,1,1,0,5,2,3,3,1,2
55135001,281,168,113,36,109,10,20,11,6,1,3,11,11,16,32,4,21,12,9,133,86,47,79,40,39,7,4,3,26,14,12,15,12,3
55135002,41,25,16,6,19,2,3,2,0,1,0,3,2,1,1,1,3,1,2,19,14,5,13,5,8,0,0,0,4,3,1,2,2,0
53682202,22,13,9,1,9,3,1,1,1,0,1,3,0,0,1,0,1,0,1,11,9,2,5,2,3,0,0,0,4,2,2,1,0,1
53682203,13,6,7,2,5,0,2,1,1,0,0,0,1,1,0,0,2,1,1,4,1,3,6,3,3,0,0,0,1,1,0,0,0,0
53646601,108,56,52,10,35,6,9,6,4,3,0,2,4,3,22,0,13,3,10,43,28,15,33,14,19,1,0,1,14,7,7,4,4,0
55138401,337,186,151,23,120,30,35,21,7,5,1,22,28,26,14,0,14,8,6,122,80,42,121,68,53,11,8,3,66,20,46,3,2,1
55138404,24,11,13,2,7,4,3,0,0,0,0,2,0,5,0,0,1,0,1,10,7,3,4,1,3,1,1,0,7,2,5,1,0,1
55139201,129,80,49,17,39,21,20,7,3,0,4,4,2,6,5,0,6,5,1,64,46,18,45,24,21,2,1,1,9,3,6,3,1,2
53641501,24,16,8,8,3,1,3,2,0,0,0,3,0,2,2,0,4,3,1,8,7,1,8,4,4,1,0,1,0,0,0,3,2,1
53653901,32,18,14,4,8,1,3,4,1,0,1,1,3,1,4,0,0,0,0,10,7,3,17,7,10,1,1,0,3,2,1,1,1,0
55141401,121,63,58,8,43,9,18,5,2,0,1,7,5,14,7,0,6,3,3,51,31,20,34,20,14,7,1,6,16,6,10,7,2,5
55141403,8,4,4,3,2,0,1,0,0,0,1,0,0,0,0,0,1,0,1,3,1,2,3,3,0,0,0,0,1,0,1,0,0,0
53656301,118,66,52,21,31,7,10,11,2,0,2,7,11,8,4,1,3,3,0,49,34,15,42,20,22,1,0,1,19,7,12,4,2,2
56027801,128,73,55,5,43,11,15,4,5,0,3,7,6,15,6,1,4,2,2,37,25,12,52,27,25,4,3,1,23,10,13,8,6,2
55147302,9,7,2,0,2,1,0,2,0,0,0,0,1,1,2,0,0,0,0,4,4,0,2,0,2,0,0,0,3,3,0,0,0,0
55147303,60,37,23,12,23,5,4,2,1,1,1,3,2,3,1,1,1,1,0,32,21,11,17,9,8,1,1,0,7,4,3,2,1,1
55147305,12,7,5,2,2,0,3,0,1,0,0,1,1,0,0,1,0,0,0,7,5,2,2,0,2,0,0,0,2,1,1,1,1,0
55147308,31,16,15,1,12,3,2,1,1,1,1,1,3,2,3,0,1,0,1,9,6,3,12,3,9,1,0,1,7,6,1,1,1,0
55147310,13,7,6,2,2,2,1,0,1,1,0,1,0,2,0,0,1,0,1,3,3,0,5,2,3,0,0,0,4,2,2,0,0,0
53664401,56,35,21,4,17,4,14,4,0,0,0,4,3,4,1,0,1,1,0,22,16,6,16,8,8,0,0,0,9,5,4,8,5,3
53664402,25,16,9,3,7,4,4,1,0,0,0,3,1,1,0,1,0,0,0,7,4,3,12,9,3,1,0,1,2,1,1,3,2,1
53647401,46,28,18,6,16,6,7,0,1,0,0,3,1,3,2,0,3,2,1,21,15,6,12,7,5,2,1,1,4,1,3,4,2,2
53672501,55,30,25,8,16,7,9,4,0,1,1,3,3,0,3,0,3,1,2,30,19,11,14,5,9,0,0,0,7,4,3,1,1,0
55152001,146,84,62,16,61,10,21,6,2,2,0,9,6,4,8,1,10,6,4,78,49,29,39,21,18,1,0,1,15,6,9,3,2,1
55152003,15,10,5,2,5,3,2,1,1,0,0,0,1,0,0,0,0,0,0,5,3,2,9,6,3,0,0,0,1,1,0,0,0,0
53696201,108,66,42,14,31,10,8,6,5,1,0,7,8,6,6,0,3,2,1,43,27,16,36,21,15,0,0,0,18,9,9,8,7,1
56020101,26,15,11,3,6,2,8,2,1,0,0,0,1,2,0,1,3,2,1,10,6,4,7,3,4,1,1,0,1,0,1,4,3,1
56020103,12,7,5,3,0,1,1,0,0,0,0,1,2,2,2,0,0,0,0,5,3,2,4,3,1,1,0,1,2,1,1,0,0,0
55155401,46,21,25,11,8,6,4,0,2,0,0,1,3,5,6,0,2,0,2,14,10,4,15,8,7,2,1,1,10,1,9,3,1,2
55155402,124,76,48,29,37,9,9,7,3,0,0,6,3,12,4,0,7,3,4,55,43,12,41,22,19,1,0,1,16,6,10,4,2,2
55156201,18,10,8,1,7,0,5,1,0,0,0,1,0,1,0,1,2,2,0,6,4,2,7,2,5,0,0,0,3,2,1,0,0,0
55156202,21,15,6,3,4,1,1,2,0,0,1,0,3,1,5,0,1,1,0,9,8,1,7,4,3,0,0,0,2,1,1,2,1,1
55156203,187,113,74,19,57,15,13,16,1,0,0,13,14,5,27,2,30,28,2,69,39,30,57,30,27,3,0,3,21,9,12,7,7,0
55156204,23,14,9,1,7,3,1,1,0,1,0,0,3,0,4,1,3,2,1,3,2,1,11,7,4,2,1,1,3,1,2,1,1,0
55156205,31,15,16,0,10,3,4,1,1,0,0,2,4,0,5,1,0,0,0,16,10,6,10,4,6,0,0,0,4,1,3,1,0,1
55157101,52,31,21,9,22,5,2,0,0,0,1,0,2,4,5,0,1,1,0,24,16,8,18,10,8,0,0,0,4,0,4,5,4,1
59888702,47,31,16,23,8,1,2,0,1,1,0,4,3,1,3,0,1,1,0,10,8,2,16,10,6,1,0,1,11,5,6,8,7,1
53691101,13,9,4,2,4,3,0,0,0,0,0,1,0,1,2,0,0,0,0,6,5,1,5,3,2,0,0,0,2,1,1,0,0,0
53691102,22,15,7,4,3,4,4,2,1,0,0,2,0,2,0,0,0,0,0,10,8,2,9,5,4,0,0,0,1,1,0,2,1,1
55161901,23,11,12,2,3,0,4,2,1,0,0,4,2,4,1,0,1,0,1,11,6,5,8,4,4,1,1,0,2,0,2,0,0,0
55161902,149,82,67,11,54,13,21,7,5,1,3,6,7,4,7,3,8,7,1,60,33,27,56,27,29,5,2,3,12,8,4,8,5,3
55162701,23,16,7,2,14,0,4,0,0,0,0,0,1,1,0,1,2,2,0,10,8,2,9,5,4,1,1,0,1,0,1,0,0,0
55162702,80,50,30,30,24,2,6,2,1,0,1,4,6,1,1,0,7,4,3,35,24,11,28,17,11,0,0,0,7,3,4,3,2,1
55162703,15,10,5,3,4,3,2,0,0,0,0,1,1,0,0,1,0,0,0,7,5,2,7,4,3,0,0,0,0,0,0,1,1,0
55162704,25,13,12,8,7,1,3,2,1,0,0,1,0,1,1,0,1,0,1,8,5,3,12,5,7,0,0,0,4,3,1,0,0,0
53679201,39,22,17,3,16,2,5,0,1,0,2,0,3,4,3,0,4,4,0,8,6,2,18,6,12,3,3,0,5,2,3,1,1,0
55163501,9,5,4,2,5,1,0,0,0,0,0,0,1,0,0,0,0,0,0,4,2,2,2,1,1,0,0,0,3,2,1,0,0,0
55163502,14,8,6,2,5,0,0,1,1,0,0,0,1,3,0,1,0,0,0,6,4,2,4,2,2,0,0,0,3,1,2,1,1,0
55163503,48,31,17,10,13,4,6,3,2,0,1,4,2,1,2,0,4,2,2,26,17,9,11,6,5,0,0,0,5,4,1,2,2,0
55163504,34,18,16,5,10,4,2,0,1,0,1,1,2,4,3,0,2,1,1,18,10,8,7,4,3,2,0,2,5,3,2,0,0,0
55163505,21,12,9,0,11,0,2,0,1,0,0,1,3,2,1,0,3,2,1,6,4,2,9,5,4,0,0,0,3,1,2,0,0,0
53654701,63,38,25,7,24,8,4,3,0,0,1,5,3,4,3,1,3,1,2,22,15,7,26,14,12,0,0,0,10,6,4,2,2,0
55164301,19,10,9,3,4,3,4,2,0,1,0,1,0,0,1,0,0,0,0,4,3,1,11,6,5,0,0,0,4,1,3,0,0,0
55164302,43,25,18,5,12,5,2,2,2,0,0,5,4,2,2,0,1,1,0,22,13,9,11,7,4,3,2,1,5,1,4,1,1,0
55164303,137,77,60,15,32,11,12,13,4,3,0,12,13,5,11,2,6,3,3,54,38,16,50,19,31,4,2,2,14,8,6,9,7,2
55164304,24,16,8,1,7,2,3,3,0,0,1,2,2,0,2,1,0,0,0,8,7,1,12,6,6,1,0,1,3,3,0,0,0,0
53642301,19,12,7,6,4,2,2,1,1,0,0,0,0,0,1,0,2,1,1,11,8,3,5,2,3,0,0,0,0,0,0,1,1,0
55166001,26,14,12,3,8,1,2,1,1,0,2,1,4,2,0,0,1,0,1,9,7,2,14,7,7,0,0,0,2,0,2,0,0,0
55166002,55,33,22,4,17,4,4,2,2,1,0,6,3,5,7,0,1,0,1,10,9,1,29,18,11,1,1,0,12,4,8,2,1,1
55166003,41,21,20,4,10,1,5,0,0,0,2,0,5,5,5,1,0,0,0,9,7,2,21,11,10,2,0,2,8,2,6,1,1,0
55166004,467,248,219,34,151,40,48,17,12,9,10,24,45,39,25,5,22,14,8,149,82,67,172,90,82,14,9,5,90,37,53,20,16,4
55166006,31,19,12,10,6,2,1,6,1,0,0,0,2,1,1,1,2,2,0,18,11,7,9,5,4,1,1,0,1,0,1,0,0,0
55166007,13,8,5,2,2,1,4,0,1,0,0,2,0,0,1,0,1,0,1,6,3,3,3,2,1,1,1,0,1,1,0,1,1,0
55167802,40,26,14,6,17,2,4,0,0,0,0,5,1,4,1,0,0,0,0,19,14,5,15,9,6,1,0,1,5,3,2,0,0,0
55167803,257,143,114,15,89,22,33,11,6,4,7,14,19,8,18,3,9,7,2,57,40,17,114,58,56,9,3,6,48,22,26,20,13,7
55167805,11,7,4,4,2,1,1,1,1,0,0,0,0,0,1,0,0,0,0,5,4,1,4,2,2,2,1,1,0,0,0,0,0,0
55167806,19,11,8,5,3,2,4,1,0,0,0,1,0,0,1,1,1,1,0,7,4,3,9,5,4,0,0,0,1,0,1,1,1,0
53686501,116,65,51,8,32,7,10,13,3,3,2,5,5,14,9,0,6,4,2,36,25,11,46,20,26,2,0,2,21,12,9,5,4,1
53684901,231,129,102,12,69,10,36,7,6,2,4,21,21,16,16,6,9,7,2,72,44,28,90,50,40,10,2,8,42,18,24,8,8,0
55171601,32,18,14,6,15,1,1,1,2,0,0,1,0,3,2,0,1,1,0,18,7,11,7,6,1,1,0,1,4,3,1,1,1,0
55171602,28,16,12,7,10,0,1,1,2,1,0,2,1,1,2,0,0,0,0,10,9,1,12,5,7,1,0,1,5,2,3,0,0,0
55171604,521,290,231,45,210,29,27,26,17,7,6,31,33,28,41,2,15,5,10,199,128,71,211,114,97,9,0,9,72,33,39,15,10,5
59890901,35,22,13,5,10,3,8,1,0,0,0,0,2,4,1,0,2,2,0,12,7,5,14,7,7,1,1,0,5,4,1,1,1,0
55174101,29,19,10,9,6,1,4,2,2,1,0,1,2,1,0,0,2,0,2,8,7,1,14,8,6,0,0,0,5,4,1,0,0,0
55174102,56,29,27,11,18,1,3,3,1,0,1,2,5,6,4,0,6,2,4,27,16,11,11,5,6,1,0,1,10,5,5,1,1,0
53677601,74,47,27,4,29,3,7,6,0,1,2,3,4,10,2,0,5,3,2,24,18,6,28,17,11,4,2,2,13,7,6,0,0,0
55175901,12,8,4,2,2,3,0,0,0,0,0,1,2,0,2,0,0,0,0,8,6,2,2,1,1,0,0,0,1,0,1,1,1,0
55175902,130,68,62,6,43,16,13,7,6,1,1,6,12,11,4,1,3,1,2,51,31,20,47,22,25,3,1,2,23,10,13,3,3,0
53003401,26,18,8,4,6,2,5,2,1,0,1,1,3,0,1,0,2,2,0,11,7,4,9,6,3,0,0,0,2,1,1,2,2,0
53003402,20,9,11,2,6,0,5,0,0,0,0,1,1,3,2,0,1,0,1,7,5,2,7,3,4,0,0,0,5,1,4,0,0,0
53003403,149,90,59,9,50,15,15,7,4,3,1,12,9,12,5,1,7,3,4,61,44,17,47,23,24,4,4,0,26,12,14,4,4,0
1560010,0,0,0,0,0,0,0,0,0,0,0,0,0,0,0,0,0,0,0,0,0,0,0,0,0,0,0,0,0,0,0,0,0,0
3016550,0,0,0,0,0,0,0,0,0,0,0,0,0,0,0,0,0,0,0,0,0,0,0,0,0,0,0,0,0,0,0,0,0,0
3016800,0,0,0,0,0,0,0,0,0,0,0,0,0,0,0,0,0,0,0,0,0,0,0,0,0,0,0,0,0,0,0,0,0,0
55078701,29,16,13,1,10,1,0,1,0,1,1,4,2,1,4,1,2,0,2,10,8,2,7,3,4,0,0,0,9,4,5,1,1,0
55078702,89,45,44,8,34,7,10,3,1,0,1,6,3,2,7,2,2,2,0,30,19,11,41,16,25,3,1,2,9,4,5,4,3,1
55078703,1039,583,456,26,392,62,104,44,19,22,20,70,79,75,89,8,37,25,12,294,204,90,406,203,203,21,7,14,249,121,128,32,23,9
55078704,84,46,38,3,31,12,11,1,0,3,0,4,1,5,7,3,3,0,3,33,23,10,27,11,16,2,2,0,15,7,8,4,3,1
55078705,289,152,137,8,88,17,38,17,10,8,6,12,20,28,21,5,10,4,6,77,51,26,118,68,50,3,0,3,73,24,49,8,5,3
55078706,84,40,44,2,19,2,16,1,2,5,3,9,4,4,12,0,0,0,0,5,2,3,33,16,17,2,1,1,39,19,20,5,2,3
55078707,186,101,85,8,41,18,16,7,9,7,3,12,14,19,20,4,2,1,1,49,34,15,67,34,33,5,4,1,59,26,33,4,2,2
55078708,171,92,79,0,61,10,25,5,5,3,6,12,13,12,9,5,7,4,3,46,30,16,80,42,38,2,1,1,31,11,20,5,4,1
55078709,25,14,11,0,10,0,5,3,0,0,0,1,0,3,2,1,1,1,0,8,5,3,13,6,7,0,0,0,1,0,1,2,2,0
55078710,25,13,12,0,5,2,2,0,0,0,0,2,7,4,2,0,0,0,0,8,6,2,6,1,5,1,1,0,10,5,5,0,0,0
55078711,34,19,15,1,6,4,7,2,1,1,2,2,1,4,2,1,0,0,0,7,5,2,17,7,10,0,0,0,6,3,3,4,4,0
55078713,735,374,361,20,227,37,78,30,19,15,6,58,51,77,89,10,45,23,22,214,129,85,251,117,134,20,10,10,180,80,100,25,15,10
55078714,29,18,11,1,6,2,3,2,0,0,0,6,3,2,4,0,1,1,0,7,6,1,7,5,2,0,0,0,13,6,7,1,0,1
55078715,1002,527,475,23,368,57,97,47,23,14,13,68,77,78,93,8,50,25,25,322,193,129,385,193,192,24,10,14,179,76,103,42,30,12
55078716,20,10,10,2,5,3,1,0,0,0,1,3,2,2,1,0,0,0,0,5,4,1,9,4,5,2,1,1,3,0,3,1,1,0
55078717,1914,1064,850,36,634,126,237,90,72,36,26,160,122,116,143,23,112,64,48,654,408,246,671,336,335,43,20,23,306,154,152,128,82,46
55078718,248,142,106,6,69,19,31,14,8,5,3,15,25,15,17,5,15,8,7,65,42,23,91,51,40,8,2,6,62,36,26,7,3,4
55078719,91,48,43,1,27,7,14,2,0,0,4,1,17,11,4,1,1,1,0,11,7,4,36,19,17,5,5,0,38,16,22,0,0,0
55078720,659,341,318,21,211,30,88,43,12,11,8,44,63,43,59,2,40,15,25,211,128,83,254,129,125,8,2,6,131,58,73,15,9,6
55078721,92,57,35,1,33,6,5,13,0,0,0,7,5,7,7,3,8,4,4,24,18,6,25,13,12,1,1,0,21,11,10,13,10,3
55078722,129,64,65,4,27,3,11,3,5,3,0,15,8,9,32,4,14,7,7,27,18,9,41,21,20,2,2,0,42,16,26,3,0,3
55078723,399,219,180,8,150,18,52,23,11,7,6,22,36,19,30,6,21,10,11,158,96,62,138,74,64,5,0,5,64,32,32,13,7,6
55078724,886,446,440,21,265,55,104,39,16,15,10,56,100,66,89,9,39,19,20,259,148,111,333,149,184,28,16,12,206,100,106,21,14,7
55078725,55,32,23,1,21,4,5,3,7,0,1,3,3,1,3,1,7,3,4,25,16,9,16,10,6,1,0,1,2,1,1,4,2,2
55078726,57,33,24,0,23,3,6,5,0,1,0,2,3,8,4,0,0,0,0,23,13,10,22,15,7,0,0,0,12,5,7,0,0,0
55078728,1876,959,917,30,721,103,198,90,52,29,25,145,135,128,137,22,115,61,54,657,362,295,698,341,357,36,24,12,294,128,166,76,43,33
55078729,56,29,27,1,16,5,8,4,1,0,1,4,3,5,5,1,0,0,0,22,15,7,23,11,12,0,0,0,9,3,6,2,0,2
55078731,7,4,3,1,1,1,0,0,1,0,0,0,1,0,0,1,1,1,0,2,1,1,1,1,0,0,0,0,1,0,1,2,1,1
55078733,238,135,103,6,74,13,28,15,9,2,3,23,16,20,17,4,9,5,4,61,43,18,97,52,45,6,4,2,56,29,27,9,2,7
55177501,51,31,20,5,22,2,8,2,2,1,1,2,1,0,5,0,5,0,5,23,18,5,17,8,9,1,1,0,3,2,1,2,2,0
55177502,23,16,7,3,9,2,1,0,1,0,0,0,3,2,2,0,2,1,1,12,10,2,5,2,3,0,0,0,2,1,1,2,2,0
53678401,71,41,30,11,19,3,12,3,2,0,0,7,7,3,1,3,8,5,3,25,13,12,19,13,6,2,1,1,15,7,8,2,2,0
55179101,52,29,23,4,22,7,4,1,4,0,0,1,1,3,2,1,4,1,3,28,20,8,12,6,6,2,0,2,4,1,3,2,1,1
55179102,22,16,6,3,9,1,1,1,0,1,1,2,0,3,0,0,1,1,0,13,10,3,6,4,2,0,0,0,2,1,1,0,0,0
55179103,43,23,20,9,12,3,3,2,0,0,1,3,1,7,1,1,2,2,0,15,10,5,17,8,9,0,0,0,7,2,5,2,1,1
55179104,11,6,5,3,2,2,1,0,0,0,0,1,0,1,0,0,0,0,0,7,5,2,2,0,2,0,0,0,2,1,1,0,0,0
55179105,291,176,115,15,124,24,32,12,14,2,4,8,20,16,10,5,18,10,8,139,95,44,94,52,42,4,2,2,28,11,17,8,6,2
55183001,29,18,11,1,16,1,0,1,0,0,0,1,3,2,3,1,3,2,1,9,7,2,8,5,3,1,0,1,7,3,4,1,1,0
55183002,125,76,49,15,51,5,16,9,1,2,1,4,6,6,6,0,5,4,1,57,39,18,38,17,21,4,1,3,17,12,5,4,3,1
53692001,89,53,36,19,26,10,5,2,2,3,1,5,4,6,4,1,6,4,2,36,25,11,34,16,18,3,1,2,9,6,3,1,1,0
55185601,57,31,26,5,23,4,5,2,1,1,1,3,2,2,5,0,2,1,1,29,19,10,15,7,8,2,2,0,7,1,6,2,1,1
55185602,332,179,153,22,99,27,49,25,19,4,4,20,16,18,15,3,17,9,8,132,79,53,125,63,62,3,1,2,46,21,25,9,6,3
55185603,35,16,19,8,16,0,0,1,0,1,3,1,0,1,2,1,2,1,1,9,8,1,14,5,9,2,1,1,8,1,7,0,0,0
53659801,119,68,51,9,45,10,6,7,2,2,1,7,10,5,14,0,3,1,2,51,37,14,36,17,19,4,2,2,17,7,10,8,4,4
53651202,94,49,45,14,38,8,4,6,2,0,0,2,6,6,5,0,2,1,1,48,34,14,24,9,15,2,0,2,10,2,8,8,3,5
55189901,66,34,32,13,24,2,3,3,0,1,0,1,6,6,5,1,1,0,1,24,17,7,26,12,14,1,0,1,14,5,9,0,0,0
55189902,75,46,29,8,24,9,3,3,1,2,0,6,8,6,3,1,5,2,3,30,24,6,28,15,13,2,1,1,7,3,4,3,1,2
53667901,34,18,16,4,10,6,2,1,0,0,0,3,5,1,2,0,1,0,1,16,11,5,10,4,6,2,1,1,4,1,3,1,1,0
53669501,13,10,3,2,2,3,0,2,1,0,0,3,0,0,0,0,0,0,0,6,6,0,3,1,2,0,0,0,2,1,1,2,2,0
53669503,26,12,14,6,4,2,1,1,1,0,1,1,3,4,1,0,2,0,2,10,6,4,6,3,3,0,0,0,4,1,3,4,2,2
56395101,39,24,15,6,10,4,1,2,2,0,1,1,4,2,5,0,2,1,1,19,15,4,5,3,2,1,0,1,12,5,7,0,0,0
55193701,43,23,20,1,18,4,3,4,1,0,0,2,2,5,1,0,2,2,0,23,14,9,11,6,5,0,0,0,6,1,5,1,0,1
53689001,11,5,6,1,5,0,0,1,0,0,0,1,1,2,0,0,1,1,0,5,3,2,4,1,3,0,0,0,1,0,1,0,0,0
53689002,37,20,17,4,13,0,5,2,1,1,0,1,3,3,3,0,1,0,1,16,9,7,9,5,4,1,0,1,4,2,2,6,4,2
53650401,18,13,5,4,4,2,1,1,2,0,0,1,1,0,0,2,0,0,0,11,8,3,3,2,1,0,0,0,2,1,1,2,2,0
53674101,60,32,28,6,18,7,6,0,2,2,0,6,5,5,3,0,2,1,1,18,12,6,21,11,10,2,1,1,17,7,10,0,0,0
3017610,0,0,0,0,0,0,0,0,0,0,0,0,0,0,0,0,0,0,0,0,0,0,0,0,0,0,0,0,0,0,0,0,0,0
55195301,76,43,33,12,24,9,5,3,2,3,1,6,7,0,3,0,4,1,3,36,24,12,18,10,8,2,0,2,15,8,7,1,0,1
55195302,65,36,29,5,21,5,8,2,0,1,1,3,6,4,6,2,2,1,1,29,18,11,23,12,11,0,0,0,9,3,6,2,2,0
55195303,45,27,18,5,19,1,5,1,1,1,3,2,1,2,2,0,1,0,1,22,13,9,15,10,5,1,1,0,5,2,3,1,1,0
55195304,125,66,59,12,34,18,9,8,4,2,1,9,5,6,12,0,1,1,0,54,33,21,55,26,29,0,0,0,14,5,9,1,1,0
55195305,21,14,7,3,11,0,0,2,0,0,0,0,1,1,1,0,2,1,1,9,7,2,6,4,2,1,1,0,2,1,1,1,0,1
55195306,152,81,71,6,52,18,15,9,3,3,3,10,7,12,9,1,9,4,5,56,38,18,56,27,29,2,1,1,21,6,15,8,5,3
55195307,15,10,5,1,4,1,1,0,1,0,0,0,2,0,4,0,1,0,1,6,5,1,3,2,1,0,0,0,3,2,1,2,1,1
55195308,366,202,164,14,130,24,35,22,19,4,5,35,13,22,18,6,23,15,8,118,69,49,116,61,55,8,4,4,64,32,32,37,21,16
55195309,48,31,17,2,26,3,4,2,1,0,0,4,1,2,1,0,2,2,0,17,9,8,17,13,4,1,1,0,8,4,4,3,2,1
55195311,209,123,86,9,56,8,19,23,9,7,4,16,13,21,17,3,8,3,5,77,52,25,65,37,28,5,1,4,39,22,17,15,8,7
55195312,202,116,86,5,96,14,15,10,3,2,0,14,7,20,5,3,16,12,4,74,51,23,59,27,32,10,7,3,37,15,22,6,4,2
55195313,47,33,14,0,27,1,1,15,0,0,1,0,0,1,1,0,3,2,1,8,6,2,20,17,3,7,2,5,9,6,3,0,0,0
55195314,63,39,24,7,11,2,7,6,0,2,1,6,4,11,1,2,2,1,1,13,7,6,21,13,8,2,2,0,22,14,8,3,2,1
55195315,646,347,299,34,207,46,69,31,13,8,9,50,37,68,41,4,43,17,26,229,150,79,230,114,116,7,2,5,114,47,67,23,17,6
55195316,379,201,178,22,118,26,61,19,13,7,3,21,23,32,22,2,31,17,14,118,79,39,142,66,76,13,5,8,63,26,37,12,8,4
55195317,621,336,285,40,223,39,67,42,22,6,7,40,33,42,40,4,51,24,27,226,128,98,199,110,89,12,4,8,79,29,50,54,41,13
55195318,276,163,113,10,85,18,26,15,6,6,9,23,15,31,25,3,8,5,3,84,57,27,92,49,43,4,2,2,70,39,31,18,11,7
55195319,216,122,94,12,60,25,27,18,12,6,2,12,15,14,8,1,13,9,4,67,44,23,81,42,39,4,1,3,47,24,23,4,2,2
55196103,55,26,29,13,19,6,3,1,0,0,0,2,3,3,3,0,4,2,2,19,11,8,19,8,11,1,0,1,10,5,5,2,0,2
55196105,184,108,76,30,54,19,11,12,3,1,2,10,11,16,10,2,10,9,1,68,46,22,73,37,36,4,2,2,23,9,14,6,5,1
55197001,39,21,18,4,16,3,5,0,1,1,1,4,1,1,2,0,1,0,1,17,11,6,9,5,4,0,0,0,10,4,6,2,1,1
55197003,19,10,9,1,5,1,2,0,0,0,0,3,0,1,5,0,1,1,0,4,4,0,7,3,4,1,0,1,5,1,4,1,1,0
55197004,1267,688,579,38,431,103,146,55,26,23,20,86,77,141,71,11,74,39,35,421,269,152,485,254,231,34,11,23,205,87,118,48,28,20
55197005,40,21,19,8,4,1,7,1,1,1,2,2,5,3,3,0,2,2,0,9,8,1,19,7,12,1,1,0,6,2,4,3,1,2
55198801,153,83,70,24,55,14,11,8,0,0,2,10,6,7,11,2,7,4,3,70,46,24,56,25,31,1,1,0,12,5,7,7,2,5
53648201,23,17,6,1,10,2,1,2,1,0,0,0,1,1,3,0,2,2,0,11,8,3,4,4,0,0,0,0,2,0,2,4,3,1
53687301,27,16,11,9,9,0,5,2,0,1,0,1,0,0,0,0,0,0,0,12,9,3,11,6,5,0,0,0,0,0,0,4,1,3
56325101,34,20,14,1,13,3,4,1,0,0,0,4,2,2,2,0,1,1,0,12,7,5,16,10,6,0,0,0,3,1,2,2,1,1
56325102,43,21,22,6,13,1,6,7,2,0,0,2,2,1,2,0,7,2,5,8,7,1,21,8,13,1,1,0,6,3,3,0,0,0
56336601,30,21,9,2,6,8,3,0,4,0,0,1,0,3,3,0,1,0,1,17,14,3,7,5,2,1,1,0,2,0,2,2,1,1
3085610,0,0,0,0,0,0,0,0,0,0,0,0,0,0,0,0,0,0,0,0,0,0,0,0,0,0,0,0,0,0,0,0,0,0
55205401,42,23,19,4,10,0,6,1,5,1,0,2,3,2,8,0,2,1,1,21,13,8,15,7,8,1,0,1,3,2,1,0,0,0
55205402,59,32,27,12,16,4,2,1,3,1,2,4,6,3,2,1,4,2,2,22,13,9,27,13,14,0,0,0,6,4,2,0,0,0
55205403,27,19,8,0,16,2,2,0,3,0,0,3,0,0,1,0,4,3,1,12,10,2,8,4,4,0,0,0,1,0,1,2,2,0
55205404,257,146,111,8,60,17,37,10,23,5,4,23,16,11,27,2,16,10,6,74,49,25,95,49,46,3,1,2,53,24,29,16,13,3
55205405,50,31,19,2,15,8,2,2,2,2,1,2,2,2,6,0,2,1,1,20,13,7,17,11,6,1,1,0,9,4,5,1,1,0
55205406,1268,697,571,35,406,73,119,54,65,20,12,100,140,94,116,2,61,33,28,382,228,154,526,277,249,23,13,10,251,129,122,25,17,8
55205408,657,348,309,13,221,53,53,26,32,6,7,57,59,51,63,2,52,24,28,244,158,86,243,110,133,15,8,7,89,40,49,14,8,6
55205409,14,8,6,0,5,0,2,0,0,0,0,0,1,2,2,0,0,0,0,0,0,0,4,1,3,1,1,0,7,5,2,2,1,1
56044801,49,31,18,9,18,4,8,0,1,0,0,1,3,3,2,0,1,0,1,24,20,4,13,7,6,1,0,1,8,2,6,2,2,0
56044802,40,23,17,3,19,3,1,4,2,1,0,2,1,1,1,0,1,1,0,12,7,5,17,9,8,1,1,0,6,2,4,3,3,0
55209701,119,68,51,25,31,9,17,9,6,3,1,5,6,3,2,1,4,2,2,46,32,14,47,24,23,2,0,2,18,9,9,2,1,1
55210101,236,132,104,22,50,20,26,19,9,7,4,15,20,19,19,1,5,3,2,96,63,33,85,41,44,9,3,6,33,15,18,8,7,1
55210103,18,11,7,5,4,0,1,1,0,0,1,2,1,0,2,0,0,0,0,6,4,2,8,5,3,0,0,0,4,2,2,0,0,0
55210104,15,6,9,3,3,0,3,1,0,0,0,1,2,2,0,0,0,0,0,6,3,3,2,0,2,0,0,0,7,3,4,0,0,0
55210107,14,9,5,2,5,1,0,2,1,0,0,2,0,0,0,1,1,0,1,8,6,2,2,1,1,0,0,0,2,1,1,1,1,0
55210108,15,10,5,3,4,2,2,1,0,0,0,0,0,0,1,0,1,0,1,6,4,2,8,6,2,0,0,0,0,0,0,0,0,0
55210109,18,11,7,6,2,1,1,1,1,1,1,0,0,2,0,0,1,0,1,9,7,2,5,3,2,0,0,0,3,1,2,0,0,0
55212701,21,14,7,3,9,2,2,2,0,0,0,0,2,0,1,0,1,1,0,13,9,4,4,1,3,0,0,0,0,0,0,3,3,0
55213501,115,65,50,23,30,12,8,3,6,1,1,1,7,8,10,3,2,2,0,51,39,12,35,15,20,4,1,3,16,5,11,7,3,4
55213502,14,7,7,0,6,2,2,0,1,0,0,2,1,0,0,0,0,0,0,6,5,1,8,2,6,0,0,0,0,0,0,0,0,0
55214301,129,77,52,18,32,11,13,5,4,0,1,12,6,2,19,0,12,5,7,60,42,18,42,24,18,3,0,3,8,6,2,4,0,4
55214302,25,16,9,5,3,3,3,5,1,0,1,2,0,0,1,0,0,0,0,16,10,6,7,6,1,0,0,0,1,0,1,1,0,1
55214303,15,10,5,3,7,0,1,0,0,0,0,1,0,2,1,0,0,0,0,12,9,3,3,1,2,0,0,0,0,0,0,0,0,0
56372201,15,7,8,0,5,1,4,1,0,0,0,1,1,0,1,0,1,0,1,6,5,1,4,2,2,1,0,1,3,0,3,0,0,0
56372202,16,10,6,2,2,2,2,0,0,0,1,2,0,1,3,0,2,0,2,6,6,0,3,1,2,1,0,1,4,3,1,0,0,0
55220801,98,60,38,33,23,3,12,2,4,1,1,6,5,2,5,0,8,3,5,46,32,14,24,9,15,1,1,0,9,6,3,10,9,1
55220802,11,6,5,0,4,1,4,0,0,0,0,1,0,0,0,0,1,1,0,6,4,2,3,1,2,0,0,0,0,0,0,1,0,1
55220803,13,5,8,3,3,1,2,1,0,0,0,2,1,0,0,0,2,1,1,4,2,2,6,1,5,0,0,0,0,0,0,1,1,0
55220804,13,7,6,1,2,0,1,3,0,0,0,1,2,1,0,1,0,0,0,9,5,4,4,2,2,0,0,0,0,0,0,0,0,0
55220805,40,25,15,2,20,8,4,0,1,0,0,0,0,2,1,1,2,0,2,20,15,5,10,5,5,0,0,0,4,1,3,4,4,0
56365001,82,51,31,7,15,19,6,6,1,2,0,5,5,5,4,1,1,1,0,41,25,16,26,15,11,1,1,0,11,7,4,2,2,0
55222402,46,32,14,5,14,3,2,3,4,2,0,3,3,4,3,0,1,1,0,16,12,4,18,10,8,2,1,1,5,4,1,4,4,0
55224101,53,31,22,9,19,2,6,3,3,1,1,4,4,0,1,0,3,2,1,28,22,6,15,5,10,2,0,2,2,1,1,3,1,2
55224102,33,19,14,10,9,4,0,0,0,1,0,3,1,1,3,0,1,1,0,12,7,5,6,3,3,1,0,1,11,6,5,2,2,0
55224103,28,19,9,3,12,3,3,1,1,0,0,1,3,1,0,0,0,0,0,17,12,5,2,2,0,0,0,0,6,2,4,3,3,0
55224104,14,9,5,4,0,1,3,2,1,1,0,1,1,0,0,0,1,1,0,7,5,2,4,1,3,0,0,0,1,1,0,1,1,0
55224105,44,29,15,9,11,9,1,5,0,0,0,2,2,0,4,0,2,0,2,22,17,5,12,8,4,2,1,1,3,1,2,3,2,1
55224106,55,34,21,5,9,9,8,2,0,3,2,4,5,3,2,0,1,1,0,25,18,7,19,10,9,0,0,0,10,5,5,0,0,0
55224108,30,18,12,7,9,2,6,2,0,0,0,1,2,1,0,0,1,0,1,13,9,4,9,6,3,2,2,0,5,1,4,0,0,0
55224111,73,43,30,5,22,9,13,5,1,2,2,4,5,2,2,0,0,0,0,33,24,9,25,14,11,2,0,2,11,5,6,2,0,2
55224112,11,5,6,1,7,0,1,1,0,0,1,0,0,0,0,0,1,0,1,7,4,3,3,1,2,0,0,0,0,0,0,0,0,0
55224113,31,14,17,8,10,1,5,0,1,0,0,3,0,1,2,0,1,0,1,10,6,4,15,6,9,0,0,0,5,2,3,0,0,0
56052901,32,19,13,7,8,5,4,1,0,0,0,0,3,1,0,1,0,0,0,17,11,6,10,7,3,0,0,0,2,0,2,3,1,2
56052902,13,9,4,0,4,1,1,2,0,0,0,1,0,2,2,0,0,0,0,3,3,0,6,4,2,2,1,1,2,1,1,0,0,0
56052903,20,12,8,2,5,0,9,0,0,2,0,0,1,1,0,0,1,0,1,7,3,4,6,4,2,2,2,0,4,3,1,0,0,0
56376501,71,43,28,11,16,5,11,9,2,2,2,0,1,3,4,1,3,3,0,34,21,13,17,8,9,2,1,1,13,8,5,2,2,0
55227501,96,57,39,11,38,8,7,7,2,1,0,4,0,12,5,0,6,3,3,44,31,13,27,16,11,1,0,1,15,6,9,3,1,2
55228301,449,248,201,22,125,38,57,40,14,7,5,32,45,21,21,3,17,13,4,161,104,57,174,81,93,5,3,2,84,41,43,8,6,2
55229101,85,50,35,5,28,8,9,6,2,0,1,7,7,3,7,0,3,2,1,15,10,5,42,24,18,4,2,2,15,7,8,6,5,1
56330701,123,67,56,9,22,13,15,6,5,1,2,12,15,12,6,0,5,3,2,43,28,15,48,22,26,3,2,1,24,12,12,0,0,0
56362501,34,21,13,5,8,2,1,4,7,3,0,0,2,1,1,0,3,2,1,18,13,5,11,5,6,0,0,0,2,1,1,0,0,0
56048103,74,39,35,13,26,3,6,5,1,1,0,3,3,3,7,2,3,0,3,34,26,8,26,9,17,1,0,1,7,3,4,3,1,2
55232101,30,17,13,9,3,3,0,3,3,0,1,1,0,2,4,1,1,1,0,12,8,4,10,6,4,1,1,0,6,1,5,0,0,0
55232102,140,78,62,24,23,10,13,7,10,2,2,9,15,14,6,2,6,1,5,49,34,15,51,28,23,1,1,0,29,11,18,4,3,1
55232103,30,17,13,6,5,5,4,2,1,0,0,1,1,1,4,0,1,1,0,7,6,1,13,6,7,2,0,2,6,3,3,1,1,0
59899202,17,8,9,6,0,1,1,1,2,1,0,1,0,1,2,0,0,0,0,7,5,2,7,2,5,0,0,0,2,1,1,1,0,1
59899203,22,12,10,0,5,1,2,3,2,0,0,4,1,2,2,0,3,2,1,9,6,3,5,2,3,1,0,1,3,1,2,1,1,0
56290401,62,34,28,9,13,1,7,1,2,0,0,4,8,10,3,0,1,0,1,30,21,9,18,6,12,2,2,0,10,4,6,1,1,0
55245301,71,39,32,13,18,6,6,0,6,1,1,4,5,0,9,0,3,3,0,32,19,13,25,15,10,1,0,1,9,2,7,1,0,1
55246101,254,149,105,3,58,28,40,23,12,7,6,16,20,15,18,1,6,4,2,84,56,28,101,54,47,4,0,4,50,28,22,9,7,2
55246102,412,228,184,25,94,51,62,24,6,11,2,28,28,37,28,4,14,5,9,137,92,45,149,78,71,14,6,8,84,37,47,14,10,4
55246104,34,19,15,6,9,2,4,3,1,0,0,2,2,2,2,0,0,0,0,13,8,5,11,4,7,1,1,0,6,5,1,3,1,2
55246107,28,17,11,2,8,4,1,4,0,0,0,4,2,0,1,0,0,0,0,12,6,6,9,6,3,0,0,0,6,4,2,1,1,0
55246108,14,6,8,0,3,3,3,1,1,0,0,1,0,1,1,0,1,0,1,4,3,1,6,2,4,0,0,0,3,1,2,0,0,0
55246109,19,11,8,1,3,3,4,1,0,0,1,1,0,2,2,0,0,0,0,8,5,3,9,5,4,1,0,1,1,1,0,0,0,0
55246110,23,14,9,2,5,1,5,3,0,1,0,1,0,2,3,0,0,0,0,12,7,5,7,4,3,1,0,1,3,3,0,0,0,0
55246111,65,37,28,7,15,8,6,2,1,2,1,3,8,1,8,1,3,2,1,27,22,5,19,3,16,3,2,1,11,7,4,2,1,1
55246112,46,26,20,1,20,2,8,0,0,0,0,7,2,3,1,0,4,2,2,17,11,6,15,7,8,0,0,0,6,3,3,4,3,1
55247001,188,114,74,31,61,17,13,12,5,3,2,8,11,14,6,1,4,1,3,100,72,28,53,25,28,3,0,3,22,12,10,6,4,2
55247004,60,37,23,10,22,5,4,3,1,0,0,5,0,3,5,0,3,2,1,31,20,11,17,10,7,1,0,1,7,4,3,1,1,0
56314501,78,41,37,11,16,11,5,7,0,3,2,4,9,5,4,0,0,0,0,28,20,8,34,17,17,1,0,1,15,4,11,0,0,0
55249601,80,44,36,11,20,9,11,2,3,1,1,2,2,6,8,1,1,1,0,39,26,13,26,12,14,0,0,0,11,3,8,3,2,1
55249602,965,516,449,61,259,90,129,74,22,13,11,65,62,53,83,3,36,21,15,350,214,136,336,158,178,30,11,19,179,91,88,34,21,13
55249604,59,27,32,4,11,3,7,6,0,3,2,2,6,4,9,0,1,1,0,13,9,4,28,9,19,3,1,2,14,7,7,0,0,0
55249605,77,51,26,11,21,7,11,5,1,0,3,3,2,5,6,0,1,0,1,35,29,6,32,17,15,0,0,0,8,4,4,1,1,0
55249606,34,18,16,5,5,3,4,5,1,0,0,2,2,2,4,0,1,1,0,16,12,4,12,4,8,0,0,0,5,1,4,0,0,0
56296301,31,20,11,2,4,3,9,4,2,0,0,3,1,2,1,0,0,0,0,12,9,3,11,8,3,1,0,1,2,0,2,5,3,2
0611742,0,0,0,0,0,0,0,0,0,0,0,0,0,0,0,0,0,0,0,0,0,0,0,0,0,0,0,0,0,0,0,0,0,0
55253401,69,36,33,3,19,6,7,4,0,1,2,5,9,2,9,0,1,1,0,26,18,8,22,6,16,2,1,1,15,7,8,3,3,0
55253402,18,10,8,1,6,0,3,4,0,0,0,2,0,1,1,0,3,2,1,6,4,2,8,4,4,0,0,0,1,0,1,0,0,0
55253403,21,13,8,0,11,2,1,1,0,0,0,1,1,1,2,0,0,0,0,6,5,1,11,5,6,1,0,1,3,3,0,0,0,0
55253405,20,13,7,3,9,0,3,1,0,1,0,0,2,0,0,0,0,0,0,11,8,3,6,3,3,0,0,0,3,2,1,0,0,0
55253408,30,22,8,8,5,2,4,1,0,0,0,2,3,3,2,0,1,0,1,8,5,3,9,7,2,1,1,0,11,9,2,0,0,0
55253409,28,17,11,4,5,4,1,2,1,2,0,3,1,2,3,0,0,0,0,11,8,3,11,5,6,0,0,0,5,3,2,1,1,0
55253412,480,282,198,34,132,44,53,28,11,19,10,34,29,34,38,1,8,4,4,148,102,46,201,110,91,13,6,7,87,40,47,23,20,3
55253417,17,11,6,3,5,0,1,0,1,2,0,2,1,1,0,0,1,1,0,7,5,2,6,4,2,0,0,0,3,1,2,0,0,0
55253418,39,21,18,3,9,1,6,5,1,0,0,2,3,3,3,1,0,0,0,18,11,7,9,4,5,0,0,0,12,6,6,0,0,0
55253419,57,34,23,15,12,1,7,3,1,0,0,4,0,5,5,2,2,2,0,13,9,4,28,16,12,2,1,1,12,6,6,0,0,0
55253420,60,37,23,6,14,5,9,7,2,0,1,3,3,3,3,1,2,2,0,31,21,10,19,10,9,2,0,2,5,4,1,1,0,1
55253421,12,5,7,1,4,1,1,0,0,0,0,2,1,0,2,0,0,0,0,4,3,1,8,2,6,0,0,0,0,0,0,0,0,0
55253422,52,32,20,9,10,3,11,2,2,1,0,3,3,2,5,0,4,1,3,19,14,5,17,13,4,0,0,0,9,3,6,3,1,2
55253424,15,12,3,1,5,3,1,0,0,0,0,2,2,1,0,0,0,0,0,8,6,2,7,6,1,0,0,0,0,0,0,0,0,0
55253425,13,9,4,0,4,3,2,1,0,0,0,1,0,0,1,0,1,0,1,4,3,1,6,5,1,1,0,1,0,0,0,1,1,0
55253426,13,8,5,5,2,1,0,0,0,1,0,1,1,0,0,1,4,2,2,3,1,2,2,1,1,0,0,0,3,3,0,1,1,0
55253427,7,4,3,1,3,0,0,0,0,0,0,0,0,0,2,0,0,0,0,3,3,0,2,1,1,0,0,0,2,0,2,0,0,0
55253428,12,6,6,3,2,1,1,1,0,0,0,2,1,0,1,0,2,2,0,2,1,1,6,2,4,0,0,0,2,1,1,0,0,0
55253429,11,6,5,2,3,0,3,1,0,0,0,0,0,0,1,1,0,0,0,6,4,2,3,1,2,0,0,0,0,0,0,2,1,1
53004201,24,14,10,4,10,1,4,0,0,0,1,1,1,0,1,1,2,1,1,6,6,0,6,0,6,1,1,0,7,4,3,2,2,0
56398601,22,13,9,0,7,4,2,0,2,0,1,1,3,1,0,1,2,2,0,10,8,2,9,3,6,0,0,0,1,0,1,0,0,0
56398602,319,181,138,23,92,32,53,14,7,6,3,20,20,21,20,1,12,5,7,98,63,35,140,78,62,12,0,12,47,27,20,10,8,2
59928001,56,35,21,5,19,4,5,5,3,0,0,6,3,2,2,0,4,2,2,29,22,7,10,5,5,0,0,0,4,1,3,9,5,4
0708152,0,0,0,0,0,0,0,0,0,0,0,0,0,0,0,0,0,0,0,0,0,0,0,0,0,0,0,0,0,0,0,0,0,0
55258502,31,19,12,1,12,3,5,1,1,1,0,1,1,2,3,0,1,0,1,11,9,2,12,8,4,0,0,0,6,2,4,1,0,1
55258504,311,177,134,14,102,59,43,18,12,2,2,11,18,12,11,1,4,4,0,128,98,30,132,61,71,4,0,4,32,7,25,11,7,4
56295501,46,26,20,5,9,7,7,3,0,1,1,4,1,4,1,0,6,2,4,12,7,5,18,12,6,1,0,1,9,5,4,0,0,0
56063401,59,36,23,9,23,10,5,1,2,0,0,1,6,1,1,0,2,1,1,21,13,8,24,14,10,3,2,1,6,4,2,3,2,1
56303001,81,48,33,12,24,6,6,3,3,1,0,3,4,12,2,1,0,0,0,36,26,10,31,15,16,0,0,0,14,7,7,0,0,0
56354401,61,36,25,3,19,9,5,1,1,1,2,6,4,5,3,0,0,0,0,19,15,4,24,13,11,2,1,1,16,7,9,0,0,0
56358701,88,49,39,9,15,17,16,3,3,1,1,3,7,3,4,0,2,0,2,25,14,11,31,15,16,3,3,0,18,9,9,9,8,1
55266601,132,77,55,14,35,18,15,8,5,3,2,7,8,7,5,2,9,4,5,61,40,21,32,18,14,1,0,1,22,12,10,7,3,4
55266602,47,26,21,6,17,7,6,2,2,0,0,4,1,1,1,0,1,1,0,25,15,10,15,5,10,0,0,0,5,4,1,1,1,0
55266603,43,24,19,1,10,2,3,4,0,0,3,7,5,3,4,0,2,1,1,12,7,5,22,12,10,2,2,0,4,1,3,1,1,0
55266604,27,13,14,5,8,2,3,1,1,0,1,1,1,0,3,0,0,0,0,11,7,4,13,6,7,1,0,1,2,0,2,0,0,0
55266605,548,302,246,29,159,49,70,31,16,5,11,42,48,40,24,4,17,10,7,205,142,63,202,94,108,11,3,8,91,38,53,22,15,7
55266606,8,6,2,0,4,0,1,1,0,0,0,0,2,0,0,0,0,0,0,6,4,2,1,1,0,0,0,0,1,1,0,0,0,0
55266607,10,6,4,0,4,1,2,0,0,0,1,0,0,0,2,0,0,0,0,2,1,1,6,4,2,0,0,0,2,1,1,0,0,0
55266608,53,30,23,7,18,7,4,2,1,0,0,4,0,1,3,2,5,3,2,22,13,9,15,7,8,3,1,2,4,3,1,4,3,1
55266609,74,37,37,7,29,4,7,6,1,0,1,3,2,8,3,1,1,0,1,27,18,9,34,15,19,3,0,3,9,4,5,0,0,0
56286601,67,38,29,16,18,9,3,3,3,2,0,5,0,1,4,3,4,0,4,32,22,10,18,11,7,2,0,2,7,2,5,4,3,1
56323401,74,42,32,2,17,10,9,7,2,1,2,3,4,7,5,0,1,0,1,29,21,8,33,15,18,1,0,1,6,2,4,4,4,0
59925501,47,24,23,4,21,1,5,6,1,0,0,3,2,2,0,0,6,4,2,23,13,10,9,3,6,2,0,2,5,3,2,2,1,1
0049872,0,0,0,0,0,0,0,0,0,0,0,0,0,0,0,0,0,0,0,0,0,0,0,0,0,0,0,0,0,0,0,0,0,0
0049952,0,0,0,0,0,0,0,0,0,0,0,0,0,0,0,0,0,0,0,0,0,0,0,0,0,0,0,0,0,0,0,0,0,0
55270402,27,16,11,6,9,3,1,2,0,0,0,2,0,0,1,1,1,1,0,12,9,3,11,5,6,0,0,0,3,1,2,0,0,0
55270403,10,7,3,0,5,1,1,2,0,0,1,0,0,0,0,0,0,0,0,5,5,0,4,1,3,0,0,0,1,1,0,0,0,0
55270406,19,10,9,2,6,2,3,2,0,0,0,1,1,2,0,0,0,0,0,5,4,1,10,4,6,0,0,0,3,2,1,1,0,1
55270408,1002,549,453,72,379,82,122,68,34,14,4,45,49,46,55,6,34,17,17,416,252,164,374,199,175,21,7,14,101,36,65,56,38,18
55270409,38,20,18,2,13,2,5,1,0,0,0,8,4,0,2,0,1,0,1,15,9,6,13,5,8,0,0,0,4,2,2,5,4,1
55270411,14,7,7,1,4,2,1,0,0,0,0,2,0,2,0,1,1,0,1,6,5,1,6,2,4,0,0,0,1,0,1,0,0,0
55270412,56,32,24,6,17,5,4,7,2,2,0,7,4,0,1,0,1,1,0,19,13,6,29,14,15,2,1,1,4,2,2,1,1,0
55270413,14,8,6,1,7,3,1,1,0,0,0,0,0,0,1,0,1,0,1,7,5,2,5,2,3,0,0,0,0,0,0,1,1,0
55270414,14,9,5,2,4,0,3,2,0,0,0,1,1,0,1,0,2,2,0,10,7,3,2,0,2,0,0,0,0,0,0,0,0,0
55270415,37,17,20,7,10,2,5,2,0,0,1,2,0,4,3,0,0,0,0,16,8,8,12,6,6,0,0,0,7,2,5,2,1,1
55271201,56,35,21,11,19,7,5,2,1,1,1,3,1,3,2,0,4,2,2,29,20,9,13,4,9,4,3,1,3,3,0,3,3,0
55272101,195,108,87,14,76,23,18,11,2,3,1,10,12,9,10,0,11,7,4,99,67,32,51,21,30,7,3,4,22,7,15,5,3,2
1010522,0,0,0,0,0,0,0,0,0,0,0,0,0,0,0,0,0,0,0,0,0,0,0,0,0,0,0,0,0,0,0,0,0,0
3204800,0,0,0,0,0,0,0,0,0,0,0,0,0,0,0,0,0,0,0,0,0,0,0,0,0,0,0,0,0,0,0,0,0,0
54963101,16,12,4,2,4,5,1,1,0,0,0,1,0,1,1,0,0,0,0,10,8,2,1,0,1,1,0,1,2,2,0,2,2,0
54963105,21,13,8,1,3,5,0,0,0,1,0,1,3,2,1,1,2,1,1,7,6,1,6,4,2,0,0,0,6,2,4,0,0,0
54963106,206,120,86,15,61,19,20,9,11,6,2,9,12,13,19,1,3,2,1,95,67,28,68,31,37,4,0,4,30,17,13,6,3,3
54963107,29,17,12,4,6,4,6,0,0,0,1,5,2,0,0,1,1,1,0,12,10,2,11,4,7,0,0,0,4,2,2,1,0,1
54963108,13,8,5,2,4,0,0,0,1,0,0,2,1,2,1,0,1,1,0,2,0,2,4,3,1,0,0,0,6,4,2,0,0,0
54963109,16,8,8,6,3,0,0,0,0,1,0,1,1,1,2,0,0,0,0,8,6,2,5,0,5,0,0,0,2,1,1,1,1,0
54963110,11,7,4,5,1,0,1,0,0,1,0,0,0,1,2,0,0,0,0,2,2,0,6,3,3,1,1,0,2,1,1,0,0,0
54963111,12,7,5,2,3,2,0,0,0,0,0,2,0,1,2,0,2,2,0,4,3,1,3,2,1,0,0,0,3,0,3,0,0,0
54963114,12,5,7,3,2,0,2,0,1,1,0,1,0,0,1,0,0,0,0,9,4,5,2,1,1,1,0,1,0,0,0,0,0,0
55901601,51,30,21,3,9,3,2,5,1,0,3,5,10,1,6,1,1,1,0,9,6,3,26,14,12,0,0,0,13,7,6,2,2,0
55274701,26,13,13,7,7,3,3,2,0,0,0,1,0,1,1,1,3,1,2,13,9,4,9,2,7,0,0,0,1,1,0,0,0,0
55274702,37,21,16,4,6,2,7,4,1,0,0,2,2,5,2,0,2,1,1,15,12,3,13,6,7,0,0,0,6,2,4,1,0,1
55274704,49,27,22,8,13,6,5,2,0,4,0,4,0,3,2,1,4,3,1,21,11,10,13,6,7,4,3,1,3,1,2,4,3,1
55274705,23,15,8,3,4,6,4,2,1,0,1,1,1,0,0,0,0,0,0,12,9,3,9,5,4,0,0,0,1,0,1,1,1,0
55276301,154,90,64,24,50,11,17,3,3,2,3,7,9,12,8,0,4,1,3,57,43,14,61,35,26,1,0,1,27,9,18,4,2,2
56345501,38,23,15,7,11,3,5,0,2,2,1,3,2,1,0,0,2,1,1,21,15,6,11,5,6,1,0,1,3,2,1,0,0,0
56345503,39,22,17,7,14,2,2,2,0,0,0,1,3,2,2,1,1,1,0,12,9,3,16,8,8,1,0,1,8,3,5,1,1,0
56345504,22,12,10,4,12,1,0,1,0,0,0,0,1,1,0,2,0,0,0,13,7,6,6,3,3,0,0,0,3,2,1,0,0,0
55279801,15,9,6,3,5,2,2,0,0,1,0,0,0,1,1,0,1,0,1,8,6,2,4,1,3,0,0,0,1,1,0,1,1,0
55279802,94,54,40,17,34,6,11,6,3,0,1,6,3,3,2,0,4,2,2,38,28,10,30,15,15,3,2,1,12,5,7,7,2,5
55280101,455,261,194,32,121,36,41,31,8,7,4,23,24,41,67,3,17,10,7,162,120,42,169,77,92,8,4,4,89,44,45,10,6,4
55280103,57,33,24,7,17,5,5,4,2,2,0,1,3,3,6,0,2,1,1,26,17,9,16,7,9,0,0,0,9,4,5,4,4,0
55280104,33,20,13,2,13,2,3,1,1,1,1,3,2,1,2,0,1,1,0,13,8,5,18,10,8,0,0,0,1,1,0,0,0,0
55280105,14,9,5,3,2,2,1,2,1,0,0,0,1,0,1,0,1,0,1,10,7,3,2,1,1,0,0,0,0,0,0,1,1,0
55280106,26,16,10,3,6,3,3,1,1,0,0,1,2,2,2,1,0,0,0,10,8,2,13,6,7,0,0,0,3,2,1,0,0,0
55280107,37,24,13,4,11,4,3,1,1,0,0,2,1,4,6,0,0,0,0,16,12,4,16,9,7,0,0,0,4,3,1,1,0,1
55280108,57,32,25,6,18,4,6,4,1,1,0,2,1,5,6,0,2,1,1,28,18,10,16,9,7,1,1,0,8,2,6,2,1,1
55282801,47,23,24,1,11,3,6,4,1,2,1,6,3,7,2,0,1,0,1,8,6,2,17,8,9,1,0,1,18,8,10,2,1,1
55282802,34,19,15,4,16,1,1,2,3,0,0,1,1,0,2,1,1,1,0,14,11,3,9,2,7,2,1,1,8,4,4,0,0,0
55282804,1574,855,719,59,595,122,155,86,54,29,24,100,76,103,111,11,87,47,40,474,289,185,569,293,276,29,10,19,316,160,156,99,56,43
55282805,564,300,264,18,162,46,73,30,20,15,10,40,52,39,40,3,15,5,10,132,90,42,231,111,120,15,3,12,156,80,76,15,11,4
55282806,19,12,7,2,9,1,2,1,1,0,0,0,0,2,0,0,3,2,1,6,4,2,6,4,2,0,0,0,3,1,2,1,1,0
56055301,26,15,11,2,7,2,4,4,1,0,0,1,1,1,1,0,1,1,0,14,9,5,6,4,2,1,0,1,2,1,1,2,0,2
55285201,43,27,16,6,9,9,4,2,0,2,0,4,0,3,2,0,1,1,0,21,17,4,13,6,7,2,1,1,4,1,3,2,1,1
55286103,46,26,20,16,8,3,6,1,2,1,1,1,0,3,2,0,3,1,2,23,16,7,10,5,5,1,1,0,5,2,3,4,1,3
55289501,28,17,11,2,10,7,1,0,0,0,0,3,2,0,2,0,3,2,1,13,9,4,5,3,2,0,0,0,3,1,2,4,2,2
55289502,41,26,15,5,17,6,3,4,0,0,0,2,0,0,2,1,2,1,1,26,19,7,11,5,6,0,0,0,1,0,1,1,1,0
55289503,59,37,22,3,22,5,12,4,2,1,0,1,3,0,3,1,2,2,0,27,19,8,17,8,9,1,1,0,8,4,4,4,3,1
55289504,30,18,12,0,12,2,6,7,1,0,0,1,0,0,1,0,5,3,2,15,11,4,8,3,5,0,0,0,2,1,1,0,0,0
56337401,31,18,13,9,14,1,2,2,1,0,0,0,1,0,1,0,4,2,2,16,10,6,9,6,3,1,0,1,0,0,0,1,0,1
56337402,16,10,6,4,5,1,1,0,0,1,0,3,1,0,0,0,2,1,1,6,3,3,6,4,2,1,1,0,1,1,0,0,0,0
55291701,16,8,8,1,4,1,3,1,0,1,0,0,2,0,1,1,2,0,2,8,6,2,4,1,3,0,0,0,1,0,1,1,1,0
55291702,45,25,20,17,6,4,3,3,1,0,0,2,3,3,0,1,3,0,3,21,15,6,15,7,8,1,0,1,2,1,1,3,2,1
55291703,23,12,11,2,5,4,2,2,0,1,0,1,1,2,2,0,1,1,0,7,5,2,8,2,6,1,0,1,3,1,2,3,3,0
55291704,12,7,5,2,2,1,4,0,0,0,0,0,0,1,1,0,2,1,1,6,5,1,2,0,2,0,0,0,1,0,1,1,1,0
55291705,105,63,42,8,28,11,9,6,3,2,1,8,10,12,4,2,3,1,2,40,27,13,34,18,16,5,2,3,15,10,5,8,5,3
55291706,15,11,4,1,6,3,0,1,0,0,0,1,0,2,1,0,3,3,0,6,5,1,3,0,3,0,0,0,1,1,0,2,2,0
55291707,25,16,9,1,9,4,3,1,0,0,0,0,0,4,1,2,0,0,0,10,7,3,9,6,3,0,0,0,5,2,3,1,1,0
55292501,100,59,41,22,36,2,4,4,2,0,0,6,7,5,8,2,3,0,3,47,31,16,36,20,16,0,0,0,7,3,4,7,5,2
56319601,36,21,15,3,5,3,4,2,1,0,1,4,3,3,4,1,1,1,0,13,7,6,13,8,5,1,0,1,8,5,3,0,0,0
55293301,198,103,95,14,56,15,18,9,9,4,2,9,23,12,9,2,8,2,6,53,38,15,81,43,38,7,2,5,45,15,30,4,3,1
55294101,12,6,6,2,5,0,2,0,0,0,0,0,1,1,1,0,0,0,0,4,3,1,6,3,3,0,0,0,2,0,2,0,0,0
55294102,63,35,28,14,18,3,5,4,0,1,1,6,4,1,2,0,1,0,1,25,18,7,19,12,7,2,0,2,16,5,11,0,0,0
55297602,91,55,36,13,28,12,7,5,4,1,0,5,5,6,4,1,4,1,3,45,28,17,28,20,8,3,0,3,7,4,3,4,2,2
55299201,34,20,14,5,17,2,2,0,1,0,0,2,0,1,2,1,0,0,0,19,13,6,10,5,5,0,0,0,4,1,3,1,1,0
55299202,20,11,9,1,8,1,2,2,1,0,1,1,1,1,0,0,0,0,0,9,6,3,8,3,5,1,1,0,1,0,1,1,1,0
55299204,47,28,19,2,16,7,5,1,0,1,1,1,1,3,4,0,7,5,2,16,9,7,13,9,4,1,1,0,10,4,6,0,0,0
55299205,224,125,99,23,80,21,24,15,8,3,1,5,14,11,8,1,17,9,8,100,62,38,73,34,39,3,1,2,27,15,12,4,4,0
55299206,52,29,23,5,13,4,7,4,0,0,1,8,3,4,1,0,0,0,0,17,11,6,18,9,9,2,1,1,15,8,7,0,0,0
56062603,44,26,18,13,16,2,1,2,1,0,0,3,4,1,1,0,3,2,1,27,19,8,11,5,6,0,0,0,3,0,3,0,0,0
55301801,67,38,29,2,20,4,7,2,2,5,2,5,3,5,8,2,1,1,0,20,14,6,23,11,12,2,1,1,17,9,8,4,2,2
55301802,15,8,7,2,4,2,0,1,1,0,1,1,0,1,1,0,0,0,0,5,2,3,4,2,2,1,1,0,4,3,1,1,0,1
55301803,198,121,77,8,70,30,20,16,3,3,1,11,7,11,9,1,13,7,6,79,59,20,59,26,33,6,5,1,31,15,16,10,9,1
56051102,49,28,21,9,9,3,7,4,0,1,2,4,3,3,2,1,1,1,0,16,9,7,17,13,4,3,0,3,9,3,6,3,2,1
55303402,136,73,63,25,40,10,9,3,7,4,4,12,3,5,10,2,5,2,3,55,33,22,46,23,23,5,2,3,22,11,11,3,2,1
59911501,28,18,10,1,9,2,3,2,1,0,1,3,2,1,2,0,0,0,0,8,5,3,9,6,3,1,0,1,7,5,2,3,2,1
59911502,152,95,57,9,57,12,14,16,4,2,1,8,12,11,4,1,16,12,4,48,35,13,57,30,27,1,1,0,22,11,11,8,6,2
59926301,87,54,33,6,24,12,8,3,3,1,1,10,3,5,7,1,6,5,1,28,23,5,26,12,14,0,0,0,19,7,12,8,7,1
55306901,591,314,277,5,177,37,75,34,21,18,12,47,31,72,39,1,19,12,7,157,98,59,236,123,113,14,5,9,152,68,84,13,8,5
55306902,893,492,401,11,337,50,96,39,29,17,12,79,65,48,46,13,58,31,27,264,158,106,348,186,162,14,5,9,157,72,85,52,40,12
55306903,727,391,336,15,275,37,93,26,21,17,11,54,42,54,41,9,32,14,18,222,134,88,288,156,132,18,5,13,137,63,74,30,19,11
55306904,23,12,11,0,5,1,5,2,2,1,1,0,2,1,2,0,0,0,0,9,6,3,10,5,5,2,0,2,2,1,1,0,0,0
55306905,218,117,101,3,63,13,30,8,7,6,3,24,12,21,13,1,6,2,4,63,44,19,80,39,41,2,1,1,58,26,32,9,5,4
55306906,126,63,63,1,33,7,19,3,1,4,3,11,11,14,12,0,0,0,0,14,8,6,56,29,27,3,0,3,53,26,27,0,0,0
55306908,621,354,267,19,165,53,80,28,24,19,9,57,39,53,42,4,20,14,6,170,119,51,257,129,128,18,7,11,138,73,65,18,12,6
55306909,20,10,10,3,4,1,2,1,1,0,0,1,1,3,1,1,0,0,0,7,4,3,6,3,3,0,0,0,5,2,3,2,1,1
55306910,20,10,10,0,3,1,4,2,4,0,0,0,2,1,3,0,0,0,0,5,2,3,8,4,4,0,0,0,6,3,3,1,1,0
55307701,71,35,36,8,22,6,8,4,1,1,1,9,5,2,2,0,0,0,0,23,12,11,33,14,19,3,3,0,10,6,4,2,0,2
55307702,110,68,42,10,32,10,10,11,3,1,1,5,11,8,3,0,3,2,1,49,34,15,35,21,14,0,0,0,21,10,11,2,1,1
55307703,41,23,18,6,14,4,5,1,0,1,0,3,3,1,2,0,0,0,0,18,11,7,17,10,7,0,0,0,6,2,4,0,0,0
55307704,25,12,13,1,3,1,3,8,0,0,0,2,0,2,4,1,0,0,0,8,5,3,9,5,4,2,0,2,3,0,3,3,2,1
55308501,41,27,14,16,7,3,4,3,0,1,0,3,2,2,0,0,2,1,1,14,13,1,14,8,6,2,1,1,7,3,4,2,1,1
55308502,50,28,22,11,12,5,4,1,1,0,1,2,0,4,5,1,3,2,1,24,18,6,15,6,9,0,0,0,6,1,5,2,1,1
56066901,22,13,9,4,5,1,2,1,2,1,0,0,4,0,1,1,3,2,1,5,4,1,8,5,3,0,0,0,5,1,4,1,1,0
56066902,41,30,11,4,14,7,3,1,1,1,1,4,2,0,1,1,1,1,0,22,20,2,8,2,6,0,0,0,4,2,2,6,5,1
59902603,19,11,8,4,7,0,4,0,0,0,0,0,3,0,1,0,0,0,0,6,5,1,11,6,5,1,0,1,1,0,1,0,0,0
59902604,12,5,7,3,2,0,0,2,1,0,0,1,0,1,0,0,0,0,0,4,3,1,5,2,3,1,0,1,1,0,1,1,0,1
59902605,14,7,7,3,4,0,1,1,0,0,0,3,0,0,0,2,0,0,0,5,2,3,6,3,3,1,0,1,0,0,0,2,2,0
59902606,17,9,8,3,4,5,1,0,1,0,0,0,1,1,0,0,0,0,0,5,2,3,6,3,3,0,0,0,6,4,2,0,0,0
59904202,239,134,105,15,71,30,26,19,4,1,7,12,17,15,15,3,10,7,3,71,51,20,90,42,48,3,1,2,56,25,31,9,8,1
55312303,26,14,12,2,4,1,2,1,3,0,0,1,5,2,3,0,1,0,1,9,7,2,9,3,6,0,0,0,6,3,3,1,1,0
55312305,56,32,24,17,13,2,4,3,3,1,0,4,5,1,0,3,7,4,3,26,19,7,13,5,8,0,0,0,7,4,3,3,0,3
55312306,20,11,9,6,4,3,4,0,0,0,1,0,1,1,0,0,0,0,0,13,7,6,3,2,1,0,0,0,4,2,2,0,0,0
55312307,25,13,12,4,8,2,2,0,0,0,1,1,4,2,1,0,1,0,1,11,7,4,8,4,4,1,0,1,3,1,2,1,1,0
55312309,23,14,9,4,7,3,1,0,0,1,1,1,1,1,3,0,0,0,0,15,11,4,8,3,5,0,0,0,0,0,0,0,0,0
3018090,0,0,0,0,0,0,0,0,0,0,0,0,0,0,0,0,0,0,0,0,0,0,0,0,0,0,0,0,0,0,0,0,0,0
3085870,0,0,0,0,0,0,0,0,0,0,0,0,0,0,0,0,0,0,0,0,0,0,0,0,0,0,0,0,0,0,0,0,0,0
55313101,93,56,37,3,25,16,12,8,5,3,1,5,4,4,2,2,8,3,5,42,29,13,20,9,11,2,1,1,16,10,6,5,4,1
55313102,51,30,21,10,25,2,4,3,1,0,0,0,1,3,2,0,3,1,2,26,19,7,14,7,7,3,1,2,2,1,1,3,1,2
55313103,479,266,213,12,164,49,59,33,19,9,4,22,16,30,33,6,32,18,14,184,106,78,148,73,75,10,2,8,70,39,31,35,28,7
55313104,17,8,9,0,3,6,2,0,1,0,1,2,0,0,1,1,2,2,0,3,2,1,5,1,4,0,0,0,7,3,4,0,0,0
55313105,17,9,8,1,6,1,6,0,0,0,1,1,0,0,0,0,0,0,0,7,3,4,6,4,2,0,0,0,4,2,2,0,0,0
55313106,227,121,106,4,78,19,34,16,7,6,2,14,10,21,8,2,18,4,14,85,50,35,78,44,34,1,0,1,39,19,20,6,4,2
55313107,10,7,3,0,4,1,0,1,0,0,0,3,0,1,0,0,4,2,2,3,3,0,0,0,0,0,0,0,0,0,0,3,2,1
55313108,501,273,228,13,170,36,54,22,12,13,9,38,22,50,37,7,33,15,18,181,129,52,153,73,80,10,3,7,106,42,64,18,11,7
55313109,44,20,24,0,15,3,8,3,1,0,2,3,0,4,0,1,2,1,1,16,9,7,16,7,9,0,0,0,7,2,5,3,1,2
55313110,17,10,7,2,5,2,0,0,1,0,0,1,1,3,2,0,2,1,1,8,5,3,4,3,1,0,0,0,3,1,2,0,0,0
55313111,419,226,193,11,133,45,43,27,8,9,4,30,34,35,24,4,21,14,7,165,101,64,150,75,75,10,2,8,63,28,35,10,6,4
55313112,212,115,97,8,63,15,27,14,4,3,3,16,12,18,17,1,5,2,3,61,42,19,94,44,50,8,3,5,38,19,19,6,5,1
55313113,47,27,20,2,13,5,7,4,0,2,1,3,4,2,2,1,1,0,1,13,9,4,22,11,11,1,0,1,9,6,3,1,1,0
55313114,1081,562,519,33,324,103,133,55,31,18,22,74,67,91,73,8,41,15,26,413,256,157,394,193,201,34,11,23,170,68,102,29,19,10
55314001,11,5,6,1,4,0,0,1,0,0,0,1,2,1,1,0,1,0,1,5,4,1,3,1,2,1,0,1,1,0,1,0,0,0
55314002,36,21,15,6,15,2,1,1,1,0,0,2,2,2,4,0,2,1,1,18,12,6,11,6,5,0,0,0,5,2,3,0,0,0
55314003,23,17,6,7,3,2,2,0,0,1,0,3,3,0,0,0,0,0,0,9,8,1,9,5,4,0,0,0,4,3,1,1,1,0
55314004,161,86,75,28,37,16,21,6,4,1,1,16,6,10,10,1,6,5,1,68,46,22,52,23,29,7,1,6,23,8,15,5,3,2
55314005,47,30,17,3,15,5,4,0,0,1,0,5,6,3,3,1,4,3,1,23,18,5,13,7,6,0,0,0,7,2,5,0,0,0
55316601,59,33,26,5,14,4,7,2,4,1,1,4,4,11,1,1,3,1,2,21,14,7,24,13,11,0,0,0,10,4,6,1,1,0
55316602,47,26,21,4,10,5,1,1,1,1,0,4,12,2,3,0,3,1,2,18,12,6,19,10,9,1,1,0,6,2,4,0,0,0
55316603,42,29,13,5,10,2,3,0,2,0,0,2,9,1,5,1,1,1,0,13,10,3,14,8,6,3,2,1,8,5,3,3,3,0
55316604,225,130,95,22,64,14,18,16,7,1,0,15,23,15,13,2,10,7,3,69,48,21,95,54,41,6,2,4,35,15,20,10,4,6
55317401,148,80,68,7,43,18,23,16,7,0,1,7,8,5,9,1,9,3,6,58,36,22,58,29,29,2,0,2,17,8,9,4,4,0
55318201,17,8,9,6,3,2,0,0,0,0,0,2,1,0,3,0,3,2,1,7,3,4,1,0,1,0,0,0,6,3,3,0,0,0
55318202,156,89,67,23,54,13,11,9,4,2,3,5,7,4,15,4,5,2,3,64,44,20,57,25,32,3,1,2,23,15,8,4,2,2
56317002,27,14,13,8,9,2,2,0,0,0,0,1,3,0,1,0,1,0,1,18,13,5,5,1,4,0,0,0,3,0,3,0,0,0
55320402,14,10,4,1,5,0,1,1,0,0,0,4,1,0,0,0,0,0,0,4,4,0,6,4,2,0,0,0,4,2,2,0,0,0
55320404,22,16,6,6,7,3,1,1,0,0,0,1,3,0,0,0,2,0,2,13,13,0,5,2,3,0,0,0,2,1,1,0,0,0
55320407,79,47,32,13,25,9,7,8,3,1,1,2,0,2,1,2,2,0,2,47,31,16,20,12,8,1,0,1,6,2,4,3,2,1
55320408,14,11,3,2,5,1,1,0,0,0,0,1,1,0,2,0,0,0,0,4,3,1,9,7,2,0,0,0,1,1,0,0,0,0
55320410,10,5,5,1,1,1,0,0,0,0,0,1,1,1,2,1,1,0,1,3,2,1,5,3,2,0,0,0,1,0,1,0,0,0
55320411,24,13,11,2,10,0,4,1,1,0,0,1,2,0,1,1,0,0,0,9,4,5,9,5,4,0,0,0,4,2,2,2,2,0
3085950,0,0,0,0,0,0,0,0,0,0,0,0,0,0,0,0,0,0,0,0,0,0,0,0,0,0,0,0,0,0,0,0,0,0
3086332,0,0,0,0,0,0,0,0,0,0,0,0,0,0,0,0,0,0,0,0,0,0,0,0,0,0,0,0,0,0,0,0,0,0
3212650,0,0,0,0,0,0,0,0,0,0,0,0,0,0,0,0,0,0,0,0,0,0,0,0,0,0,0,0,0,0,0,0,0,0
55204602,719,392,327,27,180,55,80,44,18,21,12,70,56,60,64,2,15,9,6,171,118,53,257,128,129,21,10,11,241,118,123,14,9,5
55204603,93,53,40,9,22,10,4,7,3,0,2,8,10,8,8,0,3,3,0,30,22,8,41,22,19,5,2,3,14,4,10,0,0,0
55204604,315,177,138,6,72,27,33,13,9,14,4,31,27,44,18,1,13,9,4,62,46,16,100,51,49,8,5,3,119,56,63,13,10,3
55204605,15,9,6,0,2,3,3,0,0,0,0,3,1,1,1,0,2,1,1,1,1,0,7,3,4,0,0,0,5,4,1,0,0,0
55204606,116,67,49,3,29,13,14,13,2,3,0,18,9,1,8,0,6,2,4,43,26,17,47,28,19,2,0,2,17,10,7,1,1,0
55204607,202,115,87,6,41,24,26,6,8,4,2,24,12,24,14,1,10,5,5,49,34,15,81,42,39,3,2,1,53,28,25,6,4,2
55204608,21,11,10,1,3,3,2,0,2,1,1,0,4,1,1,0,1,1,0,7,5,2,8,3,5,1,0,1,4,2,2,0,0,0
55204609,431,232,199,11,79,27,64,20,10,8,11,56,41,28,48,5,13,8,5,100,62,38,173,91,82,2,0,2,135,67,68,8,4,4
55204610,82,49,33,3,19,12,11,4,0,4,1,7,2,4,12,0,3,2,1,25,15,10,31,20,11,3,2,1,19,9,10,1,1,0
55204612,21,11,10,0,2,1,5,3,3,1,0,2,4,0,0,0,0,0,0,8,5,3,8,5,3,0,0,0,5,1,4,0,0,0
55204613,26,15,11,3,7,2,3,2,1,0,0,0,1,1,3,0,0,0,0,9,8,1,12,5,7,0,0,0,5,2,3,0,0,0
55204614,15,8,7,1,2,2,2,0,1,0,0,5,1,1,0,0,1,1,0,6,4,2,4,2,2,0,0,0,4,1,3,0,0,0
55204615,899,483,416,29,223,72,130,52,22,28,19,84,60,74,62,7,24,14,10,262,171,91,349,173,176,18,6,12,221,102,119,25,17,8
55204617,27,15,12,5,6,2,5,1,0,0,0,1,1,4,1,0,1,1,0,7,4,3,12,5,7,1,1,0,3,1,2,3,3,0
55204618,103,54,49,2,26,18,16,6,3,2,1,7,7,4,10,1,1,1,0,38,21,17,44,23,21,5,1,4,13,7,6,2,1,1
55204620,175,92,83,8,46,11,24,7,5,2,3,19,14,9,20,0,7,4,3,38,20,18,77,44,33,4,2,2,49,22,27,0,0,0
55204621,173,99,74,16,40,23,23,9,8,1,3,3,14,11,14,0,2,0,2,53,35,18,72,39,33,7,5,2,32,17,15,7,3,4
55204622,1939,1012,927,24,477,121,288,86,125,65,39,184,113,132,153,26,133,77,56,484,273,211,702,341,361,50,24,26,473,231,242,97,66,31
55204623,695,381,314,13,196,35,94,36,21,25,24,52,46,64,56,6,17,9,8,152,105,47,261,129,132,25,8,17,212,111,101,28,19,9
55204624,890,485,405,18,200,65,104,42,36,32,9,74,109,56,91,7,40,22,18,207,121,86,344,184,160,28,8,20,236,131,105,35,19,16
55204625,998,521,477,13,320,79,123,46,33,20,13,74,66,85,77,5,48,23,25,277,160,117,389,196,193,37,15,22,211,101,110,36,26,10
55204626,1610,823,787,26,410,96,180,96,72,40,26,125,166,108,171,18,70,40,30,484,264,220,631,306,325,48,15,33,311,159,152,66,39,27
55204627,1035,612,423,24,203,123,97,43,69,35,18,111,65,76,92,15,55,31,24,249,178,71,318,177,141,27,12,15,289,134,155,97,80,17
55204628,3600,1849,1751,62,1173,234,454,221,133,76,63,239,291,234,242,35,259,138,121,1265,703,562,1292,606,686,85,38,47,568,291,277,131,73,58
55204629,43,19,24,0,4,3,9,1,0,2,2,5,7,2,5,0,2,0,2,8,4,4,14,8,6,2,0,2,16,6,10,1,1,0
55204630,32,14,18,1,5,4,3,0,2,1,0,6,1,2,5,0,1,1,0,5,3,2,14,3,11,1,1,0,11,6,5,0,0,0
55204631,283,158,125,7,140,22,23,11,13,3,3,16,9,8,15,2,27,16,11,88,57,31,93,43,50,5,2,3,32,16,16,38,24,14
55204632,967,518,449,26,243,96,113,57,25,32,32,95,60,61,69,13,37,19,18,243,150,93,374,197,177,30,14,16,251,121,130,32,17,15
55204633,23,12,11,0,4,2,0,0,0,1,0,1,2,1,9,0,3,0,3,6,5,1,6,4,2,0,0,0,6,2,4,2,1,1
55204634,218,127,91,3,27,13,35,11,16,8,7,26,13,26,16,1,8,5,3,32,22,10,82,43,39,5,2,3,85,49,36,6,6,0
55204635,501,259,242,4,130,31,69,19,19,11,11,44,50,30,61,7,35,17,18,168,98,70,168,80,88,10,2,8,108,54,54,12,8,4
55204636,317,167,150,12,75,15,42,12,13,13,7,36,23,30,24,0,10,7,3,53,34,19,128,70,58,11,5,6,107,46,61,8,5,3
55204637,236,128,108,2,55,15,37,9,9,5,15,29,15,7,27,1,8,2,6,46,29,17,93,58,35,7,3,4,79,35,44,3,1,2
56315301,26,18,8,5,9,3,0,1,0,1,0,4,0,0,2,0,2,0,2,11,11,0,7,4,3,1,0,1,4,2,2,1,1,0
55323901,34,19,15,2,14,4,3,1,0,1,1,2,2,0,3,0,0,0,0,14,11,3,15,7,8,1,0,1,3,0,3,1,1,0
55323902,65,34,31,6,16,6,5,8,0,0,0,4,6,12,1,1,3,1,2,31,21,10,25,10,15,2,0,2,4,2,2,0,0,0
55323903,280,161,119,17,81,33,29,16,8,3,2,20,13,27,16,5,9,5,4,136,93,43,87,48,39,4,0,4,34,10,24,10,5,5
55160101,131,75,56,15,37,12,18,5,6,1,2,7,7,11,6,1,5,5,0,50,36,14,45,23,22,3,1,2,27,9,18,1,1,0
59912301,196,114,82,12,59,26,26,9,3,5,3,12,15,11,8,3,5,3,2,65,48,17,78,39,39,7,2,5,34,16,18,7,6,1
55325501,33,19,14,5,13,4,1,0,3,0,0,3,0,1,1,0,3,2,1,12,7,5,12,8,4,0,0,0,4,1,3,2,1,1
55325502,79,43,36,6,25,9,4,6,6,0,0,6,5,7,2,2,7,2,5,33,21,12,21,14,7,3,0,3,13,5,8,2,1,1
55326301,23,15,8,2,6,3,3,1,0,0,0,2,3,2,1,0,1,0,1,10,8,2,5,4,1,0,0,0,6,3,3,1,0,1
55326302,24,13,11,4,4,4,2,2,1,1,0,0,1,3,1,0,2,1,1,9,6,3,7,5,2,2,0,2,3,0,3,1,1,0
55326303,104,61,43,6,42,5,15,2,4,1,1,6,8,8,4,1,3,2,1,40,24,16,40,23,17,2,1,1,16,8,8,3,3,0
3275730,0,0,0,0,0,0,0,0,0,0,0,0,0,0,0,0,0,0,0,0,0,0,0,0,0,0,0,0,0,0,0,0,0,0
55327101,89,48,41,13,35,7,8,5,3,0,2,5,2,4,4,1,8,3,5,39,25,14,29,14,15,1,0,1,10,5,5,2,1,1
55327102,1712,930,782,52,632,167,167,122,49,29,18,111,91,100,103,10,127,60,67,645,409,236,609,297,312,37,11,26,223,112,111,71,41,30
55327104,833,469,364,21,279,86,91,71,23,19,13,60,48,45,47,6,45,16,29,322,218,104,286,138,148,11,6,5,136,70,66,33,21,12
55327105,14,10,4,0,2,2,3,2,0,0,0,1,3,0,1,0,0,0,0,8,6,2,3,1,2,1,1,0,2,2,0,0,0,0
55327106,38,26,12,1,22,5,1,1,3,0,0,2,0,0,2,0,7,5,2,18,14,4,9,4,5,2,2,0,2,1,1,0,0,0
55327107,220,125,95,5,66,17,22,18,5,9,2,25,14,11,18,0,4,4,0,68,41,27,100,56,44,3,2,1,41,19,22,4,3,1
55328002,16,10,6,2,7,1,0,2,0,0,0,1,2,1,0,0,0,0,0,8,6,2,7,4,3,0,0,0,0,0,0,1,0,1
55328003,55,32,23,10,16,8,3,3,4,0,0,0,3,4,2,1,4,3,1,30,21,9,16,8,8,0,0,0,5,0,5,0,0,0
55329801,32,16,16,7,9,3,3,0,0,1,2,3,0,3,1,0,1,0,1,16,10,6,11,4,7,0,0,0,4,2,2,0,0,0
55329802,98,60,38,8,43,9,10,4,1,0,1,9,4,2,4,0,13,9,4,43,29,14,28,13,15,1,1,0,9,5,4,4,3,1
55329803,13,9,4,2,3,1,1,0,2,0,0,1,0,1,2,0,0,0,0,6,6,0,3,0,3,0,0,0,4,3,1,0,0,0
56344702,44,28,16,4,12,5,2,3,3,2,0,4,2,2,1,0,3,1,2,24,18,6,10,6,4,1,0,1,2,0,2,4,3,1
55331001,82,47,35,14,23,8,9,2,8,1,0,3,2,3,3,0,2,1,1,29,17,12,38,23,15,0,0,0,12,5,7,1,1,0
55332801,13,9,4,2,1,1,2,0,0,0,0,3,0,1,2,0,0,0,0,3,3,0,5,3,2,0,0,0,4,3,1,1,0,1
55332802,16,11,5,1,8,0,3,0,0,0,0,2,1,1,0,0,0,0,0,10,7,3,3,2,1,0,0,0,3,2,1,0,0,0
55332805,18,14,4,5,4,0,3,0,0,0,0,2,1,1,0,0,2,2,0,7,6,1,5,2,3,0,0,0,4,4,0,0,0,0
55332806,23,14,9,13,4,0,2,1,0,1,0,0,0,1,1,0,1,0,1,11,8,3,6,2,4,0,0,0,1,1,0,4,3,1
56392701,11,8,3,2,5,1,0,0,0,0,0,1,0,1,0,0,1,0,1,7,5,2,3,3,0,0,0,0,0,0,0,0,0,0
59900001,31,18,13,6,13,3,1,4,0,0,1,1,0,0,1,1,2,1,1,12,7,5,10,5,5,0,0,0,1,1,0,6,4,2
55336101,16,9,7,1,4,3,1,1,0,0,0,1,2,0,2,0,0,0,0,9,6,3,4,2,2,0,0,0,3,1,2,0,0,0
55336102,83,51,32,17,23,7,9,5,1,1,2,2,10,1,2,2,3,2,1,47,32,15,18,9,9,0,0,0,7,3,4,8,5,3
59903402,52,32,20,7,13,2,8,3,0,1,1,5,4,2,2,1,1,1,0,28,19,9,17,7,10,0,0,0,5,4,1,1,1,0
56043001,83,45,38,0,28,13,8,6,1,1,0,8,7,6,3,0,5,2,3,39,25,14,26,11,15,1,0,1,8,4,4,4,3,1
59927101,122,66,56,12,47,6,13,14,0,1,1,3,6,8,11,0,5,4,1,39,23,16,53,27,26,5,3,2,14,5,9,6,4,2
55340901,158,87,71,11,47,13,18,12,2,4,1,12,11,13,9,0,4,1,3,56,41,15,66,35,31,5,0,5,25,8,17,2,2,0
55340902,44,23,21,2,7,10,8,4,0,0,0,4,0,4,2,1,2,0,2,18,13,5,15,6,9,1,1,0,6,2,4,2,1,1
55341701,52,30,22,8,16,5,6,4,1,0,0,4,4,2,1,1,4,2,2,26,19,7,15,7,8,4,1,3,3,1,2,0,0,0
55341702,442,249,193,37,113,74,50,17,13,11,1,38,33,25,13,4,26,14,12,185,126,59,153,69,84,6,0,6,61,32,29,11,8,3
56389701,117,68,49,9,34,18,16,10,3,3,2,5,2,6,3,3,7,3,4,43,30,13,44,21,23,1,0,1,11,6,5,11,8,3
55343301,156,87,69,8,40,7,33,9,21,0,2,6,8,7,11,1,9,3,6,53,34,19,61,36,25,6,2,4,25,11,14,2,1,1
0016352,0,0,0,0,0,0,0,0,0,0,0,0,0,0,0,0,0,0,0,0,0,0,0,0,0,0,0,0,0,0,0,0,0,0
55344101,676,370,306,42,339,20,57,76,18,2,8,22,17,33,23,4,62,36,26,337,201,136,200,98,102,5,1,4,35,12,23,37,22,15
55344105,12,9,3,4,5,0,0,0,1,0,0,0,2,0,0,0,0,0,0,7,5,2,4,3,1,0,0,0,1,1,0,0,0,0
55344106,66,41,25,12,23,2,5,8,0,0,1,1,2,6,3,0,6,3,3,28,21,7,19,9,10,2,0,2,5,3,2,6,5,1
55344109,46,26,20,5,22,4,1,4,2,0,0,4,1,1,1,0,3,0,3,29,15,14,11,9,2,1,1,0,1,0,1,1,1,0
55344110,36,17,19,8,10,2,3,2,0,0,0,3,2,3,0,1,4,3,1,12,8,4,12,3,9,1,1,0,6,2,4,1,0,1
55345001,536,301,235,21,205,31,63,37,11,8,13,29,31,37,41,2,36,19,17,206,126,80,199,104,95,12,4,8,58,30,28,25,18,7
55345003,38,25,13,4,12,4,4,2,1,0,0,1,4,3,2,0,2,1,1,11,9,2,15,8,7,0,0,0,6,4,2,4,3,1
55345004,63,44,19,10,23,3,6,6,5,0,0,4,2,1,3,0,4,4,0,34,25,9,13,5,8,0,0,0,6,4,2,6,6,0
55345005,63,38,25,12,24,7,0,7,0,0,0,2,4,3,2,0,7,4,3,24,20,4,23,8,15,1,0,1,3,2,1,5,4,1
55345006,28,16,12,2,13,1,2,1,1,0,0,2,1,0,1,2,4,0,4,13,11,2,9,4,5,0,0,0,1,0,1,1,1,0
55345007,41,21,20,2,26,0,5,2,0,0,0,4,0,0,1,0,0,0,0,17,12,5,13,6,7,2,0,2,4,0,4,5,3,2
56613601,185,107,78,2,67,12,22,14,11,3,5,11,7,14,8,3,7,4,3,77,51,26,71,36,35,0,0,0,20,8,12,10,8,2
55351401,115,62,53,7,41,8,5,10,1,0,2,6,6,14,9,2,5,2,3,50,36,14,40,19,21,1,0,1,18,5,13,1,0,1
0345502,0,0,0,0,0,0,0,0,0,0,0,0,0,0,0,0,0,0,0,0,0,0,0,0,0,0,0,0,0,0,0,0,0,0
55354901,221,124,97,20,35,6,36,12,8,3,3,17,22,13,11,6,19,13,6,73,43,30,80,42,38,3,2,1,32,14,18,14,10,4
55354903,10,6,4,0,1,1,2,0,1,0,0,0,1,0,1,0,1,0,1,1,0,1,2,1,1,0,0,0,1,1,0,5,4,1
55354904,60,34,26,0,14,3,17,1,4,0,0,1,3,0,4,1,1,1,0,22,13,9,26,14,12,1,1,0,5,2,3,5,3,2
55354905,102,59,43,2,11,7,30,7,6,0,0,3,2,0,1,0,16,11,5,35,21,14,44,24,20,1,0,1,4,1,3,2,2,0
55354906,30,16,14,8,5,1,2,0,2,0,0,4,0,1,2,1,1,1,0,12,7,5,10,6,4,0,0,0,4,1,3,3,1,2
55354907,19,11,8,2,5,0,2,3,2,0,0,2,0,0,0,0,3,2,1,5,4,1,10,5,5,0,0,0,0,0,0,1,0,1
55355701,175,96,79,13,45,18,28,8,2,0,3,9,15,15,12,0,2,1,1,64,42,22,72,35,37,6,1,5,24,11,13,7,6,1
3362030,0,0,0,0,0,0,0,0,0,0,0,0,0,0,0,0,0,0,0,0,0,0,0,0,0,0,0,0,0,0,0,0,0,0
55342501,239,130,109,4,81,12,35,12,14,4,2,20,19,13,8,3,5,2,3,90,61,29,103,48,55,3,0,3,25,10,15,13,9,4
55342503,19,10,9,0,6,0,2,1,1,1,0,4,1,0,3,0,3,2,1,2,1,1,4,1,3,2,1,1,8,5,3,0,0,0
55342504,27,14,13,0,8,2,2,2,0,0,1,2,1,5,1,0,0,0,0,5,1,4,16,11,5,0,0,0,6,2,4,0,0,0
55342505,1351,712,639,13,415,61,146,70,74,18,10,99,123,96,123,8,89,56,33,403,237,166,538,259,279,41,15,26,241,125,116,39,20,19
55342508,135,73,62,5,37,9,24,2,8,1,4,8,6,7,9,2,10,6,4,47,33,14,53,22,31,1,1,0,16,8,8,8,3,5
55342509,355,197,158,12,103,21,43,19,27,3,2,24,22,19,30,2,34,23,11,87,56,31,142,64,78,8,3,5,51,27,24,33,24,9
55342510,553,294,259,10,138,21,71,30,24,10,15,46,51,49,65,2,28,15,13,115,69,46,229,119,110,16,4,12,151,79,72,14,8,6
55342511,36,21,15,0,9,1,11,2,2,0,0,3,0,1,1,0,3,2,1,13,8,5,12,6,6,0,0,0,4,2,2,4,3,1
55342513,1180,600,580,32,340,36,161,66,49,14,21,76,75,75,133,13,85,46,39,394,227,167,448,214,234,26,9,17,178,75,103,49,29,20
55342514,220,122,98,8,64,18,36,13,6,4,2,10,6,16,20,4,13,10,3,72,48,24,86,44,42,6,3,3,37,17,20,6,0,6
55342515,360,199,161,10,100,15,56,20,15,1,6,23,12,32,44,2,25,14,11,116,75,41,128,64,64,13,2,11,69,37,32,9,7,2
55342516,15,7,8,1,2,0,2,1,2,0,0,4,0,2,1,0,2,1,1,2,1,1,4,1,3,0,0,0,6,3,3,1,1,0
55342517,538,285,253,11,161,29,73,27,24,5,14,37,30,44,52,3,33,17,16,154,100,54,216,105,111,20,7,13,99,46,53,16,10,6
55342518,18,9,9,0,2,3,0,3,1,1,0,1,0,3,0,0,0,0,0,5,4,1,6,2,4,0,0,0,6,2,4,1,1,0
55342519,162,85,77,3,47,13,22,13,8,0,0,23,8,4,10,2,22,10,12,46,25,21,55,31,24,3,0,3,15,7,8,21,12,9
55342521,19,12,7,1,5,1,2,2,0,1,0,0,3,2,2,0,3,3,0,5,4,1,6,3,3,1,0,1,4,2,2,0,0,0
55357301,62,36,26,4,22,8,5,6,1,0,1,4,7,1,1,2,8,6,2,32,21,11,13,3,10,0,0,0,0,0,0,9,6,3
55358101,183,91,92,14,51,20,11,8,6,0,2,17,16,11,21,0,9,4,5,59,35,24,71,34,37,4,0,4,30,13,17,10,5,5
55362001,140,81,59,23,66,5,4,12,2,0,1,7,9,1,6,1,8,4,4,61,44,17,44,21,23,5,1,4,11,6,5,11,5,6
56664101,84,52,32,14,42,1,6,4,2,2,1,3,2,3,3,0,6,3,3,30,20,10,41,24,17,0,0,0,3,1,2,4,4,0
56627601,22,11,11,7,3,0,4,3,0,0,0,0,1,2,0,1,1,0,1,10,4,6,9,6,3,0,0,0,2,1,1,0,0,0
3018500,0,0,0,0,0,0,0,0,0,0,0,0,0,0,0,0,0,0,0,0,0,0,0,0,0,0,0,0,0,0,0,0,0,0
3276110,0,0,0,0,0,0,0,0,0,0,0,0,0,0,0,0,0,0,0,0,0,0,0,0,0,0,0,0,0,0,0,0,0,0
55367101,271,150,121,6,102,16,36,15,8,3,4,14,17,25,17,0,16,10,6,93,68,25,111,52,59,3,1,2,41,14,27,7,5,2
55367102,542,300,242,31,195,38,69,28,13,6,2,26,18,42,38,12,36,21,15,216,138,78,174,90,84,10,5,5,71,27,44,35,19,16
55367103,865,463,402,43,349,47,77,61,25,3,4,58,41,64,59,8,59,32,27,355,216,139,298,140,158,11,0,11,93,43,50,49,32,17
55367104,86,46,40,2,35,4,5,6,2,1,2,6,6,7,6,0,5,4,1,33,20,13,32,15,17,3,1,2,10,5,5,3,1,2
55367105,19,11,8,2,7,1,1,1,1,0,0,0,0,0,3,0,2,0,2,14,10,4,3,1,2,0,0,0,0,0,0,0,0,0
55367106,19,8,11,2,6,0,3,4,1,0,0,0,1,1,0,0,2,2,0,11,6,5,6,0,6,0,0,0,0,0,0,0,0,0
55367107,38,24,14,1,17,7,5,1,1,0,0,3,0,1,1,0,0,0,0,19,14,5,8,3,5,1,0,1,2,1,1,8,6,2
55367108,15,9,6,4,3,1,2,0,1,0,0,0,0,1,1,0,4,2,2,8,6,2,2,1,1,0,0,0,0,0,0,1,0,1
55367109,26,13,13,4,11,1,0,1,0,0,1,2,1,2,2,0,1,1,0,15,8,7,7,3,4,0,0,0,1,0,1,2,1,1
55367110,89,48,41,6,30,7,12,5,1,0,1,4,1,9,6,2,5,2,3,50,31,19,24,12,12,0,0,0,7,1,6,3,2,1
55367111,80,47,33,10,19,7,11,5,2,2,0,6,4,5,3,0,7,3,4,35,24,11,23,13,10,1,1,0,9,3,6,5,3,2
55367112,24,13,11,5,3,4,4,2,0,0,0,1,1,1,3,0,4,3,1,9,6,3,10,3,7,0,0,0,0,0,0,1,1,0
55367114,16,10,6,0,4,5,0,2,0,1,0,1,1,0,2,0,0,0,0,11,7,4,5,3,2,0,0,0,0,0,0,0,0,0
55367116,40,21,19,14,13,1,3,5,1,0,0,1,0,0,2,0,5,2,3,21,15,6,9,2,7,2,1,1,0,0,0,3,1,2
55367117,25,18,7,4,8,2,3,3,0,0,0,0,2,2,0,0,1,1,0,19,14,5,4,3,1,1,0,1,0,0,0,0,0,0
55367118,37,16,21,3,9,3,2,5,2,0,0,1,2,4,5,0,2,1,1,12,6,6,18,8,10,2,1,1,3,0,3,0,0,0
55367119,10,7,3,1,3,1,1,0,0,0,0,1,0,1,1,1,2,1,1,2,2,0,2,1,1,0,0,0,4,3,1,0,0,0
55367120,183,97,86,10,69,11,23,8,6,0,0,15,5,10,12,0,20,11,9,71,39,32,49,23,26,1,0,1,18,7,11,24,17,7
55368901,17,7,10,1,6,1,2,1,0,0,0,0,1,3,2,0,0,0,0,7,4,3,8,2,6,0,0,0,1,0,1,1,1,0
55368902,30,17,13,5,11,4,0,4,0,0,0,0,1,4,1,0,3,1,2,15,11,4,8,2,6,0,0,0,0,0,0,4,3,1
55368903,22,12,10,1,14,1,1,2,0,0,0,0,0,2,1,0,2,0,2,15,8,7,1,1,0,0,0,0,1,1,0,3,2,1
55368904,15,6,9,1,1,3,1,2,0,0,0,0,0,4,2,0,2,2,0,7,3,4,4,1,3,2,0,2,0,0,0,0,0,0
55368908,418,239,179,52,139,25,34,34,6,3,0,14,14,61,14,8,42,25,17,202,123,79,116,60,56,3,1,2,32,12,20,23,18,5
55368911,23,11,12,3,10,1,1,2,0,0,1,0,1,1,2,0,2,0,2,10,7,3,8,2,6,0,0,0,3,2,1,0,0,0
55368912,29,20,9,2,12,3,3,4,0,0,0,0,1,1,2,0,1,1,0,11,8,3,14,9,5,0,0,0,2,1,1,1,1,0
56617901,87,50,37,13,17,3,10,8,4,2,1,5,5,9,9,1,5,3,2,25,17,8,21,13,8,2,0,2,30,16,14,4,1,3
56633101,14,7,7,1,5,2,1,0,1,0,1,0,1,0,1,1,1,0,1,7,4,3,4,3,1,1,0,1,1,0,1,0,0,0
55372701,52,31,21,14,15,5,3,3,0,0,0,3,1,6,1,0,0,0,0,25,18,7,13,6,7,1,0,1,7,3,4,6,4,2
55373501,366,199,167,43,149,12,40,27,9,5,5,12,16,18,18,1,17,7,10,150,97,53,135,69,66,8,1,7,46,20,26,10,5,5
55374301,164,90,74,21,56,11,22,10,13,1,0,5,4,8,8,1,6,3,3,76,48,28,57,27,30,5,0,5,10,6,4,10,6,4
55374303,33,18,15,6,11,1,4,0,1,2,1,4,0,0,3,0,4,1,3,13,9,4,12,5,7,0,0,0,4,3,1,0,0,0
55375101,198,107,91,11,57,8,23,15,2,1,7,11,25,14,18,1,6,2,4,54,38,16,95,44,51,8,2,6,33,19,14,2,2,0
56614401,83,49,34,17,26,5,4,8,2,0,0,6,3,4,4,1,2,2,0,35,25,10,31,18,13,1,0,1,12,3,9,2,1,1
55377801,13,9,4,1,3,2,0,3,0,0,0,0,1,0,1,1,1,0,1,2,2,0,4,4,0,0,0,0,2,1,1,4,2,2
55378601,38,21,17,4,11,5,6,1,1,0,1,1,1,0,4,1,3,1,2,17,13,4,13,4,9,1,1,0,4,2,2,0,0,0
55378603,29,17,12,3,8,2,2,0,1,0,1,2,3,4,2,0,3,3,0,8,5,3,14,7,7,0,0,0,4,2,2,0,0,0
55378604,180,99,81,6,77,7,21,7,6,4,1,10,9,9,12,1,7,3,4,82,48,34,62,33,29,1,0,1,24,12,12,4,3,1
55378605,10,7,3,3,3,0,2,0,0,0,0,1,1,0,0,0,1,1,0,1,1,0,5,2,3,1,1,0,2,2,0,0,0,0
55378606,1680,906,774,46,727,79,181,72,58,23,15,95,83,107,122,23,122,76,46,602,367,235,616,300,316,41,13,28,213,95,118,86,55,31
55378607,135,70,65,2,69,2,15,3,4,0,2,11,4,5,15,0,21,14,7,58,29,29,41,19,22,3,1,2,2,1,1,10,6,4
55378609,207,114,93,13,87,10,22,11,7,1,1,15,6,10,14,3,11,4,7,75,52,23,75,36,39,10,3,7,31,17,14,5,2,3
55378612,39,23,16,2,14,3,3,4,2,0,1,1,5,3,1,0,2,0,2,16,13,3,15,9,6,2,1,1,3,0,3,1,0,1
55378613,57,29,28,2,33,6,3,2,0,0,0,1,1,0,5,1,1,1,0,24,13,11,26,12,14,0,0,0,4,2,2,2,1,1
55379401,18,12,6,8,6,1,0,1,0,0,0,0,0,0,2,0,2,2,0,7,4,3,4,3,1,1,0,1,4,3,1,0,0,0
55379403,15,8,7,2,2,4,0,0,4,0,0,1,0,0,1,0,3,3,0,5,2,3,3,1,2,0,0,0,3,1,2,1,1,0
55379404,575,317,258,30,240,32,49,26,29,5,7,33,33,43,25,2,40,21,19,206,134,72,202,97,105,8,4,4,100,50,50,19,11,8
55381601,456,254,202,46,175,32,36,25,12,8,2,27,23,29,25,4,26,16,10,195,112,83,163,92,71,3,2,1,48,18,30,21,14,7
55381602,23,15,8,2,11,0,5,0,1,0,1,1,0,0,0,1,0,0,0,11,8,3,8,5,3,0,0,0,2,1,1,2,1,1
55382401,513,282,231,36,163,29,64,39,10,6,8,31,30,31,43,5,23,8,15,214,141,73,185,86,99,7,1,6,71,37,34,13,9,4
55382402,20,12,8,5,6,1,0,1,4,1,0,0,0,1,1,0,3,3,0,9,5,4,5,3,2,1,0,1,2,1,1,0,0,0
55383201,72,40,32,6,28,6,10,1,2,0,1,4,4,8,0,0,6,3,3,31,18,13,24,14,10,1,0,1,7,3,4,3,2,1
55385901,57,29,28,6,19,2,5,5,0,1,2,4,3,7,2,0,1,0,1,21,15,6,27,10,17,1,0,1,6,4,2,1,0,1
55386701,53,35,18,3,15,7,1,8,0,1,0,7,3,4,0,0,1,1,0,20,15,5,22,11,11,0,0,0,8,6,2,2,2,0
55389101,81,50,31,2,34,9,6,5,2,1,0,4,4,6,4,1,0,0,0,43,30,13,29,13,16,1,1,0,6,4,2,2,2,0
55389102,112,59,53,6,28,4,13,8,4,2,1,10,9,7,13,0,6,4,2,31,21,10,51,21,30,1,0,1,16,9,7,7,4,3
55391301,23,16,7,5,8,1,2,2,1,0,1,0,1,0,2,0,0,0,0,15,11,4,6,4,2,0,0,0,1,0,1,1,1,0
55391302,35,18,17,5,15,2,4,2,0,0,0,1,1,0,5,0,3,0,3,21,13,8,9,5,4,0,0,0,2,0,2,0,0,0
55391303,15,9,6,0,6,0,1,1,1,2,0,0,2,1,1,0,0,0,0,8,5,3,4,2,2,0,0,0,3,2,1,0,0,0
55391304,301,169,132,36,126,24,21,16,7,4,3,10,9,19,15,1,12,7,5,144,88,56,98,49,49,6,1,5,24,14,10,17,10,7
55391305,28,12,16,2,14,4,0,1,1,0,0,1,0,1,3,0,5,1,4,12,7,5,8,3,5,0,0,0,2,1,1,1,0,1
55391308,19,10,9,2,5,2,2,1,0,1,0,1,0,1,3,0,2,2,0,7,4,3,6,3,3,0,0,0,4,1,3,0,0,0
55391309,25,13,12,0,8,2,3,1,3,0,0,2,1,0,2,1,2,1,1,14,9,5,6,1,5,0,0,0,1,1,0,2,1,1
55391310,129,70,59,9,43,7,20,10,4,2,0,3,6,10,9,1,8,3,5,62,47,15,40,16,24,2,0,2,15,3,12,2,1,1
55392101,55,34,21,8,23,3,7,3,2,0,1,0,1,2,5,0,4,4,0,24,14,10,17,12,5,2,0,2,5,1,4,3,3,0
55393001,15,9,6,3,3,2,2,1,0,1,0,1,0,1,1,0,2,0,2,9,8,1,3,1,2,1,0,1,0,0,0,0,0,0
55393002,40,24,16,4,9,8,2,3,2,0,0,5,1,1,2,1,4,2,2,22,13,9,11,6,5,0,0,0,1,1,0,2,2,0
55394801,12,8,4,7,0,1,0,0,1,0,0,0,0,0,1,1,0,0,0,7,4,3,4,4,0,1,0,1,0,0,0,0,0,0
55394802,211,109,102,14,66,11,24,18,5,1,8,10,17,18,10,1,9,1,8,74,43,31,92,53,39,3,0,3,31,10,21,2,2,0
55394803,67,39,28,6,18,5,9,6,2,2,0,3,4,5,4,0,1,1,0,26,16,10,21,10,11,3,0,3,11,7,4,5,5,0
55395601,108,58,50,12,45,6,5,12,2,1,0,7,5,6,4,1,9,3,6,52,33,19,27,13,14,1,0,1,6,2,4,13,7,6
55395602,22,14,8,5,7,3,5,0,0,0,0,0,0,0,2,0,2,1,1,14,9,5,3,2,1,0,0,0,0,0,0,3,2,1
0974970,0,0,0,0,0,0,0,0,0,0,0,0,0,0,0,0,0,0,0,0,0,0,0,0,0,0,0,0,0,0,0,0,0,0
56629201,51,28,23,4,21,1,7,4,2,0,0,1,5,2,3,0,10,5,5,23,13,10,12,7,5,0,0,0,2,0,2,4,3,1
56629202,20,14,6,4,7,2,0,2,2,0,0,2,0,0,0,1,1,1,0,9,6,3,7,4,3,0,0,0,1,1,0,2,2,0
56629203,12,7,5,0,2,0,0,1,0,1,0,2,0,2,2,0,0,0,0,3,2,1,5,3,2,0,0,0,4,2,2,0,0,0
59917401,29,18,11,4,10,2,1,4,0,2,0,2,0,0,3,0,0,0,0,14,9,5,11,6,5,0,0,0,4,3,1,0,0,0
55398101,15,10,5,2,5,2,1,1,0,0,0,3,0,0,1,0,0,0,0,6,4,2,6,3,3,0,0,0,1,1,0,2,2,0
55398102,16,9,7,10,3,0,1,1,0,0,0,0,0,0,1,0,0,0,0,8,6,2,7,3,4,0,0,0,1,0,1,0,0,0
55398103,30,19,11,6,9,2,5,1,0,0,0,2,1,1,3,0,1,1,0,17,13,4,9,4,5,0,0,0,2,1,1,1,0,1
55398104,250,137,113,30,105,6,33,7,3,1,2,11,15,13,12,4,9,7,2,104,67,37,95,47,48,4,0,4,31,11,20,7,5,2
55398105,217,126,91,17,73,7,27,11,9,3,3,8,17,18,12,1,8,5,3,73,53,20,94,55,39,3,1,2,29,9,20,10,3,7
55398106,11,5,6,0,6,0,2,0,0,0,0,0,1,0,0,0,1,0,1,2,1,1,5,3,2,0,0,0,2,1,1,1,0,1
55399902,100,64,36,22,31,6,7,11,3,0,0,3,1,12,0,3,11,6,5,56,40,16,16,7,9,0,0,0,7,3,4,10,8,2
55399905,25,11,14,5,12,0,2,0,0,0,0,0,1,4,1,0,2,1,1,9,4,5,11,4,7,0,0,0,1,0,1,2,2,0
1028810,0,0,0,0,0,0,0,0,0,0,0,0,0,0,0,0,0,0,0,0,0,0,0,0,0,0,0,0,0,0,0,0,0,0
1028900,0,0,0,0,0,0,0,0,0,0,0,0,0,0,0,0,0,0,0,0,0,0,0,0,0,0,0,0,0,0,0,0,0,0
1983820,0,0,0,0,0,0,0,0,0,0,0,0,0,0,0,0,0,0,0,0,0,0,0,0,0,0,0,0,0,0,0,0,0,0
55400601,15,9,6,0,1,0,8,0,2,0,0,0,2,0,0,0,4,1,3,5,3,2,6,5,1,0,0,0,0,0,0,0,0,0
55400602,53,29,24,5,19,1,3,5,2,0,0,5,6,0,2,1,7,5,2,19,10,9,14,7,7,0,0,0,2,1,1,11,6,5
55400603,14,9,5,2,3,1,1,0,2,0,0,2,1,0,0,0,2,2,0,4,2,2,6,3,3,0,0,0,2,2,0,0,0,0
55400604,12,7,5,1,3,2,2,1,0,0,0,1,1,0,1,0,1,1,0,6,3,3,3,1,2,0,0,0,0,0,0,2,2,0
59916602,63,37,26,6,26,4,0,4,0,0,1,6,4,0,7,2,6,3,3,30,23,7,16,7,9,2,0,2,7,3,4,2,1,1
55403101,104,57,47,12,27,2,21,8,2,2,4,5,4,7,5,0,1,0,1,30,18,12,37,22,15,4,1,3,30,15,15,2,1,1
59913101,63,37,26,6,26,2,8,4,0,1,0,6,2,2,6,0,3,2,1,26,18,8,23,12,11,3,1,2,7,3,4,1,1,0
55405702,74,45,29,6,28,12,9,3,3,0,0,1,4,1,6,0,9,5,4,41,27,14,18,8,10,1,0,1,1,1,0,4,4,0
55407302,17,10,7,0,7,2,2,2,0,0,0,1,0,1,2,0,1,0,1,7,6,1,5,2,3,0,0,0,4,2,2,0,0,0
55407303,297,176,121,16,140,25,19,16,3,2,5,6,17,20,18,1,16,10,6,133,92,41,99,49,50,4,1,3,36,16,20,9,8,1
56620901,50,29,21,9,15,4,6,2,2,0,1,1,3,1,3,2,7,4,3,24,12,12,15,10,5,0,0,0,3,2,1,1,1,0
59918201,65,35,30,1,23,5,6,9,0,0,1,6,2,6,2,0,5,1,4,19,18,1,26,11,15,3,1,2,10,2,8,2,2,0
59918202,43,29,14,4,12,6,7,4,0,1,0,3,0,2,1,0,1,1,0,21,16,5,14,8,6,0,0,0,4,1,3,3,3,0
55408101,48,28,20,10,13,2,4,1,1,1,1,3,2,5,2,1,3,1,2,17,13,4,16,9,7,2,1,1,7,3,4,3,1,2
55408102,51,31,20,10,17,1,1,3,5,0,4,2,1,3,2,0,1,0,1,22,18,4,15,6,9,3,1,2,8,5,3,2,1,1
55409001,116,67,49,16,38,1,10,7,2,2,1,7,7,7,13,2,4,1,3,51,30,21,36,23,13,3,2,1,20,10,10,2,1,1
56637301,47,24,23,6,17,2,5,2,1,1,1,4,3,4,1,0,2,1,1,14,7,7,21,13,8,0,0,0,9,2,7,1,1,0
55411103,20,11,9,2,10,1,0,0,1,0,0,2,1,0,2,0,4,2,2,2,2,0,8,3,5,1,0,1,4,3,1,1,1,0
55411104,37,22,15,6,9,3,2,6,0,0,1,0,0,5,3,1,2,0,2,21,15,6,9,2,7,1,1,0,3,3,0,1,1,0
55411105,582,318,264,38,203,26,53,50,23,3,4,24,37,57,45,4,36,17,19,254,160,94,195,100,95,12,2,10,58,20,38,27,19,8
55411106,30,15,15,5,8,1,1,1,0,0,0,1,2,5,4,2,0,0,0,10,8,2,12,4,8,1,0,1,5,2,3,2,1,1
55411107,29,19,10,2,14,0,4,1,1,0,0,2,0,0,4,1,1,0,1,17,15,2,7,2,5,1,0,1,2,1,1,1,1,0
55412002,12,6,6,0,0,1,2,1,0,0,0,3,2,2,1,0,1,1,0,2,1,1,3,1,2,3,2,1,3,1,2,0,0,0
55412003,266,151,115,28,97,12,22,18,11,3,4,14,13,19,17,5,13,4,9,99,72,27,106,52,54,10,1,9,25,10,15,13,12,1
56636501,110,65,45,14,37,6,13,7,3,2,1,4,4,7,11,1,8,2,6,51,37,14,32,18,14,2,0,2,14,7,7,3,1,2
55413801,71,43,28,1,34,6,3,4,1,5,0,5,6,2,3,0,2,1,1,26,18,8,22,12,10,2,1,1,17,9,8,2,2,0
55413802,455,267,188,19,159,35,50,27,19,4,7,21,20,36,37,6,13,5,8,177,120,57,183,100,83,11,3,8,58,26,32,13,13,0
55415401,20,12,8,1,9,0,1,4,2,0,0,1,1,0,0,1,2,1,1,11,6,5,6,5,1,0,0,0,0,0,0,1,0,1
55415402,27,15,12,3,9,3,4,1,1,0,1,5,0,0,0,0,4,2,2,12,8,4,9,5,4,0,0,0,1,0,1,1,0,1
55415403,107,63,44,10,41,4,6,14,8,1,1,6,4,5,7,0,11,6,5,59,35,24,24,14,10,0,0,0,7,3,4,6,5,1
1439360,0,0,0,0,0,0,0,0,0,0,0,0,0,0,0,0,0,0,0,0,0,0,0,0,0,0,0,0,0,0,0,0,0,0
1439440,0,0,0,0,0,0,0,0,0,0,0,0,0,0,0,0,0,0,0,0,0,0,0,0,0,0,0,0,0,0,0,0,0,0
1439520,0,0,0,0,0,0,0,0,0,0,0,0,0,0,0,0,0,0,0,0,0,0,0,0,0,0,0,0,0,0,0,0,0,0
1439610,0,0,0,0,0,0,0,0,0,0,0,0,0,0,0,0,0,0,0,0,0,0,0,0,0,0,0,0,0,0,0,0,0,0
1439790,0,0,0,0,0,0,0,0,0,0,0,0,0,0,0,0,0,0,0,0,0,0,0,0,0,0,0,0,0,0,0,0,0,0
55418901,63,38,25,14,22,2,6,2,6,1,0,4,1,1,1,1,5,2,3,38,22,16,11,9,2,1,0,1,4,2,2,4,3,1
55420101,15,10,5,4,4,0,2,1,0,0,0,0,0,0,2,1,1,0,1,5,4,1,6,3,3,0,0,0,1,1,0,2,2,0
55420102,6,4,2,2,1,0,2,0,0,0,0,0,0,0,1,0,0,0,0,3,3,0,3,1,2,0,0,0,0,0,0,0,0,0
55420103,46,30,16,3,18,5,1,7,1,0,0,4,2,2,1,1,7,6,1,20,11,9,7,7,0,1,0,1,4,2,2,7,4,3
55425101,103,59,44,8,38,9,4,4,1,1,2,3,8,3,15,3,3,1,2,28,20,8,54,29,25,2,0,2,13,7,6,3,2,1
55426001,91,47,44,5,38,4,8,6,0,0,3,9,3,5,7,0,7,4,3,39,23,16,27,13,14,4,1,3,12,4,8,2,2,0
55426002,40,23,17,15,10,0,2,0,0,0,0,2,4,2,4,0,1,0,1,16,12,4,14,8,6,1,0,1,8,3,5,0,0,0
55426004,55,33,22,8,23,1,6,4,1,0,1,1,3,4,3,0,2,2,0,30,19,11,14,8,6,0,0,0,7,3,4,2,1,1
55427801,11,6,5,2,6,1,0,1,0,0,0,1,0,0,0,0,1,1,0,7,3,4,3,2,1,0,0,0,0,0,0,0,0,0
55427802,57,33,24,6,24,3,5,1,1,0,0,2,2,7,4,1,1,1,0,32,23,9,18,5,13,0,0,0,5,3,2,1,1,0
55427804,149,83,66,18,59,15,13,9,8,1,0,8,4,6,6,0,6,2,4,82,50,32,43,20,23,1,0,1,8,4,4,9,7,2
55427805,13,7,6,1,5,0,0,1,1,0,0,2,0,1,2,0,0,0,0,11,6,5,1,0,1,0,0,0,1,1,0,0,0,0
55429401,65,39,26,6,28,5,4,2,3,0,0,6,2,3,4,0,3,2,1,28,20,8,29,14,15,0,0,0,4,2,2,1,1,0
55429402,141,77,64,4,68,7,9,14,0,1,1,7,5,11,12,1,9,6,3,64,40,24,48,25,23,1,0,1,15,4,11,4,2,2
55429403,48,26,22,5,20,5,2,3,1,0,0,2,3,4,2,0,2,1,1,20,15,5,20,8,12,2,0,2,3,1,2,1,1,0
55429404,715,406,309,37,307,32,53,62,22,6,7,30,37,56,47,3,48,23,25,297,197,100,244,123,121,13,2,11,62,26,36,51,35,16
55429405,649,359,290,32,241,34,81,39,12,12,8,31,31,62,41,7,37,14,23,220,138,82,262,141,121,9,3,6,99,47,52,22,16,6
55431601,114,63,51,11,29,5,19,11,6,0,2,5,5,6,8,0,2,1,1,49,35,14,41,14,27,3,2,1,17,9,8,2,2,0
55434101,31,20,11,3,4,0,1,0,3,2,3,6,0,3,5,0,1,0,1,6,6,0,9,8,1,0,0,0,14,5,9,1,1,0
55434102,186,104,82,18,58,16,19,12,7,1,2,8,13,11,13,1,3,2,1,86,56,30,62,27,35,7,2,5,21,12,9,7,5,2
55435901,215,122,93,11,104,6,15,17,11,0,0,13,7,12,10,1,11,7,4,85,47,38,89,51,38,4,3,1,12,6,6,14,8,6
55435902,31,14,17,0,7,0,2,1,2,0,1,4,2,2,8,1,0,0,0,6,4,2,16,5,11,0,0,0,5,2,3,4,3,1
55435903,27,12,15,2,7,1,1,2,0,1,0,2,1,5,4,0,1,0,1,9,5,4,9,4,5,0,0,0,7,3,4,1,0,1
56616102,63,36,27,22,8,5,5,5,3,1,1,4,1,1,6,0,3,3,0,20,14,6,25,12,13,2,1,1,10,4,6,3,2,1
55438301,35,23,12,12,10,1,2,3,1,0,0,2,2,0,2,0,1,1,0,20,14,6,9,3,6,0,0,0,3,3,0,2,2,0
55438302,146,79,67,1,52,10,14,6,2,1,3,9,20,9,10,1,6,3,3,51,38,13,67,28,39,5,2,3,14,6,8,3,2,1
55438303,24,15,9,0,8,2,1,1,4,1,0,2,1,2,2,0,2,2,0,7,6,1,10,4,6,0,0,0,4,3,1,1,0,1
55439101,45,28,17,10,14,1,1,5,0,0,0,4,1,5,3,0,1,0,1,22,16,6,13,8,5,2,0,2,5,2,3,2,2,0
55440501,76,42,34,12,31,6,2,4,2,2,0,2,7,3,1,1,6,4,2,42,25,17,20,9,11,0,0,0,3,1,2,5,3,2
55441301,35,22,13,6,14,3,3,1,0,0,2,4,1,0,1,0,5,5,0,17,10,7,9,5,4,0,0,0,4,2,2,0,0,0
55441302,26,15,11,6,13,2,0,1,0,0,0,0,1,0,1,2,1,0,1,8,5,3,4,1,3,0,0,0,6,5,1,7,4,3
55441303,52,35,17,10,17,5,4,3,1,0,0,6,0,3,0,2,6,6,0,28,20,8,14,6,8,0,0,0,1,1,0,3,2,1
55442102,27,18,9,7,9,3,1,2,1,0,0,1,1,2,0,0,1,0,1,13,10,3,10,6,4,0,0,0,2,1,1,1,1,0
55442103,54,29,25,4,26,4,3,6,2,0,0,0,1,3,3,0,3,0,3,29,17,12,16,9,7,1,1,0,3,1,2,2,1,1
56625001,54,31,23,6,28,3,3,1,2,0,0,1,5,2,1,0,2,0,2,29,20,9,13,4,9,1,1,0,5,3,2,4,3,1
55444801,22,12,10,5,7,1,5,0,0,0,0,2,0,1,1,0,4,2,2,8,5,3,9,5,4,1,0,1,0,0,0,0,0,0
0504660,0,0,0,0,0,0,0,0,0,0,0,0,0,0,0,0,0,0,0,0,0,0,0,0,0,0,0,0,0,0,0,0,0,0
55445601,37,18,19,1,19,1,4,2,0,0,0,1,0,2,3,2,2,2,0,12,5,7,19,9,10,1,0,1,3,2,1,0,0,0
55445602,39,25,14,6,17,2,1,4,0,0,0,3,1,0,3,1,5,4,1,23,15,8,8,4,4,0,0,0,1,1,0,2,1,1
55445603,48,29,19,12,22,2,2,2,1,1,0,2,0,1,2,0,11,8,3,22,14,8,7,3,4,1,0,1,1,0,1,6,4,2
55445605,16,10,6,6,6,0,1,0,0,0,1,0,0,0,1,0,1,0,1,12,9,3,1,0,1,1,0,1,1,1,0,0,0,0
55445607,18,13,5,2,4,0,2,6,0,0,0,0,1,0,2,1,2,2,0,7,6,1,5,3,2,0,0,0,3,2,1,1,0,1
55445609,208,119,89,28,73,16,20,9,8,0,2,13,12,9,13,4,33,21,12,86,53,33,71,38,33,2,0,2,11,3,8,5,4,1
55446401,100,54,46,9,37,3,8,2,0,1,2,5,7,13,8,3,2,0,2,16,7,9,46,28,18,1,0,1,28,14,14,7,5,2
55446402,38,22,16,6,13,1,5,1,1,1,0,2,3,3,2,0,0,0,0,14,10,4,12,7,5,1,0,1,11,5,6,0,0,0
55446403,69,38,31,8,24,2,3,1,1,0,0,10,7,2,7,1,0,0,0,25,19,6,26,11,15,1,0,1,10,3,7,7,5,2
55446404,32,19,13,6,12,2,2,1,1,0,0,3,1,0,1,0,4,1,3,17,15,2,6,2,4,0,0,0,2,0,2,3,1,2
55446405,57,30,27,6,21,3,4,3,1,3,1,5,1,1,5,1,4,3,1,22,15,7,16,6,10,3,0,3,10,5,5,2,1,1
55446406,229,126,103,15,88,19,38,13,4,1,2,10,7,4,17,3,9,3,6,101,60,41,83,46,37,7,2,5,16,7,9,13,8,5
55447201,73,40,33,11,23,5,11,2,1,2,1,4,3,4,4,0,4,2,2,29,21,8,30,14,16,0,0,0,10,3,7,0,0,0
54184201,57,31,26,6,15,5,6,4,2,1,2,4,5,1,5,1,5,3,2,23,13,10,21,12,9,2,0,2,5,2,3,1,1,0
54184202,19,12,7,0,10,1,1,2,1,0,0,3,0,0,1,0,0,0,0,8,6,2,8,3,5,0,0,0,0,0,0,3,3,0
55579701,279,149,130,28,101,21,30,12,7,4,1,13,20,20,14,2,14,11,3,120,81,39,97,37,60,3,0,3,28,11,17,17,9,8
55579702,16,9,7,2,2,1,2,0,0,0,1,2,1,1,4,0,1,0,1,4,4,0,7,4,3,3,1,2,1,0,1,0,0,0
55579703,62,33,29,6,26,4,6,4,1,0,1,5,1,2,4,0,2,1,1,28,17,11,19,9,10,2,0,2,10,5,5,1,1,0
55579705,38,23,15,8,5,2,6,2,1,0,0,2,1,2,4,2,0,0,0,17,11,6,11,6,5,0,0,0,7,4,3,3,2,1
55580101,300,160,140,14,92,19,21,19,15,5,4,16,36,34,17,1,11,4,7,85,56,29,115,59,56,5,0,5,69,31,38,15,10,5
55580102,74,40,34,6,26,2,8,3,1,5,1,4,4,5,6,1,7,5,2,26,18,8,24,10,14,0,0,0,15,5,10,2,2,0
55580103,20,9,11,0,6,3,1,1,1,0,1,3,0,3,0,1,3,1,2,3,2,1,4,1,3,0,0,0,4,2,2,6,3,3
55580104,18,10,8,2,10,2,1,1,0,0,0,1,1,0,0,0,2,1,1,8,6,2,7,2,5,0,0,0,0,0,0,1,1,0
55580105,19,10,9,0,6,3,5,0,0,0,0,2,0,1,1,0,1,1,0,9,5,4,8,4,4,0,0,0,1,0,1,0,0,0
55580106,16,9,7,0,6,0,1,2,1,0,0,0,0,1,4,0,1,0,1,6,5,1,5,2,3,0,0,0,2,0,2,2,2,0
57808801,60,34,26,8,30,4,0,5,0,0,2,8,2,0,0,0,4,3,1,26,17,9,22,9,13,0,0,0,6,4,2,2,1,1
55583501,241,138,103,12,81,21,24,17,5,3,4,17,21,18,10,0,5,2,3,96,72,24,91,40,51,4,1,3,39,18,21,6,5,1
55583502,55,30,25,1,17,3,8,6,3,1,0,4,1,2,4,3,4,4,0,14,10,4,24,11,13,1,0,1,9,3,6,3,2,1
55583503,17,7,10,3,3,1,0,1,1,0,1,0,5,1,0,0,1,0,1,4,3,1,7,2,5,0,0,0,4,1,3,1,1,0
55583504,47,23,24,9,17,3,9,3,0,0,0,1,1,2,2,0,4,4,0,21,9,12,12,7,5,1,0,1,5,3,2,4,0,4
55583505,25,12,13,3,8,2,2,1,1,0,0,2,2,2,1,0,1,0,1,10,7,3,6,2,4,0,0,0,4,1,3,4,2,2
55583506,12,8,4,1,6,1,1,1,0,0,0,1,0,0,0,1,0,0,0,5,4,1,2,1,1,0,0,0,1,0,1,4,3,1
54192301,94,51,43,9,30,13,10,6,3,1,2,4,2,7,4,1,6,1,5,33,23,10,33,16,17,3,1,2,13,5,8,6,5,1
55589401,118,71,47,13,29,13,6,8,5,1,1,6,12,11,9,2,6,2,4,50,34,16,36,18,18,2,1,1,22,14,8,2,2,0
55589403,27,16,11,8,6,1,2,2,0,0,0,1,3,1,2,1,0,0,0,18,14,4,6,2,4,1,0,1,2,0,2,0,0,0
53008501,21,14,7,4,4,3,1,1,2,0,0,2,1,2,0,0,1,1,0,11,9,2,6,2,4,0,0,0,1,1,0,2,1,1
1989780,0,0,0,0,0,0,0,0,0,0,0,0,0,0,0,0,0,0,0,0,0,0,0,0,0,0,0,0,0,0,0,0,0,0
1991250,0,0,0,0,0,0,0,0,0,0,0,0,0,0,0,0,0,0,0,0,0,0,0,0,0,0,0,0,0,0,0,0,0,0
55594102,32,16,16,6,9,1,3,0,0,0,1,1,4,1,3,1,1,0,1,13,8,5,11,5,6,1,0,1,4,2,2,2,1,1
55594103,82,42,40,5,18,11,2,6,4,1,1,7,7,11,6,2,1,1,0,32,21,11,29,13,16,2,1,1,12,3,9,6,3,3
55594105,21,16,5,4,4,4,4,1,0,0,0,0,2,0,0,2,0,0,0,8,6,2,10,7,3,0,0,0,1,1,0,2,2,0
55594108,47,27,20,9,5,0,4,4,7,2,1,3,3,6,2,0,3,2,1,13,11,2,20,7,13,1,1,0,6,2,4,4,4,0
55594111,15,9,6,6,2,1,2,0,0,0,0,1,1,2,0,0,0,0,0,7,6,1,4,1,3,0,0,0,3,1,2,1,1,0
55594112,27,15,12,10,5,1,2,0,0,0,2,3,2,0,0,1,1,1,0,10,7,3,14,5,9,0,0,0,2,2,0,0,0,0
55353101,77,47,30,11,45,3,4,6,2,1,0,0,4,1,0,0,11,7,4,40,24,16,15,9,6,0,0,0,5,3,2,6,4,2
55353102,21,12,9,8,7,1,3,0,0,0,0,0,0,0,1,1,1,1,0,12,7,5,8,4,4,0,0,0,0,0,0,0,0,0
55353104,46,24,22,3,21,5,3,3,1,0,2,1,1,2,1,1,6,1,5,21,13,8,14,7,7,0,0,0,4,2,2,1,1,0
55353105,25,14,11,5,10,0,2,1,2,0,1,0,2,1,1,0,1,0,1,9,5,4,8,5,3,2,0,2,3,2,1,2,2,0
54217201,107,65,42,7,40,5,11,5,3,2,2,9,4,8,5,2,4,4,0,40,29,11,36,15,21,2,1,1,13,6,7,12,10,2
54202401,110,60,50,12,44,7,4,6,4,0,3,3,9,3,12,1,7,2,5,55,36,19,29,14,15,1,0,1,17,7,10,1,1,0
57849501,60,37,23,10,19,4,8,5,1,0,1,3,4,1,2,1,2,1,1,32,26,6,17,5,12,0,0,0,9,5,4,0,0,0
0256740,0,0,0,0,0,0,0,0,0,0,0,0,0,0,0,0,0,0,0,0,0,0,0,0,0,0,0,0,0,0,0,0,0,0
55604102,29,15,14,3,14,2,6,0,2,0,0,1,0,1,0,0,3,3,0,11,7,4,5,2,3,1,0,1,5,2,3,4,1,3
55604103,19,12,7,2,8,1,3,0,1,1,0,1,1,1,0,0,1,0,1,9,7,2,2,1,1,0,0,0,6,3,3,1,1,0
55604106,187,113,74,19,94,16,7,6,8,1,0,7,6,6,11,2,11,7,4,101,72,29,44,21,23,3,0,3,15,4,11,13,9,4
55604107,84,53,31,10,30,12,5,5,5,0,0,3,4,1,8,0,6,6,0,40,27,13,28,18,10,1,0,1,7,2,5,2,0,2
55606801,21,12,9,1,5,4,4,2,0,0,1,1,0,2,1,0,1,0,1,9,7,2,9,4,5,0,0,0,1,0,1,1,1,0
55606802,71,44,27,5,19,2,5,9,4,1,0,4,1,7,6,4,6,5,1,27,22,5,21,7,14,2,0,2,11,7,4,4,3,1
55606804,36,21,15,3,11,1,2,1,1,0,0,2,7,1,7,0,1,0,1,13,10,3,15,6,9,0,0,0,3,1,2,4,4,0
55606805,18,12,6,1,3,2,4,1,2,0,0,1,1,1,1,1,0,0,0,6,6,0,9,5,4,1,0,1,1,0,1,1,1,0
55606806,45,26,19,8,16,1,1,5,0,0,0,4,4,1,2,1,3,2,1,16,8,8,16,11,5,1,0,1,5,2,3,4,3,1
0265222,0,0,0,0,0,0,0,0,0,0,0,0,0,0,0,0,0,0,0,0,0,0,0,0,0,0,0,0,0,0,0,0,0,0
55607601,31,17,14,5,10,1,5,0,4,0,1,1,2,1,0,0,3,1,2,14,11,3,11,4,7,0,0,0,2,1,1,1,0,1
55607602,15,10,5,1,3,2,3,0,0,0,0,2,2,2,0,0,1,1,0,4,4,0,5,2,3,0,0,0,2,1,1,3,2,1
55607603,314,170,144,25,98,34,38,11,23,6,1,18,17,14,19,2,25,14,11,133,90,43,109,50,59,4,0,4,37,11,26,6,5,1
55607604,15,8,7,2,4,1,2,0,0,0,0,4,0,0,0,0,2,1,1,4,2,2,5,3,2,0,0,0,4,2,2,0,0,0
55607605,21,12,9,2,10,1,0,0,3,0,1,2,0,0,1,0,1,1,0,6,4,2,6,2,4,0,0,0,6,3,3,2,2,0
53012301,42,20,22,5,10,1,10,2,2,1,1,2,2,5,1,0,2,1,1,21,11,10,15,8,7,0,0,0,4,0,4,0,0,0
53012302,22,13,9,1,4,2,5,0,2,0,1,2,1,1,0,0,0,0,0,9,5,4,6,5,1,1,0,1,6,3,3,0,0,0
55610601,11,7,4,3,1,0,2,2,0,0,1,0,1,0,1,0,0,0,0,1,1,0,7,4,3,0,0,0,3,2,1,0,0,0
55610602,214,117,97,13,79,15,20,14,5,2,3,18,10,12,18,0,7,3,4,78,51,27,73,34,39,9,4,5,32,15,17,15,10,5
55610603,63,37,26,7,20,5,1,6,2,0,0,3,9,4,4,0,1,0,1,25,20,5,26,11,15,1,0,1,9,5,4,1,1,0
55610604,17,11,6,2,4,5,1,2,1,0,0,0,0,0,1,0,0,0,0,11,8,3,5,3,2,1,0,1,0,0,0,0,0,0
55610605,115,69,46,6,29,8,7,7,4,4,2,13,14,6,12,1,5,3,2,41,26,15,45,26,19,2,0,2,21,13,8,1,1,0
55610606,23,16,7,1,7,4,3,2,0,0,1,2,1,0,1,0,0,0,0,12,10,2,8,5,3,0,0,0,1,0,1,2,1,1
55610607,15,6,9,0,4,1,3,3,1,0,0,0,0,2,1,0,0,0,0,3,1,2,4,2,2,2,1,1,6,2,4,0,0,0
55610609,7,4,3,0,1,0,3,0,0,1,0,0,1,0,1,0,1,0,1,0,0,0,2,2,0,0,0,0,4,2,2,0,0,0
57851701,23,16,7,1,9,2,5,2,2,0,0,2,0,0,0,0,1,1,0,9,6,3,10,7,3,0,0,0,2,1,1,1,1,0
56668301,11,8,3,1,1,1,1,0,2,0,0,0,2,1,2,0,1,1,0,4,3,1,3,3,0,0,0,0,3,1,2,0,0,0
56668302,57,32,25,11,15,4,1,2,2,0,1,4,3,1,4,1,6,2,4,25,19,6,19,8,11,2,1,1,4,1,3,1,1,0
57852502,40,25,15,7,16,5,5,2,1,0,0,0,0,2,2,0,2,1,1,19,13,6,12,6,6,2,2,0,3,2,1,2,1,1
1927590,0,0,0,0,0,0,0,0,0,0,0,0,0,0,0,0,0,0,0,0,0,0,0,0,0,0,0,0,0,0,0,0,0,0
57824001,50,29,21,8,9,5,3,6,6,0,1,3,3,2,2,1,4,1,3,20,13,7,18,11,7,0,0,0,5,2,3,3,2,1
0373622,0,0,0,0,0,0,0,0,0,0,0,0,0,0,0,0,0,0,0,0,0,0,0,0,0,0,0,0,0,0,0,0,0,0
0373713,0,0,0,0,0,0,0,0,0,0,0,0,0,0,0,0,0,0,0,0,0,0,0,0,0,0,0,0,0,0,0,0,0,0
0374350,0,0,0,0,0,0,0,0,0,0,0,0,0,0,0,0,0,0,0,0,0,0,0,0,0,0,0,0,0,0,0,0,0,0
1989940,0,0,0,0,0,0,0,0,0,0,0,0,0,0,0,0,0,0,0,0,0,0,0,0,0,0,0,0,0,0,0,0,0,0
1990010,0,0,0,0,0,0,0,0,0,0,0,0,0,0,0,0,0,0,0,0,0,0,0,0,0,0,0,0,0,0,0,0,0,0
1990280,0,0,0,0,0,0,0,0,0,0,0,0,0,0,0,0,0,0,0,0,0,0,0,0,0,0,0,0,0,0,0,0,0,0
1990360,0,0,0,0,0,0,0,0,0,0,0,0,0,0,0,0,0,0,0,0,0,0,0,0,0,0,0,0,0,0,0,0,0,0
3208890,0,0,0,0,0,0,0,0,0,0,0,0,0,0,0,0,0,0,0,0,0,0,0,0,0,0,0,0,0,0,0,0,0,0
55618101,22,13,9,6,4,1,1,2,1,1,1,0,2,3,0,0,2,1,1,14,10,4,5,1,4,0,0,0,0,0,0,1,1,0
55618102,247,145,102,44,72,14,23,13,21,1,0,10,12,12,11,2,16,8,8,121,78,43,71,37,34,5,2,3,27,13,14,7,7,0
55618103,13,6,7,2,6,0,0,0,2,0,0,2,0,0,1,0,0,0,0,9,5,4,3,0,3,0,0,0,1,1,0,0,0,0
55618105,24,13,11,2,12,3,1,0,1,1,0,1,0,1,0,0,4,3,1,7,3,4,7,3,4,0,0,0,3,2,1,3,2,1
55618108,37,17,20,5,7,5,6,2,1,0,0,3,2,2,0,0,4,2,2,12,5,7,10,6,4,0,0,0,7,3,4,4,1,3
55618111,10,6,4,3,1,2,2,0,1,0,0,0,0,0,1,0,0,0,0,7,5,2,3,1,2,0,0,0,0,0,0,0,0,0
55618113,14,7,7,2,5,0,0,0,1,1,0,1,2,0,2,0,0,0,0,5,3,2,7,3,4,0,0,0,2,1,1,0,0,0
55618116,25,17,8,14,2,0,1,3,2,0,0,1,1,1,0,0,4,3,1,7,6,1,10,6,4,1,1,0,3,1,2,0,0,0
55618120,13,9,4,3,5,0,0,0,1,0,0,1,0,0,0,1,2,2,0,6,4,2,3,1,2,0,0,0,2,2,0,0,0,0
54179601,65,42,23,7,26,8,6,5,0,0,2,1,6,1,3,0,3,2,1,20,16,4,34,17,17,1,1,0,5,4,1,2,2,0
0391791,0,0,0,0,0,0,0,0,0,0,0,0,0,0,0,0,0,0,0,0,0,0,0,0,0,0,0,0,0,0,0,0,0,0
55620301,11,5,6,2,0,4,0,1,1,0,1,1,0,0,1,0,0,0,0,2,1,1,4,2,2,2,1,1,3,1,2,0,0,0
55620302,17,10,7,6,6,0,2,0,0,0,0,1,0,0,1,0,0,0,0,6,4,2,7,4,3,1,0,1,3,2,1,0,0,0
55620304,53,32,21,17,11,5,4,3,6,0,1,1,0,3,2,0,2,2,0,35,24,11,10,4,6,1,0,1,3,1,2,2,1,1
55620306,17,10,7,5,4,0,0,1,2,0,0,1,0,4,0,0,0,0,0,10,5,5,4,3,1,0,0,0,2,1,1,1,1,0
55620307,53,31,22,6,14,6,5,0,2,1,2,3,4,4,4,0,2,1,1,17,12,5,19,12,7,0,0,0,11,4,7,4,2,2
55620308,19,11,8,4,5,2,1,0,0,1,0,1,1,1,1,0,1,1,0,9,7,2,5,2,3,1,0,1,3,1,2,0,0,0
55620309,13,7,6,6,0,3,3,0,0,0,0,0,0,0,0,0,0,0,0,2,1,1,6,4,2,0,0,0,5,2,3,0,0,0
55620310,14,11,3,11,1,0,0,0,0,0,0,1,0,1,0,0,3,3,0,3,3,0,6,4,2,0,0,0,2,1,1,0,0,0
55620311,37,20,17,15,6,2,3,1,1,0,0,4,3,2,0,0,1,1,0,17,11,6,13,5,8,1,0,1,4,2,2,1,1,0
55620314,8,5,3,3,1,1,1,0,0,0,0,2,0,0,0,0,2,1,1,1,1,0,2,1,1,1,0,1,2,2,0,0,0,0
54208301,32,21,11,4,11,3,3,2,1,0,0,1,3,0,3,0,0,0,0,15,14,1,13,4,9,0,0,0,3,2,1,1,1,0
0419040,0,0,0,0,0,0,0,0,0,0,0,0,0,0,0,0,0,0,0,0,0,0,0,0,0,0,0,0,0,0,0,0,0,0
3021040,0,0,0,0,0,0,0,0,0,0,0,0,0,0,0,0,0,0,0,0,0,0,0,0,0,0,0,0,0,0,0,0,0,0
55625401,32,19,13,5,9,0,4,0,2,1,2,2,0,2,4,0,0,0,0,8,6,2,20,10,10,0,0,0,3,2,1,1,1,0
55625402,29,19,10,7,4,3,2,1,0,0,2,1,1,6,0,1,2,2,0,11,10,1,7,3,4,0,0,0,8,3,5,1,1,0
55625403,34,17,17,7,13,0,0,3,1,0,0,1,6,1,2,0,1,0,1,11,9,2,14,3,11,1,1,0,5,3,2,2,1,1
55625404,38,23,15,5,11,7,5,2,0,0,0,2,4,0,2,0,2,1,1,12,9,3,11,7,4,1,0,1,11,5,6,1,1,0
55625405,74,46,28,6,26,5,9,4,2,2,0,1,5,2,7,1,1,0,1,29,24,5,30,13,17,2,2,0,5,2,3,7,5,2
55625406,42,24,18,12,13,6,3,2,0,0,0,0,1,1,1,1,3,2,1,24,15,9,9,3,6,1,0,1,5,4,1,0,0,0
55625407,53,27,26,11,12,5,6,1,4,1,0,2,3,1,7,0,1,0,1,31,18,13,18,9,9,2,0,2,1,0,1,0,0,0
55625408,682,359,323,34,238,52,56,44,8,6,8,40,41,57,70,4,21,13,8,234,142,92,279,128,151,20,9,11,110,57,53,18,10,8
55625410,147,85,62,9,50,11,11,3,1,4,4,16,7,13,11,1,2,1,1,50,35,15,58,29,29,4,1,3,29,16,13,4,3,1
55625411,14,7,7,2,6,1,0,0,0,0,1,2,0,0,1,0,2,1,1,1,1,0,6,2,4,1,0,1,2,1,1,2,2,0
55625412,304,161,143,12,102,30,31,17,13,3,3,29,8,15,25,3,16,8,8,128,72,56,99,46,53,8,1,7,23,12,11,30,22,8
55625413,99,55,44,6,34,5,16,4,1,2,2,8,6,6,7,0,2,0,2,28,22,6,46,20,26,2,1,1,20,11,9,1,1,0
55625414,365,212,153,14,129,40,50,17,13,8,3,16,18,23,22,3,17,11,6,159,98,61,123,62,61,3,0,3,43,26,17,20,15,5
55625415,17,9,8,2,7,1,2,1,1,0,0,0,0,0,0,2,0,0,0,7,5,2,8,3,5,0,0,0,1,1,0,1,0,1
55625416,12,6,6,2,2,0,0,1,0,0,0,1,3,1,1,1,0,0,0,0,0,0,8,4,4,0,0,0,4,2,2,0,0,0
55625417,73,40,33,2,26,6,11,6,1,1,1,0,6,6,5,0,3,2,1,23,14,9,27,18,9,1,0,1,15,4,11,4,2,2
55625418,342,184,158,16,97,27,43,23,9,3,2,14,18,33,46,0,15,8,7,120,73,47,116,67,49,9,2,7,72,28,44,10,6,4
54209101,31,16,15,7,1,1,1,0,9,3,0,3,2,1,1,1,1,1,0,1,0,1,14,7,7,1,0,1,14,8,6,0,0,0
55630101,73,44,29,11,19,6,9,6,2,2,0,4,4,3,3,1,4,4,0,32,21,11,26,14,12,1,0,1,8,4,4,2,1,1
55630102,29,18,11,5,10,4,0,0,0,0,1,2,2,1,3,0,0,0,0,12,11,1,7,4,3,3,0,3,6,3,3,1,0,1
55630104,48,26,22,11,8,2,8,2,1,0,2,2,1,6,3,0,1,1,0,21,14,7,11,5,6,1,0,1,13,5,8,1,1,0
55630105,17,12,5,2,6,2,2,1,3,0,0,0,0,0,1,0,0,0,0,12,9,3,3,1,2,0,0,0,1,1,0,1,1,0
55630106,334,192,142,23,110,33,41,15,15,9,2,18,22,15,19,3,14,9,5,132,84,48,128,70,58,12,5,7,39,16,23,9,8,1
55630107,36,18,18,0,16,4,3,0,0,1,0,1,3,6,2,0,1,1,0,16,8,8,8,5,3,0,0,0,10,3,7,1,1,0
55630108,64,33,31,6,20,4,6,5,5,0,0,4,4,5,3,0,3,2,1,29,15,14,20,10,10,1,1,0,11,5,6,0,0,0
55630109,22,11,11,6,6,0,2,1,2,0,0,0,1,0,4,0,2,1,1,6,6,0,12,4,8,0,0,0,2,0,2,0,0,0
55631901,36,21,15,10,12,0,5,3,2,0,0,1,1,1,1,0,1,1,0,19,13,6,12,7,5,1,0,1,3,0,3,0,0,0
55631902,126,75,51,15,39,13,15,5,4,0,0,10,6,11,7,0,5,4,1,48,34,14,48,26,22,2,0,2,22,10,12,1,1,0
55631903,34,21,13,6,10,4,4,1,0,0,0,1,4,3,1,0,0,0,0,15,11,4,11,5,6,0,0,0,8,5,3,0,0,0
55633501,13,8,5,4,4,1,0,1,0,0,0,0,0,1,2,0,0,0,0,5,3,2,7,4,3,0,0,0,1,1,0,0,0,0
55633502,27,17,10,5,6,0,1,3,1,2,0,0,3,4,1,0,1,0,1,6,5,1,11,7,4,0,0,0,8,4,4,1,1,0
55633503,38,21,17,6,13,2,4,1,0,1,1,1,6,1,1,1,3,0,3,14,10,4,12,5,7,1,0,1,7,5,2,1,1,0
55633504,28,17,11,7,10,2,2,1,0,0,1,0,0,2,1,2,2,1,1,17,11,6,3,2,1,0,0,0,3,2,1,3,1,2
55633505,48,27,21,8,11,5,3,5,2,1,0,5,1,6,1,0,1,1,0,17,12,5,19,8,11,2,1,1,9,5,4,0,0,0
55633506,19,15,4,2,17,0,0,0,0,0,0,0,0,0,0,0,0,0,0,3,3,0,3,2,1,4,3,1,3,2,1,6,5,1
55633507,183,108,75,15,76,21,15,6,3,1,0,8,5,14,13,3,9,8,1,72,44,28,68,41,27,4,1,3,24,9,15,6,5,1
55634301,64,32,32,2,18,14,6,1,2,1,0,3,5,9,3,0,1,0,1,28,17,11,22,10,12,3,0,3,8,4,4,2,1,1
55637802,311,176,135,28,96,28,30,21,3,5,4,21,20,22,22,2,10,6,4,123,87,36,117,53,64,7,1,6,40,19,21,14,10,4
55637803,28,16,12,3,10,1,2,2,2,1,0,1,3,1,2,0,1,0,1,13,10,3,13,6,7,0,0,0,1,0,1,0,0,0
55637804,13,7,6,1,4,1,3,1,1,1,0,0,0,0,1,0,1,1,0,6,3,3,4,1,3,0,0,0,1,1,0,1,1,0
0547210,0,0,0,0,0,0,0,0,0,0,0,0,0,0,0,0,0,0,0,0,0,0,0,0,0,0,0,0,0,0,0,0,0,0
55638601,18,9,9,3,8,1,1,0,2,0,0,1,1,0,0,0,6,3,3,5,3,2,5,2,3,0,0,0,1,0,1,1,1,0
55638602,34,18,16,3,15,3,0,2,9,0,0,1,0,0,0,0,2,1,1,19,11,8,9,4,5,0,0,0,4,2,2,0,0,0
55638603,106,68,38,9,49,10,7,9,3,0,1,4,2,2,5,3,11,7,4,49,31,18,31,21,10,2,0,2,10,7,3,3,2,1
55638605,85,47,38,6,31,10,6,8,7,0,1,4,3,1,3,0,2,2,0,45,26,19,26,12,14,1,0,1,9,6,3,2,1,1
55638607,9,4,5,2,2,0,2,0,2,0,0,0,0,0,1,0,1,1,0,2,1,1,2,0,2,0,0,0,4,2,2,0,0,0
55638608,21,12,9,1,11,1,2,0,2,0,0,1,0,1,2,0,3,2,1,7,6,1,9,4,5,1,0,1,1,0,1,0,0,0
55639401,25,16,9,2,8,1,3,1,0,0,0,3,3,0,4,0,1,1,0,11,8,3,9,6,3,1,1,0,3,0,3,0,0,0
55639402,46,24,22,4,15,4,3,2,2,0,1,1,3,5,4,1,3,2,1,18,11,7,13,7,6,2,1,1,8,3,5,2,0,2
55639403,27,14,13,1,8,3,2,5,1,0,0,2,2,2,0,1,1,1,0,13,8,5,10,4,6,0,0,0,2,1,1,1,0,1
55639404,25,14,11,7,3,4,3,0,0,0,1,1,1,1,2,0,0,0,0,11,7,4,7,2,5,2,1,1,5,4,1,0,0,0
55639405,14,9,5,2,9,0,0,0,0,0,0,0,2,0,1,0,2,1,1,5,3,2,6,4,2,0,0,0,1,1,0,0,0,0
55639406,750,428,322,26,303,55,56,47,33,9,11,36,56,38,48,10,47,21,26,288,191,97,266,136,130,16,5,11,109,57,52,24,18,6
55639407,196,151,45,5,162,2,3,1,4,0,0,9,4,2,2,1,9,6,3,60,47,13,50,35,15,17,15,2,32,28,4,28,20,8
55639408,16,11,5,1,7,1,0,1,1,1,0,0,2,1,0,0,1,1,0,7,6,1,8,4,4,0,0,0,0,0,0,0,0,0
55639409,12,7,5,1,1,1,3,1,0,0,0,1,0,1,3,0,2,0,2,4,2,2,2,2,0,0,0,0,3,2,1,1,1,0
55639410,24,14,10,0,8,2,3,1,0,0,0,2,4,0,3,0,0,0,0,8,4,4,14,9,5,0,0,0,2,1,1,0,0,0
55639411,65,38,27,2,19,4,8,8,3,2,0,4,7,2,5,0,1,0,1,27,18,9,25,15,10,2,0,2,10,5,5,0,0,0
55639412,24,12,12,1,6,0,4,3,0,0,0,2,4,3,1,0,2,1,1,2,1,1,15,9,6,1,0,1,4,1,3,0,0,0
54186901,30,18,12,3,9,2,3,0,0,0,0,3,3,2,2,0,0,0,0,12,8,4,11,4,7,1,0,1,5,5,0,1,1,0
54175301,13,9,4,3,4,0,1,0,0,0,0,2,0,0,2,0,0,0,0,6,4,2,3,2,1,0,0,0,4,3,1,0,0,0
54175302,59,32,27,6,22,3,4,3,0,2,1,2,3,5,7,0,2,2,0,21,16,5,24,7,17,0,0,0,11,7,4,1,0,1
54175303,31,18,13,6,12,2,3,1,2,0,0,1,0,2,0,1,4,3,1,13,6,7,8,5,3,1,1,0,4,2,2,1,1,0
55643201,21,15,6,4,6,2,2,0,3,0,0,0,0,0,3,0,0,0,0,2,2,0,10,9,1,0,0,0,7,3,4,2,1,1
55643202,12,6,6,3,2,0,1,0,2,0,0,1,0,2,0,0,0,0,0,0,0,0,6,3,3,0,0,0,6,3,3,0,0,0
55643203,502,279,223,69,91,49,43,15,72,5,1,32,28,39,31,4,41,21,20,213,133,80,149,77,72,6,4,2,70,29,41,23,15,8
55643204,27,15,12,4,8,1,3,1,0,0,0,1,3,1,2,0,5,4,1,10,6,4,7,4,3,0,0,0,5,1,4,0,0,0
55643208,10,6,4,2,1,1,0,0,3,0,0,0,2,0,0,0,1,0,1,4,4,0,3,2,1,0,0,0,0,0,0,2,0,2
55643209,19,12,7,2,3,0,0,2,5,0,0,1,0,2,2,0,0,0,0,9,7,2,3,1,2,1,1,0,6,3,3,0,0,0
54182601,47,28,19,4,15,5,8,2,1,0,0,3,4,0,4,0,2,0,2,22,16,6,15,8,7,3,0,3,4,3,1,1,1,0
1576012,0,0,0,0,0,0,0,0,0,0,0,0,0,0,0,0,0,0,0,0,0,0,0,0,0,0,0,0,0,0,0,0,0,0
3195540,0,0,0,0,0,0,0,0,0,0,0,0,0,0,0,0,0,0,0,0,0,0,0,0,0,0,0,0,0,0,0,0,0,0
3276620,0,0,0,0,0,0,0,0,0,0,0,0,0,0,0,0,0,0,0,0,0,0,0,0,0,0,0,0,0,0,0,0,0,0
3276710,0,0,0,0,0,0,0,0,0,0,0,0,0,0,0,0,0,0,0,0,0,0,0,0,0,0,0,0,0,0,0,0,0,0
3276890,0,0,0,0,0,0,0,0,0,0,0,0,0,0,0,0,0,0,0,0,0,0,0,0,0,0,0,0,0,0,0,0,0,0
3362970,0,0,0,0,0,0,0,0,0,0,0,0,0,0,0,0,0,0,0,0,0,0,0,0,0,0,0,0,0,0,0,0,0,0
55577101,144,86,58,12,45,10,17,9,12,4,0,11,8,9,5,1,10,7,3,59,38,21,37,21,16,6,3,3,24,11,13,8,6,2
55577102,20,11,9,2,3,2,4,0,0,0,0,1,2,2,3,0,0,0,0,7,5,2,9,4,5,1,0,1,2,1,1,1,1,0
55577103,506,276,230,22,163,43,57,33,12,7,7,37,31,33,41,0,15,12,3,167,108,59,204,90,114,8,3,5,89,51,38,23,12,11
55577104,40,23,17,4,14,2,5,4,1,1,0,2,3,2,2,0,1,0,1,15,11,4,12,5,7,1,0,1,8,5,3,3,2,1
55577106,25,15,10,3,6,1,0,2,2,0,0,4,3,2,1,0,3,3,0,9,7,2,7,2,5,0,0,0,4,1,3,2,2,0
55577107,47,26,21,7,13,3,7,3,1,0,2,1,5,0,0,0,2,0,2,26,15,11,12,6,6,0,0,0,4,2,2,3,3,0
55577108,47,30,17,6,17,2,5,2,0,0,0,2,2,6,3,0,1,1,0,17,11,6,19,12,7,1,1,0,9,5,4,0,0,0
55577109,17,10,7,3,5,4,0,1,0,0,0,0,0,0,4,0,0,0,0,11,8,3,5,2,3,0,0,0,1,0,1,0,0,0
55577110,35,20,15,3,9,3,5,3,0,0,1,0,1,3,2,1,1,0,1,15,11,4,10,5,5,0,0,0,5,3,2,4,1,3
55577111,27,12,15,2,6,0,6,3,1,1,1,0,5,0,2,0,1,0,1,12,7,5,12,5,7,0,0,0,2,0,2,0,0,0
55577112,64,34,30,6,18,5,7,1,2,3,1,3,7,2,5,0,5,4,1,24,15,9,24,12,12,0,0,0,10,3,7,1,0,1
55577113,186,111,75,4,64,17,17,17,3,7,2,11,16,6,12,1,8,4,4,65,47,18,66,36,30,9,2,7,36,20,16,2,2,0
55577114,129,69,60,11,30,13,21,8,4,5,1,6,11,4,10,3,4,2,2,39,24,15,50,26,24,1,0,1,29,13,16,6,4,2
55577115,53,29,24,7,14,3,7,3,0,2,1,3,6,1,5,1,1,1,0,18,15,3,21,7,14,1,0,1,11,5,6,1,1,0
55577116,53,33,20,6,19,3,8,5,2,1,0,3,2,1,2,1,1,1,0,25,18,7,18,7,11,0,0,0,9,7,2,0,0,0
55577117,149,85,64,11,42,4,16,9,3,1,2,9,16,13,14,0,4,3,1,33,22,11,55,34,21,3,1,2,48,22,26,6,3,3
55577118,89,50,39,5,32,7,16,3,1,2,1,4,4,6,6,1,2,2,0,45,29,16,30,13,17,3,1,2,8,4,4,1,1,0
55577119,16,9,7,1,7,1,0,2,0,0,0,2,3,0,0,0,1,1,0,6,5,1,6,3,3,1,0,1,2,0,2,0,0,0
55577120,77,41,36,3,25,4,5,4,5,3,0,7,4,8,7,1,4,2,2,23,14,9,30,17,13,0,0,0,18,7,11,2,1,1
55577121,31,16,15,1,10,3,6,0,0,0,0,1,3,4,0,0,1,0,1,6,4,2,16,7,9,2,2,0,6,3,3,0,0,0
55577122,363,204,159,20,114,21,48,20,34,4,5,29,13,12,21,5,27,14,13,117,72,45,103,46,57,7,1,6,38,21,17,71,50,21
55577123,172,96,76,4,65,9,24,10,7,2,2,14,5,2,15,3,16,9,7,67,43,24,56,25,31,2,1,1,21,11,10,10,7,3
55577125,25,17,8,3,7,4,3,3,0,0,0,1,1,1,2,0,1,1,0,10,7,3,11,8,3,0,0,0,2,0,2,1,1,0
55577128,457,238,219,8,103,27,51,17,7,12,11,46,37,49,72,2,20,9,11,94,57,37,180,84,96,11,4,7,142,77,65,10,7,3
55577129,22,14,8,1,7,0,0,2,3,0,0,2,2,1,3,0,4,2,2,4,4,0,12,6,6,0,0,0,1,1,0,1,1,0
55577130,16,9,7,0,6,2,2,2,0,0,0,1,0,0,1,0,2,2,0,5,3,2,1,0,1,1,1,0,2,2,0,5,1,4
55577131,510,272,238,16,154,25,48,28,24,11,10,44,25,35,70,3,21,16,5,142,93,49,208,96,112,16,2,14,102,53,49,21,12,9
55577132,298,160,138,2,94,15,46,15,14,4,8,22,20,19,25,3,27,19,8,96,62,34,98,41,57,10,4,6,58,30,28,9,4,5
55577133,454,231,223,11,143,16,50,29,16,4,12,30,42,37,37,2,16,9,7,156,82,74,167,79,88,7,2,5,95,50,45,13,9,4
55577134,165,76,89,2,59,5,27,8,6,2,3,10,8,9,15,0,11,6,5,64,31,33,54,25,29,4,3,1,25,9,16,7,2,5
55577135,459,244,215,10,144,22,44,25,27,3,9,37,34,29,56,2,25,12,13,172,108,64,154,71,83,15,3,12,72,38,34,21,12,9
55577136,41,20,21,2,22,1,1,2,3,1,1,4,1,0,1,2,9,6,3,12,5,7,7,3,4,0,0,0,4,2,2,9,4,5
55577138,248,134,114,6,80,11,22,17,11,7,6,18,20,14,27,1,16,11,5,65,41,24,104,51,53,4,1,3,46,20,26,13,10,3
55577139,333,178,155,7,103,19,40,26,16,6,5,30,18,17,27,3,26,13,13,117,71,46,115,58,57,6,2,4,57,29,28,12,5,7
55577140,36,22,14,3,15,2,2,8,1,0,0,2,0,3,0,0,11,5,6,9,8,1,13,7,6,0,0,0,1,1,0,2,1,1
55577141,822,432,390,20,232,43,90,51,17,18,18,71,68,66,86,11,32,16,16,218,144,74,300,145,155,17,2,15,220,108,112,35,17,18
55577142,1018,543,475,27,379,51,88,53,26,15,18,79,71,72,84,8,65,43,22,325,193,132,379,180,199,20,7,13,190,94,96,39,26,13
55577143,446,233,213,13,132,28,35,26,10,12,13,48,19,49,44,2,18,9,9,93,60,33,167,89,78,8,1,7,152,69,83,8,5,3
55577144,213,109,104,7,72,13,18,11,5,4,0,24,11,12,24,4,6,3,3,61,38,23,84,39,45,3,0,3,42,20,22,17,9,8
55577145,14,7,7,0,4,4,2,0,0,0,0,2,1,0,0,0,3,2,1,8,2,6,1,1,0,0,0,0,0,0,0,2,2,0
55577146,386,202,184,9,79,15,42,19,18,9,9,45,19,47,42,1,15,7,8,81,51,30,147,73,74,7,2,5,125,62,63,11,7,4
55577147,240,123,117,4,49,19,24,7,11,3,6,30,20,26,26,0,9,6,3,28,18,10,95,47,48,3,1,2,101,50,51,4,1,3
55577148,164,88,76,5,68,7,15,3,6,4,3,17,8,11,14,1,17,8,9,54,33,21,47,20,27,5,3,2,27,14,13,14,10,4
55577149,266,134,132,11,76,11,26,11,4,4,8,28,14,28,37,2,16,9,7,85,52,33,78,31,47,6,1,5,68,33,35,13,8,5
55577150,791,417,374,17,231,39,78,42,21,23,29,55,76,61,90,6,37,21,16,222,141,81,302,142,160,18,3,15,175,91,84,37,19,18
55577151,555,295,260,17,186,40,57,32,22,6,10,42,29,37,56,3,34,19,15,160,98,62,194,95,99,13,1,12,119,62,57,35,20,15
55577153,356,183,173,8,110,15,36,18,13,5,6,34,25,30,40,2,11,4,7,103,68,35,145,63,82,11,6,5,77,38,39,9,4,5
55577154,142,67,75,5,39,6,30,9,1,3,2,8,8,13,10,2,7,3,4,39,23,16,65,27,38,2,0,2,23,10,13,6,4,2
54185101,53,33,20,6,17,1,2,5,2,1,0,4,3,3,4,0,0,0,0,23,17,6,19,8,11,0,0,0,11,8,3,0,0,0
55646701,27,16,11,4,8,2,4,2,0,0,0,3,2,1,0,1,1,0,1,9,7,2,11,6,5,0,0,0,4,2,2,2,1,1
55646705,14,9,5,1,5,0,2,0,1,0,0,0,2,2,1,0,1,1,0,5,4,1,4,3,1,0,0,0,4,1,3,0,0,0
55646706,14,9,5,2,4,0,2,2,0,0,0,2,0,0,0,1,2,1,1,3,2,1,6,3,3,0,0,0,3,3,0,0,0,0
55646707,17,9,8,1,7,3,0,0,0,0,0,0,1,1,4,0,0,0,0,7,4,3,8,3,5,0,0,0,2,2,0,0,0,0
55646708,354,205,149,34,119,17,36,26,17,4,0,15,23,16,29,2,29,18,11,141,88,53,119,69,50,5,2,3,46,21,25,14,7,7
55646709,44,24,20,8,11,4,5,3,4,0,1,3,1,2,1,0,2,0,2,16,11,5,20,10,10,0,0,0,5,2,3,1,1,0
55646710,10,6,4,2,5,0,1,0,0,0,0,1,0,1,0,0,2,1,1,3,2,1,4,3,1,0,0,0,0,0,0,1,0,1
55646712,16,11,5,5,3,0,4,1,0,0,0,0,1,0,1,0,1,0,1,8,7,1,3,1,2,0,0,0,4,3,1,0,0,0
55646713,48,30,18,13,11,7,3,4,3,1,0,3,1,0,2,0,4,3,1,20,14,6,18,8,10,0,0,0,6,5,1,0,0,0
55646714,57,35,22,14,16,3,6,3,2,0,0,0,3,6,3,0,2,1,1,28,18,10,15,11,4,2,0,2,5,2,3,5,3,2
55646716,10,5,5,1,3,0,2,0,0,0,0,1,1,0,2,0,1,0,1,6,4,2,1,1,0,1,0,1,1,0,1,0,0,0
55646718,40,23,17,7,12,1,3,3,1,2,0,2,2,2,2,0,1,1,0,13,8,5,10,7,3,0,0,0,12,6,6,4,1,3
55646720,17,9,8,7,3,0,0,0,0,0,1,3,1,0,1,0,1,0,1,5,4,1,3,2,1,0,0,0,8,3,5,0,0,0
55646721,11,6,5,4,1,0,3,0,1,0,0,0,1,0,1,0,0,0,0,3,1,2,3,1,2,0,0,0,5,4,1,0,0,0
57817701,30,19,11,4,15,1,3,6,0,0,0,0,1,0,0,0,1,1,0,14,8,6,11,8,3,1,1,0,2,0,2,1,1,0
55650501,18,10,8,2,6,0,0,2,0,0,0,0,0,0,8,0,1,0,1,14,10,4,1,0,1,2,0,2,0,0,0,0,0,0
55650502,54,25,29,3,23,6,6,4,2,0,0,4,3,1,1,0,4,1,3,27,15,12,17,5,12,1,1,0,3,1,2,2,2,0
55650503,17,11,6,3,8,1,1,0,1,0,0,1,0,1,1,0,1,0,1,9,7,2,4,2,2,0,0,0,3,2,1,0,0,0
54193101,56,31,25,9,18,2,4,6,4,1,0,4,1,5,2,0,1,1,0,23,17,6,22,10,12,0,0,0,10,3,7,0,0,0
57807001,45,27,18,10,13,3,3,1,1,1,0,0,4,2,4,2,8,4,4,14,10,4,11,8,3,2,1,1,5,0,5,5,4,1
57807002,28,15,13,5,4,1,3,3,2,1,0,3,0,1,2,0,0,0,0,8,5,3,9,3,6,0,0,0,10,6,4,1,1,0
55662901,13,8,5,3,4,1,3,0,0,0,0,1,1,0,0,0,1,1,0,3,2,1,6,3,3,0,0,0,3,2,1,0,0,0
55662903,80,45,35,6,32,7,7,1,6,1,1,6,3,3,7,0,0,0,0,34,20,14,31,19,12,1,0,1,13,5,8,1,1,0
55662904,153,95,58,19,55,13,13,9,5,1,2,8,10,5,9,1,5,3,2,63,46,17,57,30,27,2,1,1,19,9,10,7,6,1
57841001,19,11,8,1,7,1,1,0,1,0,0,1,3,2,2,0,1,1,0,5,5,0,9,4,5,0,0,0,3,1,2,1,0,1
55663701,39,23,16,6,9,4,6,1,1,1,0,1,3,1,4,0,3,2,1,20,16,4,11,4,7,0,0,0,5,1,4,0,0,0
55663702,9,5,4,2,4,0,1,0,0,0,1,0,0,1,0,0,1,1,0,3,3,0,4,1,3,0,0,0,1,0,1,0,0,0
55663703,293,157,136,23,86,19,31,25,8,1,3,18,13,40,12,0,8,3,5,104,70,34,107,49,58,4,0,4,56,23,33,14,12,2
55663704,28,18,10,2,11,5,0,1,0,0,0,1,0,5,2,0,0,0,0,14,9,5,10,8,2,0,0,0,4,1,3,0,0,0
55663705,10,8,2,2,5,0,1,0,0,0,0,0,1,0,0,0,0,0,0,4,3,1,5,4,1,0,0,0,1,1,0,0,0,0
55663706,20,12,8,7,5,0,3,1,0,2,0,0,0,0,1,0,0,0,0,10,7,3,8,3,5,0,0,0,2,2,0,0,0,0
55663707,72,39,33,12,25,6,9,3,0,1,0,4,1,1,4,1,5,3,2,28,19,9,25,12,13,2,0,2,8,4,4,4,1,3
55663708,40,23,17,8,10,2,1,2,0,0,0,5,3,2,5,0,5,4,1,20,10,10,11,7,4,1,0,1,1,1,0,2,1,1
55663709,16,9,7,1,4,3,2,1,0,0,0,1,2,1,0,1,1,0,1,6,3,3,7,4,3,0,0,0,1,1,0,1,1,0
57846101,34,22,12,5,12,1,2,2,1,1,0,0,4,3,3,0,0,0,0,15,10,5,13,8,5,0,0,0,4,2,2,2,2,0
54205901,24,15,9,5,2,3,0,1,1,2,0,1,1,1,4,0,2,2,0,8,6,2,12,5,7,0,0,0,1,1,0,1,1,0
0978880,0,0,0,0,0,0,0,0,0,0,0,0,0,0,0,0,0,0,0,0,0,0,0,0,0,0,0,0,0,0,0,0,0,0
0978960,0,0,0,0,0,0,0,0,0,0,0,0,0,0,0,0,0,0,0,0,0,0,0,0,0,0,0,0,0,0,0,0,0,0
54214801,23,13,10,2,0,1,2,0,9,0,0,3,5,0,0,0,0,0,0,7,3,4,10,6,4,0,0,0,6,4,2,0,0,0
54214802,30,20,10,3,4,0,1,1,10,0,0,6,2,0,1,0,0,0,0,7,6,1,13,8,5,0,0,0,9,5,4,1,1,0
55671801,24,13,11,1,6,3,0,3,0,0,0,1,4,1,2,0,1,1,0,11,8,3,9,4,5,0,0,0,3,0,3,0,0,0
55671802,37,22,15,4,7,4,2,5,1,1,0,1,2,3,3,2,0,0,0,15,11,4,17,8,9,0,0,0,4,3,1,1,0,1
55671803,16,9,7,3,6,2,2,0,0,0,0,0,0,0,1,1,1,1,0,7,4,3,7,3,4,0,0,0,1,1,0,0,0,0
55671804,34,19,15,4,10,2,5,4,3,1,0,0,1,2,2,0,5,3,2,11,7,4,11,7,4,0,0,0,7,2,5,0,0,0
55671805,42,22,20,4,11,6,7,2,2,0,0,0,1,4,5,0,2,1,1,26,17,9,4,2,2,1,0,1,7,1,6,2,1,1
55671806,238,132,106,23,67,31,31,10,4,1,4,15,18,16,18,0,9,5,4,91,60,31,80,42,38,4,1,3,42,15,27,12,9,3
55671807,70,40,30,5,23,6,8,5,1,0,0,1,6,7,6,0,2,2,0,31,22,9,22,10,12,2,0,2,10,5,5,3,1,2
55671808,35,19,16,1,4,0,3,8,2,0,0,5,4,1,5,1,3,1,2,15,10,5,13,7,6,1,1,0,2,0,2,1,0,1
55671809,37,22,15,0,14,5,5,1,2,1,0,3,2,1,3,0,2,2,0,11,7,4,15,9,6,2,1,1,7,3,4,0,0,0
55671811,10,7,3,3,4,1,1,0,0,0,0,1,0,0,0,0,0,0,0,5,4,1,2,0,2,0,0,0,0,0,0,3,3,0
55672602,54,32,22,13,15,4,6,3,1,2,0,2,5,2,0,0,2,1,1,19,14,5,18,6,12,1,1,0,12,9,3,2,1,1
55673401,40,28,12,6,12,8,1,0,1,0,0,1,4,1,4,0,0,0,0,20,17,3,15,8,7,0,0,0,4,2,2,1,1,0
55673402,24,13,11,4,9,2,0,0,1,0,0,0,1,1,4,0,1,0,1,9,7,2,6,2,4,1,1,0,7,3,4,0,0,0
55673403,14,10,4,3,3,0,3,0,0,2,0,1,1,0,0,1,0,0,0,7,6,1,3,2,1,0,0,0,4,2,2,0,0,0
55673404,87,47,40,12,21,7,10,4,3,1,2,9,12,2,2,0,4,2,2,28,22,6,40,18,22,1,1,0,12,3,9,2,1,1
54174501,54,31,23,6,18,6,4,1,0,2,1,2,4,5,3,0,3,1,2,23,16,7,18,8,10,0,0,0,5,2,3,5,4,1
55675102,25,16,9,3,8,1,3,3,1,0,1,2,1,1,0,0,0,0,0,12,8,4,10,5,5,1,1,0,1,1,0,1,1,0
55675103,49,27,22,5,14,2,5,7,0,0,0,4,3,1,3,1,1,1,0,22,12,10,15,7,8,1,0,1,7,5,2,3,2,1
55675107,9,6,3,1,0,1,0,1,1,0,0,1,1,1,1,0,0,0,0,3,3,0,6,3,3,0,0,0,0,0,0,0,0,0
55675108,18,10,8,6,3,1,2,0,0,1,0,0,0,1,1,0,0,0,0,8,4,4,10,6,4,0,0,0,0,0,0,0,0,0
55675109,28,17,11,0,8,1,1,2,0,0,0,5,2,4,2,1,1,0,1,6,5,1,13,7,6,0,0,0,4,2,2,4,3,1
55675110,14,8,6,1,6,2,1,1,2,0,0,0,1,0,0,0,1,0,1,9,6,3,3,2,1,1,0,1,0,0,0,0,0,0
55675111,65,36,29,9,20,4,8,5,5,0,0,6,3,1,3,1,2,1,1,25,17,8,27,11,16,0,0,0,7,4,3,4,3,1
55675112,97,55,42,13,19,10,9,13,4,0,0,6,6,11,4,0,2,1,1,41,26,15,38,20,18,1,1,0,12,5,7,3,2,1
55675113,109,65,44,18,37,8,12,6,2,0,2,2,7,7,5,1,9,6,3,49,32,17,34,19,15,4,3,1,7,1,6,6,4,2
55675114,86,58,28,10,27,8,9,0,6,2,0,5,3,4,4,2,5,4,1,37,25,12,28,20,8,2,0,2,6,2,4,8,7,1
57822301,34,19,15,8,9,2,1,4,2,0,0,5,0,1,2,0,0,0,0,18,14,4,10,1,9,0,0,0,6,4,2,0,0,0
57853301,87,50,37,13,19,10,6,2,8,2,1,4,7,2,7,2,10,6,4,30,25,5,28,13,15,2,0,2,9,4,5,8,2,6
1044262,0,0,0,0,0,0,0,0,0,0,0,0,0,0,0,0,0,0,0,0,0,0,0,0,0,0,0,0,0,0,0,0,0,0
55681501,72,41,31,13,16,10,5,6,6,0,1,4,2,3,5,0,1,0,1,33,24,9,21,9,12,2,0,2,9,5,4,6,3,3
55681502,29,18,11,4,6,3,3,1,5,1,0,0,3,1,0,0,3,1,2,13,9,4,9,6,3,2,1,1,2,1,1,0,0,0
55681503,17,10,7,2,4,1,2,0,0,0,0,1,1,2,2,1,1,1,0,6,5,1,8,3,5,0,0,0,1,0,1,1,1,0
55681504,13,6,7,1,7,0,0,0,1,0,0,0,1,2,1,0,0,0,0,6,2,4,2,1,1,1,1,0,4,2,2,0,0,0
55683101,139,88,51,14,48,10,18,7,15,0,0,6,3,3,10,2,24,20,4,63,42,21,34,18,16,2,0,2,10,4,6,6,4,2
55683102,22,10,12,1,13,0,3,0,0,0,0,1,0,1,2,0,2,2,0,8,4,4,7,2,5,1,0,1,3,1,2,1,1,0
55683104,50,26,24,9,18,7,1,1,3,0,0,1,2,1,3,2,5,3,2,23,16,7,16,6,10,0,0,0,4,0,4,2,1,1
55683105,1921,1021,900,70,855,136,136,96,111,12,19,81,77,105,135,20,154,85,69,763,467,296,682,312,370,26,9,17,208,90,118,88,58,30
55683106,25,14,11,5,8,2,2,1,3,0,0,1,0,0,2,0,1,1,0,12,6,6,6,2,4,0,0,0,2,1,1,4,4,0
55683107,68,32,36,8,16,3,4,2,7,2,1,4,5,5,5,1,5,2,3,23,15,8,25,10,15,1,0,1,13,4,9,1,1,0
55683108,11,4,7,0,1,0,2,2,3,0,0,0,0,1,1,0,0,0,0,2,1,1,8,3,5,0,0,0,1,0,1,0,0,0
54191501,104,51,53,3,38,5,8,8,6,0,2,12,6,5,10,0,6,3,3,40,24,16,37,18,19,0,0,0,17,4,13,4,2,2
54195801,56,29,27,3,15,5,1,7,1,0,1,3,5,5,6,0,0,0,0,20,12,8,28,14,14,0,0,0,8,3,5,0,0,0
54195802,43,28,15,7,13,6,4,2,1,1,0,3,2,0,3,0,5,5,0,20,12,8,9,5,4,1,1,0,3,2,1,5,3,2
57806101,31,13,18,7,11,0,4,0,1,0,0,0,1,5,1,1,2,0,2,8,4,4,13,7,6,0,0,0,8,2,6,0,0,0
55691201,166,97,69,9,55,13,12,23,3,2,1,16,6,11,9,2,3,2,1,65,37,28,57,31,26,0,0,0,29,19,10,12,8,4
55691202,67,38,29,8,23,9,5,3,3,0,1,1,4,4,4,1,7,3,4,26,17,9,25,13,12,1,0,1,5,2,3,3,3,0
55691203,27,14,13,1,10,3,4,4,0,0,0,0,0,0,3,0,2,1,1,7,5,2,13,4,9,3,2,1,1,1,0,1,1,0
55691204,8,5,3,1,4,0,0,3,0,0,0,0,0,0,0,0,0,0,0,5,2,3,3,3,0,0,0,0,0,0,0,0,0,0
55691205,32,21,11,4,11,3,2,3,0,0,2,2,0,3,1,1,1,1,0,13,9,4,15,9,6,0,0,0,3,2,1,0,0,0
1199620,0,0,0,0,0,0,0,0,0,0,0,0,0,0,0,0,0,0,0,0,0,0,0,0,0,0,0,0,0,0,0,0,0,0
55692101,13,9,4,2,4,2,1,0,0,0,0,0,0,4,0,0,1,0,1,3,3,0,7,4,3,0,0,0,1,1,0,1,1,0
55692102,25,15,10,3,10,2,2,2,1,0,0,1,1,0,3,0,2,2,0,11,6,5,7,4,3,0,0,0,4,2,2,1,1,0
55692104,15,9,6,3,1,1,0,1,4,0,1,1,0,1,2,0,0,0,0,8,5,3,2,1,1,0,0,0,4,3,1,1,0,1
55692107,123,75,48,21,35,11,10,7,13,1,1,5,5,6,3,2,5,4,1,47,33,14,48,22,26,1,0,1,17,12,5,5,4,1
55692108,8,7,1,3,2,0,0,1,0,0,0,1,0,1,0,0,0,0,0,3,3,0,2,1,1,0,0,0,3,3,0,0,0,0
55692110,11,8,3,7,1,0,0,0,0,0,0,1,0,2,0,0,1,0,1,2,1,1,4,3,1,0,0,0,3,3,0,1,1,0
55692111,26,15,11,5,7,1,1,2,5,0,0,1,0,2,1,0,0,0,0,13,7,6,9,6,3,0,0,0,4,2,2,0,0,0
55692113,15,8,7,2,4,4,1,1,1,0,0,2,0,0,0,0,0,0,0,7,6,1,7,2,5,0,0,0,1,0,1,0,0,0
55692114,23,13,10,7,6,3,1,1,1,0,1,0,2,1,0,0,0,0,0,10,8,2,8,3,5,0,0,0,5,2,3,0,0,0
55692117,29,15,14,9,7,1,6,0,3,0,0,0,0,3,0,0,1,1,0,12,6,6,10,6,4,1,0,1,3,2,1,2,0,2
0236040,0,0,0,0,0,0,0,0,0,0,0,0,0,0,0,0,0,0,0,0,0,0,0,0,0,0,0,0,0,0,0,0,0,0
55695501,30,17,13,2,4,1,1,6,1,1,0,2,5,1,5,0,1,1,0,12,7,5,10,6,4,2,1,1,5,2,3,0,0,0
55695502,37,20,17,5,8,1,4,0,0,0,0,4,5,3,6,0,1,0,1,15,8,7,11,7,4,0,0,0,10,5,5,0,0,0
55695503,49,32,17,6,13,5,2,3,4,2,2,4,3,1,3,0,2,2,0,27,18,9,13,6,7,2,1,1,5,5,0,0,0,0
55695504,59,39,20,5,16,10,5,7,1,0,1,3,3,2,6,0,4,2,2,31,21,10,17,10,7,1,1,0,4,3,1,2,2,0
55695505,16,10,6,1,3,3,1,0,0,0,1,2,2,0,2,1,2,1,1,6,4,2,6,4,2,0,0,0,0,0,0,2,1,1
55695506,22,11,11,3,3,1,4,2,0,0,0,1,2,3,0,0,1,0,1,8,4,4,9,4,5,1,1,0,2,1,1,1,1,0
55695507,37,22,15,8,8,2,6,3,0,0,0,0,1,7,2,0,0,0,0,21,14,7,12,6,6,1,0,1,1,0,1,2,2,0
55695508,27,15,12,5,7,0,5,5,2,0,1,0,0,0,1,0,1,1,0,15,11,4,8,0,8,0,0,0,2,2,0,1,1,0
55695509,431,247,184,38,171,29,38,20,11,3,7,17,30,26,24,3,24,12,12,209,137,72,120,60,60,3,0,3,54,25,29,21,13,8
55695510,16,8,8,1,4,3,1,0,0,2,0,2,0,2,1,0,0,0,0,5,4,1,8,4,4,0,0,0,3,0,3,0,0,0
55695511,20,13,7,4,8,2,1,2,0,0,0,1,0,0,2,0,1,1,0,6,5,1,11,6,5,0,0,0,1,0,1,1,1,0
55695512,8,4,4,0,3,1,0,0,0,0,0,0,1,3,0,0,0,0,0,3,3,0,1,0,1,2,1,1,2,0,2,0,0,0
55168601,60,34,26,3,19,10,8,2,2,1,0,2,4,0,3,2,3,1,2,25,15,10,20,14,6,3,1,2,4,2,2,5,1,4
54178801,19,11,8,1,6,1,2,0,2,2,0,1,0,2,2,0,0,0,0,9,6,3,2,1,1,0,0,0,7,3,4,1,1,0
54178802,13,5,8,4,5,2,1,0,0,1,0,0,0,0,0,0,3,2,1,5,1,4,3,1,2,0,0,0,0,0,0,2,1,1
54178803,61,41,20,7,24,3,6,5,2,1,0,2,3,3,4,1,3,2,1,22,16,6,22,14,8,0,0,0,8,4,4,6,5,1
54178804,11,7,4,0,4,2,1,0,2,0,0,1,0,0,1,0,0,0,0,7,4,3,4,3,1,0,0,0,0,0,0,0,0,0
54178805,23,13,10,7,6,1,1,3,2,0,0,1,2,0,0,0,1,1,0,14,11,3,5,0,5,0,0,0,2,1,1,1,0,1
1989350,0,0,0,0,0,0,0,0,0,0,0,0,0,0,0,0,0,0,0,0,0,0,0,0,0,0,0,0,0,0,0,0,0,0
55608401,52,32,20,12,5,1,0,0,18,0,0,7,4,1,2,0,3,1,2,14,10,4,14,6,8,2,1,1,14,11,3,5,3,2
55608402,19,10,9,4,2,0,2,0,6,0,1,0,2,0,2,0,1,0,1,0,0,0,8,3,5,0,0,0,10,7,3,0,0,0
55700501,51,30,21,10,15,2,3,2,0,0,3,2,3,4,7,0,1,0,1,24,20,4,13,5,8,4,1,3,7,2,5,2,2,0
55700502,19,10,9,2,8,1,1,1,1,0,0,0,2,1,2,0,1,1,0,10,5,5,4,2,2,0,0,0,1,1,0,3,1,2
55700503,48,31,17,9,15,2,3,6,2,1,1,3,1,1,2,1,1,1,0,25,19,6,10,6,4,3,0,3,6,2,4,3,3,0
55700504,59,36,23,11,23,4,1,3,3,0,1,5,4,2,1,0,1,1,0,26,20,6,18,6,12,3,1,2,6,3,3,5,5,0
55700505,35,19,16,1,11,2,7,2,1,0,0,4,3,1,2,0,0,0,0,11,6,5,17,9,8,0,0,0,6,3,3,1,1,0
55700506,149,84,65,21,56,4,14,5,3,3,2,9,13,8,10,1,6,4,2,52,33,19,58,28,30,0,0,0,24,11,13,9,8,1
55701301,35,22,13,3,12,4,3,2,0,0,0,3,4,1,2,0,0,0,0,11,7,4,16,10,6,0,0,0,3,2,1,5,3,2
55701302,39,21,18,2,10,4,4,2,3,0,1,2,5,2,2,0,1,1,0,16,11,5,16,6,10,2,1,1,4,2,2,0,0,0
55701303,167,95,72,17,41,7,18,14,13,1,2,7,16,10,11,3,9,5,4,63,44,19,70,38,32,0,0,0,21,5,16,4,3,1
1400742,0,0,0,0,0,0,0,0,0,0,0,0,0,0,0,0,0,0,0,0,0,0,0,0,0,0,0,0,0,0,0,0,0,0
1401210,0,0,0,0,0,0,0,0,0,0,0,0,0,0,0,0,0,0,0,0,0,0,0,0,0,0,0,0,0,0,0,0,0,0
1990440,0,0,0,0,0,0,0,0,0,0,0,0,0,0,0,0,0,0,0,0,0,0,0,0,0,0,0,0,0,0,0,0,0,0
1990520,0,0,0,0,0,0,0,0,0,0,0,0,0,0,0,0,0,0,0,0,0,0,0,0,0,0,0,0,0,0,0,0,0,0
55702101,17,10,7,4,3,1,0,2,6,0,0,0,0,0,0,0,2,1,1,10,6,4,4,2,2,0,0,0,0,0,0,1,1,0
55702102,5,4,1,2,2,0,0,0,0,0,0,0,1,0,0,0,0,0,0,1,1,0,2,1,1,0,0,0,2,2,0,0,0,0
55702104,65,40,25,8,12,4,5,4,9,2,0,7,5,3,3,1,7,5,2,23,15,8,19,9,10,2,1,1,12,8,4,2,2,0
55702105,18,13,5,7,3,1,1,0,1,1,0,1,2,1,0,0,0,0,0,4,4,0,6,4,2,0,0,0,7,4,3,1,1,0
57843601,56,33,23,9,19,5,2,4,3,0,1,2,4,2,3,0,2,2,0,23,18,5,21,9,12,1,1,0,6,2,4,3,1,2
55709901,22,10,12,13,5,0,1,0,0,0,0,0,0,1,1,0,5,3,2,10,5,5,6,2,4,0,0,0,1,0,1,0,0,0
55709903,13,8,5,3,2,2,1,0,2,0,0,0,1,0,0,2,1,0,1,4,3,1,6,4,2,0,0,0,2,1,1,0,0,0
55709904,133,78,55,41,35,7,11,4,8,2,1,6,5,8,2,0,11,7,4,54,39,15,51,27,24,2,1,1,11,3,8,4,1,3
55709905,12,8,4,2,3,1,2,0,1,0,0,0,0,0,1,0,1,1,0,6,5,1,5,2,3,0,0,0,0,0,0,0,0,0
1989860,0,0,0,0,0,0,0,0,0,0,0,0,0,0,0,0,0,0,0,0,0,0,0,0,0,0,0,0,0,0,0,0,0,0
55711101,21,13,8,7,2,0,1,1,5,1,0,0,2,2,0,0,0,0,0,7,4,3,5,4,1,1,1,0,8,4,4,0,0,0
55711102,72,37,35,8,7,4,1,4,25,0,1,4,9,2,3,0,8,3,5,28,17,11,21,8,13,1,0,1,10,7,3,4,2,2
55711105,17,10,7,2,5,0,0,1,4,0,0,0,1,3,0,0,1,0,1,5,4,1,7,5,2,0,0,0,4,1,3,0,0,0
55712903,31,17,14,9,1,0,7,1,2,0,0,0,3,3,2,2,2,1,1,17,9,8,11,7,4,0,0,0,1,0,1,0,0,0
55712904,78,43,35,20,14,4,5,2,4,1,0,3,5,7,8,0,5,2,3,27,17,10,31,17,14,1,0,1,12,5,7,2,2,0
55712906,15,10,5,1,4,4,1,2,0,2,0,1,0,0,0,0,2,2,0,8,6,2,3,1,2,0,0,0,2,1,1,0,0,0
55713702,9,6,3,0,2,2,0,0,2,1,0,0,0,0,0,0,0,0,0,3,3,0,4,3,1,0,0,0,2,0,2,0,0,0
55713703,18,12,6,3,9,1,0,2,0,0,0,2,0,0,1,0,2,2,0,9,6,3,4,3,1,0,0,0,3,1,2,0,0,0
55713704,24,15,9,4,10,1,0,4,0,0,1,1,0,0,2,0,0,0,0,14,11,3,7,3,4,1,0,1,1,0,1,1,1,0
55713705,48,27,21,11,18,1,1,4,1,0,1,2,2,3,2,0,0,0,0,26,16,10,16,9,7,2,0,2,4,2,2,0,0,0
55713708,460,259,201,20,216,27,35,20,11,4,7,20,29,27,23,5,33,18,15,174,121,53,164,75,89,9,0,9,57,29,28,23,16,7
55713709,26,17,9,2,10,4,1,2,1,0,1,1,2,1,1,0,3,1,2,9,7,2,9,6,3,0,0,0,3,1,2,2,2,0
55713710,10,4,6,0,6,1,1,0,0,0,0,0,1,0,1,0,0,0,0,4,3,1,6,1,5,0,0,0,0,0,0,0,0,0
55713711,27,15,12,9,9,0,3,2,0,1,0,0,0,1,1,1,4,3,1,9,3,6,9,5,4,0,0,0,2,2,0,3,2,1
55713712,14,8,6,3,2,1,1,1,0,0,0,2,1,2,1,0,0,0,0,3,2,1,6,3,3,0,0,0,5,3,2,0,0,0
55713714,28,16,12,2,11,2,5,3,0,0,0,3,1,0,1,0,1,0,1,15,9,6,9,5,4,1,0,1,1,1,0,1,1,0
1597012,0,0,0,0,0,0,0,0,0,0,0,0,0,0,0,0,0,0,0,0,0,0,0,0,0,0,0,0,0,0,0,0,0,0
1597190,0,0,0,0,0,0,0,0,0,0,0,0,0,0,0,0,0,0,0,0,0,0,0,0,0,0,0,0,0,0,0,0,0,0
3066140,0,0,0,0,0,0,0,0,0,0,0,0,0,0,0,0,0,0,0,0,0,0,0,0,0,0,0,0,0,0,0,0,0,0
3088460,0,0,0,0,0,0,0,0,0,0,0,0,0,0,0,0,0,0,0,0,0,0,0,0,0,0,0,0,0,0,0,0,0,0
55715301,19,11,8,0,5,4,3,2,1,0,1,1,1,0,1,0,0,0,0,8,7,1,8,3,5,0,0,0,3,1,2,0,0,0
55715302,13,9,4,4,5,0,1,1,0,0,0,1,0,0,0,0,0,0,0,6,4,2,4,3,1,0,0,0,3,2,1,0,0,0
55715303,29,16,13,9,4,4,5,0,1,0,0,2,1,0,2,1,2,0,2,16,11,5,8,5,3,0,0,0,3,0,3,0,0,0
55715305,21,11,10,2,5,2,2,0,0,0,2,0,1,5,1,0,1,0,1,7,6,1,8,3,5,0,0,0,5,2,3,0,0,0
55715307,97,51,46,9,30,8,15,0,4,1,1,7,6,7,6,0,5,2,3,38,22,16,31,19,12,4,0,4,18,7,11,1,1,0
55715308,56,29,27,5,13,3,6,3,5,1,0,2,4,7,0,2,1,1,0,16,10,6,21,9,12,3,2,1,13,6,7,2,1,1
55715309,18,12,6,6,1,1,2,0,3,1,0,3,0,0,1,0,0,0,0,4,3,1,6,4,2,2,1,1,5,4,1,1,0,1
55715310,36,21,15,6,14,3,2,2,3,1,1,1,0,2,0,0,2,0,2,20,14,6,9,4,5,1,0,1,2,2,0,2,1,1
55715314,254,153,101,10,64,22,39,10,38,3,2,17,3,16,14,5,30,15,15,76,52,24,70,37,33,7,3,4,39,21,18,32,25,7
55715315,19,11,8,1,6,0,3,2,1,0,1,1,2,2,0,0,0,0,0,5,4,1,10,6,4,0,0,0,4,1,3,0,0,0
55715316,65,39,26,7,23,6,12,2,1,1,1,2,3,4,0,0,4,2,2,27,20,7,22,11,11,0,0,0,9,4,5,3,2,1
55715317,935,506,429,37,292,55,124,50,56,15,18,49,44,71,78,5,54,35,19,353,202,151,327,157,170,18,8,10,152,84,68,31,20,11
55715318,318,177,141,10,94,23,36,12,18,7,4,33,10,21,26,3,24,16,8,110,70,40,110,56,54,14,4,10,41,20,21,19,11,8
55715320,212,114,98,6,71,10,27,14,16,6,5,8,6,8,21,2,11,5,6,86,51,35,75,36,39,6,3,3,29,16,13,5,3,2
55715321,75,41,34,4,32,6,6,0,2,3,2,3,4,1,9,1,8,5,3,27,19,8,27,11,16,4,1,3,6,2,4,3,3,0
55715322,56,32,24,2,13,7,13,1,4,0,1,3,2,6,1,1,1,0,1,18,14,4,25,13,12,0,0,0,9,3,6,3,2,1
55715323,1421,743,678,46,409,110,189,70,73,22,17,94,80,112,133,5,61,31,30,523,319,204,515,249,266,24,13,11,251,106,145,47,25,22
55715324,699,376,323,22,206,50,84,31,39,11,8,55,44,58,51,7,38,22,16,250,135,115,266,134,132,8,5,3,118,66,52,19,14,5
55715325,10,7,3,1,6,1,0,0,0,0,0,0,1,1,0,0,0,0,0,2,2,0,6,4,2,0,0,0,1,1,0,1,0,1
55715326,29,17,12,1,6,3,5,1,2,0,0,3,5,1,2,0,3,2,1,8,7,1,12,5,7,0,0,0,6,3,3,0,0,0
55715327,278,151,127,8,60,24,39,11,23,5,5,27,21,18,25,3,21,13,8,75,45,30,96,48,48,9,2,7,65,35,30,12,8,4
55715328,263,136,127,9,68,12,30,10,21,3,8,19,10,25,38,1,9,4,5,82,48,34,94,45,49,7,4,3,69,35,34,2,0,2
55716101,131,72,59,9,49,7,12,4,6,7,1,7,8,13,7,0,6,2,4,49,30,19,47,23,24,4,2,2,21,12,9,4,3,1
55720001,13,8,5,1,4,2,1,0,2,0,0,2,1,0,0,0,1,0,1,4,3,1,6,4,2,0,0,0,2,1,1,0,0,0
55720002,12,6,6,2,3,1,0,1,0,0,0,0,4,0,1,0,0,0,0,0,0,0,7,3,4,1,0,1,4,3,1,0,0,0
55720004,40,23,17,5,12,8,5,0,1,0,1,1,3,1,3,0,2,0,2,20,15,5,15,7,8,0,0,0,2,0,2,1,1,0
55720005,22,12,10,3,5,1,1,1,0,0,0,1,1,4,4,0,0,0,0,7,5,2,8,6,2,1,0,1,6,1,5,0,0,0
55720006,11,6,5,1,1,1,2,0,0,1,1,3,0,0,1,0,0,0,0,1,0,1,5,3,2,1,1,0,3,1,2,1,1,0
55720007,17,9,8,3,4,0,0,0,0,1,0,1,0,6,1,0,0,0,0,5,1,4,6,4,2,1,0,1,4,3,1,1,1,0
55720008,37,24,13,3,11,2,1,3,0,1,0,4,1,4,7,0,2,2,0,10,6,4,11,9,2,1,0,1,12,6,6,1,1,0
55720009,76,41,35,11,22,4,4,5,3,0,0,6,5,7,5,1,2,1,1,22,15,7,30,13,17,3,1,2,15,8,7,4,3,1
55720010,70,40,30,3,26,2,9,10,2,0,1,6,4,3,3,0,1,1,0,22,15,7,27,15,12,1,0,1,17,8,9,2,1,1
55720011,519,276,243,26,181,17,44,22,13,10,10,46,38,52,37,4,31,14,17,172,107,65,198,96,102,8,2,6,96,47,49,14,10,4
55352201,46,29,17,7,19,3,7,1,1,1,1,0,2,1,1,1,2,2,0,20,17,3,16,6,10,1,0,1,5,3,2,2,1,1
54188501,20,10,10,0,7,1,4,0,0,1,0,0,1,0,3,1,1,1,0,6,3,3,11,5,6,0,0,0,1,1,0,1,0,1
54188502,121,70,51,11,38,10,13,3,4,1,3,8,6,4,13,3,2,1,1,44,31,13,47,21,26,3,1,2,17,10,7,8,6,2
54188503,17,10,7,1,6,1,2,2,0,1,1,1,1,1,0,0,1,1,0,4,2,2,5,3,2,1,0,1,4,3,1,2,1,1
57832101,60,38,22,3,20,5,3,6,1,3,2,3,1,3,7,1,5,5,0,23,15,8,22,13,9,1,0,1,9,5,4,0,0,0
0531471,0,0,0,0,0,0,0,0,0,0,0,0,0,0,0,0,0,0,0,0,0,0,0,0,0,0,0,0,0,0,0,0,0,0
55736601,14,8,6,8,1,0,1,0,1,0,0,2,0,0,1,0,0,0,0,1,1,0,8,4,4,0,0,0,2,1,1,3,2,1
55736602,47,28,19,7,13,5,1,0,2,0,0,3,5,3,4,1,3,1,2,16,13,3,18,7,11,1,0,1,7,5,2,2,2,0
55736603,56,33,23,15,13,3,4,2,0,1,0,8,2,5,0,0,1,1,0,19,12,7,24,13,11,2,0,2,10,7,3,0,0,0
55736605,17,10,7,4,8,0,1,0,0,1,0,1,0,1,1,0,1,0,1,6,4,2,7,5,2,0,0,0,3,1,2,0,0,0
55736606,80,48,32,16,16,6,9,9,5,1,1,3,2,6,4,0,8,4,4,29,18,11,28,18,10,0,0,0,14,8,6,1,0,1
55736608,185,105,80,22,62,7,9,6,11,5,0,10,13,14,17,1,8,5,3,70,42,28,54,30,24,3,2,1,44,21,23,6,5,1
55737401,115,66,49,10,52,9,5,8,3,1,1,3,3,1,15,1,4,1,3,52,33,19,40,24,16,1,0,1,12,5,7,6,3,3
55738201,34,20,14,6,14,6,0,1,0,0,0,0,0,3,4,0,4,2,2,17,12,5,6,3,3,0,0,0,6,2,4,1,1,0
55738202,56,34,22,6,15,12,4,5,1,1,0,6,0,3,3,0,1,0,1,25,19,6,23,11,12,1,0,1,5,3,2,1,1,0
55738203,174,96,78,24,60,21,9,15,4,0,1,12,7,11,8,0,6,2,4,82,58,24,57,25,32,6,2,4,19,7,12,4,2,2
55745501,139,76,63,5,46,11,14,7,0,5,1,10,17,6,10,0,0,0,0,40,27,13,60,28,32,1,1,0,31,16,15,7,4,3
55745502,85,48,37,5,19,5,11,12,4,2,0,4,12,4,4,0,4,1,3,26,19,7,36,17,19,2,0,2,13,8,5,4,3,1
55745503,65,36,29,9,16,3,4,3,4,2,0,4,10,1,6,0,3,1,2,21,15,6,28,12,16,3,1,2,10,7,3,0,0,0
55745504,169,94,75,4,34,16,26,12,6,0,2,19,12,11,16,1,4,1,3,41,32,9,72,36,36,5,1,4,39,19,20,8,5,3
56605501,152,88,64,6,60,10,11,10,2,2,4,10,11,13,11,0,10,4,6,52,38,14,57,30,27,1,0,1,29,13,16,3,3,0
55746302,12,7,5,1,4,1,1,2,0,0,1,0,1,1,0,0,0,0,0,6,4,2,5,2,3,0,0,0,0,0,0,1,1,0
55746304,17,11,6,2,1,3,1,0,4,0,0,1,2,0,0,1,0,0,0,8,6,2,6,4,2,0,0,0,1,0,1,2,1,1
55746305,23,13,10,6,3,4,1,2,3,0,0,1,2,0,1,0,1,0,1,11,7,4,4,1,3,0,0,0,2,1,1,5,4,1
55746307,139,88,51,13,56,12,10,11,5,0,2,9,6,9,3,0,5,3,2,70,49,21,37,18,19,5,3,2,12,8,4,10,7,3
55746308,16,10,6,0,5,3,3,2,1,0,0,0,0,0,2,0,0,0,0,9,7,2,5,2,3,0,0,0,2,1,1,0,0,0
57831201,53,36,17,2,12,6,7,4,3,7,1,1,3,3,2,2,4,4,0,26,17,9,13,7,6,2,1,1,3,2,1,5,5,0
55752801,17,9,8,1,4,4,1,0,0,0,0,2,1,1,1,0,0,0,0,2,1,1,8,6,2,0,0,0,6,1,5,1,1,0
55752802,47,31,16,5,10,1,5,1,9,1,3,1,3,3,1,2,3,3,0,15,11,4,16,10,6,1,0,1,12,7,5,0,0,0
55752803,133,72,61,7,17,11,11,7,33,2,0,11,2,8,13,0,3,0,3,32,18,14,49,26,23,6,3,3,35,20,15,8,5,3
55752804,18,8,10,3,2,0,0,0,5,1,0,2,0,0,0,2,0,0,0,4,3,1,4,1,3,1,0,1,6,3,3,3,1,2
55752805,598,328,270,18,109,18,74,26,138,9,4,40,45,28,19,9,38,16,22,196,119,77,237,124,113,14,6,8,88,42,46,25,21,4
55752806,45,26,19,0,4,2,18,1,5,1,0,2,2,2,3,0,4,3,1,17,8,9,19,12,7,0,0,0,3,2,1,2,1,1
55753601,42,26,16,11,11,0,1,2,2,1,1,2,4,3,3,1,5,2,3,16,12,4,16,10,6,1,0,1,3,1,2,1,1,0
55753602,25,15,10,6,7,3,2,0,0,0,0,0,2,2,1,1,0,0,0,12,9,3,6,4,2,0,0,0,7,2,5,0,0,0
55753603,23,13,10,1,9,2,0,1,0,0,1,5,1,0,1,1,3,1,2,12,8,4,4,3,1,0,0,0,1,0,1,3,1,2
55753604,32,17,15,2,6,4,4,6,2,0,0,1,2,2,3,0,2,1,1,11,9,2,17,6,11,0,0,0,2,1,1,0,0,0
55753605,14,8,6,4,2,3,0,0,1,0,0,0,0,2,1,1,0,0,0,5,3,2,5,2,3,0,0,0,4,3,1,0,0,0
55753606,126,72,54,22,28,11,9,4,8,0,4,10,7,10,7,1,14,8,6,44,29,15,36,17,19,3,0,3,24,14,10,5,4,1
55754401,271,153,118,18,70,21,31,23,16,4,4,12,23,18,18,1,13,7,6,109,68,41,96,52,44,3,2,1,40,17,23,10,7,3
3023250,0,0,0,0,0,0,0,0,0,0,0,0,0,0,0,0,0,0,0,0,0,0,0,0,0,0,0,0,0,0,0,0,0,0
55758701,198,109,89,4,60,16,24,15,2,3,6,12,18,15,18,2,9,4,5,52,39,13,72,36,36,4,2,2,55,24,31,6,4,2
55758704,19,11,8,0,9,1,1,0,0,0,0,0,4,3,1,0,1,1,0,6,4,2,7,4,3,0,0,0,4,1,3,1,1,0
55758705,25,14,11,2,5,1,4,3,0,4,2,0,1,1,0,0,3,1,2,13,7,6,5,3,2,0,0,0,4,3,1,0,0,0
55758706,15,9,6,1,4,2,2,2,0,0,0,1,0,0,2,0,0,0,0,4,3,1,9,5,4,0,0,0,2,1,1,0,0,0
55758707,44,23,21,2,13,4,6,4,0,1,1,3,2,3,3,1,3,3,0,20,11,9,13,6,7,4,1,3,2,1,1,2,1,1
55758708,50,26,24,5,12,7,4,3,1,1,1,2,4,2,3,0,3,1,2,18,15,3,14,6,8,2,1,1,12,3,9,1,0,1
55758710,113,67,46,7,40,5,12,2,2,2,2,5,8,2,17,1,3,1,2,54,31,23,35,25,10,2,0,2,14,6,8,5,4,1
55758711,128,74,54,6,35,8,12,6,2,5,4,9,10,7,14,2,9,5,4,52,38,14,36,16,20,3,0,3,27,15,12,1,0,1
55758712,1104,583,521,50,337,74,119,73,24,14,16,71,84,115,74,3,49,26,23,401,256,145,365,171,194,25,8,17,216,94,122,48,28,20
55758713,13,10,3,0,1,4,0,4,1,0,0,2,1,0,0,0,1,1,0,9,8,1,2,1,1,0,0,0,1,0,1,0,0,0
55758714,233,120,113,5,70,17,30,13,7,2,6,11,24,19,19,1,21,13,8,75,51,24,90,39,51,5,2,3,36,11,25,6,4,2
55758715,63,31,32,1,16,6,8,2,2,1,1,2,6,10,7,0,1,1,0,16,10,6,27,15,12,3,0,3,16,5,11,0,0,0
54046301,24,15,9,0,10,1,5,1,1,0,1,0,2,0,3,0,2,2,0,12,8,4,5,3,2,2,0,2,2,1,1,1,1,0
3301750,0,0,0,0,0,0,0,0,0,0,0,0,0,0,0,0,0,0,0,0,0,0,0,0,0,0,0,0,0,0,0,0,0,0
56670501,35,22,13,3,6,6,2,3,0,1,0,4,6,0,3,0,0,0,0,17,12,5,11,6,5,1,0,1,5,3,2,1,1,0
54215601,126,67,59,6,40,8,14,12,2,3,1,7,9,13,4,1,10,8,2,49,30,19,41,16,25,1,0,1,19,10,9,6,3,3
54637201,133,71,62,8,48,11,12,6,1,2,1,7,7,3,22,2,3,1,2,50,36,14,55,25,30,4,0,4,18,9,9,3,0,3
55350601,53,26,27,6,12,4,4,7,0,0,1,5,4,3,7,0,5,4,1,26,17,9,12,1,11,1,0,1,5,2,3,4,2,2
56608001,37,23,14,2,21,0,2,2,3,0,0,2,0,1,2,1,8,3,5,19,14,5,8,4,4,0,0,0,0,0,0,2,2,0
56609801,38,25,13,2,14,0,3,5,0,0,2,1,1,1,4,2,8,5,3,19,15,4,10,4,6,1,1,0,0,0,0,0,0,0
56609802,9,5,4,1,2,0,0,0,1,0,0,1,1,1,1,0,0,0,0,6,5,1,2,0,2,0,0,0,1,0,1,0,0,0
55764101,226,134,92,4,66,19,30,13,10,7,1,21,14,14,21,2,7,6,1,67,51,16,82,41,41,1,0,1,61,30,31,8,6,2
55764102,60,32,28,1,10,7,12,5,0,1,3,5,4,3,5,0,0,0,0,15,9,6,26,15,11,1,1,0,18,7,11,0,0,0
55765001,57,31,26,8,16,5,6,4,0,1,1,2,4,2,2,1,6,3,3,22,13,9,16,9,7,1,1,0,9,4,5,3,1,2
55765002,20,16,4,3,6,2,2,3,2,0,0,1,0,0,0,0,1,1,0,11,10,1,5,2,3,0,0,0,2,2,0,1,1,0
55765004,66,33,33,5,19,6,7,7,1,1,1,4,5,6,3,0,7,3,4,30,15,15,20,11,9,1,0,1,6,3,3,2,1,1
55765006,19,12,7,3,7,1,3,1,1,0,0,1,0,1,1,0,1,1,0,7,6,1,10,5,5,0,0,0,0,0,0,1,0,1
55765007,21,10,11,2,7,2,2,1,1,0,0,0,0,1,4,0,1,0,1,8,6,2,7,4,3,1,0,1,4,0,4,0,0,0
55765008,30,18,12,7,7,1,5,1,0,0,0,2,4,2,1,0,1,1,0,10,9,1,12,4,8,1,0,1,5,3,2,1,1,0
55765009,58,35,23,11,12,4,6,7,2,1,0,2,6,2,4,0,5,5,0,22,13,9,21,11,10,1,0,1,7,4,3,2,2,0
57856801,40,24,16,7,16,3,2,5,1,1,1,1,1,0,1,1,0,0,0,23,12,11,11,7,4,0,0,0,3,2,1,3,3,0
57856802,25,19,6,1,11,3,2,2,2,0,0,0,1,0,1,1,0,0,0,14,11,3,7,6,1,1,0,1,2,1,1,1,1,0
55766801,55,38,17,4,22,5,4,5,1,1,0,4,2,2,4,0,2,0,2,26,19,7,12,6,6,1,1,0,7,5,2,7,7,0
55766802,354,205,149,17,124,23,24,28,7,9,7,30,17,12,46,1,23,13,10,153,101,52,103,55,48,6,0,6,57,27,30,12,9,3
55767601,60,34,26,1,19,3,5,8,3,1,1,4,1,2,10,1,2,2,0,21,16,5,20,9,11,4,1,3,8,3,5,5,3,2
55767602,2934,1605,1329,45,942,197,256,194,88,66,31,250,158,147,490,12,219,116,103,957,617,340,1030,507,523,67,23,44,535,257,278,126,85,41
55767603,57,35,22,0,22,4,3,1,3,1,0,1,3,5,10,0,4,4,0,27,19,8,16,9,7,1,1,0,8,1,7,1,1,0
55767604,23,14,9,0,8,5,3,0,1,1,0,2,2,0,0,0,1,1,0,11,6,5,9,6,3,0,0,0,2,1,1,0,0,0
55767605,208,117,91,7,54,25,29,12,2,5,5,24,15,13,13,1,18,10,8,67,46,21,77,40,37,8,2,6,33,16,17,5,3,2
53994501,158,91,67,1,53,19,18,13,1,2,0,10,11,6,20,1,12,5,7,70,48,22,50,29,21,2,0,2,16,6,10,8,3,5
55768401,317,175,142,16,118,26,30,25,9,10,2,19,17,19,20,0,18,10,8,114,73,41,121,59,62,2,0,2,52,26,26,10,7,3
55768402,9,5,4,0,3,2,1,0,0,1,0,0,0,0,0,0,1,0,1,2,2,0,4,1,3,0,0,0,2,2,0,0,0,0
55768403,41,24,17,1,8,6,4,3,1,0,2,4,5,3,4,0,1,0,1,17,14,3,16,8,8,0,0,0,6,2,4,1,0,1
55768404,13,8,5,0,7,0,1,2,1,0,0,0,0,1,0,0,0,0,0,9,6,3,4,2,2,0,0,0,0,0,0,0,0,0
55768405,77,44,33,5,28,2,7,9,0,2,2,13,3,3,2,0,3,1,2,38,26,12,25,12,13,0,0,0,10,4,6,1,1,0
55768406,57,30,27,2,19,7,8,6,1,0,3,4,2,3,1,0,3,3,0,23,13,10,26,13,13,0,0,0,5,1,4,0,0,0
54025101,21,16,5,2,7,2,1,3,1,0,0,3,1,0,1,0,1,1,0,13,10,3,6,4,2,0,0,0,1,1,0,0,0,0
54025102,64,37,27,5,21,5,4,10,2,0,1,1,5,2,6,0,5,3,2,25,15,10,20,11,9,1,1,0,8,4,4,5,3,2
55365401,38,25,13,1,12,2,3,1,0,0,0,14,1,0,3,0,4,2,2,12,7,5,6,3,3,0,0,0,4,3,1,12,10,2
55365402,2409,1318,1091,37,1213,104,174,122,66,29,19,149,107,129,185,22,156,96,60,909,568,341,875,419,456,46,16,30,292,136,156,131,83,48
55365404,73,39,34,3,41,1,5,3,1,0,2,6,2,3,5,0,4,2,2,20,15,5,32,15,17,3,0,3,9,4,5,5,3,2
54066801,114,64,50,6,48,5,6,8,5,0,0,10,6,6,8,2,20,8,12,45,33,12,35,17,18,2,0,2,9,4,5,3,2,1
54066802,27,16,11,4,4,0,6,3,0,1,0,0,3,3,2,1,1,1,0,14,8,6,9,5,4,1,1,0,2,1,1,0,0,0
55366201,113,60,53,10,49,8,8,7,4,0,0,5,1,7,10,0,5,2,3,41,25,16,37,17,20,2,0,2,19,10,9,9,6,3
53982101,257,150,107,10,109,35,14,14,2,2,3,11,18,9,22,1,23,15,8,84,59,25,96,46,50,9,6,3,35,15,20,10,9,1
55772201,142,81,61,10,52,13,17,5,2,3,0,7,10,5,16,0,11,7,4,63,38,25,41,24,17,1,0,1,19,9,10,7,3,4
55772202,15,9,6,0,3,1,4,2,0,0,1,2,2,0,0,0,1,0,1,8,6,2,4,2,2,0,0,0,2,1,1,0,0,0
55772203,60,35,25,3,24,8,4,5,0,2,0,2,3,3,6,0,1,0,1,36,23,13,11,6,5,0,0,0,10,5,5,2,1,1
55773101,271,150,121,3,110,21,22,14,7,5,2,12,15,19,33,2,21,10,11,112,75,37,93,42,51,5,1,4,32,15,17,8,7,1
55773102,33,17,16,0,10,0,5,6,0,0,1,5,0,1,4,0,5,2,3,11,6,5,11,7,4,0,0,0,5,2,3,1,0,1
55774901,38,28,10,8,22,0,3,2,0,0,0,1,0,0,2,0,4,4,0,21,15,6,8,6,2,1,0,1,1,0,1,3,3,0
55774902,49,30,19,9,18,1,5,3,2,1,0,2,1,3,4,0,3,2,1,19,13,6,14,6,8,2,1,1,5,4,1,6,4,2
55774903,10,6,4,4,1,0,2,0,0,0,0,0,1,1,1,0,0,0,0,3,3,0,5,3,2,0,0,0,2,0,2,0,0,0
55777301,110,62,48,3,38,8,14,9,1,1,1,7,12,4,8,1,7,5,2,49,31,18,27,12,15,1,0,1,19,10,9,7,4,3
55778101,73,41,32,0,28,5,8,3,0,0,1,4,3,4,17,0,3,2,1,24,15,9,24,14,10,3,2,1,17,8,9,2,0,2
55778102,1021,564,457,11,378,81,89,58,29,21,10,91,49,46,123,7,81,33,48,399,249,150,330,172,158,13,6,7,138,60,78,60,44,16
55778103,111,75,36,2,71,9,2,7,1,0,1,7,1,1,6,0,10,5,5,33,23,10,33,21,12,3,3,0,24,17,7,8,6,2
54030701,41,22,19,4,15,4,7,1,2,0,0,4,3,0,1,0,4,2,2,20,13,7,10,4,6,0,0,0,3,1,2,4,2,2
55780301,217,132,85,13,63,20,33,14,9,6,3,19,9,12,9,1,11,5,6,92,64,28,58,30,28,5,1,4,33,16,17,18,16,2
55780302,17,10,7,1,7,0,1,4,0,0,0,0,1,2,0,1,2,1,1,9,5,4,4,3,1,0,0,0,1,0,1,1,1,0
55780304,30,17,13,6,12,2,3,2,0,0,2,0,0,1,1,0,1,0,1,9,5,4,11,7,4,0,0,0,7,4,3,2,1,1
55780305,28,15,13,1,6,4,6,2,0,0,1,1,2,1,2,1,0,0,0,13,9,4,12,6,6,0,0,0,2,0,2,1,0,1
55783801,1120,620,500,29,538,90,75,76,25,11,13,80,37,42,71,11,103,48,55,440,282,158,377,184,193,18,5,13,90,45,45,92,56,36
55783802,33,23,10,1,17,7,0,0,1,0,0,1,2,1,2,1,3,2,1,17,13,4,8,6,2,1,0,1,2,0,2,2,2,0
55783803,19,12,7,1,14,0,1,1,0,0,0,0,0,1,1,0,4,1,3,6,4,2,0,0,0,5,4,1,4,3,1,0,0,0
55783804,23,14,9,1,9,3,3,3,1,1,0,0,0,1,1,0,1,1,0,9,7,2,9,4,5,0,0,0,4,2,2,0,0,0
55783805,232,129,103,4,105,22,17,14,3,1,1,17,14,9,12,4,23,9,14,89,49,40,75,46,29,6,2,4,22,12,10,17,11,6
55783806,23,14,9,0,9,4,0,3,1,0,0,2,2,0,1,1,3,1,2,10,6,4,6,5,1,2,0,2,1,1,0,1,1,0
55783807,39,23,16,3,16,3,3,4,0,0,1,3,0,3,3,0,2,1,1,24,16,8,8,3,5,0,0,0,5,3,2,0,0,0
57854101,85,44,41,7,30,5,10,8,0,1,0,2,7,6,8,1,8,5,3,39,22,17,28,13,15,3,2,1,5,1,4,2,1,1
57854102,10,6,4,1,3,0,3,0,0,0,0,0,3,0,0,0,0,0,0,3,3,0,5,2,3,1,1,0,1,0,1,0,0,0
55786201,33,20,13,10,8,1,1,1,0,1,0,4,2,3,2,0,0,0,0,15,13,2,11,5,6,1,0,1,6,2,4,0,0,0
55786202,409,242,167,51,176,17,28,21,8,3,3,18,31,23,17,5,24,16,8,164,106,58,145,78,67,7,5,2,56,25,31,13,12,1
55786203,29,14,15,12,12,0,0,1,0,0,0,1,1,2,0,0,2,0,2,11,10,1,10,2,8,0,0,0,6,2,4,0,0,0
55786204,33,20,13,9,12,0,0,1,0,0,0,6,0,1,3,0,1,1,0,15,10,5,14,8,6,1,0,1,2,1,1,0,0,0
55786205,31,17,14,4,12,2,5,2,0,1,0,1,2,0,2,0,3,2,1,12,7,5,7,5,2,1,0,1,3,1,2,5,2,3
55786206,44,33,11,12,22,1,0,0,1,1,1,1,3,0,0,1,4,3,1,14,12,2,14,10,4,1,0,1,4,1,3,7,7,0
55786208,14,8,6,2,3,1,0,6,0,0,0,0,1,1,0,0,1,0,1,6,3,3,6,5,1,0,0,0,1,0,1,0,0,0
55787102,70,39,31,8,30,3,6,8,2,0,0,4,5,2,2,0,3,1,2,28,16,12,28,17,11,2,0,2,4,2,2,5,3,2
55787103,43,26,17,6,11,1,5,3,0,2,0,1,4,5,2,1,2,1,1,15,12,3,15,8,7,0,0,0,10,4,6,1,1,0
55787104,14,6,8,2,3,0,0,1,1,1,0,1,4,0,0,0,1,1,0,5,2,3,6,2,4,1,1,0,1,0,1,0,0,0
55787105,27,17,10,2,9,1,2,1,0,1,0,2,3,2,2,0,2,0,2,11,8,3,9,8,1,1,0,1,4,1,3,0,0,0
55789701,127,74,53,16,37,7,14,15,4,1,1,8,6,9,4,0,15,9,6,49,32,17,30,17,13,10,5,5,17,7,10,6,4,2
54063301,70,37,33,6,20,6,5,15,0,0,1,5,3,2,6,0,5,2,3,37,24,13,21,9,12,1,0,1,3,1,2,3,1,2
54063302,18,11,7,3,7,1,1,1,1,0,0,1,1,0,1,0,1,0,1,8,6,2,5,1,4,0,0,0,2,2,0,2,2,0
54063303,30,19,11,3,10,3,3,4,0,1,0,0,0,2,1,1,0,0,0,19,15,4,8,3,5,0,0,0,2,1,1,1,0,1
54020001,44,29,15,7,10,5,7,5,1,0,0,2,3,3,1,0,2,1,1,19,14,5,15,9,6,1,0,1,5,3,2,2,2,0
55794301,44,28,16,0,15,3,7,3,4,1,2,0,5,0,2,1,2,1,1,14,11,3,20,10,10,2,2,0,4,2,2,2,2,0
55384101,216,126,90,4,106,12,14,11,9,2,2,8,13,14,14,3,12,8,4,80,55,25,86,48,38,3,0,3,27,11,16,8,4,4
0805862,0,0,0,0,0,0,0,0,0,0,0,0,0,0,0,0,0,0,0,0,0,0,0,0,0,0,0,0,0,0,0,0,0,0
55795101,22,12,10,4,6,2,2,0,3,0,0,1,0,2,1,0,1,1,0,7,6,1,11,5,6,1,0,1,2,0,2,0,0,0
55795102,57,33,24,7,17,5,6,3,2,1,1,7,4,2,1,0,2,1,1,22,13,9,17,9,8,0,0,0,15,9,6,1,1,0
55795103,38,22,16,4,10,5,3,1,1,1,0,4,2,4,2,1,2,1,1,16,12,4,9,3,6,3,2,1,7,3,4,1,1,0
55795104,18,10,8,2,4,4,0,0,0,0,0,1,0,2,3,1,0,0,0,6,4,2,9,5,4,1,0,1,0,0,0,2,1,1
55795105,133,81,52,10,46,10,10,7,4,0,1,5,10,12,14,0,2,1,1,51,37,14,43,23,20,1,0,1,32,17,15,4,3,1
55795106,27,17,10,5,8,1,2,0,0,1,0,4,1,3,2,0,0,0,0,7,6,1,12,6,6,0,0,0,8,5,3,0,0,0
54006401,55,34,21,4,29,3,3,5,0,0,0,3,3,0,5,0,6,4,2,29,20,9,16,8,8,0,0,0,4,2,2,0,0,0
54061701,72,38,34,3,38,4,7,1,2,0,0,3,2,7,5,0,9,3,6,34,23,11,22,7,15,1,0,1,3,2,1,3,3,0
55801001,47,28,19,3,17,5,2,5,0,1,0,1,4,2,4,0,0,0,0,27,17,10,14,6,8,0,0,0,6,5,1,0,0,0
55802801,62,33,29,8,14,4,10,3,2,5,0,4,2,6,4,0,3,2,1,24,13,11,23,13,10,1,1,0,8,3,5,3,1,2
55802802,226,123,103,20,72,17,13,11,4,2,4,16,22,21,14,1,7,4,3,77,46,31,72,34,38,10,4,6,48,28,20,12,7,5
55802803,11,8,3,1,3,1,1,0,0,0,0,0,2,0,2,0,0,0,0,4,3,1,7,5,2,0,0,0,0,0,0,0,0,0
55802804,32,16,16,1,16,2,3,2,0,0,0,2,1,2,2,0,4,2,2,9,4,5,11,7,4,0,0,0,5,0,5,3,3,0
53971601,118,63,55,14,36,12,11,5,2,4,1,9,3,9,7,1,5,1,4,44,32,12,39,17,22,3,1,2,22,9,13,5,3,2
55804401,41,21,20,4,14,2,1,5,3,0,1,3,2,2,4,0,4,2,2,18,7,11,15,11,4,0,0,0,4,1,3,0,0,0
55804402,10,6,4,1,2,1,1,1,0,0,0,0,1,1,1,0,2,1,1,3,3,0,3,2,1,1,0,1,1,0,1,0,0,0
55804403,11,5,6,0,1,1,0,2,0,0,0,3,0,0,4,0,2,2,0,3,1,2,5,2,3,0,0,0,1,0,1,0,0,0
55804404,513,269,244,34,183,42,45,30,12,4,5,25,24,34,64,5,33,18,15,213,131,82,173,74,99,10,5,5,53,22,31,31,19,12
55805201,25,13,12,5,5,0,0,1,1,0,1,3,1,0,3,0,2,1,1,8,5,3,6,3,3,1,0,1,7,4,3,1,0,1
55805202,21,10,11,2,9,2,3,0,0,0,0,0,1,1,2,0,0,0,0,10,6,4,8,3,5,0,0,0,2,0,2,1,1,0
55805203,46,30,16,5,14,4,3,3,2,0,2,2,2,4,3,1,2,2,0,15,10,5,18,10,8,0,0,0,8,6,2,3,2,1
55805204,20,11,9,6,6,0,1,4,0,0,0,0,0,1,1,0,0,0,0,10,7,3,8,4,4,1,0,1,1,0,1,0,0,0
55805205,31,22,9,3,13,5,1,1,1,2,0,0,2,1,1,1,1,1,0,14,10,4,14,9,5,0,0,0,0,0,0,2,2,0
53014002,94,54,40,17,30,4,9,3,1,2,1,11,4,5,3,0,7,4,3,43,30,13,31,15,16,1,0,1,10,3,7,2,2,0
3301830,0,0,0,0,0,0,0,0,0,0,0,0,0,0,0,0,0,0,0,0,0,0,0,0,0,0,0,0,0,0,0,0,0,0
54639901,52,30,22,14,12,4,2,6,2,1,0,3,3,4,1,0,3,0,3,21,15,6,19,11,8,2,0,2,7,4,3,0,0,0
55806101,64,37,27,8,20,6,8,5,0,2,0,2,3,1,6,0,4,3,1,32,22,10,16,8,8,1,0,1,8,3,5,3,1,2
55806102,29,15,14,5,9,3,2,2,1,0,1,3,0,1,1,0,2,1,1,13,9,4,5,1,4,3,1,2,6,3,3,0,0,0
55806103,88,53,35,25,24,9,2,10,1,0,0,5,6,3,2,0,15,12,3,36,25,11,21,10,11,0,0,0,8,1,7,8,5,3
55806104,86,55,31,23,27,7,6,4,4,0,0,5,2,1,3,0,3,2,1,40,28,12,33,19,14,0,0,0,7,3,4,3,3,0
55806105,61,36,25,17,22,2,1,8,1,1,0,0,3,3,1,1,3,1,2,32,21,11,20,10,10,0,0,0,3,1,2,3,3,0
55807901,24,16,8,7,9,2,0,1,1,0,0,0,2,1,1,0,1,0,1,12,8,4,7,6,1,0,0,0,2,0,2,2,2,0
54034001,162,88,74,5,41,15,20,10,6,7,5,15,17,6,8,2,6,3,3,50,29,21,60,31,29,2,1,1,36,19,17,8,5,3
54034002,14,10,4,2,6,1,1,0,0,0,0,1,2,1,0,0,0,0,0,7,5,2,6,5,1,0,0,0,0,0,0,1,0,1
55809501,82,49,33,8,36,9,8,9,0,0,0,3,2,4,3,0,7,5,2,44,28,16,20,12,8,4,0,4,3,1,2,4,3,1
55810901,379,212,167,18,137,14,45,29,8,3,6,30,34,26,14,1,19,9,10,147,100,47,138,65,73,5,1,4,61,33,28,9,4,5
55810902,1388,767,621,48,487,130,175,110,25,20,11,85,95,80,80,5,75,38,37,593,380,213,455,225,230,26,6,20,192,85,107,47,33,14
55811701,97,54,43,4,37,7,10,9,5,1,0,6,6,5,3,0,4,4,0,42,27,15,40,21,19,2,0,2,9,2,7,0,0,0
55402201,79,51,28,1,35,7,6,10,1,2,2,5,1,1,5,1,3,2,1,33,25,8,30,17,13,1,0,1,6,2,4,6,5,1
55812501,46,28,18,2,11,6,9,3,4,1,0,4,2,2,1,0,1,0,1,23,19,4,14,5,9,1,1,0,6,3,3,1,0,1
55812502,108,64,44,8,33,8,15,7,0,2,1,7,7,13,4,0,13,7,6,38,25,13,38,21,17,2,1,1,11,5,6,6,5,1
55812503,36,18,18,7,16,2,3,0,1,2,0,0,1,1,3,0,2,2,0,12,5,7,13,7,6,1,0,1,4,1,3,4,3,1
55812504,26,16,10,2,4,5,3,4,1,0,0,1,0,1,5,0,2,1,1,13,7,6,6,6,0,1,0,1,4,2,2,0,0,0
55812505,36,19,17,4,9,4,6,1,0,0,2,2,5,1,1,1,3,1,2,13,9,4,12,5,7,0,0,0,5,2,3,3,2,1
55812506,53,28,25,8,18,4,6,1,3,1,1,3,2,3,2,0,6,4,2,16,10,6,21,11,10,0,0,0,8,2,6,2,1,1
55812507,30,20,10,6,8,5,1,3,0,1,0,2,1,1,2,0,1,1,0,11,8,3,13,8,5,0,0,0,5,3,2,0,0,0
54229601,107,60,47,7,34,6,9,7,0,2,2,9,9,9,8,1,1,1,0,38,25,13,41,22,19,3,1,2,21,10,11,3,1,2
54010201,47,30,17,9,21,5,3,1,1,0,0,2,1,2,2,0,5,3,2,21,14,7,14,9,5,0,0,0,6,3,3,1,1,0
54026901,161,86,75,1,51,8,20,9,7,4,3,9,12,11,16,0,10,5,5,56,32,24,59,28,31,2,1,1,29,16,13,5,4,1
55817601,20,12,8,0,9,2,1,2,1,1,0,2,0,0,1,0,0,0,0,13,7,6,6,4,2,0,0,0,0,0,0,1,1,0
55817602,13,9,4,4,2,2,2,1,0,0,0,0,0,2,0,0,2,1,1,6,5,1,4,3,1,0,0,0,1,0,1,0,0,0
55817603,37,23,14,3,10,3,7,3,0,1,0,2,1,1,3,2,2,2,0,10,8,2,14,8,6,3,1,2,7,3,4,1,1,0
55817604,101,63,38,3,25,17,14,4,1,3,1,8,8,8,3,1,11,8,3,38,22,16,33,22,11,1,1,0,15,9,6,3,1,2
53978301,163,96,67,11,63,16,15,9,1,2,0,8,8,6,20,1,17,7,10,67,48,19,52,24,28,2,1,1,19,12,7,6,4,2
55818401,55,34,21,9,21,6,3,9,0,0,0,0,2,3,0,0,3,2,1,25,15,10,15,11,4,3,0,3,3,0,3,6,6,0
55818404,92,49,43,14,26,2,4,11,2,0,0,8,10,7,7,0,5,2,3,30,19,11,43,25,18,5,0,5,7,1,6,2,2,0
54029301,71,40,31,4,31,7,5,8,1,1,0,1,3,4,3,0,2,0,2,32,21,11,23,14,9,3,1,2,9,2,7,2,2,0
55356501,14,10,4,1,5,2,0,1,1,0,0,0,1,0,0,2,0,0,0,9,9,0,4,1,3,0,0,0,1,0,1,0,0,0
55823101,18,13,5,3,2,3,1,1,1,0,0,1,0,4,1,0,1,1,0,11,9,2,4,3,1,0,0,0,2,0,2,0,0,0
55823102,91,49,42,10,23,11,4,4,3,1,0,7,8,12,3,0,2,1,1,33,23,10,27,12,15,2,1,1,26,11,15,1,1,0
54041201,39,20,19,1,9,6,4,5,0,2,0,4,2,2,2,0,1,0,1,12,8,4,15,6,9,1,1,0,10,5,5,0,0,0
54041202,98,57,41,3,31,9,8,4,3,3,3,14,5,8,3,2,4,3,1,25,19,6,50,24,26,0,0,0,19,11,8,0,0,0
53013101,12,7,5,0,3,1,1,1,0,1,1,0,1,1,2,0,0,0,0,5,4,1,5,2,3,0,0,0,1,0,1,1,1,0
53013102,96,50,46,8,33,9,7,6,1,0,2,2,10,8,8,0,15,6,9,29,18,11,33,18,15,2,0,2,13,6,7,4,2,2
3089010,0,0,0,0,0,0,0,0,0,0,0,0,0,0,0,0,0,0,0,0,0,0,0,0,0,0,0,0,0,0,0,0,0,0
3089270,0,0,0,0,0,0,0,0,0,0,0,0,0,0,0,0,0,0,0,0,0,0,0,0,0,0,0,0,0,0,0,0,0,0
55824901,207,123,84,8,77,18,14,16,3,3,2,10,22,8,14,3,11,5,6,75,50,25,87,54,33,4,1,3,23,9,14,7,4,3
55824902,138,77,61,7,53,9,11,9,5,4,2,9,4,6,14,2,3,3,0,57,43,14,47,21,26,4,1,3,23,6,17,4,3,1
55824903,65,35,30,1,14,3,9,8,0,2,1,4,7,7,6,0,1,1,0,16,10,6,19,9,10,1,0,1,24,12,12,4,3,1
55824905,391,209,182,7,129,25,39,26,11,6,9,27,31,14,53,0,28,11,17,119,72,47,159,84,75,12,6,6,65,31,34,8,5,3
55824906,320,177,143,11,124,16,15,21,8,8,5,23,18,20,37,4,21,11,10,107,71,36,111,54,57,5,1,4,60,33,27,16,7,9
55824907,426,238,188,12,133,36,52,32,17,8,5,26,31,23,28,9,24,14,10,143,89,54,144,80,64,10,3,7,69,30,39,36,22,14
55824908,21,13,8,0,7,2,5,2,1,0,0,2,0,0,1,0,4,1,3,11,8,3,3,2,1,0,0,0,1,1,0,2,1,1
55824909,894,468,426,31,274,58,92,61,15,17,13,73,69,69,92,1,51,28,23,272,173,99,329,160,169,10,1,9,208,93,115,24,13,11
55824910,27,11,16,0,9,2,2,2,0,0,0,3,3,1,4,1,1,0,1,8,4,4,12,5,7,1,0,1,4,2,2,1,0,1
55824911,654,328,326,18,248,37,63,48,10,9,10,47,29,31,72,8,61,32,29,254,129,125,211,99,112,18,6,12,82,47,35,28,15,13
55824912,44,23,21,2,12,3,8,5,0,0,2,4,1,3,4,0,2,2,0,14,9,5,18,5,13,1,1,0,7,4,3,2,2,0
55824913,289,155,134,9,108,21,25,20,7,5,6,21,16,6,26,3,26,14,12,105,59,46,96,54,42,8,1,7,46,23,23,8,4,4
55825701,68,41,27,7,31,5,3,2,2,0,1,3,6,1,3,0,3,2,1,27,18,9,23,13,10,3,1,2,8,3,5,4,4,0
55825702,502,278,224,24,152,35,49,32,10,15,13,42,32,35,51,2,21,12,9,144,104,40,202,97,105,9,1,8,110,55,55,16,9,7
55825703,45,28,17,3,16,4,4,3,0,1,1,5,4,2,2,0,3,2,1,20,13,7,13,7,6,0,0,0,8,5,3,1,1,0
55826501,72,38,34,11,20,9,4,8,0,0,1,3,3,6,6,0,4,3,1,36,21,15,23,10,13,2,2,0,5,1,4,2,1,1
55826502,19,11,8,3,7,3,1,1,0,1,0,1,1,1,0,0,0,0,0,12,7,5,6,4,2,0,0,0,1,0,1,0,0,0
54042101,45,24,21,3,14,4,7,2,1,1,1,1,7,3,1,0,4,0,4,20,12,8,14,8,6,0,0,0,7,4,3,0,0,0
55829001,130,80,50,13,49,5,15,11,1,2,5,8,6,6,6,0,3,2,1,53,40,13,47,26,21,2,2,0,20,7,13,5,3,2
55830301,91,46,45,8,25,7,5,14,1,2,1,10,5,4,5,1,3,2,1,43,26,17,30,12,18,1,1,0,10,2,8,4,3,1
55830302,9,6,3,3,2,1,0,0,0,1,0,0,0,0,0,0,1,1,0,3,3,0,3,0,3,0,0,0,2,2,0,0,0,0
55830303,137,73,64,12,35,20,14,7,1,4,1,13,10,7,10,1,6,3,3,55,39,16,48,19,29,2,0,2,20,7,13,6,5,1
55830304,52,28,24,5,17,2,10,1,4,0,1,2,6,3,1,0,1,0,1,23,13,10,17,9,8,2,1,1,9,5,4,0,0,0
55830305,12,6,6,0,3,0,1,0,0,0,2,3,1,0,2,0,1,0,1,2,1,1,6,5,1,1,0,1,2,0,2,0,0,0
55830306,59,36,23,6,27,5,4,3,1,3,1,2,2,0,5,0,5,2,3,28,19,9,19,10,9,1,1,0,6,4,2,0,0,0
55830307,99,57,42,5,34,5,10,9,4,3,2,3,9,11,4,0,6,4,2,42,29,13,34,18,16,3,1,2,13,4,9,1,1,0
55831101,163,84,79,5,55,15,25,7,4,1,1,8,14,9,15,0,13,6,7,64,42,22,55,25,30,3,1,2,25,9,16,3,1,2
54069201,50,35,15,7,21,4,4,3,4,1,0,3,1,1,0,1,3,2,1,21,16,5,14,10,4,1,1,0,3,1,2,8,5,3
53993701,99,61,38,11,41,5,6,5,3,1,1,4,6,4,8,1,7,4,3,47,32,15,32,17,15,1,0,1,7,5,2,5,3,2
55834601,110,61,49,5,55,9,9,5,1,0,1,4,4,3,13,0,10,4,6,53,34,19,35,18,17,3,1,2,7,3,4,2,1,1
55834602,200,109,91,8,65,11,25,14,6,2,2,12,12,9,27,0,6,2,4,77,52,25,76,36,40,3,0,3,29,13,16,9,6,3
3301670,0,0,0,0,0,0,0,0,0,0,0,0,0,0,0,0,0,0,0,0,0,0,0,0,0,0,0,0,0,0,0,0,0,0
55836201,101,58,43,7,27,11,8,8,2,1,1,7,9,7,10,2,10,5,5,38,27,11,39,20,19,3,1,2,10,5,5,1,0,1
55836203,106,62,44,2,52,6,6,6,2,4,0,8,5,4,6,0,4,3,1,50,35,15,35,15,20,2,0,2,9,5,4,6,4,2
55836204,72,39,33,9,21,7,5,5,0,2,0,4,6,3,5,1,4,3,1,30,21,9,21,11,10,0,0,0,15,3,12,2,1,1
55836206,797,464,333,47,236,104,82,49,23,16,9,57,53,47,34,6,59,28,31,307,202,105,259,137,122,15,8,7,101,49,52,56,40,16
55836207,17,6,11,3,6,3,3,1,0,0,0,0,0,1,0,0,1,0,1,6,3,3,8,3,5,0,0,0,2,0,2,0,0,0
55836208,33,18,15,6,11,0,2,3,0,0,0,6,2,1,2,0,2,2,0,15,10,5,9,3,6,1,0,1,5,3,2,1,0,1
55836209,95,48,47,7,25,10,6,4,5,0,2,9,10,6,2,0,2,1,1,43,27,16,33,14,19,1,1,0,16,5,11,0,0,0
55836210,63,41,22,13,24,4,6,3,0,1,1,2,3,3,2,0,6,2,4,18,15,3,27,15,12,0,0,0,6,3,3,6,6,0
55836211,46,29,17,13,16,6,4,0,0,1,0,0,1,1,1,0,4,1,3,20,14,6,13,10,3,1,1,0,4,2,2,4,1,3
55836212,7,4,3,1,1,0,0,2,0,1,1,0,0,0,1,0,0,0,0,3,2,1,3,2,1,0,0,0,1,0,1,0,0,0
54067601,65,40,25,3,25,5,7,3,2,0,2,3,6,2,6,0,1,1,0,19,12,7,32,22,10,2,0,2,10,5,5,1,0,1
54067602,12,5,7,0,2,3,3,2,0,0,0,1,0,0,1,0,0,0,0,5,3,2,5,1,4,0,0,0,1,1,0,1,0,1
55838901,53,30,23,3,28,3,4,1,0,0,0,6,1,1,6,0,6,1,5,29,18,11,12,6,6,0,0,0,6,5,1,0,0,0
55838902,1756,948,808,41,766,90,138,107,32,21,14,119,77,79,226,9,191,98,93,675,417,258,546,265,281,30,5,25,232,110,122,82,53,29
54005601,74,41,33,5,36,5,10,4,1,0,1,4,1,2,3,0,2,1,1,35,26,9,25,9,16,0,0,0,9,3,6,3,2,1
55840101,219,123,96,14,72,29,27,11,3,2,8,18,8,14,10,1,6,2,4,88,58,30,81,42,39,3,0,3,31,14,17,10,7,3
3357970,0,0,0,0,0,0,0,0,0,0,0,0,0,0,0,0,0,0,0,0,0,0,0,0,0,0,0,0,0,0,0,0,0,0
55843501,1137,607,530,9,320,90,126,66,26,40,34,124,66,91,101,8,36,23,13,272,175,97,426,216,210,23,8,15,344,164,180,36,21,15
56610101,47,27,20,1,19,1,1,5,0,1,0,5,5,1,5,3,3,2,1,23,15,8,12,5,7,3,2,1,4,1,3,2,2,0
57861401,44,25,19,3,18,5,5,2,0,0,1,3,3,0,3,0,1,1,0,17,13,4,17,8,9,1,0,1,4,0,4,4,3,1
57859201,79,55,24,7,40,4,4,3,2,3,3,3,2,0,5,0,3,2,1,51,41,10,18,7,11,2,2,0,3,1,2,2,2,0
53992901,26,15,11,8,7,0,2,2,1,1,0,3,0,0,1,0,3,1,2,12,9,3,8,2,6,0,0,0,1,1,0,2,2,0
54052801,80,47,33,1,21,9,5,4,1,1,3,10,9,3,11,0,7,3,4,30,21,9,18,10,8,1,1,0,22,10,12,2,2,0
55848601,118,67,51,6,30,9,21,13,0,4,3,9,11,5,6,0,6,3,3,46,28,18,32,19,13,3,2,1,25,12,13,6,3,3
55848602,274,149,125,6,88,25,38,19,11,6,7,22,17,15,16,0,16,8,8,87,52,35,105,54,51,4,2,2,53,26,27,9,7,2
55849401,23,12,11,0,13,3,1,1,1,0,0,0,0,1,3,0,0,0,0,16,8,8,6,3,3,0,0,0,0,0,0,1,1,0
55849402,144,85,59,10,79,4,9,7,3,1,1,5,5,8,8,0,11,8,3,74,51,23,40,15,25,2,0,2,9,6,3,8,5,3
56669101,34,18,16,1,10,1,2,5,0,0,0,1,7,2,4,1,1,0,1,10,7,3,14,7,7,0,0,0,9,4,5,0,0,0
54070601,38,23,15,3,6,6,6,2,1,2,2,5,1,0,3,0,1,1,0,15,12,3,11,5,6,1,0,1,8,4,4,2,1,1
54070602,15,11,4,0,6,1,1,0,0,1,2,0,2,1,1,0,1,0,1,5,5,0,7,5,2,0,0,0,2,1,1,0,0,0
55855901,156,94,62,14,48,15,17,16,8,1,0,7,11,8,6,0,13,7,6,76,48,28,43,21,22,0,0,0,13,9,4,11,9,2
55856701,321,176,145,12,97,39,26,17,9,8,4,16,17,15,51,1,17,6,11,128,82,46,112,57,55,5,4,1,48,18,30,11,9,2
56607101,48,25,23,2,21,1,2,6,1,0,0,2,1,5,5,1,0,0,0,24,14,10,16,7,9,3,1,2,5,3,2,0,0,0
55858301,321,170,151,19,86,31,45,20,14,9,4,18,23,23,17,2,21,11,10,114,74,40,123,60,63,8,1,7,45,18,27,10,6,4
55859101,50,30,20,4,28,0,2,0,1,0,0,2,1,6,5,0,3,2,1,21,14,7,18,9,9,0,0,0,6,4,2,2,1,1
55859102,19,15,4,1,5,3,2,1,2,0,0,1,1,1,1,0,0,0,0,10,9,1,6,3,3,0,0,0,2,2,0,1,1,0
55859103,83,51,32,3,40,4,3,8,0,2,0,3,3,5,10,1,6,4,2,33,22,11,24,11,13,0,0,0,13,9,4,7,5,2
53018202,230,135,95,20,63,20,28,10,4,6,2,13,20,15,19,1,10,6,4,70,47,23,90,53,37,4,1,3,47,21,26,9,7,2
55860502,73,39,34,4,25,5,8,2,2,2,4,5,8,7,0,0,5,1,4,26,20,6,20,7,13,3,1,2,15,7,8,4,3,1
55860503,41,25,16,0,17,3,2,3,1,3,0,6,2,3,0,0,3,1,2,16,12,4,11,5,6,0,0,0,10,6,4,1,1,0
55860504,30,21,9,1,8,3,4,3,2,0,0,2,3,1,1,1,2,2,0,15,10,5,9,8,1,0,0,0,3,1,2,1,0,1
55860505,67,37,30,0,26,2,9,2,4,1,1,8,9,1,2,0,3,2,1,26,18,8,22,7,15,0,0,0,13,7,6,3,3,0
55863001,47,28,19,9,17,2,4,2,0,1,0,2,3,3,2,0,1,1,0,23,16,7,14,6,8,0,0,0,8,5,3,1,0,1
55863002,18,11,7,3,2,6,0,2,2,0,1,1,0,0,1,0,1,1,0,9,6,3,4,1,3,0,0,0,4,3,1,0,0,0
55863003,10,6,4,0,0,1,2,3,0,0,0,1,1,1,1,0,0,0,0,6,4,2,4,2,2,0,0,0,0,0,0,0,0,0
55863004,41,23,18,3,6,4,7,2,0,0,0,8,2,5,3,0,0,0,0,15,9,6,17,12,5,2,1,1,7,1,6,0,0,0
55863005,209,117,92,17,60,17,14,15,10,1,1,11,16,19,22,1,16,10,6,97,62,35,52,25,27,2,0,2,32,13,19,10,7,3
54013701,11,7,4,2,6,0,0,1,0,0,0,0,0,0,1,1,0,0,0,7,4,3,3,2,1,0,0,0,1,1,0,0,0,0
54013702,9,7,2,3,4,0,0,1,0,0,0,1,0,0,0,0,1,0,1,5,5,0,2,1,1,0,0,0,1,1,0,0,0,0
55885101,753,408,345,13,238,62,75,44,22,18,7,83,44,53,62,7,52,23,29,221,141,80,246,122,124,21,8,13,176,88,88,37,26,11
55885103,203,117,86,6,50,22,20,15,4,5,3,27,13,17,9,0,3,1,2,48,35,13,76,38,38,5,4,1,62,35,27,9,4,5
55896601,950,523,427,43,280,74,108,67,23,27,20,75,60,66,60,4,35,18,17,288,196,92,349,172,177,21,11,10,220,104,116,37,22,15
55784601,25,13,12,3,7,2,3,2,0,1,2,4,0,0,1,0,2,2,0,8,4,4,10,5,5,0,0,0,5,2,3,0,0,0
55784602,341,183,158,17,85,29,51,27,17,10,10,24,21,19,18,1,17,7,10,108,70,38,139,69,70,8,2,6,62,31,31,7,4,3
55784603,46,24,22,5,8,2,9,4,1,1,0,5,1,3,5,0,1,0,1,13,9,4,21,11,10,0,0,0,10,4,6,1,0,1
3004110,0,0,0,0,0,0,0,0,0,0,0,0,0,0,0,0,0,0,0,0,0,0,0,0,0,0,0,0,0,0,0,0,0,0
55913001,560,302,258,7,148,52,61,30,18,21,8,58,41,45,56,2,34,25,9,118,74,44,224,112,112,11,4,7,154,75,79,19,12,7
54056101,453,256,197,14,111,26,62,13,8,30,12,51,21,32,54,3,15,9,6,90,58,32,151,81,70,10,4,6,182,99,83,5,5,0
57860601,105,54,51,1,30,11,10,4,1,1,3,9,3,5,17,0,3,2,1,27,21,6,42,17,25,2,0,2,29,12,17,2,2,0
55800101,761,402,359,11,184,89,80,50,30,28,28,63,54,57,48,3,31,16,15,214,139,75,305,147,158,23,10,13,166,76,90,22,14,8
54064101,163,86,77,2,44,15,22,8,2,4,4,16,17,10,13,2,2,2,0,51,37,14,65,22,43,5,1,4,34,21,13,6,3,3
55359001,125,77,48,8,33,16,14,18,3,4,1,13,5,4,4,0,7,4,3,56,43,13,40,20,20,6,0,6,14,8,6,2,2,0
55814101,421,226,195,25,104,33,46,38,8,13,8,38,34,33,31,2,16,9,7,124,81,43,176,90,86,11,2,9,87,41,46,7,3,4
55814102,149,88,61,14,42,12,18,16,2,7,0,8,7,12,4,0,8,3,5,57,38,19,58,34,24,4,1,3,19,9,10,3,3,0
55814103,154,78,76,9,45,9,15,16,2,3,2,11,15,15,6,1,8,4,4,61,39,22,58,25,33,1,0,1,25,10,15,1,0,1
3022360,0,0,0,0,0,0,0,0,0,0,0,0,0,0,0,0,0,0,0,0,0,0,0,0,0,0,0,0,0,0,0,0,0,0
54597001,2694,1458,1236,26,764,144,296,192,92,89,46,287,173,195,262,18,171,89,82,726,431,295,968,517,451,72,26,46,649,326,323,108,69,39
54597002,4599,2411,2188,42,1202,216,536,292,145,190,88,522,319,366,440,21,215,111,104,1182,714,468,1711,840,871,128,46,82,1206,603,603,157,97,60
54597003,5704,2919,2785,36,1551,300,661,361,165,208,99,603,434,511,545,34,257,132,125,1551,899,652,2165,1054,1111,120,38,82,1408,682,726,203,114,89
54597004,733,392,341,4,137,40,85,31,16,44,25,106,44,59,103,2,15,6,9,116,79,37,273,135,138,20,9,11,301,157,144,8,6,2
54597005,130,69,61,2,22,13,12,6,7,5,3,14,11,9,23,0,4,2,2,26,12,14,41,23,18,2,1,1,52,27,25,5,4,1
54597007,991,539,452,10,204,61,127,60,36,44,13,115,61,88,112,7,31,18,13,190,114,76,396,216,180,33,13,20,316,162,154,25,16,9
54597008,577,305,272,10,125,34,78,34,23,21,23,65,38,41,54,3,31,15,16,109,73,36,212,102,110,8,3,5,199,103,96,18,9,9
54597009,47,29,18,0,4,6,10,9,0,3,0,5,0,2,6,0,3,2,1,18,9,9,10,8,2,1,0,1,13,8,5,2,2,0
54597010,1141,598,543,16,277,89,133,58,71,47,32,139,47,58,91,9,77,50,27,250,148,102,410,214,196,28,9,19,327,146,181,49,31,18
54597011,298,150,148,4,57,11,35,11,5,18,9,44,21,29,40,1,10,8,2,19,9,10,113,57,56,4,2,2,148,72,76,4,2,2
54597012,25,13,12,1,0,0,0,0,1,0,0,0,0,0,23,0,2,1,1,8,6,2,4,3,1,2,0,2,7,2,5,2,1,1
54597013,1940,1012,928,23,507,123,229,149,54,63,35,215,118,144,193,13,111,49,62,561,340,221,678,328,350,49,23,26,455,214,241,86,58,28
54597014,574,308,266,10,135,30,58,34,21,17,9,79,28,45,67,5,26,17,9,112,61,51,226,122,104,13,5,8,180,92,88,17,11,6
54597015,185,97,88,1,37,14,13,8,3,13,3,19,11,16,38,0,4,1,3,21,11,10,69,38,31,6,2,4,83,44,39,2,1,1
54597016,108,58,50,3,27,5,16,7,2,7,2,13,8,5,9,1,4,2,2,21,13,8,50,23,27,1,0,1,32,20,12,0,0,0
54597017,13,7,6,0,3,2,0,1,1,0,0,0,2,0,4,0,0,0,0,3,1,2,4,2,2,0,0,0,6,4,2,0,0,0
54597018,189,107,82,9,56,19,27,6,9,6,1,16,5,10,13,0,10,5,5,41,25,16,68,36,32,6,4,2,51,28,23,13,9,4
54597019,616,385,231,10,137,48,63,54,25,14,6,112,31,36,49,11,29,22,7,129,95,34,126,64,62,5,2,3,173,83,90,154,119,35
54597020,271,145,126,1,55,19,24,14,6,11,9,43,16,14,40,1,7,3,4,35,21,14,84,49,35,4,1,3,130,68,62,11,3,8
54597021,4540,2410,2130,42,1288,237,478,354,130,206,71,493,301,292,431,27,324,175,149,1144,711,433,1643,814,829,137,52,85,1134,552,582,158,106,52
54597022,247,120,127,3,60,16,22,12,10,14,5,33,12,17,29,4,18,7,11,61,36,25,84,36,48,5,2,3,66,31,35,13,8,5
55797801,942,513,429,5,261,70,96,38,25,51,26,107,60,60,114,2,30,21,9,191,121,70,374,191,183,26,9,17,307,161,146,14,10,4
1223193,0,0,0,0,0,0,0,0,0,0,0,0,0,0,0,0,0,0,0,0,0,0,0,0,0,0,0,0,0,0,0,0,0,0
54598801,565,296,269,10,131,45,56,22,26,29,17,49,42,37,60,9,15,8,7,103,68,35,235,111,124,13,9,4,180,90,90,19,10,9
54598803,160,84,76,2,31,13,18,15,1,7,2,21,13,10,14,1,9,4,5,33,24,9,54,23,31,2,2,0,60,30,30,2,1,1
54598804,313,171,142,3,72,30,44,17,10,16,4,30,16,25,27,1,15,10,5,93,60,33,103,49,54,11,5,6,85,45,40,6,2,4
54598805,113,63,50,2,26,12,8,7,2,3,3,6,15,12,14,0,3,2,1,20,15,5,35,23,12,2,0,2,52,23,29,1,0,1
54598806,533,289,244,1,98,45,73,40,23,19,13,66,29,50,41,3,15,8,7,107,70,37,229,110,119,10,3,7,160,91,69,12,7,5
54598807,622,334,288,5,143,49,79,39,16,18,16,72,27,60,55,3,22,10,12,139,89,50,231,124,107,12,3,9,204,102,102,14,6,8
54598808,26,20,6,0,17,3,1,0,1,0,0,1,2,0,1,0,2,1,1,3,2,1,7,5,2,2,2,0,10,8,2,2,2,0
54598809,331,187,144,1,67,19,32,10,12,19,12,50,24,38,33,2,11,7,4,47,29,18,106,61,45,6,3,3,158,85,73,3,2,1
54598810,12,7,5,0,3,2,0,0,0,1,0,2,0,3,0,0,0,0,0,2,2,0,5,3,2,1,0,1,4,2,2,0,0,0
54598811,128,72,56,3,28,10,24,1,4,4,6,19,12,6,8,1,2,1,1,18,11,7,57,33,24,1,1,0,46,24,22,4,2,2
54598812,525,287,238,6,156,29,44,29,18,18,9,69,38,43,35,5,29,12,17,113,74,39,203,104,99,15,6,9,138,72,66,27,19,8
54598813,85,46,39,0,9,6,12,2,2,2,5,16,4,11,13,0,2,1,1,9,7,2,35,19,16,1,1,0,36,17,19,2,1,1
54598814,185,108,77,1,41,21,21,9,7,7,3,21,10,14,17,2,8,5,3,36,28,8,77,42,35,7,2,5,51,27,24,6,4,2
54598815,113,55,58,0,25,4,16,4,5,6,4,12,7,17,9,0,7,1,6,24,14,10,43,19,24,6,3,3,31,18,13,2,0,2
54598816,1093,622,471,12,306,74,131,94,41,26,19,132,60,66,71,14,77,46,31,288,181,107,356,192,164,27,10,17,208,90,118,137,103,34
54598817,94,53,41,1,23,8,14,8,4,7,0,9,6,3,6,0,5,2,3,26,18,8,33,17,16,5,1,4,19,10,9,6,5,1
54598818,305,167,138,8,75,21,38,21,7,9,8,34,15,16,27,4,19,14,5,66,48,18,124,62,62,4,2,2,82,38,44,10,3,7
54598819,1270,678,592,10,318,85,141,79,34,66,27,169,64,100,91,12,59,32,27,262,157,105,472,246,226,48,23,25,370,181,189,59,39,20
54598820,737,401,336,2,173,36,84,38,23,32,18,86,53,75,71,3,29,18,11,148,95,53,264,137,127,14,5,9,259,131,128,23,15,8
54598821,322,176,146,1,81,13,39,20,10,14,13,37,19,19,35,1,9,4,5,49,29,20,118,60,58,17,6,11,112,63,49,17,14,3
54598822,417,217,200,0,86,28,55,28,8,25,8,51,20,38,50,3,10,5,5,65,38,27,148,73,75,7,3,4,172,87,85,15,11,4
54598823,1258,693,565,11,392,74,121,77,45,57,20,161,57,78,120,9,70,37,33,258,173,85,411,226,185,26,8,18,382,175,207,111,74,37
54598824,4405,2420,1985,39,1292,297,501,323,169,191,94,568,167,225,322,36,384,225,159,1114,673,441,1430,759,671,147,68,79,1035,512,523,295,183,112
54598826,218,110,108,6,63,10,17,13,13,11,0,32,17,12,17,0,14,4,10,52,33,19,71,32,39,5,2,3,65,32,33,11,7,4
54598827,5,3,2,0,0,0,1,1,0,1,0,1,1,0,0,0,0,0,0,2,1,1,2,2,0,0,0,0,1,0,1,0,0,0
54598828,68,44,24,0,36,3,6,3,1,1,0,4,2,1,3,1,6,4,2,17,12,5,22,12,10,2,2,0,14,10,4,7,4,3
54598829,2522,1338,1184,13,676,143,309,173,76,106,50,304,168,181,205,17,106,61,45,591,351,240,887,429,458,97,42,55,703,365,338,138,90,48
54598830,1571,813,758,13,431,104,178,107,39,53,37,205,101,106,114,14,90,50,40,415,253,162,542,257,285,44,14,30,385,175,210,95,64,31
54598831,92,53,39,1,21,4,13,9,5,5,2,8,6,5,8,1,4,2,2,17,14,3,34,18,16,4,1,3,26,14,12,7,4,3
54598832,102,57,45,0,23,5,16,7,2,4,0,11,8,4,15,1,4,2,2,27,14,13,40,22,18,2,1,1,28,17,11,1,1,0
54598833,508,252,256,2,121,49,70,26,12,13,17,49,32,30,48,5,36,13,23,91,63,28,184,84,100,10,5,5,170,80,90,17,7,10
54598834,740,384,356,2,171,54,89,42,20,37,20,96,49,50,80,1,21,11,10,128,86,42,256,117,139,20,8,12,301,153,148,14,9,5
1225301,0,0,0,0,0,0,0,0,0,0,0,0,0,0,0,0,0,0,0,0,0,0,0,0,0,0,0,0,0,0,0,0,0,0
3293550,0,0,0,0,0,0,0,0,0,0,0,0,0,0,0,0,0,0,0,0,0,0,0,0,0,0,0,0,0,0,0,0,0,0
54600301,149,86,63,1,32,16,18,10,6,5,4,15,10,14,10,1,4,4,0,38,23,15,51,34,17,2,1,1,50,20,30,4,4,0
54600302,197,116,81,2,47,19,29,13,3,4,2,24,11,13,15,1,6,4,2,53,34,19,73,45,28,5,1,4,54,29,25,6,3,3
54600303,404,209,195,6,91,49,46,18,14,11,6,41,23,23,57,1,15,9,6,73,47,26,158,77,81,10,1,9,140,72,68,8,3,5
54600304,413,227,186,0,94,41,63,19,16,16,8,36,35,30,42,3,21,7,14,100,63,37,163,87,76,4,1,3,116,63,53,9,6,3
54600305,402,217,185,2,113,14,33,16,5,30,10,63,27,27,47,1,2,0,2,33,20,13,124,72,52,17,3,14,223,120,103,3,2,1
54600306,432,226,206,4,122,30,65,34,8,13,5,42,21,22,38,6,33,19,14,123,76,47,138,63,75,9,4,5,105,51,54,24,13,11
54600307,454,245,209,2,135,29,48,34,14,14,1,66,25,33,35,2,35,16,19,96,68,28,168,83,85,4,1,3,117,57,60,34,20,14
54600308,1276,693,583,11,384,46,137,90,44,55,32,156,71,96,92,10,73,33,40,320,189,131,456,234,222,31,14,17,314,166,148,82,57,25
54600309,109,57,52,1,21,11,10,6,0,2,1,13,12,8,18,0,2,1,1,26,17,9,46,24,22,3,1,2,28,13,15,4,1,3
54600310,50,32,18,1,25,2,6,5,0,0,0,7,0,1,3,0,3,3,0,4,3,1,12,7,5,2,2,0,17,11,6,12,6,6
54600311,1159,837,322,7,447,46,139,64,28,24,12,101,154,37,59,9,244,220,24,376,306,70,278,176,102,17,7,10,199,97,102,45,31,14
54600312,2311,1269,1042,22,723,142,262,126,103,94,32,299,83,128,116,29,250,126,124,544,310,234,760,429,331,61,22,39,513,262,251,183,120,63
54600313,812,470,342,8,300,28,86,59,31,32,9,98,23,35,65,7,64,29,35,198,125,73,249,140,109,45,29,16,199,110,89,57,37,20
54600314,1301,722,579,8,319,72,132,62,32,74,20,179,69,112,142,10,58,33,25,210,134,76,414,224,190,43,18,25,515,269,246,61,44,17
54600315,2299,1259,1040,20,651,138,236,128,91,99,39,294,124,154,217,17,133,74,59,459,284,175,758,387,371,66,28,38,732,391,341,151,95,56
54600316,1104,582,522,11,314,46,104,93,26,48,22,149,60,70,110,9,60,24,36,282,164,118,412,203,209,26,10,16,261,141,120,63,40,23
54600317,1169,644,525,12,297,65,125,75,76,59,19,146,60,57,93,8,124,63,61,247,150,97,396,228,168,31,16,15,280,131,149,91,56,35
54600318,178,95,83,1,50,5,17,8,3,23,5,26,7,9,18,1,7,2,5,13,6,7,65,31,34,4,1,3,88,54,34,1,1,0
54600319,1400,885,515,43,402,101,162,111,70,42,19,194,39,47,74,20,143,91,52,320,226,94,401,230,171,51,30,21,254,138,116,231,170,61
54600320,114,65,49,0,50,1,0,2,0,0,0,56,1,0,4,0,0,0,0,9,6,3,12,4,8,7,1,6,25,14,11,61,40,21
54600321,1153,634,519,12,305,80,141,83,55,47,26,169,50,53,69,12,105,55,50,289,172,117,370,207,163,38,11,27,258,129,129,93,60,33
54600322,596,405,191,3,244,17,51,41,20,22,9,90,15,34,29,7,38,19,19,88,60,28,194,130,64,22,17,5,201,143,58,53,36,17
54600323,1216,650,566,18,377,75,106,84,48,33,20,167,40,74,94,7,113,57,56,333,211,122,370,187,183,38,15,23,295,138,157,67,42,25
54600324,2399,1298,1101,15,646,141,239,154,96,119,28,290,114,204,223,17,152,83,69,512,300,212,825,429,396,62,35,27,667,323,344,181,128,53
54600325,1430,743,687,13,431,82,175,115,48,39,20,189,76,98,82,12,89,45,44,416,229,187,491,242,249,37,13,24,279,142,137,118,72,46
54600326,276,152,124,1,66,22,43,23,14,8,3,39,10,15,14,5,19,9,10,72,52,20,97,44,53,8,2,6,68,38,30,12,7,5
54600327,105,51,54,1,34,2,10,10,0,1,2,13,12,8,7,1,7,3,4,27,16,11,38,18,20,4,2,2,25,12,13,4,0,4
54600328,53,40,13,1,34,0,1,1,1,0,1,10,0,0,0,0,3,2,1,21,16,5,10,9,1,1,1,0,10,7,3,8,5,3
54600329,41,21,20,1,10,1,6,1,2,1,0,4,3,6,3,0,5,2,3,13,9,4,13,7,6,1,0,1,8,3,5,1,0,1
54600330,65,45,20,2,47,0,3,2,2,0,0,5,0,0,0,0,10,5,5,17,11,6,32,24,8,0,0,0,2,2,0,4,3,1
54600331,138,94,44,1,87,1,4,7,0,0,0,38,0,0,0,0,44,27,17,26,19,7,14,10,4,6,5,1,7,5,2,41,28,13
54600332,4005,2100,1905,26,1204,205,453,360,126,115,86,443,247,274,286,32,243,122,121,1156,666,490,1469,735,734,100,39,61,829,412,417,208,126,82
54600333,20,11,9,0,2,2,5,0,1,1,0,2,2,4,1,0,1,0,1,4,1,3,10,7,3,1,0,1,4,3,1,0,0,0
54600334,283,157,126,6,96,15,32,26,6,5,1,30,8,23,21,2,29,17,12,79,49,30,84,45,39,4,0,4,62,31,31,25,15,10
54600335,295,197,98,3,175,7,10,6,5,9,2,52,3,1,8,4,20,15,5,61,41,20,79,47,32,31,20,11,55,37,18,49,37,12
54600336,101,62,39,0,46,6,6,5,6,3,0,9,4,5,7,0,14,8,6,32,24,8,31,19,12,0,0,0,21,11,10,3,0,3
54600337,203,117,86,3,42,13,36,17,14,8,5,23,6,9,19,1,18,9,9,64,40,24,59,31,28,5,1,4,37,21,16,20,15,5
54600338,230,132,98,2,58,10,15,11,5,11,12,47,12,12,23,1,6,5,1,36,19,17,68,33,35,5,1,4,94,58,36,21,16,5
54600339,1019,549,470,11,268,39,126,53,84,39,14,153,28,56,49,11,82,40,42,243,134,109,348,198,150,31,10,21,247,122,125,68,45,23
54600340,117,55,62,0,28,14,18,6,3,4,3,10,5,13,7,0,2,1,1,22,13,9,47,23,24,1,0,1,41,15,26,4,3,1
54600341,517,285,232,5,136,56,59,38,15,17,10,62,34,36,30,3,24,13,11,140,86,54,188,99,89,9,3,6,140,71,69,16,13,3
1226290,0,0,0,0,0,0,0,0,0,0,0,0,0,0,0,0,0,0,0,0,0,0,0,0,0,0,0,0,0,0,0,0,0,0
3318210,0,0,0,0,0,0,0,0,0,0,0,0,0,0,0,0,0,0,0,0,0,0,0,0,0,0,0,0,0,0,0,0,0,0
54620801,705,378,327,9,140,57,90,34,26,34,18,106,43,44,67,8,43,27,16,122,75,47,257,134,123,8,4,4,258,130,128,17,8,9
54620802,817,422,395,9,198,49,88,71,37,30,19,93,56,48,69,5,50,30,20,184,102,82,326,158,168,19,9,10,197,97,100,41,26,15
54620803,144,76,68,4,23,13,22,11,0,5,2,19,13,11,17,0,8,5,3,19,12,7,61,36,25,2,0,2,51,22,29,3,1,2
54620804,1561,836,725,19,401,93,193,115,47,65,33,191,86,122,119,7,81,46,35,382,237,145,563,279,284,56,30,26,409,198,211,70,46,24
54620805,19,6,13,1,2,1,4,0,2,1,1,2,1,1,1,0,1,1,0,3,0,3,4,0,4,1,0,1,10,5,5,0,0,0
54620807,41,22,19,0,6,2,5,1,0,2,5,7,1,0,5,2,1,0,1,5,2,3,14,7,7,0,0,0,20,12,8,1,1,0
54620808,609,320,289,7,148,52,73,40,26,17,16,73,32,49,41,2,25,17,8,180,103,77,234,117,117,13,4,9,131,59,72,26,20,6
54620809,93,47,46,2,11,7,15,4,2,6,3,13,6,8,11,0,3,0,3,9,5,4,34,18,16,0,0,0,45,22,23,2,2,0
54620810,101,52,49,1,21,2,11,5,9,9,0,14,5,4,13,1,3,2,1,16,10,6,39,20,19,5,2,3,38,18,20,0,0,0
54620811,680,343,337,12,166,26,83,52,12,21,13,84,63,49,55,7,40,17,23,168,98,70,296,145,151,21,5,16,128,61,67,27,17,10
54620812,1746,971,775,19,440,115,216,113,57,69,36,206,103,129,141,14,84,49,35,421,278,143,616,336,280,41,6,35,477,233,244,107,69,38
54620813,21,12,9,0,9,0,1,1,0,0,0,8,0,0,2,0,1,0,1,7,5,2,9,5,4,1,1,0,1,0,1,2,1,1
54620814,265,147,118,7,65,25,39,21,10,4,5,25,19,15,15,2,14,8,6,67,47,20,93,48,45,3,1,2,75,36,39,13,7,6
54620815,574,304,270,9,152,29,66,36,23,24,14,69,36,37,51,7,38,24,14,143,89,54,203,99,104,18,8,10,142,66,76,30,18,12
54620816,32,17,15,0,6,5,5,3,1,0,1,4,0,2,3,0,1,1,0,7,4,3,13,7,6,1,0,1,10,5,5,0,0,0
54620817,1159,605,554,18,291,65,144,94,42,41,26,136,64,73,102,15,79,39,40,294,185,109,421,199,222,29,11,18,290,141,149,46,30,16
54620818,1095,590,505,11,271,70,141,74,33,41,35,130,66,83,92,8,64,36,28,298,196,102,409,196,213,19,6,13,273,132,141,32,24,8
54620820,946,512,434,9,284,55,120,76,29,29,18,100,48,55,70,9,85,46,39,259,158,101,323,164,159,23,5,18,198,101,97,58,38,20
54620821,660,341,319,2,128,46,91,29,18,37,20,80,42,57,72,4,31,15,16,124,79,45,230,107,123,11,7,4,252,129,123,12,4,8
54620822,151,79,72,0,25,6,24,13,3,13,2,23,11,9,16,0,4,1,3,7,4,3,54,30,24,6,2,4,78,40,38,2,2,0
54620823,559,305,254,6,124,47,62,33,18,25,19,66,38,40,49,0,22,12,10,98,70,28,209,89,120,11,4,7,210,122,88,9,8,1
54620824,31,18,13,0,9,1,4,0,3,1,3,4,1,1,3,0,1,1,0,8,5,3,15,7,8,0,0,0,7,5,2,0,0,0
54620825,33,19,14,1,13,2,3,3,0,1,0,6,1,0,0,1,5,2,3,12,6,6,5,3,2,0,0,0,0,0,0,11,8,3
55473101,1163,654,509,24,305,82,148,86,53,33,19,113,82,77,96,6,48,27,21,332,212,120,451,252,199,32,17,15,255,118,137,45,28,17
55473102,99,53,46,2,18,9,11,12,4,3,0,14,7,4,10,1,5,3,2,28,15,13,30,17,13,3,0,3,24,12,12,9,6,3
55475801,1022,554,468,16,250,97,118,66,18,47,31,100,58,76,101,7,56,33,23,240,152,88,365,184,181,13,3,10,322,161,161,26,21,5
55475802,171,101,70,2,49,14,10,19,5,6,3,17,7,18,11,1,9,5,4,64,40,24,52,30,22,2,1,1,39,21,18,5,4,1
55476601,535,303,232,8,152,51,63,29,18,17,8,51,36,41,43,1,30,15,15,181,129,52,164,82,82,5,0,5,132,65,67,23,12,11
55476602,22,12,10,0,3,1,2,2,1,2,0,1,0,3,7,0,0,0,0,2,2,0,11,5,6,0,0,0,9,5,4,0,0,0
55477401,1023,552,471,10,210,78,127,52,30,42,36,127,61,87,106,3,34,19,15,165,111,54,376,200,176,22,6,16,406,204,202,20,12,8
55919901,80,43,37,0,26,6,1,7,2,5,2,11,4,5,6,1,3,3,0,11,2,9,30,19,11,3,2,1,31,16,15,2,1,1
55919902,433,236,197,12,102,31,44,36,19,21,20,37,24,33,35,4,33,16,17,122,72,50,132,68,64,9,5,4,115,56,59,22,19,3
55837101,144,76,68,3,48,6,21,13,3,7,6,12,8,8,5,1,3,3,0,44,27,17,65,32,33,0,0,0,29,13,16,3,1,2
55837102,358,207,151,11,116,34,44,22,6,14,7,36,24,17,15,1,14,8,6,113,77,36,134,70,64,6,4,2,79,38,41,12,10,2
55837103,249,138,111,1,79,17,20,22,4,5,3,19,22,17,21,0,15,8,7,71,48,23,87,46,41,5,2,3,64,29,35,7,5,2
55837104,101,56,45,0,29,11,16,9,0,7,0,7,8,6,5,0,4,2,2,25,18,7,44,23,21,1,0,1,23,11,12,4,2,2
55837105,1812,968,844,25,476,104,223,118,55,75,38,196,106,162,154,4,73,37,36,424,291,133,650,321,329,35,10,25,568,275,293,62,34,28
55842701,50,31,19,5,10,5,6,4,3,1,3,3,5,2,3,0,4,2,2,22,16,6,17,11,6,3,2,1,3,0,3,1,0,1
55842702,249,134,115,8,62,22,24,16,10,5,6,24,17,18,20,2,7,4,3,65,46,19,88,43,45,5,1,4,78,37,41,6,3,3
55842703,51,28,23,3,10,7,6,2,3,1,1,3,3,5,3,0,0,0,0,12,7,5,21,12,9,1,0,1,17,9,8,0,0,0
55842704,1106,613,493,24,345,83,123,74,28,31,18,114,60,82,74,7,35,22,13,325,222,103,418,207,211,20,9,11,271,132,139,37,21,16
53974101,156,85,71,7,36,22,13,11,7,9,5,14,7,15,8,0,8,4,4,48,38,10,55,25,30,4,0,4,37,16,21,4,2,2
53974102,52,26,26,1,18,5,3,3,2,0,1,9,2,4,3,0,4,2,2,17,11,6,16,6,10,2,0,2,9,4,5,4,3,1
53974103,113,65,48,2,33,7,21,8,3,2,4,10,6,10,5,0,1,1,0,25,19,6,53,28,25,2,2,0,27,14,13,5,1,4
55846001,558,308,250,12,145,36,86,41,20,24,7,49,36,46,37,1,16,9,7,158,103,55,220,115,105,10,2,8,143,71,72,11,8,3
56675601,395,228,167,12,114,33,57,31,4,9,12,31,33,22,29,2,19,11,8,117,80,37,160,82,78,5,1,4,79,41,38,15,13,2
56675602,12,7,5,1,4,1,0,0,0,1,0,1,3,1,0,0,0,0,0,5,4,1,4,2,2,0,0,0,2,1,1,1,0,1
55865601,196,111,85,28,75,15,19,8,2,1,1,8,17,12,6,1,25,9,16,108,66,42,37,18,19,0,0,0,12,7,5,14,11,3
55865602,11,9,2,0,5,2,1,1,0,0,0,1,0,0,0,0,1,1,0,6,5,1,2,2,0,0,0,0,2,1,1,0,0,0
55865604,30,19,11,13,8,0,1,4,0,0,0,2,0,1,1,0,6,3,3,17,10,7,3,3,0,0,0,0,2,1,1,2,2,0
55865605,31,16,15,2,10,0,2,6,0,0,0,2,2,2,4,0,3,2,1,13,7,6,9,4,5,1,0,1,3,1,2,2,2,0
55865606,9,7,2,0,5,0,0,3,0,0,0,0,1,0,0,0,0,0,0,7,5,2,2,2,0,0,0,0,0,0,0,0,0,0
55865607,7,7,0,1,0,1,0,4,0,0,0,0,0,0,0,1,1,1,0,5,5,0,1,1,0,0,0,0,0,0,0,0,0,0
55865609,9,6,3,0,6,0,0,0,1,0,0,0,0,1,1,0,0,0,0,3,2,1,5,4,1,0,0,0,1,0,1,0,0,0
55865610,9,5,4,1,3,1,0,1,0,0,0,1,0,0,1,0,1,0,1,4,4,0,3,1,2,1,0,1,0,0,0,0,0,0
53023901,36,22,14,9,10,1,2,1,1,2,0,1,1,3,3,0,1,0,1,11,8,3,11,8,3,0,0,0,7,3,4,6,3,3
55867201,449,255,194,5,173,39,32,45,14,12,6,34,27,21,22,2,43,23,20,198,132,66,135,61,74,10,3,7,44,24,20,19,12,7
56676401,27,16,11,7,9,1,3,4,1,0,0,0,0,1,1,0,4,1,3,16,11,5,2,1,1,0,0,0,2,1,1,3,2,1
56647101,29,17,12,3,3,4,2,2,0,1,0,3,2,3,4,0,1,1,0,9,5,4,11,6,5,0,0,0,8,5,3,0,0,0
56647102,10,6,4,1,2,2,0,0,1,0,0,0,0,1,2,0,1,1,0,4,2,2,2,2,0,0,0,0,3,1,2,0,0,0
56648901,34,20,14,6,10,3,1,1,4,1,0,4,1,2,1,0,5,3,2,9,6,3,13,9,4,0,0,0,6,1,5,1,1,0
55869901,79,45,34,3,29,6,4,4,4,2,3,6,2,6,8,0,5,3,2,36,26,10,19,8,11,0,0,0,17,6,11,2,2,0
55871101,11,6,5,5,4,1,1,0,0,0,0,0,0,0,0,0,0,0,0,7,4,3,3,2,1,0,0,0,1,0,1,0,0,0
55871102,152,87,65,12,57,14,19,11,4,3,2,6,5,10,2,3,15,10,5,58,38,20,52,25,27,2,1,1,17,7,10,8,6,2
56663201,39,19,20,12,13,0,3,1,0,0,0,2,1,0,5,0,3,0,3,16,9,7,18,9,9,0,0,0,2,1,1,0,0,0
53032801,31,18,13,4,10,2,3,1,1,0,0,3,0,1,1,1,3,3,0,14,7,7,11,6,5,0,0,0,2,1,1,1,1,0
53032802,57,34,23,10,22,3,2,1,4,2,0,4,7,0,1,0,4,3,1,25,16,9,15,8,7,0,0,0,7,4,3,6,3,3
55874501,15,7,8,0,3,2,3,1,1,0,0,0,1,1,1,0,2,0,2,5,4,1,5,3,2,0,0,0,3,0,3,0,0,0
55874502,289,154,135,4,79,13,49,13,6,20,3,24,23,20,24,0,8,3,5,87,62,25,123,57,66,6,2,4,59,26,33,6,4,2
55877001,42,24,18,11,15,4,4,1,0,1,0,0,1,0,2,1,2,0,2,21,15,6,12,7,5,2,1,1,2,0,2,3,1,2
55877002,168,89,79,19,56,12,21,9,1,2,1,14,6,14,3,0,9,2,7,65,45,20,58,28,30,2,2,0,31,9,22,3,3,0
55878801,125,69,56,5,44,14,17,9,6,1,0,8,6,5,7,0,6,2,4,54,35,19,44,22,22,1,0,1,16,8,8,4,2,2
55878802,20,10,10,2,4,1,2,0,2,0,0,2,1,3,0,1,1,0,1,6,4,2,6,3,3,1,0,1,6,3,3,0,0,0
55879601,237,137,100,5,70,19,32,14,4,5,0,13,6,27,34,1,20,5,15,86,63,23,80,45,35,5,2,3,42,20,22,4,2,2
55880001,10,7,3,0,4,0,1,2,0,0,0,1,1,0,1,0,3,2,1,3,2,1,3,2,1,1,1,0,0,0,0,0,0,0
55880002,17,9,8,1,7,1,2,0,0,0,0,2,3,0,1,0,0,0,0,9,6,3,6,2,4,0,0,0,2,1,1,0,0,0
57866501,57,33,24,10,13,2,4,6,2,2,1,1,2,3,11,0,2,0,2,22,17,5,24,11,13,1,0,1,6,4,2,2,1,1
57866504,24,14,10,0,7,1,2,3,1,1,0,2,0,2,4,0,5,2,3,8,6,2,3,2,1,0,0,0,7,3,4,1,1,0
55883401,396,216,180,13,106,45,56,28,11,12,8,27,23,26,27,1,16,9,7,133,90,43,154,77,77,11,3,8,71,31,40,11,6,5
55886901,59,35,24,4,23,7,2,4,1,0,0,7,4,3,1,0,9,5,4,19,14,5,21,11,10,2,1,1,6,3,3,2,1,1
55886902,67,33,34,2,35,1,6,7,3,0,0,3,1,2,3,1,8,3,5,30,16,14,22,11,11,1,0,1,1,1,0,5,2,3
55886903,45,27,18,1,21,1,6,5,0,1,0,5,4,0,1,0,7,4,3,13,9,4,19,11,8,1,0,1,2,0,2,3,3,0
55886904,37,24,13,1,19,2,0,5,1,0,0,6,1,0,0,1,3,2,1,11,8,3,7,5,2,1,0,1,2,0,2,13,9,4
55886905,156,88,68,8,85,8,8,11,4,0,0,8,3,8,9,1,16,12,4,64,46,18,55,21,34,2,0,2,12,7,5,7,2,5
55886906,494,280,214,22,294,19,28,30,9,8,2,27,7,22,17,0,71,38,33,230,144,86,131,66,65,3,1,2,31,11,20,28,20,8
56639001,41,26,15,7,10,7,1,4,4,0,0,2,1,0,2,0,3,1,2,23,18,5,9,4,5,0,0,0,6,3,3,0,0,0
53022101,51,30,21,3,20,1,5,5,1,0,0,7,3,2,1,0,4,2,2,23,16,7,18,9,9,0,0,0,2,0,2,4,3,1
56673001,18,11,7,9,5,2,0,0,0,0,0,0,0,0,1,1,1,0,1,9,7,2,5,2,3,1,0,1,1,1,0,1,1,0
55887701,15,9,6,1,7,1,4,1,0,0,0,1,0,0,0,0,0,0,0,6,3,3,8,6,2,0,0,0,1,0,1,0,0,0
55887702,142,84,58,8,52,5,21,11,3,0,0,7,5,7,20,0,5,4,1,56,39,17,47,26,21,3,0,3,26,11,15,5,4,1
55887703,44,26,18,5,9,8,4,1,1,0,1,2,4,2,4,1,1,1,0,17,13,4,11,6,5,0,0,0,12,5,7,3,1,2
55887704,44,28,16,4,10,6,4,5,2,1,1,3,3,1,1,0,2,2,0,11,8,3,21,14,7,0,0,0,8,3,5,2,1,1
55887705,62,34,28,3,21,2,11,6,5,2,0,2,3,3,2,0,4,2,2,21,16,5,25,10,15,1,0,1,9,5,4,2,1,1
55888501,1733,924,809,15,591,99,184,121,45,56,18,117,107,121,195,13,106,51,55,636,380,256,635,312,323,29,11,18,251,123,128,76,47,29
55888502,316,175,141,4,134,17,28,29,5,4,3,19,14,26,19,2,21,11,10,141,87,54,97,47,50,7,4,3,38,16,22,12,10,2
55891501,253,144,109,16,75,22,18,11,9,8,10,24,20,13,19,0,9,4,5,88,59,29,90,43,47,6,2,4,50,26,24,10,10,0
55891502,75,43,32,4,28,2,8,5,2,0,0,10,4,5,6,0,4,2,2,30,19,11,29,16,13,0,0,0,10,5,5,2,1,1
55891503,229,131,98,23,63,14,26,16,4,8,2,23,17,10,12,2,14,6,8,95,57,38,79,45,34,2,0,2,33,19,14,6,4,2
55891504,19,11,8,2,4,1,2,0,1,0,0,3,0,3,3,0,1,0,1,5,5,0,6,2,4,2,1,1,5,3,2,0,0,0
55891505,37,19,18,5,7,1,9,1,1,0,1,3,4,4,1,0,2,1,1,11,8,3,14,8,6,0,0,0,10,2,8,0,0,0
55891506,53,33,20,4,14,8,6,0,2,2,0,5,2,2,6,1,3,0,3,16,14,2,17,11,6,1,0,1,10,4,6,6,4,2
55893101,30,17,13,5,3,1,0,5,0,2,1,1,2,3,6,0,1,0,1,10,8,2,14,7,7,0,0,0,4,1,3,1,1,0
55893102,106,60,46,21,39,6,5,8,6,0,0,8,5,1,4,0,6,1,5,36,25,11,45,25,20,2,0,2,16,8,8,1,1,0
55894001,560,311,249,13,134,57,59,43,20,20,12,47,38,42,46,5,19,10,9,182,114,68,203,104,99,3,1,2,127,64,63,26,18,8
55894002,136,69,67,2,23,13,13,2,6,6,0,19,9,18,15,1,2,1,1,18,12,6,50,24,26,5,2,3,59,30,29,2,0,2
55897401,105,64,41,11,33,9,12,8,4,2,1,6,1,8,7,2,6,2,4,48,34,14,28,14,14,1,0,1,14,7,7,8,7,1
55898201,65,41,24,4,17,5,9,7,0,4,1,7,5,2,4,0,3,1,2,27,20,7,21,10,11,0,0,0,12,8,4,2,2,0
55899101,78,38,40,7,23,14,5,6,3,1,0,6,2,2,5,1,7,3,4,39,23,16,22,7,15,1,0,1,6,3,3,3,2,1
55900801,1497,803,694,22,604,83,153,121,41,32,8,96,93,95,101,6,81,42,39,575,351,224,522,252,270,29,13,16,226,102,124,64,43,21
53818301,66,33,33,1,35,5,2,8,0,0,1,3,3,3,3,0,9,5,4,29,15,14,14,7,7,1,0,1,8,2,6,5,4,1
57877101,58,34,24,12,14,6,8,1,0,0,1,5,4,1,5,0,7,2,5,28,22,6,17,8,9,0,0,0,4,1,3,2,1,1
55902401,56,33,23,8,14,3,5,5,3,1,0,1,4,1,7,0,1,0,1,21,13,8,24,14,10,1,0,1,6,4,2,3,2,1
55903201,15,10,5,1,2,3,3,1,1,0,0,0,0,2,1,0,0,0,0,8,7,1,4,2,2,0,0,0,2,0,2,1,1,0
55903202,41,24,17,14,5,2,5,1,0,0,2,3,4,2,3,0,2,1,1,20,15,5,12,4,8,0,0,0,7,4,3,0,0,0
55904101,25,15,10,2,11,1,2,2,2,0,2,2,0,0,0,0,3,0,3,10,9,1,8,4,4,0,0,0,4,2,2,0,0,0
55904103,24,11,13,4,2,0,2,3,0,0,2,1,3,3,2,2,1,0,1,6,4,2,10,5,5,0,0,0,6,1,5,1,1,0
55904104,233,134,99,16,57,23,20,15,9,4,4,14,18,19,23,3,8,6,2,92,56,36,90,53,37,3,2,1,33,11,22,7,6,1
55904105,41,26,15,11,15,5,1,1,0,0,1,1,3,3,0,0,2,0,2,22,17,5,11,6,5,0,0,0,6,3,3,0,0,0
55905901,520,290,230,11,174,54,64,34,12,16,5,33,33,35,37,2,35,19,16,219,140,79,174,88,86,4,1,3,73,31,42,15,11,4
55906701,27,18,9,8,6,3,1,0,2,0,0,0,1,2,3,0,0,0,0,12,8,4,12,8,4,0,0,0,2,1,1,1,1,0
55906702,67,37,30,16,23,3,4,0,0,1,0,8,1,1,7,1,7,5,2,31,18,13,18,10,8,1,0,1,6,1,5,4,3,1
55906703,20,12,8,7,7,0,2,1,1,0,0,1,1,0,0,0,1,0,1,11,8,3,5,2,3,0,0,0,2,2,0,1,0,1
55906704,47,25,22,14,8,4,6,2,1,1,1,2,0,3,3,1,5,3,2,21,16,5,17,6,11,1,0,1,3,0,3,0,0,0
55906706,565,314,251,68,184,34,60,31,11,6,2,42,34,37,33,7,43,22,21,239,146,93,166,83,83,11,3,8,70,31,39,36,29,7
3023680,0,0,0,0,0,0,0,0,0,0,0,0,0,0,0,0,0,0,0,0,0,0,0,0,0,0,0,0,0,0,0,0,0,0
3363010,0,0,0,0,0,0,0,0,0,0,0,0,0,0,0,0,0,0,0,0,0,0,0,0,0,0,0,0,0,0,0,0,0,0
3363190,0,0,0,0,0,0,0,0,0,0,0,0,0,0,0,0,0,0,0,0,0,0,0,0,0,0,0,0,0,0,0,0,0,0
55907501,31,16,15,10,4,0,7,0,1,0,0,1,1,3,3,1,0,0,0,15,9,6,13,6,7,0,0,0,2,1,1,1,0,1
55907502,60,35,25,10,16,12,5,2,0,0,0,5,1,4,4,0,4,3,1,28,19,9,22,10,12,1,1,0,5,2,3,0,0,0
55907503,7,5,2,3,1,0,2,0,0,0,0,0,0,0,0,0,2,1,1,3,3,0,0,0,0,0,0,0,2,1,1,0,0,0
55907504,22,15,7,7,6,1,2,0,0,0,0,4,0,1,1,0,0,0,0,7,4,3,8,8,0,0,0,0,2,0,2,5,3,2
55907505,23,16,7,1,4,4,5,1,0,0,0,3,1,1,0,0,1,1,0,8,6,2,10,5,5,0,0,0,3,3,0,1,1,0
55907506,757,406,351,67,210,38,82,64,25,14,8,31,51,80,54,5,39,17,22,277,181,96,282,139,143,12,3,9,122,55,67,25,11,14
55907507,677,368,309,47,174,38,76,54,12,10,7,51,57,64,47,8,32,20,12,257,173,84,254,107,147,11,2,9,103,54,49,20,12,8
55907509,76,40,36,5,29,4,6,5,3,0,1,2,4,6,5,2,6,3,3,36,20,16,24,13,11,1,1,0,8,2,6,1,1,0
55907510,27,19,8,4,11,2,2,1,1,0,0,2,2,2,0,0,3,1,2,11,10,1,9,6,3,0,0,0,4,2,2,0,0,0
55908301,98,58,40,5,42,9,10,6,0,0,1,5,6,4,7,0,2,0,2,36,27,9,35,19,16,5,1,4,13,7,6,7,4,3
55908302,71,39,32,3,29,3,4,5,1,2,0,2,8,3,5,1,3,1,2,24,14,10,25,13,12,3,1,2,13,9,4,3,1,2
55909102,63,37,26,7,14,4,5,11,2,0,0,2,5,4,6,0,11,5,6,25,14,11,16,11,5,0,0,0,6,3,3,5,4,1
55909103,29,20,9,6,10,2,2,6,0,1,0,0,1,1,0,0,5,3,2,17,14,3,5,3,2,1,0,1,1,0,1,0,0,0
55909104,16,8,8,1,3,0,0,0,3,0,0,2,0,2,3,0,1,0,1,1,1,0,9,4,5,2,0,2,3,3,0,0,0,0
55909105,16,9,7,4,4,1,2,1,0,0,0,0,0,2,1,0,0,0,0,6,4,2,9,5,4,0,0,0,1,0,1,0,0,0
55910501,91,59,32,16,37,15,5,3,4,1,0,4,2,1,2,0,10,4,6,50,35,15,20,11,9,0,0,0,4,2,2,7,7,0
55910503,11,6,5,0,4,2,2,0,0,0,1,2,0,0,0,0,0,0,0,7,6,1,4,0,4,0,0,0,0,0,0,0,0,0
55910504,15,9,6,2,7,3,0,1,0,0,0,0,2,0,0,0,1,1,0,7,6,1,7,2,5,0,0,0,0,0,0,0,0,0
55912101,93,52,41,10,30,9,9,5,3,2,3,3,5,3,8,1,9,7,2,44,24,20,23,12,11,3,0,3,9,4,5,5,5,0
55914801,451,244,207,17,98,38,62,40,11,10,10,43,38,27,42,2,22,11,11,128,83,45,188,95,93,4,1,3,93,41,52,16,13,3
55916401,253,144,109,4,76,26,32,10,7,6,5,37,13,13,8,1,18,6,12,82,59,23,105,54,51,1,1,0,44,22,22,3,2,1
55916402,1213,662,551,13,439,84,127,84,32,25,18,120,76,64,82,10,83,32,51,456,286,170,412,207,205,19,4,15,177,91,86,66,42,24
55917201,38,19,19,4,10,4,7,0,3,0,0,2,1,1,3,1,1,0,1,17,12,5,16,6,10,0,0,0,4,1,3,0,0,0
55917202,32,22,10,0,10,2,6,3,0,2,0,2,1,1,4,0,4,4,0,10,8,2,9,5,4,0,0,0,8,4,4,1,1,0
55917203,14,6,8,1,5,0,2,1,2,0,0,2,1,0,0,0,2,1,1,5,2,3,6,3,3,0,0,0,0,0,0,1,0,1
55917204,17,10,7,1,2,3,1,0,1,1,0,2,2,0,0,1,1,1,0,9,6,3,2,2,0,0,0,0,3,0,3,2,1,1
55917205,32,21,11,1,12,2,6,3,0,0,1,3,1,1,1,0,2,1,1,15,10,5,13,10,3,0,0,0,2,0,2,0,0,0
55917207,177,94,83,18,57,13,21,10,4,3,2,12,14,7,11,2,16,5,11,76,43,33,49,27,22,2,0,2,20,12,8,14,7,7
55917209,36,20,16,5,14,3,5,1,0,1,0,2,0,1,2,0,4,1,3,13,8,5,6,3,3,0,0,0,3,1,2,10,7,3
55917210,15,9,6,2,6,1,1,1,1,0,0,1,0,1,0,0,1,0,1,9,8,1,4,1,3,0,0,0,1,0,1,0,0,0
55917211,19,10,9,3,5,1,2,2,1,0,0,1,1,2,1,0,3,2,1,6,4,2,10,4,6,0,0,0,0,0,0,0,0,0
56642001,92,51,41,7,26,14,10,5,5,0,1,2,6,1,12,1,7,4,3,41,30,11,30,11,19,2,0,2,8,3,5,4,3,1
56642002,15,8,7,2,2,3,2,1,0,0,0,0,1,1,2,1,1,0,1,7,5,2,4,1,3,1,0,1,1,1,0,1,1,0
56646201,64,35,29,4,26,3,9,7,2,0,0,4,4,1,2,1,6,1,5,36,22,14,16,7,9,1,1,0,3,2,1,2,2,0
56644601,137,86,51,3,45,11,14,15,3,5,1,14,6,5,10,0,8,6,2,55,35,20,50,29,21,2,1,1,14,8,6,8,7,1
0915020,0,0,0,0,0,0,0,0,0,0,0,0,0,0,0,0,0,0,0,0,0,0,0,0,0,0,0,0,0,0,0,0,0,0
55920201,13,8,5,4,6,1,1,0,0,0,0,0,1,0,0,0,0,0,0,7,5,2,5,2,3,0,0,0,1,1,0,0,0,0
55920203,11,8,3,2,3,1,2,0,1,0,0,1,0,0,0,1,0,0,0,8,6,2,2,1,1,0,0,0,1,1,0,0,0,0
55920205,349,197,152,38,62,23,39,30,16,8,2,19,46,28,20,3,12,7,5,144,92,52,111,54,57,5,3,2,62,32,30,15,9,6
55920206,36,21,15,5,10,6,7,3,3,0,0,1,0,1,0,0,0,0,0,19,15,4,12,4,8,0,0,0,4,1,3,1,1,0
55920209,21,15,6,7,3,2,0,4,0,1,0,3,0,0,1,0,0,0,0,14,12,2,3,2,1,0,0,0,4,1,3,0,0,0
55920210,28,19,9,8,10,4,0,3,1,0,0,1,0,1,0,0,2,1,1,21,15,6,4,2,2,0,0,0,0,0,0,1,1,0
55920212,12,6,6,0,2,1,1,0,1,0,0,0,1,1,4,0,0,0,0,4,2,2,4,2,2,0,0,0,4,2,2,0,0,0
55920213,50,30,20,12,10,2,0,6,3,1,1,2,2,1,6,1,5,3,2,21,14,7,17,7,10,0,0,0,5,4,1,2,2,0
55920214,17,8,9,0,2,2,4,0,0,1,0,1,4,2,0,0,0,0,0,3,1,2,9,4,5,1,1,0,4,2,2,0,0,0
55921101,27,17,10,3,10,3,0,3,0,0,0,1,1,3,2,0,1,1,0,9,7,2,13,6,7,0,0,0,3,2,1,1,1,0
55921102,1084,603,481,22,409,98,122,56,27,24,9,82,58,79,60,6,62,33,29,424,274,150,353,179,174,22,5,17,179,84,95,44,28,16
55923701,7,7,0,2,2,0,0,0,0,0,0,1,0,0,0,0,1,1,0,3,3,0,3,3,0,0,0,0,0,0,0,0,0,0
55923702,44,26,18,4,12,3,6,3,1,0,1,5,4,3,1,1,3,2,1,20,15,5,16,8,8,0,0,0,5,1,4,0,0,0
55923703,202,115,87,32,61,13,12,25,3,1,2,5,19,9,15,2,4,2,2,87,63,24,77,34,43,5,1,4,21,10,11,8,5,3
55923704,10,6,4,1,2,2,1,1,0,0,1,2,0,0,0,0,0,0,0,4,4,0,5,2,3,0,0,0,1,0,1,0,0,0
55923706,12,7,5,5,5,0,0,0,0,0,0,0,0,1,0,1,1,0,1,5,3,2,3,3,0,0,0,0,3,1,2,0,0,0
55924501,180,90,90,5,67,14,18,12,3,2,1,13,9,15,17,0,11,6,5,58,35,23,68,31,37,5,1,4,30,10,20,8,7,1
56654301,113,64,49,1,48,18,5,6,1,2,2,10,4,8,5,1,11,5,6,44,29,15,25,13,12,2,1,1,25,12,13,6,4,2
55925301,68,35,33,3,19,4,8,6,3,1,1,5,5,4,7,0,4,1,3,22,15,7,26,12,14,0,0,0,13,5,8,3,2,1
1020410,0,0,0,0,0,0,0,0,0,0,0,0,0,0,0,0,0,0,0,0,0,0,0,0,0,0,0,0,0,0,0,0,0,0
55926101,44,25,19,8,11,4,6,3,2,0,0,1,2,1,5,0,4,2,2,23,14,9,10,5,5,0,0,0,7,4,3,0,0,0
55926102,12,8,4,2,1,2,0,0,1,0,0,4,1,0,0,0,0,0,0,6,5,1,3,2,1,0,0,0,3,1,2,0,0,0
55926104,31,19,12,12,5,3,0,3,1,1,1,0,1,2,2,0,5,3,2,15,11,4,9,4,5,0,0,0,0,0,0,2,1,1
55926107,17,12,5,3,1,5,0,0,2,0,0,0,0,1,0,2,1,0,1,11,7,4,2,2,0,0,0,0,3,3,0,0,0,0
55926108,139,81,58,15,27,23,13,10,9,1,0,7,11,8,7,1,18,6,12,64,42,22,38,22,16,3,2,1,6,2,4,10,7,3
55926111,20,10,10,4,4,1,1,1,1,1,0,4,0,2,0,0,1,1,0,7,4,3,7,3,4,0,0,0,4,1,3,1,1,0
55927001,26,18,8,3,8,5,5,1,1,0,0,0,1,0,2,0,1,0,1,14,11,3,7,5,2,1,0,1,1,0,1,2,2,0
55927002,244,139,105,10,65,18,35,23,8,6,1,21,23,17,11,1,10,5,5,90,65,25,87,43,44,7,2,5,46,21,25,4,3,1
55928801,166,92,74,2,51,20,17,10,3,4,2,20,11,7,13,0,6,3,3,61,42,19,54,25,29,3,1,2,32,16,16,10,5,5
3089860,0,0,0,0,0,0,0,0,0,0,0,0,0,0,0,0,0,0,0,0,0,0,0,0,0,0,0,0,0,0,0,0,0,0
3312360,0,0,0,0,0,0,0,0,0,0,0,0,0,0,0,0,0,0,0,0,0,0,0,0,0,0,0,0,0,0,0,0,0,0
55930001,136,75,61,6,60,12,15,12,3,3,1,7,4,3,6,0,9,5,4,60,42,18,42,19,23,3,0,3,7,2,5,15,7,8
55930002,256,145,111,6,106,26,23,24,6,3,1,12,13,17,15,1,25,16,9,101,71,30,92,45,47,2,1,1,31,9,22,5,3,2
55930003,50,27,23,0,20,4,3,2,0,2,1,3,4,5,5,0,0,0,0,12,7,5,26,13,13,1,0,1,10,6,4,1,1,0
55930004,536,289,247,5,264,27,46,48,10,9,4,39,25,24,27,2,61,28,33,216,133,83,170,74,96,3,1,2,60,31,29,26,22,4
55930005,1501,807,694,7,702,98,123,127,33,26,13,124,42,73,90,6,167,79,88,648,404,244,458,221,237,18,4,14,159,67,92,51,32,19
55930006,42,24,18,0,27,1,1,3,1,1,1,4,1,0,1,0,8,5,3,20,11,9,9,4,5,0,0,0,0,0,0,5,4,1
55930007,193,94,99,2,77,16,23,21,5,5,3,12,5,7,11,0,21,8,13,84,50,34,61,27,34,1,0,1,23,8,15,3,1,2
55930008,24,12,12,1,9,1,5,2,0,0,0,1,1,0,2,1,2,0,2,9,6,3,7,3,4,0,0,0,0,0,0,6,3,3
55930009,71,45,26,2,31,7,7,6,2,1,1,5,2,3,3,0,6,2,4,35,24,11,21,12,9,0,0,0,4,3,1,5,4,1
55930010,388,227,161,5,137,30,47,44,7,5,3,29,20,20,22,2,49,28,21,126,81,45,119,65,54,5,2,3,52,24,28,37,27,10
55930011,36,18,18,0,18,0,4,5,1,0,0,4,1,2,0,1,22,10,12,9,5,4,3,2,1,0,0,0,0,0,0,2,1,1
55930012,168,96,72,0,70,12,12,11,0,4,2,17,5,16,15,1,8,4,4,60,43,17,60,32,28,4,2,2,31,12,19,5,3,2
55931801,292,156,136,7,88,18,43,24,6,3,4,20,22,20,21,2,13,7,6,122,76,46,96,43,53,8,2,6,38,17,21,15,11,4
55932601,24,14,10,4,8,1,2,3,3,0,0,0,2,0,0,0,1,0,1,9,6,3,9,6,3,1,0,1,1,0,1,3,2,1
55932602,30,17,13,9,12,1,1,2,0,1,0,1,0,2,0,0,3,1,2,18,11,7,5,2,3,0,0,0,3,2,1,1,1,0
55932603,39,22,17,7,11,3,4,4,1,0,0,0,3,1,3,0,6,4,2,20,13,7,12,4,8,0,0,0,0,0,0,1,1,0
56678101,33,20,13,10,9,1,0,3,0,0,0,3,1,1,3,1,3,1,2,20,14,6,7,4,3,1,0,1,1,0,1,1,1,0
55933402,55,30,25,6,20,4,3,8,1,0,2,6,3,1,1,0,5,0,5,28,18,10,16,7,9,0,0,0,5,4,1,1,1,0
55933403,19,10,9,1,9,1,1,1,1,0,0,0,1,3,0,0,2,1,1,8,5,3,5,2,3,0,0,0,3,2,1,1,0,1
55933404,28,16,12,6,14,2,1,2,0,0,0,0,2,0,1,0,4,1,3,16,10,6,4,2,2,0,0,0,1,0,1,3,3,0
55933406,293,159,134,37,123,26,15,23,9,0,2,15,12,19,9,0,22,13,9,149,96,53,78,28,50,0,0,0,25,8,17,19,14,5
53033602,17,11,6,4,3,2,2,1,0,0,0,0,4,0,0,0,0,0,0,7,4,3,6,3,3,0,0,0,2,2,0,2,2,0
53033604,62,37,25,9,15,3,11,5,0,1,1,4,7,1,2,0,4,3,1,19,16,3,25,11,14,1,0,1,7,2,5,6,5,1
53033605,36,21,15,9,7,0,4,2,0,0,1,4,3,2,3,0,1,0,1,16,12,4,12,6,6,0,0,0,7,3,4,0,0,0
55935101,9,6,3,2,3,0,3,0,0,0,0,0,0,1,0,0,0,0,0,5,5,0,3,1,2,0,0,0,1,0,1,0,0,0
55935102,79,43,36,2,18,14,6,6,1,1,0,4,9,5,5,1,1,0,1,36,25,11,26,13,13,4,0,4,10,3,7,2,2,0
55935103,102,58,44,7,30,3,12,15,2,0,0,5,7,4,14,2,9,4,5,48,34,14,29,13,16,2,0,2,12,6,6,2,1,1
55935104,30,20,10,4,9,2,2,3,0,0,0,3,1,5,1,0,2,2,0,12,12,0,11,2,9,0,0,0,2,1,1,3,3,0
55935105,87,49,38,6,31,7,14,2,2,1,0,9,5,3,5,0,6,5,1,45,32,13,26,8,18,0,0,0,7,2,5,3,2,1
55935106,974,537,437,35,296,63,90,75,22,23,15,88,56,97,68,6,38,23,15,316,212,104,340,169,171,24,7,17,209,96,113,47,30,17
55935107,77,46,31,11,29,1,12,3,0,1,0,4,6,4,4,0,4,3,1,32,19,13,27,14,13,0,0,0,13,10,3,1,0,1
55936901,129,72,57,5,35,17,14,8,3,1,0,9,13,10,10,1,9,7,2,38,26,12,47,24,23,6,3,3,25,11,14,4,1,3
55936902,29,13,16,1,9,2,6,2,1,0,0,1,4,1,2,0,0,0,0,14,7,7,13,6,7,1,0,1,1,0,1,0,0,0
55937701,18,13,5,0,8,0,3,3,0,1,0,1,0,2,0,0,1,1,0,12,8,4,4,4,0,0,0,0,1,0,1,0,0,0
55937702,144,85,59,4,57,15,11,15,0,2,0,11,10,7,8,1,14,5,9,64,45,19,47,24,23,2,0,2,12,7,5,5,4,1
55937703,40,27,13,3,13,4,0,3,0,1,0,3,2,6,4,1,0,0,0,19,14,5,11,8,3,1,0,1,8,4,4,1,1,0
53024701,74,38,36,14,15,4,7,3,2,0,1,7,5,10,5,0,0,0,0,28,16,12,24,12,12,1,0,1,17,9,8,4,1,3
55939301,30,18,12,1,12,1,8,1,0,0,1,1,3,1,0,0,2,0,2,13,11,2,12,5,7,0,0,0,2,1,1,1,1,0
55939302,217,125,92,5,116,12,18,17,3,4,2,17,7,3,6,1,30,14,16,105,63,42,57,33,24,1,1,0,15,7,8,9,7,2
55939303,27,14,13,1,17,3,0,2,0,0,0,1,1,0,2,0,2,1,1,14,9,5,7,3,4,1,0,1,1,0,1,2,1,1
56708601,199,113,86,9,46,20,28,16,3,10,3,18,15,8,17,0,4,2,2,75,52,23,68,34,34,5,2,3,38,18,20,9,5,4
55942301,143,80,63,4,59,14,14,8,4,2,2,10,7,8,6,3,11,6,5,63,43,20,48,21,27,1,0,1,17,9,8,3,1,2
55943101,300,166,134,2,102,17,38,28,3,10,8,18,22,17,23,4,9,3,6,104,70,34,124,60,64,4,2,2,52,26,26,7,5,2
53027101,29,15,14,2,6,5,2,3,2,0,0,4,0,1,4,0,2,2,0,9,4,5,12,5,7,0,0,0,2,2,0,4,2,2
56674801,22,11,11,3,5,0,0,4,3,0,0,1,2,2,1,1,1,0,1,12,7,5,3,1,2,0,0,0,2,1,1,4,2,2
55360301,16,9,7,4,1,2,0,2,1,2,0,1,1,1,0,0,1,1,0,5,4,1,4,0,4,0,0,0,6,4,2,0,0,0
57879701,13,8,5,2,4,0,1,0,0,0,0,1,2,0,2,0,0,0,0,7,5,2,6,3,3,0,0,0,0,0,0,0,0,0
57879702,43,23,20,30,2,1,3,0,0,0,0,1,3,3,0,0,2,0,2,22,14,8,6,3,3,1,1,0,12,5,7,0,0,0
57898301,124,75,49,9,33,11,13,8,3,2,0,18,7,7,7,1,8,4,4,53,39,14,41,17,24,2,0,2,16,11,5,4,4,0
55948202,7,4,3,0,3,0,1,1,0,0,1,0,1,0,0,0,1,0,1,3,2,1,2,1,1,0,0,0,1,1,0,0,0,0
55948203,35,20,15,6,14,0,1,1,4,1,0,1,1,2,2,0,3,1,2,16,10,6,12,7,5,1,0,1,2,2,0,1,0,1
55949101,1768,959,809,15,569,126,206,152,45,51,26,135,123,130,117,9,98,55,43,605,392,213,630,305,325,46,18,28,321,144,177,68,45,23
55950401,480,276,204,7,166,38,56,28,13,7,2,29,27,31,54,2,19,10,9,183,123,60,173,91,82,9,0,9,78,39,39,18,13,5
55950402,14,9,5,0,4,1,2,4,0,1,0,2,0,0,0,0,2,2,0,10,7,3,1,0,1,0,0,0,1,0,1,0,0,0
55952101,128,67,61,4,33,8,16,10,1,6,4,16,3,12,12,0,2,1,1,19,14,5,56,30,26,6,1,5,43,20,23,2,1,1
55952102,1876,1028,848,32,574,135,215,150,57,55,35,161,114,119,172,13,88,45,43,640,415,225,670,336,334,46,20,26,361,163,198,71,49,22
55952103,164,95,69,1,50,13,12,15,10,1,1,16,10,15,9,2,10,6,4,54,35,19,60,33,27,3,2,1,31,15,16,6,4,2
55952104,367,189,178,4,97,34,46,22,3,13,4,33,18,41,37,1,9,5,4,95,61,34,133,71,62,6,0,6,120,51,69,4,1,3
55952105,87,44,43,1,20,2,12,0,2,3,6,11,9,8,10,0,0,0,0,8,6,2,42,18,24,1,1,0,36,19,17,0,0,0
3356900,0,0,0,0,0,0,0,0,0,0,0,0,0,0,0,0,0,0,0,0,0,0,0,0,0,0,0,0,0,0,0,0,0,0
54641101,222,124,98,6,79,27,24,10,16,0,0,14,10,7,16,6,25,14,11,88,56,32,63,34,29,3,0,3,28,10,18,15,10,5
56659401,20,14,6,1,6,3,1,2,0,0,0,2,0,2,3,0,1,0,1,11,11,0,5,2,3,0,0,0,2,0,2,1,1,0
56659402,37,21,16,5,12,4,2,2,0,0,0,5,1,2,1,0,3,3,0,16,9,7,13,7,6,1,0,1,3,2,1,1,0,1
1742032,0,0,0,0,0,0,0,0,0,0,0,0,0,0,0,0,0,0,0,0,0,0,0,0,0,0,0,0,0,0,0,0,0,0
55955501,45,23,22,0,17,1,5,2,6,1,1,2,2,5,2,1,2,0,2,14,11,3,11,5,6,1,0,1,12,6,6,5,1,4
55955502,23,15,8,0,11,1,3,2,1,0,1,1,0,3,0,0,5,3,2,9,5,4,6,6,0,0,0,0,3,1,2,0,0,0
55955503,10,6,4,0,2,0,0,2,0,0,1,1,2,0,1,0,1,1,0,1,1,0,5,3,2,0,0,0,3,1,2,0,0,0
55955505,40,23,17,0,18,3,2,4,0,2,0,1,3,0,4,3,6,2,4,11,9,2,12,7,5,1,1,0,8,3,5,2,1,1
55955506,127,72,55,8,34,14,9,11,5,4,5,9,9,7,9,2,7,5,2,53,35,18,46,21,25,3,0,3,7,3,4,11,8,3
55956301,11,6,5,2,5,0,0,1,0,0,0,1,1,0,1,0,1,1,0,7,3,4,1,0,1,0,0,0,2,2,0,0,0,0
55956302,57,36,21,8,18,6,5,2,1,0,0,5,5,3,2,0,5,3,2,31,21,10,16,8,8,0,0,0,4,3,1,1,1,0
55956304,13,7,6,2,1,2,0,0,0,0,0,1,4,0,2,0,2,1,1,6,5,1,2,0,2,1,1,0,2,0,2,0,0,0
55956305,23,11,12,2,8,2,2,4,0,1,0,3,0,0,1,0,1,1,0,13,7,6,9,3,6,0,0,0,0,0,0,0,0,0
55956306,28,18,10,4,10,2,1,5,0,0,0,1,2,1,0,1,5,4,1,9,5,4,10,8,2,0,0,0,1,0,1,3,1,2
55956308,12,6,6,0,1,2,3,2,0,0,0,1,0,1,1,0,0,0,0,7,4,3,2,1,1,0,0,0,1,1,0,2,0,2
55956310,21,11,10,3,3,3,2,2,0,0,0,1,3,3,0,0,1,1,0,13,9,4,4,1,3,2,0,2,1,0,1,0,0,0
55956311,155,94,61,21,51,10,12,13,1,1,0,8,18,8,8,1,7,4,3,66,43,23,48,28,20,4,2,2,20,10,10,10,7,3
55957101,41,21,20,11,12,3,2,3,0,0,0,2,1,5,2,0,3,2,1,12,9,3,19,9,10,1,1,0,4,0,4,2,0,2
55957102,129,73,56,17,46,17,6,7,4,0,1,12,3,4,5,1,17,10,7,62,34,28,29,17,12,2,0,2,9,5,4,10,7,3
55957103,15,9,6,2,3,3,2,0,1,0,0,3,0,1,0,0,2,1,1,2,1,1,6,3,3,0,0,0,3,2,1,2,2,0
55958001,2427,1290,1137,17,754,169,312,149,58,84,57,205,160,183,195,6,124,60,64,646,399,247,916,468,448,50,13,37,619,307,312,72,43,29
57892402,29,19,10,6,7,1,2,3,0,0,0,4,1,2,2,0,1,1,0,14,10,4,10,7,3,0,0,0,3,0,3,1,1,0
55960101,805,452,353,8,227,52,110,60,20,30,24,79,64,45,51,5,31,16,15,200,137,63,345,195,150,19,3,16,189,86,103,21,15,6
56649701,20,11,9,5,6,1,0,0,1,0,0,0,1,1,5,0,1,1,0,8,7,1,7,3,4,2,0,2,1,0,1,1,0,1
55962801,49,26,23,3,19,9,0,1,3,1,2,3,4,2,0,0,12,5,7,19,13,6,9,5,4,0,0,0,2,0,2,7,3,4
55962803,43,20,23,0,13,5,3,2,1,1,2,3,3,1,4,1,3,1,2,13,7,6,18,10,8,0,0,0,9,2,7,0,0,0
55962804,13,8,5,0,2,1,0,4,0,1,0,1,1,2,0,0,0,0,0,7,4,3,3,2,1,0,0,0,3,2,1,0,0,0
55962805,28,15,13,3,8,1,3,0,1,1,0,2,3,2,1,0,0,0,0,10,7,3,7,2,5,1,0,1,9,5,4,1,1,0
55962806,658,362,296,28,173,55,96,48,23,14,9,50,46,46,51,1,36,19,17,239,154,85,202,98,104,17,4,13,136,71,65,28,16,12
55962807,26,17,9,1,15,1,3,4,0,0,0,0,0,2,0,0,6,3,3,12,9,3,5,3,2,0,0,0,1,0,1,2,2,0
56696901,180,103,77,28,64,3,17,11,5,1,2,13,11,8,10,3,3,1,2,80,51,29,72,40,32,3,1,2,13,5,8,9,5,4
56696902,32,18,14,7,9,2,3,4,0,1,0,0,1,4,1,0,1,0,1,18,14,4,10,3,7,0,0,0,3,1,2,0,0,0
53028001,93,56,37,17,33,11,5,6,4,0,0,3,3,3,4,0,12,6,6,50,38,12,22,9,13,2,0,2,1,0,1,6,3,3
53028002,14,6,8,1,6,1,0,1,0,0,0,1,2,1,1,0,0,0,0,5,3,2,7,2,5,0,0,0,2,1,1,0,0,0
57882701,33,20,13,3,11,4,4,3,0,0,0,4,2,0,2,0,4,2,2,12,9,3,14,6,8,0,0,0,1,1,0,2,2,0
57882702,10,7,3,0,4,2,3,0,0,0,0,1,0,0,0,0,0,0,0,6,4,2,3,2,1,0,0,0,1,1,0,0,0,0
57882703,26,17,9,1,6,3,5,2,0,0,1,1,3,2,0,1,2,1,1,15,11,4,4,1,3,0,0,0,3,2,1,2,2,0
55966101,51,28,23,0,11,5,8,7,1,1,2,7,0,3,4,0,1,1,0,18,11,7,20,9,11,2,1,1,8,4,4,2,2,0
55966102,84,47,37,1,27,5,7,15,4,0,2,8,4,1,7,2,9,4,5,41,26,15,22,11,11,2,0,2,4,2,2,6,4,2
55966103,1223,701,522,18,463,96,124,100,22,25,13,117,62,49,95,6,111,58,53,454,291,163,397,214,183,28,12,16,164,78,86,69,48,21
1936232,0,0,0,0,0,0,0,0,0,0,0,0,0,0,0,0,0,0,0,0,0,0,0,0,0,0,0,0,0,0,0,0,0,0
55967901,837,444,393,13,204,75,117,36,27,30,25,88,56,57,70,2,24,14,10,189,122,67,333,162,171,13,3,10,257,134,123,21,9,12
55967903,942,515,427,18,228,65,124,52,19,40,20,110,69,79,88,6,43,28,15,233,152,81,357,183,174,15,5,10,274,137,137,20,10,10
1968510,0,0,0,0,0,0,0,0,0,0,0,0,0,0,0,0,0,0,0,0,0,0,0,0,0,0,0,0,0,0,0,0,0,0
55969501,10,7,3,1,3,2,1,0,0,1,0,1,0,0,0,0,0,0,0,4,2,2,3,2,1,0,0,0,2,2,0,1,1,0
55969502,7,5,2,2,1,1,1,0,0,0,0,0,0,2,0,0,0,0,0,1,1,0,1,0,1,0,0,0,4,3,1,1,1,0
55969504,25,18,7,6,4,2,3,3,0,0,0,1,1,4,1,0,2,2,0,10,6,4,11,9,2,0,0,0,1,0,1,1,1,0
55969505,24,13,11,4,9,2,2,0,2,0,0,2,2,0,1,0,1,1,0,14,6,8,6,5,1,0,0,0,3,1,2,0,0,0
55969506,506,282,224,59,168,31,43,48,24,6,3,27,26,32,21,1,45,22,23,236,144,92,143,71,72,5,1,4,50,24,26,27,20,7
55970901,117,65,52,5,28,18,9,6,0,2,4,5,15,9,11,1,4,2,2,35,23,12,44,23,21,0,0,0,31,15,16,3,2,1
55970902,136,80,56,12,38,15,11,10,5,1,3,11,6,6,14,0,11,4,7,46,31,15,40,22,18,3,1,2,31,18,13,5,4,1
54109501,70,42,28,2,28,5,6,5,0,2,0,3,7,3,4,1,4,2,2,27,20,7,24,11,13,1,0,1,10,7,3,4,2,2
55972501,312,181,131,13,144,21,23,17,8,5,7,23,19,11,11,3,12,6,6,136,97,39,94,43,51,10,5,5,35,15,20,25,15,10
55972502,255,143,112,13,102,15,27,15,6,6,2,23,13,9,18,3,17,11,6,104,64,40,84,43,41,9,2,7,27,13,14,14,10,4
55972503,15,8,7,1,2,0,0,1,1,1,2,2,1,0,2,0,1,1,0,5,2,3,6,2,4,0,0,0,3,3,0,0,0,0
55972504,113,66,47,9,46,9,12,5,6,0,1,12,2,2,6,0,4,4,0,52,30,22,41,24,17,2,0,2,11,6,5,3,2,1
55972505,12,6,6,0,4,2,0,4,0,0,0,0,0,1,1,0,1,1,0,6,4,2,5,1,4,0,0,0,0,0,0,0,0,0
55972506,212,120,92,7,77,12,32,16,4,2,4,13,14,12,12,1,16,10,6,81,50,31,71,38,33,8,2,6,30,16,14,6,4,2
55972507,144,82,62,4,44,11,23,7,2,5,4,7,8,13,9,3,4,2,2,41,32,9,63,32,31,4,2,2,28,11,17,4,3,1
55972508,92,52,40,8,32,1,12,3,3,0,1,12,7,5,5,1,4,3,1,35,25,10,38,17,21,1,0,1,13,6,7,1,1,0
55973301,188,108,80,7,74,20,13,13,3,3,2,7,15,10,15,2,5,3,2,64,48,16,81,39,42,2,1,1,30,13,17,6,4,2
55974101,33,18,15,3,7,3,3,4,0,1,0,1,4,1,5,1,1,0,1,16,9,7,10,6,4,0,0,0,6,3,3,0,0,0
55975001,191,118,73,5,66,21,15,9,5,5,6,11,12,11,16,2,11,7,4,57,41,16,73,44,29,3,0,3,41,22,19,6,4,2
55975002,95,51,44,9,36,7,11,2,0,6,1,8,7,3,1,2,2,1,1,22,17,5,44,18,26,0,0,0,21,12,9,6,3,3
55975003,48,28,20,4,14,5,4,3,2,0,2,5,0,4,3,0,0,0,0,13,11,2,15,6,9,1,0,1,16,9,7,3,2,1
55976801,81,42,39,7,38,4,9,2,1,0,1,7,3,2,6,0,4,2,2,33,19,14,30,14,16,0,0,0,11,5,6,3,2,1
54092701,10,7,3,5,2,0,0,0,0,1,0,1,0,0,0,0,0,0,0,1,1,0,3,2,1,1,1,0,5,3,2,0,0,0
3301160,0,0,0,0,0,0,0,0,0,0,0,0,0,0,0,0,0,0,0,0,0,0,0,0,0,0,0,0,0,0,0,0,0,0
55977602,524,311,213,13,203,46,43,25,18,9,5,37,45,24,41,4,30,16,14,197,132,65,178,92,86,8,3,5,83,48,35,28,20,8
55977603,116,57,59,4,33,8,11,5,4,1,2,15,13,10,6,2,6,4,2,33,19,14,42,17,25,3,2,1,28,13,15,4,2,2
53037901,44,27,17,3,8,4,6,7,1,2,0,2,3,6,1,0,2,1,1,20,14,6,15,10,5,1,0,1,5,2,3,1,0,1
53037902,11,4,7,3,3,0,0,0,0,0,1,1,0,1,1,0,0,0,0,6,2,4,3,1,2,0,0,0,2,1,1,0,0,0
3359080,0,0,0,0,0,0,0,0,0,0,0,0,0,0,0,0,0,0,0,0,0,0,0,0,0,0,0,0,0,0,0,0,0,0
55979201,386,219,167,7,112,31,37,38,6,16,6,50,22,21,24,1,17,7,10,106,69,37,141,81,60,10,3,7,96,50,46,16,9,7
55980601,71,39,32,14,23,5,9,6,2,0,0,3,2,4,3,0,8,4,4,28,19,9,24,12,12,1,1,0,7,0,7,3,3,0
55980602,30,20,10,13,4,1,2,3,1,0,1,1,1,1,0,0,1,1,0,18,12,6,9,6,3,0,0,0,1,1,0,1,0,1
55980603,21,13,8,3,8,3,3,2,0,0,0,0,0,1,0,0,2,0,2,6,5,1,10,5,5,0,0,0,0,0,0,3,3,0
55980604,18,10,8,2,6,1,2,2,0,0,0,1,0,2,0,0,1,1,0,8,5,3,4,2,2,0,0,0,4,1,3,1,1,0
55981401,783,451,332,21,313,47,67,65,31,16,11,51,51,26,47,4,52,34,18,280,184,96,309,150,159,9,4,5,96,53,43,37,26,11
3315890,0,0,0,0,0,0,0,0,0,0,0,0,0,0,0,0,0,0,0,0,0,0,0,0,0,0,0,0,0,0,0,0,0,0
3315970,0,0,0,0,0,0,0,0,0,0,0,0,0,0,0,0,0,0,0,0,0,0,0,0,0,0,0,0,0,0,0,0,0,0
55982201,399,203,196,6,156,15,42,26,6,8,11,30,28,33,25,3,29,17,12,125,78,47,144,70,74,9,1,8,82,31,51,10,6,4
55982202,893,510,383,14,425,43,76,61,22,8,12,62,47,37,59,8,107,60,47,363,226,137,263,138,125,14,4,10,67,30,37,79,52,27
54100101,11,9,2,4,0,3,0,0,0,0,1,1,2,0,0,0,0,0,0,4,4,0,3,1,2,0,0,0,3,3,0,1,1,0
55984901,12,8,4,1,5,0,0,0,0,0,0,1,0,1,4,0,0,0,0,2,2,0,3,1,2,0,0,0,7,5,2,0,0,0
55984902,87,48,39,3,39,4,8,2,1,1,0,4,7,2,13,2,4,2,2,26,19,7,35,17,18,3,1,2,14,6,8,5,3,2
55985701,392,221,171,14,169,21,33,35,14,8,0,32,14,26,20,1,23,13,10,185,127,58,125,51,74,6,2,4,40,21,19,13,7,6
54080301,25,16,9,6,5,4,0,0,1,1,0,1,2,2,2,0,1,0,1,11,9,2,8,4,4,0,0,0,4,2,2,1,1,0
54114101,26,17,9,0,12,2,2,2,0,0,0,1,0,4,2,0,0,0,0,18,15,3,6,2,4,1,0,1,1,0,1,0,0,0
57901701,32,17,15,5,11,3,2,0,1,0,0,1,2,3,4,0,1,1,0,15,10,5,9,3,6,0,0,0,3,2,1,4,1,3
57901702,12,7,5,1,1,0,1,3,0,1,0,1,1,1,2,0,0,0,0,6,4,2,1,0,1,0,0,0,5,3,2,0,0,0
56681101,33,23,10,5,8,3,4,6,0,1,0,3,0,1,1,0,2,2,0,16,12,4,12,6,6,0,0,0,1,1,0,2,2,0
54115001,379,209,170,4,133,19,49,25,9,8,6,24,19,37,31,4,14,7,7,118,77,41,150,78,72,12,5,7,79,38,41,6,4,2
54115002,60,31,29,0,20,4,6,5,3,2,1,5,2,2,9,0,7,2,5,24,15,9,13,7,6,1,0,1,13,6,7,2,1,1
55990301,25,17,8,2,9,2,0,2,1,1,0,4,1,1,0,2,4,2,2,11,9,2,6,4,2,0,0,0,2,1,1,2,1,1
55990302,263,152,111,13,89,13,29,27,6,6,5,21,22,11,10,2,18,10,8,78,54,24,109,57,52,4,1,3,48,26,22,6,4,2
55990303,23,13,10,0,11,0,2,1,3,0,0,2,2,1,1,0,5,2,3,8,5,3,4,4,0,0,0,0,5,1,4,1,1,0
55990304,25,16,9,3,10,3,4,2,0,0,0,1,1,0,1,0,4,3,1,7,6,1,6,4,2,0,0,0,6,2,4,2,1,1
53036101,31,14,17,1,13,1,3,2,1,0,0,1,2,4,2,0,1,1,0,14,7,7,11,5,6,0,0,0,5,1,4,0,0,0
55991101,232,127,105,7,63,9,30,25,8,6,3,20,14,14,22,0,7,1,6,70,44,26,84,40,44,4,3,1,60,33,27,7,6,1
55992002,57,32,25,20,21,4,3,1,1,1,0,3,1,0,0,0,5,1,4,29,20,9,17,9,8,0,0,0,6,2,4,0,0,0
55992003,13,9,4,4,2,1,0,1,2,0,0,0,1,1,1,0,0,0,0,5,3,2,5,5,0,0,0,0,2,1,1,1,0,1
57903301,127,68,59,6,32,11,16,11,3,10,1,10,9,7,3,1,4,3,1,34,21,13,50,22,28,6,3,3,30,16,14,3,3,0
56700101,168,92,76,11,60,20,18,19,2,1,0,11,7,7,6,0,9,3,6,66,43,23,60,29,31,3,0,3,28,16,12,2,1,1
55994602,31,21,10,4,11,3,1,1,2,1,0,1,3,1,2,0,3,1,2,15,10,5,5,4,1,2,1,1,5,4,1,1,1,0
55995401,80,43,37,3,20,6,7,6,3,0,0,6,4,1,17,2,16,6,10,37,24,13,19,8,11,1,0,1,2,1,1,5,4,1
55995402,16,9,7,2,0,0,1,2,0,0,0,3,2,0,5,0,0,0,0,5,2,3,8,4,4,1,1,0,2,2,0,0,0,0
55996201,85,45,40,25,20,6,6,5,1,0,0,10,2,3,6,0,6,3,3,35,21,14,20,11,9,3,1,2,17,6,11,4,3,1
55996202,14,7,7,4,2,0,2,1,0,1,0,1,1,1,1,0,1,1,0,5,3,2,7,3,4,0,0,0,1,0,1,0,0,0
55361101,261,148,113,8,87,21,28,19,4,5,4,28,21,16,11,2,8,4,4,75,55,20,112,54,58,7,3,4,48,24,24,11,8,3
57900901,132,73,59,3,55,7,13,11,2,6,4,9,6,7,6,1,10,5,5,47,36,11,51,22,29,2,0,2,19,8,11,3,2,1
57908401,36,21,15,3,12,1,1,3,0,1,2,1,3,4,5,0,0,0,0,12,6,6,16,10,6,0,0,0,8,5,3,0,0,0
3301240,0,0,0,0,0,0,0,0,0,0,0,0,0,0,0,0,0,0,0,0,0,0,0,0,0,0,0,0,0,0,0,0,0,0
55999701,751,433,318,29,254,52,90,52,9,8,14,66,36,42,72,6,38,17,21,277,190,87,288,159,129,14,3,11,109,48,61,25,16,9
55999702,255,135,120,8,73,20,31,14,10,4,0,17,14,19,38,1,21,9,12,95,60,35,98,47,51,5,1,4,28,13,15,8,5,3
55999703,26,15,11,1,4,1,2,3,1,1,0,5,2,1,4,0,2,2,0,5,5,0,11,4,7,0,0,0,6,3,3,2,1,1
55999704,36,18,18,5,12,3,3,1,2,1,0,1,4,1,2,0,5,2,3,10,7,3,12,6,6,0,0,0,6,1,5,3,2,1
56000601,107,62,45,12,38,7,13,7,3,2,1,3,4,7,7,1,8,4,4,47,29,18,32,18,14,3,0,3,10,6,4,7,5,2
56000602,17,11,6,2,9,1,1,2,0,0,0,1,0,0,0,0,2,1,1,7,6,1,7,3,4,0,0,0,1,1,0,0,0,0
56000603,14,10,4,3,5,2,0,0,0,0,1,0,1,1,1,0,0,0,0,5,4,1,5,4,1,1,0,1,2,1,1,1,1,0
56001401,61,32,29,2,18,5,4,11,3,2,0,7,2,2,2,0,2,2,0,30,19,11,18,5,13,2,1,1,8,4,4,1,1,0
56001402,728,415,313,20,266,38,72,57,28,20,17,55,41,47,32,6,40,25,15,279,186,93,258,136,122,15,1,14,97,44,53,39,23,16
56683701,70,38,32,5,19,7,8,7,3,4,2,4,5,1,4,0,3,0,3,31,18,13,24,15,9,1,0,1,10,5,5,1,0,1
56683702,23,12,11,3,4,2,4,0,1,2,0,1,0,1,3,1,1,1,0,6,4,2,9,4,5,0,0,0,6,2,4,1,1,0
54119201,94,53,41,7,25,6,15,6,2,2,4,5,14,3,2,1,3,2,1,36,28,8,40,16,24,1,0,1,13,7,6,1,0,1
56005701,642,350,292,24,222,27,80,38,13,11,8,77,51,30,34,5,38,18,20,196,122,74,255,135,120,19,4,15,98,49,49,36,22,14
56005702,44,22,22,1,14,1,6,3,2,1,0,6,5,0,3,0,1,0,1,11,8,3,22,9,13,0,0,0,7,3,4,3,2,1
56005703,40,20,20,2,16,2,5,4,0,0,0,1,2,2,4,0,2,1,1,17,11,6,14,5,9,1,1,0,4,1,3,2,1,1
56699301,24,13,11,2,4,2,2,3,3,0,0,3,1,2,1,0,6,2,4,11,8,3,3,1,2,0,0,0,4,2,2,0,0,0
56699302,14,9,5,2,2,0,0,1,0,1,1,3,3,1,0,0,0,0,0,5,3,2,3,2,1,0,0,0,6,4,2,0,0,0
56699303,16,10,6,4,2,3,1,0,0,0,0,1,1,3,0,0,0,0,0,5,4,1,6,4,2,0,0,0,5,2,3,0,0,0
56686101,59,36,23,9,10,5,11,0,2,2,1,7,3,4,1,1,2,1,1,15,11,4,26,15,11,3,1,2,8,6,2,5,2,3
56008101,112,59,53,16,28,8,20,6,4,1,2,7,4,2,11,1,9,5,4,55,31,24,32,17,15,2,0,2,5,1,4,9,5,4
57913101,198,115,83,17,54,12,22,16,4,2,1,14,9,17,25,2,15,6,9,77,59,18,74,32,42,3,1,2,19,12,7,10,5,5
56011101,103,62,41,14,31,14,10,3,3,1,0,8,3,6,4,2,7,3,4,41,29,12,37,21,16,2,1,1,8,3,5,8,5,3
56012001,831,486,345,32,315,57,98,71,22,14,11,47,59,36,34,10,60,32,28,335,221,114,275,150,125,18,8,10,96,44,52,47,31,16
56012002,14,7,7,1,3,2,0,2,1,0,0,2,1,1,0,1,0,0,0,7,4,3,6,3,3,0,0,0,1,0,1,0,0,0
56694201,126,72,54,7,30,17,11,10,1,4,1,9,10,9,10,2,6,3,3,37,24,13,46,27,19,4,2,2,28,13,15,5,3,2
1407670,0,0,0,0,0,0,0,0,0,0,0,0,0,0,0,0,0,0,0,0,0,0,0,0,0,0,0,0,0,0,0,0,0,0
1407752,0,0,0,0,0,0,0,0,0,0,0,0,0,0,0,0,0,0,0,0,0,0,0,0,0,0,0,0,0,0,0,0,0,0
1408300,0,0,0,0,0,0,0,0,0,0,0,0,0,0,0,0,0,0,0,0,0,0,0,0,0,0,0,0,0,0,0,0,0,0
3358190,0,0,0,0,0,0,0,0,0,0,0,0,0,0,0,0,0,0,0,0,0,0,0,0,0,0,0,0,0,0,0,0,0,0
55971701,27,16,11,3,8,0,1,4,0,1,0,3,3,2,1,0,3,0,3,8,6,2,12,7,5,0,0,0,3,2,1,1,1,0
55971702,904,481,423,6,285,61,115,57,17,20,19,77,77,66,61,7,52,27,25,240,162,78,369,173,196,18,9,9,202,95,107,23,15,8
55971703,64,35,29,0,17,4,10,3,2,0,1,9,2,4,8,1,4,1,3,15,12,3,25,14,11,1,0,1,17,6,11,2,2,0
55971704,227,120,107,2,56,13,24,14,6,9,9,23,13,28,22,1,9,6,3,47,30,17,87,41,46,4,1,3,74,39,35,6,3,3
55971705,14,7,7,0,5,0,1,0,0,3,0,1,1,0,2,1,0,0,0,0,0,0,5,2,3,0,0,0,9,5,4,0,0,0
55971706,512,273,239,8,163,24,62,25,13,10,14,51,39,44,37,3,29,14,15,149,96,53,187,95,92,7,3,4,119,49,70,21,16,5
55971708,26,15,11,0,8,1,4,2,1,1,0,4,1,1,1,0,2,2,0,12,8,4,6,3,3,0,0,0,5,2,3,1,0,1
55971709,218,121,97,5,69,12,32,13,3,2,3,18,17,13,16,0,8,5,3,67,45,22,89,45,44,4,1,3,43,19,24,7,6,1
55971710,213,119,94,3,73,18,29,10,2,6,1,14,17,9,20,4,15,9,6,62,43,19,79,41,38,2,0,2,40,17,23,15,9,6
55971712,136,70,66,1,46,6,13,4,6,7,1,14,9,13,10,0,3,1,2,18,13,5,50,22,28,4,2,2,53,28,25,8,4,4
55971713,53,26,27,1,12,5,8,5,2,2,2,6,1,2,6,0,0,0,0,17,11,6,20,9,11,2,0,2,14,6,8,0,0,0
55971714,1208,636,572,10,512,77,106,68,27,19,12,103,72,76,78,13,116,52,64,390,234,156,428,206,222,26,12,14,177,87,90,71,45,26
55971715,63,34,29,0,16,5,7,7,2,3,2,7,4,2,4,1,1,1,0,21,15,6,23,7,16,1,1,0,13,7,6,4,3,1
55971716,206,122,84,2,62,13,17,15,13,5,5,18,16,15,15,3,7,5,2,57,37,20,72,40,32,7,4,3,51,27,24,12,9,3
55971717,236,129,107,5,59,6,24,23,3,4,4,29,18,22,30,3,9,5,4,48,30,18,85,46,39,6,2,4,77,39,38,11,7,4
55971718,578,308,270,12,190,19,48,45,20,17,6,51,65,39,41,9,48,23,25,160,95,65,207,97,110,14,5,9,115,63,52,34,25,9
55971720,86,50,36,0,40,7,6,9,2,1,3,4,4,3,3,2,9,5,4,36,24,12,26,14,12,4,2,2,9,4,5,2,1,1
55971721,204,108,96,6,72,8,26,10,3,4,1,8,19,19,17,2,8,7,1,52,31,21,89,45,44,4,1,3,45,21,24,6,3,3
55971724,611,333,278,10,236,33,60,33,15,11,11,49,42,39,46,6,44,28,16,170,109,61,212,100,112,14,7,7,130,59,71,41,30,11
55971725,527,275,252,12,210,22,61,27,12,9,8,38,42,30,39,3,47,20,27,161,97,64,202,95,107,16,7,9,76,41,35,25,15,10
55971726,232,140,92,5,136,7,15,13,2,1,0,24,5,9,8,3,38,19,19,77,48,29,55,30,25,8,6,2,19,9,10,35,28,7
55971727,786,459,327,16,261,38,83,90,23,22,9,78,42,29,49,14,60,32,28,208,118,90,279,150,129,11,9,2,128,66,62,100,84,16
56014601,10,6,4,0,3,0,0,1,0,0,1,2,3,0,0,0,0,0,0,1,1,0,6,2,4,1,1,0,2,2,0,0,0,0
56014602,20,16,4,3,5,0,0,4,2,2,1,1,1,0,0,0,0,0,0,11,9,2,5,3,2,0,0,0,3,3,0,1,1,0
54648801,80,44,36,9,27,8,6,6,3,0,1,4,3,3,7,1,5,3,2,31,19,12,23,14,9,1,0,1,19,7,12,1,1,0
56684501,91,56,35,2,41,8,7,3,0,3,2,7,5,5,2,2,7,4,3,44,29,15,24,14,10,1,1,0,11,5,6,4,3,1
50666401,134,76,58,18,52,8,12,11,2,0,1,4,6,4,14,1,7,1,6,72,46,26,39,16,23,1,1,0,5,3,2,10,9,1
54072201,182,98,84,2,54,15,20,10,7,6,6,12,10,14,12,1,6,2,4,43,26,17,74,37,37,2,1,1,55,30,25,2,2,0
3301080,0,0,0,0,0,0,0,0,0,0,0,0,0,0,0,0,0,0,0,0,0,0,0,0,0,0,0,0,0,0,0,0,0,0
56016201,1237,674,563,42,522,57,111,67,23,20,13,88,126,66,59,14,117,62,55,462,279,183,428,215,213,24,9,15,168,87,81,38,22,16
54117601,249,136,113,9,74,20,35,24,6,4,2,12,23,14,15,0,11,7,4,97,64,33,99,50,49,2,1,1,34,12,22,6,2,4
3301320,0,0,0,0,0,0,0,0,0,0,0,0,0,0,0,0,0,0,0,0,0,0,0,0,0,0,0,0,0,0,0,0,0,0
57934301,25,17,8,2,10,1,1,2,0,0,0,3,2,0,3,0,2,0,2,10,7,3,5,4,1,2,1,1,4,3,1,2,2,0
3300940,0,0,0,0,0,0,0,0,0,0,0,0,0,0,0,0,0,0,0,0,0,0,0,0,0,0,0,0,0,0,0,0,0,0
56018901,18,10,8,2,6,0,1,1,0,1,1,2,2,1,0,0,0,0,0,6,3,3,7,4,3,0,0,0,4,2,2,1,1,0
56018902,125,67,58,7,50,6,12,10,4,2,0,7,4,5,17,0,4,2,2,55,35,20,46,21,25,4,1,3,10,4,6,6,4,2
56680201,13,11,2,3,3,3,1,0,1,0,0,1,0,0,0,0,2,2,0,5,5,0,3,2,1,0,0,0,3,2,1,0,0,0
56680202,78,40,38,6,29,3,4,5,0,3,0,6,6,11,0,1,10,5,5,34,21,13,19,9,10,1,0,1,9,4,5,5,1,4
54652601,164,92,72,15,58,15,12,11,3,6,1,8,11,7,9,2,3,1,2,67,47,20,62,30,32,2,1,1,20,6,14,10,7,3
3301590,0,0,0,0,0,0,0,0,0,0,0,0,0,0,0,0,0,0,0,0,0,0,0,0,0,0,0,0,0,0,0,0,0,0
57924601,48,30,18,7,15,3,1,2,2,0,1,0,7,0,7,1,7,2,5,26,19,7,9,5,4,2,2,0,4,2,2,0,0,0
54653401,116,66,50,6,42,6,15,6,2,2,2,11,7,8,6,0,4,3,1,45,30,15,43,20,23,4,2,2,17,9,8,3,2,1
54655101,100,58,42,7,38,2,6,10,4,7,0,4,5,4,4,1,5,3,2,44,29,15,32,16,16,3,1,2,12,6,6,4,3,1
54655102,18,13,5,1,9,0,2,1,1,0,0,3,1,0,0,0,2,1,1,13,10,3,1,0,1,0,0,0,0,0,0,2,2,0
56022701,33,18,15,7,6,2,3,2,2,0,0,5,3,2,1,0,1,0,1,15,10,5,9,6,3,2,1,1,5,0,5,1,1,0
56022702,80,46,34,12,24,8,11,4,2,1,1,1,4,6,2,1,3,3,0,35,20,15,35,18,17,0,0,0,3,3,0,4,2,2
56023501,148,87,61,8,47,13,20,7,1,4,1,11,10,10,12,0,7,4,3,54,38,16,64,35,29,5,4,1,17,6,11,1,0,1
57928901,38,19,19,4,9,5,3,3,0,0,1,2,2,0,9,0,2,1,1,14,8,6,13,6,7,1,0,1,5,2,3,3,2,1
56025101,672,385,287,18,220,46,61,76,21,15,6,44,71,35,33,6,29,20,9,211,143,68,272,140,132,17,6,11,114,53,61,29,23,6
56679901,133,71,62,5,47,6,16,9,2,0,2,10,8,10,11,4,3,0,3,46,28,18,52,28,24,5,3,2,24,10,14,3,2,1
56026002,17,11,6,4,4,1,1,2,0,0,0,1,2,2,0,0,0,0,0,11,8,3,3,1,2,0,0,0,3,2,1,0,0,0
56026003,14,8,6,3,3,1,1,0,0,0,1,1,2,0,1,0,1,0,1,2,2,0,6,3,3,1,0,1,2,1,1,2,2,0
56026004,17,11,6,2,8,2,1,1,0,1,0,2,0,0,0,0,1,0,1,13,9,4,1,0,1,0,0,0,2,2,0,0,0,0
56026005,1038,564,474,36,372,32,154,65,38,19,6,84,81,55,56,10,94,44,50,385,241,144,393,197,196,13,3,10,116,55,61,37,24,13
56026006,93,46,47,6,23,5,6,10,2,2,4,11,3,6,12,0,4,2,2,26,15,11,40,19,21,2,1,1,18,7,11,3,2,1
56026007,83,48,35,19,25,3,5,11,3,1,0,6,3,3,2,2,6,1,5,33,21,12,23,13,10,1,1,0,14,8,6,6,4,2
56026008,11,7,4,2,5,0,2,0,0,0,0,1,1,0,0,0,0,0,0,6,4,2,3,1,2,0,0,0,2,2,0,0,0,0
54106101,65,30,35,1,12,4,6,4,2,1,0,3,4,6,18,0,12,2,10,29,16,13,11,7,4,1,0,1,12,5,7,0,0,0
54106102,6,3,3,0,1,0,0,0,0,0,0,0,0,0,4,1,0,0,0,3,3,0,0,0,0,1,0,1,2,0,2,0,0,0
56072301,71,37,34,5,30,5,6,9,0,0,0,7,3,2,2,1,8,3,5,31,18,13,15,7,8,0,0,0,5,1,4,12,8,4
56072302,34,21,13,2,17,2,4,3,3,0,0,2,0,1,0,0,1,0,1,19,9,10,10,9,1,0,0,0,1,1,0,3,2,1
0037270,0,0,0,0,0,0,0,0,0,0,0,0,0,0,0,0,0,0,0,0,0,0,0,0,0,0,0,0,0,0,0,0,0,0
56074001,351,197,154,46,149,15,21,22,15,1,2,15,22,27,10,1,40,19,21,160,106,54,116,55,61,4,2,2,25,10,15,6,5,1
56074003,22,13,9,0,6,2,1,1,2,0,0,1,4,4,0,1,2,2,0,9,6,3,6,3,3,0,0,0,4,1,3,1,1,0
56074006,20,13,7,6,11,0,0,0,0,1,0,1,0,0,1,0,4,2,2,10,8,2,4,2,2,0,0,0,1,1,0,1,0,1
1159672,0,0,0,0,0,0,0,0,0,0,0,0,0,0,0,0,0,0,0,0,0,0,0,0,0,0,0,0,0,0,0,0,0,0
56075801,23,11,12,6,5,2,2,2,0,0,0,0,2,2,0,2,1,0,1,10,7,3,9,3,6,0,0,0,1,0,1,2,1,1
56075802,1353,724,629,69,555,35,161,160,41,13,13,77,65,63,56,9,156,66,90,497,303,194,459,226,233,14,6,8,127,62,65,100,61,39
56075803,42,27,15,7,11,10,0,3,0,1,0,1,1,1,4,1,4,2,2,21,16,5,14,8,6,1,1,0,1,0,1,1,0,1
56075804,33,17,16,7,12,0,5,1,0,0,0,1,0,1,4,0,6,3,3,11,5,6,12,8,4,0,0,0,1,0,1,3,1,2
56075805,32,18,14,0,13,0,5,8,0,0,0,0,2,2,1,1,10,3,7,16,12,4,2,1,1,1,0,1,1,0,1,2,2,0
56075806,19,9,10,6,5,0,0,2,0,1,0,0,0,2,1,2,4,1,3,6,4,2,7,3,4,0,0,0,1,0,1,1,1,0
56075807,21,10,11,5,10,1,0,0,1,0,0,0,2,0,1,1,5,3,2,6,2,4,10,5,5,0,0,0,0,0,0,0,0,0
56075809,23,15,8,4,11,0,2,2,0,0,0,1,2,1,0,0,3,3,0,8,7,1,9,4,5,0,0,0,1,0,1,2,1,1
56075810,38,22,16,7,14,1,1,4,4,1,1,2,0,1,0,2,9,5,4,16,11,5,9,4,5,0,0,0,2,1,1,2,1,1
56075812,96,57,39,10,36,6,5,19,2,2,0,7,2,2,4,1,9,6,3,43,28,15,31,14,17,0,0,0,7,5,2,6,4,2
56075814,83,46,37,8,35,3,5,9,2,1,0,2,6,4,2,2,7,2,5,41,27,14,25,14,11,1,0,1,8,3,5,1,0,1
56075815,30,14,16,0,8,3,0,7,0,1,0,3,1,2,4,0,6,2,4,11,6,5,7,2,5,0,0,0,2,1,1,4,3,1
56075816,20,13,7,2,6,1,0,7,0,0,1,0,1,0,1,0,1,1,0,7,5,2,7,2,5,0,0,0,1,1,0,4,4,0
56075818,24,13,11,3,11,0,3,6,0,0,0,0,0,0,1,0,1,1,0,14,9,5,6,2,4,1,1,0,1,0,1,1,0,1
56075819,22,14,8,1,8,1,2,9,0,0,0,0,0,0,1,0,3,3,0,12,7,5,4,3,1,0,0,0,1,0,1,2,1,1
56075820,192,128,64,0,109,2,45,24,0,2,0,7,0,0,0,0,2,2,0,17,11,6,61,36,25,29,21,8,57,40,17,26,18,8
56075821,81,43,38,2,56,0,2,6,1,2,0,3,2,4,0,1,10,5,5,40,23,17,22,10,12,0,0,0,6,4,2,3,1,2
56075822,21,14,7,1,7,1,1,3,2,0,0,5,0,1,0,0,1,0,1,8,6,2,3,2,1,0,0,0,2,1,1,7,5,2
56075823,143,87,56,7,79,4,8,22,2,1,2,9,3,2,2,1,24,10,14,57,40,17,33,17,16,0,0,0,2,2,0,27,18,9
54160501,106,62,44,14,40,8,7,11,2,3,1,3,5,8,3,1,11,7,4,51,31,20,28,16,12,0,0,0,8,3,5,8,5,3
54140101,76,41,35,14,17,4,8,4,5,0,0,3,12,3,2,2,3,3,0,27,18,9,27,11,16,1,1,0,16,7,9,2,1,1
56078202,115,74,41,4,76,7,3,6,2,1,1,9,4,1,1,0,24,12,12,54,39,15,13,6,7,1,1,0,3,2,1,20,14,6
57945902,142,85,57,12,63,10,4,7,3,0,1,15,12,7,5,1,13,9,4,84,59,25,34,12,22,1,0,1,9,4,5,1,1,0
56080401,113,66,47,5,43,2,13,15,4,1,0,6,5,6,2,7,11,4,7,49,31,18,38,23,15,0,0,0,7,2,5,8,6,2
56080402,31,17,14,3,12,3,3,1,3,0,0,0,2,0,1,3,2,0,2,17,11,6,9,4,5,0,0,0,0,0,0,3,2,1
56080403,38,21,17,5,12,3,3,4,0,0,0,2,6,2,1,0,2,1,1,17,11,6,13,6,7,0,0,0,6,3,3,0,0,0
0204350,0,0,0,0,0,0,0,0,0,0,0,0,0,0,0,0,0,0,0,0,0,0,0,0,0,0,0,0,0,0,0,0,0,0
56081201,444,252,192,24,243,23,19,44,12,4,1,20,14,18,9,2,54,31,23,195,129,66,133,64,69,5,2,3,24,7,17,33,19,14
56081202,25,14,11,0,14,4,2,0,1,0,0,0,0,2,2,0,1,0,1,13,8,5,6,4,2,0,0,0,2,1,1,3,1,2
56081205,14,7,7,1,3,0,1,3,0,0,0,1,1,3,1,0,1,1,0,5,4,1,3,0,3,0,0,0,4,1,3,1,1,0
56081206,12,5,7,0,7,0,1,0,0,0,0,0,0,0,2,0,0,0,0,2,1,1,7,3,4,0,0,0,1,0,1,2,1,1
56081207,20,11,9,5,3,0,2,4,1,2,0,0,0,1,0,1,0,0,0,8,4,4,8,5,3,2,1,1,0,0,0,2,1,1
56081209,46,24,22,3,28,1,3,4,0,1,0,0,2,1,1,0,8,3,5,22,14,8,13,5,8,0,0,0,3,2,1,0,0,0
56083901,195,117,78,14,65,29,19,12,4,1,3,13,16,2,8,2,9,3,6,71,55,16,78,37,41,1,0,1,19,10,9,17,12,5
56085501,15,11,4,1,6,3,2,0,0,0,0,1,1,1,0,0,2,2,0,4,3,1,7,4,3,0,0,0,1,1,0,1,1,0
56085503,138,81,57,5,65,14,11,14,0,2,0,8,7,7,2,1,17,9,8,78,55,23,28,11,17,2,0,2,4,2,2,9,4,5
56085505,26,16,10,3,7,2,3,4,0,1,0,1,1,3,1,0,5,3,2,9,8,1,10,4,6,0,0,0,2,1,1,0,0,0
1983910,0,0,0,0,0,0,0,0,0,0,0,0,0,0,0,0,0,0,0,0,0,0,0,0,0,0,0,0,0,0,0,0,0,0
56086301,26,17,9,1,8,2,1,1,1,1,0,0,1,2,5,0,3,2,1,9,8,1,12,5,7,0,0,0,1,1,0,1,1,0
56086302,405,213,192,22,184,17,29,35,15,1,3,18,30,19,20,5,41,23,18,185,109,76,127,53,74,2,2,0,32,13,19,18,13,5
56086303,14,10,4,1,7,1,5,0,0,0,0,0,0,0,0,0,1,1,0,8,4,4,3,3,0,0,0,0,0,0,0,2,2,0
56086304,61,34,27,3,22,6,3,5,2,1,0,5,6,1,4,0,2,1,1,25,14,11,25,12,13,1,0,1,8,7,1,0,0,0
54129001,43,28,15,5,20,5,1,6,2,0,0,1,0,0,1,2,6,1,5,18,14,4,9,5,4,0,0,0,1,1,0,9,7,2
54129002,14,8,6,0,5,1,0,1,1,0,0,1,2,1,0,2,0,0,0,5,4,1,9,4,5,0,0,0,0,0,0,0,0,0
54129004,48,29,19,2,28,4,1,5,0,1,0,2,0,2,2,0,10,5,5,31,22,9,5,0,5,0,0,0,1,1,0,1,1,0
54129005,20,12,8,3,11,1,1,1,0,0,0,0,2,0,1,0,1,0,1,8,6,2,8,3,5,0,0,0,0,0,0,3,3,0
56089801,142,87,55,18,43,9,14,8,8,2,4,4,6,13,5,3,22,11,11,62,47,15,35,15,20,1,0,1,7,3,4,15,11,4
56089803,47,23,24,6,20,2,3,1,4,0,1,4,2,1,0,1,5,3,2,24,13,11,8,2,6,1,1,0,6,3,3,3,1,2
0940210,0,0,0,0,0,0,0,0,0,0,0,0,0,0,0,0,0,0,0,0,0,0,0,0,0,0,0,0,0,0,0,0,0,0
56090101,25,14,11,6,5,2,1,1,1,0,0,1,0,3,0,0,0,0,0,7,5,2,10,6,4,1,0,1,6,2,4,1,1,0
56090103,774,433,341,39,330,37,66,64,61,8,8,36,31,29,40,0,84,43,41,360,225,135,231,111,120,5,1,4,51,28,23,43,25,18
56090105,16,10,6,2,6,0,3,1,2,0,0,1,0,1,0,0,0,0,0,6,4,2,7,5,2,0,0,0,2,1,1,1,0,1
56090107,30,20,10,5,12,4,2,3,0,0,0,0,2,0,2,0,2,1,1,14,11,3,6,4,2,0,0,0,2,1,1,6,3,3
56090109,43,22,21,1,19,3,5,3,3,1,0,1,3,0,3,0,3,2,1,17,10,7,16,6,10,0,0,0,4,2,2,3,2,1
56091001,24,15,9,1,10,0,1,3,3,1,0,2,1,0,2,0,2,1,1,9,7,2,9,4,5,0,0,0,2,2,0,2,1,1
56091002,20,13,7,9,3,0,2,1,0,0,0,1,2,1,1,0,3,0,3,9,6,3,6,5,1,1,1,0,1,1,0,0,0,0
56091003,37,21,16,2,21,0,2,1,1,1,0,2,3,0,0,0,4,1,3,16,11,5,13,6,7,0,0,0,2,1,1,2,2,0
56091004,203,110,93,37,77,11,10,11,5,3,2,13,12,6,9,1,9,6,3,112,69,43,57,24,33,2,0,2,9,4,5,14,7,7
56091005,17,8,9,2,4,2,1,2,1,0,1,1,2,0,1,0,0,0,0,9,5,4,5,3,2,0,0,0,1,0,1,2,0,2
56091006,17,10,7,4,6,1,1,0,2,0,0,0,0,1,2,0,2,1,1,10,8,2,1,0,1,1,0,1,3,1,2,0,0,0
56091007,67,38,29,10,31,5,6,2,1,0,0,2,4,2,3,0,7,4,3,34,21,13,18,10,8,1,1,0,4,1,3,3,1,2
56092801,32,16,16,6,9,1,2,1,0,0,1,1,2,6,2,1,0,0,0,11,6,5,10,6,4,0,0,0,10,3,7,1,1,0
56092802,16,9,7,0,8,0,1,1,2,0,1,2,1,0,0,0,1,0,1,8,6,2,3,0,3,1,0,1,2,2,0,1,1,0
56092803,694,385,309,40,339,31,56,50,13,9,3,47,26,37,24,5,82,37,45,279,178,101,217,113,104,12,4,8,65,29,36,39,24,15
56092804,21,13,8,3,7,1,0,6,0,0,0,1,0,1,1,0,2,1,1,10,9,1,6,1,5,1,0,1,2,2,0,0,0,0
56092805,19,11,8,6,8,0,2,1,0,0,0,0,0,1,0,0,1,0,1,14,9,5,3,2,1,0,0,0,1,0,1,0,0,0
56092806,23,13,10,1,10,0,3,3,0,0,1,1,0,0,3,0,2,1,1,8,5,3,11,5,6,0,0,0,1,1,0,1,1,0
56092807,20,11,9,2,6,3,3,0,1,0,0,3,0,1,0,0,0,0,0,7,3,4,10,5,5,0,0,0,2,2,0,1,1,0
54155901,19,10,9,0,6,0,3,3,0,1,0,0,2,2,2,0,0,0,0,5,3,2,11,6,5,0,0,0,2,0,2,1,1,0
54155902,94,52,42,10,46,7,8,7,2,0,0,4,2,3,2,3,11,5,6,61,37,24,15,7,8,0,0,0,3,1,2,4,2,2
0679462,0,0,0,0,0,0,0,0,0,0,0,0,0,0,0,0,0,0,0,0,0,0,0,0,0,0,0,0,0,0,0,0,0,0
54149402,87,53,34,7,47,5,1,8,1,1,0,3,4,1,8,0,11,8,3,37,25,12,28,16,12,1,0,1,5,0,5,5,4,1
54149403,17,9,8,4,6,2,1,0,1,0,0,0,2,0,1,0,3,1,2,10,6,4,1,0,1,0,0,0,2,1,1,1,1,0
3199020,0,0,0,0,0,0,0,0,0,0,0,0,0,0,0,0,0,0,0,0,0,0,0,0,0,0,0,0,0,0,0,0,0,0
56095201,19,10,9,2,5,1,0,1,0,1,0,1,0,4,4,0,1,0,1,7,5,2,4,3,1,0,0,0,6,2,4,1,0,1
56095203,6,3,3,0,2,0,1,0,0,0,0,0,3,0,0,0,0,0,0,2,1,1,0,0,0,0,0,0,2,1,1,2,1,1
56095204,290,161,129,24,80,18,13,16,26,6,3,16,12,22,42,0,15,4,11,101,64,37,115,57,58,5,3,2,47,27,20,7,6,1
56095205,14,7,7,2,4,0,1,3,0,0,0,0,0,1,3,0,1,0,1,4,2,2,4,1,3,0,0,0,3,2,1,2,2,0
56095206,79,44,35,6,39,9,3,3,3,0,1,3,3,1,8,0,2,0,2,31,21,10,39,19,20,0,0,0,7,4,3,0,0,0
56095207,18,11,7,1,6,1,0,1,0,1,0,2,2,0,4,0,0,0,0,4,2,2,9,6,3,0,0,0,4,2,2,1,1,0
50391601,172,97,75,17,78,8,9,14,1,3,4,13,10,5,7,0,22,11,11,67,49,18,48,21,27,2,1,1,20,8,12,13,7,6
50391603,48,28,20,6,22,0,4,3,4,0,0,3,1,1,0,0,3,1,2,25,18,7,14,6,8,0,0,0,4,1,3,2,2,0
50391605,78,46,32,5,29,6,2,10,1,1,0,8,9,3,3,0,7,5,2,30,19,11,18,10,8,1,0,1,15,7,8,7,5,2
50391607,13,8,5,1,8,0,1,1,0,0,0,1,0,1,0,0,3,1,2,5,4,1,4,3,1,0,0,0,0,0,0,1,0,1
56097901,10,9,1,2,3,0,1,2,0,1,0,0,0,1,0,0,1,1,0,7,6,1,0,0,0,0,0,0,1,1,0,1,1,0
56097902,101,52,49,6,45,3,16,4,3,1,0,12,4,5,2,0,10,5,5,53,31,22,28,12,16,2,0,2,2,0,2,6,4,2
0800470,0,0,0,0,0,0,0,0,0,0,0,0,0,0,0,0,0,0,0,0,0,0,0,0,0,0,0,0,0,0,0,0,0,0
0800551,0,0,0,0,0,0,0,0,0,0,0,0,0,0,0,0,0,0,0,0,0,0,0,0,0,0,0,0,0,0,0,0,0,0
0800552,0,0,0,0,0,0,0,0,0,0,0,0,0,0,0,0,0,0,0,0,0,0,0,0,0,0,0,0,0,0,0,0,0,0
0801010,0,0,0,0,0,0,0,0,0,0,0,0,0,0,0,0,0,0,0,0,0,0,0,0,0,0,0,0,0,0,0,0,0,0
0801100,0,0,0,0,0,0,0,0,0,0,0,0,0,0,0,0,0,0,0,0,0,0,0,0,0,0,0,0,0,0,0,0,0,0
56100201,187,107,80,19,66,16,11,16,2,0,0,3,17,16,8,6,23,9,14,90,62,28,49,24,25,2,0,2,17,7,10,6,5,1
56100202,31,18,13,0,10,3,2,4,2,0,1,1,2,0,3,0,2,0,2,9,9,0,17,7,10,2,1,1,1,1,0,0,0,0
56101101,14,7,7,1,4,0,1,0,2,1,0,4,0,1,0,0,0,0,0,5,4,1,2,0,2,1,0,1,6,3,3,0,0,0
56101102,14,9,5,5,3,0,3,0,0,1,1,0,0,0,1,0,1,0,1,3,2,1,6,4,2,0,0,0,3,3,0,1,0,1
56101104,136,79,57,9,56,2,13,13,5,1,0,11,13,3,4,1,15,6,9,69,45,24,35,17,18,0,0,0,8,5,3,9,6,3
56101105,14,5,9,2,2,0,0,0,1,0,0,2,0,5,1,0,0,0,0,2,2,0,4,1,3,1,1,0,7,1,6,0,0,0
56101107,19,11,8,6,7,1,1,1,2,0,0,1,0,0,0,0,3,1,2,10,9,1,6,1,5,0,0,0,0,0,0,0,0,0
54170201,240,137,103,10,106,8,20,42,7,2,4,10,11,8,4,2,32,14,18,134,85,49,55,26,29,0,0,0,13,8,5,6,4,2
0883150,0,0,0,0,0,0,0,0,0,0,0,0,0,0,0,0,0,0,0,0,0,0,0,0,0,0,0,0,0,0,0,0,0,0
54153201,87,51,36,7,33,4,10,4,2,2,1,4,4,0,14,0,11,5,6,36,21,15,19,11,8,0,0,0,7,4,3,14,10,4
54153202,26,12,14,3,6,1,4,1,1,1,0,3,3,2,0,0,1,0,1,11,7,4,9,4,5,0,0,0,3,1,2,2,0,2
0883580,0,0,0,0,0,0,0,0,0,0,0,0,0,0,0,0,0,0,0,0,0,0,0,0,0,0,0,0,0,0,0,0,0,0
54144301,76,42,34,7,29,2,4,8,4,0,0,8,3,2,4,2,6,3,3,26,17,9,29,17,12,2,0,2,7,1,6,6,4,2
56688801,16,9,7,1,0,1,1,1,0,1,0,0,1,3,5,0,1,1,0,3,3,0,4,3,1,0,0,0,6,1,5,2,1,1
56688802,18,10,8,3,6,1,3,0,0,0,0,2,1,0,1,1,3,3,0,5,2,3,7,5,2,1,0,1,1,0,1,1,0,1
1164081,0,0,0,0,0,0,0,0,0,0,0,0,0,0,0,0,0,0,0,0,0,0,0,0,0,0,0,0,0,0,0,0,0,0
54168103,48,31,17,4,10,2,5,13,0,0,0,3,1,3,2,3,10,7,3,15,10,5,13,8,5,1,0,1,2,1,1,7,5,2
1185320,0,0,0,0,0,0,0,0,0,0,0,0,0,0,0,0,0,0,0,0,0,0,0,0,0,0,0,0,0,0,0,0,0,0
3361310,0,0,0,0,0,0,0,0,0,0,0,0,0,0,0,0,0,0,0,0,0,0,0,0,0,0,0,0,0,0,0,0,0,0
3361570,0,0,0,0,0,0,0,0,0,0,0,0,0,0,0,0,0,0,0,0,0,0,0,0,0,0,0,0,0,0,0,0,0,0
3361650,0,0,0,0,0,0,0,0,0,0,0,0,0,0,0,0,0,0,0,0,0,0,0,0,0,0,0,0,0,0,0,0,0,0
56113401,18,12,6,1,6,0,2,2,2,0,0,2,1,1,1,0,1,0,1,11,9,2,5,2,3,0,0,0,0,0,0,1,1,0
56113402,16,11,5,1,6,0,2,2,0,3,0,0,1,0,1,0,1,1,0,4,4,0,5,2,3,0,0,0,6,4,2,0,0,0
56113403,7,3,4,0,3,0,1,0,0,0,0,0,0,1,2,0,0,0,0,3,2,1,3,1,2,0,0,0,1,0,1,0,0,0
56113404,20,12,8,0,14,1,0,1,1,1,0,1,1,0,0,0,0,0,0,9,6,3,5,3,2,0,0,0,1,1,0,5,2,3
56113405,32,16,16,1,13,1,1,1,0,0,1,3,4,3,4,0,2,2,0,11,7,4,13,3,10,2,1,1,4,3,1,0,0,0
56113407,2425,1277,1148,104,972,87,220,195,80,23,33,137,125,153,208,16,224,100,124,957,597,360,817,371,446,29,6,23,258,122,136,140,81,59
56113408,45,25,20,2,24,5,1,2,4,0,1,1,1,1,3,0,2,0,2,12,8,4,19,10,9,1,0,1,8,5,3,3,2,1
56113409,21,12,9,4,9,1,1,0,1,0,0,2,2,0,1,0,0,0,0,12,5,7,5,4,1,0,0,0,0,0,0,4,3,1
56113410,12,5,7,0,5,0,3,2,1,0,0,0,0,0,1,0,1,0,1,7,3,4,3,1,2,0,0,0,1,1,0,0,0,0
56113411,17,9,8,0,3,1,1,1,1,0,0,0,1,2,7,0,1,0,1,5,4,1,8,4,4,0,0,0,3,1,2,0,0,0
56113412,30,15,15,4,13,2,2,2,2,0,0,0,1,1,2,0,5,1,4,18,13,5,4,1,3,0,0,0,2,0,2,1,0,1
56113414,9,5,4,0,3,2,1,1,1,0,0,0,0,1,0,0,2,0,2,3,3,0,2,1,1,1,1,0,1,0,1,0,0,0
56113415,12,6,6,0,8,0,1,0,1,0,0,0,0,0,1,0,2,0,2,7,5,2,3,1,2,0,0,0,0,0,0,0,0,0
54148601,60,35,25,13,27,3,3,5,0,2,0,2,2,0,1,1,2,1,1,27,19,8,21,7,14,0,0,0,2,2,0,8,6,2
54148602,32,18,14,1,14,1,1,4,0,0,0,4,3,0,3,0,5,3,2,13,8,5,8,4,4,2,1,1,3,1,2,1,1,0
56115102,411,235,176,38,116,3,71,28,25,2,3,29,13,26,14,4,68,34,34,127,85,42,141,75,66,2,0,2,43,22,21,30,19,11
56115103,17,13,4,3,3,0,2,5,1,0,0,3,0,0,0,0,1,1,0,5,4,1,6,3,3,0,0,0,3,3,0,2,2,0
56115104,38,24,14,8,11,3,2,2,2,0,2,3,2,2,0,0,7,4,3,13,10,3,7,4,3,0,0,0,5,3,2,6,3,3
56115105,14,5,9,1,4,0,1,3,1,0,0,2,0,0,1,0,1,1,0,6,3,3,6,1,5,0,0,0,1,0,1,0,0,0
56115106,57,31,26,6,18,0,4,10,2,0,0,3,2,8,1,1,4,1,3,24,17,7,18,8,10,1,0,1,7,3,4,3,2,1
56115107,22,13,9,4,8,1,1,1,1,0,0,1,3,0,0,0,2,1,1,8,5,3,9,4,5,0,0,0,2,2,0,1,1,0
56115108,13,9,4,4,0,1,1,1,0,0,0,1,0,1,2,0,0,0,0,2,2,0,10,6,4,0,0,0,1,1,0,0,0,0
56115109,84,50,34,7,51,1,4,6,1,0,1,6,3,0,1,0,10,8,2,31,17,14,25,14,11,2,1,1,3,1,2,13,9,4
1426540,0,0,0,0,0,0,0,0,0,0,0,0,0,0,0,0,0,0,0,0,0,0,0,0,0,0,0,0,0,0,0,0,0,0
56116902,23,11,12,8,3,0,2,2,1,0,0,2,2,1,1,0,2,1,1,9,6,3,9,4,5,0,0,0,2,0,2,1,0,1
56116903,28,14,14,4,5,1,6,2,3,0,0,0,3,0,0,0,4,3,1,9,4,5,13,5,8,0,0,0,1,1,0,1,1,0
56116907,349,179,170,18,52,10,56,20,38,1,6,20,7,14,4,2,47,11,36,133,95,38,115,47,68,4,2,2,31,12,19,19,12,7
57946702,34,18,16,4,11,5,2,3,0,1,0,1,3,0,3,0,2,0,2,10,8,2,18,9,9,1,0,1,2,0,2,1,1,0
57946703,27,16,11,8,13,3,0,0,3,0,0,0,0,0,0,0,10,5,5,13,7,6,1,1,0,0,0,0,0,0,0,3,3,0
0788410,0,0,0,0,0,0,0,0,0,0,0,0,0,0,0,0,0,0,0,0,0,0,0,0,0,0,0,0,0,0,0,0,0,0
56118501,46,28,18,4,18,4,4,6,1,1,0,2,1,3,1,1,2,0,2,17,15,2,11,5,6,1,0,1,11,6,5,4,2,2
56118502,19,12,7,3,7,2,2,2,0,0,0,2,1,0,0,0,3,2,1,8,5,3,5,3,2,0,0,0,1,1,0,2,1,1
56118503,67,39,28,6,29,4,4,13,0,0,0,1,2,3,5,0,4,3,1,20,16,4,29,12,17,1,1,0,12,6,6,1,1,0
56118504,337,189,148,23,143,14,22,55,10,3,2,14,19,19,3,3,55,27,28,153,98,55,76,36,40,2,1,1,24,12,12,27,15,12
56118505,93,52,41,6,30,5,8,13,1,1,5,11,3,4,2,1,7,2,5,24,15,9,44,25,19,1,1,0,10,5,5,7,4,3
56119301,31,21,10,9,11,1,1,5,2,0,0,0,1,0,0,0,2,1,1,18,13,5,8,5,3,0,0,0,2,2,0,1,0,1
56119302,36,18,18,3,19,3,1,2,0,0,0,2,1,1,0,0,3,1,2,18,10,8,11,3,8,1,1,0,2,2,0,1,1,0
56119303,76,46,30,20,33,6,4,5,0,0,0,3,1,1,1,1,8,1,7,38,25,13,14,9,5,1,1,0,5,2,3,10,8,2
3361810,0,0,0,0,0,0,0,0,0,0,0,0,0,0,0,0,0,0,0,0,0,0,0,0,0,0,0,0,0,0,0,0,0,0
56120701,49,32,17,4,22,3,0,7,0,1,0,1,5,6,0,0,1,0,1,22,17,5,22,13,9,0,0,0,3,1,2,1,1,0
56120702,21,11,10,1,12,0,3,0,0,0,0,0,2,2,1,0,0,0,0,7,6,1,9,3,6,0,0,0,3,2,1,2,0,2
56120704,16,9,7,2,4,0,2,3,0,0,0,4,1,0,0,0,2,2,0,7,5,2,4,2,2,1,0,1,2,0,2,0,0,0
56120705,36,18,18,2,12,2,6,7,0,0,0,2,2,0,2,0,5,1,4,18,11,7,11,4,7,0,0,0,1,1,0,1,1,0
56120706,21,12,9,2,8,2,0,3,1,0,0,2,1,1,0,1,4,2,2,13,8,5,3,1,2,0,0,0,1,1,0,0,0,0
56120707,6,3,3,0,4,0,0,1,0,0,0,0,0,0,0,1,0,0,0,4,1,3,2,2,0,0,0,0,0,0,0,0,0,0
56120708,19,12,7,1,10,1,1,1,0,0,0,1,3,1,0,0,2,0,2,5,5,0,6,2,4,1,1,0,4,4,0,1,0,1
56120709,14,8,6,1,7,0,1,1,0,0,0,4,0,0,0,0,1,0,1,6,5,1,6,3,3,0,0,0,1,0,1,0,0,0
56120710,376,209,167,20,165,11,30,49,5,3,4,17,16,34,9,5,40,21,19,142,96,46,134,61,73,3,1,2,32,14,18,25,16,9
56120711,16,10,6,2,3,1,3,1,1,1,0,0,0,1,0,0,0,0,0,7,4,3,7,6,1,0,0,0,1,0,1,1,0,1
3024810,0,0,0,0,0,0,0,0,0,0,0,0,0,0,0,0,0,0,0,0,0,0,0,0,0,0,0,0,0,0,0,0,0,0
56121501,44,27,17,2,20,4,3,2,0,0,0,2,4,4,2,0,3,2,1,24,14,10,9,7,2,1,0,1,5,2,3,2,2,0
56121502,48,31,17,0,27,2,5,4,0,1,0,4,2,0,1,1,6,4,2,22,16,6,17,9,8,1,0,1,1,1,0,1,1,0
56121503,12,7,5,0,7,1,2,1,0,0,0,0,1,0,0,0,0,0,0,7,6,1,4,1,3,0,0,0,1,0,1,0,0,0
56121504,19,10,9,1,13,1,0,1,0,0,0,1,1,0,1,0,4,1,3,7,5,2,7,4,3,0,0,0,1,0,1,0,0,0
56121505,78,42,36,1,44,3,6,7,3,1,0,6,2,2,1,0,7,4,3,41,25,16,19,8,11,1,1,0,5,1,4,5,3,2
56121508,685,350,335,11,347,22,43,63,18,9,10,59,27,33,31,1,69,29,40,247,156,91,238,105,133,16,4,12,73,34,39,42,22,20
56121510,411,225,186,8,181,25,36,33,5,6,4,37,19,24,15,6,37,14,23,137,92,45,141,68,73,6,1,5,61,34,27,29,16,13
56121511,743,409,334,14,343,45,55,42,24,11,4,55,40,53,30,8,66,31,35,250,158,92,288,148,140,10,6,4,90,43,47,39,23,16
56121512,602,352,250,9,254,33,71,55,15,11,3,58,21,24,19,11,88,42,46,203,129,74,183,105,78,7,4,3,72,37,35,49,35,14
56121514,376,204,172,7,153,18,34,30,10,6,3,27,31,27,18,0,31,16,15,115,76,39,146,73,73,5,1,4,69,33,36,10,5,5
56121515,538,285,253,14,225,30,47,45,16,8,5,34,28,46,30,2,53,24,29,186,114,72,202,95,107,8,4,4,67,32,35,22,16,6
56121518,508,261,247,9,250,19,41,31,12,9,6,32,36,35,14,0,47,15,32,171,104,67,181,74,107,8,4,4,70,45,25,31,19,12
56122301,278,155,123,21,89,22,24,28,11,1,2,15,29,16,11,2,20,13,7,97,67,30,113,51,62,7,3,4,30,15,15,11,6,5
56123101,105,59,46,5,48,3,7,8,0,2,1,8,6,8,5,2,9,5,4,42,30,12,40,17,23,4,2,2,10,5,5,0,0,0
56125803,22,17,5,4,7,0,0,5,0,0,0,1,0,2,0,1,7,5,2,9,8,1,2,0,2,0,0,0,2,2,0,2,2,0
56125804,168,94,74,5,82,9,14,21,2,0,1,9,10,7,6,0,24,11,13,75,51,24,41,17,24,4,0,4,9,3,6,15,12,3
55708101,138,84,54,10,86,15,4,6,2,0,1,7,2,1,4,0,9,5,4,60,41,19,45,22,23,3,2,1,9,7,2,12,7,5
56071501,34,16,18,3,11,0,6,4,1,0,1,3,2,1,0,0,0,0,0,16,8,8,13,6,7,1,0,1,2,1,1,2,1,1
56071502,21,11,10,3,8,2,2,2,1,0,0,3,0,0,0,0,2,1,1,8,6,2,9,3,6,0,0,0,2,1,1,0,0,0
56071504,96,55,41,5,29,9,17,9,6,1,2,7,5,2,4,0,6,3,3,36,21,15,42,22,20,3,2,1,7,5,2,2,2,0
56071506,43,30,13,2,26,4,1,2,1,0,1,0,3,1,0,0,1,1,0,14,11,3,21,13,8,0,0,0,5,3,2,2,2,0
56071507,94,56,38,13,44,2,7,3,1,0,1,4,6,5,5,0,7,3,4,57,37,20,22,11,11,0,0,0,6,3,3,2,2,0
56071509,34,18,16,2,8,3,3,2,3,0,1,1,4,7,0,0,1,1,0,11,5,6,13,7,6,0,0,0,7,3,4,2,2,0
56071510,18,10,8,2,6,3,4,1,0,0,0,2,0,0,0,0,2,1,1,7,6,1,7,2,5,0,0,0,1,1,0,1,0,1
56071511,1386,739,647,23,666,31,123,126,38,18,15,96,71,68,59,14,145,70,75,474,283,191,489,237,252,27,12,15,111,54,57,140,83,57
56071512,377,197,180,11,115,17,35,41,16,4,5,37,30,27,20,2,25,11,14,115,76,39,166,82,84,4,1,3,53,21,32,14,6,8
56071513,632,340,292,29,211,31,77,54,22,3,14,42,40,28,54,3,30,17,13,249,153,96,242,123,119,13,5,8,79,32,47,19,10,9
56071514,486,295,191,14,169,16,54,57,13,8,12,48,27,17,26,6,30,20,10,142,93,49,153,82,71,23,10,13,60,30,30,78,60,18
56071517,805,414,391,16,346,36,69,69,27,11,15,47,45,45,45,5,83,39,44,288,168,120,282,130,152,17,6,11,88,45,43,47,26,21
56071519,1432,737,695,31,575,49,140,145,42,10,22,98,102,86,57,25,124,63,61,510,297,213,496,228,268,22,12,10,178,72,106,102,65,37
56071520,474,256,218,12,162,24,42,43,17,9,7,47,21,38,33,4,37,19,18,169,112,57,174,80,94,11,5,6,66,33,33,17,7,10
56071521,158,84,74,2,72,7,18,14,0,2,0,16,7,4,7,1,26,10,16,78,50,28,31,10,21,2,2,0,7,3,4,14,9,5
56071522,237,125,112,7,83,5,28,24,6,2,6,16,21,20,13,1,16,9,7,77,56,21,89,37,52,8,1,7,39,16,23,8,6,2
56071523,227,135,92,3,107,5,32,17,8,0,4,12,4,11,7,4,33,22,11,61,34,27,85,56,29,5,3,2,30,15,15,13,5,8
56071524,168,83,85,6,65,5,18,16,8,2,2,10,12,6,8,2,20,12,8,41,23,18,67,32,35,4,2,2,29,10,19,7,4,3
54162101,25,12,13,4,16,0,1,0,0,0,0,0,1,2,0,0,5,1,4,6,3,3,6,4,2,0,0,0,5,2,3,3,2,1
54162102,29,15,14,2,10,2,3,2,1,1,0,3,1,0,1,2,3,0,3,13,9,4,9,4,5,1,0,1,2,1,1,1,1,0
54162103,122,64,58,7,52,4,18,16,3,1,1,6,3,3,3,3,8,3,5,66,37,29,27,12,15,0,0,0,9,6,3,12,6,6
54162104,38,24,14,7,15,0,3,3,1,1,0,2,4,0,2,0,5,1,4,16,11,5,10,7,3,1,1,0,4,2,2,2,2,0
54162105,14,7,7,0,4,0,1,1,0,0,0,0,3,1,3,0,1,1,0,3,1,2,5,2,3,0,0,0,5,3,2,0,0,0
56129101,14,5,9,0,10,0,0,2,0,0,0,0,1,0,1,0,0,0,0,9,4,5,5,1,4,0,0,0,0,0,0,0,0,0
56129102,96,58,38,7,44,14,4,5,1,1,0,8,4,1,1,0,13,6,7,48,34,14,26,11,15,0,0,0,3,2,1,6,5,1
56130401,25,16,9,10,4,0,2,2,4,0,0,1,0,1,1,0,3,3,0,11,7,4,8,4,4,0,0,0,2,1,1,1,1,0
56130402,39,25,14,7,15,1,3,4,2,0,0,2,0,0,2,0,10,5,5,14,11,3,10,7,3,1,0,1,2,1,1,2,1,1
56130403,14,7,7,1,6,0,0,0,0,0,0,1,1,3,1,1,0,0,0,5,3,2,8,3,5,0,0,0,1,1,0,0,0,0
56130404,21,10,11,3,8,0,3,6,0,0,0,0,0,1,0,0,3,1,2,13,7,6,3,1,2,1,0,1,0,0,0,1,1,0
56130405,80,44,36,12,37,1,3,7,6,0,0,4,7,2,1,0,5,4,1,39,21,18,29,13,16,3,2,1,1,1,0,3,3,0
54143501,70,40,30,7,39,5,6,4,1,1,1,3,0,0,1,0,7,2,5,33,21,12,23,12,11,0,0,0,2,2,0,5,3,2
57949101,31,18,13,1,12,1,1,3,1,0,0,4,4,0,3,0,0,0,0,12,9,3,15,5,10,0,0,0,2,2,0,2,2,0
57949102,64,35,29,1,37,1,6,8,0,0,0,2,2,1,5,0,6,3,3,36,22,14,16,7,9,0,0,0,3,2,1,3,1,2
54136201,27,16,11,8,7,3,2,3,0,0,1,0,1,1,1,0,0,0,0,17,10,7,10,6,4,0,0,0,0,0,0,0,0,0
54136202,90,50,40,6,37,5,6,11,3,2,0,5,6,0,8,0,9,5,4,47,30,17,23,12,11,2,0,2,5,0,5,4,3,1
54166401,193,107,86,11,94,15,12,17,2,0,1,13,5,12,5,3,26,13,13,107,70,37,36,9,27,2,1,1,10,6,4,12,8,4
54146001,65,38,27,3,33,0,5,5,2,1,0,7,1,2,2,1,9,3,6,26,18,8,16,9,7,0,0,0,2,0,2,12,8,4
0004850,0,0,0,0,0,0,0,0,0,0,0,0,0,0,0,0,0,0,0,0,0,0,0,0,0,0,0,0,0,0,0,0,0,0
55449901,45,28,17,2,16,1,2,7,5,0,0,4,0,1,4,2,7,4,3,20,13,7,12,6,6,0,0,0,3,2,1,3,3,0
55449902,40,21,19,4,15,4,2,6,3,0,0,0,3,3,0,0,6,4,2,15,9,6,17,7,10,0,0,0,1,0,1,1,1,0
55449903,260,152,108,8,102,18,24,26,9,0,1,10,19,13,20,1,33,19,14,124,82,42,71,36,35,4,2,2,15,7,8,13,6,7
55449904,15,9,6,0,3,0,2,4,0,0,1,1,1,1,0,0,3,1,2,7,3,4,3,3,0,0,0,0,2,2,0,0,0,0
55449905,15,6,9,1,4,1,1,2,0,0,0,2,1,0,3,0,2,1,1,7,2,5,6,3,3,0,0,0,0,0,0,0,0,0
55449906,30,15,15,2,7,1,3,2,1,0,0,7,3,1,3,0,4,3,1,12,8,4,10,0,10,1,1,0,2,2,0,1,1,0
55449907,34,22,12,0,21,4,4,1,0,0,0,1,1,0,2,0,8,4,4,17,13,4,7,3,4,0,0,0,1,1,0,1,1,0
55449908,68,41,27,4,26,6,7,2,1,0,0,8,1,6,5,2,7,4,3,20,14,6,21,11,10,0,0,0,16,8,8,4,4,0
55449909,1370,718,652,15,583,55,126,92,45,12,14,68,79,81,111,23,164,80,84,484,288,196,497,244,253,30,12,18,123,55,68,72,39,33
55449911,1963,1016,947,27,899,73,178,128,69,17,13,106,86,127,138,23,278,133,145,749,418,331,625,305,320,28,13,15,177,82,95,106,65,41
55449912,248,135,113,1,97,9,28,17,15,1,2,15,18,12,18,7,32,17,15,89,60,29,83,35,48,2,0,2,21,10,11,21,13,8
55449913,89,48,41,2,34,7,6,4,7,2,1,5,8,6,4,1,13,10,3,34,20,14,27,10,17,2,0,2,4,2,2,9,6,3
55449914,502,264,238,6,210,21,52,32,22,6,1,33,21,20,43,9,77,45,32,178,105,73,157,68,89,8,3,5,52,24,28,30,19,11
55449915,526,297,229,5,261,29,55,29,22,5,5,25,21,14,32,6,85,52,33,203,119,84,146,71,75,9,4,5,28,12,16,55,39,16
55449916,293,164,129,3,152,14,22,17,7,2,3,12,10,18,20,1,46,27,19,104,66,38,87,41,46,3,0,3,32,15,17,21,15,6
55449917,18,10,8,1,5,2,1,4,1,0,0,0,1,0,2,0,2,2,0,5,3,2,7,4,3,1,0,1,3,1,2,0,0,0
55449918,174,97,77,3,58,6,31,8,12,1,1,13,2,3,15,3,36,21,15,59,37,22,51,24,27,3,1,2,12,7,5,13,7,6
0304222,0,0,0,0,0,0,0,0,0,0,0,0,0,0,0,0,0,0,0,0,0,0,0,0,0,0,0,0,0,0,0,0,0,0
55450201,390,222,168,38,99,16,44,40,28,4,1,21,22,28,34,3,38,24,14,170,108,62,123,63,60,0,0,0,32,10,22,27,17,10
55450203,37,21,16,4,10,5,1,4,2,2,0,2,1,5,0,0,7,6,1,14,6,8,7,6,1,0,0,0,7,1,6,2,2,0
55450204,31,17,14,10,7,1,7,2,1,0,0,0,1,0,1,0,1,1,0,13,8,5,10,5,5,0,0,0,4,1,3,3,2,1
55450205,19,9,10,5,6,0,2,1,0,0,0,1,2,1,1,0,0,0,0,6,4,2,10,3,7,0,0,0,3,2,1,0,0,0
55450206,38,20,18,7,8,1,3,6,3,0,0,3,2,1,2,2,3,1,2,15,12,3,13,3,10,1,1,0,4,2,2,2,1,1
55450207,25,15,10,6,6,1,1,2,3,0,0,1,2,0,2,0,2,2,0,12,7,5,7,4,3,0,0,0,3,1,2,1,1,0
55451101,499,279,220,22,120,33,52,29,54,10,5,32,27,38,53,4,20,10,10,192,124,68,191,95,96,5,1,4,77,38,39,14,11,3
0346494,0,0,0,0,0,0,0,0,0,0,0,0,0,0,0,0,0,0,0,0,0,0,0,0,0,0,0,0,0,0,0,0,0,0
0346495,0,0,0,0,0,0,0,0,0,0,0,0,0,0,0,0,0,0,0,0,0,0,0,0,0,0,0,0,0,0,0,0,0,0
0346812,0,0,0,0,0,0,0,0,0,0,0,0,0,0,0,0,0,0,0,0,0,0,0,0,0,0,0,0,0,0,0,0,0,0
55452901,1409,729,680,19,262,81,147,117,219,13,13,94,63,74,213,15,102,56,46,434,279,155,546,234,312,35,11,24,223,118,105,69,31,38
55452902,442,230,212,7,92,32,58,22,53,3,5,33,34,33,50,5,23,8,15,138,98,40,176,71,105,8,5,3,90,42,48,7,6,1
55452904,23,10,13,5,2,1,2,2,4,0,0,1,0,1,3,1,4,2,2,10,5,5,8,3,5,1,0,1,0,0,0,0,0,0
55452905,224,122,102,6,44,12,22,16,36,0,4,14,12,12,34,1,17,9,8,55,36,19,103,52,51,2,1,1,44,22,22,3,2,1
55452906,22,11,11,1,4,2,3,4,0,0,0,2,3,0,2,0,3,1,2,5,3,2,10,5,5,0,0,0,4,2,2,0,0,0
55452907,148,78,70,4,28,15,23,13,11,1,4,12,8,5,17,1,3,1,2,47,30,17,59,31,28,3,0,3,30,12,18,6,4,2
55452908,18,6,12,0,6,2,0,1,2,0,0,0,2,0,1,1,3,0,3,7,4,3,7,2,5,0,0,0,0,0,0,1,0,1
55452910,24,12,12,1,3,2,2,4,1,0,0,1,5,1,1,1,1,0,1,10,7,3,9,3,6,0,0,0,3,2,1,1,0,1
55452911,109,56,53,0,26,6,9,10,14,2,1,8,6,8,14,0,5,3,2,39,25,14,44,21,23,0,0,0,21,7,14,0,0,0
55454501,70,44,26,1,18,6,5,3,5,1,1,5,7,6,9,0,11,8,3,24,16,8,28,17,11,0,0,0,5,1,4,2,2,0
55454502,539,297,242,16,229,33,48,43,51,0,0,25,18,25,29,5,73,39,34,271,164,107,144,63,81,5,3,2,25,11,14,21,17,4
55454504,11,7,4,1,4,2,1,0,1,0,0,0,0,1,0,0,1,1,0,2,2,0,6,3,3,0,0,0,2,1,1,0,0,0
55454505,16,9,7,0,3,2,3,1,2,0,0,2,1,0,1,0,0,0,0,8,4,4,3,1,2,0,0,0,2,1,1,3,3,0
55454506,14,8,6,0,3,1,0,0,1,0,0,0,3,3,1,0,1,0,1,5,4,1,4,1,3,0,0,0,4,3,1,0,0,0
55454507,12,6,6,2,4,1,0,1,0,1,0,1,0,1,1,0,1,1,0,6,5,1,2,0,2,1,0,1,1,0,1,1,0,1
55454508,14,8,6,0,4,0,2,1,0,0,0,1,0,1,2,0,0,0,0,5,3,2,5,3,2,1,1,0,3,1,2,0,0,0
55454509,31,18,13,0,10,3,6,3,0,1,0,1,2,0,3,0,4,4,0,12,7,5,10,4,6,0,0,0,4,2,2,1,1,0
55455301,41,23,18,3,21,2,3,5,0,0,0,2,1,1,2,0,12,6,6,21,13,8,5,3,2,1,0,1,0,0,0,2,1,1
55455302,29,16,13,1,16,3,2,0,3,0,0,0,1,1,2,0,4,2,2,17,10,7,7,4,3,0,0,0,1,0,1,0,0,0
55455303,719,387,332,25,434,29,47,35,16,4,1,32,25,27,26,9,129,60,69,329,197,132,170,82,88,1,0,1,29,17,12,61,31,30
55455305,8,6,2,0,3,1,1,0,0,1,0,0,0,1,0,0,1,1,0,1,1,0,2,1,1,0,0,0,3,2,1,1,1,0
55455307,35,23,12,1,16,4,0,4,0,0,1,2,2,2,3,0,6,5,1,15,9,6,7,4,3,1,0,1,5,4,1,1,1,0
55455308,98,46,52,2,69,2,3,4,2,0,0,4,3,3,5,0,26,14,12,51,23,28,9,4,5,0,0,0,3,2,1,9,3,6
55455309,31,14,17,1,10,0,1,3,2,1,0,4,1,1,6,0,4,1,3,10,5,5,10,6,4,0,0,0,5,1,4,2,1,1
0510802,0,0,0,0,0,0,0,0,0,0,0,0,0,0,0,0,0,0,0,0,0,0,0,0,0,0,0,0,0,0,0,0,0,0
0510980,0,0,0,0,0,0,0,0,0,0,0,0,0,0,0,0,0,0,0,0,0,0,0,0,0,0,0,0,0,0,0,0,0,0
3018680,0,0,0,0,0,0,0,0,0,0,0,0,0,0,0,0,0,0,0,0,0,0,0,0,0,0,0,0,0,0,0,0,0,0
3018840,0,0,0,0,0,0,0,0,0,0,0,0,0,0,0,0,0,0,0,0,0,0,0,0,0,0,0,0,0,0,0,0,0,0
3364410,0,0,0,0,0,0,0,0,0,0,0,0,0,0,0,0,0,0,0,0,0,0,0,0,0,0,0,0,0,0,0,0,0,0
55448101,15,7,8,0,1,4,1,0,0,1,0,2,2,1,1,0,0,0,0,2,1,1,11,5,6,0,0,0,2,1,1,0,0,0
55448102,31,19,12,2,7,3,3,6,1,0,0,3,3,0,2,1,1,0,1,14,11,3,12,7,5,0,0,0,3,1,2,1,0,1
55448103,28,15,13,3,3,4,7,0,1,0,2,0,2,1,4,0,4,2,2,15,11,4,7,1,6,0,0,0,2,1,1,0,0,0
55448104,52,29,23,0,2,1,16,0,12,1,0,3,0,0,0,1,17,11,6,4,3,1,23,9,14,0,0,0,6,4,2,2,2,0
55448105,459,255,204,14,95,31,63,37,27,8,5,41,49,31,45,1,29,15,14,115,80,35,194,90,104,5,2,3,110,63,47,6,5,1
55448106,30,12,18,0,8,2,2,7,3,0,0,2,1,4,0,0,3,1,2,10,5,5,12,5,7,0,0,0,3,1,2,2,0,2
55448107,48,25,23,3,7,5,5,7,5,0,0,3,2,3,5,2,2,0,2,17,16,1,19,7,12,0,0,0,6,1,5,4,1,3
55448108,68,38,30,3,21,5,8,5,8,0,0,3,4,3,6,0,8,3,5,39,23,16,15,8,7,0,0,0,3,2,1,3,2,1
55448109,22,15,7,1,6,2,2,4,0,0,0,0,4,0,3,0,1,0,1,13,10,3,6,4,2,0,0,0,2,1,1,0,0,0
55448110,87,40,47,2,17,5,8,7,9,1,1,10,6,7,10,0,6,3,3,26,13,13,36,16,20,1,1,0,18,7,11,0,0,0
55448111,46,27,19,2,14,1,5,5,1,0,0,7,4,0,5,0,4,1,3,20,13,7,18,10,8,0,0,0,3,2,1,1,1,0
55448112,80,38,42,4,28,4,12,4,11,0,0,0,6,2,5,3,3,2,1,40,25,15,30,9,21,0,0,0,2,0,2,5,2,3
55448113,22,15,7,2,5,0,1,7,1,0,0,1,1,0,2,1,1,1,0,13,10,3,4,1,3,0,0,0,2,1,1,2,2,0
55448114,23,15,8,0,9,2,1,2,2,1,0,2,2,0,1,1,3,2,1,11,9,2,9,4,5,0,0,0,0,0,0,0,0,0
55448115,15,9,6,0,4,2,1,0,3,0,0,2,1,1,1,0,0,0,0,8,5,3,5,3,2,0,0,0,2,1,1,0,0,0
55448116,11,7,4,0,4,1,2,0,0,0,0,1,0,1,2,0,1,1,0,7,4,3,3,2,1,0,0,0,0,0,0,0,0,0
55448117,272,154,118,4,56,32,36,25,11,1,3,22,22,20,27,0,14,8,6,115,78,37,94,46,48,3,1,2,38,16,22,8,5,3
55448118,56,33,23,3,9,6,12,3,5,1,2,3,2,3,4,0,1,0,1,16,8,8,25,15,10,1,1,0,13,9,4,0,0,0
55448119,16,7,9,1,5,0,3,0,0,0,0,1,2,0,2,0,4,3,1,7,3,4,3,0,3,1,0,1,1,1,0,0,0,0
55448120,11,7,4,0,4,1,1,2,1,0,0,0,0,0,1,0,1,1,0,6,5,1,3,0,3,0,0,0,1,1,0,0,0,0
55448121,113,62,51,6,28,16,13,4,11,2,1,6,2,3,14,1,11,6,5,47,26,21,35,16,19,2,2,0,14,8,6,4,4,0
55448123,41,25,16,2,19,6,2,3,1,0,1,0,0,2,1,0,5,3,2,27,20,7,7,1,6,0,0,0,1,1,0,1,0,1
55448124,51,26,25,2,12,4,12,7,1,0,0,3,0,2,3,1,2,0,2,19,10,9,17,9,8,0,0,0,4,2,2,9,5,4
55448125,121,74,47,1,41,11,20,26,1,1,1,5,6,2,4,0,8,4,4,49,30,19,39,21,18,1,0,1,8,5,3,16,14,2
55448126,197,125,72,4,55,36,22,25,12,0,0,11,7,7,10,4,31,22,9,72,51,21,50,24,26,7,2,5,13,4,9,24,22,2
55448127,35,19,16,1,9,0,5,9,0,0,0,4,1,1,4,1,5,2,3,9,5,4,15,9,6,0,0,0,4,2,2,2,1,1
55448128,52,29,23,2,8,3,8,6,7,0,0,2,2,6,7,1,7,3,4,19,13,6,13,5,8,2,1,1,8,4,4,3,3,0
55448129,973,514,459,10,250,55,146,98,49,11,15,53,54,44,117,16,99,52,47,339,212,127,365,173,192,11,5,6,106,39,67,53,33,20
55448130,798,423,375,10,206,65,112,81,51,7,9,65,38,40,61,9,122,66,56,281,165,116,253,122,131,4,1,3,81,36,45,57,33,24
55448131,872,470,402,21,195,57,138,53,63,11,15,43,65,46,104,8,103,62,41,258,168,90,337,150,187,16,3,13,120,64,56,38,23,15
55448132,1181,613,568,21,266,63,175,131,71,8,13,100,83,74,105,13,136,68,68,426,240,186,390,202,188,22,7,15,161,66,95,46,30,16
55448133,1040,603,437,21,220,65,143,96,81,12,12,77,55,61,94,21,136,80,56,306,201,105,345,173,172,22,7,15,100,45,55,131,97,34
55448134,947,492,455,10,188,68,116,85,63,16,8,82,47,68,111,13,96,51,45,269,169,100,354,163,191,20,3,17,160,75,85,48,31,17
55448136,1664,836,828,30,410,114,228,145,64,18,20,100,121,104,202,16,150,72,78,561,340,221,619,272,347,34,10,24,245,109,136,55,33,22
55448138,20,10,10,0,9,0,2,0,1,0,0,1,4,1,0,0,1,1,0,2,1,1,13,7,6,0,0,0,4,1,3,0,0,0
55448139,366,212,154,8,74,25,47,28,24,5,7,31,9,31,46,13,26,16,10,119,79,40,119,61,58,4,2,2,78,43,35,20,11,9
55448140,280,142,138,9,46,21,27,26,17,9,2,24,21,19,39,0,23,8,15,60,33,27,123,65,58,7,1,6,57,28,29,10,7,3
55448141,382,207,175,1,68,36,34,94,18,4,8,26,18,19,37,0,36,19,17,105,59,46,113,55,58,10,3,7,77,42,35,41,29,12
55448142,1403,710,693,20,392,82,160,151,84,17,12,91,97,74,158,11,197,101,96,536,296,240,447,198,249,26,6,20,143,76,67,54,33,21
55448143,1871,979,892,18,406,135,249,195,137,22,29,116,141,101,186,16,223,110,113,613,375,238,682,330,352,39,12,27,228,105,123,86,47,39
55448144,448,233,215,12,86,30,57,36,18,7,7,41,39,34,55,3,13,4,9,103,63,40,200,103,97,9,4,5,110,52,58,13,7,6
55448145,103,57,46,3,26,6,11,9,6,0,0,13,14,7,4,0,9,6,3,38,25,13,40,18,22,1,0,1,11,5,6,4,3,1
0733770,0,0,0,0,0,0,0,0,0,0,0,0,0,0,0,0,0,0,0,0,0,0,0,0,0,0,0,0,0,0,0,0,0,0
53879501,18,10,8,2,7,0,1,1,0,0,0,1,1,0,2,1,2,2,0,4,2,2,11,6,5,0,0,0,1,0,1,0,0,0
53879502,256,143,113,10,110,13,17,17,12,0,2,15,15,11,19,6,36,20,16,114,73,41,73,35,38,4,0,4,25,12,13,4,3,1
0766600,0,0,0,0,0,0,0,0,0,0,0,0,0,0,0,0,0,0,0,0,0,0,0,0,0,0,0,0,0,0,0,0,0,0
55459601,108,58,50,10,37,9,6,9,10,0,0,4,9,5,5,2,10,3,7,58,42,16,32,11,21,4,1,3,2,0,2,2,1,1
55459602,18,7,11,3,8,0,1,0,2,0,0,1,0,1,0,0,5,3,2,9,3,6,4,1,3,0,0,0,0,0,0,0,0,0
55460002,14,7,7,1,3,0,0,0,4,0,0,1,0,0,3,0,0,0,0,1,1,0,5,3,2,0,0,0,3,2,1,5,1,4
55460003,617,328,289,74,126,35,54,42,42,4,9,30,26,36,111,5,52,28,24,239,156,83,212,89,123,13,4,9,77,38,39,24,13,11
0815910,0,0,0,0,0,0,0,0,0,0,0,0,0,0,0,0,0,0,0,0,0,0,0,0,0,0,0,0,0,0,0,0,0,0
0816210,0,0,0,0,0,0,0,0,0,0,0,0,0,0,0,0,0,0,0,0,0,0,0,0,0,0,0,0,0,0,0,0,0,0
0816470,0,0,0,0,0,0,0,0,0,0,0,0,0,0,0,0,0,0,0,0,0,0,0,0,0,0,0,0,0,0,0,0,0,0
0816550,0,0,0,0,0,0,0,0,0,0,0,0,0,0,0,0,0,0,0,0,0,0,0,0,0,0,0,0,0,0,0,0,0,0
55461801,26,15,11,1,8,0,3,5,1,0,0,5,0,0,2,1,1,1,0,13,6,7,8,6,2,0,0,0,2,1,1,2,1,1
55461802,36,23,13,2,7,4,3,6,3,0,0,8,1,0,2,0,10,5,5,5,4,1,4,1,3,1,0,1,4,3,1,12,10,2
55461803,364,198,166,20,89,43,44,23,15,6,7,28,29,14,27,3,34,14,20,147,95,52,121,61,60,5,1,4,41,15,26,16,12,4
0844680,0,0,0,0,0,0,0,0,0,0,0,0,0,0,0,0,0,0,0,0,0,0,0,0,0,0,0,0,0,0,0,0,0,0
0845060,0,0,0,0,0,0,0,0,0,0,0,0,0,0,0,0,0,0,0,0,0,0,0,0,0,0,0,0,0,0,0,0,0,0
55462601,14,9,5,1,4,0,2,1,0,0,0,0,3,0,1,1,1,1,0,5,4,1,5,3,2,0,0,0,3,1,2,0,0,0
55462602,22,12,10,0,4,3,5,1,1,0,0,0,4,0,4,0,4,3,1,7,5,2,8,2,6,1,1,0,2,1,1,0,0,0
55462604,25,17,8,4,11,1,2,2,0,0,1,1,0,0,0,0,9,7,2,4,3,1,5,3,2,0,0,0,5,2,3,2,2,0
55462605,17,10,7,1,6,1,2,2,0,0,0,0,0,2,1,1,0,0,0,3,3,0,9,4,5,0,0,0,3,2,1,2,1,1
55462606,150,83,67,16,33,18,11,14,7,2,2,7,8,15,9,2,14,7,7,64,41,23,40,22,18,2,1,1,20,4,16,10,8,2
55462607,23,14,9,1,3,1,4,3,1,1,0,1,2,3,2,0,1,1,0,8,3,5,10,7,3,0,0,0,4,3,1,0,0,0
55462608,11,8,3,3,1,0,1,0,1,0,0,0,3,0,1,1,0,0,0,2,2,0,8,5,3,0,0,0,1,1,0,0,0,0
55462610,44,28,16,9,5,8,4,6,0,0,0,4,2,1,1,1,7,5,2,19,12,7,11,7,4,1,0,1,4,3,1,2,1,1
55462612,26,15,11,1,9,5,3,4,0,0,0,0,3,0,1,0,0,0,0,18,12,6,7,3,4,0,0,0,1,0,1,0,0,0
0881700,0,0,0,0,0,0,0,0,0,0,0,0,0,0,0,0,0,0,0,0,0,0,0,0,0,0,0,0,0,0,0,0,0,0
55463401,9,5,4,1,4,1,1,1,0,0,0,0,0,1,0,0,0,0,0,6,4,2,2,0,2,0,0,0,0,0,0,1,1,0
55463402,18,11,7,4,6,0,1,0,4,0,0,1,1,0,1,0,1,0,1,10,8,2,7,3,4,0,0,0,0,0,0,0,0,0
55463403,817,450,367,28,362,32,51,73,32,6,7,39,45,45,60,14,115,57,58,386,240,146,219,100,119,11,5,6,43,21,22,43,27,16
55463407,19,11,8,2,8,1,0,2,0,0,2,0,1,1,1,1,0,0,0,9,7,2,7,3,4,1,0,1,1,0,1,1,1,0
0916340,0,0,0,0,0,0,0,0,0,0,0,0,0,0,0,0,0,0,0,0,0,0,0,0,0,0,0,0,0,0,0,0,0,0
0916690,0,0,0,0,0,0,0,0,0,0,0,0,0,0,0,0,0,0,0,0,0,0,0,0,0,0,0,0,0,0,0,0,0,0
55464201,13,8,5,7,1,0,0,0,2,0,0,1,0,0,1,1,2,1,1,5,4,1,1,0,1,0,0,0,2,1,1,3,2,1
55464202,60,34,26,0,7,3,7,3,7,1,0,13,2,9,4,1,1,1,0,3,2,1,23,11,12,3,2,1,25,15,10,5,3,2
55464204,430,215,215,8,82,13,42,47,68,3,3,32,31,28,46,2,30,15,15,160,88,72,153,71,82,9,2,7,64,33,31,14,6,8
55464205,283,155,128,9,62,10,33,33,36,3,4,23,13,17,21,3,32,19,13,87,56,31,114,56,58,2,2,0,39,16,23,9,6,3
55464206,69,36,33,2,11,3,10,11,7,0,1,5,3,7,7,0,3,2,1,23,17,6,28,10,18,0,0,0,12,6,6,3,1,2
55464207,1086,526,560,19,238,35,119,69,186,11,16,77,47,71,129,10,95,41,54,353,196,157,411,188,223,24,8,16,162,74,88,41,19,22
55464208,854,451,403,22,127,56,97,55,135,16,13,78,45,48,100,6,54,25,29,261,162,99,326,141,185,13,4,9,171,101,70,29,18,11
55464211,308,156,152,16,61,15,37,15,46,6,4,18,13,26,33,3,15,5,10,85,55,30,131,57,74,9,1,8,60,33,27,8,5,3
55464212,33,20,13,3,6,4,4,2,5,0,2,1,0,0,5,0,2,1,1,11,8,3,14,8,6,0,0,0,6,3,3,0,0,0
55464213,32,16,16,4,5,3,2,3,1,2,0,3,3,1,2,0,1,0,1,17,12,5,10,4,6,0,0,0,3,0,3,1,0,1
55464214,14,10,4,3,2,2,0,2,1,0,0,1,0,0,1,2,2,1,1,8,6,2,3,2,1,0,0,0,0,0,0,1,1,0
55464215,635,344,291,6,130,27,87,41,113,7,8,61,20,34,50,6,58,28,30,199,127,72,220,109,111,9,3,6,103,46,57,46,31,15
55464216,280,144,136,8,55,10,28,16,54,5,1,24,6,19,20,4,17,8,9,71,42,29,76,34,42,4,2,2,70,30,40,42,28,14
55464217,1052,535,517,22,192,63,124,79,172,20,9,87,52,69,81,12,92,48,44,349,216,133,386,166,220,31,14,17,146,65,81,48,26,22
55464218,431,234,197,9,68,20,35,41,73,13,2,57,10,23,36,9,41,19,22,115,75,40,115,48,67,13,5,8,74,41,33,73,46,27
0948380,0,0,0,0,0,0,0,0,0,0,0,0,0,0,0,0,0,0,0,0,0,0,0,0,0,0,0,0,0,0,0,0,0,0
55465101,15,10,5,1,4,1,4,1,0,0,0,0,1,1,1,0,0,0,0,11,7,4,2,2,0,1,0,1,0,0,0,1,1,0
55465104,113,67,46,11,40,10,5,12,6,1,1,6,2,2,8,4,34,19,15,58,37,21,11,5,6,0,0,0,2,1,1,8,5,3
55465105,10,6,4,0,5,2,0,1,0,0,0,0,0,0,1,0,2,1,1,7,5,2,1,0,1,0,0,0,0,0,0,0,0,0
53890601,34,22,12,6,12,5,2,4,0,0,0,2,0,0,1,0,5,3,2,18,14,4,8,3,5,1,0,1,0,0,0,2,2,0
53890602,69,35,34,10,12,5,4,12,3,2,0,5,5,4,2,4,4,2,2,30,19,11,25,10,15,1,1,0,5,2,3,4,1,3
53890603,20,11,9,4,2,1,3,0,1,0,0,2,1,0,3,0,1,1,0,6,3,3,7,3,4,1,1,0,3,2,1,2,1,1
53890606,12,7,5,1,4,1,2,1,0,0,0,0,1,1,1,0,0,0,0,8,6,2,2,1,1,1,0,1,1,0,1,0,0,0
55467701,77,47,30,9,22,5,5,7,7,1,0,4,4,1,12,0,12,7,5,44,28,16,15,9,6,1,0,1,2,1,1,3,2,1
55467702,36,20,16,8,6,2,3,0,3,1,0,4,2,1,5,1,3,2,1,21,16,5,9,1,8,0,0,0,1,0,1,2,1,1
55467703,45,26,19,2,4,4,3,7,6,1,1,7,3,0,4,0,5,4,1,18,11,7,14,7,7,0,0,0,8,4,4,0,0,0
55469301,14,8,6,1,6,0,0,0,1,0,0,2,1,0,3,0,0,0,0,6,4,2,8,4,4,0,0,0,0,0,0,0,0,0
55469304,173,93,80,15,49,12,26,18,5,0,3,5,15,8,12,0,16,9,7,79,51,28,63,27,36,2,0,2,8,3,5,5,3,2
0692050,0,0,0,0,0,0,0,0,0,0,0,0,0,0,0,0,0,0,0,0,0,0,0,0,0,0,0,0,0,0,0,0,0,0
1077270,0,0,0,0,0,0,0,0,0,0,0,0,0,0,0,0,0,0,0,0,0,0,0,0,0,0,0,0,0,0,0,0,0,0
55470701,36,24,12,8,11,2,3,3,1,0,0,1,1,3,2,1,3,3,0,14,10,4,15,9,6,0,0,0,3,1,2,1,1,0
55470704,12,5,7,0,2,2,0,1,0,1,0,2,0,2,0,1,0,0,0,3,2,1,3,1,2,1,1,0,5,1,4,0,0,0
55470706,15,8,7,4,4,2,2,1,1,0,0,0,0,1,0,0,0,0,0,7,4,3,6,4,2,0,0,0,2,0,2,0,0,0
55470708,25,16,9,7,8,0,1,4,0,0,1,0,1,1,1,1,4,1,3,10,7,3,5,3,2,0,0,0,2,1,1,4,4,0
55470710,114,64,50,13,50,4,6,4,7,1,1,6,3,11,6,0,14,10,4,60,37,23,27,13,14,0,0,0,7,1,6,6,3,3
55470712,13,11,2,1,1,0,2,3,1,0,0,1,2,1,0,0,0,0,0,7,6,1,5,4,1,0,0,0,0,0,0,1,1,0
53955401,11,7,4,0,3,2,0,1,0,0,0,0,2,2,0,1,0,0,0,4,3,1,1,0,1,0,0,0,2,0,2,4,4,0
53955403,17,10,7,3,3,0,0,2,2,0,0,0,1,3,1,1,0,0,0,7,5,2,4,1,3,0,0,0,5,3,2,1,1,0
53955404,21,11,10,3,2,1,4,3,1,0,0,0,2,1,2,1,1,1,0,6,3,3,7,4,3,1,0,1,4,2,2,2,1,1
53955405,39,20,19,3,8,3,6,5,3,0,1,4,3,0,3,0,4,1,3,13,7,6,12,7,5,1,0,1,6,2,4,3,3,0
53955406,20,12,8,0,7,2,3,3,0,0,0,1,0,0,2,0,3,2,1,8,6,2,8,3,5,0,0,0,1,1,0,0,0,0
53892201,35,21,14,2,11,3,3,1,4,0,3,1,2,2,0,0,1,1,0,10,8,2,17,9,8,0,0,0,6,2,4,1,1,0
53892202,95,49,46,16,20,9,8,8,4,1,0,6,5,2,8,1,13,7,6,43,25,18,25,10,15,1,1,0,4,0,4,9,6,3
1171450,0,0,0,0,0,0,0,0,0,0,0,0,0,0,0,0,0,0,0,0,0,0,0,0,0,0,0,0,0,0,0,0,0,0
53947301,66,38,28,12,9,2,8,4,7,1,1,6,2,3,6,0,5,2,3,33,24,9,18,7,11,0,0,0,3,1,2,7,4,3
55474001,56,31,25,5,17,3,5,6,7,1,0,2,3,3,3,0,8,3,5,28,19,9,13,5,8,0,0,0,2,0,2,5,4,1
55474002,657,382,275,14,270,39,60,65,32,4,7,23,33,54,31,7,95,53,42,316,197,119,182,94,88,3,1,2,30,15,15,31,22,9
55474003,151,80,71,5,52,16,13,12,6,2,2,9,7,16,7,1,16,6,10,77,46,31,40,21,19,2,1,1,10,1,9,6,5,1
53881701,99,50,49,5,46,7,6,9,2,0,0,6,6,2,6,1,12,6,6,40,25,15,29,10,19,1,0,1,6,5,1,11,4,7
53886801,71,40,31,4,18,5,4,4,4,3,1,11,1,3,11,0,7,4,3,30,21,9,22,10,12,1,0,1,11,5,6,0,0,0
53886803,41,23,18,1,9,2,2,5,3,1,0,4,4,0,6,0,0,0,0,9,7,2,18,8,10,1,0,1,12,7,5,1,1,0
53886804,63,35,28,0,10,10,5,11,1,1,2,6,7,3,5,1,1,0,1,17,13,4,29,13,16,0,0,0,14,8,6,2,1,1
57797901,44,24,20,3,4,4,7,2,9,0,0,5,0,1,5,0,2,1,1,15,10,5,14,7,7,2,1,1,8,3,5,3,2,1
57797902,39,22,17,2,15,5,2,4,2,0,0,1,2,0,3,0,8,3,5,19,12,7,8,4,4,0,0,0,1,0,1,3,3,0
53953801,46,25,21,8,6,3,3,3,6,2,0,4,3,1,4,2,6,4,2,23,12,11,9,5,4,0,0,0,4,2,2,4,2,2
1481300,0,0,0,0,0,0,0,0,0,0,0,0,0,0,0,0,0,0,0,0,0,0,0,0,0,0,0,0,0,0,0,0,0,0
1481480,0,0,0,0,0,0,0,0,0,0,0,0,0,0,0,0,0,0,0,0,0,0,0,0,0,0,0,0,0,0,0,0,0,0
55481201,14,9,5,0,4,2,0,2,0,1,1,0,0,0,3,0,2,2,0,3,2,1,6,3,3,0,0,0,3,2,1,0,0,0
55481203,772,423,349,23,259,52,69,97,58,3,6,34,36,51,47,12,92,44,48,282,183,99,268,139,129,23,6,17,86,43,43,21,8,13
55481204,87,47,40,3,42,2,10,8,6,0,0,1,3,7,1,0,12,6,6,39,22,17,22,12,10,1,0,1,10,6,4,3,1,2
55481206,16,6,10,0,3,1,3,0,0,0,0,2,1,0,5,1,1,1,0,5,2,3,4,1,3,0,0,0,1,1,0,5,1,4
1540320,0,0,0,0,0,0,0,0,0,0,0,0,0,0,0,0,0,0,0,0,0,0,0,0,0,0,0,0,0,0,0,0,0,0
1540410,0,0,0,0,0,0,0,0,0,0,0,0,0,0,0,0,0,0,0,0,0,0,0,0,0,0,0,0,0,0,0,0,0,0
53911201,55,29,26,0,7,6,4,5,10,0,0,6,2,6,4,1,3,3,0,17,11,6,26,10,16,1,1,0,8,4,4,0,0,0
53911202,37,18,19,3,12,0,2,4,5,1,0,4,0,1,2,0,7,2,5,13,7,6,9,5,4,0,0,0,6,3,3,2,1,1
53911203,14,9,5,3,1,0,2,2,2,1,0,2,0,0,1,0,0,0,0,6,3,3,7,5,2,0,0,0,0,0,0,1,1,0
53911204,119,76,43,12,29,9,15,7,9,1,1,8,8,7,8,0,15,12,3,55,42,13,33,13,20,1,1,0,9,3,6,6,5,1
53911206,12,8,4,4,0,0,1,2,4,0,0,0,0,0,0,1,0,0,0,6,3,3,6,5,1,0,0,0,0,0,0,0,0,0
55563101,12,7,5,2,2,2,1,0,0,0,0,2,1,0,1,0,2,1,1,5,4,1,1,0,1,0,0,0,0,0,0,4,2,2
55563102,16,12,4,1,4,2,3,4,0,0,1,1,0,0,0,0,0,0,0,12,10,2,3,1,2,0,0,0,1,1,0,0,0,0
55563104,14,8,6,3,4,3,1,2,1,0,0,0,0,0,0,0,5,3,2,6,4,2,2,0,2,0,0,0,1,1,0,0,0,0
55563106,13,12,1,7,2,2,0,0,0,0,0,2,0,0,0,0,9,8,1,3,3,0,0,0,0,0,0,0,1,1,0,0,0,0
55563107,23,15,8,10,3,0,1,1,2,0,0,0,0,2,2,0,1,1,0,13,10,3,7,3,4,0,0,0,2,1,1,0,0,0
55563111,21,14,7,2,4,2,2,3,2,0,2,1,2,0,1,0,2,1,1,9,8,1,8,5,3,0,0,0,2,0,2,0,0,0
55563113,15,8,7,3,3,2,0,1,2,0,0,1,0,0,2,0,2,2,0,10,5,5,2,1,1,0,0,0,1,0,1,0,0,0
55563114,8,5,3,2,1,0,3,1,0,0,0,0,0,0,0,0,0,0,0,4,3,1,1,0,1,0,0,0,0,0,0,3,2,1
55563116,30,20,10,12,9,0,1,2,1,0,0,1,1,0,2,0,12,8,4,12,8,4,2,1,1,0,0,0,0,0,0,4,3,1
55563117,10,6,4,0,2,1,0,1,0,0,0,2,0,0,2,1,4,2,2,1,1,0,3,2,1,0,0,0,0,0,0,2,1,1
55563118,12,9,3,3,4,1,1,1,1,0,0,0,0,1,0,0,3,3,0,6,3,3,3,3,0,0,0,0,0,0,0,0,0,0
55563119,15,8,7,2,2,1,0,1,0,0,0,1,3,1,3,0,2,2,0,4,4,0,6,1,5,0,0,0,3,1,2,0,0,0
55563120,5,5,0,0,1,3,0,1,0,0,0,0,0,0,0,0,1,1,0,1,1,0,1,1,0,0,0,0,2,2,0,0,0,0
55563123,41,24,17,7,8,3,1,6,3,0,0,2,0,2,3,0,10,5,5,12,8,4,8,4,4,1,1,0,4,3,1,6,3,3
55563125,13,10,3,1,3,2,0,2,0,0,0,1,1,0,1,0,2,2,0,4,2,2,4,4,0,1,0,1,0,0,0,2,2,0
55563126,36,25,11,13,8,1,2,4,3,0,0,0,2,0,1,1,16,10,6,14,10,4,2,1,1,0,0,0,0,0,0,4,4,0
55563127,880,502,378,99,202,72,81,72,70,10,5,51,44,77,52,10,109,69,40,382,235,147,240,117,123,13,5,8,69,31,38,67,45,22
55563128,30,19,11,3,11,3,5,1,0,1,1,1,0,2,0,0,6,5,1,13,8,5,7,4,3,1,1,0,1,0,1,2,1,1
1688400,0,0,0,0,0,0,0,0,0,0,0,0,0,0,0,0,0,0,0,0,0,0,0,0,0,0,0,0,0,0,0,0,0,0
55485501,34,18,16,8,12,2,2,2,1,0,0,1,1,3,1,0,7,2,5,19,13,6,7,2,5,0,0,0,0,0,0,1,1,0
55485502,155,87,68,18,31,8,23,20,12,1,1,14,8,6,7,1,27,16,11,74,43,31,42,22,20,4,1,3,6,3,3,2,2,0
53902301,16,12,4,0,4,2,1,1,4,1,0,1,0,0,2,0,3,2,1,7,5,2,4,4,0,0,0,0,1,0,1,1,1,0
53902302,14,8,6,0,3,1,1,2,1,0,0,0,1,1,3,0,1,1,0,2,2,0,7,2,5,1,1,0,3,2,1,0,0,0
53902303,27,13,14,2,7,1,2,4,2,0,1,3,0,0,3,0,2,1,1,10,5,5,8,4,4,0,0,0,7,3,4,0,0,0
53902305,13,7,6,2,3,0,1,3,0,0,0,1,0,0,3,0,6,2,4,6,4,2,1,1,0,0,0,0,0,0,0,0,0,0
53902306,25,15,10,4,4,1,2,1,6,0,0,3,0,1,1,0,3,1,2,8,7,1,9,4,5,0,0,0,3,2,1,2,1,1
53902308,112,56,56,6,34,8,14,15,3,1,3,5,7,2,8,2,2,1,1,47,34,13,44,13,31,0,0,0,13,2,11,6,6,0
53902310,23,14,9,2,6,1,4,3,2,2,0,1,1,0,1,0,0,0,0,11,10,1,12,4,8,0,0,0,0,0,0,0,0,0
55488001,9,2,7,2,2,0,1,0,1,0,0,0,0,2,0,0,1,0,1,2,0,2,5,2,3,0,0,0,1,0,1,0,0,0
55488002,53,33,20,5,17,3,6,1,5,2,0,5,1,2,5,1,2,0,2,22,18,4,17,8,9,3,2,1,8,5,3,1,0,1
55488003,152,83,69,18,41,5,9,7,15,3,3,10,10,13,11,0,8,7,1,53,36,17,61,27,34,1,0,1,22,8,14,7,5,2
55488004,19,10,9,7,4,0,1,3,1,0,0,0,0,1,1,0,0,0,0,5,3,2,9,4,5,0,0,0,5,3,2,0,0,0
55488005,76,45,31,9,19,3,3,7,4,3,1,3,8,1,9,0,6,3,3,30,22,8,25,15,10,1,0,1,9,3,6,5,2,3
55488006,128,68,60,11,38,4,19,10,14,0,1,8,4,12,6,0,24,12,12,55,31,24,29,14,15,2,2,0,12,6,6,6,3,3
1718082,0,0,0,0,0,0,0,0,0,0,0,0,0,0,0,0,0,0,0,0,0,0,0,0,0,0,0,0,0,0,0,0,0,0
53961901,19,11,8,0,4,0,2,2,1,0,2,2,4,1,1,0,0,0,0,6,4,2,8,4,4,0,0,0,4,2,2,1,1,0
53961902,28,14,14,0,9,6,1,1,1,0,0,2,3,3,0,0,3,0,3,16,10,6,4,3,1,0,0,0,4,0,4,1,1,0
53961903,21,11,10,2,8,0,1,2,1,0,0,2,2,1,0,0,2,0,2,12,7,5,4,2,2,1,0,1,1,1,0,1,1,0
53948101,229,123,106,10,43,22,26,14,23,4,2,13,7,22,25,0,19,11,8,83,51,32,79,36,43,3,2,1,41,22,19,4,1,3
53927901,323,178,145,14,60,15,33,28,53,2,2,23,15,19,35,1,22,10,12,126,75,51,124,60,64,5,0,5,33,22,11,13,11,2
53927903,10,7,3,0,1,3,2,0,1,0,0,0,0,2,1,0,0,0,0,2,2,0,5,4,1,0,0,0,3,1,2,0,0,0
53927904,803,431,372,22,155,61,96,50,103,10,15,79,47,56,60,6,48,27,21,272,167,105,293,138,155,11,6,5,133,63,70,46,30,16
57800201,77,46,31,4,26,10,5,9,5,0,1,4,3,4,3,1,9,1,8,35,28,7,19,9,10,1,0,1,6,2,4,7,6,1
53937601,13,8,5,2,1,0,2,1,1,0,0,3,0,2,0,0,0,0,0,2,2,0,2,2,0,1,1,0,8,3,5,0,0,0
53937602,52,30,22,10,13,2,6,8,3,0,0,4,0,3,2,0,6,3,3,26,14,12,14,8,6,0,0,0,4,3,1,2,2,0
53907401,10,6,4,1,2,0,2,0,4,0,0,0,0,0,1,0,1,1,0,4,4,0,5,1,4,0,0,0,0,0,0,0,0,0
53907402,26,10,16,2,3,0,6,1,3,0,0,3,0,1,7,0,3,1,2,10,4,6,9,4,5,0,0,0,2,1,1,2,0,2
53907403,34,21,13,3,8,3,4,4,5,1,0,3,1,0,1,0,3,3,0,17,10,7,13,7,6,0,0,0,0,0,0,1,1,0
53907404,43,26,17,1,14,2,4,6,2,4,0,1,3,1,2,2,7,4,3,20,12,8,13,9,4,0,0,0,0,0,0,3,1,2
53943101,22,12,10,5,3,0,0,4,3,0,0,2,0,0,5,0,0,0,0,5,3,2,5,2,3,0,0,0,9,5,4,3,2,1
53943102,103,56,47,4,17,6,8,8,15,0,1,10,2,7,17,1,6,3,3,33,20,13,35,20,15,8,5,3,17,5,12,4,3,1
53943103,43,20,23,4,5,1,4,1,10,0,2,3,3,0,4,0,1,0,1,15,10,5,19,8,11,1,0,1,6,2,4,1,0,1
55497901,379,211,168,21,103,42,46,12,36,3,1,28,19,16,31,8,66,29,37,158,100,58,81,41,40,4,2,2,33,14,19,37,25,12
55497902,27,13,14,3,5,4,1,1,2,0,0,3,4,1,3,0,0,0,0,9,6,3,9,2,7,0,0,0,9,5,4,0,0,0
53800101,191,103,88,6,21,20,22,12,21,3,3,15,20,9,28,2,11,6,5,58,40,18,65,29,36,5,2,3,45,21,24,7,5,2
55499501,331,192,139,31,95,23,32,14,18,2,2,19,28,28,18,1,32,18,14,142,89,53,86,43,43,8,5,3,47,22,25,16,15,1
55499502,33,16,17,0,5,1,5,1,5,0,1,0,4,4,2,0,5,2,3,6,5,1,14,6,8,0,0,0,7,3,4,1,0,1
55499503,39,19,20,6,12,0,3,2,1,1,0,2,6,4,2,0,4,2,2,11,6,5,13,6,7,2,1,1,8,4,4,1,0,1
0716410,0,0,0,0,0,0,0,0,0,0,0,0,0,0,0,0,0,0,0,0,0,0,0,0,0,0,0,0,0,0,0,0,0,0
0716500,0,0,0,0,0,0,0,0,0,0,0,0,0,0,0,0,0,0,0,0,0,0,0,0,0,0,0,0,0,0,0,0,0,0
1987220,0,0,0,0,0,0,0,0,0,0,0,0,0,0,0,0,0,0,0,0,0,0,0,0,0,0,0,0,0,0,0,0,0,0
55502901,535,307,228,48,135,44,64,37,24,4,3,25,66,28,33,8,57,24,33,261,176,85,138,69,69,3,0,3,45,18,27,31,20,11
55502903,13,7,6,3,4,1,2,0,0,0,0,0,3,0,0,0,2,0,2,3,2,1,6,4,2,0,0,0,2,1,1,0,0,0
55502904,11,8,3,0,4,1,0,2,2,0,0,0,1,0,0,1,2,1,1,5,5,0,4,2,2,0,0,0,0,0,0,0,0,0
55502905,26,16,10,7,5,1,3,1,0,0,1,2,2,1,1,1,2,2,0,9,6,3,9,4,5,0,0,0,4,3,1,2,1,1
55502907,61,34,27,8,15,9,3,4,2,1,4,3,4,2,3,2,8,6,2,26,14,12,16,8,8,2,0,2,5,3,2,4,3,1
55502909,37,21,16,8,10,2,4,0,2,0,1,2,2,4,0,0,4,3,1,16,8,8,12,8,4,0,0,0,4,2,2,1,0,1
55502910,8,4,4,1,1,1,0,1,1,0,0,1,0,1,0,1,1,1,0,4,2,2,1,0,1,0,0,0,0,0,0,2,1,1
55502911,15,6,9,2,3,1,0,2,0,0,0,1,2,2,2,0,2,0,2,6,4,2,6,2,4,0,0,0,1,0,1,0,0,0
55502912,38,19,19,1,7,6,4,4,1,0,1,0,5,4,3,1,1,0,1,13,10,3,14,5,9,0,0,0,7,2,5,3,2,1
55502913,43,25,18,8,8,2,2,10,0,0,0,3,2,3,2,0,4,3,1,17,13,4,17,7,10,1,1,0,1,0,1,3,1,2
55502914,11,7,4,6,1,0,2,1,0,0,0,0,0,1,0,0,0,0,0,5,3,2,3,1,2,0,0,0,1,1,0,2,2,0
55502915,18,12,6,4,4,2,2,1,0,0,0,1,1,0,1,0,1,0,1,10,8,2,6,4,2,0,0,0,1,0,1,0,0,0
55502917,46,26,20,4,10,7,2,4,4,0,1,4,4,2,2,0,4,3,1,22,14,8,14,7,7,0,0,0,4,1,3,2,1,1
50648601,119,61,58,1,14,14,13,2,31,1,1,14,5,5,2,0,3,1,2,35,22,13,46,24,22,1,0,1,32,12,20,2,2,0
55504501,317,184,133,6,155,25,32,12,17,1,5,12,19,7,15,3,37,18,19,151,108,43,88,40,48,5,1,4,16,3,13,20,14,6
3300430,0,0,0,0,0,0,0,0,0,0,0,0,0,0,0,0,0,0,0,0,0,0,0,0,0,0,0,0,0,0,0,0,0,0
3909250,0,0,0,0,0,0,0,0,0,0,0,0,0,0,0,0,0,0,0,0,0,0,0,0,0,0,0,0,0,0,0,0,0,0
50010101,109,71,38,31,23,3,7,9,3,0,1,7,8,2,10,1,27,19,8,47,36,11,24,11,13,1,0,1,4,1,3,6,4,2
53787001,256,140,116,10,55,14,28,9,41,5,4,17,23,14,17,1,21,11,10,75,47,28,106,59,47,9,3,6,37,17,20,8,3,5
53801901,48,31,17,4,23,1,3,0,2,1,0,1,6,3,2,2,2,1,1,18,14,4,19,11,8,1,0,1,4,2,2,4,3,1
53801902,103,66,37,5,44,5,9,11,4,1,2,5,2,7,7,0,9,7,2,42,29,13,42,26,16,0,0,0,6,2,4,4,2,2
50662101,49,32,17,13,9,4,5,3,3,0,0,2,3,3,3,0,11,8,3,27,18,9,8,4,4,0,0,0,2,1,1,1,1,0
50662104,29,17,12,8,6,1,0,3,0,1,0,0,4,2,2,1,4,3,1,13,7,6,8,6,2,1,0,1,2,1,1,1,0,1
53791801,25,14,11,0,7,1,3,2,2,0,2,2,2,3,1,0,2,1,1,7,4,3,8,5,3,0,0,0,8,4,4,0,0,0
53791802,586,322,264,17,108,59,99,33,54,8,9,35,40,37,46,7,29,18,11,201,126,75,224,103,121,8,5,3,89,47,42,35,23,12
53791803,93,52,41,3,8,19,15,2,4,1,2,9,10,6,11,0,2,0,2,32,24,8,38,20,18,1,0,1,19,7,12,1,1,0
53791804,68,35,33,0,7,5,8,3,5,2,3,11,3,8,10,0,2,0,2,11,6,5,34,17,17,4,2,2,15,9,6,2,1,1
53791805,46,23,23,2,4,5,8,7,0,0,1,5,5,4,4,0,4,2,2,22,14,8,12,4,8,0,0,0,7,2,5,1,1,0
53791806,144,85,59,4,27,16,22,11,14,2,0,15,9,5,11,0,7,4,3,45,36,9,58,26,32,2,1,1,30,17,13,2,1,1
53811601,170,102,68,17,40,15,16,12,25,1,2,11,10,6,13,0,21,12,9,78,61,17,55,20,35,1,0,1,12,6,6,3,3,0
53811602,48,29,19,2,5,3,11,1,3,1,0,4,7,2,2,0,1,0,1,20,14,6,16,12,4,2,0,2,9,3,6,0,0,0
3907980,0,0,0,0,0,0,0,0,0,0,0,0,0,0,0,0,0,0,0,0,0,0,0,0,0,0,0,0,0,0,0,0,0,0
50012701,25,18,7,8,7,2,1,1,0,0,0,2,1,1,2,0,2,2,0,11,8,3,7,5,2,1,0,1,1,1,0,3,2,1
50012702,39,24,15,12,3,4,2,3,5,0,0,1,6,2,1,0,0,0,0,20,14,6,11,6,5,0,0,0,7,3,4,1,1,0
50012703,10,8,2,5,3,0,0,1,1,0,0,0,0,0,0,0,2,2,0,6,4,2,1,1,0,0,0,0,0,0,0,1,1,0
53815901,289,151,138,7,53,33,40,20,12,0,7,22,21,30,33,2,7,3,4,84,57,27,113,53,60,9,2,7,67,31,36,9,5,4
53815902,30,15,15,1,6,3,3,3,2,0,0,2,2,4,4,0,2,0,2,17,11,6,8,4,4,0,0,0,3,0,3,0,0,0
53815903,11,7,4,2,4,2,0,1,0,0,0,0,0,0,2,0,1,1,0,7,4,3,0,0,0,0,0,0,3,2,1,0,0,0
55516901,177,94,83,19,33,14,22,7,26,2,0,13,7,10,12,6,19,13,6,72,43,29,51,24,27,3,2,1,22,8,14,10,4,6
55165101,188,105,83,5,48,16,31,6,8,3,7,10,16,13,15,1,10,5,5,53,36,17,77,40,37,3,1,2,40,19,21,5,4,1
3300860,0,0,0,0,0,0,0,0,0,0,0,0,0,0,0,0,0,0,0,0,0,0,0,0,0,0,0,0,0,0,0,0,0,0
3903210,0,0,0,0,0,0,0,0,0,0,0,0,0,0,0,0,0,0,0,0,0,0,0,0,0,0,0,0,0,0,0,0,0,0
3903810,0,0,0,0,0,0,0,0,0,0,0,0,0,0,0,0,0,0,0,0,0,0,0,0,0,0,0,0,0,0,0,0,0,0
3908360,0,0,0,0,0,0,0,0,0,0,0,0,0,0,0,0,0,0,0,0,0,0,0,0,0,0,0,0,0,0,0,0,0,0
3911070,0,0,0,0,0,0,0,0,0,0,0,0,0,0,0,0,0,0,0,0,0,0,0,0,0,0,0,0,0,0,0,0,0,0
3912470,0,0,0,0,0,0,0,0,0,0,0,0,0,0,0,0,0,0,0,0,0,0,0,0,0,0,0,0,0,0,0,0,0,0
3923160,0,0,0,0,0,0,0,0,0,0,0,0,0,0,0,0,0,0,0,0,0,0,0,0,0,0,0,0,0,0,0,0,0,0
55518501,38,21,17,3,6,2,2,2,7,0,0,2,3,4,6,0,3,1,2,14,10,4,13,7,6,2,0,2,6,3,3,0,0,0
55518502,50,26,24,1,13,4,8,0,2,2,2,2,6,2,6,1,4,2,2,20,15,5,18,6,12,2,1,1,4,1,3,2,1,1
55518503,694,375,319,20,241,47,76,52,33,7,3,35,60,34,58,7,71,34,37,325,212,113,198,80,118,13,4,9,52,23,29,35,22,13
55518504,28,16,12,5,10,3,1,2,1,0,0,0,1,2,3,0,6,2,4,8,7,1,6,1,5,0,0,0,6,4,2,2,2,0
55518505,181,98,83,2,45,15,17,8,22,1,9,17,10,10,17,1,6,3,3,65,45,20,73,29,44,3,2,1,31,17,14,3,2,1
57801101,44,30,14,8,9,2,7,2,2,0,1,1,4,3,1,1,7,4,3,20,17,3,13,7,6,0,0,0,3,2,1,1,0,1
0555141,0,0,0,0,0,0,0,0,0,0,0,0,0,0,0,0,0,0,0,0,0,0,0,0,0,0,0,0,0,0,0,0,0,0
0555220,0,0,0,0,0,0,0,0,0,0,0,0,0,0,0,0,0,0,0,0,0,0,0,0,0,0,0,0,0,0,0,0,0,0
55520702,213,126,87,24,56,19,18,13,12,1,4,17,16,15,4,6,12,4,8,111,70,41,63,33,30,2,1,1,14,9,5,11,9,2
55520705,16,9,7,7,2,0,3,1,1,0,0,1,0,1,0,0,1,1,0,12,6,6,1,1,0,0,0,0,2,1,1,0,0,0
55520707,18,9,9,4,4,0,2,1,2,3,0,0,1,0,1,0,2,0,2,10,6,4,5,2,3,0,0,0,1,1,0,0,0,0
55520708,10,6,4,3,2,2,1,0,1,0,0,0,0,1,0,0,1,0,1,2,2,0,4,2,2,0,0,0,3,2,1,0,0,0
0564720,0,0,0,0,0,0,0,0,0,0,0,0,0,0,0,0,0,0,0,0,0,0,0,0,0,0,0,0,0,0,0,0,0,0
55521501,54,26,28,1,5,2,6,1,17,1,0,9,3,6,2,0,4,2,2,17,10,7,26,13,13,1,0,1,6,1,5,0,0,0
55521502,34,20,14,4,6,4,1,0,7,0,0,2,2,4,4,0,3,2,1,14,11,3,9,4,5,1,1,0,7,2,5,0,0,0
55521503,33,19,14,2,1,1,5,4,4,0,1,1,4,4,3,1,2,1,1,6,5,1,18,10,8,2,0,2,5,3,2,0,0,0
55521505,58,31,27,2,5,3,12,4,10,1,0,2,4,2,11,1,6,2,4,21,13,8,20,10,10,2,0,2,5,3,2,4,3,1
55521506,263,141,122,1,61,23,29,6,26,6,2,12,22,13,40,5,45,22,23,108,64,44,74,39,35,7,4,3,23,7,16,6,5,1
55521508,266,138,128,7,67,17,19,8,37,4,3,10,20,11,50,1,29,14,15,106,65,41,76,29,47,5,2,3,27,17,10,23,11,12
55521510,317,176,141,11,75,17,21,12,48,9,1,25,11,13,50,3,37,22,15,153,92,61,81,38,43,5,0,5,20,10,10,21,14,7
53792601,406,223,183,4,67,43,64,18,26,7,16,43,33,15,43,2,12,9,3,106,62,44,157,83,74,9,4,5,104,53,51,18,12,6
53792603,148,71,77,1,24,3,28,9,9,2,6,24,4,4,21,3,1,1,0,23,16,7,65,22,43,2,1,1,53,29,24,4,2,2
0636060,0,0,0,0,0,0,0,0,0,0,0,0,0,0,0,0,0,0,0,0,0,0,0,0,0,0,0,0,0,0,0,0,0,0
0636650,0,0,0,0,0,0,0,0,0,0,0,0,0,0,0,0,0,0,0,0,0,0,0,0,0,0,0,0,0,0,0,0,0,0
0636730,0,0,0,0,0,0,0,0,0,0,0,0,0,0,0,0,0,0,0,0,0,0,0,0,0,0,0,0,0,0,0,0,0,0
3196010,0,0,0,0,0,0,0,0,0,0,0,0,0,0,0,0,0,0,0,0,0,0,0,0,0,0,0,0,0,0,0,0,0,0
55496102,976,526,450,14,142,72,111,76,100,12,19,112,59,72,108,11,54,30,24,260,159,101,365,185,180,28,9,19,240,125,115,29,18,11
55496103,35,22,13,2,8,2,4,3,2,1,0,3,1,5,1,0,0,0,0,15,10,5,16,9,7,0,0,0,4,3,1,0,0,0
55496104,425,225,200,7,58,39,50,22,39,8,9,49,35,28,48,2,24,14,10,83,53,30,178,90,88,12,3,9,122,61,61,6,4,2
55496105,10,6,4,0,8,0,0,0,1,0,0,0,0,0,0,1,2,1,1,6,4,2,2,1,1,0,0,0,0,0,0,0,0,0
55496107,20,9,11,0,6,1,2,2,1,0,0,1,1,2,2,0,0,0,0,8,4,4,10,4,6,0,0,0,2,1,1,0,0,0
55496108,888,470,418,12,210,68,147,37,90,13,8,64,54,54,81,9,74,39,35,302,184,118,298,137,161,15,5,10,157,74,83,42,31,11
55496109,785,390,395,12,118,61,96,55,95,11,10,65,71,73,74,6,47,18,29,275,168,107,301,140,161,18,2,16,128,51,77,16,11,5
55496110,276,136,140,3,56,16,47,12,15,8,6,43,13,19,22,1,13,4,9,77,42,35,96,45,51,5,2,3,79,38,41,6,5,1
55496111,1713,858,855,14,289,121,228,124,178,23,34,155,150,139,169,8,98,56,42,476,289,187,717,327,390,47,20,27,322,140,182,53,26,27
55496112,1590,833,757,10,244,137,274,112,158,39,27,136,112,99,137,18,146,72,74,513,307,206,586,286,300,50,18,32,247,122,125,48,28,20
55496113,634,346,288,10,111,54,86,51,52,8,10,44,52,46,67,7,32,20,12,202,126,76,255,125,130,16,7,9,107,52,55,22,16,6
55496114,374,218,156,5,124,32,47,24,26,8,6,23,22,12,30,3,33,22,11,90,52,38,152,85,67,23,14,9,66,36,30,10,9,1
55496115,131,72,59,4,15,11,15,10,13,2,4,17,10,15,6,3,9,6,3,46,31,15,52,25,27,1,0,1,14,5,9,9,5,4
55496116,181,96,85,2,32,21,27,9,19,6,3,8,7,12,19,0,6,2,4,49,30,19,68,35,33,1,0,1,53,26,27,4,3,1
55496118,45,26,19,1,11,7,10,2,0,0,2,3,4,2,1,1,4,3,1,20,14,6,14,6,8,1,0,1,5,2,3,1,1,0
55496119,276,143,133,7,45,26,49,13,25,5,4,11,22,13,36,2,16,7,9,88,58,30,99,48,51,5,0,5,61,28,33,7,2,5
55496120,174,87,87,6,32,11,29,9,14,3,3,16,15,9,17,2,14,8,6,60,39,21,56,23,33,7,3,4,36,13,23,1,1,0
55496121,89,50,39,5,16,5,13,9,3,1,1,10,4,11,6,1,4,1,3,28,19,9,28,13,15,5,3,2,21,12,9,3,2,1
55496122,305,168,137,2,65,29,36,15,43,3,3,26,20,21,24,3,25,16,9,121,76,45,100,51,49,6,3,3,45,18,27,8,4,4
55496123,569,318,251,13,116,43,69,29,57,9,15,54,37,38,52,5,32,17,15,167,103,64,227,127,100,13,6,7,116,58,58,14,7,7
55496124,106,60,46,4,13,7,22,11,9,4,0,7,5,3,8,4,11,6,5,35,19,16,38,22,16,2,2,0,9,4,5,11,7,4
55496125,696,331,365,7,132,50,95,36,58,14,18,69,50,38,77,11,52,22,30,189,109,80,271,119,152,16,4,12,128,51,77,40,26,14
55496126,1820,910,910,23,358,124,272,97,194,27,25,161,143,121,183,10,136,76,60,605,344,261,682,307,375,56,16,40,284,136,148,57,31,26
55496127,168,90,78,5,23,11,37,4,14,3,2,28,9,13,9,1,10,6,4,33,20,13,66,34,32,6,3,3,48,26,22,5,1,4
55496129,447,219,228,3,68,34,59,23,62,6,10,37,25,30,65,1,22,10,12,101,61,40,185,88,97,10,2,8,111,48,63,18,10,8
55496131,763,382,381,12,102,48,92,25,76,19,15,95,53,73,106,6,36,20,16,172,111,61,291,137,154,23,7,16,215,93,122,26,14,12
55496132,1301,658,643,11,198,84,161,72,125,35,26,131,92,112,166,8,74,35,39,326,209,117,468,199,269,49,17,32,331,164,167,53,34,19
55496133,26,13,13,0,3,2,0,4,4,1,0,2,2,2,5,0,0,0,0,7,6,1,13,4,9,3,3,0,3,0,3,0,0,0
55496134,565,287,278,8,81,44,73,35,57,11,11,40,53,31,82,7,36,24,12,148,92,56,220,90,130,16,5,11,118,61,57,27,15,12
55496135,227,129,98,1,24,9,52,7,40,2,2,38,4,9,10,4,13,8,5,33,22,11,72,45,27,10,7,3,64,28,36,35,19,16
55496137,83,46,37,0,15,11,10,4,9,2,6,7,5,7,4,1,2,2,0,16,14,2,45,19,26,0,0,0,15,8,7,5,3,2
55496138,699,384,315,2,107,48,114,31,115,15,5,107,19,21,63,10,41,26,15,167,99,68,205,111,94,22,11,11,193,95,98,71,42,29
55496139,1045,516,529,10,190,59,126,51,94,15,15,126,95,75,130,7,76,43,33,254,143,111,385,164,221,25,9,16,258,131,127,47,26,21
55496140,5,2,3,0,0,0,0,1,0,0,0,0,0,3,0,0,0,0,0,1,1,0,0,0,0,1,0,1,0,0,0,3,1,2
55496141,216,112,104,1,27,19,19,6,11,5,4,24,18,24,42,2,6,3,3,38,24,14,78,40,38,6,4,2,79,36,43,9,5,4
55496142,1092,641,451,20,156,77,184,66,146,19,16,119,51,48,92,29,114,67,47,288,191,97,309,172,137,38,12,26,179,81,98,164,118,46
55496143,803,426,377,10,133,51,111,32,85,13,11,114,42,47,101,6,55,33,22,179,109,70,279,136,143,46,22,24,196,97,99,48,29,19
55496144,398,216,182,3,51,22,56,27,42,12,11,48,12,34,42,6,12,8,4,89,56,33,127,71,56,14,5,9,130,58,72,26,18,8
55496146,489,262,227,7,68,28,53,20,71,17,10,65,29,28,53,9,22,12,10,107,69,38,166,83,83,19,4,15,139,67,72,36,27,9
55496148,16,11,5,2,3,3,0,0,4,0,0,0,2,1,1,0,0,0,0,4,2,2,6,3,3,0,0,0,6,6,0,0,0,0
55496149,221,115,106,1,21,14,20,10,20,6,2,48,7,11,27,6,17,5,12,32,22,10,63,34,29,8,3,5,78,39,39,23,12,11
55525801,91,49,42,5,13,11,13,0,8,2,1,20,2,4,9,0,1,1,0,15,9,6,30,17,13,0,0,0,42,20,22,3,2,1
55525802,297,166,131,16,52,19,33,12,27,9,4,33,23,21,32,3,20,12,8,75,46,29,115,65,50,10,3,7,69,34,35,8,6,2
55530401,178,108,70,12,76,11,15,18,3,2,3,5,9,10,8,4,20,10,10,80,56,24,53,28,25,1,0,1,13,9,4,11,5,6
55530402,23,11,12,4,8,1,5,1,0,0,0,0,0,1,2,0,2,1,1,17,9,8,2,0,2,0,0,0,2,1,1,0,0,0
0739460,0,0,0,0,0,0,0,0,0,0,0,0,0,0,0,0,0,0,0,0,0,0,0,0,0,0,0,0,0,0,0,0,0,0
0739540,0,0,0,0,0,0,0,0,0,0,0,0,0,0,0,0,0,0,0,0,0,0,0,0,0,0,0,0,0,0,0,0,0,0
57804501,19,12,7,0,7,1,3,2,2,1,0,0,0,0,3,0,3,2,1,7,5,2,4,2,2,1,1,0,1,0,1,3,2,1
57804502,16,7,9,2,6,1,0,2,1,0,0,0,0,2,0,0,2,1,1,9,4,5,5,2,3,0,0,0,0,0,0,0,0,0
57804503,122,62,60,4,25,14,11,6,6,4,2,6,15,7,18,0,4,1,3,42,33,9,52,21,31,4,1,3,19,6,13,1,0,1
57804505,10,7,3,1,5,0,0,0,0,1,0,0,1,1,0,0,1,1,0,4,3,1,4,3,1,0,0,0,1,0,1,0,0,0
55534701,14,9,5,2,6,1,0,1,0,1,1,1,0,1,0,0,1,1,0,3,3,0,4,2,2,0,0,0,5,2,3,1,1,0
55534702,22,11,11,1,3,2,3,2,1,2,0,3,1,1,3,0,2,1,1,6,5,1,9,4,5,0,0,0,5,1,4,0,0,0
55534703,322,188,134,11,85,18,33,25,17,3,8,23,31,31,21,2,27,17,10,108,72,36,110,58,52,6,3,3,55,27,28,16,11,5
55536301,14,8,6,0,5,1,0,0,3,0,0,0,1,2,1,0,0,0,0,3,2,1,6,3,3,0,0,0,3,1,2,2,2,0
55536302,367,197,170,16,108,36,38,15,22,4,2,24,21,31,32,6,40,18,22,142,96,46,119,52,67,2,0,2,45,19,26,19,12,7
55536303,23,13,10,8,2,3,3,0,1,0,0,0,1,0,5,0,1,0,1,7,5,2,10,3,7,0,0,0,4,4,0,1,1,0
55536304,49,31,18,5,16,4,3,0,9,0,0,2,3,1,5,0,5,4,1,18,13,5,12,5,7,0,0,0,9,6,3,5,3,2
53793401,135,71,64,3,41,7,25,4,5,0,3,10,10,9,10,1,6,3,3,43,30,13,52,21,31,4,1,3,23,12,11,7,4,3
53793402,32,17,15,0,8,2,5,3,3,0,0,3,1,2,4,0,4,2,2,14,8,6,9,5,4,0,0,0,4,2,2,1,0,1
3020400,0,0,0,0,0,0,0,0,0,0,0,0,0,0,0,0,0,0,0,0,0,0,0,0,0,0,0,0,0,0,0,0,0,0
55538001,48,25,23,2,13,6,2,5,2,1,1,5,2,3,2,2,6,3,3,17,9,8,20,11,9,0,0,0,5,2,3,0,0,0
55538002,19,12,7,3,6,2,1,0,2,0,0,1,0,0,2,1,3,0,3,7,6,1,4,3,1,0,0,0,5,3,2,0,0,0
55538003,17,12,5,1,5,2,3,2,0,0,0,1,1,1,1,0,1,1,0,5,2,3,7,6,1,1,1,0,2,1,1,1,1,0
55538004,155,91,64,3,75,8,16,12,3,1,0,4,11,6,11,1,12,8,4,66,43,23,55,30,25,5,2,3,15,6,9,2,2,0
55538006,148,81,67,1,62,17,14,12,2,1,0,9,9,9,10,0,6,3,3,66,42,24,57,25,32,1,1,0,15,8,7,3,2,1
55538007,30,19,11,1,13,1,4,4,1,0,0,1,2,1,2,0,0,0,0,14,9,5,14,9,5,0,0,0,2,1,1,0,0,0
55538009,79,46,33,2,27,5,9,5,2,1,1,3,4,8,10,0,7,4,3,22,14,8,31,17,14,1,0,1,17,10,7,1,1,0
55538010,72,41,31,3,32,8,8,7,0,0,0,1,3,2,4,0,3,2,1,39,24,15,24,12,12,0,0,0,4,1,3,2,2,0
55538011,82,42,40,6,32,5,6,5,3,2,1,3,5,7,6,0,5,3,2,35,20,15,32,16,16,1,0,1,8,3,5,1,0,1
55538012,485,274,211,6,213,39,35,30,15,7,6,29,26,29,41,0,40,21,19,169,107,62,180,101,79,9,1,8,69,34,35,18,10,8
55538013,1064,568,496,16,525,57,79,54,40,14,7,53,45,52,83,14,102,47,55,471,270,201,329,164,165,12,6,6,86,38,48,64,43,21
55538014,194,102,92,2,100,7,14,11,5,4,0,11,7,10,17,1,20,8,12,87,54,33,63,27,36,3,1,2,14,9,5,7,3,4
55538015,407,213,194,7,229,15,17,17,16,1,3,18,20,21,28,5,45,20,25,177,115,62,122,47,75,2,1,1,40,16,24,21,14,7
55538016,861,484,377,9,437,45,79,33,38,3,5,60,44,34,39,13,122,64,58,296,182,114,266,135,131,11,6,5,66,28,38,100,69,31
55538017,100,53,47,1,48,5,5,1,7,2,1,8,7,7,5,2,2,0,2,37,21,16,38,18,20,0,0,0,20,11,9,3,3,0
55539801,64,38,26,2,30,4,6,1,5,1,1,2,1,6,3,0,6,3,3,32,25,7,18,7,11,1,0,1,5,3,2,2,0,2
55539802,318,172,146,7,79,26,36,19,18,7,9,30,25,9,32,1,23,11,12,72,41,31,125,71,54,10,4,6,68,36,32,20,9,11
55539803,1558,829,729,21,589,107,140,81,88,22,18,124,96,93,106,17,133,60,73,633,390,243,545,257,288,19,5,14,149,62,87,79,55,24
50649402,160,92,68,13,42,18,9,4,12,4,3,11,14,7,16,1,7,5,2,51,34,17,60,30,30,2,1,1,31,15,16,9,7,2
0782800,0,0,0,0,0,0,0,0,0,0,0,0,0,0,0,0,0,0,0,0,0,0,0,0,0,0,0,0,0,0,0,0,0,0
3365050,0,0,0,0,0,0,0,0,0,0,0,0,0,0,0,0,0,0,0,0,0,0,0,0,0,0,0,0,0,0,0,0,0,0
3365130,0,0,0,0,0,0,0,0,0,0,0,0,0,0,0,0,0,0,0,0,0,0,0,0,0,0,0,0,0,0,0,0,0,0
3365480,0,0,0,0,0,0,0,0,0,0,0,0,0,0,0,0,0,0,0,0,0,0,0,0,0,0,0,0,0,0,0,0,0,0
55542801,60,34,26,3,20,5,6,5,2,0,0,5,4,2,5,2,4,2,2,21,14,7,19,8,11,0,0,0,12,8,4,4,2,2
55542803,136,77,59,4,50,16,6,3,5,3,0,12,12,9,9,0,4,2,2,44,30,14,55,24,31,1,0,1,27,19,8,5,2,3
55542804,75,51,24,1,27,6,7,10,3,1,3,6,3,1,3,2,11,7,4,31,26,5,17,9,8,3,0,3,4,3,1,9,6,3
55542805,11,5,6,1,1,2,0,0,1,0,0,0,2,0,3,1,3,1,2,2,0,2,5,3,2,0,0,0,1,1,0,0,0,0
55542807,132,72,60,0,35,11,14,8,12,1,2,7,9,10,20,0,15,10,5,38,29,9,47,17,30,2,1,1,28,13,15,2,2,0
55542808,329,312,17,1,59,9,6,3,4,7,0,30,194,1,5,8,150,149,1,115,111,4,46,38,8,2,1,1,14,11,3,2,2,0
55542809,113,60,53,4,33,11,10,5,5,1,0,8,9,8,14,3,11,4,7,33,24,9,41,16,25,2,1,1,21,11,10,5,4,1
55542810,13,5,8,2,3,0,3,0,2,0,1,0,0,0,1,0,0,0,0,6,2,4,6,3,3,0,0,0,1,0,1,0,0,0
55542811,33,18,15,3,10,2,5,0,2,0,0,2,2,0,2,1,6,4,2,18,11,7,8,3,5,1,0,1,0,0,0,0,0,0
55542813,1344,695,649,13,407,78,120,65,104,19,19,85,105,117,152,10,147,80,67,455,251,204,448,222,226,37,17,20,197,96,101,60,29,31
55542814,85,43,42,4,24,3,13,4,6,0,0,5,11,2,9,0,9,2,7,35,22,13,29,15,14,3,0,3,9,4,5,0,0,0
55542815,27,17,10,1,5,3,4,2,2,1,0,3,0,0,2,2,5,2,3,10,5,5,8,6,2,0,0,0,0,0,0,4,4,0
55542816,655,381,274,11,190,56,81,41,39,10,2,46,34,28,64,9,59,36,23,242,157,85,192,90,102,10,4,6,69,33,36,83,61,22
55542817,1954,1005,949,23,564,125,200,100,130,26,26,127,161,129,249,20,157,75,82,736,424,312,724,345,379,42,11,31,214,91,123,81,59,22
55542818,2365,1183,1182,33,653,146,250,134,149,33,29,135,177,181,319,21,212,97,115,798,476,322,883,416,467,52,14,38,336,134,202,84,46,38
55542819,73,41,32,1,11,8,11,2,4,4,1,8,1,7,10,1,2,1,1,18,11,7,34,15,19,0,0,0,19,14,5,0,0,0
55542820,20,12,8,3,6,1,2,0,2,1,0,1,2,0,1,0,1,1,0,9,5,4,7,4,3,0,0,0,3,2,1,0,0,0
55542821,350,198,152,7,81,34,24,16,27,2,2,34,27,19,51,3,31,17,14,124,82,42,131,65,66,3,2,1,53,26,27,8,6,2
53796901,126,68,58,1,31,19,11,6,10,3,5,10,4,11,12,0,7,4,3,36,22,14,57,32,25,3,1,2,21,8,13,2,1,1
53796902,391,216,175,11,73,27,61,13,25,6,15,40,31,21,45,2,12,9,3,111,65,46,172,91,81,9,7,2,76,37,39,11,7,4
55544401,37,22,15,3,14,8,1,3,3,0,1,0,2,1,1,0,1,0,1,27,18,9,7,3,4,0,0,0,1,0,1,1,1,0
55544402,20,10,10,4,5,2,1,3,1,0,0,0,2,0,2,0,2,1,1,11,8,3,4,0,4,0,0,0,2,0,2,1,1,0
55544403,99,62,37,17,23,17,8,10,4,2,0,3,5,5,3,0,13,7,6,50,33,17,19,8,11,0,0,0,5,5,0,12,9,3
55544404,14,8,6,1,4,2,0,0,1,0,0,1,1,2,2,0,1,0,1,4,2,2,7,4,3,0,0,0,1,1,0,1,1,0
55544405,10,5,5,1,2,2,0,0,1,0,1,1,0,0,2,0,0,0,0,4,2,2,4,3,1,0,0,0,1,0,1,1,0,1
1193181,0,0,0,0,0,0,0,0,0,0,0,0,0,0,0,0,0,0,0,0,0,0,0,0,0,0,0,0,0,0,0,0,0,0
55545201,271,157,114,12,57,15,37,15,25,8,4,12,19,21,27,1,18,10,8,94,66,28,94,53,41,6,2,4,49,20,29,10,6,4
55694701,269,156,113,19,61,28,28,15,15,1,4,22,26,18,20,2,11,3,8,107,73,34,88,49,39,4,1,3,50,25,25,9,5,4
55547901,173,96,77,12,29,1,69,2,21,1,2,5,10,4,2,1,33,18,15,69,37,32,61,37,24,0,0,0,9,3,6,1,1,0
55547902,23,13,10,4,3,2,4,0,3,0,0,3,0,2,0,0,3,1,2,10,6,4,8,5,3,1,0,1,0,0,0,1,1,0
55552501,19,12,7,8,2,2,3,1,1,0,0,0,0,1,0,0,0,0,0,11,9,2,6,2,4,0,0,0,0,0,0,2,1,1
55552502,35,20,15,5,9,1,2,3,0,1,0,0,2,7,4,0,5,2,3,17,12,5,6,3,3,4,2,2,3,1,2,0,0,0
55552503,78,50,28,23,30,4,3,4,0,0,0,2,2,5,2,1,13,9,4,52,34,18,8,4,4,0,0,0,1,0,1,4,3,1
55552504,8,5,3,2,1,0,0,3,0,0,0,0,0,1,1,0,0,0,0,6,4,2,2,1,1,0,0,0,0,0,0,0,0,0
55552505,15,9,6,10,0,0,0,0,2,0,0,0,1,0,0,1,3,3,0,7,4,3,4,1,3,0,0,0,1,1,0,0,0,0
55552507,62,38,24,27,15,1,0,3,3,0,0,4,1,5,2,1,3,1,2,40,24,16,11,6,5,0,0,0,0,0,0,8,7,1
55552508,16,8,8,4,3,3,0,1,0,0,0,0,0,0,3,0,1,0,1,8,5,3,5,2,3,0,0,0,1,0,1,1,1,0
55553301,183,100,83,4,41,19,21,6,15,4,1,18,11,4,24,1,14,7,7,82,50,32,61,27,34,1,0,1,19,13,6,6,3,3
55553302,18,12,6,1,2,6,1,1,2,1,0,1,0,2,1,0,4,2,2,8,7,1,4,2,2,0,0,0,1,0,1,1,1,0
55553303,63,33,30,0,23,5,5,0,4,0,1,6,5,2,6,2,3,3,0,25,15,10,22,6,16,0,0,0,8,5,3,5,4,1
55553304,160,89,71,4,43,13,23,6,9,1,3,19,11,13,9,0,5,3,2,46,29,17,76,44,32,6,1,5,26,12,14,1,0,1
55553305,16,9,7,0,4,4,2,1,2,0,0,2,0,0,1,0,0,0,0,6,5,1,8,2,6,0,0,0,2,2,0,0,0,0
55553306,51,32,19,0,15,5,8,2,2,4,0,4,3,2,4,0,2,1,1,16,12,4,21,11,10,0,0,0,9,6,3,3,2,1
55553307,41,22,19,1,7,5,5,1,2,1,3,8,4,2,1,0,1,1,0,14,9,5,17,9,8,0,0,0,9,3,6,0,0,0
55553308,32,17,15,0,10,4,3,1,3,0,0,2,0,2,5,0,3,1,2,5,3,2,17,10,7,1,1,0,6,2,4,0,0,0
55553309,110,59,51,2,30,8,15,5,6,1,2,10,8,6,12,2,5,2,3,41,28,13,40,21,19,4,0,4,17,5,12,3,3,0
53802701,115,67,48,5,26,12,15,4,10,1,1,7,11,3,16,1,3,1,2,41,27,14,46,26,20,1,1,0,22,10,12,2,2,0
55555001,49,34,15,13,10,4,5,3,0,1,0,1,3,5,2,0,6,6,0,21,18,3,12,4,8,0,0,0,4,3,1,6,3,3
55555002,10,9,1,1,1,5,0,1,0,0,1,0,0,0,0,0,0,0,0,7,6,1,2,2,0,0,0,0,0,0,0,1,1,0
55555003,149,83,66,8,33,14,19,6,15,3,1,10,8,9,13,0,12,5,7,58,38,20,48,25,23,1,0,1,23,12,11,7,3,4
55555005,55,31,24,2,10,5,5,1,7,1,1,4,9,2,4,2,3,1,2,25,18,7,17,5,12,1,1,0,8,5,3,1,1,0
55558401,31,19,12,4,7,1,1,7,0,0,0,1,3,1,3,1,4,1,3,13,11,2,8,2,6,0,0,0,4,3,1,2,2,0
55558402,14,9,5,2,4,2,2,2,0,0,0,1,0,1,0,0,3,3,0,4,3,1,5,2,3,0,0,0,2,1,1,0,0,0
55558405,27,17,10,1,14,2,4,1,1,0,0,0,1,0,2,0,7,3,4,8,6,2,7,5,2,0,0,0,3,1,2,2,2,0
55558406,19,13,6,5,1,2,0,2,1,0,0,2,4,1,1,0,2,1,1,7,6,1,6,5,1,0,0,0,4,1,3,0,0,0
55558407,13,9,4,1,4,1,1,1,1,0,0,1,3,0,0,0,2,1,1,5,4,1,4,3,1,0,0,0,2,1,1,0,0,0
55558408,138,83,55,6,58,15,17,13,3,1,2,3,6,4,5,1,22,11,11,70,48,22,30,12,18,0,0,0,4,1,3,12,11,1
55558409,15,8,7,4,4,2,0,2,0,0,0,1,0,0,1,0,2,1,1,6,5,1,3,1,2,0,0,0,3,1,2,1,0,1
55559201,34,20,14,3,9,2,4,2,2,1,0,1,3,3,2,1,1,0,1,10,7,3,17,11,6,0,0,0,6,2,4,0,0,0
55559202,19,9,10,0,3,4,2,0,3,0,0,2,1,3,0,0,1,0,1,4,3,1,10,4,6,0,0,0,4,2,2,0,0,0
55559203,137,80,57,14,28,17,13,8,6,2,1,12,16,7,10,1,10,4,6,58,37,21,40,22,18,3,1,2,15,8,7,11,8,3
55559204,66,36,30,2,10,11,4,4,7,1,0,5,9,4,8,0,8,2,6,33,22,11,18,11,7,3,1,2,3,0,3,1,0,1
55561401,103,58,45,15,20,11,6,10,8,0,0,6,11,6,4,2,7,5,2,32,19,13,33,19,14,5,2,3,15,6,9,11,7,4
55561402,33,22,11,4,6,5,5,0,2,0,0,2,4,1,1,0,2,2,0,15,10,5,7,4,3,0,0,0,6,4,2,3,2,1
55561403,123,70,53,23,21,10,9,7,12,0,0,15,0,4,11,0,11,7,4,48,30,18,36,22,14,2,1,1,23,9,14,3,1,2
55561404,48,26,22,5,9,2,2,6,1,0,0,4,6,4,7,0,2,1,1,13,9,4,20,7,13,2,1,1,11,8,3,0,0,0
55561405,41,22,19,1,9,6,2,3,1,1,1,3,3,2,5,0,1,0,1,11,9,2,19,9,10,1,1,0,8,2,6,1,1,0
55562201,19,11,8,3,7,2,1,0,1,0,0,0,2,0,1,2,6,4,2,8,5,3,4,1,3,0,0,0,0,0,0,1,1,0
55562202,24,15,9,4,11,1,1,1,0,0,0,2,2,1,1,0,3,2,1,11,8,3,4,3,1,0,0,0,4,1,3,2,1,1
55562203,37,19,18,4,13,3,0,2,2,1,0,1,2,3,1,2,3,1,2,14,9,5,4,2,2,0,0,0,7,3,4,9,4,5
55562206,98,70,28,17,37,11,6,4,4,0,1,2,3,2,4,3,11,7,4,51,39,12,17,12,5,1,0,1,5,3,2,13,9,4
55562208,36,20,16,11,15,3,2,1,0,0,0,1,0,2,0,0,5,2,3,25,14,11,4,3,1,0,0,0,1,0,1,1,1,0
53784501,62,32,30,4,10,2,13,3,2,0,2,6,6,3,9,0,4,1,3,25,16,9,19,11,8,1,1,0,8,2,6,5,1,4
0270490,0,0,0,0,0,0,0,0,0,0,0,0,0,0,0,0,0,0,0,0,0,0,0,0,0,0,0,0,0,0,0,0,0,0
1679320,0,0,0,0,0,0,0,0,0,0,0,0,0,0,0,0,0,0,0,0,0,0,0,0,0,0,0,0,0,0,0,0,0,0
3020740,0,0,0,0,0,0,0,0,0,0,0,0,0,0,0,0,0,0,0,0,0,0,0,0,0,0,0,0,0,0,0,0,0,0
55565702,44,36,8,20,15,1,1,0,0,0,1,1,0,0,0,0,14,9,5,9,7,2,7,6,1,1,1,0,11,11,0,2,2,0
55565703,41,26,15,3,16,3,1,6,1,0,1,4,1,2,1,1,5,3,2,23,16,7,9,4,5,0,0,0,2,2,0,2,1,1
55565705,67,36,31,6,33,5,3,4,1,0,0,3,4,4,3,0,7,3,4,41,25,16,14,6,8,1,0,1,2,1,1,2,1,1
55565706,15,10,5,4,3,0,2,3,1,0,0,0,0,1,0,1,4,4,0,5,3,2,4,2,2,0,0,0,2,1,1,0,0,0
55565707,20,14,6,2,9,0,0,2,0,0,0,3,1,0,0,0,1,0,1,12,9,3,2,1,1,0,0,0,2,1,1,3,3,0
55565708,22,11,11,4,7,0,2,1,0,0,1,2,0,3,1,0,1,1,0,12,6,6,8,4,4,0,0,0,1,0,1,0,0,0
55565709,25,16,9,2,11,4,1,2,0,0,1,0,0,0,2,2,3,2,1,15,10,5,4,1,3,0,0,0,0,0,0,3,3,0
55565711,22,10,12,4,5,1,3,0,2,0,0,5,0,1,0,0,1,0,1,7,3,4,9,5,4,0,0,0,5,2,3,0,0,0
55565712,19,9,10,3,8,1,4,1,0,0,0,0,1,1,0,0,2,2,0,8,4,4,8,2,6,0,0,0,1,1,0,0,0,0
55565713,47,29,18,2,19,6,3,6,1,0,0,1,1,3,3,0,3,2,1,25,19,6,15,8,7,1,0,1,3,0,3,0,0,0
55565714,89,52,37,4,33,3,10,4,3,3,0,3,10,5,10,0,6,3,3,38,25,13,29,17,12,3,1,2,7,2,5,6,4,2
55565716,711,386,325,29,328,37,80,40,20,5,8,30,37,35,36,6,66,35,31,306,180,126,223,105,118,14,5,9,60,29,31,42,32,10
55565717,234,130,104,27,105,16,21,16,6,3,1,12,5,8,6,2,26,17,9,118,72,46,64,25,39,1,0,1,10,4,6,15,12,3
55565718,56,32,24,3,25,7,4,4,1,0,0,2,3,6,1,0,2,0,2,22,17,5,19,9,10,2,0,2,8,3,5,3,3,0
55565719,206,123,83,10,74,19,29,10,4,2,1,20,10,8,9,4,19,9,10,100,68,32,56,32,24,1,0,1,18,8,10,12,6,6
55568102,30,14,16,6,9,1,0,3,1,1,0,2,2,0,4,0,5,2,3,9,5,4,10,2,8,3,2,1,3,3,0,0,0,0
55568103,30,18,12,6,7,3,2,2,1,1,1,2,1,0,3,0,2,1,1,17,10,7,4,3,1,2,1,1,5,3,2,0,0,0
55568104,25,14,11,7,10,2,0,1,0,0,0,0,1,2,1,1,4,2,2,9,8,1,5,1,4,0,0,0,5,1,4,2,2,0
55568106,212,116,96,21,78,14,30,12,5,2,1,9,12,15,9,2,27,19,8,103,62,41,65,27,38,0,0,0,12,4,8,5,4,1
3923910,0,0,0,0,0,0,0,0,0,0,0,0,0,0,0,0,0,0,0,0,0,0,0,0,0,0,0,0,0,0,0,0,0,0
55569001,19,11,8,2,7,1,1,2,1,0,0,2,2,1,0,0,2,2,0,9,5,4,6,2,4,1,1,0,1,1,0,0,0,0
55569002,3,2,1,0,1,0,0,0,1,0,0,1,0,0,0,0,0,0,0,2,1,1,0,0,0,0,0,0,0,0,0,1,1,0
55569003,9,5,4,6,2,0,0,1,0,0,0,0,0,0,0,0,1,1,0,5,3,2,2,1,1,0,0,0,0,0,0,1,0,1
55569005,110,71,39,21,18,7,7,7,8,3,1,10,8,10,0,2,9,6,3,48,30,18,28,20,8,0,0,0,18,9,9,7,6,1
55570301,196,111,85,20,63,12,18,14,9,1,3,9,8,12,18,2,13,4,9,85,62,23,62,27,35,1,0,1,22,8,14,13,10,3
55570302,36,21,15,1,11,3,3,0,3,0,1,2,4,4,3,0,2,1,1,11,11,0,15,7,8,0,0,0,8,2,6,0,0,0
55571101,25,15,10,5,2,0,5,2,1,0,0,3,5,2,0,0,2,0,2,13,10,3,6,1,5,0,0,0,2,2,0,2,2,0
55571102,15,11,4,1,3,0,2,4,0,0,0,2,2,0,1,0,2,2,0,6,5,1,3,2,1,0,0,0,3,1,2,1,1,0
55571104,29,17,12,10,6,1,1,1,2,0,0,1,2,3,2,0,2,0,2,15,12,3,4,3,1,0,0,0,7,2,5,1,0,1
55571105,14,9,5,3,2,1,1,0,2,0,0,1,3,1,0,0,0,0,0,4,3,1,9,5,4,0,0,0,1,1,0,0,0,0
55571106,81,47,34,7,25,10,4,3,9,0,1,1,6,7,1,6,14,6,8,41,27,14,8,3,5,1,1,0,7,2,5,10,8,2
55571108,42,20,22,14,9,1,2,3,5,0,0,2,4,0,0,1,8,3,5,21,12,9,6,1,5,0,0,0,0,0,0,7,4,3
55573801,117,67,50,8,40,14,9,4,10,0,0,5,9,3,9,0,13,9,4,54,36,18,33,15,18,3,1,2,11,4,7,3,2,1
55573802,157,96,61,4,53,15,23,9,11,1,1,5,9,7,14,2,19,13,6,62,38,24,43,23,20,2,0,2,12,6,6,19,16,3
55573803,19,15,4,1,4,0,1,2,6,0,0,1,2,1,0,0,1,1,0,8,6,2,8,6,2,0,0,0,1,1,0,1,1,0
56667501,26,17,9,4,4,5,1,2,1,1,0,2,2,3,0,0,2,1,1,17,11,6,7,5,2,0,0,0,0,0,0,0,0,0
56667503,53,32,21,9,11,11,3,3,4,0,0,2,6,2,0,0,14,11,3,27,17,10,10,3,7,0,0,0,0,0,0,2,1,1
57802901,81,42,39,5,35,6,3,2,2,1,0,4,8,3,9,1,1,0,1,37,23,14,29,12,17,2,0,2,9,5,4,3,2,1
57802902,67,32,35,3,23,7,5,1,0,1,2,5,5,2,9,3,4,1,3,22,14,8,23,10,13,2,0,2,15,7,8,1,0,1
1977340,0,0,0,0,0,0,0,0,0,0,0,0,0,0,0,0,0,0,0,0,0,0,0,0,0,0,0,0,0,0,0,0,0,0
1977420,0,0,0,0,0,0,0,0,0,0,0,0,0,0,0,0,0,0,0,0,0,0,0,0,0,0,0,0,0,0,0,0,0,0
1977770,0,0,0,0,0,0,0,0,0,0,0,0,0,0,0,0,0,0,0,0,0,0,0,0,0,0,0,0,0,0,0,0,0,0
55576203,30,16,14,5,7,1,6,5,1,0,1,1,1,2,0,0,3,3,0,10,7,3,12,3,9,0,0,0,3,1,2,2,2,0
55576205,12,6,6,0,0,0,1,0,0,0,0,2,0,2,2,5,5,3,2,1,1,0,2,2,0,0,0,0,3,0,3,1,0,1
55576206,18,13,5,2,5,2,1,0,0,0,0,1,2,2,2,1,2,1,1,8,6,2,5,4,1,0,0,0,2,1,1,1,1,0
55576207,17,12,5,3,6,2,1,1,1,0,0,1,1,0,1,0,2,1,1,6,5,1,5,4,1,0,0,0,3,1,2,1,1,0
55576208,958,538,420,94,263,98,99,75,35,2,4,43,68,99,40,14,94,56,38,446,280,166,269,130,139,17,5,12,84,35,49,48,32,16
0146640,0,0,0,0,0,0,0,0,0,0,0,0,0,0,0,0,0,0,0,0,0,0,0,0,0,0,0,0,0,0,0,0,0,0
0704590,0,0,0,0,0,0,0,0,0,0,0,0,0,0,0,0,0,0,0,0,0,0,0,0,0,0,0,0,0,0,0,0,0,0
0704670,0,0,0,0,0,0,0,0,0,0,0,0,0,0,0,0,0,0,0,0,0,0,0,0,0,0,0,0,0,0,0,0,0,0
0704750,0,0,0,0,0,0,0,0,0,0,0,0,0,0,0,0,0,0,0,0,0,0,0,0,0,0,0,0,0,0,0,0,0,0
0704830,0,0,0,0,0,0,0,0,0,0,0,0,0,0,0,0,0,0,0,0,0,0,0,0,0,0,0,0,0,0,0,0,0,0
0705050,0,0,0,0,0,0,0,0,0,0,0,0,0,0,0,0,0,0,0,0,0,0,0,0,0,0,0,0,0,0,0,0,0,0
56029401,1067,563,504,11,368,67,118,74,21,7,21,65,113,66,90,10,75,43,32,379,234,145,401,189,212,13,2,11,149,65,84,50,30,20
56029402,47,28,19,8,12,2,4,4,1,2,0,8,2,1,3,0,7,3,4,16,14,2,13,5,8,0,0,0,11,6,5,0,0,0
56029403,18,11,7,0,7,2,2,2,0,0,0,1,1,2,1,0,1,1,0,8,7,1,9,3,6,0,0,0,0,0,0,0,0,0
56029407,23,11,12,6,7,0,2,2,0,0,0,1,1,1,0,1,2,1,1,9,4,5,10,6,4,0,0,0,1,0,1,1,0,1
56029409,26,13,13,5,5,2,4,1,0,0,0,2,0,1,4,0,3,0,3,8,5,3,7,5,2,0,0,0,8,3,5,0,0,0
56029410,81,47,34,5,23,9,7,11,0,0,1,4,5,6,6,1,2,2,0,50,34,16,22,8,14,0,0,0,6,2,4,1,1,0
56030801,166,86,80,6,45,12,17,6,12,1,2,14,8,18,14,2,2,0,2,56,30,26,65,35,30,3,0,3,34,17,17,6,4,2
56031601,570,327,243,7,287,37,36,39,16,4,5,24,38,27,20,15,100,51,49,296,199,97,118,46,72,3,0,3,23,11,12,30,20,10
56032401,316,164,152,6,119,24,30,11,12,4,1,15,33,18,28,2,35,17,18,126,73,53,95,45,50,3,1,2,40,15,25,17,13,4
56032402,78,41,37,2,28,8,2,9,3,1,1,4,8,5,4,2,8,3,5,36,23,13,21,11,10,2,1,1,8,1,7,3,2,1
56033201,121,71,50,2,42,10,8,17,3,0,2,7,7,10,11,0,13,7,6,53,37,16,29,14,15,2,0,2,10,3,7,14,10,4
56034101,36,22,14,4,7,7,4,3,0,1,0,3,1,2,4,0,4,1,3,13,10,3,15,9,6,0,0,0,4,2,2,0,0,0
56034102,84,49,35,2,27,4,9,8,7,0,0,3,6,6,3,6,6,4,2,29,20,9,26,14,12,4,0,4,6,1,5,13,10,3
56034103,44,27,17,4,16,4,4,2,3,1,0,2,3,2,2,0,1,1,0,19,14,5,19,11,8,0,0,0,5,1,4,0,0,0
56034104,25,16,9,3,9,3,2,1,1,0,0,1,2,0,1,1,3,1,2,11,8,3,7,4,3,0,0,0,3,2,1,1,1,0
53859101,576,303,273,6,180,40,46,33,21,6,16,55,59,30,54,8,44,23,21,176,118,58,218,90,128,7,2,5,111,54,57,20,16,4
56035901,1649,891,758,26,812,111,115,106,35,11,9,90,76,65,139,20,273,129,144,800,474,326,399,194,205,10,1,9,71,31,40,96,62,34
56035902,272,141,131,4,99,21,30,14,3,7,2,10,19,26,25,2,20,7,13,99,67,32,109,49,60,3,2,1,35,13,22,6,3,3
56035903,31,14,17,0,14,2,1,0,1,0,1,3,5,0,3,0,0,0,0,9,5,4,14,4,10,1,0,1,4,2,2,3,3,0
56035904,12,8,4,0,8,0,1,0,0,1,0,0,0,0,2,0,0,0,0,3,2,1,6,3,3,0,0,0,2,2,0,1,1,0
56035905,51,33,18,2,21,5,3,3,1,1,1,2,4,5,1,0,2,2,0,20,13,7,20,14,6,0,0,0,6,2,4,3,2,1
56035906,50,22,28,1,15,8,1,6,1,0,1,2,9,3,3,0,7,1,6,16,13,3,20,6,14,0,0,0,7,2,5,0,0,0
56036702,18,9,9,3,2,1,0,2,2,0,0,2,2,2,1,0,0,0,0,6,5,1,8,3,5,0,0,0,3,1,2,1,0,1
56036703,8,5,3,3,0,0,0,1,3,0,0,0,0,1,0,0,5,2,3,2,2,0,0,0,0,0,0,0,0,0,0,1,1,0
56036704,601,334,267,15,233,31,55,37,27,1,3,39,61,39,38,4,65,35,30,262,165,97,174,82,92,11,3,8,54,23,31,35,26,9
56036705,79,50,29,1,45,4,8,4,4,0,0,2,4,3,2,1,13,8,5,37,27,10,18,10,8,0,0,0,3,0,3,8,5,3
56036706,631,362,269,8,239,28,43,28,27,7,7,37,88,51,42,9,46,23,23,254,158,96,222,120,102,9,4,5,61,29,32,39,28,11
56036707,33,24,9,11,7,2,0,1,0,0,0,4,1,4,1,0,0,0,0,10,9,1,7,3,4,3,1,2,9,7,2,4,4,0
56036708,236,130,106,4,100,15,19,7,10,3,2,6,23,23,14,5,17,8,9,107,71,36,90,46,44,2,0,2,16,4,12,4,1,3
56036709,27,15,12,3,15,0,2,0,0,0,0,1,0,1,2,2,3,1,2,13,8,5,4,0,4,0,0,0,0,0,0,7,6,1
56036712,281,160,121,7,108,9,25,15,8,10,3,9,25,28,19,4,15,10,5,92,65,27,108,58,50,2,1,1,43,13,30,21,13,8
56036713,334,331,3,1,183,0,0,1,0,0,0,53,93,1,0,2,142,142,0,141,138,3,44,44,0,2,2,0,4,4,0,1,1,0
56036715,425,224,201,5,132,15,38,27,12,7,7,26,84,33,23,3,25,13,12,134,67,67,175,97,78,2,1,1,71,38,33,18,8,10
56037501,123,74,49,6,56,8,11,6,4,2,0,8,8,1,9,1,12,5,7,62,42,20,37,19,18,0,0,0,7,5,2,5,3,2
1537700,0,0,0,0,0,0,0,0,0,0,0,0,0,0,0,0,0,0,0,0,0,0,0,0,0,0,0,0,0,0,0,0,0,0
56038301,162,91,71,1,76,5,17,11,9,1,0,11,9,9,11,0,20,12,8,71,43,28,58,30,28,2,0,2,11,6,5,0,0,0
56038302,786,463,323,12,294,40,94,40,36,8,6,58,58,37,52,14,74,48,26,287,175,112,271,143,128,11,4,7,85,47,38,58,46,12
56038304,14,8,6,0,5,2,0,1,1,0,0,0,1,1,2,0,3,2,1,5,3,2,4,1,3,0,0,0,1,1,0,1,1,0
56038305,40,26,14,1,18,2,3,1,0,0,0,4,4,0,3,2,15,11,4,10,6,4,7,4,3,3,3,0,3,2,1,2,0,2
56038306,1686,914,772,16,735,104,209,85,111,17,12,97,76,62,91,16,244,123,121,820,491,329,417,198,219,22,7,15,84,36,48,99,59,40
56038308,64,37,27,2,31,4,5,4,2,0,0,1,5,3,3,2,7,4,3,33,21,12,13,8,5,1,0,1,7,1,6,3,3,0
56038309,429,226,203,9,191,19,40,20,15,3,6,23,39,20,27,4,44,21,23,159,99,60,173,82,91,7,1,6,36,15,21,10,8,2
56038310,888,463,425,3,395,44,97,50,46,12,9,51,45,50,55,10,94,44,50,361,221,140,328,154,174,15,6,9,58,21,37,32,17,15
56038311,1030,537,493,10,401,55,111,52,56,16,18,61,72,63,63,8,74,31,43,396,235,161,382,189,193,12,5,7,132,56,76,34,21,13
56038312,582,305,277,5,223,36,63,32,46,5,1,39,28,36,32,5,55,29,26,256,158,98,186,79,107,11,4,7,46,17,29,28,18,10
0604880,0,0,0,0,0,0,0,0,0,0,0,0,0,0,0,0,0,0,0,0,0,0,0,0,0,0,0,0,0,0,0,0,0,0
56041301,12,7,5,1,5,0,0,2,0,0,0,0,2,0,2,0,1,1,0,5,3,2,1,0,1,0,0,0,3,1,2,2,2,0
56041302,26,13,13,1,7,2,1,4,1,0,0,2,1,1,5,0,3,1,2,12,9,3,10,3,7,0,0,0,1,0,1,0,0,0
56041303,24,14,10,1,8,3,1,1,0,0,0,5,2,2,1,0,6,3,3,12,9,3,5,1,4,0,0,0,1,1,0,0,0,0
56041305,22,13,9,2,10,1,0,0,2,1,1,1,1,0,0,0,3,2,1,6,2,4,9,8,1,0,0,0,3,0,3,1,1,0
56041307,144,80,64,7,36,22,10,9,5,0,3,14,14,12,6,1,7,3,4,68,43,25,41,14,27,4,1,3,15,12,3,9,7,2
51158701,42,25,17,1,12,3,4,3,3,0,2,2,8,1,1,1,2,2,0,12,10,2,19,8,11,0,0,0,8,4,4,1,1,0
51158702,25,13,12,2,9,2,0,3,0,0,0,1,4,2,2,0,5,2,3,7,4,3,7,6,1,0,0,0,6,1,5,0,0,0
51158703,13,6,7,0,7,0,1,1,0,0,0,0,1,2,1,0,1,1,0,10,4,6,1,1,0,0,0,0,1,0,1,0,0,0
51158704,54,29,25,1,17,3,5,1,2,1,0,3,8,6,6,0,4,3,1,18,10,8,21,12,9,1,0,1,9,3,6,1,1,0
51158705,66,32,34,2,30,3,4,8,1,0,1,2,5,5,2,1,6,3,3,18,9,9,27,12,15,1,0,1,10,5,5,4,3,1
56042101,76,46,30,2,28,11,13,4,0,0,1,6,3,1,4,2,8,4,4,40,28,12,24,11,13,0,0,0,1,1,0,3,2,1
56042102,119,69,50,8,48,8,11,12,2,0,3,5,8,8,4,0,7,4,3,65,43,22,33,17,16,0,0,0,11,4,7,3,1,2
0722810,0,0,0,0,0,0,0,0,0,0,0,0,0,0,0,0,0,0,0,0,0,0,0,0,0,0,0,0,0,0,0,0,0,0
0723030,0,0,0,0,0,0,0,0,0,0,0,0,0,0,0,0,0,0,0,0,0,0,0,0,0,0,0,0,0,0,0,0,0,0
56045601,21,14,7,0,8,2,3,3,2,0,0,0,0,1,1,0,1,0,1,12,9,3,7,4,3,0,0,0,0,0,0,1,1,0
56045602,13,10,3,4,1,1,0,3,0,0,0,0,3,1,0,0,0,0,0,7,7,0,5,2,3,0,0,0,1,1,0,0,0,0
56045603,11,6,5,0,7,1,0,0,1,0,0,0,0,0,2,0,0,0,0,9,6,3,0,0,0,1,0,1,1,0,1,0,0,0
56045604,372,191,181,22,140,21,29,22,10,4,6,23,37,28,19,4,32,11,21,157,95,62,115,56,59,8,3,5,43,15,28,17,11,6
56045605,24,12,12,0,7,1,4,1,1,0,0,2,2,3,2,1,5,2,3,7,4,3,8,3,5,0,0,0,2,1,1,2,2,0
56045606,24,12,12,1,6,2,2,5,0,0,1,2,0,3,0,1,1,0,1,12,7,5,8,5,3,0,0,0,3,0,3,0,0,0
0726812,0,0,0,0,0,0,0,0,0,0,0,0,0,0,0,0,0,0,0,0,0,0,0,0,0,0,0,0,0,0,0,0,0,0
56046401,375,193,182,7,132,25,36,23,5,4,6,24,30,35,35,3,45,20,25,124,76,48,126,63,63,5,3,2,50,17,33,25,14,11
0733260,0,0,0,0,0,0,0,0,0,0,0,0,0,0,0,0,0,0,0,0,0,0,0,0,0,0,0,0,0,0,0,0,0,0
3091410,0,0,0,0,0,0,0,0,0,0,0,0,0,0,0,0,0,0,0,0,0,0,0,0,0,0,0,0,0,0,0,0,0,0
56047201,20,10,10,3,7,0,3,0,0,2,0,1,1,1,1,0,1,1,0,11,6,5,5,2,3,1,0,1,1,0,1,1,1,0
56047202,10,6,4,9,0,0,0,0,0,0,0,0,0,0,1,0,4,2,2,5,3,2,1,1,0,0,0,0,0,0,0,0,0,0
56047205,19,15,4,3,4,3,1,3,0,0,0,1,0,0,0,2,3,2,1,15,12,3,0,0,0,0,0,0,0,0,0,1,1,0
56047207,46,28,18,3,10,6,2,6,3,0,1,4,4,4,2,0,3,1,2,13,8,5,19,14,5,2,0,2,7,3,4,2,2,0
56047208,58,33,25,1,27,3,7,2,2,0,0,4,6,3,2,0,0,0,0,28,19,9,21,11,10,0,0,0,8,3,5,1,0,1
56047209,19,10,9,3,5,0,0,4,1,0,0,1,2,3,0,0,2,0,2,8,6,2,6,3,3,0,0,0,3,1,2,0,0,0
56047210,19,9,10,0,10,1,2,0,0,0,0,1,0,0,4,0,1,0,1,8,4,4,9,4,5,0,0,0,1,1,0,0,0,0
56047213,18,12,6,3,4,1,0,4,1,0,0,3,1,0,1,0,3,2,1,5,5,0,7,4,3,0,0,0,2,0,2,1,1,0
56047214,217,124,93,3,107,13,17,8,10,1,2,7,19,11,11,2,9,5,4,91,62,29,87,41,46,3,2,1,20,9,11,7,5,2
56047215,253,139,114,10,98,16,21,10,9,5,4,14,17,25,11,3,26,18,8,102,65,37,91,40,51,1,1,0,26,12,14,7,3,4
56047216,24,11,13,0,4,1,4,6,1,0,0,0,3,3,1,0,2,2,0,10,6,4,8,3,5,0,0,0,4,0,4,0,0,0
56047217,375,193,182,14,179,18,32,11,13,3,2,28,20,19,19,6,54,23,31,171,96,75,108,51,57,5,1,4,14,6,8,23,16,7
56047218,697,383,314,12,339,28,60,39,30,10,5,29,30,44,43,8,87,50,37,290,169,121,220,115,105,11,4,7,65,28,37,24,17,7
56047219,291,158,133,3,115,11,22,16,14,4,0,22,21,31,15,1,24,13,11,100,61,39,106,57,49,9,4,5,43,17,26,9,6,3
56047220,651,351,300,11,289,38,55,32,18,10,9,21,45,39,46,10,75,47,28,225,141,84,247,114,133,13,3,10,59,28,31,32,18,14
56047221,5,3,2,0,3,0,1,0,0,0,0,1,0,0,0,0,0,0,0,2,1,1,2,1,1,0,0,0,1,1,0,0,0,0
0738220,0,0,0,0,0,0,0,0,0,0,0,0,0,0,0,0,0,0,0,0,0,0,0,0,0,0,0,0,0,0,0,0,0,0
53833701,15,10,5,0,6,2,1,1,0,0,0,1,2,0,0,0,2,2,0,3,2,1,6,4,2,0,0,0,3,1,2,1,1,0
53833702,29,17,12,4,9,3,2,3,0,0,1,2,2,0,1,0,0,0,0,12,10,2,14,5,9,0,0,0,3,2,1,0,0,0
53833703,299,168,131,24,99,12,30,22,14,8,2,17,30,23,10,0,17,9,8,132,83,49,89,44,45,5,2,3,38,20,18,18,10,8
56049901,27,14,13,7,7,1,0,3,1,0,0,0,1,2,4,0,0,0,0,17,9,8,7,4,3,0,0,0,3,1,2,0,0,0
56049902,19,10,9,4,11,1,0,0,0,0,0,1,0,1,0,0,1,1,0,12,7,5,3,1,2,0,0,0,1,0,1,2,1,1
56049903,1823,954,869,45,646,88,159,177,58,15,17,90,150,139,171,17,155,83,72,781,471,310,585,259,326,18,5,13,187,77,110,97,59,38
56049904,81,40,41,4,23,6,11,9,2,0,2,5,8,2,7,1,13,4,9,34,23,11,24,10,14,0,0,0,8,2,6,2,1,1
56049906,34,16,18,1,12,1,5,2,0,2,0,3,2,3,2,1,3,0,3,14,10,4,10,2,8,0,0,0,7,4,3,0,0,0
56049907,27,17,10,1,6,5,2,3,3,0,0,1,3,1,1,1,4,3,1,14,10,4,5,2,3,0,0,0,4,2,2,0,0,0
56049908,290,270,20,5,95,5,5,6,4,1,0,3,152,4,4,6,137,135,2,104,97,7,30,23,7,0,0,0,12,9,3,7,6,1
56049909,60,31,29,6,17,1,5,6,2,0,1,3,3,8,6,0,8,4,4,22,17,5,22,9,13,1,0,1,6,0,6,1,1,0
56050201,20,11,9,0,5,1,1,2,1,1,0,2,3,1,2,0,0,0,0,9,7,2,4,1,3,1,0,1,6,3,3,0,0,0
56050202,213,118,95,5,105,22,9,12,2,0,0,14,17,8,15,2,27,18,9,108,65,43,46,20,26,5,3,2,14,6,8,13,6,7
56053701,12,7,5,0,3,0,4,0,0,0,0,1,1,1,2,0,0,0,0,4,3,1,3,2,1,2,1,1,3,1,2,0,0,0
56053702,595,306,289,5,172,38,59,39,40,4,12,44,47,41,70,5,47,21,26,203,126,77,216,102,114,17,7,10,96,38,58,16,12,4
56053703,296,168,128,5,61,20,41,9,31,6,2,20,35,22,20,6,19,12,7,78,52,26,105,54,51,3,1,2,71,35,36,20,14,6
56053705,392,213,179,9,102,33,44,23,25,3,7,33,38,23,26,5,21,15,6,123,72,51,162,86,76,11,3,8,52,23,29,23,14,9
56053706,121,63,58,5,41,6,15,6,7,1,1,4,12,2,9,2,7,3,4,57,34,23,40,18,22,2,1,1,6,3,3,9,4,5
56053707,35,17,18,3,17,1,4,2,0,0,1,2,1,2,2,0,2,0,2,15,8,7,15,8,7,0,0,0,3,1,2,0,0,0
56053708,38,24,14,2,10,5,3,3,4,0,0,5,0,3,1,1,6,3,3,13,12,1,10,4,6,0,0,0,4,2,2,5,3,2
56054501,381,202,179,6,135,25,41,12,9,3,2,35,40,28,32,4,27,14,13,157,103,54,131,55,76,7,3,4,49,21,28,10,6,4
56054502,268,145,123,2,114,15,17,6,9,5,8,11,38,19,11,2,16,10,6,114,72,42,99,46,53,1,0,1,35,16,19,3,1,2
56056101,16,12,4,3,0,2,3,2,0,0,0,1,1,0,1,1,4,4,0,6,4,2,2,1,1,0,0,0,1,1,0,3,2,1
56056102,54,34,20,18,9,3,7,2,2,0,0,2,3,3,3,2,10,5,5,23,20,3,10,4,6,0,0,0,4,3,1,7,2,5
56057001,26,15,11,0,9,3,4,2,0,0,0,1,2,0,5,0,6,3,3,10,7,3,4,0,4,0,0,0,1,1,0,5,4,1
56057002,100,56,44,2,38,6,8,11,4,0,0,4,3,8,9,2,10,5,5,51,30,21,28,17,11,0,0,0,9,2,7,2,2,0
56057003,59,32,27,0,17,5,8,5,6,3,1,3,3,4,3,1,1,1,0,16,11,5,27,13,14,1,0,1,10,4,6,4,3,1
56057004,222,127,95,6,79,16,23,12,4,4,3,12,31,7,14,2,22,15,7,84,52,32,66,32,34,3,1,2,34,18,16,13,9,4
56057005,362,211,151,9,189,19,30,25,15,1,2,14,23,7,18,4,91,47,44,148,97,51,72,34,38,4,2,2,13,6,7,34,25,9
56057006,305,170,135,4,132,23,22,21,8,2,3,15,29,24,14,1,27,13,14,112,73,39,108,56,52,8,2,6,32,13,19,18,13,5
56058801,42,25,17,1,15,3,5,3,0,0,0,4,3,2,2,1,4,2,2,22,15,7,10,5,5,1,0,1,2,1,1,3,2,1
56058802,265,143,122,4,142,13,26,10,3,2,1,14,14,9,17,4,56,30,26,132,78,54,50,22,28,1,0,1,13,5,8,13,8,5
56058804,207,112,95,4,94,15,20,12,5,0,2,13,11,18,6,3,28,11,17,105,65,40,52,27,25,1,0,1,12,3,9,9,6,3
56058805,90,54,36,12,30,3,17,4,2,0,0,5,5,4,5,1,12,7,5,38,21,17,26,16,10,1,0,1,5,3,2,8,7,1
56058806,23,11,12,3,4,0,1,1,1,0,0,2,2,1,5,1,3,2,1,7,2,5,9,5,4,1,0,1,3,2,1,0,0,0
56058807,8,5,3,0,4,0,1,1,0,0,0,0,0,1,0,0,0,0,0,5,4,1,3,1,2,0,0,0,0,0,0,0,0,0
1341470,0,0,0,0,0,0,0,0,0,0,0,0,0,0,0,0,0,0,0,0,0,0,0,0,0,0,0,0,0,0,0,0,0,0
1341550,0,0,0,0,0,0,0,0,0,0,0,0,0,0,0,0,0,0,0,0,0,0,0,0,0,0,0,0,0,0,0,0,0,0
56059601,25,14,11,3,6,1,1,0,3,1,0,3,2,0,2,1,0,0,0,9,5,4,13,8,5,2,1,1,1,0,1,0,0,0
56060001,15,8,7,1,4,0,3,3,0,0,0,0,1,3,0,0,1,0,1,4,4,0,4,3,1,0,0,0,2,0,2,4,1,3
56060002,102,59,43,1,45,6,3,3,3,3,0,6,14,8,7,3,5,2,3,42,31,11,39,19,20,1,1,0,14,5,9,1,1,0
56060003,882,493,389,19,442,49,47,59,15,6,4,36,61,42,48,31,168,89,79,382,233,149,209,102,107,8,3,5,41,19,22,74,47,27
56060004,80,47,33,3,48,3,3,6,1,1,2,2,0,2,5,3,8,5,3,41,25,16,23,10,13,2,1,1,2,2,0,4,4,0
56060005,17,9,8,1,8,2,0,0,0,0,0,1,1,2,1,1,3,2,1,6,3,3,5,3,2,0,0,0,0,0,0,3,1,2
1421820,0,0,0,0,0,0,0,0,0,0,0,0,0,0,0,0,0,0,0,0,0,0,0,0,0,0,0,0,0,0,0,0,0,0
56061803,19,10,9,2,6,0,1,3,1,0,0,2,1,0,1,0,8,4,4,8,4,4,3,2,1,0,0,0,0,0,0,0,0,0
56061805,70,41,29,13,19,6,3,5,1,0,0,11,7,2,1,0,10,4,6,32,22,10,13,8,5,1,1,0,4,2,2,10,4,6
56061806,13,7,6,0,2,1,2,6,0,0,0,1,0,1,0,0,2,1,1,5,2,3,6,4,2,0,0,0,0,0,0,0,0,0
3024570,0,0,0,0,0,0,0,0,0,0,0,0,0,0,0,0,0,0,0,0,0,0,0,0,0,0,0,0,0,0,0,0,0,0
56028601,46,26,20,2,12,3,4,2,3,1,1,1,6,2,8,0,1,1,0,9,6,3,18,7,11,1,1,0,17,11,6,0,0,0
56028603,99,56,43,3,31,15,9,4,3,1,1,2,12,5,9,1,5,4,1,29,17,12,48,26,22,0,0,0,16,8,8,1,1,0
56028605,688,367,321,10,247,41,81,60,21,5,11,45,48,32,55,12,91,49,42,253,150,103,221,105,116,11,2,9,69,33,36,43,28,15
56028606,406,265,141,7,118,33,39,41,12,2,3,28,30,22,45,10,44,34,10,113,85,28,128,65,63,4,1,3,42,16,26,75,64,11
56028607,837,433,404,2,242,41,64,53,25,24,13,75,90,70,82,10,48,26,22,276,169,107,340,159,181,10,3,7,136,60,76,27,16,11
56028608,2608,1342,1266,21,861,146,298,183,101,34,32,185,231,138,246,32,275,136,139,999,591,408,934,423,511,38,8,30,248,113,135,114,71,43
56028609,1157,611,546,10,425,61,148,59,31,19,4,55,93,65,110,21,167,87,80,423,255,168,379,177,202,14,7,7,111,45,66,63,40,23
56028610,1686,851,835,14,520,86,171,94,64,24,34,97,194,129,182,12,108,57,51,567,342,225,624,285,339,25,6,19,301,127,174,61,34,27
56028611,271,140,131,2,81,15,29,15,15,9,6,15,23,28,18,2,13,7,6,85,53,32,103,49,54,3,2,1,59,25,34,8,4,4
56028612,7,6,1,0,2,0,0,0,0,0,0,4,0,1,0,0,3,3,0,2,2,0,0,0,0,0,0,0,2,1,1,0,0,0
56028613,457,236,221,5,142,24,51,27,12,7,6,27,47,34,52,3,37,21,16,167,108,59,163,62,101,8,1,7,57,26,31,25,18,7
56028615,820,412,408,9,238,42,97,52,30,18,13,46,96,55,85,8,47,18,29,258,151,107,344,166,178,13,6,7,124,49,75,34,22,12
56028616,504,263,241,3,142,27,49,24,15,10,13,26,65,44,68,4,27,15,12,145,95,50,178,86,92,10,1,9,124,51,73,20,15,5
56028617,69,33,36,1,18,4,8,4,0,1,1,2,13,6,7,0,8,4,4,23,14,9,28,13,15,4,0,4,5,2,3,1,0,1
56028618,177,106,71,3,45,11,22,18,11,3,0,16,13,6,14,12,57,34,23,46,32,14,46,25,21,1,0,1,7,2,5,20,13,7
56064201,380,216,164,9,126,34,44,22,13,6,5,18,35,25,28,3,14,9,5,166,104,62,135,69,66,3,1,2,54,27,27,8,6,2
1576510,0,0,0,0,0,0,0,0,0,0,0,0,0,0,0,0,0,0,0,0,0,0,0,0,0,0,0,0,0,0,0,0,0,0
56065101,229,132,97,14,74,15,20,17,8,1,1,8,24,14,16,5,11,5,6,90,64,26,85,42,43,4,1,3,31,14,17,8,6,2
53843401,643,346,297,9,235,53,51,54,13,8,9,51,54,29,48,8,61,33,28,255,149,106,199,103,96,6,3,3,74,28,46,48,30,18
53843402,17,10,7,1,5,1,1,6,0,0,0,0,0,1,1,0,3,1,2,6,5,1,4,1,3,0,0,0,3,2,1,1,1,0
53843403,141,74,67,4,38,12,17,7,5,2,5,8,13,9,14,0,7,6,1,40,26,14,55,18,37,2,0,2,36,24,12,1,0,1
53839601,186,99,87,7,68,9,18,15,6,2,1,12,14,13,14,1,13,6,7,76,50,26,59,30,29,4,0,4,29,11,18,5,2,3
1625580,0,0,0,0,0,0,0,0,0,0,0,0,0,0,0,0,0,0,0,0,0,0,0,0,0,0,0,0,0,0,0,0,0,0
56067701,46,31,15,2,15,2,2,2,0,2,2,2,8,2,5,1,2,2,0,17,15,2,14,8,6,1,0,1,9,4,5,3,2,1
56067702,23,15,8,1,8,5,1,1,1,0,0,1,2,1,1,0,2,2,0,8,8,0,12,4,8,0,0,0,1,1,0,0,0,0
56067704,33,17,16,2,13,3,5,1,1,0,1,0,3,1,2,1,5,3,2,14,9,5,9,2,7,0,0,0,4,2,2,1,1,0
56067705,45,27,18,5,25,4,2,1,3,0,0,0,2,2,0,0,5,3,2,27,17,10,8,5,3,0,0,0,4,2,2,1,0,1
53866301,79,41,38,3,41,4,7,4,2,1,0,2,5,4,3,0,6,2,4,30,20,10,31,13,18,1,0,1,9,5,4,2,1,1
57936001,132,72,60,1,39,14,14,7,3,1,5,8,11,10,13,1,3,0,3,48,33,15,52,25,27,2,1,1,22,8,14,5,5,0
56068501,463,257,206,8,190,34,52,23,26,2,4,22,39,19,23,5,68,31,37,184,119,65,150,77,73,9,5,4,29,8,21,23,17,6
3313090,0,0,0,0,0,0,0,0,0,0,0,0,0,0,0,0,0,0,0,0,0,0,0,0,0,0,0,0,0,0,0,0,0,0
56070701,123,81,42,2,53,8,11,7,3,0,0,29,4,1,2,1,47,28,19,59,40,19,4,2,2,0,0,0,1,0,1,12,11,1
56234301,189,113,76,14,46,18,17,24,11,2,2,13,12,18,6,1,19,10,9,72,51,21,68,37,31,0,0,0,22,11,11,8,4,4
56235101,32,17,15,0,9,4,3,2,1,1,0,4,1,2,4,1,3,1,2,10,8,2,8,3,5,3,1,2,8,4,4,0,0,0
56235102,144,79,65,3,44,12,9,19,5,4,0,8,12,8,13,3,13,7,6,60,43,17,49,20,29,2,0,2,10,3,7,10,6,4
56235103,37,23,14,2,12,4,3,2,1,0,0,2,4,2,4,1,1,0,1,14,10,4,9,4,5,1,0,1,6,3,3,6,6,0
56235104,39,23,16,0,12,4,4,2,4,0,0,3,1,3,3,1,5,4,1,13,11,2,13,7,6,1,0,1,2,0,2,5,1,4
56235105,195,112,83,5,53,16,22,24,6,1,1,16,12,12,20,2,20,15,5,78,50,28,70,38,32,2,0,2,16,4,12,9,5,4
56235106,215,134,81,5,72,24,39,24,4,1,1,5,9,13,6,3,27,17,10,97,70,27,60,26,34,0,0,0,13,6,7,18,15,3
56235109,398,222,176,4,142,11,45,65,9,2,3,25,30,25,20,4,29,15,14,168,106,62,152,75,77,6,2,4,34,17,17,9,7,2
56235110,14,9,5,2,6,3,0,0,0,0,0,1,0,1,0,0,1,1,0,8,4,4,2,2,0,1,1,0,2,1,1,0,0,0
56235111,98,55,43,3,22,9,15,11,2,1,1,7,9,7,6,4,3,1,2,35,24,11,38,18,20,3,1,2,17,9,8,2,2,0
56235113,41,23,18,0,16,4,4,2,0,0,1,4,2,2,2,0,4,1,3,17,10,7,11,9,2,0,0,0,6,2,4,3,1,2
56235114,300,178,122,7,97,22,32,41,8,2,1,14,26,19,16,7,27,15,12,136,94,42,100,50,50,3,0,3,18,5,13,16,14,2
54464701,154,89,65,1,39,12,18,24,8,5,4,7,11,10,9,3,11,7,4,50,36,14,61,28,33,3,2,1,22,11,11,7,5,2
0213512,0,0,0,0,0,0,0,0,0,0,0,0,0,0,0,0,0,0,0,0,0,0,0,0,0,0,0,0,0,0,0,0,0,0
3098690,0,0,0,0,0,0,0,0,0,0,0,0,0,0,0,0,0,0,0,0,0,0,0,0,0,0,0,0,0,0,0,0,0,0
56239401,356,200,156,18,105,27,29,32,12,5,5,20,18,37,36,8,33,19,14,135,88,47,123,59,64,4,0,4,37,16,21,24,18,6
56239402,42,21,21,4,17,2,0,1,1,1,0,4,2,2,6,1,0,0,0,11,9,2,17,9,8,2,0,2,6,1,5,6,2,4
56239403,47,19,28,0,12,2,5,1,1,0,2,1,9,7,4,0,6,3,3,21,12,9,13,2,11,0,0,0,4,1,3,3,1,2
56239404,15,8,7,2,3,0,0,3,0,1,0,2,1,2,1,0,1,1,0,1,1,0,9,5,4,0,0,0,4,1,3,0,0,0
56239405,130,69,61,4,38,6,16,7,1,2,0,8,13,13,17,0,11,6,5,56,35,21,44,20,24,0,0,0,15,5,10,4,3,1
56239406,20,11,9,0,9,2,3,3,2,0,0,1,0,0,0,0,6,3,3,10,6,4,3,1,2,1,1,0,0,0,0,0,0,0
56239407,82,39,43,4,21,8,13,7,2,0,0,3,4,6,12,0,4,1,3,33,18,15,35,16,19,2,1,1,5,1,4,3,2,1
56239409,29,15,14,1,11,4,0,0,2,1,0,1,3,4,1,0,1,0,1,6,3,3,15,8,7,0,0,0,7,4,3,0,0,0
56239410,36,19,17,3,10,2,3,5,2,0,0,4,2,1,2,1,5,3,2,15,10,5,14,5,9,0,0,0,2,1,1,0,0,0
56239411,51,28,23,6,21,2,2,4,1,2,0,2,3,0,7,1,16,10,6,17,9,8,15,7,8,0,0,0,0,0,0,3,2,1
56239412,61,36,25,5,12,5,6,6,2,1,0,5,5,4,5,2,4,2,2,23,17,6,22,10,12,3,0,3,6,4,2,3,3,0
56239413,43,24,19,0,20,2,2,6,0,1,0,3,1,2,6,0,0,0,0,24,18,6,14,3,11,1,0,1,2,2,0,2,1,1
56239414,16,6,10,0,3,0,2,2,0,1,0,0,1,2,1,1,1,1,0,3,1,2,8,3,5,1,1,0,3,0,3,0,0,0
56239415,34,18,16,1,11,3,4,3,0,0,4,0,1,4,3,0,0,0,0,11,8,3,13,4,9,2,0,2,7,5,2,1,1,0
56239416,92,52,40,2,25,9,12,3,2,1,1,6,11,6,12,0,6,4,2,34,20,14,38,24,14,2,0,2,12,4,8,0,0,0
56239417,43,20,23,0,11,1,4,6,2,0,2,4,1,7,5,0,3,2,1,18,9,9,15,5,10,0,0,0,5,2,3,2,2,0
56239418,189,94,95,3,45,6,16,19,10,4,1,11,14,23,28,4,21,11,10,66,37,29,62,26,36,5,3,2,24,9,15,11,8,3
56239419,240,130,110,11,61,7,17,20,6,7,7,15,29,16,37,2,7,4,3,85,55,30,91,42,49,8,2,6,42,21,21,7,6,1
56239420,485,268,217,11,136,30,57,42,23,7,6,27,25,29,69,12,44,21,23,184,115,69,154,73,81,2,1,1,56,24,32,45,34,11
56239421,139,77,62,1,33,11,22,7,7,5,1,8,14,10,12,2,7,4,3,56,35,21,47,23,24,5,1,4,18,10,8,6,4,2
0250032,0,0,0,0,0,0,0,0,0,0,0,0,0,0,0,0,0,0,0,0,0,0,0,0,0,0,0,0,0,0,0,0,0,0
0250540,0,0,0,0,0,0,0,0,0,0,0,0,0,0,0,0,0,0,0,0,0,0,0,0,0,0,0,0,0,0,0,0,0,0
0252670,0,0,0,0,0,0,0,0,0,0,0,0,0,0,0,0,0,0,0,0,0,0,0,0,0,0,0,0,0,0,0,0,0,0
0252830,0,0,0,0,0,0,0,0,0,0,0,0,0,0,0,0,0,0,0,0,0,0,0,0,0,0,0,0,0,0,0,0,0,0
0252910,0,0,0,0,0,0,0,0,0,0,0,0,0,0,0,0,0,0,0,0,0,0,0,0,0,0,0,0,0,0,0,0,0,0
3099230,0,0,0,0,0,0,0,0,0,0,0,0,0,0,0,0,0,0,0,0,0,0,0,0,0,0,0,0,0,0,0,0,0,0
3194650,0,0,0,0,0,0,0,0,0,0,0,0,0,0,0,0,0,0,0,0,0,0,0,0,0,0,0,0,0,0,0,0,0,0
3194730,0,0,0,0,0,0,0,0,0,0,0,0,0,0,0,0,0,0,0,0,0,0,0,0,0,0,0,0,0,0,0,0,0,0
3368150,0,0,0,0,0,0,0,0,0,0,0,0,0,0,0,0,0,0,0,0,0,0,0,0,0,0,0,0,0,0,0,0,0,0
3368310,0,0,0,0,0,0,0,0,0,0,0,0,0,0,0,0,0,0,0,0,0,0,0,0,0,0,0,0,0,0,0,0,0,0
56233501,29,19,10,0,9,2,4,5,1,0,0,3,1,2,0,1,5,3,2,11,7,4,6,4,2,0,0,0,0,0,0,7,5,2
56233502,37,17,20,2,7,2,4,5,3,0,1,1,2,2,5,0,2,1,1,9,7,2,18,8,10,2,0,2,6,1,5,0,0,0
56233503,35,20,15,1,7,5,3,1,1,0,1,4,1,3,4,0,4,3,1,6,3,3,16,8,8,1,1,0,7,5,2,1,0,1
56233506,81,45,36,0,16,6,9,7,6,6,1,6,6,9,5,0,5,3,2,16,10,6,34,19,15,2,0,2,22,12,10,2,1,1
56233507,2061,1091,970,17,412,141,197,251,118,49,30,180,164,180,182,22,114,77,37,594,359,235,825,405,420,37,11,26,395,175,220,96,64,32
56233509,41,25,16,1,12,1,7,5,2,1,2,3,2,2,3,0,0,0,0,13,10,3,16,8,8,1,0,1,9,5,4,2,2,0
56233510,1557,812,745,11,351,107,167,153,63,37,30,111,133,164,157,16,94,52,42,477,284,193,619,298,321,26,10,16,292,137,155,49,31,18
56233512,1225,667,558,10,276,75,110,129,60,27,23,119,84,105,129,18,83,50,33,322,204,118,470,239,231,13,3,10,278,130,148,59,41,18
56233514,16,8,8,0,2,0,1,1,4,0,0,5,1,2,0,0,1,0,1,5,3,2,2,1,1,0,0,0,6,3,3,2,1,1
56233516,86,46,40,2,18,6,9,13,2,0,0,8,8,6,13,0,2,0,2,31,23,8,38,18,20,1,1,0,11,3,8,3,1,2
56233517,1401,758,643,20,323,108,147,179,80,20,21,124,107,92,115,18,147,91,56,480,322,158,514,215,299,18,7,11,170,72,98,72,51,21
56233520,2020,1140,880,29,441,157,220,231,143,33,32,211,120,137,139,36,249,132,117,630,407,223,642,312,330,26,10,16,267,124,143,206,155,51
56233521,224,119,105,2,52,23,24,21,7,7,5,15,20,23,19,1,5,1,4,46,29,17,96,58,38,5,2,3,66,27,39,6,2,4
56233522,166,88,78,3,30,12,13,23,10,5,2,15,19,14,10,1,5,3,2,35,20,15,67,35,32,1,0,1,51,26,25,7,4,3
56233523,104,66,38,1,32,12,6,10,6,0,0,13,4,5,7,8,23,13,10,35,23,12,25,15,10,2,0,2,4,2,2,15,13,2
56233526,1259,697,562,11,273,99,141,134,61,30,21,122,80,124,105,16,76,37,39,328,211,117,475,248,227,14,6,8,311,155,156,55,40,15
56233527,1611,855,756,13,447,94,171,201,97,33,20,121,105,104,130,28,156,73,83,580,362,218,575,258,317,23,8,15,194,93,101,83,61,22
56233528,187,102,85,2,32,14,28,21,5,9,2,18,23,15,10,2,8,5,3,57,37,20,65,37,28,8,2,6,43,18,25,6,3,3
56233529,555,308,247,11,132,34,72,76,14,15,11,47,35,38,41,11,53,30,23,179,123,56,207,89,118,7,5,2,83,45,38,26,16,10
56233530,287,164,123,4,80,31,44,25,16,2,7,22,16,15,12,9,36,20,16,100,66,34,97,52,45,3,3,0,27,11,16,24,12,12
56233532,1698,922,776,17,481,99,184,210,67,33,27,128,114,142,126,16,141,76,65,617,389,228,665,327,338,16,7,9,202,94,108,57,29,28
56233533,437,233,204,5,122,34,41,47,20,6,7,29,25,37,41,3,26,11,15,157,104,53,176,81,95,13,3,10,58,29,29,7,5,2
56233534,124,69,55,1,36,9,11,15,6,2,1,12,8,8,5,1,22,14,8,49,34,15,31,12,19,3,1,2,14,6,8,5,2,3
56233536,143,79,64,0,35,12,10,15,8,2,3,12,13,13,14,2,5,3,2,42,31,11,64,30,34,3,0,3,22,12,10,7,3,4
56233537,70,41,29,0,10,4,1,14,5,1,0,8,4,9,10,1,3,1,2,26,20,6,24,12,12,1,0,1,11,5,6,5,3,2
56233538,858,463,395,10,228,68,86,108,27,18,9,58,63,80,55,6,59,29,30,303,190,113,338,158,180,11,7,4,112,54,58,35,25,10
56233539,186,99,87,5,43,12,22,18,7,0,9,25,13,9,13,3,5,3,2,60,40,20,79,40,39,2,1,1,32,11,21,8,4,4
56233540,67,39,28,3,10,7,4,9,6,0,0,5,9,6,3,0,3,2,1,18,13,5,32,16,16,1,0,1,10,6,4,3,2,1
56233542,291,153,138,9,64,34,39,47,5,2,4,21,14,19,21,4,9,5,4,83,54,29,133,63,70,6,2,4,53,24,29,7,5,2
56233543,78,40,38,1,17,4,18,13,7,0,1,2,6,1,6,1,15,8,7,22,15,7,27,10,17,0,0,0,8,3,5,6,4,2
56233544,116,65,51,1,30,11,11,18,5,4,2,7,13,4,6,0,12,4,8,49,28,21,34,21,13,2,2,0,15,7,8,4,3,1
56233545,47,26,21,0,7,5,5,11,2,0,0,4,8,2,2,1,5,3,2,17,14,3,17,6,11,0,0,0,6,3,3,2,0,2
56233546,255,147,108,5,56,26,36,18,12,5,9,25,15,15,22,1,9,6,3,60,42,18,100,47,53,6,1,5,70,44,26,10,7,3
56233547,60,35,25,7,12,3,4,6,1,1,5,2,9,3,6,0,4,3,1,9,7,2,26,15,11,3,1,2,15,7,8,3,2,1
56233548,104,55,49,3,26,10,8,9,12,2,1,10,7,7,4,2,5,1,4,30,19,11,41,22,19,0,0,0,24,10,14,4,3,1
56233549,110,62,48,3,30,12,15,15,4,1,1,8,6,6,8,0,6,3,3,43,33,10,49,21,28,1,0,1,9,4,5,2,1,1
56233550,221,113,108,4,59,16,23,24,7,4,4,23,12,16,19,2,13,4,9,61,44,17,94,44,50,3,1,2,43,17,26,7,3,4
56233551,172,88,84,4,39,16,20,13,6,5,2,17,14,12,14,3,5,3,2,45,27,18,81,38,43,0,0,0,38,18,20,3,2,1
56233552,85,44,41,1,24,4,11,9,4,3,3,9,0,5,8,0,4,3,1,27,20,7,37,16,21,1,0,1,14,4,10,2,1,1
56233553,152,86,66,2,39,17,22,9,6,3,7,5,10,13,10,2,5,3,2,52,36,16,69,35,34,2,1,1,19,8,11,5,3,2
56233555,1709,941,768,27,530,150,168,191,61,20,15,159,96,101,96,35,216,117,99,770,479,291,496,225,271,15,4,11,130,57,73,82,59,23
56233556,39,33,6,0,30,0,1,3,1,0,0,1,0,0,1,1,1,1,0,11,10,1,13,10,3,1,1,0,6,6,0,7,5,2
56233557,138,77,61,3,28,12,12,22,3,3,0,19,6,8,17,2,10,8,2,53,36,17,50,22,28,0,0,0,21,8,13,4,3,1
56233558,196,116,80,7,62,19,8,28,11,1,0,10,10,11,14,1,9,6,3,90,56,34,69,34,35,0,0,0,23,15,8,5,5,0
56233559,17,9,8,0,8,0,1,5,0,0,0,1,1,0,0,0,3,0,3,11,8,3,2,0,2,1,1,0,0,0,0,0,0,0
56233560,131,78,53,2,26,21,13,17,9,1,1,14,7,10,3,3,7,2,5,48,31,17,42,25,17,1,0,1,17,8,9,16,12,4
56233561,68,37,31,4,22,4,8,4,4,0,0,3,5,6,4,0,6,3,3,29,18,11,21,11,10,1,0,1,10,4,6,1,1,0
56233563,47,27,20,7,11,3,4,3,5,0,2,1,2,5,2,0,1,1,0,20,14,6,17,9,8,1,0,1,8,3,5,0,0,0
56233564,23,14,9,5,6,4,0,1,1,0,1,1,1,2,1,0,1,0,1,11,10,1,10,4,6,0,0,0,1,0,1,0,0,0
56233565,47,24,23,4,11,2,6,6,0,2,0,1,2,5,2,0,1,0,1,9,5,4,28,14,14,0,0,0,8,4,4,1,1,0
56240801,260,150,110,7,80,27,26,28,8,4,2,20,24,15,10,0,21,15,6,117,76,41,89,41,48,4,2,2,13,4,9,16,12,4
56240802,47,28,19,0,15,5,3,6,1,3,0,4,6,1,2,1,0,0,0,21,13,8,19,11,8,0,0,0,6,3,3,1,1,0
54578301,28,15,13,2,6,4,0,2,2,1,0,2,2,4,2,0,2,0,2,11,8,3,11,6,5,1,1,0,1,0,1,2,0,2
54578302,174,107,67,21,39,26,11,16,5,0,1,8,12,13,9,7,16,8,8,76,57,19,51,24,27,2,1,1,11,5,6,18,12,6
54585601,276,163,113,8,72,26,32,32,3,4,2,20,18,22,21,5,31,17,14,121,84,37,90,41,49,1,1,0,21,10,11,12,10,2
56243201,469,266,203,13,221,28,32,31,15,3,2,16,30,34,24,7,56,33,23,183,111,72,166,89,77,7,4,3,36,14,22,21,15,6
56243202,40,22,18,0,23,2,3,3,0,0,1,3,2,0,1,0,4,2,2,19,13,6,13,5,8,0,0,0,1,1,0,3,1,2
56244101,574,309,265,14,197,38,76,27,33,5,1,31,21,46,41,6,81,41,40,259,144,115,163,87,76,7,3,4,29,10,19,35,24,11
56244102,105,65,40,4,31,3,10,3,6,1,1,4,2,9,19,3,24,17,7,38,28,10,33,13,20,0,0,0,9,6,3,1,1,0
56244103,17,9,8,2,5,1,1,1,1,0,0,1,0,2,1,0,3,1,2,6,4,2,4,3,1,0,0,0,4,1,3,0,0,0
56244105,23,17,6,0,8,0,0,1,1,0,0,0,0,0,7,1,2,2,0,12,10,2,6,4,2,0,0,0,0,0,0,3,1,2
53041701,52,27,25,3,8,3,4,3,15,3,1,3,2,1,3,0,3,3,0,11,7,4,28,13,15,0,0,0,9,4,5,1,0,1
54589901,74,41,33,2,20,5,8,8,3,0,0,7,6,6,8,1,8,5,3,27,16,11,28,14,14,0,0,0,6,4,2,5,2,3
54589902,102,56,46,1,33,13,4,15,0,0,1,10,7,7,5,3,4,3,1,48,32,16,33,14,19,1,1,0,13,4,9,3,2,1
56248301,22,16,6,2,6,1,2,2,1,0,0,2,2,2,0,0,1,1,0,11,9,2,6,2,4,1,1,0,2,2,0,1,1,0
56248302,75,48,27,7,26,11,0,9,2,1,0,6,4,4,3,0,3,3,0,35,25,10,22,12,10,1,0,1,5,2,3,9,6,3
56248303,121,70,51,9,41,14,8,17,3,3,2,8,5,3,5,1,19,8,11,57,39,18,37,19,18,1,1,0,4,1,3,3,2,1
54592901,175,106,69,12,55,20,12,11,5,2,1,10,14,7,14,5,14,9,5,81,55,26,57,28,29,0,0,0,12,5,7,11,9,2
56250501,352,191,161,10,168,17,23,29,12,3,2,14,20,14,24,3,26,15,11,154,95,59,116,52,64,8,3,5,27,14,13,21,12,9
56250502,9,6,3,0,3,1,2,0,0,0,0,0,0,0,2,0,0,0,0,4,3,1,2,1,1,1,1,0,2,1,1,0,0,0
56250504,43,20,23,4,17,1,5,3,1,0,1,2,5,0,4,0,2,1,1,11,4,7,20,9,11,2,1,1,4,2,2,4,3,1
56251301,90,55,35,1,7,9,28,9,19,1,0,4,3,1,2,2,16,8,8,29,25,4,30,13,17,2,1,1,5,1,4,8,7,1
56251302,31,18,13,2,2,2,0,3,10,0,0,9,1,1,0,1,3,3,0,10,4,6,10,6,4,1,0,1,6,4,2,1,1,0
56252101,187,108,79,11,61,16,14,17,6,2,3,13,10,14,12,2,14,9,5,82,55,27,63,26,37,1,1,0,15,9,6,12,8,4
56252102,55,30,25,2,8,4,6,6,2,1,1,11,5,1,4,0,3,1,2,18,14,4,15,5,10,1,0,1,14,6,8,4,4,0
56252103,12,7,5,0,3,1,0,2,1,1,0,0,0,3,0,0,0,0,0,4,2,2,6,3,3,1,1,0,1,1,0,0,0,0
56252104,51,26,25,5,9,7,4,5,3,0,1,4,4,4,5,0,3,2,1,22,15,7,17,5,12,1,0,1,3,2,1,5,2,3
56252105,16,11,5,0,2,3,0,1,5,0,0,3,0,1,0,0,0,0,0,4,3,1,7,6,1,0,0,0,3,1,2,2,1,1
56252106,40,20,20,2,6,2,7,3,2,1,0,5,1,2,3,0,2,2,0,15,8,7,18,7,11,1,1,0,3,1,2,1,1,0
56253001,125,73,52,5,64,6,4,14,4,4,2,4,7,4,4,2,19,11,8,48,30,18,28,13,15,4,2,2,9,6,3,17,11,6
56253002,93,52,41,2,30,9,4,6,7,1,1,8,4,5,10,0,6,2,4,25,18,7,38,16,22,1,1,0,9,4,5,14,11,3
56253003,291,159,132,16,129,14,16,15,16,4,3,22,16,12,18,2,40,23,17,128,75,53,83,36,47,8,5,3,17,9,8,15,11,4
56253004,71,38,33,8,28,11,1,2,6,0,0,3,3,3,3,1,14,7,7,37,24,13,15,4,11,1,0,1,2,2,0,2,1,1
54468001,133,70,63,8,17,8,8,23,19,0,2,12,10,9,11,2,7,1,6,47,29,18,56,26,30,1,1,0,18,11,7,4,2,2
53039501,95,56,39,10,24,16,8,13,2,0,0,8,8,2,2,1,15,8,7,43,29,14,26,14,12,0,0,0,4,1,3,7,4,3
0592690,0,0,0,0,0,0,0,0,0,0,0,0,0,0,0,0,0,0,0,0,0,0,0,0,0,0,0,0,0,0,0,0,0,0
56255602,80,45,35,2,13,3,4,5,30,1,0,3,8,3,5,2,11,6,5,24,17,7,31,13,18,0,0,0,7,4,3,7,5,2
56255603,19,10,9,1,4,0,1,1,1,1,0,2,4,2,1,0,0,0,0,6,4,2,8,6,2,0,0,0,5,0,5,0,0,0
56255604,33,22,11,4,12,3,0,1,7,3,0,1,0,0,1,1,0,0,0,16,11,5,9,7,2,0,0,0,6,3,3,2,1,1
56255605,57,29,28,3,12,1,2,2,16,1,0,4,5,6,3,0,4,3,1,16,6,10,24,14,10,2,2,0,8,2,6,3,2,1
3099910,0,0,0,0,0,0,0,0,0,0,0,0,0,0,0,0,0,0,0,0,0,0,0,0,0,0,0,0,0,0,0,0,0,0
3100000,0,0,0,0,0,0,0,0,0,0,0,0,0,0,0,0,0,0,0,0,0,0,0,0,0,0,0,0,0,0,0,0,0,0
56256401,155,92,63,0,56,10,11,23,5,4,2,10,10,7,9,1,10,8,2,66,48,18,57,23,34,1,0,1,10,4,6,11,9,2
56256402,268,152,116,1,80,17,26,32,15,4,2,16,17,21,25,2,13,6,7,111,77,34,90,41,49,1,0,1,45,23,22,8,5,3
56256403,166,88,78,4,54,15,11,17,4,1,2,7,16,8,18,0,13,8,5,56,39,17,65,30,35,5,0,5,23,8,15,4,3,1
56256404,54,30,24,3,13,3,2,5,4,1,0,12,1,2,4,1,1,1,0,4,4,0,28,13,15,1,0,1,17,11,6,3,1,2
56256405,786,427,359,4,289,34,69,105,33,13,10,50,61,55,37,5,71,41,30,343,205,138,278,136,142,12,4,8,56,26,30,26,15,11
56256406,278,154,124,6,58,19,30,43,8,4,5,22,27,22,14,4,19,11,8,90,64,26,111,56,55,7,2,5,40,16,24,11,5,6
56256407,111,64,47,5,32,5,8,16,4,1,1,8,12,5,7,1,5,2,3,36,26,10,50,27,23,2,0,2,18,9,9,0,0,0
56256408,246,146,100,1,83,16,14,37,8,4,4,9,20,22,15,4,12,5,7,101,66,35,89,52,37,4,3,1,32,16,16,8,4,4
56256409,186,110,76,2,54,13,23,20,9,3,3,16,13,12,11,0,30,13,17,64,43,21,49,26,23,2,1,1,22,11,11,19,16,3
56256410,150,82,68,4,45,9,12,16,2,3,2,13,22,9,8,1,17,10,7,58,33,25,53,25,28,1,0,1,16,9,7,5,5,0
56257202,279,154,125,6,97,12,20,16,22,2,3,21,24,20,20,5,23,16,7,94,53,41,110,62,48,4,3,1,35,12,23,13,8,5
56257205,25,19,6,0,9,3,1,2,3,0,0,1,0,3,2,0,0,0,0,5,4,1,12,9,3,0,0,0,6,4,2,2,2,0
56258101,148,80,68,2,62,7,16,6,4,0,2,8,6,15,19,1,15,8,7,62,36,26,48,25,23,2,0,2,11,4,7,10,7,3
56258102,69,39,30,0,21,6,3,2,3,0,0,3,5,9,15,1,3,2,1,33,24,9,23,8,15,0,0,0,7,2,5,3,3,0
56258103,1070,597,473,16,394,56,111,81,31,10,8,66,67,86,112,11,133,74,59,455,277,178,324,168,156,10,2,8,71,23,48,77,53,24
56258104,33,17,16,0,12,2,2,1,2,0,0,2,2,2,7,1,3,0,3,13,9,4,15,7,8,1,0,1,0,0,0,1,1,0
56258105,34,20,14,2,16,3,1,2,0,1,0,1,1,3,3,0,6,3,3,13,8,5,11,5,6,0,0,0,2,2,0,2,2,0
54645301,118,69,49,1,28,12,12,15,4,2,1,11,6,12,10,0,8,5,3,43,27,16,45,26,19,1,0,1,15,6,9,6,5,1
56261102,9,6,3,1,1,1,1,1,0,1,0,2,0,0,1,0,0,0,0,2,2,0,4,3,1,0,0,0,3,1,2,0,0,0
56261103,22,12,10,0,6,1,2,0,2,0,0,2,3,2,2,0,0,0,0,3,2,1,9,6,3,1,0,1,8,3,5,1,1,0
56261104,1186,668,518,32,440,49,92,69,45,19,7,85,68,95,134,20,162,95,67,456,290,166,358,174,184,20,9,11,104,44,60,86,56,30
56261105,31,17,14,0,18,1,1,5,1,0,0,1,1,1,2,0,4,3,1,11,5,6,8,4,4,2,1,1,2,0,2,4,4,0
56261106,19,11,8,1,1,0,2,2,2,2,0,3,2,2,1,1,0,0,0,3,2,1,8,4,4,0,0,0,5,2,3,3,3,0
56261107,15,7,8,1,1,2,2,1,0,0,1,2,1,2,2,0,0,0,0,2,1,1,6,2,4,2,1,1,5,3,2,0,0,0
56261108,47,26,21,3,23,0,2,1,0,1,0,4,1,2,7,0,5,3,2,17,9,8,17,10,7,0,0,0,7,4,3,1,0,1
56261109,20,10,10,1,9,1,2,1,0,0,0,0,1,1,3,1,0,0,0,7,5,2,6,1,5,0,0,0,6,3,3,1,1,0
54633001,85,40,45,7,18,4,12,4,4,1,2,6,8,10,7,1,3,3,0,28,17,11,28,10,18,3,2,1,17,6,11,6,2,4
54633002,11,6,5,3,3,0,1,0,0,0,0,0,1,0,2,0,0,0,0,4,3,1,6,3,3,0,0,0,1,0,1,0,0,0
54633003,6,4,2,0,0,0,0,3,0,0,0,0,0,0,2,1,0,0,0,4,3,1,1,1,0,0,0,0,1,0,1,0,0,0
56264501,39,25,14,0,9,13,3,2,3,0,0,3,2,2,1,0,19,14,5,8,6,2,9,5,4,0,0,0,3,0,3,0,0,0
56264502,85,46,39,3,20,12,2,3,6,1,2,5,7,4,13,1,2,0,2,34,23,11,33,16,17,2,1,1,5,1,4,9,5,4
56264503,38,23,15,2,10,3,5,4,1,0,0,1,2,4,5,0,2,0,2,17,12,5,10,6,4,0,0,0,9,5,4,0,0,0
56264504,15,6,9,0,3,3,3,1,0,0,0,0,1,1,3,0,0,0,0,4,3,1,7,3,4,3,0,3,1,0,1,0,0,0
56264506,36,21,15,1,9,0,4,2,2,1,0,3,3,6,3,0,1,1,0,11,7,4,12,7,5,2,0,2,10,6,4,0,0,0
54470101,101,59,42,5,15,7,9,13,10,1,0,5,7,7,13,2,4,2,2,43,33,10,27,12,15,0,0,0,22,9,13,5,3,2
56266102,258,138,120,13,98,14,11,8,16,3,1,12,11,24,38,0,28,17,11,109,66,43,85,41,44,4,1,3,18,5,13,14,8,6
54570801,101,60,41,6,45,4,5,8,5,0,0,4,9,7,6,0,12,8,4,44,26,18,30,19,11,2,0,2,1,0,1,12,7,5
54570802,13,10,3,0,5,1,1,0,1,0,0,2,0,0,3,0,1,1,0,7,6,1,3,2,1,0,0,0,1,0,1,1,1,0
54649601,460,263,197,7,97,44,51,59,19,9,10,35,41,43,28,6,18,12,6,154,102,52,187,92,95,6,2,4,74,39,35,21,16,5
56270001,69,36,33,2,18,7,8,10,2,3,0,3,5,4,5,0,7,5,2,30,18,12,25,11,14,2,1,1,4,0,4,1,1,0
56270002,94,48,46,1,27,10,12,11,0,1,1,9,2,5,8,3,4,1,3,39,23,16,34,17,17,3,1,2,12,5,7,2,1,1
56270003,56,32,24,1,18,4,6,8,2,0,2,3,2,2,5,0,7,5,2,28,18,10,18,8,10,0,0,0,1,1,0,2,0,2
56271801,19,11,8,6,3,1,3,5,0,0,0,0,1,0,0,0,1,0,1,14,9,5,3,2,1,0,0,0,1,0,1,0,0,0
56271802,22,13,9,2,9,0,2,2,2,0,0,1,0,1,2,0,2,1,1,8,6,2,9,3,6,0,0,0,1,1,0,2,2,0
56271803,65,36,29,1,12,6,9,12,1,1,0,5,4,4,6,2,7,2,5,26,17,9,20,12,8,2,0,2,6,2,4,4,3,1
56271804,34,23,11,3,9,2,5,2,1,0,0,1,3,3,4,1,1,1,0,16,11,5,10,6,4,0,0,0,4,3,1,3,2,1
56271805,264,151,113,10,69,24,23,31,9,3,6,21,22,21,18,3,10,5,5,90,65,25,101,48,53,6,1,5,47,24,23,10,8,2
56271806,17,8,9,0,4,2,1,2,0,0,0,3,3,0,1,0,2,0,2,6,5,1,7,2,5,0,0,0,2,1,1,0,0,0
56271807,31,15,16,1,12,1,2,0,3,1,0,5,1,1,3,0,7,4,3,11,6,5,7,4,3,0,0,0,5,1,4,1,0,1
54567801,343,193,150,14,93,31,39,34,14,6,3,17,29,33,21,3,25,12,13,147,99,48,116,59,57,2,0,2,36,16,20,17,7,10
54579101,112,66,46,11,35,6,5,10,6,1,1,10,7,5,8,0,8,4,4,29,23,6,47,25,22,3,1,2,19,8,11,6,5,1
56275101,149,82,67,6,63,12,10,6,13,3,0,5,7,6,12,1,16,7,9,73,42,31,43,24,19,1,0,1,10,7,3,6,2,4
56275102,658,368,290,18,296,40,47,31,33,3,4,33,34,41,56,7,68,34,34,293,179,114,196,107,89,12,1,11,46,24,22,43,23,20
56275103,6,4,2,1,2,0,0,0,0,0,0,1,0,2,0,0,2,2,0,1,1,0,3,1,2,0,0,0,0,0,0,0,0,0
56275104,31,17,14,0,10,1,3,1,3,0,0,2,1,3,4,0,0,0,0,14,9,5,12,6,6,0,0,0,4,2,2,1,0,1
1435530,0,0,0,0,0,0,0,0,0,0,0,0,0,0,0,0,0,0,0,0,0,0,0,0,0,0,0,0,0,0,0,0,0,0
3028130,0,0,0,0,0,0,0,0,0,0,0,0,0,0,0,0,0,0,0,0,0,0,0,0,0,0,0,0,0,0,0,0,0,0
3100690,0,0,0,0,0,0,0,0,0,0,0,0,0,0,0,0,0,0,0,0,0,0,0,0,0,0,0,0,0,0,0,0,0,0
3280650,0,0,0,0,0,0,0,0,0,0,0,0,0,0,0,0,0,0,0,0,0,0,0,0,0,0,0,0,0,0,0,0,0,0
56277701,114,66,48,6,34,6,6,12,0,1,3,8,9,12,14,1,7,2,5,34,24,10,52,32,20,2,0,2,17,6,11,2,2,0
56277702,23,13,10,0,4,1,5,2,1,0,0,1,0,3,2,1,2,1,1,9,5,4,8,4,4,0,0,0,4,3,1,0,0,0
56277703,109,61,48,1,42,5,11,9,3,2,2,3,4,8,13,2,4,3,1,52,34,18,38,15,23,1,1,0,8,5,3,6,3,3
56277704,217,116,101,4,63,15,33,12,2,5,3,13,22,14,21,3,12,8,4,63,43,20,96,43,53,8,6,2,30,9,21,8,7,1
56277705,14,7,7,1,6,0,4,2,0,0,0,0,1,0,0,0,0,0,0,8,5,3,3,2,1,0,0,0,2,0,2,1,0,1
56277706,3,2,1,1,1,0,0,0,0,0,0,0,0,1,0,0,1,1,0,0,0,0,0,0,0,0,0,0,2,1,1,0,0,0
56277707,341,180,161,9,110,15,33,18,16,7,4,25,23,26,29,8,30,15,15,109,75,34,131,62,69,2,1,1,58,22,36,11,5,6
56277708,152,81,71,3,43,11,23,3,6,0,2,5,14,21,17,0,10,6,4,49,29,20,65,38,27,3,0,3,21,6,15,4,2,2
56277709,81,44,37,6,20,2,12,4,1,2,1,6,6,5,14,0,2,1,1,20,15,5,38,16,22,2,0,2,14,9,5,5,3,2
56277710,204,107,97,2,63,7,20,9,11,2,7,13,14,20,29,3,9,4,5,65,41,24,87,39,48,4,1,3,37,20,17,2,2,0
56277711,423,238,185,9,121,22,42,27,31,8,1,27,28,35,46,8,35,19,16,133,86,47,148,72,76,12,5,7,53,21,32,42,35,7
56277712,41,24,17,3,9,2,0,1,4,0,1,3,4,7,6,0,5,3,2,10,9,1,18,8,10,1,1,0,6,2,4,1,1,0
56277713,301,154,147,4,86,16,39,17,6,3,3,17,23,33,37,2,12,7,5,98,64,34,120,51,69,4,0,4,54,25,29,13,7,6
56277714,78,42,36,1,24,4,6,5,3,1,1,3,6,10,12,0,7,2,5,23,16,7,27,16,11,1,0,1,18,8,10,2,0,2
56277715,174,94,80,3,52,5,24,9,3,1,4,8,9,22,29,1,9,6,3,37,27,10,75,34,41,4,1,3,41,20,21,8,6,2
56277716,17,11,6,1,6,4,1,1,2,0,0,1,0,0,0,0,2,1,1,11,8,3,2,1,1,0,0,0,0,0,0,2,1,1
56277717,1219,628,591,10,388,48,138,76,63,18,14,92,78,80,140,22,141,69,72,428,254,174,424,188,236,23,8,15,110,51,59,93,58,35
56277718,257,130,127,6,76,15,30,10,10,3,5,12,15,27,35,1,29,16,13,73,36,37,97,50,47,3,0,3,36,18,18,19,10,9
56277719,872,444,428,20,297,32,73,49,28,8,12,49,56,98,108,8,72,34,38,281,164,117,332,157,175,17,7,10,126,58,68,44,24,20
56277720,262,135,127,10,66,12,36,18,6,4,6,11,27,25,25,4,10,3,7,94,60,34,95,46,49,3,1,2,46,18,28,14,7,7
56690002,15,10,5,0,4,2,0,5,0,0,0,1,0,2,1,0,2,1,1,9,8,1,3,1,2,0,0,0,1,0,1,0,0,0
56690003,249,144,105,9,54,36,23,25,21,9,3,6,20,14,15,4,12,6,6,80,54,26,105,55,50,3,1,2,39,21,18,10,7,3
56279301,41,26,15,4,16,4,3,2,3,2,0,3,1,2,1,0,4,3,1,17,11,6,14,9,5,1,1,0,4,1,3,1,1,0
56279302,270,157,113,14,86,21,15,29,7,4,2,15,19,23,21,4,38,21,17,112,68,44,80,44,36,2,0,2,23,10,13,15,14,1
54634801,121,69,52,6,25,9,7,8,13,3,3,7,7,17,13,0,9,5,4,41,34,7,49,20,29,3,0,3,16,9,7,3,1,2
56282301,75,45,30,4,15,4,4,6,3,2,1,7,8,6,11,1,3,1,2,28,21,7,28,14,14,1,1,0,13,6,7,2,2,0
56282304,288,167,121,15,114,23,23,21,5,4,1,12,16,24,20,5,34,22,12,125,79,46,78,41,37,3,0,3,30,13,17,18,12,6
56282305,15,10,5,3,2,1,0,1,0,0,2,1,2,2,1,0,1,1,0,6,5,1,6,2,4,0,0,0,0,0,0,2,2,0
56282306,83,44,39,2,30,7,4,6,6,0,0,7,6,4,7,1,6,2,4,40,32,8,27,6,21,2,1,1,8,3,5,0,0,0
54553801,77,43,34,1,50,2,4,6,0,0,1,6,3,2,0,0,5,2,3,38,22,16,31,16,15,1,1,0,1,1,0,1,1,0
54553802,29,17,12,4,10,5,1,0,0,0,2,2,3,2,0,0,1,1,0,15,10,5,8,3,5,2,1,1,1,1,0,2,1,1
0727020,0,0,0,0,0,0,0,0,0,0,0,0,0,0,0,0,0,0,0,0,0,0,0,0,0,0,0,0,0,0,0,0,0,0
3101400,0,0,0,0,0,0,0,0,0,0,0,0,0,0,0,0,0,0,0,0,0,0,0,0,0,0,0,0,0,0,0,0,0,0
3102210,0,0,0,0,0,0,0,0,0,0,0,0,0,0,0,0,0,0,0,0,0,0,0,0,0,0,0,0,0,0,0,0,0,0
56285801,11,5,6,2,3,1,1,0,1,0,0,0,2,0,1,0,0,0,0,4,3,1,6,2,4,1,0,1,0,0,0,0,0,0
56285802,16,10,6,0,7,1,1,2,0,0,0,1,2,0,2,0,1,1,0,8,6,2,5,2,3,0,0,0,2,1,1,0,0,0
56285803,49,28,21,3,11,3,4,3,0,1,0,4,5,7,7,0,3,1,2,12,9,3,17,9,8,3,3,0,11,5,6,3,1,2
56285804,54,34,20,1,6,3,13,2,12,0,0,0,3,5,1,1,12,8,4,14,9,5,23,15,8,0,0,0,3,1,2,2,1,1
56285805,10,7,3,0,4,1,1,0,1,0,0,0,0,1,1,1,0,0,0,6,5,1,2,1,1,0,0,0,0,0,0,2,1,1
56285807,109,58,51,1,32,4,8,9,3,1,1,6,10,13,19,1,6,4,2,41,26,15,47,22,25,2,2,0,9,3,6,4,1,3
56285808,38,21,17,1,13,0,3,0,1,0,1,1,2,2,7,0,5,2,3,14,9,5,15,8,7,3,1,2,1,1,0,0,0,0
56285809,96,53,43,4,30,8,8,10,2,0,0,5,6,9,11,2,9,3,6,45,30,15,31,16,15,1,0,1,7,2,5,3,2,1
56285810,93,59,34,3,45,8,9,4,5,0,2,3,0,0,9,0,18,9,9,45,32,13,21,13,8,2,1,1,2,0,2,5,4,1
56285811,200,107,93,4,73,9,17,6,6,0,6,10,19,19,24,3,19,11,8,86,52,34,68,32,36,5,0,5,14,7,7,8,5,3
56285812,204,108,96,7,83,6,16,11,6,3,0,17,17,20,11,1,24,14,10,81,42,39,61,32,29,3,1,2,23,9,14,12,10,2
56285814,274,163,111,8,98,13,34,14,18,1,3,14,14,9,25,4,41,22,19,107,70,37,72,36,36,4,1,3,17,10,7,33,24,9
56285815,213,116,97,6,68,16,22,12,12,2,0,16,12,13,21,6,37,15,22,88,59,29,53,19,34,3,2,1,16,8,8,16,13,3
56285816,75,41,34,1,18,9,11,2,2,0,1,5,5,9,10,0,5,4,1,30,17,13,15,9,6,3,1,2,21,9,12,1,1,0
56285817,325,181,144,5,137,19,32,12,10,2,1,21,13,22,36,7,72,43,29,133,80,53,48,22,26,5,2,3,19,5,14,48,29,19
56285818,104,55,49,3,35,4,15,7,2,1,1,4,10,10,9,1,10,8,2,39,21,18,42,19,23,3,2,1,7,3,4,3,2,1
56285820,217,113,104,14,80,15,14,13,8,0,2,11,12,19,21,2,17,10,7,86,53,33,76,35,41,6,1,5,26,9,17,6,5,1
56285821,50,29,21,6,18,6,1,2,1,0,0,2,3,8,2,0,5,3,2,23,17,6,12,4,8,2,1,1,6,3,3,2,1,1
55519301,24,11,13,0,4,3,4,2,1,1,0,2,2,2,1,0,3,2,1,9,3,6,9,5,4,1,0,1,2,1,1,0,0,0
55519303,17,8,9,0,5,5,1,0,2,0,0,1,0,1,1,0,1,0,1,8,5,3,5,2,3,1,0,1,1,0,1,1,1,0
55519304,26,12,14,0,7,3,1,3,1,1,0,1,4,1,4,0,0,0,0,12,7,5,10,5,5,1,0,1,2,0,2,1,0,1
55519305,179,105,74,0,63,22,12,21,4,2,1,4,14,22,7,2,19,7,12,59,39,20,64,37,27,1,0,1,18,8,10,18,14,4
1766130,0,0,0,0,0,0,0,0,0,0,0,0,0,0,0,0,0,0,0,0,0,0,0,0,0,0,0,0,0,0,0,0,0,0
56287401,156,93,63,10,60,17,12,14,5,1,0,8,8,10,5,1,10,7,3,78,46,32,47,27,20,0,0,0,16,8,8,5,5,0
1770410,0,0,0,0,0,0,0,0,0,0,0,0,0,0,0,0,0,0,0,0,0,0,0,0,0,0,0,0,0,0,0,0,0,0
1770830,0,0,0,0,0,0,0,0,0,0,0,0,0,0,0,0,0,0,0,0,0,0,0,0,0,0,0,0,0,0,0,0,0,0
1771130,0,0,0,0,0,0,0,0,0,0,0,0,0,0,0,0,0,0,0,0,0,0,0,0,0,0,0,0,0,0,0,0,0,0
3028300,0,0,0,0,0,0,0,0,0,0,0,0,0,0,0,0,0,0,0,0,0,0,0,0,0,0,0,0,0,0,0,0,0,0
56288201,154,84,70,5,54,15,15,11,3,1,0,8,14,12,12,1,15,6,9,58,39,19,49,23,26,5,2,3,24,11,13,3,3,0
56288202,639,335,304,8,231,35,70,39,20,7,12,42,51,70,33,5,37,19,18,200,113,87,264,134,130,9,3,6,114,56,58,15,10,5
56288204,462,237,225,3,186,25,55,24,28,2,6,25,22,29,29,4,62,35,27,166,95,71,170,80,90,11,4,7,38,13,25,15,10,5
56288205,298,152,146,3,108,32,34,23,1,1,4,21,12,22,20,5,29,13,16,94,63,31,109,50,59,8,3,5,44,15,29,14,8,6
56288206,352,184,168,8,150,15,34,15,9,3,2,20,16,36,20,6,31,14,17,115,71,44,137,70,67,5,0,5,38,11,27,26,18,8
56288207,222,132,90,3,82,12,16,14,6,1,3,21,12,20,22,3,5,3,2,78,49,29,92,50,42,3,2,1,36,20,16,8,8,0
56288208,369,205,164,6,143,19,41,22,10,7,6,15,26,31,24,5,19,13,6,127,81,46,146,74,72,6,2,4,53,23,30,18,12,6
56288209,239,125,114,5,109,18,16,8,7,5,5,18,6,23,15,0,20,11,9,92,57,35,79,35,44,3,1,2,36,17,19,9,4,5
56288210,438,239,199,5,189,18,28,35,15,4,4,41,23,26,22,9,43,20,23,155,94,61,154,74,80,9,6,3,30,13,17,47,32,15
56288211,805,414,391,4,352,28,69,44,18,18,8,58,39,90,44,11,58,25,33,299,174,125,311,144,167,18,6,12,84,39,45,35,26,9
56288212,484,238,246,4,222,17,45,22,18,8,6,23,22,34,36,5,43,18,25,215,120,95,161,69,92,12,1,11,30,16,14,23,14,9
56288213,385,209,176,8,125,21,41,21,11,8,4,25,21,42,37,4,26,14,12,124,76,48,150,79,71,15,8,7,58,26,32,12,6,6
56288214,410,228,182,6,188,17,34,23,19,5,6,39,16,19,20,6,56,27,29,178,112,66,97,46,51,6,1,5,20,7,13,53,35,18
56288215,244,122,122,4,117,12,16,12,6,0,0,8,13,22,20,2,26,12,14,99,58,41,81,34,47,7,2,5,19,9,10,12,7,5
56288216,27,14,13,0,9,1,6,2,2,0,0,2,1,1,2,0,4,2,2,13,7,6,6,4,2,2,0,2,1,1,0,1,0,1
56288217,283,159,124,6,110,20,34,12,9,7,7,12,12,28,13,1,15,9,6,103,64,39,119,58,61,4,3,1,31,17,14,11,8,3
56288218,330,190,140,5,124,25,32,26,19,1,5,15,11,26,21,7,24,15,9,127,76,51,101,51,50,7,3,4,29,11,18,42,34,8
56288220,282,146,136,3,110,14,34,15,13,2,4,13,17,15,24,3,26,13,13,100,56,44,111,54,57,4,1,3,25,13,12,16,9,7
56288221,10,7,3,1,2,3,1,0,0,0,0,2,0,0,1,0,1,0,1,2,2,0,5,4,1,2,1,1,0,0,0,0,0,0
56289101,68,46,22,5,30,3,4,10,0,0,1,2,5,4,2,0,9,6,3,34,26,8,21,11,10,0,0,0,2,1,1,2,2,0
56289102,34,19,15,4,8,4,6,1,0,2,0,3,3,2,0,0,2,1,1,14,8,6,8,4,4,1,1,0,6,3,3,3,2,1
56289103,133,76,57,11,61,8,10,9,2,1,0,3,4,11,5,4,10,4,6,76,52,24,27,11,16,1,0,1,8,1,7,11,8,3
56291201,25,14,11,2,6,0,0,3,2,0,0,1,3,2,4,1,0,0,0,9,6,3,11,5,6,0,0,0,3,2,1,2,1,1
56291203,32,19,13,0,15,2,2,0,2,0,0,2,1,3,3,0,0,0,0,11,6,5,11,6,5,0,0,0,8,6,2,2,1,1
56291205,597,331,266,18,286,35,40,24,20,6,4,22,20,47,57,8,69,32,37,240,151,89,178,88,90,8,3,5,52,23,29,50,34,16
56291206,201,105,96,5,110,7,11,8,4,1,2,9,9,13,21,0,32,16,16,82,48,34,59,26,33,2,1,1,12,6,6,14,8,6
56292102,50,29,21,9,18,3,3,2,2,2,1,5,1,1,1,1,8,5,3,21,15,6,16,6,10,1,0,1,3,2,1,1,1,0
56292104,40,27,13,6,8,3,0,3,1,2,0,5,2,7,1,0,5,4,1,6,4,2,13,8,5,1,0,1,13,9,4,2,2,0
56292105,43,25,18,3,13,3,1,5,1,0,4,3,3,2,3,0,4,3,1,17,11,6,15,8,7,0,0,0,5,2,3,2,1,1
56292106,10,6,4,1,3,1,0,0,0,0,0,3,0,1,1,0,0,0,0,4,3,1,4,2,2,0,0,0,2,1,1,0,0,0
56292107,397,227,170,44,182,16,35,14,8,5,1,25,19,18,18,2,56,30,26,203,139,64,97,37,60,1,0,1,27,11,16,13,10,3
56293901,177,103,74,11,50,21,15,17,9,2,5,12,10,13,10,1,13,5,8,78,59,19,56,22,34,1,0,1,17,8,9,12,9,3
56294701,390,206,184,9,179,30,25,14,17,3,0,17,17,25,36,2,37,19,18,175,104,71,119,51,68,8,4,4,35,18,17,16,10,6
56298001,60,32,28,1,29,6,4,1,0,0,0,2,5,7,3,0,4,1,3,27,17,10,19,11,8,0,0,0,9,2,7,1,1,0
56298002,43,23,20,5,15,1,7,2,0,0,0,2,5,4,1,0,4,1,3,15,11,4,16,8,8,1,0,1,3,1,2,4,2,2
56299801,37,20,17,2,13,2,1,2,1,0,0,5,3,3,4,0,2,1,1,4,4,0,17,7,10,0,0,0,14,8,6,0,0,0
56299802,130,71,59,6,34,15,13,7,5,0,0,10,10,7,18,0,9,6,3,40,25,15,54,30,24,4,0,4,20,8,12,3,2,1
56299803,37,20,17,4,16,2,3,0,0,0,0,0,5,4,1,0,2,1,1,12,9,3,16,8,8,2,0,2,4,1,3,1,1,0
56299804,12,6,6,0,4,0,2,1,1,0,2,1,1,0,0,0,0,0,0,5,3,2,4,1,3,1,0,1,1,1,0,1,1,0
56299805,23,14,9,2,7,2,0,0,0,0,0,3,1,3,3,0,1,1,0,5,5,0,8,4,4,0,0,0,9,4,5,0,0,0
56299806,18,9,9,2,8,0,0,1,0,0,1,3,1,1,1,0,0,0,0,5,4,1,9,3,6,0,0,0,4,2,2,0,0,0
56299807,26,15,11,2,10,2,3,0,0,0,1,3,0,2,1,0,3,1,2,9,7,2,13,6,7,0,0,0,1,1,0,0,0,0
56299808,32,18,14,3,7,2,0,6,2,0,0,5,1,1,3,0,0,0,0,12,10,2,13,7,6,0,0,0,6,1,5,1,0,1
56300501,104,70,34,8,32,10,18,4,0,1,0,5,8,11,3,1,6,3,3,36,29,7,39,24,15,0,0,0,16,8,8,7,6,1
56300502,40,23,17,3,7,1,2,6,2,1,0,3,2,2,6,0,4,3,1,7,3,4,16,11,5,1,0,1,12,6,6,0,0,0
56300503,9,5,4,0,3,0,1,0,1,0,0,0,1,2,1,0,0,0,0,1,1,0,4,3,1,0,0,0,4,1,3,0,0,0
56301301,556,323,233,11,232,30,35,37,20,5,4,42,60,31,25,2,33,17,16,240,162,78,191,102,89,7,0,7,61,27,34,24,15,9
56301303,9,7,2,0,3,0,0,1,0,0,0,3,1,1,0,0,1,0,1,6,6,0,1,1,0,1,0,1,0,0,0,0,0,0
56301304,36,17,19,2,15,2,4,1,0,1,1,2,2,1,3,0,5,1,4,15,10,5,10,6,4,1,0,1,3,0,3,2,0,2
56301305,10,5,5,0,5,2,0,1,0,1,0,0,0,1,0,0,0,0,0,7,4,3,1,1,0,1,0,1,1,0,1,0,0,0
56301306,38,22,16,2,18,0,3,4,0,0,0,2,4,1,2,1,10,8,2,23,12,11,2,2,0,0,0,0,2,0,2,1,0,1
56301307,17,10,7,1,8,1,2,1,1,0,0,1,1,0,1,0,0,0,0,11,7,4,5,2,3,0,0,0,0,0,0,1,1,0
56302101,304,163,141,5,122,15,31,14,2,4,6,23,35,18,18,4,7,1,6,92,72,20,129,57,72,4,2,2,67,27,40,5,4,1
0307320,0,0,0,0,0,0,0,0,0,0,0,0,0,0,0,0,0,0,0,0,0,0,0,0,0,0,0,0,0,0,0,0,0,0
56304802,37,24,13,3,7,6,2,2,0,0,0,5,7,3,2,0,4,3,1,15,13,2,8,3,5,1,0,1,3,1,2,6,4,2
56304803,45,24,21,2,16,6,5,3,3,0,0,3,3,2,2,0,7,5,2,21,13,8,14,5,9,1,0,1,1,0,1,1,1,0
56305601,438,228,210,9,159,30,39,18,6,6,5,48,49,14,27,4,24,7,17,150,98,52,178,83,95,5,1,4,53,19,34,28,20,8
0418230,0,0,0,0,0,0,0,0,0,0,0,0,0,0,0,0,0,0,0,0,0,0,0,0,0,0,0,0,0,0,0,0,0,0
56306401,57,30,27,1,20,2,7,3,2,4,0,2,1,3,7,2,5,3,2,19,11,8,23,12,11,0,0,0,8,3,5,2,1,1
56306402,106,66,40,5,32,9,18,5,6,2,2,6,5,4,6,1,11,7,4,40,24,16,28,16,12,1,1,0,11,5,6,15,13,2
56307201,227,127,100,20,66,14,26,20,4,2,1,15,22,11,16,1,33,16,17,87,59,28,65,27,38,5,2,3,24,13,11,13,10,3
56307202,30,20,10,7,6,0,3,2,1,0,0,0,5,1,2,1,4,1,3,11,8,3,6,4,2,0,0,0,3,2,1,6,5,1
56308101,128,74,54,7,50,15,8,11,7,0,1,11,7,6,4,0,23,10,13,65,45,20,21,7,14,0,0,0,3,0,3,16,12,4
56308102,13,8,5,0,8,0,1,0,0,0,0,3,1,0,0,0,1,0,1,9,6,3,3,2,1,0,0,0,0,0,0,0,0,0
56308104,7,4,3,2,5,0,0,0,0,0,0,0,0,0,0,0,1,0,1,5,4,1,1,0,1,0,0,0,0,0,0,0,0,0
56308105,39,22,17,0,22,1,4,3,0,0,0,2,2,3,1,0,2,0,2,16,11,5,15,7,8,0,0,0,5,3,2,1,1,0
56308106,11,7,4,0,7,0,2,0,1,0,0,0,0,1,0,0,0,0,0,6,5,1,5,2,3,0,0,0,0,0,0,0,0,0
56308108,80,49,31,4,36,9,4,7,3,0,1,6,5,2,3,0,10,5,5,35,28,7,25,13,12,2,0,2,4,0,4,4,3,1
0525230,0,0,0,0,0,0,0,0,0,0,0,0,0,0,0,0,0,0,0,0,0,0,0,0,0,0,0,0,0,0,0,0,0,0
0525910,0,0,0,0,0,0,0,0,0,0,0,0,0,0,0,0,0,0,0,0,0,0,0,0,0,0,0,0,0,0,0,0,0,0
3366020,0,0,0,0,0,0,0,0,0,0,0,0,0,0,0,0,0,0,0,0,0,0,0,0,0,0,0,0,0,0,0,0,0,0
56297101,535,283,252,9,195,25,48,32,14,9,11,48,40,37,50,3,44,22,22,159,99,60,211,100,111,6,2,4,85,36,49,30,24,6
56297103,2056,1075,981,23,794,126,238,136,59,26,11,182,97,126,147,19,286,136,150,845,504,341,623,301,322,27,7,20,173,68,105,102,59,43
56297104,1325,717,608,12,453,94,140,69,28,23,20,120,92,102,103,8,95,44,51,434,267,167,492,254,238,29,8,21,211,100,111,64,44,20
56297105,53,35,18,4,18,6,4,0,0,0,0,11,2,3,1,0,6,3,3,12,8,4,29,19,10,1,1,0,3,3,0,2,1,1
56297106,228,124,104,5,86,22,27,16,5,3,3,17,16,8,15,0,13,2,11,89,65,24,89,43,46,3,0,3,31,13,18,3,1,2
56297107,411,217,194,7,103,28,42,16,14,11,14,48,33,42,35,2,28,18,10,86,58,28,168,84,84,8,3,5,109,47,62,12,7,5
56297108,96,50,46,1,38,4,10,8,5,0,3,8,6,4,5,1,10,6,4,26,17,9,35,16,19,3,1,2,16,6,10,6,4,2
56297109,642,333,309,13,192,48,52,36,19,17,9,49,41,49,87,7,29,13,16,169,116,53,249,113,136,12,6,6,175,80,95,8,5,3
56297110,97,55,42,1,27,5,16,2,4,0,1,7,15,8,8,1,2,0,2,20,17,3,30,13,17,2,1,1,43,24,19,0,0,0
56297111,7,4,3,0,2,1,0,0,0,1,0,2,0,0,1,0,0,0,0,0,0,0,6,3,3,0,0,0,1,1,0,0,0,0
56297112,139,74,65,1,60,14,12,5,3,7,0,15,8,2,6,2,10,7,3,40,23,17,60,26,34,4,3,1,18,11,7,7,4,3
56297113,1488,795,693,25,481,88,132,103,29,24,24,133,136,129,127,10,72,36,36,406,260,146,606,311,295,34,10,24,329,146,183,41,32,9
56297114,646,343,303,10,206,49,85,38,25,7,11,51,39,30,52,7,74,45,29,204,122,82,242,120,122,10,2,8,80,32,48,36,22,14
56297115,349,185,164,3,113,27,35,15,5,5,8,41,21,30,33,4,10,4,6,89,57,32,147,69,78,9,3,6,87,48,39,7,4,3
56297116,1218,639,579,19,503,70,126,89,31,23,10,100,48,61,78,20,179,86,93,479,283,196,351,169,182,26,8,18,106,47,59,77,46,31
56297117,254,132,122,2,78,17,34,10,18,7,1,33,15,10,13,0,20,10,10,71,41,30,94,51,43,11,5,6,50,20,30,8,5,3
56297118,33,19,14,0,14,2,0,1,1,0,0,4,2,2,3,0,3,0,3,17,12,5,7,3,4,0,0,0,4,2,2,2,2,0
56297119,104,51,53,1,28,5,9,1,1,3,1,13,10,15,15,0,0,0,0,7,5,2,31,15,16,3,1,2,61,30,31,2,0,2
56297120,248,135,113,5,85,21,21,13,3,4,2,22,23,18,18,5,9,4,5,85,61,24,102,49,53,7,1,6,32,11,21,13,9,4
56297121,579,293,286,6,172,39,53,29,16,11,16,71,35,42,63,4,37,17,20,141,86,55,219,103,116,14,4,10,152,74,78,16,9,7
56297122,917,502,415,13,350,57,97,47,26,12,18,97,45,49,64,7,61,24,37,312,207,105,333,165,168,13,4,9,152,73,79,46,29,17
56297123,1782,944,838,17,601,117,175,114,52,29,25,146,131,162,137,13,113,54,59,536,333,203,699,356,343,37,12,25,333,149,184,64,40,24
56297124,2228,1162,1066,28,680,174,215,106,75,37,34,212,182,154,206,16,189,100,89,662,397,265,836,414,422,49,17,32,396,167,229,96,67,29
56297125,1044,631,413,18,363,82,113,84,40,12,17,91,58,42,70,19,137,80,57,360,236,124,303,160,143,11,1,10,86,38,48,147,116,31
56297126,3024,1613,1411,25,1199,190,281,196,94,37,28,254,176,186,198,47,391,191,200,1146,701,445,959,460,499,56,15,41,272,113,159,200,133,67
56297127,1203,638,565,17,486,77,153,79,37,15,7,114,48,48,71,12,173,81,92,524,299,225,354,174,180,21,9,12,58,23,35,73,52,21
56297128,7,3,4,0,2,0,0,0,0,0,0,0,2,1,2,0,1,0,1,0,0,0,5,2,3,0,0,0,1,1,0,0,0,0
56297129,32,16,16,0,14,2,5,1,2,1,0,5,0,0,1,0,2,1,1,15,10,5,11,2,9,0,0,0,1,1,0,3,2,1
56297130,2,1,1,0,1,0,0,0,0,0,0,1,0,0,0,0,1,0,1,0,0,0,1,1,0,0,0,0,0,0,0,0,0,0
0608440,0,0,0,0,0,0,0,0,0,0,0,0,0,0,0,0,0,0,0,0,0,0,0,0,0,0,0,0,0,0,0,0,0,0
56309902,52,31,21,0,21,0,4,1,3,1,2,5,5,4,5,1,3,1,2,16,12,4,20,8,12,2,1,1,10,8,2,1,1,0
56309903,230,130,100,8,58,18,30,18,2,3,3,23,17,25,19,1,14,5,9,50,39,11,94,50,44,2,1,1,66,33,33,4,2,2
56309904,66,31,35,0,11,3,7,2,3,1,0,12,6,6,11,0,0,0,0,10,8,2,19,4,15,4,2,2,31,16,15,2,1,1
56309905,16,11,5,0,4,3,2,1,0,0,1,1,1,0,2,0,4,3,1,3,2,1,8,5,3,0,0,0,1,1,0,0,0,0
56309906,69,40,29,3,31,3,8,2,1,0,0,3,6,6,2,3,3,1,2,24,16,8,29,16,13,0,0,0,10,5,5,3,2,1
56309907,13,7,6,3,4,1,0,1,0,0,0,2,0,0,1,0,0,0,0,3,3,0,8,4,4,1,0,1,1,0,1,0,0,0
56309908,810,434,376,8,349,44,57,46,19,17,13,56,46,56,67,2,51,23,28,310,199,111,300,143,157,17,6,11,110,47,63,22,16,6
56309909,1296,717,579,16,553,102,137,91,34,12,13,66,68,62,100,15,160,79,81,552,354,198,411,203,208,16,2,14,111,47,64,46,32,14
56309910,283,156,127,5,53,15,141,10,3,4,2,9,12,8,15,0,10,5,5,104,64,40,127,70,57,3,1,2,36,14,22,3,2,1
56309911,693,384,309,7,302,51,75,32,15,12,8,46,36,44,36,10,59,30,29,298,180,118,222,122,100,9,1,8,53,19,34,52,32,20
56309912,530,279,251,7,195,30,40,22,11,12,13,30,41,59,55,4,27,10,17,149,103,46,224,106,118,6,4,2,111,50,61,13,6,7
56309913,1711,937,774,44,659,116,189,114,49,20,18,116,95,106,118,18,220,97,123,640,403,237,548,272,276,38,7,31,147,64,83,118,94,24
56309914,70,35,35,3,19,6,7,4,5,3,0,6,3,6,5,1,9,5,4,17,11,6,34,17,17,1,0,1,8,2,6,1,0,1
56309916,1049,576,473,18,428,86,107,70,32,9,6,89,45,44,53,26,213,111,102,397,236,161,249,116,133,12,2,10,57,26,31,121,85,36
56309917,1678,902,776,35,725,91,188,93,37,9,13,121,96,111,101,19,232,111,121,717,423,294,485,244,241,25,6,19,129,62,67,90,56,34
56309918,216,110,106,1,77,16,21,12,2,4,3,9,23,25,19,1,12,5,7,62,39,23,91,48,43,3,1,2,43,15,28,5,2,3
56309919,17,10,7,0,5,0,1,3,0,0,0,2,3,2,0,0,1,0,1,3,2,1,5,3,2,0,0,0,6,4,2,2,1,1
1718910,0,0,0,0,0,0,0,0,0,0,0,0,0,0,0,0,0,0,0,0,0,0,0,0,0,0,0,0,0,0,0,0,0,0
1732820,0,0,0,0,0,0,0,0,0,0,0,0,0,0,0,0,0,0,0,0,0,0,0,0,0,0,0,0,0,0,0,0,0,0
3218340,0,0,0,0,0,0,0,0,0,0,0,0,0,0,0,0,0,0,0,0,0,0,0,0,0,0,0,0,0,0,0,0,0,0
3218420,0,0,0,0,0,0,0,0,0,0,0,0,0,0,0,0,0,0,0,0,0,0,0,0,0,0,0,0,0,0,0,0,0,0
3281110,0,0,0,0,0,0,0,0,0,0,0,0,0,0,0,0,0,0,0,0,0,0,0,0,0,0,0,0,0,0,0,0,0,0
3366450,0,0,0,0,0,0,0,0,0,0,0,0,0,0,0,0,0,0,0,0,0,0,0,0,0,0,0,0,0,0,0,0,0,0
3366530,0,0,0,0,0,0,0,0,0,0,0,0,0,0,0,0,0,0,0,0,0,0,0,0,0,0,0,0,0,0,0,0,0,0
56310201,26,16,10,4,8,3,2,0,1,0,0,2,2,0,3,1,2,1,1,9,8,1,10,5,5,0,0,0,3,1,2,2,1,1
56310205,9,5,4,0,4,0,0,0,0,0,0,2,1,0,1,1,2,2,0,5,2,3,1,0,1,0,0,0,0,0,0,1,1,0
56310206,43,26,17,3,21,3,3,1,1,0,1,1,4,1,4,0,0,0,0,18,14,4,15,7,8,1,0,1,6,3,3,3,2,1
56310207,28,19,9,1,9,2,1,0,1,0,0,11,1,1,0,1,16,11,5,7,6,1,1,1,0,0,0,0,0,0,0,4,1,3
56310208,91,53,38,3,41,3,3,6,2,1,4,7,2,7,8,1,14,8,6,33,24,9,34,16,18,1,0,1,8,5,3,1,0,1
56310209,108,52,56,60,28,9,1,1,1,0,0,5,1,0,2,0,8,4,4,20,14,6,50,26,24,3,1,2,14,2,12,13,5,8
56310210,11,8,3,2,2,3,2,0,0,0,0,2,0,0,0,0,0,0,0,4,3,1,4,3,1,1,1,0,1,0,1,1,1,0
56310211,60,34,26,2,15,10,5,1,1,1,1,10,2,5,5,0,4,3,1,12,7,5,22,17,5,1,0,1,21,7,14,0,0,0
56310212,65,36,29,3,30,6,4,4,0,1,0,1,7,6,2,1,4,2,2,23,15,8,25,15,10,3,1,2,8,1,7,2,2,0
56310214,947,536,411,25,475,61,63,38,13,5,3,80,44,52,48,10,194,112,82,351,218,133,260,128,132,18,7,11,58,28,30,66,43,23
56310215,580,321,259,17,261,44,38,19,20,5,9,49,27,28,39,5,77,38,39,187,109,78,189,101,88,8,3,5,76,36,40,43,34,9
56310216,1788,985,803,37,848,115,130,82,32,17,12,139,80,89,136,14,245,126,119,638,404,234,573,282,291,43,17,26,172,77,95,117,79,38
56310217,755,412,343,16,356,53,46,38,19,6,5,62,38,41,48,0,91,48,43,248,158,90,253,126,127,19,8,11,89,31,58,55,41,14
56310218,295,153,142,5,124,11,19,17,9,2,6,16,19,27,27,3,8,5,3,66,42,24,121,59,62,7,3,4,87,41,46,6,3,3
56310219,1491,815,676,19,683,82,110,62,43,18,16,103,62,91,139,16,152,73,79,523,310,213,505,269,236,32,16,16,183,80,103,96,67,29
56310220,10,5,5,0,4,1,0,0,0,0,0,0,1,2,2,0,0,0,0,3,3,0,4,1,3,0,0,0,3,1,2,0,0,0
56310221,159,91,68,5,57,20,16,4,4,3,2,15,10,8,11,0,3,1,2,38,26,12,78,37,41,1,0,1,27,18,9,12,9,3
56310222,18,9,9,0,8,1,1,0,1,0,0,1,0,3,3,0,0,0,0,5,4,1,5,2,3,0,0,0,8,3,5,0,0,0
56310223,122,66,56,2,44,12,8,4,6,5,0,4,8,7,12,1,14,10,4,40,23,17,45,20,25,3,1,2,17,9,8,3,3,0
56310224,61,31,30,4,16,9,2,3,0,1,0,10,1,8,2,1,1,1,0,9,6,3,25,10,15,1,0,1,20,12,8,5,2,3
56310225,78,38,40,16,28,4,5,4,2,1,1,3,7,2,3,0,7,2,5,26,16,10,28,11,17,0,0,0,9,4,5,8,5,3
56310226,329,176,153,6,112,26,18,21,15,6,9,27,19,22,30,1,18,8,10,90,54,36,138,73,65,3,0,3,69,31,38,11,10,1
56310228,49,30,19,0,11,11,2,1,2,2,0,4,1,5,6,0,2,2,0,8,6,2,18,10,8,0,0,0,19,12,7,2,0,2
56310229,663,382,281,16,251,67,59,24,28,6,9,59,23,40,38,6,74,48,26,203,138,65,208,98,110,20,9,11,103,46,57,55,43,12
56310231,825,428,397,9,363,49,53,45,18,9,3,58,40,61,77,7,58,26,32,290,177,113,310,144,166,17,5,12,109,51,58,41,25,16
0621380,0,0,0,0,0,0,0,0,0,0,0,0,0,0,0,0,0,0,0,0,0,0,0,0,0,0,0,0,0,0,0,0,0,0
0621460,0,0,0,0,0,0,0,0,0,0,0,0,0,0,0,0,0,0,0,0,0,0,0,0,0,0,0,0,0,0,0,0,0,0
56311101,45,25,20,8,10,1,1,7,4,1,0,3,5,1,1,1,2,1,1,17,9,8,16,10,6,0,0,0,8,3,5,2,2,0
56311102,23,15,8,1,11,0,2,1,1,0,0,3,1,0,2,0,2,1,1,6,5,1,5,3,2,1,0,1,8,5,3,1,1,0
56311103,35,19,16,4,7,3,4,1,0,0,0,4,5,1,2,0,2,1,1,16,11,5,13,6,7,0,0,0,4,1,3,0,0,0
0656920,0,0,0,0,0,0,0,0,0,0,0,0,0,0,0,0,0,0,0,0,0,0,0,0,0,0,0,0,0,0,0,0,0,0
1802030,0,0,0,0,0,0,0,0,0,0,0,0,0,0,0,0,0,0,0,0,0,0,0,0,0,0,0,0,0,0,0,0,0,0
1802110,0,0,0,0,0,0,0,0,0,0,0,0,0,0,0,0,0,0,0,0,0,0,0,0,0,0,0,0,0,0,0,0,0,0
1984980,0,0,0,0,0,0,0,0,0,0,0,0,0,0,0,0,0,0,0,0,0,0,0,0,0,0,0,0,0,0,0,0,0,0
3029020,0,0,0,0,0,0,0,0,0,0,0,0,0,0,0,0,0,0,0,0,0,0,0,0,0,0,0,0,0,0,0,0,0,0
3029290,0,0,0,0,0,0,0,0,0,0,0,0,0,0,0,0,0,0,0,0,0,0,0,0,0,0,0,0,0,0,0,0,0,0
56312901,58,34,24,4,26,5,3,7,1,0,1,8,1,1,1,0,6,4,2,21,14,7,25,12,13,0,0,0,6,4,2,0,0,0
56312903,48,27,21,1,22,7,3,0,1,0,2,4,0,6,2,0,2,2,0,24,16,8,17,7,10,1,1,0,4,1,3,0,0,0
56312904,34,17,17,3,10,0,6,1,0,1,0,2,1,2,3,1,2,0,2,12,8,4,13,7,6,0,0,0,7,2,5,0,0,0
56312905,79,40,39,3,43,9,3,2,0,2,0,5,3,4,2,0,2,0,2,40,24,16,28,12,16,2,1,1,5,2,3,2,1,1
56312907,125,70,55,2,40,13,16,2,0,0,2,6,11,14,12,0,3,2,1,42,28,14,39,22,17,2,0,2,38,17,21,1,1,0
56312908,76,45,31,2,41,3,7,4,3,1,0,7,1,1,4,0,13,11,2,40,23,17,18,8,10,0,0,0,5,3,2,0,0,0
56312909,10,8,2,1,5,1,1,1,0,0,0,0,0,1,0,0,0,0,0,7,6,1,2,2,0,0,0,0,1,0,1,0,0,0
56312911,19,11,8,7,5,0,1,2,0,0,0,3,0,0,0,0,2,1,1,9,5,4,5,3,2,1,0,1,1,1,0,1,1,0
56312912,1176,621,555,15,612,60,75,55,33,10,9,69,61,63,83,7,122,69,53,442,268,174,432,192,240,12,5,7,110,51,59,58,36,22
56312913,459,278,181,13,195,44,36,19,14,7,2,34,14,41,23,6,28,16,12,144,101,43,156,85,71,6,3,3,66,33,33,59,40,19
56312915,720,392,328,13,373,41,59,31,20,6,6,55,24,27,42,7,112,54,58,288,177,111,218,110,108,7,2,5,38,15,23,57,34,23
56312916,190,109,81,4,84,12,12,10,6,3,5,12,11,8,17,1,10,7,3,74,47,27,73,41,32,5,1,4,23,11,12,5,2,3
56312917,737,387,350,6,344,56,58,37,27,4,7,59,32,35,43,8,116,59,57,306,189,117,235,98,137,9,3,6,47,23,24,24,15,9
56312918,910,498,412,11,473,50,45,38,29,6,5,89,35,51,38,17,138,66,72,352,217,135,254,128,126,16,8,8,79,33,46,71,46,25
56312920,16,10,6,2,6,1,1,1,1,0,0,1,0,3,0,0,1,1,0,9,7,2,2,1,1,1,0,1,3,1,2,0,0,0
56312922,816,454,362,20,342,78,54,38,31,10,10,67,37,47,54,5,71,42,29,282,189,93,285,144,141,18,5,13,121,45,76,39,29,10
56312923,26,17,9,1,16,0,2,2,2,0,0,2,1,0,0,0,6,5,1,9,6,3,6,3,3,1,0,1,4,3,1,0,0,0
56312924,1182,630,552,19,612,87,78,58,29,13,9,61,44,58,66,5,128,69,59,475,282,193,393,184,209,22,6,16,103,45,58,61,44,17
56313701,442,247,195,29,134,28,29,24,22,1,2,20,41,25,57,6,50,25,25,177,112,65,160,81,79,6,3,3,37,15,22,12,11,1
1361660,0,0,0,0,0,0,0,0,0,0,0,0,0,0,0,0,0,0,0,0,0,0,0,0,0,0,0,0,0,0,0,0,0,0
1362120,0,0,0,0,0,0,0,0,0,0,0,0,0,0,0,0,0,0,0,0,0,0,0,0,0,0,0,0,0,0,0,0,0,0
56331502,95,83,12,4,8,65,3,1,2,3,0,1,1,4,3,0,2,1,1,6,3,3,79,73,6,1,1,0,5,4,1,2,1,1
56331505,13,5,8,1,4,0,2,0,1,0,0,0,0,2,2,0,0,0,0,2,2,0,7,1,6,0,0,0,3,1,2,1,1,0
0762520,0,0,0,0,0,0,0,0,0,0,0,0,0,0,0,0,0,0,0,0,0,0,0,0,0,0,0,0,0,0,0,0,0,0
56316101,21,9,12,3,6,2,1,0,1,2,0,0,2,1,1,0,1,0,1,10,5,5,5,1,4,0,0,0,4,2,2,1,1,0
56316102,36,21,15,1,9,2,7,0,8,0,0,2,3,2,1,1,2,1,1,15,11,4,11,6,5,2,1,1,3,1,2,3,1,2
56316103,79,55,24,7,25,6,4,12,7,1,0,5,2,2,5,0,7,5,2,33,24,9,23,13,10,0,0,0,6,4,2,10,9,1
56316104,26,12,14,0,10,2,3,3,0,0,0,3,0,1,2,0,2,0,2,13,8,5,9,4,5,1,0,1,1,0,1,0,0,0
56316105,29,15,14,1,11,2,5,0,0,0,2,0,3,2,1,0,0,0,0,6,5,1,18,10,8,2,0,2,3,0,3,0,0,0
56318801,12,7,5,2,3,1,2,2,0,0,1,0,1,0,0,0,1,0,1,6,4,2,4,2,2,0,0,0,0,0,0,1,1,0
56318802,104,60,44,8,34,9,9,8,4,2,0,4,7,4,11,1,10,7,3,51,34,17,33,12,21,1,0,1,5,3,2,4,4,0
54651801,23,16,7,1,3,2,1,1,10,0,0,2,1,1,1,0,0,0,0,5,4,1,12,7,5,0,0,0,2,2,0,4,3,1
54651802,28,19,9,0,4,7,2,0,2,0,0,3,4,1,2,0,0,0,0,8,7,1,8,5,3,0,0,0,10,6,4,2,1,1
0729230,0,0,0,0,0,0,0,0,0,0,0,0,0,0,0,0,0,0,0,0,0,0,0,0,0,0,0,0,0,0,0,0,0,0
0910060,0,0,0,0,0,0,0,0,0,0,0,0,0,0,0,0,0,0,0,0,0,0,0,0,0,0,0,0,0,0,0,0,0,0
56320001,35,14,21,1,15,2,5,3,1,0,0,0,2,3,2,0,1,0,1,19,10,9,13,4,9,0,0,0,1,0,1,1,0,1
56320002,75,42,33,2,24,5,14,4,5,0,1,6,5,5,1,0,2,1,1,33,22,11,24,13,11,2,1,1,11,3,8,3,2,1
56320003,321,175,146,4,127,17,34,19,6,3,6,26,24,21,23,1,15,8,7,130,81,49,104,51,53,9,3,6,51,24,27,12,8,4
56320004,23,13,10,1,12,0,4,0,0,0,1,3,1,1,0,0,1,0,1,11,9,2,7,4,3,0,0,0,3,0,3,1,0,1
56320005,24,13,11,0,8,1,2,1,1,1,0,5,0,1,3,0,0,0,0,5,3,2,12,6,6,1,0,1,6,4,2,0,0,0
56320007,27,14,13,1,7,2,2,4,0,0,0,5,1,3,2,0,2,1,1,9,8,1,10,3,7,1,0,1,5,2,3,0,0,0
0922740,0,0,0,0,0,0,0,0,0,0,0,0,0,0,0,0,0,0,0,0,0,0,0,0,0,0,0,0,0,0,0,0,0,0
56321802,240,128,112,12,75,12,15,15,7,0,4,16,23,19,37,1,20,8,12,114,70,44,77,40,37,2,0,2,13,5,8,14,5,9
56322601,5,4,1,0,1,1,0,1,0,0,0,0,2,0,0,0,1,1,0,1,0,1,2,2,0,0,0,0,1,1,0,0,0,0
56322603,66,34,32,3,24,4,2,1,5,1,0,4,3,4,9,1,2,0,2,25,16,9,30,14,16,1,1,0,7,2,5,1,1,0
56324201,53,30,23,4,12,10,7,0,1,1,1,4,1,4,5,0,1,1,0,27,19,8,14,6,8,4,1,3,7,3,4,0,0,0
56324202,141,82,59,3,48,12,8,9,2,1,2,7,8,25,9,0,6,5,1,56,39,17,48,20,28,1,0,1,24,13,11,6,5,1
56324203,20,10,10,2,9,0,1,0,0,0,0,1,0,1,4,0,2,0,2,4,4,0,11,5,6,0,0,0,3,1,2,0,0,0
54616001,90,54,36,3,26,7,6,6,1,0,3,6,13,8,6,2,3,2,1,29,18,11,27,16,11,1,0,1,23,12,11,7,6,1
54616002,48,28,20,2,13,4,7,2,0,0,0,4,10,4,2,0,0,0,0,19,16,3,17,5,12,1,1,0,8,3,5,3,3,0
3300350,0,0,0,0,0,0,0,0,0,0,0,0,0,0,0,0,0,0,0,0,0,0,0,0,0,0,0,0,0,0,0,0,0,0
56326901,76,44,32,5,27,8,3,4,6,0,0,8,5,6,0,1,6,2,4,37,25,12,23,12,11,0,0,0,6,3,3,4,2,2
56326903,113,65,48,12,37,11,12,13,5,3,1,7,5,0,3,2,7,1,6,53,35,18,29,18,11,0,0,0,20,7,13,4,4,0
56326904,12,6,6,2,4,1,0,0,0,1,0,1,1,1,0,1,0,0,0,2,1,1,7,4,3,0,0,0,3,1,2,0,0,0
56327701,367,207,160,4,148,20,36,22,9,5,7,29,28,28,21,2,16,7,9,127,89,38,153,80,73,4,0,4,54,22,32,13,9,4
56328502,61,35,26,1,26,9,4,4,2,0,0,1,5,7,1,0,2,2,0,21,13,8,23,16,7,2,0,2,11,4,7,2,0,2
56328503,98,52,46,3,41,14,11,1,3,2,1,2,4,7,5,1,4,2,2,30,21,9,44,20,24,2,1,1,13,4,9,5,4,1
56328504,19,10,9,1,5,1,0,1,0,1,0,1,2,4,1,0,2,0,2,5,2,3,6,5,1,1,1,0,5,2,3,0,0,0
56328505,318,175,143,10,124,32,24,17,7,6,2,26,15,23,21,2,11,4,7,102,71,31,127,61,66,3,2,1,66,31,35,9,6,3
56328506,64,33,31,4,22,4,1,1,3,1,1,9,7,3,5,2,2,0,2,7,5,2,30,16,14,1,0,1,22,11,11,2,1,1
56328507,29,17,12,0,10,1,2,3,3,0,0,0,4,3,1,1,5,2,3,7,5,2,10,7,3,2,1,1,5,2,3,0,0,0
56328508,31,18,13,3,10,5,1,1,0,0,0,1,1,4,5,0,2,1,1,15,9,6,6,3,3,3,1,2,4,3,1,1,1,0
54606201,102,54,48,6,35,8,14,3,5,2,1,2,10,6,5,0,9,5,4,40,22,18,35,20,15,2,0,2,13,5,8,3,2,1
56329301,93,52,41,5,37,6,11,3,1,0,0,6,8,5,11,0,11,5,6,39,27,12,27,11,16,0,0,0,9,4,5,7,5,2
54607101,222,122,100,21,67,21,8,12,4,3,2,15,22,21,15,1,7,4,3,94,59,35,85,47,38,4,0,4,24,8,16,8,4,4
1824512,0,0,0,0,0,0,0,0,0,0,0,0,0,0,0,0,0,0,0,0,0,0,0,0,0,0,0,0,0,0,0,0,0,0
56332301,22,13,9,1,9,0,2,1,3,1,0,0,2,3,0,0,3,1,2,7,5,2,7,4,3,0,0,0,4,2,2,1,1,0
56332302,13,8,5,0,6,0,0,3,0,0,0,0,2,1,1,0,0,0,0,6,4,2,7,4,3,0,0,0,0,0,0,0,0,0
56332303,411,230,181,24,175,25,28,15,9,1,4,19,30,40,26,2,45,30,15,160,108,52,144,70,74,3,0,3,41,14,27,18,8,10
56332307,30,21,9,7,11,4,2,1,0,0,0,2,0,1,1,1,5,2,3,12,9,3,6,5,1,0,0,0,0,0,0,7,5,2
56332308,14,9,5,2,2,2,0,1,1,0,0,1,0,1,1,2,0,0,0,3,2,1,9,6,3,0,0,0,1,0,1,1,1,0
56332309,53,34,19,8,27,4,2,3,1,0,0,3,0,1,4,0,5,3,2,32,24,8,11,3,8,0,0,0,1,1,0,4,3,1
56332311,15,9,6,2,3,2,3,2,0,0,0,1,0,1,1,0,0,0,0,12,8,4,2,1,1,0,0,0,1,0,1,0,0,0
56333101,30,14,16,0,8,5,1,3,5,1,0,1,0,2,2,2,1,1,0,9,5,4,15,5,10,0,0,0,3,2,1,2,1,1
56333102,39,23,16,3,19,6,2,2,0,0,0,3,2,1,0,1,4,1,3,20,16,4,12,5,7,0,0,0,2,0,2,1,1,0
56333104,18,8,10,1,3,2,1,3,0,0,0,3,2,1,1,0,3,0,3,4,2,2,5,3,2,1,1,0,2,0,2,3,2,1
56333105,25,16,9,3,8,1,0,3,1,0,1,5,0,0,1,0,5,2,3,7,6,1,10,6,4,0,0,0,1,1,0,2,1,1
56333106,20,11,9,3,6,1,4,0,0,0,0,0,3,1,1,0,1,0,1,2,2,0,8,5,3,0,0,0,6,2,4,3,2,1
0742760,0,0,0,0,0,0,0,0,0,0,0,0,0,0,0,0,0,0,0,0,0,0,0,0,0,0,0,0,0,0,0,0,0,0
56334001,760,419,341,18,264,48,102,35,28,11,21,50,60,41,58,4,44,27,17,220,143,77,302,158,144,21,7,14,145,64,81,28,20,8
56335801,77,45,32,2,27,5,5,5,2,1,1,8,10,2,7,0,3,3,0,34,25,9,28,12,16,1,1,0,9,2,7,2,2,0
56335802,406,211,195,14,144,24,40,19,14,5,9,26,37,44,21,1,27,14,13,115,72,43,160,83,77,10,1,9,84,35,49,10,6,4
56335803,36,23,13,0,20,4,1,0,0,0,2,3,3,0,2,0,3,2,1,16,11,5,12,8,4,1,0,1,3,1,2,1,1,0
56335804,25,16,9,4,9,2,1,1,0,0,0,4,4,0,0,0,0,0,0,12,7,5,10,7,3,0,0,0,3,2,1,0,0,0
56338201,77,43,34,1,35,8,4,1,1,0,0,8,6,4,6,2,2,0,2,31,22,9,31,12,19,1,0,1,8,6,2,4,3,1
56338202,568,311,257,16,226,33,49,34,11,2,15,37,58,44,29,3,32,14,18,200,139,61,219,104,115,8,3,5,98,43,55,11,8,3
56340401,18,9,9,2,2,1,0,1,5,0,0,0,0,2,4,0,0,0,0,9,6,3,7,2,5,0,0,0,1,0,1,1,1,0
56340402,61,31,30,1,16,8,6,3,3,1,0,5,4,4,6,0,1,0,1,22,14,8,22,9,13,1,0,1,10,4,6,5,4,1
56340403,1063,595,468,15,353,54,90,45,67,16,3,66,52,52,185,21,187,109,78,414,254,160,301,140,161,21,6,15,80,43,37,60,43,17
56341201,10,8,2,3,5,1,0,0,0,0,0,0,0,0,1,0,1,0,1,8,7,1,1,1,0,0,0,0,0,0,0,0,0,0
56341202,40,20,20,9,13,4,4,0,0,0,0,0,2,2,4,1,2,1,1,23,13,10,12,5,7,1,0,1,1,0,1,1,1,0
56341203,39,24,15,3,12,6,3,3,3,0,0,5,0,1,1,0,4,3,1,22,16,6,10,3,7,0,0,0,0,0,0,3,2,1
56341204,23,12,11,1,7,4,2,0,2,0,0,1,2,0,3,0,4,2,2,10,8,2,8,2,6,1,0,1,0,0,0,0,0,0
56341205,22,14,8,4,10,0,1,0,0,0,0,1,2,1,3,0,1,0,1,11,7,4,6,4,2,0,0,0,2,1,1,2,2,0
56343901,213,121,92,13,101,11,6,12,5,0,1,10,19,15,18,1,24,13,11,107,66,41,58,30,28,3,1,2,12,6,6,9,5,4
56343902,8,5,3,2,2,0,1,1,0,0,0,1,1,0,0,0,1,1,0,3,1,2,1,0,1,0,0,0,0,0,0,3,3,0
56343903,34,18,16,0,19,3,2,0,0,0,0,4,0,3,3,0,3,1,2,17,14,3,12,3,9,0,0,0,2,0,2,0,0,0
56343904,30,19,11,2,13,3,0,3,0,0,1,4,0,0,0,0,3,2,1,15,11,4,10,6,4,0,0,0,1,0,1,1,0,1
1067210,0,0,0,0,0,0,0,0,0,0,0,0,0,0,0,0,0,0,0,0,0,0,0,0,0,0,0,0,0,0,0,0,0,0
56346302,88,48,40,4,37,4,12,6,1,0,1,2,7,7,4,0,1,0,1,45,27,18,26,15,11,1,0,1,11,3,8,4,3,1
56346303,71,38,33,1,28,5,6,1,2,0,1,6,7,9,1,0,3,1,2,22,12,10,30,18,12,2,1,1,12,5,7,2,1,1
56347101,204,175,29,1,55,8,7,4,0,2,0,6,7,0,6,4,83,80,3,73,68,5,33,20,13,3,1,2,7,3,4,5,3,2
56348001,89,44,45,9,30,8,9,5,2,3,0,6,5,6,3,0,6,3,3,37,25,12,32,12,20,2,0,2,7,2,5,5,2,3
1878280,0,0,0,0,0,0,0,0,0,0,0,0,0,0,0,0,0,0,0,0,0,0,0,0,0,0,0,0,0,0,0,0,0,0
56349803,23,17,6,2,7,1,1,0,0,0,0,4,0,1,6,0,1,1,0,6,6,0,7,4,3,1,1,0,7,4,3,1,1,0
56349804,122,73,49,10,36,8,9,6,10,1,0,17,8,7,8,1,8,6,2,46,26,20,48,31,17,1,0,1,12,6,6,7,4,3
1881070,0,0,0,0,0,0,0,0,0,0,0,0,0,0,0,0,0,0,0,0,0,0,0,0,0,0,0,0,0,0,0,0,0,0
56350101,38,23,15,3,11,7,7,1,0,0,0,5,1,2,1,0,0,0,0,12,6,6,16,13,3,0,0,0,9,3,6,1,1,0
56350102,102,54,48,2,39,5,12,5,3,1,1,9,4,10,9,1,8,4,4,36,24,12,42,20,22,1,1,0,13,4,9,2,1,1
56350104,399,224,175,7,140,23,41,26,10,5,5,25,31,36,32,1,10,5,5,120,81,39,160,82,78,11,4,7,85,44,41,13,8,5
56457502,363,202,161,11,130,27,46,29,6,3,4,22,19,21,24,7,35,13,22,143,100,43,134,62,72,4,1,3,36,18,18,11,8,3
56457503,51,29,22,3,15,3,9,4,3,0,0,6,3,1,3,0,8,4,4,12,9,3,21,10,11,2,2,0,7,3,4,1,1,0
56457504,188,98,90,8,63,17,16,19,1,0,1,10,13,16,14,2,11,3,8,64,44,20,72,36,36,5,1,4,31,11,20,5,3,2
56459101,1106,602,504,47,292,98,147,100,26,15,19,62,100,69,79,6,83,47,36,392,237,155,429,211,218,19,6,13,145,74,71,38,27,11
56459102,176,99,77,11,43,14,22,20,2,6,2,13,10,13,16,3,11,8,3,55,40,15,74,37,37,3,0,3,27,11,16,6,3,3
56461301,227,128,99,13,58,28,30,18,5,0,4,18,16,11,21,2,26,11,15,87,57,30,64,30,34,2,2,0,26,14,12,22,14,8
56462101,547,291,256,39,138,53,61,39,19,11,9,43,36,33,38,8,37,16,21,199,126,73,198,89,109,9,5,4,87,41,46,17,14,3
56462102,43,27,16,4,9,2,6,1,3,1,1,5,3,2,5,1,2,2,0,14,8,6,14,8,6,3,2,1,9,6,3,1,1,0
54675501,42,23,19,7,7,5,7,1,0,0,0,4,3,2,4,0,0,0,0,18,12,6,15,8,7,0,0,0,8,2,6,1,1,0
56464801,212,117,95,8,50,19,36,22,9,2,2,20,7,12,16,3,21,11,10,92,60,32,62,26,36,5,2,3,17,8,9,15,10,5
56465601,8,4,4,0,4,0,0,0,0,0,1,1,1,0,1,0,0,0,0,3,3,0,2,0,2,0,0,0,3,1,2,0,0,0
56465602,62,35,27,7,11,10,8,6,0,2,0,2,5,2,5,2,0,0,0,28,18,10,31,15,16,0,0,0,3,2,1,0,0,0
56465603,644,358,286,14,185,54,81,49,24,18,7,43,45,45,51,4,40,14,26,247,159,88,215,108,107,5,3,2,102,51,51,35,23,12
56465604,88,49,39,2,28,9,7,16,1,0,1,7,3,3,8,0,13,6,7,41,28,13,22,9,13,2,0,2,5,2,3,5,4,1
56465605,36,25,11,8,9,2,4,1,2,0,1,4,3,2,0,0,1,0,1,17,14,3,14,8,6,0,0,0,3,2,1,1,1,0
56465606,13,7,6,0,1,3,3,2,0,2,2,0,0,0,0,0,0,0,0,6,4,2,5,2,3,0,0,0,2,1,1,0,0,0
56465607,58,33,25,4,14,6,5,6,3,0,1,1,3,5,7,1,3,1,2,29,17,12,17,9,8,2,2,0,4,1,3,3,3,0
56465608,45,25,20,8,11,6,7,1,1,1,0,1,4,1,4,0,1,0,1,26,16,10,13,6,7,0,0,0,3,1,2,2,2,0
56465609,52,30,22,5,17,2,4,2,0,1,3,2,3,5,5,0,5,3,2,18,13,5,16,9,7,3,2,1,7,1,6,3,2,1
54678001,110,66,44,12,37,5,8,13,7,3,0,6,7,4,4,0,8,3,5,53,37,16,30,16,14,0,0,0,14,6,8,5,4,1
54678002,40,23,17,3,21,2,1,2,2,0,1,3,1,2,1,0,4,2,2,21,11,10,9,7,2,0,0,0,3,1,2,3,2,1
56467201,180,99,81,5,50,18,12,19,3,4,3,14,9,11,27,2,9,3,6,73,48,25,69,33,36,4,1,3,17,7,10,8,7,1
54685201,129,70,59,12,25,16,10,6,4,2,2,9,10,11,10,3,7,4,3,45,31,14,58,27,31,3,0,3,15,7,8,1,1,0
56469901,62,38,24,11,19,3,5,8,0,2,0,4,1,2,4,2,6,2,4,28,22,6,14,6,8,1,0,1,7,3,4,6,5,1
54242301,164,95,69,5,45,6,29,21,4,10,0,15,4,10,9,0,7,2,5,57,38,19,67,41,26,3,1,2,25,11,14,5,2,3
3315460,0,0,0,0,0,0,0,0,0,0,0,0,0,0,0,0,0,0,0,0,0,0,0,0,0,0,0,0,0,0,0,0,0,0
56471101,627,352,275,8,205,46,49,67,24,8,8,43,45,31,70,2,46,20,26,247,165,82,233,119,114,7,1,6,70,30,40,24,17,7
56471102,51,29,22,3,23,0,5,4,3,1,0,4,5,1,1,1,10,8,2,22,13,9,14,6,8,0,0,0,4,1,3,1,1,0
56472901,60,39,21,6,22,6,4,5,2,0,0,6,0,2,3,1,7,3,4,32,22,10,12,7,5,1,0,1,1,1,0,7,6,1
56472902,16,8,8,1,3,0,2,3,0,0,0,1,3,2,1,0,1,0,1,7,5,2,5,3,2,0,0,0,3,0,3,0,0,0
56472903,18,11,7,1,7,0,1,2,1,1,0,1,2,1,1,0,0,0,0,7,6,1,10,4,6,0,0,0,1,1,0,0,0,0
56472904,92,54,38,2,25,6,5,11,6,1,0,6,15,11,2,0,6,2,4,44,29,15,24,14,10,1,1,0,15,7,8,2,1,1
56473701,59,32,27,0,20,7,2,5,3,0,0,3,5,9,3,1,8,5,3,27,18,9,14,4,10,1,0,1,6,2,4,3,3,0
56474501,283,158,125,8,79,21,30,17,10,8,9,19,23,22,25,2,9,4,5,91,63,28,120,60,60,5,3,2,52,24,28,6,4,2
56475301,224,121,103,10,45,24,28,26,3,5,5,19,13,16,17,2,13,8,5,74,51,23,88,40,48,3,0,3,39,18,21,7,4,3
55364601,137,81,56,14,41,17,13,17,4,0,1,7,9,7,5,1,17,12,5,73,45,28,29,16,13,4,0,4,7,2,5,7,6,1
56477001,25,15,10,1,3,3,1,5,1,0,0,2,1,3,4,0,1,1,0,13,9,4,8,4,4,0,0,0,1,0,1,2,1,1
56477002,89,47,42,6,25,17,7,5,3,1,0,3,7,4,7,1,5,1,4,44,24,20,28,18,10,1,0,1,3,1,2,8,3,5
56477004,14,7,7,0,4,1,0,1,0,1,0,2,2,2,0,0,1,0,1,4,3,1,4,2,2,0,0,0,5,2,3,0,0,0
56481801,212,123,89,9,54,22,30,18,5,7,2,14,19,11,12,6,12,6,6,71,46,25,75,40,35,7,5,2,29,13,16,18,13,5
56483401,123,71,52,13,35,12,9,8,3,2,1,11,4,6,14,1,10,3,7,56,39,17,36,19,17,1,1,0,17,8,9,3,1,2
56483402,9,5,4,1,3,0,2,1,1,0,0,0,1,0,0,0,0,0,0,3,2,1,4,2,2,0,0,0,1,0,1,1,1,0
56484201,69,35,34,5,18,4,4,1,2,1,1,10,8,7,5,0,5,3,2,17,9,8,18,8,10,2,2,0,22,10,12,5,3,2
56484203,50,23,27,7,8,6,2,1,2,2,0,8,4,5,4,0,2,0,2,15,8,7,17,8,9,1,0,1,14,7,7,1,0,1
56484204,40,21,19,1,8,5,2,2,1,1,0,6,5,4,3,0,2,1,1,7,6,1,15,8,7,1,1,0,13,5,8,2,0,2
56485101,503,265,238,15,90,33,50,29,7,11,5,38,21,25,164,5,45,25,20,182,121,61,188,79,109,8,2,6,61,26,35,19,12,7
54676301,42,24,18,5,6,3,6,2,0,5,0,1,3,1,5,1,1,1,0,12,9,3,19,8,11,1,0,1,6,4,2,3,2,1
56487701,431,234,197,27,143,31,33,42,21,7,3,32,25,20,27,6,40,18,22,176,117,59,154,70,84,4,2,2,43,21,22,14,6,8
56487702,295,165,130,19,105,21,22,21,2,11,3,15,18,20,23,2,12,4,8,76,54,22,123,65,58,11,5,6,56,23,33,17,14,3
56487703,71,39,32,5,26,4,4,5,2,3,0,3,6,4,6,0,5,1,4,35,24,11,18,8,10,0,0,0,8,3,5,5,3,2
56487704,40,24,16,5,16,2,3,0,0,0,0,5,1,1,1,0,8,5,3,16,10,6,10,5,5,0,0,0,4,3,1,2,1,1
56489301,230,128,102,18,67,21,31,18,6,6,3,12,16,9,16,0,17,7,10,87,57,30,81,38,43,5,3,2,34,17,17,6,6,0
56489302,119,69,50,4,27,13,16,7,3,3,4,9,8,8,12,1,7,6,1,45,30,15,45,22,23,2,2,0,14,6,8,6,3,3
56492301,173,99,74,10,39,17,23,17,11,0,3,8,13,15,10,3,13,5,8,69,43,26,60,32,28,4,2,2,18,8,10,9,9,0
56492302,158,87,71,25,34,14,16,14,8,1,4,11,10,6,7,2,14,6,8,63,43,20,41,20,21,2,0,2,29,13,16,9,5,4
56493101,68,38,30,8,22,5,7,7,0,3,0,3,7,3,2,0,0,0,0,28,23,5,29,12,17,1,0,1,7,1,6,3,2,1
56494001,218,130,88,21,63,18,28,9,2,6,3,16,19,11,15,1,9,7,2,73,53,20,91,51,40,2,0,2,33,14,19,10,5,5
56495801,153,86,67,6,53,5,13,13,8,3,3,5,12,9,14,2,11,8,3,70,42,28,46,24,22,4,2,2,17,6,11,5,4,1
56496601,72,46,26,8,19,8,4,7,1,2,1,7,5,3,4,0,8,6,2,20,13,7,25,14,11,1,1,0,11,6,5,7,6,1
56496602,26,15,11,5,10,0,1,0,0,2,1,1,2,2,2,0,0,0,0,8,7,1,8,6,2,1,0,1,5,2,3,4,0,4
54681001,63,38,25,4,14,8,7,5,1,1,0,7,2,4,4,2,4,3,1,25,19,6,21,9,12,1,0,1,8,4,4,4,3,1
54681002,26,12,14,2,6,2,2,3,1,0,0,3,0,2,4,0,0,0,0,13,7,6,10,4,6,1,1,0,1,0,1,1,0,1
50552801,161,100,61,6,43,13,11,15,5,2,1,21,11,15,7,2,7,5,2,46,32,14,68,45,23,0,0,0,37,16,21,3,2,1
54677101,98,58,40,3,21,13,7,6,3,1,3,11,12,5,8,2,6,2,4,35,23,12,29,16,13,2,2,0,22,12,10,4,3,1
56501601,173,100,73,12,52,15,19,22,5,5,1,9,7,5,15,0,12,5,7,72,51,21,56,28,28,5,0,5,16,6,10,12,10,2
56502401,214,126,88,24,72,12,18,21,4,2,0,11,17,10,10,4,13,9,4,89,60,29,82,42,40,5,3,2,18,7,11,7,5,2
56503201,292,153,139,19,68,16,36,24,9,5,11,22,19,13,37,0,13,7,6,89,58,31,117,53,64,8,3,5,57,26,31,8,6,2
56505901,180,112,68,16,36,15,20,19,5,6,2,4,14,6,30,2,14,10,4,94,64,30,51,25,26,2,1,1,10,5,5,9,7,2
56506701,208,112,96,12,46,18,23,13,10,6,2,17,18,14,21,1,12,2,10,72,46,26,65,36,29,3,1,2,49,24,25,7,3,4
56506702,189,102,87,10,54,15,17,7,7,4,2,14,11,11,30,1,7,2,5,70,47,23,68,34,34,4,0,4,35,15,20,5,4,1
56506703,48,27,21,2,9,6,15,4,0,3,0,3,2,1,2,1,0,0,0,24,16,8,17,7,10,1,0,1,5,3,2,1,1,0
56507501,121,71,50,8,47,5,11,8,3,3,0,10,10,7,9,0,10,6,4,45,31,14,47,24,23,0,0,0,16,8,8,3,2,1
56507503,43,24,19,2,10,1,2,2,5,1,0,6,2,4,6,0,4,3,1,14,6,8,14,10,4,1,0,1,10,5,5,0,0,0
56508301,397,215,182,16,148,27,46,23,15,5,3,19,37,22,25,3,34,17,17,167,95,72,126,68,58,9,3,6,46,22,24,15,10,5
56508302,77,45,32,6,32,8,5,4,1,0,2,6,3,3,5,0,6,3,3,34,23,11,24,12,12,1,0,1,7,4,3,5,3,2
56508303,56,30,26,5,15,8,6,6,4,1,0,3,1,1,5,0,7,3,4,28,20,8,14,3,11,1,1,0,3,1,2,3,2,1
56508304,19,15,4,1,3,3,5,1,2,0,0,1,1,0,0,0,1,0,1,4,4,0,11,9,2,0,0,0,1,1,0,2,1,1
56508305,151,93,58,4,49,11,10,11,4,3,1,11,15,6,18,2,10,5,5,61,41,20,55,33,22,1,0,1,18,8,10,6,6,0
56509101,143,81,62,9,54,14,7,6,3,5,5,4,14,5,9,2,5,3,2,48,34,14,59,31,28,6,2,4,21,8,13,4,3,1
56510501,19,11,8,2,5,3,3,0,1,0,1,1,0,0,3,0,2,0,2,9,6,3,5,3,2,0,0,0,3,2,1,0,0,0
56510502,47,29,18,0,4,5,3,10,3,0,1,3,8,3,3,1,2,1,1,18,12,6,18,11,7,0,0,0,6,3,3,3,2,1
56510504,7,3,4,0,1,0,3,0,0,1,1,1,0,0,0,0,1,0,1,1,1,0,3,2,1,1,0,1,0,0,0,1,0,1
56511301,206,141,65,3,100,10,18,20,5,0,3,9,10,12,12,2,10,7,3,60,49,11,81,53,28,4,1,3,43,23,20,8,8,0
1516452,0,0,0,0,0,0,0,0,0,0,0,0,0,0,0,0,0,0,0,0,0,0,0,0,0,0,0,0,0,0,0,0,0,0
56512101,44,24,20,6,8,2,7,8,0,1,0,1,1,3,3,0,4,2,2,20,13,7,13,8,5,0,0,0,5,1,4,2,0,2
56512102,43,24,19,3,6,8,5,3,4,0,0,4,1,2,4,0,6,5,1,14,7,7,17,8,9,1,1,0,5,3,2,0,0,0
56512104,25,15,10,2,4,4,3,1,0,0,0,2,0,2,4,1,2,1,1,8,7,1,10,2,8,0,0,0,2,2,0,3,3,0
56512105,351,202,149,34,69,39,39,31,10,5,4,24,30,13,40,4,28,20,8,168,101,67,104,48,56,5,3,2,28,17,11,18,13,5
56512106,12,8,4,2,7,0,0,0,1,0,0,0,0,0,2,0,0,0,0,6,5,1,4,1,3,0,0,0,0,0,0,2,2,0
56512107,37,23,14,1,8,3,4,3,0,0,0,5,4,2,5,1,4,3,1,14,11,3,13,6,7,0,0,0,5,3,2,1,0,1
56512108,26,14,12,1,6,5,5,1,0,0,0,3,1,1,0,1,0,0,0,14,8,6,11,5,6,0,0,0,0,0,0,1,1,0
56512109,21,12,9,7,2,1,2,1,0,0,0,1,3,2,0,1,2,0,2,7,4,3,9,7,2,0,0,0,3,1,2,0,0,0
56512110,8,6,2,2,2,1,0,2,0,0,0,0,0,0,1,0,1,0,1,2,2,0,3,2,1,1,1,0,1,1,0,0,0,0
56512111,10,5,5,1,1,2,0,0,0,0,0,2,2,0,1,1,0,0,0,2,2,0,3,1,2,1,0,1,3,2,1,1,0,1
56512112,74,43,31,6,24,7,7,3,4,3,2,4,2,7,3,1,9,5,4,25,16,9,18,9,9,1,1,0,13,7,6,8,5,3
56512113,28,17,11,1,7,4,6,2,1,0,0,2,1,2,2,0,2,1,1,10,8,2,9,4,5,0,0,0,5,2,3,2,2,0
56514801,258,139,119,11,69,20,37,27,5,2,2,17,15,14,28,0,23,9,14,116,71,45,75,42,33,7,2,5,24,7,17,13,8,5
56515601,241,129,112,2,47,16,21,30,11,8,3,16,37,21,22,3,12,6,6,78,51,27,99,46,53,3,1,2,45,22,23,4,3,1
56515602,35,20,15,1,13,3,4,3,0,0,2,2,3,2,0,0,5,3,2,13,8,5,10,6,4,0,0,0,6,2,4,1,1,0
56516401,91,48,43,2,32,9,8,6,2,1,0,8,7,5,6,0,3,2,1,31,18,13,45,21,24,0,0,0,11,6,5,1,1,0
56516402,1263,682,581,57,359,129,147,96,35,27,17,85,81,82,96,10,90,46,44,472,285,187,423,206,217,21,8,13,191,90,101,66,47,19
56516403,187,101,86,13,44,16,14,13,8,7,2,18,16,7,20,2,4,4,0,53,33,20,85,44,41,5,2,3,36,16,20,4,2,2
56517201,210,111,99,18,51,13,28,13,4,2,1,17,18,10,22,0,6,3,3,94,61,33,78,30,48,6,3,3,19,10,9,7,4,3
0855960,0,0,0,0,0,0,0,0,0,0,0,0,0,0,0,0,0,0,0,0,0,0,0,0,0,0,0,0,0,0,0,0,0,0
0856000,0,0,0,0,0,0,0,0,0,0,0,0,0,0,0,0,0,0,0,0,0,0,0,0,0,0,0,0,0,0,0,0,0,0
0856690,0,0,0,0,0,0,0,0,0,0,0,0,0,0,0,0,0,0,0,0,0,0,0,0,0,0,0,0,0,0,0,0,0,0
56456701,10,6,4,0,2,1,1,0,1,1,1,0,1,1,1,0,0,0,0,3,3,0,1,1,0,0,0,0,5,2,3,1,0,1
56456702,1328,713,615,28,193,115,146,103,41,39,31,106,146,134,175,9,51,31,20,334,189,145,572,294,278,19,9,10,331,181,150,21,9,12
56456703,271,148,123,7,37,17,26,13,2,8,8,43,19,25,50,3,10,5,5,40,27,13,101,48,53,1,0,1,115,66,49,4,2,2
56456705,112,66,46,4,28,10,14,9,5,2,4,8,9,3,14,0,7,5,2,37,25,12,40,22,18,2,0,2,22,11,11,4,3,1
56456706,70,36,34,1,12,12,10,6,5,1,2,6,6,0,6,0,13,5,8,21,12,9,26,14,12,1,1,0,7,2,5,2,2,0
56456707,364,190,174,4,55,29,27,29,10,18,9,43,34,37,54,4,17,12,5,57,33,24,146,80,66,7,1,6,121,54,67,16,10,6
56456708,410,247,163,8,63,29,39,15,22,11,5,60,42,36,47,6,42,34,8,88,67,21,148,80,68,2,2,0,117,57,60,13,7,6
56456709,1038,551,487,27,168,93,99,65,35,32,20,106,96,103,130,5,49,31,18,213,134,79,407,197,210,17,6,11,329,167,162,23,16,7
56456710,22,12,10,1,5,4,4,1,1,1,0,2,0,0,3,0,2,1,1,9,6,3,6,2,4,2,1,1,3,2,1,0,0,0
56456711,25,14,11,0,1,0,1,1,0,0,0,2,1,0,19,0,2,1,1,11,8,3,2,1,1,0,0,0,9,3,6,1,1,0
56456712,42,22,20,0,10,5,0,2,3,2,1,7,2,4,3,0,1,0,1,7,6,1,22,9,13,0,0,0,11,6,5,1,1,0
56456713,21,16,5,2,6,2,1,2,1,0,0,2,2,0,3,0,2,2,0,9,9,0,8,5,3,0,0,0,1,0,1,1,0,1
56456714,48,23,25,2,4,6,2,1,2,1,1,10,9,4,4,0,3,2,1,7,1,6,20,12,8,2,1,1,16,7,9,0,0,0
56456715,1028,539,489,13,179,83,101,86,39,28,20,92,110,101,113,7,62,35,27,257,164,93,404,196,208,15,5,10,252,116,136,38,23,15
56456716,671,361,310,12,119,50,64,46,20,25,24,65,65,58,75,4,30,19,11,159,109,50,246,123,123,13,5,8,195,89,106,28,16,12
56456717,32,20,12,0,2,5,2,3,0,2,3,2,8,2,2,0,1,0,1,4,4,0,20,12,8,0,0,0,6,3,3,1,1,0
56456718,2001,1029,972,38,378,157,219,170,59,51,33,163,228,173,219,18,117,59,58,558,343,215,793,364,429,40,10,30,431,216,215,62,37,25
56456719,38,22,16,1,5,4,7,5,3,2,1,3,2,1,1,2,8,5,3,12,7,5,15,8,7,0,0,0,0,0,0,3,2,1
56456720,897,454,443,15,173,72,94,79,41,17,14,82,99,66,96,9,79,41,38,259,148,111,336,152,184,11,6,5,161,79,82,51,28,23
56456722,1600,811,789,23,325,125,183,145,45,33,28,112,200,138,182,12,98,48,50,462,273,189,652,292,360,30,13,17,315,156,159,43,29,14
56456723,63,38,25,4,13,6,7,5,2,2,1,3,4,5,6,1,1,0,1,21,13,8,23,14,9,0,0,0,11,6,5,7,5,2
56456724,12,6,6,1,1,0,1,0,1,4,0,0,2,1,1,0,0,0,0,0,0,0,3,2,1,0,0,0,9,4,5,0,0,0
56456725,490,271,219,1,83,36,61,38,18,12,15,40,67,44,57,2,12,4,8,116,76,40,210,112,98,6,1,5,139,74,65,7,4,3
56456726,279,146,133,1,49,16,39,14,4,11,9,27,36,27,35,1,8,7,1,14,7,7,95,48,47,10,3,7,145,78,67,7,3,4
56456727,741,433,308,12,116,66,102,54,49,19,7,73,69,43,65,19,63,38,25,177,119,58,254,130,124,9,6,3,153,73,80,85,67,18
54669101,90,50,40,8,25,7,11,10,1,0,1,6,8,2,7,1,9,5,4,45,27,18,21,9,12,2,0,2,7,5,2,6,4,2
56521101,6,4,2,3,0,0,0,0,1,0,1,0,0,0,0,0,0,0,0,0,0,0,3,2,1,0,0,0,2,2,0,1,0,1
56521102,121,72,49,9,42,7,6,8,7,6,0,9,9,7,5,3,11,8,3,67,41,26,26,12,14,4,3,1,8,4,4,5,4,1
56521103,25,14,11,2,9,1,0,2,1,2,0,3,1,2,1,0,4,1,3,16,11,5,2,1,1,0,0,0,2,1,1,1,0,1
56521104,27,15,12,1,3,1,2,2,1,0,0,6,4,0,7,0,0,0,0,11,9,2,9,3,6,0,0,0,7,3,4,0,0,0
56521105,12,8,4,0,2,1,2,1,0,0,2,1,2,0,1,0,0,0,0,4,3,1,7,4,3,0,0,0,1,1,0,0,0,0
56521107,25,11,14,1,3,2,0,1,2,0,1,0,6,5,3,0,0,0,0,2,0,2,14,5,9,0,0,0,8,5,3,1,1,0
56521108,51,29,22,10,9,6,4,3,1,0,0,2,5,5,4,0,7,2,5,17,14,3,17,9,8,2,0,2,8,4,4,0,0,0
0877420,0,0,0,0,0,0,0,0,0,0,0,0,0,0,0,0,0,0,0,0,0,0,0,0,0,0,0,0,0,0,0,0,0,0
0878230,0,0,0,0,0,0,0,0,0,0,0,0,0,0,0,0,0,0,0,0,0,0,0,0,0,0,0,0,0,0,0,0,0,0
0878310,0,0,0,0,0,0,0,0,0,0,0,0,0,0,0,0,0,0,0,0,0,0,0,0,0,0,0,0,0,0,0,0,0,0
56522901,161,93,68,5,44,14,21,14,1,4,3,16,14,6,15,0,13,8,5,41,27,14,62,36,26,2,1,1,37,19,18,6,2,4
56522902,970,541,429,25,320,63,86,104,38,12,15,75,62,51,70,9,81,49,32,332,206,126,342,174,168,18,4,14,132,61,71,65,47,18
56522903,113,51,62,2,43,9,9,28,3,0,0,5,2,4,6,0,13,6,7,34,19,15,34,12,22,8,5,3,19,6,13,5,3,2
56522906,16,11,5,0,8,2,0,0,1,1,1,2,1,0,0,0,1,1,0,3,2,1,8,6,2,2,0,2,1,1,0,1,1,0
56522907,1132,598,534,13,393,78,105,128,34,17,13,108,71,54,58,9,123,66,57,449,265,184,358,190,168,28,4,24,125,48,77,49,25,24
56522908,172,92,80,2,45,15,17,7,8,5,2,16,10,14,26,1,6,5,1,47,27,20,71,39,32,1,0,1,44,19,25,3,2,1
56522910,462,239,223,5,155,35,35,35,7,8,10,38,34,48,37,0,16,7,9,98,62,36,211,102,109,9,6,3,114,50,64,14,12,2
56522911,1143,573,570,24,405,65,112,111,28,22,20,81,59,82,87,6,81,33,48,416,240,176,415,192,223,18,4,14,173,79,94,40,25,15
56522912,31,18,13,0,10,5,3,5,3,0,0,0,1,1,1,0,2,0,2,20,13,7,7,4,3,0,0,0,1,1,0,1,0,1
56523701,184,102,82,3,60,14,22,16,6,2,2,15,15,10,11,0,18,11,7,81,49,32,61,29,32,1,1,0,17,9,8,6,3,3
56524501,344,194,150,5,96,33,34,35,9,5,7,29,28,15,23,10,20,11,9,142,83,59,111,62,49,6,2,4,46,24,22,19,12,7
54249101,71,41,30,0,14,4,7,5,2,1,0,10,13,6,4,4,9,5,4,24,18,6,23,11,12,1,1,0,13,6,7,1,0,1
54249102,22,14,8,2,2,2,1,1,1,0,0,5,3,3,1,1,0,0,0,0,0,0,7,4,3,1,1,0,13,8,5,1,1,0
56525301,131,70,61,7,35,7,13,15,3,2,1,11,13,12,11,0,5,2,3,48,31,17,52,26,26,3,1,2,22,9,13,1,1,0
56525302,36,21,15,3,8,3,6,4,2,0,2,4,1,3,0,0,2,0,2,12,8,4,14,8,6,0,0,0,8,5,3,0,0,0
56525303,116,72,44,17,33,10,12,10,4,4,2,8,5,5,3,1,5,2,3,52,39,13,44,22,22,1,0,1,11,7,4,3,2,1
56525304,119,70,49,9,17,8,15,14,4,4,5,12,10,7,7,2,8,4,4,42,30,12,39,18,21,3,1,2,19,13,6,8,4,4
54252101,76,40,36,4,11,8,11,8,1,1,2,6,9,8,5,0,3,2,1,24,15,9,22,12,10,1,1,0,24,9,15,2,1,1
53050601,125,74,51,4,15,19,15,12,1,1,0,12,16,13,11,1,8,7,1,29,17,12,47,26,21,0,0,0,36,21,15,5,3,2
56529601,118,65,53,5,28,8,21,14,3,1,1,7,7,1,9,3,10,3,7,52,32,20,34,19,15,5,1,4,7,2,5,10,8,2
56530001,300,170,130,10,82,19,47,15,10,8,8,15,25,23,25,2,7,3,4,105,69,36,105,56,49,8,4,4,64,31,33,11,7,4
3306980,0,0,0,0,0,0,0,0,0,0,0,0,0,0,0,0,0,0,0,0,0,0,0,0,0,0,0,0,0,0,0,0,0,0
56531801,443,255,188,18,137,37,50,37,14,9,8,36,23,23,42,1,30,20,10,197,130,67,152,67,85,5,4,1,40,20,20,19,14,5
56531802,108,60,48,8,36,9,12,6,2,1,1,9,5,6,13,0,4,2,2,47,30,17,39,19,20,2,0,2,12,6,6,4,3,1
56531803,95,59,36,7,23,4,15,8,5,1,3,5,8,6,7,0,5,2,3,41,30,11,36,20,16,3,2,1,7,3,4,3,2,1
56531804,30,17,13,2,5,4,4,2,1,1,1,1,3,3,2,0,2,1,1,13,8,5,10,5,5,2,2,0,3,1,2,0,0,0
56531805,10,6,4,3,1,1,0,1,0,0,0,0,0,1,3,0,1,0,1,6,5,1,2,0,2,0,0,0,1,1,0,0,0,0
56531806,46,26,20,1,12,2,5,4,5,0,0,1,4,0,9,0,4,1,3,17,13,4,22,11,11,0,0,0,3,1,2,0,0,0
56531807,12,7,5,1,3,0,0,3,0,1,0,2,0,0,1,0,0,0,0,7,4,3,3,2,1,0,0,0,1,1,0,1,0,1
56531808,104,65,39,11,21,10,17,16,4,3,1,4,1,2,7,3,14,7,7,55,41,14,21,9,12,1,1,0,12,7,5,1,0,1
56534201,76,48,28,6,23,6,13,5,1,2,0,5,4,2,1,4,4,2,2,38,31,7,23,9,14,0,0,0,9,4,5,2,2,0
56534202,112,59,53,10,19,15,13,11,4,4,2,11,2,10,8,1,4,2,2,46,31,15,44,20,24,3,2,1,10,1,9,5,3,2
54244001,52,33,19,7,11,3,4,5,1,1,2,2,4,3,6,1,2,1,1,24,19,5,15,8,7,3,1,2,7,3,4,1,1,0
54253901,102,58,44,3,26,9,7,12,2,1,1,10,8,7,9,2,8,3,5,38,26,12,35,19,16,2,1,1,14,6,8,5,3,2
56539301,161,85,76,12,31,6,10,32,4,2,3,12,25,8,10,1,13,9,4,55,34,21,64,29,35,3,1,2,17,7,10,9,5,4
56539302,37,18,19,5,9,1,1,5,0,1,1,3,3,2,3,0,1,0,1,18,11,7,12,4,8,1,0,1,3,2,1,2,1,1
56539304,24,15,9,2,5,4,2,1,0,0,0,4,1,3,0,0,2,2,0,10,7,3,4,3,1,0,0,0,8,3,5,0,0,0
56539305,21,13,8,3,3,3,2,2,0,0,0,3,3,0,1,1,0,0,0,8,6,2,8,5,3,0,0,0,3,1,2,2,1,1
56541502,77,42,35,3,20,9,10,9,1,2,1,5,2,5,4,3,3,1,2,31,19,12,27,15,12,0,0,0,14,6,8,2,1,1
56541503,11,6,5,0,5,1,0,1,0,0,0,3,0,1,0,0,0,0,0,6,4,2,3,1,2,0,0,0,2,1,1,0,0,0
56541504,32,21,11,1,11,3,3,5,0,0,0,1,4,1,3,0,3,1,2,11,8,3,10,7,3,1,1,0,6,3,3,1,1,0
56541505,193,102,91,6,53,7,25,18,7,6,2,15,15,15,13,4,13,8,5,76,52,24,69,24,45,3,2,1,26,12,14,6,4,2
56543101,19,11,8,4,3,2,3,2,1,0,0,1,0,1,1,0,2,1,1,10,6,4,4,2,2,0,0,0,0,0,0,3,2,1
56543102,64,32,32,4,20,6,4,2,2,2,1,2,11,2,7,0,3,1,2,24,16,8,24,10,14,0,0,0,10,3,7,3,2,1
56543104,22,13,9,2,6,4,1,2,3,0,0,1,0,2,1,0,1,1,0,14,9,5,6,2,4,0,0,0,0,0,0,1,1,0
56543105,49,24,25,11,13,2,4,4,0,0,0,1,2,4,7,0,12,7,5,26,13,13,8,1,7,0,0,0,3,3,0,0,0,0
56543107,87,48,39,8,29,6,10,7,1,1,0,4,8,6,4,0,2,2,0,33,21,12,32,16,16,3,2,1,12,4,8,5,3,2
56543108,47,27,20,7,9,3,7,2,2,0,0,3,7,2,4,1,5,4,1,18,10,8,19,10,9,1,1,0,4,2,2,0,0,0
56543109,317,170,147,31,96,21,34,20,12,5,6,21,19,18,24,4,19,10,9,117,75,42,124,53,71,9,4,5,24,13,11,24,15,9
56545801,131,75,56,1,41,12,14,13,2,0,1,13,11,4,13,0,20,14,6,48,30,18,43,19,24,2,2,0,12,4,8,6,6,0
56545802,172,105,67,3,55,18,12,20,3,1,1,12,20,9,12,1,12,4,8,67,51,16,59,34,25,1,0,1,18,7,11,15,9,6
56547401,137,75,62,2,33,12,18,17,5,6,0,8,13,14,5,0,10,5,5,46,29,17,45,18,27,4,3,1,25,14,11,7,6,1
56548201,188,107,81,11,74,12,20,15,2,3,3,15,11,13,4,0,8,2,6,78,57,21,67,28,39,4,2,2,26,14,12,5,4,1
56549101,288,152,136,10,62,45,45,20,14,4,4,20,22,18,14,1,24,13,11,116,78,38,98,40,58,6,3,3,37,12,25,7,6,1
56552101,239,135,104,18,61,35,24,18,11,10,2,10,16,14,13,2,19,13,6,109,73,36,76,30,46,2,1,1,22,11,11,11,7,4
56554701,73,39,34,6,19,8,9,5,1,0,3,5,5,5,5,1,2,1,1,33,22,11,26,13,13,1,0,1,10,3,7,1,0,1
1417210,0,0,0,0,0,0,0,0,0,0,0,0,0,0,0,0,0,0,0,0,0,0,0,0,0,0,0,0,0,0,0,0,0,0
1417800,0,0,0,0,0,0,0,0,0,0,0,0,0,0,0,0,0,0,0,0,0,0,0,0,0,0,0,0,0,0,0,0,0,0
56555501,461,253,208,9,111,40,56,21,13,21,8,43,29,36,51,5,17,10,7,139,103,36,194,91,103,7,2,5,92,40,52,12,7,5
56555503,24,14,10,2,7,1,1,0,1,0,1,6,1,1,3,0,1,0,1,8,5,3,4,3,1,1,1,0,10,5,5,0,0,0
56555504,534,282,252,14,111,35,55,22,14,18,9,54,39,49,79,6,26,10,16,126,76,50,185,94,91,15,7,8,164,82,82,18,13,5
56555505,578,314,264,9,151,44,65,51,27,10,16,41,38,43,49,9,42,20,22,179,110,69,208,108,100,19,8,11,96,48,48,34,20,14
56555506,50,28,22,0,11,3,7,1,0,1,3,11,0,3,5,1,1,1,0,13,8,5,31,16,15,1,0,1,4,3,1,0,0,0
56555507,47,26,21,0,9,3,5,5,0,4,0,7,1,3,4,1,1,1,0,10,6,4,21,11,10,1,0,1,11,5,6,3,3,0
56555508,617,323,294,8,142,53,65,41,14,20,13,56,39,72,66,4,19,7,12,142,96,46,253,116,137,19,8,11,164,84,80,20,12,8
56555509,225,119,106,2,60,24,21,18,4,7,8,14,10,25,25,1,4,2,2,54,43,11,89,41,48,4,2,2,71,28,43,3,3,0
56555511,43,26,17,0,21,0,4,3,0,0,0,3,2,0,5,2,7,5,2,15,10,5,11,4,7,2,1,1,5,3,2,3,3,0
56555512,1361,691,670,21,347,69,181,99,43,40,25,125,83,101,175,8,92,37,55,432,258,174,535,245,290,38,16,22,212,104,108,52,31,21
56555513,599,341,258,13,125,49,90,49,34,19,20,44,25,47,41,9,50,31,19,148,94,54,207,109,98,14,5,9,124,60,64,56,42,14
56555514,398,216,182,5,102,30,38,34,14,19,18,30,32,34,24,3,15,9,6,87,56,31,165,88,77,17,8,9,99,43,56,15,12,3
56555515,91,47,44,3,13,5,7,5,2,9,1,12,7,15,11,0,1,1,0,17,8,9,29,16,13,4,2,2,39,19,20,1,1,0
56555516,722,381,341,11,178,50,90,49,24,16,16,66,47,71,68,3,21,9,12,208,129,79,294,153,141,17,7,10,166,73,93,16,10,6
56555517,15,9,6,1,5,0,0,5,0,0,1,1,1,0,0,0,0,0,0,7,6,1,5,2,3,0,0,0,3,1,2,0,0,0
56555518,189,107,82,5,49,9,20,9,8,8,3,21,10,12,21,3,10,3,7,40,29,11,76,41,35,4,3,1,52,28,24,7,3,4
56555519,137,77,60,3,30,14,19,1,2,3,4,11,6,18,18,1,1,0,1,21,13,8,52,31,21,4,1,3,55,29,26,4,3,1
54672101,112,59,53,12,37,6,15,11,3,2,2,6,5,5,6,1,8,3,5,47,30,17,38,21,17,1,0,1,9,2,7,9,3,6
56559801,136,79,57,3,47,8,22,7,4,2,2,13,4,8,10,2,3,2,1,61,39,22,53,28,25,2,1,1,10,4,6,7,5,2
56560101,115,70,45,18,32,8,9,10,4,2,1,10,5,2,10,0,6,2,4,41,29,12,47,28,19,3,2,1,11,4,7,7,5,2
56561001,33,22,11,3,11,1,4,0,1,0,0,1,3,1,5,1,0,0,0,14,8,6,14,11,3,1,1,0,2,0,2,2,2,0
56561002,121,70,51,13,37,9,8,9,2,0,0,8,6,6,15,5,10,4,6,49,36,13,40,19,21,2,0,2,6,2,4,14,9,5
56561003,63,38,25,7,13,9,1,3,4,3,1,5,2,2,7,0,7,5,2,33,21,12,16,7,9,0,0,0,6,4,2,1,1,0
56561004,11,7,4,0,5,1,0,1,0,1,0,1,0,1,1,0,0,0,0,4,4,0,4,1,3,0,0,0,2,2,0,1,0,1
56561005,13,8,5,3,2,0,1,0,0,0,0,1,1,1,3,0,1,0,1,5,4,1,6,4,2,0,0,0,1,0,1,0,0,0
56561006,16,9,7,3,6,0,0,1,0,1,1,1,0,1,1,0,1,1,0,6,3,3,7,4,3,1,0,1,1,1,0,0,0,0
56561008,68,41,27,9,28,2,0,10,3,0,0,6,1,3,4,1,6,2,4,39,28,11,13,6,7,1,0,1,3,2,1,6,3,3
56561009,41,20,21,6,7,5,6,3,2,1,0,5,0,1,3,1,3,2,1,17,8,9,15,7,8,0,0,0,2,0,2,4,3,1
54682801,16,10,6,4,2,2,0,3,0,0,0,0,0,1,1,1,1,1,0,6,4,2,6,5,1,0,0,0,2,0,2,1,0,1
56567901,281,152,129,13,54,14,37,26,5,9,3,27,36,20,23,6,21,11,10,80,46,34,115,63,52,6,3,3,41,18,23,18,11,7
56567902,206,111,95,9,41,13,24,26,10,5,4,20,15,14,19,1,10,5,5,74,46,28,80,37,43,6,1,5,30,16,14,6,6,0
3315380,0,0,0,0,0,0,0,0,0,0,0,0,0,0,0,0,0,0,0,0,0,0,0,0,0,0,0,0,0,0,0,0,0,0
56569501,353,200,153,18,114,25,37,26,11,6,5,29,22,20,24,1,18,12,6,146,96,50,131,59,72,7,3,4,44,23,21,7,7,0
3111620,0,0,0,0,0,0,0,0,0,0,0,0,0,0,0,0,0,0,0,0,0,0,0,0,0,0,0,0,0,0,0,0,0,0
3111970,0,0,0,0,0,0,0,0,0,0,0,0,0,0,0,0,0,0,0,0,0,0,0,0,0,0,0,0,0,0,0,0,0,0
56570901,103,56,47,6,39,7,7,7,6,0,3,10,6,3,5,2,3,2,1,49,34,15,35,14,21,0,0,0,10,3,7,6,3,3
56570902,117,66,51,2,53,5,19,6,1,1,0,4,7,5,9,0,12,6,6,50,33,17,41,19,22,3,1,2,5,2,3,6,5,1
56570903,18,9,9,0,6,2,2,1,1,1,0,3,0,0,0,0,2,0,2,9,6,3,1,0,1,0,0,0,2,0,2,4,3,1
56570904,10,6,4,0,4,1,0,1,0,0,0,1,0,0,1,1,2,1,1,4,4,0,2,0,2,1,0,1,1,1,0,0,0,0
56570905,61,39,22,1,30,4,2,9,1,1,0,3,3,2,2,1,7,4,3,30,22,8,20,9,11,4,4,0,0,0,0,0,0,0
56570906,34,19,15,1,10,4,3,1,3,1,0,2,2,2,1,1,7,4,3,19,11,8,5,3,2,0,0,0,2,0,2,1,1,0
56570907,121,75,46,10,37,10,15,10,1,2,1,5,11,2,12,2,15,10,5,51,37,14,41,22,19,4,0,4,7,3,4,3,3,0
56570908,97,52,45,5,37,10,16,6,3,0,1,2,1,2,6,2,10,3,7,54,36,18,24,10,14,3,0,3,4,2,2,2,1,1
56570910,49,27,22,1,15,2,4,4,1,0,0,6,4,3,7,0,3,2,1,19,11,8,17,10,7,0,0,0,9,4,5,1,0,1
56570911,458,246,212,10,172,37,36,38,16,7,5,45,17,19,27,9,57,31,26,173,98,75,146,74,72,8,2,6,48,24,24,26,17,9
56570912,348,198,150,4,141,17,40,24,9,5,3,28,15,18,25,5,31,12,19,139,97,42,126,65,61,6,2,4,35,15,20,11,7,4
56570913,339,192,147,7,162,19,27,16,9,5,3,30,11,17,16,2,26,8,18,107,71,36,130,70,60,6,2,4,44,22,22,26,19,7
56570914,18,10,8,0,11,0,3,1,0,0,0,1,1,0,0,0,1,0,1,14,8,6,3,2,1,0,0,0,0,0,0,0,0,0
56570915,315,167,148,8,121,14,27,23,11,3,4,33,18,17,19,1,35,20,15,130,77,53,108,46,62,7,4,3,22,9,13,13,11,2
56570916,778,421,357,16,305,38,98,54,28,10,7,67,25,30,61,4,89,35,54,301,190,111,268,132,136,17,9,8,55,24,31,48,31,17
56570917,861,462,399,11,345,42,87,63,35,14,7,84,31,52,55,4,74,44,30,312,195,117,307,141,166,14,4,10,90,37,53,64,41,23
56570918,236,148,88,10,121,12,16,10,4,0,1,30,9,6,6,2,43,24,19,98,71,27,66,37,29,0,0,0,13,6,7,16,10,6
56570921,39,21,18,0,10,2,2,2,2,3,0,10,3,2,2,0,2,0,2,18,10,8,14,9,5,0,0,0,5,2,3,0,0,0
56571701,280,153,127,28,60,24,27,18,5,3,6,20,33,10,24,2,19,6,13,108,70,38,110,56,54,7,3,4,31,13,18,5,5,0
56571702,75,44,31,10,15,7,6,5,5,0,0,4,6,5,7,2,2,0,2,37,23,14,19,12,7,1,1,0,10,5,5,6,3,3
56571703,19,11,8,1,2,1,3,0,1,0,2,3,3,2,1,0,0,0,0,3,3,0,12,5,7,0,0,0,4,3,1,0,0,0
56571704,169,90,79,15,33,22,18,15,7,0,3,8,15,7,21,0,6,2,4,66,44,22,64,32,32,4,1,3,22,6,16,7,5,2
56571705,10,4,6,0,1,0,0,1,1,0,0,2,2,1,1,0,0,0,0,3,1,2,3,1,2,0,0,0,4,2,2,0,0,0
56571707,735,398,337,14,144,77,110,50,26,9,9,61,64,30,75,10,78,33,45,246,156,90,259,122,137,8,4,4,83,43,40,61,40,21
56571710,69,38,31,1,14,7,9,2,0,2,0,4,9,4,8,1,0,0,0,19,15,4,36,18,18,1,0,1,12,4,8,1,1,0
56574101,37,23,14,1,1,3,9,4,1,0,0,4,4,2,4,1,2,1,1,11,9,2,17,10,7,1,1,0,5,1,4,1,1,0
56574102,268,150,118,31,43,23,30,19,6,3,1,19,36,15,24,4,12,6,6,95,63,32,102,48,54,0,0,0,38,16,22,21,17,4
54240701,140,76,64,3,23,23,15,7,5,3,7,13,16,11,8,0,0,0,0,30,17,13,61,33,28,3,2,1,41,21,20,5,3,2
54240702,49,32,17,1,11,5,7,7,1,1,0,2,4,1,6,0,3,2,1,24,18,6,15,8,7,0,0,0,5,2,3,2,2,0
56576802,10,5,5,1,2,0,2,0,0,1,0,1,2,0,1,0,0,0,0,3,2,1,6,2,4,0,0,0,1,1,0,0,0,0
56576803,63,32,31,2,17,2,4,8,6,1,0,4,9,1,5,1,3,2,1,26,15,11,19,7,12,1,1,0,12,6,6,2,1,1
56576804,25,14,11,6,8,0,1,3,1,1,0,1,2,1,1,0,1,1,0,6,5,1,9,5,4,1,0,1,6,3,3,2,0,2
56576805,45,27,18,1,8,5,3,9,1,0,0,1,4,6,6,0,3,3,0,13,7,6,21,14,7,1,1,0,7,2,5,0,0,0
56576806,38,20,18,2,13,1,1,6,0,0,0,0,1,6,5,0,2,0,2,16,9,7,12,9,3,2,0,2,6,2,4,0,0,0
56576807,726,399,327,12,214,51,96,65,12,11,8,52,59,71,53,5,47,28,19,249,160,89,262,128,134,12,3,9,129,60,69,27,20,7
56576808,25,18,7,0,4,2,3,2,0,0,1,4,5,2,1,1,0,0,0,8,6,2,6,4,2,0,0,0,6,3,3,5,5,0
56576809,12,5,7,2,1,2,1,1,0,0,0,0,0,1,2,0,0,0,0,9,4,5,2,1,1,0,0,0,1,0,1,0,0,0
56577602,52,28,24,2,21,3,7,3,1,0,0,4,1,3,5,0,3,0,3,24,18,6,19,10,9,1,0,1,5,0,5,0,0,0
56577603,12,7,5,0,3,0,2,0,1,0,0,0,3,1,1,0,0,0,0,5,4,1,1,0,1,0,0,0,5,3,2,1,0,1
56577604,16,12,4,2,5,1,1,1,0,1,0,3,2,0,0,0,1,1,0,5,4,1,7,5,2,0,0,0,1,1,0,2,1,1
56577605,13,8,5,2,3,0,2,2,0,0,0,1,0,2,0,0,1,1,0,4,4,0,7,2,5,0,0,0,0,0,0,1,1,0
56577606,34,21,13,2,13,2,6,1,0,0,0,1,2,3,3,0,2,1,1,15,12,3,11,6,5,4,1,3,2,1,1,0,0,0
56577607,26,15,11,3,4,3,5,3,0,1,1,0,3,2,1,0,0,0,0,9,7,2,12,7,5,1,0,1,4,1,3,0,0,0
56577608,234,123,111,13,64,19,25,21,6,4,4,20,14,25,11,3,13,6,7,76,48,28,95,49,46,3,1,2,41,15,26,6,4,2
56579201,27,18,9,1,5,4,2,3,0,1,0,1,3,2,2,0,3,2,1,14,10,4,7,4,3,0,0,0,3,2,1,0,0,0
56579202,22,12,10,1,1,2,3,5,1,0,1,1,0,2,2,0,4,2,2,5,4,1,5,2,3,2,1,1,6,3,3,0,0,0
56579203,18,10,8,3,6,1,0,1,0,0,0,0,4,1,0,0,1,0,1,4,3,1,10,4,6,0,0,0,2,2,0,1,1,0
56579205,35,18,17,3,6,2,5,2,1,0,0,3,4,4,4,1,2,1,1,15,9,6,10,5,5,2,0,2,3,1,2,3,2,1
56579206,174,95,79,10,32,18,18,7,7,3,2,15,22,9,16,3,18,8,10,57,38,19,53,25,28,2,2,0,34,14,20,10,8,2
56580601,141,83,58,15,51,8,9,14,4,3,2,10,9,3,8,4,6,5,1,62,41,21,49,26,23,2,0,2,16,7,9,6,4,2
1980052,0,0,0,0,0,0,0,0,0,0,0,0,0,0,0,0,0,0,0,0,0,0,0,0,0,0,0,0,0,0,0,0,0,0
56581402,12,6,6,3,1,1,2,1,0,0,0,0,3,0,1,0,1,0,1,0,0,0,9,5,4,0,0,0,1,1,0,1,0,1
56581403,58,29,29,7,10,10,4,4,3,1,1,2,5,5,4,0,3,0,3,28,17,11,21,10,11,0,0,0,5,1,4,1,1,0
56581404,14,9,5,3,2,2,3,0,0,1,0,1,0,0,0,1,2,2,0,6,3,3,2,1,1,0,0,0,3,2,1,1,1,0
56581405,17,12,5,2,6,1,4,0,1,1,0,0,2,0,0,0,1,1,0,8,7,1,5,2,3,0,0,0,2,2,0,1,0,1
56581406,35,18,17,2,9,4,4,1,2,0,1,5,2,2,3,0,4,1,3,14,10,4,11,5,6,0,0,0,3,1,2,3,1,2
56581407,11,7,4,1,3,0,2,2,1,1,0,1,0,0,0,0,0,0,0,5,4,1,5,3,2,0,0,0,1,0,1,0,0,0
56581409,21,14,7,1,6,3,1,4,0,0,0,1,3,1,0,0,0,0,0,8,6,2,7,5,2,0,0,0,4,2,2,2,1,1
56581410,65,44,21,1,18,9,5,13,2,0,0,2,6,3,4,2,9,7,2,32,22,10,19,13,6,0,0,0,1,0,1,4,2,2
56581411,15,9,6,1,2,2,3,1,0,0,0,2,2,1,0,0,1,1,0,7,6,1,3,1,2,0,0,0,4,1,3,0,0,0
56581412,36,19,17,5,6,6,2,3,4,0,1,3,1,1,4,0,5,2,3,15,8,7,12,8,4,0,0,0,2,0,2,2,1,1
56581413,24,15,9,2,7,3,3,2,0,1,0,2,0,1,2,0,1,1,0,10,5,5,9,7,2,0,0,0,4,2,2,0,0,0
56581414,58,32,26,11,18,1,2,7,2,0,1,3,3,1,5,2,2,2,0,28,20,8,16,6,10,2,1,1,6,1,5,4,2,2
56581415,7,5,2,0,2,0,0,1,0,1,0,2,1,0,0,0,0,0,0,0,0,0,6,4,2,0,0,0,1,1,0,0,0,0
56581416,38,19,19,1,8,2,2,2,6,1,2,1,4,2,6,0,2,1,1,17,10,7,12,6,6,0,0,0,6,1,5,1,1,0
56581418,19,9,10,5,2,1,2,4,1,0,0,2,0,1,1,0,4,1,3,4,2,2,5,3,2,0,0,0,5,2,3,1,1,0
56581419,43,23,20,2,11,3,2,5,1,2,1,5,2,3,5,0,6,3,3,10,6,4,19,11,8,1,0,1,3,2,1,4,1,3
56581421,20,11,9,4,8,0,1,0,0,0,0,3,2,1,0,1,2,1,1,8,5,3,7,4,3,0,0,0,3,1,2,0,0,0
56581422,40,24,16,5,10,2,5,7,1,0,0,2,1,1,5,0,5,1,4,14,9,5,14,9,5,0,0,0,4,2,2,3,3,0
56581423,197,108,89,11,56,23,21,6,10,3,0,8,18,14,13,4,24,12,12,76,42,34,55,31,24,1,0,1,17,4,13,24,19,5
56581424,139,94,45,3,25,43,11,14,5,2,1,13,9,6,4,1,18,12,6,58,45,13,37,25,12,3,1,2,15,6,9,8,5,3
56581425,358,196,162,18,99,41,27,23,11,5,2,24,33,25,36,4,27,11,16,140,99,41,122,54,68,6,2,4,41,16,25,22,14,8
56581426,10,5,5,1,0,0,2,2,0,0,0,0,2,1,2,0,0,0,0,1,1,0,4,1,3,0,0,0,5,3,2,0,0,0
56583101,291,156,135,13,58,19,37,12,8,13,9,31,20,25,24,3,4,2,2,65,44,21,124,61,63,13,5,8,79,39,40,6,5,1
56583102,150,83,67,2,35,17,14,11,4,6,3,8,11,6,22,3,11,7,4,42,26,16,56,29,27,5,1,4,33,18,15,3,2,1
56584901,39,22,17,2,14,3,5,4,2,1,1,0,1,1,4,0,0,0,0,21,13,8,13,6,7,2,2,0,3,1,2,0,0,0
56584902,42,22,20,7,10,4,4,3,0,2,0,1,5,3,2,0,2,2,0,10,7,3,23,10,13,1,0,1,5,2,3,1,1,0
56584903,18,12,6,2,5,2,1,1,0,2,0,2,2,0,0,0,4,2,2,7,6,1,5,4,1,0,0,0,2,0,2,0,0,0
56584904,33,18,15,3,4,5,3,4,0,0,0,7,3,1,1,0,3,1,2,12,7,5,15,9,6,1,0,1,1,0,1,1,1,0
56584905,20,11,9,2,5,3,4,0,0,0,0,1,0,0,0,0,1,1,0,5,4,1,10,4,6,1,0,1,2,1,1,1,1,0
56584906,26,16,10,2,2,4,3,4,2,3,0,2,2,1,0,0,2,2,0,11,8,3,9,3,6,0,0,0,3,2,1,1,1,0
56584907,55,30,25,2,17,5,3,6,2,1,0,3,4,3,7,1,5,3,2,22,13,9,22,12,10,1,0,1,3,2,1,2,0,2
56584908,17,9,8,0,4,1,4,0,0,1,0,3,1,1,2,0,0,0,0,1,0,1,11,8,3,0,0,0,5,1,4,0,0,0
56584909,129,72,57,6,33,11,12,11,4,0,1,4,16,9,15,1,6,3,3,51,31,20,44,22,22,1,0,1,16,9,7,11,7,4
56584911,61,37,24,0,17,6,11,5,3,0,3,9,4,0,2,0,1,1,0,21,13,8,24,16,8,1,1,0,11,6,5,3,0,3
56584912,47,26,21,4,10,4,2,6,0,0,0,3,5,4,8,1,2,1,1,25,15,10,12,5,7,1,1,0,6,3,3,1,1,0
56584913,327,182,145,22,96,17,26,38,18,4,4,19,33,18,23,3,21,10,11,138,86,52,110,56,54,3,1,2,33,9,24,22,20,2
56585701,245,145,100,6,73,23,30,27,11,2,3,8,11,16,17,3,20,10,10,95,65,30,80,42,38,2,0,2,34,17,17,14,11,3
56586501,28,18,10,4,10,1,0,3,1,1,1,2,3,1,1,0,2,2,0,7,6,1,12,7,5,0,0,0,7,3,4,0,0,0
56586502,118,58,60,7,39,5,9,9,2,2,2,5,9,13,12,1,2,1,1,45,27,18,44,18,26,2,1,1,21,9,12,4,2,2
56587301,81,42,39,7,24,5,4,9,5,2,0,12,2,2,5,1,4,1,3,29,16,13,26,13,13,2,0,2,15,8,7,5,4,1
56588101,205,127,78,11,47,25,27,15,4,6,1,18,17,9,17,3,14,6,8,84,64,20,76,42,34,1,0,1,19,8,11,11,7,4
56589002,127,69,58,10,36,11,15,9,4,2,3,4,12,9,7,0,8,5,3,38,28,10,52,23,29,1,0,1,25,11,14,3,2,1
56589003,137,83,54,7,39,13,18,12,6,2,1,10,9,7,8,1,6,6,0,46,33,13,51,26,25,1,1,0,18,9,9,15,8,7
56590301,143,88,55,9,45,18,11,20,1,1,3,7,10,5,9,3,10,5,5,67,46,21,46,22,24,1,0,1,6,3,3,13,12,1
56591101,44,23,21,5,16,7,1,0,1,0,1,4,4,3,2,0,3,1,2,25,16,9,11,5,6,0,0,0,5,1,4,0,0,0
56591102,99,56,43,4,41,5,21,6,1,2,0,7,3,2,4,1,7,5,2,49,32,17,33,12,21,0,0,0,6,3,3,4,4,0
54248201,36,21,15,5,12,2,2,1,3,1,0,1,3,3,0,0,0,0,0,16,9,7,13,10,3,1,1,0,5,1,4,1,0,1
54248202,71,40,31,1,26,7,9,10,3,1,0,4,4,3,1,1,3,2,1,24,19,5,28,12,16,1,1,0,9,5,4,6,1,5
56593801,134,76,58,13,30,13,24,9,5,5,4,9,11,3,5,0,9,4,5,64,44,20,42,20,22,2,0,2,15,7,8,2,1,1
56594601,246,149,97,4,62,25,21,33,5,5,4,20,20,17,16,4,29,24,5,94,63,31,80,41,39,2,1,1,26,12,14,15,8,7
56595401,202,115,87,7,64,18,20,15,4,3,8,17,15,8,15,4,15,8,7,72,51,21,75,33,42,5,2,3,25,13,12,10,8,2
56596201,233,128,105,9,40,34,25,9,4,8,3,24,28,18,25,0,10,5,5,69,47,22,90,43,47,6,0,6,50,30,20,8,3,5
56596202,124,70,54,3,20,14,18,7,4,0,1,11,19,5,17,1,9,4,5,34,20,14,44,27,17,1,0,1,30,16,14,6,3,3
56596203,431,236,195,10,78,61,44,31,11,3,5,31,44,36,50,8,16,11,5,146,93,53,161,79,82,11,3,8,78,36,42,19,14,5
56599701,132,75,57,13,64,5,8,5,5,0,1,13,7,7,3,0,18,9,9,59,37,22,29,13,16,0,0,0,12,6,6,14,10,4
56599702,23,14,9,3,10,1,0,1,0,0,0,1,3,4,0,0,0,0,0,7,6,1,11,7,4,0,0,0,4,0,4,1,1,0
56599703,29,15,14,1,15,1,3,0,0,0,0,2,2,1,0,0,2,1,1,13,9,4,10,3,7,0,0,0,3,2,1,1,0,1
56599704,23,12,11,1,8,3,3,1,0,0,0,2,2,3,0,0,2,1,1,10,8,2,7,3,4,1,0,1,3,0,3,0,0,0
56600401,188,100,88,20,56,14,16,19,11,1,1,8,15,11,12,0,9,5,4,92,58,34,60,27,33,1,0,1,16,7,9,10,3,7
56600402,45,24,21,6,16,3,4,2,1,0,0,2,4,3,3,0,4,1,3,20,13,7,10,4,6,0,0,0,7,2,5,4,4,0
56601201,134,72,62,5,50,5,18,7,2,0,4,15,13,6,4,2,24,13,11,33,21,12,43,22,21,2,0,2,26,13,13,6,3,3
56602101,193,119,74,30,58,21,18,13,5,1,3,10,9,13,7,1,16,12,4,87,54,33,68,39,29,1,0,1,12,6,6,9,8,1
56602102,22,13,9,2,8,3,1,0,2,0,0,1,1,0,1,1,3,3,0,12,8,4,7,2,5,0,0,0,0,0,0,0,0,0
56602103,69,39,30,13,25,5,7,1,3,1,1,3,1,1,4,0,4,0,4,27,20,7,27,13,14,0,0,0,6,3,3,5,3,2
56602104,36,23,13,8,8,10,3,1,1,1,0,1,1,2,0,0,3,0,3,25,17,8,4,3,1,0,0,0,3,2,1,1,1,0
56602105,42,23,19,6,10,2,1,4,1,0,1,5,4,2,3,0,7,5,2,14,6,8,18,11,7,1,0,1,1,0,1,1,1,0
56602106,80,50,30,11,16,8,9,16,0,1,0,5,4,1,5,0,4,2,2,37,24,13,21,14,7,1,1,0,9,3,6,8,6,2
54254701,205,111,94,7,51,20,24,23,2,4,8,12,29,14,6,2,10,3,7,61,42,19,93,48,45,3,1,2,32,16,16,6,1,5
54689501,43,21,22,5,11,4,2,4,1,0,0,4,4,3,2,2,0,0,0,21,14,7,13,5,8,3,0,3,6,2,4,0,0,0
56606301,145,79,66,5,63,6,15,9,3,5,1,11,14,5,4,0,16,8,8,70,45,25,44,21,23,2,0,2,9,4,5,4,1,3
54257101,507,278,229,33,123,45,57,34,10,13,9,35,62,38,32,4,19,11,8,165,125,40,208,96,112,12,2,10,81,32,49,22,12,10
53058101,130,71,59,6,28,17,16,10,3,1,5,12,10,6,11,2,30,15,15,37,22,15,40,23,17,2,0,2,11,5,6,10,6,4
53058102,17,11,6,2,7,0,0,0,0,0,0,2,1,2,1,1,1,0,1,8,7,1,2,1,1,0,0,0,5,2,3,1,1,0
54262801,510,290,220,13,177,30,53,40,8,14,11,41,37,47,20,3,26,15,11,191,123,68,197,101,96,6,2,4,72,33,39,18,16,2
54262802,68,37,31,1,19,6,10,3,1,1,2,9,6,6,2,0,3,1,2,15,9,6,25,16,9,2,0,2,21,10,11,2,1,1
56612801,80,49,31,9,25,9,3,8,1,1,0,4,8,3,7,1,12,4,8,35,26,9,16,8,8,2,0,2,9,6,3,6,5,1
56612802,18,13,5,2,6,3,0,1,0,0,0,0,2,2,1,0,2,2,0,3,3,0,8,6,2,0,0,0,5,2,3,0,0,0
54686101,651,348,303,21,195,46,80,43,8,22,7,46,72,46,37,5,32,13,19,217,142,75,248,121,127,16,4,12,106,50,56,32,18,14
56615201,205,118,87,22,59,10,10,32,6,5,2,23,9,11,10,2,19,10,9,82,50,32,71,37,34,4,1,3,20,14,6,9,6,3
56615202,69,44,25,10,27,2,5,13,1,0,1,1,2,3,1,0,7,3,4,36,27,9,21,12,9,0,0,0,2,0,2,3,2,1
56618701,179,98,81,14,61,17,14,10,5,2,5,17,11,9,11,0,13,6,7,66,42,24,72,41,31,3,1,2,21,7,14,4,1,3
56618702,26,14,12,3,7,2,3,1,4,0,1,2,1,1,1,0,0,0,0,14,10,4,10,4,6,0,0,0,2,0,2,0,0,0
56618703,43,25,18,4,14,7,8,5,0,0,0,2,2,0,0,0,4,2,2,16,12,4,14,6,8,0,0,0,6,3,3,3,2,1
56618704,46,27,19,0,17,3,4,1,0,2,2,4,1,8,4,0,2,1,1,15,11,4,16,8,8,0,0,0,10,5,5,3,2,1
56619501,28,15,13,4,8,5,2,1,0,0,0,3,2,1,2,0,2,1,1,14,8,6,7,3,4,1,0,1,2,1,1,2,2,0
56619502,156,93,63,12,36,14,13,20,3,3,2,14,15,9,9,1,7,2,5,69,45,24,53,31,22,2,1,1,21,11,10,4,3,1
56621701,171,93,78,20,52,12,12,15,4,2,4,7,20,7,11,0,9,3,6,75,50,25,59,27,32,2,0,2,20,9,11,6,4,2
56621702,28,14,14,3,13,1,2,4,0,0,0,2,0,2,1,0,2,1,1,11,7,4,10,6,4,1,0,1,3,0,3,1,0,1
56621703,109,65,44,1,38,5,9,17,3,2,0,8,11,3,7,2,3,1,2,41,27,14,49,29,20,3,2,1,11,4,7,2,2,0
56623301,182,104,78,5,53,13,22,15,1,8,5,16,18,9,11,0,5,3,2,61,44,17,77,40,37,5,1,4,31,14,17,3,2,1
56623302,97,45,52,3,27,9,11,7,1,2,3,6,7,6,8,2,6,1,5,30,19,11,35,17,18,2,0,2,24,8,16,0,0,0
56624101,119,71,48,14,29,16,9,9,2,2,0,7,10,7,6,1,16,9,7,51,32,19,35,21,14,0,0,0,8,3,5,9,6,3
56624102,44,26,18,3,17,3,5,1,1,1,0,1,4,3,2,2,10,5,5,14,11,3,10,7,3,0,0,0,7,2,5,3,1,2
56624103,63,36,27,6,21,4,2,7,3,1,0,5,7,3,2,0,3,2,1,23,15,8,23,13,10,0,0,0,8,2,6,6,4,2
54642901,65,38,27,5,20,5,1,10,1,0,1,7,8,3,1,1,4,2,2,29,20,9,21,8,13,1,1,0,8,6,2,2,1,1
54601101,22,14,8,0,4,2,6,2,1,0,0,2,2,0,0,0,1,0,1,11,8,3,8,5,3,0,0,0,2,1,1,0,0,0
54601102,105,61,44,5,35,6,12,11,1,4,4,5,9,3,6,2,4,2,2,36,26,10,44,23,21,0,0,0,17,8,9,4,2,2
54601103,70,44,26,4,27,7,2,13,0,0,0,7,2,3,3,0,6,2,4,28,25,3,24,11,13,1,0,1,6,4,2,5,2,3
54601104,211,125,86,13,76,18,26,16,5,4,3,10,16,11,9,2,10,5,5,85,58,27,71,41,30,0,0,0,23,8,15,22,13,9
56628401,212,122,90,13,81,17,20,14,7,1,3,10,15,12,11,2,23,14,9,90,63,27,72,36,36,4,0,4,17,5,12,6,4,2
56628402,11,6,5,1,1,0,1,2,0,0,1,2,0,1,1,0,2,1,1,2,1,1,2,1,1,1,0,1,4,3,1,0,0,0
56628404,33,20,13,0,11,2,1,6,0,1,0,3,5,0,2,0,4,2,2,15,11,4,10,5,5,0,0,0,3,1,2,1,1,0
56628405,24,15,9,7,5,1,2,2,1,0,0,2,0,1,3,0,4,0,4,11,8,3,6,5,1,0,0,0,3,2,1,0,0,0
56628406,20,13,7,3,5,3,2,2,0,0,0,0,3,1,1,0,1,1,0,9,7,2,7,3,4,1,0,1,0,0,0,2,2,0
53055701,55,33,22,4,16,3,5,10,0,0,0,6,2,2,5,1,4,0,4,31,21,10,10,6,4,0,0,0,3,2,1,7,4,3
56630601,26,16,10,1,8,5,3,0,0,0,1,0,2,2,2,0,0,0,0,11,8,3,6,3,3,1,0,1,7,4,3,1,1,0
56630602,10,7,3,2,4,1,0,0,0,0,0,0,0,1,1,1,2,1,1,3,3,0,4,3,1,0,0,0,0,0,0,1,0,1
56630603,22,15,7,1,7,4,2,3,0,0,0,2,2,0,0,1,6,3,3,9,7,2,7,5,2,0,0,0,0,0,0,0,0,0
56630604,208,113,95,9,71,12,20,13,6,3,1,6,27,18,10,1,20,11,9,85,47,38,65,36,29,5,1,4,26,14,12,7,4,3
56630605,11,7,4,3,1,1,0,1,0,0,0,0,2,0,2,0,2,2,0,3,3,0,3,0,3,0,0,0,1,1,0,2,1,1
56630606,15,8,7,3,6,1,0,0,0,0,0,1,1,3,0,0,4,3,1,4,2,2,4,2,2,0,0,0,1,1,0,2,0,2
56631401,869,508,361,47,302,76,78,57,15,10,8,41,70,64,77,9,84,47,37,359,241,118,279,139,140,16,6,10,71,35,36,60,40,20
56631402,64,38,26,12,9,10,7,5,0,2,0,3,4,2,9,0,3,2,1,29,20,9,18,9,9,0,0,0,9,5,4,5,2,3
56631403,34,19,15,6,10,4,5,4,0,0,0,1,1,1,0,1,8,4,4,14,12,2,9,3,6,1,0,1,1,0,1,1,0,1
56631404,87,49,38,9,21,8,5,10,2,1,0,10,10,3,5,0,6,3,3,37,23,14,30,15,15,2,0,2,5,2,3,7,6,1
56632201,668,362,306,50,218,47,70,43,20,25,6,39,60,40,29,4,43,18,25,259,165,94,239,119,120,17,7,10,78,33,45,32,20,12
56634901,39,19,20,1,15,5,3,3,0,0,0,3,3,2,4,0,8,2,6,20,11,9,8,4,4,0,0,0,3,2,1,0,0,0
56634902,25,15,10,6,7,2,2,1,0,1,1,1,2,1,0,0,0,0,0,10,7,3,10,6,4,0,0,0,5,2,3,0,0,0
56634903,34,21,13,5,4,1,2,2,3,4,0,6,4,1,1,0,0,0,0,8,6,2,15,8,7,1,1,0,9,5,4,1,1,0
56634906,20,13,7,1,6,3,2,4,0,1,0,0,0,3,0,0,1,0,1,12,9,3,5,3,2,1,0,1,0,0,0,1,1,0
56634907,23,16,7,0,5,4,3,4,1,0,0,1,0,2,2,0,2,0,2,12,10,2,7,5,2,0,0,0,1,0,1,1,1,0
56634909,262,157,105,18,59,50,40,19,7,2,3,13,20,16,8,1,16,9,7,119,86,33,75,36,39,5,1,4,33,14,19,14,11,3
56634910,26,13,13,4,6,3,2,2,0,0,0,3,0,1,2,0,1,1,0,14,8,6,9,3,6,0,0,0,2,1,1,0,0,0
56634911,15,7,8,0,2,4,4,0,2,0,0,1,0,1,1,0,1,0,1,8,7,1,5,0,5,0,0,0,1,0,1,0,0,0
56635701,57,32,25,3,18,3,4,7,0,3,0,7,5,4,2,1,4,2,2,22,19,3,20,9,11,1,0,1,9,2,7,1,0,1
56635702,22,14,8,4,7,1,2,2,0,1,0,3,0,2,0,0,1,0,1,12,10,2,5,2,3,2,1,1,1,0,1,1,1,0
56635703,57,33,24,5,12,9,4,4,1,0,2,3,5,5,3,1,0,0,0,25,20,5,17,5,12,0,0,0,14,7,7,1,1,0
56635704,138,74,64,12,28,14,18,8,2,4,1,11,8,17,9,1,12,7,5,51,36,15,45,21,24,1,0,1,22,7,15,7,3,4
56635705,77,43,34,19,11,9,9,4,3,3,0,6,4,3,3,0,9,2,7,32,20,12,15,8,7,1,0,1,15,9,6,5,4,1
56635706,25,14,11,1,1,6,2,4,0,1,0,1,5,4,0,0,2,0,2,6,5,1,8,6,2,1,0,1,8,3,5,0,0,0
53059001,244,134,110,21,66,22,26,19,8,1,2,18,35,18,4,1,19,11,8,105,62,43,85,43,42,2,0,2,23,10,13,10,8,2
56638101,117,61,56,13,39,7,7,6,2,1,1,8,6,12,5,1,18,9,9,52,34,18,33,13,20,2,0,2,6,0,6,6,5,1
56638102,30,16,14,5,10,3,2,3,0,1,0,1,2,3,0,0,2,1,1,16,11,5,7,3,4,1,0,1,2,1,1,2,0,2
56640301,100,56,44,5,23,10,11,5,0,5,0,8,13,7,10,0,10,6,4,36,25,11,39,17,22,1,0,1,11,5,6,3,3,0
56640302,37,19,18,4,14,4,3,1,3,0,0,3,0,2,3,0,1,0,1,8,6,2,16,8,8,0,0,0,4,1,3,8,4,4
56640303,152,86,66,14,54,14,13,7,1,0,3,11,12,6,14,0,8,5,3,72,46,26,47,26,21,4,0,4,13,4,9,8,5,3
56641101,64,37,27,24,15,3,3,3,0,1,1,4,4,2,3,0,10,4,6,27,17,10,20,11,9,1,1,0,2,0,2,4,4,0
54687901,211,125,86,12,66,21,14,16,6,3,3,9,22,16,14,4,11,9,2,72,58,14,91,43,48,4,1,3,26,9,17,7,5,2
0874410,0,0,0,0,0,0,0,0,0,0,0,0,0,0,0,0,0,0,0,0,0,0,0,0,0,0,0,0,0,0,0,0,0,0
0874910,0,0,0,0,0,0,0,0,0,0,0,0,0,0,0,0,0,0,0,0,0,0,0,0,0,0,0,0,0,0,0,0,0,0
56597101,64,34,30,4,17,5,8,5,1,2,0,4,4,5,5,0,3,1,2,29,20,9,22,8,14,2,1,1,8,4,4,0,0,0
56597102,52,33,19,9,18,4,7,5,0,1,1,2,1,2,1,0,3,2,1,22,15,7,20,10,10,1,1,0,1,1,0,5,4,1
56597103,13,8,5,1,7,1,0,0,2,0,0,1,0,0,1,0,3,1,2,2,2,0,5,3,2,0,0,0,2,2,0,1,0,1
56597104,1098,581,517,26,309,59,104,80,36,52,20,116,69,101,75,8,94,46,48,292,165,127,380,206,174,29,12,17,258,123,135,45,29,16
56597105,4,2,2,0,2,1,0,0,0,0,0,0,0,0,1,0,0,0,0,1,1,0,2,1,1,0,0,0,1,0,1,0,0,0
56597108,463,248,215,12,174,22,63,29,13,13,2,30,38,20,28,2,39,19,20,152,90,62,180,95,85,14,4,10,53,24,29,25,16,9
56597109,1083,576,507,18,353,50,101,77,25,39,19,104,120,78,59,4,45,22,23,286,182,104,469,224,245,25,12,13,213,105,108,45,31,14
56597110,38,20,18,0,9,1,4,3,2,1,1,4,5,4,3,0,1,1,0,1,1,0,17,11,6,1,0,1,18,7,11,0,0,0
56597111,52,28,24,1,23,5,6,3,2,0,0,3,3,1,2,1,7,3,4,21,14,7,14,6,8,0,0,0,3,1,2,7,4,3
56597112,8,4,4,2,1,0,2,1,1,0,0,1,0,0,0,0,1,0,1,5,2,3,2,2,0,0,0,0,0,0,0,0,0,0
56597113,800,422,378,24,261,50,97,59,29,28,11,53,66,47,43,10,52,20,32,257,164,93,313,158,155,13,2,11,127,55,72,38,23,15
56597114,459,238,221,8,122,29,51,28,6,13,11,40,46,52,32,3,16,9,7,88,55,33,167,83,84,10,2,8,163,77,86,15,12,3
56597115,441,270,171,8,124,36,56,18,31,12,3,55,21,23,19,4,31,17,14,102,65,37,143,86,57,7,3,4,96,51,45,62,48,14
56597116,339,178,161,10,87,20,39,19,9,17,11,31,32,20,34,0,15,7,8,62,40,22,129,65,64,4,1,3,122,60,62,7,5,2
56597118,325,195,130,3,115,19,36,22,10,9,5,25,23,20,17,5,46,28,18,99,69,30,113,61,52,3,0,3,52,30,22,12,7,5
56597119,419,236,183,20,129,27,40,33,15,15,3,40,24,28,27,5,35,23,12,122,79,43,151,82,69,9,3,6,81,34,47,21,15,6
56597121,26,14,12,0,11,1,2,4,1,1,0,0,2,1,1,2,3,3,0,6,3,3,11,6,5,0,0,0,4,1,3,2,1,1
56597122,1894,968,926,38,628,98,210,136,53,56,37,166,159,105,128,13,142,61,81,702,400,302,708,336,372,32,10,22,232,119,113,78,42,36
56597123,18,11,7,0,9,3,1,1,0,0,0,2,0,1,1,0,0,0,0,6,5,1,7,3,4,0,0,0,3,2,1,2,1,1
56597125,12,7,5,0,1,2,2,0,0,1,0,0,2,2,1,0,0,0,0,4,2,2,5,4,1,0,0,0,3,1,2,0,0,0
56597126,739,382,357,18,214,53,71,51,22,29,17,63,75,42,50,6,45,23,22,215,135,80,289,135,154,21,2,19,145,70,75,24,17,7
56597127,113,60,53,6,26,9,14,5,0,3,3,11,12,10,10,0,1,0,1,8,5,3,47,29,18,4,2,2,51,23,28,2,1,1
0878820,0,0,0,0,0,0,0,0,0,0,0,0,0,0,0,0,0,0,0,0,0,0,0,0,0,0,0,0,0,0,0,0,0,0
56643801,66,17,49,1,11,3,0,3,1,0,0,23,18,2,1,1,15,1,14,35,14,21,9,0,9,1,0,1,3,1,2,3,1,2
56643802,41,25,16,5,6,6,1,4,4,1,1,5,6,1,1,0,6,3,3,16,14,2,16,7,9,0,0,0,1,0,1,2,1,1
56643804,8,5,3,0,4,0,0,0,0,0,0,1,1,0,1,1,3,2,1,2,1,1,2,1,1,0,0,0,0,0,0,1,1,0
56643805,19,12,7,2,8,2,1,1,0,0,0,1,0,2,2,0,2,1,1,12,9,3,4,2,2,0,0,0,1,0,1,0,0,0
56643806,36,19,17,4,8,4,1,2,0,0,0,0,7,6,3,0,2,0,2,13,8,5,14,7,7,0,0,0,5,3,2,2,1,1
56643807,459,255,204,39,149,28,47,30,15,4,1,27,44,40,22,6,44,22,22,198,123,75,151,79,72,3,0,3,48,24,24,15,7,8
56643809,10,5,5,2,0,1,2,0,0,0,0,1,3,1,0,0,0,0,0,1,1,0,3,2,1,3,1,2,3,1,2,0,0,0
56645401,197,109,88,16,50,20,21,17,4,1,0,13,17,18,16,1,22,12,10,75,46,29,69,36,33,1,0,1,17,5,12,13,10,3
56645402,13,9,4,0,6,1,1,2,0,0,0,0,2,1,0,0,1,1,0,6,5,1,5,3,2,0,0,0,1,0,1,0,0,0
56645403,109,67,42,18,23,12,9,13,1,4,0,7,7,7,3,3,12,7,5,52,36,16,21,12,9,2,1,1,16,8,8,6,3,3
56645404,90,59,31,15,24,10,12,5,0,0,0,7,0,10,3,2,15,10,5,33,24,9,28,17,11,0,0,0,7,3,4,7,5,2
56650102,24,13,11,5,10,0,1,1,0,0,0,0,4,2,0,0,6,2,4,5,4,1,6,4,2,0,0,0,4,2,2,3,1,2
56650104,165,94,71,23,59,13,3,13,5,0,1,12,14,12,7,1,17,7,10,78,52,26,53,27,26,3,0,3,10,5,5,4,3,1
54263601,41,23,18,0,19,2,5,7,0,0,1,2,3,0,1,0,2,1,1,20,11,9,9,5,4,0,0,0,6,3,3,4,3,1
56651901,27,16,11,9,3,3,5,0,0,0,0,3,2,2,0,0,3,1,2,6,6,0,8,4,4,0,0,0,4,1,3,6,4,2
56651904,313,248,65,9,119,8,16,11,4,4,0,39,77,6,8,5,74,65,9,138,113,25,67,49,18,0,0,0,15,9,6,19,12,7
56651905,40,19,21,8,17,3,2,0,1,0,0,1,3,1,3,0,12,4,8,19,12,7,4,1,3,0,0,0,2,1,1,3,1,2
56651906,23,14,9,4,5,2,0,1,0,0,0,1,4,2,3,0,1,0,1,6,6,0,9,3,6,0,0,0,6,4,2,1,1,0
54258001,230,119,111,3,53,11,23,24,7,11,6,26,29,15,12,0,7,2,5,56,37,19,93,41,52,2,0,2,65,35,30,7,4,3
56652701,137,86,51,21,47,11,7,13,6,0,0,9,10,4,3,1,17,7,10,67,47,20,35,22,13,0,0,0,8,3,5,10,7,3
56652702,26,13,13,3,8,4,2,0,0,1,0,2,4,2,0,0,2,1,1,9,8,1,8,1,7,0,0,0,4,2,2,3,1,2
54255501,56,36,20,1,21,3,6,9,0,0,1,1,7,3,4,0,3,1,2,16,13,3,24,16,8,1,0,1,9,3,6,3,3,0
56653501,203,115,88,13,49,12,21,20,9,2,4,20,17,17,12,1,9,4,5,85,58,27,72,33,39,3,0,3,27,15,12,7,5,2
56655101,87,48,39,9,15,14,9,9,1,1,0,5,7,8,9,0,6,2,4,30,19,11,31,16,15,1,1,0,15,6,9,4,4,0
56655102,96,58,38,14,20,3,16,10,2,1,1,6,12,4,4,1,5,2,3,41,31,10,34,15,19,0,0,0,13,8,5,3,2,1
56655103,96,50,46,11,31,4,6,12,3,0,2,6,7,3,9,0,5,3,2,43,23,20,31,15,16,1,0,1,10,5,5,6,4,2
56655104,90,49,41,13,32,5,5,8,2,1,1,6,6,3,6,1,8,1,7,53,37,16,20,7,13,1,1,0,5,1,4,3,2,1
56655105,86,50,36,10,25,7,10,6,3,3,0,6,5,4,5,1,9,6,3,32,23,9,28,13,15,0,0,0,12,5,7,5,3,2
56655107,436,243,193,32,110,25,32,54,15,13,7,29,39,33,22,4,29,13,16,157,101,56,159,84,75,5,0,5,72,35,37,14,10,4
56655108,186,102,84,6,52,21,20,16,7,4,5,10,11,13,14,0,14,9,5,77,52,25,63,25,38,4,0,4,17,7,10,11,9,2
56656001,20,11,9,2,5,2,2,3,0,0,0,3,1,1,1,0,1,0,1,12,9,3,3,0,3,0,0,0,3,2,1,1,0,1
56656002,57,31,26,4,18,4,6,5,1,0,1,2,7,2,6,0,3,2,1,26,16,10,19,9,10,1,0,1,6,2,4,2,2,0
56656003,92,52,40,9,29,5,6,14,2,0,0,6,6,5,8,0,10,5,5,46,29,17,21,8,13,2,0,2,4,3,1,9,7,2
56656004,108,64,44,14,24,3,11,7,2,1,0,2,3,7,33,0,8,5,3,54,36,18,29,14,15,4,2,2,6,2,4,7,5,2
56657801,68,40,28,8,25,6,5,4,3,3,0,2,7,4,1,0,8,4,4,35,24,11,17,8,9,0,0,0,6,3,3,2,1,1
56657802,107,59,48,15,31,7,8,12,2,5,0,7,7,5,5,0,5,4,1,50,28,22,44,24,20,2,1,1,3,1,2,3,1,2
56658601,44,28,16,2,19,2,2,2,0,1,0,4,5,2,4,1,2,1,1,23,17,6,12,5,7,2,1,1,4,3,1,1,1,0
56658602,57,30,27,4,19,5,5,6,0,2,1,3,10,0,0,0,3,2,1,23,13,10,24,10,14,0,0,0,4,3,1,3,2,1
56658603,39,24,15,3,13,0,5,0,1,1,0,4,3,3,3,0,2,1,1,16,10,6,16,9,7,0,0,0,5,4,1,0,0,0
56660801,68,36,32,20,16,3,2,1,1,0,1,5,5,8,4,2,12,3,9,26,17,9,19,12,7,1,0,1,8,3,5,2,1,1
1232770,0,0,0,0,0,0,0,0,0,0,0,0,0,0,0,0,0,0,0,0,0,0,0,0,0,0,0,0,0,0,0,0,0,0
3113590,0,0,0,0,0,0,0,0,0,0,0,0,0,0,0,0,0,0,0,0,0,0,0,0,0,0,0,0,0,0,0,0,0,0
56661601,169,93,76,8,63,15,15,7,7,1,1,8,8,17,14,1,17,8,9,77,51,26,49,22,27,3,1,2,17,6,11,6,5,1
56661603,23,15,8,3,7,3,1,2,3,0,0,1,2,0,0,1,2,1,1,13,9,4,4,4,0,0,0,0,2,0,2,2,1,1
56661605,44,27,17,5,17,3,3,4,1,1,1,2,3,4,0,0,5,4,1,24,15,9,11,6,5,1,1,0,3,1,2,0,0,0
56661606,21,13,8,4,5,4,2,1,0,0,0,3,0,1,0,0,3,1,2,8,5,3,6,5,1,0,0,0,2,0,2,2,2,0
56661607,11,5,6,1,4,0,1,0,0,0,0,4,1,0,0,0,3,1,2,4,2,2,2,1,1,0,0,0,0,0,0,2,1,1
56661610,198,106,92,5,74,25,8,4,5,0,0,13,17,26,13,0,12,4,8,74,46,28,62,30,32,4,1,3,39,22,17,7,3,4
56661611,53,28,25,2,18,2,6,4,2,1,0,5,5,1,2,4,16,7,9,22,11,11,10,7,3,0,0,0,1,0,1,4,3,1
56661613,16,9,7,5,6,0,0,0,0,0,1,1,1,1,1,0,0,0,0,6,5,1,9,4,5,1,0,1,0,0,0,0,0,0
56661614,31,19,12,1,10,3,6,2,1,0,0,0,3,3,1,0,5,2,3,14,11,3,6,3,3,0,0,0,3,1,2,3,2,1
56661615,33,23,10,1,12,2,4,2,1,0,0,1,4,1,0,3,8,5,3,19,14,5,4,3,1,0,0,0,0,0,0,2,1,1
56661616,665,370,295,20,219,40,65,42,22,10,7,48,60,44,72,4,58,31,27,251,154,97,227,113,114,13,6,7,75,32,43,41,34,7
56661617,1089,567,522,28,423,66,106,48,29,10,6,75,83,77,103,8,139,61,78,445,252,193,335,172,163,16,3,13,100,47,53,54,32,22
56661619,204,110,94,7,56,13,17,13,3,3,6,12,20,19,27,0,16,3,13,63,49,14,70,28,42,3,2,1,41,20,21,11,8,3
56661621,46,26,20,0,11,5,1,0,1,3,2,2,15,3,3,0,1,0,1,5,3,2,25,15,10,1,1,0,13,7,6,1,0,1
56661622,21,13,8,3,8,0,2,1,0,0,0,0,3,2,2,0,2,1,1,8,5,3,9,5,4,0,0,0,1,1,0,1,1,0
56661623,228,122,106,12,64,9,17,7,7,2,2,22,20,26,31,2,18,9,9,72,46,26,79,35,44,4,1,3,38,19,19,17,12,5
56661624,156,81,75,6,52,7,14,6,8,2,3,9,13,27,5,0,13,6,7,37,20,17,71,38,33,2,0,2,32,16,16,1,1,0
56662401,57,31,26,2,24,2,8,4,1,0,0,3,8,1,1,1,11,6,5,21,11,10,17,9,8,1,1,0,2,1,1,5,3,2
56662402,54,26,28,5,22,4,4,4,0,1,0,6,0,4,2,0,3,0,3,28,16,12,14,4,10,0,0,0,7,5,2,2,1,1
56662403,10,8,2,1,3,1,1,1,0,0,0,0,0,2,0,0,1,1,0,5,5,0,1,0,1,0,0,0,2,1,1,1,1,0
56662404,17,11,6,1,7,1,0,2,1,1,0,1,1,1,1,0,2,1,1,6,4,2,5,4,1,0,0,0,3,2,1,1,0,1
56662405,39,24,15,5,10,3,5,1,0,2,0,6,4,2,1,0,5,3,2,11,7,4,17,11,6,0,0,0,3,1,2,3,2,1
56662407,29,16,13,2,15,2,3,1,1,0,0,2,1,1,1,0,2,0,2,15,12,3,10,2,8,0,0,0,2,2,0,0,0,0
56662408,65,38,27,5,30,1,4,8,0,1,0,7,2,2,3,0,7,5,2,30,19,11,21,10,11,1,0,1,3,2,1,3,2,1
56662409,21,13,8,1,9,1,4,1,0,1,0,0,1,1,1,0,1,1,0,8,6,2,10,5,5,0,0,0,2,1,1,0,0,0
56662410,43,26,17,4,20,2,4,6,0,0,0,3,1,1,1,0,3,3,0,30,20,10,7,2,5,1,0,1,0,0,0,2,1,1
56662411,73,42,31,10,34,6,4,5,0,1,0,1,4,1,5,0,3,1,2,35,22,13,25,13,12,0,0,0,8,4,4,2,2,0
56662412,24,14,10,5,9,0,2,1,0,1,0,1,2,2,0,0,7,3,4,11,7,4,4,3,1,0,0,0,2,1,1,0,0,0
56662413,58,35,23,14,19,2,1,8,1,1,1,3,2,3,2,0,1,1,0,32,24,8,22,9,13,0,0,0,2,0,2,1,1,0
56662414,29,15,14,2,10,2,3,1,1,1,0,6,2,1,0,0,2,1,1,16,12,4,8,1,7,1,0,1,1,0,1,1,1,0
56662415,28,17,11,3,10,1,3,4,1,1,0,2,1,0,0,0,3,2,1,11,8,3,5,2,3,0,0,0,2,1,1,7,4,3
56662417,109,63,46,2,34,9,17,4,2,2,1,7,7,7,12,1,10,5,5,37,29,8,33,16,17,3,1,2,22,10,12,4,2,2
56662418,732,413,319,33,314,52,60,52,20,10,3,59,36,43,29,7,98,53,45,313,195,118,209,91,118,6,2,4,34,16,18,72,56,16
56662420,227,126,101,7,82,14,24,14,7,4,3,20,15,18,14,1,21,10,11,85,57,28,80,42,38,3,0,3,27,9,18,11,8,3
56662422,192,106,86,7,71,13,21,14,6,1,2,17,12,5,8,8,42,19,23,73,47,26,47,24,23,4,2,2,13,6,7,13,8,5
56662424,234,126,108,10,105,18,23,18,1,1,3,13,9,16,9,0,29,14,15,99,62,37,70,30,40,3,0,3,24,14,10,9,6,3
56665902,103,53,50,4,20,20,10,3,3,4,2,4,12,10,7,1,4,1,3,36,25,11,37,16,21,1,0,1,22,9,13,3,2,1
56666701,20,12,8,6,2,3,0,1,1,0,1,1,0,4,1,0,0,0,0,10,7,3,8,3,5,0,0,0,2,2,0,0,0,0
56666703,213,113,100,33,55,10,12,16,8,15,6,14,13,13,8,0,15,5,10,86,47,39,70,32,38,1,1,0,31,19,12,10,9,1
56666704,20,13,7,3,3,0,1,2,1,0,0,1,1,3,4,0,0,0,0,7,5,2,8,5,3,0,0,0,3,1,2,2,2,0
56671301,14,7,7,0,10,1,0,1,0,0,0,0,1,0,0,1,7,3,4,1,1,0,4,1,3,0,0,0,2,2,0,0,0,0
56671302,277,156,121,18,70,30,33,23,6,7,5,12,28,12,25,1,17,10,7,89,62,27,112,58,54,8,1,7,42,18,24,9,7,2
56672101,201,113,88,15,50,20,23,16,2,7,3,10,19,10,21,2,10,5,5,80,55,25,77,43,34,2,0,2,27,7,20,5,3,2
56672102,9,5,4,2,4,0,1,1,0,0,0,0,0,1,0,0,1,0,1,4,2,2,0,0,0,0,0,0,2,1,1,2,2,0
1536212,0,0,0,0,0,0,0,0,0,0,0,0,0,0,0,0,0,0,0,0,0,0,0,0,0,0,0,0,0,0,0,0,0,0
54312801,421,239,182,27,151,23,36,19,8,6,6,35,40,28,25,3,24,12,12,153,96,57,166,90,76,6,1,5,55,25,30,17,15,2
54312802,32,19,13,4,15,1,1,3,0,0,0,1,3,1,1,0,1,0,1,11,6,5,14,8,6,0,0,0,4,3,1,2,2,0
54312803,78,47,31,6,23,5,14,11,4,2,1,4,1,1,5,0,8,5,3,44,24,20,19,11,8,0,0,0,4,4,0,3,3,0
56682901,36,21,15,0,14,2,6,3,2,2,0,3,2,0,1,1,3,1,2,17,11,6,13,8,5,0,0,0,2,0,2,1,1,0
56682902,24,16,8,5,4,3,4,1,1,1,0,1,1,2,1,0,1,0,1,9,8,1,10,8,2,1,0,1,2,0,2,1,0,1
56682903,61,44,17,3,17,4,7,9,1,1,0,4,4,3,4,2,5,3,2,28,22,6,24,15,9,0,0,0,2,2,0,2,2,0
56685301,12,7,5,0,5,1,2,0,0,0,0,2,1,0,1,0,0,0,0,6,4,2,6,3,3,0,0,0,0,0,0,0,0,0
56685302,23,14,9,2,7,1,1,4,0,0,0,2,1,1,4,0,2,1,1,8,6,2,6,3,3,0,0,0,5,2,3,2,2,0
56685304,52,31,21,3,17,5,3,4,0,0,1,3,6,5,5,0,6,3,3,16,12,4,17,10,7,5,1,4,6,3,3,2,2,0
56685305,237,129,108,25,73,20,15,16,3,2,4,8,17,17,30,0,44,28,16,100,65,35,69,26,43,3,2,1,18,5,13,3,3,0
54617801,40,23,17,2,9,2,4,1,1,2,1,5,4,1,6,0,4,2,2,15,10,5,15,7,8,1,0,1,3,2,1,2,2,0
3376760,0,0,0,0,0,0,0,0,0,0,0,0,0,0,0,0,0,0,0,0,0,0,0,0,0,0,0,0,0,0,0,0,0,0
56687001,10,6,4,0,5,0,1,2,0,0,0,0,0,1,1,0,0,0,0,5,3,2,4,3,1,0,0,0,1,0,1,0,0,0
56687002,29,16,13,0,14,1,3,0,1,1,0,7,0,0,1,0,2,0,2,16,12,4,6,2,4,1,0,1,3,1,2,1,1,0
56687003,109,62,47,16,51,4,11,3,2,1,1,11,3,1,2,1,17,10,7,57,37,20,18,7,11,0,0,0,4,1,3,13,7,6
56687004,21,13,8,1,15,1,1,0,0,0,0,1,1,0,0,0,2,1,1,9,8,1,4,1,3,0,0,0,3,1,2,3,2,1
56689601,194,108,86,13,65,26,20,15,2,2,1,13,15,11,4,2,21,8,13,79,53,26,58,33,25,0,0,0,18,1,17,18,13,5
56691801,40,24,16,2,15,3,1,2,0,1,0,4,6,2,0,1,3,2,1,16,13,3,11,5,6,1,0,1,8,3,5,1,1,0
56691802,71,39,32,10,18,6,5,2,1,3,1,8,3,9,5,0,6,2,4,36,26,10,19,7,12,0,0,0,6,2,4,4,2,2
56692601,97,55,42,6,24,7,10,16,1,3,0,9,8,3,3,5,3,2,1,37,24,13,43,20,23,1,1,0,9,6,3,4,2,2
56693401,15,8,7,1,3,1,1,1,1,0,1,0,0,3,1,1,2,1,1,8,5,3,4,1,3,0,0,0,0,0,0,1,1,0
56693402,28,17,11,6,10,0,3,3,0,0,0,1,3,0,1,1,4,1,3,17,12,5,5,2,3,0,0,0,0,0,0,2,2,0
56693404,13,8,5,4,2,1,0,1,0,0,0,1,2,0,0,0,1,0,1,1,1,0,7,4,3,0,0,0,3,2,1,1,1,0
56693405,11,8,3,3,4,1,1,1,0,0,0,1,0,0,0,0,0,0,0,7,4,3,1,1,0,0,0,0,0,0,0,3,3,0
56693407,43,23,20,4,16,4,2,2,2,0,0,4,0,3,2,1,5,2,3,21,13,8,6,3,3,0,0,0,4,2,2,7,3,4
56693408,722,395,327,44,277,64,60,36,10,7,5,31,60,36,65,7,69,34,35,326,205,121,231,113,118,4,0,4,61,23,38,31,20,11
54688701,121,63,58,2,37,12,5,17,3,3,2,10,17,4,4,1,7,3,4,44,28,16,49,24,25,0,0,0,12,3,9,9,5,4
1711310,0,0,0,0,0,0,0,0,0,0,0,0,0,0,0,0,0,0,0,0,0,0,0,0,0,0,0,0,0,0,0,0,0,0
56695101,46,29,17,1,21,5,5,1,0,0,0,5,4,1,1,0,6,4,2,17,13,4,22,11,11,0,0,0,1,1,0,0,0,0
56695102,21,11,10,1,7,0,1,4,0,2,1,2,1,0,1,0,4,2,2,9,7,2,6,0,6,0,0,0,1,1,0,1,1,0
56695103,172,100,72,8,65,9,24,11,7,4,5,13,11,7,4,1,14,7,7,87,56,31,48,22,26,1,0,1,12,7,5,10,8,2
53060301,16,8,8,0,3,0,2,2,0,0,0,6,2,0,1,0,1,0,1,6,5,1,4,2,2,0,0,0,2,0,2,3,1,2
53060302,16,9,7,4,4,0,2,1,1,0,0,1,1,1,0,0,1,0,1,4,2,2,4,3,1,0,0,0,2,0,2,5,4,1
53060303,22,13,9,6,8,1,1,1,0,0,0,3,0,0,0,0,3,3,0,14,6,8,4,3,1,0,0,0,0,0,0,1,1,0
56697701,58,28,30,6,19,6,6,2,2,1,0,7,0,3,3,0,5,1,4,25,17,8,22,8,14,1,0,1,5,2,3,0,0,0
56697702,45,29,16,2,10,1,5,8,2,2,0,2,10,2,1,0,2,1,1,11,9,2,25,14,11,0,0,0,6,4,2,1,1,0
56697703,18,8,10,1,3,1,0,1,0,0,0,0,2,3,3,0,3,1,2,6,3,3,5,4,1,0,0,0,4,0,4,0,0,0
56697705,79,47,32,6,21,5,10,15,1,0,2,4,5,1,8,0,3,1,2,37,28,9,28,13,15,2,1,1,8,3,5,1,1,0
1949300,0,0,0,0,0,0,0,0,0,0,0,0,0,0,0,0,0,0,0,0,0,0,0,0,0,0,0,0,0,0,0,0,0,0
3369980,0,0,0,0,0,0,0,0,0,0,0,0,0,0,0,0,0,0,0,0,0,0,0,0,0,0,0,0,0,0,0,0,0,0
56698501,48,24,24,1,7,5,7,6,2,0,1,6,2,6,4,0,1,1,0,11,8,3,19,10,9,0,0,0,15,4,11,2,1,1
56698502,149,84,65,11,48,24,19,12,5,0,0,6,9,3,9,1,8,5,3,79,52,27,52,23,29,3,2,1,7,2,5,0,0,0
56698503,12,7,5,1,6,1,0,2,1,0,0,1,0,0,0,0,0,0,0,6,3,3,5,4,1,0,0,0,1,0,1,0,0,0
56698504,45,26,19,2,20,2,2,9,1,0,0,0,3,1,2,3,5,4,1,20,13,7,14,7,7,0,0,0,3,1,2,3,1,2
56698505,73,40,33,10,16,6,9,4,5,0,1,6,5,4,4,1,10,4,6,18,12,6,32,21,11,2,0,2,11,3,8,0,0,0
56698506,45,24,21,1,17,7,4,1,0,0,0,6,5,1,3,0,2,1,1,21,14,7,14,6,8,3,2,1,5,1,4,0,0,0
56698507,12,7,5,0,6,0,1,0,0,1,1,2,0,0,1,0,1,0,1,4,3,1,5,3,2,0,0,0,2,1,1,0,0,0
56698508,88,47,41,7,13,7,10,7,1,4,3,7,9,6,8,2,5,1,4,22,16,6,33,17,16,0,0,0,25,12,13,3,1,2
56698511,1573,813,760,78,431,102,160,82,31,34,25,113,175,135,143,7,98,44,54,366,235,131,651,308,343,33,13,20,366,175,191,59,38,21
56698512,608,319,289,19,238,34,60,30,7,4,7,49,53,43,47,5,77,44,33,218,128,90,169,80,89,19,3,16,84,38,46,41,26,15
56698513,279,148,131,10,86,24,24,22,13,5,3,16,17,18,28,1,29,12,17,87,48,39,97,51,46,5,2,3,45,24,21,16,11,5
56698514,16,9,7,2,2,0,8,0,0,1,0,1,0,1,0,0,1,1,0,2,1,1,8,4,4,0,0,0,4,2,2,1,1,0
56698515,1030,569,461,40,352,65,105,56,39,18,14,94,67,56,69,13,116,53,63,276,169,107,338,178,160,25,11,14,191,96,95,84,62,22
56698516,869,440,429,27,291,61,83,60,28,12,10,70,79,53,62,8,84,39,45,261,150,111,309,144,165,20,4,16,138,68,70,57,35,22
56698517,19,11,8,2,7,0,4,1,0,0,0,0,2,1,0,2,2,0,2,4,3,1,8,4,4,0,0,0,3,2,1,2,2,0
56698519,23,15,8,3,8,1,3,3,0,1,0,1,0,0,2,0,2,1,1,8,5,3,12,9,3,0,0,0,1,0,1,0,0,0
56698520,1036,567,469,37,397,57,96,63,30,13,7,59,104,71,67,7,97,55,42,339,206,133,373,184,189,23,4,19,142,78,64,62,40,22
56698521,12,8,4,0,1,1,4,2,0,0,0,1,2,1,0,0,1,1,0,2,2,0,6,3,3,0,0,0,2,1,1,1,1,0
56698522,226,118,108,15,61,14,25,16,6,2,3,17,21,17,15,6,22,11,11,70,41,29,75,38,37,6,3,3,44,20,24,9,5,4
56698524,44,26,18,2,13,8,3,3,0,2,1,0,3,3,4,1,2,1,1,14,11,3,17,12,5,0,0,0,11,2,9,0,0,0
56698525,942,517,425,32,295,59,80,59,23,15,12,79,105,62,89,6,80,40,40,286,173,113,373,184,189,9,0,9,153,87,66,41,33,8
56698526,89,49,40,8,20,9,10,4,2,1,7,6,12,3,5,0,2,1,1,18,10,8,42,23,19,0,0,0,25,13,12,2,2,0
56698527,1227,643,584,33,420,80,86,81,37,19,18,74,150,90,100,6,100,40,60,405,242,163,433,223,210,32,9,23,185,83,102,72,46,26
56698528,27,14,13,2,7,1,3,6,0,0,1,2,0,2,2,0,3,1,2,6,5,1,12,6,6,1,0,1,4,2,2,1,0,1
56698529,127,67,60,4,28,6,15,3,7,1,3,13,22,8,13,1,9,4,5,32,21,11,48,26,22,4,1,3,31,12,19,3,3,0
56698530,21,12,9,1,2,3,5,0,1,0,1,5,1,1,0,0,2,2,0,2,2,0,8,2,6,0,0,0,9,6,3,0,0,0
56698531,165,95,70,9,50,13,17,11,9,1,4,9,16,5,13,0,10,4,6,59,30,29,45,31,14,2,2,0,26,14,12,23,14,9
53056501,48,27,21,13,15,3,2,3,1,0,0,1,1,2,4,0,3,2,1,24,18,6,12,4,8,2,0,2,5,2,3,2,1,1
54301201,88,54,34,10,20,7,4,7,7,1,2,9,4,7,4,2,6,4,2,40,29,11,32,16,16,0,0,0,9,4,5,1,1,0
56701902,46,27,19,2,15,7,1,5,0,3,1,3,5,3,1,0,5,3,2,21,14,7,9,5,4,1,1,0,8,2,6,2,2,0
56701903,38,19,19,1,16,4,3,5,0,0,1,3,2,1,0,0,8,3,5,19,12,7,10,3,7,0,0,0,0,0,0,1,1,0
56701904,101,59,42,9,36,7,11,12,2,2,1,5,7,4,3,0,8,5,3,48,28,20,37,23,14,1,0,1,3,1,2,4,2,2
1968010,0,0,0,0,0,0,0,0,0,0,0,0,0,0,0,0,0,0,0,0,0,0,0,0,0,0,0,0,0,0,0,0,0,0
1968190,0,0,0,0,0,0,0,0,0,0,0,0,0,0,0,0,0,0,0,0,0,0,0,0,0,0,0,0,0,0,0,0,0,0
1968270,0,0,0,0,0,0,0,0,0,0,0,0,0,0,0,0,0,0,0,0,0,0,0,0,0,0,0,0,0,0,0,0,0,0
56704301,624,333,291,11,262,35,71,49,18,6,1,56,38,29,24,8,118,66,52,262,152,110,161,72,89,6,2,4,45,13,32,32,28,4
56704302,16,8,8,2,7,1,0,0,0,0,0,1,0,2,1,0,1,0,1,3,2,1,4,2,2,1,0,1,7,4,3,0,0,0
56704303,14,7,7,0,4,3,0,3,0,0,0,3,0,1,0,0,1,1,0,4,3,1,7,3,4,0,0,0,2,0,2,0,0,0
56705101,14,7,7,2,3,1,2,0,0,0,1,1,0,1,1,0,1,1,0,6,3,3,6,3,3,0,0,0,1,0,1,0,0,0
56705102,386,354,32,3,250,6,7,20,1,0,0,18,64,6,5,3,156,155,1,139,130,9,78,63,15,2,0,2,8,4,4,3,2,1
56705103,26,13,13,1,10,0,2,3,0,0,0,5,3,0,2,0,2,0,2,10,7,3,10,4,6,0,0,0,3,1,2,1,1,0
56706001,580,328,252,9,223,43,67,38,16,7,10,48,38,32,31,2,67,39,28,262,171,91,170,85,85,8,1,7,41,13,28,32,19,13
56706002,16,10,6,2,9,1,1,0,0,0,0,1,1,1,0,0,1,0,1,5,3,2,6,5,1,0,0,0,4,2,2,0,0,0
56707801,137,75,62,6,39,8,9,8,6,1,3,9,7,7,20,4,8,3,5,57,37,20,45,23,22,3,0,3,20,9,11,4,3,1
56710801,48,29,19,5,13,3,7,2,4,1,0,4,3,3,1,0,0,0,0,17,13,4,18,8,10,2,2,0,8,4,4,3,2,1
3237810,0,0,0,0,0,0,0,0,0,0,0,0,0,0,0,0,0,0,0,0,0,0,0,0,0,0,0,0,0,0,0,0,0,0
56714101,239,133,106,13,84,15,26,18,8,3,2,10,16,13,18,4,16,10,6,94,66,28,82,35,47,4,2,2,23,6,17,20,14,6
56714102,33,18,15,5,15,1,4,0,1,1,0,1,2,1,2,0,2,2,0,21,10,11,6,3,3,0,0,0,2,1,1,2,2,0
56714103,59,33,26,6,11,3,15,5,1,2,0,7,1,4,2,0,7,3,4,14,10,4,24,13,11,0,0,0,12,5,7,2,2,0
1984800,0,0,0,0,0,0,0,0,0,0,0,0,0,0,0,0,0,0,0,0,0,0,0,0,0,0,0,0,0,0,0,0,0,0
56716701,188,110,78,11,45,17,14,19,11,0,3,14,11,18,17,0,15,6,9,75,55,20,59,33,26,5,0,5,23,8,15,11,8,3
56716703,11,8,3,2,1,0,2,1,0,1,0,0,0,1,3,0,0,0,0,4,4,0,3,1,2,0,0,0,4,3,1,0,0,0
0000940,0,0,0,0,0,0,0,0,0,0,0,0,0,0,0,0,0,0,0,0,0,0,0,0,0,0,0,0,0,0,0,0,0,0
0001080,0,0,0,0,0,0,0,0,0,0,0,0,0,0,0,0,0,0,0,0,0,0,0,0,0,0,0,0,0,0,0,0,0,0
0292540,0,0,0,0,0,0,0,0,0,0,0,0,0,0,0,0,0,0,0,0,0,0,0,0,0,0,0,0,0,0,0,0,0,0
56717502,112,60,52,2,34,10,16,11,9,1,0,3,11,4,5,3,14,6,8,51,33,18,31,14,17,1,0,1,10,3,7,5,4,1
56717503,868,480,388,10,310,95,76,58,28,11,7,73,43,46,65,16,87,53,34,358,233,125,282,132,150,6,0,6,90,33,57,45,29,16
56717504,31,13,18,2,18,2,1,0,2,0,0,2,1,1,2,0,3,0,3,13,8,5,10,4,6,3,0,3,1,0,1,1,1,0
56719101,18,11,7,0,7,1,4,0,2,0,0,0,1,0,1,2,0,0,0,7,5,2,9,4,5,0,0,0,0,0,0,2,2,0
56719102,27,12,15,2,5,3,2,2,1,1,1,5,1,2,1,0,1,0,1,2,1,1,12,6,6,1,0,1,11,5,6,0,0,0
56719103,21,12,9,2,8,2,0,1,1,0,0,2,2,2,1,0,1,1,0,9,5,4,7,4,3,1,0,1,2,1,1,1,1,0
56719104,32,18,14,4,10,3,2,0,5,0,0,3,0,1,0,0,1,1,0,7,5,2,15,8,7,0,0,0,8,3,5,1,1,0
56722101,105,55,50,4,35,12,6,5,3,2,4,8,7,5,10,0,2,1,1,32,24,8,42,14,28,3,1,2,26,15,11,0,0,0
56722102,23,16,7,2,6,3,2,1,0,0,1,0,4,0,1,1,5,4,1,9,7,2,6,4,2,1,0,1,1,0,1,1,1,0
56724801,21,12,9,2,8,1,5,0,0,0,0,0,4,0,1,0,1,0,1,10,9,1,6,2,4,0,0,0,1,0,1,3,1,2
56724802,70,36,34,0,19,3,12,5,3,3,0,4,8,8,3,0,2,0,2,24,13,11,26,16,10,2,0,2,13,5,8,3,2,1
56724803,23,17,6,0,14,2,1,0,0,0,1,1,2,0,1,0,1,1,0,11,8,3,5,3,2,0,0,0,2,1,1,4,4,0
0861420,0,0,0,0,0,0,0,0,0,0,0,0,0,0,0,0,0,0,0,0,0,0,0,0,0,0,0,0,0,0,0,0,0,0
0861930,0,0,0,0,0,0,0,0,0,0,0,0,0,0,0,0,0,0,0,0,0,0,0,0,0,0,0,0,0,0,0,0,0,0
3367340,0,0,0,0,0,0,0,0,0,0,0,0,0,0,0,0,0,0,0,0,0,0,0,0,0,0,0,0,0,0,0,0,0,0
3367420,0,0,0,0,0,0,0,0,0,0,0,0,0,0,0,0,0,0,0,0,0,0,0,0,0,0,0,0,0,0,0,0,0,0
56725601,745,395,350,4,284,56,60,40,21,19,7,49,37,65,65,13,71,35,36,297,186,111,264,127,137,6,1,5,80,29,51,27,17,10
56725602,115,68,47,1,44,13,15,5,5,1,2,6,3,8,10,0,10,7,3,44,31,13,30,16,14,3,1,2,28,13,15,0,0,0
56725603,872,493,379,13,269,80,97,64,22,14,3,133,32,32,66,31,242,145,97,335,193,142,158,74,84,12,3,9,29,13,16,96,65,31
56725604,189,110,79,3,75,13,17,9,3,0,3,8,13,14,24,1,12,5,7,68,51,17,73,35,38,4,0,4,26,13,13,6,6,0
56725606,56,34,22,5,10,2,9,4,3,0,0,8,4,1,6,0,4,4,0,17,11,6,18,9,9,2,0,2,10,6,4,5,4,1
56725607,25,17,8,0,9,2,0,4,1,0,0,4,1,2,1,0,1,1,0,8,6,2,11,7,4,0,0,0,4,3,1,1,0,1
56725608,14,8,6,1,6,1,0,1,0,0,0,3,1,0,0,0,0,0,0,7,4,3,5,3,2,0,0,0,1,1,0,1,0,1
56725609,690,370,320,4,215,58,74,40,27,14,8,64,38,63,46,5,32,13,19,206,138,68,287,148,139,8,3,5,137,54,83,20,14,6
56725610,43,29,14,1,16,5,5,1,1,0,1,6,1,0,0,1,9,6,3,17,13,4,9,6,3,1,0,1,1,0,1,6,4,2
56725611,26,16,10,1,8,3,2,1,2,0,0,3,0,1,5,0,4,2,2,9,6,3,9,5,4,1,0,1,2,2,0,1,1,0
56725612,13,6,7,0,4,1,0,0,0,1,0,4,1,2,0,0,1,1,0,3,3,0,2,0,2,0,0,0,7,2,5,0,0,0
56725615,15,8,7,0,3,4,1,2,0,0,0,2,1,0,1,0,0,0,0,10,7,3,4,1,3,0,0,0,1,0,1,0,0,0
56725616,14,7,7,0,2,1,0,2,1,1,0,3,1,1,0,1,0,0,0,4,3,1,8,3,5,0,0,0,2,1,1,0,0,0
56725617,1016,543,473,11,335,86,94,49,35,23,12,88,56,79,88,6,60,34,26,298,192,106,413,210,203,18,4,14,199,86,113,28,17,11
56725618,1000,565,435,15,359,73,113,54,42,23,7,101,39,47,65,16,127,65,62,346,224,122,311,149,162,12,3,9,105,52,53,99,72,27
56725619,37,19,18,0,11,0,5,2,3,1,1,1,3,6,2,0,2,2,0,7,5,2,14,6,8,1,0,1,9,4,5,4,2,2
56725620,25,17,8,0,8,2,4,1,1,1,0,3,3,1,0,0,1,1,0,9,7,2,6,5,1,0,0,0,8,4,4,1,0,1
56725621,321,169,152,2,109,23,31,14,13,4,4,24,20,36,19,8,28,20,8,115,66,49,105,53,52,5,3,2,54,20,34,14,7,7
56725622,259,135,124,3,89,21,26,14,10,6,2,25,16,11,23,3,26,16,10,94,62,32,96,41,55,6,1,5,23,7,16,14,8,6
56725623,1197,620,577,11,418,79,120,72,32,28,9,101,72,64,131,17,118,63,55,481,271,210,394,198,196,23,5,18,145,61,84,36,22,14
56725624,17,10,7,0,5,2,4,2,1,1,0,0,1,1,0,0,3,2,1,6,3,3,5,2,3,0,0,0,2,2,0,1,1,0
56725625,23,14,9,0,9,0,0,2,0,1,0,1,4,1,2,1,2,1,1,2,2,0,9,6,3,0,0,0,4,0,4,6,5,1
56725626,916,491,425,7,278,66,74,46,34,32,17,77,58,86,78,9,50,31,19,228,148,80,365,187,178,25,8,17,218,98,120,30,19,11
56725627,746,385,361,5,257,55,69,47,25,15,4,70,40,51,73,6,66,29,37,270,159,111,276,145,131,14,1,13,102,39,63,18,12,6
56725628,1248,695,553,5,474,81,128,88,40,18,10,106,75,71,78,22,109,52,57,516,323,193,411,218,193,25,5,20,127,59,68,60,38,22
56726401,884,490,394,10,298,81,82,54,19,11,11,78,71,51,71,10,101,61,40,345,220,125,275,124,151,11,2,9,102,45,57,50,38,12
56726402,435,220,215,2,144,31,44,16,7,13,9,44,29,35,45,1,15,3,12,124,81,43,174,82,92,7,1,6,111,51,60,4,2,2
56726403,451,253,198,11,155,42,30,26,19,12,5,38,25,22,43,8,44,22,22,175,104,71,155,91,64,11,3,8,49,19,30,17,14,3
56727201,338,184,154,5,125,24,27,34,11,3,4,27,26,14,23,6,29,13,16,142,90,52,120,63,57,7,1,6,30,10,20,10,7,3
56728101,244,131,113,4,69,17,39,19,4,7,2,20,19,17,16,3,14,7,7,84,54,30,89,42,47,3,0,3,44,21,23,10,7,3
56728102,64,36,28,12,19,3,11,1,0,2,1,4,1,3,4,0,1,0,1,16,9,7,32,18,14,2,1,1,7,4,3,6,4,2
0165350,0,0,0,0,0,0,0,0,0,0,0,0,0,0,0,0,0,0,0,0,0,0,0,0,0,0,0,0,0,0,0,0,0,0
0409590,0,0,0,0,0,0,0,0,0,0,0,0,0,0,0,0,0,0,0,0,0,0,0,0,0,0,0,0,0,0,0,0,0,0
56729901,106,56,50,6,31,6,11,16,1,2,1,8,6,4,11,0,12,8,4,40,26,14,35,14,21,1,0,1,16,6,10,2,2,0
56729902,17,11,6,0,3,3,4,3,0,0,0,0,0,0,1,0,4,1,3,7,6,1,5,3,2,0,0,0,0,0,0,1,1,0
0829611,0,0,0,0,0,0,0,0,0,0,0,0,0,0,0,0,0,0,0,0,0,0,0,0,0,0,0,0,0,0,0,0,0,0
56730201,229,126,103,2,83,25,18,9,7,5,0,17,25,9,17,2,24,14,10,91,59,32,68,32,36,4,1,3,33,15,18,9,5,4
3115880,0,0,0,0,0,0,0,0,0,0,0,0,0,0,0,0,0,0,0,0,0,0,0,0,0,0,0,0,0,0,0,0,0,0
56731101,802,436,366,3,273,75,78,46,21,21,8,62,57,55,72,2,64,30,34,309,187,122,296,158,138,19,9,10,84,30,54,30,22,8
56731103,553,286,267,4,217,40,33,31,12,14,5,42,35,48,49,4,31,17,14,214,129,85,204,89,115,7,4,3,84,39,45,13,8,5
56731104,861,456,405,7,293,69,89,52,19,29,9,68,52,63,74,9,85,49,36,330,196,134,311,144,167,8,3,5,77,29,48,50,35,15
0165510,0,0,0,0,0,0,0,0,0,0,0,0,0,0,0,0,0,0,0,0,0,0,0,0,0,0,0,0,0,0,0,0,0,0
0330900,0,0,0,0,0,0,0,0,0,0,0,0,0,0,0,0,0,0,0,0,0,0,0,0,0,0,0,0,0,0,0,0,0,0
0450120,0,0,0,0,0,0,0,0,0,0,0,0,0,0,0,0,0,0,0,0,0,0,0,0,0,0,0,0,0,0,0,0,0,0
0688880,0,0,0,0,0,0,0,0,0,0,0,0,0,0,0,0,0,0,0,0,0,0,0,0,0,0,0,0,0,0,0,0,0,0
0693290,0,0,0,0,0,0,0,0,0,0,0,0,0,0,0,0,0,0,0,0,0,0,0,0,0,0,0,0,0,0,0,0,0,0
0693370,0,0,0,0,0,0,0,0,0,0,0,0,0,0,0,0,0,0,0,0,0,0,0,0,0,0,0,0,0,0,0,0,0,0
0693450,0,0,0,0,0,0,0,0,0,0,0,0,0,0,0,0,0,0,0,0,0,0,0,0,0,0,0,0,0,0,0,0,0,0
0993500,0,0,0,0,0,0,0,0,0,0,0,0,0,0,0,0,0,0,0,0,0,0,0,0,0,0,0,0,0,0,0,0,0,0
0994570,0,0,0,0,0,0,0,0,0,0,0,0,0,0,0,0,0,0,0,0,0,0,0,0,0,0,0,0,0,0,0,0,0,0
0994730,0,0,0,0,0,0,0,0,0,0,0,0,0,0,0,0,0,0,0,0,0,0,0,0,0,0,0,0,0,0,0,0,0,0
0995710,0,0,0,0,0,0,0,0,0,0,0,0,0,0,0,0,0,0,0,0,0,0,0,0,0,0,0,0,0,0,0,0,0,0
0996780,0,0,0,0,0,0,0,0,0,0,0,0,0,0,0,0,0,0,0,0,0,0,0,0,0,0,0,0,0,0,0,0,0,0
0996940,0,0,0,0,0,0,0,0,0,0,0,0,0,0,0,0,0,0,0,0,0,0,0,0,0,0,0,0,0,0,0,0,0,0
0997410,0,0,0,0,0,0,0,0,0,0,0,0,0,0,0,0,0,0,0,0,0,0,0,0,0,0,0,0,0,0,0,0,0,0
1492090,0,0,0,0,0,0,0,0,0,0,0,0,0,0,0,0,0,0,0,0,0,0,0,0,0,0,0,0,0,0,0,0,0,0
1705420,0,0,0,0,0,0,0,0,0,0,0,0,0,0,0,0,0,0,0,0,0,0,0,0,0,0,0,0,0,0,0,0,0,0
3115960,0,0,0,0,0,0,0,0,0,0,0,0,0,0,0,0,0,0,0,0,0,0,0,0,0,0,0,0,0,0,0,0,0,0
3116000,0,0,0,0,0,0,0,0,0,0,0,0,0,0,0,0,0,0,0,0,0,0,0,0,0,0,0,0,0,0,0,0,0,0
3189900,0,0,0,0,0,0,0,0,0,0,0,0,0,0,0,0,0,0,0,0,0,0,0,0,0,0,0,0,0,0,0,0,0,0
3190070,0,0,0,0,0,0,0,0,0,0,0,0,0,0,0,0,0,0,0,0,0,0,0,0,0,0,0,0,0,0,0,0,0,0
3190400,0,0,0,0,0,0,0,0,0,0,0,0,0,0,0,0,0,0,0,0,0,0,0,0,0,0,0,0,0,0,0,0,0,0
3367000,0,0,0,0,0,0,0,0,0,0,0,0,0,0,0,0,0,0,0,0,0,0,0,0,0,0,0,0,0,0,0,0,0,0
3367510,0,0,0,0,0,0,0,0,0,0,0,0,0,0,0,0,0,0,0,0,0,0,0,0,0,0,0,0,0,0,0,0,0,0
3367690,0,0,0,0,0,0,0,0,0,0,0,0,0,0,0,0,0,0,0,0,0,0,0,0,0,0,0,0,0,0,0,0,0,0
3367770,0,0,0,0,0,0,0,0,0,0,0,0,0,0,0,0,0,0,0,0,0,0,0,0,0,0,0,0,0,0,0,0,0,0
3367850,0,0,0,0,0,0,0,0,0,0,0,0,0,0,0,0,0,0,0,0,0,0,0,0,0,0,0,0,0,0,0,0,0,0
3367930,0,0,0,0,0,0,0,0,0,0,0,0,0,0,0,0,0,0,0,0,0,0,0,0,0,0,0,0,0,0,0,0,0,0
56702701,235,130,105,3,72,19,26,16,5,1,6,22,18,16,23,1,17,11,6,72,48,24,91,49,42,3,0,3,46,20,26,6,2,4
56702704,11,4,7,1,4,0,1,0,1,0,0,1,0,1,0,1,3,2,1,4,1,3,1,0,1,0,0,0,2,0,2,1,1,0
56702705,118,66,52,2,46,6,15,11,3,3,0,8,7,4,9,1,10,6,4,44,25,19,45,26,19,3,1,2,14,7,7,2,1,1
56702706,17,11,6,1,3,0,3,0,0,0,0,2,0,6,0,0,2,1,1,5,2,3,5,3,2,0,0,0,4,4,0,1,1,0
56702707,78,69,9,3,23,30,3,4,1,0,0,9,0,1,2,1,13,11,2,33,31,2,12,8,4,4,3,1,6,6,0,10,10,0
56702710,140,73,67,0,41,15,8,5,0,5,4,20,10,13,14,0,6,2,4,34,23,11,50,22,28,2,0,2,46,24,22,2,2,0
56702711,147,79,68,1,44,18,16,6,4,2,4,17,11,14,5,1,6,5,1,52,33,19,57,22,35,2,1,1,27,15,12,3,3,0
56702712,507,258,249,3,126,42,52,25,22,13,14,66,33,46,44,1,19,10,9,112,62,50,210,111,99,4,1,3,150,65,85,12,9,3
56702713,4296,2218,2078,46,1572,192,483,294,137,100,40,366,280,281,327,40,411,193,218,1609,961,648,1527,722,805,89,20,69,519,234,285,141,88,53
56702714,552,295,257,6,147,32,52,20,15,16,11,57,50,60,48,6,24,18,6,130,90,40,199,90,109,16,3,13,153,71,82,30,23,7
56702716,96,60,36,7,21,10,2,7,0,1,0,25,7,2,4,5,71,41,30,11,6,5,1,0,1,0,0,0,2,2,0,11,11,0
56702718,1880,1005,875,14,634,85,200,134,54,41,24,180,128,101,176,25,217,108,109,661,400,261,591,302,289,39,3,36,250,111,139,122,81,41
56702719,23,17,6,0,2,0,0,0,0,0,0,1,0,2,18,0,2,1,1,9,7,2,2,2,0,1,0,1,8,6,2,1,1,0
56702721,1529,839,690,19,518,111,153,98,53,28,19,141,93,79,139,27,187,95,92,524,329,195,458,211,247,52,27,25,187,82,105,121,95,26
56702722,219,120,99,1,61,9,29,12,4,5,3,36,16,17,12,2,10,5,5,33,24,9,95,49,46,5,1,4,69,36,33,7,5,2
56702724,168,86,82,0,43,13,18,8,5,3,12,21,11,15,13,1,6,3,3,22,15,7,76,39,37,3,0,3,58,27,31,3,2,1
56702725,78,38,40,0,15,6,20,0,2,2,3,8,2,6,10,0,4,2,2,7,4,3,37,16,21,0,0,0,28,15,13,2,1,1
56702726,398,211,187,4,91,34,50,14,8,8,9,64,28,28,36,0,6,4,2,61,39,22,135,62,73,10,3,7,177,98,79,9,5,4
56702727,2108,1112,996,30,722,125,201,153,64,42,32,220,134,117,166,36,201,107,94,751,456,295,735,341,394,42,10,32,258,121,137,121,77,44
56702728,2140,1134,1006,15,745,128,240,143,73,44,39,196,120,129,166,30,242,120,122,767,480,287,740,351,389,40,8,32,243,102,141,108,73,35
56702730,1098,566,532,11,306,70,120,56,31,17,24,113,81,96,93,16,62,27,35,251,151,100,408,203,205,20,4,16,295,140,155,62,41,21
56702731,42,24,18,0,4,6,5,4,6,1,1,5,4,0,2,2,0,0,0,12,9,3,20,12,8,0,0,0,10,3,7,0,0,0
56702732,379,206,173,3,89,28,33,34,9,10,8,45,32,37,31,4,15,8,7,102,68,34,139,70,69,5,2,3,98,43,55,20,15,5
56702733,380,315,65,7,125,58,28,40,13,9,2,40,6,6,14,22,45,39,6,139,113,26,60,42,18,1,0,1,16,11,5,119,110,9
56702734,2490,1363,1127,28,870,143,294,180,65,54,30,250,122,137,166,38,331,173,158,939,572,367,755,382,373,47,19,28,266,116,150,152,101,51
56702735,107,60,47,0,26,12,13,7,2,4,1,6,10,11,11,0,3,3,0,24,15,9,40,23,17,3,2,1,35,16,19,2,1,1
56702736,3762,1933,1829,34,1427,202,396,299,111,81,40,292,229,225,279,24,445,215,230,1466,861,605,1275,611,664,68,19,49,388,161,227,120,66,54
56702737,41,24,17,2,12,6,5,4,0,0,0,6,0,2,1,0,5,3,2,14,11,3,12,4,8,0,0,0,10,6,4,0,0,0
56702738,13,8,5,0,2,2,1,6,0,0,0,1,1,0,0,0,4,3,1,5,3,2,3,2,1,0,0,0,1,0,1,0,0,0
56702739,1699,900,799,11,577,114,155,117,59,36,29,141,129,96,147,18,159,90,69,592,358,234,613,290,323,27,7,20,226,98,128,82,57,25
56702740,1096,603,493,10,354,74,105,67,28,30,20,127,64,72,91,19,156,89,67,272,164,108,330,172,158,18,5,13,237,113,124,83,60,23
56702741,2662,1383,1279,30,947,163,290,190,89,60,41,224,147,145,207,30,304,157,147,968,577,391,892,425,467,44,11,33,323,133,190,131,80,51
56702742,111,60,51,1,21,24,10,6,5,3,1,11,2,8,13,1,3,1,2,17,13,4,43,20,23,1,0,1,47,26,21,0,0,0
56732902,51,30,21,4,13,6,1,4,3,1,0,3,4,4,7,0,5,4,1,17,12,5,20,10,10,0,0,0,7,3,4,2,1,1
56732903,15,8,7,0,4,3,0,1,0,0,0,1,0,3,3,0,1,1,0,3,3,0,5,2,3,0,0,0,6,2,4,0,0,0
56732904,145,84,61,5,38,14,11,12,6,0,3,8,17,7,16,4,16,6,10,52,36,16,47,31,16,3,1,2,23,7,16,4,3,1
56733701,106,60,46,1,40,4,9,15,4,0,2,7,7,6,7,0,6,2,4,47,35,12,37,18,19,1,0,1,10,2,8,5,3,2
56733702,34,18,16,0,7,0,7,6,2,0,1,3,4,2,2,0,5,2,3,11,7,4,14,7,7,0,0,0,2,0,2,2,2,0
56733703,439,249,190,8,162,35,33,46,10,5,1,53,24,12,18,17,132,68,64,176,112,64,66,31,35,2,1,1,10,5,5,53,32,21
56734501,250,143,107,6,91,19,31,25,5,4,3,22,16,11,12,2,25,14,11,89,58,31,84,45,39,5,2,3,41,19,22,6,5,1
56735301,118,69,49,1,53,8,9,7,4,0,0,7,14,3,10,1,11,9,2,50,33,17,40,18,22,3,1,2,13,8,5,1,0,1
56736101,31,19,12,1,8,2,3,2,2,0,0,4,5,0,4,0,1,1,0,9,5,4,16,10,6,0,0,0,5,3,2,0,0,0
56736102,23,12,11,0,4,2,3,1,2,1,0,5,2,1,1,0,1,0,1,4,3,1,11,5,6,0,0,0,7,4,3,0,0,0
56736103,87,51,36,2,32,5,9,5,1,3,1,5,12,2,7,1,1,1,0,24,16,8,40,21,19,1,0,1,18,10,8,3,3,0
3308330,0,0,0,0,0,0,0,0,0,0,0,0,0,0,0,0,0,0,0,0,0,0,0,0,0,0,0,0,0,0,0,0,0,0
54643701,66,37,29,5,28,4,4,6,1,2,0,3,4,2,4,0,5,2,3,29,18,11,22,14,8,3,0,3,4,1,3,3,2,1
56742601,61,37,24,3,25,4,8,3,1,0,2,4,1,0,5,1,6,6,0,33,21,12,17,6,11,0,0,0,3,2,1,2,2,0
56742602,185,107,78,7,60,10,14,27,3,2,2,12,16,11,15,2,20,12,8,83,60,23,52,25,27,2,0,2,22,7,15,6,3,3
0043590,0,0,0,0,0,0,0,0,0,0,0,0,0,0,0,0,0,0,0,0,0,0,0,0,0,0,0,0,0,0,0,0,0,0
0148510,0,0,0,0,0,0,0,0,0,0,0,0,0,0,0,0,0,0,0,0,0,0,0,0,0,0,0,0,0,0,0,0,0,0
0584750,0,0,0,0,0,0,0,0,0,0,0,0,0,0,0,0,0,0,0,0,0,0,0,0,0,0,0,0,0,0,0,0,0,0
3116260,0,0,0,0,0,0,0,0,0,0,0,0,0,0,0,0,0,0,0,0,0,0,0,0,0,0,0,0,0,0,0,0,0,0
3190740,0,0,0,0,0,0,0,0,0,0,0,0,0,0,0,0,0,0,0,0,0,0,0,0,0,0,0,0,0,0,0,0,0,0
56745101,79,40,39,0,37,4,7,3,0,0,2,9,4,3,5,0,1,1,0,24,14,10,28,13,15,4,0,4,21,12,9,1,0,1
56745103,20,13,7,0,3,3,1,2,2,1,0,6,2,0,0,0,4,2,2,7,6,1,8,5,3,1,0,1,0,0,0,0,0,0
56745105,182,96,86,6,67,13,25,7,7,4,2,15,12,9,10,0,22,7,15,66,41,25,54,31,23,4,0,4,28,12,16,8,5,3
56745106,205,109,96,1,71,22,27,14,4,2,1,15,14,13,14,1,21,12,9,82,48,34,64,33,31,4,2,2,22,7,15,12,7,5
56745107,196,113,83,1,91,15,21,9,5,2,0,13,11,12,7,2,21,11,10,78,54,24,69,34,35,2,1,1,20,8,12,6,5,1
56745108,27,16,11,1,14,3,0,2,1,0,0,1,1,1,2,0,2,2,0,11,7,4,9,5,4,2,0,2,3,2,1,0,0,0
56745109,388,205,183,9,163,24,41,26,13,5,3,32,16,15,27,6,64,26,38,173,95,78,86,47,39,6,2,4,29,15,14,30,20,10
56745110,340,171,169,2,147,21,25,16,8,3,1,26,29,20,29,2,34,19,15,121,71,50,124,60,64,5,0,5,48,18,30,8,3,5
56745111,545,307,238,7,254,25,63,27,15,6,8,32,29,35,29,0,45,28,17,230,150,80,192,97,95,5,2,3,54,16,38,19,14,5
56745112,435,262,173,9,177,44,38,28,11,2,4,56,27,5,16,8,112,62,50,146,88,58,61,35,26,4,2,2,12,7,5,100,68,32
56745113,1421,762,659,13,645,96,132,102,30,8,14,119,59,74,78,15,217,109,108,607,365,242,405,203,202,23,7,16,98,35,63,71,43,28
56745115,988,523,465,9,373,58,96,67,25,15,10,95,66,57,70,14,113,61,52,385,231,154,313,146,167,6,0,6,121,54,67,50,31,19
56745116,45,25,20,1,18,7,5,2,2,0,1,2,1,1,3,1,1,0,1,24,18,6,12,4,8,1,0,1,6,2,4,1,1,0
56745119,240,157,83,8,57,22,46,19,15,2,3,20,14,12,9,2,41,23,18,80,58,22,51,33,18,4,1,3,34,17,17,30,25,5
56745120,939,504,435,6,414,56,62,63,30,12,11,76,60,60,56,9,93,50,43,371,228,143,315,156,159,14,2,12,110,42,68,36,26,10
56745121,25,15,10,0,11,3,3,0,2,0,2,1,0,0,3,0,4,2,2,9,7,2,7,4,3,1,1,0,4,1,3,0,0,0
56746901,25,15,10,0,5,0,5,4,0,1,3,2,2,1,0,0,1,1,0,5,3,2,10,5,5,0,0,0,9,6,3,0,0,0
56746902,177,99,78,11,55,23,13,9,6,2,2,12,15,7,16,0,9,6,3,57,35,22,67,34,33,1,1,0,35,16,19,8,7,1
56747702,192,107,85,0,44,14,24,16,7,10,8,19,10,11,26,1,11,3,8,59,38,21,80,37,43,2,0,2,38,28,10,2,1,1
56747703,40,19,21,3,16,0,6,2,0,0,1,1,2,4,3,0,5,2,3,20,11,9,9,3,6,1,0,1,4,2,2,1,1,0
56747704,57,34,23,4,15,5,4,5,3,0,2,6,2,4,6,1,5,5,0,15,10,5,30,16,14,0,0,0,6,2,4,1,1,0
56747705,19,13,6,0,3,6,5,1,1,0,0,2,0,0,1,0,2,0,2,12,9,3,4,4,0,0,0,0,1,0,1,0,0,0
56747706,277,149,128,0,88,29,24,16,5,8,2,27,14,20,31,2,19,11,8,92,56,36,101,54,47,6,3,3,50,19,31,9,6,3
56747707,249,137,112,1,78,22,32,16,2,0,5,19,15,28,21,0,15,10,5,97,63,34,95,45,50,2,0,2,32,12,20,8,7,1
56747708,26,15,11,1,7,3,3,0,2,1,0,2,3,1,3,0,1,1,0,12,8,4,7,3,4,0,0,0,3,1,2,3,2,1
56747709,38,17,21,0,7,3,4,4,1,3,2,2,1,4,6,0,4,2,2,11,5,6,17,9,8,0,0,0,6,1,5,0,0,0
56748501,45,18,27,1,21,2,7,3,2,1,0,2,0,2,3,0,2,0,2,16,4,12,12,4,8,1,1,0,13,8,5,1,1,0
56748502,108,64,44,12,36,7,9,5,1,2,3,5,12,4,6,1,11,7,4,54,36,18,32,15,17,1,0,1,8,4,4,2,2,0
56748503,60,34,26,4,20,7,5,1,2,1,0,3,6,8,2,0,2,2,0,21,17,4,25,9,16,1,0,1,9,4,5,2,2,0
56748504,36,19,17,0,12,1,2,4,3,0,1,8,3,2,0,0,0,0,0,14,9,5,16,6,10,0,0,0,6,4,2,0,0,0
56748505,46,27,19,1,21,2,1,2,2,0,0,6,7,0,3,1,3,3,0,18,9,9,17,10,7,2,1,1,4,2,2,2,2,0
56748506,117,56,61,5,40,5,13,3,5,3,2,2,16,9,8,0,5,0,5,38,24,14,45,21,24,2,0,2,22,8,14,5,3,2
56748507,56,31,25,1,13,5,3,5,0,1,4,9,2,7,5,0,3,3,0,19,12,7,20,9,11,1,0,1,9,5,4,4,2,2
56748508,27,17,10,0,9,3,2,1,0,3,0,3,5,1,0,0,1,1,0,10,8,2,8,4,4,0,0,0,8,4,4,0,0,0
0334480,0,0,0,0,0,0,0,0,0,0,0,0,0,0,0,0,0,0,0,0,0,0,0,0,0,0,0,0,0,0,0,0,0,0
0334810,0,0,0,0,0,0,0,0,0,0,0,0,0,0,0,0,0,0,0,0,0,0,0,0,0,0,0,0,0,0,0,0,0,0
56750701,56,35,21,5,13,5,8,7,3,3,2,4,1,1,2,0,1,1,0,12,10,2,31,18,13,0,0,0,11,5,6,1,1,0
56750702,169,96,73,2,58,10,22,15,9,5,2,12,7,7,14,0,14,8,6,64,41,23,64,33,31,2,2,0,20,9,11,5,3,2
56750703,119,61,58,1,39,9,14,9,2,1,3,8,8,7,11,1,7,5,2,33,20,13,47,21,26,1,0,1,25,12,13,6,3,3
56750704,221,121,100,1,67,17,30,16,11,1,4,22,15,13,13,1,16,8,8,93,55,38,72,35,37,1,1,0,29,15,14,10,7,3
56750705,346,187,159,2,104,23,51,26,5,6,9,33,36,20,21,2,38,19,19,115,69,46,126,70,56,8,2,6,48,20,28,11,7,4
56750706,115,57,58,2,35,6,15,5,1,2,3,13,12,9,7,2,9,4,5,30,20,10,46,22,24,1,0,1,29,11,18,0,0,0
56750707,34,16,18,0,2,3,5,3,3,0,0,4,9,4,1,0,0,0,0,15,7,8,9,3,6,2,0,2,7,5,2,1,1,0
56750709,122,62,60,1,39,11,12,9,4,1,1,12,5,7,13,0,7,3,4,43,27,16,51,25,26,3,0,3,14,4,10,4,3,1
56750710,80,45,35,2,26,2,11,4,2,1,0,12,3,3,9,0,13,10,3,28,20,8,15,4,11,5,1,4,9,4,5,10,6,4
56750711,361,213,148,8,114,37,43,37,8,6,3,28,20,13,24,6,66,38,28,147,93,54,92,51,41,3,0,3,20,8,12,33,23,10
56750712,300,162,138,2,90,28,38,27,6,8,6,33,12,15,26,4,19,12,7,92,61,31,115,56,59,9,1,8,55,27,28,10,5,5
56750713,687,378,309,3,235,53,63,59,16,10,15,53,48,41,62,8,64,34,30,245,160,85,244,121,123,13,3,10,91,40,51,30,20,10
56750714,798,434,364,7,260,57,95,63,33,14,12,75,47,23,72,4,69,35,34,300,188,112,272,128,144,21,7,14,75,40,35,61,36,25
56750715,37,22,15,6,11,4,1,1,2,1,0,5,2,1,2,0,5,3,2,12,6,6,10,7,3,1,1,0,8,4,4,1,1,0
0337740,0,0,0,0,0,0,0,0,0,0,0,0,0,0,0,0,0,0,0,0,0,0,0,0,0,0,0,0,0,0,0,0,0,0
0848240,0,0,0,0,0,0,0,0,0,0,0,0,0,0,0,0,0,0,0,0,0,0,0,0,0,0,0,0,0,0,0,0,0,0
1986760,0,0,0,0,0,0,0,0,0,0,0,0,0,0,0,0,0,0,0,0,0,0,0,0,0,0,0,0,0,0,0,0,0,0
56751501,91,55,36,3,38,10,7,4,2,0,0,3,5,10,5,0,2,1,1,29,22,7,32,19,13,2,0,2,18,10,8,8,3,5
56751502,94,54,40,1,32,6,11,8,2,1,5,7,6,6,5,0,3,0,3,34,25,9,42,21,21,0,0,0,14,7,7,1,1,0
56751503,293,184,109,1,97,31,31,27,4,3,5,29,17,17,11,6,42,22,20,91,64,27,82,46,36,5,0,5,24,9,15,49,43,6
56751504,22,15,7,2,12,3,0,2,0,0,0,1,1,0,0,1,7,5,2,8,5,3,5,3,2,0,0,0,1,1,0,1,1,0
56751505,449,269,180,15,185,45,39,25,12,8,6,33,19,16,20,8,90,52,38,178,117,61,92,45,47,5,3,2,24,12,12,60,40,20
56751506,25,14,11,0,12,5,3,2,0,0,0,0,0,0,2,0,4,1,3,12,8,4,4,3,1,1,0,1,0,0,0,4,2,2
56751507,603,327,276,3,254,38,46,51,16,4,8,54,28,36,45,6,68,27,41,288,177,111,166,83,83,7,4,3,48,22,26,26,14,12
56751508,842,454,388,11,305,55,86,50,33,8,13,52,62,69,63,2,77,41,36,337,206,131,273,135,138,11,3,8,115,52,63,29,17,12
56751509,694,385,309,5,248,52,66,49,19,6,5,54,70,30,58,3,80,41,39,317,191,126,194,105,89,14,2,12,59,24,35,30,22,8
56751510,525,285,240,5,184,45,56,28,9,8,11,40,29,36,45,3,43,24,19,176,116,60,190,90,100,6,1,5,63,26,37,47,28,19
56752301,87,50,37,3,25,5,11,6,2,2,0,11,6,5,8,1,2,1,1,25,16,9,32,15,17,1,0,1,25,17,8,2,1,1
56752302,589,322,267,10,210,50,56,49,18,11,13,42,31,31,57,1,45,25,20,221,135,86,206,97,109,10,1,9,82,44,38,25,20,5
56753101,488,284,204,4,210,28,35,42,6,4,3,43,28,28,34,15,90,51,39,174,118,56,152,77,75,4,1,3,27,8,19,41,29,12
56755801,659,372,287,8,239,54,59,49,25,11,9,38,40,60,45,4,57,28,29,249,177,72,241,116,125,7,0,7,85,36,49,20,15,5
56755802,73,40,33,5,24,6,3,10,1,2,1,6,5,6,4,0,4,3,1,23,16,7,26,14,12,1,0,1,18,6,12,1,1,0
56755803,60,32,28,1,29,4,7,3,1,1,0,4,2,3,2,0,6,3,3,23,13,10,22,11,11,0,0,0,4,1,3,5,4,1
56755804,173,102,71,1,60,20,23,10,3,1,1,12,12,8,16,1,18,10,8,64,45,19,60,30,30,2,0,2,17,9,8,12,8,4
1387110,0,0,0,0,0,0,0,0,0,0,0,0,0,0,0,0,0,0,0,0,0,0,0,0,0,0,0,0,0,0,0,0,0,0
1387200,0,0,0,0,0,0,0,0,0,0,0,0,0,0,0,0,0,0,0,0,0,0,0,0,0,0,0,0,0,0,0,0,0,0
1387380,0,0,0,0,0,0,0,0,0,0,0,0,0,0,0,0,0,0,0,0,0,0,0,0,0,0,0,0,0,0,0,0,0,0
56756601,178,99,79,7,73,11,18,21,3,0,1,6,12,10,11,0,27,16,11,76,45,31,42,27,15,4,0,4,19,4,15,10,7,3
56756602,40,24,16,0,19,3,4,3,0,1,0,4,0,2,3,0,3,2,1,20,14,6,10,6,4,1,1,0,3,0,3,3,1,2
56756603,20,12,8,1,5,1,5,2,0,0,0,0,2,2,2,0,1,1,0,8,6,2,6,4,2,0,0,0,5,1,4,0,0,0
56756604,57,31,26,3,18,7,8,4,1,1,2,2,1,1,7,0,6,1,5,31,22,9,19,7,12,0,0,0,0,0,0,1,1,0
56756605,25,14,11,2,10,0,2,4,1,1,0,2,0,2,1,0,3,2,1,9,6,3,9,6,3,0,0,0,3,0,3,1,0,1
56756606,97,53,44,3,32,5,12,9,2,0,1,11,11,3,5,1,4,1,3,46,31,15,34,17,17,2,0,2,6,2,4,5,2,3
56756607,18,9,9,3,4,0,1,1,0,0,0,1,4,0,3,1,1,0,1,6,4,2,5,3,2,0,0,0,4,1,3,2,1,1
56756608,44,26,18,2,14,5,3,4,2,0,0,3,1,2,5,0,5,4,1,26,15,11,10,5,5,0,0,0,1,1,0,2,1,1
56756610,49,25,24,1,18,2,5,6,0,0,0,6,4,3,2,0,6,3,3,21,12,9,14,5,9,0,0,0,5,3,2,3,2,1
0583270,0,0,0,0,0,0,0,0,0,0,0,0,0,0,0,0,0,0,0,0,0,0,0,0,0,0,0,0,0,0,0,0,0,0
56758201,153,89,64,3,50,17,18,15,3,0,3,8,11,13,7,1,14,8,6,61,40,21,47,25,22,2,1,1,23,11,12,6,4,2
56758202,319,181,138,4,101,35,33,20,12,10,5,19,21,20,17,2,22,9,13,109,79,30,109,57,52,4,1,3,61,28,33,14,7,7
56760401,225,119,106,3,81,21,13,14,4,1,1,25,12,15,25,0,18,10,8,61,42,19,83,36,47,4,0,4,49,26,23,10,5,5
56761202,440,267,173,19,150,33,31,27,5,11,8,29,35,47,32,3,18,10,8,164,124,40,161,83,78,6,1,5,61,23,38,30,26,4
56762101,806,450,356,13,312,64,80,41,21,18,12,45,63,46,49,10,89,43,46,320,206,114,261,136,125,10,4,6,84,34,50,42,27,15
56762102,654,346,308,8,230,50,63,34,28,14,6,58,38,33,69,8,65,27,38,268,166,102,229,99,130,12,2,10,50,29,21,30,23,7
56762103,45,23,22,1,18,3,5,1,3,1,1,3,1,3,4,0,4,2,2,15,10,5,18,10,8,0,0,0,7,1,6,1,0,1
0753290,0,0,0,0,0,0,0,0,0,0,0,0,0,0,0,0,0,0,0,0,0,0,0,0,0,0,0,0,0,0,0,0,0,0
0753612,0,0,0,0,0,0,0,0,0,0,0,0,0,0,0,0,0,0,0,0,0,0,0,0,0,0,0,0,0,0,0,0,0,0
0753960,0,0,0,0,0,0,0,0,0,0,0,0,0,0,0,0,0,0,0,0,0,0,0,0,0,0,0,0,0,0,0,0,0,0
3157530,0,0,0,0,0,0,0,0,0,0,0,0,0,0,0,0,0,0,0,0,0,0,0,0,0,0,0,0,0,0,0,0,0,0
3418780,0,0,0,0,0,0,0,0,0,0,0,0,0,0,0,0,0,0,0,0,0,0,0,0,0,0,0,0,0,0,0,0,0,0
3418860,0,0,0,0,0,0,0,0,0,0,0,0,0,0,0,0,0,0,0,0,0,0,0,0,0,0,0,0,0,0,0,0,0,0
3418940,0,0,0,0,0,0,0,0,0,0,0,0,0,0,0,0,0,0,0,0,0,0,0,0,0,0,0,0,0,0,0,0,0,0
56763901,1388,748,640,11,393,115,161,121,60,19,19,142,95,110,78,9,121,52,69,532,333,199,457,216,241,17,8,9,188,93,95,73,46,27
56763902,449,239,210,1,161,27,48,43,13,12,7,26,25,25,49,0,37,20,17,192,123,69,158,66,92,10,4,6,35,15,20,17,11,6
56763903,83,48,35,1,27,4,9,7,3,0,2,8,2,6,7,2,8,5,3,27,17,10,29,14,15,2,0,2,9,6,3,8,6,2
56763904,1176,640,536,11,443,76,112,115,35,20,13,109,58,63,61,18,178,85,93,461,292,169,310,151,159,19,8,11,87,29,58,121,75,46
56763905,193,103,90,0,47,14,29,14,11,8,6,16,19,15,10,0,10,5,5,55,37,18,100,49,51,0,0,0,27,12,15,1,0,1
56763906,60,33,27,1,20,6,8,4,0,1,1,1,4,9,1,0,2,1,1,23,13,10,20,12,8,0,0,0,15,7,8,0,0,0
56763907,409,224,185,6,105,37,36,36,11,13,7,27,44,27,32,2,22,12,10,123,78,45,170,86,84,10,8,2,74,33,41,10,7,3
56763908,51,30,21,2,5,5,6,6,3,0,1,2,4,8,6,0,1,1,0,17,12,5,28,15,13,1,1,0,4,1,3,0,0,0
56763909,406,226,180,4,122,42,41,26,10,10,8,34,29,32,34,2,20,11,9,155,97,58,157,78,79,4,2,2,59,31,28,11,7,4
56763910,22,12,10,7,1,1,2,0,2,0,0,3,0,5,0,1,3,1,2,12,8,4,4,2,2,0,0,0,2,0,2,1,1,0
56763912,140,73,67,3,56,7,22,11,3,2,2,10,6,8,4,0,12,5,7,66,37,29,47,25,22,4,0,4,10,5,5,1,1,0
56763913,78,43,35,1,20,8,10,3,1,5,3,6,5,6,7,0,1,1,0,16,8,8,29,16,13,2,1,1,30,17,13,0,0,0
56763914,762,388,374,10,246,41,101,56,39,12,18,66,51,53,39,2,60,29,31,277,167,110,284,131,153,11,2,9,86,33,53,44,26,18
56763915,340,185,155,0,107,28,40,25,5,10,7,39,20,30,19,1,26,15,11,116,78,38,121,57,64,3,1,2,61,24,37,13,10,3
56764701,342,195,147,14,123,29,32,26,11,5,2,15,28,14,31,2,31,16,15,137,96,41,116,54,62,6,3,3,38,18,20,14,8,6
56765501,256,138,118,3,129,21,25,19,6,0,3,13,12,4,15,1,48,25,23,126,77,49,65,28,37,1,1,0,3,1,2,13,6,7
54690901,33,20,13,4,10,1,3,0,2,0,2,1,2,1,3,1,3,2,1,10,7,3,14,7,7,0,0,0,3,2,1,3,2,1
54690902,36,23,13,3,17,3,3,0,0,1,0,3,2,2,2,0,1,0,1,17,12,5,13,9,4,0,0,0,3,1,2,2,1,1
56769801,128,76,52,6,70,3,9,6,3,3,0,8,9,3,5,1,20,8,12,65,44,21,29,18,11,0,0,0,10,4,6,4,2,2
56769802,30,17,13,5,5,2,5,0,0,2,1,1,4,1,3,1,0,0,0,12,9,3,12,6,6,0,0,0,6,2,4,0,0,0
56770101,116,59,57,5,20,10,10,8,6,2,0,23,10,13,4,0,5,3,2,31,20,11,51,22,29,1,1,0,26,13,13,2,0,2
56771001,141,75,66,3,33,12,15,10,2,5,6,15,12,5,17,1,5,3,2,27,20,7,64,27,37,3,1,2,39,22,17,3,2,1
56771002,35,15,20,0,7,8,6,3,1,0,0,4,1,2,2,0,1,1,0,14,6,8,13,4,9,0,0,0,5,3,2,2,1,1
56771003,192,109,83,4,74,24,19,11,7,4,1,13,14,5,9,2,18,9,9,85,60,25,63,26,37,0,0,0,16,7,9,10,7,3
56771004,33,18,15,2,11,4,1,2,0,0,0,1,3,4,3,0,1,0,1,15,12,3,10,5,5,0,0,0,6,1,5,1,0,1
56771005,13,7,6,0,2,4,2,0,0,0,0,1,0,0,3,0,0,0,0,3,2,1,6,3,3,0,0,0,4,2,2,0,0,0
56771006,106,58,48,3,49,5,10,4,2,1,1,11,6,7,6,0,9,5,4,43,28,15,35,17,18,1,0,1,14,5,9,4,3,1
0983290,0,0,0,0,0,0,0,0,0,0,0,0,0,0,0,0,0,0,0,0,0,0,0,0,0,0,0,0,0,0,0,0,0,0
0983370,0,0,0,0,0,0,0,0,0,0,0,0,0,0,0,0,0,0,0,0,0,0,0,0,0,0,0,0,0,0,0,0,0,0
56772801,63,40,23,7,6,5,7,3,9,2,1,8,5,2,3,2,8,2,6,16,11,5,20,12,8,2,1,1,10,7,3,7,7,0
56772802,17,10,7,0,4,0,0,0,6,0,0,2,1,1,1,0,1,1,0,1,0,1,8,6,2,2,1,1,4,1,3,1,1,0
56775201,1004,560,444,7,310,100,113,92,37,24,14,81,57,57,67,6,107,55,52,360,233,127,318,159,159,15,5,10,144,65,79,60,43,17
56776101,53,32,21,2,28,2,3,3,3,0,0,5,2,1,3,1,7,5,2,29,20,9,10,3,7,0,0,0,3,2,1,4,2,2
56776102,101,54,47,3,37,7,9,8,4,2,1,11,8,5,3,1,3,2,1,41,26,15,35,17,18,2,1,1,9,2,7,11,6,5
56776103,11,5,6,0,6,0,1,1,0,0,0,1,0,1,1,0,0,0,0,8,4,4,3,1,2,0,0,0,0,0,0,0,0,0
56776104,11,6,5,0,2,2,1,1,2,1,0,1,0,1,0,0,2,1,1,4,2,2,4,2,2,0,0,0,0,0,0,1,1,0
56776105,77,38,39,3,40,2,7,6,1,0,0,3,4,7,3,0,5,1,4,41,20,21,22,13,9,1,0,1,6,2,4,2,2,0
56776106,112,56,56,0,62,4,7,9,2,1,1,9,8,4,3,0,14,6,8,53,31,22,32,11,21,0,0,0,9,5,4,4,3,1
1129760,0,0,0,0,0,0,0,0,0,0,0,0,0,0,0,0,0,0,0,0,0,0,0,0,0,0,0,0,0,0,0,0,0,0
1129920,0,0,0,0,0,0,0,0,0,0,0,0,0,0,0,0,0,0,0,0,0,0,0,0,0,0,0,0,0,0,0,0,0,0
3117310,0,0,0,0,0,0,0,0,0,0,0,0,0,0,0,0,0,0,0,0,0,0,0,0,0,0,0,0,0,0,0,0,0,0
3117400,0,0,0,0,0,0,0,0,0,0,0,0,0,0,0,0,0,0,0,0,0,0,0,0,0,0,0,0,0,0,0,0,0,0
3117580,0,0,0,0,0,0,0,0,0,0,0,0,0,0,0,0,0,0,0,0,0,0,0,0,0,0,0,0,0,0,0,0,0,0
56777901,10,4,6,1,3,0,0,0,0,0,0,1,2,3,0,0,0,0,0,0,0,0,5,1,4,0,0,0,5,3,2,0,0,0
56777902,30,16,14,1,7,3,5,2,1,0,0,3,1,0,5,0,1,1,0,13,8,5,11,5,6,2,0,2,1,1,0,2,1,1
56777903,690,367,323,13,276,48,64,32,26,13,2,51,36,41,55,4,73,33,40,322,199,123,203,99,104,11,0,11,50,18,32,31,18,13
56777904,464,266,198,10,167,39,46,37,18,5,4,34,31,29,29,3,49,28,21,193,124,69,157,81,76,5,2,3,46,19,27,14,12,2
56777905,585,316,269,9,214,39,55,35,22,16,7,40,37,54,45,2,35,20,15,198,136,62,229,109,120,10,2,8,102,43,59,11,6,5
56777906,454,258,196,3,147,36,48,30,20,6,9,35,32,33,36,3,24,12,12,158,110,48,171,87,84,6,2,4,73,29,44,22,18,4
56778701,1207,675,532,8,360,91,137,75,44,27,18,141,70,80,90,10,85,48,37,364,243,121,424,207,217,22,4,18,267,137,130,45,36,9
56778702,112,61,51,4,30,10,11,8,5,3,5,6,12,9,6,1,7,3,4,20,13,7,55,32,23,3,1,2,25,11,14,2,1,1
56780901,33,20,13,0,13,5,6,2,0,0,0,2,0,0,3,0,3,2,1,16,12,4,10,3,7,1,0,1,1,1,0,2,2,0
56780902,37,19,18,1,8,5,5,3,1,1,2,3,2,2,3,0,4,3,1,12,6,6,14,5,9,1,1,0,5,4,1,1,0,1
56780903,188,109,79,6,72,18,18,18,3,3,2,12,15,7,8,3,17,5,12,72,49,23,72,38,34,1,0,1,16,8,8,10,9,1
56780904,58,29,29,1,22,0,7,3,1,1,0,4,4,6,7,0,2,0,2,25,15,10,19,10,9,2,0,2,10,4,6,0,0,0
56780905,55,36,19,3,29,0,4,4,0,0,0,6,5,0,2,0,9,6,3,21,15,6,15,9,6,4,2,2,4,3,1,2,1,1
56780906,19,10,9,1,8,3,1,0,0,0,0,2,1,1,0,0,1,1,0,7,6,1,11,3,8,0,0,0,0,0,0,0,0,0
56783301,132,78,54,2,37,11,16,14,7,2,1,9,10,7,8,2,10,5,5,55,38,17,51,28,23,3,1,2,12,5,7,1,1,0
56783302,88,53,35,0,23,8,5,14,7,0,4,4,8,7,5,0,5,4,1,33,28,5,30,13,17,2,0,2,15,6,9,3,2,1
1603420,0,0,0,0,0,0,0,0,0,0,0,0,0,0,0,0,0,0,0,0,0,0,0,0,0,0,0,0,0,0,0,0,0,0
56784101,125,67,58,2,58,7,6,6,4,0,1,11,7,11,5,1,8,2,6,54,38,16,42,20,22,3,0,3,12,4,8,6,3,3
56784102,40,25,15,1,23,4,1,2,0,0,1,4,0,1,3,0,7,5,2,20,15,5,7,3,4,1,0,1,2,1,1,3,1,2
56784103,102,52,50,1,48,6,11,4,4,1,1,6,5,8,3,1,10,5,5,53,28,25,25,13,12,1,1,0,12,4,8,1,1,0
56784104,118,68,50,6,48,9,11,7,2,0,0,6,10,3,9,1,18,10,8,59,42,17,24,9,15,1,1,0,5,0,5,11,6,5
56784105,80,42,38,0,23,6,6,5,2,2,0,8,9,9,6,2,3,3,0,30,20,10,25,12,13,2,0,2,18,6,12,2,1,1
56784106,30,20,10,0,15,4,3,0,1,0,0,3,1,1,1,0,4,3,1,13,9,4,10,6,4,0,0,0,2,1,1,1,1,0
1661970,0,0,0,0,0,0,0,0,0,0,0,0,0,0,0,0,0,0,0,0,0,0,0,0,0,0,0,0,0,0,0,0,0,0
1662270,0,0,0,0,0,0,0,0,0,0,0,0,0,0,0,0,0,0,0,0,0,0,0,0,0,0,0,0,0,0,0,0,0,0
1662350,0,0,0,0,0,0,0,0,0,0,0,0,0,0,0,0,0,0,0,0,0,0,0,0,0,0,0,0,0,0,0,0,0,0
56744201,38,28,10,0,16,6,2,3,1,1,0,4,0,1,1,1,3,3,0,12,8,4,8,6,2,2,1,1,5,4,1,8,6,2
56744202,298,164,134,4,98,30,40,21,10,2,9,18,17,17,19,1,15,8,7,114,75,39,93,46,47,6,2,4,63,28,35,7,5,2
56744203,579,322,257,8,169,46,63,51,15,5,12,56,35,35,41,5,43,23,20,192,126,66,218,108,110,11,3,8,97,48,49,18,14,4
56744204,27,16,11,0,8,3,4,2,0,2,0,3,1,1,2,0,1,0,1,6,4,2,12,8,4,1,0,1,4,1,3,3,3,0
56744205,34,12,22,0,13,0,2,3,2,1,1,3,2,3,1,1,3,1,2,13,5,8,7,4,3,0,0,0,11,2,9,0,0,0
56744206,1900,1074,826,10,583,103,190,307,62,44,30,117,74,117,174,12,150,82,68,556,342,214,768,436,332,68,33,35,257,108,149,101,73,28
56744207,330,185,145,5,93,24,45,22,13,4,5,32,19,25,27,2,42,20,22,104,65,39,116,66,50,6,2,4,43,20,23,19,12,7
56744208,1183,625,558,17,365,74,132,98,41,19,19,122,51,55,106,16,156,87,69,425,232,193,358,174,184,31,15,16,133,63,70,80,54,26
56744209,16,9,7,0,4,2,1,1,1,0,0,4,1,0,1,0,0,0,0,4,2,2,8,5,3,0,0,0,3,2,1,1,0,1
56744210,2195,1151,1044,17,674,119,236,150,76,58,43,173,134,171,224,17,116,56,60,659,408,251,908,436,472,48,16,32,364,161,203,100,74,26
56744211,2292,1213,1079,10,753,150,247,200,89,44,36,219,95,145,180,23,260,126,134,885,522,363,696,335,361,53,24,29,281,130,151,117,76,41
56744212,312,178,134,3,98,14,38,28,3,12,15,26,20,26,17,1,16,11,5,91,64,27,128,66,62,3,0,3,69,33,36,5,4,1
56744213,2193,1171,1022,10,722,135,288,173,90,41,51,183,125,132,147,22,185,97,88,761,450,311,803,389,414,53,19,34,317,162,155,74,54,20
56744214,140,79,61,2,41,9,13,13,2,5,2,12,9,9,13,2,12,9,3,35,22,13,52,25,27,0,0,0,38,21,17,3,2,1
56744215,1364,764,600,13,408,85,199,101,70,30,28,120,51,71,104,9,168,82,86,431,270,161,451,242,209,28,5,23,199,112,87,87,53,34
56744216,201,112,89,1,57,12,30,18,12,2,4,17,7,14,12,2,18,10,8,66,40,26,59,31,28,8,2,6,37,22,15,13,7,6
56744218,741,386,355,3,229,30,72,59,26,20,15,65,56,50,72,8,28,16,12,199,110,89,309,156,153,23,11,12,150,75,75,32,18,14
56744219,543,292,251,2,162,38,59,38,20,11,14,58,26,40,44,5,43,26,17,174,98,76,183,93,90,14,6,8,98,50,48,31,19,12
56744220,953,509,444,15,245,68,107,59,43,21,14,80,59,60,119,8,93,57,36,284,172,112,337,170,167,25,10,15,174,78,96,40,22,18
56744221,52,30,22,1,11,1,11,5,3,3,2,5,0,2,5,0,6,4,2,24,15,9,11,5,6,0,0,0,5,2,3,6,4,2
56744222,549,275,274,8,137,30,67,26,21,18,12,56,35,41,67,1,22,12,10,101,60,41,214,97,117,24,10,14,172,85,87,16,11,5
56744223,820,467,353,3,223,50,111,41,77,22,8,87,25,44,59,13,112,62,50,239,150,89,252,142,110,20,5,15,146,76,70,51,32,19
56744224,982,583,399,13,271,82,107,67,60,28,12,98,39,60,83,9,105,55,50,269,167,102,292,158,134,18,6,12,166,88,78,132,109,23
56744225,424,219,205,4,107,22,47,34,23,12,12,45,12,37,39,6,28,15,13,82,47,35,137,71,66,19,5,14,128,62,66,30,19,11
56744227,1203,648,555,12,384,69,123,87,43,18,25,106,71,83,119,8,107,56,51,305,183,122,455,243,212,36,12,24,234,112,122,66,42,24
56744228,10,7,3,0,5,1,4,0,0,0,0,0,0,0,0,0,1,0,1,5,4,1,3,2,1,0,0,0,1,1,0,0,0,0
56744229,741,393,348,4,190,60,86,36,26,28,21,77,38,75,70,2,32,18,14,181,112,69,287,139,148,10,4,6,205,100,105,26,20,6
56744231,149,87,62,1,48,14,18,14,16,1,3,10,5,3,4,3,25,12,13,51,34,17,33,19,14,2,0,2,14,6,8,24,16,8
56744232,832,445,387,5,224,52,95,42,44,27,18,98,36,65,83,8,60,32,28,217,140,77,310,158,152,22,12,10,184,82,102,39,21,18
56744233,440,219,221,3,100,36,41,23,20,14,12,58,22,44,39,4,22,11,11,85,57,28,179,73,106,15,8,7,124,58,66,15,12,3
56744234,890,458,432,9,232,67,88,50,31,18,21,103,49,77,88,5,33,19,14,219,144,75,345,167,178,22,8,14,241,101,140,30,19,11
56744235,365,197,168,3,87,25,44,15,13,9,11,53,17,23,51,0,13,6,7,65,46,19,131,55,76,13,3,10,134,81,53,9,6,3
56785002,26,13,13,0,9,1,6,1,1,0,2,1,1,0,3,0,2,0,2,8,5,3,12,5,7,1,0,1,3,3,0,0,0,0
56785003,389,215,174,6,142,32,39,30,13,4,6,48,16,12,23,3,48,24,24,172,106,66,107,51,56,2,0,2,28,11,17,32,23,9
56786801,68,34,34,2,16,4,9,2,6,3,0,9,4,9,3,0,4,0,4,19,9,10,24,15,9,1,0,1,20,10,10,0,0,0
56786802,138,75,63,2,56,7,9,8,4,5,5,5,11,13,11,0,10,4,6,50,36,14,55,26,29,1,0,1,16,5,11,6,4,2
56786803,26,20,6,0,10,3,1,0,0,0,1,3,5,0,1,0,2,2,0,12,11,1,8,6,2,1,0,1,2,0,2,1,1,0
56786804,186,110,76,1,80,13,16,14,3,1,2,16,11,9,14,1,14,7,7,98,64,34,47,23,24,3,1,2,14,7,7,10,8,2
56786806,130,79,51,2,49,11,17,7,2,1,1,10,6,10,8,2,12,6,6,61,44,17,38,20,18,1,0,1,11,4,7,7,5,2
56787602,44,24,20,5,11,2,4,1,1,1,0,1,6,3,7,0,1,1,0,12,11,1,20,10,10,0,0,0,11,2,9,0,0,0
56787603,244,142,102,10,83,23,30,27,7,4,2,11,15,14,12,3,16,7,9,109,74,35,80,44,36,3,2,1,28,11,17,8,4,4
56788401,9,5,4,0,2,1,0,0,0,0,0,2,1,0,1,0,1,1,0,2,2,0,5,2,3,0,0,0,1,0,1,0,0,0
56788402,105,62,43,8,19,9,12,14,2,0,2,8,10,9,7,1,7,6,1,40,28,12,40,16,24,0,0,0,16,11,5,2,1,1
56793101,265,152,113,3,58,21,19,25,10,14,4,29,21,19,28,2,11,4,7,80,53,27,109,59,50,5,4,1,52,27,25,8,5,3
56795701,104,62,42,2,41,8,9,10,2,2,0,5,8,3,7,1,7,2,5,52,34,18,26,12,14,0,0,0,11,8,3,8,6,2
56797301,16,10,6,0,6,2,1,1,0,0,0,1,2,1,2,0,0,0,0,4,3,1,8,4,4,0,0,0,4,3,1,0,0,0
56797302,15,8,7,0,1,5,0,0,0,1,1,1,3,1,1,0,3,2,1,3,1,2,6,4,2,0,0,0,3,1,2,0,0,0
56797304,18,10,8,0,3,2,2,1,0,0,0,4,1,0,4,1,2,2,0,7,4,3,4,1,3,1,1,0,2,2,0,2,0,2
56797305,63,37,26,3,20,7,8,2,1,2,0,11,4,1,3,0,4,1,3,39,24,15,15,7,8,0,0,0,4,4,0,1,1,0
56797306,37,21,16,7,4,4,3,4,1,1,1,6,2,2,1,0,0,0,0,17,9,8,12,6,6,0,0,0,4,3,1,4,3,1
56797307,13,8,5,6,1,1,0,1,0,0,0,2,1,0,0,0,1,1,0,4,3,1,3,1,2,0,0,0,2,0,2,3,3,0
56797308,19,9,10,1,4,2,2,2,2,0,0,1,2,1,0,0,3,2,1,8,3,5,3,2,1,0,0,0,3,1,2,2,1,1
1876310,0,0,0,0,0,0,0,0,0,0,0,0,0,0,0,0,0,0,0,0,0,0,0,0,0,0,0,0,0,0,0,0,0,0
56800701,1020,545,475,8,281,78,123,98,25,20,18,82,76,89,85,7,68,33,35,374,238,136,376,182,194,14,1,13,142,63,79,46,28,18
56800703,150,82,68,2,52,12,15,9,6,4,6,8,13,6,6,0,15,10,5,50,33,17,56,28,28,1,1,0,22,7,15,6,3,3
56801501,38,20,18,0,16,4,2,1,0,0,0,2,1,3,6,0,1,0,1,15,8,7,16,9,7,1,0,1,2,1,1,3,2,1
56801502,20,11,9,0,5,2,2,1,0,0,0,3,0,2,5,0,0,0,0,7,5,2,13,6,7,0,0,0,0,0,0,0,0,0
56801504,1736,937,799,25,444,141,175,148,45,48,30,121,160,146,181,9,118,67,51,592,387,205,659,308,351,20,5,15,273,120,153,74,50,24
56801505,197,113,84,0,37,18,35,12,1,11,4,17,17,14,26,1,11,6,5,35,28,7,82,45,37,1,0,1,65,32,33,3,2,1
56801506,121,64,57,0,39,8,10,8,4,10,2,12,10,9,6,0,7,3,4,44,25,19,46,25,21,3,2,1,18,6,12,3,3,0
56802301,47,29,18,1,9,3,3,3,1,3,3,3,6,5,2,1,1,1,0,13,10,3,17,7,10,0,0,0,10,5,5,6,6,0
56802302,276,150,126,3,56,21,27,23,9,4,11,25,28,20,35,1,7,3,4,65,40,25,108,56,52,5,3,2,80,42,38,11,6,5
56802303,51,29,22,1,12,9,1,4,0,4,3,2,3,5,4,1,4,2,2,16,10,6,14,7,7,0,0,0,14,8,6,3,2,1
56802304,15,8,7,1,3,2,0,2,0,1,0,2,2,0,2,0,0,0,0,3,2,1,4,2,2,1,0,1,7,4,3,0,0,0
56802305,12,7,5,0,3,0,2,0,0,0,1,0,0,4,1,0,0,0,0,4,3,1,4,2,2,0,0,0,4,2,2,0,0,0
56802306,64,39,25,4,7,5,6,11,0,2,1,2,4,8,10,0,3,2,1,23,17,6,23,14,9,1,1,0,14,5,9,0,0,0
56802307,23,15,8,2,6,3,0,3,1,0,0,0,2,2,3,0,3,3,0,14,9,5,3,1,2,0,0,0,3,2,1,0,0,0
56802308,39,22,17,2,9,4,6,3,2,1,0,2,2,3,4,0,3,1,2,18,12,6,11,6,5,0,0,0,4,2,2,3,1,2
56802309,42,24,18,0,4,3,5,7,0,1,0,4,6,1,6,1,0,0,0,9,7,2,16,8,8,1,0,1,13,7,6,3,2,1
56805801,50,29,21,3,15,7,8,4,3,0,0,1,2,4,2,0,1,1,0,15,12,3,24,10,14,0,0,0,8,4,4,2,2,0
56805802,16,9,7,0,3,2,2,1,0,2,0,2,2,1,0,0,1,1,0,1,1,0,10,5,5,0,0,0,4,2,2,0,0,0
56805803,816,448,368,16,207,62,85,90,23,21,14,54,85,54,77,10,50,34,16,290,187,103,328,158,170,9,4,5,108,43,65,31,22,9
56805804,25,12,13,1,2,1,5,1,0,1,0,5,2,4,2,0,1,0,1,7,4,3,11,6,5,1,0,1,5,2,3,0,0,0
56805805,15,7,8,2,1,1,4,1,1,1,0,1,3,0,0,0,0,0,0,8,4,4,4,1,3,1,1,0,2,1,1,0,0,0
56809102,64,36,28,4,21,3,6,3,2,5,0,6,1,1,7,0,6,2,4,29,21,8,23,10,13,1,0,1,5,3,2,0,0,0
56809103,175,93,82,2,38,12,21,20,3,6,0,12,22,20,14,0,10,5,5,61,40,21,68,34,34,2,0,2,25,8,17,9,6,3
56810402,54,27,27,0,15,6,1,7,1,3,0,5,5,5,4,0,0,0,0,20,14,6,23,10,13,1,0,1,10,3,7,0,0,0
56810403,195,107,88,3,37,30,13,17,7,4,4,10,25,22,17,2,14,6,8,58,41,17,65,27,38,4,2,2,50,28,22,4,3,1
56810404,12,6,6,0,2,0,1,2,1,1,1,3,0,0,0,0,0,0,0,3,3,0,6,2,4,1,1,0,2,0,2,0,0,0
56810405,19,8,11,0,6,0,0,1,0,0,2,4,1,2,2,0,1,0,1,5,3,2,7,2,5,1,1,0,5,2,3,0,0,0
56810406,45,25,20,5,9,5,4,6,2,0,2,2,1,2,7,0,0,0,0,20,13,7,17,6,11,1,1,0,4,3,1,3,2,1
56810407,13,8,5,0,1,0,1,0,0,3,1,1,2,4,0,0,1,1,0,1,1,0,5,1,4,1,1,0,4,3,1,1,1,0
56810408,47,29,18,2,9,8,1,0,0,2,2,6,6,4,3,0,4,3,1,7,5,2,15,9,6,1,0,1,18,11,7,2,1,1
56810409,20,11,9,4,6,2,1,1,0,0,1,0,0,1,3,1,1,1,0,8,6,2,4,1,3,0,0,0,5,2,3,2,1,1
56810410,39,23,16,2,9,4,6,3,1,1,0,4,3,2,2,0,4,2,2,14,9,5,10,4,6,0,0,0,7,4,3,4,4,0
56814701,86,56,30,5,24,4,7,10,5,3,0,9,9,2,5,1,9,7,2,40,24,16,20,16,4,2,1,1,9,3,6,6,5,1
56814704,362,201,161,17,63,26,85,28,27,9,2,28,23,16,19,2,32,17,15,126,77,49,146,81,65,5,2,3,33,13,20,20,11,9
56815501,21,12,9,6,3,1,1,5,0,0,0,3,2,0,0,0,4,3,1,10,7,3,5,1,4,0,0,0,2,1,1,0,0,0
56815502,37,18,19,4,11,3,6,2,1,4,0,2,1,0,2,0,6,3,3,15,8,7,10,5,5,1,0,1,5,2,3,0,0,0
56815503,13,8,5,2,1,1,1,2,0,0,0,0,2,1,2,0,0,0,0,3,2,1,4,1,3,0,0,0,6,5,1,0,0,0
56815504,308,170,138,3,95,20,38,31,8,5,9,18,17,22,30,3,19,13,6,113,75,38,124,55,69,5,2,3,39,20,19,8,5,3
56815507,17,9,8,0,5,0,1,4,0,0,0,1,0,1,2,0,2,2,0,8,5,3,5,1,4,0,0,0,1,0,1,1,1,0
56815508,596,324,272,10,165,38,65,52,13,25,11,42,58,48,48,1,41,21,20,191,124,67,229,109,120,6,2,4,101,48,53,28,20,8
56815509,16,11,5,4,3,0,1,1,0,1,0,0,1,1,2,0,0,0,0,8,7,1,5,2,3,0,0,0,3,2,1,0,0,0
56815510,26,16,10,2,5,4,0,2,2,1,0,4,1,3,1,0,0,0,0,5,4,1,12,5,7,1,1,0,3,2,1,5,4,1
56815511,51,24,27,1,14,4,5,7,4,1,0,2,4,2,4,0,3,0,3,28,18,10,15,3,12,1,1,0,2,1,1,2,1,1
3419320,0,0,0,0,0,0,0,0,0,0,0,0,0,0,0,0,0,0,0,0,0,0,0,0,0,0,0,0,0,0,0,0,0,0
53062001,245,138,107,1,54,17,30,24,7,1,5,16,17,19,33,1,15,10,5,85,55,30,86,40,46,3,3,0,50,25,25,6,5,1
54618601,108,54,54,5,16,11,2,14,1,2,0,8,6,12,27,0,7,1,6,50,29,21,37,16,21,1,1,0,9,4,5,4,3,1
0864360,0,0,0,0,0,0,0,0,0,0,0,0,0,0,0,0,0,0,0,0,0,0,0,0,0,0,0,0,0,0,0,0,0,0
1450250,0,0,0,0,0,0,0,0,0,0,0,0,0,0,0,0,0,0,0,0,0,0,0,0,0,0,0,0,0,0,0,0,0,0
56820101,160,85,75,5,41,10,21,13,4,1,3,11,17,11,20,1,5,2,3,56,36,20,65,32,33,1,0,1,30,14,16,3,1,2
56820102,24,12,12,1,9,1,3,0,0,0,0,4,1,5,0,0,2,1,1,9,5,4,8,5,3,0,0,0,4,0,4,1,1,0
56820103,54,26,28,2,15,5,5,4,0,2,2,3,3,8,5,0,4,2,2,22,12,10,16,6,10,0,0,0,11,6,5,1,0,1
56820104,68,33,35,1,18,4,12,9,0,1,1,9,3,3,4,1,3,0,3,30,17,13,25,13,12,0,0,0,7,1,6,3,2,1
56820105,49,33,16,2,7,12,5,4,1,1,0,5,3,3,5,0,1,1,0,15,12,3,24,15,9,0,0,0,7,4,3,2,1,1
56820106,221,125,96,3,61,28,20,17,4,2,6,19,28,15,13,1,13,9,4,91,55,36,76,39,37,2,0,2,25,12,13,14,10,4
56820107,70,42,28,3,16,8,8,11,1,2,0,3,6,5,4,1,4,1,3,21,13,8,33,22,11,2,1,1,9,4,5,1,1,0
56820108,80,45,35,2,25,5,8,6,4,4,2,5,8,3,5,0,2,2,0,38,26,12,30,16,14,0,0,0,5,0,5,5,1,4
54692501,49,31,18,1,14,2,7,5,2,0,0,3,8,5,1,0,2,1,1,29,22,7,11,5,6,0,0,0,7,3,4,0,0,0
54692502,36,17,19,4,10,1,3,1,3,0,0,3,1,4,4,0,2,1,1,12,6,6,10,6,4,0,0,0,8,2,6,4,2,2
54692503,34,20,14,0,11,2,2,5,1,1,0,2,2,3,4,0,10,5,5,11,8,3,7,4,3,0,0,0,6,3,3,0,0,0
54692504,75,39,36,0,26,11,3,7,2,2,1,3,7,4,7,0,9,4,5,29,16,13,23,11,12,1,1,0,7,3,4,6,4,2
54692505,37,17,20,0,11,2,5,3,1,0,0,2,3,4,4,0,4,0,4,16,10,6,14,6,8,0,0,0,3,1,2,0,0,0
56828701,73,39,34,3,12,7,13,7,3,2,1,7,11,4,2,0,3,3,0,25,13,12,31,17,14,1,0,1,11,5,6,2,1,1
56829501,38,23,15,1,7,4,3,4,1,2,0,4,3,3,3,0,0,0,0,12,6,6,14,10,4,3,2,1,6,2,4,3,3,0
56829503,13,10,3,0,0,1,1,0,2,1,0,3,5,0,0,0,1,1,0,2,1,1,4,4,0,0,0,0,5,3,2,1,1,0
56829504,96,56,40,1,26,8,7,15,1,2,0,5,10,8,9,1,8,5,3,39,23,16,32,16,16,0,0,0,13,8,5,4,4,0
56829505,160,87,73,2,33,9,15,20,2,4,3,14,19,13,21,0,8,5,3,46,30,16,61,31,30,3,0,3,35,18,17,7,3,4
56829506,52,30,22,0,13,5,6,1,2,3,1,7,4,5,3,0,3,2,1,21,14,7,19,10,9,0,0,0,8,3,5,1,1,0
56830902,11,8,3,1,2,0,1,3,0,0,0,0,0,1,2,0,0,0,0,3,2,1,5,4,1,0,0,0,3,2,1,0,0,0
56830903,12,8,4,0,5,1,0,0,2,1,0,0,0,1,1,0,1,1,0,5,5,0,4,1,3,0,0,0,2,1,1,0,0,0
56830904,513,268,245,6,134,44,56,28,31,20,10,54,30,37,46,2,33,15,18,137,84,53,185,97,88,8,2,6,133,61,72,17,9,8
3181750,0,0,0,0,0,0,0,0,0,0,0,0,0,0,0,0,0,0,0,0,0,0,0,0,0,0,0,0,0,0,0,0,0,0
55369701,165,93,72,1,45,13,13,21,4,3,1,12,12,17,14,5,14,8,6,65,43,22,54,28,26,0,0,0,20,8,12,12,6,6
55369702,46,26,20,0,16,4,5,5,0,0,0,2,5,4,4,0,4,3,1,16,10,6,17,9,8,1,0,1,6,3,3,2,1,1
55369704,990,560,430,12,304,101,92,56,32,14,10,121,82,41,69,19,154,88,66,348,215,133,280,133,147,10,3,7,88,45,43,110,76,34
1484822,0,0,0,0,0,0,0,0,0,0,0,0,0,0,0,0,0,0,0,0,0,0,0,0,0,0,0,0,0,0,0,0,0,0
1713610,0,0,0,0,0,0,0,0,0,0,0,0,0,0,0,0,0,0,0,0,0,0,0,0,0,0,0,0,0,0,0,0,0,0
1749040,0,0,0,0,0,0,0,0,0,0,0,0,0,0,0,0,0,0,0,0,0,0,0,0,0,0,0,0,0,0,0,0,0,0
1749630,0,0,0,0,0,0,0,0,0,0,0,0,0,0,0,0,0,0,0,0,0,0,0,0,0,0,0,0,0,0,0,0,0,0
1749980,0,0,0,0,0,0,0,0,0,0,0,0,0,0,0,0,0,0,0,0,0,0,0,0,0,0,0,0,0,0,0,0,0,0
1758971,0,0,0,0,0,0,0,0,0,0,0,0,0,0,0,0,0,0,0,0,0,0,0,0,0,0,0,0,0,0,0,0,0,0
1758972,0,0,0,0,0,0,0,0,0,0,0,0,0,0,0,0,0,0,0,0,0,0,0,0,0,0,0,0,0,0,0,0,0,0
3034020,0,0,0,0,0,0,0,0,0,0,0,0,0,0,0,0,0,0,0,0,0,0,0,0,0,0,0,0,0,0,0,0,0,0
3118550,0,0,0,0,0,0,0,0,0,0,0,0,0,0,0,0,0,0,0,0,0,0,0,0,0,0,0,0,0,0,0,0,0,0
3119280,0,0,0,0,0,0,0,0,0,0,0,0,0,0,0,0,0,0,0,0,0,0,0,0,0,0,0,0,0,0,0,0,0,0
3191550,0,0,0,0,0,0,0,0,0,0,0,0,0,0,0,0,0,0,0,0,0,0,0,0,0,0,0,0,0,0,0,0,0,0
56789201,259,130,129,4,47,30,31,17,7,8,3,22,15,26,37,2,10,5,5,70,43,27,96,46,50,4,1,3,67,30,37,12,5,7
56789202,205,117,88,8,35,25,23,21,11,1,3,18,19,15,20,0,11,7,4,48,33,15,89,46,43,0,0,0,50,25,25,7,6,1
56789203,26,15,11,1,7,2,0,4,0,0,1,1,6,2,2,0,0,0,0,15,10,5,6,3,3,0,0,0,5,2,3,0,0,0
56789204,95,49,46,0,22,6,14,4,5,5,1,6,9,4,14,0,5,4,1,24,14,10,36,16,20,0,0,0,29,15,14,1,0,1
56789205,134,66,68,1,32,9,17,20,1,5,3,13,8,10,9,0,9,4,5,54,34,20,49,18,31,3,1,2,16,7,9,3,2,1
56789206,733,388,345,9,124,57,91,38,26,24,18,64,64,59,121,3,28,15,13,128,82,46,286,137,149,12,1,11,267,146,121,12,7,5
56789208,155,84,71,0,40,13,18,18,4,8,4,12,16,8,11,0,9,7,2,38,25,13,78,40,38,1,0,1,27,10,17,2,2,0
56789209,31,16,15,0,7,5,5,1,2,0,0,4,3,0,1,2,12,5,7,7,6,1,6,3,3,0,0,0,3,2,1,3,0,3
56789210,237,148,89,4,59,42,27,8,6,0,2,36,19,4,12,10,82,49,33,61,39,22,38,25,13,4,3,1,9,5,4,43,27,16
56789211,112,89,23,1,64,0,3,1,3,1,2,11,3,12,2,1,3,3,0,8,5,3,30,24,6,13,10,3,48,38,10,10,9,1
56789212,14,7,7,0,2,2,1,0,0,1,1,0,1,2,3,0,0,0,0,2,2,0,4,2,2,0,0,0,8,3,5,0,0,0
56789213,966,512,454,5,137,71,96,57,46,37,24,98,85,109,137,4,44,26,18,183,118,65,383,197,186,21,9,12,299,144,155,36,18,18
56789215,76,44,32,1,22,4,7,6,5,2,0,8,6,4,9,0,9,7,2,26,17,9,27,14,13,1,0,1,7,3,4,6,3,3
56789216,181,105,76,1,47,12,18,23,7,7,4,11,16,14,12,3,21,15,6,50,32,18,63,33,30,4,2,2,24,8,16,19,15,4
56789217,2212,1159,1053,12,375,173,196,162,69,114,41,234,213,236,266,22,93,50,43,396,236,160,886,453,433,40,13,27,712,355,357,85,52,33
56789218,17,9,8,3,1,1,1,0,0,1,2,0,3,1,3,0,6,5,1,1,1,0,6,1,5,0,0,0,4,2,2,0,0,0
56789219,91,52,39,0,10,11,10,5,2,7,2,13,3,8,16,1,6,1,5,22,18,4,38,20,18,2,0,2,22,13,9,1,0,1
56789220,676,346,330,4,122,47,52,63,25,30,17,69,72,59,75,6,32,16,16,176,108,68,276,133,143,15,7,8,162,71,91,15,11,4
56789221,804,413,391,6,174,53,93,69,26,34,21,72,76,55,84,9,50,22,28,264,163,101,305,141,164,13,6,7,136,55,81,36,26,10
56789222,60,34,26,1,16,6,4,4,5,1,0,8,4,3,3,0,9,5,4,16,12,4,21,10,11,1,1,0,11,5,6,2,1,1
56789224,363,197,166,7,83,35,44,32,4,8,6,32,34,33,24,4,17,9,8,109,73,36,142,69,73,4,0,4,73,36,37,18,10,8
56789225,96,50,46,0,22,8,12,10,4,3,5,13,9,4,4,0,6,3,3,27,18,9,41,17,24,3,0,3,15,8,7,4,4,0
56789226,899,462,437,3,173,66,80,66,32,42,19,101,98,61,107,6,43,19,24,253,164,89,361,174,187,17,5,12,200,87,113,25,13,12
56789227,1465,780,685,6,254,102,146,122,52,60,24,153,117,155,181,15,88,52,36,319,200,119,529,256,273,30,13,17,418,210,208,81,49,32
56789228,129,79,50,2,26,16,9,17,3,3,2,17,12,9,8,1,18,8,10,32,22,10,49,31,18,0,0,0,20,11,9,10,7,3
56789229,46,22,24,1,13,5,5,2,4,1,0,2,3,2,3,4,17,3,14,18,11,7,2,2,0,0,0,0,0,0,0,9,6,3
56789230,26,15,11,2,13,1,2,2,0,0,0,2,1,0,2,0,1,0,1,13,9,4,7,4,3,0,0,0,4,1,3,1,1,0
56789231,430,233,197,2,79,25,44,28,17,26,21,41,35,30,44,5,31,15,16,96,63,33,165,84,81,8,3,5,111,54,57,19,14,5
56789233,1732,913,819,14,329,127,184,131,53,76,44,175,139,151,221,9,96,47,49,387,262,125,693,335,358,31,15,16,461,210,251,64,44,20
56789235,25,14,11,0,5,1,7,2,1,2,0,5,0,1,1,0,3,1,2,8,5,3,9,4,5,0,0,0,3,3,0,2,1,1
56789236,71,53,18,2,16,14,6,7,2,0,0,11,2,1,0,6,36,27,9,16,13,3,5,4,1,0,0,0,0,0,0,14,9,5
56789237,307,169,138,2,57,19,34,28,14,8,6,31,27,22,41,3,20,9,11,71,48,23,123,62,61,9,2,7,71,36,35,13,12,1
56789238,65,45,20,2,15,9,10,2,4,1,1,8,3,0,5,2,10,9,1,29,20,9,21,12,9,0,0,0,1,1,0,4,3,1
56789239,589,323,266,6,158,37,60,44,27,18,7,77,31,30,52,8,77,42,35,187,106,81,177,92,85,4,0,4,105,58,47,39,25,14
56789240,753,459,294,9,154,59,110,68,61,23,14,83,39,33,45,10,97,60,37,201,131,70,232,128,104,21,9,12,100,44,56,102,87,15
56789241,1840,908,932,9,388,129,193,153,73,71,43,151,192,138,224,14,105,51,54,518,298,220,768,357,411,29,9,20,355,149,206,65,44,21
56789242,448,241,207,4,94,36,34,44,14,16,7,45,55,33,47,2,22,9,13,99,72,27,174,91,83,7,1,6,130,58,72,16,10,6
56789243,128,69,59,2,17,8,13,10,2,6,1,17,8,28,11,0,5,3,2,25,17,8,52,29,23,6,3,3,39,16,23,1,1,0
56789244,562,284,278,6,104,40,60,34,11,24,16,63,50,55,82,4,25,11,14,125,80,45,223,102,121,8,1,7,151,70,81,30,20,10
50208101,1065,542,523,10,287,87,132,106,24,30,18,92,68,84,82,7,83,41,42,414,241,173,404,184,220,16,6,10,103,42,61,45,28,17
50208102,502,270,232,2,146,44,37,51,15,6,1,59,37,40,43,6,113,53,60,180,108,72,104,53,51,5,2,3,33,15,18,67,39,28
50208103,140,74,66,0,39,17,18,11,2,1,1,11,15,12,10,1,6,2,4,46,29,17,59,29,30,2,2,0,20,6,14,7,6,1
50208105,867,464,403,6,249,69,106,86,29,13,12,78,66,43,83,4,89,43,46,345,213,132,283,135,148,11,4,7,87,31,56,52,38,14
50208106,1706,943,763,18,405,161,207,178,53,33,28,170,155,94,125,18,172,91,81,639,412,227,574,266,308,19,4,15,177,77,100,125,93,32
50208107,54,27,27,0,13,2,2,3,1,3,2,9,4,5,6,1,0,0,0,17,8,9,17,8,9,1,0,1,15,8,7,4,3,1
50208108,115,72,43,5,26,18,23,8,4,1,1,14,7,1,2,4,19,9,10,44,29,15,22,10,12,0,0,0,4,2,2,26,22,4
50208109,129,74,55,2,43,10,11,4,3,3,2,10,6,7,9,3,21,12,9,40,24,16,31,16,15,1,0,1,18,8,10,18,14,4
50208110,1211,668,543,11,302,109,125,160,35,35,12,89,73,80,125,10,123,69,54,446,272,174,442,215,227,11,4,7,123,58,65,66,50,16
50208113,2928,1548,1380,17,724,269,358,337,81,72,34,245,224,185,253,31,368,194,174,1082,655,427,996,467,529,31,13,18,293,125,168,158,94,64
50208114,793,433,360,2,183,99,92,87,33,16,9,61,51,49,72,13,75,44,31,328,208,120,260,123,137,10,3,7,84,32,52,36,23,13
50208115,222,121,101,5,58,21,36,16,7,7,5,14,13,7,16,3,43,21,22,87,52,35,55,27,28,2,0,2,12,8,4,23,13,10
50129801,129,65,64,1,27,8,11,7,3,8,1,9,12,17,20,0,4,2,2,29,22,7,53,23,30,5,2,3,37,16,21,1,0,1
50129802,3927,2056,1871,32,875,250,408,382,127,136,61,340,347,275,498,26,325,167,158,1231,741,490,1485,698,787,57,16,41,625,292,333,204,142,62
50129803,17,12,5,1,4,1,5,1,0,0,0,2,1,2,0,0,0,0,0,5,3,2,10,8,2,0,0,0,2,1,1,0,0,0
50129804,2613,1347,1266,22,587,169,268,234,64,88,54,209,292,203,313,15,166,85,81,730,437,293,1096,542,554,41,14,27,521,235,286,59,34,25
50129805,86,64,22,0,19,12,6,14,5,1,3,11,0,1,11,2,5,3,2,41,35,6,25,18,7,5,2,3,9,5,4,1,1,0
50129806,1584,831,753,10,324,99,138,146,41,50,26,155,172,128,219,12,75,50,25,454,285,169,647,297,350,27,8,19,330,162,168,51,29,22
50129807,43,22,21,0,6,2,2,3,1,2,1,6,4,11,3,0,2,2,0,7,3,4,11,6,5,1,1,0,22,10,12,0,0,0
50129808,168,97,71,0,26,17,21,11,5,6,7,21,15,13,14,1,3,2,1,41,26,15,64,38,26,2,0,2,53,28,25,5,3,2
50129809,218,112,106,0,40,10,25,16,8,13,8,19,32,16,22,1,8,3,5,43,20,23,104,58,46,2,0,2,56,27,29,5,4,1
50129810,20,9,11,0,0,5,3,4,3,0,0,2,0,1,2,0,1,1,0,3,1,2,9,4,5,1,0,1,6,3,3,0,0,0
50129811,82,47,35,1,13,5,5,7,4,4,4,6,11,10,7,1,4,1,3,15,12,3,24,15,9,1,1,0,36,16,20,2,2,0
1752420,0,0,0,0,0,0,0,0,0,0,0,0,0,0,0,0,0,0,0,0,0,0,0,0,0,0,0,0,0,0,0,0,0,0
3119360,0,0,0,0,0,0,0,0,0,0,0,0,0,0,0,0,0,0,0,0,0,0,0,0,0,0,0,0,0,0,0,0,0,0
3294950,0,0,0,0,0,0,0,0,0,0,0,0,0,0,0,0,0,0,0,0,0,0,0,0,0,0,0,0,0,0,0,0,0,0
50231601,663,369,294,4,103,69,86,61,21,26,6,61,67,50,76,3,19,17,2,135,87,48,306,161,145,15,4,11,179,93,86,9,7,2
50231602,71,42,29,3,13,10,5,10,0,1,0,5,6,5,8,1,5,2,3,25,16,9,26,16,10,0,0,0,15,8,7,0,0,0
50231603,84,44,40,0,17,8,6,4,0,3,3,5,18,4,12,0,1,0,1,28,18,10,35,18,17,1,0,1,18,8,10,1,0,1
50231604,255,140,115,4,48,28,21,34,8,6,8,14,24,27,17,1,5,2,3,97,65,32,95,43,52,3,1,2,53,28,25,2,1,1
50231605,38,23,15,0,8,9,2,7,1,2,0,0,3,4,2,0,2,1,1,17,11,6,15,9,6,0,0,0,3,2,1,1,0,1
50231606,423,218,205,7,94,41,53,38,13,7,4,27,49,35,38,4,18,10,8,115,71,44,185,80,105,6,2,4,89,48,41,10,7,3
50231607,10,5,5,0,0,0,1,1,0,1,1,0,4,0,1,0,0,0,0,1,0,1,5,3,2,1,1,0,3,1,2,0,0,0
50231608,122,63,59,2,25,20,9,10,7,3,2,12,8,5,14,0,10,5,5,53,29,24,42,21,21,1,0,1,13,6,7,3,2,1
50231609,1038,557,481,6,250,86,114,79,25,34,8,97,89,76,122,10,68,34,34,301,187,114,383,194,189,18,7,11,230,112,118,38,23,15
50231610,67,37,30,0,17,8,11,4,3,0,1,5,4,4,10,0,1,1,0,26,15,11,25,13,12,1,0,1,12,7,5,2,1,1
50231611,630,333,297,4,146,50,63,65,15,19,13,70,45,45,65,2,63,29,34,185,108,77,206,100,106,14,3,11,131,69,62,31,24,7
50231612,321,171,150,3,62,29,30,42,6,12,12,31,18,28,36,2,13,8,5,69,49,20,136,69,67,4,1,3,96,43,53,3,1,2
50231613,1083,580,503,8,234,119,109,94,39,31,15,107,100,67,115,9,90,47,43,292,193,99,403,196,207,22,8,14,213,95,118,63,41,22
50231614,61,35,26,0,19,1,9,3,5,3,0,2,3,4,6,2,8,6,2,23,13,10,17,9,8,0,0,0,7,2,5,6,5,1
50231615,872,457,415,3,221,55,92,92,20,19,16,79,75,69,93,11,64,32,32,303,186,117,320,143,177,10,1,9,135,64,71,40,31,9
50231616,11,9,2,1,2,1,0,2,1,1,0,0,2,0,1,0,1,0,1,2,2,0,3,3,0,0,0,0,3,2,1,2,2,0
50231617,580,331,249,5,143,57,54,50,21,16,9,60,44,38,37,15,66,35,31,168,118,50,172,88,84,8,1,7,99,42,57,67,47,20
56835001,204,105,99,0,47,18,24,12,2,4,9,23,16,16,24,1,4,2,2,49,29,20,94,49,45,8,4,4,49,21,28,0,0,0
56835002,137,76,61,2,34,15,13,16,2,3,1,17,12,8,10,0,10,4,6,46,30,16,51,26,25,2,0,2,26,15,11,2,1,1
56835003,117,62,55,2,25,11,15,8,5,1,3,13,11,6,11,0,7,4,3,49,30,19,35,15,20,1,1,0,22,9,13,3,3,0
56835004,664,347,317,9,137,54,83,54,17,15,12,56,71,62,70,4,45,20,25,208,128,80,240,113,127,18,5,13,113,52,61,40,29,11
55522301,34,23,11,2,6,3,3,11,0,0,0,0,4,0,5,0,2,2,0,16,12,4,10,6,4,1,0,1,5,3,2,0,0,0
55522302,78,41,37,3,18,6,9,4,1,1,1,9,11,4,6,1,2,2,0,40,24,16,18,6,12,1,0,1,13,6,7,4,3,1
55522303,25,14,11,5,2,4,1,2,1,0,0,1,3,3,0,0,1,1,0,10,8,2,8,4,4,0,0,0,6,1,5,0,0,0
55522304,58,34,24,2,13,5,7,6,1,0,1,6,12,3,0,0,4,4,0,23,17,6,19,11,8,1,0,1,8,1,7,3,1,2
55522305,174,86,88,21,27,20,15,22,6,5,2,10,15,10,13,1,12,6,6,89,48,41,49,20,29,3,1,2,13,5,8,8,6,2
55522306,48,26,22,4,7,4,3,11,0,1,1,2,5,5,4,0,1,1,0,16,11,5,22,10,12,1,0,1,7,3,4,1,1,0
56838401,29,16,13,0,5,1,4,3,1,1,1,3,6,0,2,0,0,0,0,6,2,4,17,10,7,0,0,0,6,4,2,0,0,0
56838402,77,39,38,1,18,7,8,5,4,5,0,4,7,1,11,0,0,0,0,36,17,19,26,17,9,3,0,3,10,4,6,2,1,1
56139801,172,94,78,8,70,7,19,8,10,3,2,21,10,3,8,0,10,4,6,68,41,27,57,28,29,3,1,2,26,15,11,8,5,3
56140102,26,13,13,1,4,4,4,1,1,2,0,2,1,4,2,0,0,0,0,4,3,1,11,5,6,1,1,0,10,4,6,0,0,0
56140105,7,5,2,2,3,0,0,1,0,0,0,0,0,1,0,0,0,0,0,2,2,0,4,2,2,0,0,0,1,1,0,0,0,0
56140106,20,14,6,0,5,1,2,1,0,1,0,4,2,0,2,0,0,0,0,5,5,0,8,5,3,0,0,0,5,3,2,2,1,1
56141001,197,117,80,26,85,19,14,12,7,3,0,7,6,7,4,3,32,18,14,111,71,40,36,21,15,1,1,0,5,1,4,12,5,7
56141003,26,18,8,4,6,2,3,6,0,0,0,1,0,0,2,0,2,2,0,12,10,2,10,5,5,0,0,0,2,1,1,0,0,0
56141004,48,23,25,5,15,4,4,3,7,0,0,4,1,2,2,0,4,2,2,21,10,11,15,6,9,1,0,1,1,0,1,6,5,1
56142801,119,69,50,2,52,9,14,6,1,0,1,10,7,6,9,0,11,8,3,45,31,14,32,16,16,6,3,3,15,4,11,10,7,3
56144401,229,140,89,23,122,16,8,11,4,1,1,13,8,11,4,3,23,9,14,124,86,38,46,25,21,3,0,3,12,3,9,21,17,4
56144402,105,60,45,10,56,3,4,2,1,0,1,11,10,2,1,1,7,5,2,47,31,16,31,15,16,2,0,2,7,2,5,11,7,4
56144403,53,30,23,5,25,3,4,3,0,0,1,3,0,3,4,1,6,1,5,22,16,6,13,8,5,2,0,2,4,2,2,6,3,3
56144404,50,28,22,3,26,2,7,2,1,0,0,2,5,0,0,0,8,7,1,29,16,13,7,1,6,0,0,0,4,2,2,2,2,0
56144405,29,18,11,5,14,2,0,0,0,0,0,1,4,2,0,0,2,2,0,11,8,3,9,7,2,0,0,0,7,1,6,0,0,0
56144406,188,105,83,29,87,7,7,12,2,1,1,10,10,10,7,0,17,8,9,84,55,29,58,24,34,1,1,0,22,12,10,6,5,1
0838442,0,0,0,0,0,0,0,0,0,0,0,0,0,0,0,0,0,0,0,0,0,0,0,0,0,0,0,0,0,0,0,0,0,0
56147901,91,52,39,1,30,5,14,5,5,2,2,4,8,3,8,2,6,3,3,35,24,11,34,17,17,2,0,2,10,5,5,4,3,1
56147902,15,7,8,2,4,2,0,0,2,0,0,1,0,2,0,1,1,0,1,4,2,2,4,2,2,2,1,1,3,1,2,1,1,0
56147903,22,13,9,0,2,2,0,0,3,2,0,5,1,2,4,0,1,1,0,3,3,0,9,2,7,1,0,1,8,7,1,0,0,0
56147904,187,114,73,14,71,32,11,4,7,6,2,18,7,4,7,2,13,6,7,96,72,24,52,18,34,1,1,0,19,11,8,6,6,0
56147905,8,4,4,0,3,0,1,2,0,0,0,1,0,1,0,0,1,0,1,3,3,0,1,0,1,0,0,0,3,1,2,0,0,0
56147906,474,267,207,3,178,34,54,18,14,6,10,34,32,36,38,6,37,20,17,174,104,70,157,80,77,10,4,6,53,27,26,43,32,11
56147907,1231,673,558,31,500,73,114,57,36,22,11,73,54,69,136,13,101,54,47,554,348,206,398,182,216,11,4,7,95,43,52,72,42,30
0214660,0,0,0,0,0,0,0,0,0,0,0,0,0,0,0,0,0,0,0,0,0,0,0,0,0,0,0,0,0,0,0,0,0,0
0214820,0,0,0,0,0,0,0,0,0,0,0,0,0,0,0,0,0,0,0,0,0,0,0,0,0,0,0,0,0,0,0,0,0,0
0215120,0,0,0,0,0,0,0,0,0,0,0,0,0,0,0,0,0,0,0,0,0,0,0,0,0,0,0,0,0,0,0,0,0,0
3025890,0,0,0,0,0,0,0,0,0,0,0,0,0,0,0,0,0,0,0,0,0,0,0,0,0,0,0,0,0,0,0,0,0,0
3025970,0,0,0,0,0,0,0,0,0,0,0,0,0,0,0,0,0,0,0,0,0,0,0,0,0,0,0,0,0,0,0,0,0,0
3026010,0,0,0,0,0,0,0,0,0,0,0,0,0,0,0,0,0,0,0,0,0,0,0,0,0,0,0,0,0,0,0,0,0,0
3026190,0,0,0,0,0,0,0,0,0,0,0,0,0,0,0,0,0,0,0,0,0,0,0,0,0,0,0,0,0,0,0,0,0,0
3026270,0,0,0,0,0,0,0,0,0,0,0,0,0,0,0,0,0,0,0,0,0,0,0,0,0,0,0,0,0,0,0,0,0,0
56138002,187,100,87,1,74,15,17,6,6,6,7,13,14,11,13,1,14,3,11,52,34,18,84,47,37,8,1,7,27,14,13,2,1,1
56138004,163,102,61,5,80,10,10,13,3,2,2,10,4,3,13,2,23,17,6,73,47,26,34,18,16,2,0,2,12,6,6,19,14,5
56138005,30,19,11,1,16,5,2,0,0,0,0,0,4,0,1,0,2,0,2,12,9,3,14,9,5,0,0,0,2,1,1,0,0,0
56138006,312,171,141,5,134,21,27,14,4,8,8,16,20,19,24,3,14,6,8,132,84,48,112,54,58,5,1,4,40,20,20,9,6,3
56138007,149,72,77,0,44,11,16,4,1,3,5,12,14,20,10,1,5,1,4,41,24,17,64,29,35,1,1,0,37,17,20,1,0,1
56138008,53,30,23,1,20,6,8,2,0,0,1,5,2,3,2,1,3,3,0,19,13,6,24,11,13,1,0,1,5,2,3,1,1,0
56138009,189,99,90,5,81,7,25,11,2,6,0,19,7,6,12,1,24,7,17,71,50,21,75,33,42,1,0,1,9,6,3,9,3,6
56138010,48,23,25,0,11,3,5,2,2,2,2,7,4,6,1,1,2,1,1,13,7,6,20,8,12,0,0,0,7,5,2,6,2,4
56138011,45,23,22,1,13,1,3,5,1,1,0,4,3,4,7,0,0,0,0,14,7,7,18,10,8,0,0,0,10,5,5,3,1,2
56138012,40,24,16,2,18,2,2,3,0,1,0,4,0,2,4,1,5,3,2,18,12,6,12,5,7,2,2,0,2,1,1,1,1,0
56138013,22,13,9,1,12,1,1,0,0,1,0,3,0,2,1,0,2,1,1,11,7,4,6,3,3,1,0,1,2,2,0,0,0,0
56138014,46,24,22,1,19,3,5,3,1,0,1,4,1,4,2,0,1,0,1,19,13,6,15,5,10,0,0,0,8,5,3,3,1,2
56138015,12,4,8,0,2,0,3,0,0,2,0,1,0,2,1,0,0,0,0,3,2,1,6,1,5,0,0,0,3,1,2,0,0,0
56138016,66,35,31,2,21,4,10,2,4,0,0,5,7,3,8,0,3,1,2,21,10,11,27,18,9,0,0,0,13,6,7,2,0,2
56138017,156,85,71,2,40,14,13,8,7,4,5,18,14,15,10,0,2,1,1,42,27,15,52,25,27,2,1,1,50,25,25,8,6,2
56138019,1557,863,694,9,804,87,148,99,39,10,10,114,41,61,84,16,259,138,121,727,433,294,376,182,194,18,3,15,85,46,39,92,61,31
56138021,66,47,19,1,52,2,1,0,0,0,0,8,1,1,0,0,4,4,0,8,5,3,17,15,2,8,2,6,14,8,6,15,13,2
56138022,40,28,12,0,11,1,3,4,0,1,1,6,0,3,4,2,7,4,3,14,10,4,11,8,3,0,0,0,5,3,2,3,3,0
56138023,838,436,402,6,272,57,82,42,20,22,14,96,45,78,71,6,34,14,20,215,134,81,327,154,173,11,7,4,231,113,118,20,14,6
56138024,1141,579,562,6,436,58,96,61,34,25,18,101,79,102,85,6,78,36,42,339,212,127,419,194,225,18,5,13,216,88,128,71,44,27
56138025,191,104,87,2,52,16,29,14,5,4,3,11,11,20,17,1,8,4,4,56,34,22,75,39,36,3,2,1,45,23,22,4,2,2
56138026,789,448,341,4,325,50,67,57,20,18,11,57,41,41,56,6,57,34,23,247,157,90,262,128,134,19,10,9,138,68,70,66,51,15
56138027,109,75,34,1,68,6,3,4,4,0,2,8,1,2,3,1,18,11,7,23,14,9,41,31,10,7,7,0,9,7,2,11,5,6
56138028,210,106,104,3,78,7,17,10,17,4,7,15,16,10,18,0,11,7,4,70,43,27,83,34,49,4,0,4,34,18,16,8,4,4
56138029,179,99,80,2,74,3,17,5,7,3,1,16,7,16,17,0,10,5,5,59,37,22,65,35,30,2,1,1,34,14,20,9,7,2
56138030,719,380,339,7,347,30,83,26,21,11,9,37,40,41,43,2,62,34,28,290,172,118,254,117,137,12,3,9,71,37,34,30,17,13
56138031,26,16,10,0,11,3,4,0,0,1,0,1,0,1,2,0,0,0,0,6,5,1,12,6,6,0,0,0,8,5,3,0,0,0
56138032,1861,976,885,7,886,70,154,99,45,28,16,129,117,106,151,6,170,80,90,706,427,279,668,323,345,31,14,17,233,104,129,53,28,25
56138033,425,221,204,2,154,22,39,24,16,3,4,39,25,25,41,5,37,18,19,134,81,53,150,69,81,10,5,5,65,32,33,29,16,13
56138034,899,545,354,12,310,59,95,44,40,18,13,110,23,45,61,16,79,56,23,239,154,85,269,138,131,7,2,5,126,58,68,179,137,42
56138035,234,146,88,2,118,17,17,14,6,2,1,20,11,11,11,3,53,31,22,71,53,18,62,34,28,5,3,2,14,4,10,29,21,8
56138036,635,331,304,6,289,36,53,28,17,9,4,51,31,36,53,9,63,37,26,210,119,91,226,106,120,14,7,7,94,43,51,28,19,9
56138037,849,458,391,5,342,51,88,55,30,13,9,71,35,50,58,6,58,37,21,298,181,117,311,147,164,11,7,4,136,67,69,35,19,16
56138038,2606,1385,1221,12,1259,114,250,146,59,34,31,171,122,163,174,19,191,100,91,1035,619,416,932,442,490,41,18,23,307,135,172,100,71,29
56138039,1033,540,493,6,374,66,111,56,36,21,19,111,56,69,65,6,77,35,42,346,209,137,356,174,182,23,10,13,150,58,92,81,54,27
56138040,2191,1161,1030,21,1055,85,203,125,51,27,19,160,123,120,128,11,194,99,95,821,507,314,783,360,423,39,18,21,225,101,124,129,76,53
3093540,0,0,0,0,0,0,0,0,0,0,0,0,0,0,0,0,0,0,0,0,0,0,0,0,0,0,0,0,0,0,0,0,0,0
3094010,0,0,0,0,0,0,0,0,0,0,0,0,0,0,0,0,0,0,0,0,0,0,0,0,0,0,0,0,0,0,0,0,0,0
3094190,0,0,0,0,0,0,0,0,0,0,0,0,0,0,0,0,0,0,0,0,0,0,0,0,0,0,0,0,0,0,0,0,0,0
3094270,0,0,0,0,0,0,0,0,0,0,0,0,0,0,0,0,0,0,0,0,0,0,0,0,0,0,0,0,0,0,0,0,0,0
3094430,0,0,0,0,0,0,0,0,0,0,0,0,0,0,0,0,0,0,0,0,0,0,0,0,0,0,0,0,0,0,0,0,0,0
56149502,32,14,18,4,5,1,7,0,6,1,0,3,1,3,0,1,3,0,3,8,4,4,12,5,7,0,0,0,8,4,4,1,1,0
56149503,239,135,104,5,67,11,21,14,28,9,5,27,13,18,9,1,7,2,5,74,51,23,88,51,37,4,0,4,56,23,33,10,8,2
56149504,6,5,1,0,2,0,0,1,0,0,0,2,0,0,0,0,0,0,0,2,1,1,2,2,0,0,0,0,1,1,0,1,1,0
56149505,118,64,54,7,54,5,11,10,3,1,2,6,3,6,4,2,7,3,4,62,42,20,33,11,22,3,0,3,9,4,5,4,4,0
56149506,73,40,33,3,38,7,4,2,1,1,1,4,2,5,4,1,3,0,3,41,24,17,24,13,11,0,0,0,4,2,2,1,1,0
56149507,24,15,9,2,10,0,4,0,2,1,0,3,0,0,1,1,1,0,1,14,9,5,5,4,1,0,0,0,4,2,2,0,0,0
56149509,39,18,21,4,11,3,5,0,1,0,0,7,0,5,0,0,6,3,3,14,10,4,14,4,10,0,0,0,3,0,3,2,1,1
56149510,297,159,138,3,101,19,27,23,12,5,2,23,25,20,20,3,9,4,5,98,59,39,122,64,58,4,2,2,55,23,32,9,7,2
56149511,200,112,88,8,72,7,22,11,12,4,1,21,7,13,10,2,14,9,5,81,51,30,62,33,29,3,1,2,31,12,19,9,6,3
56149512,222,122,100,13,89,11,22,14,5,6,2,10,14,13,15,1,17,9,8,79,52,27,84,44,40,3,0,3,33,14,19,6,3,3
56149514,402,211,191,12,142,33,29,22,22,9,5,24,23,33,23,3,20,13,7,135,84,51,161,73,88,6,4,2,68,30,38,12,7,5
56149515,17,11,6,1,6,1,0,4,1,0,0,2,2,0,0,0,6,3,3,5,4,1,3,2,1,0,0,0,0,0,0,3,2,1
56149516,278,167,111,8,118,12,37,14,19,6,1,18,13,13,11,2,31,21,10,121,73,48,78,44,34,2,2,0,27,13,14,19,14,5
56149518,33,19,14,2,16,1,3,1,3,0,0,2,1,2,1,0,4,3,1,17,10,7,7,4,3,2,0,2,3,2,1,0,0,0
56149519,444,246,198,9,192,22,49,23,24,5,4,28,26,23,20,2,30,15,15,193,122,71,151,68,83,4,2,2,48,27,21,18,12,6
56153301,68,41,27,2,21,16,2,5,4,3,0,4,2,1,6,1,10,6,4,28,19,9,14,6,8,1,0,1,7,4,3,8,6,2
56153302,5,3,2,1,1,0,0,0,0,0,0,3,0,0,0,0,0,0,0,2,1,1,3,2,1,0,0,0,0,0,0,0,0,0
56153304,505,291,214,26,171,36,47,42,13,6,3,27,35,48,25,7,39,20,19,251,171,80,145,67,78,5,2,3,43,15,28,22,16,6
56153305,9,5,4,1,0,1,0,0,0,0,0,5,1,0,1,0,0,0,0,2,1,1,0,0,0,1,1,0,6,3,3,0,0,0
56153306,18,10,8,1,9,0,1,0,0,0,1,3,1,1,1,0,1,1,0,10,7,3,4,1,3,0,0,0,3,1,2,0,0,0
56153307,14,9,5,4,6,0,0,0,0,1,0,1,1,0,0,1,1,0,1,6,3,3,5,4,1,0,0,0,2,2,0,0,0,0
56153308,13,9,4,4,3,3,0,1,0,0,0,0,0,1,0,0,0,0,0,4,3,1,6,4,2,1,1,0,1,0,1,1,1,0
56153311,10,6,4,1,1,2,1,0,2,0,0,0,1,1,0,0,0,0,0,5,4,1,4,2,2,0,0,0,1,0,1,0,0,0
56153312,11,7,4,1,4,1,0,1,1,0,0,1,1,1,0,0,1,1,0,3,3,0,5,3,2,1,0,1,1,0,1,0,0,0
56153315,32,19,13,8,5,3,3,5,0,0,0,3,0,4,0,1,1,0,1,19,12,7,5,3,2,0,0,0,4,2,2,3,2,1
56153316,41,21,20,9,11,2,6,1,1,0,0,4,3,1,2,0,3,2,1,24,11,13,8,5,3,1,1,0,1,0,1,4,2,2
56153318,20,10,10,0,3,0,0,1,1,1,0,4,1,4,4,0,0,0,0,4,2,2,10,5,5,1,0,1,5,3,2,0,0,0
56154101,323,187,136,11,169,15,20,15,8,9,1,11,24,29,6,1,19,14,5,156,103,53,95,43,52,3,1,2,38,17,21,12,9,3
54433701,112,62,50,11,40,8,4,6,2,0,4,4,8,9,10,2,15,11,4,41,24,17,32,14,18,2,1,1,11,5,6,11,7,4
54433702,75,44,31,2,22,7,5,0,8,0,0,5,12,11,2,0,7,3,4,22,16,6,26,16,10,0,0,0,10,3,7,10,6,4
54433703,16,8,8,1,4,1,2,0,0,1,0,1,0,3,0,0,0,0,0,5,4,1,6,4,2,0,0,0,5,0,5,0,0,0
54433704,19,10,9,0,5,1,1,3,1,1,0,0,3,2,1,0,2,1,1,6,4,2,6,3,3,0,0,0,5,2,3,0,0,0
56158401,228,132,96,8,103,16,20,11,2,4,2,15,13,14,9,3,20,12,8,103,67,36,56,24,32,3,1,2,25,12,13,21,16,5
56158403,26,14,12,0,12,1,1,2,3,3,2,0,0,0,0,0,2,1,1,12,7,5,6,2,4,2,1,1,2,2,0,2,1,1
56158405,11,4,7,0,5,0,0,1,1,0,0,4,0,0,0,0,2,0,2,4,2,2,2,1,1,1,1,0,2,0,2,0,0,0
56158407,13,7,6,0,4,2,1,0,1,0,0,2,0,1,2,0,3,1,2,4,2,2,3,1,2,0,0,0,1,1,0,2,2,0
56159201,447,240,207,5,150,32,46,26,16,13,8,30,42,34,34,2,23,10,13,148,95,53,163,83,80,14,5,9,91,44,47,8,3,5
0438263,0,0,0,0,0,0,0,0,0,0,0,0,0,0,0,0,0,0,0,0,0,0,0,0,0,0,0,0,0,0,0,0,0,0
56160601,334,187,147,9,143,34,26,14,11,3,4,28,15,19,19,1,25,10,15,147,100,47,110,48,62,3,1,2,32,13,19,17,15,2
56160602,32,18,14,3,5,7,6,1,0,0,0,2,2,4,1,0,2,0,2,12,7,5,15,9,6,0,0,0,3,2,1,0,0,0
56161401,17,10,7,0,9,2,1,1,0,0,0,2,0,0,0,0,1,1,0,7,5,2,7,3,4,0,0,0,2,1,1,0,0,0
56161402,108,69,39,6,45,11,7,5,6,0,0,6,6,5,3,3,8,4,4,65,48,17,17,7,10,0,0,0,9,4,5,9,6,3
56162201,92,47,45,1,38,5,4,7,4,2,0,11,4,4,6,1,2,1,1,35,23,12,39,18,21,0,0,0,13,4,9,3,1,2
56166501,311,185,126,22,119,20,30,25,13,2,3,17,16,16,18,4,27,17,10,143,92,51,96,47,49,7,2,5,14,9,5,24,18,6
56166502,18,13,5,2,7,2,0,2,0,0,0,1,1,2,0,0,2,2,0,10,8,2,4,2,2,0,0,0,2,1,1,0,0,0
56166503,38,23,15,1,9,2,6,1,5,0,0,2,4,4,1,1,0,0,0,18,15,3,14,6,8,1,1,0,4,0,4,1,1,0
56168101,1519,857,662,23,753,84,104,74,39,12,24,88,77,99,89,11,114,60,54,660,431,229,522,259,263,28,16,12,128,48,80,67,43,24
56168102,196,113,83,2,101,10,10,12,7,4,0,10,9,14,10,3,16,8,8,88,54,34,62,32,30,3,3,0,18,11,7,9,5,4
54623201,73,41,32,4,33,8,7,4,0,0,0,1,10,2,4,0,7,4,3,34,20,14,22,11,11,0,0,0,7,3,4,3,3,0
56172001,55,31,24,3,27,3,7,3,1,2,1,4,0,2,1,0,4,1,3,28,19,9,14,6,8,0,0,0,6,4,2,3,1,2
56172002,250,154,96,6,120,25,22,18,3,3,0,13,12,17,6,2,24,11,13,128,85,43,74,45,29,0,0,0,17,9,8,7,4,3
56172003,22,11,11,1,8,2,1,3,0,1,0,2,0,1,1,2,2,0,2,7,5,2,6,2,4,1,0,1,6,4,2,0,0,0
56172004,11,8,3,0,5,1,1,1,0,0,0,0,1,1,0,0,2,1,1,6,4,2,0,0,0,0,0,0,1,1,0,2,2,0
56172005,17,9,8,3,8,1,0,0,0,0,0,0,2,2,1,0,1,1,0,4,4,0,8,2,6,0,0,0,2,1,1,2,1,1
56172006,15,7,8,1,7,1,2,0,0,0,1,0,2,1,0,0,2,1,1,6,4,2,4,1,3,0,0,0,2,1,1,1,0,1
56173801,61,33,28,0,11,1,5,3,5,3,2,9,5,11,3,0,3,1,2,20,10,10,24,14,10,0,0,0,12,6,6,2,2,0
56173803,13,9,4,1,3,2,0,1,1,0,0,2,1,2,0,0,0,0,0,2,2,0,7,6,1,0,0,0,4,1,3,0,0,0
56174601,281,162,119,14,119,21,17,21,10,5,1,20,18,15,13,1,23,12,11,130,88,42,80,31,49,3,1,2,27,15,12,18,15,3
54625901,19,11,8,0,8,0,2,1,2,0,0,1,1,2,1,0,1,1,0,9,7,2,6,1,5,0,0,0,3,2,1,0,0,0
54625902,104,59,45,9,45,10,9,0,3,1,1,6,6,5,5,1,4,2,2,44,29,15,38,17,21,1,1,0,10,4,6,7,6,1
51416101,49,27,22,8,22,5,2,1,0,1,0,5,1,0,2,1,7,3,4,22,16,6,16,7,9,0,0,0,3,0,3,1,1,0
56182701,22,11,11,3,3,0,4,1,3,0,1,2,1,2,1,1,2,2,0,3,3,0,11,5,6,0,0,0,4,0,4,2,1,1
56182702,17,11,6,1,3,0,0,2,6,0,0,1,3,0,0,0,1,0,1,5,4,1,8,5,3,0,0,0,1,0,1,2,2,0
56182704,75,40,35,7,15,4,7,5,10,1,0,3,5,7,6,2,5,2,3,39,24,15,16,7,9,2,0,2,7,3,4,6,4,2
56182705,16,11,5,1,2,3,0,0,1,0,0,2,1,3,2,1,1,0,1,4,3,1,5,3,2,1,1,0,4,3,1,1,1,0
3095670,0,0,0,0,0,0,0,0,0,0,0,0,0,0,0,0,0,0,0,0,0,0,0,0,0,0,0,0,0,0,0,0,0,0
56183502,59,33,26,7,22,3,2,3,0,0,0,2,7,5,6,0,2,0,2,23,16,7,22,11,11,0,0,0,10,5,5,2,1,1
56183503,181,90,91,7,80,5,13,6,7,0,1,11,9,28,7,1,12,7,5,62,38,24,67,32,35,0,0,0,34,10,24,6,3,3
56183505,267,147,120,8,141,9,15,10,2,3,2,19,18,16,15,2,19,10,9,126,85,41,78,33,45,5,0,5,26,12,14,13,7,6
56183507,796,441,355,11,455,26,40,30,23,7,6,54,33,46,32,6,76,34,42,383,247,136,220,110,110,7,1,6,67,19,48,43,30,13
56183508,325,185,140,9,166,14,34,11,10,3,3,18,11,14,17,3,49,28,21,133,88,45,97,45,52,2,1,1,24,10,14,20,13,7
56183509,114,62,52,5,53,3,8,5,4,1,0,8,8,5,5,0,14,7,7,46,31,15,38,17,21,0,0,0,9,4,5,7,3,4
56183511,40,24,16,1,13,4,5,3,0,0,1,3,4,4,2,0,4,2,2,14,11,3,15,8,7,0,0,0,7,3,4,0,0,0
56183512,237,144,93,4,117,11,26,10,16,1,0,20,9,7,7,3,46,30,16,82,51,31,65,32,33,3,0,3,5,1,4,36,30,6
56183515,529,292,237,19,290,18,29,19,12,4,2,30,25,40,26,4,57,30,27,245,157,88,144,62,82,4,2,2,54,26,28,25,15,10
56183516,85,44,41,8,47,3,9,4,1,2,0,1,3,5,1,0,5,1,4,41,26,15,30,13,17,0,0,0,5,2,3,4,2,2
56183517,30,19,11,0,21,1,3,1,0,0,0,0,0,3,1,0,1,1,0,12,8,4,13,8,5,0,0,0,4,2,2,0,0,0
56183518,244,144,100,12,120,15,12,13,3,3,4,13,12,15,15,3,15,11,4,91,60,31,89,44,45,2,1,1,39,20,19,8,8,0
56183519,7,5,2,1,6,0,0,0,0,0,0,0,0,0,0,0,1,1,0,2,2,0,4,2,2,0,0,0,0,0,0,0,0,0
3316940,0,0,0,0,0,0,0,0,0,0,0,0,0,0,0,0,0,0,0,0,0,0,0,0,0,0,0,0,0,0,0,0,0,0
56185101,139,78,61,6,71,6,11,7,2,0,0,5,13,6,6,2,11,6,5,61,43,18,55,23,32,2,0,2,6,4,2,4,2,2
3027160,0,0,0,0,0,0,0,0,0,0,0,0,0,0,0,0,0,0,0,0,0,0,0,0,0,0,0,0,0,0,0,0,0,0
3027590,0,0,0,0,0,0,0,0,0,0,0,0,0,0,0,0,0,0,0,0,0,0,0,0,0,0,0,0,0,0,0,0,0,0
3370640,0,0,0,0,0,0,0,0,0,0,0,0,0,0,0,0,0,0,0,0,0,0,0,0,0,0,0,0,0,0,0,0,0,0
56186001,32,16,16,0,11,2,4,2,1,1,0,5,0,4,2,0,2,1,1,10,6,4,14,7,7,0,0,0,5,1,4,1,1,0
56186002,60,29,31,2,23,9,2,2,3,2,1,1,3,3,7,0,1,0,1,27,17,10,25,9,16,0,0,0,6,2,4,1,1,0
56186003,191,94,97,3,62,14,20,7,10,4,4,19,7,10,18,0,9,3,6,55,34,21,74,33,41,5,1,4,41,20,21,7,3,4
56186004,191,108,83,2,87,14,19,4,6,6,3,16,10,10,5,2,17,10,7,72,49,23,65,30,35,8,2,6,18,9,9,11,8,3
56186005,117,56,61,1,43,7,15,3,4,3,1,13,7,9,8,0,3,1,2,43,23,20,43,18,25,3,2,1,24,12,12,1,0,1
56186007,16,11,5,0,12,0,2,0,0,1,0,0,0,0,1,0,1,1,0,7,5,2,6,4,2,0,0,0,2,1,1,0,0,0
56186008,495,264,231,6,216,18,38,27,13,10,8,24,31,51,30,4,36,16,20,194,124,70,179,86,93,8,2,6,57,23,34,21,13,8
56186009,235,124,111,1,75,14,16,11,17,7,2,21,10,19,31,2,15,7,8,56,35,21,101,54,47,1,0,1,56,25,31,6,3,3
56186010,297,168,129,2,116,13,22,11,9,11,3,33,24,18,24,1,8,4,4,82,61,21,120,57,63,10,5,5,67,36,31,10,5,5
56186011,259,139,120,2,106,15,30,10,5,5,5,23,14,14,17,3,18,13,5,92,56,36,97,45,52,2,0,2,44,22,22,6,3,3
56186012,204,107,97,4,87,8,26,7,12,4,2,12,8,6,16,4,16,8,8,77,54,23,52,20,32,9,4,5,35,13,22,15,8,7
56186015,42,23,19,1,19,4,1,1,0,1,0,3,2,2,4,2,6,2,4,21,12,9,10,7,3,0,0,0,2,0,2,3,2,1
56186016,359,187,172,1,139,27,36,10,5,9,11,25,21,20,36,1,12,4,8,100,67,33,156,72,84,7,2,5,76,35,41,8,7,1
56186017,147,74,73,5,55,8,13,14,4,2,2,6,7,17,11,1,7,3,4,49,31,18,71,31,40,5,3,2,10,5,5,5,1,4
56186018,903,495,408,16,356,52,98,46,42,19,8,60,42,55,58,11,75,43,32,351,205,146,288,139,149,15,5,10,100,47,53,74,56,18
56186019,173,87,86,1,51,17,9,12,6,7,3,19,16,18,10,1,8,4,4,47,28,19,61,24,37,5,2,3,47,25,22,5,4,1
56186020,161,86,75,0,62,12,16,5,4,7,1,14,7,15,12,0,8,4,4,60,41,19,61,28,33,3,0,3,26,13,13,3,0,3
56186021,76,40,36,2,26,5,14,5,1,2,2,5,4,2,3,1,4,3,1,30,15,15,29,14,15,3,2,1,10,6,4,0,0,0
56186022,457,242,215,9,192,24,47,26,16,7,4,28,15,36,33,5,30,15,15,179,99,80,162,82,80,7,1,6,53,25,28,26,20,6
56186023,644,350,294,8,288,20,54,23,21,9,12,43,34,51,50,4,28,11,17,242,140,102,240,126,114,18,9,9,89,45,44,27,19,8
56186024,146,78,68,1,61,13,18,5,6,2,2,6,8,11,10,0,3,1,2,49,31,18,60,27,33,1,0,1,30,17,13,3,2,1
56186025,98,54,44,7,41,5,5,6,1,1,0,5,4,7,12,0,10,5,5,50,34,16,29,9,20,0,0,0,6,3,3,3,3,0
56187801,180,108,72,4,84,15,6,8,4,2,1,5,12,15,18,0,15,9,6,87,62,25,47,19,28,2,1,1,20,11,9,9,6,3
56187802,187,105,82,8,75,17,18,10,4,4,2,12,6,14,7,1,16,10,6,79,54,25,65,29,36,3,0,3,19,8,11,5,4,1
56188601,155,91,64,8,61,7,9,16,7,4,0,10,10,15,4,0,11,6,5,69,48,21,53,22,31,0,0,0,16,9,7,6,6,0
56189401,270,156,114,7,106,16,21,12,4,9,7,17,15,18,27,0,12,4,8,91,62,29,88,43,45,6,3,3,61,33,28,12,11,1
51427601,210,122,88,9,102,15,22,9,6,5,1,9,7,7,11,3,17,11,6,103,65,38,68,31,37,3,0,3,8,5,3,11,10,1
56195901,230,123,107,5,92,20,12,8,9,6,2,16,7,23,18,2,21,10,11,82,57,25,74,30,44,1,0,1,38,17,21,14,9,5
56198301,300,176,124,14,111,31,26,16,9,7,1,22,19,5,30,3,22,11,11,119,82,37,100,54,46,7,2,5,34,16,18,18,11,7
56198302,30,19,11,1,12,3,2,4,0,0,1,1,1,2,3,0,4,4,0,11,7,4,10,6,4,0,0,0,2,0,2,3,2,1
56199101,93,51,42,3,43,4,7,9,4,3,0,4,4,5,5,0,11,6,5,44,27,17,27,13,14,1,0,1,7,3,4,3,2,1
56199102,85,45,40,2,18,10,7,6,2,3,0,6,9,8,11,2,6,6,0,22,16,6,35,16,19,2,1,1,19,5,14,1,1,0
56199103,56,28,28,2,26,2,8,2,0,0,0,3,7,2,4,0,1,0,1,14,11,3,30,13,17,2,0,2,9,4,5,0,0,0
53038701,45,28,17,1,7,4,10,2,2,3,1,5,3,5,2,0,3,2,1,8,4,4,15,12,3,0,0,0,14,7,7,5,3,2
53038702,87,46,41,2,29,10,7,1,1,3,0,9,4,9,8,1,1,0,1,18,9,9,40,23,17,2,1,1,25,13,12,1,0,1
1991090,0,0,0,0,0,0,0,0,0,0,0,0,0,0,0,0,0,0,0,0,0,0,0,0,0,0,0,0,0,0,0,0,0,0
56201701,341,205,136,9,199,5,17,17,8,6,0,29,25,11,7,1,23,13,10,146,95,51,99,54,45,6,1,5,23,14,9,44,28,16
56201703,36,25,11,7,14,1,2,2,1,0,0,2,3,3,1,0,2,2,0,23,17,6,5,2,3,0,0,0,4,2,2,2,2,0
56201704,23,13,10,5,12,2,1,1,0,0,0,1,1,0,0,0,1,1,0,10,6,4,9,5,4,0,0,0,1,0,1,2,1,1
56201705,84,50,34,14,23,0,2,4,4,2,1,8,15,6,3,0,1,1,0,33,22,11,32,15,17,2,2,0,14,8,6,2,2,0
56201706,48,35,13,10,14,3,1,1,0,0,0,5,7,1,2,0,16,12,4,15,10,5,7,5,2,0,0,0,1,1,0,9,7,2
56201707,301,172,129,12,163,14,16,13,3,0,0,35,15,6,12,8,90,49,41,112,67,45,50,26,24,1,1,0,12,7,5,36,22,14
56201708,69,40,29,17,23,4,2,4,1,2,2,1,3,5,5,0,2,1,1,25,18,7,26,15,11,1,0,1,11,4,7,4,2,2
56201709,83,47,36,5,39,8,6,2,4,2,0,5,4,3,5,0,8,5,3,30,22,8,35,15,20,1,1,0,6,2,4,3,2,1
56202501,39,21,18,1,7,3,6,4,3,0,1,2,2,4,4,0,2,0,2,16,11,5,13,7,6,0,0,0,7,3,4,1,0,1
56202502,725,408,317,13,293,43,93,43,20,15,8,43,40,47,41,6,49,26,23,303,196,107,253,120,133,11,7,4,73,34,39,36,25,11
51389001,89,47,42,4,40,4,5,9,3,0,0,10,4,5,3,0,6,3,3,42,31,11,32,9,23,0,0,0,6,2,4,3,2,1
56205001,324,172,152,4,93,33,31,15,21,10,5,25,21,23,27,3,14,7,7,123,75,48,118,55,63,5,2,3,53,23,30,11,10,1
54627501,72,44,28,2,18,4,7,1,1,0,1,10,7,9,11,0,3,3,0,17,14,3,23,12,11,2,1,1,22,12,10,5,2,3
56207601,334,181,153,4,111,29,29,28,3,10,5,37,25,16,25,2,15,7,8,122,82,40,125,58,67,6,3,3,58,26,32,8,5,3
3316860,0,0,0,0,0,0,0,0,0,0,0,0,0,0,0,0,0,0,0,0,0,0,0,0,0,0,0,0,0,0,0,0,0,0
56209201,2145,1300,845,23,1190,59,109,76,44,9,7,182,227,74,95,22,289,189,100,893,598,295,579,302,277,20,12,8,226,111,115,138,88,50
56210601,33,19,14,5,8,3,2,0,0,1,0,7,2,1,3,0,2,1,1,11,8,3,15,7,8,0,0,0,5,3,2,0,0,0
56210602,158,86,72,2,80,14,13,6,3,2,1,7,11,8,6,1,11,4,7,80,48,32,51,26,25,0,0,0,9,2,7,7,6,1
56210604,312,165,147,6,139,28,28,21,10,1,2,26,17,17,7,2,27,11,16,149,90,59,82,35,47,1,0,1,31,13,18,22,16,6
1586402,0,0,0,0,0,0,0,0,0,0,0,0,0,0,0,0,0,0,0,0,0,0,0,0,0,0,0,0,0,0,0,0,0,0
56211403,137,74,63,5,59,14,11,8,4,1,2,11,6,5,7,2,17,9,8,60,35,25,32,11,21,4,2,2,10,5,5,14,12,2
56211405,12,7,5,1,5,1,2,1,0,0,0,0,0,0,2,0,0,0,0,5,3,2,7,4,3,0,0,0,0,0,0,0,0,0
56211406,14,8,6,1,4,0,1,0,0,1,0,0,0,2,2,1,0,0,0,5,3,2,1,0,1,0,0,0,5,2,3,3,3,0
54628301,146,76,70,5,39,6,27,2,2,5,2,19,6,8,16,2,7,3,4,33,23,10,63,29,34,4,3,1,33,14,19,6,4,2
54628302,12,7,5,0,5,0,2,0,0,0,2,0,0,0,2,0,1,1,0,1,1,0,5,3,2,0,0,0,5,2,3,0,0,0
56213101,24,15,9,0,7,3,1,2,3,2,0,2,0,2,0,0,0,0,0,10,5,5,8,5,3,1,1,0,4,3,1,1,1,0
56213102,276,152,124,13,96,30,29,19,5,4,4,19,19,16,16,2,17,10,7,102,76,26,109,46,63,11,5,6,20,5,15,17,10,7
55363801,96,57,39,5,50,5,9,1,2,2,0,4,4,1,3,3,7,2,5,43,29,14,30,18,12,0,0,0,3,1,2,13,7,6
54626701,13,9,4,1,4,2,1,1,0,0,0,3,0,0,1,0,2,2,0,5,3,2,2,1,1,0,0,0,2,2,0,2,1,1
54626702,10,6,4,6,1,0,0,0,0,0,1,1,0,0,1,0,0,0,0,5,3,2,3,2,1,0,0,0,2,1,1,0,0,0
54626703,19,11,8,1,4,3,1,1,1,0,0,2,1,4,1,0,0,0,0,9,7,2,2,0,2,0,0,0,7,3,4,1,1,0
54626704,78,56,22,19,30,4,4,7,3,1,0,3,4,1,0,1,7,5,2,44,29,15,12,8,4,0,0,0,4,4,0,11,10,1
56217301,74,42,32,6,27,8,3,3,0,2,2,2,10,2,3,2,7,1,6,28,20,8,23,12,11,1,0,1,11,5,6,4,4,0
56220301,12,7,5,2,4,0,2,0,0,0,0,1,1,2,0,0,0,0,0,8,4,4,4,3,1,0,0,0,0,0,0,0,0,0
56220302,51,28,23,4,18,9,6,5,0,0,0,1,2,3,2,0,3,1,2,25,17,8,14,7,7,1,0,1,2,0,2,6,3,3
56220303,22,13,9,1,10,1,2,0,2,0,0,1,2,3,0,0,0,0,0,10,7,3,10,5,5,1,0,1,1,1,0,0,0,0
56222001,23,15,8,1,13,1,1,0,2,0,0,0,0,1,3,0,0,0,0,13,9,4,6,3,3,1,1,0,2,1,1,1,1,0
56222002,318,172,146,11,138,31,31,29,4,4,6,18,7,20,7,1,26,12,14,166,104,62,82,35,47,5,2,3,26,12,14,13,7,6
56223801,58,33,25,8,25,3,1,1,5,0,0,1,4,4,4,0,1,1,0,26,17,9,16,5,11,2,1,1,5,3,2,8,6,2
56224601,25,17,8,2,7,3,3,3,0,0,0,1,0,0,2,1,1,1,0,10,6,4,10,6,4,1,1,0,3,3,0,0,0,0
56224603,294,169,125,8,108,23,34,22,11,5,2,17,13,18,23,2,20,13,7,112,67,45,86,47,39,2,1,1,44,23,21,30,18,12
56224604,25,16,9,2,8,2,1,0,1,1,1,6,1,1,0,0,1,1,0,11,7,4,9,5,4,0,0,0,3,2,1,1,1,0
56226201,55,33,22,3,21,5,1,2,1,1,0,9,3,0,7,0,5,3,2,22,17,5,22,12,10,0,0,0,4,1,3,2,0,2
56226202,19,11,8,3,4,2,2,2,1,0,0,2,0,3,0,0,2,1,1,7,6,1,7,3,4,0,0,0,3,1,2,0,0,0
56226203,72,35,37,5,43,1,5,2,1,0,0,5,3,2,2,0,6,2,4,32,18,14,22,10,12,1,1,0,6,2,4,5,2,3
56226204,122,66,56,9,49,10,13,8,3,2,0,5,9,4,7,0,8,5,3,51,30,21,41,19,22,1,0,1,13,6,7,8,6,2
56226205,36,21,15,3,9,2,4,0,0,3,0,6,3,3,3,0,2,1,1,15,10,5,12,5,7,0,0,0,6,4,2,1,1,0
56226206,802,450,352,16,336,45,58,47,23,11,11,58,57,57,54,7,74,31,43,324,205,119,259,143,116,15,6,9,96,44,52,34,21,13
56226207,214,118,96,6,127,2,13,18,4,2,1,16,6,5,8,1,38,23,15,91,51,40,55,27,28,3,2,1,9,4,5,18,11,7
56226208,10,6,4,1,6,0,0,0,1,0,1,0,0,1,0,0,0,0,0,5,3,2,3,2,1,0,0,0,0,0,0,2,1,1
56226209,13,8,5,0,7,0,1,3,0,0,0,0,0,1,1,0,0,0,0,9,7,2,3,1,2,0,0,0,1,0,1,0,0,0
56229701,74,43,31,13,27,7,6,2,1,1,1,5,2,6,3,0,9,6,3,31,21,10,24,12,12,2,0,2,5,1,4,3,3,0
56229702,50,28,22,2,14,2,11,3,1,2,0,0,5,5,3,1,4,2,2,11,7,4,20,12,8,1,0,1,13,6,7,1,1,0
56229703,66,37,29,6,24,10,9,3,1,0,0,2,4,2,1,3,7,3,4,37,22,15,14,6,8,0,0,0,4,3,1,4,3,1
56229704,15,8,7,0,6,2,0,0,0,2,0,2,1,2,0,0,3,1,2,4,3,1,6,4,2,0,0,0,2,0,2,0,0,0
56229705,30,17,13,1,13,2,4,2,0,0,0,5,0,1,0,0,5,1,4,14,7,7,8,6,2,2,2,0,0,0,0,1,1,0
56229706,595,328,267,14,321,43,29,33,11,4,2,26,22,32,28,10,77,41,36,264,155,109,178,93,85,8,3,5,32,15,17,36,21,15
56229707,8,4,4,0,1,1,0,0,0,1,0,0,3,0,1,0,0,0,0,2,1,1,5,3,2,0,0,0,1,0,1,0,0,0
51419501,11,6,5,0,4,0,0,0,3,0,0,2,0,0,2,0,1,1,0,3,2,1,4,3,1,0,0,0,1,0,1,2,0,2
51419502,46,26,20,4,17,5,3,3,1,0,0,2,3,3,2,0,9,6,3,21,11,10,8,5,3,0,0,0,2,0,2,6,4,2
56352801,139,72,67,6,36,19,14,4,14,6,4,10,7,6,7,1,6,4,2,33,23,10,61,26,35,2,0,2,24,10,14,13,9,4
56352802,20,11,9,0,6,1,1,2,5,0,0,2,1,1,1,0,0,0,0,8,4,4,6,3,3,0,0,0,6,4,2,0,0,0
56353601,174,105,69,12,33,7,11,6,42,7,2,9,12,10,12,1,5,5,0,40,30,10,65,39,26,3,1,2,57,29,28,4,1,3
53042501,104,64,40,1,34,5,11,4,1,3,7,5,12,8,11,0,3,1,2,37,27,10,35,21,14,0,0,0,27,13,14,2,2,0
56355201,57,29,28,2,24,6,3,3,5,1,0,1,4,2,3,0,0,0,0,26,15,11,22,10,12,2,0,2,5,2,3,2,2,0
56355202,309,164,145,4,160,21,19,12,17,2,1,17,14,12,17,6,42,22,20,153,84,69,87,43,44,2,1,1,16,9,7,9,5,4
56355203,67,39,28,3,30,7,7,1,3,2,0,3,5,1,4,0,4,2,2,22,17,5,25,10,15,1,1,0,12,6,6,3,3,0
56355205,30,17,13,0,14,0,3,0,4,0,1,2,3,1,1,0,2,0,2,11,8,3,9,5,4,2,0,2,4,2,2,2,2,0
56355206,480,264,216,8,216,32,52,28,23,4,5,21,25,18,26,6,40,19,21,218,128,90,138,67,71,5,3,2,39,21,18,40,26,14
56355207,51,29,22,1,27,3,3,0,3,2,0,4,1,3,3,0,3,3,0,24,18,6,14,5,9,0,0,0,6,1,5,4,2,2
56355208,55,29,26,0,16,9,6,2,1,1,2,3,3,2,5,2,3,3,0,14,9,5,23,11,12,1,0,1,11,4,7,3,2,1
56355212,160,91,69,3,80,14,15,6,6,2,1,7,6,6,7,2,17,11,6,81,52,29,45,21,24,2,0,2,6,0,6,9,7,2
56355213,26,17,9,1,10,3,4,0,3,0,0,2,1,1,1,0,5,4,1,12,9,3,5,1,4,0,0,0,1,1,0,3,2,1
56355214,57,23,34,1,16,3,3,1,10,0,1,3,6,3,7,0,3,1,2,16,7,9,28,12,16,2,0,2,7,3,4,1,0,1
56356101,288,162,126,5,134,16,26,16,5,5,5,19,18,11,17,4,12,8,4,110,68,42,110,55,55,6,3,3,35,18,17,15,10,5
0352032,0,0,0,0,0,0,0,0,0,0,0,0,0,0,0,0,0,0,0,0,0,0,0,0,0,0,0,0,0,0,0,0,0,0
3373400,0,0,0,0,0,0,0,0,0,0,0,0,0,0,0,0,0,0,0,0,0,0,0,0,0,0,0,0,0,0,0,0,0,0
56357901,72,39,33,1,35,3,10,8,3,0,0,3,5,1,1,0,2,1,1,36,19,17,25,11,14,1,1,0,6,5,1,2,2,0
56357902,35,19,16,3,12,4,0,0,0,0,0,7,0,5,2,0,2,1,1,15,11,4,6,2,4,1,0,1,10,5,5,1,0,1
56357903,26,13,13,0,9,2,4,1,2,0,0,0,2,1,2,1,0,0,0,5,3,2,14,7,7,1,0,1,3,2,1,3,1,2
56357904,124,67,57,2,42,8,10,9,11,3,0,8,6,9,11,1,3,0,3,41,26,15,44,23,21,2,1,1,27,12,15,7,5,2
56357905,23,14,9,0,9,1,3,5,0,0,0,0,0,1,2,1,1,1,0,13,10,3,6,1,5,1,1,0,1,1,0,1,0,1
56357906,17,12,5,0,8,0,2,1,0,0,0,1,1,2,2,0,0,0,0,8,7,1,4,2,2,0,0,0,2,0,2,3,3,0
56357907,56,31,25,5,24,2,7,2,1,0,1,4,1,5,4,0,1,1,0,20,13,7,27,14,13,1,0,1,7,3,4,0,0,0
56357908,59,33,26,2,22,7,5,2,1,0,0,5,5,5,3,0,2,1,1,23,16,7,18,8,10,2,1,1,12,5,7,2,2,0
57708101,274,150,124,7,26,9,29,10,101,6,5,22,16,11,9,1,15,10,5,79,50,29,119,55,64,3,2,1,51,30,21,7,3,4
57708102,24,12,12,0,2,0,1,0,9,0,1,4,2,0,0,0,0,0,0,7,4,3,9,5,4,0,0,0,8,3,5,0,0,0
57708104,408,227,181,13,73,18,47,20,105,11,4,26,21,24,8,5,31,17,14,154,102,52,146,65,81,8,1,7,50,27,23,19,15,4
3104760,0,0,0,0,0,0,0,0,0,0,0,0,0,0,0,0,0,0,0,0,0,0,0,0,0,0,0,0,0,0,0,0,0,0
3105570,0,0,0,0,0,0,0,0,0,0,0,0,0,0,0,0,0,0,0,0,0,0,0,0,0,0,0,0,0,0,0,0,0,0
3105900,0,0,0,0,0,0,0,0,0,0,0,0,0,0,0,0,0,0,0,0,0,0,0,0,0,0,0,0,0,0,0,0,0,0
56351001,503,267,236,1,174,31,66,21,12,10,5,48,28,36,43,4,22,8,14,137,81,56,187,99,88,14,8,6,115,55,60,28,16,12
56351002,522,277,245,5,212,33,61,22,24,12,6,44,26,26,30,8,39,24,15,176,98,78,194,100,94,9,0,9,66,30,36,38,25,13
56351003,132,70,62,0,35,7,15,9,5,6,2,9,8,15,13,0,3,1,2,41,28,13,47,20,27,4,1,3,30,15,15,7,5,2
56351004,21,11,10,0,4,1,1,0,2,1,0,3,2,4,3,0,1,0,1,3,3,0,7,3,4,1,0,1,9,5,4,0,0,0
56351005,372,212,160,1,127,34,40,21,12,11,8,33,18,25,24,2,21,11,10,118,85,33,137,68,69,7,2,5,74,37,37,15,9,6
56351007,311,167,144,5,101,18,29,13,6,13,2,30,29,31,21,3,12,8,4,71,43,28,118,65,53,7,2,5,96,45,51,7,4,3
56351008,146,80,66,0,53,10,21,5,2,3,1,12,8,12,10,0,9,5,4,42,26,16,54,29,25,1,1,0,36,17,19,4,2,2
56351009,534,287,247,3,176,36,71,23,18,17,7,48,31,38,41,5,21,13,8,133,87,46,229,109,120,11,6,5,119,58,61,21,14,7
56351010,394,212,182,5,112,25,64,24,16,10,6,27,19,29,33,6,31,14,17,130,83,47,147,74,73,7,1,6,68,32,36,11,8,3
56351011,186,100,86,1,41,17,17,9,2,9,8,13,12,16,34,3,4,3,1,34,25,9,67,34,33,6,0,6,71,36,35,4,2,2
56351012,431,233,198,6,146,32,39,29,9,8,7,37,35,22,32,3,38,23,15,133,75,58,147,80,67,10,2,8,87,44,43,16,9,7
56351013,677,353,324,7,239,44,94,18,16,18,10,76,27,38,50,8,61,33,28,180,93,87,240,122,118,12,7,5,150,79,71,34,19,15
56351014,26,16,10,0,8,3,1,1,3,0,0,1,4,0,4,0,4,2,2,15,9,6,5,3,2,0,0,0,1,1,0,1,1,0
56351015,44,22,22,0,12,4,3,4,2,0,1,4,0,6,6,0,4,3,1,18,11,7,16,6,10,0,0,0,5,2,3,1,0,1
56351016,656,333,323,6,224,46,78,25,26,13,12,62,26,43,61,4,44,26,18,217,127,90,231,107,124,19,3,16,111,49,62,34,21,13
56351017,1377,839,538,23,469,109,163,60,91,30,12,151,42,53,78,27,182,112,70,369,254,115,393,211,182,15,6,9,198,105,93,220,151,69
56351018,159,93,66,2,52,10,12,5,10,9,2,19,9,10,11,1,9,6,3,56,38,18,49,24,25,4,2,2,34,20,14,7,3,4
56351019,1100,593,507,7,444,61,111,52,34,28,13,102,42,56,84,22,120,61,59,392,235,157,339,157,182,20,7,13,111,58,53,118,75,43
56351020,345,182,163,5,110,28,41,12,13,10,9,37,19,24,25,1,12,8,4,105,63,42,121,57,64,8,3,5,93,48,45,6,3,3
56351021,599,323,276,6,190,38,77,34,19,18,11,57,33,47,37,2,23,11,12,159,108,51,248,123,125,17,5,12,144,69,75,8,7,1
56351022,821,435,386,10,286,31,86,33,21,15,12,69,59,65,90,9,51,22,29,206,146,60,312,152,160,21,4,17,187,83,104,44,28,16
56351023,942,483,459,6,369,59,87,46,25,21,18,84,57,60,64,5,83,42,41,304,177,127,351,165,186,11,4,7,147,67,80,46,28,18
56351024,774,391,383,6,272,56,73,35,16,19,12,90,42,53,59,3,60,35,25,230,135,95,291,123,168,10,4,6,131,58,73,52,36,16
56351025,72,35,37,0,30,7,5,2,6,1,1,0,4,9,3,1,5,1,4,17,11,6,29,11,18,0,0,0,17,9,8,4,3,1
56351026,1013,544,469,15,368,91,116,41,31,34,16,72,51,57,69,10,102,68,34,318,188,130,358,172,186,17,11,6,171,79,92,47,26,21
56351027,634,348,286,1,226,32,74,30,19,16,8,61,33,45,48,9,34,14,20,197,128,69,228,118,110,13,5,8,110,53,57,52,30,22
56351028,772,412,360,6,261,43,107,37,21,34,13,86,37,37,43,7,47,22,25,223,137,86,310,152,158,12,7,5,150,75,75,30,19,11
56351029,1425,759,666,5,553,92,161,66,35,41,25,105,85,93,102,10,90,48,42,452,276,176,534,266,268,30,16,14,252,119,133,67,34,33
56351030,170,104,66,0,65,9,26,7,3,6,2,21,7,6,10,0,9,6,3,65,40,25,45,27,18,3,1,2,32,20,12,16,10,6
56351031,15,8,7,0,9,1,2,1,0,0,0,1,0,0,0,0,1,1,0,8,5,3,4,1,3,0,0,0,1,0,1,1,1,0
56351032,260,132,128,1,82,21,35,7,16,10,2,26,16,13,20,0,27,10,17,55,29,26,97,51,46,2,1,1,65,32,33,14,9,5
56351033,253,143,110,3,87,13,24,8,9,6,6,24,22,11,20,3,11,7,4,61,38,23,113,63,50,7,4,3,53,27,26,8,4,4
56351034,41,21,20,0,12,4,3,0,0,1,0,7,1,2,8,0,2,2,0,7,6,1,18,6,12,1,0,1,11,6,5,2,1,1
56351035,909,460,449,11,284,37,98,24,35,30,18,108,55,80,72,6,40,22,18,217,130,87,332,153,179,29,9,20,263,132,131,28,14,14
56351037,778,431,347,5,300,49,79,33,30,20,19,69,45,39,56,5,48,27,21,267,155,112,266,140,126,10,4,6,128,70,58,59,35,24
56351038,960,494,466,7,301,40,130,50,38,22,18,107,61,55,87,9,40,18,22,269,159,110,381,176,205,23,7,16,209,110,99,38,24,14
56351039,82,42,40,2,21,5,14,4,2,0,3,8,3,8,8,0,3,3,0,19,13,6,37,19,18,2,1,1,20,6,14,1,0,1
56351040,108,58,50,1,34,7,11,3,4,7,1,13,6,6,10,2,3,3,0,17,11,6,35,21,14,2,1,1,50,21,29,1,1,0
56351041,861,432,429,4,317,53,94,42,23,19,11,74,50,57,76,7,63,36,27,274,160,114,307,141,166,22,6,16,152,64,88,43,25,18
56351042,17,8,9,2,4,1,1,2,0,1,0,2,1,2,0,1,1,0,1,3,2,1,7,4,3,1,1,0,4,1,3,1,0,1
56351043,199,197,2,2,113,3,1,1,1,1,0,19,54,0,3,1,75,75,0,92,92,0,24,24,0,0,0,0,7,5,2,1,1,0
56351044,768,385,383,10,262,43,79,38,18,15,15,71,53,62,58,3,39,18,21,241,139,102,305,142,163,16,6,10,148,69,79,19,11,8
56351045,139,71,68,2,42,6,20,5,6,4,4,16,4,11,10,2,6,2,4,37,25,12,49,19,30,4,0,4,35,20,15,8,5,3
56351046,183,97,86,1,53,25,20,7,6,4,4,15,15,12,12,1,9,4,5,57,36,21,78,44,34,2,0,2,35,12,23,2,1,1
56351047,148,76,72,6,55,10,18,3,2,3,1,12,12,11,11,0,7,2,5,64,36,28,34,17,17,3,0,3,35,20,15,5,1,4
56351048,464,266,198,3,163,43,50,20,14,14,10,48,19,26,37,0,16,8,8,129,90,39,184,93,91,6,2,4,106,55,51,23,18,5
56351049,44,23,21,0,11,5,7,0,3,1,2,5,1,1,5,0,2,0,2,4,2,2,19,11,8,1,1,0,18,9,9,0,0,0
56351050,337,182,155,6,122,28,33,12,9,13,8,34,22,15,21,2,24,12,12,122,79,43,129,63,66,8,1,7,44,20,24,10,7,3
56359501,261,149,112,13,90,16,17,9,18,4,2,28,13,23,12,1,23,15,8,82,52,30,73,36,37,6,2,4,56,31,25,21,13,8
56359502,334,189,145,5,108,31,22,14,41,8,2,32,14,22,16,4,18,9,9,95,64,31,112,59,53,12,6,6,80,39,41,17,12,5
56359503,121,71,50,1,51,10,13,9,12,1,1,6,8,3,2,0,11,5,6,53,36,17,26,11,15,2,2,0,23,14,9,6,3,3
56359504,20,11,9,0,2,2,4,0,3,3,0,2,0,1,0,1,0,0,0,2,2,0,10,5,5,0,0,0,8,4,4,0,0,0
56360901,181,103,78,4,68,5,17,11,9,6,3,9,11,19,10,1,2,2,0,47,35,12,70,36,34,5,3,2,50,23,27,7,4,3
56360902,319,176,143,9,123,17,38,16,9,6,6,30,13,19,26,3,17,10,7,105,74,31,116,51,65,3,1,2,65,30,35,13,10,3
56360903,122,70,52,5,47,5,12,8,3,2,1,14,5,8,7,2,7,5,2,48,30,18,47,26,21,0,0,0,17,7,10,3,2,1
56361701,109,64,45,5,38,10,9,7,3,1,2,7,9,5,6,3,4,2,2,45,27,18,45,27,18,1,0,1,10,6,4,4,2,2
54658501,201,123,78,3,84,14,14,15,9,4,3,14,16,5,14,2,20,12,8,95,62,33,58,32,26,2,0,2,20,12,8,6,5,1
56363301,69,39,30,3,20,4,5,6,8,1,1,9,2,1,7,1,4,2,2,31,18,13,21,10,11,2,0,2,8,7,1,3,2,1
56363302,101,54,47,2,18,10,14,2,5,3,1,12,5,9,11,2,9,8,1,38,24,14,29,10,19,2,0,2,18,8,10,5,4,1
56363303,185,108,77,16,44,13,10,11,23,8,2,13,7,16,12,2,20,12,8,72,42,30,65,37,28,1,0,1,17,9,8,10,8,2
56363304,28,15,13,1,7,2,1,0,9,1,0,3,1,1,2,0,1,0,1,4,2,2,9,5,4,1,1,0,12,6,6,1,1,0
56364101,52,28,24,0,21,3,2,2,6,2,2,9,0,2,1,0,0,0,0,20,13,7,19,9,10,0,0,0,12,5,7,1,1,0
56364102,16,10,6,0,8,1,2,0,0,1,0,1,2,0,0,1,2,1,1,7,6,1,5,2,3,0,0,0,2,1,1,0,0,0
56364103,13,8,5,0,5,4,0,0,0,0,0,0,2,1,1,0,1,1,0,3,3,0,5,2,3,0,0,0,1,0,1,3,2,1
56364104,282,154,128,9,127,13,25,10,9,7,2,19,15,23,7,5,8,5,3,105,65,40,114,57,57,3,2,1,37,17,20,15,8,7
56364105,51,27,24,3,25,1,6,3,3,0,1,3,2,0,3,0,0,0,0,21,12,9,20,10,10,3,1,2,3,1,2,4,3,1
56364107,54,29,25,1,29,0,5,0,2,1,0,4,1,2,4,0,1,0,1,16,11,5,24,13,11,0,0,0,7,2,5,6,3,3
56364108,15,7,8,1,6,2,1,0,0,0,0,1,1,2,1,0,2,1,1,4,3,1,6,2,4,1,0,1,2,1,1,0,0,0
56366801,98,62,36,7,28,5,10,4,23,3,1,2,2,5,2,0,9,6,3,39,25,14,32,22,10,1,0,1,16,8,8,1,1,0
56366803,36,17,19,1,6,5,3,1,6,0,0,2,6,2,3,0,0,0,0,12,7,5,17,8,9,0,0,0,7,2,5,0,0,0
56366805,10,6,4,1,1,1,0,0,3,0,0,1,2,0,1,0,0,0,0,2,2,0,6,3,3,0,0,0,2,1,1,0,0,0
56366807,76,47,29,6,16,6,4,4,12,1,1,4,7,3,4,0,6,4,2,27,18,9,29,19,10,1,0,1,12,5,7,1,1,0
56366809,16,7,9,1,3,1,1,0,3,1,0,2,1,1,1,0,0,0,0,6,3,3,6,2,4,0,0,0,3,1,2,1,1,0
56366810,54,26,28,2,11,0,6,2,14,1,0,2,2,6,7,0,2,1,1,24,14,10,23,9,14,0,0,0,3,1,2,2,1,1
56366811,12,7,5,0,2,1,1,1,1,0,0,2,0,1,2,0,0,0,0,3,2,1,3,1,2,2,2,0,1,0,1,3,2,1
56366812,105,71,34,9,39,3,8,5,11,1,1,9,7,6,3,2,5,5,0,48,32,16,33,19,14,0,0,0,13,9,4,6,6,0
56367601,106,60,46,0,54,4,11,5,0,1,0,8,5,9,4,0,6,4,2,37,24,13,39,19,20,1,0,1,13,8,5,10,5,5
56367602,13,6,7,0,8,0,3,0,0,0,0,1,0,0,1,0,1,0,1,3,2,1,6,3,3,0,0,0,1,0,1,2,1,1
56368401,100,60,40,2,30,5,12,16,3,4,0,3,3,6,3,1,3,2,1,33,26,7,38,20,18,0,0,0,19,9,10,7,3,4
56369201,48,26,22,3,12,4,3,1,5,2,0,5,3,0,10,0,7,5,2,11,6,5,13,6,7,1,1,0,16,8,8,0,0,0
56369202,78,50,28,1,23,5,9,3,5,2,0,9,2,10,3,0,9,9,0,20,12,8,25,15,10,1,1,0,21,12,9,2,1,1
56369203,746,417,329,12,251,72,84,31,29,23,8,65,46,48,51,3,45,23,22,248,158,90,275,150,125,17,5,12,118,58,60,43,23,20
56369204,14,9,5,1,3,1,3,0,2,1,0,1,1,0,1,0,2,2,0,2,1,1,3,2,1,2,0,2,4,3,1,1,1,0
56369206,65,33,32,4,23,4,9,4,5,0,0,4,5,1,4,0,7,3,4,24,16,8,20,10,10,1,0,1,11,4,7,2,0,2
56370602,24,15,9,0,12,1,2,0,0,1,0,2,1,0,2,0,0,0,0,7,6,1,13,8,5,1,0,1,2,1,1,1,0,1
56370603,32,22,10,1,10,1,4,1,3,2,1,2,0,4,2,0,4,3,1,6,5,1,12,8,4,0,0,0,10,6,4,0,0,0
56370604,61,37,24,2,14,5,5,2,1,2,3,10,1,7,3,0,2,2,0,12,8,4,21,12,9,3,0,3,19,12,7,4,3,1
56370605,68,34,34,1,38,2,4,2,2,2,0,4,2,5,4,1,1,1,0,22,14,8,25,9,16,1,0,1,12,5,7,7,5,2
56370606,201,111,90,3,70,12,14,10,9,5,2,27,7,12,21,0,6,5,1,48,31,17,69,35,34,6,1,5,69,36,33,3,3,0
56370607,77,43,34,3,34,3,4,2,1,3,1,8,6,4,7,0,2,1,1,22,15,7,37,21,16,1,1,0,15,5,10,0,0,0
56370608,22,14,8,0,5,1,3,2,2,1,0,0,2,1,4,0,1,1,0,5,4,1,10,5,5,0,0,0,6,4,2,0,0,0
56370609,76,43,33,2,29,8,4,2,2,2,3,7,3,5,6,0,2,2,0,29,21,8,32,15,17,1,0,1,11,4,7,1,1,0
56370610,14,8,6,0,2,2,3,0,0,0,2,1,3,1,0,0,1,1,0,2,0,2,8,5,3,0,0,0,3,2,1,0,0,0
56371401,32,16,16,0,18,1,1,0,1,2,0,1,4,1,1,2,1,1,0,14,7,7,6,3,3,1,0,1,7,4,3,3,1,2
56371402,286,159,127,4,84,36,29,8,6,9,5,27,24,19,20,2,11,7,4,85,59,26,99,48,51,2,2,0,80,39,41,9,4,5
56373101,19,15,4,1,7,3,4,1,1,0,0,0,0,2,0,0,4,3,1,6,6,0,5,3,2,0,0,0,4,3,1,0,0,0
56373102,396,225,171,6,137,27,46,7,10,9,6,39,25,28,35,6,24,13,11,141,91,50,138,78,60,9,2,7,62,27,35,22,14,8
56374901,18,7,11,0,11,0,3,0,0,0,0,1,0,2,1,0,0,0,0,5,1,4,9,5,4,0,0,0,4,1,3,0,0,0
56374902,262,141,121,14,87,20,26,12,6,4,5,20,27,23,7,1,9,6,3,65,46,19,106,53,53,7,3,4,65,28,37,10,5,5
56374903,164,92,72,1,65,15,16,6,4,5,6,13,8,12,8,1,7,4,3,58,36,22,68,37,31,6,4,2,22,9,13,3,2,1
56374904,60,35,25,0,35,3,6,4,0,2,0,2,0,3,3,0,0,0,0,26,19,7,22,9,13,2,1,1,9,5,4,1,1,0
56374905,147,79,68,1,66,13,8,3,4,7,0,11,11,6,10,2,11,8,3,50,30,20,55,29,26,4,1,3,21,8,13,6,3,3
56374906,183,103,80,5,78,18,12,6,8,6,3,8,14,9,13,1,9,6,3,70,47,23,68,34,34,5,2,3,28,11,17,3,3,0
56374907,76,48,28,2,32,5,12,5,0,0,1,6,3,4,5,0,3,1,2,24,16,8,25,16,9,0,0,0,15,7,8,9,8,1
56374908,94,47,47,0,28,4,13,2,4,2,0,8,6,10,11,1,8,5,3,24,13,11,36,16,20,2,2,0,24,11,13,0,0,0
56375701,241,132,109,6,96,23,21,10,4,2,4,18,14,15,16,4,14,9,5,102,64,38,75,39,36,3,0,3,34,12,22,13,8,5
56375702,255,147,108,14,94,20,21,12,10,5,2,17,11,16,22,3,18,10,8,110,72,38,73,36,37,3,2,1,33,14,19,18,13,5
54657702,191,99,92,3,65,15,17,4,6,7,4,17,8,13,19,2,9,6,3,63,41,22,66,27,39,2,0,2,39,19,20,12,6,6
54657703,35,21,14,1,15,3,2,2,1,1,2,3,2,2,1,0,2,1,1,13,9,4,11,7,4,0,0,0,9,4,5,0,0,0
56377301,69,41,28,4,29,4,6,4,1,5,2,5,2,2,2,1,0,0,0,21,14,7,23,14,9,1,1,0,18,8,10,6,4,2
56378101,23,14,9,1,3,1,2,1,0,1,1,4,1,4,3,0,0,0,0,2,1,1,7,5,2,0,0,0,14,8,6,0,0,0
56378102,20,10,10,2,7,1,2,2,0,0,0,1,0,2,2,0,0,0,0,9,6,3,4,2,2,1,1,0,5,1,4,1,0,1
56378103,407,233,174,5,141,34,54,17,10,9,14,35,25,22,22,1,15,8,7,121,88,33,156,75,81,6,2,4,88,46,42,21,14,7
56379001,23,14,9,1,6,1,2,0,1,2,1,5,0,1,2,0,0,0,0,7,3,4,10,8,2,0,0,0,5,2,3,1,1,0
56379003,1293,732,561,28,461,93,140,72,40,27,21,112,65,96,83,8,64,37,27,438,286,152,478,242,236,26,9,17,224,113,111,63,45,18
56379005,65,36,29,1,18,2,6,2,2,2,4,7,6,2,7,2,1,0,1,17,14,3,25,10,15,1,0,1,21,12,9,0,0,0
56380301,103,52,51,3,31,6,10,7,3,2,1,8,8,14,6,0,3,1,2,25,18,7,39,15,24,6,2,4,28,14,14,2,2,0
56380302,177,97,80,7,76,11,14,5,5,10,1,10,12,10,14,0,4,2,2,53,36,17,61,32,29,5,0,5,47,25,22,7,2,5
56381101,197,114,83,3,78,16,14,16,5,5,6,8,9,15,13,1,15,7,8,81,56,25,69,35,34,1,1,0,25,11,14,6,4,2
56381102,255,145,110,9,73,19,28,14,15,2,5,19,16,22,18,3,11,7,4,109,75,34,72,33,39,5,1,4,46,22,24,12,7,5
56381103,31,19,12,1,11,6,1,1,0,0,0,3,0,2,3,0,3,1,2,12,9,3,10,4,6,0,0,0,2,1,1,4,4,0
56381105,506,274,232,6,167,48,70,24,32,7,9,34,32,24,36,5,48,19,29,191,120,71,170,79,91,5,2,3,63,31,32,29,23,6
56381106,222,119,103,3,73,13,30,6,9,2,2,13,22,17,21,4,15,5,10,62,40,22,86,40,46,3,2,1,46,25,21,10,7,3
56381107,32,23,9,3,14,3,1,1,1,1,0,3,2,1,2,0,2,1,1,5,2,3,17,14,3,0,0,0,6,4,2,2,2,0
56381108,282,157,125,3,103,22,32,19,9,1,2,17,14,21,30,1,15,9,6,106,74,32,101,44,57,9,2,7,44,24,20,7,4,3
56381109,244,136,108,0,99,19,23,17,11,3,3,15,17,8,18,5,26,15,11,116,66,50,68,34,34,3,1,2,12,6,6,19,14,5
3030970,0,0,0,0,0,0,0,0,0,0,0,0,0,0,0,0,0,0,0,0,0,0,0,0,0,0,0,0,0,0,0,0,0,0
56382001,115,64,51,2,47,5,14,6,7,2,1,5,5,6,6,0,7,3,4,49,35,14,29,11,18,2,1,1,24,10,14,4,4,0
56382002,33,18,15,0,9,1,9,4,2,0,1,1,1,3,2,0,3,1,2,16,8,8,7,5,2,1,1,0,4,3,1,2,0,2
56382003,205,97,108,3,57,10,21,10,12,2,5,20,14,14,28,1,13,7,6,70,42,28,77,27,50,3,0,3,36,18,18,6,3,3
56382004,19,12,7,1,8,1,1,2,0,1,0,1,0,1,3,0,2,2,0,9,7,2,6,2,4,1,0,1,0,0,0,1,1,0
56382005,398,210,188,4,126,22,37,23,20,4,6,39,28,34,42,5,27,15,12,125,81,44,149,66,83,6,2,4,73,35,38,18,11,7
56382006,27,14,13,2,4,1,4,2,1,0,2,2,3,4,2,0,1,1,0,5,2,3,11,8,3,0,0,0,9,2,7,1,1,0
56382007,1294,703,591,12,491,97,148,63,65,10,13,92,56,73,113,14,128,67,61,590,348,242,366,172,194,16,4,12,100,53,47,94,59,35
56382008,170,108,62,5,46,17,17,16,14,1,1,12,7,10,9,8,20,12,8,60,39,21,37,17,20,3,2,1,14,8,6,36,30,6
56382009,33,18,15,2,12,1,3,1,1,1,1,0,2,2,6,0,2,0,2,14,10,4,14,6,8,0,0,0,3,2,1,0,0,0
56382010,182,107,75,1,70,20,24,9,10,4,2,9,10,4,12,3,8,4,4,82,54,28,64,32,32,3,1,2,19,10,9,6,6,0
56382011,46,30,16,0,15,6,9,1,0,0,1,4,3,1,4,0,5,3,2,22,16,6,16,9,7,0,0,0,3,2,1,0,0,0
56383801,79,42,37,2,31,4,11,4,1,0,1,5,4,1,11,2,7,4,3,35,21,14,21,12,9,2,0,2,11,3,8,3,2,1
56383802,52,25,27,0,15,4,7,6,3,0,0,3,1,3,6,0,7,4,3,25,15,10,11,2,9,2,2,0,2,0,2,5,2,3
56383803,217,126,91,4,87,11,19,9,11,3,0,14,21,19,16,0,8,6,2,73,49,24,82,38,44,3,3,0,44,26,18,7,4,3
56383804,789,434,355,7,287,52,77,63,33,10,5,55,38,45,84,9,61,26,35,338,209,129,259,129,130,8,3,5,67,25,42,56,42,14
56383805,48,31,17,3,25,7,1,0,0,0,0,0,6,2,3,1,8,5,3,17,12,5,13,8,5,1,1,0,3,1,2,6,4,2
56384601,59,37,22,2,22,2,5,0,3,2,2,4,6,4,5,0,0,0,0,27,17,10,22,15,7,1,1,0,9,4,5,0,0,0
56385401,399,216,183,8,157,33,28,18,8,9,5,34,23,36,25,3,19,11,8,123,82,41,152,75,77,8,2,6,81,37,44,16,9,7
56385402,12,5,7,3,5,1,2,0,1,0,0,0,0,0,0,0,1,0,1,8,4,4,2,0,2,0,0,0,1,1,0,0,0,0
56386201,18,11,7,3,3,2,1,4,0,1,0,2,2,0,0,0,0,0,0,9,6,3,3,1,2,0,0,0,4,2,2,2,2,0
56386202,18,12,6,4,5,1,2,0,0,1,0,1,0,1,0,1,0,0,0,2,1,1,8,6,2,0,0,0,4,2,2,4,3,1
56386204,86,49,37,4,21,11,8,4,2,0,2,9,9,4,7,1,3,2,1,33,23,10,24,13,11,2,1,1,16,5,11,8,5,3
56386205,102,52,50,3,29,8,5,7,5,1,0,5,9,11,11,1,4,2,2,30,22,8,41,19,22,2,0,2,21,6,15,4,3,1
3107270,0,0,0,0,0,0,0,0,0,0,0,0,0,0,0,0,0,0,0,0,0,0,0,0,0,0,0,0,0,0,0,0,0,0
3107350,0,0,0,0,0,0,0,0,0,0,0,0,0,0,0,0,0,0,0,0,0,0,0,0,0,0,0,0,0,0,0,0,0,0
56387101,61,32,29,4,18,7,8,5,4,0,1,4,3,2,3,0,2,0,2,26,17,9,26,12,14,2,1,1,4,1,3,1,1,0
56387102,102,59,43,1,50,6,6,9,2,1,3,4,3,9,4,0,3,3,0,40,29,11,38,18,20,1,0,1,18,7,11,2,2,0
56387103,19,11,8,0,8,6,2,0,0,0,0,1,0,1,1,0,0,0,0,10,8,2,7,3,4,1,0,1,1,0,1,0,0,0
56387104,156,90,66,8,65,12,14,6,2,4,4,9,14,6,8,0,6,2,4,59,38,21,54,30,24,5,0,5,19,10,9,13,10,3
56387105,121,67,54,0,46,6,10,3,0,4,4,9,6,14,13,3,1,1,0,42,28,14,50,25,25,1,0,1,19,8,11,8,5,3
56387106,66,35,31,3,22,4,10,3,1,3,0,2,4,8,5,0,1,0,1,16,14,2,34,15,19,1,0,1,12,5,7,2,1,1
56387107,27,16,11,2,8,4,1,0,1,0,3,1,3,1,0,1,0,0,0,9,5,4,9,6,3,1,0,1,6,3,3,2,2,0
56387108,75,38,37,0,33,4,12,6,1,2,0,5,5,4,3,0,4,1,3,28,16,12,28,11,17,2,2,0,11,7,4,2,1,1
56387109,21,12,9,0,7,3,0,1,3,2,0,2,1,2,0,0,3,2,1,4,4,0,5,1,4,1,1,0,8,4,4,0,0,0
56387110,101,50,51,2,44,4,17,6,1,1,3,5,5,8,3,1,9,5,4,33,21,12,36,14,22,1,0,1,21,9,12,1,1,0
56387111,17,9,8,1,8,0,1,0,0,0,0,1,0,2,2,1,0,0,0,9,7,2,5,1,4,0,0,0,3,1,2,0,0,0
56387112,69,40,29,0,38,3,6,4,1,0,1,2,3,4,3,0,7,4,3,33,21,12,18,7,11,0,0,0,6,4,2,5,4,1
56387113,28,15,13,0,13,2,3,1,1,0,1,1,0,1,2,3,3,1,2,10,6,4,13,8,5,0,0,0,2,0,2,0,0,0
56387115,22,12,10,1,10,1,1,1,0,0,1,2,1,3,0,0,0,0,0,8,5,3,7,5,2,0,0,0,7,2,5,0,0,0
56387116,154,87,67,5,81,15,4,2,2,1,0,16,5,7,9,2,23,11,12,75,50,25,36,15,21,1,0,1,6,3,3,13,8,5
56387117,382,213,169,7,158,31,45,15,13,4,1,20,19,27,22,2,30,13,17,146,94,52,131,64,67,3,0,3,41,22,19,31,20,11
56387118,44,23,21,6,15,1,2,3,2,0,0,2,1,8,1,0,2,1,1,15,9,6,11,6,5,1,0,1,14,6,8,1,1,0
56387119,338,174,164,3,162,11,39,15,9,3,4,27,18,16,18,1,28,15,13,146,87,59,108,46,62,5,2,3,30,10,20,21,14,7
56387120,173,89,84,1,73,13,10,6,5,1,2,9,11,20,11,2,13,9,4,66,38,28,60,25,35,3,0,3,29,15,14,2,2,0
56387121,568,318,250,4,283,39,44,36,17,5,6,31,31,29,26,5,52,33,19,224,144,80,197,98,99,7,0,7,62,26,36,26,17,9
56387122,179,104,75,1,62,12,24,13,6,4,3,9,7,15,15,3,8,5,3,53,37,16,62,35,27,8,3,5,44,20,24,4,4,0
56390101,150,79,71,12,66,9,5,7,2,1,6,12,8,7,10,1,6,1,5,59,41,18,54,23,31,1,0,1,18,7,11,12,7,5
56390103,96,54,42,3,33,10,4,5,0,5,2,10,4,5,9,1,4,2,2,30,21,9,34,17,17,3,1,2,22,11,11,3,2,1
56390105,32,17,15,2,8,1,2,5,1,1,0,5,1,3,3,0,0,0,0,14,10,4,14,7,7,1,0,1,3,0,3,0,0,0
56390106,6,4,2,1,3,0,1,0,0,1,0,0,0,0,0,0,0,0,0,1,1,0,3,2,1,0,0,0,2,1,1,0,0,0
56390107,14,9,5,1,5,0,1,1,0,1,0,1,0,2,1,1,0,0,0,6,5,1,4,2,2,0,0,0,3,2,1,1,0,1
56390108,17,12,5,3,8,0,0,0,1,0,0,0,0,2,1,0,0,0,0,8,6,2,4,3,1,1,1,0,3,1,2,1,1,0
56390109,31,20,11,2,7,4,1,3,0,3,0,3,2,2,2,0,1,0,1,7,6,1,13,8,5,0,0,0,9,5,4,1,1,0
56390110,21,11,10,1,7,1,4,1,0,0,1,3,1,1,1,0,2,2,0,7,5,2,8,4,4,0,0,0,4,0,4,0,0,0
56390111,69,40,29,5,22,9,7,3,1,0,1,5,4,4,6,1,2,1,1,31,19,12,21,12,9,0,0,0,11,5,6,4,3,1
56390112,15,10,5,5,4,0,0,0,0,0,0,1,1,2,2,0,0,0,0,5,5,0,4,3,1,0,0,0,6,2,4,0,0,0
56391901,511,284,227,20,171,39,65,33,15,9,9,27,29,37,34,7,21,11,10,239,153,86,165,78,87,4,0,4,57,23,34,25,19,6
56391902,13,8,5,1,1,2,2,1,0,0,1,3,0,1,0,0,1,1,0,2,2,0,6,2,4,0,0,0,4,3,1,0,0,0
56391903,34,17,17,0,9,3,4,1,0,2,0,3,2,5,2,0,2,1,1,7,6,1,13,5,8,1,0,1,11,5,6,0,0,0
54663101,310,182,128,11,132,29,15,19,13,8,3,14,16,24,9,5,38,23,15,138,93,45,85,38,47,6,3,3,29,13,16,14,12,2
56393501,137,76,61,2,65,7,14,2,2,2,0,11,8,5,4,11,31,17,14,52,31,21,25,14,11,2,1,1,10,4,6,17,9,8
56393502,257,152,105,18,92,21,21,29,8,0,4,16,12,19,7,5,26,16,10,128,88,40,60,28,32,1,1,0,21,6,15,21,13,8
56393503,23,13,10,4,13,1,0,0,0,2,0,2,0,1,0,0,1,0,1,12,8,4,3,3,0,1,0,1,5,1,4,1,1,0
56394302,12,5,7,1,2,0,5,0,0,0,0,0,2,0,0,0,0,0,0,4,1,3,6,4,2,0,0,0,2,0,2,0,0,0
56394304,34,20,14,0,14,3,3,4,0,1,1,0,3,2,2,1,1,0,1,15,12,3,14,6,8,1,1,0,3,1,2,0,0,0
56394306,12,8,4,5,3,0,0,0,0,0,0,1,0,0,1,0,0,0,0,5,5,0,6,3,3,0,0,0,0,0,0,1,0,1
54599601,26,16,10,0,10,3,1,3,0,0,0,1,4,2,1,0,4,3,1,13,9,4,7,4,3,1,0,1,1,0,1,0,0,0
54599602,43,28,15,3,15,4,2,3,1,1,0,6,0,1,4,2,5,2,3,20,12,8,14,10,4,0,0,0,2,2,0,2,2,0
54599603,19,11,8,0,8,2,2,2,0,0,0,0,2,2,0,1,2,1,1,6,3,3,5,2,3,0,0,0,1,1,0,5,4,1
54599604,32,21,11,3,12,2,2,6,2,0,0,2,0,0,2,0,5,2,3,10,7,3,12,7,5,1,1,0,2,2,0,2,2,0
56396001,45,25,20,0,22,9,1,3,2,1,0,4,0,0,1,0,6,2,4,13,9,4,18,8,10,0,0,0,7,5,2,1,1,0
56396002,46,28,18,0,21,8,4,1,1,0,0,2,0,2,6,1,1,1,0,12,10,2,24,14,10,1,0,1,8,3,5,0,0,0
56396003,27,16,11,3,8,2,1,1,3,0,0,2,1,4,2,0,1,1,0,13,7,6,8,6,2,0,0,0,5,2,3,0,0,0
56396004,16,8,8,0,6,2,0,1,1,0,0,1,2,2,0,0,0,0,0,7,5,2,5,1,4,1,1,0,3,1,2,0,0,0
56396005,42,23,19,5,13,2,1,3,2,0,0,4,4,4,2,1,2,2,0,14,7,7,13,8,5,1,0,1,9,5,4,3,1,2
56396006,34,17,17,1,11,2,2,2,0,1,2,6,1,4,2,0,3,1,2,6,4,2,14,8,6,1,0,1,9,4,5,1,0,1
56396007,22,14,8,4,9,0,1,0,0,1,0,4,0,0,3,0,1,1,0,9,7,2,6,3,3,0,0,0,6,3,3,0,0,0
56396008,12,7,5,1,4,0,0,1,0,0,1,1,1,1,1,0,0,0,0,2,1,1,8,6,2,0,0,0,2,0,2,0,0,0
56396009,18,11,7,1,6,1,2,3,0,0,0,1,0,2,1,0,0,0,0,7,5,2,6,3,3,0,0,0,5,3,2,0,0,0
56396010,36,24,12,1,26,2,3,0,0,0,0,3,0,1,0,0,5,2,3,10,6,4,5,3,2,3,2,1,3,2,1,10,9,1
56396011,24,16,8,3,11,0,1,0,0,0,0,1,2,2,2,0,2,1,1,9,8,1,8,4,4,1,0,1,3,2,1,1,1,0
56396012,13,7,6,1,8,0,0,0,0,0,0,2,0,1,1,0,0,0,0,3,2,1,5,4,1,0,0,0,4,1,3,1,0,1
56396013,66,39,27,5,26,3,5,3,0,0,0,5,4,7,7,0,4,1,3,24,18,6,23,11,12,1,1,0,11,6,5,3,2,1
56396014,106,61,45,3,50,2,14,0,4,1,1,11,5,4,5,4,9,3,6,33,22,11,32,17,15,4,3,1,15,7,8,13,9,4
56396015,188,109,79,2,97,9,15,4,6,2,0,12,4,9,20,4,12,6,6,72,52,20,58,31,27,3,0,3,30,12,18,13,8,5
56396016,498,285,213,8,236,31,30,23,8,6,6,30,28,38,36,6,33,18,15,176,114,62,172,90,82,11,7,4,78,38,40,28,18,10
56396017,163,92,71,5,67,13,13,5,7,2,2,14,5,13,12,0,15,7,8,47,27,20,60,38,22,4,1,3,31,16,15,6,3,3
54453101,132,80,52,6,58,6,15,7,3,3,3,12,3,4,8,1,5,3,2,51,38,13,46,27,19,6,0,6,21,9,12,3,3,0
54453102,19,11,8,4,10,0,2,0,0,0,0,0,1,2,0,0,1,0,1,10,5,5,4,3,1,0,0,0,4,3,1,0,0,0
54453103,157,92,65,3,61,14,20,6,6,3,2,7,4,10,12,1,5,4,1,59,44,15,61,26,35,2,1,1,23,13,10,7,4,3
54660701,328,181,147,9,165,18,24,22,6,5,3,12,18,19,13,2,25,10,15,177,110,67,83,40,43,6,3,3,19,6,13,18,12,6
53046801,445,251,194,5,137,35,53,32,13,9,17,49,23,27,22,4,27,15,12,134,87,47,179,96,83,6,4,2,75,34,41,24,15,9
53046802,38,20,18,0,8,5,3,1,5,1,1,3,3,5,0,2,3,1,2,13,7,6,14,9,5,0,0,0,8,3,5,0,0,0
56399401,260,144,116,16,106,18,19,17,7,1,1,13,15,24,17,1,29,17,12,130,80,50,74,34,40,2,0,2,20,11,9,5,2,3
3031600,0,0,0,0,0,0,0,0,0,0,0,0,0,0,0,0,0,0,0,0,0,0,0,0,0,0,0,0,0,0,0,0,0,0
3031860,0,0,0,0,0,0,0,0,0,0,0,0,0,0,0,0,0,0,0,0,0,0,0,0,0,0,0,0,0,0,0,0,0,0
56402801,56,32,24,0,16,2,8,0,1,3,0,9,3,6,3,2,1,1,0,11,8,3,28,15,13,1,0,1,14,7,7,1,1,0
56402802,24,12,12,0,8,2,4,0,1,0,0,3,2,2,1,0,0,0,0,7,7,0,9,2,7,1,0,1,5,2,3,2,1,1
56402803,30,14,16,0,12,2,3,0,0,0,0,0,1,7,2,1,4,1,3,9,5,4,5,3,2,1,0,1,6,3,3,5,2,3
56402804,24,14,10,3,15,0,0,0,0,0,1,1,0,0,3,0,2,2,0,14,10,4,5,1,4,1,0,1,2,1,1,0,0,0
56402805,711,375,336,17,286,36,54,34,17,10,7,33,48,78,73,5,45,33,12,291,172,119,242,110,132,18,9,9,84,31,53,31,20,11
56402806,16,9,7,0,5,2,1,2,0,0,0,1,2,1,2,0,0,0,0,8,7,1,5,0,5,1,1,0,2,1,1,0,0,0
56402807,110,61,49,7,51,5,8,5,1,3,1,7,5,5,6,1,11,6,5,50,32,18,29,15,14,2,0,2,8,1,7,10,7,3
56402808,628,327,301,16,264,37,49,33,13,6,5,32,38,51,61,2,50,29,21,251,154,97,225,99,126,16,7,9,63,27,36,23,11,12
56402809,25,15,10,0,12,2,2,2,0,0,0,2,0,1,1,1,3,1,2,12,8,4,4,2,2,0,0,0,2,1,1,4,3,1
56402810,432,255,177,8,150,27,45,20,33,5,1,32,14,32,29,6,79,48,31,158,105,53,111,49,62,4,0,4,42,23,19,38,30,8
56402811,686,366,320,14,234,56,59,40,15,8,9,39,62,62,49,12,31,20,11,251,154,97,257,123,134,17,7,10,105,44,61,25,18,7
56402812,151,85,66,3,56,10,12,13,9,1,1,6,10,8,15,0,13,6,7,59,42,17,55,23,32,1,0,1,15,8,7,8,6,2
56402813,114,59,55,3,51,3,14,8,3,3,4,3,9,7,3,1,5,3,2,41,28,13,39,15,24,2,0,2,21,11,10,6,2,4
56402814,220,116,104,5,79,12,25,9,3,5,3,11,26,14,17,1,6,4,2,83,54,29,90,38,52,6,3,3,31,14,17,4,3,1
56402815,38,24,14,0,15,6,1,5,0,0,0,4,2,3,2,0,3,2,1,15,12,3,14,7,7,1,0,1,4,2,2,1,1,0
56402817,86,52,34,8,22,8,12,7,4,0,2,6,4,5,5,1,11,7,4,36,24,12,33,17,16,1,0,1,2,1,1,3,3,0
56402818,20,11,9,2,6,3,2,1,0,0,0,1,0,3,0,0,1,1,0,7,3,4,8,6,2,1,0,1,3,1,2,0,0,0
56403601,200,114,86,8,95,11,22,17,1,3,1,6,11,12,9,3,18,10,8,104,64,40,47,24,23,3,2,1,14,8,6,14,6,8
56403602,14,9,5,1,5,2,1,2,0,0,0,2,0,1,0,0,2,2,0,6,5,1,5,1,4,0,0,0,0,0,0,1,1,0
56404401,134,77,57,10,52,6,11,6,9,0,1,5,9,10,6,3,2,2,0,65,39,26,38,19,19,3,2,1,20,10,10,6,5,1
56404402,1136,621,515,45,501,69,69,50,50,9,10,52,49,94,82,14,95,61,34,485,291,194,386,182,204,13,4,9,99,43,56,58,40,18
0260260,0,0,0,0,0,0,0,0,0,0,0,0,0,0,0,0,0,0,0,0,0,0,0,0,0,0,0,0,0,0,0,0,0,0
54435301,85,53,32,1,34,10,4,9,0,0,0,7,10,5,2,0,5,2,3,45,35,10,27,12,15,1,1,0,4,1,3,3,2,1
54435302,52,33,19,1,20,8,1,4,1,0,0,4,4,2,3,0,3,2,1,22,17,5,15,6,9,2,1,1,8,5,3,2,2,0
56405201,50,26,24,2,20,3,7,2,0,1,1,5,1,5,1,0,4,2,2,18,12,6,15,6,9,0,0,0,9,3,6,4,3,1
56405202,15,8,7,2,2,0,2,1,0,1,0,0,1,3,1,1,0,0,0,4,2,2,8,3,5,0,0,0,3,3,0,0,0,0
56405204,30,14,16,3,6,4,0,4,1,0,0,3,5,2,1,0,2,1,1,9,6,3,12,5,7,0,0,0,6,1,5,1,1,0
56406101,69,38,31,1,33,3,6,6,0,0,3,6,2,3,4,0,0,0,0,25,20,5,28,12,16,0,0,0,12,5,7,4,1,3
56406102,1327,731,596,13,624,63,121,70,34,21,5,102,66,70,90,10,68,39,29,521,325,196,449,230,219,18,5,13,200,88,112,71,44,27
56406103,19,11,8,0,4,2,0,0,0,1,1,4,4,0,0,0,2,1,1,3,3,0,10,5,5,1,0,1,3,2,1,0,0,0
56406105,82,48,34,3,35,5,6,3,3,3,0,3,6,5,6,1,4,2,2,34,26,8,22,9,13,2,0,2,18,9,9,2,2,0
56406106,11,6,5,0,4,2,3,1,0,0,0,0,0,1,0,0,0,0,0,1,1,0,4,3,1,1,0,1,5,2,3,0,0,0
56407901,87,56,31,11,39,6,6,7,1,0,0,2,4,3,2,4,12,5,7,46,35,11,17,10,7,0,0,0,8,4,4,4,2,2
56407902,20,12,8,1,7,0,0,4,0,1,0,1,0,2,3,0,0,0,0,8,7,1,9,4,5,1,0,1,2,1,1,0,0,0
3108670,0,0,0,0,0,0,0,0,0,0,0,0,0,0,0,0,0,0,0,0,0,0,0,0,0,0,0,0,0,0,0,0,0,0
56409501,96,55,41,3,43,11,12,8,1,2,0,4,1,2,5,1,9,3,6,44,31,13,31,16,15,1,0,1,9,4,5,2,1,1
56409502,23,14,9,1,8,4,6,1,0,1,0,0,0,0,2,0,4,2,2,11,7,4,7,5,2,1,0,1,0,0,0,0,0,0
56409504,469,255,214,7,199,31,49,23,17,5,6,24,35,29,22,2,32,17,15,193,124,69,176,84,92,6,2,4,43,18,25,19,10,9
56409505,43,21,22,4,13,2,5,1,0,0,1,5,1,3,5,1,4,3,1,22,9,13,13,7,6,0,0,0,2,1,1,2,1,1
56409506,9,6,3,0,2,2,2,0,1,0,0,1,1,0,0,0,2,0,2,3,3,0,1,1,0,0,0,0,3,2,1,0,0,0
56409507,80,50,30,1,35,6,9,3,1,2,0,8,6,5,2,1,4,3,1,25,19,6,38,20,18,3,2,1,7,3,4,3,3,0
56409508,39,23,16,0,10,4,5,3,2,1,0,3,2,5,4,0,4,2,2,15,12,3,11,5,6,1,0,1,7,3,4,1,1,0
56409509,115,70,45,3,58,6,10,9,2,1,0,4,6,3,5,4,11,7,4,62,44,18,32,15,17,0,0,0,6,2,4,4,2,2
56409510,23,13,10,1,7,0,3,2,0,1,0,3,1,2,3,0,3,2,1,4,1,3,10,7,3,1,1,0,5,2,3,0,0,0
56409511,240,135,105,2,97,14,29,9,7,5,10,16,17,14,14,1,18,9,9,92,56,36,68,38,30,7,3,4,36,15,21,19,14,5
56409512,44,20,24,0,15,2,5,1,2,0,0,4,7,3,1,3,6,3,3,19,9,10,10,3,7,1,0,1,1,0,1,7,5,2
56409513,337,186,151,8,158,22,28,10,18,4,7,18,26,20,10,1,25,11,14,150,90,60,109,55,54,4,3,1,28,11,17,21,16,5
56409515,13,9,4,0,3,2,1,3,0,0,0,1,1,1,0,1,3,2,1,5,4,1,3,1,2,0,0,0,0,0,0,2,2,0
56409516,238,129,109,1,89,16,18,5,10,4,2,16,25,13,23,2,21,12,9,95,64,31,74,31,43,2,2,0,35,13,22,11,7,4
56409517,760,437,323,10,332,49,75,48,45,4,11,47,37,29,41,9,93,52,41,305,202,103,213,102,111,8,3,5,73,33,40,68,45,23
56409518,466,256,210,5,222,19,50,26,21,6,4,29,27,25,20,3,56,30,26,191,120,71,146,67,79,4,2,2,41,20,21,28,17,11
56409520,109,68,41,1,53,11,12,7,3,0,2,4,5,2,3,2,23,16,7,50,35,15,20,10,10,1,0,1,1,0,1,14,7,7
56409521,314,184,130,3,136,22,34,22,6,5,2,23,27,14,14,1,31,19,12,126,86,40,98,45,53,5,2,3,33,15,18,21,17,4
56409522,79,44,35,1,32,4,5,5,5,0,1,8,3,5,6,1,2,2,0,33,23,10,25,13,12,3,1,2,10,1,9,6,4,2
56409523,105,62,43,9,41,10,8,8,4,0,0,5,6,5,4,0,9,5,4,57,36,21,27,12,15,2,1,1,4,2,2,6,6,0
56409524,105,60,45,5,46,10,6,6,3,1,1,6,7,6,5,1,8,4,4,49,33,16,26,14,12,2,0,2,16,9,7,4,0,4
56410901,47,27,20,0,25,3,2,4,2,1,0,2,4,2,1,0,9,5,4,19,13,6,13,7,6,0,0,0,2,1,1,4,1,3
56410902,418,240,178,15,155,38,34,23,18,5,5,23,30,26,26,0,21,12,9,194,133,61,130,54,76,6,2,4,42,20,22,25,19,6
56411701,189,104,85,3,64,14,28,7,1,6,1,14,10,11,19,0,12,9,3,65,40,25,80,38,42,6,3,3,24,13,11,2,1,1
56411702,277,137,140,8,108,15,33,16,6,2,5,19,17,20,16,3,23,11,12,105,70,35,112,39,73,5,1,4,22,10,12,10,6,4
56411703,25,17,8,1,7,5,0,1,1,1,0,1,7,1,0,0,2,2,0,5,3,2,14,9,5,0,0,0,4,3,1,0,0,0
56411704,27,15,12,2,6,3,4,0,1,5,0,2,2,0,1,0,0,0,0,5,3,2,14,8,6,1,0,1,6,3,3,1,1,0
56411705,130,77,53,7,55,22,20,7,1,0,0,6,4,2,2,1,10,6,4,75,47,28,28,16,12,1,0,1,8,3,5,8,5,3
56411706,67,37,30,3,24,12,5,3,0,1,0,5,0,11,1,0,5,3,2,29,14,15,16,10,6,0,0,0,10,4,6,7,6,1
56411707,121,68,53,2,52,8,12,8,3,1,3,9,5,4,6,1,15,7,8,49,29,20,36,20,16,0,0,0,12,6,6,9,6,3
56411708,153,85,68,4,62,15,15,6,5,1,2,10,12,7,7,3,13,8,5,79,48,31,38,17,21,3,1,2,15,6,9,5,5,0
56411709,62,33,29,0,19,5,9,3,0,1,1,4,4,7,4,1,3,2,1,24,15,9,24,11,13,1,0,1,10,5,5,0,0,0
56411710,595,312,283,5,255,27,57,24,15,11,11,43,43,39,41,5,48,23,25,247,153,94,202,88,114,11,4,7,56,29,27,31,15,16
56411711,486,271,215,7,205,26,47,17,26,9,6,44,24,20,26,10,51,26,25,199,116,83,127,59,68,3,1,2,59,33,26,47,36,11
56411712,75,42,33,1,28,3,9,5,6,0,2,7,3,4,5,0,8,5,3,35,22,13,19,10,9,3,0,3,8,3,5,2,2,0
56411713,24,15,9,0,9,5,1,2,2,0,0,2,1,0,2,0,0,0,0,13,10,3,8,4,4,3,1,2,0,0,0,0,0,0
56411714,268,150,118,6,132,21,23,13,5,5,2,14,9,16,13,4,19,13,6,108,71,37,87,40,47,4,2,2,33,16,17,17,8,9
56411715,170,91,79,3,59,8,18,11,5,3,2,12,13,15,12,2,10,3,7,59,43,16,51,24,27,1,0,1,43,19,24,6,2,4
56411716,295,164,131,1,130,17,33,23,12,8,4,16,11,8,18,1,39,18,21,132,82,50,88,45,43,4,2,2,22,14,8,10,3,7
56411717,38,17,21,3,12,2,2,1,2,0,0,1,6,9,0,0,1,0,1,8,6,2,21,8,13,0,0,0,8,3,5,0,0,0
56411718,22,13,9,0,3,1,3,4,1,1,0,1,4,3,1,0,1,1,0,3,0,3,11,8,3,1,0,1,6,4,2,0,0,0
56411719,16,9,7,0,4,2,3,1,0,1,0,2,1,1,1,0,1,0,1,6,6,0,7,3,4,0,0,0,2,0,2,0,0,0
56163101,116,70,46,8,43,16,18,1,8,0,1,10,1,4,3,1,8,3,5,45,31,14,38,23,15,2,0,2,16,7,9,7,6,1
56163102,66,36,30,1,35,1,2,3,1,2,0,4,5,5,6,1,3,1,2,34,23,11,20,7,13,1,0,1,7,4,3,1,1,0
56163103,783,432,351,13,323,42,94,40,32,10,5,53,42,55,40,6,69,37,32,299,186,113,264,137,127,15,6,9,93,41,52,43,25,18
56163104,9,6,3,1,4,0,1,0,0,0,0,1,0,2,0,0,0,0,0,2,2,0,4,3,1,0,0,0,2,1,1,1,0,1
56163105,460,260,200,5,214,24,37,25,17,6,4,26,31,39,18,0,38,22,16,185,115,70,160,87,73,2,1,1,61,26,35,14,9,5
56163106,15,8,7,1,7,1,0,3,0,0,0,1,0,1,1,0,0,0,0,9,6,3,4,1,3,0,0,0,1,1,0,1,0,1
56163107,65,37,28,2,29,2,9,2,2,1,3,3,4,4,2,1,5,3,2,28,17,11,19,10,9,0,0,0,10,5,5,3,2,1
56163108,12,6,6,0,6,0,0,1,0,0,0,1,0,4,0,0,0,0,0,4,2,2,4,2,2,0,0,0,4,2,2,0,0,0
56163109,37,20,17,4,15,1,0,3,4,2,0,3,1,1,1,1,3,3,0,18,10,8,10,5,5,1,0,1,4,2,2,1,0,1
56163110,11,6,5,0,5,0,2,0,0,0,0,2,0,1,0,0,1,0,1,3,2,1,4,2,2,0,0,0,3,2,1,0,0,0
56163112,82,50,32,5,31,5,7,7,5,0,0,2,7,3,4,0,2,2,0,37,26,11,29,17,12,1,1,0,12,3,9,1,1,0
56163113,70,44,26,5,31,5,8,5,0,0,0,5,4,0,3,0,6,4,2,39,26,13,14,9,5,3,0,3,4,2,2,4,3,1
56163115,14,9,5,0,7,0,0,0,2,1,0,2,0,2,0,0,4,4,0,8,5,3,2,0,2,0,0,0,0,0,0,0,0,0
56165701,46,29,17,5,16,3,5,2,0,1,0,3,4,2,3,1,1,1,0,26,19,7,13,5,8,0,0,0,6,4,2,0,0,0
54665801,90,47,43,3,30,8,10,4,4,0,0,8,6,10,3,1,2,0,2,39,28,11,29,8,21,3,1,2,10,4,6,7,6,1
53048401,203,113,90,2,58,23,26,16,2,4,7,18,13,5,17,3,11,8,3,75,43,32,66,34,32,3,1,2,34,17,17,14,10,4
53048402,101,56,45,2,25,8,5,1,5,4,6,22,6,4,9,1,2,1,1,16,12,4,41,14,27,0,0,0,36,25,11,6,4,2
56413301,15,8,7,1,3,0,3,1,0,1,0,2,1,3,0,0,0,0,0,2,1,1,6,3,3,1,0,1,5,4,1,1,0,1
56413302,202,112,90,19,41,15,10,13,3,2,0,15,14,20,37,6,25,16,9,86,51,35,43,24,19,6,2,4,28,13,15,14,6,8
56414101,49,27,22,9,20,5,1,2,0,1,1,4,2,1,3,0,0,0,0,18,10,8,23,11,12,1,0,1,5,4,1,2,2,0
56414102,25,16,9,6,8,3,0,1,0,1,0,3,1,0,2,0,1,0,1,8,6,2,8,5,3,3,2,1,4,3,1,1,0,1
56414103,23,14,9,2,10,0,2,2,0,0,0,0,3,1,1,1,1,1,0,12,9,3,8,3,5,0,0,0,0,0,0,2,1,1
56414104,28,19,9,2,12,2,2,1,2,0,1,2,1,1,1,1,0,0,0,11,9,2,11,7,4,0,0,0,2,1,1,4,2,2
56414105,21,13,8,3,10,0,0,1,0,1,0,1,0,2,2,1,3,2,1,5,3,2,8,4,4,0,0,0,5,4,1,0,0,0
56414107,15,8,7,0,6,2,0,0,0,0,1,2,1,0,1,0,1,1,0,8,6,2,4,1,3,0,0,0,2,0,2,0,0,0
56414108,14,6,8,2,7,1,0,0,0,0,0,1,0,2,1,0,0,0,0,6,3,3,4,1,3,0,0,0,4,2,2,0,0,0
56416801,216,128,88,8,81,24,16,12,7,2,1,9,18,17,13,3,17,12,5,95,61,34,64,31,33,1,1,0,23,9,14,16,14,2
56417601,152,88,64,5,40,11,16,5,8,4,6,13,11,18,7,1,6,6,0,42,30,12,53,29,24,5,2,3,38,19,19,8,2,6
56417602,47,27,20,0,10,3,2,1,3,2,1,8,2,2,7,1,0,0,0,10,6,4,19,12,7,1,0,1,17,9,8,0,0,0
56418401,264,145,119,18,69,19,27,19,15,7,5,24,15,13,19,4,16,4,12,110,69,41,66,38,28,6,2,4,50,21,29,16,11,5
56418402,137,81,56,8,61,10,11,3,5,2,1,12,8,7,6,1,18,14,4,41,27,14,49,22,27,0,0,0,19,11,8,10,7,3
53043301,178,110,68,23,67,11,14,16,1,0,1,4,9,13,14,3,17,12,5,91,63,28,53,25,28,2,0,2,7,4,3,8,6,2
56420601,194,114,80,13,48,10,12,9,30,2,3,16,13,12,16,3,18,12,6,85,49,36,62,34,28,4,3,1,18,9,9,7,7,0
54593701,114,61,53,6,55,4,9,4,5,0,1,5,4,9,7,2,6,4,2,53,35,18,34,12,22,1,0,1,16,9,7,4,1,3
0820403,0,0,0,0,0,0,0,0,0,0,0,0,0,0,0,0,0,0,0,0,0,0,0,0,0,0,0,0,0,0,0,0,0,0
0821390,0,0,0,0,0,0,0,0,0,0,0,0,0,0,0,0,0,0,0,0,0,0,0,0,0,0,0,0,0,0,0,0,0,0
3186800,0,0,0,0,0,0,0,0,0,0,0,0,0,0,0,0,0,0,0,0,0,0,0,0,0,0,0,0,0,0,0,0,0,0
3187440,0,0,0,0,0,0,0,0,0,0,0,0,0,0,0,0,0,0,0,0,0,0,0,0,0,0,0,0,0,0,0,0,0,0
55690401,814,563,251,14,234,79,69,63,62,10,9,105,18,29,46,43,65,44,21,175,131,44,179,107,72,16,9,7,112,62,50,267,210,57
55690402,103,56,47,0,36,5,9,4,7,0,2,5,3,9,13,3,8,4,4,14,10,4,37,18,19,6,5,1,30,14,16,8,5,3
55690403,780,435,345,11,222,45,73,32,39,25,14,93,36,46,70,12,42,23,19,160,94,66,275,146,129,20,11,9,196,103,93,87,58,29
55690404,38,24,14,0,8,2,5,1,1,0,0,4,4,3,8,0,1,1,0,6,4,2,14,7,7,1,1,0,12,8,4,4,3,1
55690405,1208,631,577,12,265,103,152,53,38,34,29,147,89,83,113,12,64,43,21,299,164,135,471,237,234,22,12,10,294,140,154,58,35,23
55690406,15,8,7,0,1,1,2,0,1,1,0,0,0,6,1,0,0,0,0,6,4,2,7,3,4,0,0,0,2,1,1,0,0,0
55690408,1342,723,619,15,298,90,115,56,46,48,36,200,61,161,125,22,45,17,28,182,120,62,437,222,215,30,9,21,533,278,255,115,77,38
55690409,54,27,27,0,6,2,0,2,1,1,0,7,1,2,30,1,8,5,3,8,4,4,19,5,14,0,0,0,11,8,3,8,5,3
55690410,634,350,284,4,133,36,49,27,22,32,18,92,42,67,67,8,18,11,7,76,47,29,208,114,94,9,4,5,284,146,138,39,28,11
55690411,740,392,348,1,197,36,78,30,30,33,36,94,40,48,65,5,42,19,23,135,71,64,276,148,128,14,7,7,249,132,117,24,15,9
55690412,1555,819,736,10,478,90,183,83,43,55,33,162,98,118,115,11,97,56,41,454,279,175,584,281,303,34,13,21,305,142,163,81,48,33
55690413,1417,754,663,12,462,101,156,83,57,27,30,134,79,100,98,10,80,46,34,442,269,173,529,270,259,30,17,13,275,120,155,61,32,29
55690414,224,115,109,0,66,12,20,9,7,13,3,37,9,19,15,1,10,7,3,46,23,23,76,43,33,3,1,2,75,33,42,14,8,6
55690416,566,322,244,3,205,46,59,36,31,20,10,53,26,24,29,9,39,25,14,189,101,88,193,115,78,14,8,6,88,51,37,43,22,21
55690417,900,444,456,6,293,53,103,55,40,24,25,82,37,78,70,7,59,32,27,276,151,125,346,154,192,19,8,11,168,80,88,32,19,13
55690418,47,33,14,0,24,7,5,1,0,0,0,8,0,0,1,0,5,2,3,8,6,2,18,15,3,0,0,0,0,0,0,16,10,6
55690419,46,29,17,1,24,4,2,4,3,0,0,6,0,0,2,0,4,2,2,11,8,3,12,6,6,1,1,0,4,2,2,14,10,4
55690420,3232,1717,1515,14,1136,213,368,197,116,74,67,298,160,191,237,31,269,130,139,1143,665,478,1143,561,582,49,20,29,477,246,231,151,95,56
55690421,845,474,371,5,317,66,88,37,24,16,10,90,35,44,50,12,51,30,21,242,151,91,283,149,134,16,6,10,158,76,82,95,62,33
55690422,388,223,165,2,141,36,55,21,13,11,2,34,8,16,24,2,51,28,23,134,81,53,114,63,51,7,2,5,55,28,27,27,21,6
55690423,469,266,203,6,143,27,42,24,10,9,13,66,25,34,39,5,16,9,7,124,84,40,157,76,81,12,5,7,109,55,54,51,37,14
55690424,18,10,8,0,4,1,2,3,1,1,0,5,0,1,0,0,6,4,2,6,4,2,3,1,2,0,0,0,2,0,2,1,1,0
55690425,120,73,47,2,26,11,15,6,1,2,3,17,3,13,8,3,9,4,5,26,22,4,36,19,17,2,1,1,35,18,17,12,9,3
55690426,1118,597,521,7,356,76,133,56,35,43,29,97,56,108,73,4,40,17,23,283,188,95,416,200,216,13,7,6,330,164,166,36,21,15
55690427,114,69,45,2,32,4,11,8,4,1,1,22,2,17,5,3,2,1,1,20,15,5,32,17,15,2,1,1,45,27,18,13,8,5
55690428,103,54,49,0,30,4,18,9,5,1,2,6,6,10,9,0,3,1,2,34,21,13,47,22,25,2,0,2,15,8,7,2,2,0
55690429,430,240,190,1,131,32,41,23,14,9,6,58,20,30,34,10,20,12,8,110,78,32,150,83,67,11,5,6,106,44,62,33,18,15
55690430,1814,970,844,17,602,112,222,116,56,51,30,199,85,85,137,21,150,82,68,585,353,232,662,322,340,29,10,19,291,141,150,97,62,35
55690431,849,457,392,12,248,51,103,44,18,19,20,108,59,55,58,12,40,20,20,261,155,106,299,153,146,24,12,12,167,83,84,58,34,24
55690434,30,20,10,0,9,5,7,2,2,1,0,0,2,0,0,0,6,3,3,11,9,2,7,3,4,0,0,0,3,2,1,3,3,0
55690435,248,143,105,3,63,23,25,14,9,7,6,34,14,19,14,0,13,11,2,74,45,29,94,54,40,1,1,0,60,27,33,6,5,1
55690436,27,16,11,0,10,0,6,1,1,0,0,2,1,0,3,0,3,2,1,7,5,2,12,7,5,0,0,0,5,2,3,0,0,0
55690437,332,177,155,3,80,24,33,18,10,15,10,38,16,30,35,5,11,7,4,81,58,23,130,58,72,4,0,4,100,49,51,6,5,1
55690438,377,192,185,2,87,36,37,11,8,14,17,37,30,39,31,1,10,8,2,41,31,10,145,64,81,8,1,7,163,82,81,10,6,4
55690439,1584,830,754,15,446,101,228,91,54,37,37,157,97,116,122,14,107,58,49,486,282,204,571,282,289,27,12,15,321,145,176,72,51,21
55690440,1246,622,624,7,352,75,167,71,40,37,19,142,65,88,122,14,62,30,32,357,210,147,479,213,266,22,8,14,262,127,135,64,34,30
55690442,938,492,446,4,203,62,110,35,19,41,27,144,64,97,80,11,33,13,20,148,90,58,304,159,145,14,4,10,411,210,201,28,16,12
55690443,1045,552,493,13,251,82,115,42,41,48,16,137,57,84,91,9,60,31,29,207,123,84,382,192,190,21,5,16,328,174,154,47,27,20
55690444,1584,827,757,9,446,94,180,87,53,33,47,166,92,143,134,14,70,38,32,439,264,175,605,292,313,24,11,13,353,168,185,93,54,39
55690445,540,281,259,5,113,36,47,16,16,22,12,63,58,69,53,0,20,15,5,87,50,37,190,93,97,13,5,8,210,107,103,20,11,9
55690446,122,69,53,0,21,12,11,6,2,7,2,21,4,13,22,0,6,6,0,15,9,6,30,17,13,2,0,2,67,35,32,2,2,0
55690447,234,128,106,1,62,14,22,5,6,8,5,28,13,23,25,2,3,1,2,29,18,11,72,43,29,2,0,2,107,52,55,21,14,7
55690448,69,38,31,1,12,4,12,2,1,0,1,14,4,5,9,0,4,1,3,17,14,3,19,6,13,1,0,1,26,15,11,2,2,0
55690449,1637,837,800,8,458,79,212,90,55,67,33,154,109,155,132,11,72,37,35,462,257,205,617,304,313,26,12,14,415,198,217,45,29,16
55690450,529,277,252,4,130,47,41,17,23,27,16,70,27,52,49,4,22,10,12,105,69,36,215,99,116,4,1,3,161,82,79,22,16,6
55690451,1048,598,450,8,273,81,105,38,59,39,26,141,42,94,93,1,52,23,29,182,117,65,368,192,176,18,10,8,393,232,161,35,24,11
55690452,177,96,81,3,28,29,26,6,7,4,3,29,8,13,13,0,8,3,5,38,25,13,54,23,31,2,1,1,73,43,30,2,1,1
55690453,266,150,116,2,74,25,27,14,5,6,7,44,13,18,15,1,21,7,14,94,66,28,70,35,35,3,0,3,71,38,33,7,4,3
55690454,281,152,129,0,73,33,35,12,10,6,8,24,24,23,15,1,7,4,3,71,50,21,100,47,53,1,0,1,97,48,49,5,3,2
55690456,792,424,368,8,223,58,71,33,36,21,30,103,29,64,73,2,34,22,12,163,105,58,269,127,142,12,4,8,292,150,142,22,16,6
55690457,72,38,34,2,18,5,6,5,2,4,0,6,3,9,10,0,3,3,0,15,10,5,19,11,8,4,1,3,31,13,18,0,0,0
55690458,338,189,149,8,98,24,43,21,13,5,3,30,21,26,29,0,20,8,12,98,63,35,131,74,57,7,1,6,66,33,33,16,10,6
55690459,263,144,119,2,80,30,32,18,3,2,7,31,17,12,15,1,14,8,6,98,64,34,94,47,47,3,2,1,47,18,29,7,5,2
55690460,302,165,137,0,86,22,30,22,2,8,11,29,25,29,23,2,15,8,7,55,38,17,118,57,61,8,3,5,96,52,44,10,7,3
55690461,1298,708,590,8,428,85,159,88,32,34,28,131,81,78,80,8,69,39,30,380,242,138,499,247,252,26,10,16,270,134,136,54,36,18
55690462,12,6,6,1,0,1,2,1,0,0,2,0,3,1,1,0,0,0,0,4,4,0,4,2,2,1,0,1,2,0,2,1,0,1
55690463,10,3,7,0,4,1,1,0,0,0,0,2,0,2,0,0,0,0,0,5,2,3,4,1,3,0,0,0,1,0,1,0,0,0
55690464,333,182,151,6,135,17,27,23,11,6,10,26,25,16,19,1,38,21,17,126,76,50,107,54,53,6,1,5,41,21,20,15,9,6
55690465,482,259,223,4,128,51,65,31,17,11,11,45,27,38,34,2,17,10,7,147,93,54,196,100,96,11,6,5,103,45,58,8,5,3
55690466,352,194,158,8,98,29,37,16,8,9,16,41,27,21,27,3,20,13,7,93,62,31,128,65,63,16,3,13,83,45,38,12,6,6
55690467,57,32,25,0,18,7,7,4,1,0,0,5,0,6,5,1,0,0,0,30,22,8,16,7,9,0,0,0,10,3,7,1,0,1
55690468,96,52,44,2,32,7,13,4,1,3,3,7,2,6,9,1,6,2,4,37,22,15,34,21,13,1,1,0,16,6,10,2,0,2
55690469,531,292,239,6,176,58,57,24,19,12,8,38,30,37,34,2,46,30,16,196,121,75,173,84,89,12,2,10,79,39,40,25,16,9
55690470,61,31,30,0,15,4,12,6,3,1,1,4,3,2,6,0,2,0,2,17,9,8,31,18,13,0,0,0,9,3,6,2,1,1
55690471,112,64,48,2,33,9,13,9,3,2,6,10,2,8,4,3,6,2,4,33,19,14,44,28,16,2,1,1,22,11,11,5,3,2
55690472,75,43,32,0,28,4,9,5,2,3,2,4,5,4,3,1,6,3,3,26,16,10,29,16,13,1,0,1,11,6,5,2,2,0
55690473,2182,1152,1030,13,724,141,245,116,53,77,55,247,117,167,126,14,126,68,58,621,379,242,825,396,429,34,16,18,519,255,264,57,38,19
55690475,92,50,42,0,27,8,14,2,3,1,2,9,11,3,7,1,4,3,1,29,19,10,37,16,21,0,0,0,21,12,9,1,0,1
55690476,533,308,225,7,144,38,60,27,58,19,5,62,18,19,27,8,64,42,22,154,100,54,164,83,81,17,10,7,95,46,49,39,27,12
55690477,1037,612,425,10,267,69,125,47,36,33,22,129,101,66,68,17,88,60,28,278,182,96,349,181,168,17,11,6,226,123,103,79,55,24
55690478,218,126,92,2,97,4,18,11,10,6,4,27,6,6,14,3,20,13,7,44,27,17,70,33,37,7,4,3,49,30,19,28,19,9
55690479,857,449,408,5,249,57,99,45,34,29,30,89,46,52,67,11,63,34,29,224,130,94,294,141,153,23,13,10,199,99,100,54,32,22
55690480,42,27,15,1,10,6,2,7,2,1,0,7,2,0,2,2,1,1,0,8,5,3,12,7,5,2,1,1,0,0,0,19,13,6
55690481,1315,726,589,6,449,122,114,82,45,31,28,137,61,83,76,15,130,83,47,387,226,161,415,216,199,22,10,12,265,128,137,96,63,33
55690482,504,281,223,7,132,41,61,27,31,21,13,59,18,32,26,6,51,29,22,154,94,60,156,83,73,15,9,6,89,41,48,39,25,14
55690483,176,88,88,1,49,11,19,9,10,7,8,16,4,14,17,0,9,5,4,49,25,24,57,25,32,3,1,2,48,27,21,10,5,5
55690484,1056,548,508,4,290,72,123,45,37,40,32,124,49,82,93,9,84,39,45,253,155,98,341,163,178,25,9,16,292,145,147,61,37,24
55690485,420,230,190,6,138,33,37,19,40,6,4,62,13,11,14,10,66,43,23,106,65,41,137,66,71,7,2,5,64,35,29,40,19,21
55690486,47,27,20,1,27,1,2,2,2,0,1,10,0,0,0,1,5,1,4,10,7,3,23,12,11,1,0,1,7,6,1,1,1,0
55690487,1234,639,595,7,323,74,141,55,36,44,29,146,68,116,128,5,54,32,22,288,166,122,436,194,242,22,6,16,363,191,172,71,50,21
55690488,10,5,5,0,2,1,2,3,0,0,0,0,0,1,1,0,1,0,1,6,4,2,1,1,0,0,0,0,2,0,2,0,0,0
55690489,998,534,464,3,246,51,123,41,28,43,26,125,63,93,97,10,32,19,13,177,106,71,356,179,177,19,5,14,362,191,171,52,34,18
55690491,75,45,30,0,17,4,11,5,2,3,1,14,3,6,4,0,3,2,1,17,11,6,35,19,16,0,0,0,18,12,6,2,1,1
55690492,449,244,205,1,131,21,33,15,8,14,14,72,28,45,35,3,41,24,17,64,43,21,130,69,61,7,0,7,191,96,95,16,12,4
55689101,44,23,21,2,16,1,9,2,3,1,2,3,1,1,2,0,1,1,0,14,8,6,15,4,11,0,0,0,9,7,2,5,3,2
55689102,55,31,24,0,18,3,5,2,2,3,2,8,4,2,4,0,4,3,1,18,14,4,17,8,9,1,1,0,13,5,8,2,0,2
55689103,22,11,11,1,3,1,0,4,1,1,1,3,1,2,0,0,3,2,1,6,4,2,9,5,4,2,0,2,1,0,1,1,0,1
55689104,1440,769,671,5,519,82,165,73,40,33,20,131,93,106,99,21,80,42,38,402,250,152,501,248,253,40,20,20,314,146,168,103,63,40
55689105,190,99,91,2,64,18,30,7,1,2,2,15,14,13,17,0,14,5,9,52,32,20,76,37,39,1,0,1,38,21,17,9,4,5
55689106,410,218,192,1,113,31,37,28,15,18,8,47,22,33,41,4,11,6,5,91,59,32,139,67,72,9,3,6,147,77,70,13,6,7
55689107,416,218,198,5,123,24,63,23,11,13,8,44,22,22,35,6,20,11,9,128,78,50,138,68,70,9,2,7,98,48,50,23,11,12
55689108,286,148,138,1,68,16,32,14,6,10,14,32,23,24,25,1,9,6,3,56,26,30,102,55,47,9,3,6,99,54,45,11,4,7
55689109,818,421,397,8,223,41,98,45,25,21,23,100,54,48,90,7,68,34,34,233,123,110,276,138,138,17,5,12,167,85,82,57,36,21
55689110,933,508,425,2,268,74,127,39,32,31,28,93,59,63,68,6,55,27,28,231,147,84,358,183,175,17,8,9,240,123,117,32,20,12
56423101,21,12,9,1,4,2,2,0,1,0,0,2,2,2,3,0,0,0,0,5,4,1,11,7,4,0,0,0,5,1,4,0,0,0
56423102,150,87,63,3,34,10,14,9,0,2,4,22,11,13,19,1,4,1,3,40,29,11,58,29,29,4,1,3,31,18,13,13,9,4
56423103,691,378,313,15,197,58,72,38,17,18,24,79,39,56,45,10,31,21,10,214,144,70,244,104,140,11,4,7,159,82,77,32,23,9
54659301,22,12,10,0,7,3,1,0,0,1,1,1,0,3,5,0,2,1,1,16,8,8,4,3,1,0,0,0,0,0,0,0,0,0
54659302,344,196,148,5,124,32,34,21,6,10,7,19,16,23,34,3,26,16,10,140,92,48,110,52,58,6,2,4,47,24,23,15,10,5
54659303,24,15,9,1,8,2,1,0,0,1,1,4,1,3,0,0,1,1,0,7,6,1,6,2,4,0,0,0,8,5,3,2,1,1
54659304,43,22,21,2,13,2,4,4,3,1,1,3,4,3,3,0,5,2,3,20,13,7,6,1,5,1,0,1,9,5,4,2,1,1
56426501,46,29,17,3,25,2,5,4,0,0,0,0,2,1,0,0,9,6,3,25,18,7,7,4,3,0,0,0,2,0,2,3,1,2
56426502,43,26,17,1,17,2,3,3,2,1,0,2,4,2,2,1,3,2,1,16,8,8,13,10,3,0,0,0,5,2,3,6,4,2
56426503,64,34,30,2,26,5,6,1,3,2,1,3,6,4,1,1,9,3,6,26,17,9,19,9,10,0,0,0,8,3,5,2,2,0
56426504,17,10,7,2,4,2,0,0,1,1,0,4,0,1,1,0,2,2,0,5,3,2,6,4,2,0,0,0,4,1,3,0,0,0
56426505,1391,782,609,44,655,85,104,71,33,15,10,61,88,98,66,25,195,112,83,638,389,249,360,169,191,11,4,7,96,47,49,91,61,30
56428101,341,184,157,14,94,33,24,13,11,7,6,39,22,29,32,2,23,13,10,120,80,40,108,43,65,7,3,4,74,39,35,9,6,3
56428102,40,21,19,0,5,5,5,0,2,3,0,9,4,2,5,0,3,1,2,13,10,3,11,5,6,2,1,1,10,4,6,1,0,1
56429001,74,46,28,6,22,4,6,5,3,2,2,7,7,4,5,1,4,0,4,22,18,4,22,12,10,1,1,0,17,10,7,8,5,3
56429002,28,15,13,1,13,2,0,5,1,0,0,0,0,5,1,0,1,1,0,16,10,6,5,2,3,1,0,1,5,2,3,0,0,0
56429003,16,6,10,0,7,1,1,2,0,0,0,2,0,1,2,0,0,0,0,2,1,1,10,4,6,1,0,1,3,1,2,0,0,0
56429004,22,13,9,0,9,1,2,2,1,1,0,1,2,2,1,0,5,3,2,7,5,2,10,5,5,0,0,0,0,0,0,0,0,0
56429005,236,136,100,9,92,14,16,10,9,2,1,12,15,21,24,2,16,9,7,94,62,32,76,37,39,2,2,0,30,16,14,18,10,8
56429006,211,118,93,6,76,16,17,9,9,2,4,10,15,14,18,4,7,5,2,74,47,27,81,41,40,2,1,1,33,12,21,14,12,2
56429007,10,6,4,0,1,1,0,0,1,0,1,0,1,2,1,0,0,0,0,5,3,2,1,0,1,0,0,0,4,3,1,0,0,0
54595301,64,36,28,3,23,6,4,3,1,2,0,6,5,5,4,1,2,2,0,18,11,7,19,11,8,0,0,0,22,9,13,3,3,0
54595303,80,45,35,5,20,4,10,6,1,2,2,5,3,6,13,1,3,2,1,24,18,6,30,17,13,3,1,2,16,5,11,4,2,2
54595304,29,17,12,2,13,2,3,0,0,1,0,2,2,2,2,0,3,1,2,10,5,5,9,8,1,1,0,1,6,3,3,0,0,0
56430301,25,12,13,6,4,1,1,0,2,0,0,2,2,5,1,0,0,0,0,12,7,5,8,3,5,0,0,0,4,2,2,1,0,1
56430302,29,15,14,1,8,3,3,0,0,1,2,3,0,3,3,0,2,2,0,10,4,6,10,7,3,1,0,1,5,2,3,1,0,1
56430303,16,9,7,0,7,0,0,2,0,0,1,2,3,0,0,1,1,1,0,2,1,1,9,5,4,0,0,0,4,2,2,0,0,0
56430304,146,83,63,13,61,6,10,4,5,4,1,12,4,11,8,1,5,3,2,56,41,15,51,24,27,6,2,4,19,11,8,9,2,7
56430306,95,51,44,6,34,1,8,3,5,4,0,8,5,12,6,0,3,1,2,30,19,11,36,20,16,4,2,2,21,9,12,1,0,1
56430307,38,22,16,2,18,1,3,0,1,1,0,4,3,4,1,0,0,0,0,10,8,2,14,8,6,1,0,1,10,4,6,3,2,1
56430309,14,8,6,0,4,0,1,0,0,2,0,4,2,1,0,0,0,0,0,1,1,0,5,3,2,2,1,1,6,3,3,0,0,0
56431101,78,44,34,8,38,6,1,2,1,0,0,3,8,5,3,1,8,4,4,36,24,12,21,10,11,1,0,1,6,1,5,6,5,1
56431102,43,28,15,7,15,7,2,3,0,0,0,1,4,1,1,1,4,4,0,26,16,10,8,6,2,1,0,1,1,1,0,3,1,2
54434501,41,20,21,4,11,3,4,2,3,0,0,1,2,0,9,0,0,0,0,17,10,7,10,3,7,0,0,0,13,6,7,1,1,0
54434503,126,76,50,7,39,8,14,7,4,3,1,12,12,6,5,0,2,2,0,41,30,11,52,27,25,3,1,2,24,15,9,4,1,3
54434504,32,16,16,1,15,2,4,1,0,0,1,1,0,3,3,0,1,1,0,10,4,6,13,8,5,0,0,0,7,3,4,1,0,1
54434505,11,7,4,1,3,1,1,0,1,0,0,0,2,2,0,0,0,0,0,1,1,0,3,3,0,0,0,0,7,3,4,0,0,0
56435401,635,353,282,14,344,29,62,34,12,13,7,30,25,19,28,5,52,22,30,294,182,112,194,95,99,13,5,8,58,33,25,24,16,8
54458201,137,79,58,3,51,11,8,9,4,9,3,14,9,2,4,1,1,0,1,32,22,10,65,30,35,3,2,1,32,22,10,4,3,1
56437101,11,7,4,3,3,0,0,1,0,0,0,1,1,0,1,0,1,1,0,1,0,1,3,2,1,2,1,1,4,3,1,0,0,0
56437102,1258,697,561,45,557,92,105,62,26,12,7,68,86,75,76,13,123,64,59,617,379,238,338,164,174,13,8,5,112,46,66,55,36,19
56439701,101,55,46,8,23,11,10,8,6,2,2,13,2,8,4,2,6,3,3,25,20,5,41,18,23,0,0,0,25,11,14,4,3,1
56439702,14,7,7,0,2,1,0,1,2,0,0,3,1,1,2,1,0,0,0,6,5,1,7,2,5,0,0,0,0,0,0,1,0,1
56439703,38,19,19,5,6,3,3,5,1,0,1,7,2,1,2,0,5,3,2,7,4,3,16,9,7,0,0,0,9,2,7,1,1,0
56439704,207,115,92,8,78,10,22,19,4,0,3,17,11,15,11,0,19,15,4,86,57,29,69,30,39,1,1,0,26,10,16,6,2,4
56439705,14,10,4,1,5,0,2,1,0,0,1,0,0,1,1,0,0,0,0,6,5,1,6,3,3,0,0,0,2,2,0,0,0,0
56440102,22,13,9,1,9,0,2,1,0,1,0,1,1,3,2,0,1,1,0,8,7,1,7,2,5,0,0,0,4,2,2,2,1,1
56440103,58,33,25,6,11,3,6,4,0,5,0,7,6,6,2,1,0,0,0,20,12,8,13,6,7,3,0,3,16,11,5,6,4,2
54447701,1129,609,520,15,307,95,130,54,27,36,31,115,75,96,90,7,34,17,17,326,204,122,451,220,231,10,1,9,272,137,135,36,30,6
54447702,48,28,20,0,19,6,10,5,0,0,0,3,1,1,1,1,2,2,0,23,14,9,14,9,5,1,0,1,5,2,3,3,1,2
56442701,206,118,88,7,59,22,27,7,3,5,6,12,19,20,11,2,5,3,2,47,37,10,93,46,47,1,0,1,57,29,28,3,3,0
56442703,76,46,30,0,21,8,8,5,4,1,2,8,2,7,6,1,3,1,2,24,18,6,36,20,16,2,2,0,10,5,5,1,0,1
56442704,42,23,19,2,11,6,3,1,2,0,1,3,3,1,6,0,1,1,0,11,7,4,21,10,11,0,0,0,9,5,4,0,0,0
56442705,47,30,17,0,21,7,2,2,2,2,0,1,3,6,0,0,0,0,0,16,13,3,17,7,10,0,0,0,13,9,4,1,1,0
56442707,49,27,22,5,12,4,3,0,2,0,3,3,3,6,6,0,1,1,0,11,7,4,22,13,9,1,1,0,14,5,9,0,0,0
56442710,82,45,37,1,30,2,7,2,5,3,0,6,7,6,8,2,2,1,1,21,14,7,32,14,18,2,1,1,22,13,9,3,2,1
56443501,14,7,7,4,4,1,0,0,0,0,1,0,0,0,4,0,2,1,1,4,2,2,6,3,3,2,1,1,0,0,0,0,0,0
56443502,213,123,90,23,85,7,19,13,4,5,6,15,9,7,14,0,5,2,3,86,54,32,78,40,38,0,0,0,26,12,14,18,15,3
56444301,95,50,45,4,54,9,7,3,2,0,0,5,4,3,4,0,3,3,0,37,23,14,39,17,22,4,1,3,9,3,6,3,3,0
56444302,105,62,43,2,45,13,13,5,1,3,2,8,1,1,5,1,12,4,8,39,29,10,31,18,13,2,0,2,16,8,8,5,3,2
56445101,29,16,13,1,11,4,2,1,0,0,0,3,1,1,4,0,3,2,1,6,2,4,12,9,3,0,0,0,7,2,5,1,1,0
56445102,38,21,17,1,18,4,2,1,0,1,1,3,3,2,2,0,1,0,1,16,11,5,13,6,7,0,0,0,5,2,3,3,2,1
56445103,23,13,10,0,7,4,2,0,0,0,0,4,1,1,2,0,2,1,1,8,5,3,8,5,3,1,0,1,1,0,1,3,2,1
56445104,26,13,13,3,6,2,4,1,1,0,0,1,3,1,4,0,1,1,0,8,5,3,15,7,8,0,0,0,2,0,2,0,0,0
56445105,17,8,9,0,3,0,1,0,0,0,0,0,2,3,1,0,0,0,0,2,0,2,9,4,5,0,0,0,6,4,2,0,0,0
56446001,630,343,287,5,168,53,78,28,20,23,21,71,39,42,46,7,19,14,5,136,89,47,246,124,122,9,2,7,200,102,98,20,12,8
56446002,26,14,12,3,7,2,3,2,1,2,0,1,0,1,3,0,0,0,0,7,6,1,12,5,7,0,0,0,7,3,4,0,0,0
56446003,107,62,45,1,27,8,6,11,1,9,1,9,14,7,6,1,3,1,2,23,20,3,39,17,22,1,0,1,38,22,16,3,2,1
56449401,51,30,21,2,28,4,3,1,2,2,0,2,0,0,5,0,6,4,2,28,15,13,11,7,4,1,0,1,4,3,1,1,1,0
56449402,7,4,3,1,2,0,2,0,1,0,0,0,0,0,1,0,0,0,0,2,2,0,5,2,3,0,0,0,0,0,0,0,0,0
56449403,13,7,6,0,3,1,2,2,0,0,0,1,2,1,1,0,2,1,1,6,5,1,4,1,3,0,0,0,1,0,1,0,0,0
56449405,58,37,21,2,28,9,3,6,1,0,0,0,4,0,4,1,2,2,0,33,23,10,19,8,11,0,0,0,3,3,0,1,1,0
56449406,76,40,36,4,32,4,7,6,3,1,0,1,5,7,4,0,8,4,4,28,17,11,28,11,17,1,0,1,7,5,2,4,3,1
56449407,77,44,33,4,40,6,3,8,1,1,0,3,1,5,4,0,1,0,1,43,29,14,22,8,14,3,1,2,3,2,1,5,4,1
56449408,71,41,30,1,40,2,5,3,2,1,1,6,3,2,4,0,7,3,4,34,23,11,19,10,9,0,0,0,6,3,3,5,2,3
56449409,261,162,99,10,135,19,21,13,5,1,2,16,9,15,10,3,31,18,13,123,85,38,60,36,24,6,2,4,20,7,13,21,14,7
56451601,64,33,31,4,13,4,10,2,0,3,0,11,2,8,7,0,1,1,0,16,12,4,24,8,16,2,1,1,20,10,10,1,1,0
56451602,19,12,7,0,6,4,2,0,0,0,0,1,2,2,1,0,1,1,0,4,4,0,9,6,3,1,0,1,3,1,2,1,0,1
56451603,99,53,46,5,32,10,8,4,3,4,4,7,4,3,9,1,6,2,4,34,23,11,35,18,17,1,0,1,15,5,10,8,5,3
56453202,19,10,9,6,3,0,2,0,0,1,0,3,0,0,3,0,1,1,0,5,4,1,5,2,3,0,0,0,7,3,4,1,0,1
56453203,9,4,5,0,4,0,0,0,0,0,0,3,1,0,1,0,0,0,0,2,2,0,5,1,4,0,0,0,2,1,1,0,0,0
56453205,23,14,9,0,13,2,3,2,0,1,0,1,0,0,0,0,1,0,1,9,7,2,10,6,4,0,0,0,0,0,0,3,1,2
56453206,15,10,5,1,7,1,1,1,0,0,0,0,2,1,1,0,0,0,0,3,2,1,8,5,3,1,1,0,3,2,1,0,0,0
56453207,25,11,14,0,9,0,2,2,0,1,0,4,2,2,2,0,3,1,2,8,4,4,7,2,5,1,0,1,6,4,2,0,0,0
56453208,12,5,7,0,5,1,1,0,0,0,1,2,1,0,1,0,1,1,0,3,2,1,6,0,6,0,0,0,1,1,0,1,1,0
56453209,49,26,23,6,24,3,2,3,0,0,1,3,3,2,2,0,4,4,0,21,15,6,16,4,12,2,1,1,5,1,4,1,1,0
56453210,121,77,44,8,41,12,7,14,3,3,1,9,10,3,7,0,6,3,3,54,38,16,40,24,16,2,2,0,14,7,7,5,3,2
56453211,37,21,16,1,17,2,2,4,0,0,1,2,1,2,2,0,3,2,1,11,9,2,10,4,6,0,0,0,8,4,4,5,2,3
56454101,134,71,63,5,40,16,11,7,5,4,2,8,10,9,7,3,10,4,6,51,29,22,47,21,26,2,1,1,13,7,6,11,9,2
54460401,83,47,36,5,30,3,13,2,4,3,3,5,4,3,3,1,3,2,1,24,13,11,40,23,17,1,0,1,11,6,5,4,3,1
57697201,121,70,51,27,31,6,11,8,3,5,0,8,4,8,5,1,7,4,3,48,25,23,45,26,19,2,0,2,16,12,4,3,3,0
57698101,172,94,78,7,25,15,12,3,41,3,3,14,7,23,11,2,4,2,2,47,34,13,67,32,35,5,1,4,45,22,23,4,3,1
57698102,172,97,75,12,62,14,15,9,9,2,0,11,8,8,18,0,4,4,0,74,49,25,50,26,24,3,1,2,35,12,23,6,5,1
57698103,45,28,17,3,14,3,5,3,3,0,0,3,4,3,1,1,2,1,1,20,15,5,14,9,5,4,2,2,5,1,4,0,0,0
57698104,8,5,3,2,3,0,0,1,1,0,0,0,0,1,0,0,1,1,0,2,1,1,4,3,1,0,0,0,1,0,1,0,0,0
57698105,82,50,32,10,23,7,14,2,4,2,0,5,0,3,9,0,3,1,2,30,23,7,37,20,17,1,0,1,11,6,5,0,0,0
57698106,20,14,6,0,4,5,2,3,0,1,0,2,0,2,1,0,1,1,0,8,5,3,4,3,1,0,0,0,6,4,2,1,1,0
57698107,36,19,17,5,5,2,2,3,8,0,1,5,1,1,2,0,1,1,0,8,7,1,17,7,10,0,0,0,10,4,6,0,0,0
57699901,150,81,69,8,58,7,13,6,4,0,1,8,14,7,18,2,13,9,4,59,35,24,52,29,23,0,0,0,18,3,15,8,5,3
57699902,28,16,12,1,6,1,5,0,1,0,0,3,2,2,6,0,1,0,1,8,7,1,10,5,5,2,0,2,6,3,3,1,1,0
57699903,52,30,22,7,21,1,4,6,0,0,1,2,4,1,2,0,4,3,1,25,15,10,15,6,9,1,1,0,4,2,2,3,3,0
57699904,171,99,72,5,46,14,18,15,7,3,1,10,9,15,18,1,7,3,4,54,41,13,71,31,40,1,0,1,31,19,12,7,5,2
57700601,36,23,13,3,7,2,4,2,1,1,1,6,1,3,4,0,2,1,1,12,9,3,13,8,5,1,1,0,7,4,3,1,0,1
57700602,232,135,97,9,64,21,25,19,11,3,1,8,27,17,12,1,6,2,4,77,50,27,88,47,41,8,4,4,37,21,16,16,11,5
57701401,115,61,54,3,35,5,16,4,2,2,3,9,15,10,11,0,7,2,5,31,24,7,50,24,26,4,2,2,22,9,13,1,0,1
57703101,92,48,44,9,28,7,8,2,6,1,4,6,3,8,6,0,5,3,2,37,26,11,29,15,14,5,2,3,15,2,13,1,0,1
57704901,59,35,24,15,11,8,6,2,4,1,2,4,1,1,3,0,1,1,0,25,20,5,18,7,11,1,0,1,8,2,6,6,5,1
57705701,273,149,124,24,124,26,23,12,14,1,0,10,7,15,12,1,19,11,8,122,87,35,91,32,59,5,3,2,25,5,20,11,11,0
57707301,154,87,67,15,69,6,19,6,5,4,3,6,8,3,6,0,8,3,5,69,46,23,52,28,24,4,1,3,14,7,7,7,2,5
57707302,28,15,13,3,15,1,1,0,0,0,1,0,2,2,1,0,2,0,2,9,6,3,14,7,7,1,0,1,2,2,0,0,0,0
57707303,84,47,37,10,33,4,6,5,1,1,0,3,6,5,6,1,5,2,3,33,25,8,33,13,20,0,0,0,11,6,5,2,1,1
57707304,62,36,26,6,27,3,2,2,0,0,1,5,3,6,4,1,2,1,1,29,23,6,18,4,14,0,0,0,8,4,4,5,4,1
57711101,42,24,18,1,19,1,5,4,0,1,0,2,3,1,4,0,2,1,1,18,11,7,17,10,7,1,0,1,4,2,2,0,0,0
57420101,75,39,36,5,36,4,11,5,2,0,1,4,3,1,3,0,6,3,3,32,23,9,26,7,19,0,0,0,7,2,5,4,4,0
57420102,53,33,20,3,23,4,10,1,0,0,0,3,3,1,2,2,1,0,1,35,23,12,12,6,6,0,0,0,2,2,0,3,2,1
57712001,634,355,279,39,251,44,78,19,22,15,9,44,24,32,43,3,29,17,12,259,167,92,218,110,108,14,5,9,86,40,46,28,16,12
57712002,272,154,118,22,92,16,20,12,26,1,1,18,11,11,28,2,12,6,6,103,69,34,92,46,46,6,2,4,56,29,27,3,2,1
57714601,12,10,2,0,5,3,0,2,1,0,0,0,0,0,0,1,0,0,0,3,3,0,8,6,2,0,0,0,1,1,0,0,0,0
57714602,42,23,19,3,16,0,7,5,1,0,0,2,1,2,3,0,0,0,0,20,13,7,15,6,9,2,1,1,3,1,2,2,2,0
57714604,39,22,17,3,4,3,4,6,9,0,0,2,1,5,2,0,0,0,0,10,9,1,21,11,10,1,0,1,7,2,5,0,0,0
57714605,19,11,8,1,8,1,0,0,6,0,0,0,1,1,0,0,0,0,0,10,6,4,6,4,2,0,0,0,3,1,2,0,0,0
57714606,143,81,62,8,46,5,21,9,9,6,0,10,7,9,8,1,3,2,1,45,26,19,51,29,22,2,1,1,31,18,13,11,5,6
57714607,17,10,7,2,6,3,1,1,0,0,0,2,1,0,1,0,0,0,0,10,8,2,5,2,3,0,0,0,2,0,2,0,0,0
57714608,14,10,4,3,7,3,0,0,0,0,0,0,0,0,0,0,0,0,0,7,5,2,2,1,1,0,0,0,5,4,1,0,0,0
57715401,369,209,160,15,116,23,36,29,13,6,2,30,29,31,28,4,18,10,8,150,107,43,109,43,66,9,3,6,67,33,34,16,13,3
57715403,45,22,23,0,13,2,2,3,0,0,1,3,6,7,5,0,0,0,0,15,9,6,19,8,11,0,0,0,8,4,4,3,1,2
57715404,12,5,7,0,4,1,2,0,0,1,0,0,0,1,2,1,0,0,0,2,1,1,7,2,5,0,0,0,3,2,1,0,0,0
57715405,22,11,11,1,7,0,5,1,0,0,0,1,5,2,0,0,1,0,1,8,5,3,8,3,5,1,1,0,4,2,2,0,0,0
57715406,23,13,10,1,6,1,4,0,3,0,3,1,2,1,1,0,0,0,0,4,2,2,16,9,7,0,0,0,2,1,1,1,1,0
57715407,19,8,11,1,4,0,3,3,1,0,0,3,1,3,0,0,1,0,1,4,3,1,8,4,4,0,0,0,5,1,4,1,0,1
0559212,0,0,0,0,0,0,0,0,0,0,0,0,0,0,0,0,0,0,0,0,0,0,0,0,0,0,0,0,0,0,0,0,0,0
3372770,0,0,0,0,0,0,0,0,0,0,0,0,0,0,0,0,0,0,0,0,0,0,0,0,0,0,0,0,0,0,0,0,0,0
57716201,11,8,3,1,4,2,0,2,1,0,0,0,1,0,0,0,1,1,0,5,4,1,3,2,1,1,0,1,1,1,0,0,0,0
57716203,6,4,2,2,1,1,0,0,0,0,0,0,0,0,0,0,0,0,0,2,2,0,1,0,1,0,0,0,3,2,1,0,0,0
57716204,12,8,4,1,1,2,4,0,0,1,0,1,0,0,0,0,1,1,0,6,4,2,1,0,1,0,0,0,2,2,0,2,1,1
57716205,12,10,2,0,4,1,1,1,1,0,0,2,1,0,0,0,0,0,0,6,6,0,3,1,2,0,0,0,2,2,0,1,1,0
57716206,13,7,6,1,1,2,1,0,2,0,0,3,1,0,1,0,0,0,0,9,5,4,2,1,1,0,0,0,2,1,1,0,0,0
57716207,34,16,18,0,7,2,4,3,1,1,1,3,3,4,4,0,1,1,0,11,8,3,9,1,8,2,1,1,11,5,6,0,0,0
57716208,468,263,205,12,145,41,52,22,35,16,0,16,29,35,43,1,23,14,9,190,125,65,180,91,89,5,3,2,54,18,36,16,12,4
57716209,8,5,3,1,1,1,0,0,2,0,0,1,0,1,1,0,1,1,0,4,3,1,1,1,0,0,0,0,2,0,2,0,0,0
57716210,14,10,4,2,8,0,1,0,0,0,0,0,0,0,3,0,1,0,1,7,5,2,6,5,1,0,0,0,0,0,0,0,0,0
57716212,54,28,26,0,14,2,15,1,2,0,3,3,4,4,5,0,0,0,0,29,17,12,15,9,6,2,0,2,6,1,5,2,1,1
57716213,13,8,5,1,6,1,0,0,0,0,0,1,0,0,1,1,2,0,2,6,5,1,4,3,1,0,0,0,1,0,1,0,0,0
57716214,28,13,15,0,16,2,1,3,2,0,0,1,0,1,1,1,3,0,3,15,9,6,7,3,4,0,0,0,1,0,1,2,1,1
57717102,214,136,78,22,76,13,22,18,3,2,1,12,13,12,10,4,15,11,4,95,63,32,72,41,31,2,0,2,21,15,6,9,6,3
57718901,30,14,16,4,6,0,1,1,3,0,1,3,4,4,3,0,2,1,1,8,6,2,14,3,11,1,1,0,3,1,2,2,2,0
57718903,20,13,7,5,2,0,2,0,1,0,0,4,1,1,1,0,3,3,0,7,6,1,7,3,4,0,0,0,3,1,2,0,0,0
57718905,58,37,21,11,12,3,4,3,8,0,0,4,5,0,3,1,3,1,2,21,17,4,22,11,11,1,0,1,8,7,1,3,1,2
3037120,0,0,0,0,0,0,0,0,0,0,0,0,0,0,0,0,0,0,0,0,0,0,0,0,0,0,0,0,0,0,0,0,0,0
3037210,0,0,0,0,0,0,0,0,0,0,0,0,0,0,0,0,0,0,0,0,0,0,0,0,0,0,0,0,0,0,0,0,0,0
3125170,0,0,0,0,0,0,0,0,0,0,0,0,0,0,0,0,0,0,0,0,0,0,0,0,0,0,0,0,0,0,0,0,0,0
3125250,0,0,0,0,0,0,0,0,0,0,0,0,0,0,0,0,0,0,0,0,0,0,0,0,0,0,0,0,0,0,0,0,0,0
57719701,341,194,147,12,148,26,22,12,8,4,5,21,13,23,42,1,16,5,11,112,83,29,116,59,57,11,4,7,72,34,38,14,9,5
57719703,234,130,104,6,80,17,30,8,8,6,5,11,12,15,27,0,8,4,4,77,50,27,88,43,45,6,4,2,51,26,25,4,3,1
57719705,374,210,164,13,120,20,44,26,20,2,7,23,15,24,42,2,12,8,4,120,75,45,142,75,67,10,2,8,70,34,36,20,16,4
57719706,295,162,133,13,91,18,50,9,18,5,3,17,7,24,25,2,27,15,12,85,52,33,110,55,55,3,1,2,47,22,25,23,17,6
57719707,417,206,211,17,118,21,28,10,27,6,4,36,26,34,69,1,17,9,8,93,62,31,165,72,93,14,6,8,121,52,69,7,5,2
57719708,956,492,464,22,340,50,110,43,40,10,13,62,48,63,115,6,47,24,23,304,192,112,381,172,209,31,9,22,159,77,82,34,18,16
57720101,87,52,35,8,28,4,9,3,1,3,0,8,4,7,8,0,1,0,1,34,26,8,24,11,13,5,4,1,18,8,10,5,3,2
0633550,0,0,0,0,0,0,0,0,0,0,0,0,0,0,0,0,0,0,0,0,0,0,0,0,0,0,0,0,0,0,0,0,0,0
57721901,21,14,7,0,3,3,4,1,2,0,2,2,1,0,1,0,2,1,1,7,6,1,7,3,4,0,0,0,4,4,0,1,0,1
57721902,165,85,80,10,58,9,16,8,9,2,1,16,7,11,10,1,6,3,3,71,40,31,60,29,31,4,2,2,21,9,12,3,2,1
57721903,44,30,14,4,18,2,5,0,0,2,1,1,0,4,2,0,0,0,0,16,12,4,16,11,5,1,1,0,6,3,3,5,3,2
57721904,92,53,39,6,35,6,8,3,3,4,3,8,1,7,5,0,1,0,1,24,18,6,39,22,17,3,2,1,21,8,13,4,3,1
57721905,44,26,18,0,15,3,7,1,1,2,0,1,1,1,7,1,1,1,0,26,18,8,13,6,7,1,1,0,3,0,3,0,0,0
57722701,75,47,28,3,29,4,7,2,4,3,1,9,2,4,6,1,2,1,1,25,20,5,37,17,20,0,0,0,7,5,2,4,4,0
57722702,15,9,6,2,9,0,1,0,0,1,0,0,1,0,1,0,1,0,1,3,3,0,10,5,5,0,0,0,1,1,0,0,0,0
57723501,21,12,9,4,7,2,1,0,0,0,0,1,0,1,2,0,0,0,0,5,3,2,9,5,4,0,0,0,7,4,3,0,0,0
57723503,596,339,257,34,258,38,52,51,15,3,6,34,28,23,39,4,45,25,20,279,190,89,187,81,106,16,6,10,40,17,23,29,20,9
57723505,169,92,77,19,54,7,18,18,7,2,2,4,10,11,11,2,8,5,3,74,49,25,56,26,30,1,0,1,27,12,15,3,0,3
57724301,216,117,99,24,78,13,15,13,5,3,2,10,8,17,20,1,11,4,7,88,54,34,75,44,31,6,2,4,31,11,20,5,2,3
54748401,75,43,32,6,33,3,4,3,1,0,0,5,3,4,7,2,4,2,2,31,20,11,23,10,13,5,3,2,8,5,3,4,3,1
54748402,11,5,6,1,5,0,0,0,0,1,0,3,1,0,0,0,0,0,0,3,1,2,4,2,2,0,0,0,2,1,1,2,1,1
57737501,145,84,61,16,58,10,22,7,1,3,0,5,5,5,7,0,6,2,4,75,54,21,39,14,25,6,1,5,13,8,5,6,5,1
57737502,23,17,6,5,9,1,2,2,0,0,0,2,0,2,0,0,1,0,1,13,11,2,4,3,1,2,1,1,3,2,1,0,0,0
57729401,440,260,180,31,126,38,43,48,11,5,4,32,31,22,22,3,24,15,9,175,115,60,152,82,70,13,3,10,47,25,22,29,20,9
57730801,20,16,4,0,6,2,4,1,0,1,1,1,1,1,1,0,1,0,1,6,6,0,3,3,0,0,0,0,7,5,2,3,2,1
57730802,35,23,12,0,12,3,4,5,2,2,0,0,3,2,1,0,4,2,2,16,12,4,11,6,5,1,1,0,3,2,1,0,0,0
57730803,36,20,16,1,15,1,5,1,2,3,0,1,2,3,2,0,3,1,2,12,8,4,6,4,2,2,2,0,12,5,7,1,0,1
57730804,2246,1255,991,72,819,137,272,104,67,26,31,175,110,163,170,22,107,53,54,769,506,263,818,388,430,68,33,35,370,194,176,114,81,33
57730805,15,10,5,3,5,0,2,2,0,0,0,0,1,0,0,0,1,1,0,7,6,1,6,3,3,0,0,0,1,0,1,0,0,0
57730806,129,69,60,4,36,9,15,9,1,2,1,11,6,16,9,1,6,4,2,35,20,15,52,24,28,3,2,1,28,16,12,5,3,2
57730808,27,15,12,3,14,1,0,0,0,1,0,1,1,3,2,1,1,0,1,14,9,5,9,5,4,1,0,1,2,1,1,0,0,0
57730809,19,11,8,1,5,1,5,2,1,0,0,1,0,2,1,0,1,0,1,10,8,2,5,1,4,1,1,0,2,1,1,0,0,0
57730810,26,20,6,0,12,2,3,1,0,0,0,3,1,4,0,0,0,0,0,13,11,2,7,4,3,0,0,0,2,1,1,4,4,0
57730811,32,18,14,2,13,1,3,4,0,1,0,3,0,3,0,0,1,0,1,14,9,5,14,8,6,1,0,1,2,1,1,0,0,0
57730812,25,11,14,1,6,0,3,1,0,3,0,5,2,1,3,0,1,0,1,5,4,1,13,5,8,1,0,1,4,2,2,1,0,1
57730813,15,9,6,1,1,2,0,0,0,0,1,0,3,4,2,0,0,0,0,5,5,0,8,4,4,0,0,0,2,0,2,0,0,0
57730814,11,8,3,1,4,0,1,0,0,0,1,2,1,0,1,0,0,0,0,3,2,1,4,4,0,0,0,0,4,2,2,0,0,0
57340001,75,41,34,1,35,6,4,7,0,1,1,3,4,4,5,0,0,0,0,32,20,12,31,16,15,1,0,1,11,5,6,0,0,0
57341801,316,184,132,14,109,19,29,35,11,4,3,15,12,29,25,2,7,5,2,123,88,35,111,47,64,9,1,8,53,32,21,13,11,2
57731601,73,39,34,2,21,13,9,1,1,0,1,7,3,8,3,0,0,0,0,20,17,3,36,15,21,2,1,1,13,6,7,2,0,2
57731602,82,42,40,2,27,3,9,4,3,5,1,3,5,10,8,0,0,0,0,34,20,14,24,13,11,1,0,1,14,5,9,9,4,5
57731603,53,32,21,3,22,2,7,5,1,0,0,6,3,2,1,0,5,3,2,16,13,3,20,8,12,0,0,0,8,6,2,4,2,2
57731604,16,10,6,0,5,1,1,1,0,1,0,3,0,0,1,1,0,0,0,5,2,3,2,1,1,1,1,0,4,4,0,4,2,2
57731605,26,19,7,2,13,1,1,0,2,0,0,3,1,0,3,0,0,0,0,9,6,3,12,9,3,0,0,0,4,3,1,1,1,0
57731606,13,10,3,0,7,1,2,0,2,0,0,0,0,1,0,0,0,0,0,6,5,1,3,2,1,0,0,0,4,3,1,0,0,0
57731607,25,13,12,3,11,1,2,2,1,0,0,1,1,2,0,0,1,1,0,10,5,5,8,3,5,1,1,0,4,2,2,1,1,0
57731608,51,29,22,5,17,5,9,0,0,3,1,5,0,1,3,0,1,1,0,12,5,7,20,12,8,5,0,5,9,8,1,4,3,1
57731609,26,13,13,2,6,2,3,1,1,0,2,1,2,3,0,0,1,1,0,10,8,2,8,3,5,0,0,0,7,1,6,0,0,0
57731610,20,12,8,0,7,0,3,1,2,3,0,1,0,0,1,0,0,0,0,2,2,0,12,6,6,0,0,0,4,3,1,2,1,1
57731611,15,10,5,0,8,2,2,0,0,0,1,1,0,1,0,0,1,1,0,10,7,3,3,2,1,0,0,0,0,0,0,1,0,1
57731612,91,55,36,1,39,3,10,4,2,2,1,6,5,6,5,0,1,1,0,34,24,10,37,23,14,3,0,3,16,7,9,0,0,0
57731613,58,31,27,5,23,5,1,3,4,2,1,5,2,2,2,1,1,1,0,20,15,5,19,7,12,1,0,1,17,8,9,0,0,0
57731614,21,13,8,0,12,0,1,2,0,0,0,2,0,0,2,0,1,1,0,6,3,3,10,7,3,0,0,0,4,2,2,0,0,0
57731615,20,10,10,4,6,1,0,0,1,1,0,2,0,3,0,0,1,0,1,7,5,2,9,5,4,0,0,0,3,0,3,0,0,0
57731616,21,11,10,1,8,1,2,0,0,0,0,5,0,1,1,0,0,0,0,8,6,2,4,1,3,1,0,1,8,4,4,0,0,0
57731617,27,16,11,1,13,1,4,2,2,0,0,1,0,1,2,0,3,1,2,12,9,3,9,5,4,0,0,0,2,1,1,1,0,1
57731618,71,35,36,5,27,9,8,5,3,0,1,8,1,2,2,0,2,2,0,24,14,10,25,12,13,2,0,2,12,3,9,6,4,2
57731619,9,5,4,0,5,0,2,0,0,0,0,0,0,0,0,0,0,0,0,6,3,3,2,2,0,1,0,1,0,0,0,0,0,0
57731620,48,25,23,2,22,3,5,1,0,0,0,6,3,2,3,0,1,0,1,15,8,7,15,7,8,3,2,1,14,8,6,0,0,0
57731621,108,55,53,4,52,7,5,6,2,2,1,6,7,6,8,0,3,2,1,43,29,14,33,11,22,3,0,3,21,9,12,5,4,1
57732401,117,60,57,2,37,6,19,8,3,2,0,12,1,11,10,0,4,1,3,43,28,15,39,17,22,2,0,2,24,11,13,5,3,2
57732402,103,62,41,4,40,3,12,4,1,3,0,12,4,5,13,0,5,4,1,39,29,10,33,16,17,2,1,1,19,9,10,5,3,2
57733201,290,171,119,25,122,10,30,14,10,5,6,13,10,23,14,2,18,9,9,109,74,35,111,63,48,6,2,4,34,16,18,12,7,5
57734101,289,162,127,28,88,16,36,27,7,6,3,15,18,24,8,2,12,4,8,112,67,45,113,64,49,4,1,3,37,20,17,11,6,5
57735901,578,320,258,7,230,37,59,33,17,4,14,53,26,39,39,1,20,9,11,181,120,61,212,107,105,14,3,11,114,52,62,37,29,8
57736702,85,50,35,5,40,2,9,8,3,0,0,8,1,4,3,0,2,0,2,45,32,13,23,11,12,3,1,2,12,6,6,0,0,0
57736703,22,11,11,2,8,0,0,1,3,2,0,3,1,1,1,0,0,0,0,5,3,2,11,4,7,1,0,1,5,4,1,0,0,0
54747601,77,38,39,4,23,2,12,2,9,0,0,3,5,4,8,0,5,1,4,28,21,7,27,10,17,3,0,3,9,3,6,5,3,2
54747602,39,25,14,2,10,4,2,1,6,1,0,2,5,2,1,0,1,0,1,11,9,2,16,8,8,0,0,0,7,5,2,4,3,1
54747603,20,13,7,1,6,4,1,0,1,1,1,2,0,1,1,0,2,0,2,7,5,2,9,7,2,0,0,0,2,1,1,0,0,0
57739101,140,78,62,16,44,10,11,15,2,2,0,5,7,6,15,0,4,0,4,55,41,14,42,21,21,4,1,3,25,11,14,10,4,6
57740501,9,6,3,0,7,2,0,0,0,0,0,0,0,0,0,0,0,0,0,5,3,2,3,2,1,0,0,0,0,0,0,1,1,0
57740502,6,4,2,0,1,2,0,0,2,0,0,0,0,1,0,0,0,0,0,3,3,0,1,1,0,1,0,1,1,0,1,0,0,0
57740504,51,27,24,3,22,8,7,0,1,0,0,3,1,3,2,0,2,1,1,23,14,9,17,6,11,2,0,2,7,6,1,0,0,0
57740505,427,236,191,37,170,31,38,20,16,7,2,14,24,25,23,2,31,15,16,174,112,62,146,78,68,7,3,4,55,21,34,14,7,7
57741301,448,254,194,8,210,19,39,27,6,6,2,38,20,27,25,5,26,12,14,142,97,45,163,84,79,17,8,9,79,39,40,21,14,7
57741302,56,30,26,1,18,6,9,1,4,0,0,4,4,4,3,0,1,1,0,15,11,4,26,13,13,2,0,2,11,4,7,1,1,0
57742101,91,54,37,8,41,3,7,3,2,0,0,4,6,3,10,0,7,4,3,48,31,17,21,10,11,0,0,0,9,5,4,6,4,2
57742102,32,18,14,8,13,0,2,2,1,0,1,0,2,1,2,0,0,0,0,16,11,5,10,5,5,1,0,1,3,0,3,2,2,0
57743001,36,18,18,5,9,2,5,2,0,1,0,5,1,0,4,0,1,0,1,8,5,3,13,6,7,0,0,0,13,6,7,1,1,0
57743003,85,48,37,2,25,8,17,2,5,0,2,4,4,4,6,2,5,3,2,33,24,9,25,13,12,3,2,1,13,4,9,6,2,4
57743004,55,28,27,1,23,2,7,1,0,5,2,4,4,3,3,0,4,0,4,18,11,7,22,13,9,0,0,0,8,2,6,3,2,1
57743005,42,28,14,5,18,1,6,4,0,2,0,1,1,2,2,0,4,3,1,19,14,5,12,8,4,1,0,1,6,3,3,0,0,0
57744801,54,32,22,2,28,3,1,4,1,1,2,1,4,2,5,0,4,3,1,20,14,6,20,11,9,0,0,0,8,3,5,2,1,1
1409702,0,0,0,0,0,0,0,0,0,0,0,0,0,0,0,0,0,0,0,0,0,0,0,0,0,0,0,0,0,0,0,0,0,0
57745601,356,199,157,16,80,44,29,14,54,2,4,21,21,19,40,2,13,8,5,155,105,50,134,61,73,7,2,5,36,16,20,11,7,4
57745602,35,19,16,0,10,5,3,1,6,0,0,2,2,0,5,0,2,0,2,18,13,5,9,2,7,2,1,1,2,2,0,2,1,1
57745604,31,19,12,6,3,1,2,4,5,1,0,1,1,3,3,0,1,1,0,14,12,2,11,5,6,0,0,0,5,1,4,0,0,0
57745605,678,390,288,23,162,70,65,38,96,14,9,34,34,52,49,2,22,8,14,241,161,80,243,118,125,18,10,8,117,61,56,37,32,5
57745607,39,22,17,1,5,2,2,0,15,0,0,3,1,2,3,0,1,0,1,11,10,1,16,7,9,0,0,0,6,2,4,5,3,2
57745609,8,5,3,0,0,1,0,0,1,1,2,0,1,0,0,0,0,0,0,0,0,0,1,1,0,0,0,0,7,4,3,0,0,0
57746401,136,72,64,31,37,8,6,5,3,1,0,9,8,11,9,0,7,2,5,42,27,15,57,30,27,5,2,3,20,8,12,5,3,2
57747201,18,11,7,2,5,1,3,1,0,1,1,0,1,3,0,0,0,0,0,6,5,1,7,3,4,0,0,0,5,3,2,0,0,0
57747202,26,13,13,0,6,4,6,0,0,2,0,3,0,0,4,0,2,0,2,7,5,2,10,3,7,0,0,0,7,5,2,0,0,0
57747203,14,10,4,2,6,1,0,0,3,1,0,0,0,1,0,0,0,0,0,8,7,1,5,2,3,0,0,0,1,1,0,0,0,0
57747204,12,7,5,2,6,1,0,0,0,0,0,1,0,1,1,0,0,0,0,6,3,3,3,2,1,0,0,0,3,2,1,0,0,0
57747205,520,302,218,30,183,40,46,41,16,7,4,38,35,35,26,1,37,21,16,185,136,49,187,96,91,12,3,9,76,32,44,23,14,9
57747206,25,15,10,2,6,5,2,5,0,0,0,0,0,2,3,0,0,0,0,11,9,2,4,2,2,2,0,2,5,2,3,3,2,1
57749901,490,266,224,38,175,47,46,24,13,7,6,32,28,28,36,2,20,11,9,182,120,62,190,91,99,17,4,13,68,31,37,13,9,4
57748101,46,30,16,2,23,5,5,0,2,0,0,2,0,5,2,0,10,8,2,15,11,4,10,7,3,2,2,0,9,2,7,0,0,0
57748102,7,5,2,0,1,1,0,1,0,0,0,1,1,1,1,0,1,1,0,4,2,2,1,1,0,0,0,0,1,1,0,0,0,0
57696401,177,94,83,2,48,14,26,8,5,4,3,8,14,18,16,2,9,3,6,49,33,16,73,37,36,3,1,2,39,18,21,4,2,2
57696402,997,525,472,9,314,47,94,77,40,19,16,66,90,92,91,4,54,25,29,370,219,151,367,177,190,27,13,14,138,64,74,41,27,14
57696403,497,255,242,4,191,25,47,26,25,4,5,36,40,27,36,6,51,27,24,195,110,85,148,66,82,2,2,0,64,25,39,37,25,12
57696404,170,101,69,6,62,17,14,12,2,3,3,7,18,13,9,1,12,6,6,74,52,22,50,25,25,3,2,1,27,15,12,4,1,3
57696405,72,41,31,4,17,6,7,3,8,1,1,7,7,8,2,0,2,0,2,28,18,10,21,12,9,0,0,0,16,7,9,5,4,1
57696406,369,183,186,6,132,19,39,19,15,3,2,27,38,25,29,2,38,20,18,145,77,68,111,54,57,5,1,4,49,20,29,21,11,10
57696407,164,86,78,4,51,16,15,14,1,1,1,13,15,10,19,1,5,2,3,52,38,14,63,27,36,8,2,6,30,12,18,6,5,1
57696408,18,12,6,6,4,1,2,3,0,0,0,0,1,0,1,0,1,1,0,7,7,0,6,2,4,0,0,0,3,1,2,1,1,0
57696409,17,12,5,0,10,2,0,0,1,0,0,1,0,2,1,0,0,0,0,8,6,2,6,5,1,1,0,1,2,1,1,0,0,0
57696410,17,11,6,0,5,2,0,3,0,0,1,1,1,2,2,0,0,0,0,7,6,1,6,3,3,0,0,0,4,2,2,0,0,0
57696411,61,33,28,0,23,7,3,2,0,1,0,8,4,4,7,0,2,1,1,17,11,6,27,17,10,0,0,0,14,4,10,1,0,1
57696412,230,126,104,3,63,14,39,10,5,2,2,14,14,21,30,1,16,7,9,85,53,32,73,37,36,5,3,2,38,19,19,13,7,6
57696413,100,49,51,6,15,5,10,6,3,1,1,10,13,8,12,4,2,1,1,30,20,10,34,13,21,3,1,2,29,13,16,2,1,1
57696414,481,285,196,6,142,45,45,28,17,8,7,40,33,39,50,2,44,25,19,163,112,51,146,76,70,11,2,9,75,36,39,42,34,8
57696415,32,16,16,1,13,1,3,4,1,0,0,5,1,0,2,0,7,3,4,15,8,7,7,4,3,0,0,0,1,0,1,2,1,1
57696416,27,17,10,1,3,6,2,2,0,1,0,4,0,4,2,0,2,1,1,6,6,0,13,8,5,0,0,0,5,1,4,1,1,0
57696417,300,163,137,7,77,22,34,11,9,4,3,21,42,36,24,0,10,3,7,70,46,24,118,59,59,6,3,3,87,45,42,9,7,2
57752901,58,31,27,4,14,3,6,9,1,0,0,5,10,3,2,0,4,3,1,25,17,8,18,8,10,1,0,1,9,3,6,1,0,1
57752902,37,24,13,1,11,5,2,5,0,1,1,5,3,2,0,0,1,1,0,18,12,6,10,6,4,0,0,0,5,3,2,3,2,1
57752903,34,21,13,3,7,2,3,4,0,0,2,5,0,3,4,0,0,0,0,12,9,3,15,8,7,3,1,2,3,2,1,1,1,0
57752904,87,47,40,4,31,6,9,9,2,0,1,4,8,4,4,0,4,2,2,45,30,15,21,8,13,0,0,0,12,3,9,5,4,1
57752905,23,12,11,1,11,0,0,1,1,0,1,1,1,2,4,0,0,0,0,9,6,3,9,4,5,0,0,0,4,2,2,1,0,1
57752906,73,41,32,2,25,6,12,3,1,1,1,5,6,7,3,0,3,3,0,36,23,13,18,8,10,2,1,1,9,3,6,5,3,2
57752908,10,6,4,0,2,2,0,2,0,2,0,0,0,0,2,0,0,0,0,4,2,2,3,2,1,0,0,0,3,2,1,0,0,0
57754502,27,15,12,1,15,1,4,1,0,0,0,0,2,1,2,0,2,2,0,11,8,3,11,3,8,0,0,0,3,2,1,0,0,0
57754503,238,138,100,10,107,9,24,20,2,4,1,17,8,14,17,1,14,7,7,111,76,35,74,38,36,8,3,5,24,9,15,7,5,2
57754504,51,27,24,2,22,2,9,3,2,0,0,4,1,2,2,0,0,0,0,25,16,9,21,9,12,1,1,0,3,1,2,1,0,1
57755301,76,43,33,4,34,6,5,2,3,0,1,4,3,7,3,1,2,2,0,25,16,9,30,17,13,1,0,1,8,3,5,10,5,5
57755302,595,334,261,39,228,42,71,22,13,9,7,22,29,47,48,2,25,10,15,208,142,66,212,102,110,17,7,10,118,65,53,15,8,7
57755303,196,109,87,26,78,11,20,5,3,2,0,7,6,10,15,3,12,6,6,82,58,24,77,34,43,3,0,3,18,9,9,4,2,2
57756101,53,33,20,11,16,2,5,3,4,1,0,2,3,0,3,0,2,1,1,34,20,14,9,5,4,0,0,0,4,3,1,4,4,0
57756102,27,16,11,4,9,1,3,3,1,1,0,1,1,2,0,0,0,0,0,17,11,6,5,2,3,1,1,0,3,1,2,1,1,0
57757001,73,41,32,16,14,3,7,6,3,1,0,2,6,7,6,1,2,1,1,22,15,7,34,17,17,0,0,0,13,6,7,2,2,0
57757003,38,20,18,3,17,1,1,2,3,0,0,2,3,4,0,1,2,0,2,8,6,2,17,7,10,2,1,1,7,5,2,2,1,1
57759601,225,125,100,8,105,5,17,15,8,2,6,12,13,14,12,1,11,3,8,97,65,32,76,36,40,4,2,2,32,15,17,5,4,1
57759602,13,10,3,3,3,0,3,1,0,0,0,1,1,1,0,0,2,2,0,6,4,2,4,3,1,0,0,0,1,1,0,0,0,0
57759603,28,16,12,1,9,1,4,3,0,0,1,4,0,3,2,0,1,1,0,10,6,4,10,6,4,2,0,2,4,2,2,1,1,0
57759604,17,10,7,2,6,1,3,0,0,0,0,1,0,1,2,1,0,0,0,5,4,1,5,2,3,0,0,0,6,3,3,1,1,0
57760002,10,7,3,2,2,0,1,1,3,0,0,0,0,0,0,1,0,0,0,2,1,1,6,4,2,0,0,0,0,0,0,2,2,0
57760003,37,22,15,3,14,0,2,2,2,0,0,6,3,2,2,1,2,1,1,11,9,2,15,7,8,1,1,0,7,3,4,1,1,0
1717270,0,0,0,0,0,0,0,0,0,0,0,0,0,0,0,0,0,0,0,0,0,0,0,0,0,0,0,0,0,0,0,0,0,0
57762601,62,38,24,2,27,7,5,0,3,1,0,4,3,3,1,0,4,3,1,25,18,7,14,8,6,0,0,0,12,6,6,7,3,4
57762602,24,14,10,3,9,4,1,1,1,0,0,2,1,0,2,0,1,0,1,9,8,1,11,4,7,0,0,0,0,0,0,3,2,1
57762604,147,94,53,6,62,7,7,14,3,2,3,15,3,8,10,0,5,5,0,52,34,18,55,39,16,1,0,1,29,13,16,5,3,2
57762607,531,282,249,10,202,26,59,25,17,8,8,49,20,43,34,4,19,10,9,176,104,72,213,106,107,13,4,9,94,49,45,16,9,7
57762608,264,139,125,6,92,12,29,17,5,7,2,23,10,21,22,1,3,1,2,83,59,24,93,43,50,13,4,9,68,28,40,4,4,0
57762610,61,28,33,3,21,2,9,7,0,1,1,5,0,6,3,0,4,3,1,24,13,11,26,10,16,1,1,0,5,1,4,1,0,1
57762611,48,25,23,4,20,1,3,1,0,1,1,6,2,4,3,0,6,4,2,8,5,3,25,12,13,1,0,1,8,4,4,0,0,0
57762612,42,22,20,1,18,1,8,1,1,0,0,6,1,5,0,0,1,0,1,20,15,5,14,5,9,0,0,0,7,2,5,0,0,0
57762613,128,71,57,2,41,8,18,8,2,4,2,12,11,8,6,1,7,5,2,40,31,9,52,23,29,3,1,2,24,11,13,2,0,2
57762614,26,14,12,0,9,1,4,0,2,1,1,1,0,3,2,0,1,0,1,6,6,0,12,3,9,1,0,1,6,5,1,0,0,0
57762615,17,10,7,0,13,0,3,0,0,0,0,0,0,0,1,0,0,0,0,10,6,4,6,3,3,0,0,0,1,1,0,0,0,0
57762616,15,8,7,0,6,1,0,1,0,0,0,3,0,1,1,0,0,0,0,4,2,2,7,4,3,0,0,0,4,2,2,0,0,0
57762617,54,31,23,4,20,0,8,1,5,1,0,5,0,4,4,0,5,2,3,15,9,6,27,17,10,1,0,1,4,1,3,2,2,0
57762618,576,309,267,4,242,20,68,34,20,11,14,47,24,34,35,4,23,12,11,162,96,66,258,133,125,18,11,7,105,52,53,10,5,5
57762619,16,13,3,0,10,3,1,0,0,0,0,2,0,0,0,0,2,2,0,8,7,1,6,4,2,0,0,0,0,0,0,0,0,0
57762620,1224,661,563,18,511,60,119,95,57,15,14,94,35,61,86,12,99,50,49,410,242,168,406,202,204,24,13,11,211,110,101,74,44,30
57762621,80,38,42,0,28,4,6,7,3,1,1,11,4,3,9,0,8,0,8,26,20,6,28,11,17,4,2,2,12,4,8,2,1,1
57762622,947,529,418,17,388,32,120,40,35,24,11,79,23,58,51,6,57,32,25,248,151,97,332,180,152,45,25,20,189,90,99,76,51,25
57762623,62,32,30,1,17,2,7,5,4,1,1,8,5,5,4,1,3,2,1,15,7,8,23,12,11,2,0,2,17,10,7,2,1,1
57762624,1123,608,515,17,415,52,134,57,39,22,21,84,40,90,88,6,56,28,28,333,204,129,421,208,213,31,15,16,241,122,119,41,31,10
57762625,215,114,101,4,100,9,17,13,5,4,1,20,12,14,12,0,9,4,5,83,46,37,78,43,35,5,4,1,35,14,21,5,3,2
57762626,1417,758,659,22,473,67,103,76,60,29,37,147,62,119,148,8,48,33,15,349,209,140,538,261,277,33,13,20,402,217,185,47,25,22
57762627,44,28,16,0,17,2,4,5,2,1,0,4,2,3,3,1,0,0,0,20,16,4,13,6,7,3,2,1,6,4,2,2,0,2
57762628,25,12,13,2,8,0,0,0,3,0,0,1,2,3,1,0,0,0,0,8,5,3,10,4,6,1,0,1,4,2,2,2,1,1
1805562,0,0,0,0,0,0,0,0,0,0,0,0,0,0,0,0,0,0,0,0,0,0,0,0,0,0,0,0,0,0,0,0,0,0
57764202,27,14,13,7,6,1,2,1,1,0,0,2,0,3,3,0,0,0,0,9,5,4,10,5,5,0,0,0,4,1,3,4,3,1
57764203,47,29,18,6,18,3,4,1,1,1,0,1,3,5,3,0,1,0,1,18,14,4,20,10,10,2,2,0,5,2,3,1,1,0
57764204,16,10,6,2,5,1,2,0,0,1,0,0,1,1,1,0,0,0,0,9,6,3,4,2,2,0,0,0,2,1,1,1,1,0
57764205,20,9,11,2,7,4,4,0,0,0,0,1,0,1,1,0,2,0,2,8,4,4,6,2,4,0,0,0,3,2,1,1,1,0
57765101,100,60,40,8,43,4,10,7,0,2,0,3,5,6,9,1,3,1,2,48,31,17,37,20,17,2,1,1,7,4,3,3,3,0
57765102,288,154,134,23,102,14,33,10,18,5,2,21,11,25,17,0,11,3,8,95,66,29,118,56,62,6,1,5,45,20,25,13,8,5
57765103,36,23,13,5,12,1,4,2,0,1,0,0,1,5,5,0,3,0,3,12,12,0,12,5,7,0,0,0,8,5,3,1,1,0
57766903,150,88,62,16,33,13,13,7,25,2,2,9,15,3,7,1,4,1,3,52,39,13,57,30,27,4,0,4,25,13,12,8,5,3
57766904,22,12,10,3,2,1,3,1,9,1,0,1,0,1,0,0,0,0,0,5,3,2,10,5,5,0,0,0,4,2,2,3,2,1
57767701,48,27,21,3,14,4,5,4,2,2,1,4,2,3,3,0,1,1,0,17,13,4,18,7,11,0,0,0,9,4,5,3,2,1
57767702,47,27,20,2,20,3,5,4,2,0,1,3,1,4,2,0,0,0,0,19,13,6,18,9,9,5,3,2,4,1,3,1,1,0
57767703,199,116,83,10,87,10,17,7,6,9,2,13,10,13,9,0,6,5,1,81,50,31,63,35,28,10,4,6,29,15,14,10,7,3
57768501,12,6,6,0,3,0,3,0,0,0,1,2,1,0,0,0,1,0,1,3,3,0,4,1,3,0,0,0,4,2,2,0,0,0
57768503,30,17,13,2,7,2,3,2,3,1,1,3,1,1,1,0,0,0,0,8,5,3,7,3,4,2,0,2,8,5,3,5,4,1
57768504,165,92,73,19,68,9,17,7,5,3,0,11,7,6,9,1,4,3,1,66,43,23,54,24,30,1,1,0,31,15,16,9,6,3
57769301,14,9,5,5,2,1,1,2,0,0,0,1,1,0,0,1,1,1,0,9,8,1,1,0,1,0,0,0,3,0,3,0,0,0
57769302,80,45,35,11,20,6,5,3,8,0,0,3,7,5,10,0,3,1,2,34,24,10,23,10,13,0,0,0,16,8,8,4,2,2
57769303,29,18,11,3,7,0,1,2,2,3,0,3,3,1,2,0,3,3,0,9,7,2,10,5,5,1,0,1,6,3,3,0,0,0
57769304,51,29,22,16,6,2,3,1,1,1,0,2,4,5,8,0,2,0,2,24,18,6,15,7,8,3,0,3,7,4,3,0,0,0
57769305,393,221,172,38,79,23,49,21,20,5,2,18,25,38,51,1,16,8,8,139,98,41,147,66,81,8,3,5,66,32,34,17,14,3
57770701,38,22,16,2,17,4,3,2,3,0,0,1,1,3,1,0,1,0,1,21,13,8,11,7,4,1,1,0,2,0,2,2,1,1
57770702,45,29,16,5,16,2,2,5,2,0,1,2,3,3,0,0,0,0,0,22,15,7,15,9,6,1,0,1,3,2,1,4,3,1
57770703,29,16,13,1,12,1,2,5,2,0,0,2,1,0,3,0,2,1,1,14,9,5,8,2,6,2,1,1,3,3,0,0,0,0
57770704,91,50,41,4,39,11,8,3,0,0,1,6,9,3,5,0,4,1,3,38,27,11,31,14,17,4,0,4,4,1,3,10,7,3
57770705,50,28,22,6,18,3,1,6,0,1,0,2,5,1,4,1,5,2,3,21,14,7,17,7,10,1,0,1,3,3,0,3,2,1
57772301,45,21,24,9,15,0,9,0,2,0,0,3,1,5,1,0,3,1,2,19,12,7,13,3,10,1,1,0,6,3,3,3,1,2
57772302,41,22,19,17,7,1,6,0,3,1,0,0,0,4,1,0,2,0,2,16,9,7,8,3,5,0,0,0,8,4,4,7,6,1
56982801,79,48,31,17,16,3,14,8,1,1,3,3,3,2,5,0,2,1,1,31,23,8,31,18,13,2,1,1,10,2,8,3,3,0
56982802,6,4,2,0,2,0,1,1,0,0,0,0,1,0,1,0,0,0,0,2,1,1,2,2,0,0,0,0,0,0,0,2,1,1
56983601,142,78,64,10,34,18,14,9,3,4,2,19,13,7,7,0,7,3,4,53,36,17,45,23,22,4,0,4,28,12,16,5,4,1
56985201,216,119,97,9,53,20,29,8,8,7,6,15,8,13,23,2,5,3,2,54,33,21,85,41,44,6,3,3,61,35,26,5,4,1
56986101,62,38,24,11,8,5,5,8,2,4,0,5,5,3,5,0,2,0,2,18,12,6,22,13,9,2,0,2,13,8,5,5,5,0
56987901,220,116,104,5,54,18,25,19,4,6,5,26,19,12,20,2,11,6,5,52,34,18,92,39,53,2,1,1,57,31,26,6,5,1
56988701,90,54,36,15,19,9,11,5,3,3,1,7,9,4,1,2,4,3,1,31,25,6,32,15,17,3,0,3,12,4,8,8,7,1
56988702,111,62,49,6,22,10,25,7,1,4,5,7,10,5,6,1,2,1,1,38,26,12,44,21,23,1,0,1,23,12,11,3,2,1
56988703,56,28,28,0,16,7,10,3,1,0,1,2,6,1,9,0,3,2,1,24,15,9,22,9,13,1,0,1,5,1,4,1,1,0
56988705,33,16,17,4,9,2,5,2,1,1,3,3,1,0,1,0,2,0,2,17,9,8,10,3,7,0,0,0,4,4,0,0,0,0
56991701,86,49,37,4,28,9,7,6,0,4,3,10,8,6,1,0,2,1,1,22,15,7,39,21,18,0,0,0,14,5,9,9,7,2
56991702,1045,573,472,29,243,106,150,72,19,33,26,92,62,72,102,3,37,18,19,318,207,111,409,199,210,30,9,21,206,105,101,45,35,10
56991703,110,64,46,1,33,14,19,9,0,2,1,11,6,5,6,0,4,4,0,34,24,10,46,26,20,2,1,1,20,7,13,4,2,2
56992501,514,279,235,18,136,44,55,54,16,8,10,32,34,26,61,3,42,21,21,183,111,72,167,75,92,12,5,7,72,42,30,38,25,13
56993301,90,52,38,5,20,7,12,5,3,2,2,10,7,3,12,0,1,0,1,25,17,8,34,18,16,2,1,1,22,11,11,6,5,1
56994101,133,72,61,3,32,11,19,8,3,9,7,9,4,10,13,1,5,3,2,31,19,12,50,25,25,4,1,3,40,21,19,3,3,0
56996801,253,136,117,13,63,19,39,20,10,6,5,23,15,10,20,0,12,5,7,88,60,28,101,39,62,4,1,3,31,18,13,17,13,4
56996802,43,23,20,0,15,1,8,1,1,1,5,2,3,1,4,0,0,0,0,17,11,6,21,9,12,1,1,0,4,2,2,0,0,0
56997601,104,61,43,11,25,11,13,11,1,1,2,4,9,4,7,1,1,1,0,40,24,16,40,26,14,3,2,1,17,6,11,3,2,1
56997602,26,15,11,2,8,1,2,1,1,3,0,1,1,0,6,0,2,1,1,8,6,2,8,5,3,3,0,3,4,2,2,1,1,0
56997603,51,26,25,1,13,1,7,3,1,2,2,4,2,8,6,0,1,0,1,15,7,8,20,14,6,3,1,2,12,4,8,0,0,0
56997604,35,19,16,2,9,2,8,3,0,1,0,3,4,1,2,0,1,0,1,16,9,7,11,6,5,0,0,0,4,2,2,3,2,1
56998401,199,112,87,10,38,22,27,9,4,10,7,24,17,11,12,2,9,6,3,71,49,22,56,27,29,9,5,4,48,21,27,6,4,2
56998403,30,17,13,2,9,3,4,1,0,0,3,2,2,3,0,0,3,2,1,14,9,5,8,3,5,1,1,0,3,1,2,1,1,0
56998405,65,36,29,2,8,8,8,4,1,4,7,10,4,5,0,0,3,2,1,14,9,5,22,10,12,1,0,1,25,15,10,0,0,0
56998406,100,60,40,6,21,10,8,4,5,6,3,11,8,3,9,1,1,1,0,33,21,12,38,24,14,1,0,1,24,12,12,3,2,1
56999201,167,107,60,19,34,34,11,7,3,4,6,4,13,8,12,3,9,9,0,60,41,19,67,40,27,3,2,1,20,11,9,8,4,4
57000101,218,115,103,19,50,25,21,18,6,3,1,12,4,36,18,2,10,3,7,90,57,33,66,30,36,5,3,2,31,12,19,16,10,6
57000102,116,66,50,14,27,19,12,9,2,1,2,6,4,12,4,1,6,1,5,54,34,20,41,22,19,2,1,1,10,7,3,3,1,2
57001001,88,54,34,12,16,10,16,6,1,3,1,5,7,4,5,0,5,4,1,34,25,9,32,17,15,1,1,0,11,4,7,5,3,2
57002801,267,149,118,6,77,15,41,10,1,7,3,28,12,18,41,0,12,4,8,108,73,35,86,44,42,9,1,8,40,19,21,12,8,4
57002802,180,97,83,6,49,16,17,9,0,10,7,13,18,13,17,0,2,1,1,45,27,18,71,38,33,3,2,1,56,28,28,3,1,2
57004401,234,128,106,7,62,25,29,15,7,6,2,23,15,19,16,2,24,15,9,91,54,37,69,36,33,4,2,2,33,13,20,13,8,5
57004402,9,7,2,0,2,1,1,1,0,0,0,0,1,1,1,0,1,1,0,2,2,0,6,4,2,0,0,0,0,0,0,0,0,0
57004403,31,18,13,5,5,1,1,4,0,4,0,3,3,4,1,0,5,4,1,9,8,1,9,2,7,2,0,2,6,4,2,0,0,0
57004404,49,29,20,3,19,1,4,3,0,3,1,2,5,0,5,1,4,3,1,23,15,8,12,6,6,2,1,1,6,4,2,2,0,2
0469903,0,0,0,0,0,0,0,0,0,0,0,0,0,0,0,0,0,0,0,0,0,0,0,0,0,0,0,0,0,0,0,0,0,0
3034452,0,0,0,0,0,0,0,0,0,0,0,0,0,0,0,0,0,0,0,0,0,0,0,0,0,0,0,0,0,0,0,0,0,0
3034960,0,0,0,0,0,0,0,0,0,0,0,0,0,0,0,0,0,0,0,0,0,0,0,0,0,0,0,0,0,0,0,0,0,0
3035180,0,0,0,0,0,0,0,0,0,0,0,0,0,0,0,0,0,0,0,0,0,0,0,0,0,0,0,0,0,0,0,0,0,0
3067380,0,0,0,0,0,0,0,0,0,0,0,0,0,0,0,0,0,0,0,0,0,0,0,0,0,0,0,0,0,0,0,0,0,0
3120700,0,0,0,0,0,0,0,0,0,0,0,0,0,0,0,0,0,0,0,0,0,0,0,0,0,0,0,0,0,0,0,0,0,0
3121000,0,0,0,0,0,0,0,0,0,0,0,0,0,0,0,0,0,0,0,0,0,0,0,0,0,0,0,0,0,0,0,0,0,0
3213710,0,0,0,0,0,0,0,0,0,0,0,0,0,0,0,0,0,0,0,0,0,0,0,0,0,0,0,0,0,0,0,0,0,0
3214011,0,0,0,0,0,0,0,0,0,0,0,0,0,0,0,0,0,0,0,0,0,0,0,0,0,0,0,0,0,0,0,0,0,0
3214782,0,0,0,0,0,0,0,0,0,0,0,0,0,0,0,0,0,0,0,0,0,0,0,0,0,0,0,0,0,0,0,0,0,0
3214940,0,0,0,0,0,0,0,0,0,0,0,0,0,0,0,0,0,0,0,0,0,0,0,0,0,0,0,0,0,0,0,0,0,0
3309220,0,0,0,0,0,0,0,0,0,0,0,0,0,0,0,0,0,0,0,0,0,0,0,0,0,0,0,0,0,0,0,0,0,0
56981001,200,106,94,8,36,16,30,25,4,9,5,23,15,6,16,2,19,12,7,67,40,27,63,31,32,5,1,4,27,8,19,19,14,5
56981002,15,8,7,1,4,1,1,0,1,1,1,0,1,3,1,0,1,0,1,3,3,0,5,3,2,0,0,0,6,2,4,0,0,0
56981003,270,142,128,3,59,17,53,26,3,9,6,28,20,22,18,0,19,10,9,80,49,31,103,52,51,3,2,1,55,24,31,10,5,5
56981004,1639,829,810,24,284,86,223,94,53,64,68,174,113,138,231,11,79,47,32,432,246,186,616,285,331,30,12,18,423,202,221,59,37,22
56981005,605,320,285,30,112,37,60,22,11,31,20,72,54,58,64,3,15,8,7,122,78,44,246,119,127,5,2,3,207,107,100,10,6,4
56981006,1299,685,614,10,199,93,171,62,38,64,49,154,106,115,163,11,46,24,22,249,159,90,509,248,261,32,12,20,427,221,206,36,21,15
56981007,45,24,21,1,11,1,4,4,1,2,2,4,3,6,5,1,1,0,1,13,8,5,20,9,11,0,0,0,11,7,4,0,0,0
56981008,1216,592,624,11,229,52,167,80,42,49,32,140,96,109,150,5,71,31,40,315,182,133,472,206,266,28,10,18,292,145,147,38,18,20
56981009,22,12,10,1,9,1,2,1,0,0,0,3,1,0,3,0,3,2,1,6,3,3,10,5,5,0,0,0,1,0,1,2,2,0
56981010,93,52,41,2,13,11,15,3,1,0,1,12,9,10,8,1,4,3,1,27,17,10,26,14,12,0,0,0,34,17,17,2,1,1
56981011,844,451,393,15,132,62,79,21,19,47,23,120,64,85,142,3,21,8,13,124,88,36,304,150,154,8,2,6,378,199,179,9,4,5
56981012,732,385,347,16,136,38,81,31,23,37,27,88,48,60,98,3,22,10,12,179,116,63,264,127,137,21,10,11,231,111,120,15,11,4
56981013,2429,1264,1165,26,412,135,317,142,60,126,71,270,183,232,338,13,104,51,53,536,321,215,954,471,483,53,21,32,702,352,350,80,48,32
56981015,1581,805,776,21,276,64,178,90,58,64,62,147,149,146,248,12,66,33,33,338,204,134,619,280,339,31,14,17,479,243,236,48,31,17
56981017,861,442,419,10,135,34,84,32,26,63,49,128,52,71,125,4,14,6,8,82,53,29,290,134,156,18,7,11,434,225,209,23,17,6
56981018,26,17,9,1,2,5,9,0,1,0,0,2,1,2,2,0,2,1,1,6,4,2,10,6,4,1,0,1,5,4,1,2,2,0
56981019,1042,553,489,19,192,58,129,67,48,45,31,121,72,77,128,12,65,31,34,233,158,75,382,186,196,25,8,17,306,155,151,31,15,16
56981021,315,187,128,10,59,21,38,27,9,17,7,40,16,30,25,7,19,13,6,77,47,30,124,70,54,4,4,0,64,30,34,27,23,4
56981022,490,270,220,7,98,33,64,18,14,15,17,53,38,34,74,3,20,17,3,109,72,37,179,87,92,7,1,6,165,84,81,10,9,1
56981023,559,301,258,10,116,45,89,29,18,18,19,54,34,49,51,4,10,5,5,137,88,49,231,122,109,9,6,3,153,69,84,19,11,8
56981024,324,174,150,16,74,25,41,15,5,12,10,32,23,14,37,3,7,5,2,102,67,35,118,57,61,7,1,6,80,38,42,10,6,4
56981025,39,16,23,1,7,1,11,3,1,2,0,4,3,1,4,1,3,2,1,15,7,8,16,5,11,0,0,0,4,2,2,1,0,1
56981028,955,525,430,36,193,61,128,48,35,33,30,101,63,71,112,7,48,26,22,239,166,73,383,183,200,13,4,9,233,121,112,39,25,14
56981029,131,69,62,0,18,5,16,8,8,13,6,16,10,8,17,1,2,1,1,26,14,12,45,27,18,6,2,4,44,19,25,8,6,2
56981030,111,62,49,19,26,5,16,2,4,4,4,10,3,3,12,0,6,2,4,39,25,14,40,23,17,4,1,3,21,11,10,1,0,1
56981031,28,14,14,0,5,2,7,3,1,1,1,4,2,1,0,0,1,0,1,3,2,1,16,5,11,0,0,0,8,7,1,0,0,0
56981032,845,448,397,8,175,52,110,38,22,32,15,83,68,88,95,4,33,16,17,201,134,67,346,173,173,21,4,17,230,112,118,14,9,5
56981034,54,52,2,2,11,31,0,1,0,0,0,5,0,0,1,2,5,4,1,14,14,0,4,4,0,0,0,0,0,0,0,31,30,1
56981036,1184,636,548,14,227,85,154,63,32,55,49,148,67,102,136,4,53,31,22,248,144,104,460,227,233,31,16,15,368,202,166,24,16,8
56981038,14,11,3,0,5,0,5,0,0,2,0,1,0,1,0,0,1,0,1,2,1,1,6,6,0,0,0,0,3,2,1,2,2,0
56981039,34,17,17,0,5,1,5,7,2,0,0,2,2,3,5,0,4,2,2,12,7,5,12,4,8,1,1,0,3,1,2,2,2,0
56981040,460,241,219,13,75,34,57,17,7,21,14,66,26,44,62,2,10,6,4,61,38,23,160,79,81,3,1,2,209,104,105,17,13,4
56981041,206,118,88,14,45,18,29,14,2,15,6,20,12,8,12,1,7,5,2,71,44,27,83,45,38,4,2,2,37,20,17,4,2,2
56981042,393,221,172,7,87,31,57,23,14,13,9,34,30,21,47,2,12,9,3,112,72,40,132,74,58,2,1,1,126,60,66,9,5,4
56981043,415,216,199,6,87,25,61,19,18,17,12,57,25,28,39,3,19,13,6,80,44,36,170,88,82,7,4,3,127,61,66,12,6,6
56981044,124,62,62,0,22,11,17,6,2,4,4,18,6,15,13,0,4,0,4,30,21,9,44,19,25,2,0,2,42,21,21,2,1,1
56981045,1221,646,575,23,187,84,188,72,38,57,51,129,85,104,146,5,53,29,24,227,146,81,451,236,215,30,10,20,439,213,226,21,12,9
56981046,92,51,41,11,22,7,10,5,2,3,1,7,4,11,6,1,5,2,3,29,17,12,36,21,15,3,1,2,14,7,7,5,3,2
56981047,127,62,65,1,11,2,18,6,8,8,5,18,12,15,20,1,3,2,1,21,10,11,56,27,29,1,1,0,35,17,18,11,5,6
56981048,773,505,268,11,152,61,95,55,42,35,10,100,30,49,67,24,59,41,18,165,116,49,188,110,78,13,2,11,168,83,85,180,153,27
56981050,615,293,322,5,101,25,51,23,15,31,19,57,34,64,155,5,34,19,15,115,65,50,209,93,116,16,8,8,217,95,122,24,13,11
56981051,1180,608,572,10,201,76,123,66,53,69,42,137,84,94,151,12,61,37,24,255,144,111,421,219,202,36,13,23,370,175,195,37,20,17
56981052,692,355,337,7,122,50,84,33,33,38,24,89,38,61,66,3,37,15,22,150,88,62,248,125,123,18,7,11,207,96,111,32,24,8
56981054,436,228,208,5,85,23,61,22,15,27,24,55,25,23,53,4,22,15,7,101,57,44,172,81,91,13,7,6,111,55,56,17,13,4
56981055,729,394,335,13,119,32,71,24,57,52,16,106,23,59,82,4,45,25,20,113,69,44,270,148,122,19,6,13,252,125,127,30,21,9
56981056,1993,1023,970,18,310,105,254,83,113,105,62,266,100,181,246,17,108,48,60,354,221,133,697,337,360,46,16,30,686,334,352,102,67,35
56981057,123,61,62,4,19,8,17,1,6,6,4,18,6,13,16,0,4,1,3,23,12,11,48,22,26,2,0,2,42,23,19,4,3,1
56981058,379,191,188,6,76,11,50,24,20,12,15,38,18,36,49,2,21,9,12,99,60,39,171,84,87,8,4,4,72,31,41,8,3,5
56981059,50,24,26,0,7,3,3,2,0,3,0,9,5,8,7,0,1,1,0,5,1,4,14,7,7,0,0,0,30,15,15,0,0,0
56981061,506,273,233,11,91,26,76,33,21,20,11,62,31,34,55,1,28,13,15,139,83,56,181,88,93,11,5,6,129,67,62,18,17,1
56981062,1275,680,595,17,222,95,168,66,49,66,40,128,81,134,157,2,52,28,24,215,142,73,488,256,232,27,9,18,470,227,243,23,18,5
56981063,36,18,18,0,8,1,3,1,0,2,3,5,2,4,6,0,0,0,0,4,3,1,10,5,5,1,1,0,18,8,10,3,1,2
56981064,380,197,183,3,68,22,47,19,14,14,18,64,27,33,37,2,29,15,14,76,50,26,142,68,74,11,3,8,115,55,60,7,6,1
56981065,2027,1018,1009,23,352,107,257,117,61,106,68,204,171,170,297,11,78,35,43,451,254,197,770,383,387,67,24,43,593,278,315,68,44,24
56981066,1495,795,700,18,248,79,173,84,40,60,66,176,114,143,224,8,64,37,27,260,161,99,575,294,281,27,13,14,541,276,265,28,14,14
56981067,266,148,118,6,52,19,22,12,10,19,9,37,14,26,26,4,15,9,6,57,34,23,103,61,42,7,3,4,68,31,37,16,10,6
56981068,1150,614,536,14,188,66,128,67,56,70,36,137,90,115,126,2,63,33,30,198,129,69,397,201,196,21,13,8,417,197,220,54,41,13
56981069,1189,624,565,17,207,70,169,77,51,59,59,150,61,85,111,4,64,27,37,279,165,114,438,222,216,27,13,14,326,161,165,55,36,19
56981070,94,50,44,4,18,9,11,7,2,2,3,10,3,6,17,0,6,3,3,26,16,10,36,17,19,1,1,0,22,11,11,3,2,1
56981071,907,473,434,8,194,59,109,64,33,42,25,87,62,78,102,6,37,22,15,231,135,96,373,193,180,18,4,14,216,100,116,32,19,13
56981072,73,39,34,1,27,4,6,8,2,0,3,5,4,2,7,2,7,5,2,29,17,12,24,12,12,0,0,0,13,5,8,0,0,0
56981073,89,54,35,3,19,8,10,5,3,4,0,10,4,9,9,1,2,2,0,18,10,8,40,23,17,0,0,0,25,16,9,4,3,1
56981074,1064,551,513,3,240,59,150,85,33,37,30,120,56,76,120,2,62,35,27,301,173,128,413,203,210,27,9,18,223,105,118,38,26,12
56981075,119,64,55,2,46,5,14,9,4,0,1,12,9,5,11,0,5,3,2,44,31,13,30,14,16,4,2,2,31,12,19,5,2,3
56981076,2264,1183,1081,23,449,129,307,153,88,111,66,198,153,213,246,12,105,52,53,547,333,214,872,428,444,35,14,21,627,302,325,78,54,24
56981078,297,159,138,3,58,12,34,14,12,19,3,32,33,30,34,0,19,9,10,58,26,32,128,73,55,7,4,3,77,43,34,8,4,4
56981079,1216,658,558,12,187,44,128,43,26,116,73,144,114,98,173,7,14,7,7,133,73,60,441,250,191,40,13,27,557,289,268,31,26,5
56981080,155,85,70,2,30,9,13,6,5,7,6,15,10,5,42,0,4,1,3,25,20,5,68,31,37,3,1,2,54,31,23,1,1,0
56981081,719,383,336,10,129,40,80,32,23,31,17,90,78,53,102,4,24,13,11,147,93,54,303,153,150,17,5,12,219,115,104,9,4,5
56981082,1299,697,602,21,230,74,150,71,40,60,42,156,115,118,177,6,46,25,21,278,182,96,504,229,275,35,10,25,400,229,171,36,22,14
56981083,15,12,3,1,4,4,0,0,0,1,0,3,0,0,0,2,3,3,0,2,2,0,2,0,2,0,0,0,0,0,0,8,7,1
56981084,104,56,48,5,12,4,12,5,5,4,3,8,8,14,17,0,0,0,0,11,9,2,39,18,21,3,2,1,46,24,22,5,3,2
56981085,2475,1261,1214,29,403,123,272,139,65,131,81,305,220,271,307,14,96,52,44,496,279,217,987,487,500,73,24,49,765,380,385,58,39,19
57005201,90,55,35,1,29,5,13,8,1,3,2,8,5,4,6,0,3,2,1,40,27,13,28,16,12,1,0,1,17,9,8,1,1,0
57008701,197,105,92,15,69,26,16,13,2,1,2,12,7,11,18,0,10,2,8,86,59,27,59,29,30,4,0,4,31,11,20,7,4,3
57362101,117,64,53,6,32,7,10,3,1,4,5,7,10,15,8,0,1,0,1,22,17,5,46,22,24,2,1,1,40,21,19,6,3,3
57362102,23,14,9,2,5,2,7,0,0,0,1,2,0,1,2,0,0,0,0,8,5,3,8,6,2,0,0,0,3,0,3,4,3,1
57010901,51,29,22,6,20,2,8,5,1,1,0,0,3,3,0,1,3,1,2,22,16,6,19,11,8,1,0,1,5,1,4,1,0,1
57010902,47,24,23,10,10,2,7,8,0,1,0,1,3,2,2,1,1,0,1,23,12,11,13,8,5,0,0,0,7,3,4,3,1,2
57010903,83,46,37,3,23,8,11,8,2,2,2,7,2,2,11,1,4,2,2,38,25,13,23,9,14,2,2,0,11,5,6,5,3,2
57010904,60,34,26,7,26,6,3,3,2,1,1,3,2,2,1,0,4,1,3,31,21,10,20,9,11,1,0,1,3,2,1,1,1,0
57010905,360,208,152,28,127,29,41,22,9,5,4,26,14,20,18,5,29,19,10,120,74,46,108,56,52,13,8,5,51,23,28,39,28,11
57010906,117,65,52,5,38,8,18,4,3,6,6,5,6,4,9,0,13,8,5,33,19,14,45,21,24,0,0,0,23,16,7,3,1,2
57010907,140,75,65,5,30,9,13,9,1,8,4,15,10,17,14,0,8,3,5,26,20,6,51,23,28,4,2,2,50,26,24,1,1,0
57010908,382,209,173,21,84,40,38,39,11,12,7,36,33,28,21,3,26,13,13,125,86,39,135,65,70,9,3,6,68,32,36,19,10,9
57010909,1442,792,650,72,355,112,167,144,48,49,42,76,97,105,123,8,69,40,29,435,274,161,552,277,275,33,16,17,301,147,154,52,38,14
57012501,133,72,61,15,37,14,16,8,2,6,3,7,7,6,9,0,2,1,1,49,31,18,51,25,26,4,2,2,22,10,12,5,3,2
57013301,235,136,99,10,63,21,24,17,8,8,2,20,17,13,24,2,12,9,3,87,62,25,81,36,45,2,1,1,43,22,21,10,6,4
57635201,182,102,80,12,53,11,18,14,4,3,2,12,12,9,19,3,5,4,1,67,43,24,69,29,40,2,0,2,30,20,10,9,6,3
57015001,109,62,47,5,35,6,18,13,0,3,4,6,10,3,5,0,3,2,1,37,23,14,49,24,25,1,1,0,14,8,6,5,4,1
57016801,147,86,61,8,53,17,23,13,5,2,1,7,6,4,5,1,9,8,1,73,47,26,46,19,27,1,1,0,13,8,5,5,3,2
57016802,22,15,7,2,5,5,3,2,0,0,0,1,0,0,2,0,0,0,0,8,6,2,10,5,5,0,0,0,3,3,0,1,1,0
57371001,145,80,65,10,42,5,27,6,5,2,2,11,9,6,14,0,10,7,3,61,41,20,50,23,27,5,2,3,15,5,10,4,2,2
57017601,201,115,86,12,40,32,21,12,6,4,9,13,13,15,16,1,7,6,1,70,46,24,73,34,39,7,2,5,43,26,17,1,1,0
57018401,169,97,72,22,38,19,21,11,1,4,2,15,9,8,12,1,4,1,3,69,43,26,55,32,23,5,2,3,28,13,15,8,6,2
57019201,21,13,8,6,6,3,2,0,2,0,0,0,0,1,1,0,1,1,0,11,10,1,7,2,5,0,0,0,2,0,2,0,0,0
57019202,95,54,41,11,26,11,10,5,4,1,1,6,8,4,5,0,6,5,1,51,29,22,25,14,11,4,1,3,4,2,2,5,3,2
57019203,42,25,17,7,9,4,5,5,1,0,0,2,1,3,3,0,2,2,0,24,18,6,10,3,7,1,1,0,4,0,4,1,1,0
57019204,31,14,17,5,6,1,2,4,0,1,2,2,1,4,2,1,1,1,0,17,8,9,10,4,6,0,0,0,3,1,2,0,0,0
57020601,270,146,124,22,52,17,41,20,10,7,8,19,22,16,22,1,8,3,5,106,67,39,104,54,50,3,0,3,44,18,26,5,4,1
57020602,32,21,11,2,8,2,1,5,0,0,0,4,3,2,4,0,2,1,1,11,9,2,12,7,5,1,0,1,5,3,2,1,1,0
57021401,162,92,70,7,37,11,25,16,4,3,3,12,9,13,17,0,6,4,2,71,46,25,46,21,25,2,1,1,32,16,16,5,4,1
57643301,26,16,10,3,5,3,1,1,1,0,0,2,4,2,3,0,3,2,1,4,3,1,9,4,5,0,0,0,10,7,3,0,0,0
57643302,119,70,49,10,33,9,17,3,1,5,3,1,12,4,16,1,4,3,1,38,23,15,51,30,21,2,1,1,22,12,10,2,1,1
57643303,26,12,14,1,7,1,4,0,2,1,0,2,2,2,3,0,0,0,0,7,5,2,10,4,6,0,0,0,7,1,6,2,2,0
57022201,102,61,41,2,45,6,12,6,1,4,0,6,7,4,6,0,5,3,2,37,26,11,39,21,18,2,1,1,14,6,8,5,4,1
57023101,46,25,21,3,12,2,8,1,1,0,0,6,4,6,3,0,2,0,2,12,9,3,17,8,9,0,0,0,15,8,7,0,0,0
57023102,438,245,193,36,91,33,54,31,11,18,15,29,27,30,51,0,8,5,3,144,93,51,175,89,86,13,3,10,90,51,39,8,4,4
57024901,384,218,166,22,73,38,58,25,7,15,19,30,29,23,34,1,15,8,7,112,77,35,141,69,72,4,2,2,92,47,45,20,15,5
57024902,50,25,25,4,10,2,11,0,1,0,4,7,4,0,6,0,0,0,0,17,12,5,23,8,15,1,0,1,8,4,4,1,1,0
57025701,14,6,8,0,3,0,1,0,1,1,0,1,2,3,2,0,0,0,0,3,1,2,5,3,2,0,0,0,5,2,3,1,0,1
57025702,16,10,6,1,1,0,4,1,0,1,1,1,4,0,1,1,0,0,0,2,1,1,6,4,2,0,0,0,8,5,3,0,0,0
57025703,58,34,24,5,19,2,8,7,0,2,2,3,5,2,2,0,3,3,0,20,13,7,23,12,11,0,0,0,11,6,5,1,0,1
57026501,309,163,146,6,73,17,36,16,12,12,12,35,32,16,29,5,13,10,3,87,57,30,124,49,75,4,0,4,69,37,32,12,10,2
57027301,165,90,75,5,41,12,18,13,5,6,2,8,12,10,28,2,8,6,2,48,32,16,69,34,35,7,4,3,28,11,17,5,3,2
57029001,63,35,28,7,18,7,9,0,3,1,1,10,2,2,1,1,5,2,3,35,23,12,11,3,8,2,2,0,8,4,4,2,1,1
57029002,14,9,5,1,7,1,0,0,2,0,2,0,1,0,0,0,0,0,0,6,5,1,6,3,3,0,0,0,1,0,1,1,1,0
57030301,23,13,10,0,9,1,4,2,1,0,0,0,2,1,2,0,1,0,1,9,6,3,9,6,3,1,0,1,3,1,2,0,0,0
57030302,202,116,86,10,57,25,22,14,4,3,6,10,14,12,10,2,6,4,2,93,59,34,66,37,29,7,2,5,23,9,14,7,5,2
57031101,310,180,130,13,68,28,34,28,10,12,9,26,23,22,28,5,12,6,6,104,73,31,106,56,50,4,2,2,67,30,37,17,13,4
57032001,325,182,143,39,97,27,37,29,8,6,5,13,21,14,23,2,15,9,6,142,95,47,115,53,62,10,2,8,29,14,15,14,9,5
57035402,63,35,28,5,13,5,5,3,0,6,1,6,5,5,5,1,1,1,0,23,15,8,20,8,12,1,0,1,15,8,7,3,3,0
57036201,232,130,102,33,84,19,21,10,9,2,2,14,6,11,12,3,12,7,5,109,70,39,82,38,44,5,2,3,16,9,7,8,4,4
57377901,101,60,41,8,24,9,15,3,2,3,5,7,4,5,15,0,5,3,2,28,19,9,31,18,13,3,3,0,29,13,16,5,4,1
57039701,41,24,17,2,9,5,7,9,0,1,0,1,4,1,2,0,0,0,0,18,14,4,15,5,10,1,1,0,5,2,3,2,2,0
57039702,71,40,31,11,18,6,12,1,0,1,1,5,5,2,7,1,6,3,3,16,12,4,31,15,16,3,1,2,11,6,5,4,3,1
57039704,193,111,82,14,49,28,25,15,2,3,1,10,13,7,21,3,7,4,3,78,52,26,67,31,36,5,2,3,30,17,13,6,5,1
57040101,107,59,48,18,24,8,7,13,0,1,3,6,8,3,8,4,3,1,2,45,32,13,44,16,28,0,0,0,13,8,5,2,2,0
57041901,185,108,77,11,55,17,21,17,3,4,9,16,13,7,10,0,8,6,2,76,47,29,67,36,31,2,0,2,24,13,11,8,6,2
57042701,82,45,37,12,17,7,11,4,1,2,2,9,7,3,3,0,5,2,3,28,17,11,30,15,15,2,2,0,13,5,8,4,4,0
57043501,22,14,8,1,7,2,3,0,0,2,0,1,2,1,3,0,0,0,0,6,6,0,10,6,4,1,0,1,5,2,3,0,0,0
57043502,149,78,71,16,50,9,21,7,3,5,4,3,12,4,8,0,8,3,5,56,34,22,45,22,23,2,1,1,28,13,15,10,5,5
57043503,28,15,13,8,4,1,5,2,0,2,0,0,2,0,2,1,2,1,1,9,6,3,10,7,3,1,0,1,6,1,5,0,0,0
57043504,19,10,9,2,7,0,3,0,1,1,0,2,1,0,2,0,1,0,1,5,3,2,9,5,4,1,0,1,3,2,1,0,0,0
57044301,148,84,64,7,41,14,22,9,4,4,3,13,6,9,13,0,11,7,4,52,32,20,54,33,21,3,1,2,24,7,17,4,4,0
57044302,43,23,20,2,13,5,2,3,3,1,1,4,1,3,3,0,1,0,1,22,14,8,15,7,8,1,0,1,2,1,1,2,1,1
57045101,10,7,3,1,2,0,1,1,0,0,0,1,1,0,2,0,1,1,0,3,3,0,3,1,2,0,0,0,3,2,1,0,0,0
57045102,103,55,48,8,30,10,10,5,1,2,1,12,10,3,6,0,4,2,2,38,26,12,38,20,18,2,0,2,17,5,12,4,2,2
57045103,670,376,294,27,148,73,86,44,19,14,9,52,42,47,73,3,35,22,13,242,156,86,236,119,117,23,4,19,101,52,49,33,23,10
57045104,191,109,82,12,66,12,31,9,1,5,2,8,11,10,16,0,5,3,2,82,55,27,73,36,37,5,2,3,17,6,11,9,7,2
57045105,18,8,10,3,5,1,1,1,1,0,0,2,0,2,1,0,1,1,0,9,6,3,5,0,5,1,0,1,0,0,0,2,1,1
57045106,31,16,15,2,5,3,6,2,1,0,0,5,2,2,3,0,2,1,1,11,7,4,13,5,8,0,0,0,5,3,2,0,0,0
57045107,106,59,47,6,26,11,16,6,3,5,3,5,4,7,11,2,7,6,1,42,26,16,37,20,17,6,3,3,11,2,9,3,2,1
57045108,69,37,32,1,21,5,10,6,1,2,2,3,1,5,10,0,1,0,1,28,21,7,28,10,18,1,0,1,10,5,5,1,1,0
57047801,40,23,17,5,17,6,3,3,0,0,0,0,2,2,2,0,3,1,2,23,15,8,9,5,4,2,0,2,1,0,1,2,2,0
57047802,355,202,153,35,114,37,40,17,6,6,8,19,19,20,25,2,13,3,10,149,105,44,130,68,62,11,3,8,40,16,24,12,7,5
57047803,79,43,36,11,27,4,7,7,2,1,1,6,2,5,3,0,4,3,1,39,23,16,27,11,16,2,0,2,5,4,1,2,2,0
57049401,180,98,82,27,41,14,19,16,9,5,5,13,10,6,11,1,11,2,9,72,47,25,56,24,32,8,3,5,28,17,11,5,5,0
1072550,0,0,0,0,0,0,0,0,0,0,0,0,0,0,0,0,0,0,0,0,0,0,0,0,0,0,0,0,0,0,0,0,0,0
3035260,0,0,0,0,0,0,0,0,0,0,0,0,0,0,0,0,0,0,0,0,0,0,0,0,0,0,0,0,0,0,0,0,0,0
3213540,0,0,0,0,0,0,0,0,0,0,0,0,0,0,0,0,0,0,0,0,0,0,0,0,0,0,0,0,0,0,0,0,0,0
3213620,0,0,0,0,0,0,0,0,0,0,0,0,0,0,0,0,0,0,0,0,0,0,0,0,0,0,0,0,0,0,0,0,0,0
3284130,0,0,0,0,0,0,0,0,0,0,0,0,0,0,0,0,0,0,0,0,0,0,0,0,0,0,0,0,0,0,0,0,0,0
57050801,22,15,7,2,10,3,1,1,0,0,0,0,2,1,0,0,3,1,2,11,9,2,5,3,2,1,1,0,0,0,0,2,1,1
57050802,211,117,94,4,77,30,22,5,5,2,4,7,5,23,20,0,11,7,4,83,53,30,81,42,39,6,3,3,27,10,17,3,2,1
57050803,161,89,72,14,53,19,9,8,5,2,1,7,11,9,19,0,4,1,3,70,47,23,57,25,32,3,0,3,24,14,10,3,2,1
57050804,100,52,48,7,32,5,15,4,4,2,2,4,3,7,8,1,9,5,4,50,30,20,26,11,15,1,1,0,11,2,9,3,3,0
57050806,16,12,4,3,4,1,1,1,0,0,0,2,0,1,2,0,0,0,0,9,8,1,6,4,2,0,0,0,1,0,1,0,0,0
57050807,54,35,19,5,14,6,3,6,3,0,2,3,2,5,3,0,1,1,0,22,17,5,14,8,6,1,0,1,9,4,5,7,5,2
57050808,38,23,15,1,16,4,3,3,0,0,1,3,1,1,1,0,1,1,0,14,9,5,14,9,5,4,2,2,3,1,2,2,1,1
57050809,300,153,147,11,71,23,40,21,3,10,6,12,13,33,50,1,7,4,3,89,52,37,110,55,55,11,4,7,70,33,37,13,5,8
57050810,643,351,292,18,230,68,76,19,27,9,9,46,30,38,44,6,61,29,32,240,157,83,187,87,100,18,7,11,77,30,47,60,41,19
57050811,669,352,317,23,222,55,63,34,26,10,4,40,36,58,65,4,32,16,16,252,153,99,245,112,133,20,8,12,91,45,46,29,18,11
57050812,916,517,399,25,323,91,92,51,20,17,12,55,47,78,77,6,63,32,31,332,201,131,307,174,133,33,10,23,137,72,65,44,28,16
57050813,144,85,59,8,61,16,15,5,3,1,3,7,8,12,4,0,9,6,3,64,42,22,46,25,21,6,2,4,17,9,8,2,1,1
57050815,68,38,30,3,25,3,7,7,4,0,2,6,4,5,2,0,9,5,4,14,9,5,17,11,6,5,3,2,15,5,10,8,5,3
54806501,152,91,61,5,34,20,22,13,5,7,2,10,9,9,10,1,7,4,3,65,47,18,52,27,25,4,2,2,20,8,12,4,3,1
57051602,163,93,70,11,57,18,15,14,2,1,1,8,5,10,20,0,8,5,3,75,54,21,52,22,30,7,2,5,19,9,10,2,1,1
57052401,46,23,23,6,8,6,8,3,0,0,5,3,2,2,2,1,3,0,3,20,12,8,13,6,7,1,0,1,7,3,4,2,2,0
57052402,138,76,62,5,34,22,18,12,6,3,2,8,9,9,7,0,7,2,5,47,33,14,59,29,30,3,2,1,18,8,10,4,2,2
57053201,174,99,75,16,38,17,28,13,5,7,10,12,10,6,8,0,9,7,2,67,46,21,52,24,28,6,1,5,32,17,15,8,4,4
57053202,55,30,25,7,14,3,11,3,0,0,3,3,4,2,4,0,2,2,0,29,16,13,14,9,5,2,1,1,4,0,4,4,2,2
57053203,41,22,19,2,8,3,8,3,0,4,1,3,0,4,4,0,2,2,0,14,7,7,11,7,4,1,0,1,11,5,6,2,1,1
57054101,81,48,33,10,17,3,16,4,2,1,1,4,6,6,6,0,5,2,3,32,20,12,26,13,13,1,1,0,15,11,4,2,1,1
57056702,148,82,66,18,39,7,16,13,3,2,3,15,11,8,8,2,8,5,3,61,42,19,50,21,29,1,0,1,19,7,12,9,7,2
57057501,127,75,52,12,45,8,16,6,2,0,3,10,10,4,9,0,6,4,2,52,41,11,49,21,28,5,2,3,13,6,7,2,1,1
57064801,325,183,142,23,99,47,25,26,7,4,6,19,19,25,21,1,7,4,3,140,87,53,108,57,51,7,2,5,39,16,23,24,17,7
57065601,339,188,151,14,71,27,53,29,12,11,6,27,22,20,31,3,14,7,7,108,66,42,117,60,57,8,4,4,74,36,38,18,15,3
57065602,67,36,31,4,14,7,15,3,1,0,0,4,7,1,7,0,1,0,1,26,18,8,24,11,13,1,0,1,15,7,8,0,0,0
57065603,49,25,24,5,12,1,4,3,1,0,2,7,3,2,6,0,3,3,0,15,8,7,19,10,9,1,0,1,11,4,7,0,0,0
57065604,117,63,54,9,31,7,15,8,6,4,2,7,6,5,12,0,3,1,2,62,38,24,33,17,16,2,0,2,13,5,8,4,2,2
57067201,967,532,435,23,272,81,102,72,20,31,27,72,67,78,85,6,46,31,15,304,199,105,360,170,190,18,5,13,194,99,95,45,28,17
57068101,161,93,68,18,36,15,17,20,4,3,4,6,8,16,10,0,16,10,6,64,38,26,45,26,19,1,0,1,27,13,14,8,6,2
53067101,31,17,14,2,9,4,4,1,2,0,1,1,1,3,3,0,1,0,1,16,10,6,7,3,4,0,0,0,3,1,2,4,3,1
57353101,51,24,27,9,7,6,5,2,2,3,2,1,2,4,5,1,5,3,2,18,12,6,17,7,10,1,0,1,8,1,7,2,1,1
57070201,85,52,33,5,24,8,5,7,3,3,0,7,5,8,7,0,3,1,2,33,22,11,29,17,12,4,2,2,13,8,5,3,2,1
57071101,110,57,53,8,23,5,21,7,4,3,2,8,4,7,12,0,4,2,2,39,21,18,36,17,19,2,1,1,24,13,11,5,3,2
57072901,56,32,24,4,6,6,6,6,1,0,3,9,6,3,5,0,2,1,1,17,12,5,25,14,11,1,0,1,11,5,6,0,0,0
57072902,21,14,7,2,8,1,3,0,0,0,0,1,1,0,5,0,1,0,1,7,6,1,8,5,3,1,1,0,4,2,2,0,0,0
57074501,348,195,153,49,78,33,47,22,8,10,10,30,17,14,20,1,10,2,8,137,89,48,122,66,56,10,2,8,52,22,30,17,14,3
57319101,161,85,76,12,34,11,26,9,8,5,5,9,11,8,17,1,11,4,7,49,35,14,66,33,33,3,2,1,27,10,17,5,1,4
57079601,200,121,79,13,59,12,25,13,3,13,3,11,20,6,13,0,15,8,7,68,50,18,67,35,32,5,2,3,41,24,17,4,2,2
57080002,61,34,27,4,14,2,6,4,1,0,1,6,8,5,8,0,4,2,2,25,17,8,21,9,12,2,1,1,4,2,2,5,3,2
57080003,149,84,65,8,31,21,20,10,3,5,1,16,7,12,13,1,7,1,6,46,31,15,51,32,19,6,1,5,29,14,15,10,5,5
57080004,140,72,68,9,35,11,12,10,6,4,5,9,12,10,12,0,2,2,0,41,27,14,66,30,36,3,0,3,24,9,15,4,4,0
57083401,560,290,270,20,258,47,37,20,7,11,5,33,19,37,52,3,68,14,54,205,131,74,167,83,84,15,6,9,71,32,39,34,24,10
57085101,244,141,103,9,83,22,30,17,8,1,6,17,14,13,18,2,12,4,8,94,69,25,88,37,51,6,2,4,33,20,13,11,9,2
57086901,110,60,50,11,36,9,12,7,4,2,2,5,1,6,12,1,7,3,4,58,35,23,29,14,15,1,0,1,8,5,3,7,3,4
57086902,102,62,40,7,45,12,9,8,2,0,3,3,5,2,3,0,9,7,2,58,36,22,26,13,13,1,1,0,4,1,3,4,4,0
57086903,49,25,24,10,18,3,6,2,3,0,0,1,1,1,2,0,3,1,2,32,18,14,12,5,7,0,0,0,1,0,1,1,1,0
57086904,48,25,23,4,17,7,3,2,2,0,0,2,3,2,6,0,3,1,2,25,16,9,13,4,9,3,0,3,3,3,0,1,1,0
57086905,374,222,152,20,135,44,36,26,4,3,3,26,18,25,21,4,28,14,14,165,109,56,116,65,51,7,3,4,30,11,19,28,20,8
57087701,119,69,50,3,38,7,14,15,3,3,4,10,7,2,9,0,7,2,5,37,29,8,53,25,28,3,1,2,13,6,7,6,6,0
57087703,1313,750,563,42,414,93,146,62,39,35,33,111,80,80,118,8,82,53,29,439,278,161,458,224,234,25,11,14,212,108,104,97,76,21
57088501,71,42,29,5,20,3,7,3,0,3,2,5,6,8,7,1,1,1,0,31,24,7,20,9,11,2,1,1,16,6,10,1,1,0
57088502,199,113,86,1,40,22,27,15,5,8,5,16,17,12,20,3,6,3,3,47,35,12,80,38,42,2,2,0,54,27,27,10,8,2
57090701,35,18,17,5,4,5,5,2,2,0,1,2,2,2,2,0,2,2,0,11,6,5,15,8,7,0,0,0,6,1,5,1,1,0
57090702,68,36,32,10,19,5,6,8,5,0,2,2,3,2,5,0,7,2,5,26,17,9,19,11,8,0,0,0,9,3,6,7,3,4
57091501,59,30,29,4,9,8,8,3,2,3,1,3,4,6,5,0,6,2,4,26,15,11,16,7,9,0,0,0,9,4,5,2,2,0
57313201,191,108,83,21,50,20,17,8,2,2,2,12,11,17,19,3,9,7,2,82,57,25,56,26,30,8,3,5,27,10,17,9,5,4
57093101,84,49,35,2,22,16,11,6,0,2,1,8,5,4,5,1,2,2,0,31,22,9,36,18,18,0,0,0,13,6,7,2,1,1
57093102,762,415,347,21,164,58,100,46,16,35,24,70,50,51,83,5,18,9,9,191,126,65,296,151,145,27,7,20,208,107,101,22,15,7
57093103,13,4,9,1,2,1,1,0,1,1,0,2,0,4,0,0,0,0,0,5,3,2,7,1,6,0,0,0,1,0,1,0,0,0
57093104,228,112,116,6,47,21,25,12,5,13,9,16,12,18,35,3,8,5,3,47,29,18,88,36,52,7,3,4,71,34,37,7,5,2
57095801,13,8,5,2,6,1,1,0,0,0,1,1,0,0,1,0,2,0,2,8,7,1,2,1,1,0,0,0,1,0,1,0,0,0
57095802,122,78,44,16,29,12,18,8,4,0,0,7,8,7,6,1,3,2,1,47,36,11,52,29,23,1,0,1,16,9,7,3,2,1
0266202,0,0,0,0,0,0,0,0,0,0,0,0,0,0,0,0,0,0,0,0,0,0,0,0,0,0,0,0,0,0,0,0,0,0
57096601,58,29,29,4,13,6,7,3,2,1,0,6,4,4,8,0,7,2,5,20,13,7,22,10,12,0,0,0,7,3,4,2,1,1
57096602,131,68,63,6,31,10,15,6,1,1,9,7,14,13,15,0,0,0,0,34,24,10,59,30,29,2,0,2,33,12,21,3,2,1
54815401,167,104,63,12,39,25,17,14,2,5,4,20,8,5,7,1,5,3,2,72,49,23,58,33,25,6,4,2,20,10,10,6,5,1
57100801,219,124,95,13,53,14,30,21,5,3,6,14,16,8,27,0,15,7,8,80,47,33,72,47,25,9,2,7,28,12,16,15,9,6
57101601,53,34,19,3,12,12,4,5,0,2,3,1,1,5,3,0,2,1,1,23,19,4,16,8,8,2,0,2,7,4,3,3,2,1
57102401,193,111,82,27,35,24,24,13,6,4,4,14,11,12,13,3,9,7,2,57,38,19,78,37,41,5,2,3,35,19,16,9,8,1
57104101,176,102,74,11,60,8,17,12,7,8,3,15,13,12,4,1,4,2,2,58,42,16,74,39,35,1,1,0,29,13,16,10,5,5
57104102,48,26,22,0,23,4,3,3,2,0,0,3,2,1,5,1,3,3,0,16,10,6,20,9,11,0,0,0,6,3,3,3,1,2
57104103,118,61,57,5,40,10,14,9,0,4,3,3,1,5,15,0,5,2,3,59,36,23,38,16,22,2,0,2,8,3,5,6,4,2
57104104,35,18,17,0,13,4,3,2,3,0,0,1,4,3,2,0,2,1,1,10,6,4,15,8,7,0,0,0,4,2,2,4,1,3
57104105,106,59,47,3,31,10,7,8,4,1,2,12,5,6,13,0,5,0,5,40,29,11,37,19,18,2,0,2,17,9,8,5,2,3
57104106,24,11,13,0,6,1,2,2,0,0,0,3,4,3,2,0,0,0,0,3,3,0,14,7,7,0,0,0,6,1,5,1,0,1
57104107,2229,1194,1035,31,670,143,258,127,52,78,47,174,139,188,209,7,111,64,47,668,416,252,867,411,456,51,20,31,437,220,217,95,63,32
57105901,39,21,18,3,12,3,6,4,0,0,4,2,1,2,1,0,1,1,0,12,6,6,19,10,9,0,0,0,5,2,3,2,2,0
57105902,99,54,45,11,19,8,16,8,8,1,0,6,2,4,6,1,1,1,0,57,35,22,32,13,19,0,0,0,8,5,3,1,0,1
51371701,150,89,61,10,44,18,23,8,3,2,2,5,7,15,9,2,6,3,3,56,38,18,59,32,27,1,0,1,19,9,10,9,7,2
57108301,35,23,12,2,12,9,2,2,0,0,0,1,0,3,4,0,2,0,2,13,12,1,15,9,6,0,0,0,2,0,2,3,2,1
57108302,32,20,12,9,7,3,0,3,2,0,0,2,1,1,3,0,0,0,0,18,11,7,12,8,4,0,0,0,1,0,1,1,1,0
57108303,36,17,19,3,13,1,4,3,0,0,1,3,1,0,5,2,1,0,1,16,7,9,12,6,6,0,0,0,4,3,1,3,1,2
57108304,88,49,39,10,35,5,7,6,0,1,0,6,6,1,9,1,9,6,3,39,25,14,24,12,12,1,0,1,15,6,9,0,0,0
54805701,34,19,15,8,5,2,5,1,0,0,1,0,3,3,6,0,2,1,1,10,6,4,10,6,4,1,0,1,10,6,4,1,0,1
57109101,109,61,48,8,28,3,17,4,2,6,0,8,15,7,6,0,8,3,5,35,22,13,47,26,21,0,0,0,15,7,8,4,3,1
57109102,78,43,35,4,25,3,11,6,3,5,1,5,0,7,4,2,3,1,2,34,19,15,30,18,12,1,0,1,8,4,4,2,1,1
57109103,126,67,59,10,28,6,16,6,1,3,3,12,10,11,14,0,2,2,0,38,25,13,58,27,31,3,1,2,24,11,13,1,1,0
57109104,125,66,59,2,27,7,27,9,2,6,2,14,8,7,6,0,4,2,2,40,30,10,49,21,28,0,0,0,30,12,18,2,1,1
57109105,98,52,46,9,25,5,12,4,0,3,0,8,8,10,12,0,1,0,1,35,22,13,40,22,18,3,1,2,18,7,11,1,0,1
57109106,347,188,159,11,84,25,52,20,6,17,8,31,35,20,31,1,10,4,6,99,57,42,131,71,60,5,1,4,89,46,43,13,9,4
57110501,30,18,12,1,6,5,3,2,1,0,2,1,1,1,5,0,0,0,0,14,10,4,12,6,6,1,1,0,2,0,2,1,1,0
57110502,185,102,83,18,48,12,27,11,3,4,5,16,9,9,15,0,5,2,3,65,43,22,75,36,39,5,4,1,29,13,16,6,4,2
57111301,967,517,450,43,167,79,126,31,18,40,29,93,86,86,136,1,27,15,12,191,118,73,324,154,170,18,10,8,377,199,178,30,21,9
54867701,50,32,18,2,12,4,15,4,0,0,0,2,5,1,3,0,2,1,1,16,10,6,22,15,7,1,1,0,9,5,4,0,0,0
57113001,102,59,43,9,30,8,19,9,1,0,0,4,3,5,7,2,6,4,2,54,37,17,30,13,17,0,0,0,10,4,6,2,1,1
57374401,84,46,38,7,24,8,13,6,0,1,4,4,4,3,9,0,1,1,0,49,33,16,26,9,17,5,1,4,3,2,1,0,0,0
55370101,62,34,28,6,34,1,5,3,1,2,0,4,2,2,0,1,3,2,1,22,15,7,20,8,12,1,1,0,12,5,7,4,3,1
55370102,19,14,5,4,7,2,1,1,1,0,1,1,0,1,0,0,3,2,1,8,7,1,5,2,3,0,0,0,1,1,0,2,2,0
57266701,89,48,41,19,20,8,13,3,2,1,1,7,6,2,5,0,3,1,2,40,32,8,23,10,13,2,1,1,11,1,10,10,3,7
57267501,5,4,1,0,4,0,0,0,0,0,0,0,1,0,0,0,1,1,0,1,1,0,2,2,0,0,0,0,0,0,0,1,0,1
57267502,108,61,47,16,44,5,15,7,3,0,0,4,6,4,2,0,13,7,6,55,36,19,24,9,15,1,1,0,8,6,2,7,2,5
54890101,49,26,23,2,10,5,5,9,3,2,0,4,2,3,1,0,0,0,0,22,12,10,14,8,6,3,1,2,6,2,4,4,3,1
54890102,12,6,6,2,3,1,1,2,0,0,0,0,0,1,2,0,0,0,0,5,4,1,5,1,4,0,0,0,2,1,1,0,0,0
0059322,0,0,0,0,0,0,0,0,0,0,0,0,0,0,0,0,0,0,0,0,0,0,0,0,0,0,0,0,0,0,0,0,0,0
57270501,21,14,7,3,6,1,2,2,0,0,1,1,2,1,2,0,1,1,0,10,8,2,7,4,3,0,0,0,2,0,2,1,1,0
57270502,16,11,5,1,7,2,1,1,0,0,0,1,1,2,0,0,2,2,0,8,7,1,3,1,2,0,0,0,2,0,2,1,1,0
57270503,49,31,18,5,9,3,5,3,0,0,3,5,6,3,5,1,1,1,0,21,17,4,10,6,4,3,1,2,13,6,7,1,0,1
57270504,19,12,7,0,8,0,6,0,0,0,1,2,1,0,1,0,0,0,0,14,10,4,4,2,2,1,0,1,0,0,0,0,0,0
54897901,21,13,8,1,6,3,0,1,3,0,0,1,2,2,2,0,3,2,1,11,8,3,2,1,1,1,0,1,3,1,2,1,1,0
54897902,21,12,9,3,8,1,0,4,0,0,0,3,0,2,0,0,1,0,1,9,8,1,7,4,3,1,0,1,2,0,2,1,0,1
54897903,11,6,5,2,5,0,1,0,0,0,0,0,0,0,1,0,0,0,0,4,3,1,4,2,2,1,0,1,2,1,1,0,0,0
54910001,19,9,10,0,3,3,0,3,0,0,0,6,0,0,3,0,1,0,1,2,2,0,6,2,4,0,0,0,10,5,5,0,0,0
54910002,36,21,15,2,10,1,3,2,2,3,0,6,0,2,3,0,0,0,0,4,3,1,11,4,7,1,0,1,20,14,6,0,0,0
54910003,52,28,24,2,15,2,6,4,4,2,0,8,1,4,3,0,1,0,1,11,6,5,20,12,8,0,0,0,19,10,9,1,0,1
54907001,65,38,27,5,21,5,8,3,0,2,1,3,5,5,1,0,0,0,0,17,12,5,29,18,11,1,0,1,17,7,10,1,1,0
54885501,105,64,41,16,36,12,12,3,0,2,2,8,5,3,5,0,1,1,0,51,34,17,39,20,19,1,1,0,6,3,3,7,5,2
54895201,66,36,30,8,34,3,3,3,3,0,0,1,3,2,5,0,7,2,5,41,22,19,10,6,4,1,1,0,3,2,1,4,3,1
57335301,59,34,25,8,20,1,10,3,2,0,2,5,2,1,2,1,0,0,0,25,17,8,24,10,14,0,0,0,8,5,3,2,2,0
57335302,20,10,10,1,8,3,2,3,0,2,0,1,0,0,0,0,2,0,2,11,6,5,5,2,3,0,0,0,2,2,0,0,0,0
54928201,136,70,66,7,58,1,16,13,1,1,0,8,8,11,9,1,10,6,4,52,27,25,45,23,22,1,0,1,24,12,12,4,2,2
57277201,162,88,74,32,58,5,14,14,4,0,2,9,3,7,8,0,8,3,5,90,56,34,44,21,23,2,1,1,16,5,11,2,2,0
57277202,13,8,5,4,2,2,0,0,1,0,1,2,1,0,0,0,1,1,0,6,5,1,5,1,4,0,0,0,1,1,0,0,0,0
57278101,313,174,139,23,86,32,38,23,14,5,3,20,21,24,12,2,20,15,5,136,82,54,90,40,50,3,1,2,50,25,25,14,11,3
57278103,87,45,42,3,27,11,8,8,1,5,1,6,3,4,7,0,5,3,2,37,22,15,27,10,17,3,2,1,11,6,5,4,2,2
54899501,74,40,34,11,24,4,1,8,3,1,0,8,6,4,3,0,1,0,1,28,22,6,24,11,13,1,0,1,19,6,13,1,1,0
54899502,13,9,4,0,8,1,2,0,0,0,0,1,0,0,1,0,0,0,0,7,6,1,5,2,3,0,0,0,0,0,0,1,1,0
57281101,72,42,30,6,38,3,2,2,0,3,0,6,4,1,4,0,8,3,5,26,17,9,25,15,10,2,0,2,9,6,3,2,1,1
57281102,26,14,12,3,4,6,4,4,1,0,0,2,1,1,0,0,4,4,0,7,4,3,7,3,4,2,0,2,4,2,2,2,1,1
57282901,59,32,27,2,34,2,2,3,0,0,1,4,0,2,4,1,0,0,0,41,26,15,15,4,11,1,0,1,1,1,0,1,1,0
57282902,181,99,82,11,91,5,9,7,13,1,3,13,4,14,4,0,6,3,3,80,50,30,55,24,31,1,0,1,20,9,11,19,13,6
57282903,118,70,48,4,62,2,8,7,6,2,1,8,8,1,9,0,12,5,7,41,27,14,51,28,23,1,0,1,7,5,2,6,5,1
54911801,24,15,9,1,9,0,2,2,2,0,0,0,4,2,1,0,0,0,0,14,9,5,4,2,2,0,0,0,5,3,2,1,1,0
57283701,139,82,57,15,36,16,10,13,1,1,5,11,5,12,10,1,8,5,3,53,35,18,48,23,25,3,2,1,18,10,8,9,7,2
57283702,139,81,58,9,53,18,8,11,1,1,4,5,7,8,11,0,7,3,4,72,48,24,40,24,16,2,1,1,12,2,10,6,3,3
54908801,27,11,16,1,9,1,6,0,1,0,0,2,0,4,1,0,1,1,0,9,4,5,12,4,8,0,0,0,4,1,3,1,1,0
57333701,114,68,46,7,46,11,16,7,6,1,2,5,3,3,4,1,2,0,2,55,38,17,41,22,19,1,0,1,9,4,5,6,4,2
57333702,23,12,11,3,5,2,2,0,3,1,0,0,3,3,1,0,0,0,0,5,3,2,8,4,4,0,0,0,9,4,5,1,1,0
57290001,163,89,74,7,50,10,21,14,5,1,0,13,11,6,10,0,7,6,1,43,30,13,73,34,39,3,0,3,34,17,17,3,2,1
57290002,24,13,11,1,10,0,3,1,1,0,1,1,1,3,1,0,0,0,0,8,5,3,10,6,4,0,0,0,5,2,3,1,0,1
57290003,49,26,23,0,14,3,9,3,0,4,1,3,3,5,0,0,0,0,0,8,7,1,23,12,11,1,0,1,16,6,10,1,1,0
57290004,60,33,27,3,13,10,6,4,0,1,0,7,2,6,7,0,2,2,0,12,8,4,27,15,12,3,0,3,13,6,7,3,2,1
57291801,111,63,48,14,27,3,16,3,2,1,4,14,8,10,3,0,1,1,0,51,29,22,32,16,16,1,1,0,22,13,9,4,3,1
57291802,11,8,3,1,4,1,2,0,1,0,0,0,0,0,2,0,0,0,0,0,0,0,6,4,2,1,1,0,4,3,1,0,0,0
57291803,109,58,51,13,35,7,7,7,1,3,4,9,5,6,8,1,0,0,0,36,24,12,43,20,23,6,2,4,20,10,10,4,2,2
0147962,0,0,0,0,0,0,0,0,0,0,0,0,0,0,0,0,0,0,0,0,0,0,0,0,0,0,0,0,0,0,0,0,0,0
0311512,0,0,0,0,0,0,0,0,0,0,0,0,0,0,0,0,0,0,0,0,0,0,0,0,0,0,0,0,0,0,0,0,0,0
0452252,0,0,0,0,0,0,0,0,0,0,0,0,0,0,0,0,0,0,0,0,0,0,0,0,0,0,0,0,0,0,0,0,0,0
3198302,0,0,0,0,0,0,0,0,0,0,0,0,0,0,0,0,0,0,0,0,0,0,0,0,0,0,0,0,0,0,0,0,0,0
57292601,38,21,17,5,12,5,2,3,1,0,0,2,0,1,5,0,1,0,1,16,13,3,17,6,11,2,0,2,1,1,0,1,1,0
57292602,11,8,3,1,7,0,1,0,0,1,0,0,0,0,1,0,2,1,1,2,2,0,2,1,1,0,0,0,3,2,1,2,2,0
57292603,16,8,8,0,6,0,3,1,0,0,0,1,0,2,3,0,1,1,0,11,5,6,3,2,1,0,0,0,1,0,1,0,0,0
57292604,79,43,36,2,22,3,14,3,3,1,2,6,5,8,6,1,2,1,1,24,18,6,40,19,21,2,0,2,11,5,6,0,0,0
57292605,41,21,20,0,7,1,14,3,1,0,1,2,4,4,1,0,0,0,0,15,7,8,19,9,10,1,1,0,6,4,2,0,0,0
57292606,25,15,10,2,8,2,2,2,0,0,0,1,1,3,3,1,0,0,0,10,7,3,7,2,5,2,1,1,4,3,1,2,2,0
57292607,24,15,9,5,9,0,2,1,1,1,1,2,0,0,2,0,0,0,0,8,6,2,7,6,1,1,0,1,8,3,5,0,0,0
57292608,68,39,29,6,15,3,8,3,1,2,4,10,1,9,4,0,0,0,0,23,19,4,28,14,14,3,1,2,14,5,9,0,0,0
57292609,374,198,176,13,132,21,43,15,5,16,5,28,19,33,30,3,11,8,3,91,58,33,156,72,84,14,4,10,77,42,35,25,14,11
57292610,20,9,11,3,6,1,1,2,0,1,1,1,1,1,1,0,0,0,0,4,2,2,11,4,7,0,0,0,4,2,2,1,1,0
57292611,607,326,281,19,196,25,73,30,12,13,18,28,45,56,60,8,28,16,12,216,138,78,209,103,106,21,8,13,120,51,69,13,10,3
57292612,451,252,199,14,139,35,68,19,24,10,7,36,17,23,35,1,36,24,12,173,106,67,137,66,71,7,2,5,53,21,32,45,33,12
57292613,114,68,46,3,43,8,12,9,4,4,1,4,3,7,7,1,13,10,3,51,30,21,25,15,10,3,0,3,17,9,8,5,4,1
57292614,99,50,49,2,32,6,13,5,1,3,0,6,4,9,10,0,5,2,3,39,21,18,35,19,16,5,1,4,7,1,6,8,6,2
57292615,868,468,400,20,255,50,90,59,22,24,17,75,42,86,90,4,44,25,19,270,164,106,307,157,150,31,11,20,185,93,92,31,18,13
57292616,220,123,97,14,50,13,27,17,4,2,1,30,9,24,24,0,3,3,0,75,47,28,90,48,42,8,2,6,42,22,20,2,1,1
57292618,782,408,374,28,245,38,101,44,15,18,16,61,44,59,90,2,26,13,13,236,145,91,315,154,161,26,9,17,143,66,77,36,21,15
57292619,38,21,17,9,10,4,0,0,1,1,2,1,1,2,4,0,1,0,1,12,8,4,14,4,10,1,1,0,10,8,2,0,0,0
57292620,21,9,12,1,4,0,1,0,1,1,2,3,1,2,4,0,5,2,3,2,2,0,9,4,5,2,0,2,3,1,2,0,0,0
54935501,125,68,57,24,41,10,10,12,4,0,0,7,7,2,4,0,14,9,5,63,41,22,24,6,18,2,0,2,11,5,6,11,7,4
57296901,195,113,82,31,74,13,10,10,8,2,1,9,11,8,14,1,12,5,7,95,61,34,57,31,26,4,3,1,15,6,9,12,7,5
57296902,18,8,10,2,6,0,6,1,0,0,1,1,0,1,0,0,0,0,0,8,4,4,7,3,4,0,0,0,1,0,1,2,1,1
57296903,54,29,25,2,24,6,3,6,1,1,1,2,0,3,5,0,6,5,1,27,15,12,18,9,9,0,0,0,2,0,2,1,0,1
54903701,91,51,40,5,37,3,9,7,2,3,0,8,4,4,7,1,1,0,1,32,21,11,36,19,17,3,0,3,12,7,5,7,4,3
54922301,78,47,31,8,29,7,4,9,0,2,1,4,2,5,2,1,6,4,2,36,26,10,20,10,10,4,1,3,10,4,6,2,2,0
57299301,45,25,20,4,15,3,6,0,1,2,1,7,0,5,0,0,3,1,2,15,10,5,14,5,9,0,0,0,6,3,3,7,6,1
57299302,153,74,79,14,46,13,23,11,4,1,2,8,9,8,12,2,5,4,1,59,35,24,54,23,31,5,0,5,20,7,13,10,5,5
3122580,0,0,0,0,0,0,0,0,0,0,0,0,0,0,0,0,0,0,0,0,0,0,0,0,0,0,0,0,0,0,0,0,0,0
3380010,0,0,0,0,0,0,0,0,0,0,0,0,0,0,0,0,0,0,0,0,0,0,0,0,0,0,0,0,0,0,0,0,0,0
57265901,163,87,76,0,40,10,21,11,13,5,4,16,15,8,13,0,3,2,1,31,24,7,77,34,43,8,3,5,40,23,17,4,1,3
57265902,134,79,55,3,42,10,10,5,4,1,5,16,6,13,10,1,5,4,1,44,31,13,35,15,20,4,3,1,35,20,15,11,6,5
57265903,388,211,177,6,121,32,44,22,8,10,4,41,22,32,36,2,14,5,9,119,79,40,145,76,69,7,3,4,90,41,49,13,7,6
57265904,318,166,152,19,91,21,35,18,9,2,1,19,31,25,38,1,12,7,5,70,50,20,117,56,61,14,3,11,93,43,50,12,7,5
57265905,57,29,28,1,17,2,4,5,9,2,1,2,2,9,2,0,6,2,4,15,10,5,19,8,11,1,0,1,16,9,7,0,0,0
57265906,2372,1320,1052,45,803,101,262,141,83,62,36,186,194,159,210,10,124,57,67,729,453,276,856,456,400,62,31,31,519,263,256,82,60,22
57265908,113,58,55,8,32,5,5,2,3,2,3,10,4,14,18,0,9,4,5,26,15,11,46,20,26,4,1,3,28,18,10,0,0,0
57265909,210,124,86,6,72,11,33,17,3,2,3,12,19,10,16,1,21,15,6,79,55,24,69,33,36,7,2,5,30,16,14,4,3,1
57265910,23,14,9,2,2,1,2,2,0,2,0,3,5,0,1,1,0,0,0,5,2,3,11,8,3,0,0,0,7,4,3,0,0,0
57265912,298,163,135,15,102,8,47,10,13,6,6,22,24,8,21,4,16,12,4,108,62,46,121,66,55,7,3,4,39,16,23,7,4,3
57265913,38,22,16,3,20,1,1,4,1,1,1,1,0,2,2,0,4,0,4,18,14,4,12,7,5,2,1,1,2,0,2,0,0,0
57265914,11,9,2,0,6,1,0,1,0,0,2,0,0,0,0,0,2,2,0,5,4,1,3,3,0,0,0,0,0,0,0,1,0,1
57265915,120,65,55,3,37,7,8,11,6,2,2,13,7,8,8,1,15,7,8,38,25,13,43,20,23,4,2,2,14,8,6,6,3,3
57265916,54,26,28,4,12,3,6,1,1,1,0,10,1,7,6,0,3,2,1,7,3,4,20,11,9,2,1,1,21,9,12,1,0,1
57265917,80,41,39,4,26,2,12,5,1,1,0,5,8,7,9,0,1,0,1,26,15,11,28,13,15,4,3,1,18,9,9,3,1,2
57265918,262,136,126,4,85,15,34,9,20,5,1,27,14,16,16,0,25,14,11,79,41,38,88,39,49,3,2,1,42,22,20,25,18,7
57265919,435,260,175,14,102,21,60,57,20,12,6,36,30,29,30,1,31,15,16,83,57,26,145,74,71,14,7,7,124,72,52,38,35,3
57265920,578,305,273,8,183,30,69,47,23,9,5,51,37,46,42,1,49,24,25,170,98,72,191,101,90,15,6,9,130,64,66,23,12,11
57265921,461,248,213,4,105,21,40,26,16,19,14,55,42,52,50,1,11,5,6,68,48,20,204,108,96,12,3,9,157,78,79,9,6,3
57265922,36,21,15,1,12,2,5,3,0,2,0,3,0,1,5,0,2,1,1,13,8,5,12,5,7,0,0,0,8,6,2,1,1,0
57265924,455,245,210,4,128,25,40,39,14,20,7,50,23,39,47,0,22,13,9,112,73,39,164,78,86,14,4,10,129,68,61,14,9,5
57265925,204,129,75,6,66,16,15,12,8,7,5,15,10,11,19,4,19,9,10,67,42,25,53,29,24,2,0,2,26,15,11,37,34,3
57265926,1248,646,602,12,431,51,143,88,34,20,25,91,101,84,114,7,62,35,27,367,214,153,471,221,250,38,21,17,262,123,139,48,32,16
57265927,20,11,9,1,9,1,3,2,0,0,0,0,1,1,2,0,1,0,1,7,5,2,9,4,5,0,0,0,3,2,1,0,0,0
57300101,20,12,8,2,7,3,0,0,1,1,0,1,0,2,2,0,4,2,2,4,2,2,9,7,2,0,0,0,3,1,2,0,0,0
57300102,19,10,9,4,4,0,4,1,3,0,0,1,0,0,1,0,0,0,0,12,8,4,2,0,2,0,0,0,4,2,2,1,0,1
57300103,39,18,21,3,19,2,3,4,0,0,0,1,1,2,2,1,8,6,2,16,9,7,11,2,9,0,0,0,4,1,3,0,0,0
57300104,185,104,81,8,81,7,18,8,3,2,4,12,16,10,11,0,11,4,7,65,40,25,66,34,32,4,1,3,25,13,12,14,12,2
57300105,22,14,8,4,5,0,1,2,1,0,0,3,3,3,0,0,1,1,0,5,4,1,9,5,4,1,0,1,4,2,2,2,2,0
57300106,18,11,7,6,5,1,2,1,0,0,0,1,1,1,0,0,3,2,1,12,6,6,2,2,0,0,0,0,0,0,0,1,1,0
54915101,74,43,31,5,33,1,8,5,3,1,4,3,1,2,5,0,1,1,0,30,19,11,32,16,16,2,2,0,8,4,4,1,1,0
54915102,30,15,15,0,8,2,6,1,0,1,0,5,1,4,1,0,2,0,2,12,7,5,13,7,6,0,0,0,3,1,2,0,0,0
54931201,74,38,36,12,24,1,3,14,1,3,2,3,3,3,4,0,7,4,3,24,18,6,30,10,20,1,0,1,9,4,5,3,2,1
54931202,16,9,7,3,3,1,3,1,0,0,0,0,3,1,1,0,0,0,0,10,6,4,4,1,3,0,0,0,1,1,0,1,1,0
54916901,41,22,19,0,15,0,3,3,0,2,0,7,4,2,4,0,1,1,0,8,3,5,16,8,8,1,0,1,14,9,5,1,1,0
54916902,83,45,38,1,35,2,12,8,4,1,1,6,5,2,5,1,5,2,3,31,25,6,27,9,18,0,0,0,17,8,9,3,1,2
57304302,9,4,5,0,1,1,1,1,3,0,0,0,1,1,0,0,1,0,1,5,3,2,3,1,2,0,0,0,0,0,0,0,0,0
57304303,124,73,51,4,62,3,11,11,5,0,1,7,3,5,8,1,5,2,3,40,28,12,55,35,20,4,2,2,18,4,14,2,2,0
57305101,70,39,31,10,14,2,13,4,3,3,1,2,6,5,5,0,0,0,0,25,15,10,28,13,15,2,1,1,13,8,5,2,2,0
57305102,147,81,66,16,43,7,13,4,4,1,3,9,21,10,12,0,6,5,1,51,34,17,51,24,27,2,1,1,30,13,17,7,4,3
57306001,40,25,15,8,12,3,1,2,1,0,1,4,3,1,0,2,4,2,2,18,13,5,10,4,6,1,1,0,4,2,2,3,3,0
57306002,79,45,34,10,27,2,5,8,3,1,0,5,5,2,8,0,9,5,4,37,25,12,25,11,14,0,0,0,4,1,3,4,3,1
57306003,849,498,351,40,396,31,59,85,18,8,8,43,48,41,52,2,65,39,26,354,238,116,293,158,135,14,4,10,70,25,45,53,34,19
57306005,33,18,15,3,10,2,3,5,0,1,0,1,5,0,1,0,3,3,0,17,9,8,8,3,5,0,0,0,2,2,0,3,1,2
54892801,16,7,9,1,4,1,2,1,0,1,0,1,0,4,0,0,0,0,0,9,4,5,4,2,2,0,0,0,3,1,2,0,0,0
54894401,68,43,25,7,22,4,8,10,1,3,1,2,2,2,4,0,2,1,1,32,22,10,23,12,11,3,3,0,7,4,3,1,1,0
57213601,88,52,36,11,38,6,6,8,4,0,0,6,0,2,5,0,12,8,4,49,28,21,22,12,10,0,0,0,2,1,1,3,3,0
57204701,34,18,16,1,7,2,7,1,2,3,0,2,2,1,6,0,2,2,0,8,5,3,13,7,6,1,0,1,10,4,6,0,0,0
57309402,18,11,7,0,7,0,1,1,2,1,0,1,2,1,1,0,0,0,0,8,6,2,5,2,3,0,0,0,5,3,2,0,0,0
57309403,66,43,23,5,22,8,7,3,0,0,0,5,3,7,5,1,0,0,0,22,16,6,28,20,8,5,1,4,7,5,2,4,1,3
57309404,162,80,82,11,45,15,14,16,1,0,3,8,9,12,26,1,5,4,1,58,35,23,64,24,40,2,1,1,25,10,15,8,6,2
57309405,279,163,116,15,107,24,32,8,10,2,3,15,13,19,21,3,13,6,7,121,86,35,97,48,49,7,4,3,31,12,19,10,7,3
57309406,49,34,15,3,21,0,5,4,1,1,0,1,3,5,4,0,1,1,0,25,21,4,16,9,7,1,1,0,4,1,3,2,1,1
57309407,80,48,32,2,27,7,8,5,4,2,1,3,9,6,5,0,2,1,1,36,28,8,33,15,18,1,0,1,4,2,2,4,2,2
57309408,956,534,422,36,300,65,116,50,47,16,9,60,46,67,116,5,55,33,22,313,196,117,364,181,183,26,9,17,143,78,65,55,37,18
57309409,141,80,61,5,49,11,14,10,4,1,0,10,11,8,12,1,7,3,4,48,32,16,54,29,25,7,2,5,16,9,7,9,5,4
57310801,17,11,6,2,7,2,1,1,0,1,0,1,1,0,0,0,2,1,1,9,6,3,4,2,2,0,0,0,1,1,0,1,1,0
57310802,894,495,399,18,547,23,76,50,16,6,4,39,28,32,36,11,60,32,28,309,186,123,299,153,146,43,18,25,120,68,52,63,38,25
57310803,24,17,7,0,12,0,1,5,0,1,1,1,0,1,1,0,0,0,0,13,11,2,4,1,3,0,0,0,7,5,2,0,0,0
57310804,67,34,33,3,28,1,10,8,0,2,2,3,0,1,7,0,4,3,1,32,18,14,21,9,12,0,0,0,5,2,3,5,2,3
57310805,19,12,7,2,5,1,2,2,1,0,0,2,2,0,1,0,3,2,1,4,3,1,6,3,3,0,0,0,4,2,2,2,2,0
57311601,16,10,6,3,10,0,0,0,0,0,1,2,0,0,0,0,0,0,0,8,5,3,6,3,3,0,0,0,2,2,0,0,0,0
57311602,154,89,65,6,68,8,12,8,8,3,0,10,6,8,11,0,12,7,5,60,44,16,47,21,26,5,1,4,21,13,8,9,3,6
57311606,14,8,6,0,2,3,3,0,0,0,0,0,0,1,2,0,1,1,0,2,2,0,6,2,4,1,1,0,3,1,2,1,1,0
57311607,9,5,4,0,2,0,1,0,0,0,0,4,0,0,1,0,0,0,0,3,2,1,5,2,3,0,0,0,1,1,0,0,0,0
57311608,22,12,10,3,7,2,2,0,0,1,1,2,0,1,2,0,0,0,0,6,5,1,11,5,6,1,0,1,4,2,2,0,0,0
57311609,23,14,9,4,5,0,4,0,1,2,0,4,1,0,1,0,0,0,0,8,6,2,10,5,5,0,0,0,4,3,1,1,0,1
57311610,17,9,8,2,6,3,1,1,0,0,0,1,0,1,0,0,0,0,0,4,2,2,9,6,3,0,0,0,4,1,3,0,0,0
57311611,29,16,13,9,5,0,3,1,4,1,0,1,0,1,1,0,0,0,0,11,8,3,11,4,7,0,0,0,4,2,2,3,2,1
57312401,45,23,22,4,19,1,2,2,1,0,4,1,6,2,2,1,0,0,0,16,10,6,17,7,10,4,1,3,6,4,2,2,1,1
57312402,18,9,9,2,5,0,0,3,1,0,1,3,2,0,1,0,1,1,0,8,4,4,4,1,3,0,0,0,5,3,2,0,0,0
57312404,21,13,8,0,12,1,2,0,0,0,1,1,2,1,1,0,0,0,0,11,7,4,8,6,2,1,0,1,1,0,1,0,0,0
57312405,250,144,106,12,113,24,20,19,8,2,2,12,8,16,8,1,11,6,5,121,79,42,82,40,42,3,1,2,22,9,13,11,9,2
57312406,51,23,28,4,19,2,3,4,0,0,1,2,4,3,7,1,3,2,1,20,12,8,16,6,10,1,0,1,9,2,7,2,1,1
57308601,65,37,28,6,16,5,5,11,2,0,2,5,3,3,6,0,3,2,1,33,21,12,23,12,11,0,0,0,3,0,3,3,2,1
57308602,30,16,14,6,11,1,4,2,0,2,0,2,0,1,1,0,3,0,3,17,12,5,6,2,4,0,0,0,4,2,2,0,0,0
57314102,11,7,4,1,3,1,1,2,1,0,0,0,0,1,0,0,1,0,1,5,4,1,2,1,1,0,0,0,3,2,1,0,0,0
57314103,143,82,61,7,49,10,11,12,8,6,2,7,6,11,5,2,3,3,0,56,33,23,51,29,22,1,0,1,29,15,14,3,2,1
57315901,294,163,131,36,101,19,13,25,3,8,6,19,24,13,14,1,17,12,5,116,67,49,104,55,49,6,3,3,46,21,25,5,5,0
57316701,30,14,16,10,7,0,2,1,1,0,0,1,1,3,3,0,2,1,1,17,7,10,7,3,4,0,0,0,3,2,1,1,1,0
57316703,102,57,45,23,32,6,13,3,3,1,2,7,4,3,3,0,6,2,4,50,32,18,29,12,17,0,0,0,11,6,5,6,5,1
57316706,35,18,17,2,15,4,3,3,1,0,0,1,0,0,3,0,1,0,1,17,10,7,13,6,7,0,0,0,3,1,2,1,1,0
57316707,37,24,13,2,9,4,0,6,2,0,0,4,2,1,2,1,1,0,1,20,15,5,9,6,3,0,0,0,7,3,4,0,0,0
57316708,24,14,10,2,8,0,0,2,1,3,0,1,1,0,1,1,3,1,2,7,4,3,11,9,2,0,0,0,3,0,3,0,0,0
57316709,15,8,7,2,3,0,1,2,0,1,2,1,0,1,2,0,1,1,0,2,1,1,6,4,2,2,0,2,2,1,1,2,1,1
57317501,21,13,8,1,7,5,3,2,0,0,0,0,0,2,1,0,2,1,1,10,8,2,7,4,3,0,0,0,2,0,2,0,0,0
57317502,418,235,183,11,181,28,37,11,13,5,1,33,30,30,28,3,32,13,19,160,110,50,141,67,74,3,2,1,63,29,34,19,14,5
54886301,135,80,55,5,35,10,22,8,6,1,1,11,11,9,10,0,4,3,1,51,34,17,48,25,23,7,3,4,13,8,5,12,7,5
0969032,0,0,0,0,0,0,0,0,0,0,0,0,0,0,0,0,0,0,0,0,0,0,0,0,0,0,0,0,0,0,0,0,0,0
57320501,26,16,10,1,9,5,1,4,1,0,0,3,1,0,1,0,2,1,1,10,6,4,9,6,3,0,0,0,5,3,2,0,0,0
57320502,16,8,8,2,7,0,1,1,0,0,0,0,1,2,2,0,0,0,0,6,2,4,6,3,3,2,2,0,2,1,1,0,0,0
57320503,124,74,50,6,51,8,11,10,2,3,1,5,6,2,13,1,4,3,1,50,34,16,43,18,25,4,2,2,15,11,4,8,6,2
57320504,18,11,7,1,3,2,3,0,0,0,2,0,4,3,0,0,0,0,0,6,5,1,11,5,6,0,0,0,1,1,0,0,0,0
57320506,48,26,22,4,22,1,1,3,1,0,0,2,4,5,1,0,1,1,0,23,13,10,18,9,9,0,0,0,6,3,3,0,0,0
57320507,23,9,14,2,6,0,4,0,0,0,0,1,2,1,7,0,0,0,0,9,4,5,8,3,5,0,0,0,5,2,3,1,0,1
57321302,233,136,97,21,67,19,20,18,16,1,4,11,16,6,32,1,13,10,3,98,63,35,83,42,41,4,4,0,23,10,13,12,7,5
57323001,9,5,4,1,3,0,1,0,0,0,1,1,1,1,0,0,0,0,0,4,2,2,3,2,1,1,0,1,1,1,0,0,0,0
57323002,158,88,70,6,67,7,24,14,1,0,1,10,11,9,8,0,6,6,0,63,38,25,59,27,32,3,2,1,19,8,11,8,7,1
54920701,84,46,38,10,30,9,9,4,4,2,0,2,2,2,6,2,4,1,3,53,35,18,19,7,12,3,0,3,2,0,2,3,3,0
57324801,26,13,13,1,8,5,3,1,3,0,0,1,0,1,2,0,1,0,1,12,9,3,12,3,9,0,0,0,1,1,0,0,0,0
57324802,40,23,17,1,18,1,2,3,3,1,2,2,1,3,1,0,2,1,1,18,8,10,16,11,5,0,0,0,4,3,1,0,0,0
57324803,53,32,21,3,16,0,12,1,0,4,0,7,3,2,2,0,0,0,0,19,15,4,20,11,9,2,1,1,11,4,7,1,1,0
57324804,38,21,17,2,16,4,3,1,0,0,0,0,4,6,1,0,1,0,1,9,8,1,18,8,10,3,1,2,7,4,3,0,0,0
57324805,78,47,31,4,22,5,12,7,1,3,1,2,5,6,6,0,1,0,1,29,21,8,34,18,16,2,2,0,10,4,6,2,2,0
57324806,92,50,42,4,27,5,9,5,4,3,0,11,9,6,6,0,6,3,3,33,19,14,32,18,14,3,1,2,15,7,8,3,2,1
57324807,113,60,53,1,44,7,17,8,5,2,2,8,6,6,5,1,1,0,1,38,27,11,44,22,22,2,1,1,25,9,16,3,1,2
57324808,27,16,11,0,9,2,5,6,0,1,0,0,2,0,1,0,1,0,1,13,9,4,10,6,4,0,0,0,3,1,2,0,0,0
57324809,39,21,18,2,14,2,4,1,1,0,0,5,0,6,1,0,2,1,1,12,6,6,15,9,6,4,2,2,6,3,3,0,0,0
57324810,137,77,60,2,54,14,17,6,4,3,1,10,7,8,7,2,1,0,1,47,34,13,62,30,32,8,4,4,16,6,10,3,3,0
57324811,33,17,16,1,11,3,5,1,3,0,0,3,2,2,1,1,0,0,0,11,7,4,16,7,9,1,0,1,4,2,2,1,1,0
57324813,63,36,27,9,16,8,8,7,1,1,0,2,3,2,4,0,6,4,2,21,11,10,26,15,11,2,1,1,7,4,3,1,1,0
57324814,167,101,66,7,59,13,27,10,6,3,2,7,10,9,12,0,6,5,1,75,52,23,64,32,32,1,1,0,14,8,6,7,3,4
57324815,17,9,8,0,4,3,1,0,2,0,1,3,0,1,0,0,0,0,0,5,3,2,6,4,2,1,0,1,5,2,3,0,0,0
57324816,727,421,306,14,279,55,98,53,25,13,2,44,21,54,36,3,51,34,17,295,180,115,231,128,103,8,4,4,102,45,57,40,30,10
57324817,128,69,59,2,49,5,24,6,2,3,0,6,4,11,11,0,4,1,3,52,37,15,50,24,26,4,0,4,16,6,10,2,1,1
57324818,667,376,291,15,231,30,94,42,13,17,13,43,27,57,56,4,19,13,6,219,154,65,263,118,145,10,4,6,137,73,64,19,14,5
57324819,983,527,456,14,415,48,125,69,27,15,11,61,33,68,65,2,41,26,15,382,232,150,363,171,192,26,12,14,137,65,72,34,21,13
57324820,202,117,85,4,65,12,34,11,7,6,0,17,11,16,13,1,4,4,0,85,56,29,74,39,35,3,3,0,32,13,19,4,2,2
57324821,324,176,148,2,114,34,35,18,7,9,4,23,8,35,23,1,10,7,3,87,58,29,123,58,65,10,2,8,83,45,38,11,6,5
57324822,108,55,53,2,28,7,23,7,1,4,1,6,12,6,7,1,4,3,1,36,20,16,41,20,21,2,1,1,20,8,12,5,3,2
57324823,65,35,30,0,36,3,9,3,1,0,0,0,3,1,1,2,8,7,1,32,14,18,16,9,7,2,1,1,5,3,2,2,1,1
54918501,42,19,23,3,14,0,8,0,1,0,1,4,4,5,1,0,3,0,3,14,9,5,16,6,10,1,1,0,7,3,4,1,0,1
54891001,70,33,37,0,39,3,4,8,1,0,0,5,4,4,2,0,1,0,1,21,11,10,28,13,15,4,2,2,11,6,5,5,1,4
57326401,113,66,47,7,53,7,10,12,2,1,1,7,3,5,5,0,3,2,1,51,37,14,35,13,22,3,1,2,18,11,7,3,2,1
57327201,40,21,19,2,15,2,5,2,2,0,2,0,5,2,3,0,4,1,3,12,9,3,16,5,11,0,0,0,3,2,1,5,4,1
57327202,9,7,2,1,4,0,3,1,0,0,0,0,0,0,0,0,1,1,0,4,4,0,3,1,2,0,0,0,0,0,0,1,1,0
57327203,15,12,3,1,7,0,1,4,0,1,0,0,0,0,1,0,0,0,0,10,8,2,4,4,0,0,0,0,1,0,1,0,0,0
57327204,548,301,247,42,186,31,68,46,25,8,4,37,19,37,26,3,28,15,13,229,136,93,193,97,96,10,5,5,65,38,27,23,10,13
57328101,39,25,14,6,12,1,5,5,3,0,1,1,2,2,1,0,0,0,0,16,14,2,19,9,10,1,0,1,2,2,0,1,0,1
57329901,88,52,36,8,28,5,13,6,4,4,1,7,0,4,6,0,3,2,1,35,26,9,34,17,17,1,1,0,10,3,7,5,3,2
57329902,24,15,9,2,6,2,1,2,1,0,0,3,0,3,1,1,0,0,0,6,5,1,6,3,3,1,1,0,8,4,4,3,2,1
57329904,16,10,6,4,4,1,2,0,1,0,0,1,0,0,1,0,0,0,0,6,3,3,6,4,2,1,0,1,2,2,0,1,1,0
57329905,28,15,13,7,10,1,2,1,1,0,0,1,1,3,1,0,2,1,1,13,8,5,9,4,5,0,0,0,3,1,2,1,1,0
57329906,318,177,141,7,116,30,38,13,9,3,3,21,17,26,20,2,11,7,4,133,84,49,96,40,56,3,0,3,57,32,25,18,14,4
57329908,62,34,28,6,22,6,9,1,2,0,0,3,2,5,6,0,1,1,0,27,16,11,25,13,12,0,0,0,6,2,4,3,2,1
57329909,25,14,11,5,11,2,0,2,0,0,1,0,3,1,0,0,1,0,1,13,8,5,9,5,4,0,0,0,1,0,1,1,1,0
57329910,34,21,13,5,14,3,1,3,1,1,0,2,1,0,1,0,1,1,0,20,13,7,8,4,4,0,0,0,4,3,1,1,0,1
54887101,23,13,10,5,7,1,4,1,0,0,0,1,0,1,3,0,0,0,0,12,8,4,7,4,3,0,0,0,2,0,2,2,1,1
57331101,112,61,51,15,27,5,22,10,2,1,1,6,6,10,6,0,4,3,1,48,34,14,37,15,22,1,0,1,18,6,12,4,3,1
57331102,170,95,75,14,47,14,16,14,4,4,2,9,18,13,9,2,5,2,3,60,40,20,74,35,39,4,1,3,16,9,7,11,8,3
57332902,42,21,21,4,7,1,11,4,1,0,0,5,2,2,4,0,1,1,0,21,13,8,14,6,8,1,0,1,4,1,3,1,0,1
57332903,84,48,36,4,38,7,8,6,4,1,1,3,3,4,4,0,6,5,1,35,22,13,19,9,10,3,1,2,18,9,9,3,2,1
57332905,47,26,21,3,23,4,2,4,3,0,0,4,4,0,0,0,0,0,0,24,13,11,13,7,6,1,1,0,7,4,3,2,1,1
57332906,55,31,24,2,18,3,4,4,3,2,1,6,3,6,3,0,1,1,0,19,13,6,22,10,12,0,0,0,10,6,4,3,1,2
57332907,20,11,9,3,7,1,1,2,0,0,0,1,1,1,2,0,2,0,2,7,5,2,7,4,3,0,0,0,3,1,2,1,1,0
57334501,16,8,8,0,3,1,0,2,0,0,0,2,7,0,1,0,1,0,1,3,2,1,9,5,4,0,0,0,3,1,2,0,0,0
57334502,122,70,52,12,47,8,5,2,7,1,3,10,10,6,6,0,3,1,2,40,29,11,50,24,26,4,2,2,17,7,10,8,7,1
57337002,123,67,56,27,39,7,10,3,4,3,1,6,5,8,6,2,5,2,3,45,33,12,60,25,35,1,1,0,9,4,5,3,2,1
57337003,41,27,14,1,13,4,3,3,3,1,0,3,4,0,1,0,1,0,1,22,15,7,12,9,3,0,0,0,4,2,2,2,1,1
57337004,20,12,8,3,9,2,3,1,0,0,0,1,1,0,0,0,1,1,0,10,6,4,2,0,2,0,0,0,3,3,0,4,2,2
57337005,14,8,6,0,9,1,0,1,1,0,0,0,1,0,1,0,0,0,0,6,4,2,2,0,2,0,0,0,3,2,1,3,2,1
54927401,51,31,20,9,10,4,9,3,1,1,1,4,2,4,3,0,4,2,2,19,13,6,18,11,7,0,0,0,7,3,4,3,2,1
57322101,163,91,72,17,54,9,13,7,3,3,0,10,15,13,14,2,7,4,3,76,46,30,44,23,21,4,2,2,27,15,12,5,1,4
54889801,37,22,15,3,18,3,0,2,2,1,0,3,1,0,2,0,3,1,2,14,11,3,13,7,6,1,0,1,4,2,2,2,1,1
54889802,25,13,12,0,9,0,2,4,5,0,0,3,0,1,0,1,2,1,1,12,5,7,9,5,4,0,0,0,0,0,0,2,2,0
57344201,20,11,9,1,7,0,2,1,0,0,1,1,2,1,3,0,0,0,0,7,4,3,10,5,5,0,0,0,2,1,1,1,1,0
57344203,12,4,8,0,3,0,4,0,0,0,0,0,0,4,1,0,0,0,0,6,2,4,2,1,1,0,0,0,3,1,2,1,0,1
57344205,14,11,3,0,4,2,4,0,1,0,0,1,0,1,0,0,1,1,0,8,7,1,3,1,2,0,0,0,0,0,0,2,2,0
57344206,10,6,4,1,3,2,1,2,0,0,0,1,0,0,0,0,1,1,0,3,3,0,3,0,3,0,0,0,2,1,1,1,1,0
57344207,75,44,31,7,30,4,6,4,3,0,0,5,4,5,6,0,3,1,2,28,20,8,33,19,14,0,0,0,9,3,6,2,1,1
57345101,30,18,12,3,10,3,1,1,0,0,0,4,0,2,6,0,2,0,2,15,10,5,3,2,1,1,1,0,8,4,4,1,1,0
57345102,80,46,34,9,26,12,5,8,1,2,2,3,1,0,6,3,13,7,6,39,26,13,17,6,11,0,0,0,6,4,2,5,3,2
57345103,12,9,3,2,5,1,1,0,1,0,0,0,1,1,0,0,1,0,1,5,4,1,3,2,1,0,0,0,2,2,0,1,1,0
54896101,55,32,23,7,22,2,6,4,2,1,1,2,2,1,1,1,2,1,1,25,16,9,13,6,7,1,1,0,13,8,5,1,0,1
57214401,50,30,20,6,15,2,5,4,0,1,1,4,0,8,3,1,0,0,0,22,17,5,21,9,12,1,1,0,5,3,2,1,0,1
57346901,36,19,17,2,14,0,1,1,2,1,0,1,3,5,5,1,1,1,0,14,9,5,11,5,6,0,0,0,10,4,6,0,0,0
57346902,39,18,21,4,9,1,9,3,2,0,0,1,3,2,4,0,3,2,1,20,12,8,13,2,11,1,0,1,1,1,0,1,1,0
57346903,169,93,76,24,56,12,21,15,4,4,1,4,7,5,12,0,5,4,1,75,50,25,45,18,27,6,3,3,26,11,15,12,7,5
57218701,59,31,28,3,25,2,4,6,2,0,0,7,2,4,2,0,3,0,3,28,19,9,20,7,13,0,0,0,6,3,3,2,2,0
57347701,148,91,57,27,42,7,18,8,2,1,2,10,15,7,5,1,8,5,3,54,36,18,50,30,20,4,2,2,23,11,12,9,7,2
57336101,53,32,21,5,18,2,3,4,4,1,1,9,1,0,2,0,1,1,0,24,16,8,16,8,8,0,0,0,7,4,3,5,3,2
0646372,0,0,0,0,0,0,0,0,0,0,0,0,0,0,0,0,0,0,0,0,0,0,0,0,0,0,0,0,0,0,0,0,0,0
57349301,24,13,11,1,11,1,2,1,3,1,0,0,1,1,1,0,1,1,0,11,6,5,10,5,5,0,0,0,0,0,0,2,1,1
57349303,28,18,10,5,9,1,0,1,0,1,1,3,2,3,0,0,0,0,0,6,5,1,12,8,4,1,1,0,9,4,5,0,0,0
57349304,11,6,5,5,0,0,1,1,0,1,1,1,0,1,0,0,0,0,0,1,0,1,7,5,2,0,0,0,3,1,2,0,0,0
57349305,982,528,454,58,387,33,103,57,45,18,13,73,39,63,57,5,57,32,25,337,215,122,382,182,200,7,0,7,151,70,81,48,29,19
57349306,32,20,12,5,13,3,2,4,0,1,0,3,0,0,1,0,0,0,0,14,11,3,12,8,4,0,0,0,6,1,5,0,0,0
57349307,37,19,18,3,16,3,5,0,1,0,1,4,2,0,2,0,0,0,0,13,7,6,13,7,6,1,0,1,10,5,5,0,0,0
57349308,11,7,4,1,5,1,1,2,0,0,0,1,0,0,0,0,0,0,0,4,3,1,4,3,1,0,0,0,3,1,2,0,0,0
57349309,18,11,7,1,8,0,2,0,1,0,0,1,0,2,2,1,0,0,0,7,4,3,7,6,1,0,0,0,4,1,3,0,0,0
57350701,67,38,29,9,28,4,11,3,1,0,2,0,1,1,3,0,1,0,1,41,25,16,19,10,9,1,0,1,4,2,2,1,1,0
57350702,16,10,6,3,6,1,1,1,1,0,0,0,1,0,2,0,0,0,0,7,5,2,6,4,2,0,0,0,3,1,2,0,0,0
57350703,25,16,9,1,10,0,3,3,3,0,0,0,1,3,1,0,2,1,1,13,10,3,7,3,4,1,1,0,2,1,1,0,0,0
57350704,73,43,30,2,29,4,10,4,2,1,0,5,4,3,8,0,0,0,0,37,27,10,21,8,13,2,1,1,12,7,5,1,0,1
57350705,81,47,34,3,30,5,7,11,2,0,0,7,4,4,5,0,2,0,2,35,26,9,33,14,19,0,0,0,7,5,2,4,2,2
57350706,692,396,296,25,254,48,79,54,26,8,7,39,33,51,39,7,54,29,25,252,175,77,252,128,124,14,7,7,80,32,48,40,25,15
57350707,13,6,7,0,6,0,2,1,0,0,0,0,2,1,0,0,0,0,0,6,3,3,2,1,1,1,0,1,3,1,2,1,1,0
53073501,86,49,37,3,37,0,12,5,4,3,3,6,5,5,2,0,3,2,1,24,15,9,41,24,17,1,0,1,15,7,8,2,1,1
53073502,9,5,4,0,3,0,1,0,1,0,1,0,1,0,0,1,1,1,0,6,3,3,2,1,1,0,0,0,0,0,0,0,0,0
54909601,173,96,77,10,56,10,25,19,4,0,5,8,12,8,12,1,21,11,10,75,48,27,55,24,31,2,0,2,17,11,6,3,2,1
57352301,113,68,45,19,47,7,13,5,2,0,0,4,7,2,5,1,12,5,7,58,38,20,33,17,16,1,1,0,3,2,1,6,5,1
57354001,26,14,12,3,12,0,1,3,0,0,0,1,4,0,2,0,1,0,1,12,7,5,10,4,6,0,0,0,2,2,0,1,1,0
57354002,31,19,12,4,8,2,3,1,1,1,0,1,5,1,3,0,1,0,1,11,9,2,16,8,8,0,0,0,2,1,1,1,1,0
57354003,79,44,35,8,30,8,12,6,3,0,2,3,6,1,0,0,6,4,2,43,25,18,23,13,10,1,0,1,4,2,2,2,0,2
57354004,17,11,6,4,7,3,1,0,0,1,0,1,0,0,0,0,3,1,2,8,6,2,1,1,0,0,0,0,5,3,2,0,0,0
54888002,107,62,45,15,30,5,18,7,1,1,3,3,4,11,4,4,2,1,1,45,29,16,38,21,17,2,2,0,16,6,10,4,3,1
57330201,40,26,14,2,16,4,7,2,2,0,0,1,0,3,1,0,0,0,0,21,13,8,12,8,4,2,2,0,4,2,2,1,1,0
57325602,77,44,33,5,22,6,8,6,2,1,3,8,6,2,7,1,2,2,0,24,14,10,27,14,13,2,1,1,19,10,9,3,3,0
57325603,8,4,4,1,5,0,1,0,0,0,0,1,0,0,0,0,0,0,0,2,2,0,5,1,4,0,0,0,1,1,0,0,0,0
57275601,29,19,10,4,9,2,1,0,0,2,1,1,2,3,3,0,0,0,0,8,6,2,15,11,4,1,0,1,5,2,3,0,0,0
57275602,27,16,11,1,10,4,0,1,5,0,0,1,1,2,1,0,2,2,0,14,8,6,7,2,5,0,0,0,1,1,0,3,3,0
57275603,29,17,12,3,11,2,0,3,3,0,1,3,0,2,1,0,2,2,0,11,7,4,9,4,5,1,0,1,4,2,2,2,2,0
57361201,17,7,10,4,5,1,3,1,1,0,0,0,0,0,1,0,2,0,2,7,5,2,5,1,4,1,0,1,2,1,1,0,0,0
57361202,90,52,38,8,31,11,6,3,2,1,2,5,4,8,7,0,2,1,1,45,30,15,29,13,16,1,0,1,7,4,3,6,4,2
57361203,14,9,5,2,3,0,2,6,0,0,0,0,1,0,0,0,2,0,2,6,5,1,1,0,1,1,0,1,3,3,0,1,1,0
57363901,159,92,67,18,50,10,23,17,2,2,0,3,9,5,12,0,5,4,1,90,55,35,44,24,20,1,0,1,11,3,8,8,6,2
57364701,66,33,33,1,23,4,15,4,2,1,0,3,7,2,2,0,5,1,4,28,15,13,25,13,12,2,1,1,1,0,1,5,3,2
57365501,12,8,4,0,3,1,0,3,1,1,0,0,0,0,1,1,0,0,0,4,4,0,3,2,1,1,0,1,3,1,2,1,1,0
57365503,52,29,23,4,18,5,10,1,0,2,0,0,2,3,5,1,1,0,1,12,9,3,25,12,13,1,0,1,9,6,3,4,2,2
57365504,10,8,2,3,2,0,3,0,0,0,0,0,1,0,1,0,0,0,0,3,2,1,7,6,1,0,0,0,0,0,0,0,0,0
57365505,93,55,38,10,38,8,9,5,2,1,0,3,3,5,6,2,2,2,0,40,30,10,29,9,20,1,0,1,12,10,2,9,4,5
57365506,48,26,22,13,13,2,6,3,0,1,3,3,1,2,1,0,4,1,3,20,14,6,13,7,6,1,0,1,8,4,4,2,0,2
57366301,35,20,15,4,5,1,3,5,0,0,0,1,4,4,3,0,0,0,0,15,8,7,11,8,3,0,0,0,6,3,3,3,1,2
57366302,11,8,3,1,5,1,1,0,1,0,0,1,1,0,0,0,0,0,0,6,5,1,4,2,2,0,0,0,0,0,0,1,1,0
57366303,64,34,30,9,22,6,5,6,2,1,0,4,2,2,4,0,8,4,4,31,18,13,15,10,5,2,0,2,7,1,6,1,1,0
57366304,20,10,10,1,11,0,5,0,0,0,0,1,0,0,1,0,6,3,3,6,3,3,4,1,3,0,0,0,0,0,0,4,3,1
57367101,23,12,11,3,3,1,7,1,1,3,1,0,0,2,0,0,2,0,2,9,6,3,9,5,4,0,0,0,3,1,2,0,0,0
57367102,21,10,11,2,7,0,2,0,0,0,0,0,2,4,4,0,2,2,0,5,3,2,4,1,3,1,0,1,6,2,4,3,2,1
57367103,18,6,12,5,6,0,3,0,1,0,0,1,1,0,1,0,3,2,1,7,2,5,6,2,4,1,0,1,1,0,1,0,0,0
57368001,12,6,6,1,3,1,0,0,0,0,0,3,2,0,2,0,0,0,0,2,2,0,3,2,1,0,0,0,7,2,5,0,0,0
57368002,36,20,16,6,16,3,1,1,0,0,1,3,1,2,0,0,5,3,2,10,6,4,16,10,6,0,0,0,3,1,2,2,0,2
57368003,46,25,21,2,22,2,7,0,2,1,1,2,2,1,2,1,2,2,0,24,16,8,13,4,9,0,0,0,5,2,3,2,1,1
57368004,62,36,26,14,18,3,11,2,1,0,0,2,4,4,1,0,3,1,2,25,16,9,21,12,9,1,0,1,8,4,4,4,3,1
57369801,16,8,8,1,4,0,1,1,0,1,0,2,3,1,1,0,3,2,1,4,4,0,7,2,5,1,0,1,1,0,1,0,0,0
57369802,147,83,64,12,49,8,21,14,2,0,1,11,11,5,6,2,8,4,4,55,36,19,58,30,28,2,0,2,17,9,8,7,4,3
57370101,1084,776,308,14,428,37,68,28,27,10,12,45,288,44,56,8,171,160,11,387,306,81,370,227,143,18,7,11,118,63,55,20,13,7
57372801,82,43,39,3,26,2,10,6,3,1,2,3,6,9,9,0,2,2,0,27,20,7,33,10,23,1,0,1,16,10,6,3,1,2
57372802,29,20,9,5,8,4,3,2,0,0,0,0,3,1,2,0,0,0,0,9,8,1,15,9,6,0,0,0,4,2,2,1,1,0
57373601,26,13,13,1,8,2,6,1,1,0,0,2,1,2,1,0,1,0,1,10,6,4,12,6,6,0,0,0,3,1,2,0,0,0
57373602,142,85,57,5,62,13,17,12,2,6,2,8,6,3,4,0,8,5,3,60,42,18,53,25,28,2,1,1,17,10,7,2,2,0
57375201,10,5,5,0,3,1,2,0,0,0,0,1,1,0,2,0,0,0,0,3,2,1,3,2,1,0,0,0,2,1,1,2,0,2
57375202,138,78,60,14,44,8,15,9,2,4,0,11,8,9,9,0,7,3,4,63,38,25,37,21,16,2,0,2,21,11,10,8,5,3
57375203,24,15,9,0,9,3,1,0,0,1,0,3,4,1,2,0,0,0,0,12,8,4,7,4,3,1,0,1,4,3,1,0,0,0
57376101,105,60,45,24,39,8,5,6,2,1,1,4,2,7,5,0,7,6,1,47,29,18,39,16,23,2,0,2,3,2,1,7,7,0
57212801,16,10,6,2,5,1,1,3,2,0,0,1,0,1,0,0,1,1,0,8,6,2,7,3,4,0,0,0,0,0,0,0,0,0
57212802,59,35,24,8,26,5,4,5,0,0,0,2,3,3,3,0,4,2,2,25,17,8,20,12,8,2,0,2,6,3,3,2,1,1
57379501,99,56,43,18,36,4,7,6,4,2,0,3,7,6,1,1,17,8,9,42,27,15,19,8,11,3,1,2,5,2,3,13,10,3
54902901,54,32,22,7,17,5,6,0,2,0,0,1,4,1,11,0,0,0,0,25,16,9,23,13,10,2,1,1,4,2,2,0,0,0
57380901,34,23,11,8,8,6,3,3,2,1,0,1,0,1,0,1,5,5,0,18,10,8,8,5,3,0,0,0,2,2,0,1,1,0
57380902,275,167,108,43,98,22,21,16,6,3,2,17,14,15,9,4,33,19,14,131,91,40,62,30,32,2,1,1,31,15,16,16,11,5
57380903,66,38,28,4,29,7,4,4,1,0,0,6,2,5,4,0,8,4,4,32,24,8,13,4,9,1,0,1,5,2,3,7,4,3
54919302,53,26,27,0,8,7,6,2,7,0,2,6,6,5,3,0,2,1,1,13,8,5,24,10,14,0,0,0,12,7,5,2,0,2
54919304,13,8,5,0,4,0,3,1,2,1,0,1,0,0,1,0,2,2,0,6,4,2,5,2,3,0,0,0,0,0,0,0,0,0
57318302,19,11,8,2,10,0,0,2,1,0,0,0,0,3,1,0,2,1,1,11,7,4,1,1,0,0,0,0,3,0,3,2,2,0
57318303,56,33,23,11,18,0,5,6,1,1,1,1,2,3,7,0,1,0,1,33,23,10,14,6,8,1,0,1,3,2,1,4,2,2
57382502,38,21,17,5,12,0,4,2,0,0,1,4,1,4,4,0,1,0,1,10,7,3,19,12,7,0,0,0,7,2,5,1,0,1
57382503,9,8,1,2,4,0,1,1,0,0,0,0,1,0,0,0,1,1,0,3,3,0,2,2,0,0,0,0,2,1,1,1,1,0
57382504,13,9,4,1,4,3,2,0,2,0,0,1,0,0,0,0,1,1,0,5,4,1,6,3,3,0,0,0,1,1,0,0,0,0
57382505,18,11,7,1,2,1,0,3,0,1,1,6,1,2,0,0,1,1,0,4,4,0,8,3,5,1,0,1,4,3,1,0,0,0
57382506,555,304,251,28,176,27,66,43,17,7,5,31,43,40,48,7,29,15,14,181,118,63,216,103,113,9,3,6,97,49,48,23,16,7
57382507,7,5,2,2,0,2,2,0,0,0,0,0,1,0,0,0,0,0,0,5,4,1,2,1,1,0,0,0,0,0,0,0,0,0
57383302,20,12,8,5,6,0,5,2,0,0,0,2,0,0,0,0,0,0,0,13,9,4,6,2,4,0,0,0,1,1,0,0,0,0
57383304,92,54,38,12,36,3,11,4,2,2,0,6,5,2,8,0,9,5,4,47,28,19,23,13,10,3,1,2,8,5,3,2,2,0
57384101,48,29,19,5,21,3,3,4,1,1,0,3,2,3,1,0,2,2,0,26,18,8,15,7,8,0,0,0,2,0,2,3,2,1
57385001,102,51,51,18,23,7,6,13,2,2,1,6,7,12,5,0,6,4,2,40,24,16,38,14,24,0,0,0,13,7,6,5,2,3
54778601,63,37,26,7,8,10,1,2,18,1,0,6,1,2,4,0,2,0,2,22,15,7,28,16,12,0,0,0,11,6,5,0,0,0
54778602,170,86,84,9,91,7,13,5,7,1,0,15,4,5,6,1,12,6,6,70,34,36,48,29,19,0,0,0,20,6,14,20,11,9
57388401,295,171,124,15,136,21,22,17,8,2,4,15,12,19,17,1,13,5,8,114,77,37,105,59,46,8,3,5,37,16,21,18,11,7
0064750,0,0,0,0,0,0,0,0,0,0,0,0,0,0,0,0,0,0,0,0,0,0,0,0,0,0,0,0,0,0,0,0,0,0
57389201,498,275,223,44,201,37,39,23,10,3,2,38,34,31,20,0,29,15,14,195,125,70,178,85,93,9,1,8,67,35,32,20,14,6
57390601,111,60,51,4,38,8,13,3,2,2,0,9,10,9,7,0,5,1,4,37,24,13,47,22,25,3,2,1,15,8,7,4,3,1
57391401,160,84,76,14,43,15,18,6,12,3,1,7,12,13,12,1,19,10,9,65,39,26,53,22,31,1,1,0,16,7,9,6,5,1
57392201,475,249,226,19,159,46,59,31,13,2,3,36,26,27,35,7,51,24,27,227,135,92,119,60,59,5,0,5,45,13,32,28,17,11
57392202,66,37,29,2,29,0,4,4,5,0,0,3,2,6,9,0,3,1,2,25,18,7,25,11,14,0,0,0,9,4,5,4,3,1
57392204,17,11,6,1,9,2,1,0,0,0,0,0,0,3,0,0,1,1,0,7,4,3,3,3,0,0,0,0,1,1,0,5,2,3
57392205,473,238,235,14,171,20,59,27,13,5,13,24,25,36,41,5,25,9,16,177,104,73,166,75,91,5,1,4,84,40,44,16,9,7
57392206,29,19,10,1,10,5,5,2,0,0,0,0,1,3,0,0,2,1,1,12,8,4,9,7,2,0,0,0,3,1,2,3,2,1
57392207,13,8,5,1,2,1,3,2,3,0,0,1,0,0,0,0,2,0,2,6,4,2,2,2,0,0,0,0,1,1,0,2,1,1
57392208,225,127,98,2,105,6,24,18,9,4,2,7,10,11,18,1,11,4,7,102,62,40,81,42,39,3,2,1,16,7,9,12,10,2
57392210,269,154,115,5,114,25,22,13,10,3,3,20,8,14,17,9,29,16,13,139,88,51,61,29,32,2,1,1,14,5,9,24,15,9
57392211,101,57,44,5,38,7,10,3,4,1,0,9,3,4,7,4,18,8,10,47,33,14,21,10,11,1,0,1,3,1,2,11,5,6
57392212,50,30,20,4,19,6,2,3,2,1,0,4,3,2,2,1,6,4,2,31,21,10,7,5,2,1,0,1,4,0,4,1,0,1
57392214,82,45,37,19,32,5,4,4,2,0,0,2,4,0,6,0,2,0,2,52,32,20,22,10,12,0,0,0,0,0,0,6,3,3
57392215,481,273,208,10,180,28,67,18,31,7,4,28,22,34,28,4,45,23,22,206,125,81,133,70,63,5,1,4,45,22,23,47,32,15
57392216,527,257,270,8,179,30,57,25,16,10,8,17,44,63,55,1,20,10,10,183,101,82,210,99,111,8,4,4,89,35,54,17,8,9
57392217,85,44,41,2,29,3,11,7,4,1,2,4,8,9,4,0,3,1,2,30,18,12,31,16,15,1,1,0,19,8,11,1,0,1
57392218,172,90,82,5,73,14,15,6,9,1,2,9,8,9,15,3,26,11,15,74,40,34,41,18,23,4,2,2,13,8,5,14,11,3
0134710,0,0,0,0,0,0,0,0,0,0,0,0,0,0,0,0,0,0,0,0,0,0,0,0,0,0,0,0,0,0,0,0,0,0
57393102,82,49,33,12,25,4,9,3,0,2,1,2,6,9,5,1,2,2,0,30,17,13,28,21,7,3,0,3,14,6,8,5,3,2
57393104,39,24,15,9,10,7,2,1,0,1,0,2,3,2,1,0,1,1,0,16,8,8,14,9,5,1,1,0,7,5,2,0,0,0
54775101,166,99,67,5,73,17,15,14,3,1,1,6,5,8,10,1,6,3,3,75,46,29,57,36,21,2,1,1,21,8,13,5,5,0
57395701,228,123,105,14,66,14,39,15,5,2,7,9,18,14,17,2,11,6,5,73,50,23,106,50,56,1,0,1,29,10,19,8,7,1
50509901,92,48,44,6,38,6,6,1,2,4,1,3,5,9,10,0,3,1,2,42,25,17,30,15,15,3,0,3,14,7,7,0,0,0
57396501,92,52,40,3,46,6,10,2,4,1,0,1,5,4,7,1,1,0,1,36,20,16,36,20,16,1,1,0,18,11,7,0,0,0
57396502,2382,1301,1081,33,953,150,289,126,60,54,30,125,119,159,190,10,120,65,55,824,506,318,923,457,466,52,22,30,362,182,180,101,69,32
57396503,326,189,137,12,135,23,28,14,12,8,7,15,19,18,25,2,12,7,5,126,89,37,139,73,66,6,2,4,35,13,22,8,5,3
57396504,545,280,265,10,205,27,64,36,16,14,11,35,28,45,37,2,24,9,15,168,105,63,227,110,117,7,3,4,102,44,58,17,9,8
57396505,49,25,24,1,17,5,6,0,2,1,3,2,1,4,4,2,5,1,4,14,9,5,24,12,12,2,0,2,2,2,0,2,1,1
57396506,21,13,8,1,9,1,2,0,0,1,0,1,1,2,3,0,0,0,0,10,7,3,10,5,5,0,0,0,1,1,0,0,0,0
57396507,86,44,42,1,30,2,7,4,4,2,2,11,6,4,10,0,4,2,2,27,15,12,34,19,15,2,1,1,18,6,12,1,1,0
57396508,20,12,8,2,7,1,3,0,1,0,0,0,2,1,1,0,0,0,0,5,4,1,8,4,4,0,0,0,5,3,2,2,1,1
57396509,257,147,110,22,93,22,33,14,4,4,2,13,8,19,15,0,7,4,3,93,58,35,99,55,44,5,2,3,41,19,22,12,9,3
57396510,30,16,14,1,9,2,3,1,2,2,0,4,0,0,6,0,1,0,1,10,8,2,11,3,8,1,1,0,5,3,2,2,1,1
57397301,232,135,97,9,89,13,24,6,4,4,5,12,17,21,22,3,5,2,3,77,54,23,97,49,48,3,1,2,42,23,19,8,6,2
57398101,78,45,33,6,35,4,2,3,4,1,2,3,7,5,4,0,5,4,1,28,17,11,24,13,11,3,1,2,14,7,7,4,3,1
57398102,21,10,11,4,6,0,1,1,2,0,0,0,1,2,4,0,0,0,0,10,6,4,8,3,5,1,0,1,1,0,1,1,1,0
57398104,38,27,11,4,17,3,4,1,1,1,0,2,3,0,2,0,5,4,1,19,13,6,9,7,2,0,0,0,2,1,1,3,2,1
57399001,171,87,84,8,55,9,23,3,5,5,7,9,14,16,13,1,5,1,4,51,29,22,70,37,33,1,0,1,41,19,22,3,1,2
57399002,1464,761,703,70,569,67,157,67,50,28,21,110,69,74,122,8,91,42,49,566,320,246,501,251,250,26,11,15,210,92,118,70,45,25
57399003,23,16,7,0,13,3,2,1,2,0,0,0,2,0,0,0,3,3,0,10,8,2,8,3,5,0,0,0,2,2,0,0,0,0
57399004,466,246,220,33,168,23,54,25,16,3,5,34,25,28,34,4,27,15,12,151,102,49,190,84,106,6,3,3,67,29,38,25,13,12
57399006,41,20,21,3,17,1,2,3,0,0,1,1,4,3,5,0,2,1,1,15,9,6,15,6,9,0,0,0,9,4,5,0,0,0
57399007,108,53,55,18,26,9,7,7,5,2,2,13,7,3,8,1,5,3,2,41,24,17,44,18,26,0,0,0,14,7,7,4,1,3
57399008,92,55,37,5,25,2,9,6,6,1,4,10,3,6,11,1,5,2,3,35,25,10,35,19,16,1,1,0,13,6,7,3,2,1
57401501,86,48,38,8,27,2,12,5,1,1,2,8,5,10,2,1,3,3,0,32,20,12,27,15,12,0,0,0,22,9,13,2,1,1
57401502,107,61,46,24,19,3,15,7,3,1,1,10,10,8,3,0,3,3,0,37,25,12,39,19,20,2,0,2,25,13,12,1,1,0
57401503,34,21,13,2,11,6,4,0,1,1,2,1,3,2,1,0,3,0,3,15,11,4,11,8,3,1,0,1,3,1,2,1,1,0
57401504,15,10,5,4,6,1,0,0,0,1,0,0,0,0,2,0,0,0,0,5,3,2,7,6,1,1,0,1,2,1,1,0,0,0
57401505,79,44,35,18,24,5,8,2,0,0,1,3,4,3,8,1,9,6,3,31,20,11,30,13,17,1,0,1,6,3,3,2,2,0
57402301,376,207,169,15,129,28,52,11,15,8,7,29,27,26,18,1,16,9,7,127,80,47,160,76,84,8,3,5,48,27,21,17,12,5
57403101,282,149,133,15,125,15,22,14,10,2,1,12,14,19,27,1,11,5,6,120,77,43,88,38,50,3,1,2,41,19,22,19,9,10
57404001,28,16,12,2,7,1,3,3,0,0,1,3,4,1,2,0,1,1,0,10,5,5,12,9,3,2,0,2,3,1,2,0,0,0
57404002,54,28,26,2,22,4,10,2,3,0,0,4,1,1,5,0,4,3,1,28,16,12,13,5,8,2,1,1,6,2,4,1,1,0
57404003,59,37,22,4,29,2,6,1,2,0,0,3,6,0,5,0,3,1,2,22,17,5,25,13,12,2,2,0,5,2,3,2,2,0
57404004,33,18,15,2,17,1,1,3,0,0,0,3,0,4,2,0,4,1,3,13,10,3,7,2,5,0,0,0,7,3,4,2,2,0
0386012,0,0,0,0,0,0,0,0,0,0,0,0,0,0,0,0,0,0,0,0,0,0,0,0,0,0,0,0,0,0,0,0,0,0
57405801,27,13,14,1,13,0,3,0,1,0,0,1,3,2,2,0,0,0,0,12,8,4,11,5,6,1,0,1,3,0,3,0,0,0
57405802,204,115,89,16,78,17,28,5,4,2,4,16,8,9,8,3,22,10,12,109,72,37,47,21,26,1,0,1,16,5,11,9,7,2
57405803,12,6,6,0,4,1,0,0,1,2,0,0,0,3,1,0,0,0,0,5,5,0,5,1,4,0,0,0,2,0,2,0,0,0
57406601,14,8,6,0,7,1,2,0,1,0,0,1,0,0,2,0,2,2,0,6,2,4,4,3,1,1,0,1,0,0,0,1,1,0
57406602,197,110,87,9,86,16,22,6,5,1,3,10,16,3,16,0,6,3,3,79,54,25,76,37,39,4,2,2,24,8,16,8,6,2
57406603,37,20,17,4,9,3,5,4,0,0,1,2,1,2,3,0,1,1,0,17,11,6,15,6,9,1,1,0,3,1,2,0,0,0
54753101,66,43,23,4,25,7,10,3,2,1,1,4,4,2,1,0,4,3,1,36,25,11,17,10,7,0,0,0,6,3,3,3,2,1
57407401,214,116,98,20,58,14,37,10,1,2,4,14,11,22,15,0,13,8,5,68,46,22,82,38,44,2,1,1,40,20,20,9,3,6
57407402,41,24,17,3,15,5,3,1,2,2,1,5,0,2,2,0,1,1,0,11,8,3,20,9,11,1,0,1,3,2,1,5,4,1
57407403,12,7,5,3,3,2,0,1,1,0,0,1,0,1,0,0,1,1,0,4,4,0,4,0,4,0,0,0,2,1,1,1,1,0
57407404,37,23,14,3,5,9,3,5,0,2,1,1,4,2,2,0,4,2,2,16,11,5,12,7,5,0,0,0,4,2,2,1,1,0
3123040,0,0,0,0,0,0,0,0,0,0,0,0,0,0,0,0,0,0,0,0,0,0,0,0,0,0,0,0,0,0,0,0,0,0
3382570,0,0,0,0,0,0,0,0,0,0,0,0,0,0,0,0,0,0,0,0,0,0,0,0,0,0,0,0,0,0,0,0,0,0
57408201,902,478,424,16,322,58,109,35,25,14,17,74,49,66,83,3,39,14,25,290,169,121,376,195,181,15,8,7,151,71,80,31,21,10
57408202,88,47,41,3,29,10,11,4,1,0,3,3,5,11,6,0,1,1,0,31,22,9,38,17,21,2,1,1,13,5,8,3,1,2
57408203,373,221,152,8,138,21,44,18,16,7,2,28,16,26,31,5,36,17,19,124,86,38,116,66,50,5,3,2,60,29,31,32,20,12
57408204,385,200,185,6,161,12,48,20,14,4,3,24,16,26,35,1,21,10,11,137,77,60,164,81,83,7,2,5,41,24,17,15,6,9
57408205,14,9,5,4,5,0,0,0,0,1,0,0,1,1,1,0,1,1,0,4,2,2,5,5,0,0,0,0,4,1,3,0,0,0
57408206,445,253,192,15,179,38,42,13,10,4,5,32,19,31,41,4,23,11,12,153,101,52,161,92,69,8,1,7,74,37,37,26,11,15
57408207,12,6,6,0,7,1,0,0,0,1,0,0,1,1,1,0,0,0,0,8,5,3,4,1,3,0,0,0,0,0,0,0,0,0
57408208,21,9,12,0,7,3,2,0,0,1,0,2,1,0,3,0,0,0,0,6,3,3,11,3,8,0,0,0,3,2,1,1,1,0
57408209,322,183,139,18,119,30,27,19,6,6,3,18,16,26,23,2,24,12,12,121,85,36,120,63,57,7,1,6,44,18,26,6,4,2
57408210,79,44,35,2,29,5,10,6,1,0,0,3,4,10,8,0,3,0,3,34,24,10,31,14,17,1,0,1,9,5,4,1,1,0
57408211,136,68,68,9,55,9,11,6,6,1,3,2,5,9,13,1,4,2,2,57,34,23,46,15,31,3,1,2,20,12,8,6,4,2
57408212,28,16,12,0,8,2,1,2,0,1,0,4,3,0,7,0,2,2,0,12,8,4,8,4,4,0,0,0,5,2,3,1,0,1
57416301,85,57,28,8,42,3,10,4,2,1,2,2,3,2,4,2,9,7,2,40,26,14,22,13,9,0,0,0,3,0,3,11,11,0
57411201,189,94,95,12,64,10,24,12,4,5,2,16,5,10,18,1,17,9,8,70,46,24,64,26,38,2,0,2,26,8,18,10,5,5
57411202,13,8,5,0,7,0,1,1,1,0,0,0,0,0,3,0,2,1,1,6,3,3,4,4,0,0,0,0,1,0,1,0,0,0
57411203,15,8,7,0,2,2,2,1,1,0,0,2,0,1,3,0,1,0,1,4,4,0,7,3,4,0,0,0,3,1,2,0,0,0
57411204,76,40,36,3,30,5,18,3,1,0,0,5,3,1,5,0,5,1,4,31,20,11,24,9,15,3,1,2,10,6,4,3,3,0
57411205,13,9,4,2,4,0,2,0,1,0,0,1,0,0,2,0,0,0,0,8,4,4,2,2,0,1,1,0,0,0,0,2,2,0
57411206,61,36,25,6,20,5,9,3,2,1,0,4,1,4,6,0,3,2,1,38,26,12,15,7,8,2,0,2,2,1,1,1,0,1
57411207,23,11,12,1,5,3,2,3,1,0,1,1,0,2,3,0,1,0,1,12,6,6,7,4,3,0,0,0,2,0,2,1,1,0
0574013,0,0,0,0,0,0,0,0,0,0,0,0,0,0,0,0,0,0,0,0,0,0,0,0,0,0,0,0,0,0,0,0,0,0
57412102,56,30,26,2,19,4,6,2,2,0,0,6,2,3,2,0,8,4,4,21,13,8,23,10,13,0,0,0,3,2,1,1,1,0
57412104,899,493,406,28,296,65,100,53,17,17,10,66,57,78,77,5,54,30,24,318,199,119,317,162,155,30,15,15,145,62,83,35,25,10
57412105,560,304,256,10,223,24,58,33,18,10,7,34,50,30,39,0,50,23,27,201,123,78,186,92,94,5,3,2,89,47,42,29,16,13
57412107,131,73,58,1,60,12,9,4,1,1,1,8,6,5,3,0,6,2,4,35,24,11,50,26,24,4,1,3,16,6,10,20,14,6
57412108,1306,711,595,22,452,66,149,70,47,33,25,83,93,100,111,10,94,52,42,407,252,155,477,247,230,29,9,20,237,119,118,62,32,30
57412109,307,181,126,10,92,27,36,14,7,9,7,19,24,26,23,1,11,7,4,128,88,40,114,56,58,5,2,3,43,25,18,6,3,3
57412110,585,309,276,15,204,36,60,26,14,11,7,38,42,49,52,4,36,19,17,188,118,70,200,93,107,15,7,8,129,60,69,17,12,5
57412111,62,33,29,1,23,1,10,2,3,2,1,6,1,3,6,1,6,3,3,25,15,10,13,7,6,0,0,0,16,7,9,2,1,1
57412112,8,3,5,0,5,0,1,1,0,0,1,0,0,0,0,0,2,1,1,3,1,2,3,1,2,0,0,0,0,0,0,0,0,0
57412113,243,125,118,8,88,11,24,8,7,6,1,18,18,14,33,0,19,7,12,88,56,32,80,35,45,5,1,4,47,25,22,4,1,3
57412114,130,70,60,3,41,8,17,10,0,2,3,8,7,19,6,1,4,2,2,33,21,12,55,26,29,5,4,1,33,17,16,0,0,0
57412115,122,70,52,5,42,11,13,2,3,1,1,10,5,10,15,1,7,3,4,51,31,20,37,20,17,4,2,2,15,7,8,8,7,1
57412116,638,365,273,21,225,47,94,29,26,5,8,58,27,33,36,11,102,58,44,248,149,99,176,96,80,11,4,7,51,22,29,50,36,14
57412117,228,130,98,6,73,24,16,13,9,2,6,12,23,9,25,0,15,9,6,59,43,16,93,50,43,4,1,3,45,18,27,12,9,3
57412118,121,64,57,2,37,6,13,9,4,0,1,12,14,9,8,1,6,3,3,51,30,21,38,18,20,3,0,3,20,11,9,3,2,1
57412119,130,70,60,5,40,6,14,11,2,2,2,5,14,15,10,0,6,3,3,44,32,12,46,23,23,1,0,1,29,9,20,4,3,1
57412120,82,47,35,7,27,2,7,4,4,2,1,7,9,5,4,2,6,5,1,33,20,13,21,7,14,1,0,1,15,10,5,6,5,1
57412122,178,109,69,5,54,23,20,9,7,3,0,20,8,6,9,5,25,13,12,51,31,20,46,23,23,3,2,1,14,7,7,39,33,6
57413901,359,194,165,22,132,21,33,13,6,4,3,20,41,36,22,0,25,9,16,144,95,49,113,59,54,4,2,2,64,25,39,9,4,5
57414701,65,41,24,4,30,7,3,1,0,0,1,4,8,2,3,0,3,2,1,29,21,8,25,15,10,0,0,0,6,2,4,2,1,1
57415501,210,132,78,14,98,20,11,16,5,4,0,10,10,9,8,0,14,8,6,107,70,37,65,37,28,1,0,1,9,5,4,14,12,2
57454601,107,60,47,1,31,10,10,8,0,3,6,10,10,5,11,0,4,3,1,36,24,12,45,24,21,1,1,0,21,8,13,0,0,0
57454602,296,157,139,7,88,21,44,17,6,3,13,28,13,19,24,2,14,7,7,83,51,32,132,68,64,3,2,1,55,23,32,9,6,3
57454603,74,39,35,4,27,5,10,3,0,1,4,2,7,0,9,0,0,0,0,17,10,7,40,20,20,0,0,0,16,8,8,1,1,0
57454604,35,20,15,0,12,6,4,3,1,1,1,3,3,0,1,0,2,1,1,11,9,2,15,7,8,1,0,1,6,3,3,0,0,0
57454605,33,20,13,0,13,2,5,1,1,3,1,1,4,2,0,0,0,0,0,11,7,4,12,8,4,0,0,0,10,5,5,0,0,0
57417101,187,107,80,10,83,7,27,7,6,2,1,10,16,9,7,1,16,7,9,68,46,22,67,39,28,0,0,0,29,11,18,7,4,3
57418001,78,46,32,11,17,7,7,7,1,0,2,11,2,1,11,0,7,3,4,42,27,15,18,9,9,2,0,2,2,1,1,7,6,1
57418002,33,20,13,2,9,3,5,2,3,0,2,1,2,1,2,0,1,1,0,9,7,2,15,9,6,0,0,0,5,1,4,3,2,1
57418003,28,18,10,1,5,1,6,9,1,1,1,1,0,1,0,1,0,0,0,9,7,2,15,10,5,1,1,0,2,0,2,1,0,1
54770101,29,18,11,4,11,2,5,0,0,1,0,4,1,0,1,0,2,1,1,7,4,3,11,7,4,0,0,0,3,0,3,6,6,0
57338801,45,25,20,5,6,7,6,2,1,2,0,5,3,2,5,0,2,2,0,17,12,5,17,5,12,0,0,0,8,5,3,1,1,0
57421002,56,32,24,11,12,3,3,2,2,3,1,4,2,4,3,0,1,0,1,17,10,7,18,11,7,1,1,0,14,8,6,5,2,3
57421003,227,135,92,19,77,16,16,13,8,5,1,16,22,14,15,0,11,4,7,75,53,22,85,47,38,5,2,3,41,21,20,10,8,2
57421004,44,26,18,2,12,0,6,4,2,1,1,2,5,4,4,0,1,1,0,18,14,4,17,8,9,0,0,0,7,3,4,1,0,1
57421005,159,81,78,9,56,9,14,16,5,4,2,8,11,13,9,0,7,4,3,62,35,27,58,31,27,6,2,4,20,6,14,6,3,3
57422801,232,124,108,17,98,7,16,22,9,5,0,10,6,16,14,4,19,9,10,104,64,40,70,36,34,4,2,2,29,10,19,6,3,3
57423601,61,32,29,10,22,5,6,0,2,0,0,2,4,5,5,0,4,3,1,26,15,11,20,12,8,4,0,4,7,2,5,0,0,0
57424401,114,63,51,8,48,9,16,4,1,4,2,7,6,3,4,1,4,2,2,42,25,17,49,28,21,3,0,3,11,6,5,5,2,3
57425201,40,24,16,4,22,2,3,2,1,1,1,0,1,3,0,0,1,0,1,24,16,8,11,6,5,2,1,1,0,0,0,2,1,1
57425202,128,68,60,3,46,8,9,19,0,1,1,8,12,11,6,1,8,3,5,51,30,21,52,24,28,2,2,0,8,5,3,7,4,3
57425203,511,261,250,12,205,23,51,59,15,5,1,18,38,34,32,3,24,12,12,217,126,91,198,94,104,11,2,9,44,16,28,17,11,6
57425204,45,27,18,1,19,4,5,3,1,1,0,5,2,1,1,2,3,0,3,22,14,8,12,6,6,0,0,0,5,4,1,3,3,0
57425206,39,21,18,1,15,8,3,3,1,1,1,0,3,0,2,1,4,2,2,19,11,8,13,6,7,0,0,0,2,1,1,1,1,0
57425207,121,76,45,11,35,13,8,19,5,0,1,4,7,9,6,0,9,8,1,61,43,18,41,19,22,2,0,2,4,2,2,4,4,0
57425208,111,72,39,5,60,3,6,4,2,2,1,8,7,8,3,0,6,3,3,56,43,13,35,22,13,0,0,0,10,3,7,4,1,3
57426101,29,18,11,2,12,1,3,2,0,2,1,0,1,4,1,0,0,0,0,11,9,2,11,6,5,3,0,3,2,1,1,2,2,0
57426102,16,8,8,3,6,0,2,0,0,0,0,3,1,0,1,0,0,0,0,8,4,4,6,3,3,0,0,0,2,1,1,0,0,0
57426103,41,28,13,10,11,4,1,2,3,1,1,0,2,3,1,0,2,2,0,12,9,3,19,13,6,3,0,3,3,3,0,2,1,1
57426104,18,10,8,2,8,2,0,2,0,0,0,2,0,1,1,0,1,1,0,6,5,1,7,2,5,1,1,0,1,0,1,2,1,1
57426105,186,104,82,25,59,13,19,11,5,0,2,14,15,13,5,0,8,3,5,67,49,18,69,32,37,13,4,9,22,11,11,7,5,2
57386801,58,38,20,3,25,5,3,2,3,0,1,2,4,2,5,0,4,3,1,17,11,6,25,17,8,3,2,1,7,3,4,2,2,0
57386803,108,59,49,4,34,9,10,3,4,1,2,8,7,9,12,0,5,2,3,41,29,12,38,18,20,1,1,0,23,9,14,0,0,0
57386804,189,106,83,7,42,18,33,12,3,3,9,5,16,12,20,0,7,3,4,65,43,22,79,42,37,5,0,5,31,17,14,2,1,1
57386805,267,148,119,5,106,20,33,8,6,3,3,17,12,18,25,0,13,3,10,103,65,38,100,55,45,6,1,5,40,22,18,5,2,3
57386806,41,25,16,2,9,2,7,5,3,0,1,2,2,2,5,0,4,3,1,17,11,6,15,9,6,0,0,0,4,2,2,1,0,1
57386809,616,333,283,7,212,30,99,39,16,14,12,51,33,34,47,1,31,15,16,191,120,71,269,138,131,12,5,7,102,48,54,11,7,4
57386810,122,69,53,1,42,10,14,5,5,4,0,8,8,14,9,0,5,2,3,36,23,13,45,24,21,3,2,1,27,15,12,6,3,3
57386811,46,23,23,0,13,5,0,0,0,1,1,5,6,8,5,0,0,0,0,15,7,8,18,7,11,0,0,0,10,7,3,3,2,1
57386812,241,126,115,5,69,20,26,8,2,3,6,22,18,26,27,4,15,10,5,63,43,20,97,44,53,7,3,4,54,24,30,5,2,3
57386813,860,442,418,6,334,40,76,54,17,16,18,68,43,42,108,8,53,23,30,273,151,122,348,172,176,16,8,8,139,67,72,31,21,10
57386815,244,122,122,4,110,8,29,10,5,4,3,17,8,17,16,2,22,10,12,78,39,39,98,47,51,3,3,0,26,10,16,17,13,4
57386816,230,111,119,3,109,10,24,11,8,4,0,18,5,8,18,0,20,7,13,91,50,41,87,37,50,0,0,0,19,8,11,13,9,4
57386817,238,129,109,2,83,9,28,15,9,8,9,15,14,18,17,0,7,1,6,70,43,27,99,54,45,3,1,2,51,25,26,8,5,3
57386818,110,53,57,4,34,9,18,4,3,3,1,16,3,6,8,1,6,3,3,31,17,14,53,26,27,4,1,3,13,5,8,3,1,2
57386819,102,55,47,13,29,7,11,5,5,0,1,12,5,5,7,0,5,1,4,34,24,10,41,20,21,4,1,3,15,8,7,3,1,2
57386820,597,311,286,13,165,33,78,29,18,15,14,51,48,43,58,2,19,10,9,140,81,59,261,131,130,13,4,9,150,81,69,14,4,10
57386821,751,430,321,9,242,62,92,41,38,15,18,74,26,35,58,9,71,39,32,224,135,89,250,131,119,14,6,8,89,42,47,103,77,26
57386822,33,17,16,0,8,2,7,1,0,2,1,4,2,2,3,0,1,1,0,8,6,2,16,8,8,0,0,0,7,2,5,1,0,1
57386824,227,124,103,7,63,18,38,9,1,7,2,24,14,8,22,1,25,12,13,79,46,33,63,33,30,5,2,3,33,17,16,22,14,8
57386825,907,474,433,18,333,46,106,41,23,13,21,73,61,58,74,3,51,22,29,303,175,128,365,177,188,22,7,15,127,68,59,39,25,14
57386826,1218,611,607,13,456,75,159,44,44,22,24,111,56,75,83,11,139,67,72,371,209,162,423,199,224,27,12,15,195,87,108,63,37,26
57386827,414,219,195,14,134,25,39,14,11,12,12,26,35,42,35,0,14,4,10,101,64,37,173,89,84,2,0,2,113,55,58,11,7,4
57386828,488,251,237,9,181,36,56,18,17,4,7,39,36,20,41,5,27,18,9,149,83,66,192,84,108,9,5,4,77,34,43,34,27,7
57386829,507,247,260,9,175,35,59,28,11,10,12,30,34,35,39,7,25,8,17,161,81,80,207,97,110,5,2,3,89,46,43,20,13,7
57386831,674,348,326,12,175,47,73,25,20,20,19,68,56,49,80,2,22,12,10,147,94,53,278,129,149,22,10,12,190,95,95,15,8,7
57386832,43,22,21,0,23,0,4,6,1,1,1,4,1,1,1,0,3,2,1,5,4,1,6,2,4,0,0,0,1,1,0,28,13,15
57386833,133,73,60,5,42,9,15,3,1,2,1,12,14,8,15,2,5,3,2,35,25,10,60,29,31,3,1,2,28,14,14,2,1,1
3202260,0,0,0,0,0,0,0,0,0,0,0,0,0,0,0,0,0,0,0,0,0,0,0,0,0,0,0,0,0,0,0,0,0,0
3316510,0,0,0,0,0,0,0,0,0,0,0,0,0,0,0,0,0,0,0,0,0,0,0,0,0,0,0,0,0,0,0,0,0,0
3381170,0,0,0,0,0,0,0,0,0,0,0,0,0,0,0,0,0,0,0,0,0,0,0,0,0,0,0,0,0,0,0,0,0,0
57427902,646,350,296,20,232,43,75,20,19,16,11,42,40,68,33,4,22,8,14,184,127,57,308,150,158,10,1,9,110,54,56,12,10,2
57427903,49,24,25,2,18,0,10,2,1,1,1,4,0,5,3,0,1,0,1,17,9,8,25,13,12,0,0,0,6,2,4,0,0,0
57427904,112,66,46,4,28,9,22,3,5,2,1,7,3,13,8,0,4,3,1,25,17,8,51,29,22,7,4,3,23,11,12,2,2,0
57427905,237,134,103,6,93,22,21,9,11,4,8,13,5,12,19,1,11,5,6,71,46,25,106,61,45,8,4,4,35,15,20,6,3,3
57427906,137,73,64,6,45,10,15,7,9,1,2,10,7,11,9,1,10,5,5,37,26,11,63,30,33,1,0,1,24,10,14,2,2,0
57427907,459,235,224,5,182,28,36,22,11,8,9,35,34,38,30,1,25,14,11,147,84,63,170,84,86,4,0,4,95,42,53,18,11,7
57427908,723,386,337,11,304,37,83,23,14,10,10,33,51,56,54,4,38,22,16,219,132,87,285,144,141,17,5,12,129,60,69,35,23,12
57427909,528,296,232,14,168,29,72,23,24,18,5,51,22,43,23,6,32,20,12,156,88,68,185,103,82,11,5,6,105,53,52,39,27,12
57427910,65,33,32,2,22,3,4,1,5,1,0,4,5,10,6,0,4,2,2,20,11,9,22,11,11,0,0,0,14,6,8,5,3,2
57427911,1277,692,585,16,441,65,141,52,38,36,13,126,74,134,93,2,43,21,22,308,186,122,495,255,240,18,7,11,384,210,174,29,13,16
57427912,77,43,34,0,26,6,14,4,1,2,1,5,6,3,6,0,0,0,0,8,6,2,42,19,23,3,1,2,24,17,7,0,0,0
57427913,27,18,9,3,6,1,4,3,0,0,0,1,2,3,2,0,0,0,0,10,9,1,8,4,4,0,0,0,8,4,4,1,1,0
1073102,0,0,0,0,0,0,0,0,0,0,0,0,0,0,0,0,0,0,0,0,0,0,0,0,0,0,0,0,0,0,0,0,0,0
1073360,0,0,0,0,0,0,0,0,0,0,0,0,0,0,0,0,0,0,0,0,0,0,0,0,0,0,0,0,0,0,0,0,0,0
57428703,377,202,175,16,132,14,23,11,12,6,7,57,39,31,22,0,13,10,3,128,81,47,148,72,76,3,1,2,78,35,43,7,3,4
57428704,20,11,9,2,4,1,0,2,0,0,0,1,4,2,4,0,2,1,1,6,4,2,7,3,4,0,0,0,5,3,2,0,0,0
57429501,167,91,76,9,50,10,17,11,0,5,4,19,9,11,13,1,7,3,4,69,49,20,52,22,30,2,0,2,30,13,17,7,4,3
57431701,160,86,74,14,54,11,20,13,5,1,3,5,11,9,10,1,12,4,8,79,53,26,45,16,29,2,1,1,15,6,9,7,6,1
57434101,70,41,29,12,24,6,5,1,1,2,0,5,4,3,5,0,1,0,1,26,16,10,29,16,13,0,0,0,12,7,5,2,2,0
57434102,29,16,13,4,7,2,2,5,0,0,0,2,2,0,2,0,0,0,0,11,6,5,12,7,5,1,0,1,4,2,2,1,1,0
57434104,126,68,58,20,57,4,9,5,2,3,1,3,6,8,7,0,3,2,1,55,37,18,44,16,28,1,1,0,16,7,9,7,5,2
57434105,550,293,257,25,231,26,58,17,23,9,4,36,21,35,39,2,54,33,21,218,127,91,166,79,87,15,5,10,68,35,33,29,14,15
57434106,35,20,15,2,20,2,3,2,0,0,0,1,1,2,2,0,1,1,0,19,11,8,11,7,4,0,0,0,4,1,3,0,0,0
57434107,975,518,457,37,418,52,84,29,19,15,13,50,58,89,70,8,38,23,15,322,201,121,381,196,185,22,7,15,185,74,111,27,17,10
1339063,0,0,0,0,0,0,0,0,0,0,0,0,0,0,0,0,0,0,0,0,0,0,0,0,0,0,0,0,0,0,0,0,0,0
1339140,0,0,0,0,0,0,0,0,0,0,0,0,0,0,0,0,0,0,0,0,0,0,0,0,0,0,0,0,0,0,0,0,0,0
57435001,78,36,42,5,22,6,14,2,7,0,0,9,1,4,5,0,2,1,1,29,19,10,32,10,22,2,0,2,12,6,6,1,0,1
57435002,193,109,84,9,66,13,30,15,4,0,3,12,5,8,15,1,4,3,1,75,48,27,77,38,39,5,1,4,28,15,13,4,4,0
57435003,17,10,7,1,6,3,3,1,1,1,0,0,0,0,1,0,0,0,0,7,5,2,8,4,4,1,1,0,0,0,0,1,0,1
57435004,45,26,19,1,16,2,5,3,2,0,1,3,1,5,5,0,1,1,0,14,8,6,15,11,4,1,1,0,13,4,9,1,1,0
57435005,10,5,5,4,1,1,1,0,0,0,0,0,0,2,0,0,1,1,0,3,3,0,5,1,4,0,0,0,1,0,1,0,0,0
57435007,280,158,122,12,109,25,29,14,7,4,3,16,18,16,16,0,8,5,3,117,76,41,108,57,51,9,2,7,22,11,11,16,7,9
57436801,99,60,39,5,35,11,12,3,2,1,2,15,3,4,3,0,3,1,2,32,25,7,41,21,20,1,0,1,19,11,8,3,2,1
57437601,37,19,18,6,5,2,4,4,0,1,3,3,2,1,4,1,1,1,0,6,4,2,17,8,9,2,0,2,11,6,5,0,0,0
57437603,297,158,139,10,82,22,33,20,13,8,7,30,23,12,26,1,9,5,4,108,76,32,108,41,67,4,2,2,57,26,31,11,8,3
57438401,82,49,33,5,28,6,9,3,3,0,2,5,5,3,11,0,2,1,1,37,25,12,29,16,13,3,1,2,9,5,4,2,1,1
57438402,114,62,52,10,36,8,12,6,4,4,0,10,5,6,10,1,6,3,3,53,31,22,33,15,18,1,0,1,11,8,3,10,5,5
57440601,40,20,20,5,11,3,1,2,2,1,0,2,2,6,2,0,1,0,1,14,10,4,11,3,8,0,0,0,7,3,4,7,4,3
57440602,140,78,62,5,39,12,22,15,5,4,3,11,6,4,12,0,5,2,3,51,31,20,59,31,28,2,1,1,18,9,9,5,4,1
57440603,123,64,59,7,44,6,20,3,4,0,2,8,10,7,7,2,3,2,1,54,27,27,46,25,21,3,1,2,14,7,7,3,2,1
53078601,98,55,43,9,33,10,11,2,1,2,1,3,7,9,7,0,5,2,3,25,19,6,46,26,20,0,0,0,19,7,12,3,1,2
54772701,51,27,24,2,23,5,4,1,0,1,1,2,1,7,2,0,1,0,1,15,10,5,23,12,11,1,0,1,8,4,4,3,1,2
57442202,18,10,8,1,1,0,1,1,2,1,0,3,1,2,2,1,2,0,2,8,5,3,4,2,2,0,0,0,4,3,1,0,0,0
57442203,131,74,57,20,41,8,14,8,4,1,2,5,3,6,17,0,5,3,2,61,39,22,42,22,20,3,1,2,15,8,7,5,1,4
57443101,126,71,55,16,34,8,15,9,7,2,1,10,8,7,5,1,8,6,2,42,27,15,52,25,27,1,1,0,20,10,10,3,2,1
57445701,25,14,11,3,7,3,1,2,1,1,0,1,0,6,0,0,3,1,2,7,5,2,11,7,4,0,0,0,4,1,3,0,0,0
57445702,126,70,56,14,48,10,7,11,2,0,3,2,6,9,7,0,6,3,3,42,27,15,57,28,29,3,1,2,14,7,7,4,4,0
57446501,40,22,18,3,18,3,1,5,2,0,1,1,2,3,1,0,2,1,1,17,12,5,16,7,9,1,1,0,3,1,2,1,0,1
57446502,36,23,13,3,19,1,1,0,0,1,0,1,2,0,3,0,3,2,1,18,10,8,11,9,2,2,1,1,2,1,1,0,0,0
57446503,20,10,10,3,5,1,1,2,2,0,0,0,0,3,1,0,0,0,0,10,7,3,9,3,6,0,0,0,1,0,1,0,0,0
57446504,189,103,86,10,61,16,26,13,6,2,0,7,9,15,16,0,17,5,12,77,51,26,74,36,38,4,1,3,10,3,7,7,7,0
57448101,21,10,11,0,4,2,6,0,0,1,0,1,1,2,2,1,1,0,1,6,3,3,6,2,4,0,0,0,6,3,3,2,2,0
57448102,23,11,12,1,9,2,3,2,0,0,1,0,1,1,2,0,0,0,0,7,4,3,14,6,8,1,0,1,1,1,0,0,0,0
57448103,76,45,31,6,24,6,16,4,1,2,2,3,3,1,5,0,2,2,0,26,16,10,37,20,17,0,0,0,9,5,4,2,2,0
57448104,184,104,80,10,57,14,21,9,2,2,5,12,16,20,10,1,6,3,3,59,40,19,76,42,34,7,1,6,29,12,17,7,6,1
57448105,15,12,3,1,5,1,1,0,0,1,0,2,2,0,2,0,0,0,0,6,6,0,4,2,2,1,0,1,4,4,0,0,0,0
57448106,25,15,10,0,13,3,1,1,0,1,0,1,0,3,1,0,2,1,1,8,5,3,9,6,3,0,0,0,5,2,3,1,1,0
57448107,153,80,73,7,50,8,13,17,3,2,3,10,7,12,16,1,3,0,3,60,43,17,61,24,37,2,0,2,20,9,11,7,4,3
57448108,47,27,20,6,21,2,3,1,3,1,0,4,1,1,4,0,0,0,0,21,15,6,13,5,8,4,1,3,7,4,3,2,2,0
57449001,30,21,9,11,11,4,1,0,0,0,0,0,1,2,0,0,2,1,1,16,13,3,9,6,3,1,0,1,2,1,1,0,0,0
57449002,166,97,69,21,58,16,13,8,3,2,1,2,7,15,16,1,4,1,3,80,60,20,41,19,22,4,0,4,22,11,11,15,6,9
54765401,13,8,5,0,9,0,2,1,0,0,0,1,0,0,0,0,1,1,0,6,3,3,5,3,2,0,0,0,0,0,0,1,1,0
54765402,84,49,35,5,34,7,2,4,3,0,3,7,7,3,5,1,3,2,1,41,27,14,26,11,15,1,0,1,5,2,3,8,7,1
57451101,144,77,67,27,38,8,12,10,9,1,1,5,12,6,7,1,16,6,10,70,41,29,38,15,23,0,0,0,8,5,3,12,10,2
57453801,32,19,13,1,15,3,3,2,0,0,0,1,1,2,4,0,3,0,3,13,9,4,14,8,6,0,0,0,2,2,0,0,0,0
57453802,23,18,5,2,3,3,3,2,4,2,0,1,0,2,1,0,2,2,0,11,9,2,6,4,2,0,0,0,3,2,1,1,1,0
57453803,95,62,33,6,49,4,7,5,4,1,1,4,3,3,6,0,6,2,4,45,32,13,34,21,13,1,0,1,4,2,2,5,5,0
57453804,51,30,21,7,16,3,2,3,2,2,1,2,4,4,3,0,3,2,1,21,15,6,17,7,10,0,0,0,7,4,3,3,2,1
57453805,21,15,6,1,7,3,3,3,1,0,0,0,2,1,0,0,2,2,0,8,7,1,8,5,3,0,0,0,2,1,1,1,0,1
57453806,45,25,20,4,12,1,4,4,1,0,0,2,5,3,7,1,4,2,2,22,13,9,14,8,6,1,0,1,4,2,2,0,0,0
57453810,12,6,6,0,1,2,0,0,5,0,0,1,0,3,0,0,0,0,0,2,2,0,8,4,4,0,0,0,2,0,2,0,0,0
57453811,354,204,150,17,133,20,32,13,28,1,4,15,17,39,25,1,24,10,14,140,93,47,134,72,62,4,2,2,37,13,24,15,14,1
57453812,74,45,29,11,22,7,2,2,8,1,1,7,3,1,2,1,7,3,4,21,17,4,25,11,14,3,2,1,14,9,5,4,3,1
57455401,107,63,44,6,44,6,9,9,2,1,1,4,5,6,9,1,6,1,5,52,39,13,28,16,12,3,1,2,17,5,12,1,1,0
57455402,287,164,123,15,95,26,35,11,8,4,3,17,19,10,35,1,9,5,4,125,86,39,102,47,55,5,0,5,33,19,14,13,7,6
57456201,316,182,134,29,108,27,36,22,5,4,3,14,17,21,17,4,11,3,8,114,78,36,122,65,57,5,1,4,40,17,23,24,18,6
57456203,15,10,5,0,5,3,3,0,0,1,0,0,1,1,1,0,0,0,0,8,7,1,5,2,3,0,0,0,2,1,1,0,0,0
57456204,21,17,4,3,12,1,1,2,0,0,0,1,1,0,0,0,1,1,0,9,7,2,3,2,1,2,1,1,2,2,0,4,4,0
57457101,8,4,4,0,1,1,2,0,0,0,0,2,1,0,1,0,0,0,0,0,0,0,7,4,3,0,0,0,1,0,1,0,0,0
57457102,167,94,73,18,76,9,17,7,2,1,2,6,10,8,8,1,9,5,4,64,43,21,69,34,35,2,0,2,13,4,9,10,8,2
57457103,28,19,9,3,10,2,3,0,2,1,0,0,2,3,2,0,0,0,0,13,10,3,9,5,4,1,1,0,5,3,2,0,0,0
54764601,1053,573,480,42,389,73,124,42,32,11,21,57,70,66,96,6,55,28,27,361,229,132,429,207,222,20,6,14,150,78,72,38,25,13
57458901,153,92,61,16,54,8,21,8,5,4,0,6,7,6,14,1,6,2,4,65,43,22,52,26,26,3,3,0,19,12,7,8,6,2
54774301,140,84,56,18,62,7,9,7,6,2,1,5,6,9,3,1,11,7,4,62,41,21,36,19,17,2,1,1,20,9,11,9,7,2
54756502,73,39,34,6,17,10,4,3,6,0,6,3,5,5,6,1,9,6,3,30,18,12,23,11,12,1,1,0,10,3,7,0,0,0
54756503,25,14,11,1,8,3,2,2,1,0,0,3,0,2,1,0,0,0,0,8,8,0,8,2,6,1,0,1,5,3,2,3,1,2
57460101,36,18,18,0,11,2,3,3,1,2,2,1,2,4,4,0,1,0,1,12,10,2,12,6,6,2,1,1,9,1,8,0,0,0
57460102,152,77,75,7,47,13,22,4,6,6,3,10,9,8,12,0,8,3,5,61,43,18,51,17,34,4,1,3,24,11,13,4,2,2
57462701,70,43,27,5,25,5,12,1,2,2,0,5,0,7,2,0,0,0,0,29,19,10,34,19,15,2,0,2,5,5,0,0,0,0
57463501,95,57,38,9,44,11,3,2,3,0,1,6,6,4,4,2,3,2,1,40,24,16,36,21,15,2,1,1,11,7,4,3,2,1
57463503,36,22,14,1,14,3,2,1,0,0,0,1,3,4,4,1,1,0,1,6,5,1,19,12,7,1,0,1,8,4,4,1,1,0
57464301,235,131,104,10,78,16,28,7,5,8,11,21,13,7,20,1,13,9,4,100,62,38,79,39,40,3,1,2,38,18,20,2,2,0
57465101,121,71,50,4,40,11,9,4,0,3,4,13,5,16,10,0,2,1,1,36,24,12,57,34,23,2,0,2,22,10,12,2,2,0
57465102,91,48,43,3,37,11,3,4,4,2,0,6,4,10,6,1,2,2,0,42,32,10,25,6,19,3,1,2,13,4,9,6,3,3
57465103,52,30,22,5,24,6,5,0,1,0,1,1,1,4,4,0,2,0,2,22,15,7,21,13,8,2,2,0,5,0,5,0,0,0
57465104,30,17,13,4,14,1,2,1,0,0,2,1,0,4,1,0,0,0,0,9,5,4,13,8,5,1,1,0,6,3,3,1,0,1
57466001,20,12,8,2,5,0,3,2,1,2,1,0,2,0,2,0,0,0,0,4,2,2,14,8,6,0,0,0,2,2,0,0,0,0
57466002,60,30,30,5,22,4,8,2,2,1,0,6,4,1,4,0,4,1,3,36,20,16,14,7,7,1,1,0,2,0,2,3,1,2
57466003,88,50,38,12,30,4,13,4,1,0,0,7,5,4,5,1,3,2,1,37,23,14,32,20,12,1,0,1,9,1,8,6,4,2
57466005,70,45,25,7,25,6,14,4,1,1,0,2,3,2,4,0,6,4,2,27,20,7,24,13,11,0,0,0,5,3,2,8,5,3
57468601,315,174,141,24,122,22,25,17,16,3,0,19,17,27,13,1,14,9,5,128,86,42,114,47,67,6,3,3,46,25,21,7,4,3
57469402,276,151,125,24,102,21,27,12,5,5,3,13,16,19,21,3,10,4,6,105,69,36,100,50,50,5,1,4,48,23,25,8,4,4
57470802,147,84,63,17,50,8,21,5,4,5,4,7,6,6,11,0,4,2,2,47,30,17,57,29,28,5,2,3,32,19,13,2,2,0
57607701,508,285,223,17,164,37,57,29,17,14,10,35,44,23,50,1,31,14,17,181,125,56,201,95,106,8,2,6,76,40,36,11,9,2
3178960,0,0,0,0,0,0,0,0,0,0,0,0,0,0,0,0,0,0,0,0,0,0,0,0,0,0,0,0,0,0,0,0,0,0
57608501,159,89,70,9,60,9,9,14,8,3,1,9,18,7,8,0,6,3,3,63,35,28,58,34,24,4,1,3,24,12,12,4,4,0
57608502,27,17,10,4,8,5,2,0,0,1,0,1,1,2,1,0,1,0,1,9,5,4,8,7,1,1,0,1,7,4,3,1,1,0
0010310,0,0,0,0,0,0,0,0,0,0,0,0,0,0,0,0,0,0,0,0,0,0,0,0,0,0,0,0,0,0,0,0,0,0
57609301,57,30,27,8,15,5,3,0,6,3,0,3,5,2,7,0,4,1,3,20,13,7,16,9,7,1,0,1,13,5,8,3,2,1
57609304,55,28,27,3,6,2,0,2,4,0,0,2,1,1,25,0,19,8,11,9,6,3,12,5,7,0,0,0,9,6,3,6,3,3
57610701,142,80,62,10,63,5,12,6,5,1,1,8,6,13,9,0,2,0,2,45,35,10,58,29,29,8,1,7,28,15,13,1,0,1
57610702,152,89,63,10,68,18,12,10,5,3,0,6,5,7,5,0,6,5,1,59,39,20,62,33,29,3,2,1,14,2,12,8,8,0
57610703,30,18,12,0,14,2,3,0,0,0,0,6,0,0,3,1,4,3,1,15,10,5,5,2,3,1,1,0,5,2,3,0,0,0
57610704,33,19,14,7,16,0,3,2,0,0,1,1,1,1,0,0,2,1,1,14,11,3,11,4,7,1,1,0,5,2,3,0,0,0
57611501,83,48,35,8,34,6,7,1,0,0,0,5,3,6,9,3,4,2,2,28,22,6,37,19,18,1,0,1,13,5,8,0,0,0
57611502,11,6,5,1,5,0,0,2,0,0,0,0,0,1,2,0,1,0,1,4,3,1,5,3,2,0,0,0,1,0,1,0,0,0
57612301,184,110,74,21,56,11,17,16,1,6,3,14,12,10,12,2,9,5,4,64,43,21,71,43,28,4,0,4,30,14,16,6,5,1
57612302,48,28,20,7,18,3,2,3,0,1,1,3,2,3,3,1,2,2,0,21,15,6,21,11,10,1,0,1,3,0,3,0,0,0
57612303,59,33,26,8,15,4,6,5,1,1,2,8,3,3,2,0,1,0,1,24,14,10,14,7,7,1,1,0,16,9,7,3,2,1
57613101,903,513,390,31,359,62,73,63,24,14,8,53,58,54,77,7,72,32,40,372,241,131,308,155,153,10,5,5,99,48,51,42,32,10
57613102,46,26,20,5,19,1,4,1,1,0,1,3,4,2,5,0,2,2,0,18,11,7,18,7,11,1,1,0,4,3,1,3,2,1
57614001,81,46,35,4,35,6,4,6,1,1,1,8,7,3,3,0,3,3,0,35,25,10,29,12,17,1,1,0,9,2,7,4,3,1
57614003,73,39,34,4,32,5,9,4,2,1,0,2,5,2,4,0,2,2,0,38,24,14,29,12,17,0,0,0,4,1,3,0,0,0
57614004,52,32,20,7,25,5,3,5,1,0,0,2,2,1,1,0,3,2,1,24,17,7,14,6,8,1,1,0,5,2,3,5,4,1
57616602,109,65,44,9,36,7,11,3,5,1,1,6,13,7,7,0,3,1,2,39,24,15,37,22,15,0,0,0,27,15,12,3,3,0
57617401,119,66,53,8,55,6,13,0,4,1,0,12,5,6,6,2,6,2,4,54,40,14,43,14,29,2,1,1,13,8,5,1,1,0
57618201,928,547,381,19,447,47,102,53,18,16,9,44,62,46,40,4,37,25,12,276,177,99,341,189,152,36,20,16,182,92,90,56,44,12
57619101,8,3,5,1,1,0,0,0,0,0,0,1,1,1,2,0,0,0,0,0,0,0,3,1,2,0,0,0,5,2,3,0,0,0
57619102,298,161,137,27,100,18,27,22,3,6,4,15,38,15,12,1,18,8,10,122,87,35,113,49,64,4,0,4,33,10,23,8,7,1
57619104,134,77,57,15,41,14,8,14,2,2,2,10,7,6,10,0,4,2,2,56,37,19,53,30,23,2,1,1,14,6,8,5,1,4
57619105,47,30,17,3,22,2,1,4,1,0,0,2,5,3,2,1,1,1,0,17,12,5,18,11,7,1,0,1,10,6,4,0,0,0
57620401,325,191,134,12,168,18,32,6,6,4,4,10,16,20,23,1,5,2,3,109,67,42,128,74,54,13,7,6,50,25,25,20,16,4
57620402,66,39,27,6,34,1,6,1,2,1,2,1,6,3,2,0,4,0,4,20,17,3,30,15,15,0,0,0,10,5,5,2,2,0
57621201,8,5,3,0,2,2,3,0,0,0,0,1,0,0,0,0,2,0,2,5,4,1,1,1,0,0,0,0,0,0,0,0,0,0
57621202,774,423,351,36,270,52,94,46,15,23,8,40,32,61,68,4,49,24,25,275,190,85,288,134,154,16,6,10,117,53,64,29,16,13
57621203,19,10,9,3,10,1,1,0,0,1,0,1,0,0,1,0,1,0,1,9,2,7,6,5,1,0,0,0,0,0,0,3,3,0
57621204,63,42,21,7,25,4,4,5,1,3,0,4,2,2,5,1,4,2,2,31,24,7,21,13,8,0,0,0,7,3,4,0,0,0
57621206,15,9,6,10,2,0,1,0,0,0,0,0,1,1,0,0,1,0,1,10,7,3,1,1,0,2,0,2,0,0,0,1,1,0
57622102,266,151,115,10,116,18,18,13,10,5,2,19,20,12,13,0,8,4,4,118,75,43,87,48,39,4,1,3,35,15,20,14,8,6
57622103,28,14,14,2,10,1,4,3,0,2,1,2,1,1,1,0,0,0,0,16,10,6,8,3,5,1,1,0,2,0,2,1,0,1
3381920,0,0,0,0,0,0,0,0,0,0,0,0,0,0,0,0,0,0,0,0,0,0,0,0,0,0,0,0,0,0,0,0,0,0
57624701,26,17,9,2,6,0,0,0,8,0,0,1,0,3,1,0,0,0,0,7,3,4,11,9,2,0,0,0,8,5,3,0,0,0
57624702,40,19,21,5,4,4,2,2,11,0,1,6,2,1,1,0,1,1,0,14,8,6,20,9,11,1,0,1,4,1,3,0,0,0
57624704,188,108,80,12,40,10,10,7,37,4,2,9,11,18,8,0,8,4,4,64,43,21,68,36,32,4,2,2,33,16,17,11,7,4
57624705,15,9,6,2,3,2,3,0,2,0,0,1,0,1,1,0,2,2,0,5,3,2,6,2,4,0,0,0,2,2,0,0,0,0
57624706,13,5,8,1,3,1,1,0,3,0,0,0,2,0,2,0,0,0,0,5,3,2,5,1,4,0,0,0,3,1,2,0,0,0
57624707,10,7,3,1,3,2,1,1,1,0,0,0,0,1,0,0,1,0,1,3,2,1,3,3,0,0,0,0,2,1,1,1,1,0
57626301,276,153,123,18,116,16,22,12,7,2,1,14,15,33,11,0,12,4,8,99,66,33,113,55,58,5,1,4,38,19,19,9,8,1
57626302,43,27,16,8,22,0,2,0,1,0,0,4,0,3,1,1,1,0,1,19,13,6,14,10,4,2,2,0,4,0,4,3,2,1
57626304,51,27,24,6,16,3,7,3,2,0,1,2,1,3,4,1,3,2,1,20,11,9,19,10,9,0,0,0,9,4,5,0,0,0
57626305,15,8,7,1,3,1,2,1,1,0,1,1,0,1,1,1,1,1,0,2,2,0,10,5,5,1,0,1,1,0,1,0,0,0
57626306,8,6,2,0,2,0,0,0,2,0,0,1,1,2,0,0,0,0,0,2,2,0,4,4,0,0,0,0,2,0,2,0,0,0
0275880,0,0,0,0,0,0,0,0,0,0,0,0,0,0,0,0,0,0,0,0,0,0,0,0,0,0,0,0,0,0,0,0,0,0
3036820,0,0,0,0,0,0,0,0,0,0,0,0,0,0,0,0,0,0,0,0,0,0,0,0,0,0,0,0,0,0,0,0,0,0
3036910,0,0,0,0,0,0,0,0,0,0,0,0,0,0,0,0,0,0,0,0,0,0,0,0,0,0,0,0,0,0,0,0,0,0
3216300,0,0,0,0,0,0,0,0,0,0,0,0,0,0,0,0,0,0,0,0,0,0,0,0,0,0,0,0,0,0,0,0,0,0
57627101,66,36,30,2,23,5,9,2,1,4,1,3,5,10,0,0,1,0,1,13,9,4,31,19,12,3,0,3,18,8,10,0,0,0
57627103,146,83,63,12,55,2,18,7,2,3,5,11,9,12,6,1,2,1,1,53,34,19,52,30,22,1,0,1,31,15,16,7,3,4
57627104,103,53,50,5,41,7,12,1,2,0,1,5,4,14,8,0,2,0,2,36,23,13,43,20,23,1,0,1,20,9,11,1,1,0
57627105,46,26,20,6,13,0,3,4,1,0,0,4,4,5,3,1,2,1,1,13,10,3,20,9,11,0,0,0,9,4,5,2,2,0
57627106,34,20,14,2,8,2,6,0,0,0,0,2,2,7,4,1,0,0,0,8,3,5,19,16,3,1,0,1,6,1,5,0,0,0
57627107,35,22,13,2,17,1,7,0,2,0,0,3,0,2,0,0,1,1,0,21,12,9,12,8,4,0,0,0,1,1,0,0,0,0
57627108,98,56,42,13,35,7,9,3,2,4,2,5,3,7,4,1,2,2,0,40,26,14,31,16,15,3,1,2,20,9,11,2,2,0
57627109,27,18,9,5,11,1,2,2,0,0,0,0,2,1,1,0,0,0,0,7,6,1,16,10,6,0,0,0,3,2,1,1,0,1
57627110,26,15,11,5,7,3,3,2,0,0,0,1,4,0,1,0,5,4,1,5,5,0,12,5,7,1,0,1,3,1,2,0,0,0
57627111,15,10,5,5,1,0,1,2,1,0,0,1,2,1,1,0,0,0,0,7,5,2,3,3,0,1,0,1,4,2,2,0,0,0
57627112,60,32,28,0,19,6,7,1,0,2,0,3,12,4,3,1,3,1,2,23,17,6,20,8,12,2,0,2,12,6,6,0,0,0
57627113,852,442,410,14,368,36,68,39,22,15,12,48,79,55,65,3,41,18,23,271,161,110,362,175,187,17,6,11,140,66,74,21,16,5
57627114,356,198,158,16,122,15,39,12,8,9,4,28,24,31,38,1,17,10,7,83,53,30,161,83,78,10,2,8,79,45,34,6,5,1
57627115,302,169,133,3,109,22,34,17,13,6,4,21,22,17,17,6,25,15,10,90,55,35,118,61,57,4,1,3,37,18,19,28,19,9
57627116,663,382,281,15,248,39,65,33,23,11,6,46,54,59,38,6,38,22,16,206,137,69,264,146,118,13,4,9,122,62,60,20,11,9
57627117,307,162,145,10,135,15,30,13,9,6,1,9,14,26,14,4,8,2,6,112,67,45,116,58,58,12,3,9,45,22,23,14,10,4
57628001,60,32,28,1,24,5,5,5,2,1,0,3,5,7,0,0,2,1,1,24,16,8,24,13,11,1,0,1,7,1,6,2,1,1
57630101,747,414,333,34,340,45,69,45,16,8,8,53,31,44,29,2,47,34,13,299,180,119,265,138,127,8,4,4,94,38,56,34,20,14
57630102,65,36,29,10,24,2,7,2,2,0,0,5,4,4,3,0,6,6,0,20,9,11,30,19,11,0,0,0,6,1,5,3,1,2
57630103,37,21,16,6,10,4,5,4,0,1,1,1,2,2,1,0,0,0,0,13,9,4,18,11,7,1,1,0,5,0,5,0,0,0
54864201,45,24,21,1,13,4,2,4,3,1,0,6,5,1,3,0,2,1,1,13,8,5,18,8,10,1,0,1,9,5,4,2,2,0
54864202,34,19,15,1,17,2,5,1,0,0,0,3,0,3,2,0,1,1,0,8,2,6,13,10,3,3,2,1,9,4,5,0,0,0
54864203,52,33,19,2,33,2,2,0,0,3,2,3,3,0,2,0,4,4,0,21,16,5,17,8,9,2,1,1,6,3,3,2,1,1
54864204,46,23,23,1,18,5,4,1,0,4,1,1,6,3,1,0,0,0,0,13,9,4,24,9,15,1,0,1,7,5,2,1,0,1
57631001,101,53,48,19,30,3,13,6,4,1,3,5,7,4,3,0,7,4,3,37,23,14,32,12,20,1,0,1,15,8,7,9,6,3
54879101,33,21,12,5,15,2,2,2,0,0,1,2,2,2,0,0,1,1,0,11,8,3,16,8,8,0,0,0,2,1,1,3,3,0
54878201,51,28,23,1,21,5,5,1,2,1,1,1,4,5,4,0,2,1,1,15,10,5,14,5,9,1,0,1,18,11,7,1,1,0
57632801,24,13,11,2,13,3,1,0,0,0,0,1,1,1,2,0,3,1,2,10,5,5,5,3,2,0,0,0,5,3,2,1,1,0
57632802,21,10,11,5,4,1,1,2,0,0,0,3,0,1,4,0,0,0,0,7,3,4,8,4,4,1,0,1,3,2,1,2,1,1
0578272,0,0,0,0,0,0,0,0,0,0,0,0,0,0,0,0,0,0,0,0,0,0,0,0,0,0,0,0,0,0,0,0,0,0
57633601,30,18,12,3,11,1,5,1,1,0,0,2,2,2,2,0,0,0,0,10,5,5,13,11,2,2,1,1,4,1,3,1,0,1
57633602,484,287,197,39,184,36,44,23,8,7,6,22,35,39,28,3,16,10,6,162,119,43,203,105,98,14,9,5,75,36,39,14,8,6
57633603,19,11,8,2,8,1,3,1,0,1,0,1,1,0,1,0,0,0,0,5,4,1,10,5,5,1,0,1,3,2,1,0,0,0
57633604,23,14,9,5,9,1,2,1,0,0,0,2,1,1,0,0,1,0,1,7,6,1,10,5,5,0,0,0,5,3,2,0,0,0
57636101,2754,1569,1185,57,1010,168,285,183,91,67,43,222,166,191,163,26,140,84,56,908,602,306,1038,540,498,80,39,41,452,211,241,136,93,43
57636102,51,28,23,1,21,9,5,3,2,0,2,2,1,1,3,0,0,0,0,26,14,12,13,10,3,2,0,2,5,0,5,5,4,1
57636103,132,76,56,5,57,11,8,4,5,1,3,11,6,8,9,1,4,2,2,51,31,20,51,31,20,3,0,3,20,10,10,3,2,1
57636104,29,17,12,0,9,2,7,1,1,1,0,1,2,1,2,0,0,0,0,13,10,3,12,4,8,0,0,0,4,3,1,0,0,0
57638701,85,51,34,8,36,10,9,5,0,1,1,3,1,4,5,1,1,1,0,34,22,12,35,20,15,2,1,1,9,5,4,4,2,2
57639501,13,9,4,0,5,0,1,0,0,0,0,4,2,0,0,0,0,0,0,4,2,2,3,3,0,1,0,1,3,2,1,2,2,0
57639502,32,21,11,2,12,5,2,0,4,0,0,1,2,1,2,1,0,0,0,13,10,3,13,7,6,1,0,1,4,3,1,1,1,0
57639503,18,11,7,2,6,2,0,0,0,2,0,1,3,1,0,0,0,0,0,4,2,2,6,5,1,0,0,0,8,4,4,0,0,0
57639505,41,27,14,6,18,1,3,1,0,0,0,5,6,0,1,0,1,0,1,14,10,4,21,13,8,0,0,0,3,3,0,2,1,1
57640901,134,73,61,11,33,9,18,9,6,2,3,4,9,14,12,0,3,1,2,46,39,7,50,18,32,3,2,1,23,7,16,9,6,3
54868502,49,27,22,16,15,3,3,4,0,1,0,1,3,1,2,0,3,0,3,21,15,6,18,10,8,1,0,1,6,2,4,0,0,0
57642501,36,35,1,0,34,0,0,1,0,0,0,1,0,0,0,0,0,0,0,1,1,0,2,2,0,0,0,0,0,0,0,33,32,1
57642502,900,556,344,24,547,29,61,24,20,5,4,47,39,31,52,1,44,35,9,292,202,90,358,197,161,35,25,10,114,55,59,57,42,15
57644101,65,38,27,11,31,5,6,2,0,0,0,1,3,2,4,0,5,3,2,26,16,10,23,11,12,5,2,3,4,4,0,2,2,0
57644102,100,64,36,9,43,5,9,4,0,1,1,6,6,6,4,1,6,4,2,43,29,14,30,19,11,4,3,1,8,2,6,9,7,2
54865101,87,49,38,4,38,5,5,5,2,2,0,5,6,1,7,2,5,2,3,25,19,6,33,17,16,3,1,2,14,5,9,7,5,2
57645001,48,24,24,4,27,1,2,1,2,0,0,3,1,1,4,0,1,0,1,27,15,12,11,5,6,0,0,0,9,4,5,0,0,0
57645002,86,52,34,14,39,2,5,3,5,1,1,5,4,2,3,0,1,1,0,48,36,12,25,12,13,2,1,1,7,2,5,3,0,3
57645003,101,61,40,14,35,9,2,9,1,2,3,4,8,5,6,1,5,2,3,47,37,10,30,14,16,3,1,2,12,4,8,4,3,1
57645004,31,19,12,7,14,0,1,0,1,0,1,2,2,0,3,0,1,1,0,12,8,4,7,4,3,5,3,2,4,1,3,2,2,0
57645005,19,10,9,0,7,0,0,1,0,0,0,1,3,4,1,1,3,3,0,3,1,2,7,3,4,1,0,1,5,3,2,0,0,0
57645006,12,9,3,1,7,1,0,1,0,0,0,1,0,0,1,0,2,1,1,6,4,2,4,4,0,0,0,0,0,0,0,0,0,0
57645008,55,33,22,6,22,2,2,5,2,0,2,8,1,1,3,0,6,4,2,30,16,14,10,8,2,0,0,0,4,1,3,5,4,1
57646801,288,155,133,11,128,15,24,14,11,3,2,10,18,25,21,0,15,7,8,80,55,25,109,47,62,5,2,3,64,35,29,15,9,6
57646802,33,19,14,4,12,1,10,3,0,0,0,0,1,0,1,0,3,3,0,11,6,5,11,7,4,1,0,1,5,3,2,2,0,2
57646803,20,12,8,0,10,2,2,0,2,0,0,0,0,2,0,1,0,0,0,8,5,3,10,6,4,1,1,0,1,0,1,0,0,0
57647601,29,15,14,1,12,3,1,0,0,0,1,1,2,4,4,0,1,1,0,12,7,5,7,4,3,1,0,1,8,3,5,0,0,0
57647602,280,161,119,15,98,17,40,15,12,7,4,11,22,14,16,0,26,18,8,99,63,36,115,60,55,4,3,1,30,13,17,6,4,2
57649201,319,186,133,19,134,20,37,13,8,2,3,20,15,15,24,1,20,10,10,122,88,34,123,66,57,7,0,7,39,18,21,8,4,4
57650601,141,76,65,9,43,15,12,11,2,7,4,9,9,7,7,1,9,4,5,44,30,14,53,28,25,2,1,1,30,10,20,3,3,0
57652201,18,13,5,0,8,2,2,3,0,0,0,1,2,0,0,0,1,0,1,9,8,1,8,5,3,0,0,0,0,0,0,0,0,0
57652202,58,36,22,6,22,4,8,2,0,3,1,2,3,3,2,1,3,2,1,26,17,9,19,12,7,2,0,2,6,3,3,2,2,0
57654901,16,9,7,8,2,1,0,0,1,1,0,0,2,0,1,0,1,0,1,8,5,3,4,3,1,0,0,0,3,1,2,0,0,0
57654902,108,55,53,9,24,9,12,10,2,3,6,12,3,7,6,1,3,1,2,46,29,17,32,11,21,1,0,1,20,10,10,6,4,2
57655701,16,8,8,0,8,4,2,0,1,1,0,0,0,0,0,0,0,0,0,9,4,5,6,3,3,0,0,0,1,1,0,0,0,0
57655702,87,48,39,5,35,2,8,6,1,1,1,8,7,3,9,0,2,1,1,27,18,9,44,23,21,1,0,1,10,4,6,3,2,1
57656501,239,139,100,24,102,10,22,5,5,7,4,10,11,19,6,3,11,7,4,82,52,30,103,58,45,10,5,5,30,14,16,3,3,0
57656502,27,17,10,0,8,1,7,1,1,0,0,2,1,5,1,0,0,0,0,7,6,1,16,9,7,1,0,1,2,2,0,1,0,1
57658101,45,25,20,2,17,3,5,6,0,0,0,3,3,2,3,0,0,0,0,14,8,6,20,11,9,0,0,0,8,4,4,3,2,1
57658102,206,120,86,14,88,16,15,9,9,6,4,8,11,7,11,2,6,3,3,88,57,31,71,45,26,5,0,5,30,12,18,6,3,3
57657302,194,115,79,22,70,16,4,8,9,4,3,7,22,11,11,2,9,6,3,84,60,24,73,38,35,5,2,3,19,6,13,4,3,1
57659001,122,70,52,13,53,6,11,3,0,2,0,6,5,11,10,0,4,4,0,44,28,16,54,29,25,4,1,3,11,4,7,5,4,1
57659002,23,13,10,0,12,1,1,1,1,0,0,2,0,0,4,0,1,0,1,14,9,5,5,3,2,1,0,1,2,1,1,0,0,0
57659003,201,107,94,7,93,13,21,5,4,1,3,15,8,9,14,1,15,7,8,73,41,32,72,39,33,6,0,6,26,15,11,9,5,4
57659004,1235,675,560,50,463,81,127,41,29,17,11,93,70,106,102,0,59,28,31,374,223,151,468,245,223,26,9,17,264,144,120,44,26,18
1122080,0,0,0,0,0,0,0,0,0,0,0,0,0,0,0,0,0,0,0,0,0,0,0,0,0,0,0,0,0,0,0,0,0,0
57660301,76,49,27,19,19,6,3,3,8,1,1,6,4,4,1,0,9,7,2,30,20,10,21,11,10,1,1,0,8,6,2,7,4,3
57660305,14,5,9,2,0,0,0,1,3,1,0,2,0,3,2,0,1,0,1,2,1,1,4,2,2,0,0,0,6,1,5,1,1,0
57661101,35,20,15,1,25,2,0,0,0,0,1,3,1,1,0,0,0,0,0,19,12,7,5,1,4,3,1,2,3,2,1,5,4,1
57661102,74,47,27,17,34,4,4,3,3,0,0,4,4,0,1,0,6,3,3,38,25,13,26,16,10,2,1,1,2,2,0,0,0,0
57661103,29,16,13,1,12,4,1,3,0,0,0,1,3,3,1,0,2,0,2,13,8,5,9,6,3,0,0,0,5,2,3,0,0,0
57662001,231,130,101,46,73,11,25,15,3,2,0,18,5,12,17,0,16,10,6,94,55,39,68,37,31,6,4,2,29,14,15,18,10,8
57665401,22,14,8,1,8,2,1,1,1,2,0,0,2,1,3,0,1,0,1,4,3,1,13,10,3,0,0,0,4,1,3,0,0,0
57665403,163,96,67,10,76,7,13,6,7,3,0,7,12,10,11,0,8,4,4,36,24,12,76,45,31,7,2,5,31,18,13,5,3,2
57665404,49,26,23,11,21,3,2,2,1,0,1,5,1,2,0,0,4,2,2,20,12,8,20,9,11,0,0,0,5,3,2,0,0,0
57665405,50,28,22,8,15,1,8,1,0,1,1,3,6,1,4,0,0,0,0,13,5,8,24,17,7,2,0,2,10,6,4,1,0,1
57666201,350,195,155,19,142,30,36,19,10,4,3,23,21,20,15,2,11,6,5,131,87,44,136,76,60,14,1,13,46,19,27,12,6,6
54872302,62,34,28,4,30,5,2,3,1,2,2,2,1,4,5,0,2,2,0,22,12,10,26,10,16,0,0,0,8,7,1,4,3,1
57667101,71,41,30,6,30,3,7,3,0,4,1,2,4,4,7,0,5,4,1,19,15,4,33,15,18,0,0,0,13,6,7,1,1,0
57667102,373,202,171,13,130,21,40,22,20,4,4,32,19,22,31,1,9,4,5,103,67,36,164,83,81,16,6,10,68,34,34,13,8,5
54875801,32,18,14,2,15,0,3,5,0,0,0,4,1,1,1,0,3,1,2,12,9,3,11,4,7,1,0,1,2,2,0,3,2,1
57668901,282,162,120,36,83,24,34,9,7,1,2,20,16,16,26,1,7,2,5,113,73,40,106,55,51,1,0,1,38,19,19,17,13,4
54866902,145,84,61,15,42,13,24,2,5,0,5,7,10,9,9,0,9,3,6,53,32,21,53,32,21,2,0,2,19,10,9,9,7,2
57670101,37,26,11,9,13,0,2,0,1,1,0,1,1,3,4,0,8,4,4,13,13,0,8,4,4,0,0,0,4,2,2,4,3,1
57670104,876,498,378,52,364,50,63,40,43,8,5,49,46,46,76,6,77,47,30,396,245,151,252,122,130,25,9,16,78,38,40,48,37,11
57670105,27,17,10,4,7,0,1,0,4,0,0,3,0,4,2,0,1,0,1,9,7,2,6,4,2,0,0,0,10,5,5,1,1,0
57670106,42,27,15,6,15,4,2,2,1,1,0,1,0,5,4,0,0,0,0,23,16,7,15,9,6,2,1,1,2,1,1,0,0,0
57670107,29,18,11,6,8,1,0,1,2,0,2,1,3,0,4,0,1,1,0,9,9,0,9,3,6,0,0,0,10,5,5,0,0,0
57672701,152,93,59,20,54,7,13,8,7,3,1,13,7,4,12,0,11,7,4,65,48,17,50,26,24,3,0,3,14,5,9,9,7,2
57672702,21,11,10,2,9,0,1,0,0,2,0,3,1,1,1,0,0,0,0,8,4,4,9,5,4,0,0,0,4,2,2,0,0,0
57672703,39,18,21,10,13,2,3,1,2,0,0,2,2,1,2,0,0,0,0,15,8,7,17,7,10,0,0,0,3,2,1,4,1,3
1441690,0,0,0,0,0,0,0,0,0,0,0,0,0,0,0,0,0,0,0,0,0,0,0,0,0,0,0,0,0,0,0,0,0,0
1441770,0,0,0,0,0,0,0,0,0,0,0,0,0,0,0,0,0,0,0,0,0,0,0,0,0,0,0,0,0,0,0,0,0,0
1441850,0,0,0,0,0,0,0,0,0,0,0,0,0,0,0,0,0,0,0,0,0,0,0,0,0,0,0,0,0,0,0,0,0,0
3216050,0,0,0,0,0,0,0,0,0,0,0,0,0,0,0,0,0,0,0,0,0,0,0,0,0,0,0,0,0,0,0,0,0,0
3312440,0,0,0,0,0,0,0,0,0,0,0,0,0,0,0,0,0,0,0,0,0,0,0,0,0,0,0,0,0,0,0,0,0,0
3380950,0,0,0,0,0,0,0,0,0,0,0,0,0,0,0,0,0,0,0,0,0,0,0,0,0,0,0,0,0,0,0,0,0,0
57606901,15,6,9,3,5,1,3,1,0,0,0,0,0,0,2,0,0,0,0,5,2,3,10,4,6,0,0,0,0,0,0,0,0,0
57606902,290,165,125,25,111,17,24,19,8,4,5,20,22,9,21,0,13,11,2,108,69,39,110,54,56,8,4,4,40,18,22,11,9,2
57606904,29,14,15,3,6,2,5,1,1,0,2,1,4,1,3,0,1,0,1,5,3,2,16,9,7,0,0,0,7,2,5,0,0,0
57606905,189,105,84,12,83,5,19,8,5,5,4,9,9,13,15,0,8,7,1,58,39,19,69,37,32,7,2,5,45,19,26,2,1,1
57606906,51,26,25,3,15,6,7,3,2,2,0,4,2,2,3,0,0,0,0,12,9,3,27,13,14,1,0,1,11,4,7,0,0,0
57606907,53,27,26,3,22,1,2,2,0,0,1,9,3,4,4,0,2,1,1,19,9,10,24,14,10,0,0,0,7,3,4,1,0,1
57606908,155,88,67,11,65,2,13,5,3,1,4,10,11,10,17,0,8,5,3,50,31,19,64,35,29,5,2,3,27,14,13,1,1,0
57606909,56,36,20,2,25,2,9,3,0,0,1,1,0,4,8,0,3,3,0,27,19,8,18,10,8,0,0,0,7,3,4,1,1,0
57606910,125,82,43,3,54,10,12,8,5,1,3,6,5,8,7,0,13,9,4,45,34,11,38,22,16,2,0,2,24,16,8,3,1,2
57606911,532,292,240,10,169,24,67,22,15,7,14,31,45,53,54,5,18,9,9,119,77,42,242,122,120,13,6,7,128,68,60,12,10,2
57606912,545,311,234,5,231,32,43,21,24,10,9,29,27,27,68,4,26,13,13,142,92,50,209,103,106,20,10,10,121,74,47,27,19,8
57606913,466,250,216,18,199,20,43,24,18,10,3,30,33,22,33,4,27,14,13,182,105,77,166,84,82,12,4,8,67,34,33,12,9,3
57606914,849,465,384,19,339,43,92,32,44,13,8,74,45,36,65,4,63,36,27,271,171,100,292,143,149,21,8,13,143,66,77,59,41,18
57606915,2162,1164,998,29,869,95,186,74,68,36,50,134,165,180,171,9,116,61,55,655,382,273,816,434,382,71,27,44,419,211,208,85,49,36
57606916,40,21,19,0,12,3,4,1,2,1,2,2,3,1,6,0,2,1,1,6,2,4,17,8,9,2,1,1,12,8,4,1,1,0
57673501,49,31,18,8,5,1,1,2,11,3,1,10,0,0,2,1,5,4,1,16,12,4,13,7,6,2,1,1,12,6,6,1,1,0
57674302,88,51,37,18,19,9,6,1,5,1,0,5,7,12,3,0,6,3,3,37,30,7,27,8,19,2,1,1,12,7,5,4,2,2
57675102,227,126,101,16,91,17,27,11,4,3,1,11,15,11,15,2,7,4,3,93,64,29,84,39,45,7,3,4,30,12,18,6,4,2
57677801,108,60,48,15,47,5,7,1,4,0,1,2,8,5,10,0,1,0,1,37,25,12,47,23,24,5,0,5,13,9,4,5,3,2
57677802,10,5,5,0,2,1,1,0,0,0,0,2,0,2,2,0,1,1,0,0,0,0,2,2,0,1,0,1,6,2,4,0,0,0
57677803,40,25,15,3,16,1,3,0,2,0,0,4,3,3,5,0,2,1,1,9,7,2,16,10,6,0,0,0,12,6,6,1,1,0
57677804,40,22,18,1,18,2,4,0,1,0,1,2,4,1,4,0,2,0,2,12,8,4,20,10,10,0,0,0,5,3,2,1,1,0
57677805,46,25,21,7,18,0,10,2,2,0,0,2,1,1,3,0,2,0,2,16,12,4,20,7,13,0,0,0,6,6,0,2,0,2
57677806,14,9,5,3,5,0,1,1,1,0,0,0,0,1,2,0,0,0,0,5,4,1,5,2,3,1,1,0,2,1,1,1,1,0
57677807,14,6,8,1,5,0,2,0,1,0,0,0,2,1,2,0,0,0,0,4,1,3,9,4,5,0,0,0,1,1,0,0,0,0
57677808,19,10,9,1,9,2,4,0,2,0,0,0,0,0,1,0,3,2,1,7,5,2,9,3,6,0,0,0,0,0,0,0,0,0
57677809,245,125,120,6,118,5,21,7,6,2,5,15,14,18,19,1,15,8,7,81,48,33,97,42,55,3,1,2,39,19,20,10,7,3
57678601,440,247,193,50,179,35,30,16,7,3,5,10,26,38,26,5,26,18,8,177,116,61,144,67,77,11,6,5,60,28,32,22,12,10
57679401,55,32,23,5,22,2,2,1,8,1,0,0,5,2,5,0,5,1,4,18,13,5,26,15,11,0,0,0,6,3,3,0,0,0
57680801,147,86,61,8,75,10,14,9,6,1,2,7,4,2,7,1,10,6,4,56,35,21,50,25,25,10,5,5,12,8,4,9,7,2
57680802,1047,609,438,18,571,55,77,38,41,8,9,61,37,52,52,6,61,37,24,330,211,119,403,205,198,41,24,17,141,75,66,71,57,14
54869301,25,16,9,5,9,2,0,2,0,0,0,0,1,2,4,0,1,1,0,11,9,2,7,3,4,0,0,0,6,3,3,0,0,0
54869302,57,36,21,11,15,6,6,3,2,0,2,4,1,0,6,0,5,2,3,18,15,3,21,12,9,0,0,0,10,6,4,3,1,2
57681601,32,20,12,3,20,0,2,2,0,0,0,2,0,1,2,0,3,1,2,14,9,5,9,6,3,0,0,0,3,2,1,3,2,1
57681602,86,48,38,9,30,6,3,1,1,2,0,5,6,3,13,0,2,1,1,35,22,13,29,17,12,3,1,2,16,6,10,1,1,0
57681603,121,60,61,17,60,6,5,5,1,0,3,7,4,4,7,0,5,3,2,48,33,15,43,16,27,7,2,5,11,3,8,7,3,4
57682401,133,73,60,14,56,13,15,5,3,0,1,4,6,6,5,0,7,3,4,45,35,10,55,23,32,4,2,2,21,10,11,1,0,1
57682402,114,63,51,17,36,10,6,6,4,4,2,6,8,3,12,0,9,4,5,40,23,17,44,27,17,2,0,2,15,7,8,4,2,2
57682403,27,17,10,6,10,1,1,1,0,2,0,0,1,2,3,0,2,1,1,14,7,7,7,5,2,0,0,0,2,2,0,2,2,0
57682404,44,26,18,5,16,4,4,2,1,0,0,5,2,1,2,0,1,1,0,19,12,7,14,7,7,0,0,0,7,4,3,3,2,1
57682405,38,20,18,5,13,1,4,6,0,0,0,1,1,3,4,0,1,0,1,18,11,7,12,5,7,0,0,0,6,3,3,1,1,0
57683201,162,90,72,6,76,10,14,3,3,4,3,10,8,12,8,1,5,3,2,58,37,21,67,33,34,2,1,1,30,16,14,0,0,0
57684101,31,17,14,0,21,2,3,0,0,0,0,1,1,1,1,0,0,0,0,15,8,7,12,9,3,0,0,0,3,0,3,1,0,1
57684102,164,93,71,21,68,17,16,6,4,1,0,11,6,9,2,1,12,7,5,76,50,26,55,30,25,4,2,2,12,2,10,5,2,3
57685902,131,74,57,5,36,13,13,10,3,2,3,12,13,4,11,1,6,2,4,42,32,10,54,26,28,3,1,2,26,13,13,0,0,0
57685904,107,59,48,15,37,3,5,7,2,1,1,8,9,7,8,0,4,3,1,46,26,20,31,17,14,6,2,4,19,10,9,1,1,0
57685905,105,56,49,6,32,3,13,6,4,4,2,10,4,7,10,0,10,6,4,41,27,14,39,18,21,3,0,3,11,4,7,1,1,0
57685906,78,36,42,4,32,3,6,4,3,2,1,4,3,2,9,1,4,2,2,33,18,15,27,11,16,6,2,4,7,2,5,1,1,0
57685907,2490,1379,1111,52,894,112,265,172,71,63,38,171,203,166,194,11,135,62,73,800,505,295,976,512,464,53,24,29,431,204,227,95,72,23
57685908,90,47,43,3,34,4,12,3,1,3,1,6,4,4,12,0,4,1,3,30,20,10,38,18,20,2,0,2,12,5,7,4,3,1
57687501,44,25,19,7,17,1,3,1,2,3,0,2,1,4,2,0,3,1,2,14,10,4,16,7,9,0,0,0,10,6,4,1,1,0
57687502,101,59,42,4,26,13,15,3,4,3,5,9,6,8,4,0,0,0,0,32,17,15,45,26,19,2,1,1,20,14,6,2,1,1
57688301,144,72,72,11,48,10,12,9,4,3,4,7,7,13,8,0,1,1,0,53,31,22,53,22,31,6,3,3,24,10,14,7,5,2
57688302,13,6,7,2,4,1,0,1,0,0,0,1,0,1,3,0,1,0,1,5,3,2,7,3,4,0,0,0,0,0,0,0,0,0
57688303,9,6,3,1,3,0,0,1,1,0,0,1,1,1,0,0,1,1,0,5,3,2,1,0,1,0,0,0,1,1,0,1,1,0
57688305,18,12,6,2,6,1,1,0,0,1,0,0,1,1,1,1,1,1,0,6,5,1,10,6,4,0,0,0,1,0,1,0,0,0
57688306,120,68,52,5,47,14,17,13,0,0,0,4,4,6,7,0,2,1,1,48,29,19,56,32,24,3,0,3,7,2,5,4,4,0
57688307,1816,1021,795,31,892,113,156,93,52,15,15,146,63,84,103,10,139,72,67,689,417,272,631,340,291,39,13,26,198,95,103,120,84,36
57688308,31,17,14,1,12,5,4,1,0,0,0,3,0,3,1,0,1,1,0,13,8,5,11,5,6,0,0,0,6,3,3,0,0,0
57689101,19,11,8,2,7,1,4,1,0,2,0,0,0,2,0,0,0,0,0,7,4,3,6,5,1,0,0,0,4,1,3,2,1,1
57689102,41,22,19,5,15,1,4,1,0,1,1,0,6,3,2,0,1,1,0,9,5,4,21,12,9,2,0,2,7,3,4,1,1,0
57689103,43,22,21,5,12,3,2,2,1,1,1,4,3,3,6,0,1,0,1,12,8,4,17,6,11,2,0,2,10,7,3,1,1,0
57689104,86,45,41,1,36,7,13,1,4,0,2,5,6,5,6,0,3,0,3,32,22,10,31,14,17,4,2,2,14,7,7,2,0,2
57689105,163,100,63,16,59,6,18,14,0,1,2,5,7,19,12,0,7,3,4,70,49,21,61,33,28,3,0,3,12,7,5,10,8,2
57689106,19,10,9,1,7,2,2,1,0,0,0,2,1,0,3,0,0,0,0,4,4,0,12,6,6,2,0,2,0,0,0,1,0,1
54870701,16,10,6,6,5,1,1,0,0,0,0,0,0,2,0,0,0,0,0,5,5,0,9,4,5,0,0,0,2,1,1,0,0,0
54870702,65,39,26,8,24,8,9,1,1,1,1,3,1,3,4,0,7,5,2,21,12,9,22,15,7,3,1,2,12,6,6,0,0,0
57692101,294,166,128,14,116,28,26,23,6,6,4,16,15,16,15,0,10,7,3,116,80,36,113,51,62,6,0,6,35,17,18,14,11,3
57693001,137,77,60,6,51,12,10,11,1,4,2,6,10,10,11,1,4,1,3,61,43,18,46,22,24,10,3,7,11,5,6,5,3,2
57694801,14,9,5,2,7,0,0,1,0,0,0,1,1,1,1,0,1,1,0,5,4,1,3,2,1,0,0,0,5,2,3,0,0,0
57694802,18,11,7,1,3,1,2,0,5,0,0,1,0,1,3,1,2,0,2,3,1,2,6,4,2,0,0,0,6,5,1,1,1,0
57694804,34,20,14,7,12,0,2,4,2,0,0,5,1,0,1,0,3,1,2,16,10,6,11,7,4,0,0,0,3,1,2,1,1,0
57694805,11,8,3,2,2,1,1,0,2,1,0,0,1,1,0,0,0,0,0,2,2,0,4,3,1,0,0,0,5,3,2,0,0,0
57695601,15,8,7,0,5,1,2,1,0,0,0,1,1,0,2,1,1,0,1,6,4,2,7,4,3,1,0,1,0,0,0,0,0,0
57695602,17,9,8,0,8,0,2,0,2,1,0,0,1,0,2,0,0,0,0,7,5,2,4,1,3,1,0,1,4,2,2,1,1,0
57695603,241,139,102,5,88,28,23,14,12,4,0,18,18,13,12,0,15,7,8,99,69,30,85,43,42,2,0,2,30,15,15,10,5,5
57904101,67,39,28,4,25,5,8,3,2,2,0,3,3,7,2,1,0,0,0,28,17,11,25,16,9,2,0,2,9,4,5,3,2,1
57904102,307,178,129,16,107,18,33,22,6,4,6,20,19,23,23,2,11,5,6,105,73,32,132,71,61,4,1,3,41,19,22,14,9,5
57905003,365,201,164,16,163,24,28,15,6,4,3,19,19,28,25,7,29,17,12,163,102,61,100,50,50,1,0,1,37,18,19,35,14,21
57905004,16,8,8,0,2,0,3,3,2,0,2,0,0,0,2,0,0,0,0,5,3,2,8,3,5,0,0,0,3,2,1,0,0,0
57905005,30,16,14,2,11,0,1,2,1,0,1,5,2,0,5,0,3,0,3,13,10,3,8,2,6,1,0,1,3,2,1,2,2,0
57906801,29,17,12,2,13,3,2,0,1,0,0,2,0,3,3,0,2,2,0,15,11,4,8,2,6,0,0,0,3,1,2,1,1,0
57906802,535,294,241,16,197,59,55,22,19,4,7,28,28,47,33,8,20,12,8,214,135,79,173,83,90,11,2,9,90,42,48,27,20,7
57906803,33,20,13,0,11,5,1,1,1,2,0,3,0,3,3,0,0,0,0,7,4,3,15,8,7,0,0,0,11,8,3,0,0,0
57906804,63,32,31,3,20,2,8,0,2,2,3,6,6,4,5,0,1,1,0,22,16,6,27,10,17,2,0,2,10,4,6,1,1,0
57907601,78,43,35,4,17,7,4,5,6,1,0,12,5,8,4,0,3,2,1,34,23,11,30,13,17,0,0,0,7,3,4,4,2,2
57909201,174,105,69,6,86,26,20,7,6,2,0,8,3,5,1,1,19,10,9,74,55,19,57,27,30,0,0,0,14,7,7,10,6,4
54882101,85,51,34,9,34,7,7,9,0,0,0,4,4,3,4,0,5,3,2,41,33,8,27,7,20,0,0,0,10,6,4,2,2,0
57910601,208,124,84,9,86,20,17,9,11,3,1,11,11,14,12,1,17,10,7,96,68,28,61,29,32,6,1,5,19,7,12,9,9,0
57911401,164,94,70,3,64,8,13,9,26,2,1,11,5,7,9,0,9,3,6,67,47,20,57,33,24,3,2,1,24,6,18,4,3,1
57911402,132,73,59,11,50,7,13,7,10,3,0,9,6,9,6,0,4,1,3,53,36,17,44,16,28,5,2,3,21,14,7,5,4,1
57911403,48,26,22,2,9,6,10,1,4,0,0,5,1,1,6,1,4,0,4,24,16,8,13,7,6,3,1,2,4,2,2,0,0,0
57912201,492,275,217,28,185,34,50,19,31,2,6,34,27,27,37,0,24,8,16,215,154,61,161,67,94,14,6,8,64,33,31,14,7,7
55486302,203,119,84,20,91,9,20,7,9,0,1,9,5,6,15,0,9,3,6,102,70,32,59,26,33,3,2,1,22,11,11,8,7,1
57914901,138,79,59,20,41,8,4,5,29,1,1,6,3,4,8,1,7,3,4,60,38,22,48,26,22,3,0,3,16,9,7,4,3,1
57915701,284,158,126,28,123,18,33,11,14,1,0,19,14,6,12,1,12,6,6,137,86,51,90,43,47,5,3,2,32,16,16,8,4,4
57915702,63,35,28,6,23,4,5,2,5,0,1,2,5,3,4,1,4,2,2,19,15,4,26,10,16,1,1,0,9,5,4,4,2,2
57916501,386,210,176,23,147,25,49,16,16,4,2,20,18,24,25,2,20,8,12,169,110,59,129,54,75,9,1,8,40,23,17,19,14,5
57917301,87,51,36,11,27,8,9,5,3,1,0,5,8,1,5,1,5,2,3,44,31,13,23,9,14,3,1,2,7,5,2,5,3,2
57917302,50,25,25,2,27,3,1,1,0,0,1,4,2,4,3,0,3,0,3,20,14,6,18,7,11,1,1,0,6,1,5,2,2,0
57917303,22,14,8,4,11,0,2,0,0,0,0,3,0,2,0,0,0,0,0,9,6,3,8,3,5,0,0,0,4,4,0,1,1,0
57917304,12,6,6,2,4,1,0,0,1,0,0,2,1,0,0,0,1,1,0,7,4,3,1,0,1,1,0,1,0,0,0,2,1,1
57918101,154,83,71,8,41,16,13,7,4,6,1,12,7,15,14,1,6,5,1,51,35,16,54,23,31,6,1,5,30,15,15,7,4,3
57918102,15,8,7,2,3,4,4,0,0,0,0,0,0,1,1,0,5,2,3,3,2,1,6,3,3,0,0,0,1,1,0,0,0,0
57918103,20,10,10,4,8,3,2,0,0,1,0,1,0,0,0,1,0,0,0,10,7,3,8,2,6,0,0,0,2,1,1,0,0,0
57919001,337,186,151,34,103,21,36,23,9,6,3,20,22,26,21,2,13,7,6,144,99,45,116,51,65,8,4,4,33,12,21,23,13,10
3126810,0,0,0,0,0,0,0,0,0,0,0,0,0,0,0,0,0,0,0,0,0,0,0,0,0,0,0,0,0,0,0,0,0,0
57920301,94,57,37,8,29,14,11,5,3,2,0,4,2,4,9,1,11,7,4,41,30,11,32,15,17,0,0,0,6,2,4,4,3,1
57920302,149,82,67,6,41,12,20,7,7,3,1,10,5,8,22,1,6,2,4,64,39,25,48,21,27,2,2,0,22,12,10,7,6,1
57920303,70,42,28,3,30,11,4,4,3,2,0,1,1,1,8,2,2,0,2,28,22,6,27,12,15,0,0,0,7,4,3,6,4,2
57920304,99,57,42,5,42,7,13,7,2,0,0,3,6,7,4,1,6,4,2,38,27,11,42,19,23,1,1,0,7,3,4,5,3,2
57920305,204,116,88,6,58,16,35,11,14,5,1,9,10,16,16,0,7,7,0,74,47,27,73,40,33,7,2,5,34,17,17,9,3,6
57920306,77,44,33,2,28,9,11,1,4,0,0,4,3,5,6,1,7,1,6,26,20,6,31,15,16,2,0,2,7,5,2,4,3,1
57920307,22,14,8,1,7,0,6,2,0,2,0,0,1,0,3,0,0,0,0,10,8,2,9,3,6,0,0,0,1,1,0,2,2,0
57920308,135,80,55,4,36,18,10,2,6,1,3,16,7,13,14,0,4,3,1,38,24,14,49,30,19,6,2,4,35,19,16,3,2,1
57920309,46,23,23,1,12,0,2,2,2,1,0,4,0,0,4,0,1,1,0,11,6,5,23,12,11,1,0,1,9,3,6,1,1,0
57920310,253,132,121,8,87,13,33,4,11,5,3,24,7,14,26,1,31,15,16,90,46,44,73,37,36,5,1,4,45,27,18,9,6,3
57920311,389,219,170,6,133,26,44,19,7,13,6,40,18,25,44,1,24,15,9,117,77,40,138,67,71,10,4,6,87,47,40,13,9,4
57920312,888,492,396,18,261,89,131,32,47,18,8,71,37,60,69,12,59,38,21,313,188,125,306,146,160,20,8,12,118,55,63,72,57,15
57920313,918,488,430,14,287,78,118,27,33,22,20,74,42,67,100,1,41,23,18,333,216,117,329,153,176,20,4,16,162,73,89,33,19,14
57920314,68,33,35,3,21,8,6,6,3,3,0,7,2,5,1,1,5,3,2,25,15,10,21,7,14,1,0,1,9,4,5,7,4,3
57920315,605,349,256,11,223,43,76,39,21,12,9,36,18,37,43,7,37,25,12,242,161,81,204,105,99,8,3,5,91,43,48,23,12,11
57920316,994,524,470,18,382,91,100,35,33,18,11,58,38,65,101,3,67,32,35,382,229,153,322,156,166,28,8,20,139,62,77,56,37,19
57920317,531,263,268,8,189,37,54,17,19,7,6,32,18,59,52,4,36,16,20,197,111,86,185,78,107,12,6,6,83,40,43,18,12,6
57920318,155,77,78,2,51,19,20,9,13,4,3,8,3,6,9,1,14,10,4,68,33,35,55,23,32,4,2,2,8,6,2,6,3,3
57920319,7,4,3,1,2,2,0,0,0,1,0,1,0,0,0,0,1,0,1,2,2,0,1,0,1,0,0,0,2,1,1,1,1,0
57920320,560,296,264,13,183,48,69,18,13,16,9,33,34,59,40,3,21,12,9,184,119,65,199,94,105,11,5,6,113,45,68,32,21,11
57920321,109,62,47,9,30,8,18,5,6,1,3,9,4,6,8,0,4,1,3,36,24,12,46,28,18,4,2,2,16,6,10,3,1,2
57920322,70,39,31,3,26,9,4,2,1,0,0,5,3,6,9,0,2,1,1,33,23,10,22,10,12,0,0,0,10,4,6,3,1,2
57920324,776,388,388,7,231,59,98,33,14,18,12,60,40,77,76,3,30,20,10,235,135,100,298,136,162,14,3,11,175,83,92,24,11,13
57921101,247,138,109,13,111,24,15,9,7,2,2,9,13,14,22,2,28,10,18,115,82,33,62,26,36,0,0,0,24,7,17,18,13,5
57921102,12,8,4,1,2,0,1,4,1,0,0,0,0,1,1,0,0,0,0,6,5,1,6,3,3,0,0,0,0,0,0,0,0,0
57921104,13,7,6,0,4,0,3,0,0,1,0,1,2,2,0,0,3,1,2,3,2,1,1,0,1,0,0,0,6,4,2,0,0,0
57921105,101,58,43,4,30,11,12,1,4,2,0,4,13,9,9,0,7,4,3,43,33,10,28,13,15,3,1,2,15,5,10,5,2,3
57921106,14,8,6,1,4,1,3,0,1,1,0,0,0,2,0,0,2,2,0,4,2,2,3,2,1,0,0,0,5,2,3,0,0,0
57921108,27,12,15,3,6,1,2,3,0,2,0,5,2,2,1,0,0,0,0,11,7,4,9,2,7,0,0,0,7,3,4,0,0,0
57921109,21,11,10,3,3,2,2,2,1,0,1,2,1,1,2,0,0,0,0,8,4,4,9,5,4,0,0,0,4,2,2,0,0,0
57921110,34,20,14,2,17,2,2,1,0,1,0,3,1,0,5,0,3,1,2,14,10,4,11,6,5,1,1,0,5,2,3,0,0,0
57922001,20,11,9,3,10,1,4,0,0,0,0,0,0,0,2,0,0,0,0,9,8,1,8,1,7,0,0,0,3,2,1,0,0,0
57922002,26,14,12,4,6,0,4,2,0,0,0,0,0,7,2,1,2,1,1,9,5,4,11,5,6,0,0,0,4,3,1,0,0,0
57922003,433,235,198,21,133,33,56,17,19,7,15,9,38,37,33,2,13,4,9,157,105,52,167,78,89,4,2,2,75,37,38,17,9,8
57923801,210,117,93,17,77,16,14,13,8,2,5,18,9,11,14,1,13,7,6,100,67,33,60,23,37,1,0,1,26,13,13,10,7,3
57925401,172,102,70,17,64,8,18,8,3,3,2,13,3,12,13,0,10,7,3,67,44,23,54,30,24,4,4,0,27,11,16,10,6,4
57926202,15,9,6,1,2,0,1,0,4,1,0,3,1,1,1,0,1,1,0,3,2,1,5,2,3,0,0,0,5,3,2,1,1,0
57926203,22,12,10,3,0,0,2,3,5,0,2,2,2,0,2,0,0,0,0,5,2,3,12,8,4,0,0,0,5,2,3,0,0,0
57926206,84,51,33,4,18,8,6,2,15,1,0,7,4,10,6,0,5,4,1,24,16,8,27,14,13,0,0,0,22,13,9,6,4,2
57926207,315,167,148,16,59,21,30,16,35,4,1,22,17,41,27,5,30,17,13,111,68,43,90,43,47,5,0,5,57,25,32,22,14,8
57926209,45,27,18,4,9,5,7,0,4,0,0,4,5,5,1,0,3,1,2,19,14,5,14,7,7,0,0,0,7,3,4,2,2,0
57927101,32,21,11,5,12,5,1,1,0,1,0,0,1,3,2,1,2,2,0,17,12,5,11,6,5,0,0,0,2,1,1,0,0,0
57927102,66,41,25,4,24,4,6,2,3,2,1,7,2,2,4,1,9,7,2,24,15,9,25,15,10,1,1,0,1,0,1,6,3,3
57927103,24,12,12,1,6,1,1,2,0,0,1,1,8,2,0,1,0,0,0,6,4,2,12,5,7,1,0,1,4,2,2,1,1,0
57927104,22,14,8,6,9,1,1,0,2,1,0,1,0,0,1,0,0,0,0,15,9,6,5,4,1,0,0,0,2,1,1,0,0,0
57929701,1927,1065,862,47,867,135,150,107,83,25,14,107,59,138,133,19,203,97,106,850,556,294,551,253,298,22,9,13,203,91,112,98,59,39
57930102,81,46,35,8,24,4,11,3,3,1,2,3,8,3,8,1,3,2,1,32,24,8,35,16,19,1,0,1,9,4,5,1,0,1
57930103,26,15,11,3,10,2,0,1,3,0,0,1,0,2,3,0,3,2,1,6,5,1,8,4,4,0,0,0,8,3,5,1,1,0
57931901,327,189,138,26,134,29,23,19,20,5,2,17,11,13,20,2,17,11,6,171,114,57,89,44,45,6,2,4,30,11,19,14,7,7
57931902,124,72,52,1,55,13,11,8,1,1,2,9,8,4,6,1,10,6,4,60,41,19,30,11,19,1,1,0,14,6,8,9,7,2
57931903,31,17,14,1,14,2,3,1,1,0,0,1,0,2,6,0,2,1,1,14,8,6,9,6,3,2,1,1,4,1,3,0,0,0
57932701,14,9,5,4,5,4,0,0,0,0,0,0,0,0,1,0,2,2,0,8,5,3,4,2,2,0,0,0,0,0,0,0,0,0
57932702,24,18,6,4,6,4,4,2,0,0,0,1,0,1,2,0,0,0,0,8,7,1,6,5,1,0,0,0,5,2,3,5,4,1
57932703,233,131,102,19,74,19,29,7,19,4,3,9,9,16,18,4,20,9,11,119,78,41,62,27,35,3,0,3,23,13,10,6,4,2
57933501,233,144,89,15,89,23,17,13,5,10,2,10,10,13,16,2,11,7,4,107,75,32,73,41,32,5,1,4,26,13,13,11,7,4
57933502,93,47,46,6,29,5,9,6,4,3,0,6,4,9,7,0,5,3,2,42,21,21,32,14,18,0,0,0,11,7,4,3,2,1
57935103,16,8,8,1,1,0,2,0,5,1,0,3,0,0,3,0,0,0,0,3,3,0,8,2,6,0,0,0,5,3,2,0,0,0
57935104,34,19,15,2,4,3,0,1,2,1,0,4,1,7,6,0,1,1,0,9,7,2,13,5,8,2,1,1,9,5,4,0,0,0
57935105,65,37,28,5,6,7,3,1,17,2,0,5,4,7,4,0,1,1,0,16,11,5,26,12,14,0,0,0,19,11,8,3,2,1
57935106,239,127,112,6,22,9,8,9,40,2,2,15,5,35,79,3,25,14,11,65,44,21,86,36,50,8,2,6,38,19,19,17,12,5
57937801,12,8,4,0,7,0,2,0,1,0,0,0,0,2,0,0,2,1,1,4,4,0,3,1,2,0,0,0,2,1,1,1,1,0
57937802,21,10,11,3,8,2,1,2,0,0,0,1,0,3,0,0,2,1,1,6,3,3,9,5,4,0,0,0,4,1,3,0,0,0
57937803,112,61,51,5,74,3,1,2,4,0,1,7,5,5,5,0,11,4,7,47,32,15,41,18,23,1,0,1,6,2,4,6,5,1
57937804,32,22,10,1,24,0,0,0,3,0,0,1,2,0,1,0,10,10,0,7,3,4,11,6,5,0,0,0,1,0,1,3,3,0
57937805,65,36,29,8,24,5,3,3,3,0,1,6,2,5,4,0,6,3,3,29,22,7,13,6,7,1,0,1,9,2,7,7,3,4
57937807,15,8,7,0,2,1,2,1,7,0,0,1,0,0,0,0,0,0,0,12,7,5,2,1,1,0,0,0,1,0,1,0,0,0
57938601,100,59,41,5,47,7,10,5,7,0,0,4,1,5,7,1,7,5,2,47,31,16,31,17,14,0,0,0,11,3,8,4,3,1
57939401,119,73,46,1,60,10,5,5,2,5,2,1,3,4,18,1,9,4,5,56,42,14,38,20,18,2,0,2,13,7,6,1,0,1
57939402,24,14,10,2,8,4,1,2,0,0,0,1,1,0,3,0,1,1,0,14,10,4,6,1,5,2,1,1,1,1,0,0,0,0
57939403,99,58,41,2,38,7,4,9,2,1,0,9,4,5,12,0,6,5,1,55,33,22,24,12,12,1,1,0,10,5,5,3,2,1
57940801,14,8,6,1,4,0,1,1,0,0,0,2,1,2,2,0,0,0,0,1,1,0,9,5,4,1,0,1,2,1,1,1,1,0
57940803,83,49,34,7,28,6,11,5,3,0,1,5,5,4,4,1,7,4,3,36,26,10,24,12,12,1,1,0,12,4,8,3,2,1
57940804,20,15,5,1,6,3,0,0,1,1,0,4,2,0,0,0,0,0,0,8,6,2,8,5,3,0,0,0,4,4,0,0,0,0
53080801,82,44,38,5,30,1,10,10,6,2,0,2,6,4,3,0,5,2,3,33,22,11,32,13,19,1,1,0,7,3,4,4,3,1
57941602,30,17,13,2,10,4,4,3,1,0,0,3,1,0,2,0,1,1,0,15,9,6,10,4,6,1,0,1,1,1,0,2,2,0
57941603,92,58,34,9,22,10,10,3,4,2,2,8,4,6,2,0,8,4,4,31,24,7,35,18,17,2,1,1,13,8,5,3,3,0
57942401,270,151,119,20,103,14,27,21,11,2,1,12,12,21,14,1,10,5,5,127,83,44,83,37,46,6,2,4,25,11,14,19,13,6
54880401,159,89,70,13,58,16,11,10,4,0,2,14,7,6,14,1,14,3,11,89,54,35,40,24,16,0,0,0,6,2,4,10,6,4
57943201,228,130,98,14,100,13,25,8,12,1,1,6,12,17,11,2,7,4,3,118,75,43,72,39,33,3,0,3,18,6,12,10,6,4
57943202,644,352,292,27,255,35,89,23,37,9,7,32,30,43,29,1,37,14,23,268,169,99,211,98,113,12,3,9,97,55,42,19,13,6
57944101,43,23,20,3,10,7,3,4,4,1,1,1,2,2,3,0,3,1,2,17,12,5,16,8,8,0,0,0,5,1,4,2,1,1
57944102,20,11,9,2,6,1,1,0,1,2,0,1,3,1,0,0,0,0,0,6,4,2,5,3,2,2,0,2,7,4,3,0,0,0
57944103,12,7,5,0,5,2,2,1,0,0,0,0,0,1,1,0,0,0,0,5,4,1,6,3,3,0,0,0,1,0,1,0,0,0
57944104,16,9,7,1,9,2,1,2,0,0,0,1,0,0,0,0,2,1,1,7,5,2,5,1,4,0,0,0,1,1,0,1,1,0
57947501,153,81,72,9,49,8,16,13,5,2,2,18,8,9,9,1,6,1,5,65,40,25,50,23,27,2,1,1,25,12,13,5,4,1
57947502,20,10,10,3,9,1,1,1,1,0,0,0,2,1,0,0,1,1,0,10,6,4,6,3,3,0,0,0,3,0,3,0,0,0
57948301,65,38,27,4,25,5,7,1,0,0,0,1,4,8,6,1,1,1,0,30,21,9,26,12,14,2,1,1,6,3,3,0,0,0
57948302,10,7,3,1,3,0,1,1,0,0,0,0,0,1,1,0,1,1,0,3,3,0,5,2,3,0,0,0,1,1,0,0,0,0
54647001,56,35,21,8,18,10,2,1,0,0,0,4,6,2,2,0,5,4,1,24,16,8,15,6,9,1,0,1,8,6,2,3,3,0
54647002,35,19,16,4,13,0,4,2,1,0,0,2,1,2,2,0,2,1,1,18,13,5,9,3,6,0,0,0,6,2,4,0,0,0
57950501,50,31,19,5,2,0,0,0,30,1,0,3,2,2,2,0,0,0,0,10,7,3,28,16,12,0,0,0,12,8,4,0,0,0
57950502,46,29,17,8,4,3,2,0,22,0,0,2,1,0,1,0,2,1,1,22,14,8,15,7,8,2,2,0,4,4,0,1,1,0
57951301,616,327,289,13,221,45,63,44,14,5,10,29,49,56,48,5,26,9,17,222,135,87,239,114,125,8,1,7,102,54,48,19,14,5
57951302,129,117,12,2,59,5,1,0,2,1,0,3,47,1,5,2,59,58,1,49,45,4,17,10,7,0,0,0,2,2,0,2,2,0
57951303,33,19,14,2,11,3,3,2,1,0,0,2,0,2,5,0,2,0,2,13,9,4,15,8,7,0,0,0,2,1,1,1,1,0
57951304,45,29,16,1,16,6,6,3,1,3,1,2,3,0,2,0,7,4,3,18,12,6,11,8,3,1,0,1,2,1,1,6,4,2
57953001,77,48,29,11,28,7,7,3,3,0,1,2,1,7,4,0,0,0,0,36,25,11,30,17,13,2,1,1,5,2,3,4,3,1
57954801,96,60,36,10,18,8,13,14,9,2,0,4,4,3,7,1,10,9,1,42,31,11,26,10,16,1,1,0,10,4,6,7,5,2
57954802,154,87,67,12,54,20,9,10,6,3,0,8,6,11,10,1,15,8,7,70,45,25,46,26,20,1,0,1,12,4,8,10,4,6
57954803,868,486,382,43,295,88,56,59,52,6,10,48,40,69,64,8,76,39,37,379,239,140,262,128,134,16,6,10,94,46,48,41,28,13
57955601,10,6,4,2,4,1,0,0,0,0,0,0,2,0,1,0,1,0,1,5,3,2,3,3,0,1,0,1,0,0,0,0,0,0
57955602,24,14,10,1,12,0,1,2,2,0,1,2,1,0,0,2,1,1,0,16,10,6,3,1,2,0,0,0,3,2,1,1,0,1
57955603,273,156,117,12,112,25,23,16,14,2,2,14,13,15,16,2,16,7,9,132,87,45,85,40,45,1,0,1,21,10,11,18,12,6
57955604,64,40,24,5,21,11,6,1,5,2,1,2,2,5,3,0,5,2,3,27,21,6,19,10,9,4,1,3,6,4,2,3,2,1
57955606,65,41,24,3,31,7,7,0,1,1,1,4,3,1,3,1,3,2,1,30,20,10,19,14,5,0,0,0,9,2,7,4,3,1
57955607,27,14,13,1,8,5,2,1,1,0,0,4,0,0,2,0,2,1,1,9,5,4,11,6,5,1,0,1,4,2,2,0,0,0
57955608,33,20,13,1,12,7,2,2,0,0,0,1,0,3,1,0,1,1,0,13,7,6,16,11,5,1,1,0,1,0,1,1,0,1
57956401,208,109,99,8,65,21,24,6,9,9,3,9,11,15,20,1,7,3,4,71,50,21,85,32,53,3,2,1,36,18,18,6,4,2
57956402,60,35,25,1,16,9,8,2,1,2,1,6,3,3,4,0,1,1,0,21,15,6,24,14,10,1,0,1,13,5,8,0,0,0
57956403,39,21,18,3,16,3,7,2,0,0,0,1,4,3,0,0,2,2,0,13,7,6,17,9,8,0,0,0,5,2,3,2,1,1
57956404,66,41,25,3,24,4,7,3,0,1,1,6,5,7,2,1,3,0,3,22,17,5,25,14,11,1,0,1,11,7,4,4,3,1
57958102,233,127,106,4,9,4,15,14,118,4,0,16,11,7,11,2,9,4,5,65,40,25,92,47,45,5,3,2,54,28,26,8,5,3
57958103,68,36,32,0,4,4,6,2,29,6,0,4,2,0,4,1,4,2,2,19,13,6,22,9,13,0,0,0,16,10,6,7,2,5
57958104,108,56,52,5,5,3,6,7,51,3,0,6,2,2,10,0,5,1,4,36,21,15,50,27,23,4,2,2,12,4,8,1,1,0
57959901,333,189,144,20,119,25,24,22,6,8,1,23,18,24,30,4,24,14,10,155,107,48,92,38,54,4,2,2,39,14,25,19,14,5
57959902,110,57,53,11,35,9,10,11,3,0,1,6,5,8,9,1,7,3,4,42,26,16,45,22,23,2,0,2,11,4,7,3,2,1
57959903,108,60,48,9,44,8,6,12,2,0,1,3,10,5,5,0,8,3,5,38,24,14,45,27,18,3,1,2,13,5,8,1,0,1
57959904,39,21,18,0,13,5,4,0,2,1,1,4,3,2,4,0,4,2,2,18,11,7,14,8,6,0,0,0,2,0,2,1,0,1
57960201,293,177,116,21,126,29,22,11,7,1,3,17,16,10,20,4,14,7,7,156,111,45,88,43,45,4,1,3,18,6,12,13,9,4
57962901,423,235,188,12,214,34,23,23,10,4,2,24,17,25,22,2,45,23,22,203,134,69,120,56,64,7,0,7,25,7,18,23,15,8
57962902,14,9,5,2,5,0,0,0,2,0,0,0,1,2,1,0,1,1,0,5,3,2,3,1,2,0,0,0,5,4,1,0,0,0
57963701,1355,741,614,38,545,85,120,65,38,37,19,64,83,118,101,7,75,37,38,509,329,180,481,238,243,22,7,15,221,97,124,47,33,14
57964501,62,38,24,5,19,8,1,2,5,0,0,8,2,4,8,0,5,4,1,24,18,6,22,11,11,0,0,0,8,2,6,3,3,0
57964502,134,74,60,9,55,15,11,4,9,3,1,7,4,9,5,1,11,6,5,63,40,23,39,18,21,2,1,1,7,2,5,12,7,5
57964504,41,23,18,2,20,2,4,2,1,1,0,1,1,1,4,1,8,4,4,23,14,9,5,2,3,1,0,1,3,2,1,1,1,0
57964505,236,144,92,3,138,15,15,10,9,3,2,9,9,11,8,0,25,11,14,98,70,28,70,38,32,2,0,2,16,8,8,25,17,8
57964506,127,74,53,4,69,5,10,5,3,1,1,9,6,9,2,1,8,5,3,52,38,14,43,17,26,3,2,1,12,6,6,9,6,3
57964507,31,19,12,4,8,2,0,5,1,0,0,1,2,3,2,1,2,1,1,13,10,3,9,3,6,1,0,1,4,3,1,2,2,0
57964508,39,17,22,1,21,2,2,0,1,0,1,5,2,2,1,1,5,0,5,15,9,6,9,4,5,0,0,0,1,0,1,9,4,5
57964509,319,192,127,28,149,13,28,15,8,0,0,15,18,14,18,4,21,13,8,149,104,45,88,44,44,5,0,5,30,12,18,26,19,7
54881201,28,18,10,3,11,6,1,1,0,0,0,0,1,0,4,0,1,0,1,16,11,5,8,5,3,1,0,1,1,1,0,1,1,0
57966101,60,38,22,2,13,12,4,8,1,1,0,6,3,3,4,2,5,3,2,24,18,6,19,10,9,0,0,0,8,4,4,4,3,1
57966102,27,14,13,1,10,1,2,0,2,0,2,1,0,3,2,0,3,1,2,7,6,1,10,4,6,1,0,1,4,2,2,2,1,1
57966103,47,27,20,3,17,2,3,5,2,0,1,2,2,1,8,0,1,1,0,26,14,12,13,6,7,3,2,1,2,2,0,2,2,0
57966104,154,87,67,12,44,14,12,11,11,2,2,9,12,12,8,2,7,3,4,64,42,22,54,27,27,2,1,1,17,5,12,10,9,1
57966105,18,9,9,0,5,1,5,1,3,1,0,0,0,1,1,0,1,0,1,7,5,2,8,3,5,1,0,1,1,1,0,0,0,0
57969602,92,50,42,3,11,5,4,1,42,2,0,4,5,3,6,0,2,1,1,33,22,11,33,17,16,1,0,1,20,8,12,3,2,1
57972601,170,97,73,6,59,12,18,11,2,3,1,11,12,15,15,0,9,5,4,65,42,23,53,28,25,2,0,2,35,18,17,6,4,2
57973401,62,36,26,7,14,8,4,4,8,1,1,3,1,4,6,0,10,6,4,23,14,9,16,9,7,2,1,1,9,4,5,2,2,0
57973402,488,276,212,19,105,55,45,27,53,10,7,35,16,40,51,6,34,16,18,181,120,61,149,71,78,8,3,5,85,42,43,31,24,7
57973403,332,180,152,5,75,43,24,16,35,5,1,24,8,21,53,3,16,6,10,154,99,55,113,46,67,3,1,2,26,14,12,20,14,6
57974202,328,174,154,6,19,6,18,19,121,9,2,36,18,19,14,0,13,9,4,83,54,29,141,73,68,8,3,5,67,28,39,16,7,9
57974204,41,27,14,0,3,2,0,2,20,1,0,2,1,1,2,0,0,0,0,11,9,2,20,11,9,1,1,0,6,4,2,3,2,1
57974205,22,13,9,2,2,0,1,1,5,1,0,2,7,0,0,0,1,1,0,3,2,1,12,8,4,0,0,0,5,2,3,1,0,1
57974209,35,25,10,0,2,0,1,0,21,0,0,8,0,1,0,1,3,3,0,10,9,1,18,12,6,0,0,0,3,1,2,1,0,1
57974212,159,88,71,3,12,2,13,9,70,1,1,15,5,9,5,0,7,3,4,43,28,15,65,34,31,2,0,2,38,21,17,4,2,2
57974213,17,10,7,2,0,0,0,0,12,0,0,2,0,1,0,0,0,0,0,7,5,2,6,3,3,1,1,0,3,1,2,0,0,0
57975101,39,25,14,1,17,5,6,2,0,1,0,3,3,0,0,0,3,1,2,19,13,6,11,8,3,1,0,1,4,2,2,1,1,0
1690990,0,0,0,0,0,0,0,0,0,0,0,0,0,0,0,0,0,0,0,0,0,0,0,0,0,0,0,0,0,0,0,0,0,0
1691290,0,0,0,0,0,0,0,0,0,0,0,0,0,0,0,0,0,0,0,0,0,0,0,0,0,0,0,0,0,0,0,0,0,0
1691700,0,0,0,0,0,0,0,0,0,0,0,0,0,0,0,0,0,0,0,0,0,0,0,0,0,0,0,0,0,0,0,0,0,0
3126900,0,0,0,0,0,0,0,0,0,0,0,0,0,0,0,0,0,0,0,0,0,0,0,0,0,0,0,0,0,0,0,0,0,0
3200300,0,0,0,0,0,0,0,0,0,0,0,0,0,0,0,0,0,0,0,0,0,0,0,0,0,0,0,0,0,0,0,0,0,0
57902501,61,38,23,5,18,7,7,4,1,0,1,2,5,4,4,1,3,2,1,30,23,7,15,7,8,0,0,0,12,5,7,1,1,0
57902502,38,20,18,0,22,1,1,8,0,0,0,3,1,2,0,0,3,2,1,21,12,9,11,4,7,0,0,0,0,0,0,3,2,1
57902503,68,42,26,0,28,10,3,4,2,2,0,2,6,6,4,0,1,1,0,32,22,10,27,14,13,0,0,0,6,3,3,2,2,0
57902504,54,33,21,4,22,3,0,6,3,3,0,1,3,7,0,0,2,0,2,28,21,7,12,5,7,0,0,0,9,4,5,3,3,0
57902505,12,8,4,0,2,0,4,2,1,0,0,0,1,0,2,0,0,0,0,6,6,0,2,0,2,0,0,0,4,2,2,0,0,0
57902506,38,20,18,3,15,1,4,2,4,1,0,3,2,1,2,0,1,1,0,16,10,6,14,7,7,2,0,2,5,2,3,0,0,0
57902508,108,64,44,3,44,14,9,9,3,1,0,5,3,7,9,0,11,6,5,52,33,19,31,18,13,2,1,1,4,0,4,8,6,2
57902510,11,7,4,0,3,3,1,2,0,0,0,0,1,0,1,0,1,1,0,3,3,0,5,2,3,0,0,0,2,1,1,0,0,0
57902511,15,7,8,0,7,0,2,0,0,0,0,1,0,3,2,0,0,0,0,4,3,1,4,1,3,3,1,2,4,2,2,0,0,0
57902512,154,92,62,10,49,17,24,13,2,3,2,4,6,10,8,2,5,4,1,88,59,29,31,11,20,2,1,1,21,12,9,7,5,2
57902513,36,18,18,4,13,5,5,0,0,0,0,4,2,2,1,0,1,1,0,19,12,7,7,1,6,1,0,1,5,3,2,3,1,2
57902514,48,25,23,6,16,7,9,3,1,0,0,2,2,0,0,0,5,5,0,23,11,12,14,7,7,0,0,0,1,0,1,5,2,3
57902515,44,26,18,6,19,1,2,4,1,1,0,0,1,4,4,0,0,0,0,24,15,9,12,7,5,0,0,0,8,4,4,0,0,0
57902516,33,16,17,0,8,5,3,0,0,0,1,3,1,7,2,0,2,1,1,8,5,3,9,3,6,2,0,2,10,6,4,2,1,1
57902517,179,92,87,1,55,9,18,10,6,3,3,11,10,24,22,0,10,4,6,51,28,23,71,40,31,4,3,1,40,15,25,3,2,1
57902518,1081,563,518,22,368,72,90,61,45,24,17,90,68,67,100,5,61,28,33,363,210,153,402,196,206,25,8,17,179,89,90,51,32,19
57902519,21,11,10,0,3,0,4,0,0,2,1,3,1,2,4,0,0,0,0,4,2,2,13,7,6,0,0,0,3,2,1,1,0,1
57902520,650,347,303,11,207,41,59,44,25,19,9,52,37,53,63,0,34,20,14,179,108,71,252,124,128,12,5,7,156,79,77,17,11,6
57902522,622,324,298,7,210,47,55,30,20,6,7,66,33,39,60,10,31,18,13,193,103,90,237,122,115,8,2,6,123,56,67,30,23,7
57902523,713,371,342,4,285,37,46,46,26,15,10,60,45,37,76,7,45,17,28,227,128,99,262,125,137,14,6,8,115,59,56,50,36,14
57902524,463,246,217,6,143,26,62,27,17,20,5,29,34,28,47,2,19,10,9,114,69,45,184,97,87,10,3,7,125,61,64,11,6,5
57902526,443,222,221,4,130,25,42,15,14,10,9,45,28,43,58,4,16,10,6,61,40,21,172,73,99,10,5,5,173,84,89,11,10,1
57902528,148,74,74,1,43,11,15,4,12,4,4,9,10,8,15,2,5,2,3,48,26,22,60,29,31,2,0,2,26,11,15,7,6,1
57902529,525,270,255,7,205,31,41,31,18,11,7,43,31,32,47,2,32,15,17,183,114,69,210,92,118,10,5,5,75,35,40,15,9,6
57902530,614,320,294,7,228,45,65,27,19,14,8,53,31,46,53,2,43,22,21,202,120,82,224,108,116,9,1,8,112,54,58,24,15,9
57902531,16,8,8,0,4,1,2,2,0,0,0,1,2,1,3,0,3,3,0,2,2,0,5,1,4,0,0,0,4,1,3,2,1,1
57902532,163,85,78,4,37,11,16,9,5,3,8,16,9,16,24,1,5,3,2,29,19,10,56,27,29,2,2,0,70,33,37,1,1,0
57902533,11,4,7,0,5,1,1,1,1,0,1,0,0,1,0,0,0,0,0,6,2,4,3,2,1,0,0,0,0,0,0,2,0,2
57902534,412,217,195,5,125,36,37,10,22,11,5,36,25,32,54,3,19,10,9,126,78,48,147,66,81,17,8,9,89,45,44,14,10,4
57902535,1411,743,668,15,479,92,112,54,43,39,28,117,76,105,177,8,64,34,30,393,244,149,559,271,288,34,12,22,316,153,163,45,29,16
57902536,291,156,135,6,83,37,43,13,12,6,5,21,10,27,15,0,12,6,6,103,69,34,105,46,59,3,2,1,53,26,27,15,7,8
57902537,77,42,35,0,25,3,7,2,1,4,0,8,7,9,10,0,1,1,0,8,6,2,31,14,17,1,1,0,36,20,16,0,0,0
57902538,179,96,83,0,72,10,19,11,10,3,3,14,5,7,16,1,20,10,10,63,40,23,58,27,31,1,0,1,22,10,12,15,9,6
57902539,127,67,60,1,43,13,9,8,8,3,3,8,10,5,9,1,8,7,1,37,24,13,49,21,28,2,1,1,26,11,15,5,3,2
57902540,869,459,410,6,340,42,96,55,22,16,12,62,59,57,76,7,55,15,40,340,205,135,324,157,167,15,9,6,107,56,51,28,17,11
57902541,2035,1059,976,19,773,119,203,109,79,39,32,133,119,144,178,15,160,86,74,761,457,304,737,324,413,20,7,13,285,144,141,72,41,31
57902542,98,60,38,1,29,9,13,8,5,4,2,6,4,5,11,0,4,3,1,23,14,9,41,27,14,2,2,0,25,13,12,3,1,2
57902544,704,376,328,13,266,52,74,33,35,10,11,55,18,40,56,12,58,29,29,281,162,119,209,102,107,9,3,6,96,49,47,51,31,20
57902545,128,69,59,4,49,7,14,9,5,4,1,5,13,5,7,0,10,6,4,43,27,16,49,24,25,0,0,0,25,12,13,1,0,1
57902546,75,40,35,2,21,6,6,5,5,4,0,7,7,3,8,0,0,0,0,27,18,9,29,14,15,4,1,3,14,6,8,1,1,0
57902547,628,333,295,12,263,49,58,34,25,13,9,32,33,39,35,6,49,23,26,267,157,110,194,89,105,8,3,5,83,43,40,27,18,9
57902548,66,38,28,2,20,6,7,7,5,0,2,8,1,1,2,3,6,3,3,20,15,5,22,8,14,1,0,1,7,4,3,10,8,2
57902549,80,44,36,1,34,8,8,5,6,3,0,4,5,3,2,0,6,2,4,46,30,16,24,11,13,0,0,0,3,0,3,1,1,0
57902551,147,79,68,8,48,16,17,3,3,1,3,9,7,6,19,0,4,0,4,46,28,18,63,34,29,3,2,1,26,13,13,5,2,3
57902552,68,38,30,1,18,5,9,6,4,0,0,3,4,5,9,1,2,0,2,27,16,11,19,11,8,0,0,0,14,7,7,6,4,2
57902553,180,99,81,11,68,15,10,11,1,3,1,13,7,23,15,1,13,7,6,67,47,20,60,26,34,2,1,1,34,16,18,4,2,2
57902554,32,16,16,2,12,1,2,4,1,1,0,4,0,4,0,0,2,0,2,9,6,3,11,5,6,2,0,2,4,2,2,4,3,1
57902555,620,405,215,15,189,64,84,30,41,9,8,56,22,28,38,7,61,46,15,194,138,56,172,86,86,8,0,8,74,41,33,111,94,17
57976902,19,13,6,3,11,0,1,0,0,1,0,0,1,2,0,0,0,0,0,9,5,4,6,5,1,1,1,0,3,2,1,0,0,0
57976903,23,14,9,2,6,3,3,4,0,0,0,0,0,4,1,0,0,0,0,16,10,6,4,2,2,1,1,0,1,0,1,1,1,0
57976904,29,20,9,1,16,1,4,2,0,0,2,0,1,0,1,0,1,0,1,11,8,3,14,10,4,2,1,1,0,0,0,1,1,0
57976905,8,4,4,1,1,0,0,0,2,0,0,1,0,1,0,0,0,0,0,0,0,0,2,1,1,0,0,0,6,3,3,0,0,0
57976906,150,84,66,13,32,14,25,6,5,3,0,11,8,12,15,1,4,1,3,59,42,17,47,26,21,9,1,8,26,10,16,5,4,1
57977701,167,92,75,6,70,11,15,14,2,1,1,11,7,10,16,1,6,4,2,75,52,23,57,25,32,3,0,3,18,7,11,8,4,4
57977702,2124,1174,950,60,824,145,263,113,61,42,7,144,91,132,160,16,190,101,89,878,552,326,686,332,354,21,6,15,229,99,130,120,84,36
57978501,56,32,24,0,18,5,5,1,1,3,1,5,1,7,3,0,2,0,2,25,15,10,14,10,4,0,0,0,11,6,5,4,1,3
57978503,102,54,48,2,33,12,6,9,0,4,0,10,2,6,12,0,1,1,0,49,30,19,32,15,17,0,0,0,15,4,11,5,4,1
57978504,424,244,180,28,159,26,39,31,1,4,6,19,34,33,32,3,13,12,1,151,101,50,164,90,74,11,4,7,65,26,39,20,11,9
57979301,41,20,21,5,11,4,4,1,2,0,1,4,4,0,3,1,1,0,1,12,8,4,16,6,10,0,0,0,12,6,6,0,0,0
57979302,79,45,34,3,27,5,6,5,3,2,3,6,3,1,9,1,8,4,4,36,20,16,16,8,8,1,1,0,16,10,6,2,2,0
57979303,15,9,6,0,6,3,2,1,0,0,0,1,0,0,1,0,0,0,0,11,8,3,3,1,2,0,0,0,1,0,1,0,0,0
57459701,9,5,4,0,4,1,0,0,0,2,0,0,0,2,0,0,0,0,0,6,3,3,1,1,0,0,0,0,1,0,1,1,1,0
57459702,73,40,33,4,24,6,9,8,3,0,0,3,3,6,4,0,5,1,4,30,20,10,25,15,10,2,0,2,9,2,7,2,2,0
57981501,20,10,10,0,4,3,3,0,1,1,0,4,1,1,2,0,2,1,1,7,4,3,8,3,5,0,0,0,3,2,1,0,0,0
57981502,213,120,93,16,84,22,19,8,4,3,1,8,11,10,18,2,16,7,9,98,67,31,70,31,39,3,0,3,19,9,10,7,6,1
57981503,45,26,19,1,11,5,8,5,0,1,0,2,2,4,4,2,2,2,0,25,16,9,9,4,5,1,1,0,2,0,2,6,3,3
57981504,250,145,105,26,97,22,35,10,9,1,1,13,7,12,12,3,27,15,12,117,70,47,57,26,31,4,1,3,19,11,8,26,22,4
57981506,128,69,59,8,39,9,20,8,5,3,3,5,4,12,10,0,9,5,4,47,30,17,45,20,25,5,2,3,15,7,8,7,5,2
57981508,19,11,8,1,3,3,3,0,2,0,0,1,0,1,3,0,1,1,0,7,4,3,7,4,3,1,1,0,3,1,2,0,0,0
57981509,11,8,3,0,5,1,1,2,2,0,0,0,0,0,0,0,0,0,0,5,4,1,5,3,2,0,0,0,0,0,0,1,1,0
57982302,270,152,118,18,77,22,33,15,9,5,5,22,11,20,17,2,10,6,4,93,67,26,100,50,50,12,3,9,37,17,20,18,9,9
57983101,77,42,35,12,23,6,6,5,2,1,1,3,7,6,4,0,3,2,1,35,26,9,28,11,17,1,0,1,8,3,5,2,0,2
57983102,116,67,49,15,40,6,21,9,0,1,0,8,1,6,6,1,6,5,1,60,39,21,32,12,20,0,0,0,11,6,5,7,5,2
3038790,0,0,0,0,0,0,0,0,0,0,0,0,0,0,0,0,0,0,0,0,0,0,0,0,0,0,0,0,0,0,0,0,0,0
3127620,0,0,0,0,0,0,0,0,0,0,0,0,0,0,0,0,0,0,0,0,0,0,0,0,0,0,0,0,0,0,0,0,0,0
57985802,126,71,55,6,33,7,14,6,5,4,2,12,11,9,13,2,4,2,2,29,22,7,55,26,29,2,1,1,30,15,15,6,5,1
57985803,738,413,325,24,269,41,80,22,55,19,9,53,36,47,48,7,34,20,14,241,161,80,297,152,145,11,4,7,128,60,68,27,16,11
57985804,416,234,182,12,114,27,55,16,50,12,5,37,17,20,26,3,23,8,15,121,81,40,149,79,70,2,1,1,94,44,50,27,21,6
57985806,108,62,46,3,28,12,7,5,17,1,3,14,3,5,4,0,5,3,2,41,28,13,36,19,17,2,0,2,19,11,8,5,1,4
57985808,69,35,34,4,9,4,5,3,19,1,0,5,4,4,2,0,1,1,0,26,16,10,31,13,18,0,0,0,10,4,6,1,1,0
57985809,276,160,116,8,104,14,24,13,24,2,2,24,8,10,26,3,30,18,12,106,75,31,95,44,51,3,1,2,30,16,14,12,6,6
57985810,913,486,427,15,325,50,94,30,86,15,11,63,34,51,87,4,42,21,21,327,199,128,341,168,173,24,8,16,142,64,78,37,26,11
57985811,359,185,174,6,116,23,49,9,29,5,4,35,15,23,24,4,25,14,11,145,87,58,119,57,62,5,0,5,54,22,32,11,5,6
57985813,1152,641,511,24,356,69,127,28,108,20,24,103,53,74,79,17,80,35,45,367,237,130,376,188,188,29,15,14,225,114,111,75,52,23
57985814,1088,549,539,17,381,36,106,42,121,29,20,70,50,81,90,4,47,23,24,366,204,162,435,201,234,21,8,13,182,87,95,37,26,11
57985815,54,27,27,0,20,3,8,5,3,0,1,4,0,6,3,1,3,2,1,28,14,14,17,9,8,1,0,1,3,1,2,2,1,1
57985816,16,8,8,1,5,3,4,1,1,0,0,0,0,1,0,0,1,0,1,7,6,1,4,1,3,0,0,0,3,1,2,1,0,1
57985817,490,253,237,7,146,22,62,18,31,12,11,31,19,31,69,2,21,9,12,180,106,74,178,87,91,12,5,7,78,34,44,21,12,9
54883901,34,19,15,2,16,3,3,0,0,3,0,2,2,1,1,0,2,1,1,9,6,3,13,7,6,2,0,2,8,5,3,0,0,0
54883902,9,5,4,0,5,1,0,2,0,0,0,0,0,0,0,0,0,0,0,4,3,1,3,1,2,1,0,1,0,0,0,1,1,0
54883903,23,11,12,2,8,1,4,0,0,1,0,3,1,2,1,0,0,0,0,7,4,3,8,4,4,1,0,1,4,2,2,3,1,2
54884701,57,29,28,4,23,3,6,1,0,2,0,3,2,7,4,1,1,0,1,22,16,6,20,7,13,2,0,2,10,4,6,2,2,0
57986601,122,68,54,10,43,10,2,11,4,0,1,7,11,10,10,0,12,4,8,50,35,15,39,19,20,4,2,2,12,5,7,5,3,2
1942550,0,0,0,0,0,0,0,0,0,0,0,0,0,0,0,0,0,0,0,0,0,0,0,0,0,0,0,0,0,0,0,0,0,0
57987401,118,66,52,2,54,4,6,2,6,4,2,6,10,6,9,2,8,5,3,53,33,20,33,15,18,6,1,5,16,10,6,2,2,0
57987403,6,4,2,0,1,1,0,0,0,0,0,3,0,0,0,0,0,0,0,2,1,1,2,1,1,0,0,0,2,2,0,0,0,0
57987407,1202,671,531,27,522,102,88,53,47,8,6,68,73,61,105,13,119,68,51,523,329,194,336,164,172,30,11,19,111,49,62,83,50,33
57118101,48,27,21,2,25,3,1,4,3,2,0,3,0,1,2,0,2,2,0,18,11,7,21,12,9,2,0,2,4,1,3,1,1,0
57118102,71,41,30,5,24,7,5,8,4,0,0,1,4,7,4,1,3,0,3,18,13,5,30,16,14,3,1,2,9,5,4,8,6,2
57118103,37,22,15,3,14,0,0,3,2,1,1,3,4,4,1,0,0,0,0,18,12,6,14,9,5,0,0,0,3,0,3,2,1,1
57118104,18,8,10,1,8,1,1,0,1,0,0,0,1,1,2,2,1,0,1,11,6,5,6,2,4,0,0,0,0,0,0,0,0,0
57118105,17,12,5,2,6,0,1,4,1,0,0,1,0,0,1,1,0,0,0,11,9,2,6,3,3,0,0,0,0,0,0,0,0,0
57118106,20,13,7,1,5,2,4,0,0,1,0,4,0,1,1,0,0,0,0,5,4,1,9,5,4,0,0,0,2,1,1,4,3,1
57118108,34,19,15,1,16,1,1,0,2,1,0,3,4,3,2,0,1,0,1,9,8,1,17,6,11,0,0,0,6,4,2,1,1,0
57394901,30,18,12,5,16,1,0,0,1,1,1,2,0,0,3,0,1,1,0,13,9,4,10,2,8,0,0,0,5,5,0,1,1,0
50500501,8,3,5,1,1,0,0,1,1,0,0,1,1,1,1,0,0,0,0,0,0,0,2,1,1,1,0,1,5,2,3,0,0,0
50500502,211,122,89,12,73,14,16,14,3,6,6,15,9,14,19,3,6,3,3,91,68,23,68,27,41,6,3,3,33,16,17,7,5,2
57120201,113,71,42,11,36,7,7,12,4,3,2,3,4,11,8,1,4,3,1,45,31,14,48,31,17,0,0,0,12,4,8,4,2,2
57120202,51,29,22,5,20,2,4,1,1,0,0,3,7,5,1,0,0,0,0,23,15,8,19,9,10,0,0,0,8,5,3,1,0,1
57120203,15,7,8,0,3,1,1,2,2,0,0,2,3,0,1,0,0,0,0,6,5,1,6,1,5,0,0,0,3,1,2,0,0,0
57120204,40,20,20,6,11,0,1,3,4,0,1,3,2,5,4,0,2,1,1,18,13,5,12,3,9,2,1,1,6,2,4,0,0,0
57120205,46,28,18,7,18,1,2,2,0,0,1,6,3,3,0,0,1,0,1,14,9,5,13,10,3,2,1,1,15,7,8,1,1,0
57120206,13,8,5,2,3,1,0,1,1,0,0,0,0,4,1,0,0,0,0,6,4,2,3,1,2,0,0,0,2,1,1,2,2,0
57120207,8,5,3,2,6,0,0,0,0,0,0,0,0,0,0,0,0,0,0,2,1,1,3,2,1,0,0,0,3,2,1,0,0,0
57120208,13,7,6,0,6,1,0,0,0,0,1,0,1,2,2,0,0,0,0,4,3,1,3,1,2,1,1,0,5,2,3,0,0,0
54786701,76,44,32,4,29,7,4,3,6,2,1,3,4,4,5,1,4,2,2,36,24,12,25,12,13,1,1,0,7,3,4,3,2,1
57122901,74,43,31,14,20,10,12,5,0,1,0,3,1,6,0,2,2,1,1,35,22,13,23,13,10,0,0,0,11,5,6,3,2,1
57122902,25,13,12,2,6,1,4,3,1,0,0,2,1,1,3,1,3,1,2,10,7,3,9,3,6,0,0,0,1,1,0,2,1,1
57123701,91,53,38,11,41,6,9,8,1,1,1,1,4,4,4,0,3,2,1,48,35,13,27,11,16,1,0,1,9,4,5,3,1,2
57123702,16,10,6,0,12,0,0,1,0,0,0,0,1,0,2,0,0,0,0,9,7,2,4,2,2,0,0,0,2,0,2,1,1,0
57124501,230,126,104,9,55,32,27,15,4,4,5,20,15,15,23,2,6,3,3,86,59,27,84,38,46,9,4,5,38,17,21,7,5,2
57125301,14,9,5,4,2,2,2,0,1,0,2,0,0,0,1,0,1,0,1,5,4,1,5,3,2,0,0,0,1,1,0,2,1,1
57125302,14,6,8,1,3,1,1,1,0,0,2,1,1,2,1,0,0,0,0,3,0,3,5,3,2,1,0,1,5,3,2,0,0,0
57125303,16,11,5,0,6,2,1,1,0,4,0,1,1,0,0,0,1,0,1,8,7,1,2,1,1,1,1,0,2,1,1,2,1,1
57125304,19,11,8,0,8,5,1,2,0,0,0,2,0,0,1,0,2,2,0,8,4,4,7,4,3,0,0,0,1,0,1,1,1,0
57125305,14,8,6,2,4,0,1,1,0,2,0,0,1,1,1,0,1,0,1,4,2,2,5,4,1,0,0,0,4,2,2,0,0,0
57125306,36,19,17,3,7,4,3,2,0,0,1,3,6,0,6,1,5,0,5,11,9,2,12,7,5,0,0,0,8,3,5,0,0,0
57127001,171,103,68,7,47,16,32,12,8,2,3,18,6,8,9,1,10,6,4,86,63,23,46,20,26,2,0,2,14,6,8,13,8,5
57129602,8,4,4,2,3,0,0,1,0,0,0,0,2,0,0,0,0,0,0,3,2,1,3,2,1,0,0,0,1,0,1,1,0,1
57129603,20,13,7,3,5,2,3,1,1,1,0,0,1,2,1,0,1,1,0,10,6,4,4,3,1,1,0,1,3,2,1,1,1,0
57129604,18,12,6,2,3,2,2,1,0,1,0,3,0,3,1,0,0,0,0,5,3,2,7,5,2,0,0,0,4,2,2,2,2,0
57130001,58,40,18,1,28,6,5,3,2,2,1,5,3,0,1,1,7,5,2,29,21,8,16,9,7,1,1,0,4,3,1,1,1,0
50503001,110,65,45,7,43,9,14,2,8,2,0,2,8,4,7,1,9,5,4,47,33,14,37,19,18,4,1,3,8,4,4,5,3,2
50430101,224,116,108,5,63,22,26,16,5,5,8,13,14,19,21,0,7,3,4,80,54,26,78,32,46,6,3,3,47,21,26,6,3,3
50495501,73,44,29,5,19,8,9,7,3,2,1,6,2,5,0,3,3,1,2,26,18,8,23,10,13,7,5,2,10,6,4,4,4,0
57137701,106,62,44,11,38,7,12,2,3,1,2,8,4,8,6,3,5,2,3,49,34,15,33,20,13,3,1,2,11,2,9,5,3,2
57138501,1933,1035,898,42,612,181,206,96,42,67,34,137,123,119,192,23,102,54,48,678,423,255,695,338,357,38,14,24,320,138,182,100,68,32
57138502,16,10,6,1,4,1,4,1,0,1,0,3,1,0,0,0,1,1,0,7,5,2,6,3,3,0,0,0,2,1,1,0,0,0
57138503,41,22,19,0,15,5,4,1,1,0,1,6,1,3,2,0,3,2,1,14,11,3,15,7,8,0,0,0,8,2,6,1,0,1
57138504,119,61,58,1,25,13,19,4,2,2,1,10,10,12,16,1,4,2,2,47,25,22,45,23,22,3,2,1,20,9,11,0,0,0
57138505,23,12,11,0,7,0,4,0,0,1,0,3,0,0,8,0,1,0,1,5,3,2,11,6,5,1,0,1,5,3,2,0,0,0
57138506,77,45,32,0,18,11,10,6,1,2,2,12,5,2,5,0,0,0,0,27,20,7,27,12,15,2,1,1,9,3,6,12,9,3
57138507,20,12,8,0,2,5,2,2,0,1,0,3,1,2,2,0,1,1,0,12,8,4,7,3,4,0,0,0,0,0,0,0,0,0
3218930,0,0,0,0,0,0,0,0,0,0,0,0,0,0,0,0,0,0,0,0,0,0,0,0,0,0,0,0,0,0,0,0,0,0
3222880,0,0,0,0,0,0,0,0,0,0,0,0,0,0,0,0,0,0,0,0,0,0,0,0,0,0,0,0,0,0,0,0,0,0
57139302,292,167,125,7,120,22,28,15,9,5,4,20,15,22,16,1,5,3,2,143,94,49,103,51,52,8,2,6,29,13,16,4,4,0
57139303,50,30,20,4,23,1,5,1,3,1,1,4,4,1,0,0,1,1,0,22,15,7,20,12,8,0,0,0,4,1,3,3,1,2
57139304,123,74,49,6,46,10,13,9,7,4,1,4,5,8,7,2,4,1,3,58,39,19,34,20,14,1,0,1,19,8,11,7,6,1
57139305,114,72,42,16,58,5,6,8,3,0,3,4,5,0,5,0,7,3,4,54,38,16,40,23,17,4,1,3,9,7,2,0,0,0
57139306,127,75,52,0,56,9,11,8,4,4,0,10,4,12,7,0,4,3,1,45,31,14,53,28,25,4,0,4,17,10,7,4,3,1
57139308,984,543,441,22,340,65,148,54,37,24,16,68,47,63,66,1,34,17,17,352,227,125,384,194,190,27,13,14,158,73,85,29,19,10
57139309,41,24,17,2,18,2,3,5,2,2,0,0,2,1,0,0,4,2,2,12,6,6,16,11,5,2,1,1,4,2,2,3,2,1
57139310,451,242,209,10,173,41,55,18,14,11,7,36,17,21,24,2,45,24,21,180,113,67,138,54,84,8,1,7,67,39,28,13,11,2
57139312,66,38,28,3,33,4,10,1,0,1,0,8,1,1,4,0,4,3,1,21,14,7,30,15,15,1,0,1,8,5,3,2,1,1
57139313,325,181,144,13,119,23,23,16,12,2,2,34,17,25,23,3,19,10,9,111,62,49,95,54,41,7,3,4,66,31,35,27,21,6
57139314,36,19,17,0,17,2,3,1,1,0,1,2,0,3,5,0,0,0,0,14,9,5,12,7,5,1,0,1,9,3,6,0,0,0
57139315,358,196,162,10,120,26,48,26,15,3,4,29,22,18,20,2,17,9,8,144,91,53,120,57,63,6,3,3,55,27,28,16,9,7
57139316,1392,730,662,29,587,92,163,57,45,24,18,70,60,97,96,7,72,32,40,551,319,232,486,236,250,38,19,19,181,82,99,64,42,22
57140701,69,43,26,15,24,6,4,5,1,0,1,1,3,5,1,1,5,2,3,33,26,7,18,10,8,0,0,0,9,2,7,4,3,1
57140702,12,7,5,2,0,0,2,2,0,0,0,1,3,0,2,0,0,0,0,6,4,2,5,3,2,0,0,0,1,0,1,0,0,0
54779401,31,20,11,4,8,3,8,0,1,1,0,1,1,1,1,0,1,1,0,15,12,3,9,5,4,1,0,1,4,1,3,1,1,0
57144001,179,106,73,14,64,22,21,10,1,3,0,9,8,10,13,1,2,2,0,90,60,30,54,31,23,7,2,5,19,6,13,7,5,2
57144002,245,143,102,16,88,31,20,8,5,2,1,15,21,12,12,2,10,6,4,103,67,36,82,48,34,9,4,5,29,9,20,12,9,3
57145801,50,31,19,8,13,6,6,2,2,1,0,2,0,2,4,2,7,5,2,22,15,7,14,8,6,0,0,0,3,0,3,4,3,1
57145802,43,26,17,4,12,5,2,5,0,1,0,4,2,2,6,0,2,1,1,21,15,6,13,7,6,1,0,1,5,3,2,1,0,1
57146601,34,20,14,1,14,2,1,3,1,0,0,5,2,0,1,1,2,1,1,20,12,8,8,5,3,1,0,1,2,2,0,1,0,1
57146602,146,80,66,4,46,18,12,9,1,4,4,10,11,12,12,0,3,2,1,57,37,20,59,27,32,0,0,0,26,13,13,1,1,0
57146603,13,7,6,0,6,0,0,0,0,0,0,0,1,1,3,0,0,0,0,6,5,1,3,1,2,0,0,0,4,1,3,0,0,0
57147401,43,25,18,8,9,9,3,3,3,0,0,3,2,1,2,0,1,0,1,24,18,6,16,6,10,0,0,0,2,1,1,0,0,0
57147403,11,3,8,0,1,0,2,0,1,0,2,4,0,1,0,0,0,0,0,2,0,2,7,2,5,0,0,0,1,0,1,1,1,0
57147404,33,17,16,3,7,4,4,1,1,0,1,2,2,3,5,0,0,0,0,17,10,7,8,5,3,0,0,0,7,1,6,1,1,0
57147405,16,10,6,3,5,1,0,0,0,1,0,0,4,1,1,0,0,0,0,6,4,2,8,5,3,1,0,1,1,1,0,0,0,0
57147407,31,22,9,3,7,4,3,1,5,1,0,2,2,0,2,0,1,1,0,13,11,2,12,8,4,2,1,1,3,1,2,0,0,0
57147408,57,33,24,9,15,5,6,5,2,0,3,1,3,4,2,0,2,1,1,22,15,7,15,6,9,0,0,0,12,5,7,6,6,0
57148201,12,5,7,2,3,1,1,0,0,1,2,1,0,0,0,0,0,0,0,3,2,1,3,0,3,1,0,1,4,2,2,1,1,0
57148202,54,32,22,1,19,6,9,3,1,0,0,2,4,1,4,0,3,2,1,24,16,8,24,13,11,0,0,0,3,1,2,0,0,0
57149101,40,25,15,6,9,5,4,1,1,0,3,6,1,1,3,0,0,0,0,18,14,4,14,6,8,1,1,0,4,1,3,3,3,0
57149102,14,9,5,4,6,3,0,0,0,0,0,0,0,1,0,0,1,0,1,5,3,2,7,5,2,0,0,0,1,1,0,0,0,0
57149103,787,444,343,30,229,82,93,46,29,25,12,67,48,47,56,6,52,27,25,309,190,119,234,115,119,22,10,12,97,44,53,73,58,15
57149104,14,7,7,1,1,2,1,1,0,0,0,2,0,1,5,0,1,0,1,8,5,3,4,2,2,0,0,0,0,0,0,1,0,1
57149105,119,59,60,12,32,8,15,11,3,0,2,9,6,11,9,0,5,2,3,55,31,24,37,16,21,3,0,3,9,3,6,10,7,3
57150401,157,96,61,6,61,24,6,6,7,2,0,11,4,5,19,1,12,4,8,87,58,29,38,18,20,0,0,0,7,4,3,13,12,1
57153901,116,66,50,13,27,13,11,10,1,2,5,8,2,12,8,1,3,2,1,58,37,21,36,16,20,2,2,0,13,6,7,4,3,1
57153902,63,36,27,3,14,8,4,14,0,3,1,1,2,2,9,1,6,3,3,25,16,9,23,13,10,1,0,1,6,3,3,2,1,1
57153903,1042,579,463,29,352,99,122,59,14,19,10,66,70,77,87,5,65,31,34,411,249,162,347,183,164,21,10,11,161,79,82,37,27,10
57153904,147,89,58,7,55,15,13,9,5,3,3,9,7,5,11,3,7,3,4,77,52,25,44,19,25,3,3,0,10,6,4,6,6,0
57153905,33,18,15,1,12,4,7,1,0,2,0,1,3,2,0,0,2,1,1,16,9,7,11,6,5,1,1,0,2,1,1,1,0,1
57154701,10,5,5,1,3,0,2,1,0,0,0,2,0,0,0,0,1,0,1,1,1,0,5,2,3,1,0,1,1,1,0,1,1,0
57154702,40,23,17,3,15,2,1,0,3,0,0,4,4,5,3,0,2,2,0,17,10,7,10,4,6,1,0,1,6,4,2,4,3,1
57154703,337,183,154,20,122,28,33,15,7,11,4,16,18,34,17,5,25,13,12,144,96,48,101,42,59,8,5,3,33,12,21,26,15,11
57154704,53,28,25,8,21,4,3,2,2,0,0,0,2,7,4,0,1,0,1,32,19,13,10,6,4,2,0,2,7,3,4,1,0,1
57154705,19,11,8,5,3,1,2,2,1,0,0,2,1,1,0,1,1,1,0,7,4,3,7,4,3,2,1,1,1,1,0,1,0,1
57154706,101,58,43,5,42,6,7,8,3,0,2,6,3,8,9,2,10,8,2,38,27,11,36,16,20,2,0,2,9,5,4,6,2,4
57154707,22,15,7,2,12,0,0,1,2,0,1,2,0,2,0,0,3,2,1,10,5,5,8,7,1,0,0,0,1,1,0,0,0,0
0543560,0,0,0,0,0,0,0,0,0,0,0,0,0,0,0,0,0,0,0,0,0,0,0,0,0,0,0,0,0,0,0,0,0,0
0543990,0,0,0,0,0,0,0,0,0,0,0,0,0,0,0,0,0,0,0,0,0,0,0,0,0,0,0,0,0,0,0,0,0,0
1987730,0,0,0,0,0,0,0,0,0,0,0,0,0,0,0,0,0,0,0,0,0,0,0,0,0,0,0,0,0,0,0,0,0,0
3298510,0,0,0,0,0,0,0,0,0,0,0,0,0,0,0,0,0,0,0,0,0,0,0,0,0,0,0,0,0,0,0,0,0,0
57116401,49,28,21,6,6,9,6,3,3,4,0,1,0,6,3,1,7,3,4,20,13,7,11,4,7,3,2,1,5,3,2,3,3,0
57116402,118,69,49,13,27,19,9,4,6,1,0,8,8,7,9,2,2,1,1,36,27,9,50,28,22,3,1,2,26,12,14,1,0,1
57116403,296,167,129,7,73,13,58,23,12,9,5,24,23,21,20,4,12,8,4,95,62,33,111,55,56,9,2,7,62,34,28,7,6,1
57116404,81,45,36,4,21,6,10,0,1,5,0,4,15,6,8,1,6,3,3,22,12,10,35,21,14,3,2,1,13,5,8,2,2,0
57116405,319,202,117,6,66,29,44,21,24,15,8,38,9,13,14,11,30,18,12,69,48,21,108,56,52,6,4,2,49,28,21,57,48,9
57116406,714,365,349,7,137,67,87,37,25,34,18,53,76,44,73,5,30,14,16,191,118,73,280,141,139,19,5,14,173,70,103,21,17,4
57116408,243,126,117,1,51,24,33,10,4,13,3,19,35,7,29,2,7,3,4,78,42,36,101,53,48,8,3,5,41,20,21,8,5,3
57116409,22,13,9,0,7,2,2,1,0,0,0,0,3,2,2,0,2,2,0,0,0,0,11,7,4,0,0,0,8,3,5,1,1,0
57116410,793,413,380,14,162,57,78,25,21,44,20,81,59,76,127,3,30,13,17,142,98,44,325,156,169,21,7,14,263,134,129,12,5,7
57116411,258,138,120,8,66,27,28,13,8,10,6,19,19,18,26,2,18,12,6,76,51,25,99,50,49,7,2,5,55,21,34,3,2,1
57116412,569,306,263,12,111,43,92,23,6,32,17,50,56,33,72,3,25,12,13,103,71,32,234,128,106,11,5,6,186,86,100,10,4,6
57116413,91,49,42,4,17,10,9,3,3,5,1,9,5,13,10,1,6,1,5,24,19,5,35,17,18,0,0,0,24,12,12,2,0,2
57116414,46,24,22,1,11,4,5,3,3,1,2,7,1,3,2,1,4,3,1,18,10,8,15,4,11,0,0,0,8,6,2,1,1,0
57116415,11,7,4,0,7,1,1,0,0,0,0,1,0,1,0,0,0,0,0,4,2,2,4,3,1,0,0,0,3,2,1,0,0,0
57116416,654,358,296,10,181,43,75,42,22,16,11,60,53,50,64,3,42,20,22,232,149,83,218,107,111,14,3,11,124,66,58,24,13,11
57116417,638,338,300,14,183,33,92,32,20,29,14,43,40,40,61,3,35,15,20,214,136,78,230,109,121,13,3,10,117,56,61,29,19,10
57116418,1523,803,720,19,369,104,196,84,52,73,37,132,105,124,153,12,67,35,32,451,273,178,576,274,302,36,18,18,339,169,170,54,34,20
57116419,41,25,16,0,9,2,4,3,1,7,3,3,2,3,2,0,0,0,0,13,8,5,11,6,5,2,1,1,14,9,5,1,1,0
57116420,40,27,13,1,14,10,3,1,1,1,0,3,0,2,3,1,2,0,2,15,12,3,19,13,6,0,0,0,3,1,2,1,1,0
57116421,14,8,6,0,3,1,1,2,2,0,0,0,2,1,0,1,0,0,0,6,5,1,1,0,1,0,0,0,6,3,3,1,0,1
57116422,146,84,62,1,27,11,13,9,7,16,4,12,24,8,11,1,3,1,2,26,15,11,62,44,18,4,3,1,49,20,29,2,1,1
57116423,127,70,57,1,23,12,11,2,1,4,10,17,5,13,22,2,2,1,1,8,7,1,51,27,24,3,1,2,60,33,27,3,1,2
57116424,598,328,270,9,178,37,87,27,13,39,11,56,40,36,46,6,25,15,10,187,111,76,238,118,120,17,6,11,100,52,48,31,26,5
57116425,75,60,15,7,10,36,1,6,1,2,0,2,1,1,2,2,12,12,0,18,15,3,26,20,6,8,6,2,10,6,4,1,1,0
57116426,788,416,372,20,193,47,102,38,23,31,16,94,56,59,54,3,94,50,44,247,145,102,245,115,130,15,5,10,144,70,74,43,31,12
57116427,521,273,248,3,103,38,68,28,17,23,22,46,53,36,50,3,17,13,4,98,60,38,225,116,109,26,12,14,146,67,79,9,5,4
57116428,450,246,204,6,95,31,57,21,17,34,14,36,36,33,45,5,17,9,8,100,66,34,188,92,96,15,7,8,118,64,54,12,8,4
57116429,344,170,174,4,74,33,36,16,6,7,5,35,30,38,49,1,12,6,6,58,35,23,123,65,58,11,4,7,137,59,78,3,1,2
57116430,52,30,22,1,15,2,6,6,2,5,0,5,4,2,2,0,6,3,3,18,10,8,20,10,10,1,1,0,3,2,1,4,4,0
57116431,399,208,191,16,101,28,64,13,7,16,15,39,22,29,33,1,9,6,3,127,83,44,154,71,83,15,6,9,89,41,48,5,1,4
57116432,124,63,61,2,19,10,22,6,2,8,6,13,4,10,16,0,6,1,5,27,15,12,43,23,20,3,1,2,41,20,21,4,3,1
57116433,1379,699,680,16,383,72,170,75,44,61,36,114,116,95,152,6,62,27,35,485,266,219,553,279,274,36,13,23,211,97,114,32,17,15
57116434,63,34,29,0,15,9,11,5,0,0,1,9,2,2,4,1,8,2,6,26,17,9,18,10,8,2,2,0,9,3,6,0,0,0
54781601,214,114,100,17,91,14,20,14,3,5,2,10,7,14,11,0,9,4,5,91,49,42,73,43,30,5,1,4,34,16,18,2,1,1
57156301,100,58,42,17,29,13,6,3,1,0,6,2,5,5,11,1,3,2,1,47,31,16,37,16,21,1,0,1,9,6,3,3,3,0
57156302,26,15,11,8,8,2,1,1,0,2,0,0,1,1,2,0,0,0,0,12,7,5,11,6,5,1,1,0,1,0,1,1,1,0
57156303,37,18,19,7,16,0,1,0,0,1,0,3,1,1,6,1,3,1,2,18,10,8,14,6,8,0,0,0,1,0,1,1,1,0
57156304,17,11,6,2,9,0,0,0,0,0,0,2,1,1,2,0,0,0,0,7,5,2,5,3,2,0,0,0,4,2,2,1,1,0
57156305,32,20,12,4,13,5,3,1,0,0,0,2,2,1,1,0,2,1,1,19,12,7,7,5,2,1,1,0,2,1,1,1,0,1
57157101,39,28,11,3,19,3,3,1,1,0,0,0,1,1,4,0,4,3,1,17,11,6,13,9,4,2,2,0,2,2,0,1,1,0
57157102,17,11,6,2,9,2,0,0,0,0,0,0,1,0,2,0,0,0,0,8,6,2,4,2,2,1,0,1,4,3,1,0,0,0
57157103,305,175,130,18,109,23,34,15,12,6,2,18,15,23,23,1,2,1,1,127,89,38,104,58,46,9,2,7,56,22,34,7,3,4
57158001,123,72,51,6,55,19,12,6,1,3,1,2,6,5,4,0,10,6,4,75,50,25,26,10,16,1,0,1,7,2,5,4,4,0
57378701,182,103,79,13,42,29,26,10,4,4,3,10,21,4,12,0,9,3,6,80,55,25,61,29,32,1,1,0,24,11,13,7,4,3
57378702,34,19,15,0,10,3,7,5,1,0,1,3,0,2,1,0,0,0,0,20,14,6,9,2,7,0,0,0,3,2,1,2,1,1
57400701,68,41,27,4,26,7,5,9,1,4,0,3,4,1,1,2,3,2,1,37,26,11,23,11,12,0,0,0,3,2,1,2,0,2
57161001,355,207,148,18,82,48,48,25,8,8,10,25,26,25,26,1,13,9,4,132,87,45,128,73,55,11,3,8,56,22,34,15,13,2
57162801,162,86,76,6,39,21,5,13,6,2,5,13,19,12,18,0,9,4,5,53,32,21,59,33,26,5,2,3,36,15,21,0,0,0
57162802,27,12,15,1,8,0,0,0,0,1,1,1,7,5,1,0,0,0,0,3,2,1,14,7,7,1,0,1,9,3,6,0,0,0
57165202,42,27,15,9,8,4,1,6,3,0,0,1,4,1,2,0,2,1,1,30,20,10,6,3,3,1,1,0,2,1,1,1,1,0
57165203,33,18,15,5,10,2,5,1,1,2,0,0,0,2,4,0,3,0,3,13,9,4,11,6,5,0,0,0,5,3,2,1,0,1
57166101,29,15,14,3,11,2,3,0,2,0,0,2,0,3,1,0,2,1,1,10,6,4,13,6,7,1,0,1,3,2,1,0,0,0
57166102,24,16,8,2,10,2,5,0,1,0,0,0,1,1,2,0,1,0,1,9,8,1,9,6,3,1,0,1,4,2,2,0,0,0
57166103,443,266,177,28,153,33,46,38,11,11,5,24,25,33,26,1,17,11,6,183,121,62,142,83,59,7,3,4,74,36,38,20,12,8
57166104,43,30,13,15,12,3,4,2,0,2,0,2,0,1,2,0,1,0,1,22,17,5,11,7,4,1,1,0,8,5,3,0,0,0
57166105,95,53,42,12,39,12,5,7,2,0,0,5,5,4,4,0,5,3,2,44,31,13,28,13,15,0,0,0,14,5,9,4,1,3
54782401,16,10,6,3,6,2,2,0,0,0,0,1,1,1,0,0,1,1,0,8,6,2,5,3,2,2,0,2,0,0,0,0,0,0
54782402,43,22,21,6,11,2,7,2,2,1,0,3,5,2,1,0,3,0,3,18,11,7,12,6,6,2,0,2,5,2,3,3,3,0
50480701,29,17,12,5,7,5,3,0,2,0,0,1,2,2,2,0,1,1,0,11,6,5,12,8,4,0,0,0,5,2,3,0,0,0
50480702,123,64,59,3,40,10,10,13,4,2,3,3,7,13,11,1,10,2,8,46,30,16,39,20,19,3,0,3,22,10,12,3,2,1
57170901,71,44,27,3,19,5,3,10,0,2,0,3,2,9,10,1,1,1,0,27,21,6,30,13,17,0,0,0,10,6,4,3,3,0
57172501,47,31,16,11,7,3,4,3,2,0,0,6,4,3,3,0,1,1,0,24,17,7,15,10,5,0,0,0,7,3,4,0,0,0
57173301,50,31,19,7,17,2,1,1,0,1,2,8,5,3,2,0,2,0,2,16,14,2,24,14,10,1,0,1,5,2,3,2,1,1
57173302,12,5,7,1,2,2,3,0,1,0,0,0,0,1,2,0,2,0,2,5,3,2,2,0,2,0,0,0,2,1,1,1,1,0
57173304,16,7,9,2,4,1,4,0,0,0,0,1,2,1,1,0,2,0,2,6,5,1,5,1,4,0,0,0,3,1,2,0,0,0
54783201,78,40,38,7,27,7,7,2,2,1,3,8,5,4,4,0,5,2,3,33,22,11,22,9,13,2,0,2,11,3,8,5,4,1
54783202,49,23,26,9,12,3,4,3,0,0,0,2,4,9,2,0,2,0,2,14,7,7,14,6,8,2,0,2,13,8,5,4,2,2
54787501,59,37,22,4,20,8,7,5,0,0,0,2,2,2,7,0,4,1,3,23,17,6,19,11,8,2,0,2,5,3,2,6,5,1
54787502,55,28,27,2,25,5,2,8,0,0,2,4,1,2,4,0,0,0,0,31,20,11,16,5,11,0,0,0,5,2,3,3,1,2
57175001,69,43,26,3,26,5,4,8,0,0,0,2,5,4,8,0,2,1,1,33,19,14,21,16,5,1,0,1,7,4,3,5,3,2
57176801,209,108,101,9,63,12,26,12,7,5,2,14,18,18,16,3,8,3,5,71,45,26,81,42,39,0,0,0,43,16,27,6,2,4
57176802,115,56,59,1,31,8,17,11,2,7,0,12,6,13,7,0,4,2,2,44,28,16,37,16,21,4,0,4,22,8,14,4,2,2
57176803,61,35,26,6,19,9,3,4,1,0,1,4,5,2,6,0,0,0,0,30,25,5,18,8,10,0,0,0,9,1,8,4,1,3
57176805,17,10,7,5,4,1,0,0,0,1,0,0,0,4,2,0,1,1,0,4,3,1,8,5,3,0,0,0,4,1,3,0,0,0
57176806,20,12,8,2,6,3,1,2,0,0,1,1,0,0,3,0,0,0,0,10,8,2,8,2,6,0,0,0,1,1,0,1,1,0
57177601,94,52,42,7,24,8,12,3,3,1,1,5,5,8,15,2,4,0,4,40,25,15,24,12,12,3,2,1,14,4,10,9,9,0
57177602,39,21,18,3,10,5,7,2,1,1,0,1,0,2,5,0,0,0,0,18,9,9,14,6,8,0,0,0,4,4,0,3,2,1
57177603,23,13,10,1,9,2,0,0,1,1,1,0,0,2,6,0,2,2,0,10,7,3,8,4,4,0,0,0,3,0,3,0,0,0
57177604,34,19,15,3,10,5,2,0,0,0,0,3,1,4,3,1,2,1,1,9,5,4,12,8,4,1,0,1,8,3,5,2,2,0
57177605,13,8,5,1,5,3,0,0,0,0,0,4,0,0,0,0,0,0,0,3,1,2,5,4,1,1,1,0,4,2,2,0,0,0
57177606,678,381,297,22,162,76,62,29,24,7,5,27,23,42,181,4,42,27,15,247,160,87,229,107,122,15,4,11,87,36,51,58,47,11
57177607,20,9,11,2,0,4,1,1,0,0,0,0,1,4,6,0,1,1,0,7,4,3,6,2,4,0,0,0,6,2,4,0,0,0
57177608,124,61,63,5,32,9,18,4,3,2,2,4,6,12,24,0,3,2,1,49,27,22,44,23,21,4,1,3,21,5,16,3,3,0
57177609,29,17,12,1,12,5,0,1,0,1,0,2,0,1,5,0,0,0,0,14,9,5,9,6,3,1,0,1,4,2,2,1,0,1
57177610,15,9,6,2,4,1,0,1,0,1,0,1,1,0,4,0,0,0,0,4,4,0,6,2,4,0,0,0,4,2,2,1,1,0
57177611,22,13,9,0,7,2,3,1,0,0,0,2,1,2,4,0,1,1,0,7,5,2,9,4,5,1,0,1,4,3,1,0,0,0
57177612,126,71,55,4,30,10,9,3,2,3,2,4,4,10,45,0,3,2,1,56,38,18,46,19,27,2,1,1,18,10,8,1,1,0
57182202,68,43,25,4,25,6,2,4,2,0,2,8,5,4,4,0,4,2,2,29,22,7,21,13,8,2,0,2,7,2,5,5,4,1
57182204,27,17,10,1,5,2,3,2,4,0,1,2,4,1,1,0,1,0,1,13,9,4,10,6,4,0,0,0,3,2,1,0,0,0
57182205,21,11,10,0,12,1,0,3,0,0,1,1,2,1,0,0,2,1,1,9,4,5,6,4,2,0,0,0,3,1,2,1,1,0
0959233,0,0,0,0,0,0,0,0,0,0,0,0,0,0,0,0,0,0,0,0,0,0,0,0,0,0,0,0,0,0,0,0,0,0
57183101,16,9,7,1,7,1,0,1,0,1,0,1,0,0,4,0,1,1,0,6,5,1,4,1,3,0,0,0,4,1,3,1,1,0
57183102,8,6,2,2,1,2,0,0,0,0,0,0,0,1,1,1,2,1,1,3,3,0,2,1,1,0,0,0,0,0,0,1,1,0
57183103,9,6,3,1,4,3,0,1,0,0,0,0,0,0,0,0,0,0,0,4,2,2,5,4,1,0,0,0,0,0,0,0,0,0
57183104,35,14,21,2,13,3,1,2,1,0,0,2,1,4,6,0,4,3,1,11,6,5,6,4,2,0,0,0,12,1,11,2,0,2
57183105,53,35,18,0,17,7,7,5,3,1,2,2,2,3,3,1,2,2,0,20,14,6,23,13,10,0,0,0,4,3,1,4,3,1
57183106,33,18,15,3,12,5,2,2,0,0,1,2,2,1,3,0,3,2,1,14,10,4,5,2,3,3,1,2,8,3,5,0,0,0
57183107,18,11,7,0,6,2,3,2,0,2,0,0,0,0,1,0,0,0,0,7,6,1,10,5,5,1,0,1,0,0,0,0,0,0
57183108,271,161,110,8,77,41,29,17,6,8,6,16,17,20,15,4,4,3,1,121,84,37,92,46,46,5,3,2,40,20,20,9,5,4
57183109,13,8,5,0,4,1,3,3,0,1,0,0,1,0,0,0,0,0,0,5,2,3,6,4,2,0,0,0,2,2,0,0,0,0
57183110,59,31,28,5,18,6,6,5,1,0,3,3,6,2,3,0,1,1,0,22,11,11,23,12,11,3,1,2,6,2,4,4,4,0
57183111,9,6,3,0,1,3,0,0,0,0,0,1,3,0,1,0,0,0,0,4,4,0,4,1,3,0,0,0,1,1,0,0,0,0
57183112,14,8,6,0,4,2,1,2,0,0,0,0,4,0,1,0,1,1,0,5,5,0,6,2,4,1,0,1,0,0,0,1,0,1
57183113,16,10,6,0,11,3,1,0,0,1,0,0,0,0,0,0,3,1,2,6,5,1,5,2,3,0,0,0,1,1,0,1,1,0
57183114,29,17,12,1,5,1,6,2,1,2,1,5,1,1,2,0,0,0,0,11,7,4,11,7,4,1,0,1,5,2,3,1,1,0
0970552,0,0,0,0,0,0,0,0,0,0,0,0,0,0,0,0,0,0,0,0,0,0,0,0,0,0,0,0,0,0,0,0,0,0
57185701,36,21,15,7,12,1,3,1,1,1,1,1,3,1,3,0,2,1,1,13,8,5,16,11,5,0,0,0,5,1,4,0,0,0
57185702,26,13,13,9,4,1,0,0,1,0,1,0,2,2,5,0,0,0,0,6,4,2,10,4,6,0,0,0,10,5,5,0,0,0
57185703,21,12,9,2,6,2,1,2,2,1,1,0,2,1,1,0,2,1,1,9,5,4,3,3,0,0,0,0,3,1,2,4,2,2
57185704,16,7,9,3,2,0,0,2,0,0,1,2,2,3,0,0,0,0,0,5,2,3,5,3,2,2,1,1,4,1,3,0,0,0
57185705,24,14,10,4,8,1,0,1,1,0,0,2,1,3,0,1,0,0,0,11,8,3,6,3,3,0,0,0,7,3,4,0,0,0
57185706,32,19,13,6,10,1,4,1,0,0,1,2,4,1,0,0,2,2,0,15,9,6,12,7,5,0,0,0,3,1,2,0,0,0
57185707,17,9,8,3,5,1,3,0,0,0,0,2,1,1,0,0,0,0,0,6,5,1,8,2,6,0,0,0,3,2,1,0,0,0
57187301,53,31,22,1,11,8,5,3,1,2,3,9,3,2,4,0,4,2,2,19,16,3,13,4,9,1,0,1,16,9,7,0,0,0
57187302,68,42,26,1,16,5,10,8,4,4,3,4,2,5,6,0,2,2,0,23,16,7,22,13,9,1,0,1,18,9,9,2,2,0
57187303,171,100,71,8,51,17,20,4,3,3,4,13,14,13,16,1,6,5,1,63,37,26,57,32,25,3,0,3,29,16,13,13,10,3
57187304,37,22,15,2,9,3,3,3,0,2,0,5,2,2,5,0,0,0,0,12,9,3,13,9,4,1,1,0,9,1,8,2,2,0
57187305,41,21,20,5,17,1,6,0,0,1,0,1,2,3,5,0,2,0,2,16,12,4,14,5,9,0,0,0,6,2,4,3,2,1
55484701,135,75,60,12,46,18,9,5,8,3,2,5,6,5,9,1,7,4,3,64,44,20,43,14,29,2,0,2,13,7,6,6,6,0
55484702,14,9,5,1,7,2,1,1,0,0,0,1,0,0,1,0,0,0,0,8,6,2,4,2,2,0,0,0,1,1,0,1,0,1
57189001,54,34,20,5,13,5,8,1,0,4,0,5,4,5,2,1,1,0,1,26,18,8,16,10,6,1,0,1,7,5,2,3,1,2
57190301,69,42,27,11,26,5,1,3,0,3,0,5,4,5,4,1,2,1,1,37,26,11,21,10,11,0,0,0,7,4,3,2,1,1
57190302,254,142,112,11,71,22,19,13,4,6,3,22,24,17,32,1,6,2,4,103,68,35,86,42,44,9,3,6,40,21,19,10,6,4
57191101,565,311,254,31,142,57,66,21,15,23,9,40,44,55,42,2,16,4,12,175,111,64,228,126,102,11,5,6,121,56,65,14,9,5
57191103,11,5,6,0,2,1,2,2,0,0,0,1,1,0,2,0,0,0,0,5,2,3,3,2,1,0,0,0,2,0,2,1,1,0
57191104,33,24,9,5,10,4,2,4,1,0,0,0,1,5,1,0,3,3,0,14,12,2,9,6,3,1,0,1,6,3,3,0,0,0
57191105,73,40,33,2,24,1,12,4,2,2,0,1,7,9,8,0,6,3,3,24,14,10,39,22,17,2,0,2,2,1,1,0,0,0
57191106,15,8,7,1,7,0,0,0,2,1,0,0,0,3,1,0,2,1,1,5,3,2,3,1,2,1,0,1,4,3,1,0,0,0
57191107,34,20,14,1,8,6,3,1,1,1,1,3,3,1,4,0,1,1,0,16,13,3,11,3,8,3,1,2,3,2,1,0,0,0
57191108,33,16,17,4,7,4,7,0,0,2,1,2,3,1,2,0,1,0,1,16,11,5,7,3,4,0,0,0,9,2,7,0,0,0
57196201,412,233,179,10,126,39,55,18,14,13,6,34,33,17,39,0,19,13,6,152,104,48,155,82,73,10,1,9,64,27,37,12,6,6
57410401,97,57,40,6,40,7,10,6,1,0,4,5,4,6,3,1,5,3,2,56,38,18,25,11,14,0,0,0,8,3,5,3,2,1
55495201,138,89,49,12,55,15,8,6,9,0,0,9,4,6,7,3,3,2,1,82,57,25,30,17,13,3,2,1,15,8,7,5,3,2
57200401,21,13,8,6,4,3,1,1,0,1,1,1,0,1,0,0,2,1,1,6,4,2,10,7,3,0,0,0,1,0,1,2,1,1
57200402,97,51,46,3,47,10,3,4,2,0,0,9,4,6,5,0,7,3,4,52,33,19,24,9,15,1,1,0,10,3,7,3,2,1
57203901,19,11,8,1,5,1,3,2,0,1,0,3,0,2,1,0,1,0,1,9,6,3,6,3,3,0,0,0,2,1,1,1,1,0
57203902,22,14,8,0,11,2,2,2,0,0,0,1,1,1,2,0,2,0,2,8,7,1,6,2,4,0,0,0,6,5,1,0,0,0
57203903,73,47,26,7,23,3,8,7,2,1,0,6,9,1,6,0,6,5,1,33,22,11,22,13,9,1,1,0,8,4,4,3,2,1
57206301,127,77,50,9,44,14,13,11,3,3,3,2,9,4,6,0,4,2,2,58,41,17,46,22,24,1,0,1,13,9,4,5,3,2
3316600,0,0,0,0,0,0,0,0,0,0,0,0,0,0,0,0,0,0,0,0,0,0,0,0,0,0,0,0,0,0,0,0,0,0
57207101,660,369,291,9,329,41,34,47,16,8,9,49,29,36,41,2,80,39,41,291,181,110,186,96,90,15,4,11,51,21,30,37,28,9
57208001,91,54,37,5,42,3,12,4,0,1,1,11,3,3,4,1,7,4,3,45,32,13,31,14,17,0,0,0,7,3,4,1,1,0
57208002,28,16,12,4,2,5,3,2,3,1,0,0,2,3,3,0,1,0,1,14,11,3,7,1,6,0,0,0,5,3,2,1,1,0
57208003,37,21,16,2,13,2,5,2,1,1,2,3,1,3,1,0,2,2,0,17,10,7,11,5,6,0,0,0,5,2,3,2,2,0
57208004,28,15,13,1,16,2,1,1,0,1,0,3,0,1,1,0,2,2,0,16,7,9,6,2,4,0,0,0,3,3,0,1,1,0
57208005,79,48,31,6,29,11,5,5,0,1,1,3,3,8,5,0,2,1,1,36,25,11,22,14,8,4,0,4,11,4,7,4,4,0
57208006,493,277,216,21,200,58,42,29,11,5,6,23,18,42,28,1,11,7,4,220,136,84,164,80,84,12,8,4,72,36,36,14,10,4
57208007,180,103,77,8,79,21,16,9,3,1,3,8,6,9,11,0,11,9,2,88,58,30,55,28,27,3,0,3,18,5,13,5,3,2
57209801,47,30,17,8,14,12,2,2,0,1,0,1,1,0,2,0,2,0,2,29,24,5,14,5,9,0,0,0,2,1,1,0,0,0
57209802,19,12,7,2,9,2,1,0,1,0,0,0,1,0,2,0,0,0,0,10,7,3,5,4,1,1,0,1,1,0,1,2,1,1
57209803,35,20,15,2,18,2,3,3,0,0,0,5,1,1,0,0,2,0,2,17,12,5,6,4,2,1,0,1,9,4,5,0,0,0
57209804,279,145,134,11,101,29,25,12,7,5,3,11,15,25,24,2,12,5,7,124,75,49,85,43,42,7,2,5,42,15,27,9,5,4
57210101,189,114,75,12,58,24,22,9,4,3,2,7,5,10,21,1,13,11,2,102,65,37,56,28,28,3,2,1,11,6,5,4,2,2
57211001,115,66,49,7,40,10,10,8,1,0,1,4,7,11,10,2,9,4,5,53,34,19,32,16,16,0,0,0,16,9,7,5,3,2
55688201,37,20,17,3,6,5,4,0,1,1,2,7,2,3,3,0,0,0,0,15,10,5,10,5,5,0,0,0,10,4,6,2,1,1
55688202,303,167,136,11,60,30,35,19,6,17,6,24,27,30,25,0,3,2,1,84,59,25,116,56,60,6,2,4,89,44,45,5,4,1
55688203,86,43,43,8,19,4,9,2,4,4,0,8,7,8,9,2,3,2,1,36,18,18,23,10,13,2,1,1,20,11,9,2,1,1
57215201,38,24,14,9,13,1,5,4,0,0,0,1,0,2,2,0,2,2,0,16,12,4,15,6,9,1,1,0,3,2,1,1,1,0
57215202,36,20,16,3,15,6,1,0,2,0,1,0,1,3,2,0,0,0,0,19,13,6,12,7,5,0,0,0,5,0,5,0,0,0
57215203,95,57,38,4,29,14,3,7,6,0,1,5,7,6,6,0,3,2,1,33,22,11,38,24,14,2,0,2,17,7,10,2,2,0
57216101,31,20,11,5,16,2,3,0,0,1,0,0,2,2,0,0,4,3,1,15,11,4,8,3,5,0,0,0,2,1,1,2,2,0
57216102,64,37,27,3,22,4,5,7,1,1,1,5,5,3,6,0,1,0,1,30,18,12,19,11,8,1,1,0,9,3,6,4,4,0
57216103,737,420,317,31,292,63,52,58,11,21,11,52,44,43,44,3,36,19,17,289,182,107,279,148,131,20,8,12,74,40,34,39,23,16
57217901,469,257,212,32,174,40,29,27,11,12,5,23,26,35,38,5,23,8,15,207,145,62,150,68,82,8,1,7,61,23,38,20,12,8
57217902,61,32,29,10,21,3,10,1,1,1,0,3,5,3,3,0,2,0,2,30,19,11,20,9,11,0,0,0,3,1,2,6,3,3
57217903,53,30,23,13,14,6,3,4,1,0,0,1,2,3,5,0,1,0,1,25,17,8,18,8,10,0,0,0,5,2,3,4,3,1
57217904,66,40,26,12,28,3,3,0,0,2,1,4,3,4,3,2,4,3,1,41,24,17,19,12,7,0,0,0,2,1,1,0,0,0
54780801,145,85,60,0,38,24,18,12,2,4,2,16,5,7,10,3,15,9,6,70,47,23,42,19,23,1,1,0,14,6,8,3,3,0
57221701,236,125,111,14,81,15,23,16,8,6,7,19,5,17,18,1,10,4,6,108,67,41,82,37,45,3,0,3,24,11,13,9,6,3
57222502,27,17,10,3,9,0,3,1,2,2,0,0,0,7,0,0,2,1,1,12,9,3,9,6,3,1,0,1,3,1,2,0,0,0
57222503,23,12,11,2,2,3,1,0,5,0,1,2,4,0,2,0,0,0,0,8,5,3,10,4,6,0,0,0,4,3,1,1,0,1
57222505,22,11,11,2,8,1,3,1,2,0,0,1,0,0,3,0,2,1,1,11,6,5,7,4,3,1,0,1,1,0,1,0,0,0
57222506,91,55,36,4,40,8,13,4,2,2,1,2,3,4,7,0,1,1,0,36,27,9,39,22,17,1,0,1,13,5,8,1,0,1
57222508,27,18,9,4,10,4,2,1,1,1,1,0,1,0,1,0,1,0,1,13,9,4,7,5,2,0,0,0,6,4,2,0,0,0
57222510,260,145,115,7,60,24,24,10,17,3,11,16,28,18,32,2,12,6,6,108,72,36,92,43,49,3,1,2,36,16,20,9,7,2
57222511,223,120,103,6,60,8,23,13,19,4,4,15,19,10,37,0,8,4,4,78,46,32,91,50,41,1,0,1,34,15,19,11,5,6
57222512,14,8,6,1,4,1,1,0,3,1,0,1,0,1,1,0,0,0,0,6,3,3,4,3,1,0,0,0,3,2,1,1,0,1
57222513,66,37,29,4,20,3,5,1,7,1,0,5,2,9,8,1,6,2,4,32,19,13,15,7,8,0,0,0,9,6,3,4,3,1
57222515,39,18,21,3,15,2,2,2,3,1,0,0,0,6,4,0,3,1,2,17,10,7,10,5,5,1,0,1,8,2,6,0,0,0
57222516,17,11,6,2,5,2,3,1,2,1,0,1,0,0,0,0,0,0,0,7,4,3,6,4,2,0,0,0,2,2,0,2,1,1
57224101,21,14,7,7,4,0,3,0,2,0,0,1,2,1,1,0,5,4,1,10,7,3,4,2,2,0,0,0,2,1,1,0,0,0
57224102,21,10,11,5,2,1,3,2,0,2,0,0,2,1,1,0,2,2,0,9,6,3,5,0,5,2,1,1,2,0,2,1,1,0
57224103,67,39,28,6,19,13,2,2,1,1,2,6,0,4,10,0,1,0,1,25,18,7,25,14,11,3,2,1,7,2,5,6,3,3
57224104,18,12,6,0,7,1,5,2,0,0,0,0,0,1,1,1,0,0,0,8,7,1,8,4,4,1,0,1,0,0,0,1,1,0
57224105,103,52,51,3,32,10,7,5,4,4,0,3,3,11,17,1,2,1,1,52,36,16,31,10,21,3,2,1,14,3,11,1,0,1
57224107,37,18,19,0,19,5,4,0,1,0,0,1,0,0,4,0,6,5,1,19,10,9,8,2,6,1,1,0,2,0,2,1,0,1
57224109,1670,929,741,29,511,163,201,106,44,34,23,86,89,128,188,11,105,61,44,684,434,250,566,277,289,47,18,29,192,87,105,76,52,24
57224110,56,36,20,3,21,9,4,6,1,1,2,1,0,2,5,0,1,1,0,33,24,9,11,6,5,2,1,1,7,3,4,2,1,1
57224111,26,17,9,1,8,4,7,1,0,0,1,0,1,1,1,1,0,0,0,12,7,5,8,6,2,1,1,0,4,2,2,1,1,0
57224113,89,55,34,6,21,17,7,5,1,2,2,1,4,6,9,2,2,2,0,46,34,12,25,10,15,1,0,1,9,3,6,6,6,0
57224114,56,35,21,2,16,13,3,0,0,1,1,4,5,2,8,0,2,0,2,27,19,8,16,9,7,2,0,2,3,2,1,6,5,1
57224115,87,52,35,4,33,13,6,5,2,1,1,6,2,4,8,2,11,8,3,45,29,16,19,7,12,2,2,0,10,6,4,0,0,0
57224116,63,34,29,2,14,7,1,13,1,0,1,6,5,4,9,0,4,3,1,25,15,10,25,12,13,0,0,0,9,4,5,0,0,0
57226801,48,25,23,4,9,5,8,2,1,1,2,3,6,3,3,0,2,2,0,15,11,4,18,8,10,0,0,0,12,3,9,1,1,0
57226802,30,16,14,1,12,3,6,2,0,0,0,1,0,3,2,0,3,2,1,10,5,5,8,5,3,1,1,0,7,3,4,1,0,1
57226803,20,12,8,0,10,1,3,1,0,0,1,1,1,0,2,0,0,0,0,2,2,0,10,6,4,1,0,1,7,4,3,0,0,0
57226804,1448,806,642,62,367,107,191,77,38,39,27,128,108,93,156,9,85,47,38,476,311,165,486,226,260,47,23,24,284,147,137,70,52,18
57226805,246,134,112,10,60,19,30,12,2,10,4,20,25,21,24,2,7,1,6,71,44,27,101,54,47,2,1,1,63,32,31,2,2,0
57226806,118,61,57,9,27,5,9,4,6,4,4,11,7,4,18,2,5,2,3,30,23,7,43,19,24,2,2,0,30,12,18,8,3,5
57381701,56,32,24,6,15,5,3,3,0,1,1,0,7,6,5,0,3,2,1,18,12,6,28,17,11,1,0,1,6,1,5,0,0,0
57227601,31,21,10,3,10,6,5,1,1,0,0,1,3,0,0,0,4,2,2,11,9,2,10,7,3,0,0,0,4,1,3,2,2,0
57227602,197,111,86,8,61,18,21,12,3,8,4,11,16,12,16,1,5,3,2,62,42,20,84,43,41,4,3,1,38,18,20,4,2,2
57227603,326,176,150,5,85,16,38,14,6,14,10,34,22,29,40,1,10,4,6,69,44,25,120,64,56,10,4,6,105,52,53,12,8,4
54789101,177,97,80,25,37,20,19,6,8,4,2,17,7,17,9,1,10,6,4,66,46,20,63,32,31,3,1,2,31,10,21,4,2,2
57231401,31,15,16,3,12,1,2,3,1,0,0,1,0,2,5,1,1,0,1,18,10,8,6,4,2,1,0,1,5,1,4,0,0,0
57231402,53,27,26,9,13,2,6,4,2,1,1,4,1,3,6,0,1,1,0,19,13,6,21,7,14,0,0,0,6,4,2,6,2,4
57232201,18,6,12,0,8,1,1,2,2,0,0,0,1,0,1,2,2,0,2,8,3,5,7,3,4,0,0,0,0,0,0,1,0,1
57232202,173,100,73,18,68,14,14,5,6,2,0,6,8,13,12,1,7,1,6,75,55,20,55,27,28,5,1,4,26,12,14,5,4,1
57232203,26,16,10,2,10,1,5,0,0,1,0,3,0,0,3,0,0,0,0,13,7,6,12,8,4,0,0,0,1,1,0,0,0,0
57233101,22,12,10,2,8,0,3,0,0,0,2,1,3,0,1,0,2,2,0,3,3,0,10,5,5,1,0,1,5,2,3,1,0,1
57233102,196,112,84,7,62,17,9,13,9,6,4,16,21,13,16,0,7,3,4,74,57,17,69,30,39,4,2,2,34,15,19,8,5,3
57234902,405,236,169,20,153,34,38,19,13,10,7,19,20,30,25,6,17,10,7,174,121,53,130,64,66,12,4,8,52,21,31,20,16,4
57238101,59,35,24,5,25,6,4,3,2,2,1,1,3,4,1,0,5,1,4,25,18,7,18,9,9,1,0,1,7,5,2,3,2,1
57238102,38,21,17,9,6,4,0,1,0,0,0,1,3,6,6,0,2,1,1,14,10,4,12,5,7,1,0,1,8,4,4,1,1,0
57238104,39,17,22,2,11,6,7,1,0,0,1,3,0,2,4,0,0,0,0,20,13,7,15,2,13,0,0,0,3,1,2,1,1,0
57238105,25,14,11,9,5,1,0,1,2,0,1,1,0,3,2,0,0,0,0,10,5,5,9,6,3,1,0,1,5,3,2,0,0,0
1680762,0,0,0,0,0,0,0,0,0,0,0,0,0,0,0,0,0,0,0,0,0,0,0,0,0,0,0,0,0,0,0,0,0,0
57239001,9,4,5,2,3,0,1,0,0,0,0,0,3,0,0,0,0,0,0,3,1,2,5,3,2,0,0,0,1,0,1,0,0,0
57239002,9,7,2,0,2,1,1,0,1,0,0,0,1,0,1,0,0,0,0,2,1,1,2,1,1,1,1,0,3,3,0,1,1,0
57239004,41,22,19,6,12,3,4,0,1,0,2,2,4,1,4,2,2,0,2,20,12,8,13,6,7,0,0,0,5,4,1,1,0,1
57239005,381,221,160,29,128,37,35,28,13,8,5,18,22,30,19,0,21,11,10,157,103,54,139,75,64,9,3,6,45,20,25,10,9,1
57240301,80,48,32,7,30,6,7,3,0,1,0,8,4,7,6,0,4,2,2,50,35,15,20,7,13,0,0,0,3,1,2,3,3,0
3388770,0,0,0,0,0,0,0,0,0,0,0,0,0,0,0,0,0,0,0,0,0,0,0,0,0,0,0,0,0,0,0,0,0,0
57241101,32,19,13,1,14,1,3,2,2,0,0,2,2,1,3,0,1,0,1,13,10,3,13,7,6,0,0,0,3,0,3,2,2,0
57241103,46,27,19,1,27,1,4,0,0,1,1,5,2,0,3,0,1,1,0,22,14,8,18,9,9,0,0,0,5,3,2,0,0,0
57241104,16,11,5,1,10,2,0,0,0,0,0,1,0,1,1,0,1,0,1,11,9,2,2,1,1,0,0,0,2,1,1,0,0,0
57241105,35,19,16,2,12,3,1,1,1,0,1,2,3,3,3,0,3,0,3,15,11,4,10,6,4,1,0,1,2,1,1,4,1,3
57241107,1253,699,554,20,679,58,62,52,43,30,11,72,61,73,62,3,39,15,24,442,270,172,492,260,232,29,14,15,194,95,99,57,45,12
57241109,67,38,29,2,26,12,7,0,0,2,1,4,5,2,3,0,1,0,1,33,22,11,25,12,13,3,0,3,4,3,1,1,1,0
50492101,140,73,67,7,41,9,15,9,6,3,1,12,7,17,7,0,4,3,1,67,41,26,45,22,23,4,0,4,16,5,11,4,2,2
57242001,319,178,141,33,97,25,47,20,10,3,3,11,18,18,25,3,11,6,5,154,98,56,102,46,56,7,3,4,37,19,18,8,6,2
53069701,43,28,15,3,11,7,5,2,0,1,0,5,2,2,5,0,4,1,3,21,19,2,9,4,5,0,0,0,9,4,5,0,0,0
53069702,23,14,9,1,6,0,4,1,1,0,0,2,3,1,1,0,0,0,0,7,4,3,12,9,3,0,0,0,4,1,3,0,0,0
57244601,213,119,94,16,61,21,32,10,4,5,4,15,13,12,16,2,19,12,7,91,56,35,59,24,35,5,3,2,31,20,11,8,4,4
57245402,18,9,9,4,8,2,0,1,0,0,0,0,0,2,1,0,1,0,1,5,5,0,5,1,4,2,1,1,5,2,3,0,0,0
57245403,158,91,67,5,77,13,9,9,2,0,2,6,6,2,19,1,10,5,5,60,40,20,45,23,22,3,2,1,19,8,11,21,13,8
57246201,22,14,8,1,9,1,2,1,1,0,0,1,1,3,1,0,2,0,2,7,6,1,11,8,3,0,0,0,2,0,2,0,0,0
57246202,28,14,14,2,13,2,5,1,0,1,0,1,1,0,2,0,0,0,0,14,8,6,8,3,5,1,0,1,3,2,1,2,1,1
57246203,21,12,9,1,11,3,3,0,0,0,0,1,1,0,0,0,0,0,0,10,8,2,6,1,5,1,1,0,2,1,1,2,1,1
57246204,134,80,54,6,49,16,7,9,1,1,0,7,10,16,7,3,4,3,1,46,31,15,55,31,24,0,0,0,19,8,11,10,7,3
57246206,14,7,7,2,5,1,2,0,1,0,1,1,0,1,0,0,2,0,2,6,4,2,4,2,2,0,0,0,1,1,0,1,0,1
57246207,25,14,11,0,14,1,6,2,0,0,0,0,0,1,1,0,1,1,0,12,7,5,11,6,5,0,0,0,1,0,1,0,0,0
57247101,136,75,61,17,41,9,10,12,3,3,1,12,11,3,9,0,4,3,1,53,29,24,44,27,17,1,0,1,23,9,14,11,7,4
57249701,51,34,17,10,24,4,1,0,1,0,2,1,1,2,2,1,4,3,1,27,20,7,13,6,7,0,0,0,5,3,2,2,2,0
57249702,168,96,72,10,66,18,15,7,3,1,0,10,14,8,11,1,5,4,1,61,36,25,62,35,27,9,2,7,19,10,9,12,9,3
57250101,163,98,65,8,69,21,15,15,1,3,2,9,7,8,4,0,8,4,4,74,49,25,56,30,26,1,1,0,19,11,8,5,3,2
57250102,17,8,9,1,6,1,2,0,0,1,0,3,3,0,0,0,1,0,1,3,2,1,5,2,3,1,1,0,7,3,4,0,0,0
57252701,12,8,4,1,4,4,0,1,0,0,0,0,0,2,0,0,2,1,1,4,3,1,2,1,1,1,1,0,3,2,1,0,0,0
57252702,85,48,37,8,32,10,5,9,3,0,1,2,7,1,4,2,5,4,1,49,31,18,21,10,11,2,1,1,7,2,5,1,0,1
57253502,28,17,11,2,9,1,2,5,2,1,0,1,1,1,1,0,0,0,0,16,11,5,6,3,3,0,0,0,6,3,3,0,0,0
57253503,16,10,6,0,4,4,1,1,0,0,0,0,2,0,2,0,0,0,0,10,6,4,4,3,1,0,0,0,2,1,1,0,0,0
57253504,115,64,51,0,37,13,10,8,4,2,0,6,5,10,19,1,3,1,2,53,39,14,33,12,21,2,0,2,19,10,9,5,2,3
57254301,9,7,2,3,5,0,0,0,0,0,0,0,0,0,1,0,0,0,0,4,3,1,4,3,1,0,0,0,1,1,0,0,0,0
57254302,17,9,8,2,6,1,0,0,1,2,0,1,0,1,2,0,1,1,0,3,2,1,6,3,3,0,0,0,6,2,4,1,1,0
57254303,40,28,12,10,16,3,2,3,0,1,0,1,0,1,1,0,3,2,1,22,17,5,8,5,3,0,0,0,3,1,2,4,3,1
57255101,34,23,11,7,13,3,2,2,1,0,1,0,2,2,0,0,1,1,0,17,13,4,12,7,5,0,0,0,3,1,2,1,1,0
57255102,68,36,32,10,27,6,3,0,2,0,3,7,4,3,2,0,4,1,3,27,19,8,29,13,16,1,0,1,4,1,3,3,2,1
57255103,180,101,79,11,51,17,20,9,11,3,2,15,13,9,9,3,9,4,5,93,59,34,48,24,24,3,3,0,20,7,13,7,4,3
57255105,24,13,11,4,8,2,1,1,0,0,0,2,2,0,4,0,1,0,1,11,6,5,8,5,3,0,0,0,4,2,2,0,0,0
57255106,15,10,5,1,5,3,1,1,0,0,0,2,0,0,2,0,1,1,0,9,8,1,4,0,4,0,0,0,1,1,0,0,0,0
57255109,22,16,6,4,8,2,2,2,0,0,0,0,1,1,2,0,0,0,0,10,7,3,5,4,1,1,1,0,6,4,2,0,0,0
54784101,39,20,19,6,10,2,3,1,0,0,0,1,6,5,5,0,1,0,1,6,5,1,16,8,8,0,0,0,16,7,9,0,0,0
54784102,74,42,32,5,19,12,4,4,1,3,1,4,3,5,11,0,3,1,2,28,19,9,28,14,14,2,0,2,11,6,5,2,2,0
57257802,501,278,223,16,175,40,71,27,11,15,7,25,31,20,54,0,23,10,13,204,138,66,178,84,94,11,4,7,66,31,35,19,11,8
54785901,49,31,18,5,16,7,5,3,1,0,0,2,0,6,3,0,1,1,0,21,17,4,21,9,12,1,1,0,4,2,2,1,1,0
57387601,129,71,58,21,35,16,14,4,2,1,2,10,6,9,5,3,4,2,2,51,31,20,51,27,24,5,0,5,15,8,7,3,3,0
57409102,67,37,30,4,18,3,12,2,1,2,2,3,4,6,7,1,1,0,1,26,18,8,29,14,15,2,1,1,8,3,5,1,1,0
57264101,11,7,4,3,4,1,0,0,1,0,1,0,0,0,1,0,1,1,0,4,3,1,3,0,3,0,0,0,3,3,0,0,0,0
57264103,123,73,50,4,47,9,9,6,2,5,2,9,11,7,10,0,3,3,0,51,35,16,47,23,24,3,2,1,19,10,9,0,0,0
57472401,150,93,57,11,46,8,12,11,6,1,8,15,9,3,8,2,3,3,0,60,46,14,42,24,18,1,0,1,40,16,24,4,4,0
57474101,160,91,69,5,54,16,12,9,2,10,5,10,16,5,11,0,13,8,5,42,32,10,59,27,32,3,2,1,37,19,18,6,3,3
57478301,158,82,76,11,32,10,21,12,7,1,8,19,12,12,9,1,10,3,7,49,32,17,63,29,34,6,1,5,25,14,11,5,3,2
57479101,22,13,9,2,5,3,4,1,1,0,0,1,2,2,1,0,0,0,0,9,7,2,9,3,6,0,0,0,3,2,1,1,1,0
57479102,110,57,53,0,45,8,8,4,4,3,2,9,9,6,5,0,4,0,4,45,32,13,41,18,23,0,0,0,11,3,8,9,4,5
57480501,507,282,225,21,186,28,39,37,7,8,11,46,30,28,38,6,18,13,5,185,121,64,186,87,99,10,5,5,94,47,47,14,9,5
57480502,21,13,8,2,5,2,4,2,1,0,1,2,1,0,0,0,2,1,1,6,5,1,4,2,2,0,0,0,8,4,4,1,1,0
57481301,138,77,61,13,35,12,13,13,4,4,3,10,5,11,10,0,1,0,1,58,40,18,52,23,29,1,0,1,22,13,9,4,1,3
57482101,50,28,22,3,17,3,5,8,2,1,1,4,1,1,4,0,2,2,0,28,17,11,16,7,9,0,0,0,2,1,1,2,1,1
57483001,125,68,57,5,42,7,10,5,4,6,6,5,10,9,8,2,4,0,4,47,30,17,38,21,17,4,2,2,28,12,16,4,3,1
57483002,66,38,28,7,19,4,8,2,2,3,1,5,9,1,4,0,0,0,0,28,20,8,19,10,9,1,0,1,16,7,9,2,1,1
57484801,141,83,58,12,40,13,11,7,2,8,3,8,6,12,13,0,3,3,0,34,26,8,44,23,21,5,3,2,49,24,25,6,4,2
57484802,70,34,36,3,12,4,7,8,0,4,1,8,2,6,13,0,2,0,2,15,8,7,27,12,15,1,0,1,25,14,11,0,0,0
57484803,454,244,210,13,82,40,52,22,14,22,11,48,34,54,51,0,10,6,4,100,59,41,158,82,76,10,3,7,153,80,73,23,14,9
57484804,43,25,18,1,9,1,5,4,1,2,0,6,11,1,2,0,0,0,0,18,12,6,18,9,9,0,0,0,7,4,3,0,0,0
57484805,110,63,47,1,20,6,12,5,3,5,5,11,8,15,14,1,3,1,2,5,4,1,39,23,16,2,0,2,60,34,26,1,1,0
57484806,78,44,34,5,22,4,11,4,1,2,1,8,4,4,10,0,1,0,1,21,13,8,30,14,16,2,2,0,24,15,9,0,0,0
57279901,111,55,56,9,38,10,17,6,1,2,3,6,6,7,6,0,9,4,5,38,24,14,45,20,25,1,0,1,17,7,10,1,0,1
0195770,0,0,0,0,0,0,0,0,0,0,0,0,0,0,0,0,0,0,0,0,0,0,0,0,0,0,0,0,0,0,0,0,0,0
57485602,45,27,18,4,22,3,4,4,0,0,0,0,3,2,1,0,15,10,5,19,12,7,8,3,5,0,0,0,1,0,1,2,2,0
57485603,605,333,272,9,177,36,79,39,13,21,25,48,49,40,52,1,15,6,9,165,113,52,246,114,132,11,7,4,155,84,71,13,9,4
57486401,244,138,106,12,79,16,24,13,7,3,4,23,18,13,22,0,16,10,6,96,60,36,78,41,37,4,1,3,42,20,22,8,6,2
57289601,361,202,159,6,106,23,43,18,3,15,23,35,29,26,24,1,10,5,5,80,52,28,146,78,68,6,1,5,109,60,49,10,6,4
57489901,887,518,369,19,269,64,101,125,40,16,19,80,50,33,44,8,57,35,22,324,211,113,315,156,159,14,6,8,96,53,43,81,57,24
57489902,43,27,16,3,14,1,4,2,2,0,2,3,4,5,3,0,2,1,1,15,11,4,16,12,4,3,0,3,5,1,4,2,2,0
57489903,17,9,8,3,2,0,2,0,0,0,2,3,0,0,5,0,1,1,0,3,1,2,7,2,5,0,0,0,4,3,1,2,2,0
57489904,96,55,41,3,22,4,13,7,3,3,3,9,5,7,10,2,4,3,1,30,21,9,31,16,15,4,1,3,19,9,10,8,5,3
57489905,95,51,44,0,25,4,10,6,1,5,7,20,5,2,5,0,1,1,0,8,5,3,49,25,24,1,1,0,31,16,15,5,3,2
57489906,25,16,9,1,14,0,1,1,0,1,1,0,1,2,2,0,1,1,0,7,4,3,11,6,5,2,2,0,3,2,1,1,1,0
57490201,209,121,88,32,49,20,22,12,8,3,10,12,10,6,16,2,17,13,4,82,56,26,76,37,39,2,1,1,27,10,17,5,4,1
57491101,459,251,208,17,143,34,49,39,16,9,11,35,38,25,31,3,24,18,6,178,103,75,160,80,80,13,4,9,58,29,29,26,17,9
57491102,287,157,130,24,85,19,27,23,4,4,12,15,29,21,17,2,14,10,4,118,74,44,101,46,55,8,5,3,38,17,21,8,5,3
57491103,107,62,45,3,36,11,9,7,5,3,2,7,7,3,10,1,3,2,1,52,37,15,30,12,18,1,0,1,15,5,10,6,6,0
57491104,155,88,67,7,48,15,21,17,4,4,2,11,5,10,7,1,7,5,2,81,51,30,45,22,23,3,1,2,13,4,9,6,5,1
57492901,489,261,228,27,141,35,54,29,16,10,11,33,53,33,30,4,13,7,6,186,125,61,172,72,100,13,3,10,87,45,42,18,9,9
57495301,297,169,128,10,52,25,40,14,11,19,14,24,19,25,28,4,15,12,3,68,40,28,98,53,45,2,1,1,105,56,49,9,7,2
57297701,180,95,85,10,53,18,12,8,1,9,6,21,10,16,12,1,3,1,2,52,35,17,68,31,37,1,1,0,51,23,28,5,4,1
57496101,124,70,54,6,42,14,14,8,4,7,1,6,8,4,3,4,6,3,3,60,39,21,39,21,18,2,0,2,10,5,5,7,2,5
3124360,0,0,0,0,0,0,0,0,0,0,0,0,0,0,0,0,0,0,0,0,0,0,0,0,0,0,0,0,0,0,0,0,0,0
57498802,568,315,253,18,212,34,70,28,12,15,15,34,28,46,34,4,22,8,14,203,132,71,228,121,107,21,8,13,80,38,42,14,8,6
57498803,50,25,25,3,15,1,4,4,2,2,1,4,3,3,5,0,2,1,1,21,12,9,23,10,13,0,0,0,3,2,1,1,0,1
57498804,115,63,52,5,34,11,7,6,4,0,1,18,12,5,4,2,9,5,4,39,24,15,43,19,24,3,3,0,21,12,9,0,0,0
57498805,43,26,17,3,21,2,5,2,1,1,0,2,2,2,0,0,2,1,1,25,18,7,12,6,6,3,0,3,0,0,0,1,1,0
57498806,246,141,105,6,90,15,32,21,3,3,3,20,8,24,13,0,7,2,5,92,61,31,101,53,48,5,2,3,32,16,16,9,7,2
57498807,84,46,38,4,29,6,3,9,2,2,3,6,8,8,3,0,2,1,1,26,18,8,34,17,17,1,0,1,19,9,10,2,1,1
57498808,814,445,369,24,280,69,98,42,31,13,19,61,33,59,56,1,60,28,32,288,186,102,266,130,136,14,6,8,131,58,73,55,37,18
57498809,1124,598,526,32,403,53,123,67,22,40,33,79,57,94,71,6,72,38,34,365,228,137,408,203,205,37,10,27,206,97,109,36,22,14
57498810,15,8,7,0,4,1,4,0,0,0,0,1,1,3,0,0,1,1,0,8,5,3,4,2,2,0,0,0,2,0,2,0,0,0
57498811,14,9,5,1,7,0,1,2,0,1,0,1,0,0,0,1,1,0,1,6,5,1,6,3,3,0,0,0,1,1,0,0,0,0
57498812,90,53,37,2,34,6,13,4,3,1,5,9,3,5,3,0,4,2,2,30,24,6,34,19,15,2,0,2,18,7,11,2,1,1
57498813,23,14,9,0,7,3,2,0,0,0,0,2,3,4,1,0,2,0,2,5,4,1,10,8,2,0,0,0,5,1,4,1,1,0
57301901,34,21,13,4,12,5,2,0,3,1,0,2,3,0,0,1,1,0,1,17,10,7,12,8,4,1,0,1,3,3,0,0,0,0
57499601,67,37,30,14,20,10,7,1,1,0,0,6,2,3,2,1,5,0,5,34,21,13,16,9,7,2,0,2,5,2,3,5,5,0
57499602,909,500,409,42,333,60,80,48,27,18,30,56,57,62,63,7,43,23,20,344,213,131,308,155,153,15,4,11,156,82,74,43,23,20
57501101,533,296,237,17,169,55,59,38,15,14,13,35,30,37,35,2,23,15,8,197,134,63,194,93,101,15,9,6,91,36,55,13,9,4
3313500,0,0,0,0,0,0,0,0,0,0,0,0,0,0,0,0,0,0,0,0,0,0,0,0,0,0,0,0,0,0,0,0,0,0
57504601,108,60,48,8,32,7,13,4,2,3,3,5,8,5,12,0,5,3,2,33,20,13,39,23,16,4,1,3,24,10,14,3,3,0
57505402,566,308,258,21,197,55,57,34,9,13,11,40,31,39,39,3,30,14,16,208,139,69,209,100,109,6,1,5,100,43,57,13,11,2
57505404,28,18,10,1,12,3,1,3,0,1,0,2,2,2,1,0,1,1,0,9,8,1,10,5,5,0,0,0,8,4,4,0,0,0
57506201,172,98,74,9,36,15,19,24,2,4,4,17,14,13,6,0,1,1,0,72,47,25,60,33,27,5,1,4,29,13,16,5,3,2
57276401,48,27,21,4,17,5,5,1,1,2,0,5,2,3,1,0,2,1,1,16,10,6,21,10,11,2,1,1,4,2,2,3,3,0
3308410,0,0,0,0,0,0,0,0,0,0,0,0,0,0,0,0,0,0,0,0,0,0,0,0,0,0,0,0,0,0,0,0,0,0
57507101,61,32,29,0,27,2,4,3,3,1,1,3,4,6,3,0,5,0,5,29,19,10,15,8,7,0,0,0,11,4,7,1,1,0
57507102,1375,760,615,22,675,91,102,80,29,22,26,97,65,64,69,9,107,55,52,612,369,243,444,231,213,16,5,11,129,53,76,67,47,20
57507103,12,6,6,0,5,0,0,1,0,1,0,1,0,2,0,0,0,0,0,4,2,2,7,3,4,0,0,0,1,1,0,0,0,0
57508901,372,212,160,27,107,32,42,16,9,5,10,33,24,12,37,5,19,10,9,123,78,45,131,62,69,9,4,5,54,26,28,36,32,4
57509701,104,56,48,16,33,9,12,3,4,2,2,4,7,8,2,1,3,1,2,53,31,22,29,15,14,3,0,3,12,5,7,4,4,0
57510101,77,46,31,6,38,5,7,3,1,0,1,5,4,5,2,0,6,3,3,41,29,12,18,9,9,1,0,1,9,3,6,2,2,0
57510102,42,25,17,0,20,3,6,5,1,2,0,2,1,1,1,0,2,1,1,21,13,8,15,8,7,0,0,0,3,2,1,1,1,0
57510103,35,21,14,2,11,5,3,1,2,0,1,3,1,1,3,0,2,2,0,17,13,4,12,6,6,0,0,0,3,0,3,1,0,1
57511901,105,57,48,4,43,14,11,3,5,1,2,7,2,7,4,1,5,5,0,40,24,16,38,20,18,3,1,2,15,4,11,4,3,1
57512701,65,37,28,4,30,4,7,5,1,1,1,3,3,4,1,1,4,2,2,33,22,11,16,7,9,0,0,0,6,2,4,6,4,2
57512702,12,7,5,1,7,0,2,0,0,0,1,0,0,0,0,0,0,0,0,7,5,2,5,2,3,0,0,0,0,0,0,0,0,0
57513501,113,70,43,12,35,9,11,7,1,2,4,9,8,3,7,0,7,5,2,46,34,12,44,22,22,2,0,2,10,5,5,4,4,0
57514301,230,125,105,15,56,15,37,21,7,12,5,21,8,13,15,1,12,5,7,81,52,29,80,46,34,6,2,4,42,13,29,9,7,2
57515101,58,35,23,7,24,6,5,3,0,2,0,1,3,1,5,0,5,4,1,29,20,9,16,7,9,0,0,0,7,3,4,1,1,0
57515102,30,21,9,4,7,4,6,2,0,1,1,0,0,1,1,0,1,0,1,16,13,3,5,2,3,1,1,0,6,4,2,1,1,0
57517801,59,34,25,3,25,7,3,5,0,1,3,4,1,2,3,0,5,0,5,23,17,6,24,12,12,0,0,0,6,4,2,1,1,0
57517802,176,95,81,52,39,10,11,12,3,5,2,12,5,17,2,2,7,4,3,71,42,29,49,24,25,2,0,2,30,15,15,17,10,7
57517803,53,30,23,9,17,6,4,5,2,0,0,2,3,3,0,0,5,1,4,30,21,9,15,6,9,0,0,0,2,1,1,1,1,0
57517804,26,11,15,4,7,0,7,0,1,0,0,3,0,2,0,0,3,2,1,10,6,4,12,3,9,0,0,0,0,0,0,1,0,1
57519401,219,125,94,16,81,15,20,10,7,4,3,26,14,13,6,0,10,6,4,90,63,27,76,35,41,1,0,1,29,10,19,13,11,2
57523201,273,149,124,14,77,22,35,21,6,9,14,13,21,20,16,0,10,7,3,105,62,43,95,47,48,8,3,5,45,22,23,10,8,2
57286101,103,67,36,7,29,9,19,8,3,1,2,8,6,3,5,1,3,1,2,55,38,17,30,20,10,0,0,0,13,6,7,2,2,0
57351501,177,106,71,4,49,17,15,8,6,4,8,15,19,6,14,1,5,3,2,53,37,16,59,34,25,3,1,2,46,22,24,11,9,2
57525901,125,66,59,6,54,7,9,9,7,0,1,11,10,3,6,0,7,2,5,53,37,16,44,19,25,1,0,1,15,5,10,5,3,2
57284501,78,47,31,3,30,4,4,17,4,3,1,2,1,2,3,0,7,3,4,36,24,12,25,16,9,2,2,0,7,1,6,1,1,0
57476701,1845,996,849,34,551,98,186,113,58,85,48,176,176,110,152,5,70,43,27,523,299,224,679,351,328,31,11,20,487,256,231,55,36,19
57530501,325,173,152,8,93,34,50,22,10,9,9,26,15,16,26,0,22,8,14,137,88,49,104,46,58,8,4,4,45,21,24,9,6,3
57531301,169,95,74,11,60,12,10,15,2,4,3,11,15,17,4,3,8,4,4,59,36,23,54,31,23,2,0,2,33,17,16,13,7,6
57531302,46,28,18,0,25,2,5,2,0,0,0,5,1,1,3,0,1,1,0,20,14,6,16,9,7,0,0,0,5,2,3,4,2,2
57533002,32,17,15,2,5,3,5,2,1,5,0,1,1,1,3,0,2,1,1,11,7,4,14,6,8,2,2,0,3,1,2,0,0,0
57533003,59,39,20,3,26,3,5,4,1,1,1,4,4,2,2,1,2,2,0,32,21,11,17,9,8,1,1,0,5,4,1,2,2,0
57280201,67,35,32,8,24,7,9,4,1,1,0,5,4,2,2,0,0,0,0,36,21,15,21,11,10,5,2,3,5,1,4,0,0,0
57537201,146,81,65,1,43,16,20,13,2,6,6,12,6,6,7,0,17,10,7,62,39,23,46,20,26,0,0,0,17,10,7,4,2,2
57537202,21,10,11,0,5,0,2,3,0,1,0,2,2,2,1,0,1,0,1,8,5,3,7,3,4,0,0,0,5,2,3,0,0,0
57537203,523,293,230,10,94,54,66,29,8,20,25,57,48,41,46,6,19,11,8,153,100,53,185,95,90,9,3,6,140,75,65,17,9,8
57537204,19,12,7,0,3,2,4,0,1,1,0,2,4,0,0,0,0,0,0,5,3,2,9,4,5,1,1,0,4,4,0,0,0,0
57538101,89,47,42,6,33,7,3,5,3,2,2,9,8,5,4,0,0,0,0,31,20,11,38,18,20,1,0,1,15,5,10,4,4,0
57303501,39,23,16,4,14,0,7,2,1,1,0,1,3,1,3,1,3,1,2,11,7,4,19,11,8,1,1,0,3,1,2,2,2,0
57539901,29,16,13,1,11,2,3,1,2,0,3,1,2,0,1,0,0,0,0,14,9,5,12,7,5,1,0,1,1,0,1,1,0,1
57539902,48,29,19,1,19,5,3,10,0,0,3,2,0,2,3,0,5,2,3,23,15,8,13,7,6,0,0,0,3,2,1,4,3,1
57539903,505,279,226,13,142,29,73,47,10,24,16,38,32,28,38,2,24,7,17,182,116,66,163,84,79,17,8,9,94,45,49,25,19,6
57539904,66,36,30,4,20,8,7,2,0,3,4,4,3,5,4,1,2,2,0,19,15,4,30,11,19,3,1,2,10,6,4,2,1,1
57539905,115,66,49,5,40,9,14,8,1,4,1,10,5,8,5,3,2,0,2,43,31,12,48,24,24,3,0,3,15,9,6,4,2,2
57539906,56,32,24,1,12,2,8,11,1,3,3,3,3,3,3,2,0,0,0,16,11,5,24,11,13,0,0,0,12,7,5,4,3,1
57539907,7,6,1,4,1,0,0,0,0,0,0,1,0,0,1,0,0,0,0,3,3,0,2,2,0,0,0,0,2,1,1,0,0,0
57287001,334,181,153,5,62,18,28,13,15,22,24,35,26,27,36,1,11,7,4,43,30,13,118,63,55,6,2,4,151,75,76,5,4,1
57287002,102,64,38,5,22,21,8,4,3,1,1,10,12,1,7,0,6,4,2,36,31,5,32,13,19,3,1,2,23,13,10,2,2,0
57307801,44,24,20,1,12,5,11,2,2,0,0,4,2,3,1,0,1,0,1,19,14,5,14,5,9,0,0,0,7,3,4,3,2,1
57307802,51,29,22,7,6,4,8,3,1,1,0,5,4,1,8,1,3,3,0,19,12,7,14,7,7,1,0,1,12,6,6,2,1,1
3309490,0,0,0,0,0,0,0,0,0,0,0,0,0,0,0,0,0,0,0,0,0,0,0,0,0,0,0,0,0,0,0,0,0,0
57542901,1190,666,524,15,314,81,175,74,34,50,36,106,74,90,78,13,47,29,18,383,241,142,424,215,209,26,7,19,266,141,125,44,33,11
57542902,293,167,126,3,78,22,32,27,12,10,9,29,23,15,29,0,16,7,9,102,67,35,96,58,38,4,1,3,68,30,38,7,4,3
57543701,37,22,15,1,5,6,9,3,0,1,3,0,2,2,4,0,2,1,1,13,9,4,18,9,9,1,1,0,3,2,1,0,0,0
57543702,539,298,241,15,131,51,84,31,11,17,25,48,39,38,31,2,21,14,7,188,109,79,173,88,85,9,3,6,122,65,57,26,19,7
57544501,353,210,143,16,106,28,52,25,11,9,14,20,20,24,20,1,14,8,6,143,100,43,124,64,60,10,1,9,46,24,22,16,13,3
57544502,90,53,37,14,30,5,9,7,4,2,0,5,4,7,3,0,4,2,2,36,24,12,29,17,12,0,0,0,17,6,11,4,4,0
1179010,0,0,0,0,0,0,0,0,0,0,0,0,0,0,0,0,0,0,0,0,0,0,0,0,0,0,0,0,0,0,0,0,0,0
3290880,0,0,0,0,0,0,0,0,0,0,0,0,0,0,0,0,0,0,0,0,0,0,0,0,0,0,0,0,0,0,0,0,0,0
57471601,693,497,196,12,176,79,59,51,44,18,9,108,19,22,28,23,67,48,19,148,117,31,142,90,52,7,3,4,99,56,43,230,183,47
57471602,54,26,28,0,6,4,7,1,3,2,4,11,0,6,4,0,0,0,0,4,3,1,26,9,17,2,0,2,22,14,8,0,0,0
57471603,14,7,7,2,5,0,0,0,1,1,1,3,0,1,0,0,0,0,0,2,2,0,6,2,4,0,0,0,6,3,3,0,0,0
57471604,153,91,62,3,40,8,20,3,7,4,6,16,10,12,15,0,5,5,0,21,16,5,47,24,23,7,2,5,64,38,26,9,6,3
57471605,108,58,50,1,20,13,8,5,1,1,6,14,3,11,10,1,5,2,3,22,16,6,43,20,23,4,3,1,30,15,15,4,2,2
57471606,619,328,291,3,138,36,71,34,23,29,28,76,51,50,49,4,28,16,12,143,85,58,233,115,118,12,7,5,171,84,87,32,21,11
57471607,1222,641,581,9,276,68,121,69,44,68,50,149,88,120,101,3,54,15,39,256,166,90,424,223,201,25,12,13,426,202,224,37,23,14
57471608,1156,625,531,8,267,52,109,63,55,65,45,153,66,83,112,5,59,36,23,232,135,97,414,225,189,34,16,18,381,188,193,36,25,11
57471610,11,7,4,0,5,0,1,1,0,0,0,0,1,2,0,0,2,0,2,2,2,0,3,3,0,0,0,0,4,2,2,0,0,0
57471612,3327,1805,1522,35,835,188,348,177,153,144,166,412,183,241,236,23,173,92,81,754,455,299,1260,667,593,65,23,42,917,459,458,158,109,49
57471613,1270,664,606,16,318,81,118,70,52,58,65,151,96,97,89,7,55,27,28,276,153,123,487,233,254,25,8,17,352,181,171,75,62,13
57471614,2523,1411,1112,33,710,162,287,138,93,123,103,323,138,141,138,21,203,117,86,582,352,230,857,453,404,54,30,24,655,343,312,172,116,56
3223690,0,0,0,0,0,0,0,0,0,0,0,0,0,0,0,0,0,0,0,0,0,0,0,0,0,0,0,0,0,0,0,0,0,0
55512601,17,13,4,0,8,0,1,0,0,1,0,3,2,1,1,0,1,1,0,9,7,2,4,3,1,0,0,0,3,2,1,0,0,0
55512602,160,85,75,4,29,12,21,6,7,3,10,33,6,12,8,1,4,2,2,33,20,13,73,37,36,1,1,0,49,25,24,0,0,0
55512603,118,67,51,2,30,6,7,4,3,11,11,16,5,9,9,0,1,1,0,14,9,5,39,17,22,3,1,2,61,39,22,0,0,0
55512604,949,495,454,6,241,41,122,75,30,48,40,94,76,90,49,10,51,27,24,233,127,106,352,169,183,14,3,11,258,143,115,41,26,15
55512606,1641,858,783,14,488,98,191,114,45,53,74,163,109,108,102,10,82,48,34,510,281,229,617,307,310,28,10,18,342,173,169,62,39,23
55512607,1672,947,725,8,620,69,149,77,36,58,75,218,95,105,99,7,243,172,71,301,168,133,546,270,276,34,17,17,423,227,196,125,93,32
55512608,1921,1033,888,13,566,103,222,147,52,73,67,216,133,135,116,8,112,55,57,569,336,233,740,379,361,45,17,28,369,191,178,86,55,31
55512609,284,156,128,1,81,17,25,15,15,19,17,33,9,30,13,1,5,1,4,63,38,25,100,54,46,4,1,3,97,54,43,15,8,7
55512611,1294,694,600,10,371,63,131,92,50,52,49,163,86,92,85,8,74,41,33,345,192,153,484,245,239,33,16,17,289,147,142,69,53,16
55512612,1536,802,734,18,406,73,174,107,43,48,53,170,144,123,112,10,79,44,35,398,235,163,616,297,319,39,12,27,339,170,169,65,44,21
3290450,0,0,0,0,0,0,0,0,0,0,0,0,0,0,0,0,0,0,0,0,0,0,0,0,0,0,0,0,0,0,0,0,0,0
55706402,300,300,0,0,213,1,1,1,23,0,0,8,47,0,1,1,112,112,0,146,146,0,32,32,0,2,2,0,8,8,0,0,0,0
55706403,62,35,27,1,18,1,11,1,3,3,0,8,3,2,3,1,3,2,1,21,14,7,23,10,13,3,2,1,11,6,5,1,1,0
55706404,1008,521,487,9,216,77,110,52,32,43,43,116,76,100,86,4,21,9,12,229,146,83,383,181,202,16,6,10,340,169,171,19,10,9
55706406,876,442,434,7,222,55,93,44,26,28,48,89,79,57,76,10,42,22,20,221,122,99,348,154,194,22,13,9,217,115,102,26,16,10
55706407,322,199,123,2,272,2,9,3,4,0,0,29,0,0,0,0,13,9,4,24,15,9,38,26,12,17,10,7,42,20,22,188,119,69
55706408,4088,2156,1932,31,1111,206,414,303,110,169,183,440,341,291,331,18,170,96,74,1147,653,494,1558,757,801,103,47,56,993,528,465,117,75,42
55706410,230,120,110,3,32,20,25,12,3,13,10,40,21,23,19,1,5,4,1,21,16,5,85,41,44,4,0,4,111,57,54,4,2,2
55706411,634,326,308,10,144,44,69,32,21,30,22,84,35,64,49,2,20,10,10,144,89,55,237,129,108,11,3,8,212,88,124,10,7,3
55706412,315,168,147,3,86,22,28,18,13,15,5,28,33,28,20,0,15,9,6,81,46,35,119,65,54,7,1,6,87,44,43,6,3,3
1178112,0,0,0,0,0,0,0,0,0,0,0,0,0,0,0,0,0,0,0,0,0,0,0,0,0,0,0,0,0,0,0,0,0,0
3181831,0,0,0,0,0,0,0,0,0,0,0,0,0,0,0,0,0,0,0,0,0,0,0,0,0,0,0,0,0,0,0,0,0,0
3181832,0,0,0,0,0,0,0,0,0,0,0,0,0,0,0,0,0,0,0,0,0,0,0,0,0,0,0,0,0,0,0,0,0,0
3213380,0,0,0,0,0,0,0,0,0,0,0,0,0,0,0,0,0,0,0,0,0,0,0,0,0,0,0,0,0,0,0,0,0,0
3317240,0,0,0,0,0,0,0,0,0,0,0,0,0,0,0,0,0,0,0,0,0,0,0,0,0,0,0,0,0,0,0,0,0,0
3317320,0,0,0,0,0,0,0,0,0,0,0,0,0,0,0,0,0,0,0,0,0,0,0,0,0,0,0,0,0,0,0,0,0,0
55509601,526,282,244,5,170,34,53,42,12,14,19,40,33,39,58,2,18,8,10,155,99,56,220,104,116,18,10,8,101,51,50,14,10,4
55509602,52,27,25,0,14,3,9,4,0,1,0,6,1,7,5,1,2,1,1,27,16,11,11,5,6,2,0,2,7,4,3,3,1,2
55509603,173,101,72,9,52,14,26,8,2,2,3,18,12,5,10,1,4,3,1,71,46,25,51,26,25,1,0,1,40,22,18,6,4,2
55509604,120,65,55,4,20,13,18,10,2,8,5,7,6,12,12,0,3,1,2,26,19,7,52,26,26,4,1,3,34,18,16,1,0,1
55509606,19,12,7,0,4,3,1,3,1,0,1,1,2,2,1,0,0,0,0,5,3,2,9,6,3,0,0,0,5,3,2,0,0,0
55509607,639,341,298,7,136,59,73,39,13,26,23,72,43,49,62,3,19,10,9,178,106,72,245,123,122,14,6,8,177,92,85,6,4,2
55509608,30,19,11,0,5,2,5,0,0,4,1,2,4,3,4,0,1,0,1,2,1,1,7,4,3,2,2,0,18,12,6,0,0,0
55509609,21,8,13,0,1,0,0,0,1,0,0,0,0,0,19,0,1,0,1,4,2,2,7,1,6,2,0,2,5,4,1,2,1,1
55509610,24,15,9,0,6,7,0,1,1,0,0,5,2,1,1,0,2,2,0,11,8,3,8,4,4,0,0,0,2,1,1,1,0,1
55509611,756,401,355,7,158,37,88,23,27,38,39,88,49,69,94,2,19,9,10,140,92,48,268,124,144,17,9,8,301,160,141,11,7,4
55509612,214,120,94,2,62,13,19,24,9,10,9,21,12,11,10,2,11,6,5,57,35,22,78,47,31,5,1,4,57,26,31,6,5,1
55509613,101,56,45,0,18,12,9,8,1,7,7,9,7,10,8,1,4,2,2,21,14,7,40,19,21,3,1,2,29,17,12,4,3,1
0322552,0,0,0,0,0,0,0,0,0,0,0,0,0,0,0,0,0,0,0,0,0,0,0,0,0,0,0,0,0,0,0,0,0,0
1177490,0,0,0,0,0,0,0,0,0,0,0,0,0,0,0,0,0,0,0,0,0,0,0,0,0,0,0,0,0,0,0,0,0,0
1180872,0,0,0,0,0,0,0,0,0,0,0,0,0,0,0,0,0,0,0,0,0,0,0,0,0,0,0,0,0,0,0,0,0,0
55707201,348,190,158,6,68,27,45,28,6,20,19,34,27,27,24,0,15,8,7,87,53,34,144,77,67,6,4,2,93,47,46,3,1,2
55707202,306,149,157,6,73,19,46,18,10,5,6,28,17,22,32,6,12,5,7,105,56,49,110,55,55,11,5,6,63,26,37,5,2,3
55707203,119,72,47,4,37,11,7,10,3,3,3,14,11,5,7,0,11,6,5,34,27,7,46,25,21,2,1,1,23,12,11,3,1,2
55707205,375,206,169,5,68,19,41,15,15,29,34,44,35,15,43,1,9,6,3,41,27,14,141,77,64,10,5,5,162,83,79,12,8,4
55707207,2082,1130,952,23,484,136,271,142,79,90,79,229,126,127,181,13,111,66,45,468,289,179,767,405,362,48,14,34,570,280,290,118,76,42
55707208,860,448,412,7,222,66,99,43,18,39,36,90,70,70,60,3,30,18,12,191,119,72,376,171,205,21,14,7,226,115,111,16,11,5
55707210,2787,1457,1330,33,717,117,308,183,80,138,109,290,246,209,230,13,122,59,63,760,458,302,1058,525,533,58,20,38,695,342,353,94,53,41
55707211,262,149,113,1,56,26,19,10,9,23,18,31,16,13,24,4,7,5,2,33,22,11,98,58,40,11,5,6,103,51,52,10,8,2
55707212,1693,907,786,12,425,114,200,87,60,66,57,180,123,117,141,13,78,44,34,462,271,191,607,299,308,33,17,16,434,227,207,79,49,30
1180520,0,0,0,0,0,0,0,0,0,0,0,0,0,0,0,0,0,0,0,0,0,0,0,0,0,0,0,0,0,0,0,0,0,0
1180610,0,0,0,0,0,0,0,0,0,0,0,0,0,0,0,0,0,0,0,0,0,0,0,0,0,0,0,0,0,0,0,0,0,0
1180790,0,0,0,0,0,0,0,0,0,0,0,0,0,0,0,0,0,0,0,0,0,0,0,0,0,0,0,0,0,0,0,0,0,0
3290290,0,0,0,0,0,0,0,0,0,0,0,0,0,0,0,0,0,0,0,0,0,0,0,0,0,0,0,0,0,0,0,0,0,0
3317590,0,0,0,0,0,0,0,0,0,0,0,0,0,0,0,0,0,0,0,0,0,0,0,0,0,0,0,0,0,0,0,0,0,0
55510001,233,131,102,10,69,18,31,12,6,5,6,22,19,18,10,0,4,3,1,80,55,25,78,36,42,1,1,0,54,25,29,16,11,5
55510002,128,63,65,3,32,11,15,11,4,4,4,12,6,7,12,0,2,0,2,48,27,21,45,22,23,1,1,0,29,10,19,3,3,0
55510003,89,62,27,1,26,6,7,5,1,3,1,35,1,1,2,0,9,4,5,22,13,9,18,13,5,5,4,1,5,4,1,30,24,6
55510004,2052,1102,950,14,514,126,237,125,40,95,108,212,188,145,147,6,69,38,31,455,297,158,813,414,399,44,15,29,614,304,310,57,34,23
55510006,603,339,264,10,182,39,66,41,8,29,21,39,49,47,49,3,29,14,15,181,130,51,238,116,122,4,0,4,139,70,69,12,9,3
55510007,230,120,110,4,60,13,27,11,8,12,12,16,14,32,8,2,12,5,7,67,40,27,90,44,46,1,0,1,53,26,27,7,5,2
1180100,0,0,0,0,0,0,0,0,0,0,0,0,0,0,0,0,0,0,0,0,0,0,0,0,0,0,0,0,0,0,0,0,0,0
1412161,0,0,0,0,0,0,0,0,0,0,0,0,0,0,0,0,0,0,0,0,0,0,0,0,0,0,0,0,0,0,0,0,0,0
3213200,0,0,0,0,0,0,0,0,0,0,0,0,0,0,0,0,0,0,0,0,0,0,0,0,0,0,0,0,0,0,0,0,0,0
55511801,1180,697,483,12,297,78,138,166,41,29,51,93,68,75,78,7,69,32,37,346,227,119,370,189,181,20,11,9,236,114,122,139,124,15
55511803,642,347,295,8,142,41,61,36,21,30,21,82,45,71,53,3,19,7,12,146,96,50,229,112,117,15,6,9,219,113,106,14,13,1
55511804,548,272,276,3,124,27,63,24,15,25,38,70,40,41,54,2,16,6,10,80,49,31,215,103,112,19,9,10,195,90,105,23,15,8
55511805,324,180,144,2,76,22,37,18,8,17,15,40,30,27,23,0,8,4,4,61,41,20,128,70,58,8,1,7,113,62,51,6,2,4
55511806,770,413,357,11,180,63,103,43,19,30,34,89,42,73,46,4,25,16,9,198,127,71,313,152,161,13,4,9,207,109,98,14,5,9
55511807,253,144,109,1,65,16,39,23,7,12,14,26,16,9,14,2,13,9,4,77,48,29,95,49,46,6,2,4,49,26,23,13,10,3
55511809,84,66,18,2,50,7,10,1,5,0,0,9,0,0,0,0,10,5,5,15,13,2,23,21,2,4,4,0,14,11,3,18,12,6
57502001,151,80,71,13,35,10,18,8,11,3,3,12,12,7,13,1,3,1,2,50,26,24,57,32,25,4,1,3,30,15,15,7,5,2
57294201,53,28,25,6,9,3,5,3,0,2,0,4,5,4,8,2,4,2,2,20,13,7,13,8,5,1,0,1,14,5,9,1,0,1
57546101,139,80,59,7,43,15,17,3,2,5,5,10,7,12,6,1,6,2,4,42,32,10,61,32,29,2,0,2,25,12,13,3,2,1
57547001,54,30,24,13,14,3,2,4,0,1,1,3,3,3,6,0,3,2,1,18,14,4,21,9,12,1,0,1,9,4,5,2,1,1
57295101,84,47,37,3,26,8,14,3,5,2,4,4,6,1,6,1,3,2,1,42,28,14,17,7,10,3,2,1,17,7,10,2,1,1
57285301,53,34,19,3,15,4,2,7,1,1,1,5,6,5,1,0,1,1,0,29,22,7,14,5,9,0,0,0,5,3,2,4,3,1
1346190,0,0,0,0,0,0,0,0,0,0,0,0,0,0,0,0,0,0,0,0,0,0,0,0,0,0,0,0,0,0,0,0,0,0
3389150,0,0,0,0,0,0,0,0,0,0,0,0,0,0,0,0,0,0,0,0,0,0,0,0,0,0,0,0,0,0,0,0,0,0
57550001,9,5,4,1,2,0,0,2,0,0,0,1,2,0,1,0,0,0,0,4,2,2,4,2,2,0,0,0,1,1,0,0,0,0
57550002,80,47,33,2,28,5,5,4,2,4,4,7,6,3,3,3,1,0,1,28,17,11,30,20,10,2,1,1,19,9,10,0,0,0
57550003,84,48,36,8,31,6,6,6,3,1,1,3,8,6,3,1,8,2,6,29,22,7,31,15,16,3,2,1,10,5,5,3,2,1
57550004,56,33,23,4,26,12,4,2,0,0,0,2,3,0,3,0,3,1,2,28,20,8,17,8,9,1,1,0,6,2,4,1,1,0
57550005,135,77,58,4,56,6,11,11,3,1,2,6,8,8,12,1,6,4,2,49,34,15,51,26,25,2,0,2,26,12,14,1,1,0
57550006,97,52,45,3,30,1,15,7,1,3,3,7,6,4,7,1,4,3,1,47,27,20,27,11,16,1,0,1,15,9,6,3,2,1
57550007,72,41,31,0,36,3,14,2,1,1,1,1,2,2,7,1,0,0,0,39,24,15,23,11,12,2,0,2,6,5,1,2,1,1
57550008,28,17,11,1,15,0,2,1,0,1,2,2,2,0,1,0,1,0,1,13,9,4,6,4,2,0,0,0,8,4,4,0,0,0
57550009,94,49,45,1,27,2,12,5,2,4,2,6,9,8,13,0,3,1,2,24,14,10,40,22,18,2,1,1,24,10,14,1,1,0
57550010,479,268,211,7,223,18,51,18,9,12,10,37,34,16,27,5,41,28,13,164,101,63,177,87,90,10,6,4,63,33,30,24,13,11
57550011,1049,556,493,11,496,36,87,51,18,24,11,84,66,56,79,3,44,26,18,351,196,155,442,228,214,19,7,12,146,71,75,47,28,19
57550013,617,359,258,8,281,38,67,32,15,7,13,48,32,24,25,6,72,43,29,220,142,78,189,97,92,9,3,6,74,34,40,53,40,13
57550014,854,488,366,12,345,51,92,54,18,18,16,66,46,47,61,9,71,42,29,269,160,109,306,163,143,12,4,8,154,85,69,42,34,8
57550015,714,391,323,14,266,45,65,45,12,18,24,52,56,45,45,3,28,15,13,256,160,96,269,137,132,11,1,10,129,66,63,21,12,9
57550016,181,93,88,0,68,7,13,8,5,7,7,16,11,10,21,1,8,3,5,48,30,18,70,31,39,4,1,3,45,24,21,6,4,2
57550017,264,180,84,0,151,10,7,3,3,0,0,83,1,2,0,1,30,27,3,37,22,15,56,36,20,3,2,1,29,22,7,109,71,38
57551801,104,61,43,5,37,7,8,6,4,2,4,9,8,7,6,0,7,5,2,38,24,14,37,19,18,1,0,1,16,9,7,5,4,1
57552601,32,23,9,3,11,3,2,1,3,0,1,2,2,2,2,0,1,0,1,19,16,3,6,4,2,1,1,0,5,2,3,0,0,0
57553401,272,148,124,8,56,11,29,14,17,18,11,23,22,17,25,5,11,6,5,64,38,26,109,57,52,7,0,7,72,40,32,9,7,2
57555101,300,164,136,8,98,14,39,10,12,10,8,25,33,20,15,0,7,6,1,97,61,36,123,55,68,10,5,5,46,24,22,17,13,4
57556901,144,81,63,11,38,10,15,14,5,3,6,9,11,9,10,0,7,3,4,63,45,18,47,20,27,4,1,3,18,9,9,5,3,2
57557701,83,50,33,5,20,10,8,4,1,1,2,8,8,7,6,1,5,3,2,23,13,10,27,20,7,0,0,0,21,9,12,7,5,2
57557702,20,12,8,0,6,3,2,2,0,1,1,2,1,0,1,0,0,0,0,5,5,0,10,4,6,0,0,0,3,2,1,2,1,1
57557703,24,14,10,4,3,3,0,3,0,0,1,0,1,8,1,0,0,0,0,8,7,1,7,3,4,1,1,0,8,3,5,0,0,0
57557704,321,177,144,16,66,35,43,18,9,12,8,31,31,14,20,3,11,7,4,119,77,42,121,57,64,5,1,4,52,26,26,13,9,4
3310740,0,0,0,0,0,0,0,0,0,0,0,0,0,0,0,0,0,0,0,0,0,0,0,0,0,0,0,0,0,0,0,0,0,0
57559301,639,342,297,7,267,38,68,33,30,10,10,53,30,35,33,6,34,16,18,254,156,98,217,103,114,18,9,9,82,35,47,34,23,11
57560701,118,69,49,8,42,10,9,12,1,1,2,6,11,7,7,1,5,2,3,53,36,17,46,24,22,1,0,1,11,6,5,2,1,1
57560702,567,317,250,24,218,50,47,33,9,11,6,44,36,32,35,2,17,6,11,208,140,68,218,108,110,12,5,7,95,45,50,17,13,4
57561501,78,45,33,17,27,9,3,5,0,0,2,4,3,4,2,0,8,6,2,28,16,12,25,13,12,3,3,0,8,2,6,6,5,1
57562301,292,175,117,12,118,26,29,21,5,7,4,21,12,21,10,1,21,11,10,137,89,48,91,52,39,3,1,2,30,17,13,10,5,5
57564001,55,33,22,7,10,7,4,2,0,2,1,5,9,4,1,0,4,3,1,21,17,4,15,6,9,1,0,1,11,6,5,3,1,2
57564002,100,56,44,14,20,6,10,2,2,2,3,14,8,5,9,1,9,3,6,22,19,3,37,19,18,2,1,1,27,12,15,3,2,1
57564003,33,20,13,4,6,4,5,4,1,0,0,1,3,2,2,0,0,0,0,14,10,4,9,5,4,0,0,0,7,2,5,3,3,0
57564004,75,44,31,1,25,5,5,6,2,3,3,8,5,5,4,0,5,4,1,27,15,12,22,14,8,0,0,0,21,11,10,0,0,0
57564006,100,55,45,2,17,9,18,5,3,4,3,12,8,9,7,0,1,0,1,18,11,7,42,23,19,3,1,2,34,18,16,2,2,0
57564007,1401,764,637,24,359,103,153,66,35,55,74,152,119,95,93,4,55,32,23,438,275,163,533,269,264,31,9,22,301,149,152,43,30,13
57564008,57,29,28,2,10,6,8,2,4,1,0,6,5,4,8,1,3,2,1,10,6,4,20,9,11,2,0,2,22,12,10,0,0,0
57564009,15,10,5,1,8,1,1,0,1,0,0,1,1,1,0,0,0,0,0,10,6,4,4,3,1,0,0,0,1,1,0,0,0,0
57564010,83,47,36,8,23,9,9,10,2,0,2,4,8,3,3,0,4,2,2,41,26,15,28,13,15,1,1,0,7,3,4,2,2,0
57564011,212,115,97,8,35,20,22,9,5,13,9,25,18,19,21,1,8,4,4,25,12,13,82,47,35,2,1,1,90,48,42,5,3,2
57565801,11,8,3,0,4,0,1,2,0,0,0,0,2,0,2,0,0,0,0,4,4,0,5,3,2,0,0,0,2,1,1,0,0,0
57565802,20,10,10,1,7,0,1,4,0,0,1,1,2,0,2,0,1,1,0,8,4,4,8,3,5,0,0,0,3,2,1,0,0,0
57565803,17,8,9,1,3,0,3,6,0,0,0,1,1,1,0,0,1,1,0,3,2,1,10,5,5,0,0,0,3,0,3,0,0,0
57565804,172,94,78,16,47,19,19,9,5,6,4,7,11,9,14,2,5,4,1,77,48,29,65,28,37,6,3,3,16,9,7,3,2,1
57566601,136,86,50,9,63,10,14,3,1,0,6,10,4,4,8,0,5,3,2,63,44,19,40,23,17,3,1,2,12,5,7,13,10,3
57302701,65,36,29,9,26,2,9,5,1,0,0,1,6,4,0,0,6,2,4,38,25,13,16,7,9,1,1,0,3,0,3,1,1,0
57419801,336,184,152,5,65,25,50,20,10,12,14,45,21,24,25,2,18,10,8,68,46,22,138,65,73,2,1,1,103,57,46,7,5,2
57568201,109,56,53,1,27,9,16,9,3,3,6,11,4,9,8,0,3,2,1,36,24,12,43,16,27,4,2,2,18,11,7,5,1,4
57568202,74,42,32,0,21,2,5,5,3,3,6,11,8,4,6,0,4,3,1,13,10,3,30,18,12,2,1,1,25,10,15,0,0,0
57568203,726,389,337,25,148,58,82,37,14,30,45,93,65,57,44,5,23,16,7,135,87,48,261,118,143,14,7,7,277,147,130,16,14,2
55371901,442,234,208,6,99,44,54,21,13,28,21,42,36,24,35,1,6,5,1,118,75,43,191,89,102,12,3,9,103,57,46,12,5,7
57570401,237,141,96,6,68,20,32,17,8,10,6,30,7,10,17,0,8,3,5,86,55,31,89,54,35,3,2,1,41,21,20,10,6,4
57570402,56,32,24,1,11,7,11,1,0,2,1,7,2,4,5,0,2,0,2,15,10,5,28,16,12,0,0,0,11,6,5,0,0,0
57570403,127,69,58,0,34,7,19,4,1,7,5,8,9,8,16,1,2,0,2,39,27,12,44,22,22,3,1,2,36,18,18,3,1,2
57570404,37,21,16,3,8,5,4,1,1,0,4,2,2,4,2,0,0,0,0,16,8,8,11,7,4,0,0,0,10,6,4,0,0,0
57570405,560,295,265,7,124,25,83,34,14,16,32,80,35,46,34,6,18,8,10,134,88,46,198,94,104,9,3,6,188,93,95,13,9,4
57571201,227,127,100,7,48,27,35,14,3,9,9,24,24,10,10,1,12,3,9,55,39,16,88,46,42,4,1,3,62,35,27,6,3,3
57572101,352,218,134,25,95,31,52,29,16,9,5,29,25,10,19,3,31,24,7,138,94,44,105,60,45,9,3,6,41,18,23,28,19,9
57573901,418,231,187,2,111,23,57,22,6,20,34,33,39,34,28,3,9,6,3,100,64,36,174,92,82,9,2,7,113,56,57,13,11,2
57293401,150,84,66,1,34,10,11,7,4,7,5,24,6,20,12,3,7,6,1,31,21,10,45,22,23,5,4,1,50,24,26,12,7,5
57575501,111,65,46,9,34,6,17,5,3,4,2,9,1,7,9,3,10,5,5,49,31,18,34,22,12,3,2,1,12,3,9,3,2,1
57576301,160,98,62,12,66,15,16,7,5,5,1,13,5,2,5,4,12,5,7,76,55,21,42,20,22,4,2,2,14,7,7,12,9,3
57577101,32,17,15,0,9,3,4,2,0,0,0,1,5,2,4,0,0,0,0,13,8,5,18,9,9,0,0,0,1,0,1,0,0,0
57577102,27,19,8,0,10,5,3,1,0,1,0,3,3,1,0,0,0,0,0,6,4,2,12,8,4,2,1,1,4,3,1,3,3,0
57577103,157,95,62,14,61,10,16,9,5,1,4,5,11,7,10,4,4,2,2,63,40,23,54,30,24,4,2,2,28,17,11,4,4,0
57577104,19,10,9,3,2,0,6,0,0,2,0,2,1,1,2,0,0,0,0,4,2,2,9,5,4,0,0,0,6,3,3,0,0,0
57578001,27,14,13,0,11,2,4,2,0,0,0,3,2,1,1,0,0,0,0,10,3,7,8,6,2,0,0,0,6,3,3,3,2,1
57578002,96,51,45,4,40,3,9,6,2,1,3,5,11,5,7,0,1,1,0,35,21,14,44,21,23,1,0,1,11,4,7,4,4,0
57578003,13,7,6,0,3,1,1,2,0,0,0,2,1,0,2,0,1,1,0,5,4,1,5,2,3,0,0,0,2,0,2,0,0,0
57581001,80,49,31,6,30,5,12,4,1,1,1,6,5,3,3,2,11,6,5,34,22,12,20,12,8,0,0,0,10,6,4,5,3,2
3308500,0,0,0,0,0,0,0,0,0,0,0,0,0,0,0,0,0,0,0,0,0,0,0,0,0,0,0,0,0,0,0,0,0,0
53079401,99,57,42,6,44,8,6,9,3,2,2,5,6,5,3,0,5,4,1,55,32,23,30,16,14,2,0,2,5,4,1,2,1,1
57582801,17,8,9,1,6,3,1,1,1,0,0,2,1,0,1,0,0,0,0,8,4,4,7,3,4,0,0,0,2,1,1,0,0,0
57582802,26,17,9,7,7,2,4,2,1,0,0,2,0,0,0,0,3,1,2,18,12,6,5,4,1,0,0,0,0,0,0,0,0,0
57582803,66,35,31,9,14,11,10,2,2,0,2,4,4,0,4,0,3,1,2,30,17,13,27,15,12,0,0,0,4,1,3,2,1,1
57298501,145,77,68,4,38,14,17,12,3,2,13,9,11,8,8,0,4,4,0,49,32,17,54,25,29,5,3,2,30,12,18,3,1,2
57584401,20,10,10,0,7,3,1,1,1,0,1,0,2,1,3,0,0,0,0,9,7,2,7,2,5,1,0,1,1,1,0,2,0,2
57584402,19,11,8,0,9,1,4,1,0,2,0,0,0,1,1,0,1,1,0,6,6,0,8,3,5,0,0,0,2,0,2,2,1,1
57584403,96,56,40,0,39,13,5,6,0,1,0,10,5,3,11,1,4,2,2,32,22,10,34,18,16,0,0,0,9,3,6,17,11,6
57587901,164,95,69,11,40,21,20,15,2,1,6,15,9,13,9,1,5,1,4,61,43,18,52,28,24,4,1,3,22,6,16,20,16,4
57588701,161,87,74,14,51,8,20,13,5,4,10,11,10,8,5,0,5,2,3,70,41,29,57,26,31,1,1,0,20,11,9,8,6,2
57590901,98,56,42,9,39,13,7,4,1,0,2,5,8,3,4,0,2,1,1,49,37,12,32,12,20,1,0,1,10,4,6,4,2,2
57288801,108,60,48,3,25,9,14,8,3,3,1,7,9,6,10,1,5,3,2,26,19,7,36,19,17,7,3,4,22,9,13,12,7,5
57591701,36,21,15,1,11,3,2,2,0,1,0,1,3,6,5,0,1,1,0,12,7,5,11,6,5,2,1,1,10,6,4,0,0,0
57592501,243,135,108,12,102,11,27,13,6,3,8,12,18,9,14,2,14,11,3,89,51,38,86,43,43,2,1,1,35,16,19,17,13,4
57593301,62,37,25,5,20,5,9,7,2,0,4,2,3,3,1,0,3,2,1,29,19,10,19,10,9,2,1,1,9,5,4,0,0,0
57594101,242,139,103,15,94,20,27,19,0,4,4,9,12,21,10,1,14,7,7,100,70,30,96,46,50,3,1,2,27,13,14,2,2,0
57596801,183,96,87,6,61,13,24,6,4,7,8,11,12,10,14,1,8,4,4,55,39,16,75,33,42,6,1,5,32,15,17,7,4,3
57598401,149,79,70,4,65,8,18,10,6,2,3,9,11,4,1,4,8,5,3,74,46,28,39,19,20,2,0,2,21,7,14,5,2,3
57599201,141,80,61,14,36,13,12,6,7,3,8,12,10,8,8,1,4,1,3,53,37,16,44,21,23,3,2,1,30,14,16,7,5,2
57599202,18,10,8,1,7,3,0,1,0,1,0,1,0,0,2,0,2,1,1,11,6,5,3,2,1,0,0,0,1,0,1,1,1,0
57600001,216,122,94,32,43,17,24,11,1,8,6,16,19,18,18,1,7,2,5,63,42,21,84,46,38,5,1,4,50,27,23,7,4,3
57601801,128,77,51,8,52,8,12,10,3,2,1,13,4,8,6,0,0,0,0,52,36,16,47,25,22,4,2,2,18,9,9,7,5,2
1922521,0,0,0,0,0,0,0,0,0,0,0,0,0,0,0,0,0,0,0,0,0,0,0,0,0,0,0,0,0,0,0,0,0,0
57602601,65,42,23,5,28,5,3,5,1,1,1,4,7,2,2,1,1,1,0,36,24,12,22,15,7,2,1,1,4,1,3,0,0,0
57602602,236,121,115,14,93,18,15,10,9,6,2,14,15,15,16,2,16,10,6,98,60,38,79,33,46,3,1,2,33,11,22,7,6,1
57604201,54,32,22,4,15,3,10,10,1,0,1,3,3,2,1,0,4,2,2,20,16,4,22,10,12,1,0,1,6,3,3,1,1,0
57605101,73,36,37,1,28,3,10,2,2,3,2,3,9,4,5,0,0,0,0,29,16,13,27,12,15,2,1,1,14,6,8,1,1,0
57605102,82,44,38,1,28,10,7,4,4,2,0,7,8,5,5,0,1,0,1,38,21,17,29,14,15,3,2,1,8,4,4,3,3,0
57605103,309,166,143,10,99,26,39,22,8,5,5,28,19,29,13,3,7,6,1,108,68,40,116,56,60,5,1,4,66,33,33,7,2,5
57256001,140,79,61,12,47,10,11,10,3,2,3,6,11,6,13,0,12,5,7,66,44,22,35,14,21,2,0,2,14,10,4,11,6,5
57258601,191,98,93,13,69,15,19,9,7,2,4,14,6,15,11,0,12,8,4,91,48,43,54,28,26,6,1,5,25,11,14,3,2,1
57258602,34,21,13,1,15,6,5,1,0,0,0,1,0,0,4,1,2,1,1,21,15,6,8,4,4,0,0,0,2,1,1,1,0,1
50539101,108,61,47,7,48,6,11,8,0,2,0,2,7,5,8,0,7,6,1,50,34,16,38,14,24,3,2,1,9,4,5,1,1,0
50539102,17,9,8,0,5,4,2,2,0,0,1,2,1,0,0,0,0,0,0,7,4,3,10,5,5,0,0,0,0,0,0,0,0,0
50539103,25,15,10,1,7,2,5,1,0,1,0,2,1,0,3,0,0,0,0,8,4,4,16,11,5,0,0,0,1,0,1,0,0,0
57777401,200,105,95,13,66,12,22,6,6,3,0,20,5,16,19,1,2,2,0,65,36,29,73,38,35,10,3,7,42,21,21,8,5,3
57430901,64,36,28,5,31,5,3,4,0,0,0,5,2,3,5,0,2,1,1,32,22,10,24,11,13,0,0,0,6,2,4,0,0,0
57430902,18,12,6,1,5,1,4,2,0,0,1,1,2,0,0,0,0,0,0,7,6,1,9,4,5,0,0,0,2,2,0,0,0,0
57251901,196,111,85,24,67,27,21,11,6,1,2,9,7,7,11,1,10,2,8,100,66,34,63,31,32,2,0,2,16,9,7,5,3,2
57251902,24,16,8,8,4,4,2,0,0,2,0,2,1,0,1,0,0,0,0,15,11,4,7,3,4,1,1,0,1,1,0,0,0,0
57781201,66,39,27,4,20,8,10,4,1,3,1,1,4,5,4,0,2,1,1,22,13,9,23,14,9,0,0,0,17,9,8,2,2,0
57782101,54,31,23,5,23,0,2,3,1,2,5,5,2,2,2,0,4,2,2,22,13,9,17,11,6,1,1,0,10,4,6,0,0,0
57783901,39,21,18,3,16,3,2,2,2,0,1,2,2,1,3,1,3,1,2,15,11,4,16,7,9,1,0,1,4,2,2,0,0,0
57783902,392,221,171,27,162,37,38,15,14,3,3,24,15,22,26,2,13,4,9,184,122,62,112,60,52,15,1,14,58,30,28,10,4,6
57783903,37,24,13,4,16,5,0,0,0,1,0,5,3,2,0,0,0,0,0,12,10,2,14,8,6,2,1,1,9,5,4,0,0,0
57263201,24,12,12,8,9,0,2,0,0,0,0,0,1,1,2,0,1,0,1,16,12,4,4,0,4,0,0,0,2,0,2,1,0,1
57263202,48,29,19,15,18,2,2,1,0,0,1,3,4,0,2,0,6,3,3,29,19,10,11,6,5,0,0,0,2,1,1,0,0,0
57263203,15,8,7,2,1,1,8,0,2,1,0,0,0,0,0,0,0,0,0,7,5,2,6,2,4,0,0,0,2,1,1,0,0,0
57786301,169,85,84,11,68,9,19,5,3,3,0,6,14,13,15,0,7,2,5,81,50,31,50,24,26,7,1,6,20,5,15,4,3,1
57786302,29,19,10,1,19,1,2,3,0,0,0,0,1,2,0,0,4,1,3,15,12,3,7,6,1,1,0,1,1,0,1,1,0,1
57786303,71,39,32,4,30,6,10,0,3,1,1,4,3,7,0,0,3,2,1,30,16,14,20,12,8,3,2,1,12,5,7,3,2,1
57786304,274,149,125,13,128,20,30,25,6,0,2,9,9,15,12,0,18,8,10,133,86,47,88,37,51,5,3,2,15,6,9,15,9,6
57786305,11,9,2,2,5,1,0,1,0,0,0,1,0,0,1,0,2,2,0,9,7,2,0,0,0,0,0,0,0,0,0,0,0,0
57787101,123,76,47,8,55,3,8,10,2,0,0,5,11,9,8,1,5,2,3,74,54,20,31,14,17,4,1,3,7,3,4,2,2,0
57787102,20,11,9,0,9,0,3,0,0,0,0,2,1,1,4,0,1,0,1,7,5,2,10,5,5,0,0,0,2,1,1,0,0,0
57225001,42,22,20,9,15,1,3,4,0,0,1,3,4,0,1,0,1,1,0,20,11,9,15,6,9,0,0,0,3,2,1,3,2,1
57225002,15,10,5,0,4,0,2,1,0,0,0,2,2,1,2,0,0,0,0,4,3,1,6,4,2,0,0,0,3,2,1,2,1,1
57789801,76,47,29,17,23,5,6,3,0,4,0,5,5,5,1,0,4,4,0,32,21,11,27,16,11,3,0,3,10,6,4,0,0,0
0147530,0,0,0,0,0,0,0,0,0,0,0,0,0,0,0,0,0,0,0,0,0,0,0,0,0,0,0,0,0,0,0,0,0,0
50514501,576,309,267,17,216,37,73,39,22,2,5,36,24,37,43,6,36,21,15,231,134,97,212,94,118,10,4,6,55,31,24,32,25,7
50514502,70,39,31,1,34,1,9,1,1,0,5,4,3,6,4,0,3,1,2,32,20,12,26,12,14,3,2,1,5,3,2,1,1,0
50514503,24,13,11,2,11,1,1,0,0,0,0,2,2,3,1,0,1,0,1,10,7,3,12,6,6,0,0,0,1,0,1,0,0,0
50514504,100,56,44,1,45,6,12,4,2,1,2,7,5,7,6,1,9,6,3,39,21,18,33,21,12,3,1,2,10,4,6,6,3,3
57791001,224,126,98,32,71,16,14,12,6,2,5,8,8,26,18,0,6,4,2,89,59,30,76,39,37,9,1,8,35,17,18,9,6,3
57792801,643,346,297,38,200,34,60,19,13,10,6,36,29,49,130,3,26,17,9,233,150,83,236,111,125,21,6,15,106,50,56,21,12,9
57792802,16,11,5,0,5,4,2,0,2,1,0,0,0,0,2,0,3,1,2,9,7,2,3,2,1,0,0,0,1,1,0,0,0,0
57793601,333,192,141,15,137,28,25,15,9,1,3,27,13,23,27,3,14,12,2,115,72,43,110,54,56,11,4,7,57,28,29,26,22,4
57793602,51,30,21,5,24,1,9,4,1,0,0,2,1,2,1,1,0,0,0,30,19,11,14,9,5,4,1,3,2,1,1,1,0,1
57794401,455,258,197,36,145,49,50,16,22,6,4,23,23,28,32,3,31,20,11,184,125,59,170,80,90,9,5,4,43,17,26,18,11,7
57235701,166,102,64,24,54,12,10,10,5,2,1,9,10,17,9,0,1,0,1,48,32,16,75,48,27,6,2,4,30,17,13,6,3,3
57796101,48,27,21,2,18,4,5,3,1,0,0,4,6,2,2,0,6,4,2,18,8,10,13,9,4,0,0,0,8,4,4,3,2,1
57796102,31,20,11,4,14,4,1,1,1,2,0,0,1,1,2,0,4,4,0,16,11,5,10,5,5,0,0,0,1,0,1,0,0,0
57796103,106,68,38,17,35,8,17,5,2,0,2,10,4,1,3,1,20,17,3,38,26,12,35,17,18,0,0,0,8,4,4,5,4,1
57268301,81,46,35,16,36,6,5,2,1,0,1,3,2,3,2,0,3,1,2,44,27,17,23,11,12,1,1,0,3,2,1,7,4,3
57798701,279,152,127,16,136,20,15,19,6,1,1,26,11,8,13,0,17,10,7,169,101,68,72,33,39,4,0,4,9,5,4,8,3,5
57799501,870,484,386,110,261,52,90,40,20,22,12,51,39,74,63,4,29,16,13,306,202,104,320,158,162,44,17,27,147,77,70,24,14,10
57799502,54,36,18,5,22,4,7,3,0,1,0,3,2,2,4,1,0,0,0,14,11,3,28,21,7,1,0,1,10,4,6,1,0,1
57799503,9,3,6,4,0,0,3,1,0,0,0,0,0,0,0,1,0,0,0,6,3,3,3,0,3,0,0,0,0,0,0,0,0,0
57432501,84,53,31,11,32,6,6,4,3,1,2,4,3,6,2,2,2,2,0,43,30,13,27,14,13,4,2,2,6,4,2,2,1,1
57432502,31,19,12,3,15,3,5,1,1,0,0,1,2,0,0,0,0,0,0,15,11,4,13,6,7,1,1,0,1,1,0,1,0,1
57228401,21,15,6,3,9,4,0,0,0,0,0,1,1,2,0,1,2,2,0,7,5,2,7,5,2,0,0,0,4,2,2,1,1,0
57803701,121,69,52,10,37,6,10,7,4,2,1,10,2,16,12,1,7,4,3,38,20,18,41,27,14,5,1,4,27,14,13,3,3,0
57805301,63,34,29,7,19,7,6,5,3,1,0,0,2,3,9,0,3,2,1,17,11,6,30,16,14,2,2,0,10,3,7,1,0,1
57236501,104,63,41,24,31,7,8,6,2,2,0,3,4,9,5,0,4,2,2,47,36,11,37,15,22,2,1,1,10,6,4,4,3,1
57236502,39,23,16,10,10,0,4,1,0,1,0,2,1,7,2,0,0,0,0,11,7,4,12,7,5,3,1,2,11,7,4,2,1,1
57236503,32,21,11,4,11,4,3,3,0,0,0,2,0,2,3,0,2,2,0,11,9,2,12,8,4,1,0,1,3,1,2,3,1,2
57269101,734,425,309,45,263,53,104,40,17,2,8,44,37,36,66,3,54,33,21,351,234,117,236,107,129,13,5,8,47,20,27,33,26,7
57273001,85,52,33,11,20,12,16,3,2,1,1,7,2,5,4,0,5,3,2,37,25,12,29,18,11,4,0,4,5,4,1,5,2,3
57809601,353,193,160,31,141,24,34,22,10,3,1,19,10,21,29,2,17,10,7,162,105,57,119,57,62,8,2,6,35,12,23,12,7,5
57809602,69,41,28,5,32,1,4,3,2,1,0,7,1,7,4,0,5,2,3,37,22,15,14,12,2,1,0,1,10,3,7,2,2,0
57810001,32,20,12,6,8,5,5,1,0,0,0,3,1,1,1,0,0,0,0,13,9,4,12,8,4,0,0,0,6,2,4,1,1,0
57810002,32,17,15,6,8,3,3,1,2,0,0,3,3,2,1,0,2,1,1,14,10,4,13,5,8,0,0,0,3,1,2,0,0,0
57811801,69,40,29,7,22,7,5,1,1,1,2,9,0,5,7,0,3,3,0,31,23,8,19,6,13,2,0,2,9,4,5,5,4,1
57812601,44,26,18,7,18,1,1,4,1,0,0,2,5,3,2,0,1,0,1,22,16,6,13,7,6,1,1,0,6,2,4,1,0,1
57812602,52,29,23,2,23,3,6,4,0,0,0,3,3,3,5,0,2,0,2,29,19,10,13,6,7,1,0,1,5,2,3,2,2,0
57813401,25,15,10,1,6,3,2,2,0,0,0,2,3,0,4,0,1,1,0,12,9,3,7,3,4,1,0,1,3,1,2,1,1,0
57813402,432,247,185,25,147,37,54,23,15,4,5,27,18,37,30,3,29,15,14,178,119,59,142,73,69,15,5,10,48,22,26,20,13,7
57813403,30,10,20,2,5,1,0,2,1,0,1,1,0,0,16,0,1,0,1,12,3,9,9,3,6,0,0,0,5,2,3,3,2,1
57814201,27,16,11,5,10,6,1,1,0,1,0,2,0,0,0,0,1,1,0,10,8,2,9,4,5,2,1,1,3,1,2,2,1,1
57815101,455,269,186,23,198,33,38,27,10,7,4,20,13,26,47,2,31,16,15,185,126,59,151,88,63,10,1,9,56,23,33,22,15,7
57815102,15,9,6,4,4,0,3,0,0,0,0,0,1,3,0,0,1,1,0,4,2,2,6,3,3,1,1,0,3,2,1,0,0,0
57816901,82,49,33,19,21,7,9,5,1,0,1,5,3,5,6,0,3,1,2,31,20,11,27,18,9,2,1,1,14,6,8,5,3,2
57271301,201,111,90,6,63,16,31,7,7,1,3,18,18,18,10,1,7,3,4,65,39,26,75,46,29,10,0,10,37,18,19,7,5,2
57818501,472,257,215,32,220,31,36,20,10,3,6,26,17,20,35,7,36,25,11,233,133,100,135,66,69,3,0,3,45,20,25,20,13,7
57818502,20,12,8,6,8,0,1,1,0,0,0,1,1,1,1,0,1,1,0,10,7,3,8,3,5,0,0,0,0,0,0,1,1,0
3385590,0,0,0,0,0,0,0,0,0,0,0,0,0,0,0,0,0,0,0,0,0,0,0,0,0,0,0,0,0,0,0,0,0,0
57819301,29,16,13,2,5,6,1,2,0,0,0,8,1,1,2,1,3,1,2,12,9,3,10,4,6,0,0,0,3,1,2,1,1,0
57819303,307,174,133,16,119,23,23,7,13,2,2,22,10,31,28,2,24,12,12,126,89,37,79,37,42,5,0,5,51,23,28,22,13,9
57819304,1018,547,471,28,376,74,87,55,36,17,16,52,51,88,102,9,59,20,39,372,235,137,351,180,171,34,10,24,170,83,87,32,19,13
57819305,43,21,22,1,3,2,2,0,1,0,0,3,1,0,28,1,3,1,2,11,8,3,8,2,6,0,0,0,17,7,10,4,3,1
57820701,254,142,112,14,103,25,18,11,2,4,2,16,13,16,22,0,10,6,4,102,68,34,83,45,38,13,4,9,39,15,24,7,4,3
57821501,101,64,37,10,39,8,6,4,3,0,0,7,7,6,7,1,7,3,4,66,48,18,16,8,8,1,0,1,7,2,5,4,3,1
57821502,32,16,16,3,11,3,6,0,2,0,1,0,2,2,1,0,0,0,0,16,9,7,10,4,6,3,1,2,2,1,1,1,1,0
57274801,134,78,56,22,40,6,20,4,6,1,1,6,6,8,7,3,9,5,4,64,41,23,35,19,16,6,1,5,10,5,5,10,7,3
57274802,44,25,19,8,11,2,6,1,0,1,0,0,4,7,2,0,0,0,0,17,9,8,16,10,6,1,0,1,7,4,3,3,2,1
57823101,12,6,6,1,3,0,1,1,3,0,0,0,1,1,1,0,1,0,1,5,2,3,5,4,1,0,0,0,1,0,1,0,0,0
57823102,309,170,139,20,95,30,35,16,4,2,7,25,20,16,27,4,23,17,6,131,79,52,97,49,48,9,3,6,33,10,23,16,12,4
0695400,0,0,0,0,0,0,0,0,0,0,0,0,0,0,0,0,0,0,0,0,0,0,0,0,0,0,0,0,0,0,0,0,0,0
57825801,335,198,137,32,138,36,19,13,5,6,2,18,13,23,24,2,15,11,4,122,86,36,135,74,61,13,3,10,44,20,24,6,4,2
57825802,16,9,7,2,7,1,0,2,0,0,0,1,0,2,1,0,1,1,0,7,4,3,6,4,2,1,0,1,1,0,1,0,0,0
57826601,68,42,26,10,23,12,4,5,0,1,0,6,1,1,3,2,1,1,0,34,23,11,23,13,10,1,1,0,6,1,5,3,3,0
57827401,173,104,69,31,63,10,12,12,0,2,1,13,8,11,6,2,11,6,5,86,56,30,50,28,22,5,1,4,14,9,5,7,4,3
57259401,40,23,17,8,8,4,7,2,2,1,0,3,1,1,3,0,1,1,0,14,9,5,17,8,9,0,0,0,5,3,2,3,2,1
57828201,453,261,192,35,178,37,42,26,12,8,8,21,23,28,20,2,21,16,5,204,125,79,145,77,68,8,0,8,51,29,22,24,14,10
57828202,170,92,78,17,73,9,13,6,4,1,1,9,9,12,11,0,9,3,6,91,55,36,50,25,25,1,0,1,14,5,9,5,4,1
57829101,70,36,34,8,18,4,10,5,0,1,1,7,7,2,4,1,14,11,3,19,11,8,22,7,15,1,0,1,12,5,7,2,2,0
57829102,136,86,50,19,48,5,12,6,5,2,2,9,9,6,10,1,10,9,1,63,39,24,36,19,17,3,1,2,16,11,5,8,7,1
57830401,46,26,20,4,19,4,5,0,1,1,1,4,1,4,1,0,0,0,0,22,15,7,14,6,8,2,1,1,7,3,4,1,1,0
57833901,309,169,140,13,138,28,27,14,7,3,2,11,22,13,26,0,11,4,7,162,98,64,95,48,47,5,0,5,29,14,15,7,5,2
0857740,0,0,0,0,0,0,0,0,0,0,0,0,0,0,0,0,0,0,0,0,0,0,0,0,0,0,0,0,0,0,0,0,0,0
0857820,0,0,0,0,0,0,0,0,0,0,0,0,0,0,0,0,0,0,0,0,0,0,0,0,0,0,0,0,0,0,0,0,0,0
0857910,0,0,0,0,0,0,0,0,0,0,0,0,0,0,0,0,0,0,0,0,0,0,0,0,0,0,0,0,0,0,0,0,0,0
0858120,0,0,0,0,0,0,0,0,0,0,0,0,0,0,0,0,0,0,0,0,0,0,0,0,0,0,0,0,0,0,0,0,0,0
3125760,0,0,0,0,0,0,0,0,0,0,0,0,0,0,0,0,0,0,0,0,0,0,0,0,0,0,0,0,0,0,0,0,0,0
3316430,0,0,0,0,0,0,0,0,0,0,0,0,0,0,0,0,0,0,0,0,0,0,0,0,0,0,0,0,0,0,0,0,0,0
57834701,65,37,28,8,16,5,11,5,1,0,0,2,2,6,4,0,2,1,1,23,14,9,24,14,10,4,1,3,10,5,5,2,2,0
57834702,239,121,118,16,60,18,20,10,3,5,1,22,8,32,29,1,2,0,2,54,34,20,84,42,42,8,3,5,90,41,49,1,1,0
57834704,569,308,261,15,172,47,54,21,17,23,6,52,17,72,55,0,27,14,13,127,88,39,227,117,110,14,7,7,161,78,83,13,4,9
57834705,573,320,253,32,143,44,59,30,21,14,11,47,21,72,55,1,16,8,8,128,87,41,206,108,98,19,5,14,188,104,84,16,8,8
57834707,216,127,89,10,90,3,2,48,1,0,0,51,2,5,0,1,47,28,19,27,20,7,51,28,23,10,5,5,22,11,11,59,35,24
57834708,119,65,54,6,38,6,20,5,6,2,1,2,4,10,13,0,3,1,2,49,33,16,44,19,25,7,2,5,12,7,5,4,3,1
57834709,46,25,21,4,16,2,5,3,0,0,0,0,2,6,7,0,5,4,1,16,8,8,15,8,7,1,0,1,5,2,3,4,3,1
57834710,68,41,27,6,28,2,9,4,0,1,1,4,0,8,4,0,5,5,0,26,17,9,20,10,10,4,2,2,10,5,5,3,2,1
57834711,136,81,55,9,50,12,12,9,6,0,1,10,4,7,16,0,4,3,1,64,37,27,50,28,22,4,3,1,7,4,3,7,6,1
57834713,742,400,342,12,197,34,95,29,53,20,11,75,31,65,61,5,40,26,14,204,129,75,276,133,143,24,10,14,172,86,86,26,16,10
57834714,192,102,90,8,51,11,15,8,12,3,4,16,12,17,18,1,10,6,4,44,26,18,77,41,36,4,1,3,55,27,28,2,1,1
57834717,1561,813,748,49,471,85,194,56,44,33,20,144,61,132,193,5,62,38,24,420,255,165,565,283,282,58,19,39,379,176,203,77,42,35
57834718,389,217,172,6,128,30,33,28,9,7,7,45,11,28,39,2,19,10,9,90,56,34,163,90,73,17,7,10,73,38,35,27,16,11
57834719,127,72,55,6,35,11,18,5,5,2,0,12,4,13,13,0,8,7,1,31,21,10,50,23,27,1,1,0,31,15,16,6,5,1
57834720,50,31,19,8,24,2,2,1,2,0,0,5,2,1,2,1,3,0,3,18,13,5,20,11,9,1,0,1,7,6,1,1,1,0
57835501,453,258,195,47,138,50,39,19,9,11,8,37,12,34,30,2,9,5,4,177,113,64,167,87,80,8,3,5,70,38,32,22,12,10
57836301,162,89,73,27,69,6,8,4,3,4,0,5,4,18,9,0,4,4,0,59,38,21,55,25,30,8,2,6,28,15,13,8,5,3
57837101,45,29,16,0,13,10,3,3,0,0,0,4,5,0,3,3,3,0,3,28,21,7,4,2,2,2,0,2,2,0,2,6,6,0
57838001,15,10,5,1,8,1,2,1,0,0,2,0,0,0,0,0,1,1,0,9,8,1,4,1,3,0,0,0,1,0,1,0,0,0
57838002,61,38,23,8,19,6,7,4,2,1,0,2,3,3,5,1,2,0,2,30,20,10,20,14,6,1,1,0,7,3,4,1,0,1
57838003,242,139,103,19,93,14,29,19,7,2,3,11,11,20,10,0,10,5,5,107,64,43,73,43,30,4,1,3,35,15,20,13,11,2
57838004,19,12,7,0,7,2,2,1,0,1,0,3,0,0,0,1,1,1,0,12,7,5,3,1,2,0,0,0,2,2,0,1,1,0
57838005,116,68,48,11,50,6,5,6,5,2,1,5,7,10,2,0,9,5,4,62,39,23,28,13,15,2,0,2,13,9,4,2,2,0
57838006,25,15,10,5,5,3,5,5,0,0,0,0,0,1,0,1,2,0,2,13,10,3,8,4,4,0,0,0,2,1,1,0,0,0
57838008,13,7,6,1,4,4,2,1,0,0,0,0,0,0,0,1,2,1,1,6,4,2,1,0,1,0,0,0,0,0,0,4,2,2
57838009,36,19,17,6,18,0,0,3,1,0,1,0,2,0,2,0,1,0,1,15,10,5,14,5,9,0,0,0,6,4,2,0,0,0
57838011,21,13,8,5,6,2,1,2,0,1,0,0,2,1,0,0,3,3,0,11,6,5,5,2,3,0,0,0,1,1,0,1,1,0
57838012,20,13,7,6,6,3,0,0,1,0,0,1,1,1,1,0,1,1,0,12,7,5,5,3,2,0,0,0,2,2,0,0,0,0
57838014,21,13,8,4,12,0,1,0,0,0,0,0,1,2,0,0,2,1,1,10,7,3,7,4,3,0,0,0,2,1,1,0,0,0
57839801,136,74,62,17,42,6,15,9,3,2,2,11,8,7,8,1,6,1,5,69,46,23,35,16,19,4,1,3,15,7,8,7,3,4
57840101,176,110,66,10,90,18,17,11,0,0,2,3,9,4,9,0,13,7,6,101,73,28,43,19,24,3,2,1,5,2,3,11,7,4
57842801,25,15,10,3,6,3,7,1,2,0,0,1,0,0,1,0,0,0,0,13,8,5,8,5,3,0,0,0,4,2,2,0,0,0
57842802,228,129,99,35,70,14,17,12,6,4,0,13,15,23,12,3,6,5,1,85,58,27,95,43,52,5,2,3,31,16,15,6,5,1
57842803,96,53,43,9,28,10,8,12,5,3,1,3,4,4,6,0,2,0,2,42,27,15,33,16,17,0,0,0,16,8,8,3,2,1
57842804,14,7,7,0,4,2,2,0,1,0,2,1,1,1,0,0,1,0,1,5,4,1,6,2,4,0,0,0,1,0,1,1,1,0
0988840,0,0,0,0,0,0,0,0,0,0,0,0,0,0,0,0,0,0,0,0,0,0,0,0,0,0,0,0,0,0,0,0,0,0
3385320,0,0,0,0,0,0,0,0,0,0,0,0,0,0,0,0,0,0,0,0,0,0,0,0,0,0,0,0,0,0,0,0,0,0
57844402,308,182,126,24,112,31,31,25,10,4,2,9,7,21,22,5,26,16,10,161,111,50,88,43,45,3,2,1,21,4,17,9,6,3
57844403,144,81,63,9,72,9,13,2,4,1,2,4,7,12,9,0,6,2,4,64,35,29,52,30,22,1,1,0,17,10,7,4,3,1
57844405,254,136,118,13,112,11,19,16,7,6,4,19,11,13,14,0,9,5,4,112,74,38,87,38,49,6,1,5,36,15,21,4,3,1
57844406,555,322,233,15,220,49,64,29,18,10,2,38,23,30,32,9,70,42,28,252,145,107,124,67,57,9,4,5,46,24,22,54,40,14
57844407,1810,926,884,31,782,81,171,76,50,38,27,110,76,156,151,11,95,52,43,685,381,304,648,312,336,48,9,39,281,146,135,53,26,27
57844408,394,211,183,11,137,29,30,24,10,9,4,29,15,30,40,14,23,12,11,149,90,59,154,77,77,5,2,3,47,19,28,16,11,5
57844409,664,363,301,16,241,38,61,35,26,19,7,51,39,53,44,8,46,22,24,221,139,82,239,119,120,17,6,11,110,58,52,31,19,12
57844410,522,279,243,16,188,24,44,26,17,14,6,37,37,61,36,2,22,9,13,182,111,71,182,90,92,8,3,5,114,57,57,14,9,5
57844412,12,6,6,0,3,1,2,0,1,0,0,0,2,2,1,0,0,0,0,1,0,1,5,4,1,1,0,1,4,2,2,1,0,1
57845201,91,55,36,12,42,12,7,1,2,1,0,4,1,4,3,1,7,5,2,41,28,13,27,13,14,3,1,2,12,8,4,1,0,1
58069401,240,131,109,17,69,23,25,18,9,1,3,13,16,23,9,2,7,3,4,96,65,31,88,40,48,7,1,6,32,17,15,10,5,5
58069403,149,78,71,11,56,11,8,13,5,0,0,7,4,16,14,1,10,4,6,58,36,22,52,28,24,3,0,3,23,8,15,3,2,1
58069404,105,61,44,8,47,3,13,7,2,1,1,7,3,7,4,0,4,2,2,40,26,14,39,21,18,5,1,4,14,8,6,3,3,0
57260801,104,59,45,11,53,6,11,1,1,0,0,5,2,8,3,0,7,6,1,47,29,18,31,16,15,3,2,1,12,3,9,4,3,1
57260802,32,18,14,2,12,1,6,3,1,0,0,1,0,0,5,0,3,2,1,20,14,6,5,1,4,1,0,1,1,0,1,2,1,1
57243801,34,19,15,10,10,1,1,5,0,0,0,2,0,2,1,0,3,1,2,14,10,4,8,3,5,1,0,1,4,3,1,4,2,2
57847901,25,15,10,3,11,0,1,2,0,0,0,2,0,1,4,1,1,1,0,8,6,2,9,4,5,0,0,0,5,3,2,2,1,1
57847902,250,150,100,29,104,13,26,13,4,3,5,10,13,16,13,0,10,6,4,113,73,40,90,52,38,4,0,4,25,13,12,8,6,2
57848701,523,300,223,28,214,33,57,46,15,6,6,24,26,25,27,4,50,26,24,251,165,86,157,77,80,6,2,4,40,19,21,19,11,8
57848702,16,11,5,1,4,1,0,7,0,1,1,0,1,0,0,0,2,2,0,7,5,2,5,3,2,0,0,0,1,0,1,1,1,0
57272101,37,23,14,4,6,6,10,4,0,0,0,0,2,4,1,0,0,0,0,18,12,6,11,7,4,2,0,2,5,4,1,1,0,1
57272102,15,10,5,0,3,2,0,2,0,0,0,0,1,1,3,0,1,1,0,7,5,2,5,3,2,0,0,0,2,1,1,0,0,0
57272103,157,92,65,17,42,13,22,11,5,0,0,12,9,12,8,0,10,6,4,74,51,23,43,18,25,3,1,2,22,12,10,5,4,1
57272104,140,72,68,10,39,9,19,11,3,1,2,4,10,10,17,1,6,3,3,57,35,22,54,27,27,7,1,6,16,6,10,0,0,0
57850901,490,279,211,45,176,30,46,22,16,7,8,41,14,40,30,1,20,11,9,163,111,52,178,96,82,17,8,9,86,36,50,26,17,9
57855001,106,62,44,15,37,9,11,4,1,0,1,6,5,6,6,2,11,5,6,51,36,15,29,13,16,2,1,1,7,2,5,6,5,1
57855002,42,23,19,5,16,4,4,2,0,0,0,4,1,2,2,1,5,3,2,21,12,9,10,4,6,1,1,0,2,0,2,3,3,0
1254070,0,0,0,0,0,0,0,0,0,0,0,0,0,0,0,0,0,0,0,0,0,0,0,0,0,0,0,0,0,0,0,0,0,0
1254150,0,0,0,0,0,0,0,0,0,0,0,0,0,0,0,0,0,0,0,0,0,0,0,0,0,0,0,0,0,0,0,0,0,0
1254230,0,0,0,0,0,0,0,0,0,0,0,0,0,0,0,0,0,0,0,0,0,0,0,0,0,0,0,0,0,0,0,0,0,0
57857601,103,64,39,10,35,9,14,6,1,4,1,3,4,4,8,0,4,2,2,46,35,11,38,23,15,1,0,1,14,4,10,0,0,0
57857602,77,48,29,11,39,4,2,2,4,0,2,2,1,3,5,1,1,0,1,39,31,8,28,13,15,0,0,0,5,2,3,4,2,2
57857603,14,9,5,1,4,1,2,3,0,0,0,1,0,1,0,0,1,0,1,7,6,1,3,1,2,0,0,0,2,1,1,1,1,0
57857604,54,29,25,0,19,5,5,4,2,2,0,3,2,6,3,0,1,1,0,23,13,10,18,8,10,0,0,0,11,6,5,1,1,0
57857605,900,463,437,23,379,49,75,39,24,23,11,51,47,86,66,4,29,19,10,314,182,132,331,156,175,32,13,19,162,72,90,32,21,11
57857606,41,21,20,0,17,0,3,3,0,0,0,4,3,1,3,2,8,2,6,20,14,6,5,2,3,0,0,0,3,1,2,5,2,3
57857607,1470,765,705,39,570,74,123,55,27,34,31,97,74,143,146,6,51,26,25,455,276,179,531,261,270,48,12,36,353,169,184,32,21,11
57857608,184,96,88,1,74,14,15,7,7,2,2,8,17,14,11,0,12,6,6,76,44,32,58,28,30,4,2,2,31,15,16,3,1,2
57857609,48,27,21,1,19,5,2,2,2,2,2,0,4,7,2,0,3,1,2,15,9,6,17,10,7,1,0,1,10,7,3,2,0,2
57857610,931,504,427,37,409,50,94,46,19,20,16,42,44,62,64,3,35,16,19,334,210,124,397,202,195,25,12,13,118,54,64,22,10,12
57857612,50,26,24,1,13,10,6,3,0,0,2,2,0,10,1,0,4,1,3,14,11,3,20,10,10,0,0,0,12,4,8,0,0,0
57857613,78,47,31,10,32,5,5,0,1,1,1,7,5,5,3,0,1,1,0,39,27,12,29,16,13,2,0,2,6,2,4,1,1,0
57857614,308,172,136,7,104,17,47,12,10,6,0,24,7,22,29,0,19,11,8,97,63,34,109,55,54,6,3,3,53,22,31,24,18,6
57858401,662,382,280,48,275,52,53,17,16,13,11,30,36,47,37,6,26,16,10,301,197,104,228,121,107,15,3,12,79,33,46,13,12,1
57237301,52,33,19,8,18,7,4,0,1,1,0,5,0,3,4,0,2,2,0,18,15,3,24,14,10,1,0,1,5,2,3,2,0,2
57237302,159,96,63,25,64,13,9,6,3,2,1,8,9,9,7,1,4,1,3,77,56,21,55,26,29,3,1,2,17,10,7,3,2,1
57237303,48,30,18,5,15,4,5,3,2,1,0,3,4,1,5,0,0,0,0,13,10,3,22,15,7,1,0,1,8,3,5,4,2,2
57862201,80,47,33,8,43,4,5,1,0,1,1,4,2,3,4,0,3,2,1,28,21,7,28,13,15,1,1,0,17,8,9,3,2,1
57863101,18,8,10,5,6,0,1,0,0,0,0,2,3,0,1,0,0,0,0,9,6,3,7,1,6,1,1,0,1,0,1,0,0,0
57863102,133,70,63,13,55,11,5,8,4,1,3,7,7,8,8,0,6,4,2,55,34,21,39,22,17,9,2,7,16,4,12,8,4,4
57864901,13,9,4,1,7,3,0,1,0,0,0,0,0,0,0,0,0,0,0,8,6,2,3,1,2,0,0,0,2,2,0,0,0,0
57864903,13,6,7,1,4,0,3,0,2,1,0,1,0,1,0,0,0,0,0,2,1,1,7,4,3,0,0,0,4,1,3,0,0,0
57864904,38,24,14,2,15,2,1,1,1,0,0,8,4,0,0,1,1,1,0,19,12,7,10,6,4,0,0,0,6,3,3,2,2,0
57865701,572,325,247,69,189,41,61,34,7,9,6,39,34,44,20,2,43,30,13,245,154,91,159,79,80,16,5,11,82,39,43,27,18,9
57433301,47,30,17,6,26,3,2,3,1,0,1,1,2,0,2,0,4,4,0,34,21,13,5,3,2,0,0,0,3,1,2,1,1,0
57867302,259,140,119,19,89,20,19,15,4,2,5,11,23,23,15,2,17,8,9,101,69,32,87,41,46,5,0,5,35,12,23,14,10,4
57868101,43,24,19,1,16,3,8,2,1,1,1,1,3,3,1,1,2,2,0,14,11,3,16,5,11,2,0,2,7,4,3,2,2,0
57868102,77,44,33,1,35,5,4,1,2,0,0,5,5,7,8,0,3,1,2,34,22,12,25,13,12,3,1,2,11,6,5,1,1,0
57868103,30,16,14,2,9,1,5,6,0,2,0,0,1,3,1,0,1,0,1,14,9,5,11,5,6,1,0,1,2,1,1,1,1,0
57869001,112,61,51,8,46,9,6,4,3,0,0,8,7,8,10,1,5,3,2,59,31,28,29,15,14,3,0,3,14,10,4,2,2,0
57870301,41,22,19,9,18,1,2,1,0,1,0,2,1,1,2,1,3,1,2,26,15,11,7,4,3,0,0,0,3,1,2,2,1,1
57870302,38,21,17,10,14,3,1,1,1,0,0,2,1,0,2,1,2,1,1,21,12,9,8,5,3,2,2,0,1,0,1,4,1,3
57871101,261,148,113,23,132,17,23,12,5,1,1,12,11,10,7,1,28,13,15,123,73,50,70,36,34,2,1,1,17,8,9,21,17,4
57223301,31,18,13,2,13,1,2,0,1,2,1,3,1,1,3,1,0,0,0,11,6,5,10,8,2,0,0,0,8,3,5,2,1,1
57872001,282,160,122,21,109,21,31,8,9,4,5,9,11,26,17,1,5,2,3,110,77,33,100,44,56,7,4,3,48,23,25,12,10,2
57873801,151,80,71,24,52,8,8,6,6,1,3,10,5,11,10,2,6,2,4,46,30,16,67,33,34,5,1,4,24,13,11,3,1,2
57873802,247,141,106,27,71,30,16,9,5,3,3,16,12,15,32,1,3,2,1,86,57,29,91,45,46,11,5,6,46,24,22,10,8,2
57873803,35,17,18,3,14,0,4,3,3,0,0,1,0,4,2,0,1,1,0,12,4,8,15,7,8,0,0,0,7,5,2,0,0,0
57874601,121,65,56,11,51,11,10,3,3,2,0,6,2,13,8,0,10,6,4,51,31,20,45,21,24,3,0,3,10,5,5,2,2,0
57875401,94,50,44,21,20,7,12,1,4,0,1,7,6,6,6,1,9,6,3,49,28,21,22,12,10,2,1,1,8,2,6,4,1,3
1496670,0,0,0,0,0,0,0,0,0,0,0,0,0,0,0,0,0,0,0,0,0,0,0,0,0,0,0,0,0,0,0,0,0,0
57876201,72,40,32,2,25,5,4,2,3,2,1,11,3,5,5,0,2,2,0,25,16,9,32,17,15,1,0,1,11,4,7,1,1,0
58032501,340,193,147,42,114,44,19,17,9,6,5,16,6,23,29,2,12,8,4,158,104,54,112,47,65,4,1,3,40,24,16,14,9,5
58032502,484,276,208,47,137,50,53,28,17,4,4,28,25,32,43,1,19,12,7,196,140,56,172,87,85,22,6,16,58,22,36,17,9,8
57878901,10,8,2,0,6,1,2,1,0,0,0,0,0,0,0,0,2,2,0,7,5,2,0,0,0,0,0,0,0,0,0,1,1,0
57878902,15,8,7,1,5,0,2,0,3,0,0,1,2,0,1,0,0,0,0,4,3,1,5,2,3,0,0,0,5,3,2,1,0,1
57878903,55,32,23,2,28,8,8,4,2,0,1,1,1,0,0,0,8,4,4,37,25,12,8,3,5,1,0,1,1,0,1,0,0,0
57878904,32,19,13,9,12,3,3,0,0,0,0,0,0,3,0,0,6,3,3,17,10,7,8,5,3,1,1,0,0,0,0,0,0,0
57878905,353,202,151,27,139,27,30,17,11,3,2,17,18,32,19,0,17,7,10,159,105,54,120,57,63,11,2,9,35,20,15,11,11,0
57880101,118,69,49,14,50,10,10,5,3,1,1,8,3,3,7,1,13,9,4,54,33,21,39,20,19,2,1,1,5,2,3,5,4,1
57881901,115,65,50,10,36,7,5,2,4,2,1,15,12,7,9,0,3,3,0,47,32,15,32,14,18,6,2,4,22,10,12,5,4,1
57883501,43,25,18,4,18,3,6,2,1,0,0,3,0,2,4,0,2,1,1,15,11,4,17,6,11,1,1,0,7,5,2,1,1,0
1610210,0,0,0,0,0,0,0,0,0,0,0,0,0,0,0,0,0,0,0,0,0,0,0,0,0,0,0,0,0,0,0,0,0,0
1610550,0,0,0,0,0,0,0,0,0,0,0,0,0,0,0,0,0,0,0,0,0,0,0,0,0,0,0,0,0,0,0,0,0,0
1610630,0,0,0,0,0,0,0,0,0,0,0,0,0,0,0,0,0,0,0,0,0,0,0,0,0,0,0,0,0,0,0,0,0,0
3386990,0,0,0,0,0,0,0,0,0,0,0,0,0,0,0,0,0,0,0,0,0,0,0,0,0,0,0,0,0,0,0,0,0,0
57773101,360,196,164,27,97,18,52,27,5,3,7,28,21,28,34,2,16,7,9,140,87,53,130,67,63,14,6,8,48,24,24,12,5,7
57773103,104,49,55,7,28,10,14,5,4,0,2,7,7,7,9,0,4,1,3,42,25,17,45,18,27,1,1,0,9,2,7,3,2,1
57773104,30,18,12,0,4,3,2,6,0,0,0,9,2,1,1,0,2,1,1,10,5,5,9,7,2,0,0,0,8,4,4,1,1,0
57773105,1574,827,747,24,412,78,228,96,38,35,51,125,126,123,170,13,80,40,40,499,298,201,586,292,294,54,20,34,322,151,171,33,26,7
57773106,924,467,457,16,285,74,135,50,22,17,14,70,59,48,107,6,71,43,28,347,197,150,329,148,181,12,5,7,128,58,70,37,16,21
57773107,236,124,112,7,57,16,38,15,8,4,3,8,17,25,25,2,10,6,4,87,56,31,90,40,50,5,0,5,34,15,19,10,7,3
57773108,334,191,143,21,105,35,45,13,12,4,5,17,24,22,22,2,24,14,10,135,91,44,120,57,63,7,1,6,40,21,19,8,7,1
57773109,271,149,122,3,66,21,47,14,22,5,4,24,10,17,27,2,23,13,10,100,55,45,87,43,44,7,3,4,34,17,17,20,18,2
57773110,571,295,276,11,176,37,79,19,19,6,12,40,53,49,49,1,34,21,13,176,107,69,224,103,121,18,6,12,102,50,52,17,8,9
57773111,720,376,344,15,244,42,94,40,19,13,11,57,50,48,52,7,56,26,30,249,163,86,268,126,142,14,1,13,100,41,59,33,19,14
57773112,1014,524,490,15,270,46,126,52,30,26,26,68,108,74,122,7,39,21,18,326,202,124,390,176,214,30,8,22,204,103,101,25,14,11
57773113,1136,635,501,25,299,99,155,58,33,18,21,83,97,77,128,7,43,27,16,337,219,118,436,218,218,28,9,19,212,102,110,80,60,20
57773114,74,42,32,3,24,6,4,3,4,3,0,10,2,4,7,1,15,11,4,32,18,14,19,9,10,2,0,2,3,3,0,3,1,2
57773116,695,369,326,15,243,38,91,39,20,11,11,53,39,45,67,6,61,33,28,253,164,89,244,103,141,19,6,13,100,53,47,18,10,8
57773117,18,10,8,0,7,0,2,1,0,0,0,1,3,1,1,0,2,1,1,6,4,2,5,2,3,0,0,0,5,3,2,0,0,0
57884301,15,8,7,0,5,1,0,2,0,1,0,2,1,1,1,0,0,0,0,7,4,3,1,0,1,1,0,1,4,2,2,2,2,0
57884303,28,16,12,4,11,0,0,4,1,2,0,1,1,3,1,0,0,0,0,14,10,4,8,5,3,0,0,0,4,0,4,2,1,1
57884304,21,14,7,4,6,0,5,2,2,0,0,0,0,1,0,0,1,0,1,7,5,2,10,8,2,0,0,0,3,1,2,0,0,0
57884305,56,36,20,5,22,5,4,1,4,0,0,2,3,4,4,1,4,4,0,24,19,5,18,6,12,0,0,0,5,3,2,5,4,1
57884306,18,11,7,1,6,0,0,0,0,0,0,5,3,2,1,0,0,0,0,2,2,0,7,5,2,0,0,0,8,4,4,1,0,1
57884307,44,22,22,2,12,3,2,2,2,3,1,5,1,5,4,0,2,1,1,10,8,2,12,4,8,2,1,1,14,7,7,4,1,3
57885101,197,118,79,12,102,9,15,3,3,3,3,10,9,12,9,2,6,3,3,77,52,25,74,40,34,2,0,2,29,18,11,9,5,4
57886001,50,29,21,9,18,4,4,1,1,0,0,5,1,1,4,0,2,0,2,26,15,11,15,10,5,0,0,0,7,4,3,0,0,0
57887801,191,122,69,39,71,15,13,5,6,4,1,4,6,14,10,0,3,2,1,92,60,32,62,38,24,5,1,4,17,10,7,12,11,1
57888601,28,14,14,7,10,1,2,3,0,0,0,0,1,2,2,0,0,0,0,16,9,7,8,5,3,1,0,1,3,0,3,0,0,0
57888602,163,92,71,22,50,12,18,9,10,1,0,8,5,13,10,0,6,5,1,77,56,21,57,20,37,3,1,2,19,9,10,1,1,0
57889401,222,127,95,23,68,20,20,9,5,6,0,12,15,20,17,0,7,4,3,84,59,25,74,36,38,14,7,7,36,15,21,7,6,1
57261601,95,57,38,9,44,2,11,5,2,1,1,4,1,5,8,0,5,3,2,42,25,17,28,17,11,2,1,1,13,7,6,5,4,1
57890801,403,248,155,35,184,59,29,21,6,2,4,18,13,20,5,1,40,21,19,205,140,65,103,54,49,7,3,4,19,8,11,29,22,7
57891601,54,28,26,4,20,4,7,2,1,1,2,5,0,2,4,0,2,0,2,24,15,9,19,9,10,3,1,2,4,2,2,2,1,1
57262401,173,97,76,8,75,12,24,6,5,5,2,9,7,11,7,1,8,5,3,72,41,31,53,30,23,6,3,3,27,13,14,7,5,2
57893201,470,263,207,61,153,32,46,27,16,6,1,25,31,32,29,1,31,16,15,224,151,73,132,56,76,9,5,4,52,21,31,22,14,8
57894101,143,84,59,27,35,11,13,8,6,1,0,15,5,11,10,0,5,4,1,59,39,20,52,32,20,3,0,3,21,7,14,3,2,1
57895901,86,52,34,8,41,8,6,3,4,1,0,3,1,4,5,0,6,5,1,49,32,17,19,9,10,3,1,2,5,2,3,4,3,1
57896701,189,109,80,19,78,9,12,13,4,2,2,9,11,14,13,0,13,7,6,88,60,28,60,28,32,4,1,3,16,7,9,8,6,2
58112701,55,32,23,6,17,6,3,2,2,3,0,2,2,7,5,0,5,3,2,20,16,4,19,7,12,0,0,0,9,6,3,2,0,2
57897502,85,46,39,12,40,3,5,0,1,1,1,4,5,4,6,2,6,1,5,41,29,12,27,10,17,0,0,0,10,5,5,1,1,0
57897503,106,64,42,9,60,7,4,3,1,2,1,3,8,4,2,0,6,1,5,56,38,18,31,17,14,1,0,1,8,4,4,4,4,0
57229201,33,19,14,10,12,1,3,0,0,2,0,1,3,0,0,0,0,0,0,9,7,2,17,10,7,0,0,0,6,1,5,1,1,0
57899101,24,15,9,3,11,0,4,0,0,1,0,0,1,1,3,0,0,0,0,13,10,3,6,3,3,1,0,1,4,2,2,0,0,0
57219502,18,9,9,4,5,0,2,1,0,0,0,2,1,1,0,0,0,0,0,10,6,4,7,2,5,0,0,0,1,1,0,0,0,0
54798101,209,122,87,17,92,16,22,12,9,1,0,6,8,17,5,0,14,8,6,96,63,33,51,27,24,4,2,2,31,12,19,13,10,3
57342601,61,34,27,5,26,4,4,4,3,0,0,0,2,2,9,0,9,3,6,31,19,12,13,6,7,1,1,0,4,2,2,3,3,0
55376001,210,113,97,19,77,17,18,9,1,8,2,10,10,14,14,2,4,1,3,86,64,22,79,33,46,5,0,5,27,11,16,9,4,5
54800601,52,29,23,6,15,2,3,4,2,1,0,5,8,1,4,0,1,0,1,25,17,8,18,7,11,0,0,0,7,4,3,1,1,0
57994701,596,332,264,12,221,31,53,49,13,17,5,36,39,37,70,1,28,18,10,203,130,73,253,133,120,16,2,14,79,38,41,17,11,6
57996301,109,60,49,8,48,11,7,7,0,2,0,2,3,8,9,0,2,1,1,42,28,14,43,22,21,5,2,3,16,6,10,1,1,0
57997101,545,306,239,86,232,34,43,14,12,11,5,15,26,31,29,2,18,8,10,222,142,80,202,101,101,23,13,10,67,34,33,13,8,5
57997102,43,24,19,6,17,2,5,0,1,1,0,3,5,0,2,0,0,0,0,17,10,7,17,7,10,2,1,1,6,5,1,1,1,0
57998001,105,61,44,10,40,4,8,8,4,2,2,5,5,7,4,1,10,3,7,45,32,13,32,15,17,1,1,0,12,6,6,5,4,1
57998002,9,5,4,0,2,1,2,2,0,0,0,0,0,1,0,0,1,1,0,3,1,2,4,2,2,0,0,0,0,0,0,1,1,0
57998003,16,10,6,6,3,0,0,0,0,0,0,0,2,3,1,0,1,0,1,8,6,2,4,3,1,0,0,0,3,1,2,0,0,0
57998004,11,8,3,2,4,0,0,2,2,0,0,0,0,0,1,0,2,1,1,7,6,1,1,1,0,0,0,0,1,0,1,0,0,0
57999801,91,51,40,7,32,6,13,1,9,0,1,5,4,6,4,0,5,3,2,41,23,18,23,13,10,1,0,1,16,10,6,5,2,3
58001501,54,34,20,9,30,1,2,4,3,1,0,0,0,1,2,0,9,4,5,31,19,12,7,4,3,0,0,0,4,4,0,3,3,0
58001502,26,11,15,3,13,0,1,3,2,0,0,1,0,0,0,0,9,1,8,13,8,5,3,1,2,0,0,0,0,0,0,1,1,0
58001503,822,447,375,43,321,39,62,31,33,10,6,38,45,60,106,2,70,26,44,357,213,144,246,131,115,16,4,12,88,39,49,45,34,11
58001504,182,110,72,12,97,11,23,12,3,0,1,6,2,5,7,0,22,11,11,108,71,37,30,12,18,1,0,1,2,1,1,19,15,4
58001505,101,59,42,12,32,9,6,7,8,1,1,5,5,5,8,1,15,7,8,45,31,14,26,12,14,3,0,3,10,7,3,2,2,0
58001506,15,10,5,2,5,1,1,0,1,0,0,2,2,0,0,0,2,1,1,8,6,2,4,2,2,0,0,0,0,0,0,1,1,0
58001508,41,28,13,10,14,4,3,0,3,0,0,1,4,0,2,0,5,5,0,21,13,8,9,7,2,0,0,0,5,2,3,1,1,0
58001509,27,17,10,7,7,2,2,1,3,0,0,1,0,0,3,1,3,1,2,15,11,4,7,4,3,0,0,0,0,0,0,2,1,1
58001510,50,29,21,2,16,1,5,5,1,0,2,4,5,1,7,0,1,1,0,21,16,5,22,9,13,0,0,0,4,3,1,2,0,2
58002301,195,107,88,24,59,25,26,6,4,3,1,9,8,14,10,4,4,3,1,85,57,28,66,28,38,8,4,4,20,7,13,12,8,4
0218570,0,0,0,0,0,0,0,0,0,0,0,0,0,0,0,0,0,0,0,0,0,0,0,0,0,0,0,0,0,0,0,0,0,0
0218650,0,0,0,0,0,0,0,0,0,0,0,0,0,0,0,0,0,0,0,0,0,0,0,0,0,0,0,0,0,0,0,0,0,0
0218900,0,0,0,0,0,0,0,0,0,0,0,0,0,0,0,0,0,0,0,0,0,0,0,0,0,0,0,0,0,0,0,0,0,0
3127970,0,0,0,0,0,0,0,0,0,0,0,0,0,0,0,0,0,0,0,0,0,0,0,0,0,0,0,0,0,0,0,0,0,0
3216810,0,0,0,0,0,0,0,0,0,0,0,0,0,0,0,0,0,0,0,0,0,0,0,0,0,0,0,0,0,0,0,0,0,0
58003101,708,368,340,5,259,29,79,92,24,9,12,39,30,57,41,7,38,21,17,221,141,80,297,140,157,22,6,16,107,50,57,23,10,13
58003102,285,153,132,6,113,11,25,42,7,7,6,18,11,12,15,0,18,7,11,90,57,33,115,58,57,8,3,5,49,25,24,5,3,2
58003103,341,200,141,4,129,25,40,41,9,5,6,20,18,15,10,1,11,9,2,116,83,33,145,74,71,7,1,6,53,29,24,9,4,5
58003104,49,29,20,3,19,3,3,6,3,0,1,5,0,2,3,0,4,3,1,25,18,7,12,3,9,1,0,1,7,5,2,0,0,0
58003105,59,32,27,5,25,6,5,6,0,0,1,3,0,4,2,0,1,0,1,24,17,7,19,10,9,2,0,2,13,5,8,0,0,0
58003106,803,396,407,8,285,41,106,105,23,17,12,47,34,45,46,3,50,22,28,297,171,126,341,152,189,23,7,16,78,36,42,14,8,6
58003107,180,92,88,7,72,7,16,18,2,4,3,17,9,9,10,0,8,2,6,64,42,22,81,37,44,5,0,5,18,9,9,4,2,2
58003108,113,56,57,11,41,14,10,15,1,0,1,6,2,3,6,0,14,7,7,54,30,24,36,15,21,2,1,1,5,2,3,2,1,1
58003109,34,18,16,0,14,4,4,6,0,1,0,3,0,1,1,0,3,2,1,11,7,4,16,7,9,0,0,0,3,1,2,1,1,0
58003110,397,233,164,4,140,24,54,38,23,8,3,22,10,22,18,11,36,21,15,119,78,41,134,71,63,7,1,6,52,28,24,49,34,15
58003111,41,29,12,1,12,5,4,5,3,1,0,0,3,3,2,0,2,1,1,16,12,4,14,10,4,0,0,0,6,4,2,3,2,1
58003113,1410,748,662,18,459,63,144,198,40,30,20,109,57,119,93,8,105,40,65,428,272,156,577,300,277,30,10,20,225,97,128,45,29,16
58003114,747,413,334,6,276,30,58,118,27,12,11,48,37,39,56,5,40,20,20,275,161,114,267,153,114,18,8,10,121,54,67,26,17,9
58003115,718,394,324,6,253,31,84,87,19,14,11,49,31,63,44,2,46,24,22,250,158,92,255,136,119,17,4,13,126,56,70,24,16,8
58003116,252,136,116,5,112,25,15,18,5,1,3,30,7,9,6,5,92,44,48,94,60,34,39,19,20,3,0,3,4,3,1,20,10,10
58003117,754,432,322,10,269,33,72,91,15,24,20,52,37,60,43,2,34,19,15,199,130,69,316,173,143,21,5,16,166,90,76,18,15,3
58003118,495,268,227,9,160,24,34,51,9,11,19,35,35,51,39,3,24,16,8,117,78,39,209,105,104,16,7,9,118,55,63,11,7,4
58004001,12,8,4,2,4,0,1,2,1,0,0,1,0,1,0,0,0,0,0,6,4,2,3,3,0,0,0,0,2,0,2,1,1,0
58004002,211,122,89,21,75,13,26,9,4,2,3,16,14,11,12,1,7,5,2,85,58,27,82,42,40,6,4,2,26,8,18,5,5,0
58004003,45,26,19,7,20,1,6,3,1,0,0,2,0,5,0,0,2,2,0,25,18,7,8,3,5,3,0,3,4,2,2,3,1,2
58004004,36,19,17,7,18,0,5,1,0,0,0,0,0,2,3,0,1,1,0,16,10,6,14,5,9,0,0,0,4,2,2,1,1,0
58005801,284,153,131,22,109,21,36,14,4,4,3,12,16,14,19,2,10,3,7,117,72,45,94,48,46,12,2,10,38,19,19,13,9,4
58005802,20,13,7,1,9,3,4,1,0,0,0,0,0,0,1,0,0,0,0,9,5,4,9,6,3,0,0,0,0,0,0,2,2,0
58006601,75,43,32,19,16,3,6,1,7,0,1,9,1,4,4,1,2,0,2,31,21,10,24,13,11,5,3,2,13,6,7,0,0,0
58007401,334,192,142,45,166,13,21,22,5,3,0,8,6,13,23,2,29,19,10,172,105,67,88,48,40,9,1,8,20,8,12,16,11,5
54801401,642,354,288,24,208,48,58,67,16,13,6,48,41,43,44,3,33,17,16,219,147,72,264,128,136,7,2,5,98,48,50,21,12,9
54803101,414,217,197,32,143,24,58,24,14,9,2,12,15,32,32,2,18,7,11,142,82,60,156,69,87,12,8,4,75,44,31,11,7,4
58009101,240,133,107,12,100,7,22,11,9,6,4,17,11,16,15,1,8,5,3,91,60,31,95,45,50,6,2,4,34,16,18,6,5,1
58009102,41,25,16,0,20,1,5,3,0,1,1,1,3,3,2,1,2,2,0,19,14,5,15,6,9,1,1,0,3,1,2,1,1,0
58011201,606,332,274,26,276,40,48,31,8,9,5,45,26,63,20,3,18,6,12,216,143,73,214,109,105,16,3,13,123,58,65,19,13,6
58011202,67,38,29,6,32,5,3,3,1,0,1,4,1,3,3,1,5,3,2,35,24,11,19,8,11,0,0,0,3,1,2,5,2,3
58012101,1041,608,433,64,458,61,82,47,18,17,5,51,62,70,68,3,34,18,16,350,241,109,411,216,195,18,9,9,192,98,94,36,26,10
58012102,126,74,52,9,71,20,2,3,1,4,0,6,1,2,5,0,12,7,5,70,46,24,29,15,14,2,0,2,7,2,5,6,4,2
58012103,65,34,31,2,19,4,3,6,2,1,0,6,8,5,9,0,2,0,2,18,13,5,28,13,15,0,0,0,14,8,6,3,0,3
58016301,48,28,20,7,8,3,6,1,12,0,0,3,3,2,1,0,8,6,2,24,13,11,12,7,5,0,0,0,4,2,2,0,0,0
58016302,9,7,2,0,1,0,0,0,2,0,0,2,1,1,0,0,0,0,0,4,3,1,4,3,1,0,0,0,0,0,0,1,1,0
58016303,150,77,73,12,16,9,3,5,51,0,1,14,10,6,2,0,10,3,7,48,36,12,60,23,37,3,0,3,24,11,13,5,4,1
58021001,180,97,83,10,74,14,15,7,3,2,2,12,14,14,9,0,6,2,4,82,55,27,58,18,40,4,2,2,29,19,10,1,1,0
58022801,100,58,42,12,36,7,10,5,3,0,1,6,6,6,4,0,1,0,1,53,41,12,30,12,18,3,1,2,11,2,9,2,2,0
54804901,272,170,102,33,74,22,23,37,1,4,3,17,17,16,20,3,13,10,3,84,60,24,112,64,48,6,3,3,45,24,21,12,9,3
54804902,14,8,6,1,5,2,2,0,0,0,0,2,0,0,0,0,0,0,0,7,5,2,6,2,4,0,0,0,1,1,0,0,0,0
58026101,401,211,190,24,136,20,39,22,11,12,4,16,26,36,46,1,8,6,2,144,90,54,163,77,86,3,1,2,75,33,42,8,4,4
58027901,414,231,183,28,159,25,50,22,10,5,5,29,12,36,18,1,27,14,13,164,105,59,133,61,72,6,1,5,68,38,30,16,12,4
58027902,21,10,11,2,12,0,1,0,0,0,0,1,3,0,2,0,0,0,0,10,7,3,7,2,5,0,0,0,4,1,3,0,0,0
58027903,49,27,22,2,25,2,7,3,0,0,1,5,1,1,1,0,2,1,1,23,14,9,17,9,8,0,0,0,5,2,3,2,1,1
58029501,13,11,2,5,2,3,0,1,0,0,0,0,0,1,0,0,1,0,1,8,8,0,2,1,1,0,0,0,2,2,0,0,0,0
58029503,49,30,19,7,19,3,5,2,1,0,0,3,2,1,4,0,1,1,0,23,17,6,14,7,7,2,1,1,8,3,5,1,1,0
58029504,153,79,74,22,65,10,13,1,5,2,2,8,6,11,5,0,5,1,4,69,46,23,46,18,28,3,0,3,26,12,14,4,2,2
58033301,317,188,129,30,145,8,46,7,5,6,2,18,10,16,15,2,15,7,8,122,86,36,124,63,61,3,0,3,43,23,20,10,9,1
54797201,62,39,23,2,20,2,5,4,1,1,1,5,11,5,1,0,2,2,0,20,14,6,23,14,9,2,2,0,12,5,7,3,2,1
58034101,12,8,4,0,2,1,0,4,0,1,0,2,1,1,0,0,3,1,2,3,2,1,4,4,0,0,0,0,2,1,1,0,0,0
58034102,172,98,74,7,67,15,13,12,8,1,1,9,9,14,13,1,8,4,4,75,50,25,61,29,32,4,2,2,16,8,8,8,5,3
3128430,0,0,0,0,0,0,0,0,0,0,0,0,0,0,0,0,0,0,0,0,0,0,0,0,0,0,0,0,0,0,0,0,0,0
3128600,0,0,0,0,0,0,0,0,0,0,0,0,0,0,0,0,0,0,0,0,0,0,0,0,0,0,0,0,0,0,0,0,0,0
3128780,0,0,0,0,0,0,0,0,0,0,0,0,0,0,0,0,0,0,0,0,0,0,0,0,0,0,0,0,0,0,0,0,0,0
3216990,0,0,0,0,0,0,0,0,0,0,0,0,0,0,0,0,0,0,0,0,0,0,0,0,0,0,0,0,0,0,0,0,0,0
58035001,109,54,55,1,32,6,25,6,0,3,1,8,5,8,8,1,4,1,3,31,21,10,45,17,28,4,1,3,23,12,11,2,2,0
58035002,18,11,7,3,7,1,1,2,0,0,0,3,0,0,1,0,1,1,0,10,7,3,6,3,3,0,0,0,1,0,1,0,0,0
58035004,25,13,12,1,6,1,6,2,0,1,0,3,1,4,0,0,1,1,0,10,6,4,7,3,4,0,0,0,6,2,4,1,1,0
58035005,62,39,23,5,21,13,8,3,0,0,1,0,1,5,2,0,5,3,2,33,21,12,16,10,6,2,1,1,6,4,2,0,0,0
58035007,52,31,21,9,16,2,0,6,0,1,1,4,2,5,4,1,3,1,2,24,19,5,17,7,10,1,0,1,7,4,3,0,0,0
58035009,244,137,107,11,113,19,17,10,7,4,2,15,8,19,12,0,12,7,5,90,55,35,81,43,38,5,3,2,42,20,22,14,9,5
58035010,1414,739,675,33,559,85,135,122,34,26,18,101,68,92,89,3,77,37,40,451,272,179,545,246,299,33,11,22,221,118,103,87,55,32
58035013,21,10,11,5,7,0,3,0,0,1,0,4,0,1,0,0,0,0,0,8,5,3,9,3,6,1,1,0,3,1,2,0,0,0
58035014,163,97,66,4,61,15,15,13,6,5,1,14,7,9,9,0,8,3,5,52,35,17,62,37,25,3,1,2,35,18,17,3,3,0
58035015,1545,852,693,40,574,115,184,87,51,29,27,114,81,109,72,11,72,46,26,499,302,197,578,303,275,50,16,34,274,130,144,72,55,17
58035016,21,14,7,1,12,2,2,0,0,1,0,0,0,0,2,0,1,1,0,10,7,3,6,4,2,1,1,0,3,1,2,0,0,0
58035017,162,83,79,4,48,10,19,5,1,9,3,15,12,16,16,0,6,2,4,27,16,11,75,40,35,5,3,2,46,19,27,3,3,0
58035018,306,171,135,10,106,24,26,24,8,6,3,25,11,32,21,0,13,6,7,99,70,29,104,48,56,9,1,8,77,43,34,4,3,1
58037601,1449,788,661,42,711,72,134,79,44,31,8,72,62,97,62,4,63,30,33,509,309,200,516,273,243,29,11,18,227,106,121,105,59,46
58037602,34,18,16,2,19,2,3,0,0,0,1,0,1,2,2,0,1,1,0,8,6,2,11,4,7,0,0,0,9,5,4,5,2,3
58039201,361,211,150,34,157,40,33,9,6,6,8,15,15,16,9,3,10,5,5,145,104,41,123,61,62,7,3,4,63,29,34,13,9,4
58040601,120,75,45,4,51,8,17,4,2,0,1,9,5,13,5,0,6,1,5,38,31,7,48,27,21,4,2,2,18,10,8,6,4,2
58041401,164,90,74,20,47,22,12,9,3,4,2,14,16,8,5,1,4,2,2,70,43,27,64,37,27,6,1,5,18,7,11,2,0,2
58042201,145,78,67,30,46,11,7,3,3,0,0,8,6,14,7,3,7,4,3,56,39,17,48,21,27,3,1,2,20,5,15,11,8,3
58043102,17,12,5,7,3,1,0,2,2,0,0,0,1,0,1,0,0,0,0,9,7,2,6,4,2,0,0,0,2,1,1,0,0,0
58043103,287,167,120,30,109,29,28,19,8,5,1,7,12,15,15,2,23,12,11,126,82,44,83,41,42,9,7,2,36,19,17,10,6,4
58043104,69,39,30,10,26,6,8,2,1,1,1,3,4,4,1,1,1,0,1,22,13,9,29,16,13,2,1,1,13,7,6,2,2,0
58043106,47,27,20,2,20,3,6,4,1,0,0,1,2,3,2,1,3,2,1,24,13,11,13,7,6,1,1,0,4,3,1,2,1,1
58046501,61,33,28,8,18,8,1,3,4,2,2,3,2,4,5,0,1,0,1,24,15,9,27,16,11,4,2,2,5,0,5,0,0,0
58046502,128,71,57,11,57,13,7,12,2,1,0,6,5,5,7,0,3,1,2,70,45,25,36,16,20,1,0,1,16,7,9,2,2,0
57444901,100,58,42,8,36,10,10,12,2,1,0,7,2,5,5,0,4,1,3,44,35,9,32,16,16,2,0,2,17,6,11,1,0,1
58048102,97,53,44,9,33,6,8,7,2,0,1,4,4,9,10,0,5,1,4,48,35,13,33,12,21,0,0,0,7,3,4,4,2,2
58048103,57,32,25,2,20,6,8,8,1,0,0,3,3,3,2,0,2,1,1,32,17,15,13,8,5,1,0,1,7,5,2,2,1,1
58048104,47,25,22,5,18,5,3,4,3,0,0,0,2,4,2,0,9,3,6,20,13,7,12,6,6,0,0,0,3,2,1,3,1,2
58048105,37,22,15,7,14,1,3,0,3,0,0,1,0,6,0,0,1,0,1,18,12,6,8,2,6,1,0,1,6,5,1,3,3,0
58048106,40,26,14,14,10,3,1,0,4,0,0,1,3,0,0,2,7,4,3,20,14,6,5,3,2,0,0,0,6,3,3,2,2,0
58048107,1426,769,657,56,541,85,120,110,61,18,15,62,87,123,77,13,125,52,73,541,349,192,483,236,247,30,11,19,181,81,100,66,40,26
58048108,34,20,14,3,10,4,2,0,3,0,0,2,3,3,2,1,1,1,0,14,10,4,11,5,6,1,0,1,5,3,2,2,1,1
58048109,68,41,27,11,28,4,6,1,2,0,0,1,4,7,3,0,5,2,3,38,26,12,14,9,5,1,0,1,8,3,5,2,1,1
58049001,153,89,64,16,72,19,8,7,0,2,1,5,9,5,5,2,12,5,7,78,56,22,48,17,31,3,2,1,7,4,3,5,5,0
58050302,32,15,17,13,5,1,1,2,2,0,0,3,1,2,2,0,1,0,1,11,5,6,16,8,8,1,0,1,2,1,1,1,1,0
58050303,16,10,6,2,3,2,2,0,0,0,0,2,0,4,1,0,0,0,0,5,3,2,4,1,3,0,0,0,5,4,1,2,2,0
58050304,10,5,5,2,1,0,2,1,1,0,0,0,1,1,1,0,2,1,1,4,2,2,2,1,1,0,0,0,2,1,1,0,0,0
58050305,404,224,180,79,126,31,31,19,11,5,4,20,11,27,29,2,16,6,10,154,101,53,151,68,83,10,5,5,62,34,28,11,10,1
0789720,0,0,0,0,0,0,0,0,0,0,0,0,0,0,0,0,0,0,0,0,0,0,0,0,0,0,0,0,0,0,0,0,0,0
0790060,0,0,0,0,0,0,0,0,0,0,0,0,0,0,0,0,0,0,0,0,0,0,0,0,0,0,0,0,0,0,0,0,0,0
3385160,0,0,0,0,0,0,0,0,0,0,0,0,0,0,0,0,0,0,0,0,0,0,0,0,0,0,0,0,0,0,0,0,0,0
58051101,344,175,169,8,170,13,40,11,8,2,5,29,7,30,12,1,15,5,10,142,82,60,117,56,61,6,0,6,47,22,25,17,10,7
58051102,70,38,32,1,39,3,2,1,3,1,2,3,2,9,2,0,4,2,2,25,14,11,29,18,11,1,0,1,11,4,7,0,0,0
58051103,643,328,315,12,301,26,55,20,7,18,11,49,15,61,32,3,27,14,13,196,117,79,240,116,124,13,2,11,154,69,85,13,10,3
58051104,84,48,36,0,39,12,6,1,3,2,0,9,0,9,1,0,4,3,1,31,23,8,29,9,20,3,2,1,12,7,5,5,4,1
58051105,196,109,87,5,90,12,18,6,7,1,2,10,8,17,7,2,23,13,10,63,43,20,64,31,33,7,4,3,34,14,20,5,4,1
58051107,214,115,99,8,98,17,18,8,9,4,2,12,8,11,6,2,14,5,9,78,41,37,78,46,32,4,2,2,38,19,19,2,2,0
58051108,1141,612,529,15,605,44,116,35,33,21,13,68,20,96,42,9,70,34,36,416,261,155,382,196,186,34,7,27,197,89,108,42,25,17
58051109,1187,623,564,20,576,51,108,33,39,25,19,89,56,81,50,2,53,24,29,369,235,134,440,202,238,31,10,21,253,131,122,41,21,20
58051110,105,56,49,2,53,5,16,5,2,0,0,5,1,6,4,1,8,6,2,40,26,14,36,14,22,1,0,1,20,10,10,0,0,0
58051112,91,39,52,1,66,1,3,4,0,1,0,11,0,1,1,1,1,1,0,11,7,4,17,8,9,0,0,0,0,0,0,62,23,39
58051113,41,23,18,0,26,0,1,0,0,3,1,4,0,4,1,0,1,0,1,4,3,1,12,6,6,3,1,2,20,13,7,1,0,1
58051114,138,82,56,4,72,3,10,6,4,2,0,7,6,11,6,2,10,6,4,43,32,11,44,21,23,3,1,2,35,19,16,3,3,0
58051115,249,149,100,10,129,8,24,11,2,2,1,17,12,19,10,0,13,5,8,90,64,26,86,46,40,5,1,4,47,27,20,8,6,2
58051116,251,140,111,4,109,20,33,6,10,4,5,21,4,11,11,3,29,19,10,80,44,36,74,38,36,8,4,4,32,12,20,28,23,5
57169501,36,24,12,7,19,2,2,0,0,1,0,2,2,0,1,0,4,3,1,16,11,5,10,6,4,2,1,1,0,0,0,4,3,1
57169502,20,16,4,4,5,4,0,1,0,0,0,0,3,1,2,0,0,0,0,8,6,2,7,6,1,0,0,0,4,3,1,1,1,0
57169503,69,35,34,6,27,4,6,2,2,1,0,3,7,4,4,0,4,2,2,29,20,9,24,8,16,2,2,0,7,3,4,3,0,3
57169504,17,11,6,5,5,1,3,1,1,0,0,0,0,1,0,0,2,1,1,9,6,3,4,3,1,0,0,0,2,1,1,0,0,0
58053801,59,31,28,7,22,5,8,2,2,0,2,2,2,3,3,0,1,1,0,29,19,10,20,8,12,1,0,1,6,2,4,2,1,1
58053802,41,26,15,3,22,6,1,2,0,1,0,3,0,1,1,1,2,0,2,17,13,4,10,6,4,3,1,2,6,4,2,3,2,1
58053803,9,5,4,0,4,0,1,0,0,0,0,1,1,2,0,0,0,0,0,4,3,1,2,2,0,0,0,0,2,0,2,1,0,1
58053804,499,281,218,25,217,35,53,25,11,2,4,30,23,33,27,2,25,12,13,170,111,59,203,114,89,17,4,13,75,35,40,9,5,4
58053805,1960,1084,876,50,793,124,236,114,53,45,24,106,76,145,96,7,81,47,34,612,387,225,777,400,377,56,17,39,366,190,176,68,43,25
58053806,502,274,228,16,224,35,42,29,16,10,5,23,19,31,24,4,22,10,12,169,107,62,199,102,97,11,3,8,88,46,42,13,6,7
58056201,16,8,8,0,0,1,3,3,1,1,0,2,2,0,0,0,0,0,0,6,4,2,5,0,5,0,0,0,5,4,1,0,0,0
58056204,60,36,24,7,28,5,3,2,2,2,1,3,2,1,3,0,3,2,1,31,20,11,16,8,8,1,0,1,4,3,1,5,3,2
58014701,501,266,235,19,184,38,63,30,14,10,9,24,34,32,32,1,24,10,14,173,114,59,186,83,103,17,9,8,83,41,42,18,9,9
58014702,259,148,111,9,92,29,21,13,6,5,4,13,20,15,23,1,12,6,6,98,68,30,106,53,53,5,1,4,33,17,16,5,3,2
58014703,127,76,51,4,45,13,14,9,3,2,2,7,13,5,5,2,10,6,4,46,36,10,55,28,27,1,0,1,13,5,8,2,1,1
58057101,228,136,92,14,97,20,14,12,9,2,0,5,21,19,8,2,16,6,10,108,71,37,68,40,28,4,0,4,18,10,8,14,9,5
58058901,25,15,10,6,10,0,2,0,1,0,0,0,1,0,3,0,2,1,1,11,7,4,8,5,3,1,0,1,1,0,1,2,2,0
58058902,357,203,154,73,107,21,33,17,13,3,7,16,16,23,17,2,21,10,11,144,99,45,121,61,60,6,2,4,52,20,32,13,11,2
58061901,185,112,73,24,90,15,9,9,3,2,3,5,8,7,3,1,7,4,3,73,53,20,74,39,35,4,2,2,17,8,9,10,6,4
58062701,594,330,264,42,254,48,54,29,18,12,6,22,28,34,34,1,22,11,11,219,146,73,236,131,105,10,2,8,96,35,61,11,5,6
58063501,32,20,12,11,10,1,1,1,0,0,0,2,0,2,2,1,4,4,0,17,8,9,7,5,2,0,0,0,4,3,1,0,0,0
58063502,327,182,145,54,136,17,32,14,10,4,1,13,8,19,13,2,28,16,12,161,105,56,87,39,48,8,4,4,28,9,19,15,9,6
58064301,290,171,119,43,114,19,23,9,10,5,1,17,9,20,9,2,15,9,6,101,70,31,114,61,53,7,3,4,41,19,22,12,9,3
58065101,210,121,89,9,79,23,16,19,8,2,2,11,17,11,3,1,13,6,7,95,67,28,73,34,39,4,0,4,16,8,8,9,6,3
58065103,52,29,23,5,17,0,9,2,1,0,1,2,5,1,3,0,5,3,2,21,15,6,19,7,12,0,0,0,4,3,1,3,1,2
58066001,109,64,45,17,43,6,10,8,2,1,1,3,3,6,8,0,5,2,3,51,37,14,41,19,22,0,0,0,9,5,4,3,1,2
58066002,21,13,8,2,5,3,3,2,2,0,0,0,0,4,0,0,1,1,0,9,7,2,5,2,3,0,0,0,5,2,3,1,1,0
58067801,67,42,25,6,34,6,3,5,2,1,0,3,1,2,3,0,3,3,0,38,30,8,20,7,13,2,1,1,4,1,3,0,0,0
58068601,37,18,19,3,14,4,5,2,0,0,0,1,0,1,4,0,1,1,0,20,12,8,11,4,7,2,0,2,3,1,2,0,0,0
58068602,420,233,187,54,154,31,42,16,16,1,4,21,17,27,26,1,13,3,10,174,102,72,162,85,77,10,6,4,57,35,22,4,2,2
57192001,38,23,15,4,18,2,1,0,1,1,1,3,1,0,5,0,2,1,1,19,15,4,12,6,6,0,0,0,5,1,4,0,0,0
57192002,20,10,10,2,6,0,2,4,0,1,2,0,0,1,1,1,1,0,1,11,6,5,5,2,3,0,0,0,3,2,1,0,0,0
57192003,84,51,33,5,33,8,7,2,6,0,0,6,6,5,4,0,5,4,1,35,25,10,26,13,13,1,0,1,11,5,6,6,4,2
58071601,31,16,15,3,11,2,4,1,0,1,1,2,2,0,3,0,0,0,0,8,6,2,9,5,4,0,0,0,13,5,8,1,0,1
58071603,20,11,9,4,6,2,2,2,0,0,0,1,1,0,2,0,1,0,1,3,3,0,10,6,4,2,1,1,3,1,2,1,0,1
58071604,65,38,27,10,22,2,7,0,3,1,1,3,6,4,5,0,3,2,1,28,22,6,27,10,17,0,0,0,5,3,2,2,1,1
58071605,169,95,74,13,52,8,13,9,2,6,4,10,10,18,20,0,7,3,4,59,39,20,66,35,31,5,2,3,30,15,15,2,1,1
58071606,21,13,8,3,7,2,0,1,0,1,0,2,1,1,2,0,0,0,0,11,7,4,8,6,2,1,0,1,1,0,1,0,0,0
58071607,16,11,5,1,2,3,0,1,0,1,0,0,2,0,5,0,0,0,0,6,4,2,9,6,3,0,0,0,1,1,0,0,0,0
58072401,129,79,50,17,57,9,10,4,7,4,0,2,3,7,6,0,8,4,4,57,42,15,47,24,23,1,0,1,12,7,5,4,2,2
58073201,322,189,133,23,163,33,21,15,7,1,3,9,10,20,8,0,35,19,16,140,95,45,93,48,45,7,0,7,25,11,14,22,16,6
58074101,113,62,51,17,38,4,14,4,3,4,0,4,4,8,8,0,6,3,3,41,28,13,37,21,16,8,1,7,19,8,11,2,1,1
58075901,12,5,7,0,5,2,1,0,1,0,1,0,2,0,0,0,0,0,0,7,3,4,2,1,1,0,0,0,3,1,2,0,0,0
58075902,66,35,31,4,22,5,11,0,6,0,2,3,5,2,4,0,4,2,2,24,18,6,24,11,13,2,0,2,9,3,6,3,1,2
58075904,30,19,11,5,10,0,2,2,1,0,1,1,2,4,2,0,1,1,0,9,7,2,14,7,7,0,0,0,3,2,1,3,2,1
58075905,48,29,19,5,18,9,3,0,3,1,0,2,1,4,0,0,4,3,1,19,14,5,16,8,8,0,0,0,5,3,2,4,1,3
58076701,120,64,56,6,54,8,8,9,2,0,0,3,2,11,14,0,1,0,1,57,37,20,39,20,19,4,1,3,16,4,12,3,2,1
58077501,282,158,124,18,109,14,25,16,6,6,3,15,13,25,26,1,9,5,4,102,72,30,107,50,57,9,2,7,44,22,22,11,7,4
58078301,34,23,11,6,8,2,3,3,2,1,1,2,2,3,1,0,1,0,1,14,10,4,13,10,3,1,0,1,5,3,2,0,0,0
58080501,69,39,30,9,20,7,5,3,3,2,2,4,2,3,6,2,1,1,0,28,17,11,24,14,10,2,0,2,13,6,7,1,1,0
58080502,65,38,27,7,26,6,4,2,4,2,1,4,3,4,2,0,1,1,0,33,22,11,23,11,12,1,1,0,5,1,4,2,2,0
58082101,27,12,15,2,4,0,7,2,1,0,0,1,4,2,3,0,2,0,2,9,7,2,8,1,7,0,0,0,8,4,4,0,0,0
58082102,162,94,68,21,52,5,23,14,2,2,1,8,11,10,11,0,7,3,4,55,35,20,67,39,28,2,0,2,30,16,14,1,1,0
58083001,31,19,12,6,5,0,2,1,1,2,1,4,2,4,2,0,0,0,0,10,7,3,9,5,4,3,2,1,9,5,4,0,0,0
57554201,48,30,18,6,13,5,4,6,2,1,0,1,3,5,1,1,5,2,3,18,14,4,15,8,7,1,1,0,6,3,3,3,2,1
57554202,28,14,14,1,8,0,3,6,1,1,1,0,2,1,3,0,1,0,1,13,10,3,10,4,6,0,0,0,3,0,3,1,0,1
58084801,497,284,213,13,253,39,42,26,9,4,1,30,19,25,9,9,40,21,19,229,156,73,148,70,78,14,2,12,43,20,23,23,15,8
58084802,31,17,14,1,16,2,2,4,0,0,0,1,2,1,2,0,4,3,1,20,9,11,4,4,0,1,0,1,2,1,1,0,0,0
58084803,429,212,217,7,253,23,52,25,4,3,3,18,6,12,9,2,37,20,17,222,118,104,114,50,64,8,2,6,27,13,14,21,9,12
54790501,440,245,195,9,177,24,48,49,7,6,6,22,24,27,24,4,27,14,13,160,106,54,188,96,92,8,2,6,42,17,25,15,10,5
57220901,19,11,8,4,6,2,5,0,0,0,0,0,0,1,0,1,0,0,0,4,2,2,9,7,2,0,0,0,2,1,1,4,1,3
57220902,25,17,8,5,9,3,3,0,1,0,0,2,2,0,0,0,2,2,0,11,9,2,9,5,4,0,0,0,2,1,1,1,0,1
57220903,165,95,70,29,55,13,20,6,4,6,0,9,6,10,6,0,6,5,1,75,41,34,49,26,23,6,4,2,19,13,6,10,6,4
58087201,13,6,7,0,5,2,0,2,0,0,0,2,1,0,1,0,0,0,0,7,4,3,5,2,3,1,0,1,0,0,0,0,0,0
58087202,293,164,129,20,100,24,21,27,3,11,4,11,15,24,24,4,9,5,4,110,80,30,113,49,64,10,6,4,36,12,24,15,12,3
58088101,113,64,49,5,34,9,13,7,3,5,0,3,8,13,11,0,7,6,1,38,27,11,42,19,23,0,0,0,26,12,14,0,0,0
57439201,312,171,141,27,155,17,18,9,11,2,1,27,8,16,9,2,16,6,10,123,84,39,111,54,57,8,2,6,40,17,23,14,8,6
58090201,72,41,31,9,21,8,7,1,0,1,0,6,3,5,7,2,4,1,3,24,18,6,29,14,15,4,1,3,9,5,4,2,2,0
55524001,281,158,123,15,126,19,19,39,4,0,1,11,14,14,13,1,28,12,16,134,89,45,82,36,46,2,0,2,21,11,10,14,10,4
58092901,200,112,88,24,79,13,15,8,7,2,5,16,8,10,8,2,14,7,7,88,59,29,66,30,36,4,0,4,17,8,9,11,8,3
58094501,238,121,117,17,92,11,32,10,6,7,6,11,5,22,15,0,5,5,0,99,61,38,86,35,51,12,3,9,25,11,14,11,6,5
54796401,118,74,44,16,49,13,5,5,6,5,0,2,2,3,5,1,6,4,2,57,39,18,41,22,19,2,1,1,7,3,4,5,5,0
58096101,433,249,184,30,156,34,39,30,13,8,6,27,29,28,27,0,15,8,7,178,127,51,152,73,79,16,3,13,58,29,29,14,9,5
58097001,15,7,8,1,6,3,3,0,0,0,0,0,1,0,1,0,2,1,1,5,3,2,8,3,5,0,0,0,0,0,0,0,0,0
58097002,279,153,126,23,98,12,26,22,5,9,4,16,10,15,28,2,9,3,6,111,79,32,97,48,49,8,1,7,46,18,28,8,4,4
57230601,92,55,37,12,36,9,7,7,2,0,0,8,1,3,6,0,2,2,0,52,36,16,26,12,14,1,1,0,11,4,7,0,0,0
58098801,52,32,20,4,28,2,8,3,0,0,0,2,3,0,0,0,2,1,1,28,21,7,15,6,9,0,0,0,5,2,3,2,2,0
58099601,28,15,13,6,11,2,2,0,2,0,0,1,2,1,1,0,0,0,0,14,7,7,7,4,3,0,0,0,6,3,3,1,1,0
58099602,57,33,24,5,15,4,4,3,0,1,0,7,4,6,5,0,2,2,0,19,12,7,19,11,8,2,0,2,13,7,6,2,1,1
58100301,70,43,27,11,20,6,6,5,2,1,3,9,0,4,3,0,4,4,0,29,21,8,21,12,9,2,1,1,13,5,8,1,0,1
58101101,97,51,46,5,40,5,7,6,5,2,3,2,2,5,15,0,1,1,0,48,28,20,31,15,16,5,1,4,10,5,5,2,1,1
58070801,39,22,17,2,12,6,4,1,2,0,1,4,1,1,2,1,2,0,2,17,13,4,15,9,6,0,0,0,4,0,4,1,0,1
58070802,100,58,42,19,27,6,4,6,3,2,1,5,5,13,9,0,3,1,2,30,22,8,48,27,21,3,0,3,15,7,8,1,1,0
58103801,107,60,47,14,33,13,9,7,2,0,0,3,3,11,9,0,2,0,2,46,28,18,42,24,18,2,1,1,14,6,8,1,1,0
58104601,430,245,185,41,197,36,33,32,12,1,4,10,10,24,17,0,29,13,16,199,130,69,138,70,68,6,4,2,36,13,23,22,15,7
58105401,46,28,18,2,20,4,4,2,1,0,0,4,1,3,3,0,3,2,1,21,13,8,10,7,3,1,0,1,9,4,5,2,2,0
58105403,220,126,94,13,79,15,26,2,7,6,2,19,19,10,17,0,11,5,6,97,67,30,76,39,37,4,1,3,26,13,13,6,1,5
58106201,58,33,25,6,24,3,7,3,2,0,2,4,0,3,0,1,1,0,1,15,10,5,30,17,13,4,2,2,6,3,3,2,1,1
58106202,192,111,81,23,71,17,17,9,2,1,4,16,5,9,10,2,5,2,3,78,60,18,74,31,43,5,2,3,23,11,12,7,5,2
58106203,40,24,16,2,20,3,6,0,1,1,0,1,1,2,2,0,1,1,0,11,9,2,17,10,7,1,0,1,7,3,4,3,1,2
54792101,37,24,13,8,14,2,1,1,0,0,0,2,4,2,3,0,2,2,0,20,15,5,12,6,6,0,0,0,2,1,1,1,0,1
58107101,379,210,169,9,177,28,27,35,12,2,7,20,18,19,19,0,33,19,14,185,113,72,115,56,59,6,2,4,18,7,11,22,13,9
57586101,81,44,37,7,41,2,6,8,2,0,2,4,2,2,4,1,6,3,3,37,26,11,24,8,16,1,0,1,4,3,1,9,4,5
58108901,59,31,28,9,23,3,8,4,0,1,0,1,3,4,2,0,1,0,1,19,11,8,31,15,16,2,1,1,5,3,2,1,1,0
58108902,9,5,4,3,0,0,3,1,0,1,0,0,0,1,0,0,0,0,0,2,2,0,4,2,2,0,0,0,2,1,1,1,0,1
58108903,91,53,38,5,40,11,9,6,1,2,0,2,7,6,2,0,2,1,1,46,28,18,30,18,12,5,1,4,4,2,2,4,3,1
1753740,0,0,0,0,0,0,0,0,0,0,0,0,0,0,0,0,0,0,0,0,0,0,0,0,0,0,0,0,0,0,0,0,0,0
1753910,0,0,0,0,0,0,0,0,0,0,0,0,0,0,0,0,0,0,0,0,0,0,0,0,0,0,0,0,0,0,0,0,0,0
3038870,0,0,0,0,0,0,0,0,0,0,0,0,0,0,0,0,0,0,0,0,0,0,0,0,0,0,0,0,0,0,0,0,0,0
57989101,129,75,54,1,46,11,11,7,3,0,2,8,7,10,15,2,7,5,2,47,30,17,50,28,22,4,0,4,14,6,8,7,6,1
57989102,28,19,9,2,10,3,1,2,0,0,0,3,1,2,3,0,2,1,1,13,11,2,7,4,3,0,0,0,6,3,3,0,0,0
57989103,27,17,10,1,10,1,3,5,1,0,0,0,0,0,4,0,10,6,4,9,7,2,7,4,3,1,0,1,0,0,0,0,0,0
57989104,176,99,77,16,45,10,17,19,4,4,3,14,10,15,10,0,5,4,1,69,43,26,74,38,36,3,1,2,21,11,10,4,2,2
57989106,457,244,213,4,143,19,55,17,12,8,8,38,32,37,62,2,12,9,3,110,69,41,183,89,94,10,3,7,126,62,64,16,12,4
57989107,13,7,6,0,2,2,2,0,0,0,0,1,2,0,4,0,0,0,0,3,1,2,4,3,1,0,0,0,6,3,3,0,0,0
57989108,1192,646,546,17,427,72,112,112,37,23,17,67,72,91,103,3,67,31,36,378,252,126,459,210,249,47,28,19,198,99,99,43,26,17
57989110,405,213,192,13,153,28,40,28,9,3,4,23,20,34,35,2,23,13,10,174,98,76,126,61,65,9,3,6,57,29,28,16,9,7
57989111,58,29,29,2,17,2,6,6,3,2,1,2,4,10,3,0,7,3,4,14,11,3,25,9,16,2,0,2,10,6,4,0,0,0
57989112,46,22,24,0,18,3,7,0,2,0,0,2,3,7,2,1,6,2,4,12,7,5,10,6,4,1,1,0,15,6,9,2,0,2
57989113,27,14,13,3,4,1,5,0,0,1,1,1,2,4,3,0,2,2,0,9,5,4,8,3,5,0,0,0,8,4,4,0,0,0
57989114,105,54,51,2,32,4,5,6,6,2,3,10,18,9,4,2,1,0,1,20,8,12,43,26,17,5,1,4,36,19,17,0,0,0
57989115,778,428,350,10,237,55,94,29,19,20,13,69,55,70,80,1,34,16,18,182,113,69,283,153,130,27,11,16,203,100,103,49,35,14
57989116,485,259,226,4,132,21,51,31,11,14,10,34,30,45,79,1,10,7,3,106,70,36,200,100,100,14,3,11,147,73,74,8,6,2
57989118,1913,964,949,21,593,102,228,82,42,39,32,154,138,153,258,9,111,50,61,522,307,215,764,350,414,47,19,28,422,207,215,47,31,16
57989119,342,210,132,6,119,24,47,13,19,3,3,30,18,19,15,7,38,23,15,102,69,33,91,52,39,6,2,4,53,25,28,52,39,13
57989120,814,437,377,3,284,47,96,53,22,18,14,60,62,53,71,6,60,32,28,276,165,111,280,134,146,24,13,11,141,69,72,33,24,9
57989122,25,14,11,4,5,2,1,1,2,0,0,3,1,1,4,0,2,1,1,7,3,4,6,2,4,0,0,0,8,6,2,2,2,0
58110101,16,9,7,2,5,2,1,1,1,0,0,2,0,0,1,0,2,1,1,12,8,4,2,0,2,0,0,0,0,0,0,0,0,0
58110102,118,70,48,20,41,9,14,4,1,3,2,3,4,9,6,0,6,4,2,50,37,13,30,14,16,6,2,4,19,10,9,7,3,4
58111901,353,196,157,20,164,18,28,30,5,4,3,20,18,19,17,3,15,6,9,146,98,48,132,66,66,12,1,11,36,17,19,12,8,4
57248901,55,27,28,8,24,1,7,1,0,0,0,3,2,6,3,0,2,1,1,23,14,9,20,10,10,2,0,2,5,1,4,3,1,2
58114301,57,35,22,14,25,3,1,5,1,0,0,0,1,2,3,0,1,1,0,30,18,12,18,10,8,1,0,1,7,6,1,0,0,0
58114302,119,67,52,24,37,14,8,4,0,2,0,9,7,4,9,0,3,3,0,55,40,15,40,14,26,3,2,1,17,8,9,1,0,1
58115101,68,40,28,5,24,10,5,3,2,1,2,3,3,2,7,0,3,2,1,28,17,11,21,12,9,3,2,1,9,3,6,4,4,0
58115102,32,17,15,1,16,0,2,0,1,1,0,4,0,4,2,0,1,0,1,11,5,6,13,7,6,2,1,1,3,2,1,2,2,0
58115103,267,147,120,12,121,16,23,8,6,3,2,19,14,21,17,1,25,9,16,89,57,32,99,51,48,5,4,1,46,24,22,3,2,1
54802201,43,23,20,5,12,6,1,3,1,0,0,6,3,4,1,0,0,0,0,15,10,5,13,7,6,1,0,1,9,3,6,5,3,2
54802202,36,22,14,3,12,7,3,0,1,0,0,2,0,1,2,1,2,1,1,16,13,3,11,5,6,0,0,0,4,1,3,3,2,1
0673930,0,0,0,0,0,0,0,0,0,0,0,0,0,0,0,0,0,0,0,0,0,0,0,0,0,0,0,0,0,0,0,0,0,0
58117801,43,22,21,0,20,2,3,4,1,0,0,2,3,7,0,0,1,0,1,16,13,3,11,6,5,1,0,1,12,2,10,2,1,1
58117803,421,240,181,33,205,30,41,22,7,6,5,21,11,18,11,3,20,11,9,200,132,68,141,70,71,8,1,7,36,18,18,16,8,8
1882710,0,0,0,0,0,0,0,0,0,0,0,0,0,0,0,0,0,0,0,0,0,0,0,0,0,0,0,0,0,0,0,0,0,0
1882980,0,0,0,0,0,0,0,0,0,0,0,0,0,0,0,0,0,0,0,0,0,0,0,0,0,0,0,0,0,0,0,0,0,0
3038950,0,0,0,0,0,0,0,0,0,0,0,0,0,0,0,0,0,0,0,0,0,0,0,0,0,0,0,0,0,0,0,0,0,0
58118601,40,27,13,4,17,4,3,2,0,1,0,2,1,2,3,0,0,0,0,22,16,6,7,5,2,2,0,2,9,6,3,0,0,0
58118602,87,57,30,7,48,9,4,2,1,0,0,4,2,1,7,0,4,3,1,54,39,15,18,10,8,1,0,1,6,2,4,4,3,1
58118603,24,15,9,0,12,0,2,0,0,0,1,3,5,1,0,0,0,0,0,8,6,2,9,4,5,3,3,0,4,2,2,0,0,0
58118604,55,33,22,7,19,8,4,2,1,3,0,1,4,6,0,0,0,0,0,25,20,5,19,8,11,0,0,0,10,5,5,1,0,1
58118605,45,26,19,10,14,2,4,1,0,1,0,6,0,5,1,0,3,1,2,30,19,11,8,4,4,2,1,1,1,1,0,1,0,1
58118606,58,32,26,2,29,2,10,0,1,1,0,2,3,1,7,0,4,1,3,27,16,11,15,5,10,0,0,0,9,7,2,3,3,0
58118607,74,44,30,1,26,9,6,3,4,3,1,7,2,7,2,1,7,4,3,18,11,7,27,16,11,3,1,2,11,5,6,8,7,1
58118608,30,23,7,0,17,0,2,1,2,0,0,3,0,0,1,3,2,1,1,14,10,4,3,3,0,3,3,0,3,1,2,5,5,0
58118609,143,77,66,3,56,9,20,4,3,6,3,10,2,11,13,1,6,4,2,30,22,8,64,28,36,1,1,0,41,21,20,1,1,0
58118610,87,47,40,2,42,7,10,1,4,1,1,4,3,6,2,0,3,2,1,25,16,9,33,18,15,4,3,1,16,5,11,6,3,3
58118612,511,289,222,11,188,33,47,21,7,26,11,38,26,44,42,2,16,8,8,129,88,41,201,105,96,14,5,9,133,71,62,18,12,6
58118613,1052,565,487,11,443,58,117,39,26,27,10,77,44,87,79,10,39,21,18,293,184,109,414,195,219,25,10,15,227,112,115,54,43,11
58118614,1174,630,544,18,584,47,122,54,30,19,10,70,29,68,83,9,61,28,33,469,275,194,427,219,208,40,9,31,107,54,53,70,45,25
58118615,29,16,13,0,10,0,5,2,1,0,1,2,0,5,0,1,1,0,1,6,5,1,16,8,8,0,0,0,5,2,3,1,1,0
58118616,724,371,353,14,297,46,82,32,25,14,11,53,29,53,50,2,32,17,15,204,110,94,270,130,140,24,9,15,154,83,71,40,22,18
58118617,21,12,9,2,2,3,5,4,1,0,0,1,0,1,1,0,1,1,0,3,3,0,16,8,8,0,0,0,1,0,1,0,0,0
58118618,121,70,51,2,41,13,12,3,1,5,2,12,7,14,6,0,2,1,1,27,20,7,50,26,24,1,0,1,38,21,17,3,2,1
58118619,59,34,25,2,24,4,6,1,1,0,0,12,6,0,1,2,31,18,13,9,6,3,4,2,2,0,0,0,0,0,0,15,8,7
58118620,421,247,174,13,132,32,67,16,28,9,6,40,11,22,20,7,26,17,9,114,69,45,139,69,70,10,2,8,72,41,31,60,49,11
58118621,506,275,231,9,223,26,48,22,11,12,9,36,12,41,42,5,16,9,7,162,98,64,188,91,97,9,2,7,110,61,49,21,14,7
58118623,11,4,7,1,2,1,2,0,1,0,0,1,1,1,0,1,0,0,0,5,2,3,5,2,3,1,0,1,0,0,0,0,0,0
58118625,34,23,11,0,11,5,5,3,0,0,2,4,0,2,0,0,2,2,0,11,5,6,14,11,3,1,1,0,3,2,1,3,2,1
58118626,849,476,373,16,378,40,74,38,19,15,16,68,25,58,73,7,49,23,26,320,196,124,283,143,140,22,9,13,131,70,61,44,35,9
58119401,23,13,10,4,11,0,2,0,0,0,0,0,1,3,2,0,0,0,0,13,8,5,4,2,2,1,0,1,4,2,2,1,1,0
58119402,21,14,7,4,7,2,2,1,1,0,0,0,1,0,0,1,1,0,1,13,12,1,4,0,4,0,0,0,2,1,1,1,1,0
58120801,78,48,30,8,35,4,3,12,2,1,0,1,4,5,3,0,0,0,0,42,27,15,25,19,6,2,0,2,9,2,7,0,0,0
58120802,75,45,30,2,45,2,2,7,2,0,1,6,0,2,4,0,22,16,6,17,11,6,20,8,12,3,1,2,3,1,2,10,8,2
58120803,10,4,6,0,2,0,2,1,1,0,0,1,0,0,2,0,2,2,0,6,1,5,2,1,1,0,0,0,0,0,0,0,0,0
58120804,208,121,87,11,93,15,21,9,4,3,2,9,12,13,11,1,10,6,4,88,63,25,72,33,39,3,0,3,26,12,14,9,7,2
58121601,28,17,11,4,12,2,2,3,1,0,0,0,2,1,0,0,2,0,2,12,11,1,7,2,5,0,0,0,1,0,1,6,4,2
58121602,95,51,44,13,36,9,12,5,4,1,2,2,2,5,3,0,5,4,1,35,21,14,31,13,18,2,0,2,16,8,8,6,5,1
58122401,18,8,10,0,10,2,0,2,0,0,0,0,0,1,3,0,3,0,3,9,5,4,6,3,3,0,0,0,0,0,0,0,0,0
58122402,27,16,11,2,17,1,3,0,1,0,0,1,1,0,0,1,3,2,1,12,7,5,7,4,3,0,0,0,2,1,1,3,2,1
58122403,104,62,42,1,46,4,4,11,5,4,1,6,8,6,3,1,0,0,0,42,29,13,43,23,20,0,0,0,15,6,9,4,4,0
58122404,43,25,18,2,19,2,2,3,0,0,0,2,5,2,4,1,2,1,1,21,15,6,14,6,8,1,0,1,4,3,1,1,0,1
58122405,196,108,88,3,71,11,22,11,5,2,4,12,18,12,16,0,8,4,4,75,44,31,64,33,31,2,0,2,37,20,17,10,7,3
58123201,105,57,48,14,41,9,4,9,3,3,1,3,3,4,11,0,0,0,0,39,25,14,37,20,17,3,1,2,22,8,14,4,3,1
58125901,1123,590,533,34,399,70,121,68,36,10,19,80,62,92,98,7,29,15,14,369,221,148,469,229,240,27,6,21,193,96,97,36,23,13
58125902,366,214,152,17,94,32,56,15,18,3,8,36,17,25,32,3,20,14,6,137,94,43,122,53,69,8,7,1,56,29,27,23,17,6
58125903,82,47,35,8,21,3,7,8,2,1,1,4,0,10,12,2,0,0,0,21,11,10,32,22,10,2,2,0,20,9,11,7,3,4
58125904,40,24,16,5,12,2,6,1,0,0,1,4,1,2,4,1,8,4,4,14,6,8,12,9,3,0,0,0,3,3,0,3,2,1
58125905,229,132,97,9,69,18,37,11,11,5,4,6,14,18,16,3,13,6,7,84,60,24,80,37,43,9,4,5,33,18,15,10,7,3
58125906,393,223,170,12,128,25,47,21,12,5,9,21,19,24,46,2,18,7,11,120,78,42,133,75,58,12,4,8,93,49,44,17,10,7
58125907,17,9,8,5,4,0,2,1,3,0,0,1,1,0,0,0,0,0,0,5,2,3,6,3,3,0,0,0,5,4,1,1,0,1
58125909,55,38,17,2,18,4,4,4,2,1,2,3,5,3,5,0,0,0,0,20,15,5,16,13,3,2,2,0,17,8,9,0,0,0
58125910,648,337,311,16,201,47,86,35,25,9,7,33,36,64,59,1,40,20,20,194,119,75,252,129,123,15,8,7,124,46,78,23,15,8
58126701,18,12,6,2,4,3,2,1,0,0,0,2,0,1,2,0,0,0,0,13,10,3,3,0,3,0,0,0,1,1,0,1,1,0
58126702,92,52,40,8,34,3,2,2,1,1,0,5,6,7,17,0,1,0,1,31,20,11,34,16,18,1,1,0,19,11,8,6,4,2
58127501,479,262,217,47,203,22,45,22,8,5,4,34,27,33,15,3,20,9,11,206,133,73,155,75,80,14,3,11,72,35,37,12,7,5
54619401,68,40,28,19,22,3,2,4,1,0,2,4,2,4,4,0,1,1,0,32,22,10,24,12,12,2,0,2,8,5,3,1,0,1
54826001,88,51,37,7,41,8,11,2,1,0,0,5,3,2,6,1,5,3,2,44,30,14,24,12,12,3,0,3,10,5,5,2,1,1
57356601,82,49,33,5,32,6,4,8,1,2,0,6,7,5,4,0,0,0,0,27,22,5,37,18,19,3,1,2,11,5,6,4,3,1
57356602,19,10,9,2,6,1,1,1,0,0,0,2,0,3,3,0,1,0,1,7,4,3,7,4,3,2,1,1,2,1,1,0,0,0
54843001,95,52,43,5,32,6,12,6,2,2,0,5,4,8,9,0,3,1,2,36,20,16,35,22,13,2,1,1,15,6,9,4,2,2
56845701,88,58,30,22,21,9,9,5,3,1,1,3,4,2,5,1,1,0,1,39,30,9,31,18,13,5,3,2,10,6,4,2,1,1
56845702,25,16,9,3,14,1,1,0,2,0,0,0,1,1,2,0,0,0,0,12,8,4,4,3,1,1,0,1,5,3,2,3,2,1
56845703,32,19,13,3,5,6,3,4,0,0,0,3,3,1,2,0,0,0,0,10,5,5,11,8,3,0,0,0,8,3,5,3,3,0
57355802,30,17,13,5,5,4,3,0,2,0,0,5,0,1,5,0,0,0,0,8,6,2,13,5,8,3,1,2,4,3,1,2,2,0
56846501,21,11,10,5,6,3,0,2,0,0,0,2,2,1,0,0,3,2,1,5,3,2,12,6,6,0,0,0,1,0,1,0,0,0
56846502,39,23,16,6,15,3,3,2,2,0,1,3,0,3,1,0,1,1,0,20,12,8,12,7,5,2,0,2,3,2,1,1,1,0
54827801,70,38,32,3,26,4,9,2,2,1,3,2,6,2,7,2,0,0,0,24,15,9,30,17,13,3,1,2,13,5,8,0,0,0
56849001,74,44,30,10,25,4,6,5,2,1,1,6,2,5,2,1,2,1,1,35,25,10,24,12,12,0,0,0,10,5,5,3,1,2
54837501,36,17,19,3,15,3,4,0,0,1,0,1,0,3,3,0,2,1,1,19,10,9,9,4,5,3,0,3,1,1,0,2,1,1
56850301,32,18,14,5,8,0,3,3,0,1,1,1,2,8,0,0,0,0,0,10,6,4,11,10,1,3,0,3,8,2,6,0,0,0
56850302,510,289,221,62,156,30,61,33,4,8,10,22,36,21,55,4,20,11,9,166,109,57,203,117,86,23,11,12,79,29,50,19,12,7
56852001,77,43,34,15,25,10,2,4,0,1,0,5,3,5,3,1,3,0,3,34,25,9,28,11,17,2,1,1,8,4,4,2,2,0
56852002,20,13,7,5,5,1,3,0,1,0,0,2,1,0,2,0,1,1,0,6,6,0,12,6,6,0,0,0,1,0,1,0,0,0
56852003,17,13,4,8,3,1,0,0,0,0,0,3,0,0,2,0,0,0,0,13,12,1,3,0,3,0,0,0,1,1,0,0,0,0
56852004,38,22,16,8,15,3,1,1,0,0,1,1,2,3,3,0,1,0,1,18,13,5,14,7,7,0,0,0,5,2,3,0,0,0
56852005,14,11,3,4,5,1,1,0,0,0,0,1,1,1,0,0,0,0,0,3,3,0,9,6,3,0,0,0,2,2,0,0,0,0
56853801,215,116,99,18,101,9,14,12,2,0,2,20,11,6,14,6,12,5,7,100,64,36,75,32,43,3,1,2,15,10,5,10,4,6
56859701,199,115,84,18,56,26,15,10,2,4,2,11,12,13,28,0,7,4,3,80,57,23,71,38,33,6,1,5,27,9,18,8,6,2
56859702,15,7,8,0,6,0,2,0,0,0,1,2,1,1,1,0,0,0,0,8,6,2,4,1,3,1,0,1,0,0,0,2,0,2
56860101,358,207,151,34,133,24,27,18,8,6,5,17,29,27,22,1,14,9,5,145,93,52,129,72,57,9,5,4,50,20,30,11,8,3
56860103,20,14,6,2,6,2,2,1,2,1,0,1,0,0,2,0,1,1,0,5,4,1,8,7,1,0,0,0,6,2,4,0,0,0
56860104,19,11,8,4,5,3,2,0,1,0,0,0,1,1,1,1,0,0,0,9,7,2,5,3,2,0,0,0,5,1,4,0,0,0
56860105,27,14,13,4,10,2,1,1,1,1,0,2,2,1,0,0,1,1,0,14,9,5,7,2,5,1,1,0,4,1,3,0,0,0
54844801,40,23,17,4,8,4,8,4,0,1,2,3,0,3,1,0,3,2,1,23,14,9,9,5,4,1,1,0,4,1,3,0,0,0
56861901,97,52,45,8,39,8,9,4,3,0,1,3,5,9,5,1,2,1,1,34,22,12,41,23,18,3,1,2,16,4,12,1,1,0
56863502,1134,630,504,78,405,56,135,74,31,15,11,58,95,64,71,12,58,31,27,400,255,145,403,207,196,55,19,36,162,78,84,56,40,16
56863504,32,16,16,3,10,0,4,6,2,0,1,2,0,1,3,0,2,1,1,11,7,4,12,5,7,1,0,1,6,3,3,0,0,0
56863505,25,14,11,2,11,0,1,1,2,1,1,0,3,2,0,0,1,0,1,9,7,2,10,4,6,0,0,0,4,2,2,1,1,0
56863507,27,15,12,5,9,0,4,0,0,0,0,0,1,3,4,0,1,1,0,9,6,3,8,5,3,1,0,1,8,3,5,0,0,0
56863508,9,6,3,1,3,0,1,0,0,0,0,0,0,0,2,0,0,0,0,3,3,0,4,2,2,0,0,0,1,0,1,1,1,0
56863509,34,21,13,7,6,3,3,1,2,0,0,1,1,4,4,1,3,2,1,8,6,2,13,7,6,1,0,1,5,3,2,4,3,1
56863510,25,14,11,8,5,2,0,0,1,0,0,1,2,0,2,1,2,1,1,10,7,3,6,3,3,0,0,0,3,1,2,4,2,2
56865101,8,6,2,4,3,0,0,0,0,0,0,0,0,0,0,0,1,1,0,4,3,1,3,2,1,0,0,0,0,0,0,0,0,0
56865102,58,36,22,19,9,3,3,0,5,2,2,4,1,1,7,0,4,4,0,24,16,8,24,13,11,1,0,1,4,2,2,1,1,0
56865103,42,26,16,7,14,3,7,1,0,0,0,4,1,0,4,0,3,1,2,26,18,8,7,4,3,0,0,0,6,3,3,0,0,0
56865104,489,278,211,80,141,38,44,32,15,8,2,25,39,34,22,5,23,12,11,192,118,74,189,104,85,9,4,5,60,30,30,16,10,6
56866001,436,244,192,75,159,30,25,20,10,8,4,17,22,34,15,4,18,8,10,187,119,68,151,86,65,12,2,10,62,24,38,6,5,1
56866002,26,17,9,5,9,3,0,1,1,0,0,2,1,4,0,0,1,1,0,9,6,3,10,8,2,0,0,0,5,1,4,1,1,0
56866003,6,4,2,1,2,0,0,0,0,1,0,1,0,0,1,0,0,0,0,4,2,2,2,2,0,0,0,0,0,0,0,0,0,0
56841401,37,20,17,9,10,2,2,7,2,0,0,2,2,0,0,0,0,0,0,19,11,8,14,7,7,1,0,1,3,2,1,0,0,0
56841402,25,12,13,6,5,2,2,2,0,0,0,0,1,2,4,0,0,0,0,7,5,2,12,5,7,1,0,1,5,2,3,0,0,0
56841403,203,114,89,14,58,21,25,14,3,3,5,10,14,9,20,1,6,5,1,67,44,23,77,35,42,8,3,5,34,19,15,11,8,3
56841404,48,28,20,4,12,3,3,3,3,2,0,2,6,1,5,0,0,0,0,20,14,6,20,10,10,1,1,0,6,3,3,1,0,1
56841405,211,115,96,8,82,15,18,17,7,0,3,13,9,7,27,1,12,7,5,87,54,33,65,28,37,4,2,2,37,21,16,6,3,3
56841406,12,8,4,6,4,1,0,0,0,0,0,0,0,0,0,0,0,0,0,5,2,3,6,5,1,0,0,0,1,1,0,0,0,0
56841407,36,23,13,2,9,2,5,1,0,0,0,4,7,1,5,0,1,1,0,11,7,4,16,9,7,0,0,0,8,6,2,0,0,0
56841409,63,33,30,1,14,6,6,6,0,2,2,4,5,5,7,0,0,0,0,23,18,5,19,6,13,2,0,2,13,4,9,6,5,1
56841410,35,20,15,6,7,6,1,3,0,0,0,3,2,0,6,1,5,4,1,11,9,2,9,3,6,2,1,1,8,3,5,0,0,0
56841411,46,27,19,0,15,2,4,2,1,1,0,2,3,5,10,0,0,0,0,13,11,2,22,12,10,2,1,1,8,3,5,1,0,1
56841412,111,64,47,3,25,12,12,10,0,1,3,8,11,7,11,1,3,1,2,34,25,9,46,30,16,3,0,3,24,8,16,1,0,1
56841413,32,19,13,3,7,5,1,1,0,0,1,2,2,4,4,1,1,1,0,9,7,2,16,8,8,0,0,0,6,3,3,0,0,0
56841414,67,39,28,5,22,8,4,3,0,0,1,6,5,6,5,1,2,2,0,24,19,5,28,16,12,3,1,2,10,1,9,0,0,0
56841415,121,64,57,8,44,3,16,13,4,3,1,6,7,2,10,1,5,1,4,45,28,17,54,27,27,3,0,3,10,5,5,4,3,1
56841416,30,19,11,2,16,0,3,4,0,0,0,2,0,2,0,0,1,1,0,13,9,4,10,5,5,0,0,0,5,3,2,1,1,0
56841417,157,80,77,4,33,16,11,12,5,4,3,16,9,13,19,0,3,1,2,52,32,20,67,26,41,5,3,2,28,17,11,2,1,1
56841418,121,65,56,7,28,20,9,4,1,3,1,9,10,12,14,0,10,6,4,32,17,15,45,25,20,7,2,5,23,12,11,4,3,1
56841419,205,109,96,6,57,17,19,21,9,2,2,16,15,11,25,0,13,4,9,67,45,22,88,42,46,7,2,5,26,14,12,4,2,2
56841420,834,468,366,17,227,45,88,54,32,15,20,60,57,48,116,20,50,31,19,224,149,75,294,142,152,29,11,18,153,75,78,84,60,24
56841421,162,91,71,4,41,10,21,16,1,2,4,15,11,12,18,2,4,3,1,47,27,20,79,46,33,5,3,2,27,12,15,0,0,0
56841423,587,304,283,14,142,38,44,31,16,15,15,34,55,47,111,4,13,3,10,111,69,42,216,112,104,29,12,17,201,98,103,17,10,7
56841424,861,435,426,14,278,50,101,56,28,19,10,50,64,58,103,13,58,27,31,254,133,121,345,179,166,26,12,14,135,58,77,43,26,17
56841425,1290,689,601,38,327,87,168,62,29,28,28,114,121,114,140,10,42,25,17,276,165,111,520,270,250,38,18,20,384,197,187,30,14,16
56841426,578,295,283,21,178,37,41,31,23,15,9,30,37,39,103,5,28,17,11,165,98,67,231,113,118,16,8,8,112,42,70,26,17,9
56841429,763,404,359,16,182,58,67,31,23,27,16,61,42,60,137,8,37,20,17,193,128,65,288,138,150,27,7,20,199,100,99,19,11,8
56841430,185,93,92,6,55,11,16,9,9,5,0,16,16,9,26,1,9,3,6,52,31,21,73,37,36,4,2,2,39,14,25,8,6,2
56841431,38,18,20,1,5,5,2,2,0,2,1,6,8,1,5,0,3,1,2,8,7,1,13,5,8,1,0,1,11,4,7,2,1,1
56841432,550,291,259,18,123,39,72,26,16,10,14,28,46,41,98,2,14,5,9,142,95,47,239,114,125,20,7,13,129,67,62,6,3,3
56841433,74,39,35,2,14,6,0,1,0,1,0,6,1,3,37,2,10,6,4,11,8,3,18,6,12,3,1,2,26,13,13,6,5,1
56841434,710,370,340,16,222,50,70,47,22,17,9,61,41,39,89,4,46,19,27,197,107,90,263,143,120,26,7,19,139,66,73,39,28,11
56841435,449,227,222,14,104,25,42,15,7,12,8,38,54,37,76,3,12,6,6,98,59,39,185,96,89,22,6,16,121,54,67,11,6,5
56841436,94,56,38,3,32,4,10,8,1,2,0,4,7,8,14,0,1,0,1,40,31,9,29,13,16,2,2,0,19,9,10,3,1,2
56841437,449,244,205,10,154,25,42,13,8,7,10,62,41,16,49,3,24,13,11,116,69,47,161,84,77,9,2,7,106,52,54,33,24,9
56841438,414,224,190,10,116,37,41,17,11,9,4,38,38,27,45,6,18,7,11,103,63,40,158,84,74,15,4,11,106,56,50,14,10,4
56841439,1181,619,562,17,335,48,106,81,30,18,20,85,113,87,200,11,62,29,33,305,182,123,467,248,219,40,16,24,269,122,147,38,22,16
56841440,470,248,222,13,141,23,46,34,18,10,9,27,37,23,74,3,24,13,11,154,88,66,185,95,90,18,8,10,69,33,36,20,11,9
56841441,166,108,58,15,62,15,16,7,4,1,0,14,2,9,15,3,21,16,5,68,45,23,52,31,21,3,1,2,16,11,5,6,4,2
56841442,216,113,103,2,99,16,20,10,4,2,6,26,7,9,10,1,13,6,7,69,38,31,84,42,42,6,2,4,39,21,18,5,4,1
56841443,57,31,26,4,17,6,5,3,1,3,1,4,4,4,4,1,2,2,0,22,12,10,20,11,9,0,0,0,9,4,5,4,2,2
56867801,305,171,134,23,97,33,21,24,15,0,5,14,26,10,21,3,9,5,4,128,90,38,110,54,56,10,2,8,38,14,24,10,6,4
56867802,22,11,11,3,5,1,4,0,1,2,0,1,1,2,2,0,0,0,0,8,7,1,8,1,7,0,0,0,6,3,3,0,0,0
56867803,31,21,10,7,7,3,3,3,1,0,0,0,2,1,4,0,0,0,0,13,10,3,15,10,5,1,1,0,2,0,2,0,0,0
56867804,67,34,33,2,22,7,13,9,4,0,0,2,2,2,1,0,3,1,2,33,19,14,22,10,12,0,0,0,5,2,3,4,2,2
56867805,10,4,6,0,6,0,0,0,2,0,0,0,2,0,0,0,0,0,0,2,0,2,8,4,4,0,0,0,0,0,0,0,0,0
56867806,51,26,25,1,20,9,5,5,1,1,0,2,4,2,1,0,4,2,2,22,12,10,19,7,12,0,0,0,2,1,1,4,4,0
56867807,41,24,17,7,16,2,0,1,5,1,0,4,1,1,3,0,1,1,0,14,11,3,20,11,9,2,0,2,4,1,3,0,0,0
56867808,37,22,15,4,11,2,6,3,3,1,0,1,1,0,3,0,1,0,1,21,13,8,7,5,2,2,1,1,5,2,3,1,1,0
54859602,19,9,10,2,5,2,3,1,0,1,1,0,1,2,1,0,2,1,1,7,4,3,6,3,3,0,0,0,3,1,2,1,0,1
0400700,0,0,0,0,0,0,0,0,0,0,0,0,0,0,0,0,0,0,0,0,0,0,0,0,0,0,0,0,0,0,0,0,0,0
56869401,6,3,3,0,1,0,3,0,0,0,0,2,0,0,0,0,0,0,0,2,1,1,3,1,2,0,0,0,1,1,0,0,0,0
56869402,196,114,82,22,61,12,20,19,7,4,3,8,8,11,10,2,7,1,6,83,63,20,69,36,33,7,2,5,27,10,17,3,2,1
56869403,44,30,14,11,10,11,2,3,2,1,1,0,0,1,2,0,5,3,2,25,20,5,12,6,6,0,0,0,1,0,1,1,1,0
56869404,32,18,14,9,7,2,3,3,3,0,0,0,1,1,2,1,1,0,1,14,9,5,13,9,4,1,0,1,3,0,3,0,0,0
56869406,39,25,14,7,5,3,6,2,3,1,2,3,2,3,0,2,1,0,1,11,10,1,21,10,11,0,0,0,5,4,1,1,1,0
0431502,0,0,0,0,0,0,0,0,0,0,0,0,0,0,0,0,0,0,0,0,0,0,0,0,0,0,0,0,0,0,0,0,0,0
56870801,234,138,96,33,58,25,25,11,2,4,3,9,12,19,27,0,5,2,3,86,57,29,75,42,33,10,6,4,53,27,26,5,4,1
56870803,26,14,12,5,6,4,0,0,1,0,0,2,1,2,5,0,1,0,1,8,7,1,6,3,3,1,0,1,9,3,6,1,1,0
56870804,25,16,9,5,4,3,2,0,0,0,0,1,3,1,5,0,0,0,0,12,6,6,7,5,2,2,1,1,4,4,0,0,0,0
54824301,31,23,8,6,9,1,4,1,2,1,0,1,3,2,0,0,1,1,0,15,12,3,6,4,2,0,0,0,8,5,3,1,1,0
56872401,11,6,5,2,1,1,2,0,0,1,0,0,0,3,1,0,0,0,0,1,1,0,5,3,2,1,0,1,4,2,2,0,0,0
56872402,87,52,35,3,27,14,13,4,0,1,1,5,2,7,10,0,3,0,3,30,22,8,30,17,13,3,1,2,16,7,9,5,5,0
56872403,22,13,9,2,5,4,2,2,0,1,0,0,1,1,2,2,0,0,0,11,8,3,7,3,4,0,0,0,1,1,0,3,1,2
53064601,127,68,59,8,28,12,16,6,2,1,4,6,11,8,17,0,7,5,2,50,28,22,48,28,20,6,1,5,13,4,9,3,2,1
0529140,0,0,0,0,0,0,0,0,0,0,0,0,0,0,0,0,0,0,0,0,0,0,0,0,0,0,0,0,0,0,0,0,0,0
1359842,0,0,0,0,0,0,0,0,0,0,0,0,0,0,0,0,0,0,0,0,0,0,0,0,0,0,0,0,0,0,0,0,0,0
56875901,119,72,47,9,51,7,9,6,5,3,0,5,6,5,10,2,5,2,3,56,38,18,37,20,17,2,1,1,18,11,7,1,0,1
56875902,31,15,16,4,13,4,3,1,2,0,0,2,0,0,0,1,2,0,2,18,10,8,9,5,4,0,0,0,1,0,1,1,0,1
56875904,50,30,20,4,14,3,5,8,1,1,0,1,4,5,4,0,2,1,1,18,12,6,19,13,6,1,0,1,9,3,6,1,1,0
56875905,64,36,28,11,21,4,4,6,3,0,0,7,1,3,2,0,0,0,0,34,23,11,21,10,11,1,0,1,7,3,4,1,0,1
56875906,36,23,13,6,14,4,2,2,1,0,1,0,1,1,2,1,2,0,2,14,11,3,16,10,6,0,0,0,2,0,2,2,2,0
56875907,45,24,21,2,17,1,5,3,0,0,0,3,7,5,1,0,1,1,0,21,9,12,15,9,6,1,0,1,5,3,2,2,2,0
56875908,77,41,36,9,36,3,8,5,0,0,0,3,2,5,3,0,1,1,0,29,19,10,34,16,18,5,0,5,6,4,2,2,1,1
56875909,14,9,5,1,10,0,2,0,0,0,0,0,0,0,0,1,0,0,0,7,3,4,5,4,1,0,0,0,2,2,0,0,0,0
56875910,46,25,21,10,21,2,3,0,0,1,1,1,1,4,1,1,0,0,0,24,16,8,16,6,10,0,0,0,5,3,2,1,0,1
56875911,137,86,51,20,56,9,10,3,2,5,0,8,5,8,9,0,6,4,2,55,38,17,46,31,15,2,0,2,23,9,14,5,4,1
56875912,300,160,140,11,112,13,29,12,11,8,2,20,19,30,23,4,6,4,2,107,59,48,99,55,44,15,6,9,65,32,33,8,4,4
56875913,203,115,88,11,69,10,23,6,3,2,5,17,15,18,16,2,6,3,3,54,40,14,90,46,44,10,4,6,42,21,21,1,1,0
56875914,381,202,179,16,166,22,40,13,11,7,3,20,13,34,23,0,7,2,5,119,72,47,160,86,74,13,4,9,72,34,38,10,4,6
56875916,21,14,7,3,7,0,2,4,0,1,0,3,0,0,1,0,1,1,0,8,5,3,9,6,3,0,0,0,1,1,0,2,1,1
56875917,287,164,123,10,109,13,28,7,6,5,7,24,9,31,18,5,5,2,3,84,56,28,99,58,41,7,1,6,87,44,43,5,3,2
56875918,124,68,56,7,48,10,13,3,1,1,3,13,8,7,4,0,3,3,0,25,18,7,53,27,26,10,3,7,33,17,16,0,0,0
56875921,17,13,4,4,5,0,2,3,0,0,1,0,1,0,1,0,3,2,1,5,4,1,4,4,0,0,0,0,3,1,2,2,2,0
56875922,700,408,292,22,247,49,76,40,23,14,9,44,30,48,61,14,41,18,23,244,158,86,239,135,104,18,8,10,117,55,62,41,34,7
56875923,15,10,5,2,5,1,3,0,0,0,0,1,2,1,0,0,0,0,0,6,4,2,2,1,1,1,1,0,5,3,2,1,1,0
56875924,654,367,287,17,260,47,78,31,15,7,10,49,43,49,30,4,11,5,6,219,142,77,264,148,116,21,8,13,125,57,68,14,7,7
56875927,965,514,451,24,384,36,109,31,31,14,15,60,47,88,77,12,40,25,15,304,180,124,385,199,186,36,8,28,176,85,91,24,17,7
56876701,54,29,25,12,14,2,3,6,3,0,0,4,4,1,4,1,2,0,2,25,16,9,21,10,11,1,1,0,4,2,2,1,0,1
57357401,15,9,6,1,2,2,1,1,0,0,3,1,0,1,1,1,1,1,0,3,3,0,10,5,5,0,0,0,1,0,1,0,0,0
57357402,47,33,14,8,21,3,6,2,1,0,1,0,2,1,2,0,0,0,0,20,16,4,19,12,7,1,0,1,4,3,1,3,2,1
56878301,21,10,11,4,7,0,2,2,0,0,0,3,0,0,2,0,0,0,0,6,5,1,11,3,8,0,0,0,4,2,2,0,0,0
56878302,23,13,10,3,3,1,3,1,2,0,0,1,5,2,0,1,2,1,1,5,5,0,11,5,6,1,1,0,2,1,1,2,0,2
56880501,21,13,8,5,7,2,2,1,0,0,0,1,1,1,1,0,2,2,0,12,6,6,5,3,2,0,0,0,0,0,0,2,2,0
56880502,76,46,30,11,25,6,8,3,1,2,0,3,7,4,6,0,1,1,0,37,23,14,25,13,12,1,1,0,7,5,2,5,3,2
56880504,23,10,13,4,3,2,2,0,2,0,1,3,1,1,4,0,0,0,0,11,5,6,8,3,5,2,1,1,1,1,0,1,0,1
54841301,58,34,24,13,25,2,5,1,2,1,1,1,2,1,4,0,3,2,1,33,18,15,17,11,6,0,0,0,5,3,2,0,0,0
54621601,112,56,56,5,47,6,14,9,1,0,2,3,10,3,10,0,5,3,2,44,24,20,43,20,23,4,1,3,12,6,6,4,2,2
56882101,34,21,13,3,12,3,4,1,0,0,0,1,5,0,4,0,1,1,0,14,11,3,9,4,5,1,1,0,8,4,4,1,0,1
56882102,148,79,69,29,30,7,19,12,7,2,2,6,14,8,10,1,6,3,3,56,37,19,56,29,27,4,0,4,25,9,16,1,1,0
56882103,19,10,9,2,6,4,2,0,1,0,0,0,0,0,2,1,3,2,1,11,6,5,2,1,1,1,0,1,2,1,1,0,0,0
56884801,122,74,48,9,37,16,12,8,5,2,0,11,5,5,8,1,6,6,0,55,38,17,38,19,19,5,1,4,16,8,8,2,2,0
56885601,29,18,11,6,7,1,2,1,1,0,1,1,4,2,3,0,4,2,2,10,6,4,8,5,3,0,0,0,7,5,2,0,0,0
56885603,17,13,4,2,5,2,0,2,1,1,0,1,0,1,2,0,3,3,0,4,4,0,6,4,2,0,0,0,4,2,2,0,0,0
54828601,27,16,11,1,6,3,1,1,0,1,0,2,2,5,4,0,1,0,1,10,6,4,11,8,3,0,0,0,5,2,3,0,0,0
54828602,134,76,58,13,38,11,10,4,5,2,0,4,11,10,21,2,4,2,2,54,36,18,50,26,24,6,1,5,17,8,9,3,3,0
54828603,12,7,5,1,5,0,0,0,0,0,0,1,0,0,5,0,0,0,0,4,2,2,1,1,0,0,0,0,4,2,2,3,2,1
54828604,46,24,22,3,15,1,1,2,1,4,0,3,3,7,5,0,1,1,0,16,9,7,20,8,12,0,0,0,8,5,3,1,1,0
54852901,92,41,51,21,23,3,5,1,1,2,1,6,11,2,11,0,2,1,1,27,14,13,45,20,25,3,0,3,13,4,9,2,2,0
56888101,87,45,42,20,20,4,8,2,0,1,1,3,10,4,11,1,7,3,4,31,18,13,28,16,12,5,2,3,15,5,10,1,1,0
54818901,92,54,38,12,31,3,11,4,4,1,1,3,2,7,3,3,7,4,3,38,29,9,31,15,16,1,0,1,11,5,6,4,1,3
56889901,36,19,17,5,12,2,2,1,4,0,0,1,2,2,2,1,0,0,0,20,11,9,11,5,6,0,0,0,5,3,2,0,0,0
56889902,12,5,7,0,4,2,0,1,1,0,0,2,2,0,0,0,2,0,2,4,3,1,2,1,1,0,0,0,4,1,3,0,0,0
56889903,12,9,3,0,4,1,3,1,0,1,0,1,0,0,1,0,0,0,0,4,3,1,5,4,1,0,0,0,2,1,1,1,1,0
56889905,37,18,19,6,14,3,4,2,0,0,0,2,1,1,3,1,2,2,0,14,9,5,14,6,8,3,0,3,2,1,1,2,0,2
56890201,77,46,31,3,31,4,8,8,2,1,1,1,4,1,9,1,3,0,3,30,20,10,29,19,10,2,1,1,8,4,4,5,2,3
56890203,310,174,136,31,103,23,29,13,6,6,4,25,17,22,16,3,10,7,3,132,84,48,99,53,46,9,4,5,51,20,31,9,6,3
56890204,35,20,15,5,7,3,5,2,0,0,0,1,2,7,1,1,2,0,2,16,11,5,11,6,5,1,1,0,5,2,3,0,0,0
54861801,23,12,11,2,9,0,1,4,0,2,0,0,1,1,2,0,2,0,2,9,6,3,6,2,4,1,1,0,3,1,2,2,2,0
54861802,22,13,9,5,6,1,2,1,0,0,0,1,0,2,2,1,2,0,2,7,6,1,7,4,3,0,0,0,4,2,2,2,1,1
56892901,25,18,7,7,6,1,2,3,0,0,0,0,4,1,1,0,0,0,0,19,15,4,2,0,2,0,0,0,3,3,0,1,0,1
56892903,37,20,17,6,8,4,2,4,2,0,0,2,1,3,3,1,1,1,0,14,9,5,14,8,6,0,0,0,5,1,4,3,1,2
56892904,25,13,12,3,4,1,2,3,3,1,0,4,1,1,2,0,0,0,0,7,5,2,11,5,6,1,0,1,6,3,3,0,0,0
56892905,29,17,12,5,7,1,3,1,0,0,0,4,0,3,5,0,1,0,1,9,8,1,11,6,5,0,0,0,8,3,5,0,0,0
56892907,11,7,4,2,2,1,5,0,0,0,0,0,1,0,0,0,0,0,0,7,5,2,2,1,1,0,0,0,2,1,1,0,0,0
56892908,87,53,34,11,26,11,8,3,0,0,0,2,10,6,6,0,1,0,1,37,23,14,33,21,12,0,0,0,15,8,7,1,1,0
56892909,17,8,9,2,6,0,1,2,0,0,0,2,2,1,1,0,0,0,0,7,4,3,9,4,5,1,0,1,0,0,0,0,0,0
56892910,20,13,7,2,5,2,3,1,0,1,0,2,2,0,2,0,0,0,0,14,10,4,4,1,3,0,0,0,2,2,0,0,0,0
56892911,11,5,6,2,3,1,1,2,0,0,0,0,0,1,0,1,2,1,1,5,4,1,4,0,4,0,0,0,0,0,0,0,0,0
56893701,63,37,26,8,22,10,8,2,2,0,0,4,5,0,2,0,2,2,0,34,23,11,23,10,13,0,0,0,4,2,2,0,0,0
56894501,27,16,11,7,9,4,1,1,1,0,0,1,0,1,0,0,2,1,1,14,9,5,8,4,4,0,0,0,3,2,1,0,0,0
56894502,615,361,254,49,275,36,52,33,18,10,3,33,25,41,27,1,20,16,4,252,169,83,220,122,98,20,4,16,87,41,46,16,9,7
56894503,72,41,31,5,28,5,12,2,3,2,0,8,2,2,1,0,2,1,1,33,22,11,28,15,13,0,0,0,7,3,4,2,0,2
54857001,53,35,18,15,17,3,7,1,0,0,0,2,4,2,1,0,2,1,1,15,11,4,23,14,9,2,1,1,10,7,3,1,1,0
56895302,73,44,29,16,16,5,14,4,2,0,1,3,2,2,6,0,1,0,1,25,15,10,24,16,8,1,1,0,16,8,8,6,4,2
56895303,40,24,16,13,4,2,3,1,2,1,0,3,6,1,2,1,0,0,0,14,8,6,13,6,7,0,0,0,13,10,3,0,0,0
54830801,57,34,23,3,13,9,6,5,2,1,2,2,1,1,10,0,1,1,0,29,19,10,17,8,9,3,2,1,6,3,3,1,1,0
54830802,17,11,6,0,5,3,2,2,0,0,1,1,2,1,0,0,1,1,0,9,6,3,4,2,2,0,0,0,3,2,1,0,0,0
56897001,42,25,17,7,12,5,2,0,0,0,0,5,3,5,1,0,0,0,0,19,14,5,14,8,6,0,0,0,6,1,5,3,2,1
54848101,12,8,4,1,8,0,0,0,0,0,1,0,1,0,1,0,0,0,0,6,5,1,3,1,2,1,1,0,2,1,1,0,0,0
54848102,12,8,4,2,3,1,0,1,1,0,0,3,0,1,0,0,2,2,0,6,5,1,4,1,3,0,0,0,0,0,0,0,0,0
3120450,0,0,0,0,0,0,0,0,0,0,0,0,0,0,0,0,0,0,0,0,0,0,0,0,0,0,0,0,0,0,0,0,0,0
56898801,98,55,43,7,45,3,10,4,1,1,1,11,3,5,3,1,1,0,1,38,25,13,44,23,21,4,1,3,8,4,4,3,2,1
56898802,45,23,22,0,21,0,8,1,1,0,0,4,1,1,7,1,2,0,2,13,9,4,15,6,9,1,0,1,14,8,6,0,0,0
56898803,25,15,10,9,5,1,3,0,0,0,0,3,3,0,0,0,1,1,0,11,7,4,10,5,5,0,0,0,3,2,1,0,0,0
56898804,248,135,113,16,79,9,25,14,7,6,4,16,9,22,24,2,4,1,3,73,50,23,98,48,50,5,2,3,59,28,31,9,6,3
56898805,218,133,85,6,67,17,33,7,11,7,5,12,11,19,15,3,12,12,0,67,43,24,73,38,35,12,6,6,39,22,17,15,12,3
56898806,346,187,159,6,127,13,30,23,18,8,2,20,25,20,36,10,12,7,5,120,75,45,140,72,68,5,3,2,56,23,33,13,7,6
56898807,19,15,4,0,1,1,3,0,0,0,0,12,0,2,0,0,10,10,0,3,2,1,3,2,1,0,0,0,3,1,2,0,0,0
56898808,572,333,239,18,209,42,61,34,14,9,8,22,36,53,46,9,13,7,6,184,123,61,256,141,115,20,7,13,78,39,39,21,16,5
56898809,735,389,346,18,295,48,66,37,21,9,10,54,42,51,61,7,30,15,15,259,155,104,273,133,140,32,11,21,114,57,57,27,18,9
56899601,41,20,21,7,10,2,0,0,0,3,0,3,5,8,2,0,0,0,0,10,5,5,16,9,7,3,1,2,12,5,7,0,0,0
56901101,32,16,16,6,6,4,4,2,0,0,0,2,1,5,1,1,1,1,0,14,9,5,11,5,6,0,0,0,5,0,5,1,1,0
56901102,194,103,91,13,71,13,17,18,6,2,2,13,12,6,15,4,11,7,4,89,54,35,56,25,31,8,0,8,20,11,9,10,6,4
56901103,20,14,6,3,7,1,0,1,0,1,0,0,0,3,4,0,1,0,1,9,8,1,5,2,3,1,1,0,4,3,1,0,0,0
56901104,20,11,9,2,7,3,2,1,0,0,0,3,0,2,0,0,1,1,0,10,5,5,4,2,2,1,1,0,4,2,2,0,0,0
56902003,26,16,10,6,10,1,3,1,0,0,0,2,2,1,0,0,0,0,0,13,10,3,9,4,5,1,0,1,1,0,1,2,2,0
56902004,28,14,14,6,6,1,1,3,0,0,0,4,2,2,2,1,1,0,1,14,9,5,7,4,3,0,0,0,6,1,5,0,0,0
56902007,27,18,9,4,6,5,2,2,1,3,0,1,0,0,2,0,2,2,0,11,8,3,8,6,2,1,0,1,4,1,3,1,1,0
56902008,275,159,116,16,100,17,26,23,6,1,2,17,15,21,21,3,9,4,5,118,89,29,94,46,48,12,4,8,34,9,25,8,7,1
56902009,37,22,15,3,10,3,5,1,0,1,0,2,2,0,5,1,0,0,0,13,10,3,14,7,7,1,1,0,9,4,5,0,0,0
56903801,77,43,34,10,20,9,6,5,1,1,1,3,4,4,9,1,0,0,0,29,20,9,32,16,16,1,0,1,14,6,8,1,1,0
56903802,12,8,4,3,5,0,1,0,0,0,0,1,0,1,1,0,1,0,1,4,4,0,4,3,1,0,0,0,1,0,1,2,1,1
56903803,420,231,189,43,112,28,38,22,10,9,2,24,39,35,38,3,10,6,4,142,96,46,181,89,92,7,1,6,68,31,37,12,8,4
56903804,72,35,37,11,11,5,9,5,1,3,0,6,2,5,10,0,3,1,2,19,11,8,31,14,17,0,0,0,17,9,8,2,0,2
56904601,16,9,7,0,6,3,2,0,1,0,0,2,1,1,0,0,0,0,0,7,5,2,7,3,4,0,0,0,1,0,1,1,1,0
56904602,265,159,106,18,79,30,16,12,13,5,2,21,8,19,28,3,12,7,5,80,54,26,99,56,43,8,2,6,54,30,24,12,10,2
56904603,15,9,6,1,7,1,2,0,0,0,0,1,1,1,1,0,0,0,0,8,4,4,3,2,1,0,0,0,3,2,1,1,1,0
56906201,14,7,7,0,5,2,0,0,1,0,0,2,0,1,2,1,0,0,0,6,4,2,5,1,4,0,0,0,2,1,1,1,1,0
56906202,282,158,124,17,80,25,24,16,6,3,4,20,23,14,39,1,5,3,2,89,60,29,125,62,63,8,2,6,49,26,23,6,5,1
56906203,15,9,6,2,6,1,3,1,0,0,0,0,0,0,1,0,2,2,0,6,3,3,5,3,2,1,1,0,1,0,1,0,0,0
56907101,96,53,43,11,38,3,4,8,0,2,0,6,7,7,7,2,3,1,2,44,29,15,34,18,16,4,1,3,9,3,6,2,1,1
56908901,23,13,10,2,10,1,2,1,0,0,0,0,4,0,2,1,1,1,0,7,4,3,12,6,6,0,0,0,1,1,0,2,1,1
56908903,9,5,4,1,2,1,1,1,0,0,0,0,0,0,1,1,0,0,0,6,4,2,0,0,0,0,0,0,3,1,2,0,0,0
56908904,25,19,6,3,14,1,2,1,0,0,1,1,0,1,1,0,0,0,0,10,9,1,11,7,4,0,0,0,3,2,1,1,1,0
56908905,11,6,5,4,3,0,0,1,1,1,0,0,0,0,1,0,0,0,0,5,4,1,4,1,3,1,0,1,0,0,0,1,1,0
56908906,210,118,92,29,78,17,23,4,2,0,2,7,12,15,17,0,13,10,3,97,62,35,60,28,32,2,0,2,25,9,16,13,9,4
56908907,13,8,5,1,9,0,0,1,1,0,0,0,0,0,0,0,0,0,0,3,2,1,7,4,3,1,1,0,2,1,1,0,0,0
54831601,109,70,39,4,37,16,11,4,4,2,1,6,4,8,6,2,4,4,0,35,23,12,51,37,14,3,0,3,14,5,9,2,1,1
56912701,87,50,37,6,56,3,4,3,3,1,1,1,1,3,3,0,1,0,1,34,22,12,38,22,16,1,0,1,11,5,6,2,1,1
54819701,30,16,14,6,8,1,3,1,3,0,0,2,3,2,1,0,1,1,0,13,7,6,10,6,4,1,0,1,4,1,3,1,1,0
56916001,236,136,100,29,79,21,23,12,3,5,2,14,11,15,13,3,8,1,7,121,79,42,73,40,33,5,0,5,21,11,10,8,5,3
56916002,19,10,9,3,7,1,1,1,0,2,0,0,2,1,1,0,0,0,0,6,3,3,8,5,3,0,0,0,2,1,1,3,1,2
56915101,51,27,24,10,17,3,3,5,0,0,0,1,4,0,5,1,1,0,1,15,10,5,23,11,12,0,0,0,9,3,6,3,3,0
55526601,258,145,113,15,102,16,23,17,6,5,2,10,17,24,16,1,6,2,4,108,68,40,99,56,43,8,1,7,36,17,19,1,1,0
55526602,15,10,5,1,5,2,0,3,1,0,0,1,0,1,1,0,0,0,0,8,6,2,4,3,1,2,1,1,1,0,1,0,0,0
56918601,89,55,34,9,20,12,11,8,1,0,1,7,3,3,9,0,5,2,3,40,27,13,29,17,12,0,0,0,15,9,6,0,0,0
56918602,363,213,150,28,99,34,43,22,5,4,6,15,29,22,44,2,5,4,1,104,74,30,156,83,73,18,5,13,74,44,30,6,3,3
56918603,27,16,11,1,10,3,1,2,1,0,0,2,2,1,3,1,4,2,2,8,6,2,11,5,6,1,0,1,1,1,0,2,2,0
56918604,69,37,32,15,15,6,5,4,0,0,2,7,2,5,8,0,2,2,0,17,13,4,28,14,14,4,1,3,16,6,10,2,1,1
56918605,68,38,30,15,12,4,7,5,0,2,0,9,1,5,8,0,2,1,1,21,13,8,31,16,15,0,0,0,14,8,6,0,0,0
56918606,52,24,28,1,15,3,4,1,0,0,2,7,4,6,7,0,2,1,1,8,4,4,28,15,13,1,0,1,13,4,9,0,0,0
56918607,13,7,6,1,5,0,5,0,0,0,0,2,0,0,0,0,1,0,1,5,4,1,6,2,4,0,0,0,0,0,0,1,1,0
54858801,126,73,53,23,38,7,8,4,3,1,2,11,10,8,9,0,4,2,2,41,32,9,49,25,24,3,1,2,25,11,14,4,2,2
54858802,12,8,4,1,2,3,1,1,0,0,0,2,0,0,1,0,0,0,0,5,4,1,5,3,2,1,0,1,0,0,0,1,1,0
56920801,102,63,39,21,42,4,8,7,3,0,0,4,4,4,2,2,4,3,1,47,32,15,39,19,20,0,0,0,11,8,3,1,1,0
56921601,186,106,80,21,58,19,14,9,2,3,2,8,16,11,19,2,5,3,2,77,50,27,71,39,32,6,1,5,24,11,13,3,2,1
54835901,81,47,34,8,24,4,9,6,2,2,1,10,5,5,2,1,5,3,2,18,9,9,35,21,14,3,2,1,17,9,8,3,3,0
56922401,181,106,75,31,80,6,14,4,5,1,2,6,11,9,9,1,8,4,4,72,50,22,73,43,30,4,3,1,21,4,17,3,2,1
56923201,70,45,25,10,23,6,8,7,0,2,1,2,7,2,2,0,4,3,1,36,26,10,21,14,7,1,0,1,6,1,5,2,1,1
56924102,60,34,26,12,16,2,6,8,0,0,0,3,2,1,7,1,2,0,2,18,11,7,13,5,8,2,2,0,16,10,6,9,6,3
54863402,20,16,4,5,11,1,0,0,0,0,0,1,2,0,0,0,3,3,0,10,8,2,5,4,1,0,0,0,2,1,1,0,0,0
54863403,25,18,7,3,15,0,3,1,0,0,0,0,1,0,0,0,1,1,0,14,11,3,4,2,2,1,1,0,2,1,1,3,2,1
54825101,58,33,25,8,18,3,5,4,2,2,0,4,3,6,2,0,0,0,0,18,10,8,25,15,10,1,0,1,9,4,5,5,4,1
56929101,295,157,138,21,83,34,31,16,7,3,3,12,27,13,31,4,13,4,9,126,84,42,99,47,52,5,1,4,44,19,25,8,2,6
56929102,17,9,8,1,6,3,0,1,0,0,2,0,1,0,3,0,1,0,1,10,8,2,5,1,4,1,0,1,0,0,0,0,0,0
56929103,24,14,10,4,6,2,4,1,0,0,0,2,1,0,4,0,1,1,0,12,8,4,11,5,6,0,0,0,0,0,0,0,0,0
57359101,31,18,13,6,11,3,3,1,0,0,0,0,3,0,3,0,1,0,1,11,9,2,14,6,8,2,0,2,1,1,0,2,2,0
56931301,24,15,9,3,8,4,3,0,0,0,0,2,0,0,3,0,2,1,1,14,8,6,7,5,2,0,0,0,0,0,0,1,1,0
56931302,23,13,10,4,4,8,3,1,0,0,0,1,1,1,0,0,3,0,3,9,7,2,9,6,3,1,0,1,0,0,0,1,0,1
56931303,12,7,5,1,3,1,1,1,0,1,0,0,0,4,0,0,0,0,0,5,4,1,3,2,1,1,0,1,3,1,2,0,0,0
56932101,49,26,23,17,14,1,7,1,0,0,0,0,5,1,2,1,4,1,3,27,16,11,12,7,5,0,0,0,6,2,4,0,0,0
56932102,81,55,26,11,37,6,3,3,6,1,0,2,2,3,3,4,9,8,1,43,31,12,17,9,8,0,0,0,8,4,4,4,3,1
56932103,118,65,53,10,41,8,7,7,4,5,1,8,6,7,7,1,5,2,3,42,32,10,46,22,24,4,1,3,21,8,13,0,0,0
56932104,48,33,15,17,17,3,1,2,1,0,0,2,2,0,3,0,1,0,1,29,22,7,12,7,5,0,0,0,4,3,1,2,1,1
56932105,45,28,17,10,18,1,1,3,1,0,0,4,2,0,2,1,3,0,3,24,18,6,8,5,3,1,0,1,8,5,3,1,0,1
56932106,46,23,23,3,19,1,1,2,3,3,1,5,2,1,4,0,2,1,1,22,12,10,11,5,6,3,1,2,8,4,4,0,0,0
56932107,12,6,6,0,4,1,0,0,0,0,0,0,0,2,3,0,3,1,2,3,2,1,3,2,1,1,0,1,2,1,1,0,0,0
56932108,1396,778,618,55,623,61,101,59,38,22,16,97,92,109,69,13,61,28,33,464,307,157,532,278,254,33,9,24,263,125,138,43,31,12
56932109,23,14,9,7,9,2,1,0,0,0,0,1,0,0,0,0,1,1,0,12,7,5,7,3,4,0,0,0,3,3,0,0,0,0
56932110,50,27,23,1,32,5,1,0,0,0,1,5,1,1,2,0,8,1,7,24,16,8,10,5,5,0,0,0,5,3,2,3,2,1
56932111,26,16,10,3,8,1,2,3,1,0,1,1,0,0,5,1,2,2,0,13,10,3,8,3,5,2,0,2,1,1,0,0,0,0
56934801,213,124,89,11,88,20,24,6,7,1,1,8,15,10,14,2,7,5,2,84,59,25,82,44,38,9,4,5,25,8,17,6,4,2
56936401,75,46,29,8,21,5,7,5,2,2,0,6,7,2,9,0,2,2,0,28,20,8,29,16,13,3,1,2,13,7,6,0,0,0
56939901,14,8,6,5,2,0,3,1,0,0,1,0,0,1,1,0,1,1,0,4,1,3,3,2,1,1,0,1,2,1,1,3,3,0
56939902,241,140,101,23,68,17,21,30,3,2,2,10,14,13,36,0,6,3,3,102,63,39,94,56,38,5,0,5,26,13,13,8,5,3
56940201,10,6,4,1,2,1,1,1,0,0,0,2,0,0,2,0,0,0,0,3,2,1,4,2,2,0,0,0,2,2,0,1,0,1
56940202,62,35,27,7,20,5,6,5,4,0,2,1,6,2,4,0,0,0,0,39,28,11,15,5,10,0,0,0,8,2,6,0,0,0
56941101,25,16,9,1,9,0,4,3,0,0,0,3,3,0,0,0,1,1,0,12,10,2,9,4,5,0,0,0,3,1,2,0,0,0
56942901,136,84,52,25,52,8,9,8,0,4,0,9,5,8,5,1,7,2,5,55,37,18,53,35,18,3,0,3,13,6,7,5,4,1
54842101,87,48,39,23,21,8,9,1,2,4,1,1,4,8,5,0,1,0,1,36,26,10,26,10,16,4,1,3,18,9,9,2,2,0
54842102,53,30,23,8,19,6,5,1,1,2,1,2,3,1,4,0,3,0,3,26,17,9,18,10,8,3,1,2,3,2,1,0,0,0
54832401,39,23,16,7,12,2,5,1,0,0,0,1,4,3,3,0,1,1,0,14,8,6,14,8,6,1,1,0,3,1,2,6,4,2
56946102,48,27,21,11,15,3,3,1,1,0,2,2,2,2,4,0,1,1,0,26,18,8,9,5,4,2,0,2,9,2,7,1,1,0
56946103,30,17,13,3,13,0,2,3,2,0,0,3,3,0,1,0,4,1,3,14,8,6,9,5,4,2,2,0,1,1,0,0,0,0
56947001,148,83,65,23,24,19,22,6,8,1,1,8,13,11,8,1,2,1,1,63,39,24,48,27,21,6,3,3,24,9,15,5,4,1
54855301,61,40,21,11,19,13,3,2,1,0,0,2,1,4,3,0,0,0,0,29,23,6,19,11,8,2,1,1,5,2,3,6,3,3
1501770,0,0,0,0,0,0,0,0,0,0,0,0,0,0,0,0,0,0,0,0,0,0,0,0,0,0,0,0,0,0,0,0,0,0
56948801,10,7,3,2,3,1,1,0,1,0,0,0,0,0,2,0,2,0,2,4,3,1,3,3,0,0,0,0,1,1,0,0,0,0
56948804,61,34,27,4,34,1,2,3,3,1,0,2,3,1,5,1,2,2,0,26,16,10,24,13,11,1,0,1,8,3,5,0,0,0
56948805,60,36,24,11,14,5,4,6,1,1,0,3,7,4,3,0,1,0,1,31,22,9,18,8,10,2,1,1,4,3,1,4,2,2
54834101,30,19,11,3,6,6,4,2,0,1,0,3,0,0,4,0,0,0,0,15,11,4,10,5,5,1,0,1,3,2,1,1,1,0
54849901,12,9,3,3,2,0,1,0,1,0,0,1,0,1,2,0,0,0,0,7,6,1,2,1,1,1,0,1,1,1,0,1,1,0
57360401,35,20,15,6,11,1,3,0,2,1,0,1,1,3,4,2,1,0,1,14,11,3,16,8,8,2,0,2,2,1,1,0,0,0
57360402,33,17,16,1,11,0,3,2,0,2,3,3,6,0,2,0,1,1,0,11,7,4,15,8,7,1,0,1,3,1,2,2,0,2
56951801,7,6,1,0,5,0,0,0,0,1,0,0,0,0,0,0,0,0,0,3,3,0,2,1,1,1,1,0,1,1,0,0,0,0
56951802,298,183,115,17,147,8,26,16,6,3,1,18,13,20,12,2,9,6,3,132,96,36,92,47,45,6,3,3,50,24,26,9,7,2
56951803,21,16,5,1,11,1,1,2,0,1,0,0,1,0,1,1,2,1,1,10,9,1,5,3,2,0,0,0,3,2,1,1,1,0
56953401,137,86,51,8,70,14,6,10,2,1,1,3,7,4,8,1,13,7,6,64,39,25,42,29,13,3,2,1,12,7,5,3,2,1
56956902,22,11,11,3,9,1,1,2,0,1,0,0,0,1,2,0,0,0,0,11,7,4,5,1,4,0,0,0,6,3,3,0,0,0
56956904,24,14,10,1,3,2,6,2,1,0,0,1,1,5,2,0,0,0,0,6,3,3,10,7,3,2,1,1,6,3,3,0,0,0
56956905,70,38,32,3,28,2,4,4,2,2,0,5,2,4,12,0,2,1,1,27,14,13,28,15,13,3,2,1,6,2,4,4,4,0
56956906,39,23,16,4,17,1,4,2,1,0,1,2,3,2,2,0,2,2,0,16,10,6,17,10,7,0,0,0,4,1,3,0,0,0
56956907,30,18,12,6,9,2,2,1,0,1,0,1,1,2,3,1,2,2,0,5,5,0,18,9,9,0,0,0,3,1,2,2,1,1
56956908,46,27,19,0,28,2,4,2,2,0,0,2,1,2,1,0,5,3,2,21,14,7,15,7,8,3,2,1,2,1,1,0,0,0
56956909,26,17,9,3,10,2,4,2,0,1,0,1,0,1,0,1,2,1,1,11,8,3,7,2,5,0,0,0,5,5,0,1,1,0
56956910,15,11,4,0,4,1,1,2,1,0,0,4,0,0,1,0,1,1,0,7,6,1,2,2,0,0,0,0,4,2,2,1,0,1
56956911,22,13,9,1,13,0,1,2,0,0,0,0,0,2,3,0,1,0,1,13,9,4,8,4,4,0,0,0,0,0,0,0,0,0
56956912,81,41,40,14,29,5,5,1,1,1,0,5,2,7,8,0,4,3,1,31,19,12,30,16,14,1,0,1,12,2,10,3,1,2
56956913,63,38,25,1,36,2,6,3,0,0,0,0,4,3,4,2,9,7,2,33,21,12,16,8,8,1,0,1,4,2,2,0,0,0
56956914,117,63,54,4,38,10,8,7,5,1,2,7,10,13,7,1,9,5,4,37,19,18,36,23,13,4,1,3,27,12,15,4,3,1
56956915,17,10,7,0,4,1,1,1,0,0,0,2,2,1,5,0,0,0,0,6,4,2,7,3,4,0,0,0,4,3,1,0,0,0
56956916,44,25,19,2,17,1,5,1,1,0,0,3,5,3,4,0,1,0,1,17,12,5,18,10,8,2,1,1,5,1,4,1,1,0
56956918,48,29,19,4,20,3,5,1,2,0,0,6,1,3,1,2,2,1,1,23,15,8,13,6,7,2,2,0,6,3,3,2,2,0
56956919,2203,1187,1016,50,884,135,180,112,60,32,21,133,189,154,173,17,108,48,60,845,526,319,802,397,405,64,27,37,308,138,170,76,51,25
56956920,232,1,231,1,143,0,0,0,30,9,0,12,32,1,1,3,123,0,123,58,0,58,39,1,38,1,0,1,9,0,9,2,0,2
56956921,49,24,25,1,14,7,4,2,2,1,1,4,3,7,2,0,2,2,0,16,10,6,22,10,12,1,0,1,7,1,6,1,1,0
56956922,53,30,23,10,20,2,2,3,2,2,0,4,3,1,4,0,2,1,1,21,13,8,23,12,11,0,0,0,7,4,3,0,0,0
56956923,8,5,3,1,2,3,0,0,0,0,0,0,0,2,0,0,0,0,0,4,3,1,1,0,1,0,0,0,3,2,1,0,0,0
56956924,23,14,9,5,12,0,4,0,0,0,0,0,0,0,2,0,1,1,0,13,6,7,4,4,0,0,0,0,2,1,1,3,2,1
56958501,29,20,9,5,10,4,3,2,0,0,0,2,1,0,2,0,0,0,0,16,12,4,8,4,4,1,1,0,3,2,1,1,1,0
56958502,19,11,8,6,3,1,1,2,0,0,1,1,0,1,2,0,3,2,1,10,6,4,5,3,2,0,0,0,1,0,1,0,0,0
56958503,340,195,145,20,100,24,32,40,9,10,3,21,21,24,25,2,20,13,7,138,86,52,113,62,51,6,1,5,47,22,25,16,11,5
56959301,47,28,19,4,11,2,6,6,2,1,4,2,3,0,3,1,5,0,5,18,10,8,17,14,3,0,0,0,5,2,3,2,2,0
56959302,59,33,26,10,20,3,9,9,3,1,0,1,2,0,1,0,2,1,1,30,18,12,17,10,7,1,0,1,4,1,3,5,3,2
56959303,53,30,23,8,14,5,4,8,0,2,1,5,0,3,2,0,2,1,1,24,17,7,21,9,12,0,0,0,6,3,3,0,0,0
56959304,35,20,15,2,14,8,2,1,0,0,0,0,1,2,4,1,1,0,1,20,12,8,10,5,5,0,0,0,1,1,0,3,2,1
56959305,701,390,311,49,224,63,89,47,31,12,10,32,37,46,43,3,37,19,18,265,179,86,255,124,131,9,1,8,125,59,66,10,8,2
56959306,57,30,27,2,16,6,10,9,2,0,2,1,3,2,2,0,0,0,0,19,16,3,24,8,16,3,0,3,10,6,4,1,0,1
56961501,39,20,19,11,8,4,3,3,0,1,0,1,3,0,4,1,3,2,1,17,9,8,13,6,7,0,0,0,4,2,2,2,1,1
56961502,124,70,54,38,19,9,6,2,2,0,2,6,9,5,25,0,7,5,2,54,35,19,47,23,24,4,3,1,11,4,7,1,0,1
56962301,14,11,3,1,8,0,2,1,1,0,0,0,0,0,0,0,0,0,0,9,8,1,4,2,2,0,0,0,1,1,0,0,0,0
56962302,22,11,11,3,5,4,3,5,1,0,0,1,0,0,0,0,0,0,0,14,8,6,7,3,4,0,0,0,0,0,0,1,0,1
56962303,28,17,11,5,4,1,5,1,0,1,1,6,0,3,1,0,0,0,0,14,11,3,10,4,6,2,1,1,2,1,1,0,0,0
56962304,14,8,6,3,2,1,1,0,1,0,0,2,1,2,0,1,1,1,0,5,2,3,5,3,2,0,0,0,1,0,1,2,2,0
56964001,13,7,6,6,2,0,0,0,1,0,0,0,1,3,0,0,1,0,1,7,5,2,3,1,2,0,0,0,2,1,1,0,0,0
56964002,24,15,9,6,11,0,1,1,1,0,0,0,0,2,0,1,1,1,0,16,11,5,5,3,2,2,0,2,0,0,0,0,0,0
56964003,35,23,12,5,15,0,3,2,1,1,0,2,1,2,2,0,4,2,2,15,13,2,9,3,6,1,1,0,5,3,2,1,1,0
56964004,151,86,65,27,53,10,12,6,1,3,2,10,9,8,5,0,11,8,3,66,47,19,53,25,28,5,0,5,14,5,9,2,1,1
54853701,29,13,16,9,4,2,3,0,1,1,0,2,1,4,1,0,1,1,0,5,3,2,15,7,8,2,0,2,6,2,4,0,0,0
56965801,45,27,18,4,12,6,5,3,0,1,0,1,1,4,5,1,2,1,1,14,11,3,16,8,8,1,0,1,11,7,4,1,0,1
56965802,11,7,4,0,6,0,1,1,1,0,0,0,0,0,1,1,2,1,1,3,2,1,4,3,1,0,0,0,1,1,0,1,0,1
56965803,286,158,128,15,118,9,29,22,9,3,4,24,13,12,21,2,10,3,7,96,65,31,117,59,58,7,1,6,43,22,21,13,8,5
56967401,34,17,17,3,8,1,8,3,0,1,1,1,2,0,6,0,2,0,2,15,10,5,13,7,6,1,0,1,3,0,3,0,0,0
56967402,116,63,53,31,30,6,7,6,3,4,3,9,2,3,7,0,5,3,2,58,37,21,42,19,23,2,0,2,9,4,5,0,0,0
56968201,279,164,115,16,64,29,26,16,9,3,8,21,22,18,37,2,3,2,1,70,48,22,138,81,57,6,0,6,51,24,27,11,9,2
56969101,17,10,7,6,6,2,1,0,1,0,0,0,0,0,1,0,1,0,1,8,5,3,4,3,1,0,0,0,2,1,1,2,1,1
56969102,44,26,18,7,13,5,5,2,1,0,0,0,2,1,5,1,1,1,0,18,13,5,19,10,9,0,0,0,5,1,4,1,1,0
56969103,43,28,15,6,9,3,2,1,2,2,1,0,4,4,6,1,1,0,1,17,13,4,14,10,4,3,1,2,8,4,4,0,0,0
56969105,245,136,109,25,61,23,25,14,3,2,1,9,22,16,38,0,9,5,4,100,67,33,86,43,43,12,1,11,30,14,16,8,6,2
56970401,80,45,35,9,25,8,4,5,1,0,0,4,8,7,8,0,4,3,1,40,26,14,25,11,14,3,1,2,8,4,4,0,0,0
56970402,112,62,50,11,41,11,8,8,2,1,2,3,9,6,5,0,3,1,2,50,36,14,41,14,27,2,2,0,14,8,6,2,1,1
56971201,17,9,8,5,4,1,0,3,0,0,0,1,0,0,3,0,1,0,1,7,5,2,7,3,4,0,0,0,2,1,1,0,0,0
56971203,26,13,13,3,6,1,2,4,2,0,0,2,1,2,2,1,2,1,1,6,5,1,10,4,6,0,0,0,5,1,4,3,2,1
56971205,86,50,36,7,33,12,5,4,1,1,1,2,8,6,3,0,6,4,2,32,19,13,28,15,13,2,1,1,15,9,6,3,2,1
56971206,252,150,102,38,80,13,31,14,4,6,4,12,15,17,10,5,16,9,7,91,61,30,82,45,37,6,4,2,37,17,20,20,14,6
56971207,13,8,5,1,3,0,0,1,1,1,0,1,1,1,1,0,0,0,0,4,2,2,8,5,3,0,0,0,1,1,0,0,0,0
56971208,6,4,2,1,4,0,1,0,0,0,0,0,0,0,0,0,1,1,0,4,2,2,1,1,0,0,0,0,0,0,0,0,0,0
56971209,24,14,10,7,6,1,3,0,0,0,1,2,0,0,3,0,1,0,1,14,8,6,7,5,2,0,0,0,2,1,1,0,0,0
56972101,124,69,55,14,40,11,7,5,2,1,1,10,6,11,11,1,1,0,1,40,27,13,48,27,21,9,4,5,25,10,15,1,1,0
57358201,81,48,33,11,23,10,9,0,3,2,2,7,2,6,3,1,5,4,1,29,19,10,26,14,12,2,1,1,16,7,9,3,3,0
56973901,24,14,10,4,13,3,0,1,0,0,0,0,0,0,0,1,0,0,0,6,5,1,10,7,3,0,0,0,5,0,5,3,2,1
53065402,25,13,12,1,9,5,2,2,3,0,0,0,1,1,0,0,1,1,0,10,8,2,11,3,8,1,1,0,2,0,2,0,0,0
53065403,109,60,49,5,38,9,17,8,2,7,1,4,7,5,5,0,3,3,0,38,28,10,42,19,23,2,0,2,22,9,13,2,1,1
54862601,27,12,15,8,9,1,2,1,1,0,0,1,3,0,1,0,2,0,2,13,7,6,7,4,3,0,0,0,5,1,4,0,0,0
53066201,87,47,40,1,28,6,14,6,4,0,1,4,12,1,7,0,3,3,0,23,14,9,42,23,19,1,0,1,12,3,9,6,4,2
3395800,0,0,0,0,0,0,0,0,0,0,0,0,0,0,0,0,0,0,0,0,0,0,0,0,0,0,0,0,0,0,0,0,0,0
56978001,114,67,47,13,48,9,9,5,2,0,0,4,6,9,7,0,5,3,2,50,34,16,35,19,16,4,1,3,18,9,9,2,1,1
56978002,56,34,22,7,25,5,5,2,2,0,0,5,1,2,1,0,2,2,0,30,21,9,16,8,8,0,0,0,7,2,5,1,1,0
56978003,14,11,3,2,5,0,1,2,0,0,0,1,1,0,1,1,0,0,0,6,5,1,7,5,2,0,0,0,1,1,0,0,0,0
56978004,50,26,24,1,31,2,2,1,6,0,0,2,3,1,0,0,1,0,1,27,17,10,18,7,11,0,0,0,4,2,2,0,0,0
56978005,69,38,31,7,34,2,8,1,3,0,0,5,3,2,2,2,1,1,0,33,20,13,24,12,12,0,0,0,9,3,6,2,2,0
56978006,35,23,12,3,16,1,6,1,2,0,0,1,0,2,3,0,0,0,0,9,8,1,22,13,9,0,0,0,3,1,2,1,1,0
56978007,41,25,16,2,28,2,1,0,1,0,0,1,1,2,3,0,3,2,1,20,15,5,11,4,7,0,0,0,6,3,3,1,1,0
56978008,1061,593,468,62,507,52,106,55,27,18,2,34,49,62,51,9,29,14,15,386,249,137,429,227,202,38,12,26,140,66,74,39,25,14
56978009,13,5,8,0,5,0,2,4,0,0,0,1,0,0,0,0,0,0,0,5,3,2,7,2,5,0,0,0,1,0,1,0,0,0
56980101,15,9,6,1,5,3,0,0,0,0,1,1,0,3,0,0,0,0,0,3,2,1,4,2,2,0,0,0,7,4,3,1,1,0
56980103,172,92,80,26,84,4,9,5,4,2,0,5,10,11,6,0,4,3,1,77,49,28,68,31,37,4,2,2,17,5,12,2,2,0
58685401,75,43,32,12,31,6,11,6,1,0,0,0,2,2,4,0,3,3,0,37,19,18,26,18,8,0,0,0,8,2,6,1,1,0
58686201,77,40,37,6,25,3,5,10,2,1,1,2,3,9,9,0,2,2,0,32,20,12,30,16,14,3,0,3,10,2,8,0,0,0
58686202,794,458,336,36,363,46,65,56,11,8,4,45,48,44,47,7,41,26,15,358,228,130,260,129,131,12,10,2,97,49,48,26,16,10
58686203,60,35,25,12,14,6,3,3,1,1,0,4,4,8,3,0,0,0,0,26,20,6,21,10,11,2,1,1,11,4,7,0,0,0
58686204,45,24,21,9,18,1,2,1,1,0,1,2,6,0,2,2,0,0,0,20,13,7,15,8,7,2,0,2,8,3,5,0,0,0
58686205,70,44,26,12,24,7,4,6,3,1,0,1,6,4,2,0,1,1,0,29,24,5,22,11,11,1,0,1,17,8,9,0,0,0
58686206,52,32,20,10,14,4,3,3,1,1,0,7,2,3,3,0,5,2,3,26,15,11,16,11,5,0,0,0,5,4,1,0,0,0
58688901,156,93,63,7,49,15,19,12,1,7,1,9,9,7,14,2,3,3,0,51,36,15,55,28,27,3,1,2,43,25,18,1,0,1
58689701,12,6,6,1,7,0,3,0,0,0,0,0,0,1,0,0,0,0,0,6,4,2,4,2,2,1,0,1,1,0,1,0,0,0
58689702,46,24,22,2,15,4,6,7,0,0,0,4,3,3,1,0,1,0,1,20,17,3,20,5,15,0,0,0,4,2,2,1,0,1
58689703,103,56,47,9,33,6,5,13,8,1,2,9,6,4,3,2,4,0,4,46,28,18,31,18,13,3,1,2,10,3,7,9,6,3
58689704,33,20,13,2,10,2,5,4,1,1,1,3,1,1,2,0,1,0,1,16,13,3,8,2,6,1,1,0,2,0,2,5,4,1
58690101,62,40,22,7,16,7,7,2,5,3,2,6,2,1,4,0,4,3,1,24,19,5,23,11,12,0,0,0,6,3,3,5,4,1
58718401,37,23,14,2,14,1,1,4,1,0,0,2,3,4,3,1,0,0,0,17,14,3,13,7,6,2,1,1,4,0,4,1,1,0
58692701,16,9,7,4,5,0,2,0,0,0,0,1,1,2,1,0,1,1,0,5,3,2,7,4,3,0,0,0,2,1,1,1,0,1
58692702,74,41,33,9,20,5,3,8,0,0,2,8,2,3,12,1,3,3,0,27,17,10,26,11,15,1,0,1,15,8,7,2,2,0
58694301,1209,683,526,65,452,124,132,62,24,20,25,63,66,65,68,7,53,25,28,467,300,167,444,224,220,21,9,12,166,83,83,58,42,16
58694302,68,38,30,13,18,12,7,1,1,0,1,5,3,4,3,0,4,2,2,32,19,13,24,14,10,0,0,0,4,0,4,4,3,1
58694303,34,23,11,3,14,1,4,1,0,0,0,1,4,0,4,0,1,1,0,18,12,6,8,7,1,0,0,0,5,2,3,2,1,1
58694304,34,21,13,7,12,1,3,0,0,0,1,2,4,2,2,0,1,1,0,11,8,3,13,7,6,0,0,0,6,2,4,3,3,0
58694305,14,7,7,2,3,4,0,0,0,0,0,0,2,0,0,0,2,2,0,6,2,4,2,1,1,0,0,0,2,1,1,2,1,1
58694306,113,69,44,20,35,7,7,11,1,0,1,6,5,7,11,0,6,2,4,53,36,17,39,22,17,0,0,0,14,9,5,1,0,1
58694307,125,75,50,8,52,16,7,6,3,3,2,6,5,8,4,1,2,1,1,68,47,21,40,19,21,0,0,0,10,4,6,5,4,1
58694308,30,17,13,6,10,3,0,4,0,1,0,2,1,1,0,0,0,0,0,23,15,8,6,2,4,0,0,0,1,0,1,0,0,0
58694309,33,20,13,1,12,0,4,7,1,0,0,1,2,3,0,1,1,1,0,15,8,7,9,6,3,0,0,0,6,4,2,2,1,1
58694310,148,86,62,17,40,17,14,4,5,1,6,7,11,6,16,0,2,1,1,51,34,17,52,27,25,0,0,0,36,19,17,7,5,2
58694311,41,22,19,8,11,3,6,1,2,0,1,0,1,3,3,0,0,0,0,17,9,8,13,8,5,2,0,2,6,3,3,3,2,1
59037101,47,23,24,10,17,2,6,1,2,0,0,2,1,1,4,0,1,1,0,27,17,10,12,4,8,0,0,0,7,1,6,0,0,0
58695101,163,91,72,10,56,15,21,12,8,2,1,11,8,10,7,0,4,2,2,80,62,18,55,19,36,2,1,1,13,4,9,9,3,6
58697802,268,148,120,10,70,26,35,19,3,7,1,22,25,22,22,2,11,7,4,86,61,25,94,47,47,8,3,5,60,22,38,9,8,1
58697803,12,7,5,1,1,0,1,0,0,1,0,3,0,2,2,0,0,0,0,2,2,0,7,3,4,0,0,0,2,1,1,1,1,0
58698601,62,38,24,5,14,6,12,5,5,0,0,5,3,3,2,0,2,0,2,30,20,10,24,14,10,0,0,0,5,3,2,1,1,0
58698602,40,21,19,3,10,4,3,1,0,1,0,6,1,6,3,0,1,1,0,11,8,3,14,8,6,1,0,1,12,4,8,1,0,1
58700101,33,18,15,6,13,0,2,1,1,0,0,1,4,2,1,1,0,0,0,14,9,5,13,6,7,1,0,1,5,3,2,0,0,0
58700102,14,7,7,4,4,0,1,0,0,0,0,2,0,1,1,0,0,0,0,6,3,3,5,3,2,0,0,0,1,0,1,2,1,1
58700103,11,6,5,6,3,0,0,0,1,0,1,0,0,0,0,0,2,0,2,4,3,1,5,3,2,0,0,0,0,0,0,0,0,0
58711701,44,25,19,1,9,2,4,5,4,1,1,8,2,3,2,0,4,3,1,7,6,1,20,10,10,1,0,1,12,6,6,0,0,0
58711702,74,42,32,6,29,8,7,8,2,0,1,1,1,4,7,0,2,0,2,27,18,9,27,15,12,2,0,2,13,7,6,3,2,1
58711703,40,24,16,2,8,5,5,4,3,0,1,4,1,3,3,0,7,5,2,8,5,3,15,8,7,1,1,0,7,4,3,2,1,1
58701001,188,109,79,19,74,19,20,9,2,3,2,5,6,13,11,1,12,3,9,93,70,23,54,26,28,1,0,1,24,7,17,4,3,1
58702801,710,395,315,40,270,50,71,64,19,9,8,44,42,36,34,2,35,23,12,344,219,125,205,94,111,7,3,4,88,34,54,31,22,9
58702802,24,13,11,3,8,1,2,1,0,1,0,3,2,1,0,1,1,0,1,11,6,5,7,3,4,1,0,1,3,3,0,1,1,0
58702803,188,111,77,12,57,22,18,26,1,1,1,14,6,14,11,1,30,20,10,81,58,23,50,22,28,4,1,3,19,7,12,4,3,1
58703601,146,88,58,21,47,16,15,3,2,2,3,3,9,10,12,0,0,0,0,78,54,24,48,25,23,5,2,3,14,6,8,1,1,0
58704401,479,276,203,34,181,37,29,51,11,5,13,29,37,25,17,2,15,11,4,225,144,81,153,83,70,4,2,2,65,29,36,17,7,10
58704402,131,76,55,2,46,9,10,16,1,4,3,8,10,7,10,0,3,2,1,41,29,12,42,24,18,3,0,3,37,19,18,5,2,3
58704403,37,23,14,3,13,3,3,1,1,0,1,3,4,3,1,0,0,0,0,11,10,1,14,8,6,2,0,2,9,4,5,1,1,0
58706101,44,25,19,6,24,0,2,1,0,2,0,2,1,1,2,0,1,1,0,20,13,7,17,8,9,0,0,0,6,3,3,0,0,0
58707901,44,25,19,6,19,4,3,2,0,1,0,2,1,1,2,0,2,1,1,28,17,11,9,5,4,1,0,1,3,1,2,1,1,0
58708701,14,8,6,1,4,2,1,0,0,1,0,1,2,2,0,0,0,0,0,5,5,0,4,2,2,0,0,0,5,1,4,0,0,0
58708702,74,42,32,8,23,4,6,4,1,1,1,9,10,1,4,1,3,1,2,29,21,8,29,13,16,2,0,2,8,4,4,3,3,0
58709501,246,136,110,33,91,16,14,8,1,3,4,14,19,14,19,1,8,5,3,87,66,21,102,45,57,7,0,7,40,18,22,2,2,0
50672901,97,57,40,4,34,10,6,2,4,4,4,12,2,4,6,1,4,1,3,42,30,12,31,17,14,0,0,0,18,7,11,2,2,0
58710901,14,7,7,2,6,0,0,2,1,0,0,0,0,1,2,0,1,0,1,0,0,0,5,3,2,0,0,0,7,3,4,1,1,0
58710902,29,17,12,8,6,2,1,0,2,0,1,0,0,5,1,1,1,1,0,12,9,3,8,2,6,0,0,0,5,2,3,3,3,0
58710903,14,9,5,5,3,2,2,0,1,0,0,1,0,0,0,0,0,0,0,7,5,2,4,3,1,1,0,1,1,0,1,1,1,0
58710904,12,8,4,1,3,2,0,2,0,0,1,1,1,0,1,0,0,0,0,2,1,1,4,3,1,1,0,1,3,3,0,2,1,1
58712501,93,50,43,8,29,7,14,8,3,2,1,7,5,2,6,0,6,2,4,48,31,17,24,12,12,2,1,1,13,4,9,0,0,0
58714101,352,195,157,40,151,24,27,23,6,4,3,8,13,18,25,1,12,5,7,174,117,57,105,44,61,4,1,3,42,19,23,15,9,6
58715001,36,19,17,5,10,1,3,2,0,3,1,2,4,2,3,0,0,0,0,11,7,4,16,9,7,1,0,1,7,3,4,1,0,1
58715002,25,17,8,4,8,1,2,2,1,0,0,2,1,3,1,0,1,1,0,5,5,0,11,8,3,0,0,0,7,2,5,1,1,0
58715003,18,12,6,1,6,1,2,1,0,3,0,1,1,1,0,0,0,0,0,7,6,1,5,3,2,0,0,0,6,3,3,0,0,0
58716801,136,85,51,10,87,5,4,4,0,0,0,11,2,8,3,0,17,13,4,59,36,23,38,21,17,0,0,0,14,9,5,8,6,2
58716802,86,50,36,14,33,5,10,3,3,0,0,2,3,5,6,0,2,1,1,46,30,16,23,11,12,1,0,1,13,7,6,1,1,0
58716803,26,13,13,3,9,0,0,1,0,0,0,3,2,4,1,0,0,0,0,17,12,5,4,0,4,0,0,0,2,0,2,3,1,2
58720601,35,22,13,7,9,5,5,2,1,0,0,1,1,1,2,0,1,1,0,11,6,5,16,11,5,0,0,0,6,3,3,1,1,0
58719201,29,18,11,5,5,6,1,0,1,1,1,1,1,3,3,0,0,0,0,11,10,1,14,6,8,0,0,0,3,1,2,1,1,0
58719202,35,21,14,6,9,0,4,6,2,0,0,4,0,3,0,0,0,0,0,16,13,3,15,6,9,2,0,2,1,1,0,1,1,0
59068101,50,31,19,8,22,5,2,4,0,1,0,0,2,3,3,0,2,2,0,26,18,8,14,7,7,1,0,1,5,2,3,2,2,0
58722201,34,21,13,2,19,0,2,1,2,0,0,3,3,1,0,0,0,0,0,16,10,6,9,7,2,1,0,1,8,4,4,0,0,0
58722202,47,29,18,4,14,4,9,2,1,1,0,3,3,2,4,0,2,2,0,17,12,5,18,9,9,0,0,0,10,6,4,0,0,0
55028101,27,13,14,0,8,2,1,3,0,0,0,1,2,4,5,0,0,0,0,6,4,2,12,7,5,3,0,3,6,2,4,0,0,0
55028102,15,8,7,0,5,1,3,0,1,0,2,1,0,1,1,0,0,0,0,3,3,0,6,3,3,0,0,0,4,1,3,2,1,1
55028103,201,118,83,13,86,13,16,17,4,6,5,6,8,9,13,2,7,6,1,94,68,26,53,20,33,6,2,4,38,19,19,3,3,0
58724902,317,165,152,23,129,18,40,22,10,4,3,12,11,13,22,2,42,3,39,121,84,37,96,45,51,1,1,0,48,26,22,9,6,3
58726501,90,53,37,15,30,9,9,5,0,1,0,3,4,7,7,0,5,4,1,52,31,21,22,13,9,2,1,1,7,4,3,2,0,2
58727301,117,67,50,16,44,4,10,9,3,2,0,7,4,11,5,0,5,3,2,51,33,18,40,21,19,3,1,2,12,5,7,6,4,2
58728101,71,43,28,13,25,6,2,5,0,1,1,4,6,4,1,1,1,1,0,35,26,9,22,9,13,0,0,0,8,4,4,5,3,2
0597492,0,0,0,0,0,0,0,0,0,0,0,0,0,0,0,0,0,0,0,0,0,0,0,0,0,0,0,0,0,0,0,0,0,0
0598712,0,0,0,0,0,0,0,0,0,0,0,0,0,0,0,0,0,0,0,0,0,0,0,0,0,0,0,0,0,0,0,0,0,0
3041400,0,0,0,0,0,0,0,0,0,0,0,0,0,0,0,0,0,0,0,0,0,0,0,0,0,0,0,0,0,0,0,0,0,0
3041820,0,0,0,0,0,0,0,0,0,0,0,0,0,0,0,0,0,0,0,0,0,0,0,0,0,0,0,0,0,0,0,0,0,0
3285110,0,0,0,0,0,0,0,0,0,0,0,0,0,0,0,0,0,0,0,0,0,0,0,0,0,0,0,0,0,0,0,0,0,0
58684601,105,51,54,5,30,14,16,12,3,2,1,11,2,3,4,1,9,2,7,49,30,19,28,12,16,2,0,2,12,4,8,5,3,2
58684603,204,116,88,3,56,10,26,5,2,12,9,22,12,12,27,0,1,0,1,20,15,5,70,44,26,10,2,8,100,53,47,3,2,1
58684604,937,482,455,19,258,48,118,44,17,33,29,84,63,79,97,3,19,9,10,194,124,70,362,172,190,14,1,13,324,161,163,24,15,9
58684605,971,514,457,12,334,61,121,93,26,25,14,71,53,44,82,5,53,27,26,342,205,137,355,180,175,19,6,13,165,72,93,37,24,13
58684606,77,42,35,6,23,6,9,7,0,1,2,5,7,3,5,0,6,4,2,21,12,9,24,11,13,1,0,1,22,12,10,3,3,0
58684607,19,9,10,2,5,1,2,1,0,0,2,1,0,1,4,0,0,0,0,8,5,3,9,3,6,1,0,1,1,1,0,0,0,0
58684608,93,47,46,1,29,3,9,8,2,1,2,12,8,8,5,1,6,2,4,25,19,6,34,14,20,3,1,2,20,7,13,5,4,1
58684610,384,224,160,10,167,29,35,26,8,6,5,23,18,31,18,0,15,12,3,117,78,39,143,77,66,8,5,3,72,26,46,29,26,3
58684611,334,176,158,5,94,20,39,20,14,11,6,32,30,28,28,0,8,5,3,82,60,22,151,65,86,7,3,4,82,42,40,4,1,3
58684612,231,120,111,6,67,10,30,9,1,9,8,15,31,14,21,0,3,2,1,35,19,16,99,53,46,9,5,4,82,39,43,3,2,1
58684613,53,29,24,3,19,1,6,4,3,2,1,0,3,1,4,0,1,1,0,20,12,8,22,10,12,3,1,2,5,3,2,2,2,0
58684614,533,285,248,6,170,35,56,40,9,11,12,46,45,49,42,0,19,9,10,145,97,48,188,87,101,7,2,5,167,86,81,7,4,3
58684616,32,17,15,2,16,4,2,1,0,0,0,2,1,3,0,0,3,1,2,11,9,2,14,5,9,0,0,0,4,2,2,0,0,0
58684617,143,89,54,1,55,6,9,11,7,2,3,28,5,6,6,3,6,3,3,37,23,14,46,29,17,3,1,2,24,12,12,27,21,6
58684618,89,52,37,2,32,3,9,5,6,1,0,6,9,6,6,0,4,2,2,32,22,10,29,14,15,3,0,3,16,10,6,5,4,1
58684619,54,29,25,4,13,2,5,5,1,2,3,2,5,2,6,1,0,0,0,21,14,7,19,6,13,4,2,2,10,7,3,0,0,0
58684620,23,12,11,3,5,0,6,2,2,0,2,1,1,1,0,0,1,0,1,11,8,3,9,3,6,0,0,0,2,1,1,0,0,0
58684621,64,34,30,2,11,4,8,7,1,1,5,4,5,5,5,0,4,2,2,17,14,3,21,10,11,1,0,1,17,7,10,4,1,3
58684622,32,20,12,3,12,5,3,2,1,0,0,4,1,1,0,0,0,0,0,10,7,3,15,10,5,0,0,0,6,2,4,1,1,0
58684623,129,69,60,6,40,7,16,7,0,3,3,14,15,4,8,1,1,0,1,30,16,14,53,30,23,3,1,2,42,22,20,0,0,0
58684624,266,168,98,4,76,11,29,88,5,4,3,14,9,6,12,0,13,10,3,100,67,33,83,46,37,7,5,2,34,17,17,29,23,6
58684625,62,35,27,1,28,2,5,4,4,1,0,5,0,3,7,0,5,2,3,31,17,14,18,11,7,3,1,2,4,3,1,1,1,0
58684626,115,61,54,9,33,11,11,6,6,3,3,5,7,9,8,1,1,1,0,31,19,12,46,24,22,1,0,1,27,13,14,9,4,5
58684627,3564,1939,1625,49,1358,162,403,251,117,66,54,265,217,210,282,22,195,103,92,1216,744,472,1358,681,677,84,22,62,570,300,270,141,89,52
58684628,15,8,7,0,11,0,2,1,0,0,0,0,0,0,0,0,4,2,2,6,3,3,1,1,0,0,0,0,1,0,1,3,2,1
58684629,257,140,117,1,80,29,31,16,7,9,5,19,12,15,13,3,12,4,8,85,52,33,104,50,54,3,1,2,38,21,17,15,12,3
58684630,1666,899,767,26,594,92,187,119,51,38,30,141,92,110,116,10,101,56,45,555,339,216,608,303,305,31,4,27,311,151,160,60,46,14
58684631,147,91,56,6,68,7,12,13,5,1,0,12,7,8,4,1,5,2,3,57,37,20,55,34,21,0,0,0,18,10,8,12,8,4
58684632,36,19,17,2,6,3,6,0,0,1,1,7,2,3,3,0,1,1,0,12,9,3,15,7,8,0,0,0,6,2,4,2,0,2
58684633,1931,1051,880,27,615,144,222,107,57,50,23,170,126,159,149,7,78,36,42,567,361,206,756,370,386,34,11,23,447,245,202,49,28,21
58684634,1423,770,653,25,436,97,151,111,31,36,23,116,102,101,149,4,59,33,26,415,280,135,565,268,297,22,6,16,327,164,163,35,19,16
58684635,84,47,37,2,26,2,8,7,3,3,1,9,5,7,6,0,1,0,1,33,23,10,25,10,15,3,1,2,20,11,9,2,2,0
58684638,1750,960,790,24,565,113,173,107,59,45,32,172,73,133,163,13,107,59,48,472,295,177,641,332,309,39,15,24,373,178,195,118,81,37
58684639,23,13,10,0,10,1,4,2,3,0,0,0,2,0,1,0,1,1,0,11,6,5,7,4,3,1,1,0,3,1,2,0,0,0
58684640,452,235,217,3,114,17,53,19,5,18,19,41,42,36,67,2,10,5,5,48,28,20,155,79,76,7,1,6,227,119,108,5,3,2
58684641,30,14,16,1,10,1,1,0,3,1,0,1,0,2,6,1,4,2,2,9,5,4,13,6,7,0,0,0,4,1,3,0,0,0
58684643,124,67,57,0,38,9,16,7,2,3,5,8,4,10,16,1,1,1,0,28,14,14,54,25,29,2,0,2,37,25,12,2,2,0
58684644,1213,674,539,12,429,70,124,78,29,33,26,97,75,73,118,5,43,23,20,348,227,121,484,250,234,21,12,9,283,140,143,34,22,12
58684645,88,41,47,0,36,1,9,7,2,0,1,10,6,6,10,0,0,0,0,39,23,16,26,10,16,3,0,3,19,8,11,1,0,1
58684646,420,228,192,8,123,28,58,34,13,9,8,30,27,31,38,2,19,5,14,116,76,40,182,93,89,2,0,2,94,49,45,7,5,2
58684647,48,33,15,1,18,4,4,2,1,1,0,8,1,3,2,1,2,1,1,11,10,1,23,14,9,0,0,0,3,3,0,9,5,4
58684649,383,200,183,4,115,23,42,20,8,10,13,30,32,35,37,1,9,4,5,73,53,20,155,73,82,11,2,9,131,66,65,4,2,2
58684650,1702,936,766,24,515,100,197,98,37,45,36,137,131,134,180,6,73,32,41,431,303,128,643,325,318,43,15,28,443,216,227,69,45,24
58684651,1924,1040,884,19,600,110,197,125,65,46,43,156,134,144,188,13,91,53,38,585,368,217,678,335,343,59,25,34,429,201,228,82,58,24
58684653,2009,1160,849,35,615,175,217,115,122,40,24,215,79,85,126,40,233,118,115,578,360,218,589,316,273,22,11,11,315,155,160,272,200,72
58684654,78,44,34,1,35,4,6,6,2,1,0,6,4,5,4,0,10,4,6,24,15,9,32,21,11,3,1,2,8,2,6,1,1,0
58684655,1536,791,745,26,448,85,167,98,37,41,28,142,129,114,143,11,89,40,49,438,284,154,599,287,312,26,10,16,322,136,186,62,34,28
58684657,136,78,58,0,51,6,21,12,4,5,0,10,5,13,5,0,6,2,4,41,21,20,55,35,20,6,2,4,25,16,9,3,2,1
58729001,87,56,31,15,41,1,6,7,2,0,0,2,2,3,4,0,1,1,0,41,33,8,34,16,18,0,0,0,8,5,3,3,1,2
58730301,43,28,15,13,14,3,0,0,0,0,0,1,7,1,2,2,1,0,1,26,22,4,11,5,6,0,0,0,4,0,4,1,1,0
58732001,53,30,23,4,23,6,5,4,1,2,1,1,1,2,3,0,1,0,1,26,20,6,17,5,12,0,0,0,6,3,3,3,2,1
58733802,69,43,26,11,23,3,4,9,0,0,0,4,4,5,5,1,6,5,1,25,18,7,19,9,10,2,0,2,14,10,4,3,1,2
58734601,647,374,273,44,249,47,67,41,14,7,2,27,54,41,36,1,21,9,12,316,217,99,205,104,101,16,6,10,74,28,46,15,10,5
58734602,24,12,12,3,8,1,1,1,1,1,0,1,0,0,4,0,0,0,0,9,7,2,11,4,7,0,0,0,4,1,3,0,0,0
58734603,85,46,39,9,35,3,6,1,1,1,1,7,6,6,6,0,3,1,2,39,28,11,26,11,15,4,0,4,12,5,7,1,1,0
58734604,160,89,71,14,53,12,5,16,6,3,1,9,12,10,13,0,5,2,3,74,52,22,50,22,28,3,1,2,24,10,14,4,2,2
58736201,89,47,42,7,38,4,10,8,2,1,0,5,5,3,5,0,7,4,3,37,25,12,34,14,20,3,0,3,5,2,3,3,2,1
58737101,25,15,10,3,8,1,1,1,1,3,0,1,0,3,0,0,3,2,1,12,6,6,7,5,2,0,0,0,3,2,1,0,0,0
0670322,0,0,0,0,0,0,0,0,0,0,0,0,0,0,0,0,0,0,0,0,0,0,0,0,0,0,0,0,0,0,0,0,0,0
59084301,67,35,32,12,28,5,7,1,0,0,1,5,4,1,0,1,2,0,2,37,21,16,17,8,9,1,0,1,7,4,3,3,2,1
59084303,549,321,228,60,228,35,47,25,14,4,8,23,39,35,20,1,25,11,14,271,179,92,160,73,87,6,0,6,70,43,27,17,15,2
59084305,54,32,22,8,24,6,4,2,4,1,0,0,1,2,2,0,4,2,2,31,20,11,11,5,6,0,0,0,7,4,3,1,1,0
58738902,74,43,31,17,36,5,3,3,1,0,2,1,2,2,2,0,7,1,6,38,30,8,21,8,13,0,0,0,6,3,3,2,1,1
58740101,498,278,220,16,265,14,34,43,12,9,0,31,22,16,28,2,28,18,10,230,139,91,143,72,71,5,2,3,73,33,40,19,14,5
58741901,43,25,18,5,14,4,1,1,2,0,2,4,1,3,5,1,3,1,2,13,11,2,18,8,10,0,0,0,8,4,4,1,1,0
58742701,224,132,92,27,68,20,18,12,3,11,2,9,17,14,15,0,10,5,5,90,68,22,71,32,39,7,3,4,40,21,19,6,3,3
58743501,347,208,139,19,169,23,23,19,19,2,1,10,18,15,17,3,21,10,11,164,111,53,84,48,36,8,3,5,51,23,28,19,13,6
58744301,98,58,40,22,38,7,3,4,1,3,0,3,5,9,2,1,5,2,3,37,26,11,31,13,18,0,0,0,20,12,8,5,5,0
58745101,45,25,20,5,9,6,6,2,5,2,2,2,2,2,2,0,1,0,1,21,13,8,14,8,6,1,0,1,6,3,3,2,1,1
58747802,1405,801,604,36,465,99,159,132,39,34,19,90,89,84,117,5,51,27,24,524,346,178,505,266,239,28,9,19,236,104,132,61,49,12
58747803,32,21,11,4,13,3,1,6,1,0,0,0,1,1,1,0,2,1,1,14,9,5,13,8,5,0,0,0,1,1,0,2,2,0
58747805,16,9,7,2,5,1,1,1,0,0,0,2,0,2,1,0,0,0,0,2,1,1,8,5,3,0,0,0,3,1,2,3,2,1
58747806,17,10,7,3,3,1,1,2,2,0,1,1,2,0,0,0,1,1,0,7,5,2,7,4,3,1,0,1,1,0,1,0,0,0
58748601,291,161,130,9,91,23,33,22,8,5,10,22,22,10,27,1,4,3,1,101,66,35,119,60,59,4,1,3,58,28,30,5,3,2
58749401,86,50,36,17,34,4,12,2,0,0,0,4,4,2,5,0,2,0,2,44,29,15,23,12,11,3,0,3,5,1,4,9,8,1
58750801,148,84,64,4,60,21,9,12,2,0,2,8,7,4,10,1,9,4,5,68,45,23,44,21,23,5,2,3,14,6,8,8,6,2
58752401,73,44,29,9,30,4,5,4,0,1,1,5,6,4,2,0,2,1,1,35,23,12,26,14,12,1,0,1,8,5,3,1,1,0
58753201,42,28,14,6,14,1,1,2,1,2,0,4,6,1,3,0,2,0,2,18,14,4,8,4,4,3,1,2,10,8,2,1,1,0
58753202,40,25,15,7,17,2,2,2,0,0,1,5,0,0,4,0,3,2,1,17,13,4,14,8,6,0,0,0,3,1,2,3,1,2
58754101,39,25,14,4,16,6,2,3,1,0,0,1,2,2,1,0,3,0,3,20,17,3,11,6,5,0,0,0,5,2,3,0,0,0
58754102,356,200,156,38,150,36,19,17,13,4,3,13,12,19,20,3,14,9,5,180,114,66,97,47,50,4,1,3,45,18,27,16,11,5
58754103,22,14,8,7,5,1,1,1,0,0,0,3,1,1,0,1,3,1,2,10,8,2,7,4,3,0,0,0,2,1,1,0,0,0
58755901,62,39,23,12,25,5,6,2,1,1,1,1,4,0,1,0,2,0,2,39,30,9,13,5,8,0,0,0,5,3,2,3,1,2
58756701,95,52,43,11,24,5,8,8,5,1,1,4,9,6,10,1,1,0,1,33,21,12,46,23,23,1,0,1,13,7,6,1,1,0
58757501,92,53,39,16,42,4,4,6,0,2,2,5,3,2,4,0,0,0,0,53,36,17,29,12,17,2,1,1,7,3,4,1,1,0
58758301,109,63,46,22,25,15,7,6,5,2,1,8,5,5,8,0,5,3,2,45,33,12,40,19,21,1,0,1,14,5,9,4,3,1
58759101,411,232,179,44,127,34,46,26,14,8,5,22,17,29,21,1,19,10,9,164,103,61,147,82,65,6,3,3,64,29,35,11,5,6
58761301,34,17,17,5,12,4,2,0,0,0,2,2,2,1,2,1,2,0,2,10,9,1,19,8,11,2,0,2,1,0,1,0,0,0
58721401,30,16,14,11,6,0,2,1,0,0,1,2,1,1,3,0,0,0,0,8,5,3,14,7,7,2,0,2,6,4,2,0,0,0
58762101,108,63,45,11,35,8,12,6,2,0,2,7,8,4,8,1,2,1,1,44,29,15,41,22,19,4,2,2,16,8,8,1,1,0
58763001,36,17,19,1,12,3,1,1,1,1,0,4,0,5,3,1,2,1,1,18,10,8,10,3,7,0,0,0,3,1,2,3,2,1
58764801,37,22,15,2,12,2,6,2,1,0,1,1,0,2,6,0,2,1,1,19,12,7,10,5,5,1,0,1,5,4,1,0,0,0
58765601,99,55,44,7,32,6,4,10,2,1,2,5,6,11,12,0,3,1,2,36,28,8,37,15,22,2,0,2,18,8,10,3,3,0
58767201,17,11,6,7,6,0,1,0,0,0,1,0,0,0,1,1,0,0,0,9,7,2,4,3,1,2,1,1,2,0,2,0,0,0
58767202,39,26,13,6,16,4,1,3,0,0,0,2,2,2,1,0,6,3,3,20,15,5,10,5,5,0,0,0,2,2,0,1,1,0
58768101,20,11,9,6,7,2,0,0,0,0,0,1,3,0,1,0,0,0,0,5,4,1,12,5,7,0,0,0,3,2,1,0,0,0
58768102,168,96,72,16,46,22,16,13,3,1,2,6,11,12,11,2,6,3,3,83,62,21,57,24,33,3,1,2,13,3,10,6,3,3
58768103,13,10,3,2,5,1,3,0,0,0,0,0,1,0,1,0,0,0,0,9,8,1,1,0,1,0,0,0,3,2,1,0,0,0
58770201,102,58,44,2,28,15,10,13,1,1,3,4,10,5,5,0,5,3,2,35,21,14,33,21,12,1,0,1,25,12,13,3,1,2
58771101,128,77,51,18,53,14,12,7,2,0,0,6,4,3,8,0,4,3,1,66,40,26,48,30,18,1,1,0,6,1,5,3,2,1
58771102,80,45,35,13,29,13,4,2,1,1,2,3,3,4,2,0,0,0,0,39,29,10,23,10,13,3,0,3,12,4,8,3,2,1
58771103,10,4,6,1,2,2,2,0,1,0,0,0,0,0,1,0,0,0,0,4,2,2,3,1,2,2,1,1,1,0,1,0,0,0
58771104,84,43,41,10,31,5,9,8,5,0,0,2,7,2,2,0,5,3,2,41,25,16,28,11,17,3,1,2,6,3,3,1,0,1
58771105,327,187,140,11,155,19,37,15,12,4,3,12,17,9,24,1,20,11,9,125,91,34,112,51,61,10,2,8,44,20,24,16,12,4
58771106,275,154,121,14,86,30,34,16,1,6,3,13,15,19,27,3,15,8,7,108,67,41,79,47,32,9,3,6,54,22,32,10,7,3
58771108,531,296,235,9,245,36,54,41,7,10,3,27,31,29,28,1,23,13,10,225,145,80,198,95,103,5,2,3,69,35,34,11,6,5
58771109,287,165,122,7,125,16,33,19,4,3,0,20,15,22,10,0,19,11,8,117,83,34,103,52,51,4,1,3,36,13,23,8,5,3
58771110,773,423,350,21,332,64,84,34,17,13,2,45,39,47,50,2,30,16,14,301,193,108,291,143,148,18,6,12,106,49,57,27,16,11
58771111,19,8,11,4,4,4,1,0,0,0,0,3,0,1,2,0,1,0,1,6,2,4,5,3,2,2,0,2,5,3,2,0,0,0
58774502,328,190,138,21,116,29,27,25,10,2,4,17,21,16,31,2,19,15,4,141,94,47,101,46,55,6,2,4,35,14,21,26,19,7
58774503,29,14,15,2,13,6,1,1,0,0,0,1,1,1,3,0,3,2,1,13,8,5,10,2,8,2,1,1,1,1,0,0,0,0
58774504,65,38,27,5,21,2,3,3,2,2,1,6,5,4,5,0,3,1,2,21,15,6,20,9,11,3,0,3,14,10,4,4,3,1
58776101,111,65,46,11,36,11,12,12,1,1,2,4,3,7,6,2,5,4,1,50,30,20,37,19,18,1,0,1,14,10,4,4,2,2
58717601,256,141,115,11,63,21,38,14,12,8,8,16,14,20,20,0,9,6,3,66,45,21,101,53,48,4,0,4,69,31,38,7,6,1
58778801,222,121,101,6,63,12,26,10,14,4,4,18,19,16,21,1,10,6,4,78,55,23,78,32,46,3,2,1,51,24,27,2,2,0
58778802,33,18,15,5,5,0,4,3,2,0,2,4,2,2,4,0,1,1,0,6,2,4,15,8,7,2,0,2,7,5,2,2,2,0
58779602,174,98,76,25,57,8,14,13,2,3,1,9,14,13,11,0,5,4,1,94,64,30,50,17,33,1,0,1,23,12,11,1,1,0
58780001,76,47,29,22,21,6,5,5,4,0,1,2,2,2,4,1,1,0,1,52,35,17,20,10,10,1,0,1,1,1,0,1,1,0
58781801,176,97,79,37,68,11,17,6,3,6,1,1,8,7,9,0,11,9,2,88,53,35,54,27,27,3,0,3,18,7,11,2,1,1
58782601,45,27,18,11,16,5,2,1,0,0,0,3,2,3,1,0,1,0,1,19,13,6,14,9,5,0,0,0,11,5,6,0,0,0
58783401,106,67,39,12,29,12,7,4,3,3,2,8,5,9,5,0,4,1,3,38,31,7,37,21,16,4,0,4,21,13,8,2,1,1
58785101,47,25,22,7,19,2,2,2,2,2,1,2,6,0,0,0,1,0,1,18,12,6,16,9,7,1,0,1,10,4,6,1,0,1
58787701,23,14,9,4,10,2,2,2,0,0,2,0,0,0,1,0,1,1,0,15,9,6,7,4,3,0,0,0,0,0,0,0,0,0
58788501,150,85,65,44,29,9,12,14,1,2,2,9,5,12,7,1,3,1,2,66,48,18,44,20,24,4,1,3,29,13,16,4,2,2
55029901,147,81,66,5,47,19,18,8,4,3,0,8,12,7,14,1,5,5,0,69,39,30,47,24,23,5,1,4,15,7,8,6,5,1
55029902,33,20,13,3,11,2,2,3,1,0,1,2,4,2,1,0,1,0,1,9,8,1,14,8,6,2,1,1,7,3,4,0,0,0
55029903,54,28,26,0,18,2,9,1,4,2,4,5,3,3,2,0,0,0,0,14,11,3,24,10,14,2,0,2,12,5,7,2,2,0
58791501,94,52,42,15,36,7,4,4,1,3,0,4,8,6,4,0,2,0,2,48,32,16,27,12,15,0,0,0,16,7,9,1,1,0
58792302,317,192,125,45,96,33,23,18,13,5,5,13,21,14,17,4,8,5,3,145,105,40,101,45,56,5,2,3,35,17,18,23,18,5
58793102,541,302,239,42,154,55,68,37,16,13,10,25,41,37,34,2,27,16,11,232,153,79,183,84,99,16,6,10,64,30,34,19,13,6
58794001,45,25,20,8,18,1,3,3,1,0,0,2,1,5,3,0,5,2,3,14,9,5,14,10,4,1,1,0,8,3,5,3,0,3
58795802,229,128,101,8,94,12,24,27,0,3,5,9,10,15,17,0,10,6,4,93,61,32,80,39,41,6,1,5,33,15,18,7,6,1
58798201,31,16,15,1,15,2,3,0,3,1,0,2,1,2,0,0,2,0,2,14,7,7,9,5,4,2,1,1,4,3,1,0,0,0
58798202,40,23,17,6,11,3,5,3,0,0,1,4,2,1,2,0,2,2,0,19,13,6,12,5,7,0,0,0,6,2,4,1,1,0
58798203,60,30,30,6,20,6,4,3,3,0,0,9,3,2,3,0,4,1,3,28,16,12,13,4,9,1,1,0,12,6,6,2,2,0
58799101,21,13,8,3,8,2,1,4,0,0,0,0,2,0,1,0,2,2,0,12,10,2,4,1,3,0,0,0,2,0,2,1,0,1
58800801,103,57,46,7,46,6,10,5,5,1,0,5,9,1,6,0,0,0,0,45,27,18,37,20,17,2,0,2,18,9,9,1,1,0
54725501,33,17,16,7,8,2,1,3,1,0,1,1,7,2,0,0,1,1,0,10,5,5,12,6,6,0,0,0,9,4,5,1,1,0
1656380,0,0,0,0,0,0,0,0,0,0,0,0,0,0,0,0,0,0,0,0,0,0,0,0,0,0,0,0,0,0,0,0,0,0
1656710,0,0,0,0,0,0,0,0,0,0,0,0,0,0,0,0,0,0,0,0,0,0,0,0,0,0,0,0,0,0,0,0,0,0
58802401,39,22,17,4,16,3,4,3,0,0,0,4,4,1,0,0,1,0,1,13,9,4,18,10,8,0,0,0,4,2,2,3,1,2
58802402,124,80,44,6,23,11,22,10,12,7,0,13,1,4,6,1,5,5,0,26,16,10,39,19,20,0,0,0,25,15,10,29,25,4
58802403,39,22,17,3,10,6,5,0,0,0,1,5,3,1,1,1,1,1,0,13,9,4,14,7,7,0,0,0,8,5,3,3,0,3
58802404,41,19,22,5,17,6,2,0,3,0,0,1,1,3,1,1,1,0,1,20,10,10,10,5,5,0,0,0,8,3,5,2,1,1
58802405,142,76,66,4,43,15,12,14,7,1,1,11,7,8,9,1,7,4,3,55,35,20,39,16,23,2,0,2,24,10,14,15,11,4
58802406,250,142,108,19,80,22,16,15,12,4,2,18,15,12,20,0,4,3,1,91,62,29,87,45,42,3,2,1,56,22,34,9,8,1
58802408,10,5,5,2,2,2,0,0,0,0,0,0,1,0,2,1,4,1,3,1,1,0,3,2,1,0,0,0,2,1,1,0,0,0
58802409,347,204,143,22,108,29,44,13,18,5,4,19,19,30,12,1,10,4,6,141,97,44,113,64,49,4,1,3,76,38,38,3,0,3
58802410,59,35,24,2,17,1,4,2,5,2,2,5,6,8,4,0,1,1,0,15,9,6,16,8,8,0,0,0,26,16,10,1,1,0
58802411,174,97,77,15,55,9,14,2,8,2,1,22,12,14,14,1,7,3,4,62,40,22,57,29,28,4,3,1,41,20,21,3,2,1
58802413,564,302,262,34,176,47,56,29,27,5,8,29,35,52,42,3,13,3,10,225,146,79,189,87,102,10,4,6,114,52,62,13,10,3
58802414,20,14,6,0,3,10,1,1,1,0,0,2,0,0,1,1,1,1,0,10,7,3,5,3,2,0,0,0,0,0,0,4,3,1
58802415,592,310,282,34,196,39,55,48,16,3,12,41,38,51,39,4,23,12,11,230,140,90,210,99,111,9,2,7,100,46,54,20,11,9
58803201,34,18,16,11,13,0,5,0,0,0,0,1,1,1,0,0,2,1,1,9,7,2,12,5,7,1,0,1,5,2,3,5,3,2
58803202,75,41,34,8,26,2,6,4,1,0,3,2,9,5,6,1,7,3,4,26,14,12,29,16,13,0,0,0,11,8,3,2,0,2
58803203,76,47,29,5,31,6,7,6,1,0,1,3,5,5,3,0,2,1,1,39,28,11,22,13,9,1,0,1,6,3,3,6,2,4
58803204,91,58,33,5,37,4,12,6,2,2,1,6,5,4,3,0,3,3,0,52,35,17,23,11,12,2,0,2,9,7,2,2,2,0
58803205,14,8,6,5,3,0,1,1,1,0,0,1,1,0,1,0,1,1,0,6,4,2,7,3,4,0,0,0,0,0,0,0,0,0
58803206,1070,601,469,40,436,69,115,55,37,16,10,65,51,72,68,8,61,32,29,462,294,168,332,171,161,19,4,15,124,49,75,72,51,21
58803208,107,60,47,3,40,9,14,5,0,3,0,9,4,11,5,1,2,1,1,43,26,17,41,22,19,3,2,1,18,9,9,0,0,0
58803209,179,103,76,10,58,18,10,9,4,7,5,8,16,17,9,0,4,1,3,61,47,14,61,33,28,4,0,4,41,17,24,8,5,3
58803210,1072,583,489,45,419,65,110,50,26,18,17,56,63,81,89,7,23,13,10,400,257,143,409,204,205,17,5,12,197,90,107,26,14,12
58804101,77,45,32,7,23,10,4,2,3,1,1,6,9,3,6,0,2,2,0,21,13,8,33,20,13,4,3,1,16,7,9,1,0,1
58806701,65,36,29,10,17,8,5,3,0,0,0,5,4,6,5,0,1,0,1,16,11,5,27,12,15,0,0,0,17,9,8,4,4,0
58807502,104,64,40,6,42,9,12,4,5,0,3,3,10,2,5,1,0,0,0,48,33,15,38,21,17,1,1,0,13,6,7,4,3,1
58808301,42,27,15,7,7,1,4,3,3,0,1,4,2,4,1,3,4,2,2,21,16,5,14,6,8,0,0,0,2,2,0,1,1,0
3390240,0,0,0,0,0,0,0,0,0,0,0,0,0,0,0,0,0,0,0,0,0,0,0,0,0,0,0,0,0,0,0,0,0,0
58809101,15,7,8,0,4,0,1,1,3,0,0,2,2,1,0,0,2,1,1,3,2,1,6,2,4,1,1,0,3,1,2,0,0,0
58810501,13,6,7,1,4,0,1,1,1,0,0,1,2,1,1,0,0,0,0,4,3,1,7,2,5,0,0,0,1,1,0,1,0,1
1981700,0,0,0,0,0,0,0,0,0,0,0,0,0,0,0,0,0,0,0,0,0,0,0,0,0,0,0,0,0,0,0,0,0,0
58811301,20,12,8,1,7,2,2,3,2,0,0,1,1,0,0,0,1,1,0,7,5,2,5,1,4,0,0,0,6,4,2,1,1,0
58811303,34,22,12,1,12,3,4,1,1,1,1,2,3,4,1,0,1,1,0,11,7,4,15,11,4,0,0,0,5,1,4,2,2,0
58811304,440,249,191,17,149,26,59,20,13,9,5,35,32,25,31,2,15,11,4,158,111,47,165,79,86,6,2,4,88,41,47,8,5,3
58811305,10,6,4,0,3,0,1,0,1,0,0,3,1,0,1,0,1,1,0,2,1,1,6,4,2,0,0,0,0,0,0,1,0,1
58811306,140,78,62,5,50,9,23,9,4,4,6,7,6,7,8,0,6,3,3,46,28,18,53,29,24,3,0,3,27,14,13,5,4,1
58812102,307,177,130,9,99,27,24,31,20,5,1,13,24,21,20,4,9,3,6,126,89,37,106,46,60,7,4,3,40,21,19,19,14,5
58813001,83,48,35,6,29,8,7,3,1,1,3,5,11,2,4,0,1,1,0,39,29,10,26,12,14,3,1,2,11,4,7,3,1,2
58814801,62,32,30,5,14,6,8,2,0,3,1,5,6,4,5,0,4,2,2,19,12,7,19,10,9,2,0,2,17,7,10,1,1,0
58815601,33,17,16,3,7,3,6,2,1,1,0,4,2,0,4,0,3,0,3,9,8,1,13,6,7,1,0,1,4,1,3,3,2,1
58815602,149,84,65,8,58,7,19,7,2,2,1,7,5,11,14,1,7,5,2,64,44,20,52,26,26,3,0,3,20,8,12,3,1,2
58816401,26,16,10,3,9,2,0,2,2,0,1,2,1,1,2,1,3,2,1,12,8,4,6,4,2,0,0,0,3,1,2,2,1,1
58817201,30,20,10,1,10,4,4,1,1,1,0,3,2,1,1,0,0,0,0,9,7,2,16,11,5,0,0,0,2,1,1,3,1,2
58817202,76,39,37,4,22,7,13,8,1,1,1,2,3,6,3,0,2,2,0,31,19,12,28,11,17,0,0,0,11,4,7,4,3,1
58817203,83,46,37,1,25,7,3,4,1,2,2,9,5,10,9,0,0,0,0,29,21,8,29,15,14,1,0,1,24,10,14,0,0,0
58817205,270,140,130,18,70,37,29,17,3,4,5,20,13,22,20,3,8,3,5,97,65,32,101,41,60,3,0,3,49,23,26,12,8,4
58818101,206,112,94,10,76,22,16,17,4,3,2,8,15,11,15,2,6,0,6,93,66,27,70,31,39,4,1,3,26,10,16,7,4,3
58819901,41,21,20,7,19,3,2,0,0,0,0,2,2,4,1,0,3,2,1,18,10,8,14,5,9,0,0,0,3,2,1,3,2,1
58820201,133,84,49,19,42,12,23,4,3,1,1,3,6,12,5,0,4,3,1,50,35,15,50,27,23,3,1,2,16,9,7,10,9,1
58723101,20,10,10,9,4,1,0,0,1,0,0,1,1,2,1,0,1,0,1,6,4,2,2,0,2,0,0,0,4,1,3,7,5,2
58821101,104,62,42,14,30,5,11,5,2,7,0,15,4,4,6,0,10,6,4,37,28,9,39,17,22,2,1,1,14,8,6,2,2,0
58822901,54,26,28,4,20,5,7,4,6,0,0,2,2,2,1,0,1,0,1,35,19,16,13,6,7,1,0,1,2,0,2,2,1,1
58824501,24,15,9,4,10,3,1,0,0,1,0,2,2,0,1,0,1,0,1,15,9,6,7,5,2,0,0,0,1,1,0,0,0,0
58825301,217,126,91,34,60,19,28,9,2,6,1,9,9,21,11,0,3,0,3,75,56,19,88,42,46,7,2,5,41,24,17,3,2,1
58826101,38,21,17,6,11,3,2,1,0,2,0,3,2,5,2,1,0,0,0,12,8,4,11,5,6,1,0,1,11,6,5,3,2,1
58827001,62,39,23,12,18,9,6,2,1,0,1,2,5,2,3,0,3,1,2,25,20,5,23,12,11,3,2,1,7,3,4,1,1,0
58828801,199,111,88,18,67,18,16,13,6,5,1,19,9,6,16,0,8,4,4,89,57,32,68,31,37,0,0,0,31,16,15,3,3,0
50938801,50,25,25,8,18,3,3,1,2,0,0,2,2,5,4,0,3,1,2,26,15,11,16,7,9,0,0,0,5,2,3,0,0,0
56111801,46,28,18,12,10,2,3,4,1,0,2,5,1,2,3,0,4,3,1,16,12,4,15,10,5,0,0,0,8,1,7,3,2,1
56112601,28,16,12,4,11,1,4,4,0,0,0,1,1,1,0,0,2,1,1,20,12,8,4,1,3,0,0,0,1,1,0,1,1,0
54754901,83,46,37,11,26,6,8,4,3,1,0,6,5,8,4,0,4,3,1,36,20,16,33,17,16,0,0,0,9,5,4,1,1,0
56124001,37,22,15,8,15,0,4,0,0,1,0,0,3,3,2,0,0,0,0,16,12,4,16,9,7,0,0,0,5,1,4,0,0,0
50941801,46,29,17,7,16,4,1,2,0,1,0,4,2,6,3,0,2,1,1,15,11,4,17,13,4,1,1,0,11,3,8,0,0,0
54758101,306,173,133,37,114,24,23,13,7,4,1,16,17,29,12,2,9,7,2,123,85,38,122,58,64,2,0,2,39,14,25,11,9,2
54758102,11,6,5,0,3,1,4,1,0,0,0,0,0,0,2,0,0,0,0,4,2,2,4,2,2,0,0,0,3,2,1,0,0,0
54760301,71,42,29,19,25,3,4,2,3,0,0,0,3,3,8,0,2,0,2,30,22,8,25,12,13,1,0,1,9,5,4,4,3,1
54763801,147,83,64,14,61,9,12,6,5,1,1,8,7,11,7,0,2,1,1,62,43,19,54,25,29,3,2,1,20,8,12,6,4,2
54763802,16,9,7,2,6,1,0,1,0,0,0,1,2,1,1,0,0,0,0,9,6,3,4,2,2,1,0,1,2,1,1,0,0,0
56131201,24,16,8,6,12,0,0,1,0,0,0,3,2,0,0,0,0,0,0,13,11,2,7,3,4,0,0,0,3,1,2,1,1,0
56131202,49,35,14,4,21,8,5,1,0,0,1,1,4,1,3,0,2,2,0,27,22,5,15,8,7,0,0,0,3,1,2,2,2,0
56131205,25,16,9,5,8,3,0,1,1,0,0,3,2,0,1,0,3,3,0,11,7,4,7,4,3,0,0,0,4,2,2,0,0,0
56180101,65,40,25,2,26,5,8,4,4,0,0,5,3,3,4,0,5,4,1,25,20,5,28,13,15,0,0,0,6,3,3,1,0,1
54766201,20,14,6,8,6,2,2,1,0,1,0,0,0,0,0,0,0,0,0,8,7,1,7,3,4,1,1,0,4,3,1,0,0,0
54766202,148,85,63,25,49,12,14,8,3,2,0,4,7,6,15,1,15,11,4,65,43,22,48,25,23,2,0,2,11,3,8,7,3,4
54768901,14,11,3,4,8,0,0,1,0,0,0,0,0,0,1,0,0,0,0,8,7,1,4,3,1,0,0,0,2,1,1,0,0,0
54768903,10,6,4,3,2,1,0,1,0,0,0,0,0,0,3,0,0,0,0,8,6,2,1,0,1,0,0,0,0,0,0,1,0,1
54768904,16,10,6,3,4,0,1,1,0,2,1,0,2,1,1,0,1,1,0,5,3,2,6,3,3,0,0,0,4,3,1,0,0,0
54771901,21,12,9,4,6,4,0,1,0,0,0,3,0,3,0,0,0,0,0,5,4,1,8,5,3,0,0,0,7,2,5,1,1,0
54771902,181,107,74,51,43,13,12,13,4,2,1,10,7,7,14,0,8,3,5,68,46,22,68,37,31,2,1,1,29,17,12,6,3,3
54771904,13,9,4,4,3,0,2,0,0,0,1,1,1,1,0,0,0,0,0,4,4,0,4,1,3,0,0,0,4,3,1,1,1,0
54771905,72,40,32,20,27,4,4,1,2,1,0,2,1,5,3,0,3,0,3,39,28,11,19,8,11,1,1,0,5,1,4,5,2,3
54771906,21,12,9,4,4,0,2,1,1,1,0,0,3,3,2,0,1,0,1,6,4,2,8,5,3,0,0,0,6,3,3,0,0,0
54773501,302,175,127,16,119,32,30,17,6,5,0,19,14,25,14,2,7,2,5,132,93,39,104,53,51,8,2,6,42,19,23,9,6,3
54773502,14,8,6,1,4,3,1,1,0,0,0,0,2,1,1,0,0,0,0,7,6,1,5,2,3,0,0,0,2,0,2,0,0,0
52982601,38,19,19,6,13,0,6,1,0,0,0,2,3,6,1,0,1,0,1,11,9,2,16,6,10,1,0,1,6,2,4,3,2,1
56114201,57,33,24,12,18,6,5,2,1,0,0,5,1,3,1,0,3,1,2,19,11,8,23,14,9,2,0,2,5,3,2,5,4,1
0268410,0,0,0,0,0,0,0,0,0,0,0,0,0,0,0,0,0,0,0,0,0,0,0,0,0,0,0,0,0,0,0,0,0,0
54776001,32,17,15,7,5,2,2,1,0,0,0,1,3,6,4,0,1,0,1,9,5,4,10,7,3,2,1,1,10,4,6,0,0,0
54776002,635,350,285,65,114,63,39,35,15,17,4,17,35,85,124,6,46,23,23,212,140,72,232,121,111,15,4,11,107,46,61,23,16,7
54776004,15,11,4,2,3,1,1,2,0,0,0,0,0,1,2,1,1,1,0,2,2,0,8,6,2,0,0,0,4,2,2,0,0,0
54776005,28,16,12,11,6,2,3,2,0,0,0,0,0,1,2,0,4,2,2,7,5,2,14,7,7,0,0,0,1,0,1,2,2,0
54776006,9,5,4,0,0,1,0,2,0,0,0,1,2,1,2,0,0,0,0,5,3,2,1,1,0,0,0,0,3,1,2,0,0,0
54776007,33,20,13,13,5,1,1,1,0,1,0,0,0,5,5,0,4,2,2,12,10,2,8,6,2,1,0,1,8,2,6,0,0,0
54776009,23,15,8,9,5,0,4,1,0,1,0,1,1,0,1,0,5,3,2,12,8,4,3,3,0,0,0,0,2,1,1,1,0,1
54777802,395,221,174,49,157,22,34,20,18,4,4,22,17,15,20,5,30,14,16,154,101,53,129,62,67,9,2,7,46,25,21,27,17,10
54777804,41,24,17,12,13,2,3,4,1,0,0,1,1,1,2,0,3,3,0,15,9,6,15,8,7,1,0,1,4,1,3,3,3,0
54777805,17,9,8,3,4,2,3,0,2,0,0,0,1,0,1,1,0,0,0,5,2,3,8,5,3,2,1,1,2,1,1,0,0,0
54777806,32,19,13,12,6,1,3,1,1,0,0,3,1,2,2,0,1,1,0,10,7,3,11,6,5,1,1,0,8,3,5,1,1,0
59870401,64,35,29,13,15,6,10,5,4,0,0,4,1,5,0,0,1,1,0,23,14,9,27,14,13,1,0,1,7,3,4,5,3,2
56192401,20,12,8,2,7,2,3,0,0,0,0,1,2,1,2,0,0,0,0,7,5,2,10,6,4,0,0,0,3,1,2,0,0,0
56192403,27,16,11,0,8,9,1,0,0,0,0,0,2,0,5,0,1,1,0,12,8,4,8,6,2,2,1,1,3,0,3,1,0,1
56192404,16,8,8,1,4,1,3,0,3,0,0,2,0,0,2,0,0,0,0,6,5,1,3,1,2,1,0,1,4,2,2,2,0,2
56193201,64,41,23,9,29,3,9,3,1,3,0,2,2,1,2,0,4,4,0,30,19,11,24,15,9,2,1,1,4,2,2,0,0,0
56193202,13,9,4,1,3,1,2,1,1,0,1,1,0,0,0,0,1,1,0,6,4,2,4,2,2,0,0,0,1,1,0,1,1,0
56193203,14,7,7,2,3,2,3,1,0,0,0,0,1,0,2,0,0,0,0,4,3,1,6,2,4,0,0,0,4,2,2,0,0,0
56176201,54,31,23,21,11,3,4,1,1,1,0,1,1,5,4,0,3,2,1,22,15,7,18,10,8,1,0,1,10,4,6,0,0,0
55154601,41,24,17,2,11,4,4,2,4,2,0,5,3,1,2,0,1,0,1,16,11,5,11,7,4,1,0,1,11,5,6,1,1,0
52986901,9,7,2,1,1,2,2,0,0,1,1,0,0,0,1,0,0,0,0,3,2,1,4,3,1,0,0,0,2,2,0,0,0,0
52986902,12,7,5,3,1,0,1,0,0,0,0,1,0,1,3,0,1,0,1,5,4,1,5,3,2,0,0,0,1,0,1,0,0,0
56175401,27,15,12,11,7,0,3,0,0,0,0,1,0,1,0,0,1,1,0,8,6,2,12,7,5,0,0,0,5,1,4,1,0,1
54788301,54,32,22,4,19,10,0,3,3,0,0,6,3,1,3,0,0,0,0,19,14,5,23,13,10,1,0,1,9,4,5,2,1,1
56109601,34,18,16,9,9,0,2,2,0,2,0,3,0,2,4,0,3,1,2,15,10,5,12,6,6,1,0,1,3,1,2,0,0,0
54791301,679,387,292,59,242,46,60,53,16,6,11,45,30,43,32,7,31,15,16,254,164,90,236,123,113,9,2,7,103,54,49,46,29,17
54791302,125,67,58,19,56,4,9,4,5,1,3,8,3,4,4,2,7,5,2,61,40,21,47,19,28,0,0,0,7,2,5,3,1,2
54791303,29,18,11,6,8,3,7,0,0,0,0,1,1,1,0,1,1,1,0,14,9,5,12,7,5,0,0,0,2,1,1,0,0,0
54791304,49,31,18,15,11,2,4,3,2,0,0,2,2,2,4,0,5,4,1,18,14,4,14,8,6,3,2,1,4,1,3,5,2,3
54791305,8,5,3,2,1,2,0,0,0,0,0,0,1,1,0,1,0,0,0,3,2,1,2,2,0,0,0,0,3,1,2,0,0,0
55158901,87,47,40,8,22,14,13,10,1,0,1,4,3,3,7,0,3,2,1,38,27,11,32,13,19,2,1,1,11,3,8,1,1,0
54793001,11,6,5,2,3,0,0,0,0,0,1,0,2,0,2,0,1,1,0,2,2,0,6,3,3,0,0,0,2,0,2,0,0,0
54793002,140,82,58,24,50,5,11,9,1,4,2,3,9,7,11,1,4,4,0,56,40,16,55,26,29,3,2,1,18,6,12,4,4,0
54794801,5,3,2,2,1,0,0,1,0,1,0,0,0,0,0,0,0,0,0,0,0,0,3,2,1,0,0,0,2,1,1,0,0,0
54794802,300,167,133,68,76,24,30,15,5,3,10,15,14,16,18,1,22,15,7,111,70,41,93,41,52,4,1,3,54,28,26,16,12,4
54795601,63,34,29,12,13,6,3,5,3,3,1,4,6,2,4,0,1,0,1,30,18,12,24,11,13,0,0,0,7,4,3,1,1,0
54795603,28,15,13,5,5,5,0,0,1,0,1,5,0,3,1,0,2,1,1,6,4,2,11,6,5,0,0,0,9,4,5,0,0,0
54799901,198,111,87,6,78,17,27,11,4,1,3,11,6,18,9,2,6,2,4,85,58,27,68,32,36,4,3,1,27,12,15,8,4,4
54799902,153,82,71,10,49,9,27,15,3,2,1,6,8,7,11,0,4,4,0,49,31,18,67,28,39,2,0,2,25,16,9,6,3,3
54799903,117,63,54,4,47,7,20,4,1,1,3,10,2,5,10,1,0,0,0,47,26,21,51,27,24,3,1,2,14,8,6,2,1,1
54799904,14,12,2,0,3,1,0,1,1,0,0,7,0,1,0,0,0,0,0,5,5,0,0,0,0,0,0,0,0,0,0,9,7,2
54799905,89,53,36,6,42,6,10,3,7,0,2,1,3,5,4,0,4,3,1,42,29,13,29,14,15,1,1,0,11,5,6,2,1,1
54799906,119,62,57,4,45,11,14,6,3,0,4,11,2,8,5,0,4,1,3,57,32,25,40,18,22,2,1,1,8,3,5,8,7,1
54799907,15,10,5,2,9,0,1,1,1,1,0,0,0,0,0,0,1,0,1,7,4,3,6,5,1,0,0,0,1,1,0,0,0,0
54799908,73,44,29,10,27,5,7,6,0,1,0,0,1,4,7,1,1,1,0,42,28,14,15,7,8,0,0,0,11,5,6,4,3,1
54799909,83,50,33,5,20,3,19,4,5,1,2,5,2,2,13,1,3,3,0,42,27,15,25,15,10,3,0,3,4,2,2,6,3,3
54799910,93,49,44,5,38,9,11,7,1,2,0,4,2,5,7,0,5,3,2,43,25,18,30,15,15,1,0,1,9,3,6,5,3,2
54799911,35,22,13,3,10,1,6,5,0,1,0,2,3,0,3,1,2,1,1,15,11,4,13,6,7,1,1,0,4,3,1,0,0,0
54799912,363,206,157,16,132,15,53,17,19,5,4,34,13,18,15,6,18,7,11,127,77,50,118,61,57,6,2,4,48,21,27,46,38,8
54799913,920,502,418,23,313,39,152,31,35,12,22,59,37,84,65,7,39,24,15,276,183,93,340,170,170,28,10,18,197,93,104,40,22,18
54799915,273,147,126,5,71,21,49,12,8,3,4,28,14,19,31,0,6,2,4,73,54,19,122,61,61,6,1,5,60,24,36,6,5,1
54799916,15,10,5,0,0,0,3,8,0,0,0,0,0,3,0,0,0,0,0,4,3,1,6,5,1,2,2,0,3,0,3,0,0,0
54799917,543,292,251,25,196,26,53,38,11,8,4,44,28,45,49,3,21,16,5,171,105,66,204,94,110,9,2,7,120,62,58,18,13,5
54799919,104,59,45,8,26,9,14,5,1,4,1,10,5,8,8,0,1,0,1,34,21,13,31,16,15,4,0,4,24,16,8,10,6,4
54799920,1358,740,618,39,503,70,151,97,46,23,19,113,54,97,97,9,38,23,15,438,270,168,540,274,266,36,11,25,218,103,115,88,59,29
54799921,31,27,4,0,10,1,4,15,0,0,0,1,0,0,0,0,2,2,0,0,0,0,10,9,1,4,3,1,3,3,0,12,10,2
54799922,662,361,301,13,252,25,76,38,22,11,8,73,34,47,36,8,31,14,17,203,132,71,232,118,114,23,10,13,126,59,67,47,28,19
54799923,25,15,10,1,10,0,4,0,0,2,0,4,2,2,0,0,1,1,0,12,9,3,10,3,7,1,1,0,1,1,0,0,0,0
54799924,48,28,20,0,20,1,4,3,5,1,1,6,3,2,1,0,2,2,0,17,10,7,15,8,7,1,0,1,9,5,4,4,3,1
54799925,25,15,10,0,13,1,3,1,0,1,0,4,1,1,0,0,0,0,0,7,6,1,7,2,5,0,0,0,6,4,2,5,3,2
56133901,17,10,7,2,6,1,2,1,0,0,0,5,0,0,0,0,1,1,0,5,3,2,8,6,2,0,0,0,3,0,3,0,0,0
56132101,48,28,20,23,13,1,3,2,0,1,0,2,2,1,0,0,8,5,3,21,15,6,14,7,7,0,0,0,4,1,3,1,0,1
56146101,22,13,9,2,12,1,3,1,0,0,0,1,0,0,2,0,1,1,0,10,6,4,7,3,4,0,0,0,4,3,1,0,0,0
54807301,38,24,14,9,11,5,3,0,2,1,0,2,0,1,3,1,0,0,0,16,11,5,14,8,6,1,0,1,4,4,0,3,1,2
54808101,435,252,183,22,175,23,44,41,15,5,5,26,19,31,20,3,16,7,9,173,125,48,162,85,77,10,4,6,62,24,38,12,7,5
54808102,17,9,8,0,8,0,2,2,0,3,2,0,0,0,0,0,1,0,1,3,2,1,8,4,4,0,0,0,5,3,2,0,0,0
54808103,59,35,24,4,24,3,3,8,3,0,0,2,2,3,4,1,2,1,1,37,23,14,9,8,1,1,0,1,8,3,5,2,0,2
54809001,17,13,4,0,5,3,2,1,0,0,0,3,1,2,0,0,1,1,0,6,6,0,7,4,3,0,0,0,3,2,1,0,0,0
54809002,9,4,5,0,5,1,1,0,0,0,0,0,1,1,0,0,0,0,0,3,2,1,4,2,2,1,0,1,1,0,1,0,0,0
54809003,152,88,64,10,57,11,19,7,2,2,3,13,13,6,4,0,1,1,0,62,42,20,54,28,26,3,1,2,20,8,12,12,8,4
54809004,9,7,2,0,2,0,0,1,0,1,0,1,1,2,1,0,0,0,0,5,4,1,3,2,1,0,0,0,1,1,0,0,0,0
54810301,129,76,53,39,43,8,8,4,3,0,2,2,5,4,9,0,7,6,1,69,44,25,44,23,21,1,0,1,7,2,5,1,1,0
54810302,11,7,4,2,5,0,0,1,0,0,0,1,0,0,1,1,0,0,0,2,2,0,2,2,0,0,0,0,3,1,2,4,2,2
1330012,0,0,0,0,0,0,0,0,0,0,0,0,0,0,0,0,0,0,0,0,0,0,0,0,0,0,0,0,0,0,0,0,0,0
3013610,0,0,0,0,0,0,0,0,0,0,0,0,0,0,0,0,0,0,0,0,0,0,0,0,0,0,0,0,0,0,0,0,0,0
54811101,34,19,15,3,12,5,3,1,1,0,0,3,1,2,1,2,6,3,3,11,7,4,10,6,4,2,2,0,3,1,2,2,0,2
54811102,38,21,17,6,13,6,4,0,0,0,1,1,3,2,2,0,4,2,2,17,13,4,10,3,7,0,0,0,5,1,4,2,2,0
54811104,76,47,29,5,32,6,12,3,3,1,1,5,1,4,3,0,0,0,0,34,27,7,26,13,13,4,0,4,8,5,3,4,2,2
54811105,29,19,10,6,5,7,3,3,1,0,0,1,0,1,0,0,3,3,0,19,13,6,5,3,2,0,0,0,1,0,1,1,0,1
54811107,30,18,12,5,12,1,1,3,0,0,0,2,1,2,1,1,2,1,1,13,9,4,6,3,3,0,0,0,4,2,2,5,3,2
54811108,591,334,257,32,196,60,54,34,14,9,9,37,23,49,57,4,33,21,12,222,147,75,194,96,98,11,1,10,105,51,54,26,18,8
54811111,1014,576,438,55,389,100,92,53,32,8,9,62,49,69,72,4,45,26,19,405,268,137,361,184,177,22,8,14,131,52,79,50,38,12
54812001,219,119,100,14,88,12,27,8,9,4,1,17,9,17,11,1,5,3,2,102,66,36,72,33,39,3,2,1,29,10,19,8,5,3
54814601,17,13,4,3,5,1,1,1,0,0,0,2,3,0,1,0,0,0,0,6,5,1,7,5,2,0,0,0,3,2,1,1,1,0
54814602,62,37,25,12,22,3,5,4,1,2,1,3,1,5,2,0,0,0,0,31,22,9,18,9,9,1,1,0,9,2,7,3,3,0
59871201,50,30,20,16,18,3,4,0,0,0,0,0,3,2,4,0,3,2,1,20,16,4,16,8,8,0,0,0,9,4,5,2,0,2
59871202,122,67,55,10,43,9,12,1,4,5,2,7,9,4,9,2,3,1,2,29,22,7,58,27,31,4,2,2,25,13,12,3,2,1
54816201,97,63,34,7,36,3,13,10,1,2,1,7,6,5,3,0,1,1,0,38,31,7,41,20,21,1,1,0,11,7,4,5,3,2
54817101,350,192,158,64,83,25,33,18,12,2,1,24,29,32,21,2,16,9,7,138,83,55,121,64,57,7,4,3,58,25,33,10,7,3
56137101,75,44,31,16,22,4,7,2,2,0,2,2,4,4,3,0,6,6,0,27,17,10,30,15,15,1,0,1,7,3,4,4,3,1
54820101,114,66,48,23,29,6,8,5,7,4,0,3,4,15,10,0,5,5,0,52,32,20,36,24,12,4,2,2,15,2,13,2,1,1
54821903,24,15,9,3,8,0,3,1,0,2,0,2,1,2,2,0,0,0,0,10,6,4,8,6,2,1,0,1,5,3,2,0,0,0
54821905,138,78,60,22,47,7,13,13,2,3,0,7,8,6,4,0,8,4,4,63,40,23,51,25,26,2,2,0,12,5,7,2,2,0
54822701,10,5,5,2,0,2,0,1,0,0,0,1,1,1,2,0,0,0,0,2,1,1,4,4,0,2,0,2,2,0,2,0,0,0
54822704,44,25,19,17,10,6,3,2,1,0,0,3,0,1,1,0,4,1,3,16,11,5,12,5,7,3,2,1,3,2,1,6,4,2
54822705,19,10,9,3,2,1,3,1,1,0,3,3,0,2,0,0,0,0,0,5,4,1,10,6,4,0,0,0,4,0,4,0,0,0
54823501,56,35,21,11,20,4,6,1,0,0,2,2,1,5,3,0,2,1,1,20,13,7,16,9,7,2,0,2,13,9,4,3,3,0
56204101,32,16,16,10,6,1,5,2,1,0,0,2,2,1,2,0,1,0,1,10,5,5,14,7,7,2,1,1,4,2,2,1,1,0
56128202,44,24,20,8,7,11,2,1,1,0,3,3,2,4,1,0,0,0,0,16,12,4,12,5,7,0,0,0,16,7,9,0,0,0
59872101,111,64,47,13,34,7,12,4,3,2,1,16,9,3,7,0,5,3,2,40,27,13,40,17,23,2,1,1,21,13,8,3,3,0
59872102,22,11,11,1,3,2,6,2,2,0,1,1,1,0,2,0,2,0,2,10,4,6,7,5,2,0,0,0,3,2,1,0,0,0
56110002,96,66,30,14,35,1,7,5,3,1,1,9,2,4,13,1,29,25,4,28,17,11,23,17,6,3,1,2,8,4,4,5,2,3
56110004,19,9,10,5,4,0,3,1,0,0,0,1,0,0,5,0,1,0,1,8,5,3,8,3,5,1,0,1,1,1,0,0,0,0
56126601,36,23,13,6,8,4,5,3,0,0,0,1,2,2,2,1,2,2,0,15,10,5,12,6,6,0,0,0,4,2,2,3,3,0
54833201,13,8,5,3,7,0,1,0,0,0,0,0,0,2,0,0,1,1,0,2,2,0,3,1,2,0,0,0,3,1,2,4,3,1
54833202,447,266,181,75,216,16,24,14,8,6,6,13,19,23,19,1,23,12,11,208,140,68,137,74,63,5,2,3,51,20,31,23,18,5
54833203,20,13,7,5,8,1,1,1,0,0,1,1,1,1,0,0,2,2,0,9,6,3,6,3,3,0,0,0,3,2,1,0,0,0
54833204,7,4,3,1,4,0,0,0,0,1,1,0,0,0,0,0,1,0,1,2,1,1,3,2,1,0,0,0,1,1,0,0,0,0
56134701,29,14,15,7,2,2,5,0,0,1,0,3,2,3,3,0,1,0,1,17,10,7,8,2,6,0,0,0,3,2,1,0,0,0
54836701,11,8,3,1,3,0,1,1,0,1,0,0,0,2,1,0,0,0,0,3,3,0,4,3,1,0,0,0,4,2,2,0,0,0
54836702,30,17,13,8,12,0,3,0,0,0,0,3,2,1,1,0,3,1,2,11,7,4,11,6,5,0,0,0,3,2,1,2,1,1
54836703,20,13,7,3,7,1,3,4,0,1,1,0,0,0,0,0,0,0,0,11,7,4,6,3,3,0,0,0,2,2,0,1,1,0
52983401,49,29,20,3,21,7,2,1,0,0,0,6,3,2,3,0,2,2,0,23,15,8,15,8,7,1,0,1,6,3,3,2,1,1
52983402,19,10,9,2,5,2,1,1,1,0,0,1,0,1,5,0,1,1,0,5,2,3,6,3,3,1,1,0,3,1,2,3,2,1
54838301,12,6,6,0,2,1,0,0,0,0,1,1,0,1,5,1,0,0,0,1,0,1,4,3,1,0,0,0,7,3,4,0,0,0
54838302,78,47,31,3,36,6,5,2,1,1,4,7,4,2,4,0,3,2,1,28,20,8,28,12,16,4,2,2,11,8,3,4,3,1
54838303,31,15,16,4,8,1,5,1,3,1,0,4,0,1,2,1,0,0,0,15,11,4,11,3,8,0,0,0,3,1,2,2,0,2
54839102,38,23,15,5,15,2,2,3,2,0,0,2,1,1,3,1,5,4,1,17,10,7,11,6,5,0,0,0,4,2,2,1,1,0
54839103,14,8,6,4,5,1,0,1,0,0,0,1,1,0,1,0,0,0,0,8,4,4,3,2,1,1,1,0,1,0,1,1,1,0
54839104,8,4,4,1,4,1,0,0,0,0,0,0,0,1,0,0,0,0,0,5,4,1,1,0,1,0,0,0,2,0,2,0,0,0
54839106,104,50,54,8,39,6,6,6,5,1,2,10,5,4,7,1,6,2,4,48,30,18,29,8,21,4,1,3,10,3,7,7,6,1
54839107,14,8,6,4,1,0,0,1,2,0,0,2,2,1,0,0,0,0,0,7,6,1,5,1,4,0,0,0,2,1,1,0,0,0
54840501,102,61,41,13,25,9,12,7,0,2,0,6,4,3,15,1,4,3,1,39,27,12,36,15,21,2,2,0,16,10,6,5,4,1
56181901,53,29,24,5,20,3,7,6,2,0,0,3,2,4,1,0,0,0,0,20,11,9,24,13,11,0,0,0,7,4,3,2,1,1
56117701,60,33,27,8,20,3,3,5,0,1,2,7,6,2,2,1,0,0,0,24,14,10,18,8,10,0,0,0,16,10,6,2,1,1
54845601,39,24,15,6,15,2,3,1,0,0,0,1,4,1,5,0,0,0,0,14,12,2,14,6,8,2,1,1,8,4,4,1,1,0
54845602,13,9,4,4,3,0,0,1,0,0,0,1,2,1,1,0,0,0,0,3,3,0,5,2,3,0,0,0,4,3,1,1,1,0
54845603,15,7,8,6,0,0,2,0,0,0,1,0,1,2,1,0,2,2,0,4,2,2,6,1,5,0,0,0,3,2,1,0,0,0
54845604,19,14,5,5,10,1,0,0,1,0,0,0,0,0,2,0,1,0,1,11,8,3,5,4,1,0,0,0,1,1,0,1,1,0
54845605,344,197,147,35,100,29,41,16,11,8,2,21,20,19,33,0,20,13,7,149,98,51,96,44,52,5,3,2,55,29,26,19,10,9
54845606,25,14,11,5,4,3,1,0,0,2,1,1,4,4,0,0,1,1,0,2,1,1,6,5,1,2,1,1,14,6,8,0,0,0
54845607,69,40,29,5,18,6,8,2,1,0,3,6,6,1,10,1,1,1,0,30,21,9,22,10,12,3,1,2,7,4,3,6,3,3
54846401,38,23,15,6,10,2,2,2,1,1,1,4,1,4,4,0,2,1,1,12,8,4,11,8,3,0,0,0,7,3,4,6,3,3
54846402,12,7,5,1,4,0,1,1,0,0,0,0,0,3,1,0,1,1,0,0,0,0,7,4,3,0,0,0,4,2,2,0,0,0
54846403,353,197,156,24,158,16,33,23,2,4,1,12,18,18,27,6,10,6,4,145,97,48,131,61,70,8,5,3,47,22,25,12,6,6
54846404,26,18,8,6,9,2,0,0,0,1,0,2,2,1,3,0,0,0,0,7,6,1,13,8,5,0,0,0,3,2,1,3,2,1
54846406,72,37,35,10,21,5,6,6,2,3,1,5,4,5,1,1,2,1,1,18,11,7,35,16,19,3,1,2,11,7,4,3,1,2
54847202,34,19,15,9,11,1,1,1,1,0,0,4,2,0,3,0,1,1,0,20,13,7,7,2,5,1,0,1,5,3,2,0,0,0
54847203,288,157,131,52,92,19,23,7,14,6,2,9,15,19,22,2,13,10,3,131,82,49,90,41,49,1,1,0,37,14,23,16,9,7
54847204,15,11,4,3,5,0,2,0,0,1,0,2,0,1,0,0,1,1,0,5,4,1,9,6,3,0,0,0,0,0,0,0,0,0
54847205,15,11,4,7,2,2,1,0,0,0,0,2,0,0,1,0,0,0,0,5,5,0,7,5,2,0,0,0,3,1,2,0,0,0
54847207,29,17,12,12,5,1,3,1,1,1,0,1,2,1,1,0,2,2,0,12,8,4,7,3,4,1,0,1,3,2,1,4,2,2
56196701,25,15,10,3,8,5,3,1,0,0,0,1,0,0,2,1,0,0,0,14,9,5,8,5,3,0,0,0,0,0,0,3,1,2
56196702,198,106,92,23,59,8,30,12,3,0,0,9,19,11,19,0,1,0,1,83,56,27,82,35,47,2,0,2,21,10,11,9,5,4
56196703,35,20,15,8,13,1,6,0,0,0,1,1,1,1,3,0,0,0,0,16,8,8,8,4,4,0,0,0,8,5,3,3,3,0
56196704,41,21,20,5,12,0,7,4,0,0,0,6,2,1,1,0,1,0,1,14,9,5,17,8,9,2,0,2,6,4,2,1,0,1
53769101,77,49,28,4,31,8,7,6,1,1,1,3,5,2,3,2,0,0,0,33,22,11,29,18,11,2,0,2,10,7,3,3,2,1
54850202,72,42,30,12,19,7,7,6,2,0,0,6,2,2,7,0,2,2,0,40,28,12,23,10,13,4,0,4,3,2,1,0,0,0
54850203,20,12,8,6,3,0,2,0,0,0,0,4,0,2,1,0,0,0,0,8,5,3,7,4,3,1,1,0,4,2,2,0,0,0
1172340,0,0,0,0,0,0,0,0,0,0,0,0,0,0,0,0,0,0,0,0,0,0,0,0,0,0,0,0,0,0,0,0,0,0
1172510,0,0,0,0,0,0,0,0,0,0,0,0,0,0,0,0,0,0,0,0,0,0,0,0,0,0,0,0,0,0,0,0,0,0
54851101,85,50,35,21,15,2,11,2,0,3,1,6,9,8,3,2,0,0,0,36,24,12,33,19,14,3,1,2,12,6,6,1,0,1
54851102,50,30,20,8,19,2,1,3,0,0,0,4,3,5,2,0,3,2,1,24,17,7,13,8,5,1,0,1,8,2,6,1,1,0
54851103,21,13,8,9,4,1,0,2,0,0,0,1,1,0,0,0,2,1,1,8,5,3,5,3,2,0,0,0,5,3,2,1,1,0
54851104,15,9,6,3,3,0,1,4,0,0,1,1,1,0,0,0,0,0,0,4,3,1,7,4,3,1,0,1,3,2,1,0,0,0
54851105,37,23,14,8,9,4,4,0,2,0,1,1,1,6,1,0,1,1,0,18,12,6,11,7,4,0,0,0,6,2,4,1,1,0
54851106,11,5,6,4,2,1,1,0,0,0,0,0,2,0,0,0,1,0,1,3,3,0,4,1,3,0,0,0,2,0,2,1,1,0
54851107,846,466,380,75,288,67,67,33,29,10,5,49,39,60,102,4,36,23,13,296,193,103,309,156,153,28,11,17,129,47,82,48,36,12
54851108,31,20,11,4,12,6,2,3,0,0,0,0,2,0,1,0,1,0,1,12,10,2,14,7,7,0,0,0,0,0,0,4,3,1
54851109,323,181,142,39,101,28,27,9,4,5,5,17,17,31,30,2,9,6,3,114,74,40,115,62,53,8,2,6,64,29,35,13,8,5
54851111,19,10,9,4,7,1,0,1,0,0,0,2,0,0,4,0,1,1,0,11,6,5,5,2,3,0,0,0,1,0,1,1,1,0
54851113,803,435,368,68,280,50,88,28,20,16,8,54,41,52,64,5,29,17,12,265,170,95,328,164,164,14,6,8,139,60,79,28,18,10
56191601,55,30,25,5,24,1,4,1,2,1,0,2,3,4,7,1,3,3,0,20,13,7,20,8,12,1,0,1,9,5,4,2,1,1
1007142,0,0,0,0,0,0,0,0,0,0,0,0,0,0,0,0,0,0,0,0,0,0,0,0,0,0,0,0,0,0,0,0,0,0
54749201,20,12,8,0,2,3,2,1,0,0,2,1,8,0,0,0,0,0,0,2,1,1,13,8,5,0,0,0,5,3,2,0,0,0
54749202,16,11,5,1,7,1,1,1,0,0,0,1,3,0,1,0,1,1,0,9,7,2,4,2,2,0,0,0,2,1,1,0,0,0
54749203,28,16,12,8,8,0,1,0,2,1,0,3,0,3,2,0,0,0,0,14,8,6,7,5,2,0,0,0,6,2,4,1,1,0
54749204,21,15,6,1,9,3,0,0,0,0,0,1,2,3,1,0,1,1,0,12,9,3,3,2,1,0,0,0,4,2,2,1,1,0
54749205,25,15,10,4,7,4,3,3,0,0,0,2,0,0,1,0,0,0,0,9,7,2,15,7,8,1,1,0,0,0,0,0,0,0
54749206,41,22,19,7,20,1,1,3,0,1,3,2,0,0,2,1,1,1,0,14,8,6,16,9,7,2,1,1,7,3,4,1,0,1
54749208,36,20,16,6,7,5,3,1,1,2,1,2,3,2,2,1,1,0,1,12,10,2,13,7,6,0,0,0,8,2,6,2,1,1
54749209,16,10,6,2,5,0,1,0,2,1,0,1,0,2,1,0,1,1,0,6,4,2,5,4,1,0,0,0,3,1,2,1,0,1
54749210,28,17,11,10,3,2,5,1,0,0,0,1,1,2,2,1,1,1,0,7,6,1,12,6,6,1,1,0,7,3,4,0,0,0
54749211,53,27,26,11,15,3,3,2,1,0,3,1,0,2,8,0,0,0,0,21,13,8,19,9,10,1,0,1,12,5,7,0,0,0
54749213,21,10,11,5,7,1,2,1,0,0,0,0,2,0,2,1,0,0,0,7,5,2,11,4,7,0,0,0,3,1,2,0,0,0
54749214,31,19,12,3,18,2,2,3,0,0,0,1,0,0,1,0,1,1,0,15,7,8,9,7,2,1,0,1,4,3,1,1,1,0
54749215,16,9,7,3,4,4,2,0,0,0,0,1,1,1,0,0,0,0,0,8,6,2,7,3,4,0,0,0,1,0,1,0,0,0
54749216,23,16,7,5,9,0,2,0,0,1,0,1,1,1,2,0,0,0,0,8,6,2,11,8,3,0,0,0,3,1,2,1,1,0
54749217,21,13,8,4,8,0,3,0,1,1,2,0,0,2,0,0,2,1,1,7,5,2,6,3,3,0,0,0,5,3,2,1,1,0
54749218,88,47,41,3,39,5,13,1,1,2,0,5,8,5,6,0,5,2,3,28,17,11,30,16,14,2,1,1,18,8,10,5,3,2
54749219,29,16,13,5,8,1,4,3,0,1,0,4,0,0,2,0,0,0,0,16,9,7,7,4,3,0,0,0,6,3,3,0,0,0
54749220,36,22,14,8,17,0,2,1,0,0,1,0,2,0,3,1,2,2,0,19,16,3,8,2,6,1,0,1,4,1,3,2,1,1
54749221,14,8,6,5,4,0,1,0,1,0,0,1,0,1,0,1,2,2,0,4,3,1,6,3,3,0,0,0,2,0,2,0,0,0
54749222,101,57,44,11,29,9,19,6,2,2,1,7,7,4,4,0,5,2,3,24,15,9,49,27,22,0,0,0,17,9,8,6,4,2
54749223,191,104,87,9,74,11,15,12,7,4,3,10,12,10,13,0,6,2,4,73,48,25,59,29,30,4,2,2,43,21,22,6,2,4
54749224,10,6,4,1,4,0,1,1,2,0,0,0,0,0,0,0,0,0,0,2,2,0,5,3,2,0,0,0,3,1,2,0,0,0
54749225,84,49,35,15,27,5,10,3,1,0,1,2,4,8,6,1,1,1,0,36,26,10,31,16,15,1,0,1,11,5,6,4,1,3
54749226,51,32,19,0,19,6,3,2,0,0,0,5,6,4,4,0,1,1,0,16,11,5,26,16,10,1,0,1,7,4,3,0,0,0
54749227,417,221,196,13,105,25,61,22,10,7,9,37,20,38,45,1,19,11,8,118,73,45,147,76,71,17,4,13,107,50,57,9,7,2
54749228,290,158,132,9,95,15,34,21,7,5,3,19,17,22,34,0,10,5,5,99,61,38,108,56,52,6,1,5,59,31,28,8,4,4
54749229,664,354,310,29,182,39,85,30,14,15,11,67,46,55,67,2,15,8,7,165,103,62,291,145,146,10,5,5,173,85,88,10,8,2
54749230,276,164,112,6,94,23,38,11,13,5,1,20,8,12,18,11,16,9,7,76,51,25,90,52,38,1,1,0,36,16,20,57,35,22
54749232,19,8,11,7,3,0,2,2,1,0,0,2,1,0,1,0,1,0,1,5,2,3,9,5,4,1,0,1,3,1,2,0,0,0
54749233,22,12,10,3,7,0,6,1,2,0,0,0,1,0,2,0,1,1,0,7,3,4,7,5,2,0,0,0,6,2,4,1,1,0
54749234,205,127,78,14,103,12,15,12,6,4,2,9,9,8,7,1,14,9,5,66,46,20,60,39,21,14,8,6,35,13,22,16,12,4
54749235,279,155,124,16,58,21,33,17,4,17,5,26,20,19,33,0,14,9,5,48,28,20,92,51,41,9,3,6,106,59,47,10,5,5
54749236,1008,526,482,33,359,72,104,39,25,18,21,78,50,54,110,7,55,31,24,312,175,137,416,217,199,19,4,15,156,69,87,50,30,20
54749237,2440,1281,1159,75,857,127,265,124,58,54,30,170,185,192,227,17,66,38,28,747,448,299,1015,516,499,60,20,40,462,202,260,90,57,33
54749239,772,423,349,17,236,49,93,27,18,18,8,73,50,76,70,6,13,9,4,176,115,61,346,182,164,22,7,15,196,99,97,19,11,8
54749240,421,239,182,9,159,33,49,23,15,9,4,52,13,18,23,3,29,17,12,132,85,47,133,70,63,6,1,5,84,38,46,37,28,9
54749242,281,155,126,10,103,15,25,19,6,3,9,27,17,12,21,1,12,5,7,87,54,33,114,57,57,6,2,4,59,34,25,3,3,0
54854501,22,11,11,4,11,1,2,0,1,0,0,1,0,2,0,0,2,2,0,11,5,6,5,2,3,1,1,0,2,0,2,1,1,0
54854502,10,6,4,3,4,1,1,0,0,0,0,0,1,0,0,0,0,0,0,1,1,0,8,5,3,0,0,0,1,0,1,0,0,0
54856102,22,14,8,4,4,3,3,2,0,0,0,3,1,0,2,0,1,1,0,11,7,4,4,3,1,0,0,0,4,1,3,2,2,0
54856103,14,8,6,1,4,4,0,1,1,0,0,2,0,1,0,0,0,0,0,4,3,1,9,5,4,0,0,0,1,0,1,0,0,0
54856104,1089,619,470,69,384,85,97,55,54,12,11,48,63,69,101,7,51,27,24,460,307,153,354,163,191,21,12,9,145,69,76,58,41,17
54856105,13,10,3,1,6,2,0,0,1,0,1,0,1,0,1,0,2,1,1,9,7,2,1,1,0,0,0,0,0,0,0,1,1,0
54856106,43,25,18,8,16,1,2,2,1,0,0,4,3,4,2,0,1,1,0,13,8,5,19,12,7,2,1,1,6,2,4,2,1,1
56143601,48,31,17,6,14,6,5,1,1,1,0,1,6,4,3,0,0,0,0,14,12,2,19,12,7,4,1,3,9,5,4,2,1,1
54860002,68,35,33,14,15,5,4,3,1,1,0,3,7,3,8,2,3,3,0,36,22,14,18,6,12,3,0,3,7,3,4,1,1,0
54860003,22,13,9,2,6,3,4,2,0,0,0,1,1,2,1,0,0,0,0,9,6,3,12,7,5,0,0,0,1,0,1,0,0,0
54860004,10,7,3,3,2,1,0,0,1,1,0,0,0,2,0,0,1,1,0,5,5,0,1,0,1,0,0,0,3,1,2,0,0,0
53782901,36,22,14,0,19,2,7,1,0,0,0,2,2,1,2,0,0,0,0,20,13,7,12,6,6,0,0,0,1,1,0,3,2,1
56194101,46,27,19,13,13,3,3,2,4,0,0,2,0,2,3,0,4,3,1,18,11,7,17,10,7,2,0,2,4,2,2,1,1,0
59875501,149,85,64,15,49,6,19,8,8,1,2,10,8,4,10,2,1,1,0,63,42,21,56,29,27,4,2,2,23,10,13,2,1,1
56178901,115,73,42,15,37,17,8,7,3,0,0,7,5,11,2,0,7,5,2,55,39,16,37,16,21,1,1,0,9,6,3,6,6,0
56127401,21,11,10,4,5,3,3,1,1,1,0,1,1,0,0,0,1,1,0,10,6,4,6,2,4,0,0,0,4,2,2,0,0,0
56200901,338,184,154,17,113,25,35,20,9,5,7,21,22,22,29,6,8,2,6,106,72,34,139,71,68,6,0,6,74,35,39,5,4,1
54871502,24,15,9,5,5,2,0,4,0,0,0,3,0,0,1,1,2,1,1,9,7,2,6,3,3,1,1,0,6,3,3,0,0,0
54871504,26,16,10,5,12,1,2,1,0,0,0,1,1,1,2,0,0,0,0,8,7,1,12,5,7,0,0,0,6,4,2,0,0,0
54871505,14,9,5,5,4,1,0,0,1,1,0,0,1,0,1,0,0,0,0,8,5,3,1,0,1,1,1,0,3,2,1,1,1,0
54873101,57,34,23,4,33,3,3,2,0,0,0,1,2,2,5,2,4,1,3,28,19,9,11,5,6,0,0,0,10,6,4,4,3,1
54873102,12,7,5,6,1,1,1,0,0,1,0,2,0,0,0,0,1,1,0,4,2,2,6,4,2,1,0,1,0,0,0,0,0,0
54874001,28,17,11,12,7,0,4,0,0,0,0,0,3,1,1,0,1,0,1,10,8,2,9,5,4,1,0,1,4,3,1,3,1,2
54874002,54,31,23,16,14,2,2,2,0,1,0,4,5,1,3,1,0,0,0,25,15,10,16,9,7,0,0,0,11,5,6,2,2,0
54876601,74,47,27,4,31,5,6,3,0,2,0,9,2,4,6,1,2,0,2,29,23,6,25,14,11,2,1,1,16,9,7,0,0,0
54877401,14,8,6,2,3,2,1,0,0,0,0,0,1,3,0,0,1,1,0,3,3,0,7,4,3,0,0,0,3,0,3,0,0,0
54877402,13,7,6,1,6,1,1,0,0,0,0,1,0,2,0,0,0,0,0,5,3,2,3,2,1,0,0,0,4,1,3,1,1,0
54877403,367,199,168,87,89,16,34,13,12,3,4,22,14,47,16,0,7,2,5,137,82,55,134,73,61,9,2,7,62,28,34,18,12,6
54877405,15,8,7,4,4,0,0,0,0,0,1,1,1,0,2,1,0,0,0,5,4,1,7,3,4,0,0,0,2,1,1,1,0,1
56184301,34,20,14,4,10,1,1,2,0,0,1,4,1,5,4,1,2,1,1,9,5,4,10,8,2,3,0,3,10,6,4,0,0,0
56145201,60,36,24,9,18,4,6,8,2,0,1,2,2,2,5,0,6,5,1,27,15,12,20,10,10,0,0,0,5,4,1,2,2,0
53759401,11,8,3,2,1,1,0,3,0,0,0,0,1,1,1,0,0,0,0,2,2,0,6,3,3,0,0,0,2,2,0,1,1,0
53759403,30,19,11,7,11,2,5,0,1,0,1,0,0,2,0,0,1,1,0,11,9,2,13,4,9,0,0,0,2,2,0,3,3,0
56148702,32,19,13,2,18,0,1,0,0,0,0,0,6,0,3,0,1,0,1,13,11,2,13,7,6,1,0,1,4,1,3,0,0,0
59876301,62,38,24,7,21,2,7,4,0,0,1,2,2,4,6,2,1,0,1,29,18,11,20,13,7,0,0,0,11,7,4,1,0,1
59877101,21,14,7,2,9,0,2,2,0,0,0,4,0,2,0,0,2,2,0,11,7,4,6,3,3,1,1,0,1,1,0,0,0,0
56135501,28,21,7,4,3,2,0,4,0,3,1,2,2,0,7,0,0,0,0,6,6,0,11,6,5,2,1,1,6,5,1,3,3,0
54893601,24,14,10,3,3,1,4,3,0,2,1,0,2,0,2,1,0,0,0,9,6,3,14,8,6,0,0,0,1,0,1,0,0,0
54893602,10,6,4,2,1,1,0,0,0,0,1,2,2,0,1,0,0,0,0,1,1,0,8,4,4,0,0,0,0,0,0,1,1,0
54893603,28,21,7,3,8,5,3,2,2,2,1,1,0,0,1,0,0,0,0,18,12,6,7,6,1,1,1,0,0,0,0,2,2,0
54893605,128,74,54,26,42,9,5,10,5,3,1,6,5,6,6,0,4,3,1,62,42,20,45,20,25,1,0,1,15,8,7,1,1,0
53760801,130,72,58,9,38,6,19,13,2,1,2,9,9,4,10,0,4,3,1,46,28,18,52,28,24,4,2,2,17,7,10,7,4,3
54898701,28,20,8,12,4,6,2,0,1,0,0,1,1,0,1,0,0,0,0,14,10,4,10,7,3,1,1,0,2,1,1,1,1,0
56203301,46,26,20,9,18,5,3,1,0,0,1,0,2,3,2,0,1,0,1,22,15,7,14,8,6,1,0,1,6,2,4,2,1,1
53773001,32,18,14,11,6,1,3,1,1,0,0,1,1,3,3,0,2,2,0,5,3,2,20,9,11,0,0,0,5,4,1,0,0,0
54900201,113,65,48,11,39,17,11,7,0,1,0,4,8,4,7,2,2,1,1,54,36,18,39,19,20,0,0,0,12,5,7,6,4,2
54901101,114,69,45,40,31,13,3,6,2,0,0,3,5,5,5,0,9,5,4,54,43,11,33,13,20,3,0,3,8,3,5,7,5,2
54904501,108,60,48,11,46,4,11,4,2,3,1,3,7,7,7,0,2,2,0,39,27,12,42,22,20,2,1,1,19,6,13,4,2,2
54905301,115,62,53,14,52,12,7,6,0,0,2,4,6,6,5,1,3,2,1,53,37,16,32,14,18,2,1,1,21,4,17,4,4,0
54906101,24,12,12,9,5,2,1,0,1,0,1,2,2,1,0,0,1,0,1,15,9,6,5,3,2,0,0,0,3,0,3,0,0,0
54906102,49,28,21,19,10,4,1,4,1,0,0,3,1,2,4,0,1,0,1,31,21,10,12,5,7,0,0,0,4,2,2,1,0,1
54912601,40,23,17,6,14,1,5,5,0,0,0,3,2,1,2,0,0,0,0,16,12,4,17,7,10,0,0,0,5,3,2,2,1,1
59923901,118,66,52,6,36,10,17,3,9,1,3,9,2,11,7,0,5,3,2,34,27,7,52,23,29,6,4,2,18,7,11,3,2,1
54913401,19,9,10,5,5,1,0,0,1,0,0,4,1,0,1,0,3,1,2,5,4,1,6,2,4,0,0,0,5,2,3,0,0,0
54913406,41,28,13,12,18,3,1,1,1,1,1,2,0,0,1,0,2,1,1,23,18,5,13,7,6,0,0,0,3,2,1,0,0,0
54914201,21,12,9,5,8,1,2,0,1,0,0,0,0,2,2,0,2,1,1,5,2,3,9,5,4,0,0,0,4,4,0,1,0,1
54914202,31,17,14,1,10,4,5,2,1,0,0,0,2,3,2,1,0,0,0,12,8,4,11,7,4,2,0,2,4,2,2,2,0,2
54914203,291,166,125,17,134,22,13,20,4,5,6,15,19,14,15,2,20,12,8,123,83,40,96,46,50,4,1,3,40,17,23,8,7,1
56177101,5,1,4,3,1,0,0,0,1,0,0,0,0,0,0,0,1,0,1,1,0,1,2,1,1,0,0,0,0,0,0,1,0,1
56179701,145,85,60,11,48,14,14,10,5,1,3,6,10,8,9,0,4,1,3,57,43,14,57,32,25,6,1,5,18,8,10,3,0,3
54917701,26,14,12,4,3,2,3,1,2,0,0,1,1,3,1,1,3,2,1,3,1,2,13,9,4,0,0,0,6,2,4,1,0,1
54917702,82,52,30,11,27,6,12,4,1,2,0,4,2,3,9,1,1,0,1,30,23,7,33,19,14,5,1,4,8,5,3,5,4,1
54917703,10,5,5,3,5,0,2,0,0,0,0,0,0,0,0,0,1,1,0,3,2,1,6,2,4,0,0,0,0,0,0,0,0,0
56197501,16,10,6,4,6,1,2,1,0,0,0,0,2,0,0,0,1,0,1,3,3,0,11,7,4,0,0,0,1,0,1,0,0,0
56197502,86,52,34,7,33,7,6,3,2,0,3,5,6,5,9,0,1,1,0,34,24,10,29,16,13,2,0,2,14,9,5,6,2,4
56136301,39,26,13,12,12,4,3,2,0,0,0,2,3,1,0,0,5,3,2,13,11,2,13,7,6,0,0,0,3,1,2,5,4,1
59866601,27,14,13,3,7,2,2,2,1,0,2,2,1,2,3,0,0,0,0,12,8,4,9,4,5,1,0,1,3,1,2,2,1,1
54921501,12,8,4,1,4,1,0,0,2,0,0,0,1,1,2,0,0,0,0,3,3,0,4,2,2,1,0,1,3,2,1,1,1,0
54921502,48,26,22,15,14,0,10,2,1,0,1,1,0,2,1,0,2,1,1,25,16,9,17,9,8,1,0,1,3,0,3,0,0,0
54921503,20,11,9,5,6,0,1,2,1,0,0,2,0,0,1,1,3,0,3,12,9,3,2,0,2,1,1,0,1,0,1,1,1,0
54921504,7,5,2,3,2,0,0,1,0,1,0,0,0,0,0,0,0,0,0,4,3,1,2,1,1,0,0,0,1,1,0,0,0,0
54921506,20,13,7,8,5,0,1,0,3,0,1,1,0,1,0,0,2,1,1,12,9,3,4,3,1,0,0,0,2,0,2,0,0,0
54921508,54,30,24,10,17,3,6,1,1,2,1,2,1,6,3,0,0,0,0,23,15,8,23,12,11,3,1,2,4,1,3,1,1,0
54921509,364,196,168,46,99,17,28,17,20,7,7,17,16,33,35,0,8,3,5,144,92,52,130,56,74,13,2,11,57,34,23,12,9,3
54921510,15,8,7,3,5,1,3,0,0,0,0,0,2,0,1,0,1,1,0,6,2,4,7,4,3,0,0,0,0,0,0,1,1,0
56190801,36,19,17,4,16,1,2,3,1,0,0,2,2,2,1,0,0,0,0,19,13,6,8,3,5,0,0,0,6,2,4,3,1,2
54923101,27,18,9,6,10,1,1,2,1,0,0,0,2,1,2,1,2,2,0,15,9,6,9,6,3,0,0,0,1,1,0,0,0,0
54923102,38,24,14,7,20,1,4,0,0,0,0,3,1,1,0,0,1,0,1,21,14,7,10,6,4,0,0,0,6,4,2,0,0,0
54923103,56,32,24,18,22,2,1,2,1,0,0,3,1,3,3,0,3,1,2,28,21,7,16,4,12,0,0,0,6,3,3,3,3,0
54923104,40,24,16,4,16,2,6,5,0,0,0,2,0,1,2,2,0,0,0,26,17,9,6,1,5,0,0,0,2,1,1,6,5,1
54923105,25,13,12,7,11,1,1,1,0,0,1,1,2,0,0,0,1,0,1,11,6,5,7,4,3,0,0,0,6,3,3,0,0,0
54923106,1230,677,553,77,643,84,79,41,38,10,13,52,54,48,48,7,80,46,34,513,307,206,390,197,193,24,14,10,109,48,61,114,65,49
59027401,63,40,23,5,29,2,1,7,1,0,0,5,4,2,5,0,5,4,1,23,19,4,22,10,12,3,1,2,7,3,4,3,3,0
59027402,21,14,7,4,8,1,1,1,0,2,0,0,1,0,2,0,2,1,1,10,8,2,5,3,2,1,0,1,3,2,1,0,0,0
59028201,52,26,26,9,17,3,5,3,0,0,0,2,2,2,5,1,1,0,1,22,14,8,18,7,11,0,0,0,10,4,6,1,1,0
59028202,30,17,13,6,13,0,2,1,0,1,0,1,1,2,3,0,4,1,3,17,12,5,7,4,3,0,0,0,2,0,2,0,0,0
54483301,46,26,20,7,19,6,1,3,3,0,1,1,0,3,0,1,5,4,1,22,16,6,10,2,8,1,0,1,5,2,3,3,2,1
59030401,60,40,20,6,29,5,2,1,2,1,1,3,6,2,2,0,1,1,0,24,18,6,24,15,9,1,0,1,9,6,3,1,0,1
59030402,26,15,11,2,6,2,2,2,0,0,1,0,2,4,2,1,2,1,1,15,10,5,9,4,5,0,0,0,0,0,0,0,0,0
59031201,115,68,47,24,26,11,6,9,4,0,1,7,12,1,10,2,4,2,2,61,39,22,33,20,13,3,0,3,12,5,7,2,2,0
59031202,17,12,5,3,5,2,2,2,0,0,0,1,0,0,1,1,4,2,2,10,9,1,3,1,2,0,0,0,0,0,0,0,0,0
59032101,177,103,74,22,66,24,11,7,3,1,2,10,7,10,7,3,6,5,1,93,58,35,53,23,30,1,0,1,20,13,7,4,4,0
55040001,65,38,27,16,15,4,11,6,1,0,0,3,1,2,3,2,6,2,4,29,19,10,20,12,8,2,1,1,5,2,3,3,2,1
59034701,21,10,11,0,3,2,7,2,1,0,0,0,1,1,2,1,1,0,1,11,8,3,5,0,5,1,0,1,3,2,1,0,0,0
59034702,42,25,17,8,15,3,5,2,1,0,2,1,1,2,2,0,0,0,0,21,14,7,11,6,5,0,0,0,10,5,5,0,0,0
59036301,109,63,46,5,54,4,10,9,2,0,0,5,5,5,9,0,1,1,0,41,29,12,44,20,24,4,1,3,17,11,6,2,1,1
59038001,338,191,147,30,100,21,32,8,13,8,4,31,28,31,19,1,5,3,2,113,75,38,138,78,60,8,2,6,64,27,37,10,6,4
59040101,34,17,17,5,13,2,2,3,0,0,0,3,1,3,0,1,2,2,0,19,12,7,9,3,6,2,0,2,2,0,2,0,0,0
59040102,24,13,11,1,6,4,1,1,1,1,0,3,3,2,0,0,2,0,2,12,8,4,6,4,2,0,0,0,4,1,3,0,0,0
59040103,466,270,196,49,140,54,43,31,13,8,5,27,26,37,22,2,19,13,6,197,130,67,159,91,68,7,2,5,74,28,46,10,6,4
59040104,23,14,9,5,8,0,1,2,0,0,0,0,2,1,4,0,1,0,1,10,6,4,5,5,0,1,0,1,3,2,1,3,1,2
59040105,26,10,16,3,9,0,2,2,0,0,0,3,0,2,5,0,0,0,0,6,4,2,16,5,11,0,0,0,4,1,3,0,0,0
59041001,167,99,68,25,47,14,24,9,6,1,2,1,5,20,7,4,9,4,5,84,51,33,51,34,17,1,0,1,19,8,11,3,2,1
59042801,41,27,14,9,16,1,2,1,0,0,0,2,3,3,1,2,0,0,0,25,19,6,8,5,3,1,0,1,6,3,3,1,0,1
59043601,226,120,106,26,64,18,22,9,5,3,1,21,15,16,19,2,9,2,7,93,60,33,84,40,44,6,1,5,26,12,14,8,5,3
59043602,5,3,2,0,2,2,1,0,0,0,0,0,0,0,0,0,0,0,0,4,2,2,0,0,0,0,0,0,0,0,0,1,1,0
55396401,75,46,29,9,25,6,6,2,3,1,2,5,2,5,4,2,2,1,1,39,28,11,20,10,10,0,0,0,8,3,5,6,4,2
59044401,145,76,69,8,48,16,22,4,4,3,1,9,10,6,7,2,3,1,2,67,38,29,45,25,20,4,0,4,22,10,12,4,2,2
59044402,13,9,4,0,3,0,4,1,1,1,0,1,0,2,0,0,0,0,0,7,4,3,4,3,1,0,0,0,2,2,0,0,0,0
59045201,141,80,61,15,53,11,9,12,2,1,2,10,10,9,6,0,6,2,4,60,46,14,51,22,29,1,0,1,18,7,11,5,3,2
59046101,87,45,42,21,35,6,7,2,0,1,0,3,4,2,4,0,1,0,1,32,22,10,39,19,20,1,0,1,13,3,10,1,1,0
59047901,102,58,44,10,38,12,11,1,6,2,1,9,2,2,7,1,2,0,2,47,28,19,34,18,16,0,0,0,14,8,6,5,4,1
59048701,60,36,24,5,24,6,7,5,0,1,0,1,3,3,5,0,1,0,1,38,24,14,11,5,6,0,0,0,6,4,2,4,3,1
59048702,44,29,15,3,19,2,2,6,1,1,0,1,4,1,1,2,1,1,0,19,13,6,16,10,6,0,0,0,3,2,1,5,3,2
59049501,89,49,40,18,22,5,9,4,4,2,2,6,6,4,5,0,2,0,2,31,21,10,33,15,18,2,0,2,15,9,6,6,4,2
59050901,91,51,40,4,45,5,7,6,0,4,2,2,7,3,4,0,2,0,2,40,24,16,25,14,11,1,0,1,15,8,7,8,5,3
59051701,267,145,122,16,70,39,28,9,19,5,2,26,13,16,13,2,11,5,6,124,78,46,84,39,45,3,2,1,33,15,18,12,6,6
59052501,56,35,21,9,23,3,5,4,0,2,0,2,1,3,4,0,2,0,2,28,20,8,17,10,7,0,0,0,8,5,3,1,0,1
59053301,45,28,17,9,13,3,6,3,2,0,0,2,2,1,3,0,0,0,0,23,15,8,14,9,5,1,0,1,6,3,3,1,1,0
59053302,136,80,56,33,27,9,13,11,4,0,0,4,7,11,11,3,4,2,2,68,44,24,42,25,17,2,1,1,15,4,11,5,4,1
58766401,67,39,28,12,26,4,6,2,0,0,0,2,7,5,3,0,2,0,2,33,21,12,23,13,10,0,0,0,9,5,4,0,0,0
59055001,195,111,84,26,51,31,22,8,6,3,2,13,6,11,12,3,7,3,4,95,64,31,57,32,25,4,1,3,28,10,18,4,1,3
59056801,144,81,63,25,49,11,8,7,2,3,2,7,4,16,6,2,9,6,3,59,34,25,58,31,27,1,0,1,14,7,7,3,3,0
1488490,0,0,0,0,0,0,0,0,0,0,0,0,0,0,0,0,0,0,0,0,0,0,0,0,0,0,0,0,0,0,0,0,0,0
1488570,0,0,0,0,0,0,0,0,0,0,0,0,0,0,0,0,0,0,0,0,0,0,0,0,0,0,0,0,0,0,0,0,0,0
59057601,437,240,197,25,183,31,21,18,19,5,9,37,33,24,22,3,8,3,5,173,110,63,163,85,78,7,1,6,81,36,45,5,5,0
59058401,252,151,101,25,85,38,17,5,9,4,5,16,19,16,8,2,7,7,0,109,68,41,93,55,38,2,0,2,32,13,19,9,8,1
59059201,152,83,69,16,62,20,9,3,1,1,1,9,12,8,4,1,2,1,1,85,55,30,43,19,24,1,0,1,16,5,11,5,3,2
59059202,25,17,8,4,6,7,1,1,0,0,1,2,0,2,1,0,0,0,0,8,6,2,8,5,3,0,0,0,8,5,3,1,1,0
59061401,82,47,35,16,26,4,10,2,2,1,0,7,2,6,4,1,2,0,2,28,17,11,28,16,12,1,0,1,19,10,9,4,4,0
59062201,151,87,64,33,47,9,12,5,2,4,1,10,5,7,12,1,4,2,2,59,38,21,49,26,23,5,0,5,28,18,10,6,3,3
59063101,66,39,27,7,32,1,10,5,0,0,1,2,2,3,3,0,3,1,2,36,27,9,18,9,9,0,0,0,8,1,7,1,1,0
55061201,22,12,10,3,7,0,3,1,0,1,0,2,4,1,0,0,1,1,0,6,3,3,11,5,6,1,0,1,3,3,0,0,0,0
59064901,122,73,49,17,38,15,7,9,5,2,0,3,12,7,4,1,3,0,3,49,36,13,47,26,21,6,2,4,13,5,8,4,4,0
59065701,31,16,15,7,6,2,4,0,0,0,1,3,2,1,3,0,1,1,0,9,5,4,12,4,8,0,0,0,9,6,3,0,0,0
59066501,36,21,15,9,8,1,3,0,1,1,0,0,5,3,5,0,0,0,0,19,12,7,9,5,4,1,1,0,7,3,4,0,0,0
59067301,799,451,348,59,251,99,71,26,42,4,9,54,53,60,51,8,27,18,9,332,227,105,270,127,143,13,5,8,138,60,78,19,14,5
55063901,52,30,22,9,12,7,10,2,0,0,3,2,1,3,2,0,4,2,2,27,19,8,12,5,7,0,0,0,7,2,5,2,2,0
59069001,46,26,20,4,26,2,3,1,1,1,0,1,3,2,2,0,1,0,1,20,14,6,18,9,9,0,0,0,5,2,3,2,1,1
59070301,138,79,59,11,46,20,16,9,4,1,1,4,8,7,9,0,3,2,1,61,44,17,51,23,28,7,4,3,16,6,10,0,0,0
59071101,61,32,29,9,22,2,4,4,3,1,0,6,5,3,1,0,3,1,2,25,15,10,15,7,8,2,0,2,15,8,7,1,1,0
55047701,44,29,15,12,14,1,0,1,0,1,0,3,1,4,5,0,2,1,1,23,18,5,10,6,4,2,0,2,7,4,3,0,0,0
59074601,300,167,133,24,113,25,27,15,7,4,3,17,22,23,11,2,14,8,6,149,104,45,85,38,47,5,0,5,43,16,27,4,1,3
59075401,81,52,29,15,36,5,6,4,2,4,0,1,2,2,2,2,5,3,2,42,28,14,19,12,7,0,0,0,13,7,6,2,2,0
59075402,40,22,18,7,14,3,4,1,0,0,0,4,0,3,4,0,0,0,0,22,15,7,10,3,7,0,0,0,4,2,2,4,2,2
59075403,26,17,9,0,11,4,4,1,0,0,0,2,1,1,2,0,1,1,0,12,8,4,11,7,4,0,0,0,2,1,1,0,0,0
59075404,54,34,20,2,13,10,5,10,1,2,0,4,0,1,3,2,3,2,1,21,15,6,25,14,11,1,0,1,1,0,1,3,3,0
59075405,112,66,46,19,35,6,15,7,2,0,1,7,7,4,7,1,3,3,0,54,37,17,40,19,21,1,1,0,12,5,7,2,1,1
59075406,107,66,41,28,34,9,12,4,1,1,0,3,2,2,10,0,6,5,1,60,41,19,29,15,14,1,0,1,9,3,6,2,2,0
59075407,414,239,175,37,140,49,41,31,11,4,3,23,29,17,16,4,22,12,10,192,121,71,113,57,56,9,3,6,62,36,26,16,10,6
59075409,574,324,250,40,182,42,69,32,14,15,6,33,28,43,41,6,25,19,6,214,131,83,197,102,95,9,2,7,99,53,46,30,17,13
59075411,237,133,104,12,88,25,35,8,7,2,4,11,9,13,15,1,11,7,4,96,62,34,87,42,45,7,2,5,31,15,16,5,5,0
59075412,166,90,76,9,34,19,30,12,11,2,3,12,10,7,6,3,12,8,4,63,39,24,55,23,32,1,0,1,23,11,12,12,9,3
59076201,95,55,40,12,44,3,5,5,0,1,1,8,6,4,5,1,3,1,2,51,35,16,21,9,12,0,0,0,15,6,9,5,4,1
3145520,0,0,0,0,0,0,0,0,0,0,0,0,0,0,0,0,0,0,0,0,0,0,0,0,0,0,0,0,0,0,0,0,0,0
3393180,0,0,0,0,0,0,0,0,0,0,0,0,0,0,0,0,0,0,0,0,0,0,0,0,0,0,0,0,0,0,0,0,0,0
59078901,36,21,15,8,16,3,3,1,0,0,0,1,2,1,1,0,0,0,0,16,12,4,9,4,5,0,0,0,5,3,2,6,2,4
59078902,41,24,17,8,14,2,4,3,2,1,0,4,1,0,1,0,4,3,1,21,14,7,10,4,6,1,1,0,4,2,2,1,0,1
59078903,254,137,117,19,100,12,27,15,4,5,8,11,9,20,19,1,5,4,1,91,60,31,93,44,49,6,1,5,48,21,27,11,7,4
59078904,211,124,87,14,79,23,17,8,5,0,1,10,10,17,20,1,13,7,6,84,61,23,69,37,32,4,0,4,32,15,17,9,4,5
59078906,323,181,142,21,118,30,26,16,14,3,4,22,14,23,22,4,14,10,4,140,91,49,109,57,52,4,1,3,47,19,28,9,3,6
59078907,600,322,278,32,277,43,59,27,8,5,3,27,22,45,41,3,22,8,14,233,149,84,229,119,110,14,2,12,82,33,49,20,11,9
59078908,157,88,69,12,70,13,11,8,5,3,1,9,6,12,7,0,4,2,2,72,44,28,54,31,23,1,0,1,23,11,12,3,0,3
59078910,255,147,108,14,99,26,33,7,9,3,4,16,10,13,11,3,8,4,4,112,71,41,81,41,40,3,0,3,36,20,16,15,11,4
59079701,124,69,55,12,33,5,17,8,5,0,2,6,6,11,13,1,1,0,1,52,30,22,39,23,16,2,0,2,29,15,14,1,1,0
55059101,36,21,15,6,14,2,4,1,1,0,0,2,2,1,0,1,3,1,2,13,11,2,16,7,9,0,0,0,4,2,2,0,0,0
59080101,104,50,54,14,26,10,13,5,0,2,1,10,8,11,2,0,5,3,2,33,17,16,42,19,23,0,0,0,24,11,13,0,0,0
59080102,13,8,5,0,2,1,3,0,0,0,0,4,0,2,1,0,0,0,0,2,1,1,4,2,2,1,1,0,6,4,2,0,0,0
59081901,66,44,22,14,25,7,6,1,1,0,1,1,2,3,4,0,2,2,0,38,29,9,14,7,7,1,0,1,8,5,3,3,1,2
59082701,85,49,36,12,27,4,3,6,6,0,0,14,8,1,2,0,5,3,2,41,25,16,21,9,12,2,0,2,15,11,4,1,1,0
59083501,101,61,40,11,27,11,7,5,1,2,3,8,6,4,10,2,4,2,2,39,25,14,38,22,16,4,2,2,16,10,6,0,0,0
59085101,61,37,24,10,18,4,6,3,0,0,0,0,5,2,12,1,4,2,2,34,26,8,16,6,10,1,0,1,5,2,3,1,1,0
59085102,10,3,7,0,0,1,0,0,0,0,0,0,0,0,7,0,0,0,0,3,1,2,4,0,4,0,0,0,3,2,1,0,0,0
51064501,46,25,21,5,13,7,3,1,3,0,1,2,4,0,6,0,2,1,1,14,11,3,19,9,10,0,0,0,11,4,7,0,0,0
59086001,214,132,82,15,92,20,19,18,0,6,4,10,6,11,6,4,8,6,2,86,65,21,75,33,42,2,0,2,30,19,11,13,9,4
59087801,48,29,19,3,20,11,2,0,2,0,0,3,2,2,3,0,1,1,0,27,18,9,15,8,7,0,0,0,3,0,3,2,2,0
59088602,244,140,104,20,78,30,16,15,3,1,1,18,20,17,19,1,9,5,4,112,76,36,79,39,40,5,0,5,33,16,17,6,4,2
59089401,88,59,29,22,32,7,4,3,0,1,0,5,4,4,3,1,6,1,5,44,35,9,26,18,8,3,1,2,9,4,5,0,0,0
59090801,192,107,85,23,76,15,12,8,10,4,2,9,8,12,10,0,5,2,3,84,54,30,63,34,29,1,1,0,35,14,21,4,2,2
59091601,53,29,24,11,20,2,2,3,0,1,1,2,4,5,2,0,1,1,0,18,12,6,22,11,11,0,0,0,12,5,7,0,0,0
59091602,16,11,5,4,1,3,3,0,0,0,0,0,3,0,2,0,1,1,0,8,7,1,4,0,4,1,1,0,2,2,0,0,0,0
54530901,212,115,97,29,61,10,23,11,7,3,2,14,14,12,19,1,10,6,4,83,57,26,70,29,41,4,1,3,43,21,22,2,1,1
55071001,129,74,55,13,40,10,12,11,2,1,5,6,8,5,13,0,2,1,1,45,33,12,47,23,24,3,2,1,26,12,14,6,3,3
59094101,64,42,22,21,14,1,9,5,1,1,2,1,4,4,0,0,3,2,1,30,23,7,20,12,8,0,0,0,8,4,4,3,1,2
59094102,423,241,182,21,100,41,46,23,16,14,6,39,47,26,30,2,12,6,6,134,95,39,161,84,77,9,1,8,90,42,48,17,13,4
59095901,52,29,23,4,22,4,1,2,1,1,3,4,4,1,4,0,0,0,0,18,12,6,22,10,12,2,0,2,5,4,1,5,3,2
59095902,8,6,2,0,4,0,2,1,0,0,0,0,1,0,0,0,0,0,0,5,3,2,2,2,0,0,0,0,1,1,0,0,0,0
59096701,90,49,41,14,19,13,9,3,6,0,0,4,4,2,15,0,2,2,0,46,28,18,29,14,15,4,0,4,8,4,4,1,1,0
59097501,111,59,52,15,43,1,15,5,1,1,2,8,8,4,6,0,3,2,1,44,27,17,46,21,25,1,0,1,12,6,6,5,3,2
55030201,20,12,8,9,3,2,0,0,1,1,0,2,0,1,1,0,1,0,1,5,5,0,9,4,5,0,0,0,5,3,2,0,0,0
55030202,49,29,20,1,14,8,5,2,3,1,0,2,3,4,3,0,1,1,0,18,13,5,21,12,9,1,0,1,8,3,5,0,0,0
51055601,113,64,49,11,46,5,3,4,1,2,0,9,12,8,7,2,3,0,3,44,33,11,44,21,23,5,3,2,17,7,10,0,0,0
59098301,27,17,10,2,13,1,2,0,0,2,0,2,2,0,3,0,0,0,0,12,10,2,8,4,4,1,0,1,6,3,3,0,0,0
59098302,22,13,9,4,10,1,0,2,0,0,1,1,0,2,1,0,0,0,0,10,7,3,5,3,2,0,0,0,7,3,4,0,0,0
59099101,225,202,23,8,73,17,8,7,9,2,1,14,59,2,4,12,68,67,1,95,88,7,49,38,11,0,0,0,13,9,4,0,0,0
59100902,13,6,7,2,3,2,1,1,2,0,0,0,1,0,0,0,0,0,0,6,3,3,2,2,0,0,0,0,5,1,4,0,0,0
59100903,220,129,91,30,82,13,16,9,3,1,0,8,26,17,8,5,9,4,5,92,63,29,61,32,29,3,0,3,42,19,23,13,11,2
57348501,37,21,16,5,14,3,1,2,0,2,0,1,3,3,3,0,0,0,0,20,13,7,11,5,6,0,0,0,6,3,3,0,0,0
59102501,79,49,30,12,32,2,1,6,1,0,0,5,6,3,5,1,2,1,1,30,25,5,31,16,15,2,0,2,13,6,7,1,1,0
54487601,69,41,28,12,32,8,5,2,1,0,0,2,1,5,1,0,4,2,2,46,34,12,13,3,10,0,0,0,6,2,4,0,0,0
59104101,181,105,76,30,43,18,15,5,9,1,4,18,11,10,13,0,6,2,4,79,54,25,53,25,28,4,0,4,37,22,15,2,2,0
55050701,262,153,109,39,101,20,20,17,11,3,3,13,8,11,12,1,15,6,9,117,80,37,88,49,39,4,1,3,28,12,16,10,5,5
59106801,48,28,20,5,15,8,3,0,2,0,0,4,3,0,5,1,4,1,3,19,15,4,17,7,10,0,0,0,2,1,1,6,4,2
58760501,54,36,18,14,16,4,1,2,0,1,0,4,1,5,4,1,4,3,1,25,17,8,17,11,6,0,0,0,5,2,3,3,3,0
59109201,50,31,19,10,21,7,3,1,0,1,1,3,1,0,0,1,4,3,1,26,18,8,17,9,8,0,0,0,2,0,2,1,1,0
54495701,28,15,13,13,5,0,0,1,0,0,0,0,3,2,2,1,0,0,0,12,6,6,8,5,3,1,0,1,6,3,3,1,1,0
55056601,115,62,53,11,34,8,8,5,1,1,0,7,12,15,7,1,4,2,2,43,29,14,42,21,21,2,0,2,20,6,14,4,4,0
55056602,77,44,33,6,30,5,10,3,0,2,0,6,1,5,7,1,1,1,0,39,25,14,19,10,9,2,2,0,15,5,10,1,1,0
59111401,141,81,60,10,57,9,13,11,2,1,2,9,8,8,8,1,3,3,0,58,40,18,50,26,24,2,0,2,25,10,15,3,2,1
55038801,95,59,36,13,34,10,6,9,1,0,0,5,0,9,6,1,3,1,2,42,33,9,31,14,17,0,0,0,17,9,8,2,2,0
59112201,91,51,40,8,33,7,11,1,0,3,0,8,5,6,4,0,4,3,1,34,27,7,30,14,16,1,0,1,20,5,15,2,2,0
54503101,71,41,30,22,22,5,2,7,0,0,0,0,2,3,7,0,6,5,1,36,25,11,21,9,12,2,0,2,5,1,4,1,1,0
59114901,39,23,16,5,13,3,2,6,0,0,0,4,1,1,2,2,2,2,0,25,17,8,7,3,4,0,0,0,3,1,2,2,0,2
59115701,115,62,53,19,37,12,12,5,1,3,1,8,4,3,6,1,1,0,1,51,32,19,37,21,16,1,0,1,14,4,10,11,5,6
59116501,156,89,67,28,55,7,10,4,8,0,1,10,6,14,9,0,1,0,1,80,53,27,47,21,26,1,0,1,23,12,11,4,3,1
59116502,18,10,8,1,12,1,0,1,1,0,0,1,0,0,1,0,0,0,0,11,7,4,5,2,3,1,0,1,1,1,0,0,0,0
59117301,631,359,272,37,232,62,57,29,23,16,3,35,48,31,39,7,19,10,9,248,159,89,240,126,114,11,3,8,90,44,46,23,17,6
0989810,0,0,0,0,0,0,0,0,0,0,0,0,0,0,0,0,0,0,0,0,0,0,0,0,0,0,0,0,0,0,0,0,0,0
3145790,0,0,0,0,0,0,0,0,0,0,0,0,0,0,0,0,0,0,0,0,0,0,0,0,0,0,0,0,0,0,0,0,0,0
3145950,0,0,0,0,0,0,0,0,0,0,0,0,0,0,0,0,0,0,0,0,0,0,0,0,0,0,0,0,0,0,0,0,0,0
59118101,50,27,23,1,17,5,4,0,3,0,1,3,5,5,1,1,1,0,1,18,12,6,17,9,8,2,1,1,10,4,6,2,1,1
59118102,16,11,5,3,6,3,0,2,1,0,0,1,0,0,0,0,1,1,0,12,7,5,3,3,0,0,0,0,0,0,0,0,0,0
59118103,91,56,35,6,30,19,4,3,4,0,1,3,4,5,5,1,8,5,3,46,33,13,21,12,9,1,0,1,14,5,9,1,1,0
59118104,47,28,19,3,17,7,6,5,1,0,0,1,2,2,2,0,4,2,2,23,18,5,15,7,8,2,1,1,3,0,3,0,0,0
59118105,51,32,19,4,18,2,6,7,1,2,1,1,2,1,3,1,2,1,1,28,23,5,9,0,9,1,0,1,11,8,3,0,0,0
59118106,1026,541,485,38,344,66,105,62,20,10,12,87,71,90,83,4,32,20,12,397,249,148,357,171,186,19,8,11,206,85,121,15,8,7
59118107,33,18,15,3,7,1,6,2,1,0,0,3,6,3,1,0,1,0,1,10,7,3,14,8,6,1,0,1,6,3,3,1,0,1
59118108,51,30,21,2,22,3,5,0,1,1,1,4,1,0,6,0,1,1,0,19,11,8,22,12,10,0,0,0,9,6,3,0,0,0
59118109,179,102,77,9,61,14,20,7,2,6,3,8,10,22,11,0,7,3,4,63,46,17,52,26,26,1,1,0,46,19,27,10,7,3
59118112,288,154,134,14,88,21,41,19,1,3,5,21,24,26,16,1,11,8,3,95,62,33,114,59,55,3,1,2,58,20,38,7,4,3
59118113,357,212,145,11,125,36,33,23,10,7,3,24,21,22,27,3,36,21,15,137,84,53,102,62,40,5,3,2,48,20,28,29,22,7
59118114,20,10,10,1,10,1,3,0,0,0,0,2,1,0,1,0,0,0,0,9,7,2,8,2,6,0,0,0,3,1,2,0,0,0
59118115,209,120,89,10,63,17,24,10,3,5,4,20,11,18,12,1,10,2,8,77,51,26,79,46,33,2,1,1,37,17,20,4,3,1
59118117,325,179,146,11,99,20,44,17,4,15,3,28,14,34,20,2,7,5,2,102,65,37,120,61,59,4,0,4,84,44,40,8,4,4
59118118,708,396,312,21,248,49,84,45,20,13,6,43,47,51,53,7,40,15,25,257,179,78,256,138,118,20,3,17,117,48,69,18,13,5
59118119,15,7,8,3,1,2,2,3,1,0,0,1,0,0,1,0,0,0,0,9,6,3,4,1,3,0,0,0,2,0,2,0,0,0
59119001,310,177,133,27,89,34,25,12,10,0,2,8,25,16,48,3,9,6,3,129,87,42,105,58,47,10,0,10,49,22,27,8,4,4
55077901,79,48,31,11,26,3,5,2,3,3,1,5,10,2,8,0,1,0,1,38,24,14,28,17,11,1,0,1,9,6,3,2,1,1
3146330,0,0,0,0,0,0,0,0,0,0,0,0,0,0,0,0,0,0,0,0,0,0,0,0,0,0,0,0,0,0,0,0,0,0
3146410,0,0,0,0,0,0,0,0,0,0,0,0,0,0,0,0,0,0,0,0,0,0,0,0,0,0,0,0,0,0,0,0,0,0
3295500,0,0,0,0,0,0,0,0,0,0,0,0,0,0,0,0,0,0,0,0,0,0,0,0,0,0,0,0,0,0,0,0,0,0
3389580,0,0,0,0,0,0,0,0,0,0,0,0,0,0,0,0,0,0,0,0,0,0,0,0,0,0,0,0,0,0,0,0,0,0
3389660,0,0,0,0,0,0,0,0,0,0,0,0,0,0,0,0,0,0,0,0,0,0,0,0,0,0,0,0,0,0,0,0,0,0
59121101,41,22,19,1,16,3,6,5,2,0,0,2,2,3,1,0,0,0,0,16,10,6,17,8,9,1,0,1,6,4,2,1,0,1
59121102,29,16,13,2,12,4,3,1,1,0,0,2,0,2,2,0,1,0,1,17,11,6,6,1,5,0,0,0,4,3,1,1,1,0
59121103,46,29,17,2,13,4,7,3,2,1,0,0,4,4,4,0,2,1,1,17,11,6,17,11,6,1,0,1,7,4,3,2,2,0
59121104,255,134,121,10,66,19,36,15,9,2,0,31,18,14,21,3,12,6,6,108,62,46,74,38,36,5,0,5,53,26,27,3,2,1
59121105,367,201,166,13,87,19,43,16,9,8,4,36,54,32,29,0,7,1,6,88,48,40,142,83,59,6,1,5,119,64,55,5,4,1
59121106,217,123,94,8,57,22,28,15,5,0,3,26,18,9,16,4,9,6,3,85,45,40,66,35,31,1,0,1,38,25,13,18,12,6
59121107,766,401,365,33,200,42,77,38,30,15,6,60,102,64,68,10,30,17,13,261,149,112,282,152,130,17,2,15,158,71,87,18,10,8
59121108,624,344,280,24,145,37,75,37,26,12,7,39,91,57,49,2,26,14,12,150,90,60,242,122,120,13,1,12,174,105,69,19,12,7
59122001,160,96,64,16,48,24,17,7,6,0,1,6,8,11,11,2,3,2,1,64,45,19,57,31,26,2,1,1,27,13,14,7,4,3
59123801,23,12,11,1,10,1,2,2,0,0,1,2,1,1,2,0,1,1,0,10,6,4,8,3,5,0,0,0,4,2,2,0,0,0
59124601,94,55,39,9,49,6,5,1,0,1,2,6,4,3,7,0,3,2,1,37,26,11,31,17,14,3,0,3,17,8,9,3,2,1
59124602,17,7,10,2,4,2,1,1,2,0,0,0,0,0,4,1,0,0,0,5,2,3,9,4,5,0,0,0,3,1,2,0,0,0
59125401,64,36,28,8,22,15,4,0,0,0,0,1,3,2,4,1,0,0,0,34,23,11,23,11,12,3,0,3,3,1,2,1,1,0
59125402,325,186,139,16,106,32,32,16,14,3,4,19,13,18,43,4,19,11,8,166,112,54,91,39,52,8,4,4,31,12,19,10,8,2
59126201,53,35,18,20,13,6,5,2,0,1,0,1,2,0,2,0,1,1,0,20,15,5,27,14,13,0,0,0,3,3,0,2,2,0
51098001,159,89,70,25,55,10,13,10,6,2,0,13,9,6,8,0,6,4,2,84,52,32,38,19,19,2,0,2,28,13,15,1,1,0
59128901,34,20,14,5,6,4,5,3,1,0,1,1,3,4,1,0,0,0,0,13,10,3,14,9,5,0,0,0,7,1,6,0,0,0
59129701,62,33,29,9,21,2,6,2,1,3,0,4,6,1,5,0,8,6,2,25,13,12,20,10,10,0,0,0,5,1,4,4,3,1
54693301,82,44,38,11,27,6,4,6,0,0,1,4,8,8,3,0,2,2,0,27,18,9,34,16,18,1,0,1,14,6,8,4,2,2
59130101,131,78,53,5,56,10,12,12,4,2,1,4,9,6,8,0,2,2,0,51,38,13,50,22,28,3,1,2,21,12,9,4,3,1
59130102,816,451,365,38,332,48,70,75,29,13,5,49,49,46,42,4,36,16,20,332,212,120,286,149,137,15,3,12,130,63,67,17,8,9
59131901,338,186,152,44,144,24,36,19,2,1,0,16,21,11,13,2,18,6,12,177,115,62,101,46,55,8,1,7,23,11,12,11,7,4
59132701,73,47,26,21,24,5,3,5,3,0,0,1,3,7,0,1,4,3,1,35,24,11,25,17,8,1,0,1,6,1,5,2,2,0
59133501,89,57,32,7,23,29,4,0,2,1,0,5,6,5,5,0,1,0,1,20,16,4,41,21,20,10,8,2,11,7,4,6,5,1
55046901,79,45,34,11,29,8,8,9,1,0,1,1,4,1,3,0,4,2,2,40,27,13,26,13,13,0,0,0,4,0,4,5,3,2
59136001,201,116,85,16,80,14,24,13,4,2,1,10,14,8,11,2,9,5,4,89,61,28,76,37,39,4,0,4,19,10,9,4,3,1
59137801,77,40,37,9,23,3,16,0,1,2,0,4,4,2,12,0,1,0,1,24,16,8,34,16,18,3,0,3,14,7,7,1,1,0
55037001,54,32,22,3,13,5,9,7,1,1,0,3,1,5,4,2,3,3,0,24,16,8,19,10,9,0,0,0,8,3,5,0,0,0
59139401,159,91,68,18,54,19,5,9,8,0,1,6,9,16,12,0,6,2,4,73,51,22,46,21,25,1,0,1,30,15,15,3,2,1
59140801,26,18,8,3,10,1,0,1,0,0,0,3,3,1,2,2,2,2,0,14,11,3,6,2,4,1,1,0,2,1,1,1,1,0
59141601,11,6,5,2,2,1,1,1,0,0,0,1,2,1,0,0,0,0,0,6,4,2,3,1,2,0,0,0,2,1,1,0,0,0
59141602,64,42,22,16,16,4,3,2,1,0,0,8,3,2,5,0,0,0,0,31,25,6,16,8,8,3,0,3,13,8,5,1,1,0
59142401,36,20,16,7,13,2,3,1,1,1,0,1,1,1,2,1,0,0,0,17,12,5,12,7,5,0,0,0,6,1,5,1,0,1
59143201,15,8,7,0,7,1,0,1,0,0,1,0,1,1,3,0,0,0,0,7,5,2,7,3,4,0,0,0,1,0,1,0,0,0
59143202,291,160,131,33,109,16,21,16,7,5,3,14,23,23,15,1,20,12,8,129,84,45,98,44,54,5,1,4,31,14,17,8,5,3
59144101,68,40,28,14,15,7,2,5,1,0,2,7,2,5,6,2,5,3,2,36,25,11,20,10,10,2,0,2,5,2,3,0,0,0
59145901,386,218,168,15,204,16,24,17,4,3,4,18,27,24,18,2,16,11,5,156,110,46,143,60,83,8,0,8,55,30,25,8,7,1
54475201,95,56,39,7,39,12,6,9,1,1,1,4,4,5,5,0,8,5,3,47,32,15,33,15,18,1,0,1,4,2,2,2,2,0
59149102,65,38,27,6,15,5,7,2,3,2,0,5,6,3,6,2,3,3,0,25,21,4,25,11,14,1,1,0,9,2,7,2,0,2
59150501,193,104,89,36,56,12,18,13,1,3,3,11,20,11,6,1,8,3,5,88,57,31,55,28,27,2,0,2,36,13,23,4,3,1
59150502,32,18,14,8,7,2,3,2,0,1,0,1,1,5,2,0,0,0,0,9,7,2,13,6,7,0,0,0,9,5,4,1,0,1
51130701,53,35,18,10,18,3,6,5,0,0,1,3,1,2,2,2,1,1,0,31,23,8,12,5,7,1,1,0,8,5,3,0,0,0
59152101,47,29,18,7,10,6,5,1,1,1,0,5,1,5,3,1,4,3,1,21,10,11,13,9,4,1,1,0,6,4,2,2,2,0
55049301,62,40,22,17,23,1,5,5,0,0,0,1,3,2,3,0,2,2,0,29,21,8,20,11,9,0,0,0,8,3,5,3,3,0
59154801,150,93,57,26,41,25,9,7,3,2,2,6,7,9,5,1,11,7,4,71,49,22,39,18,21,0,0,0,22,13,9,7,6,1
59155601,42,25,17,4,17,4,2,2,0,2,1,1,2,2,4,0,2,1,1,13,8,5,19,14,5,1,1,0,7,1,6,0,0,0
59156401,73,45,28,12,26,6,7,1,1,2,2,2,4,5,3,0,0,0,0,35,29,6,23,13,10,0,0,0,11,1,10,4,2,2
54504001,49,30,19,4,27,5,3,2,0,0,0,1,3,2,2,0,1,0,1,23,13,10,16,12,4,1,0,1,4,2,2,4,3,1
59158101,254,152,102,11,74,28,26,19,8,6,3,22,21,10,14,4,8,6,2,96,66,30,103,53,50,2,0,2,40,25,15,5,2,3
59160201,57,35,22,6,27,1,7,5,0,2,1,0,2,4,0,0,5,4,1,24,16,8,15,7,8,1,0,1,10,6,4,2,2,0
59161101,405,235,170,15,143,50,38,18,7,5,5,13,30,28,33,3,16,6,10,173,121,52,140,72,68,15,2,13,55,28,27,6,6,0
0385390,0,0,0,0,0,0,0,0,0,0,0,0,0,0,0,0,0,0,0,0,0,0,0,0,0,0,0,0,0,0,0,0,0,0
59162901,498,298,200,28,154,68,43,19,32,5,8,44,39,34,11,1,22,8,14,216,145,71,177,105,72,5,1,4,66,31,35,12,8,4
59162902,30,20,10,4,9,1,1,4,1,2,0,4,1,1,0,1,0,0,0,16,10,6,8,6,2,0,0,0,3,2,1,3,2,1
59163701,349,195,154,25,119,35,34,17,13,9,4,21,23,23,21,0,6,4,2,119,75,44,139,72,67,7,2,5,72,37,35,6,5,1
59164501,206,121,85,19,66,17,18,17,5,1,1,16,16,12,15,1,6,4,2,89,65,24,75,34,41,6,1,5,24,13,11,6,4,2
51108101,131,77,54,14,22,20,4,6,6,2,1,16,21,8,7,2,3,0,3,60,42,18,39,21,18,3,0,3,19,8,11,7,6,1
59168801,92,55,37,13,26,16,6,3,1,1,0,11,4,2,5,1,3,1,2,50,35,15,25,11,14,0,0,0,10,5,5,4,3,1
59170001,26,15,11,2,7,2,4,1,0,0,3,2,3,0,1,0,0,0,0,12,7,5,7,4,3,0,0,0,7,4,3,0,0,0
59170002,28,17,11,2,9,3,1,2,0,1,3,2,2,3,0,0,0,0,0,10,8,2,14,6,8,0,0,0,4,3,1,0,0,0
59170003,71,41,30,12,21,7,6,1,0,1,2,5,1,5,7,0,1,1,0,26,17,9,29,15,14,0,0,0,12,6,6,3,2,1
54518001,81,49,32,8,47,8,6,2,0,2,0,1,3,0,2,1,7,3,4,38,26,12,25,13,12,1,0,1,3,3,0,7,4,3
59172601,116,69,47,17,31,8,12,9,5,0,1,6,12,5,7,1,5,2,3,51,35,16,44,24,20,3,2,1,11,5,6,2,1,1
59174201,33,18,15,3,13,1,3,1,0,0,0,2,0,4,4,1,2,1,1,12,8,4,13,6,7,0,0,0,6,3,3,0,0,0
59174202,82,50,32,5,25,4,10,8,2,3,3,5,2,4,4,0,7,5,2,31,21,10,29,16,13,0,0,0,14,8,6,1,0,1
59174203,686,376,310,38,248,48,69,24,13,18,11,42,56,50,44,1,22,11,11,225,153,72,250,119,131,8,2,6,161,80,81,20,11,9
58746001,50,32,18,8,14,11,6,0,1,0,0,4,0,2,1,1,2,2,0,24,16,8,15,6,9,0,0,0,8,7,1,1,1,0
3398310,0,0,0,0,0,0,0,0,0,0,0,0,0,0,0,0,0,0,0,0,0,0,0,0,0,0,0,0,0,0,0,0,0,0
55487101,288,168,120,12,78,49,24,13,9,8,5,17,18,25,20,2,8,5,3,103,64,39,108,52,56,7,3,4,49,31,18,13,13,0
59176901,254,140,114,26,73,45,24,14,2,5,3,19,13,12,10,1,8,4,4,119,70,49,76,40,36,6,1,5,36,18,18,9,7,2
59176902,32,19,13,3,8,0,1,2,1,0,0,14,2,1,0,0,1,1,0,11,7,4,5,4,1,0,0,0,15,7,8,0,0,0
59177701,61,38,23,9,33,3,6,1,1,1,0,1,1,0,5,0,2,2,0,30,22,8,22,10,12,0,0,0,5,3,2,2,1,1
59178501,150,89,61,11,39,4,28,11,2,4,0,22,12,8,3,4,7,3,4,59,43,16,60,29,31,3,1,2,18,10,8,3,3,0
59179301,112,71,41,24,43,10,6,3,2,2,0,7,5,4,4,1,2,2,0,53,33,20,39,23,16,1,1,0,13,8,5,4,4,0
59180701,193,112,81,20,66,18,18,18,5,1,3,7,7,10,13,3,3,0,3,70,51,19,83,40,43,0,0,0,23,12,11,14,9,5
59180702,19,10,9,1,5,0,0,2,0,2,0,1,2,2,4,0,1,0,1,9,7,2,5,3,2,0,0,0,3,0,3,1,0,1
59181501,128,74,54,21,38,19,7,9,3,2,1,3,8,7,6,2,1,1,0,66,44,22,42,20,22,3,0,3,11,5,6,5,4,1
59182301,47,29,18,10,12,2,7,6,0,0,0,1,2,3,3,0,1,1,0,24,19,5,21,9,12,0,0,0,1,0,1,0,0,0
59184001,15,9,6,2,5,1,1,2,0,1,1,1,0,0,1,0,1,1,0,7,4,3,3,2,1,1,0,1,3,2,1,0,0,0
59184002,339,199,140,27,86,43,40,17,5,6,3,24,29,24,27,0,5,5,0,140,102,38,110,60,50,8,2,6,65,24,41,11,6,5
59185801,171,104,67,32,53,16,9,10,3,4,4,5,11,11,11,0,2,2,0,79,54,25,56,32,24,2,0,2,25,10,15,7,6,1
59186601,18,10,8,4,5,0,4,0,1,0,0,0,0,1,2,1,0,0,0,7,5,2,7,3,4,2,0,2,1,1,0,1,1,0
59186602,40,25,15,5,12,7,5,0,1,0,0,2,3,2,1,1,0,0,0,19,16,3,13,6,7,2,0,2,4,2,2,2,1,1
59186603,170,96,74,20,46,23,21,8,8,1,3,10,5,9,15,1,10,5,5,69,47,22,57,27,30,0,0,0,29,12,17,5,5,0
1697730,0,0,0,0,0,0,0,0,0,0,0,0,0,0,0,0,0,0,0,0,0,0,0,0,0,0,0,0,0,0,0,0,0,0
1698460,0,0,0,0,0,0,0,0,0,0,0,0,0,0,0,0,0,0,0,0,0,0,0,0,0,0,0,0,0,0,0,0,0,0
1699600,0,0,0,0,0,0,0,0,0,0,0,0,0,0,0,0,0,0,0,0,0,0,0,0,0,0,0,0,0,0,0,0,0,0
59026601,120,70,50,12,31,9,15,4,3,4,3,7,13,9,5,0,2,0,2,38,25,13,51,31,20,3,2,1,25,11,14,1,1,0
59026602,105,59,46,6,28,10,17,6,2,3,4,7,5,5,5,0,2,0,2,43,27,16,34,18,16,2,0,2,18,11,7,6,3,3
59026603,109,56,53,9,29,14,23,2,1,1,1,7,7,4,4,2,2,1,1,43,26,17,38,19,19,2,0,2,21,9,12,3,1,2
59026604,83,53,30,3,23,11,12,7,2,2,2,3,7,6,3,0,2,2,0,37,28,9,26,11,15,3,1,2,15,11,4,0,0,0
59026605,135,70,65,11,40,6,16,8,2,5,1,11,10,6,11,1,8,1,7,38,26,12,54,25,29,3,1,2,28,16,12,4,1,3
59026606,68,38,30,7,17,17,5,3,0,2,0,6,4,6,1,0,3,3,0,16,8,8,23,14,9,1,0,1,22,10,12,3,3,0
59026609,256,144,112,2,80,19,41,8,11,5,5,18,14,15,27,2,8,6,2,74,54,20,107,52,55,5,1,4,59,30,29,3,1,2
59026610,739,393,346,7,278,62,78,34,31,12,5,61,35,50,53,12,45,23,22,288,169,119,243,122,121,16,7,9,119,53,66,28,19,9
59026611,18,12,6,0,6,0,3,0,1,0,1,5,0,0,2,0,0,0,0,3,2,1,8,5,3,0,0,0,5,4,1,2,1,1
59026612,506,277,229,12,138,38,80,16,17,19,13,42,27,39,44,1,15,9,6,137,93,44,185,86,99,15,1,14,143,80,63,11,8,3
59026613,983,510,473,12,387,69,125,41,23,15,15,75,55,58,60,9,47,24,23,380,205,175,352,185,167,19,7,12,163,74,89,22,15,7
59026614,81,44,37,3,26,5,9,2,2,8,1,5,6,6,4,0,5,1,4,13,10,3,27,18,9,1,0,1,31,15,16,4,0,4
59026615,41,19,22,2,15,3,7,0,2,1,1,3,2,4,1,0,1,0,1,13,8,5,15,8,7,1,0,1,9,3,6,2,0,2
59026617,48,30,18,0,12,2,5,3,0,0,2,9,4,3,5,2,5,5,0,4,2,2,14,9,5,1,0,1,23,13,10,1,1,0
59026619,564,294,270,17,152,31,76,13,10,17,15,69,31,41,65,6,15,9,6,110,68,42,199,91,108,11,4,7,217,114,103,12,8,4
59026620,216,111,105,7,66,18,16,8,6,6,7,17,10,22,18,0,9,3,6,60,43,17,78,30,48,3,0,3,61,34,27,5,1,4
59026621,23,12,11,3,8,1,1,2,1,1,0,1,2,2,1,0,1,0,1,5,4,1,8,3,5,0,0,0,7,3,4,2,2,0
59026622,673,368,305,14,202,54,70,24,23,20,12,62,44,57,69,3,23,14,9,164,114,50,248,129,119,15,4,11,209,102,107,14,5,9
59026624,161,82,79,2,40,11,25,8,4,5,0,17,11,13,17,2,5,4,1,43,28,15,68,31,37,6,2,4,34,14,20,5,3,2
59026625,64,33,31,0,18,4,5,3,1,4,1,8,3,9,7,0,3,1,2,5,2,3,28,15,13,0,0,0,28,15,13,0,0,0
59026626,669,363,306,15,181,47,83,14,15,25,18,63,57,54,69,4,19,10,9,154,105,49,243,116,127,10,2,8,230,123,107,13,7,6
59026627,362,262,100,12,121,46,47,24,10,3,5,31,10,6,11,17,32,25,7,123,99,24,82,49,33,3,0,3,34,20,14,88,69,19
59026628,134,72,62,2,27,11,18,16,4,5,0,13,4,8,12,4,8,3,5,44,30,14,41,22,19,3,0,3,33,15,18,5,2,3
59026631,15,11,4,0,1,3,2,1,2,0,1,3,2,0,0,0,0,0,0,4,3,1,9,6,3,0,0,0,2,2,0,0,0,0
59026632,715,388,327,18,244,48,85,25,17,20,12,48,37,50,71,6,28,17,11,221,134,87,286,154,132,14,4,10,151,71,80,15,8,7
59026633,36,31,5,0,16,5,1,2,3,0,0,5,0,0,1,3,6,5,1,15,13,2,13,11,2,0,0,0,0,0,0,2,2,0
59026634,65,37,28,1,10,10,6,0,0,2,2,9,5,10,7,1,4,2,2,15,10,5,19,10,9,4,2,2,20,11,9,3,2,1
59026635,1287,696,591,25,465,104,136,49,40,26,15,97,74,101,104,5,51,29,22,462,274,188,511,262,249,21,8,13,218,109,109,24,14,10
59026636,2212,1154,1058,39,730,179,237,78,68,52,45,190,150,166,189,12,93,44,49,685,397,288,837,410,427,46,15,31,507,263,244,44,25,19
59026637,437,225,212,5,123,36,45,21,15,14,5,41,26,37,41,4,15,9,6,132,69,63,177,95,82,10,3,7,91,42,49,12,7,5
59026638,1744,909,835,33,634,124,183,80,46,44,29,129,88,130,144,14,65,40,25,621,366,255,687,332,355,32,6,26,295,137,158,44,28,16
59026639,1223,646,577,21,406,83,145,45,32,34,22,107,76,89,111,7,58,32,26,376,223,153,455,216,239,20,3,17,297,160,137,17,12,5
59026641,103,56,47,1,26,7,12,2,10,1,3,9,8,8,9,0,8,3,5,34,20,14,31,15,16,2,0,2,25,17,8,3,1,2
59026642,284,152,132,5,78,26,34,8,18,9,4,28,10,25,25,1,19,9,10,81,56,25,104,51,53,9,1,8,63,32,31,8,3,5
59026643,1727,903,824,31,463,107,208,58,54,47,26,146,124,155,202,21,98,52,46,462,280,182,637,314,323,35,11,24,450,218,232,45,28,17
59026645,165,89,76,6,46,19,14,8,7,3,2,23,0,7,18,2,15,10,5,52,35,17,58,25,33,3,0,3,27,12,15,10,7,3
59026646,602,304,298,12,193,27,88,22,16,26,21,39,51,30,60,2,24,16,8,136,67,69,218,109,109,15,3,12,192,98,94,17,11,6
59026647,92,53,39,1,24,12,7,1,2,5,1,6,6,14,9,1,4,4,0,27,16,11,28,18,10,3,0,3,27,13,14,3,2,1
59026648,75,44,31,1,24,7,13,4,3,1,2,4,2,6,2,3,4,2,2,26,18,8,30,16,14,1,0,1,12,6,6,2,2,0
59026649,65,39,26,3,22,9,4,5,2,1,3,2,2,2,3,0,4,2,2,20,14,6,17,10,7,3,2,1,21,11,10,0,0,0
55031101,46,27,19,4,13,7,0,1,1,1,0,1,10,3,3,0,1,1,0,15,10,5,17,8,9,1,0,1,7,4,3,5,4,1
58769901,60,30,30,12,18,6,7,2,2,0,0,5,2,3,3,0,3,3,0,21,9,12,22,12,10,2,1,1,6,3,3,6,2,4
59187401,398,225,173,25,116,72,23,10,24,4,8,25,24,32,23,3,12,9,3,134,93,41,152,72,80,9,3,6,84,42,42,7,6,1
58834201,89,52,37,13,32,11,5,3,3,1,0,2,4,6,8,0,6,2,4,45,31,14,25,14,11,3,1,2,9,4,5,1,0,1
51124201,207,118,89,18,47,21,14,6,4,3,4,21,41,7,15,2,4,3,1,74,52,22,84,42,42,5,1,4,38,19,19,2,1,1
59190401,31,16,15,2,7,2,4,1,0,0,0,4,2,4,4,1,3,2,1,10,5,5,11,7,4,0,0,0,5,2,3,2,0,2
59190402,85,52,33,15,23,15,8,3,3,0,0,6,1,3,4,1,2,1,1,48,34,14,21,10,11,2,0,2,9,5,4,3,2,1
59190403,428,247,181,27,151,41,34,28,11,14,5,25,25,21,34,5,14,7,7,180,120,60,145,80,65,11,4,7,62,26,36,16,10,6
59191201,68,42,26,11,24,4,6,7,1,1,1,5,2,2,3,0,3,0,3,26,18,8,24,18,6,1,0,1,13,6,7,1,0,1
59193901,78,48,30,2,20,27,9,0,4,1,1,4,3,1,4,0,6,5,1,25,13,12,31,20,11,0,0,0,15,10,5,1,0,1
59193902,358,214,144,42,120,23,39,20,7,8,4,22,28,18,21,1,8,3,5,141,95,46,146,79,67,7,3,4,49,27,22,7,7,0
59194701,27,14,13,8,7,2,1,3,0,0,0,4,1,0,1,0,2,1,1,13,9,4,8,3,5,0,0,0,4,1,3,0,0,0
59194703,36,21,15,6,13,4,0,3,0,0,1,1,1,3,1,1,1,0,1,9,6,3,14,9,5,2,1,1,9,4,5,1,1,0
59195501,58,34,24,10,12,4,4,4,0,3,0,9,5,1,5,0,2,2,0,16,9,7,27,13,14,0,0,0,12,9,3,1,1,0
59196301,9,4,5,1,2,2,0,0,1,1,0,2,0,0,0,0,0,0,0,4,3,1,4,0,4,0,0,0,0,0,0,1,1,0
59196302,31,21,10,5,12,0,2,0,0,0,0,0,4,4,2,2,1,1,0,10,6,4,12,9,3,0,0,0,6,3,3,2,2,0
59198001,104,59,45,18,49,4,5,5,1,2,0,4,5,2,8,0,5,3,2,59,37,22,29,12,17,0,0,0,8,6,2,3,1,2
59199801,108,65,43,15,50,14,6,5,1,0,1,3,4,4,2,2,1,1,0,59,40,19,30,11,19,1,0,1,8,5,3,9,8,1
59199802,73,40,33,6,38,9,1,5,2,1,2,2,5,2,0,0,4,4,0,31,21,10,27,13,14,1,0,1,8,1,7,2,1,1
59199803,82,50,32,11,41,4,5,3,1,0,2,4,6,0,4,0,7,5,2,37,26,11,24,10,14,0,0,0,10,6,4,4,3,1
59199804,484,265,219,29,240,21,35,30,11,6,4,44,20,20,9,2,43,22,21,213,139,74,145,64,81,4,1,3,59,24,35,20,15,5
59521701,74,37,37,6,27,4,5,5,5,0,2,8,2,4,4,0,4,1,3,33,20,13,23,8,15,3,0,3,9,6,3,2,2,0
59524101,80,45,35,14,33,4,5,2,2,0,0,5,1,4,9,1,6,4,2,33,20,13,24,12,12,4,0,4,12,8,4,1,1,0
59524102,40,24,16,8,9,2,3,7,0,1,1,1,0,4,2,0,5,1,4,20,15,5,12,7,5,1,0,1,2,1,1,0,0,0
59525001,120,68,52,10,46,8,16,4,5,2,0,7,6,7,7,1,3,1,2,56,40,16,37,17,20,4,2,2,19,7,12,1,1,0
59525002,41,22,19,8,6,0,8,6,0,0,0,3,1,1,7,1,2,0,2,18,12,6,16,9,7,1,0,1,4,1,3,0,0,0
59526801,246,138,108,25,57,31,28,7,4,4,4,12,8,27,31,1,8,4,4,95,66,29,87,50,37,13,2,11,38,13,25,5,3,2
59526802,161,86,75,18,41,12,12,11,5,3,1,10,8,19,18,1,4,1,3,57,41,16,61,28,33,4,1,3,28,12,16,7,3,4
59527601,121,71,50,17,35,12,14,3,4,2,2,2,4,2,20,1,5,4,1,64,41,23,34,16,18,2,0,2,10,5,5,6,5,1
59528401,135,85,50,11,45,21,7,8,1,4,0,14,7,7,7,0,2,1,1,57,40,17,48,29,19,3,0,3,23,13,10,2,2,0
59529201,449,261,188,58,181,39,37,17,8,9,9,17,22,19,23,4,13,6,7,181,126,55,150,76,74,12,7,5,80,37,43,13,9,4
59529202,101,58,43,14,55,5,6,3,1,4,0,3,5,1,1,1,6,3,3,51,34,17,34,17,17,2,0,2,6,3,3,2,1,1
59530601,108,61,47,12,43,12,5,4,3,0,1,2,5,10,8,1,4,2,2,44,30,14,32,16,16,2,0,2,20,8,12,6,5,1
59530602,28,16,12,7,10,3,1,0,0,1,0,2,0,0,2,0,1,1,0,11,6,5,7,5,2,0,0,0,9,4,5,0,0,0
59532201,71,45,26,15,24,6,3,2,1,0,2,3,2,4,8,1,1,1,0,30,21,9,24,15,9,3,0,3,8,4,4,5,4,1
59564101,195,104,91,27,77,10,14,7,3,2,4,3,7,20,15,0,7,3,4,74,47,27,59,29,30,5,3,2,38,12,26,12,10,2
59564102,26,16,10,3,7,4,1,0,1,0,0,6,1,0,2,0,0,0,0,13,9,4,8,4,4,0,0,0,4,2,2,1,1,0
59564103,174,99,75,14,61,15,9,6,11,3,1,12,7,16,12,1,9,4,5,78,52,26,55,27,28,4,1,3,24,12,12,4,3,1
59534901,83,47,36,12,34,6,16,1,1,1,1,3,1,1,4,0,5,3,2,41,26,15,14,5,9,0,0,0,10,4,6,13,9,4
59535701,79,46,33,8,29,6,8,2,0,1,2,9,3,4,7,0,3,3,0,33,23,10,24,9,15,3,0,3,12,9,3,4,2,2
59535702,12,7,5,0,2,2,0,0,0,1,0,3,2,0,2,0,0,0,0,5,2,3,3,2,1,0,0,0,4,3,1,0,0,0
59536501,12,7,5,3,3,2,3,0,1,0,0,0,0,0,0,0,0,0,0,8,5,3,2,1,1,0,0,0,1,1,0,1,0,1
59536502,129,73,56,10,50,8,15,4,0,5,0,9,13,3,11,0,5,2,3,46,34,12,55,26,29,4,1,3,18,9,9,1,1,0
59538101,78,50,28,1,38,4,3,5,2,2,3,7,3,4,5,0,3,3,0,32,24,8,26,13,13,2,1,1,7,3,4,8,6,2
59538102,8,5,3,2,2,0,0,1,0,0,0,0,0,1,1,1,0,0,0,3,3,0,2,1,1,0,0,0,1,0,1,2,1,1
59539001,91,50,41,12,33,3,15,2,0,1,1,4,6,8,3,2,3,1,2,30,20,10,36,18,18,2,1,1,19,9,10,1,1,0
59540301,88,52,36,7,33,11,5,6,4,0,1,1,3,1,13,2,0,0,0,43,28,15,32,18,14,3,1,2,7,3,4,3,2,1
0170270,0,0,0,0,0,0,0,0,0,0,0,0,0,0,0,0,0,0,0,0,0,0,0,0,0,0,0,0,0,0,0,0,0,0
59541101,43,27,16,4,17,3,3,3,2,0,1,2,6,0,2,0,3,2,1,13,9,4,20,10,10,0,0,0,7,6,1,0,0,0
59541102,40,23,17,3,10,3,6,1,0,1,0,5,3,5,1,0,1,1,0,7,6,1,20,12,8,0,0,0,12,4,8,0,0,0
59541103,58,38,20,2,29,6,4,1,2,2,1,2,3,1,4,1,5,3,2,23,15,8,19,14,5,1,1,0,10,5,5,0,0,0
59541104,145,80,65,15,40,10,26,5,10,3,3,6,9,5,12,0,5,1,4,49,30,19,53,29,24,7,1,6,25,15,10,6,4,2
59541105,17,9,8,5,3,0,2,1,0,1,0,1,1,2,1,0,0,0,0,3,2,1,1,0,1,0,0,0,12,6,6,1,1,0
59541106,55,33,22,6,22,7,4,0,1,0,0,2,5,4,3,0,1,0,1,23,14,9,17,11,6,1,1,0,10,5,5,3,2,1
59541107,29,17,12,7,10,2,2,0,0,0,0,2,0,2,4,0,0,0,0,10,7,3,12,7,5,0,0,0,7,3,4,0,0,0
59541108,51,29,22,9,19,3,1,1,1,2,2,5,1,3,3,0,2,1,1,21,15,6,22,10,12,0,0,0,4,2,2,2,1,1
59541109,26,18,8,9,9,0,5,0,1,0,1,0,0,1,0,0,0,0,0,13,9,4,7,6,1,1,1,0,5,2,3,0,0,0
59541110,95,54,41,8,29,2,8,7,0,1,3,5,10,4,14,0,1,0,1,25,16,9,44,27,17,2,1,1,22,9,13,1,1,0
59541111,59,31,28,15,19,1,7,0,0,0,3,4,2,4,3,0,2,1,1,25,16,9,27,11,16,0,0,0,5,3,2,0,0,0
59541112,19,8,11,2,4,1,2,0,5,0,0,1,1,1,2,0,0,0,0,6,3,3,7,2,5,1,0,1,5,3,2,0,0,0
59541113,453,239,214,12,204,34,44,18,25,6,4,23,11,25,33,2,24,10,14,222,125,97,147,76,71,8,3,5,42,17,25,10,8,2
59541114,821,433,388,27,358,68,85,25,22,11,4,47,40,54,49,5,42,18,24,344,195,149,273,140,133,25,13,12,109,52,57,28,15,13
59541115,17,9,8,3,6,1,2,2,1,0,0,1,0,1,0,0,2,1,1,6,4,2,6,2,4,1,0,1,2,2,0,0,0,0
59541116,317,178,139,8,117,17,40,12,6,10,3,17,17,31,33,0,16,11,5,100,58,42,108,62,46,11,5,6,79,40,39,3,2,1
59541117,34,18,16,0,23,2,2,0,1,1,0,0,1,0,4,0,2,1,1,16,9,7,13,6,7,0,0,0,3,2,1,0,0,0
59541118,526,271,255,6,238,41,44,18,25,6,5,35,17,42,33,3,37,22,15,222,141,81,170,69,101,11,2,9,62,25,37,24,12,12
59541119,308,167,141,11,112,22,37,14,10,7,2,8,17,27,23,2,9,4,5,111,69,42,102,52,50,15,4,11,65,34,31,6,4,2
59541120,73,38,35,1,30,4,12,3,1,0,0,3,3,5,9,0,1,1,0,30,16,14,27,12,15,3,2,1,11,6,5,1,1,0
59541122,380,223,157,14,138,34,36,16,12,6,4,24,18,31,25,6,17,6,11,116,82,34,121,63,58,9,1,8,80,40,40,37,31,6
59542001,33,21,12,2,16,4,4,3,0,0,0,1,0,0,2,0,2,2,0,16,12,4,13,6,7,0,0,0,2,1,1,0,0,0
59542002,36,19,17,0,10,1,6,0,6,0,1,3,3,2,0,2,2,0,2,10,8,2,15,8,7,1,1,0,8,2,6,0,0,0
58801601,44,27,17,8,15,6,2,1,3,1,0,2,0,5,0,1,1,1,0,19,14,5,12,7,5,2,2,0,6,1,5,4,2,2
59543801,109,67,42,27,30,8,11,9,5,0,3,4,2,3,5,0,5,3,2,58,41,17,26,12,14,0,0,0,12,6,6,8,5,3
59543802,21,15,6,4,8,1,0,0,0,0,0,4,2,0,1,1,2,2,0,6,5,1,9,6,3,0,0,0,4,2,2,0,0,0
59545401,263,156,107,18,130,29,15,5,4,0,2,14,6,16,24,0,7,2,5,119,86,33,81,43,38,18,5,13,30,14,16,8,6,2
59545402,17,10,7,1,7,1,0,0,0,0,0,1,2,4,0,0,0,0,0,7,4,3,5,3,2,0,0,0,5,3,2,0,0,0
59545403,44,27,17,9,13,7,1,4,1,0,0,2,0,2,4,0,1,0,1,19,12,7,14,11,3,2,0,2,8,4,4,0,0,0
59546202,74,45,29,6,12,6,10,4,4,6,1,6,3,3,9,1,1,0,1,20,14,6,36,23,13,4,1,3,10,5,5,3,2,1
59547101,116,65,51,27,37,6,4,4,2,4,1,5,9,5,10,1,4,2,2,37,27,10,39,18,21,5,1,4,25,13,12,6,4,2
59548901,163,105,58,15,60,17,12,7,2,5,1,10,14,7,11,1,4,3,1,58,42,16,55,38,17,7,4,3,35,15,20,4,3,1
59550101,235,131,104,19,83,26,23,10,9,5,6,22,6,8,12,1,7,2,5,103,77,26,76,29,47,5,1,4,37,18,19,7,4,3
59550102,17,9,8,3,7,0,4,0,0,0,0,3,0,0,0,0,0,0,0,4,1,3,9,5,4,0,0,0,2,2,0,2,1,1
59551901,69,37,32,15,21,5,7,2,2,2,0,3,0,1,9,0,1,0,1,31,19,12,22,13,9,2,0,2,10,4,6,3,1,2
59553501,264,152,112,16,113,22,19,13,12,1,1,13,17,19,15,1,10,3,7,134,87,47,70,39,31,7,1,6,28,11,17,15,11,4
59553502,18,11,7,2,8,3,1,1,0,0,0,0,0,0,2,0,1,1,0,11,7,4,5,3,2,1,0,1,0,0,0,0,0,0
59557801,154,96,58,17,38,20,9,4,12,1,1,5,8,11,19,1,3,0,3,63,45,18,54,29,25,6,3,3,20,13,7,8,6,2
59558601,616,328,288,12,212,57,79,18,16,14,16,42,44,41,47,2,17,7,10,174,102,72,232,124,108,13,5,8,165,82,83,15,8,7
59558602,138,77,61,5,48,8,12,9,3,6,1,10,10,6,16,2,5,3,2,50,32,18,49,26,23,2,0,2,26,12,14,6,4,2
59558603,54,26,28,4,18,2,2,2,2,1,1,2,7,9,4,0,1,0,1,17,9,8,19,11,8,2,2,0,15,4,11,0,0,0
0383342,0,0,0,0,0,0,0,0,0,0,0,0,0,0,0,0,0,0,0,0,0,0,0,0,0,0,0,0,0,0,0,0,0,0
59559401,387,224,163,25,159,42,40,15,13,4,2,17,15,24,15,2,14,9,5,173,114,59,123,63,60,6,2,4,53,26,27,18,10,8
59559402,34,21,13,3,12,1,2,5,0,0,0,3,1,3,2,1,2,1,1,9,8,1,11,5,6,0,0,0,7,4,3,5,3,2
59559403,31,14,17,2,11,2,2,2,1,0,1,3,2,3,1,1,2,2,0,11,6,5,10,2,8,0,0,0,7,3,4,1,1,0
59559405,166,97,69,15,65,14,13,8,8,4,1,6,10,9,5,0,9,3,6,78,52,26,57,30,27,4,1,3,17,10,7,1,1,0
59560801,8,2,6,0,3,1,0,0,0,0,0,1,0,0,2,0,1,0,1,0,0,0,5,2,3,0,0,0,2,0,2,0,0,0
59560802,97,61,36,11,40,8,9,8,2,1,1,2,2,4,9,0,4,3,1,49,33,16,28,15,13,1,0,1,10,5,5,5,5,0
59562401,82,49,33,19,25,8,5,4,2,0,2,5,4,1,5,1,5,4,1,30,18,12,28,17,11,3,1,2,11,6,5,5,3,2
59565901,91,58,33,13,37,8,6,7,1,2,2,4,3,4,3,0,2,0,2,52,36,16,20,14,6,0,0,0,8,1,7,9,7,2
59565902,7,4,3,1,2,1,2,0,0,0,0,0,0,1,0,0,0,0,0,5,2,3,1,1,0,1,1,0,0,0,0,0,0,0
59567501,46,24,22,5,21,3,3,0,4,2,0,3,2,0,1,1,2,1,1,18,16,2,19,5,14,0,0,0,7,2,5,0,0,0
59568301,39,27,12,9,8,8,3,0,0,1,0,3,1,0,2,1,0,0,0,20,16,4,11,8,3,1,1,0,6,2,4,1,0,1
59571301,75,41,34,6,27,1,16,4,1,2,1,9,3,2,1,0,1,1,0,28,18,10,35,16,19,1,0,1,8,4,4,2,2,0
59572101,101,62,39,10,48,10,10,2,1,1,0,7,6,2,1,2,4,2,2,44,31,13,35,18,17,3,2,1,14,9,5,1,0,1
59570501,24,14,10,4,4,3,4,2,0,0,0,2,1,0,3,1,0,0,0,10,7,3,8,5,3,0,0,0,2,1,1,4,1,3
59573001,170,96,74,29,48,8,29,5,8,4,2,4,11,13,7,0,9,5,4,79,51,28,49,26,23,3,2,1,29,11,18,1,1,0
59575601,295,172,123,25,116,16,24,14,10,6,2,10,18,16,28,3,5,1,4,107,71,36,120,66,54,6,2,4,51,28,23,6,4,2
59574801,64,36,28,9,16,7,3,2,4,0,4,4,3,6,1,5,1,1,0,27,17,10,21,9,12,4,2,2,11,7,4,0,0,0
0602322,0,0,0,0,0,0,0,0,0,0,0,0,0,0,0,0,0,0,0,0,0,0,0,0,0,0,0,0,0,0,0,0,0,0
59577201,83,46,37,4,38,8,5,3,0,3,0,1,3,8,7,0,1,0,1,37,27,10,31,13,18,1,1,0,11,4,7,2,1,1
59577202,289,165,124,29,85,22,22,11,4,10,3,16,15,25,35,3,16,8,8,110,70,40,95,49,46,6,2,4,52,27,25,10,9,1
59577203,55,28,27,5,19,4,4,2,2,0,1,5,1,5,6,0,2,1,1,21,11,10,19,11,8,4,1,3,9,4,5,0,0,0
59577204,25,17,8,6,13,2,2,0,0,0,0,0,0,1,1,0,0,0,0,17,14,3,5,2,3,0,0,0,3,1,2,0,0,0
59577205,45,27,18,12,11,7,1,1,1,0,0,0,1,2,8,0,0,0,0,24,17,7,16,8,8,2,1,1,2,0,2,1,1,0
59580201,145,84,61,20,55,18,4,9,4,2,2,6,5,6,12,1,6,2,4,50,35,15,52,25,27,3,1,2,19,8,11,15,13,2
59581101,85,51,34,9,29,13,8,4,1,0,0,2,2,4,12,0,4,4,0,39,25,14,28,14,14,1,0,1,5,4,1,8,4,4
59582901,85,51,34,8,12,12,9,2,14,1,0,9,4,4,7,0,4,2,2,25,17,8,32,19,13,2,2,0,15,5,10,7,6,1
59584501,56,32,24,4,15,12,7,0,2,1,2,3,2,0,6,0,2,1,1,16,11,5,24,12,12,3,2,1,9,5,4,2,1,1
59585301,75,46,29,13,25,12,6,2,1,2,0,5,2,2,2,1,3,1,2,30,16,14,26,17,9,2,0,2,13,11,2,1,1,0
59586101,14,8,6,0,4,5,2,1,0,0,0,1,1,0,0,0,1,0,1,9,6,3,4,2,2,0,0,0,0,0,0,0,0,0
59586102,77,50,27,6,33,9,2,2,0,2,1,4,2,6,5,0,0,0,0,27,22,5,30,13,17,2,2,0,16,11,5,2,2,0
59586103,18,11,7,2,11,1,0,0,0,0,0,2,0,0,1,0,1,1,0,6,4,2,7,4,3,0,0,0,2,1,1,2,1,1
59587001,54,32,22,10,16,5,6,4,0,0,1,3,3,3,3,0,1,0,1,24,20,4,23,10,13,0,0,0,6,2,4,0,0,0
59588801,87,51,36,7,29,6,4,9,5,1,0,10,4,5,4,2,2,1,1,41,30,11,27,11,16,0,0,0,11,4,7,6,5,1
59589601,43,23,20,9,19,1,1,1,0,0,0,2,0,3,3,1,1,1,0,19,11,8,14,7,7,1,0,1,6,2,4,2,2,0
59590001,121,74,47,16,42,15,10,4,1,0,1,8,6,6,7,0,1,0,1,49,32,17,50,32,18,4,1,3,15,8,7,2,1,1
58784201,176,94,82,20,49,16,11,9,3,0,4,13,10,19,18,1,3,0,3,60,41,19,65,32,33,3,1,2,39,16,23,6,4,2
59591801,35,23,12,2,8,3,1,2,6,0,2,4,0,3,4,0,0,0,0,13,8,5,11,8,3,1,0,1,9,6,3,1,1,0
59591802,122,74,48,12,41,11,12,9,6,0,4,5,9,5,3,2,8,4,4,54,40,14,31,14,17,4,2,2,20,11,9,5,3,2
59591803,11,6,5,0,1,1,1,0,2,0,0,1,0,3,0,0,0,0,0,4,3,1,1,1,0,1,0,1,5,2,3,0,0,0
59592601,13,7,6,4,3,0,1,1,0,0,0,1,0,0,2,0,0,0,0,6,5,1,5,2,3,0,0,0,2,0,2,0,0,0
59592602,837,473,364,58,256,115,85,36,29,15,5,40,39,51,91,2,28,13,15,303,210,93,310,158,152,25,8,17,138,61,77,33,23,10
59595101,301,170,131,17,130,19,42,15,6,3,3,19,11,20,10,0,8,4,4,123,83,40,121,62,59,4,1,3,41,18,23,4,2,2
59596901,37,23,14,6,11,1,8,2,0,0,0,1,1,1,3,1,0,0,0,18,13,5,10,5,5,1,0,1,7,5,2,1,0,1
59596902,46,24,22,7,19,2,3,2,3,0,1,2,2,1,4,0,1,0,1,19,13,6,18,9,9,3,0,3,3,1,2,2,1,1
59597701,83,46,37,8,41,5,4,5,3,1,0,5,5,2,4,0,4,1,3,44,28,16,21,8,13,0,0,0,8,4,4,6,5,1
59600101,19,11,8,1,6,2,3,1,0,0,0,3,1,0,1,0,0,0,0,7,4,3,8,5,3,0,0,0,3,2,1,1,0,1
59601901,302,172,130,26,118,17,28,11,10,7,2,22,7,19,22,4,8,4,4,111,71,40,110,63,47,7,3,4,59,26,33,7,5,2
59601902,54,34,20,15,21,4,4,1,2,0,1,1,1,1,3,0,7,6,1,24,19,5,13,7,6,0,0,0,10,2,8,0,0,0
59603501,112,65,47,14,33,8,10,4,1,3,7,8,3,8,7,0,2,2,0,37,25,12,39,23,16,4,3,1,26,9,17,4,3,1
59605101,192,120,72,19,61,39,7,10,8,3,1,7,7,18,9,0,6,2,4,67,44,23,83,58,25,2,0,2,27,10,17,7,6,1
59605103,18,10,8,4,9,1,0,0,1,2,0,0,0,1,0,0,0,0,0,11,6,5,2,2,0,0,0,0,5,2,3,0,0,0
59606001,21,10,11,4,4,1,2,2,1,0,1,0,4,0,2,0,1,1,0,7,3,4,7,3,4,1,1,0,5,2,3,0,0,0
59608601,120,73,47,32,45,4,10,6,2,3,0,3,3,6,5,0,2,0,2,49,36,13,40,26,14,7,1,6,18,9,9,4,1,3
59609401,7,5,2,0,2,1,2,1,0,0,0,0,0,1,0,0,0,0,0,2,2,0,4,2,2,0,0,0,1,1,0,0,0,0
59609402,213,116,97,14,65,21,27,16,8,7,2,8,5,15,21,0,5,2,3,82,55,27,78,35,43,2,1,1,39,20,19,7,3,4
59610801,101,54,47,6,37,13,10,7,2,1,2,6,6,3,5,0,3,2,1,47,32,15,36,13,23,0,0,0,12,5,7,3,2,1
59611601,912,522,390,61,291,95,139,58,29,15,8,49,44,56,41,6,30,15,15,346,233,113,340,181,159,11,5,6,148,64,84,37,24,13
59611602,75,44,31,7,33,2,11,2,1,0,1,2,6,6,4,0,3,2,1,39,27,12,18,7,11,0,0,0,9,3,6,6,5,1
58751601,81,46,35,16,38,3,8,2,1,1,0,2,1,1,6,0,3,2,1,40,28,12,26,9,17,1,1,0,5,2,3,6,4,2
54983501,19,12,7,1,8,1,2,1,0,0,0,1,1,2,1,0,1,1,0,9,6,3,7,5,2,0,0,0,2,0,2,0,0,0
58777001,38,25,13,4,16,2,1,3,1,0,1,3,4,0,2,0,5,3,2,16,11,5,14,8,6,1,1,0,1,1,0,1,1,0
59613201,56,33,23,25,12,2,5,3,2,0,1,2,2,1,0,0,3,1,2,29,22,7,15,3,12,1,1,0,7,6,1,1,0,1
59614101,293,163,130,24,80,34,25,22,9,1,1,16,14,14,42,0,7,5,2,115,72,43,105,57,48,9,3,6,51,20,31,6,6,0
59615901,15,10,5,1,6,2,1,1,0,0,0,1,1,1,1,0,0,0,0,7,6,1,5,3,2,0,0,0,2,0,2,1,1,0
59615902,11,7,4,5,1,0,1,0,1,0,0,2,0,0,0,0,1,1,0,6,4,2,3,1,2,0,0,0,1,1,0,0,0,0
59618301,9,7,2,1,3,2,1,0,0,0,0,1,0,1,0,0,0,0,0,5,4,1,3,3,0,0,0,0,1,0,1,0,0,0
59618302,149,89,60,21,58,7,14,9,7,0,4,5,6,6,10,0,1,0,1,73,53,20,49,28,21,2,1,1,21,6,15,3,1,2
59618303,7,3,4,0,4,1,1,0,0,0,0,0,0,0,1,0,0,0,0,4,3,1,2,0,2,0,0,0,1,0,1,0,0,0
59620501,77,44,33,15,39,3,4,2,1,2,0,1,5,2,2,0,3,2,1,40,26,14,19,9,10,2,0,2,13,7,6,0,0,0
59620502,376,206,170,62,128,32,32,17,11,5,4,12,16,35,13,1,10,3,7,165,108,57,135,63,72,5,2,3,53,25,28,8,5,3
59620503,25,12,13,4,6,2,0,3,1,0,0,1,0,2,2,1,2,2,0,11,6,5,9,4,5,0,0,0,3,0,3,0,0,0
59621301,81,48,33,11,36,5,5,4,0,0,0,2,5,3,6,0,5,4,1,32,24,8,30,14,16,1,0,1,10,4,6,3,2,1
59622101,306,174,132,39,85,44,27,5,4,7,2,9,12,21,33,2,8,3,5,115,79,36,115,66,49,7,4,3,52,17,35,9,5,4
58797401,172,95,77,15,61,7,16,6,8,2,6,11,14,12,7,0,7,4,3,61,39,22,60,30,30,3,1,2,37,18,19,4,3,1
59623001,96,57,39,18,27,2,8,6,0,1,4,6,5,3,12,0,1,0,1,37,27,10,34,18,16,4,1,3,19,10,9,1,1,0
59623002,116,69,47,16,39,10,9,1,5,1,2,2,9,11,10,0,2,2,0,53,37,16,31,16,15,6,1,5,19,9,10,5,4,1
59623003,120,71,49,13,32,10,13,11,6,2,1,8,6,9,7,1,0,0,0,36,23,13,57,35,22,6,2,4,19,10,9,2,1,1
59623004,229,120,109,21,83,13,22,10,7,3,0,12,10,11,29,1,7,3,4,122,79,43,72,30,42,10,1,9,18,7,11,0,0,0
59623005,117,65,52,13,38,11,14,4,6,1,0,7,3,2,16,0,0,0,0,51,32,19,49,24,25,2,0,2,13,7,6,2,2,0
59623006,110,65,45,13,34,12,7,4,2,4,1,2,5,6,18,0,3,3,0,46,32,14,45,25,20,4,1,3,10,4,6,2,0,2
59623007,101,60,41,2,43,11,7,5,11,0,0,2,2,4,7,0,5,2,3,49,32,17,36,19,17,1,1,0,10,6,4,0,0,0
59623008,11,5,6,2,0,0,1,0,0,1,0,1,0,0,5,0,0,0,0,2,1,1,5,3,2,1,0,1,3,1,2,0,0,0
59623009,221,123,98,25,78,18,23,11,6,1,1,11,7,12,23,0,8,3,5,100,64,36,68,34,34,10,1,9,30,16,14,5,5,0
59623010,529,293,236,17,145,47,44,15,24,12,4,35,24,41,99,4,26,10,16,162,109,53,185,98,87,21,9,12,119,55,64,16,12,4
59623011,278,148,130,15,75,22,28,4,2,8,6,13,21,20,51,3,4,1,3,87,60,27,97,44,53,11,1,10,71,38,33,8,4,4
59623012,89,50,39,2,20,6,12,2,5,0,1,5,6,10,14,1,2,0,2,31,22,9,31,16,15,2,1,1,21,10,11,2,1,1
59623013,59,33,26,8,6,4,8,3,1,1,3,2,3,6,7,0,2,0,2,13,7,6,19,11,8,6,3,3,19,12,7,0,0,0
59623015,177,93,84,4,48,16,21,6,7,5,4,5,12,13,29,0,5,1,4,54,33,21,73,41,32,4,0,4,39,17,22,2,1,1
59623016,9,6,3,0,4,2,0,0,0,2,0,0,1,0,0,0,0,0,0,3,3,0,2,1,1,0,0,0,4,2,2,0,0,0
59623017,303,165,138,10,71,18,42,10,15,11,6,23,11,18,44,1,18,8,10,83,52,31,98,50,48,10,2,8,75,37,38,19,16,3
59623018,361,187,174,10,111,22,45,14,16,6,9,22,13,26,48,5,16,10,6,120,69,51,136,71,65,11,3,8,66,27,39,12,7,5
59623019,182,98,84,6,50,14,23,2,0,3,4,13,10,21,34,0,4,4,0,33,22,11,74,31,43,4,0,4,63,38,25,4,3,1
59623020,122,64,58,1,27,5,15,4,5,8,3,11,2,12,29,0,1,0,1,14,9,5,33,16,17,3,2,1,70,36,34,1,1,0
59623022,380,211,169,18,110,27,45,9,11,8,2,28,20,36,54,1,15,3,12,98,65,33,129,73,56,12,1,11,126,69,57,0,0,0
59623023,43,26,17,5,17,3,4,1,0,3,0,1,2,2,4,0,2,1,1,23,16,7,9,5,4,2,1,1,6,3,3,1,0,1
59623026,436,227,209,5,122,28,34,11,12,12,6,29,22,34,110,2,17,8,9,120,72,48,157,79,78,10,3,7,123,60,63,9,5,4
59623027,516,279,237,12,150,44,44,25,14,12,5,42,22,42,84,4,40,22,18,180,113,67,160,73,87,15,4,11,100,50,50,21,17,4
59624801,131,77,54,3,59,12,16,11,6,1,3,3,5,5,5,0,1,0,1,45,32,13,53,31,22,2,0,2,26,13,13,4,1,3
59625601,652,360,292,58,228,39,60,30,23,26,11,36,34,55,33,2,16,8,8,197,135,62,237,118,119,15,4,11,161,78,83,26,17,9
59626401,12,8,4,0,7,0,0,2,0,0,0,2,0,0,1,0,2,2,0,0,0,0,4,3,1,1,1,0,4,2,2,1,0,1
59626402,20,7,13,2,2,5,2,2,0,0,0,1,1,1,3,0,0,0,0,9,5,4,6,1,5,0,0,0,5,1,4,0,0,0
59627201,86,47,39,26,29,1,5,3,2,0,2,3,1,9,4,1,4,3,1,38,21,17,19,11,8,2,1,1,18,8,10,5,3,2
59628101,216,131,85,30,65,25,22,11,4,2,2,14,7,10,13,1,6,2,4,91,66,25,68,40,28,6,2,4,38,19,19,7,2,5
59632901,108,65,43,11,41,10,7,8,1,5,0,4,8,6,5,0,5,1,4,45,35,10,37,21,16,3,1,2,13,3,10,5,4,1
59632902,58,32,26,6,22,6,3,1,3,2,0,4,2,4,4,0,2,0,2,32,22,10,17,8,9,0,0,0,7,2,5,0,0,0
59633701,338,195,143,18,131,27,47,12,9,6,4,26,12,26,12,2,8,4,4,128,86,42,120,63,57,6,1,5,68,36,32,8,5,3
51141201,70,41,29,8,32,9,4,1,1,1,0,1,9,3,1,0,0,0,0,27,20,7,24,14,10,1,0,1,15,6,9,3,1,2
59634501,13,8,5,2,4,3,1,0,0,0,0,2,0,0,0,0,0,0,0,5,4,1,1,0,1,0,0,0,7,4,3,0,0,0
59634502,433,237,196,29,169,28,43,20,9,9,4,26,21,31,28,3,21,13,8,158,98,60,163,84,79,12,3,9,71,34,37,8,5,3
59635301,46,27,19,3,19,3,7,2,0,2,1,2,0,3,4,0,2,2,0,14,10,4,17,10,7,0,0,0,13,5,8,0,0,0
59636101,443,243,200,44,128,48,62,31,7,7,2,27,25,25,32,1,9,5,4,164,109,55,177,85,92,12,1,11,69,35,34,12,8,4
59636102,14,9,5,0,4,1,2,0,0,2,0,2,1,1,1,0,0,0,0,3,2,1,5,3,2,0,0,0,6,4,2,0,0,0
59637001,31,19,12,5,14,3,2,3,0,0,0,1,0,1,1,0,1,0,1,16,12,4,7,4,3,1,1,0,5,2,3,1,0,1
59637002,87,54,33,4,42,5,9,7,2,0,1,5,5,4,0,0,2,2,0,40,28,12,24,14,10,2,0,2,13,5,8,6,5,1
59637003,41,23,18,1,18,4,3,3,2,0,0,1,1,2,2,2,4,1,3,18,12,6,11,5,6,1,0,1,5,3,2,2,2,0
0932620,0,0,0,0,0,0,0,0,0,0,0,0,0,0,0,0,0,0,0,0,0,0,0,0,0,0,0,0,0,0,0,0,0,0
59638801,110,71,39,18,36,1,9,5,2,2,4,5,5,11,8,2,2,1,1,50,36,14,38,23,15,0,0,0,18,10,8,2,1,1
59639601,153,94,59,24,54,13,18,4,1,2,1,5,11,7,7,2,3,1,2,70,51,19,52,27,25,4,1,3,18,9,9,6,5,1
59641801,138,77,61,3,44,11,25,12,5,4,4,7,5,6,8,1,3,3,0,48,36,12,55,23,32,1,1,0,29,14,15,2,0,2
59641802,28,16,12,0,12,2,5,0,0,0,1,3,1,2,2,0,1,0,1,13,9,4,9,5,4,1,0,1,4,2,2,0,0,0
54991601,152,90,62,39,41,6,13,4,0,3,2,9,11,10,12,0,5,4,1,54,34,20,60,39,21,4,3,1,24,7,17,5,3,2
59643401,81,47,34,12,33,14,6,1,1,1,0,3,1,3,4,0,2,0,2,39,27,12,24,13,11,2,1,1,11,5,6,3,1,2
59644201,121,71,50,13,55,14,7,6,2,2,0,4,3,6,7,0,4,2,2,50,34,16,43,20,23,1,1,0,19,12,7,4,2,2
59645101,131,76,55,22,49,9,9,7,4,3,0,11,7,5,4,0,2,1,1,55,37,18,48,23,25,4,2,2,16,12,4,6,1,5
59646901,51,25,26,6,11,7,6,2,4,0,0,5,3,3,2,1,3,3,0,19,9,10,15,7,8,0,0,0,13,5,8,1,1,0
59647702,69,43,26,10,28,4,3,4,0,2,1,2,6,6,2,0,2,0,2,23,18,5,27,17,10,0,0,0,13,5,8,4,3,1
59648501,45,25,20,2,15,7,5,0,4,0,0,1,1,5,5,0,2,1,1,27,18,9,8,3,5,2,1,1,6,2,4,0,0,0
59648502,375,204,171,24,147,26,35,10,10,10,9,22,17,26,17,1,12,3,9,125,81,44,128,57,71,6,2,4,95,55,40,9,6,3
59649301,26,16,10,3,14,3,0,1,0,0,0,3,0,0,2,0,1,0,1,15,12,3,8,3,5,0,0,0,2,1,1,0,0,0
59649302,57,35,22,4,27,8,1,5,2,0,0,2,3,5,0,0,2,2,0,29,18,11,21,12,9,1,1,0,4,2,2,0,0,0
59649303,97,60,37,8,50,5,5,9,1,1,1,3,3,6,2,0,1,1,0,48,32,16,34,19,15,0,0,0,12,6,6,2,2,0
59650701,22,12,10,2,5,3,2,1,2,0,0,2,1,0,3,0,1,1,0,6,4,2,9,4,5,0,0,0,5,2,3,1,1,0
58805901,68,42,26,5,28,5,4,3,1,0,1,2,8,5,3,1,1,1,0,28,19,9,15,9,6,4,1,3,13,6,7,7,6,1
59651501,91,45,46,10,21,8,11,6,0,3,1,3,3,6,14,0,2,0,2,40,24,16,35,15,20,2,1,1,10,4,6,2,1,1
59652301,61,33,28,5,10,5,7,4,6,1,0,5,2,4,4,2,1,0,1,21,14,7,20,10,10,0,0,0,17,8,9,2,1,1
59653101,271,153,118,37,75,29,27,8,9,6,3,10,13,25,19,1,8,5,3,81,58,23,123,64,59,7,1,6,49,24,25,3,1,2
54992401,56,30,26,10,21,2,2,3,1,1,0,4,4,1,6,1,1,1,0,20,9,11,14,9,5,2,0,2,17,10,7,2,1,1
54992402,22,13,9,1,7,1,3,0,0,0,0,0,2,1,6,0,1,0,1,10,7,3,5,3,2,1,0,1,4,2,2,1,1,0
59654001,43,31,12,4,22,2,2,4,0,0,0,2,5,0,1,0,1,1,0,19,14,5,16,11,5,0,0,0,7,5,2,0,0,0
59655801,133,74,59,15,41,15,13,6,4,2,1,2,5,5,22,0,3,2,1,51,37,14,47,20,27,5,2,3,23,10,13,4,3,1
59656601,64,34,30,10,22,2,4,3,4,0,2,3,4,3,6,0,1,1,0,28,19,9,18,6,12,2,0,2,14,7,7,1,1,0
59657401,426,242,184,52,138,39,40,13,12,13,3,17,25,37,28,0,13,5,8,150,107,43,155,78,77,8,2,6,94,46,48,6,4,2
59657402,12,8,4,0,0,2,2,0,1,0,0,3,1,0,2,0,0,0,0,3,3,0,5,3,2,0,0,0,4,2,2,0,0,0
58773701,50,22,28,10,21,8,2,1,1,0,0,1,0,0,4,1,1,0,1,29,15,14,11,4,7,2,0,2,6,3,3,1,0,1
54994101,22,11,11,6,7,2,2,0,1,0,0,1,1,0,0,0,0,0,0,8,6,2,6,1,5,1,0,1,5,3,2,2,1,1
59660401,15,11,4,2,4,4,2,1,0,0,0,1,0,0,1,0,0,0,0,9,8,1,3,2,1,0,0,0,3,1,2,0,0,0
59660402,31,20,11,5,11,6,2,1,0,1,0,0,1,1,1,1,1,1,0,8,7,1,11,5,6,0,0,0,5,3,2,6,4,2
59661201,34,20,14,5,10,1,4,0,0,0,0,4,3,6,1,0,0,0,0,16,11,5,11,4,7,2,2,0,3,1,2,2,2,0
59661202,224,120,104,16,76,21,18,14,4,5,0,15,6,30,14,1,5,2,3,88,58,30,74,35,39,8,3,5,45,20,25,4,2,2
59663901,44,25,19,6,24,2,1,1,0,2,0,4,3,0,0,0,0,0,0,25,14,11,13,10,3,0,0,0,6,1,5,0,0,0
59664701,31,21,10,2,9,1,5,2,0,0,1,0,3,1,6,0,1,1,0,12,9,3,10,7,3,0,0,0,8,4,4,0,0,0
59664702,18,11,7,5,7,1,2,0,0,0,0,1,0,0,2,0,0,0,0,12,7,5,3,2,1,0,0,0,2,1,1,1,1,0
59664703,39,21,18,6,18,0,3,2,1,0,0,5,1,1,2,0,1,1,0,17,9,8,9,5,4,2,0,2,8,4,4,2,2,0
59664704,217,126,91,33,92,20,12,11,3,2,2,6,13,10,9,1,9,3,6,100,64,36,78,41,37,3,1,2,18,10,8,9,7,2
59664705,11,5,6,3,4,0,3,0,0,0,0,0,1,0,0,0,0,0,0,6,3,3,3,1,2,0,0,0,2,1,1,0,0,0
59665501,29,16,13,4,12,0,1,2,0,0,0,2,1,1,5,1,0,0,0,9,7,2,14,5,9,0,0,0,6,4,2,0,0,0
59665502,244,141,103,32,101,11,14,12,7,4,1,9,10,20,17,2,6,3,3,107,74,33,74,38,36,8,4,4,40,14,26,9,8,1
59665503,10,5,5,1,4,0,2,1,0,0,0,0,1,1,0,0,1,1,0,3,2,1,4,1,3,0,0,0,2,1,1,0,0,0
59665504,73,48,25,9,31,8,5,2,0,1,2,4,4,4,3,0,2,1,1,32,26,6,25,13,12,5,3,2,8,4,4,1,1,0
59666301,12,8,4,1,3,1,0,1,0,1,0,2,2,1,0,0,0,0,0,4,3,1,5,3,2,1,1,0,2,1,1,0,0,0
59666302,171,107,64,11,60,18,12,11,6,1,4,10,7,13,12,1,10,6,4,48,30,18,51,35,16,2,0,2,44,22,22,16,14,2
59667101,110,59,51,22,36,8,11,5,1,3,1,6,5,2,6,1,2,1,1,45,31,14,39,14,25,0,0,0,21,12,9,3,1,2
59668001,236,131,105,37,78,14,18,5,3,5,2,19,9,12,27,1,6,2,4,80,49,31,89,50,39,8,4,4,48,22,26,5,4,1
59670101,19,9,10,5,3,2,2,1,1,0,0,2,0,2,1,0,0,0,0,7,6,1,5,3,2,0,0,0,7,0,7,0,0,0
59670102,292,162,130,37,99,15,23,13,6,3,6,23,19,17,17,1,5,0,5,97,66,31,109,54,55,9,2,7,52,28,24,20,12,8
59670103,10,5,5,1,0,1,0,1,0,0,0,2,1,3,1,0,0,0,0,1,1,0,5,3,2,0,0,0,4,1,3,0,0,0
58823701,128,68,60,10,50,10,17,8,0,2,1,6,9,4,10,0,7,4,3,50,32,18,39,17,22,4,1,3,22,11,11,6,3,3
59671001,19,8,11,3,5,1,2,0,1,0,0,1,1,2,3,0,0,0,0,6,4,2,7,3,4,1,0,1,2,1,1,3,0,3
59671002,46,26,20,6,16,4,1,4,0,1,1,0,2,2,5,1,3,2,1,14,9,5,24,13,11,1,0,1,2,1,1,2,1,1
59671003,17,8,9,0,6,2,2,0,1,0,1,1,2,0,2,0,1,0,1,5,3,2,6,4,2,0,0,0,4,0,4,1,1,0
59672801,128,72,56,23,46,4,14,3,1,2,0,2,5,11,15,0,3,1,2,54,39,15,53,25,28,3,0,3,14,6,8,1,1,0
59673601,57,33,24,10,22,4,4,1,1,1,0,3,5,2,3,0,1,0,1,19,13,6,22,14,8,0,0,0,14,5,9,1,1,0
59674401,111,63,48,13,44,5,8,5,3,1,1,5,6,4,8,3,2,1,1,51,35,16,37,17,20,1,0,1,12,3,9,8,7,1
59675201,46,30,16,3,16,4,4,2,1,1,2,3,1,7,2,0,1,1,0,22,17,5,17,8,9,0,0,0,6,4,2,0,0,0
59675202,17,9,8,0,4,2,0,0,0,0,0,1,2,4,2,2,0,0,0,5,4,1,7,3,4,1,0,1,2,0,2,2,2,0
59676101,72,46,26,1,30,7,6,6,3,1,0,4,4,1,8,0,3,1,2,28,21,7,31,19,12,1,0,1,8,4,4,1,1,0
59678701,9,6,3,1,1,1,0,0,0,0,0,0,3,1,1,1,0,0,0,3,3,0,2,2,0,1,0,1,3,1,2,0,0,0
59678702,12,8,4,7,1,0,0,0,2,0,0,1,0,0,1,0,0,0,0,6,4,2,2,1,1,1,0,1,3,3,0,0,0,0
59678703,25,13,12,4,4,0,1,1,9,0,1,2,2,1,0,0,2,0,2,8,6,2,9,5,4,1,0,1,5,2,3,0,0,0
59678704,17,11,6,2,2,0,0,0,11,0,0,1,0,0,1,0,0,0,0,7,4,3,8,5,3,1,1,0,1,1,0,0,0,0
59678706,255,136,119,27,73,17,19,12,14,2,4,13,23,19,26,1,8,3,5,92,57,35,99,52,47,6,1,5,47,21,26,3,2,1
59678707,17,10,7,0,11,1,2,0,1,0,0,0,0,1,0,0,0,0,0,9,5,4,7,5,2,0,0,0,1,0,1,0,0,0
59679501,12,8,4,2,5,0,1,1,1,0,0,1,1,0,0,0,1,1,0,8,5,3,2,2,0,0,0,0,1,0,1,0,0,0
59680901,56,35,21,15,16,6,1,3,0,0,0,1,4,2,4,2,4,3,1,31,22,9,17,7,10,0,0,0,3,2,1,1,1,0
59681701,20,14,6,0,8,3,4,3,1,0,0,1,0,0,0,0,2,0,2,9,8,1,5,4,1,1,0,1,2,1,1,1,1,0
59681702,57,31,26,4,18,2,10,0,2,4,1,6,2,4,3,0,1,1,0,23,16,7,21,10,11,2,0,2,9,3,6,1,1,0
59681703,13,11,2,3,4,2,1,1,0,0,0,1,0,0,1,0,0,0,0,8,8,0,3,2,1,1,0,1,0,0,0,1,1,0
59681704,215,119,96,21,68,10,40,13,9,4,3,10,11,6,16,1,9,4,5,86,58,28,76,43,33,5,0,5,37,14,23,2,0,2
59682501,30,19,11,6,10,2,4,1,1,0,0,1,0,2,1,1,1,0,1,13,9,4,12,8,4,1,0,1,3,2,1,0,0,0
59682503,64,37,27,18,18,2,4,1,1,0,0,3,6,2,7,1,4,0,4,27,17,10,23,13,10,0,0,0,8,6,2,2,1,1
59682504,12,8,4,3,1,1,1,0,3,0,0,2,0,0,0,0,0,0,0,8,5,3,2,2,0,0,0,0,1,0,1,1,1,0
59682505,14,7,7,6,4,1,1,0,0,0,0,0,0,1,1,0,0,0,0,7,4,3,5,3,2,1,0,1,1,0,1,0,0,0
59682506,220,115,105,14,58,30,15,10,6,1,2,13,8,27,30,2,5,1,4,95,58,37,67,35,32,5,2,3,42,17,25,6,2,4
54988601,44,25,19,4,23,0,3,3,1,0,0,4,0,0,5,1,2,0,2,20,16,4,13,5,8,0,0,0,5,1,4,4,3,1
59683301,22,12,10,6,7,1,1,1,0,0,0,1,0,2,2,0,1,0,1,6,6,0,9,1,8,1,1,0,5,4,1,0,0,0
59683302,44,25,19,7,15,4,1,1,0,1,0,2,1,6,5,0,0,0,0,16,12,4,11,6,5,2,0,2,14,7,7,1,0,1
59684101,201,114,87,16,72,23,12,9,8,1,1,17,13,13,10,1,3,0,3,78,56,22,79,36,43,3,2,1,29,16,13,9,4,5
59684102,15,8,7,3,5,0,1,0,0,1,0,1,1,1,1,1,0,0,0,5,2,3,9,6,3,0,0,0,1,0,1,0,0,0
59685001,63,38,25,16,21,3,7,1,0,1,0,2,0,3,7,2,0,0,0,30,20,10,21,12,9,2,1,1,10,5,5,0,0,0
59686801,30,22,8,0,14,3,3,1,2,1,0,0,3,0,2,0,1,1,0,12,12,0,10,5,5,1,0,1,6,4,2,0,0,0
59686803,81,48,33,3,31,6,10,3,3,0,2,8,3,10,0,1,1,0,1,43,29,14,26,10,16,1,1,0,10,8,2,0,0,0
59686804,493,282,211,15,207,42,49,24,31,4,8,37,17,21,22,2,21,10,11,195,126,69,187,100,87,4,2,2,66,32,34,20,12,8
59687601,330,185,145,17,97,33,47,15,13,10,4,18,26,18,20,2,5,4,1,106,79,27,138,59,79,6,2,4,68,37,31,7,4,3
59688401,56,31,25,9,20,4,2,3,2,0,1,2,5,3,4,0,0,0,0,27,21,6,20,6,14,1,1,0,8,3,5,0,0,0
59688402,15,8,7,1,7,0,3,1,2,0,0,0,1,0,0,0,0,0,0,5,3,2,9,4,5,0,0,0,1,1,0,0,0,0
59688403,197,115,82,6,101,14,13,9,0,2,1,13,10,15,11,1,9,6,3,86,64,22,62,22,40,8,5,3,24,11,13,8,7,1
59688404,26,14,12,6,6,1,0,0,2,2,0,1,2,1,5,0,0,0,0,14,10,4,7,1,6,0,0,0,5,3,2,0,0,0
59183101,326,187,139,33,106,35,21,19,13,12,6,13,18,24,13,2,18,12,6,131,89,42,113,58,55,5,3,2,53,22,31,6,3,3
58775301,52,31,21,5,10,4,8,1,5,0,3,5,1,5,5,0,3,0,3,16,14,2,14,8,6,2,1,1,14,6,8,3,2,1
54995901,43,22,21,16,15,3,3,1,0,0,0,1,0,1,3,0,1,0,1,15,10,5,19,8,11,2,0,2,6,4,2,0,0,0
59690601,17,11,6,5,4,2,2,0,1,0,0,1,0,1,1,0,0,0,0,9,6,3,3,2,1,0,0,0,5,3,2,0,0,0
59690602,167,103,64,5,59,19,13,14,6,5,1,13,3,11,12,1,8,6,2,58,42,16,61,33,28,5,1,4,30,18,12,5,3,2
59691401,35,19,16,3,14,5,4,1,0,1,0,1,0,2,4,0,1,0,1,14,9,5,13,5,8,0,0,0,4,3,1,3,2,1
59691403,21,10,11,2,7,3,0,1,0,0,0,3,0,2,3,0,0,0,0,9,6,3,9,3,6,0,0,0,2,1,1,1,0,1
59691404,53,29,24,2,18,2,3,3,4,1,0,5,7,2,5,0,2,1,1,23,16,7,17,6,11,2,0,2,9,6,3,0,0,0
59691405,70,40,30,11,21,2,8,6,2,1,1,5,4,5,4,0,1,0,1,26,17,9,25,15,10,1,0,1,12,6,6,5,2,3
59691406,43,24,19,9,13,2,2,1,1,0,1,2,0,8,3,1,2,0,2,17,14,3,16,7,9,2,0,2,5,2,3,1,1,0
59692201,130,78,52,20,60,11,7,2,0,3,1,8,4,7,4,0,5,1,4,38,28,10,46,29,17,6,2,4,29,16,13,6,2,4
59693101,93,54,39,9,41,11,6,0,0,1,0,6,5,5,8,1,5,3,2,37,25,12,33,15,18,1,0,1,11,7,4,6,4,2
59694901,166,95,71,25,50,13,17,6,1,4,4,15,8,10,9,3,4,3,1,71,43,28,55,26,29,2,0,2,30,19,11,4,4,0
59695701,33,19,14,13,7,1,3,1,1,0,0,0,2,1,3,0,1,1,0,11,9,2,9,4,5,3,0,3,6,3,3,3,2,1
59695702,50,33,17,7,23,1,3,1,1,1,2,0,1,1,6,0,2,1,1,23,16,7,13,9,4,0,0,0,9,4,5,3,3,0
59695703,49,30,19,6,19,7,3,0,0,0,0,1,0,7,5,0,0,0,0,20,16,4,18,10,8,2,0,2,8,4,4,1,0,1
59695704,62,41,21,10,20,9,5,0,0,1,0,1,2,8,5,0,4,3,1,20,17,3,27,15,12,0,0,0,11,6,5,0,0,0
59695705,118,62,56,18,37,11,9,5,3,2,3,4,3,4,16,0,2,2,0,54,33,21,30,12,18,9,3,6,23,12,11,0,0,0
59695707,17,8,9,1,6,2,2,1,0,0,0,0,1,1,2,0,0,0,0,6,3,3,5,2,3,2,1,1,4,2,2,0,0,0
59696501,160,88,72,13,63,12,14,10,3,0,1,6,12,6,14,3,0,0,0,72,41,31,51,29,22,4,0,4,30,16,14,3,2,1
3149780,0,0,0,0,0,0,0,0,0,0,0,0,0,0,0,0,0,0,0,0,0,0,0,0,0,0,0,0,0,0,0,0,0,0
3181410,0,0,0,0,0,0,0,0,0,0,0,0,0,0,0,0,0,0,0,0,0,0,0,0,0,0,0,0,0,0,0,0,0,0
3296900,0,0,0,0,0,0,0,0,0,0,0,0,0,0,0,0,0,0,0,0,0,0,0,0,0,0,0,0,0,0,0,0,0,0
3394580,0,0,0,0,0,0,0,0,0,0,0,0,0,0,0,0,0,0,0,0,0,0,0,0,0,0,0,0,0,0,0,0,0,0
59697301,37,21,16,3,17,4,3,3,1,0,0,1,1,2,2,0,2,0,2,16,12,4,13,5,8,1,1,0,2,1,1,3,2,1
59697302,53,31,22,6,21,3,8,0,0,2,1,2,3,2,2,0,4,3,1,15,10,5,19,7,12,2,1,1,12,9,3,1,1,0
59697303,68,39,29,13,18,3,9,2,0,0,0,4,2,6,6,1,1,0,1,20,16,4,30,16,14,3,0,3,12,6,6,2,1,1
59697304,41,23,18,4,21,3,4,0,1,1,0,3,1,1,1,0,0,0,0,15,9,6,15,8,7,1,0,1,8,5,3,2,1,1
59697305,22,13,9,3,11,0,3,1,0,1,0,2,0,0,1,0,0,0,0,3,2,1,15,10,5,0,0,0,3,1,2,1,0,1
59697306,47,24,23,7,19,3,6,2,0,1,1,4,0,1,3,0,1,0,1,23,15,8,14,5,9,1,1,0,7,2,5,1,1,0
59697308,88,51,37,7,42,5,7,3,3,1,1,4,3,6,5,0,0,0,0,31,18,13,39,27,12,2,1,1,16,5,11,0,0,0
59697309,20,9,11,0,9,0,3,5,1,0,0,1,0,1,0,0,1,0,1,8,5,3,4,1,3,0,0,0,6,2,4,1,1,0
59697310,231,126,105,3,71,16,35,8,5,5,4,18,14,20,25,0,5,2,3,52,36,16,87,43,44,8,3,5,67,34,33,12,8,4
59697311,151,91,60,3,48,13,21,5,10,1,2,18,6,7,11,2,13,8,5,38,25,13,54,30,24,2,1,1,28,15,13,16,12,4
59697312,1126,605,521,26,489,45,118,50,38,23,10,90,44,79,87,2,34,15,19,361,227,134,420,198,222,23,6,17,237,122,115,51,37,14
59697313,289,154,135,5,128,13,29,11,18,3,3,14,10,24,27,1,9,2,7,82,48,34,111,60,51,5,1,4,80,41,39,2,2,0
59697315,430,231,199,10,169,23,60,19,14,10,1,44,17,31,27,1,11,4,7,141,98,43,148,72,76,11,2,9,106,48,58,13,7,6
59698101,26,16,10,8,7,3,0,2,1,0,0,0,1,2,1,0,1,0,1,13,9,4,8,5,3,0,0,0,3,1,2,1,1,0
59698102,551,309,242,53,193,49,49,21,14,15,4,24,35,32,41,2,12,7,5,193,118,75,210,108,102,19,6,13,96,55,41,21,15,6
59699001,59,40,19,11,28,3,2,0,1,1,0,1,3,1,4,1,4,3,1,30,21,9,18,13,5,3,1,2,1,1,0,3,1,2
3048590,0,0,0,0,0,0,0,0,0,0,0,0,0,0,0,0,0,0,0,0,0,0,0,0,0,0,0,0,0,0,0,0,0,0
59700701,75,43,32,9,28,4,8,1,5,0,1,6,0,5,4,0,3,1,2,24,19,5,32,15,17,3,1,2,10,5,5,3,2,1
59700702,52,32,20,2,21,1,5,4,1,2,1,4,2,3,3,0,2,2,0,25,19,6,14,6,8,1,0,1,10,5,5,0,0,0
59700703,46,30,16,4,23,3,3,1,2,1,1,2,1,3,0,2,2,0,2,21,16,5,12,6,6,3,3,0,8,5,3,0,0,0
59700704,38,22,16,5,14,6,5,3,1,0,0,0,1,2,0,0,3,3,0,19,12,7,11,5,6,0,0,0,5,2,3,0,0,0
59700705,134,79,55,7,53,13,15,5,3,0,1,7,12,10,3,1,5,2,3,56,43,13,48,24,24,4,1,3,19,7,12,2,2,0
59700706,28,11,17,0,5,2,1,0,0,1,0,4,0,1,12,1,1,0,1,6,2,4,11,4,7,0,0,0,10,5,5,0,0,0
59700707,276,162,114,15,114,25,24,9,6,7,3,17,15,15,22,0,10,6,4,109,77,32,99,50,49,8,4,4,42,19,23,8,6,2
59700708,119,71,48,7,42,8,19,6,4,2,0,8,7,5,8,1,5,2,3,45,31,14,48,24,24,0,0,0,18,11,7,3,3,0
59700709,447,254,193,11,165,33,72,11,12,15,10,31,11,23,36,2,19,11,8,126,83,43,174,101,73,18,6,12,96,42,54,14,11,3
59700710,17,9,8,1,3,6,3,0,0,0,0,0,0,1,3,0,1,1,0,7,4,3,4,2,2,1,0,1,3,1,2,1,1,0
59700711,1382,725,657,33,458,98,212,69,56,25,22,80,55,127,104,6,60,26,34,466,293,173,512,241,271,30,11,19,270,121,149,44,33,11
59700712,85,47,38,9,25,7,9,3,2,3,0,8,1,6,7,0,2,2,0,23,13,10,24,12,12,4,3,1,22,8,14,10,9,1
59700714,12,5,7,0,8,0,4,0,0,0,0,0,0,0,0,0,1,0,1,9,4,5,1,0,1,0,0,0,1,1,0,0,0,0
59700715,16,12,4,0,13,0,0,2,0,0,0,0,0,0,0,0,1,1,0,5,3,2,5,3,2,1,1,0,2,2,0,2,2,0
59700716,827,432,395,22,278,65,119,31,29,20,22,49,36,75,59,2,31,14,17,303,184,119,299,147,152,10,4,6,170,76,94,14,7,7
59700717,234,118,116,7,77,12,40,10,6,4,4,14,4,23,22,1,8,3,5,77,43,34,83,43,40,7,0,7,53,25,28,6,4,2
59700718,49,31,18,1,19,7,4,2,1,1,1,5,0,3,4,0,3,2,1,22,17,5,12,8,4,1,0,1,10,3,7,1,1,0
59700719,551,303,248,8,171,55,90,26,26,12,8,45,20,29,35,0,25,17,8,193,123,70,182,81,101,8,5,3,97,42,55,46,35,11
59700720,699,373,326,11,246,49,76,34,34,16,10,56,20,74,45,5,29,16,13,219,133,86,252,129,123,23,9,14,159,73,86,17,13,4
59700721,388,218,170,19,119,32,57,12,8,14,4,24,14,31,31,3,12,8,4,108,73,35,159,87,72,6,2,4,96,44,52,7,4,3
59700722,208,122,86,5,75,19,23,12,12,3,2,13,6,16,11,2,18,12,6,86,62,24,63,31,32,2,0,2,33,12,21,6,5,1
59700723,22,10,12,1,7,4,1,0,2,0,1,2,2,1,0,0,0,0,0,12,7,5,8,3,5,0,0,0,2,0,2,0,0,0
59700724,27,16,11,2,9,0,6,1,1,0,0,3,3,0,1,0,1,1,0,7,4,3,12,7,5,0,0,0,6,4,2,1,0,1
58789301,43,23,20,3,17,3,1,1,3,0,0,2,5,5,2,1,2,1,1,17,12,5,13,5,8,1,0,1,10,5,5,0,0,0
59701501,211,126,85,26,87,15,16,6,7,2,1,9,12,15,11,1,3,2,1,69,44,25,85,53,32,5,2,3,43,20,23,6,5,1
59703101,41,23,18,8,11,1,4,7,1,0,0,3,0,0,5,1,0,0,0,20,16,4,16,7,9,1,0,1,3,0,3,1,0,1
59703102,18,13,5,3,4,0,3,0,1,0,1,2,1,2,1,0,0,0,0,5,4,1,6,3,3,1,0,1,4,4,0,2,2,0
59703103,24,15,9,5,9,2,3,2,0,0,0,0,1,0,1,0,1,0,1,12,8,4,7,4,3,1,1,0,1,0,1,2,2,0
59704001,17,11,6,3,9,1,1,0,0,0,0,0,0,0,1,0,0,0,0,5,5,0,10,4,6,0,0,0,2,2,0,0,0,0
59704002,10,5,5,1,5,0,0,0,0,1,0,0,0,2,1,0,0,0,0,2,2,0,1,0,1,1,0,1,6,3,3,0,0,0
59704003,72,40,32,7,35,4,3,4,0,2,1,6,3,6,1,0,2,1,1,31,21,10,19,11,8,0,0,0,18,6,12,2,1,1
59705801,222,124,98,29,81,12,25,9,7,1,4,15,11,9,13,1,3,1,2,85,63,22,84,42,42,5,1,4,42,16,26,3,1,2
59705802,16,9,7,1,7,0,1,0,1,0,0,1,3,0,2,0,0,0,0,5,4,1,9,4,5,1,0,1,1,1,0,0,0,0
59706601,85,45,40,3,25,8,10,10,2,0,0,6,5,5,10,0,3,1,2,43,29,14,29,11,18,1,0,1,7,3,4,2,1,1
59707401,247,137,110,20,86,18,30,14,7,1,6,16,13,15,9,1,15,6,9,109,71,38,77,38,39,9,4,5,27,11,16,10,7,3
59707402,48,27,21,1,15,6,11,4,1,2,0,3,0,0,5,0,3,3,0,25,17,8,12,5,7,1,0,1,4,1,3,3,1,2
58786902,66,37,29,6,7,11,5,2,7,0,0,2,8,7,4,2,1,1,0,20,14,6,23,10,13,3,1,2,18,10,8,1,1,0
59708201,19,12,7,0,6,2,4,2,1,0,0,0,2,1,1,0,2,1,1,4,4,0,9,4,5,1,1,0,3,2,1,0,0,0
59708202,109,66,43,5,47,6,6,4,1,3,1,11,5,17,2,1,2,0,2,32,27,5,35,18,17,1,0,1,34,17,17,5,4,1
59709102,353,207,146,28,146,20,41,18,12,6,2,17,15,18,15,2,11,5,6,162,109,53,133,69,64,8,4,4,33,18,15,6,2,4
58833401,88,48,40,7,30,4,5,2,5,4,1,9,1,9,8,1,0,0,0,39,25,14,33,15,18,3,2,1,12,6,6,1,0,1
59711201,129,72,57,10,51,3,14,10,3,3,1,10,10,8,5,0,3,2,1,43,29,14,48,23,25,1,0,1,32,16,16,2,2,0
59712101,57,31,26,11,16,5,6,2,1,1,0,0,1,5,4,0,0,0,0,26,16,10,19,8,11,1,1,0,9,5,4,2,1,1
59713901,93,56,37,18,40,10,7,0,1,2,1,4,3,2,4,0,1,1,0,49,35,14,27,12,15,3,0,3,13,8,5,0,0,0
59714702,247,140,107,32,76,33,20,7,7,3,1,6,16,10,30,0,5,2,3,100,70,30,88,44,44,12,4,8,32,16,16,10,4,6
59715501,83,49,34,13,33,8,6,2,1,0,0,3,3,1,11,0,0,0,0,41,29,12,28,12,16,1,0,1,8,4,4,5,4,1
59715502,51,30,21,7,14,8,2,5,1,0,1,1,2,2,6,0,2,1,1,35,24,11,8,3,5,1,0,1,5,2,3,0,0,0
59715503,160,92,68,9,59,12,18,11,4,1,3,6,10,7,16,0,3,2,1,64,41,23,55,34,21,5,2,3,30,11,19,3,2,1
59716301,124,75,49,12,54,12,6,7,2,3,1,2,7,7,5,1,3,3,0,52,39,13,41,20,21,6,5,1,21,7,14,1,1,0
1953240,0,0,0,0,0,0,0,0,0,0,0,0,0,0,0,0,0,0,0,0,0,0,0,0,0,0,0,0,0,0,0,0,0,0
1953590,0,0,0,0,0,0,0,0,0,0,0,0,0,0,0,0,0,0,0,0,0,0,0,0,0,0,0,0,0,0,0,0,0,0
1954300,0,0,0,0,0,0,0,0,0,0,0,0,0,0,0,0,0,0,0,0,0,0,0,0,0,0,0,0,0,0,0,0,0,0
3149940,0,0,0,0,0,0,0,0,0,0,0,0,0,0,0,0,0,0,0,0,0,0,0,0,0,0,0,0,0,0,0,0,0,0
59520901,135,82,53,8,34,14,21,5,2,3,4,15,4,11,4,0,4,2,2,54,43,11,49,21,28,3,2,1,25,14,11,0,0,0
59520902,83,49,34,4,27,6,17,8,1,0,0,8,2,5,5,0,2,0,2,41,30,11,24,13,11,2,1,1,10,3,7,4,2,2
59520903,55,31,24,2,22,2,6,2,0,0,1,5,2,6,3,1,1,1,0,14,10,4,20,11,9,2,1,1,18,8,10,0,0,0
59520905,31,15,16,0,10,2,5,6,1,1,0,1,1,2,2,0,1,0,1,14,8,6,14,6,8,1,0,1,1,1,0,0,0,0
59520906,39,21,18,0,8,3,4,2,1,3,5,3,2,2,5,0,0,0,0,4,2,2,16,8,8,1,0,1,17,11,6,1,0,1
59520908,124,71,53,1,36,9,18,2,3,4,1,14,13,12,6,1,4,1,3,27,18,9,52,34,18,3,1,2,34,16,18,4,1,3
59520909,1047,541,506,19,374,62,114,44,33,25,20,76,71,86,89,3,44,29,15,332,190,142,434,201,233,25,11,14,193,94,99,19,16,3
59520910,314,193,121,10,90,43,34,8,9,7,4,28,16,25,20,3,8,4,4,66,51,15,117,69,48,16,6,10,96,53,43,11,10,1
59520913,16,8,8,1,5,1,4,1,0,0,0,3,0,0,1,0,0,0,0,6,4,2,8,2,6,0,0,0,2,2,0,0,0,0
59520914,13,6,7,0,2,0,2,0,0,1,0,2,0,1,5,0,1,0,1,2,2,0,4,1,3,0,0,0,6,3,3,0,0,0
59520915,138,111,27,6,42,20,12,10,15,2,2,18,0,1,2,4,10,9,1,49,39,10,23,18,5,0,0,0,3,2,1,53,43,10
59520916,322,187,135,2,113,17,30,14,13,11,3,21,25,35,22,5,11,9,2,80,53,27,128,69,59,12,7,5,82,42,40,9,7,2
59520917,36,25,11,2,15,4,7,1,0,0,0,5,0,0,2,0,2,1,1,15,12,3,14,9,5,0,0,0,5,3,2,0,0,0
59520918,3,3,0,1,0,0,0,0,0,0,0,0,1,0,1,0,0,0,0,1,1,0,1,1,0,0,0,0,1,1,0,0,0,0
59520919,90,51,39,13,31,7,3,1,3,1,0,5,3,2,10,0,4,0,4,27,18,9,37,21,16,6,3,3,10,6,4,6,3,3
59520920,1057,565,492,28,316,104,97,29,40,34,10,101,61,101,96,6,21,11,10,247,148,99,398,199,199,20,5,15,355,191,164,16,11,5
59520922,378,197,181,9,98,27,40,11,9,16,10,42,32,32,34,2,6,3,3,35,23,12,160,81,79,10,2,8,162,86,76,5,2,3
59520923,1321,696,625,18,540,87,144,60,58,28,23,94,53,73,86,5,92,47,45,513,289,224,447,223,224,36,19,17,180,88,92,53,30,23
59520924,686,359,327,11,258,48,93,22,25,22,15,37,48,41,43,7,32,18,14,226,136,90,247,121,126,20,7,13,142,67,75,19,10,9
59520925,1187,620,567,24,439,66,117,40,46,24,20,86,73,114,93,6,33,15,18,362,224,138,470,228,242,29,11,18,263,122,141,30,20,10
59520926,726,390,336,15,216,45,83,36,22,27,15,64,38,71,70,0,22,15,7,171,104,67,279,148,131,14,4,10,231,113,118,9,6,3
59520927,611,340,271,11,188,47,56,29,17,28,15,52,35,62,49,4,15,7,8,137,90,47,245,126,119,15,4,11,194,110,84,5,3,2
59520928,1567,821,746,22,609,87,175,76,44,37,34,89,104,100,116,6,62,33,29,481,294,187,669,322,347,34,10,24,282,136,146,39,26,13
58129102,1110,609,501,7,379,64,132,43,25,55,30,102,57,67,106,5,52,24,28,367,214,153,421,230,191,26,9,17,216,115,101,28,17,11
58129103,801,456,345,10,270,58,82,47,21,31,11,82,31,50,60,10,54,31,23,284,181,103,265,141,124,11,3,8,148,73,75,39,27,12
58129104,140,83,57,2,33,11,14,10,0,11,0,23,4,9,16,0,3,2,1,27,20,7,46,26,20,3,3,0,55,28,27,6,4,2
58129105,114,62,52,5,38,5,14,8,2,5,5,10,2,5,10,1,12,6,6,40,22,18,32,16,16,3,1,2,23,14,9,4,3,1
58131301,123,68,55,10,43,6,11,10,4,2,1,14,3,10,8,0,2,1,1,34,23,11,59,33,26,1,0,1,22,9,13,5,2,3
58133001,47,25,22,2,22,3,7,2,1,1,0,4,2,2,0,0,6,3,3,19,10,9,12,6,6,0,0,0,9,5,4,1,1,0
58133002,237,133,104,8,100,15,24,15,7,5,1,7,6,15,24,0,8,2,6,96,77,19,73,28,45,5,2,3,54,24,30,1,0,1
3202420,0,0,0,0,0,0,0,0,0,0,0,0,0,0,0,0,0,0,0,0,0,0,0,0,0,0,0,0,0,0,0,0,0,0
3401620,0,0,0,0,0,0,0,0,0,0,0,0,0,0,0,0,0,0,0,0,0,0,0,0,0,0,0,0,0,0,0,0,0,0
58128301,303,167,136,8,116,17,19,10,7,9,9,34,18,26,24,0,7,5,2,81,60,21,124,61,63,5,1,4,83,38,45,3,2,1
58128302,217,122,95,4,73,14,32,7,6,11,0,23,10,14,15,2,5,3,2,67,42,25,88,47,41,7,1,6,46,26,20,4,3,1
58128303,313,161,152,9,91,24,38,17,8,21,3,35,15,15,24,0,10,4,6,71,44,27,116,48,68,8,0,8,96,56,40,12,9,3
58128304,225,123,102,6,86,10,23,4,10,4,8,17,9,20,18,4,7,2,5,72,48,24,79,40,39,1,0,1,58,27,31,8,6,2
58128305,57,29,28,6,12,5,12,1,3,2,1,1,4,3,6,0,1,1,0,6,3,3,27,11,16,1,0,1,21,13,8,1,1,0
58128306,78,42,36,1,30,8,8,1,0,1,1,7,7,5,6,1,3,1,2,17,14,3,29,9,20,3,2,1,20,11,9,6,5,1
58128308,19,11,8,0,4,0,1,2,0,2,0,3,0,2,4,0,2,1,1,6,4,2,3,0,3,0,0,0,7,5,2,1,1,0
58128309,112,60,52,5,31,4,9,6,3,3,3,16,7,12,7,0,3,0,3,26,19,7,53,24,29,4,1,3,25,15,10,1,1,0
58128310,238,139,99,6,88,11,30,13,9,10,5,15,15,14,16,1,11,7,4,59,37,22,87,50,37,4,0,4,69,37,32,8,8,0
58128311,199,115,84,5,34,16,31,4,9,16,8,24,14,14,17,0,2,2,0,18,16,2,75,43,32,2,2,0,96,47,49,6,5,1
58128312,32,19,13,4,4,4,4,0,0,2,2,4,0,2,4,0,0,0,0,9,7,2,10,5,5,1,1,0,12,6,6,0,0,0
58128315,94,51,43,1,39,6,11,7,4,2,0,11,4,1,5,0,5,3,2,38,22,16,26,15,11,4,0,4,18,10,8,3,1,2
58128316,227,117,110,1,76,8,36,11,7,9,7,18,15,15,17,0,6,4,2,51,34,17,103,45,58,6,2,4,59,32,27,2,0,2
58128319,36,27,9,5,8,7,2,2,1,0,1,3,1,2,0,2,4,2,2,10,10,0,13,7,6,1,0,1,6,6,0,2,2,0
58128321,1571,818,753,19,512,91,149,45,51,51,45,127,128,138,137,4,46,19,27,432,261,171,610,297,313,33,4,29,411,213,198,39,24,15
58128322,237,135,102,6,72,14,22,5,7,8,3,37,15,21,20,0,4,2,2,63,42,21,88,50,38,5,2,3,74,37,37,3,2,1
58128324,625,336,289,15,203,34,60,24,21,21,17,64,34,40,62,4,27,14,13,162,101,61,209,112,97,15,3,12,198,96,102,14,10,4
58128325,710,421,289,7,259,39,79,36,24,25,21,64,35,43,43,8,47,28,19,194,123,71,239,139,100,15,6,9,144,74,70,71,51,20
58128326,596,318,278,7,160,40,62,17,13,24,18,61,43,56,67,0,17,9,8,116,71,45,240,111,129,13,0,13,198,117,81,12,10,2
58128327,1159,579,580,13,392,41,124,50,24,31,28,101,78,116,116,4,43,22,21,327,192,135,434,189,245,25,11,14,300,147,153,30,18,12
58128328,871,442,429,8,320,49,105,45,30,20,18,88,37,45,64,6,66,27,39,312,177,135,282,146,136,22,6,16,153,65,88,36,21,15
58128330,1224,645,579,8,379,71,140,41,25,45,34,126,85,102,119,5,47,21,26,370,217,153,447,234,213,37,14,23,292,141,151,31,18,13
58128331,46,25,21,1,12,4,5,0,0,3,4,9,4,1,2,0,0,0,0,5,3,2,17,11,6,2,0,2,22,11,11,0,0,0
58128332,81,44,37,0,26,7,8,5,4,4,2,7,3,5,7,0,5,3,2,26,17,9,36,18,18,3,1,2,9,4,5,2,1,1
58128334,8,5,3,0,2,1,0,0,0,0,0,0,2,1,2,0,0,0,0,0,0,0,3,3,0,0,0,0,5,2,3,0,0,0
58128335,667,371,296,9,220,29,79,20,17,27,23,52,56,50,63,1,15,6,9,165,117,48,273,148,125,22,7,15,178,87,91,14,6,8
58135601,190,96,94,15,58,10,17,5,6,2,1,10,7,12,38,2,7,4,3,88,51,37,55,27,28,7,2,5,31,11,20,2,1,1
58136401,634,349,285,33,228,39,66,20,16,21,16,56,44,40,38,3,18,11,7,220,149,71,232,110,122,14,1,13,140,72,68,10,6,4
58137201,42,24,18,5,14,5,6,1,1,3,0,1,1,3,2,0,1,0,1,15,10,5,16,9,7,0,0,0,9,4,5,1,1,0
58137202,99,54,45,3,34,9,17,2,2,2,1,8,1,13,7,0,3,2,1,34,23,11,34,16,18,4,0,4,20,12,8,4,1,3
58137203,197,106,91,5,63,12,15,12,3,5,3,21,12,14,26,0,7,1,6,51,31,20,83,50,33,8,3,5,45,19,26,3,2,1
58137204,118,73,45,6,58,7,6,3,4,5,1,3,5,8,10,0,2,0,2,53,40,13,32,17,15,7,3,4,23,12,11,1,1,0
58137205,24,14,10,1,8,3,7,0,0,0,0,1,1,1,1,0,1,1,0,8,6,2,11,5,6,1,0,1,3,2,1,0,0,0
58137206,476,251,225,13,176,32,49,22,10,10,6,34,16,40,42,2,22,14,8,139,79,60,180,87,93,11,3,8,111,60,51,13,8,5
58137207,62,32,30,2,16,3,3,1,4,4,1,6,6,7,6,1,2,1,1,13,8,5,21,9,12,4,2,2,22,12,10,0,0,0
58137208,743,398,345,11,232,47,73,20,13,21,14,76,37,80,87,7,40,23,17,178,120,58,272,139,133,28,7,21,206,97,109,19,12,7
58137209,234,127,107,8,76,17,27,8,11,1,4,19,7,28,22,1,13,7,6,71,48,23,86,41,45,5,2,3,56,26,30,3,3,0
58137210,143,82,61,1,54,3,18,8,4,4,0,6,6,6,29,1,7,4,3,48,35,13,54,23,31,6,2,4,21,14,7,7,4,3
58137211,1353,698,655,19,455,58,170,53,42,36,31,111,73,133,115,3,36,16,20,325,204,121,519,256,263,64,22,42,350,165,185,59,35,24
58137212,489,277,212,8,154,42,64,13,25,14,7,41,16,42,38,7,30,20,10,154,103,51,166,78,88,18,9,9,82,37,45,39,30,9
58137213,152,82,70,3,49,8,12,5,5,5,5,18,5,10,17,1,4,0,4,34,19,15,62,35,27,1,0,1,48,25,23,3,3,0
58137214,752,389,363,4,284,41,68,34,19,16,17,67,31,82,66,2,29,16,13,229,141,88,292,142,150,18,5,13,155,67,88,29,18,11
58137216,47,24,23,0,17,6,5,2,0,0,2,2,4,5,2,0,1,0,1,17,13,4,25,11,14,1,0,1,3,0,3,0,0,0
58137217,140,79,61,3,38,9,20,9,1,5,2,7,15,11,16,0,3,2,1,38,21,17,56,35,21,4,2,2,37,18,19,2,1,1
58137219,209,114,95,3,78,14,17,14,3,5,4,10,12,25,16,1,4,4,0,58,36,22,80,41,39,5,3,2,60,28,32,2,2,0
58137220,573,298,275,8,187,34,68,21,19,8,4,49,28,72,52,3,25,12,13,168,95,73,198,95,103,22,12,10,132,66,66,28,18,10
58137221,46,24,22,4,16,1,9,2,2,0,0,2,2,6,1,0,1,1,0,10,6,4,19,10,9,3,0,3,12,7,5,1,0,1
58138101,130,74,56,19,34,11,14,7,8,1,1,7,9,8,10,0,2,2,0,58,38,20,46,20,26,1,0,1,18,10,8,5,4,1
58138102,38,19,19,4,16,1,6,0,1,2,0,2,0,2,2,0,2,1,1,16,10,6,10,4,6,2,0,2,8,4,4,0,0,0
58144501,224,129,95,15,61,19,21,15,7,7,6,16,17,16,12,1,6,4,2,96,68,28,62,29,33,3,0,3,55,27,28,2,1,1
58145301,300,168,132,11,76,29,35,9,7,16,8,36,20,22,20,1,8,4,4,77,53,24,105,55,50,4,1,3,97,50,47,9,5,4
58146101,124,60,64,17,37,9,10,7,5,2,1,11,2,5,11,0,6,3,3,40,21,19,44,19,25,4,1,3,27,13,14,3,3,0
58147001,351,200,151,35,137,22,25,20,4,8,3,14,11,15,44,2,15,7,8,134,95,39,129,69,60,8,1,7,52,21,31,13,7,6
55416201,82,47,35,10,25,18,6,4,1,0,1,5,1,4,5,2,5,0,5,32,26,6,26,12,14,4,0,4,12,6,6,3,3,0
58149601,201,110,91,4,50,15,20,2,2,29,4,30,9,11,18,0,2,0,2,21,15,6,62,29,33,5,2,3,104,60,44,7,4,3
58149602,831,456,375,32,265,51,106,27,16,24,13,80,54,54,77,2,43,25,18,252,165,87,305,148,157,30,10,20,176,92,84,25,16,9
58150001,179,103,76,29,45,18,17,6,2,5,2,10,6,18,9,7,4,2,2,69,49,20,71,36,35,6,1,5,24,11,13,5,4,1
58151801,75,40,35,8,38,5,5,0,0,1,1,1,9,2,4,0,4,0,4,39,27,12,18,9,9,2,0,2,12,4,8,0,0,0
58151802,41,23,18,2,16,4,1,2,0,1,0,7,3,2,1,0,2,1,1,16,8,8,12,6,6,0,0,0,6,3,3,5,5,0
58152601,71,45,26,8,21,4,9,8,1,2,1,5,4,0,6,0,5,2,3,28,19,9,31,19,12,0,0,0,6,4,2,1,1,0
58154201,522,317,205,18,228,31,52,22,12,12,9,31,30,32,41,0,20,10,10,173,120,53,178,102,76,17,3,14,112,64,48,22,18,4
58154202,97,59,38,1,44,11,7,3,1,1,0,4,8,9,5,0,5,3,2,40,30,10,32,18,14,2,0,2,17,7,10,1,1,0
58155101,679,376,303,39,228,60,74,30,15,24,16,37,39,46,54,3,21,14,7,241,161,80,250,120,130,18,1,17,122,62,60,27,18,9
58156902,204,111,93,12,55,17,26,7,4,10,7,21,9,18,14,0,10,5,5,66,41,25,71,35,36,8,1,7,43,24,19,6,5,1
58159301,52,30,22,6,16,4,1,5,4,0,0,0,5,5,3,1,0,0,0,25,14,11,19,10,9,1,0,1,5,4,1,2,2,0
58161501,73,44,29,9,29,4,2,1,4,2,3,4,3,5,4,0,5,3,2,26,20,6,28,15,13,1,0,1,12,6,6,1,0,1
58163101,131,79,52,9,46,8,16,14,4,3,3,2,6,7,10,1,2,2,0,64,46,18,48,25,23,4,0,4,12,6,6,1,0,1
51369501,9,5,4,0,5,1,0,0,0,0,0,1,0,1,0,1,0,0,0,5,3,2,2,0,2,0,0,0,1,1,0,1,1,0
51369502,47,29,18,3,17,3,4,2,0,1,0,6,2,6,1,0,2,2,0,13,10,3,22,11,11,1,0,1,9,6,3,0,0,0
58153401,100,65,35,1,39,6,18,3,2,1,0,8,8,4,9,0,4,2,2,31,27,4,41,25,16,4,0,4,19,11,8,1,0,1
58166601,184,107,77,15,67,9,17,11,5,2,7,15,8,7,18,1,3,2,1,71,50,21,68,35,33,4,1,3,29,14,15,9,5,4
58168201,1405,776,629,39,426,90,124,51,74,53,31,122,88,115,131,7,38,22,16,454,291,163,517,260,257,24,4,20,335,176,159,37,23,14
58172101,26,18,8,7,10,3,2,0,0,0,0,2,0,1,1,0,1,1,0,11,7,4,8,8,0,0,0,0,6,2,4,0,0,0
58172102,48,29,19,8,15,1,9,5,1,0,0,0,1,2,3,1,1,1,0,24,16,8,17,9,8,1,0,1,3,2,1,2,1,1
58173901,403,223,180,30,128,44,40,18,9,4,9,24,19,36,33,1,9,1,8,143,99,44,157,76,81,9,2,7,75,36,39,10,9,1
58175501,168,101,67,15,73,18,11,4,3,3,0,7,5,13,9,0,5,2,3,70,48,22,61,34,27,2,0,2,24,14,10,6,3,3
58176301,430,246,184,20,174,24,37,11,6,14,2,31,36,33,31,1,16,7,9,128,82,46,169,92,77,15,3,12,89,53,36,13,9,4
58177101,55,33,22,6,20,4,3,4,1,1,1,3,4,1,5,0,2,2,0,19,14,5,21,12,9,6,0,6,7,5,2,0,0,0
58178001,218,126,92,6,67,10,22,9,1,23,1,20,18,14,18,0,6,2,4,47,36,11,82,46,36,6,3,3,65,31,34,12,8,4
58179801,70,44,26,10,24,7,8,4,1,2,0,2,1,1,8,0,5,2,3,36,28,8,18,8,10,0,0,0,6,3,3,5,3,2
58180101,14,7,7,1,3,1,2,2,0,0,0,1,0,2,1,0,1,0,1,5,4,1,4,2,2,1,0,1,3,1,2,0,0,0
58180102,212,126,86,12,75,20,15,19,6,1,4,12,11,14,13,1,5,3,2,92,65,27,74,39,35,5,1,4,25,12,13,11,6,5
58181001,92,53,39,15,38,11,4,3,2,1,0,2,6,4,4,0,6,2,4,42,26,16,24,14,10,1,0,1,13,6,7,6,5,1
58182801,403,231,172,35,87,30,36,20,14,13,6,53,23,34,26,1,19,12,7,107,67,40,144,78,66,8,3,5,111,62,49,14,9,5
58183601,79,50,29,2,29,4,7,7,1,1,0,7,5,7,5,1,1,0,1,33,24,9,27,19,8,1,0,1,17,7,10,0,0,0
58184401,33,20,13,7,8,1,0,2,0,1,2,1,6,2,0,0,1,1,0,6,6,0,13,5,8,1,1,0,12,7,5,0,0,0
58185201,82,46,36,7,21,1,9,3,0,4,3,8,4,6,11,0,1,0,1,25,15,10,34,19,15,2,2,0,19,10,9,1,0,1
58186101,140,79,61,4,58,19,8,4,7,0,0,13,7,4,9,1,3,1,2,58,40,18,60,28,32,2,1,1,13,6,7,4,3,1
58187901,27,16,11,1,10,1,2,0,0,1,0,4,4,2,1,1,1,1,0,7,6,1,9,5,4,0,0,0,9,4,5,1,0,1
58187902,941,491,450,28,316,58,89,67,24,23,14,74,38,89,77,11,26,9,17,302,192,110,336,158,178,26,6,20,217,104,113,34,22,12
58187903,124,66,58,6,34,7,16,9,2,3,2,7,5,11,18,1,1,1,0,47,30,17,38,21,17,0,0,0,36,13,23,2,1,1
58187904,153,86,67,5,63,12,13,10,0,3,1,12,8,7,13,1,2,1,1,61,37,24,49,30,19,7,3,4,25,9,16,9,6,3
58187905,92,53,39,7,35,15,9,5,2,0,2,4,5,2,4,0,3,1,2,43,29,14,28,19,9,3,0,3,14,3,11,1,1,0
58187906,7,4,3,0,3,0,2,0,0,0,0,0,0,2,0,0,0,0,0,1,0,1,4,3,1,0,0,0,1,1,0,1,0,1
58188701,85,47,38,6,28,8,3,5,1,3,2,5,3,5,13,0,0,0,0,25,16,9,29,19,10,3,1,2,27,11,16,1,0,1
58190901,227,122,105,7,63,17,27,8,6,15,6,29,16,12,16,1,8,6,2,69,45,24,82,40,42,5,1,4,58,28,30,5,2,3
58191701,24,12,12,0,9,2,4,0,0,1,0,1,0,2,3,0,1,1,0,9,6,3,9,2,7,0,0,0,5,3,2,0,0,0
58191702,23,17,6,3,12,1,3,1,0,1,0,0,0,0,2,0,0,0,0,11,9,2,8,6,2,0,0,0,3,1,2,1,1,0
58191703,29,18,11,2,9,3,2,2,0,0,0,3,1,1,3,0,0,0,0,12,11,1,12,5,7,1,0,1,4,2,2,0,0,0
58191704,22,10,12,1,5,4,5,0,0,0,0,1,1,2,3,0,1,0,1,7,3,4,10,5,5,1,0,1,3,2,1,0,0,0
58191705,34,23,11,2,12,3,4,3,0,3,0,1,1,0,4,1,2,2,0,14,9,5,13,8,5,2,1,1,3,3,0,0,0,0
58191706,63,33,30,10,15,5,5,2,0,0,0,9,4,2,7,0,0,0,0,23,16,7,23,8,15,0,0,0,16,9,7,1,0,1
58191707,37,22,15,5,16,1,3,1,0,0,0,5,2,2,2,0,0,0,0,15,8,7,11,7,4,2,1,1,8,5,3,1,1,0
58191708,18,11,7,0,11,2,1,1,0,0,0,0,1,0,1,0,0,0,0,11,6,5,7,5,2,0,0,0,0,0,0,0,0,0
58191709,20,13,7,0,12,1,1,1,2,0,1,0,0,1,1,0,0,0,0,12,7,5,4,4,0,0,0,0,2,1,1,2,1,1
58191710,30,18,12,2,11,3,3,1,1,0,0,2,3,2,1,0,1,1,0,15,12,3,9,3,6,0,0,0,3,1,2,2,1,1
58191711,187,103,84,3,64,18,18,7,6,5,6,5,14,12,22,1,7,4,3,45,30,15,73,42,31,8,3,5,52,23,29,2,1,1
58191713,302,155,147,19,93,28,36,8,4,6,5,16,19,23,33,4,7,4,3,87,54,33,124,59,65,9,4,5,62,26,36,13,8,5
58191714,61,33,28,3,24,3,2,3,1,3,1,3,1,7,7,1,0,0,0,21,13,8,27,14,13,3,1,2,10,5,5,0,0,0
58191715,106,61,45,10,52,4,15,1,0,2,1,4,3,7,4,2,4,2,2,36,27,9,41,19,22,1,0,1,23,12,11,1,1,0
58191716,42,25,17,2,20,4,3,1,0,1,0,2,2,3,3,0,1,0,1,18,14,4,17,7,10,1,1,0,3,1,2,2,2,0
58191717,28,18,10,5,8,1,1,0,0,0,0,3,1,1,8,0,1,1,0,16,12,4,5,1,4,0,0,0,5,3,2,1,1,0
58191718,16,11,5,0,6,2,1,1,1,2,0,0,0,1,2,0,0,0,0,5,4,1,6,4,2,1,1,0,4,2,2,0,0,0
58191720,54,33,21,4,22,5,7,6,1,1,0,2,2,3,1,0,3,1,2,23,19,4,11,5,6,1,0,1,12,6,6,4,2,2
58191721,18,10,8,0,10,0,1,0,0,0,1,1,0,0,0,1,3,2,1,7,4,3,2,1,1,2,1,1,3,1,2,1,1,0
58191722,48,31,17,2,16,2,4,4,0,3,0,1,2,5,6,1,0,0,0,15,11,4,16,8,8,3,1,2,14,11,3,0,0,0
58191723,397,210,187,7,133,25,46,15,13,8,4,46,18,22,42,3,15,7,8,125,77,48,161,74,87,9,6,3,82,43,39,5,3,2
58191724,83,48,35,1,24,1,12,4,3,1,2,8,6,9,9,0,6,4,2,27,14,13,28,16,12,3,1,2,15,10,5,4,3,1
58191725,121,69,52,1,39,4,26,0,0,2,2,9,10,10,15,0,2,1,1,25,15,10,47,28,19,5,0,5,36,21,15,6,4,2
58191726,17,14,3,0,10,0,3,1,2,0,0,1,0,0,0,0,0,0,0,6,5,1,5,4,1,2,1,1,2,2,0,2,2,0
58191727,892,471,421,15,346,46,92,36,31,16,14,55,40,82,85,7,34,18,16,266,153,113,353,187,166,21,9,12,174,76,98,44,28,16
58191729,52,32,20,1,23,5,6,4,1,3,1,2,1,3,1,0,1,1,0,30,19,11,16,8,8,1,1,0,3,2,1,1,1,0
58191730,10,5,5,1,5,0,1,0,0,0,0,1,1,0,1,0,0,0,0,1,1,0,3,1,2,0,0,0,4,1,3,2,2,0
58191732,194,114,80,2,82,11,23,4,5,7,4,16,10,8,15,0,8,4,4,71,49,22,70,37,33,5,4,1,38,19,19,2,1,1
58191733,211,123,88,4,66,20,29,5,10,4,3,19,7,7,23,3,13,4,9,81,54,27,64,35,29,3,0,3,33,20,13,17,10,7
58192501,211,125,86,7,77,17,23,15,8,9,3,13,7,13,6,1,4,2,2,85,54,31,76,44,32,3,0,3,39,21,18,4,4,0
58193301,69,44,25,13,22,5,5,6,0,0,2,3,6,0,3,0,3,3,0,32,26,6,27,13,14,2,0,2,5,2,3,0,0,0
58194101,18,12,6,4,5,0,1,0,0,1,0,1,4,1,0,0,0,0,0,6,4,2,10,8,2,0,0,0,2,0,2,0,0,0
58195001,529,300,229,30,211,42,44,37,15,12,5,23,24,35,41,3,23,11,12,206,129,77,178,105,73,17,5,12,85,39,46,20,11,9
58195002,25,13,12,0,5,2,3,2,3,3,0,2,1,1,3,0,0,0,0,7,3,4,11,6,5,0,0,0,5,4,1,2,0,2
58196801,756,414,342,24,214,48,99,29,16,42,14,95,56,45,46,3,21,10,11,164,118,46,293,147,146,16,3,13,243,124,119,19,12,7
55387501,24,15,9,5,12,2,1,1,1,0,0,0,1,1,0,0,1,1,0,18,12,6,4,1,3,0,0,0,0,0,0,1,1,0
58199201,54,30,24,2,15,3,4,2,5,2,5,4,2,5,5,0,1,1,0,16,12,4,22,12,10,2,0,2,12,4,8,1,1,0
53100601,152,92,60,15,57,4,20,3,7,1,2,10,10,9,11,0,2,1,1,63,45,18,55,28,27,4,1,3,24,15,9,4,2,2
58201801,918,511,407,33,268,71,103,38,21,29,19,70,69,88,72,3,36,17,19,270,170,100,339,183,156,20,5,15,238,128,110,15,8,7
58202601,25,17,8,7,9,0,2,2,0,0,0,0,1,1,2,0,0,0,0,18,12,6,3,2,1,0,0,0,2,1,1,2,2,0
58203401,86,49,37,3,30,8,11,3,4,1,1,6,3,3,7,1,4,2,2,36,25,11,30,12,18,4,0,4,10,9,1,2,1,1
58204201,46,26,20,3,20,3,4,1,0,0,0,3,4,4,3,0,0,0,0,24,16,8,16,6,10,0,0,0,3,1,2,3,3,0
58204202,46,24,22,4,18,1,4,2,0,0,0,2,6,1,6,1,2,1,1,24,13,11,12,9,3,3,0,3,4,0,4,1,1,0
58206901,93,60,33,6,38,8,6,13,0,5,0,6,2,2,6,0,7,6,1,33,26,7,33,17,16,0,0,0,17,9,8,3,2,1
58207701,86,51,35,8,28,6,12,7,2,2,1,8,3,3,5,0,3,1,2,41,28,13,30,15,15,0,0,0,7,4,3,5,3,2
58208501,220,128,92,19,81,11,26,13,4,4,3,12,12,15,15,1,9,2,7,103,72,31,67,36,31,5,0,5,31,13,18,5,5,0
58210701,100,57,43,4,41,8,14,4,1,2,3,2,5,7,6,0,5,1,4,35,25,10,41,22,19,4,1,3,14,7,7,1,1,0
58211501,23,14,9,1,6,2,3,0,0,1,0,5,2,1,1,0,2,1,1,7,6,1,4,3,1,1,0,1,8,3,5,1,1,0
58211502,152,80,72,7,49,7,23,5,4,9,0,20,5,7,11,0,2,1,1,51,32,19,56,26,30,4,2,2,32,15,17,7,4,3
58213101,295,173,122,9,118,15,27,7,6,2,0,20,28,28,29,0,3,1,2,97,70,27,126,71,55,8,3,5,58,28,30,3,0,3
58215801,761,416,345,44,325,49,64,45,17,12,6,37,26,83,40,2,37,19,18,317,212,105,244,111,133,19,6,13,127,53,74,17,15,2
58216601,514,296,218,22,162,32,47,28,16,17,10,48,39,39,40,0,18,12,6,182,117,65,163,82,81,14,7,7,123,68,55,14,10,4
58218201,539,298,241,12,177,38,69,19,12,17,7,37,42,56,33,3,14,8,6,195,127,68,205,100,105,8,3,5,107,53,54,10,7,3
58219101,110,61,49,10,29,6,9,12,0,3,3,2,8,7,14,0,4,1,3,43,31,12,44,24,20,2,0,2,12,2,10,5,3,2
58219102,36,19,17,0,14,5,2,2,0,3,0,2,0,2,6,0,0,0,0,12,6,6,12,7,5,1,0,1,9,5,4,2,1,1
58220401,72,36,36,7,27,10,10,2,1,0,1,3,1,2,8,0,4,2,2,28,15,13,26,13,13,2,0,2,10,5,5,2,1,1
58221201,315,178,137,16,116,18,35,20,13,4,5,21,15,19,23,0,8,2,6,117,85,32,122,61,61,5,0,5,56,26,30,7,4,3
58222101,128,81,47,6,57,8,8,9,3,3,1,8,9,8,5,1,3,2,1,66,50,16,39,18,21,2,1,1,14,7,7,4,3,1
58223901,101,58,43,4,43,9,11,4,4,3,0,7,4,7,1,1,3,3,0,44,28,16,31,14,17,1,0,1,17,11,6,5,2,3
58223902,53,27,26,4,21,5,3,1,2,1,0,4,4,3,2,0,3,0,3,21,11,10,15,7,8,0,0,0,12,7,5,2,2,0
58223903,441,231,210,12,165,26,45,21,9,10,12,34,21,35,39,1,12,8,4,118,82,36,173,84,89,13,3,10,115,48,67,10,6,4
58223904,1195,658,537,50,469,60,118,44,40,32,24,93,70,71,80,6,55,23,32,434,265,169,393,213,180,32,7,25,233,119,114,48,31,17
58224701,658,372,286,11,253,43,68,20,22,11,8,57,47,48,47,2,17,9,8,231,158,73,237,122,115,13,3,10,133,62,71,27,18,9
51370901,52,28,24,4,24,1,6,1,1,0,0,1,0,5,7,1,1,1,0,24,15,9,19,10,9,0,0,0,8,2,6,0,0,0
58227101,262,151,111,20,93,23,27,30,3,3,4,7,11,27,10,0,2,2,0,129,93,36,81,33,48,5,1,4,39,18,21,6,4,2
58228001,64,33,31,10,31,3,1,2,2,1,1,1,4,1,5,1,5,1,4,29,17,12,20,10,10,1,0,1,8,4,4,1,1,0
58229801,464,256,208,17,176,21,52,15,6,14,4,34,36,36,36,3,22,11,11,132,95,37,202,97,105,8,3,5,91,44,47,9,6,3
58231001,282,171,111,12,120,23,22,18,6,5,6,19,14,13,18,0,4,2,2,123,81,42,103,59,44,8,2,6,34,19,15,10,8,2
58231002,34,20,14,4,10,2,3,1,0,1,1,3,3,1,3,0,0,0,0,14,9,5,17,11,6,0,0,0,3,0,3,0,0,0
58232801,277,163,114,21,98,22,19,10,5,14,4,18,15,23,17,0,13,5,8,99,78,21,114,56,58,9,0,9,41,23,18,1,1,0
58233601,307,171,136,15,126,15,22,21,8,6,4,17,17,22,26,4,8,4,4,105,69,36,110,54,56,11,4,7,53,28,25,20,12,8
58234401,17,6,11,0,6,3,1,1,0,0,0,0,2,1,2,0,1,0,1,6,4,2,5,1,4,0,0,0,1,0,1,4,1,3
58234402,39,23,16,1,14,4,3,1,1,1,1,2,4,2,4,0,0,0,0,15,11,4,15,8,7,2,1,1,5,1,4,2,2,0
58235201,459,247,212,16,148,29,53,19,21,11,12,31,27,34,40,3,21,10,11,139,86,53,172,89,83,17,5,12,96,49,47,14,8,6
55696301,320,184,136,11,117,26,24,21,1,10,5,19,18,27,23,4,9,6,3,110,80,30,142,72,70,5,1,4,43,16,27,11,9,2
58262001,21,10,11,0,10,0,4,0,1,0,0,1,1,2,2,0,0,0,0,9,4,5,6,2,4,0,0,0,2,1,1,4,3,1
58262002,21,13,8,1,7,3,0,2,1,0,1,0,1,1,4,0,0,0,0,9,6,3,10,6,4,1,0,1,1,1,0,0,0,0
58262003,25,16,9,2,11,1,4,2,0,0,0,1,0,3,0,0,0,0,0,11,7,4,9,6,3,1,0,1,3,2,1,1,1,0
58239501,222,129,93,22,57,34,22,13,8,8,2,8,14,8,15,5,9,4,5,81,57,24,77,35,42,4,0,4,38,24,14,13,9,4
58240901,199,105,94,5,83,13,18,7,6,3,1,10,9,19,18,1,8,2,6,82,53,29,74,37,37,8,2,6,24,11,13,3,0,3
58240902,15,8,7,1,6,0,2,0,0,0,1,1,1,2,1,0,1,0,1,7,7,0,4,0,4,0,0,0,2,1,1,1,0,1
58241701,73,40,33,4,28,4,7,6,1,1,0,6,0,11,3,1,3,2,1,28,18,10,26,15,11,2,0,2,11,4,7,3,1,2
58241702,56,28,28,5,19,4,10,0,0,0,1,3,2,5,5,1,1,0,1,20,13,7,21,9,12,0,0,0,10,3,7,4,3,1
58606401,120,72,48,12,43,10,13,5,2,1,1,5,3,6,17,1,2,2,0,50,35,15,42,22,20,2,0,2,21,13,8,3,0,3
58243301,211,117,94,1,67,14,18,7,3,12,7,28,12,18,14,1,4,3,1,42,30,12,97,48,49,1,1,0,61,33,28,6,2,4
58244101,53,26,27,5,13,1,5,3,2,2,0,10,1,3,3,1,1,1,0,24,15,9,19,7,12,1,0,1,8,3,5,0,0,0
58244102,805,441,364,22,314,45,100,41,16,21,10,46,33,56,77,8,39,25,14,303,204,99,292,127,165,21,6,15,117,62,55,33,17,16
58246801,339,188,151,35,112,20,20,20,6,5,4,21,15,20,54,0,15,11,4,152,104,48,106,47,59,14,2,12,44,19,25,8,5,3
58247601,115,61,54,9,27,6,24,4,5,1,2,10,7,7,9,0,10,5,5,38,26,12,34,15,19,1,1,0,28,12,16,4,2,2
58247602,305,160,145,17,97,15,29,15,9,8,7,34,17,18,22,1,8,2,6,104,64,40,96,45,51,6,3,3,80,41,39,11,5,6
58248401,300,184,116,20,116,21,21,15,7,5,6,18,18,21,23,0,16,6,10,121,88,33,108,57,51,2,1,1,49,28,21,4,4,0
58248402,18,12,6,0,7,1,0,0,0,3,0,1,1,4,1,0,1,1,0,5,4,1,7,3,4,0,0,0,5,4,1,0,0,0
58249201,32,17,15,4,12,4,0,1,0,0,0,2,2,1,1,0,3,1,2,14,10,4,11,5,6,1,0,1,2,0,2,1,1,0
58249202,66,41,25,1,20,11,4,1,1,4,0,7,7,3,7,0,4,4,0,18,12,6,25,11,14,2,1,1,15,11,4,2,2,0
58250601,38,23,15,9,15,0,0,1,0,2,0,1,2,3,2,1,3,0,3,17,12,5,14,8,6,0,0,0,1,0,1,3,3,0
58253101,136,75,61,17,53,5,10,12,2,1,1,8,4,10,8,3,10,6,4,54,36,18,35,19,16,6,0,6,17,6,11,14,8,6
53469201,222,125,97,12,105,18,21,6,3,6,2,12,3,8,15,1,14,5,9,82,53,29,82,44,38,9,3,6,26,15,11,9,5,4
58255701,141,71,70,7,40,6,21,11,5,6,0,12,10,12,8,0,5,2,3,54,34,20,45,22,23,2,0,2,34,13,21,1,0,1
58257301,161,91,70,13,89,6,11,4,7,3,3,4,7,7,4,0,10,7,3,77,47,30,51,25,26,1,0,1,20,11,9,2,1,1
55388301,19,11,8,4,5,0,3,0,0,0,0,0,1,0,3,1,0,0,0,5,2,3,8,5,3,1,1,0,4,3,1,1,0,1
58258101,223,127,96,10,87,14,18,10,4,5,1,8,21,10,27,0,7,2,5,84,53,31,83,51,32,10,4,6,36,15,21,3,2,1
58259001,62,32,30,3,20,6,9,1,2,0,1,6,3,3,5,1,5,4,1,19,14,5,24,10,14,0,0,0,13,3,10,1,1,0
58259002,189,101,88,10,69,16,18,13,5,5,3,6,14,7,19,1,5,3,2,91,54,37,63,34,29,4,1,3,23,7,16,3,2,1
58260301,22,13,9,2,7,3,3,0,0,1,0,2,2,1,1,0,0,0,0,6,3,3,9,7,2,1,0,1,6,3,3,0,0,0
58260302,60,33,27,4,35,2,3,0,4,0,0,2,3,4,2,0,4,1,3,27,16,11,19,9,10,2,1,1,7,5,2,1,1,0
58260303,192,112,80,9,77,17,14,8,7,3,1,21,7,13,6,1,5,2,3,67,44,23,90,50,40,3,0,3,22,12,10,5,4,1
58260304,134,76,58,10,41,8,13,11,5,3,4,12,13,2,9,1,8,2,6,41,27,14,61,34,27,4,1,3,20,12,8,0,0,0
58261101,117,70,47,11,41,9,14,1,1,1,1,7,6,15,8,0,4,2,2,37,26,11,47,30,17,1,0,1,28,12,16,0,0,0
53082401,87,52,35,5,33,2,5,1,0,2,0,7,8,14,8,0,7,4,3,24,17,7,23,14,9,6,1,5,24,13,11,3,3,0
53082402,27,16,11,0,11,1,7,0,1,1,1,1,1,1,1,0,3,2,1,11,10,1,6,0,6,0,0,0,6,3,3,1,1,0
3131810,0,0,0,0,0,0,0,0,0,0,0,0,0,0,0,0,0,0,0,0,0,0,0,0,0,0,0,0,0,0,0,0,0,0
3131900,0,0,0,0,0,0,0,0,0,0,0,0,0,0,0,0,0,0,0,0,0,0,0,0,0,0,0,0,0,0,0,0,0,0
3132030,0,0,0,0,0,0,0,0,0,0,0,0,0,0,0,0,0,0,0,0,0,0,0,0,0,0,0,0,0,0,0,0,0,0
3132110,0,0,0,0,0,0,0,0,0,0,0,0,0,0,0,0,0,0,0,0,0,0,0,0,0,0,0,0,0,0,0,0,0,0
58264601,29,17,12,1,14,3,3,1,1,0,1,3,1,0,1,0,2,1,1,12,7,5,13,8,5,0,0,0,2,1,1,0,0,0
58264602,39,27,12,10,14,2,0,1,2,1,0,2,2,2,2,0,1,0,1,21,15,6,12,10,2,2,0,2,1,1,0,2,1,1
58264603,21,13,8,5,11,2,0,0,1,0,0,0,0,0,2,0,1,1,0,13,8,5,7,4,3,0,0,0,0,0,0,0,0,0
58264604,23,14,9,5,11,1,0,0,0,0,0,2,1,1,2,0,1,1,0,12,10,2,6,2,4,0,0,0,4,1,3,0,0,0
58264605,44,26,18,7,22,1,5,4,0,0,0,2,0,1,1,1,5,1,4,18,15,3,20,9,11,0,0,0,1,1,0,0,0,0
58264607,41,35,6,1,13,12,0,2,2,0,0,8,0,0,0,1,4,4,0,11,10,1,7,5,2,0,0,0,0,0,0,19,16,3
58264608,484,251,233,20,213,19,48,20,11,4,8,24,19,38,46,3,24,16,8,204,118,86,165,68,97,16,5,11,64,35,29,11,9,2
58264611,388,213,175,16,154,23,36,28,5,6,0,13,21,26,51,1,14,5,9,173,122,51,125,54,71,11,2,9,60,27,33,5,3,2
58264612,547,303,244,17,210,49,48,37,17,5,3,31,17,35,66,5,32,22,10,237,142,95,174,88,86,24,7,17,63,34,29,17,10,7
1820280,0,0,0,0,0,0,0,0,0,0,0,0,0,0,0,0,0,0,0,0,0,0,0,0,0,0,0,0,0,0,0,0,0,0
58265401,160,100,60,5,66,9,13,4,6,4,2,15,9,12,10,1,3,2,1,52,40,12,50,27,23,0,0,0,45,24,21,10,7,3
58266201,138,75,63,3,39,17,14,4,5,4,1,8,6,16,18,1,5,5,0,44,28,16,41,20,21,9,2,7,38,20,18,1,0,1
58267101,258,141,117,13,100,23,27,8,4,3,4,13,12,21,19,3,10,4,6,108,75,33,96,44,52,7,2,5,33,14,19,4,2,2
58268901,201,109,92,4,53,19,15,9,6,9,5,12,13,16,31,0,2,1,1,55,33,22,83,44,39,5,1,4,52,26,26,4,4,0
58270101,91,45,46,12,29,3,13,6,0,1,3,6,4,9,4,0,3,3,0,37,21,16,35,13,22,2,1,1,10,4,6,4,3,1
58270102,256,149,107,25,89,12,26,18,4,1,4,13,14,24,21,0,10,6,4,111,68,43,84,53,31,8,0,8,35,17,18,8,5,3
58600501,74,43,31,5,25,6,7,6,3,2,1,3,6,2,4,0,1,1,0,34,24,10,25,13,12,0,0,0,8,2,6,6,3,3
58272701,101,56,45,3,43,7,14,4,2,3,3,3,4,4,8,0,2,2,0,38,22,16,40,22,18,1,1,0,17,6,11,3,3,0
58274301,199,110,89,17,76,7,26,15,4,1,1,13,8,10,17,0,6,3,3,80,50,30,76,36,40,3,0,3,25,15,10,9,6,3
58275101,352,188,164,11,143,24,41,15,7,4,2,19,21,33,27,1,8,3,5,149,103,46,127,57,70,9,1,8,49,19,30,10,5,5
58276001,143,82,61,3,51,9,16,2,2,5,5,10,13,9,9,0,4,2,2,29,20,9,69,39,30,6,2,4,33,17,16,2,2,0
58277801,32,19,13,8,12,3,4,0,1,1,0,0,2,0,1,0,1,1,0,9,5,4,11,7,4,1,0,1,10,6,4,0,0,0
55108201,461,314,147,5,49,39,38,6,9,30,7,79,125,7,45,11,33,28,5,119,87,32,137,98,39,8,2,6,152,95,57,12,4,8
55108202,1804,945,859,13,301,111,209,99,70,150,39,281,97,161,187,5,82,42,40,401,219,182,635,309,326,39,13,26,605,333,272,42,29,13
55108203,2708,1427,1281,25,479,167,348,125,72,245,87,362,188,223,283,9,90,41,49,540,341,199,1003,479,524,72,31,41,949,501,448,54,34,20
55108204,16,12,4,0,5,3,0,0,0,0,1,1,0,2,1,0,1,1,0,2,1,1,10,7,3,0,0,0,2,2,0,1,1,0
55108205,2154,1116,1038,10,349,107,273,124,61,209,73,323,103,177,234,9,85,48,37,403,247,156,759,367,392,35,12,23,828,418,410,44,24,20
55108206,103,60,43,4,16,4,13,8,4,8,2,9,3,8,18,0,8,5,3,24,11,13,32,23,9,1,0,1,38,21,17,0,0,0
3039680,0,0,0,0,0,0,0,0,0,0,0,0,0,0,0,0,0,0,0,0,0,0,0,0,0,0,0,0,0,0,0,0,0,0
55132501,169,90,79,4,18,21,23,12,3,13,1,29,7,9,15,1,2,2,0,31,18,13,62,25,37,1,0,1,69,41,28,4,4,0
55132502,1127,605,522,14,205,113,156,77,38,58,36,117,52,104,106,4,39,20,19,310,200,110,414,191,223,22,11,11,312,172,140,30,11,19
0118780,0,0,0,0,0,0,0,0,0,0,0,0,0,0,0,0,0,0,0,0,0,0,0,0,0,0,0,0,0,0,0,0,0,0
55119801,2015,1051,964,20,314,126,251,98,53,148,67,271,119,231,206,9,82,38,44,416,258,158,707,338,369,56,19,37,721,383,338,33,15,18
55119802,22,14,8,2,5,3,3,0,0,0,0,1,1,1,0,0,1,1,0,8,5,3,8,5,3,2,1,1,3,2,1,0,0,0
55119803,481,270,211,1,66,27,48,13,11,73,33,89,25,31,49,1,7,3,4,27,19,8,113,65,48,8,3,5,321,177,144,5,3,2
55119804,373,203,170,4,45,20,47,29,18,17,16,59,15,31,41,3,17,10,7,84,56,28,128,64,64,9,2,7,128,66,62,7,5,2
55119805,151,86,65,5,31,11,15,9,8,7,5,20,10,10,12,1,9,6,3,38,24,14,51,26,25,6,3,3,42,24,18,5,3,2
55119807,638,330,308,4,97,41,68,27,18,54,22,118,28,57,72,3,15,10,5,89,55,34,214,99,115,24,9,15,288,151,137,8,6,2
55119809,1390,718,672,10,239,64,161,85,44,85,38,210,106,132,143,7,50,27,23,272,159,113,517,245,272,24,8,16,500,263,237,27,16,11
55119810,24,12,12,0,4,0,1,0,2,1,2,5,1,3,3,0,0,0,0,1,1,0,8,4,4,1,0,1,14,7,7,0,0,0
55119811,806,436,370,10,115,47,92,53,28,67,18,122,49,86,72,1,29,11,18,141,93,48,291,151,140,16,3,13,309,165,144,20,13,7
55119812,1927,980,947,12,343,127,204,106,41,146,60,282,123,198,199,5,63,38,25,350,200,150,682,303,379,38,12,26,757,404,353,37,23,14
55119813,65,37,28,4,4,3,4,2,2,8,2,14,3,6,4,1,2,2,0,8,4,4,23,13,10,3,2,1,28,15,13,1,1,0
55119814,823,417,406,11,123,46,96,58,29,56,26,115,57,75,81,7,24,9,15,173,109,64,292,131,161,14,3,11,297,153,144,23,12,11
55119816,1130,584,546,5,167,45,112,35,25,138,50,181,73,117,144,1,28,10,18,93,59,34,341,162,179,30,14,16,626,334,292,12,5,7
55119817,2835,1445,1390,17,453,188,366,146,86,245,77,400,167,269,253,17,118,61,57,628,367,261,983,471,512,67,19,48,980,497,483,59,30,29
55119818,104,57,47,3,11,17,8,7,8,8,1,10,5,13,9,0,5,2,3,24,17,7,38,24,14,1,0,1,31,12,19,5,2,3
0112910,0,0,0,0,0,0,0,0,0,0,0,0,0,0,0,0,0,0,0,0,0,0,0,0,0,0,0,0,0,0,0,0,0,0
55106601,1202,628,574,13,226,70,199,82,49,75,33,158,68,86,84,1,75,40,35,314,189,125,464,221,243,23,4,19,294,155,139,32,19,13
55106602,204,93,111,1,135,8,19,3,2,8,3,8,3,6,6,0,13,7,6,32,14,18,61,30,31,19,3,16,53,27,26,26,12,14
55106603,1181,630,551,17,209,84,150,55,58,101,21,176,55,85,91,9,62,31,31,225,130,95,416,233,183,31,10,21,409,203,206,38,23,15
55106606,374,214,160,5,74,40,55,19,16,26,12,50,16,20,18,2,27,18,9,87,60,27,155,82,73,7,7,0,87,39,48,11,8,3
55106607,402,208,194,5,71,23,44,26,23,49,19,64,12,21,25,3,25,12,13,78,49,29,121,64,57,10,5,5,154,68,86,14,10,4
55106608,1147,589,558,7,216,72,155,56,41,88,31,173,61,103,82,6,57,33,24,237,134,103,416,215,201,37,10,27,370,178,192,30,19,11
55106609,25,19,6,0,2,12,2,2,0,3,0,1,0,1,0,0,2,2,0,3,3,0,9,5,4,0,0,0,3,2,1,8,7,1
3039760,0,0,0,0,0,0,0,0,0,0,0,0,0,0,0,0,0,0,0,0,0,0,0,0,0,0,0,0,0,0,0,0,0,0
55131701,1814,989,825,37,449,155,237,118,50,95,52,191,86,118,148,6,84,49,35,502,310,192,640,319,321,41,17,24,485,246,239,62,48,14
55131702,84,64,20,3,41,8,5,3,0,3,0,12,2,2,4,0,3,2,1,17,15,2,35,25,10,4,4,0,22,15,7,3,3,0
55137601,1022,549,473,11,151,65,143,25,38,80,36,188,51,94,98,1,32,20,12,128,90,38,298,133,165,9,2,7,538,295,243,17,9,8
55137602,40,22,18,2,6,4,2,1,2,0,0,9,4,2,5,0,2,1,1,10,6,4,15,11,4,3,2,1,8,2,6,2,0,2
55140601,622,335,287,6,105,75,55,32,14,46,17,84,36,67,64,0,23,14,9,95,68,27,190,86,104,9,4,5,284,150,134,21,13,8
0110370,0,0,0,0,0,0,0,0,0,0,0,0,0,0,0,0,0,0,0,0,0,0,0,0,0,0,0,0,0,0,0,0,0,0
55107401,23,15,8,0,4,3,5,1,1,2,0,1,0,0,6,0,1,1,0,4,4,0,12,6,6,0,0,0,6,4,2,0,0,0
55107402,415,252,163,7,77,49,70,21,22,37,12,49,20,19,16,1,21,14,7,81,52,29,158,100,58,15,7,8,116,59,57,24,20,4
55107403,18,14,4,0,8,2,2,2,0,0,0,3,0,0,1,0,3,2,1,6,5,1,8,6,2,0,0,0,0,0,0,1,1,0
55107404,81,43,38,0,16,5,7,3,1,8,5,12,8,8,3,0,2,1,1,8,7,1,29,11,18,1,0,1,40,23,17,1,1,0
55107405,106,73,33,1,27,5,14,37,4,2,0,9,0,0,0,3,11,9,2,21,16,5,41,26,15,9,6,3,13,9,4,11,7,4
55107406,460,242,218,13,94,49,63,33,23,26,10,58,16,25,37,2,27,16,11,126,82,44,156,72,84,20,4,16,122,61,61,9,7,2
55107407,780,418,362,11,107,61,109,39,37,64,27,104,33,67,71,6,25,10,15,177,106,71,235,118,117,10,3,7,307,163,144,26,18,8
55107408,228,137,91,3,49,23,24,12,12,14,8,30,11,11,13,3,15,9,6,50,37,13,72,36,36,7,3,4,65,36,29,19,16,3
55107409,1521,783,738,16,319,99,224,91,60,75,41,188,109,105,114,15,87,48,39,410,234,176,577,271,306,41,13,28,343,170,173,63,47,16
55107410,15,11,4,0,3,3,2,1,2,0,0,1,0,0,0,1,1,1,0,6,5,1,6,3,3,0,0,0,0,0,0,2,2,0
55107411,211,129,82,1,40,38,26,10,6,16,4,30,4,15,15,2,5,3,2,42,29,13,71,40,31,1,0,1,77,47,30,15,10,5
55107412,24,16,8,0,4,3,3,3,0,3,0,4,0,2,1,0,2,1,1,5,3,2,11,8,3,0,0,0,5,3,2,1,1,0
55107413,182,112,70,2,37,18,24,24,5,13,2,22,3,10,17,0,6,3,3,39,28,11,61,38,23,5,2,3,63,33,30,8,8,0
55107414,309,177,132,3,62,36,55,18,7,16,10,43,11,22,13,3,21,13,8,93,69,24,105,45,60,5,2,3,76,43,33,9,5,4
55107415,147,81,66,1,21,14,11,7,5,11,5,26,6,14,15,0,4,2,2,30,20,10,48,26,22,1,0,1,61,32,29,3,1,2
55107416,298,162,136,1,68,22,47,16,12,21,4,38,17,20,22,1,8,5,3,69,43,26,106,57,49,4,2,2,95,44,51,16,11,5
55107417,169,102,67,5,49,12,21,18,2,12,3,13,3,9,11,0,16,13,3,46,31,15,60,35,25,2,0,2,41,22,19,4,1,3
55107418,104,68,36,2,35,3,0,0,1,23,1,24,2,4,4,1,3,1,2,15,9,6,37,26,11,8,5,3,32,22,10,9,5,4
0105700,0,0,0,0,0,0,0,0,0,0,0,0,0,0,0,0,0,0,0,0,0,0,0,0,0,0,0,0,0,0,0,0,0,0
55117101,41,29,12,2,6,10,6,2,1,2,0,4,1,1,3,2,3,3,0,9,8,1,5,3,2,3,1,2,17,11,6,4,3,1
55117102,663,347,316,7,99,31,78,29,24,56,18,112,37,71,61,2,20,15,5,95,54,41,210,104,106,10,2,8,316,166,150,12,6,6
55117103,593,299,294,1,71,33,72,13,11,72,27,106,38,56,57,4,16,12,4,64,36,28,201,92,109,11,2,9,288,149,139,13,8,5
55117104,857,471,386,5,128,60,95,27,27,80,33,135,45,82,70,3,17,13,4,132,85,47,301,147,154,16,7,9,374,208,166,17,11,6
55117105,67,38,29,0,8,9,5,3,1,2,1,13,1,9,9,1,1,1,0,14,10,4,17,7,10,0,0,0,34,19,15,1,1,0
55117106,92,52,40,2,14,6,11,2,1,15,0,16,1,8,9,1,3,2,1,14,10,4,31,17,14,0,0,0,42,22,20,2,1,1
0119410,0,0,0,0,0,0,0,0,0,0,0,0,0,0,0,0,0,0,0,0,0,0,0,0,0,0,0,0,0,0,0,0,0,0
0119590,0,0,0,0,0,0,0,0,0,0,0,0,0,0,0,0,0,0,0,0,0,0,0,0,0,0,0,0,0,0,0,0,0,0
55121002,442,242,200,3,70,50,47,6,8,26,17,82,25,38,50,1,8,6,2,62,42,20,143,68,75,8,1,7,216,122,94,5,3,2
55121003,39,21,18,2,7,6,5,2,2,0,0,7,1,2,3,0,3,1,2,15,11,4,14,6,8,0,0,0,7,3,4,0,0,0
55121004,89,45,44,1,14,6,14,3,7,3,3,13,2,6,7,0,4,2,2,20,13,7,35,16,19,2,2,0,28,12,16,0,0,0
55114701,2740,1460,1280,30,435,193,332,161,96,188,74,401,177,248,247,4,131,69,62,652,406,246,936,447,489,39,19,20,920,479,441,62,40,22
55114702,2946,1535,1411,21,455,171,359,163,90,228,94,472,142,250,336,16,100,48,52,607,361,246,987,463,524,58,17,41,1131,599,532,63,47,16
55114704,256,147,109,7,46,20,30,11,8,20,9,38,11,19,25,3,14,6,8,38,27,11,98,51,47,4,2,2,95,55,40,7,6,1
55122801,676,343,333,8,80,45,69,24,17,72,21,121,36,81,69,3,20,8,12,73,46,27,195,96,99,13,2,11,357,180,177,18,11,7
55122803,1903,1019,884,22,260,131,192,72,52,183,52,349,109,199,178,10,49,33,16,248,148,100,572,283,289,32,10,22,952,504,448,50,41,9
55122804,723,387,336,4,88,48,76,16,29,84,24,136,34,76,60,1,13,5,8,71,44,27,226,126,100,22,7,15,377,197,180,14,8,6
55122805,290,152,138,2,43,24,35,8,6,31,4,49,23,29,24,3,6,5,1,43,21,22,93,46,47,7,1,6,133,74,59,8,5,3
55122807,44,23,21,1,7,4,6,1,1,4,1,6,0,8,2,1,3,2,1,8,4,4,13,6,7,0,0,0,20,11,9,0,0,0
55122809,415,226,189,2,69,38,54,10,7,28,5,67,28,48,26,5,10,7,3,80,55,25,145,61,84,9,5,4,163,92,71,8,6,2
0113800,0,0,0,0,0,0,0,0,0,0,0,0,0,0,0,0,0,0,0,0,0,0,0,0,0,0,0,0,0,0,0,0,0,0
55100701,821,436,385,3,107,35,74,40,32,65,14,123,127,92,60,3,27,13,14,135,78,57,307,147,160,12,4,8,323,183,140,17,11,6
55100702,1124,595,529,11,160,70,116,62,32,143,43,177,60,108,86,9,40,13,27,208,116,92,386,206,180,28,11,17,442,235,207,20,14,6
55100703,50,37,13,0,5,17,7,1,4,0,0,11,1,1,1,1,3,2,1,14,12,2,12,6,6,3,2,1,8,6,2,10,9,1
55100704,2473,1362,1111,16,325,131,271,94,75,357,80,443,118,255,189,9,81,48,33,302,176,126,767,405,362,50,24,26,1220,669,551,53,40,13
55100705,1853,1018,835,11,238,103,178,70,58,265,47,348,77,188,153,11,49,28,21,221,131,90,567,302,265,43,13,30,927,512,415,46,32,14
55100706,766,421,345,6,83,37,68,20,35,149,29,163,28,49,57,2,23,11,12,75,58,17,226,105,121,13,4,9,407,235,172,22,8,14
55100707,2495,1309,1186,19,389,138,271,101,94,320,76,406,110,224,208,15,103,48,55,435,243,192,780,399,381,46,16,30,1059,555,504,72,48,24
55100708,549,291,258,10,85,36,60,24,22,49,11,98,27,40,52,1,27,15,12,94,56,38,163,77,86,14,6,8,243,132,111,8,5,3
55100709,39,35,4,0,5,30,0,1,0,0,0,2,0,1,0,0,1,1,0,20,19,1,13,11,2,0,0,0,2,1,1,3,3,0
55100710,487,315,172,9,68,21,39,21,23,88,8,101,8,59,21,7,8,3,5,45,26,19,156,101,55,8,3,5,252,170,82,18,12,6
55100711,1069,587,482,3,132,64,115,51,26,191,35,177,57,89,71,3,42,21,21,140,90,50,341,178,163,19,10,9,493,269,224,34,19,15
55100713,2070,1101,969,19,239,112,217,78,63,318,73,358,127,188,166,10,60,34,26,251,151,100,589,289,300,21,9,12,1105,590,515,44,28,16
55100714,267,145,122,0,36,16,24,19,14,34,9,54,7,21,17,1,13,6,7,43,26,17,84,42,42,2,0,2,117,66,51,8,5,3
55100715,895,491,404,12,118,40,98,30,30,111,23,153,42,90,80,6,30,17,13,76,45,31,293,160,133,24,9,15,446,245,201,26,15,11
55100716,555,309,246,5,65,22,70,13,23,118,20,107,21,45,29,3,12,7,5,51,32,19,168,92,76,9,4,5,300,162,138,15,12,3
55100717,19,10,9,0,5,4,2,0,0,2,0,4,1,1,0,0,4,1,3,2,2,0,4,3,1,0,0,0,7,3,4,2,1,1
55100718,27,14,13,2,2,3,3,2,1,0,1,7,0,4,2,0,4,4,0,2,0,2,13,7,6,0,0,0,8,3,5,0,0,0
55100719,796,457,339,3,104,38,68,18,24,162,40,157,32,42,81,2,9,6,3,41,29,12,181,99,82,10,2,8,542,310,232,13,11,2
55100720,67,36,31,1,6,2,9,1,0,11,7,15,1,3,6,0,1,0,1,1,0,1,18,12,6,1,0,1,44,22,22,2,2,0
55100721,241,133,108,0,52,8,22,8,10,38,12,39,8,20,12,3,10,7,3,28,17,11,68,34,34,2,1,1,122,65,57,11,9,2
0124750,0,0,0,0,0,0,0,0,0,0,0,0,0,0,0,0,0,0,0,0,0,0,0,0,0,0,0,0,0,0,0,0,0,0
55128701,75,41,34,2,18,4,12,4,2,4,2,5,4,7,8,0,1,1,0,23,19,4,27,9,18,1,1,0,22,10,12,1,1,0
55128702,929,498,431,11,183,65,108,53,45,47,21,136,53,75,74,3,31,19,12,191,117,74,367,182,185,18,6,12,309,167,142,13,7,6
55128703,1190,641,549,8,214,90,181,63,29,71,25,181,76,95,110,3,40,23,17,234,141,93,451,232,219,28,5,23,418,233,185,19,7,12
55128704,347,196,151,1,66,31,39,22,8,19,10,54,20,20,29,0,19,13,6,83,60,23,125,56,69,10,2,8,108,64,44,2,1,1
55128706,2997,1579,1418,24,595,155,387,204,73,232,98,401,231,236,231,6,124,60,64,671,396,275,1068,521,547,67,22,45,989,529,460,78,51,27
55128707,45,18,27,0,7,1,5,1,1,2,0,4,7,3,8,0,1,1,0,6,2,4,17,8,9,1,0,1,20,7,13,0,0,0
55128708,751,387,364,8,123,40,109,40,27,87,20,120,45,48,57,1,29,16,13,89,63,26,274,121,153,12,5,7,336,176,160,11,6,5
55128709,53,25,28,1,7,3,0,2,2,2,4,19,3,4,5,0,2,0,2,7,3,4,9,3,6,2,1,1,32,18,14,1,0,1
55128710,5470,2902,2568,44,1089,332,736,314,186,458,164,741,341,403,416,21,251,128,123,1259,762,497,1997,972,1025,139,44,95,1711,928,783,113,68,45
55128711,313,189,124,4,144,37,19,17,5,6,0,38,5,4,8,10,36,17,19,68,45,23,80,40,40,10,6,4,42,25,17,77,56,21
55128712,490,273,217,7,101,58,57,26,19,23,8,56,20,44,36,3,44,32,12,124,82,42,155,77,78,10,4,6,151,76,75,6,2,4
55128714,1174,630,544,13,204,70,150,67,37,82,39,161,65,121,106,4,39,21,18,186,127,59,406,198,208,25,13,12,490,258,232,28,13,15
0125720,0,0,0,0,0,0,0,0,0,0,0,0,0,0,0,0,0,0,0,0,0,0,0,0,0,0,0,0,0,0,0,0,0,0
55125201,510,283,227,3,81,37,55,25,13,61,12,76,28,40,49,2,24,13,11,87,53,34,151,88,63,12,2,10,230,122,108,6,5,1
55125202,31,16,15,0,3,3,0,4,2,1,0,15,0,0,1,2,4,2,2,6,5,1,8,5,3,1,0,1,2,1,1,10,3,7
55125203,422,222,200,5,72,32,44,29,16,29,12,65,20,43,26,3,19,9,10,88,61,27,147,71,76,8,3,5,150,71,79,10,7,3
55125204,120,76,44,2,30,7,9,6,2,9,1,24,4,8,11,1,11,8,3,36,20,16,36,24,12,2,1,1,30,19,11,5,4,1
55125205,78,45,33,1,19,4,14,3,1,5,2,17,2,4,1,2,5,0,5,22,16,6,25,13,12,4,2,2,21,13,8,1,1,0
55125206,591,322,269,7,103,58,66,35,21,32,18,84,34,58,39,2,22,10,12,139,91,48,203,113,90,9,1,8,192,89,103,26,18,8
55125207,892,480,412,8,182,63,97,56,27,80,16,130,33,70,83,5,34,21,13,216,128,88,293,149,144,16,1,15,315,170,145,18,11,7
55125208,130,72,58,2,25,13,19,8,1,10,2,20,6,11,10,1,5,2,3,24,20,4,49,23,26,2,0,2,47,24,23,3,3,0
55125209,43,24,19,4,9,1,8,2,2,2,1,6,0,5,2,0,0,0,0,15,8,7,12,7,5,0,0,0,12,5,7,4,4,0
55125210,514,270,244,5,99,40,56,19,19,37,15,85,11,43,51,4,14,4,10,100,67,33,164,74,90,14,5,9,206,111,95,16,9,7
55123602,1736,917,819,11,239,94,185,42,33,270,62,307,116,171,144,5,28,17,11,118,83,35,491,239,252,39,11,28,1025,541,484,35,26,9
55123603,421,223,198,6,78,29,51,15,13,33,5,65,17,35,50,3,13,9,4,65,41,24,132,63,69,8,3,5,194,100,94,9,7,2
55123604,34,24,10,1,8,4,7,1,1,2,0,1,1,4,3,1,2,2,0,2,1,1,12,9,3,1,0,1,14,10,4,3,2,1
55123605,1111,588,523,5,146,87,125,57,32,93,41,166,84,117,93,3,40,22,18,211,116,95,381,187,194,23,8,15,442,246,196,14,9,5
3308170,0,0,0,0,0,0,0,0,0,0,0,0,0,0,0,0,0,0,0,0,0,0,0,0,0,0,0,0,0,0,0,0,0,0
55111201,562,311,251,6,73,36,75,25,17,57,18,85,23,55,55,2,15,8,7,76,47,29,214,113,101,10,5,5,239,132,107,8,6,2
55111202,3727,1882,1845,22,604,207,441,211,129,315,121,539,232,329,420,15,159,85,74,750,415,335,1269,601,668,90,26,64,1380,701,679,79,54,25
55111203,1531,773,758,18,238,91,172,80,49,141,51,213,78,124,193,5,62,33,29,308,181,127,548,255,293,37,15,22,550,272,278,26,17,9
55142201,313,175,138,2,53,30,44,11,11,19,7,43,20,34,30,1,8,8,0,68,47,21,111,57,54,3,2,1,114,57,57,9,4,5
55124401,1805,927,878,21,308,114,221,90,64,141,61,262,119,173,145,7,81,37,44,375,236,139,630,278,352,35,8,27,639,338,301,45,30,15
55124402,23,14,9,1,3,2,1,1,1,1,0,3,2,5,1,1,0,0,0,5,4,1,3,3,0,3,2,1,10,4,6,2,1,1
55124403,25,13,12,1,5,0,4,0,1,2,1,5,1,1,2,0,3,1,2,6,4,2,4,2,2,0,0,0,10,5,5,2,1,1
55124405,1282,685,597,12,195,69,126,60,29,149,36,234,81,139,99,5,41,24,17,144,85,59,413,214,199,24,7,17,624,333,291,36,22,14
55124406,1609,874,735,11,249,104,159,76,48,155,43,267,83,157,156,8,50,28,22,223,138,85,531,276,255,35,17,18,743,398,345,27,17,10
55124407,849,462,387,9,156,65,103,44,19,47,26,134,37,77,77,7,31,19,12,144,96,48,286,137,149,20,8,12,356,194,162,12,8,4
55124408,803,438,365,6,141,45,96,45,33,89,29,116,42,67,45,6,33,17,16,190,112,78,268,133,135,17,5,12,253,142,111,42,29,13
55124409,321,174,147,2,52,19,35,13,13,29,11,51,14,29,37,0,7,4,3,44,29,15,117,60,57,5,3,2,147,78,69,1,0,1
55124411,237,133,104,1,40,23,28,16,13,11,1,39,13,23,16,0,8,5,3,35,26,9,84,45,39,5,1,4,97,52,45,8,4,4
55124412,342,181,161,0,64,25,32,24,4,37,7,57,15,28,30,3,6,2,4,60,39,21,135,68,67,4,1,3,130,65,65,7,6,1
55124413,430,232,198,4,83,46,36,9,8,28,10,75,23,51,40,1,9,6,3,56,32,24,124,70,54,10,4,6,226,117,109,5,3,2
3132890,0,0,0,0,0,0,0,0,0,0,0,0,0,0,0,0,0,0,0,0,0,0,0,0,0,0,0,0,0,0,0,0,0,0
55103101,1076,576,500,5,174,83,116,29,41,109,27,174,60,92,106,6,42,25,17,143,87,56,355,175,180,18,5,13,496,275,221,22,9,13
55103102,1136,630,506,11,191,135,123,60,40,122,24,184,33,76,66,7,99,55,44,241,138,103,357,196,161,20,7,13,374,203,171,45,31,14
55103103,264,155,109,3,40,29,42,10,14,16,11,38,15,11,16,1,18,11,7,65,46,19,83,42,41,11,6,5,86,49,37,1,1,0
55103104,1271,749,522,51,221,83,147,70,38,160,33,189,36,99,72,8,76,43,33,200,125,75,401,227,174,21,9,12,476,262,214,97,83,14
55103105,3043,1593,1450,22,489,178,342,180,109,257,83,463,208,289,252,14,111,53,58,588,363,225,1055,522,533,69,25,44,1111,558,553,109,72,37
55103106,1763,920,843,17,242,93,225,50,37,200,53,314,94,180,165,6,56,34,22,207,124,83,564,282,282,30,10,20,863,439,424,43,31,12
55103107,253,131,122,2,35,21,25,9,9,21,7,33,9,43,23,1,10,2,8,53,36,17,83,44,39,5,3,2,96,43,53,6,3,3
55103108,2033,1057,976,17,316,120,204,75,55,200,65,360,123,201,190,4,55,27,28,279,171,108,704,340,364,51,21,30,907,477,430,37,21,16
55103109,800,414,386,12,151,50,77,35,20,62,31,130,45,72,70,4,19,10,9,122,72,50,273,129,144,21,5,16,352,190,162,13,8,5
55103110,1306,673,633,15,214,86,157,32,29,93,32,249,63,160,114,7,40,24,16,154,98,56,359,157,202,30,6,24,697,375,322,26,13,13
55103111,1096,566,530,14,150,64,118,65,52,85,43,164,79,99,99,8,48,24,24,220,132,88,390,185,205,20,8,12,391,201,190,27,16,11
55103112,1249,661,588,13,177,73,122,48,43,115,39,235,69,140,107,5,39,19,20,183,119,64,390,177,213,24,13,11,591,319,272,22,14,8
55103113,1742,919,823,10,253,104,208,87,70,174,69,287,97,169,127,10,62,36,26,254,146,108,584,306,278,39,13,26,768,394,374,35,24,11
55103114,2531,1309,1222,21,357,149,266,101,92,234,80,465,135,233,239,12,78,39,39,376,226,150,827,414,413,57,17,40,1142,584,558,51,29,22
55103115,1433,760,673,8,212,76,148,81,46,153,48,250,75,125,126,4,53,28,25,216,133,83,450,240,210,34,14,20,646,322,324,34,23,11
55103116,610,322,288,4,78,36,71,17,18,58,18,111,41,66,58,4,19,11,8,82,49,33,168,76,92,10,6,4,320,172,148,11,8,3
55103117,1100,607,493,10,120,49,116,27,44,148,43,230,51,105,85,8,21,12,9,95,55,40,323,174,149,32,13,19,598,331,267,31,22,9
55103118,10,9,1,0,0,0,0,0,0,0,0,0,6,0,0,0,1,0,1,1,1,0,8,8,0,0,0,0,0,0,0,0,0,0
55103119,193,114,79,2,34,16,17,8,18,26,7,33,5,8,7,2,19,12,7,29,17,12,58,32,26,7,4,3,59,35,24,21,14,7
55103120,1475,784,691,19,204,120,148,69,61,203,55,261,66,85,107,13,109,59,50,271,153,118,403,206,197,27,13,14,581,304,277,84,49,35
55103121,802,475,327,8,188,78,52,37,23,101,21,124,17,41,55,14,96,50,46,225,147,78,201,116,85,20,9,11,225,131,94,35,22,13
55103122,233,118,115,3,44,10,27,10,14,26,2,42,10,17,11,5,22,13,9,76,44,32,67,37,30,5,2,3,54,20,34,9,2,7
55129502,890,474,416,7,172,68,129,56,27,56,21,117,56,69,69,7,51,22,29,259,167,92,325,164,161,16,6,10,215,99,116,24,16,8
55129503,107,58,49,1,21,3,18,11,6,4,2,13,3,11,8,1,7,3,4,25,16,9,39,23,16,3,2,1,31,13,18,2,1,1
55129504,1353,755,598,12,302,77,219,69,66,93,36,179,68,81,61,13,57,36,21,278,176,102,472,245,227,29,8,21,461,253,208,56,37,19
55129505,18,12,6,0,8,5,0,1,0,0,0,1,0,1,2,0,0,0,0,8,8,0,4,1,3,0,0,0,6,3,3,0,0,0
55129506,300,171,129,2,63,40,48,21,6,12,8,31,10,23,19,2,19,13,6,90,64,26,89,48,41,5,0,5,87,39,48,10,7,3
55129507,1759,932,827,16,362,132,254,117,68,88,46,235,128,129,103,6,113,61,52,487,283,204,622,290,332,43,17,26,456,253,203,38,28,10
55129508,317,171,146,3,71,31,50,21,11,24,10,45,7,13,15,5,13,7,6,52,40,12,112,51,61,6,2,4,117,61,56,17,10,7
55129509,561,311,250,6,125,31,99,33,22,42,22,76,23,19,32,5,28,17,11,78,44,34,220,134,86,15,5,10,202,96,106,18,15,3
55129510,789,456,333,7,165,39,124,29,21,109,46,118,28,32,40,2,27,14,13,68,47,21,253,147,106,10,4,6,402,227,175,29,17,12
0120500,0,0,0,0,0,0,0,0,0,0,0,0,0,0,0,0,0,0,0,0,0,0,0,0,0,0,0,0,0,0,0,0,0,0
3308090,0,0,0,0,0,0,0,0,0,0,0,0,0,0,0,0,0,0,0,0,0,0,0,0,0,0,0,0,0,0,0,0,0,0
55109101,698,383,315,10,142,65,92,39,25,54,16,91,21,47,62,4,38,20,18,168,107,61,235,116,119,16,7,9,228,126,102,13,7,6
55109102,665,350,315,3,88,36,75,26,20,93,28,109,27,44,93,1,12,8,4,70,47,23,224,111,113,22,8,14,314,156,158,23,20,3
55109103,1456,756,700,13,259,79,217,124,56,78,29,191,99,115,134,8,67,34,33,437,264,173,519,250,269,24,4,20,375,182,193,34,22,12
55109105,3434,1757,1677,23,628,193,404,214,122,232,115,476,212,266,349,19,160,68,92,898,537,361,1250,577,673,72,21,51,969,501,468,85,53,32
0101890,0,0,0,0,0,0,0,0,0,0,0,0,0,0,0,0,0,0,0,0,0,0,0,0,0,0,0,0,0,0,0,0,0,0
0102430,0,0,0,0,0,0,0,0,0,0,0,0,0,0,0,0,0,0,0,0,0,0,0,0,0,0,0,0,0,0,0,0,0,0
0106850,0,0,0,0,0,0,0,0,0,0,0,0,0,0,0,0,0,0,0,0,0,0,0,0,0,0,0,0,0,0,0,0,0,0
55097301,713,400,313,2,72,32,75,26,63,77,15,139,33,53,40,10,26,17,9,108,73,35,233,133,100,12,3,9,306,159,147,28,15,13
55097302,820,470,350,3,117,33,78,35,49,109,20,155,24,58,46,8,44,21,23,81,49,32,273,158,115,18,11,7,352,191,161,52,40,12
55097303,1086,587,499,9,123,58,117,45,76,102,38,195,35,76,78,18,62,35,27,177,105,72,343,185,158,22,10,12,427,227,200,55,25,30
55097304,386,208,178,1,66,25,31,13,15,41,4,69,19,31,42,1,27,23,4,44,31,13,107,49,58,5,3,2,194,95,99,9,7,2
55097305,1792,977,815,10,289,110,190,73,80,232,60,297,68,121,135,14,108,59,49,301,174,127,528,280,248,40,13,27,764,416,348,51,35,16
55097307,1569,835,734,16,212,96,128,61,49,199,62,312,56,137,167,12,43,22,21,204,118,86,433,223,210,25,10,15,795,416,379,69,46,23
55097308,3845,2620,1225,74,649,400,431,276,225,292,73,674,87,164,208,94,333,242,91,794,599,195,842,537,305,56,22,34,1011,575,436,809,645,164
55097309,923,491,432,12,131,52,101,52,50,127,24,151,40,65,64,8,38,20,18,168,110,58,287,150,137,23,10,13,375,183,192,32,18,14
55097310,797,430,367,5,96,31,66,29,28,116,19,135,37,106,63,5,25,12,13,74,47,27,220,115,105,11,5,6,446,237,209,21,14,7
55097311,294,166,128,1,39,26,29,7,14,32,11,52,9,30,27,3,7,3,4,29,19,10,88,42,46,4,2,2,158,95,63,8,5,3
55097312,20,13,7,0,3,3,6,3,0,0,0,1,1,0,1,0,2,2,0,4,3,1,11,6,5,0,0,0,3,2,1,0,0,0
55097313,1366,743,623,14,231,68,135,76,35,184,46,238,54,118,105,3,42,20,22,213,132,81,447,248,199,34,7,27,582,307,275,48,29,19
55097314,34,28,6,0,5,0,3,5,1,10,2,5,0,2,1,0,0,0,0,6,6,0,6,5,1,0,0,0,22,17,5,0,0,0
55097315,1862,1035,827,20,277,105,186,92,60,227,62,310,90,163,172,12,65,30,35,259,151,108,586,321,265,35,15,20,844,463,381,73,55,18
55097316,1127,611,516,3,149,72,111,36,26,156,40,204,49,100,111,4,30,14,16,114,78,36,286,153,133,20,7,13,650,340,310,27,19,8
55097317,447,244,203,4,68,40,48,16,10,55,15,68,13,40,43,5,13,7,6,59,37,22,118,65,53,11,6,5,211,106,105,35,23,12
55097319,83,44,39,0,4,4,13,1,3,11,7,16,3,3,14,0,0,0,0,5,3,2,33,16,17,2,0,2,41,24,17,2,1,1
55097320,333,190,143,3,40,24,32,14,7,32,8,78,15,28,39,3,8,3,5,22,17,5,75,41,34,13,7,6,204,113,91,11,9,2
55097321,55,27,28,1,3,6,4,4,0,1,2,9,3,8,3,1,2,2,0,6,5,1,20,6,14,2,1,1,23,11,12,2,2,0
55097323,247,127,120,1,24,13,24,12,16,15,9,56,11,29,25,1,10,2,8,25,14,11,75,40,35,3,0,3,126,66,60,8,5,3
55097324,266,144,122,3,24,10,10,14,4,34,19,57,7,38,26,4,4,2,2,13,8,5,86,48,38,4,3,1,152,80,72,7,3,4
55097325,921,499,422,9,105,50,63,23,42,87,16,197,52,109,109,5,24,20,4,47,31,16,220,123,97,14,6,8,602,313,289,14,6,8
55097326,632,341,291,11,89,32,44,15,26,51,15,133,28,78,70,2,11,5,6,39,22,17,160,84,76,12,5,7,403,221,182,7,4,3
55097327,799,429,370,12,97,52,64,11,21,76,21,167,28,98,114,2,18,9,9,49,31,18,216,106,110,11,4,7,493,272,221,12,7,5
55097328,19,13,6,0,3,3,1,3,0,2,0,2,3,0,1,0,0,0,0,3,3,0,7,5,2,0,0,0,9,5,4,0,0,0
55097329,1996,1093,903,15,241,108,200,75,66,268,50,380,126,180,149,11,51,24,27,249,158,91,659,352,307,50,10,40,922,506,416,65,43,22
55097330,3230,1752,1478,22,352,185,296,120,112,445,84,631,157,353,254,13,77,45,32,385,227,158,955,519,436,60,25,35,1660,872,788,93,64,29
55097331,1288,712,576,12,164,59,101,47,54,201,48,244,65,98,95,7,46,31,15,137,87,50,381,210,171,26,12,14,648,335,313,50,37,13
55097332,2405,1296,1109,24,258,111,199,83,85,348,72,472,135,243,176,20,58,27,31,260,168,92,707,355,352,47,17,30,1275,695,580,58,34,24
55097333,3074,1650,1424,19,294,163,248,91,141,456,72,656,135,312,269,15,89,48,41,243,159,84,870,468,402,54,16,38,1718,893,825,100,66,34
55097334,492,257,235,4,79,51,33,18,22,47,13,114,17,33,25,13,67,24,43,97,59,38,114,65,49,18,6,12,167,81,86,29,22,7
55097335,752,450,302,23,219,58,62,31,37,85,20,90,19,27,28,6,74,40,34,172,104,68,223,131,92,24,15,9,217,132,85,42,28,14
55097336,37,17,20,2,11,2,3,0,2,3,2,3,6,0,3,0,1,0,1,5,4,1,10,7,3,2,0,2,18,6,12,1,0,1
55097337,448,278,170,4,78,62,36,13,33,53,6,80,11,20,17,15,60,34,26,104,70,34,113,70,43,13,4,9,125,83,42,33,17,16
55097338,1148,653,495,11,163,64,103,54,51,178,37,194,44,69,79,11,50,30,20,144,91,53,348,198,150,22,8,14,529,289,240,55,37,18
55097339,1399,757,642,15,169,73,108,28,96,208,56,266,46,115,78,10,60,34,26,166,99,67,363,194,169,41,17,24,711,373,338,58,40,18
55097340,23,13,10,0,4,0,4,2,2,1,3,4,1,0,0,0,0,0,0,1,1,0,9,5,4,2,2,0,10,4,6,1,1,0
55097341,765,485,280,4,246,61,67,41,42,65,15,108,12,25,37,8,48,23,25,240,179,61,227,140,87,22,9,13,189,101,88,39,33,6
55097342,685,411,274,12,123,38,71,29,44,90,19,120,14,32,27,12,74,45,29,122,79,43,248,142,106,16,9,7,196,115,81,29,21,8
55097343,746,413,333,7,112,60,59,39,51,99,37,115,26,43,47,12,35,23,12,129,74,55,250,139,111,16,3,13,284,152,132,32,22,10
55097344,172,106,66,1,27,20,14,12,5,30,2,32,7,6,9,3,22,13,9,25,16,9,42,23,19,3,1,2,57,38,19,23,15,8
0121900,0,0,0,0,0,0,0,0,0,0,0,0,0,0,0,0,0,0,0,0,0,0,0,0,0,0,0,0,0,0,0,0,0,0
55130901,22,13,9,1,5,3,2,3,1,0,1,1,1,0,3,1,0,0,0,3,2,1,9,6,3,3,1,2,3,1,2,4,3,1
55130902,1361,739,622,30,274,115,185,103,64,67,39,150,69,102,106,5,49,28,21,402,263,139,501,240,261,32,11,21,348,182,166,29,15,14
55130904,736,396,340,10,154,56,110,43,18,45,17,90,31,52,58,9,20,8,12,213,131,82,243,120,123,10,5,5,214,109,105,36,23,13
55130905,55,36,19,30,5,4,5,1,0,1,3,3,0,0,0,2,0,0,0,25,19,6,13,8,5,3,1,2,12,6,6,2,2,0
55130906,170,98,72,6,35,17,30,20,4,4,1,18,8,6,10,1,11,6,5,64,43,21,58,28,30,1,0,1,29,16,13,7,5,2
55130907,626,330,296,10,112,63,97,41,21,30,10,77,38,51,54,3,26,13,13,140,86,54,248,125,123,18,3,15,185,98,87,9,5,4
55143101,506,270,236,16,89,31,62,17,14,37,19,82,33,29,49,1,19,8,11,56,38,18,152,78,74,7,1,6,264,139,125,8,6,2
55127901,6525,3435,3090,40,1297,343,796,388,207,464,175,835,447,583,626,33,270,124,146,1436,876,560,2462,1167,1295,147,65,82,2085,1124,961,125,79,46
55099001,11,9,2,0,4,1,1,0,1,0,0,0,1,2,1,0,1,1,0,3,3,0,5,4,1,0,0,0,1,1,0,1,0,1
55099002,998,533,465,12,149,50,103,40,26,125,22,156,61,120,83,1,24,6,18,148,88,60,317,157,160,18,10,8,468,256,212,23,16,7
55099003,712,384,328,9,92,44,66,28,22,116,17,118,47,56,69,3,15,11,4,80,51,29,230,121,109,12,6,6,365,187,178,10,8,2
55099004,871,480,391,7,113,59,91,35,29,120,28,144,40,71,77,9,17,9,8,103,67,36,294,166,128,12,3,9,436,228,208,9,7,2
55099005,1491,828,663,15,211,86,148,56,35,196,47,251,85,149,127,10,47,32,15,186,119,67,498,263,235,30,11,19,704,386,318,26,17,9
55099006,940,497,443,9,121,52,102,43,33,92,38,156,66,100,69,7,22,14,8,189,116,73,326,164,162,25,9,16,362,186,176,16,8,8
55099007,579,310,269,1,62,29,42,21,11,64,11,97,35,98,71,2,14,8,6,36,26,10,148,79,69,11,4,7,361,186,175,9,7,2
55099008,1201,647,554,8,136,62,152,39,60,163,33,201,36,125,106,9,29,16,13,121,70,51,366,193,173,29,8,21,631,341,290,25,19,6
55099009,1308,696,612,10,165,87,149,48,50,139,33,231,74,132,110,5,51,24,27,233,143,90,392,205,187,33,12,21,564,291,273,35,21,14
55099010,332,183,149,1,46,22,25,10,9,29,12,77,17,33,34,0,10,5,5,26,21,5,81,40,41,4,2,2,209,113,96,2,2,0
55099011,1127,604,523,10,133,70,108,26,34,116,40,220,66,115,120,11,25,9,16,142,93,49,329,167,162,27,9,18,585,313,272,19,13,6
55099012,1014,523,491,5,130,62,98,46,37,130,20,198,42,92,77,4,25,14,11,113,68,45,302,158,144,21,4,17,536,269,267,17,10,7
55099013,613,342,271,6,88,27,68,22,17,67,12,125,28,63,55,5,15,10,5,82,52,30,168,99,69,9,2,7,328,172,156,11,7,4
3132460,0,0,0,0,0,0,0,0,0,0,0,0,0,0,0,0,0,0,0,0,0,0,0,0,0,0,0,0,0,0,0,0,0,0
3132540,0,0,0,0,0,0,0,0,0,0,0,0,0,0,0,0,0,0,0,0,0,0,0,0,0,0,0,0,0,0,0,0,0,0
3132620,0,0,0,0,0,0,0,0,0,0,0,0,0,0,0,0,0,0,0,0,0,0,0,0,0,0,0,0,0,0,0,0,0,0
55136801,1291,695,596,10,211,76,141,57,40,202,57,170,63,91,132,4,27,14,13,126,77,49,432,230,202,41,13,28,642,344,298,23,17,6
55136802,2118,1146,972,25,356,149,261,71,53,156,83,316,121,212,212,9,51,32,19,443,270,173,677,348,329,41,12,29,879,466,413,27,18,9
55105801,805,421,384,6,133,46,95,31,32,65,17,142,30,79,79,5,24,8,16,118,68,50,254,127,127,17,8,9,372,197,175,20,13,7
55105802,697,380,317,2,139,49,74,35,17,72,22,104,36,63,44,5,22,12,10,123,78,45,236,128,108,20,9,11,283,144,139,13,9,4
55105803,1513,827,686,15,267,95,176,69,46,148,42,229,71,131,126,8,52,28,24,213,140,73,466,246,220,43,16,27,692,361,331,47,36,11
55105804,35,21,14,0,6,3,4,2,1,3,0,9,3,1,1,0,0,0,0,10,5,5,9,6,3,0,0,0,16,10,6,0,0,0
55105805,1479,810,669,18,253,123,176,79,49,115,28,220,69,130,125,7,80,49,31,267,165,102,493,257,236,42,15,27,558,293,265,39,31,8
55105806,1468,759,709,10,294,70,200,109,64,86,48,186,107,111,116,7,84,52,32,422,254,168,493,223,270,34,6,28,398,201,197,37,23,14
55105807,290,164,126,3,72,19,37,10,11,27,5,38,15,29,19,0,20,12,8,62,38,24,88,46,42,5,1,4,95,52,43,20,15,5
55105808,1783,1001,782,18,348,127,209,86,58,162,39,264,69,140,161,10,93,55,38,326,198,128,566,330,236,35,16,19,708,366,342,55,36,19
55105809,16,10,6,0,4,0,3,0,1,0,0,6,0,0,0,0,2,0,2,10,6,4,3,3,0,0,0,0,1,1,0,0,0,0
55105810,130,78,52,1,29,20,17,4,1,10,0,26,6,5,5,1,6,3,3,24,14,10,48,27,21,2,2,0,45,28,17,5,4,1
55105811,915,481,434,7,175,62,99,64,55,57,20,140,39,65,76,9,42,18,24,232,136,96,307,167,140,16,4,12,280,130,150,38,26,12
55105812,1397,808,589,14,301,88,198,69,62,91,38,182,71,113,93,11,96,60,36,263,165,98,508,277,231,26,12,14,443,252,191,61,42,19
55105813,505,276,229,8,107,35,73,42,15,30,9,70,23,33,32,7,44,24,20,183,109,74,144,71,73,6,1,5,111,61,50,17,10,7
55105814,951,504,447,12,164,67,110,51,43,79,30,143,35,76,78,5,57,33,24,217,132,85,309,159,150,15,2,13,310,155,155,43,23,20
58279401,676,368,308,14,121,65,74,38,13,59,18,81,36,63,60,5,22,11,11,132,94,38,214,102,112,13,6,7,277,146,131,18,9,9
58280801,307,177,130,5,81,25,29,24,8,12,5,26,21,25,32,2,19,13,6,102,70,32,96,49,47,8,1,7,74,40,34,8,4,4
58280802,116,60,56,0,19,10,16,2,7,10,6,14,11,7,7,0,3,1,2,21,15,6,42,19,23,2,0,2,47,25,22,1,0,1
58132101,77,44,33,4,25,6,12,5,3,3,0,6,1,2,5,2,3,2,1,34,20,14,23,13,10,1,0,1,12,7,5,4,2,2
58132102,22,14,8,6,5,1,2,0,0,2,0,0,0,1,1,1,3,2,1,5,2,3,13,9,4,0,0,0,1,1,0,0,0,0
58282401,2011,1060,951,34,344,131,213,75,59,184,47,298,110,223,180,14,75,50,25,320,206,114,627,307,320,39,15,24,911,458,453,39,24,15
58283201,92,49,43,6,29,7,8,7,0,2,0,7,5,5,16,0,1,0,1,42,24,18,23,14,9,3,0,3,14,6,8,9,5,4
58284101,596,341,255,21,140,67,71,39,16,29,16,37,27,62,46,5,18,9,9,183,130,53,200,94,106,16,3,13,161,94,67,18,11,7
58285901,1111,637,474,52,313,123,153,102,33,25,16,97,41,57,54,13,58,27,31,484,319,165,363,184,179,15,5,10,153,83,70,38,19,19
59531401,140,82,58,4,37,18,13,7,2,6,5,15,5,7,15,0,3,2,1,47,35,12,54,25,29,5,1,4,27,17,10,4,2,2
59531402,39,22,17,2,13,2,2,0,1,0,0,6,4,4,4,1,1,1,0,11,6,5,17,10,7,0,0,0,10,5,5,0,0,0
59533101,54,30,24,5,20,5,13,2,0,0,0,1,1,3,3,1,2,1,1,21,17,4,22,10,12,3,0,3,5,1,4,1,1,0
58287501,108,56,52,5,28,13,10,6,3,2,0,10,6,11,8,1,2,2,0,30,20,10,40,16,24,4,3,1,30,14,16,2,1,1
59383401,310,182,128,22,90,29,31,32,11,6,3,30,13,19,11,4,15,10,5,143,93,50,88,44,44,5,2,3,46,23,23,13,10,3
58288301,335,194,141,10,127,23,42,15,6,8,7,21,17,23,25,1,14,8,6,146,95,51,107,53,54,6,3,3,48,26,22,14,9,5
58140201,126,73,53,8,46,11,13,5,5,3,0,11,7,8,5,0,3,2,1,60,44,16,38,17,21,0,0,0,23,9,14,2,1,1
58142901,270,145,125,11,55,16,24,18,2,19,7,42,20,26,21,1,3,1,2,61,45,16,85,38,47,10,2,8,104,53,51,7,6,1
58142902,268,144,124,6,78,15,30,12,4,27,12,27,11,17,17,2,6,2,4,71,48,23,96,46,50,9,1,8,80,44,36,6,3,3
58289101,169,92,77,3,51,15,17,16,8,6,5,13,10,11,6,0,5,5,0,59,38,21,53,27,26,2,1,1,44,17,27,6,4,2
58143701,35,21,14,4,7,1,2,1,2,3,2,6,2,1,2,0,1,1,0,10,7,3,13,8,5,0,0,0,11,5,6,0,0,0
55027201,320,186,134,12,78,36,45,38,7,6,1,21,16,28,16,3,19,10,9,135,85,50,93,47,46,3,1,2,55,32,23,15,11,4
58291301,949,526,423,21,310,89,82,45,24,50,17,107,44,68,58,5,44,23,21,313,210,103,348,170,178,13,4,9,203,100,103,28,19,9
59544601,69,37,32,14,27,3,4,3,2,0,0,2,4,5,1,1,5,1,4,36,24,12,22,10,12,0,0,0,6,2,4,0,0,0
58292101,557,298,259,4,104,36,81,23,23,28,11,89,39,42,41,5,12,6,6,75,54,21,190,95,95,14,7,7,253,131,122,13,5,8
58293001,216,122,94,1,66,14,27,20,4,5,5,17,18,10,22,0,6,1,5,82,52,30,80,42,38,6,2,4,33,18,15,9,7,2
58294801,526,303,223,29,167,41,56,31,13,18,4,38,31,35,39,4,23,14,9,183,132,51,192,90,102,5,0,5,102,52,50,21,15,6
58295601,50,26,24,2,11,3,11,4,2,1,0,5,1,5,1,1,1,1,0,16,10,6,18,8,10,0,0,0,12,5,7,3,2,1
58295602,1087,636,451,29,307,151,139,79,25,31,12,89,58,55,65,17,66,36,30,411,279,132,335,167,168,16,3,13,163,85,78,96,66,30
58295603,89,54,35,3,23,9,10,7,3,6,4,5,5,3,7,1,5,2,3,27,19,8,35,20,15,4,1,3,14,9,5,4,3,1
59552701,26,15,11,0,8,2,4,4,0,0,0,3,0,2,2,0,0,0,0,7,4,3,12,9,3,0,0,0,7,2,5,0,0,0
59552702,481,261,220,14,149,44,55,21,13,13,13,33,32,41,38,2,18,9,9,170,113,57,169,84,85,14,3,11,97,44,53,13,8,5
59552703,37,19,18,1,7,3,3,1,1,3,1,4,2,7,2,0,0,0,0,12,8,4,13,5,8,2,0,2,8,5,3,2,1,1
59552704,99,60,39,2,31,9,15,8,1,3,2,6,7,5,7,1,2,1,1,30,21,9,46,25,21,5,4,1,14,7,7,2,2,0
58296401,343,207,136,14,119,31,33,13,13,8,6,20,21,25,28,0,12,9,3,125,87,38,103,57,46,4,0,4,74,34,40,25,20,5
59555101,377,205,172,9,108,40,32,19,16,9,5,21,35,32,37,4,16,8,8,130,78,52,131,63,68,8,3,5,88,52,36,4,1,3
59556001,51,34,17,6,15,11,4,2,1,0,0,2,1,1,6,1,2,1,1,26,23,3,15,8,7,3,0,3,4,1,3,1,1,0
58297201,1029,569,460,28,296,76,115,40,30,65,26,118,47,84,57,4,31,18,13,230,149,81,394,203,191,15,7,8,336,174,162,23,18,5
58299901,352,193,159,6,69,26,51,12,10,39,13,53,18,17,27,3,15,8,7,65,45,20,113,52,61,6,2,4,142,81,61,11,5,6
58301401,81,47,34,1,24,6,7,9,3,6,2,4,5,8,5,1,1,1,0,25,17,8,26,14,12,3,0,3,21,11,10,5,4,1
58301402,28,14,14,1,8,4,3,0,2,0,0,2,5,2,0,0,1,0,1,12,8,4,9,4,5,0,0,0,5,2,3,1,0,1
58302201,148,89,59,7,36,6,14,17,2,4,6,17,15,9,10,0,2,1,1,49,35,14,52,29,23,6,4,2,36,17,19,3,3,0
58157701,54,30,24,4,14,4,8,1,2,1,1,1,4,6,4,1,0,0,0,17,12,5,21,13,8,0,0,0,15,4,11,1,1,0
58303101,630,357,273,10,140,53,104,30,18,61,17,62,25,37,36,7,31,15,16,188,129,59,213,108,105,10,1,9,165,90,75,23,14,9
59566701,15,8,7,1,4,0,1,3,0,0,0,3,1,1,1,0,0,0,0,9,4,5,5,3,2,0,0,0,0,0,0,1,1,0
59566702,124,76,48,7,40,14,10,5,1,2,1,10,12,7,13,0,3,3,0,46,31,15,44,25,19,1,1,0,30,16,14,0,0,0
58305701,433,243,190,10,116,33,36,23,8,31,20,63,25,21,31,3,9,5,4,123,79,44,139,70,69,6,2,4,144,80,64,12,7,5
58305702,9,5,4,0,3,0,2,1,0,1,0,1,0,0,1,0,0,0,0,3,2,1,4,2,2,0,0,0,2,1,1,0,0,0
58306501,341,183,158,11,115,30,37,21,7,8,7,32,15,23,24,4,8,5,3,130,90,40,133,54,79,7,2,5,53,25,28,10,7,3
0488440,0,0,0,0,0,0,0,0,0,0,0,0,0,0,0,0,0,0,0,0,0,0,0,0,0,0,0,0,0,0,0,0,0,0
58308102,33,16,17,2,15,0,1,4,0,0,0,4,2,1,3,0,5,2,3,13,7,6,9,5,4,2,0,2,3,1,2,1,1,0
58308103,934,500,434,11,263,56,115,61,21,58,26,93,50,84,66,5,40,15,25,288,194,94,311,146,165,18,4,14,254,129,125,23,12,11
58308104,773,412,361,22,218,60,95,52,29,29,17,83,36,55,51,6,61,23,38,306,183,123,236,113,123,15,7,8,124,66,58,31,20,11
58309001,188,101,87,5,45,23,19,17,1,8,6,16,6,10,23,2,9,3,6,49,30,19,71,39,32,2,0,2,53,27,26,4,2,2
58311101,521,293,228,9,129,56,45,28,10,24,17,55,34,45,45,3,20,13,7,149,94,55,200,100,100,8,3,5,134,77,57,10,6,4
58451701,358,201,157,49,86,33,32,23,15,9,4,26,15,30,15,5,17,10,7,138,87,51,113,60,53,2,1,1,64,28,36,24,15,9
0558080,0,0,0,0,0,0,0,0,0,0,0,0,0,0,0,0,0,0,0,0,0,0,0,0,0,0,0,0,0,0,0,0,0,0
3040420,0,0,0,0,0,0,0,0,0,0,0,0,0,0,0,0,0,0,0,0,0,0,0,0,0,0,0,0,0,0,0,0,0,0
58312002,24,12,12,1,10,1,4,1,1,0,0,1,1,1,2,1,0,0,0,11,7,4,12,4,8,0,0,0,0,0,0,1,1,0
58312003,135,77,58,2,42,11,8,14,2,11,0,10,8,12,6,1,3,1,2,55,40,15,49,20,29,4,3,1,21,11,10,3,2,1
58312004,126,73,53,8,31,21,10,8,4,1,3,11,1,9,14,0,3,0,3,61,45,16,39,16,23,2,1,1,19,10,9,2,1,1
58312005,15,10,5,0,8,1,1,0,2,0,1,0,0,0,0,0,1,0,1,4,3,1,6,5,1,1,0,1,2,1,1,1,1,0
58312006,324,170,154,6,92,28,39,31,8,5,6,22,18,27,24,2,13,10,3,136,84,52,108,51,57,6,0,6,54,20,34,7,5,2
58312007,238,142,96,9,62,16,44,9,7,23,3,9,19,15,12,2,14,11,3,68,48,20,91,48,43,6,0,6,56,34,22,3,1,2
58312009,296,168,128,5,86,29,41,26,8,12,4,24,11,18,23,0,6,4,2,109,69,40,130,71,59,4,0,4,36,16,20,11,8,3
58312010,170,95,75,5,64,16,14,14,5,7,1,10,8,11,12,2,6,2,4,74,52,22,59,28,31,6,1,5,23,11,12,2,1,1
58312011,261,136,125,1,64,23,24,20,5,6,6,25,17,32,29,1,9,5,4,77,46,31,95,40,55,3,0,3,67,38,29,10,7,3
58312012,233,127,106,5,52,17,42,17,12,9,4,21,10,9,28,1,14,4,10,77,57,20,81,31,50,3,1,2,50,29,21,8,5,3
58312013,692,392,300,12,175,43,94,54,23,15,8,54,30,67,91,9,34,18,16,239,163,76,258,129,129,19,5,14,107,52,55,35,25,10
58312014,547,294,253,17,142,40,74,24,12,26,13,52,31,49,48,1,13,5,8,140,96,44,195,104,91,12,5,7,165,75,90,22,9,13
58312015,47,29,18,5,11,4,4,4,2,0,0,4,6,3,2,1,3,2,1,12,10,2,14,5,9,3,2,1,11,8,3,4,2,2
58312016,450,242,208,9,114,42,53,30,20,14,6,32,23,38,48,8,27,11,16,153,99,54,148,68,80,9,1,8,70,34,36,43,29,14
58312017,578,319,259,3,149,38,92,34,14,22,10,44,31,57,63,3,21,10,11,202,127,75,193,96,97,13,5,8,130,68,62,19,13,6
58312018,447,240,207,7,126,38,51,31,12,13,13,40,23,38,24,7,26,14,12,144,89,55,162,80,82,5,2,3,104,50,54,6,5,1
58312019,55,31,24,2,9,4,11,4,1,0,0,4,3,4,9,1,3,2,1,10,7,3,23,11,12,0,0,0,16,9,7,3,2,1
58315402,171,101,70,10,37,14,27,14,6,2,6,9,17,7,9,4,4,1,3,60,43,17,68,37,31,3,0,3,26,13,13,10,7,3
58317101,416,229,187,8,62,28,57,24,15,24,15,55,20,37,42,3,15,9,6,76,52,24,122,57,65,9,1,8,174,98,76,20,12,8
58318901,478,264,214,17,131,43,70,13,9,20,12,43,34,32,34,1,15,8,7,155,97,58,183,99,84,12,2,10,103,52,51,10,6,4
59583701,92,54,38,3,25,8,7,6,2,6,3,8,4,7,6,1,1,0,1,32,25,7,32,13,19,1,0,1,23,13,10,3,3,0
59583702,52,30,22,1,15,7,11,1,0,0,1,5,2,3,5,0,4,2,2,18,11,7,14,8,6,2,2,0,14,7,7,0,0,0
58319701,565,299,266,16,136,44,54,16,6,47,16,78,32,49,49,4,13,5,8,87,52,35,186,89,97,13,4,9,247,138,109,19,11,8
58790701,125,72,53,13,38,7,12,7,1,5,1,9,8,10,11,1,2,1,1,35,26,9,48,29,19,5,1,4,30,12,18,5,3,2
58320101,289,158,131,5,75,24,27,21,6,6,5,27,31,27,24,1,5,3,2,102,66,36,113,50,63,9,3,6,58,34,24,2,2,0
58321901,563,304,259,9,117,47,96,36,23,32,15,56,31,45,36,1,16,7,9,153,99,54,218,109,109,14,2,12,142,76,66,20,11,9
58322701,16,8,8,2,1,2,1,3,1,1,1,1,0,1,1,0,1,0,1,5,2,3,5,4,1,2,1,1,3,1,2,0,0,0
58322702,311,177,134,18,108,24,29,16,6,14,12,30,9,14,17,3,5,2,3,113,75,38,110,57,53,3,2,1,68,35,33,12,6,6
58323501,239,136,103,5,69,24,27,15,14,5,3,22,10,15,22,0,18,7,11,90,66,24,80,35,45,6,2,4,42,23,19,3,3,0
59593401,104,69,35,2,31,5,16,5,2,7,2,12,7,7,4,2,3,3,0,32,22,10,42,26,16,1,0,1,22,14,8,4,4,0
58324301,190,109,81,24,43,25,28,14,6,2,6,17,9,4,5,2,11,3,8,83,57,26,49,27,22,3,0,3,20,8,12,24,14,10
3401890,0,0,0,0,0,0,0,0,0,0,0,0,0,0,0,0,0,0,0,0,0,0,0,0,0,0,0,0,0,0,0,0,0,0
58325101,1870,986,884,17,445,112,204,66,50,162,59,228,130,160,146,12,70,42,28,325,193,132,661,319,342,41,8,33,731,393,338,42,31,11
58325103,949,503,446,13,270,59,108,58,26,51,22,102,50,66,72,5,43,19,24,256,161,95,378,196,182,19,9,10,225,103,122,28,15,13
58325105,261,143,118,1,53,8,32,11,7,15,11,41,18,23,28,2,10,6,4,46,30,16,87,42,45,6,1,5,103,59,44,9,5,4
58325106,1430,756,674,22,433,82,187,52,40,90,35,155,77,111,92,11,72,32,40,343,211,132,533,269,264,33,10,23,378,192,186,71,42,29
58325108,238,233,5,2,108,6,0,21,29,0,0,58,8,0,1,5,70,69,1,104,104,0,46,45,1,9,9,0,6,5,1,3,1,2
58325109,299,158,141,4,66,12,33,11,12,22,9,40,20,25,29,2,6,3,3,39,26,13,115,56,59,4,1,3,130,70,60,5,2,3
58325111,63,45,18,0,32,12,4,0,0,2,1,9,1,1,0,1,2,2,0,17,13,4,22,15,7,4,3,1,14,9,5,4,3,1
58325112,807,397,410,9,244,35,97,28,28,27,17,98,56,74,66,3,35,20,15,200,110,90,307,142,165,23,7,16,215,106,109,27,12,15
59598502,61,32,29,4,16,4,10,5,6,1,1,3,2,3,3,1,2,1,1,29,18,11,18,8,10,2,0,2,9,4,5,1,1,0
59599302,84,42,42,7,25,9,8,2,1,2,2,8,5,6,7,1,8,4,4,22,13,9,30,11,19,5,2,3,16,9,7,3,3,0
58326001,30,20,10,4,7,2,3,2,1,0,0,2,1,6,2,0,1,0,1,5,5,0,16,12,4,1,0,1,7,3,4,0,0,0
58326003,329,174,155,10,103,25,37,11,6,10,7,30,20,19,36,3,6,2,4,97,65,32,123,61,62,21,5,16,74,37,37,8,4,4
58327801,110,64,46,1,31,10,4,16,6,4,3,19,1,8,6,0,8,3,5,47,30,17,34,20,14,0,0,0,18,9,9,3,2,1
58328601,969,529,440,23,179,79,125,39,20,64,33,140,56,92,74,3,29,17,12,186,123,63,308,148,160,18,7,11,406,220,186,22,14,8
58329401,135,75,60,1,43,8,17,8,1,8,2,14,12,5,9,1,2,1,1,33,19,14,48,25,23,5,2,3,44,26,18,3,2,1
58330801,67,41,26,3,19,5,7,5,0,3,0,8,2,7,4,1,0,0,0,28,17,11,23,15,8,0,0,0,14,7,7,2,2,0
59437701,253,152,101,35,75,19,27,28,5,3,3,15,14,10,11,1,14,8,6,118,82,36,64,32,32,4,1,3,37,17,20,16,12,4
58197601,38,21,17,3,15,2,0,1,3,2,0,1,2,5,1,0,1,0,1,10,7,3,17,12,5,1,0,1,9,2,7,0,0,0
58197602,32,19,13,4,7,7,3,0,0,0,1,4,3,0,2,0,1,1,0,14,9,5,10,5,5,2,1,1,5,3,2,0,0,0
58197603,23,15,8,6,8,0,4,0,1,0,0,1,1,0,1,0,0,0,0,10,8,2,11,7,4,1,0,1,1,0,1,0,0,0
58197604,645,364,281,16,191,68,57,33,17,16,13,51,37,74,41,9,24,16,8,236,148,88,216,112,104,9,3,6,145,74,71,15,11,4
58331601,271,143,128,5,82,30,30,11,6,8,2,21,15,27,20,4,9,5,4,97,60,37,94,45,49,8,4,4,53,24,29,10,5,5
59607801,23,10,13,5,8,1,3,1,0,1,0,0,4,0,0,0,1,0,1,9,5,4,4,2,2,1,1,0,8,2,6,0,0,0
58332401,308,165,143,10,80,27,24,25,7,15,2,31,19,29,31,1,15,6,9,104,69,35,102,54,48,6,0,6,74,32,42,7,4,3
58333201,400,217,183,24,108,33,56,39,3,12,8,36,19,26,25,4,14,10,4,141,91,50,149,71,78,5,0,5,62,29,33,29,16,13
58334101,406,221,185,11,132,25,37,10,13,16,12,48,21,40,21,3,12,7,5,113,72,41,164,89,75,5,0,5,99,43,56,13,10,3
58334102,86,45,41,0,34,10,4,2,1,4,1,11,5,3,8,0,1,0,1,34,24,10,31,13,18,3,1,2,14,6,8,3,1,2
58335901,258,145,113,11,73,14,24,25,8,13,3,17,7,24,28,5,11,7,4,104,73,31,90,37,53,3,0,3,35,17,18,15,11,4
58336701,415,241,174,12,126,43,46,25,2,18,15,36,16,19,36,8,24,13,11,163,111,52,115,57,58,7,3,4,66,31,35,40,26,14
58337501,244,136,108,4,74,25,31,14,7,5,6,27,11,11,16,1,13,7,6,97,64,33,87,41,46,1,0,1,33,12,21,13,12,1
58338301,965,524,441,21,286,85,145,73,19,22,29,75,42,68,60,7,41,19,22,381,237,144,335,161,174,18,3,15,157,81,76,33,23,10
58338302,22,11,11,2,10,1,4,1,1,0,0,1,0,0,1,0,2,1,1,10,7,3,6,2,4,2,1,1,0,0,0,2,0,2
3257670,0,0,0,0,0,0,0,0,0,0,0,0,0,0,0,0,0,0,0,0,0,0,0,0,0,0,0,0,0,0,0,0,0,0
58339101,2676,1544,1132,54,715,277,370,166,95,128,61,294,118,123,166,20,144,79,65,703,462,241,889,468,421,61,23,38,698,368,330,181,144,37
58339103,329,175,154,3,58,37,60,24,10,25,6,45,12,7,24,4,16,9,7,61,39,22,114,51,63,11,4,7,88,41,47,39,31,8
58340501,42,20,22,0,11,3,4,4,2,1,2,1,2,4,7,0,2,1,1,19,11,8,16,7,9,0,0,0,5,1,4,0,0,0
58340502,440,216,224,6,119,34,46,14,12,22,13,58,36,43,26,1,20,9,11,125,73,52,169,78,91,4,3,1,117,52,65,5,1,4
58340503,910,494,416,8,256,60,118,54,32,42,14,116,48,69,52,5,45,26,19,314,185,129,285,147,138,14,5,9,215,108,107,37,23,14
58341301,15,10,5,1,1,0,2,3,0,0,1,3,0,3,0,0,0,0,0,3,3,0,8,4,4,0,0,0,4,3,1,0,0,0
58341302,577,322,255,5,77,31,84,25,16,101,39,70,22,36,52,2,10,7,3,41,23,18,191,98,93,19,6,13,296,174,122,20,14,6
58341303,1364,717,647,22,241,134,200,68,39,86,51,159,64,112,130,7,44,19,25,241,158,83,457,225,232,26,9,17,560,283,277,36,23,13
58342101,447,242,205,24,102,38,64,40,5,18,3,42,27,32,33,3,16,9,7,148,94,54,155,79,76,14,1,13,88,45,43,26,14,12
58342102,22,13,9,0,4,2,7,2,1,1,0,3,0,1,1,0,1,0,1,9,5,4,8,6,2,1,0,1,3,2,1,0,0,0
58343001,548,289,259,19,127,50,86,14,15,25,12,68,32,34,44,1,15,11,4,116,77,39,196,91,105,14,3,11,185,92,93,22,15,7
58344801,545,311,234,13,147,68,64,38,9,21,16,45,37,33,30,9,24,12,12,206,134,72,196,97,99,10,5,5,90,51,39,19,12,7
58345601,100,59,41,0,21,11,10,2,5,3,2,14,4,9,12,0,3,2,1,31,19,12,34,22,12,1,0,1,29,14,15,2,2,0
58345602,341,181,160,4,61,33,50,16,9,19,4,42,17,21,46,2,9,3,6,94,52,42,131,73,58,5,2,3,98,48,50,4,3,1
59617501,586,322,264,14,192,45,67,21,23,10,11,34,40,51,50,6,27,16,11,199,137,62,206,97,109,12,5,7,130,64,66,12,3,9
59617502,27,15,12,0,9,0,3,0,0,3,0,2,1,3,3,0,0,0,0,8,6,2,10,4,6,1,1,0,7,3,4,1,1,0
58346402,31,17,14,3,7,2,2,4,1,0,1,0,3,1,5,0,0,0,0,9,7,2,13,5,8,0,0,0,8,4,4,1,1,0
58347201,165,84,81,9,47,11,22,13,7,3,3,21,9,7,5,3,9,4,5,66,40,26,54,24,30,0,0,0,24,10,14,12,6,6
58348101,463,246,217,14,104,51,48,21,12,28,9,42,25,45,42,5,17,8,9,143,93,50,162,79,83,11,2,9,118,58,60,12,6,6
58349901,157,85,72,6,59,11,14,9,3,3,1,15,9,9,12,0,6,3,3,70,44,26,47,24,23,2,0,2,26,10,16,6,4,2
59619101,119,63,56,9,40,6,6,11,3,2,0,9,6,15,11,0,2,1,1,40,30,10,40,16,24,3,1,2,33,15,18,1,0,1
58472001,686,396,290,27,186,79,88,42,16,30,9,55,34,50,43,4,17,7,10,291,196,95,205,99,106,18,6,12,130,72,58,25,16,9
58350201,396,211,185,11,124,32,42,20,10,12,5,32,30,31,35,4,23,12,11,168,98,70,110,56,54,6,2,4,77,37,40,12,6,6
58351101,335,183,152,37,77,41,45,20,6,9,6,20,19,30,17,0,4,3,1,116,80,36,109,50,59,5,1,4,73,32,41,28,17,11
58352901,132,78,54,8,46,8,11,21,4,3,2,11,4,3,5,4,7,4,3,50,32,18,27,11,16,0,0,0,11,4,7,37,27,10
58353701,788,434,354,11,183,61,93,34,16,37,24,104,48,71,65,4,19,11,8,188,135,53,296,147,149,14,2,12,249,131,118,22,8,14
58212301,54,29,25,4,22,3,5,2,0,0,2,4,2,3,4,0,2,1,1,20,13,7,18,8,10,1,0,1,12,6,6,1,1,0
59630201,20,13,7,3,6,1,0,0,0,1,1,4,2,1,0,0,1,0,1,6,5,1,8,4,4,0,0,0,5,4,1,0,0,0
59630202,43,25,18,5,13,5,1,1,0,4,1,2,1,2,8,0,2,0,2,11,8,3,20,10,10,1,0,1,8,6,2,1,1,0
59630203,88,49,39,6,30,8,8,3,5,2,0,6,6,9,4,0,0,0,0,32,23,9,37,21,16,2,0,2,15,5,10,2,0,2
58354501,462,261,201,13,93,42,60,25,15,24,8,51,20,36,47,3,12,5,7,119,75,44,169,94,75,6,0,6,138,74,64,18,13,5
58355301,562,323,239,25,155,38,60,60,26,17,12,55,21,29,42,5,31,17,14,215,150,65,184,87,97,7,3,4,98,50,48,27,16,11
58356101,1327,745,582,34,359,132,181,93,42,44,28,129,66,72,100,13,49,28,21,443,299,144,489,231,258,23,5,18,280,154,126,43,28,15
58217401,62,39,23,1,27,15,3,3,0,0,1,4,3,3,2,0,0,0,0,29,23,6,23,14,9,1,0,1,8,2,6,1,0,1
58358801,301,179,122,3,94,22,30,19,3,9,5,28,23,25,26,5,24,15,9,89,63,26,117,64,53,3,0,3,59,31,28,9,6,3
58358802,735,426,309,16,254,75,77,42,30,15,9,43,45,46,60,2,40,24,16,344,214,130,228,123,105,14,3,11,91,48,43,18,14,4
58358803,92,51,41,2,32,9,12,2,3,5,2,4,7,4,7,1,2,1,1,38,24,14,31,14,17,1,1,0,14,6,8,6,5,1
58358805,61,35,26,0,21,1,10,3,2,2,2,3,4,2,6,3,2,2,0,22,13,9,20,14,6,3,1,2,9,4,5,5,1,4
58358806,29,15,14,0,11,3,2,0,0,0,3,2,2,2,4,0,2,2,0,8,5,3,8,3,5,2,0,2,9,5,4,0,0,0
58358807,1148,659,489,17,404,101,110,59,30,48,15,94,67,88,75,10,51,28,23,447,296,151,375,196,179,26,3,23,183,95,88,66,41,25
58359601,896,493,403,10,180,59,87,43,29,64,21,151,50,68,86,4,22,12,10,203,127,76,305,154,151,20,9,11,327,177,150,19,14,5
58359602,19,11,8,0,3,1,4,1,0,0,0,4,2,1,0,0,1,1,0,3,2,1,8,5,3,0,0,0,7,3,4,0,0,0
58360001,420,236,184,22,86,27,59,27,11,25,7,47,16,38,39,1,18,12,6,146,92,54,136,70,66,6,0,6,106,56,50,8,6,2
50669901,188,101,87,7,33,24,32,13,4,6,1,21,20,9,8,0,13,8,5,41,25,16,77,39,38,4,2,2,50,25,25,3,2,1
58476202,349,203,146,38,58,34,29,43,40,13,5,24,20,15,7,4,27,15,12,162,110,52,101,46,55,6,0,6,31,17,14,22,15,7
59640001,8,6,2,0,4,1,0,0,0,1,0,2,0,0,0,0,0,0,0,1,1,0,4,3,1,1,0,1,2,2,0,0,0,0
59640002,30,20,10,5,11,6,2,0,0,0,0,0,0,3,2,0,1,0,1,18,14,4,7,4,3,1,0,1,2,1,1,1,1,0
59640003,17,10,7,0,4,3,2,0,1,1,1,0,0,1,3,1,0,0,0,4,3,1,10,6,4,1,0,1,2,1,1,0,0,0
59640004,27,15,12,1,7,6,1,2,0,0,1,3,1,1,3,0,1,0,1,12,10,2,10,3,7,0,0,0,4,2,2,0,0,0
3258050,0,0,0,0,0,0,0,0,0,0,0,0,0,0,0,0,0,0,0,0,0,0,0,0,0,0,0,0,0,0,0,0,0,0
58363401,721,409,312,15,140,68,88,34,19,55,17,87,42,70,54,3,14,5,9,185,128,57,252,132,120,15,3,12,236,130,106,19,11,8
3398900,0,0,0,0,0,0,0,0,0,0,0,0,0,0,0,0,0,0,0,0,0,0,0,0,0,0,0,0,0,0,0,0,0,0
58480101,161,96,65,15,39,21,24,20,4,6,3,8,4,5,6,3,9,3,6,68,44,24,58,33,25,2,1,1,18,10,8,6,5,1
58480102,117,70,47,18,28,13,8,9,8,6,0,12,4,4,1,0,15,8,7,55,35,20,25,17,8,0,0,0,16,7,9,6,3,3
58480103,2246,1226,1020,60,545,175,293,326,72,111,52,206,112,118,89,12,115,60,55,816,514,302,738,340,398,30,7,23,450,241,209,97,64,33
58480104,141,79,62,8,46,13,15,14,6,5,4,10,1,5,8,4,5,4,1,64,43,21,45,17,28,3,1,2,9,5,4,15,9,6
54973801,188,102,86,10,36,14,31,17,7,8,4,19,5,11,20,0,8,3,5,51,32,19,72,37,35,5,0,5,42,23,19,10,7,3
58365101,172,85,87,6,22,18,29,13,7,7,5,21,9,12,13,1,6,2,4,50,30,20,55,27,28,2,0,2,56,25,31,3,1,2
58366901,108,66,42,3,23,10,13,4,7,8,3,11,8,4,9,0,4,3,1,32,22,10,42,21,21,2,1,1,25,16,9,3,3,0
58366902,290,165,125,1,66,24,37,22,9,13,8,33,14,19,25,6,10,4,6,95,66,29,121,64,57,5,0,5,44,21,23,15,10,5
58366903,574,303,271,4,100,47,74,25,23,68,22,68,21,42,53,0,6,3,3,72,50,22,212,109,103,19,3,16,255,131,124,10,7,3
58367701,1104,603,501,25,278,93,143,48,34,58,22,133,62,81,83,6,28,18,10,333,205,128,378,195,183,18,8,10,318,156,162,29,21,8
58368501,451,258,193,24,99,50,59,40,12,19,8,42,27,22,36,0,23,10,13,156,107,49,168,85,83,6,2,4,93,50,43,5,4,1
58369301,325,197,128,11,99,32,39,28,4,9,7,33,21,13,19,2,16,9,7,129,94,35,93,45,48,3,0,3,49,24,25,35,25,10
58370701,454,261,193,17,108,47,46,31,16,18,7,41,23,36,38,5,15,6,9,167,121,46,162,82,80,7,0,7,91,44,47,12,8,4
58370702,12,7,5,1,2,3,4,0,0,0,0,0,2,0,0,0,0,0,0,7,5,2,4,1,3,0,0,0,1,1,0,0,0,0
54974601,690,391,299,15,189,73,84,38,13,24,12,62,37,58,52,8,33,18,15,207,135,72,248,130,118,13,4,9,146,72,74,43,32,11
58484301,492,286,206,32,136,35,52,46,12,13,10,36,31,31,35,4,16,8,8,217,144,73,140,72,68,12,3,9,92,50,42,15,9,6
58371501,275,161,114,9,66,18,33,27,6,11,6,19,28,19,27,0,7,2,5,90,65,25,101,58,43,6,1,5,65,32,33,6,3,3
58372301,243,126,117,5,74,9,28,15,6,8,3,24,25,14,21,1,8,4,4,84,54,30,83,35,48,7,0,7,52,27,25,9,6,3
58372302,30,17,13,1,9,1,3,6,0,0,1,2,0,2,3,0,5,2,3,11,6,5,7,6,1,1,0,1,4,1,3,2,2,0
58373101,419,240,179,22,134,39,45,33,5,12,15,29,23,21,24,1,21,11,10,178,122,56,149,71,78,4,4,0,55,25,30,12,7,5
58374001,410,234,176,10,97,37,42,30,8,16,4,38,19,36,50,4,15,8,7,149,104,45,128,64,64,6,0,6,89,42,47,23,16,7
58375801,37,24,13,0,12,2,4,3,1,2,0,4,0,2,1,1,4,1,3,7,4,3,18,15,3,2,0,2,6,4,2,0,0,0
58375802,2069,1115,954,29,468,127,329,142,60,139,68,239,105,118,163,12,90,36,54,543,341,202,713,354,359,44,12,32,609,331,278,70,41,29
58376601,768,424,344,31,183,74,114,58,20,30,12,77,24,44,57,8,40,24,16,280,184,96,245,111,134,14,5,9,158,77,81,31,23,8
58225501,108,68,40,8,36,7,10,10,5,2,0,8,6,9,3,1,1,1,0,48,29,19,33,24,9,2,0,2,22,13,9,2,1,1
58377401,592,323,269,4,125,49,80,36,16,28,17,85,48,41,38,4,15,7,8,138,81,57,219,113,106,14,3,11,187,107,80,19,12,7
58226301,112,62,50,8,31,8,7,6,3,2,0,12,14,10,10,0,3,1,2,40,28,12,32,15,17,3,0,3,27,14,13,7,4,3
59658201,35,25,10,5,11,7,2,2,1,0,0,2,0,1,2,1,2,1,1,15,13,2,11,6,5,2,1,1,2,2,0,3,2,1
1412590,0,0,0,0,0,0,0,0,0,0,0,0,0,0,0,0,0,0,0,0,0,0,0,0,0,0,0,0,0,0,0,0,0,0
1413130,0,0,0,0,0,0,0,0,0,0,0,0,0,0,0,0,0,0,0,0,0,0,0,0,0,0,0,0,0,0,0,0,0,0
1413480,0,0,0,0,0,0,0,0,0,0,0,0,0,0,0,0,0,0,0,0,0,0,0,0,0,0,0,0,0,0,0,0,0,0
3400650,0,0,0,0,0,0,0,0,0,0,0,0,0,0,0,0,0,0,0,0,0,0,0,0,0,0,0,0,0,0,0,0,0,0
58378201,23,12,11,0,3,1,6,0,0,3,2,3,1,1,2,0,1,0,1,2,2,0,7,4,3,0,0,0,13,6,7,0,0,0
58378202,300,169,131,9,75,17,40,14,5,17,9,29,21,24,24,0,19,14,5,81,52,29,106,57,49,4,1,3,86,43,43,4,2,2
58378203,645,355,290,7,167,44,76,27,26,38,23,65,45,54,51,2,14,8,6,168,115,53,248,111,137,13,3,10,190,109,81,12,9,3
58378204,713,372,341,9,159,37,85,46,26,55,18,70,55,54,70,5,30,15,15,208,119,89,251,122,129,13,1,12,190,103,87,21,12,9
58378205,26,16,10,2,10,1,2,0,1,1,1,3,1,0,3,0,4,1,3,10,6,4,7,5,2,1,1,0,2,1,1,2,2,0
58378209,601,329,272,6,137,39,70,35,28,37,17,68,51,41,53,0,20,13,7,156,93,63,206,112,94,18,5,13,186,94,92,15,12,3
58378210,34,15,19,0,9,3,3,1,1,2,1,5,4,2,2,0,0,0,0,15,9,6,10,4,6,0,0,0,8,2,6,1,0,1
58378211,182,96,86,2,45,14,26,5,8,9,3,13,10,16,19,1,11,6,5,38,25,13,79,36,43,3,2,1,48,25,23,3,2,1
58378212,397,221,176,7,102,29,51,21,8,37,9,39,19,26,34,1,13,9,4,105,65,40,139,74,65,11,6,5,121,61,60,8,6,2
58378213,481,277,204,2,117,35,52,27,16,33,7,46,30,39,42,7,19,10,9,146,91,55,178,97,81,7,3,4,112,62,50,19,14,5
58379101,541,308,233,11,109,57,55,20,14,33,16,74,33,47,40,7,13,7,6,114,72,42,166,87,79,14,3,11,215,126,89,19,13,6
58380401,187,108,79,15,48,16,18,11,5,3,3,15,18,11,13,1,8,5,3,60,45,15,69,35,34,3,1,2,38,16,22,9,6,3
58382101,418,218,200,9,94,29,37,11,5,40,10,62,26,48,27,4,10,8,2,78,47,31,149,69,80,4,3,1,166,84,82,11,7,4
58383901,1054,580,474,52,257,74,124,43,37,45,26,107,65,88,90,9,43,22,21,290,195,95,371,191,180,16,4,12,294,144,150,40,24,16
54978901,205,116,89,7,40,27,29,15,8,6,4,33,8,7,12,3,6,4,2,52,37,15,82,38,44,5,2,3,54,31,23,6,4,2
59669801,22,12,10,0,15,1,0,2,0,0,0,1,0,1,1,0,3,1,2,9,7,2,6,2,4,0,0,0,4,2,2,0,0,0
59166101,164,102,62,18,41,19,17,12,3,1,2,14,14,6,9,1,9,6,3,77,54,23,46,26,20,1,0,1,22,11,11,9,5,4
58384701,340,187,153,13,91,26,46,13,5,15,7,31,20,33,24,3,17,11,6,93,63,30,128,67,61,8,3,5,86,39,47,8,4,4
58385501,412,236,176,12,93,31,54,27,9,17,5,44,35,39,28,0,14,7,7,130,89,41,152,74,78,8,5,3,102,57,45,6,4,2
3316780,0,0,0,0,0,0,0,0,0,0,0,0,0,0,0,0,0,0,0,0,0,0,0,0,0,0,0,0,0,0,0,0,0,0
58386301,525,295,230,12,164,47,49,30,11,18,7,60,34,42,31,3,13,5,8,169,106,63,187,96,91,16,4,12,118,68,50,22,16,6
54529501,87,52,35,3,19,10,10,6,4,2,2,10,5,3,6,0,2,2,0,33,22,11,35,19,16,1,0,1,11,6,5,5,3,2
54989402,27,15,12,4,10,0,2,0,1,1,0,3,1,2,3,0,1,1,0,13,9,4,8,3,5,0,0,0,4,2,2,1,0,1
58388001,316,170,146,16,75,24,45,17,16,12,6,35,7,25,23,3,7,2,5,101,67,34,115,56,59,4,1,3,69,30,39,20,14,6
58389801,1214,664,550,25,268,110,144,98,23,66,26,125,65,92,108,13,39,16,23,334,224,110,440,208,232,23,4,19,344,189,155,34,23,11
58390101,187,105,82,11,81,9,24,9,4,5,0,13,12,4,8,1,6,3,3,65,41,24,76,38,38,3,1,2,30,17,13,7,5,2
58237901,52,28,24,3,22,2,1,3,2,1,0,2,1,5,6,0,0,0,0,23,16,7,17,8,9,2,0,2,8,3,5,2,1,1
58237902,18,11,7,1,9,1,0,1,1,0,0,1,1,0,3,0,0,0,0,7,5,2,5,3,2,0,0,0,6,3,3,0,0,0
58391001,1473,817,656,37,293,101,193,120,25,83,29,155,103,111,154,11,37,27,10,353,240,113,561,282,279,25,11,14,467,238,229,30,19,11
58392801,226,124,102,4,86,12,21,19,4,4,2,18,10,22,15,4,6,3,3,89,53,36,75,41,34,3,0,3,42,20,22,11,7,4
58245002,55,34,21,8,20,3,7,3,0,1,0,2,4,3,1,1,2,0,2,28,20,8,12,5,7,1,0,1,10,8,2,2,1,1
58393601,950,552,398,21,226,67,147,74,21,60,44,103,40,59,62,2,28,16,12,238,163,75,337,177,160,22,12,10,273,144,129,52,40,12
58394401,169,95,74,3,56,15,19,12,4,6,1,18,7,9,12,3,5,2,3,52,35,17,74,38,36,2,0,2,30,17,13,6,3,3
3135210,0,0,0,0,0,0,0,0,0,0,0,0,0,0,0,0,0,0,0,0,0,0,0,0,0,0,0,0,0,0,0,0,0,0
3402430,0,0,0,0,0,0,0,0,0,0,0,0,0,0,0,0,0,0,0,0,0,0,0,0,0,0,0,0,0,0,0,0,0,0
58395201,165,99,66,8,38,13,29,6,8,6,0,15,13,11,10,1,4,2,2,48,33,15,63,32,31,1,0,1,45,29,16,4,3,1
58395203,775,432,343,17,181,62,102,48,19,36,16,93,31,75,49,6,44,23,21,181,118,63,275,140,135,12,3,9,236,128,108,27,20,7
58395205,32,20,12,0,14,3,4,1,0,2,2,5,0,0,1,0,1,1,0,8,6,2,13,5,8,1,1,0,5,3,2,4,4,0
58395206,1572,858,714,18,371,105,202,105,26,107,39,203,100,112,116,7,73,42,31,317,203,114,578,286,292,39,16,23,497,266,231,68,45,23
58395207,843,453,390,6,217,61,109,60,24,47,21,89,41,73,55,2,36,20,16,185,117,68,326,160,166,20,9,11,260,137,123,16,10,6
58395208,601,331,270,7,110,53,72,37,20,37,13,86,33,47,52,2,32,18,14,177,118,59,204,97,107,3,1,2,173,89,84,12,8,4
58396101,250,139,111,6,78,30,16,8,9,6,3,15,17,24,22,3,2,0,2,88,62,26,98,45,53,4,1,3,49,25,24,9,6,3
59490301,131,79,52,14,37,16,11,18,0,3,5,13,2,2,7,0,12,6,6,53,33,20,42,23,19,3,1,2,14,10,4,7,6,1
58397901,158,83,75,3,30,15,16,17,3,8,2,17,11,11,19,1,8,5,3,34,23,11,61,33,28,3,0,3,50,21,29,2,1,1
58397902,677,379,298,12,197,54,80,49,22,22,13,70,48,45,35,2,26,13,13,254,166,88,251,127,124,7,1,6,121,60,61,18,12,6
58399501,645,374,271,39,162,59,84,43,28,30,14,58,29,34,41,2,30,17,13,275,183,92,201,102,99,11,4,7,103,58,45,25,10,15
58398701,548,297,251,15,131,44,70,21,19,39,14,67,27,42,37,3,16,8,8,136,95,41,196,100,96,12,2,10,162,78,84,26,14,12
1674010,0,0,0,0,0,0,0,0,0,0,0,0,0,0,0,0,0,0,0,0,0,0,0,0,0,0,0,0,0,0,0,0,0,0
1674100,0,0,0,0,0,0,0,0,0,0,0,0,0,0,0,0,0,0,0,0,0,0,0,0,0,0,0,0,0,0,0,0,0,0
1675250,0,0,0,0,0,0,0,0,0,0,0,0,0,0,0,0,0,0,0,0,0,0,0,0,0,0,0,0,0,0,0,0,0,0
58400201,33,18,15,0,10,2,3,1,0,0,1,4,2,4,5,0,2,1,1,9,9,0,16,6,10,2,0,2,4,2,2,0,0,0
58400202,20,9,11,3,7,1,0,1,2,2,1,1,0,1,0,1,1,0,1,7,5,2,9,3,6,0,0,0,3,1,2,0,0,0
58400203,50,31,19,7,14,0,8,1,1,3,0,6,1,4,3,2,1,1,0,15,9,6,17,11,6,0,0,0,16,9,7,1,1,0
58400204,33,16,17,2,0,3,1,1,0,3,2,6,6,8,0,0,1,0,1,1,1,0,10,6,4,0,0,0,21,9,12,0,0,0
58400205,8,5,3,0,2,3,0,2,0,0,0,0,0,0,0,0,0,0,0,5,3,2,3,2,1,0,0,0,0,0,0,0,0,0
58400206,445,237,208,3,120,40,54,21,12,22,16,41,12,38,42,5,19,11,8,127,77,50,135,57,78,14,7,7,123,66,57,27,19,8
58400207,819,446,373,4,275,55,91,46,22,38,16,78,33,67,60,4,42,16,26,232,146,86,314,165,149,19,9,10,185,91,94,27,19,8
58400209,65,33,32,3,23,4,8,4,1,3,0,4,3,3,3,2,4,2,2,21,12,9,23,11,12,0,0,0,13,6,7,4,2,2
58400210,77,39,38,1,29,5,7,3,2,1,1,10,6,3,6,1,13,7,6,21,11,10,21,12,9,3,1,2,15,6,9,4,2,2
58400211,410,210,200,13,95,21,46,19,3,16,9,55,20,52,39,3,12,7,5,57,38,19,152,70,82,8,1,7,169,87,82,12,7,5
58400212,726,383,343,7,181,50,70,21,25,49,18,88,41,73,64,6,26,13,13,120,80,40,239,119,120,20,4,16,307,160,147,14,7,7
58400213,596,303,293,12,152,41,57,22,15,26,7,65,32,79,66,3,21,12,9,131,80,51,231,115,116,17,7,10,188,84,104,8,5,3
58400214,847,448,399,13,247,43,106,66,31,33,7,72,40,89,71,7,52,21,31,262,161,101,287,144,143,20,9,11,200,101,99,26,12,14
58400215,126,71,55,1,42,15,9,10,2,3,3,7,9,12,9,0,1,0,1,41,26,15,49,23,26,1,0,1,30,18,12,4,4,0
58400216,203,105,98,3,55,18,24,12,9,6,2,27,7,16,14,0,6,4,2,47,25,22,87,48,39,5,1,4,55,25,30,3,2,1
59689201,49,25,24,1,10,5,4,5,2,0,0,9,1,3,7,0,4,1,3,10,7,3,19,10,9,2,0,2,13,7,6,1,0,1
58401101,188,113,75,17,65,15,27,5,3,5,4,14,9,12,11,0,10,2,8,76,54,22,64,37,27,4,1,3,26,13,13,8,6,2
59496201,328,181,147,29,80,39,38,38,8,7,3,28,15,15,14,5,32,18,14,144,100,44,99,40,59,5,2,3,35,13,22,13,8,5
58402901,268,146,122,5,67,36,20,26,7,15,4,18,13,17,30,4,15,5,10,86,59,27,99,49,50,9,1,8,46,25,21,13,7,6
58402902,596,323,273,23,114,57,96,36,16,25,7,63,23,55,54,5,27,14,13,181,118,63,230,108,122,14,5,9,122,64,58,22,14,8
58402903,373,201,172,7,62,28,49,10,24,21,10,74,12,21,40,1,12,6,6,39,24,15,126,65,61,6,2,4,189,104,85,1,0,1
58403701,637,350,287,27,171,43,73,36,19,43,11,62,27,52,41,6,23,9,14,175,107,68,225,122,103,9,3,6,184,97,87,21,12,9
58404501,1577,858,719,29,380,133,211,92,48,75,43,171,105,105,103,9,63,32,31,507,320,187,591,287,304,26,9,17,357,187,170,33,23,10
58405301,134,83,51,1,51,8,14,9,4,3,2,5,15,9,8,1,5,3,2,53,36,17,42,26,16,1,1,0,31,16,15,2,1,1
54990801,66,38,28,5,14,5,10,6,2,2,1,10,2,5,0,2,1,1,0,26,14,12,19,12,7,0,0,0,19,10,9,1,1,0
58256501,123,75,48,7,42,7,11,9,2,7,1,11,6,6,10,1,2,1,1,44,33,11,46,26,20,0,0,0,25,12,13,6,3,3
58406101,379,211,168,23,121,43,39,32,8,9,5,27,21,24,13,0,18,9,9,140,96,44,148,66,82,6,3,3,53,30,23,14,7,7
58407001,31,16,15,0,11,5,2,4,0,0,0,1,4,0,3,0,0,0,0,7,5,2,18,9,9,2,1,1,4,1,3,0,0,0
58407002,39,24,15,4,8,3,3,1,0,0,2,4,6,3,3,0,0,0,0,10,9,1,14,5,9,0,0,0,14,9,5,1,1,0
58409601,382,204,178,8,121,24,32,22,9,27,4,43,23,21,31,3,10,5,5,91,52,39,143,69,74,10,3,7,119,69,50,9,6,3
58410001,1686,881,805,27,479,105,168,68,51,92,31,159,103,114,212,11,60,41,19,424,270,154,583,273,310,64,13,51,489,248,241,66,36,30
58410002,34,20,14,12,7,3,3,0,1,2,0,2,0,2,1,1,7,4,3,15,9,6,4,3,1,0,0,0,6,3,3,2,1,1
58411801,514,279,235,14,126,49,55,34,13,18,11,59,31,41,45,3,23,10,13,139,100,39,180,82,98,16,2,14,147,79,68,9,6,3
58412601,692,379,313,11,200,63,81,37,13,28,13,74,50,46,42,6,24,9,15,180,123,57,246,128,118,11,1,10,210,106,104,21,12,9
58502501,424,253,171,32,103,48,35,53,18,9,6,42,33,22,8,7,38,24,14,191,122,69,110,55,55,2,0,2,49,23,26,34,29,5
58413401,95,51,44,5,25,16,13,3,3,2,2,8,3,5,6,0,4,2,2,27,14,13,41,21,20,0,0,0,20,12,8,3,2,1
58414201,18,11,7,0,7,2,1,0,0,2,0,2,2,0,1,0,0,0,0,10,6,4,5,2,3,0,0,0,2,2,0,1,1,0
58414202,593,333,260,22,169,45,80,47,21,27,11,52,21,38,38,2,28,14,14,221,142,79,185,93,92,10,6,4,133,64,69,16,14,2
58415101,454,249,205,10,71,40,45,23,15,29,9,71,24,48,43,2,18,10,8,92,64,28,155,79,76,6,2,4,174,88,86,9,6,3
58503301,1194,675,519,43,336,116,112,114,32,56,23,112,59,69,80,12,53,29,24,418,279,139,399,184,215,30,11,19,241,141,100,53,31,22
59710401,38,22,16,2,16,6,2,5,0,0,0,1,1,1,2,1,0,0,0,20,13,7,12,6,6,0,0,0,5,2,3,1,1,0
58416901,157,87,70,8,51,8,17,5,2,10,5,13,13,10,8,0,3,1,2,44,30,14,52,26,26,3,1,2,51,27,24,4,2,2
58417701,357,195,162,9,85,26,36,26,7,16,9,27,42,34,31,2,13,5,8,106,76,30,140,67,73,5,2,3,85,40,45,8,5,3
58418501,393,222,171,11,117,41,48,21,6,11,8,35,23,20,43,3,16,11,5,139,82,57,151,79,72,7,4,3,66,36,30,14,10,4
58419301,21,13,8,2,4,1,0,0,0,3,0,7,2,0,0,0,1,1,0,4,3,1,10,7,3,0,0,0,6,2,4,0,0,0
58420701,104,55,49,2,21,4,19,9,2,8,3,10,9,9,6,0,9,5,4,18,12,6,46,22,24,4,1,3,26,14,12,1,1,0
58420702,766,403,363,15,176,53,89,35,23,34,16,75,63,84,72,8,39,22,17,238,143,95,252,114,138,21,8,13,183,92,91,33,24,9
58420703,272,151,121,4,75,19,41,12,11,5,4,26,25,19,22,1,11,5,6,85,56,29,99,53,46,8,3,5,61,30,31,8,4,4
58421501,84,42,42,1,24,6,13,5,3,4,0,7,5,8,5,0,3,1,2,13,6,7,44,21,23,2,2,0,17,9,8,5,3,2
58421502,541,310,231,12,181,45,49,23,9,23,11,45,36,40,37,6,19,7,12,192,136,56,201,98,103,5,1,4,99,51,48,25,17,8
58422301,91,46,45,2,26,11,6,1,9,3,0,9,5,5,11,1,10,6,4,38,23,15,29,12,17,1,0,1,10,3,7,3,2,1
58422302,60,36,24,1,13,3,6,6,1,2,1,2,9,8,8,0,1,1,0,15,10,5,24,16,8,2,1,1,16,7,9,2,1,1
58422303,1586,899,687,25,515,139,170,83,44,31,33,144,105,93,150,12,112,53,59,620,397,223,535,270,265,31,12,19,221,118,103,67,49,18
58273501,40,21,19,5,13,1,1,3,1,2,0,6,3,2,1,0,0,0,0,13,10,3,13,8,5,1,0,1,10,2,8,3,1,2
58423101,706,378,328,40,195,50,87,44,13,23,20,70,50,51,36,3,29,14,15,236,135,101,275,139,136,11,4,7,133,70,63,22,16,6
58423102,75,39,36,6,19,3,14,5,1,5,1,5,4,6,5,0,3,1,2,34,21,13,28,13,15,2,1,1,6,3,3,2,0,2
58424001,446,265,181,14,107,50,40,28,10,26,9,38,25,40,38,6,22,12,10,159,102,57,157,87,70,7,3,4,89,51,38,12,10,2
59717101,13,8,5,0,5,1,0,1,0,1,0,3,1,0,1,0,0,0,0,5,4,1,6,2,4,0,0,0,2,2,0,0,0,0
59717103,167,101,66,16,51,20,14,13,5,1,4,5,4,15,14,0,4,4,0,73,50,23,52,27,25,3,0,3,33,19,14,2,1,1
58426601,918,502,416,26,195,99,136,46,31,42,17,110,43,64,62,6,36,21,15,230,148,82,304,151,153,18,6,12,298,155,143,32,21,11
58427401,279,148,131,6,83,19,40,23,6,7,8,26,14,19,12,2,7,3,4,74,50,24,108,53,55,9,4,5,73,34,39,8,4,4
58428201,470,249,221,14,132,31,58,33,16,23,10,41,30,25,28,4,35,18,17,154,92,62,142,64,78,4,0,4,121,67,54,14,8,6
58428202,396,214,182,17,89,30,44,25,9,29,4,37,30,36,29,3,16,8,8,101,64,37,141,73,68,8,2,6,113,59,54,17,8,9
58428203,303,167,136,10,86,20,30,14,10,18,7,41,23,17,19,0,17,9,8,67,47,20,102,52,50,5,0,5,110,58,52,2,1,1
58428204,14,7,7,10,1,1,0,0,0,0,0,1,1,0,0,0,2,0,2,2,1,1,8,5,3,0,0,0,2,1,1,0,0,0
58428205,492,266,226,13,126,53,55,37,8,16,3,41,38,32,38,13,24,11,13,193,119,74,151,65,86,4,2,2,96,54,42,24,15,9
58428209,148,83,65,4,36,9,21,10,6,9,2,11,11,12,9,2,8,4,4,47,29,18,51,29,22,2,0,2,36,20,16,4,1,3
58430401,186,102,84,26,56,12,20,9,12,2,1,9,13,9,3,4,10,5,5,80,53,27,55,21,34,0,0,0,32,17,15,9,6,3
58432101,462,255,207,27,147,42,45,26,13,15,9,35,22,34,27,6,18,7,11,180,121,59,177,85,92,7,2,5,69,35,34,11,5,6
58433901,419,254,165,15,124,54,57,22,9,15,4,40,13,22,25,4,41,22,19,183,126,57,127,71,56,7,0,7,47,26,21,14,9,5
58434701,624,357,267,55,218,45,73,28,29,11,4,39,27,35,29,2,26,15,11,274,191,83,203,88,115,6,3,3,91,45,46,24,15,9
58435501,263,146,117,28,88,27,18,16,14,5,4,13,14,10,14,5,26,17,9,129,85,44,65,23,42,2,1,1,29,12,17,12,8,4
58436301,507,279,228,20,234,43,38,29,6,8,8,21,23,34,29,5,28,13,15,180,112,68,166,80,86,15,6,9,99,57,42,19,11,8
0136760,0,0,0,0,0,0,0,0,0,0,0,0,0,0,0,0,0,0,0,0,0,0,0,0,0,0,0,0,0,0,0,0,0,0
1263650,0,0,0,0,0,0,0,0,0,0,0,0,0,0,0,0,0,0,0,0,0,0,0,0,0,0,0,0,0,0,0,0,0,0
58429101,870,462,408,25,287,54,101,67,44,8,14,52,63,51,67,6,42,18,24,339,205,134,323,161,162,8,2,6,147,70,77,11,6,5
58429103,1915,946,969,47,657,105,178,156,89,25,42,134,128,122,179,14,175,77,98,689,398,291,717,317,400,28,8,20,249,114,135,57,32,25
58429105,13,10,3,0,9,0,1,0,1,0,0,1,0,0,1,0,0,0,0,4,3,1,3,3,0,0,0,0,4,3,1,2,1,1
58429106,28,15,13,0,19,2,0,0,4,0,0,1,0,1,1,0,2,1,1,7,4,3,14,6,8,0,0,0,5,4,1,0,0,0
58429107,850,469,381,15,235,47,102,61,42,15,24,53,69,58,91,6,29,12,17,203,135,68,355,177,178,12,3,9,235,135,100,16,7,9
58429108,1269,679,590,21,380,81,143,78,67,17,26,93,85,74,135,12,103,50,53,464,303,161,446,209,237,17,4,13,201,90,111,38,23,15
58429109,35,32,3,1,3,1,0,1,2,0,0,2,21,0,3,1,5,5,0,18,17,1,5,4,1,0,0,0,7,6,1,0,0,0
58429110,577,323,254,6,169,35,75,51,22,22,15,41,39,23,50,5,45,26,19,143,90,53,246,125,121,10,1,9,108,60,48,25,21,4
58429111,472,317,155,14,117,32,50,23,30,9,7,41,75,15,24,9,70,55,15,127,96,31,129,78,51,6,3,3,61,31,30,79,54,25
58429112,1092,581,511,18,317,49,105,94,61,29,39,99,87,44,87,13,56,27,29,303,201,102,415,198,217,19,3,16,257,124,133,42,28,14
58429114,23,15,8,0,1,2,0,2,3,2,0,4,7,0,0,0,3,1,2,2,2,0,11,6,5,1,1,0,6,5,1,0,0,0
58429115,236,132,104,3,59,13,27,14,17,7,3,18,19,9,34,4,15,12,3,48,27,21,91,47,44,3,2,1,63,35,28,16,9,7
58429116,494,259,235,5,138,28,45,32,21,7,15,37,46,26,77,2,35,21,14,141,78,63,183,96,87,7,3,4,103,45,58,25,16,9
58429118,503,283,220,10,145,37,41,37,25,15,5,33,43,39,40,7,27,15,12,160,107,53,181,95,86,11,7,4,115,54,61,9,5,4
58429119,225,119,106,4,71,13,20,21,9,5,8,22,13,15,13,1,16,10,6,68,40,28,82,40,42,5,2,3,47,23,24,7,4,3
58429120,581,312,269,10,148,42,62,41,22,16,26,59,42,34,63,2,43,16,27,150,86,64,235,135,100,9,3,6,126,62,64,18,10,8
58429122,1455,755,700,30,429,66,145,125,74,38,40,134,120,70,105,20,133,62,71,428,252,176,526,261,265,22,7,15,283,136,147,63,37,26
58429123,167,86,81,4,53,10,19,7,9,4,4,10,20,9,14,1,8,5,3,51,29,22,68,31,37,2,1,1,35,18,17,3,2,1
58429124,39,25,14,2,21,3,1,4,1,0,0,3,0,0,3,0,3,2,1,13,9,4,13,8,5,0,0,0,4,2,2,6,4,2
58429127,913,473,440,21,237,51,83,61,46,36,23,79,77,70,79,10,76,40,36,202,128,74,316,153,163,10,3,7,276,132,144,33,17,16
58429129,273,152,121,8,74,16,40,21,14,3,8,12,30,10,25,2,9,5,4,89,60,29,103,55,48,7,1,6,60,28,32,5,3,2
58429131,32,10,22,0,7,0,1,1,3,0,0,3,2,1,12,0,2,1,1,9,4,5,10,4,6,0,0,0,4,1,3,7,0,7
58437101,790,438,352,59,265,52,94,47,44,15,6,47,40,41,42,13,37,21,16,303,195,108,297,152,145,14,4,10,111,52,59,28,14,14
58438001,365,208,157,60,114,43,24,16,33,2,4,17,12,11,13,3,37,23,14,217,131,86,77,40,37,2,1,1,24,8,16,8,5,3
58440101,270,149,121,7,81,30,31,17,7,4,6,26,13,15,18,2,12,5,7,114,78,36,102,47,55,2,0,2,32,14,18,8,5,3
58441001,205,115,90,22,87,11,14,16,4,0,1,14,14,4,10,4,16,6,10,93,63,30,65,33,32,0,0,0,20,6,14,11,7,4
58442801,818,476,342,88,245,95,73,37,49,12,16,50,28,52,43,7,46,32,14,343,230,113,288,143,145,11,6,5,104,45,59,26,20,6
58443601,138,83,55,21,35,11,10,9,16,2,3,4,8,8,5,3,9,3,6,65,50,15,38,19,19,2,0,2,13,4,9,11,7,4
58444401,872,503,369,96,258,107,105,47,44,17,7,50,33,46,31,9,79,41,38,396,265,131,261,123,138,9,1,8,86,45,41,41,28,13
58445201,651,374,277,52,220,38,46,35,64,7,15,36,36,44,41,3,27,9,18,277,193,84,215,112,103,12,4,8,98,45,53,22,11,11
58446101,304,163,141,20,97,35,27,21,10,6,5,23,11,16,14,2,9,3,6,145,86,59,97,47,50,4,0,4,34,17,17,15,10,5
58447901,224,130,94,20,72,25,19,5,17,7,1,14,6,8,10,4,2,0,2,113,70,43,63,32,31,4,1,3,35,20,15,7,7,0
58448702,786,438,348,46,239,92,59,64,29,11,14,47,68,43,47,5,43,19,24,291,187,104,279,146,133,21,10,11,119,53,66,33,23,10
0499300,0,0,0,0,0,0,0,0,0,0,0,0,0,0,0,0,0,0,0,0,0,0,0,0,0,0,0,0,0,0,0,0,0,0
0499560,0,0,0,0,0,0,0,0,0,0,0,0,0,0,0,0,0,0,0,0,0,0,0,0,0,0,0,0,0,0,0,0,0,0
0499640,0,0,0,0,0,0,0,0,0,0,0,0,0,0,0,0,0,0,0,0,0,0,0,0,0,0,0,0,0,0,0,0,0,0
3399380,0,0,0,0,0,0,0,0,0,0,0,0,0,0,0,0,0,0,0,0,0,0,0,0,0,0,0,0,0,0,0,0,0,0
3399460,0,0,0,0,0,0,0,0,0,0,0,0,0,0,0,0,0,0,0,0,0,0,0,0,0,0,0,0,0,0,0,0,0,0
58449501,17,9,8,3,8,2,1,0,1,0,0,2,0,0,0,0,4,2,2,4,1,3,7,5,2,0,0,0,1,1,0,1,0,1
58449502,422,242,180,18,117,29,56,24,23,17,5,27,17,34,28,7,27,15,12,127,86,41,145,65,80,6,2,4,94,57,37,23,17,6
58449503,37,25,12,0,15,3,0,10,0,0,0,4,0,1,2,1,13,9,4,10,8,2,9,6,3,0,0,0,3,1,2,2,1,1
58449504,210,108,102,3,59,15,29,11,14,4,8,21,12,13,9,0,12,2,10,77,49,28,74,33,41,3,0,3,35,18,17,9,6,3
58449505,955,508,447,26,280,38,141,70,33,27,21,95,52,73,51,8,45,24,21,291,179,112,345,168,177,13,6,7,232,116,116,29,15,14
58449506,198,109,89,9,63,18,25,20,12,7,1,17,7,9,3,4,14,5,9,91,57,34,55,23,32,0,0,0,28,15,13,10,9,1
58449508,24,12,12,2,4,2,5,2,3,0,0,3,0,1,0,0,3,2,1,16,8,8,4,1,3,0,0,0,1,1,0,0,0,0
58449509,1250,665,585,52,392,52,157,84,46,40,29,117,59,93,92,8,37,16,21,419,258,161,443,216,227,18,8,10,303,147,156,30,20,10
58452501,287,161,126,22,85,35,31,17,16,3,1,14,15,15,10,10,26,11,15,149,92,57,63,33,30,3,2,1,25,11,14,21,12,9
55025601,105,59,46,8,22,5,14,11,0,4,2,9,5,10,12,0,4,2,2,24,18,6,46,25,21,2,0,2,28,13,15,1,1,0
58454101,198,105,93,14,36,24,15,9,15,7,1,14,13,9,34,1,10,4,6,74,49,25,69,30,39,0,0,0,41,20,21,4,2,2
58455001,106,63,43,5,27,8,15,10,4,1,3,12,5,2,11,2,8,4,4,50,36,14,27,13,14,0,0,0,17,7,10,4,3,1
58455002,1066,610,456,45,275,86,128,86,44,34,14,90,46,85,85,13,65,32,33,388,281,107,368,169,199,19,3,16,192,107,85,34,18,16
58455003,11,7,4,4,2,2,1,0,1,0,0,1,0,0,0,0,0,0,0,7,5,2,3,2,1,0,0,0,1,0,1,0,0,0
58456801,933,510,423,106,319,72,78,53,39,12,15,66,33,51,52,10,49,25,24,369,225,144,311,157,154,17,5,12,149,74,75,38,24,14
58457601,880,491,389,36,311,71,89,64,32,10,22,57,69,39,54,5,49,26,23,349,234,115,313,146,167,9,2,7,124,60,64,36,23,13
58458401,593,344,249,28,194,51,70,45,16,9,14,33,29,39,43,6,34,24,10,234,160,74,219,102,117,5,2,3,85,43,42,16,13,3
58458402,8,5,3,4,1,1,0,0,0,2,0,0,0,0,0,0,1,0,1,3,3,0,3,1,2,0,0,0,1,1,0,0,0,0
58459201,650,373,277,33,184,99,86,39,11,20,7,46,23,31,44,3,30,14,16,318,220,98,211,93,118,9,1,8,67,36,31,15,9,6
55528201,236,137,99,15,68,19,27,15,12,9,7,10,18,10,10,3,12,5,7,78,57,21,75,39,36,4,1,3,57,31,26,10,4,6
55844301,566,308,258,7,205,61,52,36,25,11,11,26,35,43,34,5,58,31,27,227,145,82,166,78,88,6,0,6,91,45,46,18,9,9
58462201,1637,862,775,87,487,117,155,151,81,27,25,94,154,94,98,14,119,61,58,593,365,228,593,274,319,21,6,15,248,116,132,63,40,23
58463101,919,490,429,93,207,47,73,57,109,13,19,65,58,80,48,6,49,24,25,293,182,111,280,140,140,8,3,5,226,102,124,63,39,24
58463102,111,65,46,17,31,14,9,4,5,1,1,8,8,4,5,0,1,0,1,71,47,24,31,13,18,0,0,0,4,2,2,4,3,1
0943070,0,0,0,0,0,0,0,0,0,0,0,0,0,0,0,0,0,0,0,0,0,0,0,0,0,0,0,0,0,0,0,0,0,0
0943310,0,0,0,0,0,0,0,0,0,0,0,0,0,0,0,0,0,0,0,0,0,0,0,0,0,0,0,0,0,0,0,0,0,0
0943400,0,0,0,0,0,0,0,0,0,0,0,0,0,0,0,0,0,0,0,0,0,0,0,0,0,0,0,0,0,0,0,0,0,0
3399030,0,0,0,0,0,0,0,0,0,0,0,0,0,0,0,0,0,0,0,0,0,0,0,0,0,0,0,0,0,0,0,0,0,0
58464901,660,348,312,20,230,25,68,37,50,13,10,50,35,42,41,7,44,21,23,253,154,99,215,88,127,11,7,4,111,63,48,26,15,11
58464902,186,89,97,6,39,11,17,4,11,17,4,12,14,18,21,1,2,1,1,32,22,10,72,27,45,5,2,3,72,34,38,3,3,0
58464903,13,9,4,0,6,1,1,1,0,0,0,0,0,2,1,0,5,5,0,0,0,0,1,1,0,1,1,0,6,2,4,0,0,0
58464905,244,125,119,11,55,7,25,6,21,5,4,34,14,19,23,2,22,12,10,63,36,27,81,34,47,4,0,4,66,37,29,8,6,2
58464906,324,174,150,24,95,16,34,2,33,6,1,24,11,28,20,4,23,13,10,93,62,31,110,53,57,7,2,5,75,36,39,16,8,8
58464908,451,246,205,25,113,25,37,22,51,9,6,39,25,29,42,6,23,11,12,133,95,38,160,75,85,5,1,4,118,57,61,12,7,5
58464909,135,74,61,3,42,5,13,7,7,9,5,22,5,4,4,3,12,3,9,48,29,19,39,22,17,0,0,0,31,15,16,5,5,0
58464910,352,173,179,12,118,18,38,14,25,1,3,36,19,21,27,3,31,14,17,133,74,59,116,50,66,4,2,2,56,25,31,12,8,4
58464911,52,28,24,3,24,3,2,2,4,1,0,6,3,1,2,0,2,1,1,13,7,6,22,12,10,1,0,1,12,6,6,2,2,0
58464912,20,10,10,5,5,2,1,1,2,0,0,0,0,1,3,0,0,0,0,12,7,5,5,1,4,0,0,0,1,1,0,2,1,1
58464913,174,97,77,11,41,15,20,8,12,3,3,17,10,15,17,0,6,4,2,38,25,13,73,39,34,3,1,2,49,25,24,5,3,2
58464914,527,272,255,24,183,25,42,17,45,5,5,33,26,42,37,8,35,16,19,154,97,57,171,72,99,25,10,15,121,64,57,21,13,8
58464915,527,280,247,23,135,31,55,23,59,14,0,58,26,33,22,8,55,31,24,178,100,78,141,68,73,12,4,8,91,45,46,50,32,18
58465701,217,116,101,19,88,17,13,7,17,1,1,11,9,7,18,2,24,9,15,103,63,40,58,29,29,2,0,2,23,12,11,7,3,4
58466501,1197,655,542,80,369,100,120,85,44,25,21,66,94,68,80,13,74,44,30,429,271,158,437,212,225,10,3,7,211,100,111,36,25,11
58467301,710,411,299,73,223,39,77,47,31,7,10,44,39,34,52,9,32,16,16,288,184,104,242,133,109,12,2,10,111,62,49,25,14,11
58468101,213,130,83,16,71,14,18,16,7,7,0,12,13,20,15,2,8,2,6,65,48,17,81,48,33,5,5,0,40,15,25,14,12,2
58470301,341,203,138,47,79,21,40,23,15,6,7,16,26,21,23,3,10,8,2,134,87,47,113,66,47,10,4,6,63,29,34,11,9,2
58471101,368,217,151,17,118,34,41,31,10,9,7,22,19,31,19,0,12,4,8,154,103,51,125,64,61,4,2,2,63,36,27,10,8,2
58471102,11,6,5,3,3,2,1,1,0,0,0,0,1,0,0,0,1,0,1,7,5,2,3,1,2,0,0,0,0,0,0,0,0,0
58474601,589,341,248,42,261,48,46,29,17,6,8,26,25,30,24,9,47,22,25,232,150,82,200,100,100,11,3,8,54,30,24,45,36,9
58475401,165,87,78,13,63,17,19,7,14,2,1,6,5,7,6,0,23,11,12,72,50,22,49,17,32,2,1,1,12,6,6,7,2,5
58477101,297,160,137,35,58,22,28,13,57,9,3,19,10,11,13,7,24,13,11,132,74,58,74,33,41,6,2,4,47,29,18,14,9,5
58478901,377,217,160,55,115,34,18,17,41,9,3,18,9,17,15,9,17,10,7,160,111,49,138,70,68,2,0,2,48,18,30,12,8,4
58479701,1433,800,633,59,423,108,150,124,51,35,32,121,77,107,88,15,86,41,45,501,334,167,508,249,259,19,9,10,256,126,130,63,41,22
58481901,472,278,194,38,152,36,43,46,24,12,4,25,21,27,20,7,31,18,13,229,151,78,124,66,58,5,2,3,57,25,32,26,16,10
58483501,59,35,24,2,16,5,4,1,2,3,2,10,6,2,4,0,1,0,1,21,14,7,21,15,6,1,0,1,14,5,9,1,1,0
58483502,299,178,121,24,96,33,27,20,16,5,5,26,11,14,13,3,33,17,16,147,103,44,78,40,38,2,0,2,28,11,17,11,7,4
58485101,57,33,24,2,18,5,7,3,5,2,0,4,5,2,3,1,2,2,0,27,20,7,18,7,11,0,0,0,10,4,6,0,0,0
58485102,288,163,125,19,85,41,27,16,20,6,4,17,16,12,12,3,17,9,8,143,101,42,73,28,45,5,3,2,27,9,18,23,13,10
58486001,16,11,5,2,6,0,2,1,0,1,0,2,1,0,0,0,3,2,1,4,3,1,4,2,2,0,0,0,2,2,0,3,2,1
58486002,1054,600,454,111,300,80,125,72,41,25,18,48,51,66,65,7,45,26,19,432,288,144,356,179,177,16,4,12,171,83,88,34,20,14
58487801,55,29,26,9,17,11,7,1,0,0,0,2,2,2,3,1,2,0,2,30,19,11,15,5,10,0,0,0,3,2,1,5,3,2
58487802,348,210,138,55,75,33,22,31,23,8,2,20,19,17,15,8,27,11,16,164,111,53,91,52,39,6,2,4,39,19,20,21,15,6
58489401,452,241,211,29,153,34,54,33,8,12,5,36,26,18,24,5,22,8,14,209,129,80,147,72,75,7,1,6,48,21,27,19,10,9
58490801,443,267,176,38,158,36,57,36,13,9,6,33,21,12,11,1,29,15,14,206,139,67,136,70,66,5,2,3,46,24,22,21,17,4
58491601,367,199,168,32,114,28,43,20,31,3,4,34,15,8,22,4,10,4,6,163,106,57,132,57,75,3,1,2,41,16,25,18,15,3
58492401,734,421,313,63,286,35,58,53,28,12,22,40,33,40,35,4,32,17,15,317,210,107,242,119,123,6,0,6,102,53,49,35,22,13
58493201,997,586,411,42,371,123,106,46,27,35,7,61,51,43,54,3,48,23,25,428,293,135,343,182,161,22,7,15,133,67,66,23,14,9
58494101,1012,564,448,81,319,89,96,74,41,13,18,63,70,61,56,7,60,30,30,375,255,120,370,181,189,11,5,6,157,70,87,39,23,16
58495901,490,287,203,43,163,41,51,35,15,9,4,31,32,19,35,3,32,15,17,178,117,61,171,95,76,4,0,4,81,40,41,24,20,4
58496701,497,301,196,31,163,70,37,37,18,15,2,24,29,31,25,2,27,16,11,242,173,69,148,70,78,6,3,3,54,25,29,20,14,6
58497501,94,59,35,9,33,8,7,2,6,0,2,9,3,1,10,0,9,4,5,42,29,13,26,17,9,0,0,0,13,6,7,4,3,1
58497502,1623,859,764,121,437,83,158,85,146,31,21,88,89,102,179,13,90,45,45,499,298,201,591,272,319,24,8,16,332,179,153,87,57,30
58498301,16,9,7,1,4,4,2,0,0,0,0,1,1,0,3,0,0,0,0,5,4,1,9,5,4,0,0,0,2,0,2,0,0,0
58498302,1822,997,825,210,463,145,230,95,106,52,34,120,77,108,98,20,81,42,39,704,456,248,627,309,318,36,12,24,315,146,169,59,32,27
58499101,263,142,121,18,68,27,36,17,7,12,6,20,9,14,16,3,5,2,3,106,68,38,103,44,59,2,0,2,33,19,14,14,9,5
58500901,919,504,415,66,277,96,97,48,23,23,24,78,44,53,56,6,35,13,22,330,213,117,346,181,165,17,6,11,154,72,82,37,19,18
58500902,10,4,6,1,2,2,0,0,1,0,1,2,0,0,1,0,1,0,1,0,0,0,4,2,2,0,0,0,5,2,3,0,0,0
58501701,1565,873,692,120,461,117,162,96,68,44,28,107,89,123,88,10,86,45,41,533,363,170,567,279,288,18,7,11,317,153,164,44,26,18
58504101,507,288,219,63,180,50,46,26,30,5,5,26,10,30,16,5,13,8,5,231,151,80,171,83,88,5,0,5,71,37,34,16,9,7
58505001,734,404,330,35,262,64,56,54,53,26,14,44,30,36,33,6,48,17,31,334,221,113,220,101,119,11,4,7,97,47,50,24,14,10
58603001,385,226,159,11,120,46,52,22,14,7,6,20,24,23,28,5,14,7,7,192,134,58,115,50,65,4,2,2,51,27,24,9,6,3
58604801,871,509,362,86,318,65,85,49,30,16,14,40,31,47,51,5,34,19,15,342,241,101,298,143,155,10,4,6,161,86,75,26,16,10
58605601,205,118,87,32,69,15,19,9,8,1,4,13,8,8,13,2,4,3,1,94,62,32,71,31,40,0,0,0,26,17,9,10,5,5
58607201,321,177,144,7,115,23,35,19,7,5,2,26,16,17,41,1,17,10,7,153,97,56,99,46,53,1,0,1,37,16,21,14,8,6
3139390,0,0,0,0,0,0,0,0,0,0,0,0,0,0,0,0,0,0,0,0,0,0,0,0,0,0,0,0,0,0,0,0,0,0
58608101,41,24,17,5,11,1,5,4,3,0,0,5,1,3,1,0,3,0,3,17,12,5,16,8,8,1,1,0,3,2,1,1,1,0
58608103,112,64,48,9,49,12,13,5,2,1,2,4,3,3,6,1,8,6,2,44,30,14,39,16,23,3,2,1,10,5,5,8,5,3
58608104,654,373,281,43,227,60,71,36,23,7,8,38,29,55,26,11,46,25,21,207,133,74,247,128,119,9,4,5,106,56,50,39,27,12
58608105,559,298,261,22,244,49,61,16,15,3,6,37,24,34,22,3,21,12,9,180,112,68,202,97,105,27,9,18,108,55,53,21,13,8
58608106,734,412,322,35,263,68,74,54,27,8,8,63,39,48,29,2,35,18,17,281,187,94,249,126,123,8,4,4,132,60,72,29,17,12
58608108,41,24,17,2,21,0,3,3,2,0,1,1,0,2,3,1,2,0,2,13,11,2,18,10,8,1,1,0,4,1,3,3,1,2
58609901,599,344,255,53,199,43,79,38,16,20,10,28,26,30,32,1,26,9,17,229,164,65,223,118,105,9,1,8,93,44,49,19,8,11
58610201,1122,651,471,184,401,82,95,58,41,22,5,56,43,63,39,8,56,32,24,506,326,180,365,181,184,14,7,7,157,90,67,24,15,9
58611101,185,106,79,7,66,14,18,11,3,0,2,10,12,13,23,0,8,2,6,81,61,20,64,29,35,1,0,1,26,10,16,5,4,1
58611102,11,10,1,1,6,1,0,0,0,0,0,1,1,1,0,0,1,1,0,3,3,0,6,6,0,0,0,0,1,0,1,0,0,0
58612901,693,397,296,33,229,68,74,37,20,17,7,42,38,48,56,3,33,18,15,252,166,86,266,137,129,12,2,10,106,59,47,24,15,9
58613701,1335,775,560,56,482,149,136,59,29,27,20,84,88,73,99,5,58,20,38,525,362,163,486,249,237,22,13,9,203,103,100,41,28,13
58614501,464,263,201,35,159,68,42,28,15,4,6,22,21,24,29,3,17,9,8,215,139,76,166,79,87,5,0,5,48,26,22,13,10,3
58615301,135,70,65,5,34,13,20,10,3,4,2,10,6,10,12,2,10,4,6,65,38,27,29,11,18,4,1,3,23,12,11,4,4,0
58616101,102,64,38,7,39,21,11,4,3,3,0,4,1,4,1,3,14,5,9,64,44,20,16,9,7,0,0,0,5,3,2,3,3,0
58616103,1048,585,463,35,334,108,138,63,25,15,23,81,68,55,68,8,37,18,19,444,276,168,364,183,181,12,7,5,168,86,82,23,15,8
58616104,1680,933,747,40,590,202,196,75,74,31,25,121,89,76,91,17,89,53,36,753,460,293,515,247,268,17,10,7,217,108,109,89,55,34
58616105,39,24,15,2,7,4,11,4,3,0,0,2,2,0,1,3,3,2,1,18,14,4,12,4,8,0,0,0,1,1,0,5,3,2
0405170,0,0,0,0,0,0,0,0,0,0,0,0,0,0,0,0,0,0,0,0,0,0,0,0,0,0,0,0,0,0,0,0,0,0
0405410,0,0,0,0,0,0,0,0,0,0,0,0,0,0,0,0,0,0,0,0,0,0,0,0,0,0,0,0,0,0,0,0,0,0
3399110,0,0,0,0,0,0,0,0,0,0,0,0,0,0,0,0,0,0,0,0,0,0,0,0,0,0,0,0,0,0,0,0,0,0
58602101,867,445,422,11,250,50,133,57,37,13,28,93,48,41,49,11,86,40,46,270,156,114,292,127,165,7,3,4,173,95,78,39,24,15
58602102,3431,1771,1660,58,1033,260,462,183,130,67,70,284,225,200,281,32,201,88,113,1246,763,483,1270,595,675,51,17,34,578,252,326,85,56,29
58602103,937,476,461,14,308,65,132,48,31,10,19,74,56,45,77,8,72,35,37,369,222,147,349,149,200,13,3,10,100,47,53,34,20,14
58602104,709,369,340,16,234,54,93,33,23,11,12,64,34,44,52,8,47,23,24,255,153,102,252,121,131,9,6,3,130,57,73,16,9,7
58602105,875,498,377,14,272,82,94,45,42,22,13,78,34,42,70,20,69,34,35,284,189,95,275,120,155,6,4,2,129,69,60,112,82,30
58602106,91,62,29,0,39,8,9,3,6,1,1,9,0,2,1,4,13,9,4,27,20,7,25,14,11,1,1,0,11,7,4,14,11,3
58602107,61,32,29,9,21,4,4,4,3,0,2,4,2,1,3,4,4,1,3,33,19,14,19,11,8,1,0,1,2,0,2,2,1,1
58602108,43,25,18,2,19,6,3,6,2,0,0,1,0,0,2,1,4,1,3,19,16,3,16,7,9,0,0,0,0,0,0,4,1,3
58602109,1982,1073,909,40,694,143,261,97,62,37,29,180,111,118,115,14,157,85,72,751,476,275,648,303,345,30,8,22,304,144,160,92,57,35
58602110,283,144,139,5,49,16,42,19,8,5,9,24,24,25,35,3,9,5,4,64,42,22,114,52,62,4,1,3,84,39,45,8,5,3
58602111,52,48,4,0,3,2,1,37,2,1,0,3,0,1,0,1,1,1,0,16,13,3,15,15,0,0,0,0,12,11,1,8,8,0
58602112,1235,663,572,24,352,83,161,40,46,35,26,124,82,94,104,5,81,33,48,338,208,130,458,233,225,20,7,13,302,155,147,36,27,9
58602114,67,36,31,3,21,8,9,3,0,0,0,9,2,3,3,2,7,4,3,13,6,7,27,13,14,0,0,0,17,10,7,3,3,0
58602115,19,14,5,8,7,0,0,3,1,0,0,0,0,0,0,0,1,1,0,11,8,3,3,3,0,0,0,0,2,1,1,2,1,1
58602118,897,470,427,14,288,56,107,54,28,20,18,101,60,44,65,9,35,14,21,259,170,89,351,182,169,14,2,12,223,96,127,15,6,9
58617001,1016,564,452,64,341,114,101,64,26,19,15,85,35,51,65,5,43,19,24,449,287,162,359,177,182,13,5,8,115,54,61,37,22,15
58618801,527,302,225,33,201,53,52,30,16,3,3,29,28,40,23,2,15,7,8,236,167,69,172,82,90,6,2,4,74,31,43,24,13,11
58619601,257,139,118,18,127,25,19,9,7,1,2,7,13,10,12,2,4,2,2,112,71,41,95,45,50,6,1,5,29,13,16,11,7,4
58619602,14,7,7,0,6,0,4,1,0,0,0,0,0,0,2,1,1,0,1,5,3,2,6,3,3,0,0,0,2,1,1,0,0,0
58620001,198,108,90,19,70,12,19,10,7,4,3,12,13,7,16,1,12,6,6,82,48,34,63,35,28,3,2,1,28,12,16,10,5,5
58621801,14,9,5,1,7,2,1,0,0,0,0,1,1,1,0,0,0,0,0,4,3,1,4,3,1,0,0,0,6,3,3,0,0,0
58621802,289,165,124,20,102,23,32,33,6,4,1,18,14,12,12,4,9,5,4,128,82,46,98,46,52,2,1,1,44,24,20,8,7,1
58622601,332,178,154,17,99,36,34,19,12,3,1,24,19,27,31,3,21,9,12,134,85,49,108,51,57,2,0,2,56,25,31,11,8,3
58623401,232,143,89,21,83,18,17,16,12,7,3,12,13,10,12,1,13,7,6,106,80,26,72,36,36,1,0,1,36,17,19,4,3,1
58624201,99,56,43,16,31,8,14,7,4,0,0,6,3,2,4,1,6,4,2,53,32,21,26,14,12,3,0,3,6,4,2,5,2,3
58625101,21,13,8,1,13,1,1,2,0,0,1,1,1,0,0,0,3,2,1,11,7,4,5,2,3,0,0,0,1,1,0,1,1,0
58625102,96,53,43,2,38,12,6,8,2,0,1,8,1,7,3,3,3,1,2,48,29,19,31,16,15,0,0,0,12,5,7,2,2,0
58626901,503,286,217,27,181,75,36,30,10,9,4,20,35,42,24,1,22,10,12,237,162,75,167,78,89,9,3,6,50,22,28,18,11,7
58627701,408,230,178,10,108,41,54,22,9,8,7,29,16,36,54,1,18,7,11,145,94,51,136,70,66,5,2,3,93,49,44,11,8,3
58628501,260,144,116,14,83,25,30,12,5,3,1,19,11,25,21,4,11,2,9,95,70,25,94,48,46,6,1,5,50,20,30,4,3,1
58629301,188,116,72,18,60,29,18,10,6,0,1,9,8,13,10,2,3,3,0,89,63,26,61,29,32,1,0,1,26,15,11,8,6,2
0784760,0,0,0,0,0,0,0,0,0,0,0,0,0,0,0,0,0,0,0,0,0,0,0,0,0,0,0,0,0,0,0,0,0,0
0784920,0,0,0,0,0,0,0,0,0,0,0,0,0,0,0,0,0,0,0,0,0,0,0,0,0,0,0,0,0,0,0,0,0,0
0785310,0,0,0,0,0,0,0,0,0,0,0,0,0,0,0,0,0,0,0,0,0,0,0,0,0,0,0,0,0,0,0,0,0,0
58630701,282,172,110,21,88,30,34,23,3,2,1,17,14,16,23,3,11,7,4,124,88,36,98,51,47,6,2,4,30,16,14,13,8,5
58630702,851,465,386,31,223,48,90,42,15,24,23,80,54,85,116,6,25,10,15,224,157,67,288,143,145,16,9,7,291,142,149,7,4,3
58630703,339,177,162,8,90,30,43,16,5,8,4,29,11,35,41,2,8,4,4,103,71,32,130,62,68,4,1,3,92,38,54,2,1,1
58630706,933,528,405,19,241,78,116,40,38,19,17,71,54,70,115,10,50,30,20,304,185,119,334,170,164,16,6,10,182,98,84,47,39,8
58630707,26,15,11,0,11,2,2,2,0,0,0,2,0,3,1,1,3,2,1,9,7,2,5,1,4,2,1,1,6,3,3,1,1,0
58630708,855,450,405,12,248,41,103,39,38,17,21,71,38,77,111,7,31,10,21,256,144,112,316,164,152,14,7,7,226,116,110,12,9,3
58630709,491,251,240,6,128,42,66,27,13,5,9,38,18,52,60,5,30,18,12,170,102,68,179,86,93,6,2,4,97,41,56,9,2,7
58630710,443,235,208,10,120,27,53,13,15,8,6,37,30,40,54,5,21,12,9,125,72,53,148,73,75,5,2,3,132,70,62,12,6,6
58630711,132,61,71,0,37,4,7,2,3,2,2,10,5,3,52,0,18,10,8,39,24,15,34,9,25,1,0,1,34,16,18,6,2,4
58630712,704,372,332,12,227,45,84,44,28,15,13,46,36,59,75,5,31,16,15,271,167,104,247,114,133,13,4,9,116,55,61,26,16,10
58631501,74,44,30,17,22,5,10,4,0,2,1,2,2,3,4,0,8,3,5,38,28,10,8,2,6,1,0,1,8,4,4,11,7,4
58632301,639,365,274,55,221,65,53,40,15,9,9,39,34,43,40,4,17,8,9,274,184,90,232,117,115,4,2,2,104,49,55,8,5,3
58633101,402,237,165,24,172,53,34,24,9,4,4,17,17,15,20,6,15,7,8,174,113,61,137,80,57,8,1,7,60,34,26,8,2,6
58634001,366,197,169,21,130,35,32,19,10,7,9,23,16,30,21,4,23,12,11,156,106,50,116,57,59,3,0,3,54,15,39,14,7,7
58635801,1310,737,573,59,413,118,172,62,29,39,17,111,69,92,85,8,60,33,27,435,291,144,458,221,237,10,4,6,306,160,146,41,28,13
58636601,73,40,33,8,24,5,6,7,0,0,1,9,2,5,5,0,1,0,1,27,17,10,31,17,14,0,0,0,13,5,8,1,1,0
58637401,477,275,202,23,155,47,60,25,7,8,8,38,27,24,33,4,29,18,11,179,119,60,159,77,82,11,3,8,84,47,37,15,11,4
58637402,441,243,198,28,151,26,54,18,7,11,11,39,31,24,14,2,24,9,15,172,116,56,138,70,68,8,5,3,86,38,48,13,5,8
58638201,886,512,374,44,303,102,77,53,21,22,20,60,34,49,59,6,28,12,16,405,275,130,295,146,149,14,4,10,108,50,58,36,25,11
58639101,42,20,22,5,12,1,6,2,2,0,1,2,2,0,7,0,0,0,0,18,11,7,18,6,12,0,0,0,6,3,3,0,0,0
58639102,307,185,122,14,97,51,37,6,5,5,2,22,12,18,21,4,19,10,9,151,103,48,86,44,42,5,2,3,34,16,18,12,10,2
58640401,826,453,373,50,301,89,84,56,18,10,5,39,42,54,49,6,47,21,26,345,237,108,261,117,144,11,0,11,122,48,74,40,30,10
58640402,115,68,47,6,37,10,15,9,7,4,3,8,1,5,4,1,4,1,3,62,40,22,33,18,15,1,0,1,12,7,5,3,2,1
59335402,127,76,51,9,50,9,11,12,3,2,0,6,9,4,7,3,8,5,3,53,37,16,42,20,22,1,1,0,12,5,7,11,8,3
58641201,1656,939,717,115,538,179,199,89,48,23,26,103,85,101,82,13,89,44,45,685,439,246,548,279,269,31,15,16,240,117,123,63,45,18
58642101,413,231,182,26,130,41,49,24,12,10,8,23,20,26,33,1,20,8,12,183,125,58,137,63,74,8,2,6,50,24,26,15,9,6
58643901,163,93,70,11,61,23,15,6,2,1,4,10,5,3,16,2,10,2,8,79,53,26,54,27,27,2,2,0,9,3,6,9,6,3
58644701,219,114,105,10,66,22,24,8,7,1,2,10,14,27,19,1,10,6,4,81,50,31,72,36,36,4,2,2,38,13,25,14,7,7
58645501,9,7,2,3,4,0,0,1,0,0,0,0,1,0,0,0,0,0,0,8,6,2,1,1,0,0,0,0,0,0,0,0,0,0
58645502,204,127,77,30,65,42,12,11,4,4,1,8,6,10,6,0,8,5,3,107,70,37,55,33,22,1,1,0,19,8,11,14,10,4
58645503,23,12,11,2,9,1,4,1,3,0,0,0,1,1,0,0,0,0,0,14,7,7,6,3,3,0,0,0,1,1,0,2,1,1
58645504,33,21,12,3,12,7,1,2,0,0,0,0,4,1,1,2,2,0,2,18,14,4,8,3,5,1,1,0,3,2,1,1,1,0
58645505,13,6,7,5,2,0,1,0,1,2,0,1,1,0,0,0,2,0,2,5,4,1,4,2,2,0,0,0,1,0,1,1,0,1
58646301,110,59,51,9,44,5,10,4,7,3,4,8,4,5,3,0,10,2,8,51,36,15,33,12,21,2,2,0,13,7,6,1,0,1
58647101,98,50,48,6,28,6,16,9,3,1,3,4,5,4,9,1,9,5,4,50,33,17,24,7,17,1,0,1,11,4,7,3,1,2
58648001,622,353,269,33,246,65,81,24,11,10,9,29,37,34,15,12,20,10,10,285,192,93,194,99,95,6,2,4,88,32,56,29,18,11
58649801,1007,549,458,62,348,87,128,36,45,15,19,65,48,53,71,5,59,26,33,365,236,129,361,174,187,9,2,7,170,82,88,43,29,14
58650101,391,226,165,30,112,34,31,30,15,6,10,22,26,26,31,2,9,7,2,145,102,43,146,71,75,1,0,1,67,31,36,23,15,8
58651001,1761,990,771,73,682,168,195,71,37,25,34,130,106,99,84,6,61,30,31,701,453,248,632,310,322,28,12,16,277,144,133,62,41,21
58651002,55,28,27,3,25,4,4,2,2,0,0,2,4,2,5,0,7,6,1,27,13,14,14,6,8,1,0,1,4,1,3,2,2,0
58652801,66,38,28,2,19,10,9,0,1,2,2,6,2,4,5,0,7,6,1,33,21,12,16,4,12,0,0,0,10,7,3,0,0,0
58652802,55,30,25,2,19,7,5,4,2,0,1,2,2,2,4,0,6,2,4,20,12,8,19,10,9,0,0,0,9,5,4,1,1,0
58652803,1164,627,537,30,378,97,132,52,44,16,30,100,73,58,92,9,55,23,32,429,282,147,426,198,228,10,4,6,204,91,113,40,29,11
58652804,266,152,114,4,120,33,23,9,10,4,9,12,13,10,10,0,10,3,7,85,58,27,105,51,54,3,1,2,45,23,22,18,16,2
58653601,68,43,25,1,22,14,8,3,2,1,1,3,4,5,3,0,6,4,2,30,22,8,13,6,7,1,0,1,14,9,5,4,2,2
58654401,234,124,110,22,64,17,25,14,5,3,4,14,11,25,21,2,7,2,5,99,58,41,81,39,42,3,1,2,36,18,18,8,6,2
58655201,385,210,175,10,133,41,40,16,10,3,8,23,16,17,49,3,11,7,4,182,112,70,113,54,59,7,0,7,59,29,30,13,8,5
58656101,434,242,192,60,148,39,50,17,14,8,2,25,19,11,18,6,25,10,15,201,123,78,137,70,67,7,2,5,51,28,23,13,9,4
58657901,150,92,58,12,56,19,11,8,5,2,2,9,8,4,12,1,8,5,3,64,47,17,62,33,29,1,0,1,10,4,6,5,3,2
3140810,0,0,0,0,0,0,0,0,0,0,0,0,0,0,0,0,0,0,0,0,0,0,0,0,0,0,0,0,0,0,0,0,0,0
3400060,0,0,0,0,0,0,0,0,0,0,0,0,0,0,0,0,0,0,0,0,0,0,0,0,0,0,0,0,0,0,0,0,0,0
58658702,76,43,33,2,13,8,11,5,1,6,3,9,1,8,7,0,4,4,0,12,7,5,31,17,14,1,1,0,28,14,14,0,0,0
58658703,11,6,5,0,4,1,1,1,0,0,0,0,2,0,0,0,0,0,0,3,3,0,6,1,5,0,0,0,1,1,0,1,1,0
58658704,1204,666,538,52,387,90,118,67,44,21,14,100,59,95,78,14,66,38,28,404,244,160,457,236,221,17,8,9,220,117,103,40,23,17
58658705,686,387,299,35,198,65,77,26,18,16,13,44,38,70,55,5,18,9,9,209,141,68,268,144,124,11,2,9,169,86,83,11,5,6
58658706,25,14,11,3,10,0,2,1,4,0,0,1,2,1,0,0,3,2,1,5,3,2,8,5,3,0,0,0,9,4,5,0,0,0
58658707,528,297,231,30,186,34,60,19,18,8,9,28,36,48,26,4,12,5,7,173,122,51,222,105,117,7,1,6,98,52,46,16,12,4
58658709,10,6,4,0,1,1,4,2,0,0,0,1,0,1,0,0,2,1,1,2,2,0,5,2,3,0,0,0,1,1,0,0,0,0
58659501,280,163,117,14,86,26,35,12,8,8,5,15,16,16,31,2,8,3,5,89,54,35,119,69,50,3,1,2,49,27,22,12,9,3
58660901,552,307,245,18,215,52,71,25,23,8,11,26,30,26,32,2,19,7,12,208,140,68,215,102,113,9,3,6,79,38,41,22,17,5
58661701,155,97,58,12,55,32,17,6,7,2,1,5,3,5,7,1,10,6,4,83,59,24,43,23,20,2,0,2,7,3,4,10,6,4
58661702,42,22,20,10,8,6,2,1,2,0,1,3,0,0,6,0,3,1,2,11,9,2,15,7,8,1,0,1,8,3,5,4,2,2
58662501,761,436,325,31,259,49,89,42,26,14,13,49,55,47,70,5,36,19,17,314,215,99,258,123,135,9,2,7,122,63,59,22,14,8
58662502,902,525,377,29,313,89,104,40,15,14,15,59,47,53,85,9,18,13,5,380,240,140,313,173,140,21,4,17,134,71,63,36,24,12
58663301,161,93,68,16,62,21,14,11,4,3,3,7,3,9,5,2,11,3,8,72,51,21,50,25,25,1,0,1,19,8,11,8,6,2
58664101,1041,579,462,65,371,121,94,48,32,15,10,57,50,71,74,8,67,31,36,454,282,172,321,165,156,13,0,13,143,69,74,43,32,11
58665001,249,146,103,17,100,34,25,15,4,5,3,13,10,9,7,0,8,4,4,126,82,44,76,36,40,3,1,2,22,12,10,14,11,3
58666801,422,225,197,19,133,63,47,26,23,5,3,22,27,23,16,1,22,8,14,204,124,80,133,69,64,4,0,4,48,19,29,11,5,6
58667601,180,96,84,13,70,17,25,8,6,5,3,10,7,3,9,1,12,5,7,83,54,29,52,22,30,4,1,3,20,8,12,9,6,3
58668401,23,14,9,1,6,2,6,1,1,1,0,2,2,1,0,0,1,1,0,4,4,0,13,8,5,0,0,0,5,1,4,0,0,0
58668402,389,212,177,23,112,47,52,22,15,5,2,17,23,28,29,2,16,8,8,170,117,53,142,63,79,3,2,1,50,16,34,8,6,2
58669201,348,190,158,28,95,51,21,14,12,13,11,32,16,16,30,1,12,5,7,150,96,54,116,51,65,12,5,7,50,28,22,8,5,3
58670601,1037,578,459,60,404,109,119,40,25,14,15,65,39,55,57,11,55,25,30,494,312,182,313,155,158,17,6,11,117,53,64,41,27,14
58671401,1287,747,540,73,589,70,104,70,33,18,13,62,61,94,52,9,69,41,28,478,310,168,410,217,193,17,8,9,256,134,122,57,37,20
1807000,0,0,0,0,0,0,0,0,0,0,0,0,0,0,0,0,0,0,0,0,0,0,0,0,0,0,0,0,0,0,0,0,0,0
3217450,0,0,0,0,0,0,0,0,0,0,0,0,0,0,0,0,0,0,0,0,0,0,0,0,0,0,0,0,0,0,0,0,0,0
3217530,0,0,0,0,0,0,0,0,0,0,0,0,0,0,0,0,0,0,0,0,0,0,0,0,0,0,0,0,0,0,0,0,0,0
58672203,352,196,156,17,139,27,39,19,11,3,5,29,14,16,26,1,8,3,5,148,103,45,143,64,79,2,0,2,46,22,24,5,4,1
58672204,400,236,164,18,157,40,49,37,4,2,4,23,12,23,17,0,13,7,6,180,122,58,148,76,72,2,0,2,50,26,24,7,5,2
58672206,16,10,6,3,2,2,0,2,1,0,0,2,1,0,1,0,2,0,2,8,8,0,5,1,4,0,0,0,1,1,0,0,0,0
58672207,43,24,19,1,21,4,3,0,2,0,0,1,2,5,2,1,1,0,1,8,6,2,18,11,7,2,0,2,11,6,5,3,1,2
58672208,236,129,107,4,104,18,21,12,10,1,1,18,14,10,18,2,16,7,9,111,68,43,76,42,34,3,1,2,21,7,14,9,4,5
58672209,1165,609,556,15,478,73,147,63,40,6,14,86,50,67,82,11,85,40,45,495,284,211,374,186,188,16,4,12,161,74,87,34,21,13
58672210,1836,1014,822,43,639,146,222,111,55,40,34,140,96,122,128,14,87,46,41,587,381,206,737,370,367,25,11,14,356,178,178,44,28,16
58672211,797,444,353,14,271,79,75,51,27,13,11,60,44,55,52,11,54,32,22,263,162,101,284,152,132,15,4,11,137,58,79,44,36,8
58672212,100,53,47,4,36,7,7,5,5,0,0,13,4,4,11,0,4,1,3,38,25,13,34,15,19,0,0,0,23,11,12,1,1,0
58673101,236,135,101,8,83,21,23,18,2,6,5,22,10,8,22,1,12,9,3,99,62,37,82,41,41,0,0,0,31,17,14,12,6,6
58674901,470,270,200,32,153,41,61,37,9,3,7,22,26,32,30,2,26,16,10,185,120,65,164,78,86,8,2,6,69,40,29,18,14,4
58675701,409,236,173,18,131,38,44,25,13,8,5,27,25,23,29,4,20,10,10,172,111,61,133,69,64,9,3,6,65,35,30,10,8,2
58675702,960,550,410,41,321,80,106,67,36,15,5,58,61,65,66,12,41,17,24,392,272,120,303,153,150,16,4,12,177,84,93,31,20,11
58676501,2166,1171,995,96,757,188,267,133,41,44,34,136,99,148,133,20,82,38,44,846,547,299,764,359,405,41,13,28,360,164,196,73,50,23
58677301,261,144,117,13,78,18,17,20,12,2,1,22,8,36,24,2,14,8,6,87,66,21,97,40,57,5,0,5,50,25,25,8,5,3
58678101,336,200,136,22,116,54,31,14,9,2,2,16,14,16,30,2,19,10,9,183,120,63,86,44,42,5,3,2,31,15,16,12,8,4
58679001,23,13,10,1,5,2,1,3,0,1,0,6,0,0,4,0,2,2,0,9,5,4,4,2,2,0,0,0,7,4,3,1,0,1
58679002,15,12,3,3,1,1,1,3,0,1,0,0,2,1,0,0,1,1,0,5,5,0,9,6,3,0,0,0,0,0,0,0,0,0
58679003,507,279,228,19,154,43,63,31,16,17,7,40,29,37,34,2,20,9,11,186,115,71,171,89,82,9,2,7,104,51,53,17,13,4
58680301,1176,672,504,24,496,76,118,56,34,22,21,62,72,72,83,5,71,37,34,474,300,174,418,219,199,17,9,8,167,86,81,29,21,8
58681101,222,121,101,10,86,21,17,10,7,5,1,11,17,9,16,5,10,4,6,98,67,31,74,28,46,7,2,5,24,15,9,9,5,4
58682001,424,239,185,20,132,38,53,36,15,5,7,24,24,25,27,7,17,9,8,205,132,73,129,59,70,4,2,2,57,31,26,12,6,6
58683801,79,47,32,6,28,13,6,4,1,0,0,5,6,4,2,1,3,1,2,39,26,13,26,15,11,2,0,2,4,2,2,5,3,2
59289701,113,59,54,3,42,11,7,9,4,2,1,7,10,6,10,0,10,7,3,52,29,23,35,17,18,3,0,3,10,3,7,3,3,0
59290101,268,148,120,9,87,28,25,12,8,1,5,16,32,16,22,1,18,9,9,110,77,33,91,35,56,7,2,5,34,18,16,8,7,1
59290102,92,54,38,9,31,8,11,2,1,1,1,5,3,7,9,1,1,1,0,40,29,11,25,10,15,2,0,2,20,11,9,4,3,1
59290103,67,38,29,4,24,11,2,2,1,1,4,5,5,2,4,0,3,2,1,30,22,8,25,9,16,0,0,0,9,5,4,0,0,0
59291901,600,325,275,19,196,50,78,28,14,20,14,44,33,45,39,5,12,7,5,245,162,83,224,99,125,16,2,14,87,46,41,16,9,7
59292701,435,234,201,11,137,49,41,28,8,13,6,28,28,38,37,2,10,4,6,164,101,63,165,81,84,5,1,4,79,40,39,12,7,5
0141250,0,0,0,0,0,0,0,0,0,0,0,0,0,0,0,0,0,0,0,0,0,0,0,0,0,0,0,0,0,0,0,0,0,0
3299410,0,0,0,0,0,0,0,0,0,0,0,0,0,0,0,0,0,0,0,0,0,0,0,0,0,0,0,0,0,0,0,0,0,0
3918670,0,0,0,0,0,0,0,0,0,0,0,0,0,0,0,0,0,0,0,0,0,0,0,0,0,0,0,0,0,0,0,0,0,0
3918750,0,0,0,0,0,0,0,0,0,0,0,0,0,0,0,0,0,0,0,0,0,0,0,0,0,0,0,0,0,0,0,0,0,0
3918830,0,0,0,0,0,0,0,0,0,0,0,0,0,0,0,0,0,0,0,0,0,0,0,0,0,0,0,0,0,0,0,0,0,0
3918910,0,0,0,0,0,0,0,0,0,0,0,0,0,0,0,0,0,0,0,0,0,0,0,0,0,0,0,0,0,0,0,0,0,0
3919050,0,0,0,0,0,0,0,0,0,0,0,0,0,0,0,0,0,0,0,0,0,0,0,0,0,0,0,0,0,0,0,0,0,0
3148110,0,0,0,0,0,0,0,0,0,0,0,0,0,0,0,0,0,0,0,0,0,0,0,0,0,0,0,0,0,0,0,0,0,0
3399620,0,0,0,0,0,0,0,0,0,0,0,0,0,0,0,0,0,0,0,0,0,0,0,0,0,0,0,0,0,0,0,0,0,0
3399710,0,0,0,0,0,0,0,0,0,0,0,0,0,0,0,0,0,0,0,0,0,0,0,0,0,0,0,0,0,0,0,0,0,0
3399890,0,0,0,0,0,0,0,0,0,0,0,0,0,0,0,0,0,0,0,0,0,0,0,0,0,0,0,0,0,0,0,0,0,0
59294301,396,239,157,13,140,52,36,14,11,16,4,26,24,18,31,1,21,17,4,165,99,66,116,61,55,9,5,4,66,41,25,19,16,3
59294302,180,103,77,7,73,9,18,8,4,3,1,11,9,12,17,1,10,6,4,74,53,21,60,22,38,1,1,0,29,18,11,6,3,3
59294303,255,138,117,11,103,16,20,7,9,5,11,11,15,19,22,1,5,1,4,105,71,34,94,43,51,1,0,1,33,17,16,17,6,11
59294304,187,107,80,12,77,16,11,9,3,9,6,8,11,10,12,1,8,4,4,67,42,25,65,38,27,0,0,0,38,19,19,9,4,5
59294305,316,170,146,8,107,25,33,12,3,4,4,26,22,32,26,4,20,12,8,107,67,40,114,47,67,6,4,2,60,34,26,9,6,3
59294306,438,252,186,9,163,37,40,16,11,4,7,33,29,44,27,1,29,12,17,139,85,54,136,78,58,10,3,7,103,58,45,21,16,5
59294307,69,40,29,2,16,6,14,2,2,0,2,7,9,3,3,0,1,1,0,25,16,9,24,12,12,2,2,0,15,8,7,2,1,1
59294308,931,530,401,24,314,83,78,56,31,23,15,66,60,62,75,9,79,41,38,342,227,115,303,158,145,14,4,10,140,71,69,53,29,24
59294309,233,123,110,4,62,16,28,10,3,11,6,15,25,19,25,3,9,3,6,78,51,27,75,31,44,3,2,1,64,34,30,4,2,2
59294310,235,136,99,8,68,16,18,15,11,7,4,25,20,20,13,2,5,1,4,54,38,16,82,47,35,4,0,4,81,46,35,9,4,5
59297801,140,86,54,9,50,19,14,10,3,2,0,4,11,5,11,1,7,6,1,68,47,21,38,21,17,4,2,2,15,6,9,8,4,4
59298601,114,71,43,4,34,12,8,10,0,2,3,10,8,6,13,0,7,4,3,41,32,9,39,20,19,4,2,2,18,9,9,5,4,1
59299401,455,255,200,10,142,66,58,16,6,18,11,27,27,32,20,3,24,14,10,172,112,60,159,74,85,12,7,5,72,35,37,16,13,3
59300101,1187,656,531,19,289,126,113,51,45,43,25,79,120,88,137,4,43,20,23,367,242,125,420,213,207,27,7,20,295,155,140,35,19,16
59301001,301,158,143,13,115,45,31,11,5,6,2,21,25,7,8,3,24,14,10,143,86,57,78,34,44,2,1,1,34,13,21,20,10,10
59302802,439,252,187,15,140,33,56,26,16,7,7,38,23,26,36,3,13,5,8,166,106,60,149,77,72,4,2,2,77,41,36,30,21,9
55021302,439,247,192,11,152,31,29,22,6,24,8,35,20,37,34,2,17,10,7,142,99,43,148,67,81,7,1,6,111,61,50,14,9,5
59303601,213,115,98,10,79,22,15,12,6,4,1,9,17,11,18,2,18,7,11,94,65,29,55,18,37,4,1,3,39,23,16,3,1,2
59303602,21,11,10,2,7,3,0,1,1,2,0,1,0,3,1,0,2,1,1,11,5,6,2,2,0,0,0,0,6,3,3,0,0,0
59304401,509,279,230,9,181,40,41,36,10,19,10,44,36,30,38,2,29,12,17,193,124,69,168,88,80,14,5,9,93,45,48,12,5,7
55082501,133,74,59,4,38,14,24,4,0,2,6,16,9,7,7,0,2,1,1,30,23,7,52,29,23,1,0,1,45,20,25,3,1,2
55082502,560,329,231,5,141,47,70,28,13,46,24,66,25,31,46,4,15,3,12,166,114,52,206,116,90,11,2,9,150,86,64,12,8,4
55082503,82,49,33,4,31,6,8,8,0,0,0,10,4,4,4,0,2,2,0,47,29,18,16,10,6,2,0,2,12,7,5,3,1,2
59305201,421,237,184,8,131,39,51,27,9,10,13,30,29,22,36,0,17,5,12,152,108,44,172,88,84,5,0,5,70,34,36,5,2,3
59306101,187,106,81,10,73,15,14,10,2,2,4,13,17,4,14,2,5,3,2,83,50,33,62,34,28,3,1,2,27,12,15,7,6,1
59306102,123,69,54,5,43,7,15,13,4,1,0,4,14,8,7,0,5,4,1,41,26,15,45,20,25,1,0,1,23,11,12,8,8,0
59307901,396,215,181,14,127,45,46,22,5,9,7,25,26,21,28,2,15,7,8,156,98,58,136,65,71,8,2,6,60,27,33,21,16,5
59308701,216,118,98,11,57,27,23,10,5,0,2,19,17,13,29,1,23,10,13,92,61,31,74,33,41,2,0,2,18,8,10,7,6,1
59308703,36,20,16,1,14,2,4,2,0,0,1,3,0,4,5,0,5,2,3,6,5,1,17,11,6,1,0,1,6,2,4,1,0,1
59309501,116,71,45,12,31,18,6,4,3,5,0,7,6,8,13,1,7,5,2,45,30,15,43,24,19,5,1,4,11,7,4,5,4,1
59311701,194,116,78,5,67,22,15,9,4,2,1,13,18,7,24,1,2,1,1,102,70,32,61,31,30,2,0,2,22,10,12,5,4,1
59311702,1200,651,549,32,553,112,93,67,23,14,13,80,59,58,58,8,76,35,41,509,320,189,387,183,204,26,8,18,163,76,87,39,29,10
59312502,192,103,89,10,52,27,16,14,6,5,7,10,16,10,15,1,7,3,4,81,52,29,58,25,33,4,0,4,31,14,17,11,9,2
59314101,353,193,160,7,97,46,39,23,8,12,5,32,22,21,23,2,12,8,4,116,78,38,135,71,64,4,1,3,74,32,42,12,3,9
59315001,149,91,58,19,48,21,8,7,4,2,1,11,9,5,8,1,11,5,6,79,53,26,37,20,17,1,0,1,14,8,6,7,5,2
59315002,49,31,18,3,21,5,3,2,1,0,0,5,2,1,4,0,3,1,2,21,16,5,16,9,7,1,0,1,7,4,3,1,1,0
59316801,366,197,169,4,119,48,40,19,8,13,8,32,18,20,18,3,14,8,6,139,84,55,125,68,57,3,1,2,73,30,43,12,6,6
55010801,181,108,73,14,45,21,18,11,5,3,0,19,18,3,18,0,10,4,6,75,51,24,60,31,29,2,1,1,23,14,9,11,7,4
59318401,60,32,28,5,21,4,5,2,4,1,0,4,3,6,3,1,4,2,2,25,17,8,17,6,11,2,0,2,9,4,5,3,3,0
3207650,0,0,0,0,0,0,0,0,0,0,0,0,0,0,0,0,0,0,0,0,0,0,0,0,0,0,0,0,0,0,0,0,0,0
59319201,197,115,82,22,55,15,18,10,1,6,2,22,10,17,14,0,6,1,5,64,47,17,85,49,36,4,0,4,35,16,19,3,2,1
59321401,998,554,444,21,250,95,133,85,20,37,19,90,65,77,72,4,44,23,21,312,212,100,351,169,182,18,5,13,257,133,124,16,12,4
59322201,417,235,182,10,157,37,37,23,10,21,3,36,20,22,28,2,23,13,10,149,103,46,162,74,88,11,7,4,60,31,29,12,7,5
59323101,79,47,32,9,26,9,6,6,1,0,1,5,6,4,4,0,3,2,1,35,26,9,28,14,14,2,0,2,9,3,6,2,2,0
59324901,233,134,99,8,74,33,24,18,2,9,3,15,20,11,9,0,13,4,9,106,74,32,70,30,40,5,2,3,26,14,12,13,10,3
59325701,686,395,291,20,244,67,70,47,16,15,17,45,37,36,38,5,33,16,17,274,176,98,224,118,106,17,2,15,113,65,48,25,18,7
59326501,355,201,154,21,89,32,37,17,11,14,9,28,15,21,46,0,10,4,6,117,80,37,155,78,77,5,2,3,58,29,29,10,8,2
59327301,505,268,237,13,122,56,53,29,22,15,9,37,52,29,41,2,13,7,6,166,106,60,174,81,93,6,0,6,127,63,64,19,11,8
59328101,129,71,58,6,34,15,13,5,4,5,1,15,8,6,9,1,8,5,3,51,34,17,48,23,25,4,1,3,14,6,8,4,2,2
59329001,53,33,20,4,23,3,2,5,0,1,0,7,1,1,1,0,2,0,2,33,23,10,5,4,1,0,0,0,5,3,2,8,3,5
55014101,187,106,81,5,78,14,14,10,4,3,2,17,18,5,11,1,8,4,4,89,60,29,54,27,27,3,1,2,31,14,17,2,0,2
59332001,349,200,149,15,105,46,35,28,8,12,4,32,16,19,17,4,19,11,8,162,110,52,111,47,64,2,0,2,51,28,23,4,4,0
59333801,10,6,4,0,3,1,2,1,0,0,0,0,0,0,2,0,0,0,0,6,3,3,2,1,1,0,0,0,2,2,0,0,0,0
59333802,153,94,59,18,58,10,10,5,1,8,6,8,8,8,9,0,9,5,4,61,40,21,50,26,24,0,0,0,28,20,8,5,3,2
59334601,277,160,117,7,95,52,12,19,5,6,6,17,18,16,16,1,15,6,9,120,83,37,84,44,40,5,3,2,37,18,19,16,6,10
55704801,240,130,110,10,81,16,20,12,5,7,0,22,19,21,22,3,16,4,12,86,57,29,77,36,41,7,1,6,37,19,18,17,13,4
59337101,411,230,181,12,151,34,35,22,6,18,10,35,15,24,38,2,18,8,10,159,104,55,136,71,65,6,4,2,80,36,44,12,7,5
59338901,147,83,64,17,54,14,11,4,2,2,0,12,15,4,7,1,8,4,4,55,33,22,57,27,30,0,0,0,17,10,7,10,9,1
59339701,346,195,151,16,87,27,40,10,12,16,6,33,20,21,40,2,16,5,11,99,64,35,110,63,47,5,1,4,108,55,53,8,7,1
59340101,188,103,85,15,51,21,20,24,3,4,2,10,14,9,12,2,14,8,6,77,47,30,63,30,33,2,1,1,29,16,13,3,1,2
59341901,175,97,78,7,54,20,18,15,5,5,4,7,9,16,11,1,6,2,4,70,41,29,59,34,25,0,0,0,36,17,19,4,3,1
59341902,141,82,59,10,45,12,17,15,1,5,1,8,6,8,7,1,11,6,5,51,33,18,48,25,23,5,2,3,20,11,9,6,5,1
59341903,73,46,27,4,27,6,11,4,1,3,0,6,2,5,3,0,4,2,2,32,26,6,22,10,12,1,1,0,11,6,5,3,1,2
59341904,116,71,45,3,45,10,17,9,5,3,0,3,5,7,8,1,6,3,3,59,38,21,34,21,13,1,1,0,13,7,6,3,1,2
59342701,18,10,8,1,5,0,2,2,0,0,0,1,2,4,0,0,0,0,0,5,3,2,4,2,2,0,0,0,8,4,4,1,1,0
59342702,177,101,76,6,70,9,15,11,6,6,3,13,10,10,16,0,7,4,3,63,42,21,73,39,34,3,1,2,25,13,12,6,2,4
59343501,384,223,161,11,125,44,48,21,9,12,8,34,20,14,22,1,23,15,8,151,93,58,123,69,54,6,1,5,64,34,30,17,11,6
59344301,21,15,6,2,9,3,1,1,1,0,0,1,2,0,1,0,1,1,0,11,9,2,7,4,3,1,0,1,0,0,0,1,1,0
59344302,17,12,5,4,6,2,1,0,1,0,1,1,0,1,0,0,1,1,0,10,8,2,3,1,2,0,0,0,2,1,1,1,1,0
55013201,294,168,126,11,82,34,24,17,12,14,8,26,12,22,19,0,20,9,11,110,72,38,81,43,38,3,0,3,77,41,36,3,3,0
55013202,27,15,12,0,9,5,3,1,0,0,1,1,2,0,4,0,0,0,0,8,5,3,11,5,6,1,0,1,6,4,2,1,1,0
59346001,152,96,56,16,51,19,13,5,3,2,0,9,12,5,13,1,6,3,3,59,42,17,49,31,18,2,1,1,25,13,12,11,6,5
59347801,795,451,344,18,234,96,117,46,24,29,13,57,38,48,54,3,45,30,15,339,209,130,242,124,118,9,1,8,129,69,60,31,18,13
55079501,118,75,43,3,42,16,11,8,7,4,2,8,4,4,4,0,9,5,4,56,38,18,34,22,12,1,0,1,14,6,8,4,4,0
3303610,0,0,0,0,0,0,0,0,0,0,0,0,0,0,0,0,0,0,0,0,0,0,0,0,0,0,0,0,0,0,0,0,0,0
59348601,75,45,30,9,16,3,4,12,2,1,3,8,9,4,3,1,4,3,1,30,20,10,27,12,15,2,0,2,7,6,1,5,4,1
55017501,222,130,92,14,85,20,21,8,9,5,3,14,14,9,15,0,14,5,9,88,64,24,71,38,33,3,0,3,39,18,21,7,5,2
59349401,30,18,12,4,8,1,4,2,1,0,2,3,3,1,1,0,1,0,1,7,5,2,9,8,1,1,1,0,10,3,7,2,1,1
59349402,267,152,115,15,102,30,23,13,5,5,4,15,16,14,16,1,14,8,6,110,70,40,88,41,47,2,0,2,41,26,15,12,7,5
59350801,380,218,162,19,125,30,32,9,6,11,7,32,39,29,31,1,11,4,7,117,84,33,141,75,66,10,5,5,89,43,46,12,7,5
59350802,558,305,253,14,198,60,41,18,12,11,12,38,71,40,32,1,12,6,6,195,124,71,200,99,101,17,4,13,116,60,56,18,12,6
59351601,250,143,107,4,61,33,31,19,5,11,3,19,25,13,16,0,15,6,9,84,62,22,88,34,54,4,2,2,49,32,17,10,7,3
59351602,354,191,163,11,79,46,47,15,14,14,4,29,27,29,25,2,21,9,12,135,85,50,122,63,59,6,1,5,60,28,32,10,5,5
59352401,153,83,70,4,42,17,15,6,2,7,2,10,18,14,11,0,3,2,1,54,39,15,51,20,31,1,0,1,38,20,18,6,2,4
59352402,42,25,17,0,15,5,6,2,1,0,0,1,3,6,2,0,4,2,2,12,9,3,16,9,7,0,0,0,7,3,4,3,2,1
59353201,326,187,139,20,102,35,35,24,5,7,4,29,18,20,12,4,15,9,6,135,90,45,100,56,44,7,2,5,52,21,31,17,9,8
55489801,197,114,83,10,56,28,21,13,6,6,4,21,11,8,9,1,6,4,2,88,59,29,56,26,30,2,0,2,33,18,15,12,7,5
55489802,72,44,28,3,24,7,6,8,1,3,2,7,2,3,4,0,3,2,1,34,25,9,20,6,14,0,0,0,9,6,3,6,5,1
3148710,0,0,0,0,0,0,0,0,0,0,0,0,0,0,0,0,0,0,0,0,0,0,0,0,0,0,0,0,0,0,0,0,0,0
3148890,0,0,0,0,0,0,0,0,0,0,0,0,0,0,0,0,0,0,0,0,0,0,0,0,0,0,0,0,0,0,0,0,0,0
3149010,0,0,0,0,0,0,0,0,0,0,0,0,0,0,0,0,0,0,0,0,0,0,0,0,0,0,0,0,0,0,0,0,0,0
3149190,0,0,0,0,0,0,0,0,0,0,0,0,0,0,0,0,0,0,0,0,0,0,0,0,0,0,0,0,0,0,0,0,0,0
59355901,207,115,92,5,80,20,26,4,3,6,5,16,16,16,6,0,10,8,2,73,49,24,68,29,39,2,0,2,47,25,22,7,4,3
59355902,154,88,66,3,54,16,22,6,1,5,4,11,14,9,5,0,9,5,4,57,39,18,55,29,26,1,0,1,24,12,12,8,3,5
59355903,376,197,179,10,120,34,45,14,10,13,7,24,26,25,30,0,10,4,6,132,82,50,138,66,72,5,1,4,81,39,42,10,5,5
59355904,364,199,165,18,116,33,33,28,7,17,8,25,20,19,22,0,21,14,7,133,76,57,131,76,55,10,0,10,61,28,33,8,5,3
59355905,11,9,2,0,2,5,0,1,2,0,0,0,0,0,0,1,1,1,0,4,3,1,2,1,1,0,0,0,2,2,0,2,2,0
59355906,59,31,28,2,16,5,6,3,0,1,5,11,3,2,4,0,4,1,3,17,10,7,27,13,14,0,0,0,10,6,4,1,1,0
59355907,256,144,112,7,85,25,28,11,10,16,1,25,5,16,16,1,12,5,7,90,60,30,85,41,44,6,4,2,55,29,26,8,5,3
59355908,138,77,61,1,47,11,26,7,2,5,1,11,6,7,7,1,3,1,2,50,35,15,43,20,23,3,2,1,31,17,14,8,2,6
59355909,175,98,77,1,62,9,21,7,5,6,0,11,13,16,10,1,7,4,3,59,33,26,61,37,24,2,1,1,43,22,21,3,1,2
59355910,501,273,228,4,144,32,70,32,19,21,6,45,30,42,39,4,18,11,7,178,113,65,181,81,100,7,1,6,91,49,42,26,18,8
59355911,195,115,80,4,63,23,30,14,7,8,2,11,3,8,10,2,15,7,8,60,38,22,64,36,28,2,1,1,28,13,15,26,20,6
59355912,364,198,166,8,86,26,47,24,7,18,7,43,25,25,33,2,16,9,7,64,45,19,142,69,73,13,4,9,119,63,56,10,8,2
59356701,314,174,140,24,91,28,27,11,8,8,4,21,29,28,28,2,10,5,5,112,70,42,117,61,56,5,1,4,65,33,32,5,4,1
55397201,69,39,30,2,26,6,10,4,1,1,2,3,6,6,0,1,3,1,2,34,18,16,21,12,9,0,0,0,6,3,3,5,5,0
55397202,76,44,32,10,22,11,3,7,3,1,1,5,5,2,4,1,5,1,4,30,20,10,23,14,9,1,0,1,14,6,8,3,3,0
3045220,0,0,0,0,0,0,0,0,0,0,0,0,0,0,0,0,0,0,0,0,0,0,0,0,0,0,0,0,0,0,0,0,0,0
3045730,0,0,0,0,0,0,0,0,0,0,0,0,0,0,0,0,0,0,0,0,0,0,0,0,0,0,0,0,0,0,0,0,0,0
3045900,0,0,0,0,0,0,0,0,0,0,0,0,0,0,0,0,0,0,0,0,0,0,0,0,0,0,0,0,0,0,0,0,0,0
3046380,0,0,0,0,0,0,0,0,0,0,0,0,0,0,0,0,0,0,0,0,0,0,0,0,0,0,0,0,0,0,0,0,0,0
3046460,0,0,0,0,0,0,0,0,0,0,0,0,0,0,0,0,0,0,0,0,0,0,0,0,0,0,0,0,0,0,0,0,0,0
59358301,439,225,214,9,131,38,45,24,20,15,9,39,29,21,28,3,14,4,10,132,88,44,161,74,87,12,3,9,97,50,47,23,6,17
59358302,896,475,421,15,218,78,95,46,24,32,14,94,54,83,101,6,47,20,27,253,159,94,301,150,151,17,8,9,248,116,132,30,22,8
59358303,37,20,17,1,10,2,8,1,0,2,1,5,4,1,0,0,1,0,1,12,8,4,11,3,8,1,1,0,12,8,4,0,0,0
59358304,321,185,136,4,97,26,45,22,13,14,4,25,18,16,24,1,20,9,11,116,80,36,111,60,51,9,3,6,56,26,30,9,7,2
59358305,11,7,4,0,2,2,1,0,0,2,0,1,0,0,2,0,0,0,0,0,0,0,4,3,1,1,0,1,6,4,2,0,0,0
59358306,447,240,207,4,83,33,54,24,14,31,19,55,28,37,47,1,12,4,8,78,55,23,150,78,72,5,1,4,188,96,92,14,6,8
59358307,543,302,241,12,163,45,57,25,19,19,9,56,31,37,34,6,38,24,14,175,106,69,171,97,74,11,3,8,117,56,61,31,16,15
59358308,616,333,283,9,181,51,74,26,22,29,14,46,42,47,57,1,24,11,13,204,122,82,210,104,106,16,5,11,139,76,63,23,15,8
59358309,324,165,159,5,74,19,36,7,5,40,18,46,22,24,17,2,5,3,2,41,28,13,107,54,53,5,3,2,161,73,88,5,4,1
59359101,149,84,65,6,53,16,18,8,3,1,2,17,13,5,6,1,10,6,4,71,45,26,42,18,24,1,1,0,21,12,9,4,2,2
59360501,31,19,12,4,7,2,3,1,0,2,0,6,4,0,1,0,1,1,0,11,6,5,13,8,5,0,0,0,6,4,2,0,0,0
59360502,189,108,81,12,63,12,14,10,2,9,2,11,22,7,21,0,10,3,7,78,49,29,57,38,19,6,1,5,28,11,17,10,6,4
59361301,519,287,232,7,150,36,81,46,7,7,15,45,28,43,35,1,28,16,12,196,130,66,172,86,86,9,1,8,88,36,52,26,18,8
59362101,481,272,209,33,182,52,31,21,7,10,7,30,40,28,29,4,14,7,7,224,143,81,148,72,76,7,3,4,75,39,36,13,8,5
59363001,160,88,72,9,50,11,13,14,2,5,3,17,11,11,8,1,10,6,4,57,37,20,59,27,32,2,2,0,31,15,16,1,1,0
59364801,275,155,120,4,80,41,25,11,12,6,5,28,16,13,13,4,12,4,8,100,64,36,94,51,43,5,3,2,51,23,28,13,10,3
55019101,110,65,45,13,25,12,18,6,3,0,1,10,5,1,12,1,9,3,6,56,39,17,33,15,18,2,1,1,6,4,2,4,3,1
59365601,212,125,87,14,71,20,21,7,4,9,1,21,12,15,12,2,13,6,7,93,58,35,60,33,27,6,2,4,29,18,11,11,8,3
59366401,374,203,171,12,118,36,47,20,7,8,2,44,18,15,33,2,16,4,12,145,103,42,132,60,72,13,1,12,62,31,31,6,4,2
59368101,585,349,236,8,182,58,68,41,17,29,19,49,40,22,30,4,26,13,13,206,140,66,206,112,94,13,4,9,110,62,48,24,18,6
1886110,0,0,0,0,0,0,0,0,0,0,0,0,0,0,0,0,0,0,0,0,0,0,0,0,0,0,0,0,0,0,0,0,0,0
1886200,0,0,0,0,0,0,0,0,0,0,0,0,0,0,0,0,0,0,0,0,0,0,0,0,0,0,0,0,0,0,0,0,0,0
1886380,0,0,0,0,0,0,0,0,0,0,0,0,0,0,0,0,0,0,0,0,0,0,0,0,0,0,0,0,0,0,0,0,0,0
1886710,0,0,0,0,0,0,0,0,0,0,0,0,0,0,0,0,0,0,0,0,0,0,0,0,0,0,0,0,0,0,0,0,0,0
1887600,0,0,0,0,0,0,0,0,0,0,0,0,0,0,0,0,0,0,0,0,0,0,0,0,0,0,0,0,0,0,0,0,0,0
1887860,0,0,0,0,0,0,0,0,0,0,0,0,0,0,0,0,0,0,0,0,0,0,0,0,0,0,0,0,0,0,0,0,0,0
1888080,0,0,0,0,0,0,0,0,0,0,0,0,0,0,0,0,0,0,0,0,0,0,0,0,0,0,0,0,0,0,0,0,0,0
3404300,0,0,0,0,0,0,0,0,0,0,0,0,0,0,0,0,0,0,0,0,0,0,0,0,0,0,0,0,0,0,0,0,0,0
59288901,193,104,89,9,47,14,24,8,5,4,5,16,27,10,17,0,9,6,3,58,35,23,71,36,35,2,0,2,47,26,21,6,1,5
59288904,192,100,92,11,70,12,13,4,4,2,6,21,13,12,14,1,9,6,3,63,41,22,68,27,41,4,0,4,43,24,19,5,2,3
59288905,18,10,8,2,6,1,3,0,1,0,0,2,1,0,2,0,4,2,2,7,5,2,4,1,3,0,0,0,2,1,1,1,1,0
59288906,276,162,114,31,81,26,23,9,2,6,1,18,27,17,18,4,12,4,8,106,70,36,80,44,36,7,3,4,62,34,28,9,7,2
59288907,180,101,79,4,56,15,19,13,9,2,4,16,11,9,12,1,8,5,3,66,47,19,78,38,40,2,0,2,22,8,14,4,3,1
59288909,686,379,307,5,166,54,68,38,7,32,12,94,60,52,72,3,23,11,12,167,110,57,250,133,117,12,1,11,221,115,106,13,9,4
59288910,287,150,137,8,70,18,20,13,10,6,4,27,58,23,21,1,12,8,4,77,45,32,95,43,52,8,1,7,87,51,36,8,2,6
59288911,1234,612,622,18,336,74,122,45,46,28,20,98,155,106,138,7,45,24,21,345,176,169,477,206,271,24,11,13,315,176,139,28,19,9
59288912,48,19,29,0,12,2,5,2,2,2,4,2,4,0,10,0,0,0,0,15,8,7,14,5,9,1,0,1,17,5,12,1,1,0
59288913,844,442,402,9,253,61,85,43,27,21,16,74,63,59,99,8,53,33,20,284,163,121,299,155,144,13,2,11,175,81,94,20,8,12
59288914,647,354,293,17,174,57,64,23,20,18,12,60,72,52,49,4,32,18,14,194,120,74,232,118,114,13,4,9,157,85,72,19,9,10
59288915,182,102,80,6,61,20,16,4,9,5,3,10,18,11,14,1,6,4,2,74,51,23,64,30,34,1,0,1,34,15,19,3,2,1
59288916,305,161,144,6,85,19,24,14,9,9,7,25,39,21,39,0,5,3,2,85,50,35,107,56,51,4,0,4,93,47,46,11,5,6
59288917,82,46,36,0,21,8,5,3,2,0,3,13,6,7,11,0,3,0,3,20,13,7,26,14,12,3,1,2,29,17,12,1,1,0
59288918,340,178,162,2,94,22,30,29,10,9,7,22,36,27,35,0,12,6,6,112,64,48,127,60,67,2,2,0,78,40,38,9,6,3
59288919,610,339,271,11,146,50,52,18,19,16,23,59,70,50,68,0,13,6,7,137,92,45,254,124,130,15,7,8,179,102,77,12,8,4
59288920,289,157,132,1,66,14,31,10,7,8,3,34,34,28,37,0,18,9,9,64,41,23,96,48,48,6,1,5,101,55,46,4,3,1
59288921,306,205,101,11,89,38,41,17,14,3,2,35,9,10,17,8,41,23,18,92,66,26,79,47,32,4,1,3,33,21,12,57,47,10
59288922,201,116,85,6,42,15,25,8,6,9,5,13,26,19,19,0,9,7,2,51,34,17,84,40,44,5,4,1,51,30,21,1,1,0
59288923,65,46,19,3,18,18,4,3,1,1,0,4,2,1,4,0,6,2,4,25,20,5,12,11,1,6,5,1,11,5,6,5,3,2
59288924,88,49,39,1,21,4,11,4,1,5,1,9,6,8,11,3,2,0,2,25,18,7,31,16,15,0,0,0,29,15,14,1,0,1
59288925,38,21,17,2,9,4,2,3,1,1,2,2,4,2,2,1,3,1,2,15,10,5,9,5,4,0,0,0,10,4,6,1,1,0
59288926,150,84,66,23,58,15,5,1,3,1,0,29,0,0,12,1,10,4,6,20,12,8,43,20,23,13,5,8,7,3,4,57,40,17
59288927,2244,1166,1078,21,628,177,218,95,49,77,45,195,261,185,189,16,102,43,59,594,338,256,832,421,411,37,8,29,619,319,300,60,37,23
59288928,697,374,323,12,185,52,80,27,24,29,20,60,70,48,60,4,33,20,13,185,109,76,289,150,139,13,2,11,155,81,74,22,12,10
59288929,131,73,58,3,34,14,10,1,3,3,1,11,21,15,11,1,4,2,2,27,17,10,47,26,21,4,2,2,48,25,23,1,1,0
59369901,386,205,181,6,105,29,41,32,11,17,5,37,30,29,32,3,22,12,10,123,82,41,139,64,75,7,2,5,88,41,47,7,4,3
59370201,149,81,68,8,36,10,21,3,2,3,5,12,23,14,10,0,5,3,2,49,32,17,51,22,29,4,2,2,35,17,18,5,5,0
59372901,153,87,66,14,41,19,19,7,3,2,1,8,11,8,10,1,6,5,1,64,43,21,62,28,34,2,2,0,17,8,9,2,1,1
59373701,86,53,33,6,31,10,4,11,0,1,0,1,9,7,3,0,3,1,2,48,34,14,19,11,8,0,0,0,14,5,9,2,2,0
59373702,37,25,12,1,18,3,3,3,0,1,0,0,4,3,0,0,0,0,0,19,16,3,11,6,5,0,0,0,7,3,4,0,0,0
59373703,39,24,15,6,17,4,2,1,0,0,1,4,2,0,2,0,1,0,1,19,15,4,12,3,9,0,0,0,6,5,1,1,1,0
59374501,105,65,40,13,19,10,8,13,3,1,0,10,7,1,14,1,4,3,1,41,29,12,28,19,9,3,0,3,23,10,13,6,4,2
59375301,38,21,17,3,5,2,2,1,5,2,0,5,3,5,0,0,0,0,0,11,7,4,10,4,6,0,0,0,14,8,6,3,2,1
59375302,16,10,6,2,5,0,1,1,0,1,1,1,1,2,0,0,2,2,0,10,6,4,2,1,1,0,0,0,2,1,1,0,0,0
59376101,46,26,20,1,20,3,5,4,0,0,1,2,3,1,5,0,7,2,5,23,16,7,8,5,3,1,0,1,5,2,3,2,1,1
59377001,204,114,90,22,71,13,19,19,6,1,2,9,15,9,10,3,10,3,7,98,66,32,58,30,28,3,0,3,30,10,20,5,5,0
59377002,376,213,163,36,127,23,30,34,7,4,5,15,27,28,28,2,14,7,7,161,103,58,132,70,62,7,2,5,53,24,29,9,7,2
59378801,307,175,132,18,81,26,37,33,14,7,3,25,17,21,19,0,13,10,3,129,81,48,100,57,43,5,1,4,53,21,32,7,5,2
59379601,83,49,34,7,40,7,7,5,2,0,0,4,5,2,3,0,10,4,6,35,25,10,28,14,14,0,0,0,8,5,3,2,1,1
59380001,178,108,70,20,56,32,10,14,3,1,1,7,10,7,12,2,21,15,6,90,60,30,49,22,27,1,0,1,9,6,3,8,5,3
59381801,70,41,29,21,4,4,6,5,4,1,0,4,3,1,13,1,5,2,3,28,18,10,17,7,10,1,1,0,12,6,6,7,7,0
59382601,21,14,7,4,8,0,3,5,0,0,0,0,0,0,0,1,2,1,1,10,8,2,4,3,1,0,0,0,5,2,3,0,0,0
59382602,32,16,16,4,8,2,6,2,0,0,0,0,2,1,6,0,1,0,1,14,10,4,13,5,8,1,0,1,2,1,1,1,0,1
59382603,22,13,9,2,12,3,1,0,0,0,0,1,0,1,0,0,4,2,2,5,3,2,8,4,4,0,0,0,4,3,1,1,1,0
59382604,462,257,205,58,106,47,40,41,17,4,4,21,25,24,54,1,45,23,22,198,134,64,126,55,71,10,6,4,44,17,27,39,22,17
59382605,196,107,89,23,60,19,13,15,4,6,1,8,8,7,25,1,20,12,8,102,53,49,50,30,20,1,1,0,17,7,10,6,4,2
59384201,349,185,164,19,94,50,19,30,7,2,1,9,13,14,76,4,33,17,16,181,106,75,87,45,42,3,1,2,25,4,21,20,12,8
59385101,294,161,133,18,84,16,31,15,20,3,4,16,25,25,28,0,15,9,6,101,68,33,103,41,62,5,1,4,53,29,24,17,13,4
59386901,106,64,42,15,43,5,9,2,3,3,0,5,7,3,8,2,7,1,6,53,40,13,27,12,15,2,0,2,13,8,5,4,3,1
59387701,110,68,42,2,20,30,5,9,8,2,2,7,5,5,9,0,6,3,3,63,42,21,29,18,11,1,1,0,9,3,6,2,1,1
59388501,40,22,18,6,9,4,2,2,1,0,1,4,1,2,5,0,2,1,1,17,11,6,14,6,8,2,1,1,5,3,2,0,0,0
59389301,64,37,27,8,15,3,5,10,8,0,0,3,2,4,5,0,3,2,1,28,15,13,24,15,9,0,0,0,6,3,3,3,2,1
59390701,159,91,68,13,56,13,20,16,5,2,0,8,9,3,10,0,16,8,8,78,49,29,49,24,25,0,0,0,13,7,6,3,3,0
59392301,126,74,52,7,45,13,11,17,2,2,2,3,5,10,6,1,5,2,3,53,36,17,52,28,24,2,2,0,13,5,8,1,1,0
59393101,206,122,84,13,55,27,18,23,8,4,3,17,8,7,11,4,8,7,1,94,68,26,70,30,40,2,1,1,25,11,14,7,5,2
54694101,1114,618,496,21,286,105,148,70,66,21,20,84,84,68,74,7,67,33,34,427,282,145,395,187,208,20,4,16,179,96,83,26,16,10
59395801,67,36,31,8,20,7,6,8,3,2,1,3,4,3,2,0,7,3,4,26,16,10,22,10,12,1,1,0,7,3,4,4,3,1
59396601,229,129,100,22,67,31,16,17,8,2,2,12,12,23,15,0,12,5,7,94,61,33,77,42,35,2,0,2,41,19,22,3,2,1
59397401,379,216,163,46,105,65,37,20,13,4,2,14,19,21,17,7,30,17,13,201,136,65,102,47,55,5,1,4,29,8,21,12,7,5
59398201,267,151,116,14,58,21,42,13,23,5,3,14,13,15,13,3,21,15,6,108,66,42,95,49,46,5,1,4,29,12,17,9,8,1
59399101,242,133,109,13,73,13,30,21,14,3,1,12,20,12,20,3,18,7,11,96,63,33,78,39,39,2,0,2,36,16,20,12,8,4
59400801,68,34,34,2,20,10,7,3,2,0,0,6,7,5,5,0,2,0,2,38,24,14,20,8,12,0,0,0,4,0,4,4,2,2
59401601,89,50,39,11,19,10,11,7,1,1,1,8,3,8,3,1,5,4,1,41,26,15,34,17,17,0,0,0,7,2,5,2,1,1
59402401,154,79,75,23,34,10,21,8,7,1,4,11,10,8,11,2,8,3,5,61,37,24,56,27,29,5,2,3,18,5,13,6,5,1
59403201,621,345,276,73,175,63,66,45,43,4,1,31,28,26,26,14,67,31,36,316,197,119,165,80,85,4,1,3,39,13,26,30,23,7
59404101,416,238,178,22,122,35,39,20,21,7,6,19,38,38,30,3,21,10,11,192,134,58,110,51,59,9,2,7,68,34,34,16,7,9
59405901,149,78,71,22,32,9,11,6,15,2,1,11,13,5,15,2,12,5,7,54,37,17,58,25,33,4,0,4,17,9,8,4,2,2
59406701,844,457,387,52,299,61,84,51,53,8,8,49,50,48,49,5,68,38,30,341,216,125,278,130,148,18,5,13,110,48,62,29,20,9
59407501,28,16,12,9,1,1,2,0,5,2,0,0,4,0,2,0,3,3,0,12,7,5,5,2,3,1,1,0,7,3,4,0,0,0
59407502,92,54,38,19,24,9,9,9,2,1,1,5,6,3,1,0,6,3,3,50,35,15,26,13,13,0,0,0,8,1,7,2,2,0
59408301,137,82,55,14,60,13,6,3,6,2,4,6,6,4,8,0,5,3,2,73,53,20,40,16,24,2,0,2,15,9,6,2,1,1
59409101,118,70,48,20,26,19,10,7,5,0,1,4,2,11,9,1,5,4,1,57,41,16,32,17,15,1,0,1,17,4,13,6,4,2
59409102,184,105,79,27,40,23,21,13,9,1,0,6,8,18,12,0,8,3,5,84,57,27,53,27,26,1,0,1,31,12,19,7,6,1
59410501,125,70,55,13,42,10,9,9,1,0,1,9,7,9,13,0,1,0,1,60,39,21,44,25,19,2,0,2,17,5,12,1,1,0
59411301,505,298,207,24,164,79,61,30,12,11,6,22,22,20,38,4,32,17,15,248,174,74,142,65,77,9,4,5,60,29,31,14,9,5
59411302,101,60,41,4,28,12,5,5,2,3,3,6,6,12,11,0,3,1,2,33,27,6,37,20,17,5,0,5,22,11,11,1,1,0
59411303,63,33,30,8,17,10,7,4,1,0,2,4,2,4,3,0,2,0,2,40,27,13,17,5,12,1,0,1,3,1,2,0,0,0
59411304,136,74,62,12,49,15,17,8,1,0,1,5,11,3,12,0,5,3,2,72,40,32,40,25,15,2,0,2,12,3,9,5,3,2
59412101,170,98,72,15,48,15,6,10,7,1,4,11,7,9,35,1,11,8,3,83,57,26,54,26,28,3,0,3,17,6,11,2,1,1
59413002,373,212,161,30,130,41,38,40,16,2,2,16,11,15,13,9,40,17,23,205,129,76,85,40,45,1,1,0,25,13,12,17,12,5
59414801,434,258,176,99,114,53,45,22,15,4,1,21,12,12,15,5,31,15,16,227,155,72,124,61,63,6,2,4,29,12,17,17,13,4
59415602,1482,823,659,97,474,140,171,108,70,22,11,79,65,82,83,21,122,63,59,583,359,224,501,254,247,16,8,8,185,91,94,75,48,27
59415603,56,36,20,2,20,4,7,10,2,0,0,2,1,2,1,3,3,1,2,32,23,9,11,7,4,0,0,0,6,2,4,4,3,1
59416402,44,30,14,7,14,2,2,3,2,1,0,3,3,2,2,1,0,0,0,18,12,6,13,10,3,0,0,0,11,6,5,2,2,0
3314900,0,0,0,0,0,0,0,0,0,0,0,0,0,0,0,0,0,0,0,0,0,0,0,0,0,0,0,0,0,0,0,0,0,0
59417201,299,170,129,20,47,23,42,19,28,8,4,17,29,8,12,6,24,12,12,134,88,46,86,44,42,5,1,4,41,20,21,9,5,4
59418101,237,140,97,17,83,24,20,17,7,1,1,13,17,18,14,1,8,6,2,109,71,38,79,47,32,4,1,3,28,9,19,9,6,3
59419901,554,319,235,106,132,64,64,34,25,4,7,22,27,19,22,8,65,35,30,291,181,110,127,64,63,8,2,6,42,22,20,21,15,6
59420201,15,9,6,3,4,2,2,1,1,0,0,1,1,0,0,0,0,0,0,8,5,3,1,1,0,1,0,1,5,3,2,0,0,0
59420202,498,273,225,55,145,34,47,29,21,1,7,20,34,32,55,5,21,10,11,181,114,67,178,92,86,7,2,5,88,41,47,23,14,9
59421101,251,143,108,20,95,22,22,19,6,3,10,21,11,9,8,1,6,4,2,102,64,38,84,48,36,2,1,1,45,20,25,12,6,6
59421102,146,79,67,11,45,19,11,6,3,5,3,8,10,10,11,1,7,4,3,59,42,17,45,16,29,5,3,2,26,11,15,4,3,1
59422901,230,128,102,24,65,26,24,25,5,7,0,12,6,13,13,1,14,9,5,106,65,41,64,30,34,3,0,3,26,12,14,17,12,5
55084101,24,11,13,4,8,3,4,1,0,0,0,1,0,0,2,0,5,1,4,9,6,3,3,1,2,1,0,1,5,2,3,1,1,0
59423701,64,36,28,10,17,10,10,5,1,0,0,1,3,1,3,1,5,2,3,39,23,16,12,7,5,1,0,1,5,3,2,2,1,1
59425301,81,49,32,17,27,9,7,5,4,0,1,2,5,3,0,1,4,2,2,52,34,18,21,11,10,0,0,0,2,1,1,2,1,1
59426101,259,150,109,19,77,21,22,11,10,4,5,21,17,21,18,2,16,8,8,95,68,27,89,43,46,0,0,0,46,23,23,13,8,5
59427001,258,147,111,27,98,26,20,19,9,1,3,14,13,6,7,5,24,10,14,148,100,48,70,31,39,2,0,2,8,2,6,6,4,2
59428801,46,29,17,8,16,6,3,0,1,1,0,4,1,1,4,0,2,1,1,22,17,5,18,9,9,0,0,0,2,2,0,2,0,2
55008601,120,71,49,19,38,13,10,9,5,1,1,6,6,2,4,0,10,2,8,66,48,18,29,14,15,0,0,0,13,6,7,2,1,1
59429601,79,42,37,5,19,8,11,10,2,1,2,3,5,2,3,1,6,2,4,32,22,10,29,14,15,1,0,1,9,3,6,2,1,1
59430001,456,254,202,33,128,50,49,26,16,8,6,37,27,30,30,3,20,9,11,199,131,68,158,76,82,6,0,6,69,36,33,4,2,2
59431801,63,32,31,6,15,11,9,1,3,1,0,2,3,5,2,1,4,3,1,33,19,14,22,8,14,0,0,0,3,1,2,1,1,0
59432602,87,52,35,24,12,9,8,2,4,0,1,10,5,1,5,3,13,10,3,51,30,21,12,5,7,0,0,0,4,4,0,7,3,4
59433401,213,120,93,15,55,24,25,11,16,5,1,7,20,9,14,3,16,12,4,88,56,32,67,35,32,5,1,4,31,15,16,6,1,5
59433402,34,20,14,5,10,2,5,2,2,0,0,1,2,1,3,0,5,4,1,12,9,3,12,4,8,2,1,1,2,1,1,1,1,0
59434201,112,65,47,11,31,8,9,10,6,1,0,7,8,7,7,2,3,2,1,58,39,19,37,19,18,3,0,3,9,4,5,2,1,1
59435101,111,64,47,15,33,10,10,10,0,1,0,2,8,13,6,0,2,1,1,53,35,18,39,18,21,0,0,0,14,8,6,3,2,1
59436901,215,122,93,19,37,30,23,26,10,4,2,19,16,7,12,1,18,9,9,92,57,35,64,33,31,4,1,3,23,13,10,14,9,5
59438501,23,16,7,6,3,2,3,1,2,0,0,0,2,3,0,0,0,0,0,9,6,3,8,6,2,0,0,0,3,1,2,3,3,0
59439301,122,60,62,15,23,9,16,6,9,4,3,11,9,3,9,3,6,4,2,54,29,25,36,15,21,0,0,0,23,9,14,3,3,0
59440701,179,102,77,16,45,27,15,16,2,1,0,8,12,4,23,2,17,5,12,100,64,36,44,22,22,1,0,1,11,6,5,6,5,1
59441501,252,146,106,23,53,18,30,19,10,8,4,17,15,14,19,3,12,4,8,97,66,31,87,48,39,4,0,4,45,25,20,7,3,4
59442301,91,53,38,2,31,12,10,7,2,2,0,8,3,3,8,2,13,6,7,42,27,15,27,15,12,1,0,1,5,3,2,3,2,1
59443101,299,168,131,23,81,23,35,23,6,5,1,17,28,26,20,3,9,2,7,133,90,43,99,50,49,6,1,5,42,19,23,10,6,4
59444001,99,54,45,10,30,6,21,3,3,0,0,7,3,6,7,0,2,1,1,46,32,14,36,18,18,1,0,1,13,3,10,1,0,1
59445801,84,48,36,4,23,13,12,7,3,2,1,5,2,3,5,1,7,4,3,55,32,23,13,7,6,1,0,1,7,4,3,1,1,0
59445802,1406,767,639,101,409,121,154,128,43,27,17,89,68,109,85,8,78,34,44,577,388,189,445,207,238,28,6,22,225,101,124,53,31,22
59446601,168,97,71,12,57,12,21,20,2,2,4,7,10,8,6,2,6,3,3,69,53,16,63,23,40,4,2,2,22,13,9,4,3,1
59447401,89,50,39,8,30,10,11,4,3,0,0,4,4,7,7,0,7,4,3,46,31,15,24,9,15,1,0,1,10,5,5,1,1,0
3405020,0,0,0,0,0,0,0,0,0,0,0,0,0,0,0,0,0,0,0,0,0,0,0,0,0,0,0,0,0,0,0,0,0,0
59448201,230,125,105,15,70,25,23,21,9,2,0,10,15,21,13,1,7,4,3,105,63,42,80,43,37,6,2,4,30,13,17,2,0,2
59448202,147,78,69,7,50,13,15,8,2,1,2,9,8,15,10,0,1,0,1,49,29,20,61,29,32,3,2,1,30,17,13,3,1,2
59448205,75,46,29,4,20,5,11,9,0,2,2,3,4,9,3,0,1,0,1,35,26,9,25,10,15,0,0,0,13,9,4,1,1,0
59448206,220,137,83,7,92,16,23,16,3,5,1,9,7,22,15,2,9,3,6,85,59,26,80,45,35,1,1,0,39,26,13,6,3,3
59448207,9,4,5,0,3,2,0,0,0,0,0,1,2,1,0,0,0,0,0,3,2,1,3,0,3,0,0,0,3,2,1,0,0,0
59448209,497,263,234,16,159,32,43,35,9,13,14,32,32,50,44,3,16,6,10,170,110,60,170,78,92,12,2,10,116,56,60,13,11,2
59448210,20,14,6,5,6,0,1,2,0,0,0,2,1,1,1,0,0,0,0,8,7,1,6,4,2,0,0,0,6,3,3,0,0,0
59448211,396,206,190,6,133,26,60,28,11,6,4,28,20,34,23,5,30,15,15,138,76,62,134,66,68,8,3,5,62,29,33,24,17,7
59448212,22,13,9,1,8,3,3,2,2,0,0,1,0,2,0,0,3,0,3,9,7,2,3,2,1,0,0,0,5,2,3,2,2,0
59448213,1180,637,543,15,426,84,135,84,32,26,21,72,71,86,87,9,54,27,27,423,254,169,421,217,204,28,6,22,206,93,113,48,40,8
59451201,88,52,36,11,36,10,8,7,1,0,0,5,1,5,1,1,13,6,7,42,32,10,22,11,11,0,0,0,5,0,5,6,3,3
59452101,31,19,12,4,9,1,1,1,0,0,0,3,5,1,4,0,4,1,3,11,9,2,10,7,3,1,0,1,2,1,1,3,1,2
58772901,554,303,251,30,132,56,70,22,36,14,17,33,33,41,43,8,23,13,10,160,109,51,216,107,109,9,1,8,128,65,63,18,8,10
58772902,293,151,142,7,65,28,42,12,29,9,9,18,13,20,29,4,12,5,7,105,71,34,101,43,58,5,1,4,60,24,36,10,7,3
59455501,226,131,95,24,53,23,19,16,9,4,2,14,25,10,16,3,14,7,7,102,66,36,70,34,36,5,2,3,26,13,13,9,9,0
59456301,571,329,242,36,189,51,57,88,9,12,11,33,26,30,17,4,33,16,17,291,194,97,177,86,91,5,1,4,54,25,29,11,7,4
59457101,300,172,128,36,85,52,29,24,7,1,0,10,15,9,15,5,23,12,11,163,102,61,89,49,40,3,1,2,16,4,12,6,4,2
59458001,17,11,6,6,2,3,2,0,0,0,0,1,2,0,1,0,1,1,0,10,8,2,2,0,2,2,0,2,0,0,0,2,2,0
59458002,11,7,4,1,3,1,0,0,3,0,0,1,1,0,0,0,1,0,1,6,5,1,4,2,2,0,0,0,0,0,0,0,0,0
59459801,31,17,14,13,2,2,2,1,2,0,0,2,3,1,2,0,5,3,2,12,8,4,9,4,5,0,0,0,5,2,3,0,0,0
59460101,227,129,98,18,73,19,24,13,5,6,3,12,7,14,25,2,16,7,9,92,67,25,73,35,38,12,2,10,26,12,14,8,6,2
59461001,192,107,85,20,59,13,16,5,8,6,2,13,11,15,16,1,9,3,6,77,54,23,67,34,33,6,0,6,29,13,16,4,3,1
59462801,185,104,81,14,43,24,10,14,6,4,1,7,13,13,28,1,9,3,6,73,52,21,68,30,38,3,0,3,23,11,12,9,8,1
55005101,187,101,86,6,46,22,20,14,9,1,4,13,13,7,20,4,14,7,7,82,55,27,62,28,34,5,1,4,24,10,14,0,0,0
59463602,21,12,9,3,1,1,3,1,1,0,0,1,7,1,1,0,2,1,1,6,3,3,7,4,3,0,0,0,6,4,2,0,0,0
59464401,75,44,31,9,23,5,5,4,4,0,0,3,11,6,3,1,2,0,2,27,19,8,28,14,14,1,1,0,16,9,7,1,1,0
59465201,50,32,18,7,6,10,1,4,6,0,0,6,5,4,0,0,2,0,2,30,23,7,17,9,8,0,0,0,1,0,1,0,0,0
59467901,387,207,180,37,119,28,40,28,18,5,3,22,18,23,31,5,26,14,12,165,109,56,126,56,70,3,1,2,50,20,30,17,7,10
59468701,185,110,75,17,70,25,7,16,4,0,4,12,2,9,11,2,32,13,19,96,65,31,34,19,15,2,1,1,12,6,6,9,6,3
59469501,34,19,15,2,12,4,6,5,0,0,0,1,2,0,0,0,4,1,3,19,13,6,8,4,4,0,0,0,3,1,2,0,0,0
59470901,388,213,175,21,95,45,51,17,11,4,4,21,28,41,24,4,21,11,10,178,111,67,119,58,61,5,1,4,50,22,28,15,10,5
55007801,50,30,20,8,14,3,5,4,2,1,1,2,2,1,4,0,2,1,1,18,14,4,16,6,10,1,0,1,10,6,4,3,3,0
59472502,158,96,62,11,62,17,8,9,5,1,2,18,8,6,7,1,4,3,1,79,56,23,43,18,25,1,0,1,23,11,12,8,8,0
59473301,81,37,44,16,30,3,7,4,1,0,0,2,2,4,7,1,8,5,3,42,21,21,11,5,6,6,1,5,10,4,6,4,1,3
59474101,40,25,15,7,8,7,6,1,1,0,0,2,3,1,3,0,2,1,1,18,15,3,18,7,11,0,0,0,2,2,0,0,0,0
59475001,198,117,81,9,69,19,20,18,3,3,6,10,10,14,12,1,5,2,3,91,64,27,69,37,32,3,0,3,20,6,14,10,8,2
59476801,239,134,105,23,76,38,22,10,4,3,0,7,10,9,37,0,15,5,10,129,80,49,65,34,31,7,0,7,10,7,3,13,8,5
59477601,104,60,44,12,22,13,10,4,4,1,2,8,4,6,16,0,5,2,3,60,43,17,28,12,16,2,0,2,8,3,5,1,0,1
59478401,35,21,14,5,9,2,5,0,2,0,1,4,1,0,2,2,3,1,2,18,13,5,12,6,6,0,0,0,2,1,1,0,0,0
59478402,200,115,85,36,41,26,18,8,14,2,0,11,12,11,12,0,10,4,6,95,67,28,67,31,36,1,0,1,20,8,12,7,5,2
59479201,45,32,13,10,7,4,2,3,2,0,2,6,2,1,1,3,5,4,1,28,20,8,9,5,4,0,0,0,0,0,0,3,3,0
59480601,34,21,13,11,5,4,2,0,2,0,0,1,5,1,0,0,3,2,1,15,10,5,10,5,5,1,0,1,2,1,1,3,3,0
59480603,11,8,3,2,2,0,0,2,0,0,0,2,1,0,0,0,1,1,0,3,3,0,5,3,2,0,0,0,1,1,0,1,0,1
59480604,44,20,24,4,4,7,2,1,5,1,2,3,9,3,2,1,1,1,0,24,15,9,10,3,7,2,0,2,4,1,3,3,0,3
59481401,151,84,67,21,36,17,19,9,7,0,2,9,8,7,7,1,10,5,5,69,44,25,53,26,27,3,0,3,11,6,5,5,3,2
59482201,281,161,120,34,85,36,33,17,15,3,2,10,10,7,13,7,27,13,14,164,107,57,63,29,34,3,1,2,14,3,11,10,8,2
59482202,206,120,86,15,57,29,27,9,23,0,5,11,4,9,7,2,17,10,7,105,66,39,58,29,29,2,0,2,12,7,5,12,8,4
59483101,67,37,30,8,25,3,2,5,3,0,1,3,5,5,4,1,6,1,5,34,21,13,17,9,8,1,0,1,7,4,3,2,2,0
55523101,644,361,283,30,167,49,74,36,34,13,13,39,53,45,58,4,32,17,15,217,150,67,223,108,115,12,1,11,146,79,67,14,6,8
59484901,248,149,99,20,87,26,22,29,1,8,4,17,12,10,4,2,9,6,3,106,68,38,86,50,36,4,2,2,36,18,18,7,5,2
59486501,64,38,26,8,16,4,2,4,11,1,1,5,3,3,2,0,2,1,1,35,21,14,13,5,8,1,1,0,7,5,2,6,5,1
59487301,12,6,6,0,6,0,2,0,0,1,0,0,0,0,1,0,3,1,2,5,3,2,3,1,2,0,0,0,1,1,0,0,0,0
59487302,3,1,2,0,2,0,0,0,0,0,0,0,0,0,1,0,0,0,0,3,1,2,0,0,0,0,0,0,0,0,0,0,0,0
59487303,329,169,160,16,101,32,31,34,12,4,2,20,17,18,25,3,21,10,11,112,67,45,125,61,64,6,0,6,50,22,28,15,9,6
59487304,364,199,165,25,115,51,36,23,19,7,2,21,13,17,26,0,34,13,21,151,99,52,120,61,59,3,0,3,36,13,23,20,13,7
59488101,509,281,228,40,156,43,51,26,50,2,3,31,27,19,29,7,36,12,24,216,141,75,177,85,92,4,0,4,52,30,22,24,13,11
59489002,272,153,119,18,71,36,28,19,17,2,4,15,16,17,17,4,23,12,11,133,87,46,81,42,39,4,0,4,21,8,13,10,4,6
59491101,257,140,117,22,72,16,21,23,11,2,0,8,24,25,22,2,16,9,7,108,67,41,89,46,43,4,2,2,35,13,22,5,3,2
59492001,645,374,271,54,215,62,64,43,13,6,9,35,44,35,37,5,34,16,18,259,173,86,227,113,114,8,3,5,87,48,39,30,21,9
59493801,34,17,17,3,12,0,2,3,1,0,0,5,3,2,2,1,3,2,1,12,8,4,10,3,7,0,0,0,9,4,5,0,0,0
59493802,206,115,91,8,72,22,15,12,9,2,6,8,9,11,26,2,16,8,8,85,60,25,66,31,35,5,0,5,14,4,10,20,12,8
59494601,266,157,109,31,76,23,33,15,7,4,4,22,14,10,14,2,9,4,5,113,84,29,86,44,42,7,1,6,43,19,24,8,5,3
59495401,59,31,28,5,22,1,6,10,4,1,0,3,1,3,1,0,7,2,5,26,17,9,17,9,8,0,0,0,7,2,5,2,1,1
59497101,256,146,110,23,81,24,24,15,8,8,2,16,14,22,12,0,9,4,5,120,87,33,83,39,44,4,0,4,32,12,20,8,4,4
59498901,97,55,42,11,27,14,7,5,5,2,0,8,4,10,4,0,4,0,4,39,26,13,34,19,15,0,0,0,14,7,7,6,3,3
59499701,198,117,81,20,64,30,18,6,12,1,3,8,11,13,4,2,5,2,3,106,68,38,56,30,26,3,1,2,20,10,10,8,6,2
59500401,105,63,42,18,18,16,8,6,5,0,1,5,11,4,2,3,6,3,3,58,41,17,25,12,13,1,0,1,12,4,8,3,3,0
59500403,20,14,6,8,7,0,0,1,1,0,0,1,0,1,0,0,0,0,0,14,9,5,5,4,1,0,0,0,1,1,0,0,0,0
59501201,30,14,16,1,10,7,3,1,0,0,1,2,2,1,1,0,3,2,1,15,9,6,11,3,8,0,0,0,1,0,1,0,0,0
59502101,605,355,250,39,158,77,70,26,27,13,9,43,33,32,47,7,27,13,14,262,182,80,201,113,88,7,0,7,88,35,53,20,12,8
59503901,12,6,6,6,3,2,1,0,0,0,0,0,0,0,0,0,4,2,2,8,4,4,0,0,0,0,0,0,0,0,0,0,0,0
59503902,164,95,69,24,49,22,9,7,13,4,0,8,4,7,5,3,8,4,4,84,52,32,48,24,24,0,0,0,13,8,5,11,7,4
59504701,32,19,13,4,9,1,1,4,0,1,2,4,1,1,4,0,1,1,0,8,7,1,13,7,6,1,0,1,9,4,5,0,0,0
59504702,202,117,85,16,72,14,28,17,5,4,2,8,10,9,12,1,4,2,2,91,55,36,71,41,30,2,2,0,31,15,16,3,2,1
59504703,186,110,76,12,52,19,26,20,3,4,3,11,17,7,5,3,4,2,2,81,55,26,63,35,28,2,0,2,27,15,12,9,3,6
54532501,181,105,76,27,53,24,9,9,7,1,0,7,11,5,16,7,12,5,7,107,68,39,46,24,22,2,0,2,6,1,5,8,7,1
59505501,317,185,132,18,108,46,26,13,14,1,4,21,22,17,17,0,13,7,6,148,102,46,101,54,47,8,2,6,35,12,23,12,8,4
59506301,40,24,16,4,10,4,2,3,1,1,0,0,7,3,4,0,0,0,0,16,11,5,13,8,5,0,0,0,10,5,5,1,0,1
59507101,512,294,218,59,140,57,46,27,10,3,0,17,27,65,45,4,19,9,10,222,156,66,167,75,92,13,5,8,72,34,38,19,15,4
59508001,116,71,45,14,39,15,9,7,5,1,0,8,3,5,9,0,1,1,0,70,46,24,33,15,18,2,1,1,4,3,1,6,5,1
55001901,87,40,47,13,11,6,19,8,7,2,0,5,4,3,6,1,6,3,3,44,22,22,25,7,18,0,0,0,7,4,3,5,4,1
3260890,0,0,0,0,0,0,0,0,0,0,0,0,0,0,0,0,0,0,0,0,0,0,0,0,0,0,0,0,0,0,0,0,0,0
59509802,26,16,10,0,7,3,4,0,2,0,0,3,1,1,1,0,2,1,1,12,9,3,7,3,4,0,0,0,4,2,2,1,1,0
59509803,332,197,135,21,69,27,27,18,34,6,7,25,34,19,19,5,15,8,7,130,87,43,112,58,54,8,1,7,51,32,19,16,11,5
59510102,123,69,54,8,31,10,14,14,7,1,2,7,11,5,6,2,6,3,3,58,39,19,40,18,22,2,2,0,7,2,5,10,5,5
59511001,123,75,48,35,25,13,8,9,10,1,0,5,8,2,2,0,11,7,4,83,59,24,23,7,16,1,0,1,4,1,3,1,1,0
1988380,0,0,0,0,0,0,0,0,0,0,0,0,0,0,0,0,0,0,0,0,0,0,0,0,0,0,0,0,0,0,0,0,0,0
59512801,63,39,24,6,20,7,5,5,4,0,0,2,4,2,6,0,9,3,6,34,24,10,12,7,5,1,0,1,3,2,1,4,3,1
59512802,462,268,194,39,141,38,50,30,28,6,6,32,13,30,25,5,35,16,19,187,121,66,151,83,68,9,1,8,57,33,24,23,14,9
59513601,90,55,35,9,17,12,12,5,5,1,0,8,6,4,5,1,3,2,1,43,32,11,31,16,15,1,0,1,12,5,7,0,0,0
59514401,38,23,15,6,5,8,4,4,2,0,1,3,2,2,1,0,0,0,0,24,18,6,9,4,5,0,0,0,3,0,3,2,1,1
59515201,78,44,34,20,24,6,1,1,10,0,0,0,3,6,3,2,7,3,4,43,27,16,18,12,6,3,1,2,5,1,4,2,0,2
59516101,18,10,8,1,3,1,2,0,1,0,0,2,2,0,0,0,0,0,0,9,5,4,8,4,4,0,0,0,1,1,0,0,0,0
1935850,0,0,0,0,0,0,0,0,0,0,0,0,0,0,0,0,0,0,0,0,0,0,0,0,0,0,0,0,0,0,0,0,0,0
59371101,54,29,25,3,13,13,3,3,5,1,0,5,1,2,2,0,4,3,1,30,18,12,12,5,7,0,0,0,4,0,4,4,3,1
59371102,180,95,85,14,29,29,23,10,14,2,2,14,6,7,19,2,11,8,3,67,39,28,53,21,32,4,1,3,38,19,19,7,7,0
59371103,71,37,34,6,18,8,8,2,4,2,0,5,3,8,3,0,5,1,4,23,16,7,24,9,15,2,1,1,15,8,7,2,2,0
59371104,79,47,32,2,27,10,13,3,6,0,0,1,8,3,1,1,5,2,3,40,30,10,28,12,16,0,0,0,6,3,3,0,0,0
59371105,192,105,87,12,53,17,20,11,9,3,2,10,22,16,10,0,7,2,5,79,56,23,68,29,39,3,2,1,27,12,15,8,4,4
59371106,174,95,79,10,50,20,24,7,11,0,2,12,10,5,13,0,14,7,7,66,42,24,67,32,35,4,1,3,19,10,9,4,3,1
59371107,43,22,21,1,12,3,9,2,1,1,0,6,1,2,1,0,1,1,0,18,9,9,15,8,7,0,0,0,9,4,5,0,0,0
59371109,563,305,258,14,151,42,88,35,36,7,8,35,42,29,36,5,34,17,17,219,139,80,203,94,109,7,0,7,86,45,41,14,10,4
59371110,2253,1156,1097,66,556,113,256,133,130,34,53,157,163,201,263,25,103,38,65,724,457,267,809,363,446,52,14,38,518,258,260,47,26,21
59371112,320,172,148,10,71,15,33,16,18,3,5,31,31,32,31,1,14,5,9,71,50,21,126,57,69,7,1,6,91,51,40,11,8,3
59371113,58,33,25,3,7,6,11,4,6,1,0,3,6,4,4,0,4,2,2,18,11,7,25,17,8,1,0,1,10,3,7,0,0,0
59371114,2830,1461,1369,77,619,178,345,140,200,74,53,259,197,227,252,17,197,96,101,866,521,345,1027,474,553,69,17,52,569,280,289,102,73,29
59371115,735,381,354,26,164,41,117,30,41,8,24,61,55,58,57,5,45,21,24,237,145,92,250,121,129,11,3,8,174,80,94,18,11,7
59371116,253,140,113,9,51,12,26,10,13,8,9,22,17,15,41,4,9,5,4,70,48,22,108,55,53,4,1,3,55,28,27,7,3,4
59371117,131,65,66,6,19,10,15,11,7,5,3,11,6,18,11,3,5,3,2,29,19,10,53,28,25,1,0,1,39,13,26,4,2,2
59371118,1678,876,802,50,364,112,197,79,113,36,31,131,135,142,170,13,116,56,60,535,317,218,569,268,301,33,13,20,364,183,181,61,39,22
59371119,81,40,41,0,18,6,5,6,3,1,2,6,3,7,18,0,7,4,3,31,21,10,28,9,19,0,0,0,13,5,8,2,1,1
59371120,119,98,21,1,35,3,10,0,4,1,0,6,47,3,3,3,18,16,2,55,50,5,32,23,9,3,2,1,10,7,3,1,0,1
59371121,688,371,317,16,169,38,117,35,47,14,14,53,43,49,48,7,62,27,35,233,137,96,251,143,108,9,5,4,116,50,66,17,9,8
59371122,39,19,20,1,10,0,11,0,1,0,1,4,2,3,3,0,0,0,0,14,8,6,10,5,5,2,1,1,11,4,7,2,1,1
59371123,156,88,68,6,20,14,32,13,11,3,5,6,10,7,20,2,8,3,5,51,33,18,52,25,27,1,0,1,39,24,15,5,3,2
59371124,944,495,449,33,285,56,135,46,70,9,8,83,48,48,64,8,83,42,41,388,229,159,313,148,165,13,4,9,98,41,57,49,31,18
59371125,651,336,315,23,134,47,101,30,34,18,8,45,48,56,57,9,26,16,10,212,136,76,228,100,128,14,2,12,150,70,80,21,12,9
59371126,146,78,68,6,24,7,25,10,9,3,5,11,9,11,13,0,4,0,4,47,32,15,61,27,34,4,2,2,27,15,12,3,2,1
59371127,68,40,28,0,22,6,4,7,10,1,1,3,2,4,3,1,3,1,2,25,21,4,27,11,16,1,0,1,10,5,5,2,2,0
59371128,1222,691,531,34,290,103,161,68,101,35,21,115,49,80,74,19,109,65,44,418,249,169,343,173,170,18,5,13,217,110,107,117,89,28
59371129,81,43,38,5,15,6,7,5,7,1,4,5,7,4,6,2,3,3,0,20,13,7,39,19,20,2,1,1,13,5,8,4,2,2
59371131,268,153,115,2,100,24,27,15,18,6,1,15,19,13,12,5,16,12,4,75,43,32,98,53,45,5,2,3,60,31,29,14,12,2
59371132,129,64,65,2,21,12,17,3,9,3,8,12,6,7,17,0,5,2,3,27,20,7,60,29,31,5,1,4,32,12,20,0,0,0
59371133,1386,722,664,39,312,74,173,59,84,50,34,128,76,109,141,11,49,31,18,384,237,147,517,250,267,22,4,18,367,169,198,47,31,16
59517901,148,87,61,19,36,24,16,17,3,1,1,7,5,12,4,1,11,8,3,72,45,27,44,22,22,0,0,0,19,10,9,2,2,0
59518701,158,99,59,23,35,20,19,10,5,1,0,5,7,15,11,3,7,4,3,81,60,21,45,20,25,2,0,2,14,8,6,9,7,2
59519501,123,65,58,12,36,14,9,6,4,1,4,4,10,10,6,1,10,5,5,44,30,14,35,14,21,2,0,2,30,14,16,2,2,0
52391701,366,199,167,34,81,29,32,27,24,8,5,20,28,34,31,3,11,8,3,135,95,40,149,58,91,5,2,3,56,29,27,10,7,3
52391703,424,243,181,49,84,35,44,19,35,2,2,35,28,39,32,5,19,11,8,178,118,60,136,63,73,8,3,5,59,29,30,24,19,5
52391704,7,5,2,1,0,0,2,1,0,0,0,1,1,1,0,0,0,0,0,2,2,0,3,1,2,0,0,0,1,1,0,1,1,0
52489101,257,157,100,38,62,36,20,15,11,1,1,7,14,24,21,1,19,9,10,114,82,32,68,36,32,2,0,2,32,16,16,22,14,8
52489102,26,14,12,2,4,3,2,4,1,0,0,5,0,3,2,0,2,1,1,11,7,4,5,3,2,0,0,0,3,0,3,5,3,2
52489103,6,4,2,1,1,0,0,1,0,0,0,1,0,2,0,0,0,0,0,1,0,1,4,3,1,0,0,0,1,1,0,0,0,0
52489104,10,4,6,1,2,0,1,0,0,0,0,0,1,1,3,0,0,0,0,5,3,2,3,1,2,1,0,1,1,0,1,0,0,0
52522701,12,6,6,1,1,1,1,1,0,0,0,3,0,0,3,0,3,2,1,3,2,1,3,1,2,0,0,0,1,1,0,2,0,2
52522702,14,11,3,2,5,0,0,0,1,0,0,0,1,0,3,1,4,3,1,2,1,1,2,1,1,0,0,0,1,1,0,5,5,0
52522703,55,35,20,12,12,1,1,1,0,0,1,3,1,2,18,1,4,1,3,24,14,10,12,8,4,0,0,0,2,1,1,13,11,2
52522704,17,8,9,0,3,2,0,0,0,0,0,3,3,0,5,1,1,0,1,6,4,2,5,1,4,0,0,0,3,2,1,2,1,1
53349102,24,15,9,7,1,2,0,1,1,0,0,4,2,2,3,0,1,0,1,9,7,2,8,6,2,0,0,0,5,1,4,1,1,0
53349104,212,118,94,32,33,21,11,11,15,4,1,15,13,38,10,2,7,4,3,83,51,32,87,49,38,1,0,1,30,11,19,4,3,1
56935601,1105,611,494,55,279,89,138,69,52,12,20,70,88,92,92,6,67,32,35,416,268,148,373,178,195,10,8,2,187,86,101,52,39,13
55330101,68,39,29,4,9,8,7,4,1,7,0,7,5,4,9,0,2,2,0,28,16,12,25,13,12,1,0,1,12,8,4,0,0,0
55330102,100,50,50,6,22,9,18,7,2,0,2,10,7,6,7,1,2,2,0,41,22,19,38,17,21,1,0,1,11,6,5,7,3,4
1983400,0,0,0,0,0,0,0,0,0,0,0,0,0,0,0,0,0,0,0,0,0,0,0,0,0,0,0,0,0,0,0,0,0,0
53614802,85,47,38,18,18,5,5,1,6,1,0,2,7,6,14,0,8,6,2,36,27,9,33,10,23,0,0,0,6,3,3,2,1,1
53614803,19,11,8,5,2,3,1,0,1,0,1,2,0,0,3,1,4,4,0,7,5,2,4,2,2,1,0,1,2,0,2,1,0,1
53614804,24,12,12,1,4,1,1,0,2,0,0,2,4,0,4,0,0,0,0,10,6,4,12,4,8,0,0,0,0,0,0,2,2,0
53614805,10,5,5,0,0,1,1,0,0,0,0,2,0,2,3,0,0,0,0,1,0,1,3,2,1,0,0,0,6,3,3,0,0,0
53614807,412,237,175,47,77,43,44,22,17,5,1,21,25,31,56,3,24,14,10,164,105,59,124,68,56,7,2,5,68,33,35,25,15,10
53614809,455,240,215,50,87,52,38,18,21,1,4,24,33,43,64,2,37,24,13,204,116,88,149,67,82,4,2,2,47,21,26,14,10,4
0588580,0,0,0,0,0,0,0,0,0,0,0,0,0,0,0,0,0,0,0,0,0,0,0,0,0,0,0,0,0,0,0,0,0,0
0588740,0,0,0,0,0,0,0,0,0,0,0,0,0,0,0,0,0,0,0,0,0,0,0,0,0,0,0,0,0,0,0,0,0,0
0589120,0,0,0,0,0,0,0,0,0,0,0,0,0,0,0,0,0,0,0,0,0,0,0,0,0,0,0,0,0,0,0,0,0,0
3406690,0,0,0,0,0,0,0,0,0,0,0,0,0,0,0,0,0,0,0,0,0,0,0,0,0,0,0,0,0,0,0,0,0,0
3406850,0,0,0,0,0,0,0,0,0,0,0,0,0,0,0,0,0,0,0,0,0,0,0,0,0,0,0,0,0,0,0,0,0,0
53638501,377,212,165,16,59,39,46,27,26,9,3,29,48,24,31,3,19,14,5,139,95,44,151,66,85,4,2,2,56,29,27,8,6,2
53638502,65,42,23,10,14,6,5,1,12,0,1,3,4,2,2,0,5,2,3,18,15,3,29,18,11,1,0,1,12,7,5,0,0,0
53638503,311,158,153,4,42,28,31,8,26,15,4,34,31,31,43,3,15,7,8,87,54,33,118,51,67,7,3,4,81,40,41,3,3,0
53638504,29,17,12,4,7,3,0,0,3,1,0,3,2,1,3,1,1,0,1,8,5,3,12,6,6,1,1,0,5,3,2,2,2,0
53638505,31,19,12,3,8,0,1,4,2,1,0,0,0,5,7,0,2,2,0,13,8,5,5,3,2,1,1,0,10,5,5,0,0,0
53638506,410,210,200,11,79,26,41,19,30,10,8,31,57,28,55,3,13,6,7,129,84,45,146,60,86,4,1,3,101,49,52,17,10,7
53638507,18,11,7,0,5,3,3,0,2,0,0,2,0,2,1,0,1,0,1,6,4,2,6,5,1,0,0,0,5,2,3,0,0,0
53638508,66,37,29,1,12,3,7,4,7,2,4,4,6,3,12,0,3,3,0,17,12,5,18,8,10,4,1,3,24,13,11,0,0,0
53638509,364,190,174,4,58,32,43,14,31,9,6,26,33,40,43,3,19,12,7,101,63,38,145,66,79,5,3,2,78,35,43,16,11,5
53638511,662,392,270,20,142,73,100,32,57,12,7,47,36,45,61,9,58,34,24,224,153,71,207,103,104,3,1,2,94,45,49,76,56,20
53638512,38,21,17,0,1,4,3,0,15,0,2,3,2,1,6,0,3,2,1,9,6,3,8,3,5,0,0,0,13,8,5,5,2,3
53638513,121,64,57,3,20,6,14,4,3,3,3,4,12,15,22,1,3,2,1,31,21,10,46,17,29,4,1,3,31,18,13,6,5,1
53638514,63,31,32,2,8,3,3,1,14,1,0,5,2,3,19,1,3,2,1,23,13,10,21,9,12,2,1,1,13,5,8,1,1,0
53638515,344,190,154,11,52,33,35,21,23,9,8,37,28,30,40,2,16,8,8,86,59,27,128,64,64,7,1,6,97,53,44,10,5,5
53638516,14,9,5,3,1,0,0,2,4,1,0,1,0,0,2,0,0,0,0,5,4,1,4,2,2,0,0,0,4,2,2,1,1,0
53638517,231,122,109,4,43,17,29,8,23,9,1,23,19,20,25,0,7,3,4,47,32,15,86,38,48,4,2,2,82,45,37,5,2,3
53638518,837,420,417,11,161,76,98,37,61,17,7,86,67,60,116,9,44,15,29,293,176,117,301,127,174,16,7,9,152,79,73,31,16,15
53638519,866,461,405,19,183,66,105,52,71,21,17,75,71,62,76,8,50,27,23,313,191,122,271,126,145,20,11,9,174,81,93,38,25,13
55721801,132,69,63,14,24,21,10,3,6,1,1,11,6,13,21,0,12,7,5,62,44,18,36,13,23,3,0,3,12,4,8,7,1,6
54003002,130,79,51,16,22,9,5,8,17,0,0,11,11,12,8,1,8,5,3,53,36,17,34,18,16,2,0,2,29,16,13,4,4,0
54003003,806,447,359,26,152,83,79,61,72,6,9,56,55,88,79,4,35,22,13,313,196,117,274,137,137,17,6,11,134,59,75,33,27,6
54038201,10,5,5,1,4,2,0,0,0,0,0,1,0,0,0,1,2,1,1,3,1,2,3,2,1,0,0,0,1,0,1,1,1,0
54038202,24,14,10,3,4,2,1,5,1,1,0,0,1,3,2,0,1,1,0,7,3,4,12,7,5,0,0,0,2,1,1,2,2,0
54038204,904,498,406,38,302,68,82,88,51,9,7,61,65,51,44,5,58,27,31,406,255,151,300,139,161,12,2,10,81,39,42,47,36,11
54038205,135,76,59,15,45,10,15,13,6,0,1,6,8,6,8,1,10,5,5,60,36,24,43,23,20,1,1,0,19,9,10,2,2,0
1162112,0,0,0,0,0,0,0,0,0,0,0,0,0,0,0,0,0,0,0,0,0,0,0,0,0,0,0,0,0,0,0,0,0,0
56933001,77,39,38,10,5,5,1,3,34,0,0,7,3,1,3,0,2,0,2,30,17,13,29,17,12,1,0,1,12,3,9,3,2,1
56933002,17,11,6,1,1,0,0,1,8,0,0,1,2,0,1,0,1,1,0,1,1,0,9,5,4,0,0,0,6,4,2,0,0,0
56933003,18,14,4,1,0,1,1,3,10,0,0,2,0,0,0,0,1,1,0,5,5,0,8,6,2,0,0,0,4,2,2,0,0,0
54068402,404,227,177,29,114,42,39,27,27,2,6,19,23,21,32,5,36,20,16,169,102,67,126,64,62,12,4,8,33,16,17,28,21,7
54068403,62,35,27,6,12,5,9,4,1,0,1,6,5,7,4,0,3,1,2,29,22,7,17,6,11,2,1,1,10,4,6,1,1,0
55348401,25,15,10,10,1,1,3,0,5,0,0,0,2,2,1,0,3,1,2,13,10,3,5,0,5,0,0,0,2,2,0,2,2,0
55348402,43,22,21,6,9,3,6,2,1,0,0,3,1,1,7,0,2,0,2,25,16,9,12,6,6,1,0,1,3,0,3,0,0,0
55348403,56,29,27,5,9,7,4,1,3,0,0,2,6,7,11,1,3,1,2,23,13,10,16,9,7,1,0,1,11,4,7,2,2,0
55348404,179,101,78,27,37,18,16,9,6,2,2,14,13,14,14,2,7,4,3,80,58,22,57,27,30,1,0,1,27,6,21,7,6,1
55348406,12,9,3,6,0,0,0,0,1,1,0,0,2,2,0,0,0,0,0,3,3,0,5,4,1,0,0,0,4,2,2,0,0,0
54103601,87,49,38,16,29,12,3,1,3,0,0,6,2,8,6,0,10,7,3,47,31,16,22,8,14,2,0,2,4,1,3,2,2,0
54103602,10,6,4,2,2,0,0,1,1,0,0,0,1,2,1,0,1,0,1,4,3,1,4,2,2,0,0,0,1,1,0,0,0,0
54103603,172,103,69,23,45,12,14,11,9,1,2,9,22,12,7,1,19,13,6,70,50,20,57,29,28,3,0,3,14,3,11,9,8,1
54111701,280,158,122,18,81,20,24,14,7,3,2,14,29,31,23,6,15,10,5,128,85,43,86,42,44,2,0,2,35,11,24,14,10,4
54121401,14,6,8,1,5,1,1,0,3,1,0,1,0,0,0,0,0,0,0,10,5,5,3,0,3,0,0,0,1,1,0,0,0,0
54121402,9,5,4,0,0,0,0,1,1,1,0,2,0,0,2,1,1,0,1,2,1,1,4,3,1,0,0,0,1,1,0,1,0,1
54121403,122,71,51,18,25,12,14,6,3,1,0,7,9,8,10,2,12,8,4,53,37,16,41,20,21,1,1,0,14,4,10,1,1,0
54121404,26,16,10,7,4,2,2,4,1,1,0,0,1,2,2,0,2,2,0,14,11,3,7,1,6,0,0,0,2,1,1,1,1,0
54124901,8,4,4,2,1,1,1,0,0,0,0,0,1,2,0,0,0,0,0,3,1,2,2,1,1,0,0,0,3,2,1,0,0,0
54124903,546,327,219,43,142,64,34,36,22,7,5,36,39,46,39,8,38,28,10,245,160,85,176,94,82,6,4,2,54,22,32,27,19,8
55346801,28,14,14,3,4,4,3,2,1,1,1,0,1,3,3,0,4,1,3,11,6,5,6,3,3,1,0,1,5,3,2,1,1,0
55346802,139,79,60,29,25,19,8,2,9,3,0,9,8,9,12,2,4,2,2,78,53,25,36,13,23,1,1,0,15,7,8,5,3,2
55346803,72,42,30,7,13,17,4,7,2,0,0,6,4,5,7,0,6,3,3,35,23,12,20,11,9,0,0,0,7,2,5,4,3,1
55346804,41,24,17,5,11,4,2,2,3,0,0,4,2,5,1,0,3,1,2,19,13,6,14,9,5,0,0,0,4,1,3,1,0,1
56945301,10,6,4,0,4,1,0,0,2,0,0,3,0,0,0,0,1,1,0,5,4,1,3,1,2,0,0,0,1,0,1,0,0,0
56945302,15,7,8,1,4,0,2,0,2,0,0,0,3,1,2,0,1,0,1,6,4,2,5,3,2,1,0,1,1,0,1,1,0,1
56945303,187,113,74,12,67,19,11,8,12,2,0,11,21,4,7,8,20,11,9,89,61,28,50,22,28,2,0,2,12,7,5,14,12,2
54130301,450,259,191,27,95,69,33,14,21,5,3,34,23,59,41,8,45,29,16,186,115,71,124,63,61,5,0,5,61,29,32,29,23,6
54130302,12,5,7,1,0,3,1,1,1,0,0,3,0,1,1,0,0,0,0,7,3,4,3,1,2,0,0,0,1,0,1,1,1,0
54134601,23,11,12,6,6,1,1,0,2,0,0,0,1,0,4,1,0,0,0,10,7,3,7,3,4,0,0,0,4,0,4,2,1,1
54134603,153,85,68,12,23,27,12,7,3,2,3,10,17,19,11,1,8,4,4,63,40,23,47,23,24,2,0,2,27,12,15,6,6,0
59799601,11,9,2,2,2,1,1,0,0,0,0,1,3,1,0,0,0,0,0,1,1,0,5,4,1,0,0,0,4,3,1,1,1,0
59799603,108,65,43,21,28,8,5,10,7,2,0,5,8,5,6,0,13,4,9,47,33,14,29,13,16,0,0,0,13,9,4,6,6,0
59799604,44,26,18,9,1,0,4,1,6,0,0,10,0,3,8,0,0,0,0,9,7,2,17,9,8,1,1,0,17,9,8,0,0,0
59799605,13,7,6,2,4,1,1,1,0,0,0,1,1,1,1,0,1,0,1,6,5,1,2,0,2,0,0,0,2,1,1,2,1,1
59799606,15,7,8,2,3,1,1,1,1,1,0,0,2,3,0,0,1,1,0,6,3,3,5,2,3,0,0,0,3,1,2,0,0,0
59799607,1370,773,597,62,466,123,99,90,80,11,10,82,87,73,126,15,100,60,40,577,357,220,411,204,207,17,8,9,154,71,83,111,73,38
54157502,67,40,27,8,11,13,5,3,3,0,0,4,2,3,9,1,3,3,0,33,26,7,14,4,10,1,0,1,10,3,7,6,4,2
54157503,354,199,155,16,66,32,27,36,21,4,3,19,33,47,29,4,23,9,14,135,91,44,122,62,60,7,0,7,43,18,25,24,19,5
54157504,10,6,4,0,2,3,0,0,0,0,0,1,0,2,2,0,0,0,0,5,4,1,1,0,1,0,0,0,3,1,2,1,1,0
55235601,241,134,107,10,88,25,20,17,6,1,4,13,15,9,28,0,7,4,3,94,71,23,94,40,54,5,1,4,34,13,21,7,5,2
50052601,526,290,236,17,131,62,66,37,12,16,8,37,35,38,46,4,16,10,6,191,132,59,188,94,94,7,3,4,106,39,67,18,12,6
50052602,618,335,283,23,133,65,81,43,24,17,12,46,38,44,58,4,26,12,14,219,154,65,228,96,132,4,1,3,118,53,65,23,19,4
50062301,84,47,37,6,46,5,7,7,2,4,1,1,2,2,0,0,4,2,2,39,23,16,30,16,14,0,0,0,8,3,5,3,3,0
50062302,63,33,30,2,34,1,5,3,0,1,0,2,4,6,2,1,3,2,1,34,21,13,17,7,10,1,0,1,7,3,4,1,0,1
50062303,67,39,28,4,35,2,4,3,2,0,0,1,2,9,4,0,1,0,1,34,20,14,24,14,10,0,0,0,6,3,3,2,2,0
50062304,43,25,18,3,10,7,5,1,0,1,0,4,4,4,3,0,0,0,0,15,12,3,17,7,10,3,1,2,6,4,2,2,1,1
50062305,80,46,34,2,39,4,7,5,0,1,1,2,4,3,7,1,4,1,3,33,21,12,28,17,11,2,1,1,11,5,6,2,1,1
50062306,17,8,9,0,3,1,3,3,0,1,1,0,1,1,1,0,0,0,0,5,3,2,4,1,3,3,2,1,5,2,3,0,0,0
50062307,61,28,33,4,21,3,4,1,2,1,0,8,3,5,7,1,8,3,5,19,9,10,17,11,6,1,0,1,16,5,11,0,0,0
50062308,129,72,57,8,56,8,9,9,4,1,0,6,11,7,7,0,9,5,4,53,33,20,49,25,24,3,2,1,12,4,8,3,3,0
55206201,98,52,46,11,35,6,12,3,0,0,2,4,5,3,15,0,1,0,1,38,23,15,39,20,19,3,1,2,16,7,9,1,1,0
50080101,296,166,130,17,67,33,40,27,7,4,4,20,16,24,20,3,11,7,4,125,85,40,101,46,55,6,2,4,41,17,24,12,9,3
50080102,34,23,11,1,8,5,3,2,0,0,1,4,3,0,4,0,1,1,0,10,8,2,13,7,6,1,1,0,7,4,3,2,2,0
50085201,562,314,248,17,116,52,76,40,21,15,12,46,51,37,57,3,31,16,15,170,114,56,200,96,104,10,5,5,132,70,62,19,13,6
50085202,255,137,118,9,65,27,34,10,5,9,6,22,14,13,22,0,7,3,4,88,55,33,102,44,58,7,2,5,43,25,18,8,8,0
50085203,417,219,198,30,102,36,43,25,12,10,8,33,40,34,27,2,14,5,9,119,75,44,154,74,80,11,6,5,110,54,56,9,5,4
50086101,21,14,7,1,9,0,1,2,0,0,0,3,0,3,2,0,1,0,1,4,4,0,6,5,1,0,0,0,10,5,5,0,0,0
50086102,270,147,123,25,99,15,23,20,7,3,1,14,9,22,12,1,11,3,8,106,70,36,91,45,46,1,0,1,49,21,28,12,8,4
50086104,9,6,3,1,2,0,2,0,1,0,0,0,0,0,3,0,0,0,0,0,0,0,3,2,1,0,0,0,4,3,1,2,1,1
50086105,53,28,25,13,19,2,6,5,1,0,0,0,1,1,3,0,1,1,0,30,18,12,17,7,10,0,0,0,3,1,2,2,1,1
50086106,36,19,17,2,17,0,6,1,0,0,0,0,2,4,2,0,1,0,1,12,6,6,17,10,7,1,1,0,4,1,3,1,1,0
50086107,32,18,14,6,7,2,2,1,0,2,1,3,1,2,3,0,0,0,0,15,8,7,11,7,4,0,0,0,6,3,3,0,0,0
50086108,22,14,8,3,9,2,0,2,0,2,0,0,1,1,1,0,0,0,0,10,6,4,3,3,0,0,0,0,5,3,2,4,2,2
50086110,41,27,14,5,18,3,0,2,0,3,0,2,3,4,0,0,2,1,1,23,17,6,5,2,3,0,0,0,11,7,4,0,0,0
50086111,20,13,7,5,4,0,1,2,1,0,1,0,4,2,0,0,1,0,1,6,4,2,6,6,0,1,0,1,5,2,3,1,1,0
50086112,48,29,19,2,20,1,2,3,0,3,1,3,6,3,2,0,1,0,1,11,8,3,21,13,8,1,1,0,13,6,7,1,1,0
50086113,68,40,28,8,21,9,5,6,1,0,1,1,4,3,5,1,4,3,1,36,23,13,17,9,8,0,0,0,9,3,6,2,2,0
50086114,96,52,44,12,40,1,5,8,0,1,1,6,5,10,2,0,8,5,3,44,27,17,28,14,14,1,0,1,13,5,8,2,1,1
55240201,363,204,159,11,89,34,47,12,8,15,5,37,22,29,42,1,23,11,12,104,70,34,107,59,48,5,4,1,112,54,58,12,6,6
50087901,333,178,155,8,101,33,42,19,8,6,4,30,20,31,16,0,19,7,12,102,69,33,109,49,60,6,0,6,82,40,42,15,13,2
50087902,95,57,38,4,21,8,12,10,4,3,5,7,4,8,4,2,2,1,1,35,24,11,38,21,17,5,4,1,14,6,8,1,1,0
54702601,497,274,223,6,122,40,55,39,8,21,13,49,33,41,54,2,16,8,8,131,88,43,165,77,88,15,4,11,149,83,66,21,14,7
55218601,721,397,324,39,291,42,54,44,25,9,3,34,53,47,62,0,24,13,11,263,163,100,246,138,108,18,7,11,142,59,83,28,17,11
55244501,282,161,121,16,91,31,40,20,15,3,0,15,21,11,17,0,13,9,4,114,76,38,102,46,56,6,1,5,42,24,18,5,5,0
50147601,136,72,64,8,52,12,7,6,2,0,1,8,7,13,17,1,11,5,6,66,42,24,37,15,22,3,3,0,14,3,11,5,4,1
50147602,691,384,307,74,267,43,50,38,10,8,5,35,25,35,84,6,41,22,19,293,190,103,228,114,114,11,4,7,87,33,54,31,21,10
50147603,19,10,9,7,3,0,2,0,1,0,0,0,1,1,4,0,0,0,0,7,6,1,9,4,5,2,0,2,1,0,1,0,0,0
50147604,13,6,7,2,5,0,0,0,1,0,0,1,0,1,2,0,0,0,0,1,1,0,6,3,3,2,1,1,4,1,3,0,0,0
50147605,99,56,43,8,48,6,3,4,2,2,2,3,2,7,10,1,11,5,6,45,31,14,24,8,16,0,0,0,17,10,7,2,2,0
50164601,35,20,15,1,4,3,3,2,0,1,1,6,8,3,2,0,0,0,0,11,9,2,11,8,3,2,0,2,10,3,7,1,0,1
50164602,1128,620,508,26,221,95,134,68,50,38,33,123,91,79,119,6,28,21,7,273,180,93,398,198,200,31,12,19,355,178,177,43,31,12
50164603,118,63,55,9,34,17,14,4,3,1,4,7,5,6,8,0,4,3,1,38,29,9,40,15,25,0,0,0,34,15,19,2,1,1
50164604,100,53,47,7,24,4,10,10,10,4,1,10,8,3,5,0,9,4,5,39,28,11,35,12,23,0,0,0,16,8,8,1,1,0
50164605,14,8,6,2,2,2,1,1,0,0,0,0,0,3,3,0,0,0,0,7,4,3,5,3,2,2,1,1,0,0,0,0,0,0
56839201,653,354,299,31,188,60,61,44,20,19,11,53,51,52,49,0,22,9,13,226,146,80,245,114,131,10,5,5,142,76,66,8,4,4
54527901,200,113,87,20,54,15,18,15,11,0,0,18,24,10,8,3,20,13,7,98,58,40,56,27,29,3,0,3,17,9,8,6,6,0
55231301,160,90,70,28,43,17,12,4,4,1,0,16,6,6,18,2,17,8,9,64,45,19,35,15,20,2,2,0,28,12,16,14,8,6
50175101,493,277,216,16,168,41,70,24,13,13,5,36,31,28,37,1,19,9,10,187,117,70,179,97,82,15,4,11,69,34,35,24,16,8
50175102,16,10,6,1,8,0,2,1,0,0,0,1,0,1,1,0,1,0,1,5,4,1,5,4,1,0,0,0,3,0,3,2,2,0
50175103,49,28,21,9,19,4,2,0,2,1,0,6,1,1,2,0,3,3,0,25,17,8,13,6,7,2,0,2,2,0,2,4,2,2
50175104,192,115,77,8,66,11,18,7,5,8,2,14,16,11,21,2,6,3,3,83,58,25,63,34,29,6,1,5,23,13,10,11,6,5
50175105,118,64,54,3,25,14,17,12,0,0,5,7,7,8,15,0,3,2,1,43,30,13,42,19,23,5,4,1,21,5,16,4,4,0
50179401,196,109,87,20,52,18,22,14,8,6,3,14,14,13,9,1,7,4,3,79,50,29,76,35,41,2,0,2,28,16,12,4,4,0
50179402,78,41,37,6,12,10,18,4,2,1,1,5,7,3,7,2,2,2,0,32,19,13,25,11,14,0,0,0,17,8,9,2,1,1
50179403,449,244,205,24,114,49,43,26,17,10,8,38,30,26,48,2,23,10,13,154,102,52,157,79,78,9,1,8,86,40,46,20,12,8
55207101,113,67,46,5,34,6,14,15,1,0,1,9,11,4,7,1,1,1,0,32,18,14,52,33,19,1,1,0,18,9,9,9,5,4
50184101,711,404,307,22,158,54,92,60,17,17,13,46,65,60,62,7,28,14,14,219,149,70,252,122,130,26,10,16,170,98,72,16,11,5
55217801,177,97,80,11,63,16,16,10,5,2,2,11,17,9,13,1,7,5,2,73,44,29,68,34,34,5,2,3,22,10,12,2,2,0
55217802,53,30,23,8,18,8,5,3,1,0,0,1,1,5,2,0,1,1,0,24,16,8,16,8,8,0,0,0,9,3,6,3,2,1
55233001,115,62,53,4,40,14,5,3,4,2,0,9,6,8,17,1,6,2,4,44,28,16,41,19,22,0,0,0,23,12,11,1,1,0
50214601,685,365,320,9,267,31,80,53,23,3,8,59,47,33,50,3,50,29,21,280,162,118,240,115,125,12,3,9,75,35,40,28,21,7
50214602,302,175,127,7,91,29,35,17,13,4,5,20,24,25,19,4,25,15,10,107,73,34,85,40,45,3,0,3,57,28,29,25,19,6
50214603,119,71,48,3,30,17,12,7,4,2,1,14,12,7,8,0,6,4,2,40,29,11,46,24,22,1,1,0,22,11,11,4,2,2
50214604,796,434,362,7,303,42,93,55,17,20,13,66,39,62,49,3,50,29,21,270,173,97,271,126,145,17,10,7,164,81,83,24,15,9
50214605,50,28,22,3,20,2,0,3,3,2,1,2,5,5,2,0,4,0,4,12,9,3,16,10,6,1,0,1,16,8,8,1,1,0
55202001,529,291,238,8,112,37,62,37,18,15,21,38,53,51,47,4,15,9,6,103,70,33,202,109,93,10,1,9,181,92,89,18,10,8
50223501,945,515,430,13,237,88,112,47,26,27,21,78,72,86,97,10,38,16,22,278,183,95,277,143,134,13,7,6,290,130,160,49,36,13
50240501,303,166,137,22,87,33,37,19,6,3,5,16,12,14,39,4,18,9,9,117,75,42,103,55,48,9,3,6,42,18,24,14,6,8
50254501,957,512,445,18,233,84,132,68,24,33,11,84,71,91,73,4,30,16,14,309,196,113,345,174,171,20,7,13,224,106,118,29,13,16
50254502,250,135,115,3,73,21,37,12,5,6,3,28,15,13,26,3,6,6,0,96,62,34,89,39,50,5,1,4,44,19,25,10,8,2
56979802,150,80,70,13,40,10,21,12,6,0,0,11,11,6,15,2,28,14,14,57,33,24,37,19,18,0,0,0,11,2,9,17,12,5
54697601,59,37,22,14,17,3,5,3,1,0,0,3,5,4,3,0,9,5,4,25,19,6,12,8,4,2,1,1,7,2,5,4,2,2
59741401,52,31,21,11,17,6,1,4,2,2,1,2,0,0,4,0,7,5,2,28,18,10,10,5,5,0,0,0,3,1,2,4,2,2
59741402,206,121,85,23,58,26,21,18,9,1,1,15,11,5,13,2,16,7,9,118,78,40,43,16,27,1,0,1,9,4,5,19,16,3
56887201,83,46,37,11,21,13,9,3,2,1,1,4,6,1,9,0,5,3,2,34,23,11,25,10,15,2,1,1,12,4,8,5,5,0
56887202,153,87,66,11,30,20,14,10,9,4,1,12,10,14,12,0,6,3,3,53,32,21,51,31,20,2,0,2,34,15,19,7,6,1
56887203,207,118,89,11,57,20,25,19,8,5,5,13,13,14,10,0,9,6,3,60,42,18,84,40,44,4,3,1,35,17,18,15,10,5
50283901,326,176,150,18,122,25,27,20,7,6,3,28,19,15,22,3,13,10,3,119,76,43,126,61,65,3,2,1,56,21,35,9,6,3
50314201,286,163,123,26,65,37,20,15,9,6,2,16,26,20,28,3,10,4,6,119,75,44,90,47,43,7,2,5,47,24,23,13,11,2
54712301,80,45,35,11,25,4,9,3,0,1,1,4,8,3,10,1,5,2,3,34,22,12,21,12,9,0,0,0,18,7,11,2,2,0
50013501,49,28,21,4,7,1,8,6,0,0,0,3,16,3,0,0,9,3,6,18,11,7,12,8,4,1,0,1,8,6,2,1,0,1
50013502,44,24,20,12,11,2,5,0,1,2,0,3,4,0,3,0,3,1,2,21,14,7,14,4,10,0,0,0,5,4,1,1,1,0
50013503,36,19,17,18,8,3,1,0,0,0,0,5,1,0,0,0,4,2,2,24,13,11,6,3,3,0,0,0,0,0,0,2,1,1
50330401,255,134,121,12,49,17,45,14,7,5,7,25,22,19,21,1,10,7,3,71,45,26,99,47,52,9,2,7,55,27,28,11,6,5
50330402,146,83,63,3,42,16,19,12,3,4,1,10,8,12,10,0,3,1,2,58,41,17,45,23,22,4,2,2,30,13,17,6,3,3
55243701,238,131,107,11,66,18,41,24,5,4,3,13,26,9,15,1,12,6,6,99,61,38,74,34,40,5,2,3,33,18,15,15,10,5
55490101,124,71,53,2,28,12,18,9,0,1,4,15,11,8,12,0,1,1,0,37,29,8,43,19,24,3,1,2,36,18,18,4,3,1
55490102,785,416,369,23,160,54,107,57,18,24,14,89,64,72,74,4,19,11,8,238,150,88,273,125,148,9,2,7,220,115,105,26,13,13
3305150,0,0,0,0,0,0,0,0,0,0,0,0,0,0,0,0,0,0,0,0,0,0,0,0,0,0,0,0,0,0,0,0,0,0
3305230,0,0,0,0,0,0,0,0,0,0,0,0,0,0,0,0,0,0,0,0,0,0,0,0,0,0,0,0,0,0,0,0,0,0
3305740,0,0,0,0,0,0,0,0,0,0,0,0,0,0,0,0,0,0,0,0,0,0,0,0,0,0,0,0,0,0,0,0,0,0
3900710,0,0,0,0,0,0,0,0,0,0,0,0,0,0,0,0,0,0,0,0,0,0,0,0,0,0,0,0,0,0,0,0,0,0
3901940,0,0,0,0,0,0,0,0,0,0,0,0,0,0,0,0,0,0,0,0,0,0,0,0,0,0,0,0,0,0,0,0,0,0
3902590,0,0,0,0,0,0,0,0,0,0,0,0,0,0,0,0,0,0,0,0,0,0,0,0,0,0,0,0,0,0,0,0,0,0
56900301,39,23,16,2,10,5,7,1,2,0,0,0,4,1,5,0,2,2,0,24,15,9,7,3,4,1,1,0,2,1,1,3,1,2
56900302,270,147,123,12,80,20,37,12,10,4,4,17,28,15,20,0,9,3,6,104,70,34,109,51,58,3,2,1,38,17,21,7,4,3
55230501,28,16,12,5,4,2,6,1,2,1,0,2,2,0,3,0,2,1,1,8,6,2,10,4,6,0,0,0,5,3,2,3,2,1
55230502,53,29,24,1,9,3,6,7,1,1,3,1,8,6,7,0,3,1,2,15,11,4,19,9,10,1,0,1,12,6,6,3,2,1
54000501,73,40,33,7,28,7,7,7,1,0,1,4,2,4,1,1,4,3,1,29,20,9,22,10,12,1,1,0,9,3,6,8,3,5
3068010,0,0,0,0,0,0,0,0,0,0,0,0,0,0,0,0,0,0,0,0,0,0,0,0,0,0,0,0,0,0,0,0,0,0
3068190,0,0,0,0,0,0,0,0,0,0,0,0,0,0,0,0,0,0,0,0,0,0,0,0,0,0,0,0,0,0,0,0,0,0
3287070,0,0,0,0,0,0,0,0,0,0,0,0,0,0,0,0,0,0,0,0,0,0,0,0,0,0,0,0,0,0,0,0,0,0
3287150,0,0,0,0,0,0,0,0,0,0,0,0,0,0,0,0,0,0,0,0,0,0,0,0,0,0,0,0,0,0,0,0,0,0
50344401,143,78,65,1,68,11,14,6,7,3,4,10,4,3,9,0,7,3,4,65,38,27,54,28,26,1,0,1,9,4,5,7,5,2
50344402,108,61,47,8,37,11,11,5,3,3,0,8,7,5,6,0,6,3,3,48,34,14,36,18,18,3,1,2,14,5,9,1,0,1
50344403,200,111,89,16,68,17,19,18,2,3,4,6,14,10,19,0,4,3,1,75,54,21,71,30,41,3,0,3,43,20,23,4,4,0
50344404,234,126,108,12,93,18,18,11,2,0,3,19,17,18,17,0,12,7,5,85,58,27,95,42,53,6,1,5,31,15,16,5,3,2
50344405,105,59,46,6,38,10,8,10,3,0,2,6,4,4,10,2,4,2,2,49,33,16,34,15,19,1,0,1,11,3,8,6,6,0
50344406,44,25,19,2,18,5,1,4,0,1,0,4,2,1,3,0,3,1,2,15,10,5,20,13,7,1,0,1,5,1,4,0,0,0
50344408,70,37,33,7,34,0,5,2,0,2,1,5,6,5,3,0,3,2,1,25,15,10,32,16,16,2,1,1,7,3,4,1,0,1
50344409,97,51,46,11,34,6,10,7,5,1,3,2,9,5,2,0,4,0,4,42,26,16,37,16,21,2,0,2,12,9,3,0,0,0
50344410,105,61,44,14,41,7,9,2,0,4,0,3,7,5,10,1,6,2,4,43,26,17,33,18,15,4,3,1,16,11,5,3,1,2
50344411,191,103,88,15,61,14,25,14,2,2,7,15,8,14,10,0,9,6,3,79,51,28,58,24,34,3,0,3,36,17,19,6,5,1
50344413,100,56,44,1,45,9,12,4,3,2,2,9,2,4,3,0,9,8,1,37,24,13,37,16,21,1,0,1,14,7,7,2,1,1
50344414,64,35,29,1,23,4,3,4,0,2,0,6,8,8,3,0,4,2,2,22,17,5,21,8,13,1,1,0,16,7,9,0,0,0
50344415,21,12,9,1,12,1,1,2,1,0,0,1,1,1,0,0,0,0,0,12,8,4,4,1,3,0,0,0,2,0,2,3,3,0
50344416,160,81,79,8,57,12,20,6,9,1,0,12,6,11,10,1,12,9,3,57,33,24,59,22,37,3,1,2,27,14,13,2,2,0
50344417,936,493,443,42,362,41,97,41,23,17,10,51,55,77,80,2,42,22,20,316,184,132,357,184,173,20,9,11,167,76,91,34,18,16
50344418,1078,562,516,25,461,52,106,54,32,17,15,55,62,99,75,2,55,24,31,384,232,152,398,188,210,27,13,14,175,82,93,39,23,16
50344419,494,289,205,12,201,40,57,20,16,5,2,36,22,25,28,5,30,18,12,188,116,72,158,88,70,3,3,0,65,28,37,50,36,14
50344420,376,203,173,16,124,14,39,19,8,6,11,30,27,29,45,1,19,14,5,112,73,39,144,72,72,6,3,3,89,38,51,6,3,3
50344423,25,15,10,0,8,3,6,1,0,0,0,1,0,2,3,0,1,1,0,10,6,4,12,6,6,0,0,0,2,2,0,0,0,0
50344424,156,78,78,9,46,22,19,9,2,2,0,6,14,9,15,0,8,4,4,44,29,15,57,19,38,2,1,1,37,18,19,8,7,1
55223201,322,187,135,15,82,24,40,16,16,8,7,25,27,27,21,0,6,4,2,125,84,41,113,55,58,1,0,1,68,38,30,9,6,3
55203801,96,61,35,6,43,6,5,3,5,3,0,7,8,2,4,2,6,2,4,36,27,9,26,14,12,1,1,0,17,10,7,10,7,3
55221601,243,131,112,3,81,24,25,11,8,6,5,22,15,15,21,0,14,4,10,87,53,34,92,48,44,3,2,1,41,20,21,6,4,2
50362201,11,6,5,3,2,2,1,0,0,0,0,0,1,1,0,0,0,0,0,4,3,1,5,2,3,0,0,0,1,0,1,1,1,0
50362202,19,12,7,3,8,1,0,0,0,0,0,1,3,0,2,1,1,0,1,7,5,2,6,4,2,0,0,0,2,1,1,3,2,1
50362203,248,129,119,15,109,11,21,8,1,4,1,20,16,21,15,1,12,7,5,82,43,39,88,44,44,8,2,6,53,30,23,5,3,2
50362204,8,6,2,1,3,0,2,0,0,0,0,1,0,1,0,0,2,2,0,2,1,1,2,1,1,0,0,0,2,2,0,0,0,0
50362205,76,43,33,3,31,3,5,6,3,2,0,7,1,5,7,1,3,1,2,29,20,9,25,13,12,2,1,1,13,6,7,4,2,2
50362206,41,22,19,1,18,7,2,0,0,1,1,5,2,0,3,0,0,0,0,20,10,10,13,8,5,1,0,1,7,4,3,0,0,0
50365701,25,18,7,1,12,2,2,2,0,0,0,4,1,0,0,0,2,1,1,15,11,4,5,3,2,0,0,0,0,0,0,3,3,0
50365702,1164,629,535,14,493,68,127,48,40,29,21,92,63,79,63,7,53,24,29,411,255,156,440,214,226,17,6,11,202,99,103,41,31,10
50365703,368,202,166,7,128,22,37,23,11,2,8,37,28,24,24,2,15,6,9,123,88,35,138,63,75,8,3,5,73,36,37,11,6,5
56984401,191,108,83,8,70,13,19,8,2,2,2,13,7,12,26,0,6,4,2,74,50,24,61,32,29,6,1,5,31,13,18,13,8,5
50373801,587,318,269,13,176,44,60,41,12,14,18,45,43,43,50,3,21,11,10,195,131,64,219,104,115,21,7,14,108,50,58,23,15,8
55237201,97,50,47,15,41,7,7,7,2,1,1,6,1,2,4,1,7,4,3,47,30,17,27,12,15,1,1,0,13,2,11,2,1,1
55237202,107,62,45,14,51,10,6,4,1,0,1,8,5,0,7,0,5,3,2,62,37,25,25,15,10,3,1,2,7,2,5,5,4,1
55237203,490,273,217,57,202,36,44,29,9,6,4,21,22,23,23,7,27,12,15,236,157,79,154,63,91,11,4,7,40,20,20,22,17,5
55237204,67,40,27,16,24,5,2,0,0,1,0,4,2,7,4,0,4,1,3,27,19,8,22,14,8,0,0,0,13,6,7,1,0,1
56891101,130,72,58,7,53,10,8,13,3,3,1,6,9,7,7,0,4,1,3,65,42,23,37,19,18,4,1,3,16,7,9,4,2,2
3305310,0,0,0,0,0,0,0,0,0,0,0,0,0,0,0,0,0,0,0,0,0,0,0,0,0,0,0,0,0,0,0,0,0,0
3305400,0,0,0,0,0,0,0,0,0,0,0,0,0,0,0,0,0,0,0,0,0,0,0,0,0,0,0,0,0,0,0,0,0,0
50016001,236,132,104,32,34,11,12,12,9,1,1,19,77,14,9,3,24,12,12,92,51,41,80,42,38,0,0,0,25,15,10,15,12,3
50016002,48,30,18,21,9,4,0,0,1,0,0,3,6,1,2,0,8,4,4,21,16,5,9,4,5,0,0,0,5,2,3,5,4,1
50424601,207,116,91,8,75,27,21,12,3,4,0,11,15,10,15,1,9,4,5,87,57,30,80,39,41,3,1,2,20,10,10,8,5,3
50424603,117,66,51,13,47,10,12,8,4,3,0,2,8,2,6,0,4,3,1,41,28,13,46,24,22,0,0,0,23,9,14,3,2,1
50424604,8,6,2,1,3,0,2,0,0,0,1,0,0,0,1,0,1,1,0,1,1,0,5,3,2,0,0,0,0,0,0,1,1,0
55234801,284,162,122,33,96,23,26,12,0,2,5,25,16,12,26,1,14,6,8,115,84,31,105,49,56,7,1,6,32,17,15,11,5,6
55234802,44,24,20,12,17,1,3,0,0,1,0,4,2,2,2,0,4,2,2,18,9,9,16,8,8,2,2,0,3,2,1,1,1,0
59767801,13,9,4,2,5,0,1,1,0,0,0,1,0,0,2,0,1,1,0,4,4,0,6,3,3,0,0,0,2,1,1,0,0,0
59767802,1129,621,508,34,497,67,70,69,27,11,10,60,71,67,112,8,92,45,47,537,338,199,312,146,166,13,3,10,111,52,59,64,37,27
59767803,14,10,4,3,5,1,0,0,0,1,0,1,0,1,1,0,1,0,1,6,5,1,6,4,2,0,0,0,1,1,0,0,0,0
59767804,41,22,19,0,25,2,4,1,1,0,0,1,1,1,2,0,7,2,5,18,12,6,14,8,6,0,0,0,2,0,2,0,0,0
59767805,42,24,18,3,22,4,1,0,2,0,0,4,2,1,2,1,7,4,3,19,10,9,11,7,4,2,2,0,1,0,1,2,1,1
55494401,87,45,42,1,30,6,7,8,2,2,1,9,7,7,5,0,4,1,3,38,23,15,35,16,19,0,0,0,8,3,5,2,2,0
55494402,222,119,103,11,69,19,40,15,5,3,4,18,11,14,10,1,15,8,7,73,44,29,83,40,43,6,3,3,31,14,17,14,10,4
54709301,24,14,10,2,5,3,1,0,0,2,0,1,1,2,3,0,1,1,0,6,4,2,8,4,4,0,0,0,6,3,3,3,2,1
50444102,55,29,26,3,17,4,3,4,4,4,0,6,4,1,4,0,0,0,0,18,12,6,25,12,13,0,0,0,11,5,6,1,0,1
50444103,169,97,72,9,62,13,15,9,5,2,2,14,12,10,12,1,11,7,4,65,46,19,54,27,27,2,1,1,27,12,15,10,4,6
50444104,446,234,212,13,131,26,67,26,14,6,6,38,37,37,26,2,16,5,11,149,95,54,172,79,93,10,3,7,82,42,40,17,10,7
50450501,58,39,19,7,19,5,6,3,3,2,0,5,3,1,2,0,1,0,1,28,19,9,15,10,5,1,1,0,13,9,4,0,0,0
50450502,1017,565,452,64,328,58,115,49,25,24,22,55,80,76,84,6,37,25,12,333,214,119,368,187,181,15,6,9,232,113,119,32,20,12
59768601,49,31,18,17,4,3,1,5,1,0,0,0,11,2,4,0,2,2,0,30,21,9,8,5,3,2,0,2,5,1,4,2,2,0
59768602,13,9,4,1,3,2,0,0,1,0,0,2,3,1,0,0,2,2,0,6,5,1,1,0,1,0,0,0,2,1,1,2,1,1
59768604,61,44,17,14,17,8,2,8,1,0,0,1,4,3,3,0,5,4,1,34,27,7,16,10,6,0,0,0,5,2,3,1,1,0
55238101,192,101,91,9,80,20,13,8,2,4,2,14,7,20,11,0,7,3,4,79,49,30,65,26,39,7,3,4,29,15,14,5,5,0
55238102,160,88,72,13,78,18,7,10,0,2,3,8,3,7,7,2,10,4,6,81,53,28,52,21,31,0,0,0,10,4,6,7,6,1
55225901,114,65,49,16,41,5,7,11,1,0,2,4,7,8,7,1,9,4,5,42,30,12,36,16,20,0,0,0,16,7,9,11,8,3
1106550,0,0,0,0,0,0,0,0,0,0,0,0,0,0,0,0,0,0,0,0,0,0,0,0,0,0,0,0,0,0,0,0,0,0
3052010,0,0,0,0,0,0,0,0,0,0,0,0,0,0,0,0,0,0,0,0,0,0,0,0,0,0,0,0,0,0,0,0,0,0
3052940,0,0,0,0,0,0,0,0,0,0,0,0,0,0,0,0,0,0,0,0,0,0,0,0,0,0,0,0,0,0,0,0,0,0
3053160,0,0,0,0,0,0,0,0,0,0,0,0,0,0,0,0,0,0,0,0,0,0,0,0,0,0,0,0,0,0,0,0,0,0
3207060,0,0,0,0,0,0,0,0,0,0,0,0,0,0,0,0,0,0,0,0,0,0,0,0,0,0,0,0,0,0,0,0,0,0
50049601,677,360,317,14,140,50,94,38,27,16,11,73,39,69,65,2,16,7,9,189,121,68,238,126,112,13,3,10,218,102,116,3,1,2
50049602,353,196,157,5,124,36,51,25,7,11,4,20,21,16,18,1,15,8,7,126,78,48,126,62,64,5,0,5,55,31,24,26,17,9
50049603,45,24,21,4,12,1,9,3,3,0,1,6,1,1,3,0,6,3,3,15,8,7,14,7,7,1,1,0,4,2,2,5,3,2
50049604,1655,928,727,24,378,130,215,164,61,40,29,167,102,124,153,9,100,58,42,452,294,158,591,302,289,37,16,21,422,222,200,53,36,17
50049606,192,108,84,9,28,13,20,7,10,5,5,23,20,23,16,1,19,13,6,26,19,7,63,36,27,6,1,5,74,36,38,4,3,1
50049607,543,286,257,12,122,38,65,29,20,21,10,64,39,44,54,1,17,6,11,139,87,52,214,106,108,5,4,1,163,80,83,5,3,2
50049608,356,193,163,12,65,28,38,14,11,11,12,33,17,43,47,4,8,4,4,76,44,32,125,67,58,3,1,2,137,71,66,7,6,1
50049609,358,200,158,9,97,26,39,17,13,12,6,30,21,33,41,1,12,7,5,109,73,36,122,63,59,15,5,10,92,47,45,8,5,3
50049610,295,160,135,13,58,29,36,14,13,3,9,34,27,17,27,2,20,11,9,100,62,38,86,43,43,4,1,3,79,39,40,6,4,2
50049611,664,348,316,11,135,37,100,41,19,21,21,75,51,66,60,4,24,14,10,198,131,67,230,93,137,12,4,8,191,103,88,9,3,6
50049613,771,382,389,9,147,36,125,60,33,20,10,94,51,61,84,3,60,34,26,270,148,122,252,109,143,11,2,9,163,82,81,15,7,8
50049614,234,135,99,6,47,35,34,12,4,3,5,23,11,16,27,1,14,7,7,73,51,22,68,37,31,3,2,1,72,35,37,4,3,1
50049615,11,7,4,2,2,4,2,1,0,0,0,0,0,0,0,0,0,0,0,7,6,1,3,1,2,0,0,0,1,0,1,0,0,0
50049617,506,261,245,9,84,36,69,31,28,17,9,51,34,45,56,1,29,12,17,114,72,42,168,91,77,9,2,7,168,72,96,18,12,6
50049618,2980,1516,1464,35,537,161,350,159,125,116,65,359,247,339,323,13,99,51,48,620,370,250,1034,515,519,73,30,43,1082,510,572,72,40,32
50049619,287,158,129,6,49,19,31,13,5,13,4,27,20,39,39,1,15,10,5,50,35,15,92,50,42,4,2,2,122,60,62,4,1,3
50049620,1088,557,531,15,182,64,134,60,36,58,30,120,78,132,122,4,62,38,24,178,103,75,337,163,174,20,7,13,454,223,231,37,23,14
50049621,113,59,54,1,15,7,15,3,3,6,3,14,7,11,17,3,1,1,0,23,15,8,31,15,16,1,0,1,55,27,28,2,1,1
50049623,917,460,457,8,157,47,121,59,28,41,31,112,80,96,84,4,45,21,24,203,113,90,310,152,158,16,10,6,318,152,166,25,12,13
50049624,880,468,412,4,116,46,89,32,34,55,23,143,60,101,123,2,28,15,13,108,63,45,268,134,134,8,5,3,449,238,211,19,13,6
50049625,1785,908,877,26,318,88,238,146,59,71,37,176,133,227,184,5,84,41,43,426,239,187,655,330,325,42,23,19,537,247,290,41,28,13
50049626,776,400,376,9,121,37,105,53,30,32,21,99,63,68,99,5,31,14,17,159,106,53,253,120,133,11,7,4,297,137,160,25,16,9
50049628,2103,1076,1027,18,385,114,247,140,99,112,60,233,150,244,184,7,97,50,47,428,251,177,717,361,356,39,13,26,763,358,405,59,43,16
50049629,349,184,165,9,67,20,48,26,16,12,4,40,31,28,25,3,30,10,20,93,67,26,115,55,60,10,5,5,93,43,50,8,4,4
50049630,22,15,7,2,2,4,3,2,1,0,0,4,1,1,0,0,5,3,2,6,5,1,5,3,2,0,0,0,5,3,2,1,1,0
50049631,59,41,18,1,21,14,5,5,2,0,0,4,2,2,0,2,5,3,2,22,15,7,21,13,8,0,0,0,4,3,1,7,7,0
50049632,33,20,13,1,7,8,3,0,1,1,0,6,1,2,2,1,2,1,1,6,4,2,9,5,4,1,0,1,4,1,3,11,9,2
50049633,1536,796,740,18,307,114,198,104,71,51,20,162,88,146,154,7,68,39,29,389,251,138,534,245,289,41,16,25,454,215,239,50,30,20
50049634,267,140,127,5,65,14,33,24,14,5,5,35,15,12,24,5,24,8,16,68,42,26,102,53,49,6,3,3,57,27,30,10,7,3
50049635,33,19,14,1,5,4,7,3,0,3,0,2,3,3,1,0,3,1,2,4,4,0,13,8,5,0,0,0,13,6,7,0,0,0
50049636,26,20,6,1,8,2,4,3,1,0,0,5,1,0,0,1,5,5,0,10,8,2,6,5,1,0,0,0,0,0,0,5,2,3
50049637,817,424,393,10,160,47,110,55,38,26,12,100,41,73,92,4,57,30,27,188,128,60,291,139,152,15,6,9,254,116,138,12,5,7
50049638,15,12,3,0,4,2,1,1,1,2,0,1,0,0,1,0,2,1,1,7,6,1,4,3,1,0,0,0,1,1,0,1,1,0
50049640,158,76,82,4,32,11,12,9,5,2,2,20,11,22,16,1,4,3,1,29,17,12,70,29,41,2,1,1,51,25,26,2,1,1
50049641,493,262,231,15,105,43,69,26,13,19,12,48,37,40,41,2,22,12,10,144,84,60,173,87,86,10,2,8,131,67,64,13,10,3
50049642,282,148,134,3,47,20,44,22,19,8,4,36,17,14,20,3,26,17,9,72,44,28,99,47,52,6,1,5,66,33,33,13,6,7
50049643,10,9,1,0,4,1,0,0,0,0,0,2,0,1,1,0,4,4,0,1,1,0,1,1,0,1,1,0,2,1,1,1,1,0
50049644,378,202,176,5,69,26,61,15,21,16,3,33,24,47,38,3,17,10,7,96,65,31,137,65,72,10,4,6,110,53,57,8,5,3
50049645,1163,611,552,5,210,59,146,72,49,56,47,119,97,102,147,8,37,22,15,158,102,56,411,222,189,46,14,32,492,241,251,19,10,9
50049646,60,28,32,0,10,2,8,1,0,4,1,8,8,4,12,0,0,0,0,0,0,0,11,4,7,0,0,0,49,24,25,0,0,0
50049647,176,90,86,3,40,10,25,5,5,9,6,16,13,11,18,1,8,2,6,42,26,16,61,27,34,4,3,1,59,31,28,2,1,1
50049648,30,21,9,0,2,4,11,0,2,0,0,2,1,1,2,2,0,0,0,7,5,2,14,10,4,1,1,0,7,4,3,1,1,0
50049651,1455,764,691,18,255,101,230,77,64,45,46,168,122,113,144,3,51,27,24,283,191,92,558,266,292,22,8,14,513,254,259,28,18,10
50049652,191,97,94,11,43,11,20,14,3,8,3,18,10,15,21,0,9,3,6,56,35,21,73,33,40,4,1,3,41,19,22,8,6,2
50049653,223,127,96,4,49,24,33,19,5,4,6,19,11,13,26,3,7,4,3,59,41,18,83,42,41,3,0,3,70,39,31,1,1,0
50049654,109,59,50,1,20,7,14,11,2,3,3,6,11,18,9,0,5,2,3,23,15,8,41,22,19,0,0,0,34,17,17,6,3,3
50049655,373,197,176,5,62,27,39,30,12,11,6,50,24,37,49,3,11,6,5,67,47,20,143,78,65,5,4,1,139,59,80,8,3,5
50049656,524,269,255,2,69,27,60,17,31,28,11,61,43,69,66,5,18,10,8,56,38,18,153,64,89,7,2,5,280,148,132,10,7,3
50049657,58,34,24,0,7,3,1,0,6,6,2,8,5,4,13,0,1,1,0,3,3,0,18,13,5,1,0,1,35,17,18,0,0,0
50049658,1013,521,492,7,123,35,110,37,26,58,31,132,122,112,177,3,22,13,9,78,49,29,307,151,156,26,11,15,567,291,276,13,6,7
50049659,1476,781,695,10,274,87,145,74,60,70,37,157,104,185,169,9,63,38,25,256,171,85,489,252,237,31,16,15,602,281,321,35,23,12
50049660,457,238,219,3,64,25,42,26,22,21,9,53,42,44,85,0,14,7,7,53,36,17,136,65,71,12,2,10,231,119,112,11,9,2
50049662,1369,676,693,15,283,64,180,80,53,66,30,147,94,150,130,3,56,28,28,335,203,132,496,239,257,29,9,20,417,173,244,36,24,12
50049663,57,29,28,0,13,1,11,2,1,2,1,4,1,5,12,1,0,0,0,10,8,2,23,11,12,0,0,0,21,10,11,3,0,3
50049664,1330,676,654,14,229,73,151,67,42,69,44,145,86,173,154,4,54,32,22,216,136,80,436,207,229,31,11,20,550,260,290,43,30,13
50049665,98,51,47,3,13,7,11,2,2,5,4,16,5,15,8,0,3,1,2,7,4,3,29,15,14,1,1,0,52,26,26,6,4,2
50049666,1530,750,780,12,290,83,228,112,56,47,25,168,114,109,189,15,86,45,41,406,232,174,586,261,325,28,11,17,381,178,203,43,23,20
50049667,532,268,264,6,50,21,33,21,12,25,16,46,31,50,207,0,16,9,7,79,47,32,163,85,78,22,7,15,242,114,128,10,6,4
50049668,1281,672,609,15,229,73,168,76,40,48,24,138,107,143,152,9,48,28,20,277,182,95,487,237,250,24,13,11,407,186,221,38,26,12
50049669,150,86,64,1,34,13,22,6,8,9,3,14,6,16,13,1,6,4,2,35,27,8,62,35,27,3,1,2,39,15,24,5,4,1
50049670,3428,1748,1680,44,634,207,456,221,110,122,79,334,376,317,347,11,142,87,55,770,436,334,1308,633,675,79,30,49,1056,518,538,73,44,29
50049671,2320,1184,1136,32,440,135,319,172,83,81,60,225,199,230,253,4,104,51,53,551,333,218,889,410,479,47,19,28,662,327,335,67,44,23
50049672,166,95,71,4,42,16,22,18,9,1,5,13,12,11,9,0,11,9,2,61,40,21,56,25,31,2,2,0,31,16,15,5,3,2
50049673,9,4,5,0,3,0,0,0,1,0,1,2,0,0,2,0,0,0,0,2,1,1,4,1,3,0,0,0,3,2,1,0,0,0
50049674,1365,735,630,12,235,80,184,56,72,59,45,153,111,123,164,3,66,36,30,221,134,87,448,256,192,23,9,14,577,281,296,30,19,11
50049675,505,248,257,1,84,21,64,31,31,27,8,62,32,53,57,0,30,18,12,119,69,50,157,76,81,9,2,7,175,75,100,15,8,7
50049676,74,42,32,0,2,3,8,6,3,3,1,16,4,13,10,0,0,0,0,1,1,0,25,13,12,0,0,0,44,25,19,4,3,1
50049677,3000,1750,1250,34,455,191,353,164,214,132,57,432,132,312,212,39,192,104,88,528,373,155,853,470,383,56,21,35,1024,526,498,347,256,91
50049678,979,532,447,11,132,36,87,38,45,54,19,144,99,141,95,6,36,22,14,127,82,45,283,157,126,18,12,6,479,232,247,36,27,9
50049679,179,96,83,3,20,12,19,10,12,8,4,24,12,19,25,2,8,7,1,29,13,16,65,37,28,4,3,1,64,29,35,9,7,2
50049680,771,411,360,11,121,31,88,43,34,45,23,105,56,77,90,6,28,17,11,123,76,47,257,138,119,24,11,13,317,155,162,22,14,8
50049681,1702,883,819,21,297,99,184,101,67,69,36,211,130,217,168,7,56,32,24,370,224,146,530,266,264,20,9,11,684,326,358,42,26,16
50049682,158,81,77,1,29,13,24,13,1,8,3,16,16,15,18,0,7,4,3,32,24,8,55,28,27,8,0,8,54,24,30,2,1,1
50049683,3302,1683,1619,36,637,177,474,238,117,117,83,335,288,260,368,17,162,87,75,843,502,341,1254,597,657,78,27,51,871,418,453,94,52,42
50049684,52,19,33,1,8,2,7,6,2,0,1,11,2,9,2,0,5,0,5,13,7,6,18,6,12,0,0,0,14,5,9,2,1,1
50049685,797,414,383,8,134,36,111,49,34,36,31,99,80,49,93,5,28,15,13,167,105,62,320,152,168,20,7,13,241,121,120,21,14,7
50049686,566,295,271,9,115,45,62,36,16,28,15,67,33,55,57,5,20,14,6,104,71,33,194,87,107,21,8,13,216,110,106,11,5,6
50478501,15,10,5,3,1,0,2,2,0,0,1,2,0,2,2,0,0,0,0,5,3,2,3,2,1,1,0,1,6,5,1,0,0,0
50478502,120,72,48,8,39,7,8,5,8,1,0,3,3,4,34,0,9,5,4,63,41,22,33,18,15,1,0,1,10,5,5,4,3,1
50478503,468,263,205,36,185,41,32,17,9,4,2,16,30,20,64,2,38,19,19,183,123,60,164,81,83,10,4,6,61,28,33,12,8,4
55216001,489,273,216,53,158,37,44,30,4,4,5,41,35,31,31,2,20,9,11,188,126,62,167,93,74,12,2,10,83,33,50,19,10,9
55241101,29,15,14,0,4,2,3,3,2,0,1,0,9,3,1,0,0,0,0,9,7,2,16,8,8,1,0,1,2,0,2,1,0,1
55241102,741,422,319,24,205,60,93,62,30,11,16,70,71,27,45,6,41,17,24,289,187,102,262,136,126,15,5,10,108,62,46,26,15,11
50501301,165,83,82,13,44,10,17,12,5,4,4,15,12,9,14,0,8,5,3,81,52,29,42,16,26,2,1,1,30,9,21,2,0,2
50501302,469,254,215,29,122,44,58,27,13,11,4,52,24,37,29,3,26,12,14,158,95,63,161,85,76,3,2,1,101,48,53,20,12,8
55410301,101,60,41,10,21,14,8,3,2,2,0,8,12,3,16,0,5,4,1,37,26,11,37,16,21,2,1,1,20,13,7,0,0,0
54707701,685,358,327,9,132,42,75,49,21,16,15,72,49,87,87,9,20,13,7,130,83,47,224,110,114,14,4,10,279,134,145,18,14,4
50508101,101,59,42,11,39,7,11,8,2,0,1,4,2,4,10,1,9,3,6,46,35,11,32,16,16,0,0,0,10,5,5,4,0,4
50508102,638,348,290,51,217,33,53,31,9,15,12,53,50,44,50,1,24,12,12,244,157,87,223,112,111,18,4,14,113,55,58,16,8,8
50508103,111,65,46,8,49,9,11,9,3,0,0,6,5,2,6,0,8,3,5,56,36,20,31,18,13,2,1,1,11,5,6,3,2,1
55226701,158,84,74,10,45,9,18,15,5,5,1,14,15,9,6,1,7,4,3,63,39,24,52,26,26,4,1,3,26,10,16,6,4,2
55215101,559,306,253,17,153,49,60,55,14,10,8,41,41,45,40,5,7,2,5,221,135,86,182,104,78,14,3,11,116,51,65,19,11,8
50511101,182,104,78,1,65,7,26,18,2,1,0,17,11,9,19,1,6,4,2,58,33,25,83,45,38,5,2,3,28,18,10,2,2,0
50511102,570,322,248,17,196,24,58,33,27,12,7,42,36,44,47,2,14,6,8,220,146,74,175,90,85,7,2,5,139,68,71,15,10,5
55219401,88,50,38,11,47,3,4,4,0,1,0,4,4,2,4,0,1,1,0,47,32,15,24,9,15,1,0,1,8,4,4,7,4,3
56905401,67,43,24,9,22,6,4,4,0,0,1,3,8,4,3,3,4,2,2,33,28,5,20,9,11,0,0,0,8,3,5,2,1,1
54701801,280,156,124,16,80,21,36,17,5,3,5,29,24,18,22,0,6,4,2,117,77,40,100,44,56,3,2,1,44,23,21,10,6,4
56977101,68,40,28,6,14,5,9,7,1,2,1,4,7,6,2,0,1,1,0,33,21,12,22,13,9,1,1,0,9,3,6,2,1,1
55242901,127,74,53,11,36,7,20,8,4,4,1,7,13,7,3,0,4,2,2,50,30,20,37,21,16,4,1,3,27,15,12,5,5,0
55201101,414,232,182,16,115,52,36,14,7,10,5,40,38,30,43,1,7,6,1,125,83,42,169,86,83,8,3,5,93,46,47,12,8,4
50516101,51,23,28,0,15,5,4,1,2,1,1,6,6,5,2,0,1,0,1,23,12,11,20,8,12,0,0,0,7,3,4,0,0,0
50516102,45,25,20,4,11,6,6,0,1,0,0,7,5,0,4,0,4,1,3,20,14,6,8,3,5,2,1,1,9,5,4,2,1,1
50516104,164,89,75,17,43,19,18,10,4,0,1,13,10,8,14,1,7,4,3,77,52,25,60,24,36,1,0,1,15,7,8,4,2,2
50516105,158,84,74,6,21,19,16,11,5,6,1,14,16,17,13,0,6,5,1,33,20,13,58,29,29,5,1,4,52,26,26,4,3,1
50516106,1186,654,532,38,314,94,150,103,28,30,14,103,104,78,78,11,50,28,22,449,283,166,446,223,223,20,4,16,178,88,90,43,28,15
50516107,25,14,11,2,9,2,3,1,0,0,0,2,1,1,2,0,2,0,2,6,5,1,10,4,6,0,0,0,7,5,2,0,0,0
1636510,0,0,0,0,0,0,0,0,0,0,0,0,0,0,0,0,0,0,0,0,0,0,0,0,0,0,0,0,0,0,0,0,0,0
3417970,0,0,0,0,0,0,0,0,0,0,0,0,0,0,0,0,0,0,0,0,0,0,0,0,0,0,0,0,0,0,0,0,0,0
50518801,47,27,20,5,20,2,5,3,2,0,0,4,3,1,2,0,3,1,2,26,20,6,13,3,10,0,0,0,5,3,2,0,0,0
50518802,16,10,6,1,9,2,1,0,0,0,0,0,2,0,0,0,0,0,0,5,4,1,7,5,2,2,0,2,2,1,1,0,0,0
50518803,75,47,28,8,23,9,8,2,1,1,1,3,6,5,6,0,7,5,2,36,27,9,18,11,7,1,1,0,9,2,7,4,1,3
50518804,73,42,31,6,29,10,8,3,0,0,1,3,3,1,8,0,4,2,2,37,24,13,19,9,10,4,1,3,6,3,3,3,3,0
50518805,51,30,21,10,13,5,2,3,1,2,0,2,2,5,4,0,7,3,4,16,10,6,16,11,5,0,0,0,11,5,6,1,1,0
50518806,487,262,225,7,131,25,45,21,14,8,7,35,34,55,92,2,23,10,13,124,85,39,183,87,96,12,8,4,127,62,65,18,10,8
50518807,614,335,279,12,192,40,65,26,22,15,9,49,42,39,77,4,36,19,17,178,117,61,243,122,121,15,4,11,125,62,63,17,11,6
50518808,674,343,331,12,224,31,88,38,15,12,11,39,44,34,95,9,55,28,27,254,153,101,228,97,131,11,5,6,100,43,57,26,17,9
50518809,536,303,233,14,170,41,72,30,27,3,5,41,26,22,61,6,39,19,20,182,112,70,175,91,84,13,4,9,67,29,38,60,48,12
50518810,71,38,33,4,17,3,12,7,1,0,0,4,3,5,11,1,5,2,3,29,18,11,21,9,12,2,0,2,10,6,4,4,3,1
50518811,22,13,9,1,7,1,3,3,2,0,0,1,0,2,2,0,3,3,0,8,4,4,6,4,2,0,0,0,5,2,3,0,0,0
50518812,41,17,24,1,5,2,3,1,0,0,0,2,0,0,27,0,1,0,1,14,8,6,17,7,10,2,0,2,3,0,3,4,2,2
50518813,885,477,408,10,261,63,111,39,19,23,10,62,50,67,134,7,57,31,26,327,194,133,298,154,144,15,6,9,159,74,85,29,18,11
50518815,435,226,209,10,113,23,46,25,11,11,7,38,39,35,64,0,7,4,3,114,76,38,180,85,95,7,2,5,119,57,62,8,2,6
50518816,409,208,201,12,116,18,56,14,5,11,8,32,30,40,48,3,18,12,6,122,76,46,143,67,76,6,0,6,105,47,58,15,6,9
50518817,151,85,66,2,42,10,24,8,4,2,0,6,6,16,26,0,1,1,0,44,30,14,56,33,23,3,1,2,40,18,22,7,2,5
50518818,320,166,154,6,69,18,27,25,4,11,4,19,17,48,53,2,22,15,7,74,54,20,110,51,59,6,3,3,103,42,61,5,1,4
50518819,532,286,246,15,158,43,58,29,15,14,12,30,22,43,72,2,28,15,13,170,117,53,194,89,105,11,6,5,120,56,64,9,3,6
50518820,734,383,351,12,242,43,89,51,24,10,12,44,39,40,107,1,33,17,16,237,150,87,300,132,168,21,8,13,118,61,57,25,15,10
50518821,20,13,7,1,4,2,5,1,1,0,0,0,1,2,2,0,4,3,1,9,6,3,4,2,2,0,0,0,3,2,1,0,0,0
50518822,13,10,3,0,4,1,2,2,0,2,0,1,0,0,1,0,2,2,0,4,4,0,3,2,1,0,0,0,3,1,2,1,1,0
50518823,126,67,59,2,39,3,16,5,4,2,1,6,11,14,17,0,1,0,1,33,24,9,49,21,28,5,3,2,38,19,19,0,0,0
50521801,162,89,73,6,79,8,16,6,5,0,2,7,9,4,9,6,16,9,7,86,53,33,44,19,25,2,2,0,12,4,8,2,2,0
50521802,623,354,269,53,284,45,48,37,15,7,9,34,16,38,23,2,22,14,8,252,158,94,233,130,103,13,7,6,82,36,46,21,9,12
50526901,130,68,62,4,34,10,13,7,3,5,1,7,12,10,21,0,1,0,1,40,28,12,41,19,22,8,3,5,36,15,21,4,3,1
50526902,328,185,143,16,82,24,48,14,6,9,3,29,34,24,22,2,13,8,5,108,68,40,111,55,56,4,1,3,67,37,30,25,16,9
50526903,185,102,83,14,38,9,32,14,3,1,4,22,14,19,8,2,11,5,6,59,36,23,68,28,40,4,3,1,34,22,12,9,8,1
55208901,321,168,153,10,73,19,38,16,9,11,3,36,23,31,37,1,11,4,7,76,53,23,108,53,55,4,1,3,114,52,62,8,5,3
50529301,103,60,43,18,32,10,7,10,0,3,1,9,2,4,3,1,6,3,3,52,31,21,26,16,10,2,1,1,16,8,8,1,1,0
50529302,32,20,12,3,10,4,7,1,1,2,0,0,0,3,0,0,0,0,0,16,10,6,11,7,4,0,0,0,3,2,1,2,1,1
50529303,110,60,50,12,36,12,14,5,4,1,1,2,4,8,10,1,11,6,5,44,30,14,34,13,21,6,2,4,14,8,6,1,1,0
50529304,541,300,241,64,184,62,43,25,7,11,5,29,22,37,39,2,13,8,5,230,155,75,191,81,110,12,6,6,78,36,42,17,14,3
50529305,85,42,43,2,35,11,7,4,1,2,0,6,1,8,6,0,1,0,1,31,23,8,32,10,22,3,1,2,18,8,10,0,0,0
50536601,57,33,24,4,16,2,12,6,2,0,2,4,4,3,1,0,1,0,1,26,17,9,21,13,8,2,0,2,6,2,4,1,1,0
50536602,130,74,56,3,25,9,15,15,1,4,2,20,15,3,14,0,7,5,2,30,24,6,48,23,25,2,0,2,36,18,18,7,4,3
50536603,64,37,27,4,22,3,8,2,0,0,1,12,2,4,5,0,2,2,0,26,17,9,20,12,8,0,0,0,13,5,8,3,1,2
50536604,521,294,227,22,169,27,51,41,13,15,9,46,58,27,30,2,15,7,8,162,109,53,207,102,105,10,2,8,109,63,46,18,11,7
50536605,70,43,27,3,15,6,7,7,3,1,0,9,1,8,7,0,5,4,1,25,19,6,22,10,12,1,0,1,12,8,4,5,2,3
50536606,32,19,13,1,14,3,1,0,2,0,0,1,4,3,1,1,0,0,0,14,8,6,9,7,2,1,0,1,4,1,3,4,3,1
50550101,65,38,27,1,26,3,8,3,1,0,2,9,1,4,5,0,6,3,3,28,19,9,20,13,7,2,1,1,6,1,5,3,1,2
50550102,110,61,49,11,37,11,13,6,4,1,1,4,10,4,5,2,15,9,6,52,31,21,25,13,12,3,0,3,13,6,7,2,2,0
50550103,498,272,226,36,195,29,43,27,13,3,8,40,22,25,33,9,30,18,12,198,121,77,170,84,86,14,4,10,54,25,29,32,20,12
1745480,0,0,0,0,0,0,0,0,0,0,0,0,0,0,0,0,0,0,0,0,0,0,0,0,0,0,0,0,0,0,0,0,0,0
1746020,0,0,0,0,0,0,0,0,0,0,0,0,0,0,0,0,0,0,0,0,0,0,0,0,0,0,0,0,0,0,0,0,0,0
1746290,0,0,0,0,0,0,0,0,0,0,0,0,0,0,0,0,0,0,0,0,0,0,0,0,0,0,0,0,0,0,0,0,0,0
3405700,0,0,0,0,0,0,0,0,0,0,0,0,0,0,0,0,0,0,0,0,0,0,0,0,0,0,0,0,0,0,0,0,0,0
50558701,126,71,55,7,71,3,9,5,3,0,1,9,1,8,8,0,7,4,3,53,36,17,43,18,25,2,2,0,9,5,4,12,6,6
50558702,63,36,27,6,36,5,8,0,0,1,1,1,1,1,3,0,6,4,2,33,21,12,19,9,10,1,1,0,2,0,2,2,1,1
50558703,69,37,32,9,22,2,5,7,4,0,0,3,3,4,9,0,2,0,2,28,20,8,28,13,15,4,1,3,7,3,4,0,0,0
50558704,51,30,21,4,18,3,5,9,0,0,1,2,1,2,5,0,4,2,2,16,12,4,21,11,10,1,0,1,5,3,2,4,2,2
50558705,96,51,45,7,36,10,13,5,1,0,1,5,3,3,10,1,4,1,3,37,22,15,33,20,13,3,0,3,16,7,9,3,1,2
50558706,112,64,48,22,37,14,12,3,1,0,0,3,6,4,7,1,5,4,1,61,37,24,26,13,13,2,0,2,16,9,7,2,1,1
50558707,222,114,108,11,100,10,18,12,5,3,5,19,8,17,11,0,6,3,3,79,52,27,81,36,45,5,0,5,45,20,25,6,3,3
50558709,52,25,27,1,16,5,2,1,0,3,0,6,1,7,9,0,3,1,2,9,6,3,23,11,12,3,2,1,14,5,9,0,0,0
50558710,98,54,44,11,41,5,8,5,2,1,2,8,1,6,7,0,6,2,4,31,23,8,35,16,19,1,0,1,19,10,9,6,3,3
50558711,1381,722,659,29,658,70,117,60,26,13,10,113,56,82,93,15,110,48,62,532,317,215,473,214,259,39,9,30,144,79,65,83,55,28
50558712,766,417,349,12,339,42,74,39,11,16,13,57,32,46,56,3,47,20,27,275,164,111,287,145,142,17,7,10,115,65,50,25,16,9
50558713,200,115,85,5,61,19,25,7,3,3,6,13,14,21,17,1,5,2,3,60,38,22,79,39,40,2,1,1,50,32,18,4,3,1
50558714,15,8,7,0,4,1,1,2,0,0,1,0,2,1,3,0,2,1,1,4,3,1,4,2,2,1,0,1,4,2,2,0,0,0
50558715,611,345,266,11,243,36,62,21,14,12,8,55,38,46,49,5,25,13,12,197,142,55,212,105,107,20,7,13,136,65,71,21,13,8
50558716,223,115,108,7,80,13,28,10,3,5,5,15,12,20,18,0,14,9,5,60,41,19,84,39,45,9,4,5,49,19,30,7,3,4
50558717,716,385,331,17,319,27,64,30,22,12,10,44,41,40,48,10,48,20,28,254,157,97,283,148,135,21,4,17,87,40,47,23,16,7
50558718,565,344,221,17,218,45,60,26,21,8,5,41,24,25,42,11,57,27,30,195,132,63,165,94,71,11,3,8,74,36,38,63,52,11
50558719,15,9,6,1,11,1,0,0,0,0,0,2,0,0,0,0,2,1,1,6,3,3,5,3,2,0,0,0,0,0,0,2,2,0
55236401,226,125,101,3,56,12,17,24,5,8,5,20,22,19,28,2,5,4,1,61,44,17,88,42,46,4,1,3,63,31,32,5,3,2
50560901,1770,988,782,67,472,156,259,114,57,59,26,147,99,112,131,7,75,45,30,457,304,153,655,334,321,42,10,32,457,246,211,84,49,35
50565001,184,105,79,5,57,15,14,21,4,6,4,16,11,12,13,0,7,4,3,76,49,27,65,34,31,5,2,3,24,13,11,7,3,4
50565002,1195,616,579,34,283,91,182,102,26,31,25,89,90,94,104,7,43,25,18,371,234,137,403,175,228,28,10,18,313,153,160,37,19,18
50565003,185,106,79,10,41,23,32,13,6,4,3,10,6,16,12,1,5,2,3,48,36,12,72,38,34,4,1,3,49,23,26,7,6,1
50566801,675,381,294,40,140,52,80,63,26,14,5,52,70,62,46,4,18,10,8,231,153,78,258,138,120,10,1,9,144,69,75,14,10,4
55211901,177,96,81,14,42,16,26,16,7,2,4,9,10,14,12,1,11,5,6,74,47,27,60,29,31,4,2,2,26,12,14,2,1,1
55211902,225,120,105,14,54,21,26,20,5,4,2,16,18,17,22,2,9,5,4,89,60,29,88,37,51,5,2,3,28,11,17,6,5,1
55211903,270,159,111,17,61,34,35,29,1,6,6,17,21,16,19,0,8,6,2,123,82,41,77,44,33,6,1,5,49,21,28,7,5,2
56896101,223,127,96,35,61,18,13,8,3,6,4,17,13,15,20,3,4,2,2,84,56,28,83,46,37,4,0,4,38,16,22,10,7,3
55239901,131,71,60,19,43,8,10,5,2,1,3,4,14,12,7,1,4,3,1,51,33,18,51,26,25,3,2,1,21,6,15,1,1,0
50586201,214,125,89,24,72,12,21,8,6,2,2,14,18,16,15,2,5,4,1,84,57,27,85,44,41,5,1,4,28,14,14,7,5,2
50676101,135,75,60,8,32,7,18,11,3,6,7,13,11,8,8,0,3,1,2,45,33,12,47,22,25,2,0,2,35,17,18,3,2,1
58926801,553,330,223,29,187,34,51,40,14,9,11,44,46,38,35,4,29,18,11,211,144,67,207,108,99,12,4,8,80,46,34,14,10,4
58927601,26,15,11,2,12,2,3,1,0,0,1,1,4,0,0,0,1,1,0,12,9,3,9,3,6,0,0,0,2,1,1,2,1,1
58927602,152,89,63,26,52,12,13,6,3,2,4,7,17,4,2,0,6,4,2,63,44,19,47,23,24,1,1,0,26,10,16,9,7,2
58927603,71,39,32,6,22,0,5,5,0,3,3,5,8,4,8,0,4,2,2,28,17,11,19,7,12,3,1,2,16,11,5,1,1,0
58928401,150,84,66,12,44,7,24,18,4,2,0,12,8,9,5,2,8,2,6,65,45,20,53,27,26,1,0,1,17,8,9,6,2,4
58929201,207,108,99,15,64,21,22,16,5,4,4,12,11,12,11,3,8,3,5,99,60,39,51,24,27,3,1,2,34,14,20,12,6,6
58930601,46,25,21,8,12,4,2,3,4,0,1,3,4,2,1,1,2,2,0,23,13,10,14,6,8,0,0,0,5,3,2,2,1,1
58930602,16,11,5,1,3,3,2,0,2,0,2,2,1,0,0,0,1,0,1,5,4,1,7,5,2,0,0,0,2,1,1,1,1,0
58931401,54,28,26,2,32,7,2,2,0,1,0,1,1,2,3,0,5,1,4,21,14,7,15,10,5,0,0,0,11,3,8,2,0,2
58931402,260,144,116,7,137,20,21,12,1,1,2,13,15,15,10,1,7,5,2,121,72,49,96,50,46,2,0,2,28,12,16,6,5,1
58931403,38,22,16,5,21,3,1,1,0,2,0,1,3,1,0,0,5,1,4,18,13,5,10,5,5,0,0,0,3,2,1,2,1,1
58932202,660,365,295,22,250,60,52,47,8,13,13,37,54,43,39,4,31,12,19,292,187,105,204,103,101,8,1,7,99,47,52,26,15,11
58932203,66,35,31,4,32,6,6,4,1,2,2,1,3,3,2,0,3,3,0,29,18,11,21,11,10,2,0,2,8,2,6,3,1,2
58933101,87,52,35,11,38,4,5,4,1,1,2,3,3,2,6,1,2,0,2,38,26,12,34,21,13,2,0,2,10,5,5,1,0,1
58934901,141,83,58,30,43,10,7,7,0,0,0,5,15,9,13,1,4,1,3,70,44,26,42,23,19,6,5,1,19,10,9,0,0,0
58934902,27,15,12,2,12,4,2,0,0,1,1,1,1,0,1,0,3,1,2,15,10,5,6,2,4,0,0,0,2,1,1,1,1,0
58934903,18,11,7,4,3,1,2,1,0,3,0,1,1,1,1,0,0,0,0,6,6,0,8,4,4,0,0,0,4,1,3,0,0,0
58935701,141,81,60,19,51,17,12,9,2,1,2,4,5,5,8,1,7,6,1,68,46,22,43,16,27,4,2,2,16,9,7,3,2,1
58936501,239,139,100,12,90,22,22,19,4,6,1,13,23,15,8,1,8,6,2,104,69,35,72,35,37,4,3,1,45,21,24,6,5,1
58938101,464,267,197,13,164,37,33,34,4,8,8,42,34,34,39,1,14,6,8,177,117,60,165,87,78,13,2,11,83,45,38,12,10,2
58939001,255,151,104,14,91,24,34,15,7,3,3,15,14,14,9,4,16,10,6,111,71,40,91,53,38,3,2,1,24,10,14,10,5,5
58940301,457,267,190,35,175,27,27,23,10,11,4,41,37,22,27,4,26,18,8,161,109,52,165,93,72,4,1,3,71,28,43,30,18,12
58940302,58,32,26,6,23,4,4,5,2,0,0,1,2,4,6,0,5,3,2,23,16,7,13,8,5,0,0,0,12,3,9,5,2,3
58940303,75,40,35,8,21,4,11,8,4,1,1,4,3,3,4,2,6,5,1,29,18,11,30,13,17,0,0,0,9,3,6,1,1,0
58942001,253,143,110,24,97,20,20,17,4,2,6,20,13,11,11,4,14,8,6,88,55,33,88,46,42,3,0,3,42,20,22,18,14,4
58943801,181,100,81,7,49,18,15,11,4,3,5,17,15,15,14,1,6,4,2,67,45,22,64,31,33,4,1,3,36,15,21,4,4,0
58944601,327,203,124,17,105,49,22,19,5,4,5,21,22,16,19,14,39,29,10,121,88,33,93,47,46,5,2,3,35,15,20,34,22,12
58945401,202,110,92,12,73,18,14,12,4,2,0,10,14,13,23,2,14,3,11,92,56,36,57,29,28,2,1,1,24,12,12,13,9,4
58945402,66,33,33,5,23,8,7,6,0,0,0,3,6,3,4,0,8,2,6,32,23,9,19,5,14,0,0,0,5,2,3,2,1,1
58946201,243,146,97,30,86,22,25,18,7,3,1,9,14,9,10,0,8,2,6,134,92,42,62,30,32,4,1,3,28,15,13,7,6,1
55841901,12,6,6,0,3,1,3,1,1,0,0,1,1,1,0,0,0,0,0,3,2,1,5,2,3,0,0,0,4,2,2,0,0,0
55841902,703,382,321,14,208,59,113,41,22,15,20,41,58,37,42,3,25,10,15,219,139,80,280,142,138,9,6,3,147,67,80,23,18,5
58948901,233,133,100,17,74,32,11,11,9,4,3,11,19,18,18,2,19,11,8,98,54,44,69,43,26,4,1,3,31,14,17,12,10,2
58949701,117,66,51,21,27,15,12,11,1,0,0,4,5,1,15,2,5,2,3,67,39,28,32,18,14,6,4,2,4,1,3,3,2,1
54996701,57,33,24,5,20,4,7,2,2,2,0,3,1,1,8,0,4,0,4,28,18,10,21,13,8,0,0,0,4,2,2,0,0,0
58950102,160,96,64,14,50,11,12,14,8,4,0,12,16,5,12,1,4,4,0,88,63,25,34,14,20,5,2,3,22,9,13,7,4,3
58951901,332,189,143,29,160,15,22,19,4,4,2,12,19,25,15,3,21,10,11,156,95,61,101,56,45,6,2,4,35,15,20,13,11,2
58951902,37,22,15,2,23,1,4,2,0,0,0,0,1,1,2,1,2,1,1,15,10,5,15,8,7,0,0,0,5,3,2,0,0,0
58951903,42,24,18,5,20,3,3,2,0,0,0,3,2,1,3,0,2,2,0,19,10,9,19,11,8,0,0,0,2,1,1,0,0,0
58952701,85,47,38,8,32,8,3,7,0,0,0,9,4,4,5,0,7,5,2,42,21,21,24,14,10,0,0,0,8,5,3,4,2,2
58952702,97,49,48,8,33,9,8,5,4,0,1,7,7,2,6,0,7,2,5,46,29,17,36,17,19,2,0,2,5,1,4,1,0,1
58953501,100,60,40,9,33,13,8,7,5,1,1,7,2,5,7,1,6,4,2,41,29,12,32,14,18,1,0,1,15,10,5,5,3,2
58954301,327,186,141,27,110,24,41,25,7,7,3,20,21,14,20,3,11,5,6,125,78,47,114,61,53,8,2,6,54,31,23,15,9,6
58954302,42,23,19,5,13,2,5,1,2,0,0,4,1,3,4,0,1,1,0,22,13,9,14,6,8,1,1,0,2,1,1,2,1,1
54354301,94,58,36,11,33,9,10,4,0,0,0,6,9,3,7,0,3,2,1,46,32,14,26,14,12,3,0,3,8,3,5,8,7,1
58956001,191,114,77,22,66,15,12,12,6,1,0,7,11,20,11,2,10,4,6,79,46,33,67,42,25,1,0,1,30,18,12,4,4,0
58956002,41,22,19,5,18,3,0,3,1,1,1,2,1,1,5,0,1,0,1,18,14,4,12,5,7,1,1,0,8,2,6,1,0,1
58956003,7,3,4,0,2,1,0,0,0,0,0,2,0,0,2,0,0,0,0,6,2,4,0,0,0,0,0,0,1,1,0,0,0,0
58956004,49,33,16,9,19,2,4,2,2,1,0,3,4,1,1,1,3,3,0,24,15,9,14,8,6,0,0,0,5,4,1,3,3,0
58957801,180,115,65,28,67,13,18,14,5,3,1,7,11,4,4,2,11,8,3,82,57,25,58,34,24,3,1,2,20,10,10,6,5,1
58958601,115,69,46,8,36,11,11,6,1,2,1,3,10,6,17,2,2,2,0,46,31,15,39,21,18,4,0,4,23,14,9,1,1,0
58959402,152,89,63,30,53,9,16,5,2,1,0,9,7,6,7,1,3,2,1,74,45,29,45,25,20,2,1,1,18,11,7,10,5,5
58960801,380,219,161,27,131,40,25,32,12,5,8,27,29,18,16,5,30,14,16,153,98,55,122,62,60,6,3,3,52,27,25,17,15,2
58961601,148,86,62,12,53,14,13,21,1,1,1,6,8,6,8,0,6,3,3,73,49,24,38,20,18,5,2,3,19,7,12,7,5,2
58962401,51,26,25,5,19,4,2,0,0,6,0,2,3,3,5,1,1,1,0,19,14,5,17,7,10,0,0,0,9,2,7,5,2,3
58962402,79,43,36,3,23,5,11,3,5,3,2,6,6,7,5,0,4,2,2,34,20,14,21,10,11,0,0,0,15,8,7,5,3,2
58962404,56,33,23,1,19,4,9,2,0,1,2,3,3,6,6,0,1,1,0,23,13,10,19,13,6,2,0,2,9,5,4,2,1,1
58962405,22,12,10,1,9,2,4,0,1,0,0,1,1,3,0,0,1,1,0,10,5,5,6,4,2,0,0,0,5,2,3,0,0,0
58962406,866,470,396,32,288,69,89,63,25,6,8,38,75,70,75,8,35,20,15,327,205,122,331,166,165,17,7,10,125,55,70,31,17,14
58962407,63,38,25,3,19,4,5,2,0,1,4,7,5,4,8,0,3,2,1,26,19,7,16,8,8,0,0,0,18,9,9,0,0,0
58962408,53,30,23,7,18,5,4,0,3,0,2,2,1,3,4,1,3,1,2,26,21,5,20,6,14,1,0,1,3,2,1,0,0,0
58963201,1336,731,605,58,407,96,153,76,34,35,24,75,103,88,117,10,49,26,23,483,298,185,482,248,234,31,7,24,250,123,127,41,29,12
58964101,72,44,28,15,22,6,4,3,1,0,0,7,3,2,6,0,3,3,0,39,23,16,23,15,8,1,0,1,5,2,3,1,1,0
58964102,44,27,17,7,11,6,6,3,0,2,0,0,3,3,1,0,1,0,1,25,17,8,11,8,3,0,0,0,6,2,4,1,0,1
58965901,148,88,60,8,40,9,17,10,4,3,3,18,10,11,6,0,5,3,2,44,26,18,57,36,21,6,2,4,31,17,14,5,4,1
58965902,609,336,273,33,205,42,77,30,15,13,17,25,65,37,29,8,28,13,15,186,128,58,227,111,116,13,1,12,128,66,62,27,17,10
58965903,17,8,9,0,7,1,2,0,0,0,0,2,1,0,3,1,0,0,0,6,4,2,8,2,6,1,0,1,1,1,0,1,1,0
58965904,49,27,22,0,13,2,9,3,2,2,0,3,3,4,6,2,2,2,0,17,11,6,18,11,7,2,0,2,9,3,6,1,0,1
58966701,273,150,123,34,83,15,27,17,2,5,2,18,24,21,16,4,11,4,7,112,69,43,94,53,41,7,2,5,32,12,20,17,10,7
58967501,45,28,17,2,15,8,5,0,0,0,1,6,2,3,1,1,4,1,3,13,12,1,14,8,6,0,0,0,13,6,7,1,1,0
58967502,46,28,18,3,17,4,2,3,3,0,1,2,2,5,2,0,0,0,0,22,13,9,15,10,5,1,1,0,7,3,4,1,1,0
58967503,37,18,19,1,11,1,3,6,1,1,0,7,1,3,1,0,0,0,0,21,13,8,9,1,8,0,0,0,5,2,3,2,2,0
58967504,133,79,54,4,40,9,7,7,2,3,0,21,12,10,12,0,10,6,4,42,25,17,48,31,17,4,1,3,26,14,12,3,2,1
58968301,169,99,70,23,52,11,17,8,3,1,5,10,14,5,10,2,8,3,5,69,48,21,65,37,28,2,0,2,17,5,12,8,6,2
58969101,79,45,34,2,36,7,6,2,0,0,2,4,7,8,2,2,7,3,4,27,19,8,32,17,15,0,0,0,12,6,6,1,0,1
58969102,195,111,84,21,78,19,16,7,1,3,1,11,16,12,9,1,6,2,4,84,55,29,72,37,35,1,0,1,29,16,13,3,1,2
58969103,34,23,11,2,13,2,5,1,0,1,0,1,2,2,1,2,1,0,1,11,7,4,12,8,4,3,2,1,3,2,1,4,4,0
58969104,8,5,3,1,2,1,0,0,0,0,0,1,1,2,0,0,0,0,0,1,0,1,4,2,2,0,0,0,3,3,0,0,0,0
58970501,26,14,12,5,10,3,1,1,0,0,1,1,3,0,1,0,0,0,0,15,10,5,9,3,6,0,0,0,2,1,1,0,0,0
58970502,76,44,32,11,28,4,3,4,5,0,1,1,4,3,9,1,5,2,3,46,33,13,16,7,9,1,0,1,7,2,5,1,0,1
58970503,23,17,6,3,4,4,2,3,0,1,0,0,1,2,2,0,3,2,1,11,9,2,6,3,3,0,0,0,3,3,0,0,0,0
58970504,33,21,12,8,11,5,0,1,0,0,0,6,0,2,0,0,1,0,1,16,13,3,11,6,5,0,0,0,5,2,3,0,0,0
58970505,65,34,31,12,25,4,2,1,0,0,2,1,4,0,11,0,2,1,1,31,16,15,21,13,8,0,0,0,9,3,6,2,1,1
58971301,169,100,69,8,49,13,18,12,5,11,1,14,18,12,5,1,7,6,1,72,44,28,59,34,25,0,0,0,26,12,14,5,4,1
58972101,231,138,93,10,73,28,20,19,5,1,2,19,10,9,30,0,10,5,5,104,71,33,74,40,34,6,1,5,30,17,13,7,4,3
58973001,406,222,184,16,116,38,46,16,9,6,23,21,35,30,33,3,14,8,6,133,84,49,155,76,79,8,3,5,87,45,42,9,6,3
58973002,289,155,134,3,89,23,36,9,8,6,4,23,21,32,21,4,13,7,6,102,64,38,100,53,47,9,3,6,53,22,31,12,6,6
58973003,62,32,30,2,19,3,7,1,3,0,2,4,6,6,4,0,0,0,0,15,10,5,25,11,14,0,0,0,19,9,10,3,2,1
58973004,17,9,8,0,5,1,5,3,0,0,0,0,1,0,1,0,0,0,0,5,3,2,10,6,4,2,0,2,0,0,0,0,0,0
58974801,57,31,26,10,16,3,1,1,3,1,3,2,7,1,7,0,5,4,1,15,12,3,31,13,18,0,0,0,6,2,4,0,0,0
58974802,87,50,37,13,23,13,8,8,1,1,2,4,3,3,3,1,2,1,1,43,29,14,24,10,14,1,0,1,12,7,5,5,3,2
58974803,163,97,66,29,49,9,15,14,2,3,2,10,9,13,4,3,4,3,1,83,55,28,50,27,23,5,2,3,15,6,9,6,4,2
58975601,896,498,398,46,294,72,78,59,21,10,14,55,71,80,68,11,51,29,22,373,241,132,282,144,138,16,5,11,130,52,78,44,27,17
58976401,611,336,275,16,179,59,44,46,15,14,6,31,47,56,74,9,33,25,8,231,147,84,207,97,110,12,3,9,117,58,59,11,6,5
58976402,34,21,13,1,15,3,1,2,1,0,0,3,2,1,4,0,4,3,1,18,14,4,9,3,6,0,0,0,3,1,2,0,0,0
58977201,153,88,65,27,53,18,14,5,7,1,2,4,6,7,6,0,12,6,6,63,41,22,53,27,26,1,0,1,15,7,8,9,7,2
58979901,106,59,47,14,34,11,8,8,5,2,1,10,2,3,1,1,19,8,11,55,34,21,23,14,9,0,0,0,7,2,5,2,1,1
58980201,13,7,6,1,2,2,0,2,1,0,0,0,1,2,2,0,0,0,0,4,3,1,6,2,4,0,0,0,3,2,1,0,0,0
58980202,207,120,87,11,61,12,31,13,7,2,6,18,11,14,14,0,5,4,1,65,45,20,84,42,42,5,1,4,43,24,19,5,4,1
58981101,83,51,32,15,24,6,10,6,1,1,0,7,1,3,5,0,2,1,1,44,31,13,26,13,13,4,2,2,7,4,3,0,0,0
58982901,90,50,40,6,35,8,12,3,5,2,1,4,2,6,4,0,6,3,3,47,27,20,27,11,16,0,0,0,7,6,1,3,3,0
58982902,829,447,382,28,258,60,116,50,20,19,21,52,59,52,63,6,33,14,19,321,203,118,267,126,141,13,3,10,167,87,80,28,14,14
58983701,165,102,63,8,63,10,25,9,3,3,2,7,14,6,10,0,11,6,5,80,49,31,44,27,17,3,2,1,21,13,8,6,5,1
58984502,462,262,200,22,140,47,40,30,11,15,12,34,39,27,28,2,27,21,6,179,117,62,149,71,78,4,0,4,86,44,42,17,9,8
58984503,159,88,71,13,53,12,12,13,3,5,6,11,6,9,9,2,6,3,3,55,39,16,75,37,38,0,0,0,20,9,11,3,0,3
58985301,120,70,50,22,43,3,6,11,4,0,3,4,9,9,5,0,5,2,3,53,36,17,46,26,20,1,0,1,12,5,7,3,1,2
55719601,92,55,37,12,26,12,10,1,2,1,2,4,8,4,8,0,6,1,5,38,28,10,30,14,16,2,0,2,9,6,3,7,6,1
55719602,31,15,16,1,13,1,2,3,1,0,0,2,2,1,4,0,4,2,2,14,8,6,10,4,6,0,0,0,2,0,2,1,1,0
58987001,326,181,145,10,139,26,34,18,11,1,4,19,20,18,18,1,15,7,8,155,98,57,106,52,54,1,1,0,40,18,22,9,5,4
58988801,341,193,148,19,119,41,35,23,11,3,3,15,22,17,18,6,12,3,9,164,109,55,104,54,50,5,2,3,47,20,27,9,5,4
58989601,800,443,357,29,245,65,100,34,25,16,16,54,56,58,64,2,26,16,10,273,162,111,303,163,140,21,11,10,153,75,78,24,16,8
58989602,124,67,57,15,46,11,8,2,3,1,6,5,9,5,10,0,8,5,3,49,37,12,48,20,28,0,0,0,17,5,12,2,0,2
58989603,61,37,24,0,22,5,7,4,2,0,1,3,5,8,4,0,7,5,2,22,17,5,17,9,8,1,1,0,13,4,9,1,1,0
58989604,108,61,47,14,39,4,16,2,3,2,1,5,6,9,5,0,8,5,3,47,27,20,27,16,11,4,1,3,22,12,10,0,0,0
54998301,60,35,25,13,21,2,4,1,0,0,0,3,4,7,4,0,1,0,1,29,20,9,18,12,6,2,0,2,9,3,6,1,0,1
1335400,0,0,0,0,0,0,0,0,0,0,0,0,0,0,0,0,0,0,0,0,0,0,0,0,0,0,0,0,0,0,0,0,0,0
3043790,0,0,0,0,0,0,0,0,0,0,0,0,0,0,0,0,0,0,0,0,0,0,0,0,0,0,0,0,0,0,0,0,0,0
3204120,0,0,0,0,0,0,0,0,0,0,0,0,0,0,0,0,0,0,0,0,0,0,0,0,0,0,0,0,0,0,0,0,0,0
3204390,0,0,0,0,0,0,0,0,0,0,0,0,0,0,0,0,0,0,0,0,0,0,0,0,0,0,0,0,0,0,0,0,0,0
3204550,0,0,0,0,0,0,0,0,0,0,0,0,0,0,0,0,0,0,0,0,0,0,0,0,0,0,0,0,0,0,0,0,0,0
3407070,0,0,0,0,0,0,0,0,0,0,0,0,0,0,0,0,0,0,0,0,0,0,0,0,0,0,0,0,0,0,0,0,0,0
58925002,788,409,379,14,198,58,105,51,16,24,30,69,49,66,69,4,19,9,10,188,122,66,308,145,163,18,4,14,232,116,116,23,13,10
58925004,38,20,18,0,12,3,4,2,0,0,1,2,2,3,6,2,4,2,2,8,6,2,11,4,7,1,0,1,12,7,5,2,1,1
58925005,550,301,249,15,140,38,86,27,13,17,19,50,34,49,36,2,20,8,12,127,85,42,222,120,102,6,1,5,169,84,85,6,3,3
58925007,1224,645,579,27,350,78,149,57,28,35,48,95,109,65,115,7,33,18,15,286,176,110,504,244,260,33,15,18,324,164,160,44,28,16
58925010,204,114,90,2,66,12,24,16,6,3,5,15,15,11,19,0,7,3,4,63,40,23,84,45,39,5,4,1,40,17,23,5,5,0
58925011,74,42,32,8,22,5,6,2,5,2,1,2,7,5,6,1,0,0,0,24,13,11,32,17,15,2,0,2,15,11,4,1,1,0
58925012,1650,915,735,37,526,116,189,105,47,42,44,141,119,107,115,14,62,30,32,510,318,192,636,340,296,32,15,17,324,161,163,86,51,35
58925013,156,85,71,3,58,15,13,6,2,4,2,11,15,8,10,2,4,2,2,62,39,23,50,24,26,3,0,3,34,19,15,3,1,2
58925014,10,7,3,0,4,2,0,2,0,0,0,0,1,1,0,0,0,0,0,3,2,1,5,3,2,1,1,0,1,1,0,0,0,0
58925015,2309,1220,1089,30,601,138,277,132,72,59,73,199,201,201,210,14,62,30,32,630,391,239,912,431,481,54,23,31,589,304,285,62,41,21
58925017,42,27,15,0,16,1,4,3,1,1,0,4,6,0,2,0,5,4,1,7,6,1,18,7,11,1,1,0,7,6,1,4,3,1
58925018,1085,562,523,18,352,65,117,62,34,25,31,81,72,69,100,14,52,28,24,338,193,145,433,218,215,19,5,14,213,100,113,30,18,12
58925019,1425,752,673,18,468,85,139,82,55,29,27,127,122,96,103,13,90,42,48,462,274,188,487,243,244,31,12,19,285,140,145,70,41,29
58925020,1881,995,886,36,529,98,248,95,64,63,58,158,139,142,171,11,74,43,31,529,318,211,707,338,369,49,21,28,473,241,232,49,34,15
58925022,116,67,49,1,17,8,16,4,3,3,4,18,14,5,14,1,3,1,2,11,9,2,55,25,30,1,1,0,45,31,14,1,0,1
58925024,2354,1228,1126,43,685,131,274,103,70,68,69,240,192,155,215,14,114,55,59,735,424,311,925,446,479,36,14,22,484,255,229,60,34,26
58925025,1094,578,516,20,280,68,126,54,41,29,48,112,89,88,84,8,52,28,24,300,174,126,421,207,214,23,8,15,270,144,126,28,17,11
58925026,1940,992,948,29,614,103,214,122,61,42,66,144,136,167,173,5,68,34,34,684,407,277,759,350,409,37,14,23,348,158,190,44,29,15
58925027,1087,626,461,25,341,93,144,52,45,21,30,84,63,66,57,16,77,44,33,347,209,138,364,194,170,18,4,14,153,72,81,128,103,25
58925029,48,31,17,0,21,6,6,0,1,0,0,1,2,2,7,0,2,1,1,12,7,5,11,6,5,5,5,0,11,7,4,7,5,2
58925030,23,15,8,0,10,3,1,1,0,0,1,2,1,2,2,0,2,2,0,4,3,1,5,3,2,2,2,0,10,5,5,0,0,0
58925031,979,518,461,21,284,61,122,57,35,26,32,88,63,61,85,3,41,18,23,308,187,121,362,173,189,20,8,12,212,113,99,36,19,17
58925032,1087,570,517,19,310,76,147,50,33,28,30,92,71,98,93,10,53,30,23,296,170,126,379,199,180,28,6,22,289,137,152,42,28,14
58925033,21,11,10,1,4,2,9,1,0,0,1,1,1,1,0,0,0,0,0,8,3,5,12,7,5,0,0,0,1,1,0,0,0,0
58925034,15,14,1,1,3,1,2,0,0,0,0,1,0,1,1,4,1,1,0,10,9,1,1,1,0,0,0,0,1,1,0,2,2,0
58925035,1130,604,526,22,356,84,154,60,59,21,26,88,63,63,64,13,87,49,38,364,221,143,402,199,203,22,8,14,203,100,103,52,27,25
58991801,154,90,64,18,50,10,11,8,2,5,1,14,9,5,15,2,6,5,1,60,43,17,60,29,31,1,0,1,24,12,12,3,1,2
58992601,505,287,218,43,190,61,35,27,19,7,6,29,27,27,30,1,12,4,8,234,156,78,173,89,84,14,5,9,59,26,33,13,7,6
58993401,506,304,202,73,168,29,49,36,7,9,6,20,43,28,24,3,23,12,11,199,143,56,176,84,92,12,5,7,69,39,30,27,21,6
58993402,58,34,24,6,20,4,5,7,0,1,1,0,5,2,5,0,4,3,1,21,11,10,21,14,7,3,1,2,6,5,1,3,0,3
58994201,10,6,4,0,3,0,1,0,0,0,0,2,2,1,0,0,0,0,0,4,3,1,2,0,2,0,0,0,3,2,1,1,1,0
58994202,357,213,144,33,147,21,39,21,4,9,2,14,18,17,21,3,12,7,5,152,104,48,122,61,61,7,2,5,47,24,23,17,15,2
58994203,48,34,14,3,17,8,6,0,1,0,0,1,3,3,2,1,3,2,1,23,18,5,15,10,5,0,0,0,7,4,3,0,0,0
58994204,112,66,46,10,50,8,5,7,2,2,0,6,6,7,6,1,2,1,1,51,34,17,39,24,15,3,2,1,9,4,5,8,1,7
58995101,95,50,45,11,36,12,11,4,2,1,1,1,3,2,6,2,4,2,2,51,29,22,30,13,17,0,0,0,7,3,4,3,3,0
58996901,54,31,23,3,20,3,4,6,1,3,1,3,4,3,1,1,2,0,2,23,15,8,11,6,5,3,1,2,10,5,5,5,4,1
58997701,38,23,15,1,19,3,2,1,3,1,0,3,1,3,1,0,1,1,0,13,10,3,16,8,8,1,0,1,7,4,3,0,0,0
58997702,254,151,103,29,75,18,36,15,5,10,5,16,17,7,16,0,16,10,6,111,76,35,91,46,45,5,2,3,28,14,14,3,3,0
50677001,233,135,98,13,82,11,23,15,2,3,3,17,22,18,16,4,8,3,5,70,45,25,86,48,38,6,2,4,57,31,26,6,6,0
58999301,116,68,48,11,41,11,14,3,2,4,1,8,6,6,5,1,4,3,1,49,31,18,35,18,17,2,1,1,20,10,10,6,5,1
59000201,162,97,65,7,78,11,8,8,3,2,1,10,7,8,10,4,13,9,4,75,48,27,44,21,23,2,0,2,15,9,6,13,10,3
59001101,295,163,132,6,99,19,27,10,15,10,5,27,16,29,28,1,10,6,4,93,60,33,109,54,55,2,1,1,71,36,35,10,6,4
59002901,761,439,322,59,245,66,85,36,22,17,21,38,49,45,39,8,31,20,11,290,184,106,268,140,128,14,2,12,119,66,53,39,27,12
59004501,34,21,13,6,10,1,3,4,2,0,0,1,3,0,2,1,3,2,1,19,12,7,7,4,3,0,0,0,3,1,2,2,2,0
59005301,83,44,39,10,28,3,8,7,1,1,2,2,3,6,12,0,2,1,1,37,24,13,25,7,18,1,0,1,17,11,6,1,1,0
59005302,168,99,69,4,70,8,16,21,3,2,1,13,9,7,13,0,6,2,4,77,56,21,57,27,30,1,0,1,22,10,12,5,4,1
3242720,0,0,0,0,0,0,0,0,0,0,0,0,0,0,0,0,0,0,0,0,0,0,0,0,0,0,0,0,0,0,0,0,0,0
59006101,67,40,27,5,19,5,7,1,2,1,2,5,8,5,2,1,2,1,1,24,14,10,21,14,7,2,0,2,15,8,7,3,3,0
59007002,53,28,25,2,20,2,5,1,0,3,1,3,8,3,3,0,0,0,0,18,11,7,27,13,14,0,0,0,6,3,3,2,1,1
59007003,46,21,25,2,16,2,4,5,1,0,0,3,6,4,2,0,0,0,0,12,7,5,23,9,14,1,0,1,7,2,5,3,3,0
59007004,18,12,6,1,12,0,0,1,0,0,0,0,2,1,0,0,1,0,1,5,4,1,8,5,3,0,0,0,4,3,1,0,0,0
59007005,66,34,32,6,26,1,7,6,2,1,0,4,3,3,5,1,6,3,3,23,13,10,23,11,12,3,1,2,8,4,4,3,2,1
59008801,90,56,34,14,35,8,8,4,2,0,0,4,4,5,4,0,5,2,3,45,33,12,25,11,14,2,0,2,11,8,3,2,2,0
59008802,28,16,12,4,15,1,1,2,0,0,1,0,1,1,2,0,2,1,1,16,10,6,8,5,3,0,0,0,2,0,2,0,0,0
59008803,143,90,53,13,64,8,13,9,0,0,1,13,9,4,7,1,4,2,2,66,46,20,50,28,22,1,1,0,19,10,9,3,3,0
59009601,27,15,12,2,11,3,0,2,0,0,1,1,0,2,3,0,1,1,0,15,10,5,7,2,5,0,0,0,4,2,2,0,0,0
59009602,79,44,35,10,25,6,4,1,4,1,0,12,3,6,7,0,5,2,3,39,25,14,21,10,11,1,1,0,10,4,6,3,2,1
59010001,196,118,78,40,58,18,11,12,2,1,1,8,15,18,6,0,7,4,3,94,63,31,64,32,32,6,2,4,19,11,8,6,6,0
59011801,136,71,65,12,52,14,10,11,1,0,2,10,10,4,8,0,5,1,4,68,40,28,41,21,20,4,1,3,14,6,8,4,2,2
59012601,652,347,305,51,185,62,67,29,18,13,18,42,35,49,60,4,24,9,15,238,145,93,247,123,124,10,3,7,109,47,62,24,20,4
59013401,210,114,96,6,58,24,13,19,4,0,0,13,9,9,48,2,17,10,7,90,57,33,67,31,36,2,0,2,22,11,11,12,5,7
59014201,261,149,112,19,89,29,17,7,4,4,6,20,21,16,19,2,11,7,4,90,54,36,89,47,42,3,0,3,57,34,23,11,7,4
54471001,58,32,26,3,24,4,4,6,1,2,0,6,2,3,1,1,2,1,1,19,12,7,18,9,9,1,1,0,15,7,8,3,2,1
59015101,68,44,24,5,26,6,4,7,2,0,0,6,4,4,2,0,6,3,3,26,19,7,24,15,9,1,0,1,8,5,3,3,2,1
59017701,187,106,81,15,61,12,23,11,7,3,3,10,15,12,10,1,9,5,4,85,58,27,51,20,31,1,0,1,36,19,17,5,4,1
59017702,125,74,51,5,37,12,11,8,5,0,2,6,17,8,4,0,6,4,2,48,34,14,41,22,19,0,0,0,23,9,14,7,5,2
59018501,273,148,125,16,101,11,26,18,11,8,5,18,17,17,17,0,19,9,10,104,60,44,95,50,45,5,2,3,43,21,22,7,6,1
59018502,156,85,71,13,74,9,15,6,1,2,5,3,12,4,9,1,13,5,8,57,37,20,55,27,28,0,0,0,25,12,13,6,4,2
59018503,388,223,165,12,142,25,40,24,12,9,3,33,24,18,30,1,18,7,11,139,91,48,130,60,70,5,2,3,72,45,27,24,18,6
59019301,41,23,18,3,21,1,4,6,0,0,0,2,2,1,0,0,1,0,1,20,13,7,16,9,7,0,0,0,4,1,3,0,0,0
59019302,239,124,115,9,69,20,24,18,4,3,4,18,13,28,23,1,12,9,3,84,48,36,87,40,47,6,2,4,40,19,21,10,6,4
59020701,261,151,110,15,74,24,24,29,6,7,8,12,23,13,19,1,9,6,3,108,80,28,86,36,50,3,0,3,43,20,23,12,9,3
59021501,252,138,114,19,75,17,36,21,6,3,3,22,14,11,15,2,8,5,3,97,58,39,98,51,47,4,1,3,35,17,18,10,6,4
59022301,17,11,6,0,2,2,2,3,3,0,0,0,1,1,1,0,2,2,0,6,5,1,6,3,3,0,0,0,3,1,2,0,0,0
59022302,159,90,69,10,60,13,12,4,3,4,3,9,15,8,13,0,2,0,2,72,44,28,60,30,30,3,2,1,17,10,7,5,4,1
59024001,224,129,95,11,81,29,23,10,9,2,5,15,15,14,5,0,13,4,9,108,71,37,71,40,31,3,2,1,17,5,12,12,7,5
51223101,629,363,266,15,261,59,58,41,12,11,6,40,40,40,28,6,42,22,20,251,169,82,215,103,112,7,1,6,76,41,35,38,27,11
51223102,135,79,56,7,64,17,13,6,2,1,0,4,9,6,2,1,10,9,1,73,47,26,37,17,20,2,2,0,8,2,6,5,2,3
51223103,47,22,25,6,15,3,5,0,0,3,0,3,4,0,6,0,4,2,2,16,10,6,20,7,13,2,0,2,5,3,2,0,0,0
51223104,79,45,34,5,38,8,4,4,0,3,0,2,2,3,8,1,8,5,3,38,24,14,19,9,10,1,0,1,13,7,6,0,0,0
51228101,263,153,110,6,96,21,34,20,6,1,1,16,19,16,20,2,10,7,3,117,79,38,91,42,49,3,2,1,35,20,15,7,3,4
51228102,46,27,19,4,17,7,1,3,2,0,1,4,5,1,1,0,1,0,1,22,15,7,13,6,7,0,0,0,7,4,3,3,2,1
51240101,93,46,47,5,26,9,9,7,0,1,0,5,8,4,16,0,5,2,3,38,23,15,28,13,15,1,0,1,17,6,11,4,2,2
56917801,150,86,64,9,56,14,13,12,8,2,3,8,11,2,9,1,7,2,5,64,41,23,54,29,25,0,0,0,23,12,11,2,2,0
51253202,457,263,194,28,147,39,56,29,7,10,11,28,39,19,32,2,23,10,13,172,116,56,170,88,82,5,0,5,70,37,33,17,12,5
51280001,832,456,376,29,235,68,102,86,24,19,10,63,56,42,66,4,40,17,23,293,181,112,307,158,149,14,4,10,144,70,74,34,26,8
51280002,92,50,42,9,30,6,10,3,1,2,0,7,8,8,5,0,3,2,1,34,25,9,33,13,20,3,0,3,15,8,7,4,2,2
51282601,188,108,80,18,61,15,30,5,3,3,1,11,12,10,10,5,15,10,5,79,47,32,60,33,27,1,1,0,26,12,14,7,5,2
51287701,180,96,84,16,68,20,16,7,4,1,0,8,9,7,19,1,3,3,0,85,50,35,58,29,29,7,0,7,22,11,11,5,3,2
56913501,166,93,73,11,61,14,15,14,0,2,0,11,15,3,12,0,5,3,2,76,49,27,61,30,31,1,0,1,20,10,10,3,1,2
51298201,246,137,109,15,79,21,21,23,3,6,4,12,19,12,24,1,5,0,5,86,57,29,99,55,44,5,1,4,45,20,25,6,4,2
55277101,131,72,59,6,43,14,19,6,8,1,2,2,7,12,9,1,4,1,3,44,28,16,47,25,22,3,2,1,25,11,14,8,5,3
51305901,69,39,30,5,20,4,9,10,1,0,0,2,4,2,5,1,4,2,2,25,17,8,26,13,13,1,0,1,9,4,5,4,3,1
51306701,259,140,119,21,99,21,28,18,5,0,4,14,15,10,16,3,8,2,6,100,61,39,96,48,48,4,2,2,33,14,19,18,13,5
51306703,117,67,50,9,46,8,16,6,2,1,0,5,6,9,7,0,2,1,1,39,24,15,53,31,22,4,0,4,17,9,8,2,2,0
51310501,104,59,45,2,29,11,9,8,4,4,0,6,10,7,7,1,2,1,1,37,23,14,37,23,14,0,0,0,26,11,15,2,1,1
56925901,115,63,52,12,31,13,12,10,2,1,3,8,7,4,11,1,2,0,2,46,30,16,41,20,21,2,2,0,21,9,12,3,2,1
55298401,31,17,14,4,9,0,7,0,1,0,0,2,2,0,6,0,0,0,0,17,8,9,8,4,4,1,1,0,5,4,1,0,0,0
51319901,239,136,103,13,72,18,35,22,6,5,4,15,25,10,12,0,9,7,2,101,65,36,86,41,45,3,2,1,33,15,18,7,6,1
51319902,181,100,81,17,52,13,20,11,5,4,0,21,14,10,10,0,8,6,2,84,47,37,67,34,33,3,2,1,18,10,8,1,1,0
51319903,156,75,81,3,64,9,16,12,5,3,3,12,13,8,7,0,5,2,3,57,32,25,57,24,33,2,1,1,32,14,18,3,2,1
51321101,265,148,117,8,95,24,32,12,5,5,2,15,21,20,15,4,6,4,2,89,55,34,104,57,47,5,2,3,50,22,28,11,8,3
51322901,637,344,293,28,207,52,70,35,21,6,13,41,36,44,72,4,31,18,13,249,167,82,233,107,126,17,6,11,90,40,50,17,6,11
56919401,78,37,41,2,21,3,6,6,2,2,2,8,6,8,7,0,5,2,3,19,12,7,23,11,12,1,0,1,29,12,17,1,0,1
56926701,99,51,48,7,32,9,16,5,3,0,0,8,8,3,8,0,3,2,1,48,28,20,33,16,17,0,0,0,15,5,10,0,0,0
51349101,820,449,371,10,257,58,106,72,21,9,12,57,84,49,51,8,25,9,16,259,172,87,320,162,158,13,4,9,183,90,93,20,12,8
56927501,107,68,39,11,43,7,6,9,3,1,1,3,8,5,8,1,1,1,0,46,34,12,44,28,16,1,0,1,15,5,10,0,0,0
55296801,81,48,33,8,24,11,8,3,2,1,0,4,5,2,10,1,6,1,5,41,30,11,18,10,8,0,0,0,15,6,9,1,1,0
56954201,198,118,80,6,87,30,13,10,4,2,1,6,13,6,15,1,4,3,1,87,55,32,81,46,35,1,0,1,19,11,8,6,3,3
51363601,148,84,64,6,60,8,13,9,1,1,1,11,10,12,10,2,5,1,4,51,34,17,71,38,33,1,0,1,15,7,8,5,4,1
51373301,134,69,65,6,41,11,7,9,3,2,1,9,17,11,13,0,3,2,1,52,32,20,45,18,27,1,0,1,31,15,16,2,2,0
0477910,0,0,0,0,0,0,0,0,0,0,0,0,0,0,0,0,0,0,0,0,0,0,0,0,0,0,0,0,0,0,0,0,0,0
0478300,0,0,0,0,0,0,0,0,0,0,0,0,0,0,0,0,0,0,0,0,0,0,0,0,0,0,0,0,0,0,0,0,0,0
3055610,0,0,0,0,0,0,0,0,0,0,0,0,0,0,0,0,0,0,0,0,0,0,0,0,0,0,0,0,0,0,0,0,0,0
3408550,0,0,0,0,0,0,0,0,0,0,0,0,0,0,0,0,0,0,0,0,0,0,0,0,0,0,0,0,0,0,0,0,0,0
51375001,924,498,426,15,353,52,80,46,36,16,8,76,68,58,81,10,48,26,22,281,167,114,353,178,175,17,9,8,182,86,96,43,32,11
51375002,8,5,3,3,3,0,2,0,0,0,0,0,0,0,0,0,1,1,0,4,1,3,2,2,0,0,0,0,0,0,0,1,1,0
51375003,388,213,175,8,111,28,38,23,8,10,11,33,23,39,41,1,2,2,0,95,54,41,150,85,65,5,3,2,132,67,65,4,2,2
51375004,295,167,128,7,94,26,35,14,7,8,4,25,20,24,24,1,9,5,4,62,45,17,107,55,52,5,1,4,106,58,48,6,3,3
51375005,33,25,8,0,24,2,2,4,0,0,0,0,1,0,0,0,1,0,1,11,8,3,10,8,2,3,3,0,7,6,1,1,0,1
51375008,12,8,4,0,3,2,2,1,0,0,0,2,1,1,0,0,0,0,0,5,4,1,4,2,2,0,0,0,2,2,0,1,0,1
51375009,617,306,311,18,222,41,63,24,16,7,3,52,53,43,54,5,36,16,20,186,106,80,238,107,131,5,1,4,124,61,63,28,15,13
51375010,30,18,12,1,4,2,1,1,3,1,0,5,2,4,5,0,2,2,0,10,5,5,10,6,4,0,0,0,7,4,3,1,1,0
51375012,235,129,106,4,64,19,21,11,4,4,3,26,16,20,32,3,10,8,2,50,33,17,91,46,45,5,1,4,77,40,37,2,1,1
51375013,669,343,326,8,248,37,67,30,20,8,11,51,66,51,51,3,27,15,12,209,109,100,256,128,128,3,2,1,138,71,67,36,18,18
51375014,673,358,315,10,262,47,72,43,21,8,14,43,43,34,53,5,50,31,19,243,144,99,233,113,120,19,9,10,101,46,55,27,15,12
51375015,388,214,174,6,135,21,49,20,12,4,6,29,29,31,35,2,10,8,2,109,58,51,157,88,69,5,2,3,99,51,48,8,7,1
51375016,893,465,428,8,314,59,107,48,30,15,9,62,64,70,66,8,49,25,24,299,161,138,351,183,168,9,3,6,158,75,83,27,18,9
51375017,306,164,142,4,61,28,51,14,11,9,13,34,18,20,32,3,8,6,2,63,44,19,115,53,62,3,1,2,110,57,53,7,3,4
51375018,1270,660,610,12,475,76,154,54,42,24,14,95,67,84,133,8,52,20,32,391,234,157,492,232,260,24,7,17,276,146,130,35,21,14
51375019,480,302,178,7,171,33,61,38,34,5,3,44,15,17,22,6,47,33,14,150,100,50,122,63,59,2,1,1,81,42,39,78,63,15
51375020,40,21,19,0,11,3,4,1,1,0,1,1,8,4,5,0,0,0,0,3,2,1,17,8,9,0,0,0,19,11,8,1,0,1
51375021,8,4,4,0,0,1,1,0,0,0,0,0,0,0,6,0,3,1,2,2,1,1,1,0,1,0,0,0,2,2,0,0,0,0
51375022,17,15,2,1,9,4,1,0,0,0,0,1,0,0,0,1,5,5,0,7,6,1,1,1,0,0,0,0,0,0,0,4,3,1
51375024,737,415,322,17,236,60,80,42,26,7,6,51,56,51,71,7,32,17,15,244,164,80,272,142,130,15,2,13,149,75,74,25,15,10
51375025,9,7,2,0,3,0,2,0,0,0,1,0,0,2,1,0,0,0,0,3,3,0,2,1,1,0,0,0,4,3,1,0,0,0
51375026,106,61,45,3,43,7,16,5,6,0,3,5,6,2,10,0,5,2,3,50,35,15,35,14,21,0,0,0,11,6,5,5,4,1
51375027,25,16,9,1,9,3,4,3,1,0,1,0,0,1,2,0,0,0,0,8,6,2,15,8,7,0,0,0,2,2,0,0,0,0
51375028,29,17,12,4,11,2,2,0,1,1,1,2,1,0,0,0,4,2,2,9,6,3,10,6,4,0,0,0,5,2,3,1,1,0
51375029,29,18,11,6,5,2,3,1,1,0,0,3,3,2,1,0,0,0,0,13,8,5,11,9,2,0,0,0,5,1,4,0,0,0
51375030,72,42,30,14,21,4,5,7,3,1,1,4,3,4,3,0,2,1,1,24,16,8,30,17,13,0,0,0,9,3,6,7,5,2
51375031,46,26,20,4,22,3,4,2,2,0,0,4,1,2,2,0,1,1,0,21,14,7,16,9,7,0,0,0,7,1,6,1,1,0
51375032,230,131,99,5,86,20,21,14,6,3,1,21,12,13,17,2,12,8,4,77,51,26,88,48,40,2,1,1,47,20,27,4,3,1
51376801,571,310,261,22,263,41,55,36,12,4,7,23,25,38,32,2,10,6,4,198,121,77,226,116,110,12,2,10,107,52,55,18,13,5
51376802,112,61,51,8,48,7,7,7,0,1,4,6,4,8,6,1,4,3,1,34,22,12,50,23,27,3,2,1,21,11,10,0,0,0
51376803,27,19,8,1,14,1,2,1,1,1,0,3,1,1,1,0,1,1,0,9,7,2,6,5,1,1,0,1,8,6,2,2,0,2
51376804,95,54,41,9,40,4,10,10,1,1,0,4,4,0,8,1,4,2,2,41,26,15,37,19,18,1,0,1,10,6,4,2,1,1
55699801,46,29,17,7,10,9,4,6,3,0,0,1,2,3,1,0,0,0,0,29,20,9,11,4,7,0,0,0,3,2,1,3,3,0
55699802,284,156,128,32,90,23,44,13,3,2,6,17,16,18,14,1,5,2,3,104,72,32,115,58,57,8,1,7,50,21,29,2,2,0
51387301,209,122,87,38,68,12,13,12,3,3,1,12,14,22,11,0,5,4,1,62,38,24,74,40,34,2,1,1,62,36,26,4,3,1
56928301,64,28,36,4,18,6,10,3,2,0,1,5,10,0,3,1,0,0,0,24,11,13,26,11,15,3,0,3,7,4,3,4,2,2
51404701,123,67,56,3,51,7,10,4,2,0,1,6,8,15,14,0,6,1,5,40,29,11,45,22,23,3,0,3,28,15,13,1,0,1
51405501,2436,1351,1085,73,827,231,272,145,64,25,31,133,143,217,182,27,159,83,76,981,634,347,777,380,397,40,10,30,360,163,197,119,81,38
51405502,65,40,25,5,22,4,7,4,2,2,0,4,8,1,2,1,8,2,6,31,23,8,21,10,11,0,0,0,3,3,0,2,2,0
51405503,75,41,34,1,32,9,2,2,0,0,1,7,7,7,5,0,4,1,3,33,23,10,26,12,14,0,0,0,9,4,5,3,1,2
51415201,522,295,227,39,122,40,81,30,14,18,9,38,45,22,45,3,29,14,15,176,118,58,175,85,90,7,2,5,118,63,55,17,13,4
56914301,218,120,98,18,62,20,22,18,4,1,0,12,20,23,13,1,6,4,2,103,66,37,67,34,33,6,2,4,30,11,19,6,3,3
55278001,194,105,89,11,64,16,32,7,0,3,1,9,14,11,23,0,13,3,10,77,49,28,67,32,35,4,2,2,28,16,12,5,3,2
51444601,64,37,27,1,29,4,4,1,0,4,0,6,6,5,2,1,1,1,0,18,12,6,29,15,14,0,0,0,15,8,7,1,1,0
51444602,22,17,5,1,10,2,3,1,1,0,0,2,0,0,1,0,2,1,1,8,8,0,6,4,2,0,0,0,3,2,1,3,2,1
51447102,269,152,117,8,95,28,28,14,9,5,3,33,11,16,9,3,11,6,5,107,69,38,89,46,43,7,3,4,39,16,23,16,12,4
51449701,136,73,63,4,53,9,13,10,2,2,3,5,14,3,13,1,5,1,4,59,35,24,52,26,26,2,1,1,16,9,7,2,1,1
51452701,39,22,17,2,9,2,7,2,3,1,0,2,1,4,3,0,0,0,0,3,3,0,22,10,12,1,1,0,12,7,5,1,1,0
3409280,0,0,0,0,0,0,0,0,0,0,0,0,0,0,0,0,0,0,0,0,0,0,0,0,0,0,0,0,0,0,0,0,0,0
51470501,29,16,13,0,6,3,6,3,0,0,0,4,1,1,3,1,2,1,1,9,6,3,15,7,8,0,0,0,3,2,1,0,0,0
51470502,1187,634,553,25,349,94,139,70,31,21,19,80,142,99,80,6,46,14,32,367,216,151,473,241,232,16,4,12,248,135,113,37,24,13
51470503,34,22,12,4,9,5,4,3,0,0,0,1,1,3,3,0,0,0,0,13,9,4,9,6,3,1,1,0,11,6,5,0,0,0
51470504,27,17,10,0,10,4,3,4,1,0,0,0,0,0,2,1,3,2,1,10,6,4,13,8,5,0,0,0,1,1,0,0,0,0
51470505,434,235,199,10,127,40,45,23,17,4,8,41,48,25,30,5,28,12,16,121,78,43,173,88,85,1,1,0,97,48,49,14,8,6
51470506,21,12,9,1,8,3,4,1,0,0,0,1,1,0,2,0,0,0,0,8,5,3,11,7,4,1,0,1,0,0,0,1,0,1
51470507,851,450,401,28,246,80,88,38,21,16,12,55,86,77,66,6,27,14,13,243,143,100,329,159,170,12,4,8,214,114,100,26,16,10
51470508,2,2,0,0,1,0,0,0,0,0,0,0,0,0,0,1,1,1,0,0,0,0,0,0,0,0,0,0,0,0,0,1,1,0
51470510,569,341,228,21,179,65,60,22,23,9,7,50,33,34,29,15,54,32,22,193,122,71,164,101,63,7,1,6,102,51,51,49,34,15
51470511,15,9,6,1,2,3,2,0,1,0,0,2,1,2,0,1,2,0,2,8,5,3,1,1,0,0,0,0,4,3,1,0,0,0
51470512,228,131,97,12,81,20,26,10,4,2,2,13,26,15,10,1,10,6,4,91,60,31,76,36,40,4,1,3,40,24,16,7,4,3
51470513,115,62,53,5,33,8,14,11,1,2,1,5,15,4,12,2,3,2,1,43,25,18,45,22,23,1,1,0,17,9,8,6,3,3
51470514,135,79,56,15,45,12,9,10,2,2,2,8,8,9,9,1,5,3,2,46,34,12,62,32,30,1,0,1,16,7,9,5,3,2
51470515,58,33,25,6,19,6,7,3,1,1,0,2,5,2,4,0,2,0,2,28,20,8,18,6,12,2,1,1,6,4,2,2,2,0
51477201,127,73,54,11,41,15,14,6,2,1,2,8,6,6,11,2,2,1,1,60,40,20,47,23,24,0,0,0,14,5,9,4,4,0
51480201,122,69,53,5,36,12,12,12,3,0,1,8,10,9,10,0,2,2,0,61,42,19,33,18,15,6,0,6,15,5,10,5,2,3
51519101,300,171,129,12,95,42,35,19,11,1,8,22,10,16,19,3,20,13,7,134,88,46,94,46,48,6,3,3,33,12,21,13,9,4
51519102,17,9,8,0,6,1,2,4,0,0,0,3,0,0,1,0,4,2,2,6,3,3,5,2,3,0,0,0,0,0,0,2,2,0
51519103,17,9,8,0,6,0,2,0,1,0,0,2,4,0,2,0,2,0,2,6,3,3,7,4,3,0,0,0,1,1,0,1,1,0
50015101,63,38,25,23,18,0,5,2,0,0,0,1,8,4,2,0,8,5,3,21,13,8,23,15,8,0,0,0,9,4,5,2,1,1
51532901,200,114,86,14,82,21,16,15,3,1,0,8,12,5,18,1,4,1,3,84,48,36,79,42,37,1,0,1,13,6,7,19,17,2
55290901,217,135,82,12,95,34,13,5,2,2,2,14,12,7,11,6,17,10,7,109,70,39,48,26,22,3,1,2,18,11,7,22,17,5
51541801,202,103,99,5,79,8,25,19,4,3,3,12,11,10,16,0,6,1,5,88,55,33,62,27,35,2,0,2,35,16,19,9,4,5
51547702,155,91,64,9,60,21,9,6,1,2,1,11,12,12,9,0,4,2,2,43,29,14,59,35,24,2,0,2,38,20,18,9,5,4
55281001,73,41,32,4,25,7,6,7,1,1,0,7,2,3,7,1,8,4,4,30,21,9,23,10,13,0,0,0,10,4,6,2,2,0
51578701,91,48,43,13,28,6,9,8,1,1,2,4,5,1,11,0,4,2,2,33,22,11,40,16,24,1,0,1,8,5,3,5,3,2
51582501,58,34,24,8,14,4,7,1,1,2,1,2,5,7,3,2,2,2,0,10,7,3,35,20,15,0,0,0,7,2,5,4,3,1
55284401,16,8,8,4,0,4,1,0,0,0,0,2,2,1,1,0,0,0,0,4,3,1,5,2,3,0,0,0,6,3,3,1,0,1
55284402,247,142,105,11,92,25,27,17,4,2,2,17,17,17,9,3,14,9,5,90,63,27,95,48,47,1,0,1,37,14,23,10,8,2
51620101,417,234,183,18,162,42,32,25,10,7,6,20,27,22,36,2,20,8,12,132,90,42,171,86,85,4,1,3,77,38,39,13,11,2
55300001,143,90,53,12,40,18,14,9,3,2,1,8,12,7,7,1,9,5,4,75,52,23,41,22,19,1,1,0,11,5,6,6,5,1
51635001,44,26,18,7,8,2,3,4,0,0,0,3,10,2,4,0,2,1,1,16,13,3,12,7,5,0,0,0,13,4,9,1,1,0
51661901,658,358,300,38,177,57,92,47,19,8,8,51,63,51,29,4,25,14,11,232,153,79,239,114,125,19,6,13,126,60,66,17,11,6
51663501,209,114,95,15,83,23,10,11,1,2,2,5,7,16,29,0,4,2,2,84,55,29,70,37,33,9,2,7,37,15,22,5,3,2
51668601,236,134,102,28,80,25,13,12,2,3,3,17,13,16,10,3,7,3,4,110,78,32,77,37,40,2,0,2,33,11,22,7,5,2
51669401,262,152,110,13,81,14,30,13,11,1,4,19,23,22,26,2,8,4,4,107,68,39,86,50,36,4,0,4,51,25,26,6,5,1
51669402,53,30,23,6,15,3,6,3,2,4,0,4,4,2,4,0,1,1,0,25,18,7,16,7,9,1,0,1,8,3,5,2,1,1
51686401,91,50,41,6,28,6,12,6,2,1,0,6,8,4,7,1,2,0,2,41,25,16,35,17,18,1,1,0,10,5,5,2,2,0
51689901,225,126,99,26,49,22,22,18,6,4,11,13,13,12,20,3,8,5,3,95,62,33,69,32,37,1,0,1,42,22,20,10,5,5
51691101,139,83,56,7,55,21,12,11,2,0,0,11,5,4,5,1,13,8,5,76,46,30,35,23,12,0,0,0,8,2,6,7,4,3
51710101,50,28,22,7,17,3,4,5,3,0,0,3,4,2,1,0,6,2,4,26,21,5,14,3,11,1,1,0,3,1,2,0,0,0
51710102,53,33,20,6,22,3,5,4,1,1,0,1,5,3,1,1,3,3,0,30,18,12,12,6,6,1,1,0,6,4,2,1,1,0
51710103,80,44,36,17,26,7,2,2,2,0,0,5,3,6,9,0,3,1,2,42,24,18,25,14,11,2,1,1,8,4,4,0,0,0
51710104,50,30,20,4,12,4,11,3,0,3,0,4,5,3,0,0,2,2,0,18,13,5,17,7,10,1,0,1,9,5,4,3,3,0
51710105,303,169,134,45,98,22,25,22,10,1,1,18,19,23,13,1,19,6,13,153,98,55,93,49,44,1,0,1,22,5,17,15,11,4
51710106,33,21,12,5,18,3,2,1,1,1,0,0,1,0,1,0,3,2,1,21,14,7,6,3,3,0,0,0,3,2,1,0,0,0
51715101,196,110,86,14,80,14,21,12,6,1,2,13,7,10,11,2,2,1,1,83,57,26,76,34,42,2,2,0,24,10,14,9,6,3
51715102,152,87,65,2,49,8,23,9,2,4,0,10,14,13,12,1,6,4,2,48,34,14,58,27,31,6,1,5,32,20,12,2,1,1
51715103,22,13,9,2,8,1,3,2,2,0,0,2,0,1,1,0,6,4,2,12,7,5,3,1,2,0,0,0,1,1,0,0,0,0
51720801,64,40,24,7,25,4,6,7,1,0,1,2,5,2,1,0,3,0,3,29,23,6,21,10,11,0,0,0,8,4,4,3,3,0
1349370,0,0,0,0,0,0,0,0,0,0,0,0,0,0,0,0,0,0,0,0,0,0,0,0,0,0,0,0,0,0,0,0,0,0
1349960,0,0,0,0,0,0,0,0,0,0,0,0,0,0,0,0,0,0,0,0,0,0,0,0,0,0,0,0,0,0,0,0,0,0
3055960,0,0,0,0,0,0,0,0,0,0,0,0,0,0,0,0,0,0,0,0,0,0,0,0,0,0,0,0,0,0,0,0,0,0
3408980,0,0,0,0,0,0,0,0,0,0,0,0,0,0,0,0,0,0,0,0,0,0,0,0,0,0,0,0,0,0,0,0,0,0
51138201,294,162,132,9,98,25,34,12,8,4,8,24,22,18,23,2,9,5,4,91,62,29,125,59,66,3,1,2,62,32,30,4,3,1
51138202,259,129,130,2,81,11,42,30,8,1,0,11,25,15,23,1,8,5,3,94,54,40,111,52,59,5,0,5,34,12,22,7,6,1
51138205,15,7,8,0,4,1,1,1,0,1,0,5,0,0,1,0,0,0,0,4,1,3,7,3,4,0,0,0,3,2,1,1,1,0
51138206,1209,638,571,13,383,60,159,95,27,17,23,107,103,78,100,10,52,27,25,407,243,164,490,238,252,21,5,16,209,106,103,30,19,11
51138207,643,330,313,9,178,30,77,36,22,18,12,62,61,54,53,4,28,19,9,157,92,65,259,131,128,12,3,9,177,78,99,10,7,3
51138209,140,81,59,5,39,11,23,9,4,6,2,9,10,11,6,2,6,4,2,30,19,11,61,35,26,2,0,2,38,22,16,3,1,2
51138210,394,207,187,7,106,26,56,23,16,9,4,43,30,26,31,2,19,6,13,112,67,45,146,67,79,5,3,2,101,57,44,11,7,4
51138211,2297,1173,1124,20,678,113,296,169,76,58,43,206,179,180,173,13,90,42,48,702,403,299,887,421,466,48,17,31,511,254,257,59,36,23
51138213,691,378,313,8,174,38,99,37,30,12,8,83,43,58,50,7,36,20,16,183,110,73,273,145,128,21,11,10,161,79,82,17,13,4
51138214,100,65,35,2,51,4,6,8,2,0,2,12,4,2,4,3,12,6,6,41,28,13,30,17,13,0,0,0,6,4,2,11,10,1
51138216,1261,669,592,26,349,61,187,108,40,27,24,123,88,87,92,9,55,33,22,378,217,161,485,243,242,21,7,14,277,137,140,45,32,13
51138217,994,525,469,9,289,76,130,64,47,19,13,100,56,54,65,33,96,48,48,311,180,131,337,170,167,16,7,9,165,79,86,69,41,28
51138218,1039,553,486,11,307,55,120,58,24,20,26,81,83,89,108,13,35,20,15,285,178,107,411,214,197,19,7,12,266,122,144,23,12,11
51138219,575,305,270,3,168,42,59,40,15,19,11,61,36,43,43,7,43,23,20,169,92,77,211,113,98,11,5,6,128,64,64,13,8,5
51138220,14,10,4,0,6,4,0,0,0,0,0,1,0,0,0,1,2,2,0,2,1,1,2,1,1,2,1,1,0,0,0,6,5,1
51138221,1804,947,857,21,582,80,213,127,51,40,32,136,149,123,173,14,67,38,29,466,266,200,749,390,359,29,6,23,446,216,230,47,31,16
51138222,1258,742,516,13,354,109,156,99,56,29,18,127,74,78,80,18,72,52,20,354,228,126,418,221,197,25,6,19,233,121,112,156,114,42
51138223,75,38,37,1,20,4,16,1,0,1,2,11,5,5,6,0,1,1,0,22,13,9,24,11,13,3,0,3,23,12,11,2,1,1
51138225,715,377,338,10,218,40,91,53,18,21,10,71,50,46,66,5,33,16,17,238,143,95,281,141,140,6,2,4,147,69,78,10,6,4
51138227,898,467,431,4,277,40,128,70,27,27,7,78,63,66,60,6,44,20,24,281,154,127,351,180,171,15,5,10,174,83,91,33,25,8
51138228,1101,582,519,9,349,62,144,64,28,27,15,108,95,74,68,11,54,31,23,335,207,128,392,192,200,28,7,21,250,120,130,42,25,17
51138229,16,10,6,0,3,3,1,1,0,0,0,3,2,1,0,2,7,3,4,4,3,1,0,0,0,0,0,0,0,0,0,5,4,1
51138230,1313,695,618,13,429,57,182,104,38,29,25,104,103,85,99,6,48,28,20,412,230,182,545,279,266,21,4,17,243,127,116,44,27,17
51138232,25,16,9,0,5,2,2,4,1,0,1,3,1,1,3,0,0,0,0,8,6,2,10,5,5,0,0,0,7,5,2,0,0,0
51138233,34,19,15,0,6,2,4,1,0,3,0,7,5,2,3,0,0,0,0,7,5,2,9,3,6,0,0,0,16,10,6,2,1,1
51138234,28,15,13,0,7,1,5,1,0,1,0,3,1,3,6,0,0,0,0,3,1,2,12,8,4,0,0,0,12,6,6,1,0,1
51138235,302,167,135,7,89,25,31,21,14,7,5,22,31,15,23,1,6,5,1,93,63,30,119,57,62,6,2,4,70,35,35,8,5,3
51138236,166,94,72,4,45,10,24,22,1,2,0,15,11,8,14,1,10,6,4,73,51,22,47,22,25,1,0,1,28,12,16,7,3,4
51138237,211,120,91,12,67,15,28,15,7,1,3,14,18,13,10,2,4,2,2,71,52,19,85,42,43,4,2,2,40,18,22,7,4,3
51138238,35,18,17,1,11,2,5,5,0,0,0,2,2,4,1,1,1,0,1,17,10,7,11,5,6,2,1,1,4,2,2,0,0,0
51138239,446,248,198,10,134,40,58,35,9,6,11,30,42,32,30,3,16,9,7,136,87,49,173,84,89,10,4,6,105,61,44,6,3,3
51138241,78,46,32,2,28,10,13,3,0,2,1,3,4,5,5,1,5,3,2,27,17,10,24,12,12,0,0,0,18,11,7,4,3,1
51138242,125,71,54,3,42,8,18,5,0,4,2,11,15,7,5,0,3,1,2,38,24,14,46,27,19,1,0,1,34,19,15,3,0,3
51138243,24,12,12,0,3,1,4,4,0,0,2,3,3,0,3,0,0,0,0,5,3,2,7,2,5,3,1,2,9,6,3,0,0,0
51138244,331,181,150,5,95,28,40,13,7,9,8,29,35,24,27,2,7,2,5,78,51,27,125,61,64,6,1,5,101,58,43,14,8,6
51138245,19,9,10,0,2,0,3,2,0,1,0,0,5,1,4,1,1,1,0,6,3,3,9,5,4,1,0,1,2,0,2,0,0,0
51138246,267,156,111,10,82,31,35,22,5,6,3,19,12,9,20,1,5,2,3,108,83,25,83,36,47,4,1,3,61,29,32,6,5,1
51138247,64,40,24,1,24,9,2,5,2,1,1,5,6,5,2,1,6,6,0,19,12,7,28,18,10,2,0,2,7,3,4,2,1,1
51138249,74,42,32,5,31,3,9,5,4,2,0,2,4,2,5,0,2,1,1,24,15,9,32,20,12,0,0,0,13,4,9,3,2,1
51722401,123,68,55,3,49,5,12,4,4,1,4,12,14,5,6,1,8,5,3,48,30,18,40,25,15,1,0,1,17,6,11,9,2,7
51727501,81,48,33,4,26,5,14,2,1,1,2,1,7,5,6,1,4,1,3,26,15,11,32,22,10,2,1,1,15,7,8,2,2,0
51732101,51,30,21,11,11,4,4,1,1,0,0,2,2,6,6,0,2,0,2,19,14,5,18,11,7,0,0,0,11,4,7,1,1,0
51743701,69,41,28,8,19,7,7,1,1,1,0,3,6,7,6,0,3,2,1,32,22,10,28,15,13,0,0,0,6,2,4,0,0,0
51744501,95,52,43,5,36,10,10,6,0,0,0,6,3,9,8,0,2,2,0,38,21,17,37,21,16,0,0,0,15,6,9,3,2,1
51753401,529,291,238,22,169,25,53,27,12,14,7,39,43,38,57,3,14,7,7,180,110,70,199,107,92,8,3,5,108,53,55,20,11,9
51756901,134,75,59,13,41,11,14,9,2,5,1,9,10,8,6,0,11,6,5,53,33,20,45,24,21,1,0,1,20,9,11,4,3,1
51758501,207,123,84,11,78,21,16,8,7,1,1,9,22,9,17,0,12,10,2,78,57,21,77,42,35,7,2,5,29,9,20,4,3,1
51760701,659,373,286,20,193,67,58,52,17,11,7,49,42,44,72,5,24,14,10,215,141,74,271,140,131,12,4,8,124,66,58,13,8,5
51761501,131,77,54,4,59,6,17,6,4,2,1,6,9,8,6,1,2,1,1,55,39,16,50,24,26,3,2,1,18,8,10,3,3,0
51766601,209,124,85,5,70,17,25,19,6,6,0,10,21,12,10,4,20,13,7,66,44,22,67,31,36,1,0,1,39,22,17,16,14,2
51774701,280,158,122,26,80,21,24,17,7,3,3,12,23,21,32,1,7,2,5,84,58,26,125,67,58,6,2,4,57,28,29,1,1,0
51784401,298,167,131,9,103,26,25,22,3,3,2,12,26,18,42,1,7,5,2,124,82,42,102,47,55,4,1,3,50,23,27,11,9,2
51783601,69,38,31,3,20,6,7,6,1,0,0,7,7,2,8,0,5,1,4,22,16,6,18,8,10,0,0,0,24,13,11,0,0,0
51788701,295,157,138,25,108,27,32,18,4,7,1,12,13,22,17,1,19,10,9,121,77,44,95,41,54,6,2,4,45,21,24,9,6,3
55288701,90,55,35,6,23,13,9,13,1,2,0,6,6,2,6,1,3,2,1,46,29,17,27,15,12,1,0,1,8,5,3,5,4,1
51790901,398,233,165,31,144,31,41,21,8,7,8,20,24,27,22,2,16,10,6,129,93,36,160,83,77,9,5,4,76,38,38,8,4,4
51802601,152,81,71,9,36,7,18,9,1,3,1,6,19,17,18,3,2,1,1,48,33,15,46,25,21,3,1,2,49,19,30,4,2,2
55295001,99,60,39,8,37,10,11,7,1,0,1,6,7,5,3,2,2,1,1,43,29,14,34,19,15,4,0,4,14,9,5,2,2,0
57006101,126,72,54,9,52,8,10,8,1,2,3,7,5,8,9,0,3,2,1,53,31,22,39,24,15,0,0,0,29,14,15,2,1,1
51903101,216,111,105,4,65,10,18,15,5,2,3,19,10,18,35,1,6,5,1,51,34,17,76,35,41,4,2,2,74,34,40,5,1,4
51914601,56,32,24,2,16,13,5,4,2,0,0,5,5,1,3,0,9,4,5,21,14,7,14,7,7,1,0,1,11,7,4,0,0,0
51914602,1107,605,502,43,281,137,153,77,23,16,22,62,79,80,98,6,54,35,19,407,263,144,409,196,213,24,12,12,185,84,101,28,15,13
51965101,905,499,406,75,302,78,77,52,16,19,18,53,79,50,64,3,47,21,26,327,227,100,352,172,180,17,5,12,143,62,81,19,12,7
52004701,189,102,87,17,67,10,13,10,7,3,1,11,20,8,16,0,5,1,4,72,51,21,67,33,34,2,0,2,40,16,24,3,1,2
55283601,133,74,59,13,37,12,18,7,5,1,2,11,9,7,9,1,3,1,2,55,32,23,53,26,27,0,0,0,20,13,7,2,2,0
57007901,375,209,166,20,107,38,32,26,7,9,5,19,30,37,19,8,18,12,6,123,88,35,142,64,78,4,0,4,69,32,37,19,13,6
55287901,227,134,93,20,79,28,19,13,4,4,4,7,14,9,13,3,20,9,11,109,74,35,52,22,30,4,2,2,24,14,10,18,13,5
52030601,262,152,110,8,81,37,26,8,5,6,6,16,17,19,24,3,9,4,5,96,74,22,96,50,46,7,2,5,48,18,30,6,4,2
52042001,72,41,31,5,21,5,9,6,5,1,0,4,3,7,5,0,2,1,1,31,23,8,19,9,10,2,0,2,16,6,10,2,2,0
52042002,343,190,153,13,94,51,34,19,10,8,6,15,23,36,24,2,5,1,4,110,78,32,131,59,72,11,5,6,66,34,32,20,13,7
52042003,10,5,5,0,5,0,2,1,0,0,0,0,0,1,1,0,2,2,0,1,1,0,4,1,3,0,0,0,2,0,2,1,1,0
55275501,110,64,46,2,52,15,14,8,0,1,0,3,5,3,1,0,2,2,0,50,30,20,42,26,16,1,0,1,11,4,7,4,2,2
54743301,61,31,30,9,16,3,11,1,0,1,1,6,4,1,5,0,1,0,1,25,16,9,27,13,14,1,0,1,7,2,5,0,0,0
54743302,241,138,103,12,100,12,37,11,2,3,0,16,16,9,11,1,12,8,4,101,65,36,79,38,41,3,1,2,33,19,14,13,7,6
52153101,441,244,197,22,173,26,38,12,9,9,2,30,30,39,37,2,11,7,4,190,115,75,166,87,79,9,4,5,59,26,33,6,5,1
54745001,135,69,66,9,47,6,15,6,1,0,1,15,17,6,8,0,8,4,4,43,27,16,46,24,22,4,1,3,32,11,21,2,2,0
54751401,96,50,46,3,29,8,11,4,9,3,0,7,7,5,9,0,4,2,2,27,16,11,41,20,21,2,1,1,21,10,11,1,1,0
52277502,104,59,45,8,41,6,11,6,3,0,0,5,5,4,9,2,6,4,2,40,28,12,40,16,24,1,0,1,10,6,4,7,5,2
52345301,108,59,49,12,29,8,10,4,4,3,2,6,10,1,17,0,2,2,0,43,27,16,42,17,25,2,1,1,12,6,6,7,6,1
52364001,255,146,109,30,81,10,23,18,6,10,2,11,16,15,22,4,5,3,2,86,51,35,89,45,44,4,3,1,61,37,24,10,7,3
52558801,1330,749,581,53,498,88,172,70,52,19,16,93,59,81,86,4,43,23,20,506,332,174,487,242,245,30,13,17,227,109,118,37,30,7
52558802,11,5,6,2,5,0,2,0,1,0,0,0,0,0,0,0,1,0,1,3,2,1,3,2,1,0,0,0,4,1,3,0,0,0
52580401,328,177,151,23,125,19,28,30,11,5,2,13,17,23,25,2,8,4,4,149,91,58,114,54,60,5,1,4,47,23,24,5,4,1
52580402,8,8,0,0,6,1,0,0,0,1,0,0,0,0,0,0,0,0,0,5,5,0,2,2,0,1,1,0,0,0,0,0,0,0
52580403,74,44,30,9,27,4,8,4,2,0,0,3,5,8,4,0,5,2,3,32,24,8,25,11,14,2,1,1,8,5,3,2,1,1
52580404,45,28,17,4,20,0,5,2,1,0,0,6,2,2,1,1,5,3,2,16,13,3,17,8,9,0,0,0,5,4,1,2,0,2
52580405,135,79,56,8,49,12,14,11,6,1,1,6,11,4,11,0,4,1,3,66,48,18,46,20,26,2,1,1,13,6,7,4,3,1
52588001,236,125,111,13,104,15,15,13,3,5,1,15,16,17,10,2,7,3,4,95,59,36,79,40,39,5,2,3,39,15,24,11,6,5
52597901,310,172,138,13,154,20,24,23,2,4,2,16,16,17,13,1,15,12,3,127,82,45,121,53,68,8,4,4,25,11,14,14,10,4
52616901,124,69,55,21,30,7,5,8,18,0,2,8,8,4,6,2,15,9,6,46,29,17,35,16,19,4,1,3,19,9,10,5,5,0
56943701,286,160,126,14,103,17,38,7,7,8,2,13,29,17,25,3,13,9,4,107,69,38,108,53,55,8,4,4,43,18,25,7,7,0
56943702,17,10,7,2,6,0,1,1,0,1,0,2,1,0,0,0,1,1,0,3,2,1,6,4,2,1,0,1,5,2,3,1,1,0
53072701,73,41,32,5,28,7,4,5,2,1,0,4,5,6,5,1,5,2,3,28,17,11,26,13,13,2,1,1,7,4,3,5,4,1
53072702,88,51,37,4,31,9,8,3,3,3,1,6,6,3,5,0,5,5,0,29,15,14,36,22,14,3,2,1,13,6,7,2,1,1
53072703,101,61,40,7,38,8,15,8,4,0,1,4,5,4,5,0,3,2,1,49,30,19,22,13,9,2,2,0,15,7,8,10,7,3
53072704,32,20,12,5,11,5,3,1,0,0,0,0,2,2,2,0,2,2,0,16,12,4,10,4,6,1,0,1,3,2,1,0,0,0
53289401,10,7,3,2,2,1,0,0,2,1,0,1,1,0,0,0,0,0,0,4,3,1,2,1,1,1,0,1,2,2,0,1,1,0
53289402,167,99,68,8,75,7,17,6,4,4,2,10,6,10,13,2,4,1,3,64,43,21,64,37,27,1,1,0,31,15,16,3,2,1
53368801,21,10,11,2,6,1,3,1,0,0,1,3,0,2,1,0,1,1,0,8,5,3,4,1,3,0,0,0,4,1,3,4,2,2
53368802,165,92,73,10,69,8,14,8,7,2,3,12,7,13,8,0,8,4,4,71,48,23,58,27,31,3,0,3,18,9,9,7,4,3
55337901,473,253,220,15,147,42,48,27,17,6,8,40,30,22,45,3,17,6,11,174,109,65,184,88,96,9,5,4,77,37,40,12,8,4
55337902,57,32,25,1,24,5,6,1,1,2,1,6,1,2,4,0,1,1,0,17,9,8,25,15,10,0,0,0,12,5,7,2,2,0
55337903,100,54,46,4,30,11,13,3,3,3,1,4,8,12,4,0,3,2,1,38,22,16,37,19,18,0,0,0,22,11,11,0,0,0
57014102,145,84,61,12,44,11,19,4,2,0,1,3,17,15,11,0,1,0,1,67,44,23,55,28,27,7,3,4,13,7,6,2,2,0
53492701,518,291,227,51,243,19,40,25,7,13,2,30,25,31,17,2,16,9,7,197,137,60,194,88,106,7,2,5,80,42,38,24,13,11
53553201,1115,640,475,75,433,88,86,99,40,10,9,57,76,54,49,19,100,56,44,489,320,169,348,172,176,13,3,10,105,45,60,60,44,16
53553203,41,23,18,6,16,5,2,2,0,0,0,2,2,1,5,0,5,4,1,22,12,10,9,4,5,3,2,1,1,0,1,1,1,0
53553204,18,10,8,0,9,2,2,0,2,0,0,0,2,1,0,0,2,1,1,12,8,4,4,1,3,0,0,0,0,0,0,0,0,0
53553205,13,8,5,3,5,0,1,1,0,0,0,0,0,0,1,1,2,1,1,4,3,1,5,2,3,0,0,0,1,1,0,1,1,0
53553206,26,16,10,10,4,1,1,1,0,0,0,1,5,3,0,0,0,0,0,13,10,3,10,5,5,0,0,0,2,0,2,1,1,0
53553207,12,7,5,0,5,3,2,0,1,0,0,0,1,0,0,0,0,0,0,6,5,1,2,1,1,0,0,0,4,1,3,0,0,0
53577001,157,96,61,5,73,19,9,7,1,3,0,9,9,5,14,1,7,5,2,73,54,19,51,23,28,4,2,2,20,10,10,2,2,0
53588501,188,108,80,4,69,16,20,12,2,4,0,11,12,19,12,4,14,7,7,61,42,19,71,34,37,7,3,4,23,13,10,12,9,3
55338701,71,40,31,2,16,7,7,2,4,0,1,12,5,4,8,0,2,2,0,16,11,5,26,15,11,3,1,2,24,11,13,0,0,0
55338702,14,8,6,1,5,1,2,0,1,0,0,0,1,1,1,0,0,0,0,7,4,3,5,3,2,0,0,0,1,0,1,1,1,0
53609101,370,204,166,27,125,25,52,23,17,1,3,17,23,19,28,2,24,11,13,157,103,54,139,67,72,1,0,1,34,14,20,15,9,6
55322102,307,171,136,18,133,17,20,24,5,2,2,20,21,20,14,6,16,8,8,110,72,38,101,46,55,10,3,7,53,30,23,17,12,5
53611301,42,30,12,6,10,6,7,4,2,0,0,3,1,2,1,0,6,4,2,17,14,3,9,4,5,0,0,0,5,3,2,5,5,0
53611303,16,9,7,5,3,0,3,1,0,0,0,1,2,0,0,0,1,0,1,12,9,3,3,0,3,0,0,0,0,0,0,0,0,0
53611304,25,16,9,8,13,0,1,0,0,0,0,0,0,0,1,0,3,3,0,15,10,5,4,2,2,0,0,0,2,0,2,1,1,0
56930501,237,135,102,23,87,16,27,10,6,2,5,13,17,16,12,0,11,5,6,82,52,30,90,52,38,10,4,6,35,17,18,9,5,4
55334401,88,54,34,8,40,6,4,6,2,0,0,6,5,3,4,1,15,9,6,30,23,7,30,16,14,1,0,1,5,2,3,7,4,3
55321201,21,12,9,6,8,0,1,0,3,0,0,1,0,0,2,0,2,0,2,10,7,3,7,4,3,0,0,0,0,0,0,2,1,1
53628801,312,183,129,36,122,19,25,18,14,3,2,13,15,20,21,1,8,6,2,154,105,49,86,44,42,8,2,6,47,19,28,9,7,2
53639301,94,53,41,3,35,10,6,4,2,1,0,7,6,10,6,0,4,4,0,26,19,7,39,18,21,4,1,3,20,10,10,1,1,0
53639302,167,100,67,6,66,13,18,8,9,2,2,13,13,9,5,1,6,4,2,69,48,21,57,29,28,4,3,1,27,12,15,4,4,0
53639303,74,39,35,9,33,5,2,4,1,0,1,4,5,1,7,0,6,4,2,33,23,10,23,7,16,4,1,3,8,4,4,0,0,0
1983580,0,0,0,0,0,0,0,0,0,0,0,0,0,0,0,0,0,0,0,0,0,0,0,0,0,0,0,0,0,0,0,0,0,0
53652101,31,20,11,8,6,2,4,2,0,0,0,3,0,2,0,1,2,2,0,12,12,0,9,4,5,2,0,2,6,2,4,0,0,0
53652102,20,12,8,1,9,0,1,1,0,0,0,1,0,2,3,1,2,2,0,10,6,4,4,3,1,2,0,2,1,0,1,1,1,0
53652103,37,20,17,6,14,1,2,2,3,1,0,0,0,5,3,0,1,1,0,20,11,9,9,4,5,1,1,0,5,3,2,1,0,1
53652104,83,50,33,2,36,6,8,4,6,3,0,7,4,1,1,2,14,7,7,39,27,12,23,13,10,2,0,2,4,2,2,1,1,0
53652105,156,89,67,7,54,10,11,11,7,3,2,9,15,9,10,5,17,8,9,61,44,17,55,26,29,1,0,1,10,4,6,12,7,5
53652106,61,35,26,8,21,4,5,1,4,0,0,3,5,2,0,3,9,6,3,32,19,13,14,5,9,1,0,1,1,1,0,4,4,0
53652109,57,38,19,6,24,6,5,3,2,0,0,1,2,2,2,0,4,3,1,28,21,7,19,11,8,1,0,1,3,2,1,2,1,1
53657101,196,113,83,5,109,10,10,12,1,3,1,19,10,9,6,1,11,6,5,101,64,37,52,26,26,3,2,1,15,6,9,14,9,5
53668701,241,132,109,35,108,12,22,14,5,1,5,13,7,9,8,1,8,4,4,111,73,38,72,29,43,5,1,4,33,17,16,12,8,4
53668702,59,37,22,18,18,1,3,6,1,2,1,2,1,2,4,0,2,1,1,26,21,5,20,10,10,0,0,0,9,3,6,2,2,0
53673301,317,178,139,10,124,21,41,17,4,3,5,19,15,27,25,1,18,10,8,137,89,48,104,44,60,4,0,4,42,26,16,12,9,3
55324701,106,69,37,6,40,14,8,6,2,2,1,5,10,4,6,0,4,2,2,65,43,22,15,7,8,3,2,1,10,7,3,9,8,1
55324702,8,2,6,0,2,0,1,0,0,1,0,1,1,1,1,0,0,0,0,1,0,1,4,0,4,0,0,0,3,2,1,0,0,0
53681401,14,8,6,1,6,3,0,0,0,0,0,1,0,1,2,0,2,1,1,7,4,3,3,2,1,0,0,0,2,1,1,0,0,0
53681402,140,70,70,7,55,16,17,6,1,3,2,8,10,7,4,0,10,6,4,51,32,19,56,24,32,0,0,0,22,7,15,1,1,0
56937201,86,55,31,4,45,4,2,14,0,0,0,1,6,4,5,0,2,1,1,46,37,9,30,15,15,1,0,1,5,2,3,2,0,2
53728401,301,164,137,20,133,23,22,13,11,2,1,18,12,17,21,1,6,5,1,134,83,51,96,41,55,3,0,3,52,26,26,10,9,1
53771301,592,333,259,29,264,29,58,31,15,6,4,47,31,46,20,5,19,9,10,242,162,80,215,106,109,14,7,7,85,41,44,17,8,9
53996101,241,138,103,17,109,16,23,12,5,3,1,14,13,13,12,0,8,6,2,101,64,37,90,46,44,6,4,2,25,12,13,11,6,5
53996102,80,43,37,7,36,10,7,2,2,0,2,0,3,5,5,0,9,4,5,40,28,12,22,6,16,2,1,1,4,1,3,3,3,0
53996103,11,6,5,0,5,0,0,1,1,1,0,2,0,0,1,0,0,0,0,7,5,2,4,1,3,0,0,0,0,0,0,0,0,0
53996104,1130,645,485,43,517,76,91,76,20,22,9,52,62,47,89,10,71,44,27,497,322,175,364,174,190,29,13,16,114,54,60,55,38,17
54016101,87,52,35,3,47,2,4,5,3,0,0,3,7,8,3,1,6,4,2,39,24,15,27,15,12,3,1,2,9,5,4,3,3,0
54016102,88,48,40,8,39,3,4,9,3,1,0,5,6,2,2,1,4,2,2,24,15,9,35,18,17,0,0,0,23,11,12,2,2,0
54019601,64,40,24,5,35,1,3,5,3,1,0,1,4,4,0,0,3,3,0,27,18,9,22,12,10,1,0,1,6,3,3,5,4,1
54019602,1223,677,546,39,628,44,87,60,51,7,12,80,49,83,42,3,65,36,29,452,285,167,449,222,227,26,14,12,188,95,93,43,25,18
54019603,95,53,42,6,33,8,11,8,1,1,0,8,4,5,6,1,9,6,3,31,18,13,34,18,16,0,0,0,19,10,9,2,1,1
54022601,71,38,33,10,18,3,6,3,7,0,0,3,7,6,6,1,2,1,1,33,22,11,18,10,8,3,0,3,14,5,9,1,0,1
54022603,47,27,20,9,6,1,5,0,11,0,0,5,1,4,2,0,0,0,0,13,8,5,15,9,6,0,0,0,13,7,6,6,3,3
54022604,211,118,93,10,63,21,17,19,27,5,0,7,9,11,8,4,9,5,4,99,61,38,72,35,37,2,1,1,17,5,12,12,11,1
54022606,166,95,71,20,47,10,17,7,14,2,0,13,9,13,4,7,8,4,4,87,57,30,50,24,26,1,1,0,16,6,10,4,3,1
54022607,129,76,53,12,44,9,6,6,12,2,2,8,7,12,5,2,5,3,2,56,37,19,44,23,21,0,0,0,18,9,9,6,4,2
54023401,257,156,101,18,131,17,17,12,6,5,2,14,10,12,8,0,17,6,11,110,72,38,81,49,32,3,3,0,28,13,15,18,13,5
54023402,98,55,43,7,58,7,6,3,0,1,1,6,1,2,2,1,7,6,1,42,29,13,33,14,19,2,0,2,9,2,7,5,4,1
54023403,44,22,22,3,22,1,2,6,2,0,0,2,4,1,0,0,1,0,1,21,13,8,10,3,7,2,0,2,6,4,2,4,2,2
54033101,60,39,21,13,18,7,5,1,4,3,0,2,1,1,0,1,9,5,4,32,23,9,11,5,6,1,1,0,4,2,2,3,3,0
54033102,17,11,6,1,6,0,2,0,3,0,1,1,1,1,0,0,2,1,1,1,1,0,6,4,2,0,0,0,8,5,3,0,0,0
54033104,42,25,17,8,5,6,1,4,6,0,0,4,1,0,1,2,9,4,5,19,12,7,6,4,2,0,0,0,5,3,2,3,2,1
54033106,37,22,15,9,8,4,0,1,4,0,2,3,1,0,0,1,5,3,2,12,9,3,12,6,6,0,0,0,4,2,2,4,2,2
54033108,14,8,6,0,3,1,0,1,1,1,0,1,3,1,0,1,3,1,2,2,2,0,4,3,1,0,0,0,4,1,3,1,1,0
54033109,37,19,18,5,6,5,3,2,3,1,0,1,3,3,3,1,9,5,4,11,7,4,11,4,7,1,0,1,4,2,2,1,1,0
54036601,11,8,3,2,5,1,3,0,0,0,0,0,0,0,0,0,1,1,0,5,4,1,3,2,1,0,0,0,2,1,1,0,0,0
54036603,180,109,71,8,80,28,11,15,6,0,1,10,8,6,4,2,17,6,11,101,65,36,35,22,13,1,0,1,14,9,5,12,7,5
56938102,382,310,72,10,265,7,9,8,25,2,2,29,13,6,4,1,76,66,10,170,144,26,111,86,25,1,1,0,17,9,8,7,4,3
56938103,27,11,16,2,11,0,3,1,2,0,0,2,0,3,3,0,2,0,2,10,5,5,10,5,5,1,0,1,4,1,3,0,0,0
54047101,70,40,30,4,36,6,2,3,2,1,0,3,2,8,1,0,3,1,2,28,20,8,25,14,11,1,0,1,8,3,5,5,2,3
54047102,67,44,23,5,36,4,5,3,1,1,0,4,3,2,2,1,5,4,1,44,32,12,11,5,6,0,0,0,5,1,4,2,2,0
54047103,110,62,48,6,63,10,5,6,0,1,2,5,4,3,3,1,4,1,3,50,30,20,34,16,18,0,0,0,19,12,7,3,3,0
54047104,21,12,9,0,11,1,2,2,0,0,1,1,1,1,0,0,0,0,0,6,4,2,9,5,4,1,1,0,5,2,3,0,0,0
54047105,170,95,75,5,104,5,8,8,5,1,3,4,8,9,4,1,6,5,1,70,41,29,65,32,33,1,0,1,20,12,8,8,5,3
54047106,70,40,30,2,47,6,4,3,0,1,1,3,1,2,0,0,8,3,5,34,20,14,16,8,8,0,0,0,3,2,1,9,7,2
54047107,69,41,28,4,35,1,4,2,4,1,0,7,3,4,3,0,2,2,0,26,19,7,18,8,10,1,1,0,15,8,7,7,3,4
54047109,12,8,4,3,1,2,2,1,0,0,0,0,0,2,1,0,0,0,0,5,3,2,6,5,1,1,0,1,0,0,0,0,0,0
54047110,103,59,44,9,41,5,13,4,0,1,2,9,7,9,1,0,1,1,0,35,24,11,41,23,18,0,0,0,20,9,11,6,2,4
54047111,60,34,26,2,28,5,7,3,1,1,2,4,0,4,1,0,5,0,5,29,21,8,19,10,9,1,0,1,4,2,2,2,1,1
54047112,24,12,12,0,10,0,1,2,0,0,0,1,3,3,0,1,1,1,0,4,1,3,8,5,3,1,1,0,9,3,6,1,1,0
54047113,255,144,111,2,105,11,17,20,7,9,6,19,15,16,19,1,13,7,6,61,40,21,104,57,47,6,5,1,67,34,33,4,1,3
54047114,1001,554,447,10,491,31,101,59,23,21,6,55,57,82,42,1,42,23,19,311,201,110,399,194,205,16,7,9,207,109,98,26,20,6
54047116,1929,1030,899,25,1060,66,156,98,43,24,15,109,73,141,63,15,166,81,85,720,413,307,643,330,313,30,13,17,278,136,142,92,57,35
54047117,165,83,82,5,78,3,13,13,5,4,4,10,8,10,9,1,3,2,1,47,24,23,74,37,37,6,3,3,31,14,17,4,3,1
54047118,23,16,7,2,15,0,1,1,0,0,0,3,0,0,0,1,3,3,0,9,6,3,10,7,3,0,0,0,0,0,0,1,0,1
54047120,383,226,157,6,160,17,63,25,24,6,3,21,11,16,18,1,37,25,12,135,81,54,104,59,45,10,4,6,46,22,24,51,35,16
54047121,25,16,9,0,13,0,3,4,0,0,0,2,1,0,2,0,3,3,0,12,7,5,7,4,3,0,0,0,3,2,1,0,0,0
54048001,68,39,29,5,27,13,5,3,0,1,0,2,4,3,3,1,3,0,3,26,16,10,24,16,8,1,1,0,11,3,8,3,3,0
54048002,27,16,11,2,17,0,2,2,1,0,0,0,1,1,1,0,0,0,0,11,6,5,10,7,3,1,0,1,4,2,2,1,1,0
54048003,508,285,223,15,263,15,44,31,7,6,0,37,31,25,17,1,24,11,13,182,113,69,188,102,86,12,5,7,85,44,41,17,10,7
55347601,62,33,29,2,25,5,7,2,1,1,1,5,6,4,2,0,1,0,1,22,13,9,21,9,12,1,1,0,11,5,6,6,5,1
55347602,146,82,64,5,53,16,13,17,3,2,0,11,2,14,6,0,5,3,2,41,30,11,61,31,30,6,2,4,32,15,17,1,1,0
55347603,122,65,57,3,34,9,14,13,3,2,2,7,6,16,8,1,3,2,1,35,25,10,46,21,25,0,0,0,33,15,18,5,2,3
54050101,120,69,51,1,27,15,16,8,2,5,0,11,9,5,15,1,6,3,3,53,33,20,36,22,14,3,2,1,21,8,13,1,1,0
54050102,96,60,36,14,24,18,7,3,4,1,0,6,3,10,4,0,7,4,3,45,37,8,30,11,19,0,0,0,10,4,6,4,4,0
54050103,1494,824,670,61,433,128,160,69,36,49,28,97,102,124,161,3,73,41,32,447,288,159,504,253,251,32,11,21,392,200,192,46,31,15
54050104,30,18,12,1,10,1,5,2,1,0,0,0,1,2,5,0,1,0,1,11,8,3,13,7,6,1,0,1,4,3,1,0,0,0
54051001,95,52,43,1,44,5,9,9,3,0,0,6,5,6,5,1,4,2,2,26,18,8,40,16,24,1,0,1,20,13,7,4,3,1
54051002,361,190,171,19,161,15,31,11,3,11,0,23,22,27,27,2,21,10,11,121,72,49,142,74,68,6,5,1,60,23,37,11,6,5
54054401,50,29,21,6,16,4,2,1,2,2,1,7,3,2,1,0,3,1,2,21,13,8,21,11,10,0,0,0,5,4,1,0,0,0
54054402,115,68,47,11,55,8,11,5,2,1,2,5,3,5,2,2,9,6,3,51,37,14,40,18,22,1,1,0,10,4,6,4,2,2
54054403,36,23,13,3,10,4,4,2,0,0,2,1,4,4,1,1,5,3,2,13,11,2,11,5,6,2,1,1,5,3,2,0,0,0
54054404,274,147,127,24,124,29,21,7,11,1,3,13,12,15,9,1,28,16,12,119,72,47,74,33,41,8,4,4,27,12,15,18,10,8
54054405,61,32,29,4,27,4,5,4,2,1,0,5,4,2,2,1,3,2,1,30,16,14,20,11,9,1,1,0,5,0,5,2,2,0
54054406,52,31,21,13,10,6,7,2,1,0,0,3,3,3,2,0,4,1,3,26,16,10,16,10,6,0,0,0,4,3,1,2,1,1
54059501,164,96,68,4,92,9,13,10,4,1,0,10,5,6,3,1,8,7,1,81,48,33,45,23,22,1,0,1,22,13,9,7,5,2
54060901,39,25,14,1,26,2,1,0,1,0,1,4,1,1,1,0,2,1,1,15,11,4,15,9,6,1,1,0,4,2,2,2,1,1
54060902,41,20,21,2,15,1,3,2,1,1,2,1,6,4,2,0,2,1,1,13,6,7,15,7,8,0,0,0,11,6,5,0,0,0
54060903,111,68,43,8,52,7,6,3,2,1,0,4,10,10,5,1,4,2,2,53,37,16,34,18,16,1,0,1,14,8,6,5,3,2
54060904,34,18,16,3,20,1,3,2,0,0,1,1,1,1,0,1,0,0,0,10,8,2,21,9,12,0,0,0,2,1,1,1,0,1
54060905,38,21,17,4,19,4,4,2,0,0,0,2,0,0,2,0,3,2,1,19,12,7,11,3,8,0,0,0,3,3,0,2,1,1
54060907,47,29,18,4,21,2,2,5,0,3,1,3,0,2,3,0,3,2,1,17,11,6,12,8,4,2,1,1,8,3,5,5,4,1
50002001,520,300,220,28,180,45,47,30,17,8,3,28,34,33,46,5,39,23,16,214,148,66,189,90,99,14,5,9,55,26,29,9,8,1
50002002,49,23,26,0,14,8,5,2,1,4,1,2,2,3,4,1,2,0,2,25,16,9,12,3,9,0,0,0,10,4,6,0,0,0
54065001,44,26,18,8,21,2,1,5,1,0,0,1,0,2,3,0,3,1,2,18,12,6,17,10,7,0,0,0,4,1,3,2,2,0
54065002,253,142,111,22,113,5,18,18,7,4,1,8,15,25,13,1,20,9,11,104,69,35,69,35,34,8,2,6,37,19,18,15,8,7
54073101,101,59,42,18,41,7,9,2,1,1,0,6,6,5,3,0,0,0,0,39,29,10,40,18,22,1,1,0,13,6,7,8,5,3
54077301,1333,717,616,38,538,90,138,58,37,21,20,79,82,79,107,5,56,24,32,470,298,172,511,251,260,32,17,15,230,103,127,34,24,10
55335201,141,77,64,3,69,12,8,8,4,3,2,8,5,8,8,1,2,1,1,73,44,29,38,17,21,7,3,4,21,12,9,0,0,0
54085401,238,128,110,5,82,22,21,18,6,1,2,21,16,16,15,2,16,8,8,99,64,35,64,26,38,5,2,3,38,18,20,16,10,6
54086201,1403,761,642,45,448,111,170,63,68,17,25,88,77,99,120,14,83,49,34,531,340,191,500,216,284,30,12,18,210,111,99,49,33,16
54086202,22,13,9,1,5,2,3,0,2,0,0,1,0,7,1,0,0,0,0,7,4,3,10,6,4,0,0,0,5,3,2,0,0,0
55339501,76,43,33,9,31,3,3,0,2,2,0,7,5,1,6,0,5,3,2,36,22,14,20,11,9,1,1,0,7,2,5,7,4,3
54087101,55,27,28,10,14,1,6,3,0,0,0,2,3,6,4,2,7,4,3,18,12,6,16,6,10,2,0,2,10,3,7,2,2,0
54087102,26,20,6,8,4,4,3,1,2,0,0,3,0,1,0,0,3,3,0,9,8,1,11,7,4,0,0,0,3,2,1,0,0,0
54087103,193,110,83,22,69,20,16,18,4,2,0,9,8,12,9,2,18,11,7,86,55,31,57,29,28,6,0,6,19,10,9,7,5,2
54091901,362,201,161,18,131,40,40,12,4,4,6,28,22,23,28,2,13,5,8,134,94,40,130,56,74,10,4,6,59,33,26,16,9,7
54097801,49,30,19,2,19,2,9,1,1,1,0,4,1,4,4,0,4,2,2,15,10,5,23,15,8,1,1,0,6,2,4,0,0,0
54097802,50,30,20,3,16,0,4,2,1,0,0,3,4,3,11,1,2,0,2,20,18,2,15,7,8,0,0,0,12,5,7,1,0,1
54097803,305,168,137,9,115,32,25,18,12,3,1,17,13,24,23,3,8,5,3,122,82,40,115,58,57,4,2,2,47,17,30,9,4,5
54097804,13,7,6,3,5,1,2,1,0,0,0,0,0,1,0,0,1,1,0,6,3,3,6,3,3,0,0,0,0,0,0,0,0,0
54097805,170,89,81,15,76,7,9,9,3,2,0,8,10,13,9,2,9,5,4,85,55,30,53,19,34,0,0,0,18,7,11,5,3,2
54097806,492,276,216,16,169,41,62,25,9,12,3,30,29,46,35,4,19,10,9,198,137,61,172,77,95,11,3,8,75,38,37,17,11,6
54097807,35,17,18,3,7,1,3,0,6,1,0,3,0,4,5,0,1,1,0,9,8,1,15,5,10,0,0,0,10,3,7,0,0,0
54098602,46,28,18,9,11,0,3,4,4,0,0,2,2,3,6,0,2,0,2,24,16,8,13,8,5,0,0,0,7,4,3,0,0,0
54098603,416,240,176,19,130,40,36,20,30,6,6,20,24,24,45,1,31,20,11,181,113,68,121,62,59,7,4,3,55,23,32,21,18,3
1545390,0,0,0,0,0,0,0,0,0,0,0,0,0,0,0,0,0,0,0,0,0,0,0,0,0,0,0,0,0,0,0,0,0,0
54107902,35,22,13,2,12,4,0,0,6,1,1,4,0,2,2,0,3,2,1,15,12,3,10,5,5,0,0,0,4,1,3,3,2,1
54107903,27,18,9,3,4,6,1,0,5,1,1,2,0,1,0,1,1,1,0,6,4,2,14,9,5,0,0,0,2,1,1,4,3,1
54107904,584,319,265,61,177,56,42,27,68,3,3,32,38,38,13,5,62,40,22,229,132,97,183,88,95,6,1,5,54,19,35,50,39,11
54107905,11,6,5,3,4,0,0,2,0,0,0,0,0,1,0,1,2,1,1,4,2,2,1,0,1,0,0,0,4,3,1,0,0,0
54107908,16,10,6,3,2,2,1,1,4,0,0,1,2,0,0,0,4,1,3,4,4,0,2,0,2,0,0,0,2,1,1,4,4,0
54107909,16,12,4,2,4,3,0,0,4,0,0,1,0,0,0,0,1,1,0,5,5,0,5,4,1,0,0,0,4,1,3,1,1,0
57028101,62,39,23,5,33,1,4,4,0,0,1,5,0,6,0,1,3,1,2,30,25,5,21,11,10,1,0,1,5,1,4,2,1,1
54110901,537,301,236,9,206,32,77,31,16,13,3,37,34,21,37,2,33,17,16,214,132,82,213,107,106,7,2,5,48,27,21,22,16,6
54112501,183,103,80,8,76,16,18,13,8,4,0,2,8,10,13,3,5,4,1,76,51,25,59,30,29,2,1,1,33,13,20,8,4,4
57011701,13,8,5,3,4,0,0,0,3,0,0,1,1,0,0,1,0,0,0,4,2,2,6,4,2,0,0,0,3,2,1,0,0,0
54116801,34,22,12,4,13,4,1,3,1,0,1,2,0,2,1,0,1,0,1,18,14,4,9,2,7,1,1,0,3,3,0,2,2,0
54116802,40,25,15,7,12,1,4,2,1,0,0,1,3,3,3,1,5,4,1,15,11,4,15,9,6,1,0,1,4,1,3,0,0,0
54116803,698,387,311,34,341,34,52,41,17,7,4,26,32,36,52,5,55,26,29,296,191,105,221,106,115,16,6,10,77,34,43,33,24,9
54116806,66,39,27,8,32,3,2,5,0,1,0,4,4,3,4,0,7,5,2,37,24,13,14,8,6,0,0,0,6,1,5,2,1,1
54116807,55,29,26,9,25,5,6,4,0,0,0,1,3,1,0,0,6,3,3,30,17,13,9,5,4,1,1,0,3,0,3,6,3,3
1644370,0,0,0,0,0,0,0,0,0,0,0,0,0,0,0,0,0,0,0,0,0,0,0,0,0,0,0,0,0,0,0,0,0,0
1644700,0,0,0,0,0,0,0,0,0,0,0,0,0,0,0,0,0,0,0,0,0,0,0,0,0,0,0,0,0,0,0,0,0,0
1644880,0,0,0,0,0,0,0,0,0,0,0,0,0,0,0,0,0,0,0,0,0,0,0,0,0,0,0,0,0,0,0,0,0,0
3156480,0,0,0,0,0,0,0,0,0,0,0,0,0,0,0,0,0,0,0,0,0,0,0,0,0,0,0,0,0,0,0,0,0,0
52370401,48,32,16,2,13,3,7,4,2,0,0,7,3,0,1,2,8,7,1,22,18,4,11,4,7,0,0,0,3,0,3,4,3,1
52370405,647,322,325,8,201,32,84,39,29,17,10,50,34,51,66,4,39,14,25,235,133,102,217,97,120,23,10,13,111,53,58,22,15,7
52370406,892,456,436,21,245,47,89,36,25,27,23,90,49,90,103,10,34,14,20,228,141,87,318,146,172,19,5,14,262,126,136,31,24,7
52370407,90,51,39,0,32,8,12,5,8,6,2,3,1,4,6,1,6,3,3,26,18,8,29,16,13,4,1,3,21,11,10,4,2,2
52370408,283,150,133,3,83,14,31,21,7,7,5,20,13,25,43,1,13,6,7,75,50,25,110,44,66,3,1,2,74,41,33,8,8,0
52370409,18,10,8,1,5,2,0,1,0,1,0,2,1,0,4,0,0,0,0,3,2,1,8,3,5,1,1,0,3,1,2,3,3,0
52370410,292,162,130,9,91,26,45,14,9,12,5,18,5,24,24,2,12,7,5,103,68,35,108,54,54,7,5,2,52,22,30,10,6,4
52370411,143,74,69,2,29,9,16,9,8,4,3,15,11,9,19,1,3,2,1,34,21,13,55,25,30,0,0,0,50,26,24,1,0,1
52370412,471,235,236,7,137,24,55,19,16,10,8,39,34,46,57,2,27,14,13,153,89,64,181,79,102,5,3,2,86,40,46,19,10,9
52370413,1554,795,759,21,493,90,174,80,73,28,13,114,109,126,174,8,95,56,39,531,313,218,559,248,311,36,22,14,293,129,164,40,27,13
52370414,576,351,225,15,161,52,59,31,35,12,12,54,20,38,45,13,41,25,16,165,113,52,172,93,79,10,3,7,111,56,55,77,61,16
52370415,1214,628,586,17,361,63,139,62,53,44,23,108,60,84,151,3,74,36,38,321,194,127,462,219,243,35,12,23,284,154,130,38,13,25
52370416,1081,543,538,20,332,63,132,53,47,25,18,97,64,85,94,6,53,30,23,353,213,140,397,167,230,27,13,14,217,101,116,34,19,15
52370417,723,381,342,17,225,38,94,36,29,14,9,53,42,55,80,8,27,17,10,229,142,87,265,129,136,18,5,13,152,73,79,32,15,17
52370418,627,337,290,14,207,19,65,27,28,16,11,52,29,47,81,4,26,14,12,169,110,59,229,103,126,17,6,11,173,95,78,13,9,4
52370419,584,295,289,10,192,40,58,35,17,11,9,56,29,50,57,0,33,17,16,161,101,60,208,91,117,21,10,11,149,70,79,12,6,6
52370420,36,22,14,0,13,1,2,1,0,1,0,3,3,5,4,0,3,2,1,5,4,1,15,8,7,1,0,1,10,7,3,2,1,1
52370421,557,300,257,8,185,27,59,28,18,13,12,42,40,43,44,1,32,14,18,166,104,62,201,106,95,13,6,7,129,61,68,16,9,7
52370422,448,236,212,8,164,26,56,19,21,11,5,32,18,24,45,2,24,16,8,154,93,61,172,81,91,18,7,11,70,33,37,10,6,4
52370423,25,12,13,4,9,0,3,0,0,1,1,3,1,1,1,0,0,0,0,9,4,5,7,3,4,0,0,0,9,5,4,0,0,0
52370424,510,271,239,11,123,33,65,24,26,9,13,43,17,43,49,5,28,14,14,135,87,48,180,87,93,12,5,7,131,64,67,24,14,10
52370425,897,476,421,15,251,46,92,40,27,38,14,83,53,82,107,6,37,16,21,191,121,70,333,160,173,20,11,9,289,154,135,27,14,13
55333601,202,124,78,14,104,5,12,17,7,3,1,12,8,8,8,0,10,6,4,91,68,23,67,33,34,2,0,2,29,15,14,3,2,1
54122201,19,12,7,7,5,0,2,2,0,0,0,2,0,1,0,0,2,2,0,7,4,3,5,4,1,0,0,0,4,2,2,1,0,1
54122202,25,14,11,5,12,1,4,2,0,0,0,0,1,0,0,0,0,0,0,12,5,7,11,8,3,0,0,0,2,1,1,0,0,0
54122203,45,28,17,1,24,0,6,1,3,0,0,4,2,2,1,1,6,2,4,20,15,5,10,7,3,0,0,0,7,3,4,2,1,1
54122204,474,263,211,47,198,29,37,39,12,4,1,25,17,30,11,3,39,20,19,193,121,72,166,80,86,8,4,4,49,24,25,19,14,5
1983660,0,0,0,0,0,0,0,0,0,0,0,0,0,0,0,0,0,0,0,0,0,0,0,0,0,0,0,0,0,0,0,0,0,0
54126501,37,21,16,2,15,4,7,2,3,0,0,1,0,2,1,0,2,1,1,13,8,5,14,6,8,1,0,1,4,3,1,3,3,0
54126502,79,44,35,7,28,8,6,4,6,0,0,5,4,4,4,0,2,2,0,47,29,18,18,7,11,2,1,1,9,4,5,1,1,0
54126503,14,9,5,2,2,2,0,0,0,1,0,1,1,1,3,1,0,0,0,2,2,0,5,3,2,1,0,1,6,4,2,0,0,0
54126504,953,549,404,55,303,91,91,47,69,11,10,62,38,50,82,6,52,31,21,401,268,133,296,133,163,18,8,10,132,70,62,54,39,15
54126505,13,9,4,3,7,2,0,0,0,0,0,1,0,0,0,0,1,1,0,7,4,3,3,2,1,0,0,0,1,1,0,1,1,0
54126506,45,30,15,15,9,4,1,5,2,1,0,1,2,2,1,1,2,2,0,24,16,8,14,9,5,1,0,1,2,1,1,2,2,0
55414601,95,55,40,14,19,7,8,4,8,2,1,9,2,7,10,1,5,3,2,35,26,9,36,16,20,2,1,1,13,6,7,4,3,1
55319101,32,22,10,7,6,2,1,2,2,1,0,4,3,3,1,0,5,4,1,18,11,7,5,4,1,1,1,0,2,1,1,1,1,0
56944501,1038,554,484,22,306,75,129,57,42,19,21,94,60,79,98,5,38,18,20,325,213,112,391,172,219,16,7,9,230,121,109,38,23,15
57009501,123,69,54,6,50,9,5,5,3,2,3,5,9,5,19,0,6,3,3,49,36,13,45,20,25,5,0,5,16,9,7,2,1,1
1894990,0,0,0,0,0,0,0,0,0,0,0,0,0,0,0,0,0,0,0,0,0,0,0,0,0,0,0,0,0,0,0,0,0,0
54135401,90,56,34,4,28,16,2,8,2,2,0,4,5,14,5,0,3,2,1,39,27,12,28,18,10,2,1,1,17,8,9,1,0,1
54135402,18,11,7,1,4,2,0,2,1,0,1,2,0,1,2,0,2,1,1,8,6,2,5,2,3,0,0,0,3,2,1,0,0,0
54135403,32,19,13,4,11,1,3,1,1,0,1,1,0,3,6,0,1,0,1,15,11,4,13,7,6,1,0,1,1,0,1,1,1,0
54135404,94,48,46,6,32,5,12,10,2,1,0,4,5,5,7,2,5,2,3,38,24,14,30,10,20,3,2,1,14,7,7,4,3,1
54135405,133,72,61,3,48,12,14,7,4,2,1,11,5,8,12,2,3,3,0,38,26,12,56,29,27,7,3,4,29,11,18,0,0,0
54135406,128,70,58,3,39,15,11,6,2,2,1,12,6,17,10,0,9,3,6,37,27,10,43,21,22,2,1,1,30,13,17,7,5,2
54135407,1261,661,600,19,468,66,164,81,39,21,19,77,68,95,100,3,53,27,26,453,261,192,471,240,231,23,10,13,225,104,121,36,19,17
54135409,450,222,228,8,154,28,49,31,19,6,8,29,23,40,38,4,26,13,13,168,92,76,163,72,91,10,4,6,72,33,39,11,8,3
54135410,635,350,285,11,227,56,62,46,16,8,5,52,28,51,44,5,48,23,25,206,120,86,201,105,96,8,1,7,115,58,57,57,43,14
54135411,441,252,189,12,175,33,50,20,12,9,4,28,19,34,27,4,28,14,14,187,125,62,154,76,78,7,2,5,58,30,28,7,5,2
54135412,217,124,93,3,67,26,26,23,6,3,3,15,9,14,12,2,13,9,4,65,41,24,78,39,39,3,2,1,39,18,21,19,15,4
54135413,669,362,307,13,255,37,75,36,18,10,9,45,36,54,56,2,18,8,10,223,137,86,270,134,136,10,4,6,124,62,62,24,17,7
54135414,50,31,19,0,16,4,7,2,0,0,0,6,5,6,1,0,2,0,2,16,13,3,22,11,11,2,2,0,7,4,3,1,1,0
54135415,269,150,119,9,104,27,25,23,5,3,1,18,13,20,9,3,5,1,4,106,76,30,102,44,58,6,3,3,46,23,23,4,3,1
54135417,234,124,110,6,77,22,17,11,1,7,4,28,9,18,24,1,6,2,4,61,39,22,88,42,46,6,4,2,72,37,35,1,0,1
54135418,409,230,179,22,168,18,32,30,13,4,3,30,18,35,25,1,23,15,8,122,70,52,165,93,72,6,4,2,80,41,39,13,7,6
54135419,425,229,196,3,140,23,43,23,8,14,5,28,29,52,40,3,16,7,9,104,69,35,165,85,80,14,7,7,116,54,62,10,7,3
54135420,47,27,20,1,20,1,4,2,2,0,0,2,4,3,7,0,1,0,1,11,6,5,19,13,6,0,0,0,15,7,8,1,1,0
54135422,682,349,333,11,257,49,77,58,27,12,6,46,27,42,45,5,50,22,28,253,153,100,234,112,122,8,3,5,109,44,65,28,15,13
57033801,95,51,44,3,56,5,9,2,0,1,0,4,8,2,4,0,4,2,2,44,28,16,33,15,18,3,0,3,10,5,5,1,1,0
54147801,401,228,173,25,179,24,28,27,13,4,6,28,15,27,15,2,16,9,7,150,90,60,140,80,60,4,0,4,75,38,37,16,11,5
58830001,130,80,50,16,49,12,7,3,2,3,1,5,13,5,10,0,9,6,3,61,39,22,41,23,18,3,2,1,10,5,5,6,5,1
58830002,88,50,38,7,30,5,7,5,3,2,2,6,5,6,10,0,1,1,0,28,20,8,33,15,18,1,0,1,21,12,9,4,2,2
58832601,257,138,119,20,83,10,26,18,4,6,3,24,18,17,19,2,9,5,4,107,70,37,91,38,53,4,2,2,37,18,19,9,5,4
54231801,99,58,41,8,37,8,13,6,2,0,1,3,7,6,8,0,1,0,1,42,28,14,34,18,16,2,1,1,19,10,9,1,1,0
54969001,95,53,42,5,27,16,8,5,4,0,2,3,4,4,13,0,3,1,2,42,27,15,31,12,19,2,1,1,12,8,4,5,4,1
58837701,156,83,73,16,46,17,11,7,5,2,1,10,16,6,14,2,5,3,2,52,36,16,68,30,38,2,0,2,26,13,13,3,1,2
58838501,467,270,197,41,149,48,53,30,14,4,7,26,24,25,31,3,13,7,6,177,123,54,171,85,86,20,9,11,69,33,36,17,13,4
58839301,134,76,58,11,49,18,17,9,2,0,4,7,1,7,8,0,3,1,2,71,49,22,40,16,24,2,1,1,17,8,9,1,1,0
58839303,435,253,182,21,144,38,49,27,19,2,5,21,35,32,31,2,17,14,3,179,120,59,154,75,79,15,4,11,61,34,27,9,6,3
58839304,152,87,65,7,51,12,13,10,7,6,0,10,10,9,10,1,5,3,2,75,54,21,50,20,30,2,2,0,16,5,11,4,3,1
58839305,60,34,26,4,24,2,3,4,1,1,0,3,4,4,6,0,1,1,0,31,18,13,21,11,10,0,0,0,7,4,3,0,0,0
58839306,334,181,153,4,116,31,41,26,10,1,2,17,20,25,28,4,14,7,7,160,97,63,111,58,53,7,1,6,35,13,22,7,5,2
58839307,282,146,136,3,79,25,39,11,4,11,2,20,14,36,31,1,6,5,1,84,45,39,106,55,51,2,1,1,79,37,42,5,3,2
58839308,1158,595,563,20,395,69,118,54,49,31,17,73,71,109,107,12,28,19,9,421,246,175,427,195,232,21,5,16,222,109,113,39,21,18
58839309,179,101,78,7,55,11,21,8,7,4,0,10,11,23,19,2,4,2,2,49,32,17,68,40,28,4,2,2,49,23,26,5,2,3
58839310,364,204,160,15,101,37,53,16,24,6,2,22,19,20,28,8,24,16,8,130,81,49,104,49,55,9,1,8,64,28,36,33,29,4
58839311,334,169,165,6,87,20,37,19,11,10,2,24,28,41,33,3,14,4,10,82,45,37,126,72,54,5,1,4,102,43,59,5,4,1
58839313,314,172,142,9,100,27,33,20,10,7,4,14,17,33,24,2,5,5,0,117,78,39,117,58,59,5,2,3,63,26,37,7,3,4
58839314,26,13,13,2,8,5,2,0,3,0,0,4,0,1,1,0,2,1,1,5,4,1,8,4,4,1,1,0,8,3,5,2,0,2
58840701,86,50,36,5,24,7,8,7,6,1,0,4,5,6,11,0,8,5,3,32,19,13,29,18,11,0,0,0,14,6,8,3,2,1
58843101,192,117,75,10,89,14,13,8,6,1,4,9,12,6,14,3,11,8,3,91,62,29,64,35,29,1,0,1,19,7,12,6,5,1
0410330,0,0,0,0,0,0,0,0,0,0,0,0,0,0,0,0,0,0,0,0,0,0,0,0,0,0,0,0,0,0,0,0,0,0
3142260,0,0,0,0,0,0,0,0,0,0,0,0,0,0,0,0,0,0,0,0,0,0,0,0,0,0,0,0,0,0,0,0,0,0
3142340,0,0,0,0,0,0,0,0,0,0,0,0,0,0,0,0,0,0,0,0,0,0,0,0,0,0,0,0,0,0,0,0,0,0
58845801,212,119,93,6,71,26,19,9,6,3,4,22,10,19,15,0,7,2,5,78,53,25,72,34,38,8,3,5,43,23,20,4,4,0
58845802,29,18,11,1,11,0,4,1,0,0,0,2,5,1,3,0,0,0,0,12,7,5,11,7,4,0,0,0,6,4,2,0,0,0
58845803,867,489,378,27,310,61,127,41,25,14,10,41,52,63,61,6,52,23,29,299,195,104,321,171,150,9,3,6,164,82,82,22,15,7
58845804,189,109,80,9,88,13,26,8,3,2,0,9,11,10,6,0,6,6,0,77,48,29,69,39,30,1,1,0,29,12,17,7,3,4
58845805,203,115,88,9,72,16,25,14,4,1,4,6,13,16,17,1,5,0,5,85,59,26,70,31,39,1,1,0,35,19,16,7,5,2
58845806,229,140,89,10,79,28,23,4,8,4,1,9,18,27,10,1,9,6,3,93,64,29,73,41,32,8,5,3,34,18,16,12,6,6
58845807,25,15,10,1,4,3,3,4,0,1,0,1,2,4,2,0,0,0,0,12,10,2,11,5,6,0,0,0,2,0,2,0,0,0
58845808,197,101,96,10,61,17,26,9,8,5,4,15,8,10,18,0,16,9,7,73,50,23,72,29,43,7,2,5,21,7,14,8,4,4
58845809,39,21,18,0,13,2,3,4,2,1,0,5,0,5,1,1,3,1,2,11,5,6,15,9,6,1,0,1,6,4,2,3,2,1
58845810,1095,572,523,15,363,76,134,57,37,26,17,68,83,97,79,6,58,28,30,375,215,160,379,201,178,23,2,21,229,103,126,31,23,8
58845811,377,216,161,8,115,25,61,30,6,7,4,24,30,33,16,2,15,7,8,121,84,37,138,75,63,4,0,4,95,48,47,4,2,2
58845812,380,204,176,7,130,23,52,31,10,6,8,25,20,30,26,1,26,14,12,137,84,53,123,62,61,6,1,5,75,33,42,13,10,3
58845813,472,260,212,7,129,42,68,32,17,5,8,39,33,33,39,8,27,18,9,138,84,54,155,75,80,3,1,2,91,41,50,58,41,17
58845815,23,12,11,1,7,0,4,0,0,1,0,0,0,6,2,0,2,1,1,8,4,4,5,3,2,0,0,0,7,4,3,1,0,1
58845816,495,266,229,11,151,55,65,15,25,16,5,37,18,28,44,3,44,24,20,183,112,71,153,73,80,6,1,5,99,51,48,10,5,5
58845817,252,145,107,4,75,19,28,21,11,2,5,22,9,20,21,5,8,4,4,86,59,27,100,53,47,3,1,2,46,20,26,9,8,1
58845819,471,254,217,6,137,36,66,20,20,10,8,35,37,40,34,4,19,11,8,148,94,54,181,91,90,7,1,6,102,50,52,14,7,7
54234201,29,17,12,3,8,2,4,3,1,0,2,1,2,2,1,0,2,0,2,13,11,2,8,5,3,2,0,2,1,0,1,3,1,2
58847401,124,69,55,6,45,16,8,6,2,3,3,5,7,6,12,1,7,3,4,48,35,13,47,23,24,3,0,3,17,6,11,2,2,0
58848201,73,45,28,4,20,11,13,3,3,1,1,5,2,5,4,1,1,0,1,22,18,4,25,11,14,0,0,0,17,10,7,8,6,2
3142690,0,0,0,0,0,0,0,0,0,0,0,0,0,0,0,0,0,0,0,0,0,0,0,0,0,0,0,0,0,0,0,0,0,0
3287820,0,0,0,0,0,0,0,0,0,0,0,0,0,0,0,0,0,0,0,0,0,0,0,0,0,0,0,0,0,0,0,0,0,0
58849101,41,25,16,4,14,5,2,5,1,0,0,2,1,2,4,0,0,0,0,13,8,5,19,11,8,0,0,0,9,6,3,0,0,0
58849102,161,99,62,7,75,11,21,4,5,3,0,15,5,5,5,1,9,6,3,75,53,22,49,24,25,3,2,1,20,11,9,5,3,2
58849103,18,12,6,2,7,2,0,1,0,0,0,0,0,2,3,0,4,3,1,3,3,0,5,3,2,0,0,0,6,3,3,0,0,0
58849104,11,7,4,2,7,0,1,0,0,0,0,1,0,0,0,0,1,1,0,6,3,3,3,2,1,0,0,0,0,0,0,1,1,0
58849105,1581,845,736,30,709,80,142,75,50,29,26,91,66,98,120,12,92,51,41,615,366,249,557,266,291,36,16,20,228,110,118,53,36,17
58849107,897,539,358,31,379,62,92,51,22,21,10,66,33,46,52,10,49,29,20,315,217,98,321,173,148,17,7,10,141,72,69,54,41,13
58849108,384,207,177,7,171,22,41,19,13,9,1,21,19,17,27,2,17,5,12,142,88,54,145,78,67,6,2,4,63,26,37,11,8,3
58850401,170,97,73,8,61,15,25,6,4,2,1,6,10,14,15,1,6,0,6,72,48,24,55,30,25,5,3,2,30,16,14,2,0,2
58851201,110,58,52,6,54,12,10,4,4,2,2,2,4,7,3,0,4,2,2,48,32,16,31,12,19,1,1,0,24,10,14,2,1,1
58851205,149,80,69,10,59,5,25,10,3,1,1,6,11,5,7,1,11,8,3,65,41,24,42,16,26,4,1,3,17,7,10,10,7,3
58851206,303,170,133,7,133,12,30,9,4,4,9,23,23,18,22,1,11,6,5,112,66,46,110,59,51,3,0,3,54,31,23,13,8,5
58851207,477,261,216,24,183,26,62,20,19,10,3,35,24,17,38,6,28,12,16,194,124,70,147,71,76,9,4,5,76,34,42,23,16,7
58851209,1147,598,549,31,490,71,112,60,37,20,8,79,53,50,98,2,77,38,39,500,279,221,386,186,200,14,3,11,124,62,62,46,30,16
50673701,443,244,199,22,105,51,55,21,13,9,2,26,32,57,37,3,12,6,6,135,96,39,163,79,84,5,3,2,115,51,64,13,9,4
50673702,35,17,18,0,8,2,6,1,5,0,0,3,1,3,6,0,0,0,0,5,1,4,17,9,8,0,0,0,11,6,5,2,1,1
50673703,230,138,92,22,57,18,19,12,12,5,1,11,20,12,22,4,12,5,7,95,68,27,69,35,34,4,2,2,40,19,21,10,9,1
58854701,63,40,23,6,22,5,7,1,2,1,0,4,4,4,4,1,3,2,1,21,16,5,26,13,13,1,1,0,9,5,4,3,3,0
58854702,20,14,6,7,3,1,5,1,0,0,0,1,1,1,0,0,1,1,0,7,5,2,10,7,3,0,0,0,1,0,1,1,1,0
58855501,189,106,83,10,76,17,13,13,8,2,0,8,13,11,13,0,7,4,3,75,49,26,67,34,33,1,0,1,38,19,19,1,0,1
58856301,152,82,70,6,40,13,14,10,3,2,1,10,11,8,26,0,3,2,1,50,33,17,64,29,35,5,2,3,26,13,13,4,3,1
58735401,117,61,56,7,48,5,10,6,3,1,2,10,4,9,11,0,6,2,4,56,31,25,30,18,12,5,0,5,15,6,9,5,4,1
58859801,135,76,59,8,58,9,13,8,3,1,3,8,8,6,6,2,5,2,3,51,37,14,46,22,24,4,2,2,21,9,12,8,4,4
58860101,105,60,45,7,31,15,7,10,4,3,0,11,3,6,5,1,8,2,6,52,37,15,23,11,12,1,0,1,16,7,9,5,3,2
58860102,87,49,38,3,34,10,4,0,2,2,0,5,8,7,8,2,3,1,2,43,28,15,29,15,14,1,1,0,11,4,7,0,0,0
58860103,865,483,382,36,296,88,82,51,43,8,12,47,30,67,74,12,51,25,26,371,253,118,265,123,142,12,4,8,120,43,77,46,35,11
58860104,129,74,55,13,38,18,12,11,3,0,0,7,3,9,11,0,10,4,6,54,34,20,48,26,22,1,0,1,13,8,5,3,2,1
58852101,211,123,88,11,67,15,25,10,2,7,4,15,14,14,16,2,7,6,1,79,51,28,65,36,29,7,2,5,45,24,21,8,4,4
58852102,44,28,16,2,15,5,7,3,2,0,0,4,0,3,1,0,5,5,0,19,13,6,12,5,7,0,0,0,3,2,1,5,3,2
58852103,48,30,18,4,10,7,7,3,1,1,0,5,3,3,3,0,4,2,2,21,14,7,14,10,4,0,0,0,8,3,5,1,1,0
58861001,59,31,28,3,14,6,6,3,2,1,0,7,6,7,3,0,3,3,0,24,15,9,14,6,8,1,0,1,15,6,9,2,1,1
58861002,399,237,162,27,156,33,25,26,8,9,5,17,36,28,15,2,16,9,7,157,104,53,137,70,67,3,1,2,73,43,30,13,10,3
58861003,22,14,8,3,7,2,2,2,1,0,0,1,2,0,2,0,0,0,0,11,10,1,7,2,5,0,0,0,3,1,2,1,1,0
0040312,0,0,0,0,0,0,0,0,0,0,0,0,0,0,0,0,0,0,0,0,0,0,0,0,0,0,0,0,0,0,0,0,0,0
0748960,0,0,0,0,0,0,0,0,0,0,0,0,0,0,0,0,0,0,0,0,0,0,0,0,0,0,0,0,0,0,0,0,0,0
0749690,0,0,0,0,0,0,0,0,0,0,0,0,0,0,0,0,0,0,0,0,0,0,0,0,0,0,0,0,0,0,0,0,0,0
0749932,0,0,0,0,0,0,0,0,0,0,0,0,0,0,0,0,0,0,0,0,0,0,0,0,0,0,0,0,0,0,0,0,0,0
58829601,169,88,81,10,57,13,26,4,2,1,2,18,6,4,19,1,11,5,6,53,32,21,61,32,29,3,2,1,37,16,21,4,1,3
58829602,109,58,51,8,35,6,6,5,3,0,0,5,5,9,20,1,1,0,1,33,21,12,44,23,21,4,1,3,19,8,11,8,5,3
58829603,79,43,36,2,31,3,8,0,3,1,0,4,4,5,17,0,5,3,2,22,14,8,37,20,17,1,0,1,13,5,8,1,1,0
58829604,517,268,249,12,132,33,57,28,11,20,12,39,41,43,68,1,13,4,9,120,77,43,200,92,108,14,7,7,160,81,79,10,7,3
58829605,122,67,55,1,32,9,13,6,2,5,1,10,10,14,15,0,6,2,4,28,18,10,44,24,20,5,2,3,37,19,18,2,2,0
58829606,187,101,86,9,56,26,15,7,6,2,1,17,7,16,24,0,12,5,7,85,54,31,58,23,35,1,0,1,30,18,12,1,1,0
58829607,110,63,47,6,38,6,12,6,2,3,0,9,5,7,9,0,9,6,3,34,23,11,42,20,22,0,0,0,22,11,11,3,3,0
58829608,213,126,87,19,61,12,30,12,6,8,1,13,16,5,23,0,7,3,4,73,49,24,80,48,32,4,0,4,38,18,20,11,8,3
58829609,223,126,97,13,53,28,35,12,5,1,2,16,13,21,19,0,6,3,3,66,51,15,93,44,49,7,4,3,48,22,26,3,2,1
58829610,87,50,37,2,24,4,15,3,2,1,2,6,6,9,7,0,2,2,0,18,15,3,49,23,26,2,2,0,16,8,8,0,0,0
58829611,72,41,31,5,26,9,4,6,0,1,1,0,2,4,12,1,1,0,1,34,29,5,28,9,19,1,0,1,7,2,5,1,1,0
58829612,1524,803,721,28,407,81,153,60,38,57,28,114,127,143,223,10,62,29,33,363,226,137,573,276,297,37,12,25,444,233,211,45,27,18
58829613,1142,584,558,22,230,72,118,51,40,22,21,115,78,131,162,10,55,26,29,265,153,112,385,190,195,37,14,23,364,181,183,36,20,16
58829614,35,17,18,3,6,2,7,1,2,2,0,2,2,3,5,0,2,0,2,11,6,5,13,8,5,2,1,1,6,2,4,1,0,1
58829616,121,64,57,2,35,10,12,15,5,2,0,9,5,12,8,1,3,2,1,37,28,9,48,18,30,1,0,1,30,15,15,2,1,1
58829617,173,95,78,2,39,11,15,9,3,4,3,11,11,19,36,2,9,3,6,48,35,13,71,34,37,5,0,5,40,23,17,0,0,0
58829618,1387,726,661,34,380,104,154,57,26,36,29,97,117,126,167,6,58,34,24,368,236,132,536,250,286,32,10,22,362,178,184,31,18,13
58829619,401,194,207,18,62,25,47,16,11,12,6,32,22,41,89,2,7,5,2,69,47,22,149,62,87,14,3,11,159,74,85,3,3,0
58829620,1106,620,486,29,257,79,171,43,55,24,18,91,55,95,110,16,67,35,32,291,183,108,352,187,165,26,8,18,295,151,144,75,56,19
58829621,533,263,270,9,125,20,63,28,18,17,15,32,49,56,70,3,23,11,12,134,82,52,197,78,119,12,3,9,156,84,72,11,5,6
58829622,20,13,7,0,5,0,3,3,0,1,0,2,0,4,0,0,0,0,0,5,4,1,6,3,3,0,0,0,6,4,2,3,2,1
58829623,203,114,89,7,53,8,11,6,9,2,3,17,6,8,57,11,38,26,12,55,33,22,47,24,23,3,1,2,46,24,22,14,6,8
58829624,18,11,7,0,5,3,3,0,1,0,0,0,0,2,3,0,0,0,0,8,6,2,6,3,3,1,0,1,3,2,1,0,0,0
58829625,98,51,47,3,26,7,12,3,2,2,0,5,9,12,16,0,3,2,1,14,8,6,27,15,12,2,1,1,51,25,26,1,0,1
58829626,905,454,451,17,184,66,81,24,24,23,21,88,78,103,146,10,44,22,22,195,109,86,298,140,158,27,10,17,314,157,157,27,16,11
58829627,1935,980,955,36,532,115,214,65,48,41,32,141,142,197,286,5,85,43,42,536,314,222,732,329,403,34,7,27,505,266,239,43,21,22
58829628,236,133,103,3,89,17,23,13,11,5,2,12,13,16,18,4,15,8,7,72,51,21,85,41,44,10,2,8,46,24,22,8,7,1
58829630,1805,946,859,31,542,103,215,86,62,34,25,139,119,139,211,16,112,63,49,577,355,222,613,271,342,54,18,36,382,191,191,67,48,19
58862801,31,18,13,3,5,5,0,1,2,4,0,8,2,0,1,0,2,1,1,8,5,3,12,7,5,0,0,0,8,4,4,1,1,0
58863601,141,83,58,18,69,6,9,0,1,0,3,10,15,6,4,0,3,0,3,65,42,23,48,28,20,1,0,1,23,12,11,1,1,0
58864401,1051,606,445,37,474,68,114,43,23,19,5,39,48,64,91,4,55,29,26,444,300,144,352,181,171,19,6,13,152,67,85,29,23,6
58865201,224,131,93,20,88,14,24,11,5,4,1,10,12,10,14,3,10,5,5,96,64,32,68,38,30,2,2,0,39,15,24,9,7,2
58866101,218,130,88,5,76,31,27,8,7,5,3,20,7,11,13,1,12,6,6,101,71,30,71,38,33,1,0,1,26,11,15,7,4,3
58869501,170,97,73,24,40,19,15,8,5,2,3,7,12,12,18,3,10,4,6,87,59,28,40,21,19,2,0,2,17,7,10,14,6,8
58869502,34,19,15,2,11,5,3,0,1,0,1,0,1,5,3,0,2,1,1,16,9,7,11,8,3,0,0,0,5,1,4,0,0,0
58870901,105,65,40,4,37,8,9,8,2,1,2,6,12,7,5,1,6,5,1,44,31,13,34,19,15,0,0,0,19,8,11,2,2,0
58870902,343,191,152,17,108,33,45,14,13,7,3,26,27,19,23,2,12,8,4,147,101,46,117,54,63,7,0,7,47,21,26,13,7,6
58871701,228,132,96,11,84,22,21,10,3,4,0,14,10,14,24,1,8,5,3,114,74,40,69,31,38,2,1,1,27,15,12,8,6,2
58872501,243,140,103,20,99,22,18,17,9,0,0,15,4,21,14,2,11,5,6,107,76,31,69,33,36,6,1,5,37,15,22,13,10,3
58873301,177,102,75,10,51,13,11,14,3,4,2,12,17,9,25,2,3,2,1,69,43,26,62,29,33,4,2,2,31,20,11,8,6,2
58873302,90,51,39,4,23,14,9,5,1,1,3,5,4,6,11,1,3,2,1,42,30,12,30,12,18,1,1,0,12,4,8,2,2,0
58874101,424,238,186,22,141,46,44,17,16,14,6,26,23,29,28,2,17,4,13,164,112,52,147,72,75,8,4,4,68,33,35,20,13,7
58875001,364,203,161,15,167,24,30,21,11,12,3,28,8,15,16,0,15,7,8,142,89,53,134,77,57,5,0,5,58,24,34,10,6,4
58876801,1145,611,534,77,379,85,119,61,22,20,15,70,78,92,89,11,57,26,31,440,263,177,423,202,221,21,6,15,163,85,78,41,29,12
58876802,14,9,5,0,6,0,0,1,0,1,0,1,1,2,1,0,0,0,0,3,2,1,8,5,3,0,0,0,3,2,1,0,0,0
58876803,11,7,4,1,3,4,1,0,0,1,0,0,0,1,0,0,1,0,1,6,5,1,1,0,1,0,0,0,3,2,1,0,0,0
58876804,171,92,79,23,56,13,11,11,6,3,1,9,10,11,15,2,11,5,6,74,49,25,55,25,30,6,2,4,20,7,13,5,4,1
55390501,129,73,56,12,35,11,23,4,6,1,1,8,13,4,8,1,7,5,2,60,35,25,40,18,22,1,1,0,16,11,5,5,3,2
58878401,171,108,63,8,75,16,13,12,1,5,0,10,8,6,13,1,8,6,2,79,55,24,58,32,26,2,0,2,15,6,9,9,9,0
58880601,115,64,51,30,44,6,4,5,1,1,1,5,4,6,4,0,8,5,3,66,43,23,25,9,16,1,1,0,8,2,6,7,4,3
58881401,206,114,92,6,101,19,22,8,3,3,1,10,8,10,7,0,9,3,6,100,60,40,67,39,28,1,0,1,25,10,15,4,2,2
58882201,82,49,33,4,28,2,6,11,1,1,0,9,5,6,4,0,0,0,0,37,27,10,24,13,11,2,0,2,18,8,10,1,1,0
58882202,129,75,54,11,41,7,14,12,4,1,0,4,18,8,8,0,6,4,2,55,37,18,41,19,22,1,0,1,22,11,11,4,4,0
58883101,99,59,40,6,35,8,8,6,1,0,0,12,4,10,6,0,6,4,2,42,28,14,30,18,12,1,0,1,17,6,11,3,3,0
58884901,91,51,40,9,25,10,7,4,1,2,0,5,5,6,14,0,2,2,0,45,28,17,31,13,18,0,0,0,9,6,3,4,2,2
58884902,187,103,84,14,59,33,6,10,0,3,1,8,8,13,19,6,9,5,4,86,56,30,69,30,39,1,0,1,13,5,8,9,7,2
58884903,82,48,34,9,26,6,10,5,0,2,1,2,8,7,3,3,8,5,3,27,17,10,28,16,12,6,3,3,9,5,4,4,2,2
58886501,225,110,115,22,66,16,20,15,6,4,0,16,16,9,25,2,20,11,9,90,55,35,84,34,50,1,0,1,23,7,16,7,3,4
58886502,110,60,50,11,39,6,16,5,0,4,1,3,9,8,6,0,6,3,3,39,26,13,34,13,21,6,3,3,22,14,8,3,1,2
58887301,208,127,81,14,59,24,21,18,20,2,1,10,12,8,10,2,6,1,5,92,60,32,81,46,35,2,2,0,18,13,5,9,5,4
58739701,101,57,44,14,24,5,10,6,5,1,0,8,8,5,14,0,11,7,4,35,23,12,37,18,19,1,0,1,16,8,8,1,1,0
58889001,332,188,144,14,146,22,32,21,11,5,5,22,18,21,10,1,21,9,12,139,91,48,102,53,49,4,2,2,60,29,31,6,4,2
58890301,551,308,243,35,186,47,56,34,18,7,5,35,43,33,33,2,23,18,5,233,145,88,209,98,111,6,1,5,65,34,31,15,12,3
54972001,471,265,206,20,157,34,49,19,10,12,5,36,34,40,28,2,16,9,7,175,117,58,156,74,82,7,2,5,103,53,50,14,10,4
58892001,25,17,8,4,9,2,2,1,2,0,0,1,1,1,0,0,0,0,0,12,8,4,9,7,2,0,0,0,3,1,2,1,1,0
58892002,9,6,3,0,5,0,0,2,0,1,0,0,0,0,0,0,1,0,1,3,3,0,3,1,2,0,0,0,1,1,0,1,1,0
58892003,174,95,79,13,61,12,15,9,5,1,3,11,11,12,12,3,9,7,2,58,35,23,79,39,40,3,1,2,21,9,12,4,4,0
58892004,11,7,4,3,5,0,0,0,0,0,0,0,0,2,0,0,0,0,0,6,4,2,4,3,1,1,0,1,0,0,0,0,0,0
58892005,5,4,1,0,1,1,1,0,1,0,0,0,1,0,0,0,0,0,0,3,3,0,2,1,1,0,0,0,0,0,0,0,0,0
58893801,248,139,109,8,68,19,42,11,10,3,3,14,18,15,26,0,9,7,2,91,62,29,91,46,45,6,1,5,43,18,25,8,5,3
58893802,202,110,92,18,61,16,16,11,2,4,2,7,5,14,36,1,5,4,1,87,54,33,79,39,40,6,2,4,21,9,12,4,2,2
58893803,121,64,57,5,29,11,19,10,8,3,3,8,7,3,13,0,3,1,2,31,21,10,55,27,28,3,1,2,25,11,14,4,3,1
58894601,315,167,148,21,124,19,27,19,14,9,4,13,23,14,14,2,16,9,7,133,85,48,100,43,57,11,0,11,44,22,22,11,8,3
58895401,33,14,19,2,10,3,5,1,0,2,0,3,0,2,4,0,3,2,1,11,7,4,14,3,11,0,0,0,5,2,3,0,0,0
58895403,287,158,129,16,99,18,27,17,6,4,1,17,22,15,34,4,9,5,4,127,88,39,99,43,56,5,0,5,39,20,19,8,2,6
58896201,21,10,11,2,4,4,2,0,4,0,0,0,1,1,2,0,0,0,0,14,7,7,1,1,0,0,0,0,6,2,4,0,0,0
58896202,240,141,99,18,69,33,21,12,13,3,2,16,13,12,20,1,7,3,4,104,68,36,80,43,37,2,1,1,35,16,19,12,10,2
58897101,304,172,132,10,118,30,26,13,7,5,4,16,25,22,17,3,9,5,4,123,81,42,111,59,52,9,4,5,50,22,28,2,1,1
58898901,199,110,89,20,64,17,17,13,3,3,5,6,12,13,19,1,3,2,1,75,48,27,83,40,43,2,1,1,26,11,15,10,8,2
58899701,12,7,5,3,2,1,0,0,0,0,0,1,0,1,2,0,1,1,0,5,4,1,3,1,2,1,0,1,2,1,1,0,0,0
58899702,294,160,134,9,94,31,26,15,11,6,3,16,22,23,21,1,8,2,6,114,72,42,98,50,48,4,0,4,66,33,33,4,3,1
58900401,65,39,26,2,26,7,5,5,3,0,0,4,1,6,5,0,4,2,2,32,22,10,18,11,7,0,0,0,10,4,6,1,0,1
58900402,38,24,14,3,10,2,3,5,0,0,1,1,5,2,4,0,2,2,0,15,10,5,17,12,5,0,0,0,4,0,4,0,0,0
58900403,59,30,29,3,28,7,5,0,1,0,0,4,4,4,2,0,5,3,2,26,12,14,21,12,9,0,0,0,5,2,3,2,1,1
58903901,271,151,120,19,54,23,32,11,16,9,1,15,11,47,23,3,14,7,7,97,65,32,87,49,38,4,2,2,54,21,33,15,7,8
58904701,136,83,53,9,58,8,11,8,11,2,1,1,9,8,4,1,7,4,3,60,38,22,42,25,17,1,1,0,20,9,11,6,6,0
58905501,82,50,32,2,43,7,10,2,0,1,0,2,5,0,8,0,5,5,0,35,23,12,28,14,14,1,1,0,6,2,4,7,5,2
55718801,163,91,72,9,42,21,12,7,3,4,1,15,13,9,22,1,5,1,4,59,41,18,59,28,31,3,1,2,26,13,13,11,7,4
58908001,136,76,60,12,40,13,13,11,3,1,1,4,4,8,18,4,10,8,2,67,42,25,33,13,20,5,0,5,9,4,5,12,9,3
58908002,61,33,28,4,17,4,2,6,2,1,0,5,3,5,10,0,2,1,1,22,17,5,30,13,17,1,1,0,5,0,5,1,1,0
58909801,110,66,44,12,32,11,8,6,0,3,1,5,17,4,7,1,8,5,3,37,26,11,36,24,12,3,0,3,26,11,15,0,0,0
58909802,14,7,7,0,6,1,1,1,0,0,0,2,1,1,1,0,0,0,0,6,3,3,6,3,3,0,0,0,1,0,1,1,1,0
58911001,77,41,36,6,24,9,9,2,0,1,2,2,5,0,15,0,6,2,4,31,21,10,26,11,15,1,0,1,7,3,4,6,4,2
58912801,175,94,81,12,56,22,22,5,3,5,1,10,14,9,12,0,4,3,1,80,47,33,57,29,28,5,0,5,23,10,13,6,5,1
58912802,33,18,15,1,11,3,2,3,0,1,0,2,2,4,3,0,1,1,0,14,9,5,14,7,7,0,0,0,2,0,2,2,1,1
58913601,195,123,72,19,60,26,13,7,5,5,0,4,17,12,22,4,4,3,1,88,62,26,62,36,26,2,1,1,34,17,17,5,4,1
54239301,95,51,44,13,33,7,5,3,0,1,3,6,8,5,7,0,3,1,2,37,27,10,35,14,21,1,0,1,18,8,10,1,1,0
58915201,151,91,60,18,50,13,19,16,4,1,0,7,7,7,3,2,5,2,3,78,55,23,49,25,24,3,2,1,15,6,9,1,1,0
58916101,14,7,7,0,8,0,1,2,1,0,0,0,0,1,1,0,0,0,0,4,2,2,8,4,4,0,0,0,1,1,0,1,0,1
58916102,310,162,148,29,112,23,33,15,5,1,4,20,22,17,18,1,20,9,11,134,77,57,98,39,59,3,0,3,37,22,15,18,15,3
58725701,73,44,29,8,19,3,7,8,1,1,1,6,7,9,0,0,2,1,1,19,16,3,26,15,11,0,0,0,26,12,14,0,0,0
58918701,84,51,33,3,36,8,7,4,2,1,3,2,5,3,8,1,3,2,1,36,24,12,28,17,11,1,0,1,12,5,7,4,3,1
58918702,536,289,247,29,190,48,55,18,14,5,7,17,26,32,77,4,23,9,14,220,137,83,185,85,100,11,4,7,66,34,32,31,20,11
58919501,73,43,30,8,30,7,6,1,2,1,0,0,2,5,7,0,7,5,2,40,23,17,20,12,8,1,0,1,5,3,2,0,0,0
58919502,111,65,46,8,37,9,13,7,2,0,2,5,11,4,9,0,6,3,3,52,36,16,34,19,15,2,2,0,12,2,10,5,3,2
58919503,56,29,27,5,15,8,3,0,3,2,1,2,4,4,8,0,0,0,0,25,14,11,16,6,10,0,0,0,12,7,5,3,2,1
58919505,79,47,32,6,23,9,9,6,2,1,0,3,5,6,8,0,5,1,4,37,26,11,22,12,10,3,2,1,11,5,6,1,1,0
58919506,623,348,275,23,226,54,64,37,16,6,7,28,32,34,78,6,34,19,15,267,178,89,210,110,100,14,1,13,71,26,45,27,14,13
58921701,72,44,28,5,21,4,7,6,1,0,0,7,6,5,8,0,7,3,4,38,28,10,14,7,7,3,1,2,10,5,5,0,0,0
58921702,219,118,101,17,63,18,26,10,2,2,3,15,13,11,21,0,12,5,7,76,46,30,86,47,39,6,1,5,29,12,17,10,7,3
58922501,274,152,122,32,85,28,29,24,5,2,1,7,13,17,26,2,4,4,0,121,80,41,91,43,48,7,3,4,48,21,27,3,1,2
58923301,410,229,181,24,134,40,47,22,17,6,3,33,15,24,27,0,24,17,7,150,94,56,155,80,75,7,1,6,67,33,34,7,4,3
59201301,920,502,418,19,437,67,101,44,17,16,7,61,29,48,36,9,53,22,31,371,241,130,303,144,159,15,8,7,137,62,75,41,25,16
59202101,1002,571,431,35,368,98,117,52,23,25,17,49,46,72,68,4,37,18,19,372,256,116,368,179,189,13,5,8,174,88,86,38,25,13
59203001,759,433,326,20,299,63,83,36,31,18,1,40,39,43,50,4,29,17,12,305,193,112,249,131,118,8,1,7,140,69,71,28,22,6
59203002,179,98,81,10,64,15,10,5,2,5,3,18,12,12,15,3,12,5,7,59,43,16,56,25,31,4,0,4,46,23,23,2,2,0
59204801,156,94,62,7,79,14,11,11,2,2,0,7,8,6,4,3,8,5,3,92,62,30,40,20,20,1,0,1,10,4,6,5,3,2
59204802,107,59,48,9,49,9,5,9,5,2,2,3,3,6,3,0,2,2,0,59,38,21,31,12,19,1,0,1,9,2,7,5,5,0
59204803,65,40,25,5,25,2,7,1,1,0,0,7,5,1,7,1,2,2,0,23,14,9,26,15,11,2,1,1,12,8,4,0,0,0
59204804,529,294,235,15,238,33,55,21,13,9,6,36,21,40,24,5,21,11,10,191,124,67,199,99,100,10,4,6,92,47,45,16,9,7
59204806,113,66,47,6,57,4,9,2,2,2,2,7,3,6,9,1,11,5,6,33,21,12,41,26,15,1,0,1,22,10,12,5,4,1
59204808,851,475,376,28,381,66,81,30,34,4,5,53,33,63,47,4,40,22,18,328,209,119,286,151,135,10,3,7,139,54,85,48,36,12
59204809,260,149,111,3,130,14,22,9,11,3,2,13,11,27,12,1,14,5,9,97,70,27,83,45,38,4,2,2,52,21,31,10,6,4
59206401,1052,598,454,40,413,86,106,59,24,22,10,75,35,59,89,10,41,18,23,390,264,126,386,192,194,17,8,9,184,97,87,34,19,15
59205601,378,202,176,22,179,29,41,15,3,3,2,20,14,21,25,1,23,11,12,163,101,62,133,56,77,2,1,1,46,26,20,11,7,4
59207201,357,203,154,22,114,40,36,26,12,4,3,18,15,25,36,0,13,9,4,149,105,44,114,49,65,5,0,5,66,35,31,10,5,5
59207202,58,33,25,7,19,2,7,3,0,2,0,1,1,4,8,0,0,0,0,22,14,8,18,11,7,2,1,1,14,5,9,2,2,0
59208101,835,480,355,10,305,75,119,43,20,28,10,64,36,45,46,5,35,16,19,299,209,90,290,150,140,12,3,9,171,85,86,28,17,11
59209901,403,239,164,19,143,70,38,30,13,4,1,19,16,26,8,5,27,8,19,185,129,56,127,66,61,2,0,2,47,26,21,15,10,5
59210201,11,7,4,4,2,0,2,1,1,0,0,1,0,0,0,0,1,1,0,6,5,1,4,1,3,0,0,0,0,0,0,0,0,0
59210202,24,15,9,2,6,2,2,1,5,0,0,1,1,2,1,0,0,0,0,15,12,3,5,1,4,1,0,1,3,2,1,0,0,0
59210203,28,18,10,1,10,2,1,0,0,1,0,2,2,4,4,0,0,0,0,6,4,2,11,7,4,1,0,1,9,6,3,1,1,0
59210204,24,14,10,0,4,1,3,0,2,1,1,2,1,1,6,0,0,0,0,4,4,0,7,3,4,0,0,0,12,6,6,1,1,0
59210205,849,473,376,36,259,62,88,58,30,19,8,71,51,40,85,10,27,15,12,291,193,98,321,159,162,11,5,6,175,87,88,24,14,10
59210206,130,71,59,8,37,11,16,3,9,4,3,10,6,10,12,0,7,1,6,40,29,11,47,24,23,3,0,3,32,16,16,1,1,0
59211101,339,201,138,18,115,30,30,25,10,6,6,23,19,27,19,2,12,7,5,147,95,52,110,61,49,5,2,3,56,28,28,9,8,1
59211102,12,8,4,0,7,3,0,0,0,0,0,1,1,0,0,0,0,0,0,7,5,2,4,2,2,0,0,0,1,1,0,0,0,0
59213701,189,105,84,6,95,15,22,10,3,3,3,5,9,9,7,0,8,1,7,85,58,27,64,33,31,2,1,1,25,9,16,5,3,2
59214501,1341,776,565,54,585,158,117,41,40,31,12,64,44,78,78,7,45,27,18,624,400,224,429,232,197,14,4,10,182,83,99,47,30,17
59215301,250,141,109,12,114,19,30,8,6,4,1,8,14,19,9,1,10,6,4,107,70,37,91,46,45,2,0,2,36,19,17,4,0,4
59217002,2039,1154,885,79,937,151,194,101,60,31,17,114,80,103,99,14,87,37,50,795,527,268,709,343,366,20,9,11,335,165,170,93,73,20
59218801,384,222,162,36,165,30,40,16,9,7,4,13,6,23,20,5,9,4,5,173,113,60,139,73,66,5,2,3,46,24,22,12,6,6
59219601,15,10,5,2,4,2,1,1,0,0,1,1,0,1,0,0,4,3,1,4,2,2,5,4,1,0,0,0,2,1,1,0,0,0
55073601,95,58,37,5,35,5,12,7,3,2,0,6,7,4,5,0,2,1,1,40,26,14,31,18,13,3,0,3,17,12,5,2,1,1
59220001,307,171,136,7,147,23,35,17,4,1,0,8,17,10,22,2,15,6,9,136,89,47,100,44,56,4,0,4,45,28,17,7,4,3
59220002,123,69,54,2,60,6,5,5,2,2,3,11,4,9,8,2,5,3,2,34,24,10,60,30,30,0,0,0,22,10,12,2,2,0
59221801,490,259,231,23,195,26,55,26,8,7,4,30,24,38,31,3,22,12,10,157,107,50,188,80,108,6,0,6,103,52,51,14,8,6
59222601,810,463,347,41,310,84,79,39,19,12,10,50,38,47,56,4,32,17,15,367,247,120,260,126,134,9,3,6,123,60,63,19,10,9
59223401,205,124,81,14,88,14,20,8,6,5,1,12,12,8,12,2,9,3,6,106,75,31,51,25,26,1,0,1,23,12,11,15,9,6
59226901,535,298,237,14,218,34,52,10,12,19,9,40,23,31,46,3,16,8,8,158,103,55,203,109,94,5,3,2,130,62,68,23,13,10
59227701,251,138,113,19,103,19,21,16,6,0,2,13,16,20,10,2,6,4,2,97,64,33,95,42,53,2,1,1,39,19,20,12,8,4
59228501,415,247,168,24,180,44,40,22,10,4,8,18,9,24,22,1,23,10,13,195,140,55,129,67,62,3,1,2,49,19,30,16,10,6
59229301,412,233,179,17,170,26,43,30,5,8,7,31,9,20,35,2,30,14,16,145,102,43,150,72,78,8,4,4,60,29,31,19,12,7
59230701,18,10,8,0,3,2,1,2,1,0,1,2,1,0,1,1,0,0,0,9,6,3,7,3,4,0,0,0,1,0,1,1,1,0
59230703,174,105,69,7,77,16,18,4,6,0,2,9,9,6,10,2,7,3,4,88,64,24,47,19,28,2,2,0,20,10,10,10,7,3
59232301,76,41,35,2,28,1,17,0,3,1,0,6,1,5,8,0,5,4,1,27,14,13,25,14,11,1,0,1,16,8,8,2,1,1
59232302,389,224,165,9,164,40,52,8,6,11,5,25,20,16,24,2,13,8,5,151,100,51,134,73,61,5,0,5,62,26,36,24,17,7
3044330,0,0,0,0,0,0,0,0,0,0,0,0,0,0,0,0,0,0,0,0,0,0,0,0,0,0,0,0,0,0,0,0,0,0
55074401,1305,725,580,25,524,59,130,88,43,20,23,97,57,96,93,6,36,19,17,467,305,162,484,237,247,12,3,9,279,144,135,27,17,10
55074402,22,15,7,0,19,0,0,1,0,0,0,1,0,0,1,0,1,0,1,3,3,0,10,6,4,3,2,1,3,2,1,2,2,0
55074403,1198,653,545,25,423,69,163,48,31,30,21,108,58,77,84,17,39,18,21,360,228,132,426,210,216,15,4,11,302,155,147,56,38,18
55074404,27,18,9,3,9,5,2,0,3,0,0,3,1,0,0,1,8,4,4,7,5,2,0,0,0,0,0,0,0,0,0,12,9,3
59234002,108,67,41,14,36,18,6,3,3,3,0,10,4,6,2,2,8,3,5,51,36,15,22,12,10,1,0,1,19,10,9,7,6,1
59236601,226,129,97,10,89,22,20,16,5,2,3,14,10,8,19,3,9,6,3,116,71,45,64,33,31,3,1,2,23,12,11,11,6,5
0960910,0,0,0,0,0,0,0,0,0,0,0,0,0,0,0,0,0,0,0,0,0,0,0,0,0,0,0,0,0,0,0,0,0,0
59238201,77,47,30,2,44,8,3,3,0,0,0,4,2,2,5,1,4,2,2,38,23,15,21,14,7,1,1,0,11,6,5,2,1,1
59238202,514,296,218,24,206,47,49,27,16,9,11,25,24,29,31,5,20,12,8,220,142,78,176,94,82,7,3,4,79,36,43,12,9,3
59239101,333,181,152,17,88,28,26,8,16,11,6,31,23,26,32,3,16,3,13,110,76,34,111,56,55,7,2,5,76,37,39,13,7,6
59240401,377,213,164,10,177,25,35,23,3,7,1,19,25,16,21,2,18,5,13,171,117,54,109,54,55,7,3,4,58,24,34,14,10,4
59241201,770,426,344,39,314,56,67,44,24,10,15,59,29,39,49,2,24,12,12,343,223,120,257,120,137,8,5,3,120,53,67,18,13,5
59242101,301,173,128,14,105,27,36,13,8,4,3,18,12,17,35,2,6,1,5,129,86,43,101,55,46,6,2,4,42,18,24,17,11,6
59243901,1593,883,710,74,637,104,186,61,40,30,25,93,72,110,108,7,47,17,30,554,377,177,599,297,302,30,9,21,299,143,156,64,40,24
59244701,388,212,176,18,149,38,42,28,16,6,5,17,17,18,19,5,22,4,18,165,103,62,141,75,66,8,1,7,41,23,18,11,6,5
59245501,679,384,295,43,311,47,61,42,16,12,8,37,29,33,27,2,38,12,26,307,202,105,209,105,104,5,0,5,102,50,52,18,15,3
1161900,0,0,0,0,0,0,0,0,0,0,0,0,0,0,0,0,0,0,0,0,0,0,0,0,0,0,0,0,0,0,0,0,0,0
59246301,372,212,160,10,151,22,46,15,8,9,3,17,15,31,32,2,12,8,4,124,91,33,140,73,67,8,4,4,76,32,44,12,4,8
59246303,1186,655,531,33,462,94,129,60,46,22,21,69,50,67,81,9,50,29,21,482,310,172,394,195,199,15,2,13,210,98,112,35,21,14
59247101,56,33,23,5,15,2,6,2,7,2,0,5,5,4,0,1,5,2,3,13,8,5,24,16,8,1,0,1,13,7,6,0,0,0
59247102,362,208,154,18,125,27,41,29,7,2,4,26,19,28,28,3,14,7,7,147,97,50,122,67,55,6,2,4,60,27,33,13,8,5
59248001,341,199,142,10,118,45,40,15,9,6,5,24,16,30,9,4,8,1,7,137,102,35,115,59,56,5,0,5,60,28,32,16,9,7
59249801,11,6,5,4,1,1,0,1,1,0,0,2,0,1,0,0,1,0,1,6,5,1,3,0,3,0,0,0,1,1,0,0,0,0
59249802,420,242,178,13,197,32,32,24,14,5,4,27,15,29,20,2,17,5,12,201,141,60,136,62,74,6,2,4,53,28,25,7,4,3
59250101,440,243,197,15,168,28,51,33,10,12,9,29,11,23,39,3,8,3,5,196,135,61,149,61,88,4,1,3,71,32,39,12,11,1
59251001,935,507,428,57,300,79,117,41,20,24,14,61,47,66,68,1,43,22,21,327,206,121,323,154,169,9,2,7,201,104,97,32,19,13
59252801,500,278,222,14,216,39,55,32,8,5,6,32,18,26,36,0,19,5,14,207,135,72,178,91,87,5,1,4,74,35,39,17,11,6
59253601,347,189,158,14,138,27,38,16,6,13,0,19,12,38,16,0,9,3,6,124,85,39,129,61,68,4,1,3,63,32,31,18,7,11
59253602,49,29,20,1,20,3,5,4,0,1,2,3,1,3,4,0,3,1,2,18,14,4,17,9,8,1,0,1,7,4,3,3,1,2
59253603,85,45,40,2,37,5,7,2,2,1,2,8,5,9,4,0,1,0,1,23,16,7,30,16,14,4,1,3,27,12,15,0,0,0
59255201,205,136,69,8,63,14,21,49,3,3,1,12,9,6,9,2,8,4,4,68,48,20,60,36,24,2,1,1,27,9,18,40,38,2
59256101,189,120,69,9,65,15,19,16,3,3,5,13,8,9,19,0,6,2,4,75,55,20,66,37,29,2,0,2,31,20,11,9,6,3
59257901,311,177,134,30,142,18,34,14,9,1,3,12,11,17,10,1,10,5,5,139,95,44,102,51,51,0,0,0,40,15,25,20,11,9
59258701,67,40,27,5,10,6,4,8,9,1,0,7,3,6,5,1,4,0,4,22,16,6,20,10,10,2,1,1,11,6,5,8,7,1
55075201,33,19,14,0,12,0,2,4,3,0,0,6,0,2,3,0,3,1,2,17,12,5,8,5,3,2,0,2,3,1,2,0,0,0
55075202,52,31,21,1,19,3,7,1,4,5,1,2,4,1,3,1,2,1,1,17,14,3,19,8,11,1,1,0,10,5,5,3,2,1
55075203,1269,667,602,27,436,86,149,54,40,29,14,99,68,100,96,10,54,22,32,384,247,137,470,221,249,17,5,12,305,151,154,39,21,18
55075204,1863,1025,838,38,656,138,224,73,55,39,22,146,75,166,152,12,81,36,45,540,361,179,691,349,342,31,4,27,460,230,230,60,45,15
55075205,21,16,5,0,12,4,3,1,0,0,0,1,0,0,0,0,6,5,1,10,8,2,1,0,1,0,0,0,4,3,1,0,0,0
55075208,16,9,7,0,6,1,1,2,2,0,0,1,0,0,1,0,3,1,2,7,5,2,5,3,2,1,0,1,0,0,0,0,0,0
59260901,14,10,4,4,2,2,1,0,0,0,0,1,2,2,0,0,2,1,1,5,5,0,4,2,2,0,0,0,3,2,1,0,0,0
59260902,350,196,154,20,121,30,25,18,24,7,5,17,27,19,22,2,16,7,9,137,86,51,134,66,68,5,3,2,40,21,19,18,13,5
59261701,1007,573,434,33,354,125,103,38,32,35,11,49,69,69,58,8,45,16,29,415,287,128,333,174,159,16,7,9,164,73,91,34,16,18
59261702,516,290,226,12,217,51,37,28,10,13,5,29,37,27,34,7,22,7,15,189,117,72,186,108,78,8,0,8,89,42,47,22,16,6
59262501,161,90,71,15,64,14,20,8,2,3,1,2,4,15,7,2,4,1,3,74,47,27,55,29,26,2,0,2,22,12,10,4,1,3
59262502,15,13,2,6,2,2,1,1,0,0,0,0,0,3,0,0,1,1,0,3,3,0,8,6,2,0,0,0,3,3,0,0,0,0
59263301,73,46,27,6,25,2,7,5,6,0,1,6,6,3,4,1,5,3,2,25,18,7,30,17,13,0,0,0,11,6,5,2,2,0
59264101,491,285,206,28,165,60,46,26,10,12,5,17,25,49,29,1,17,8,9,210,150,60,157,78,79,5,1,4,85,38,47,17,10,7
59265001,297,169,128,2,127,24,24,13,4,6,5,21,22,18,25,1,13,5,8,84,59,25,122,59,63,2,0,2,63,37,26,13,9,4
59265002,27,19,8,1,12,0,4,2,0,0,1,2,1,2,1,1,1,1,0,8,5,3,11,9,2,0,0,0,4,2,2,3,2,1
59266801,114,63,51,7,51,8,7,10,3,1,1,5,8,3,4,0,4,2,2,53,36,17,38,16,22,0,0,0,16,6,10,3,3,0
59267601,768,415,353,24,257,96,93,28,21,8,18,49,31,52,62,4,22,12,10,267,169,98,287,137,150,14,7,7,144,67,77,34,23,11
59269201,797,464,333,25,352,61,81,66,20,16,7,50,28,43,29,4,33,16,17,340,216,124,249,130,119,12,6,6,124,62,62,39,34,5
59270601,572,322,250,14,240,55,63,27,10,8,7,35,24,39,30,3,26,12,14,253,173,80,178,79,99,6,1,5,88,42,46,21,15,6
59271401,113,67,46,9,40,13,7,10,3,0,0,10,5,4,5,2,6,3,3,51,35,16,35,18,17,3,1,2,16,9,7,2,1,1
59272201,537,304,233,15,216,32,47,33,13,11,9,41,23,36,44,5,19,11,8,204,140,64,174,82,92,9,2,7,111,54,57,20,15,5
1729010,0,0,0,0,0,0,0,0,0,0,0,0,0,0,0,0,0,0,0,0,0,0,0,0,0,0,0,0,0,0,0,0,0,0
1729440,0,0,0,0,0,0,0,0,0,0,0,0,0,0,0,0,0,0,0,0,0,0,0,0,0,0,0,0,0,0,0,0,0,0
59200501,1158,625,533,13,457,93,135,50,35,24,19,90,43,68,72,11,44,24,20,423,249,174,410,206,204,15,8,7,236,122,114,30,16,14
59200502,433,240,193,7,153,36,55,28,11,7,7,27,23,21,31,2,12,7,5,156,91,65,169,91,78,3,1,2,89,47,42,4,3,1
59200503,522,278,244,0,159,40,65,29,25,17,9,34,27,45,47,3,24,13,11,155,95,60,188,92,96,7,3,4,138,68,70,10,7,3
59200504,336,191,145,2,110,20,45,19,10,12,13,23,14,17,26,0,7,4,3,56,35,21,148,88,60,5,0,5,114,60,54,6,4,2
59200505,1625,831,794,20,556,79,194,88,53,43,29,136,93,124,142,5,63,30,33,457,256,201,630,323,307,33,9,24,407,193,214,35,20,15
59200506,1844,1009,835,34,508,104,238,63,51,64,40,205,88,178,183,9,48,26,22,329,208,121,660,344,316,19,10,9,746,399,347,42,22,20
59200507,339,179,160,4,127,14,41,15,11,14,8,29,12,21,26,1,6,3,3,74,46,28,114,55,59,3,1,2,130,66,64,12,8,4
59200508,32,21,11,1,15,2,2,0,2,1,1,2,1,2,3,0,2,2,0,6,3,3,14,11,3,0,0,0,9,5,4,1,0,1
59200509,310,168,142,4,115,23,32,12,9,5,1,34,14,11,27,2,15,7,8,104,66,38,108,55,53,6,1,5,62,30,32,15,9,6
59200510,136,72,64,5,28,6,18,8,2,1,2,19,8,17,14,0,3,3,0,29,21,8,47,22,25,2,0,2,54,26,28,1,0,1
59200511,1204,654,550,13,343,58,119,56,63,16,20,134,62,114,107,19,90,42,48,302,182,120,389,201,188,16,9,7,322,154,168,85,66,19
59200512,173,83,90,0,45,3,19,13,3,3,5,14,11,11,38,1,6,2,4,37,20,17,70,32,38,3,0,3,55,28,27,2,1,1
59200513,462,227,235,8,146,21,51,23,13,8,3,38,25,42,65,1,34,17,17,128,70,58,158,70,88,4,1,3,133,67,66,5,2,3
59200514,207,105,102,3,64,8,23,11,7,5,5,13,9,26,22,0,11,5,6,56,33,23,83,38,45,4,1,3,49,25,24,4,3,1
59200515,35,28,7,1,0,0,1,22,0,0,1,1,1,1,6,0,1,1,0,2,1,1,12,9,3,1,0,1,3,2,1,16,15,1
59200516,8,4,4,0,3,0,1,1,0,0,0,0,0,2,1,0,2,1,1,2,2,0,2,0,2,0,0,0,2,1,1,0,0,0
59200517,1520,788,732,29,504,71,149,73,71,33,30,146,61,106,158,9,88,37,51,421,248,173,585,281,304,26,7,19,351,181,170,49,34,15
59200518,623,334,289,9,177,27,75,39,17,17,10,61,40,48,69,5,34,16,18,159,91,68,223,115,108,9,4,5,176,91,85,22,17,5
59200519,1026,543,483,14,354,61,108,57,45,25,20,83,38,76,100,7,63,33,30,316,184,132,370,178,192,12,4,8,231,123,108,34,21,13
59200520,373,202,171,7,119,26,52,15,18,9,6,38,23,19,25,1,21,9,12,137,85,52,118,55,63,8,2,6,72,39,33,17,12,5
59200521,447,222,225,3,123,19,52,20,27,8,14,44,17,46,48,5,20,12,8,126,69,57,153,71,82,8,2,6,128,61,67,12,7,5
1730370,0,0,0,0,0,0,0,0,0,0,0,0,0,0,0,0,0,0,0,0,0,0,0,0,0,0,0,0,0,0,0,0,0,0
1731000,0,0,0,0,0,0,0,0,0,0,0,0,0,0,0,0,0,0,0,0,0,0,0,0,0,0,0,0,0,0,0,0,0,0
59273101,37,16,21,0,14,3,2,1,2,0,1,4,3,4,3,0,0,0,0,13,5,8,16,8,8,0,0,0,8,3,5,0,0,0
59273102,392,217,175,7,166,18,52,13,6,6,3,18,29,30,26,3,5,3,2,149,101,48,157,76,81,2,0,2,72,35,37,7,2,5
59273104,11,7,4,0,3,3,2,1,0,0,0,0,1,0,0,0,0,0,0,5,3,2,5,3,2,0,0,0,1,1,0,0,0,0
59273105,117,64,53,0,54,7,13,4,3,1,4,5,3,7,10,0,3,1,2,47,27,20,39,20,19,0,0,0,28,16,12,0,0,0
59273106,364,211,153,3,153,28,41,25,14,8,5,26,16,13,23,1,17,10,7,146,93,53,128,65,63,4,0,4,64,39,25,5,4,1
59273107,497,288,209,11,190,47,64,20,8,10,5,36,14,35,34,4,18,8,10,192,126,66,170,98,72,6,4,2,96,45,51,15,7,8
59273108,15,10,5,1,8,1,1,2,0,0,0,0,1,0,1,0,1,0,1,6,5,1,2,2,0,0,0,0,4,2,2,2,1,1
59273110,43,25,18,1,14,3,4,5,3,2,1,2,3,3,0,0,1,0,1,13,10,3,16,7,9,1,1,0,11,6,5,1,1,0
59273112,460,232,228,9,129,29,56,16,11,15,8,51,28,45,39,2,20,4,16,125,78,47,153,72,81,10,3,7,139,68,71,13,7,6
59273113,1998,1066,932,24,768,124,251,96,74,33,23,172,78,134,135,19,95,49,46,678,424,254,717,339,378,20,4,16,385,190,195,103,60,43
59273114,1088,618,470,20,350,80,145,54,36,26,19,91,55,80,64,11,66,40,26,327,207,120,387,201,186,18,5,13,243,126,117,47,39,8
59273115,490,269,221,9,178,37,56,20,17,8,5,38,21,40,40,2,23,13,10,147,94,53,182,78,104,9,2,7,107,66,41,22,16,6
59273117,1115,610,505,21,451,62,142,51,25,21,14,77,51,80,77,4,47,29,18,392,239,153,408,209,199,10,2,8,238,117,121,20,14,6
59273119,1267,698,569,25,426,73,162,46,33,44,24,108,55,125,97,6,27,9,18,297,189,108,470,247,223,17,7,10,412,214,198,44,32,12
59273120,38,29,9,3,21,2,3,2,1,0,0,3,0,0,0,2,10,6,4,13,13,0,9,6,3,2,2,0,1,1,0,3,1,2
59274901,238,129,109,10,95,19,28,9,10,2,2,14,4,13,21,2,15,4,11,93,61,32,87,46,41,5,1,4,34,15,19,4,2,2
59274902,1189,650,539,39,500,78,121,70,25,18,9,87,52,81,67,10,53,23,30,438,277,161,425,217,208,10,6,4,229,109,120,34,18,16
59274903,514,298,216,19,212,43,53,24,15,12,7,38,19,28,27,2,26,13,13,186,126,60,170,90,80,12,6,6,86,35,51,34,28,6
59275701,107,67,40,5,31,9,17,9,2,2,2,4,7,4,14,1,3,2,1,47,31,16,34,20,14,0,0,0,16,8,8,7,6,1
59277301,24,14,10,5,4,3,2,2,0,1,0,0,4,1,1,1,3,1,2,11,8,3,3,0,3,0,0,0,7,5,2,0,0,0
59277303,23,13,10,6,10,1,1,0,1,0,0,3,0,0,0,0,2,0,2,12,9,3,7,3,4,0,0,0,1,0,1,1,1,0
59277304,39,22,17,5,12,3,1,0,1,1,0,1,3,6,4,1,4,3,1,8,4,4,15,9,6,0,0,0,9,4,5,3,2,1
59278101,192,109,83,14,67,19,18,8,1,5,1,20,11,12,13,0,4,3,1,76,50,26,66,31,35,4,0,4,35,20,15,7,5,2
59279001,482,260,222,20,125,21,46,23,30,7,5,20,20,53,86,2,10,8,2,172,114,58,158,69,89,8,2,6,124,65,59,10,2,8
59280301,258,152,106,7,115,24,21,16,4,5,1,20,8,14,17,0,4,2,2,113,76,37,85,46,39,4,1,3,43,25,18,9,2,7
59282001,1383,774,609,60,539,105,150,69,43,22,13,86,59,78,98,7,36,16,20,556,346,210,498,265,233,19,7,12,225,106,119,49,34,15
59283801,38,25,13,11,10,3,2,0,3,1,0,1,2,3,1,0,1,1,0,18,15,3,7,5,2,0,0,0,5,2,3,7,2,5
59283802,11,6,5,2,2,1,2,0,0,2,0,1,0,1,0,0,0,0,0,4,2,2,3,2,1,0,0,0,4,2,2,0,0,0
59283803,8,6,2,3,2,1,0,1,1,0,0,0,0,0,0,0,1,1,0,5,4,1,1,0,1,0,0,0,0,0,0,1,1,0
59284601,470,272,198,23,201,43,35,30,4,5,3,24,18,43,31,1,12,5,7,195,132,63,170,92,78,4,2,2,79,35,44,10,6,4
59285401,145,84,61,8,46,16,16,4,2,1,3,16,6,11,9,4,4,2,2,61,41,20,45,26,19,3,1,2,26,12,14,6,2,4
59286201,768,436,332,34,289,55,97,46,20,11,10,49,31,47,61,3,18,8,10,306,206,100,281,138,143,7,1,6,137,70,67,19,13,6
59287102,19,10,9,4,5,1,3,1,3,1,0,1,0,0,0,0,0,0,0,9,6,3,8,3,5,0,0,0,2,1,1,0,0,0
59287105,47,32,15,7,18,5,0,1,2,2,0,3,3,2,2,2,3,1,2,28,20,8,8,4,4,0,0,0,7,6,1,1,1,0
54164801,25,20,5,1,13,2,3,3,1,1,0,0,0,0,1,0,1,1,0,13,9,4,6,6,0,0,0,0,3,2,1,2,2,0
54164802,448,261,187,15,181,44,29,33,16,6,3,23,22,31,27,5,36,22,14,183,127,56,150,72,78,2,0,2,62,30,32,15,10,5
54171101,49,30,19,5,13,1,2,0,11,0,1,6,2,0,5,0,1,1,0,16,11,5,17,9,8,1,0,1,13,8,5,1,1,0
54171102,84,49,35,6,31,7,4,2,1,2,1,6,10,5,7,0,1,1,0,21,14,7,33,20,13,2,1,1,24,12,12,3,1,2
54171103,18,8,10,0,6,4,3,0,1,0,0,3,0,1,0,0,0,0,0,6,5,1,9,2,7,0,0,0,2,0,2,1,1,0
54171104,327,185,142,12,111,35,35,20,12,5,6,27,11,24,17,2,14,8,6,130,84,46,112,62,50,3,2,1,60,23,37,8,6,2
0285680,0,0,0,0,0,0,0,0,0,0,0,0,0,0,0,0,0,0,0,0,0,0,0,0,0,0,0,0,0,0,0,0,0,0
54180001,17,10,7,0,9,3,1,1,1,0,0,1,0,0,1,0,0,0,0,7,3,4,8,6,2,1,0,1,1,1,0,0,0,0
54180002,32,16,16,1,7,1,2,3,2,1,3,4,1,3,0,2,0,0,0,9,8,1,15,3,12,0,0,0,8,5,3,0,0,0
54180003,9,5,4,1,1,3,1,1,1,0,0,0,0,0,0,1,0,0,0,4,2,2,5,3,2,0,0,0,0,0,0,0,0,0
54180004,804,451,353,39,333,79,65,28,44,15,5,31,35,58,39,5,31,15,16,302,195,107,275,141,134,15,3,12,139,72,67,42,25,17
54180006,14,9,5,1,6,0,0,1,0,0,0,2,1,2,1,0,0,0,0,6,6,0,5,2,3,0,0,0,3,1,2,0,0,0
54264402,39,23,16,0,17,4,4,2,2,0,0,3,1,3,1,0,0,0,0,14,10,4,21,11,10,1,1,0,1,0,1,2,1,1
54264403,670,378,292,25,331,81,54,29,15,7,5,19,28,43,17,6,19,11,8,320,204,116,210,103,107,10,2,8,95,46,49,16,12,4
54264404,33,21,12,3,6,5,1,1,5,0,1,1,2,2,2,2,2,1,1,14,10,4,8,6,2,0,0,0,6,3,3,3,1,2
54267901,578,300,278,14,243,46,57,22,27,8,8,23,26,29,48,4,23,12,11,219,133,86,227,106,121,6,2,4,75,31,44,28,16,12
54267902,103,55,48,3,34,9,10,4,3,0,0,8,6,9,11,4,7,3,4,36,26,10,36,17,19,1,0,1,22,8,14,1,1,0
54267903,95,49,46,6,47,7,5,4,1,1,0,9,4,4,5,0,5,4,1,46,27,19,30,12,18,1,0,1,11,4,7,2,2,0
54267904,48,26,22,7,19,4,5,0,5,0,0,1,0,4,1,1,5,2,3,29,20,9,13,4,9,0,0,0,1,0,1,0,0,0
54267905,29,20,9,1,9,3,3,1,1,0,0,4,1,3,2,1,0,0,0,17,12,5,11,7,4,0,0,0,1,1,0,0,0,0
54267906,52,33,19,6,16,3,4,6,1,0,1,2,2,3,5,2,2,2,0,27,19,8,16,7,9,0,0,0,6,4,2,1,1,0
54267907,39,22,17,3,10,6,2,3,1,0,0,3,1,1,7,2,0,0,0,19,12,7,14,7,7,0,0,0,5,2,3,1,1,0
54267908,117,63,54,2,59,9,8,5,1,2,0,4,8,11,8,0,6,5,1,53,38,15,40,15,25,0,0,0,15,4,11,3,1,2
54267909,59,32,27,3,16,6,9,4,4,0,1,5,3,3,3,1,0,0,0,24,16,8,22,8,14,0,0,0,5,2,3,8,6,2
54268702,69,34,35,6,28,2,5,4,9,0,0,6,0,3,4,2,6,2,4,28,17,11,23,9,14,2,0,2,7,5,2,3,1,2
54268703,9,5,4,2,2,2,1,0,0,0,0,0,0,1,0,0,0,0,0,3,1,2,3,2,1,0,0,0,1,0,1,2,2,0
54268704,29,16,13,0,13,2,5,1,4,0,1,0,0,1,0,1,1,1,0,11,8,3,8,3,5,2,2,0,7,2,5,0,0,0
54268706,204,115,89,13,75,15,30,8,22,2,2,6,2,18,5,3,12,5,7,76,51,25,74,39,35,0,0,0,35,17,18,7,3,4
54268707,24,15,9,1,10,1,2,1,1,0,1,3,1,1,2,0,0,0,0,9,4,5,5,4,1,0,0,0,9,6,3,1,1,0
54268710,19,12,7,1,6,0,3,1,3,0,0,3,0,2,0,0,0,0,0,8,5,3,7,5,2,0,0,0,4,2,2,0,0,0
54268711,17,7,10,3,3,2,4,0,2,0,0,0,0,1,2,0,0,0,0,9,5,4,5,1,4,0,0,0,2,0,2,1,1,0
54268712,16,11,5,0,9,0,1,2,1,1,0,0,0,1,0,0,0,0,0,8,8,0,5,2,3,0,0,0,1,0,1,2,1,1
54268713,16,9,7,2,3,0,2,0,3,0,0,2,1,1,2,0,1,1,0,7,4,3,2,1,1,0,0,0,6,3,3,0,0,0
54268714,26,15,11,2,7,3,1,0,6,1,0,3,0,0,2,0,1,1,0,12,8,4,9,5,4,0,0,0,3,1,2,1,0,1
54268715,26,14,12,3,10,3,1,2,0,1,0,1,1,3,0,1,1,0,1,13,8,5,5,2,3,1,0,1,6,4,2,0,0,0
54268716,131,83,48,6,43,17,12,5,22,1,2,6,4,6,2,0,3,3,0,54,40,14,56,31,25,0,0,0,16,8,8,2,1,1
54268717,94,50,44,8,34,8,3,1,8,0,0,8,1,14,3,3,5,1,4,43,29,14,28,9,19,1,0,1,13,8,5,4,3,1
54268718,397,240,157,12,167,32,38,10,22,10,2,23,15,27,19,5,15,7,8,154,111,43,145,76,69,6,1,5,56,33,23,21,12,9
54272501,665,375,290,23,255,62,74,41,19,7,3,28,35,55,45,3,20,4,16,276,185,91,237,118,119,11,4,7,104,53,51,17,11,6
54275001,999,549,450,75,409,69,90,22,30,17,3,48,44,73,75,10,43,20,23,395,258,137,360,182,178,16,3,13,161,68,93,24,18,6
54275002,20,12,8,2,10,0,2,1,0,0,0,4,0,0,0,1,2,1,1,10,7,3,7,3,4,0,0,0,0,0,0,1,1,0
54275003,59,34,25,6,28,8,2,0,0,1,1,2,2,3,4,1,4,1,3,21,16,5,20,11,9,1,0,1,12,5,7,1,1,0
54276801,813,448,365,28,351,62,94,39,11,13,9,42,41,49,54,7,28,14,14,321,207,114,297,148,149,14,2,12,127,62,65,26,15,11
54276802,41,21,20,3,11,7,3,0,3,1,0,2,1,3,3,0,0,0,0,22,12,10,12,5,7,1,0,1,5,4,1,1,0,1
54276803,262,147,115,7,119,16,36,9,7,6,1,11,11,12,20,3,7,3,4,111,68,43,98,50,48,4,2,2,40,23,17,2,1,1
54276804,16,10,6,2,6,1,1,2,0,0,0,0,1,1,2,0,1,1,0,10,7,3,4,2,2,0,0,0,1,0,1,0,0,0
54278401,38,18,20,2,22,3,4,1,2,1,0,1,0,0,1,0,0,0,0,28,13,15,6,4,2,0,0,0,2,0,2,2,1,1
54278402,16,5,11,0,7,0,1,1,1,0,0,2,1,0,3,0,2,0,2,3,2,1,8,3,5,0,0,0,3,0,3,0,0,0
54278403,20,10,10,2,9,1,3,0,0,0,0,1,0,0,1,1,1,1,0,13,8,5,4,0,4,0,0,0,1,0,1,1,1,0
54278404,26,11,15,2,14,1,3,0,0,0,0,0,2,1,1,2,2,1,1,9,6,3,13,4,9,0,0,0,2,0,2,0,0,0
54278407,158,92,66,7,55,16,16,6,1,2,1,11,12,6,15,1,7,6,1,48,33,15,57,30,27,1,0,1,34,15,19,11,8,3
54278408,61,34,27,6,29,2,8,0,0,4,0,1,2,3,2,2,3,1,2,22,16,6,26,12,14,0,0,0,7,3,4,3,2,1
54278409,63,34,29,3,34,2,6,1,4,0,0,3,3,4,2,1,0,0,0,22,15,7,30,16,14,1,0,1,9,3,6,1,0,1
54278410,42,26,16,2,16,4,2,1,2,1,0,4,5,2,3,0,2,2,0,18,13,5,15,6,9,0,0,0,7,5,2,0,0,0
54278411,335,188,147,24,135,28,43,8,9,3,3,17,15,22,17,3,10,4,6,144,101,43,117,53,64,4,2,2,51,23,28,9,5,4
54278412,152,83,69,4,70,18,18,5,1,0,2,4,6,11,11,0,3,2,1,57,38,19,69,34,35,3,0,3,15,8,7,5,1,4
54278413,23,14,9,8,7,2,2,0,0,0,0,2,1,0,0,1,2,1,1,11,8,3,9,5,4,0,0,0,1,0,1,0,0,0
54278414,110,65,45,10,46,16,10,6,0,4,1,3,5,3,5,0,7,3,4,52,41,11,37,16,21,1,0,1,10,4,6,3,1,2
54281401,352,190,162,5,162,22,45,10,13,6,3,18,16,23,16,1,25,13,12,134,83,51,117,58,59,2,0,2,58,26,32,16,10,6
54281402,22,10,12,3,9,1,0,1,1,0,0,0,2,3,0,0,1,0,1,10,6,4,6,2,4,0,0,0,4,2,2,1,0,1
54281403,82,44,38,16,26,6,6,3,4,1,0,5,4,3,4,0,4,1,3,39,25,14,24,10,14,0,0,0,10,5,5,5,3,2
54281404,43,24,19,6,13,5,3,1,1,0,0,4,1,2,5,1,4,3,1,19,11,8,8,4,4,0,0,0,10,4,6,2,2,0
54281405,21,13,8,3,6,1,1,1,3,0,0,0,2,2,2,0,0,0,0,10,7,3,7,3,4,0,0,0,1,1,0,3,2,1
54281406,334,190,144,13,117,31,36,11,21,13,2,24,12,24,18,3,12,4,8,113,78,35,125,62,63,1,1,0,71,38,33,12,7,5
54281407,9,6,3,2,2,1,1,0,1,1,0,1,0,0,0,0,1,1,0,3,2,1,1,0,1,0,0,0,2,2,0,2,1,1
54281408,25,16,9,3,8,2,0,1,4,1,0,0,1,2,0,1,0,0,0,10,7,3,8,4,4,0,0,0,6,4,2,1,1,0
54283101,12,7,5,3,6,0,1,0,0,0,0,1,0,0,0,0,0,0,0,7,6,1,3,0,3,0,0,0,2,1,1,0,0,0
54283102,347,191,156,13,141,27,31,17,12,9,1,20,11,18,34,3,14,6,8,145,84,61,114,66,48,6,2,4,60,29,31,8,4,4
54286501,940,526,414,26,393,70,114,37,23,18,13,56,38,59,64,5,35,22,13,346,219,127,348,177,171,11,4,7,171,81,90,29,23,6
54286504,21,15,6,4,8,3,2,2,1,0,0,0,0,1,0,0,2,2,0,6,4,2,8,6,2,0,0,0,5,3,2,0,0,0
57034601,374,209,165,12,149,37,41,13,5,7,8,23,18,18,27,1,12,8,4,128,82,46,144,70,74,3,0,3,73,38,35,14,11,3
54290301,259,135,124,8,106,18,20,9,2,3,2,21,12,19,25,3,8,6,2,90,59,31,93,39,54,3,0,3,56,24,32,9,7,2
54290302,42,25,17,1,23,4,7,0,1,0,0,0,0,4,1,0,1,0,1,22,15,7,15,8,7,0,0,0,1,0,1,3,2,1
54290303,54,29,25,1,16,7,4,3,1,1,2,3,2,6,7,0,0,0,0,15,10,5,20,11,9,2,0,2,17,8,9,0,0,0
54290305,66,40,26,2,24,5,3,4,3,3,0,7,2,7,4,1,0,0,0,22,18,4,22,10,12,0,0,0,21,11,10,1,1,0
54291101,80,48,32,3,32,4,7,3,3,0,0,7,4,5,7,3,5,3,2,24,17,7,38,20,18,5,1,4,6,5,1,2,2,0
54291103,25,18,7,2,8,1,0,0,1,1,0,3,4,1,1,2,0,0,0,13,10,3,7,4,3,0,0,0,4,3,1,1,1,0
54291104,926,516,410,37,341,67,91,31,72,16,7,45,50,46,80,11,48,26,22,387,233,154,302,157,145,20,3,17,109,61,48,60,36,24
54291105,26,18,8,7,2,4,1,0,5,0,0,0,1,0,0,3,3,3,0,13,10,3,9,4,5,0,0,0,0,0,0,1,1,0
54294602,28,16,12,2,7,3,3,3,2,0,1,1,1,4,1,0,2,1,1,7,5,2,12,6,6,0,0,0,6,3,3,1,1,0
54294603,474,284,190,33,195,36,41,29,9,6,7,18,26,22,34,1,19,8,11,200,141,59,165,88,77,8,3,5,69,36,33,13,8,5
54298901,45,28,17,2,21,8,3,2,0,0,1,2,1,2,2,0,2,1,1,19,13,6,13,8,5,2,0,2,9,6,3,0,0,0
54298902,82,47,35,10,25,13,3,6,2,1,0,8,4,3,4,1,3,1,2,41,29,12,23,12,11,0,0,0,13,4,9,2,1,1
54298903,74,44,30,0,36,9,3,4,0,1,1,5,5,1,3,0,2,1,1,32,24,8,23,12,11,1,0,1,12,5,7,4,2,2
54298904,127,74,53,10,58,8,13,5,3,0,0,9,1,5,9,1,4,1,3,62,41,21,43,22,21,3,2,1,12,6,6,3,2,1
54298905,596,325,271,28,219,55,60,40,16,5,3,28,38,54,33,4,24,14,10,232,136,96,209,109,100,8,3,5,101,46,55,22,17,5
54298906,359,207,152,28,137,29,33,16,3,5,0,19,17,33,24,1,6,3,3,149,103,46,141,68,73,4,3,1,55,27,28,4,3,1
54299701,236,126,110,10,89,33,32,8,4,1,1,12,7,13,22,1,8,2,6,85,57,28,95,46,49,4,1,3,42,18,24,2,2,0
50006201,919,489,430,25,375,65,104,31,32,14,10,69,41,67,59,5,31,15,16,296,178,118,356,177,179,8,4,4,198,100,98,30,15,15
50006202,106,57,49,0,35,3,19,10,4,1,4,8,3,10,7,0,3,3,0,34,23,11,44,20,24,1,0,1,18,8,10,6,3,3
54302101,28,17,11,4,14,1,3,0,1,0,3,0,0,1,0,0,0,0,0,14,7,7,9,7,2,1,1,0,4,2,2,0,0,0
54302102,274,160,114,5,105,26,27,20,6,6,2,19,12,22,11,1,7,2,5,119,80,39,95,53,42,1,1,0,40,17,23,12,7,5
54309801,418,235,183,21,184,72,26,17,6,4,7,16,17,21,18,5,16,6,10,190,132,58,136,63,73,6,4,2,55,19,36,15,11,4
54426401,337,196,141,4,170,38,25,14,8,6,1,19,11,17,13,2,9,5,4,140,84,56,110,67,43,6,0,6,52,27,25,20,13,7
54430201,187,106,81,18,84,20,17,7,3,0,1,8,7,12,4,3,8,2,6,89,61,28,62,29,33,1,0,1,21,9,12,6,5,1
54430202,361,197,164,13,140,37,32,18,13,5,3,20,19,29,17,2,13,5,8,134,91,43,145,65,80,2,2,0,55,27,28,12,7,5
54430203,107,56,51,2,49,4,6,8,3,3,0,11,7,5,7,1,2,1,1,43,25,18,31,11,20,3,2,1,27,16,11,1,1,0
54430204,66,36,30,0,31,3,13,2,1,2,1,2,1,0,7,0,2,2,0,33,20,13,16,9,7,1,0,1,10,2,8,4,3,1
54430206,126,72,54,12,47,12,13,8,1,2,0,8,5,6,6,1,7,3,4,47,32,15,47,25,22,2,1,1,21,9,12,2,2,0
54430207,66,35,31,2,34,3,9,3,1,1,0,1,1,4,6,0,3,0,3,26,15,11,24,15,9,1,0,1,9,3,6,3,2,1
54430208,96,59,37,11,44,5,10,1,3,3,1,3,2,6,3,2,5,4,1,37,25,12,41,24,17,0,0,0,9,5,4,4,1,3
55686601,20,11,9,6,7,0,0,0,1,2,0,1,0,2,1,0,0,0,0,9,6,3,7,4,3,1,0,1,2,1,1,1,0,1
55686602,351,201,150,17,137,37,34,16,10,7,7,23,17,19,15,3,7,2,5,142,97,45,126,66,60,3,0,3,63,29,34,10,7,3
54437001,840,484,356,39,356,96,79,39,19,12,10,45,39,48,38,7,33,14,19,372,254,118,272,137,135,11,3,8,120,55,65,32,21,11
54437003,19,11,8,0,11,2,1,0,0,0,0,0,0,4,1,0,0,0,0,10,5,5,7,5,2,0,0,0,1,0,1,1,1,0
54439601,14,6,8,1,4,0,2,0,1,0,1,1,0,2,2,0,0,0,0,6,4,2,7,2,5,0,0,0,1,0,1,0,0,0
54439602,13,8,5,2,4,1,0,0,1,0,0,2,0,1,0,1,1,0,1,8,6,2,2,1,1,0,0,0,2,1,1,0,0,0
54439603,26,14,12,7,5,1,3,3,0,0,1,2,0,1,3,0,1,1,0,14,10,4,7,2,5,0,0,0,4,1,3,0,0,0
54439604,634,355,279,36,257,48,66,32,14,7,5,34,20,44,49,3,18,5,13,240,160,80,243,124,119,14,6,8,100,47,53,19,13,6
54439605,32,22,10,7,9,4,6,3,1,0,0,0,0,0,0,0,1,0,1,18,14,4,10,5,5,0,0,0,2,2,0,1,1,0
54441801,63,37,26,13,23,1,6,3,2,2,0,4,0,2,2,0,2,1,1,31,23,8,22,9,13,1,0,1,6,3,3,1,1,0
54441802,318,172,146,12,115,29,33,21,11,5,5,12,17,26,17,4,12,6,6,130,78,52,111,58,53,6,0,6,50,22,28,9,8,1
54443402,29,18,11,3,8,3,1,3,1,0,0,0,2,1,4,0,2,1,1,8,6,2,13,8,5,0,0,0,6,3,3,0,0,0
54443405,254,145,109,6,121,18,29,5,2,4,2,21,15,10,15,0,5,3,2,97,63,34,98,53,45,8,3,5,39,18,21,7,5,2
54446901,26,13,13,5,11,2,2,0,1,0,0,2,1,0,2,0,3,3,0,10,6,4,9,3,6,0,0,0,4,1,3,0,0,0
54446902,120,64,56,13,40,13,12,4,4,1,1,8,5,6,6,2,8,3,5,49,33,16,38,16,22,1,0,1,23,12,11,1,0,1
54450701,10,6,4,0,4,1,0,0,0,1,0,1,1,1,1,0,0,0,0,4,4,0,3,1,2,1,0,1,2,1,1,0,0,0
54450702,16,9,7,1,4,4,0,0,0,5,0,1,1,0,0,0,0,0,0,4,3,1,3,2,1,0,0,0,7,3,4,2,1,1
54450703,339,188,151,12,131,32,28,17,9,10,9,17,21,19,22,3,12,6,6,116,89,27,133,60,73,4,0,4,61,27,34,13,6,7
54450704,15,9,6,3,5,0,0,4,1,0,0,2,0,0,0,0,0,0,0,6,5,1,7,2,5,0,0,0,2,2,0,0,0,0
54456601,15,11,4,1,7,3,1,1,0,0,0,1,0,1,0,0,0,0,0,9,8,1,4,1,3,0,0,0,0,0,0,2,2,0
54456602,869,495,374,46,298,80,105,29,52,9,6,36,56,38,73,12,29,17,12,379,243,136,296,152,144,16,1,15,121,64,57,28,18,10
54456603,252,139,113,31,78,34,21,12,28,1,1,9,7,9,11,5,15,7,8,134,87,47,73,38,35,3,0,3,20,5,15,7,2,5
54456604,37,21,16,4,14,4,5,2,0,0,0,2,0,0,4,0,5,2,3,17,12,5,10,5,5,2,1,1,2,0,2,1,1,0
54457401,182,100,82,4,91,8,12,5,1,5,6,14,9,5,13,0,4,2,2,58,36,22,86,45,41,2,2,0,30,13,17,2,2,0
54457402,33,20,13,2,11,4,5,0,0,0,0,0,2,4,3,0,0,0,0,5,3,2,16,12,4,2,1,1,9,3,6,1,1,0
54457403,29,15,14,1,3,3,5,2,1,1,0,4,1,4,3,0,0,0,0,9,6,3,13,5,8,0,0,0,6,4,2,1,0,1
56949601,126,76,50,6,52,19,12,6,3,2,1,5,4,6,7,2,2,1,1,57,42,15,46,19,27,0,0,0,15,9,6,6,5,1
54462101,275,155,120,13,105,30,30,12,5,6,2,17,14,15,14,3,11,8,3,98,72,26,103,47,56,2,0,2,46,20,26,15,8,7
50007101,874,493,381,31,307,71,114,50,22,20,14,58,40,59,52,1,24,15,9,301,188,113,364,191,173,11,2,9,155,85,70,19,12,7
54465501,282,152,130,11,97,27,32,9,6,4,7,12,18,27,22,2,10,7,3,107,69,38,111,53,58,5,0,5,40,17,23,9,6,3
54467101,236,134,102,8,87,35,19,8,6,3,1,17,13,13,21,1,10,6,4,113,82,31,77,34,43,6,1,5,19,5,14,11,6,5
54467102,18,9,9,0,6,1,3,0,0,0,0,1,0,3,2,0,1,0,1,6,4,2,4,2,2,2,0,2,5,3,2,0,0,0
54469801,143,83,60,6,67,10,13,5,6,5,0,10,2,8,8,1,5,5,0,61,44,17,46,19,27,1,0,1,19,7,12,11,8,3
54469802,49,24,25,4,17,3,4,1,6,1,2,4,1,2,1,1,5,4,1,20,10,10,16,6,10,1,1,0,5,1,4,2,2,0
54469803,30,17,13,1,14,3,1,2,3,2,1,1,0,1,1,0,0,0,0,12,7,5,11,5,6,0,0,0,6,4,2,1,1,0
54469805,31,17,14,2,14,2,1,3,4,0,1,0,0,1,1,1,0,0,0,15,10,5,9,4,5,0,0,0,5,3,2,2,0,2
54469806,564,322,242,22,244,33,42,26,43,7,4,20,28,35,24,5,11,9,2,237,160,77,209,100,109,10,2,8,77,37,40,20,14,6
54472801,36,25,11,6,11,1,2,3,4,0,0,3,3,1,1,1,2,2,0,11,8,3,14,10,4,0,0,0,5,2,3,4,3,1
54472803,279,152,127,11,119,26,19,7,5,3,2,17,8,18,30,2,8,4,4,97,69,28,106,53,53,6,2,4,52,17,35,10,7,3
54478701,880,484,396,59,341,72,100,26,14,17,14,48,56,51,50,7,37,22,15,305,202,103,352,173,179,11,6,5,144,62,82,31,19,12
54478702,23,14,9,6,6,3,1,2,0,0,0,0,3,0,1,1,1,1,0,11,8,3,8,4,4,1,0,1,2,1,1,0,0,0
54484101,893,443,450,4,386,45,83,30,44,22,9,85,42,60,40,5,30,13,17,287,157,130,308,135,173,14,4,10,221,115,106,33,19,14
54484103,54,23,31,4,37,0,4,0,3,1,0,2,0,0,0,0,2,0,2,6,2,4,31,16,15,0,0,0,13,5,8,2,0,2
54484104,599,307,292,12,226,32,61,14,41,15,12,63,20,50,25,5,27,12,15,162,89,73,245,127,118,12,2,10,134,65,69,19,12,7
54484105,707,412,295,11,263,52,65,12,49,15,6,58,21,57,46,10,32,18,14,202,130,72,236,120,116,9,4,5,170,96,74,58,44,14
54484106,83,46,37,2,37,6,3,2,1,8,1,10,5,6,2,0,2,1,1,18,14,4,28,10,18,0,0,0,32,19,13,3,2,1
54484108,13,6,7,1,4,0,2,0,0,1,0,1,1,1,2,0,1,1,0,6,2,4,3,2,1,0,0,0,3,1,2,0,0,0
54484109,221,119,102,6,93,14,19,3,10,4,0,22,8,17,15,2,10,5,5,46,26,20,87,46,41,7,3,4,68,38,30,3,1,2
54484110,326,180,146,8,112,20,22,12,8,12,5,38,19,28,26,0,12,7,5,62,37,25,130,68,62,4,3,1,115,62,53,3,3,0
54484111,77,46,31,6,26,5,11,3,4,2,1,3,3,7,4,0,2,2,0,25,16,9,28,18,10,1,1,0,20,9,11,1,0,1
54484112,66,36,30,6,24,8,3,0,1,3,3,9,2,1,2,0,3,2,1,18,11,7,26,14,12,0,0,0,16,8,8,3,1,2
54484113,751,389,362,10,340,35,76,22,49,14,6,60,22,38,41,6,53,19,34,274,156,118,252,124,128,14,5,9,128,70,58,30,15,15
54484114,1050,536,514,12,433,60,104,28,47,27,13,106,28,83,52,4,50,24,26,291,168,123,400,192,208,19,9,10,262,129,133,28,14,14
54484115,632,346,286,21,253,35,57,20,26,24,3,52,22,48,36,4,13,7,6,141,86,55,236,124,112,6,1,5,230,123,107,6,5,1
54484116,1077,571,506,18,437,70,103,32,50,33,20,85,32,80,55,9,40,19,21,315,183,132,414,214,200,23,7,16,250,127,123,35,21,14
54484117,182,103,79,18,64,9,18,9,4,9,2,7,3,18,7,0,6,4,2,47,30,17,70,42,28,6,1,5,49,25,24,4,1,3
54484119,88,49,39,8,34,3,7,2,4,1,0,9,6,6,3,0,3,2,1,19,14,5,32,18,14,2,1,1,31,14,17,1,0,1
54484120,318,178,140,7,130,21,41,12,9,2,4,32,7,14,20,1,13,8,5,101,66,35,123,56,67,4,1,3,65,39,26,12,8,4
54484121,178,98,80,8,84,18,15,0,3,3,5,15,5,11,6,1,5,2,3,39,25,14,81,42,39,6,1,5,44,27,17,3,1,2
54484122,46,22,24,2,21,1,4,2,3,0,1,3,4,0,0,0,1,1,0,15,9,6,18,7,11,0,0,0,11,5,6,1,0,1
54484123,528,296,232,20,165,28,77,10,28,27,8,50,17,39,33,6,15,9,6,142,92,50,184,91,93,16,4,12,158,91,67,13,9,4
54485002,318,176,142,20,123,32,35,17,6,5,1,17,13,27,9,1,12,6,6,126,84,42,118,50,68,8,4,4,43,24,19,11,8,3
54485003,38,23,15,4,14,5,2,1,2,0,1,1,3,1,4,0,1,1,0,15,11,4,15,7,8,1,0,1,6,4,2,0,0,0
54485004,43,27,16,2,20,3,3,2,3,1,0,3,1,3,0,1,4,1,3,12,10,2,18,9,9,0,0,0,7,5,2,2,2,0
54485005,40,26,14,2,17,5,4,0,2,1,1,0,4,1,2,0,2,2,0,16,11,5,15,9,6,1,1,0,4,1,3,2,2,0
54490601,147,82,65,17,57,8,14,5,2,2,2,10,9,2,12,2,4,0,4,60,39,21,58,31,27,2,0,2,17,9,8,6,3,3
54491401,272,153,119,9,129,38,28,14,4,1,1,12,14,12,5,1,13,10,3,133,86,47,87,39,48,1,0,1,29,13,16,9,5,4
54492201,395,217,178,19,169,40,31,11,9,8,4,22,18,24,28,1,11,5,6,136,82,54,142,72,70,8,3,5,83,46,37,15,9,6
57037101,304,165,139,6,112,30,34,16,5,3,2,36,16,19,19,2,12,5,7,113,70,43,116,57,59,5,0,5,51,29,22,7,4,3
54494902,154,86,68,1,74,11,12,10,4,4,0,7,5,15,3,1,1,0,1,64,40,24,62,31,31,1,0,1,22,11,11,4,4,0
54494903,326,183,143,20,126,38,26,6,15,15,0,10,7,34,16,5,14,8,6,120,79,41,94,46,48,10,3,7,66,30,36,22,17,5
54494904,31,18,13,2,13,3,4,0,2,0,0,1,2,2,0,0,2,2,0,16,11,5,9,3,6,0,0,0,3,1,2,1,1,0
54494905,43,23,20,8,17,1,1,1,2,1,0,3,0,2,5,1,2,0,2,27,17,10,10,4,6,0,0,0,3,1,2,1,1,0
54494906,26,15,11,4,8,2,2,0,3,1,1,0,1,1,2,1,3,2,1,11,8,3,9,4,5,0,0,0,2,0,2,1,1,0
54494907,115,66,49,6,50,14,5,7,2,2,2,4,4,12,2,1,6,3,3,39,27,12,43,20,23,1,0,1,25,15,10,1,1,0
54494908,216,116,100,18,93,21,14,11,13,0,1,9,7,13,9,2,16,4,12,106,65,41,65,34,31,1,0,1,20,7,13,8,6,2
54494909,34,22,12,0,15,4,1,2,1,0,1,2,3,1,2,1,3,1,2,13,10,3,13,7,6,0,0,0,4,3,1,1,1,0
54494910,112,60,52,6,38,18,9,7,7,1,1,9,2,5,6,1,9,5,4,42,28,14,42,19,23,1,0,1,14,5,9,4,3,1
54499001,635,362,273,16,270,57,69,34,17,9,10,31,35,40,29,6,21,9,12,253,166,87,231,115,116,9,3,6,99,53,46,22,16,6
54499002,66,40,26,4,32,5,3,1,0,3,0,4,1,6,5,2,8,4,4,27,21,6,16,9,7,1,0,1,12,4,8,2,2,0
55302601,201,110,91,9,105,24,16,6,7,1,1,8,7,7,6,0,9,8,1,100,65,35,65,30,35,4,0,4,20,5,15,3,2,1
54505801,318,185,133,10,151,43,38,9,7,1,5,19,14,8,9,2,11,5,6,120,73,47,110,62,48,5,3,2,44,16,28,28,26,2
54505802,487,262,225,13,183,41,54,23,16,7,2,30,15,37,48,4,10,4,6,159,103,56,196,99,97,9,3,6,102,47,55,11,6,5
54505803,120,67,53,7,48,8,19,5,2,1,0,10,1,8,6,1,5,2,3,44,28,16,44,23,21,1,0,1,25,13,12,1,1,0
54505804,146,74,72,2,58,16,21,5,3,5,3,12,1,6,9,0,3,1,2,50,31,19,64,26,38,1,0,1,23,12,11,5,4,1
54505805,129,74,55,9,38,9,13,15,5,2,1,6,4,15,10,0,5,2,3,45,29,16,49,26,23,4,3,1,22,11,11,4,3,1
54505806,1516,774,742,18,604,86,186,89,50,29,9,97,51,111,128,7,64,30,34,485,289,196,557,252,305,37,12,25,325,159,166,48,32,16
54505807,96,57,39,1,39,10,10,6,2,4,1,8,5,4,6,0,4,4,0,28,19,9,38,21,17,0,0,0,26,13,13,0,0,0
54505808,52,27,25,0,27,4,5,2,1,2,0,5,1,1,2,0,4,1,3,34,17,17,12,8,4,0,0,0,2,1,1,0,0,0
54505809,163,94,69,0,63,13,18,7,6,4,1,14,10,17,7,1,4,1,3,43,31,12,69,38,31,3,1,2,44,23,21,0,0,0
54505810,1158,610,548,22,517,64,106,61,45,14,13,78,41,84,76,6,70,41,29,395,239,156,440,209,231,29,8,21,184,84,100,40,29,11
54505811,299,160,139,10,131,25,29,8,11,2,2,34,4,21,8,5,40,22,18,105,59,46,93,51,42,7,6,1,46,20,26,8,2,6
54505812,143,80,63,0,71,8,15,4,4,3,4,7,4,8,8,1,8,5,3,42,30,12,60,31,29,1,0,1,26,12,14,6,2,4
54505813,22,19,3,0,16,1,0,2,1,0,0,1,0,0,0,1,4,4,0,9,7,2,4,4,0,0,0,0,2,2,0,3,2,1
54505814,1214,643,571,19,398,86,138,60,41,31,22,111,46,84,125,2,49,21,28,389,237,152,452,233,219,30,11,19,273,132,141,21,9,12
54505815,1245,657,588,9,520,71,126,67,29,24,15,92,48,100,96,4,56,28,28,419,251,168,474,241,233,22,4,18,240,111,129,34,22,12
54505816,145,80,65,2,40,8,19,6,5,2,2,12,4,26,13,2,6,4,2,17,8,9,54,30,24,1,1,0,59,29,30,8,8,0
54505817,940,494,446,9,383,56,114,39,32,16,9,64,36,67,74,2,40,22,18,281,173,108,359,174,185,17,4,13,215,104,111,28,17,11
54505818,41,28,13,1,26,5,4,0,3,0,0,0,0,0,1,0,7,7,0,16,12,4,12,6,6,1,0,1,5,3,2,0,0,0
54505820,363,219,144,7,112,32,40,25,28,5,4,34,13,17,17,8,34,19,15,112,76,36,95,54,41,3,1,2,48,22,26,71,47,24
54505821,148,82,66,0,52,5,20,6,3,0,1,17,6,15,11,0,4,3,1,48,28,20,45,23,22,6,1,5,43,26,17,2,1,1
54505822,250,133,117,2,71,15,35,6,7,14,7,29,8,17,23,0,2,1,1,33,22,11,97,41,56,5,2,3,110,65,45,3,2,1
54505823,704,386,318,11,237,49,84,19,20,15,17,61,39,54,64,1,28,15,13,180,109,71,273,157,116,11,3,8,195,93,102,17,9,8
54505825,116,65,51,1,46,9,14,11,0,0,5,7,0,5,10,1,5,1,4,43,30,13,37,20,17,4,1,3,24,11,13,3,2,1
54505826,103,57,46,1,34,8,16,3,1,5,3,9,2,5,11,0,3,2,1,35,18,17,45,26,19,2,2,0,14,6,8,4,3,1
54505828,697,397,300,17,256,66,82,38,12,20,6,45,22,44,59,4,18,8,10,245,159,86,269,150,119,10,3,7,141,70,71,14,7,7
54505829,66,34,32,3,19,7,8,3,1,2,2,7,1,3,5,1,0,0,0,19,14,5,21,9,12,0,0,0,24,11,13,2,0,2
54514701,43,25,18,3,18,2,7,3,2,0,1,0,2,0,1,1,1,1,0,22,13,9,15,7,8,0,0,0,2,2,0,3,2,1
54514702,54,31,23,5,18,7,6,2,0,1,0,3,2,2,6,1,6,3,3,13,9,4,19,12,7,0,0,0,16,7,9,0,0,0
54514703,49,23,26,3,15,5,8,3,2,0,0,5,2,2,2,1,2,0,2,13,6,7,26,13,13,1,0,1,7,4,3,0,0,0
54514704,90,49,41,2,28,11,8,2,2,2,2,8,5,8,5,1,2,2,0,33,19,14,31,19,12,2,1,1,21,8,13,1,0,1
54516301,103,59,44,17,31,7,3,5,8,4,1,4,2,8,7,0,2,1,1,41,27,14,39,21,18,2,1,1,19,9,10,0,0,0
54516302,518,288,230,36,141,43,44,31,80,3,2,31,31,34,22,4,21,11,10,189,119,70,205,97,108,7,2,5,74,42,32,22,17,5
54516303,35,20,15,3,7,3,1,4,5,0,0,3,3,1,1,1,2,2,0,13,8,5,11,6,5,1,0,1,8,4,4,0,0,0
54516304,19,12,7,1,7,1,2,3,0,0,0,0,0,1,0,2,1,0,1,9,7,2,6,3,3,0,0,0,3,2,1,0,0,0
54516306,26,14,12,3,6,2,4,1,5,1,0,0,1,1,0,2,3,1,2,13,7,6,6,4,2,1,0,1,2,1,1,1,1,0
54516307,13,8,5,2,2,0,3,0,2,0,0,1,2,0,0,0,0,0,0,8,5,3,4,2,2,0,0,0,1,1,0,0,0,0
54516308,107,64,43,8,18,8,11,5,24,0,2,10,3,10,7,0,5,5,0,36,28,8,33,14,19,3,1,2,22,14,8,8,2,6
54516310,108,69,39,19,37,8,12,0,11,2,1,3,3,2,4,2,6,3,3,49,34,15,35,21,14,1,1,0,12,6,6,5,4,1
54516312,14,9,5,2,7,0,1,0,1,0,0,0,1,0,0,1,2,2,0,6,3,3,4,2,2,0,0,0,0,0,0,2,2,0
54516313,34,24,10,9,7,3,0,0,4,0,0,4,3,1,2,0,2,1,1,17,13,4,9,5,4,0,0,0,4,3,1,2,2,0
54516314,62,42,20,10,13,11,3,2,11,0,0,5,0,1,1,0,5,4,1,22,15,7,25,17,8,2,2,0,7,3,4,1,1,0
54516315,25,12,13,6,3,0,1,1,5,1,0,2,0,2,1,0,3,2,1,11,4,7,5,3,2,0,0,0,3,1,2,3,2,1
54519801,87,50,37,2,40,6,6,3,4,4,3,2,1,11,0,0,2,1,1,22,15,7,29,19,10,1,0,1,28,12,16,5,3,2
54519802,696,385,311,22,252,95,77,22,27,9,8,41,29,52,30,4,21,11,10,220,149,71,276,138,138,9,3,6,155,74,81,15,10,5
54519803,50,32,18,2,24,3,1,2,3,1,0,3,2,3,6,0,2,1,1,17,14,3,17,7,10,0,0,0,12,9,3,2,1,1
54519804,20,11,9,3,10,3,0,2,0,0,0,0,0,0,2,0,0,0,0,6,3,3,9,5,4,1,0,1,4,3,1,0,0,0
54521001,524,281,243,25,180,35,52,23,27,13,9,47,26,38,22,3,23,11,12,176,105,71,184,91,93,7,2,5,118,59,59,16,13,3
3311710,0,0,0,0,0,0,0,0,0,0,0,0,0,0,0,0,0,0,0,0,0,0,0,0,0,0,0,0,0,0,0,0,0,0
3410700,0,0,0,0,0,0,0,0,0,0,0,0,0,0,0,0,0,0,0,0,0,0,0,0,0,0,0,0,0,0,0,0,0,0
54163001,967,509,458,17,378,55,116,30,25,19,12,72,63,73,74,2,30,15,15,319,192,127,382,192,190,18,4,14,191,92,99,27,14,13
54163002,20,11,9,0,2,1,6,1,0,0,0,0,1,2,3,1,0,0,0,5,4,1,11,6,5,0,0,0,4,1,3,0,0,0
54163004,50,29,21,1,22,6,4,2,2,1,0,2,1,5,2,0,1,1,0,23,17,6,18,9,9,0,0,0,7,2,5,1,0,1
54163005,572,316,256,12,221,43,53,30,13,16,12,43,30,36,31,6,28,18,10,183,107,76,212,117,95,7,0,7,123,62,61,19,12,7
54163006,104,53,51,1,39,7,6,5,3,2,1,12,6,10,8,2,7,4,3,34,21,13,38,18,20,2,0,2,22,10,12,1,0,1
54163008,382,219,163,14,104,35,46,15,5,9,5,37,29,29,37,3,11,6,5,87,66,21,143,72,71,4,2,2,128,67,61,9,6,3
54163009,43,23,20,4,14,5,5,0,2,0,0,3,1,5,1,0,5,4,1,12,9,3,11,3,8,1,1,0,6,3,3,8,3,5
54163010,224,124,100,21,75,19,23,7,5,3,3,21,7,9,23,2,6,6,0,88,56,32,78,29,49,1,0,1,40,24,16,11,9,2
54163011,1447,739,708,16,546,90,166,54,41,31,14,114,92,111,115,11,43,17,26,505,307,198,543,246,297,22,10,12,295,142,153,39,17,22
54163012,234,127,107,2,90,13,28,9,8,5,5,19,11,14,16,2,31,19,12,73,41,32,75,38,37,1,0,1,45,25,20,9,4,5
54163013,182,103,79,14,67,12,26,7,9,3,2,10,3,12,6,4,3,1,2,61,42,19,76,38,38,5,1,4,33,20,13,4,1,3
54163014,1101,602,499,12,415,77,117,42,36,23,17,102,53,72,93,6,42,15,27,302,196,106,458,235,223,19,5,14,249,137,112,31,14,17
54163015,1227,654,573,19,469,74,127,49,31,29,12,85,73,104,93,9,48,27,21,377,234,143,494,259,235,23,7,16,259,116,143,26,11,15
54163016,1085,562,523,10,410,64,104,34,20,33,26,89,64,75,97,13,34,16,18,297,180,117,468,222,246,15,7,8,240,116,124,31,21,10
54163018,277,146,131,7,107,16,35,10,12,7,6,23,13,10,18,2,9,3,6,83,55,28,117,61,56,4,0,4,55,21,34,9,6,3
54163019,627,325,302,7,246,29,70,30,16,15,14,39,35,47,53,3,26,14,12,194,109,85,236,117,119,5,0,5,149,72,77,17,13,4
54163020,1049,558,491,16,453,62,127,41,33,19,11,69,47,62,77,8,47,28,19,332,208,124,424,211,213,20,6,14,199,89,110,27,16,11
54163021,138,71,67,5,52,10,15,3,3,0,0,11,7,10,14,2,19,11,8,38,18,20,39,23,16,3,2,1,30,14,16,9,3,6
54163022,136,100,36,1,114,14,0,0,0,0,0,1,0,0,0,0,51,40,11,21,15,6,36,26,10,5,3,2,14,9,5,9,7,2
54163023,90,49,41,4,31,1,6,1,4,5,1,6,5,9,12,0,1,0,1,17,12,5,30,20,10,0,0,0,41,17,24,1,0,1
54163024,421,237,184,17,128,25,47,20,12,11,11,36,15,36,40,2,20,14,6,115,74,41,136,73,63,12,8,4,126,60,66,12,8,4
54163026,224,123,101,4,77,16,19,7,7,9,5,18,15,16,24,2,16,10,6,62,38,24,78,38,40,6,2,4,56,30,26,6,5,1
54163027,33,23,10,2,19,2,3,1,2,0,0,1,0,1,2,0,1,0,1,13,11,2,14,8,6,0,0,0,2,1,1,3,3,0
54163028,1063,586,477,15,390,79,109,40,38,27,9,99,26,66,120,16,75,41,34,329,223,106,336,153,183,18,6,12,196,89,107,109,74,35
54163029,327,160,167,2,111,23,23,11,18,3,5,22,24,25,32,5,13,4,9,77,49,28,134,64,70,9,0,9,92,42,50,2,1,1
54523601,257,144,113,10,114,30,25,2,9,3,3,7,13,18,15,1,8,4,4,87,57,30,105,58,47,2,0,2,53,24,29,2,1,1
54523602,1211,663,548,45,432,114,132,46,30,28,13,89,57,94,80,3,30,16,14,371,234,137,479,233,246,21,8,13,279,145,134,31,27,4
54523603,31,15,16,1,14,0,2,0,1,2,1,4,2,0,1,1,2,0,2,5,5,0,12,2,10,1,1,0,10,6,4,1,1,0
54524401,247,130,117,6,122,10,13,6,9,2,4,13,21,15,13,3,5,1,4,105,64,41,90,46,44,3,0,3,35,14,21,9,5,4
54524403,19,9,10,1,6,1,4,1,1,0,2,1,0,1,0,0,0,0,0,8,6,2,9,2,7,0,0,0,0,0,0,2,1,1
54525201,38,21,17,3,19,1,2,0,8,1,0,1,0,2,1,0,1,0,1,14,11,3,16,7,9,0,0,0,6,2,4,1,1,0
54525202,54,34,20,4,27,4,4,0,2,1,2,1,1,3,3,0,2,1,1,19,16,3,21,11,10,1,0,1,10,5,5,1,1,0
54525203,398,212,186,15,185,31,40,6,11,4,4,18,16,32,18,3,6,3,3,155,98,57,154,71,83,6,1,5,64,32,32,13,7,6
54525204,2114,1147,967,60,1049,147,205,57,50,38,23,119,74,122,81,11,73,40,33,766,462,304,775,396,379,35,11,24,376,183,193,89,55,34
58831801,171,99,72,8,78,7,20,10,4,7,3,7,4,9,9,1,6,4,2,54,43,11,64,27,37,5,2,3,36,17,19,6,6,0
58507601,324,176,148,5,123,36,45,15,15,6,2,25,10,11,27,1,20,10,10,147,99,48,100,42,58,2,0,2,41,18,23,14,7,7
55710201,183,104,79,8,96,10,13,8,5,3,1,12,12,8,3,0,4,4,0,69,44,25,75,41,34,3,1,2,26,11,15,6,3,3
58509201,375,210,165,8,141,36,56,13,5,8,4,28,19,23,17,2,18,7,11,174,120,54,105,51,54,2,0,2,72,28,44,4,4,0
58510601,22,13,9,4,10,2,1,1,0,1,0,0,1,1,0,1,2,2,0,7,3,4,7,5,2,0,0,0,6,3,3,0,0,0
58510602,299,173,126,10,126,28,28,17,5,6,0,19,18,17,17,1,14,6,8,112,77,35,121,64,57,2,0,2,42,21,21,8,5,3
58510603,54,32,22,2,23,3,7,6,2,2,0,1,3,1,3,0,4,3,1,19,12,7,22,14,8,1,0,1,6,2,4,2,1,1
3136450,0,0,0,0,0,0,0,0,0,0,0,0,0,0,0,0,0,0,0,0,0,0,0,0,0,0,0,0,0,0,0,0,0,0
58511402,7,5,2,4,1,0,0,0,0,0,0,1,0,0,1,0,0,0,0,3,2,1,2,1,1,0,0,0,2,2,0,0,0,0
58511403,550,319,231,37,156,97,50,29,16,8,6,25,37,38,35,4,29,7,22,226,157,69,181,97,84,5,2,3,86,37,49,23,19,4
58511404,293,174,119,22,105,41,18,20,11,5,4,9,13,24,10,1,9,4,5,118,80,38,105,62,43,5,0,5,46,21,25,10,7,3
58511405,32,18,14,4,10,3,1,5,1,0,0,0,1,2,0,2,3,2,1,15,9,6,7,2,5,0,0,0,4,3,1,3,2,1
58511406,67,39,28,5,24,13,5,5,1,0,0,2,7,2,2,0,1,1,0,28,18,10,24,11,13,0,0,0,9,5,4,5,4,1
58511407,131,80,51,22,52,13,6,8,0,3,0,0,8,9,6,0,3,1,2,57,40,17,42,24,18,5,1,4,19,9,10,5,5,0
58511408,667,367,300,27,223,85,74,21,14,8,7,31,44,66,40,3,20,11,9,257,166,91,221,110,111,10,4,6,126,55,71,33,21,12
58511409,35,20,15,0,16,5,2,2,1,0,0,1,1,4,3,0,2,0,2,15,10,5,14,8,6,0,0,0,4,2,2,0,0,0
58511410,257,156,101,7,108,29,20,6,6,1,5,9,21,15,19,2,6,3,3,94,71,23,99,55,44,7,2,5,46,21,25,5,4,1
58511411,421,237,184,25,157,48,49,16,11,3,3,17,26,23,25,4,16,9,7,152,89,63,139,76,63,9,4,5,70,31,39,35,28,7
53874401,607,340,267,9,186,55,92,23,21,14,17,47,39,35,42,2,23,11,12,200,145,55,223,102,121,16,8,8,135,69,66,10,5,5
53874402,41,27,14,5,15,2,6,1,2,0,0,2,3,1,1,0,3,3,0,13,12,1,14,7,7,0,0,0,8,3,5,3,2,1
53874403,16,11,5,1,4,2,3,0,0,1,0,0,0,1,0,0,1,1,0,7,4,3,5,3,2,0,0,0,3,3,0,0,0,0
3411420,0,0,0,0,0,0,0,0,0,0,0,0,0,0,0,0,0,0,0,0,0,0,0,0,0,0,0,0,0,0,0,0,0,0
58513101,257,136,121,5,94,18,36,19,4,5,1,19,8,14,25,2,9,6,3,106,71,35,95,38,57,4,1,3,35,15,20,8,5,3
58514901,376,220,156,11,115,63,46,19,10,9,0,21,23,13,28,3,14,3,11,150,98,52,97,46,51,2,1,1,66,30,36,47,42,5
58514902,14,10,4,0,2,5,4,0,3,0,0,0,0,0,0,0,0,0,0,3,2,1,7,4,3,0,0,0,0,0,0,4,4,0
58515701,103,56,47,3,53,8,11,2,5,2,1,4,2,5,2,1,3,2,1,50,30,20,37,15,22,0,0,0,11,7,4,2,2,0
58516501,106,60,46,4,40,9,19,4,3,2,0,10,2,5,6,0,4,1,3,41,29,12,42,23,19,1,0,1,16,5,11,2,2,0
58517301,324,194,130,11,104,41,27,22,19,6,2,23,17,16,27,0,11,7,4,138,94,44,109,57,52,6,2,4,52,28,24,8,6,2
58518101,272,147,125,5,84,26,36,8,14,3,6,19,19,18,21,3,8,4,4,108,68,40,87,46,41,8,1,7,49,21,28,12,7,5
58519001,203,118,85,4,107,18,12,12,4,1,0,5,10,11,14,2,9,3,6,73,52,21,72,38,34,1,0,1,32,14,18,16,11,5
58520301,169,100,69,11,59,14,14,4,5,7,2,6,14,7,8,0,5,3,2,68,49,19,58,31,27,2,0,2,30,12,18,6,5,1
58521101,17,10,7,0,4,2,1,0,3,1,0,0,1,0,0,0,2,2,0,6,4,2,5,3,2,0,0,0,3,1,2,1,0,1
58521103,167,94,73,7,54,13,18,4,9,3,4,17,10,13,8,2,7,6,1,50,30,20,69,36,33,3,1,2,34,18,16,4,3,1
58521105,55,32,23,3,22,2,9,6,1,0,0,3,5,2,1,0,1,1,0,28,22,6,16,6,10,1,1,0,9,2,7,0,0,0
58521106,32,19,13,0,6,8,4,1,0,0,1,2,1,3,3,0,0,0,0,13,11,2,7,3,4,1,0,1,11,5,6,0,0,0
58521107,678,388,290,23,181,70,99,32,22,20,21,47,29,47,48,4,32,18,14,206,139,67,253,133,120,14,3,11,151,79,72,22,16,6
58521108,688,382,306,25,179,66,123,22,20,22,16,61,24,48,49,6,21,7,14,203,138,65,251,130,121,10,2,8,183,96,87,20,9,11
58521109,41,21,20,6,9,3,9,2,0,0,1,5,2,0,1,1,0,0,0,10,8,2,20,10,10,0,0,0,11,3,8,0,0,0
58521110,136,83,53,2,46,8,15,6,3,3,6,16,6,7,13,2,9,5,4,45,34,11,46,26,20,1,1,0,32,16,16,3,1,2
58522001,41,22,19,2,12,6,11,0,0,0,0,5,0,2,2,0,3,1,2,15,8,7,13,8,5,0,0,0,7,3,4,3,2,1
58522002,299,169,130,7,135,32,32,12,8,5,2,18,12,10,15,1,20,6,14,118,82,36,105,57,48,6,2,4,38,14,24,12,8,4
58522003,545,308,237,14,241,61,61,19,14,8,8,35,23,33,19,2,29,12,17,248,161,87,165,78,87,6,2,4,75,39,36,22,16,6
58522004,54,33,21,8,14,4,11,5,1,1,0,3,0,3,2,0,2,2,0,20,13,7,20,12,8,1,1,0,11,5,6,0,0,0
58522005,26,14,12,2,13,1,3,1,0,0,0,3,1,0,2,0,1,1,0,15,8,7,8,4,4,0,0,0,2,1,1,0,0,0
58523801,49,28,21,1,20,6,4,0,2,0,0,2,5,1,6,0,2,1,1,26,13,13,10,8,2,0,0,0,9,4,5,2,2,0
58524601,287,172,115,11,79,22,33,16,24,8,2,14,17,24,24,1,20,10,10,110,71,39,85,49,36,9,5,4,59,34,25,4,3,1
58525401,144,87,57,2,64,17,20,4,8,2,3,5,2,7,6,0,6,3,3,62,44,18,46,24,22,2,2,0,24,11,13,4,3,1
58525402,128,75,53,2,57,14,18,7,3,1,1,3,3,7,7,1,3,2,1,57,38,19,40,24,16,5,1,4,19,10,9,4,0,4
58526201,11,6,5,1,5,0,1,2,0,0,0,0,1,0,1,0,1,1,0,5,2,3,4,2,2,0,0,0,0,0,0,1,1,0
58526202,217,133,84,10,89,23,20,10,7,2,2,13,5,14,14,2,9,6,3,95,71,24,69,31,38,0,0,0,27,13,14,17,12,5
58527101,287,162,125,2,118,32,33,9,13,6,2,14,14,18,19,1,7,3,4,137,90,47,89,47,42,3,0,3,44,16,28,7,6,1
58528901,686,383,303,27,205,62,95,33,24,10,9,52,29,44,61,4,22,10,12,249,178,71,255,114,141,11,3,8,133,65,68,16,13,3
58530101,442,254,188,31,144,43,52,25,17,6,3,24,19,40,24,4,15,4,11,180,124,56,152,83,69,10,2,8,68,29,39,17,12,5
58531901,125,78,47,10,38,26,6,9,2,0,0,9,4,12,4,1,4,2,2,59,39,20,38,22,16,2,1,1,18,10,8,4,4,0
58532701,143,85,58,1,63,13,15,4,7,1,3,8,9,9,6,0,4,1,3,60,42,18,47,29,18,3,0,3,21,7,14,8,6,2
58705201,117,66,51,0,43,12,11,5,2,6,0,15,13,8,1,0,9,6,3,41,31,10,33,10,23,0,0,0,29,16,13,5,3,2
58534301,437,250,187,16,164,37,61,11,6,5,1,30,23,30,34,3,17,8,9,182,124,58,161,73,88,4,0,4,65,39,26,8,6,2
59225101,78,45,33,7,20,9,9,2,2,1,0,7,4,4,5,2,2,0,2,32,24,8,28,12,16,1,1,0,12,6,6,3,2,1
54943601,161,96,65,3,67,18,18,7,2,2,2,15,7,7,10,1,6,3,3,77,54,23,54,29,25,4,0,4,15,6,9,5,4,1
58696001,91,53,38,7,29,10,4,3,4,2,0,9,3,8,8,1,2,1,1,35,23,12,34,20,14,2,1,1,11,5,6,7,3,4
57343401,439,249,190,12,143,60,72,14,11,10,8,27,14,27,29,3,14,7,7,172,119,53,154,79,75,2,0,2,85,35,50,12,9,3
54955001,130,78,52,4,53,8,20,7,1,3,0,5,3,10,12,0,8,5,3,56,42,14,45,19,26,2,0,2,15,9,6,4,3,1
54962201,428,235,193,8,122,23,60,43,13,7,6,46,13,25,40,3,22,14,8,127,86,41,171,85,86,13,1,12,84,41,43,11,8,3
54962203,19,11,8,0,10,0,5,0,1,1,0,0,0,0,2,0,2,2,0,6,4,2,7,5,2,0,0,0,3,0,3,1,0,1
58687101,152,90,62,11,55,14,16,5,7,3,0,8,3,5,14,5,4,2,2,77,57,20,43,18,25,2,0,2,18,7,11,8,6,2
1984550,0,0,0,0,0,0,0,0,0,0,0,0,0,0,0,0,0,0,0,0,0,0,0,0,0,0,0,0,0,0,0,0,0,0
58543201,168,98,70,8,67,16,12,11,4,2,2,10,9,12,13,0,7,1,6,59,42,17,61,34,27,2,1,1,33,15,18,6,5,1
58544101,318,184,134,10,123,27,32,12,17,10,1,27,13,22,13,1,9,4,5,137,91,46,94,46,48,2,0,2,66,35,31,10,8,2
58544102,29,15,14,0,12,5,2,1,1,1,0,2,0,3,1,0,2,0,2,14,9,5,6,2,4,0,0,0,7,4,3,0,0,0
58545901,87,54,33,5,44,5,3,6,7,1,0,2,1,3,8,0,5,2,3,34,23,11,38,23,15,1,0,1,6,4,2,3,2,1
58545902,2062,1109,953,37,561,124,200,79,258,42,20,173,82,146,218,13,61,27,34,590,369,221,764,385,379,39,14,25,530,268,262,78,46,32
58545903,136,84,52,7,56,11,10,12,5,1,0,5,2,7,11,2,8,2,6,64,49,15,39,21,18,3,0,3,21,11,10,1,1,0
58545904,115,68,47,4,37,6,9,7,11,4,1,6,12,3,11,3,4,0,4,63,41,22,26,14,12,2,1,1,20,12,8,0,0,0
58546701,848,463,385,26,243,60,107,33,30,20,12,77,47,68,87,4,23,9,14,260,172,88,301,155,146,14,3,11,227,110,117,23,14,9
55714501,226,128,98,10,60,31,39,6,2,6,5,14,13,12,17,0,6,4,2,60,41,19,92,50,42,3,2,1,49,18,31,16,13,3
58548301,151,87,64,4,41,14,26,14,7,4,2,9,11,5,10,0,12,7,5,69,43,26,53,27,26,2,1,1,13,7,6,2,2,0
58548302,50,26,24,2,23,1,3,4,0,1,1,8,1,1,4,0,3,0,3,20,12,8,17,8,9,1,1,0,6,4,2,3,1,2
58549101,331,182,149,5,130,21,55,15,7,4,5,25,15,18,17,2,14,7,7,129,85,44,113,58,55,8,2,6,60,26,34,7,4,3
58550501,333,198,135,8,117,35,47,13,5,13,7,32,9,19,19,1,11,3,8,111,80,31,124,65,59,6,3,3,67,37,30,14,10,4
58551304,438,246,192,5,166,30,64,14,18,8,0,39,16,26,29,3,26,16,10,126,78,48,147,74,73,13,4,9,90,48,42,36,26,10
58551305,41,26,15,1,20,3,2,3,0,2,0,2,1,0,4,0,0,0,0,17,12,5,14,7,7,0,0,0,9,6,3,1,1,0
58551306,43,27,16,11,13,1,3,6,1,0,1,5,0,1,1,0,4,3,1,21,12,9,10,5,5,1,1,0,4,3,1,3,3,0
58551308,994,533,461,11,473,62,106,46,32,15,10,85,36,38,52,4,60,28,32,405,250,155,335,161,174,12,4,8,138,59,79,44,31,13
58551309,13,8,5,3,1,0,0,6,1,0,0,0,0,0,1,0,0,0,0,4,2,2,5,4,1,2,1,1,1,0,1,1,1,0
58551310,78,47,31,0,40,9,9,2,1,2,3,2,2,2,3,0,7,6,1,36,22,14,20,13,7,1,0,1,10,4,6,4,2,2
58551311,24,18,6,1,14,0,3,0,0,0,0,3,1,1,0,0,3,2,1,15,13,2,2,1,1,0,0,0,3,1,2,1,1,0
58551313,103,57,46,1,41,7,18,5,3,0,1,5,5,7,7,1,7,3,4,44,30,14,33,12,21,0,0,0,15,9,6,4,3,1
58551314,246,134,112,2,90,17,29,7,8,2,4,25,16,19,19,0,12,4,8,67,48,19,99,47,52,7,4,3,55,26,29,6,5,1
58551315,24,14,10,1,8,3,3,1,1,0,0,1,0,0,4,1,0,0,0,6,5,1,11,4,7,1,0,1,5,4,1,1,1,0
58551316,215,122,93,5,93,14,24,13,8,5,3,16,8,7,12,1,23,15,8,86,54,32,78,39,39,1,0,1,23,14,9,4,0,4
58551317,528,287,241,6,241,24,62,21,14,13,4,52,24,22,36,0,26,15,11,179,108,71,173,88,85,10,3,7,126,61,65,14,12,2
58551318,740,409,331,11,271,49,91,32,19,24,14,65,42,60,38,3,30,18,12,196,132,64,284,142,142,17,8,9,192,93,99,21,16,5
58552101,291,160,131,4,108,40,22,8,8,5,2,16,18,19,34,0,5,0,5,133,82,51,100,51,49,5,0,5,46,26,20,2,1,1
58553001,606,369,237,23,219,161,36,4,8,5,2,22,24,22,62,3,31,10,21,283,210,73,207,103,104,8,2,6,55,24,31,22,20,2
58554801,271,171,100,18,91,73,13,7,6,5,1,12,7,10,22,3,13,6,7,134,94,40,78,46,32,1,1,0,28,13,15,17,11,6
58554802,53,32,21,4,19,15,0,1,6,0,0,1,3,0,4,0,0,0,0,29,17,12,17,12,5,2,1,1,2,1,1,3,1,2
58555601,239,127,112,8,100,17,22,23,8,3,1,18,9,11,9,1,10,6,4,109,68,41,75,31,44,3,0,3,29,12,17,13,10,3
54944401,203,115,88,11,90,15,22,8,3,1,0,12,11,11,7,1,17,7,10,87,61,26,64,30,34,2,0,2,22,11,11,11,6,5
55717001,194,117,77,9,56,22,22,16,11,4,1,18,8,6,10,0,8,5,3,80,56,24,60,31,29,5,1,4,34,17,17,7,7,0
1167930,0,0,0,0,0,0,0,0,0,0,0,0,0,0,0,0,0,0,0,0,0,0,0,0,0,0,0,0,0,0,0,0,0,0
1168070,0,0,0,0,0,0,0,0,0,0,0,0,0,0,0,0,0,0,0,0,0,0,0,0,0,0,0,0,0,0,0,0,0,0
1168150,0,0,0,0,0,0,0,0,0,0,0,0,0,0,0,0,0,0,0,0,0,0,0,0,0,0,0,0,0,0,0,0,0,0
3412230,0,0,0,0,0,0,0,0,0,0,0,0,0,0,0,0,0,0,0,0,0,0,0,0,0,0,0,0,0,0,0,0,0,0
58559901,515,293,222,7,204,31,77,19,14,14,14,45,22,20,25,3,17,8,9,152,100,52,189,99,90,9,3,6,135,76,59,13,7,6
58559903,1853,998,855,10,814,77,258,88,81,26,19,147,53,85,118,13,141,80,61,683,408,275,636,310,326,36,12,24,292,145,147,65,43,22
58559904,402,226,176,4,190,19,44,20,15,6,4,39,13,10,23,5,41,25,16,178,114,64,117,57,60,3,0,3,57,27,30,6,3,3
58559905,31,16,15,0,14,0,5,4,0,0,0,1,1,2,4,0,2,2,0,12,5,7,10,5,5,2,1,1,3,2,1,2,1,1
58559908,3,3,0,1,1,0,0,0,0,0,0,0,0,0,0,0,0,0,0,0,0,0,0,0,0,1,1,0,0,0,0,2,2,0
58559909,2380,1297,1083,32,1121,100,247,88,86,48,29,174,94,151,127,7,223,130,93,778,464,314,790,399,391,42,15,27,426,214,212,121,75,46
58559910,31,23,8,1,19,2,1,2,1,0,0,3,0,0,0,2,2,1,1,12,8,4,8,6,2,1,1,0,2,1,1,6,6,0
58559912,1318,689,629,10,622,56,171,64,37,24,15,99,53,59,58,10,104,53,51,531,310,221,424,211,213,16,2,14,199,87,112,44,26,18
58559913,409,216,193,4,138,31,31,16,17,14,1,50,22,42,28,1,9,5,4,104,57,47,157,85,72,4,1,3,132,67,65,3,1,2
58559914,1746,991,755,23,782,79,204,66,53,50,24,140,75,99,84,9,116,63,53,603,375,228,595,304,291,29,14,15,303,154,149,100,81,19
58559915,12,8,4,1,7,1,1,0,0,0,0,0,0,1,1,0,0,0,0,4,3,1,5,3,2,0,0,0,3,2,1,0,0,0
55687401,155,85,70,7,49,15,11,6,5,3,1,21,8,4,14,2,3,3,0,64,41,23,51,21,30,3,1,2,32,18,14,2,1,1
53481101,104,59,45,2,29,9,12,3,9,3,0,9,4,7,7,0,2,0,2,49,32,17,31,18,13,0,0,0,18,7,11,4,2,2
58561101,147,89,58,4,53,19,12,9,4,4,1,11,5,11,7,0,8,5,3,58,40,18,56,31,25,3,0,3,16,7,9,6,6,0
54946101,435,241,194,7,183,35,57,27,9,7,8,29,21,24,13,3,21,10,11,177,110,67,135,72,63,8,2,6,76,35,41,18,12,6
54953301,331,191,140,23,117,32,44,6,18,3,4,11,18,23,20,4,6,2,4,136,91,45,131,71,60,10,3,7,37,17,20,11,7,4
54940101,574,317,257,16,143,44,47,21,68,13,4,54,27,41,60,6,14,6,8,172,113,59,209,94,115,4,1,3,151,84,67,24,19,5
54940102,38,21,17,2,9,4,3,1,2,1,1,4,0,5,3,0,1,0,1,10,7,3,12,6,6,0,0,0,12,6,6,3,2,1
58566101,25,13,12,2,11,1,4,0,1,1,0,0,1,3,1,0,4,2,2,10,5,5,6,3,3,1,1,0,4,2,2,0,0,0
58566102,374,210,164,12,125,47,42,12,10,11,6,19,13,25,35,3,14,9,5,153,102,51,123,55,68,6,2,4,67,34,33,11,8,3
58567001,418,240,178,5,135,44,67,15,17,16,9,25,17,29,19,0,10,4,6,160,113,47,144,67,77,3,1,2,91,49,42,10,6,4
55698001,23,15,8,4,10,3,1,0,1,1,0,0,0,1,0,0,1,1,0,15,12,3,5,2,3,2,0,2,0,0,0,0,0,0
55698002,260,150,110,12,130,25,15,5,14,0,2,12,13,16,10,1,9,6,3,119,75,44,76,46,30,5,2,3,39,15,24,12,6,6
58691901,114,70,44,10,47,19,5,2,6,3,0,13,3,3,2,0,0,0,0,54,33,21,45,27,18,0,0,0,13,8,5,2,2,0
58572601,410,231,179,10,180,26,46,12,16,11,7,24,16,24,23,3,22,10,12,146,95,51,134,72,62,7,1,6,86,43,43,15,10,5
58573401,307,176,131,14,129,19,26,20,15,10,1,16,13,10,28,1,13,4,9,148,100,48,90,44,46,3,2,1,45,19,26,8,7,1
3138580,0,0,0,0,0,0,0,0,0,0,0,0,0,0,0,0,0,0,0,0,0,0,0,0,0,0,0,0,0,0,0,0,0,0
3138660,0,0,0,0,0,0,0,0,0,0,0,0,0,0,0,0,0,0,0,0,0,0,0,0,0,0,0,0,0,0,0,0,0,0
3411510,0,0,0,0,0,0,0,0,0,0,0,0,0,0,0,0,0,0,0,0,0,0,0,0,0,0,0,0,0,0,0,0,0,0
58575101,234,128,106,7,79,28,30,10,13,5,0,9,9,15,22,2,3,1,2,86,58,28,92,47,45,2,0,2,46,18,28,5,4,1
58575103,147,86,61,4,73,6,6,8,9,1,0,11,7,10,8,0,2,1,1,63,42,21,57,32,25,7,0,7,16,9,7,2,2,0
58575104,40,21,19,0,12,5,6,2,0,2,1,4,1,4,2,1,0,0,0,13,8,5,16,7,9,1,0,1,10,6,4,0,0,0
58575105,326,182,144,15,123,28,28,9,18,4,4,26,23,22,17,0,11,5,6,147,94,53,108,54,54,4,1,3,52,25,27,4,3,1
58575106,391,219,172,12,135,25,34,17,15,9,2,31,23,39,33,3,5,1,4,131,84,47,142,78,64,8,2,6,93,47,46,12,7,5
58575107,837,463,374,13,351,59,77,37,33,16,14,60,41,62,53,3,28,17,11,254,161,93,341,172,169,23,10,13,166,86,80,25,17,8
58575109,531,292,239,6,196,30,59,34,17,15,7,48,28,43,35,0,20,8,12,151,99,52,199,105,94,7,2,5,146,74,72,8,4,4
58575110,510,281,229,13,198,48,43,23,23,10,5,45,23,31,34,2,13,7,6,196,124,72,200,103,97,8,2,6,75,31,44,18,14,4
58576901,255,145,110,9,98,22,31,16,9,10,2,10,7,21,17,0,13,7,6,99,67,32,77,39,38,6,2,4,54,27,27,6,3,3
58577701,1596,847,749,37,605,114,252,94,41,41,14,132,56,75,76,8,91,45,46,571,371,200,544,239,305,15,4,11,271,133,138,104,55,49
58579301,847,489,358,24,392,49,94,36,34,11,9,63,34,38,43,2,50,34,16,353,240,113,290,141,149,10,1,9,115,52,63,29,21,8
58580701,205,124,81,16,78,24,12,9,10,4,2,11,8,14,10,1,9,3,6,92,68,24,69,37,32,1,1,0,19,6,13,15,9,6
58581501,132,70,62,1,45,5,22,7,3,3,1,13,9,6,9,0,10,0,10,41,25,16,47,28,19,2,0,2,28,16,12,4,1,3
58583101,206,113,93,17,78,29,15,3,5,1,4,8,11,11,18,3,7,0,7,77,50,27,78,45,33,4,0,4,34,13,21,6,5,1
58583102,704,412,292,47,290,73,54,25,19,5,9,29,36,58,40,3,26,11,15,294,195,99,224,123,101,7,4,3,117,60,57,36,19,17
58583103,19,13,6,6,7,1,0,0,0,2,1,0,1,0,1,0,0,0,0,10,6,4,2,2,0,1,1,0,2,1,1,4,3,1
58583105,13,9,4,5,2,1,0,2,0,0,0,0,0,1,1,0,1,1,0,4,3,1,3,2,1,0,0,0,3,1,2,2,2,0
54493101,247,154,93,8,109,33,20,10,4,1,3,10,10,17,14,1,9,4,5,119,81,38,81,51,30,2,0,2,25,9,16,11,9,2
54964901,705,408,297,17,257,77,109,31,24,15,11,45,27,38,32,7,27,13,14,249,159,90,235,128,107,10,5,5,142,71,71,42,32,10
53518401,9,4,5,0,5,1,0,1,0,0,0,1,1,0,0,0,0,0,0,5,2,3,3,2,1,0,0,0,1,0,1,0,0,0
53518402,141,80,61,11,73,11,6,2,5,2,2,6,6,3,11,1,9,4,5,72,44,28,32,17,15,1,0,1,22,12,10,5,3,2
58585801,1143,657,486,29,528,87,111,51,31,17,11,91,37,62,67,3,101,68,33,451,311,140,372,170,202,13,5,8,148,65,83,58,38,20
58585802,80,51,29,5,32,6,6,7,3,1,0,12,1,0,2,1,6,4,2,34,26,8,27,15,12,0,0,0,8,3,5,5,3,2
58586601,557,326,231,12,221,84,63,35,20,8,9,30,8,31,20,1,33,16,17,272,184,88,157,80,77,4,1,3,56,21,35,35,24,11
58587401,137,73,64,11,43,13,12,4,6,1,5,7,6,11,8,3,4,1,3,52,32,20,44,21,23,4,1,3,28,14,14,5,4,1
58588201,617,332,285,12,228,54,53,36,22,11,9,40,27,49,64,2,29,8,21,247,160,87,217,106,111,7,3,4,105,48,57,12,7,5
58589101,121,74,47,7,48,17,6,6,3,5,3,6,5,6,7,1,7,5,2,51,39,12,38,21,17,2,0,2,18,7,11,5,2,3
58589102,132,76,56,5,51,11,12,6,4,1,0,9,10,10,10,0,5,1,4,62,36,26,47,30,17,3,0,3,15,9,6,0,0,0
58589103,49,27,22,5,24,2,1,6,1,1,0,2,0,2,3,1,4,3,1,20,12,8,11,5,6,2,1,1,8,4,4,4,2,2
58589104,409,229,180,10,166,34,49,11,20,3,8,16,27,18,32,2,18,10,8,155,98,57,155,86,69,4,1,3,65,26,39,12,8,4
58589105,15,10,5,2,4,5,1,0,0,0,0,0,2,1,0,0,1,0,1,1,1,0,4,1,3,0,0,0,3,2,1,6,6,0
58589107,643,359,284,15,223,59,69,18,22,9,3,42,36,76,37,5,23,7,16,215,137,78,205,117,88,10,4,6,162,76,86,28,18,10
58589109,775,429,346,21,304,76,71,32,28,5,12,38,42,60,49,4,40,16,24,267,177,90,282,143,139,10,3,7,154,75,79,22,15,7
58589110,138,80,58,2,43,11,24,6,3,3,2,4,12,10,8,2,6,1,5,47,33,14,50,25,25,1,1,0,32,18,14,2,2,0
54511201,161,93,68,14,46,29,14,6,4,0,0,8,10,14,12,1,4,1,3,46,34,12,63,31,32,5,0,5,28,15,13,15,12,3
58591201,375,211,164,19,148,22,36,15,8,7,8,17,27,32,22,0,13,6,7,153,95,58,119,64,55,5,1,4,78,39,39,7,6,1
58592101,410,231,179,10,158,44,50,17,10,10,6,25,13,20,28,3,20,13,7,148,98,50,139,74,65,4,1,3,84,36,48,15,9,6
3411260,0,0,0,0,0,0,0,0,0,0,0,0,0,0,0,0,0,0,0,0,0,0,0,0,0,0,0,0,0,0,0,0,0,0
58593901,97,56,41,10,30,9,11,6,4,6,0,3,4,6,6,0,2,1,1,31,21,10,32,18,14,1,0,1,24,12,12,7,4,3
58593902,587,318,269,18,205,29,74,28,23,19,10,27,31,49,51,2,26,13,13,197,121,76,201,112,89,6,1,5,137,60,77,20,11,9
58593903,614,327,287,14,203,49,89,26,23,16,9,33,28,51,44,4,26,10,16,203,136,67,204,106,98,9,4,5,149,60,89,23,11,12
58593904,28,15,13,2,13,1,2,2,1,0,0,3,2,1,1,0,1,0,1,15,9,6,4,3,1,0,0,0,6,2,4,2,1,1
58593905,358,190,168,11,108,25,41,13,4,13,0,44,19,45,25,0,12,6,6,90,64,26,131,58,73,7,2,5,109,56,53,9,4,5
58593906,19,11,8,1,8,3,1,0,1,1,0,0,2,2,0,0,2,1,1,4,3,1,9,5,4,0,0,0,4,2,2,0,0,0
58593907,80,44,36,2,32,2,4,2,3,3,0,6,4,10,5,0,1,0,1,13,11,2,38,21,17,2,1,1,22,9,13,4,2,2
58593908,43,27,16,6,11,1,7,3,5,0,1,0,2,1,6,0,3,1,2,20,16,4,12,8,4,1,0,1,6,2,4,1,0,1
58593909,513,287,226,13,199,30,63,19,14,11,4,32,28,41,38,4,18,8,10,179,116,63,179,93,86,9,6,3,99,42,57,29,22,7
58593911,23,13,10,3,5,2,0,2,0,2,0,1,0,3,5,0,1,0,1,9,6,3,5,3,2,1,1,0,6,2,4,1,1,0
58699401,93,54,39,7,31,12,11,7,2,2,1,2,6,5,5,0,1,0,1,53,33,20,20,11,9,1,0,1,14,6,8,4,4,0
58595501,497,279,218,28,200,58,48,18,14,6,4,31,22,34,21,3,14,5,9,211,135,76,179,98,81,7,2,5,73,33,40,13,6,7
58595502,180,98,82,13,75,14,16,7,4,4,4,8,13,9,9,1,7,3,4,75,48,27,60,28,32,2,1,1,23,10,13,13,8,5
58596301,185,104,81,15,58,11,27,8,1,7,3,13,7,9,18,1,14,5,9,88,57,31,49,24,25,4,3,1,28,13,15,2,2,0
58597101,557,306,251,18,205,64,67,40,20,14,6,39,15,30,20,2,30,12,18,245,161,84,162,77,85,6,0,6,99,45,54,15,11,4
58598001,418,244,174,16,203,59,16,16,11,5,2,17,15,26,24,2,16,6,10,197,133,64,116,62,54,7,3,4,55,20,35,27,20,7
58599801,111,67,44,8,33,13,18,10,3,3,1,6,5,6,4,0,6,4,2,49,36,13,39,18,21,1,0,1,12,6,6,4,3,1
58599802,564,320,244,19,199,60,59,24,9,16,6,38,22,46,36,2,20,10,10,207,145,62,172,79,93,9,3,6,141,74,67,15,9,6
58599803,38,23,15,3,11,2,3,8,0,3,0,3,1,2,2,0,0,0,0,21,17,4,9,3,6,0,0,0,6,2,4,2,1,1
58599804,50,27,23,8,8,6,6,5,3,0,0,4,2,3,1,1,1,1,0,16,11,5,14,4,10,0,0,0,13,6,7,6,5,1
0359390,0,0,0,0,0,0,0,0,0,0,0,0,0,0,0,0,0,0,0,0,0,0,0,0,0,0,0,0,0,0,0,0,0,0
0360640,0,0,0,0,0,0,0,0,0,0,0,0,0,0,0,0,0,0,0,0,0,0,0,0,0,0,0,0,0,0,0,0,0,0
0360720,0,0,0,0,0,0,0,0,0,0,0,0,0,0,0,0,0,0,0,0,0,0,0,0,0,0,0,0,0,0,0,0,0,0
0361290,0,0,0,0,0,0,0,0,0,0,0,0,0,0,0,0,0,0,0,0,0,0,0,0,0,0,0,0,0,0,0,0,0,0
3318560,0,0,0,0,0,0,0,0,0,0,0,0,0,0,0,0,0,0,0,0,0,0,0,0,0,0,0,0,0,0,0,0,0,0
58506802,241,130,111,3,78,14,35,11,5,7,6,21,10,15,21,3,12,5,7,56,33,23,95,51,44,4,2,2,68,38,30,6,1,5
58506803,335,182,153,2,74,23,53,10,9,9,10,41,13,36,27,1,8,4,4,58,41,17,115,59,56,10,4,6,136,69,67,8,5,3
58506804,425,245,180,6,105,32,55,24,14,18,11,46,25,31,37,4,8,6,2,90,59,31,162,96,66,6,1,5,151,80,71,8,3,5
58506805,379,190,189,1,83,26,44,24,14,16,8,38,26,27,52,3,7,2,5,80,47,33,156,72,84,7,4,3,119,61,58,10,4,6
58506806,18,9,9,0,2,2,2,1,1,0,1,1,1,6,0,0,1,1,0,5,3,2,5,2,3,3,1,2,4,2,2,0,0,0
58506807,23,14,9,0,3,2,4,1,1,0,0,6,4,2,0,0,2,0,2,7,5,2,8,5,3,0,0,0,5,3,2,1,1,0
58506809,18,13,5,1,5,1,4,1,1,0,0,0,2,1,1,0,1,1,0,5,4,1,7,5,2,0,0,0,3,1,2,2,2,0
58506810,40,24,16,6,11,4,3,0,3,2,1,1,2,4,1,0,1,1,0,12,9,3,13,6,7,1,0,1,11,7,4,2,1,1
58506811,396,208,188,10,111,31,55,20,10,11,4,44,14,31,34,1,22,11,11,132,84,48,123,61,62,9,1,8,101,44,57,9,7,2
58506812,192,108,84,3,44,11,29,5,7,5,7,23,11,18,16,0,5,2,3,27,19,8,74,36,38,3,3,0,74,41,33,9,7,2
58506813,903,481,422,18,234,69,115,31,32,51,20,85,49,81,64,1,38,21,17,174,106,68,322,167,155,14,5,9,341,176,165,14,6,8
58506814,70,39,31,3,19,5,11,5,3,1,1,5,0,6,6,0,2,1,1,25,20,5,23,9,14,0,0,0,20,9,11,0,0,0
58506815,118,65,53,4,44,15,14,5,2,1,3,12,6,5,3,0,2,2,0,44,26,18,46,22,24,1,1,0,24,13,11,1,1,0
58506816,71,36,35,1,28,4,9,4,3,4,1,7,5,0,2,0,1,0,1,22,11,11,24,10,14,1,0,1,20,13,7,3,2,1
58506817,119,62,57,2,41,5,19,3,6,3,0,10,7,9,6,0,8,2,6,33,22,11,43,24,19,1,0,1,31,13,18,3,1,2
58506818,403,219,184,4,127,30,75,12,14,11,4,41,15,28,29,0,28,17,11,129,86,43,151,72,79,4,0,4,83,38,45,8,6,2
58506820,10,7,3,1,1,1,1,2,0,0,1,0,0,0,3,0,0,0,0,4,3,1,2,1,1,0,0,0,4,3,1,0,0,0
58506821,575,310,265,2,164,56,67,21,16,26,9,72,23,36,56,3,24,10,14,118,80,38,231,117,114,18,6,12,173,91,82,11,6,5
58506822,36,20,16,0,8,4,6,1,2,4,0,3,2,2,2,0,0,0,0,5,4,1,15,10,5,0,0,0,16,6,10,0,0,0
58506823,1104,566,538,15,311,56,175,50,44,49,21,107,57,71,99,4,51,23,28,273,181,92,430,193,237,14,6,8,302,142,160,34,21,13
58506825,32,15,17,0,12,1,3,0,0,2,0,3,1,4,5,0,3,2,1,11,6,5,13,5,8,0,0,0,3,2,1,2,0,2
58506826,32,17,15,1,9,1,7,1,1,1,0,4,2,3,1,0,1,1,0,8,4,4,5,4,1,0,0,0,18,8,10,0,0,0
58506827,603,335,268,3,163,44,86,22,15,26,8,95,15,39,55,5,32,14,18,144,93,51,223,123,100,15,5,10,178,91,87,11,9,2
58506828,614,329,285,4,160,45,88,19,14,19,13,101,24,35,49,0,23,10,13,132,87,45,210,101,109,6,3,3,237,126,111,6,2,4
58506829,170,88,82,10,38,20,27,16,5,3,2,13,13,9,7,1,6,3,3,58,40,18,52,22,30,7,1,6,40,21,19,7,1,6
58506831,965,511,454,17,242,78,137,42,25,39,14,110,38,79,101,6,33,16,17,211,132,79,317,149,168,18,3,15,363,198,165,23,13,10
58506832,927,498,429,16,262,77,148,28,21,32,21,99,41,56,64,6,28,13,15,256,169,87,319,156,163,20,7,13,287,143,144,17,10,7
58506834,95,56,39,3,41,8,12,2,4,2,0,7,4,3,5,0,4,2,2,43,34,9,29,9,20,2,1,1,15,8,7,2,2,0
58506835,314,172,142,12,110,29,36,16,8,10,2,22,19,15,18,1,16,7,9,99,70,29,119,61,58,5,1,4,72,31,41,3,2,1
58506837,315,166,149,12,94,30,45,15,10,8,2,24,16,18,24,3,19,8,11,100,67,33,108,51,57,4,0,4,79,38,41,5,2,3
58506838,24,15,9,1,10,2,4,0,2,0,0,4,0,0,1,0,2,2,0,10,7,3,8,4,4,0,0,0,4,2,2,0,0,0
58506840,718,401,317,12,195,56,99,31,20,31,9,88,31,57,56,3,35,17,18,158,110,48,254,123,131,10,6,4,252,139,113,9,6,3
58506841,2005,1050,955,14,653,111,328,96,82,57,39,185,78,138,141,10,107,63,44,609,355,254,729,359,370,43,19,24,456,215,241,61,39,22
58506842,72,41,31,0,24,5,11,5,2,1,0,5,1,11,3,0,0,0,0,26,17,9,22,10,12,2,2,0,21,11,10,1,1,0
58506843,794,437,357,15,204,56,115,23,35,26,15,97,43,50,73,2,34,22,12,190,129,61,295,146,149,15,3,12,231,118,113,29,19,10
58506844,7,4,3,0,2,0,2,0,0,0,0,1,1,0,1,0,0,0,0,4,3,1,2,0,2,0,0,0,1,1,0,0,0,0
58506845,246,139,107,5,56,25,35,5,17,5,5,37,13,10,26,0,10,4,6,52,41,11,86,46,40,6,1,5,85,44,41,7,3,4
58506847,56,25,31,0,13,4,10,1,1,1,1,13,0,5,6,0,1,0,1,9,5,4,20,8,12,1,0,1,24,11,13,1,1,0
58506848,511,271,240,3,124,25,59,18,22,24,12,60,33,50,58,0,18,10,8,91,58,33,178,90,88,6,1,5,202,101,101,16,11,5
58506850,120,64,56,2,25,4,22,2,6,3,4,11,10,10,12,1,1,0,1,23,16,7,47,25,22,1,0,1,42,20,22,6,3,3
58506851,1384,698,686,5,334,75,210,57,47,65,28,154,75,105,148,11,84,47,37,344,201,143,484,226,258,29,13,16,385,175,210,58,36,22
58506852,549,275,274,5,128,23,73,22,16,30,15,50,28,51,79,1,23,8,15,125,83,42,189,91,98,16,7,9,186,79,107,10,7,3
58506853,6565,3412,3153,42,1801,368,903,247,258,296,167,725,356,496,596,15,292,149,143,1692,1007,685,2377,1144,1233,115,40,75,1921,982,939,168,90,78
58506854,30,15,15,1,15,1,0,5,0,0,1,0,1,2,2,1,0,0,0,8,5,3,13,7,6,3,0,3,5,2,3,1,1,0
58506855,621,327,294,7,125,23,69,22,32,33,17,101,38,63,55,3,28,16,12,107,64,43,190,94,96,16,3,13,268,144,124,12,6,6
58506856,920,482,438,13,187,91,115,31,30,37,29,112,48,70,99,5,23,12,11,173,111,62,343,163,180,16,5,11,339,175,164,26,16,10
58506857,1866,991,875,17,467,105,258,73,50,91,35,203,105,181,163,12,83,43,40,392,250,142,652,322,330,41,11,30,641,330,311,57,35,22
58506858,1611,962,649,23,422,108,208,76,92,53,32,199,60,101,94,28,118,71,47,393,264,129,493,260,233,24,10,14,361,188,173,222,169,53
58506859,693,375,318,10,163,42,87,32,20,37,19,94,30,58,59,9,27,13,14,136,85,51,254,129,125,15,6,9,239,130,109,22,12,10
58506860,247,134,113,4,58,18,39,10,2,10,5,25,13,23,24,3,11,6,5,64,42,22,80,42,38,8,2,6,71,34,37,13,8,5
58506861,14,7,7,0,4,0,3,0,0,0,0,2,0,0,2,0,2,2,0,1,0,1,4,1,3,1,0,1,6,4,2,0,0,0
58506862,83,56,27,1,17,2,13,3,8,7,6,10,2,0,6,1,3,3,0,13,12,1,31,21,10,2,0,2,32,19,13,2,1,1
58506863,611,331,280,6,155,26,98,11,24,31,12,73,27,59,41,9,41,24,17,144,80,64,189,89,100,11,7,4,202,117,85,24,14,10
58506864,234,128,106,4,59,14,28,11,5,8,6,33,5,21,30,1,13,8,5,30,19,11,60,28,32,4,1,3,124,71,53,3,1,2
58506865,779,404,375,4,204,40,115,36,32,32,16,92,36,64,69,1,31,19,12,195,119,76,255,113,142,13,3,10,256,131,125,29,19,10
58506866,935,485,450,6,216,71,156,28,37,31,21,88,49,63,113,6,35,20,15,230,144,86,359,156,203,16,7,9,274,143,131,21,15,6
58506867,1554,843,711,18,466,78,218,52,56,49,21,171,78,113,119,6,93,58,35,465,289,176,530,252,278,27,13,14,403,210,193,36,21,15
58506868,1125,586,539,13,262,80,169,41,57,59,16,118,64,86,86,12,53,28,25,254,161,93,403,204,199,21,5,16,350,154,196,44,34,10
58506869,3233,1698,1535,24,893,196,424,142,125,126,79,368,147,244,282,24,190,97,93,877,526,351,1122,539,583,63,24,39,867,442,425,114,70,44
58506870,595,315,280,6,130,44,80,31,22,25,14,57,50,38,58,0,20,9,11,146,90,56,228,122,106,15,3,12,166,79,87,20,12,8
50001101,230,130,100,14,70,19,25,22,9,9,5,14,15,14,9,2,14,11,3,73,49,24,76,38,38,3,1,2,57,26,31,7,5,2
50001102,743,412,331,21,247,58,107,48,18,18,10,53,34,38,65,4,31,16,15,253,166,87,270,139,131,14,6,8,156,75,81,19,10,9
58601301,76,42,34,0,30,6,11,3,3,2,0,8,2,3,3,0,3,3,0,24,13,11,34,18,16,0,0,0,12,6,6,3,2,1
58601302,512,287,225,20,218,30,51,18,11,9,4,39,32,36,32,0,26,9,17,190,133,57,191,92,99,9,2,7,86,44,42,10,7,3
55192901,167,89,78,16,40,20,16,10,5,1,2,7,14,18,11,1,10,3,7,72,46,26,52,22,30,1,0,1,25,13,12,7,5,2
59719801,103,58,45,30,46,3,3,5,2,0,0,4,6,1,0,1,14,7,7,62,39,23,18,6,12,3,2,1,2,1,1,4,3,1
59719802,14,8,6,0,4,1,1,2,0,0,1,2,1,2,0,0,0,0,0,5,4,1,6,3,3,0,0,0,3,1,2,0,0,0
0066450,0,0,0,0,0,0,0,0,0,0,0,0,0,0,0,0,0,0,0,0,0,0,0,0,0,0,0,0,0,0,0,0,0,0
59720101,98,57,41,22,16,5,6,6,6,1,0,10,11,6,5,1,6,2,4,49,29,20,21,12,9,1,0,1,14,7,7,7,7,0
59720103,11,8,3,3,3,2,0,1,0,0,0,1,0,0,1,0,2,1,1,5,4,1,3,2,1,0,0,0,1,1,0,0,0,0
59720105,37,21,16,15,5,1,0,4,1,0,0,3,2,1,5,0,5,1,4,19,13,6,9,3,6,0,0,0,1,1,0,3,3,0
59721001,561,296,265,18,193,36,53,46,13,5,8,28,43,35,64,3,16,9,7,190,122,68,224,114,110,17,3,14,87,29,58,27,19,8
59721002,106,55,51,7,20,14,9,10,1,0,0,10,5,12,12,2,9,3,6,39,27,12,34,15,19,0,0,0,21,9,12,3,1,2
0132260,0,0,0,0,0,0,0,0,0,0,0,0,0,0,0,0,0,0,0,0,0,0,0,0,0,0,0,0,0,0,0,0,0,0
59718002,13,8,5,1,2,1,0,1,0,0,0,4,4,0,0,0,1,1,0,1,1,0,4,2,2,0,0,0,6,3,3,1,1,0
59718003,278,141,137,12,80,16,30,12,19,5,3,33,27,10,16,4,24,12,12,88,52,36,106,45,61,3,1,2,40,18,22,17,13,4
59718004,186,120,66,8,71,23,9,12,8,1,0,15,9,4,6,14,39,24,15,68,47,21,18,8,10,2,1,1,14,6,8,45,34,11
59718005,148,79,69,1,49,10,18,11,7,2,2,9,14,17,4,0,11,4,7,60,38,22,49,25,24,4,3,1,18,7,11,6,2,4
59718006,7,6,1,0,0,1,0,0,1,0,1,2,0,0,1,1,0,0,0,3,3,0,2,2,0,0,0,0,0,0,0,2,1,1
59718007,1503,774,729,37,530,123,153,90,55,17,16,102,117,88,108,18,104,56,48,614,361,253,461,193,268,16,4,12,203,90,113,105,70,35
59718008,203,117,86,5,55,17,23,7,8,6,2,17,18,17,17,1,20,15,5,63,40,23,65,28,37,2,1,1,46,27,19,7,6,1
59718009,861,453,408,23,252,63,80,54,26,19,13,63,78,73,90,5,54,23,31,262,180,82,318,151,167,15,4,11,180,82,98,32,13,19
59718010,1253,634,619,27,439,87,104,79,44,17,17,85,115,76,105,11,108,52,56,514,309,205,409,175,234,9,2,7,168,68,100,45,28,17
59718012,168,88,80,9,44,12,24,7,6,1,3,15,12,15,13,1,13,7,6,43,25,18,64,34,30,1,1,0,40,17,23,7,4,3
59718013,1644,849,795,37,532,119,179,82,77,24,25,105,154,134,112,17,108,47,61,650,403,247,555,248,307,22,5,17,251,109,142,58,37,21
59718014,578,298,280,14,158,45,60,32,20,8,7,36,65,55,59,4,22,10,12,169,103,66,207,98,109,7,0,7,153,73,80,20,14,6
59722801,15,7,8,7,4,1,1,0,1,0,1,0,0,0,0,0,1,0,1,6,3,3,6,4,2,0,0,0,2,0,2,0,0,0
59722802,1164,687,477,57,628,86,81,36,27,13,12,50,51,55,38,13,78,39,39,530,356,174,354,173,181,7,3,4,121,58,63,74,58,16
59722803,53,27,26,7,26,7,3,1,0,0,0,1,1,2,4,1,9,5,4,26,13,13,14,7,7,0,0,0,1,0,1,3,2,1
59722804,9,4,5,2,1,1,0,1,0,0,0,0,2,1,0,1,0,0,0,3,1,2,4,3,1,0,0,0,1,0,1,1,0,1
56960701,59,31,28,3,22,5,12,3,0,3,1,2,2,1,5,0,7,4,3,28,18,10,18,8,10,0,0,0,6,1,5,0,0,0
56960702,14,9,5,1,1,2,1,3,1,2,0,1,0,0,1,0,0,0,0,3,1,2,7,5,2,0,0,0,4,3,1,0,0,0
55200301,153,91,62,22,45,16,14,11,4,3,1,4,9,9,9,1,14,10,4,68,48,20,47,18,29,0,0,0,20,13,7,4,2,2
59725201,190,107,83,36,49,10,21,7,8,2,0,16,15,8,12,4,17,11,6,98,63,35,52,22,30,0,0,0,20,9,11,3,2,1
55186401,88,54,34,7,26,6,6,12,4,1,0,9,6,1,6,3,12,9,3,42,28,14,23,10,13,0,0,0,4,2,2,7,5,2
55186403,23,11,12,3,7,1,0,2,0,0,0,2,2,1,3,2,3,1,2,7,4,3,7,2,5,1,0,1,2,2,0,3,2,1
55170801,38,25,13,1,10,3,3,2,3,0,0,4,7,1,2,0,1,1,0,19,14,5,12,6,6,0,0,0,6,4,2,0,0,0
59728701,109,56,53,16,29,9,7,0,7,4,0,4,11,13,3,1,5,1,4,34,21,13,43,21,22,1,1,0,19,6,13,7,6,1
59728702,70,41,29,18,13,6,7,2,8,1,0,4,4,3,2,0,12,9,3,31,20,11,17,8,9,0,0,0,7,3,4,3,1,2
59731701,545,301,244,43,261,44,25,23,11,1,0,27,31,28,34,8,58,27,31,254,159,95,148,62,86,3,2,1,45,24,21,37,27,10
59732501,135,78,57,34,32,10,6,6,7,2,0,7,10,6,8,3,16,9,7,62,38,24,32,14,18,1,0,1,19,13,6,5,4,1
55187201,56,31,25,11,8,6,1,3,2,0,0,1,10,6,6,2,14,7,7,20,14,6,12,3,9,0,0,0,1,1,0,9,6,3
55187202,9,8,1,1,5,2,0,0,0,0,0,1,0,0,0,0,1,1,0,5,4,1,0,0,0,0,0,0,0,0,0,3,3,0
59734102,68,39,29,17,7,3,7,8,2,2,0,5,4,6,6,1,4,1,3,32,21,11,25,12,13,1,1,0,5,3,2,1,1,0
59734103,152,93,59,25,40,25,2,12,3,3,1,6,8,7,12,7,17,6,11,69,49,20,39,21,18,0,0,0,13,6,7,14,11,3
59734104,14,10,4,2,2,1,2,0,1,0,2,2,0,0,2,0,0,0,0,2,2,0,7,5,2,1,1,0,4,2,2,0,0,0
59734105,33,20,13,2,8,3,3,0,2,1,1,5,3,1,2,1,1,0,1,12,8,4,13,9,4,0,0,0,5,1,4,2,2,0
59734107,42,24,18,11,9,2,4,1,2,1,0,3,2,4,1,0,4,4,0,13,9,4,19,8,11,0,0,0,6,3,3,0,0,0
59735001,845,474,371,27,395,65,60,38,18,5,16,46,40,57,46,11,57,28,29,362,229,133,268,127,141,3,2,1,96,40,56,59,48,11
59735002,142,83,59,13,58,12,15,5,5,0,3,11,9,6,5,0,17,13,4,64,38,26,40,22,18,2,0,2,15,8,7,4,2,2
59736801,21,10,11,4,9,3,2,0,0,0,0,0,1,1,1,0,1,0,1,6,4,2,6,1,5,0,0,0,8,5,3,0,0,0
59736802,253,141,112,23,81,37,19,20,3,1,1,7,18,17,17,3,22,7,15,130,84,46,66,29,37,1,1,0,16,6,10,18,14,4
59736803,22,12,10,3,4,2,2,1,1,0,1,4,0,1,2,0,1,1,0,10,5,5,5,2,3,0,0,0,6,4,2,0,0,0
59736804,16,6,10,2,2,2,0,0,4,0,0,2,2,1,0,0,2,0,2,4,4,0,5,1,4,0,0,0,5,1,4,0,0,0
59736805,50,28,22,10,17,7,2,0,4,0,0,1,0,4,3,0,6,4,2,27,18,9,12,4,8,0,0,0,4,1,3,1,1,0
55180501,147,82,65,10,60,14,8,4,6,2,1,11,12,7,6,1,14,5,9,61,37,24,49,27,22,0,0,0,15,8,7,8,5,3
59739201,154,98,56,20,36,10,13,18,2,2,1,4,11,6,22,4,7,4,3,65,47,18,46,22,24,2,2,0,16,9,7,18,14,4
59739202,17,10,7,3,2,3,1,1,1,0,1,0,2,1,1,1,0,0,0,6,6,0,7,3,4,0,0,0,4,1,3,0,0,0
59739203,37,18,19,8,3,5,3,1,0,0,1,4,2,2,7,0,2,0,2,14,10,4,12,4,8,0,0,0,7,3,4,2,1,1
59739204,79,43,36,5,16,6,7,9,0,2,4,7,0,5,14,0,1,1,0,29,18,11,31,17,14,6,2,4,11,4,7,1,1,0
59743101,108,70,38,14,33,6,14,10,3,1,0,4,7,4,9,1,6,4,2,51,37,14,28,15,13,1,0,1,12,6,6,10,8,2
59744901,27,14,13,2,3,3,6,2,4,0,0,1,2,2,2,0,3,1,2,9,5,4,6,3,3,0,0,0,8,4,4,1,1,0
59744902,485,291,194,77,122,43,47,34,7,4,5,27,33,31,46,2,48,26,22,243,160,83,136,72,64,3,1,2,33,14,19,22,18,4
59745701,46,30,16,11,12,10,3,0,2,0,0,1,2,0,2,2,7,6,1,19,13,6,11,6,5,0,0,0,2,1,1,7,4,3
59745702,25,12,13,2,8,0,1,1,3,3,0,1,0,3,2,0,1,1,0,6,3,3,12,5,7,0,0,0,5,3,2,1,0,1
59745703,17,10,7,4,6,0,2,0,0,0,0,1,0,0,3,0,1,1,0,6,5,1,9,3,6,0,0,0,1,1,0,0,0,0
59745704,19,12,7,2,3,0,0,1,0,0,0,0,0,7,1,1,0,0,0,4,2,2,6,6,0,0,0,0,8,3,5,1,1,0
59745705,10,7,3,3,0,2,0,1,0,1,0,0,0,1,2,0,2,2,0,3,3,0,3,1,2,0,0,0,2,1,1,0,0,0
59747301,74,42,32,1,5,3,2,1,14,5,0,6,5,3,26,0,6,4,2,14,9,5,34,20,14,2,1,1,16,7,9,2,1,1
0634010,0,0,0,0,0,0,0,0,0,0,0,0,0,0,0,0,0,0,0,0,0,0,0,0,0,0,0,0,0,0,0,0,0,0
59748101,75,40,35,12,27,3,1,4,7,3,2,2,5,2,5,0,2,1,1,31,19,12,27,14,13,1,0,1,10,5,5,4,1,3
59748102,323,187,136,41,127,20,19,20,12,6,5,10,18,14,16,5,22,11,11,114,82,32,128,58,70,2,0,2,38,24,14,19,12,7
59748103,50,25,25,5,18,6,6,3,2,0,0,4,2,1,1,0,2,1,1,19,11,8,18,9,9,0,0,0,7,2,5,4,2,2
59751101,144,82,62,22,40,13,7,14,4,2,4,12,2,7,8,3,12,6,6,65,44,21,41,19,22,0,0,0,19,8,11,7,5,2
3048830,0,0,0,0,0,0,0,0,0,0,0,0,0,0,0,0,0,0,0,0,0,0,0,0,0,0,0,0,0,0,0,0,0,0
3219150,0,0,0,0,0,0,0,0,0,0,0,0,0,0,0,0,0,0,0,0,0,0,0,0,0,0,0,0,0,0,0,0,0,0
3413040,0,0,0,0,0,0,0,0,0,0,0,0,0,0,0,0,0,0,0,0,0,0,0,0,0,0,0,0,0,0,0,0,0,0
59752001,142,80,62,6,51,9,8,5,2,4,4,12,8,12,17,0,6,2,4,52,32,20,60,40,20,0,0,0,23,6,17,1,0,1
59752002,134,76,58,10,46,15,9,5,1,1,1,10,5,5,22,0,6,4,2,64,37,27,46,23,23,0,0,0,12,7,5,6,5,1
59752003,43,27,16,0,11,10,4,6,4,0,0,0,1,0,4,0,3,2,1,20,14,6,15,8,7,0,0,0,3,1,2,2,2,0
59752004,884,451,433,9,254,50,106,42,31,17,10,71,45,83,139,5,37,15,22,286,180,106,353,161,192,11,3,8,161,71,90,36,21,15
59752005,93,46,47,0,23,7,14,7,5,1,0,10,5,6,9,1,7,4,3,37,20,17,28,14,14,2,0,2,17,6,11,2,2,0
59752006,126,73,53,5,27,16,14,6,6,0,2,9,8,7,19,0,4,2,2,32,23,9,51,26,25,2,0,2,35,21,14,2,1,1
59752007,236,125,111,3,69,12,28,12,6,11,5,18,10,20,34,0,4,3,1,60,39,21,111,47,64,4,3,1,53,30,23,4,3,1
59752008,931,556,375,36,292,74,98,77,29,19,9,67,38,61,80,15,81,53,28,323,205,118,299,155,144,13,2,11,102,52,50,113,89,24
59752012,8,5,3,0,3,2,0,0,0,0,0,2,0,0,1,0,1,0,1,6,5,1,1,0,1,0,0,0,0,0,0,0,0,0
59752013,459,250,209,8,153,34,44,25,8,8,8,32,30,50,47,1,14,10,4,130,90,40,200,105,95,10,2,8,100,41,59,5,2,3
59752014,663,346,317,13,195,39,92,30,22,16,9,59,36,48,84,3,28,17,11,188,120,68,264,121,143,10,3,7,153,74,79,20,11,9
59752016,697,370,327,13,208,53,83,44,26,18,11,59,31,48,68,11,58,30,28,223,133,90,263,137,126,10,3,7,113,46,67,30,21,9
59752017,330,181,149,12,95,24,37,20,11,5,6,21,22,22,42,2,15,10,5,127,84,43,135,65,70,3,2,1,36,13,23,14,7,7
59752018,431,211,220,6,132,36,44,26,16,8,8,31,26,30,50,3,25,12,13,131,69,62,171,83,88,5,1,4,80,35,45,19,11,8
59752019,81,44,37,2,17,7,10,9,3,0,0,6,7,5,10,1,7,5,2,26,18,8,33,15,18,2,0,2,11,4,7,2,2,0
59752020,756,391,365,10,247,50,89,29,22,12,6,53,44,80,78,3,39,22,17,233,135,98,313,158,155,9,5,4,145,63,82,17,8,9
59752021,945,478,467,10,289,55,82,55,35,16,6,68,51,90,147,5,49,31,18,315,180,135,367,173,194,13,3,10,164,74,90,37,17,20
59752022,96,51,45,2,34,6,6,2,2,1,1,10,9,14,5,0,6,4,2,34,24,10,32,16,16,2,0,2,17,6,11,5,1,4
59752023,18,10,8,0,6,1,3,0,0,0,0,0,2,1,4,0,0,0,0,5,5,0,7,4,3,0,0,0,5,1,4,1,0,1
59752024,686,353,333,10,233,42,76,59,22,6,3,42,45,53,67,9,49,26,23,245,150,95,276,128,148,12,5,7,74,22,52,30,22,8
59752025,42,21,21,1,6,5,5,2,1,0,2,2,6,6,3,1,0,0,0,13,10,3,16,8,8,3,1,2,10,2,8,0,0,0
59752026,38,20,18,0,13,1,2,0,4,1,2,0,3,1,9,1,3,3,0,15,7,8,17,9,8,0,0,0,2,1,1,1,0,1
59752027,88,47,41,2,27,9,9,6,1,2,3,3,4,6,13,1,5,3,2,23,16,7,42,23,19,0,0,0,18,5,13,0,0,0
59752029,138,78,60,1,32,13,9,1,5,11,1,9,13,17,22,1,6,6,0,20,13,7,43,19,24,1,0,1,65,38,27,3,2,1
59752030,487,269,218,6,133,38,65,20,18,15,8,35,29,39,59,5,39,21,18,156,110,46,171,78,93,6,1,5,100,49,51,15,10,5
59752031,552,289,263,8,188,38,52,37,17,10,8,35,39,35,55,5,50,29,21,227,137,90,189,88,101,6,0,6,67,29,38,13,6,7
59752032,256,137,119,3,92,21,21,5,9,3,4,21,18,22,27,2,17,10,7,95,57,38,79,39,40,2,1,1,51,21,30,12,9,3
59752033,158,74,84,1,50,12,21,7,3,5,2,11,12,12,20,0,9,2,7,53,29,24,61,32,29,0,0,0,27,7,20,8,4,4
59752034,44,29,15,4,18,7,2,2,1,0,1,1,1,2,4,1,3,2,1,21,17,4,14,7,7,1,1,0,1,0,1,4,2,2
59752035,456,241,215,9,147,28,29,21,14,6,6,36,36,43,53,6,33,15,18,159,97,62,143,71,72,4,2,2,93,41,52,24,15,9
59753801,106,60,46,20,37,7,6,5,2,1,1,6,4,2,11,2,12,7,5,50,30,20,29,15,14,0,0,0,6,4,2,9,4,5
59754601,200,113,87,29,61,17,16,8,8,4,6,23,9,7,5,3,20,6,14,101,68,33,45,24,21,1,0,1,24,10,14,9,5,4
59755401,55,34,21,9,15,6,6,2,0,0,0,4,1,2,6,1,8,6,2,29,20,9,14,7,7,0,0,0,4,1,3,0,0,0
59755402,403,220,183,19,131,39,39,25,16,4,4,19,30,40,26,2,33,18,15,175,108,67,127,64,63,5,0,5,49,24,25,14,6,8
59757101,10,4,6,2,2,0,2,0,0,0,0,1,1,0,0,2,1,0,1,3,1,2,2,2,0,0,0,0,2,0,2,2,1,1
59757102,18,11,7,3,5,2,2,2,0,0,0,0,1,0,2,1,2,1,1,4,3,1,9,5,4,0,0,0,1,1,0,2,1,1
59757103,131,77,54,16,41,10,11,9,6,1,2,5,9,6,10,0,3,1,2,72,54,18,42,18,24,0,0,0,9,1,8,5,3,2
59758901,176,102,74,28,47,25,14,12,4,1,1,14,10,11,7,1,6,4,2,91,58,33,52,27,25,3,0,3,18,8,10,6,5,1
59758902,35,22,13,3,15,8,0,2,0,0,0,4,0,0,3,0,5,3,2,19,15,4,8,2,6,0,0,0,3,2,1,0,0,0
55199601,155,86,69,20,39,6,16,5,14,4,2,8,9,8,15,1,7,4,3,58,39,19,60,30,30,3,2,1,22,9,13,5,2,3
0902392,0,0,0,0,0,0,0,0,0,0,0,0,0,0,0,0,0,0,0,0,0,0,0,0,0,0,0,0,0,0,0,0,0,0
59760101,32,21,11,2,5,5,0,0,8,4,1,1,1,0,2,1,0,0,0,6,5,1,12,7,5,0,0,0,13,8,5,1,1,0
59760102,263,143,120,23,42,23,22,11,44,3,4,21,19,23,13,2,15,5,10,93,58,35,91,42,49,1,1,0,46,25,21,17,12,5
55190201,54,30,24,6,17,5,4,2,4,0,0,1,8,5,0,0,3,1,2,26,20,6,19,7,12,1,1,0,5,1,4,0,0,0
0933942,0,0,0,0,0,0,0,0,0,0,0,0,0,0,0,0,0,0,0,0,0,0,0,0,0,0,0,0,0,0,0,0,0,0
59763502,180,103,77,30,40,22,21,10,3,0,1,8,9,8,16,5,17,11,6,93,65,28,48,17,31,2,1,1,14,5,9,6,4,2
59763504,22,15,7,5,6,0,1,1,2,0,0,1,2,2,1,0,1,1,0,9,6,3,7,6,1,0,0,0,5,2,3,0,0,0
59763505,92,50,42,2,25,16,12,5,0,0,2,8,5,6,6,1,7,4,3,31,19,12,34,17,17,2,2,0,13,4,9,5,4,1
59763506,58,31,27,3,15,12,6,2,1,1,0,3,4,2,7,0,1,1,0,25,16,9,19,8,11,3,0,3,7,5,2,3,1,2
59763507,19,10,9,3,4,1,1,3,0,0,0,2,2,1,0,0,1,0,1,7,4,3,7,4,3,1,0,1,3,2,1,0,0,0
59763509,1074,563,511,62,289,83,88,71,22,10,9,56,78,104,160,17,63,29,34,389,248,141,375,179,196,10,0,10,173,66,107,64,41,23
59763510,11,5,6,2,4,0,0,0,0,1,0,0,0,4,0,0,1,0,1,1,1,0,5,3,2,0,0,0,4,1,3,0,0,0
59763512,22,9,13,0,4,2,1,1,1,0,0,2,3,1,6,1,2,1,1,6,3,3,4,2,2,0,0,0,6,3,3,4,0,4
55172401,204,115,89,11,51,22,29,10,3,1,1,15,19,18,16,2,15,6,9,85,57,28,57,29,28,4,2,2,35,16,19,8,5,3
56952601,52,35,17,4,11,4,5,7,3,0,0,3,6,6,1,1,1,0,1,26,21,5,19,12,7,0,0,0,3,1,2,3,1,2
56952602,112,65,47,13,30,7,12,5,1,1,1,10,8,10,5,3,9,4,5,48,33,15,33,17,16,1,0,1,14,5,9,7,6,1
55173201,57,28,29,5,15,1,7,3,2,1,2,3,7,6,4,0,3,2,1,13,7,6,26,13,13,1,1,0,13,5,8,1,0,1
55173202,217,133,84,16,72,10,31,14,8,3,2,9,19,15,11,0,14,12,2,99,72,27,68,28,40,2,1,1,25,13,12,9,7,2
54695001,36,18,18,7,12,0,6,0,2,1,0,3,2,1,1,0,1,0,1,3,3,0,19,9,10,1,0,1,12,6,6,0,0,0
56955101,41,22,19,6,13,2,3,6,2,1,0,3,1,4,0,0,3,1,2,23,13,10,9,3,6,0,0,0,1,1,0,5,4,1
56955102,104,61,43,11,33,12,7,6,3,2,1,6,6,7,7,2,5,2,3,50,31,19,22,13,9,0,0,0,20,10,10,7,5,2
56957701,218,125,93,8,57,24,27,19,2,5,2,8,24,16,15,5,9,6,3,98,67,31,67,28,39,4,1,3,30,16,14,10,7,3
1133100,0,0,0,0,0,0,0,0,0,0,0,0,0,0,0,0,0,0,0,0,0,0,0,0,0,0,0,0,0,0,0,0,0,0
59771601,297,170,127,22,67,38,24,10,12,1,2,24,35,25,30,1,31,15,16,133,92,41,82,32,50,5,2,3,21,9,12,25,20,5
55184801,42,26,16,4,11,0,2,7,5,1,0,2,2,4,3,0,2,1,1,18,11,7,14,10,4,0,0,0,7,3,4,1,1,0
59772401,231,137,94,24,74,22,23,10,8,5,3,9,15,13,14,3,18,6,12,105,84,21,60,22,38,3,2,1,25,10,15,20,13,7
59774101,92,55,37,21,29,5,6,3,1,1,1,4,8,5,7,1,4,3,1,36,24,12,27,17,10,1,0,1,22,9,13,2,2,0
55194501,20,13,7,4,1,0,2,3,0,0,1,7,1,0,1,0,0,0,0,6,3,3,9,7,2,0,0,0,2,1,1,3,2,1
55194502,144,79,65,20,25,13,18,12,7,2,0,8,13,11,10,1,12,8,4,66,39,27,43,18,25,2,1,1,17,9,8,4,4,0
59777501,12,7,5,4,4,0,0,0,0,0,0,0,1,1,2,0,0,0,0,4,2,2,5,4,1,0,0,0,2,1,1,1,0,1
59777503,61,38,23,21,16,3,5,2,1,0,1,5,0,2,5,0,7,5,2,34,25,9,10,4,6,2,1,1,5,2,3,3,1,2
1444870,0,0,0,0,0,0,0,0,0,0,0,0,0,0,0,0,0,0,0,0,0,0,0,0,0,0,0,0,0,0,0,0,0,0
3048910,0,0,0,0,0,0,0,0,0,0,0,0,0,0,0,0,0,0,0,0,0,0,0,0,0,0,0,0,0,0,0,0,0,0
3049130,0,0,0,0,0,0,0,0,0,0,0,0,0,0,0,0,0,0,0,0,0,0,0,0,0,0,0,0,0,0,0,0,0,0
3413550,0,0,0,0,0,0,0,0,0,0,0,0,0,0,0,0,0,0,0,0,0,0,0,0,0,0,0,0,0,0,0,0,0,0
59778301,20,10,10,2,2,5,1,2,1,0,2,1,0,2,2,0,1,0,1,5,4,1,8,4,4,1,1,0,4,1,3,1,0,1
59778302,189,110,79,13,54,33,15,10,4,1,1,15,14,5,15,0,7,3,4,68,47,21,66,37,29,4,1,3,38,19,19,6,3,3
59778303,14,7,7,0,7,0,1,0,0,0,0,2,1,1,1,0,0,0,0,4,2,2,7,4,3,0,0,0,3,1,2,0,0,0
59778304,242,131,111,36,79,30,13,14,7,1,1,13,10,13,15,3,15,8,7,110,74,36,85,37,48,5,0,5,20,8,12,7,4,3
59778305,77,44,33,11,20,12,1,6,1,0,0,2,5,8,8,2,4,3,1,42,26,16,16,6,10,3,2,1,7,2,5,5,5,0
59778307,80,45,35,16,23,9,6,2,3,2,0,4,5,5,2,1,8,6,2,44,28,16,15,6,9,0,0,0,12,4,8,1,1,0
59778308,54,30,24,4,20,9,0,1,1,2,0,4,3,5,2,0,5,3,2,20,15,5,19,8,11,0,0,0,6,2,4,4,2,2
59778309,28,18,10,5,7,4,2,1,0,0,0,0,3,1,4,0,0,0,0,11,9,2,13,6,7,0,0,0,3,2,1,1,1,0
59778310,10,8,2,0,4,2,1,1,0,0,0,1,0,0,1,0,1,1,0,6,4,2,2,2,0,0,0,0,1,1,0,0,0,0
59778311,589,324,265,26,201,83,61,31,15,4,6,19,32,46,41,6,41,20,21,240,159,81,200,89,111,7,2,5,81,38,43,20,16,4
59778312,79,41,38,4,26,8,6,6,3,1,0,4,5,6,10,0,4,1,3,23,13,10,33,19,14,1,0,1,13,6,7,5,2,3
59778313,647,341,306,27,197,96,52,33,24,6,2,31,43,52,64,1,36,18,18,278,182,96,203,84,119,7,1,6,100,37,63,23,19,4
59778314,519,295,224,26,162,92,32,27,23,2,10,26,26,33,39,2,37,24,13,246,155,91,158,78,80,7,3,4,53,22,31,18,13,5
59778315,370,198,172,25,103,44,37,14,15,3,5,22,21,32,29,1,21,13,8,133,79,54,136,64,72,10,4,6,61,32,29,9,6,3
59778317,105,58,47,4,35,14,10,3,3,0,1,5,9,8,11,0,5,1,4,40,26,14,30,12,18,4,2,2,24,15,9,2,2,0
59778318,14,9,5,1,8,2,1,1,0,0,0,0,0,0,1,0,4,2,2,5,4,1,2,1,1,0,0,0,0,0,0,3,2,1
59778319,586,339,247,26,170,100,40,37,25,9,7,28,27,41,46,6,50,28,22,238,158,80,182,85,97,9,3,6,65,32,33,42,33,9
59779101,240,139,101,9,108,30,13,11,10,3,2,15,14,12,10,0,29,13,16,110,82,28,66,27,39,1,0,1,19,7,12,15,10,5
55188101,47,32,15,7,11,8,1,1,0,0,0,5,5,0,8,1,9,4,5,25,17,8,5,5,0,2,2,0,3,2,1,3,2,1
1505680,0,0,0,0,0,0,0,0,0,0,0,0,0,0,0,0,0,0,0,0,0,0,0,0,0,0,0,0,0,0,0,0,0,0
59781301,6,5,1,1,1,0,1,2,0,1,0,0,0,0,0,0,0,0,0,3,3,0,3,2,1,0,0,0,0,0,0,0,0,0
59781302,14,8,6,1,4,0,2,4,1,1,0,1,0,0,0,0,0,0,0,9,6,3,5,2,3,0,0,0,0,0,0,0,0,0
59781303,70,46,24,17,15,4,3,4,1,0,0,3,12,7,0,1,3,0,3,26,20,6,26,17,9,1,1,0,11,7,4,3,1,2
59781305,101,63,38,27,24,5,4,6,4,0,0,6,8,4,9,2,11,7,4,53,34,19,21,10,11,0,0,0,6,3,3,10,9,1
55191101,203,114,89,32,51,33,13,5,7,2,3,15,7,11,14,1,7,4,3,75,45,30,73,38,35,4,2,2,36,21,15,8,4,4
55191102,21,11,10,3,5,2,0,1,0,0,0,0,2,4,1,0,0,0,0,9,7,2,6,2,4,1,1,0,3,1,2,2,0,2
55181301,94,56,38,14,35,7,7,1,1,1,0,8,6,2,4,0,13,7,6,41,29,12,31,16,15,0,0,0,6,2,4,3,2,1
55176701,393,217,176,21,81,53,42,21,16,8,11,29,35,26,36,4,26,16,10,134,86,48,131,62,69,6,2,4,78,37,41,18,14,4
55176702,51,30,21,5,8,10,7,2,2,0,1,4,7,3,2,0,3,2,1,13,10,3,25,12,13,0,0,0,7,3,4,3,3,0
59787201,37,24,13,2,7,3,3,2,3,0,0,4,7,1,5,0,3,2,1,9,8,1,15,10,5,1,0,1,7,2,5,2,2,0
59787202,44,27,17,14,12,6,1,1,0,1,0,2,3,2,0,0,1,0,1,17,14,3,16,8,8,0,0,0,7,2,5,3,3,0
59787203,34,18,16,5,6,3,2,1,5,2,0,4,0,3,2,0,4,2,2,8,8,0,12,5,7,0,0,0,9,2,7,1,1,0
59787204,25,13,12,3,3,1,1,1,0,0,0,5,5,1,2,2,3,2,1,6,4,2,6,2,4,0,0,0,8,3,5,2,2,0
59787205,477,281,196,33,145,87,45,30,22,3,3,20,32,16,19,9,29,13,16,236,147,89,135,74,61,1,0,1,42,19,23,34,28,6
59788101,243,142,101,28,84,36,16,9,12,2,1,14,11,18,10,1,16,11,5,118,87,31,75,28,47,2,0,2,21,9,12,11,7,4
59789901,5,4,1,2,2,1,0,0,0,0,0,0,0,0,0,0,0,0,0,5,4,1,0,0,0,0,0,0,0,0,0,0,0,0
59789902,17,10,7,6,4,0,0,1,0,1,0,0,1,3,1,0,0,0,0,7,5,2,6,2,4,0,0,0,4,3,1,0,0,0
59789903,41,22,19,2,13,7,4,1,2,0,1,2,2,2,3,0,3,0,3,21,13,8,14,7,7,1,1,0,2,1,1,0,0,0
59789904,174,103,71,24,58,25,9,10,5,1,2,11,10,8,6,3,14,8,6,89,61,28,45,18,27,2,0,2,17,10,7,7,6,1
59791102,72,39,33,5,20,4,8,5,1,0,1,5,6,6,7,1,4,1,3,28,19,9,31,14,17,0,0,0,9,5,4,0,0,0
59791103,310,182,128,30,83,34,38,22,7,6,5,17,15,22,21,2,25,9,16,135,90,45,105,56,49,2,1,1,25,11,14,18,15,3
55182101,9,6,3,0,1,1,1,0,0,0,0,1,2,1,1,0,0,0,0,0,0,0,5,3,2,0,0,0,4,3,1,0,0,0
55182102,40,22,18,5,9,3,3,1,3,1,1,3,4,2,3,0,1,0,1,17,9,8,8,5,3,2,2,0,6,3,3,6,3,3
55182104,52,33,19,14,18,6,3,1,0,0,1,3,2,1,2,0,5,5,0,30,19,11,7,3,4,0,0,0,4,2,2,6,4,2
59793701,445,249,196,39,145,33,34,28,8,10,5,31,30,22,45,5,19,7,12,178,122,56,165,77,88,6,3,3,59,26,33,18,14,4
59794501,67,42,25,17,12,10,5,2,4,0,0,1,4,8,0,0,3,2,1,33,23,10,21,11,10,2,2,0,7,3,4,1,1,0
59794503,112,65,47,14,40,15,8,5,3,0,0,5,7,8,3,3,16,7,9,53,35,18,22,11,11,2,0,2,5,1,4,14,11,3
55178301,122,66,56,15,43,8,9,9,4,0,2,4,9,7,7,1,8,5,3,56,36,20,29,9,20,1,0,1,18,8,10,10,8,2
55169401,149,88,61,6,59,20,16,14,2,4,1,2,9,7,5,1,3,2,1,77,54,23,53,23,30,0,0,0,12,5,7,4,4,0
59796102,290,165,125,28,101,29,18,12,19,0,2,18,18,21,15,2,21,10,11,114,75,39,122,66,56,3,0,3,23,11,12,7,3,4
59796103,9,5,4,4,1,0,0,0,0,0,0,2,0,1,0,0,0,0,0,1,1,0,4,1,3,0,0,0,4,3,1,0,0,0
59796104,1634,892,742,76,665,127,135,72,101,11,6,104,64,108,104,13,150,75,75,702,436,266,511,238,273,17,5,12,179,85,94,75,53,22
59796105,155,89,66,11,44,13,18,14,7,2,2,5,9,11,13,2,12,7,5,64,42,22,50,25,25,2,1,1,25,13,12,2,1,1
59797001,19,12,7,2,4,2,2,1,3,0,0,2,2,0,1,0,1,1,0,8,4,4,7,5,2,1,1,0,2,1,1,0,0,0
59797002,39,27,12,4,6,11,2,3,1,0,0,1,6,0,3,0,2,2,0,16,13,3,16,8,8,0,0,0,2,1,1,3,3,0
59797003,42,26,16,6,11,2,6,1,1,1,0,4,1,3,3,1,5,3,2,20,15,5,10,3,7,0,0,0,4,2,2,3,3,0
59798801,280,158,122,12,110,24,41,15,1,0,4,19,15,18,12,3,14,9,5,118,72,46,107,55,52,3,1,2,24,10,14,14,11,3
59798802,256,144,112,38,68,18,23,11,2,8,3,13,10,34,20,1,11,5,6,107,76,31,87,40,47,4,1,3,39,17,22,8,5,3
59801101,60,31,29,3,13,7,6,1,1,2,1,6,6,5,7,0,1,1,0,15,9,6,24,12,12,4,1,3,16,8,8,0,0,0
59801102,864,468,396,21,267,51,132,45,20,19,11,81,59,50,61,5,32,20,12,243,162,81,311,151,160,9,2,7,242,115,127,27,18,9
59801103,371,200,171,6,124,29,52,13,11,11,8,32,14,20,41,2,12,4,8,120,69,51,143,80,63,4,2,2,85,41,44,7,4,3
59801104,70,37,33,2,15,6,14,2,2,1,5,11,4,2,5,0,1,0,1,19,12,7,27,15,12,1,0,1,22,10,12,0,0,0
59801105,584,330,254,12,171,45,74,19,17,20,20,52,39,48,45,3,22,12,10,139,95,44,229,127,102,15,8,7,165,78,87,14,10,4
59802001,83,51,32,13,15,0,10,3,13,0,0,6,8,7,3,0,1,1,0,25,12,13,34,22,12,0,0,0,22,15,7,1,1,0
59802002,20,11,9,3,5,2,2,0,3,0,0,1,1,1,0,0,0,0,0,9,5,4,6,4,2,0,0,0,5,2,3,0,0,0
59802003,24,13,11,6,3,3,0,1,4,2,0,0,2,2,0,1,3,0,3,7,5,2,8,4,4,2,1,1,1,1,0,3,2,1
51163301,226,118,108,11,75,18,21,12,11,3,2,19,13,12,25,0,5,3,2,91,51,40,81,42,39,3,0,3,31,11,20,15,11,4
59803801,2003,1052,951,27,571,170,204,87,54,87,59,186,125,182,173,11,60,37,23,546,347,199,745,359,386,35,8,27,555,264,291,62,37,25
59804601,81,48,33,3,27,5,11,6,0,7,2,6,1,7,4,0,1,1,0,18,9,9,32,19,13,0,0,0,28,18,10,2,1,1
59804602,11,6,5,1,2,1,0,2,1,0,0,0,0,1,3,0,0,0,0,3,2,1,5,3,2,0,0,0,3,1,2,0,0,0
59804603,408,221,187,15,130,32,45,28,11,11,11,31,21,23,34,4,10,6,4,140,93,47,144,72,72,3,1,2,92,40,52,19,9,10
51193501,27,16,11,1,11,3,1,0,2,0,0,2,2,1,3,0,1,1,0,7,5,2,10,5,5,0,0,0,5,2,3,4,3,1
51193502,609,341,268,23,244,37,50,36,21,11,6,39,26,49,53,2,30,7,23,259,168,91,201,106,95,7,2,5,90,41,49,22,17,5
59806201,2018,1103,915,19,723,145,200,68,72,59,37,161,81,167,195,10,53,31,22,585,380,205,753,378,375,24,7,17,548,269,279,55,38,17
59806202,414,213,201,7,151,30,45,11,9,5,10,32,24,33,43,1,14,8,6,123,70,53,139,74,65,9,3,6,113,49,64,16,9,7
59806203,97,51,46,1,48,5,7,4,2,1,0,3,3,7,14,1,1,1,0,34,18,16,43,22,21,1,0,1,17,10,7,1,0,1
59807101,65,30,35,2,13,7,16,2,0,1,1,4,2,3,10,0,2,0,2,14,8,6,27,11,16,0,0,0,20,10,10,2,1,1
59807102,287,153,134,10,49,30,31,13,15,14,5,41,6,25,30,3,10,5,5,58,30,28,104,57,47,5,0,5,102,55,47,8,6,2
59807103,16,12,4,2,6,1,2,1,1,1,0,1,0,0,1,0,4,4,0,6,4,2,3,2,1,0,0,0,3,2,1,0,0,0
59807104,1115,628,487,39,268,73,156,45,60,47,20,135,48,79,77,6,35,13,22,266,178,88,368,205,163,25,10,15,387,193,194,34,29,5
59808901,1507,831,676,33,486,91,193,89,39,53,27,122,111,83,119,13,51,30,21,476,300,176,563,275,288,23,7,16,356,195,161,38,24,14
55254201,41,21,20,0,11,1,8,1,0,1,2,3,1,2,10,0,2,1,1,12,7,5,13,7,6,0,0,0,14,6,8,0,0,0
55254202,68,37,31,2,23,2,8,4,2,4,1,6,4,5,5,0,0,0,0,22,14,8,21,11,10,1,0,1,24,12,12,0,0,0
55254203,112,63,49,3,31,9,13,2,0,5,5,9,10,9,12,0,1,1,0,29,21,8,36,20,16,2,0,2,43,21,22,1,0,1
55254204,389,214,175,15,132,30,35,20,8,7,5,36,25,35,24,3,16,8,8,114,80,34,132,73,59,4,1,3,107,43,64,16,9,7
55254205,29,19,10,1,6,8,4,0,0,0,1,1,3,3,1,0,0,0,0,7,5,2,15,10,5,0,0,0,7,4,3,0,0,0
59810101,142,76,66,2,38,6,24,6,6,4,2,16,10,12,13,1,2,0,2,49,32,17,47,25,22,1,0,1,41,18,23,2,1,1
59810102,406,230,176,11,102,48,55,21,16,12,4,30,28,33,36,0,9,5,4,113,81,32,161,88,73,3,2,1,113,49,64,7,5,2
59810103,123,70,53,3,40,11,15,4,0,5,2,10,10,7,13,1,2,2,0,35,22,13,47,28,19,2,0,2,29,13,16,8,5,3
51195101,114,64,50,3,32,7,11,8,12,2,2,3,8,9,14,2,5,0,5,35,23,12,43,25,18,4,0,4,27,16,11,0,0,0
51195102,32,18,14,2,7,3,3,3,1,1,0,4,2,1,3,1,1,0,1,9,5,4,14,8,6,0,0,0,7,4,3,1,1,0
51195103,198,112,86,14,73,8,16,4,15,2,3,9,13,14,17,5,4,1,3,80,55,25,69,34,35,4,1,3,35,18,17,6,3,3
51195104,65,39,26,1,25,3,6,7,2,3,1,2,6,4,3,0,1,0,1,22,18,4,28,13,15,0,0,0,8,4,4,6,4,2
55260701,183,98,85,8,54,22,22,7,2,5,2,16,13,12,13,3,9,6,3,67,46,21,56,25,31,3,1,2,44,18,26,4,2,2
59813501,1141,621,520,35,416,67,130,65,20,37,21,88,90,74,63,8,28,15,13,367,215,152,417,222,195,15,4,11,269,137,132,45,28,17
59813502,27,14,13,1,5,1,2,1,1,0,1,3,4,1,3,1,0,0,0,6,4,2,11,4,7,0,0,0,10,6,4,0,0,0
0350410,0,0,0,0,0,0,0,0,0,0,0,0,0,0,0,0,0,0,0,0,0,0,0,0,0,0,0,0,0,0,0,0,0,0
3151330,0,0,0,0,0,0,0,0,0,0,0,0,0,0,0,0,0,0,0,0,0,0,0,0,0,0,0,0,0,0,0,0,0,0
59800301,718,503,215,22,191,71,86,43,44,13,7,93,28,31,42,18,43,33,10,224,170,54,156,98,58,8,2,6,122,66,56,165,134,31
59800302,3858,2022,1836,49,1171,205,400,219,134,130,74,370,245,252,437,22,210,111,99,1223,714,509,1382,701,681,73,22,51,842,396,446,128,78,50
59800303,1533,850,683,26,533,102,175,88,44,45,16,143,76,108,123,10,89,58,31,538,330,208,554,276,278,26,15,11,280,138,142,46,33,13
59800304,256,146,110,5,50,17,30,21,8,11,9,32,18,17,26,2,7,6,1,59,37,22,112,62,50,3,0,3,71,38,33,4,3,1
59800305,1533,822,711,24,507,103,172,95,61,45,25,144,69,94,140,14,108,54,54,471,287,184,571,298,273,38,12,26,278,123,155,67,48,19
59800306,4309,2250,2059,41,1541,242,551,236,149,104,75,381,222,247,319,25,273,135,138,1631,928,703,1588,784,804,56,16,40,634,304,330,127,83,44
59800307,111,61,50,0,30,15,15,5,4,3,2,12,4,11,5,0,8,3,5,33,22,11,41,19,22,2,2,0,21,9,12,6,6,0
59800308,188,105,83,5,51,12,23,9,3,6,3,14,15,7,28,1,3,2,1,61,36,25,66,35,31,6,2,4,47,26,21,5,4,1
59800310,585,306,279,9,159,31,57,27,19,24,12,59,39,57,63,3,18,11,7,124,77,47,215,97,118,4,2,2,209,110,99,15,9,6
59800311,38,22,16,0,9,2,4,2,2,1,2,5,1,4,3,0,3,2,1,11,7,4,17,9,8,0,0,0,6,3,3,1,1,0
59800312,418,231,187,2,109,33,52,19,20,17,13,37,29,38,38,3,9,3,6,76,54,22,140,67,73,6,2,4,179,100,79,8,5,3
59800313,58,31,27,3,16,2,6,2,1,1,1,5,3,6,11,1,0,0,0,12,8,4,19,9,10,4,2,2,21,10,11,2,2,0
59800314,8,5,3,0,3,0,1,0,1,0,1,0,0,0,0,1,1,0,1,2,2,0,3,1,2,0,0,0,0,0,0,2,2,0
59800315,347,191,156,4,94,24,26,13,11,13,6,35,28,31,50,2,9,7,2,69,48,21,113,54,59,4,2,2,147,77,70,5,3,2
59800316,364,203,161,9,98,26,35,23,5,12,8,47,24,33,32,3,4,1,3,98,60,38,158,87,71,2,1,1,99,51,48,3,3,0
59800317,755,427,328,10,250,39,88,39,16,34,12,55,52,60,67,6,29,13,16,205,137,68,289,150,139,14,5,9,201,111,90,17,11,6
59800318,148,83,65,5,45,8,19,8,4,5,5,13,11,9,9,1,3,2,1,44,29,15,52,27,25,0,0,0,44,22,22,5,3,2
59800319,146,76,70,8,50,5,15,8,1,8,4,12,13,8,8,1,3,1,2,39,24,15,65,31,34,3,1,2,34,18,16,2,1,1
59800320,467,252,215,15,143,31,49,20,5,9,7,43,32,39,48,0,14,5,9,122,79,43,171,91,80,12,1,11,138,72,66,10,4,6
59800321,12,7,5,1,2,1,2,0,0,0,0,3,0,0,2,0,3,0,3,2,1,1,7,6,1,0,0,0,0,0,0,0,0,0
59800322,32,18,14,2,11,0,5,0,0,1,0,8,1,0,2,0,1,1,0,12,8,4,16,8,8,1,0,1,2,1,1,0,0,0
59800323,246,134,112,4,76,18,26,20,5,7,2,21,18,21,20,0,17,12,5,77,48,29,87,48,39,3,0,3,57,23,34,5,3,2
59800324,144,74,70,2,38,8,21,11,3,8,1,9,6,16,13,2,5,2,3,31,18,13,60,30,30,2,0,2,44,23,21,2,1,1
59800325,132,77,55,0,49,7,18,7,2,7,3,15,5,10,7,0,6,6,0,31,21,10,45,25,20,3,2,1,46,22,24,1,1,0
59800326,238,138,100,4,70,15,25,17,11,8,4,30,9,13,14,3,18,9,9,52,37,15,95,58,37,6,2,4,64,30,34,3,2,1
59800327,111,60,51,1,20,6,21,9,10,6,3,15,2,3,8,0,11,5,6,23,18,5,32,14,18,2,1,1,42,21,21,1,1,0
59800328,1210,643,567,9,409,59,131,54,63,39,30,104,71,97,98,9,71,33,38,380,232,148,429,221,208,29,11,18,249,108,141,52,38,14
59800329,2051,1124,927,18,692,105,224,117,77,58,36,232,107,133,148,24,149,79,70,697,412,285,691,360,331,40,14,26,384,187,197,90,72,18
59800330,148,77,71,1,33,16,16,8,6,3,3,11,14,13,18,1,2,1,1,40,25,15,58,28,30,2,0,2,43,20,23,3,3,0
59800331,70,41,29,4,17,4,5,3,2,2,0,6,12,6,7,0,1,0,1,16,10,6,32,21,11,0,0,0,19,8,11,2,2,0
59800332,206,109,97,3,54,12,15,13,2,11,4,22,16,20,23,0,4,0,4,37,27,10,81,38,43,3,1,2,79,41,38,2,2,0
59800333,2323,1205,1118,35,788,131,313,130,105,55,42,219,113,111,179,14,198,103,95,847,471,376,778,388,390,36,9,27,364,164,200,100,70,30
59800334,498,276,222,8,147,27,51,18,10,15,12,52,32,50,49,2,13,7,6,99,60,39,182,103,79,8,1,7,182,93,89,14,12,2
59800335,14,7,7,1,4,3,0,0,0,1,0,3,0,1,1,0,1,0,1,3,2,1,4,1,3,0,0,0,2,1,1,4,3,1
59800336,2143,1109,1034,18,649,112,311,117,75,57,57,201,140,144,165,17,100,50,50,640,398,242,848,407,441,29,7,22,443,192,251,83,55,28
59800337,382,214,168,3,94,29,36,23,12,17,12,38,17,36,47,3,20,13,7,84,52,32,125,65,60,4,0,4,140,76,64,9,8,1
59814301,261,142,119,14,89,12,29,16,10,6,1,23,16,21,16,1,10,6,4,85,55,30,103,50,53,3,2,1,59,29,30,1,0,1
59814302,58,31,27,0,13,5,3,1,3,1,0,10,3,8,6,0,2,0,2,10,7,3,16,10,6,1,0,1,28,14,14,1,0,1
59814303,656,352,304,19,186,39,77,32,32,17,16,72,44,38,59,2,19,10,9,166,108,58,261,131,130,10,4,6,190,92,98,10,7,3
59814304,785,418,367,14,245,44,105,30,26,31,12,78,38,62,71,3,20,12,8,185,124,61,308,150,158,14,4,10,247,121,126,11,7,4
59814305,218,112,106,3,58,13,30,7,7,6,5,25,9,27,15,1,5,3,2,43,25,18,89,41,48,1,0,1,74,40,34,6,3,3
59814306,1197,634,563,19,399,50,128,45,60,39,19,107,60,108,104,8,53,31,22,327,191,136,452,237,215,21,7,14,298,136,162,46,32,14
59814307,960,491,469,8,340,40,85,36,48,33,19,82,51,84,88,5,36,17,19,283,180,103,376,171,205,20,6,14,217,101,116,28,16,12
59814308,222,123,99,6,85,10,22,8,9,9,2,15,13,13,21,2,7,4,3,58,36,22,87,47,40,6,2,4,55,30,25,9,4,5
59814309,315,163,152,8,91,21,39,14,12,11,7,30,18,25,26,1,9,6,3,79,51,28,121,61,60,4,0,4,95,42,53,7,3,4
59814310,17,12,5,0,6,0,4,3,0,0,0,0,1,1,1,1,1,1,0,7,6,1,6,4,2,0,0,0,3,1,2,0,0,0
59814311,61,33,28,1,21,5,8,1,3,0,1,7,4,3,4,0,3,0,3,24,14,10,27,14,13,0,0,0,5,3,2,2,2,0
59816001,666,364,302,7,212,46,78,47,18,17,11,44,27,69,58,2,21,9,12,215,132,83,242,130,112,7,5,2,163,79,84,18,9,9
51219201,65,41,24,1,20,10,8,5,4,1,1,7,2,1,4,0,1,1,0,22,15,7,20,10,10,0,0,0,14,10,4,8,5,3
51219202,231,132,99,2,82,12,20,11,2,8,4,31,24,11,17,1,8,2,6,64,48,16,70,40,30,2,0,2,81,39,42,6,3,3
51219203,48,26,22,7,17,1,5,1,0,1,0,6,1,3,4,1,1,0,1,10,5,5,26,16,10,0,0,0,9,4,5,2,1,1
51219204,124,66,58,2,41,9,11,8,3,5,3,8,9,9,8,0,4,2,2,38,20,18,44,22,22,4,1,3,32,19,13,2,2,0
51198601,93,61,32,5,30,7,5,5,13,2,0,6,7,4,5,1,0,0,0,50,39,11,23,10,13,1,0,1,14,10,4,5,2,3
51198602,50,29,21,3,18,5,4,0,3,2,1,3,3,0,4,0,3,1,2,23,13,10,15,11,4,0,0,0,7,3,4,2,1,1
55263101,110,58,52,5,35,8,19,6,1,4,2,10,5,6,7,0,2,1,1,39,24,15,40,21,19,1,0,1,26,12,14,2,0,2
55263102,247,131,116,8,82,18,37,16,9,5,3,17,12,14,19,3,9,6,3,92,57,35,93,46,47,4,0,4,40,16,24,9,6,3
51217601,801,438,363,20,305,48,111,29,20,18,12,54,41,45,75,3,29,14,15,243,163,80,333,157,176,10,3,7,164,89,75,22,12,10
51217602,32,16,16,2,10,1,1,4,6,1,1,1,1,2,2,0,1,1,0,16,9,7,11,5,6,2,1,1,2,0,2,0,0,0
59823202,12,8,4,2,5,3,0,0,0,0,0,0,0,1,1,0,1,1,0,6,5,1,0,0,0,0,0,0,4,2,2,1,0,1
59823203,92,56,36,13,21,11,7,6,8,2,0,1,3,5,9,2,3,1,2,46,31,15,26,14,12,0,0,0,10,4,6,7,6,1
59869101,226,133,93,6,89,11,10,6,1,13,8,20,13,17,23,0,6,2,4,50,38,12,70,39,31,2,1,1,92,50,42,6,3,3
59869102,40,17,23,0,10,3,5,1,1,0,1,4,0,9,2,0,0,0,0,13,7,6,11,3,8,2,0,2,13,7,6,1,0,1
59869103,96,50,46,2,31,3,6,8,3,6,2,6,7,8,9,0,3,1,2,20,16,4,38,18,20,3,1,2,31,13,18,1,1,0
59869104,251,147,104,16,85,9,30,11,9,13,7,19,13,12,14,1,7,3,4,64,42,22,94,57,37,11,4,7,70,37,33,5,4,1
59869105,345,181,164,13,131,19,33,11,15,9,5,21,28,21,24,3,11,6,5,102,61,41,148,78,70,7,3,4,70,29,41,7,4,3
59869106,50,28,22,0,15,5,6,3,0,3,1,3,2,6,6,0,0,0,0,11,7,4,20,13,7,0,0,0,19,8,11,0,0,0
59825901,89,50,39,4,35,8,8,6,0,1,1,4,6,9,4,1,3,1,2,33,21,12,28,14,14,0,0,0,23,13,10,2,1,1
59825902,211,97,114,12,52,12,20,9,6,3,1,16,14,17,46,1,10,3,7,64,36,28,79,35,44,1,0,1,50,18,32,7,5,2
59825903,150,79,71,3,41,16,21,11,7,1,0,9,9,12,14,2,6,3,3,55,30,25,50,27,23,2,1,1,31,15,16,6,3,3
59825904,113,59,54,4,38,6,13,8,7,2,0,10,4,5,13,0,4,3,1,42,27,15,46,20,26,2,0,2,17,7,10,2,2,0
59825905,133,74,59,2,37,16,20,5,5,0,1,8,16,6,10,2,8,3,5,43,30,13,51,24,27,0,0,0,26,14,12,5,3,2
59825906,1399,766,633,33,456,103,168,81,56,20,13,93,70,112,144,12,64,21,43,448,283,165,522,271,251,14,8,6,297,142,155,54,41,13
59825907,119,74,45,9,47,8,9,6,3,1,1,3,4,12,13,0,1,1,0,44,31,13,48,26,22,2,1,1,20,13,7,4,2,2
59825908,85,51,34,0,30,4,16,10,0,2,1,7,4,1,10,0,0,0,0,39,26,13,35,19,16,0,0,0,9,4,5,2,2,0
59825909,265,145,120,3,74,24,45,17,7,4,4,15,18,18,32,1,9,6,3,95,63,32,109,51,58,0,0,0,47,23,24,5,2,3
50742301,214,115,99,8,72,9,9,6,16,12,2,17,17,18,16,1,9,4,5,66,37,29,73,44,29,0,0,0,59,26,33,7,4,3
50742302,33,17,16,2,15,0,6,1,0,0,1,1,1,2,3,0,1,0,1,10,7,3,9,4,5,0,0,0,10,4,6,3,2,1
50742303,633,360,273,23,205,54,70,29,13,20,12,40,33,55,50,2,18,7,11,193,124,69,231,125,106,8,2,6,161,86,75,22,16,6
59827501,176,95,81,5,48,11,24,9,4,11,5,26,11,11,6,0,4,1,3,41,28,13,71,41,30,3,0,3,54,23,31,3,2,1
50723701,559,300,259,20,137,33,69,34,26,12,14,39,30,35,85,4,12,3,9,161,99,62,238,133,105,9,2,7,125,56,69,14,7,7
50723702,117,63,54,3,35,11,12,5,2,5,1,9,6,10,11,0,1,1,0,22,14,8,49,27,22,4,0,4,37,18,19,4,3,1
50723703,26,15,11,4,6,1,2,3,3,0,0,2,1,2,2,0,1,0,1,8,5,3,8,4,4,2,2,0,6,3,3,1,1,0
50745801,34,18,16,3,8,2,4,5,0,0,1,1,0,4,6,0,3,2,1,7,3,4,20,12,8,2,0,2,2,1,1,0,0,0
50745802,134,74,60,17,44,11,6,8,3,2,0,9,8,10,11,1,5,2,3,49,33,16,48,24,24,3,2,1,20,8,12,9,5,4
59832101,20,11,9,2,9,0,3,0,1,1,0,1,1,1,1,0,0,0,0,7,6,1,5,3,2,0,0,0,8,2,6,0,0,0
59832102,59,33,26,4,26,1,7,4,1,1,1,2,2,5,4,0,2,2,0,18,10,8,25,16,9,0,0,0,13,5,8,1,0,1
59832103,17,9,8,3,3,2,0,2,1,0,0,1,3,1,1,0,0,0,0,6,4,2,7,4,3,0,0,0,4,1,3,0,0,0
59832104,21,11,10,0,7,5,2,1,1,0,0,2,1,1,1,0,0,0,0,9,6,3,6,4,2,1,0,1,4,0,4,1,1,0
59832105,1178,647,531,44,465,61,123,53,27,32,9,81,75,93,74,9,48,22,26,365,231,134,440,231,209,27,6,21,265,136,129,33,21,12
59832106,108,56,52,4,39,9,6,4,3,5,3,4,12,12,5,0,2,1,1,30,21,9,43,21,22,0,0,0,31,12,19,2,1,1
54967301,109,61,48,10,41,6,11,5,2,4,1,8,4,10,5,0,1,1,0,38,27,11,41,23,18,3,1,2,24,8,16,2,1,1
54967302,51,31,20,6,12,6,8,5,1,2,0,5,1,2,1,1,2,0,2,17,14,3,22,13,9,1,0,1,8,3,5,1,1,0
54967303,23,14,9,5,5,0,1,1,2,0,1,1,1,2,2,1,0,0,0,12,9,3,5,2,3,0,0,0,6,3,3,0,0,0
54967304,22,12,10,1,7,0,4,0,4,3,0,0,0,0,1,0,0,0,0,8,4,4,10,5,5,0,0,0,3,2,1,1,1,0
54967305,120,64,56,7,37,9,13,5,2,2,2,7,8,13,10,1,2,0,2,43,28,15,38,15,23,1,1,0,30,16,14,6,4,2
59834801,1199,643,556,25,340,71,128,57,31,64,26,124,85,89,106,5,33,23,10,268,172,96,441,215,226,19,6,13,422,217,205,16,10,6
59835601,495,266,229,33,177,24,39,28,25,7,5,33,38,31,38,4,15,4,11,157,106,51,196,96,100,4,1,3,97,41,56,26,18,8
59835602,167,83,84,9,48,14,12,4,12,5,1,16,9,14,15,0,6,5,1,58,28,30,58,28,30,1,0,1,44,22,22,0,0,0
59835603,257,138,119,11,74,15,14,12,16,4,4,20,8,28,44,0,9,5,4,71,45,26,100,47,53,4,1,3,66,36,30,7,4,3
59835604,46,24,22,1,13,2,4,1,1,3,2,1,3,8,7,0,1,1,0,13,7,6,13,8,5,2,1,1,15,5,10,2,2,0
59835605,161,89,72,8,41,10,8,11,8,4,6,16,9,16,16,2,1,1,0,38,31,7,64,30,34,4,1,3,50,24,26,4,2,2
59836401,273,148,125,6,103,18,29,13,14,7,6,18,14,17,16,3,7,4,3,71,46,25,114,58,56,4,1,3,73,36,37,4,3,1
59839901,644,346,298,14,193,57,73,33,14,17,18,61,43,56,42,5,23,15,8,183,120,63,240,116,124,16,4,12,154,76,78,28,15,13
59839902,81,45,36,1,30,5,10,7,0,2,2,9,3,6,2,2,2,2,0,23,14,9,33,19,14,1,0,1,18,7,11,4,3,1
55259301,43,25,18,0,9,6,1,2,2,0,3,7,2,6,3,1,1,0,1,10,7,3,13,7,6,1,0,1,18,11,7,0,0,0
55259302,96,57,39,1,15,9,18,10,11,4,3,6,4,4,6,0,2,1,1,21,15,6,37,25,12,3,0,3,31,15,16,2,1,1
55259303,200,101,99,3,46,11,38,8,10,9,3,17,10,12,21,1,6,3,3,32,19,13,80,38,42,4,2,2,69,31,38,9,8,1
55259304,48,31,17,8,14,5,6,0,5,0,0,3,1,1,5,0,2,1,1,15,12,3,19,11,8,3,0,3,5,3,2,4,4,0
51218401,800,446,354,24,272,49,90,25,21,27,6,69,49,51,83,4,23,10,13,249,171,78,295,153,142,17,2,15,197,97,100,19,13,6
50754701,17,9,8,1,6,1,0,0,0,2,0,2,1,1,3,0,0,0,0,7,5,2,5,2,3,0,0,0,5,2,3,0,0,0
50754702,613,350,263,19,278,24,46,33,19,13,4,32,26,47,52,1,20,11,9,225,155,70,238,127,111,8,0,8,108,49,59,14,8,6
59844501,24,16,8,4,9,2,1,0,0,1,1,4,0,0,0,1,1,0,1,8,6,2,8,5,3,0,0,0,6,4,2,1,1,0
59844505,58,33,25,7,20,5,2,1,2,1,1,6,7,3,1,0,6,4,2,18,14,4,16,8,8,1,1,0,15,4,11,2,2,0
59844506,21,13,8,8,7,0,1,1,0,1,0,1,0,0,2,0,1,0,1,5,5,0,7,4,3,0,0,0,8,4,4,0,0,0
59844507,257,140,117,19,77,13,29,7,8,9,4,21,14,26,16,3,10,5,5,71,48,23,93,45,48,7,4,3,63,29,34,13,9,4
59844509,132,71,61,11,25,14,11,8,5,4,5,13,5,11,14,0,3,2,1,35,23,12,55,27,28,3,0,3,32,16,16,4,3,1
59844511,30,17,13,1,4,1,3,0,4,2,0,5,0,5,5,0,0,0,0,9,6,3,7,2,5,1,1,0,12,7,5,1,1,0
59845301,15,7,8,1,7,1,1,1,0,0,0,0,2,2,0,0,1,0,1,9,4,5,4,2,2,0,0,0,1,1,0,0,0,0
59845302,180,96,84,7,60,17,15,17,12,0,2,13,10,10,14,1,5,1,4,59,41,18,72,33,39,3,1,2,35,17,18,6,3,3
59845303,1525,841,684,42,543,103,138,91,60,23,16,96,97,131,136,13,45,21,24,508,348,160,596,298,298,18,6,12,313,140,173,45,28,17
59845304,10,6,4,3,4,0,0,0,2,0,0,0,0,1,0,0,0,0,0,5,4,1,3,1,2,0,0,0,1,1,0,1,0,1
55401401,1413,788,625,44,487,87,166,104,52,25,15,79,72,98,133,9,35,19,16,479,314,165,574,301,273,16,4,12,265,120,145,44,30,14
55401402,344,195,149,8,126,28,31,26,8,6,3,17,12,31,36,3,8,4,4,118,76,42,138,78,60,2,2,0,66,28,38,12,7,5
55401403,16,7,9,4,4,0,1,1,0,0,0,3,0,1,2,0,0,0,0,7,4,3,6,1,5,0,0,0,3,2,1,0,0,0
55252601,108,56,52,9,31,4,10,5,2,5,3,9,12,7,5,2,1,0,1,37,19,18,38,22,16,0,0,0,31,15,16,1,0,1
55252602,35,18,17,0,10,0,9,1,1,1,1,2,3,3,4,0,0,0,0,7,3,4,16,11,5,0,0,0,12,4,8,0,0,0
55251801,90,49,41,6,28,8,9,6,2,0,4,9,1,6,10,0,4,3,1,35,22,13,24,12,12,4,1,3,20,9,11,3,2,1
55251802,16,10,6,0,13,1,0,0,0,0,0,0,1,1,0,0,1,0,1,6,5,1,5,3,2,0,0,0,4,2,2,0,0,0
55251803,387,204,183,12,158,14,39,19,8,9,10,32,26,29,21,2,10,6,4,123,75,48,141,67,74,8,1,7,95,48,47,10,7,3
1081970,0,0,0,0,0,0,0,0,0,0,0,0,0,0,0,0,0,0,0,0,0,0,0,0,0,0,0,0,0,0,0,0,0,0
50709101,65,41,24,5,25,8,4,2,6,1,0,2,1,2,6,0,3,2,1,29,22,7,20,9,11,0,0,0,11,6,5,2,2,0
50709102,117,64,53,0,43,10,8,4,7,4,3,11,4,11,8,4,5,1,4,32,20,12,47,29,18,1,0,1,27,10,17,5,4,1
50709103,592,325,267,7,226,40,38,26,24,8,8,42,38,45,67,5,11,3,8,199,129,70,211,105,106,7,0,7,143,75,68,21,13,8
50709104,125,75,50,3,41,15,13,6,3,1,0,9,5,12,12,0,4,2,2,40,29,11,50,30,20,0,0,0,25,11,14,6,3,3
59854202,25,16,9,1,9,0,4,0,3,1,0,1,0,0,2,0,1,0,1,10,8,2,10,5,5,0,0,0,3,2,1,1,1,0
59854203,28,16,12,5,9,2,1,0,0,1,1,1,2,0,2,1,2,1,1,7,4,3,13,9,4,0,0,0,5,1,4,1,1,0
59854204,233,127,106,9,65,16,30,9,17,8,3,18,15,15,17,1,4,1,3,69,43,26,87,50,37,4,1,3,65,29,36,4,3,1
59854205,515,288,227,38,155,36,61,22,25,9,11,36,25,31,43,6,14,6,8,148,100,48,193,104,89,7,0,7,131,61,70,22,17,5
59854206,352,197,155,26,108,26,36,12,24,6,4,28,21,21,22,7,16,8,8,128,81,47,118,62,56,6,2,4,69,34,35,15,10,5
59854207,55,31,24,5,18,3,3,5,5,1,0,2,3,3,4,0,2,2,0,17,10,7,22,11,11,1,0,1,12,7,5,1,1,0
59855101,13,9,4,0,4,1,0,0,0,0,0,4,0,1,2,0,0,0,0,3,2,1,5,3,2,0,0,0,5,4,1,0,0,0
59855102,206,122,84,6,72,7,21,6,6,2,2,23,20,21,13,0,4,0,4,61,44,17,67,37,30,5,1,4,62,34,28,7,6,1
59855103,22,14,8,0,7,2,2,3,1,1,0,3,1,1,0,0,0,0,0,6,5,1,9,4,5,0,0,0,6,4,2,1,1,0
59855104,1275,719,556,45,357,87,184,76,18,56,31,107,70,102,93,10,42,23,19,330,229,101,491,258,233,25,7,18,356,180,176,31,22,9
59855105,10,5,5,1,2,1,2,0,3,0,0,0,0,0,1,0,0,0,0,4,3,1,4,1,3,0,0,0,2,1,1,0,0,0
59855108,108,57,51,7,28,4,14,1,4,1,4,11,5,5,15,0,2,0,2,24,14,10,36,17,19,1,0,1,43,24,19,2,2,0
3416220,0,0,0,0,0,0,0,0,0,0,0,0,0,0,0,0,0,0,0,0,0,0,0,0,0,0,0,0,0,0,0,0,0,0
59856901,151,83,68,2,50,15,14,6,5,1,8,8,14,10,9,0,1,1,0,33,20,13,71,38,33,4,2,2,41,22,19,1,0,1
59856903,1743,938,805,24,639,81,242,101,44,62,24,162,85,100,116,6,85,56,29,620,374,246,609,295,314,22,8,14,326,154,172,81,51,30
55250001,154,89,65,9,45,18,19,11,3,3,1,7,7,13,14,3,4,3,1,58,38,20,51,31,20,1,0,1,33,14,19,7,3,4
55722601,44,21,23,0,18,4,6,1,2,0,1,4,0,2,5,0,3,2,1,25,14,11,9,2,7,0,0,0,6,2,4,1,1,0
55722602,438,231,207,4,169,31,50,16,14,8,7,28,20,39,39,1,11,2,9,149,103,46,174,83,91,6,2,4,88,37,51,10,4,6
51202801,765,423,342,32,277,56,71,40,31,23,3,41,33,54,66,9,30,15,15,296,187,109,272,126,146,11,4,7,112,58,54,44,33,11
51202803,112,64,48,11,36,7,11,8,5,4,1,4,10,7,6,0,3,1,2,52,33,19,41,22,19,0,0,0,15,8,7,1,0,1
56881301,418,228,190,32,151,31,37,18,6,8,4,31,26,34,26,1,18,7,11,147,93,54,150,75,75,11,2,9,79,43,36,13,8,5
50718101,497,264,233,13,165,27,39,25,15,13,15,45,36,35,43,2,22,15,7,149,89,60,163,84,79,10,2,8,143,66,77,10,8,2
55257701,517,283,234,20,159,41,58,18,10,9,10,57,24,36,52,5,11,3,8,150,96,54,181,94,87,8,2,6,154,81,73,13,7,6
54966501,75,40,35,5,20,5,13,0,0,4,2,9,3,10,3,0,5,3,2,24,17,7,23,13,10,1,0,1,17,6,11,5,1,4
54966502,56,32,24,2,13,3,8,4,4,5,1,2,5,5,1,1,1,0,1,20,14,6,18,11,7,2,0,2,13,6,7,2,1,1
54966503,87,49,38,9,22,2,9,5,0,3,1,6,9,7,9,2,5,3,2,23,11,12,36,22,14,3,2,1,18,9,9,2,2,0
54966504,587,319,268,22,206,37,57,34,11,16,13,46,38,48,37,4,23,11,12,188,120,68,198,103,95,7,0,7,151,70,81,20,15,5
54966505,76,42,34,7,18,9,9,4,0,2,0,6,5,7,5,1,5,3,2,23,16,7,27,14,13,2,0,2,17,8,9,2,1,1
55697101,677,359,318,12,221,47,78,34,17,18,6,50,42,49,71,3,13,4,9,209,135,74,273,134,139,13,4,9,150,71,79,19,11,8
55697102,126,68,58,2,48,6,7,5,9,2,3,14,3,8,11,3,3,2,1,35,21,14,47,26,21,1,0,1,37,16,21,3,3,0
55264001,276,155,121,9,86,25,22,16,12,6,5,34,13,19,17,3,7,1,6,87,59,28,104,54,50,6,1,5,56,30,26,16,10,6
56883001,812,444,368,15,250,51,80,36,10,44,31,80,63,45,72,3,31,12,19,186,126,60,348,189,159,9,4,5,215,98,117,23,15,8
56883002,101,61,40,1,31,8,12,10,3,9,4,6,7,5,4,1,1,1,0,20,15,5,41,28,13,3,1,2,32,14,18,4,2,2
59867401,476,250,226,16,157,31,57,33,6,11,6,32,30,33,44,5,14,6,8,161,100,61,163,81,82,6,0,6,115,51,64,17,12,5
59867402,175,98,77,3,47,8,25,10,1,13,4,15,12,10,13,1,7,2,5,51,30,21,63,36,27,1,1,0,51,28,23,2,1,1
59867403,101,56,45,2,31,11,14,3,5,4,2,7,4,3,12,0,2,1,1,23,17,6,38,19,19,2,1,1,36,18,18,0,0,0
59867404,46,27,19,1,10,1,8,4,2,2,0,4,4,3,4,1,2,2,0,9,6,3,22,12,10,0,0,0,10,5,5,3,2,1
55265801,88,55,33,5,29,6,7,9,0,0,0,5,6,3,14,0,0,0,0,18,11,7,41,28,13,0,0,0,23,12,11,6,4,2
55265802,332,187,145,5,96,21,38,11,10,11,8,33,16,23,40,3,8,3,5,62,45,17,128,67,61,3,1,2,123,66,57,8,5,3
56879101,17,11,6,0,8,0,4,0,0,0,0,0,2,3,0,0,0,0,0,3,3,0,10,6,4,0,0,0,4,2,2,0,0,0
56879102,82,48,34,1,21,6,9,11,7,3,1,2,2,10,6,1,4,2,2,24,17,7,31,16,15,4,2,2,17,9,8,2,2,0
56879103,352,182,170,11,91,29,36,15,7,10,4,48,22,41,26,1,10,4,6,82,56,26,143,69,74,10,3,7,97,45,52,10,5,5
1542110,0,0,0,0,0,0,0,0,0,0,0,0,0,0,0,0,0,0,0,0,0,0,0,0,0,0,0,0,0,0,0,0,0,0
59874701,14,9,5,1,4,1,0,1,2,0,0,0,0,1,1,1,0,0,0,7,5,2,3,2,1,0,0,0,4,2,2,0,0,0
59874704,25,16,9,3,4,1,1,0,3,2,2,4,3,0,0,0,1,1,0,5,3,2,12,7,5,1,1,0,5,3,2,1,1,0
59874706,114,67,47,28,26,2,6,3,14,4,0,9,7,8,4,0,5,1,4,50,34,16,41,21,20,1,0,1,17,11,6,0,0,0
59874708,44,28,16,5,11,3,2,0,7,1,1,3,3,4,1,1,2,1,1,17,12,5,13,8,5,0,0,0,11,6,5,1,1,0
59874711,65,39,26,13,15,4,2,4,3,1,1,3,3,8,5,1,1,1,0,29,21,8,17,9,8,1,1,0,15,6,9,2,1,1
3151170,0,0,0,0,0,0,0,0,0,0,0,0,0,0,0,0,0,0,0,0,0,0,0,0,0,0,0,0,0,0,0,0,0,0
3416310,0,0,0,0,0,0,0,0,0,0,0,0,0,0,0,0,0,0,0,0,0,0,0,0,0,0,0,0,0,0,0,0,0,0
55255102,505,274,231,9,143,32,73,24,17,15,10,42,36,33,50,3,17,9,8,154,105,49,175,87,88,8,3,5,139,62,77,12,8,4
55255103,25,16,9,0,12,2,0,0,1,2,0,3,0,1,4,0,1,1,0,4,3,1,7,2,5,2,2,0,8,5,3,3,3,0
55255104,192,104,88,2,55,19,18,6,4,6,5,22,17,20,6,1,6,2,4,51,34,17,71,34,37,3,1,2,56,29,27,5,4,1
3067620,0,0,0,0,0,0,0,0,0,0,0,0,0,0,0,0,0,0,0,0,0,0,0,0,0,0,0,0,0,0,0,0,0,0
55256901,1064,579,485,49,346,73,145,63,20,21,12,77,66,56,91,8,37,18,19,382,244,138,365,177,188,14,5,9,218,102,116,48,33,15
55267401,502,281,221,12,180,20,63,36,6,17,9,43,26,25,49,5,14,6,8,163,93,70,214,117,97,7,1,6,93,55,38,11,9,2
56963102,1089,593,496,18,319,52,153,58,41,39,32,87,75,74,82,5,39,21,18,286,190,96,402,193,209,19,6,13,307,155,152,36,28,8
55262301,21,11,10,1,9,0,4,1,0,1,0,1,1,2,1,0,0,0,0,6,3,3,7,2,5,0,0,0,7,5,2,1,1,0
55262302,43,21,22,4,11,3,9,2,1,1,0,4,4,3,1,0,3,2,1,11,6,5,22,9,13,0,0,0,7,4,3,0,0,0
55262303,192,100,92,8,56,13,24,11,12,6,2,14,16,9,18,0,8,3,5,49,29,20,86,47,39,1,0,1,44,20,24,4,1,3
55262304,211,118,93,5,62,10,25,23,6,7,1,23,9,15,15,1,6,2,4,50,36,14,81,38,43,3,1,2,61,34,27,10,7,3
55262305,57,29,28,4,16,5,6,8,5,0,0,5,1,2,5,0,4,2,2,23,11,12,19,10,9,0,0,0,11,6,5,0,0,0
1710262,0,0,0,0,0,0,0,0,0,0,0,0,0,0,0,0,0,0,0,0,0,0,0,0,0,0,0,0,0,0,0,0,0,0
59881001,199,106,93,13,73,12,20,13,6,1,4,16,8,12,15,1,6,2,4,76,49,27,79,36,43,3,0,3,32,17,15,3,2,1
59881002,111,61,50,8,40,6,11,6,4,2,2,9,5,4,12,1,4,2,2,32,22,10,51,25,26,1,1,0,22,10,12,1,1,0
59881003,96,54,42,9,38,8,9,3,1,4,1,3,4,6,6,1,7,4,3,36,24,12,31,19,12,2,0,2,16,4,12,4,3,1
59881004,373,199,174,12,136,17,31,17,6,11,6,30,23,22,45,2,18,11,7,123,79,44,133,65,68,3,2,1,88,37,51,8,5,3
59881005,915,491,424,21,380,64,113,35,20,20,16,60,35,49,74,3,33,14,19,302,190,112,342,176,166,15,3,12,203,98,105,20,10,10
59881006,55,29,26,1,22,3,4,2,1,0,0,6,0,5,5,1,2,1,1,14,11,3,20,8,12,0,0,0,18,8,10,1,1,0
59881007,472,261,211,6,194,20,56,14,16,8,3,41,15,35,48,3,9,4,5,132,79,53,193,105,88,3,1,2,125,64,61,10,8,2
59881008,246,137,109,6,102,12,29,10,4,4,1,22,14,9,25,1,3,1,2,86,58,28,97,48,49,1,1,0,52,24,28,7,5,2
59881009,442,249,193,15,185,25,45,7,14,9,9,40,15,33,31,2,10,5,5,110,69,41,168,100,68,8,3,5,137,67,70,9,5,4
59881010,344,188,156,8,127,19,35,11,6,6,2,32,11,33,45,1,8,1,7,90,60,30,123,71,52,7,1,6,110,53,57,6,2,4
59881011,484,281,203,3,216,22,40,16,17,6,5,51,14,30,34,8,35,24,11,152,99,53,186,93,93,4,0,4,84,47,37,23,18,5
59881013,488,270,218,3,218,35,30,17,12,7,5,40,18,28,55,6,13,8,5,139,86,53,192,99,93,6,3,3,120,63,57,18,11,7
59881014,33,18,15,0,14,3,1,2,0,3,2,0,2,3,3,0,0,0,0,6,4,2,16,10,6,0,0,0,10,4,6,1,0,1
59881015,284,159,125,5,126,20,24,9,8,2,1,18,7,20,26,2,15,8,7,109,69,40,101,50,51,4,2,2,48,25,23,7,5,2
59881016,221,128,93,3,113,10,13,16,7,6,1,15,4,14,9,2,9,4,5,97,66,31,75,40,35,1,1,0,34,13,21,5,4,1
59881017,225,123,102,6,92,16,28,7,8,4,4,14,10,12,16,2,5,2,3,80,52,28,93,42,51,1,0,1,40,23,17,6,4,2
59881018,160,90,70,2,74,5,12,8,1,4,5,19,7,4,15,0,3,1,2,47,29,18,62,33,29,2,2,0,44,23,21,2,2,0
59881019,1259,685,574,3,562,42,125,61,43,19,14,92,51,73,133,9,48,22,26,435,268,167,492,260,232,16,7,9,229,106,123,39,22,17
59881020,359,182,177,1,148,22,34,18,15,6,6,30,23,16,32,0,13,4,9,124,75,49,146,63,83,3,1,2,65,34,31,8,5,3
59881022,187,112,75,4,84,23,18,6,7,1,0,13,5,13,6,4,26,14,12,87,59,28,34,13,21,3,1,2,11,5,6,26,20,6
59881023,242,134,108,6,72,20,29,8,12,3,3,31,11,15,26,1,6,3,3,77,51,26,98,49,49,6,1,5,49,25,24,6,5,1
59881024,14,7,7,1,5,1,3,0,0,0,0,2,0,0,1,0,2,0,2,4,1,3,2,2,0,0,0,0,2,2,0,4,2,2
59881025,737,423,314,5,367,43,71,24,38,8,4,64,16,21,49,7,67,36,31,345,214,131,223,113,110,7,4,3,45,20,25,50,36,14
59881026,823,504,319,14,312,64,67,37,32,10,5,94,36,41,60,19,74,47,27,275,185,90,219,110,109,9,5,4,115,53,62,131,104,27
59881027,19,12,7,1,4,1,0,2,0,0,0,1,0,3,3,1,0,0,0,6,3,3,6,5,1,3,1,2,4,3,1,0,0,0
59881029,304,170,134,3,111,19,30,14,6,8,0,31,14,19,29,7,22,16,6,97,60,37,97,47,50,4,2,2,77,40,37,7,5,2
59881030,25,14,11,0,15,0,4,0,1,0,0,3,0,1,1,0,2,1,1,8,5,3,10,5,5,0,0,0,5,3,2,0,0,0
59881031,197,104,93,3,104,8,12,10,6,0,0,18,6,7,11,3,9,3,6,128,77,51,47,20,27,2,0,2,6,2,4,5,2,3
59881032,12,11,1,0,7,2,0,0,0,1,0,1,0,0,0,0,0,0,0,4,3,1,1,1,0,0,0,0,0,0,0,7,7,0
59881033,173,95,78,1,64,14,18,8,7,2,4,11,4,15,18,0,2,2,0,57,36,21,63,35,28,3,0,3,45,21,24,3,1,2
59881034,1770,925,845,14,766,90,165,70,70,37,15,167,46,94,151,11,128,61,67,715,419,296,607,287,320,23,3,20,211,94,117,86,61,25
59881035,579,314,265,7,198,34,54,16,22,17,9,49,18,47,67,7,11,6,5,130,82,48,223,120,103,8,1,7,193,96,97,14,9,5
59881036,43,22,21,1,20,0,3,3,1,2,1,1,2,2,5,0,1,0,1,14,11,3,18,7,11,0,0,0,7,2,5,3,2,1
59881037,355,190,165,4,132,19,46,15,7,6,9,25,17,27,34,1,13,6,7,87,52,35,123,62,61,5,2,3,121,65,56,6,3,3
59881038,1361,725,636,5,537,72,144,54,38,33,18,120,39,91,152,5,51,25,26,395,247,148,510,261,249,18,2,16,336,155,181,51,35,16
59881039,288,161,127,6,81,24,45,13,18,7,3,17,13,20,29,2,5,1,4,64,48,16,117,52,65,5,1,4,92,55,37,5,4,1
59881040,1126,583,543,9,416,57,101,41,52,28,20,119,38,46,126,6,68,29,39,398,234,164,404,202,202,21,4,17,191,89,102,44,25,19
59881041,1366,719,647,10,581,60,144,51,50,33,18,140,38,77,102,7,64,28,36,510,297,213,483,247,236,25,3,22,236,115,121,48,29,19
55261501,149,79,70,7,37,4,23,4,5,6,1,15,12,16,11,1,4,1,3,34,23,11,46,25,21,7,3,4,49,21,28,9,6,3
55492801,391,213,178,3,124,27,41,16,12,12,7,37,19,27,46,2,8,4,4,96,63,33,160,79,81,5,1,4,113,62,51,9,4,5
55492802,334,184,150,5,125,24,43,8,13,8,4,33,8,22,34,1,10,7,3,106,71,35,122,60,62,5,2,3,86,43,43,5,1,4
55492803,1052,574,478,28,426,54,95,37,23,19,12,81,51,77,105,8,22,12,10,321,205,116,402,211,191,12,3,9,258,119,139,37,24,13
55492804,339,185,154,2,121,18,42,14,8,6,2,29,18,32,37,0,3,2,1,105,68,37,123,63,60,2,0,2,95,46,49,11,6,5
55248801,346,200,146,13,114,35,49,26,11,7,5,18,19,20,17,4,14,7,7,111,79,32,136,69,67,3,2,1,70,34,36,12,9,3
55268201,219,132,87,10,94,5,14,11,4,0,4,17,27,8,18,3,8,4,4,75,52,23,76,41,35,3,1,2,47,26,21,10,8,2
55268202,17,11,6,1,8,0,2,1,1,0,1,2,0,1,0,0,0,0,0,2,2,0,9,5,4,0,0,0,5,3,2,1,1,0
55268203,27,15,12,0,9,1,6,0,0,0,1,3,1,3,2,0,2,2,0,7,3,4,4,3,1,2,1,1,12,6,6,0,0,0
55268204,55,28,27,4,19,3,6,0,1,1,0,7,3,4,3,0,2,1,1,19,14,5,16,8,8,1,0,1,16,4,12,1,1,0
55268205,88,48,40,2,28,5,15,1,1,2,1,4,4,11,8,2,2,1,1,33,21,12,26,13,13,1,0,1,21,10,11,5,3,2
55269101,433,243,190,12,144,16,57,27,17,17,11,35,26,28,25,1,14,9,5,152,96,56,171,96,75,6,0,6,80,35,45,10,7,3
56816301,176,92,84,7,56,18,18,14,1,3,2,17,8,14,9,1,6,4,2,44,28,16,81,38,43,3,1,2,35,17,18,7,4,3
59892501,273,134,139,10,87,13,24,9,6,7,3,27,26,19,24,1,13,4,9,84,42,42,110,60,50,2,0,2,62,27,35,2,1,1
59892502,117,61,56,4,41,10,11,5,0,4,1,9,5,10,13,1,3,1,2,42,23,19,36,20,16,3,2,1,32,15,17,1,0,1
59892503,133,71,62,2,42,13,11,8,2,4,6,6,8,13,7,1,9,4,5,44,30,14,53,25,28,1,0,1,25,12,13,1,0,1
59892504,177,99,78,1,53,12,26,7,4,8,6,20,9,13,15,0,3,1,2,43,30,13,75,40,35,2,1,1,48,23,25,6,4,2
59892505,1046,563,483,14,365,68,124,57,35,31,19,71,67,68,87,8,59,27,32,358,211,147,383,204,179,16,6,10,197,95,102,33,20,13
1367430,0,0,0,0,0,0,0,0,0,0,0,0,0,0,0,0,0,0,0,0,0,0,0,0,0,0,0,0,0,0,0,0,0,0
3153540,0,0,0,0,0,0,0,0,0,0,0,0,0,0,0,0,0,0,0,0,0,0,0,0,0,0,0,0,0,0,0,0,0,0
3414360,0,0,0,0,0,0,0,0,0,0,0,0,0,0,0,0,0,0,0,0,0,0,0,0,0,0,0,0,0,0,0,0,0,0
59905101,40,20,20,1,9,3,1,2,1,3,1,1,4,5,6,0,1,1,0,8,4,4,20,12,8,1,0,1,8,2,6,2,1,1
59905102,222,118,104,3,80,8,21,12,10,9,3,17,13,15,19,1,6,1,5,70,44,26,89,50,39,1,0,1,52,20,32,4,3,1
59905103,222,129,93,3,71,17,23,23,9,5,8,18,15,8,18,1,15,9,6,78,51,27,81,44,37,5,1,4,37,19,18,6,5,1
59905104,157,81,76,1,63,5,20,13,4,6,5,7,8,7,15,0,5,3,2,53,26,27,72,38,34,2,0,2,25,14,11,0,0,0
59905105,60,36,24,0,20,6,4,2,3,0,0,9,0,2,5,4,16,11,5,21,13,8,9,7,2,0,0,0,5,1,4,9,4,5
59905106,175,87,88,3,61,9,24,20,6,1,1,13,10,8,14,0,8,2,6,67,43,24,68,28,40,5,1,4,21,9,12,6,4,2
59905108,1051,571,480,11,358,60,82,93,23,19,23,83,92,75,92,9,59,35,24,305,203,102,412,202,210,9,1,8,236,113,123,30,17,13
59905109,25,15,10,0,8,4,7,2,1,0,0,2,0,0,1,0,4,3,1,8,6,2,10,5,5,0,0,0,1,0,1,2,1,1
59905110,207,112,95,0,65,7,25,15,10,7,3,8,12,13,27,4,11,7,4,57,35,22,82,42,40,3,0,3,50,26,24,4,2,2
59905111,388,198,190,2,87,21,57,42,19,11,3,19,22,39,47,2,13,3,10,107,77,30,153,72,81,9,2,7,88,30,58,18,14,4
59905112,194,108,86,1,62,15,24,22,3,3,2,16,11,9,18,0,16,12,4,69,49,20,74,36,38,1,0,1,31,10,21,3,1,2
59905113,509,286,223,4,209,23,50,52,14,8,5,43,26,29,37,2,26,14,12,182,110,72,219,118,101,6,3,3,60,33,27,16,8,8
59905114,649,359,290,5,224,35,67,32,19,21,13,55,43,52,50,5,18,5,13,186,115,71,243,130,113,15,5,10,172,93,79,15,11,4
59905115,1333,710,623,9,509,54,127,126,42,34,20,103,79,89,95,9,103,51,52,481,289,192,479,243,236,26,9,17,202,96,106,42,22,20
59905116,286,161,125,3,135,10,20,17,8,3,1,34,8,13,19,8,42,22,20,133,84,49,78,39,39,0,0,0,20,10,10,13,6,7
59905117,33,18,15,0,15,4,5,0,2,0,0,3,0,1,0,2,5,2,3,14,9,5,7,1,6,0,0,0,2,1,1,5,5,0
59905118,25,13,12,0,11,3,4,3,1,0,0,0,1,0,2,0,3,1,2,12,7,5,9,5,4,0,0,0,1,0,1,0,0,0
59905119,1664,875,789,10,649,62,154,166,54,35,12,147,86,88,135,15,162,71,91,667,400,267,567,287,280,8,1,7,197,76,121,63,40,23
59905121,1665,942,723,16,553,92,167,177,58,36,28,165,93,87,124,17,176,92,84,574,363,211,552,286,266,27,8,19,215,104,111,121,89,32
59905123,446,240,206,3,130,24,41,51,10,19,6,38,25,41,39,2,18,10,8,110,71,39,153,78,75,8,2,6,139,68,71,18,11,7
59893301,327,181,146,5,103,24,36,21,6,7,6,20,16,36,31,1,10,5,5,94,59,35,123,69,54,7,2,5,85,42,43,8,4,4
59893302,302,172,130,4,89,15,46,12,10,10,3,19,21,26,29,3,10,6,4,93,61,32,108,55,53,2,2,0,83,45,38,6,3,3
59893303,422,222,200,7,125,15,76,28,16,7,4,39,21,36,35,2,8,3,5,128,82,46,157,74,83,7,4,3,116,56,60,6,3,3
59893304,180,95,85,5,59,9,24,10,5,7,1,15,12,11,16,0,7,3,4,43,28,15,76,36,40,3,1,2,49,25,24,2,2,0
59893305,276,148,128,2,87,16,50,13,8,5,6,26,14,15,22,2,8,3,5,84,53,31,98,45,53,3,1,2,77,41,36,6,5,1
59893306,53,32,21,0,23,1,13,0,0,1,0,3,2,1,5,1,5,1,4,21,14,7,19,11,8,1,0,1,5,4,1,2,2,0
59893307,152,79,73,4,44,15,19,9,1,3,3,14,13,16,8,0,5,4,1,40,27,13,52,21,31,5,2,3,49,24,25,1,1,0
59893308,387,203,184,3,116,16,50,21,5,11,10,33,36,25,40,2,11,5,6,116,73,43,146,70,76,5,2,3,106,51,55,3,2,1
59893309,94,50,44,2,31,6,7,4,3,0,3,3,10,11,11,1,3,0,3,28,21,7,40,20,20,0,0,0,22,9,13,1,0,1
59893310,191,97,94,8,67,11,24,8,5,7,2,12,11,12,14,4,8,2,6,73,41,32,75,32,43,3,2,1,28,18,10,4,2,2
59893311,684,366,318,1,256,26,77,34,20,16,9,54,35,49,72,5,47,23,24,252,149,103,242,118,124,8,3,5,108,57,51,27,16,11
59893312,190,98,92,0,77,7,22,13,3,2,3,12,11,13,12,1,14,8,6,58,32,26,75,37,38,2,0,2,28,11,17,13,10,3
59893313,518,276,242,3,165,30,56,33,10,19,2,42,23,40,52,4,21,13,8,139,88,51,170,84,86,6,1,5,157,71,86,25,19,6
59893314,2363,1200,1163,18,941,116,315,146,68,42,21,214,90,119,172,21,178,73,105,993,558,435,806,384,422,29,9,20,278,124,154,79,52,27
59893315,1111,576,535,8,328,70,158,68,19,20,23,93,64,79,112,8,49,26,23,298,172,126,437,219,218,16,4,12,267,123,144,44,32,12
59893316,863,460,403,9,232,45,92,45,24,23,14,93,43,82,89,9,41,21,20,222,140,82,305,147,158,18,10,8,258,130,128,19,12,7
59893317,19,10,9,0,13,0,1,0,1,0,0,2,0,1,0,0,3,1,2,13,7,6,3,2,1,0,0,0,0,0,0,0,0,0
59893319,288,159,129,4,82,10,35,10,9,10,5,25,11,20,39,3,12,7,5,78,45,33,97,45,52,6,4,2,86,50,36,9,8,1
59893320,355,192,163,2,111,15,46,20,16,10,9,33,12,21,35,3,20,10,10,91,59,32,103,50,53,5,0,5,112,56,56,24,17,7
59893321,261,140,121,6,91,18,31,11,10,7,4,17,10,18,24,1,15,8,7,80,53,27,103,44,59,7,1,6,53,31,22,3,3,0
59893322,1325,740,585,9,347,80,198,71,54,41,13,142,52,94,111,25,81,43,38,351,205,146,419,223,196,15,6,9,323,164,159,136,99,37
59893323,273,145,128,5,76,25,35,16,6,7,11,25,13,17,21,1,8,6,2,89,59,30,103,47,56,2,0,2,63,29,34,8,4,4
3309900,0,0,0,0,0,0,0,0,0,0,0,0,0,0,0,0,0,0,0,0,0,0,0,0,0,0,0,0,0,0,0,0,0,0
59894101,2004,1074,930,35,685,115,211,129,36,54,39,128,180,140,184,10,61,24,37,620,400,220,823,419,404,21,5,16,436,199,237,43,27,16
59894102,109,64,45,1,42,9,3,6,10,7,2,3,9,3,10,1,5,3,2,51,32,19,34,16,18,1,0,1,14,9,5,4,4,0
59896801,2193,1164,1029,64,725,127,236,174,50,53,39,140,158,163,191,9,85,47,38,686,435,251,851,418,433,31,10,21,478,215,263,62,39,23
59896802,298,158,140,10,120,7,32,30,4,9,6,19,11,17,29,0,13,8,5,105,54,51,120,68,52,9,3,6,39,17,22,12,8,4
56886401,507,278,229,4,188,35,51,47,12,6,6,31,35,34,40,4,44,24,20,213,132,81,156,81,75,7,2,5,65,22,43,22,17,5
0377880,0,0,0,0,0,0,0,0,0,0,0,0,0,0,0,0,0,0,0,0,0,0,0,0,0,0,0,0,0,0,0,0,0,0
0377960,0,0,0,0,0,0,0,0,0,0,0,0,0,0,0,0,0,0,0,0,0,0,0,0,0,0,0,0,0,0,0,0,0,0
55508801,301,163,138,3,83,30,23,12,8,10,5,31,23,23,33,0,7,3,4,65,41,24,107,60,47,1,0,1,119,58,61,2,1,1
55508802,2307,1177,1130,16,687,145,267,127,71,88,52,214,141,190,198,18,97,53,44,751,425,326,861,425,436,46,8,38,487,229,258,65,37,28
55508803,703,375,328,1,180,43,85,40,19,21,23,79,55,65,50,7,22,15,7,187,118,69,268,140,128,13,4,9,188,79,109,25,19,6
55508804,2781,1460,1321,17,823,145,344,174,84,101,59,285,175,210,218,27,131,59,72,821,496,325,1093,555,538,42,9,33,572,259,313,122,82,40
55508805,659,362,297,9,148,39,70,26,22,26,21,66,61,71,63,1,15,8,7,132,78,54,238,132,106,11,5,6,256,132,124,7,7,0
55508806,827,422,405,5,189,39,115,35,22,56,14,80,63,75,89,3,16,7,9,184,112,72,311,148,163,15,6,9,289,144,145,12,5,7
55508807,156,76,80,0,43,9,25,12,4,10,4,19,7,9,11,1,3,0,3,34,22,12,58,29,29,0,0,0,56,23,33,5,2,3
55508808,258,140,118,8,65,24,30,8,5,7,6,18,21,20,24,2,3,0,3,51,35,16,112,59,53,7,3,4,85,43,42,0,0,0
55508809,345,172,173,2,77,16,46,19,14,17,6,32,25,42,34,2,11,5,6,83,46,37,146,73,73,4,1,3,95,42,53,6,5,1
55508810,1757,873,884,19,620,113,212,122,69,36,28,146,81,122,120,17,137,54,83,749,412,337,602,283,319,17,6,11,182,79,103,70,39,31
55508811,2213,1151,1062,16,762,118,273,161,67,58,37,200,111,156,164,24,176,81,95,894,498,396,778,391,387,26,5,21,251,120,131,88,56,32
55508812,232,117,115,0,46,14,29,8,2,6,6,26,26,23,32,1,5,2,3,44,25,19,103,55,48,4,1,3,69,30,39,7,4,3
55508813,233,114,119,0,66,10,26,16,7,5,2,26,14,25,29,0,16,7,9,88,50,38,78,37,41,8,1,7,39,18,21,4,1,3
55508814,743,376,367,7,236,41,113,60,22,13,10,58,39,53,58,9,63,32,31,306,172,134,262,126,136,13,4,9,62,21,41,37,21,16
55508815,1029,600,429,14,374,89,94,62,27,6,8,129,47,41,52,47,186,96,90,428,249,179,187,107,80,8,5,3,54,29,25,166,114,52
55508816,23,15,8,2,2,4,2,3,3,2,1,0,1,1,2,0,1,1,0,12,9,3,7,5,2,0,0,0,3,0,3,0,0,0
55508817,1036,602,434,15,354,92,118,59,30,22,14,92,46,53,87,16,93,58,35,385,241,144,313,174,139,9,4,5,156,73,83,80,52,28
55508818,251,135,116,1,89,22,39,10,5,5,4,23,15,11,17,3,19,11,8,89,52,37,83,39,44,3,1,2,37,19,18,20,13,7
55508819,552,299,253,9,127,35,78,34,16,20,12,54,34,48,58,1,21,10,11,100,57,43,213,110,103,6,3,3,201,112,89,11,7,4
55508820,448,247,201,1,133,36,72,20,9,12,6,28,33,36,49,3,11,8,3,129,79,50,197,109,88,9,2,7,94,43,51,8,6,2
55508821,27,16,11,0,7,2,5,1,1,0,0,0,3,1,5,0,2,1,1,12,7,5,10,7,3,0,0,0,3,1,2,0,0,0
55508822,68,39,29,0,18,6,7,13,3,1,1,6,1,3,6,0,7,3,4,33,20,13,17,10,7,0,0,0,5,1,4,6,5,1
55508823,2347,1258,1089,16,789,122,254,154,115,79,44,215,117,135,186,26,180,103,77,886,533,353,808,395,413,36,9,27,339,157,182,98,61,37
55508824,1559,838,721,6,416,86,198,105,40,46,20,153,104,132,165,9,66,36,30,482,303,179,606,311,295,35,11,24,330,147,183,40,30,10
55508825,228,116,112,1,54,19,31,18,5,11,8,17,6,26,25,1,5,2,3,62,39,23,76,37,39,3,0,3,81,37,44,1,1,0
55508826,27,11,16,0,5,0,2,3,0,1,1,2,4,0,5,1,3,1,2,2,2,0,16,5,11,0,0,0,6,3,3,0,0,0
55508827,2225,1265,960,16,713,160,266,133,100,66,25,226,104,134,163,32,166,107,59,828,520,308,732,357,375,28,8,20,303,136,167,168,137,31
55508828,21,12,9,0,7,2,0,0,0,0,0,1,4,2,2,0,1,0,1,8,6,2,5,4,1,1,0,1,5,1,4,1,1,0
55508829,1572,839,733,12,595,68,159,119,72,51,26,125,84,91,104,12,115,58,57,627,366,261,561,288,273,19,8,11,197,87,110,53,32,21
55508830,1901,976,925,9,613,92,223,108,67,50,26,185,108,151,174,15,111,43,68,653,388,265,706,349,357,30,9,21,333,143,190,68,44,24
55508831,899,473,426,6,319,45,100,54,24,33,21,82,48,68,65,7,56,27,29,335,186,149,315,172,143,14,4,10,143,62,81,36,22,14
55508832,2344,1221,1123,24,800,135,295,127,94,80,34,208,125,129,181,27,199,105,94,895,537,358,794,364,430,36,12,24,353,162,191,67,41,26
59817801,442,232,210,10,118,27,59,23,15,20,11,33,27,39,34,4,10,7,3,105,70,35,167,84,83,11,5,6,134,55,79,15,11,4
59817802,140,78,62,4,39,14,19,9,3,4,3,17,7,7,10,2,1,0,1,35,26,9,57,28,29,1,1,0,45,23,22,1,0,1
59817803,157,84,73,0,36,10,25,2,5,16,1,12,7,13,21,0,3,2,1,37,26,11,65,29,36,2,0,2,46,25,21,4,2,2
59817804,159,83,76,3,52,14,17,5,1,9,3,14,10,9,16,0,4,2,2,41,28,13,62,30,32,6,0,6,38,18,20,8,5,3
59817805,393,207,186,4,88,27,53,18,10,16,11,51,29,27,42,1,11,2,9,99,69,30,142,71,71,7,2,5,127,57,70,7,6,1
55273901,372,203,169,1,103,26,43,16,7,13,6,34,32,39,38,1,9,3,6,80,56,24,147,72,75,6,0,6,123,67,56,7,5,2
55273902,1481,802,679,17,495,118,187,82,45,36,16,129,105,92,94,15,111,58,53,537,324,213,533,279,254,11,3,8,222,93,129,67,45,22
55273903,38,23,15,0,9,7,3,5,1,0,1,4,2,0,5,0,4,3,1,11,7,4,11,5,6,0,0,0,3,2,1,9,6,3
55529101,54,31,23,1,23,1,5,4,4,4,0,1,4,0,4,0,2,1,1,19,12,7,17,9,8,1,0,1,12,7,5,3,2,1
55529102,23,11,12,1,2,1,1,0,0,2,0,2,5,2,3,0,1,1,0,3,3,0,9,4,5,0,0,0,8,3,5,2,0,2
55529103,281,160,121,1,89,14,27,19,8,9,6,26,28,17,28,0,9,4,5,75,51,24,115,63,52,0,0,0,72,34,38,10,8,2
55529104,285,151,134,6,90,17,23,6,3,9,2,24,23,29,34,2,9,3,6,91,58,33,92,47,45,4,1,3,85,40,45,4,2,2
0638430,0,0,0,0,0,0,0,0,0,0,0,0,0,0,0,0,0,0,0,0,0,0,0,0,0,0,0,0,0,0,0,0,0,0
0639590,0,0,0,0,0,0,0,0,0,0,0,0,0,0,0,0,0,0,0,0,0,0,0,0,0,0,0,0,0,0,0,0,0,0
0640092,0,0,0,0,0,0,0,0,0,0,0,0,0,0,0,0,0,0,0,0,0,0,0,0,0,0,0,0,0,0,0,0,0,0
0640680,0,0,0,0,0,0,0,0,0,0,0,0,0,0,0,0,0,0,0,0,0,0,0,0,0,0,0,0,0,0,0,0,0,0
0640760,0,0,0,0,0,0,0,0,0,0,0,0,0,0,0,0,0,0,0,0,0,0,0,0,0,0,0,0,0,0,0,0,0,0
0640840,0,0,0,0,0,0,0,0,0,0,0,0,0,0,0,0,0,0,0,0,0,0,0,0,0,0,0,0,0,0,0,0,0,0
0640920,0,0,0,0,0,0,0,0,0,0,0,0,0,0,0,0,0,0,0,0,0,0,0,0,0,0,0,0,0,0,0,0,0,0
0641220,0,0,0,0,0,0,0,0,0,0,0,0,0,0,0,0,0,0,0,0,0,0,0,0,0,0,0,0,0,0,0,0,0,0
0641310,0,0,0,0,0,0,0,0,0,0,0,0,0,0,0,0,0,0,0,0,0,0,0,0,0,0,0,0,0,0,0,0,0,0
0641570,0,0,0,0,0,0,0,0,0,0,0,0,0,0,0,0,0,0,0,0,0,0,0,0,0,0,0,0,0,0,0,0,0,0
0641650,0,0,0,0,0,0,0,0,0,0,0,0,0,0,0,0,0,0,0,0,0,0,0,0,0,0,0,0,0,0,0,0,0,0
0641730,0,0,0,0,0,0,0,0,0,0,0,0,0,0,0,0,0,0,0,0,0,0,0,0,0,0,0,0,0,0,0,0,0,0
0873270,0,0,0,0,0,0,0,0,0,0,0,0,0,0,0,0,0,0,0,0,0,0,0,0,0,0,0,0,0,0,0,0,0,0
3312790,0,0,0,0,0,0,0,0,0,0,0,0,0,0,0,0,0,0,0,0,0,0,0,0,0,0,0,0,0,0,0,0,0,0
59891702,2724,1439,1285,19,934,94,259,169,102,59,44,246,226,157,297,23,235,113,122,1008,585,423,985,511,474,41,10,31,362,159,203,93,61,32
59891703,413,225,188,3,103,16,43,27,9,13,19,32,33,34,56,3,16,11,5,108,64,44,160,89,71,5,3,2,114,50,64,10,8,2
59891704,155,81,74,3,48,13,14,14,3,3,1,9,14,13,17,1,5,2,3,57,37,20,57,26,31,1,0,1,29,12,17,6,4,2
59891705,124,65,59,2,38,6,7,12,2,2,3,15,8,11,12,0,2,2,0,51,30,21,43,21,22,3,0,3,19,8,11,6,4,2
59891706,112,63,49,4,40,3,7,12,1,4,2,7,12,7,10,0,2,0,2,45,29,16,45,26,19,2,0,2,18,8,10,0,0,0
59891707,65,34,31,5,17,3,3,5,1,3,2,2,7,5,10,1,2,1,1,24,14,10,25,13,12,0,0,0,13,6,7,1,0,1
59891711,480,352,128,10,141,48,55,23,20,3,3,76,14,12,25,28,37,31,6,143,110,33,88,52,36,1,0,1,55,29,26,156,130,26
59891712,122,60,62,0,34,4,15,8,5,3,1,9,10,8,16,1,6,2,4,29,17,12,49,23,26,0,0,0,30,14,16,8,4,4
59891713,210,124,86,2,29,10,21,6,2,9,8,16,60,18,20,1,20,17,3,47,35,12,71,40,31,5,0,5,64,30,34,3,2,1
59891714,107,56,51,0,24,6,10,7,1,2,1,11,9,14,14,0,2,0,2,24,15,9,40,21,19,2,1,1,36,17,19,3,2,1
59891715,31,15,16,1,6,2,6,7,0,0,0,1,3,2,2,0,3,1,2,9,6,3,10,5,5,2,1,1,6,2,4,1,0,1
59891716,128,68,60,2,35,5,17,4,5,2,2,14,9,8,21,0,2,1,1,27,13,14,64,33,31,1,0,1,26,13,13,8,8,0
59891719,2508,1295,1213,15,855,116,282,142,97,45,39,216,187,159,254,28,172,82,90,1007,574,433,907,443,464,31,10,21,316,144,172,75,42,33
59891720,477,243,234,2,100,20,47,19,10,17,17,50,46,49,82,0,10,3,7,79,52,27,188,96,92,10,3,7,182,87,95,8,2,6
59891721,1852,962,890,13,636,66,177,93,63,44,31,164,147,138,199,18,134,66,68,667,398,269,675,332,343,15,5,10,306,134,172,55,27,28
59891723,103,56,47,2,22,10,12,8,3,1,3,5,12,9,11,1,2,2,0,30,20,10,40,21,19,0,0,0,29,11,18,2,2,0
59891725,699,417,282,12,255,59,44,23,20,6,4,97,42,14,25,75,183,97,86,243,144,99,76,44,32,2,2,0,18,10,8,177,120,57
59891726,1662,855,807,7,649,69,189,86,70,35,17,152,96,80,137,15,170,76,94,681,394,287,509,244,265,18,5,13,206,86,120,78,50,28
59891728,333,204,129,5,127,25,25,12,4,6,2,49,14,14,26,13,59,32,27,145,93,52,61,36,25,0,0,0,27,13,14,41,30,11
59891729,1610,811,799,14,576,78,142,85,59,22,23,145,105,96,162,20,175,75,100,645,370,275,498,224,274,24,12,12,189,79,110,79,51,28
59891730,2469,1275,1194,16,867,104,289,132,105,38,37,186,159,132,265,41,221,98,123,1002,581,421,849,432,417,24,7,17,264,86,178,109,71,38
59891731,441,224,217,3,161,22,51,12,14,8,6,50,29,27,40,2,38,17,21,160,84,76,152,85,67,6,1,5,71,29,42,14,8,6
59891732,14,8,6,0,2,1,1,0,1,0,0,0,0,0,9,0,0,0,0,3,2,1,2,1,1,3,0,3,5,4,1,1,1,0
59891733,26,15,11,0,7,2,4,1,1,1,1,3,2,1,3,0,1,1,0,5,4,1,14,7,7,0,0,0,6,3,3,0,0,0
59891734,2350,1185,1165,20,763,85,260,137,90,52,34,194,172,162,267,23,152,58,94,871,486,385,870,443,427,31,8,23,342,140,202,84,50,34
59891735,761,400,361,3,232,27,95,35,16,18,10,52,74,67,92,8,34,15,19,225,136,89,282,148,134,10,3,7,199,93,106,11,5,6
59891736,422,226,196,2,115,25,47,17,19,11,5,38,50,23,48,4,11,2,9,111,64,47,180,99,81,8,4,4,107,55,52,5,2,3
1124110,0,0,0,0,0,0,0,0,0,0,0,0,0,0,0,0,0,0,0,0,0,0,0,0,0,0,0,0,0,0,0,0,0,0
1124610,0,0,0,0,0,0,0,0,0,0,0,0,0,0,0,0,0,0,0,0,0,0,0,0,0,0,0,0,0,0,0,0,0,0
3415680,0,0,0,0,0,0,0,0,0,0,0,0,0,0,0,0,0,0,0,0,0,0,0,0,0,0,0,0,0,0,0,0,0,0
59906901,159,75,84,2,46,11,18,10,3,3,6,11,15,13,16,0,4,1,3,49,30,19,66,26,40,1,0,1,34,13,21,5,5,0
59906902,249,133,116,1,62,12,26,19,6,15,6,28,15,30,24,3,11,7,4,49,35,14,100,52,48,7,3,4,77,33,44,5,3,2
59906903,1449,760,689,20,576,70,141,82,36,51,22,115,77,79,113,14,105,63,42,568,317,251,507,256,251,19,3,16,187,82,105,63,39,24
59906904,271,138,133,4,93,10,29,21,10,14,4,15,19,21,22,0,13,7,6,96,52,44,97,43,54,5,3,2,58,31,27,2,2,0
59906905,146,69,77,0,37,8,23,7,4,7,4,8,6,14,20,1,5,1,4,36,16,20,59,31,28,1,1,0,42,18,24,3,2,1
59906906,2689,1354,1335,40,1042,102,329,144,73,49,39,213,185,151,230,22,209,104,105,1102,596,506,944,445,499,44,14,30,312,138,174,78,57,21
59906907,1302,656,646,15,489,61,146,63,38,37,18,96,83,89,105,13,102,43,59,531,282,249,433,225,208,18,7,11,174,80,94,44,19,25
59906908,1512,777,735,13,548,79,166,89,47,48,24,125,94,90,130,13,135,66,69,620,343,277,506,249,257,23,7,16,170,74,96,58,38,20
59906909,1607,869,738,20,623,84,163,95,61,35,22,134,98,59,137,21,121,56,65,677,407,270,491,235,256,18,7,11,176,75,101,124,89,35
59906910,232,116,116,6,62,13,25,23,12,5,8,17,16,15,24,2,12,5,7,57,38,19,101,47,54,1,0,1,55,23,32,6,3,3
59906911,136,66,70,0,45,7,14,8,1,3,4,13,11,9,12,1,3,2,1,37,20,17,52,25,27,2,2,0,40,15,25,2,2,0
59906912,0,0,0,0,0,0,0,0,0,0,0,0,0,0,0,0,0,0,0,0,0,0,0,0,0,0,0,0,0,0,0,0,0,0
59906914,123,66,57,2,33,8,17,11,3,3,3,10,9,7,14,0,5,2,3,36,28,8,51,27,24,3,0,3,23,7,16,5,2,3
59906915,37,22,15,0,15,3,3,2,1,0,0,3,1,2,3,0,1,1,0,21,16,5,11,3,8,0,0,0,4,2,2,0,0,0
59906916,304,166,138,1,101,15,38,26,11,12,8,26,15,12,26,7,31,16,15,122,79,43,92,40,52,4,1,3,43,20,23,12,10,2
59906917,51,33,18,0,17,4,6,6,1,0,1,4,2,2,4,1,8,5,3,15,11,4,21,12,9,0,0,0,4,2,2,3,3,0
59906919,7,4,3,0,5,0,0,1,0,0,0,0,0,0,1,0,1,1,0,2,1,1,3,2,1,1,0,1,0,0,0,0,0,0
59906920,43,26,17,2,9,4,0,7,3,1,1,3,7,1,3,0,7,3,4,13,10,3,15,9,6,0,0,0,7,4,3,1,0,1
59906921,26,15,11,0,15,1,5,1,0,0,0,1,0,0,2,1,8,4,4,7,5,2,6,4,2,0,0,0,0,0,0,5,2,3
59906922,638,344,294,7,236,47,67,27,17,10,13,48,37,28,62,25,110,56,54,253,151,102,153,81,72,5,1,4,58,22,36,59,33,26
59906923,721,383,338,7,229,44,88,50,18,25,13,52,47,48,66,5,51,25,26,253,154,99,254,123,131,6,2,4,131,63,68,26,16,10
59906924,60,31,29,0,12,4,8,5,0,2,2,6,4,5,6,0,2,1,1,18,8,10,26,12,14,1,1,0,10,7,3,3,2,1
59906925,302,170,132,2,67,19,36,22,4,15,4,38,33,14,34,4,17,11,6,77,54,23,120,60,60,5,2,3,79,41,38,4,2,2
59906926,215,120,95,2,67,19,21,11,5,7,9,8,17,12,25,2,11,6,5,56,37,19,92,49,43,4,2,2,49,24,25,3,2,1
59906927,109,69,40,1,40,9,10,3,8,0,1,10,2,3,5,13,30,19,11,38,25,13,22,14,8,0,0,0,4,2,2,15,9,6
59907701,552,337,215,5,184,34,42,47,19,15,14,40,40,30,42,14,28,16,12,190,136,54,184,97,87,8,1,7,104,54,50,38,33,5
59907702,176,92,84,3,47,8,30,13,3,1,5,14,24,6,17,0,5,5,0,55,30,25,57,24,33,1,0,1,44,23,21,14,10,4
59907703,977,531,446,9,277,50,101,80,21,31,26,84,89,76,86,9,35,23,12,288,186,102,373,181,192,9,5,4,241,116,125,31,20,11
59907704,57,32,25,0,21,2,4,6,1,0,0,5,5,5,7,0,0,0,0,17,11,6,22,15,7,1,0,1,17,6,11,0,0,0
59907705,262,131,131,7,55,10,29,19,11,14,5,17,34,22,26,1,17,12,5,69,42,27,101,43,58,6,1,5,69,33,36,0,0,0
59907706,358,183,175,5,126,14,36,35,8,12,3,21,27,21,35,6,21,10,11,136,83,53,132,59,73,7,1,6,59,29,30,3,1,2
59908501,3382,1794,1588,38,979,259,447,215,70,117,74,293,233,220,305,29,190,108,82,1120,686,434,1227,596,631,58,20,38,665,295,370,122,89,33
59910701,1628,892,736,22,533,86,208,105,49,51,32,129,114,112,117,13,62,40,22,497,331,166,626,312,314,23,6,17,350,164,186,70,39,31
59910702,1929,1035,894,23,546,129,229,115,38,79,49,187,170,140,145,8,105,47,58,593,380,213,703,346,357,21,5,16,463,228,235,44,29,15
3417030,0,0,0,0,0,0,0,0,0,0,0,0,0,0,0,0,0,0,0,0,0,0,0,0,0,0,0,0,0,0,0,0,0,0
3417110,0,0,0,0,0,0,0,0,0,0,0,0,0,0,0,0,0,0,0,0,0,0,0,0,0,0,0,0,0,0,0,0,0,0
3417200,0,0,0,0,0,0,0,0,0,0,0,0,0,0,0,0,0,0,0,0,0,0,0,0,0,0,0,0,0,0,0,0,0,0
3417380,0,0,0,0,0,0,0,0,0,0,0,0,0,0,0,0,0,0,0,0,0,0,0,0,0,0,0,0,0,0,0,0,0,0
59914001,91,46,45,1,29,7,12,9,4,4,2,5,7,1,8,1,9,4,5,37,21,16,32,17,15,0,0,0,7,1,6,6,3,3
59914002,614,319,295,22,194,32,61,23,26,12,8,51,32,61,58,8,44,22,22,197,113,84,221,115,106,12,4,8,121,55,66,19,10,9
59914003,102,52,50,4,29,1,7,8,6,1,1,10,6,12,8,2,1,1,0,38,21,17,41,16,25,0,0,0,20,13,7,2,1,1
59914004,9,6,3,0,5,0,2,0,0,1,0,0,1,0,0,0,0,0,0,3,2,1,5,3,2,0,0,0,1,1,0,0,0,0
59915801,332,189,143,15,105,16,42,16,9,12,5,30,16,23,25,6,7,7,0,107,70,37,125,65,60,4,1,3,78,38,40,11,8,3
59915802,90,48,42,2,35,6,15,0,7,3,2,1,7,3,4,1,1,1,0,30,19,11,42,20,22,2,0,2,14,7,7,1,1,0
59915803,25,14,11,1,9,1,3,1,0,2,0,2,0,2,4,0,3,1,2,7,5,2,6,5,1,0,0,0,9,3,6,0,0,0
59915804,231,127,104,5,68,15,35,10,10,4,4,25,8,15,15,4,6,1,5,82,54,28,87,46,41,2,0,2,49,23,26,5,3,2
59915805,77,42,35,1,21,3,7,8,3,5,4,6,6,6,4,0,4,2,2,18,13,5,32,16,16,2,0,2,20,10,10,1,1,0
59915806,1021,544,477,10,256,73,144,60,20,32,23,89,88,86,100,6,31,12,19,255,156,99,421,220,201,12,3,9,278,135,143,24,18,6
59915807,87,42,45,5,23,5,9,5,2,3,2,9,4,3,13,0,2,1,1,26,15,11,41,17,24,0,0,0,17,8,9,1,1,0
59915808,120,67,53,2,38,4,19,6,1,1,2,6,11,8,15,1,4,3,1,36,28,8,50,23,27,3,0,3,27,13,14,0,0,0
59915809,201,100,101,4,42,9,32,13,4,12,5,18,14,18,22,0,12,8,4,37,17,20,77,36,41,6,2,4,69,37,32,0,0,0
56874101,309,179,130,13,124,13,23,18,6,14,6,20,23,19,20,1,9,8,1,104,67,37,106,57,49,3,2,1,78,38,40,9,7,2
59921201,654,371,283,39,241,75,61,35,22,2,8,49,36,26,38,1,43,31,12,286,181,105,211,105,106,8,0,8,88,42,46,18,12,6
59921202,175,99,76,13,73,12,17,11,5,1,3,14,10,6,7,3,4,1,3,74,44,30,64,37,27,2,0,2,22,11,11,9,6,3
56848101,458,267,191,16,163,41,44,20,9,11,12,33,32,30,36,2,10,7,3,140,97,43,174,95,79,11,4,7,116,61,55,7,3,4
54698401,264,143,121,12,110,21,20,10,5,3,0,27,16,14,16,1,40,16,24,103,67,36,70,42,28,7,1,6,34,12,22,10,5,5
0044480,0,0,0,0,0,0,0,0,0,0,0,0,0,0,0,0,0,0,0,0,0,0,0,0,0,0,0,0,0,0,0,0,0,0
0044560,0,0,0,0,0,0,0,0,0,0,0,0,0,0,0,0,0,0,0,0,0,0,0,0,0,0,0,0,0,0,0,0,0,0
3050310,0,0,0,0,0,0,0,0,0,0,0,0,0,0,0,0,0,0,0,0,0,0,0,0,0,0,0,0,0,0,0,0,0,0
3201290,0,0,0,0,0,0,0,0,0,0,0,0,0,0,0,0,0,0,0,0,0,0,0,0,0,0,0,0,0,0,0,0,0,0
59924701,13,5,8,3,8,0,0,1,0,0,0,0,0,0,1,0,1,0,1,9,4,5,1,0,1,1,0,1,0,0,0,1,1,0
59924702,147,82,65,21,48,10,14,6,9,1,3,4,6,7,9,2,3,3,0,79,53,26,50,21,29,2,0,2,11,4,7,2,1,1
59924703,80,47,33,14,37,3,2,5,3,1,0,5,3,1,2,1,7,4,3,29,19,10,30,15,15,4,1,3,6,4,2,4,4,0
59924704,181,100,81,8,51,15,18,17,3,8,1,14,10,15,18,1,4,1,3,82,51,31,53,28,25,2,2,0,39,18,21,1,0,1
59924705,29,15,14,2,10,2,2,3,0,0,0,3,2,2,3,0,0,0,0,12,8,4,7,3,4,1,0,1,9,4,5,0,0,0
59924706,110,59,51,4,44,3,9,4,2,4,3,9,11,4,10,1,4,2,2,31,23,8,43,19,24,1,0,1,31,15,16,0,0,0
59924707,322,175,147,18,100,23,39,13,14,4,7,21,22,23,27,1,15,9,6,124,83,41,102,46,56,1,0,1,73,33,40,7,4,3
59924709,56,32,24,0,24,2,7,4,0,2,0,3,3,3,6,0,2,1,1,13,9,4,22,13,9,1,0,1,18,9,9,0,0,0
59924710,417,220,197,14,159,22,44,23,12,6,10,30,16,32,37,1,30,13,17,154,99,55,129,62,67,5,2,3,80,32,48,19,12,7
59924711,42,24,18,3,11,2,6,5,1,2,3,2,1,4,1,1,1,1,0,19,14,5,12,5,7,0,0,0,10,4,6,0,0,0
59924712,687,375,312,19,227,45,51,24,22,25,10,53,55,63,68,6,58,36,22,194,117,77,220,123,97,10,2,8,184,86,98,21,11,10
59924713,530,283,247,13,187,31,76,21,18,12,4,31,30,32,41,9,35,15,20,173,106,67,182,83,99,11,5,6,78,36,42,51,38,13
59924715,56,30,26,1,18,5,7,1,2,2,0,9,2,2,6,0,2,1,1,14,10,4,24,10,14,1,0,1,15,9,6,0,0,0
59924716,45,21,24,1,17,3,2,1,3,1,1,5,3,4,4,0,4,2,2,10,5,5,15,8,7,0,0,0,15,5,10,1,1,0
59924717,405,212,193,12,120,22,42,20,8,11,5,36,30,37,48,1,22,9,13,120,80,40,131,64,67,3,2,1,105,44,61,24,13,11
59924718,89,52,37,0,27,4,13,3,6,0,1,7,6,4,13,2,3,3,0,23,15,8,41,22,19,1,1,0,18,9,9,3,2,1
59924719,278,149,129,7,84,8,27,13,4,8,3,21,19,27,41,2,11,6,5,60,40,20,97,51,46,4,1,3,99,44,55,7,7,0
55493601,236,132,104,6,82,14,28,13,4,11,4,20,13,12,25,2,4,0,4,90,65,25,61,25,36,4,1,3,72,38,34,5,3,2
56843101,42,23,19,2,15,5,3,1,0,0,1,4,2,2,4,0,0,0,0,14,9,5,12,6,6,0,0,0,13,6,7,3,2,1
56843102,238,132,106,8,115,12,33,7,8,4,5,7,11,7,10,1,11,5,6,95,64,31,74,35,39,8,1,7,40,21,19,10,6,4
55685801,481,282,199,24,144,31,50,39,10,17,9,31,26,36,46,4,38,23,15,203,127,76,115,64,51,1,0,1,101,48,53,23,20,3
59934401,88,49,39,4,45,3,7,2,5,2,2,3,2,4,6,0,1,0,1,35,19,16,37,22,15,0,0,0,12,7,5,3,1,2
59934402,659,350,309,13,300,37,67,32,36,16,8,42,29,26,25,6,40,15,25,220,126,94,227,108,119,8,4,4,114,60,54,50,37,13
59934403,296,167,129,6,132,19,34,9,3,7,6,20,7,28,13,1,7,6,1,97,56,41,113,66,47,9,3,6,68,36,32,2,0,2
59934404,434,227,207,2,202,16,52,17,16,14,2,31,19,28,23,1,20,5,15,128,90,38,168,76,92,12,4,8,98,47,51,8,5,3
59934405,544,294,250,10,222,30,61,23,13,14,8,47,27,42,32,5,10,4,6,176,117,59,193,92,101,13,5,8,133,64,69,19,12,7
59934406,59,37,22,0,30,2,7,2,4,1,1,2,1,5,2,0,4,2,2,24,14,10,18,10,8,0,0,0,13,11,2,0,0,0
59934408,662,364,298,6,356,30,49,17,35,14,8,39,12,36,38,3,26,12,14,265,154,111,220,122,98,11,4,7,113,55,58,27,17,10
59934409,43,25,18,1,14,4,8,4,2,2,0,3,0,4,1,0,0,0,0,16,9,7,17,11,6,0,0,0,9,4,5,1,1,0
59934410,797,449,348,12,383,34,76,29,37,19,3,62,33,45,39,4,59,33,26,294,180,114,274,143,131,14,4,10,120,62,58,36,27,9
59934411,1112,577,535,16,523,42,112,48,61,20,6,56,51,68,50,9,78,44,34,405,224,181,412,199,213,20,6,14,160,79,81,37,25,12
59934412,474,257,217,5,185,20,55,17,16,15,10,36,29,33,31,4,17,11,6,112,71,41,179,88,91,7,2,5,149,78,71,10,7,3
59934413,36,20,16,0,17,1,3,0,0,0,0,6,2,2,3,0,1,0,1,9,6,3,11,6,5,2,0,2,12,7,5,1,1,0
59935201,166,94,72,16,64,6,12,11,4,8,1,6,7,9,14,0,7,6,1,66,41,25,53,29,24,3,1,2,34,15,19,3,2,1
59935202,46,27,19,4,15,1,5,1,0,2,0,2,3,9,4,0,0,0,0,20,15,5,14,9,5,0,0,0,11,2,9,1,1,0
59935203,312,176,136,20,151,15,25,16,18,6,2,17,10,18,8,1,20,10,10,138,92,46,91,42,49,5,1,4,43,21,22,15,10,5
59935204,73,40,33,4,42,4,4,6,1,1,0,4,0,1,5,0,8,5,3,33,17,16,16,8,8,1,0,1,5,3,2,10,7,3
59935205,31,18,13,3,12,1,4,3,0,0,0,3,0,0,4,1,1,0,1,14,9,5,7,6,1,2,0,2,6,2,4,1,1,0
59935206,26,17,9,1,8,3,0,1,2,1,1,4,1,0,3,0,0,0,0,8,5,3,10,7,3,1,0,1,6,4,2,1,1,0
59935207,188,103,85,4,85,2,22,8,4,7,3,8,12,10,16,3,3,2,1,78,49,29,69,38,31,5,1,4,30,11,19,3,2,1
59935208,221,130,91,12,120,9,20,11,4,2,1,13,8,12,5,0,10,6,4,95,69,26,84,41,43,1,0,1,24,9,15,7,5,2
59935209,56,36,20,4,24,10,3,2,1,2,0,1,2,3,2,1,6,4,2,25,16,9,13,9,4,0,0,0,7,3,4,5,4,1
59935210,1252,684,568,36,575,62,95,56,34,20,6,88,72,103,58,10,87,49,38,474,301,173,390,196,194,26,5,21,193,83,110,82,50,32
59935211,52,29,23,4,22,8,3,5,1,0,0,4,1,1,1,0,2,2,0,28,17,11,9,3,6,1,0,1,8,5,3,4,2,2
59935212,70,43,27,11,24,6,5,1,4,2,0,3,6,1,4,2,6,4,2,26,20,6,27,12,15,1,0,1,7,4,3,3,3,0
56856201,142,85,57,16,55,3,14,9,4,5,1,7,6,6,11,1,10,8,2,65,42,23,40,22,18,2,1,1,19,7,12,6,5,1
56856202,35,25,10,3,18,1,3,2,0,0,0,6,0,1,1,0,5,5,0,18,13,5,11,6,5,1,1,0,0,0,0,0,0,0
56857101,76,43,33,11,25,9,8,6,0,0,1,3,3,1,4,2,4,2,2,26,16,10,30,16,14,0,0,0,13,7,6,3,2,1
56966601,67,37,30,3,21,3,5,8,4,1,1,11,5,1,3,0,4,2,2,26,16,10,23,11,12,0,0,0,11,5,6,3,3,0
56966602,415,236,179,43,174,26,28,22,6,10,3,21,32,21,22,2,16,12,4,179,119,60,133,65,68,3,1,2,61,24,37,23,15,8
59940901,808,437,371,23,286,54,99,37,16,14,16,71,59,57,55,3,26,11,15,281,189,92,296,145,151,23,7,16,161,74,87,21,11,10
56851101,372,214,158,15,141,26,30,15,9,9,9,32,34,18,20,1,11,7,4,121,84,37,149,79,70,10,2,8,71,35,36,10,7,3
55406501,282,156,126,8,122,22,25,26,14,3,3,15,12,8,17,3,17,8,9,138,89,49,87,42,45,2,0,2,27,8,19,11,9,2
59946801,83,42,41,4,45,8,6,2,1,1,0,3,5,1,6,0,8,3,5,40,22,18,26,11,15,1,1,0,7,4,3,1,1,0
59946802,148,92,56,5,58,15,11,8,4,2,3,8,11,9,11,1,8,3,5,64,43,21,50,31,19,1,1,0,21,10,11,4,4,0
59946803,28,15,13,6,9,3,6,0,0,0,0,2,0,0,2,0,1,0,1,11,7,4,13,7,6,0,0,0,2,1,1,1,0,1
59946804,478,267,211,27,192,41,47,17,10,8,10,23,23,29,30,4,29,15,14,194,131,63,161,69,92,8,0,8,69,37,32,17,15,2
59946806,121,77,44,4,54,8,13,9,2,1,1,7,5,6,10,0,8,4,4,51,37,14,46,27,19,1,0,1,12,7,5,3,2,1
59950601,215,119,96,8,62,29,19,18,6,3,6,18,9,17,13,2,11,6,5,80,49,31,76,42,34,2,0,2,44,20,24,2,2,0
59950602,626,338,288,19,159,56,65,59,14,24,15,41,40,41,63,8,22,9,13,188,125,63,222,108,114,15,4,11,148,72,76,31,20,11
56864301,336,178,158,15,101,25,49,31,9,10,3,27,26,10,25,1,7,4,3,115,70,45,125,59,66,9,4,5,72,34,38,8,7,1
0694420,0,0,0,0,0,0,0,0,0,0,0,0,0,0,0,0,0,0,0,0,0,0,0,0,0,0,0,0,0,0,0,0,0,0
3311470,0,0,0,0,0,0,0,0,0,0,0,0,0,0,0,0,0,0,0,0,0,0,0,0,0,0,0,0,0,0,0,0,0,0
59956501,373,214,159,9,174,19,31,21,5,5,4,23,26,22,21,0,11,5,6,128,85,43,131,74,57,13,2,11,78,40,38,12,8,4
59956502,290,167,123,7,135,13,28,10,6,9,6,23,14,11,23,1,10,6,4,98,65,33,105,53,52,10,5,5,64,37,27,3,1,2
59956503,1556,907,649,11,785,52,118,69,51,27,27,116,66,97,73,14,86,52,34,514,343,171,546,273,273,45,17,28,259,143,116,106,79,27
59956504,182,101,81,1,89,11,14,3,5,6,2,9,10,18,12,0,9,3,6,47,34,13,58,29,29,3,0,3,64,35,29,1,0,1
59956505,1066,579,487,6,515,27,95,53,30,23,24,81,32,80,64,6,77,38,39,332,208,124,363,184,179,35,9,26,210,105,105,49,35,14
59956506,81,44,37,3,30,7,4,4,6,3,3,4,6,5,4,0,2,2,0,17,11,6,34,18,16,0,0,0,26,12,14,2,1,1
59956507,254,139,115,4,107,7,17,10,6,8,3,20,12,36,13,2,9,5,4,58,40,18,81,39,42,5,4,1,86,40,46,15,11,4
59956508,53,46,7,2,22,4,3,2,2,0,0,12,0,1,1,4,8,7,1,17,15,2,7,6,1,1,1,0,2,1,1,18,16,2
59956511,130,76,54,2,56,6,16,5,3,2,5,15,6,5,4,1,6,4,2,43,30,13,41,17,24,6,3,3,18,11,7,16,11,5
59956512,2720,1480,1240,27,1454,73,250,122,80,49,28,197,95,141,133,15,204,109,95,1085,664,421,944,473,471,62,23,39,338,157,181,87,54,33
59956513,149,83,66,3,62,7,11,2,10,4,3,11,6,16,10,0,6,5,1,34,20,14,59,30,29,7,4,3,40,22,18,3,2,1
59956514,105,57,48,1,46,5,6,4,1,4,2,5,5,10,14,0,3,1,2,30,20,10,37,20,17,1,0,1,33,15,18,1,1,0
59956515,117,67,50,2,44,4,13,4,3,2,0,12,8,13,7,1,3,2,1,32,20,12,49,28,21,0,0,0,28,14,14,5,3,2
59956516,1275,662,613,3,642,27,98,49,57,25,14,96,57,82,62,7,80,40,40,508,310,198,448,186,262,36,16,20,158,80,78,45,30,15
59956517,1060,564,496,10,501,38,99,32,37,25,16,66,57,82,60,9,60,35,25,371,220,151,354,184,170,28,10,18,210,98,112,37,17,20
59956518,349,188,161,3,129,21,34,17,11,9,6,29,20,29,19,2,11,8,3,101,69,32,141,66,75,8,2,6,80,38,42,8,5,3
59956519,359,199,160,10,180,21,26,7,5,3,7,25,13,23,25,5,11,6,5,119,71,48,136,79,57,9,3,6,77,34,43,7,6,1
59956520,203,110,93,5,81,10,25,6,8,4,2,12,8,16,20,1,4,1,3,61,41,20,89,43,46,8,2,6,38,21,17,3,2,1
55531201,256,150,106,15,114,14,26,18,4,3,3,13,12,15,9,4,15,8,7,123,87,36,72,32,40,2,2,0,30,11,19,14,10,4
56854601,899,486,413,72,326,53,101,55,20,9,16,53,56,56,44,3,57,27,30,376,241,135,300,149,151,15,2,13,126,54,72,25,13,12
50004601,829,462,367,31,352,38,79,48,18,20,12,59,57,44,47,5,23,14,9,299,198,101,310,163,147,19,4,15,157,70,87,21,13,8
59960301,31,16,15,1,17,0,0,2,0,0,0,4,2,3,2,0,2,2,0,9,7,2,17,6,11,1,0,1,2,1,1,0,0,0
59960302,86,47,39,3,32,4,9,2,6,3,0,8,1,13,3,2,4,4,0,24,17,7,27,14,13,1,1,0,30,11,19,0,0,0
59960303,622,353,269,17,285,32,58,21,18,17,12,33,28,44,39,1,16,10,6,230,159,71,248,123,125,16,5,11,96,45,51,16,11,5
59964601,22,13,9,4,4,0,1,2,0,1,0,2,2,2,1,0,1,1,0,9,5,4,6,4,2,1,0,1,5,3,2,0,0,0
59964602,172,103,69,26,85,8,7,7,3,3,0,7,6,10,9,1,9,7,2,78,51,27,57,29,28,2,0,2,21,12,9,5,4,1
56858901,278,162,116,26,114,15,17,17,7,7,0,21,16,14,12,1,23,15,8,133,87,46,88,42,46,3,1,2,25,12,13,6,5,1
59968901,1078,600,478,24,507,51,84,52,32,20,25,49,72,65,62,7,42,19,23,383,259,124,409,213,196,18,6,12,194,80,114,32,23,9
59968902,20,11,9,0,7,1,1,2,0,0,0,0,2,4,3,0,1,0,1,3,3,0,10,5,5,0,0,0,6,3,3,0,0,0
3414100,0,0,0,0,0,0,0,0,0,0,0,0,0,0,0,0,0,0,0,0,0,0,0,0,0,0,0,0,0,0,0,0,0,0
3414280,0,0,0,0,0,0,0,0,0,0,0,0,0,0,0,0,0,0,0,0,0,0,0,0,0,0,0,0,0,0,0,0,0,0
56868601,205,130,75,3,79,14,17,29,8,6,1,18,10,6,9,3,10,5,5,95,70,25,58,32,26,5,1,4,30,17,13,7,5,2
56868602,154,77,77,1,66,6,13,23,2,2,3,9,8,6,12,0,4,3,1,48,33,15,61,23,38,4,1,3,30,14,16,7,3,4
1075060,0,0,0,0,0,0,0,0,0,0,0,0,0,0,0,0,0,0,0,0,0,0,0,0,0,0,0,0,0,0,0,0,0,0
1075570,0,0,0,0,0,0,0,0,0,0,0,0,0,0,0,0,0,0,0,0,0,0,0,0,0,0,0,0,0,0,0,0,0,0
3200810,0,0,0,0,0,0,0,0,0,0,0,0,0,0,0,0,0,0,0,0,0,0,0,0,0,0,0,0,0,0,0,0,0,0
59919101,193,114,79,9,61,18,29,7,5,3,2,10,10,14,21,0,2,1,1,70,54,16,82,42,40,6,2,4,31,15,16,2,0,2
59919102,106,59,47,3,33,6,14,7,2,2,1,6,6,10,13,0,2,2,0,33,20,13,32,18,14,1,1,0,30,13,17,8,5,3
59919103,1112,574,538,10,417,44,123,72,33,21,14,91,72,68,98,6,69,37,32,421,236,185,426,198,228,14,5,9,148,73,75,34,25,9
59919104,493,267,226,17,175,34,55,18,16,11,15,36,27,33,36,3,27,13,14,157,107,50,177,87,90,9,3,6,110,50,60,13,7,6
59919106,14,7,7,0,3,1,2,1,0,0,0,3,1,1,1,0,2,1,1,3,1,2,5,4,1,1,0,1,3,1,2,0,0,0
59919107,234,122,112,5,85,20,33,4,6,3,6,10,24,14,19,1,9,5,4,83,53,30,84,39,45,1,1,0,52,21,31,5,3,2
59919108,11,6,5,0,2,3,0,0,0,0,1,2,0,2,0,0,0,0,0,3,2,1,2,1,1,0,0,0,6,3,3,0,0,0
59919109,2437,1252,1185,33,885,106,271,127,68,54,49,171,157,186,223,11,124,66,58,795,474,321,893,439,454,66,17,49,505,225,280,54,31,23
59919110,399,262,137,8,140,23,33,24,23,4,5,40,14,9,34,17,54,32,22,106,77,29,102,55,47,2,0,2,50,31,19,85,67,18
59919111,384,209,175,8,144,20,44,18,14,6,6,34,20,26,24,6,29,16,13,121,71,50,124,65,59,7,4,3,78,36,42,25,17,8
59919112,1565,831,734,21,654,50,149,66,65,39,27,100,87,98,147,12,89,45,44,473,263,210,572,285,287,28,11,17,279,136,143,124,91,33
59919113,41,21,20,1,20,0,7,0,0,0,0,1,3,2,3,1,8,5,3,14,7,7,14,6,8,1,0,1,2,2,0,2,1,1
59919114,340,179,161,2,135,11,44,21,10,11,8,17,25,20,26,2,15,8,7,97,67,30,142,68,74,7,3,4,71,28,43,8,5,3
59919115,1067,551,516,17,316,42,101,42,35,24,25,109,69,99,128,9,48,34,14,258,151,107,358,171,187,26,9,17,351,173,178,26,13,13
59919116,668,357,311,13,183,36,81,17,31,12,14,68,41,64,79,5,25,14,11,149,95,54,242,125,117,10,2,8,224,110,114,18,11,7
59919117,889,477,412,18,328,41,95,58,23,26,20,75,33,74,61,6,72,39,33,293,176,117,301,147,154,15,7,8,165,82,83,43,26,17
59919119,104,50,54,6,26,6,10,7,6,1,0,7,6,10,14,0,3,2,1,26,14,12,29,13,16,2,0,2,40,17,23,4,4,0
59919120,409,237,172,17,142,27,53,18,8,6,7,35,28,20,31,2,17,9,8,127,90,37,176,90,86,2,2,0,80,41,39,7,5,2
59919121,416,223,193,7,131,18,44,10,11,13,9,40,29,38,53,1,28,15,13,91,58,33,159,86,73,8,3,5,125,58,67,5,3,2
59970101,107,60,47,11,44,11,9,1,0,3,0,5,2,12,8,1,5,2,3,45,29,16,33,16,17,1,1,0,17,8,9,6,4,2
59970103,65,44,21,8,29,5,3,5,0,0,0,8,0,1,4,1,3,2,1,28,21,7,22,15,7,2,1,1,9,5,4,1,0,1
59970104,266,145,121,16,99,15,17,16,5,6,4,14,15,26,26,2,12,6,6,98,65,33,98,46,52,4,1,3,45,21,24,9,6,3
59970105,84,48,36,6,36,4,3,6,0,0,0,4,6,6,10,0,4,3,1,42,28,14,18,5,13,2,1,1,13,6,7,5,5,0
59970106,60,34,26,10,23,4,4,2,0,1,0,3,3,3,3,0,7,3,4,31,22,9,13,4,9,1,0,1,4,3,1,4,2,2
59970107,103,57,46,4,35,8,9,4,1,2,3,7,4,11,12,1,5,2,3,34,24,10,35,13,22,2,1,1,27,17,10,0,0,0
59970108,101,59,42,7,42,10,13,4,1,1,0,2,6,5,9,1,9,2,7,52,36,16,31,16,15,0,0,0,9,5,4,0,0,0
59970109,111,69,42,1,49,9,7,9,7,2,0,6,3,4,10,1,2,1,1,50,36,14,34,17,17,4,1,3,18,11,7,3,3,0
59970110,686,412,274,17,316,46,67,22,16,4,3,39,26,49,47,13,84,46,38,254,172,82,178,91,87,20,10,10,102,52,50,48,41,7
59970111,22,11,11,2,10,2,1,1,0,0,0,0,1,1,3,0,1,0,1,5,3,2,9,4,5,2,1,1,4,2,2,1,1,0
59970112,73,40,33,0,43,4,5,3,1,1,0,3,1,5,4,2,8,5,3,32,20,12,23,10,13,2,1,1,7,3,4,1,1,0
59970113,539,289,250,17,237,25,45,24,19,10,6,31,23,39,43,6,37,18,19,192,117,75,158,82,76,5,1,4,111,48,63,36,23,13
59970114,284,146,138,4,134,8,15,12,6,3,1,20,14,23,33,4,34,22,12,116,60,56,94,46,48,3,2,1,25,8,17,12,8,4
59970115,185,92,93,1,96,11,15,8,5,0,1,3,11,21,10,0,10,7,3,73,50,23,60,26,34,0,0,0,27,5,22,15,4,11
59970116,589,324,265,11,285,27,55,25,14,7,7,34,22,47,35,8,65,34,31,208,130,78,189,91,98,9,8,1,96,46,50,22,15,7
59970118,21,13,8,3,11,2,0,2,0,0,0,0,1,1,1,0,1,1,0,12,8,4,7,3,4,0,0,0,1,1,0,0,0,0
1205110,0,0,0,0,0,0,0,0,0,0,0,0,0,0,0,0,0,0,0,0,0,0,0,0,0,0,0,0,0,0,0,0,0,0
59974301,65,29,36,0,18,2,8,10,1,3,2,6,4,5,2,0,3,2,1,18,11,7,29,11,18,2,0,2,12,4,8,1,1,0
59974302,623,347,276,9,216,38,70,40,25,18,11,58,36,49,36,2,15,9,6,208,137,71,213,116,97,11,1,10,159,73,86,17,11,6
59974303,112,59,53,7,36,7,15,6,0,4,0,4,3,12,11,4,4,0,4,33,21,12,42,23,19,3,2,1,26,11,15,4,2,2
1353810,0,0,0,0,0,0,0,0,0,0,0,0,0,0,0,0,0,0,0,0,0,0,0,0,0,0,0,0,0,0,0,0,0,0
3051620,0,0,0,0,0,0,0,0,0,0,0,0,0,0,0,0,0,0,0,0,0,0,0,0,0,0,0,0,0,0,0,0,0,0
59980801,236,133,103,11,110,13,19,11,5,5,2,12,12,13,15,0,5,1,4,72,44,28,101,61,40,4,0,4,49,23,26,5,4,1
59980802,139,75,64,7,55,7,16,12,3,0,2,6,8,10,10,0,3,2,1,50,36,14,55,22,33,3,1,2,27,14,13,1,0,1
59980803,356,212,144,5,141,17,45,24,14,7,2,33,8,18,23,6,23,12,11,102,68,34,117,69,48,16,8,8,71,34,37,27,21,6
59980804,259,133,126,0,94,9,24,22,6,5,8,19,13,27,17,1,9,6,3,66,43,23,86,40,46,4,2,2,89,40,49,5,2,3
59980806,657,356,301,9,284,22,78,39,20,17,4,45,40,45,33,7,44,20,24,240,145,95,230,121,109,11,1,10,104,53,51,28,16,12
59980807,266,153,113,12,110,10,30,16,7,8,1,17,12,15,20,1,6,4,2,102,63,39,100,52,48,3,1,2,48,29,19,7,4,3
59980808,164,90,74,3,63,8,16,8,6,5,7,15,10,13,5,0,6,6,0,40,25,15,74,37,37,4,1,3,39,20,19,1,1,0
59980809,307,162,145,6,120,15,24,18,10,7,7,23,19,30,17,3,15,7,8,90,59,31,108,47,61,2,1,1,78,38,40,14,10,4
59980810,254,145,109,4,110,8,22,21,5,1,5,14,19,19,19,3,6,3,3,80,56,24,99,52,47,6,4,2,49,19,30,14,11,3
59980811,1159,615,544,17,501,43,112,83,32,16,14,84,53,83,80,2,62,34,28,354,198,156,439,231,208,18,7,11,246,117,129,40,28,12
59980812,21,13,8,1,10,0,1,1,0,0,0,3,0,1,2,0,0,0,0,6,4,2,8,5,3,0,0,0,7,4,3,0,0,0
59980813,168,91,77,4,62,5,12,8,6,3,4,18,12,11,16,2,7,4,3,42,27,15,63,35,28,4,2,2,50,23,27,2,0,2
56877501,477,254,223,36,180,23,39,26,11,13,11,31,30,33,26,4,12,4,8,174,117,57,187,81,106,10,2,8,84,47,37,10,3,7
56855401,555,311,244,16,245,24,44,28,15,12,6,37,40,34,36,1,13,10,3,199,133,66,203,105,98,21,9,12,109,49,60,10,5,5
59983201,794,434,360,36,296,68,72,43,8,18,17,42,48,61,51,6,34,21,13,324,204,120,247,119,128,23,9,14,137,61,76,29,20,9
59983202,15,7,8,0,1,4,5,0,1,0,0,1,1,2,0,0,2,1,1,5,2,3,6,4,2,0,0,0,2,0,2,0,0,0
56871601,251,140,111,6,98,13,27,15,3,8,1,11,16,13,28,3,13,5,8,86,61,25,86,43,43,7,3,4,51,24,27,8,4,4
56871602,134,78,56,6,47,10,11,12,3,4,1,9,9,12,5,0,4,2,2,63,44,19,38,18,20,1,1,0,25,12,13,3,1,2
56840601,56,31,25,4,19,4,6,5,0,0,0,2,8,2,4,0,1,1,0,13,7,6,21,12,9,0,0,0,20,10,10,1,1,0
56840602,321,176,145,11,109,7,34,14,12,17,5,23,19,28,26,2,8,4,4,95,58,37,131,64,67,6,4,2,79,45,34,2,1,1
59986702,412,246,166,55,147,27,31,23,7,3,1,13,25,35,34,3,11,6,5,193,131,62,126,62,64,1,0,1,62,33,29,19,14,5
59990501,56,30,26,2,17,7,5,3,4,2,0,2,4,2,3,0,3,1,2,22,14,8,24,11,13,0,0,0,5,2,3,2,2,0
59990502,75,44,31,5,29,10,7,3,0,1,1,5,2,2,7,0,3,3,0,38,27,11,26,10,16,2,0,2,4,4,0,2,0,2
59990503,127,69,58,2,46,11,13,10,0,2,2,6,10,8,15,1,2,1,1,47,31,16,50,21,29,2,2,0,22,12,10,4,2,2
59990504,137,72,65,14,40,6,15,6,5,8,6,4,12,6,10,1,6,2,4,52,36,16,40,22,18,4,1,3,27,8,19,8,3,5
59990505,117,63,54,8,42,10,10,4,3,1,5,10,8,8,4,0,1,0,1,40,29,11,42,18,24,5,5,0,27,9,18,2,2,0
59990506,119,68,51,5,48,6,13,4,1,3,0,8,10,6,12,0,1,0,1,43,29,14,34,17,17,5,1,4,36,21,15,0,0,0
59990507,195,103,92,17,85,11,13,7,4,4,2,10,12,10,18,2,5,1,4,62,43,19,81,42,39,3,1,2,39,14,25,5,2,3
59990508,199,115,84,5,59,25,16,8,4,12,4,18,14,12,16,0,5,3,2,56,40,16,82,41,41,2,2,0,47,24,23,7,5,2
59990509,12,6,6,0,6,0,1,1,1,0,0,0,0,0,3,0,0,0,0,4,3,1,8,3,5,0,0,0,0,0,0,0,0,0
59990510,360,193,167,13,103,20,43,12,8,13,9,27,20,36,48,0,7,1,6,100,67,33,121,63,58,7,2,5,119,55,64,6,5,1
1584020,0,0,0,0,0,0,0,0,0,0,0,0,0,0,0,0,0,0,0,0,0,0,0,0,0,0,0,0,0,0,0,0,0,0
1584290,0,0,0,0,0,0,0,0,0,0,0,0,0,0,0,0,0,0,0,0,0,0,0,0,0,0,0,0,0,0,0,0,0,0
3154350,0,0,0,0,0,0,0,0,0,0,0,0,0,0,0,0,0,0,0,0,0,0,0,0,0,0,0,0,0,0,0,0,0,0
3154430,0,0,0,0,0,0,0,0,0,0,0,0,0,0,0,0,0,0,0,0,0,0,0,0,0,0,0,0,0,0,0,0,0,0
59992101,95,52,43,2,47,7,5,6,1,0,2,8,4,0,10,1,7,5,2,49,30,19,24,10,14,3,0,3,10,6,4,2,1,1
59992102,11,7,4,2,5,1,0,0,0,0,0,1,2,0,0,0,4,2,2,2,2,0,1,1,0,0,0,0,0,0,0,4,2,2
59992103,194,120,74,2,83,18,26,11,3,2,2,17,6,8,13,0,4,4,0,65,48,17,81,50,31,4,0,4,33,15,18,7,3,4
59992104,1603,895,708,18,770,65,137,99,37,30,30,111,77,92,77,16,93,49,44,604,366,238,564,287,277,29,10,19,211,104,107,102,79,23
59992105,524,287,237,19,228,20,51,32,5,14,5,40,32,28,33,2,21,12,9,222,137,85,176,90,86,9,2,7,82,37,45,14,9,5
59992106,332,179,153,4,160,13,32,24,4,2,3,23,5,20,29,3,30,18,12,136,78,58,105,56,49,6,1,5,44,21,23,11,5,6
59992107,93,52,41,1,38,2,7,15,2,1,0,5,7,5,6,1,8,1,7,35,27,8,34,14,20,2,1,1,11,7,4,3,2,1
59992108,677,379,298,13,266,34,63,41,10,14,15,69,38,43,47,6,17,12,5,211,153,58,269,128,141,12,2,10,149,71,78,19,13,6
59992109,120,62,58,3,47,8,13,5,1,5,3,6,12,4,10,0,6,5,1,35,19,16,43,22,21,4,2,2,28,13,15,4,1,3
59992110,563,306,257,9,230,19,44,42,8,21,6,51,30,51,32,1,12,7,5,160,103,57,220,115,105,8,3,5,151,70,81,12,8,4
59993001,90,48,42,5,37,8,6,9,2,2,0,2,9,2,4,1,4,1,3,40,27,13,25,8,17,0,0,0,16,8,8,5,4,1
59993002,988,554,434,44,430,68,71,66,17,23,8,61,63,50,61,6,54,34,20,360,227,133,370,187,183,16,6,10,145,69,76,43,31,12
59993003,162,95,67,6,79,7,14,15,2,3,2,11,7,6,7,0,13,10,3,70,43,27,44,24,20,2,1,1,22,9,13,11,8,3
3414440,0,0,0,0,0,0,0,0,0,0,0,0,0,0,0,0,0,0,0,0,0,0,0,0,0,0,0,0,0,0,0,0,0,0
55417101,708,381,327,21,249,27,80,32,29,17,21,52,44,51,59,7,27,14,13,239,146,93,244,119,125,9,3,6,162,81,81,27,18,9
55417102,236,131,105,1,87,12,27,13,9,8,8,19,13,12,16,1,8,5,3,70,44,26,93,49,44,7,2,5,46,22,24,12,9,3
55417103,40,24,16,0,14,4,5,2,1,0,0,6,1,3,1,0,1,1,0,15,8,7,9,5,4,0,0,0,14,9,5,1,1,0
1640890,0,0,0,0,0,0,0,0,0,0,0,0,0,0,0,0,0,0,0,0,0,0,0,0,0,0,0,0,0,0,0,0,0,0
59994801,556,303,253,3,285,20,48,28,14,12,4,44,23,28,33,2,39,30,9,226,137,89,166,74,92,13,6,7,81,41,40,31,15,16
59994802,85,48,37,4,39,4,6,3,1,0,1,5,6,7,8,0,3,2,1,31,21,10,28,12,16,1,0,1,20,12,8,2,1,1
59994803,895,500,395,10,361,31,84,35,29,16,7,71,62,86,62,7,26,11,15,237,148,89,334,182,152,19,3,16,244,131,113,35,25,10
59995601,722,409,313,20,352,40,58,34,15,10,9,48,33,41,43,2,18,9,9,268,169,99,287,158,129,20,10,10,114,53,61,15,10,5
59995602,124,66,58,0,49,7,18,5,3,7,1,15,1,5,9,0,1,0,1,31,18,13,44,20,24,1,1,0,45,26,19,2,1,1
59995603,14,6,8,0,5,0,2,2,2,0,0,1,0,2,0,0,0,0,0,7,3,4,6,2,4,0,0,0,1,1,0,0,0,0
59996401,43,28,15,2,25,1,1,0,1,1,0,5,0,3,4,0,0,0,0,17,10,7,14,11,3,2,0,2,10,7,3,0,0,0
59996402,437,249,188,18,170,18,45,25,6,5,6,31,33,30,40,0,12,6,6,144,99,45,157,79,78,13,4,9,107,58,49,4,3,1
56975501,12,7,5,0,5,1,1,0,0,0,2,0,1,0,1,0,0,0,0,1,1,0,8,5,3,1,0,1,2,1,1,0,0,0
56975502,347,195,152,8,118,29,41,35,4,2,4,22,29,21,24,2,7,4,3,142,94,48,114,63,51,5,1,4,75,31,44,4,2,2
59999902,768,446,322,26,337,39,69,28,40,15,4,48,32,40,65,2,26,17,9,244,163,81,278,145,133,17,7,10,183,95,88,20,19,1
59999903,211,114,97,3,89,14,14,6,6,9,2,13,7,23,15,1,7,3,4,53,36,17,82,42,40,3,2,1,57,26,31,9,5,4
59999904,92,54,38,2,38,9,8,5,4,5,2,4,4,7,1,0,4,3,1,39,25,14,26,13,13,1,0,1,19,10,9,3,3,0
59999905,198,103,95,9,68,16,16,10,10,2,2,18,15,10,16,2,4,1,3,55,34,21,70,32,38,8,2,6,56,29,27,5,5,0
56842201,589,324,265,23,205,34,61,37,17,16,9,42,36,36,52,3,29,16,13,237,145,92,201,105,96,8,0,8,91,42,49,23,16,7
50025901,955,528,427,25,462,48,75,54,27,18,10,63,44,65,36,4,26,16,10,364,229,135,353,183,170,17,5,12,171,77,94,24,18,6
55491001,273,158,115,17,105,19,24,20,6,1,2,21,21,11,16,3,17,10,7,134,83,51,78,38,40,0,0,0,26,15,11,18,12,6
55491002,27,14,13,2,16,2,1,2,0,0,0,0,1,0,3,0,3,1,2,13,6,7,7,4,3,1,1,0,2,1,1,1,1,0
55491003,104,62,42,6,46,8,6,5,1,2,1,6,3,4,11,1,10,8,2,52,33,19,21,11,10,1,0,1,15,6,9,5,4,1
56974701,109,59,50,13,40,8,10,10,1,1,2,5,3,4,6,1,6,3,3,52,34,18,29,12,17,1,0,1,12,4,8,9,6,3
56847301,436,247,189,8,206,17,34,9,8,2,8,28,40,32,32,2,13,8,5,131,87,44,179,93,86,9,5,4,96,50,46,8,4,4
56847302,59,33,26,2,22,5,5,4,3,1,1,3,1,3,5,1,4,2,2,20,12,8,26,16,10,1,0,1,7,3,4,1,0,1
56873201,525,287,238,14,264,22,50,14,17,3,6,31,29,31,27,5,30,19,11,207,134,73,196,91,105,8,3,5,69,30,39,15,10,5
54700001,279,160,119,16,100,20,29,20,9,3,3,14,20,18,16,0,15,7,8,124,82,42,90,46,44,4,1,3,34,15,19,12,9,3
51297401,313,167,146,4,111,39,33,12,7,3,5,15,24,15,29,1,16,4,12,143,97,46,100,44,56,5,0,5,43,19,24,6,3,3
50619201,854,474,380,26,257,92,136,38,18,17,14,46,61,58,69,5,24,11,13,316,193,123,322,177,145,17,10,7,155,72,83,20,11,9
50621401,1826,1011,815,31,614,242,233,78,47,33,23,122,73,130,134,8,68,27,41,713,462,251,624,312,312,29,8,21,363,186,177,29,16,13
50621402,340,186,154,9,123,52,38,12,6,10,2,25,16,21,17,3,12,5,7,132,88,44,114,54,60,5,1,4,71,36,35,6,2,4
55419701,546,299,247,31,198,43,47,27,15,4,12,35,45,49,21,4,24,12,12,199,123,76,189,100,89,3,2,1,114,50,64,17,12,5
55310701,73,42,31,8,19,10,3,2,1,1,1,4,5,5,13,0,1,1,0,31,22,9,20,5,15,0,0,0,16,10,6,5,4,1
50632001,442,256,186,45,144,26,53,26,11,10,9,19,29,35,26,5,17,9,8,193,127,66,139,74,65,2,0,2,72,33,39,19,13,6
50632002,14,9,5,0,3,0,1,2,0,0,1,3,1,0,2,0,1,1,0,4,3,1,7,4,3,0,0,0,2,1,1,0,0,0
50632003,10,4,6,0,4,0,1,1,0,0,0,0,0,1,1,0,0,0,0,5,2,3,4,2,2,0,0,0,0,0,0,1,0,1
50632004,35,18,17,2,8,2,6,3,5,0,0,2,1,2,2,0,1,1,0,22,11,11,7,3,4,1,1,0,2,0,2,2,2,0
50632005,159,78,81,7,66,14,12,9,7,2,2,5,9,16,8,1,5,0,5,76,46,30,51,22,29,2,1,1,20,6,14,5,3,2
50632007,83,49,34,12,32,4,7,8,0,0,0,7,4,0,5,1,9,8,1,49,27,22,16,8,8,0,0,0,4,3,1,5,3,2
50645101,244,130,114,26,84,15,28,27,4,4,2,9,17,13,7,1,9,6,3,106,62,44,93,48,45,2,1,1,23,6,17,11,7,4
50645102,54,36,18,3,25,6,2,2,4,1,1,4,3,1,2,0,2,1,1,26,18,8,16,9,7,1,0,1,8,7,1,1,1,0
50645103,81,47,34,13,26,2,9,9,1,0,0,3,7,5,1,1,1,1,0,36,26,10,25,14,11,0,0,0,18,6,12,1,0,1
50645104,144,78,66,23,47,12,7,8,2,2,0,11,11,9,8,1,10,4,6,50,36,14,53,24,29,1,1,0,25,10,15,5,3,2
50645105,140,84,56,26,57,8,5,12,2,2,1,3,2,4,15,0,5,4,1,69,47,22,42,21,21,3,0,3,18,10,8,3,2,1
0155470,0,0,0,0,0,0,0,0,0,0,0,0,0,0,0,0,0,0,0,0,0,0,0,0,0,0,0,0,0,0,0,0,0,0
1983740,0,0,0,0,0,0,0,0,0,0,0,0,0,0,0,0,0,0,0,0,0,0,0,0,0,0,0,0,0,0,0,0,0,0
3305580,0,0,0,0,0,0,0,0,0,0,0,0,0,0,0,0,0,0,0,0,0,0,0,0,0,0,0,0,0,0,0,0,0,0
50646001,951,532,419,100,331,35,63,55,17,11,1,53,81,69,91,16,100,63,37,403,257,146,288,142,146,12,2,10,94,37,57,54,31,23
50646002,30,16,14,0,10,1,3,3,1,1,0,1,2,4,2,0,3,1,2,10,6,4,11,6,5,0,0,0,4,1,3,2,2,0
50646003,81,43,38,22,23,1,9,4,1,1,0,2,3,8,6,1,4,1,3,46,30,16,20,7,13,0,0,0,9,4,5,2,1,1
50646004,57,32,25,9,22,3,1,0,0,0,0,2,14,4,1,1,1,1,0,23,19,4,13,6,7,1,1,0,16,4,12,3,1,2
50646005,18,10,8,1,6,1,2,3,0,1,0,0,1,1,1,1,1,1,0,8,5,3,7,2,5,0,0,0,2,2,0,0,0,0
56826101,370,195,175,7,101,27,30,12,7,15,9,41,16,30,61,0,8,2,6,83,57,26,122,56,66,9,3,6,132,66,66,16,11,5
56826102,23,10,13,1,3,1,5,1,4,1,2,1,1,1,2,0,1,0,1,10,4,6,3,1,2,0,0,0,8,5,3,1,0,1
56995001,136,66,70,16,71,1,8,6,1,0,1,9,5,6,7,1,30,17,13,58,30,28,18,10,8,2,0,2,13,4,9,15,5,10
56822801,632,349,283,16,169,60,93,49,16,15,11,39,40,42,57,3,20,10,10,254,161,93,219,102,117,9,3,6,123,68,55,7,5,2
56823601,12,7,5,0,3,0,3,0,0,0,0,0,0,3,2,0,0,0,0,4,3,1,4,2,2,0,0,0,3,1,2,1,1,0
56823602,334,184,150,6,82,26,49,22,10,10,9,29,20,23,38,2,6,2,4,96,59,37,114,60,54,3,1,2,109,58,51,6,4,2
56989502,382,197,185,1,67,30,45,20,12,23,9,38,39,41,39,2,12,8,4,79,49,30,137,65,72,7,2,5,145,71,74,2,2,0
50670201,13,8,5,3,6,2,0,0,1,0,0,0,0,0,1,0,0,0,0,7,4,3,3,1,2,0,0,0,0,0,0,3,3,0
50670202,1602,868,734,19,602,153,180,84,56,38,26,115,74,100,105,4,67,32,35,639,393,246,551,273,278,16,5,11,267,122,145,62,43,19
50670204,358,199,159,9,128,38,49,16,8,6,4,19,17,26,31,0,14,5,9,163,98,65,105,58,47,5,2,3,64,31,33,7,5,2
55305101,448,243,205,34,147,26,55,28,4,2,4,21,22,34,64,1,31,23,8,177,113,64,140,61,79,0,0,0,86,40,46,14,6,8
55305102,57,32,25,12,19,4,4,2,2,1,0,7,1,1,4,0,3,1,2,27,20,7,15,4,11,3,1,2,9,6,3,0,0,0
50675301,648,365,283,26,152,59,76,38,16,25,11,45,56,62,62,6,19,7,12,154,107,47,232,130,102,18,3,15,204,106,98,21,12,9
50675302,242,129,113,3,83,15,24,12,13,4,4,17,18,17,27,0,6,4,2,69,43,26,115,60,55,2,0,2,43,17,26,7,5,2
50675303,171,89,82,5,49,7,17,10,5,10,5,15,17,11,16,2,3,1,2,38,21,17,64,34,30,0,0,0,61,30,31,5,3,2
50675304,155,87,68,6,48,8,17,13,4,7,2,15,10,8,10,0,3,3,0,58,36,22,54,26,28,0,0,0,35,19,16,5,3,2
50675305,287,150,137,9,87,13,27,20,9,13,4,26,20,30,26,1,12,3,9,75,49,26,113,55,58,3,1,2,83,42,41,1,0,1
50675306,42,22,20,0,12,3,3,3,1,1,0,5,2,5,5,0,2,1,1,10,7,3,10,6,4,0,0,0,17,7,10,3,1,2
56821001,1243,678,565,29,338,130,142,75,31,46,18,97,82,89,102,5,47,22,25,495,331,164,412,197,215,13,4,9,241,106,135,35,18,17
55309301,325,187,138,38,103,31,29,15,10,4,2,20,16,20,24,2,17,9,8,144,96,48,110,55,55,4,0,4,43,22,21,7,5,2
56836802,288,164,124,29,86,14,25,17,5,5,3,30,11,20,36,2,7,4,3,112,71,41,104,59,45,6,2,4,53,24,29,6,4,2
0397480,0,0,0,0,0,0,0,0,0,0,0,0,0,0,0,0,0,0,0,0,0,0,0,0,0,0,0,0,0,0,0,0,0,0
0398530,0,0,0,0,0,0,0,0,0,0,0,0,0,0,0,0,0,0,0,0,0,0,0,0,0,0,0,0,0,0,0,0,0,0
0398880,0,0,0,0,0,0,0,0,0,0,0,0,0,0,0,0,0,0,0,0,0,0,0,0,0,0,0,0,0,0,0,0,0,0
3154860,0,0,0,0,0,0,0,0,0,0,0,0,0,0,0,0,0,0,0,0,0,0,0,0,0,0,0,0,0,0,0,0,0,0
50701601,661,356,305,5,133,60,92,47,21,25,14,65,67,45,51,5,22,13,9,190,120,70,257,130,127,7,0,7,174,88,86,11,5,6
50701603,647,359,288,18,171,57,87,46,9,21,24,46,48,41,50,4,22,6,16,243,167,76,260,142,118,8,1,7,105,39,66,9,4,5
50701604,29,19,10,0,5,5,1,4,1,0,0,5,1,4,1,0,1,0,1,14,12,2,8,3,5,0,0,0,6,4,2,0,0,0
50701605,248,135,113,4,57,22,28,14,9,18,9,14,20,16,26,1,12,6,6,87,56,31,81,36,45,5,0,5,57,32,25,6,5,1
50701606,45,24,21,0,8,2,11,4,1,2,1,6,1,4,4,0,2,2,0,14,9,5,15,7,8,0,0,0,13,5,8,1,1,0
50701607,425,235,190,5,105,32,58,31,16,16,8,35,31,38,34,0,17,8,9,160,102,58,141,73,68,4,0,4,93,47,46,10,5,5
50701608,832,461,371,11,261,84,101,69,26,16,4,73,34,41,79,5,88,43,45,414,266,148,203,95,108,13,5,8,83,35,48,31,17,14
50701610,13,7,6,0,7,0,0,1,0,0,1,3,0,0,0,0,0,0,0,3,2,1,5,2,3,1,0,1,4,3,1,0,0,0
50701611,911,479,432,5,207,58,110,48,28,46,22,101,76,69,102,2,47,19,28,263,173,90,320,150,170,6,3,3,252,121,131,23,13,10
50701612,114,58,56,1,20,6,22,3,5,5,3,19,7,5,11,0,0,0,0,36,18,18,38,20,18,4,1,3,34,18,16,2,1,1
50701613,40,21,19,1,10,2,3,6,0,1,0,3,4,5,2,0,1,0,1,12,9,3,15,5,10,0,0,0,10,5,5,2,2,0
50701614,221,121,100,4,52,17,27,18,6,6,6,21,12,18,25,3,5,5,0,67,42,25,87,50,37,3,1,2,54,20,34,5,3,2
50701615,864,475,389,11,192,71,101,49,22,29,22,88,51,99,84,8,29,15,14,251,171,80,300,149,151,13,2,11,240,120,120,31,18,13
50701616,989,548,441,14,205,89,145,62,48,36,20,97,54,80,80,10,61,33,28,299,182,117,305,162,143,25,4,21,227,112,115,72,55,17
50701617,573,302,271,6,127,46,83,25,18,24,16,72,55,38,42,3,15,8,7,168,105,63,204,106,98,4,0,4,174,79,95,8,4,4
50710501,444,245,199,25,148,52,47,11,9,9,9,25,29,22,39,1,10,3,7,188,122,66,150,76,74,6,1,5,78,34,44,12,9,3
50711301,338,193,145,34,105,20,37,19,9,9,2,20,13,25,28,1,17,10,7,147,103,44,112,47,65,7,3,4,40,20,20,15,10,5
50711302,63,35,28,4,21,5,7,5,4,1,0,4,4,2,6,0,0,0,0,30,19,11,25,13,12,0,0,0,5,2,3,3,1,2
50711303,204,105,99,28,62,6,20,15,8,1,0,11,18,11,23,0,9,3,6,83,50,33,73,30,43,1,0,1,30,16,14,8,6,2
50711304,44,26,18,6,10,4,3,2,2,0,0,3,2,6,4,0,2,1,1,17,10,7,11,7,4,0,0,0,10,5,5,4,3,1
50726101,362,204,158,7,98,24,26,17,15,24,6,30,27,26,51,1,16,7,9,101,69,32,126,66,60,6,0,6,107,58,49,6,4,2
50726102,120,63,57,1,24,6,21,4,2,3,2,9,10,2,29,1,26,11,15,48,30,18,28,13,15,1,0,1,14,7,7,3,2,1
50726103,59,29,30,4,10,4,9,5,5,1,0,3,4,7,4,0,1,1,0,19,8,11,30,16,14,0,0,0,9,4,5,0,0,0
50727001,17,8,9,0,5,3,2,2,1,0,0,1,0,3,0,0,0,0,0,8,3,5,4,3,1,0,0,0,5,2,3,0,0,0
50727002,99,59,40,8,30,9,9,5,2,3,5,8,5,10,4,0,3,1,2,40,30,10,32,15,17,0,0,0,22,11,11,2,2,0
50727003,165,98,67,16,85,11,8,9,2,0,2,11,6,4,9,0,4,1,3,95,62,33,45,21,24,1,1,0,15,8,7,5,5,0
50727005,121,69,52,8,53,4,13,10,3,2,1,10,4,4,5,1,4,3,1,51,32,19,34,17,17,0,0,0,27,13,14,5,4,1
50727006,38,20,18,0,18,2,2,6,0,0,0,0,1,2,5,0,2,1,1,19,13,6,9,3,6,1,0,1,6,3,3,1,0,1
50727007,1390,759,631,57,472,71,128,69,46,38,17,99,94,119,119,9,43,24,19,402,253,149,487,254,233,21,7,14,383,183,200,54,38,16
50727009,149,85,64,9,56,6,12,6,4,1,0,11,9,10,12,2,3,1,2,72,46,26,49,26,23,0,0,0,22,10,12,3,2,1
50727010,240,126,114,12,104,15,20,7,2,3,1,14,16,15,23,0,5,2,3,95,62,33,83,35,48,4,1,3,45,20,25,8,6,2
50727011,384,215,169,12,164,19,33,17,8,6,8,30,21,30,26,1,9,6,3,141,85,56,140,76,64,7,2,5,78,40,38,9,6,3
51292301,561,312,249,16,224,41,62,28,13,13,6,31,29,32,39,7,18,3,15,251,161,90,175,92,83,3,0,3,99,47,52,15,9,6
50733401,29,18,11,0,12,0,5,2,0,0,0,1,2,1,5,1,0,0,0,11,7,4,13,8,5,0,0,0,5,3,2,0,0,0
50733402,540,295,245,10,197,57,60,27,12,9,2,25,24,34,71,4,22,9,13,219,136,83,187,90,97,7,3,4,91,45,46,14,12,2
56990901,341,191,150,25,122,25,41,19,8,7,2,9,26,17,22,2,10,5,5,149,99,50,112,51,61,4,0,4,55,29,26,11,7,4
0450470,0,0,0,0,0,0,0,0,0,0,0,0,0,0,0,0,0,0,0,0,0,0,0,0,0,0,0,0,0,0,0,0,0,0
0450550,0,0,0,0,0,0,0,0,0,0,0,0,0,0,0,0,0,0,0,0,0,0,0,0,0,0,0,0,0,0,0,0,0,0
50737701,93,50,43,10,38,8,18,7,2,0,0,3,0,1,4,1,19,12,7,45,27,18,21,9,12,1,0,1,4,0,4,3,2,1
50737702,28,15,13,1,10,2,2,1,0,0,0,4,1,2,3,0,1,0,1,9,4,5,14,7,7,0,0,0,4,4,0,0,0,0
50737703,91,56,35,10,31,8,7,8,6,0,0,2,2,5,11,0,6,2,4,51,38,13,24,12,12,0,0,0,4,0,4,6,4,2
50737704,11,8,3,0,5,1,1,1,0,0,0,2,0,1,0,0,2,2,0,4,4,0,4,1,3,1,1,0,0,0,0,0,0,0
50737705,65,35,30,6,23,8,5,1,3,0,0,2,4,1,11,0,5,1,4,31,21,10,20,8,12,0,0,0,3,0,3,6,5,1
50737706,173,102,71,28,53,11,10,10,6,1,1,12,15,7,13,2,10,3,7,87,48,39,49,34,15,1,1,0,16,9,7,10,7,3
54719101,102,63,39,19,27,7,8,4,3,3,4,8,5,5,7,0,3,2,1,45,33,12,37,17,20,2,1,1,12,7,5,3,3,0
50750401,1610,907,703,45,543,220,192,67,41,29,21,86,79,117,109,11,52,17,35,683,453,230,513,248,265,21,6,15,299,157,142,42,26,16
54718201,887,489,398,25,240,81,142,57,16,28,15,56,55,53,80,6,26,11,15,320,196,124,311,162,149,21,8,13,175,93,82,34,19,15
50758001,152,80,72,1,52,15,15,11,2,6,2,17,6,6,15,1,7,1,6,70,42,28,35,17,18,4,2,2,33,15,18,3,3,0
50758002,809,435,374,30,253,97,119,33,26,17,13,40,44,38,64,4,25,8,17,310,188,122,300,151,149,8,1,7,138,69,69,28,18,10
50758003,11,6,5,2,5,1,0,0,0,0,0,1,0,1,0,0,0,0,0,10,5,5,1,1,0,0,0,0,0,0,0,0,0,0
50758004,2202,1226,976,40,695,250,315,107,71,53,29,142,121,113,164,12,89,35,54,912,582,330,695,357,338,30,7,23,407,201,206,69,44,25
56818001,50,25,25,6,13,3,10,4,3,1,0,0,1,4,2,1,5,2,3,17,12,5,20,10,10,0,0,0,7,1,6,1,0,1
56818002,56,33,23,7,16,4,6,1,1,1,0,6,7,1,2,4,10,5,5,25,15,10,11,5,6,1,1,0,4,4,0,5,3,2
51290701,32,16,16,0,7,1,6,1,3,0,1,4,1,2,4,0,2,1,1,14,6,8,12,7,5,0,0,0,4,2,2,0,0,0
51290702,385,216,169,7,100,26,33,15,6,17,5,39,34,41,53,0,15,9,6,105,64,41,143,85,58,5,1,4,104,50,54,13,7,6
55311501,69,41,28,8,26,4,8,2,1,1,1,2,4,2,7,0,4,2,2,29,21,8,30,14,16,2,2,0,2,0,2,2,2,0
55311502,41,25,16,5,16,1,4,2,1,1,0,4,0,4,2,0,2,1,1,25,19,6,7,3,4,0,0,0,6,1,5,1,1,0
50792001,36,22,14,3,10,2,8,1,0,0,0,3,2,3,3,0,1,0,1,17,13,4,8,3,5,1,0,1,8,5,3,1,1,0
50792002,45,26,19,6,19,3,1,0,0,0,1,3,3,4,5,0,0,0,0,18,13,5,12,6,6,0,0,0,13,6,7,2,1,1
50792003,330,177,153,31,111,14,33,17,4,4,3,14,31,18,36,1,10,4,6,129,79,50,126,61,65,4,1,3,48,24,24,13,8,5
50797101,2135,1160,975,20,533,184,272,157,61,93,46,195,146,152,183,15,79,45,34,656,422,234,771,394,377,41,6,35,530,249,281,58,44,14
50797102,254,144,110,2,56,25,35,17,9,16,7,24,20,20,15,1,6,3,3,75,48,27,99,52,47,3,0,3,68,38,30,3,3,0
50812801,1088,607,481,19,288,100,154,82,20,38,11,107,75,53,105,5,40,23,17,360,240,120,386,196,190,19,4,15,248,121,127,35,23,12
50814401,292,172,120,30,112,20,16,28,4,2,2,14,19,18,15,4,18,13,5,149,98,51,88,45,43,3,1,2,22,9,13,12,6,6
56827901,121,72,49,9,42,10,9,7,3,6,1,6,6,9,11,0,3,1,2,51,33,18,42,25,17,2,0,2,18,10,8,5,3,2
55304202,61,38,23,8,20,4,6,3,1,1,3,1,2,5,5,0,4,2,2,22,14,8,19,11,8,3,1,2,10,8,2,3,2,1
50837301,552,293,259,10,169,44,55,26,13,20,1,46,42,52,56,1,10,5,5,174,113,61,202,95,107,6,0,6,149,73,76,11,7,4
56909701,86,47,39,10,17,8,9,4,6,5,0,4,1,8,11,0,6,5,1,32,16,16,27,18,9,0,0,0,16,6,10,5,2,3
56909702,27,17,10,1,7,4,3,1,1,1,0,1,0,5,2,0,1,1,0,9,5,4,5,2,3,0,0,0,4,3,1,8,6,2
55315801,398,218,180,33,118,25,55,24,11,10,9,22,21,21,39,3,14,9,5,141,88,53,148,69,79,6,3,3,65,33,32,24,16,8
55315802,47,28,19,4,23,1,3,3,1,0,1,1,2,2,5,1,1,0,1,18,15,3,15,8,7,2,0,2,11,5,6,0,0,0
51289301,84,51,33,14,38,2,3,6,4,0,0,5,3,3,6,0,6,4,2,48,33,15,20,8,12,0,0,0,6,3,3,4,3,1
55527401,245,142,103,12,74,12,30,19,4,5,7,12,16,19,24,0,4,3,1,74,51,23,88,48,40,4,1,3,70,36,34,5,3,2
50957401,684,386,298,30,221,66,86,34,12,22,10,43,39,49,45,5,18,8,10,297,197,100,219,112,107,14,6,8,117,53,64,19,10,9
55535501,127,69,58,6,50,9,12,7,1,7,3,7,3,7,13,0,4,1,3,31,22,9,57,33,24,3,1,2,31,12,19,1,0,1
55535502,468,247,221,15,181,30,54,21,12,5,10,31,27,34,32,6,10,4,6,165,106,59,188,77,111,4,0,4,87,50,37,14,10,4
55535503,13,7,6,1,3,0,0,1,1,0,0,1,3,0,2,0,1,1,0,4,2,2,3,1,2,1,1,0,3,2,1,1,0,1
55535505,60,33,27,0,22,4,5,3,2,3,2,4,1,2,11,0,0,0,0,23,15,8,22,11,11,1,0,1,14,7,7,0,0,0
1119020,0,0,0,0,0,0,0,0,0,0,0,0,0,0,0,0,0,0,0,0,0,0,0,0,0,0,0,0,0,0,0,0,0,0
55533901,855,461,394,29,279,70,105,32,32,20,15,80,54,41,58,9,27,12,15,327,197,130,301,153,148,10,4,6,177,88,89,13,7,6
55533902,29,20,9,2,7,2,1,2,2,2,0,4,6,1,0,0,1,0,1,16,12,4,6,3,3,1,1,0,5,4,1,0,0,0
55543601,156,89,67,19,49,4,19,9,0,2,4,7,8,11,14,0,2,1,1,57,40,17,65,33,32,5,1,4,27,14,13,0,0,0
1117080,0,0,0,0,0,0,0,0,0,0,0,0,0,0,0,0,0,0,0,0,0,0,0,0,0,0,0,0,0,0,0,0,0,0
1117410,0,0,0,0,0,0,0,0,0,0,0,0,0,0,0,0,0,0,0,0,0,0,0,0,0,0,0,0,0,0,0,0,0,0
1117830,0,0,0,0,0,0,0,0,0,0,0,0,0,0,0,0,0,0,0,0,0,0,0,0,0,0,0,0,0,0,0,0,0,0
1118210,0,0,0,0,0,0,0,0,0,0,0,0,0,0,0,0,0,0,0,0,0,0,0,0,0,0,0,0,0,0,0,0,0,0
55532101,359,179,180,6,78,25,28,17,12,10,7,34,27,44,54,1,7,4,3,43,27,16,119,50,69,8,5,3,177,91,86,5,2,3
55532102,771,408,363,17,201,44,110,32,15,20,10,69,54,82,78,5,18,9,9,228,142,86,286,150,136,16,8,8,210,90,120,13,9,4
55532104,3473,1768,1705,41,1094,187,435,201,122,69,58,295,229,274,326,18,175,88,87,1252,729,523,1248,568,680,41,11,30,636,298,338,121,74,47
55532105,1402,720,682,25,435,88,154,73,57,38,17,124,85,95,152,9,80,42,38,454,272,182,463,208,255,28,12,16,325,153,172,52,33,19
55532106,587,319,268,15,167,55,70,31,13,20,10,39,39,50,53,3,19,14,5,175,109,66,239,124,115,4,0,4,138,64,74,12,8,4
55532107,10,4,6,0,2,0,1,1,0,0,0,1,0,4,1,0,0,0,0,1,1,0,3,1,2,1,0,1,5,2,3,0,0,0
55532109,397,212,185,16,111,30,53,16,9,7,7,36,14,38,43,1,21,10,11,128,82,46,147,71,76,5,2,3,91,44,47,5,3,2
55532110,537,259,278,14,126,37,51,26,19,22,5,33,42,70,66,2,20,11,9,108,66,42,199,86,113,20,4,16,183,89,94,7,3,4
55532111,2055,1092,963,65,606,147,236,99,69,50,39,153,155,154,212,8,85,45,40,668,415,253,746,363,383,37,10,27,478,234,244,41,25,16
55532112,727,385,342,14,245,42,77,54,28,25,6,53,40,61,61,3,30,15,15,249,147,102,265,126,139,10,4,6,154,81,73,19,12,7
55532113,412,210,202,16,102,26,62,9,7,14,5,40,31,43,47,1,11,6,5,52,31,21,143,76,67,5,1,4,195,92,103,6,4,2
55532114,453,242,211,4,135,23,57,15,11,18,9,40,27,44,43,5,20,12,8,95,58,37,178,84,94,2,1,1,150,82,68,8,5,3
55532115,1657,940,717,38,512,121,184,65,88,34,24,163,69,79,148,31,149,83,66,508,312,196,466,240,226,24,5,19,300,145,155,210,155,55
55532116,381,202,179,4,104,25,34,17,9,14,4,31,22,32,75,0,19,12,7,104,62,42,123,56,67,13,5,8,109,57,52,13,10,3
55532117,94,51,43,2,33,8,10,7,1,3,3,5,3,7,6,0,4,0,4,25,18,7,44,18,26,0,0,0,18,12,6,3,3,0
55532118,15,9,6,0,9,2,0,0,2,0,0,0,1,1,0,0,1,1,0,5,3,2,2,1,1,2,1,1,3,2,1,2,1,1
55532119,2221,1177,1044,28,615,129,278,102,72,80,40,198,149,168,224,16,124,65,59,680,413,267,761,387,374,29,14,15,548,248,300,79,50,29
55532120,1093,579,514,16,312,55,108,56,48,36,19,105,61,112,107,5,47,25,22,296,176,120,380,197,183,14,2,12,326,158,168,30,21,9
55532121,900,483,417,19,265,46,108,48,34,25,13,58,44,90,112,4,43,23,20,288,174,114,315,153,162,13,6,7,195,98,97,46,29,17
55532122,1331,690,641,27,334,68,163,62,44,31,23,105,94,153,166,7,52,25,27,306,184,122,506,247,259,12,3,9,424,210,214,31,21,10
55532124,38,17,21,2,13,4,3,1,1,0,0,1,2,3,5,0,2,0,2,21,11,10,10,2,8,1,1,0,2,1,1,2,2,0
55532125,1282,610,672,16,351,71,132,51,53,42,22,129,115,119,112,6,101,20,81,290,163,127,448,209,239,28,13,15,382,185,197,33,20,13
55532126,1063,549,514,17,336,61,117,53,42,35,22,101,63,90,90,8,70,43,27,343,201,142,367,168,199,9,2,7,223,101,122,51,34,17
55532127,982,517,465,12,240,59,108,37,34,22,21,103,78,105,112,14,37,20,17,170,101,69,355,191,164,13,2,11,387,192,195,20,11,9
55532128,678,364,314,9,183,52,82,40,32,11,11,75,47,50,51,8,57,30,27,203,120,83,249,142,107,9,3,6,136,55,81,24,14,10
55532129,520,277,243,7,160,38,60,27,19,16,5,44,25,29,50,5,24,14,10,186,113,73,183,87,96,10,0,10,97,51,46,20,12,8
55540101,66,41,25,3,18,5,10,4,0,1,3,8,3,4,6,0,2,0,2,23,16,7,22,15,7,0,0,0,19,10,9,0,0,0
55540102,226,126,100,12,73,24,24,13,3,1,5,17,16,14,17,3,7,3,4,84,51,33,83,51,32,0,0,0,47,17,30,5,4,1
55540103,71,37,34,0,19,7,10,1,1,5,0,5,8,2,11,0,0,0,0,22,15,7,23,10,13,1,1,0,23,10,13,2,1,1
55540104,22,13,9,1,8,2,0,1,0,1,0,3,2,1,1,1,1,0,1,8,7,1,6,2,4,0,0,0,5,3,2,2,1,1
55537101,525,286,239,22,177,36,54,35,14,13,14,42,28,35,43,1,18,12,6,190,120,70,187,91,96,7,3,4,107,49,58,16,11,5
3054210,0,0,0,0,0,0,0,0,0,0,0,0,0,0,0,0,0,0,0,0,0,0,0,0,0,0,0,0,0,0,0,0,0,0
3054480,0,0,0,0,0,0,0,0,0,0,0,0,0,0,0,0,0,0,0,0,0,0,0,0,0,0,0,0,0,0,0,0,0,0
55670001,59,33,26,3,24,9,6,1,1,1,1,3,3,3,3,0,0,0,0,26,17,9,25,12,13,0,0,0,6,3,3,2,1,1
55670002,82,47,35,2,23,4,12,7,3,2,0,4,5,11,6,0,0,0,0,20,14,6,38,24,14,2,0,2,18,7,11,4,2,2
55670003,384,206,178,14,141,30,44,14,13,12,6,20,19,23,27,2,16,8,8,138,91,47,149,68,81,4,0,4,71,35,36,6,4,2
55670004,16,9,7,1,12,0,1,1,0,0,0,0,0,0,1,0,2,1,1,6,4,2,4,2,2,0,0,0,4,2,2,0,0,0
55670005,112,65,47,2,34,13,15,4,1,5,1,11,5,5,11,0,7,6,1,41,25,16,28,15,13,0,0,0,29,16,13,7,3,4
55670006,24,14,10,1,8,4,1,1,0,1,0,1,2,1,3,1,0,0,0,10,6,4,10,6,4,0,0,0,2,1,1,2,1,1
55546101,78,46,32,1,20,6,11,2,0,0,0,9,8,3,12,0,2,2,0,23,18,5,33,16,17,0,0,0,18,9,9,2,1,1
55546102,101,57,44,12,39,4,11,1,1,0,0,10,5,7,8,0,2,2,0,39,26,13,33,17,16,2,0,2,19,9,10,6,3,3
55541001,183,100,83,15,53,12,32,7,0,3,2,10,14,16,11,0,4,2,2,74,47,27,67,32,35,1,1,0,32,15,17,5,3,2
50961201,668,358,310,37,223,33,73,32,20,12,8,44,40,56,66,3,12,6,6,220,135,85,262,139,123,6,3,3,148,61,87,20,14,6
50961202,17,9,8,1,3,2,4,1,0,0,0,1,1,2,2,0,0,0,0,10,6,4,1,1,0,0,0,0,6,2,4,0,0,0
50964701,959,536,423,11,333,118,109,36,23,27,16,71,56,69,65,2,29,14,15,386,243,143,337,172,165,14,4,10,162,85,77,31,18,13
50964702,16,9,7,4,4,6,0,0,0,1,0,1,0,0,0,0,1,0,1,11,6,5,1,1,0,0,0,0,1,0,1,2,2,0
50964703,10,8,2,2,2,0,0,2,0,0,0,1,1,0,1,0,0,0,0,3,3,0,5,3,2,0,0,0,2,2,0,0,0,0
50973601,657,366,291,26,204,42,60,37,14,20,6,56,39,58,82,0,16,8,8,211,132,79,235,118,117,11,5,6,176,97,79,8,6,2
56831701,43,23,20,10,11,2,6,0,1,2,0,0,2,4,2,2,2,1,1,22,12,10,8,4,4,0,0,0,9,4,5,2,2,0
56831702,166,95,71,8,76,7,9,7,5,3,3,7,7,13,14,4,14,9,5,91,55,36,34,13,21,0,0,0,13,7,6,14,11,3
56831703,9,6,3,0,4,1,1,2,0,0,0,0,0,0,1,0,0,0,0,5,4,1,2,1,1,0,0,0,2,1,1,0,0,0
50984101,552,294,258,13,189,26,62,29,13,15,12,48,36,35,54,4,13,8,5,152,91,61,213,114,99,17,5,12,141,65,76,16,11,5
56837601,278,163,115,16,92,47,42,8,8,2,4,12,10,12,15,3,11,2,9,158,105,53,79,37,42,2,0,2,18,13,5,10,6,4
51013101,137,77,60,15,51,6,13,11,0,2,2,7,3,13,9,0,2,2,0,54,34,20,53,27,26,2,1,1,23,12,11,3,1,2
51013103,324,180,144,32,127,17,27,15,8,6,3,17,25,17,22,3,15,7,8,117,77,40,125,59,66,5,1,4,53,31,22,9,5,4
51028901,992,534,458,45,288,67,120,60,23,17,12,56,61,78,123,3,30,18,12,374,230,144,358,175,183,7,2,5,206,98,108,17,11,6
51028902,43,19,24,1,8,3,4,1,2,2,1,3,2,5,9,0,1,0,1,2,2,0,15,6,9,2,0,2,21,10,11,2,1,1
51029701,353,197,156,10,119,52,38,12,10,7,4,22,23,21,22,2,19,13,6,164,107,57,94,43,51,3,0,3,55,27,28,18,7,11
51029702,64,37,27,4,20,12,4,3,0,1,0,1,7,3,7,2,2,1,1,29,20,9,18,10,8,1,0,1,12,4,8,2,2,0
59782101,202,106,96,21,85,13,12,3,2,3,7,12,14,6,15,2,22,10,12,101,63,38,49,20,29,1,0,1,20,6,14,9,7,2
0754260,0,0,0,0,0,0,0,0,0,0,0,0,0,0,0,0,0,0,0,0,0,0,0,0,0,0,0,0,0,0,0,0,0,0
56819801,70,39,31,14,18,4,3,8,1,0,2,4,5,3,6,0,3,1,2,30,20,10,23,10,13,1,0,1,10,5,5,3,3,0
51034301,133,69,64,13,49,11,19,6,0,2,0,9,5,7,8,0,4,2,2,61,39,22,46,20,26,1,0,1,17,7,10,4,1,3
51034302,53,34,19,4,25,2,4,3,2,1,0,2,0,3,4,0,1,1,0,22,16,6,24,13,11,0,0,0,3,2,1,3,2,1
51034303,74,39,35,10,22,6,8,2,0,0,0,3,1,8,1,2,1,1,0,36,22,14,26,12,14,0,0,0,9,3,6,2,1,1
51034304,437,243,194,34,123,33,52,17,8,9,9,23,30,40,41,1,7,2,5,139,97,42,193,97,96,6,3,3,83,37,46,9,7,2
51286901,381,218,163,15,129,65,35,10,8,9,1,22,19,26,32,2,13,3,10,175,119,56,120,58,62,6,0,6,61,33,28,6,5,1
51286902,11,9,2,0,1,2,0,0,0,0,0,2,0,0,0,6,5,3,2,0,0,0,0,0,0,0,0,0,2,2,0,4,4,0
51037801,287,168,119,2,93,51,30,14,10,5,7,10,27,11,18,2,11,7,4,139,95,44,83,42,41,9,2,7,36,16,20,9,6,3
54713101,115,65,50,10,42,3,10,9,7,1,2,5,7,5,9,2,15,10,5,66,40,26,24,9,15,0,0,0,2,2,0,8,4,4
51043201,10,5,5,2,4,1,1,0,1,0,0,0,0,0,1,0,3,2,1,3,1,2,3,2,1,1,0,1,0,0,0,0,0,0
51043202,803,461,342,19,247,73,107,38,23,26,14,68,46,46,54,2,32,18,14,308,195,113,288,163,125,9,0,9,144,70,74,22,15,7
56833301,13,7,6,0,5,3,1,0,1,0,0,0,1,1,0,0,0,0,0,4,3,1,6,2,4,0,0,0,0,0,0,3,2,1
56833302,280,153,127,25,95,16,24,20,7,4,1,13,20,12,33,2,5,4,1,105,66,39,109,51,58,4,2,2,46,24,22,11,6,5
51048301,27,16,11,2,12,2,3,2,0,0,0,2,1,2,1,0,2,0,2,8,5,3,13,8,5,0,0,0,3,2,1,1,1,0
51048302,114,67,47,6,36,21,9,6,5,3,1,5,7,5,7,2,4,2,2,45,30,15,44,27,17,1,1,0,19,7,12,1,0,1
51048303,44,26,18,5,13,10,3,0,3,0,1,3,1,0,3,0,6,3,3,24,16,8,10,4,6,1,1,0,0,0,0,3,2,1
51048304,1334,731,603,41,431,153,161,59,32,34,12,70,82,85,118,8,43,19,24,556,345,211,433,221,212,23,4,19,236,117,119,43,25,18
51049101,596,335,261,18,196,36,68,31,17,11,15,47,38,40,53,3,17,6,11,193,123,70,235,134,101,14,2,12,122,61,61,15,9,6
51274501,416,230,186,10,149,27,34,13,13,7,6,29,49,29,43,0,8,5,3,171,108,63,147,79,68,3,0,3,82,36,46,5,2,3
56910101,103,62,41,10,42,17,5,3,5,1,1,10,3,1,3,1,10,5,5,48,30,18,23,11,12,0,0,0,6,3,3,16,13,3
56834101,195,104,91,16,63,13,23,13,3,1,6,6,11,13,18,3,7,3,4,71,48,23,61,30,31,4,1,3,35,12,23,17,10,7
51089101,32,21,11,6,12,6,2,0,1,0,1,1,1,1,1,0,2,2,0,18,11,7,8,5,3,1,1,0,2,1,1,1,1,0
51089102,92,52,40,11,31,6,6,4,1,3,0,8,6,3,11,0,6,3,3,42,29,13,27,13,14,2,0,2,14,7,7,1,0,1
51089103,31,22,9,5,9,6,2,2,1,0,0,1,2,1,1,0,8,7,1,17,12,5,4,2,2,1,0,1,0,0,0,1,1,0
51089104,98,60,38,16,23,14,4,8,1,1,1,7,4,7,10,0,2,2,0,55,38,17,29,13,16,0,0,0,11,7,4,1,0,1
51089105,41,24,17,6,11,6,3,3,1,0,0,5,2,1,3,0,2,2,0,20,12,8,12,6,6,1,0,1,5,3,2,1,1,0
51089107,453,247,206,45,122,55,37,24,11,4,9,29,20,43,38,5,32,18,14,189,124,65,136,55,81,9,2,7,64,33,31,23,15,8
1788110,0,0,0,0,0,0,0,0,0,0,0,0,0,0,0,0,0,0,0,0,0,0,0,0,0,0,0,0,0,0,0,0,0,0
51093901,853,461,392,20,264,113,100,56,20,19,23,47,46,53,61,5,34,16,18,342,221,121,271,121,150,11,4,7,171,87,84,24,12,12
57003601,13,7,6,2,5,0,1,0,0,0,0,1,1,1,2,0,0,0,0,5,3,2,5,3,2,0,0,0,3,1,2,0,0,0
57003602,330,191,139,42,105,11,29,29,7,8,2,17,24,28,22,1,6,3,3,117,82,35,130,64,66,1,1,0,69,36,33,7,5,2
1830080,0,0,0,0,0,0,0,0,0,0,0,0,0,0,0,0,0,0,0,0,0,0,0,0,0,0,0,0,0,0,0,0,0,0
1830410,0,0,0,0,0,0,0,0,0,0,0,0,0,0,0,0,0,0,0,0,0,0,0,0,0,0,0,0,0,0,0,0,0,0
1830670,0,0,0,0,0,0,0,0,0,0,0,0,0,0,0,0,0,0,0,0,0,0,0,0,0,0,0,0,0,0,0,0,0,0
3305660,0,0,0,0,0,0,0,0,0,0,0,0,0,0,0,0,0,0,0,0,0,0,0,0,0,0,0,0,0,0,0,0,0,0
51102101,31,17,14,3,7,1,4,1,1,1,1,1,1,5,3,0,2,1,1,8,7,1,15,9,6,1,0,1,5,0,5,0,0,0
51102102,24,17,7,2,14,2,1,2,1,0,0,1,0,0,1,0,2,1,1,14,9,5,3,3,0,0,0,0,1,1,0,4,3,1
51102103,31,16,15,0,8,3,3,0,2,2,1,6,2,1,1,0,0,0,0,9,5,4,10,4,6,1,0,1,11,7,4,0,0,0
51102104,47,30,17,9,15,3,4,6,0,0,0,2,3,4,1,0,5,5,0,26,19,7,7,2,5,0,0,0,8,3,5,1,1,0
51102105,29,19,10,0,7,4,2,5,4,0,0,3,1,0,0,0,0,0,0,13,8,5,7,4,3,0,0,0,3,2,1,6,5,1
51102106,52,34,18,8,19,5,5,3,0,0,0,2,5,2,0,1,4,4,0,20,16,4,18,10,8,1,0,1,5,2,3,4,2,2
51102107,224,119,105,28,59,9,15,18,7,4,0,8,8,7,58,0,22,12,10,104,63,41,64,27,37,5,1,4,21,11,10,8,5,3
51102108,19,10,9,2,1,1,3,0,1,0,0,3,3,1,1,0,0,0,0,5,3,2,9,5,4,0,0,0,4,1,3,1,1,0
51102109,467,254,213,12,147,29,57,57,4,10,5,29,23,38,43,3,36,24,12,185,106,79,148,66,82,4,1,3,53,24,29,41,33,8
51102111,964,506,458,36,296,39,73,116,16,19,3,65,77,80,106,12,57,34,23,362,225,137,356,154,202,9,6,3,137,59,78,43,28,15
51102112,490,262,228,21,133,29,52,48,15,17,4,27,34,43,46,5,41,16,25,164,108,56,170,81,89,4,0,4,96,47,49,15,10,5
51116101,271,147,124,14,99,21,23,14,7,7,3,12,15,20,31,1,10,5,5,93,68,25,102,50,52,4,0,4,55,22,33,7,2,5
56824401,842,456,386,2,241,77,110,27,13,35,17,75,74,61,83,1,28,11,17,268,168,100,293,152,141,12,2,10,223,113,110,18,10,8
55349201,287,169,118,8,86,49,34,12,6,4,5,22,21,11,20,0,9,3,6,136,83,53,93,61,32,6,2,4,38,18,20,5,2,3
56911901,279,145,134,3,68,20,36,17,8,12,3,27,16,25,30,2,6,1,5,85,53,32,110,55,55,6,1,5,71,34,37,1,1,0
50671101,723,388,335,2,161,60,69,30,14,30,23,58,57,78,103,8,14,9,5,152,103,49,276,143,133,7,2,5,262,122,140,12,9,3
56950001,323,174,149,3,70,29,36,21,11,16,9,30,24,22,40,1,8,4,4,97,62,35,114,51,63,3,1,2,96,53,43,5,3,2
56950002,105,59,46,3,23,12,10,8,2,2,4,12,6,10,10,0,6,2,4,41,32,9,32,16,16,4,0,4,21,9,12,1,0,1
3308680,0,0,0,0,0,0,0,0,0,0,0,0,0,0,0,0,0,0,0,0,0,0,0,0,0,0,0,0,0,0,0,0,0,0
59954901,132,71,61,5,26,8,19,5,3,6,8,14,7,10,17,1,2,1,1,20,16,4,40,19,21,0,0,0,67,33,34,3,2,1
59954902,163,91,72,5,45,12,17,14,6,10,3,13,8,14,13,2,4,1,3,48,33,15,70,39,31,0,0,0,36,16,20,5,2,3
59954903,56,26,30,0,8,5,11,3,3,4,2,5,1,6,6,0,1,0,1,6,3,3,21,11,10,0,0,0,27,11,16,1,1,0
59954904,67,40,27,0,17,5,10,2,4,4,0,5,6,6,6,0,4,4,0,14,10,4,30,17,13,0,0,0,16,7,9,3,2,1
59954905,1540,837,703,33,372,103,175,76,48,76,29,156,103,152,160,12,53,29,24,434,278,156,528,270,258,23,8,15,458,221,237,44,31,13
59954906,68,29,39,0,18,4,8,4,3,1,2,9,5,3,7,0,2,1,1,14,5,9,21,8,13,3,0,3,26,13,13,2,2,0
59954907,186,93,93,1,41,14,24,7,5,12,7,20,11,16,20,0,5,2,3,40,26,14,71,32,39,6,2,4,59,29,30,5,2,3
55404901,16,8,8,0,3,1,3,1,1,0,0,2,1,2,1,0,3,2,1,4,3,1,3,1,2,0,0,0,4,1,3,2,1,1
55404902,9,5,4,0,3,3,1,0,0,0,0,0,0,0,2,0,0,0,0,6,3,3,2,2,0,0,0,0,1,0,1,0,0,0
55404904,331,188,143,6,82,19,28,27,7,14,11,31,15,30,40,1,11,9,2,93,59,34,100,52,48,6,1,5,110,57,53,11,10,1
55433201,99,51,48,2,19,7,16,7,0,10,4,8,10,4,4,3,4,2,2,17,11,6,32,16,16,3,2,1,43,20,23,0,0,0
55433202,752,410,342,10,182,59,97,49,26,36,20,77,54,59,59,4,33,17,16,221,148,73,276,141,135,10,1,9,189,82,107,23,21,2
55466901,76,42,34,1,16,3,13,3,3,2,3,10,5,7,5,2,2,2,0,20,11,9,18,7,11,0,0,0,31,18,13,5,4,1
55466904,739,383,356,5,214,43,93,35,25,29,18,86,42,58,57,3,46,29,17,210,121,89,271,130,141,16,6,10,178,86,92,18,11,7
55466905,13,8,5,0,6,1,3,0,1,0,0,1,0,0,0,0,0,0,0,4,2,2,4,3,1,0,0,0,5,3,2,0,0,0
55466906,979,537,442,18,234,73,136,68,33,30,24,105,78,67,70,4,44,24,20,246,166,80,372,189,183,10,3,7,283,141,142,24,14,10
55466907,68,34,34,0,13,7,8,5,2,4,2,8,2,6,4,0,9,6,3,13,7,6,21,10,11,0,0,0,24,10,14,1,1,0
55456101,1308,702,606,20,277,100,179,59,29,80,23,145,70,115,143,7,48,31,17,302,190,112,445,234,211,20,8,12,462,218,244,31,21,10
55432401,686,363,323,8,140,67,80,38,20,34,16,71,57,55,58,6,15,5,10,180,119,61,248,119,129,11,3,8,219,109,110,13,8,5
1138410,0,0,0,0,0,0,0,0,0,0,0,0,0,0,0,0,0,0,0,0,0,0,0,0,0,0,0,0,0,0,0,0,0,0
1138910,0,0,0,0,0,0,0,0,0,0,0,0,0,0,0,0,0,0,0,0,0,0,0,0,0,0,0,0,0,0,0,0,0,0
1139050,0,0,0,0,0,0,0,0,0,0,0,0,0,0,0,0,0,0,0,0,0,0,0,0,0,0,0,0,0,0,0,0,0,0
1139130,0,0,0,0,0,0,0,0,0,0,0,0,0,0,0,0,0,0,0,0,0,0,0,0,0,0,0,0,0,0,0,0,0,0
1139210,0,0,0,0,0,0,0,0,0,0,0,0,0,0,0,0,0,0,0,0,0,0,0,0,0,0,0,0,0,0,0,0,0,0
55428601,276,173,103,5,66,18,29,26,6,15,2,43,12,15,16,6,36,22,14,118,83,35,71,36,35,2,1,1,28,15,13,21,16,5
55428602,209,113,96,1,67,16,30,13,6,9,3,23,10,11,11,2,32,17,15,84,45,39,59,35,24,2,0,2,20,7,13,12,9,3
55428603,314,175,139,1,87,25,32,26,12,19,6,43,8,14,15,7,26,14,12,105,66,39,103,49,54,5,0,5,43,21,22,32,25,7
55428604,2719,1453,1266,10,658,185,304,188,120,168,53,327,151,194,201,22,201,102,99,773,462,311,898,461,437,41,8,33,660,309,351,146,111,35
55428605,48,34,14,0,9,10,2,1,3,1,1,8,7,2,0,3,7,5,2,14,11,3,3,1,2,0,0,0,2,1,1,22,16,6
55428606,20,15,5,0,4,1,3,3,1,1,1,5,0,0,1,0,1,1,0,5,4,1,4,2,2,3,2,1,3,3,0,4,3,1
55428607,351,205,146,5,82,25,44,18,16,14,8,52,18,17,27,3,38,21,17,97,57,40,122,76,46,3,1,2,67,33,34,24,17,7
55428608,963,516,447,5,217,59,116,71,33,43,21,116,52,64,91,12,82,43,39,262,161,101,312,160,152,19,7,12,235,100,135,53,45,8
55428609,393,245,148,5,128,23,46,25,9,13,3,52,16,18,35,4,55,37,18,149,109,40,116,57,59,4,1,3,51,26,25,18,15,3
55428610,25,18,7,1,7,4,2,1,0,0,2,3,0,0,1,2,5,4,1,10,8,2,4,2,2,0,0,0,0,0,0,6,4,2
55428612,5,3,2,0,1,1,0,2,0,0,0,1,0,0,0,0,2,0,2,2,2,0,1,1,0,0,0,0,0,0,0,0,0,0
55457001,129,69,60,0,26,8,21,26,3,7,1,7,9,6,8,0,8,2,6,54,33,21,48,25,23,2,1,1,15,7,8,2,1,1
55457004,103,53,50,4,16,6,12,19,2,2,4,16,6,3,8,0,5,2,3,29,18,11,35,17,18,0,0,0,31,14,17,3,2,1
55457005,402,220,182,2,86,27,65,30,13,25,14,35,24,28,32,1,6,4,2,104,71,33,126,61,65,8,1,7,149,78,71,9,5,4
55443001,381,217,164,7,73,39,55,31,19,6,8,42,24,30,21,9,44,22,22,126,80,46,119,59,60,5,0,5,53,27,26,34,29,5
55443002,873,459,414,8,189,68,90,54,21,41,22,100,67,77,81,6,33,11,22,235,153,82,324,160,164,14,5,9,246,115,131,21,15,6
55443003,297,154,143,2,73,23,40,22,10,4,1,40,16,22,27,7,35,15,20,110,60,50,82,42,40,6,3,3,42,19,23,22,15,7
1135810,0,0,0,0,0,0,0,0,0,0,0,0,0,0,0,0,0,0,0,0,0,0,0,0,0,0,0,0,0,0,0,0,0,0
1135900,0,0,0,0,0,0,0,0,0,0,0,0,0,0,0,0,0,0,0,0,0,0,0,0,0,0,0,0,0,0,0,0,0,0
1136890,0,0,0,0,0,0,0,0,0,0,0,0,0,0,0,0,0,0,0,0,0,0,0,0,0,0,0,0,0,0,0,0,0,0
1137510,0,0,0,0,0,0,0,0,0,0,0,0,0,0,0,0,0,0,0,0,0,0,0,0,0,0,0,0,0,0,0,0,0,0
1137940,0,0,0,0,0,0,0,0,0,0,0,0,0,0,0,0,0,0,0,0,0,0,0,0,0,0,0,0,0,0,0,0,0,0
1141540,0,0,0,0,0,0,0,0,0,0,0,0,0,0,0,0,0,0,0,0,0,0,0,0,0,0,0,0,0,0,0,0,0,0
54591101,26,15,11,0,0,1,3,1,2,1,1,5,3,1,4,1,3,2,1,2,2,0,10,7,3,0,0,0,11,4,7,0,0,0
54591102,992,519,473,6,227,58,108,71,39,72,21,136,65,72,67,8,62,29,33,253,167,86,348,170,178,17,4,13,279,128,151,33,21,12
54591103,527,329,198,2,73,21,56,14,15,31,10,75,105,46,35,5,58,40,18,91,71,20,148,94,54,13,6,7,204,109,95,13,9,4
54591105,224,119,105,3,21,16,22,13,15,23,5,44,20,15,11,3,9,4,5,24,13,11,94,53,41,7,3,4,75,36,39,15,10,5
54591106,787,424,363,1,190,52,79,68,35,42,19,96,51,36,68,9,83,45,38,261,159,102,259,130,129,11,4,7,141,65,76,32,21,11
54591107,1166,618,548,9,212,66,139,82,44,76,28,158,71,119,83,12,66,26,40,293,170,123,369,196,173,26,8,18,378,195,183,34,23,11
54591110,424,219,205,3,84,26,50,34,21,20,9,75,25,23,29,2,38,19,19,103,63,40,164,82,82,11,3,8,94,43,51,14,9,5
54591111,386,209,177,1,68,17,27,20,11,23,14,80,22,27,47,2,15,3,12,33,26,7,117,60,57,5,2,3,197,105,92,19,13,6
54591112,24,9,15,0,6,1,4,0,0,2,0,4,1,1,2,3,6,2,4,8,3,5,1,1,0,0,0,0,7,3,4,2,0,2
54591113,1199,694,505,14,158,67,151,54,76,71,44,191,44,92,97,18,81,52,29,176,121,55,352,188,164,34,13,21,453,241,212,103,79,24
54591114,453,256,197,1,87,30,50,22,29,48,9,63,15,31,35,6,25,13,12,108,72,36,149,72,77,14,7,7,132,76,56,25,16,9
54591115,1348,691,657,7,286,66,150,86,55,127,35,159,80,100,120,6,70,30,40,356,215,141,428,217,211,32,8,24,410,192,218,52,29,23
54591116,319,165,154,2,64,18,33,17,10,21,6,53,23,28,22,3,25,14,11,68,40,28,100,51,49,8,4,4,105,46,59,13,10,3
54591117,252,153,99,4,66,31,19,15,9,7,1,49,15,6,6,13,64,32,32,82,58,24,37,19,18,2,1,1,22,11,11,45,32,13
54591118,1172,612,560,8,145,42,94,50,72,106,44,173,63,117,100,9,30,17,13,131,81,50,388,197,191,36,14,22,541,273,268,46,30,16
54591119,84,50,34,0,13,6,12,4,3,11,1,13,3,5,3,3,6,2,4,25,17,8,29,18,11,3,2,1,19,9,10,2,2,0
54591120,655,315,340,2,115,32,67,39,22,42,23,95,37,72,60,6,30,12,18,125,79,46,208,93,115,18,5,13,252,112,140,22,14,8
54591122,820,438,382,6,155,52,87,54,36,62,21,126,42,65,48,6,53,33,20,155,85,70,272,154,118,10,3,7,282,133,149,48,30,18
54591125,281,184,97,1,89,9,25,6,12,21,17,34,9,12,20,6,2,1,1,8,7,1,55,28,27,4,1,3,176,119,57,36,28,8
54591126,904,464,440,4,196,42,104,72,29,64,27,116,61,51,76,9,54,23,31,242,147,95,331,156,175,24,9,15,222,110,112,31,19,12
54591127,1987,1063,924,6,346,107,196,125,76,165,61,254,119,188,165,22,94,55,39,318,197,121,676,352,324,51,21,30,773,387,386,75,51,24
54591128,2603,1366,1237,8,580,163,314,193,85,171,73,331,161,173,216,30,149,72,77,780,478,302,905,447,458,52,17,35,622,297,325,95,55,40
54591129,280,157,123,1,46,21,28,21,11,22,5,45,16,19,15,12,47,26,21,61,28,33,85,49,36,6,3,3,56,31,25,25,20,5
54591131,6,4,2,0,1,1,0,3,1,0,0,0,0,0,0,0,0,0,0,4,2,2,1,1,0,0,0,0,1,1,0,0,0,0
54591132,348,231,117,8,77,67,35,15,5,5,2,64,14,5,17,21,104,61,43,117,86,31,53,37,16,0,0,0,31,16,15,43,31,12
54591134,655,353,302,4,142,44,71,57,22,26,11,91,35,54,51,17,82,40,42,198,123,75,188,91,97,10,4,6,134,66,68,43,29,14
55421901,168,91,77,1,38,1,28,13,4,18,11,21,10,3,11,0,1,0,1,18,10,8,62,33,29,6,1,5,76,43,33,5,4,1
55421902,22,11,11,0,4,2,0,0,1,2,0,5,0,2,5,0,0,0,0,1,1,0,4,2,2,1,0,1,16,8,8,0,0,0
55421903,16,9,7,0,4,1,2,1,1,1,1,0,1,1,3,0,0,0,0,3,3,0,8,4,4,0,0,0,5,2,3,0,0,0
55421904,928,514,414,15,228,68,104,88,18,40,26,88,68,56,78,9,31,17,14,272,173,99,316,163,153,11,3,8,275,141,134,23,17,6
55436701,168,92,76,2,41,14,27,11,4,5,7,10,14,7,14,2,8,7,1,56,35,21,58,27,31,3,2,1,38,17,21,5,4,1
55436702,232,136,96,2,50,23,30,20,5,7,5,35,13,18,14,4,22,15,7,84,55,29,76,42,34,4,1,3,32,14,18,14,9,5
1143410,0,0,0,0,0,0,0,0,0,0,0,0,0,0,0,0,0,0,0,0,0,0,0,0,0,0,0,0,0,0,0,0,0,0
1143590,0,0,0,0,0,0,0,0,0,0,0,0,0,0,0,0,0,0,0,0,0,0,0,0,0,0,0,0,0,0,0,0,0,0
1144210,0,0,0,0,0,0,0,0,0,0,0,0,0,0,0,0,0,0,0,0,0,0,0,0,0,0,0,0,0,0,0,0,0,0
1144300,0,0,0,0,0,0,0,0,0,0,0,0,0,0,0,0,0,0,0,0,0,0,0,0,0,0,0,0,0,0,0,0,0,0
1145110,0,0,0,0,0,0,0,0,0,0,0,0,0,0,0,0,0,0,0,0,0,0,0,0,0,0,0,0,0,0,0,0,0,0
1156310,0,0,0,0,0,0,0,0,0,0,0,0,0,0,0,0,0,0,0,0,0,0,0,0,0,0,0,0,0,0,0,0,0,0
54613501,2720,1448,1272,20,809,155,378,212,98,103,49,260,138,163,181,22,228,117,111,1051,623,428,918,452,466,42,14,28,401,196,205,80,46,34
54613502,1501,793,708,8,466,78,208,120,46,56,27,151,104,92,80,8,96,57,39,549,303,246,553,280,273,17,6,11,232,120,112,54,27,27
54613503,2802,1448,1354,21,849,155,382,188,129,96,44,303,135,164,194,22,208,101,107,1091,636,455,986,466,520,38,8,30,394,183,211,85,54,31
54613504,18,13,5,0,1,2,4,3,0,0,0,2,1,1,1,0,1,1,0,4,4,0,9,5,4,0,0,0,3,2,1,1,1,0
54613505,1811,950,861,3,529,99,237,116,71,83,28,208,92,130,126,15,105,51,54,599,341,258,644,332,312,34,5,29,360,176,184,69,45,24
54613506,2644,1428,1216,16,725,159,334,224,100,111,56,327,136,152,157,29,227,113,114,867,504,363,840,440,400,43,12,31,518,253,265,149,106,43
54613507,919,491,428,2,257,48,95,70,31,49,24,94,57,61,73,9,50,19,31,270,171,99,371,191,180,14,3,11,187,91,96,27,16,11
54613508,1706,1120,586,18,522,144,168,141,72,46,26,250,63,66,88,48,155,107,48,498,342,156,426,244,182,15,6,9,242,112,130,370,309,61
54613509,1008,541,467,6,279,46,130,67,35,62,20,105,65,73,73,8,61,32,29,299,186,113,363,191,172,16,3,13,218,97,121,51,32,19
54613510,1390,735,655,7,385,89,159,100,48,62,27,152,80,86,110,9,82,45,37,451,272,179,491,246,245,23,5,18,295,138,157,48,29,19
54613511,315,171,144,4,68,17,33,21,24,3,4,53,16,20,34,1,15,7,8,91,64,27,124,63,61,10,2,8,64,28,36,11,7,4
54613512,2052,1093,959,10,667,115,238,145,68,87,48,240,112,103,127,11,142,72,70,726,432,294,745,383,362,30,13,17,340,149,191,69,44,25
54613513,771,399,372,6,226,35,97,50,38,30,19,84,32,47,60,6,50,22,28,235,130,105,278,142,136,19,4,15,148,74,74,41,27,14
54613514,121,66,55,0,26,7,16,4,16,5,6,12,1,15,4,1,10,7,3,24,11,13,48,29,19,2,1,1,33,15,18,4,3,1
54613515,157,80,77,0,50,7,21,7,4,14,2,17,3,11,12,2,8,4,4,60,31,29,53,31,22,0,0,0,25,8,17,11,6,5
54613516,2045,1100,945,19,559,107,234,149,73,102,42,238,122,141,152,11,123,63,60,641,389,252,701,362,339,27,5,22,500,250,250,53,31,22
54613517,2396,1269,1127,15,661,146,253,149,74,119,53,280,157,174,208,15,136,52,84,734,442,292,832,439,393,43,8,35,575,280,295,76,48,28
54613518,1037,557,480,8,239,72,124,54,25,53,27,122,63,99,98,4,42,20,22,258,168,90,376,194,182,18,5,13,318,154,164,25,16,9
54613519,451,231,220,2,98,31,49,28,10,23,12,59,30,49,38,0,10,5,5,99,59,40,173,87,86,13,4,9,152,72,80,4,4,0
54613520,32,11,21,0,7,4,4,1,1,1,3,3,1,3,4,0,0,0,0,3,2,1,12,2,10,2,0,2,15,7,8,0,0,0
54613522,588,340,248,8,204,36,52,45,31,11,5,89,20,17,38,9,62,41,21,245,149,96,166,86,80,12,6,6,59,26,33,44,32,12
54613523,2775,1518,1257,11,768,161,363,179,101,113,58,328,156,189,202,18,189,92,97,908,552,356,963,505,458,40,16,24,563,275,288,112,78,34
54613524,2801,1472,1329,13,782,126,379,153,91,128,51,270,189,207,258,20,144,74,70,832,481,351,1062,528,534,49,18,31,654,329,325,60,42,18
54613526,2184,1143,1041,11,557,134,310,143,92,91,47,219,131,140,179,17,139,66,73,727,413,314,760,395,365,44,13,31,449,220,229,65,36,29
54613527,1744,934,810,11,532,80,215,106,68,70,33,233,91,98,124,22,169,84,85,638,374,264,566,277,289,17,7,10,271,139,132,83,53,30
54613528,1068,569,499,6,293,57,141,63,32,75,22,115,59,57,88,18,84,38,46,339,206,133,332,180,152,16,5,11,260,115,145,37,25,12
54613529,1795,1008,787,17,528,116,205,117,70,64,25,235,69,117,141,26,213,109,104,631,387,244,521,285,236,26,8,18,286,141,145,118,78,40
54613530,1682,906,776,9,506,110,205,102,68,73,35,190,77,104,128,13,130,65,65,581,358,223,547,270,277,22,10,12,338,161,177,64,42,22
54613531,462,246,216,1,121,27,63,19,24,22,8,56,20,36,42,2,30,15,15,126,81,45,168,85,83,6,2,4,115,54,61,17,9,8
54613532,1419,728,691,4,405,76,215,99,37,48,40,148,51,96,123,8,95,47,48,487,289,198,530,261,269,22,2,20,243,103,140,42,26,16
54613533,826,463,363,4,157,62,78,43,21,51,20,111,66,61,90,4,44,27,17,137,92,45,292,162,130,19,7,12,311,158,153,23,17,6
54613534,937,469,468,5,229,41,108,68,52,51,27,121,60,54,74,6,50,28,22,297,160,137,352,176,176,17,3,14,200,92,108,21,10,11
54613535,586,307,279,5,139,30,94,38,22,19,14,58,56,37,38,7,28,15,13,145,87,58,226,108,118,8,4,4,154,76,78,25,17,8
54613536,2442,1249,1193,17,701,123,344,172,98,103,55,247,138,135,179,17,162,88,74,869,495,374,866,411,455,34,8,26,458,219,239,53,28,25
55430801,1567,846,721,15,342,119,195,114,53,75,32,173,104,108,155,7,67,38,29,446,280,166,562,288,274,24,5,19,425,204,221,43,31,12
55430802,24,13,11,0,8,0,1,2,1,2,1,0,5,0,4,0,1,0,1,5,4,1,7,3,4,0,0,0,11,6,5,0,0,0
55472301,202,107,95,3,33,9,30,16,3,13,5,15,13,20,29,1,5,3,2,31,18,13,66,32,34,2,2,0,94,49,45,4,3,1
55472302,417,229,188,10,80,31,35,25,14,22,7,60,25,46,29,3,14,7,7,83,51,32,149,77,72,6,3,3,153,82,71,12,9,3
55472303,178,101,77,2,34,13,26,10,4,15,2,25,11,14,19,0,4,3,1,47,28,19,57,33,24,0,0,0,66,34,32,4,3,1
55458801,352,189,163,1,78,36,44,18,8,12,8,42,19,15,52,2,11,7,4,79,49,30,121,65,56,6,2,4,128,62,66,7,4,3
55458802,24,14,10,0,5,1,3,4,0,2,0,2,1,3,2,0,0,0,0,6,4,2,10,5,5,1,1,0,7,4,3,0,0,0
55458804,2063,1138,925,53,500,158,262,158,60,97,45,211,135,146,161,8,85,46,39,607,386,221,690,352,338,36,12,24,572,285,287,73,57,16
1152740,0,0,0,0,0,0,0,0,0,0,0,0,0,0,0,0,0,0,0,0,0,0,0,0,0,0,0,0,0,0,0,0,0,0
1153210,0,0,0,0,0,0,0,0,0,0,0,0,0,0,0,0,0,0,0,0,0,0,0,0,0,0,0,0,0,0,0,0,0,0
1155410,0,0,0,0,0,0,0,0,0,0,0,0,0,0,0,0,0,0,0,0,0,0,0,0,0,0,0,0,0,0,0,0,0,0
54622401,574,410,164,12,118,70,72,57,21,14,12,79,19,21,34,21,53,38,15,148,120,28,132,79,53,6,3,3,79,45,34,156,125,31
54622402,1303,677,626,6,289,78,161,80,55,69,32,163,73,113,125,3,72,47,25,377,220,157,441,229,212,19,8,11,369,163,206,25,10,15
54622403,1315,692,623,6,317,71,187,106,54,80,22,142,56,79,120,10,126,64,62,430,241,189,401,203,198,19,6,13,300,149,151,39,29,10
54622404,1312,679,633,5,311,80,148,92,44,94,27,138,74,109,123,6,68,30,38,356,215,141,454,231,223,24,6,18,388,181,207,22,16,6
54622405,1771,950,821,13,371,112,198,134,70,102,34,214,101,124,216,21,123,65,58,517,328,189,620,304,316,25,10,15,424,204,220,62,39,23
54622406,641,354,287,9,100,49,76,30,21,32,12,94,26,74,84,2,15,9,6,118,81,37,200,93,107,10,6,4,285,159,126,13,6,7
54622407,1480,785,695,8,323,80,177,116,65,93,26,177,63,106,166,15,107,53,54,481,284,197,470,244,226,34,12,22,350,170,180,38,22,16
54622408,312,165,147,1,60,11,30,20,4,28,12,33,16,38,39,0,12,5,7,48,28,20,94,51,43,2,1,1,151,76,75,5,4,1
54622409,1452,747,705,10,359,64,164,96,37,97,27,179,84,109,143,10,71,33,38,376,233,143,511,251,260,24,6,18,417,195,222,53,29,24
54622411,932,492,440,4,237,47,101,58,33,63,24,103,43,72,104,4,52,25,27,265,149,116,315,157,158,8,2,6,252,134,118,40,25,15
54622412,1489,781,708,9,329,90,178,96,54,69,30,184,94,105,157,20,104,63,41,444,266,178,462,227,235,20,4,16,393,180,213,66,41,25
54622413,1885,1003,882,7,416,97,230,121,56,130,49,250,107,165,155,13,81,34,47,460,277,183,627,333,294,42,13,29,618,311,307,57,35,22
54622414,3756,1958,1798,24,775,212,476,259,134,237,83,422,253,343,347,28,181,88,93,1038,636,402,1357,665,692,61,18,43,1025,489,536,94,62,32
54622415,4109,2156,1953,22,820,229,486,259,122,271,71,519,280,397,424,32,194,97,97,1036,612,424,1408,715,693,70,18,52,1289,643,646,112,71,41
54622416,881,472,409,4,186,42,100,44,23,61,19,102,63,104,97,3,44,24,20,215,139,76,300,158,142,14,4,10,286,131,155,22,16,6
54622417,688,371,317,6,185,44,85,49,34,14,7,105,29,25,52,21,151,84,67,289,153,136,148,77,71,3,2,1,50,30,20,47,25,22
54622418,2452,1263,1189,16,517,135,310,169,77,157,63,296,150,193,239,17,111,59,52,613,369,244,876,419,457,35,7,28,727,351,376,90,58,32
54622419,1286,649,637,5,299,48,151,81,67,74,31,145,78,96,126,10,65,30,35,401,233,168,444,208,236,20,4,16,322,151,171,34,23,11
54622420,0,0,0,0,0,0,0,0,0,0,0,0,0,0,0,0,0,0,0,0,0,0,0,0,0,0,0,0,0,0,0,0,0,0
54622421,172,117,55,0,29,7,8,6,4,30,0,45,4,25,8,0,4,3,1,6,4,2,22,16,6,1,1,0,134,88,46,5,5,0
54622422,1474,755,719,9,320,84,160,92,38,98,29,177,101,139,155,7,70,38,32,366,219,147,500,241,259,22,4,18,472,218,254,44,35,9
3055290,0,0,0,0,0,0,0,0,0,0,0,0,0,0,0,0,0,0,0,0,0,0,0,0,0,0,0,0,0,0,0,0,0,0
55437501,598,324,274,7,143,59,87,36,18,18,9,66,46,37,54,2,16,9,7,151,93,58,208,113,95,9,2,7,201,99,102,13,8,5
55424301,622,324,298,2,91,40,75,33,27,35,18,93,42,57,75,6,19,8,11,115,72,43,212,92,120,7,2,5,248,136,112,21,14,7
1150450,0,0,0,0,0,0,0,0,0,0,0,0,0,0,0,0,0,0,0,0,0,0,0,0,0,0,0,0,0,0,0,0,0,0
1150610,0,0,0,0,0,0,0,0,0,0,0,0,0,0,0,0,0,0,0,0,0,0,0,0,0,0,0,0,0,0,0,0,0,0
3199700,0,0,0,0,0,0,0,0,0,0,0,0,0,0,0,0,0,0,0,0,0,0,0,0,0,0,0,0,0,0,0,0,0,0
55453701,414,212,202,1,108,24,61,25,5,24,9,49,30,28,37,3,7,4,3,112,73,39,182,82,100,9,3,6,96,46,50,8,4,4
55453702,44,26,18,2,10,3,5,6,0,3,2,3,2,3,3,0,1,0,1,8,7,1,16,7,9,0,0,0,14,7,7,5,5,0
55453703,211,125,86,0,64,13,25,22,2,10,3,21,14,12,14,3,4,1,3,72,47,25,84,51,33,1,1,0,41,18,23,9,7,2
55453704,330,177,153,1,70,27,48,33,9,14,5,41,20,11,39,0,9,5,4,102,62,40,124,64,60,1,0,1,86,41,45,8,5,3
55453706,10,8,2,0,4,3,1,0,0,0,0,1,1,0,0,0,1,0,1,1,1,0,5,5,0,0,0,0,1,1,0,2,1,1
55453707,696,382,314,6,169,40,66,57,19,33,10,74,60,60,66,8,39,20,19,216,137,79,218,119,99,13,6,7,182,80,102,28,20,8
55453708,634,343,291,4,133,48,82,40,28,27,15,80,39,51,61,5,62,35,27,182,123,59,211,102,109,10,2,8,138,66,72,31,15,16
55453710,120,64,56,2,39,8,12,7,6,1,2,19,5,4,7,2,10,6,4,56,32,24,36,17,19,0,0,0,13,5,8,5,4,1
55453711,131,73,58,2,35,8,20,10,2,9,0,12,15,10,6,1,13,5,8,37,24,13,47,28,19,1,1,0,24,10,14,9,5,4
55453712,233,130,103,3,77,12,32,20,9,4,0,32,7,13,15,1,18,8,10,109,75,34,72,29,43,2,0,2,23,13,10,9,5,4
55453713,143,78,65,3,24,14,22,11,9,7,1,13,6,6,12,2,10,8,2,46,29,17,58,25,33,1,1,0,24,12,12,4,3,1
1146770,0,0,0,0,0,0,0,0,0,0,0,0,0,0,0,0,0,0,0,0,0,0,0,0,0,0,0,0,0,0,0,0,0,0
1146850,0,0,0,0,0,0,0,0,0,0,0,0,0,0,0,0,0,0,0,0,0,0,0,0,0,0,0,0,0,0,0,0,0,0
1147740,0,0,0,0,0,0,0,0,0,0,0,0,0,0,0,0,0,0,0,0,0,0,0,0,0,0,0,0,0,0,0,0,0,0
1148120,0,0,0,0,0,0,0,0,0,0,0,0,0,0,0,0,0,0,0,0,0,0,0,0,0,0,0,0,0,0,0,0,0,0
1148390,0,0,0,0,0,0,0,0,0,0,0,0,0,0,0,0,0,0,0,0,0,0,0,0,0,0,0,0,0,0,0,0,0,0
1148630,0,0,0,0,0,0,0,0,0,0,0,0,0,0,0,0,0,0,0,0,0,0,0,0,0,0,0,0,0,0,0,0,0,0
1148710,0,0,0,0,0,0,0,0,0,0,0,0,0,0,0,0,0,0,0,0,0,0,0,0,0,0,0,0,0,0,0,0,0,0
1148980,0,0,0,0,0,0,0,0,0,0,0,0,0,0,0,0,0,0,0,0,0,0,0,0,0,0,0,0,0,0,0,0,0,0
1149010,0,0,0,0,0,0,0,0,0,0,0,0,0,0,0,0,0,0,0,0,0,0,0,0,0,0,0,0,0,0,0,0,0,0
1149950,0,0,0,0,0,0,0,0,0,0,0,0,0,0,0,0,0,0,0,0,0,0,0,0,0,0,0,0,0,0,0,0,0,0
3054810,0,0,0,0,0,0,0,0,0,0,0,0,0,0,0,0,0,0,0,0,0,0,0,0,0,0,0,0,0,0,0,0,0,0
54604601,121,62,59,1,27,10,16,7,1,3,1,15,9,14,14,0,4,3,1,27,20,7,43,22,21,4,0,4,37,16,21,6,1,5
54604602,369,199,170,2,97,33,45,32,14,14,9,40,18,27,21,4,26,15,11,156,90,66,109,53,56,3,1,2,64,32,32,11,8,3
54604603,925,498,427,10,186,78,118,54,31,53,23,114,54,60,83,13,65,29,36,232,149,83,308,161,147,9,4,5,294,142,152,17,13,4
54604604,51,29,22,0,17,3,7,3,1,2,1,4,3,4,6,0,2,1,1,21,15,6,16,7,9,1,0,1,10,6,4,1,0,1
54604605,116,64,52,0,16,7,14,8,5,8,2,23,10,6,14,1,3,2,1,22,15,7,43,19,24,3,2,1,42,23,19,3,3,0
54604606,316,172,144,2,70,26,44,23,20,11,9,43,9,14,21,10,33,17,16,112,61,51,84,46,38,3,1,2,54,28,26,30,19,11
54604607,1537,827,710,8,307,120,180,99,52,72,48,195,105,125,154,6,96,49,47,375,237,138,493,257,236,21,10,11,513,251,262,39,23,16
54604609,232,118,114,5,61,21,28,18,6,6,0,34,5,17,20,2,18,11,7,79,41,38,83,39,44,2,0,2,35,17,18,15,10,5
54604610,250,134,116,2,62,31,28,15,11,6,1,30,17,11,21,1,13,3,10,118,72,46,75,39,36,4,1,3,24,10,14,16,9,7
54604611,764,435,329,13,136,50,67,35,35,40,22,143,37,63,69,16,27,17,10,73,50,23,196,96,100,10,4,6,340,171,169,118,97,21
54604612,131,69,62,1,31,11,18,13,6,4,3,14,8,4,11,3,13,6,7,45,26,19,40,19,21,2,1,1,19,9,10,12,8,4
54604613,277,149,128,3,51,22,33,22,10,19,4,31,15,24,28,5,23,11,12,81,56,25,75,44,31,6,2,4,83,32,51,9,4,5
54604614,653,370,283,7,98,50,68,42,27,32,12,99,47,78,55,6,26,16,10,107,66,41,199,121,78,11,3,8,278,141,137,32,23,9
54604615,11,4,7,0,1,0,1,0,0,0,0,3,0,3,2,0,1,0,1,2,1,1,5,3,2,0,0,0,3,0,3,0,0,0
54604616,559,304,255,4,102,25,53,31,20,53,12,83,35,49,51,4,25,11,14,113,71,42,175,90,85,8,2,6,208,107,101,30,23,7
54604617,55,35,20,1,19,8,8,1,4,3,0,3,1,2,4,1,8,6,2,14,11,3,18,8,10,0,0,0,7,3,4,8,7,1
54604618,88,52,36,1,21,5,13,11,4,3,1,7,3,4,7,0,9,6,3,27,17,10,25,13,12,4,3,1,19,12,7,4,1,3
54604619,401,227,174,4,84,28,56,36,14,17,8,47,25,33,25,3,39,20,19,127,82,45,115,63,52,5,1,4,86,44,42,29,17,12
54604620,106,61,45,1,27,10,12,5,8,4,0,16,7,9,4,0,5,5,0,35,20,15,30,15,15,0,0,0,32,19,13,4,2,2
54604621,24,15,9,0,3,1,1,2,0,1,0,6,3,4,2,0,1,1,0,3,3,0,7,5,2,2,0,2,11,6,5,0,0,0
54604622,9,8,1,1,3,2,0,0,0,0,0,3,0,0,0,0,2,2,0,1,1,0,0,0,0,0,0,0,1,1,0,5,4,1
54604623,273,273,0,1,134,5,4,5,0,3,0,22,87,1,2,4,99,99,0,121,121,0,47,47,0,0,0,0,6,6,0,0,0,0
54604624,247,144,103,3,72,26,32,18,4,2,1,37,10,6,15,8,70,39,31,107,63,44,34,18,16,1,0,1,6,2,4,29,22,7
54604625,74,39,35,2,22,8,6,3,2,0,0,15,5,3,5,1,17,13,4,35,19,16,12,3,9,0,0,0,4,1,3,6,3,3
54604626,133,65,68,2,20,9,33,13,2,1,4,15,10,9,9,2,7,2,5,39,23,16,54,27,27,2,0,2,30,13,17,1,0,1
54604628,408,222,186,2,90,30,45,34,11,12,14,39,22,40,53,0,19,12,7,130,88,42,131,60,71,11,4,7,109,55,54,8,3,5
54604629,155,85,70,2,26,11,22,22,3,4,4,10,19,13,12,0,8,6,2,60,35,25,47,27,20,2,0,2,37,16,21,1,1,0
54604630,258,149,109,2,64,26,20,20,7,10,2,57,10,5,13,7,83,37,46,81,57,24,43,29,14,0,0,0,16,8,8,35,18,17
54604631,89,52,37,0,24,13,19,8,9,1,0,3,2,4,3,1,11,8,3,31,17,14,31,17,14,0,0,0,13,7,6,3,3,0
54604632,138,74,64,0,36,13,20,9,1,7,3,12,9,10,12,0,14,8,6,42,25,17,54,27,27,1,0,1,25,13,12,2,1,1
54604636,22,10,12,0,9,1,1,2,0,0,0,3,3,1,0,0,4,1,3,11,5,6,7,4,3,0,0,0,0,0,0,0,0,0
54604637,69,31,38,0,13,2,16,3,3,3,1,4,5,9,3,0,7,3,4,15,8,7,26,12,14,1,1,0,18,6,12,2,1,1
54604638,17,12,5,0,6,4,0,1,0,0,0,6,0,0,0,0,3,3,0,4,3,1,3,1,2,0,0,0,2,0,2,5,5,0
54604639,274,156,118,3,72,33,45,21,7,9,3,27,13,14,15,1,10,5,5,103,71,32,98,50,48,11,4,7,40,19,21,12,7,5
54604640,53,39,14,0,18,9,4,7,2,0,0,8,1,1,2,1,4,3,1,26,19,7,13,9,4,0,0,0,4,2,2,6,6,0
55423501,1916,1050,866,47,453,125,222,120,49,60,42,232,130,157,168,9,68,31,37,456,297,159,639,343,296,36,10,26,678,343,335,39,26,13
55423502,7,5,2,0,4,0,0,0,0,0,0,1,1,0,0,1,0,0,0,2,2,0,3,2,1,0,0,0,2,1,1,0,0,0
1154790,0,0,0,0,0,0,0,0,0,0,0,0,0,0,0,0,0,0,0,0,0,0,0,0,0,0,0,0,0,0,0,0,0,0
55468501,55,33,22,1,9,1,9,8,1,3,1,5,5,0,5,3,8,5,3,24,17,7,11,6,5,3,0,3,9,5,4,0,0,0
55468502,270,140,130,4,63,20,33,19,7,13,2,33,22,17,27,0,15,9,6,73,43,30,105,52,53,0,0,0,71,34,37,6,2,4
55468504,48,26,22,0,11,2,9,1,1,5,0,7,1,3,8,0,0,0,0,13,9,4,13,8,5,1,0,1,20,9,11,1,0,1
55468505,100,56,44,1,19,10,8,6,2,7,3,11,7,13,9,2,1,1,0,25,18,7,31,17,14,2,0,2,37,17,20,4,3,1
55468506,66,35,31,2,19,2,9,5,1,3,1,3,7,6,6,0,3,1,2,19,13,6,24,10,14,2,0,2,16,10,6,2,1,1
55468509,1512,833,679,9,284,100,196,86,42,86,29,209,108,148,141,5,63,37,26,302,183,119,494,249,245,19,8,11,588,319,269,46,37,9
1154440,0,0,0,0,0,0,0,0,0,0,0,0,0,0,0,0,0,0,0,0,0,0,0,0,0,0,0,0,0,0,0,0,0,0
55471501,881,475,406,6,186,60,101,53,29,47,24,96,51,89,92,6,27,16,11,193,116,77,282,151,131,17,2,15,342,175,167,20,15,5
1140570,0,0,0,0,0,0,0,0,0,0,0,0,0,0,0,0,0,0,0,0,0,0,0,0,0,0,0,0,0,0,0,0,0,0
1140650,0,0,0,0,0,0,0,0,0,0,0,0,0,0,0,0,0,0,0,0,0,0,0,0,0,0,0,0,0,0,0,0,0,0
55422701,918,536,382,16,241,123,84,55,37,23,7,131,41,43,50,34,174,93,81,324,202,122,201,110,91,14,7,7,76,34,42,129,90,39
55422702,27,15,12,0,4,2,4,1,0,2,0,6,3,0,3,1,1,1,0,7,5,2,4,1,3,0,0,0,5,3,2,10,5,5
55422704,414,221,193,7,131,32,50,31,12,6,9,51,18,18,27,6,48,30,18,172,100,72,121,56,65,3,1,2,33,14,19,37,20,17
55422706,722,428,294,6,170,60,99,53,28,24,16,91,54,30,36,24,105,62,43,224,140,84,220,115,105,6,3,3,108,61,47,59,47,12
55422709,36,21,15,0,10,2,3,2,1,3,4,1,1,1,5,0,0,0,0,7,6,1,15,9,6,2,0,2,10,4,6,2,2,0
55422710,96,56,40,1,30,9,11,4,4,3,0,9,9,6,4,1,21,13,8,38,28,10,17,8,9,0,0,0,13,6,7,7,1,6
55422711,514,283,231,6,104,43,48,32,33,19,7,57,32,38,56,6,35,20,15,119,74,45,188,108,80,6,0,6,129,58,71,37,23,14
55422712,10,8,2,0,3,0,2,0,0,0,0,2,1,0,0,2,3,2,1,3,3,0,3,3,0,0,0,0,1,0,1,0,0,0
59873901,170,89,81,9,47,10,19,19,3,5,1,13,9,18,9,2,4,2,2,65,41,24,65,31,34,2,0,2,28,11,17,6,4,2
59873902,42,23,19,2,9,3,3,1,3,3,0,4,4,7,3,0,0,0,0,6,4,2,19,9,10,1,1,0,16,9,7,0,0,0
59873903,1178,647,531,25,357,85,140,65,31,38,31,99,99,79,80,10,32,20,12,338,229,109,458,228,230,20,5,15,309,148,161,21,17,4
59879801,536,292,244,4,140,29,82,28,17,22,15,47,46,31,44,1,14,9,5,117,75,42,224,114,110,9,0,9,168,93,75,4,1,3
59879802,443,238,205,6,138,46,52,29,9,17,5,38,24,32,35,3,14,8,6,141,89,52,181,90,91,7,1,6,87,40,47,13,10,3
59879803,277,150,127,3,88,24,43,15,5,8,6,25,14,20,20,0,11,5,6,86,55,31,116,61,55,0,0,0,60,26,34,4,3,1
59879804,1846,994,852,26,468,157,218,130,50,71,51,138,145,156,169,16,74,39,35,504,330,174,666,333,333,27,7,20,539,261,278,36,24,12
59883601,1030,570,460,22,280,75,105,72,28,48,25,102,84,73,78,7,27,21,6,245,165,80,401,219,182,20,3,17,318,149,169,19,13,6
3250910,0,0,0,0,0,0,0,0,0,0,0,0,0,0,0,0,0,0,0,0,0,0,0,0,0,0,0,0,0,0,0,0,0,0
51088201,958,509,449,14,222,60,97,50,33,62,22,81,74,105,101,4,33,19,14,210,138,72,337,165,172,11,3,8,342,165,177,25,19,6
59887901,879,477,402,7,259,76,94,56,23,40,28,86,54,49,71,5,19,10,9,279,182,97,330,168,162,17,5,12,214,101,113,20,11,9
59887902,436,226,210,4,112,27,47,29,20,9,12,38,39,35,42,3,7,4,3,101,66,35,179,90,89,9,1,8,126,56,70,14,9,5
59887903,2353,1277,1076,30,743,140,251,143,73,83,55,218,152,177,185,16,93,56,37,730,455,275,887,449,438,31,11,20,537,249,288,75,57,18
50029101,29,17,12,0,5,1,3,3,1,1,0,3,4,4,3,0,0,0,0,10,5,5,14,9,5,1,1,0,4,2,2,0,0,0
50029102,318,167,151,3,67,16,39,18,7,18,3,28,27,37,45,0,8,4,4,75,51,24,106,52,54,4,2,2,121,55,66,4,3,1
50029103,1014,552,462,16,216,61,107,47,24,52,22,116,56,114,131,5,32,21,11,242,157,85,324,161,163,12,6,6,385,196,189,19,11,8
56844901,294,158,136,9,67,17,37,17,13,9,7,22,27,24,34,0,6,3,3,86,55,31,119,66,53,3,1,2,69,27,42,11,6,5
56844902,26,15,11,0,9,1,5,2,0,0,0,2,0,4,3,0,0,0,0,7,5,2,8,5,3,1,0,1,10,5,5,0,0,0
